Video link,250605,250606,250607,250608,250609,250610,250611,250612,250613,250614,250615,250616,250617,250618,250619,250620,250621,250622,250623,250624,250625,250626,250627,250628,250629,250630,250701,250702,250703,250704,250705,250706,250707,250708,250709,250710,250711,250712,250713,250714,250715,250716,250717,250718,250719,250720,250721,250722,250723,250724,250725,250726,250727,250728,250729,250730,250731,250801,250802,250803,250804,250805,250806,250807,250808,250809,250810,250811,250812,250813,250814,250815,250816,250817,250818,250819,250820,250821,250822,250823,250824,250825,250826,250827,250828,250829,250830,250831,250901,250902,250903,250904,250905,250906,250907,250908,250909,250910,250911,250912,250913,250914,250915,250916,250917,250918,250919,250920,250921,250922,250923,250924,250925,250926,250927,250928,250929,250930,251001,251002,251003,251004,251005,251006,251007,251008,251009,251010,251011,251012,251013,251014,251015,251016,251017,251018,251019,251020,251021,251022,251023,251024,251025,251026,251027,251028,251029,251030,251031,251101,251102,251103,251104,251105,251106,251107,251108,251109,251110,251111,251112,251113,251114,251115,251116,251117,251118,251119,251120,251121,251122,251123,251124,251125,251126,251127,251128,251129,251130,251201,251202,251203,251204,251205,251206,251207,251208,251209,251210,251211,251212,251213,251214,251215,251216,251217,251218,251219,251220,251221,251222,251223,251224,251225,251226,251227,251228,251229,251230,251231,260101,260102,260103,260104
XDr2lvlFquU,1765.0,1765.0,1766.0,1766.0,1766.0,1766.0,1766.0,1766.0,1766.0,1766.0,1766.0,1766.0,1766.0,1766.0,1766.0,1766.0,1766.0,1766.0,1766.0,1766.0,1767.0,1767.0,1767.0,1767.0,1767.0,1767.0,1767.0,1767.0,1767.0,1767.0,1767.0,1767.0,1767.0,1767.0,1767.0,1767.0,1767.0,1767.0,1767.0,1767.0,1767.0,1767.0,1767.0,1767.0,1767.0,1768.0,1768.0,1768.0,1768.0,1768.0,1768.0,1768.0,1768.0,1768.0,1768.0,1769.0,1769.0,1769.0,1770.0,1771.0,1771.0,1771.0,1772.0,1772.0,1772.0,1772.0,1772.0,1772.0,1772.0,1772.0,1772.0,1772.0,1772.0,1772.0,1772.0,1772.0,1772.0,1772.0,1772.0,1772.0,1773.0,1773.0,1774.0,1774.0,1774.0,1774.0,1774.0,1774.0,1774.0,1774.0,1775.0,1775.0,1776.0,1776.0,1776.0,1776.0,1776.0,1776.0,1776.0,1776.0,1776.0,1776.0,1776.0,1776.0,1777.0,1777.0,1777.0,1777.0,1777.0,1777.0,1777.0,1777.0,1777.0,1777.0,1777.0,1777.0,1777.0,1777.0,1777.0,1777.0,1777.0,1777.0,1777.0,1777.0,1777.0,1777.0,1777.0,1778.0,1778.0,1778.0,1778.0,1778.0,1778.0,1778.0,,,,,,,,,1780.0,1780.0,1780.0,1780.0,1780.0,1780.0,1780.0,1780.0,1780.0,1780.0,1780.0,1780.0,1780.0,1780.0,1780.0,1780.0,1780.0,1780.0,1780.0,1780.0,1780.0,1780.0,1780.0,1781.0,1781.0,1781.0,1781.0,1781.0,1781.0,1781.0,1781.0,1781.0,1781.0,1782.0,1782.0,1783.0,1783.0,1783.0,1783.0,1783.0,1784.0,1785.0,1785.0,1785.0,1785.0,1785.0,1785.0,1785.0,1785.0,1785.0,1785.0,1785.0,1785.0,1785.0,1785.0,1785.0,1785.0,1785.0,1785.0,1787.0,1787.0,1787.0,1787.0,1787.0,1787.0,1787.0,1787.0,1787.0,1787.0,1787.0,1787.0,1787
02lRn7xK4RI,6270.0,6270.0,6270.0,6270.0,6270.0,6270.0,6270.0,6270.0,6270.0,6271.0,6271.0,6271.0,6270.0,6270.0,6270.0,6270.0,6270.0,6270.0,6271.0,6271.0,6271.0,6271.0,6271.0,6272.0,6272.0,6272.0,6272.0,6272.0,6272.0,6273.0,6273.0,6274.0,6274.0,6274.0,6274.0,6275.0,6275.0,6275.0,6277.0,6277.0,6277.0,6277.0,6277.0,6277.0,6278.0,6278.0,6278.0,6280.0,6281.0,6281.0,6282.0,6283.0,6283.0,6283.0,6282.0,6283.0,6283.0,6283.0,6283.0,6284.0,6285.0,6285.0,6285.0,6285.0,6285.0,6285.0,6286.0,6288.0,6289.0,6289.0,6291.0,6291.0,6291.0,6291.0,6291.0,6297.0,6300.0,6301.0,6302.0,6303.0,6303.0,6303.0,6303.0,6303.0,6303.0,6303.0,6303.0,6304.0,6304.0,6305.0,6304.0,6304.0,6304.0,6304.0,6305.0,6305.0,6307.0,6307.0,6308.0,6309.0,6309.0,6309.0,6310.0,6310.0,6311.0,6311.0,6312.0,6312.0,6312.0,6312.0,6313.0,6314.0,6314.0,6314.0,6314.0,6314.0,6314.0,6314.0,6314.0,6314.0,6314.0,6314.0,6314.0,6314.0,6314.0,6314.0,6314.0,6314.0,6315.0,6315.0,6315.0,6315.0,6315.0,6316.0,,,,,,,,,6319.0,6319.0,6319.0,6319.0,6320.0,6320.0,6321.0,6323.0,6324.0,6325.0,6325.0,6325.0,6326.0,6326.0,6328.0,6331.0,6331.0,6331.0,6332.0,6331.0,6332.0,6332.0,6332.0,6332.0,6332.0,6332.0,6333.0,6334.0,6334.0,6335.0,6335.0,6335.0,6335.0,6335.0,6336.0,6337.0,6337.0,6337.0,6337.0,6338.0,6339.0,6339.0,6339.0,6340.0,6340.0,6340.0,6340.0,6340.0,6340.0,6341.0,6343.0,6343.0,6343.0,6343.0,6344.0,6344.0,6344.0,6345.0,6345.0,6345.0,6345.0,6345.0,6345.0,6345.0,6345.0,6345.0,6347.0,6347.0,6347.0,6347.0,6347.0,6348
xPkNO6g0n4U,26282.0,26284.0,26288.0,26289.0,26291.0,26294.0,26294.0,26295.0,26298.0,26301.0,26303.0,26303.0,26305.0,26307.0,26308.0,26311.0,26313.0,26313.0,26313.0,26314.0,26314.0,26316.0,26318.0,26320.0,26322.0,26324.0,26325.0,26327.0,26332.0,26337.0,26342.0,26344.0,26346.0,26349.0,26350.0,26353.0,26356.0,26364.0,26364.0,26366.0,26367.0,26369.0,26373.0,26378.0,26381.0,26381.0,26383.0,26388.0,26390.0,26396.0,26400.0,26406.0,26409.0,26416.0,26418.0,26420.0,26427.0,26431.0,26436.0,26443.0,26444.0,26444.0,26446.0,26449.0,26449.0,26455.0,26459.0,26461.0,26468.0,26468.0,26468.0,26466.0,26467.0,26468.0,26472.0,26483.0,26488.0,26492.0,26493.0,26495.0,26499.0,26501.0,26504.0,26506.0,26506.0,26506.0,26510.0,26514.0,26516.0,26517.0,26519.0,26523.0,26526.0,26527.0,26529.0,26529.0,26533.0,26535.0,26538.0,26539.0,26540.0,26540.0,26543.0,26543.0,26545.0,26550.0,26550.0,26552.0,26553.0,26555.0,26558.0,26559.0,26562.0,26563.0,26564.0,26564.0,26564.0,26565.0,26569.0,26572.0,26572.0,26573.0,26572.0,26574.0,26576.0,26577.0,26580.0,26580.0,26581.0,26584.0,26584.0,26587.0,26591.0,26592.0,,,,,,,,,26604.0,26605.0,26607.0,26611.0,26613.0,26616.0,26620.0,26622.0,26627.0,26630.0,26631.0,26633.0,26634.0,26639.0,26641.0,26643.0,26645.0,26646.0,26646.0,26648.0,26653.0,26655.0,26663.0,26664.0,26665.0,26666.0,26666.0,26669.0,26669.0,26670.0,26673.0,26675.0,26677.0,26679.0,26683.0,26689.0,26695.0,26697.0,26701.0,26703.0,26706.0,26709.0,26710.0,26711.0,26711.0,26712.0,26716.0,26717.0,26717.0,26720.0,26724.0,26725.0,26728.0,26731.0,26734.0,26734.0,26734.0,26737.0,26739.0,26741.0,26743.0,26747.0,26748.0,26751.0,26753.0,26758.0,26761.0,26761.0,26766.0,26773.0,26775.0,26777
fQZEQyDGXSE,2334.0,2334.0,2334.0,2336.0,2336.0,2336.0,2336.0,2336.0,2336.0,2337.0,2337.0,2337.0,2337.0,2338.0,2338.0,2338.0,2338.0,2338.0,2338.0,2338.0,2339.0,2338.0,2338.0,2338.0,2338.0,2338.0,2338.0,2338.0,2338.0,2338.0,2339.0,2339.0,2339.0,2339.0,2339.0,2339.0,2339.0,2339.0,2339.0,2339.0,2339.0,2339.0,2339.0,2339.0,2339.0,2339.0,2339.0,2339.0,2339.0,2339.0,2339.0,2339.0,2339.0,2339.0,2339.0,2340.0,2340.0,2340.0,2340.0,2340.0,2341.0,2341.0,2341.0,2341.0,2341.0,2341.0,2341.0,2341.0,2341.0,2341.0,2341.0,2341.0,2341.0,2341.0,2341.0,2341.0,2341.0,2341.0,2341.0,2342.0,2343.0,2344.0,2344.0,2344.0,2344.0,2344.0,2345.0,2345.0,2345.0,2345.0,2345.0,2346.0,2346.0,2346.0,2346.0,2346.0,2346.0,2346.0,2346.0,2346.0,2346.0,2346.0,2346.0,2346.0,2348.0,2348.0,2348.0,2349.0,2348.0,2348.0,2348.0,2348.0,2348.0,2348.0,2348.0,2348.0,2348.0,2348.0,2349.0,2350.0,2350.0,2350.0,2350.0,2351.0,2351.0,2351.0,2351.0,2351.0,2351.0,2351.0,2351.0,2351.0,2351.0,2351.0,,,,,,,,,2355.0,2355.0,2356.0,2356.0,2356.0,2356.0,2356.0,2357.0,2357.0,2357.0,2358.0,2358.0,2358.0,2358.0,2358.0,2358.0,2358.0,2358.0,2358.0,2358.0,2358.0,2358.0,2358.0,2358.0,2359.0,2359.0,2359.0,2359.0,2361.0,2361.0,2361.0,2361.0,2361.0,2361.0,2361.0,2361.0,2361.0,2361.0,2361.0,2361.0,2361.0,2361.0,2361.0,2361.0,2361.0,2362.0,2362.0,2363.0,2363.0,2363.0,2363.0,2363.0,2363.0,2363.0,2363.0,2363.0,2363.0,2363.0,2363.0,2363.0,2364.0,2363.0,2363.0,2363.0,2364.0,2364.0,2364.0,2364.0,2364.0,2364.0,2364.0,2364
ebXGM6ikLZ0,4282.0,4282.0,4282.0,4282.0,4282.0,4282.0,4282.0,4283.0,4283.0,4284.0,4284.0,4284.0,4285.0,4285.0,4285.0,4285.0,4285.0,4285.0,4285.0,4285.0,4286.0,4288.0,4288.0,4288.0,4288.0,4288.0,4288.0,4288.0,4288.0,4288.0,4290.0,4291.0,4291.0,4291.0,4291.0,4291.0,4291.0,4292.0,4292.0,4292.0,4292.0,4292.0,4292.0,4292.0,4293.0,4293.0,4293.0,4293.0,4293.0,4294.0,4294.0,4295.0,4295.0,4295.0,4295.0,4297.0,4297.0,4298.0,4298.0,4299.0,4300.0,4300.0,4300.0,4300.0,4300.0,4300.0,4300.0,4301.0,4301.0,4301.0,4301.0,4302.0,4302.0,4302.0,4302.0,4302.0,4302.0,4302.0,4303.0,4304.0,4306.0,4306.0,4306.0,4306.0,4306.0,4306.0,4307.0,4307.0,4308.0,4310.0,4310.0,4310.0,4311.0,4311.0,4312.0,4312.0,4312.0,4312.0,4312.0,4312.0,4312.0,4312.0,4312.0,4312.0,4312.0,4312.0,4312.0,4312.0,4313.0,4314.0,4315.0,4316.0,4316.0,4317.0,4317.0,4317.0,4317.0,4317.0,4319.0,4319.0,4319.0,4320.0,4320.0,4320.0,4320.0,4321.0,4321.0,4322.0,4322.0,4322.0,4322.0,4323.0,4323.0,4323.0,,,,,,,,,4327.0,4327.0,4327.0,4327.0,4327.0,4327.0,4327.0,4327.0,4328.0,4328.0,4328.0,4328.0,4328.0,4329.0,4329.0,4329.0,4329.0,4329.0,4329.0,4330.0,4330.0,4330.0,4330.0,4332.0,4333.0,4334.0,4334.0,4335.0,4335.0,4336.0,4336.0,4336.0,4336.0,4336.0,4337.0,4337.0,4337.0,4337.0,4337.0,4337.0,4338.0,4338.0,4338.0,4338.0,4339.0,4339.0,4339.0,4339.0,4340.0,4340.0,4340.0,4341.0,4341.0,4341.0,4341.0,4341.0,4341.0,4341.0,4341.0,4341.0,4342.0,4342.0,4342.0,4342.0,4343.0,4343.0,4343.0,4343.0,4343.0,4343.0,4343.0,4343
it2FYS91jCo,1781.0,1781.0,1781.0,1781.0,1781.0,1781.0,1781.0,1781.0,1781.0,1781.0,1781.0,1781.0,1781.0,1781.0,1781.0,1781.0,1781.0,1781.0,1781.0,1781.0,1781.0,1781.0,1781.0,1781.0,1781.0,1781.0,1781.0,1781.0,1781.0,1781.0,1781.0,1781.0,1781.0,1781.0,1781.0,1781.0,1781.0,1781.0,1781.0,1781.0,1781.0,1781.0,1781.0,1781.0,1781.0,1781.0,1782.0,1782.0,1782.0,1782.0,1782.0,1782.0,1782.0,1782.0,1782.0,1782.0,1783.0,1783.0,1783.0,1783.0,1783.0,1783.0,1783.0,1783.0,1783.0,1783.0,1783.0,1783.0,1783.0,1783.0,1783.0,1783.0,1783.0,1783.0,1783.0,1783.0,1783.0,1783.0,1783.0,1783.0,1784.0,1784.0,1784.0,1784.0,1784.0,1784.0,1784.0,1784.0,1784.0,1784.0,1784.0,1784.0,1785.0,1785.0,1785.0,1786.0,1786.0,1786.0,1786.0,1786.0,1786.0,1786.0,1787.0,1787.0,1787.0,1787.0,1787.0,1787.0,1787.0,1787.0,1787.0,1787.0,1787.0,1787.0,1787.0,1787.0,1787.0,1787.0,1788.0,1788.0,1788.0,1788.0,1788.0,1788.0,1788.0,1788.0,1788.0,1788.0,1788.0,1788.0,1788.0,1788.0,1788.0,1788.0,,,,,,,,,1788.0,1788.0,1788.0,1788.0,1788.0,1788.0,1788.0,1788.0,1788.0,1788.0,1788.0,1788.0,1788.0,1788.0,1788.0,1788.0,1788.0,1788.0,1788.0,1788.0,1788.0,1788.0,1788.0,1788.0,1788.0,1788.0,1789.0,1789.0,1789.0,1789.0,1789.0,1789.0,1789.0,1789.0,1790.0,1790.0,1790.0,1790.0,1790.0,1790.0,1790.0,1790.0,1790.0,1790.0,1790.0,1790.0,1790.0,1790.0,1790.0,1790.0,1790.0,1790.0,1790.0,1790.0,1790.0,1790.0,1790.0,1790.0,1790.0,1790.0,1790.0,1790.0,1790.0,1790.0,1790.0,1790.0,1790.0,1790.0,1790.0,1790.0,1790.0,1791
t8cfidoXM8Y,117187.0,117192.0,117195.0,117197.0,117198.0,117200.0,117204.0,117205.0,117208.0,117209.0,117210.0,117211.0,117211.0,117214.0,117216.0,117219.0,117223.0,117223.0,117225.0,117227.0,117228.0,117230.0,117230.0,117231.0,117232.0,117234.0,117235.0,117236.0,117236.0,117236.0,117239.0,117240.0,117242.0,117246.0,117247.0,117250.0,117251.0,117255.0,117255.0,117257.0,117257.0,117258.0,117258.0,117261.0,117263.0,117265.0,117265.0,117265.0,117266.0,117266.0,117266.0,117266.0,117268.0,117268.0,117271.0,117274.0,117276.0,117277.0,117277.0,117277.0,117278.0,117282.0,117283.0,117285.0,117288.0,117288.0,117295.0,117295.0,117295.0,117296.0,117296.0,117298.0,117299.0,117300.0,117303.0,117303.0,117306.0,117306.0,117308.0,117312.0,117312.0,117313.0,117315.0,117316.0,117316.0,117316.0,117316.0,117317.0,117317.0,117318.0,117320.0,117320.0,117320.0,117321.0,117322.0,117322.0,117322.0,117324.0,117324.0,117325.0,117325.0,117327.0,117328.0,117329.0,117329.0,117330.0,117330.0,117330.0,117330.0,117330.0,117330.0,117330.0,117331.0,117332.0,117333.0,117335.0,117336.0,117336.0,117337.0,117338.0,117341.0,117341.0,117342.0,117345.0,117345.0,117346.0,117347.0,117347.0,117348.0,117349.0,117349.0,117351.0,117353.0,117353.0,,,,,,,,,117372.0,117375.0,117375.0,117375.0,117376.0,117377.0,117378.0,117378.0,117378.0,117378.0,117381.0,117384.0,117385.0,117386.0,117388.0,117389.0,117389.0,117389.0,117391.0,117392.0,117392.0,117393.0,117393.0,117393.0,117393.0,117394.0,117394.0,117394.0,117397.0,117397.0,117399.0,117399.0,117399.0,117400.0,117400.0,117402.0,117403.0,117404.0,117405.0,117407.0,117412.0,117414.0,117422.0,117429.0,117432.0,117436.0,117440.0,117442.0,117445.0,117446.0,117447.0,117451.0,117451.0,117452.0,117454.0,117457.0,117458.0,117459.0,117460.0,117460.0,117465.0,117466.0,117466.0,117468.0,117469.0,117468.0,117469.0,117475.0,117475.0,117476.0,117477.0,117480
0IdcTTf1QnI,73119.0,73121.0,73123.0,73125.0,73126.0,73127.0,73127.0,73129.0,73133.0,73133.0,73135.0,73135.0,73135.0,73135.0,73137.0,73139.0,73140.0,73140.0,73140.0,73141.0,73142.0,73142.0,73147.0,73151.0,73154.0,73159.0,73164.0,73169.0,73176.0,73180.0,73187.0,73192.0,73197.0,73202.0,73204.0,73202.0,73207.0,73209.0,73212.0,73215.0,73220.0,73223.0,73227.0,73229.0,73239.0,73246.0,73255.0,73257.0,73258.0,73260.0,73263.0,73267.0,73269.0,73270.0,73272.0,73277.0,73284.0,73290.0,73299.0,73299.0,73307.0,73309.0,73323.0,73334.0,73342.0,73346.0,73350.0,73358.0,73363.0,73372.0,73375.0,73380.0,73390.0,73393.0,73397.0,73401.0,73409.0,73417.0,73426.0,73430.0,73434.0,73439.0,73442.0,73445.0,73451.0,73455.0,73463.0,73471.0,73474.0,73482.0,73484.0,73484.0,73486.0,73495.0,73501.0,73507.0,73511.0,73515.0,73518.0,73523.0,73526.0,73531.0,73535.0,73542.0,73544.0,73546.0,73546.0,73549.0,73551.0,73557.0,73565.0,73570.0,73573.0,73583.0,73588.0,73594.0,73600.0,73605.0,73611.0,73616.0,73619.0,73628.0,73634.0,73641.0,73649.0,73654.0,73659.0,73673.0,73678.0,73682.0,73689.0,73699.0,73705.0,73709.0,,,,,,,,,73818.0,73824.0,73832.0,73846.0,73864.0,73906.0,73928.0,73950.0,73984.0,74035.0,74074.0,74125.0,74177.0,74240.0,74294.0,74328.0,74372.0,74394.0,74415.0,74427.0,74431.0,74438.0,74442.0,74446.0,74449.0,74452.0,74454.0,74458.0,74462.0,74465.0,74468.0,74479.0,74483.0,74493.0,74498.0,74501.0,74503.0,74509.0,74511.0,74513.0,74515.0,74521.0,74524.0,74524.0,74526.0,74527.0,74532.0,74535.0,74536.0,74539.0,74543.0,74550.0,74556.0,74559.0,74560.0,74564.0,74568.0,74570.0,74572.0,74573.0,74574.0,74577.0,74578.0,74580.0,74582.0,74582.0,74583.0,74586.0,74586.0,74587.0,74587.0,74589
zhU3OCbZWD4,836394.0,836399.0,836405.0,836421.0,836437.0,836456.0,836468.0,836480.0,836485.0,836503.0,836524.0,836539.0,836553.0,836564.0,836576.0,836589.0,836606.0,836624.0,836635.0,836648.0,836661.0,836683.0,836702.0,836716.0,836741.0,836751.0,836761.0,836780.0,836797.0,836808.0,836825.0,836834.0,836854.0,836869.0,836874.0,836882.0,836904.0,836916.0,836938.0,836962.0,836975.0,836992.0,837008.0,837023.0,837039.0,837052.0,837062.0,837071.0,837098.0,837112.0,837123.0,837134.0,837144.0,837161.0,837170.0,837195.0,837209.0,837216.0,837224.0,837233.0,837240.0,837249.0,837259.0,837265.0,837285.0,837303.0,837318.0,837327.0,837341.0,837357.0,837364.0,837371.0,837382.0,837394.0,837411.0,837433.0,837446.0,837461.0,837480.0,837493.0,837509.0,837524.0,837534.0,837546.0,837555.0,837568.0,837578.0,837591.0,837604.0,837616.0,837631.0,837640.0,837653.0,837659.0,837668.0,837672.0,837684.0,837693.0,837700.0,837706.0,837717.0,837726.0,837735.0,837753.0,837762.0,837783.0,837793.0,837811.0,837820.0,837844.0,837855.0,837865.0,837871.0,837880.0,837893.0,837906.0,837917.0,837927.0,837937.0,837941.0,837949.0,837966.0,837981.0,837989.0,838003.0,838013.0,838031.0,838056.0,838070.0,838085.0,838099.0,838116.0,838133.0,838155.0,,,,,,,,,838278.0,838289.0,838301.0,838306.0,838321.0,838330.0,838349.0,838358.0,838370.0,838382.0,838393.0,838403.0,838415.0,838429.0,838444.0,838457.0,838473.0,838486.0,838497.0,838510.0,838521.0,838527.0,838548.0,838563.0,838578.0,838587.0,838602.0,838618.0,838627.0,838637.0,838648.0,838659.0,838672.0,838688.0,838697.0,838705.0,838715.0,838730.0,838740.0,838759.0,838772.0,838790.0,838810.0,838822.0,838830.0,838846.0,838871.0,838883.0,838899.0,838912.0,838927.0,838942.0,838948.0,838975.0,838987.0,839002.0,839008.0,839019.0,839041.0,839061.0,839077.0,839098.0,839106.0,839121.0,839136.0,839148.0,839157.0,839176.0,839188.0,839204.0,839218.0,839229
YcczNgghdwc,1519510.0,1519561.0,1519608.0,1519657.0,1519710.0,1519774.0,1519840.0,1519899.0,1519950.0,1520018.0,1520077.0,1520115.0,1520178.0,1520263.0,1520317.0,1520360.0,1520420.0,1520466.0,1520523.0,1520582.0,1520628.0,1520684.0,1520745.0,1520796.0,1520831.0,1520884.0,1520927.0,1520977.0,1521019.0,1521072.0,1521114.0,1521177.0,1521224.0,1521290.0,1521373.0,1521452.0,1521540.0,1521589.0,1521664.0,1521717.0,1521778.0,1521861.0,1521916.0,1521986.0,1522056.0,1522106.0,1522167.0,1522200.0,1522255.0,1522306.0,1522343.0,1522393.0,1522452.0,1522510.0,1522564.0,1522618.0,1522664.0,1522708.0,1522753.0,1522797.0,1522830.0,1522869.0,1522919.0,1522965.0,1523008.0,1523053.0,1523079.0,1523134.0,1523182.0,1523253.0,1523297.0,1523342.0,1523379.0,1523424.0,1523480.0,1523519.0,1523563.0,1523597.0,1523637.0,1523678.0,1523726.0,1523784.0,1523817.0,1523858.0,1523924.0,1523972.0,1524010.0,1524054.0,1524092.0,1524135.0,1524179.0,1524219.0,1524258.0,1524319.0,1524375.0,1524408.0,1524449.0,1524494.0,1524522.0,1524551.0,1524594.0,1524645.0,1524689.0,1524728.0,1524759.0,1524802.0,1524844.0,1524877.0,1524916.0,1524940.0,1524994.0,1525045.0,1525093.0,1525139.0,1525184.0,1525227.0,1525280.0,1525355.0,1525407.0,1525453.0,1525503.0,1525547.0,1525584.0,1525642.0,1525683.0,1525732.0,1525772.0,1525823.0,1525871.0,1525901.0,1525936.0,1525975.0,1526020.0,1526052.0,,,,,,,,,1526431.0,1526476.0,1526515.0,1526549.0,1526592.0,1526638.0,1526690.0,1526737.0,1526804.0,1526850.0,1526896.0,1526941.0,1526989.0,1527028.0,1527080.0,1527130.0,1527176.0,1527228.0,1527273.0,1527320.0,1527371.0,1527405.0,1527445.0,1527491.0,1527536.0,1527581.0,1527616.0,1527653.0,1527685.0,1527733.0,1527785.0,1527811.0,1527847.0,1527892.0,1527937.0,1527961.0,1527995.0,1528028.0,1528060.0,1528096.0,1528134.0,1528168.0,1528219.0,1528287.0,1528316.0,1528375.0,1528425.0,1528460.0,1528490.0,1528519.0,1528564.0,1528594.0,1528632.0,1528685.0,1528738.0,1528773.0,1528821.0,1528885.0,1528935.0,1528983.0,1529029.0,1529073.0,1529102.0,1529136.0,1529173.0,1529210.0,1529245.0,1529290.0,1529335.0,1529374.0,1529409.0,1529445
z1azFF_oAd8,15819.0,15821.0,15821.0,15822.0,15824.0,15825.0,15831.0,15833.0,15838.0,15842.0,15844.0,15845.0,15847.0,15850.0,15853.0,15854.0,15857.0,15860.0,15862.0,15864.0,15864.0,15865.0,15867.0,15870.0,15870.0,15872.0,15874.0,15875.0,15877.0,15888.0,15894.0,15898.0,15904.0,15909.0,15911.0,15912.0,15916.0,15919.0,15924.0,15929.0,15933.0,15938.0,15939.0,15945.0,15951.0,15955.0,15957.0,15959.0,15960.0,15963.0,15965.0,15968.0,15970.0,15973.0,15976.0,15978.0,15980.0,15984.0,15987.0,15989.0,15990.0,15992.0,15996.0,15997.0,16002.0,16007.0,16011.0,16014.0,16015.0,16022.0,16028.0,16032.0,16036.0,16038.0,16039.0,16045.0,16050.0,16052.0,16053.0,16055.0,16057.0,16059.0,16062.0,16067.0,16069.0,16074.0,16075.0,16076.0,16078.0,16082.0,16086.0,16089.0,16093.0,16096.0,16099.0,16101.0,16103.0,16106.0,16109.0,16112.0,16116.0,16117.0,16117.0,16119.0,16121.0,16121.0,16124.0,16127.0,16130.0,16133.0,16137.0,16140.0,16142.0,16145.0,16145.0,16145.0,16146.0,16149.0,16150.0,16152.0,16154.0,16157.0,16157.0,16163.0,16169.0,16170.0,16172.0,16172.0,16175.0,16177.0,16181.0,16184.0,16193.0,16195.0,,,,,,,,,16228.0,16229.0,16230.0,16231.0,16234.0,16238.0,16239.0,16243.0,16247.0,16250.0,16252.0,16256.0,16257.0,16260.0,16267.0,16268.0,16270.0,16274.0,16275.0,16278.0,16278.0,16281.0,16282.0,16282.0,16282.0,16284.0,16285.0,16288.0,16289.0,16292.0,16293.0,16299.0,16300.0,16304.0,16309.0,16310.0,16313.0,16317.0,16322.0,16325.0,16329.0,16336.0,16337.0,16340.0,16342.0,16345.0,16346.0,16351.0,16355.0,16358.0,16362.0,16365.0,16371.0,16373.0,16375.0,16378.0,16382.0,16385.0,16389.0,16390.0,16390.0,16395.0,16398.0,16400.0,16401.0,16404.0,16409.0,16413.0,16414.0,16419.0,16419.0,16421
sBFRzILJ8FQ,2298130.0,2298177.0,2298214.0,2298253.0,2298302.0,2298336.0,2298383.0,2298428.0,2298477.0,2298523.0,2298562.0,2298608.0,2298688.0,2298736.0,2298780.0,2298825.0,2298884.0,2298940.0,2298997.0,2299047.0,2299091.0,2299152.0,2299194.0,2299237.0,2299293.0,2299332.0,2299367.0,2299403.0,2299432.0,2299478.0,2299526.0,2299562.0,2299611.0,2299658.0,2299687.0,2299739.0,2299802.0,2299843.0,2299892.0,2299934.0,2299971.0,2300013.0,2300059.0,2300103.0,2300134.0,2300168.0,2300191.0,2300231.0,2300274.0,2300308.0,2300332.0,2300366.0,2300402.0,2300439.0,2300472.0,2300512.0,2300549.0,2300586.0,2300630.0,2300681.0,2300717.0,2300746.0,2300783.0,2300812.0,2300850.0,2300902.0,2300937.0,2300974.0,2301003.0,2301043.0,2301089.0,2301123.0,2301152.0,2301182.0,2301211.0,2301230.0,2301258.0,2301295.0,2301329.0,2301362.0,2301390.0,2301411.0,2301434.0,2301457.0,2301491.0,2301527.0,2301572.0,2301599.0,2301617.0,2301640.0,2301677.0,2301710.0,2301737.0,2301776.0,2301802.0,2301822.0,2301850.0,2301878.0,2301892.0,2301916.0,2301944.0,2301976.0,2302011.0,2302030.0,2302052.0,2302083.0,2302112.0,2302126.0,2302149.0,2302174.0,2302217.0,2302253.0,2302281.0,2302310.0,2302348.0,2302391.0,2302415.0,2302460.0,2302493.0,2302513.0,2302546.0,2302575.0,2302599.0,2302629.0,2302656.0,2302694.0,2302732.0,2302765.0,2302810.0,2302843.0,2302885.0,2302924.0,2302944.0,2302978.0,,,,,,,,,2303218.0,2303261.0,2303292.0,2303317.0,2303348.0,2303371.0,2303395.0,2303415.0,2303452.0,2303478.0,2303511.0,2303542.0,2303590.0,2303627.0,2303665.0,2303713.0,2303753.0,2303789.0,2303826.0,2303860.0,2303895.0,2303930.0,2303967.0,2304002.0,2304039.0,2304065.0,2304089.0,2304129.0,2304167.0,2304198.0,2304234.0,2304265.0,2304298.0,2304323.0,2304344.0,2304368.0,2304393.0,2304431.0,2304463.0,2304493.0,2304521.0,2304551.0,2304570.0,2304623.0,2304638.0,2304679.0,2304706.0,2304726.0,2304748.0,2304763.0,2304789.0,2304811.0,2304840.0,2304874.0,2304909.0,2304930.0,2304948.0,2304974.0,2305006.0,2305032.0,2305068.0,2305095.0,2305123.0,2305138.0,2305172.0,2305201.0,2305233.0,2305257.0,2305281.0,2305300.0,2305324.0,2305341
PBiKwxADZu8,4119.0,4121.0,4123.0,4123.0,4123.0,4124.0,4125.0,4126.0,4127.0,4129.0,4130.0,4130.0,4130.0,4132.0,4132.0,4132.0,4134.0,4134.0,4135.0,4135.0,4136.0,4136.0,4139.0,4139.0,4140.0,4140.0,4143.0,4146.0,4146.0,4147.0,4147.0,4148.0,4149.0,4149.0,4153.0,4153.0,4153.0,4154.0,4154.0,4154.0,4155.0,4159.0,4159.0,4160.0,4160.0,4161.0,4161.0,4164.0,4164.0,4165.0,4166.0,4166.0,4166.0,4167.0,4168.0,4169.0,4170.0,4170.0,4172.0,4172.0,4173.0,4173.0,4175.0,4177.0,4182.0,4184.0,4186.0,4188.0,4189.0,4190.0,4190.0,4191.0,4192.0,4192.0,4193.0,4194.0,4198.0,4200.0,4201.0,4202.0,4203.0,4203.0,4206.0,4207.0,4209.0,4208.0,4208.0,4209.0,4210.0,4210.0,4210.0,4211.0,4214.0,4218.0,4218.0,4220.0,4220.0,4222.0,4224.0,4224.0,4224.0,4227.0,4228.0,4230.0,4231.0,4231.0,4231.0,4232.0,4232.0,4234.0,4234.0,4234.0,4236.0,4236.0,4236.0,4239.0,4239.0,4239.0,4239.0,4239.0,4239.0,4240.0,4240.0,4240.0,4242.0,4242.0,4242.0,4244.0,4246.0,4247.0,4249.0,4250.0,4252.0,4254.0,,,,,,,,,4266.0,4266.0,4266.0,4269.0,4270.0,4272.0,4272.0,4275.0,4275.0,4276.0,4277.0,4277.0,4279.0,4281.0,4283.0,4283.0,4284.0,4285.0,4285.0,4286.0,4286.0,4288.0,4289.0,4289.0,4289.0,4290.0,4290.0,4291.0,4291.0,4291.0,4291.0,4291.0,4291.0,4293.0,4294.0,4296.0,4296.0,4298.0,4298.0,4299.0,4300.0,4299.0,4299.0,4301.0,4302.0,4302.0,4302.0,4303.0,4304.0,4304.0,4304.0,4305.0,4306.0,4307.0,4308.0,4310.0,4310.0,4310.0,4310.0,4310.0,4311.0,4313.0,4314.0,4314.0,4314.0,4315.0,4316.0,4321.0,4323.0,4324.0,4324.0,4324
XqWEejmYiAg,2484.0,2493.0,2504.0,2514.0,2524.0,2536.0,2541.0,2548.0,2554.0,2559.0,2566.0,2571.0,2576.0,2597.0,2604.0,2612.0,2624.0,2628.0,2634.0,2653.0,2662.0,2667.0,2677.0,2682.0,2686.0,2694.0,2704.0,2717.0,2725.0,2738.0,2745.0,2752.0,2756.0,2758.0,2760.0,2767.0,2773.0,2778.0,2779.0,2782.0,2790.0,2798.0,2803.0,2806.0,2816.0,2822.0,2825.0,2828.0,2835.0,2844.0,2850.0,2856.0,2863.0,2870.0,2878.0,2891.0,2898.0,2904.0,2910.0,2914.0,2918.0,2920.0,2925.0,2927.0,2932.0,2938.0,2943.0,2950.0,2954.0,2958.0,2965.0,2971.0,2974.0,2979.0,2985.0,2988.0,2992.0,2996.0,2999.0,3003.0,3011.0,3022.0,3031.0,3041.0,3049.0,3060.0,3065.0,3068.0,3075.0,3078.0,3082.0,3088.0,3100.0,3105.0,3113.0,3118.0,3119.0,3124.0,3126.0,3128.0,3133.0,3139.0,3143.0,3144.0,3146.0,3149.0,3154.0,3159.0,3162.0,3163.0,3170.0,3180.0,3183.0,3186.0,3192.0,3197.0,3205.0,3212.0,3216.0,3217.0,3219.0,3224.0,3227.0,3242.0,3246.0,3249.0,3251.0,3253.0,3256.0,3257.0,3260.0,3262.0,3268.0,3270.0,,,,,,,,,3319.0,3321.0,3324.0,3329.0,3342.0,3353.0,3358.0,3365.0,3382.0,3388.0,3399.0,3406.0,3412.0,3424.0,3429.0,3432.0,3436.0,3444.0,3457.0,3466.0,3471.0,3481.0,3490.0,3494.0,3499.0,3504.0,3514.0,3523.0,3526.0,3536.0,3537.0,3543.0,3548.0,3558.0,3564.0,3570.0,3573.0,3583.0,3588.0,3593.0,3598.0,3601.0,3609.0,3613.0,3618.0,3628.0,3634.0,3641.0,3643.0,3650.0,3653.0,3657.0,3661.0,3666.0,3670.0,3671.0,3675.0,3681.0,3684.0,3688.0,3693.0,3697.0,3704.0,3712.0,3722.0,3735.0,3747.0,3751.0,3762.0,3768.0,3774.0,3780
QOzavNhLWbE,637.0,640.0,640.0,640.0,641.0,641.0,643.0,643.0,643.0,644.0,645.0,645.0,645.0,645.0,645.0,645.0,646.0,646.0,646.0,649.0,649.0,650.0,650.0,650.0,651.0,652.0,654.0,656.0,657.0,658.0,658.0,660.0,662.0,663.0,664.0,664.0,664.0,664.0,664.0,666.0,666.0,667.0,670.0,675.0,675.0,675.0,675.0,675.0,675.0,676.0,678.0,678.0,678.0,679.0,680.0,681.0,681.0,681.0,682.0,682.0,682.0,682.0,682.0,682.0,682.0,685.0,686.0,686.0,687.0,688.0,689.0,689.0,698.0,698.0,698.0,698.0,699.0,700.0,701.0,701.0,701.0,701.0,701.0,702.0,704.0,705.0,706.0,707.0,709.0,710.0,710.0,711.0,711.0,712.0,716.0,717.0,718.0,723.0,725.0,727.0,729.0,729.0,729.0,731.0,731.0,733.0,733.0,733.0,733.0,734.0,735.0,737.0,739.0,741.0,743.0,744.0,746.0,749.0,749.0,749.0,749.0,749.0,750.0,753.0,755.0,755.0,756.0,756.0,757.0,757.0,757.0,757.0,758.0,759.0,,,,,,,,,765.0,765.0,765.0,767.0,767.0,767.0,767.0,769.0,770.0,771.0,772.0,772.0,773.0,772.0,772.0,772.0,772.0,774.0,776.0,776.0,778.0,778.0,778.0,778.0,778.0,779.0,779.0,779.0,780.0,781.0,781.0,781.0,781.0,781.0,782.0,782.0,783.0,783.0,783.0,783.0,783.0,785.0,785.0,785.0,787.0,787.0,787.0,788.0,788.0,788.0,788.0,788.0,788.0,788.0,788.0,788.0,789.0,789.0,789.0,789.0,789.0,789.0,789.0,790.0,792.0,794.0,795.0,796.0,796.0,797.0,798.0,798
OsrejLIwKhk,146.0,146.0,146.0,146.0,146.0,146.0,146.0,146.0,146.0,146.0,146.0,146.0,146.0,146.0,146.0,146.0,146.0,146.0,146.0,146.0,146.0,146.0,146.0,146.0,146.0,146.0,146.0,146.0,146.0,146.0,146.0,146.0,146.0,146.0,146.0,146.0,146.0,146.0,146.0,146.0,146.0,147.0,147.0,147.0,147.0,147.0,147.0,147.0,147.0,147.0,147.0,147.0,147.0,147.0,147.0,147.0,147.0,147.0,147.0,147.0,147.0,147.0,147.0,147.0,147.0,147.0,147.0,147.0,147.0,147.0,147.0,147.0,147.0,147.0,147.0,147.0,147.0,147.0,147.0,147.0,147.0,147.0,147.0,147.0,147.0,148.0,148.0,148.0,148.0,148.0,148.0,148.0,148.0,148.0,148.0,148.0,148.0,148.0,148.0,149.0,149.0,149.0,149.0,149.0,149.0,149.0,149.0,149.0,149.0,149.0,149.0,149.0,150.0,150.0,150.0,150.0,150.0,150.0,150.0,150.0,150.0,150.0,150.0,150.0,150.0,150.0,150.0,150.0,150.0,150.0,150.0,150.0,150.0,150.0,,,,,,,,,150.0,150.0,150.0,150.0,150.0,150.0,150.0,150.0,150.0,150.0,150.0,150.0,150.0,150.0,150.0,150.0,150.0,150.0,150.0,150.0,150.0,150.0,150.0,150.0,150.0,150.0,150.0,150.0,150.0,150.0,150.0,150.0,150.0,150.0,150.0,150.0,150.0,150.0,150.0,150.0,150.0,150.0,150.0,150.0,150.0,150.0,150.0,150.0,150.0,150.0,150.0,150.0,150.0,150.0,150.0,150.0,150.0,150.0,150.0,150.0,150.0,150.0,150.0,150.0,150.0,150.0,150.0,150.0,150.0,150.0,150.0,150
vseuf1TqlRg,40.0,40.0,40.0,40.0,40.0,40.0,40.0,40.0,40.0,40.0,40.0,40.0,40.0,40.0,40.0,40.0,40.0,40.0,40.0,40.0,40.0,40.0,40.0,40.0,40.0,40.0,40.0,40.0,40.0,40.0,40.0,40.0,40.0,40.0,40.0,40.0,40.0,40.0,40.0,40.0,40.0,40.0,40.0,40.0,40.0,40.0,40.0,40.0,40.0,40.0,41.0,41.0,41.0,41.0,41.0,41.0,41.0,41.0,42.0,42.0,42.0,42.0,42.0,42.0,42.0,42.0,42.0,42.0,42.0,42.0,42.0,42.0,42.0,42.0,42.0,42.0,42.0,42.0,42.0,42.0,42.0,42.0,42.0,42.0,42.0,42.0,42.0,42.0,42.0,42.0,42.0,42.0,42.0,42.0,42.0,42.0,42.0,42.0,42.0,42.0,42.0,42.0,42.0,42.0,42.0,42.0,42.0,42.0,42.0,42.0,42.0,42.0,42.0,42.0,42.0,42.0,43.0,46.0,46.0,46.0,46.0,46.0,46.0,46.0,46.0,46.0,46.0,46.0,46.0,46.0,46.0,46.0,46.0,46.0,,,,,,,,,46.0,46.0,46.0,46.0,46.0,46.0,46.0,46.0,46.0,46.0,46.0,46.0,46.0,46.0,46.0,46.0,46.0,46.0,46.0,46.0,46.0,46.0,46.0,46.0,46.0,46.0,46.0,46.0,46.0,46.0,46.0,46.0,46.0,46.0,46.0,46.0,46.0,46.0,46.0,46.0,46.0,46.0,46.0,47.0,47.0,47.0,47.0,47.0,47.0,47.0,47.0,47.0,47.0,47.0,47.0,47.0,47.0,47.0,47.0,47.0,47.0,47.0,47.0,47.0,47.0,47.0,47.0,47.0,48.0,48.0,48.0,48
_T59ZuTl56s,13139.0,13143.0,13148.0,13157.0,13173.0,13185.0,13195.0,13206.0,13225.0,13238.0,13242.0,13256.0,13275.0,13287.0,13306.0,13322.0,13336.0,13353.0,13368.0,13374.0,13388.0,13408.0,13427.0,13443.0,13449.0,13459.0,13475.0,13487.0,13498.0,13503.0,13515.0,13526.0,13536.0,13551.0,13566.0,13573.0,13581.0,13589.0,13595.0,13606.0,13617.0,13632.0,13646.0,13657.0,13659.0,13664.0,13675.0,13684.0,13693.0,13707.0,13717.0,13719.0,13724.0,13737.0,13739.0,13755.0,13762.0,13771.0,13779.0,13786.0,13793.0,13799.0,13810.0,13819.0,13830.0,13843.0,13849.0,13857.0,13868.0,13887.0,13903.0,13925.0,13936.0,13948.0,13960.0,13972.0,13979.0,13991.0,14022.0,14031.0,14039.0,14054.0,14070.0,14082.0,14100.0,14110.0,14120.0,14130.0,14144.0,14152.0,14156.0,14172.0,14190.0,14209.0,14228.0,14237.0,14249.0,14258.0,14272.0,14287.0,14303.0,14317.0,14340.0,14362.0,14378.0,14405.0,14435.0,14447.0,14460.0,14467.0,14497.0,14512.0,14524.0,14534.0,14552.0,14560.0,14566.0,14582.0,14602.0,14612.0,14631.0,14648.0,14659.0,14668.0,14681.0,14705.0,14730.0,14747.0,14760.0,14781.0,14799.0,14807.0,14822.0,14833.0,,,,,,,,,14957.0,14965.0,14973.0,14981.0,14988.0,15003.0,15042.0,15061.0,15077.0,15097.0,15115.0,15128.0,15143.0,15157.0,15177.0,15195.0,15209.0,15220.0,15232.0,15249.0,15258.0,15268.0,15271.0,15280.0,15287.0,15296.0,15311.0,15319.0,15334.0,15343.0,15361.0,15391.0,15414.0,15434.0,15452.0,15467.0,15479.0,15491.0,15502.0,15522.0,15535.0,15545.0,15555.0,15565.0,15578.0,15597.0,15610.0,15624.0,15638.0,15653.0,15664.0,15677.0,15689.0,15701.0,15719.0,15740.0,15751.0,15757.0,15762.0,15772.0,15778.0,15788.0,15799.0,15808.0,15815.0,15828.0,15846.0,15864.0,15874.0,15901.0,15925.0,15952
GJEHw0zz86Y,1918.0,1918.0,1921.0,1922.0,1923.0,1925.0,1925.0,1925.0,1927.0,1928.0,1928.0,1931.0,1932.0,1933.0,1934.0,1934.0,1936.0,1937.0,1939.0,1942.0,1945.0,1945.0,1945.0,1947.0,1948.0,1949.0,1950.0,1950.0,1950.0,1951.0,1951.0,1951.0,1953.0,1954.0,1957.0,1957.0,1957.0,1957.0,1961.0,1963.0,1965.0,1970.0,1972.0,1973.0,1975.0,1976.0,1977.0,1976.0,1977.0,1977.0,1977.0,1977.0,1979.0,1980.0,1981.0,1981.0,1981.0,1982.0,1981.0,1981.0,1984.0,1984.0,1985.0,1985.0,1985.0,1988.0,1989.0,1990.0,1994.0,1997.0,1998.0,2000.0,2004.0,2007.0,2010.0,2014.0,2016.0,2022.0,2027.0,2025.0,2026.0,2027.0,2034.0,2039.0,2042.0,2046.0,2050.0,2053.0,2055.0,2058.0,2060.0,2061.0,2062.0,2071.0,2076.0,2081.0,2089.0,2097.0,2110.0,2121.0,2131.0,2140.0,2155.0,2171.0,2183.0,2198.0,2207.0,2214.0,2220.0,2227.0,2237.0,2246.0,2253.0,2260.0,2264.0,2267.0,2268.0,2274.0,2282.0,2286.0,2297.0,2299.0,2303.0,2308.0,2317.0,2327.0,2334.0,2341.0,2343.0,2348.0,2357.0,2359.0,2365.0,2369.0,,,,,,,,,2403.0,2404.0,2405.0,2408.0,2408.0,2413.0,2418.0,2419.0,2422.0,2427.0,2430.0,2432.0,2438.0,2440.0,2442.0,2444.0,2445.0,2447.0,2453.0,2455.0,2456.0,2458.0,2463.0,2463.0,2465.0,2469.0,2474.0,2480.0,2487.0,2488.0,2502.0,2525.0,2542.0,2550.0,2560.0,2563.0,2567.0,2574.0,2579.0,2585.0,2591.0,2599.0,2605.0,2606.0,2612.0,2618.0,2623.0,2631.0,2639.0,2643.0,2646.0,2650.0,2659.0,2666.0,2672.0,2680.0,2683.0,2685.0,2688.0,2697.0,2697.0,2699.0,2705.0,2707.0,2711.0,2716.0,2725.0,2735.0,2737.0,2745.0,2752.0,2758
ebPV4fYVFVk,6416655.0,6418011.0,6419469.0,6421015.0,6422831.0,6424587.0,6426272.0,6428064.0,6429845.0,6431595.0,6433308.0,6434942.0,6436915.0,6438953.0,6440948.0,6442926.0,6444869.0,6446621.0,6448528.0,6450917.0,6452938.0,6454793.0,6456550.0,6457995.0,6459542.0,6461093.0,6462680.0,6464321.0,6466038.0,6467751.0,6469367.0,6470969.0,6472772.0,6474515.0,6476130.0,6477611.0,6479340.0,6481006.0,6482719.0,6484332.0,6486028.0,6487561.0,6489158.0,6490907.0,6492660.0,6494420.0,6496255.0,6498136.0,6500066.0,6501678.0,6503267.0,6504726.0,6506261.0,6507655.0,6508980.0,6510498.0,6511847.0,6513176.0,6514375.0,6515582.0,6516923.0,6518357.0,6519748.0,6521094.0,6522277.0,6523534.0,6524694.0,6525872.0,6526855.0,6528269.0,6529403.0,6530658.0,6531968.0,6533133.0,6534392.0,6535811.0,6537100.0,6538257.0,6539398.0,6540655.0,6541637.0,6542877.0,6543943.0,6545219.0,6546320.0,6547485.0,6548811.0,6549935.0,6551061.0,6552179.0,6553359.0,6554535.0,6555618.0,6556771.0,6557934.0,6559268.0,6560508.0,6561830.0,6563201.0,6564512.0,6565775.0,6567129.0,6568549.0,6569903.0,6571355.0,6572835.0,6574462.0,6575994.0,6577544.0,6578988.0,6580517.0,6582083.0,6583544.0,6585082.0,6586530.0,6588068.0,6589470.0,6590849.0,6592252.0,6593660.0,6595031.0,6596304.0,6597786.0,6599259.0,6600736.0,6602219.0,6603703.0,6605099.0,6606372.0,6607549.0,6608664.0,6609807.0,6610960.0,6612140.0,,,,,,,,,6621402.0,6622480.0,6623498.0,6624643.0,6625768.0,6626923.0,6627960.0,6629008.0,6630089.0,6631269.0,6632588.0,6633854.0,6635190.0,6636471.0,6637795.0,6639229.0,6640481.0,6641637.0,6642878.0,6644228.0,6645490.0,6646854.0,6648238.0,6649555.0,6651048.0,6652667.0,6654328.0,6655697.0,6657111.0,6658509.0,6659923.0,6661381.0,6662882.0,6664248.0,6665454.0,6666847.0,6668212.0,6669614.0,6670939.0,6672231.0,6673281.0,6674608.0,6675894.0,6677144.0,6678318.0,6679437.0,6680579.0,6681687.0,6682897.0,6683895.0,6684999.0,6686006.0,6687168.0,6688289.0,6689317.0,6690291.0,6691248.0,6692234.0,6693208.0,6694327.0,6695296.0,6696228.0,6697063.0,6698071.0,6698887.0,6699880.0,6700961.0,6702023.0,6702908.0,6703765.0,6704730.0,6705722
UVfyz6iL8Zo,80123.0,80123.0,80123.0,80123.0,80123.0,80123.0,80123.0,80123.0,80123.0,80123.0,80123.0,80123.0,80123.0,80123.0,80123.0,80123.0,80123.0,80123.0,80123.0,80123.0,80123.0,80123.0,80123.0,80123.0,80123.0,80123.0,80123.0,80123.0,80123.0,80123.0,80123.0,80123.0,80123.0,80123.0,80123.0,80123.0,80123.0,80123.0,80123.0,80123.0,80123.0,80123.0,80123.0,80123.0,80123.0,80123.0,80123.0,80123.0,80123.0,80123.0,80123.0,80123.0,80123.0,80123.0,80123.0,80123.0,80123.0,80123.0,80123.0,80123.0,80123.0,80123.0,80123.0,80123.0,80123.0,80123.0,80123.0,80123.0,80123.0,80123.0,80123.0,80123.0,80123.0,80123.0,80123.0,80123.0,80123.0,80123.0,80123.0,80123.0,80123.0,80123.0,80123.0,80123.0,80123.0,80123.0,80123.0,80123.0,80123.0,80123.0,80123.0,80123.0,80123.0,80123.0,80123.0,80123.0,80123.0,80123.0,80123.0,80123.0,80123.0,80123.0,80123.0,80123.0,80123.0,80123.0,80123.0,80123.0,80123.0,80123.0,80123.0,80123.0,80123.0,80123.0,80123.0,80123.0,80123.0,80123.0,80123.0,80123.0,80123.0,80123.0,80123.0,80123.0,80123.0,80123.0,80123.0,80123.0,80123.0,80123.0,80123.0,80123.0,80123.0,80123.0,,,,,,,,,80123.0,80123.0,80123.0,80123.0,80123.0,80123.0,80123.0,80123.0,80123.0,80123.0,80123.0,80123.0,80123.0,80123.0,80123.0,80123.0,80123.0,80123.0,80123.0,80123.0,80123.0,80123.0,80123.0,80123.0,80123.0,80123.0,80123.0,80123.0,80123.0,80123.0,80123.0,80123.0,80123.0,80123.0,80123.0,80123.0,80123.0,80123.0,80123.0,80123.0,80123.0,80123.0,80123.0,80123.0,80123.0,80123.0,80123.0,80123.0,80123.0,80123.0,80123.0,80123.0,80123.0,80123.0,80123.0,80123.0,80123.0,80123.0,80123.0,80123.0,80123.0,80123.0,80123.0,80123.0,80123.0,80123.0,80123.0,80123.0,80123.0,80123.0,80123.0,80123
0CzT_fOQJ1w,310600.0,310646.0,310682.0,310735.0,310785.0,310844.0,310901.0,310937.0,310991.0,311039.0,311077.0,311115.0,311151.0,311188.0,311238.0,311284.0,311333.0,311389.0,311441.0,311491.0,311555.0,311599.0,311639.0,311677.0,311733.0,311791.0,311829.0,311877.0,311920.0,311970.0,312027.0,312082.0,312116.0,312158.0,312201.0,312239.0,312280.0,312321.0,312370.0,312417.0,312475.0,312520.0,312567.0,312598.0,312652.0,312680.0,312720.0,312758.0,312802.0,312849.0,312881.0,312918.0,312955.0,313000.0,313034.0,313086.0,313113.0,313160.0,313194.0,313231.0,313259.0,313293.0,313343.0,313382.0,313419.0,313456.0,313504.0,313537.0,313576.0,313621.0,313667.0,313707.0,313739.0,313769.0,313817.0,313859.0,313891.0,313915.0,313963.0,314008.0,314044.0,314080.0,314129.0,314165.0,314201.0,314221.0,314261.0,314295.0,314342.0,314386.0,314421.0,314470.0,314512.0,314555.0,314599.0,314643.0,314690.0,314735.0,314769.0,314810.0,314859.0,314901.0,314950.0,315008.0,315050.0,315098.0,315151.0,315210.0,315245.0,315284.0,315317.0,315355.0,315403.0,315440.0,315481.0,315524.0,315559.0,315598.0,315634.0,315668.0,315718.0,315762.0,315812.0,315848.0,315899.0,315934.0,315977.0,316036.0,316118.0,316164.0,316202.0,316246.0,316303.0,316374.0,,,,,,,,,316823.0,316894.0,316967.0,317023.0,317099.0,317154.0,317196.0,317256.0,317290.0,317365.0,317420.0,317453.0,317521.0,317581.0,317618.0,317671.0,317718.0,317788.0,317840.0,317883.0,317934.0,317979.0,318023.0,318060.0,318107.0,318153.0,318197.0,318247.0,318308.0,318368.0,318416.0,318469.0,318521.0,318561.0,318605.0,318660.0,318729.0,318839.0,318907.0,318967.0,319037.0,319109.0,319173.0,319217.0,319282.0,319350.0,319397.0,319454.0,319533.0,319596.0,319657.0,319726.0,319794.0,319853.0,319910.0,319967.0,320029.0,320076.0,320126.0,320168.0,320210.0,320259.0,320295.0,320352.0,320394.0,320449.0,320508.0,320554.0,320593.0,320634.0,320684.0,320731
agah9ONLRWw,405504.0,405609.0,405743.0,405864.0,406004.0,406136.0,406255.0,406452.0,406677.0,406829.0,406933.0,407053.0,407207.0,407318.0,407457.0,407600.0,407695.0,407818.0,407938.0,408092.0,408301.0,408479.0,408702.0,408872.0,408989.0,409212.0,409338.0,409523.0,409677.0,409842.0,409960.0,410068.0,410220.0,410349.0,410467.0,410575.0,410742.0,410897.0,410997.0,411125.0,411233.0,411370.0,411513.0,411671.0,411808.0,411906.0,412077.0,412206.0,412345.0,412499.0,412682.0,412847.0,413000.0,413138.0,413277.0,413481.0,413646.0,413795.0,413967.0,414094.0,414264.0,414458.0,414651.0,414846.0,415040.0,415215.0,415317.0,415470.0,415607.0,415787.0,415953.0,416096.0,416209.0,416328.0,416445.0,416576.0,416722.0,416868.0,417015.0,417152.0,417262.0,417431.0,417584.0,417748.0,417903.0,418114.0,418264.0,418412.0,418545.0,418692.0,418865.0,419016.0,419176.0,419331.0,419462.0,419609.0,419819.0,419991.0,420163.0,420356.0,420568.0,420690.0,420879.0,421117.0,421332.0,421582.0,421779.0,421973.0,422106.0,422297.0,422496.0,422680.0,422867.0,423098.0,423326.0,423479.0,423627.0,423789.0,423945.0,424165.0,424321.0,424487.0,424610.0,424722.0,424861.0,425019.0,425163.0,425318.0,425486.0,425662.0,425793.0,425949.0,426144.0,426345.0,,,,,,,,,428002.0,428171.0,428375.0,428524.0,428679.0,428859.0,429019.0,429034.0,429035.0,429035.0,429036.0,429036.0,429036.0,429037.0,429038.0,429038.0,429038.0,429038.0,429039.0,429039.0,429039.0,429039.0,429039.0,429039.0,429039.0,429039.0,429039.0,429039.0,429039.0,429039.0,429039.0,429039.0,429039.0,429039.0,429039.0,429039.0,429039.0,429039.0,429039.0,429039.0,429039.0,429039.0,429039.0,429039.0,429039.0,429039.0,429039.0,429039.0,429039.0,429039.0,429039.0,429039.0,429039.0,429039.0,429039.0,429039.0,429039.0,429039.0,429039.0,429039.0,429039.0,429039.0,429039.0,429039.0,429039.0,429039.0,429039.0,429039.0,429039.0,429039.0,429039.0,429039
AqTiUAtXH-0,161851.0,161886.0,161919.0,161950.0,161986.0,162032.0,162071.0,162124.0,162166.0,162200.0,162236.0,162275.0,162318.0,162347.0,162384.0,162421.0,162464.0,162500.0,162540.0,162575.0,162619.0,162646.0,162686.0,162718.0,162747.0,162774.0,162814.0,162859.0,162897.0,162934.0,162970.0,162999.0,163025.0,163070.0,163109.0,163141.0,163180.0,163223.0,163259.0,163294.0,163335.0,163367.0,163394.0,163419.0,163459.0,163479.0,163502.0,163532.0,163578.0,163612.0,163663.0,163703.0,163744.0,163779.0,163820.0,163867.0,163906.0,163946.0,163978.0,164019.0,164052.0,164094.0,164141.0,164180.0,164218.0,164245.0,164272.0,164304.0,164338.0,164382.0,164432.0,164487.0,164523.0,164560.0,164586.0,164620.0,164644.0,164681.0,164713.0,164744.0,164770.0,164800.0,164824.0,164850.0,164888.0,164912.0,164937.0,164955.0,164978.0,164995.0,165022.0,165037.0,165055.0,165091.0,165121.0,165145.0,165182.0,165210.0,165241.0,165268.0,165286.0,165308.0,165336.0,165365.0,165389.0,165411.0,165439.0,165459.0,165486.0,165502.0,165529.0,165558.0,165587.0,165606.0,165627.0,165649.0,165669.0,165690.0,165722.0,165750.0,165771.0,165793.0,165831.0,165857.0,165882.0,165906.0,165925.0,165946.0,165970.0,165997.0,166010.0,166038.0,166064.0,166084.0,,,,,,,,,166332.0,166351.0,166374.0,166392.0,166415.0,166439.0,166452.0,166472.0,166488.0,166506.0,166522.0,166539.0,166558.0,166577.0,166586.0,166607.0,166623.0,166638.0,166647.0,166671.0,166692.0,166716.0,166731.0,166752.0,166778.0,166794.0,166822.0,166841.0,166862.0,166878.0,166896.0,166910.0,166929.0,166952.0,166963.0,166982.0,167006.0,167026.0,167045.0,167073.0,167094.0,167110.0,167129.0,167143.0,167159.0,167183.0,167217.0,167240.0,167257.0,167277.0,167303.0,167319.0,167346.0,167367.0,167398.0,167414.0,167438.0,167451.0,167479.0,167492.0,167501.0,167516.0,167535.0,167554.0,167563.0,167588.0,167601.0,167628.0,167649.0,167666.0,167688.0,167699
qPisGs6Vz2c,1749.0,1752.0,1757.0,1759.0,1766.0,1769.0,1771.0,1773.0,1774.0,1775.0,1776.0,1777.0,1778.0,1778.0,1779.0,1779.0,1781.0,1781.0,1782.0,1782.0,1784.0,1785.0,1785.0,1788.0,1788.0,1789.0,1790.0,1789.0,1789.0,1789.0,1789.0,1790.0,1790.0,1790.0,1790.0,1791.0,1791.0,1791.0,1791.0,1791.0,1791.0,1791.0,1791.0,1791.0,1791.0,1792.0,1792.0,1793.0,1793.0,1794.0,1793.0,1793.0,1795.0,1795.0,1795.0,1797.0,1798.0,1799.0,1800.0,1800.0,1800.0,1801.0,1802.0,1802.0,1802.0,1803.0,1804.0,1804.0,1805.0,1807.0,1810.0,1810.0,1810.0,1811.0,1811.0,1811.0,1812.0,1812.0,1813.0,1813.0,1814.0,1815.0,1815.0,1815.0,1816.0,1816.0,1817.0,1817.0,1818.0,1818.0,1818.0,1819.0,1819.0,1822.0,1822.0,1822.0,1822.0,1822.0,1822.0,1822.0,1823.0,1823.0,1823.0,1825.0,1826.0,1826.0,1826.0,1826.0,1826.0,1826.0,1826.0,1826.0,1826.0,1826.0,1827.0,1827.0,1827.0,1828.0,1828.0,1828.0,1829.0,1829.0,1829.0,1829.0,1829.0,1829.0,1830.0,1830.0,1830.0,1831.0,1831.0,1832.0,1832.0,1832.0,,,,,,,,,1834.0,1834.0,1834.0,1834.0,1834.0,1835.0,1835.0,1835.0,1835.0,1835.0,1835.0,1835.0,1835.0,1835.0,1835.0,1837.0,1838.0,1838.0,1839.0,1839.0,1839.0,1839.0,1839.0,1841.0,1841.0,1842.0,1843.0,1843.0,1843.0,1844.0,1844.0,1844.0,1844.0,1845.0,1845.0,1845.0,1846.0,1846.0,1848.0,1848.0,1849.0,1850.0,1851.0,1851.0,1852.0,1851.0,1853.0,1853.0,1853.0,1854.0,1854.0,1854.0,1855.0,1855.0,1855.0,1856.0,1856.0,1856.0,1856.0,1857.0,1857.0,1857.0,1857.0,1857.0,1857.0,1857.0,1857.0,1857.0,1857.0,1857.0,1857.0,1858
m39AGzDInwQ,692.0,692.0,692.0,692.0,692.0,692.0,692.0,692.0,692.0,692.0,692.0,692.0,692.0,692.0,692.0,693.0,695.0,695.0,695.0,695.0,695.0,695.0,695.0,695.0,695.0,696.0,696.0,697.0,697.0,697.0,697.0,697.0,697.0,697.0,697.0,697.0,697.0,697.0,697.0,697.0,697.0,700.0,704.0,704.0,704.0,705.0,705.0,705.0,705.0,705.0,706.0,706.0,706.0,706.0,708.0,708.0,708.0,708.0,708.0,708.0,708.0,708.0,708.0,708.0,708.0,708.0,708.0,708.0,712.0,712.0,712.0,712.0,713.0,714.0,714.0,714.0,715.0,715.0,716.0,716.0,716.0,716.0,716.0,716.0,716.0,716.0,716.0,716.0,716.0,716.0,716.0,716.0,716.0,716.0,716.0,716.0,716.0,716.0,717.0,718.0,719.0,719.0,719.0,719.0,719.0,724.0,724.0,724.0,724.0,724.0,724.0,724.0,724.0,724.0,724.0,725.0,725.0,725.0,725.0,725.0,725.0,725.0,726.0,726.0,726.0,726.0,726.0,726.0,727.0,728.0,728.0,728.0,728.0,728.0,,,,,,,,,730.0,731.0,731.0,731.0,732.0,732.0,732.0,732.0,732.0,732.0,732.0,732.0,732.0,732.0,732.0,732.0,732.0,732.0,732.0,732.0,732.0,732.0,732.0,734.0,734.0,734.0,734.0,734.0,734.0,734.0,734.0,735.0,735.0,735.0,735.0,735.0,735.0,735.0,735.0,735.0,735.0,735.0,735.0,735.0,736.0,736.0,736.0,736.0,736.0,736.0,736.0,736.0,737.0,737.0,737.0,737.0,737.0,737.0,737.0,737.0,737.0,737.0,737.0,737.0,737.0,737.0,737.0,737.0,737.0,739.0,739.0,739
AnGD7PJkmYQ,520.0,520.0,520.0,520.0,520.0,520.0,520.0,520.0,520.0,520.0,520.0,520.0,520.0,520.0,520.0,521.0,521.0,521.0,521.0,521.0,521.0,521.0,521.0,521.0,521.0,521.0,521.0,521.0,521.0,521.0,521.0,521.0,521.0,521.0,521.0,521.0,521.0,521.0,521.0,521.0,522.0,523.0,523.0,523.0,523.0,523.0,523.0,523.0,523.0,523.0,523.0,523.0,523.0,523.0,523.0,523.0,523.0,523.0,523.0,523.0,523.0,523.0,524.0,524.0,525.0,525.0,525.0,525.0,525.0,525.0,525.0,525.0,525.0,525.0,525.0,525.0,525.0,525.0,525.0,525.0,525.0,525.0,525.0,525.0,525.0,525.0,525.0,525.0,525.0,525.0,525.0,525.0,525.0,525.0,526.0,526.0,526.0,527.0,527.0,527.0,527.0,527.0,527.0,527.0,528.0,528.0,528.0,528.0,528.0,528.0,528.0,528.0,528.0,528.0,528.0,528.0,528.0,528.0,528.0,528.0,528.0,528.0,528.0,528.0,528.0,528.0,528.0,528.0,528.0,528.0,528.0,528.0,528.0,528.0,,,,,,,,,528.0,528.0,528.0,528.0,528.0,528.0,528.0,528.0,528.0,528.0,528.0,529.0,529.0,529.0,529.0,529.0,529.0,529.0,529.0,529.0,529.0,529.0,529.0,529.0,529.0,529.0,529.0,530.0,530.0,530.0,530.0,530.0,530.0,530.0,530.0,530.0,530.0,530.0,530.0,530.0,530.0,530.0,530.0,530.0,530.0,530.0,530.0,530.0,530.0,530.0,530.0,530.0,530.0,530.0,530.0,530.0,530.0,530.0,531.0,531.0,532.0,532.0,532.0,532.0,532.0,533.0,533.0,533.0,533.0,533.0,533.0,534
uB9mjXp8Ogo,645.0,645.0,645.0,646.0,646.0,646.0,646.0,646.0,646.0,647.0,647.0,647.0,649.0,649.0,649.0,649.0,649.0,649.0,649.0,649.0,650.0,650.0,650.0,650.0,650.0,651.0,651.0,651.0,651.0,651.0,651.0,651.0,651.0,651.0,651.0,653.0,653.0,653.0,653.0,653.0,653.0,653.0,653.0,653.0,653.0,653.0,653.0,654.0,654.0,655.0,655.0,655.0,655.0,655.0,656.0,656.0,656.0,656.0,656.0,656.0,656.0,656.0,657.0,657.0,658.0,658.0,658.0,658.0,658.0,658.0,658.0,658.0,658.0,659.0,659.0,659.0,659.0,660.0,660.0,662.0,662.0,662.0,662.0,662.0,663.0,664.0,664.0,664.0,664.0,664.0,666.0,666.0,666.0,666.0,666.0,668.0,668.0,669.0,669.0,669.0,669.0,669.0,669.0,669.0,669.0,670.0,670.0,670.0,670.0,671.0,671.0,671.0,672.0,672.0,672.0,673.0,674.0,675.0,675.0,676.0,676.0,677.0,677.0,678.0,678.0,678.0,678.0,678.0,678.0,678.0,678.0,678.0,678.0,679.0,,,,,,,,,681.0,682.0,683.0,683.0,683.0,683.0,683.0,684.0,687.0,687.0,689.0,689.0,690.0,690.0,690.0,690.0,691.0,692.0,692.0,692.0,693.0,694.0,694.0,695.0,695.0,695.0,696.0,697.0,697.0,697.0,699.0,702.0,702.0,703.0,703.0,704.0,707.0,709.0,711.0,713.0,713.0,715.0,717.0,718.0,719.0,720.0,720.0,721.0,721.0,721.0,722.0,722.0,722.0,722.0,723.0,724.0,724.0,724.0,724.0,724.0,725.0,726.0,726.0,726.0,726.0,727.0,729.0,729.0,730.0,731.0,733.0,733
zxrODuVYkUs,88498.0,88520.0,88533.0,88551.0,88569.0,88603.0,88627.0,88635.0,88656.0,88669.0,88682.0,88698.0,88712.0,88727.0,88739.0,88747.0,88759.0,88775.0,88783.0,88793.0,88800.0,88811.0,88821.0,88828.0,88834.0,88841.0,88849.0,88856.0,88868.0,88877.0,88884.0,88891.0,88899.0,88909.0,88917.0,88923.0,88928.0,88941.0,88957.0,88971.0,88979.0,88999.0,89011.0,89016.0,89027.0,89040.0,89054.0,89062.0,89064.0,89073.0,89085.0,89095.0,89110.0,89120.0,89137.0,89143.0,89149.0,89157.0,89161.0,89170.0,89178.0,89190.0,89204.0,89215.0,89220.0,89231.0,89244.0,89251.0,89255.0,89269.0,89278.0,89290.0,89295.0,89299.0,89305.0,89310.0,89317.0,89322.0,89323.0,89331.0,89339.0,89348.0,89353.0,89356.0,89360.0,89364.0,89376.0,89385.0,89392.0,89398.0,89406.0,89419.0,89427.0,89433.0,89435.0,89442.0,89451.0,89462.0,89470.0,89477.0,89492.0,89503.0,89511.0,89525.0,89538.0,89544.0,89553.0,89573.0,89587.0,89594.0,89605.0,89625.0,89631.0,89637.0,89646.0,89649.0,89659.0,89662.0,89674.0,89688.0,89691.0,89692.0,89698.0,89708.0,89714.0,89723.0,89736.0,89742.0,89751.0,89757.0,89767.0,89779.0,89790.0,89796.0,,,,,,,,,89886.0,89891.0,89902.0,89916.0,89919.0,89934.0,89953.0,89963.0,89966.0,89977.0,89978.0,89984.0,89989.0,89997.0,90009.0,90015.0,90019.0,90022.0,90026.0,90033.0,90037.0,90048.0,90051.0,90054.0,90059.0,90066.0,90071.0,90080.0,90081.0,90084.0,90088.0,90090.0,90095.0,90101.0,90106.0,90110.0,90113.0,90115.0,90119.0,90127.0,90138.0,90142.0,90149.0,90156.0,90165.0,90170.0,90175.0,90182.0,90192.0,90211.0,90222.0,90234.0,90237.0,90241.0,90244.0,90255.0,90268.0,90272.0,90278.0,90284.0,90289.0,90294.0,90303.0,90306.0,90308.0,90314.0,90318.0,90328.0,90335.0,90340.0,90346.0,90351
j7_iufVbrYg,21.0,21.0,21.0,21.0,21.0,21.0,21.0,21.0,21.0,21.0,21.0,21.0,21.0,21.0,21.0,21.0,21.0,21.0,21.0,21.0,21.0,21.0,21.0,21.0,21.0,21.0,21.0,21.0,21.0,21.0,21.0,21.0,21.0,21.0,21.0,21.0,21.0,21.0,21.0,21.0,21.0,21.0,21.0,21.0,21.0,23.0,23.0,23.0,23.0,23.0,23.0,23.0,23.0,23.0,23.0,23.0,23.0,23.0,23.0,23.0,23.0,23.0,23.0,23.0,23.0,23.0,23.0,23.0,23.0,23.0,23.0,23.0,23.0,23.0,23.0,23.0,23.0,23.0,23.0,23.0,23.0,23.0,23.0,26.0,27.0,28.0,29.0,29.0,29.0,29.0,29.0,29.0,29.0,29.0,29.0,29.0,29.0,29.0,29.0,29.0,29.0,29.0,29.0,29.0,29.0,29.0,29.0,29.0,29.0,29.0,29.0,29.0,29.0,29.0,29.0,29.0,29.0,29.0,29.0,29.0,29.0,29.0,29.0,29.0,29.0,29.0,29.0,30.0,30.0,30.0,30.0,30.0,30.0,30.0,,,,,,,,,30.0,30.0,30.0,30.0,30.0,30.0,30.0,30.0,30.0,30.0,30.0,30.0,30.0,30.0,30.0,30.0,30.0,30.0,30.0,30.0,30.0,30.0,30.0,30.0,30.0,30.0,30.0,30.0,30.0,30.0,30.0,30.0,30.0,30.0,30.0,30.0,30.0,30.0,30.0,30.0,30.0,30.0,31.0,31.0,31.0,31.0,31.0,31.0,31.0,31.0,31.0,31.0,31.0,31.0,31.0,31.0,31.0,31.0,31.0,31.0,31.0,31.0,31.0,31.0,31.0,31.0,31.0,31.0,31.0,31.0,31.0,31
K776X_Wq4Ug,41.0,41.0,41.0,41.0,41.0,41.0,41.0,41.0,41.0,41.0,41.0,41.0,41.0,41.0,41.0,41.0,41.0,41.0,41.0,41.0,41.0,41.0,41.0,41.0,41.0,41.0,41.0,41.0,41.0,41.0,41.0,41.0,41.0,41.0,41.0,41.0,41.0,41.0,41.0,41.0,41.0,41.0,41.0,41.0,41.0,42.0,42.0,42.0,42.0,42.0,42.0,42.0,42.0,43.0,43.0,45.0,45.0,45.0,45.0,45.0,45.0,45.0,45.0,45.0,45.0,45.0,45.0,45.0,45.0,45.0,45.0,45.0,45.0,45.0,45.0,45.0,45.0,45.0,45.0,45.0,45.0,45.0,45.0,46.0,46.0,46.0,46.0,46.0,46.0,46.0,46.0,46.0,46.0,46.0,46.0,46.0,46.0,46.0,46.0,46.0,46.0,46.0,46.0,46.0,46.0,46.0,46.0,46.0,46.0,47.0,47.0,48.0,47.0,47.0,47.0,47.0,47.0,47.0,47.0,47.0,47.0,47.0,47.0,47.0,47.0,47.0,47.0,47.0,47.0,47.0,47.0,47.0,47.0,47.0,,,,,,,,,48.0,48.0,48.0,48.0,48.0,48.0,48.0,48.0,48.0,48.0,48.0,48.0,48.0,48.0,48.0,48.0,48.0,48.0,48.0,48.0,48.0,48.0,48.0,49.0,49.0,49.0,49.0,49.0,49.0,49.0,49.0,49.0,50.0,50.0,50.0,50.0,50.0,50.0,50.0,50.0,50.0,50.0,51.0,51.0,51.0,51.0,51.0,51.0,51.0,51.0,51.0,51.0,51.0,51.0,51.0,51.0,51.0,51.0,51.0,51.0,51.0,51.0,51.0,51.0,51.0,51.0,51.0,51.0,51.0,51.0,51.0,51
DQYeICglx0w,31.0,31.0,31.0,31.0,31.0,31.0,31.0,31.0,31.0,31.0,31.0,31.0,31.0,31.0,31.0,31.0,31.0,31.0,31.0,31.0,31.0,31.0,31.0,31.0,31.0,31.0,31.0,31.0,31.0,31.0,31.0,31.0,31.0,31.0,31.0,31.0,31.0,31.0,31.0,31.0,31.0,31.0,31.0,31.0,31.0,33.0,34.0,34.0,35.0,35.0,35.0,35.0,35.0,36.0,36.0,36.0,36.0,36.0,36.0,36.0,36.0,36.0,36.0,36.0,36.0,36.0,36.0,36.0,36.0,36.0,36.0,36.0,36.0,36.0,36.0,36.0,36.0,36.0,36.0,36.0,36.0,36.0,36.0,38.0,38.0,38.0,38.0,38.0,38.0,38.0,38.0,38.0,38.0,38.0,38.0,38.0,38.0,38.0,38.0,38.0,38.0,38.0,38.0,38.0,38.0,38.0,38.0,38.0,38.0,38.0,38.0,38.0,38.0,38.0,38.0,38.0,38.0,38.0,38.0,38.0,38.0,38.0,38.0,38.0,38.0,38.0,38.0,38.0,38.0,38.0,38.0,38.0,38.0,38.0,,,,,,,,,38.0,38.0,38.0,38.0,38.0,38.0,38.0,38.0,38.0,38.0,39.0,39.0,39.0,39.0,39.0,39.0,39.0,39.0,39.0,39.0,39.0,39.0,39.0,39.0,39.0,39.0,39.0,39.0,39.0,40.0,40.0,40.0,40.0,40.0,40.0,40.0,40.0,40.0,40.0,40.0,41.0,40.0,41.0,41.0,41.0,41.0,41.0,41.0,41.0,41.0,41.0,45.0,45.0,45.0,45.0,45.0,45.0,45.0,45.0,45.0,45.0,45.0,45.0,45.0,45.0,45.0,45.0,45.0,45.0,45.0,45.0,45
RUnmR8tj9G4,5933.0,5934.0,5936.0,5939.0,5941.0,5943.0,5945.0,5948.0,5949.0,5949.0,5952.0,5953.0,5954.0,5955.0,5956.0,5956.0,5957.0,5960.0,5963.0,5965.0,5966.0,5969.0,5969.0,5972.0,5976.0,5977.0,5978.0,5978.0,5979.0,5980.0,5982.0,5984.0,5985.0,5985.0,5986.0,5986.0,5988.0,5988.0,5990.0,5991.0,5994.0,5996.0,5996.0,5998.0,6000.0,6001.0,6002.0,6002.0,6003.0,6005.0,6008.0,6009.0,6010.0,6014.0,6017.0,6018.0,6018.0,6019.0,6021.0,6021.0,6021.0,6022.0,6022.0,6024.0,6027.0,6030.0,6035.0,6036.0,6038.0,6040.0,6041.0,6041.0,6042.0,6042.0,6044.0,6046.0,6046.0,6047.0,6049.0,6049.0,6050.0,6051.0,6050.0,6051.0,6051.0,6053.0,6054.0,6054.0,6054.0,6055.0,6057.0,6058.0,6058.0,6059.0,6064.0,6065.0,6068.0,6070.0,6074.0,6076.0,6078.0,6079.0,6084.0,6089.0,6093.0,6095.0,6097.0,6097.0,6099.0,6100.0,6100.0,6101.0,6103.0,6105.0,6108.0,6112.0,6114.0,6114.0,6114.0,6116.0,6121.0,6121.0,6121.0,6124.0,6128.0,6130.0,6134.0,6140.0,6144.0,6147.0,6149.0,6151.0,6151.0,6153.0,,,,,,,,,6166.0,6167.0,6170.0,6170.0,6172.0,6174.0,6176.0,6177.0,6178.0,6180.0,6180.0,6181.0,6182.0,6186.0,6190.0,6192.0,6193.0,6193.0,6194.0,6195.0,6195.0,6197.0,6198.0,6203.0,6204.0,6205.0,6206.0,6207.0,6207.0,6208.0,6210.0,6211.0,6212.0,6213.0,6217.0,6219.0,6221.0,6223.0,6226.0,6229.0,6229.0,6228.0,6231.0,6233.0,6234.0,6237.0,6238.0,6239.0,6242.0,6244.0,6245.0,6247.0,6249.0,6251.0,6253.0,6255.0,6257.0,6257.0,6259.0,6263.0,6265.0,6269.0,6271.0,6272.0,6272.0,6274.0,6276.0,6278.0,6279.0,6280.0,6284.0,6285
-d4JshwICmk,4785.0,4786.0,4788.0,4788.0,4789.0,4794.0,4800.0,4801.0,4801.0,4801.0,4801.0,4801.0,4801.0,4801.0,4801.0,4801.0,4801.0,4802.0,4803.0,4803.0,4806.0,4808.0,4809.0,4810.0,4811.0,4811.0,4814.0,4815.0,4816.0,4816.0,4816.0,4820.0,4820.0,4820.0,4821.0,4821.0,4821.0,4821.0,4821.0,4823.0,4827.0,4828.0,4829.0,4831.0,4832.0,4834.0,4834.0,4834.0,4834.0,4834.0,4834.0,4834.0,4834.0,4834.0,4835.0,4836.0,4836.0,4836.0,4836.0,4836.0,4837.0,4837.0,4837.0,4837.0,4839.0,4841.0,4841.0,4843.0,4843.0,4843.0,4843.0,4843.0,4843.0,4844.0,4844.0,4844.0,4844.0,4844.0,4844.0,4844.0,4844.0,4844.0,4844.0,4844.0,4844.0,4847.0,4849.0,4851.0,4852.0,4854.0,4854.0,4854.0,4854.0,4854.0,4855.0,4855.0,4855.0,4855.0,4855.0,4855.0,4856.0,4856.0,4858.0,4858.0,4858.0,4858.0,4858.0,4858.0,4860.0,4862.0,4863.0,4865.0,4867.0,4867.0,4867.0,4867.0,4868.0,4869.0,4872.0,4874.0,4875.0,4875.0,4876.0,4876.0,4876.0,4877.0,4879.0,4880.0,4880.0,4886.0,4886.0,4886.0,4886.0,4888.0,,,,,,,,,4897.0,4897.0,4898.0,4898.0,4898.0,4898.0,4898.0,4900.0,4902.0,4902.0,4902.0,4904.0,4905.0,4905.0,4905.0,4906.0,4906.0,4907.0,4909.0,4912.0,4913.0,4913.0,4913.0,4913.0,4913.0,4913.0,4914.0,4914.0,4914.0,4915.0,4915.0,4916.0,4916.0,4919.0,4919.0,4919.0,4919.0,4919.0,4919.0,4919.0,4919.0,4919.0,4919.0,4919.0,4920.0,4921.0,4921.0,4921.0,4922.0,4925.0,4926.0,4928.0,4928.0,4930.0,4930.0,4933.0,4933.0,4934.0,4934.0,4938.0,4939.0,4941.0,4941.0,4942.0,4942.0,4946.0,4947.0,4948.0,4948.0,4948.0,4948.0,4948
FC7ebDCA2Q8,138628.0,138775.0,138908.0,139021.0,139153.0,139252.0,139384.0,139563.0,139725.0,139885.0,139972.0,140117.0,140241.0,140374.0,140500.0,140672.0,140808.0,140916.0,141055.0,141244.0,141438.0,141725.0,141902.0,142106.0,142240.0,142476.0,142675.0,142828.0,143077.0,143330.0,143458.0,143563.0,143755.0,143919.0,144085.0,144273.0,144448.0,144601.0,144732.0,144921.0,145148.0,145382.0,145562.0,145729.0,145880.0,145996.0,146168.0,146355.0,146557.0,146748.0,146876.0,147055.0,147167.0,147332.0,147496.0,147737.0,147952.0,148092.0,148231.0,148354.0,148508.0,148681.0,148826.0,148973.0,149110.0,149222.0,149309.0,149430.0,149528.0,149684.0,149789.0,149879.0,149965.0,150051.0,150151.0,150293.0,150449.0,150575.0,150764.0,150968.0,151129.0,151360.0,151607.0,151870.0,152100.0,152319.0,152591.0,152713.0,152960.0,153238.0,153550.0,153743.0,154022.0,154196.0,154344.0,154522.0,154688.0,154868.0,155064.0,155278.0,155480.0,155631.0,155836.0,156115.0,156342.0,156567.0,156729.0,156841.0,156924.0,157065.0,157195.0,157337.0,157470.0,157602.0,157734.0,157817.0,157960.0,158071.0,158259.0,158422.0,158560.0,158692.0,158851.0,158990.0,159097.0,159230.0,159342.0,159553.0,159657.0,159795.0,159960.0,160135.0,160305.0,160458.0,,,,,,,,,161686.0,161776.0,161901.0,162037.0,162175.0,162288.0,162414.0,162519.0,162620.0,162841.0,163030.0,163201.0,163414.0,163621.0,163773.0,163921.0,164085.0,164268.0,164444.0,164615.0,164741.0,164842.0,164939.0,165060.0,165177.0,165291.0,165392.0,165504.0,165602.0,165693.0,165790.0,165887.0,166002.0,166125.0,166255.0,166363.0,166449.0,166568.0,166697.0,166871.0,167045.0,167176.0,167323.0,167427.0,167531.0,167679.0,167829.0,168002.0,168186.0,168350.0,168496.0,168686.0,168965.0,169183.0,169425.0,169596.0,169817.0,169988.0,170169.0,170416.0,170636.0,170806.0,171015.0,171212.0,171361.0,171600.0,171819.0,172027.0,172182.0,172414.0,172613.0,172812
SPF4HngPfy8,119672.0,119681.0,119698.0,119720.0,119748.0,119786.0,119819.0,119851.0,119883.0,119913.0,119948.0,119979.0,120005.0,120021.0,120041.0,120066.0,120085.0,120097.0,120122.0,120137.0,120164.0,120192.0,120223.0,120239.0,120260.0,120276.0,120293.0,120312.0,120331.0,120345.0,120361.0,120381.0,120407.0,120423.0,120434.0,120452.0,120472.0,120488.0,120513.0,120543.0,120579.0,120610.0,120634.0,120663.0,120684.0,120714.0,120744.0,120767.0,120804.0,120827.0,120856.0,120877.0,120909.0,120929.0,120945.0,120973.0,120997.0,121017.0,121049.0,121083.0,121119.0,121157.0,121185.0,121223.0,121266.0,121301.0,121331.0,121352.0,121396.0,121430.0,121468.0,121497.0,121527.0,121561.0,121591.0,121621.0,121649.0,121672.0,121702.0,121726.0,121746.0,121767.0,121788.0,121816.0,121834.0,121855.0,121874.0,121895.0,121915.0,121936.0,121963.0,122001.0,122028.0,122047.0,122078.0,122111.0,122140.0,122156.0,122182.0,122208.0,122228.0,122250.0,122277.0,122296.0,122325.0,122351.0,122386.0,122413.0,122438.0,122470.0,122494.0,122524.0,122553.0,122581.0,122604.0,122626.0,122645.0,122666.0,122699.0,122731.0,122746.0,122760.0,122779.0,122800.0,122819.0,122823.0,122835.0,122858.0,122874.0,122900.0,122943.0,122976.0,123007.0,123025.0,,,,,,,,,123179.0,123196.0,123210.0,123228.0,123252.0,123270.0,123284.0,123319.0,123335.0,123349.0,123375.0,123391.0,123425.0,123472.0,123488.0,123509.0,123527.0,123546.0,123573.0,123593.0,123620.0,123638.0,123659.0,123685.0,123705.0,123735.0,123754.0,123783.0,123814.0,123842.0,123868.0,123882.0,123902.0,123928.0,123951.0,123981.0,124000.0,124015.0,124037.0,124056.0,124071.0,124094.0,124112.0,124129.0,124142.0,124164.0,124186.0,124201.0,124229.0,124249.0,124267.0,124291.0,124306.0,124328.0,124348.0,124365.0,124379.0,124394.0,124410.0,124430.0,124439.0,124450.0,124470.0,124495.0,124513.0,124548.0,124577.0,124595.0,124619.0,124638.0,124659.0,124681
RAGpgYqvLGc,61716.0,61732.0,61744.0,61753.0,61765.0,61774.0,61783.0,61792.0,61801.0,61811.0,61821.0,61823.0,61831.0,61845.0,61854.0,61859.0,61873.0,61889.0,61901.0,61906.0,61914.0,61924.0,61930.0,61937.0,61942.0,61947.0,61952.0,61961.0,61964.0,61982.0,61995.0,62003.0,62013.0,62024.0,62034.0,62045.0,62055.0,62059.0,62067.0,62071.0,62077.0,62083.0,62088.0,62098.0,62109.0,62115.0,62119.0,62129.0,62138.0,62144.0,62148.0,62160.0,62166.0,62173.0,62178.0,62179.0,62184.0,62190.0,62195.0,62201.0,62213.0,62221.0,62226.0,62234.0,62243.0,62254.0,62267.0,62273.0,62280.0,62288.0,62293.0,62304.0,62312.0,62317.0,62330.0,62345.0,62357.0,62376.0,62384.0,62392.0,62397.0,62401.0,62410.0,62428.0,62441.0,62448.0,62454.0,62460.0,62472.0,62480.0,62482.0,62498.0,62509.0,62521.0,62537.0,62540.0,62549.0,62558.0,62562.0,62565.0,62574.0,62579.0,62585.0,62594.0,62603.0,62611.0,62616.0,62622.0,62637.0,62645.0,62657.0,62663.0,62674.0,62686.0,62696.0,62701.0,62711.0,62714.0,62722.0,62729.0,62739.0,62751.0,62765.0,62774.0,62789.0,62804.0,62814.0,62821.0,62831.0,62835.0,62842.0,62851.0,62859.0,62869.0,,,,,,,,,63003.0,63015.0,63027.0,63045.0,63059.0,63076.0,63094.0,63114.0,63138.0,63155.0,63174.0,63178.0,63196.0,63206.0,63224.0,63251.0,63261.0,63276.0,63284.0,63299.0,63310.0,63320.0,63326.0,63334.0,63342.0,63348.0,63352.0,63361.0,63366.0,63369.0,63373.0,63377.0,63385.0,63398.0,63408.0,63419.0,63436.0,63456.0,63463.0,63474.0,63491.0,63504.0,63523.0,63532.0,63541.0,63554.0,63561.0,63576.0,63584.0,63593.0,63598.0,63604.0,63611.0,63617.0,63622.0,63629.0,63644.0,63653.0,63667.0,63674.0,63692.0,63704.0,63712.0,63724.0,63729.0,63750.0,63776.0,63793.0,63810.0,63824.0,63836.0,63842
bwgiRheMJh8,71698.0,71724.0,71753.0,71773.0,71783.0,71803.0,71825.0,71848.0,71873.0,71897.0,71908.0,71921.0,71936.0,71959.0,71978.0,72002.0,72011.0,72030.0,72047.0,72061.0,72075.0,72080.0,72098.0,72115.0,72129.0,72162.0,72175.0,72195.0,72213.0,72231.0,72241.0,72252.0,72262.0,72280.0,72293.0,72306.0,72318.0,72331.0,72349.0,72365.0,72375.0,72388.0,72404.0,72419.0,72440.0,72453.0,72470.0,72487.0,72503.0,72515.0,72525.0,72534.0,72544.0,72559.0,72574.0,72592.0,72605.0,72617.0,72639.0,72656.0,72674.0,72691.0,72714.0,72734.0,72748.0,72759.0,72766.0,72782.0,72787.0,72796.0,72805.0,72826.0,72835.0,72852.0,72856.0,72863.0,72873.0,72888.0,72900.0,72918.0,72924.0,72933.0,72942.0,72949.0,72968.0,72977.0,72994.0,73007.0,73023.0,73038.0,73049.0,73058.0,73074.0,73079.0,73093.0,73110.0,73126.0,73140.0,73158.0,73167.0,73181.0,73195.0,73213.0,73235.0,73254.0,73264.0,73279.0,73298.0,73311.0,73329.0,73341.0,73348.0,73364.0,73381.0,73403.0,73428.0,73451.0,73478.0,73494.0,73511.0,73522.0,73534.0,73548.0,73561.0,73577.0,73595.0,73612.0,73628.0,73641.0,73656.0,73665.0,73675.0,73687.0,73698.0,,,,,,,,,73836.0,73850.0,73863.0,73873.0,73894.0,73905.0,73918.0,73940.0,73951.0,73964.0,73980.0,73992.0,74006.0,74020.0,74024.0,74038.0,74052.0,74071.0,74085.0,74089.0,74094.0,74102.0,74106.0,74113.0,74122.0,74132.0,74146.0,74162.0,74168.0,74175.0,74187.0,74196.0,74208.0,74220.0,74236.0,74248.0,74256.0,74265.0,74283.0,74292.0,74306.0,74315.0,74322.0,74334.0,74343.0,74350.0,74365.0,74381.0,74395.0,74404.0,74412.0,74420.0,74433.0,74450.0,74461.0,74465.0,74474.0,74487.0,74494.0,74507.0,74519.0,74525.0,74530.0,74539.0,74547.0,74561.0,74577.0,74591.0,74600.0,74604.0,74616.0,74626
VGBxiZsnXh4,8230.0,8230.0,8230.0,8230.0,8230.0,8230.0,8230.0,8231.0,8231.0,8234.0,8234.0,8234.0,8231.0,8231.0,8231.0,8231.0,8231.0,8232.0,8232.0,8232.0,8232.0,8232.0,8232.0,8232.0,8232.0,8232.0,8232.0,8232.0,8232.0,8232.0,8232.0,8233.0,8233.0,8235.0,8236.0,8236.0,8236.0,8237.0,8237.0,8238.0,8237.0,8239.0,8240.0,8241.0,8241.0,8242.0,8242.0,8243.0,8243.0,8243.0,8243.0,8243.0,8243.0,8243.0,8243.0,8243.0,8243.0,8243.0,8243.0,8244.0,8244.0,8244.0,8244.0,8244.0,8244.0,8245.0,8245.0,8245.0,8245.0,8246.0,8246.0,8247.0,8247.0,8248.0,8250.0,8251.0,8252.0,8253.0,8253.0,8253.0,8253.0,8253.0,8254.0,8254.0,8255.0,8255.0,8256.0,8256.0,8256.0,8256.0,8256.0,8256.0,8256.0,8257.0,8257.0,8257.0,8257.0,8257.0,8260.0,8260.0,8260.0,8261.0,8262.0,8264.0,8264.0,8265.0,8266.0,8266.0,8266.0,8267.0,8268.0,8268.0,8268.0,8268.0,8268.0,8268.0,8269.0,8269.0,8269.0,8269.0,8269.0,8269.0,8269.0,8269.0,8269.0,8270.0,8270.0,8271.0,8273.0,8274.0,8274.0,8274.0,8275.0,8275.0,,,,,,,,,8277.0,8277.0,8279.0,8279.0,8280.0,8281.0,8281.0,8282.0,8282.0,8282.0,8282.0,8282.0,8283.0,8283.0,8283.0,8284.0,8284.0,8285.0,8285.0,8285.0,8285.0,8285.0,8285.0,8285.0,8285.0,8285.0,8285.0,8285.0,8285.0,8285.0,8285.0,8285.0,8285.0,8285.0,8285.0,8285.0,8285.0,8285.0,8285.0,8285.0,8285.0,8285.0,8285.0,8286.0,8286.0,8286.0,8286.0,8286.0,8286.0,8286.0,8286.0,8286.0,8287.0,8287.0,8287.0,8287.0,8290.0,8291.0,8291.0,8292.0,8292.0,8293.0,8293.0,8294.0,8295.0,8296.0,8298.0,8298.0,8298.0,8298.0,8298.0,8299
cZfPFNcx2f4,1140107.0,1140421.0,1140889.0,1141221.0,1141462.0,1141824.0,1142240.0,1142658.0,1143026.0,1143665.0,1144136.0,1144532.0,1144970.0,1145463.0,1145870.0,1146283.0,1146745.0,1147054.0,1147341.0,1147687.0,1148000.0,1148339.0,1148727.0,1149315.0,1149787.0,1150162.0,1150629.0,1151069.0,1151560.0,1152115.0,1152574.0,1152933.0,1153368.0,1153785.0,1154224.0,1154608.0,1155167.0,1155774.0,1156263.0,1156735.0,1157200.0,1157687.0,1158155.0,1158651.0,1159245.0,1159678.0,1160135.0,1160680.0,1161078.0,1161557.0,1161997.0,1162318.0,1162638.0,1162946.0,1163282.0,1163651.0,1164002.0,1164356.0,1164628.0,1164995.0,1165394.0,1165720.0,1166138.0,1166578.0,1166918.0,1167203.0,1167412.0,1167695.0,1167965.0,1168303.0,1168620.0,1168919.0,1169200.0,1169486.0,1169702.0,1170015.0,1170296.0,1170571.0,1170955.0,1171282.0,1171499.0,1171699.0,1171935.0,1172164.0,1172385.0,1172725.0,1173000.0,1173297.0,1173509.0,1173761.0,1174021.0,1174268.0,1174551.0,1174836.0,1175048.0,1175314.0,1175554.0,1175803.0,1176049.0,1176375.0,1176639.0,1176862.0,1177040.0,1177265.0,1177542.0,1177830.0,1178153.0,1178401.0,1178684.0,1178965.0,1179310.0,1179736.0,1180072.0,1180425.0,1180927.0,1181245.0,1181497.0,1181776.0,1182278.0,1182590.0,1182886.0,1183168.0,1183504.0,1183787.0,1184093.0,1184398.0,1184701.0,1185035.0,1185382.0,1185713.0,1185987.0,1186242.0,1186616.0,1187091.0,,,,,,,,,1190874.0,1191303.0,1191628.0,1191987.0,1192278.0,1192610.0,1192989.0,1193301.0,1193688.0,1193940.0,1194243.0,1194542.0,1194917.0,1195256.0,1195588.0,1195837.0,1196069.0,1196439.0,1196741.0,1197063.0,1197357.0,1197739.0,1198120.0,1198407.0,1198690.0,1198973.0,1199266.0,1199606.0,1199885.0,1200247.0,1200520.0,1200884.0,1201233.0,1201538.0,1201872.0,1202149.0,1202505.0,1202782.0,1203380.0,1206164.0,1210592.0,1215265.0,1218380.0,1219794.0,1220833.0,1221819.0,1222555.0,1223081.0,1223862.0,1224409.0,1224931.0,1225373.0,1225761.0,1226146.0,1226507.0,1226955.0,1227359.0,1227717.0,1228129.0,1228390.0,1228700.0,1229051.0,1229338.0,1229650.0,1230002.0,1230307.0,1230643.0,1231008.0,1231303.0,1231573.0,1231822.0,1232088
XvzrIh_2JOo,173656.0,173731.0,173807.0,173872.0,173931.0,173993.0,174052.0,174144.0,174215.0,174283.0,174333.0,174376.0,174430.0,174479.0,174570.0,174642.0,174711.0,174768.0,174833.0,174892.0,174980.0,175057.0,175130.0,175206.0,175283.0,175354.0,175417.0,175486.0,175544.0,175611.0,175656.0,175712.0,175750.0,175791.0,175851.0,175895.0,175944.0,176002.0,176065.0,176103.0,176171.0,176223.0,176286.0,176327.0,176372.0,176427.0,176513.0,176573.0,176642.0,176715.0,176783.0,176830.0,176909.0,176984.0,177047.0,177088.0,177138.0,177193.0,177237.0,177280.0,177325.0,177376.0,177416.0,177467.0,177517.0,177568.0,177611.0,177655.0,177683.0,177738.0,177786.0,177849.0,177895.0,177939.0,177977.0,178004.0,178046.0,178107.0,178161.0,178203.0,178228.0,178259.0,178293.0,178337.0,178378.0,178427.0,178468.0,178510.0,178555.0,178602.0,178646.0,178678.0,178727.0,178773.0,178816.0,178855.0,178909.0,178955.0,178998.0,179049.0,179109.0,179180.0,179243.0,179290.0,179366.0,179415.0,179507.0,179568.0,179619.0,179671.0,179733.0,179792.0,179839.0,179887.0,179930.0,179984.0,180023.0,180079.0,180152.0,180203.0,180258.0,180299.0,180334.0,180370.0,180411.0,180489.0,180542.0,180592.0,180645.0,180686.0,180724.0,180785.0,180845.0,180897.0,,,,,,,,,181541.0,181624.0,181674.0,181728.0,181807.0,181907.0,181978.0,182057.0,182167.0,182265.0,182362.0,182448.0,182532.0,182639.0,182709.0,182814.0,182886.0,182992.0,183082.0,183149.0,183241.0,183344.0,183417.0,183503.0,183593.0,183664.0,183757.0,183841.0,183927.0,184009.0,184100.0,184189.0,184287.0,184384.0,184467.0,184549.0,184602.0,184663.0,184728.0,184838.0,185034.0,185205.0,185337.0,185459.0,185535.0,185622.0,185706.0,185777.0,185851.0,185941.0,186022.0,186082.0,186144.0,186202.0,186260.0,186323.0,186394.0,186442.0,186485.0,186533.0,186601.0,186660.0,186721.0,186777.0,186826.0,186873.0,186917.0,186991.0,187045.0,187103.0,187153.0,187198
aJdrRV05R2c,13024052.0,13024052.0,13024052.0,13024052.0,13024052.0,13024053.0,13024053.0,13024053.0,13024053.0,13024053.0,13024053.0,13024053.0,13024053.0,13024053.0,13024053.0,13024053.0,13024053.0,13024053.0,13024053.0,13024053.0,13024053.0,13024053.0,13024053.0,13024053.0,13024054.0,13024054.0,13024054.0,13024055.0,13024055.0,13024055.0,13024057.0,13024057.0,13024057.0,13024057.0,13024057.0,13024057.0,13024058.0,13024058.0,13024057.0,13024057.0,13024058.0,13024058.0,13024058.0,13024058.0,13024058.0,13024059.0,13024059.0,13024059.0,13024059.0,13024059.0,13024059.0,13024059.0,13024059.0,13024059.0,13024059.0,13024060.0,13024061.0,13024062.0,13024062.0,13024063.0,13024063.0,13024063.0,13024064.0,13024064.0,13024064.0,13024064.0,13024064.0,13024065.0,13024066.0,13024067.0,13024067.0,13024067.0,13024067.0,13024067.0,13024067.0,13024067.0,13024067.0,13024067.0,13024067.0,13024067.0,13024067.0,13024067.0,13024067.0,13024067.0,13024067.0,13024067.0,13024067.0,13024067.0,13024067.0,13024067.0,13024067.0,13024067.0,13024067.0,13024067.0,13024067.0,13024067.0,13024068.0,13024068.0,13024068.0,13024068.0,13024068.0,13024068.0,13024068.0,13024068.0,13024068.0,13024068.0,13024068.0,13024068.0,13024068.0,13024068.0,13024068.0,13024068.0,13024068.0,13024068.0,13024068.0,13024068.0,13024068.0,13024068.0,13024068.0,13024068.0,13024068.0,13024068.0,13024068.0,13024068.0,13024068.0,13024068.0,13024068.0,13024068.0,13024068.0,13024068.0,13024068.0,13024068.0,13024068.0,13024068.0,,,,,,,,,13024068.0,13024068.0,13024068.0,13024068.0,13024068.0,13024068.0,13024068.0,13024068.0,13024068.0,13024068.0,13024068.0,13024068.0,13024068.0,13024068.0,13024068.0,13024068.0,13024068.0,13024068.0,13024068.0,13024068.0,13024068.0,13024068.0,13024068.0,13024068.0,13024068.0,13024068.0,13024068.0,13024068.0,13024068.0,13024068.0,13024068.0,13024068.0,13024068.0,13024068.0,13024068.0,13024068.0,13024068.0,13024068.0,13024068.0,13024068.0,13024068.0,13024068.0,13024068.0,13024068.0,13024068.0,13024068.0,13024068.0,13024068.0,13024068.0,13024068.0,13024068.0,13024068.0,13024068.0,13024068.0,13024068.0,13024068.0,13024068.0,13024068.0,13024068.0,13024068.0,13024068.0,13024068.0,13024068.0,13024068.0,13024068.0,13024068.0,13024068.0,13024068.0,13024068.0,13024068.0,13024068.0,13024068
604XKE8_TNE,94816.0,94847.0,94892.0,94923.0,94974.0,95011.0,95057.0,95100.0,95129.0,95189.0,95226.0,95282.0,95329.0,95367.0,95401.0,95452.0,95480.0,95519.0,95566.0,95601.0,95658.0,95702.0,95755.0,95788.0,95824.0,95864.0,95893.0,95945.0,95980.0,96025.0,96069.0,96111.0,96158.0,96206.0,96242.0,96285.0,96321.0,96364.0,96411.0,96449.0,96480.0,96514.0,96557.0,96596.0,96641.0,96680.0,96717.0,96756.0,96798.0,96840.0,96877.0,96901.0,96921.0,96940.0,96954.0,96988.0,97021.0,97049.0,97083.0,97105.0,97135.0,97178.0,97211.0,97237.0,97277.0,97301.0,97324.0,97347.0,97376.0,97418.0,97473.0,97516.0,97561.0,97583.0,97613.0,97635.0,97669.0,97693.0,97719.0,97746.0,97770.0,97814.0,97853.0,97890.0,97935.0,97990.0,98024.0,98046.0,98096.0,98126.0,98155.0,98182.0,98230.0,98270.0,98295.0,98325.0,98374.0,98415.0,98457.0,98494.0,98528.0,98559.0,98593.0,98634.0,98667.0,98688.0,98732.0,98767.0,98794.0,98837.0,98874.0,98924.0,98986.0,99024.0,99068.0,99114.0,99185.0,99237.0,99282.0,99322.0,99365.0,99393.0,99431.0,99455.0,99493.0,99545.0,99581.0,99617.0,99662.0,99702.0,99750.0,99793.0,99822.0,99867.0,,,,,,,,,100310.0,100325.0,100374.0,100406.0,100431.0,100462.0,100493.0,100518.0,100537.0,100563.0,100606.0,100644.0,100683.0,100712.0,100755.0,100786.0,100819.0,100847.0,100873.0,100899.0,100932.0,100970.0,100992.0,101018.0,101047.0,101071.0,101111.0,101144.0,101171.0,101200.0,101240.0,101269.0,101305.0,101347.0,101377.0,101413.0,101446.0,101477.0,101519.0,101554.0,101594.0,101620.0,101659.0,101697.0,101729.0,101760.0,101814.0,101851.0,101906.0,101942.0,101973.0,102001.0,102040.0,102073.0,102112.0,102141.0,102174.0,102209.0,102232.0,102265.0,102292.0,102331.0,102372.0,102396.0,102415.0,102441.0,102468.0,102488.0,102512.0,102534.0,102545.0,102562
-iMRP_KOmOs,1258867.0,1259342.0,1259824.0,1260208.0,1260672.0,1261238.0,1261753.0,1262335.0,1262879.0,1263334.0,1263649.0,1264055.0,1264485.0,1264979.0,1265518.0,1266058.0,1266455.0,1266753.0,1267205.0,1267744.0,1268369.0,1268962.0,1269508.0,1269948.0,1270307.0,1270904.0,1271445.0,1271971.0,1272460.0,1273066.0,1273571.0,1273956.0,1274438.0,1274881.0,1275411.0,1275842.0,1276274.0,1276630.0,1276890.0,1277291.0,1277682.0,1278111.0,1278515.0,1278981.0,1279319.0,1279593.0,1279969.0,1280425.0,1280755.0,1281129.0,1281602.0,1281995.0,1282327.0,1282667.0,1283035.0,1283295.0,1283612.0,1283951.0,1284237.0,1284499.0,1284763.0,1285116.0,1285451.0,1285792.0,1286174.0,1286519.0,1286803.0,1287103.0,1287372.0,1287681.0,1287963.0,1288348.0,1288629.0,1288869.0,1289154.0,1289480.0,1289780.0,1290137.0,1290503.0,1290832.0,1291075.0,1291363.0,1291639.0,1292031.0,1292428.0,1292910.0,1293254.0,1293559.0,1293883.0,1294254.0,1294627.0,1294973.0,1295363.0,1295685.0,1295957.0,1296282.0,1296630.0,1296938.0,1297349.0,1297781.0,1298053.0,1298294.0,1298658.0,1298994.0,1299381.0,1299730.0,1300085.0,1300536.0,1300823.0,1301182.0,1301574.0,1301942.0,1302304.0,1302746.0,1303066.0,1303331.0,1303691.0,1304089.0,1304521.0,1304895.0,1305247.0,1305607.0,1305916.0,1306249.0,1306588.0,1306935.0,1307311.0,1307679.0,1307992.0,1308269.0,1308630.0,1309059.0,1309517.0,1310023.0,,,,,,,,,1314460.0,1314777.0,1315327.0,1315930.0,1316413.0,1316848.0,1317275.0,1317591.0,1317984.0,1318407.0,1318912.0,1319384.0,1319931.0,1320621.0,1321156.0,1321602.0,1322139.0,1322785.0,1323332.0,1323811.0,1324148.0,1324503.0,1324834.0,1325189.0,1325588.0,1325935.0,1326306.0,1326772.0,1327164.0,1327467.0,1327868.0,1328292.0,1328696.0,1329038.0,1329473.0,1329810.0,1330129.0,1330455.0,1330847.0,1331144.0,1331687.0,1332130.0,1332434.0,1332743.0,1333049.0,1333416.0,1333835.0,1334286.0,1334628.0,1334964.0,1335221.0,1335539.0,1335852.0,1336161.0,1336420.0,1336760.0,1337121.0,1337393.0,1337723.0,1338106.0,1338479.0,1338787.0,1339124.0,1339484.0,1339759.0,1340250.0,1340631.0,1341035.0,1341384.0,1341757.0,1342128.0,1342495
kSDLPF74Sa8,44232.0,44232.0,44232.0,44232.0,44233.0,44233.0,44233.0,44234.0,44234.0,44234.0,44236.0,44236.0,44236.0,44236.0,44236.0,44236.0,44236.0,44236.0,44236.0,44237.0,44237.0,44240.0,44240.0,44240.0,44242.0,44243.0,44245.0,44246.0,44246.0,44246.0,44246.0,44246.0,44246.0,44246.0,44246.0,44246.0,44247.0,44247.0,44253.0,44254.0,44256.0,44258.0,44263.0,44266.0,44267.0,44268.0,44268.0,44270.0,44271.0,44272.0,44272.0,44272.0,44272.0,44272.0,44272.0,44274.0,44274.0,44274.0,44273.0,44275.0,44275.0,44279.0,44279.0,44279.0,44280.0,44281.0,44284.0,44284.0,44286.0,44286.0,44286.0,44288.0,44289.0,44289.0,44290.0,44291.0,44292.0,44292.0,44294.0,44295.0,44295.0,44298.0,44298.0,44298.0,44298.0,44300.0,44300.0,44301.0,44306.0,44307.0,44308.0,44309.0,44310.0,44311.0,44313.0,44313.0,44313.0,44313.0,44316.0,44316.0,44317.0,44318.0,44318.0,44318.0,44319.0,44319.0,44322.0,44325.0,44328.0,44328.0,44330.0,44331.0,44332.0,44335.0,44337.0,44337.0,44338.0,44338.0,44339.0,44341.0,44342.0,44342.0,44342.0,44343.0,44343.0,44343.0,44343.0,44350.0,44350.0,44352.0,44354.0,44356.0,44356.0,44356.0,,,,,,,,,44366.0,44368.0,44369.0,44370.0,44372.0,44374.0,44376.0,44376.0,44376.0,44376.0,44378.0,44378.0,44379.0,44382.0,44382.0,44383.0,44387.0,44387.0,44388.0,44388.0,44388.0,44388.0,44388.0,44389.0,44390.0,44393.0,44395.0,44400.0,44400.0,44400.0,44400.0,44402.0,44402.0,44402.0,44403.0,44403.0,44404.0,44404.0,44406.0,44407.0,44407.0,44407.0,44407.0,44408.0,44408.0,44408.0,44408.0,44413.0,44413.0,44413.0,44416.0,44418.0,44420.0,44422.0,44427.0,44431.0,44432.0,44432.0,44432.0,44432.0,44433.0,44433.0,44433.0,44433.0,44433.0,44434.0,44434.0,44436.0,44436.0,44437.0,44439.0,44440
_jkfmeu8MsU,45169.0,45169.0,45169.0,45169.0,45169.0,45169.0,45169.0,45169.0,45169.0,45169.0,45170.0,45173.0,45173.0,45173.0,45173.0,45174.0,45175.0,45175.0,45175.0,45175.0,45175.0,45175.0,45175.0,45175.0,45175.0,45177.0,45177.0,45178.0,45178.0,45178.0,45178.0,45180.0,45180.0,45180.0,45182.0,45183.0,45184.0,45184.0,45186.0,45191.0,45191.0,45191.0,45191.0,45191.0,45191.0,45191.0,45191.0,45191.0,45191.0,45192.0,45193.0,45193.0,45193.0,45193.0,45193.0,45193.0,45193.0,45193.0,45193.0,45194.0,45194.0,45194.0,45194.0,45195.0,45195.0,45195.0,45197.0,45197.0,45200.0,45200.0,45200.0,45200.0,45200.0,45201.0,45201.0,45203.0,45203.0,45203.0,45203.0,45204.0,45204.0,45205.0,45205.0,45205.0,45205.0,45207.0,45207.0,45207.0,45207.0,45207.0,45207.0,45207.0,45209.0,45210.0,45211.0,45211.0,45211.0,45213.0,45213.0,45213.0,45214.0,45215.0,45216.0,45217.0,45217.0,45219.0,45219.0,45219.0,45219.0,45222.0,45222.0,45222.0,45222.0,45222.0,45222.0,45222.0,45222.0,45222.0,45222.0,45222.0,45223.0,45224.0,45224.0,45224.0,45224.0,45225.0,45225.0,45225.0,45225.0,45225.0,45225.0,45225.0,45225.0,45225.0,,,,,,,,,45228.0,45228.0,45230.0,45231.0,45232.0,45232.0,45236.0,45236.0,45236.0,45236.0,45236.0,45236.0,45236.0,45236.0,45237.0,45239.0,45239.0,45239.0,45240.0,45240.0,45241.0,45241.0,45241.0,45241.0,45243.0,45243.0,45244.0,45244.0,45244.0,45244.0,45244.0,45244.0,45244.0,45244.0,45245.0,45245.0,45245.0,45245.0,45245.0,45248.0,45252.0,45253.0,45253.0,45253.0,45253.0,45253.0,45254.0,45254.0,45254.0,45254.0,45254.0,45255.0,45255.0,45256.0,45256.0,45256.0,45256.0,45256.0,45256.0,45256.0,45256.0,45256.0,45256.0,45256.0,45256.0,45256.0,45256.0,45256.0,45256.0,45256.0,45256.0,45256
cfGl7ZIq-CQ,,,,,,,,,,,,,,,,,,,,,,,,,,,,,,,,,,,,,,,,,,,,,,,,,,,,,,,,,,,,,,,,,,,,,,,,,,,,,,,,,,,,,,,,,,,,,,,,,,,,,,,,,,,,,,,,,,,,,,,,,,,,,,,,,,,,,,,,,,,,,,,,,,,,,,,,,,,,,,,,,,,,,,,,,,,,,,,,,,,,,,,,,,,,,,,,,,,,,,,,,,,,,,,,,,,,,,
5cJEZ-pC-RQ,6791321.0,6792523.0,6793831.0,6795209.0,6796681.0,6798156.0,6799560.0,6801420.0,6803026.0,6804861.0,6806810.0,6808534.0,6810512.0,6812411.0,6814236.0,6816473.0,6819149.0,6821671.0,6823789.0,6825537.0,6827366.0,6829560.0,6832006.0,6834628.0,6836641.0,6838474.0,6840311.0,6842031.0,6843667.0,6845382.0,6847483.0,6849237.0,6851109.0,6853190.0,6855567.0,6858654.0,6863135.0,6868046.0,6873057.0,6877022.0,6880896.0,6883984.0,6886737.0,6889212.0,6891786.0,6893707.0,6895414.0,6897562.0,6899503.0,6901516.0,6903598.0,6905692.0,6907728.0,6909925.0,6912286.0,6914488.0,6916676.0,6918498.0,6921275.0,6923271.0,6925262.0,6927159.0,6929014.0,6930835.0,6932487.0,6934215.0,6936120.0,6938043.0,6939469.0,6942268.0,6944328.0,6946828.0,6948830.0,6950800.0,6952683.0,6954673.0,6956614.0,6958424.0,6960008.0,6961742.0,6963436.0,6964817.0,6966182.0,6967619.0,6969063.0,6970684.0,6972295.0,6973704.0,6974894.0,6976072.0,6977450.0,6978702.0,6979918.0,6981171.0,6982649.0,6983793.0,6984796.0,6985792.0,6986717.0,6987684.0,6988740.0,6989968.0,6990987.0,6992081.0,6993054.0,6994202.0,6995087.0,6996386.0,6997602.0,6998656.0,6999747.0,7001019.0,7002370.0,7003531.0,7004907.0,7006323.0,7007724.0,7009109.0,7010491.0,7011914.0,7013438.0,7015011.0,7017111.0,7019026.0,7020462.0,7021751.0,7023065.0,7024547.0,7026011.0,7027355.0,7028531.0,7029520.0,7030556.0,7031459.0,,,,,,,,,7040018.0,7041083.0,7042000.0,7042906.0,7043853.0,7044697.0,7045513.0,7046535.0,7047786.0,7048638.0,7049459.0,7050584.0,7052721.0,7054910.0,7057078.0,7059153.0,7061012.0,7062130.0,7063963.0,7065701.0,7067161.0,7068731.0,7070419.0,7071835.0,7073369.0,7074838.0,7076235.0,7077675.0,7078931.0,7079993.0,7081081.0,7082093.0,7083295.0,7084461.0,7085549.0,7086564.0,7087699.0,7088691.0,7089776.0,7090977.0,7091971.0,7092875.0,7093876.0,7095001.0,7096092.0,7097257.0,7098469.0,7099712.0,7101073.0,7102271.0,7103335.0,7104347.0,7105307.0,7106250.0,7107183.0,7108089.0,7109056.0,7110004.0,7110895.0,7111939.0,7112960.0,7113906.0,7114950.0,7116318.0,7117727.0,7119160.0,7120690.0,7122399.0,7123931.0,7125207.0,7126924.0,7128593
BR7xmw_RTqs,414191.0,414742.0,415337.0,415724.0,416169.0,416754.0,417139.0,417336.0,417712.0,418615.0,419238.0,419557.0,419864.0,420353.0,420810.0,421312.0,421613.0,422002.0,422359.0,422855.0,423362.0,424088.0,424862.0,425334.0,425602.0,425978.0,426607.0,427146.0,427618.0,428120.0,428685.0,429247.0,429613.0,429887.0,430099.0,430688.0,430863.0,431099.0,431318.0,431794.0,432177.0,432532.0,432940.0,433415.0,434317.0,434819.0,435345.0,436490.0,437438.0,438166.0,438969.0,440739.0,441684.0,442681.0,443718.0,445114.0,446907.0,448951.0,450889.0,453328.0,457644.0,461485.0,464877.0,467422.0,469674.0,471299.0,473805.0,476110.0,478854.0,480605.0,484110.0,487301.0,491139.0,495362.0,499432.0,503054.0,508762.0,514268.0,520560.0,526321.0,532568.0,539937.0,546882.0,554026.0,560971.0,568170.0,575948.0,583593.0,593046.0,603479.0,611942.0,620199.0,630172.0,639292.0,649238.0,659929.0,670571.0,679777.0,689550.0,697864.0,706761.0,715040.0,724918.0,735233.0,745229.0,755666.0,764999.0,773419.0,779017.0,786547.0,794808.0,803404.0,813418.0,822075.0,830748.0,839448.0,850353.0,860922.0,869663.0,880588.0,890719.0,899274.0,906715.0,913864.0,921948.0,929545.0,935561.0,943024.0,949473.0,954752.0,960665.0,966372.0,972293.0,977775.0,,,,,,,,,1041553.0,1048463.0,1054804.0,1063710.0,1072329.0,1082448.0,1091648.0,1101397.0,1111218.0,1121196.0,1132145.0,1143815.0,1155624.0,1167995.0,1179370.0,1188787.0,1201810.0,1214940.0,1225826.0,1236268.0,1247386.0,1258893.0,1265864.0,1278166.0,1289038.0,1299400.0,1310044.0,1321474.0,1331532.0,1340005.0,1350198.0,1361858.0,1375167.0,1387430.0,1400672.0,1411406.0,1420927.0,1431649.0,1444493.0,1456958.0,1469324.0,1482942.0,1497680.0,1509573.0,1520848.0,1532401.0,1544479.0,1557511.0,1571225.0,1582910.0,1595898.0,1609782.0,1623114.0,1637040.0,1651136.0,1664012.0,1678551.0,1691080.0,1704926.0,1720323.0,1734402.0,1746214.0,1759706.0,1772643.0,1783861.0,1796351.0,1809998.0,1823515.0,1834320.0,1847447.0,1860601.0,1873492
NX31WXTuOnw,1360516.0,1360929.0,1361489.0,1361927.0,1362680.0,1363361.0,1364070.0,1364789.0,1365474.0,1366008.0,1366638.0,1367221.0,1367936.0,1368648.0,1369419.0,1370030.0,1370533.0,1371015.0,1371605.0,1372156.0,1372743.0,1373279.0,1373904.0,1374364.0,1374848.0,1375415.0,1375950.0,1376493.0,1377016.0,1377594.0,1378191.0,1378598.0,1379150.0,1379644.0,1380197.0,1380787.0,1381372.0,1381923.0,1382403.0,1382900.0,1383357.0,1383934.0,1384576.0,1385092.0,1385574.0,1386017.0,1386497.0,1387119.0,1387635.0,1388103.0,1388631.0,1388994.0,1389393.0,1389895.0,1390345.0,1390795.0,1391342.0,1391872.0,1392378.0,1392827.0,1393296.0,1393807.0,1394353.0,1394895.0,1395359.0,1395927.0,1396315.0,1396882.0,1397238.0,1397772.0,1398235.0,1398602.0,1399037.0,1399387.0,1399727.0,1400224.0,1400655.0,1401072.0,1401504.0,1401870.0,1402203.0,1402583.0,1403011.0,1403459.0,1403910.0,1404335.0,1404743.0,1405107.0,1405569.0,1406045.0,1406527.0,1406994.0,1407589.0,1408015.0,1408396.0,1408902.0,1409451.0,1409909.0,1410423.0,1410951.0,1411425.0,1411863.0,1412268.0,1412765.0,1413331.0,1413935.0,1414486.0,1414997.0,1415391.0,1415893.0,1416379.0,1417025.0,1417542.0,1418136.0,1418603.0,1419009.0,1419523.0,1420133.0,1420874.0,1421472.0,1422022.0,1422486.0,1422964.0,1423404.0,1423835.0,1424187.0,1424622.0,1425251.0,1425729.0,1426179.0,1426610.0,1426995.0,1427505.0,1428046.0,,,,,,,,,1432849.0,1433336.0,1433851.0,1434374.0,1434863.0,1435420.0,1435846.0,1436298.0,1436757.0,1437259.0,1437880.0,1438469.0,1439043.0,1439717.0,1440185.0,1440739.0,1441350.0,1442000.0,1442645.0,1443227.0,1443779.0,1444249.0,1444690.0,1445245.0,1445791.0,1446210.0,1446672.0,1447183.0,1447645.0,1448052.0,1448540.0,1449026.0,1449518.0,1449927.0,1450301.0,1450677.0,1451019.0,1451414.0,1451824.0,1452186.0,1452664.0,1453075.0,1453463.0,1453844.0,1454286.0,1454752.0,1455247.0,1455682.0,1456184.0,1456819.0,1457331.0,1458039.0,1458718.0,1459383.0,1459913.0,1460391.0,1460868.0,1461283.0,1461861.0,1462400.0,1462873.0,1463318.0,1463676.0,1464033.0,1464375.0,1464717.0,1465148.0,1465551.0,1465890.0,1466253.0,1466683.0,1467106
Y6cYFxVT5I8,6091.0,6091.0,6092.0,6093.0,6095.0,6097.0,6097.0,6098.0,6099.0,6099.0,6098.0,6100.0,6101.0,6104.0,6105.0,6105.0,6105.0,6106.0,6106.0,6107.0,6108.0,6108.0,6109.0,6110.0,6110.0,6110.0,6111.0,6114.0,6114.0,6117.0,6117.0,6117.0,6119.0,6123.0,6124.0,6126.0,6126.0,6126.0,6127.0,6127.0,6127.0,6128.0,6129.0,6133.0,6132.0,6133.0,6133.0,6134.0,6137.0,6136.0,6136.0,6138.0,6139.0,6140.0,6141.0,6143.0,6143.0,6145.0,6145.0,6145.0,6145.0,6152.0,6154.0,6155.0,6157.0,6159.0,6159.0,6161.0,6163.0,6165.0,6166.0,6166.0,6167.0,6169.0,6170.0,6172.0,6173.0,6173.0,6174.0,6174.0,6178.0,6178.0,6180.0,6181.0,6185.0,6186.0,6190.0,6190.0,6191.0,6191.0,6193.0,6194.0,6193.0,6193.0,6193.0,6194.0,6195.0,6196.0,6198.0,6198.0,6199.0,6199.0,6200.0,6201.0,6202.0,6205.0,6209.0,6213.0,6215.0,6217.0,6218.0,6218.0,6219.0,6221.0,6221.0,6221.0,6222.0,6223.0,6226.0,6226.0,6227.0,6227.0,6227.0,6227.0,6227.0,6227.0,6228.0,6229.0,6230.0,6231.0,6232.0,6233.0,6233.0,6235.0,,,,,,,,,6248.0,6249.0,6249.0,6250.0,6251.0,6251.0,6252.0,6253.0,6255.0,6258.0,6258.0,6258.0,6259.0,6259.0,6259.0,6259.0,6259.0,6259.0,6261.0,6263.0,6264.0,6265.0,6265.0,6266.0,6266.0,6266.0,6266.0,6267.0,6269.0,6270.0,6270.0,6270.0,6270.0,6270.0,6271.0,6271.0,6273.0,6273.0,6275.0,6277.0,6281.0,6283.0,6284.0,6283.0,6287.0,6287.0,6288.0,6289.0,6288.0,6288.0,6289.0,6289.0,6291.0,6291.0,6294.0,6297.0,6297.0,6299.0,6299.0,6301.0,6301.0,6301.0,6301.0,6303.0,6304.0,6305.0,6305.0,6306.0,6306.0,6307.0,6307.0,6312
O5biVaEFpY0,13898.0,13904.0,13908.0,13917.0,13931.0,13938.0,13945.0,13952.0,13955.0,13965.0,13974.0,13981.0,13984.0,13988.0,13993.0,14002.0,14009.0,14016.0,14025.0,14029.0,14041.0,14052.0,14069.0,14082.0,14096.0,14112.0,14121.0,14131.0,14134.0,14138.0,14142.0,14146.0,14151.0,14159.0,14170.0,14182.0,14187.0,14196.0,14202.0,14208.0,14218.0,14225.0,14229.0,14239.0,14246.0,14251.0,14266.0,14273.0,14287.0,14301.0,14313.0,14335.0,14349.0,14352.0,14369.0,14384.0,14400.0,14417.0,14427.0,14436.0,14443.0,14460.0,14471.0,14487.0,14502.0,14511.0,14536.0,14579.0,14603.0,14631.0,14643.0,14664.0,14679.0,14693.0,14710.0,14727.0,14751.0,14770.0,14793.0,14819.0,14839.0,14860.0,14877.0,14903.0,14930.0,14952.0,14966.0,14982.0,15003.0,15011.0,15030.0,15045.0,15057.0,15068.0,15085.0,15099.0,15110.0,15120.0,15124.0,15136.0,15145.0,15152.0,15165.0,15180.0,15191.0,15204.0,15221.0,15243.0,15249.0,15254.0,15267.0,15285.0,15299.0,15326.0,15357.0,15367.0,15381.0,15388.0,15405.0,15419.0,15440.0,15448.0,15458.0,15470.0,15490.0,15498.0,15515.0,15523.0,15538.0,15546.0,15563.0,15581.0,15600.0,15621.0,,,,,,,,,15736.0,15753.0,15761.0,15781.0,15798.0,15816.0,15831.0,15837.0,15842.0,15856.0,15875.0,15889.0,15905.0,15912.0,15934.0,15951.0,15959.0,15966.0,15986.0,15992.0,15998.0,16003.0,16019.0,16030.0,16043.0,16050.0,16058.0,16063.0,16073.0,16084.0,16089.0,16095.0,16099.0,16103.0,16116.0,16125.0,16135.0,16150.0,16163.0,16174.0,16180.0,16195.0,16215.0,16222.0,16231.0,16237.0,16243.0,16248.0,16250.0,16264.0,16307.0,16315.0,16333.0,16345.0,16364.0,16381.0,16397.0,16414.0,16424.0,16435.0,16443.0,16450.0,16463.0,16471.0,16487.0,16494.0,16498.0,16506.0,16518.0,16528.0,16538.0,16546
359DEaWldec,14276.0,14283.0,14288.0,14296.0,14305.0,14305.0,14311.0,14312.0,14314.0,14316.0,14318.0,14320.0,14323.0,14329.0,14333.0,14336.0,14339.0,14343.0,14344.0,14349.0,14353.0,14362.0,14384.0,14388.0,14391.0,14398.0,14401.0,14403.0,14404.0,14408.0,14411.0,14416.0,14419.0,14422.0,14427.0,14429.0,14436.0,14441.0,14447.0,14451.0,14456.0,14459.0,14461.0,14464.0,14477.0,14478.0,14486.0,14491.0,14499.0,14504.0,14508.0,14517.0,14526.0,14543.0,14549.0,14554.0,14562.0,14577.0,14580.0,14584.0,14588.0,14597.0,14604.0,14613.0,14622.0,14624.0,14632.0,14638.0,14645.0,14646.0,14651.0,14652.0,14656.0,14663.0,14664.0,14665.0,14673.0,14677.0,14680.0,14686.0,14689.0,14690.0,14693.0,14695.0,14700.0,14701.0,14703.0,14705.0,14708.0,14712.0,14716.0,14722.0,14723.0,14728.0,14732.0,14739.0,14744.0,14751.0,14753.0,14761.0,14771.0,14775.0,14784.0,14787.0,14793.0,14800.0,14803.0,14806.0,14811.0,14814.0,14822.0,14825.0,14833.0,14840.0,14850.0,14853.0,14862.0,14866.0,14869.0,14873.0,14879.0,14892.0,14898.0,14902.0,14911.0,14916.0,14921.0,14924.0,14930.0,14938.0,14944.0,14947.0,14952.0,14953.0,,,,,,,,,15005.0,15009.0,15013.0,15018.0,15023.0,15026.0,15030.0,15031.0,15033.0,15036.0,15038.0,15042.0,15049.0,15051.0,15056.0,15058.0,15061.0,15061.0,15064.0,15070.0,15071.0,15072.0,15075.0,15077.0,15077.0,15080.0,15082.0,15083.0,15089.0,15093.0,15095.0,15097.0,15099.0,15103.0,15109.0,15112.0,15113.0,15114.0,15115.0,15119.0,15120.0,15122.0,15123.0,15129.0,15130.0,15134.0,15136.0,15139.0,15140.0,15143.0,15145.0,15147.0,15150.0,15158.0,15165.0,15169.0,15170.0,15171.0,15171.0,15173.0,15173.0,15174.0,15175.0,15177.0,15180.0,15182.0,15185.0,15189.0,15192.0,15193.0,15196.0,15196
cpB2ZMzXrss,111870533.0,111917078.0,111967449.0,112019490.0,112072705.0,112126618.0,112185973.0,112248079.0,112298575.0,112342173.0,112391823.0,112448111.0,112513023.0,112574281.0,112637993.0,112700314.0,112763790.0,112824882.0,112889510.0,112955303.0,113022907.0,113093190.0,113158256.0,113222104.0,113283892.0,113352331.0,113418097.0,113480113.0,113542019.0,113603201.0,113665598.0,113718363.0,113775874.0,113838182.0,113905051.0,113969052.0,114033073.0,114095845.0,114155744.0,114212629.0,114274433.0,114336815.0,114402466.0,114469774.0,114530359.0,114587804.0,114647793.0,114713229.0,114776434.0,114838802.0,114896679.0,114948479.0,114995418.0,115043968.0,115104092.0,115160347.0,115215235.0,115267495.0,115319166.0,115366559.0,115411157.0,115461291.0,115511079.0,115555629.0,115603144.0,115649460.0,115695767.0,115743439.0,115783759.0,115841287.0,115893369.0,115950581.0,116006675.0,116059473.0,116110353.0,116162908.0,116217819.0,116276617.0,116332108.0,116384860.0,116436858.0,116489147.0,116540935.0,116594330.0,116646294.0,116699968.0,116751881.0,116798893.0,116844834.0,116890038.0,116938661.0,116988023.0,117041040.0,117092817.0,117145791.0,117193767.0,117239575.0,117284121.0,117328974.0,117378682.0,117429881.0,117480644.0,117529712.0,117579843.0,117634302.0,117689378.0,117741957.0,117794227.0,117844887.0,117896953.0,117947800.0,117998932.0,118047029.0,118098175.0,118146427.0,118190172.0,118235387.0,118282239.0,118327539.0,118370400.0,118413665.0,118456177.0,118503090.0,118548929.0,118595965.0,118643416.0,118693008.0,118744637.0,118797061.0,118844654.0,118892883.0,118942654.0,118990359.0,119035429.0,,,,,,,,,119465805.0,119513166.0,119556371.0,119600058.0,119642777.0,119682020.0,119722030.0,119762072.0,119801727.0,119838886.0,119876411.0,119913943.0,119955118.0,119994153.0,120031855.0,120068915.0,120104364.0,120140579.0,120178966.0,120218253.0,120257777.0,120299400.0,120339785.0,120382423.0,120425070.0,120469430.0,120513202.0,120557262.0,120600745.0,120643595.0,120686316.0,120730793.0,120776122.0,120824727.0,120873082.0,120920210.0,120964520.0,121010644.0,121056481.0,121101873.0,121146576.0,121193338.0,121241235.0,121287770.0,121333936.0,121380367.0,121426210.0,121474150.0,121520754.0,121565144.0,121607408.0,121649686.0,121691977.0,121735297.0,121776730.0,121820570.0,121863841.0,121907291.0,121951132.0,121999092.0,122047638.0,122092368.0,122134766.0,122178599.0,122219095.0,122262124.0,122305892.0,122350850.0,122391408.0,122428886.0,122471426.0,122512599
ygJgQAYZVi0,20872634.0,20874805.0,20877161.0,20879564.0,20881865.0,20884198.0,20886611.0,20888989.0,20891270.0,20893582.0,20895778.0,20897799.0,20899980.0,20902121.0,20904458.0,20906808.0,20909079.0,20911231.0,20913280.0,20915451.0,20917849.0,20920295.0,20922688.0,20925034.0,20927376.0,20929514.0,20931520.0,20933654.0,20935822.0,20937981.0,20940231.0,20942434.0,20944626.0,20946818.0,20948964.0,20951284.0,20953586.0,20955732.0,20958024.0,20960004.0,20962036.0,20963900.0,20966041.0,20968196.0,20970507.0,20972627.0,20974648.0,20976696.0,20978666.0,20980641.0,20982678.0,20984805.0,20986903.0,20988894.0,20991027.0,20993195.0,20995417.0,20997536.0,20999711.0,21001958.0,21004267.0,21006566.0,21008747.0,21010911.0,21012931.0,21014900.0,21016738.0,21018462.0,21020012.0,21022110.0,21023961.0,21025803.0,21027656.0,21029390.0,21031223.0,21032997.0,21035042.0,21037140.0,21039273.0,21041310.0,21043338.0,21045393.0,21047297.0,21049375.0,21051359.0,21053517.0,21055490.0,21057513.0,21059443.0,21061379.0,21063510.0,21065626.0,21067820.0,21070161.0,21072350.0,21074469.0,21076651.0,21078643.0,21080575.0,21082676.0,21084503.0,21086578.0,21088603.0,21090634.0,21092745.0,21094668.0,21096401.0,21098177.0,21099864.0,21101543.0,21103261.0,21105160.0,21106970.0,21108787.0,21110505.0,21112198.0,21113710.0,21115308.0,21116827.0,21118283.0,21119731.0,21121108.0,21122594.0,21123944.0,21125352.0,21126965.0,21128604.0,21130330.0,21132108.0,21133849.0,21135668.0,21137349.0,21139008.0,21140557.0,,,,,,,,,21157543.0,21159386.0,21161100.0,21162801.0,21164533.0,21166198.0,21167758.0,21169261.0,21170979.0,21172533.0,21174085.0,21175691.0,21177525.0,21179360.0,21181150.0,21182847.0,21184457.0,21186174.0,21188241.0,21190254.0,21191974.0,21193719.0,21195435.0,21197516.0,21199853.0,21202437.0,21205106.0,21207708.0,21210044.0,21212202.0,21214179.0,21216256.0,21218347.0,21220315.0,21222160.0,21224046.0,21226019.0,21228006.0,21230215.0,21232344.0,21234445.0,21236417.0,21238355.0,21240222.0,21242096.0,21243919.0,21245755.0,21247644.0,21249602.0,21251639.0,21253524.0,21255262.0,21256970.0,21258825.0,21260691.0,21262535.0,21264313.0,21265995.0,21267724.0,21269492.0,21271380.0,21273149.0,21274801.0,21276549.0,21278379.0,21280105.0,21282126.0,21283988.0,21285643.0,21287265.0,21288994.0,21290708
uImU5ijNK-U,4578.0,4578.0,4579.0,4580.0,4581.0,4581.0,4581.0,4582.0,4582.0,4584.0,4584.0,4584.0,4584.0,4584.0,4585.0,4585.0,4585.0,4586.0,4586.0,4586.0,4586.0,4586.0,4586.0,4586.0,4586.0,4586.0,4586.0,4587.0,4587.0,4587.0,4587.0,4587.0,4587.0,4587.0,4587.0,4587.0,4588.0,4588.0,4588.0,4588.0,4588.0,4588.0,4588.0,4588.0,4589.0,4589.0,4589.0,4589.0,4589.0,4589.0,4589.0,4589.0,4589.0,4590.0,4591.0,4591.0,4591.0,4591.0,4591.0,4591.0,4592.0,4592.0,4592.0,4592.0,4592.0,4592.0,4592.0,4592.0,4592.0,4592.0,4592.0,4592.0,4592.0,4592.0,4592.0,4592.0,4592.0,4592.0,4593.0,4594.0,4594.0,4594.0,4594.0,4594.0,4594.0,4594.0,4594.0,4595.0,4595.0,4595.0,4595.0,4595.0,4595.0,4596.0,4596.0,4596.0,4597.0,4598.0,4598.0,4599.0,4599.0,4599.0,4599.0,4599.0,4599.0,4600.0,4600.0,4601.0,4602.0,4602.0,4602.0,4602.0,4602.0,4602.0,4603.0,4603.0,4604.0,4604.0,4604.0,4604.0,4604.0,4604.0,4604.0,4604.0,4604.0,4604.0,4604.0,4604.0,4605.0,4605.0,4606.0,4607.0,4607.0,4607.0,,,,,,,,,4608.0,4608.0,4608.0,4609.0,4609.0,4609.0,4609.0,4609.0,4611.0,4611.0,4611.0,4611.0,4611.0,4611.0,4611.0,4611.0,4612.0,4612.0,4612.0,4612.0,4612.0,4612.0,4612.0,4612.0,4613.0,4613.0,4613.0,4613.0,4613.0,4613.0,4613.0,4614.0,4614.0,4614.0,4614.0,4614.0,4614.0,4614.0,4615.0,4615.0,4615.0,4615.0,4615.0,4616.0,4616.0,4616.0,4616.0,4616.0,4616.0,4616.0,4616.0,4616.0,4616.0,4616.0,4616.0,4616.0,4616.0,4616.0,4618.0,4618.0,4618.0,4618.0,4618.0,4618.0,4618.0,4618.0,4618.0,4618.0,4618.0,4618.0,4618.0,4618
fvzQt_2lv3g,26037.0,26039.0,26043.0,26049.0,26050.0,26052.0,26058.0,26063.0,26068.0,26071.0,26074.0,26081.0,26085.0,26087.0,26088.0,26093.0,26102.0,26107.0,26113.0,26116.0,26124.0,26127.0,26134.0,26141.0,26147.0,26151.0,26157.0,26166.0,26172.0,26181.0,26182.0,26189.0,26198.0,26203.0,26209.0,26213.0,26219.0,26227.0,26235.0,26238.0,26244.0,26254.0,26261.0,26270.0,26279.0,26282.0,26292.0,26297.0,26315.0,26445.0,26480.0,26526.0,26605.0,26676.0,26694.0,26720.0,26747.0,26764.0,26782.0,26796.0,26834.0,26872.0,26906.0,26925.0,26947.0,26964.0,26975.0,26986.0,26997.0,27044.0,27071.0,27090.0,27103.0,27119.0,27140.0,27146.0,27160.0,27168.0,27175.0,27184.0,27190.0,27205.0,27216.0,27243.0,27264.0,27287.0,27319.0,27331.0,27355.0,27385.0,27404.0,27420.0,27443.0,27458.0,27467.0,27487.0,27509.0,27528.0,27538.0,27547.0,27554.0,27570.0,27577.0,27586.0,27593.0,27610.0,27622.0,27628.0,27634.0,27643.0,27658.0,27665.0,27672.0,27682.0,27695.0,27706.0,27710.0,27717.0,27722.0,27727.0,27729.0,27731.0,27740.0,27750.0,27757.0,27761.0,27765.0,27770.0,27781.0,27785.0,27786.0,27806.0,27811.0,27818.0,,,,,,,,,27869.0,27875.0,27884.0,27895.0,27907.0,27912.0,27923.0,27934.0,27945.0,27957.0,27967.0,27977.0,27986.0,27992.0,27998.0,28008.0,28014.0,28026.0,28038.0,28047.0,28051.0,28061.0,28067.0,28073.0,28082.0,28087.0,28091.0,28099.0,28105.0,28108.0,28114.0,28122.0,28132.0,28138.0,28143.0,28154.0,28164.0,28173.0,28181.0,28189.0,28202.0,28216.0,28218.0,28225.0,28233.0,28242.0,28253.0,28267.0,28278.0,28291.0,28296.0,28311.0,28326.0,28341.0,28348.0,28360.0,28373.0,28384.0,28396.0,28405.0,28415.0,28424.0,28443.0,28463.0,28468.0,28473.0,28482.0,28489.0,28495.0,28498.0,28505.0,28509
x5QZUzKAyv8,84978.0,84999.0,85022.0,85044.0,85063.0,85078.0,85103.0,85123.0,85136.0,85149.0,85162.0,85180.0,85195.0,85219.0,85243.0,85268.0,85288.0,85307.0,85325.0,85346.0,85363.0,85379.0,85407.0,85427.0,85444.0,85462.0,85483.0,85513.0,85534.0,85571.0,85589.0,85603.0,85624.0,85646.0,85676.0,85705.0,85723.0,85760.0,85784.0,85811.0,85838.0,85866.0,85885.0,85907.0,85930.0,85959.0,85976.0,86020.0,86044.0,86057.0,86078.0,86091.0,86110.0,86124.0,86141.0,86155.0,86172.0,86180.0,86195.0,86205.0,86229.0,86249.0,86268.0,86279.0,86301.0,86327.0,86344.0,86362.0,86384.0,86398.0,86412.0,86428.0,86439.0,86453.0,86462.0,86484.0,86511.0,86524.0,86537.0,86551.0,86576.0,86589.0,86609.0,86625.0,86641.0,86657.0,86672.0,86691.0,86708.0,86729.0,86755.0,86777.0,86796.0,86805.0,86810.0,86828.0,86854.0,86879.0,86893.0,86923.0,86935.0,86948.0,86966.0,86980.0,86993.0,87003.0,87019.0,87033.0,87056.0,87071.0,87084.0,87104.0,87121.0,87145.0,87153.0,87165.0,87176.0,87193.0,87199.0,87208.0,87218.0,87230.0,87242.0,87252.0,87262.0,87268.0,87278.0,87286.0,87295.0,87303.0,87306.0,87326.0,87337.0,87356.0,,,,,,,,,87470.0,87477.0,87493.0,87506.0,87515.0,87521.0,87530.0,87540.0,87550.0,87573.0,87589.0,87607.0,87629.0,87648.0,87654.0,87668.0,87686.0,87698.0,87713.0,87723.0,87741.0,87752.0,87757.0,87761.0,87769.0,87779.0,87789.0,87794.0,87815.0,87824.0,87841.0,87853.0,87866.0,87879.0,87885.0,87892.0,87908.0,87915.0,87931.0,87947.0,87956.0,87974.0,87991.0,88008.0,88025.0,88046.0,88065.0,88097.0,88114.0,88124.0,88143.0,88153.0,88169.0,88185.0,88196.0,88217.0,88229.0,88240.0,88246.0,88262.0,88283.0,88293.0,88309.0,88316.0,88328.0,88339.0,88357.0,88370.0,88380.0,88396.0,88406.0,88418
FIkXfjyXhhI,16896.0,16897.0,16897.0,16897.0,16897.0,16899.0,16899.0,16899.0,16900.0,16900.0,16901.0,16902.0,16902.0,16902.0,16903.0,16903.0,16903.0,16904.0,16906.0,16907.0,16907.0,16908.0,16908.0,16910.0,16911.0,16911.0,16911.0,16912.0,16913.0,16913.0,16914.0,16915.0,16916.0,16917.0,16917.0,16919.0,16919.0,16919.0,16919.0,16920.0,16919.0,16919.0,16919.0,16921.0,16921.0,16927.0,16928.0,16929.0,16930.0,16930.0,16931.0,16932.0,16932.0,16933.0,16933.0,16935.0,16934.0,16934.0,16934.0,16935.0,16936.0,16938.0,16938.0,16938.0,16939.0,16940.0,16941.0,16942.0,16943.0,16944.0,16944.0,16945.0,16946.0,16946.0,16946.0,16946.0,16948.0,16949.0,16949.0,16950.0,16950.0,16950.0,16950.0,16952.0,16952.0,16952.0,16952.0,16952.0,16952.0,16956.0,16957.0,16958.0,16970.0,16972.0,16972.0,16981.0,16995.0,16996.0,16996.0,16997.0,16998.0,16998.0,16999.0,17001.0,17001.0,17001.0,17002.0,17004.0,17004.0,17005.0,17006.0,17006.0,17007.0,17007.0,17008.0,17010.0,17011.0,17012.0,17013.0,17014.0,17014.0,17014.0,17014.0,17014.0,17015.0,17015.0,17015.0,17015.0,17016.0,17016.0,17016.0,17017.0,17018.0,17019.0,,,,,,,,,17023.0,17023.0,17024.0,17025.0,17025.0,17028.0,17029.0,17030.0,17030.0,17032.0,17035.0,17036.0,17037.0,17037.0,17038.0,17045.0,17049.0,17049.0,17050.0,17050.0,17050.0,17053.0,17055.0,17055.0,17058.0,17058.0,17060.0,17060.0,17061.0,17063.0,17063.0,17064.0,17065.0,17065.0,17065.0,17065.0,17065.0,17066.0,17066.0,17066.0,17067.0,17067.0,17067.0,17069.0,17069.0,17070.0,17070.0,17071.0,17073.0,17073.0,17074.0,17073.0,17073.0,17075.0,17075.0,17076.0,17076.0,17076.0,17076.0,17076.0,17077.0,17077.0,17077.0,17077.0,17077.0,17077.0,17077.0,17077.0,17078.0,17078.0,17079.0,17079
uNOVXwWLgIw,771100.0,771672.0,772248.0,772783.0,773371.0,773946.0,774541.0,775191.0,775961.0,776601.0,777111.0,777686.0,778339.0,778959.0,779542.0,780090.0,780542.0,780938.0,781392.0,781958.0,782576.0,783109.0,783656.0,784255.0,784728.0,785174.0,785813.0,786443.0,787085.0,787695.0,788228.0,788651.0,789197.0,789797.0,790348.0,790883.0,791616.0,792124.0,792651.0,793145.0,793759.0,794443.0,795147.0,795817.0,796362.0,796896.0,797413.0,798036.0,798702.0,799323.0,799939.0,800596.0,801111.0,801767.0,802347.0,802995.0,803777.0,804478.0,805140.0,805714.0,806263.0,806928.0,807585.0,808319.0,808969.0,809532.0,810016.0,810665.0,811114.0,811879.0,812530.0,813180.0,813708.0,814181.0,814833.0,815458.0,816068.0,816702.0,817466.0,818040.0,818681.0,819289.0,819968.0,820601.0,821270.0,822037.0,822724.0,823278.0,823883.0,824542.0,825274.0,825905.0,826722.0,827472.0,828011.0,828661.0,829326.0,830044.0,830717.0,831445.0,832112.0,832844.0,833589.0,834450.0,835212.0,835995.0,836964.0,837650.0,838389.0,839027.0,839872.0,840883.0,841743.0,842727.0,843521.0,844092.0,844975.0,845783.0,846696.0,847497.0,848281.0,848930.0,849523.0,850095.0,850715.0,851421.0,852049.0,852746.0,853211.0,853669.0,854162.0,854680.0,855179.0,855712.0,,,,,,,,,873149.0,875491.0,877526.0,879808.0,882448.0,884162.0,885763.0,887384.0,888356.0,889793.0,890933.0,892062.0,893311.0,894632.0,895800.0,897320.0,898225.0,898929.0,899720.0,900830.0,902080.0,903171.0,904144.0,905389.0,906572.0,907627.0,908807.0,910165.0,911377.0,912454.0,913585.0,914791.0,915975.0,917141.0,918305.0,919231.0,920084.0,921009.0,921941.0,923044.0,924035.0,925164.0,926204.0,927146.0,928272.0,929377.0,930544.0,931619.0,932622.0,933410.0,934085.0,934987.0,935977.0,936889.0,937820.0,938672.0,939401.0,940108.0,940905.0,941723.0,942504.0,943025.0,943676.0,944318.0,944870.0,945539.0,946353.0,947093.0,947672.0,948365.0,949008.0,949497
2ThqwQggAdA,31950.0,31962.0,31968.0,31977.0,31989.0,31994.0,32004.0,32020.0,32032.0,32037.0,32050.0,32062.0,32073.0,32092.0,32123.0,32136.0,32146.0,32172.0,32185.0,32200.0,32218.0,32233.0,32243.0,32253.0,32256.0,32269.0,32282.0,32303.0,32321.0,32331.0,32344.0,32355.0,32365.0,32367.0,32375.0,32388.0,32400.0,32416.0,32423.0,32432.0,32439.0,32447.0,32455.0,32467.0,32477.0,32496.0,32508.0,32511.0,32529.0,32547.0,32559.0,32574.0,32580.0,32590.0,32604.0,32615.0,32618.0,32637.0,32645.0,32659.0,32673.0,32681.0,32689.0,32700.0,32711.0,32725.0,32734.0,32750.0,32765.0,32771.0,32786.0,32799.0,32804.0,32813.0,32820.0,32829.0,32844.0,32850.0,32862.0,32876.0,32887.0,32891.0,32901.0,32910.0,32922.0,32934.0,32940.0,32953.0,32962.0,32973.0,32985.0,32998.0,33014.0,33030.0,33043.0,33056.0,33067.0,33072.0,33082.0,33093.0,33102.0,33116.0,33122.0,33132.0,33143.0,33152.0,33159.0,33173.0,33180.0,33187.0,33194.0,33212.0,33222.0,33231.0,33240.0,33247.0,33257.0,33267.0,33273.0,33281.0,33286.0,33297.0,33294.0,33303.0,33314.0,33322.0,33326.0,33331.0,33337.0,33339.0,33343.0,33347.0,33356.0,33363.0,,,,,,,,,33454.0,33461.0,33470.0,33474.0,33484.0,33488.0,33499.0,33508.0,33518.0,33527.0,33534.0,33540.0,33555.0,33567.0,33574.0,33579.0,33595.0,33601.0,33606.0,33615.0,33626.0,33631.0,33638.0,33642.0,33657.0,33669.0,33676.0,33689.0,33697.0,33705.0,33710.0,33720.0,33726.0,33730.0,33739.0,33749.0,33758.0,33766.0,33774.0,33788.0,33806.0,33820.0,33834.0,33843.0,33847.0,33856.0,33864.0,33866.0,33873.0,33878.0,33890.0,33897.0,33909.0,33918.0,33922.0,33928.0,33935.0,33942.0,33947.0,33959.0,33963.0,33968.0,33981.0,33993.0,34002.0,34006.0,34014.0,34023.0,34028.0,34035.0,34048.0,34056
4EpjTAYs6a0,3025693.0,3026912.0,3028230.0,3029494.0,3030828.0,3032245.0,3033727.0,3035188.0,3036623.0,3037781.0,3038909.0,3040167.0,3041474.0,3042909.0,3044143.0,3045470.0,3046387.0,3047562.0,3048785.0,3049990.0,3051068.0,3052166.0,3053307.0,3054303.0,3055250.0,3056327.0,3057304.0,3058337.0,3059335.0,3060276.0,3061264.0,3062085.0,3063129.0,3064000.0,3065068.0,3066048.0,3067261.0,3068212.0,3069152.0,3070053.0,3071233.0,3072310.0,3073539.0,3074557.0,3075665.0,3076649.0,3077771.0,3078833.0,3079904.0,3081190.0,3082348.0,3083396.0,3084521.0,3085642.0,3086824.0,3087998.0,3089307.0,3090616.0,3091652.0,3092919.0,3094271.0,3095670.0,3096982.0,3098410.0,3099833.0,3101017.0,3102177.0,3103491.0,3104614.0,3106111.0,3107389.0,3108659.0,3110024.0,3111225.0,3112655.0,3114078.0,3115499.0,3116876.0,3118564.0,3119841.0,3121087.0,3122548.0,3124132.0,3125687.0,3127313.0,3128868.0,3130388.0,3131636.0,3133493.0,3135272.0,3136953.0,3138614.0,3140309.0,3141705.0,3142800.0,3144333.0,3146005.0,3147415.0,3148797.0,3150254.0,3151389.0,3152618.0,3153965.0,3155261.0,3156514.0,3157874.0,3159188.0,3160522.0,3161865.0,3163163.0,3164473.0,3165742.0,3166913.0,3168129.0,3169275.0,3170134.0,3171475.0,3172818.0,3174053.0,3175555.0,3176990.0,3178116.0,3179269.0,3180210.0,3181263.0,3182352.0,3183371.0,3184383.0,3185523.0,3186355.0,3187539.0,3188946.0,3190302.0,3191688.0,,,,,,,,,3204984.0,3206717.0,3208418.0,3209925.0,3211423.0,3212699.0,3213839.0,3214883.0,3216131.0,3217431.0,3218962.0,3220358.0,3221624.0,3222798.0,3223820.0,3224873.0,3226029.0,3227151.0,3228333.0,3229325.0,3230639.0,3231688.0,3232599.0,3233710.0,3234783.0,3235910.0,3237120.0,3238309.0,3239389.0,3240281.0,3241451.0,3242364.0,3243406.0,3244275.0,3245281.0,3246198.0,3246934.0,3247924.0,3248739.0,3249657.0,3250394.0,3251272.0,3251919.0,3252583.0,3253439.0,3254321.0,3255122.0,3256066.0,3256995.0,3257727.0,3258409.0,3259331.0,3260044.0,3260882.0,3261579.0,3262404.0,3263123.0,3263753.0,3264576.0,3265341.0,3266140.0,3266729.0,3267494.0,3268171.0,3268802.0,3269584.0,3270549.0,3271389.0,3272020.0,3272698.0,3273429.0,3274199
Ihmc3iN8Ks4,223018.0,223031.0,223054.0,223064.0,223069.0,223081.0,223088.0,223108.0,223137.0,223154.0,223168.0,223197.0,223218.0,223241.0,223261.0,223282.0,223298.0,223310.0,223328.0,223351.0,223379.0,223407.0,223432.0,223454.0,223469.0,223495.0,223529.0,223583.0,223639.0,223673.0,223706.0,223732.0,223772.0,223819.0,223851.0,223886.0,223919.0,223946.0,223968.0,223988.0,224012.0,224037.0,224064.0,224102.0,224129.0,224154.0,224179.0,224187.0,224201.0,224237.0,224252.0,224274.0,224296.0,224315.0,224339.0,224347.0,224367.0,224399.0,224413.0,224432.0,224456.0,224469.0,224484.0,224492.0,224510.0,224529.0,224540.0,224557.0,224569.0,224584.0,224598.0,224620.0,224629.0,224647.0,224652.0,224658.0,224671.0,224686.0,224691.0,224702.0,224713.0,224723.0,224738.0,224765.0,224777.0,224790.0,224804.0,224812.0,224824.0,224836.0,224844.0,224863.0,224887.0,224898.0,224905.0,224923.0,224933.0,224941.0,224947.0,224969.0,224977.0,224984.0,224990.0,225001.0,225008.0,225015.0,225022.0,225030.0,225037.0,225048.0,225060.0,225070.0,225079.0,225086.0,225096.0,225105.0,225115.0,225121.0,225125.0,225128.0,225133.0,225146.0,225148.0,225152.0,225160.0,225170.0,225179.0,225187.0,225201.0,225205.0,225217.0,225231.0,225238.0,225248.0,,,,,,,,,225299.0,225311.0,225323.0,225329.0,225335.0,225340.0,225345.0,225351.0,225360.0,225366.0,225370.0,225377.0,225385.0,225390.0,225395.0,225401.0,225405.0,225420.0,225429.0,225434.0,225441.0,225447.0,225455.0,225467.0,225470.0,225477.0,225484.0,225486.0,225493.0,225496.0,225506.0,225511.0,225517.0,225528.0,225538.0,225544.0,225551.0,225555.0,225572.0,225579.0,225584.0,225590.0,225598.0,225599.0,225617.0,225630.0,225638.0,225646.0,225654.0,225661.0,225668.0,225671.0,225686.0,225696.0,225698.0,225710.0,225715.0,225719.0,225724.0,225735.0,225744.0,225755.0,225758.0,225762.0,225770.0,225776.0,225784.0,225793.0,225799.0,225808.0,225818.0,225824
qivbZZ-2Lac,134775.0,134824.0,134909.0,134987.0,135102.0,135213.0,135313.0,135387.0,135466.0,135517.0,135567.0,135629.0,135704.0,135794.0,135872.0,135954.0,136059.0,136161.0,136274.0,136366.0,136469.0,136565.0,136658.0,136741.0,136807.0,136902.0,137006.0,137111.0,137192.0,137465.0,137702.0,137852.0,138021.0,138138.0,138333.0,138495.0,138668.0,138799.0,138873.0,138935.0,139009.0,139058.0,139127.0,139205.0,139289.0,139361.0,139450.0,139519.0,139591.0,139673.0,139762.0,139849.0,139923.0,140023.0,140103.0,140228.0,140307.0,140390.0,140439.0,140512.0,140584.0,140672.0,140752.0,140817.0,140930.0,140996.0,141064.0,141145.0,141204.0,141294.0,141371.0,141480.0,141558.0,141667.0,141726.0,141822.0,141896.0,141983.0,142025.0,142083.0,142159.0,142229.0,142291.0,142356.0,142442.0,142502.0,142564.0,142616.0,142674.0,142722.0,142795.0,142885.0,142964.0,143047.0,143105.0,143190.0,143270.0,143331.0,143405.0,143458.0,143523.0,143586.0,143661.0,143716.0,143791.0,143856.0,143927.0,143980.0,144030.0,144099.0,144178.0,144253.0,144328.0,144393.0,144490.0,144553.0,144640.0,144712.0,144807.0,144889.0,144974.0,145032.0,145107.0,145162.0,145217.0,145287.0,145359.0,145427.0,145473.0,145525.0,145570.0,145628.0,145697.0,145769.0,,,,,,,,,146366.0,146419.0,146478.0,146541.0,146613.0,146704.0,146775.0,146839.0,146907.0,147009.0,147097.0,147209.0,147317.0,147434.0,147530.0,147605.0,147696.0,147776.0,147889.0,147998.0,148089.0,148151.0,148212.0,148284.0,148377.0,148440.0,148513.0,148600.0,148639.0,148695.0,148763.0,148836.0,148919.0,148992.0,149072.0,149153.0,149210.0,149272.0,149341.0,149400.0,149453.0,149518.0,149572.0,149628.0,149688.0,149741.0,149796.0,149864.0,149919.0,149979.0,150021.0,150092.0,150156.0,150204.0,150256.0,150311.0,150360.0,150401.0,150456.0,150519.0,150566.0,150614.0,150667.0,150717.0,150761.0,150829.0,150877.0,150950.0,150993.0,151054.0,151111.0,151147
6Ql8nS6qHm4,263926.0,264008.0,264094.0,264150.0,264200.0,264267.0,264321.0,264379.0,264442.0,264495.0,264551.0,264615.0,264678.0,264743.0,264805.0,264868.0,264917.0,264972.0,265019.0,265057.0,265106.0,265154.0,265206.0,265253.0,265310.0,265355.0,265406.0,265451.0,265502.0,265551.0,265602.0,265739.0,265789.0,265892.0,265956.0,266009.0,266057.0,266102.0,266143.0,266199.0,266246.0,266307.0,266367.0,266425.0,266466.0,266513.0,266561.0,266607.0,266642.0,266693.0,266729.0,266771.0,266799.0,266841.0,266895.0,266956.0,267013.0,267056.0,267121.0,267164.0,267223.0,267284.0,267339.0,267393.0,267434.0,267479.0,267518.0,267547.0,267576.0,267623.0,267667.0,267703.0,267759.0,267810.0,267875.0,267941.0,267988.0,268030.0,268072.0,268129.0,268177.0,268249.0,268303.0,268362.0,268430.0,268476.0,268512.0,268557.0,268617.0,268676.0,268739.0,268783.0,268845.0,268904.0,268968.0,269027.0,269085.0,269146.0,269212.0,269289.0,269395.0,269530.0,269623.0,269712.0,269809.0,270019.0,270286.0,270511.0,270630.0,270709.0,270824.0,270891.0,270934.0,270980.0,271028.0,271084.0,271119.0,271148.0,271205.0,271243.0,271292.0,271337.0,271377.0,271414.0,271456.0,271493.0,271528.0,271577.0,271692.0,271822.0,271947.0,272085.0,272269.0,272399.0,,,,,,,,,273237.0,273282.0,273334.0,273406.0,273467.0,273535.0,273582.0,273618.0,273664.0,273707.0,273766.0,273829.0,273895.0,273955.0,274004.0,274045.0,274085.0,274142.0,274198.0,274260.0,274320.0,274366.0,274426.0,274479.0,274538.0,274607.0,274669.0,274748.0,274866.0,274989.0,275067.0,275156.0,275236.0,275314.0,275371.0,275432.0,275490.0,275543.0,275599.0,275651.0,275690.0,275733.0,275771.0,275813.0,275862.0,275905.0,275956.0,276027.0,276073.0,276143.0,276191.0,276232.0,276276.0,276326.0,276370.0,276423.0,276464.0,276506.0,276557.0,276596.0,276639.0,276702.0,276749.0,276794.0,276828.0,276879.0,276918.0,276947.0,276983.0,277012.0,277061.0,277105
tyj7CLqurmY,1410252.0,1410916.0,1411507.0,1411989.0,1412537.0,1413065.0,1413560.0,1414073.0,1414716.0,1415159.0,1415698.0,1416255.0,1416843.0,1417521.0,1418204.0,1418794.0,1419286.0,1419761.0,1420289.0,1420807.0,1421427.0,1422182.0,1422921.0,1423470.0,1423993.0,1424557.0,1425096.0,1425697.0,1426359.0,1426988.0,1427606.0,1428117.0,1428662.0,1429215.0,1429748.0,1430516.0,1431188.0,1431733.0,1432147.0,1432762.0,1433290.0,1433766.0,1434310.0,1434853.0,1435244.0,1435702.0,1436241.0,1436791.0,1437299.0,1437859.0,1438334.0,1438701.0,1439060.0,1439477.0,1439932.0,1440467.0,1440976.0,1441438.0,1441881.0,1442252.0,1442767.0,1443296.0,1443875.0,1444385.0,1444945.0,1445344.0,1445749.0,1446293.0,1446758.0,1447300.0,1447862.0,1448295.0,1448814.0,1449164.0,1449618.0,1450202.0,1450776.0,1451414.0,1452029.0,1452658.0,1453144.0,1453775.0,1454292.0,1454916.0,1455575.0,1456179.0,1456841.0,1457297.0,1457839.0,1458409.0,1459034.0,1459763.0,1460409.0,1460990.0,1461432.0,1461896.0,1462366.0,1462963.0,1463551.0,1464075.0,1464779.0,1465648.0,1466316.0,1467026.0,1467940.0,1468793.0,1469494.0,1470168.0,1470641.0,1471245.0,1471787.0,1472368.0,1472893.0,1473384.0,1473929.0,1474358.0,1474783.0,1475334.0,1475761.0,1476328.0,1476817.0,1477213.0,1477573.0,1477984.0,1478417.0,1478939.0,1479496.0,1480018.0,1480690.0,1481367.0,1482012.0,1482645.0,1483370.0,1484031.0,,,,,,,,,1489605.0,1489993.0,1490503.0,1491007.0,1491600.0,1492126.0,1492593.0,1493063.0,1493561.0,1494161.0,1494641.0,1495288.0,1495982.0,1496541.0,1497092.0,1497525.0,1498022.0,1498573.0,1499114.0,1499565.0,1500054.0,1500484.0,1500863.0,1501378.0,1501817.0,1502299.0,1502822.0,1503451.0,1504153.0,1504871.0,1505498.0,1506076.0,1506641.0,1507129.0,1507596.0,1508020.0,1508364.0,1508807.0,1509210.0,1509642.0,1510010.0,1510403.0,1510749.0,1511079.0,1511507.0,1511893.0,1512315.0,1512679.0,1513036.0,1513451.0,1513808.0,1514214.0,1514647.0,1515077.0,1515435.0,1515837.0,1516199.0,1516481.0,1516857.0,1517283.0,1517740.0,1518087.0,1518443.0,1518726.0,1519025.0,1519315.0,1519595.0,1519896.0,1520129.0,1520396.0,1520623.0,1520904
-ssLM3WqJSM,1556000.0,1556940.0,1557779.0,1558531.0,1559346.0,1560037.0,1560804.0,1561412.0,1562051.0,1562715.0,1563291.0,1564040.0,1564889.0,1565773.0,1566510.0,1567343.0,1568005.0,1568504.0,1569242.0,1569783.0,1570508.0,1571048.0,1571690.0,1572300.0,1572785.0,1573253.0,1573993.0,1574680.0,1575252.0,1575801.0,1576309.0,1576681.0,1577272.0,1577713.0,1578204.0,1578678.0,1579163.0,1579563.0,1579954.0,1580427.0,1580890.0,1581403.0,1581935.0,1582425.0,1582890.0,1583321.0,1583841.0,1584307.0,1584812.0,1585241.0,1585724.0,1586133.0,1586456.0,1586787.0,1587141.0,1587554.0,1587935.0,1588429.0,1588797.0,1589174.0,1589573.0,1589962.0,1590419.0,1590909.0,1591292.0,1591733.0,1592010.0,1592375.0,1592619.0,1593113.0,1593498.0,1593912.0,1594370.0,1594784.0,1595294.0,1595831.0,1596325.0,1596851.0,1597288.0,1597749.0,1598183.0,1598661.0,1599145.0,1599624.0,1600036.0,1600507.0,1600920.0,1601275.0,1601691.0,1602195.0,1602668.0,1603099.0,1603498.0,1603877.0,1604234.0,1604633.0,1605003.0,1605440.0,1605898.0,1606417.0,1607915.0,1609870.0,1612548.0,1614815.0,1616632.0,1618336.0,1619850.0,1621074.0,1621910.0,1622819.0,1623662.0,1624123.0,1624623.0,1625052.0,1625463.0,1625790.0,1626195.0,1626510.0,1626849.0,1627285.0,1627633.0,1627981.0,1628269.0,1628655.0,1628978.0,1629280.0,1629646.0,1629967.0,1630820.0,1631567.0,1632425.0,1633216.0,1634040.0,1634609.0,,,,,,,,,1639352.0,1639690.0,1640084.0,1640483.0,1640884.0,1641269.0,1641579.0,1641900.0,1642169.0,1642516.0,1642842.0,1643193.0,1643506.0,1643800.0,1644048.0,1644321.0,1644647.0,1644980.0,1645345.0,1645692.0,1646013.0,1646357.0,1646656.0,1647038.0,1647453.0,1647839.0,1648247.0,1648697.0,1649358.0,1649960.0,1650514.0,1651207.0,1651825.0,1652377.0,1652975.0,1653483.0,1653867.0,1654276.0,1654710.0,1655148.0,1655565.0,1655836.0,1656154.0,1656450.0,1656778.0,1657583.0,1660181.0,1662404.0,1664478.0,1666171.0,1667539.0,1668946.0,1670172.0,1671358.0,1672424.0,1673483.0,1674648.0,1675506.0,1676562.0,1677547.0,1678449.0,1679489.0,1680329.0,1681017.0,1681584.0,1682241.0,1682840.0,1683483.0,1684018.0,1684535.0,1685070.0,1685487
zo3F3PottHI,62023.0,62032.0,62041.0,62049.0,62063.0,62077.0,62091.0,62107.0,62118.0,62127.0,62141.0,62153.0,62163.0,62174.0,62194.0,62209.0,62226.0,62249.0,62268.0,62284.0,62307.0,62329.0,62344.0,62363.0,62374.0,62392.0,62403.0,62415.0,62420.0,62436.0,62451.0,62465.0,62470.0,62484.0,62500.0,62516.0,62523.0,62541.0,62556.0,62568.0,62581.0,62591.0,62602.0,62616.0,62624.0,62638.0,62646.0,62660.0,62678.0,62694.0,62719.0,62727.0,62736.0,62747.0,62763.0,62776.0,62792.0,62802.0,62811.0,62824.0,62830.0,62839.0,62847.0,62860.0,62890.0,62900.0,62915.0,62929.0,62948.0,62965.0,62982.0,62990.0,63001.0,63010.0,63022.0,63031.0,63049.0,63063.0,63071.0,63081.0,63089.0,63098.0,63106.0,63123.0,63138.0,63156.0,63162.0,63168.0,63186.0,63193.0,63201.0,63210.0,63216.0,63226.0,63235.0,63253.0,63259.0,63267.0,63274.0,63287.0,63295.0,63305.0,63311.0,63352.0,63429.0,63474.0,63499.0,63512.0,63535.0,63545.0,63559.0,63575.0,63592.0,63606.0,63614.0,63621.0,63632.0,63635.0,63647.0,63658.0,63665.0,63692.0,63718.0,63757.0,63787.0,63812.0,63844.0,63863.0,63884.0,63902.0,63913.0,63922.0,63932.0,63941.0,,,,,,,,,64017.0,64022.0,64032.0,64046.0,64053.0,64077.0,64089.0,64098.0,64111.0,64117.0,64128.0,64141.0,64153.0,64156.0,64168.0,64175.0,64183.0,64192.0,64199.0,64211.0,64215.0,64220.0,64227.0,64232.0,64241.0,64250.0,64258.0,64297.0,64303.0,64310.0,64319.0,64328.0,64335.0,64345.0,64354.0,64358.0,64371.0,64378.0,64395.0,64399.0,64417.0,64428.0,64440.0,64447.0,64467.0,64492.0,64523.0,64532.0,64539.0,64550.0,64558.0,64564.0,64582.0,64593.0,64598.0,64616.0,64626.0,64636.0,64646.0,64655.0,64668.0,64672.0,64680.0,64708.0,64712.0,64722.0,64728.0,64737.0,64741.0,64751.0,64753.0,64759
I0G8pn4PudQ,8045.0,8048.0,8053.0,8058.0,8069.0,8076.0,8090.0,8099.0,8109.0,8112.0,8115.0,8136.0,8155.0,8207.0,8227.0,8254.0,8259.0,8266.0,8283.0,8300.0,8315.0,8334.0,8352.0,8364.0,8379.0,8389.0,8399.0,8407.0,8419.0,8427.0,8439.0,8447.0,8459.0,8470.0,8478.0,8491.0,8500.0,8507.0,8512.0,8514.0,8521.0,8533.0,8551.0,8561.0,8570.0,8576.0,8591.0,8601.0,8615.0,8624.0,8645.0,8653.0,8664.0,8668.0,8679.0,8690.0,8698.0,8705.0,8715.0,8722.0,8728.0,8736.0,8741.0,8751.0,8762.0,8773.0,8786.0,8795.0,8804.0,8816.0,8827.0,8836.0,8849.0,8857.0,8863.0,8874.0,8886.0,8896.0,8903.0,8914.0,8921.0,8924.0,8931.0,8944.0,8948.0,8956.0,8960.0,8977.0,8987.0,8999.0,9007.0,9018.0,9029.0,9031.0,9042.0,9056.0,9063.0,9077.0,9089.0,9100.0,9111.0,9126.0,9142.0,9151.0,9166.0,9176.0,9200.0,9209.0,9224.0,9229.0,9239.0,9264.0,9273.0,9316.0,9331.0,9366.0,9425.0,9481.0,9514.0,9573.0,9589.0,9611.0,9640.0,9671.0,9682.0,9702.0,9729.0,9752.0,9778.0,9802.0,9819.0,9829.0,9878.0,9897.0,,,,,,,,,10251.0,10293.0,10326.0,10365.0,10407.0,10476.0,10514.0,10547.0,10605.0,10671.0,10736.0,10799.0,10850.0,10872.0,10907.0,10946.0,11040.0,11074.0,11121.0,11153.0,11183.0,11213.0,11228.0,11241.0,11265.0,11284.0,11312.0,11344.0,11361.0,11371.0,11390.0,11419.0,11451.0,11467.0,11488.0,11509.0,11538.0,11566.0,11593.0,11627.0,11648.0,11661.0,11673.0,11692.0,11715.0,11741.0,11760.0,11778.0,11796.0,11816.0,11836.0,11850.0,11864.0,11883.0,11913.0,11938.0,11944.0,11963.0,11972.0,11991.0,12007.0,12020.0,12034.0,12052.0,12064.0,12073.0,12086.0,12107.0,12115.0,12136.0,12148.0,12155
iKp8Rbq3UEM,40851.0,40868.0,40883.0,40903.0,40919.0,40940.0,40955.0,40974.0,40991.0,41010.0,41019.0,41034.0,41051.0,41063.0,41086.0,41107.0,41140.0,41178.0,41226.0,41261.0,41316.0,41345.0,41373.0,41391.0,41411.0,41434.0,41455.0,41476.0,41493.0,41509.0,41517.0,41528.0,41546.0,41560.0,41572.0,41583.0,41601.0,41617.0,41630.0,41643.0,41658.0,41671.0,41681.0,41692.0,41703.0,41717.0,41730.0,41736.0,41754.0,41766.0,41781.0,41796.0,41814.0,41831.0,41845.0,41854.0,41873.0,41890.0,41903.0,41910.0,41922.0,41930.0,41942.0,41962.0,41978.0,41991.0,42000.0,42011.0,42026.0,42041.0,42056.0,42071.0,42087.0,42103.0,42113.0,42122.0,42144.0,42154.0,42162.0,42177.0,42194.0,42213.0,42237.0,42257.0,42273.0,42283.0,42300.0,42308.0,42321.0,42332.0,42346.0,42361.0,42382.0,42397.0,42408.0,42424.0,42444.0,42463.0,42479.0,42498.0,42515.0,42534.0,42551.0,42569.0,42595.0,42611.0,42638.0,42654.0,42669.0,42678.0,42690.0,42703.0,42713.0,42727.0,42739.0,42750.0,42769.0,42785.0,42797.0,42809.0,42816.0,42828.0,42835.0,42845.0,42861.0,42872.0,42881.0,42898.0,42909.0,42916.0,42928.0,42938.0,42948.0,42962.0,,,,,,,,,43113.0,43124.0,43136.0,43147.0,43162.0,43185.0,43206.0,43222.0,43230.0,43247.0,43265.0,43283.0,43295.0,43307.0,43319.0,43327.0,43337.0,43348.0,43366.0,43373.0,43383.0,43388.0,43397.0,43409.0,43422.0,43440.0,43452.0,43459.0,43463.0,43470.0,43481.0,43495.0,43499.0,43507.0,43515.0,43530.0,43541.0,43550.0,43559.0,43573.0,43591.0,43609.0,43629.0,43638.0,43653.0,43665.0,43681.0,43695.0,43714.0,43735.0,43747.0,43764.0,43784.0,43810.0,43832.0,43857.0,43876.0,43897.0,43903.0,43916.0,43940.0,43965.0,43984.0,43994.0,44005.0,44034.0,44052.0,44067.0,44079.0,44096.0,44109.0,44117
ulYfmWSjG9M,820102.0,820290.0,820480.0,820668.0,820889.0,821145.0,821394.0,821638.0,821870.0,822086.0,822251.0,822481.0,822656.0,822874.0,823108.0,823297.0,823491.0,823696.0,823872.0,824073.0,824269.0,824485.0,824664.0,824851.0,825063.0,825250.0,825460.0,825657.0,825861.0,826082.0,826286.0,826497.0,826725.0,826954.0,827175.0,827388.0,827588.0,827818.0,827980.0,828194.0,828420.0,828629.0,828834.0,829058.0,829305.0,829506.0,829681.0,829903.0,830126.0,830385.0,830582.0,830767.0,830971.0,831181.0,831421.0,831639.0,831846.0,832047.0,832226.0,832431.0,832672.0,832857.0,833145.0,833362.0,833578.0,833804.0,833999.0,834176.0,834356.0,834579.0,834783.0,834996.0,835196.0,835382.0,835559.0,835737.0,835923.0,836100.0,836272.0,836479.0,836645.0,836836.0,836973.0,837149.0,837326.0,837532.0,837747.0,837908.0,838102.0,838287.0,838476.0,838640.0,838836.0,838993.0,839161.0,839348.0,839521.0,839707.0,839866.0,840064.0,840241.0,840448.0,840615.0,840776.0,840933.0,841113.0,841315.0,841551.0,841786.0,841981.0,842215.0,842422.0,842635.0,842820.0,843087.0,843288.0,843528.0,843746.0,843940.0,844140.0,844305.0,844476.0,844625.0,844790.0,844985.0,845155.0,845339.0,845503.0,845690.0,845843.0,846005.0,846158.0,846313.0,846468.0,,,,,,,,,847897.0,848062.0,848196.0,848340.0,848505.0,848656.0,848778.0,848885.0,849041.0,849219.0,849374.0,849533.0,849663.0,849862.0,850033.0,850162.0,850305.0,850436.0,850614.0,850787.0,850972.0,851117.0,851291.0,851411.0,851554.0,851750.0,851963.0,852093.0,852222.0,852391.0,852555.0,852687.0,852885.0,853025.0,853169.0,853324.0,853429.0,853580.0,853721.0,853852.0,854052.0,854235.0,854379.0,854520.0,854675.0,854836.0,854962.0,855126.0,855320.0,855483.0,855605.0,855759.0,855927.0,856069.0,856187.0,856307.0,856459.0,856618.0,856753.0,856876.0,856994.0,857129.0,857251.0,857372.0,857507.0,857656.0,857815.0,857979.0,858101.0,858208.0,858337.0,858480
zl3zHMVsA8A,8108589.0,8108589.0,8108589.0,8108589.0,8108589.0,8108589.0,8108589.0,8108589.0,8108589.0,8108589.0,8108589.0,8108589.0,8108589.0,8108589.0,8108589.0,8108589.0,8108589.0,8108589.0,8108589.0,8108589.0,8108589.0,8108589.0,8108589.0,8108589.0,8108589.0,8108589.0,8108589.0,8108589.0,8108589.0,8108589.0,8108589.0,8108589.0,8108589.0,8108589.0,8108589.0,8108589.0,8108589.0,8108589.0,8108589.0,8108589.0,8108589.0,8108589.0,8108589.0,8108589.0,8108589.0,8108589.0,8108589.0,8108589.0,8108589.0,8108589.0,8108589.0,8108589.0,8108589.0,8108589.0,8108589.0,8108589.0,8108589.0,8108589.0,8108589.0,8108589.0,8108589.0,8108589.0,8108589.0,8108589.0,8108589.0,8108589.0,8108589.0,8108589.0,8108589.0,8108589.0,8108589.0,8108589.0,8108589.0,8108589.0,8108589.0,8108589.0,8108589.0,8108589.0,8108589.0,8108589.0,8108589.0,8108589.0,8108589.0,8108589.0,8108589.0,8108589.0,8108589.0,8108589.0,8108589.0,8108589.0,8108589.0,8108589.0,8108589.0,8108589.0,8108589.0,8108589.0,8108589.0,8108589.0,8108589.0,8108589.0,8108589.0,8108589.0,8108589.0,8108589.0,8108589.0,8108589.0,8108589.0,8108589.0,8108589.0,8108589.0,8108589.0,8108589.0,8108589.0,8108589.0,8108589.0,8108589.0,8108589.0,8108589.0,8108589.0,8108589.0,8108589.0,8108589.0,8108589.0,8108589.0,8108589.0,8108589.0,8108589.0,8108589.0,8108589.0,8108589.0,8108589.0,8108589.0,8108589.0,8108589.0,,,,,,,,,8108589.0,8108589.0,8108589.0,8108589.0,8108589.0,8108589.0,8108589.0,8108589.0,8108589.0,8108589.0,8108589.0,8108589.0,8108589.0,8108589.0,8108589.0,8108589.0,8108589.0,8108589.0,8108589.0,8108589.0,8108589.0,8108589.0,8108589.0,8108589.0,8108589.0,8108589.0,8108589.0,8108589.0,8108589.0,8108589.0,8108589.0,8108589.0,8108589.0,8108589.0,8108589.0,8108589.0,8108589.0,8108589.0,8108589.0,8108589.0,8108589.0,8108589.0,8108589.0,8108589.0,8108589.0,8108589.0,8108589.0,8108589.0,8108589.0,8108589.0,8108589.0,8108589.0,8108589.0,8108589.0,8108589.0,8108589.0,8108589.0,8108589.0,8108589.0,8108589.0,8108589.0,8108589.0,8108589.0,8108589.0,8108589.0,8108589.0,8108589.0,8108589.0,8108589.0,8108589.0,8108589.0,8108589
fXgmejO7vYM,107056.0,107070.0,107096.0,107127.0,107163.0,107182.0,107218.0,107235.0,107259.0,107282.0,107312.0,107340.0,107356.0,107379.0,107407.0,107441.0,107476.0,107509.0,107552.0,107579.0,107609.0,107639.0,107683.0,107725.0,107771.0,107799.0,107828.0,107871.0,107902.0,107924.0,107948.0,107990.0,108024.0,108065.0,108087.0,108116.0,108161.0,108183.0,108206.0,108233.0,108267.0,108308.0,108346.0,108374.0,108404.0,108436.0,108462.0,108491.0,108515.0,108530.0,108572.0,108596.0,108621.0,108643.0,108692.0,108720.0,108748.0,108781.0,108810.0,108841.0,108870.0,108892.0,108916.0,108943.0,108970.0,109000.0,109043.0,109063.0,109089.0,109110.0,109136.0,109159.0,109178.0,109201.0,109229.0,109258.0,109284.0,109305.0,109322.0,109351.0,109379.0,109415.0,109434.0,109462.0,109492.0,109509.0,109535.0,109557.0,109590.0,109622.0,109641.0,109673.0,109695.0,109722.0,109759.0,109777.0,109803.0,109820.0,109836.0,109854.0,109874.0,109896.0,109918.0,109935.0,109956.0,109991.0,110053.0,110090.0,110135.0,110179.0,110212.0,110245.0,110264.0,110307.0,110336.0,110360.0,110383.0,110404.0,110430.0,110456.0,110474.0,110496.0,110524.0,110546.0,110560.0,110583.0,110599.0,110621.0,110657.0,110675.0,110694.0,110723.0,110741.0,110758.0,,,,,,,,,110964.0,110985.0,111002.0,111023.0,111046.0,111066.0,111088.0,111103.0,111123.0,111138.0,111158.0,111174.0,111196.0,111215.0,111241.0,111256.0,111277.0,111295.0,111308.0,111322.0,111348.0,111364.0,111384.0,111399.0,111420.0,111434.0,111446.0,111465.0,111483.0,111504.0,111526.0,111544.0,111558.0,111568.0,111579.0,111587.0,111600.0,111620.0,111637.0,111652.0,111675.0,111686.0,111704.0,111731.0,111750.0,111761.0,111774.0,111789.0,111804.0,111827.0,111854.0,111864.0,111883.0,111899.0,111914.0,111932.0,111953.0,111971.0,111991.0,112009.0,112036.0,112049.0,112064.0,112075.0,112093.0,112106.0,112112.0,112128.0,112156.0,112175.0,112205.0,112223
x-Juc8ia7x4,35773.0,35817.0,35854.0,35916.0,35961.0,36025.0,36091.0,36160.0,36241.0,36302.0,36393.0,36471.0,36577.0,36664.0,36724.0,36797.0,36844.0,36885.0,36946.0,36996.0,37049.0,37112.0,37191.0,37231.0,37307.0,37391.0,37453.0,37521.0,37583.0,37637.0,37691.0,37767.0,37816.0,37882.0,37940.0,37987.0,38037.0,38093.0,38140.0,38198.0,38252.0,38316.0,38353.0,38411.0,38446.0,38496.0,38543.0,38589.0,38649.0,38689.0,38749.0,38803.0,38845.0,38878.0,38939.0,38992.0,39040.0,39097.0,39135.0,39181.0,39233.0,39275.0,39315.0,39358.0,39420.0,39472.0,39505.0,39552.0,39591.0,39630.0,39670.0,39690.0,39720.0,39744.0,39788.0,39857.0,39907.0,39948.0,39995.0,40030.0,40084.0,40151.0,40210.0,40289.0,40349.0,40393.0,40433.0,40499.0,40550.0,40594.0,40638.0,40692.0,40739.0,40773.0,40817.0,40855.0,40902.0,40950.0,41008.0,41046.0,41095.0,41138.0,41203.0,41255.0,41330.0,41414.0,41496.0,41557.0,41643.0,41723.0,41833.0,41921.0,41979.0,42120.0,42224.0,42328.0,42418.0,42494.0,42593.0,42661.0,42748.0,42820.0,42902.0,42978.0,43041.0,43109.0,43161.0,43230.0,43346.0,43427.0,43517.0,43578.0,43656.0,43756.0,,,,,,,,,44551.0,44647.0,44751.0,44883.0,44990.0,45101.0,45238.0,45360.0,45418.0,45487.0,45584.0,45720.0,45819.0,45923.0,46058.0,46166.0,46296.0,46415.0,46505.0,46568.0,46641.0,46715.0,46793.0,46907.0,47013.0,47084.0,47189.0,47274.0,47401.0,47466.0,47555.0,47621.0,47685.0,47736.0,47802.0,47859.0,47930.0,47986.0,48070.0,48135.0,48227.0,48313.0,48385.0,48467.0,48553.0,48623.0,48711.0,48777.0,48855.0,48911.0,48976.0,49044.0,49138.0,49217.0,49288.0,49371.0,49454.0,49524.0,49594.0,49672.0,49753.0,49815.0,49907.0,49949.0,50032.0,50110.0,50210.0,50283.0,50359.0,50430.0,50481.0,50545
ckzho8x0q5g,16464.0,16470.0,16480.0,16487.0,16490.0,16496.0,16500.0,16507.0,16518.0,16533.0,16541.0,16545.0,16552.0,16557.0,16567.0,16571.0,16576.0,16578.0,16582.0,16589.0,16594.0,16600.0,16608.0,16611.0,16617.0,16625.0,16631.0,16639.0,16644.0,16660.0,16669.0,16679.0,16692.0,16706.0,16720.0,16723.0,16729.0,16734.0,16739.0,16742.0,16750.0,16757.0,16772.0,16773.0,16786.0,16793.0,16800.0,16814.0,16843.0,16856.0,16871.0,16885.0,16893.0,16901.0,16911.0,16918.0,16927.0,16934.0,16937.0,16939.0,16944.0,16952.0,16961.0,16971.0,16984.0,16990.0,16993.0,17005.0,17010.0,17016.0,17028.0,17037.0,17042.0,17048.0,17059.0,17066.0,17080.0,17089.0,17096.0,17103.0,17114.0,17121.0,17124.0,17129.0,17145.0,17152.0,17163.0,17173.0,17176.0,17185.0,17191.0,17195.0,17197.0,17200.0,17204.0,17208.0,17215.0,17220.0,17228.0,17249.0,17268.0,17285.0,17304.0,17317.0,17329.0,17338.0,17349.0,17360.0,17372.0,17389.0,17401.0,17405.0,17412.0,17420.0,17428.0,17442.0,17448.0,17457.0,17463.0,17474.0,17485.0,17496.0,17517.0,17530.0,17546.0,17555.0,17566.0,17581.0,17594.0,17599.0,17604.0,17613.0,17616.0,17627.0,,,,,,,,,17686.0,17696.0,17704.0,17708.0,17713.0,17724.0,17735.0,17745.0,17754.0,17763.0,17768.0,17776.0,17781.0,17789.0,17799.0,17806.0,17815.0,17822.0,17837.0,17844.0,17850.0,17862.0,17870.0,17881.0,17889.0,17898.0,17906.0,17916.0,17929.0,17939.0,17947.0,17956.0,17967.0,17978.0,17994.0,18012.0,18024.0,18035.0,18046.0,18061.0,18071.0,18077.0,18088.0,18100.0,18106.0,18111.0,18121.0,18130.0,18142.0,18148.0,18157.0,18160.0,18165.0,18179.0,18189.0,18202.0,18217.0,18246.0,18265.0,18278.0,18284.0,18293.0,18302.0,18311.0,18323.0,18331.0,18348.0,18362.0,18373.0,18383.0,18395.0,18407
d5JedOlmEyA,1851.0,1853.0,1857.0,1857.0,1857.0,1857.0,1857.0,1857.0,1857.0,1857.0,1857.0,1857.0,1857.0,1857.0,1857.0,1858.0,1858.0,1859.0,1860.0,1861.0,1861.0,1861.0,1861.0,1861.0,1861.0,1863.0,1863.0,1863.0,1863.0,1863.0,1863.0,1865.0,1865.0,1865.0,1866.0,1866.0,1866.0,1866.0,1866.0,1866.0,1866.0,1866.0,1866.0,1866.0,1866.0,1866.0,1866.0,1866.0,1866.0,1866.0,1867.0,1867.0,1867.0,1867.0,1867.0,1867.0,1867.0,1867.0,1867.0,1868.0,1868.0,1868.0,1869.0,1872.0,1872.0,1874.0,1874.0,1875.0,1876.0,1876.0,1879.0,1881.0,1881.0,1881.0,1881.0,1881.0,1881.0,1881.0,1881.0,1881.0,1883.0,1883.0,1883.0,1883.0,1883.0,1883.0,1883.0,1884.0,1884.0,1885.0,1886.0,1886.0,1886.0,1887.0,1887.0,1887.0,1887.0,1887.0,1887.0,1888.0,1888.0,1888.0,1889.0,1889.0,1889.0,1889.0,1889.0,1889.0,1890.0,1890.0,1890.0,1890.0,1890.0,1892.0,1892.0,1892.0,1893.0,1893.0,1893.0,1893.0,1897.0,1897.0,1897.0,1897.0,1897.0,1897.0,1899.0,1899.0,1899.0,1900.0,1900.0,1900.0,1900.0,1900.0,,,,,,,,,1902.0,1902.0,1903.0,1903.0,1903.0,1903.0,1903.0,1903.0,1903.0,1903.0,1903.0,1903.0,1903.0,1903.0,1903.0,1903.0,1903.0,1903.0,1903.0,1903.0,1903.0,1903.0,1903.0,1903.0,1903.0,1903.0,1903.0,1903.0,1905.0,1906.0,1906.0,1906.0,1907.0,1907.0,1907.0,1907.0,1907.0,1907.0,1908.0,1908.0,1911.0,1912.0,1913.0,1913.0,1915.0,1917.0,1917.0,1917.0,1917.0,1917.0,1917.0,1917.0,1917.0,1917.0,1917.0,1917.0,1918.0,1918.0,1918.0,1918.0,1918.0,1918.0,1918.0,1918.0,1918.0,1918.0,1918.0,1918.0,1918.0,1918.0,1918.0,1918
Tfn6Tk7cbCs,18895.0,18902.0,18906.0,18908.0,18912.0,18919.0,18924.0,18933.0,18936.0,18946.0,18952.0,18955.0,18962.0,18965.0,18976.0,18984.0,18996.0,19000.0,19003.0,19005.0,19009.0,19014.0,19017.0,19019.0,19024.0,19031.0,19034.0,19044.0,19052.0,19062.0,19073.0,19080.0,19084.0,19095.0,19100.0,19105.0,19115.0,19124.0,19127.0,19135.0,19145.0,19157.0,19161.0,19166.0,19186.0,19199.0,19207.0,19214.0,19219.0,19222.0,19231.0,19238.0,19242.0,19247.0,19268.0,19288.0,19307.0,19325.0,19338.0,19349.0,19359.0,19384.0,19396.0,19408.0,19412.0,19425.0,19444.0,19457.0,19464.0,19476.0,19484.0,19490.0,19496.0,19501.0,19509.0,19521.0,19528.0,19535.0,19543.0,19552.0,19560.0,19574.0,19581.0,19592.0,19599.0,19611.0,19620.0,19627.0,19640.0,19654.0,19664.0,19673.0,19684.0,19693.0,19698.0,19702.0,19707.0,19713.0,19718.0,19726.0,19740.0,19750.0,19761.0,19771.0,19784.0,19791.0,19800.0,19815.0,19829.0,19840.0,19848.0,19867.0,19878.0,19885.0,19891.0,19896.0,19902.0,19911.0,19918.0,19929.0,19937.0,19946.0,19955.0,19966.0,19978.0,19987.0,19997.0,20005.0,20010.0,20015.0,20023.0,20030.0,20031.0,20038.0,,,,,,,,,20115.0,20122.0,20128.0,20135.0,20139.0,20147.0,20151.0,20157.0,20164.0,20167.0,20172.0,20180.0,20182.0,20185.0,20190.0,20196.0,20201.0,20212.0,20219.0,20227.0,20235.0,20243.0,20249.0,20254.0,20259.0,20270.0,20280.0,20286.0,20290.0,20292.0,20295.0,20297.0,20306.0,20313.0,20324.0,20328.0,20328.0,20330.0,20334.0,20340.0,20344.0,20350.0,20354.0,20360.0,20371.0,20379.0,20387.0,20391.0,20399.0,20406.0,20411.0,20415.0,20418.0,20421.0,20425.0,20430.0,20432.0,20434.0,20435.0,20438.0,20440.0,20444.0,20446.0,20451.0,20452.0,20454.0,20456.0,20459.0,20462.0,20467.0,20471.0,20473
PuXH_fgAY6E,2408907.0,2409450.0,2410098.0,2410563.0,2411276.0,2412064.0,2412815.0,2413654.0,2414587.0,2415263.0,2415935.0,2416704.0,2417616.0,2418541.0,2419342.0,2420223.0,2420978.0,2421665.0,2422509.0,2423299.0,2424259.0,2425067.0,2426113.0,2426871.0,2427446.0,2428266.0,2429081.0,2429916.0,2430761.0,2431797.0,2432693.0,2433451.0,2434304.0,2435051.0,2435907.0,2436989.0,2438052.0,2438845.0,2439499.0,2440335.0,2441365.0,2442476.0,2443692.0,2444755.0,2445720.0,2446583.0,2447568.0,2448502.0,2449414.0,2450354.0,2451369.0,2452204.0,2452927.0,2453812.0,2454666.0,2455647.0,2456593.0,2457412.0,2458111.0,2458794.0,2459491.0,2460312.0,2461241.0,2462111.0,2463205.0,2463959.0,2464500.0,2465207.0,2465865.0,2466692.0,2467559.0,2468359.0,2469048.0,2469669.0,2470417.0,2471202.0,2471974.0,2472632.0,2473426.0,2474083.0,2474816.0,2475583.0,2476385.0,2477094.0,2477955.0,2478838.0,2479461.0,2480065.0,2480856.0,2481673.0,2482523.0,2483269.0,2484219.0,2484908.0,2485590.0,2486394.0,2487303.0,2487969.0,2488831.0,2489830.0,2490551.0,2491194.0,2492044.0,2492911.0,2493739.0,2494563.0,2495657.0,2496474.0,2497106.0,2498171.0,2499132.0,2499981.0,2500808.0,2501692.0,2502466.0,2503128.0,2503912.0,2504765.0,2505658.0,2506727.0,2507431.0,2508121.0,2508724.0,2509499.0,2510189.0,2510893.0,2511556.0,2512316.0,2513048.0,2513691.0,2514465.0,2515327.0,2516127.0,2517076.0,,,,,,,,,2524307.0,2524919.0,2525735.0,2526588.0,2527431.0,2528292.0,2529014.0,2529782.0,2530429.0,2531238.0,2532145.0,2533011.0,2534006.0,2535188.0,2536073.0,2536809.0,2537640.0,2538628.0,2539594.0,2540418.0,2541278.0,2542007.0,2542636.0,2543397.0,2544245.0,2545089.0,2545885.0,2546713.0,2547367.0,2547947.0,2548798.0,2549627.0,2550374.0,2551031.0,2551787.0,2552492.0,2552977.0,2553639.0,2554452.0,2555212.0,2555968.0,2556717.0,2557260.0,2557744.0,2558446.0,2559223.0,2560020.0,2560859.0,2561721.0,2562252.0,2562788.0,2563516.0,2564251.0,2564975.0,2565744.0,2566417.0,2566949.0,2567515.0,2568152.0,2568831.0,2569583.0,2570143.0,2570894.0,2571672.0,2572219.0,2572919.0,2573574.0,2574306.0,2574877.0,2575521.0,2576164.0,2576719
FZys3pZe1i8,78360.0,78415.0,78487.0,78533.0,78558.0,78609.0,78674.0,78779.0,78867.0,78887.0,78920.0,78964.0,79004.0,79039.0,79095.0,79134.0,79156.0,79208.0,79251.0,79336.0,79398.0,79448.0,79496.0,79546.0,79589.0,79636.0,79681.0,79719.0,79772.0,79825.0,79868.0,79916.0,79967.0,80020.0,80096.0,80155.0,80259.0,80345.0,80400.0,80436.0,80491.0,80544.0,80603.0,80672.0,80715.0,80801.0,80961.0,81009.0,81066.0,81124.0,81188.0,81212.0,81241.0,81273.0,81308.0,81336.0,81375.0,81421.0,81467.0,81494.0,81523.0,81549.0,81595.0,81643.0,81679.0,81725.0,81757.0,81796.0,81853.0,81918.0,81963.0,82027.0,82069.0,82120.0,82183.0,82235.0,82290.0,82333.0,82376.0,82411.0,82451.0,82484.0,82511.0,82559.0,82609.0,82669.0,82693.0,82738.0,82783.0,82822.0,82898.0,82958.0,83003.0,83047.0,83080.0,83128.0,83168.0,83206.0,83253.0,83297.0,83345.0,83398.0,83439.0,83483.0,83534.0,83572.0,83631.0,83671.0,83714.0,83749.0,83784.0,83817.0,83864.0,83912.0,83938.0,83958.0,83987.0,84015.0,84036.0,84058.0,84084.0,84109.0,84137.0,84154.0,84166.0,84182.0,84203.0,84211.0,84223.0,84237.0,84247.0,84263.0,84272.0,84286.0,,,,,,,,,84431.0,84442.0,84456.0,84465.0,84480.0,84489.0,84499.0,84517.0,84536.0,84553.0,84561.0,84571.0,84572.0,84572.0,84572.0,84572.0,84572.0,84572.0,84572.0,84572.0,84572.0,84572.0,84572.0,84572.0,84572.0,84572.0,84572.0,84572.0,84572.0,84572.0,84572.0,84572.0,84572.0,84572.0,84572.0,84572.0,84572.0,84572.0,84572.0,84572.0,84572.0,84572.0,84572.0,84572.0,84572.0,84572.0,84572.0,84572.0,84572.0,84572.0,84572.0,84572.0,84572.0,84572.0,84572.0,84572.0,84572.0,84572.0,84572.0,84572.0,84572.0,84572.0,84572.0,84572.0,84572.0,84572.0,84572.0,84572.0,84572.0,84572.0,84572.0,84572
CGvkwuZjLHo,406376.0,406393.0,406412.0,406429.0,406449.0,406470.0,406492.0,406507.0,406522.0,406536.0,406556.0,406569.0,406587.0,406611.0,406627.0,406650.0,406664.0,406690.0,406701.0,406723.0,406740.0,406773.0,406798.0,406811.0,406825.0,406831.0,406851.0,406865.0,406882.0,406895.0,406922.0,406943.0,406954.0,406959.0,406975.0,406989.0,407014.0,407027.0,407038.0,407052.0,407073.0,407094.0,407118.0,407131.0,407150.0,407170.0,407190.0,407201.0,407216.0,407228.0,407242.0,407254.0,407279.0,407291.0,407314.0,407321.0,407330.0,407351.0,407374.0,407394.0,407410.0,407431.0,407451.0,407466.0,407475.0,407485.0,407505.0,407525.0,407541.0,407559.0,407573.0,407585.0,407601.0,407609.0,407627.0,407642.0,407660.0,407673.0,407679.0,407694.0,407705.0,407718.0,407735.0,407751.0,407791.0,407807.0,407824.0,407835.0,407853.0,407867.0,407874.0,407896.0,407911.0,407925.0,407940.0,407952.0,407969.0,407984.0,407997.0,408006.0,408019.0,408031.0,408044.0,408056.0,408066.0,408076.0,408088.0,408100.0,408111.0,408123.0,408140.0,408152.0,408162.0,408180.0,408199.0,408215.0,408224.0,408240.0,408254.0,408266.0,408286.0,408292.0,408308.0,408322.0,408351.0,408369.0,408384.0,408401.0,408416.0,408430.0,408440.0,408449.0,408452.0,408483.0,,,,,,,,,408725.0,408747.0,408759.0,408783.0,408796.0,408820.0,408836.0,408852.0,408883.0,408905.0,408931.0,408949.0,408965.0,408981.0,409006.0,409028.0,409038.0,409050.0,409082.0,409096.0,409113.0,409127.0,409144.0,409153.0,409164.0,409184.0,409197.0,409207.0,409230.0,409248.0,409253.0,409259.0,409278.0,409290.0,409318.0,409335.0,409354.0,409371.0,409383.0,409395.0,409411.0,409435.0,409452.0,409474.0,409502.0,409534.0,409546.0,409556.0,409562.0,409572.0,409585.0,409599.0,409610.0,409626.0,409639.0,409650.0,409667.0,409676.0,409687.0,409701.0,409714.0,409726.0,409743.0,409750.0,409754.0,409765.0,409775.0,409782.0,409790.0,409798.0,409812.0,409829
eJ5oRsAzsLk,20610.0,20613.0,20616.0,20620.0,20625.0,20626.0,20634.0,20638.0,20640.0,20642.0,20646.0,20651.0,20662.0,20669.0,20672.0,20680.0,20683.0,20691.0,20698.0,20704.0,20714.0,20717.0,20720.0,20726.0,20737.0,20741.0,20750.0,20752.0,20757.0,20758.0,20761.0,20765.0,20772.0,20785.0,20789.0,20791.0,20800.0,20809.0,20813.0,20817.0,20819.0,20823.0,20826.0,20830.0,20837.0,20843.0,20848.0,20858.0,20864.0,20868.0,20874.0,20878.0,20884.0,20889.0,20896.0,20902.0,20916.0,20923.0,20924.0,20927.0,20931.0,20936.0,20941.0,20943.0,20951.0,20955.0,20965.0,20966.0,20972.0,20981.0,20988.0,20997.0,20998.0,21000.0,21006.0,21013.0,21017.0,21022.0,21024.0,21027.0,21032.0,21036.0,21044.0,21049.0,21050.0,21056.0,21062.0,21069.0,21075.0,21083.0,21089.0,21098.0,21103.0,21107.0,21114.0,21118.0,21127.0,21131.0,21134.0,21142.0,21150.0,21165.0,21176.0,21190.0,21200.0,21211.0,21222.0,21230.0,21241.0,21246.0,21254.0,21258.0,21263.0,21269.0,21280.0,21285.0,21290.0,21294.0,21299.0,21306.0,21310.0,21313.0,21319.0,21321.0,21328.0,21332.0,21336.0,21344.0,21347.0,21350.0,21352.0,21363.0,21378.0,21407.0,,,,,,,,,21464.0,21475.0,21488.0,21494.0,21507.0,21511.0,21523.0,21531.0,21539.0,21553.0,21559.0,21565.0,21574.0,21579.0,21583.0,21586.0,21592.0,21602.0,21603.0,21607.0,21617.0,21619.0,21622.0,21629.0,21636.0,21643.0,21649.0,21661.0,21661.0,21665.0,21673.0,21682.0,21689.0,21694.0,21697.0,21704.0,21708.0,21712.0,21716.0,21722.0,21728.0,21735.0,21738.0,21740.0,21747.0,21749.0,21755.0,21759.0,21763.0,21767.0,21770.0,21775.0,21779.0,21784.0,21791.0,21799.0,21803.0,21805.0,21811.0,21813.0,21816.0,21818.0,21822.0,21825.0,21828.0,21830.0,21837.0,21841.0,21855.0,21859.0,21869.0,21873
mF_I7fo8_EA,10986.0,10986.0,10986.0,10986.0,10986.0,10986.0,10986.0,10986.0,10986.0,10986.0,10986.0,10986.0,10986.0,10986.0,10986.0,10986.0,10986.0,10986.0,10986.0,10986.0,10986.0,10986.0,10986.0,10986.0,10986.0,10986.0,10986.0,10986.0,10986.0,10986.0,10986.0,10986.0,10986.0,10986.0,10986.0,10986.0,10986.0,10986.0,10986.0,10986.0,10986.0,10986.0,10986.0,10986.0,10986.0,10986.0,10986.0,10986.0,10986.0,10986.0,10986.0,10986.0,10986.0,10986.0,10986.0,10986.0,10986.0,10986.0,10986.0,10986.0,10986.0,10986.0,10986.0,10986.0,10986.0,10986.0,10986.0,10986.0,10986.0,10986.0,10986.0,10986.0,10986.0,10986.0,10986.0,10986.0,10986.0,10986.0,10986.0,10986.0,10986.0,10986.0,10986.0,10986.0,10986.0,10986.0,10986.0,10986.0,10986.0,10986.0,10986.0,10986.0,10986.0,10986.0,10986.0,10986.0,10986.0,10986.0,10986.0,10986.0,10986.0,10986.0,10986.0,10986.0,10986.0,10986.0,10986.0,10986.0,10986.0,10986.0,10986.0,10986.0,10986.0,10986.0,10986.0,10986.0,10986.0,10986.0,10986.0,10986.0,10986.0,10986.0,10986.0,10986.0,10986.0,10986.0,10986.0,10986.0,10986.0,10986.0,10986.0,10986.0,10986.0,10986.0,,,,,,,,,10986.0,10986.0,10986.0,10986.0,10986.0,10986.0,10986.0,10986.0,10986.0,10986.0,10986.0,10986.0,10986.0,10986.0,10986.0,10986.0,10986.0,10986.0,10986.0,10986.0,10986.0,10986.0,10986.0,10986.0,10986.0,10986.0,10986.0,10986.0,10986.0,10986.0,10986.0,10986.0,10986.0,10986.0,10986.0,10986.0,10986.0,10986.0,10986.0,10986.0,10986.0,10986.0,10986.0,10986.0,10986.0,10986.0,10986.0,10986.0,10986.0,10986.0,10986.0,10986.0,10986.0,10986.0,10986.0,10986.0,10986.0,10986.0,10986.0,10986.0,10986.0,10986.0,10986.0,10986.0,10986.0,10986.0,10986.0,10986.0,10986.0,10986.0,10986.0,10986
FDqlhXkWN2Y,19263061.0,19271160.0,19279606.0,19288022.0,19297255.0,19307139.0,19316858.0,19326284.0,19336074.0,19345645.0,19355322.0,19365408.0,19376870.0,19389675.0,19405146.0,19419864.0,19432061.0,19443827.0,19457192.0,19470403.0,19483291.0,19496158.0,19508427.0,19519119.0,19528701.0,19537758.0,19547142.0,19556248.0,19565833.0,19575641.0,19584940.0,19593360.0,19602613.0,19612504.0,19622429.0,19632155.0,19641920.0,19650514.0,19658148.0,19666645.0,19676184.0,19685436.0,19695485.0,19705597.0,19714164.0,19722095.0,19731035.0,19740677.0,19750220.0,19759485.0,19768492.0,19777081.0,19784708.0,19792668.0,19801950.0,19811423.0,19820984.0,19830400.0,19838876.0,19846968.0,19856140.0,19865552.0,19875153.0,19884362.0,19893147.0,19901053.0,19908462.0,19916960.0,19925176.0,19936036.0,19945536.0,19954199.0,19962380.0,19970007.0,19978482.0,19987494.0,19997323.0,20007316.0,20017628.0,20027033.0,20036026.0,20045324.0,20054427.0,20063740.0,20073046.0,20082654.0,20091604.0,20100165.0,20110302.0,20120904.0,20131888.0,20141974.0,20151834.0,20160897.0,20170054.0,20179733.0,20189038.0,20198329.0,20208175.0,20218182.0,20226882.0,20234814.0,20243389.0,20252202.0,20261004.0,20269905.0,20278822.0,20287221.0,20295427.0,20305029.0,20314597.0,20323693.0,20333054.0,20341926.0,20349837.0,20357309.0,20366416.0,20375851.0,20385339.0,20394161.0,20402382.0,20409808.0,20417103.0,20424993.0,20433695.0,20442222.0,20450837.0,20460061.0,20468455.0,20476386.0,20484895.0,20493188.0,20502122.0,20511351.0,,,,,,,,,20596276.0,20605289.0,20615453.0,20626741.0,20637199.0,20646612.0,20657518.0,20667128.0,20675905.0,20684668.0,20694180.0,20703233.0,20713557.0,20723057.0,20731488.0,20740028.0,20749103.0,20758475.0,20767908.0,20777186.0,20786115.0,20794558.0,20802656.0,20811220.0,20820340.0,20829051.0,20837889.0,20846552.0,20854638.0,20862294.0,20870912.0,20879479.0,20887872.0,20895818.0,20903763.0,20910906.0,20917665.0,20925245.0,20933227.0,20941001.0,20948488.0,20955911.0,20962394.0,20968434.0,20975471.0,20982614.0,20989832.0,20997235.0,21004486.0,21010869.0,21016934.0,21023904.0,21030764.0,21037643.0,21044116.0,21050384.0,21056016.0,21061489.0,21068444.0,21075579.0,21082332.0,21088033.0,21093699.0,21099816.0,21105720.0,21112413.0,21119500.0,21126385.0,21131945.0,21137871.0,21144265.0,21150509
hVLRky1hGfk,7591220.0,7592212.0,7593290.0,7594458.0,7595678.0,7596883.0,7598147.0,7599397.0,7600851.0,7602286.0,7603669.0,7604871.0,7606018.0,7607217.0,7608463.0,7609641.0,7610848.0,7612005.0,7613207.0,7614361.0,7615494.0,7616713.0,7618035.0,7619417.0,7620540.0,7621539.0,7622528.0,7623485.0,7624418.0,7625420.0,7626514.0,7627538.0,7628523.0,7629567.0,7630793.0,7632030.0,7633132.0,7634358.0,7635590.0,7636718.0,7637770.0,7638804.0,7639814.0,7640868.0,7641965.0,7643042.0,7644026.0,7645123.0,7646154.0,7647140.0,7648116.0,7649223.0,7650273.0,7651155.0,7652096.0,7652996.0,7653946.0,7654956.0,7656041.0,7657102.0,7658104.0,7659147.0,7660404.0,7661507.0,7662564.0,7663484.0,7664444.0,7665504.0,7666399.0,7667417.0,7668493.0,7669478.0,7670588.0,7671719.0,7672678.0,7673626.0,7674645.0,7675768.0,7676914.0,7677993.0,7679121.0,7680218.0,7681257.0,7682395.0,7683629.0,7684891.0,7686125.0,7687438.0,7688608.0,7689764.0,7690989.0,7692184.0,7693310.0,7694642.0,7695922.0,7697128.0,7698357.0,7699542.0,7700703.0,7701872.0,7703068.0,7704253.0,7705381.0,7706514.0,7707810.0,7709110.0,7710370.0,7711755.0,7713115.0,7714309.0,7715558.0,7716901.0,7718309.0,7719662.0,7721124.0,7722578.0,7723790.0,7724968.0,7726152.0,7727243.0,7728387.0,7729677.0,7730958.0,7732149.0,7733340.0,7734403.0,7735522.0,7736818.0,7738213.0,7739521.0,7740629.0,7741662.0,7742757.0,7743789.0,,,,,,,,,7752852.0,7753822.0,7754699.0,7755617.0,7756663.0,7757642.0,7758603.0,7759595.0,7760640.0,7761577.0,7762479.0,7763406.0,7764439.0,7765428.0,7766444.0,7767518.0,7768598.0,7769645.0,7770655.0,7771610.0,7772583.0,7773612.0,7774625.0,7775687.0,7776604.0,7777450.0,7778406.0,7779423.0,7780487.0,7781472.0,7782444.0,7783291.0,7784195.0,7785072.0,7786112.0,7787018.0,7787909.0,7788703.0,7789470.0,7790281.0,7791127.0,7791927.0,7792780.0,7793649.0,7794500.0,7795354.0,7796224.0,7797104.0,7797911.0,7798768.0,7799658.0,7800416.0,7801181.0,7802013.0,7802773.0,7803513.0,7804268.0,7805131.0,7805822.0,7806611.0,7807405.0,7808198.0,7808945.0,7809729.0,7810446.0,7811162.0,7811972.0,7812721.0,7813469.0,7814134.0,7814868.0,7815612
ygAB6aKaidU,442800.0,442806.0,442816.0,442823.0,442830.0,442833.0,442838.0,442844.0,442854.0,442862.0,442867.0,442874.0,442883.0,442889.0,442901.0,442911.0,442933.0,442946.0,442959.0,442970.0,442980.0,442990.0,443003.0,443012.0,443020.0,443037.0,443052.0,443055.0,443060.0,443066.0,443076.0,443082.0,443084.0,443092.0,443097.0,443109.0,443119.0,443131.0,443139.0,443148.0,443163.0,443174.0,443187.0,443191.0,443195.0,443205.0,443215.0,443225.0,443231.0,443242.0,443254.0,443258.0,443266.0,443274.0,443282.0,443285.0,443291.0,443300.0,443307.0,443311.0,443322.0,443332.0,443337.0,443343.0,443352.0,443355.0,443358.0,443361.0,443370.0,443379.0,443384.0,443387.0,443395.0,443413.0,443431.0,443450.0,443457.0,443462.0,443462.0,443465.0,443471.0,443477.0,443481.0,443487.0,443493.0,443499.0,443503.0,443515.0,443517.0,443522.0,443532.0,443534.0,443540.0,443548.0,443556.0,443563.0,443570.0,443573.0,443580.0,443583.0,443587.0,443594.0,443603.0,443608.0,443612.0,443618.0,443622.0,443629.0,443631.0,443639.0,443645.0,443651.0,443661.0,443672.0,443677.0,443686.0,443695.0,443701.0,443703.0,443708.0,443711.0,443720.0,443733.0,443743.0,443751.0,443757.0,443760.0,443771.0,443781.0,443791.0,443798.0,443805.0,443815.0,443824.0,,,,,,,,,443895.0,443927.0,443939.0,443959.0,443961.0,443971.0,443979.0,443994.0,444001.0,444013.0,444018.0,444026.0,444032.0,444035.0,444042.0,444048.0,444054.0,444059.0,444064.0,444069.0,444077.0,444085.0,444090.0,444102.0,444110.0,444117.0,444123.0,444128.0,444135.0,444148.0,444153.0,444157.0,444162.0,444167.0,444168.0,444171.0,444178.0,444185.0,444187.0,444192.0,444199.0,444202.0,444209.0,444222.0,444225.0,444228.0,444236.0,444238.0,444242.0,444248.0,444249.0,444259.0,444262.0,444270.0,444273.0,444273.0,444281.0,444286.0,444294.0,444307.0,444317.0,444326.0,444335.0,444337.0,444348.0,444358.0,444363.0,444367.0,444367.0,444369.0,444378.0,444385
eO1ova9Isug,44571.0,44571.0,44571.0,44571.0,44571.0,44571.0,44571.0,44571.0,44571.0,44571.0,44571.0,44571.0,44571.0,44571.0,44571.0,44571.0,44571.0,44571.0,44571.0,44571.0,44571.0,44571.0,44571.0,44571.0,44571.0,44571.0,44571.0,44571.0,44571.0,44571.0,44571.0,44571.0,44571.0,44571.0,44571.0,44571.0,44571.0,44571.0,44571.0,44571.0,44571.0,44571.0,44571.0,44571.0,44571.0,44571.0,44571.0,44571.0,44571.0,44571.0,44571.0,44571.0,44571.0,44571.0,44571.0,44571.0,44571.0,44571.0,44571.0,44571.0,44571.0,44571.0,44571.0,44571.0,44571.0,44571.0,44571.0,44571.0,44571.0,44571.0,44571.0,44571.0,44571.0,44571.0,44571.0,44571.0,44571.0,44571.0,44571.0,44571.0,44571.0,44571.0,44571.0,44571.0,44571.0,44571.0,44571.0,44571.0,44571.0,44571.0,44571.0,44571.0,44571.0,44571.0,44571.0,44571.0,44571.0,44571.0,44571.0,44571.0,44571.0,44571.0,44571.0,44571.0,44571.0,44571.0,44571.0,44571.0,44571.0,44571.0,44571.0,44571.0,44571.0,44571.0,44571.0,44571.0,44571.0,44571.0,44571.0,44571.0,44571.0,44571.0,44571.0,44571.0,44571.0,44571.0,44571.0,44571.0,44571.0,44571.0,44571.0,44571.0,44571.0,44571.0,,,,,,,,,44571.0,44571.0,44571.0,44571.0,44571.0,44571.0,44571.0,44571.0,44571.0,44571.0,44571.0,44571.0,44571.0,44571.0,44571.0,44571.0,44571.0,44571.0,44571.0,44571.0,44571.0,44571.0,44571.0,44571.0,44571.0,44571.0,44571.0,44571.0,44571.0,44571.0,44571.0,44571.0,44571.0,44571.0,44571.0,44571.0,44571.0,44571.0,44571.0,44571.0,44571.0,44571.0,44571.0,44571.0,44571.0,44571.0,44571.0,44571.0,44571.0,44571.0,44571.0,44571.0,44571.0,44571.0,44571.0,44571.0,44571.0,44571.0,44571.0,44571.0,44571.0,44571.0,44571.0,44571.0,44571.0,44571.0,44571.0,44571.0,44571.0,44571.0,44571.0,44571
n6x7wIsNK-M,16310.0,16314.0,16316.0,16317.0,16322.0,16325.0,16325.0,16328.0,16328.0,16328.0,16331.0,16332.0,16333.0,16336.0,16338.0,16339.0,16339.0,16339.0,16342.0,16342.0,16342.0,16343.0,16347.0,16350.0,16356.0,16362.0,16362.0,16362.0,16362.0,16363.0,16363.0,16364.0,16370.0,16374.0,16377.0,16378.0,16380.0,16381.0,16383.0,16383.0,16384.0,16387.0,16387.0,16388.0,16388.0,16388.0,16389.0,16392.0,16395.0,16396.0,16396.0,16396.0,16396.0,16397.0,16399.0,16399.0,16399.0,16401.0,16403.0,16403.0,16403.0,16405.0,16407.0,16407.0,16410.0,16412.0,16415.0,16415.0,16417.0,16417.0,16417.0,16418.0,16418.0,16419.0,16421.0,16422.0,16423.0,16427.0,16427.0,16431.0,16432.0,16433.0,16435.0,16436.0,16438.0,16440.0,16441.0,16443.0,16445.0,16446.0,16446.0,16447.0,16447.0,16448.0,16449.0,16451.0,16453.0,16454.0,16457.0,16459.0,16460.0,16460.0,16461.0,16461.0,16462.0,16462.0,16466.0,16466.0,16469.0,16472.0,16474.0,16475.0,16476.0,16481.0,16483.0,16484.0,16484.0,16487.0,16488.0,16489.0,16490.0,16491.0,16491.0,16493.0,16494.0,16496.0,16496.0,16498.0,16499.0,16500.0,16500.0,16501.0,16502.0,16504.0,,,,,,,,,16524.0,16526.0,16526.0,16526.0,16527.0,16527.0,16527.0,16529.0,16531.0,16533.0,16534.0,16537.0,16538.0,16539.0,16540.0,16540.0,16540.0,16542.0,16542.0,16547.0,16548.0,16549.0,16552.0,16552.0,16556.0,16556.0,16560.0,16561.0,16561.0,16562.0,16562.0,16564.0,16564.0,16564.0,16564.0,16566.0,16569.0,16571.0,16571.0,16572.0,16572.0,16571.0,16573.0,16574.0,16574.0,16575.0,16575.0,16575.0,16577.0,16578.0,16579.0,16580.0,16580.0,16581.0,16582.0,16581.0,16581.0,16583.0,16584.0,16584.0,16585.0,16586.0,16586.0,16587.0,16587.0,16587.0,16588.0,16589.0,16589.0,16590.0,16591.0,16591
gsFLc2kv4Xw,69724.0,69754.0,69772.0,69787.0,69810.0,69839.0,69862.0,69894.0,69920.0,69950.0,69970.0,70001.0,70037.0,70069.0,70106.0,70130.0,70156.0,70184.0,70209.0,70249.0,70273.0,70305.0,70332.0,70361.0,70380.0,70412.0,70435.0,70464.0,70482.0,70501.0,70539.0,70558.0,70588.0,70609.0,70642.0,70660.0,70697.0,70720.0,70740.0,70769.0,70791.0,70807.0,70829.0,70859.0,70889.0,70919.0,70943.0,70969.0,71012.0,71042.0,71059.0,71126.0,71155.0,71191.0,71221.0,71244.0,71259.0,71281.0,71302.0,71336.0,71366.0,71396.0,71426.0,71449.0,71477.0,71504.0,71541.0,71568.0,71596.0,71630.0,71659.0,71680.0,71704.0,71726.0,71760.0,71789.0,71811.0,71848.0,71870.0,71898.0,71918.0,71946.0,71967.0,72005.0,72039.0,72068.0,72099.0,72134.0,72167.0,72184.0,72211.0,72232.0,72268.0,72301.0,72324.0,72360.0,72406.0,72459.0,72492.0,72520.0,72552.0,72590.0,72607.0,72642.0,72660.0,72679.0,72703.0,72727.0,72760.0,72777.0,72804.0,72828.0,72854.0,72895.0,72909.0,72941.0,72973.0,72998.0,73028.0,73044.0,73078.0,73094.0,73117.0,73143.0,73166.0,73194.0,73218.0,73251.0,73277.0,73314.0,73343.0,73382.0,73411.0,73437.0,,,,,,,,,73672.0,73700.0,73735.0,73764.0,73791.0,73819.0,73839.0,73867.0,73897.0,73922.0,73944.0,73971.0,74002.0,74023.0,74042.0,74074.0,74100.0,74114.0,74135.0,74149.0,74170.0,74188.0,74205.0,74215.0,74237.0,74257.0,74268.0,74290.0,74307.0,74318.0,74338.0,74346.0,74359.0,74378.0,74409.0,74430.0,74441.0,74456.0,74476.0,74494.0,74537.0,74560.0,74595.0,74624.0,74650.0,74675.0,74700.0,74725.0,74763.0,74801.0,74827.0,74866.0,74894.0,74917.0,74950.0,74966.0,75000.0,75028.0,75054.0,75077.0,75097.0,75119.0,75137.0,75157.0,75178.0,75205.0,75233.0,75261.0,75285.0,75305.0,75327.0,75343
FSIGLF5G7BY,13281.0,13287.0,13291.0,13293.0,13300.0,13303.0,13304.0,13307.0,13311.0,13313.0,13315.0,13318.0,13320.0,13325.0,13330.0,13334.0,13337.0,13339.0,13343.0,13346.0,13348.0,13352.0,13353.0,13354.0,13357.0,13359.0,13364.0,13366.0,13367.0,13370.0,13370.0,13372.0,13373.0,13379.0,13379.0,13380.0,13381.0,13385.0,13389.0,13391.0,13394.0,13399.0,13408.0,13413.0,13414.0,13417.0,13422.0,13426.0,13432.0,13439.0,13445.0,13446.0,13448.0,13449.0,13450.0,13453.0,13455.0,13457.0,13462.0,13465.0,13468.0,13470.0,13471.0,13476.0,13478.0,13479.0,13480.0,13481.0,13484.0,13484.0,13491.0,13494.0,13495.0,13496.0,13499.0,13500.0,13505.0,13509.0,13513.0,13513.0,13514.0,13515.0,13515.0,13517.0,13519.0,13522.0,13527.0,13530.0,13531.0,13534.0,13538.0,13541.0,13543.0,13546.0,13549.0,13553.0,13554.0,13558.0,13562.0,13564.0,13566.0,13567.0,13573.0,13577.0,13578.0,13580.0,13585.0,13588.0,13591.0,13595.0,13598.0,13603.0,13605.0,13606.0,13608.0,13612.0,13613.0,13616.0,13619.0,13622.0,13625.0,13627.0,13630.0,13631.0,13635.0,13637.0,13642.0,13644.0,13646.0,13646.0,13652.0,13652.0,13655.0,13658.0,,,,,,,,,13689.0,13689.0,13694.0,13694.0,13694.0,13704.0,13703.0,13706.0,13710.0,13713.0,13720.0,13723.0,13727.0,13727.0,13729.0,13731.0,13732.0,13734.0,13738.0,13740.0,13740.0,13741.0,13741.0,13741.0,13741.0,13743.0,13743.0,13744.0,13744.0,13747.0,13747.0,13747.0,13747.0,13748.0,13751.0,13752.0,13753.0,13755.0,13756.0,13756.0,13760.0,13761.0,13764.0,13766.0,13766.0,13769.0,13771.0,13771.0,13771.0,13771.0,13771.0,13773.0,13774.0,13776.0,13777.0,13778.0,13780.0,13781.0,13784.0,13785.0,13785.0,13787.0,13788.0,13788.0,13791.0,13792.0,13792.0,13793.0,13795.0,13798.0,13799.0,13800
DvCI12Bvl0w,78612.0,78638.0,78685.0,78720.0,78745.0,78793.0,78828.0,78878.0,78908.0,78946.0,78972.0,79009.0,79049.0,79090.0,79121.0,79158.0,79196.0,79233.0,79282.0,79336.0,79370.0,79400.0,79447.0,79481.0,79508.0,79532.0,79575.0,79605.0,79651.0,79694.0,79724.0,79758.0,79790.0,79827.0,79881.0,79939.0,79998.0,80047.0,80090.0,80140.0,80188.0,80220.0,80264.0,80321.0,80358.0,80394.0,80426.0,80462.0,80506.0,80554.0,80593.0,80637.0,80664.0,80712.0,80748.0,80795.0,80841.0,80872.0,80928.0,80962.0,80998.0,81036.0,81077.0,81113.0,81151.0,81200.0,81230.0,81319.0,81362.0,81411.0,81458.0,81490.0,81530.0,81562.0,81585.0,81626.0,81674.0,81777.0,81814.0,81869.0,81842.0,81878.0,81922.0,81959.0,82003.0,82048.0,82086.0,82124.0,82159.0,82194.0,82235.0,82258.0,82296.0,82341.0,82374.0,82404.0,82445.0,82482.0,82526.0,82589.0,82632.0,82679.0,82740.0,82794.0,82840.0,82892.0,82928.0,82961.0,83008.0,83060.0,83103.0,83151.0,83207.0,83248.0,83298.0,83336.0,83365.0,83406.0,83449.0,83483.0,83529.0,83555.0,83583.0,83607.0,83649.0,83696.0,83770.0,83865.0,83925.0,84000.0,84049.0,84091.0,84141.0,84200.0,,,,,,,,,85068.0,85114.0,85167.0,85232.0,85325.0,85398.0,85464.0,85554.0,85582.0,85639.0,85724.0,85815.0,85893.0,85965.0,86043.0,86121.0,86175.0,86234.0,86285.0,86335.0,86386.0,86441.0,86508.0,86561.0,86645.0,86720.0,86809.0,86890.0,86949.0,87004.0,87073.0,87132.0,87185.0,87239.0,87293.0,87363.0,87414.0,87478.0,87528.0,87581.0,87652.0,87723.0,87793.0,87848.0,87909.0,87979.0,88050.0,88120.0,88195.0,88273.0,88320.0,88379.0,88440.0,88546.0,88620.0,88709.0,88785.0,88848.0,88931.0,89007.0,89088.0,89155.0,89203.0,89263.0,89330.0,89408.0,89504.0,89601.0,89676.0,89765.0,89830.0,89910
rkrXoMNiM5M,157631.0,157653.0,157665.0,157681.0,157693.0,157703.0,157711.0,157724.0,157734.0,157748.0,157756.0,157773.0,157793.0,157808.0,157819.0,157830.0,157839.0,157849.0,157868.0,157881.0,157894.0,157902.0,157913.0,157930.0,157942.0,157953.0,157964.0,157973.0,158006.0,158028.0,158046.0,158067.0,158075.0,158094.0,158110.0,158120.0,158132.0,158144.0,158160.0,158176.0,158192.0,158203.0,158222.0,158232.0,158246.0,158252.0,158267.0,158280.0,158294.0,158306.0,158317.0,158328.0,158342.0,158356.0,158367.0,158379.0,158390.0,158401.0,158419.0,158430.0,158444.0,158459.0,158474.0,158489.0,158499.0,158509.0,158528.0,158543.0,158554.0,158568.0,158579.0,158593.0,158608.0,158620.0,158630.0,158635.0,158649.0,158664.0,158681.0,158699.0,158711.0,158722.0,158731.0,158745.0,158748.0,158755.0,158770.0,158786.0,158799.0,158807.0,158817.0,158824.0,158839.0,158852.0,158858.0,158866.0,158876.0,158884.0,158896.0,158917.0,158935.0,158957.0,158984.0,158999.0,159006.0,159010.0,159022.0,159031.0,159040.0,159051.0,159057.0,159067.0,159083.0,159091.0,159103.0,159112.0,159123.0,159133.0,159144.0,159154.0,159165.0,159180.0,159191.0,159203.0,159214.0,159229.0,159238.0,159247.0,159263.0,159271.0,159282.0,159291.0,159308.0,159323.0,,,,,,,,,159471.0,159488.0,159510.0,159522.0,159537.0,159545.0,159556.0,159562.0,159570.0,159587.0,159598.0,159611.0,159622.0,159629.0,159640.0,159656.0,159665.0,159671.0,159682.0,159687.0,159692.0,159698.0,159704.0,159711.0,159733.0,159749.0,159759.0,159765.0,159779.0,159785.0,159799.0,159811.0,159834.0,159848.0,159859.0,159874.0,159884.0,159897.0,159903.0,159908.0,159922.0,159938.0,159951.0,159967.0,159980.0,159998.0,160011.0,160027.0,160056.0,160067.0,160079.0,160095.0,160110.0,160122.0,160136.0,160149.0,160158.0,160174.0,160185.0,160197.0,160204.0,160215.0,160220.0,160234.0,160246.0,160253.0,160265.0,160272.0,160285.0,160295.0,160306.0,160320
GxaWj8eoRmw,2568133.0,2568261.0,2568426.0,2568623.0,2568771.0,2568899.0,2569071.0,2569205.0,2569404.0,2569616.0,2569785.0,2569937.0,2570088.0,2570254.0,2570403.0,2570578.0,2570744.0,2570902.0,2571054.0,2571259.0,2571431.0,2571580.0,2571747.0,2571902.0,2572038.0,2572164.0,2572312.0,2572430.0,2572565.0,2572715.0,2572891.0,2573065.0,2573192.0,2573334.0,2573490.0,2573648.0,2573790.0,2573931.0,2574068.0,2574190.0,2574361.0,2574572.0,2574876.0,2575053.0,2575280.0,2575475.0,2575645.0,2575848.0,2576045.0,2576251.0,2576453.0,2576614.0,2576752.0,2576901.0,2577086.0,2577205.0,2577394.0,2577569.0,2577737.0,2577929.0,2578222.0,2578593.0,2578812.0,2579031.0,2579251.0,2579484.0,2579828.0,2580118.0,2580312.0,2580558.0,2580737.0,2580932.0,2581114.0,2581291.0,2581447.0,2581599.0,2581768.0,2581898.0,2582076.0,2582233.0,2582378.0,2582486.0,2582659.0,2582777.0,2582905.0,2583029.0,2583147.0,2583287.0,2583417.0,2583547.0,2583686.0,2583776.0,2583885.0,2584027.0,2584159.0,2584271.0,2584389.0,2584489.0,2584605.0,2584719.0,2584836.0,2584949.0,2585062.0,2585150.0,2585269.0,2585339.0,2585439.0,2585525.0,2585631.0,2585792.0,2585918.0,2586016.0,2586163.0,2586283.0,2586409.0,2586571.0,2586677.0,2586812.0,2586944.0,2587067.0,2587226.0,2587389.0,2587589.0,2587760.0,2587880.0,2588013.0,2588211.0,2588341.0,2588535.0,2588676.0,2588809.0,2588932.0,2589049.0,2589172.0,,,,,,,,,2590314.0,2590447.0,2590597.0,2590729.0,2590846.0,2590986.0,2591130.0,2591227.0,2591355.0,2591494.0,2591598.0,2591719.0,2591819.0,2591948.0,2592079.0,2592202.0,2592310.0,2592423.0,2592562.0,2592678.0,2592794.0,2592901.0,2593019.0,2593107.0,2593193.0,2593313.0,2593417.0,2593506.0,2593631.0,2593750.0,2593895.0,2594003.0,2594128.0,2594248.0,2594364.0,2594475.0,2594599.0,2594721.0,2594813.0,2594932.0,2595042.0,2595144.0,2595256.0,2595383.0,2595481.0,2595600.0,2595692.0,2595820.0,2595936.0,2596070.0,2596172.0,2596269.0,2596388.0,2596494.0,2596610.0,2596749.0,2596868.0,2596970.0,2597077.0,2597179.0,2597289.0,2597396.0,2597473.0,2597565.0,2597659.0,2597758.0,2597861.0,2597982.0,2598101.0,2598185.0,2598286.0,2598390
WS5u-6LnyUU,7857825.0,7858199.0,7858560.0,7859011.0,7859389.0,7859810.0,7860172.0,7860560.0,7860986.0,7861403.0,7861745.0,7862147.0,7862489.0,7862793.0,7863093.0,7863378.0,7863729.0,7864052.0,7864393.0,7864737.0,7865025.0,7865399.0,7865772.0,7866183.0,7866540.0,7866925.0,7867230.0,7867569.0,7867909.0,7868221.0,7868588.0,7868888.0,7869262.0,7869555.0,7869915.0,7870251.0,7870592.0,7870913.0,7871201.0,7871528.0,7871957.0,7872302.0,7872874.0,7873336.0,7873777.0,7874215.0,7874599.0,7875141.0,7875702.0,7876140.0,7876562.0,7877044.0,7877433.0,7877811.0,7878178.0,7878530.0,7878902.0,7879228.0,7879720.0,7880252.0,7880909.0,7881822.0,7882452.0,7883003.0,7883511.0,7884005.0,7884574.0,7885138.0,7885472.0,7885961.0,7886344.0,7886705.0,7887100.0,7887481.0,7887783.0,7888061.0,7888489.0,7889280.0,7889874.0,7890299.0,7890973.0,7891396.0,7891742.0,7892051.0,7892343.0,7892720.0,7893019.0,7893302.0,7893639.0,7893991.0,7894245.0,7894565.0,7894850.0,7895184.0,7895479.0,7895742.0,7896017.0,7896305.0,7896557.0,7896831.0,7897095.0,7897385.0,7897645.0,7897902.0,7898201.0,7898524.0,7898813.0,7899044.0,7899368.0,7899652.0,7899916.0,7900220.0,7900499.0,7900765.0,7901032.0,7901343.0,7901624.0,7901927.0,7902215.0,7902481.0,7902729.0,7903009.0,7903327.0,7903527.0,7903809.0,7904058.0,7904266.0,7904565.0,7904830.0,7905072.0,7905342.0,7905595.0,7905844.0,7906098.0,,,,,,,,,7908303.0,7908583.0,7908839.0,7909119.0,7909361.0,7909601.0,7909831.0,7910080.0,7910412.0,7910653.0,7910896.0,7911187.0,7911426.0,7911682.0,7911941.0,7912177.0,7912428.0,7912710.0,7912967.0,7913250.0,7913516.0,7913820.0,7914094.0,7914395.0,7914632.0,7914889.0,7915166.0,7915483.0,7915786.0,7916085.0,7916412.0,7916688.0,7916984.0,7917252.0,7917486.0,7917768.0,7918043.0,7918250.0,7918527.0,7918789.0,7919020.0,7919292.0,7919554.0,7919828.0,7920058.0,7920310.0,7920537.0,7920838.0,7921088.0,7921307.0,7921565.0,7921766.0,7922042.0,7922311.0,7922498.0,7922772.0,7923012.0,7923265.0,7923524.0,7923780.0,7924036.0,7924292.0,7924498.0,7924712.0,7924973.0,7925228.0,7925467.0,7925696.0,7925923.0,7926145.0,7926378.0,7926666
4UJUY9pXnPg,11128.0,11130.0,11130.0,11130.0,11130.0,11130.0,11130.0,11130.0,11130.0,11133.0,11133.0,11133.0,11133.0,11134.0,11134.0,11134.0,11135.0,11135.0,11135.0,11135.0,11136.0,11136.0,11136.0,11136.0,11137.0,11137.0,11137.0,11138.0,11138.0,11138.0,11139.0,11139.0,11139.0,11139.0,11139.0,11139.0,11139.0,11141.0,11141.0,11141.0,11141.0,11141.0,11141.0,11141.0,11143.0,11143.0,11143.0,11143.0,11143.0,11143.0,11143.0,11147.0,11147.0,11149.0,11149.0,11149.0,11150.0,11149.0,11149.0,11149.0,11149.0,11150.0,11151.0,11152.0,11152.0,11152.0,11152.0,11152.0,11152.0,11152.0,11152.0,11152.0,11152.0,11152.0,11152.0,11152.0,11154.0,11154.0,11154.0,11154.0,11154.0,11154.0,11155.0,11155.0,11155.0,11155.0,11155.0,11156.0,11157.0,11158.0,11158.0,11158.0,11158.0,11159.0,11160.0,11160.0,11160.0,11160.0,11160.0,11160.0,11160.0,11160.0,11162.0,11163.0,11163.0,11163.0,11163.0,11163.0,11163.0,11163.0,11163.0,11163.0,11163.0,11163.0,11163.0,11164.0,11165.0,11166.0,11166.0,11166.0,11166.0,11167.0,11167.0,11167.0,11167.0,11167.0,11168.0,11168.0,11169.0,11170.0,11170.0,11171.0,11171.0,11171.0,,,,,,,,,11177.0,11179.0,11179.0,11179.0,11180.0,11183.0,11185.0,11186.0,11186.0,11185.0,11185.0,11187.0,11190.0,11192.0,11192.0,11192.0,11192.0,11192.0,11192.0,11192.0,11192.0,11193.0,11193.0,11193.0,11194.0,11194.0,11194.0,11194.0,11194.0,11194.0,11194.0,11194.0,11194.0,11195.0,11195.0,11195.0,11195.0,11195.0,11195.0,11195.0,11195.0,11195.0,11195.0,11198.0,11198.0,11198.0,11197.0,11197.0,11197.0,11198.0,11198.0,11198.0,11198.0,11201.0,11201.0,11203.0,11203.0,11204.0,11204.0,11204.0,11204.0,11204.0,11204.0,11204.0,11205.0,11207.0,11208.0,11209.0,11209.0,11209.0,11210.0,11210
IIdQZF5ragM,1858.0,1858.0,1858.0,1858.0,1858.0,1858.0,1858.0,1858.0,1858.0,1858.0,1858.0,1858.0,1858.0,1858.0,1858.0,1858.0,1858.0,1858.0,1858.0,1858.0,1858.0,1858.0,1858.0,1858.0,1858.0,1858.0,1858.0,1858.0,1858.0,1858.0,1858.0,1858.0,1858.0,1858.0,1858.0,1858.0,1858.0,1858.0,1858.0,1858.0,1858.0,1858.0,1858.0,1858.0,1858.0,1858.0,1858.0,1858.0,1858.0,1858.0,1858.0,1858.0,1858.0,1858.0,1858.0,1858.0,1858.0,1858.0,1858.0,1858.0,1858.0,1858.0,1858.0,1858.0,1858.0,1858.0,1858.0,1858.0,1858.0,1858.0,1858.0,1858.0,1858.0,1858.0,1858.0,1858.0,1858.0,1858.0,1858.0,1858.0,1858.0,1858.0,1858.0,1858.0,1858.0,1858.0,1858.0,1858.0,1858.0,1858.0,1858.0,1858.0,1858.0,1858.0,1858.0,1858.0,1858.0,1858.0,1858.0,1858.0,1858.0,1858.0,1858.0,1858.0,1858.0,1858.0,1858.0,1858.0,1858.0,1858.0,1858.0,1858.0,1858.0,1858.0,1858.0,1858.0,1858.0,1858.0,1858.0,1858.0,1858.0,1858.0,1858.0,1858.0,1858.0,1858.0,1858.0,1858.0,1858.0,1858.0,1858.0,1858.0,1858.0,1858.0,,,,,,,,,1858.0,1858.0,1858.0,1858.0,1858.0,1858.0,1858.0,1858.0,1858.0,1858.0,1858.0,1858.0,1858.0,1858.0,1858.0,1858.0,1858.0,1858.0,1858.0,1858.0,1858.0,1858.0,1858.0,1858.0,1858.0,1858.0,1858.0,1858.0,1858.0,1858.0,1858.0,1858.0,1858.0,1858.0,1858.0,1858.0,1858.0,1858.0,1858.0,1858.0,1858.0,1858.0,1858.0,1858.0,1858.0,1858.0,1858.0,1858.0,1858.0,1858.0,1858.0,1858.0,1858.0,1858.0,1858.0,1858.0,1858.0,1858.0,1858.0,1858.0,1858.0,1858.0,1858.0,1858.0,1858.0,1858.0,1858.0,1858.0,1858.0,1858.0,1858.0,1858
BNoK-gG_3KM,427.0,427.0,427.0,427.0,427.0,428.0,428.0,428.0,428.0,428.0,428.0,428.0,428.0,428.0,428.0,428.0,428.0,428.0,428.0,428.0,428.0,428.0,428.0,428.0,428.0,428.0,428.0,428.0,428.0,428.0,428.0,429.0,430.0,430.0,430.0,430.0,430.0,430.0,430.0,430.0,430.0,430.0,430.0,430.0,430.0,430.0,430.0,430.0,430.0,430.0,430.0,430.0,430.0,430.0,430.0,430.0,430.0,430.0,430.0,430.0,431.0,431.0,431.0,431.0,431.0,431.0,431.0,432.0,432.0,432.0,432.0,432.0,432.0,432.0,433.0,434.0,434.0,434.0,434.0,434.0,434.0,434.0,434.0,434.0,434.0,434.0,434.0,434.0,434.0,434.0,434.0,434.0,435.0,436.0,436.0,436.0,437.0,439.0,440.0,440.0,440.0,441.0,441.0,441.0,441.0,441.0,441.0,441.0,441.0,442.0,442.0,442.0,443.0,443.0,443.0,443.0,443.0,443.0,443.0,443.0,443.0,443.0,443.0,443.0,443.0,443.0,443.0,443.0,443.0,443.0,443.0,443.0,443.0,443.0,,,,,,,,,444.0,444.0,444.0,444.0,444.0,444.0,445.0,445.0,445.0,445.0,445.0,445.0,445.0,445.0,445.0,445.0,445.0,445.0,445.0,445.0,445.0,445.0,445.0,445.0,445.0,445.0,445.0,445.0,445.0,445.0,445.0,445.0,445.0,445.0,445.0,445.0,445.0,445.0,445.0,445.0,445.0,445.0,445.0,445.0,445.0,445.0,445.0,445.0,445.0,445.0,445.0,445.0,445.0,445.0,445.0,445.0,445.0,445.0,445.0,445.0,445.0,445.0,445.0,445.0,445.0,445.0,445.0,445.0,445.0,445.0,445.0,445
E1sOXOARqIc,6561.0,6561.0,6561.0,6561.0,6561.0,6561.0,6561.0,6561.0,6561.0,6561.0,6562.0,6562.0,6562.0,6562.0,6564.0,6564.0,6565.0,6565.0,6565.0,6566.0,6567.0,6568.0,6568.0,6568.0,6568.0,6568.0,6568.0,6568.0,6568.0,6569.0,6569.0,6569.0,6569.0,6569.0,6569.0,6569.0,6570.0,6570.0,6570.0,6570.0,6570.0,6573.0,6573.0,6573.0,6573.0,6573.0,6573.0,6573.0,6573.0,6574.0,6574.0,6574.0,6576.0,6577.0,6577.0,6577.0,6578.0,6579.0,6578.0,6578.0,6579.0,6579.0,6579.0,6580.0,6581.0,6582.0,6582.0,6583.0,6583.0,6584.0,6584.0,6585.0,6585.0,6585.0,6585.0,6585.0,6585.0,6585.0,6586.0,6587.0,6587.0,6587.0,6587.0,6589.0,6589.0,6590.0,6590.0,6591.0,6592.0,6593.0,6593.0,6594.0,6595.0,6595.0,6595.0,6596.0,6596.0,6596.0,6597.0,6597.0,6597.0,6598.0,6598.0,6599.0,6600.0,6600.0,6601.0,6605.0,6605.0,6606.0,6606.0,6606.0,6606.0,6606.0,6606.0,6606.0,6608.0,6608.0,6609.0,6610.0,6610.0,6610.0,6610.0,6610.0,6610.0,6613.0,6613.0,6613.0,6614.0,6614.0,6614.0,6614.0,6614.0,6614.0,,,,,,,,,6617.0,6617.0,6617.0,6618.0,6618.0,6618.0,6618.0,6618.0,6619.0,6620.0,6620.0,6620.0,6620.0,6620.0,6622.0,6622.0,6623.0,6623.0,6623.0,6623.0,6623.0,6623.0,6624.0,6625.0,6626.0,6626.0,6627.0,6627.0,6628.0,6628.0,6629.0,6629.0,6629.0,6629.0,6629.0,6630.0,6630.0,6631.0,6632.0,6633.0,6633.0,6633.0,6633.0,6634.0,6634.0,6634.0,6634.0,6637.0,6637.0,6639.0,6639.0,6639.0,6639.0,6639.0,6640.0,6640.0,6640.0,6640.0,6640.0,6641.0,6643.0,6643.0,6643.0,6644.0,6644.0,6644.0,6644.0,6646.0,6646.0,6647.0,6648.0,6648
tM1v-q5daOw,15229.0,15232.0,15233.0,15236.0,15239.0,15242.0,15245.0,15249.0,15250.0,15254.0,15259.0,15265.0,15267.0,15269.0,15274.0,15275.0,15279.0,15280.0,15281.0,15284.0,15288.0,15293.0,15294.0,15296.0,15300.0,15300.0,15304.0,15308.0,15312.0,15317.0,15320.0,15321.0,15323.0,15323.0,15324.0,15327.0,15329.0,15337.0,15343.0,15344.0,15345.0,15350.0,15355.0,15356.0,15358.0,15357.0,15358.0,15361.0,15362.0,15364.0,15364.0,15365.0,15368.0,15370.0,15370.0,15373.0,15378.0,15382.0,15384.0,15388.0,15389.0,15389.0,15392.0,15393.0,15395.0,15396.0,15398.0,15401.0,15403.0,15406.0,15410.0,15415.0,15420.0,15421.0,15425.0,15429.0,15430.0,15433.0,15434.0,15437.0,15439.0,15442.0,15446.0,15450.0,15451.0,15453.0,15459.0,15461.0,15461.0,15462.0,15464.0,15468.0,15472.0,15474.0,15475.0,15476.0,15479.0,15482.0,15486.0,15490.0,15492.0,15496.0,15498.0,15502.0,15504.0,15504.0,15509.0,15513.0,15515.0,15516.0,15525.0,15528.0,15530.0,15534.0,15535.0,15538.0,15540.0,15540.0,15541.0,15544.0,15547.0,15550.0,15553.0,15555.0,15557.0,15562.0,15565.0,15571.0,15571.0,15573.0,15576.0,15580.0,15581.0,15583.0,,,,,,,,,15604.0,15608.0,15610.0,15614.0,15616.0,15622.0,15624.0,15630.0,15631.0,15635.0,15636.0,15642.0,15646.0,15647.0,15652.0,15655.0,15660.0,15661.0,15663.0,15663.0,15669.0,15673.0,15676.0,15677.0,15677.0,15679.0,15681.0,15683.0,15684.0,15686.0,15688.0,15690.0,15690.0,15691.0,15691.0,15693.0,15699.0,15699.0,15703.0,15706.0,15711.0,15712.0,15715.0,15718.0,15720.0,15725.0,15728.0,15731.0,15733.0,15734.0,15735.0,15739.0,15742.0,15743.0,15748.0,15749.0,15757.0,15761.0,15768.0,15772.0,15774.0,15777.0,15778.0,15780.0,15782.0,15785.0,15789.0,15790.0,15791.0,15793.0,15793.0,15795
bqA5zLCS_e0,20800.0,20800.0,20800.0,20800.0,20804.0,20805.0,20808.0,20810.0,20810.0,20813.0,20813.0,20814.0,20816.0,20816.0,20819.0,20820.0,20822.0,20822.0,20825.0,20828.0,20830.0,20833.0,20833.0,20838.0,20839.0,20841.0,20842.0,20845.0,20847.0,20851.0,20854.0,20854.0,20856.0,20858.0,20864.0,20865.0,20866.0,20868.0,20871.0,20870.0,20870.0,20871.0,20873.0,20873.0,20875.0,20877.0,20878.0,20881.0,20881.0,20882.0,20885.0,20890.0,20892.0,20894.0,20894.0,20896.0,20902.0,20902.0,20902.0,20903.0,20903.0,20908.0,20908.0,20914.0,20917.0,20918.0,20921.0,20922.0,20925.0,20925.0,20925.0,20929.0,20931.0,20933.0,20936.0,20936.0,20939.0,20940.0,20940.0,20942.0,20942.0,20944.0,20949.0,20954.0,20956.0,20959.0,20960.0,20964.0,20966.0,20966.0,20966.0,20968.0,20968.0,20968.0,20968.0,20971.0,20972.0,20974.0,20974.0,20974.0,20976.0,20978.0,20978.0,20978.0,20979.0,20980.0,20981.0,20982.0,20982.0,20985.0,20985.0,20986.0,20988.0,20993.0,20995.0,20997.0,20998.0,20998.0,20998.0,21000.0,21002.0,21002.0,21003.0,21005.0,21005.0,21006.0,21006.0,21007.0,21009.0,21010.0,21010.0,21011.0,21011.0,21012.0,,,,,,,,,21014.0,21015.0,21016.0,21017.0,21023.0,21025.0,21025.0,21028.0,21029.0,21030.0,21031.0,21032.0,21032.0,21033.0,21034.0,21037.0,21038.0,21039.0,21040.0,21040.0,21041.0,21042.0,21042.0,21043.0,21043.0,21043.0,21044.0,21045.0,21045.0,21045.0,21048.0,21048.0,21051.0,21052.0,21052.0,21052.0,21052.0,21052.0,21054.0,21054.0,21054.0,21056.0,21056.0,21056.0,21057.0,21058.0,21059.0,21060.0,21060.0,21060.0,21061.0,21061.0,21061.0,21061.0,21063.0,21064.0,21064.0,21064.0,21066.0,21067.0,21069.0,21069.0,21071.0,21074.0,21074.0,21076.0,21077.0,21077.0,21078.0,21080.0,21080.0,21081
sApjwiLo2-E,6072.0,6078.0,6082.0,6085.0,6091.0,6095.0,6102.0,6104.0,6112.0,6115.0,6119.0,6124.0,6126.0,6133.0,6136.0,6139.0,6146.0,6148.0,6150.0,6154.0,6157.0,6160.0,6163.0,6166.0,6170.0,6174.0,6179.0,6179.0,6180.0,6185.0,6189.0,6191.0,6197.0,6198.0,6200.0,6207.0,6212.0,6216.0,6219.0,6225.0,6226.0,6228.0,6228.0,6230.0,6234.0,6235.0,6240.0,6240.0,6242.0,6243.0,6247.0,6249.0,6249.0,6250.0,6252.0,6256.0,6261.0,6267.0,6270.0,6272.0,6274.0,6277.0,6279.0,6281.0,6285.0,6285.0,6287.0,6289.0,6293.0,6296.0,6298.0,6299.0,6301.0,6300.0,6302.0,6304.0,6309.0,6309.0,6315.0,6319.0,6322.0,6323.0,6324.0,6326.0,6330.0,6330.0,6335.0,6337.0,6339.0,6341.0,6345.0,6348.0,6353.0,6359.0,6360.0,6361.0,6364.0,6368.0,6371.0,6378.0,6380.0,6382.0,6385.0,6390.0,6390.0,6393.0,6398.0,6399.0,6402.0,6407.0,6410.0,6411.0,6412.0,6413.0,6413.0,6413.0,6415.0,6421.0,6423.0,6426.0,6430.0,6430.0,6432.0,6437.0,6442.0,6445.0,6447.0,6447.0,6451.0,6453.0,6455.0,6456.0,6456.0,6460.0,,,,,,,,,6484.0,6487.0,6492.0,6496.0,6502.0,6506.0,6509.0,6510.0,6510.0,6513.0,6514.0,6517.0,6519.0,6522.0,6522.0,6524.0,6527.0,6530.0,6533.0,6534.0,6536.0,6539.0,6539.0,6540.0,6541.0,6542.0,6542.0,6543.0,6546.0,6548.0,6550.0,6550.0,6552.0,6554.0,6554.0,6554.0,6556.0,6556.0,6558.0,6560.0,6560.0,6559.0,6563.0,6565.0,6565.0,6568.0,6570.0,6573.0,6577.0,6582.0,6584.0,6585.0,6586.0,6588.0,6590.0,6590.0,6595.0,6599.0,6603.0,6605.0,6606.0,6609.0,6613.0,6615.0,6618.0,6619.0,6620.0,6624.0,6630.0,6634.0,6634.0,6637
TlmM1JfXu_w,15614.0,15621.0,15626.0,15633.0,15638.0,15638.0,15644.0,15648.0,15653.0,15659.0,15664.0,15669.0,15670.0,15676.0,15682.0,15686.0,15692.0,15698.0,15703.0,15709.0,15717.0,15726.0,15733.0,15738.0,15742.0,15747.0,15752.0,15757.0,15763.0,15768.0,15776.0,15782.0,15786.0,15785.0,15792.0,15799.0,15801.0,15804.0,15807.0,15808.0,15808.0,15809.0,15809.0,15814.0,15820.0,15824.0,15829.0,15831.0,15835.0,15839.0,15844.0,15849.0,15857.0,15863.0,15863.0,15868.0,15873.0,15882.0,15886.0,15891.0,15897.0,15896.0,15901.0,15902.0,15903.0,15903.0,15903.0,15907.0,15908.0,15911.0,15912.0,15916.0,15921.0,15928.0,15933.0,15933.0,15937.0,15938.0,15942.0,15946.0,15951.0,15958.0,15958.0,15963.0,15965.0,15970.0,15977.0,15982.0,15986.0,15987.0,15993.0,15996.0,15999.0,16003.0,16006.0,16009.0,16011.0,16016.0,16019.0,16022.0,16025.0,16029.0,16034.0,16035.0,16040.0,16044.0,16049.0,16054.0,16058.0,16061.0,16061.0,16064.0,16070.0,16076.0,16082.0,16085.0,16090.0,16091.0,16097.0,16104.0,16111.0,16115.0,16115.0,16117.0,16117.0,16117.0,16131.0,16135.0,16140.0,16145.0,16152.0,16153.0,16159.0,16161.0,,,,,,,,,16191.0,16195.0,16199.0,16200.0,16206.0,16210.0,16215.0,16218.0,16222.0,16227.0,16227.0,16230.0,16236.0,16239.0,16244.0,16250.0,16254.0,16254.0,16260.0,16265.0,16269.0,16276.0,16279.0,16283.0,16283.0,16288.0,16292.0,16297.0,16300.0,16304.0,16310.0,16310.0,16313.0,16317.0,16320.0,16323.0,16327.0,16332.0,16333.0,16336.0,16339.0,16344.0,16349.0,16355.0,16360.0,16360.0,16365.0,16368.0,16373.0,16374.0,16380.0,16383.0,16383.0,16388.0,16393.0,16397.0,16402.0,16406.0,16410.0,16410.0,16413.0,16419.0,16423.0,16427.0,16431.0,16436.0,16436.0,16442.0,16448.0,16453.0,16459.0,16463
IWAHmvBiSNA,4772.0,4777.0,4782.0,4788.0,4792.0,4792.0,4797.0,4800.0,4804.0,4809.0,4813.0,4817.0,4817.0,4822.0,4826.0,4831.0,4835.0,4839.0,4843.0,4846.0,4851.0,4856.0,4861.0,4865.0,4868.0,4871.0,4871.0,4875.0,4879.0,4883.0,4887.0,4892.0,4896.0,4896.0,4902.0,4906.0,4906.0,4906.0,4906.0,4906.0,4906.0,4906.0,4906.0,4911.0,4916.0,4919.0,4922.0,4922.0,4925.0,4930.0,4934.0,4939.0,4943.0,4948.0,4948.0,4953.0,4957.0,4960.0,4964.0,4970.0,4974.0,4974.0,4974.0,4975.0,4975.0,4975.0,4975.0,4978.0,4978.0,4980.0,4981.0,4984.0,4988.0,4992.0,4995.0,4996.0,4999.0,5002.0,5004.0,5007.0,5009.0,5012.0,5012.0,5015.0,5018.0,5021.0,5026.0,5030.0,5033.0,5033.0,5038.0,5041.0,5044.0,5047.0,5050.0,5053.0,5053.0,5058.0,5061.0,5064.0,5067.0,5070.0,5073.0,5073.0,5076.0,5079.0,5083.0,5087.0,5090.0,5093.0,5093.0,5096.0,5099.0,5103.0,5107.0,5110.0,5113.0,5113.0,5116.0,5120.0,5124.0,5128.0,5128.0,5128.0,5128.0,5128.0,5133.0,5136.0,5139.0,5144.0,5148.0,5148.0,5150.0,5151.0,,,,,,,,,5174.0,5177.0,5180.0,5180.0,5183.0,5187.0,5190.0,5193.0,5195.0,5200.0,5200.0,5203.0,5206.0,5209.0,5213.0,5218.0,5222.0,5222.0,5227.0,5231.0,5234.0,5238.0,5241.0,5244.0,5244.0,5248.0,5251.0,5255.0,5258.0,5262.0,5266.0,5266.0,5269.0,5272.0,5275.0,5278.0,5282.0,5285.0,5285.0,5288.0,5291.0,5295.0,5300.0,5306.0,5310.0,5310.0,5313.0,5316.0,5319.0,5319.0,5324.0,5327.0,5327.0,5331.0,5335.0,5338.0,5341.0,5344.0,5347.0,5347.0,5350.0,5354.0,5357.0,5361.0,5365.0,5370.0,5370.0,5374.0,5379.0,5384.0,5390.0,5394
3B4S_FleqVg,1915.0,1918.0,1921.0,1925.0,1925.0,1927.0,1928.0,1929.0,1930.0,1931.0,1931.0,1932.0,1932.0,1934.0,1935.0,1936.0,1936.0,1939.0,1940.0,1941.0,1941.0,1942.0,1944.0,1946.0,1947.0,1948.0,1949.0,1949.0,1949.0,1952.0,1952.0,1957.0,1958.0,1959.0,1962.0,1962.0,1964.0,1965.0,1968.0,1970.0,1971.0,1972.0,1973.0,1976.0,1978.0,1979.0,1980.0,1980.0,1982.0,1985.0,1987.0,1988.0,1989.0,1992.0,1994.0,1999.0,2003.0,2006.0,2007.0,2009.0,2010.0,2012.0,2013.0,2020.0,2022.0,2027.0,2027.0,2028.0,2031.0,2032.0,2033.0,2033.0,2033.0,2034.0,2037.0,2040.0,2041.0,2043.0,2045.0,2046.0,2050.0,2056.0,2057.0,2060.0,2061.0,2066.0,2068.0,2072.0,2073.0,2073.0,2074.0,2077.0,2078.0,2078.0,2078.0,2082.0,2086.0,2090.0,2091.0,2094.0,2095.0,2097.0,2102.0,2107.0,2110.0,2113.0,2113.0,2116.0,2117.0,2122.0,2126.0,2129.0,2134.0,2138.0,2149.0,2151.0,2158.0,2162.0,2169.0,2178.0,2182.0,2183.0,2187.0,2189.0,2193.0,2199.0,2203.0,2205.0,2210.0,2210.0,2211.0,2214.0,2219.0,2223.0,,,,,,,,,2250.0,2251.0,2252.0,2253.0,2257.0,2258.0,2260.0,2260.0,2263.0,2265.0,2266.0,2266.0,2270.0,2274.0,2277.0,2278.0,2281.0,2284.0,2288.0,2288.0,2288.0,2288.0,2290.0,2293.0,2295.0,2297.0,2300.0,2306.0,2310.0,2313.0,2313.0,2315.0,2316.0,2323.0,2325.0,2329.0,2330.0,2333.0,2337.0,2337.0,2339.0,2345.0,2348.0,2350.0,2353.0,2358.0,2362.0,2367.0,2368.0,2369.0,2370.0,2372.0,2374.0,2377.0,2377.0,2377.0,2378.0,2378.0,2380.0,2382.0,2386.0,2388.0,2390.0,2390.0,2390.0,2391.0,2394.0,2396.0,2396.0,2396.0,2397.0,2397
qvGwLOgMKUA,1587.0,1589.0,1590.0,1594.0,1595.0,1595.0,1599.0,1601.0,1606.0,1610.0,1611.0,1615.0,1620.0,1624.0,1625.0,1629.0,1629.0,1629.0,1632.0,1632.0,1635.0,1640.0,1642.0,1643.0,1645.0,1647.0,1650.0,1651.0,1656.0,1659.0,1659.0,1660.0,1662.0,1669.0,1671.0,1674.0,1676.0,1677.0,1682.0,1685.0,1687.0,1691.0,1693.0,1695.0,1697.0,1698.0,1702.0,1706.0,1708.0,1712.0,1713.0,1714.0,1716.0,1717.0,1718.0,1726.0,1727.0,1730.0,1739.0,1742.0,1743.0,1746.0,1747.0,1747.0,1750.0,1754.0,1757.0,1762.0,1766.0,1770.0,1780.0,1782.0,1785.0,1790.0,1790.0,1794.0,1799.0,1800.0,1803.0,1806.0,1812.0,1819.0,1828.0,1832.0,1836.0,1843.0,1848.0,1850.0,1854.0,1857.0,1859.0,1864.0,1868.0,1870.0,1871.0,1874.0,1879.0,1887.0,1889.0,1895.0,1901.0,1901.0,1903.0,1908.0,1912.0,1919.0,1924.0,1928.0,1930.0,1934.0,1938.0,1942.0,1944.0,1954.0,1972.0,1975.0,1980.0,1983.0,1993.0,1997.0,2000.0,2006.0,2009.0,2012.0,2015.0,2018.0,2019.0,2021.0,2026.0,2029.0,2034.0,2038.0,2042.0,2042.0,,,,,,,,,2084.0,2086.0,2092.0,2104.0,2109.0,2125.0,2135.0,2146.0,2157.0,2171.0,2189.0,2205.0,2214.0,2218.0,2226.0,2228.0,2238.0,2240.0,2242.0,2246.0,2255.0,2260.0,2263.0,2265.0,2268.0,2273.0,2273.0,2277.0,2281.0,2285.0,2288.0,2290.0,2292.0,2297.0,2301.0,2303.0,2303.0,2304.0,2306.0,2312.0,2315.0,2317.0,2319.0,2323.0,2328.0,2333.0,2337.0,2345.0,2351.0,2353.0,2358.0,2359.0,2361.0,2367.0,2372.0,2374.0,2376.0,2378.0,2381.0,2385.0,2389.0,2389.0,2391.0,2393.0,2394.0,2396.0,2399.0,2403.0,2405.0,2406.0,2409.0,2410
Xt5kTAhI2ZA,16992.0,17006.0,17015.0,17019.0,17028.0,17039.0,17053.0,17061.0,17071.0,17083.0,17092.0,17104.0,17112.0,17126.0,17137.0,17145.0,17155.0,17169.0,17174.0,17189.0,17204.0,17212.0,17224.0,17240.0,17246.0,17257.0,17264.0,17270.0,17287.0,17290.0,17304.0,17307.0,17312.0,17321.0,17329.0,17339.0,17354.0,17366.0,17376.0,17395.0,17409.0,17420.0,17431.0,17448.0,17460.0,17468.0,17473.0,17483.0,17491.0,17498.0,17500.0,17513.0,17518.0,17525.0,17533.0,17541.0,17560.0,17577.0,17594.0,17606.0,17611.0,17615.0,17625.0,17635.0,17644.0,17651.0,17656.0,17666.0,17669.0,17676.0,17682.0,17691.0,17698.0,17703.0,17714.0,17721.0,17724.0,17734.0,17747.0,17752.0,17757.0,17772.0,17781.0,17783.0,17789.0,17808.0,17818.0,17822.0,17831.0,17833.0,17837.0,17839.0,17848.0,17854.0,17865.0,17882.0,17890.0,17895.0,17902.0,17914.0,17922.0,17935.0,17935.0,17939.0,17946.0,17954.0,17957.0,17963.0,17973.0,17978.0,17981.0,17994.0,18004.0,18021.0,18034.0,18039.0,18044.0,18054.0,18063.0,18068.0,18079.0,18082.0,18084.0,18094.0,18105.0,18124.0,18139.0,18150.0,18164.0,18174.0,18181.0,18188.0,18202.0,18210.0,,,,,,,,,18327.0,18338.0,18355.0,18358.0,18372.0,18382.0,18402.0,18411.0,18426.0,18447.0,18467.0,18480.0,18489.0,18501.0,18521.0,18534.0,18549.0,18558.0,18570.0,18576.0,18584.0,18592.0,18596.0,18601.0,18611.0,18624.0,18631.0,18643.0,18649.0,18654.0,18667.0,18674.0,18686.0,18694.0,18699.0,18705.0,18715.0,18725.0,18729.0,18742.0,18757.0,18774.0,18778.0,18793.0,18798.0,18808.0,18824.0,18836.0,18841.0,18856.0,18865.0,18874.0,18883.0,18890.0,18900.0,18906.0,18915.0,18917.0,18921.0,18929.0,18938.0,18943.0,18952.0,18963.0,18966.0,18978.0,18983.0,18988.0,18996.0,19004.0,19012.0,19018
nRgnrTlSo58,7437.0,7438.0,7440.0,7443.0,7444.0,7449.0,7450.0,7452.0,7453.0,7455.0,7456.0,7459.0,7459.0,7461.0,7463.0,7465.0,7467.0,7470.0,7470.0,7470.0,7473.0,7475.0,7477.0,7477.0,7479.0,7479.0,7482.0,7483.0,7485.0,7489.0,7492.0,7495.0,7495.0,7496.0,7496.0,7499.0,7501.0,7501.0,7503.0,7504.0,7504.0,7505.0,7507.0,7507.0,7508.0,7510.0,7513.0,7516.0,7516.0,7516.0,7518.0,7520.0,7521.0,7522.0,7522.0,7523.0,7523.0,7524.0,7525.0,7526.0,7528.0,7529.0,7535.0,7536.0,7537.0,7540.0,7542.0,7547.0,7547.0,7548.0,7553.0,7555.0,7556.0,7556.0,7559.0,7563.0,7566.0,7570.0,7573.0,7574.0,7580.0,7584.0,7584.0,7586.0,7589.0,7591.0,7591.0,7591.0,7594.0,7594.0,7594.0,7596.0,7601.0,7603.0,7606.0,7609.0,7610.0,7613.0,7614.0,7616.0,7617.0,7618.0,7619.0,7620.0,7621.0,7626.0,7631.0,7634.0,7635.0,7640.0,7641.0,7644.0,7648.0,7648.0,7649.0,7650.0,7652.0,7657.0,7660.0,7661.0,7662.0,7662.0,7667.0,7670.0,7671.0,7674.0,7675.0,7676.0,7678.0,7680.0,7683.0,7685.0,7685.0,7690.0,,,,,,,,,7700.0,7703.0,7707.0,7711.0,7716.0,7718.0,7720.0,7723.0,7727.0,7733.0,7738.0,7743.0,7748.0,7749.0,7753.0,7755.0,7762.0,7764.0,7766.0,7769.0,7773.0,7774.0,7774.0,7778.0,7781.0,7781.0,7782.0,7782.0,7785.0,7794.0,7801.0,7806.0,7809.0,7813.0,7816.0,7819.0,7824.0,7828.0,7833.0,7836.0,7841.0,7841.0,7844.0,7843.0,7845.0,7850.0,7852.0,7855.0,7856.0,7856.0,7860.0,7871.0,7873.0,7874.0,7876.0,7880.0,7880.0,7880.0,7881.0,7884.0,7886.0,7887.0,7887.0,7889.0,7892.0,7893.0,7893.0,7896.0,7897.0,7899.0,7903.0,7904
NQ-S4Uz_5uk,3777.0,3782.0,3784.0,3789.0,3792.0,3798.0,3802.0,3805.0,3808.0,3809.0,3811.0,3815.0,3818.0,3821.0,3827.0,3829.0,3829.0,3829.0,3833.0,3836.0,3839.0,3845.0,3846.0,3850.0,3852.0,3856.0,3858.0,3859.0,3862.0,3862.0,3863.0,3863.0,3867.0,3870.0,3873.0,3874.0,3874.0,3874.0,3876.0,3877.0,3880.0,3883.0,3885.0,3887.0,3888.0,3889.0,3889.0,3889.0,3889.0,3889.0,3891.0,3892.0,3897.0,3902.0,3903.0,3910.0,3913.0,3918.0,3923.0,3930.0,3934.0,3935.0,3937.0,3939.0,3940.0,3941.0,3944.0,3948.0,3960.0,3972.0,3989.0,3994.0,4005.0,4015.0,4019.0,4024.0,4026.0,4029.0,4031.0,4033.0,4034.0,4037.0,4038.0,4042.0,4051.0,4059.0,4062.0,4066.0,4067.0,4073.0,4075.0,4081.0,4083.0,4087.0,4090.0,4096.0,4101.0,4105.0,4107.0,4117.0,4129.0,4135.0,4137.0,4138.0,4148.0,4152.0,4155.0,4158.0,4162.0,4165.0,4167.0,4173.0,4178.0,4179.0,4179.0,4184.0,4192.0,4194.0,4198.0,4205.0,4206.0,4209.0,4210.0,4210.0,4217.0,4219.0,4219.0,4222.0,4227.0,4229.0,4236.0,4238.0,4242.0,4246.0,,,,,,,,,4271.0,4275.0,4276.0,4278.0,4280.0,4285.0,4288.0,4293.0,4294.0,4300.0,4301.0,4303.0,4303.0,4305.0,4311.0,4312.0,4313.0,4315.0,4322.0,4327.0,4334.0,4336.0,4342.0,4347.0,4349.0,4353.0,4355.0,4357.0,4357.0,4360.0,4360.0,4360.0,4362.0,4367.0,4372.0,4375.0,4378.0,4383.0,4388.0,4389.0,4394.0,4397.0,4399.0,4400.0,4401.0,4404.0,4407.0,4410.0,4412.0,4413.0,4415.0,4417.0,4420.0,4424.0,4424.0,4426.0,4428.0,4430.0,4432.0,4435.0,4440.0,4442.0,4444.0,4445.0,4454.0,4458.0,4460.0,4462.0,4465.0,4469.0,4473.0,4473
4iYD0catMpY,185.0,185.0,185.0,185.0,185.0,185.0,185.0,185.0,185.0,185.0,185.0,185.0,186.0,186.0,186.0,186.0,186.0,186.0,186.0,186.0,186.0,186.0,186.0,186.0,186.0,186.0,186.0,186.0,186.0,186.0,186.0,186.0,186.0,186.0,186.0,186.0,186.0,186.0,186.0,186.0,186.0,186.0,186.0,186.0,186.0,186.0,186.0,186.0,186.0,186.0,186.0,186.0,186.0,186.0,186.0,186.0,186.0,186.0,186.0,186.0,186.0,186.0,186.0,186.0,186.0,186.0,186.0,186.0,186.0,186.0,186.0,186.0,186.0,186.0,186.0,186.0,186.0,186.0,186.0,186.0,186.0,186.0,186.0,186.0,186.0,186.0,186.0,186.0,186.0,186.0,186.0,186.0,186.0,186.0,186.0,186.0,187.0,187.0,187.0,187.0,187.0,187.0,187.0,187.0,187.0,187.0,187.0,187.0,189.0,189.0,189.0,190.0,190.0,190.0,190.0,190.0,190.0,191.0,191.0,191.0,191.0,191.0,191.0,191.0,191.0,191.0,191.0,191.0,191.0,191.0,191.0,191.0,191.0,191.0,,,,,,,,,191.0,191.0,191.0,191.0,191.0,191.0,191.0,191.0,191.0,191.0,191.0,191.0,191.0,191.0,191.0,191.0,191.0,191.0,191.0,191.0,191.0,191.0,191.0,191.0,191.0,191.0,191.0,191.0,191.0,191.0,191.0,191.0,191.0,191.0,191.0,191.0,191.0,191.0,191.0,191.0,191.0,191.0,191.0,191.0,191.0,191.0,191.0,191.0,191.0,191.0,191.0,191.0,191.0,191.0,191.0,191.0,191.0,191.0,191.0,191.0,191.0,191.0,191.0,191.0,191.0,191.0,191.0,191.0,191.0,191.0,191.0,191
h-iGa-85CxA,6617.0,6617.0,6617.0,6623.0,6623.0,6623.0,6624.0,6624.0,6630.0,6637.0,6637.0,6637.0,6637.0,6637.0,6637.0,6640.0,6640.0,6640.0,6640.0,6641.0,6641.0,6641.0,6641.0,6641.0,6642.0,6642.0,6643.0,6645.0,6645.0,6645.0,6645.0,6652.0,6652.0,6652.0,6652.0,6652.0,6652.0,6653.0,6653.0,6653.0,6655.0,6655.0,6655.0,6658.0,6658.0,6658.0,6658.0,6659.0,6659.0,6659.0,6659.0,6659.0,6660.0,6660.0,6661.0,6661.0,6661.0,6660.0,6660.0,6660.0,6660.0,6660.0,6660.0,6661.0,6661.0,6661.0,6661.0,6661.0,6662.0,6663.0,6664.0,6664.0,6665.0,6666.0,6667.0,6667.0,6667.0,6667.0,6667.0,6668.0,6669.0,6669.0,6670.0,6671.0,6671.0,6671.0,6671.0,6672.0,6672.0,6673.0,6675.0,6675.0,6675.0,6675.0,6675.0,6676.0,6676.0,6676.0,6676.0,6676.0,6676.0,6676.0,6677.0,6678.0,6679.0,6679.0,6679.0,6679.0,6679.0,6679.0,6679.0,6680.0,6680.0,6683.0,6683.0,6684.0,6684.0,6686.0,6687.0,6688.0,6688.0,6688.0,6689.0,6690.0,6690.0,6690.0,6692.0,6692.0,6693.0,6694.0,6695.0,6696.0,6696.0,6697.0,,,,,,,,,6701.0,6701.0,6701.0,6701.0,6701.0,6701.0,6701.0,6704.0,6704.0,6704.0,6704.0,6704.0,6704.0,6704.0,6704.0,6704.0,6704.0,6704.0,6704.0,6704.0,6704.0,6705.0,6705.0,6706.0,6706.0,6708.0,6708.0,6708.0,6708.0,6708.0,6709.0,6709.0,6709.0,6709.0,6710.0,6710.0,6710.0,6711.0,6711.0,6713.0,6713.0,6711.0,6714.0,6715.0,6715.0,6715.0,6715.0,6716.0,6716.0,6716.0,6716.0,6716.0,6716.0,6719.0,6719.0,6719.0,6719.0,6719.0,6719.0,6719.0,6719.0,6719.0,6720.0,6720.0,6720.0,6720.0,6721.0,6721.0,6721.0,6721.0,6721.0,6721
-pmrMJjUCnI,7355679.0,7362291.0,7369649.0,7377100.0,7384981.0,7392849.0,7400266.0,7408138.0,7415581.0,7423036.0,7430458.0,7438034.0,7446881.0,7456188.0,7465594.0,7474833.0,7483431.0,7491343.0,7499432.0,7507806.0,7515472.0,7523064.0,7529979.0,7536800.0,7543353.0,7550126.0,7557315.0,7564563.0,7572027.0,7578927.0,7585995.0,7592463.0,7599741.0,7607431.0,7614923.0,7622693.0,7630697.0,7638115.0,7645170.0,7652163.0,7659266.0,7666071.0,7673097.0,7680395.0,7687742.0,7694375.0,7700785.0,7707904.0,7714740.0,7721573.0,7728173.0,7734346.0,7740118.0,7745972.0,7752159.0,7758311.0,7764799.0,7770984.0,7776957.0,7782981.0,7789276.0,7795633.0,7801723.0,7807680.0,7813813.0,7819694.0,7825365.0,7831219.0,7836393.0,7842967.0,7848968.0,7854955.0,7860853.0,7866421.0,7872336.0,7878279.0,7884152.0,7890052.0,7896067.0,7901772.0,7907656.0,7914049.0,7920002.0,7926377.0,7932345.0,7938418.0,7944170.0,7949569.0,7955719.0,7961754.0,7967782.0,7973950.0,7980103.0,7986105.0,7992136.0,7998188.0,8004680.0,8010924.0,8017411.0,8023915.0,8030097.0,8036354.0,8043111.0,8049562.0,8056010.0,8062481.0,8068860.0,8074810.0,8080940.0,8088073.0,8095290.0,8102481.0,8109318.0,8116681.0,8123288.0,8129980.0,8136459.0,8143031.0,8149443.0,8155784.0,8162011.0,8167359.0,8173101.0,8178973.0,8185254.0,8192206.0,8198879.0,8206747.0,8214018.0,8220290.0,8226744.0,8233585.0,8240357.0,8247560.0,,,,,,,,,8303609.0,8309860.0,8316272.0,8322300.0,8327964.0,8333396.0,8338515.0,8343457.0,8348504.0,8353784.0,8359057.0,8364160.0,8369791.0,8374927.0,8379967.0,8385117.0,8390615.0,8396523.0,8402451.0,8408102.0,8413237.0,8418678.0,8423905.0,8429320.0,8434736.0,8439979.0,8445089.0,8450428.0,8455556.0,8460737.0,8465868.0,8471713.0,8477332.0,8482643.0,8487650.0,8492530.0,8497446.0,8502496.0,8507823.0,8513055.0,8518249.0,8523154.0,8528060.0,8532830.0,8537892.0,8542706.0,8547641.0,8553041.0,8558142.0,8562836.0,8567161.0,8572007.0,8577037.0,8582441.0,8587531.0,8592757.0,8597607.0,8602842.0,8609398.0,8615854.0,8621766.0,8626971.0,8632413.0,8637946.0,8643274.0,8649456.0,8655945.0,8662512.0,8668549.0,8674734.0,8681037.0,8687073
95kCMWdWf_s,8659.0,8662.0,8666.0,8668.0,8670.0,8673.0,8672.0,8675.0,8678.0,8681.0,8683.0,8681.0,8686.0,8688.0,8688.0,8693.0,8695.0,8695.0,8696.0,8698.0,8698.0,8698.0,8700.0,8701.0,8706.0,8706.0,8705.0,8705.0,8707.0,8709.0,8711.0,8712.0,8712.0,8712.0,8712.0,8713.0,8716.0,8720.0,8722.0,8723.0,8726.0,8727.0,8730.0,8728.0,8730.0,8733.0,8733.0,8733.0,8735.0,8736.0,8740.0,8745.0,8742.0,8743.0,8743.0,8747.0,8747.0,8747.0,8749.0,8749.0,8750.0,8753.0,8757.0,8757.0,8756.0,8757.0,8759.0,8761.0,8763.0,8764.0,8764.0,8766.0,8769.0,8775.0,8776.0,8777.0,8781.0,8782.0,8784.0,8786.0,8787.0,8787.0,8787.0,8787.0,8790.0,8791.0,8799.0,8800.0,8796.0,8799.0,8800.0,8802.0,8802.0,8802.0,8803.0,8806.0,8808.0,8810.0,8813.0,8815.0,8817.0,8820.0,8820.0,8823.0,8825.0,8825.0,8827.0,8829.0,8828.0,8829.0,8829.0,8830.0,8831.0,8833.0,8835.0,8837.0,8838.0,8840.0,8842.0,8842.0,8844.0,8844.0,8845.0,8846.0,8846.0,8847.0,8848.0,8850.0,8851.0,8852.0,8852.0,8854.0,8857.0,8858.0,,,,,,,,,8863.0,8864.0,8864.0,8864.0,8864.0,8865.0,8865.0,8865.0,8867.0,8870.0,8874.0,8874.0,8877.0,8878.0,8879.0,8879.0,8880.0,8880.0,8881.0,8884.0,8884.0,8884.0,8886.0,8887.0,8891.0,8892.0,8894.0,8894.0,8896.0,8897.0,8900.0,8901.0,8903.0,8903.0,8904.0,8906.0,8907.0,8909.0,8911.0,8912.0,8913.0,8914.0,8916.0,8918.0,8918.0,8919.0,8919.0,8920.0,8923.0,8923.0,8924.0,8927.0,8928.0,8929.0,8930.0,8930.0,8933.0,8934.0,8934.0,8934.0,8934.0,8936.0,8936.0,8939.0,8939.0,8939.0,8939.0,8940.0,8941.0,8942.0,8943.0,8944
Lx2Uj6YIiNY,7919.0,7919.0,7920.0,7921.0,7923.0,7923.0,7923.0,7923.0,7923.0,7924.0,7924.0,7924.0,7924.0,7925.0,7925.0,7925.0,7925.0,7925.0,7925.0,7926.0,7928.0,7930.0,7931.0,7931.0,7933.0,7933.0,7933.0,7935.0,7935.0,7935.0,7935.0,7936.0,7936.0,7938.0,7939.0,7939.0,7940.0,7940.0,7940.0,7941.0,7944.0,7945.0,7945.0,7947.0,7947.0,7948.0,7950.0,7951.0,7951.0,7949.0,7950.0,7950.0,7950.0,7951.0,7952.0,7954.0,7955.0,7955.0,7955.0,7959.0,7960.0,7959.0,7961.0,7964.0,7964.0,7964.0,7965.0,7965.0,7965.0,7965.0,7965.0,7965.0,7966.0,7967.0,7968.0,7973.0,7977.0,7977.0,7977.0,7978.0,7979.0,7979.0,7979.0,7978.0,7979.0,7979.0,7980.0,7981.0,7983.0,7984.0,7984.0,7984.0,7984.0,7987.0,7989.0,7990.0,7990.0,7990.0,7991.0,7992.0,7993.0,7993.0,7993.0,7995.0,7995.0,7996.0,7994.0,7995.0,7996.0,7997.0,7998.0,7998.0,7999.0,8001.0,8001.0,8001.0,8002.0,8002.0,8002.0,8002.0,8004.0,8005.0,8005.0,8007.0,8008.0,8010.0,8011.0,8013.0,8013.0,8015.0,8015.0,8015.0,8015.0,8015.0,,,,,,,,,8018.0,8018.0,8021.0,8025.0,8030.0,8037.0,8040.0,8042.0,8045.0,8046.0,8046.0,8046.0,8046.0,8047.0,8049.0,8050.0,8052.0,8052.0,8052.0,8053.0,8053.0,8053.0,8053.0,8053.0,8054.0,8054.0,8054.0,8054.0,8054.0,8055.0,8055.0,8055.0,8055.0,8056.0,8057.0,8058.0,8059.0,8059.0,8059.0,8059.0,8060.0,8063.0,8066.0,8066.0,8066.0,8068.0,8070.0,8071.0,8074.0,8077.0,8078.0,8079.0,8081.0,8085.0,8090.0,8091.0,8091.0,8091.0,8092.0,8092.0,8096.0,8096.0,8096.0,8097.0,8098.0,8098.0,8098.0,8099.0,8099.0,8100.0,8100.0,8100
P9EtUdtkiKQ,3363.0,3366.0,3369.0,3372.0,3372.0,3377.0,3378.0,3381.0,3383.0,3384.0,3387.0,3392.0,3394.0,3398.0,3403.0,3405.0,3411.0,3413.0,3418.0,3420.0,3425.0,3428.0,3431.0,3434.0,3436.0,3437.0,3438.0,3443.0,3443.0,3444.0,3448.0,3451.0,3453.0,3456.0,3460.0,3464.0,3468.0,3469.0,3471.0,3478.0,3479.0,3481.0,3481.0,3485.0,3487.0,3493.0,3498.0,3501.0,3506.0,3511.0,3516.0,3517.0,3521.0,3524.0,3525.0,3529.0,3533.0,3538.0,3542.0,3548.0,3550.0,3554.0,3554.0,3559.0,3563.0,3567.0,3568.0,3569.0,3571.0,3575.0,3577.0,3578.0,3580.0,3583.0,3588.0,3592.0,3595.0,3598.0,3602.0,3603.0,3605.0,3607.0,3607.0,3609.0,3614.0,3615.0,3618.0,3618.0,3619.0,3621.0,3623.0,3623.0,3624.0,3627.0,3630.0,3633.0,3639.0,3642.0,3642.0,3651.0,3654.0,3657.0,3662.0,3663.0,3666.0,3669.0,3671.0,3673.0,3682.0,3685.0,3691.0,3695.0,3697.0,3700.0,3704.0,3704.0,3706.0,3709.0,3709.0,3716.0,3717.0,3722.0,3731.0,3736.0,3741.0,3743.0,3747.0,3750.0,3754.0,3759.0,3765.0,3767.0,3775.0,3781.0,,,,,,,,,3813.0,3816.0,3820.0,3824.0,3824.0,3830.0,3832.0,3835.0,3840.0,3842.0,3845.0,3846.0,3846.0,3846.0,3846.0,3846.0,3846.0,3846.0,3846.0,3846.0,3846.0,3846.0,3846.0,3846.0,3846.0,3846.0,3846.0,3846.0,3846.0,3846.0,3846.0,3846.0,3846.0,3846.0,3846.0,3846.0,3846.0,3846.0,3846.0,3846.0,3846.0,3846.0,3846.0,3846.0,3846.0,3846.0,3846.0,3846.0,3846.0,3846.0,3846.0,3846.0,3846.0,3846.0,3846.0,3846.0,3846.0,3846.0,3846.0,3846.0,3846.0,3846.0,3846.0,3846.0,3846.0,3846.0,3846.0,3846.0,3846.0,3846.0,3846.0,3846
PBjS2D5SQh0,301125.0,301569.0,302107.0,302488.0,303126.0,304034.0,304658.0,305106.0,305569.0,305857.0,306285.0,306611.0,306949.0,307393.0,307823.0,308301.0,308702.0,309016.0,309543.0,309998.0,310403.0,310816.0,311208.0,311631.0,312028.0,312600.0,313195.0,314135.0,314937.0,315514.0,316148.0,316611.0,317006.0,317443.0,317751.0,318239.0,318717.0,318952.0,319191.0,319739.0,320283.0,320730.0,321229.0,321697.0,322127.0,322482.0,323044.0,324016.0,324954.0,325473.0,326021.0,326657.0,327267.0,328132.0,328870.0,329700.0,330559.0,331413.0,332389.0,332938.0,333571.0,334395.0,335123.0,335615.0,336018.0,336250.0,336500.0,336776.0,337012.0,337312.0,337548.0,337770.0,337977.0,338157.0,338374.0,338629.0,338819.0,339097.0,339355.0,339569.0,339744.0,339936.0,340190.0,340385.0,340618.0,340830.0,341063.0,341215.0,341390.0,341613.0,341805.0,342035.0,342250.0,342426.0,342572.0,342749.0,342928.0,343109.0,343288.0,343493.0,343627.0,343766.0,343940.0,344117.0,344304.0,344497.0,344661.0,344839.0,344978.0,345157.0,345343.0,345515.0,345731.0,345906.0,346063.0,346196.0,346365.0,346594.0,346789.0,346997.0,347141.0,347284.0,347418.0,347543.0,347665.0,347794.0,347905.0,348039.0,348190.0,348323.0,348446.0,348593.0,348743.0,348909.0,,,,,,,,,350386.0,350506.0,350682.0,350828.0,350970.0,351123.0,351310.0,351450.0,351604.0,351760.0,351940.0,352131.0,352358.0,352586.0,352766.0,352958.0,353190.0,353405.0,353632.0,353799.0,353931.0,354060.0,354183.0,354283.0,354410.0,354570.0,354683.0,354823.0,354952.0,355046.0,355163.0,355283.0,355449.0,355603.0,355756.0,355878.0,355960.0,356087.0,356190.0,356317.0,356458.0,356596.0,356699.0,356785.0,356918.0,357066.0,357224.0,357345.0,357463.0,357561.0,357640.0,357751.0,357849.0,357937.0,358055.0,358133.0,358245.0,358319.0,358431.0,358546.0,358637.0,358719.0,358810.0,358895.0,358976.0,359066.0,359177.0,359280.0,359354.0,359439.0,359531.0,359601
SuNUN2xqwwI,382111.0,382538.0,382888.0,383214.0,383550.0,383897.0,384225.0,384558.0,384948.0,385269.0,385519.0,385871.0,386155.0,386479.0,386812.0,387141.0,387426.0,387659.0,387889.0,388218.0,388503.0,388807.0,389107.0,389352.0,389582.0,389837.0,390084.0,390357.0,390631.0,390938.0,391170.0,391434.0,391718.0,391986.0,392258.0,392523.0,392823.0,393100.0,393309.0,393549.0,393862.0,394162.0,394488.0,394817.0,395092.0,395345.0,395628.0,395993.0,396305.0,396647.0,396932.0,397248.0,397490.0,397797.0,398140.0,398447.0,398727.0,399024.0,399299.0,399522.0,399844.0,400142.0,400481.0,400808.0,401157.0,401464.0,401696.0,401949.0,402236.0,402538.0,402887.0,403134.0,403385.0,403656.0,403917.0,404193.0,404482.0,404778.0,405062.0,405319.0,405529.0,405857.0,406131.0,406471.0,406782.0,407105.0,407393.0,407621.0,407913.0,408232.0,408544.0,408853.0,409188.0,409477.0,409680.0,409987.0,410271.0,410606.0,410939.0,411298.0,411609.0,411927.0,412264.0,412590.0,412929.0,413236.0,413564.0,413840.0,414102.0,414390.0,414703.0,415063.0,415382.0,415739.0,416001.0,416217.0,416522.0,416844.0,417168.0,417484.0,417752.0,418023.0,418242.0,418497.0,418743.0,419076.0,419332.0,419617.0,419895.0,420174.0,420507.0,420840.0,421147.0,421470.0,,,,,,,,,424831.0,425183.0,425610.0,426043.0,426497.0,426892.0,427198.0,427497.0,427798.0,428150.0,428525.0,428893.0,429246.0,429729.0,430065.0,430358.0,430698.0,431069.0,431371.0,431677.0,431919.0,432135.0,432338.0,432620.0,432863.0,433126.0,433392.0,433655.0,433924.0,434127.0,434373.0,434604.0,434884.0,435127.0,435365.0,435614.0,435788.0,436003.0,436243.0,436495.0,436733.0,437002.0,437163.0,437327.0,437542.0,437802.0,438057.0,438325.0,438601.0,438758.0,438948.0,439191.0,439433.0,439689.0,439933.0,440183.0,440403.0,440569.0,440838.0,441156.0,441541.0,441752.0,442073.0,442284.0,442483.0,442733.0,443027.0,443326.0,443508.0,443753.0,443972.0,444127
S8VRjo39tIQ,255684.0,255863.0,256038.0,256251.0,256459.0,256660.0,256860.0,257018.0,257197.0,257424.0,257629.0,257827.0,258058.0,258278.0,258533.0,258770.0,258944.0,259129.0,259307.0,259558.0,259737.0,259941.0,260203.0,260412.0,260570.0,260740.0,260912.0,261104.0,261304.0,261515.0,261651.0,261820.0,262000.0,262193.0,262409.0,262611.0,262790.0,262963.0,263085.0,263319.0,263546.0,263731.0,263896.0,264026.0,264185.0,264352.0,264553.0,264746.0,264919.0,265060.0,265227.0,265361.0,265495.0,265639.0,265777.0,265936.0,266078.0,266255.0,266441.0,266600.0,266786.0,266972.0,267185.0,267433.0,267676.0,267910.0,268089.0,268287.0,268446.0,268739.0,268944.0,269117.0,269336.0,269485.0,269687.0,269874.0,270131.0,270411.0,270664.0,270920.0,271190.0,271427.0,271651.0,271932.0,272164.0,272378.0,272576.0,272809.0,273006.0,273229.0,273436.0,273658.0,273854.0,274080.0,274241.0,274435.0,274623.0,274803.0,275025.0,275250.0,275423.0,275610.0,275798.0,276037.0,276256.0,276492.0,276660.0,276792.0,276947.0,277077.0,277259.0,277449.0,277591.0,277753.0,277881.0,278011.0,278162.0,278294.0,278446.0,278581.0,278678.0,278790.0,278878.0,278971.0,279076.0,279190.0,279304.0,279443.0,279571.0,279670.0,279791.0,279940.0,280102.0,280228.0,,,,,,,,,281491.0,281632.0,281792.0,281937.0,282118.0,282269.0,282394.0,282492.0,282575.0,282729.0,282924.0,283091.0,283227.0,283371.0,283508.0,283612.0,283747.0,283853.0,284003.0,284133.0,284274.0,284400.0,284483.0,284596.0,284714.0,284834.0,284929.0,285058.0,285186.0,285283.0,285405.0,285568.0,285690.0,285804.0,285931.0,286053.0,286160.0,286296.0,286412.0,286537.0,286659.0,286774.0,286853.0,286942.0,287041.0,287150.0,287263.0,287419.0,287556.0,287675.0,287758.0,287850.0,287962.0,288058.0,288177.0,288305.0,288407.0,288485.0,288603.0,288717.0,288854.0,288956.0,289057.0,289158.0,289255.0,289383.0,289486.0,289608.0,289693.0,289781.0,289896.0,289988
7Vmae8-bPVM,17441.0,17444.0,17445.0,17446.0,17446.0,17446.0,17447.0,17451.0,17453.0,17456.0,17459.0,17462.0,17463.0,17469.0,17471.0,17473.0,17474.0,17474.0,17477.0,17479.0,17480.0,17480.0,17482.0,17485.0,17487.0,17490.0,17492.0,17497.0,17507.0,17514.0,17515.0,17516.0,17518.0,17520.0,17525.0,17526.0,17526.0,17529.0,17529.0,17534.0,17536.0,17538.0,17539.0,17542.0,17545.0,17547.0,17547.0,17548.0,17550.0,17551.0,17552.0,17553.0,17553.0,17554.0,17554.0,17556.0,17558.0,17558.0,17560.0,17560.0,17562.0,17562.0,17563.0,17565.0,17566.0,17570.0,17573.0,17574.0,17575.0,17577.0,17577.0,17578.0,17580.0,17581.0,17583.0,17583.0,17585.0,17586.0,17587.0,17587.0,17589.0,17590.0,17590.0,17593.0,17593.0,17594.0,17595.0,17594.0,17596.0,17596.0,17598.0,17599.0,17600.0,17602.0,17606.0,17607.0,17609.0,17613.0,17613.0,17613.0,17616.0,17617.0,17617.0,17620.0,17622.0,17624.0,17625.0,17626.0,17626.0,17627.0,17630.0,17632.0,17633.0,17633.0,17633.0,17633.0,17633.0,17633.0,17633.0,17633.0,17633.0,17634.0,17635.0,17636.0,17636.0,17637.0,17638.0,17639.0,17639.0,17641.0,17641.0,17642.0,17645.0,17646.0,,,,,,,,,17650.0,17653.0,17657.0,17657.0,17661.0,17662.0,17663.0,17663.0,17663.0,17663.0,17663.0,17663.0,17663.0,17663.0,17663.0,17666.0,17666.0,17667.0,17667.0,17667.0,17668.0,17671.0,17671.0,17672.0,17674.0,17674.0,17675.0,17676.0,17678.0,17680.0,17681.0,17683.0,17685.0,17687.0,17688.0,17688.0,17690.0,17691.0,17692.0,17696.0,17700.0,17701.0,17702.0,17703.0,17705.0,17706.0,17707.0,17708.0,17708.0,17710.0,17710.0,17711.0,17711.0,17711.0,17712.0,17712.0,17713.0,17713.0,17713.0,17715.0,17716.0,17717.0,17717.0,17717.0,17717.0,17719.0,17719.0,17720.0,17720.0,17722.0,17723.0,17723
gY3RvDNFFx8,2487995.0,2489725.0,2491672.0,2493291.0,2495137.0,2496970.0,2498890.0,2500744.0,2502710.0,2504582.0,2506459.0,2508263.0,2510306.0,2512297.0,2514478.0,2516459.0,2518540.0,2520266.0,2522206.0,2524123.0,2525999.0,2528048.0,2530137.0,2532327.0,2534190.0,2536134.0,2538365.0,2540689.0,2543040.0,2545282.0,2547490.0,2549297.0,2551205.0,2553414.0,2555469.0,2557625.0,2559948.0,2561935.0,2563616.0,2565644.0,2567557.0,2569743.0,2572005.0,2574363.0,2576218.0,2577912.0,2579604.0,2581340.0,2583411.0,2585608.0,2587633.0,2590064.0,2591910.0,2593667.0,2595751.0,2597945.0,2600332.0,2602718.0,2604835.0,2606760.0,2608640.0,2610709.0,2612737.0,2614689.0,2616946.0,2619376.0,2621247.0,2623623.0,2625169.0,2627854.0,2629905.0,2631883.0,2633528.0,2635584.0,2637512.0,2639536.0,2641577.0,2643789.0,2645998.0,2648082.0,2650119.0,2652205.0,2654302.0,2656565.0,2658477.0,2660521.0,2662391.0,2664107.0,2666018.0,2668173.0,2670163.0,2672060.0,2674056.0,2676023.0,2677645.0,2679549.0,2681733.0,2683787.0,2685867.0,2687834.0,2689634.0,2691264.0,2693099.0,2694883.0,2696460.0,2698141.0,2699849.0,2701436.0,2702915.0,2704538.0,2706185.0,2707938.0,2709554.0,2711215.0,2712851.0,2714306.0,2716277.0,2718160.0,2720135.0,2722025.0,2723704.0,2725295.0,2726788.0,2728199.0,2729581.0,2731043.0,2732496.0,2734073.0,2735549.0,2737072.0,2738509.0,2740098.0,2741714.0,2743325.0,,,,,,,,,2758361.0,2759903.0,2761515.0,2763112.0,2764546.0,2765703.0,2766815.0,2767951.0,2769006.0,2770247.0,2771454.0,2772558.0,2773835.0,2775142.0,2776454.0,2777532.0,2778722.0,2779943.0,2781381.0,2782931.0,2784679.0,2786459.0,2788035.0,2789478.0,2790921.0,2792513.0,2794096.0,2795814.0,2797149.0,2798654.0,2800170.0,2801859.0,2803457.0,2805104.0,2806737.0,2808315.0,2809771.0,2811273.0,2812870.0,2814424.0,2816071.0,2817717.0,2819091.0,2820595.0,2822202.0,2823795.0,2825305.0,2826917.0,2828541.0,2830117.0,2831536.0,2833132.0,2834732.0,2836453.0,2838000.0,2839822.0,2841310.0,2842715.0,2844277.0,2845824.0,2847237.0,2848821.0,2850097.0,2851664.0,2853189.0,2854833.0,2856419.0,2858195.0,2859824.0,2861607.0,2863176.0,2864929
mCMTpLjVYYo,11321.0,11321.0,11321.0,11321.0,11321.0,11321.0,11321.0,11321.0,11321.0,11321.0,11321.0,11321.0,11321.0,11321.0,11321.0,11323.0,11323.0,11324.0,11324.0,11324.0,11324.0,11324.0,11324.0,11324.0,11324.0,11324.0,11324.0,11324.0,11324.0,11325.0,11325.0,11325.0,11325.0,11325.0,11325.0,11325.0,11325.0,11325.0,11325.0,11325.0,11325.0,11325.0,11325.0,11325.0,11326.0,11326.0,11326.0,11326.0,11326.0,11326.0,11326.0,11326.0,11326.0,11326.0,11326.0,11327.0,11328.0,11328.0,11328.0,11328.0,11328.0,11328.0,11328.0,11328.0,11328.0,11328.0,11328.0,11328.0,11328.0,11328.0,11328.0,11328.0,11328.0,11328.0,11328.0,11328.0,11328.0,11328.0,11328.0,11329.0,11330.0,11331.0,11331.0,11332.0,11333.0,11333.0,11333.0,11334.0,11335.0,11335.0,11335.0,11335.0,11335.0,11335.0,11335.0,11335.0,11336.0,11336.0,11336.0,11336.0,11336.0,11336.0,11336.0,11336.0,11336.0,11336.0,11336.0,11336.0,11336.0,11336.0,11336.0,11336.0,11340.0,11341.0,11342.0,11342.0,11342.0,11342.0,11342.0,11342.0,11342.0,11342.0,11342.0,11342.0,11342.0,11342.0,11342.0,11342.0,11342.0,11342.0,11342.0,11342.0,11342.0,11342.0,,,,,,,,,11343.0,11343.0,11343.0,11343.0,11343.0,11343.0,11344.0,11344.0,11344.0,11344.0,11344.0,11344.0,11344.0,11344.0,11344.0,11344.0,11344.0,11344.0,11344.0,11344.0,11344.0,11344.0,11344.0,11344.0,11345.0,11345.0,11345.0,11345.0,11345.0,11345.0,11345.0,11345.0,11345.0,11346.0,11346.0,11346.0,11346.0,11346.0,11346.0,11346.0,11346.0,11346.0,11346.0,11347.0,11347.0,11347.0,11347.0,11347.0,11347.0,11347.0,11347.0,11347.0,11347.0,11348.0,11348.0,11348.0,11348.0,11348.0,11348.0,11348.0,11348.0,11348.0,11348.0,11348.0,11349.0,11349.0,11349.0,11349.0,11349.0,11349.0,11349.0,11349
IDii_W6qocs,15109.0,15110.0,15115.0,15120.0,15120.0,15121.0,15123.0,15128.0,15129.0,15133.0,15135.0,15136.0,15138.0,15139.0,15142.0,15144.0,15145.0,15147.0,15149.0,15151.0,15152.0,15154.0,15155.0,15158.0,15162.0,15164.0,15165.0,15167.0,15169.0,15171.0,15171.0,15172.0,15173.0,15177.0,15178.0,15178.0,15178.0,15178.0,15181.0,15182.0,15184.0,15187.0,15188.0,15190.0,15190.0,15190.0,15192.0,15192.0,15194.0,15193.0,15195.0,15195.0,15198.0,15199.0,15201.0,15203.0,15203.0,15204.0,15206.0,15208.0,15213.0,15215.0,15217.0,15220.0,15223.0,15229.0,15232.0,15236.0,15240.0,15244.0,15244.0,15246.0,15248.0,15249.0,15255.0,15256.0,15257.0,15259.0,15261.0,15265.0,15274.0,15280.0,15284.0,15288.0,15290.0,15295.0,15300.0,15302.0,15319.0,15331.0,15358.0,15372.0,15388.0,15390.0,15402.0,15419.0,15427.0,15436.0,15440.0,15452.0,15457.0,15465.0,15474.0,15484.0,15488.0,15491.0,15492.0,15500.0,15512.0,15515.0,15528.0,15536.0,15545.0,15556.0,15562.0,15566.0,15567.0,15568.0,15570.0,15572.0,15577.0,15579.0,15581.0,15587.0,15592.0,15593.0,15597.0,15600.0,15605.0,15610.0,15612.0,15617.0,15618.0,15624.0,,,,,,,,,15648.0,15651.0,15656.0,15658.0,15659.0,15660.0,15662.0,15665.0,15667.0,15670.0,15671.0,15674.0,15676.0,15677.0,15679.0,15679.0,15679.0,15681.0,15681.0,15682.0,15683.0,15686.0,15689.0,15689.0,15692.0,15693.0,15698.0,15700.0,15701.0,15703.0,15704.0,15705.0,15706.0,15706.0,15709.0,15711.0,15713.0,15713.0,15715.0,15716.0,15719.0,15721.0,15724.0,15726.0,15730.0,15734.0,15737.0,15740.0,15741.0,15743.0,15743.0,15746.0,15748.0,15754.0,15755.0,15756.0,15758.0,15762.0,15763.0,15763.0,15766.0,15768.0,15772.0,15776.0,15778.0,15779.0,15779.0,15781.0,15784.0,15785.0,15788.0,15792
2CHRKiGRTTo,10329.0,10331.0,10333.0,10333.0,10334.0,10337.0,10337.0,10338.0,10338.0,10341.0,10342.0,10343.0,10343.0,10343.0,10344.0,10347.0,10348.0,10349.0,10349.0,10354.0,10354.0,10354.0,10354.0,10354.0,10354.0,10354.0,10355.0,10356.0,10358.0,10360.0,10360.0,10362.0,10363.0,10363.0,10363.0,10364.0,10363.0,10364.0,10365.0,10365.0,10366.0,10368.0,10369.0,10369.0,10372.0,10372.0,10372.0,10373.0,10374.0,10374.0,10375.0,10375.0,10376.0,10377.0,10377.0,10380.0,10382.0,10386.0,10388.0,10390.0,10392.0,10395.0,10396.0,10398.0,10397.0,10399.0,10400.0,10401.0,10403.0,10405.0,10405.0,10406.0,10407.0,10407.0,10410.0,10412.0,10412.0,10411.0,10414.0,10416.0,10418.0,10419.0,10423.0,10424.0,10425.0,10425.0,10427.0,10427.0,10427.0,10428.0,10429.0,10429.0,10429.0,10429.0,10432.0,10433.0,10434.0,10434.0,10434.0,10433.0,10433.0,10433.0,10435.0,10436.0,10435.0,10435.0,10436.0,10438.0,10440.0,10442.0,10442.0,10445.0,10448.0,10448.0,10450.0,10450.0,10453.0,10454.0,10456.0,10459.0,10462.0,10460.0,10460.0,10461.0,10463.0,10465.0,10466.0,10471.0,10473.0,10475.0,10476.0,10476.0,10476.0,10477.0,,,,,,,,,10484.0,10484.0,10484.0,10486.0,10488.0,10490.0,10490.0,10491.0,10493.0,10493.0,10493.0,10493.0,10493.0,10495.0,10495.0,10496.0,10498.0,10500.0,10499.0,10500.0,10502.0,10503.0,10504.0,10504.0,10504.0,10504.0,10505.0,10507.0,10507.0,10510.0,10510.0,10510.0,10512.0,10512.0,10512.0,10512.0,10514.0,10514.0,10515.0,10515.0,10516.0,10515.0,10517.0,10519.0,10520.0,10522.0,10522.0,10521.0,10523.0,10523.0,10524.0,10524.0,10525.0,10527.0,10528.0,10528.0,10529.0,10531.0,10531.0,10532.0,10532.0,10532.0,10533.0,10534.0,10535.0,10535.0,10535.0,10535.0,10536.0,10539.0,10544.0,10545
PE4QEQ4ciWk,96638.0,96701.0,96784.0,96858.0,96929.0,97019.0,97095.0,97176.0,97251.0,97338.0,97408.0,97490.0,97589.0,97665.0,97724.0,97822.0,97909.0,97960.0,98037.0,98127.0,98194.0,98265.0,98331.0,98390.0,98465.0,98519.0,98586.0,98663.0,98724.0,98803.0,98861.0,98927.0,98978.0,99062.0,99125.0,99193.0,99245.0,99308.0,99369.0,99429.0,99507.0,99590.0,99711.0,99782.0,99875.0,99957.0,100027.0,100107.0,100175.0,100234.0,100317.0,100388.0,100473.0,100556.0,100632.0,100717.0,100797.0,100888.0,100947.0,101019.0,101102.0,101166.0,101241.0,101349.0,101426.0,101497.0,101548.0,101620.0,101682.0,101765.0,101828.0,101904.0,101956.0,102019.0,102084.0,102143.0,102208.0,102290.0,102349.0,102410.0,102479.0,102541.0,102610.0,102697.0,102764.0,102857.0,102939.0,102984.0,103048.0,103121.0,103193.0,103254.0,103345.0,103415.0,103502.0,103583.0,103660.0,103728.0,103797.0,103885.0,103945.0,104026.0,104092.0,104178.0,104286.0,104374.0,104462.0,104550.0,104605.0,104685.0,104753.0,104815.0,104894.0,104963.0,105039.0,105110.0,105182.0,105249.0,105311.0,105396.0,105468.0,105526.0,105595.0,105649.0,105709.0,105794.0,105859.0,105932.0,105987.0,106054.0,106130.0,106181.0,106271.0,106334.0,,,,,,,,,107121.0,107185.0,107267.0,107338.0,107398.0,107454.0,107511.0,107574.0,107666.0,107788.0,107862.0,107943.0,108032.0,108107.0,108182.0,108262.0,108330.0,108397.0,108478.0,108539.0,108605.0,108650.0,108702.0,108756.0,108805.0,108864.0,108909.0,108975.0,109035.0,109087.0,109151.0,109202.0,109251.0,109305.0,109361.0,109416.0,109468.0,109514.0,109562.0,109607.0,109669.0,109714.0,109782.0,109813.0,109849.0,109916.0,109974.0,110022.0,110076.0,110130.0,110184.0,110228.0,110281.0,110340.0,110391.0,110454.0,110501.0,110539.0,110583.0,110634.0,110691.0,110736.0,110780.0,110816.0,110847.0,110898.0,110958.0,111006.0,111044.0,111093.0,111136.0,111188
9BqCWavdAEo,172080.0,172171.0,172298.0,172383.0,172503.0,172611.0,172721.0,172814.0,172931.0,173022.0,173165.0,173281.0,173402.0,173498.0,173594.0,173672.0,173785.0,173862.0,173986.0,174070.0,174175.0,174283.0,174396.0,174491.0,174577.0,174667.0,174768.0,174844.0,174935.0,175031.0,175113.0,175205.0,175282.0,175364.0,175455.0,175547.0,175674.0,175782.0,175891.0,175999.0,176078.0,176180.0,176266.0,176361.0,176436.0,176518.0,176600.0,176692.0,176789.0,176877.0,176955.0,177063.0,177162.0,177244.0,177337.0,177450.0,177520.0,177594.0,177673.0,177762.0,177833.0,177902.0,177972.0,178060.0,178172.0,178265.0,178336.0,178393.0,178452.0,178523.0,178617.0,178723.0,178822.0,178908.0,178984.0,179067.0,179147.0,179223.0,179311.0,179433.0,179519.0,179588.0,179678.0,179753.0,179837.0,179911.0,179999.0,180087.0,180166.0,180237.0,180315.0,180391.0,180479.0,180582.0,180668.0,180745.0,180833.0,180932.0,181013.0,181127.0,181210.0,181312.0,181385.0,181499.0,181600.0,181702.0,181824.0,181948.0,182034.0,182148.0,182262.0,182372.0,182448.0,182564.0,182717.0,182799.0,182933.0,183046.0,183147.0,183275.0,183390.0,183500.0,183629.0,183790.0,183926.0,184049.0,184153.0,184222.0,184324.0,184405.0,184497.0,184571.0,184645.0,184723.0,,,,,,,,,185506.0,185585.0,185665.0,185734.0,185802.0,185879.0,185968.0,186041.0,186130.0,186199.0,186278.0,186362.0,186446.0,186537.0,186643.0,186722.0,186821.0,186920.0,187017.0,187093.0,187199.0,187267.0,187341.0,187418.0,187486.0,187559.0,187654.0,187728.0,187815.0,187890.0,187983.0,188051.0,188123.0,188189.0,188264.0,188331.0,188400.0,188462.0,188537.0,188606.0,188675.0,188763.0,188850.0,188914.0,188982.0,189070.0,189146.0,189232.0,189335.0,189405.0,189458.0,189543.0,189607.0,189677.0,189732.0,189833.0,189911.0,189980.0,190046.0,190108.0,190174.0,190234.0,190315.0,190413.0,190478.0,190573.0,190664.0,190756.0,190815.0,190891.0,190966.0,191045
x4XOZ4LotYc,6651762.0,6655136.0,6658734.0,6661908.0,6665715.0,6669524.0,6672738.0,6675917.0,6679298.0,6682766.0,6686529.0,6689884.0,6693248.0,6696537.0,6700103.0,6703375.0,6707023.0,6710346.0,6713675.0,6717019.0,6720413.0,6723771.0,6727271.0,6730887.0,6734149.0,6737385.0,6740748.0,6744462.0,6748118.0,6751835.0,6755400.0,6758536.0,6761685.0,6765086.0,6768489.0,6771717.0,6775072.0,6778304.0,6781241.0,6783826.0,6786601.0,6789535.0,6792609.0,6795857.0,6798884.0,6801675.0,6804231.0,6807045.0,6809890.0,6812571.0,6815131.0,6818003.0,6820400.0,6822756.0,6825288.0,6827670.0,6830158.0,6832618.0,6835402.0,6838001.0,6840636.0,6843216.0,6845803.0,6848484.0,6851140.0,6853734.0,6856121.0,6858407.0,6860415.0,6863042.0,6865375.0,6867770.0,6870149.0,6872641.0,6875174.0,6877742.0,6880475.0,6883119.0,6885903.0,6888601.0,6891339.0,6894100.0,6896873.0,6899590.0,6902262.0,6905026.0,6907735.0,6910244.0,6912764.0,6915193.0,6917760.0,6920269.0,6922930.0,6925633.0,6928209.0,6930923.0,6933386.0,6936170.0,6938989.0,6941706.0,6944316.0,6946950.0,6949697.0,6952529.0,6955677.0,6958733.0,6961468.0,6964228.0,6966913.0,6969526.0,6972259.0,6974912.0,6977444.0,6980234.0,6983077.0,6985760.0,6988300.0,6991208.0,6993908.0,6996605.0,6999324.0,7001871.0,7004100.0,7006370.0,7008669.0,7010929.0,7013440.0,7015982.0,7018477.0,7020865.0,7023057.0,7025502.0,7027845.0,7030118.0,,,,,,,,,7050892.0,7053114.0,7055274.0,7057586.0,7059817.0,7061942.0,7064198.0,7066339.0,7068721.0,7071306.0,7073975.0,7076818.0,7079741.0,7082424.0,7084835.0,7087445.0,7089862.0,7092261.0,7094493.0,7096780.0,7099339.0,7102003.0,7104435.0,7106469.0,7108930.0,7111197.0,7113407.0,7115677.0,7118015.0,7120256.0,7122513.0,7124949.0,7127201.0,7129512.0,7131763.0,7134070.0,7136286.0,7138484.0,7140741.0,7143112.0,7145456.0,7147615.0,7149796.0,7151992.0,7154204.0,7156448.0,7158678.0,7160958.0,7163319.0,7165494.0,7167617.0,7169651.0,7171807.0,7174143.0,7176341.0,7178564.0,7180736.0,7182855.0,7184948.0,7187086.0,7189300.0,7191571.0,7193719.0,7195891.0,7197947.0,7200322.0,7202780.0,7205284.0,7207821.0,7210316.0,7212831.0,7215277
lQzbcR9lk1c,1166615.0,1167365.0,1168046.0,1168643.0,1169406.0,1170222.0,1171025.0,1171769.0,1172639.0,1173209.0,1173782.0,1174561.0,1175201.0,1175888.0,1176527.0,1177188.0,1177798.0,1178345.0,1178977.0,1179667.0,1180350.0,1181094.0,1181644.0,1182247.0,1182638.0,1183146.0,1183674.0,1184249.0,1184711.0,1185242.0,1185722.0,1186206.0,1186706.0,1187196.0,1187724.0,1188315.0,1188944.0,1189400.0,1189803.0,1190326.0,1190923.0,1191572.0,1192232.0,1192914.0,1193594.0,1194136.0,1194836.0,1195580.0,1196286.0,1196973.0,1197642.0,1198146.0,1198621.0,1199236.0,1199838.0,1200418.0,1201016.0,1201689.0,1202262.0,1202749.0,1203408.0,1204016.0,1204840.0,1205425.0,1206043.0,1206561.0,1207082.0,1207716.0,1208246.0,1209169.0,1210027.0,1210643.0,1211270.0,1211719.0,1212278.0,1213134.0,1213813.0,1214554.0,1215407.0,1215994.0,1216541.0,1217206.0,1217853.0,1218711.0,1219429.0,1220236.0,1220954.0,1221686.0,1222651.0,1223655.0,1224456.0,1225401.0,1226287.0,1226968.0,1227718.0,1228489.0,1229388.0,1230235.0,1231023.0,1231825.0,1232443.0,1233017.0,1233906.0,1234668.0,1235438.0,1236310.0,1237177.0,1237774.0,1238395.0,1239343.0,1240211.0,1241018.0,1241904.0,1242777.0,1243409.0,1244144.0,1244987.0,1245860.0,1246786.0,1247513.0,1248176.0,1248849.0,1249300.0,1249879.0,1250533.0,1251225.0,1251989.0,1252724.0,1253407.0,1253980.0,1254701.0,1255417.0,1256138.0,1256819.0,,,,,,,,,1263372.0,1263866.0,1264641.0,1265304.0,1266064.0,1266818.0,1267562.0,1268171.0,1268713.0,1269527.0,1270355.0,1270976.0,1270980.0,1270978.0,1270972.0,1270973.0,1270973.0,1270973.0,1270973.0,1270974.0,1270975.0,1270975.0,1270975.0,1270975.0,1270975.0,1270975.0,1270975.0,1270975.0,1270975.0,1270975.0,1270975.0,1270975.0,1270975.0,1270975.0,1270975.0,1270975.0,1270975.0,1270975.0,1270975.0,1270975.0,1270975.0,1270975.0,1270975.0,1270975.0,1270975.0,1270975.0,1270975.0,1270975.0,1270975.0,1270975.0,1270975.0,1270975.0,1270975.0,1270975.0,1270975.0,1270975.0,1270975.0,1270975.0,1270975.0,1270975.0,1270975.0,1270975.0,1270975.0,1270975.0,1270975.0,1270975.0,1270975.0,1270975.0,1270975.0,1270975.0,1270975.0,1270975
dGoHLoDmHdI,13906400.0,13918909.0,13932052.0,13945114.0,13959480.0,13974438.0,13988457.0,14002997.0,14017490.0,14030972.0,14043460.0,14056832.0,14071153.0,14085295.0,14099473.0,14113721.0,14127309.0,14139689.0,14152810.0,14166003.0,14179323.0,14193360.0,14207413.0,14220317.0,14231678.0,14243220.0,14255331.0,14267433.0,14280234.0,14292945.0,14305522.0,14316325.0,14327799.0,14339931.0,14352193.0,14364215.0,14376406.0,14388036.0,14398675.0,14410064.0,14422092.0,14434460.0,14446977.0,14460031.0,14472442.0,14483192.0,14494446.0,14507338.0,14520927.0,14533821.0,14546149.0,14557848.0,14568760.0,14580243.0,14592983.0,14605758.0,14619320.0,14632866.0,14644650.0,14655787.0,14667515.0,14679947.0,14692775.0,14705040.0,14716993.0,14727826.0,14738364.0,14749197.0,14758971.0,14772004.0,14783829.0,14795278.0,14806474.0,14816614.0,14827645.0,14839052.0,14850971.0,14862520.0,14874507.0,14885693.0,14896018.0,14907262.0,14919246.0,14931876.0,14943931.0,14955870.0,14966727.0,14976613.0,14987412.0,14998985.0,15010815.0,15022392.0,15033878.0,15044700.0,15054976.0,15065442.0,15077066.0,15088240.0,15099630.0,15111519.0,15122531.0,15133026.0,15144111.0,15155403.0,15167032.0,15179051.0,15191183.0,15202010.0,15212069.0,15223405.0,15235599.0,15248144.0,15260044.0,15271863.0,15282683.0,15292548.0,15304065.0,15316731.0,15329294.0,15340351.0,15350778.0,15360797.0,15370684.0,15381337.0,15392364.0,15403694.0,15414951.0,15426217.0,15437034.0,15447239.0,15457666.0,15468693.0,15479612.0,15490722.0,,,,,,,,,15588578.0,15598579.0,15609088.0,15619842.0,15630408.0,15641520.0,15652990.0,15663669.0,15673336.0,15683253.0,15694082.0,15704733.0,15716046.0,15726781.0,15736757.0,15745982.0,15756357.0,15767509.0,15779163.0,15790141.0,15801481.0,15812349.0,15822020.0,15831968.0,15843408.0,15854636.0,15865069.0,15875546.0,15884937.0,15893883.0,15903442.0,15913663.0,15923750.0,15933834.0,15943482.0,15952539.0,15960766.0,15970053.0,15980021.0,15990006.0,15999932.0,16009945.0,16018845.0,16026923.0,16036009.0,16046167.0,16056189.0,16066378.0,16076446.0,16085379.0,16093626.0,16102874.0,16113138.0,16123741.0,16134001.0,16144201.0,16153109.0,16161322.0,16170058.0,16179652.0,16188563.0,16195949.0,16203483.0,16211377.0,16219069.0,16227732.0,16236922.0,16245944.0,16253938.0,16262318.0,16271701.0,16280248
jKuL3gV-f-8,11951.0,11954.0,11954.0,11954.0,11956.0,11959.0,11959.0,11959.0,11960.0,11959.0,11959.0,11960.0,11962.0,11962.0,11962.0,11963.0,11963.0,11964.0,11964.0,11964.0,11964.0,11966.0,11966.0,11966.0,11969.0,11971.0,11974.0,11976.0,11976.0,11977.0,11977.0,11978.0,11979.0,11979.0,11980.0,11982.0,11983.0,11984.0,11985.0,11987.0,11988.0,11988.0,11988.0,11989.0,11994.0,11996.0,12002.0,12003.0,12003.0,12005.0,12007.0,12010.0,12011.0,12011.0,12012.0,12014.0,12016.0,12017.0,12019.0,12019.0,12019.0,12019.0,12020.0,12021.0,12022.0,12024.0,12024.0,12024.0,12024.0,12025.0,12027.0,12027.0,12027.0,12027.0,12027.0,12027.0,12030.0,12031.0,12033.0,12035.0,12036.0,12036.0,12036.0,12036.0,12037.0,12037.0,12039.0,12040.0,12042.0,12042.0,12043.0,12043.0,12043.0,12043.0,12045.0,12045.0,12045.0,12046.0,12046.0,12046.0,12046.0,12046.0,12046.0,12048.0,12048.0,12049.0,12049.0,12049.0,12049.0,12049.0,12049.0,12049.0,12049.0,12051.0,12052.0,12053.0,12053.0,12053.0,12054.0,12056.0,12058.0,12058.0,12060.0,12060.0,12060.0,12060.0,12065.0,12067.0,12068.0,12068.0,12070.0,12070.0,12071.0,12071.0,,,,,,,,,12076.0,12076.0,12078.0,12080.0,12084.0,12084.0,12083.0,12084.0,12086.0,12088.0,12088.0,12088.0,12088.0,12089.0,12089.0,12089.0,12090.0,12091.0,12092.0,12094.0,12094.0,12094.0,12095.0,12095.0,12095.0,12099.0,12099.0,12099.0,12100.0,12108.0,12111.0,12112.0,12112.0,12112.0,12113.0,12113.0,12114.0,12117.0,12117.0,12117.0,12118.0,12119.0,12119.0,12120.0,12122.0,12123.0,12123.0,12123.0,12123.0,12125.0,12126.0,12125.0,12127.0,12129.0,12130.0,12130.0,12132.0,12134.0,12134.0,12134.0,12134.0,12134.0,12134.0,12134.0,12135.0,12136.0,12137.0,12137.0,12139.0,12140.0,12141.0,12143
HMUMsm78IGw,10000.0,10001.0,10002.0,10004.0,10008.0,10008.0,10009.0,10009.0,10006.0,10006.0,10006.0,10008.0,10008.0,10009.0,10011.0,10011.0,10011.0,10014.0,10014.0,10014.0,10014.0,10014.0,10016.0,10020.0,10020.0,10022.0,10023.0,10024.0,10025.0,10025.0,10025.0,10026.0,10026.0,10029.0,10030.0,10030.0,10031.0,10032.0,10032.0,10032.0,10033.0,10035.0,10037.0,10037.0,10040.0,10040.0,10041.0,10041.0,10041.0,10042.0,10042.0,10044.0,10052.0,10052.0,10052.0,10052.0,10052.0,10052.0,10052.0,10052.0,10052.0,10054.0,10054.0,10054.0,10057.0,10058.0,10058.0,10058.0,10058.0,10059.0,10061.0,10062.0,10063.0,10064.0,10064.0,10066.0,10068.0,10068.0,10070.0,10072.0,10072.0,10072.0,10072.0,10073.0,10074.0,10076.0,10076.0,10076.0,10079.0,10080.0,10080.0,10083.0,10087.0,10088.0,10088.0,10088.0,10088.0,10090.0,10090.0,10091.0,10091.0,10091.0,10091.0,10091.0,10091.0,10091.0,10091.0,10091.0,10093.0,10094.0,10094.0,10096.0,10099.0,10100.0,10101.0,10100.0,10100.0,10101.0,10103.0,10104.0,10104.0,10106.0,10108.0,10110.0,10110.0,10111.0,10111.0,10112.0,10112.0,10113.0,10113.0,10114.0,10115.0,10117.0,,,,,,,,,10120.0,10121.0,10121.0,10122.0,10125.0,10127.0,10130.0,10130.0,10131.0,10131.0,10131.0,10133.0,10133.0,10134.0,10134.0,10135.0,10135.0,10135.0,10136.0,10136.0,10136.0,10136.0,10136.0,10137.0,10137.0,10137.0,10138.0,10138.0,10138.0,10138.0,10138.0,10139.0,10140.0,10140.0,10140.0,10142.0,10145.0,10146.0,10146.0,10147.0,10148.0,10147.0,10151.0,10151.0,10151.0,10152.0,10152.0,10152.0,10152.0,10152.0,10153.0,10154.0,10154.0,10156.0,10159.0,10161.0,10161.0,10162.0,10163.0,10163.0,10166.0,10167.0,10169.0,10170.0,10171.0,10172.0,10175.0,10177.0,10177.0,10177.0,10177.0,10178
6vjfaPhx11E,752.0,753.0,753.0,753.0,753.0,753.0,753.0,753.0,753.0,753.0,753.0,753.0,753.0,753.0,753.0,753.0,753.0,753.0,753.0,753.0,754.0,754.0,755.0,755.0,755.0,755.0,755.0,755.0,755.0,755.0,755.0,755.0,755.0,755.0,755.0,755.0,755.0,756.0,756.0,756.0,756.0,756.0,756.0,756.0,756.0,757.0,757.0,757.0,757.0,758.0,758.0,758.0,758.0,758.0,758.0,758.0,758.0,758.0,758.0,758.0,758.0,758.0,758.0,758.0,758.0,759.0,759.0,759.0,759.0,759.0,759.0,759.0,759.0,759.0,759.0,759.0,759.0,759.0,759.0,759.0,759.0,760.0,760.0,760.0,760.0,761.0,761.0,761.0,761.0,761.0,761.0,761.0,761.0,761.0,761.0,761.0,761.0,762.0,762.0,762.0,762.0,762.0,763.0,763.0,763.0,764.0,764.0,765.0,765.0,765.0,765.0,765.0,765.0,765.0,765.0,766.0,767.0,767.0,768.0,768.0,768.0,768.0,768.0,768.0,768.0,768.0,768.0,768.0,768.0,768.0,768.0,768.0,768.0,768.0,,,,,,,,,769.0,769.0,769.0,769.0,769.0,769.0,769.0,770.0,770.0,770.0,770.0,770.0,770.0,770.0,770.0,770.0,770.0,770.0,770.0,772.0,774.0,774.0,774.0,774.0,774.0,774.0,774.0,774.0,774.0,774.0,774.0,774.0,774.0,774.0,774.0,774.0,774.0,774.0,774.0,775.0,775.0,775.0,775.0,775.0,775.0,775.0,775.0,775.0,775.0,775.0,775.0,775.0,775.0,775.0,775.0,775.0,775.0,775.0,776.0,776.0,776.0,776.0,776.0,776.0,776.0,776.0,778.0,778.0,779.0,779.0,779.0,779
2XFJdG5ehxM,72.0,72.0,72.0,72.0,72.0,72.0,72.0,72.0,72.0,72.0,72.0,72.0,72.0,72.0,72.0,72.0,72.0,72.0,72.0,72.0,72.0,72.0,72.0,72.0,72.0,72.0,72.0,72.0,72.0,72.0,72.0,72.0,72.0,72.0,72.0,72.0,72.0,72.0,72.0,72.0,72.0,72.0,72.0,72.0,72.0,72.0,72.0,72.0,72.0,72.0,72.0,72.0,72.0,72.0,72.0,72.0,72.0,72.0,72.0,72.0,72.0,72.0,72.0,72.0,72.0,72.0,72.0,72.0,72.0,72.0,72.0,72.0,72.0,72.0,72.0,72.0,72.0,72.0,72.0,72.0,72.0,72.0,72.0,72.0,72.0,72.0,72.0,72.0,72.0,72.0,72.0,72.0,72.0,72.0,72.0,72.0,72.0,72.0,72.0,72.0,72.0,72.0,72.0,72.0,72.0,72.0,72.0,72.0,72.0,72.0,72.0,72.0,72.0,72.0,72.0,72.0,72.0,72.0,72.0,72.0,72.0,72.0,72.0,72.0,72.0,72.0,72.0,72.0,72.0,72.0,72.0,72.0,72.0,72.0,,,,,,,,,72.0,72.0,72.0,72.0,72.0,72.0,72.0,72.0,72.0,72.0,72.0,72.0,72.0,72.0,72.0,72.0,72.0,72.0,72.0,72.0,72.0,72.0,72.0,72.0,72.0,72.0,72.0,72.0,72.0,72.0,72.0,72.0,72.0,72.0,72.0,72.0,72.0,72.0,72.0,72.0,72.0,72.0,72.0,72.0,72.0,72.0,72.0,72.0,72.0,72.0,72.0,72.0,72.0,72.0,72.0,72.0,72.0,72.0,72.0,72.0,72.0,72.0,72.0,72.0,72.0,72.0,72.0,72.0,72.0,72.0,72.0,72
1CBzh44IzfA,10425.0,10425.0,10425.0,10425.0,10425.0,10425.0,10425.0,10425.0,10425.0,10425.0,10425.0,10425.0,10425.0,10425.0,10425.0,10425.0,10425.0,10425.0,10425.0,10425.0,10425.0,10425.0,10425.0,10425.0,10425.0,10425.0,10425.0,10425.0,10425.0,10425.0,10425.0,10425.0,10425.0,10425.0,10425.0,10425.0,10425.0,10425.0,10425.0,10425.0,10425.0,10425.0,10425.0,10425.0,10425.0,10425.0,10425.0,10425.0,10425.0,10425.0,10425.0,10425.0,10425.0,10425.0,10425.0,10425.0,10425.0,10425.0,10425.0,10425.0,10425.0,10425.0,10425.0,10425.0,10425.0,10425.0,10425.0,10425.0,10425.0,10425.0,10425.0,10425.0,10425.0,10425.0,10425.0,10425.0,10425.0,10425.0,10425.0,10425.0,10425.0,10425.0,10425.0,10425.0,10425.0,10425.0,10425.0,10425.0,10425.0,10425.0,10425.0,10425.0,10425.0,10425.0,10425.0,10425.0,10425.0,10425.0,10425.0,10425.0,10425.0,10425.0,10425.0,10425.0,10425.0,10425.0,10425.0,10425.0,10425.0,10425.0,10425.0,10425.0,10425.0,10425.0,10425.0,10425.0,10425.0,10425.0,10425.0,10425.0,10425.0,10425.0,10425.0,10425.0,10425.0,10425.0,10425.0,10425.0,10425.0,10425.0,10425.0,10425.0,10425.0,10425.0,,,,,,,,,10425.0,10425.0,10425.0,10425.0,10425.0,10425.0,10425.0,10425.0,10425.0,10425.0,10425.0,10425.0,10425.0,10425.0,10425.0,10425.0,10425.0,10425.0,10425.0,10425.0,10425.0,10425.0,10425.0,10425.0,10425.0,10425.0,10425.0,10425.0,10425.0,10425.0,10425.0,10425.0,10425.0,10425.0,10425.0,10425.0,10425.0,10425.0,10425.0,10425.0,10425.0,10425.0,10425.0,10425.0,10425.0,10425.0,10425.0,10425.0,10425.0,10425.0,10425.0,10425.0,10425.0,10425.0,10425.0,10425.0,10425.0,10425.0,10425.0,10425.0,10425.0,10425.0,10425.0,10425.0,10425.0,10425.0,10425.0,10425.0,10425.0,10425.0,10425.0,10425
EA2H7zvkOUQ,,,,,,,,,,,,,,,,,,,,,,,,,,,,,,,,,,,,,,,,,,,,,,,,,,,,,,,,,,,,,,,,,,,,,,,,,,,,,,,,,,,,,,,,,,,,,,,,,,,,,,,,,,,,,,,,,,,,,,,,,,,,,,,,,,,,,,,,,,,,,,,,,,,,,,,,,,,,,,,,,,,,,,,,,,,,,,,,,,,,,,,,,,,,,,,,,,,,,,,,,,,,,,,,,,,,,,
pCltj0evfFE,39580.0,39583.0,39584.0,39587.0,39589.0,39591.0,39594.0,39596.0,39598.0,39605.0,39607.0,39609.0,39612.0,39615.0,39618.0,39618.0,39623.0,39625.0,39628.0,39630.0,39631.0,39632.0,39633.0,39637.0,39638.0,39644.0,39648.0,39650.0,39652.0,39654.0,39656.0,39655.0,39657.0,39658.0,39658.0,39661.0,39661.0,39664.0,39665.0,39668.0,39670.0,39672.0,39673.0,39676.0,39680.0,39684.0,39690.0,39694.0,39697.0,39700.0,39702.0,39703.0,39705.0,39707.0,39711.0,39718.0,39722.0,39733.0,39735.0,39736.0,39738.0,39742.0,39750.0,39756.0,39761.0,39764.0,39768.0,39772.0,39774.0,39774.0,39778.0,39779.0,39779.0,39782.0,39783.0,39789.0,39791.0,39793.0,39798.0,39801.0,39803.0,39806.0,39810.0,39814.0,39818.0,39822.0,39824.0,39829.0,39832.0,39832.0,39835.0,39837.0,39839.0,39839.0,39844.0,39848.0,39852.0,39857.0,39858.0,39862.0,39862.0,39864.0,39867.0,39870.0,39874.0,39881.0,39887.0,39890.0,39898.0,39903.0,39904.0,39911.0,39913.0,39918.0,39921.0,39927.0,39933.0,39938.0,39938.0,39941.0,39946.0,39947.0,39948.0,39950.0,39955.0,39956.0,39958.0,39959.0,39960.0,39962.0,39964.0,39966.0,39967.0,39968.0,,,,,,,,,40006.0,40009.0,40011.0,40013.0,40018.0,40026.0,40029.0,40030.0,40033.0,40038.0,40038.0,40041.0,40042.0,40045.0,40046.0,40049.0,40049.0,40051.0,40053.0,40055.0,40058.0,40059.0,40062.0,40065.0,40067.0,40071.0,40074.0,40080.0,40084.0,40086.0,40088.0,40091.0,40096.0,40102.0,40106.0,40107.0,40116.0,40120.0,40125.0,40131.0,40134.0,40138.0,40144.0,40145.0,40148.0,40154.0,40159.0,40160.0,40163.0,40167.0,40170.0,40173.0,40174.0,40177.0,40180.0,40184.0,40186.0,40190.0,40192.0,40195.0,40200.0,40206.0,40210.0,40213.0,40216.0,40220.0,40223.0,40227.0,40230.0,40232.0,40235.0,40235
UFdmGJFuYTI,33076.0,33082.0,33083.0,33086.0,33091.0,33094.0,33100.0,33104.0,33105.0,33106.0,33107.0,33110.0,33114.0,33117.0,33123.0,33129.0,33133.0,33135.0,33138.0,33140.0,33144.0,33145.0,33149.0,33152.0,33153.0,33155.0,33156.0,33156.0,33157.0,33163.0,33167.0,33172.0,33173.0,33177.0,33179.0,33180.0,33182.0,33184.0,33186.0,33186.0,33188.0,33191.0,33192.0,33196.0,33198.0,33199.0,33205.0,33207.0,33211.0,33211.0,33214.0,33214.0,33217.0,33217.0,33217.0,33218.0,33221.0,33222.0,33226.0,33228.0,33232.0,33234.0,33234.0,33234.0,33236.0,33238.0,33243.0,33245.0,33245.0,33247.0,33248.0,33249.0,33250.0,33253.0,33254.0,33254.0,33255.0,33256.0,33258.0,33258.0,33260.0,33262.0,33263.0,33267.0,33271.0,33271.0,33271.0,33272.0,33273.0,33273.0,33274.0,33277.0,33277.0,33278.0,33280.0,33282.0,33291.0,33296.0,33300.0,33309.0,33312.0,33316.0,33319.0,33322.0,33324.0,33327.0,33332.0,33333.0,33335.0,33339.0,33353.0,33358.0,33365.0,33379.0,33393.0,33398.0,33400.0,33394.0,33398.0,33411.0,33416.0,33419.0,33431.0,33439.0,33449.0,33456.0,33461.0,33478.0,33488.0,33490.0,33500.0,33512.0,33518.0,33529.0,,,,,,,,,33608.0,33617.0,33624.0,33636.0,33642.0,33650.0,33654.0,33664.0,33677.0,33687.0,33697.0,33703.0,33711.0,33713.0,33726.0,33737.0,33751.0,33762.0,33776.0,33782.0,33788.0,33792.0,33800.0,33805.0,33817.0,33824.0,33837.0,33837.0,33838.0,33841.0,33845.0,33852.0,33855.0,33860.0,33866.0,33871.0,33872.0,33878.0,33889.0,33896.0,33906.0,33914.0,33921.0,33929.0,33932.0,33948.0,33957.0,33969.0,33981.0,33991.0,33995.0,34001.0,34011.0,34027.0,34037.0,34045.0,34064.0,34072.0,34079.0,34086.0,34094.0,34103.0,34107.0,34111.0,34114.0,34115.0,34121.0,34126.0,34132.0,34139.0,34147.0,34151
Dg5vkzqzr58,973062.0,973294.0,973513.0,973766.0,974024.0,974272.0,974525.0,974713.0,974883.0,975071.0,975248.0,975439.0,975646.0,975892.0,976134.0,976380.0,976640.0,976838.0,977056.0,977314.0,977572.0,977874.0,978132.0,978344.0,978606.0,978834.0,979031.0,979263.0,979511.0,979808.0,980065.0,980346.0,980585.0,980855.0,981205.0,981468.0,981770.0,982122.0,982380.0,982628.0,982901.0,983125.0,983419.0,983693.0,983968.0,984164.0,984439.0,984726.0,984969.0,985229.0,985454.0,985716.0,985928.0,986181.0,986438.0,986661.0,986899.0,987137.0,987346.0,987538.0,987758.0,987942.0,988147.0,988361.0,988548.0,988703.0,988863.0,989001.0,989108.0,989289.0,989442.0,989609.0,989744.0,989894.0,990034.0,990238.0,990429.0,990596.0,990769.0,991008.0,991188.0,991411.0,991613.0,991841.0,992027.0,992228.0,992385.0,992553.0,992706.0,992891.0,993048.0,993234.0,993409.0,993560.0,993712.0,993868.0,994054.0,994252.0,994449.0,994644.0,994782.0,994951.0,995137.0,995310.0,995532.0,995723.0,995926.0,996099.0,996255.0,996426.0,996601.0,996783.0,996958.0,997147.0,997323.0,997468.0,997631.0,997875.0,998061.0,998208.0,998401.0,998603.0,998757.0,998902.0,999073.0,999284.0,999475.0,999735.0,999894.0,1000045.0,1000236.0,1000451.0,1000643.0,1000880.0,,,,,,,,,1002854.0,1003032.0,1003281.0,1003485.0,1003694.0,1003952.0,1004211.0,1004417.0,1004593.0,1004837.0,1005052.0,1005288.0,1005512.0,1005792.0,1006050.0,1006255.0,1006536.0,1006843.0,1007163.0,1007411.0,1007657.0,1007860.0,1008085.0,1008292.0,1008443.0,1008672.0,1008861.0,1009127.0,1009319.0,1009521.0,1009750.0,1010015.0,1010298.0,1010527.0,1010780.0,1010963.0,1011148.0,1011410.0,1011629.0,1011832.0,1012071.0,1012312.0,1012528.0,1012702.0,1012951.0,1013186.0,1013477.0,1013747.0,1013992.0,1014200.0,1014401.0,1014606.0,1014784.0,1015000.0,1015227.0,1015412.0,1015575.0,1015740.0,1015941.0,1016144.0,1016388.0,1016550.0,1016736.0,1016899.0,1017094.0,1017249.0,1017451.0,1017669.0,1017850.0,1018037.0,1018220.0,1018373
MVazhsruf5w,709251.0,709504.0,709849.0,710120.0,710368.0,710692.0,710978.0,711356.0,711687.0,712029.0,712293.0,712595.0,712909.0,713246.0,713621.0,714065.0,714436.0,714745.0,715092.0,715522.0,715865.0,716321.0,716749.0,717110.0,717388.0,717846.0,718224.0,718666.0,719058.0,719430.0,719797.0,720107.0,720442.0,720814.0,721196.0,721695.0,722188.0,722726.0,723178.0,723761.0,724424.0,725191.0,726130.0,727165.0,728376.0,729608.0,731025.0,732737.0,734787.0,736681.0,738801.0,740713.0,742191.0,743842.0,745447.0,747085.0,748835.0,750845.0,752735.0,754468.0,756489.0,758614.0,760677.0,762682.0,764762.0,766432.0,768122.0,770006.0,771594.0,773530.0,775333.0,777111.0,778728.0,780085.0,781670.0,783223.0,784627.0,786249.0,787892.0,789386.0,790446.0,792080.0,793644.0,795464.0,797091.0,798672.0,800131.0,801417.0,802722.0,804031.0,805568.0,806900.0,808477.0,809901.0,811264.0,812621.0,813995.0,815553.0,816982.0,818451.0,819776.0,820888.0,822114.0,823277.0,824339.0,825304.0,826347.0,827539.0,828511.0,829518.0,830633.0,831516.0,832498.0,833571.0,834516.0,835340.0,836182.0,836980.0,837821.0,838723.0,839623.0,840337.0,841093.0,841845.0,842495.0,843130.0,843835.0,844545.0,845185.0,845770.0,846466.0,847120.0,847865.0,848558.0,,,,,,,,,855080.0,855530.0,856145.0,856687.0,857366.0,857997.0,858615.0,859252.0,859799.0,860424.0,861082.0,861944.0,862660.0,863495.0,864280.0,864863.0,865467.0,866003.0,866690.0,867427.0,867968.0,868470.0,868980.0,869407.0,869869.0,870274.0,870928.0,871673.0,872659.0,873565.0,874400.0,875298.0,876390.0,877283.0,878395.0,879381.0,880200.0,881069.0,881911.0,882787.0,883542.0,884307.0,885041.0,885596.0,886290.0,887031.0,887695.0,888324.0,888951.0,889513.0,889992.0,890582.0,891165.0,891804.0,892438.0,892992.0,893591.0,894067.0,894542.0,895060.0,895540.0,895983.0,896487.0,897011.0,897476.0,897981.0,898518.0,899075.0,899549.0,900022.0,900520.0,900977
WwyrLOjQ1NM,477901.0,477929.0,477984.0,478003.0,478020.0,478031.0,478045.0,478068.0,478093.0,478119.0,478148.0,478167.0,478181.0,478198.0,478225.0,478251.0,478271.0,478293.0,478309.0,478332.0,478354.0,478394.0,478430.0,478459.0,478486.0,478502.0,478528.0,478548.0,478574.0,478603.0,478625.0,478655.0,478678.0,478701.0,478719.0,478746.0,478771.0,478797.0,478822.0,478836.0,478866.0,478908.0,478941.0,478970.0,479024.0,479096.0,479151.0,479222.0,479288.0,479375.0,479442.0,479553.0,479613.0,479719.0,479780.0,479882.0,479964.0,480054.0,480146.0,480234.0,480340.0,480424.0,480516.0,480576.0,480656.0,480719.0,480791.0,480848.0,480907.0,480989.0,481054.0,481124.0,481198.0,481274.0,481334.0,481383.0,481453.0,481521.0,481574.0,481635.0,481701.0,481746.0,481797.0,481854.0,481888.0,481940.0,482007.0,482057.0,482102.0,482143.0,482187.0,482225.0,482258.0,482306.0,482355.0,482401.0,482434.0,482471.0,482510.0,482574.0,482623.0,482673.0,482701.0,482739.0,482818.0,482890.0,482943.0,482990.0,483028.0,483050.0,483093.0,483142.0,483176.0,483203.0,483237.0,483264.0,483296.0,483325.0,483352.0,483388.0,483411.0,483444.0,483488.0,483519.0,483549.0,483580.0,483622.0,483643.0,483667.0,483687.0,483714.0,483742.0,483760.0,483780.0,,,,,,,,,483962.0,483982.0,483999.0,484011.0,484033.0,484056.0,484071.0,484082.0,484097.0,484112.0,484134.0,484151.0,484170.0,484183.0,484195.0,484207.0,484223.0,484240.0,484260.0,484270.0,484289.0,484317.0,484331.0,484337.0,484347.0,484365.0,484389.0,484421.0,484482.0,484563.0,484604.0,484656.0,484739.0,484873.0,484954.0,485066.0,485165.0,485243.0,485320.0,485377.0,485473.0,485526.0,485581.0,485621.0,485665.0,485716.0,485766.0,485813.0,485880.0,485952.0,486046.0,486121.0,486204.0,486280.0,486340.0,486398.0,486454.0,486542.0,486578.0,486627.0,486717.0,486769.0,486837.0,486880.0,486945.0,486994.0,487057.0,487119.0,487192.0,487264.0,487328.0,487359
YjR1SGUR9UU,3421656.0,3425391.0,3430178.0,3434452.0,3438387.0,3444364.0,3449296.0,3454570.0,3459959.0,3467072.0,3473254.0,3478314.0,3482883.0,3486894.0,3490596.0,3494174.0,3498219.0,3502019.0,3505161.0,3508263.0,3511471.0,3514834.0,3518272.0,3522221.0,3526646.0,3530364.0,3534010.0,3537300.0,3540985.0,3544621.0,3548471.0,3551590.0,3554779.0,3557930.0,3561145.0,3564183.0,3567300.0,3570949.0,3574439.0,3578399.0,3584740.0,3589309.0,3593344.0,3597401.0,3603911.0,3609166.0,3613101.0,3616856.0,3620527.0,3623957.0,3627128.0,3631468.0,3635239.0,3638861.0,3642227.0,3645050.0,3648171.0,3651575.0,3655010.0,3658011.0,3660923.0,3663841.0,3666820.0,3669696.0,3672365.0,3674952.0,3677344.0,3680007.0,3682512.0,3685740.0,3688580.0,3691196.0,3693551.0,3696269.0,3698957.0,3701489.0,3704205.0,3706955.0,3709415.0,3711857.0,3714154.0,3716828.0,3719404.0,3722074.0,3724672.0,3727454.0,3730116.0,3732481.0,3734751.0,3736903.0,3739258.0,3741451.0,3743734.0,3746479.0,3748947.0,3751251.0,3754315.0,3757162.0,3759994.0,3763081.0,3766455.0,3770359.0,3773544.0,3776302.0,3779217.0,3782091.0,3784933.0,3788217.0,3791517.0,3794524.0,3797711.0,3800896.0,3803970.0,3806935.0,3809987.0,3812660.0,3815084.0,3817545.0,3820083.0,3822431.0,3824754.0,3827123.0,3829335.0,3831515.0,3833642.0,3835736.0,3837763.0,3839836.0,3842041.0,3844200.0,3846409.0,3849487.0,3852292.0,3854953.0,,,,,,,,,3881521.0,3884232.0,3886666.0,3888665.0,3890727.0,3892835.0,3894964.0,3897204.0,3899521.0,3901491.0,3903396.0,3905376.0,3907441.0,3909354.0,3911096.0,3912816.0,3914221.0,3915889.0,3917475.0,3919320.0,3921396.0,3923747.0,3926170.0,3928271.0,3930457.0,3932491.0,3934791.0,3937002.0,3939281.0,3941581.0,3943828.0,3945884.0,3947952.0,3949951.0,3951930.0,3954045.0,3956150.0,3957942.0,3959915.0,3961853.0,3964076.0,3966154.0,3969245.0,3971658.0,3973912.0,3976176.0,3978875.0,3981249.0,3983485.0,3985810.0,3987978.0,3989968.0,3991846.0,3993919.0,3995999.0,3998170.0,4000641.0,4002797.0,4004731.0,4006762.0,4008908.0,4011127.0,4013011.0,4015372.0,4017563.0,4019930.0,4022204.0,4024292.0,4026201.0,4028232.0,4030380.0,4032814
E_0AOHXcw_8,3136055.0,3137885.0,3139956.0,3142004.0,3143875.0,3145991.0,3147874.0,3149576.0,3151591.0,3153629.0,3155565.0,3157147.0,3158739.0,3160299.0,3161913.0,3163433.0,3165233.0,3166920.0,3168414.0,3169853.0,3171452.0,3173013.0,3174806.0,3176543.0,3178382.0,3180136.0,3181932.0,3183706.0,3185435.0,3187080.0,3189001.0,3190729.0,3192400.0,3194238.0,3196134.0,3197926.0,3199690.0,3201825.0,3203868.0,3205815.0,3208122.0,3210229.0,3212237.0,3214229.0,3216680.0,3219354.0,3222246.0,3224731.0,3226987.0,3229015.0,3230945.0,3233018.0,3235027.0,3237171.0,3239468.0,3241384.0,3243337.0,3245138.0,3246748.0,3248300.0,3249860.0,3251448.0,3252952.0,3254525.0,3255983.0,3257313.0,3258669.0,3259948.0,3261045.0,3262684.0,3264041.0,3265398.0,3266655.0,3267836.0,3269103.0,3270365.0,3271779.0,3273210.0,3274723.0,3276180.0,3277650.0,3279023.0,3280391.0,3281759.0,3283096.0,3284584.0,3286201.0,3287656.0,3289009.0,3290337.0,3291603.0,3292873.0,3294163.0,3295683.0,3296905.0,3298425.0,3299898.0,3301507.0,3304139.0,3305841.0,3307449.0,3309122.0,3310419.0,3311807.0,3313153.0,3314687.0,3316104.0,3317641.0,3318995.0,3320267.0,3322117.0,3323561.0,3325107.0,3326510.0,3327725.0,3329152.0,3330476.0,3332012.0,3333498.0,3334786.0,3336144.0,3337355.0,3338753.0,3339935.0,3341131.0,3342292.0,3343373.0,3344573.0,3345938.0,3347238.0,3348797.0,3350203.0,3351624.0,3352893.0,,,,,,,,,3368074.0,3369941.0,3371676.0,3373301.0,3375005.0,3376573.0,3378262.0,3379830.0,3381350.0,3382787.0,3384164.0,3385751.0,3387542.0,3389113.0,3390563.0,3392133.0,3393717.0,3395510.0,3397177.0,3398794.0,3400663.0,3402564.0,3404332.0,3405915.0,3407445.0,3409018.0,3410550.0,3412091.0,3413578.0,3415065.0,3416476.0,3417729.0,3418945.0,3420190.0,3421433.0,3422701.0,3423953.0,3425068.0,3426439.0,3427648.0,3428905.0,3430094.0,3431370.0,3432763.0,3434164.0,3435518.0,3436730.0,3438279.0,3439678.0,3441066.0,3442281.0,3443465.0,3444632.0,3445823.0,3446996.0,3448133.0,3449274.0,3450266.0,3451126.0,3452298.0,3453362.0,3454452.0,3455421.0,3456446.0,3457457.0,3458539.0,3459630.0,3460656.0,3461742.0,3462998.0,3464384.0,3466518
t1JQ8SaszJY,2939599.0,2941392.0,2943188.0,2945545.0,2948004.0,2950719.0,2953167.0,2955656.0,2958245.0,2959971.0,2961720.0,2963944.0,2966166.0,2968483.0,2970884.0,2973148.0,2975301.0,2977389.0,2979395.0,2981334.0,2983495.0,2985704.0,2987719.0,2989726.0,2991691.0,2993538.0,2995750.0,2997766.0,2999762.0,3001836.0,3003977.0,3005648.0,3007982.0,3010191.0,3012008.0,3013966.0,3015826.0,3017476.0,3018948.0,3020425.0,3021920.0,3023464.0,3025152.0,3026655.0,3027981.0,3029697.0,3031476.0,3033260.0,3034818.0,3036361.0,3037859.0,3039475.0,3041066.0,3043092.0,3044629.0,3046062.0,3047461.0,3048968.0,3050678.0,3052022.0,3053207.0,3054550.0,3055874.0,3057364.0,3058965.0,3060444.0,3061770.0,3063012.0,3064044.0,3065388.0,3066724.0,3068211.0,3069527.0,3070807.0,3072276.0,3074060.0,3075861.0,3077513.0,3079376.0,3080830.0,3082277.0,3083810.0,3085732.0,3087340.0,3089362.0,3091342.0,3093186.0,3094856.0,3096650.0,3098205.0,3100122.0,3101755.0,3102962.0,3104655.0,3106050.0,3107520.0,3108984.0,3110520.0,3112015.0,3113834.0,3115905.0,3117570.0,3120030.0,3122666.0,3124998.0,3126687.0,3128517.0,3130407.0,3132264.0,3134189.0,3136156.0,3138412.0,3140675.0,3142930.0,3145199.0,3147155.0,3149417.0,3152047.0,3154649.0,3156736.0,3158690.0,3160484.0,3162053.0,3163898.0,3166234.0,3168505.0,3170727.0,3173161.0,3175626.0,3177889.0,3180227.0,3182388.0,3184519.0,3187204.0,,,,,,,,,3209598.0,3211787.0,3214115.0,3215997.0,3218133.0,3220022.0,3221852.0,3223960.0,3226671.0,3229269.0,3231866.0,3234768.0,3236972.0,3239111.0,3241205.0,3242897.0,3244974.0,3247097.0,3249232.0,3251596.0,3254451.0,3257601.0,3260209.0,3262850.0,3265570.0,3268381.0,3271020.0,3273856.0,3276567.0,3279028.0,3281468.0,3283920.0,3286650.0,3289620.0,3292450.0,3295400.0,3297968.0,3300592.0,3303360.0,3305651.0,3308150.0,3311006.0,3313860.0,3316388.0,3318956.0,3321492.0,3324218.0,3326726.0,3329322.0,3331979.0,3334548.0,3337243.0,3340239.0,3342900.0,3345342.0,3348400.0,3351214.0,3353506.0,3356293.0,3359056.0,3361570.0,3364248.0,3367062.0,3369784.0,3372451.0,3375371.0,3377947.0,3380377.0,3382967.0,3385958.0,3389417.0,3393062
K0WGATUrGC4,1816060.0,1819279.0,1822539.0,1825684.0,1828852.0,1831951.0,1834978.0,1837815.0,1840959.0,1844046.0,1847356.0,1850295.0,1853438.0,1856264.0,1859165.0,1861783.0,1864570.0,1867105.0,1869596.0,1871873.0,1874321.0,1876829.0,1879132.0,1881729.0,1883963.0,1886573.0,1889197.0,1891530.0,1893839.0,1896219.0,1899022.0,1901370.0,1903984.0,1906753.0,1909379.0,1911819.0,1914508.0,1917497.0,1920217.0,1922673.0,1925111.0,1927469.0,1930060.0,1932896.0,1935881.0,1939246.0,1942645.0,1945838.0,1948862.0,1951983.0,1955065.0,1957974.0,1960623.0,1963127.0,1965587.0,1967777.0,1970092.0,1972544.0,1975170.0,1977258.0,1979405.0,1981515.0,1983737.0,1986356.0,1989155.0,1991627.0,1993736.0,1995729.0,1997486.0,2000551.0,2002885.0,2005106.0,2007126.0,2008975.0,2011386.0,2013581.0,2015733.0,2017807.0,2019980.0,2021915.0,2023704.0,2025676.0,2027777.0,2030090.0,2032367.0,2034639.0,2037150.0,2039683.0,2042111.0,2044691.0,2046797.0,2049014.0,2051282.0,2053701.0,2055882.0,2057875.0,2059950.0,2062165.0,2064494.0,2066725.0,2068978.0,2072659.0,2075593.0,2078308.0,2080998.0,2083315.0,2085632.0,2087802.0,2089839.0,2091954.0,2094057.0,2096346.0,2098545.0,2100776.0,2103190.0,2105574.0,2108678.0,2111923.0,2115170.0,2117438.0,2119581.0,2121920.0,2123560.0,2126396.0,2130179.0,2133896.0,2137604.0,2141066.0,2144338.0,2147337.0,2149447.0,2151366.0,2153307.0,2155442.0,,,,,,,,,2177350.0,2180225.0,2182693.0,2185335.0,2187627.0,2189859.0,2191734.0,2194133.0,2196821.0,2199240.0,2201796.0,2204492.0,2206891.0,2209255.0,2211755.0,2213724.0,2215984.0,2218268.0,2220664.0,2223287.0,2225836.0,2229062.0,2232080.0,2235051.0,2237830.0,2240790.0,2243875.0,2246767.0,2250069.0,2253059.0,2255815.0,2258471.0,2261301.0,2264238.0,2267116.0,2270352.0,2273088.0,2275584.0,2278393.0,2280911.0,2283589.0,2286493.0,2289361.0,2292086.0,2294876.0,2297586.0,2300539.0,2303704.0,2306852.0,2309975.0,2312606.0,2315250.0,2317922.0,2320965.0,2324061.0,2326976.0,2330138.0,2332720.0,2335563.0,2338285.0,2340837.0,2343483.0,2346321.0,2349138.0,2351638.0,2354388.0,2357074.0,2359458.0,2361896.0,2364780.0,2367566.0,2371286
rl-LajD_yIk,2568198.0,2569831.0,2572051.0,2574006.0,2575791.0,2577842.0,2579517.0,2581227.0,2583120.0,2585316.0,2587298.0,2588946.0,2590549.0,2592245.0,2593932.0,2595644.0,2597482.0,2599273.0,2600952.0,2602440.0,2604035.0,2605704.0,2607412.0,2609377.0,2611360.0,2613130.0,2614946.0,2616676.0,2618446.0,2620165.0,2622083.0,2623745.0,2625385.0,2626934.0,2628790.0,2630434.0,2632067.0,2633808.0,2635458.0,2636968.0,2641783.0,2646979.0,2652222.0,2655949.0,2659475.0,2662937.0,2665852.0,2668636.0,2670951.0,2672948.0,2674680.0,2676714.0,2678538.0,2680330.0,2681885.0,2683383.0,2684989.0,2686397.0,2688202.0,2689825.0,2691275.0,2692780.0,2694287.0,2695827.0,2697379.0,2698804.0,2700180.0,2701574.0,2702975.0,2704550.0,2706034.0,2707496.0,2708884.0,2710255.0,2711634.0,2713163.0,2714941.0,2716811.0,2718771.0,2720618.0,2722267.0,2723584.0,2725211.0,2726670.0,2728047.0,2729629.0,2731251.0,2732542.0,2733826.0,2735247.0,2736593.0,2738012.0,2739510.0,2741336.0,2743006.0,2744351.0,2745837.0,2747270.0,2748922.0,2750402.0,2752062.0,2753926.0,2755550.0,2756898.0,2758232.0,2759743.0,2761119.0,2762758.0,2764354.0,2765796.0,2767413.0,2768934.0,2770405.0,2771745.0,2773048.0,2774383.0,2775699.0,2776986.0,2778389.0,2779650.0,2780828.0,2782109.0,2783293.0,2784435.0,2785383.0,2786691.0,2787954.0,2789201.0,2790594.0,2791862.0,2793055.0,2794484.0,2795788.0,2797110.0,,,,,,,,,2810092.0,2811551.0,2812846.0,2814141.0,2815618.0,2817160.0,2818721.0,2820192.0,2821761.0,2822943.0,2824143.0,2825264.0,2826682.0,2827964.0,2829053.0,2830461.0,2831591.0,2832846.0,2834036.0,2835272.0,2836458.0,2837835.0,2839207.0,2840523.0,2841799.0,2842962.0,2844233.0,2845440.0,2846640.0,2847848.0,2848952.0,2849975.0,2851099.0,2852245.0,2853409.0,2854620.0,2855764.0,2856807.0,2857938.0,2859059.0,2860232.0,2861365.0,2862880.0,2864171.0,2865452.0,2866600.0,2867739.0,2869128.0,2870492.0,2871869.0,2873044.0,2874120.0,2875257.0,2876447.0,2877633.0,2878904.0,2880170.0,2881202.0,2882292.0,2883328.0,2884590.0,2885793.0,2886781.0,2888030.0,2889149.0,2890268.0,2891584.0,2892612.0,2893873.0,2895099.0,2896387.0,2897880
WoQsQTIQpEA,3998.0,3999.0,3999.0,3999.0,3999.0,3999.0,4000.0,4001.0,4001.0,4001.0,4002.0,4003.0,4003.0,4003.0,4003.0,4003.0,4003.0,4003.0,4003.0,4003.0,4003.0,4003.0,4003.0,4003.0,4004.0,4005.0,4005.0,4005.0,4005.0,4005.0,4005.0,4005.0,4006.0,4006.0,4006.0,4006.0,4007.0,4007.0,4007.0,4007.0,4007.0,4007.0,4007.0,4007.0,4008.0,4008.0,4008.0,4008.0,4008.0,4008.0,4008.0,4009.0,4009.0,4009.0,4009.0,4009.0,4009.0,4009.0,4009.0,4009.0,4009.0,4009.0,4009.0,4009.0,4010.0,4010.0,4010.0,4010.0,4011.0,4011.0,4012.0,4012.0,4013.0,4014.0,4014.0,4014.0,4014.0,4014.0,4014.0,4014.0,4014.0,4014.0,4014.0,4014.0,4014.0,4014.0,4014.0,4014.0,4014.0,4014.0,4014.0,4014.0,4014.0,4018.0,4018.0,4018.0,4018.0,4018.0,4018.0,4019.0,4019.0,4019.0,4019.0,4019.0,4019.0,4020.0,4021.0,4021.0,4021.0,4021.0,4021.0,4021.0,4021.0,4021.0,4021.0,4021.0,4021.0,4021.0,4021.0,4021.0,4021.0,4021.0,4021.0,4021.0,4022.0,4022.0,4022.0,4022.0,4023.0,4023.0,4023.0,4023.0,4024.0,4025.0,,,,,,,,,4026.0,4026.0,4026.0,4026.0,4026.0,4027.0,4027.0,4027.0,4029.0,4029.0,4029.0,4029.0,4029.0,4030.0,4030.0,4030.0,4031.0,4031.0,4031.0,4032.0,4034.0,4034.0,4034.0,4034.0,4034.0,4034.0,4034.0,4035.0,4035.0,4035.0,4035.0,4035.0,4035.0,4035.0,4035.0,4035.0,4035.0,4035.0,4035.0,4035.0,4035.0,4035.0,4035.0,4035.0,4035.0,4035.0,4035.0,4035.0,4036.0,4036.0,4036.0,4037.0,4037.0,4037.0,4038.0,4038.0,4038.0,4038.0,4038.0,4038.0,4038.0,4038.0,4038.0,4038.0,4038.0,4038.0,4039.0,4039.0,4039.0,4039.0,4039.0,4039
d_x3lSo0gCE,363634.0,363679.0,363717.0,363758.0,363800.0,363837.0,363884.0,363946.0,364006.0,364058.0,364123.0,364178.0,364252.0,364294.0,364328.0,364374.0,364428.0,364467.0,364525.0,364557.0,364608.0,364643.0,364700.0,364753.0,364801.0,364866.0,364909.0,364962.0,365030.0,365092.0,365137.0,365186.0,365236.0,365275.0,365324.0,365378.0,365404.0,365448.0,365502.0,365539.0,365593.0,365626.0,365660.0,365695.0,365736.0,365773.0,365814.0,365855.0,365904.0,365951.0,366002.0,366037.0,366084.0,366143.0,366207.0,366264.0,366323.0,366362.0,366401.0,366449.0,366506.0,366561.0,366608.0,366662.0,366709.0,366752.0,366792.0,366832.0,366876.0,366918.0,366957.0,366996.0,367039.0,367060.0,367087.0,367129.0,367173.0,367225.0,367266.0,367321.0,367369.0,367404.0,367451.0,367507.0,367556.0,367603.0,367650.0,367684.0,367719.0,367772.0,367803.0,367865.0,367928.0,367968.0,368008.0,368056.0,368108.0,368156.0,368203.0,368259.0,368304.0,368344.0,368389.0,368431.0,368483.0,368541.0,368611.0,368645.0,368671.0,368716.0,368755.0,368806.0,368843.0,368901.0,368940.0,368973.0,369018.0,369067.0,369113.0,369169.0,369214.0,369253.0,369285.0,369323.0,369375.0,369418.0,369473.0,369527.0,369580.0,369629.0,369687.0,369739.0,369772.0,369824.0,,,,,,,,,370278.0,370322.0,370374.0,370414.0,370464.0,370519.0,370559.0,370603.0,370636.0,370693.0,370742.0,370784.0,370824.0,370852.0,370881.0,370917.0,370969.0,371000.0,371022.0,371057.0,371093.0,371131.0,371163.0,371213.0,371249.0,371290.0,371330.0,371391.0,371435.0,371499.0,371562.0,371609.0,371655.0,371697.0,371733.0,371767.0,371801.0,371832.0,371883.0,371933.0,371966.0,372008.0,372033.0,372058.0,372086.0,372124.0,372153.0,372178.0,372219.0,372254.0,372299.0,372335.0,372378.0,372432.0,372482.0,372535.0,372566.0,372598.0,372630.0,372669.0,372702.0,372719.0,372762.0,372788.0,372814.0,372839.0,372879.0,372923.0,372947.0,372984.0,373027.0,373057
tVKG8hOZmUI,28431.0,28443.0,28455.0,28467.0,28483.0,28497.0,28512.0,28524.0,28540.0,28556.0,28571.0,28585.0,28609.0,28641.0,28674.0,28693.0,28714.0,28727.0,28741.0,28753.0,28765.0,28778.0,28789.0,28802.0,28814.0,28832.0,28858.0,28884.0,28899.0,28921.0,28934.0,28947.0,28958.0,28969.0,28975.0,28994.0,29007.0,29030.0,29040.0,29055.0,29069.0,29085.0,29094.0,29112.0,29124.0,29147.0,29162.0,29173.0,29182.0,29193.0,29201.0,29218.0,29226.0,29236.0,29249.0,29267.0,29274.0,29289.0,29308.0,29316.0,29330.0,29339.0,29350.0,29362.0,29382.0,29402.0,29416.0,29429.0,29437.0,29451.0,29461.0,29469.0,29480.0,29484.0,29494.0,29510.0,29520.0,29533.0,29550.0,29558.0,29575.0,29585.0,29593.0,29606.0,29622.0,29639.0,29656.0,29668.0,29681.0,29691.0,29695.0,29702.0,29716.0,29725.0,29734.0,29739.0,29757.0,29771.0,29783.0,29788.0,29799.0,29810.0,29826.0,29845.0,29858.0,29884.0,29902.0,29916.0,29927.0,29939.0,29948.0,29961.0,29976.0,29986.0,29998.0,30010.0,30017.0,30023.0,30034.0,30043.0,30053.0,30068.0,30078.0,30090.0,30094.0,30097.0,30111.0,30120.0,30129.0,30140.0,30155.0,30170.0,30181.0,30196.0,,,,,,,,,30312.0,30323.0,30329.0,30341.0,30351.0,30357.0,30361.0,30374.0,30392.0,30402.0,30411.0,30419.0,30431.0,30431.0,30439.0,30451.0,30462.0,30470.0,30476.0,30490.0,30500.0,30506.0,30510.0,30522.0,30528.0,30541.0,30551.0,30558.0,30559.0,30567.0,30571.0,30581.0,30594.0,30609.0,30620.0,30627.0,30639.0,30654.0,30660.0,30676.0,30689.0,30698.0,30705.0,30714.0,30726.0,30738.0,30757.0,30773.0,30778.0,30783.0,30791.0,30803.0,30809.0,30815.0,30827.0,30839.0,30846.0,30854.0,30859.0,30863.0,30869.0,30874.0,30883.0,30898.0,30909.0,30912.0,30931.0,30940.0,30948.0,30957.0,30974.0,30977
BZ-4GsovYZ8,200037.0,200069.0,200087.0,200110.0,200130.0,200158.0,200176.0,200196.0,200219.0,200235.0,200259.0,200283.0,200315.0,200342.0,200372.0,200390.0,200417.0,200445.0,200470.0,200497.0,200531.0,200564.0,200605.0,200634.0,200663.0,200684.0,200722.0,200748.0,200780.0,200802.0,200829.0,200855.0,200873.0,200899.0,200934.0,200968.0,200989.0,201005.0,201016.0,201035.0,201065.0,201086.0,201105.0,201124.0,201144.0,201162.0,201191.0,201227.0,201253.0,201270.0,201291.0,201305.0,201333.0,201349.0,201365.0,201391.0,201413.0,201430.0,201442.0,201462.0,201478.0,201500.0,201530.0,201553.0,201574.0,201591.0,201608.0,201621.0,201637.0,201671.0,201692.0,201715.0,201725.0,201744.0,201759.0,201776.0,201794.0,201816.0,201833.0,201850.0,201866.0,201880.0,201897.0,201921.0,201942.0,201960.0,201980.0,201994.0,202012.0,202026.0,202043.0,202054.0,202066.0,202086.0,202113.0,202133.0,202150.0,202169.0,202190.0,202208.0,202228.0,202245.0,202265.0,202284.0,202296.0,202314.0,202328.0,202350.0,202371.0,202383.0,202393.0,202414.0,202436.0,202452.0,202463.0,202469.0,202475.0,202505.0,202517.0,202529.0,202543.0,202561.0,202578.0,202594.0,202620.0,202646.0,202665.0,202683.0,202703.0,202740.0,202771.0,202797.0,202813.0,202846.0,,,,,,,,,203038.0,203058.0,203077.0,203088.0,203105.0,203114.0,203133.0,203148.0,203159.0,203177.0,203192.0,203204.0,203220.0,203235.0,203253.0,203263.0,203272.0,203286.0,203296.0,203310.0,203321.0,203340.0,203355.0,203368.0,203385.0,203397.0,203412.0,203425.0,203440.0,203454.0,203470.0,203484.0,203501.0,203517.0,203536.0,203551.0,203563.0,203579.0,203591.0,203609.0,203616.0,203633.0,203649.0,203662.0,203686.0,203702.0,203712.0,203732.0,203756.0,203769.0,203794.0,203807.0,203825.0,203838.0,203853.0,203863.0,203878.0,203893.0,203904.0,203936.0,203949.0,203965.0,203982.0,204009.0,204020.0,204033.0,204061.0,204085.0,204106.0,204127.0,204140.0,204156
bo-CdHtG1uY,,,,,,,,,,,,,,,,,,,,,,,,,,,,,,,,,,,,,,,,,,,,,,,,,,,,,,,,,,,,,,,,,,,,,,,,,,,,,,,,,,,,,,,,,,,,,,,,,,,,,,,,,,,,,,,,,,,,,,,,,,,,,,,,,,,,,,,,,,,,,,,,,,,,,,,,,,,,,,,,,,,,,,,,,,,,,,,,,,,,,,,,,,,,,,,,,,,,,,,,,,,,,,,,,,,,,,
tUEraaV5inc,3025078.0,3025297.0,3025583.0,3025872.0,3026151.0,3026526.0,3026835.0,3027129.0,3027480.0,3027820.0,3028139.0,3028409.0,3028735.0,3029003.0,3029299.0,3029565.0,3029808.0,3030012.0,3030262.0,3030535.0,3030792.0,3031061.0,3031336.0,3031568.0,3031804.0,3032040.0,3032270.0,3032557.0,3032825.0,3033108.0,3033342.0,3033567.0,3033835.0,3034084.0,3034341.0,3034588.0,3034860.0,3035105.0,3035318.0,3035557.0,3035818.0,3036051.0,3036344.0,3036626.0,3036883.0,3037132.0,3037367.0,3037623.0,3037895.0,3038131.0,3038377.0,3038656.0,3038876.0,3039118.0,3039350.0,3039616.0,3039874.0,3040128.0,3040370.0,3040632.0,3041040.0,3041391.0,3041766.0,3042029.0,3042346.0,3042570.0,3042778.0,3043040.0,3043280.0,3043622.0,3043898.0,3044173.0,3044388.0,3044610.0,3044891.0,3045132.0,3045484.0,3045759.0,3046062.0,3046365.0,3046655.0,3046953.0,3047212.0,3047480.0,3047753.0,3048024.0,3048245.0,3048470.0,3048750.0,3049000.0,3049281.0,3049563.0,3049784.0,3050019.0,3050245.0,3050572.0,3050848.0,3051131.0,3051374.0,3051626.0,3051853.0,3052095.0,3052354.0,3052582.0,3052802.0,3053045.0,3053299.0,3053520.0,3053739.0,3054004.0,3054341.0,3054649.0,3054899.0,3055203.0,3055435.0,3055639.0,3055928.0,3056283.0,3056560.0,3056840.0,3057106.0,3057331.0,3057545.0,3057804.0,3058060.0,3058321.0,3058579.0,3058896.0,3059138.0,3059352.0,3059575.0,3059839.0,3060122.0,3060371.0,,,,,,,,,3062658.0,3062898.0,3063140.0,3063394.0,3063619.0,3063885.0,3064164.0,3064416.0,3064636.0,3064882.0,3065166.0,3065431.0,3065695.0,3065897.0,3066119.0,3066323.0,3066553.0,3066833.0,3067089.0,3067334.0,3067606.0,3067817.0,3068037.0,3068284.0,3068517.0,3068745.0,3069002.0,3069252.0,3069453.0,3069664.0,3069906.0,3070121.0,3070345.0,3070555.0,3070799.0,3071018.0,3071203.0,3071426.0,3071677.0,3071924.0,3072161.0,3072334.0,3072556.0,3072725.0,3072988.0,3073253.0,3073487.0,3073755.0,3073999.0,3074198.0,3074403.0,3074576.0,3074789.0,3075048.0,3075259.0,3075520.0,3075743.0,3075940.0,3076208.0,3076430.0,3076667.0,3076842.0,3077014.0,3077214.0,3077400.0,3077596.0,3077783.0,3077987.0,3078124.0,3078290.0,3078531.0,3078788
uy-xAWCi_uM,81764.0,81778.0,81790.0,81805.0,81826.0,81840.0,81855.0,81882.0,81896.0,81912.0,81928.0,81946.0,81957.0,81969.0,81992.0,82008.0,82024.0,82047.0,82072.0,82087.0,82106.0,82115.0,82127.0,82147.0,82166.0,82177.0,82191.0,82207.0,82225.0,82241.0,82253.0,82270.0,82282.0,82294.0,82309.0,82331.0,82344.0,82356.0,82373.0,82381.0,82403.0,82424.0,82445.0,82466.0,82481.0,82497.0,82515.0,82535.0,82548.0,82553.0,82567.0,82584.0,82603.0,82616.0,82632.0,82648.0,82662.0,82677.0,82683.0,82698.0,82709.0,82716.0,82735.0,82755.0,82765.0,82784.0,82800.0,82816.0,82834.0,82848.0,82865.0,82879.0,82896.0,82903.0,82915.0,82920.0,82925.0,82934.0,82953.0,82971.0,82983.0,82997.0,83005.0,83020.0,83030.0,83044.0,83057.0,83073.0,83081.0,83093.0,83103.0,83117.0,83133.0,83161.0,83178.0,83199.0,83207.0,83221.0,83238.0,83250.0,83260.0,83271.0,83276.0,83283.0,83285.0,83297.0,83305.0,83313.0,83326.0,83334.0,83349.0,83368.0,83379.0,83393.0,83403.0,83415.0,83426.0,83435.0,83446.0,83472.0,83497.0,83537.0,83558.0,83579.0,83589.0,83606.0,83621.0,83635.0,83678.0,83685.0,83700.0,83724.0,83740.0,83746.0,,,,,,,,,83880.0,83891.0,83899.0,83909.0,83922.0,83934.0,83942.0,83949.0,83967.0,83972.0,83982.0,83991.0,84004.0,84015.0,84026.0,84035.0,84051.0,84072.0,84084.0,84095.0,84115.0,84126.0,84142.0,84153.0,84168.0,84182.0,84194.0,84207.0,84217.0,84229.0,84238.0,84248.0,84265.0,84283.0,84303.0,84318.0,84329.0,84338.0,84364.0,84371.0,84383.0,84397.0,84405.0,84416.0,84422.0,84433.0,84448.0,84468.0,84478.0,84485.0,84494.0,84504.0,84514.0,84527.0,84539.0,84550.0,84554.0,84573.0,84580.0,84585.0,84601.0,84607.0,84615.0,84625.0,84630.0,84639.0,84649.0,84655.0,84662.0,84667.0,84679.0,84693
YP5NyXol310,243425.0,243445.0,243459.0,243495.0,243524.0,243543.0,243559.0,243589.0,243608.0,243624.0,243653.0,243679.0,243699.0,243724.0,243741.0,243759.0,243773.0,243788.0,243809.0,243837.0,243866.0,243888.0,243913.0,243937.0,243961.0,243974.0,243993.0,244011.0,244026.0,244046.0,244065.0,244095.0,244125.0,244139.0,244158.0,244182.0,244195.0,244212.0,244223.0,244248.0,244273.0,244295.0,244313.0,244329.0,244343.0,244367.0,244393.0,244410.0,244426.0,244448.0,244466.0,244484.0,244499.0,244510.0,244537.0,244565.0,244594.0,244634.0,244659.0,244678.0,244693.0,244707.0,244729.0,244743.0,244761.0,244786.0,244803.0,244821.0,244836.0,244857.0,244874.0,244897.0,244907.0,244925.0,244939.0,244949.0,244956.0,244975.0,244996.0,245006.0,245025.0,245039.0,245061.0,245075.0,245095.0,245110.0,245128.0,245150.0,245161.0,245173.0,245187.0,245210.0,245219.0,245237.0,245256.0,245272.0,245281.0,245296.0,245320.0,245344.0,245369.0,245393.0,245413.0,245424.0,245438.0,245454.0,245470.0,245491.0,245515.0,245530.0,245544.0,245566.0,245585.0,245591.0,245605.0,245621.0,245637.0,245646.0,245660.0,245681.0,245709.0,245732.0,245743.0,245749.0,245761.0,245781.0,245800.0,245818.0,245843.0,245861.0,245878.0,245897.0,245909.0,245921.0,,,,,,,,,246024.0,246039.0,246051.0,246064.0,246074.0,246092.0,246105.0,246118.0,246123.0,246135.0,246148.0,246161.0,246179.0,246193.0,246203.0,246215.0,246221.0,246234.0,246243.0,246259.0,246274.0,246282.0,246302.0,246320.0,246333.0,246341.0,246351.0,246363.0,246380.0,246393.0,246402.0,246414.0,246426.0,246439.0,246446.0,246467.0,246478.0,246486.0,246498.0,246518.0,246542.0,246552.0,246569.0,246585.0,246602.0,246612.0,246622.0,246631.0,246640.0,246653.0,246666.0,246672.0,246683.0,246697.0,246713.0,246718.0,246729.0,246741.0,246748.0,246766.0,246784.0,246806.0,246822.0,246835.0,246852.0,246872.0,246889.0,246912.0,246926.0,246933.0,246947.0,246962
JuwpYSgxOs4,,,,,,,,,,,,,,,,,,,,,,,,,,,,,,,,,,,,,,,,,,,,,,,,,,,,,,,,,,,,,,,,,,,,,,,,,,,,,,,,,,,,,,,,,,,,,,,,,,,,,,,,,,,,,,,,,,,,,,,,,,,,,,,,,,,,,,,,,,,,,,,,,,,,,,,,,,,,,,,,,,,,,,,,,,,,,,,,,,,,,,,,,,,,,,,,,,,,,,,,,,,,,,,,,,,,,,
4Ob1uQWEX8E,825.0,825.0,825.0,825.0,825.0,825.0,826.0,826.0,826.0,826.0,826.0,827.0,827.0,827.0,828.0,829.0,829.0,831.0,832.0,833.0,834.0,835.0,835.0,835.0,835.0,835.0,835.0,835.0,836.0,836.0,836.0,838.0,838.0,838.0,839.0,839.0,839.0,840.0,840.0,840.0,840.0,840.0,841.0,841.0,842.0,842.0,842.0,842.0,842.0,842.0,842.0,842.0,842.0,843.0,844.0,844.0,844.0,844.0,844.0,844.0,845.0,845.0,845.0,845.0,845.0,845.0,845.0,845.0,845.0,845.0,845.0,845.0,846.0,846.0,847.0,847.0,847.0,848.0,849.0,849.0,849.0,849.0,849.0,849.0,849.0,849.0,849.0,849.0,850.0,851.0,851.0,851.0,855.0,855.0,855.0,856.0,856.0,856.0,856.0,856.0,856.0,856.0,856.0,856.0,856.0,856.0,856.0,856.0,856.0,856.0,856.0,856.0,856.0,856.0,856.0,856.0,856.0,856.0,856.0,856.0,856.0,856.0,856.0,856.0,856.0,856.0,856.0,856.0,856.0,856.0,856.0,856.0,856.0,856.0,,,,,,,,,856.0,856.0,856.0,856.0,856.0,856.0,856.0,856.0,856.0,856.0,856.0,856.0,856.0,856.0,856.0,856.0,856.0,856.0,856.0,856.0,856.0,856.0,856.0,856.0,856.0,856.0,856.0,856.0,856.0,856.0,856.0,856.0,856.0,856.0,856.0,856.0,856.0,856.0,856.0,856.0,856.0,856.0,856.0,856.0,856.0,856.0,856.0,856.0,856.0,856.0,856.0,856.0,856.0,856.0,856.0,856.0,856.0,856.0,856.0,856.0,856.0,856.0,856.0,856.0,856.0,856.0,856.0,856.0,856.0,856.0,856.0,856
9ixJZM_4EKg,2751218.0,2751228.0,2751243.0,2751256.0,2751272.0,2751282.0,2751302.0,2751314.0,2751325.0,2751345.0,2751360.0,2751381.0,2751406.0,2751423.0,2751441.0,2751467.0,2751490.0,2751515.0,2751544.0,2751573.0,2751598.0,2751615.0,2751641.0,2751671.0,2751697.0,2751716.0,2751746.0,2751778.0,2751801.0,2751823.0,2751845.0,2751867.0,2751891.0,2751925.0,2751956.0,2751985.0,2752007.0,2752028.0,2752049.0,2752070.0,2752092.0,2752118.0,2752146.0,2752173.0,2752191.0,2752216.0,2752238.0,2752266.0,2752289.0,2752307.0,2752334.0,2752343.0,2752369.0,2752389.0,2752410.0,2752439.0,2752463.0,2752483.0,2752500.0,2752513.0,2752536.0,2752572.0,2752591.0,2752618.0,2752639.0,2752662.0,2752683.0,2752705.0,2752716.0,2752738.0,2752763.0,2752792.0,2752809.0,2752830.0,2752849.0,2752867.0,2752888.0,2752914.0,2752951.0,2752979.0,2753001.0,2753025.0,2753043.0,2753056.0,2753082.0,2753099.0,2753120.0,2753139.0,2753164.0,2753184.0,2753211.0,2753233.0,2753256.0,2753290.0,2753322.0,2753347.0,2753369.0,2753386.0,2753411.0,2753428.0,2753453.0,2753477.0,2753497.0,2753515.0,2753530.0,2753548.0,2753570.0,2753593.0,2753610.0,2753634.0,2753654.0,2753681.0,2753691.0,2753718.0,2753735.0,2753752.0,2753772.0,2753783.0,2753800.0,2753827.0,2753852.0,2753886.0,2753906.0,2753932.0,2753954.0,2753974.0,2753994.0,2754011.0,2754038.0,2754060.0,2754075.0,2754091.0,2754122.0,2754137.0,,,,,,,,,2754343.0,2754361.0,2754384.0,2754410.0,2754427.0,2754461.0,2754497.0,2754521.0,2754539.0,2754569.0,2754599.0,2754617.0,2754645.0,2754665.0,2754703.0,2754734.0,2754759.0,2754793.0,2754825.0,2754847.0,2754869.0,2754901.0,2754917.0,2754939.0,2754970.0,2755004.0,2755027.0,2755045.0,2755058.0,2755077.0,2755096.0,2755107.0,2755124.0,2755135.0,2755149.0,2755170.0,2755190.0,2755203.0,2755217.0,2755242.0,2755257.0,2755275.0,2755281.0,2755293.0,2755306.0,2755323.0,2755338.0,2755356.0,2755365.0,2755382.0,2755412.0,2755426.0,2755464.0,2755502.0,2755546.0,2755571.0,2755600.0,2755628.0,2755655.0,2755672.0,2755701.0,2755718.0,2755733.0,2755756.0,2755766.0,2755783.0,2755805.0,2755830.0,2755859.0,2755886.0,2755916.0,2755948
rLhDWViTYdM,1161814.0,1161814.0,1161814.0,1161816.0,1161818.0,1161819.0,1161821.0,1161823.0,1161825.0,1161827.0,1161827.0,1161829.0,1161830.0,1161832.0,1161834.0,1161840.0,1161841.0,1161843.0,1161844.0,1161845.0,1161846.0,1161846.0,1161848.0,1161849.0,1161850.0,1161854.0,1161857.0,1161858.0,1161860.0,1161861.0,1161864.0,1161865.0,1161867.0,1161874.0,1161876.0,1161882.0,1161884.0,1161887.0,1161887.0,1161887.0,1161889.0,1161888.0,1161888.0,1161892.0,1161893.0,1161895.0,1161897.0,1161898.0,1161900.0,1161900.0,1161905.0,1161909.0,1161912.0,1161912.0,1161914.0,1161915.0,1161920.0,1161921.0,1161922.0,1161924.0,1161929.0,1161931.0,1161932.0,1161934.0,1161935.0,1161937.0,1161939.0,1161940.0,1161940.0,1161941.0,1161943.0,1161947.0,1161950.0,1161950.0,1161951.0,1161951.0,1161953.0,1161954.0,1161955.0,1161958.0,1161960.0,1161960.0,1161960.0,1161960.0,1161962.0,1161965.0,1161966.0,1161968.0,1161972.0,1161973.0,1161983.0,1161991.0,1161995.0,1161996.0,1162000.0,1162003.0,1162005.0,1162008.0,1162012.0,1162013.0,1162013.0,1162016.0,1162017.0,1162018.0,1162018.0,1162019.0,1162020.0,1162025.0,1162026.0,1162031.0,1162033.0,1162034.0,1162036.0,1162038.0,1162041.0,1162043.0,1162047.0,1162048.0,1162052.0,1162056.0,1162057.0,1162059.0,1162063.0,1162064.0,1162064.0,1162065.0,1162065.0,1162066.0,1162067.0,1162069.0,1162069.0,1162071.0,1162072.0,1162073.0,,,,,,,,,1162083.0,1162084.0,1162085.0,1162085.0,1162087.0,1162086.0,1162086.0,1162086.0,1162087.0,1162089.0,1162091.0,1162094.0,1162096.0,1162098.0,1162103.0,1162109.0,1162112.0,1162115.0,1162115.0,1162117.0,1162120.0,1162121.0,1162121.0,1162122.0,1162123.0,1162123.0,1162123.0,1162123.0,1162123.0,1162125.0,1162125.0,1162126.0,1162129.0,1162129.0,1162131.0,1162133.0,1162133.0,1162136.0,1162139.0,1162139.0,1162141.0,1162142.0,1162142.0,1162143.0,1162143.0,1162143.0,1162144.0,1162145.0,1162145.0,1162148.0,1162149.0,1162150.0,1162154.0,1162155.0,1162155.0,1162155.0,1162157.0,1162158.0,1162158.0,1162159.0,1162161.0,1162161.0,1162161.0,1162161.0,1162161.0,1162161.0,1162163.0,1162164.0,1162164.0,1162164.0,1162165.0,1162169
mxeYe6ubqk0,3758.0,3761.0,3763.0,3764.0,3766.0,3766.0,3767.0,3768.0,3768.0,3768.0,3770.0,3773.0,3775.0,3776.0,3777.0,3779.0,3782.0,3787.0,3790.0,3799.0,3804.0,3809.0,3814.0,3815.0,3818.0,3821.0,3827.0,3831.0,3832.0,3835.0,3838.0,3839.0,3839.0,3841.0,3843.0,3844.0,3845.0,3848.0,3848.0,3851.0,3854.0,3856.0,3856.0,3860.0,3860.0,3862.0,3867.0,3870.0,3871.0,3874.0,3876.0,3876.0,3879.0,3880.0,3885.0,3889.0,3891.0,3892.0,3895.0,3898.0,3902.0,3902.0,3908.0,3912.0,3919.0,3924.0,3929.0,3933.0,3935.0,3937.0,3940.0,3943.0,3943.0,3946.0,3951.0,3954.0,3955.0,3957.0,3961.0,3962.0,3964.0,3967.0,3970.0,3972.0,3977.0,3984.0,3987.0,3990.0,3992.0,3993.0,3995.0,3998.0,4000.0,4001.0,4003.0,4004.0,4010.0,4012.0,4019.0,4023.0,4025.0,4028.0,4037.0,4041.0,4042.0,4044.0,4045.0,4049.0,4055.0,4059.0,4063.0,4069.0,4072.0,4076.0,4081.0,4081.0,4087.0,4091.0,4094.0,4097.0,4100.0,4101.0,4106.0,4110.0,4110.0,4113.0,4114.0,4116.0,4116.0,4117.0,4122.0,4124.0,4126.0,4130.0,,,,,,,,,4155.0,4155.0,4157.0,4163.0,4170.0,4176.0,4178.0,4185.0,4193.0,4197.0,4200.0,4205.0,4210.0,4220.0,4230.0,4238.0,4250.0,4258.0,4261.0,4263.0,4267.0,4269.0,4270.0,4275.0,4278.0,4279.0,4279.0,4283.0,4285.0,4290.0,4294.0,4297.0,4301.0,4305.0,4306.0,4306.0,4308.0,4315.0,4316.0,4317.0,4320.0,4322.0,4324.0,4327.0,4330.0,4331.0,4335.0,4337.0,4340.0,4343.0,4347.0,4349.0,4350.0,4354.0,4357.0,4360.0,4362.0,4362.0,4364.0,4366.0,4369.0,4373.0,4373.0,4373.0,4378.0,4383.0,4385.0,4386.0,4387.0,4396.0,4398.0,4403
KbTC2vrGnDw,366556.0,366556.0,366557.0,366563.0,366565.0,366569.0,366571.0,366573.0,366574.0,366577.0,366579.0,366579.0,366579.0,366579.0,366580.0,366582.0,366582.0,366582.0,366582.0,366585.0,366586.0,366586.0,366587.0,366587.0,366588.0,366589.0,366590.0,366590.0,366591.0,366593.0,366593.0,366594.0,366596.0,366597.0,366599.0,366599.0,366601.0,366601.0,366601.0,366601.0,366603.0,366606.0,366606.0,366607.0,366608.0,366609.0,366609.0,366609.0,366611.0,366611.0,366612.0,366612.0,366613.0,366613.0,366615.0,366615.0,366615.0,366616.0,366615.0,366616.0,366618.0,366619.0,366620.0,366621.0,366621.0,366621.0,366621.0,366623.0,366623.0,366624.0,366625.0,366626.0,366626.0,366626.0,366626.0,366626.0,366626.0,366627.0,366628.0,366629.0,366629.0,366631.0,366631.0,366633.0,366633.0,366633.0,366633.0,366633.0,366633.0,366634.0,366636.0,366636.0,366637.0,366637.0,366637.0,366637.0,366637.0,366638.0,366640.0,366640.0,366640.0,366640.0,366640.0,366640.0,366640.0,366640.0,366640.0,366644.0,366648.0,366648.0,366648.0,366649.0,366650.0,366650.0,366651.0,366651.0,366651.0,366651.0,366651.0,366652.0,366653.0,366653.0,366654.0,366654.0,366654.0,366654.0,366655.0,366655.0,366655.0,366655.0,366656.0,366656.0,366656.0,366656.0,,,,,,,,,366659.0,366660.0,366661.0,366661.0,366661.0,366661.0,366661.0,366661.0,366662.0,366662.0,366664.0,366664.0,366665.0,366666.0,366666.0,366669.0,366669.0,366669.0,366669.0,366669.0,366673.0,366673.0,366673.0,366673.0,366675.0,366675.0,366676.0,366676.0,366676.0,366676.0,366676.0,366677.0,366679.0,366679.0,366680.0,366680.0,366681.0,366681.0,366681.0,366681.0,366681.0,366681.0,366682.0,366682.0,366683.0,366683.0,366683.0,366683.0,366683.0,366683.0,366684.0,366685.0,366685.0,366685.0,366686.0,366686.0,366686.0,366688.0,366688.0,366690.0,366690.0,366690.0,366690.0,366691.0,366692.0,366693.0,366694.0,366695.0,366697.0,366698.0,366698.0,366702
7xAlvf0LmqQ,595320.0,595849.0,596322.0,596796.0,597419.0,598030.0,598557.0,599151.0,600052.0,601001.0,601595.0,602657.0,603695.0,605201.0,606615.0,608438.0,609964.0,610991.0,612520.0,613612.0,615374.0,616764.0,617948.0,619273.0,620659.0,621980.0,623239.0,624390.0,625301.0,626135.0,626743.0,627326.0,627952.0,628415.0,629006.0,629456.0,629997.0,630529.0,630948.0,631644.0,632238.0,632796.0,633436.0,633981.0,634588.0,634976.0,635495.0,635989.0,636507.0,637058.0,637528.0,637937.0,638350.0,638893.0,639372.0,639826.0,640334.0,640790.0,641159.0,641476.0,642047.0,642518.0,642998.0,643470.0,643828.0,644300.0,644732.0,645273.0,645674.0,646390.0,646901.0,647310.0,647763.0,648132.0,648599.0,649112.0,649616.0,650085.0,650546.0,650921.0,651439.0,652059.0,652791.0,653543.0,654292.0,655015.0,655575.0,656096.0,656660.0,657221.0,657804.0,658423.0,659108.0,659689.0,660161.0,660848.0,661420.0,662092.0,662764.0,663474.0,663926.0,664465.0,665215.0,666013.0,666717.0,667542.0,668593.0,669433.0,670185.0,670915.0,671889.0,672687.0,673628.0,674712.0,675590.0,676253.0,677101.0,677878.0,678949.0,679894.0,680648.0,681366.0,681948.0,682557.0,683216.0,683916.0,684477.0,685127.0,685645.0,686099.0,686703.0,687369.0,687971.0,688666.0,,,,,,,,,694895.0,695429.0,696179.0,696860.0,697583.0,698444.0,699169.0,699844.0,700898.0,702022.0,703108.0,704298.0,705393.0,706296.0,707046.0,707688.0,708690.0,709681.0,710609.0,711564.0,712309.0,713034.0,713554.0,714315.0,714981.0,715605.0,716263.0,716807.0,717358.0,717731.0,718256.0,718807.0,719399.0,719944.0,720641.0,721233.0,721752.0,722348.0,723044.0,723750.0,724377.0,725016.0,725559.0,726183.0,726845.0,727556.0,728337.0,729168.0,729911.0,730572.0,731005.0,731638.0,732224.0,732848.0,733325.0,733871.0,734355.0,734695.0,735196.0,735773.0,736351.0,736806.0,737345.0,737789.0,738211.0,738747.0,739287.0,739874.0,740254.0,740719.0,741174.0,741570
1J7SF-iWRYE,89980.0,90042.0,90119.0,90184.0,90232.0,90292.0,90351.0,90467.0,90549.0,90648.0,90763.0,90856.0,90983.0,91089.0,91202.0,91332.0,91424.0,91531.0,91649.0,91721.0,91798.0,91906.0,91989.0,92078.0,92144.0,92234.0,92301.0,92371.0,92462.0,92544.0,92605.0,92680.0,92791.0,92881.0,92946.0,93024.0,93125.0,93245.0,93339.0,93450.0,93553.0,93685.0,93796.0,93884.0,93991.0,94114.0,94201.0,94295.0,94384.0,94493.0,94602.0,94686.0,94784.0,94898.0,94997.0,95081.0,95177.0,95287.0,95396.0,95499.0,95608.0,95751.0,95886.0,96004.0,96135.0,96278.0,96506.0,96767.0,97070.0,97469.0,98132.0,98707.0,99098.0,99560.0,100055.0,100289.0,101234.0,102076.0,102504.0,103463.0,104726.0,106270.0,107802.0,109581.0,111491.0,113555.0,115098.0,116560.0,118444.0,120312.0,122462.0,124671.0,127322.0,129359.0,131152.0,133339.0,135501.0,138088.0,141094.0,143747.0,145880.0,147545.0,149730.0,152219.0,154717.0,157181.0,159781.0,162349.0,164757.0,167186.0,169493.0,171632.0,174742.0,177207.0,179371.0,181309.0,183645.0,185939.0,188339.0,190754.0,192597.0,194589.0,196288.0,197655.0,199682.0,201812.0,203701.0,205699.0,207855.0,209636.0,212167.0,214656.0,217347.0,220170.0,,,,,,,,,249937.0,252559.0,255506.0,258827.0,261990.0,265190.0,268292.0,270686.0,273297.0,276085.0,278952.0,281977.0,285406.0,288033.0,290145.0,292278.0,294760.0,297134.0,300480.0,303697.0,306585.0,308807.0,310842.0,313080.0,315531.0,318049.0,320720.0,323341.0,325475.0,327140.0,329676.0,332347.0,335341.0,338289.0,341335.0,343756.0,345683.0,348495.0,351287.0,353995.0,357058.0,360247.0,362527.0,364472.0,367542.0,370462.0,373971.0,377192.0,380281.0,382707.0,384931.0,388179.0,391655.0,394792.0,397928.0,402061.0,405433.0,408257.0,412862.0,417694.0,421775.0,424810.0,428141.0,431002.0,433177.0,436408.0,439645.0,442359.0,444568.0,447503.0,449986.0,451910
7ihLv8_Vd-4,1063181.0,1063484.0,1063780.0,1064144.0,1064447.0,1064796.0,1065160.0,1065518.0,1065851.0,1066235.0,1066587.0,1066939.0,1067316.0,1067643.0,1068039.0,1068364.0,1068708.0,1069042.0,1069327.0,1069632.0,1069914.0,1070191.0,1070498.0,1070780.0,1071008.0,1071242.0,1071462.0,1071723.0,1071991.0,1072223.0,1072486.0,1072759.0,1072987.0,1073222.0,1073461.0,1073700.0,1073948.0,1074204.0,1074429.0,1074715.0,1075003.0,1075328.0,1075599.0,1075845.0,1076096.0,1076317.0,1076585.0,1076862.0,1077088.0,1077348.0,1077640.0,1077905.0,1078249.0,1078554.0,1078812.0,1079054.0,1079316.0,1079616.0,1079922.0,1080203.0,1080528.0,1080785.0,1081121.0,1081414.0,1081724.0,1081998.0,1082304.0,1082542.0,1082806.0,1083103.0,1083361.0,1083623.0,1083830.0,1084092.0,1084320.0,1084577.0,1084786.0,1085040.0,1085307.0,1085685.0,1086170.0,1086566.0,1086902.0,1087232.0,1087583.0,1087984.0,1088390.0,1088731.0,1089113.0,1089542.0,1089935.0,1090232.0,1090983.0,1092130.0,1093004.0,1093592.0,1094091.0,1094437.0,1094773.0,1095113.0,1095528.0,1095886.0,1096237.0,1096622.0,1097068.0,1097499.0,1097875.0,1098272.0,1098598.0,1098977.0,1099317.0,1099704.0,1100033.0,1100361.0,1100663.0,1100996.0,1101292.0,1101601.0,1101916.0,1102181.0,1102468.0,1102764.0,1103063.0,1103345.0,1104195.0,1104678.0,1105145.0,1105495.0,1105850.0,1106194.0,1106502.0,1106801.0,1107119.0,1107388.0,,,,,,,,,1109837.0,1110125.0,1110415.0,1110719.0,1110952.0,1111249.0,1111549.0,1111820.0,1112087.0,1112345.0,1112623.0,1112936.0,1113283.0,1113543.0,1113906.0,1114192.0,1114507.0,1114882.0,1115156.0,1115473.0,1115751.0,1116019.0,1116320.0,1116620.0,1116901.0,1117142.0,1117394.0,1117651.0,1117887.0,1118151.0,1118406.0,1118726.0,1118998.0,1119280.0,1119561.0,1119772.0,1120020.0,1120273.0,1120475.0,1120726.0,1120967.0,1121231.0,1121451.0,1121667.0,1121898.0,1122132.0,1122333.0,1122559.0,1122797.0,1123046.0,1123260.0,1123486.0,1123721.0,1123968.0,1124196.0,1124407.0,1124585.0,1124776.0,1124966.0,1125171.0,1125334.0,1125484.0,1125710.0,1125891.0,1126088.0,1126307.0,1126514.0,1126694.0,1126886.0,1127085.0,1127267.0,1127436
sCq7Lccu-XQ,768170.0,769511.0,771404.0,773174.0,774790.0,776554.0,778465.0,779911.0,782922.0,785087.0,787796.0,790095.0,792235.0,795230.0,798171.0,800874.0,803397.0,807560.0,812000.0,816469.0,821364.0,828064.0,834494.0,839267.0,843886.0,848741.0,854902.0,860563.0,867762.0,874159.0,880003.0,885926.0,892105.0,898648.0,905240.0,915725.0,925085.0,933949.0,939997.0,946702.0,952738.0,959777.0,968544.0,972594.0,978738.0,984754.0,990322.0,995814.0,1002035.0,1009409.0,1015763.0,1019175.0,1023196.0,1028134.0,1032959.0,1037146.0,1041410.0,1048529.0,1054765.0,1059610.0,1064699.0,1071156.0,1078080.0,1083321.0,1088423.0,1093795.0,1098645.0,1106372.0,1111597.0,1119657.0,1125514.0,1129253.0,1132869.0,1136127.0,1140999.0,1145031.0,1150921.0,1155315.0,1159905.0,1163654.0,1167031.0,1172481.0,1178668.0,1184365.0,1189576.0,1194779.0,1198704.0,1202720.0,1207856.0,1213849.0,1220497.0,1225993.0,1231460.0,1236177.0,1240323.0,1245170.0,1253200.0,1261625.0,1269010.0,1275040.0,1280151.0,1283466.0,1287967.0,1293718.0,1300153.0,1305629.0,1311029.0,1317191.0,1322930.0,1331707.0,1338095.0,1344150.0,1349802.0,1355565.0,1359884.0,1364823.0,1370644.0,1377596.0,1384837.0,1390216.0,1394778.0,1399483.0,1402816.0,1405054.0,1408786.0,1413198.0,1417318.0,1422018.0,1425496.0,1429457.0,1434295.0,1439244.0,1444967.0,1449958.0,,,,,,,,,1501791.0,1506154.0,1511040.0,1516822.0,1523932.0,1531484.0,1539038.0,1543603.0,1548843.0,1554772.0,1560678.0,1567364.0,1574906.0,1580658.0,1586100.0,1590983.0,1597407.0,1604859.0,1612650.0,1622047.0,1630235.0,1637405.0,1643770.0,1652195.0,1659717.0,1667554.0,1675364.0,1683348.0,1689550.0,1694818.0,1701735.0,1709798.0,1718117.0,1725953.0,1734550.0,1740758.0,1746233.0,1753645.0,1761800.0,1769544.0,1778552.0,1787248.0,1793474.0,1799192.0,1806925.0,1814410.0,1821472.0,1828293.0,1834334.0,1838792.0,1842497.0,1847748.0,1853467.0,1859636.0,1865703.0,1872878.0,1878969.0,1884378.0,1891389.0,1899612.0,1908085.0,1912996.0,1919268.0,1923951.0,1927426.0,1933760.0,1940432.0,1946346.0,1950561.0,1956645.0,1962032.0,1966899
mwTnWKAvFyo,974437.0,974843.0,975250.0,975597.0,976028.0,976462.0,976808.0,977194.0,977450.0,977892.0,978278.0,978732.0,979106.0,979524.0,979946.0,980424.0,980825.0,981184.0,981503.0,981996.0,982436.0,982859.0,983263.0,983629.0,983975.0,984328.0,984710.0,985160.0,985510.0,985989.0,986337.0,986839.0,987225.0,987653.0,987991.0,988369.0,988756.0,989152.0,989460.0,989871.0,990327.0,990804.0,991348.0,991837.0,992355.0,992793.0,993280.0,993745.0,994188.0,994714.0,995127.0,995711.0,996145.0,996621.0,997131.0,997716.0,998277.0,998774.0,999408.0,1000183.0,1001007.0,1001617.0,1002386.0,1003083.0,1003705.0,1004242.0,1004860.0,1005283.0,1005743.0,1006330.0,1006760.0,1007327.0,1007748.0,1008138.0,1008495.0,1008865.0,1009270.0,1009688.0,1010163.0,1010710.0,1011477.0,1012313.0,1012883.0,1013587.0,1014354.0,1015097.0,1016245.0,1017325.0,1018269.0,1019428.0,1020574.0,1021915.0,1023706.0,1026046.0,1028030.0,1029667.0,1031555.0,1033007.0,1034429.0,1036230.0,1037798.0,1039467.0,1040904.0,1042319.0,1044220.0,1046095.0,1048090.0,1049775.0,1051053.0,1052350.0,1053601.0,1054866.0,1056354.0,1057869.0,1059368.0,1060666.0,1061892.0,1063205.0,1064444.0,1065661.0,1066720.0,1067695.0,1068777.0,1069798.0,1071004.0,1072293.0,1073522.0,1074975.0,1076614.0,1078269.0,1079724.0,1080976.0,1082184.0,1083496.0,,,,,,,,,1094322.0,1095746.0,1097120.0,1098487.0,1100587.0,1103310.0,1105790.0,1108062.0,1109964.0,1111335.0,1112835.0,1114614.0,1116313.0,1117902.0,1119600.0,1121038.0,1122317.0,1124068.0,1125376.0,1126302.0,1127113.0,1127896.0,1128641.0,1129273.0,1129993.0,1130592.0,1131526.0,1132281.0,1133086.0,1133825.0,1134480.0,1135196.0,1135949.0,1136675.0,1137518.0,1138327.0,1138947.0,1139662.0,1140433.0,1141367.0,1142189.0,1143087.0,1143913.0,1144489.0,1145257.0,1145913.0,1146831.0,1147706.0,1148619.0,1149569.0,1150491.0,1151453.0,1152266.0,1153156.0,1153899.0,1154879.0,1155675.0,1156495.0,1157164.0,1157973.0,1158645.0,1159247.0,1159934.0,1160620.0,1161132.0,1161774.0,1162504.0,1163110.0,1163878.0,1164607.0,1165341.0,1166028
eSYoKWFEtdM,31239.0,31268.0,31300.0,31334.0,31360.0,31381.0,31417.0,31448.0,31468.0,31483.0,31498.0,31520.0,31547.0,31578.0,31596.0,31624.0,31645.0,31674.0,31702.0,31737.0,31777.0,31808.0,32720.0,33698.0,34650.0,35578.0,37436.0,39256.0,41236.0,43390.0,45590.0,47527.0,49752.0,52895.0,56915.0,60638.0,63415.0,65758.0,66548.0,67982.0,68812.0,69430.0,69912.0,70506.0,71300.0,71868.0,72775.0,73578.0,74317.0,75041.0,75692.0,76554.0,76863.0,77205.0,77669.0,78439.0,79405.0,80126.0,80741.0,81388.0,82537.0,83803.0,85127.0,86026.0,86492.0,86937.0,87488.0,88317.0,100760.0,113913.0,128485.0,143469.0,158172.0,172963.0,187946.0,196739.0,203887.0,205079.0,206855.0,208317.0,209232.0,210410.0,211800.0,213572.0,215505.0,217915.0,219653.0,220804.0,222337.0,224172.0,226060.0,227924.0,229834.0,231988.0,233855.0,235841.0,237923.0,239429.0,241400.0,243577.0,245865.0,247546.0,249710.0,251468.0,253712.0,255766.0,258325.0,259894.0,261483.0,264339.0,267196.0,269781.0,271923.0,274372.0,275968.0,277641.0,279848.0,282641.0,285215.0,287557.0,289782.0,291372.0,292573.0,294247.0,296351.0,298868.0,300893.0,302936.0,304578.0,305821.0,307140.0,308951.0,310765.0,312400.0,,,,,,,,,327694.0,328911.0,330633.0,332378.0,334082.0,335928.0,338060.0,339489.0,340767.0,342534.0,344275.0,346079.0,348100.0,349706.0,350669.0,351702.0,353336.0,354916.0,356718.0,358605.0,359998.0,361232.0,362335.0,364221.0,365551.0,367224.0,368652.0,370125.0,371241.0,372079.0,373380.0,374894.0,376361.0,377912.0,379615.0,380851.0,381806.0,383225.0,384683.0,386444.0,388294.0,389945.0,391311.0,392213.0,394142.0,396054.0,397854.0,399758.0,401601.0,402600.0,403554.0,404982.0,406612.0,407964.0,409646.0,411626.0,412997.0,414097.0,416252.0,418469.0,420695.0,421936.0,423736.0,425234.0,426324.0,428438.0,430546.0,432174.0,433288.0,435020.0,436475.0,437613
wIXXJMA0ZcM,173776.0,173878.0,173972.0,174092.0,174218.0,174309.0,174404.0,174504.0,174593.0,174686.0,174786.0,174900.0,174996.0,175116.0,175206.0,175294.0,175389.0,175487.0,175570.0,175679.0,175785.0,175896.0,175977.0,176056.0,176133.0,176200.0,176285.0,176388.0,176467.0,176535.0,176634.0,176720.0,176811.0,176906.0,176987.0,177070.0,177165.0,177237.0,177314.0,177406.0,177480.0,177577.0,177681.0,177780.0,177909.0,178002.0,178117.0,178233.0,178347.0,178456.0,178532.0,178612.0,178742.0,178803.0,178899.0,178978.0,179034.0,179134.0,179233.0,179324.0,179405.0,179467.0,179565.0,179635.0,179718.0,179802.0,179875.0,179967.0,180040.0,180131.0,180233.0,180326.0,180439.0,180524.0,180594.0,180676.0,180778.0,180852.0,180969.0,181099.0,181222.0,181354.0,181472.0,181580.0,181693.0,181862.0,182009.0,182169.0,182380.0,182508.0,182631.0,182782.0,183021.0,183190.0,183378.0,183556.0,183726.0,183915.0,184121.0,184312.0,184526.0,184720.0,184901.0,185050.0,185204.0,185372.0,185541.0,185697.0,185839.0,185996.0,186138.0,186304.0,186421.0,186601.0,186746.0,186876.0,187033.0,187186.0,187316.0,187423.0,187617.0,187757.0,187900.0,188009.0,188187.0,188298.0,188435.0,188542.0,188682.0,188825.0,188937.0,189076.0,189189.0,189314.0,,,,,,,,,190404.0,190555.0,190669.0,190802.0,190912.0,191017.0,191145.0,191229.0,191324.0,191407.0,191509.0,191578.0,191709.0,191837.0,192038.0,192134.0,192268.0,192416.0,192575.0,192686.0,192878.0,192972.0,193086.0,193228.0,193329.0,193439.0,193579.0,193687.0,193804.0,193891.0,193990.0,194105.0,194209.0,194282.0,194381.0,194455.0,194573.0,194682.0,194782.0,194889.0,194978.0,195077.0,195170.0,195243.0,195343.0,195454.0,195535.0,195617.0,195733.0,195838.0,195959.0,196056.0,196125.0,196233.0,196328.0,196429.0,196493.0,196567.0,196656.0,196733.0,196796.0,196855.0,196928.0,197007.0,197111.0,197199.0,197285.0,197406.0,197489.0,197597.0,197669.0,197740
f3aG-K57Bo0,700911.0,701552.0,702049.0,702682.0,703381.0,704146.0,704907.0,705579.0,706138.0,706635.0,707151.0,707693.0,708223.0,708852.0,709467.0,710176.0,710774.0,711343.0,712316.0,713368.0,714187.0,715172.0,715982.0,716528.0,717056.0,717649.0,718320.0,718914.0,719751.0,720710.0,721379.0,722021.0,722748.0,723440.0,724122.0,724947.0,725665.0,726208.0,726603.0,727208.0,727761.0,728331.0,728939.0,729539.0,730250.0,730697.0,731177.0,731787.0,732375.0,732961.0,733478.0,733973.0,734434.0,735002.0,735462.0,736050.0,736645.0,737288.0,737909.0,738357.0,738830.0,739389.0,740039.0,740775.0,741449.0,742057.0,742569.0,743281.0,743765.0,744678.0,745431.0,746159.0,746711.0,747196.0,747814.0,748480.0,749073.0,749711.0,750518.0,751129.0,751702.0,752470.0,753228.0,753886.0,754595.0,755346.0,755908.0,756559.0,757304.0,757935.0,758711.0,759475.0,760309.0,761170.0,761866.0,762828.0,764227.0,765138.0,765979.0,766942.0,767525.0,768217.0,768845.0,769750.0,770458.0,771346.0,772136.0,772777.0,773369.0,774144.0,775052.0,776065.0,777055.0,778112.0,778843.0,779447.0,780409.0,781391.0,782303.0,783126.0,783845.0,784547.0,785113.0,785676.0,786256.0,787050.0,787663.0,788486.0,789231.0,789804.0,790592.0,791434.0,792342.0,793191.0,,,,,,,,,799152.0,799597.0,800186.0,800778.0,801393.0,801900.0,802456.0,803043.0,803531.0,804192.0,804888.0,805618.0,806329.0,807062.0,807788.0,808304.0,809262.0,809990.0,810843.0,811431.0,812059.0,812544.0,813153.0,813835.0,814457.0,815118.0,815897.0,816721.0,817427.0,818016.0,818729.0,819661.0,820593.0,821738.0,822506.0,823248.0,823857.0,824549.0,825180.0,825898.0,826471.0,827278.0,827810.0,828327.0,829068.0,830048.0,830845.0,831671.0,832566.0,833184.0,833719.0,834601.0,835290.0,835849.0,836450.0,836913.0,837469.0,837886.0,838453.0,839082.0,839647.0,840026.0,840610.0,841068.0,841521.0,842082.0,842668.0,843247.0,843726.0,844251.0,844690.0,845158
46rb_TuZJI8,156812.0,156847.0,156886.0,156916.0,156951.0,156996.0,157022.0,157049.0,157088.0,157121.0,157158.0,157192.0,157219.0,157254.0,157289.0,157309.0,157334.0,157356.0,157375.0,157404.0,157438.0,157470.0,157516.0,157545.0,157574.0,157593.0,157629.0,157656.0,157679.0,157718.0,157752.0,157781.0,157825.0,157859.0,157890.0,157933.0,157962.0,157998.0,158039.0,158069.0,158108.0,158161.0,158205.0,158245.0,158290.0,158336.0,158380.0,158436.0,158467.0,158506.0,158568.0,158601.0,158672.0,158731.0,158790.0,158846.0,158901.0,158968.0,159031.0,159098.0,159151.0,159220.0,159276.0,159348.0,159427.0,159492.0,159529.0,159601.0,159656.0,159709.0,159774.0,159834.0,159893.0,159948.0,159992.0,160061.0,160114.0,160183.0,160251.0,160316.0,160372.0,160438.0,160491.0,160554.0,160593.0,160642.0,160696.0,160773.0,160851.0,160897.0,160954.0,161018.0,161079.0,161127.0,161175.0,161246.0,161318.0,161370.0,161434.0,161487.0,161540.0,161591.0,161636.0,161675.0,161714.0,161764.0,161803.0,161846.0,161900.0,161964.0,162018.0,162063.0,162113.0,162166.0,162211.0,162247.0,162287.0,162325.0,162371.0,162420.0,162474.0,162532.0,162573.0,162627.0,162683.0,162740.0,162786.0,162834.0,162885.0,162924.0,162967.0,163020.0,163067.0,163131.0,,,,,,,,,163544.0,163587.0,163631.0,163680.0,163717.0,163747.0,163783.0,163801.0,163839.0,163880.0,163932.0,163972.0,164015.0,164039.0,164076.0,164108.0,164141.0,164168.0,164202.0,164250.0,164289.0,164334.0,164388.0,164452.0,164512.0,164571.0,164620.0,164654.0,164705.0,164745.0,164787.0,164839.0,164874.0,164927.0,164977.0,165006.0,165055.0,165083.0,165123.0,165165.0,165215.0,165253.0,165291.0,165325.0,165361.0,165398.0,165433.0,165466.0,165494.0,165533.0,165573.0,165602.0,165635.0,165663.0,165695.0,165743.0,165782.0,165817.0,165859.0,165884.0,165922.0,165956.0,165981.0,166012.0,166048.0,166102.0,166160.0,166186.0,166208.0,166239.0,166259.0,166289
19r9qaM3Bt0,1721086.0,1722570.0,1723957.0,1725333.0,1726971.0,1728766.0,1730382.0,1732243.0,1734402.0,1735912.0,1737213.0,1738996.0,1740901.0,1742548.0,1744162.0,1746079.0,1747544.0,1749019.0,1750963.0,1752805.0,1754543.0,1755963.0,1757506.0,1759066.0,1760220.0,1761742.0,1763530.0,1765293.0,1767084.0,1768931.0,1770329.0,1771528.0,1772932.0,1774219.0,1775593.0,1776992.0,1778485.0,1779431.0,1780449.0,1781781.0,1783059.0,1784543.0,1785927.0,1787313.0,1788829.0,1790017.0,1791209.0,1792509.0,1793659.0,1795018.0,1796206.0,1797440.0,1798385.0,1799521.0,1800669.0,1801713.0,1802736.0,1803910.0,1805437.0,1806629.0,1808185.0,1809512.0,1810759.0,1812430.0,1814028.0,1815253.0,1816241.0,1817458.0,1818439.0,1820015.0,1821378.0,1822256.0,1823158.0,1824098.0,1825152.0,1826299.0,1827494.0,1828723.0,1830283.0,1831437.0,1832390.0,1833741.0,1835051.0,1836297.0,1837563.0,1838885.0,1840070.0,1841400.0,1842772.0,1844155.0,1845598.0,1847148.0,1848780.0,1850081.0,1851283.0,1852939.0,1854583.0,1855905.0,1857346.0,1858884.0,1860134.0,1861393.0,1862984.0,1864698.0,1866298.0,1867918.0,1869442.0,1870728.0,1872087.0,1873697.0,1875626.0,1877690.0,1879645.0,1881740.0,1883448.0,1884921.0,1886682.0,1888626.0,1890502.0,1892399.0,1894096.0,1895540.0,1896803.0,1898180.0,1899712.0,1901512.0,1903389.0,1905479.0,1907346.0,1908761.0,1910600.0,1912778.0,1914999.0,1917164.0,,,,,,,,,1934307.0,1935917.0,1937907.0,1939932.0,1941998.0,1944116.0,1946163.0,1947777.0,1949800.0,1952011.0,1954149.0,1956372.0,1959379.0,1962102.0,1964580.0,1966436.0,1968721.0,1971103.0,1973308.0,1975982.0,1980581.0,1985019.0,1989156.0,1994241.0,1998193.0,2002257.0,2006505.0,2010463.0,2013550.0,2016385.0,2019900.0,2023863.0,2027479.0,2031113.0,2035015.0,2038156.0,2040756.0,2043525.0,2046239.0,2048454.0,2051470.0,2053839.0,2056007.0,2057902.0,2060430.0,2062712.0,2065042.0,2067437.0,2070007.0,2072232.0,2074088.0,2076370.0,2078684.0,2081074.0,2083776.0,2086540.0,2088758.0,2090795.0,2093219.0,2095609.0,2097802.0,2099492.0,2101415.0,2103376.0,2104980.0,2107229.0,2109069.0,2110743.0,2112135.0,2113803.0,2115262.0,2116666
0C11nM1pTVM,408.0,408.0,409.0,409.0,409.0,409.0,409.0,409.0,409.0,409.0,409.0,409.0,410.0,410.0,410.0,410.0,410.0,410.0,411.0,411.0,412.0,412.0,413.0,413.0,413.0,413.0,413.0,413.0,413.0,413.0,413.0,413.0,413.0,413.0,413.0,413.0,413.0,413.0,413.0,413.0,413.0,413.0,413.0,413.0,414.0,414.0,415.0,416.0,416.0,416.0,416.0,416.0,417.0,417.0,417.0,417.0,417.0,417.0,417.0,417.0,417.0,417.0,418.0,418.0,418.0,418.0,418.0,418.0,418.0,418.0,419.0,420.0,420.0,420.0,420.0,420.0,420.0,420.0,421.0,421.0,422.0,422.0,422.0,422.0,422.0,422.0,422.0,422.0,422.0,423.0,423.0,423.0,423.0,423.0,423.0,423.0,423.0,424.0,424.0,424.0,424.0,424.0,425.0,425.0,426.0,426.0,426.0,428.0,428.0,428.0,428.0,428.0,429.0,429.0,429.0,429.0,431.0,431.0,432.0,432.0,432.0,434.0,434.0,435.0,435.0,437.0,437.0,437.0,437.0,437.0,437.0,437.0,438.0,438.0,,,,,,,,,441.0,442.0,443.0,443.0,443.0,444.0,445.0,445.0,445.0,445.0,445.0,447.0,448.0,448.0,448.0,450.0,454.0,454.0,455.0,456.0,459.0,459.0,459.0,460.0,461.0,461.0,461.0,461.0,462.0,462.0,462.0,463.0,464.0,464.0,468.0,468.0,470.0,472.0,472.0,473.0,473.0,473.0,474.0,474.0,476.0,477.0,477.0,477.0,478.0,478.0,480.0,480.0,480.0,480.0,481.0,484.0,485.0,486.0,488.0,488.0,489.0,489.0,489.0,490.0,491.0,492.0,494.0,496.0,496.0,496.0,496.0,497
99Hbd45FZ1g,820.0,820.0,820.0,820.0,820.0,820.0,820.0,820.0,820.0,820.0,820.0,820.0,820.0,820.0,820.0,820.0,820.0,821.0,821.0,821.0,823.0,823.0,823.0,823.0,824.0,824.0,824.0,824.0,824.0,824.0,824.0,824.0,824.0,824.0,824.0,824.0,824.0,824.0,824.0,824.0,824.0,824.0,825.0,825.0,825.0,825.0,825.0,825.0,825.0,825.0,825.0,825.0,826.0,826.0,826.0,826.0,826.0,826.0,826.0,826.0,826.0,826.0,826.0,826.0,827.0,827.0,827.0,827.0,827.0,827.0,827.0,827.0,827.0,827.0,827.0,827.0,827.0,827.0,827.0,827.0,827.0,827.0,827.0,827.0,827.0,827.0,827.0,827.0,827.0,827.0,827.0,827.0,827.0,827.0,827.0,827.0,827.0,827.0,827.0,827.0,827.0,827.0,827.0,827.0,827.0,827.0,827.0,827.0,827.0,827.0,827.0,827.0,827.0,827.0,827.0,827.0,827.0,827.0,827.0,827.0,827.0,827.0,827.0,828.0,828.0,828.0,828.0,828.0,828.0,828.0,828.0,828.0,828.0,828.0,,,,,,,,,828.0,828.0,828.0,828.0,828.0,828.0,828.0,829.0,830.0,830.0,830.0,830.0,830.0,830.0,831.0,832.0,832.0,833.0,834.0,834.0,834.0,835.0,836.0,837.0,839.0,840.0,840.0,840.0,841.0,842.0,843.0,843.0,844.0,845.0,846.0,846.0,846.0,846.0,849.0,851.0,851.0,851.0,851.0,851.0,852.0,852.0,853.0,853.0,853.0,853.0,854.0,854.0,856.0,856.0,856.0,856.0,856.0,856.0,856.0,856.0,858.0,858.0,860.0,860.0,861.0,861.0,861.0,862.0,862.0,864.0,864.0,864
GsEKv5PI1B8,124980.0,124980.0,124980.0,124980.0,124980.0,124980.0,124980.0,124980.0,124980.0,124980.0,124980.0,124980.0,124980.0,124980.0,124980.0,124980.0,124980.0,124980.0,124980.0,124980.0,124980.0,124980.0,124980.0,124980.0,124980.0,124980.0,124980.0,124980.0,124980.0,124980.0,124980.0,124980.0,124980.0,124980.0,124980.0,124980.0,124980.0,124980.0,124980.0,124980.0,124980.0,124980.0,124980.0,124980.0,124980.0,124980.0,124980.0,124980.0,124980.0,124980.0,124980.0,124980.0,124980.0,124980.0,124980.0,124980.0,124980.0,124980.0,124980.0,124980.0,124980.0,124980.0,124980.0,124980.0,124980.0,124980.0,124980.0,124980.0,124980.0,124980.0,124980.0,124980.0,124980.0,124980.0,124980.0,124980.0,124980.0,124980.0,124980.0,124980.0,124980.0,124980.0,124980.0,124980.0,124980.0,124980.0,124980.0,124980.0,124980.0,124980.0,124980.0,124980.0,124980.0,124980.0,124980.0,124980.0,124980.0,124980.0,124980.0,124980.0,124980.0,124980.0,124980.0,124980.0,124980.0,124980.0,124980.0,124980.0,124980.0,124980.0,124980.0,124980.0,124980.0,124980.0,124980.0,124980.0,124980.0,124980.0,124980.0,124980.0,124980.0,124980.0,124980.0,124980.0,124980.0,124980.0,124980.0,124980.0,124980.0,124980.0,124980.0,124980.0,124980.0,124980.0,,,,,,,,,124980.0,124980.0,124980.0,124980.0,124980.0,124980.0,124980.0,124980.0,124980.0,124980.0,124980.0,124980.0,124980.0,124980.0,124980.0,124980.0,124980.0,124980.0,124980.0,124980.0,124980.0,124980.0,124980.0,124980.0,124980.0,124980.0,124980.0,124980.0,124980.0,124980.0,124980.0,124980.0,124980.0,124980.0,124980.0,124980.0,124980.0,124980.0,124980.0,124980.0,124980.0,124980.0,124980.0,124980.0,124980.0,124980.0,124980.0,124980.0,124980.0,124980.0,124980.0,124980.0,124980.0,124980.0,124980.0,124980.0,124980.0,124980.0,124980.0,124980.0,124980.0,124980.0,124980.0,124980.0,124980.0,124980.0,124980.0,124980.0,124980.0,124980.0,124980.0,124980
S__YQPxw2Qk,125340.0,125378.0,125408.0,125445.0,125472.0,125509.0,125543.0,125579.0,125619.0,125653.0,125709.0,125737.0,125790.0,125820.0,125856.0,125884.0,125926.0,125960.0,125999.0,126058.0,126093.0,126136.0,126179.0,126230.0,126279.0,126344.0,126402.0,126448.0,126494.0,126532.0,126591.0,126631.0,126672.0,126710.0,126766.0,126801.0,126850.0,126879.0,126905.0,126973.0,127015.0,127058.0,127095.0,127133.0,127197.0,127238.0,127271.0,127311.0,127364.0,127396.0,127441.0,127478.0,127513.0,127549.0,127584.0,127638.0,127679.0,127718.0,127749.0,127793.0,127841.0,127888.0,127922.0,127958.0,127997.0,128028.0,128055.0,128091.0,128121.0,128176.0,128223.0,128253.0,128289.0,128339.0,128382.0,128434.0,128486.0,128531.0,128575.0,128623.0,128656.0,128699.0,128739.0,128786.0,128834.0,128871.0,128902.0,128951.0,128990.0,129037.0,129070.0,129110.0,129154.0,129190.0,129223.0,129272.0,129309.0,129334.0,129368.0,129409.0,129458.0,129483.0,129527.0,129559.0,129610.0,129664.0,129708.0,129754.0,129786.0,129836.0,129883.0,129930.0,129955.0,129979.0,130013.0,130042.0,130081.0,130118.0,130163.0,130202.0,130235.0,130270.0,130302.0,130334.0,130363.0,130395.0,130421.0,130467.0,130522.0,130569.0,130619.0,130659.0,130692.0,130742.0,,,,,,,,,131101.0,131130.0,131167.0,131196.0,131232.0,131268.0,131299.0,131332.0,131370.0,131407.0,131456.0,131495.0,131532.0,131571.0,131600.0,131629.0,131669.0,131734.0,131777.0,131814.0,131861.0,131898.0,131933.0,131980.0,132014.0,132053.0,132092.0,132134.0,132170.0,132197.0,132242.0,132297.0,132341.0,132376.0,132413.0,132475.0,132511.0,132547.0,132577.0,132608.0,132647.0,132684.0,132723.0,132769.0,132798.0,132845.0,132882.0,133012.0,133094.0,133159.0,133221.0,133276.0,133321.0,133373.0,133435.0,133535.0,133575.0,133617.0,133669.0,133717.0,133772.0,133815.0,133861.0,133893.0,133935.0,133983.0,134026.0,134066.0,134108.0,134150.0,134207.0,134248
yxXcEvft9tI,51363.0,51412.0,51473.0,51524.0,51567.0,51619.0,51676.0,51753.0,51811.0,51857.0,51927.0,51977.0,52030.0,52078.0,52122.0,52188.0,52241.0,52266.0,52324.0,52376.0,52420.0,52474.0,52549.0,52586.0,52621.0,52665.0,52714.0,52767.0,52818.0,52882.0,52913.0,52948.0,52993.0,53031.0,53084.0,53127.0,53183.0,53232.0,53262.0,53325.0,53365.0,53416.0,53479.0,53540.0,53602.0,53630.0,53675.0,53721.0,53784.0,53831.0,53888.0,53934.0,53961.0,54009.0,54043.0,54082.0,54118.0,54163.0,54188.0,54209.0,54288.0,54335.0,54385.0,54432.0,54484.0,54527.0,54582.0,54638.0,54706.0,54781.0,54849.0,54892.0,54955.0,55002.0,55061.0,55110.0,55152.0,55214.0,55265.0,55333.0,55378.0,55431.0,55493.0,55536.0,55602.0,55669.0,55711.0,55765.0,55818.0,55884.0,55935.0,55989.0,56057.0,56113.0,56166.0,56227.0,56271.0,56320.0,56371.0,56434.0,56471.0,56515.0,56566.0,56614.0,56671.0,56725.0,56784.0,56841.0,56928.0,56986.0,57068.0,57115.0,57160.0,57200.0,57257.0,57300.0,57351.0,57393.0,57455.0,57512.0,57565.0,57631.0,57672.0,57723.0,57775.0,57840.0,57904.0,57975.0,58049.0,58105.0,58173.0,58266.0,58319.0,58400.0,,,,,,,,,59159.0,59231.0,59315.0,59383.0,59436.0,59476.0,59518.0,59558.0,59614.0,59657.0,59711.0,59755.0,59806.0,59851.0,59881.0,59926.0,59972.0,60016.0,60050.0,60121.0,60161.0,60205.0,60230.0,60276.0,60305.0,60331.0,60366.0,60401.0,60437.0,60470.0,60524.0,60565.0,60583.0,60615.0,60663.0,60716.0,60747.0,60780.0,60821.0,60869.0,60933.0,60996.0,61024.0,61074.0,61119.0,61156.0,61211.0,61269.0,61317.0,61363.0,61409.0,61463.0,61531.0,61602.0,61661.0,61707.0,61748.0,61796.0,61836.0,61886.0,61933.0,61971.0,62008.0,62051.0,62090.0,62140.0,62197.0,62255.0,62289.0,62333.0,62393.0,62429
HFSB7HGvpsE,26200.0,26204.0,26208.0,26218.0,26227.0,26235.0,26240.0,26250.0,26263.0,26276.0,26279.0,26286.0,26295.0,26303.0,26308.0,26316.0,26320.0,26336.0,26342.0,26355.0,26367.0,26380.0,26395.0,26410.0,26421.0,26435.0,26447.0,26454.0,26466.0,26482.0,26493.0,26502.0,26510.0,26524.0,26530.0,26546.0,26553.0,26569.0,26578.0,26593.0,26604.0,26618.0,26644.0,26658.0,26672.0,26680.0,26693.0,26704.0,26708.0,26716.0,26719.0,26728.0,26735.0,26743.0,26750.0,26753.0,26763.0,26773.0,26779.0,26788.0,26791.0,26805.0,26820.0,26829.0,26835.0,26844.0,26852.0,26868.0,26875.0,26889.0,26903.0,26907.0,26915.0,26921.0,26930.0,26940.0,26953.0,26972.0,26990.0,27014.0,27021.0,27032.0,27040.0,27053.0,27064.0,27068.0,27077.0,27084.0,27089.0,27096.0,27107.0,27119.0,27123.0,27127.0,27134.0,27145.0,27150.0,27155.0,27164.0,27174.0,27186.0,27192.0,27205.0,27213.0,27237.0,27257.0,27278.0,27309.0,27328.0,27349.0,27379.0,27405.0,27430.0,27453.0,27462.0,27482.0,27509.0,27534.0,27563.0,27586.0,27600.0,27615.0,27631.0,27644.0,27672.0,27693.0,27715.0,27737.0,27760.0,27780.0,27819.0,27851.0,27883.0,27916.0,,,,,,,,,28221.0,28248.0,28278.0,28303.0,28325.0,28350.0,28372.0,28387.0,28404.0,28423.0,28443.0,28468.0,28493.0,28514.0,28536.0,28559.0,28582.0,28604.0,28620.0,28632.0,28651.0,28670.0,28687.0,28710.0,28722.0,28738.0,28758.0,28770.0,28780.0,28796.0,28815.0,28832.0,28853.0,28864.0,28893.0,28905.0,28924.0,28940.0,28957.0,28981.0,29006.0,,,,,,,,,,,,,,,,,,,,,,,,,,,,,,,
vbK_5hvLbe4,728168.0,728440.0,728692.0,728883.0,729140.0,729440.0,729740.0,730090.0,730423.0,730731.0,730976.0,731329.0,731730.0,732092.0,732445.0,732750.0,733047.0,733310.0,733576.0,733922.0,734330.0,734687.0,735068.0,735360.0,735691.0,736024.0,736397.0,736774.0,737188.0,737532.0,737837.0,738153.0,738471.0,738925.0,739286.0,739696.0,740037.0,740371.0,740642.0,741011.0,741371.0,741789.0,742143.0,742520.0,742826.0,743134.0,743451.0,743813.0,744197.0,744585.0,744965.0,745243.0,745491.0,745803.0,746108.0,746515.0,746897.0,747280.0,747568.0,747815.0,748122.0,748505.0,748866.0,749251.0,749639.0,750003.0,750275.0,750608.0,750914.0,751313.0,751742.0,752068.0,752451.0,752759.0,753152.0,753586.0,753978.0,754326.0,754771.0,755127.0,755388.0,755759.0,756086.0,756427.0,756818.0,757257.0,757518.0,757818.0,758192.0,758574.0,758918.0,759323.0,759667.0,760005.0,760314.0,760746.0,761119.0,761463.0,761835.0,762199.0,762548.0,762844.0,763242.0,763674.0,764072.0,764494.0,764906.0,765256.0,765597.0,765966.0,766436.0,766898.0,767445.0,767938.0,768392.0,768735.0,769251.0,769693.0,770234.0,770824.0,771309.0,771839.0,772302.0,772812.0,773311.0,773880.0,774452.0,775022.0,775494.0,775902.0,776431.0,776998.0,777527.0,778077.0,,,,,,,,,783485.0,783992.0,784580.0,785258.0,785873.0,786485.0,786976.0,787392.0,787903.0,788524.0,789089.0,789702.0,790372.0,790985.0,791511.0,791985.0,792560.0,793142.0,793671.0,794193.0,794713.0,795100.0,795456.0,795946.0,796403.0,796853.0,797381.0,797937.0,798325.0,798641.0,799077.0,799495.0,799945.0,800403.0,800799.0,801186.0,801458.0,801930.0,802335.0,802591.0,803023.0,803428.0,803723.0,803954.0,804281.0,804653.0,805053.0,805423.0,805792.0,806033.0,806277.0,806689.0,807060.0,807467.0,807796.0,808148.0,808466.0,808689.0,809014.0,809416.0,809747.0,810029.0,810364.0,810675.0,810920.0,811294.0,811619.0,811959.0,812204.0,812500.0,812771.0,813064
FGcy5WwS-6w,4661146.0,4662233.0,4663659.0,4665812.0,4667821.0,4670087.0,4671748.0,4673531.0,4675045.0,4676780.0,4678480.0,4680077.0,4681687.0,4683359.0,4684952.0,4686473.0,4688159.0,4689797.0,4691377.0,4693044.0,4696045.0,4698412.0,4700335.0,4701835.0,4703301.0,4704959.0,4706998.0,4709189.0,4711272.0,4713392.0,4715308.0,4717360.0,4719514.0,4721084.0,4723164.0,4725205.0,4726875.0,4728686.0,4730229.0,4731948.0,4733257.0,4734736.0,4736480.0,4737944.0,4739935.0,4741386.0,4742890.0,4744374.0,4746161.0,4747585.0,4749012.0,4750381.0,4751595.0,4752558.0,4753579.0,4754853.0,4755998.0,4757168.0,4758576.0,4760287.0,4762009.0,4763844.0,4765460.0,4766941.0,4768383.0,4769947.0,4771557.0,4773277.0,4774693.0,4775822.0,4776814.0,4777789.0,4778877.0,4779796.0,4780599.0,4781434.0,4782575.0,4783811.0,4785459.0,4786414.0,4787316.0,4788310.0,4789239.0,4790224.0,4791142.0,4792139.0,4793004.0,4794041.0,4795044.0,4796106.0,4797210.0,4798052.0,4799051.0,4800514.0,4801858.0,4803155.0,4804509.0,4805734.0,4806928.0,4808103.0,4809152.0,4810260.0,4811309.0,4812420.0,4813605.0,4814772.0,4816263.0,4817796.0,4819150.0,4820279.0,4821307.0,4822614.0,4823960.0,4825222.0,4826444.0,4827592.0,4828503.0,4829634.0,4830674.0,4832286.0,4834278.0,4836113.0,4837696.0,4839208.0,4840754.0,4842249.0,4844044.0,4846594.0,4848691.0,4850988.0,4853130.0,4855232.0,4857525.0,4859847.0,,,,,,,,,4880391.0,4882521.0,4884548.0,4886851.0,4889892.0,4892112.0,4894567.0,4896242.0,4897499.0,4898519.0,4899938.0,4901573.0,4903363.0,4905166.0,4907062.0,4909145.0,4911208.0,4913288.0,4915105.0,4916945.0,4919014.0,4922072.0,4924707.0,4927354.0,4931077.0,4934264.0,4936326.0,4939143.0,4941818.0,4944496.0,4946641.0,4949081.0,4951988.0,4953826.0,4955710.0,4957897.0,4960375.0,4962869.0,4965240.0,4967497.0,4970270.0,4973844.0,4977284.0,4980552.0,4983320.0,4985889.0,4988552.0,4991710.0,4994385.0,4995896.0,4997964.0,4999702.0,5001616.0,5003375.0,5004920.0,5006628.0,5008233.0,5009935.0,5013012.0,5016398.0,5018975.0,5021307.0,5023152.0,5024968.0,5026844.0,5028842.0,5030438.0,5031361.0,5033338.0,5035634.0,5037522.0,5039405
sVbpvsrtTzM,1585080.0,1585860.0,1586809.0,1587654.0,1588451.0,1589514.0,1590343.0,1591232.0,1592028.0,1592908.0,1593790.0,1594597.0,1595476.0,1596327.0,1597245.0,1598186.0,1599196.0,1600066.0,1600851.0,1601743.0,1602629.0,1603547.0,1604476.0,1605410.0,1606297.0,1607177.0,1608168.0,1609113.0,1609980.0,1610919.0,1611941.0,1612736.0,1613536.0,1614427.0,1615377.0,1616241.0,1617160.0,1618009.0,1618913.0,1619776.0,1620703.0,1621611.0,1622507.0,1623355.0,1624354.0,1625222.0,1626090.0,1626999.0,1627886.0,1628757.0,1629674.0,1630590.0,1631511.0,1632370.0,1633439.0,1634450.0,1635337.0,1636243.0,1637145.0,1638005.0,1638927.0,1639796.0,1640852.0,1641754.0,1642681.0,1643589.0,1644506.0,1645400.0,1646146.0,1647132.0,1647956.0,1648767.0,1649467.0,1650363.0,1651130.0,1651926.0,1652733.0,1653504.0,1654444.0,1655392.0,1656163.0,1657036.0,1657892.0,1658799.0,1659959.0,1661034.0,1662125.0,1662891.0,1663954.0,1664669.0,1665553.0,1666435.0,1667113.0,1667969.0,1668798.0,1669542.0,1670342.0,1670975.0,1671890.0,1672721.0,1673574.0,1674359.0,1675087.0,1675976.0,1676815.0,1677623.0,1678420.0,1679197.0,1679929.0,1680787.0,1681566.0,1682363.0,1683116.0,1683896.0,1684699.0,1685447.0,1686146.0,1686942.0,1687740.0,1688482.0,1689250.0,1689983.0,1690650.0,1691437.0,1692209.0,1692933.0,1693755.0,1694531.0,1695245.0,1695932.0,1696567.0,1697214.0,1697857.0,1698534.0,,,,,,,,,1704402.0,1705018.0,1705685.0,1706337.0,1706971.0,1707617.0,1708203.0,1708853.0,1709464.0,1710047.0,1710646.0,1711281.0,1711976.0,1712610.0,1713262.0,1713748.0,1714429.0,1715057.0,1715713.0,1716239.0,1716795.0,1717386.0,1717971.0,1718467.0,1719053.0,1719591.0,1720267.0,1720868.0,1721474.0,1722055.0,1722612.0,1723095.0,1723648.0,1724135.0,1724688.0,1725361.0,1725964.0,1726564.0,1727170.0,1727666.0,1728279.0,1728793.0,1729472.0,1730073.0,1730648.0,1731245.0,1731854.0,1732444.0,1733056.0,1733747.0,1734408.0,1734938.0,1735511.0,1736108.0,1736697.0,1737286.0,1737915.0,1738479.0,1739078.0,1739688.0,1740256.0,1740789.0,1741321.0,1741832.0,1742312.0,1742868.0,1743416.0,1743919.0,1744416.0,1744915.0,1745493.0,1745935
M22CIsJJxvI,62997.0,63080.0,63160.0,63226.0,63291.0,63357.0,63430.0,63520.0,63612.0,63673.0,63736.0,63800.0,63849.0,63906.0,63983.0,64054.0,64149.0,64212.0,64312.0,64403.0,64503.0,64576.0,64672.0,64745.0,64812.0,64867.0,64925.0,65004.0,65051.0,65123.0,65192.0,65254.0,65327.0,65387.0,65468.0,65519.0,65594.0,65679.0,65755.0,65808.0,65893.0,65992.0,66077.0,66152.0,66222.0,66308.0,66436.0,66585.0,66776.0,66940.0,67109.0,67235.0,67398.0,67548.0,67669.0,67788.0,67901.0,68015.0,68162.0,68286.0,68435.0,68589.0,68801.0,68974.0,69098.0,69212.0,69339.0,69469.0,69560.0,69695.0,69815.0,69922.0,70012.0,70079.0,70209.0,70348.0,70459.0,70607.0,70727.0,70839.0,70956.0,71084.0,71174.0,71274.0,71424.0,71562.0,71704.0,71842.0,71937.0,72039.0,72156.0,72256.0,72375.0,72481.0,72555.0,72649.0,72753.0,72873.0,72985.0,73118.0,73213.0,73319.0,73428.0,73534.0,73626.0,73696.0,73768.0,73863.0,73948.0,74060.0,74162.0,74269.0,74418.0,74538.0,74662.0,74766.0,74883.0,74991.0,75098.0,75213.0,75357.0,75430.0,75529.0,75634.0,75717.0,75802.0,75887.0,76025.0,76171.0,76322.0,76483.0,76592.0,76709.0,76849.0,,,,,,,,,78435.0,78572.0,78713.0,78862.0,79072.0,79297.0,79447.0,79578.0,79794.0,80054.0,80314.0,80517.0,80762.0,81015.0,81240.0,81447.0,81756.0,82061.0,82378.0,82534.0,82693.0,82824.0,82902.0,82987.0,83088.0,83183.0,83271.0,83357.0,83439.0,83521.0,83588.0,83654.0,83724.0,83829.0,83902.0,83997.0,84049.0,84120.0,84280.0,84402.0,84486.0,84595.0,84697.0,84793.0,84896.0,84991.0,85083.0,85212.0,85320.0,85411.0,85470.0,85563.0,85662.0,85751.0,85846.0,85959.0,86040.0,86113.0,86189.0,86273.0,86352.0,86403.0,86471.0,86531.0,86615.0,86681.0,86777.0,86865.0,86922.0,86997.0,87087.0,87145
go50ASrZJKs,1268330.0,1268400.0,1268496.0,1268599.0,1268676.0,1268768.0,1268857.0,1268945.0,1269039.0,1269115.0,1269164.0,1269244.0,1269312.0,1269392.0,1269453.0,1269512.0,1269568.0,1269612.0,1269650.0,1269717.0,1269799.0,1269857.0,1269931.0,1270009.0,1270067.0,1270142.0,1270210.0,1270264.0,1270320.0,1270390.0,1270447.0,1270513.0,1270558.0,1270629.0,1270670.0,1270717.0,1270768.0,1270808.0,1270890.0,1270944.0,1271005.0,1271085.0,1271147.0,1271201.0,1271258.0,1271309.0,1271384.0,1271446.0,1271496.0,1271562.0,1271642.0,1271702.0,1271751.0,1271820.0,1271885.0,1271960.0,1272049.0,1272116.0,1272172.0,1272232.0,1272303.0,1272395.0,1272457.0,1272548.0,1272596.0,1272650.0,1272701.0,1272767.0,1272841.0,1272930.0,1273004.0,1273092.0,1273170.0,1273267.0,1273355.0,1273435.0,1273508.0,1273571.0,1273646.0,1273703.0,1273751.0,1273805.0,1273867.0,1273934.0,1274006.0,1274049.0,1274093.0,1274152.0,1274208.0,1274256.0,1274315.0,1274363.0,1274428.0,1274481.0,1274560.0,1274647.0,1274705.0,1274786.0,1274848.0,1274908.0,1274966.0,1275034.0,1275111.0,1275161.0,1275252.0,1275345.0,1275411.0,1275475.0,1275555.0,1275618.0,1275684.0,1275739.0,1275799.0,1275863.0,1275962.0,1276070.0,1276154.0,1276205.0,1276203.0,1276276.0,1276340.0,1276410.0,1276474.0,1276537.0,1276623.0,1276707.0,1276761.0,1276826.0,1276918.0,1277016.0,1277075.0,1277146.0,1277216.0,1277264.0,,,,,,,,,1277769.0,1277813.0,1277879.0,1277959.0,1278012.0,1278067.0,1278126.0,1278162.0,1278216.0,1278250.0,1278302.0,1278358.0,1278404.0,1278465.0,1278517.0,1278571.0,1278625.0,1278681.0,1278743.0,1278816.0,1278880.0,1278964.0,1279021.0,1279084.0,1279146.0,1279222.0,1279328.0,1279401.0,1279499.0,1279558.0,1279625.0,1279692.0,1279777.0,1279842.0,1279886.0,1279948.0,1279985.0,1280030.0,1280091.0,1280141.0,1280215.0,1280290.0,1280360.0,1280407.0,1280467.0,1280537.0,1280589.0,1280678.0,1280759.0,1280819.0,1280884.0,1280965.0,1281021.0,1281110.0,1281214.0,1281271.0,1281351.0,1281415.0,1281486.0,1281573.0,1281643.0,1281707.0,1281763.0,1281813.0,1281875.0,1281950.0,1282017.0,1282080.0,1282114.0,1282174.0,1282230.0,1282288
PfmD6b9bcrU,5359309.0,5361500.0,5363603.0,5365742.0,5368087.0,5370341.0,5373214.0,5375733.0,5378373.0,5380843.0,5383216.0,5385504.0,5388077.0,5390366.0,5392768.0,5395003.0,5397530.0,5400023.0,5402489.0,5404883.0,5407113.0,5410114.0,5412765.0,5415430.0,5418021.0,5420665.0,5423143.0,5425708.0,5428416.0,5431070.0,5433783.0,5436038.0,5438361.0,5441166.0,5444083.0,5446812.0,5449265.0,5452075.0,5454651.0,5457311.0,5459734.0,5462186.0,5464512.0,5466973.0,5469123.0,5471036.0,5473231.0,5475908.0,5478262.0,5480686.0,5483024.0,5485445.0,5487448.0,5489782.0,5492039.0,5494109.0,5496007.0,5498297.0,5500140.0,5501968.0,5503857.0,5506079.0,5508276.0,5510363.0,5512323.0,5514198.0,5515851.0,5517816.0,5519613.0,5522059.0,5524155.0,5526136.0,5528158.0,5529921.0,5531932.0,5533849.0,5536087.0,5538366.0,5540714.0,5543018.0,5545196.0,5547202.0,5549343.0,5551218.0,5552819.0,5554673.0,5556776.0,5558541.0,5560130.0,5561807.0,5563501.0,5565183.0,5566895.0,5568860.0,5570560.0,5572133.0,5573601.0,5575105.0,5576565.0,5578103.0,5579703.0,5581239.0,5582791.0,5584435.0,5586083.0,5587713.0,5589359.0,5590954.0,5592592.0,5594230.0,5595798.0,5597526.0,5599406.0,5601282.0,5603069.0,5604879.0,5606459.0,5608520.0,5610318.0,5612170.0,5613882.0,5615685.0,5617533.0,5619406.0,5621352.0,5623380.0,5625249.0,5627292.0,5629215.0,5631072.0,5632843.0,5634280.0,5636109.0,5637685.0,,,,,,,,,5653891.0,5655983.0,5657647.0,5659402.0,5660914.0,5662367.0,5663937.0,5665644.0,5667111.0,5668882.0,5670492.0,5672195.0,5674121.0,5676168.0,5678397.0,5680557.0,5682659.0,5684752.0,5686887.0,5688568.0,5690441.0,5692133.0,5693888.0,5695396.0,5697207.0,5698956.0,5701001.0,5703161.0,5705101.0,5706979.0,5708953.0,5710820.0,5712829.0,5714737.0,5716675.0,5718625.0,5720384.0,5722213.0,5724103.0,5725624.0,5727319.0,5729140.0,5730907.0,5732594.0,5734257.0,5736047.0,5737848.0,5739823.0,5741698.0,5743677.0,5745332.0,5747180.0,5748966.0,5750712.0,5752358.0,5754087.0,5755866.0,5757443.0,5758937.0,5760524.0,5762049.0,5763345.0,5765165.0,5766702.0,5768162.0,5769765.0,5771460.0,5772901.0,5774522.0,5776249.0,5777930.0,5779578
kcD8_7otSQw,3728.0,3733.0,3733.0,3736.0,3738.0,3739.0,3744.0,3746.0,3750.0,3752.0,3758.0,3759.0,3761.0,3764.0,3765.0,3767.0,3770.0,3770.0,3774.0,3778.0,3781.0,3784.0,3787.0,3789.0,3791.0,3797.0,3801.0,3803.0,3807.0,3809.0,3812.0,3815.0,3816.0,3817.0,3819.0,3823.0,3827.0,3830.0,3830.0,3835.0,3837.0,3841.0,3844.0,3854.0,3859.0,3861.0,3864.0,3866.0,3868.0,3869.0,3871.0,3873.0,3876.0,3877.0,3882.0,3887.0,3889.0,3888.0,3892.0,3893.0,3895.0,3900.0,3903.0,3908.0,3909.0,3910.0,3911.0,3913.0,3913.0,3913.0,3917.0,3918.0,3920.0,3922.0,3924.0,3925.0,3927.0,3929.0,3930.0,3934.0,3934.0,3936.0,3939.0,3941.0,3944.0,3946.0,3947.0,3948.0,3953.0,3954.0,3955.0,3964.0,3966.0,3969.0,3970.0,3974.0,3975.0,3979.0,3984.0,3989.0,3993.0,3994.0,3996.0,3998.0,4002.0,4005.0,4009.0,4013.0,4014.0,4017.0,4019.0,4019.0,4020.0,4022.0,4025.0,4025.0,4030.0,4032.0,4037.0,4039.0,4041.0,4041.0,4042.0,4046.0,4049.0,4052.0,4053.0,4054.0,4056.0,4056.0,4059.0,4061.0,4062.0,4063.0,,,,,,,,,4093.0,4095.0,4098.0,4101.0,4108.0,4113.0,4119.0,4121.0,4130.0,4132.0,4137.0,4145.0,4150.0,4152.0,4159.0,4167.0,4174.0,4180.0,4184.0,4194.0,4199.0,4203.0,4203.0,4208.0,4209.0,4213.0,4215.0,4217.0,4221.0,4222.0,4224.0,4228.0,4231.0,4232.0,4235.0,4240.0,4242.0,4247.0,4249.0,4254.0,4265.0,4270.0,4276.0,4280.0,4285.0,4288.0,4293.0,4297.0,4303.0,4303.0,4308.0,4310.0,4320.0,4322.0,4325.0,4332.0,4336.0,4342.0,4342.0,4345.0,4347.0,4349.0,4358.0,4362.0,4363.0,4367.0,4369.0,4372.0,4378.0,4381.0,4383.0,4384
-aVjKGhmEVQ,4789.0,4795.0,4798.0,4803.0,4805.0,4807.0,4815.0,4827.0,4833.0,4834.0,4838.0,4840.0,4843.0,4847.0,4852.0,4855.0,4862.0,4865.0,4867.0,4872.0,4875.0,4880.0,4883.0,4884.0,4886.0,4891.0,4892.0,4892.0,4893.0,4896.0,4897.0,4899.0,4901.0,4904.0,4908.0,4909.0,4911.0,4917.0,4919.0,4921.0,4923.0,4923.0,4927.0,4932.0,4937.0,4940.0,4944.0,4948.0,4949.0,4955.0,4957.0,4961.0,4961.0,4962.0,4971.0,4974.0,4977.0,4978.0,4978.0,4979.0,4984.0,4987.0,4994.0,4999.0,5001.0,5003.0,5006.0,5007.0,5008.0,5010.0,5012.0,5013.0,5015.0,5017.0,5019.0,5027.0,5030.0,5034.0,5035.0,5037.0,5038.0,5042.0,5043.0,5045.0,5050.0,5053.0,5053.0,5054.0,5057.0,5062.0,5064.0,5067.0,5068.0,5070.0,5072.0,5076.0,5081.0,5088.0,5092.0,5096.0,5099.0,5102.0,5105.0,5108.0,5108.0,5112.0,5116.0,5119.0,5120.0,5121.0,5124.0,5125.0,5127.0,5130.0,5134.0,5135.0,5138.0,5139.0,5141.0,5144.0,5148.0,5150.0,5154.0,5155.0,5156.0,5158.0,5164.0,5169.0,5171.0,5174.0,5177.0,5177.0,5182.0,5185.0,,,,,,,,,5215.0,5216.0,5219.0,5221.0,5224.0,5225.0,5228.0,5230.0,5234.0,5243.0,5246.0,5251.0,5254.0,5255.0,5258.0,5259.0,5261.0,5265.0,5265.0,5266.0,5267.0,5270.0,5271.0,5271.0,5274.0,5294.0,5296.0,5299.0,5300.0,5306.0,5309.0,5312.0,5313.0,5316.0,5320.0,5320.0,5321.0,5322.0,5326.0,5327.0,5330.0,5334.0,5335.0,5335.0,5336.0,5339.0,5340.0,5340.0,5343.0,5343.0,5343.0,5346.0,5347.0,5348.0,5349.0,5350.0,5351.0,5355.0,5357.0,5358.0,5362.0,5363.0,5365.0,5365.0,5365.0,5366.0,5368.0,5368.0,5369.0,5370.0,5370.0,5372
R8P3XP1yFR0,79797.0,79832.0,79878.0,79911.0,79935.0,79963.0,79995.0,80022.0,80058.0,80080.0,80110.0,80144.0,80183.0,80228.0,80274.0,80315.0,80354.0,80389.0,80431.0,80488.0,80526.0,80570.0,80605.0,80646.0,80679.0,80722.0,80766.0,80812.0,80849.0,80897.0,80936.0,80972.0,81020.0,81049.0,81083.0,81119.0,81155.0,81173.0,81200.0,81234.0,81256.0,81290.0,81319.0,81342.0,81376.0,81397.0,81440.0,81473.0,81521.0,81562.0,81580.0,81615.0,81642.0,81672.0,81702.0,81732.0,81749.0,81775.0,81794.0,81824.0,81898.0,81946.0,82056.0,82170.0,82250.0,82298.0,82428.0,82515.0,82549.0,82585.0,82615.0,82639.0,82674.0,82700.0,82768.0,82900.0,82999.0,83037.0,83075.0,83106.0,83138.0,83175.0,83206.0,83237.0,83267.0,83319.0,83389.0,83412.0,83433.0,83456.0,83481.0,83514.0,83549.0,83567.0,83586.0,83624.0,83657.0,83676.0,83717.0,83750.0,83774.0,83805.0,83841.0,83876.0,83911.0,83946.0,83972.0,83992.0,84012.0,84034.0,84057.0,84095.0,84124.0,84148.0,84179.0,84191.0,84206.0,84235.0,84262.0,84302.0,84318.0,84347.0,84364.0,84388.0,84407.0,84416.0,84438.0,84461.0,84473.0,84491.0,84515.0,84532.0,84562.0,84603.0,,,,,,,,,85072.0,85110.0,85155.0,85213.0,85265.0,85304.0,85343.0,85364.0,85390.0,85426.0,85458.0,85487.0,85510.0,85533.0,85563.0,85578.0,85605.0,85633.0,85664.0,85686.0,85714.0,85733.0,85747.0,85769.0,85796.0,85820.0,85852.0,85873.0,85896.0,85926.0,85950.0,85976.0,85998.0,86029.0,86056.0,86080.0,86100.0,86131.0,86151.0,86171.0,86188.0,86211.0,86230.0,86245.0,86259.0,86279.0,86306.0,86326.0,86351.0,86378.0,86394.0,86420.0,86447.0,86458.0,86474.0,86480.0,86517.0,86532.0,86546.0,86565.0,86582.0,86591.0,86619.0,86642.0,86659.0,86676.0,86699.0,86714.0,86726.0,86737.0,86752.0,86763
M8KxsPwf7lM,856.0,856.0,856.0,856.0,856.0,856.0,856.0,856.0,857.0,857.0,860.0,860.0,864.0,864.0,864.0,865.0,865.0,874.0,883.0,882.0,884.0,884.0,885.0,885.0,885.0,885.0,886.0,886.0,887.0,887.0,887.0,887.0,887.0,887.0,887.0,887.0,887.0,887.0,889.0,889.0,890.0,891.0,891.0,892.0,892.0,894.0,894.0,895.0,895.0,896.0,897.0,897.0,897.0,897.0,897.0,897.0,897.0,897.0,898.0,898.0,898.0,899.0,899.0,899.0,900.0,901.0,901.0,903.0,903.0,906.0,906.0,907.0,907.0,907.0,907.0,907.0,909.0,910.0,910.0,910.0,910.0,910.0,910.0,910.0,910.0,911.0,911.0,911.0,912.0,913.0,913.0,913.0,913.0,913.0,913.0,913.0,913.0,913.0,913.0,913.0,913.0,913.0,913.0,913.0,913.0,913.0,914.0,915.0,915.0,916.0,916.0,916.0,916.0,916.0,917.0,917.0,917.0,917.0,917.0,917.0,918.0,918.0,918.0,918.0,918.0,918.0,918.0,918.0,919.0,920.0,920.0,920.0,920.0,920.0,,,,,,,,,924.0,924.0,924.0,924.0,924.0,924.0,924.0,924.0,924.0,924.0,924.0,924.0,924.0,924.0,924.0,924.0,924.0,925.0,925.0,925.0,925.0,925.0,926.0,927.0,928.0,928.0,928.0,928.0,928.0,928.0,928.0,929.0,930.0,930.0,931.0,932.0,933.0,933.0,934.0,934.0,935.0,934.0,936.0,936.0,938.0,940.0,943.0,943.0,943.0,943.0,943.0,944.0,944.0,944.0,944.0,944.0,944.0,944.0,944.0,946.0,946.0,946.0,947.0,949.0,949.0,949.0,949.0,951.0,951.0,951.0,951.0,952
AaLsgtuHMfA,892021.0,892130.0,892216.0,892286.0,892375.0,892480.0,892561.0,892655.0,892744.0,892844.0,892922.0,892995.0,893080.0,893162.0,893246.0,893320.0,893390.0,893498.0,893582.0,893660.0,893738.0,893830.0,893890.0,893973.0,894070.0,894160.0,894245.0,894331.0,894436.0,894501.0,894598.0,894676.0,894760.0,894854.0,894955.0,895030.0,895105.0,895189.0,895266.0,895343.0,895431.0,895532.0,895625.0,895730.0,895803.0,895903.0,895966.0,896068.0,896189.0,896375.0,896495.0,896622.0,896750.0,896868.0,897025.0,897192.0,897345.0,897487.0,897627.0,897761.0,897903.0,898000.0,898112.0,898227.0,898377.0,898475.0,898621.0,898744.0,898864.0,898975.0,899116.0,899240.0,899348.0,899473.0,899580.0,899700.0,899800.0,899912.0,900016.0,900159.0,900287.0,900365.0,900502.0,900632.0,900729.0,900859.0,901009.0,901125.0,901235.0,901368.0,901476.0,901594.0,901723.0,901834.0,901949.0,902057.0,902175.0,902312.0,902415.0,902524.0,902646.0,902751.0,902838.0,902981.0,903117.0,903222.0,903345.0,903453.0,903632.0,903743.0,903892.0,904000.0,904114.0,904260.0,904363.0,904468.0,904604.0,904754.0,904858.0,905016.0,905185.0,905377.0,905500.0,905667.0,905792.0,905961.0,906098.0,906235.0,906373.0,906522.0,906646.0,906809.0,907017.0,907177.0,,,,,,,,,908529.0,908675.0,908778.0,908934.0,909083.0,909213.0,909359.0,909492.0,909619.0,909757.0,909866.0,909970.0,910090.0,910206.0,910337.0,910468.0,910581.0,910678.0,910811.0,910938.0,911069.0,911183.0,911315.0,911443.0,911569.0,911702.0,911853.0,911965.0,912090.0,912213.0,912367.0,912472.0,912588.0,912697.0,912814.0,912937.0,913081.0,913199.0,913325.0,913453.0,913612.0,913717.0,913853.0,913949.0,914102.0,914243.0,914364.0,914485.0,914631.0,914764.0,914862.0,914957.0,915077.0,915180.0,915294.0,915432.0,915558.0,915671.0,915731.0,915852.0,915907.0,915979.0,916060.0,916129.0,916206.0,916306.0,916400.0,916481.0,916549.0,916648.0,916738.0,916816
uxkVq1L6qiY,35557.0,35558.0,35559.0,35559.0,35559.0,35559.0,35560.0,35561.0,35566.0,35569.0,35574.0,35576.0,35579.0,35581.0,35582.0,35584.0,35585.0,35585.0,35585.0,35586.0,35587.0,35587.0,35589.0,35591.0,35591.0,35591.0,35594.0,35595.0,35596.0,35597.0,35603.0,35604.0,35609.0,35611.0,35611.0,35611.0,35614.0,35616.0,35616.0,35617.0,35618.0,35620.0,35621.0,35625.0,35628.0,35630.0,35636.0,35639.0,35640.0,35644.0,35645.0,35646.0,35650.0,35654.0,35656.0,35657.0,35659.0,35663.0,35664.0,35664.0,35666.0,35666.0,35670.0,35671.0,35673.0,35677.0,35679.0,35680.0,35682.0,35686.0,35689.0,35690.0,35691.0,35692.0,35694.0,35696.0,35699.0,35699.0,35702.0,35702.0,35702.0,35706.0,35709.0,35710.0,35712.0,35713.0,35715.0,35721.0,35727.0,35737.0,35745.0,35752.0,35754.0,35757.0,35758.0,35758.0,35758.0,35761.0,35764.0,35764.0,35765.0,35765.0,35768.0,35770.0,35780.0,35784.0,35788.0,35792.0,35795.0,35798.0,35799.0,35804.0,35805.0,35810.0,35813.0,35815.0,35818.0,35820.0,35823.0,35825.0,35827.0,35830.0,35831.0,35831.0,35832.0,35832.0,35834.0,35836.0,35839.0,35840.0,35842.0,35844.0,35848.0,35851.0,,,,,,,,,35860.0,35866.0,35867.0,35873.0,35879.0,35880.0,35882.0,35882.0,35885.0,35887.0,35888.0,35889.0,35893.0,35894.0,35896.0,35897.0,35898.0,35899.0,35903.0,35903.0,35906.0,35907.0,35908.0,35911.0,35913.0,35913.0,35914.0,35915.0,35918.0,35920.0,35922.0,35922.0,35922.0,35923.0,35924.0,35924.0,35926.0,35927.0,35928.0,35929.0,35933.0,35936.0,35936.0,35938.0,35941.0,35941.0,35944.0,35945.0,35946.0,35948.0,35950.0,35950.0,35951.0,35952.0,35952.0,35953.0,35953.0,35954.0,35954.0,35954.0,35956.0,35955.0,35957.0,35958.0,35958.0,35959.0,35960.0,35960.0,35960.0,35961.0,35963.0,35963
YS4e8j2GMxM,50551.0,50554.0,50562.0,50567.0,50571.0,50575.0,50579.0,50584.0,50593.0,50597.0,50605.0,50609.0,50615.0,50620.0,50627.0,50632.0,50633.0,50636.0,50645.0,50649.0,50650.0,50654.0,50655.0,50657.0,50662.0,50665.0,50666.0,50670.0,50672.0,50672.0,50675.0,50676.0,50679.0,50682.0,50687.0,50690.0,50692.0,50694.0,50702.0,50705.0,50714.0,50729.0,50736.0,50746.0,50750.0,50753.0,50758.0,50758.0,50761.0,50765.0,50767.0,50773.0,50781.0,50793.0,50797.0,50802.0,50805.0,50810.0,50817.0,50819.0,50822.0,50825.0,50828.0,50833.0,50836.0,50837.0,50840.0,50843.0,50847.0,50851.0,50855.0,50860.0,50862.0,50872.0,50878.0,50880.0,50880.0,50886.0,50891.0,50894.0,50898.0,50900.0,50910.0,50914.0,50915.0,50918.0,50920.0,50926.0,50929.0,50932.0,50936.0,50941.0,50942.0,50946.0,50948.0,50949.0,50954.0,50956.0,50960.0,50965.0,50967.0,50969.0,50973.0,50986.0,50993.0,51002.0,51003.0,51016.0,51024.0,51032.0,51035.0,51038.0,51048.0,51053.0,51058.0,51064.0,51067.0,51071.0,51074.0,51075.0,51076.0,51077.0,51084.0,51089.0,51092.0,51095.0,51096.0,51098.0,51102.0,51104.0,51109.0,51112.0,51113.0,51117.0,,,,,,,,,51173.0,51183.0,51186.0,51191.0,51198.0,51203.0,51207.0,51211.0,51212.0,51212.0,51216.0,51219.0,51221.0,51223.0,51226.0,51227.0,51228.0,51230.0,51232.0,51233.0,51233.0,51236.0,51241.0,51240.0,51241.0,51246.0,51250.0,51255.0,51260.0,51264.0,51271.0,51274.0,51277.0,51281.0,51284.0,51288.0,51292.0,51295.0,51299.0,51302.0,51304.0,51310.0,51315.0,51321.0,51325.0,51329.0,51330.0,51331.0,51334.0,51337.0,51340.0,51340.0,51346.0,51347.0,51347.0,51348.0,51350.0,51351.0,51356.0,51359.0,51365.0,51374.0,51373.0,51374.0,51379.0,51379.0,51386.0,51394.0,51395.0,51399.0,51399.0,51406
EVgCofSm_mg,19010.0,19011.0,19011.0,19012.0,19014.0,19014.0,19015.0,19017.0,19018.0,19019.0,19021.0,19022.0,19026.0,19028.0,19030.0,19032.0,19033.0,19033.0,19034.0,19034.0,19035.0,19035.0,19038.0,19040.0,19040.0,19040.0,19041.0,19043.0,19043.0,19043.0,19045.0,19046.0,19048.0,19052.0,19053.0,19054.0,19054.0,19057.0,19061.0,19063.0,19063.0,19064.0,19064.0,19066.0,19071.0,19072.0,19074.0,19074.0,19076.0,19079.0,19080.0,19082.0,19086.0,19088.0,19090.0,19090.0,19091.0,19093.0,19093.0,19097.0,19099.0,19100.0,19102.0,19104.0,19108.0,19110.0,19111.0,19111.0,19111.0,19111.0,19117.0,19118.0,19118.0,19119.0,19120.0,19120.0,19120.0,19120.0,19121.0,19121.0,19121.0,19122.0,19125.0,19127.0,19128.0,19129.0,19131.0,19131.0,19132.0,19132.0,19133.0,19134.0,19138.0,19139.0,19139.0,19140.0,19140.0,19142.0,19143.0,19144.0,19146.0,19146.0,19148.0,19151.0,19152.0,19153.0,19153.0,19156.0,19160.0,19161.0,19161.0,19164.0,19164.0,19165.0,19168.0,19168.0,19168.0,19170.0,19171.0,19171.0,19172.0,19174.0,19177.0,19178.0,19179.0,19180.0,19181.0,19182.0,19182.0,19182.0,19184.0,19184.0,19185.0,19187.0,,,,,,,,,19202.0,19204.0,19204.0,19206.0,19207.0,19208.0,19210.0,19212.0,19214.0,19214.0,19216.0,19219.0,19223.0,19223.0,19225.0,19225.0,19229.0,19229.0,19231.0,19231.0,19235.0,19235.0,19236.0,19237.0,19237.0,19237.0,19238.0,19238.0,19238.0,19239.0,19240.0,19240.0,19240.0,19241.0,19243.0,19243.0,19244.0,19244.0,19246.0,19246.0,19246.0,19247.0,19249.0,19253.0,19254.0,19255.0,19256.0,19258.0,19258.0,19262.0,19264.0,19264.0,19264.0,19268.0,19270.0,19270.0,19271.0,19273.0,19274.0,19275.0,19275.0,19276.0,19277.0,19276.0,19276.0,19277.0,19280.0,19282.0,19282.0,19283.0,19283.0,19285
0Y7V-n99taA,13165.0,13169.0,13174.0,13184.0,13189.0,13194.0,13200.0,13205.0,13208.0,13211.0,13217.0,13221.0,13226.0,13235.0,13238.0,13243.0,13246.0,13248.0,13254.0,13257.0,13258.0,13262.0,13269.0,13274.0,13279.0,13282.0,13285.0,13299.0,13308.0,13315.0,13321.0,13324.0,13330.0,13330.0,13339.0,13343.0,13344.0,13348.0,13351.0,13353.0,13355.0,13360.0,13360.0,13361.0,13362.0,13364.0,13369.0,13373.0,13376.0,13385.0,13389.0,13392.0,13396.0,13398.0,13399.0,13402.0,13406.0,13413.0,13418.0,13418.0,13420.0,13422.0,13425.0,13426.0,13432.0,13435.0,13437.0,13440.0,13444.0,13445.0,13449.0,13450.0,13454.0,13458.0,13459.0,13462.0,13465.0,13467.0,13469.0,13474.0,13478.0,13478.0,13480.0,13481.0,13485.0,13488.0,13492.0,13496.0,13500.0,13502.0,13501.0,13504.0,13505.0,13505.0,13508.0,13510.0,13513.0,13514.0,13531.0,13549.0,13550.0,13550.0,13562.0,13570.0,13578.0,13586.0,13599.0,13608.0,13624.0,13629.0,13632.0,13634.0,13643.0,13650.0,13652.0,13660.0,13663.0,13669.0,13673.0,13676.0,13685.0,13690.0,13702.0,13706.0,13712.0,13713.0,13716.0,13722.0,13725.0,13727.0,13734.0,13740.0,13744.0,13747.0,,,,,,,,,13791.0,13795.0,13802.0,13809.0,13814.0,13816.0,13824.0,13829.0,13833.0,13834.0,13836.0,13837.0,13840.0,13842.0,13846.0,13848.0,13849.0,13853.0,13853.0,13857.0,13857.0,13863.0,13865.0,13866.0,13871.0,13876.0,13883.0,13891.0,13902.0,13909.0,13912.0,13920.0,13924.0,13925.0,13927.0,13929.0,13930.0,13934.0,13939.0,13948.0,13953.0,13961.0,13971.0,13982.0,13991.0,13997.0,14004.0,14010.0,14015.0,14022.0,14032.0,14038.0,14047.0,14055.0,14061.0,14061.0,14069.0,14072.0,14078.0,14079.0,14084.0,14084.0,14090.0,14093.0,14096.0,14099.0,14102.0,14107.0,14109.0,14109.0,14113.0,14118
MlRZWl_DFgM,27626.0,27638.0,27653.0,27664.0,27670.0,27676.0,27683.0,27693.0,27706.0,27718.0,27728.0,27744.0,27753.0,27777.0,27787.0,27797.0,27805.0,27812.0,27827.0,27835.0,27846.0,27853.0,27868.0,27883.0,27893.0,27900.0,27912.0,27928.0,27939.0,27948.0,27959.0,27971.0,27982.0,28003.0,28021.0,28029.0,28045.0,28064.0,28084.0,28100.0,28108.0,28137.0,28155.0,28176.0,28192.0,28205.0,28223.0,28231.0,28242.0,28254.0,28259.0,28268.0,28275.0,28287.0,28302.0,28309.0,28318.0,28331.0,28340.0,28351.0,28360.0,28371.0,28379.0,28389.0,28395.0,28406.0,28416.0,28432.0,28435.0,28438.0,28445.0,28452.0,28464.0,28468.0,28476.0,28483.0,28487.0,28497.0,28504.0,28511.0,28516.0,28518.0,28528.0,28536.0,28542.0,28546.0,28552.0,28560.0,28563.0,28588.0,28592.0,28605.0,28612.0,28620.0,28629.0,28637.0,28648.0,28655.0,28663.0,28671.0,28690.0,28699.0,28706.0,28715.0,28722.0,28729.0,28819.0,28894.0,28983.0,29048.0,29100.0,29157.0,29242.0,29300.0,29357.0,29388.0,29431.0,29483.0,29521.0,29572.0,29594.0,29636.0,29666.0,29698.0,29726.0,29762.0,29803.0,29825.0,29850.0,29880.0,29902.0,29932.0,29955.0,29979.0,,,,,,,,,30230.0,30261.0,30286.0,30298.0,30311.0,30329.0,30346.0,30362.0,30387.0,30410.0,30423.0,30441.0,30462.0,30483.0,30507.0,30519.0,30537.0,30558.0,30582.0,30587.0,30604.0,30621.0,30635.0,30657.0,30661.0,30680.0,30702.0,30718.0,30739.0,30758.0,30777.0,30788.0,30805.0,30820.0,30829.0,30846.0,30857.0,30868.0,30881.0,30890.0,30899.0,30913.0,30928.0,30937.0,30952.0,30965.0,30979.0,30997.0,31006.0,31014.0,31025.0,31036.0,31046.0,31055.0,31060.0,31067.0,31081.0,31084.0,31094.0,31102.0,31110.0,31113.0,31130.0,31144.0,31150.0,31157.0,31165.0,31176.0,31183.0,31188.0,31196.0,31203
AmIoEkr8GlE,16745.0,16745.0,16749.0,16751.0,16753.0,16754.0,16756.0,16758.0,16760.0,16760.0,16765.0,16767.0,16769.0,16770.0,16773.0,16777.0,16781.0,16783.0,16783.0,16787.0,16789.0,16792.0,16796.0,16799.0,16801.0,16803.0,16804.0,16807.0,16808.0,16815.0,16817.0,16819.0,16825.0,16827.0,16828.0,16829.0,16831.0,16832.0,16832.0,16837.0,16837.0,16840.0,16842.0,16845.0,16848.0,16848.0,16850.0,16852.0,16853.0,16855.0,16856.0,16857.0,16859.0,16862.0,16865.0,16868.0,16869.0,16872.0,16874.0,16878.0,16879.0,16881.0,16882.0,16884.0,16886.0,16889.0,16891.0,16892.0,16894.0,16895.0,16897.0,16897.0,16898.0,16900.0,16900.0,16900.0,16902.0,16903.0,16906.0,16906.0,16906.0,16906.0,16907.0,16908.0,16909.0,16911.0,16912.0,16915.0,16915.0,16916.0,16916.0,16917.0,16919.0,16921.0,16922.0,16922.0,16923.0,16923.0,16926.0,16930.0,16930.0,16933.0,16933.0,16933.0,16935.0,16938.0,16941.0,16946.0,16953.0,16956.0,16959.0,16963.0,16966.0,16968.0,16971.0,16972.0,16972.0,16973.0,16975.0,16976.0,16978.0,16979.0,16980.0,16982.0,16982.0,16983.0,16985.0,16987.0,16990.0,16994.0,16996.0,16996.0,16998.0,16999.0,,,,,,,,,17020.0,17021.0,17021.0,17023.0,17023.0,17023.0,17025.0,17025.0,17026.0,17026.0,17027.0,17029.0,17031.0,17031.0,17032.0,17032.0,17034.0,17035.0,17036.0,17036.0,17039.0,17042.0,17043.0,17043.0,17045.0,17047.0,17048.0,17051.0,17051.0,17052.0,17055.0,17056.0,17056.0,17058.0,17058.0,17059.0,17061.0,17067.0,17071.0,17072.0,17073.0,17074.0,17075.0,17080.0,17084.0,17088.0,17091.0,17092.0,17095.0,17096.0,17100.0,17101.0,17101.0,17102.0,17104.0,17105.0,17107.0,17108.0,17108.0,17109.0,17109.0,17109.0,17110.0,17111.0,17111.0,17112.0,17113.0,17115.0,17115.0,17116.0,17117.0,17119
_pABICG7DEY,,,,,,,,,,,,,,,,,,,,,,,,,,,,,,,,,,,,,,,,,,,,,,,,,,,,,,,,,,,,,,,,,,,,,,,,,,,,,,,,,,,,,,,,,,,,,,,,,,,,,,,,,,,,,,,,,,,,,,,,,,,,,,,,,,,,,,,,,,,,,,,,,,,,,,,,,,,,,,,,,,,,,,,,,,,,,,,,,,,,,,,,,,,,,,,,,,,,,,,,,,,,,,,,,,,,,,
vBvO5PO3KVI,449.0,449.0,449.0,449.0,449.0,449.0,449.0,449.0,449.0,449.0,449.0,449.0,449.0,449.0,449.0,449.0,449.0,449.0,449.0,449.0,449.0,449.0,450.0,450.0,450.0,450.0,450.0,450.0,450.0,450.0,450.0,450.0,450.0,450.0,450.0,450.0,450.0,450.0,451.0,451.0,451.0,451.0,451.0,451.0,451.0,451.0,452.0,451.0,452.0,452.0,452.0,452.0,452.0,452.0,452.0,452.0,452.0,452.0,452.0,452.0,452.0,452.0,452.0,452.0,452.0,452.0,452.0,452.0,452.0,452.0,452.0,453.0,453.0,453.0,453.0,453.0,453.0,453.0,453.0,453.0,453.0,453.0,453.0,453.0,453.0,453.0,453.0,453.0,453.0,453.0,453.0,453.0,453.0,455.0,455.0,455.0,455.0,455.0,455.0,455.0,455.0,455.0,455.0,455.0,455.0,456.0,457.0,457.0,457.0,457.0,457.0,457.0,457.0,458.0,459.0,459.0,460.0,460.0,460.0,460.0,463.0,465.0,466.0,466.0,468.0,468.0,468.0,468.0,468.0,468.0,468.0,468.0,469.0,469.0,,,,,,,,,472.0,472.0,472.0,472.0,472.0,472.0,472.0,472.0,472.0,472.0,472.0,472.0,472.0,472.0,472.0,472.0,472.0,472.0,472.0,472.0,473.0,473.0,473.0,473.0,473.0,473.0,473.0,475.0,475.0,475.0,477.0,479.0,480.0,480.0,480.0,480.0,480.0,480.0,480.0,480.0,480.0,480.0,480.0,480.0,480.0,480.0,480.0,480.0,480.0,480.0,481.0,482.0,482.0,482.0,482.0,482.0,482.0,482.0,483.0,483.0,483.0,483.0,483.0,483.0,483.0,483.0,483.0,483.0,483.0,483.0,483.0,483
cgud2HYHBEQ,84249.0,84276.0,84303.0,84328.0,84345.0,84368.0,84399.0,84414.0,84428.0,84454.0,84468.0,84488.0,84510.0,84532.0,84545.0,84558.0,84572.0,84585.0,84603.0,84624.0,84652.0,84667.0,84684.0,84693.0,84715.0,84724.0,84742.0,84756.0,84778.0,84802.0,84814.0,84830.0,84857.0,84875.0,84887.0,84903.0,84918.0,84937.0,84948.0,84963.0,84983.0,85005.0,85026.0,85047.0,85073.0,85088.0,85122.0,85133.0,85152.0,85174.0,85198.0,85213.0,85240.0,85257.0,85276.0,85304.0,85322.0,85347.0,85364.0,85387.0,85405.0,85431.0,85458.0,85480.0,85498.0,85517.0,85543.0,85563.0,85576.0,85595.0,85619.0,85642.0,85661.0,85672.0,85691.0,85719.0,85734.0,85748.0,85766.0,85795.0,85809.0,85833.0,85847.0,85873.0,85883.0,85908.0,85917.0,85936.0,85957.0,85974.0,85990.0,86009.0,86018.0,86040.0,86058.0,86075.0,86089.0,86102.0,86118.0,86147.0,86170.0,86186.0,86198.0,86213.0,86241.0,86265.0,86275.0,86297.0,86309.0,86335.0,86347.0,86363.0,86385.0,86394.0,86422.0,86453.0,86475.0,86493.0,86515.0,86533.0,86545.0,86577.0,86587.0,86609.0,86621.0,86632.0,86643.0,86667.0,86693.0,86719.0,86747.0,86761.0,86772.0,86791.0,,,,,,,,,86987.0,87000.0,87016.0,87031.0,87046.0,87064.0,87080.0,87098.0,87113.0,87128.0,87142.0,87154.0,87166.0,87176.0,87190.0,87201.0,87216.0,87232.0,87248.0,87277.0,87294.0,87309.0,87324.0,87340.0,87355.0,87363.0,87377.0,87389.0,87397.0,87413.0,87424.0,87437.0,87450.0,87473.0,87493.0,87509.0,87527.0,87544.0,87553.0,87571.0,87601.0,87621.0,87638.0,87656.0,87672.0,87686.0,87702.0,87716.0,87725.0,87741.0,87749.0,87762.0,87783.0,87800.0,87817.0,87834.0,87850.0,87864.0,87882.0,87896.0,87908.0,87918.0,87932.0,87942.0,87961.0,87967.0,87986.0,88000.0,88010.0,88028.0,88043.0,88061
YjjWrJie-X8,167683.0,167694.0,167715.0,167737.0,167758.0,167787.0,167807.0,167832.0,167855.0,167875.0,167909.0,167935.0,167960.0,167981.0,168001.0,168024.0,168045.0,168081.0,168100.0,168133.0,168163.0,168194.0,168224.0,168247.0,168270.0,168303.0,168329.0,168359.0,168388.0,168418.0,168455.0,168482.0,168511.0,168551.0,168580.0,168610.0,168641.0,168658.0,168680.0,168717.0,168741.0,168781.0,168809.0,168842.0,168868.0,168899.0,168921.0,168954.0,168968.0,168996.0,169026.0,169051.0,169078.0,169100.0,169123.0,169146.0,169175.0,169208.0,169229.0,169263.0,169281.0,169307.0,169334.0,169362.0,169389.0,169408.0,169433.0,169446.0,169468.0,169480.0,169501.0,169518.0,169535.0,169559.0,169583.0,169614.0,169628.0,169648.0,169667.0,169682.0,169701.0,169720.0,169736.0,169754.0,169770.0,169792.0,169803.0,169824.0,169849.0,169865.0,169887.0,169905.0,169918.0,169939.0,169957.0,169973.0,169994.0,170018.0,170054.0,170078.0,170095.0,170121.0,170133.0,170156.0,170170.0,170190.0,170202.0,170216.0,170235.0,170259.0,170276.0,170296.0,170317.0,170332.0,170350.0,170375.0,170391.0,170425.0,170451.0,170469.0,170485.0,170502.0,170518.0,170532.0,170544.0,170555.0,170575.0,170584.0,170601.0,170622.0,170634.0,170658.0,170679.0,170703.0,,,,,,,,,170853.0,170871.0,170878.0,170893.0,170914.0,170928.0,170937.0,170951.0,170959.0,170970.0,170979.0,170997.0,171009.0,171035.0,171056.0,171070.0,171090.0,171099.0,171114.0,171131.0,171140.0,171159.0,171178.0,171189.0,171212.0,171223.0,171236.0,171247.0,171261.0,171280.0,171297.0,171315.0,171335.0,171354.0,171362.0,171371.0,171384.0,171397.0,171410.0,171428.0,171440.0,171457.0,171472.0,171484.0,171497.0,171510.0,171521.0,171536.0,171544.0,171555.0,171560.0,171570.0,171585.0,171603.0,171617.0,171635.0,171635.0,171648.0,171662.0,171677.0,171687.0,171698.0,171709.0,171723.0,171731.0,171739.0,171755.0,171773.0,171790.0,171805.0,171811.0,171825
dC82YC5lA9g,792373.0,792872.0,793525.0,794024.0,794563.0,795055.0,795632.0,796170.0,796617.0,797274.0,797900.0,798459.0,798995.0,799510.0,800014.0,800485.0,800876.0,801316.0,801696.0,802155.0,802602.0,803112.0,803603.0,804024.0,804387.0,804815.0,805242.0,805612.0,806046.0,806497.0,806936.0,807369.0,807830.0,808244.0,808762.0,809247.0,809687.0,810162.0,810622.0,811161.0,811625.0,812099.0,812586.0,813048.0,813524.0,814068.0,814581.0,815149.0,815699.0,816218.0,816727.0,817325.0,817974.0,818482.0,819041.0,819559.0,820051.0,820549.0,821093.0,821629.0,822189.0,822735.0,823368.0,823880.0,824423.0,824931.0,825355.0,825774.0,826147.0,826712.0,827227.0,827620.0,828023.0,828483.0,828992.0,829428.0,829896.0,830425.0,831014.0,831451.0,831875.0,832262.0,832715.0,833167.0,833579.0,834039.0,834499.0,834943.0,835369.0,835735.0,836134.0,836560.0,837020.0,837511.0,838018.0,838415.0,838806.0,839224.0,839628.0,840034.0,840410.0,840798.0,841305.0,841707.0,842125.0,842498.0,842891.0,843150.0,843524.0,843993.0,844355.0,844781.0,845166.0,845569.0,845951.0,846364.0,846801.0,847171.0,847577.0,847998.0,848346.0,848694.0,848971.0,849344.0,849719.0,850100.0,850425.0,850805.0,851171.0,851561.0,851954.0,852321.0,852791.0,853178.0,,,,,,,,,857413.0,857844.0,858287.0,858751.0,859233.0,859658.0,860009.0,860371.0,860801.0,861172.0,861548.0,861908.0,862278.0,862688.0,862989.0,863285.0,863604.0,863911.0,864294.0,864699.0,865102.0,865589.0,866011.0,866454.0,866915.0,867374.0,867836.0,868370.0,868798.0,869219.0,869584.0,869979.0,870360.0,870746.0,871200.0,871679.0,872035.0,872595.0,873034.0,873423.0,873853.0,874355.0,874738.0,875148.0,875621.0,876132.0,876650.0,877177.0,877742.0,878245.0,878749.0,879304.0,879829.0,880328.0,880770.0,881299.0,881749.0,882285.0,882859.0,883379.0,883846.0,884309.0,884844.0,885259.0,885688.0,886116.0,886605.0,887114.0,887486.0,888037.0,888556.0,889015
LKUXc1uwA2Y,33766452.0,33782086.0,33797909.0,33812852.0,33830699.0,33849129.0,33868791.0,33887424.0,33905944.0,33922241.0,33940103.0,33958459.0,33976828.0,33994675.0,34012036.0,34030467.0,34048590.0,34065442.0,34083979.0,34101048.0,34119545.0,34137641.0,34157010.0,34177255.0,34197261.0,34215933.0,34234485.0,34253985.0,34271877.0,34291404.0,34311397.0,34328245.0,34347161.0,34366932.0,34386405.0,34403565.0,34421782.0,34438873.0,34454544.0,34469836.0,34485398.0,34501075.0,34517375.0,34535279.0,34549289.0,34563773.0,34581048.0,34598516.0,34615562.0,34632840.0,34650241.0,34665238.0,34678700.0,34692907.0,34709102.0,34726426.0,34743856.0,34760985.0,34776988.0,34792002.0,34807680.0,34823399.0,34839906.0,34857192.0,34875514.0,34891089.0,34905324.0,34920878.0,34934762.0,34952740.0,34969177.0,34985538.0,35001670.0,35017223.0,35032126.0,35046617.0,35061364.0,35075974.0,35092253.0,35107257.0,35121752.0,35137120.0,35152370.0,35167892.0,35183303.0,35199212.0,35214425.0,35228669.0,35244516.0,35261165.0,35277879.0,35294955.0,35312776.0,35329689.0,35346182.0,35362046.0,35379502.0,35396381.0,35412588.0,35429005.0,35442697.0,35456835.0,35472715.0,35489411.0,35505873.0,35522564.0,35540450.0,35558039.0,35573957.0,35591109.0,35608305.0,35623844.0,35639315.0,35656650.0,35672671.0,35686796.0,35702605.0,35718881.0,35735687.0,35752406.0,35767544.0,35783118.0,35797309.0,35812024.0,35826279.0,35841977.0,35857848.0,35873304.0,35889521.0,35904113.0,35919146.0,35934059.0,35950023.0,35966132.0,,,,,,,,,36107889.0,36123762.0,36140360.0,36156152.0,36173108.0,36189658.0,36205598.0,36221741.0,36235685.0,36250026.0,36264149.0,36278459.0,36295179.0,36310758.0,36325345.0,36338363.0,36352989.0,36368023.0,36383438.0,36399277.0,36418610.0,36436650.0,36453651.0,36470785.0,36487115.0,36502965.0,36519068.0,36536373.0,36551459.0,36565341.0,36579878.0,36595078.0,36609787.0,36624430.0,36639978.0,36655314.0,36669792.0,36684729.0,36700411.0,36715053.0,36731998.0,36748946.0,36765650.0,36781644.0,36799326.0,36817154.0,36834382.0,36850858.0,36868234.0,36885116.0,36900463.0,36916353.0,36932057.0,36948289.0,36964468.0,36980884.0,36996174.0,37010483.0,37025549.0,37040892.0,37056392.0,37069081.0,37084284.0,37099822.0,37114152.0,37129942.0,37144966.0,37159841.0,37172647.0,37186358.0,37200047.0,37213036
hShftkhcs0I,1539059.0,1539136.0,1539218.0,1539277.0,1539357.0,1539441.0,1539569.0,1539683.0,1539852.0,1539995.0,1540160.0,1540332.0,1540489.0,1540628.0,1540835.0,1540997.0,1541199.0,1541334.0,1541506.0,1541656.0,1541809.0,1541964.0,1542130.0,1542288.0,1542365.0,1542531.0,1542661.0,1542817.0,1542986.0,1543153.0,1543250.0,1543376.0,1543488.0,1543607.0,1543757.0,1543902.0,1544036.0,1544168.0,1544290.0,1544363.0,1544507.0,1544631.0,1544785.0,1544923.0,1545054.0,1545188.0,1545329.0,1545430.0,1545563.0,1545716.0,1545824.0,1545964.0,1546065.0,1546136.0,1546235.0,1546352.0,1546434.0,1546532.0,1546624.0,1546719.0,1546800.0,1546896.0,1547005.0,1547091.0,1547201.0,1547307.0,1547404.0,1547499.0,1547565.0,1547699.0,1547806.0,1547913.0,1548004.0,1548116.0,1548199.0,1548293.0,1548369.0,1548446.0,1548534.0,1548617.0,1548695.0,1548788.0,1548863.0,1548948.0,1549037.0,1549135.0,1549220.0,1549287.0,1549379.0,1549476.0,1549576.0,1549660.0,1549764.0,1549854.0,1549971.0,1550079.0,1550168.0,1550258.0,1550353.0,1550442.0,1550514.0,1550567.0,1550639.0,1550740.0,1550846.0,1550921.0,1550991.0,1551078.0,1551180.0,1551269.0,1551372.0,1551467.0,1551534.0,1551636.0,1551706.0,1551784.0,1551906.0,1551991.0,1552091.0,1552219.0,1552310.0,1552430.0,1552508.0,1552593.0,1552669.0,1552747.0,1552842.0,1552942.0,1553044.0,1553117.0,1553222.0,1553293.0,1553393.0,1553466.0,,,,,,,,,1554408.0,1554565.0,1554684.0,1554802.0,1554941.0,1555027.0,1555172.0,1555323.0,1555475.0,1555618.0,1555742.0,1555889.0,1556040.0,1556178.0,1556289.0,1556421.0,1556556.0,1556734.0,1556874.0,1557048.0,1557172.0,1557311.0,1557406.0,1557543.0,1557648.0,1557770.0,1557886.0,1557992.0,1558118.0,1558204.0,1558321.0,1558471.0,1558568.0,1558710.0,1558800.0,1558894.0,1558996.0,1559089.0,1559182.0,1559282.0,1559378.0,1559503.0,1559585.0,1559671.0,1559769.0,1559890.0,1559989.0,1560111.0,1560194.0,1560285.0,1560367.0,1560478.0,1560590.0,1560682.0,1560764.0,1560875.0,1561000.0,1561109.0,1561199.0,1561280.0,1561389.0,1561458.0,1561591.0,1561666.0,1561729.0,1561820.0,1561908.0,1561998.0,1562114.0,1562184.0,1562259.0,1562345
l63e5dGY-Fg,1445141.0,1445209.0,1445276.0,1445322.0,1445397.0,1445465.0,1445566.0,1445696.0,1445785.0,1445922.0,1446044.0,1446188.0,1446334.0,1446499.0,1446661.0,1446850.0,1447059.0,1447233.0,1447396.0,1447535.0,1447672.0,1447825.0,1447975.0,1448155.0,1448271.0,1448435.0,1448642.0,1448813.0,1448975.0,1449153.0,1449306.0,1449417.0,1449521.0,1449646.0,1449781.0,1449933.0,1450063.0,1450206.0,1450324.0,1450424.0,1450554.0,1450706.0,1450848.0,1450978.0,1451158.0,1451299.0,1451438.0,1451598.0,1451748.0,1451922.0,1452042.0,1452173.0,1452280.0,1452397.0,1452525.0,1452635.0,1452770.0,1452902.0,1452976.0,1453110.0,1453242.0,1453364.0,1453477.0,1453599.0,1453686.0,1453784.0,1453873.0,1453976.0,1454061.0,1454176.0,1454321.0,1454423.0,1454512.0,1454596.0,1454674.0,1454758.0,1454873.0,1454950.0,1455063.0,1455156.0,1455251.0,1455349.0,1455445.0,1455528.0,1455601.0,1455715.0,1455821.0,1455892.0,1455977.0,1456042.0,1456152.0,1456248.0,1456347.0,1456444.0,1456532.0,1456641.0,1456727.0,1456823.0,1456923.0,1457004.0,1457080.0,1457137.0,1457213.0,1457300.0,1457373.0,1457445.0,1457520.0,1457576.0,1457661.0,1457714.0,1457785.0,1457843.0,1457931.0,1458008.0,1458097.0,1458177.0,1458265.0,1458348.0,1458449.0,1458552.0,1458636.0,1458757.0,1458843.0,1458918.0,1458989.0,1459063.0,1459145.0,1459227.0,1459318.0,1459402.0,1459496.0,1459585.0,1459698.0,1459801.0,,,,,,,,,1460814.0,1460983.0,1461134.0,1461235.0,1461403.0,1461540.0,1461737.0,1461925.0,1462085.0,1462251.0,1462388.0,1462549.0,1462756.0,1462946.0,1463154.0,1463334.0,1463563.0,1463819.0,1464084.0,1464321.0,1464531.0,1464704.0,1464841.0,1464998.0,1465165.0,1465360.0,1465542.0,1465751.0,1465893.0,1466016.0,1466160.0,1466323.0,1466440.0,1466563.0,1466695.0,1466769.0,1466882.0,1466996.0,1467152.0,1467266.0,1467405.0,1467531.0,1467642.0,1467722.0,1467838.0,1467947.0,1468073.0,1468204.0,1468341.0,1468508.0,1468632.0,1468739.0,1468852.0,1468974.0,1469070.0,1469178.0,1469291.0,1469381.0,1469489.0,1469583.0,1469676.0,1469778.0,1469883.0,1469974.0,1470063.0,1470153.0,1470262.0,1470395.0,1470508.0,1470585.0,1470660.0,1470744
0k7C8dFPzEI,248168.0,248210.0,248256.0,248310.0,248365.0,248414.0,248470.0,248510.0,248574.0,248629.0,248686.0,248738.0,248794.0,248858.0,248911.0,248962.0,249030.0,249101.0,249156.0,249208.0,249276.0,249326.0,249377.0,249420.0,249471.0,249533.0,249587.0,249650.0,249708.0,249766.0,249828.0,249882.0,249937.0,250006.0,250063.0,250117.0,250163.0,250214.0,250253.0,250301.0,250356.0,250407.0,250469.0,250539.0,250593.0,250659.0,250721.0,250769.0,250840.0,250897.0,250959.0,251018.0,251064.0,251125.0,251176.0,251250.0,251320.0,251375.0,251438.0,251498.0,251561.0,251627.0,251704.0,251771.0,251831.0,251891.0,251944.0,252004.0,252085.0,252156.0,252210.0,252272.0,252337.0,252406.0,252470.0,252539.0,252611.0,252689.0,252735.0,252808.0,252875.0,252955.0,253034.0,253086.0,253162.0,253233.0,253309.0,253391.0,253458.0,253538.0,253632.0,253721.0,253804.0,253875.0,253977.0,254064.0,254155.0,254268.0,254349.0,254433.0,254494.0,254574.0,254658.0,254719.0,254801.0,254860.0,254941.0,255018.0,255072.0,255161.0,255252.0,255340.0,255441.0,255544.0,255696.0,255812.0,255925.0,256034.0,256160.0,256288.0,256396.0,256504.0,256567.0,256675.0,256814.0,256928.0,257073.0,257220.0,257355.0,257443.0,257546.0,257716.0,257863.0,257995.0,,,,,,,,,259178.0,259311.0,259415.0,259511.0,259621.0,259765.0,259934.0,260050.0,260280.0,260574.0,260847.0,261103.0,261317.0,261549.0,261710.0,261890.0,262046.0,262242.0,262347.0,262477.0,262591.0,262678.0,262765.0,262894.0,263005.0,263089.0,263197.0,263281.0,263352.0,263385.0,263528.0,263602.0,263676.0,263747.0,263812.0,263873.0,263928.0,264014.0,264100.0,264197.0,264287.0,264384.0,264463.0,264540.0,264632.0,264747.0,264852.0,264943.0,265021.0,265110.0,265181.0,265266.0,265354.0,265445.0,265530.0,265611.0,265672.0,265752.0,265855.0,265926.0,266016.0,266086.0,266170.0,266271.0,266384.0,266500.0,266603.0,266724.0,266811.0,266915.0,267005.0,267090
YSZ__OkWCH0,344346.0,344445.0,344557.0,344646.0,344789.0,344898.0,345013.0,345135.0,345274.0,345390.0,345513.0,345620.0,345742.0,345849.0,345954.0,346082.0,346172.0,346292.0,346378.0,346486.0,346604.0,346708.0,346802.0,346899.0,346998.0,347116.0,347216.0,347330.0,347434.0,347567.0,347679.0,347800.0,347909.0,348028.0,348145.0,348274.0,348402.0,348508.0,348610.0,348703.0,348785.0,348895.0,348998.0,349088.0,349173.0,349278.0,349358.0,349444.0,349549.0,349617.0,349698.0,349806.0,349912.0,350060.0,350182.0,350330.0,350459.0,350569.0,350696.0,350821.0,350967.0,351103.0,351267.0,351426.0,351541.0,351630.0,351771.0,351849.0,351959.0,352057.0,352129.0,352209.0,352302.0,352390.0,352473.0,352568.0,352681.0,352769.0,352885.0,353002.0,353068.0,353228.0,353350.0,353476.0,353566.0,353664.0,353758.0,353847.0,353945.0,354044.0,354141.0,354244.0,354331.0,354445.0,354552.0,354662.0,354778.0,354903.0,355038.0,355159.0,355262.0,355370.0,355477.0,355577.0,355691.0,355822.0,355946.0,356077.0,356186.0,356291.0,356409.0,356516.0,356647.0,356767.0,356878.0,356997.0,357073.0,357157.0,357252.0,357351.0,357481.0,357621.0,357715.0,357803.0,357986.0,358159.0,358340.0,358493.0,358604.0,358723.0,358827.0,358954.0,359073.0,359148.0,,,,,,,,,360066.0,360166.0,360263.0,360353.0,360449.0,360568.0,360678.0,360757.0,360817.0,360899.0,361011.0,361110.0,361199.0,361304.0,361398.0,361453.0,361553.0,361664.0,361755.0,361863.0,361977.0,362040.0,362131.0,362225.0,362343.0,362444.0,362551.0,362643.0,362717.0,362802.0,362903.0,363011.0,363100.0,363192.0,363261.0,363334.0,363409.0,363493.0,363583.0,363675.0,363765.0,363860.0,363957.0,364056.0,364154.0,364259.0,364375.0,364475.0,364570.0,364674.0,364754.0,364843.0,364926.0,365016.0,365098.0,365177.0,365258.0,365327.0,365400.0,365511.0,365609.0,365673.0,365731.0,365817.0,365915.0,365983.0,366076.0,366166.0,366229.0,366341.0,366448.0,366537
fnQbkvg89gs,622.0,622.0,622.0,623.0,624.0,624.0,625.0,625.0,626.0,626.0,626.0,626.0,626.0,627.0,627.0,627.0,627.0,627.0,627.0,627.0,627.0,627.0,627.0,627.0,629.0,629.0,630.0,630.0,630.0,630.0,630.0,630.0,630.0,630.0,630.0,630.0,630.0,630.0,630.0,630.0,630.0,630.0,630.0,630.0,630.0,630.0,630.0,630.0,630.0,630.0,630.0,630.0,630.0,630.0,630.0,630.0,630.0,630.0,630.0,630.0,630.0,630.0,630.0,631.0,631.0,631.0,631.0,631.0,631.0,631.0,631.0,631.0,632.0,632.0,632.0,632.0,632.0,633.0,633.0,633.0,633.0,633.0,633.0,633.0,633.0,633.0,633.0,633.0,633.0,634.0,634.0,634.0,634.0,634.0,634.0,634.0,634.0,634.0,634.0,634.0,634.0,634.0,634.0,635.0,635.0,635.0,635.0,635.0,635.0,635.0,635.0,635.0,635.0,635.0,635.0,635.0,635.0,635.0,635.0,635.0,635.0,635.0,635.0,635.0,635.0,635.0,635.0,635.0,635.0,635.0,635.0,635.0,635.0,635.0,,,,,,,,,636.0,636.0,636.0,636.0,636.0,636.0,636.0,636.0,638.0,638.0,638.0,638.0,638.0,638.0,638.0,638.0,638.0,638.0,638.0,638.0,638.0,638.0,638.0,638.0,638.0,638.0,638.0,638.0,639.0,639.0,639.0,639.0,639.0,639.0,639.0,639.0,639.0,639.0,639.0,639.0,639.0,639.0,639.0,639.0,639.0,642.0,645.0,646.0,646.0,646.0,646.0,647.0,647.0,647.0,647.0,647.0,647.0,647.0,647.0,647.0,647.0,647.0,647.0,647.0,647.0,647.0,647.0,647.0,647.0,647.0,647.0,647
geoeT1KYON4,542.0,542.0,542.0,542.0,542.0,542.0,542.0,542.0,542.0,542.0,542.0,542.0,542.0,543.0,543.0,543.0,544.0,544.0,544.0,544.0,544.0,544.0,545.0,545.0,545.0,545.0,545.0,545.0,545.0,546.0,546.0,546.0,546.0,546.0,546.0,546.0,546.0,546.0,546.0,546.0,546.0,546.0,546.0,546.0,546.0,546.0,546.0,546.0,546.0,546.0,546.0,546.0,546.0,546.0,546.0,546.0,546.0,546.0,546.0,546.0,546.0,546.0,546.0,546.0,546.0,546.0,546.0,546.0,546.0,546.0,546.0,547.0,547.0,547.0,547.0,547.0,547.0,547.0,547.0,547.0,547.0,547.0,547.0,547.0,547.0,547.0,547.0,548.0,548.0,548.0,548.0,548.0,548.0,548.0,548.0,548.0,548.0,548.0,548.0,548.0,548.0,548.0,548.0,548.0,548.0,548.0,548.0,548.0,548.0,548.0,548.0,548.0,548.0,548.0,548.0,548.0,548.0,548.0,548.0,548.0,548.0,548.0,548.0,548.0,548.0,548.0,548.0,548.0,548.0,548.0,548.0,548.0,548.0,548.0,,,,,,,,,548.0,548.0,548.0,548.0,548.0,548.0,548.0,548.0,548.0,548.0,548.0,548.0,549.0,549.0,549.0,551.0,551.0,551.0,551.0,551.0,551.0,551.0,551.0,551.0,551.0,551.0,551.0,551.0,551.0,551.0,551.0,551.0,551.0,551.0,551.0,551.0,551.0,551.0,551.0,551.0,551.0,551.0,552.0,552.0,552.0,552.0,552.0,552.0,552.0,552.0,552.0,552.0,552.0,552.0,552.0,552.0,552.0,552.0,552.0,552.0,552.0,552.0,552.0,552.0,552.0,552.0,552.0,552.0,552.0,552.0,552.0,552
HBn2Oyex69I,53.0,53.0,53.0,53.0,53.0,53.0,53.0,53.0,53.0,53.0,53.0,53.0,53.0,53.0,53.0,53.0,53.0,53.0,53.0,53.0,53.0,53.0,53.0,53.0,53.0,53.0,53.0,53.0,53.0,53.0,53.0,53.0,53.0,53.0,53.0,53.0,53.0,53.0,53.0,53.0,53.0,53.0,53.0,53.0,53.0,53.0,53.0,53.0,54.0,54.0,54.0,53.0,53.0,53.0,53.0,53.0,53.0,53.0,53.0,53.0,53.0,53.0,53.0,53.0,53.0,53.0,53.0,53.0,53.0,53.0,53.0,53.0,53.0,53.0,53.0,53.0,53.0,53.0,53.0,53.0,53.0,53.0,53.0,53.0,53.0,53.0,53.0,53.0,53.0,53.0,53.0,53.0,53.0,53.0,53.0,53.0,53.0,53.0,53.0,53.0,53.0,53.0,53.0,53.0,53.0,53.0,53.0,53.0,53.0,53.0,53.0,53.0,53.0,53.0,53.0,53.0,53.0,53.0,53.0,53.0,53.0,53.0,53.0,53.0,53.0,53.0,53.0,53.0,53.0,53.0,53.0,53.0,53.0,53.0,,,,,,,,,53.0,53.0,53.0,53.0,53.0,53.0,53.0,53.0,53.0,53.0,53.0,53.0,53.0,53.0,53.0,53.0,53.0,53.0,53.0,53.0,53.0,53.0,53.0,53.0,53.0,53.0,53.0,53.0,53.0,53.0,53.0,53.0,53.0,53.0,53.0,53.0,53.0,53.0,53.0,53.0,53.0,53.0,53.0,53.0,53.0,53.0,53.0,53.0,53.0,53.0,53.0,53.0,53.0,53.0,53.0,53.0,53.0,53.0,53.0,53.0,53.0,53.0,53.0,53.0,53.0,53.0,53.0,53.0,53.0,53.0,53.0,53
Kqv6BUE_gQw,29244.0,29248.0,29253.0,29265.0,29283.0,29290.0,29297.0,29310.0,29322.0,29335.0,29341.0,29354.0,29365.0,29375.0,29379.0,29387.0,29395.0,29403.0,29409.0,29415.0,29422.0,29428.0,29437.0,29444.0,29447.0,29452.0,29456.0,29461.0,29463.0,29469.0,29475.0,29482.0,29487.0,29492.0,29499.0,29509.0,29519.0,29528.0,29531.0,29536.0,29539.0,29545.0,29548.0,29560.0,29566.0,29575.0,29578.0,29584.0,29586.0,29590.0,29594.0,29599.0,29603.0,29605.0,29608.0,29612.0,29615.0,29618.0,29624.0,29630.0,29631.0,29638.0,29640.0,29641.0,29644.0,29649.0,29652.0,29653.0,29657.0,29659.0,29663.0,29666.0,29669.0,29676.0,29678.0,29688.0,29693.0,29695.0,29707.0,29715.0,29724.0,29731.0,29740.0,29748.0,29756.0,29764.0,29772.0,29779.0,29784.0,29788.0,29795.0,29799.0,29802.0,29803.0,29807.0,29811.0,29815.0,29819.0,29827.0,29829.0,29835.0,29839.0,29844.0,29847.0,29857.0,29867.0,29879.0,29881.0,29887.0,29896.0,29903.0,29905.0,29912.0,29919.0,29921.0,29927.0,29940.0,29946.0,29957.0,29965.0,29972.0,29979.0,29988.0,29991.0,30001.0,30005.0,30010.0,30014.0,30019.0,30022.0,30031.0,30036.0,30037.0,30044.0,,,,,,,,,30126.0,30132.0,30136.0,30150.0,30156.0,30166.0,30181.0,30192.0,30199.0,30210.0,30223.0,30226.0,30235.0,30247.0,30255.0,30265.0,30275.0,30282.0,30294.0,30294.0,30296.0,30303.0,30307.0,30312.0,30320.0,30329.0,30343.0,30351.0,30360.0,30374.0,30383.0,30389.0,30397.0,30404.0,30412.0,30417.0,30424.0,30431.0,30435.0,30440.0,30441.0,30447.0,30448.0,30452.0,30461.0,30471.0,30480.0,30486.0,30487.0,30492.0,30498.0,30501.0,30506.0,30511.0,30517.0,30522.0,30527.0,30531.0,30540.0,30547.0,30557.0,30560.0,30562.0,30564.0,30565.0,30568.0,30572.0,30575.0,30580.0,30583.0,30585.0,30590
XfiXlmvhFsU,6011.0,6011.0,6011.0,6015.0,6016.0,6017.0,6018.0,6019.0,6022.0,6024.0,6027.0,6028.0,6028.0,6029.0,6030.0,6033.0,6034.0,6035.0,6036.0,6035.0,6035.0,6035.0,6036.0,6036.0,6037.0,6037.0,6038.0,6039.0,6041.0,6041.0,6042.0,6043.0,6045.0,6046.0,6046.0,6047.0,6049.0,6051.0,6053.0,6054.0,6052.0,6053.0,6054.0,6056.0,6058.0,6059.0,6060.0,6059.0,6059.0,6059.0,6059.0,6059.0,6061.0,6064.0,6066.0,6066.0,6069.0,6070.0,6070.0,6070.0,6070.0,6070.0,6073.0,6073.0,6074.0,6074.0,6074.0,6075.0,6077.0,6078.0,6081.0,6081.0,6082.0,6084.0,6084.0,6084.0,6084.0,6085.0,6087.0,6088.0,6088.0,6088.0,6089.0,6091.0,6091.0,6092.0,6093.0,6094.0,6094.0,6094.0,6095.0,6098.0,6099.0,6099.0,6100.0,6101.0,6101.0,6101.0,6102.0,6102.0,6103.0,6104.0,6104.0,6105.0,6105.0,6105.0,6106.0,6106.0,6106.0,6108.0,6108.0,6109.0,6110.0,6110.0,6110.0,6111.0,6113.0,6114.0,6116.0,6122.0,6123.0,6123.0,6125.0,6126.0,6127.0,6127.0,6128.0,6129.0,6129.0,6129.0,6129.0,6130.0,6130.0,6132.0,,,,,,,,,6135.0,6137.0,6137.0,6137.0,6138.0,6138.0,6140.0,6142.0,6142.0,6142.0,6142.0,6143.0,6143.0,6145.0,6147.0,6148.0,6148.0,6150.0,6150.0,6150.0,6150.0,6150.0,6150.0,6151.0,6151.0,6151.0,6151.0,6152.0,6152.0,6153.0,6154.0,6155.0,6155.0,6155.0,6156.0,6157.0,6157.0,6157.0,6160.0,6162.0,6162.0,6167.0,6167.0,6168.0,6168.0,6168.0,6168.0,6169.0,6169.0,6169.0,6169.0,6170.0,6172.0,6175.0,6176.0,6178.0,6178.0,6179.0,6180.0,6182.0,6183.0,6184.0,6185.0,6187.0,6187.0,6188.0,6189.0,6190.0,6190.0,6191.0,6192.0,6192
PS0qkO5qty0,61607342.0,61612759.0,61618816.0,61625195.0,61631658.0,61638259.0,61645439.0,61653186.0,61663125.0,61675949.0,61690243.0,61702820.0,61717170.0,61730895.0,61744179.0,61756448.0,61768100.0,61778658.0,61787833.0,61797042.0,61806581.0,61816254.0,61825659.0,61833024.0,61840440.0,61847313.0,61854362.0,61861751.0,61869306.0,61877244.0,61885315.0,61892587.0,61899195.0,61906342.0,61913595.0,61921300.0,61928762.0,61935404.0,61941931.0,61947677.0,61953769.0,61959949.0,61966288.0,61972611.0,61978657.0,61984706.0,61990191.0,61996708.0,62002894.0,62009239.0,62015288.0,62021207.0,62026611.0,62031879.0,62037408.0,62042946.0,62048492.0,62054327.0,62060048.0,62065767.0,62071151.0,62076947.0,62082856.0,62089143.0,62095633.0,62101305.0,62106934.0,62112956.0,62118492.0,62125214.0,62131450.0,62137601.0,62143497.0,62149080.0,62154620.0,62160118.0,62165693.0,62171732.0,62177957.0,62183938.0,62190266.0,62195611.0,62201194.0,62207124.0,62212667.0,62218392.0,62224078.0,62229646.0,62235096.0,62240645.0,62246004.0,62251387.0,62256525.0,62261985.0,62267504.0,62272661.0,62277774.0,62282930.0,62288146.0,62293542.0,62299000.0,62304426.0,62309499.0,62314791.0,62320071.0,62325595.0,62331002.0,62336151.0,62341176.0,62345902.0,62350996.0,62356420.0,62361933.0,62367552.0,62372995.0,62378508.0,62383970.0,62389772.0,62395070.0,62401189.0,62407241.0,62413138.0,62418838.0,62423775.0,62429223.0,62434900.0,62440315.0,62445890.0,62451470.0,62457065.0,62462221.0,62467163.0,62472417.0,62477221.0,,,,,,,,,62524804.0,62531282.0,62536942.0,62542056.0,62547654.0,62553490.0,62558839.0,62564335.0,62569639.0,62575002.0,62580439.0,62585890.0,62591971.0,62598247.0,62604867.0,62611287.0,62617301.0,62622882.0,62628799.0,62635168.0,62641931.0,62648589.0,62655040.0,62660774.0,62666873.0,62672590.0,62678311.0,62684247.0,62689977.0,62695623.0,62700922.0,62706372.0,62711784.0,62717627.0,62723254.0,62728683.0,62734038.0,62739326.0,62744848.0,62750311.0,62755517.0,62760926.0,62766556.0,62772131.0,62777266.0,62782626.0,62788277.0,62793989.0,62799697.0,62805201.0,62810840.0,62816153.0,62821705.0,62827494.0,62833146.0,62839240.0,62845190.0,62850724.0,62855957.0,62861614.0,62867261.0,62872666.0,62876707.0,62881232.0,62886064.0,62890937.0,62896093.0,62901610.0,62906905.0,62910983.0,62915820.0,62920619
WqI2osvJkXQ,30296.0,30311.0,30330.0,30343.0,30360.0,30373.0,30384.0,30400.0,30419.0,30442.0,30456.0,30472.0,30478.0,30502.0,30517.0,30535.0,30555.0,30571.0,30594.0,30612.0,30628.0,30650.0,30667.0,30682.0,30697.0,30724.0,30743.0,30754.0,30775.0,30796.0,30818.0,30832.0,30846.0,30860.0,30878.0,30895.0,30910.0,30929.0,30956.0,30972.0,31014.0,31037.0,31068.0,31076.0,31093.0,31116.0,31130.0,31146.0,31157.0,31173.0,31189.0,31203.0,31218.0,31239.0,31259.0,31281.0,31293.0,31308.0,31323.0,31334.0,31355.0,31374.0,31391.0,31414.0,31442.0,31458.0,31470.0,31487.0,31523.0,31550.0,31562.0,31578.0,31594.0,31609.0,31625.0,31638.0,31652.0,31715.0,31810.0,31866.0,31879.0,31934.0,31967.0,32008.0,32039.0,32104.0,32134.0,32160.0,32179.0,32199.0,32236.0,32270.0,32300.0,32328.0,32361.0,32388.0,32408.0,32435.0,32453.0,32476.0,32496.0,32512.0,32525.0,32542.0,32559.0,32570.0,32595.0,32617.0,32639.0,32666.0,32686.0,32717.0,32732.0,32756.0,32773.0,32785.0,32796.0,32818.0,32836.0,32847.0,32861.0,32871.0,32885.0,32891.0,32906.0,32925.0,32935.0,32959.0,32978.0,32993.0,33002.0,33028.0,33044.0,33057.0,,,,,,,,,33217.0,33232.0,33254.0,33266.0,33285.0,33301.0,33312.0,33322.0,33336.0,33350.0,33365.0,33381.0,33398.0,33415.0,33427.0,33439.0,33451.0,33467.0,33481.0,33490.0,33497.0,33502.0,33507.0,33513.0,33534.0,33538.0,33553.0,33564.0,33570.0,33577.0,33594.0,33600.0,33605.0,33615.0,33625.0,33633.0,33648.0,33656.0,33674.0,33680.0,33685.0,33707.0,33722.0,33737.0,33753.0,33765.0,33785.0,33801.0,33822.0,33835.0,33840.0,33850.0,33869.0,33887.0,33895.0,33905.0,33919.0,33933.0,33941.0,33958.0,33975.0,33991.0,34005.0,34012.0,34025.0,34038.0,34056.0,34071.0,34080.0,34094.0,34110.0,34124
fIOI_8aOUug,,,,,,,,,,,,,,,,,,,,,,,,,,,,,,,,,,,,,,,,,,,,,,,,,,,,,,,,,,,,,,,,,,,,,,,,,,,,,,,,,,,,,,,,,,,,,,,,,,,,,,,,,,,,,,,,,,,,,,,,,,,,,,,,,,,,,,,,,,,,,,,,,,,,,,,,,,,,,,,,,,,,,,,,,,,,,,,,,,,,,,,,,,,,,,,,,,,,,,,,,,,,,,,,,,,,,,
JMwP1x0N3Bo,1384881.0,1385542.0,1386189.0,1386701.0,1387466.0,1388312.0,1389044.0,1389872.0,1390820.0,1391381.0,1392004.0,1392715.0,1393425.0,1394163.0,1395076.0,1395902.0,1396586.0,1397233.0,1398024.0,1398829.0,1399626.0,1400431.0,1401261.0,1401928.0,1402651.0,1403421.0,1404258.0,1405082.0,1405878.0,1406756.0,1407526.0,1408067.0,1408872.0,1409942.0,1410953.0,1412325.0,1413674.0,1414609.0,1415321.0,1416207.0,1417179.0,1418203.0,1419152.0,1420157.0,1420957.0,1421520.0,1422394.0,1423226.0,1423994.0,1424818.0,1425676.0,1426388.0,1427064.0,1427913.0,1428663.0,1429422.0,1430283.0,1430991.0,1431712.0,1432267.0,1432906.0,1433708.0,1434499.0,1435226.0,1435962.0,1436588.0,1437125.0,1437866.0,1438523.0,1439343.0,1440156.0,1440874.0,1441529.0,1442058.0,1442749.0,1443568.0,1444310.0,1444974.0,1445711.0,1446359.0,1446967.0,1447630.0,1448330.0,1449007.0,1449717.0,1450381.0,1450948.0,1451403.0,1451965.0,1452643.0,1453321.0,1453981.0,1454601.0,1455271.0,1455788.0,1456560.0,1457170.0,1457840.0,1458532.0,1459198.0,1459846.0,1460395.0,1461055.0,1461839.0,1462580.0,1463451.0,1464253.0,1464899.0,1465541.0,1466520.0,1467457.0,1468503.0,1469560.0,1470547.0,1471241.0,1471915.0,1472816.0,1473898.0,1474951.0,1475891.0,1476838.0,1477651.0,1478191.0,1478930.0,1479694.0,1480445.0,1481191.0,1482081.0,1482837.0,1483659.0,1484482.0,1485246.0,1486172.0,1487026.0,,,,,,,,,1494256.0,1494903.0,1495773.0,1496627.0,1497488.0,1498308.0,1498947.0,1499512.0,1500192.0,1501079.0,1501960.0,1503017.0,1504340.0,1505651.0,1506678.0,1507578.0,1508853.0,1509843.0,1510842.0,1511764.0,1512479.0,1513203.0,1513826.0,1514474.0,1515202.0,1515892.0,1516646.0,1517473.0,1518194.0,1518804.0,1519592.0,1520508.0,1521413.0,1522246.0,1523041.0,1523745.0,1524395.0,1525212.0,1526030.0,1526858.0,1527732.0,1528642.0,1529523.0,1530321.0,1531381.0,1532253.0,1533237.0,1534260.0,1535153.0,1535917.0,1536532.0,1537223.0,1538174.0,1539008.0,1539909.0,1540680.0,1541386.0,1542208.0,1543418.0,1544521.0,1545737.0,1546529.0,1547676.0,1548601.0,1549484.0,1550555.0,1551758.0,1552866.0,1553598.0,1554619.0,1555528.0,1556626
N_7pMRORNns,1796.0,1796.0,1797.0,1799.0,1802.0,1806.0,1806.0,1807.0,1808.0,1809.0,1809.0,1810.0,1810.0,1810.0,1812.0,1812.0,1812.0,1814.0,1814.0,1816.0,1820.0,1820.0,1821.0,1822.0,1823.0,1823.0,1823.0,1823.0,1824.0,1825.0,1827.0,1831.0,1830.0,1831.0,1831.0,1832.0,1832.0,1832.0,1832.0,1833.0,1833.0,1835.0,1837.0,1837.0,1837.0,1838.0,1839.0,1843.0,1843.0,1843.0,1843.0,1844.0,1844.0,1845.0,1845.0,1846.0,1847.0,1847.0,1848.0,1850.0,1850.0,1852.0,1854.0,1855.0,1855.0,1856.0,1856.0,1859.0,1860.0,1862.0,1862.0,1862.0,1866.0,1869.0,1871.0,1875.0,1877.0,1878.0,1881.0,1882.0,1884.0,1884.0,1884.0,1885.0,1885.0,1886.0,1886.0,1887.0,1888.0,1889.0,1890.0,1890.0,1891.0,1892.0,1892.0,1893.0,1894.0,1895.0,1896.0,1896.0,1897.0,1897.0,1899.0,1901.0,1904.0,1908.0,1909.0,1911.0,1914.0,1918.0,1918.0,1918.0,1919.0,1919.0,1920.0,1920.0,1920.0,1922.0,1922.0,1923.0,1924.0,1925.0,1926.0,1926.0,1927.0,1927.0,1928.0,1928.0,1928.0,1928.0,1928.0,1929.0,1929.0,1930.0,,,,,,,,,1943.0,1955.0,1957.0,1950.0,1957.0,1963.0,1968.0,1973.0,1985.0,1987.0,1992.0,1997.0,2002.0,2010.0,2010.0,2017.0,2030.0,2030.0,2030.0,2032.0,2032.0,2032.0,2033.0,2035.0,2041.0,2042.0,2042.0,2042.0,2042.0,2043.0,2043.0,2043.0,2044.0,2044.0,2045.0,2045.0,2045.0,2045.0,2045.0,2045.0,2045.0,2045.0,2046.0,2046.0,2046.0,2046.0,2048.0,2048.0,2048.0,2048.0,2050.0,2050.0,2050.0,2050.0,2051.0,2051.0,2051.0,2053.0,2053.0,2055.0,2058.0,2058.0,2059.0,2059.0,2059.0,2061.0,2063.0,2063.0,2064.0,2064.0,2064.0,2064
zTTMXenhje4,157301.0,157381.0,157441.0,157506.0,157581.0,157655.0,157725.0,157773.0,157821.0,157865.0,157905.0,157939.0,157985.0,158016.0,158053.0,158102.0,158143.0,158200.0,158258.0,158275.0,158313.0,158363.0,158428.0,158485.0,158572.0,158624.0,158676.0,158753.0,158830.0,158898.0,158956.0,159030.0,159093.0,159158.0,159172.0,159198.0,159215.0,159241.0,159255.0,159272.0,159285.0,159303.0,159317.0,159329.0,159337.0,159349.0,159363.0,159374.0,159382.0,159392.0,159407.0,159430.0,159449.0,159456.0,159468.0,159487.0,159496.0,159518.0,159530.0,159549.0,159566.0,159587.0,159604.0,159619.0,159627.0,159645.0,159659.0,159665.0,159685.0,159712.0,159731.0,159749.0,159762.0,159787.0,159800.0,159821.0,159832.0,159847.0,159861.0,159869.0,159877.0,159888.0,159897.0,159904.0,159920.0,159927.0,159939.0,159951.0,159963.0,159976.0,159987.0,159996.0,160002.0,160019.0,160040.0,160049.0,160064.0,160073.0,160095.0,160109.0,160135.0,160148.0,160166.0,160184.0,160199.0,160209.0,160223.0,160232.0,160250.0,160267.0,160281.0,160299.0,160307.0,160326.0,160341.0,160347.0,160382.0,160390.0,160412.0,160428.0,160452.0,160468.0,160483.0,160490.0,160502.0,160509.0,160518.0,160525.0,160547.0,160559.0,160569.0,160576.0,160587.0,160597.0,,,,,,,,,160709.0,160719.0,160733.0,160745.0,160769.0,160788.0,160808.0,160830.0,160841.0,160858.0,160872.0,160891.0,160914.0,160961.0,160978.0,160998.0,161011.0,161022.0,161033.0,161046.0,161066.0,161094.0,161110.0,161128.0,161148.0,161161.0,161186.0,161205.0,161221.0,161248.0,161266.0,161285.0,161321.0,161353.0,161372.0,161392.0,161408.0,161426.0,161442.0,161461.0,161481.0,161494.0,161513.0,161525.0,161551.0,161563.0,161581.0,161596.0,161616.0,161638.0,161651.0,161664.0,161679.0,161686.0,161693.0,161708.0,161721.0,161736.0,161759.0,161787.0,161800.0,161809.0,161823.0,161833.0,161839.0,161852.0,161869.0,161881.0,161896.0,161915.0,161934.0,161952
Yv71KXFf7AU,30242.0,30338.0,30413.0,30497.0,30573.0,30634.0,30701.0,30737.0,30780.0,30828.0,30869.0,30932.0,30973.0,31061.0,31146.0,31209.0,31265.0,31328.0,31369.0,31389.0,31430.0,31496.0,31580.0,31639.0,31690.0,31770.0,31847.0,31909.0,31988.0,32052.0,32109.0,32181.0,32240.0,32306.0,32371.0,32430.0,32496.0,32560.0,32639.0,32682.0,32698.0,32716.0,32730.0,32749.0,32780.0,32802.0,32834.0,32859.0,32899.0,32922.0,32950.0,32983.0,33010.0,33049.0,33085.0,33111.0,33145.0,33179.0,33209.0,33258.0,33295.0,33342.0,33457.0,33605.0,33687.0,33728.0,33800.0,33879.0,33949.0,34023.0,34093.0,34154.0,34221.0,34295.0,34354.0,34407.0,34470.0,34522.0,34591.0,34672.0,34740.0,34791.0,34836.0,34896.0,34963.0,35008.0,35063.0,35119.0,35168.0,35228.0,35278.0,35341.0,35404.0,35496.0,35562.0,35643.0,35711.0,35786.0,35858.0,35928.0,36005.0,36060.0,36148.0,36209.0,36284.0,36350.0,36419.0,36529.0,36651.0,36727.0,36773.0,36828.0,36831.0,36834.0,36835.0,36836.0,36839.0,36848.0,36849.0,36854.0,36855.0,36863.0,36870.0,36871.0,36883.0,36888.0,36893.0,36895.0,36897.0,36901.0,36902.0,36902.0,36904.0,36908.0,,,,,,,,,36944.0,36946.0,36952.0,36954.0,36964.0,36967.0,36974.0,36983.0,36994.0,36999.0,37003.0,37006.0,37013.0,37015.0,37018.0,37022.0,37023.0,37028.0,37032.0,37040.0,37041.0,37044.0,37050.0,37057.0,37065.0,37076.0,37086.0,37109.0,37113.0,37118.0,37121.0,37127.0,37132.0,37136.0,37142.0,37145.0,37149.0,37154.0,37161.0,37168.0,37178.0,37184.0,37192.0,37198.0,37206.0,37212.0,37216.0,37228.0,37232.0,37244.0,37253.0,37266.0,37284.0,37294.0,37312.0,37312.0,37325.0,37333.0,37341.0,37359.0,37364.0,37368.0,37373.0,37377.0,37379.0,37386.0,37389.0,37393.0,37397.0,37398.0,37405.0,37408
uQDgkQWwmq0,1166.0,1166.0,1166.0,1166.0,1166.0,1166.0,1166.0,1167.0,1168.0,1168.0,1168.0,1168.0,1168.0,1168.0,1168.0,1169.0,1169.0,1169.0,1169.0,1169.0,1169.0,1169.0,1169.0,1169.0,1169.0,1170.0,1170.0,1170.0,1170.0,1170.0,1170.0,1170.0,1170.0,1170.0,1170.0,1170.0,1170.0,1170.0,1170.0,1170.0,1170.0,1170.0,1170.0,1170.0,1170.0,1170.0,1170.0,1170.0,1170.0,1170.0,1170.0,1170.0,1170.0,1170.0,1170.0,1170.0,1170.0,1170.0,1170.0,1170.0,1170.0,1170.0,1170.0,1170.0,1170.0,1170.0,1170.0,1170.0,1170.0,1170.0,1170.0,1170.0,1170.0,1170.0,1170.0,1170.0,1170.0,1171.0,1171.0,1171.0,1171.0,1171.0,1171.0,1171.0,1171.0,1171.0,1171.0,1171.0,1171.0,1172.0,1172.0,1172.0,1172.0,1172.0,1172.0,1173.0,1173.0,1173.0,1173.0,1173.0,1173.0,1174.0,1174.0,1174.0,1174.0,1174.0,1174.0,1174.0,1174.0,1174.0,1175.0,1175.0,1176.0,1177.0,1177.0,1177.0,1177.0,1177.0,1177.0,1177.0,1177.0,1177.0,1177.0,1177.0,1177.0,1177.0,1177.0,1177.0,1177.0,1178.0,1178.0,1178.0,1178.0,1178.0,,,,,,,,,1178.0,1178.0,1178.0,1178.0,1178.0,1178.0,1180.0,1180.0,1180.0,1180.0,1180.0,1180.0,1181.0,1182.0,1182.0,1182.0,1182.0,1182.0,1182.0,1185.0,1185.0,1185.0,1185.0,1185.0,1185.0,1186.0,1186.0,1186.0,1186.0,1186.0,1186.0,1186.0,1186.0,1186.0,1187.0,1187.0,1187.0,1188.0,1188.0,1188.0,1188.0,1188.0,1188.0,1188.0,1188.0,1188.0,1188.0,1188.0,1188.0,1188.0,1188.0,1188.0,1188.0,1188.0,1188.0,1188.0,1188.0,1188.0,1188.0,1188.0,1188.0,1188.0,1188.0,1188.0,1188.0,1188.0,1188.0,1188.0,1188.0,1188.0,1188.0,1188
QIBVPRNFDn4,1862.0,1862.0,1862.0,1864.0,1866.0,1872.0,1880.0,1885.0,1886.0,1886.0,1886.0,1888.0,1888.0,1889.0,1890.0,1890.0,1890.0,1891.0,1891.0,1894.0,1895.0,1895.0,1898.0,1898.0,1900.0,1902.0,1904.0,1906.0,1906.0,1906.0,1908.0,1908.0,1909.0,1911.0,1911.0,1911.0,1911.0,1912.0,1915.0,1916.0,1917.0,1917.0,1921.0,1921.0,1921.0,1923.0,1924.0,1924.0,1929.0,1930.0,1931.0,1933.0,1933.0,1934.0,1935.0,1938.0,1938.0,1938.0,1940.0,1942.0,1944.0,1946.0,1946.0,1948.0,1948.0,1950.0,1952.0,1955.0,1956.0,1956.0,1957.0,1961.0,1964.0,1965.0,1966.0,1968.0,1970.0,1972.0,1972.0,1973.0,1974.0,1975.0,1976.0,1976.0,1978.0,1979.0,1981.0,1984.0,1985.0,1986.0,1987.0,1987.0,1988.0,1991.0,1992.0,1993.0,1994.0,1994.0,1996.0,1996.0,1998.0,1999.0,2003.0,2010.0,2015.0,2022.0,2025.0,2029.0,2029.0,2032.0,2033.0,2034.0,2034.0,2037.0,2038.0,2039.0,2041.0,2046.0,2047.0,2048.0,2048.0,2048.0,2051.0,2052.0,2055.0,2057.0,2058.0,2061.0,2062.0,2065.0,2066.0,2068.0,2069.0,2069.0,,,,,,,,,2075.0,2075.0,2076.0,2077.0,2079.0,2080.0,2082.0,2084.0,2085.0,2086.0,2086.0,2087.0,2089.0,2090.0,2091.0,2093.0,2099.0,2104.0,2111.0,2112.0,2118.0,2118.0,2119.0,2120.0,2121.0,2125.0,2127.0,2131.0,2134.0,2135.0,2139.0,2141.0,2144.0,2146.0,2147.0,2149.0,2150.0,2150.0,2152.0,2153.0,2153.0,2154.0,2154.0,2154.0,2156.0,2156.0,2156.0,2158.0,2161.0,2163.0,2164.0,2167.0,2169.0,2172.0,2173.0,2176.0,2177.0,2177.0,2178.0,2181.0,2182.0,2183.0,2185.0,2186.0,2186.0,2186.0,2187.0,2187.0,2188.0,2189.0,2193.0,2194
-HSGQvlTYXk,24474.0,24521.0,24548.0,24574.0,24594.0,24634.0,24674.0,24706.0,24748.0,24792.0,24846.0,24876.0,24933.0,24964.0,25010.0,25048.0,25092.0,25136.0,25192.0,25234.0,25314.0,25389.0,25454.0,25496.0,25547.0,25612.0,25690.0,25757.0,25824.0,25880.0,25933.0,26009.0,26058.0,26104.0,26151.0,26200.0,26242.0,26287.0,26316.0,26348.0,26397.0,26448.0,26507.0,26560.0,26594.0,26628.0,26710.0,26768.0,26800.0,26834.0,26873.0,26902.0,26931.0,26963.0,26990.0,27013.0,27050.0,27093.0,27133.0,27156.0,27195.0,27232.0,27275.0,27296.0,27323.0,27371.0,27412.0,27468.0,27503.0,27547.0,27599.0,27633.0,27661.0,27683.0,27721.0,27763.0,27795.0,27829.0,27886.0,27931.0,27962.0,28006.0,28042.0,28101.0,28143.0,28182.0,28208.0,28236.0,28275.0,28312.0,28337.0,28362.0,28395.0,28435.0,28490.0,28538.0,28590.0,28639.0,28684.0,28728.0,28780.0,28836.0,28902.0,28952.0,29031.0,29089.0,29157.0,29202.0,29243.0,29289.0,29336.0,29403.0,29457.0,29544.0,29621.0,29663.0,29720.0,29784.0,29826.0,29867.0,29926.0,29963.0,29999.0,30035.0,30057.0,30057.0,30057.0,30057.0,30057.0,30057.0,30057.0,30057.0,30057.0,30057.0,,,,,,,,,30057.0,30057.0,30057.0,30057.0,30057.0,30057.0,30057.0,30057.0,30057.0,30057.0,30057.0,30057.0,30057.0,30057.0,30057.0,30057.0,30057.0,30057.0,30057.0,30057.0,30057.0,30057.0,30057.0,30057.0,30057.0,30057.0,30057.0,30057.0,30057.0,30057.0,30057.0,30057.0,30057.0,30057.0,30057.0,30057.0,30057.0,30057.0,30057.0,30057.0,30057.0,30057.0,30057.0,30057.0,30057.0,30057.0,30057.0,30057.0,30057.0,30057.0,30057.0,30057.0,30057.0,30057.0,30057.0,30057.0,30057.0,30057.0,30057.0,30057.0,30057.0,30057.0,30057.0,30057.0,30057.0,30057.0,30057.0,30057.0,30057.0,30057.0,30057.0,30057
r9ns7Vm5e_o,844.0,844.0,844.0,845.0,845.0,845.0,846.0,846.0,846.0,846.0,846.0,846.0,846.0,847.0,847.0,847.0,847.0,847.0,847.0,847.0,847.0,847.0,847.0,848.0,848.0,848.0,848.0,848.0,849.0,849.0,850.0,850.0,851.0,852.0,852.0,852.0,852.0,853.0,853.0,853.0,853.0,853.0,855.0,855.0,856.0,857.0,856.0,858.0,860.0,864.0,865.0,867.0,867.0,868.0,868.0,869.0,869.0,869.0,870.0,873.0,875.0,881.0,883.0,884.0,887.0,890.0,892.0,895.0,897.0,900.0,907.0,920.0,923.0,927.0,928.0,933.0,937.0,939.0,943.0,946.0,949.0,953.0,954.0,959.0,960.0,961.0,961.0,963.0,966.0,966.0,967.0,967.0,968.0,972.0,972.0,973.0,975.0,975.0,975.0,976.0,977.0,980.0,982.0,982.0,989.0,992.0,995.0,998.0,1003.0,1006.0,1006.0,1008.0,1008.0,1012.0,1013.0,1013.0,1018.0,1019.0,1021.0,1026.0,1027.0,1035.0,1037.0,1039.0,1043.0,1043.0,1043.0,1043.0,1043.0,1043.0,1043.0,1043.0,1043.0,1043.0,,,,,,,,,1043.0,1043.0,1043.0,1043.0,1043.0,1043.0,1043.0,1043.0,1043.0,1043.0,1043.0,1043.0,1043.0,1043.0,1043.0,1043.0,1043.0,1043.0,1043.0,1043.0,1043.0,1043.0,1043.0,1043.0,1043.0,1043.0,1043.0,1043.0,1043.0,1043.0,1043.0,1043.0,1043.0,1043.0,1043.0,1043.0,1043.0,1043.0,1043.0,1043.0,1043.0,1043.0,1043.0,1043.0,1043.0,1043.0,1043.0,1043.0,1043.0,1043.0,1043.0,1043.0,1043.0,1043.0,1043.0,1043.0,1043.0,1043.0,1043.0,1043.0,1043.0,1043.0,1043.0,1043.0,1043.0,1043.0,1043.0,1043.0,1043.0,1043.0,1043.0,1043
0pm3a1vBKqo,467.0,468.0,468.0,468.0,468.0,468.0,468.0,468.0,469.0,469.0,469.0,469.0,469.0,469.0,469.0,469.0,469.0,469.0,469.0,470.0,470.0,470.0,470.0,471.0,471.0,471.0,471.0,471.0,471.0,471.0,471.0,471.0,471.0,471.0,471.0,471.0,471.0,471.0,471.0,471.0,471.0,471.0,471.0,471.0,471.0,471.0,471.0,471.0,471.0,471.0,471.0,471.0,471.0,471.0,473.0,473.0,473.0,473.0,473.0,473.0,474.0,475.0,475.0,475.0,475.0,475.0,475.0,475.0,475.0,475.0,476.0,476.0,476.0,476.0,476.0,476.0,476.0,476.0,477.0,477.0,477.0,477.0,477.0,478.0,478.0,478.0,478.0,478.0,478.0,478.0,478.0,479.0,479.0,479.0,479.0,479.0,479.0,480.0,481.0,481.0,481.0,481.0,481.0,482.0,483.0,484.0,485.0,487.0,488.0,488.0,488.0,489.0,489.0,490.0,490.0,490.0,490.0,491.0,491.0,491.0,491.0,491.0,491.0,492.0,492.0,492.0,492.0,492.0,492.0,492.0,492.0,492.0,492.0,492.0,,,,,,,,,492.0,492.0,492.0,492.0,492.0,492.0,492.0,492.0,492.0,492.0,492.0,492.0,492.0,492.0,492.0,492.0,492.0,492.0,492.0,492.0,492.0,492.0,492.0,492.0,492.0,492.0,492.0,492.0,492.0,492.0,492.0,492.0,492.0,492.0,492.0,492.0,492.0,492.0,492.0,492.0,492.0,492.0,492.0,492.0,492.0,492.0,492.0,492.0,492.0,492.0,492.0,492.0,492.0,492.0,492.0,492.0,492.0,492.0,492.0,492.0,492.0,492.0,492.0,492.0,492.0,492.0,492.0,492.0,492.0,492.0,492.0,492
HR4DVnI2JQs,119868.0,120733.0,121758.0,122653.0,123981.0,125322.0,127233.0,129366.0,131927.0,134050.0,135771.0,137766.0,140278.0,142168.0,144300.0,146820.0,148866.0,150438.0,152225.0,154540.0,157271.0,159671.0,161726.0,163259.0,164796.0,166812.0,168351.0,170007.0,171346.0,173962.0,175929.0,177255.0,179346.0,181157.0,183289.0,186201.0,188278.0,190634.0,191780.0,193972.0,196135.0,198367.0,200394.0,203471.0,205196.0,206760.0,207919.0,210098.0,212827.0,215068.0,217254.0,219165.0,220662.0,223664.0,225717.0,227475.0,229429.0,231303.0,232326.0,233426.0,235389.0,237221.0,239186.0,240989.0,242560.0,244348.0,245584.0,247384.0,248900.0,251205.0,253088.0,255172.0,257130.0,258712.0,260408.0,261799.0,263372.0,265906.0,268516.0,270275.0,271372.0,273123.0,274856.0,276947.0,279413.0,282281.0,284235.0,286469.0,289089.0,291581.0,293875.0,296595.0,300339.0,302636.0,304341.0,306550.0,308479.0,310212.0,312641.0,316249.0,319561.0,322009.0,325378.0,328276.0,330837.0,333252.0,336137.0,338306.0,340210.0,342937.0,345729.0,348418.0,351085.0,353972.0,355728.0,357454.0,359552.0,362466.0,364695.0,367374.0,369271.0,371355.0,373401.0,375592.0,378131.0,381196.0,383355.0,386161.0,388206.0,390309.0,392712.0,395262.0,397844.0,400108.0,,,,,,,,,426113.0,428429.0,431451.0,434866.0,437754.0,440877.0,444162.0,446820.0,449315.0,452462.0,455986.0,459658.0,464435.0,467930.0,470674.0,472698.0,476253.0,479945.0,483733.0,487302.0,490322.0,492720.0,494903.0,497415.0,499872.0,502521.0,505065.0,508133.0,510412.0,512348.0,514947.0,518309.0,521504.0,524815.0,527950.0,530291.0,531969.0,534631.0,537241.0,539534.0,542459.0,545162.0,547596.0,549408.0,552360.0,554646.0,557478.0,559919.0,562596.0,565259.0,567247.0,570282.0,573308.0,576765.0,580412.0,584601.0,587615.0,590480.0,594393.0,598762.0,602526.0,605820.0,608782.0,611667.0,613346.0,616213.0,619773.0,622914.0,624838.0,627487.0,629410.0,631001
JUtkahlnWMM,882.0,882.0,882.0,882.0,882.0,883.0,883.0,884.0,884.0,884.0,884.0,884.0,884.0,884.0,884.0,885.0,885.0,885.0,885.0,885.0,886.0,886.0,886.0,886.0,886.0,886.0,886.0,886.0,888.0,888.0,889.0,889.0,889.0,889.0,889.0,889.0,889.0,889.0,889.0,889.0,889.0,889.0,889.0,889.0,889.0,889.0,889.0,889.0,890.0,890.0,890.0,890.0,890.0,891.0,892.0,892.0,892.0,892.0,892.0,892.0,892.0,892.0,892.0,892.0,892.0,892.0,892.0,892.0,892.0,892.0,892.0,892.0,892.0,892.0,892.0,893.0,893.0,893.0,893.0,893.0,893.0,893.0,893.0,893.0,893.0,893.0,893.0,893.0,893.0,893.0,893.0,894.0,894.0,894.0,894.0,894.0,894.0,894.0,894.0,894.0,895.0,895.0,895.0,895.0,895.0,895.0,895.0,896.0,896.0,896.0,897.0,897.0,897.0,897.0,897.0,897.0,898.0,898.0,898.0,898.0,898.0,898.0,898.0,898.0,898.0,898.0,898.0,898.0,898.0,898.0,900.0,900.0,901.0,901.0,,,,,,,,,902.0,902.0,902.0,902.0,902.0,902.0,902.0,902.0,902.0,902.0,902.0,902.0,902.0,902.0,902.0,902.0,902.0,902.0,902.0,902.0,902.0,902.0,902.0,902.0,902.0,902.0,902.0,902.0,902.0,902.0,902.0,902.0,902.0,902.0,902.0,902.0,902.0,902.0,902.0,902.0,902.0,902.0,902.0,903.0,903.0,904.0,904.0,905.0,905.0,905.0,905.0,905.0,905.0,905.0,905.0,905.0,905.0,905.0,905.0,906.0,906.0,906.0,906.0,906.0,906.0,906.0,906.0,906.0,906.0,906.0,906.0,906
tB51u7q1SoU,13121.0,13121.0,13121.0,13121.0,13121.0,13121.0,13122.0,13125.0,13130.0,13130.0,13133.0,13134.0,13135.0,13136.0,13137.0,13137.0,13136.0,13136.0,13141.0,13142.0,13144.0,13144.0,13145.0,13146.0,13145.0,13145.0,13146.0,13147.0,13150.0,13154.0,13155.0,13157.0,13161.0,13165.0,13165.0,13165.0,13165.0,13166.0,13167.0,13167.0,13167.0,13167.0,13167.0,13167.0,13168.0,13168.0,13170.0,13170.0,13170.0,13171.0,13172.0,13173.0,13173.0,13174.0,13175.0,13178.0,13178.0,13178.0,13178.0,13180.0,13180.0,13180.0,13180.0,13180.0,13180.0,13180.0,13183.0,13183.0,13183.0,13185.0,13186.0,13187.0,13187.0,13187.0,13189.0,13189.0,13192.0,13192.0,13193.0,13195.0,13196.0,13197.0,13198.0,13199.0,13199.0,13200.0,13201.0,13201.0,13205.0,13205.0,13206.0,13206.0,13206.0,13210.0,13210.0,13212.0,13214.0,13214.0,13215.0,13216.0,13217.0,13217.0,13218.0,13219.0,13220.0,13220.0,13221.0,13223.0,13223.0,13224.0,13226.0,13227.0,13227.0,13227.0,13227.0,13228.0,13228.0,13229.0,13229.0,13229.0,13229.0,13229.0,13229.0,13229.0,13229.0,13230.0,13230.0,13230.0,13230.0,13231.0,13231.0,13232.0,13232.0,13233.0,,,,,,,,,13238.0,13237.0,13237.0,13238.0,13239.0,13239.0,13240.0,13240.0,13241.0,13241.0,13241.0,13241.0,13242.0,13244.0,13244.0,13244.0,13244.0,13248.0,13248.0,13248.0,13248.0,13250.0,13250.0,13251.0,13251.0,13251.0,13251.0,13251.0,13251.0,13251.0,13251.0,13251.0,13252.0,13252.0,13252.0,13252.0,13252.0,13252.0,13254.0,13255.0,13256.0,13254.0,13256.0,13256.0,13256.0,13256.0,13256.0,13256.0,13256.0,13256.0,13256.0,13256.0,13257.0,13257.0,13257.0,13257.0,13259.0,13259.0,13262.0,13262.0,13262.0,13262.0,13262.0,13262.0,13262.0,13263.0,13264.0,13264.0,13266.0,13267.0,13267.0,13268
9BMM3x1Z63E,,,,,,,,,,,,,,,,,,,,,,,,,,,,,,,,,,,,,,,,,,,,,,,,,,,,,,,,,,,,,,,,,,,,,,,,,,,,,,,,,,,,,,,,,,,,,,,,,,,,,,,,,,,,,,,,,,,,,,,,,,,,,,,,,,,,,,,,,,,,,,,,,,,,,,,,,,,,,,,,,,,,,,,,,,,,,,,,,,,,,,,,,,,,,,,,,,,,,,,,,,,,,,,,,,,,,,
tbGDQTHQaI0,7905.0,7911.0,7919.0,7933.0,7946.0,7955.0,7968.0,7985.0,7998.0,8012.0,8018.0,8024.0,8050.0,8054.0,8067.0,8073.0,8081.0,8088.0,8097.0,8109.0,8115.0,8133.0,8150.0,8159.0,8168.0,8183.0,8191.0,8201.0,8209.0,8214.0,8223.0,8233.0,8240.0,8250.0,8259.0,8266.0,8277.0,8287.0,8298.0,8303.0,8309.0,8314.0,8322.0,8334.0,8343.0,8358.0,8367.0,8381.0,8386.0,8397.0,8404.0,8408.0,8416.0,8428.0,8439.0,8445.0,8450.0,8463.0,8476.0,8482.0,8501.0,8507.0,8512.0,8523.0,8531.0,8537.0,8554.0,8565.0,8572.0,8585.0,8598.0,8612.0,8623.0,8643.0,8663.0,8689.0,8718.0,8736.0,8749.0,8776.0,8788.0,8800.0,8815.0,8828.0,8836.0,8855.0,8872.0,8886.0,8911.0,8920.0,8934.0,8943.0,8963.0,8977.0,8988.0,8999.0,9017.0,9035.0,9051.0,9077.0,9084.0,9101.0,9121.0,9139.0,9153.0,9170.0,9199.0,9213.0,9225.0,9241.0,9258.0,9268.0,9285.0,9299.0,9313.0,9322.0,9338.0,9349.0,9369.0,9379.0,9389.0,9399.0,9407.0,9424.0,9435.0,9448.0,9461.0,9481.0,9491.0,9496.0,9511.0,9522.0,9548.0,9585.0,,,,,,,,,9756.0,9787.0,9808.0,9836.0,9860.0,9874.0,9890.0,9899.0,9914.0,9937.0,9947.0,9961.0,9978.0,10002.0,10022.0,10037.0,10091.0,10105.0,10124.0,10175.0,10188.0,10211.0,10220.0,10235.0,10244.0,10255.0,10268.0,10285.0,10295.0,10309.0,10323.0,10340.0,10349.0,10373.0,10387.0,10395.0,10408.0,10419.0,10432.0,10453.0,10473.0,10481.0,10488.0,10510.0,10524.0,10535.0,10544.0,10552.0,10558.0,10567.0,10591.0,10596.0,10613.0,10634.0,10639.0,10659.0,10670.0,10682.0,10693.0,10707.0,10719.0,10726.0,10745.0,10760.0,10774.0,10790.0,10802.0,10814.0,10820.0,10829.0,10841.0,10856
0QXCcFVfpmI,3281.0,3283.0,3285.0,3289.0,3295.0,3298.0,3306.0,3309.0,3320.0,3320.0,3321.0,3323.0,3329.0,3333.0,3338.0,3346.0,3348.0,3356.0,3359.0,3361.0,3364.0,3369.0,3375.0,3379.0,3386.0,3392.0,3395.0,3400.0,3403.0,3404.0,3410.0,3417.0,3420.0,3428.0,3433.0,3435.0,3445.0,3448.0,3451.0,3457.0,3458.0,3460.0,3461.0,3464.0,3467.0,3475.0,3478.0,3483.0,3486.0,3491.0,3494.0,3495.0,3498.0,3503.0,3508.0,3510.0,3513.0,3515.0,3518.0,3521.0,3535.0,3537.0,3541.0,3544.0,3549.0,3552.0,3554.0,3557.0,3559.0,3566.0,3574.0,3582.0,3588.0,3593.0,3601.0,3611.0,3615.0,3622.0,3628.0,3641.0,3647.0,3654.0,3664.0,3667.0,3673.0,3686.0,3693.0,3696.0,3714.0,3724.0,3726.0,3727.0,3737.0,3742.0,3754.0,3762.0,3769.0,3774.0,3779.0,3790.0,3796.0,3805.0,3807.0,3815.0,3825.0,3838.0,3846.0,3856.0,3864.0,3875.0,3883.0,3889.0,3895.0,3903.0,3912.0,3915.0,3924.0,3930.0,3940.0,3951.0,3963.0,3971.0,3972.0,3978.0,3983.0,3992.0,3996.0,4002.0,4007.0,4008.0,4019.0,4023.0,4027.0,4039.0,,,,,,,,,4085.0,4088.0,4097.0,4109.0,4114.0,4120.0,4133.0,4136.0,4149.0,4156.0,4164.0,4168.0,4174.0,4179.0,4189.0,4195.0,4203.0,4214.0,4221.0,4227.0,4236.0,4239.0,4242.0,4247.0,4251.0,4256.0,4260.0,4265.0,4268.0,4278.0,4287.0,4294.0,4301.0,4310.0,4316.0,4319.0,4326.0,4333.0,4339.0,4345.0,4351.0,4359.0,4367.0,4378.0,4382.0,4387.0,4393.0,4400.0,4407.0,4409.0,4410.0,4413.0,4419.0,4428.0,4432.0,4438.0,4445.0,4450.0,4454.0,4460.0,4466.0,4472.0,4476.0,4487.0,4490.0,4491.0,4495.0,4503.0,4507.0,4510.0,4516.0,4519
dAJnKXf_XfI,26647.0,26685.0,26749.0,26806.0,26848.0,26899.0,26947.0,26998.0,27085.0,27142.0,27190.0,27246.0,27302.0,27339.0,27406.0,27510.0,27577.0,27617.0,27695.0,27747.0,27823.0,27892.0,27979.0,28041.0,28114.0,28151.0,28214.0,28274.0,28324.0,28382.0,28435.0,28492.0,28546.0,28586.0,28642.0,28696.0,28765.0,28821.0,28866.0,28922.0,28968.0,29022.0,29064.0,29129.0,29175.0,29226.0,29264.0,29314.0,29364.0,29433.0,29474.0,29534.0,29587.0,29658.0,29715.0,29767.0,29834.0,29925.0,29982.0,30027.0,30102.0,30161.0,30220.0,30294.0,30364.0,30404.0,30470.0,30538.0,30570.0,30689.0,30755.0,30881.0,30956.0,31028.0,31078.0,31160.0,31230.0,31315.0,31384.0,31457.0,31524.0,31597.0,31661.0,31733.0,31793.0,31880.0,31938.0,31988.0,32073.0,32146.0,32244.0,32358.0,32447.0,32520.0,32575.0,32655.0,32740.0,32809.0,32911.0,33010.0,33110.0,33189.0,33283.0,33399.0,33480.0,33597.0,33676.0,33786.0,33884.0,33969.0,34077.0,34182.0,34288.0,34410.0,34534.0,34605.0,34715.0,34834.0,34964.0,35053.0,35116.0,35183.0,35249.0,35326.0,35435.0,35527.0,35628.0,35756.0,35823.0,35888.0,35961.0,36012.0,36121.0,36199.0,,,,,,,,,37340.0,37485.0,37634.0,37805.0,37971.0,38391.0,38660.0,38892.0,39094.0,39228.0,39419.0,39554.0,39677.0,39793.0,39890.0,39964.0,40064.0,40217.0,40363.0,40493.0,40585.0,40643.0,40706.0,40758.0,40810.0,40875.0,40948.0,41052.0,41110.0,41164.0,41225.0,41275.0,41322.0,41387.0,41440.0,41493.0,41559.0,41616.0,41664.0,41717.0,41779.0,41827.0,41869.0,41928.0,42003.0,42081.0,42157.0,42254.0,42324.0,42386.0,42423.0,42481.0,42574.0,42667.0,42767.0,42862.0,42931.0,43004.0,43091.0,43144.0,43216.0,43290.0,43400.0,43482.0,43529.0,43618.0,43711.0,43818.0,43899.0,43991.0,44069.0,44158
m_K41Ba9bRk,20337.0,20361.0,20403.0,20436.0,20463.0,20503.0,20544.0,20558.0,20590.0,20613.0,20633.0,20650.0,20683.0,20736.0,20791.0,20822.0,20851.0,20878.0,20930.0,20956.0,20979.0,21030.0,21086.0,21134.0,21162.0,21194.0,21230.0,21262.0,21293.0,21317.0,21348.0,21386.0,21412.0,21429.0,21466.0,21499.0,21538.0,21578.0,21598.0,21636.0,21663.0,21697.0,21751.0,21783.0,21810.0,21837.0,21866.0,21894.0,21919.0,21946.0,21982.0,22013.0,22045.0,22087.0,22126.0,22155.0,22200.0,22244.0,22282.0,22305.0,22344.0,22393.0,22421.0,22450.0,22512.0,22530.0,22563.0,22608.0,22641.0,22693.0,22728.0,22766.0,22797.0,22824.0,22875.0,22911.0,22947.0,22983.0,23030.0,23084.0,23130.0,23175.0,23225.0,23257.0,23296.0,23345.0,23392.0,23436.0,23495.0,23539.0,23574.0,23604.0,23650.0,23703.0,23740.0,23782.0,23824.0,23864.0,23922.0,23971.0,24010.0,24056.0,24083.0,24137.0,24199.0,24273.0,24325.0,24393.0,24428.0,24477.0,24523.0,24639.0,24702.0,24791.0,24844.0,24888.0,24962.0,25004.0,25073.0,25126.0,25182.0,25210.0,25248.0,25294.0,25324.0,25360.0,25387.0,25463.0,25511.0,25559.0,25613.0,25650.0,25693.0,25765.0,,,,,,,,,26470.0,26513.0,26575.0,26624.0,26685.0,26758.0,26820.0,26871.0,26915.0,26951.0,26986.0,27040.0,27106.0,27152.0,27207.0,27241.0,27300.0,27337.0,27370.0,27405.0,27429.0,27464.0,27493.0,27524.0,27555.0,27587.0,27610.0,27652.0,27672.0,27696.0,27727.0,27763.0,27782.0,27828.0,27858.0,27892.0,27921.0,27961.0,27985.0,28013.0,28033.0,28084.0,28102.0,28122.0,28164.0,28192.0,28228.0,28250.0,28275.0,28298.0,28320.0,28345.0,28392.0,28425.0,28448.0,28472.0,28487.0,28513.0,28539.0,28561.0,28591.0,28620.0,28642.0,28672.0,28686.0,28705.0,28724.0,28744.0,28764.0,28792.0,28806.0,28832
bxFd3AdAlIA,9300.0,9318.0,9334.0,9351.0,9360.0,9376.0,9396.0,9413.0,9434.0,9455.0,9471.0,9495.0,9507.0,9518.0,9535.0,9564.0,9590.0,9612.0,9634.0,9657.0,9668.0,9690.0,9707.0,9733.0,9757.0,9778.0,9800.0,9822.0,9846.0,9860.0,9884.0,9898.0,9918.0,9931.0,9950.0,9960.0,9971.0,9993.0,10007.0,10024.0,10043.0,10060.0,10076.0,10093.0,10109.0,10122.0,10137.0,10156.0,10168.0,10178.0,10199.0,10215.0,10236.0,10256.0,10273.0,10279.0,10293.0,10313.0,10326.0,10348.0,10374.0,10432.0,10454.0,10480.0,10496.0,10509.0,10525.0,10543.0,10559.0,10581.0,10602.0,10619.0,10638.0,10654.0,10672.0,10704.0,10724.0,10751.0,10763.0,10786.0,10806.0,10829.0,10841.0,10860.0,10876.0,10895.0,10910.0,10934.0,10962.0,10984.0,10999.0,11019.0,11041.0,11058.0,11075.0,11098.0,11125.0,11137.0,11153.0,11160.0,11168.0,11181.0,11189.0,11207.0,11227.0,11244.0,11266.0,11280.0,11312.0,11336.0,11376.0,11389.0,11399.0,11420.0,11436.0,11450.0,11463.0,11488.0,11494.0,11497.0,11524.0,11531.0,11542.0,11552.0,11558.0,11565.0,11578.0,11590.0,11596.0,11603.0,11615.0,11620.0,11630.0,11651.0,,,,,,,,,11807.0,11823.0,11842.0,11857.0,11879.0,11897.0,11924.0,11957.0,12011.0,12045.0,12063.0,12091.0,12114.0,12137.0,12165.0,12185.0,12203.0,12224.0,12242.0,12261.0,12272.0,12293.0,12303.0,12318.0,12338.0,12362.0,12371.0,12393.0,12405.0,12418.0,12438.0,12454.0,12474.0,12506.0,12526.0,12541.0,12553.0,12562.0,12572.0,12601.0,12612.0,12621.0,12635.0,12643.0,12652.0,12667.0,12678.0,12687.0,12697.0,12700.0,12714.0,12722.0,12732.0,12737.0,12753.0,12767.0,12775.0,12791.0,12802.0,12814.0,12819.0,12825.0,12834.0,12848.0,12854.0,12862.0,12872.0,12881.0,12887.0,12891.0,12898.0,12906
_q_DJb2kIOw,4920.0,4923.0,4930.0,4934.0,4941.0,4945.0,4950.0,4955.0,4962.0,4966.0,4967.0,4971.0,4991.0,4996.0,5008.0,5014.0,5023.0,5026.0,5032.0,5036.0,5040.0,5046.0,5051.0,5057.0,5068.0,5076.0,5084.0,5091.0,5093.0,5104.0,5112.0,5119.0,5123.0,5136.0,5140.0,5145.0,5152.0,5157.0,5163.0,5168.0,5172.0,5177.0,5184.0,5193.0,5198.0,5202.0,5206.0,5211.0,5217.0,5225.0,5232.0,5237.0,5244.0,5251.0,5257.0,5261.0,5266.0,5270.0,5276.0,5280.0,5293.0,5296.0,5311.0,5321.0,5328.0,5329.0,5336.0,5342.0,5348.0,5360.0,5366.0,5374.0,5377.0,5387.0,5393.0,5399.0,5414.0,5423.0,5430.0,5440.0,5446.0,5459.0,5466.0,5470.0,5479.0,5487.0,5491.0,5492.0,5505.0,5509.0,5518.0,5521.0,5533.0,5545.0,5562.0,5575.0,5587.0,5594.0,5599.0,5609.0,5612.0,5616.0,5624.0,5630.0,5644.0,5650.0,5662.0,5675.0,5691.0,5701.0,5707.0,5711.0,5721.0,5734.0,5746.0,5755.0,5766.0,5770.0,5779.0,5783.0,5787.0,5790.0,5796.0,5798.0,5805.0,5812.0,5819.0,5824.0,5827.0,5832.0,5844.0,5851.0,5855.0,5862.0,,,,,,,,,5948.0,5952.0,5969.0,5973.0,5980.0,5983.0,5993.0,5999.0,6010.0,6015.0,6020.0,6024.0,6031.0,6038.0,6045.0,6052.0,6054.0,6058.0,6064.0,6078.0,6087.0,6107.0,6110.0,6115.0,6120.0,6127.0,6131.0,6137.0,6140.0,6145.0,6150.0,6158.0,6169.0,6175.0,6176.0,6182.0,6186.0,6188.0,6196.0,6206.0,6212.0,6221.0,6227.0,6234.0,6235.0,6244.0,6247.0,6251.0,6261.0,6266.0,6270.0,6277.0,6283.0,6285.0,6287.0,6298.0,6302.0,6307.0,6314.0,6318.0,6321.0,6324.0,6327.0,6332.0,6337.0,6340.0,6346.0,6352.0,6358.0,6360.0,6364.0,6370
Pvz5ylr3suE,15850.0,15863.0,15876.0,15886.0,15897.0,15906.0,15915.0,15931.0,15950.0,15957.0,15966.0,15972.0,15987.0,16003.0,16024.0,16036.0,16054.0,16067.0,16095.0,16109.0,16129.0,16149.0,16163.0,16179.0,16201.0,16213.0,16232.0,16247.0,16264.0,16285.0,16301.0,16314.0,16329.0,16343.0,16363.0,16398.0,16417.0,16441.0,16465.0,16485.0,16506.0,16529.0,16549.0,16569.0,16581.0,16593.0,16613.0,16631.0,16647.0,16656.0,16686.0,16703.0,16724.0,16744.0,16759.0,16776.0,16807.0,16827.0,16839.0,16853.0,16887.0,16899.0,16916.0,16928.0,16946.0,16959.0,16973.0,16989.0,17001.0,17011.0,17041.0,17076.0,17095.0,17120.0,17143.0,17169.0,17194.0,17217.0,17237.0,17261.0,17272.0,17291.0,17312.0,17327.0,17340.0,17354.0,17366.0,17377.0,17396.0,17406.0,17419.0,17458.0,17483.0,17509.0,17537.0,17556.0,17581.0,17607.0,17635.0,17669.0,17689.0,17702.0,17708.0,17735.0,17765.0,17788.0,17803.0,17829.0,17851.0,17870.0,17888.0,17914.0,17934.0,17970.0,17990.0,18015.0,18037.0,18061.0,18105.0,18129.0,18178.0,18202.0,18221.0,18238.0,18245.0,18261.0,18278.0,18298.0,18331.0,18348.0,18370.0,18384.0,18412.0,18431.0,,,,,,,,,18620.0,18632.0,18659.0,18681.0,18702.0,18721.0,18744.0,18763.0,18792.0,18810.0,18837.0,18874.0,18894.0,18933.0,18949.0,18974.0,18991.0,19025.0,19054.0,19076.0,19092.0,19110.0,19121.0,19131.0,19148.0,19160.0,19174.0,19194.0,19202.0,19219.0,19231.0,19253.0,19276.0,19294.0,19312.0,19323.0,19340.0,19359.0,19369.0,19388.0,19400.0,19424.0,19448.0,19481.0,19510.0,19522.0,19534.0,19546.0,19564.0,19575.0,19592.0,19602.0,19626.0,19639.0,19655.0,19671.0,19686.0,19692.0,19704.0,19716.0,19730.0,19737.0,19754.0,19764.0,19768.0,19784.0,19793.0,19816.0,19829.0,19853.0,19837.0,19847
Naj5sapiJSc,12464.0,12477.0,12491.0,12503.0,12544.0,12548.0,12566.0,12582.0,12595.0,12603.0,12614.0,12624.0,12634.0,12649.0,12660.0,12676.0,12696.0,12709.0,12722.0,12735.0,12746.0,12752.0,12762.0,12772.0,12786.0,12802.0,12820.0,12835.0,12841.0,12855.0,12874.0,12885.0,12899.0,12912.0,12924.0,12951.0,12958.0,12973.0,12984.0,12994.0,13004.0,13015.0,13024.0,13040.0,13049.0,13058.0,13066.0,13079.0,13104.0,13117.0,13127.0,13139.0,13152.0,13166.0,13174.0,13187.0,13199.0,13214.0,13231.0,13240.0,13262.0,13277.0,13288.0,13301.0,13317.0,13331.0,13367.0,13386.0,13397.0,13419.0,13440.0,13467.0,13476.0,13496.0,13512.0,13540.0,13570.0,13592.0,13610.0,13642.0,13653.0,13671.0,13685.0,13700.0,13710.0,13729.0,13736.0,13745.0,13764.0,13776.0,13796.0,13814.0,13843.0,13876.0,13887.0,13899.0,13925.0,13936.0,13949.0,13961.0,13974.0,13986.0,13995.0,14007.0,14032.0,14055.0,14067.0,14080.0,14103.0,14119.0,14134.0,14145.0,14153.0,14168.0,14187.0,14200.0,14224.0,14239.0,14256.0,14277.0,14293.0,14305.0,14313.0,14326.0,14338.0,14360.0,14387.0,14396.0,14406.0,14410.0,14428.0,14436.0,14447.0,14458.0,,,,,,,,,14582.0,14590.0,14608.0,14614.0,14621.0,14631.0,14645.0,14659.0,14668.0,14679.0,14686.0,14702.0,14718.0,14741.0,14766.0,14786.0,14792.0,14801.0,14814.0,14825.0,14844.0,14862.0,14867.0,14872.0,14883.0,14887.0,14895.0,14906.0,14933.0,14939.0,14962.0,14979.0,14998.0,15007.0,15019.0,15026.0,15032.0,15039.0,15055.0,15077.0,15086.0,15093.0,15101.0,15112.0,15122.0,15130.0,15142.0,15150.0,15157.0,15161.0,15169.0,15179.0,15187.0,15197.0,15201.0,15210.0,15222.0,15235.0,15244.0,15254.0,15263.0,15267.0,15274.0,15285.0,15288.0,15298.0,15318.0,15325.0,15332.0,15338.0,15356.0,15365
QQ2rlPLMHy4,4712804.0,4713022.0,4713306.0,4713591.0,4713934.0,4714207.0,4714477.0,4714694.0,4714972.0,4715365.0,4715713.0,4716003.0,4716339.0,4716645.0,4716918.0,4717221.0,4717534.0,4717810.0,4718062.0,4718298.0,4718585.0,4718835.0,4719152.0,4719434.0,4719806.0,4720075.0,4720383.0,4720650.0,4721024.0,4721316.0,4721583.0,4721856.0,4722118.0,4722431.0,4722755.0,4723060.0,4723415.0,4723745.0,4724071.0,4724403.0,4724718.0,4725002.0,4725335.0,4725689.0,4726027.0,4726356.0,4726693.0,4727074.0,4727372.0,4727663.0,4727965.0,4728230.0,4728558.0,4728843.0,4729154.0,4729446.0,4729817.0,4730185.0,4730499.0,4730808.0,4731133.0,4731430.0,4731760.0,4732045.0,4732324.0,4732593.0,4732852.0,4733110.0,4733335.0,4733665.0,4734077.0,4734571.0,4735033.0,4735445.0,4735910.0,4736273.0,4736687.0,4737033.0,4737464.0,4737812.0,4738124.0,4738401.0,4738716.0,4739026.0,4739343.0,4739656.0,4739997.0,4740305.0,4740569.0,4740820.0,4741071.0,4741354.0,4741633.0,4741920.0,4742176.0,4742434.0,4742694.0,4742893.0,4743084.0,4743343.0,4743597.0,4743824.0,4744086.0,4744333.0,4744565.0,4744747.0,4744967.0,4745151.0,4745324.0,4745580.0,4745816.0,4746105.0,4746364.0,4746673.0,4746961.0,4747250.0,4747521.0,4747791.0,4748050.0,4748352.0,4748633.0,4748893.0,4749146.0,4749385.0,4749683.0,4749927.0,4750157.0,4750453.0,4750693.0,4750951.0,4751193.0,4751453.0,4751670.0,4751885.0,,,,,,,,,4754005.0,4754280.0,4754514.0,4754717.0,4754936.0,4755137.0,4755403.0,4755673.0,4756037.0,4756297.0,4756550.0,4756841.0,4757100.0,4757425.0,4757746.0,4758101.0,4758416.0,4758783.0,4759096.0,4759373.0,4759628.0,4759910.0,4760161.0,4760390.0,4760654.0,4760909.0,4761201.0,4761445.0,4761656.0,4761913.0,4762138.0,4762343.0,4762558.0,4762752.0,4762971.0,4763191.0,4763445.0,4763694.0,4763916.0,4764106.0,4764311.0,4764514.0,4764726.0,4764996.0,4765175.0,4765390.0,4765631.0,4765834.0,4766087.0,4766351.0,4766612.0,4766876.0,4767092.0,4767352.0,4767568.0,4767829.0,4768098.0,4768361.0,4768558.0,4768773.0,4768978.0,4769164.0,4769342.0,4769545.0,4769765.0,4770002.0,4770252.0,4770514.0,4770736.0,4770938.0,4771105.0,4771342
FNuGB562C2Q,71541262.0,71565986.0,71597677.0,71634003.0,71666728.0,71696050.0,71724300.0,71751455.0,71781165.0,71813366.0,71847674.0,71878450.0,71908415.0,71938531.0,71970938.0,72003016.0,72036743.0,72071330.0,72103650.0,72135433.0,72167533.0,72199149.0,72229418.0,72263716.0,72298842.0,72331355.0,72359569.0,72386335.0,72411353.0,72437339.0,72464563.0,72489690.0,72515724.0,72542346.0,72566444.0,72589664.0,72613648.0,72637105.0,72660022.0,72685431.0,72709601.0,72733598.0,72761688.0,72792374.0,72819426.0,72844690.0,72869779.0,72896015.0,72922949.0,72952361.0,72981800.0,73007579.0,73029728.0,73053246.0,73078358.0,73102636.0,73127836.0,73151882.0,73176489.0,73201441.0,73224564.0,73247149.0,73269455.0,73295127.0,73319567.0,73342417.0,73365648.0,73388263.0,73408182.0,73433848.0,73456211.0,73477963.0,73501678.0,73522485.0,73543316.0,73563908.0,73585956.0,73608812.0,73631197.0,73650615.0,73669907.0,73691461.0,73712990.0,73735471.0,73757204.0,73777720.0,73797086.0,73816824.0,73836808.0,73857082.0,73877330.0,73896302.0,73913805.0,73932500.0,73951839.0,73973263.0,73995646.0,74016496.0,74038260.0,74058470.0,74080277.0,74101782.0,74123901.0,74145585.0,74167872.0,74189902.0,74212335.0,74235844.0,74261863.0,74286484.0,74312116.0,74335401.0,74357375.0,74380158.0,74401522.0,74422656.0,74443827.0,74465708.0,74487414.0,74508487.0,74527999.0,74547742.0,74568032.0,74586400.0,74605097.0,74622738.0,74639776.0,74657581.0,74676601.0,74696514.0,74718951.0,74738646.0,74758573.0,74778510.0,,,,,,,,,74972870.0,74995919.0,75015363.0,75032987.0,75051167.0,75067103.0,75081265.0,75097061.0,75113868.0,75130199.0,75144730.0,75159049.0,75175731.0,75191493.0,75207176.0,75224113.0,75239702.0,75255229.0,75272407.0,75290477.0,75308823.0,75329819.0,75350527.0,75369963.0,75389675.0,75408787.0,75427202.0,75444400.0,75461147.0,75479497.0,75498292.0,75516289.0,75533659.0,75551652.0,75568615.0,75587450.0,75606167.0,75623592.0,75642101.0,75659478.0,75677710.0,75694777.0,75712618.0,75732356.0,75751373.0,75769149.0,75786926.0,75805047.0,75822551.0,75839906.0,75857829.0,75874851.0,75891640.0,75909363.0,75927306.0,75944282.0,75961842.0,75980705.0,75998181.0,76015572.0,76033147.0,76050739.0,76068499.0,76084482.0,76100386.0,76117785.0,76135307.0,76151550.0,76165314.0,76179532.0,76194356.0,76209153
P10Jfga8hHo,972683.0,972891.0,973187.0,973437.0,973672.0,973998.0,974224.0,974442.0,974669.0,974938.0,975211.0,975436.0,975695.0,975923.0,976181.0,976451.0,976654.0,976862.0,977105.0,977340.0,977527.0,977768.0,977981.0,978188.0,978420.0,978651.0,978866.0,979033.0,979244.0,979413.0,979611.0,979804.0,979982.0,980187.0,980401.0,980602.0,980815.0,981013.0,981256.0,981455.0,981665.0,981833.0,982069.0,982244.0,982455.0,982657.0,982862.0,983058.0,983347.0,983571.0,983747.0,983979.0,984213.0,984372.0,984610.0,984861.0,985098.0,985372.0,985622.0,985858.0,986135.0,986466.0,986767.0,987047.0,987314.0,987544.0,987813.0,988077.0,988312.0,988662.0,988937.0,989175.0,989461.0,989675.0,989886.0,990177.0,990454.0,990722.0,990984.0,991186.0,991400.0,991696.0,991964.0,992269.0,992571.0,992871.0,993087.0,993378.0,993624.0,993859.0,994122.0,994407.0,994668.0,994919.0,995199.0,995501.0,995750.0,996001.0,996205.0,996459.0,996694.0,996932.0,997203.0,997441.0,997673.0,997905.0,998136.0,998358.0,998644.0,998904.0,999133.0,999482.0,999843.0,1000254.0,1000525.0,1000872.0,1001191.0,1001503.0,1001770.0,1002047.0,1002320.0,1002579.0,1002813.0,1003059.0,1003271.0,1003535.0,1003769.0,1004007.0,1004228.0,1004436.0,1004657.0,1004901.0,1005141.0,1005351.0,,,,,,,,,1007601.0,1007974.0,1008302.0,1008561.0,1008815.0,1009085.0,1009360.0,1009597.0,1009984.0,1010329.0,1010658.0,1010946.0,1011237.0,1011468.0,1011746.0,1012019.0,1012267.0,1012507.0,1012814.0,1013055.0,1013325.0,1013573.0,1013817.0,1014087.0,1014334.0,1014618.0,1014886.0,1015118.0,1015361.0,1015616.0,1015880.0,1016101.0,1016324.0,1016544.0,1016805.0,1017024.0,1017307.0,1017524.0,1017735.0,1017932.0,1018133.0,1018363.0,1018618.0,1018864.0,1019062.0,1019298.0,1019501.0,1019747.0,1019979.0,1020223.0,1020469.0,1020727.0,1020938.0,1021200.0,1021415.0,1021621.0,1021859.0,1022048.0,1022299.0,1022536.0,1022726.0,1022948.0,1023137.0,1023335.0,1023550.0,1023757.0,1023942.0,1024175.0,1024374.0,1024531.0,1024729.0,1024953
1D2CaD6sa2I,555036.0,555324.0,555589.0,555837.0,556114.0,556386.0,556655.0,556999.0,557305.0,557666.0,557968.0,558293.0,558638.0,559000.0,559319.0,559701.0,560005.0,560321.0,560650.0,560979.0,561341.0,561611.0,561915.0,562231.0,562581.0,562862.0,563164.0,563489.0,563776.0,564112.0,564419.0,564688.0,564925.0,565220.0,565494.0,565792.0,566025.0,566286.0,566617.0,566940.0,567219.0,567618.0,567921.0,568191.0,568475.0,568748.0,569104.0,569417.0,569721.0,570020.0,570264.0,570637.0,570982.0,571254.0,571612.0,571962.0,572325.0,572586.0,572887.0,573143.0,573459.0,573773.0,574132.0,574431.0,574795.0,575087.0,575362.0,575678.0,575968.0,576408.0,576746.0,577078.0,577444.0,577776.0,578111.0,578417.0,578663.0,578916.0,579149.0,579469.0,579682.0,579974.0,580253.0,580531.0,580788.0,581077.0,581352.0,581604.0,581867.0,582186.0,582460.0,582744.0,583029.0,583392.0,583720.0,583965.0,584216.0,584500.0,584755.0,585127.0,585451.0,585777.0,586103.0,586356.0,586720.0,587024.0,587328.0,587581.0,587836.0,588118.0,588363.0,588655.0,588975.0,589293.0,589523.0,589791.0,590017.0,590285.0,590531.0,590766.0,591031.0,591246.0,591444.0,591693.0,591945.0,592267.0,592655.0,592992.0,593374.0,593703.0,594044.0,594347.0,594715.0,595093.0,,,,,,,,,598319.0,598673.0,599042.0,599374.0,599743.0,600088.0,600489.0,600831.0,601230.0,601547.0,601901.0,602173.0,602461.0,602806.0,603136.0,603393.0,603672.0,603992.0,604297.0,604589.0,604955.0,605324.0,605608.0,605947.0,606227.0,606568.0,606874.0,607211.0,607522.0,607875.0,608228.0,608602.0,608912.0,609295.0,609555.0,609829.0,610105.0,610348.0,610638.0,610864.0,611190.0,611377.0,611698.0,611938.0,612171.0,612405.0,612677.0,612974.0,613206.0,613421.0,613666.0,613920.0,614167.0,614393.0,614572.0,614794.0,615020.0,615261.0,615483.0,615713.0,615940.0,616140.0,616376.0,616569.0,616793.0,617005.0,617205.0,617455.0,617704.0,617883.0,618133.0,618363
dRdLaGVAdao,7720058.0,7726154.0,7732967.0,7739891.0,7747475.0,7755569.0,7763334.0,7771218.0,7779349.0,7786912.0,7794053.0,7800792.0,7807850.0,7815262.0,7823290.0,7831519.0,7839813.0,7847714.0,7855390.0,7862974.0,7871127.0,7878874.0,7887054.0,7894948.0,7902821.0,7911095.0,7918908.0,7926825.0,7934674.0,7942315.0,7949691.0,7956613.0,7963667.0,7970774.0,7977493.0,7983886.0,7990276.0,7997487.0,8004145.0,8010827.0,8017570.0,8024404.0,8031731.0,8039697.0,8047084.0,8053399.0,8059775.0,8066674.0,8073983.0,8082483.0,8090320.0,8096789.0,8102511.0,8108867.0,8115452.0,8121737.0,8128492.0,8135308.0,8141827.0,8148056.0,8154511.0,8161167.0,8167728.0,8174202.0,8180751.0,8187021.0,8192814.0,8200401.0,8207687.0,8216696.0,8223048.0,8228693.0,8234060.0,8239349.0,8245113.0,8251032.0,8257064.0,8262431.0,8268159.0,8273479.0,8278774.0,8284517.0,8291529.0,8298559.0,8305574.0,8312660.0,8318530.0,8324068.0,8329726.0,8334987.0,8340656.0,8345960.0,8351356.0,8357606.0,8363302.0,8369071.0,8375068.0,8381083.0,8387195.0,8393435.0,8399431.0,8405505.0,8411633.0,8417706.0,8423736.0,8429609.0,8435428.0,8441754.0,8448289.0,8455379.0,8462637.0,8469714.0,8476638.0,8483137.0,8489403.0,8495567.0,8502037.0,8509001.0,8515857.0,8522090.0,8528083.0,8533810.0,8538968.0,8545732.0,8553855.0,8562260.0,8570374.0,8578487.0,8585076.0,8591202.0,8598564.0,8605001.0,8611184.0,8617510.0,,,,,,,,,8676645.0,8682704.0,8688810.0,8696448.0,8703909.0,8711552.0,8719304.0,8726337.0,8732610.0,8738659.0,8744490.0,8750569.0,8757791.0,8764633.0,8771107.0,8776693.0,8782415.0,8788284.0,8794812.0,8801200.0,8807389.0,8814000.0,8820482.0,8827414.0,8834326.0,8841762.0,8848935.0,8855959.0,8862311.0,8868920.0,8875858.0,8882788.0,8889867.0,8896673.0,8903420.0,8910160.0,8916653.0,8923796.0,8931117.0,8938121.0,8944976.0,8952210.0,8958629.0,8964570.0,8971293.0,8977739.0,8984071.0,8990629.0,8997066.0,9003689.0,9010262.0,9016730.0,9022970.0,9029174.0,9035406.0,9042719.0,9049835.0,9056322.0,9062978.0,9069740.0,9076682.0,9083075.0,9090117.0,9096767.0,9103119.0,9110074.0,9117264.0,9123411.0,9128831.0,9134928.0,9141026.0,9147259
Y732jibDixc,7927397.0,7931113.0,7936067.0,7941239.0,7946024.0,7950863.0,7955634.0,7960422.0,7965902.0,7970510.0,7975861.0,7981693.0,7987077.0,7992790.0,7997895.0,8003368.0,8008131.0,8012675.0,8018184.0,8023551.0,8028634.0,8033490.0,8039134.0,8044443.0,8050260.0,8055464.0,8060548.0,8065705.0,8070584.0,8076032.0,8081495.0,8086372.0,8091124.0,8096066.0,8101131.0,8105923.0,8110872.0,8116328.0,8121264.0,8126145.0,8130819.0,8135475.0,8140141.0,8144994.0,8149809.0,8154190.0,8158950.0,8164094.0,8169410.0,8175360.0,8180825.0,8186161.0,8190978.0,8196149.0,8201601.0,8206501.0,8212020.0,8217135.0,8221961.0,8227737.0,8234659.0,8241566.0,8248208.0,8254708.0,8262102.0,8269100.0,8276025.0,8282813.0,8288487.0,8296684.0,8303457.0,8309590.0,8316143.0,8322569.0,8329441.0,8336553.0,8344570.0,8353015.0,8361953.0,8370578.0,8379093.0,8388373.0,8396956.0,8406862.0,8416604.0,8425618.0,8435088.0,8444436.0,8454056.0,8462762.0,8471289.0,8479334.0,8487441.0,8496221.0,8504879.0,8513373.0,8520956.0,8528307.0,8536361.0,8543865.0,8552954.0,8561051.0,8569809.0,8577853.0,8586330.0,8593707.0,8600828.0,8608522.0,8616547.0,8624428.0,8632670.0,8640202.0,8647571.0,8654735.0,8662168.0,8670325.0,8677651.0,8685182.0,8692524.0,8699825.0,8706412.0,8713962.0,8721298.0,8728286.0,8735239.0,8741875.0,8748150.0,8754522.0,8761427.0,8767769.0,8774192.0,8780485.0,8786673.0,8792641.0,,,,,,,,,8845306.0,8851444.0,8857438.0,8863156.0,8869072.0,8874599.0,8879725.0,8885297.0,8891622.0,8897626.0,8903492.0,8909638.0,8916117.0,8922711.0,8929587.0,8936519.0,8943816.0,8951763.0,8959091.0,8965484.0,8971707.0,8978132.0,8983846.0,8989780.0,8995277.0,9000948.0,9006460.0,9012769.0,9018503.0,9024396.0,9030496.0,9036724.0,9042409.0,9048100.0,9053994.0,9060017.0,9065260.0,9070623.0,9076107.0,9081570.0,9087078.0,9092372.0,9097901.0,9103431.0,9109140.0,9114607.0,9120097.0,9125832.0,9130909.0,9136071.0,9141931.0,9147850.0,9153345.0,9158838.0,9164508.0,9170247.0,9175591.0,9180961.0,9186229.0,9191695.0,9196923.0,9202297.0,9207638.0,9213004.0,9218388.0,9223970.0,9228928.0,9233925.0,9238663.0,9243493.0,9248203.0,9252858
wxxRAez0bqA,2474781.0,2475283.0,2475839.0,2476361.0,2476874.0,2477412.0,2478028.0,2478509.0,2479178.0,2479771.0,2480270.0,2480839.0,2481419.0,2481985.0,2482484.0,2483025.0,2483480.0,2483951.0,2484456.0,2484953.0,2485507.0,2486011.0,2486522.0,2487005.0,2487451.0,2487898.0,2488397.0,2488915.0,2489452.0,2489945.0,2490383.0,2490826.0,2491206.0,2491687.0,2492191.0,2492715.0,2493232.0,2493677.0,2494168.0,2494697.0,2495135.0,2495601.0,2496099.0,2496550.0,2497044.0,2497518.0,2498012.0,2498512.0,2499040.0,2499504.0,2500029.0,2500569.0,2501126.0,2501619.0,2502170.0,2502759.0,2503317.0,2503829.0,2504368.0,2504834.0,2505380.0,2506052.0,2506670.0,2507321.0,2508024.0,2508604.0,2509183.0,2509705.0,2510171.0,2510804.0,2511296.0,2511745.0,2512195.0,2512614.0,2513086.0,2513586.0,2514061.0,2514517.0,2515055.0,2515459.0,2515925.0,2516443.0,2516894.0,2517504.0,2518066.0,2518570.0,2519041.0,2519484.0,2519916.0,2520404.0,2520924.0,2521488.0,2522034.0,2522492.0,2523046.0,2523550.0,2524072.0,2524555.0,2525052.0,2525495.0,2525945.0,2526382.0,2526812.0,2527195.0,2527648.0,2528115.0,2528505.0,2528991.0,2529410.0,2529848.0,2530378.0,2530959.0,2531486.0,2532002.0,2532492.0,2533037.0,2533566.0,2534083.0,2534557.0,2535059.0,2535521.0,2535971.0,2536451.0,2536843.0,2537324.0,2537744.0,2538293.0,2538791.0,2539213.0,2539678.0,2540255.0,2540653.0,2541237.0,2541597.0,,,,,,,,,2546351.0,2547040.0,2547647.0,2548240.0,2548777.0,2549241.0,2549753.0,2550176.0,2550834.0,2551386.0,2551940.0,2552468.0,2552998.0,2553542.0,2554019.0,2554465.0,2554934.0,2555414.0,2555940.0,2556416.0,2556878.0,2557436.0,2557916.0,2558372.0,2558822.0,2559255.0,2559715.0,2560242.0,2560765.0,2561220.0,2561720.0,2562273.0,2562884.0,2563383.0,2563831.0,2564292.0,2564744.0,2565156.0,2565632.0,2566122.0,2566519.0,2567063.0,2567438.0,2567974.0,2568434.0,2568968.0,2569502.0,2569958.0,2570426.0,2570859.0,2571327.0,2571790.0,2572207.0,2572714.0,2573258.0,2573815.0,2574279.0,2574684.0,2575219.0,2575703.0,2576190.0,2576586.0,2577106.0,2577546.0,2577946.0,2578375.0,2578848.0,2579188.0,2579640.0,2580047.0,2580501.0,2580961
gqUStT2oax0,18948466.0,18957310.0,18967818.0,18979560.0,18989803.0,19000486.0,19010414.0,19020664.0,19030882.0,19042976.0,19057288.0,19068870.0,19080224.0,19091937.0,19104075.0,19115722.0,19127873.0,19141070.0,19152716.0,19163083.0,19175197.0,19188693.0,19201911.0,19217065.0,19231656.0,19243809.0,19257132.0,19269844.0,19281997.0,19293427.0,19306017.0,19318398.0,19328888.0,19339597.0,19350075.0,19360269.0,19371896.0,19384367.0,19396302.0,19406073.0,19414619.0,19424917.0,19436256.0,19447455.0,19458673.0,19469601.0,19480337.0,19490314.0,19500323.0,19511150.0,19521072.0,19532351.0,19542348.0,19551585.0,19560186.0,19569860.0,19580985.0,19591543.0,19600993.0,19611770.0,19623320.0,19635121.0,19646323.0,19657960.0,19668646.0,19680131.0,19692055.0,19702773.0,19712498.0,19724833.0,19734335.0,19743173.0,19753762.0,19764014.0,19773610.0,19783221.0,19793906.0,19803292.0,19814287.0,19825303.0,19837065.0,19848860.0,19859295.0,19870238.0,19880468.0,19890516.0,19901564.0,19913018.0,19924111.0,19935548.0,19946008.0,19956003.0,19965743.0,19976293.0,19987304.0,19997322.0,20008168.0,20018866.0,20029359.0,20039087.0,20048767.0,20058372.0,20067607.0,20077528.0,20087361.0,20097416.0,20106445.0,20116471.0,20127556.0,20136944.0,20146525.0,20156959.0,20166201.0,20175396.0,20185970.0,20197024.0,20207720.0,20217598.0,20227975.0,20237441.0,20246024.0,20255381.0,20264301.0,20272331.0,20280755.0,20289376.0,20297995.0,20306751.0,20316812.0,20326420.0,20336167.0,20344377.0,20353284.0,20362530.0,,,,,,,,,20438789.0,20448795.0,20456670.0,20464648.0,20472511.0,20479848.0,20487897.0,20496145.0,20505824.0,20515314.0,20524395.0,20533614.0,20544108.0,20553873.0,20564482.0,20575545.0,20585293.0,20594777.0,20604243.0,20613148.0,20621909.0,20631322.0,20641391.0,20650460.0,20659594.0,20668915.0,20678174.0,20688107.0,20697782.0,20707419.0,20717083.0,20726403.0,20736033.0,20745474.0,20754300.0,20763675.0,20772659.0,20781541.0,20790725.0,20799286.0,20808314.0,20816889.0,20826072.0,20835628.0,20844475.0,20852889.0,20861409.0,20869991.0,20878283.0,20886967.0,20895866.0,20905145.0,20913910.0,20922702.0,20931372.0,20940249.0,20949129.0,20958369.0,20967133.0,20976161.0,20985112.0,20994462.0,21004072.0,21012865.0,21020994.0,21030211.0,21039481.0,21048352.0,21056194.0,21065012.0,21074191.0,21083212
ENvuhAEiabg,507850.0,507860.0,507867.0,507875.0,507886.0,507894.0,507901.0,507909.0,507919.0,507927.0,507933.0,507942.0,507952.0,507959.0,507975.0,507982.0,507996.0,508002.0,508011.0,508017.0,508023.0,508032.0,508039.0,508049.0,508058.0,508069.0,508083.0,508093.0,508105.0,508112.0,508117.0,508128.0,508139.0,508152.0,508166.0,508184.0,508194.0,508207.0,508213.0,508229.0,508242.0,508253.0,508263.0,508281.0,508288.0,508297.0,508312.0,508327.0,508337.0,508342.0,508348.0,508356.0,508366.0,508376.0,508385.0,508392.0,508404.0,508410.0,508423.0,508432.0,508443.0,508453.0,508462.0,508469.0,508482.0,508487.0,508496.0,508510.0,508522.0,508530.0,508530.0,508540.0,508552.0,508565.0,508578.0,508588.0,508604.0,508622.0,508629.0,508637.0,508654.0,508665.0,508679.0,508688.0,508700.0,508714.0,508722.0,508736.0,508748.0,508762.0,508778.0,508790.0,508799.0,508808.0,508818.0,508825.0,508831.0,508850.0,508865.0,508874.0,508883.0,508892.0,508901.0,508909.0,508933.0,508950.0,508961.0,508972.0,508990.0,509003.0,509018.0,509027.0,509050.0,509063.0,509074.0,509081.0,509091.0,509104.0,509113.0,509120.0,509131.0,509144.0,509153.0,509158.0,509169.0,509191.0,509204.0,509222.0,509235.0,509247.0,509252.0,509263.0,509277.0,509290.0,,,,,,,,,509367.0,509377.0,509384.0,509391.0,509399.0,509408.0,509415.0,509423.0,509437.0,509445.0,509452.0,509463.0,509474.0,509479.0,509492.0,509504.0,509512.0,509522.0,509535.0,509543.0,509560.0,509567.0,509574.0,509584.0,509589.0,509595.0,509598.0,509605.0,509614.0,509625.0,509632.0,509638.0,509643.0,509651.0,509657.0,509661.0,509674.0,509684.0,509689.0,509694.0,509706.0,509712.0,509721.0,509732.0,509746.0,509757.0,509768.0,509775.0,509788.0,509794.0,509800.0,509805.0,509810.0,509820.0,509831.0,509838.0,509852.0,509862.0,509874.0,509882.0,509888.0,509901.0,509909.0,509917.0,509923.0,509927.0,509932.0,509942.0,509956.0,509960.0,509968.0,509976
mdTKzjeCDNw,45121.0,45123.0,45133.0,45143.0,45148.0,45152.0,45159.0,45170.0,45178.0,45187.0,45194.0,45202.0,45211.0,45220.0,45225.0,45233.0,45239.0,45244.0,45252.0,45257.0,45263.0,45269.0,45271.0,45274.0,45279.0,45281.0,45285.0,45290.0,45296.0,45300.0,45306.0,45309.0,45314.0,45319.0,45325.0,45329.0,45340.0,45354.0,45363.0,45376.0,45382.0,45389.0,45399.0,45411.0,45419.0,45426.0,45430.0,45444.0,45450.0,45473.0,45501.0,45519.0,45537.0,45556.0,45567.0,45583.0,45601.0,45616.0,45633.0,45642.0,45661.0,45668.0,45681.0,45690.0,45693.0,45698.0,45707.0,45716.0,45720.0,45733.0,45752.0,45764.0,45773.0,45782.0,45799.0,45811.0,45829.0,45850.0,45866.0,45875.0,45903.0,45919.0,45935.0,45949.0,45963.0,45975.0,45988.0,46001.0,46014.0,46028.0,46040.0,46061.0,46070.0,46084.0,46088.0,46094.0,46104.0,46111.0,46123.0,46133.0,46155.0,46161.0,46174.0,46190.0,46195.0,46205.0,46214.0,46235.0,46243.0,46249.0,46256.0,46260.0,46269.0,46279.0,46284.0,46289.0,46298.0,46306.0,46314.0,46319.0,46329.0,46332.0,46342.0,46344.0,46345.0,46352.0,46357.0,46364.0,46366.0,46373.0,46384.0,46392.0,46402.0,46422.0,,,,,,,,,46523.0,46532.0,46551.0,46564.0,46572.0,46582.0,46590.0,46599.0,46604.0,46612.0,46619.0,46626.0,46631.0,46636.0,46641.0,46647.0,46653.0,46659.0,46673.0,46682.0,46693.0,46698.0,46711.0,46715.0,46726.0,46733.0,46744.0,46750.0,46757.0,46765.0,46777.0,46784.0,46791.0,46798.0,46810.0,46821.0,46827.0,46840.0,46848.0,46860.0,46868.0,46872.0,46877.0,46889.0,46898.0,46909.0,46928.0,46938.0,46949.0,46958.0,46969.0,46985.0,46990.0,47000.0,47013.0,47027.0,47029.0,47034.0,47050.0,47060.0,47066.0,47070.0,47077.0,47082.0,47094.0,47110.0,47131.0,47151.0,47160.0,47167.0,47176.0,47186
iJrvxV2VZG4,579619.0,579658.0,579689.0,579723.0,579776.0,579829.0,579884.0,579930.0,579960.0,580007.0,580072.0,580114.0,580151.0,580208.0,580305.0,580357.0,580415.0,580458.0,580509.0,580577.0,580628.0,580678.0,580717.0,580775.0,580815.0,580878.0,580921.0,580961.0,580988.0,581021.0,581091.0,581150.0,581204.0,581282.0,581356.0,581438.0,581520.0,581591.0,581648.0,581708.0,581774.0,581818.0,581850.0,581899.0,581950.0,582001.0,582046.0,582100.0,582141.0,582180.0,582221.0,582258.0,582294.0,582335.0,582375.0,582412.0,582447.0,582500.0,582540.0,582578.0,582626.0,582657.0,582692.0,582739.0,582777.0,582816.0,582849.0,582890.0,582933.0,582971.0,583013.0,583075.0,583116.0,583160.0,583216.0,583249.0,583293.0,583333.0,583378.0,583428.0,583464.0,583499.0,583538.0,583560.0,583606.0,583651.0,583693.0,583729.0,583778.0,583809.0,583843.0,583884.0,583931.0,583985.0,584031.0,584072.0,584109.0,584153.0,584198.0,584239.0,584276.0,584302.0,584339.0,584375.0,584414.0,584443.0,584486.0,584526.0,584567.0,584605.0,584645.0,584692.0,584738.0,584776.0,584819.0,584864.0,584915.0,584958.0,585000.0,585036.0,585099.0,585156.0,585190.0,585236.0,585282.0,585318.0,585360.0,585404.0,585447.0,585487.0,585529.0,585572.0,585623.0,585657.0,,,,,,,,,585997.0,586024.0,586068.0,586097.0,586147.0,586195.0,586240.0,586273.0,586297.0,586325.0,586356.0,586408.0,586442.0,586503.0,586581.0,586660.0,586707.0,586741.0,586783.0,586836.0,586869.0,586890.0,586925.0,586970.0,587007.0,587053.0,587086.0,587119.0,587160.0,587197.0,587243.0,587274.0,587310.0,587366.0,587410.0,587454.0,587501.0,587539.0,587594.0,587630.0,587686.0,587726.0,587782.0,587825.0,587865.0,587907.0,587953.0,587989.0,588031.0,588078.0,588130.0,588174.0,588205.0,588246.0,588291.0,588336.0,588381.0,588420.0,588468.0,588510.0,588558.0,588583.0,588604.0,588641.0,588687.0,588723.0,588758.0,588787.0,588813.0,588846.0,588882.0,588928
T4UKULyBROE,6380.0,6380.0,6381.0,6382.0,6383.0,6384.0,6384.0,6384.0,6384.0,6384.0,6384.0,6385.0,6385.0,6385.0,6385.0,6385.0,6385.0,6386.0,6386.0,6387.0,6387.0,6387.0,6387.0,6387.0,6388.0,6388.0,6388.0,6389.0,6389.0,6389.0,6389.0,6389.0,6390.0,6392.0,6392.0,6392.0,6393.0,6393.0,6394.0,6394.0,6394.0,6395.0,6395.0,6395.0,6396.0,6397.0,6398.0,6398.0,6398.0,6398.0,6398.0,6399.0,6399.0,6399.0,6399.0,6399.0,6399.0,6399.0,6400.0,6400.0,6400.0,6401.0,6401.0,6401.0,6404.0,6404.0,6404.0,6404.0,6404.0,6404.0,6406.0,6406.0,6406.0,6408.0,6408.0,6408.0,6410.0,6411.0,6411.0,6411.0,6411.0,6411.0,6411.0,6413.0,6414.0,6416.0,6416.0,6416.0,6419.0,6419.0,6419.0,6420.0,6420.0,6421.0,6421.0,6421.0,6421.0,6424.0,6426.0,6426.0,6428.0,6429.0,6430.0,6430.0,6431.0,6431.0,6431.0,6431.0,6431.0,6432.0,6432.0,6433.0,6433.0,6433.0,6434.0,6435.0,6436.0,6436.0,6436.0,6438.0,6438.0,6438.0,6438.0,6438.0,6438.0,6438.0,6438.0,6439.0,6439.0,6439.0,6439.0,6440.0,6440.0,6440.0,,,,,,,,,6441.0,6441.0,6441.0,6441.0,6441.0,6443.0,6443.0,6443.0,6443.0,6444.0,6445.0,6445.0,6445.0,6445.0,6445.0,6445.0,6445.0,6445.0,6445.0,6446.0,6446.0,6446.0,6446.0,6446.0,6446.0,6446.0,6446.0,6446.0,6446.0,6446.0,6446.0,6447.0,6448.0,6449.0,6449.0,6449.0,6449.0,6449.0,6449.0,6449.0,6449.0,6449.0,6449.0,6449.0,6449.0,6450.0,6451.0,6451.0,6451.0,6451.0,6452.0,6452.0,6453.0,6453.0,6453.0,6453.0,6454.0,6454.0,6454.0,6454.0,6455.0,6457.0,6457.0,6458.0,6459.0,6459.0,6459.0,6459.0,6459.0,6459.0,6459.0,6459
-lmd6aqWfYY,2740.0,2740.0,2740.0,2741.0,2741.0,2741.0,2741.0,2741.0,2741.0,2741.0,2741.0,2742.0,2742.0,2742.0,2742.0,2744.0,2744.0,2744.0,2744.0,2744.0,2744.0,2744.0,2744.0,2744.0,2744.0,2744.0,2744.0,2744.0,2745.0,2746.0,2746.0,2747.0,2747.0,2747.0,2747.0,2747.0,2747.0,2747.0,2747.0,2747.0,2748.0,2750.0,2750.0,2750.0,2750.0,2750.0,2750.0,2750.0,2751.0,2751.0,2751.0,2751.0,2751.0,2751.0,2751.0,2751.0,2751.0,2751.0,2751.0,2751.0,2751.0,2751.0,2751.0,2751.0,2751.0,2751.0,2751.0,2751.0,2751.0,2751.0,2751.0,2751.0,2752.0,2752.0,2752.0,2752.0,2752.0,2752.0,2752.0,2753.0,2753.0,2753.0,2753.0,2754.0,2754.0,2755.0,2757.0,2758.0,2758.0,2758.0,2758.0,2758.0,2758.0,2758.0,2758.0,2758.0,2758.0,2758.0,2758.0,2758.0,2758.0,2759.0,2759.0,2759.0,2759.0,2759.0,2759.0,2759.0,2759.0,2759.0,2759.0,2759.0,2759.0,2760.0,2760.0,2760.0,2760.0,2760.0,2760.0,2760.0,2760.0,2760.0,2760.0,2760.0,2760.0,2760.0,2760.0,2761.0,2761.0,2762.0,2763.0,2763.0,2763.0,2763.0,,,,,,,,,2765.0,2765.0,2765.0,2765.0,2765.0,2765.0,2765.0,2765.0,2765.0,2765.0,2765.0,2767.0,2768.0,2768.0,2769.0,2769.0,2769.0,2769.0,2770.0,2770.0,2770.0,2771.0,2771.0,2771.0,2771.0,2772.0,2773.0,2773.0,2773.0,2773.0,2773.0,2773.0,2773.0,2777.0,2777.0,2777.0,2777.0,2777.0,2777.0,2777.0,2777.0,2777.0,2777.0,2777.0,2777.0,2777.0,2777.0,2777.0,2777.0,2777.0,2777.0,2777.0,2778.0,2778.0,2778.0,2778.0,2778.0,2778.0,2778.0,2778.0,2778.0,2778.0,2778.0,2778.0,2780.0,2780.0,2780.0,2780.0,2780.0,2780.0,2780.0,2780
0S6dsVZAsVk,87.0,87.0,87.0,87.0,87.0,87.0,87.0,87.0,87.0,87.0,87.0,87.0,87.0,87.0,87.0,87.0,87.0,87.0,87.0,87.0,87.0,87.0,87.0,87.0,87.0,87.0,87.0,87.0,87.0,87.0,87.0,87.0,87.0,87.0,87.0,87.0,87.0,87.0,87.0,87.0,87.0,87.0,87.0,87.0,87.0,87.0,87.0,87.0,87.0,87.0,87.0,87.0,87.0,87.0,87.0,87.0,88.0,88.0,88.0,88.0,88.0,88.0,88.0,88.0,88.0,88.0,88.0,88.0,88.0,88.0,88.0,88.0,88.0,88.0,88.0,88.0,88.0,88.0,88.0,88.0,88.0,88.0,88.0,88.0,88.0,88.0,88.0,88.0,88.0,88.0,88.0,88.0,88.0,88.0,88.0,88.0,88.0,88.0,88.0,88.0,88.0,88.0,88.0,88.0,88.0,88.0,88.0,88.0,88.0,88.0,88.0,88.0,88.0,88.0,88.0,88.0,88.0,88.0,88.0,88.0,88.0,88.0,88.0,88.0,88.0,88.0,88.0,88.0,88.0,88.0,89.0,89.0,89.0,89.0,,,,,,,,,89.0,89.0,89.0,89.0,89.0,89.0,89.0,89.0,89.0,89.0,89.0,89.0,89.0,89.0,89.0,89.0,89.0,89.0,89.0,89.0,89.0,89.0,89.0,89.0,89.0,89.0,89.0,89.0,89.0,89.0,89.0,89.0,89.0,89.0,89.0,89.0,89.0,89.0,89.0,89.0,89.0,89.0,89.0,89.0,89.0,89.0,89.0,89.0,89.0,89.0,89.0,89.0,89.0,89.0,89.0,89.0,89.0,89.0,89.0,89.0,89.0,89.0,89.0,89.0,89.0,89.0,89.0,89.0,89.0,89.0,89.0,89
Is7yLDpPkGU,4153555.0,4154407.0,4155361.0,4156320.0,4157244.0,4158127.0,4159082.0,4159996.0,4160863.0,4161803.0,4162800.0,4163677.0,4164685.0,4165617.0,4166641.0,4167563.0,4168583.0,4169671.0,4170715.0,4171717.0,4172625.0,4173701.0,4174765.0,4175801.0,4176818.0,4177731.0,4178697.0,4179484.0,4180421.0,4181324.0,4182495.0,4183594.0,4184569.0,4185638.0,4186560.0,4187573.0,4188665.0,4189609.0,4190527.0,4191398.0,4192457.0,4193388.0,4194420.0,4195729.0,4197017.0,4198284.0,4199518.0,4200752.0,4201884.0,4202919.0,4203931.0,4205042.0,4206318.0,4207553.0,4208933.0,4210338.0,4211700.0,4213130.0,4214632.0,4216162.0,4217389.0,4218587.0,4219691.0,4220724.0,4222052.0,4223506.0,4224975.0,4226614.0,4228138.0,4230490.0,4232315.0,4234041.0,4235961.0,4237476.0,4238711.0,4239727.0,4240896.0,4241828.0,4242844.0,4243836.0,4244814.0,4245745.0,4246676.0,4247674.0,4248559.0,4249631.0,4250766.0,4251756.0,4252780.0,4253902.0,4255459.0,4256973.0,4259041.0,4260630.0,4262242.0,4263783.0,4264804.0,4265601.0,4266436.0,4267286.0,4268035.0,4268805.0,4269538.0,4270260.0,4270978.0,4271778.0,4272534.0,4273354.0,4274184.0,4274962.0,4275782.0,4276569.0,4277365.0,4278223.0,4279303.0,4280134.0,4280884.0,4281607.0,4282339.0,4283005.0,4283673.0,4284379.0,4285088.0,4285706.0,4286283.0,4286988.0,4287642.0,4288289.0,4288968.0,4289742.0,4290402.0,4291068.0,4291840.0,4292615.0,,,,,,,,,4298863.0,4299635.0,4300296.0,4300839.0,4301506.0,4302237.0,4302843.0,4303426.0,4304154.0,4304676.0,4305412.0,4306023.0,4306678.0,4307293.0,4307911.0,4308507.0,4309101.0,4309745.0,4310486.0,4311207.0,4311718.0,4312414.0,4313136.0,4313785.0,4314468.0,4315054.0,4316036.0,4317279.0,4318672.0,4319996.0,4321368.0,4322670.0,4323942.0,4325123.0,4326273.0,4327332.0,4328338.0,4329568.0,4330885.0,4332008.0,4333261.0,4334429.0,4335592.0,4336661.0,4337721.0,4338893.0,4339974.0,4341499.0,4342844.0,4344063.0,4345146.0,4346430.0,4347671.0,4349013.0,4350276.0,4351517.0,4352699.0,4353805.0,4355018.0,4356200.0,4357278.0,4358244.0,4359374.0,4360492.0,4361581.0,4362705.0,4363952.0,4365212.0,4366629.0,4367710.0,4368748.0,4369795
-7EibPpgj2k,5248.0,5252.0,5252.0,5255.0,5256.0,5258.0,5259.0,5261.0,5261.0,5264.0,5269.0,5270.0,5270.0,5277.0,5279.0,5282.0,5285.0,5287.0,5292.0,5294.0,5296.0,5302.0,5303.0,5304.0,5305.0,5309.0,5310.0,5313.0,5313.0,5314.0,5315.0,5317.0,5319.0,5319.0,5320.0,5329.0,5332.0,5333.0,5333.0,5338.0,5339.0,5340.0,5342.0,5344.0,5346.0,5347.0,5353.0,5353.0,5356.0,5359.0,5364.0,5364.0,5366.0,5370.0,5371.0,5375.0,5375.0,5379.0,5381.0,5384.0,5386.0,5388.0,5392.0,5395.0,5398.0,5401.0,5404.0,5407.0,5408.0,5413.0,5417.0,5420.0,5425.0,5426.0,5427.0,5436.0,5441.0,5444.0,5446.0,5450.0,5451.0,5455.0,5462.0,5463.0,5468.0,5473.0,5473.0,5474.0,5475.0,5476.0,5477.0,5480.0,5482.0,5482.0,5483.0,5484.0,5485.0,5486.0,5489.0,5490.0,5492.0,5495.0,5498.0,5499.0,5500.0,5501.0,5504.0,5507.0,5511.0,5512.0,5513.0,5514.0,5516.0,5520.0,5521.0,5523.0,5525.0,5526.0,5529.0,5532.0,5538.0,5542.0,5545.0,5548.0,5548.0,5550.0,5552.0,5553.0,5554.0,5557.0,5558.0,5559.0,5563.0,5568.0,,,,,,,,,5590.0,5595.0,5597.0,5598.0,5601.0,5603.0,5604.0,5604.0,5605.0,5606.0,5607.0,5611.0,5615.0,5617.0,5618.0,5619.0,5619.0,5620.0,5622.0,5623.0,5624.0,5626.0,5628.0,5629.0,5631.0,5635.0,5639.0,5641.0,5642.0,5646.0,5647.0,5648.0,5655.0,5659.0,5663.0,5664.0,5666.0,5667.0,5668.0,5671.0,5673.0,5674.0,5679.0,5682.0,5689.0,5697.0,5701.0,5704.0,5708.0,5710.0,5714.0,5722.0,5725.0,5729.0,5729.0,5734.0,5737.0,5738.0,5740.0,5743.0,5747.0,5749.0,5750.0,5751.0,5755.0,5756.0,5758.0,5763.0,5765.0,5767.0,5768.0,5768
QkYIEO-9Pk8,4379.0,4379.0,4378.0,4378.0,4379.0,4381.0,4384.0,4386.0,4387.0,4387.0,4388.0,4388.0,4388.0,4389.0,4390.0,4390.0,4392.0,4395.0,4397.0,4397.0,4397.0,4398.0,4402.0,4402.0,4402.0,4404.0,4405.0,4407.0,4409.0,4412.0,4412.0,4412.0,4413.0,4413.0,4413.0,4415.0,4417.0,4418.0,4419.0,4420.0,4420.0,4420.0,4423.0,4428.0,4430.0,4431.0,4432.0,4432.0,4433.0,4435.0,4436.0,4437.0,4436.0,4438.0,4439.0,4440.0,4442.0,4445.0,4445.0,4445.0,4445.0,4447.0,4448.0,4450.0,4450.0,4451.0,4451.0,4452.0,4452.0,4453.0,4454.0,4454.0,4455.0,4458.0,4458.0,4458.0,4457.0,4458.0,4458.0,4462.0,4463.0,4465.0,4468.0,4468.0,4470.0,4471.0,4471.0,4472.0,4473.0,4475.0,4475.0,4476.0,4477.0,4483.0,4484.0,4485.0,4488.0,4491.0,4493.0,4495.0,4496.0,4497.0,4498.0,4500.0,4501.0,4504.0,4505.0,4507.0,4508.0,4508.0,4508.0,4510.0,4512.0,4512.0,4514.0,4514.0,4515.0,4516.0,4518.0,4518.0,4518.0,4518.0,4518.0,4519.0,4519.0,4521.0,4521.0,4521.0,4522.0,4524.0,4524.0,4525.0,4526.0,4526.0,,,,,,,,,4533.0,4536.0,4537.0,4540.0,4541.0,4541.0,4542.0,4544.0,4544.0,4545.0,4545.0,4549.0,4551.0,4553.0,4554.0,4555.0,4556.0,4557.0,4559.0,4559.0,4559.0,4560.0,4560.0,4560.0,4560.0,4560.0,4560.0,4561.0,4562.0,4562.0,4562.0,4563.0,4564.0,4564.0,4565.0,4566.0,4566.0,4567.0,4567.0,4569.0,4571.0,4575.0,4575.0,4577.0,4578.0,4581.0,4581.0,4584.0,4584.0,4584.0,4586.0,4587.0,4589.0,4591.0,4591.0,4593.0,4594.0,4596.0,4596.0,4596.0,4596.0,4597.0,4597.0,4598.0,4599.0,4599.0,4600.0,4602.0,4602.0,4603.0,4605.0,4605
X2MLg8l_qRo,5090.0,5090.0,5090.0,5090.0,5091.0,5091.0,5092.0,5092.0,5093.0,5093.0,5093.0,5093.0,5093.0,5095.0,5095.0,5097.0,5098.0,5098.0,5098.0,5097.0,5098.0,5098.0,5098.0,5098.0,5098.0,5098.0,5102.0,5103.0,5103.0,5104.0,5104.0,5106.0,5107.0,5107.0,5108.0,5108.0,5109.0,5110.0,5110.0,5110.0,5110.0,5110.0,5110.0,5111.0,5111.0,5111.0,5111.0,5111.0,5111.0,5111.0,5111.0,5111.0,5112.0,5112.0,5113.0,5114.0,5116.0,5117.0,5118.0,5118.0,5119.0,5119.0,5119.0,5120.0,5120.0,5120.0,5120.0,5124.0,5124.0,5124.0,5124.0,5124.0,5125.0,5126.0,5127.0,5128.0,5127.0,5127.0,5127.0,5127.0,5128.0,5128.0,5128.0,5129.0,5130.0,5130.0,5131.0,5133.0,5133.0,5134.0,5135.0,5135.0,5135.0,5135.0,5135.0,5135.0,5135.0,5135.0,5136.0,5136.0,5136.0,5139.0,5141.0,5141.0,5141.0,5141.0,5142.0,5143.0,5144.0,5144.0,5144.0,5144.0,5146.0,5147.0,5148.0,5148.0,5149.0,5149.0,5149.0,5149.0,5150.0,5150.0,5150.0,5150.0,5150.0,5150.0,5151.0,5151.0,5151.0,5151.0,5151.0,5151.0,5151.0,5151.0,,,,,,,,,5174.0,5182.0,5187.0,5192.0,5204.0,5213.0,5219.0,5227.0,5230.0,5233.0,5234.0,5238.0,5244.0,5245.0,5245.0,5248.0,5252.0,5253.0,5254.0,5254.0,5254.0,5254.0,5254.0,5254.0,5254.0,5254.0,5254.0,5256.0,5256.0,5256.0,5256.0,5257.0,5259.0,5259.0,5259.0,5261.0,5264.0,5267.0,5268.0,5269.0,5269.0,5271.0,5272.0,5272.0,5275.0,5276.0,5276.0,5276.0,5276.0,5278.0,5278.0,5279.0,5279.0,5281.0,5282.0,5283.0,5283.0,5284.0,5285.0,5286.0,5287.0,5288.0,5289.0,5289.0,5289.0,5291.0,5294.0,5296.0,5300.0,5305.0,5307.0,5309
c_5vICuprtA,84736.0,84773.0,84831.0,84897.0,84954.0,85024.0,85098.0,85169.0,85230.0,85309.0,85422.0,85472.0,85526.0,85607.0,85678.0,85764.0,85860.0,85948.0,86065.0,86146.0,86247.0,86343.0,86440.0,86515.0,86575.0,86618.0,86683.0,86744.0,86801.0,86858.0,86930.0,86985.0,87050.0,87102.0,87158.0,87220.0,87292.0,87365.0,87407.0,87470.0,87516.0,87591.0,87670.0,87733.0,87798.0,87859.0,87930.0,87993.0,88040.0,88110.0,88171.0,88268.0,88354.0,88430.0,88522.0,88637.0,88721.0,88816.0,88904.0,88948.0,89016.0,89081.0,89168.0,89257.0,89319.0,89403.0,89506.0,89577.0,89667.0,89771.0,89874.0,89985.0,90088.0,90206.0,90301.0,90414.0,90498.0,90578.0,90656.0,90727.0,90804.0,90863.0,90971.0,91055.0,91110.0,91177.0,91240.0,91325.0,91388.0,91507.0,91577.0,91658.0,91740.0,91834.0,91922.0,92004.0,92080.0,92174.0,92250.0,92316.0,92387.0,92460.0,92522.0,92604.0,92687.0,92754.0,92831.0,92910.0,92975.0,93052.0,93102.0,93172.0,93257.0,93312.0,93383.0,93452.0,93530.0,93600.0,93681.0,93741.0,93818.0,93910.0,93968.0,94072.0,94157.0,94258.0,94327.0,94426.0,94540.0,94647.0,94752.0,94847.0,94937.0,95018.0,,,,,,,,,95771.0,95847.0,95919.0,95999.0,96125.0,96223.0,96306.0,96399.0,96478.0,96556.0,96608.0,96672.0,96738.0,96803.0,96880.0,96964.0,97033.0,97095.0,97168.0,97229.0,97322.0,97403.0,97471.0,97531.0,97618.0,97697.0,97779.0,97864.0,97932.0,98015.0,98111.0,98178.0,98293.0,98449.0,98579.0,98681.0,98758.0,98883.0,98980.0,99081.0,99193.0,99302.0,99373.0,99469.0,99535.0,99620.0,99714.0,99809.0,99927.0,100046.0,100133.0,100228.0,100361.0,100454.0,100534.0,100634.0,100750.0,100840.0,100922.0,101044.0,101152.0,101254.0,101385.0,101506.0,101609.0,101705.0,101837.0,101946.0,102093.0,102198.0,102312.0,102447
fkUGZrrw9Y8,200876.0,201180.0,201415.0,201694.0,201984.0,202306.0,202614.0,202906.0,203217.0,203506.0,203747.0,204012.0,204297.0,204612.0,204886.0,205161.0,205492.0,205731.0,206015.0,206333.0,206733.0,207109.0,207427.0,207711.0,207988.0,208276.0,208555.0,208847.0,209106.0,209396.0,209656.0,209924.0,210125.0,210377.0,210604.0,210847.0,211108.0,211306.0,211505.0,211766.0,212065.0,212333.0,212656.0,212958.0,213279.0,213521.0,213842.0,214146.0,214374.0,214689.0,214980.0,215187.0,215395.0,215620.0,215857.0,216114.0,216380.0,216648.0,216903.0,217097.0,217452.0,217786.0,218107.0,218447.0,218835.0,219193.0,219547.0,219888.0,220119.0,220511.0,220908.0,221244.0,221584.0,221934.0,222269.0,222721.0,223075.0,223468.0,223852.0,224168.0,224463.0,224764.0,225182.0,225505.0,225838.0,226165.0,226564.0,226896.0,227291.0,227672.0,228035.0,228472.0,228836.0,229202.0,229538.0,229892.0,230245.0,230581.0,230926.0,231256.0,231574.0,231848.0,232175.0,232510.0,232802.0,233143.0,233449.0,233732.0,234019.0,234378.0,234672.0,234958.0,235361.0,235677.0,236046.0,236346.0,236679.0,237022.0,237349.0,237691.0,238000.0,238319.0,238594.0,238928.0,239298.0,239619.0,239947.0,240285.0,240556.0,240789.0,241126.0,241427.0,241706.0,241961.0,,,,,,,,,244751.0,245062.0,245419.0,245722.0,246119.0,246488.0,246854.0,247165.0,247476.0,247729.0,248038.0,248273.0,248525.0,248928.0,249293.0,249524.0,249787.0,250024.0,250287.0,250673.0,251074.0,251544.0,251878.0,252298.0,252639.0,253100.0,253564.0,254049.0,254526.0,254921.0,255343.0,255750.0,256173.0,256634.0,257035.0,257429.0,257766.0,258248.0,258718.0,259241.0,259717.0,260217.0,260633.0,261026.0,261511.0,261907.0,262429.0,263005.0,263526.0,263939.0,264366.0,264763.0,265184.0,265575.0,265998.0,266508.0,266955.0,267453.0,268020.0,268622.0,269322.0,269821.0,270344.0,270852.0,271335.0,271981.0,272677.0,273272.0,273703.0,274324.0,274912.0,275499
3SzkZxQ2mOg,144815.0,144867.0,144913.0,144964.0,145023.0,145073.0,145145.0,145210.0,145281.0,145362.0,145448.0,145534.0,145609.0,145701.0,145790.0,145866.0,145956.0,146032.0,146149.0,146235.0,146324.0,146382.0,146460.0,146537.0,146608.0,146670.0,146756.0,146830.0,146894.0,146939.0,146995.0,147061.0,147113.0,147174.0,147249.0,147314.0,147377.0,147470.0,147546.0,147619.0,147709.0,147783.0,147890.0,147990.0,148075.0,148185.0,148264.0,148343.0,148419.0,148511.0,148592.0,148671.0,148739.0,148806.0,148880.0,148990.0,149061.0,149148.0,149204.0,149269.0,149336.0,149419.0,149505.0,149589.0,149664.0,149733.0,149816.0,149908.0,150032.0,150138.0,150225.0,150314.0,150397.0,150475.0,150568.0,150615.0,150735.0,150841.0,150951.0,151094.0,151187.0,151308.0,151439.0,151535.0,151610.0,151661.0,151746.0,151819.0,151894.0,152016.0,152091.0,152150.0,152231.0,152331.0,152421.0,152525.0,152628.0,152693.0,152767.0,152815.0,152887.0,152933.0,152978.0,153053.0,153132.0,153196.0,153283.0,153355.0,153423.0,153512.0,153579.0,153658.0,153737.0,153800.0,153861.0,153922.0,153997.0,154078.0,154151.0,154222.0,154287.0,154348.0,154408.0,154463.0,154523.0,154582.0,154666.0,154753.0,154814.0,154880.0,154951.0,155030.0,155065.0,155121.0,,,,,,,,,155796.0,155858.0,155945.0,156029.0,156100.0,156223.0,156388.0,156518.0,156654.0,156812.0,156948.0,157097.0,157248.0,157422.0,157583.0,157756.0,157919.0,158029.0,158144.0,158242.0,158350.0,158442.0,158544.0,158658.0,158802.0,158920.0,159084.0,159203.0,159368.0,159502.0,159629.0,159756.0,159882.0,160020.0,160174.0,160302.0,160451.0,160603.0,160760.0,160954.0,161147.0,161295.0,161432.0,161555.0,161721.0,161882.0,162017.0,162154.0,162292.0,162398.0,162507.0,162630.0,162749.0,162884.0,163014.0,163169.0,163307.0,163427.0,163571.0,163692.0,163827.0,163938.0,164074.0,164246.0,164389.0,164509.0,164652.0,164828.0,164976.0,165111.0,165295.0,165408
4wqBAkO5w-E,46912.0,46945.0,46976.0,47020.0,47058.0,47087.0,47122.0,47148.0,47181.0,47221.0,47246.0,47288.0,47324.0,47373.0,47415.0,47461.0,47500.0,47537.0,47567.0,47625.0,47670.0,47716.0,47757.0,47786.0,47824.0,47866.0,47917.0,47966.0,48006.0,48049.0,48079.0,48127.0,48155.0,48206.0,48249.0,48292.0,48319.0,48347.0,48374.0,48406.0,48439.0,48493.0,48534.0,48570.0,48603.0,48640.0,48671.0,48700.0,48743.0,48772.0,48798.0,48825.0,48846.0,48873.0,48898.0,48931.0,48963.0,49004.0,49042.0,49059.0,49087.0,49122.0,49163.0,49191.0,49249.0,49282.0,49307.0,49332.0,49349.0,49387.0,49419.0,49444.0,49483.0,49519.0,49550.0,49595.0,49644.0,49664.0,49704.0,49745.0,49785.0,49827.0,49888.0,49973.0,50072.0,50153.0,50211.0,50260.0,50325.0,50386.0,50431.0,50472.0,50525.0,50580.0,50616.0,50665.0,50715.0,50754.0,50794.0,50835.0,50867.0,50901.0,50931.0,50973.0,51018.0,51061.0,51109.0,51155.0,51204.0,51246.0,51289.0,51319.0,51366.0,51415.0,51468.0,51530.0,51581.0,51638.0,51689.0,51739.0,51794.0,51842.0,51885.0,51937.0,51996.0,52049.0,52098.0,52151.0,52215.0,52275.0,52325.0,52386.0,52462.0,52516.0,,,,,,,,,53073.0,53123.0,53164.0,53227.0,53288.0,53325.0,53371.0,53399.0,53462.0,53542.0,53623.0,53713.0,53790.0,53881.0,53922.0,54011.0,54092.0,54169.0,54248.0,54299.0,54335.0,54370.0,54404.0,54443.0,54476.0,54516.0,54544.0,54580.0,54607.0,54630.0,54666.0,54691.0,54724.0,54761.0,54796.0,54822.0,54845.0,54885.0,54920.0,54964.0,54996.0,55035.0,55057.0,55082.0,55131.0,55175.0,55224.0,55279.0,55325.0,55358.0,55404.0,55444.0,55490.0,55520.0,55552.0,55592.0,55619.0,55645.0,55673.0,55713.0,55747.0,55772.0,55803.0,55824.0,55871.0,55911.0,55979.0,56029.0,56073.0,56115.0,56156.0,56184
_2ATxTnhi50,6901734.0,6901750.0,6901762.0,6901775.0,6901781.0,6901789.0,6901796.0,6901805.0,6901809.0,6901819.0,6901827.0,6901836.0,6901841.0,6901846.0,6901855.0,6901861.0,6901868.0,6901875.0,6901887.0,6901897.0,6901902.0,6901911.0,6901918.0,6901928.0,6901939.0,6901973.0,6901990.0,6902007.0,6902024.0,6902038.0,6902049.0,6902057.0,6902069.0,6902076.0,6902089.0,6902107.0,6902127.0,6902140.0,6902153.0,6902166.0,6902180.0,6902199.0,6902218.0,6902231.0,6902244.0,6902259.0,6902266.0,6902276.0,6902290.0,6902310.0,6902325.0,6902336.0,6902336.0,6902342.0,6902351.0,6902362.0,6902376.0,6902384.0,6902399.0,6902403.0,6902410.0,6902424.0,6902432.0,6902442.0,6902451.0,6902460.0,6902471.0,6902491.0,6902512.0,6902527.0,6902537.0,6902556.0,6902565.0,6902582.0,6902591.0,6902606.0,6902619.0,6902640.0,6902655.0,6902673.0,6902688.0,6902694.0,6902700.0,6902719.0,6902733.0,6902740.0,6902751.0,6902757.0,6902771.0,6902776.0,6902792.0,6902810.0,6902823.0,6902835.0,6902841.0,6902845.0,6902861.0,6902879.0,6902890.0,6902905.0,6902923.0,6902932.0,6902941.0,6902948.0,6902966.0,6902972.0,6902985.0,6902995.0,6903009.0,6903019.0,6903025.0,6903034.0,6903040.0,6903053.0,6903064.0,6903071.0,6903087.0,6903097.0,6903104.0,6903115.0,6903129.0,6903142.0,6903154.0,6903166.0,6903179.0,6903189.0,6903198.0,6903209.0,6903217.0,6903229.0,6903241.0,6903250.0,6903259.0,6903271.0,,,,,,,,,6903379.0,6903386.0,6903395.0,6903405.0,6903427.0,6903440.0,6903460.0,6903473.0,6903485.0,6903495.0,6903513.0,6903531.0,6903544.0,6903556.0,6903572.0,6903581.0,6903592.0,6903605.0,6903618.0,6903624.0,6903629.0,6903633.0,6903647.0,6903663.0,6903669.0,6903686.0,6903697.0,6903710.0,6903719.0,6903731.0,6903736.0,6903752.0,6903761.0,6903766.0,6903775.0,6903781.0,6903792.0,6903800.0,6903807.0,6903817.0,6903829.0,6903838.0,6903852.0,6903858.0,6903867.0,6903883.0,6903895.0,6903909.0,6903928.0,6903943.0,6903959.0,6903970.0,6903984.0,6904014.0,6904048.0,6904072.0,6904096.0,6904106.0,6904127.0,6904156.0,6904182.0,6904195.0,6904207.0,6904225.0,6904235.0,6904255.0,6904271.0,6904291.0,6904308.0,6904314.0,6904329.0,6904343
gdQUoXV_nik,12572.0,12575.0,12581.0,12584.0,12588.0,12591.0,12592.0,12594.0,12599.0,12603.0,12604.0,12606.0,12608.0,12610.0,12614.0,12616.0,12618.0,12618.0,12619.0,12624.0,12624.0,12629.0,12630.0,12633.0,12636.0,12641.0,12643.0,12644.0,12647.0,12650.0,12652.0,12653.0,12657.0,12659.0,12662.0,12664.0,12665.0,12666.0,12669.0,12670.0,12673.0,12677.0,12677.0,12679.0,12683.0,12683.0,12688.0,12688.0,12690.0,12692.0,12694.0,12697.0,12697.0,12698.0,12700.0,12701.0,12702.0,12703.0,12705.0,12706.0,12712.0,12714.0,12714.0,12718.0,12719.0,12723.0,12724.0,12725.0,12731.0,12733.0,12733.0,12734.0,12738.0,12739.0,12743.0,12744.0,12745.0,12745.0,12746.0,12747.0,12748.0,12750.0,12752.0,12756.0,12757.0,12758.0,12759.0,12760.0,12761.0,12761.0,12761.0,12764.0,12764.0,12766.0,12766.0,12767.0,12768.0,12772.0,12773.0,12777.0,12779.0,12779.0,12780.0,12781.0,12785.0,12785.0,12785.0,12787.0,12790.0,12793.0,12797.0,12801.0,12802.0,12803.0,12805.0,12809.0,12809.0,12810.0,12812.0,12815.0,12817.0,12822.0,12825.0,12826.0,12828.0,12831.0,12833.0,12837.0,12840.0,12841.0,12848.0,12855.0,12859.0,12860.0,,,,,,,,,12911.0,12915.0,12921.0,12924.0,12927.0,12933.0,12934.0,12935.0,12936.0,12938.0,12940.0,12940.0,12944.0,12949.0,12957.0,12961.0,12963.0,12964.0,12966.0,12969.0,12971.0,12973.0,12979.0,12984.0,12990.0,12990.0,12993.0,13000.0,13001.0,13001.0,13008.0,13014.0,13015.0,13016.0,13018.0,13023.0,13026.0,13030.0,13032.0,13036.0,13044.0,13052.0,13059.0,13064.0,13075.0,13086.0,13097.0,13099.0,13106.0,13114.0,13122.0,13129.0,13132.0,13137.0,13138.0,13146.0,13152.0,13159.0,13167.0,13171.0,13178.0,13181.0,13186.0,13189.0,13195.0,13203.0,13211.0,13219.0,13224.0,13229.0,13231.0,13235
3FbiG39tV60,9463.0,9464.0,9466.0,9466.0,9467.0,9468.0,9468.0,9473.0,9473.0,9478.0,9478.0,9479.0,9480.0,9482.0,9482.0,9483.0,9484.0,9486.0,9487.0,9487.0,9488.0,9489.0,9492.0,9492.0,9497.0,9498.0,9499.0,9501.0,9501.0,9501.0,9501.0,9510.0,9519.0,9521.0,9523.0,9528.0,9530.0,9532.0,9533.0,9536.0,9540.0,9542.0,9545.0,9545.0,9546.0,9547.0,9550.0,9551.0,9552.0,9556.0,9560.0,9563.0,9564.0,9568.0,9568.0,9575.0,9580.0,9581.0,9584.0,9586.0,9586.0,9588.0,9592.0,9599.0,9603.0,9606.0,9608.0,9611.0,9611.0,9613.0,9614.0,9614.0,9616.0,9616.0,9619.0,9621.0,9624.0,9625.0,9626.0,9628.0,9629.0,9630.0,9631.0,9633.0,9635.0,9636.0,9639.0,9640.0,9640.0,9642.0,9643.0,9645.0,9645.0,9648.0,9652.0,9653.0,9657.0,9660.0,9662.0,9663.0,9665.0,9666.0,9667.0,9670.0,9672.0,9674.0,9674.0,9674.0,9677.0,9678.0,9678.0,9681.0,9683.0,9684.0,9685.0,9688.0,9694.0,9702.0,9704.0,9709.0,9709.0,9712.0,9716.0,9716.0,9719.0,9722.0,9723.0,9726.0,9732.0,9735.0,9737.0,9739.0,9742.0,9743.0,,,,,,,,,9768.0,9770.0,9770.0,9772.0,9775.0,9781.0,9795.0,9819.0,9831.0,9843.0,9844.0,9852.0,9860.0,9862.0,9867.0,9870.0,9880.0,9881.0,9882.0,9885.0,9885.0,9888.0,9893.0,9893.0,9896.0,9901.0,9903.0,9904.0,9910.0,9913.0,9913.0,9917.0,9922.0,9926.0,9927.0,9931.0,9932.0,9940.0,9942.0,9947.0,9951.0,9955.0,9966.0,9970.0,9974.0,9979.0,9983.0,9984.0,9987.0,9989.0,9995.0,9997.0,10000.0,10000.0,10001.0,10002.0,10004.0,10006.0,10006.0,10009.0,10014.0,10017.0,10023.0,10024.0,10028.0,10029.0,10037.0,10040.0,10044.0,10045.0,10050.0,10051
7abthqxbTzc,116853.0,116862.0,116876.0,116899.0,116916.0,116944.0,116963.0,116983.0,117005.0,117015.0,117031.0,117053.0,117068.0,117082.0,117090.0,117115.0,117129.0,117137.0,117154.0,117180.0,117212.0,117236.0,117256.0,117282.0,117297.0,117310.0,117328.0,117340.0,117362.0,117385.0,117401.0,117420.0,117439.0,117449.0,117464.0,117481.0,117498.0,117509.0,117518.0,117533.0,117553.0,117574.0,117588.0,117601.0,117618.0,117629.0,117644.0,117658.0,117678.0,117692.0,117715.0,117730.0,117744.0,117755.0,117770.0,117784.0,117799.0,117821.0,117845.0,117859.0,117875.0,117890.0,117901.0,117925.0,117943.0,117961.0,117970.0,117984.0,118006.0,118020.0,118036.0,118046.0,118057.0,118068.0,118085.0,118104.0,118120.0,118139.0,118165.0,118176.0,118191.0,118210.0,118222.0,118240.0,118258.0,118277.0,118294.0,118307.0,118321.0,118339.0,118353.0,118380.0,118395.0,118410.0,118429.0,118458.0,118476.0,118485.0,118500.0,118513.0,118524.0,118546.0,118558.0,118569.0,118577.0,118602.0,118621.0,118642.0,118672.0,118726.0,118759.0,118767.0,118785.0,118798.0,118803.0,118815.0,118828.0,118839.0,118847.0,118860.0,118874.0,118883.0,118890.0,118899.0,118907.0,118917.0,118927.0,118940.0,118948.0,118955.0,118962.0,118973.0,118983.0,118999.0,,,,,,,,,119115.0,119125.0,119137.0,119151.0,119159.0,119172.0,119184.0,119192.0,119206.0,119214.0,119223.0,119233.0,119242.0,119258.0,119271.0,119283.0,119295.0,119308.0,119317.0,119322.0,119328.0,119339.0,119344.0,119353.0,119364.0,119371.0,119376.0,119384.0,119389.0,119390.0,119399.0,119409.0,119421.0,119431.0,119441.0,119448.0,119455.0,119470.0,119494.0,119501.0,119510.0,119515.0,119527.0,119537.0,119547.0,119567.0,119579.0,119586.0,119594.0,119606.0,119614.0,119627.0,119637.0,119648.0,119659.0,119665.0,119677.0,119687.0,119703.0,119709.0,119715.0,119727.0,119734.0,119739.0,119743.0,119755.0,119765.0,119779.0,119791.0,119805.0,119812.0,119821
fxMcfoNs4v4,568531.0,568602.0,568656.0,568704.0,568747.0,568807.0,568855.0,568913.0,568972.0,569018.0,569058.0,569111.0,569173.0,569214.0,569272.0,569332.0,569370.0,569418.0,569452.0,569538.0,569596.0,569650.0,569730.0,569783.0,569833.0,569875.0,569921.0,569973.0,570025.0,570073.0,570115.0,570154.0,570211.0,570258.0,570296.0,570335.0,570381.0,570425.0,570453.0,570505.0,570537.0,570573.0,570618.0,570645.0,570689.0,570710.0,570761.0,570788.0,570828.0,570854.0,570884.0,570912.0,570962.0,570986.0,571008.0,571033.0,571066.0,571093.0,571128.0,571173.0,571209.0,571240.0,571270.0,571297.0,571319.0,571346.0,571379.0,571409.0,571445.0,571482.0,571523.0,571558.0,571652.0,571700.0,571756.0,571792.0,571827.0,571865.0,571902.0,571946.0,571993.0,572030.0,572066.0,572103.0,572131.0,572168.0,572197.0,572242.0,572271.0,572306.0,572340.0,572374.0,572404.0,572442.0,572472.0,572520.0,572552.0,572596.0,572621.0,572656.0,572683.0,572713.0,572743.0,572769.0,572805.0,572843.0,572878.0,572907.0,572938.0,572975.0,573005.0,573044.0,573073.0,573109.0,573137.0,573176.0,573204.0,573233.0,573278.0,573365.0,573425.0,573466.0,573498.0,573529.0,573569.0,573591.0,573626.0,573666.0,573711.0,573764.0,573831.0,573882.0,573932.0,573976.0,,,,,,,,,574805.0,574923.0,575036.0,575185.0,575340.0,575473.0,575569.0,575675.0,575859.0,576035.0,576207.0,576465.0,576680.0,576852.0,576993.0,577170.0,577313.0,577509.0,577693.0,577899.0,578057.0,578198.0,578315.0,578467.0,578599.0,578719.0,578843.0,578960.0,579087.0,579236.0,579422.0,579621.0,579836.0,580097.0,580342.0,580534.0,580722.0,580939.0,581201.0,581483.0,581722.0,581969.0,582193.0,582401.0,582627.0,582958.0,583340.0,583719.0,584148.0,584489.0,584749.0,585039.0,585266.0,585555.0,585787.0,585956.0,586099.0,586236.0,586423.0,586587.0,586708.0,586861.0,587009.0,587165.0,587303.0,587423.0,587523.0,587631.0,587729.0,587826.0,587934.0,588040
2LZe0s5qH3Y,1532921.0,1533789.0,1534714.0,1535544.0,1536475.0,1537557.0,1538504.0,1539504.0,1540582.0,1541517.0,1542360.0,1543271.0,1544154.0,1545201.0,1546247.0,1547211.0,1548224.0,1549368.0,1550681.0,1551999.0,1553406.0,1554598.0,1555970.0,1557182.0,1558285.0,1559358.0,1560726.0,1561980.0,1563123.0,1564403.0,1565457.0,1566418.0,1567470.0,1568644.0,1569729.0,1570779.0,1571901.0,1572994.0,1573914.0,1574974.0,1575934.0,1577035.0,1578075.0,1579210.0,1580179.0,1581002.0,1582151.0,1583256.0,1584333.0,1585476.0,1586539.0,1587461.0,1588351.0,1589236.0,1590164.0,1591242.0,1592202.0,1593139.0,1594002.0,1594886.0,1595794.0,1596712.0,1597758.0,1598795.0,1599889.0,1600811.0,1601689.0,1602565.0,1603390.0,1604521.0,1605512.0,1606397.0,1607232.0,1607976.0,1608796.0,1609772.0,1610642.0,1611586.0,1612514.0,1613412.0,1614214.0,1615167.0,1616090.0,1617154.0,1618265.0,1619387.0,1620374.0,1621279.0,1622297.0,1623314.0,1624410.0,1625507.0,1626499.0,1627454.0,1628255.0,1629283.0,1630314.0,1631307.0,1632271.0,1633181.0,1634083.0,1634987.0,1635877.0,1636795.0,1637738.0,1638627.0,1639578.0,1640446.0,1641301.0,1642149.0,1643258.0,1644320.0,1645366.0,1646465.0,1647355.0,1648270.0,1649102.0,1650122.0,1651059.0,1651902.0,1652901.0,1653735.0,1654548.0,1655281.0,1656325.0,1657293.0,1658406.0,1659400.0,1660248.0,1661112.0,1662038.0,1662935.0,1663906.0,1665058.0,,,,,,,,,1674052.0,1674996.0,1676000.0,1677035.0,1677934.0,1679185.0,1680232.0,1681134.0,1682006.0,1682879.0,1683892.0,1684878.0,1685948.0,1686877.0,1687782.0,1688597.0,1689541.0,1690469.0,1691403.0,1692501.0,1693320.0,1694200.0,1694939.0,1695752.0,1696598.0,1697460.0,1698469.0,1699370.0,1700106.0,1700856.0,1701656.0,1702503.0,1703386.0,1704251.0,1705090.0,1705916.0,1706650.0,1707462.0,1708265.0,1709221.0,1710105.0,1711092.0,1711988.0,1712775.0,1713639.0,1714501.0,1715390.0,1716209.0,1717013.0,1717756.0,1718388.0,1719163.0,1719957.0,1720694.0,1721659.0,1722514.0,1723300.0,1724048.0,1724857.0,1725781.0,1726535.0,1727192.0,1727901.0,1728604.0,1729257.0,1729899.0,1730697.0,1731437.0,1732054.0,1732534.0,1733249.0,1733873
DcqGrn_HR_Y,368782.0,368823.0,368867.0,368907.0,368932.0,368970.0,369003.0,369034.0,369064.0,369089.0,369115.0,369148.0,369176.0,369216.0,369246.0,369276.0,369306.0,369335.0,369373.0,369420.0,369475.0,369518.0,369567.0,369603.0,369639.0,369696.0,369752.0,369790.0,369827.0,369870.0,369897.0,369937.0,369975.0,370021.0,370055.0,370082.0,370113.0,370146.0,370186.0,370220.0,370245.0,370278.0,370300.0,370338.0,370378.0,370417.0,370451.0,370482.0,370512.0,370562.0,370596.0,370627.0,370653.0,370675.0,370712.0,370740.0,370772.0,370812.0,370847.0,370885.0,370905.0,370935.0,370972.0,370999.0,371033.0,371062.0,371084.0,371104.0,371117.0,371136.0,371150.0,371182.0,371202.0,371225.0,371251.0,371279.0,371306.0,371325.0,371343.0,371365.0,371387.0,371415.0,371430.0,371456.0,371478.0,371504.0,371529.0,371541.0,371566.0,371584.0,371605.0,371628.0,371659.0,371681.0,371707.0,371727.0,371742.0,371761.0,371782.0,371813.0,371830.0,371855.0,371879.0,371911.0,371948.0,371972.0,372011.0,372038.0,372074.0,372112.0,372129.0,372145.0,372173.0,372192.0,372218.0,372248.0,372283.0,372308.0,372333.0,372354.0,372380.0,372396.0,372413.0,372446.0,372462.0,372478.0,372492.0,372521.0,372539.0,372563.0,372584.0,372599.0,372611.0,372624.0,,,,,,,,,372831.0,372855.0,372878.0,372910.0,372932.0,372956.0,372985.0,373016.0,373038.0,373053.0,373081.0,373107.0,373134.0,373160.0,373183.0,373214.0,373235.0,373262.0,373282.0,373303.0,373327.0,373343.0,373359.0,373380.0,373396.0,373417.0,373430.0,373452.0,373471.0,373496.0,373511.0,373530.0,373553.0,373573.0,373597.0,373619.0,373643.0,373665.0,373694.0,373715.0,373732.0,373749.0,373765.0,373784.0,373802.0,373817.0,373835.0,373856.0,373879.0,373898.0,373912.0,373932.0,373951.0,373968.0,373999.0,374023.0,374045.0,374061.0,374076.0,374085.0,374103.0,374114.0,374134.0,374157.0,374181.0,374203.0,374226.0,374240.0,374256.0,374272.0,374299.0,374315
p_z54B58qiM,3232756.0,3233039.0,3233317.0,3233607.0,3233921.0,3234198.0,3234516.0,3234797.0,3235055.0,3235410.0,3235679.0,3235990.0,3236313.0,3236679.0,3237001.0,3237281.0,3237546.0,3237810.0,3238075.0,3238295.0,3238595.0,3238844.0,3239132.0,3239399.0,3239663.0,3240000.0,3240330.0,3240759.0,3241157.0,3241522.0,3241855.0,3242181.0,3242613.0,3242973.0,3243416.0,3243775.0,3244149.0,3244447.0,3244763.0,3245102.0,3245477.0,3245838.0,3246143.0,3246455.0,3246749.0,3247059.0,3247425.0,3247771.0,3248068.0,3248427.0,3248709.0,3249007.0,3249410.0,3249710.0,3250052.0,3250425.0,3250747.0,3251085.0,3251401.0,3251709.0,3252103.0,3252460.0,3252845.0,3253166.0,3253524.0,3253913.0,3254207.0,3254555.0,3254916.0,3255433.0,3255855.0,3256282.0,3256609.0,3256962.0,3257327.0,3257783.0,3258166.0,3258615.0,3259077.0,3259447.0,3259944.0,3260413.0,3260760.0,3261195.0,3261587.0,3262070.0,3262576.0,3263037.0,3263553.0,3264019.0,3264490.0,3265072.0,3265792.0,3266369.0,3266946.0,3267457.0,3267919.0,3268401.0,3268966.0,3269467.0,3269948.0,3270479.0,3271105.0,3271590.0,3272182.0,3272630.0,3273169.0,3273612.0,3274099.0,3274641.0,3275123.0,3275619.0,3276191.0,3276716.0,3277202.0,3277638.0,3278162.0,3278674.0,3279166.0,3279596.0,3279967.0,3280225.0,3280547.0,3280922.0,3281330.0,3281771.0,3282122.0,3282580.0,3282923.0,3283360.0,3283789.0,3284209.0,3284698.0,3285090.0,,,,,,,,,3288056.0,3288290.0,3288593.0,3288925.0,3289220.0,3289547.0,3289897.0,3290138.0,3290445.0,3290745.0,3291066.0,3291375.0,3291763.0,3292183.0,3292635.0,3292986.0,3293325.0,3293669.0,3294050.0,3294334.0,3294642.0,3294952.0,3295277.0,3295628.0,3295898.0,3296240.0,3296543.0,3296924.0,3297200.0,3297497.0,3297807.0,3298149.0,3298474.0,3298803.0,3299127.0,3299477.0,3299797.0,3300188.0,3300483.0,3300857.0,3301196.0,3301503.0,3301860.0,3302187.0,3302541.0,3302892.0,3303172.0,3303476.0,3303862.0,3304154.0,3304443.0,3304819.0,3305154.0,3305487.0,3305845.0,3306200.0,3306483.0,3306769.0,3307080.0,3307439.0,3307702.0,3307929.0,3308204.0,3308482.0,3308742.0,3309064.0,3309392.0,3309713.0,3310005.0,3310314.0,3310639.0,3311007
1vLNGcRwWdc,1293388.0,1293412.0,1293429.0,1293446.0,1293473.0,1293488.0,1293516.0,1293542.0,1293565.0,1293585.0,1293606.0,1293630.0,1293657.0,1293675.0,1293699.0,1293734.0,1293757.0,1293782.0,1293799.0,1293824.0,1293854.0,1293882.0,1293902.0,1293932.0,1293954.0,1293976.0,1294001.0,1294021.0,1294047.0,1294059.0,1294076.0,1294094.0,1294108.0,1294129.0,1294154.0,1294173.0,1294199.0,1294218.0,1294248.0,1294274.0,1294298.0,1294320.0,1294339.0,1294369.0,1294411.0,1294439.0,1294462.0,1294488.0,1294525.0,1294552.0,1294570.0,1294593.0,1294607.0,1294638.0,1294653.0,1294675.0,1294691.0,1294707.0,1294729.0,1294744.0,1294763.0,1294782.0,1294795.0,1294816.0,1294839.0,1294865.0,1294886.0,1294919.0,1294936.0,1294959.0,1294987.0,1295015.0,1295038.0,1295066.0,1295087.0,1295097.0,1295125.0,1295150.0,1295172.0,1295193.0,1295222.0,1295247.0,1295264.0,1295296.0,1295323.0,1295351.0,1295368.0,1295388.0,1295414.0,1295432.0,1295453.0,1295474.0,1295491.0,1295510.0,1295540.0,1295561.0,1295576.0,1295603.0,1295625.0,1295652.0,1295669.0,1295693.0,1295717.0,1295736.0,1295755.0,1295773.0,1295800.0,1295826.0,1295855.0,1295885.0,1295902.0,1295930.0,1295952.0,1295978.0,1295993.0,1296020.0,1296040.0,1296064.0,1296085.0,1296106.0,1296126.0,1296149.0,1296175.0,1296197.0,1296220.0,1296235.0,1296263.0,1296280.0,1296299.0,1296326.0,1296347.0,1296369.0,1296392.0,1296407.0,,,,,,,,,1296619.0,1296650.0,1296667.0,1296688.0,1296700.0,1296722.0,1296772.0,1296834.0,1296919.0,1296951.0,1297001.0,1297104.0,1297162.0,1297216.0,1297243.0,1297276.0,1297306.0,1297348.0,1297410.0,1297447.0,1297463.0,1297470.0,1297493.0,1297521.0,1297537.0,1297553.0,1297566.0,1297582.0,1297596.0,1297612.0,1297630.0,1297646.0,1297670.0,1297690.0,1297704.0,1297725.0,1297753.0,1297773.0,1297794.0,1297818.0,1297841.0,1297859.0,1297882.0,1297891.0,1297916.0,1297938.0,1297959.0,1297982.0,1298000.0,1298016.0,1298033.0,1298045.0,1298059.0,1298085.0,1298096.0,1298123.0,1298141.0,1298151.0,1298177.0,1298204.0,1298230.0,1298244.0,1298258.0,1298287.0,1298314.0,1298332.0,1298353.0,1298374.0,1298379.0,1298402.0,1298418.0,1298436
SK_glzsYNO4,196696.0,196731.0,196778.0,196813.0,196861.0,196910.0,196948.0,197006.0,197061.0,197117.0,197189.0,197238.0,197289.0,197340.0,197392.0,197441.0,197495.0,197533.0,197583.0,197644.0,197702.0,197752.0,197816.0,197883.0,197921.0,197982.0,198053.0,198116.0,198189.0,198259.0,198311.0,198354.0,198424.0,198488.0,198561.0,198635.0,198701.0,198757.0,198815.0,198879.0,198951.0,199012.0,199065.0,199142.0,199170.0,199231.0,199306.0,199369.0,199420.0,199466.0,199511.0,199554.0,199609.0,199665.0,199736.0,199802.0,199850.0,199939.0,199990.0,200047.0,200139.0,200199.0,200264.0,200307.0,200376.0,200437.0,200492.0,200561.0,200606.0,200676.0,200731.0,200793.0,200854.0,200905.0,200932.0,200969.0,201011.0,201046.0,201093.0,201153.0,201188.0,201241.0,201276.0,201323.0,201364.0,201421.0,201455.0,201510.0,201580.0,201623.0,201659.0,201712.0,201760.0,201788.0,201825.0,201857.0,201904.0,201937.0,201981.0,202013.0,202041.0,202068.0,202106.0,202144.0,202193.0,202240.0,202278.0,202320.0,202342.0,202373.0,202407.0,202447.0,202483.0,202522.0,202555.0,202580.0,202611.0,202639.0,202681.0,202713.0,202752.0,202787.0,202825.0,202862.0,202902.0,202949.0,202986.0,203022.0,203054.0,203096.0,203131.0,203169.0,203221.0,203262.0,,,,,,,,,203596.0,203640.0,203671.0,203711.0,203738.0,203757.0,203784.0,203803.0,203844.0,203873.0,203897.0,203922.0,203943.0,203963.0,203979.0,204003.0,204028.0,204049.0,204063.0,204095.0,204127.0,204148.0,204187.0,204211.0,204246.0,204265.0,204305.0,204329.0,204353.0,204377.0,204412.0,204448.0,204483.0,204528.0,204570.0,204599.0,204637.0,204675.0,204727.0,204756.0,204787.0,204822.0,204852.0,204880.0,204915.0,204946.0,204995.0,205029.0,205060.0,205083.0,205110.0,205132.0,205164.0,205193.0,205221.0,205245.0,205272.0,205302.0,205321.0,205357.0,205371.0,205398.0,205421.0,205438.0,205464.0,205504.0,205538.0,205567.0,205586.0,205613.0,205638.0,205655
bfybE7De7mk,7695.0,7695.0,7699.0,7699.0,7699.0,7699.0,7699.0,7700.0,7700.0,7700.0,7700.0,7701.0,7703.0,7703.0,7703.0,7703.0,7703.0,7704.0,7704.0,7704.0,7704.0,7704.0,7704.0,7706.0,7707.0,7707.0,7707.0,7707.0,7707.0,7708.0,7709.0,7709.0,7709.0,7709.0,7709.0,7709.0,7710.0,7710.0,7711.0,7711.0,7711.0,7711.0,7713.0,7714.0,7714.0,7714.0,7717.0,7717.0,7717.0,7717.0,7717.0,7717.0,7718.0,7718.0,7718.0,7719.0,7720.0,7720.0,7720.0,7721.0,7723.0,7724.0,7727.0,7729.0,7731.0,7735.0,7738.0,7739.0,7739.0,7742.0,7742.0,7742.0,7743.0,7747.0,7747.0,7748.0,7750.0,7750.0,7754.0,7757.0,7760.0,7760.0,7761.0,7761.0,7760.0,7761.0,7761.0,7761.0,7761.0,7761.0,7761.0,7761.0,7761.0,7761.0,7761.0,7761.0,7763.0,7763.0,7763.0,7764.0,7764.0,7764.0,7764.0,7764.0,7764.0,7764.0,7764.0,7764.0,7765.0,7768.0,7768.0,7768.0,7768.0,7769.0,7769.0,7771.0,7771.0,7771.0,7771.0,7771.0,7773.0,7773.0,7773.0,7773.0,7773.0,7773.0,7773.0,7773.0,7773.0,7773.0,7776.0,7776.0,7776.0,7776.0,,,,,,,,,7780.0,7780.0,7781.0,7781.0,7781.0,7781.0,7781.0,7781.0,7781.0,7781.0,7781.0,7782.0,7782.0,7783.0,7783.0,7784.0,7784.0,7784.0,7785.0,7786.0,7786.0,7788.0,7789.0,7791.0,7791.0,7791.0,7791.0,7791.0,7791.0,7791.0,7791.0,7792.0,7792.0,7794.0,7794.0,7796.0,7796.0,7796.0,7796.0,7797.0,7797.0,7798.0,7798.0,7800.0,7800.0,7801.0,7801.0,7802.0,7803.0,7803.0,7803.0,7804.0,7804.0,7805.0,7805.0,7805.0,7805.0,7805.0,7805.0,7805.0,7805.0,7805.0,7805.0,7807.0,7807.0,7807.0,7807.0,7809.0,7809.0,7810.0,7810.0,7810
l1P_SuuC3G8,36335.0,36335.0,36335.0,36335.0,36335.0,36336.0,36336.0,36336.0,36336.0,36336.0,36336.0,36336.0,36336.0,36336.0,36336.0,36337.0,36337.0,36338.0,36338.0,36338.0,36338.0,36338.0,36338.0,36338.0,36338.0,36338.0,36338.0,36338.0,36338.0,36338.0,36338.0,36338.0,36338.0,36338.0,36338.0,36338.0,36338.0,36338.0,36338.0,36338.0,36338.0,36339.0,36340.0,36340.0,36340.0,36341.0,36342.0,36342.0,36342.0,36343.0,36343.0,36343.0,36343.0,36343.0,36343.0,36343.0,36343.0,36343.0,36343.0,36343.0,36343.0,36343.0,36343.0,36343.0,36343.0,36343.0,36343.0,36343.0,36343.0,36343.0,36343.0,36343.0,36343.0,36343.0,36343.0,36343.0,36344.0,36344.0,36344.0,36344.0,36345.0,36345.0,36345.0,36345.0,36345.0,36346.0,36346.0,36346.0,36346.0,36346.0,36346.0,36346.0,36346.0,36346.0,36346.0,36346.0,36347.0,36347.0,36347.0,36347.0,36347.0,36347.0,36347.0,36347.0,36347.0,36347.0,36347.0,36347.0,36347.0,36347.0,36348.0,36348.0,36348.0,36348.0,36348.0,36348.0,36348.0,36348.0,36348.0,36348.0,36348.0,36348.0,36348.0,36348.0,36348.0,36348.0,36348.0,36348.0,36348.0,36348.0,36348.0,36348.0,36348.0,36348.0,,,,,,,,,36348.0,36348.0,36348.0,36348.0,36348.0,36348.0,36348.0,36348.0,36348.0,36348.0,36348.0,36348.0,36349.0,36351.0,36351.0,36351.0,36351.0,36351.0,36351.0,36352.0,36352.0,36352.0,36353.0,36353.0,36353.0,36353.0,36353.0,36353.0,36353.0,36353.0,36353.0,36353.0,36353.0,36353.0,36353.0,36354.0,36354.0,36354.0,36354.0,36354.0,36354.0,36354.0,36356.0,36356.0,36356.0,36356.0,36356.0,36356.0,36356.0,36356.0,36356.0,36356.0,36356.0,36356.0,36356.0,36356.0,36357.0,36357.0,36357.0,36357.0,36357.0,36357.0,36357.0,36357.0,36357.0,36357.0,36357.0,36358.0,36358.0,36358.0,36358.0,36358
exQjob2xk0c,,,,,,,,,,,,,,,,,,,,,,,,,,,,,,,,,,,,,,,,,,,,,,,,,,,,,,,,,,,,,,,,,,,,,,,,,,,,,,,,,,,,,,,,,,,,,,,,,,,,,,,,,,,,,,,,,,,,,,,,,,,,,,,,,,,,,,,,,,,,,,,,,,,,,,,,,,,,,,,,,,,,,,,,,,,,,,,,,,,,,,,,,,,,,,,,,,,,,,,,,,,,,,,,,,,,,,
EYO7nYi98J8,1776.0,1776.0,1776.0,1776.0,1776.0,1776.0,1776.0,1776.0,1776.0,1776.0,1776.0,1776.0,1776.0,1776.0,1777.0,1778.0,1778.0,1779.0,1779.0,1779.0,1779.0,1779.0,1779.0,1781.0,1782.0,1782.0,1782.0,1782.0,1782.0,1782.0,1782.0,1782.0,1783.0,1784.0,1784.0,1785.0,1785.0,1788.0,1788.0,1788.0,1788.0,1789.0,1789.0,1790.0,1790.0,1791.0,1791.0,1791.0,1791.0,1791.0,1791.0,1791.0,1791.0,1791.0,1791.0,1791.0,1791.0,1791.0,1791.0,1791.0,1791.0,1792.0,1793.0,1797.0,1799.0,1800.0,1798.0,1798.0,1799.0,1801.0,1803.0,1803.0,1804.0,1806.0,1808.0,1810.0,1810.0,1811.0,1812.0,1813.0,1813.0,1813.0,1813.0,1814.0,1814.0,1814.0,1814.0,1816.0,1817.0,1817.0,1818.0,1819.0,1820.0,1820.0,1819.0,1820.0,1820.0,1822.0,1825.0,1825.0,1825.0,1825.0,1837.0,1838.0,1842.0,1847.0,1848.0,1849.0,1850.0,1850.0,1850.0,1850.0,1852.0,1853.0,1853.0,1853.0,1854.0,1855.0,1857.0,1857.0,1857.0,1856.0,1856.0,1856.0,1857.0,1857.0,1858.0,1858.0,1859.0,1860.0,1861.0,1861.0,1862.0,1862.0,,,,,,,,,1865.0,1865.0,1865.0,1865.0,1865.0,1865.0,1865.0,1865.0,1865.0,1865.0,1865.0,1865.0,1865.0,1865.0,1865.0,1865.0,1867.0,1868.0,1868.0,1868.0,1868.0,1869.0,1869.0,1871.0,1871.0,1871.0,1871.0,1872.0,1872.0,1872.0,1872.0,1872.0,1873.0,1873.0,1874.0,1875.0,1876.0,1876.0,1876.0,1876.0,1876.0,1876.0,1876.0,1877.0,1877.0,1877.0,1877.0,1877.0,1877.0,1877.0,1877.0,1877.0,1877.0,1878.0,1879.0,1879.0,1879.0,1879.0,1879.0,1880.0,1880.0,1880.0,1880.0,1880.0,1880.0,1880.0,1880.0,1880.0,1880.0,1880.0,1880.0,1880
WWyY1huJ2eY,276861.0,277234.0,277630.0,278014.0,278416.0,278817.0,279147.0,279543.0,279863.0,280298.0,280617.0,281004.0,281358.0,281743.0,282089.0,282482.0,282830.0,283176.0,283582.0,284014.0,284337.0,284762.0,285180.0,285633.0,285982.0,286406.0,286814.0,287268.0,287761.0,288179.0,288547.0,288949.0,289363.0,289841.0,290403.0,290937.0,291622.0,292167.0,292635.0,293155.0,293792.0,294249.0,294728.0,295202.0,295571.0,295953.0,296408.0,296795.0,297191.0,297554.0,297931.0,298323.0,298676.0,299105.0,299520.0,299962.0,300457.0,300909.0,301447.0,301997.0,302474.0,303025.0,303563.0,304059.0,304618.0,305166.0,305753.0,306516.0,307280.0,308174.0,309090.0,309917.0,310760.0,311609.0,312422.0,313472.0,314437.0,315320.0,316273.0,316957.0,317665.0,318584.0,319385.0,320061.0,320901.0,321720.0,322520.0,323330.0,324168.0,324915.0,325925.0,326707.0,327513.0,328382.0,329017.0,329967.0,330769.0,331577.0,332320.0,333103.0,333831.0,334517.0,335278.0,335972.0,336712.0,337490.0,338307.0,338931.0,339770.0,340578.0,341148.0,342124.0,342862.0,343597.0,344329.0,345011.0,345787.0,346603.0,347363.0,348206.0,349038.0,350123.0,351037.0,351931.0,352761.0,353607.0,354368.0,355304.0,356123.0,356883.0,357806.0,358630.0,359389.0,360241.0,,,,,,,,,367624.0,368267.0,369053.0,369881.0,370545.0,371271.0,372086.0,372683.0,373522.0,374164.0,375059.0,375876.0,376738.0,377627.0,378394.0,379129.0,380027.0,381065.0,382055.0,382846.0,383645.0,384449.0,385219.0,386029.0,386957.0,387740.0,388570.0,389423.0,390222.0,391213.0,392160.0,393129.0,394213.0,395148.0,396124.0,396988.0,397947.0,399134.0,400469.0,401609.0,403009.0,404314.0,405509.0,406855.0,408463.0,410398.0,412469.0,414695.0,416832.0,418818.0,420799.0,423123.0,425480.0,427720.0,429868.0,431889.0,433579.0,435126.0,436929.0,438669.0,440349.0,441813.0,443702.0,445305.0,446725.0,448347.0,450327.0,452425.0,454123.0,455940.0,457734.0,459578
-Oh-qp_vwLI,8244.0,8246.0,8246.0,8247.0,8248.0,8250.0,8252.0,8252.0,8253.0,8253.0,8253.0,8254.0,8255.0,8256.0,8257.0,8258.0,8258.0,8259.0,8260.0,8261.0,8262.0,8262.0,8263.0,8265.0,8268.0,8269.0,8271.0,8273.0,8273.0,8275.0,8280.0,8283.0,8289.0,8292.0,8295.0,8297.0,8298.0,8298.0,8299.0,8299.0,8301.0,8301.0,8301.0,8306.0,8308.0,8309.0,8310.0,8311.0,8311.0,8311.0,8311.0,8313.0,8314.0,8316.0,8316.0,8317.0,8317.0,8321.0,8323.0,8325.0,8326.0,8326.0,8328.0,8330.0,8334.0,8336.0,8338.0,8340.0,8341.0,8343.0,8345.0,8348.0,8351.0,8353.0,8356.0,8359.0,8359.0,8360.0,8360.0,8360.0,8360.0,8362.0,8365.0,8365.0,8367.0,8367.0,8369.0,8370.0,8371.0,8374.0,8374.0,8374.0,8377.0,8378.0,8378.0,8378.0,8379.0,8379.0,8380.0,8381.0,8382.0,8386.0,8386.0,8388.0,8389.0,8389.0,8392.0,8393.0,8394.0,8394.0,8394.0,8396.0,8396.0,8396.0,8396.0,8396.0,8397.0,8397.0,8403.0,8404.0,8406.0,8408.0,8409.0,8409.0,8412.0,8412.0,8413.0,8413.0,8413.0,8413.0,8413.0,8413.0,8413.0,8414.0,,,,,,,,,8431.0,8433.0,8437.0,8437.0,8438.0,8439.0,8439.0,8441.0,8443.0,8445.0,8447.0,8448.0,8449.0,8450.0,8450.0,8454.0,8456.0,8457.0,8458.0,8459.0,8459.0,8459.0,8459.0,8460.0,8462.0,8462.0,8462.0,8463.0,8463.0,8464.0,8464.0,8464.0,8464.0,8465.0,8466.0,8472.0,8473.0,8477.0,8478.0,8480.0,8483.0,8484.0,8485.0,8489.0,8492.0,8492.0,8495.0,8497.0,8499.0,8501.0,8502.0,8506.0,8513.0,8513.0,8515.0,8519.0,8522.0,8523.0,8527.0,8527.0,8529.0,8530.0,8533.0,8536.0,8539.0,8543.0,8561.0,8564.0,8568.0,8569.0,8574.0,8578
ogBbx3DfDr4,3735.0,3738.0,3741.0,3743.0,3749.0,3754.0,3757.0,3759.0,3760.0,3760.0,3760.0,3760.0,3760.0,3761.0,3761.0,3763.0,3763.0,3764.0,3764.0,3765.0,3765.0,3766.0,3770.0,3770.0,3774.0,3774.0,3778.0,3780.0,3781.0,3782.0,3782.0,3783.0,3786.0,3787.0,3788.0,3788.0,3789.0,3790.0,3790.0,3791.0,3792.0,3792.0,3793.0,3794.0,3795.0,3795.0,3797.0,3798.0,3799.0,3799.0,3800.0,3801.0,3802.0,3803.0,3804.0,3806.0,3807.0,3807.0,3808.0,3809.0,3810.0,3815.0,3819.0,3819.0,3820.0,3822.0,3822.0,3827.0,3829.0,3829.0,3830.0,3830.0,3830.0,3830.0,3837.0,3838.0,3838.0,3839.0,3839.0,3839.0,3841.0,3843.0,3843.0,3843.0,3843.0,3845.0,3845.0,3845.0,3845.0,3847.0,3847.0,3847.0,3848.0,3848.0,3848.0,3848.0,3849.0,3849.0,3850.0,3851.0,3851.0,3853.0,3853.0,3854.0,3854.0,3854.0,3855.0,3857.0,3858.0,3860.0,3860.0,3861.0,3862.0,3862.0,3862.0,3863.0,3864.0,3865.0,3865.0,3865.0,3866.0,3867.0,3867.0,3867.0,3868.0,3868.0,3868.0,3868.0,3868.0,3870.0,3870.0,3872.0,3872.0,3873.0,,,,,,,,,3885.0,3886.0,3889.0,3893.0,3898.0,3900.0,3903.0,3908.0,3911.0,3911.0,3913.0,3915.0,3917.0,3918.0,3920.0,3921.0,3921.0,3921.0,3922.0,3922.0,3925.0,3925.0,3926.0,3927.0,3927.0,3929.0,3929.0,3931.0,3931.0,3932.0,3934.0,3937.0,3938.0,3941.0,3944.0,3943.0,3943.0,3944.0,3948.0,3949.0,3950.0,3948.0,3951.0,3951.0,3951.0,3952.0,3952.0,3953.0,3953.0,3955.0,3956.0,3956.0,3956.0,3956.0,3958.0,3959.0,3962.0,3962.0,3963.0,3964.0,3964.0,3964.0,3966.0,3967.0,3967.0,3968.0,3970.0,3972.0,3977.0,3981.0,3986.0,3988
aP2QCStsQk0,88968.0,88983.0,88996.0,89003.0,89016.0,89027.0,89052.0,89070.0,89083.0,89097.0,89107.0,89122.0,89132.0,89152.0,89166.0,89178.0,89192.0,89209.0,89232.0,89244.0,89258.0,89270.0,89276.0,89292.0,89301.0,89318.0,89337.0,89358.0,89375.0,89397.0,89407.0,89415.0,89426.0,89433.0,89447.0,89467.0,89480.0,89490.0,89499.0,89510.0,89523.0,89531.0,89549.0,89563.0,89577.0,89593.0,89608.0,89621.0,89629.0,89644.0,89658.0,89683.0,89700.0,89716.0,89731.0,89745.0,89760.0,89775.0,89785.0,89805.0,89812.0,89827.0,89839.0,89849.0,89858.0,89868.0,89878.0,89885.0,89894.0,89910.0,89919.0,89933.0,89946.0,89961.0,89973.0,89986.0,90003.0,90011.0,90020.0,90024.0,90041.0,90055.0,90070.0,90080.0,90092.0,90098.0,90105.0,90122.0,90135.0,90144.0,90162.0,90175.0,90190.0,90197.0,90213.0,90232.0,90244.0,90257.0,90268.0,90278.0,90283.0,90293.0,90305.0,90316.0,90337.0,90342.0,90355.0,90366.0,90378.0,90384.0,90398.0,90409.0,90418.0,90434.0,90446.0,90454.0,90462.0,90471.0,90481.0,90485.0,90496.0,90512.0,90520.0,90531.0,90542.0,90562.0,90588.0,90600.0,90610.0,90633.0,90655.0,90662.0,90666.0,90682.0,,,,,,,,,90760.0,90784.0,90802.0,90812.0,90827.0,90837.0,90849.0,90858.0,90877.0,90885.0,90897.0,90909.0,90916.0,90926.0,90948.0,90962.0,90979.0,90992.0,91005.0,91024.0,91037.0,91058.0,91068.0,91085.0,91096.0,91112.0,91130.0,91143.0,91155.0,91164.0,91173.0,91186.0,91194.0,91207.0,91219.0,91233.0,91244.0,91252.0,91266.0,91277.0,91282.0,91289.0,91294.0,91305.0,91316.0,91323.0,91337.0,91346.0,91359.0,91367.0,91373.0,91381.0,91389.0,91395.0,91411.0,91417.0,91425.0,91432.0,91438.0,91449.0,91455.0,91464.0,91478.0,91489.0,91498.0,91509.0,91517.0,91528.0,91536.0,91542.0,91548.0,91557
-Ci4JjLM3RU,3085.0,3085.0,3085.0,3085.0,3085.0,3085.0,3085.0,3085.0,3085.0,3085.0,3085.0,3085.0,3085.0,3085.0,3085.0,3085.0,3085.0,3085.0,3085.0,3085.0,3085.0,3085.0,3085.0,3085.0,3085.0,3085.0,3085.0,3085.0,3085.0,3085.0,3085.0,3085.0,3085.0,3085.0,3085.0,3085.0,3085.0,3085.0,3085.0,3085.0,3085.0,3085.0,3085.0,3085.0,3085.0,3085.0,3085.0,3085.0,3085.0,3085.0,3085.0,3085.0,3085.0,3085.0,3085.0,3085.0,3085.0,3085.0,3085.0,3085.0,3085.0,3085.0,3085.0,3085.0,3085.0,3085.0,3085.0,3085.0,3085.0,3085.0,3085.0,3085.0,3085.0,3085.0,3085.0,3085.0,3085.0,3085.0,3085.0,3085.0,3085.0,3085.0,3085.0,3085.0,3085.0,3085.0,3085.0,3085.0,3085.0,3085.0,3085.0,3085.0,3085.0,3085.0,3085.0,3085.0,3085.0,3085.0,3085.0,3085.0,3085.0,3085.0,3085.0,3085.0,3085.0,3085.0,3085.0,3085.0,3085.0,3085.0,3085.0,3085.0,3085.0,3085.0,3085.0,3085.0,3085.0,3085.0,3085.0,3085.0,3085.0,3085.0,3085.0,3085.0,3085.0,3085.0,3085.0,3085.0,3085.0,3085.0,3085.0,3085.0,3085.0,3085.0,,,,,,,,,3085.0,3085.0,3085.0,3085.0,3085.0,3085.0,3085.0,3085.0,3085.0,3085.0,3085.0,3085.0,3085.0,3085.0,3085.0,3085.0,3085.0,3085.0,3085.0,3085.0,3085.0,3085.0,3085.0,3085.0,3085.0,3085.0,3085.0,3085.0,3085.0,3085.0,3085.0,3085.0,3085.0,3085.0,3085.0,3085.0,3085.0,3085.0,3085.0,3085.0,3085.0,3085.0,3085.0,3085.0,3085.0,3085.0,3085.0,3085.0,3085.0,3085.0,3085.0,3085.0,3085.0,3085.0,3085.0,3085.0,3085.0,3085.0,3085.0,3085.0,3085.0,3085.0,3085.0,3085.0,3085.0,3085.0,3085.0,3085.0,3085.0,3085.0,3085.0,3085
EgwF_5lLo3o,22553.0,22552.0,22554.0,22558.0,22559.0,22564.0,22565.0,22569.0,22570.0,22575.0,22576.0,22581.0,22585.0,22587.0,22587.0,22589.0,22590.0,22595.0,22599.0,22604.0,22606.0,22608.0,22609.0,22613.0,22618.0,22622.0,22626.0,22627.0,22630.0,22630.0,22631.0,22636.0,22639.0,22640.0,22641.0,22642.0,22645.0,22650.0,22654.0,22659.0,22663.0,22663.0,22665.0,22670.0,22675.0,22676.0,22681.0,22687.0,22687.0,22691.0,22695.0,22698.0,22699.0,22700.0,22700.0,22703.0,22707.0,22714.0,22719.0,22724.0,22730.0,22732.0,22736.0,22742.0,22743.0,22744.0,22748.0,22750.0,22753.0,22757.0,22759.0,22761.0,22765.0,22770.0,22770.0,22771.0,22776.0,22781.0,22785.0,22789.0,22792.0,22794.0,22796.0,22798.0,22799.0,22800.0,22802.0,22804.0,22805.0,22805.0,22809.0,22810.0,22813.0,22815.0,22815.0,22815.0,22820.0,22823.0,22828.0,22831.0,22832.0,22836.0,22838.0,22840.0,22842.0,22843.0,22844.0,22845.0,22847.0,22847.0,22852.0,22858.0,22865.0,22870.0,22874.0,22874.0,22876.0,22884.0,22889.0,22892.0,22894.0,22895.0,22899.0,22899.0,22901.0,22902.0,22906.0,22913.0,22916.0,22918.0,22920.0,22921.0,22924.0,22925.0,,,,,,,,,22944.0,22944.0,22946.0,22946.0,22951.0,22954.0,22959.0,22965.0,22970.0,22972.0,22972.0,22972.0,22974.0,22978.0,22977.0,22978.0,22978.0,22978.0,22978.0,22981.0,22984.0,22986.0,22994.0,22998.0,23002.0,23008.0,23012.0,23015.0,23015.0,23017.0,23018.0,23021.0,23023.0,23031.0,23035.0,23038.0,23042.0,23048.0,23052.0,23055.0,23061.0,23062.0,23064.0,23065.0,23069.0,23069.0,23071.0,23072.0,23076.0,23078.0,23082.0,23087.0,23089.0,23090.0,23092.0,23093.0,23095.0,23096.0,23097.0,23100.0,23104.0,23106.0,23108.0,23120.0,23123.0,23124.0,23125.0,23127.0,23129.0,23129.0,23130.0,23132
w1ktupp0GCw,7484.0,7487.0,7490.0,7491.0,7491.0,7491.0,7492.0,7492.0,7495.0,7496.0,7497.0,7499.0,7501.0,7502.0,7503.0,7504.0,7504.0,7504.0,7504.0,7509.0,7509.0,7510.0,7510.0,7510.0,7511.0,7515.0,7516.0,7517.0,7519.0,7520.0,7520.0,7520.0,7520.0,7521.0,7522.0,7523.0,7526.0,7526.0,7528.0,7530.0,7534.0,7537.0,7541.0,7541.0,7541.0,7545.0,7545.0,7546.0,7546.0,7549.0,7550.0,7551.0,7552.0,7552.0,7553.0,7554.0,7554.0,7554.0,7554.0,7555.0,7555.0,7555.0,7555.0,7558.0,7558.0,7563.0,7564.0,7565.0,7565.0,7566.0,7568.0,7569.0,7570.0,7574.0,7574.0,7575.0,7575.0,7577.0,7579.0,7582.0,7583.0,7583.0,7584.0,7585.0,7587.0,7590.0,7592.0,7592.0,7593.0,7594.0,7595.0,7597.0,7599.0,7600.0,7601.0,7603.0,7604.0,7605.0,7607.0,7608.0,7608.0,7609.0,7611.0,7616.0,7616.0,7616.0,7616.0,7617.0,7617.0,7617.0,7617.0,7618.0,7618.0,7620.0,7621.0,7624.0,7628.0,7633.0,7636.0,7639.0,7642.0,7644.0,7647.0,7649.0,7650.0,7652.0,7654.0,7656.0,7661.0,7664.0,7666.0,7666.0,7667.0,7669.0,,,,,,,,,7677.0,7679.0,7679.0,7679.0,7681.0,7681.0,7681.0,7682.0,7684.0,7687.0,7689.0,7689.0,7689.0,7689.0,7689.0,7690.0,7690.0,7690.0,7692.0,7692.0,7693.0,7697.0,7699.0,7699.0,7701.0,7704.0,7711.0,7712.0,7714.0,7718.0,7719.0,7720.0,7722.0,7724.0,7726.0,7728.0,7737.0,7741.0,7745.0,7746.0,7750.0,7752.0,7754.0,7755.0,7757.0,7758.0,7759.0,7762.0,7762.0,7762.0,7762.0,7766.0,7769.0,7769.0,7770.0,7772.0,7773.0,7774.0,7775.0,7776.0,7777.0,7778.0,7778.0,7780.0,7781.0,7781.0,7782.0,7783.0,7785.0,7784.0,7784.0,7784
IL7kfB0PUg8,4028.0,4028.0,4028.0,4028.0,4028.0,4028.0,4028.0,4028.0,4028.0,4028.0,4028.0,4028.0,4028.0,4029.0,4029.0,4029.0,4029.0,4029.0,4029.0,4029.0,4029.0,4029.0,4029.0,4029.0,4029.0,4030.0,4030.0,4030.0,4030.0,4030.0,4030.0,4031.0,4031.0,4031.0,4031.0,4031.0,4031.0,4032.0,4032.0,4032.0,4032.0,4032.0,4032.0,4032.0,4032.0,4032.0,4032.0,4032.0,4032.0,4032.0,4032.0,4033.0,4033.0,4033.0,4033.0,4033.0,4033.0,4033.0,4033.0,4034.0,4034.0,4034.0,4034.0,4034.0,4034.0,4035.0,4035.0,4035.0,4035.0,4037.0,4037.0,4037.0,4038.0,4038.0,4038.0,4038.0,4038.0,4040.0,4040.0,4040.0,4040.0,4040.0,4040.0,4040.0,4040.0,4040.0,4041.0,4041.0,4041.0,4041.0,4041.0,4041.0,4042.0,4042.0,4042.0,4042.0,4042.0,4042.0,4042.0,4042.0,4042.0,4042.0,4043.0,4043.0,4043.0,4043.0,4043.0,4043.0,4044.0,4044.0,4044.0,4044.0,4044.0,4044.0,4044.0,4045.0,4045.0,4045.0,4046.0,4046.0,4046.0,4046.0,4047.0,4047.0,4047.0,4047.0,4047.0,4047.0,4047.0,4048.0,4048.0,4048.0,4048.0,4048.0,,,,,,,,,4049.0,4049.0,4049.0,4049.0,4049.0,4049.0,4049.0,4049.0,4049.0,4049.0,4049.0,4049.0,4049.0,4049.0,4049.0,4049.0,4049.0,4049.0,4049.0,4049.0,4049.0,4051.0,4053.0,4053.0,4053.0,4053.0,4053.0,4054.0,4054.0,4054.0,4054.0,4054.0,4054.0,4054.0,4054.0,4054.0,4054.0,4054.0,4055.0,4055.0,4055.0,4055.0,4055.0,4055.0,4055.0,4055.0,4055.0,4055.0,4055.0,4056.0,4056.0,4056.0,4056.0,4056.0,4056.0,4056.0,4056.0,4057.0,4057.0,4057.0,4058.0,4058.0,4059.0,4059.0,4059.0,4059.0,4059.0,4059.0,4059.0,4059.0,4059.0,4059
33RG5xAmc98,2978645.0,2979034.0,2979444.0,2979821.0,2980145.0,2980481.0,2980873.0,2981217.0,2981618.0,2982020.0,2982379.0,2982688.0,2983008.0,2983363.0,2983774.0,2984182.0,2984524.0,2984871.0,2985195.0,2985496.0,2985849.0,2986244.0,2986560.0,2986920.0,2987234.0,2987588.0,2987938.0,2988297.0,2988660.0,2988991.0,2989310.0,2989706.0,2990064.0,2990443.0,2990841.0,2991262.0,2991708.0,2992201.0,2992559.0,2993000.0,2993380.0,2993772.0,2994138.0,2994553.0,2994918.0,2995235.0,2995585.0,2995924.0,2996322.0,2996647.0,2997019.0,2997416.0,2997705.0,2998053.0,2998407.0,2998737.0,2999172.0,2999596.0,2999984.0,3000316.0,3000677.0,3001112.0,3001567.0,3001926.0,3002294.0,3002628.0,3002963.0,3003330.0,3003719.0,3004153.0,3004521.0,3004870.0,3005238.0,3005565.0,3005889.0,3006243.0,3006576.0,3006989.0,3007349.0,3007750.0,3008185.0,3008520.0,3008898.0,3009294.0,3009687.0,3010124.0,3010510.0,3010875.0,3011318.0,3011797.0,3012195.0,3012702.0,3013108.0,3013577.0,3013951.0,3014420.0,3015025.0,3015825.0,3016661.0,3017274.0,3017654.0,3018058.0,3018481.0,3018904.0,3019336.0,3019725.0,3020157.0,3020570.0,3020920.0,3021249.0,3021605.0,3021988.0,3022333.0,3022725.0,3023118.0,3023486.0,3023815.0,3024243.0,3024643.0,3025064.0,3025472.0,3025895.0,3026254.0,3026592.0,3026976.0,3027400.0,3027818.0,3028284.0,3028707.0,3029050.0,3029378.0,3029810.0,3030298.0,3030685.0,,,,,,,,,3034112.0,3034497.0,3034795.0,3035197.0,3035570.0,3035948.0,3036291.0,3036509.0,3036819.0,3037138.0,3037444.0,3037768.0,3038241.0,3038640.0,3039043.0,3039378.0,3039684.0,3040044.0,3040424.0,3040795.0,3041138.0,3041502.0,3041867.0,3042229.0,3042599.0,3042941.0,3043325.0,3043643.0,3044026.0,3044344.0,3044729.0,3045127.0,3045532.0,3045866.0,3046215.0,3046510.0,3046837.0,3047149.0,3047465.0,3047821.0,3048133.0,3048464.0,3048821.0,3049129.0,3049429.0,3049784.0,3050100.0,3050491.0,3050827.0,3051131.0,3051386.0,3051694.0,3051980.0,3052312.0,3052639.0,3052940.0,3053271.0,3053529.0,3053783.0,3054093.0,3054380.0,3054600.0,3054874.0,3055108.0,3055363.0,3055603.0,3055934.0,3056232.0,3056477.0,3056745.0,3057011.0,3057249
nrJ47d7kRTU,4994.0,4994.0,4994.0,4994.0,4994.0,4994.0,4994.0,4996.0,4996.0,4996.0,4997.0,4999.0,5000.0,5012.0,5013.0,5013.0,5014.0,5014.0,5014.0,5014.0,5016.0,5016.0,5018.0,5018.0,5018.0,5018.0,5018.0,5018.0,5018.0,5018.0,5018.0,5020.0,5020.0,5020.0,5020.0,5020.0,5020.0,5022.0,5023.0,5023.0,5023.0,5023.0,5023.0,5023.0,5023.0,5023.0,5023.0,5023.0,5023.0,5025.0,5026.0,5025.0,5027.0,5028.0,5028.0,5029.0,5029.0,5029.0,5029.0,5030.0,5034.0,5035.0,5036.0,5037.0,5037.0,5037.0,5037.0,5037.0,5037.0,5039.0,5041.0,5041.0,5041.0,5042.0,5042.0,5043.0,5044.0,5044.0,5044.0,5044.0,5044.0,5044.0,5044.0,5045.0,5046.0,5047.0,5050.0,5052.0,5052.0,5052.0,5052.0,5052.0,5055.0,5055.0,5055.0,5056.0,5058.0,5058.0,5058.0,5059.0,5059.0,5059.0,5060.0,5060.0,5060.0,5060.0,5060.0,5061.0,5061.0,5062.0,5062.0,5063.0,5065.0,5066.0,5067.0,5068.0,5068.0,5072.0,5073.0,5073.0,5074.0,5074.0,5075.0,5077.0,5078.0,5079.0,5079.0,5080.0,5080.0,5080.0,5080.0,5080.0,5080.0,5080.0,,,,,,,,,5087.0,5088.0,5088.0,5088.0,5088.0,5088.0,5088.0,5089.0,5089.0,5090.0,5091.0,5091.0,5092.0,5093.0,5093.0,5093.0,5093.0,5093.0,5093.0,5094.0,5095.0,5096.0,5096.0,5097.0,5097.0,5099.0,5100.0,5100.0,5100.0,5101.0,5101.0,5101.0,5101.0,5102.0,5103.0,5104.0,5104.0,5104.0,5104.0,5105.0,5106.0,5106.0,5106.0,5106.0,5107.0,5107.0,5107.0,5107.0,5107.0,5109.0,5109.0,5109.0,5109.0,5109.0,5109.0,5109.0,5111.0,5112.0,5112.0,5114.0,5114.0,5114.0,5114.0,5114.0,5114.0,5114.0,5114.0,5114.0,5114.0,5114.0,5115.0,5115
zrWNBzbbOPI,284846.0,284889.0,284938.0,284997.0,285057.0,285132.0,285211.0,285283.0,285360.0,285425.0,285486.0,285548.0,285614.0,285678.0,285754.0,285828.0,285890.0,285941.0,286000.0,286073.0,286145.0,286252.0,286333.0,286409.0,286482.0,286558.0,286651.0,286738.0,286839.0,286908.0,286988.0,287085.0,287169.0,287255.0,287332.0,287400.0,287489.0,287567.0,287642.0,287726.0,287808.0,287872.0,287962.0,288056.0,288143.0,288214.0,288309.0,288381.0,288460.0,288543.0,288632.0,288722.0,288803.0,288882.0,288950.0,289014.0,289100.0,289170.0,289232.0,289317.0,289369.0,289451.0,289538.0,289610.0,289694.0,289758.0,289818.0,289881.0,289950.0,290026.0,290078.0,290150.0,290220.0,290291.0,290362.0,290427.0,290473.0,290530.0,290604.0,290662.0,290720.0,290788.0,290858.0,290943.0,290982.0,291044.0,291098.0,291144.0,291201.0,291252.0,291302.0,291364.0,291419.0,291500.0,291553.0,291640.0,291693.0,291732.0,291802.0,291887.0,291937.0,291999.0,292041.0,292100.0,292168.0,292234.0,292284.0,292342.0,292391.0,292459.0,292510.0,292570.0,292643.0,292707.0,292800.0,292909.0,292998.0,293077.0,293161.0,293226.0,293285.0,293364.0,293436.0,293501.0,293579.0,293667.0,293758.0,293818.0,293886.0,293928.0,293965.0,294008.0,294071.0,294124.0,,,,,,,,,294666.0,294724.0,294775.0,294833.0,294901.0,294945.0,294990.0,295037.0,295071.0,295135.0,295189.0,295236.0,295287.0,295364.0,295424.0,295472.0,295534.0,295573.0,295635.0,295705.0,295758.0,295800.0,295843.0,295900.0,295945.0,295989.0,296042.0,296088.0,296129.0,296164.0,296207.0,296247.0,296296.0,296365.0,296431.0,296472.0,296524.0,296558.0,296613.0,296667.0,296731.0,296781.0,296830.0,296884.0,296932.0,296975.0,297028.0,297082.0,297140.0,297192.0,297237.0,297315.0,297388.0,297444.0,297500.0,297551.0,297605.0,297654.0,297713.0,297773.0,297816.0,297876.0,297937.0,297973.0,298021.0,298073.0,298116.0,298164.0,298209.0,298255.0,298296.0,298351
8Opdairk0EE,148589.0,148589.0,148590.0,148591.0,148592.0,148592.0,148592.0,148593.0,148594.0,148595.0,148595.0,148596.0,148598.0,148600.0,148608.0,148608.0,148608.0,148609.0,148610.0,148614.0,148614.0,148615.0,148617.0,148618.0,148619.0,148619.0,148619.0,148619.0,148619.0,148619.0,148619.0,148620.0,148625.0,148641.0,148651.0,148655.0,148659.0,148660.0,148664.0,148666.0,148666.0,148669.0,148669.0,148667.0,148667.0,148668.0,148668.0,148669.0,148669.0,148670.0,148672.0,148672.0,148678.0,148678.0,148678.0,148678.0,148678.0,148679.0,148681.0,148682.0,148683.0,148683.0,148685.0,148688.0,148688.0,148688.0,148691.0,148691.0,148692.0,148692.0,148692.0,148694.0,148694.0,148696.0,148697.0,148697.0,148697.0,148697.0,148698.0,148701.0,148702.0,148702.0,148703.0,148704.0,148705.0,148706.0,148707.0,148708.0,148709.0,148709.0,148711.0,148711.0,148711.0,148711.0,148712.0,148712.0,148712.0,148715.0,148715.0,148715.0,148715.0,148715.0,148715.0,148715.0,148715.0,148715.0,148715.0,148716.0,148717.0,148718.0,148722.0,148722.0,148722.0,148722.0,148726.0,148726.0,148726.0,148726.0,148727.0,148727.0,148727.0,148727.0,148727.0,148728.0,148728.0,148728.0,148729.0,148729.0,148729.0,148729.0,148729.0,148729.0,148729.0,148730.0,,,,,,,,,148734.0,148734.0,148734.0,148734.0,148735.0,148735.0,148735.0,148736.0,148736.0,148736.0,148736.0,148736.0,148737.0,148737.0,148737.0,148737.0,148738.0,148738.0,148738.0,148739.0,148739.0,148739.0,148740.0,148740.0,148740.0,148740.0,148740.0,148740.0,148740.0,148741.0,148742.0,148742.0,148742.0,148742.0,148742.0,148742.0,148742.0,148742.0,148742.0,148744.0,148744.0,148746.0,148748.0,148748.0,148749.0,148749.0,148749.0,148749.0,148749.0,148749.0,148749.0,148749.0,148749.0,148749.0,148750.0,148750.0,148750.0,148751.0,148751.0,148751.0,148751.0,148751.0,148751.0,148751.0,148751.0,148751.0,148753.0,148754.0,148754.0,148756.0,148757.0,148757
UkLDjcTtC7c,113250.0,113270.0,113293.0,113325.0,113352.0,113369.0,113388.0,113408.0,113443.0,113462.0,113479.0,113500.0,113532.0,113554.0,113573.0,113600.0,113616.0,113636.0,113648.0,113669.0,113697.0,113723.0,113740.0,113760.0,113782.0,113808.0,113830.0,113855.0,113881.0,113900.0,113929.0,113955.0,114086.0,114197.0,114304.0,114423.0,114503.0,114571.0,114626.0,114664.0,114711.0,114745.0,114805.0,114837.0,114889.0,114914.0,114943.0,114979.0,115021.0,115085.0,115117.0,115156.0,115207.0,115252.0,115276.0,115307.0,115336.0,115377.0,115405.0,115437.0,115474.0,115519.0,115561.0,115591.0,115622.0,115655.0,115674.0,115709.0,115735.0,115770.0,115793.0,115828.0,115858.0,115878.0,115916.0,115964.0,115986.0,116027.0,116064.0,116106.0,116138.0,116193.0,116265.0,116304.0,116310.0,116341.0,116370.0,116399.0,116423.0,116453.0,116497.0,116528.0,116564.0,116591.0,116613.0,116624.0,116651.0,116674.0,116709.0,116745.0,116770.0,116799.0,116827.0,116851.0,116880.0,116914.0,116955.0,117001.0,117042.0,117078.0,117105.0,117148.0,117177.0,117223.0,117254.0,117273.0,117287.0,117317.0,117344.0,117359.0,117391.0,117421.0,117445.0,117465.0,117489.0,117508.0,117529.0,117555.0,117585.0,117603.0,117628.0,117642.0,117658.0,117682.0,,,,,,,,,117868.0,117874.0,117899.0,117916.0,117940.0,117957.0,117981.0,118014.0,118050.0,118076.0,118104.0,118132.0,118157.0,118173.0,118197.0,118208.0,118228.0,118251.0,118271.0,118289.0,118307.0,118322.0,118359.0,118382.0,118405.0,118429.0,118452.0,118487.0,118505.0,118530.0,118549.0,118579.0,118593.0,118612.0,118635.0,118657.0,118670.0,118696.0,118712.0,118726.0,118745.0,118761.0,118774.0,118795.0,118806.0,118828.0,118854.0,118882.0,118900.0,118916.0,118925.0,118940.0,118956.0,118981.0,119000.0,119020.0,119042.0,119056.0,119081.0,119092.0,119115.0,119132.0,119141.0,119160.0,119177.0,119197.0,119217.0,119237.0,119264.0,119290.0,119318.0,119342
Ahj0Cw6VaGc,927280.0,927377.0,927465.0,927525.0,927610.0,927719.0,927834.0,927933.0,928089.0,928222.0,928306.0,928403.0,928518.0,928629.0,928747.0,928849.0,928952.0,929025.0,929139.0,929253.0,929359.0,929494.0,929613.0,929723.0,929795.0,929906.0,930020.0,930106.0,930215.0,930320.0,930455.0,930554.0,930770.0,931062.0,931278.0,931466.0,931650.0,931801.0,931948.0,932094.0,932213.0,932355.0,932461.0,932585.0,932698.0,932797.0,932899.0,933023.0,933108.0,933257.0,933361.0,933480.0,933580.0,933678.0,933818.0,933924.0,934027.0,934139.0,934264.0,934343.0,934433.0,934525.0,934599.0,934736.0,934855.0,934960.0,935051.0,935144.0,935240.0,935333.0,935431.0,935537.0,935649.0,935766.0,935892.0,936035.0,936143.0,936251.0,936345.0,936461.0,936542.0,936633.0,936735.0,936821.0,936891.0,936979.0,937076.0,937148.0,937214.0,937310.0,937363.0,937439.0,937567.0,937638.0,937708.0,937788.0,937873.0,937952.0,938023.0,938096.0,938166.0,938222.0,938304.0,938392.0,938476.0,938568.0,938662.0,938753.0,938830.0,938900.0,938974.0,939068.0,939155.0,939240.0,939326.0,939381.0,939468.0,939561.0,939666.0,939742.0,939808.0,939874.0,939942.0,940002.0,940082.0,940137.0,940202.0,940264.0,940325.0,940378.0,940436.0,940503.0,940575.0,940643.0,,,,,,,,,941368.0,941455.0,941530.0,941594.0,941693.0,941799.0,941876.0,941956.0,942018.0,942103.0,942180.0,942295.0,942378.0,942486.0,942568.0,942654.0,942754.0,942840.0,942937.0,943023.0,943087.0,943156.0,943209.0,943301.0,943370.0,943452.0,943530.0,943618.0,943687.0,943753.0,943808.0,943879.0,943953.0,944022.0,944111.0,944179.0,944276.0,944342.0,944408.0,944501.0,944568.0,944651.0,944709.0,944775.0,944836.0,944891.0,944971.0,945057.0,945141.0,945192.0,945256.0,945340.0,945403.0,945469.0,945543.0,945627.0,945699.0,945765.0,945847.0,945925.0,946012.0,946062.0,946136.0,946215.0,946267.0,946343.0,946436.0,946543.0,946655.0,946762.0,946845.0,946942
m12vdZHrINg,140743.0,140768.0,140799.0,140826.0,140845.0,140878.0,140899.0,140928.0,140964.0,140995.0,141023.0,141052.0,141081.0,141112.0,141138.0,141166.0,141194.0,141226.0,141256.0,141279.0,141324.0,141348.0,141384.0,141400.0,141423.0,141440.0,141466.0,141514.0,141542.0,141568.0,141609.0,141652.0,141791.0,141930.0,142055.0,142191.0,142280.0,142352.0,142404.0,142464.0,142521.0,142565.0,142626.0,142669.0,142721.0,142759.0,142790.0,142839.0,142874.0,142921.0,142952.0,142995.0,143025.0,143061.0,143099.0,143138.0,143178.0,143215.0,143250.0,143288.0,143337.0,143379.0,143410.0,143449.0,143497.0,143538.0,143565.0,143588.0,143625.0,143659.0,143689.0,143718.0,143760.0,143790.0,143845.0,143904.0,143943.0,143985.0,144030.0,144060.0,144103.0,144143.0,144172.0,144214.0,144233.0,144280.0,144308.0,144341.0,144366.0,144398.0,144430.0,144467.0,144507.0,144532.0,144579.0,144602.0,144625.0,144649.0,144686.0,144716.0,144742.0,144779.0,144801.0,144830.0,144860.0,144892.0,144932.0,144978.0,145026.0,145074.0,145096.0,145134.0,145156.0,145184.0,145211.0,145228.0,145245.0,145269.0,145298.0,145314.0,145334.0,145350.0,145367.0,145381.0,145401.0,145420.0,145440.0,145467.0,145489.0,145515.0,145541.0,145565.0,145580.0,145598.0,,,,,,,,,145816.0,145827.0,145853.0,145879.0,145911.0,145932.0,145941.0,145963.0,146043.0,146071.0,146108.0,146137.0,146158.0,146182.0,146207.0,146227.0,146248.0,146265.0,146293.0,146352.0,146374.0,146395.0,146414.0,146434.0,146445.0,146463.0,146477.0,146493.0,146519.0,146540.0,146561.0,146583.0,146614.0,146642.0,146676.0,146696.0,146722.0,146758.0,146782.0,146799.0,146819.0,146856.0,146881.0,146918.0,146938.0,146961.0,146990.0,147017.0,147033.0,147057.0,147072.0,147095.0,147110.0,147132.0,147156.0,147184.0,147201.0,147209.0,147228.0,147242.0,147264.0,147272.0,147285.0,147305.0,147322.0,147342.0,147361.0,147384.0,147415.0,147444.0,147464.0,147481
irYCNappUns,133126.0,133142.0,133147.0,133159.0,133173.0,133185.0,133200.0,133205.0,133222.0,133238.0,133257.0,133274.0,133287.0,133293.0,133305.0,133319.0,133324.0,133339.0,133356.0,133362.0,133370.0,133376.0,133382.0,133393.0,133402.0,133412.0,133421.0,133423.0,133429.0,133432.0,133440.0,133450.0,133458.0,133467.0,133478.0,133493.0,133506.0,133515.0,133520.0,133529.0,133541.0,133552.0,133566.0,133576.0,133583.0,133585.0,133588.0,133594.0,133598.0,133611.0,133625.0,133635.0,133646.0,133650.0,133677.0,133708.0,133722.0,133737.0,133745.0,133752.0,133761.0,133782.0,133806.0,133825.0,133834.0,133842.0,133849.0,133862.0,133880.0,133895.0,133907.0,133919.0,133928.0,133934.0,133941.0,133946.0,133959.0,133975.0,133985.0,133990.0,134009.0,134017.0,134023.0,134034.0,134038.0,134051.0,134063.0,134071.0,134076.0,134079.0,134097.0,134106.0,134114.0,134118.0,134123.0,134136.0,134137.0,134142.0,134149.0,134162.0,134168.0,134176.0,134182.0,134191.0,134200.0,134207.0,134210.0,134216.0,134226.0,134236.0,134245.0,134258.0,134263.0,134269.0,134275.0,134280.0,134282.0,134291.0,134296.0,134301.0,134312.0,134326.0,134336.0,134347.0,134357.0,134373.0,134386.0,134398.0,134419.0,134437.0,134451.0,134467.0,134485.0,134493.0,,,,,,,,,134600.0,134609.0,134613.0,134622.0,134633.0,134645.0,134650.0,134657.0,134669.0,134678.0,134685.0,134693.0,134703.0,134712.0,134714.0,134721.0,134725.0,134736.0,134748.0,134758.0,134766.0,134773.0,134780.0,134788.0,134792.0,134797.0,134807.0,134813.0,134819.0,134827.0,134836.0,134843.0,134853.0,134866.0,134876.0,134885.0,134889.0,134899.0,134911.0,134916.0,134925.0,134936.0,134945.0,134956.0,134966.0,134971.0,134980.0,134987.0,135002.0,135019.0,135029.0,135039.0,135045.0,135049.0,135050.0,135067.0,135071.0,135083.0,135089.0,135096.0,135102.0,135108.0,135113.0,135117.0,135123.0,135128.0,135137.0,135146.0,135153.0,135155.0,135163.0,135170
SdvqVfBy0t0,228713.0,228814.0,228901.0,228970.0,229038.0,229114.0,229197.0,229264.0,229351.0,229421.0,229500.0,229587.0,229651.0,229716.0,229816.0,229902.0,229974.0,230044.0,230111.0,230203.0,230303.0,230373.0,230450.0,230530.0,230575.0,230622.0,230699.0,230786.0,230871.0,230933.0,231015.0,231073.0,231133.0,231180.0,231247.0,231305.0,231368.0,231446.0,231495.0,231583.0,231655.0,231737.0,231810.0,231875.0,231948.0,232015.0,232098.0,232174.0,232222.0,232290.0,232360.0,232433.0,232500.0,232570.0,232641.0,232736.0,232810.0,232880.0,232942.0,233016.0,233072.0,233158.0,233242.0,233301.0,233373.0,233469.0,233545.0,233608.0,233701.0,233776.0,233878.0,233972.0,234056.0,234115.0,234200.0,234274.0,234371.0,234453.0,234536.0,234621.0,234702.0,234787.0,234876.0,234954.0,235072.0,235160.0,235263.0,235339.0,235455.0,235559.0,235661.0,235767.0,235882.0,235966.0,236045.0,236120.0,236207.0,236286.0,236370.0,236482.0,236622.0,236708.0,236793.0,236877.0,236953.0,237054.0,237155.0,237239.0,237334.0,237444.0,237560.0,237661.0,237734.0,237837.0,237914.0,237969.0,238045.0,238128.0,238214.0,238294.0,238373.0,238445.0,238492.0,238551.0,238633.0,238716.0,238784.0,238857.0,238928.0,238997.0,239063.0,239164.0,239287.0,239374.0,,,,,,,,,240225.0,240303.0,240370.0,240445.0,240519.0,240598.0,240656.0,240746.0,240835.0,240895.0,240971.0,241041.0,241117.0,241212.0,241284.0,241344.0,241419.0,241481.0,241523.0,241568.0,241630.0,241680.0,241720.0,241766.0,241832.0,241887.0,241943.0,242013.0,242071.0,242115.0,242170.0,242236.0,242292.0,242344.0,242411.0,242452.0,242486.0,242532.0,242588.0,242655.0,242729.0,242829.0,242890.0,242952.0,243012.0,243089.0,243137.0,243203.0,243256.0,243303.0,243353.0,243415.0,243474.0,243563.0,243631.0,243679.0,243756.0,243802.0,243853.0,243909.0,243967.0,244008.0,244055.0,244109.0,244161.0,244214.0,244276.0,244318.0,244378.0,244437.0,244497.0,244542
UKJ-Yoh-teU,9022425.0,9022631.0,9022892.0,9023061.0,9023290.0,9023531.0,9023757.0,9023996.0,9024283.0,9024550.0,9024784.0,9025029.0,9025337.0,9025602.0,9025855.0,9026176.0,9026447.0,9026742.0,9027006.0,9027350.0,9027620.0,9027983.0,9028359.0,9028704.0,9029026.0,9029379.0,9029695.0,9030031.0,9030373.0,9030703.0,9030991.0,9031288.0,9031593.0,9031906.0,9032268.0,9032639.0,9033100.0,9033504.0,9033787.0,9034138.0,9034504.0,9034813.0,9035156.0,9035474.0,9035801.0,9036128.0,9036522.0,9036853.0,9037142.0,9037487.0,9037778.0,9038080.0,9038282.0,9038538.0,9038874.0,9039248.0,9039604.0,9040026.0,9040409.0,9040850.0,9041250.0,9041693.0,9042296.0,9042937.0,9043847.0,9045145.0,9046287.0,9047669.0,9049053.0,9050025.0,9051345.0,9052832.0,9053970.0,9054941.0,9055844.0,9056641.0,9057492.0,9058336.0,9059073.0,9059825.0,9060748.0,9061572.0,9062456.0,9063177.0,9063916.0,9064544.0,9065126.0,9065789.0,9066425.0,9066997.0,9067576.0,9068249.0,9069024.0,9069650.0,9070173.0,9070901.0,9071537.0,9072263.0,9072955.0,9073632.0,9074258.0,9074802.0,9075383.0,9075937.0,9076442.0,9076973.0,9077537.0,9078131.0,9078576.0,9079102.0,9079523.0,9079941.0,9080285.0,9080723.0,9081121.0,9081524.0,9081982.0,9082385.0,9082744.0,9083057.0,9083410.0,9083921.0,9084320.0,9084843.0,9085247.0,9085751.0,9086264.0,9086729.0,9087160.0,9087499.0,9087954.0,9088368.0,9088806.0,9089236.0,,,,,,,,,9092938.0,9093288.0,9093570.0,9093887.0,9094343.0,9094746.0,9095071.0,9095505.0,9095884.0,9096349.0,9096770.0,9097214.0,9097587.0,9098060.0,9098474.0,9098901.0,9099408.0,9099852.0,9100264.0,9100614.0,9100963.0,9101330.0,9101630.0,9101919.0,9102250.0,9102545.0,9102819.0,9103124.0,9103511.0,9103793.0,9104105.0,9104395.0,9104680.0,9104924.0,9105292.0,9105584.0,9105907.0,9106145.0,9106433.0,9106717.0,9106986.0,9107266.0,9107497.0,9107764.0,9107970.0,9108239.0,9108518.0,9108726.0,9109003.0,9109266.0,9109499.0,9109736.0,9109981.0,9110240.0,9110495.0,9110727.0,9110984.0,9111291.0,9111509.0,9111799.0,9112094.0,9112319.0,9112534.0,9112786.0,9113025.0,9113215.0,9113426.0,9113711.0,9114020.0,9114256.0,9114505.0,9114778
W6nSPCi5jfI,14665.0,14670.0,14675.0,14680.0,14683.0,14686.0,14695.0,14702.0,14711.0,14718.0,14723.0,14734.0,14748.0,14754.0,14758.0,14764.0,14774.0,14783.0,14793.0,14808.0,14819.0,14826.0,14836.0,14841.0,14849.0,14856.0,14869.0,14877.0,14887.0,14891.0,14892.0,14898.0,14904.0,14920.0,14929.0,14944.0,14954.0,14963.0,14972.0,14991.0,14999.0,15010.0,15025.0,15031.0,15046.0,15050.0,15054.0,15066.0,15072.0,15092.0,15103.0,15115.0,15118.0,15130.0,15145.0,15167.0,15184.0,15195.0,15211.0,15243.0,15270.0,15288.0,15303.0,15321.0,15335.0,15351.0,15361.0,15379.0,15395.0,15407.0,15416.0,15433.0,15443.0,15449.0,15452.0,15463.0,15479.0,15495.0,15502.0,15509.0,15513.0,15529.0,15541.0,15547.0,15553.0,15585.0,15594.0,15608.0,15619.0,15626.0,15639.0,15649.0,15661.0,15676.0,15688.0,15693.0,15700.0,15707.0,15715.0,15726.0,15737.0,15751.0,15772.0,15786.0,15798.0,15806.0,15816.0,15823.0,15830.0,15836.0,15848.0,15861.0,15869.0,15880.0,15887.0,15896.0,15904.0,15915.0,15923.0,15936.0,15950.0,15960.0,15973.0,15985.0,15996.0,16004.0,16018.0,16031.0,16034.0,16043.0,16050.0,16063.0,16079.0,16092.0,,,,,,,,,16321.0,16386.0,16459.0,16521.0,16590.0,16642.0,16689.0,16742.0,16815.0,16846.0,16877.0,16911.0,16940.0,16968.0,16979.0,17010.0,17032.0,17047.0,17064.0,17070.0,17080.0,17096.0,17108.0,17121.0,17128.0,17138.0,17150.0,17169.0,17185.0,17197.0,17216.0,17232.0,17249.0,17267.0,17278.0,17287.0,17304.0,17328.0,17340.0,17354.0,17372.0,17382.0,17391.0,17395.0,17404.0,17413.0,17425.0,17440.0,17459.0,17466.0,17472.0,17483.0,17500.0,17505.0,17517.0,17531.0,17544.0,17565.0,17579.0,17591.0,17599.0,17604.0,17621.0,17635.0,17645.0,17654.0,17660.0,17672.0,17681.0,17694.0,17705.0,17713
RxxbESZHqs4,98895.0,98912.0,98929.0,98943.0,98957.0,98972.0,98987.0,98994.0,99002.0,99012.0,99025.0,99033.0,99045.0,99059.0,99065.0,99075.0,99087.0,99095.0,99101.0,99111.0,99121.0,99133.0,99144.0,99156.0,99164.0,99179.0,99191.0,99198.0,99209.0,99221.0,99240.0,99248.0,99259.0,99270.0,99289.0,99302.0,99315.0,99334.0,99345.0,99353.0,99364.0,99388.0,99396.0,99419.0,99422.0,99434.0,99446.0,99459.0,99468.0,99478.0,99490.0,99500.0,99513.0,99530.0,99538.0,99550.0,99571.0,99582.0,99600.0,99618.0,99636.0,99653.0,99678.0,99691.0,99703.0,99714.0,99724.0,99734.0,99745.0,99762.0,99774.0,99784.0,99795.0,99806.0,99819.0,99833.0,99844.0,99857.0,99870.0,99886.0,99902.0,99917.0,99924.0,99933.0,99942.0,99958.0,99975.0,99988.0,100002.0,100012.0,100023.0,100030.0,100040.0,100046.0,100058.0,100067.0,100081.0,100093.0,100104.0,100110.0,100120.0,100133.0,100140.0,100148.0,100161.0,100169.0,100180.0,100187.0,100204.0,100212.0,100219.0,100224.0,100232.0,100244.0,100256.0,100264.0,100276.0,100288.0,100296.0,100311.0,100322.0,100333.0,100349.0,100361.0,100365.0,100373.0,100383.0,100401.0,100417.0,100431.0,100442.0,100459.0,100473.0,100483.0,,,,,,,,,100577.0,100586.0,100594.0,100603.0,100611.0,100619.0,100629.0,100648.0,100661.0,100670.0,100673.0,100681.0,100693.0,100703.0,100709.0,100723.0,100734.0,100748.0,100759.0,100765.0,100774.0,100785.0,100794.0,100809.0,100825.0,100829.0,100841.0,100846.0,100857.0,100866.0,100872.0,100878.0,100893.0,100897.0,100904.0,100914.0,100919.0,100923.0,100930.0,100939.0,100949.0,100963.0,100969.0,100977.0,100989.0,101002.0,101009.0,101021.0,101028.0,101035.0,101041.0,101049.0,101068.0,101073.0,101080.0,101087.0,101098.0,101108.0,101121.0,101124.0,101137.0,101146.0,101150.0,101154.0,101162.0,101165.0,101173.0,101178.0,101186.0,101193.0,101196.0,101200
1WI8Frw3vdw,6904.0,6904.0,6904.0,6904.0,6904.0,6904.0,6904.0,6904.0,6904.0,6904.0,6905.0,6905.0,6905.0,6905.0,6905.0,6905.0,6905.0,6905.0,6906.0,6906.0,6906.0,6907.0,6907.0,6907.0,6907.0,6907.0,6907.0,6908.0,6909.0,6909.0,6909.0,6909.0,6909.0,6909.0,6910.0,6911.0,6911.0,6911.0,6912.0,6912.0,6912.0,6912.0,6912.0,6912.0,6912.0,6912.0,6912.0,6912.0,6912.0,6912.0,6912.0,6912.0,6912.0,6912.0,6912.0,6912.0,6913.0,6913.0,6913.0,6913.0,6913.0,6913.0,6913.0,6913.0,6913.0,6913.0,6913.0,6913.0,6913.0,6913.0,6914.0,6914.0,6914.0,6914.0,6914.0,6914.0,6914.0,6914.0,6914.0,6914.0,6914.0,6914.0,6914.0,6914.0,6914.0,6914.0,6914.0,6914.0,6914.0,6914.0,6914.0,6914.0,6914.0,6914.0,6914.0,6914.0,6914.0,6914.0,6914.0,6914.0,6914.0,6914.0,6915.0,6915.0,6916.0,6918.0,6918.0,6918.0,6918.0,6919.0,6919.0,6920.0,6920.0,6920.0,6920.0,6920.0,6920.0,6920.0,6920.0,6920.0,6920.0,6920.0,6920.0,6920.0,6920.0,6920.0,6920.0,6920.0,6920.0,6920.0,6920.0,6920.0,6920.0,6920.0,,,,,,,,,6920.0,6920.0,6920.0,6920.0,6920.0,6920.0,6920.0,6920.0,6920.0,6921.0,6921.0,6921.0,6922.0,6922.0,6922.0,6922.0,6922.0,6923.0,6923.0,6923.0,6923.0,6923.0,6923.0,6923.0,6923.0,6923.0,6924.0,6926.0,6926.0,6926.0,6926.0,6926.0,6927.0,6927.0,6927.0,6927.0,6927.0,6927.0,6927.0,6927.0,6927.0,6927.0,6927.0,6927.0,6927.0,6927.0,6927.0,6927.0,6927.0,6927.0,6927.0,6927.0,6927.0,6927.0,6927.0,6927.0,6927.0,6927.0,6927.0,6927.0,6927.0,6927.0,6927.0,6927.0,6927.0,6927.0,6927.0,6927.0,6927.0,6927.0,6928.0,6928
cCm1nrgG-qk,3014.0,3014.0,3014.0,3014.0,3017.0,3017.0,3018.0,3019.0,3019.0,3019.0,3019.0,3022.0,3023.0,3025.0,3025.0,3026.0,3028.0,3029.0,3029.0,3029.0,3029.0,3029.0,3029.0,3029.0,3029.0,3029.0,3029.0,3029.0,3029.0,3030.0,3031.0,3032.0,3032.0,3033.0,3033.0,3033.0,3033.0,3033.0,3033.0,3033.0,3033.0,3033.0,3033.0,3033.0,3033.0,3033.0,3033.0,3033.0,3033.0,3034.0,3036.0,3037.0,3037.0,3037.0,3037.0,3042.0,3042.0,3042.0,3042.0,3042.0,3042.0,3043.0,3044.0,3044.0,3044.0,3044.0,3044.0,3046.0,3046.0,3046.0,3046.0,3046.0,3046.0,3047.0,3047.0,3047.0,3048.0,3049.0,3049.0,3049.0,3049.0,3050.0,3051.0,3052.0,3052.0,3053.0,3053.0,3053.0,3053.0,3053.0,3054.0,3054.0,3054.0,3054.0,3054.0,3054.0,3054.0,3054.0,3054.0,3055.0,3055.0,3055.0,3055.0,3055.0,3056.0,3056.0,3056.0,3056.0,3056.0,3056.0,3056.0,3056.0,3057.0,3058.0,3058.0,3058.0,3058.0,3060.0,3060.0,3060.0,3061.0,3061.0,3061.0,3061.0,3062.0,3062.0,3062.0,3062.0,3063.0,3063.0,3063.0,3063.0,3063.0,3063.0,,,,,,,,,3066.0,3066.0,3066.0,3067.0,3067.0,3067.0,3067.0,3067.0,3067.0,3067.0,3067.0,3067.0,3067.0,3067.0,3067.0,3068.0,3068.0,3068.0,3069.0,3070.0,3070.0,3070.0,3070.0,3070.0,3070.0,3070.0,3070.0,3070.0,3070.0,3070.0,3070.0,3070.0,3070.0,3070.0,3070.0,3070.0,3070.0,3071.0,3071.0,3072.0,3072.0,3071.0,3072.0,3073.0,3073.0,3073.0,3073.0,3073.0,3073.0,3074.0,3074.0,3074.0,3074.0,3074.0,3074.0,3074.0,3074.0,3074.0,3074.0,3075.0,3075.0,3075.0,3075.0,3075.0,3075.0,3075.0,3075.0,3075.0,3075.0,3077.0,3077.0,3078
F76NyjguiA4,277617.0,277625.0,277635.0,277638.0,277656.0,277662.0,277674.0,277691.0,277700.0,277715.0,277732.0,277745.0,277756.0,277773.0,277785.0,277794.0,277806.0,277817.0,277819.0,277827.0,277836.0,277841.0,277850.0,277855.0,277863.0,277869.0,277884.0,277900.0,277912.0,277920.0,277933.0,277943.0,277953.0,277956.0,277968.0,277976.0,277992.0,278003.0,278007.0,278012.0,278019.0,278033.0,278052.0,278067.0,278077.0,278080.0,278091.0,278099.0,278111.0,278116.0,278121.0,278129.0,278136.0,278143.0,278155.0,278165.0,278166.0,278173.0,278182.0,278190.0,278198.0,278208.0,278221.0,278228.0,278236.0,278251.0,278267.0,278279.0,278292.0,278307.0,278316.0,278325.0,278338.0,278344.0,278350.0,278366.0,278380.0,278392.0,278401.0,278412.0,278417.0,278429.0,278441.0,278450.0,278458.0,278467.0,278476.0,278482.0,278489.0,278509.0,278515.0,278533.0,278541.0,278550.0,278561.0,278571.0,278581.0,278590.0,278593.0,278600.0,278609.0,278617.0,278625.0,278629.0,278638.0,278644.0,278650.0,278661.0,278674.0,278681.0,278688.0,278697.0,278700.0,278706.0,278714.0,278720.0,278729.0,278741.0,278750.0,278757.0,278767.0,278778.0,278783.0,278794.0,278799.0,278803.0,278809.0,278813.0,278823.0,278827.0,278830.0,278832.0,278837.0,278856.0,,,,,,,,,278944.0,278950.0,278962.0,278979.0,279002.0,279047.0,279057.0,279073.0,279090.0,279109.0,279131.0,279143.0,279157.0,279169.0,279177.0,279186.0,279196.0,279225.0,279229.0,279237.0,279241.0,279247.0,279260.0,279264.0,279276.0,279291.0,279297.0,279304.0,279313.0,279319.0,279322.0,279326.0,279338.0,279343.0,279352.0,279361.0,279370.0,279375.0,279378.0,279380.0,279387.0,279395.0,279398.0,279403.0,279414.0,279421.0,279428.0,279433.0,279441.0,279458.0,279468.0,279480.0,279489.0,279497.0,279501.0,279511.0,279519.0,279531.0,279541.0,279559.0,279570.0,279581.0,279589.0,279607.0,279625.0,279630.0,279638.0,279644.0,279648.0,279655.0,279660.0,279673
FBPWF7Iu8eY,528.0,528.0,528.0,528.0,529.0,529.0,532.0,532.0,532.0,532.0,532.0,532.0,533.0,534.0,535.0,535.0,535.0,535.0,535.0,535.0,535.0,535.0,536.0,537.0,537.0,537.0,537.0,537.0,537.0,537.0,537.0,538.0,538.0,538.0,539.0,539.0,539.0,539.0,540.0,542.0,543.0,543.0,543.0,545.0,545.0,546.0,546.0,546.0,546.0,546.0,546.0,547.0,547.0,547.0,547.0,547.0,547.0,547.0,549.0,549.0,549.0,549.0,550.0,550.0,550.0,550.0,550.0,550.0,550.0,550.0,550.0,550.0,550.0,550.0,550.0,550.0,553.0,553.0,553.0,553.0,553.0,553.0,553.0,553.0,553.0,554.0,554.0,554.0,554.0,554.0,554.0,554.0,554.0,555.0,555.0,556.0,556.0,556.0,556.0,556.0,556.0,556.0,556.0,556.0,556.0,558.0,558.0,558.0,558.0,558.0,558.0,558.0,558.0,558.0,559.0,559.0,559.0,559.0,559.0,559.0,559.0,559.0,559.0,560.0,560.0,560.0,560.0,560.0,560.0,562.0,563.0,565.0,565.0,565.0,,,,,,,,,573.0,573.0,573.0,574.0,575.0,579.0,580.0,582.0,584.0,584.0,584.0,584.0,584.0,584.0,584.0,584.0,584.0,584.0,584.0,584.0,584.0,584.0,584.0,584.0,584.0,584.0,584.0,584.0,584.0,584.0,584.0,584.0,584.0,584.0,584.0,584.0,584.0,584.0,584.0,584.0,584.0,584.0,584.0,584.0,584.0,584.0,584.0,584.0,584.0,584.0,584.0,584.0,584.0,584.0,584.0,584.0,584.0,584.0,584.0,584.0,584.0,584.0,584.0,584.0,584.0,584.0,584.0,584.0,584.0,584.0,584.0,584
HwpROTcS1b0,13840.0,13847.0,13849.0,13854.0,13862.0,13870.0,13878.0,13889.0,13897.0,13906.0,13916.0,13920.0,13928.0,13938.0,13945.0,13947.0,13956.0,13959.0,13962.0,13968.0,13975.0,13982.0,13988.0,13997.0,14002.0,14012.0,14014.0,14023.0,14029.0,14040.0,14044.0,14047.0,14052.0,14060.0,14067.0,14071.0,14077.0,14078.0,14081.0,14093.0,14095.0,14101.0,14107.0,14113.0,14121.0,14126.0,14131.0,14134.0,14139.0,14144.0,14151.0,14156.0,14157.0,14163.0,14166.0,14173.0,14178.0,14186.0,14194.0,14201.0,14205.0,14209.0,14215.0,14225.0,14235.0,14256.0,14266.0,14275.0,14283.0,14295.0,14310.0,14322.0,14337.0,14347.0,14369.0,14386.0,14395.0,14404.0,14420.0,14428.0,14435.0,14444.0,14452.0,14459.0,14468.0,14473.0,14480.0,14500.0,14513.0,14523.0,14527.0,14541.0,14555.0,14565.0,14571.0,14585.0,14603.0,14617.0,14638.0,14658.0,14668.0,14680.0,14690.0,14713.0,14732.0,14737.0,14752.0,14751.0,14757.0,14765.0,14778.0,14784.0,14786.0,14799.0,14810.0,14816.0,14821.0,14828.0,14835.0,14843.0,14847.0,14852.0,14856.0,14859.0,14865.0,14870.0,14876.0,14879.0,14886.0,14892.0,14896.0,14903.0,14904.0,14907.0,,,,,,,,,14965.0,14975.0,14980.0,14989.0,14996.0,15001.0,15009.0,15018.0,15031.0,15050.0,15046.0,15049.0,15056.0,15060.0,15062.0,15066.0,15070.0,15079.0,15084.0,15086.0,15091.0,15093.0,15100.0,15106.0,15110.0,15113.0,15117.0,15120.0,15131.0,15139.0,15140.0,15144.0,15148.0,15158.0,15160.0,15162.0,15166.0,15171.0,15177.0,15179.0,15189.0,15194.0,15198.0,15201.0,15207.0,15209.0,15212.0,15217.0,15222.0,15226.0,15235.0,15237.0,15240.0,15248.0,15250.0,15251.0,15253.0,15257.0,15259.0,15261.0,15265.0,15268.0,15271.0,15273.0,15276.0,15279.0,15281.0,15283.0,15287.0,15289.0,15290.0,15293
ld-pOZoJM3M,5039.0,5039.0,5040.0,5042.0,5042.0,5042.0,5044.0,5044.0,5044.0,5044.0,5046.0,5046.0,5047.0,5048.0,5049.0,5050.0,5050.0,5051.0,5051.0,5052.0,5053.0,5053.0,5053.0,5054.0,5056.0,5056.0,5056.0,5056.0,5058.0,5059.0,5059.0,5060.0,5061.0,5061.0,5061.0,5063.0,5065.0,5065.0,5065.0,5068.0,5069.0,5070.0,5070.0,5071.0,5072.0,5073.0,5074.0,5077.0,5077.0,5078.0,5078.0,5078.0,5078.0,5079.0,5079.0,5081.0,5081.0,5082.0,5082.0,5083.0,5085.0,5085.0,5085.0,5086.0,5087.0,5087.0,5087.0,5088.0,5090.0,5092.0,5093.0,5095.0,5097.0,5098.0,5099.0,5101.0,5102.0,5102.0,5103.0,5104.0,5105.0,5106.0,5106.0,5107.0,5108.0,5109.0,5109.0,5110.0,5111.0,5112.0,5112.0,5112.0,5112.0,5117.0,5117.0,5117.0,5118.0,5118.0,5119.0,5119.0,5119.0,5121.0,5122.0,5123.0,5124.0,5125.0,5125.0,5126.0,5127.0,5127.0,5127.0,5129.0,5130.0,5132.0,5133.0,5134.0,5134.0,5135.0,5136.0,5137.0,5137.0,5137.0,5141.0,5144.0,5144.0,5144.0,5145.0,5145.0,5146.0,5147.0,5148.0,5151.0,5151.0,5151.0,,,,,,,,,5161.0,5164.0,5165.0,5166.0,5167.0,5171.0,5180.0,5182.0,5183.0,5184.0,5184.0,5185.0,5185.0,5185.0,5185.0,5185.0,5185.0,5185.0,5185.0,5185.0,5185.0,5185.0,5185.0,5185.0,5185.0,5185.0,5185.0,5185.0,5185.0,5185.0,5185.0,5185.0,5185.0,5185.0,5185.0,5185.0,5185.0,5185.0,5185.0,5185.0,5185.0,5185.0,5185.0,5185.0,5185.0,5185.0,5185.0,5185.0,5185.0,5185.0,5185.0,5185.0,5185.0,5185.0,5185.0,5185.0,5185.0,5185.0,5185.0,5185.0,5185.0,5185.0,5185.0,5185.0,5185.0,5185.0,5185.0,5185.0,5185.0,5185.0,5185.0,5185
Mu2K4tNiti8,407.0,408.0,408.0,408.0,408.0,408.0,408.0,408.0,409.0,410.0,410.0,410.0,411.0,411.0,411.0,411.0,411.0,411.0,411.0,411.0,411.0,411.0,411.0,412.0,412.0,412.0,412.0,413.0,413.0,413.0,413.0,413.0,413.0,413.0,413.0,413.0,413.0,413.0,413.0,413.0,413.0,413.0,414.0,414.0,414.0,414.0,414.0,414.0,414.0,414.0,414.0,414.0,414.0,414.0,414.0,414.0,414.0,414.0,414.0,414.0,414.0,414.0,414.0,414.0,414.0,414.0,414.0,414.0,414.0,414.0,414.0,414.0,414.0,415.0,416.0,416.0,417.0,417.0,417.0,418.0,418.0,418.0,418.0,418.0,418.0,418.0,418.0,418.0,418.0,418.0,418.0,418.0,418.0,422.0,422.0,423.0,424.0,424.0,424.0,424.0,424.0,424.0,424.0,425.0,426.0,426.0,426.0,426.0,426.0,426.0,426.0,430.0,430.0,430.0,430.0,430.0,430.0,430.0,430.0,432.0,432.0,432.0,432.0,432.0,432.0,432.0,432.0,432.0,433.0,433.0,433.0,433.0,433.0,433.0,,,,,,,,,436.0,436.0,437.0,437.0,437.0,439.0,439.0,439.0,439.0,439.0,439.0,439.0,439.0,439.0,439.0,439.0,439.0,439.0,439.0,439.0,439.0,439.0,439.0,439.0,439.0,439.0,439.0,439.0,439.0,439.0,439.0,439.0,439.0,439.0,439.0,439.0,439.0,439.0,439.0,439.0,439.0,439.0,439.0,439.0,439.0,439.0,439.0,439.0,439.0,439.0,439.0,439.0,439.0,439.0,439.0,439.0,439.0,439.0,439.0,439.0,439.0,439.0,439.0,439.0,439.0,439.0,439.0,439.0,439.0,439.0,439.0,439
gnrNePxYFw0,1538.0,1538.0,1539.0,1539.0,1539.0,1539.0,1539.0,1539.0,1539.0,1539.0,1539.0,1539.0,1539.0,1539.0,1539.0,1539.0,1539.0,1539.0,1539.0,1539.0,1539.0,1539.0,1539.0,1539.0,1539.0,1539.0,1539.0,1539.0,1539.0,1539.0,1539.0,1539.0,1539.0,1539.0,1539.0,1539.0,1539.0,1539.0,1539.0,1539.0,1539.0,1539.0,1539.0,1539.0,1539.0,1539.0,1542.0,1542.0,1542.0,1542.0,1542.0,1542.0,1542.0,1542.0,1542.0,1542.0,1542.0,1542.0,1542.0,1542.0,1542.0,1543.0,1543.0,1543.0,1543.0,1543.0,1543.0,1543.0,1543.0,1543.0,1543.0,1543.0,1543.0,1543.0,1543.0,1543.0,1543.0,1543.0,1543.0,1543.0,1543.0,1543.0,1543.0,1543.0,1543.0,1543.0,1543.0,1543.0,1543.0,1543.0,1543.0,1543.0,1543.0,1543.0,1543.0,1543.0,1543.0,1543.0,1543.0,1543.0,1543.0,1543.0,1543.0,1543.0,1543.0,1543.0,1543.0,1543.0,1543.0,1543.0,1543.0,1543.0,1543.0,1543.0,1543.0,1543.0,1543.0,1543.0,1543.0,1543.0,1543.0,1543.0,1543.0,1543.0,1543.0,1543.0,1543.0,1544.0,1544.0,1544.0,1544.0,1544.0,1544.0,1544.0,,,,,,,,,1544.0,1544.0,1544.0,1544.0,1544.0,1544.0,1544.0,1544.0,1544.0,1544.0,1544.0,1544.0,1544.0,1544.0,1544.0,1544.0,1544.0,1544.0,1544.0,1544.0,1544.0,1544.0,1544.0,1544.0,1544.0,1544.0,1544.0,1544.0,1544.0,1544.0,1544.0,1544.0,1544.0,1544.0,1544.0,1544.0,1544.0,1544.0,1544.0,1544.0,1544.0,1544.0,1544.0,1544.0,1544.0,1544.0,1544.0,1544.0,1544.0,1544.0,1544.0,1544.0,1544.0,1544.0,1544.0,1544.0,1544.0,1544.0,1544.0,1544.0,1544.0,1544.0,1544.0,1544.0,1544.0,1544.0,1544.0,1544.0,1544.0,1544.0,1544.0,1544
klXyBDBhCCM,5181.0,5183.0,5185.0,5185.0,5187.0,5187.0,5188.0,5190.0,5190.0,5190.0,5193.0,5198.0,5199.0,5199.0,5201.0,5201.0,5201.0,5201.0,5203.0,5203.0,5205.0,5205.0,5205.0,5205.0,5205.0,5207.0,5207.0,5208.0,5210.0,5211.0,5213.0,5213.0,5215.0,5217.0,5217.0,5218.0,5218.0,5218.0,5219.0,5221.0,5222.0,5222.0,5224.0,5226.0,5227.0,5227.0,5227.0,5229.0,5229.0,5229.0,5229.0,5237.0,5237.0,5237.0,5238.0,5240.0,5240.0,5243.0,5245.0,5245.0,5246.0,5247.0,5247.0,5247.0,5248.0,5248.0,5249.0,5250.0,5250.0,5251.0,5251.0,5251.0,5251.0,5251.0,5251.0,5252.0,5254.0,5257.0,5259.0,5259.0,5259.0,5259.0,5259.0,5260.0,5261.0,5262.0,5262.0,5264.0,5265.0,5265.0,5265.0,5266.0,5266.0,5266.0,5267.0,5269.0,5269.0,5269.0,5269.0,5269.0,5270.0,5270.0,5271.0,5273.0,5276.0,5279.0,5282.0,5282.0,5284.0,5284.0,5284.0,5284.0,5285.0,5287.0,5288.0,5290.0,5290.0,5290.0,5290.0,5292.0,5292.0,5292.0,5292.0,5292.0,5295.0,5298.0,5302.0,5304.0,5306.0,5307.0,5307.0,5309.0,5309.0,5310.0,,,,,,,,,5321.0,5321.0,5321.0,5322.0,5322.0,5324.0,5325.0,5325.0,5326.0,5327.0,5329.0,5329.0,5330.0,5330.0,5332.0,5334.0,5334.0,5334.0,5337.0,5337.0,5337.0,5342.0,5343.0,5344.0,5345.0,5346.0,5347.0,5348.0,5348.0,5349.0,5351.0,5351.0,5355.0,5357.0,5360.0,5360.0,5361.0,5361.0,5361.0,5361.0,5361.0,5362.0,5363.0,5366.0,5368.0,5368.0,5368.0,5370.0,5371.0,5371.0,5371.0,5371.0,5371.0,5371.0,5372.0,5372.0,5372.0,5372.0,5373.0,5373.0,5375.0,5375.0,5375.0,5376.0,5376.0,5378.0,5379.0,5381.0,5382.0,5382.0,5382.0,5382
GuLztg3a6Xk,13322.0,13325.0,13329.0,13329.0,13330.0,13331.0,13332.0,13333.0,13335.0,13337.0,13341.0,13345.0,13346.0,13346.0,13353.0,13357.0,13358.0,13358.0,13359.0,13362.0,13364.0,13365.0,13366.0,13370.0,13370.0,13372.0,13372.0,13375.0,13375.0,13376.0,13377.0,13379.0,13381.0,13381.0,13382.0,13384.0,13385.0,13388.0,13388.0,13392.0,13393.0,13393.0,13395.0,13396.0,13399.0,13400.0,13404.0,13406.0,13408.0,13411.0,13415.0,13416.0,13419.0,13423.0,13423.0,13424.0,13424.0,13425.0,13425.0,13425.0,13426.0,13432.0,13434.0,13435.0,13435.0,13436.0,13436.0,13437.0,13439.0,13439.0,13440.0,13441.0,13442.0,13442.0,13444.0,13446.0,13448.0,13451.0,13459.0,13460.0,13461.0,13463.0,13464.0,13465.0,13467.0,13470.0,13472.0,13472.0,13473.0,13473.0,13474.0,13476.0,13479.0,13484.0,13487.0,13488.0,13491.0,13494.0,13496.0,13496.0,13500.0,13503.0,13505.0,13505.0,13507.0,13516.0,13518.0,13519.0,13519.0,13520.0,13521.0,13521.0,13522.0,13523.0,13529.0,13530.0,13530.0,13532.0,13534.0,13536.0,13538.0,13542.0,13546.0,13546.0,13547.0,13550.0,13554.0,13555.0,13556.0,13557.0,13558.0,13558.0,13560.0,13560.0,,,,,,,,,13577.0,13578.0,13579.0,13580.0,13582.0,13582.0,13583.0,13584.0,13584.0,13586.0,13587.0,13588.0,13590.0,13594.0,13594.0,13595.0,13596.0,13599.0,13602.0,13604.0,13604.0,13606.0,13609.0,13610.0,13610.0,13612.0,13613.0,13619.0,13622.0,13624.0,13624.0,13629.0,13630.0,13631.0,13631.0,13633.0,13634.0,13635.0,13641.0,13641.0,13642.0,13644.0,13644.0,13647.0,13648.0,13651.0,13653.0,13654.0,13655.0,13656.0,13663.0,13666.0,13669.0,13670.0,13670.0,13672.0,13673.0,13673.0,13673.0,13673.0,13673.0,13674.0,13675.0,13677.0,13678.0,13680.0,13683.0,13686.0,13687.0,13687.0,13689.0,13689
9iVH_A5bu88,4710.0,4710.0,4711.0,4711.0,4712.0,4712.0,4714.0,4714.0,4715.0,4715.0,4715.0,4717.0,4717.0,4719.0,4719.0,4719.0,4719.0,4721.0,4721.0,4722.0,4724.0,4724.0,4724.0,4724.0,4724.0,4725.0,4726.0,4726.0,4726.0,4728.0,4728.0,4729.0,4730.0,4735.0,4736.0,4736.0,4737.0,4737.0,4738.0,4739.0,4739.0,4739.0,4739.0,4740.0,4740.0,4741.0,4742.0,4744.0,4744.0,4745.0,4745.0,4746.0,4746.0,4746.0,4746.0,4746.0,4746.0,4750.0,4750.0,4751.0,4751.0,4753.0,4754.0,4755.0,4756.0,4756.0,4756.0,4757.0,4757.0,4758.0,4758.0,4759.0,4760.0,4760.0,4761.0,4761.0,4761.0,4762.0,4763.0,4763.0,4763.0,4764.0,4764.0,4764.0,4765.0,4765.0,4765.0,4765.0,4765.0,4766.0,4766.0,4767.0,4767.0,4768.0,4769.0,4772.0,4772.0,4774.0,4774.0,4775.0,4775.0,4775.0,4775.0,4775.0,4775.0,4776.0,4776.0,4777.0,4778.0,4778.0,4778.0,4778.0,4778.0,4778.0,4778.0,4778.0,4778.0,4780.0,4780.0,4780.0,4780.0,4780.0,4780.0,4780.0,4780.0,4782.0,4782.0,4783.0,4784.0,4784.0,4785.0,4786.0,4786.0,4787.0,,,,,,,,,4789.0,4789.0,4789.0,4789.0,4790.0,4793.0,4794.0,4794.0,4795.0,4795.0,4797.0,4797.0,4797.0,4797.0,4797.0,4797.0,4798.0,4798.0,4799.0,4799.0,4799.0,4799.0,4799.0,4799.0,4800.0,4800.0,4800.0,4800.0,4800.0,4800.0,4800.0,4800.0,4800.0,4800.0,4803.0,4803.0,4803.0,4803.0,4803.0,4803.0,4804.0,4804.0,4804.0,4804.0,4805.0,4805.0,4805.0,4805.0,4805.0,4808.0,4808.0,4810.0,4810.0,4810.0,4810.0,4810.0,4810.0,4811.0,4811.0,4811.0,4811.0,4811.0,4811.0,4811.0,4811.0,4812.0,4812.0,4812.0,4812.0,4812.0,4813.0,4813
D2hCP65Ir9Q,1524.0,1525.0,1525.0,1526.0,1529.0,1533.0,1533.0,1533.0,1533.0,1535.0,1537.0,1537.0,1539.0,1541.0,1541.0,1542.0,1544.0,1544.0,1550.0,1551.0,1552.0,1554.0,1554.0,1557.0,1561.0,1561.0,1562.0,1564.0,1567.0,1569.0,1569.0,1570.0,1572.0,1572.0,1572.0,1572.0,1572.0,1573.0,1575.0,1576.0,1578.0,1580.0,1580.0,1581.0,1584.0,1584.0,1584.0,1586.0,1589.0,1590.0,1589.0,1590.0,1592.0,1593.0,1593.0,1595.0,1595.0,1596.0,1596.0,1596.0,1596.0,1596.0,1597.0,1599.0,1599.0,1599.0,1599.0,1602.0,1603.0,1603.0,1604.0,1604.0,1604.0,1604.0,1604.0,1605.0,1607.0,1607.0,1607.0,1609.0,1610.0,1611.0,1613.0,1613.0,1617.0,1619.0,1620.0,1620.0,1623.0,1624.0,1625.0,1628.0,1628.0,1629.0,1630.0,1631.0,1632.0,1632.0,1633.0,1635.0,1636.0,1637.0,1638.0,1639.0,1640.0,1642.0,1643.0,1643.0,1646.0,1647.0,1648.0,1649.0,1649.0,1649.0,1650.0,1652.0,1657.0,1661.0,1662.0,1663.0,1663.0,1664.0,1664.0,1664.0,1665.0,1665.0,1665.0,1665.0,1665.0,1665.0,1665.0,1665.0,1665.0,1665.0,,,,,,,,,1665.0,1665.0,1665.0,1665.0,1665.0,1665.0,1665.0,1665.0,1665.0,1665.0,1665.0,1665.0,1665.0,1665.0,1665.0,1665.0,1665.0,1665.0,1665.0,1665.0,1665.0,1665.0,1665.0,1665.0,1665.0,1665.0,1665.0,1665.0,1665.0,1665.0,1665.0,1665.0,1665.0,1665.0,1665.0,1665.0,1665.0,1665.0,1665.0,1665.0,1665.0,1665.0,1665.0,1665.0,1665.0,1665.0,1665.0,1665.0,1665.0,1665.0,1665.0,1665.0,1665.0,1665.0,1665.0,1665.0,1665.0,1665.0,1665.0,1665.0,1665.0,1665.0,1665.0,1665.0,1665.0,1665.0,1665.0,1665.0,1665.0,1665.0,1665.0,1665
IqqAKYhZrsY,1376.0,1380.0,1381.0,1388.0,1397.0,1403.0,1406.0,1412.0,1417.0,1422.0,1423.0,1426.0,1426.0,1432.0,1438.0,1441.0,1451.0,1454.0,1487.0,1493.0,1498.0,1501.0,1505.0,1507.0,1511.0,1513.0,1525.0,1530.0,1535.0,1542.0,1546.0,1548.0,1551.0,1552.0,1552.0,1552.0,1556.0,1561.0,1561.0,1562.0,1565.0,1571.0,1572.0,1574.0,1574.0,1577.0,1577.0,1579.0,1587.0,1596.0,1611.0,1613.0,1617.0,1621.0,1623.0,1626.0,1628.0,1629.0,1632.0,1634.0,1634.0,1636.0,1641.0,1642.0,1645.0,1648.0,1649.0,1654.0,1658.0,1661.0,1662.0,1665.0,1667.0,1673.0,1676.0,1680.0,1683.0,1684.0,1686.0,1694.0,1699.0,1702.0,1705.0,1712.0,1716.0,1721.0,1722.0,1725.0,1731.0,1738.0,1739.0,1744.0,1747.0,1750.0,1752.0,1756.0,1764.0,1770.0,1783.0,1787.0,1793.0,1797.0,1801.0,1809.0,1810.0,1817.0,1824.0,1825.0,1826.0,1827.0,1831.0,1835.0,1837.0,1840.0,1841.0,1846.0,1850.0,1851.0,1851.0,1855.0,1856.0,1859.0,1864.0,1867.0,1867.0,1866.0,1866.0,1866.0,1866.0,1866.0,1866.0,1866.0,1866.0,1866.0,,,,,,,,,1866.0,1866.0,1866.0,1866.0,1866.0,1866.0,1866.0,1866.0,1866.0,1866.0,1866.0,1866.0,1866.0,1866.0,1866.0,1866.0,1866.0,1866.0,1866.0,1866.0,1866.0,1866.0,1866.0,1866.0,1866.0,1866.0,1866.0,1866.0,1866.0,1866.0,1866.0,1866.0,1866.0,1866.0,1866.0,1866.0,1866.0,1866.0,1866.0,1866.0,1866.0,1866.0,1866.0,1866.0,1866.0,1866.0,1866.0,1866.0,1866.0,1866.0,1866.0,1866.0,1866.0,1866.0,1866.0,1866.0,1866.0,1866.0,1866.0,1866.0,1866.0,1866.0,1866.0,1866.0,1866.0,1866.0,1866.0,1866.0,1866.0,1866.0,1866.0,1866
58uiaEv9Mac,240571.0,240605.0,240634.0,240678.0,240706.0,240735.0,240766.0,240801.0,240830.0,240876.0,240907.0,240954.0,240992.0,241028.0,241058.0,241097.0,241128.0,241157.0,241191.0,241216.0,241251.0,241289.0,241311.0,241344.0,241374.0,241395.0,241431.0,241468.0,241485.0,241510.0,241547.0,241566.0,241584.0,241599.0,241620.0,241648.0,241683.0,241710.0,241748.0,241776.0,241805.0,241844.0,241874.0,241910.0,241950.0,241989.0,242022.0,242061.0,242084.0,242128.0,242170.0,242215.0,242255.0,242305.0,242344.0,242378.0,242410.0,242463.0,242500.0,242544.0,242595.0,242654.0,242701.0,242755.0,242797.0,242834.0,242887.0,242926.0,242969.0,243018.0,243054.0,243090.0,243119.0,243143.0,243177.0,243230.0,243270.0,243294.0,243330.0,243360.0,243386.0,243420.0,243464.0,243492.0,243521.0,243562.0,243593.0,243616.0,243632.0,243652.0,243679.0,243710.0,243743.0,243777.0,243816.0,243846.0,243892.0,243916.0,243943.0,243970.0,243989.0,244015.0,244040.0,244078.0,244101.0,244132.0,244160.0,244191.0,244220.0,244240.0,244285.0,244327.0,244377.0,244438.0,244503.0,244558.0,244624.0,244683.0,244732.0,244816.0,244898.0,244956.0,245037.0,245095.0,245149.0,245200.0,245254.0,245313.0,245373.0,245432.0,245493.0,245558.0,245604.0,245652.0,,,,,,,,,246061.0,246131.0,246178.0,246263.0,246329.0,246409.0,246549.0,246670.0,246835.0,246936.0,247030.0,247207.0,247314.0,247407.0,247488.0,247587.0,247653.0,247704.0,247753.0,247801.0,247846.0,247878.0,247908.0,247940.0,247971.0,247993.0,248032.0,248056.0,248072.0,248108.0,248131.0,248161.0,248188.0,248223.0,248243.0,248265.0,248293.0,248339.0,248370.0,248424.0,248451.0,248482.0,248525.0,248556.0,248586.0,248631.0,248680.0,248730.0,248765.0,248786.0,248814.0,248857.0,248894.0,248929.0,248961.0,249006.0,249028.0,249053.0,249090.0,249113.0,249148.0,249181.0,249218.0,249248.0,249274.0,249316.0,249376.0,249426.0,249481.0,249511.0,249543.0,249578
9BoUqyrQUiY,230149.0,230198.0,230243.0,230290.0,230335.0,230385.0,230427.0,230467.0,230508.0,230549.0,230603.0,230647.0,230700.0,230728.0,230755.0,230787.0,230802.0,230831.0,230868.0,230895.0,230937.0,230979.0,231011.0,231047.0,231082.0,231119.0,231148.0,231176.0,231210.0,231237.0,231277.0,231313.0,231350.0,231389.0,231427.0,231468.0,231514.0,231567.0,231610.0,231650.0,231688.0,231731.0,231778.0,231818.0,231872.0,231909.0,231969.0,232040.0,232089.0,232150.0,232201.0,232256.0,232301.0,232357.0,232405.0,232470.0,232532.0,232573.0,232616.0,232671.0,232726.0,232774.0,232829.0,232871.0,232940.0,232995.0,233042.0,233082.0,233138.0,233186.0,233278.0,233324.0,233370.0,233403.0,233460.0,233502.0,233553.0,233603.0,233642.0,233680.0,233721.0,233774.0,233829.0,233870.0,233908.0,233955.0,233991.0,234023.0,234047.0,234067.0,234093.0,234139.0,234159.0,234185.0,234229.0,234267.0,234316.0,234348.0,234388.0,234427.0,234468.0,234489.0,234520.0,234567.0,234602.0,234634.0,234662.0,234693.0,234725.0,234757.0,234804.0,234848.0,234890.0,234947.0,234993.0,235040.0,235086.0,235129.0,235170.0,235215.0,235286.0,235343.0,235397.0,235446.0,235492.0,235549.0,235609.0,235653.0,235709.0,235762.0,235794.0,235838.0,235863.0,235909.0,,,,,,,,,236308.0,236345.0,236387.0,236449.0,236517.0,236571.0,236622.0,236659.0,236693.0,236729.0,236753.0,236809.0,236835.0,236870.0,236897.0,236919.0,236952.0,236979.0,237008.0,237029.0,237066.0,237095.0,237112.0,237137.0,237166.0,237213.0,237285.0,237318.0,237337.0,237356.0,237382.0,237409.0,237433.0,237449.0,237463.0,237488.0,237500.0,237527.0,237549.0,237576.0,237594.0,237619.0,237642.0,237673.0,237684.0,237710.0,237748.0,237767.0,237784.0,237797.0,237818.0,237853.0,237870.0,237896.0,237914.0,237947.0,237966.0,237987.0,238010.0,238039.0,238061.0,238092.0,238119.0,238144.0,238168.0,238210.0,238255.0,238281.0,238305.0,238329.0,238357.0,238384
ZdDh8ZwrQHI,390374.0,390387.0,390401.0,390423.0,390454.0,390471.0,390489.0,390516.0,390538.0,390563.0,390582.0,390602.0,390624.0,390648.0,390663.0,390681.0,390695.0,390706.0,390725.0,390744.0,390766.0,390784.0,390805.0,390812.0,390826.0,390840.0,390852.0,390861.0,390872.0,390892.0,390911.0,390929.0,390939.0,390953.0,390968.0,390983.0,391006.0,391024.0,391040.0,391046.0,391059.0,391076.0,391092.0,391112.0,391120.0,391134.0,391146.0,391163.0,391172.0,391188.0,391195.0,391206.0,391223.0,391245.0,391257.0,391279.0,391296.0,391312.0,391331.0,391350.0,391356.0,391365.0,391387.0,391405.0,391412.0,391419.0,391436.0,391453.0,391472.0,391488.0,391503.0,391516.0,391528.0,391546.0,391569.0,391594.0,391612.0,391629.0,391653.0,391679.0,391705.0,391727.0,391740.0,391756.0,391772.0,391792.0,391807.0,391831.0,391846.0,391858.0,391868.0,391883.0,391892.0,391908.0,391929.0,391948.0,391958.0,391977.0,391990.0,392000.0,392009.0,392028.0,392039.0,392049.0,392058.0,392070.0,392092.0,392103.0,392116.0,392120.0,392130.0,392135.0,392142.0,392152.0,392162.0,392175.0,392187.0,392193.0,392201.0,392212.0,392224.0,392238.0,392253.0,392264.0,392269.0,392279.0,392298.0,392312.0,392327.0,392329.0,392339.0,392352.0,392390.0,392401.0,,,,,,,,,392474.0,392497.0,392515.0,392543.0,392561.0,392592.0,392612.0,392631.0,392650.0,392678.0,392709.0,392731.0,392746.0,392760.0,392780.0,392796.0,392808.0,392826.0,392836.0,392850.0,392855.0,392862.0,392873.0,392879.0,392888.0,392894.0,392902.0,392911.0,392921.0,392942.0,392953.0,392961.0,392969.0,392977.0,392982.0,392997.0,393011.0,393019.0,393026.0,393040.0,393049.0,393059.0,393063.0,393074.0,393086.0,393099.0,393105.0,393115.0,393128.0,393147.0,393159.0,393162.0,393176.0,393189.0,393195.0,393205.0,393211.0,393226.0,393238.0,393250.0,393254.0,393266.0,393282.0,393291.0,393299.0,393306.0,393310.0,393325.0,393334.0,393341.0,393348.0,393359
Cfoen9UKb4w,451866.0,451933.0,452005.0,452078.0,452168.0,452270.0,452329.0,452386.0,452457.0,452543.0,452613.0,452704.0,452788.0,452855.0,452918.0,452991.0,453055.0,453125.0,453178.0,453250.0,453317.0,453372.0,453439.0,453486.0,453547.0,453625.0,453695.0,453762.0,453847.0,453910.0,453972.0,454038.0,454120.0,454221.0,454335.0,454430.0,454497.0,454598.0,454687.0,454771.0,454843.0,454931.0,455008.0,455060.0,455134.0,455184.0,455252.0,455331.0,455397.0,455454.0,455515.0,455560.0,455613.0,455663.0,455724.0,455806.0,455876.0,455942.0,456004.0,456061.0,456140.0,456220.0,456290.0,456351.0,456403.0,456450.0,456503.0,456556.0,456605.0,456670.0,456724.0,456791.0,456836.0,456884.0,456956.0,457011.0,457064.0,457120.0,457181.0,457225.0,457293.0,457339.0,457416.0,457492.0,457559.0,457629.0,457684.0,457735.0,457786.0,457829.0,457876.0,457922.0,457970.0,458022.0,458067.0,458125.0,458172.0,458238.0,458291.0,458345.0,458396.0,458432.0,458492.0,458538.0,458603.0,458677.0,458738.0,458801.0,458855.0,458914.0,458960.0,459020.0,459086.0,459160.0,459222.0,459279.0,459332.0,459387.0,459449.0,459516.0,459555.0,459612.0,459654.0,459711.0,459759.0,459799.0,459848.0,459900.0,459951.0,460005.0,460051.0,460108.0,460158.0,460222.0,,,,,,,,,460669.0,460724.0,460768.0,460824.0,460874.0,460921.0,460969.0,461009.0,461056.0,461097.0,461150.0,461206.0,461261.0,461303.0,461359.0,461397.0,461438.0,461474.0,461511.0,461535.0,461562.0,461618.0,461642.0,461680.0,461721.0,461768.0,461813.0,461851.0,461906.0,461955.0,461992.0,462033.0,462077.0,462131.0,462178.0,462228.0,462284.0,462336.0,462406.0,462453.0,462506.0,462555.0,462596.0,462645.0,462705.0,462747.0,462785.0,462837.0,462881.0,462929.0,462964.0,463004.0,463057.0,463105.0,463151.0,463206.0,463250.0,463293.0,463354.0,463404.0,463445.0,463485.0,463543.0,463577.0,463611.0,463650.0,463693.0,463731.0,463753.0,463791.0,463822.0,463850
ytkbmqyki9c,31544.0,31558.0,31569.0,31576.0,31589.0,31604.0,31612.0,31627.0,31640.0,31650.0,31654.0,31657.0,31665.0,31671.0,31689.0,31695.0,31706.0,31716.0,31723.0,31732.0,31750.0,31755.0,31772.0,31776.0,31785.0,31796.0,31801.0,31804.0,31814.0,31828.0,31841.0,31851.0,31859.0,31865.0,31872.0,31880.0,31890.0,31897.0,31899.0,31908.0,31915.0,31921.0,31930.0,31935.0,31944.0,31951.0,31961.0,31968.0,31977.0,31987.0,32002.0,32015.0,32029.0,32037.0,32050.0,32058.0,32065.0,32076.0,32087.0,32098.0,32112.0,32123.0,32141.0,32153.0,32165.0,32181.0,32186.0,32197.0,32210.0,32223.0,32235.0,32244.0,32257.0,32268.0,32277.0,32289.0,32303.0,32310.0,32318.0,32324.0,32341.0,32354.0,32368.0,32378.0,32387.0,32394.0,32408.0,32425.0,32440.0,32449.0,32461.0,32479.0,32490.0,32502.0,32514.0,32523.0,32535.0,32549.0,32561.0,32575.0,32585.0,32597.0,32611.0,32622.0,32636.0,32656.0,32669.0,32683.0,32692.0,32701.0,32707.0,32722.0,32730.0,32744.0,32758.0,32768.0,32779.0,32801.0,32818.0,32830.0,32841.0,32847.0,32857.0,32863.0,32874.0,32884.0,32895.0,32902.0,32915.0,32926.0,32933.0,32942.0,32952.0,32962.0,,,,,,,,,33081.0,33098.0,33112.0,33117.0,33130.0,33144.0,33151.0,33165.0,33187.0,33201.0,33217.0,33234.0,33269.0,33292.0,33306.0,33319.0,33333.0,33354.0,33370.0,33386.0,33395.0,33404.0,33412.0,33420.0,33433.0,33442.0,33450.0,33464.0,33475.0,33488.0,33499.0,33508.0,33514.0,33523.0,33533.0,33543.0,33548.0,33555.0,33565.0,33574.0,33591.0,33610.0,33616.0,33629.0,33638.0,33651.0,33662.0,33679.0,33694.0,33704.0,33717.0,33735.0,33748.0,33760.0,33775.0,33781.0,33795.0,33801.0,33808.0,33818.0,33832.0,33837.0,33844.0,33858.0,33867.0,33876.0,33884.0,33890.0,33900.0,33912.0,33922.0,33930
hL28s1YCMIY,85808.0,85937.0,86059.0,86188.0,86314.0,86460.0,86604.0,86734.0,86855.0,86941.0,87039.0,87127.0,87276.0,87400.0,87568.0,87712.0,87857.0,87970.0,88100.0,88291.0,88434.0,88623.0,88746.0,88845.0,88949.0,89041.0,89170.0,89312.0,89464.0,89608.0,89758.0,89869.0,90028.0,90151.0,90295.0,90442.0,90559.0,90731.0,90846.0,90996.0,91155.0,91329.0,91505.0,91664.0,91827.0,91960.0,92063.0,92219.0,92364.0,92550.0,92670.0,92838.0,93004.0,93135.0,93281.0,93457.0,93852.0,94176.0,94824.0,95371.0,96308.0,98564.0,101964.0,105737.0,108389.0,109704.0,110568.0,111371.0,111946.0,112608.0,113053.0,113379.0,113581.0,113804.0,113998.0,114268.0,114494.0,114741.0,114961.0,115173.0,115383.0,115590.0,115824.0,116020.0,116186.0,116367.0,116505.0,116632.0,116790.0,116930.0,117124.0,117272.0,117431.0,117559.0,117654.0,117808.0,117942.0,118081.0,118239.0,118462.0,118617.0,118751.0,118908.0,119092.0,119272.0,119440.0,119619.0,119749.0,119885.0,120069.0,120221.0,120388.0,120569.0,120737.0,120901.0,121043.0,121180.0,121324.0,121474.0,121631.0,121756.0,121874.0,121991.0,122169.0,122385.0,122544.0,122638.0,122773.0,122920.0,123020.0,123166.0,123329.0,123433.0,123582.0,,,,,,,,,124926.0,125033.0,125153.0,125274.0,125415.0,125580.0,125716.0,125816.0,125984.0,126166.0,126333.0,126525.0,126743.0,126984.0,127149.0,127334.0,127524.0,127687.0,127864.0,128026.0,128155.0,128270.0,128390.0,128521.0,128666.0,128781.0,128903.0,129043.0,129131.0,129212.0,129307.0,129422.0,129554.0,129676.0,129775.0,129836.0,129901.0,130016.0,130133.0,130261.0,130360.0,130480.0,130588.0,130681.0,130794.0,130927.0,131045.0,131203.0,131316.0,131456.0,131530.0,131632.0,131774.0,131883.0,132036.0,132171.0,132288.0,132381.0,132501.0,132637.0,132734.0,132830.0,132951.0,133056.0,133141.0,133244.0,133386.0,133508.0,133704.0,133847.0,133973.0,134056
4pzcsm-zoTU,368406.0,368458.0,368502.0,368547.0,368595.0,368645.0,368709.0,368761.0,368816.0,368862.0,368909.0,368950.0,368999.0,369052.0,369121.0,369160.0,369200.0,369251.0,369288.0,369325.0,369367.0,369455.0,369502.0,369548.0,369555.0,369595.0,369644.0,369687.0,369734.0,369781.0,369843.0,369884.0,369935.0,369973.0,370011.0,370050.0,370091.0,370132.0,370171.0,370219.0,370264.0,370305.0,370344.0,370395.0,370443.0,370483.0,370529.0,370572.0,370609.0,370643.0,370689.0,370744.0,370787.0,370835.0,370889.0,370941.0,370994.0,371051.0,371101.0,371144.0,371187.0,371234.0,371274.0,371319.0,371348.0,371391.0,371419.0,371474.0,371511.0,371563.0,371608.0,371643.0,371674.0,371710.0,371754.0,371790.0,371822.0,371877.0,371922.0,371960.0,371997.0,372039.0,372086.0,372130.0,372171.0,372233.0,372288.0,372325.0,372370.0,372414.0,372453.0,372492.0,372547.0,372587.0,372625.0,372674.0,372732.0,372762.0,372811.0,372864.0,372900.0,372946.0,372994.0,373036.0,373085.0,373136.0,373188.0,373239.0,373292.0,373337.0,373376.0,373434.0,373480.0,373514.0,373554.0,373607.0,373652.0,373695.0,373738.0,373796.0,373838.0,373871.0,373916.0,373956.0,374001.0,374044.0,374092.0,374134.0,374179.0,374222.0,374267.0,374299.0,374338.0,374379.0,,,,,,,,,374767.0,374801.0,374845.0,374884.0,374926.0,374969.0,375023.0,375058.0,375105.0,375155.0,375221.0,375288.0,375357.0,375444.0,375507.0,375560.0,375620.0,375683.0,375757.0,375813.0,375843.0,375882.0,375919.0,375953.0,375991.0,376029.0,376061.0,376103.0,376144.0,376171.0,376206.0,376247.0,376289.0,376327.0,376362.0,376398.0,376436.0,376465.0,376490.0,376537.0,376578.0,376612.0,376650.0,376677.0,376703.0,376739.0,376768.0,376808.0,376852.0,376884.0,376914.0,376943.0,376979.0,377027.0,377073.0,377114.0,377166.0,377218.0,377252.0,377300.0,377331.0,377355.0,377384.0,377413.0,377449.0,377490.0,377523.0,377553.0,377576.0,377610.0,377641.0,377672
1FIAnXxeKEc,169642.0,169844.0,170004.0,170161.0,170380.0,170527.0,170700.0,170886.0,171087.0,171265.0,171423.0,171577.0,171776.0,171945.0,172171.0,172348.0,172528.0,172672.0,172843.0,173036.0,173227.0,173441.0,173648.0,173843.0,173983.0,174155.0,174205.0,174205.0,174205.0,174205.0,174205.0,174205.0,174205.0,174205.0,174205.0,174205.0,174205.0,174205.0,174205.0,174205.0,174205.0,174205.0,174205.0,174205.0,174205.0,174205.0,174205.0,174205.0,174205.0,174205.0,174205.0,174205.0,174205.0,174205.0,174205.0,174205.0,174205.0,174205.0,174205.0,174205.0,174205.0,174205.0,174205.0,174205.0,174205.0,174205.0,174205.0,174205.0,174205.0,174205.0,174205.0,174205.0,174205.0,174205.0,174205.0,174205.0,174205.0,174205.0,174205.0,174205.0,174205.0,174205.0,174205.0,174205.0,174205.0,174205.0,174205.0,174205.0,174205.0,174205.0,174205.0,174205.0,174205.0,174205.0,174205.0,174205.0,174205.0,174205.0,174205.0,174205.0,174205.0,174205.0,174205.0,174205.0,174205.0,174205.0,174205.0,174205.0,174205.0,174205.0,174205.0,174205.0,174205.0,174205.0,174205.0,174205.0,174205.0,174205.0,174205.0,174205.0,174205.0,174205.0,174205.0,174205.0,174205.0,174205.0,174205.0,174205.0,174205.0,174205.0,174205.0,174205.0,174205.0,174205.0,,,,,,,,,174205.0,174205.0,174205.0,174205.0,174205.0,174205.0,174205.0,174205.0,174205.0,174205.0,174205.0,174205.0,174205.0,174205.0,174205.0,174205.0,174205.0,174205.0,174205.0,174205.0,174205.0,174205.0,174205.0,174205.0,174205.0,174205.0,174205.0,174205.0,174205.0,174205.0,174205.0,174205.0,174205.0,174205.0,174205.0,174205.0,174205.0,174205.0,174205.0,174205.0,174205.0,174205.0,174205.0,174205.0,174205.0,174205.0,174205.0,174205.0,174205.0,174205.0,174205.0,174205.0,174205.0,174205.0,174205.0,174205.0,174205.0,174205.0,174205.0,174205.0,174205.0,174205.0,174205.0,174205.0,174205.0,174205.0,174205.0,174205.0,174205.0,174205.0,174205.0,174205
oNZb6zqPF0o,325852.0,325940.0,326040.0,326128.0,326244.0,326363.0,326476.0,326611.0,326721.0,326801.0,326918.0,327020.0,327112.0,327215.0,327314.0,327409.0,327490.0,327583.0,327689.0,327776.0,327871.0,327978.0,328053.0,328159.0,328241.0,328324.0,328408.0,328502.0,328613.0,328746.0,328885.0,328998.0,329100.0,329218.0,329341.0,329444.0,329551.0,329653.0,329746.0,329832.0,329951.0,330035.0,330127.0,330238.0,330339.0,330404.0,330490.0,330574.0,330660.0,330752.0,330841.0,330926.0,330988.0,331069.0,331146.0,331245.0,331334.0,331406.0,331493.0,331583.0,331663.0,331737.0,331832.0,331904.0,332001.0,332083.0,332134.0,332219.0,332298.0,332395.0,332483.0,332577.0,332737.0,332857.0,332945.0,333043.0,333118.0,333197.0,333282.0,333337.0,333421.0,333495.0,333574.0,333655.0,333741.0,333820.0,333895.0,333976.0,334069.0,334146.0,334234.0,334323.0,334412.0,334495.0,334543.0,334647.0,334766.0,334835.0,334919.0,335029.0,335103.0,335179.0,335263.0,335350.0,335425.0,335526.0,335651.0,335738.0,335812.0,335900.0,335979.0,336059.0,336147.0,336230.0,336312.0,336402.0,336491.0,336592.0,336693.0,336794.0,336904.0,336991.0,337077.0,337172.0,337250.0,337331.0,337416.0,337529.0,337603.0,337660.0,337754.0,337845.0,337934.0,338017.0,,,,,,,,,338826.0,338883.0,338977.0,339072.0,339173.0,339258.0,339368.0,339459.0,339577.0,339693.0,339775.0,339916.0,340005.0,340116.0,340183.0,340243.0,340322.0,340412.0,340508.0,340602.0,340718.0,340814.0,340894.0,340986.0,341067.0,341168.0,341267.0,341339.0,341421.0,341504.0,341585.0,341669.0,341769.0,341838.0,341939.0,342013.0,342084.0,342166.0,342261.0,342371.0,342478.0,342574.0,342649.0,342722.0,342804.0,342930.0,343037.0,343152.0,343235.0,343318.0,343383.0,343463.0,343539.0,343637.0,343686.0,343755.0,343900.0,343989.0,344067.0,344132.0,344213.0,344312.0,344407.0,344469.0,344554.0,344632.0,344706.0,344794.0,344847.0,344912.0,344980.0,345060
6lJfP4guXD8,251232.0,251467.0,251726.0,251978.0,252229.0,252530.0,252810.0,253143.0,253447.0,253731.0,253987.0,254263.0,254517.0,254778.0,255088.0,255371.0,255628.0,255871.0,256106.0,256403.0,256654.0,256907.0,257144.0,257362.0,257554.0,257845.0,258051.0,258329.0,258594.0,258855.0,259082.0,259330.0,259565.0,259799.0,260050.0,260301.0,260550.0,260809.0,261086.0,261316.0,261540.0,261799.0,262017.0,262299.0,262530.0,262745.0,262927.0,263103.0,263309.0,263513.0,263723.0,263968.0,264184.0,264438.0,264690.0,264915.0,265143.0,265304.0,265545.0,265738.0,265944.0,266180.0,266400.0,266585.0,266803.0,266995.0,267173.0,267367.0,267542.0,267798.0,268009.0,268255.0,268449.0,268674.0,268888.0,269085.0,269289.0,269471.0,269675.0,269880.0,270086.0,270258.0,270471.0,270675.0,270895.0,271108.0,271287.0,271559.0,271825.0,272067.0,272284.0,272518.0,272774.0,272999.0,273224.0,273482.0,273691.0,273920.0,274161.0,274361.0,274633.0,274856.0,275075.0,275299.0,275473.0,275693.0,275906.0,276093.0,276297.0,276491.0,276731.0,276971.0,277127.0,277300.0,277486.0,277688.0,277876.0,278089.0,278318.0,278544.0,278736.0,278935.0,279128.0,279305.0,279523.0,279707.0,279916.0,280114.0,280349.0,280555.0,280827.0,281065.0,281318.0,281528.0,,,,,,,,,283308.0,283448.0,283593.0,283787.0,284056.0,284246.0,284404.0,284567.0,284725.0,284938.0,285130.0,285297.0,285482.0,285665.0,285811.0,285979.0,286148.0,286330.0,286543.0,286757.0,286953.0,287156.0,287290.0,287472.0,287660.0,287836.0,288047.0,288250.0,288430.0,288622.0,288804.0,288996.0,289215.0,289390.0,289537.0,289704.0,289903.0,290144.0,290344.0,290531.0,290703.0,290899.0,291063.0,291228.0,291429.0,291611.0,291808.0,292003.0,292192.0,292357.0,292502.0,292656.0,292841.0,293001.0,293154.0,293361.0,293520.0,293705.0,293826.0,293979.0,294151.0,294293.0,294415.0,294543.0,294666.0,294818.0,295021.0,295179.0,295354.0,295496.0,295631.0,295790
QxuDXwtVydA,80769.0,80793.0,80828.0,80857.0,80882.0,80905.0,80946.0,80982.0,81014.0,81047.0,81073.0,81089.0,81128.0,81158.0,81194.0,81219.0,81235.0,81256.0,81282.0,81315.0,81338.0,81377.0,81410.0,81444.0,81469.0,81497.0,81528.0,81553.0,81588.0,81615.0,81652.0,81671.0,81698.0,81723.0,81753.0,81784.0,81819.0,81861.0,81893.0,81918.0,81943.0,81981.0,82009.0,82034.0,82056.0,82084.0,82117.0,82143.0,82170.0,82200.0,82238.0,82263.0,82279.0,82298.0,82323.0,82347.0,82378.0,82415.0,82447.0,82470.0,82502.0,82531.0,82559.0,82581.0,82608.0,82641.0,82670.0,82698.0,82717.0,82756.0,82791.0,82835.0,82862.0,82882.0,82916.0,82947.0,82981.0,83053.0,83154.0,83366.0,83424.0,83492.0,83583.0,83656.0,83721.0,83774.0,83821.0,83870.0,83910.0,83934.0,83992.0,84023.0,84064.0,84102.0,84131.0,84165.0,84260.0,84309.0,84362.0,84408.0,84498.0,84556.0,84583.0,84628.0,84667.0,84702.0,84725.0,84754.0,84778.0,84803.0,84827.0,84861.0,84903.0,84954.0,84983.0,85011.0,85058.0,85104.0,85148.0,85193.0,85259.0,85317.0,85341.0,85366.0,85402.0,85427.0,85475.0,85526.0,85545.0,85568.0,85603.0,85642.0,85668.0,85711.0,,,,,,,,,86014.0,86030.0,86055.0,86076.0,86091.0,86128.0,86182.0,86200.0,86225.0,86247.0,86266.0,86295.0,86339.0,86363.0,86385.0,86400.0,86419.0,86446.0,86474.0,86490.0,86510.0,86532.0,86546.0,86560.0,86577.0,86599.0,86615.0,86634.0,86664.0,86688.0,86699.0,86712.0,86728.0,86752.0,86772.0,86813.0,86836.0,86875.0,86914.0,86942.0,86976.0,87004.0,87031.0,87054.0,87085.0,87115.0,87149.0,87180.0,87223.0,87250.0,87275.0,87303.0,87323.0,87360.0,87380.0,87400.0,87415.0,87441.0,87464.0,87490.0,87520.0,87542.0,87558.0,87590.0,87601.0,87627.0,87650.0,87675.0,87689.0,87712.0,87729.0,87749
jauwELmra_g,980.0,980.0,980.0,980.0,980.0,981.0,981.0,981.0,981.0,982.0,982.0,982.0,984.0,984.0,984.0,985.0,986.0,986.0,986.0,986.0,986.0,986.0,987.0,987.0,987.0,989.0,990.0,990.0,990.0,990.0,990.0,990.0,990.0,990.0,990.0,991.0,991.0,992.0,992.0,992.0,992.0,992.0,992.0,992.0,992.0,993.0,994.0,994.0,996.0,996.0,996.0,996.0,996.0,996.0,999.0,999.0,1000.0,1001.0,1003.0,1003.0,1003.0,1003.0,1005.0,1005.0,1005.0,1005.0,1006.0,1007.0,1008.0,1009.0,1009.0,1009.0,1009.0,1009.0,1009.0,1009.0,1009.0,1009.0,1011.0,1011.0,1012.0,1013.0,1015.0,1015.0,1015.0,1015.0,1016.0,1016.0,1016.0,1016.0,1016.0,1016.0,1016.0,1016.0,1016.0,1021.0,1021.0,1021.0,1021.0,1023.0,1024.0,1024.0,1024.0,1024.0,1024.0,1024.0,1024.0,1024.0,1025.0,1026.0,1026.0,1026.0,1026.0,1026.0,1026.0,1027.0,1028.0,1028.0,1028.0,1028.0,1028.0,1028.0,1028.0,1028.0,1028.0,1028.0,1028.0,1028.0,1028.0,1028.0,1028.0,1029.0,1029.0,1029.0,,,,,,,,,1029.0,1029.0,1029.0,1029.0,1029.0,1029.0,1029.0,1029.0,1029.0,1029.0,1029.0,1029.0,1029.0,1029.0,1029.0,1029.0,1029.0,1029.0,1029.0,1029.0,1029.0,1030.0,1031.0,1031.0,1031.0,1031.0,1031.0,1032.0,1032.0,1032.0,1033.0,1033.0,1033.0,1033.0,1033.0,1033.0,1033.0,1033.0,1033.0,1035.0,1035.0,1035.0,1035.0,1035.0,1035.0,1035.0,1035.0,1035.0,1035.0,1036.0,1036.0,1036.0,1036.0,1036.0,1037.0,1037.0,1037.0,1038.0,1038.0,1038.0,1038.0,1038.0,1038.0,1038.0,1038.0,1039.0,1039.0,1039.0,1039.0,1039.0,1041.0,1041
y4_hINcHMbg,2027.0,2027.0,2027.0,2029.0,2029.0,2029.0,2030.0,2030.0,2030.0,2030.0,2031.0,2031.0,2032.0,2032.0,2032.0,2033.0,2033.0,2033.0,2033.0,2034.0,2034.0,2034.0,2034.0,2034.0,2035.0,2036.0,2037.0,2037.0,2039.0,2039.0,2040.0,2040.0,2041.0,2041.0,2041.0,2043.0,2044.0,2045.0,2045.0,2045.0,2046.0,2049.0,2049.0,2049.0,2049.0,2050.0,2051.0,2051.0,2051.0,2053.0,2053.0,2053.0,2053.0,2054.0,2054.0,2054.0,2057.0,2058.0,2058.0,2058.0,2059.0,2061.0,2063.0,2064.0,2064.0,2065.0,2065.0,2065.0,2065.0,2065.0,2066.0,2067.0,2067.0,2067.0,2067.0,2068.0,2069.0,2069.0,2070.0,2072.0,2072.0,2073.0,2074.0,2074.0,2075.0,2076.0,2076.0,2076.0,2076.0,2076.0,2077.0,2078.0,2080.0,2082.0,2082.0,2083.0,2083.0,2083.0,2083.0,2084.0,2084.0,2084.0,2084.0,2085.0,2086.0,2086.0,2086.0,2087.0,2088.0,2088.0,2089.0,2090.0,2090.0,2090.0,2090.0,2091.0,2092.0,2093.0,2094.0,2095.0,2096.0,2097.0,2098.0,2099.0,2100.0,2101.0,2103.0,2103.0,2104.0,2104.0,2104.0,2104.0,2104.0,2104.0,,,,,,,,,2114.0,2116.0,2117.0,2117.0,2118.0,2120.0,2121.0,2121.0,2121.0,2122.0,2122.0,2123.0,2123.0,2124.0,2125.0,2126.0,2127.0,2127.0,2129.0,2135.0,2136.0,2138.0,2139.0,2139.0,2139.0,2139.0,2140.0,2141.0,2141.0,2142.0,2144.0,2145.0,2145.0,2145.0,2145.0,2145.0,2145.0,2145.0,2146.0,2148.0,2149.0,2148.0,2151.0,2152.0,2153.0,2153.0,2153.0,2153.0,2153.0,2154.0,2155.0,2155.0,2155.0,2155.0,2156.0,2156.0,2156.0,2157.0,2157.0,2158.0,2158.0,2158.0,2158.0,2158.0,2158.0,2158.0,2158.0,2158.0,2158.0,2159.0,2160.0,2160
vwWTwtXbrWE,139907.0,139934.0,139960.0,139989.0,140011.0,140036.0,140069.0,140118.0,140150.0,140177.0,140202.0,140233.0,140258.0,140276.0,140318.0,140345.0,140367.0,140398.0,140420.0,140450.0,140474.0,140511.0,140545.0,140565.0,140587.0,140619.0,140636.0,140664.0,140685.0,140720.0,140750.0,140772.0,140792.0,140813.0,140834.0,140852.0,140883.0,140911.0,140935.0,140951.0,140972.0,141004.0,141039.0,141063.0,141081.0,141105.0,141130.0,141158.0,141196.0,141225.0,141256.0,141278.0,141292.0,141323.0,141345.0,141371.0,141405.0,141430.0,141447.0,141462.0,141476.0,141505.0,141528.0,141546.0,141572.0,141594.0,141614.0,141648.0,141671.0,141697.0,141718.0,141746.0,141765.0,141786.0,141813.0,141839.0,141862.0,141891.0,141920.0,141936.0,141954.0,141972.0,142002.0,142029.0,142062.0,142093.0,142117.0,142145.0,142170.0,142189.0,142224.0,142261.0,142285.0,142307.0,142330.0,142355.0,142383.0,142411.0,142461.0,142507.0,142541.0,142561.0,142594.0,142621.0,142645.0,142674.0,142703.0,142724.0,142757.0,142783.0,142805.0,142834.0,142876.0,142917.0,142952.0,142977.0,143009.0,143049.0,143092.0,143129.0,143149.0,143173.0,143207.0,143237.0,143267.0,143298.0,143335.0,143362.0,143393.0,143411.0,143448.0,143485.0,143530.0,143568.0,,,,,,,,,143871.0,143905.0,143939.0,143961.0,143997.0,144031.0,144072.0,144103.0,144129.0,144160.0,144197.0,144242.0,144289.0,144328.0,144362.0,144385.0,144413.0,144452.0,144474.0,144499.0,144521.0,144546.0,144563.0,144582.0,144615.0,144639.0,144666.0,144688.0,144714.0,144726.0,144751.0,144778.0,144797.0,144813.0,144829.0,144861.0,144877.0,144915.0,144937.0,144971.0,145008.0,145044.0,145074.0,145102.0,145131.0,145160.0,145182.0,145209.0,145237.0,145260.0,145280.0,145303.0,145325.0,145345.0,145359.0,145382.0,145410.0,145433.0,145454.0,145482.0,145503.0,145518.0,145545.0,145572.0,145594.0,145608.0,145627.0,145653.0,145667.0,145689.0,145701.0,145722
OZ9GxjCpTxo,153996.0,154002.0,154004.0,154009.0,154014.0,154024.0,154027.0,154031.0,154036.0,154043.0,154055.0,154063.0,154069.0,154072.0,154079.0,154082.0,154090.0,154097.0,154101.0,154109.0,154113.0,154115.0,154118.0,154123.0,154130.0,154134.0,154137.0,154141.0,154144.0,154147.0,154154.0,154156.0,154162.0,154169.0,154175.0,154183.0,154188.0,154190.0,154194.0,154197.0,154199.0,154201.0,154207.0,154212.0,154215.0,154220.0,154222.0,154227.0,154230.0,154232.0,154235.0,154239.0,154251.0,154254.0,154257.0,154258.0,154260.0,154264.0,154271.0,154274.0,154279.0,154284.0,154287.0,154292.0,154298.0,154300.0,154305.0,154309.0,154310.0,154313.0,154315.0,154319.0,154330.0,154336.0,154349.0,154354.0,154358.0,154368.0,154373.0,154379.0,154388.0,154394.0,154397.0,154401.0,154407.0,154408.0,154413.0,154424.0,154430.0,154438.0,154441.0,154444.0,154451.0,154454.0,154464.0,154469.0,154471.0,154474.0,154475.0,154480.0,154488.0,154491.0,154501.0,154503.0,154509.0,154516.0,154522.0,154526.0,154527.0,154531.0,154535.0,154537.0,154544.0,154551.0,154554.0,154554.0,154556.0,154560.0,154561.0,154565.0,154569.0,154578.0,154585.0,154589.0,154592.0,154600.0,154603.0,154612.0,154615.0,154619.0,154625.0,154629.0,154638.0,154643.0,,,,,,,,,154694.0,154701.0,154707.0,154710.0,154711.0,154721.0,154728.0,154732.0,154747.0,154752.0,154759.0,154768.0,154774.0,154783.0,154788.0,154798.0,154802.0,154809.0,154814.0,154819.0,154823.0,154827.0,154828.0,154835.0,154835.0,154840.0,154847.0,154850.0,154852.0,154854.0,154862.0,154865.0,154871.0,154875.0,154880.0,154884.0,154889.0,154892.0,154898.0,154903.0,154907.0,154912.0,154915.0,154920.0,154929.0,154934.0,154935.0,154940.0,154948.0,154949.0,154957.0,154962.0,154966.0,154971.0,154973.0,154975.0,154977.0,154979.0,154979.0,154984.0,154989.0,154990.0,154994.0,155003.0,155004.0,155008.0,155011.0,155013.0,155017.0,155019.0,155023.0,155025
A9ugSyLpSy4,434698.0,434926.0,435124.0,435264.0,435466.0,435685.0,435901.0,436130.0,436315.0,436526.0,436684.0,436906.0,437099.0,437286.0,437464.0,437689.0,437869.0,438039.0,438208.0,438417.0,438603.0,438788.0,438975.0,439130.0,439267.0,439439.0,439606.0,439779.0,439956.0,440133.0,440292.0,440418.0,440589.0,440736.0,440918.0,441088.0,441255.0,441398.0,441496.0,441612.0,441745.0,441901.0,442070.0,442227.0,442332.0,442427.0,442582.0,442749.0,442923.0,443052.0,443222.0,443328.0,443419.0,443530.0,443650.0,443786.0,443938.0,444088.0,444234.0,444353.0,444459.0,444635.0,444778.0,444951.0,445084.0,445207.0,445289.0,445439.0,445540.0,445718.0,445877.0,446007.0,446153.0,446278.0,446434.0,446594.0,446729.0,446899.0,447072.0,447250.0,447371.0,447539.0,447740.0,447907.0,448069.0,448223.0,448374.0,448486.0,448656.0,448873.0,449052.0,449220.0,449379.0,449518.0,449627.0,449813.0,450031.0,450264.0,450465.0,450646.0,450825.0,450983.0,451173.0,451329.0,451516.0,451711.0,451871.0,451982.0,452074.0,452247.0,452434.0,452575.0,452731.0,452888.0,453041.0,453175.0,453352.0,453541.0,453737.0,453988.0,454186.0,454326.0,454470.0,454617.0,454767.0,454931.0,455126.0,455278.0,455439.0,455613.0,455770.0,455943.0,456129.0,456369.0,,,,,,,,,458377.0,458591.0,458784.0,458991.0,459228.0,459434.0,459688.0,459878.0,460062.0,460308.0,460551.0,460823.0,461083.0,461326.0,461540.0,461709.0,461917.0,462113.0,462339.0,462551.0,462764.0,462937.0,463080.0,463246.0,463443.0,463651.0,463865.0,464094.0,464284.0,464448.0,464666.0,464858.0,465074.0,465254.0,465462.0,465607.0,465750.0,465964.0,466185.0,466365.0,466528.0,466733.0,466894.0,467022.0,467204.0,467365.0,467564.0,467751.0,467918.0,468054.0,468154.0,468297.0,468462.0,468606.0,468758.0,468900.0,469041.0,469186.0,469335.0,469498.0,469648.0,469804.0,469958.0,470087.0,470221.0,470388.0,470563.0,470721.0,470845.0,470990.0,471112.0,471221
--SrrqLfWNc,1437131.0,1437174.0,1437225.0,1437268.0,1437321.0,1437373.0,1437415.0,1437466.0,1437533.0,1437594.0,1437666.0,1437720.0,1437783.0,1437831.0,1437897.0,1437937.0,1437986.0,1438034.0,1438083.0,1438141.0,1438211.0,1438268.0,1438311.0,1438358.0,1438421.0,1438480.0,1438529.0,1438598.0,1438648.0,1438692.0,1438726.0,1438786.0,1438833.0,1438901.0,1438965.0,1439043.0,1439105.0,1439154.0,1439206.0,1439270.0,1439307.0,1439365.0,1439427.0,1439493.0,1439560.0,1439629.0,1439728.0,1439802.0,1439880.0,1439937.0,1440007.0,1440075.0,1440154.0,1440213.0,1440275.0,1440352.0,1440400.0,1440439.0,1440496.0,1440550.0,1440592.0,1440649.0,1440708.0,1440758.0,1440828.0,1440871.0,1440913.0,1440965.0,1441013.0,1441063.0,1441116.0,1441152.0,1441204.0,1441258.0,1441343.0,1441409.0,1441493.0,1441546.0,1441592.0,1441645.0,1441700.0,1441753.0,1441807.0,1441874.0,1441928.0,1441990.0,1442037.0,1442089.0,1442137.0,1442198.0,1442240.0,1442279.0,1442321.0,1442360.0,1442410.0,1442448.0,1442483.0,1442519.0,1442563.0,1442613.0,1442675.0,1442731.0,1442792.0,1442837.0,1442891.0,1442954.0,1442991.0,1443021.0,1443087.0,1443117.0,1443159.0,1443210.0,1443266.0,1443318.0,1443361.0,1443406.0,1443441.0,1443481.0,1443512.0,1443564.0,1443608.0,1443674.0,1443713.0,1443734.0,1443776.0,1443838.0,1443900.0,1443944.0,1443999.0,1444049.0,1444087.0,1444156.0,1444219.0,1444260.0,,,,,,,,,1444671.0,1444713.0,1444789.0,1444835.0,1444864.0,1444907.0,1444938.0,1444979.0,1445036.0,1445115.0,1445182.0,1445268.0,1445350.0,1445424.0,1445502.0,1445604.0,1445665.0,1445735.0,1445804.0,1445865.0,1445909.0,1445952.0,1445995.0,1446034.0,1446073.0,1446120.0,1446155.0,1446192.0,1446237.0,1446277.0,1446318.0,1446355.0,1446384.0,1446419.0,1446450.0,1446481.0,1446512.0,1446536.0,1446580.0,1446628.0,1446660.0,1446701.0,1446736.0,1446773.0,1446810.0,1446863.0,1446892.0,1446939.0,1446973.0,1447003.0,1447047.0,1447080.0,1447112.0,1447137.0,1447172.0,1447204.0,1447248.0,1447278.0,1447322.0,1447351.0,1447392.0,1447411.0,1447438.0,1447461.0,1447488.0,1447545.0,1447590.0,1447639.0,1447686.0,1447729.0,1447766.0,1447803
xIb54uGe0Y8,840602.0,840618.0,840649.0,840695.0,840727.0,840769.0,840815.0,840842.0,840891.0,840930.0,840959.0,841000.0,841044.0,841079.0,841119.0,841150.0,841191.0,841223.0,841246.0,841291.0,841331.0,841355.0,841389.0,841417.0,841446.0,841492.0,841529.0,841558.0,841592.0,841629.0,841665.0,841711.0,841771.0,841804.0,841848.0,841884.0,841923.0,841970.0,842003.0,842049.0,842096.0,842131.0,842156.0,842204.0,842265.0,842316.0,842355.0,842391.0,842432.0,842483.0,842520.0,842555.0,842586.0,842619.0,842645.0,842684.0,842714.0,842741.0,842768.0,842811.0,842863.0,842899.0,842937.0,842976.0,843004.0,843032.0,843064.0,843102.0,843133.0,843178.0,843212.0,843246.0,843290.0,843325.0,843362.0,843422.0,843454.0,843498.0,843524.0,843568.0,843619.0,843658.0,843683.0,843713.0,843734.0,843761.0,843804.0,843829.0,843858.0,843883.0,843911.0,843945.0,843975.0,844003.0,844036.0,844059.0,844093.0,844124.0,844149.0,844173.0,844196.0,844221.0,844253.0,844283.0,844309.0,844335.0,844364.0,844388.0,844408.0,844433.0,844466.0,844490.0,844516.0,844540.0,844557.0,844574.0,844600.0,844613.0,844641.0,844671.0,844702.0,844737.0,844783.0,844815.0,844849.0,844885.0,844929.0,844969.0,845002.0,845029.0,845052.0,845090.0,845118.0,845154.0,,,,,,,,,845484.0,845524.0,845559.0,845583.0,845613.0,845651.0,845682.0,845712.0,845752.0,845818.0,845861.0,845904.0,845939.0,845975.0,846011.0,846048.0,846090.0,846124.0,846171.0,846199.0,846236.0,846272.0,846305.0,846336.0,846372.0,846417.0,846459.0,846485.0,846502.0,846531.0,846564.0,846591.0,846620.0,846648.0,846674.0,846693.0,846722.0,846750.0,846777.0,846810.0,846845.0,846868.0,846896.0,846929.0,846946.0,846988.0,847012.0,847054.0,847086.0,847111.0,847137.0,847164.0,847200.0,847232.0,847259.0,847285.0,847310.0,847326.0,847355.0,847383.0,847430.0,847465.0,847506.0,847537.0,847565.0,847591.0,847626.0,847654.0,847683.0,847712.0,847733.0,847764
fl2yjhJV56Q,11120.0,11122.0,11126.0,11127.0,11128.0,11132.0,11134.0,11137.0,11139.0,11142.0,11142.0,11143.0,11143.0,11146.0,11148.0,11150.0,11153.0,11153.0,11155.0,11157.0,11157.0,11158.0,11159.0,11160.0,11161.0,11164.0,11168.0,11171.0,11171.0,11171.0,11172.0,11174.0,11176.0,11180.0,11182.0,11182.0,11184.0,11185.0,11186.0,11186.0,11186.0,11187.0,11191.0,11194.0,11195.0,11196.0,11199.0,11202.0,11203.0,11204.0,11207.0,11211.0,11210.0,11210.0,11217.0,11219.0,11220.0,11221.0,11223.0,11226.0,11226.0,11228.0,11229.0,11230.0,11230.0,11230.0,11231.0,11233.0,11233.0,11233.0,11235.0,11239.0,11239.0,11240.0,11241.0,11241.0,11243.0,11246.0,11248.0,11250.0,11254.0,11254.0,11255.0,11259.0,11259.0,11261.0,11263.0,11267.0,11271.0,11272.0,11273.0,11273.0,11275.0,11277.0,11278.0,11279.0,11281.0,11282.0,11283.0,11283.0,11283.0,11284.0,11287.0,11291.0,11296.0,11298.0,11299.0,11305.0,11309.0,11315.0,11320.0,11325.0,11328.0,11334.0,11336.0,11339.0,11342.0,11348.0,11355.0,11361.0,11362.0,11370.0,11375.0,11379.0,11382.0,11384.0,11385.0,11385.0,11387.0,11390.0,11391.0,11398.0,11402.0,11405.0,,,,,,,,,11440.0,11447.0,11453.0,11458.0,11460.0,11464.0,11464.0,11467.0,11468.0,11472.0,11477.0,11484.0,11484.0,11491.0,11495.0,11496.0,11499.0,11501.0,11503.0,11507.0,11509.0,11513.0,11514.0,11518.0,11520.0,11524.0,11526.0,11526.0,11526.0,11527.0,11529.0,11530.0,11532.0,11535.0,11535.0,11535.0,11540.0,11541.0,11541.0,11544.0,11544.0,11545.0,11546.0,11549.0,11554.0,11554.0,11555.0,11555.0,11563.0,11565.0,11568.0,11569.0,11571.0,11573.0,11576.0,11576.0,11579.0,11579.0,11583.0,11585.0,11586.0,11588.0,11589.0,11592.0,11592.0,11596.0,11596.0,11600.0,11601.0,11603.0,11603.0,11604
7Pb0JVdJ8xI,12794.0,12808.0,12830.0,12847.0,12885.0,12919.0,12959.0,12979.0,12992.0,13010.0,13022.0,13036.0,13048.0,13061.0,13072.0,13088.0,13120.0,13137.0,13153.0,13172.0,13197.0,13214.0,13225.0,13234.0,13243.0,13255.0,13268.0,13275.0,13286.0,13295.0,13302.0,13317.0,13325.0,13350.0,13374.0,13395.0,13406.0,13414.0,13417.0,13426.0,13441.0,13467.0,13493.0,13517.0,13545.0,13553.0,13563.0,13580.0,13591.0,13603.0,13613.0,13636.0,13667.0,13678.0,13697.0,13711.0,13720.0,13731.0,13749.0,13756.0,13765.0,13774.0,13781.0,13795.0,13806.0,13816.0,13824.0,13836.0,13843.0,13853.0,13863.0,13872.0,13882.0,13896.0,13905.0,13917.0,13924.0,13937.0,13949.0,13958.0,13968.0,13976.0,13987.0,14000.0,14012.0,14020.0,14036.0,14048.0,14067.0,14090.0,14095.0,14103.0,14119.0,14129.0,14133.0,14148.0,14161.0,14170.0,14182.0,14189.0,14196.0,14203.0,14209.0,14225.0,14240.0,14249.0,14257.0,14270.0,14274.0,14281.0,14299.0,14308.0,14329.0,14343.0,14354.0,14377.0,14402.0,14416.0,14427.0,14440.0,14452.0,14472.0,14485.0,14504.0,14505.0,14515.0,14538.0,14565.0,14575.0,14584.0,14604.0,14615.0,14621.0,14629.0,,,,,,,,,14729.0,14743.0,14751.0,14772.0,14779.0,14793.0,14803.0,14814.0,14832.0,14850.0,14872.0,14890.0,14918.0,14934.0,14942.0,14956.0,14974.0,14992.0,15005.0,15019.0,15030.0,15052.0,15063.0,15073.0,15084.0,15100.0,15108.0,15124.0,15133.0,15142.0,15147.0,15156.0,15165.0,15184.0,15193.0,15204.0,15213.0,15216.0,15222.0,15233.0,15243.0,15260.0,15281.0,15290.0,15303.0,15323.0,15332.0,15348.0,15351.0,15359.0,15363.0,15371.0,15382.0,15395.0,15406.0,15420.0,15430.0,15436.0,15451.0,15456.0,15471.0,15480.0,15484.0,15494.0,15498.0,15504.0,15514.0,15528.0,15536.0,15546.0,15554.0,15565
WfzZZSyNBr4,12355.0,12367.0,12371.0,12375.0,12384.0,12395.0,12411.0,12421.0,12433.0,12441.0,12446.0,12462.0,12466.0,12483.0,12497.0,12510.0,12523.0,12535.0,12545.0,12555.0,12561.0,12571.0,12579.0,12588.0,12594.0,12602.0,12607.0,12617.0,12627.0,12640.0,12647.0,12652.0,12667.0,12675.0,12685.0,12698.0,12708.0,12718.0,12724.0,12739.0,12747.0,12765.0,12773.0,12789.0,12806.0,12815.0,12830.0,12843.0,12860.0,12873.0,12883.0,12907.0,12923.0,12932.0,12950.0,12963.0,12990.0,13024.0,13044.0,13054.0,13073.0,13091.0,13112.0,13130.0,13143.0,13156.0,13165.0,13175.0,13190.0,13208.0,13227.0,13235.0,13241.0,13259.0,13273.0,13281.0,13293.0,13312.0,13327.0,13338.0,13355.0,13366.0,13374.0,13379.0,13396.0,13417.0,13433.0,13443.0,13453.0,13468.0,13481.0,13499.0,13509.0,13516.0,13523.0,13533.0,13543.0,13547.0,13559.0,13569.0,13579.0,13588.0,13602.0,13619.0,13632.0,13636.0,13652.0,13672.0,13684.0,13699.0,13711.0,13728.0,13736.0,13742.0,13748.0,13753.0,13760.0,13763.0,13770.0,13774.0,13778.0,13784.0,13791.0,13794.0,13796.0,13799.0,13805.0,13810.0,13818.0,13823.0,13830.0,13839.0,13843.0,13842.0,,,,,,,,,13901.0,13905.0,13906.0,13916.0,13921.0,13933.0,13938.0,13951.0,13962.0,13969.0,13980.0,13987.0,13996.0,14012.0,14029.0,14032.0,14038.0,14045.0,14052.0,14059.0,14069.0,14079.0,14083.0,14088.0,14093.0,14096.0,14101.0,14108.0,14121.0,14129.0,14135.0,14142.0,14144.0,14150.0,14159.0,14163.0,14167.0,14219.0,14304.0,14313.0,14320.0,14327.0,14336.0,14343.0,14352.0,14357.0,14360.0,14369.0,14375.0,14379.0,14383.0,14393.0,14394.0,14400.0,14405.0,14408.0,14411.0,14413.0,14416.0,14418.0,14425.0,14429.0,14435.0,14440.0,14442.0,14442.0,14452.0,14456.0,14457.0,14459.0,14463.0,14468
cw2REzAZfA8,5294.0,5299.0,5306.0,5310.0,5312.0,5316.0,5323.0,5331.0,5351.0,5380.0,5385.0,5392.0,5411.0,5436.0,5446.0,5451.0,5465.0,5501.0,5509.0,5515.0,5515.0,5520.0,5526.0,5538.0,5564.0,5569.0,5575.0,5585.0,5592.0,5594.0,5597.0,5626.0,5650.0,5660.0,5665.0,5672.0,5679.0,5686.0,5690.0,5700.0,5711.0,5718.0,5724.0,5735.0,5739.0,5746.0,5747.0,5753.0,5758.0,5762.0,5768.0,5775.0,5779.0,5788.0,5791.0,5795.0,5801.0,5810.0,5820.0,5823.0,5831.0,5840.0,5861.0,5904.0,5913.0,5932.0,5939.0,5941.0,5955.0,5961.0,5968.0,5974.0,5978.0,5985.0,5990.0,5993.0,6002.0,6021.0,6060.0,6066.0,6072.0,6079.0,6083.0,6088.0,6091.0,6101.0,6110.0,6116.0,6124.0,6129.0,6136.0,6143.0,6148.0,6154.0,6160.0,6170.0,6179.0,6186.0,6194.0,6197.0,6199.0,6203.0,6211.0,6214.0,6219.0,6224.0,6234.0,6237.0,6241.0,6249.0,6266.0,6270.0,6277.0,6280.0,6283.0,6286.0,6301.0,6327.0,6361.0,6377.0,6395.0,6429.0,6447.0,6451.0,6458.0,6458.0,6458.0,6458.0,6458.0,6458.0,6458.0,6458.0,6458.0,6458.0,,,,,,,,,6458.0,6458.0,6458.0,6458.0,6458.0,6458.0,6458.0,6458.0,6458.0,6458.0,6458.0,6458.0,6458.0,6458.0,6458.0,6458.0,6458.0,6458.0,6458.0,6458.0,6458.0,6458.0,6458.0,6458.0,6458.0,6458.0,6458.0,6458.0,6458.0,6458.0,6458.0,6458.0,6458.0,6458.0,6458.0,6458.0,6458.0,6458.0,6458.0,6458.0,6458.0,6458.0,6458.0,6458.0,6458.0,6458.0,6458.0,6458.0,6458.0,6458.0,6458.0,6458.0,6458.0,6458.0,6458.0,6458.0,6458.0,6458.0,6458.0,6458.0,6458.0,6458.0,6458.0,6458.0,6458.0,6458.0,6458.0,6458.0,6458.0,6458.0,6458.0,6458
UUR23y7wdms,598.0,598.0,598.0,598.0,599.0,599.0,600.0,600.0,600.0,600.0,600.0,600.0,600.0,600.0,600.0,601.0,601.0,601.0,601.0,601.0,601.0,601.0,601.0,601.0,601.0,601.0,601.0,601.0,601.0,601.0,601.0,601.0,601.0,602.0,602.0,602.0,602.0,603.0,603.0,603.0,603.0,604.0,604.0,605.0,605.0,605.0,605.0,605.0,605.0,605.0,605.0,605.0,605.0,605.0,607.0,607.0,607.0,607.0,607.0,607.0,607.0,608.0,608.0,608.0,609.0,609.0,609.0,609.0,609.0,610.0,610.0,610.0,610.0,610.0,610.0,610.0,610.0,610.0,611.0,611.0,611.0,611.0,611.0,611.0,611.0,611.0,611.0,612.0,612.0,613.0,613.0,614.0,614.0,615.0,616.0,616.0,616.0,616.0,616.0,616.0,617.0,617.0,618.0,618.0,619.0,619.0,621.0,621.0,621.0,621.0,621.0,622.0,622.0,622.0,622.0,622.0,622.0,624.0,624.0,625.0,625.0,623.0,622.0,622.0,622.0,622.0,623.0,623.0,623.0,623.0,623.0,623.0,623.0,623.0,,,,,,,,,624.0,624.0,624.0,624.0,624.0,624.0,624.0,624.0,626.0,628.0,628.0,628.0,628.0,629.0,629.0,629.0,629.0,629.0,629.0,629.0,629.0,629.0,629.0,630.0,630.0,630.0,630.0,630.0,631.0,631.0,631.0,631.0,631.0,632.0,632.0,632.0,632.0,632.0,633.0,635.0,636.0,636.0,636.0,636.0,636.0,637.0,638.0,638.0,638.0,639.0,638.0,639.0,639.0,639.0,640.0,641.0,641.0,642.0,642.0,643.0,644.0,645.0,645.0,646.0,646.0,646.0,647.0,647.0,647.0,647.0,648.0,648
I4x1S2AERQI,36119.0,36122.0,36124.0,36126.0,36129.0,36132.0,36138.0,36143.0,36145.0,36147.0,36152.0,36154.0,36155.0,36156.0,36158.0,36160.0,36163.0,36164.0,36164.0,36172.0,36174.0,36174.0,36177.0,36183.0,36185.0,36188.0,36190.0,36193.0,36195.0,36195.0,36197.0,36199.0,36202.0,36204.0,36207.0,36208.0,36211.0,36216.0,36216.0,36223.0,36225.0,36231.0,36233.0,36237.0,36240.0,36242.0,36244.0,36249.0,36254.0,36256.0,36257.0,36261.0,36262.0,36265.0,36265.0,36268.0,36276.0,36277.0,36279.0,36284.0,36286.0,36289.0,36289.0,36289.0,36290.0,36291.0,36296.0,36301.0,36301.0,36304.0,36306.0,36307.0,36311.0,36316.0,36318.0,36322.0,36323.0,36324.0,36324.0,36325.0,36327.0,36328.0,36330.0,36333.0,36334.0,36334.0,36337.0,36337.0,36339.0,36341.0,36344.0,36344.0,36345.0,36347.0,36347.0,36349.0,36352.0,36353.0,36355.0,36356.0,36360.0,36362.0,36364.0,36365.0,36368.0,36371.0,36371.0,36372.0,36374.0,36376.0,36378.0,36380.0,36384.0,36388.0,36389.0,36390.0,36392.0,36392.0,36392.0,36394.0,36398.0,36400.0,36404.0,36405.0,36408.0,36410.0,36413.0,36415.0,36424.0,36427.0,36432.0,36436.0,36442.0,36445.0,,,,,,,,,36465.0,36466.0,36467.0,36467.0,36470.0,36472.0,36474.0,36475.0,36477.0,36478.0,36478.0,36480.0,36484.0,36484.0,36484.0,36486.0,36489.0,36491.0,36490.0,36490.0,36491.0,36492.0,36496.0,36497.0,36498.0,36503.0,36504.0,36504.0,36504.0,36506.0,36509.0,36509.0,36509.0,36510.0,36513.0,36516.0,36517.0,36517.0,36520.0,36521.0,36524.0,36528.0,36529.0,36532.0,36533.0,36533.0,36535.0,36539.0,36544.0,36545.0,36549.0,36550.0,36552.0,36554.0,36554.0,36556.0,36557.0,36558.0,36560.0,36562.0,36564.0,36565.0,36567.0,36568.0,36568.0,36568.0,36570.0,36573.0,36575.0,36577.0,36579.0,36580
2CRLXrwy9dU,66423.0,66427.0,66431.0,66436.0,66439.0,66441.0,66446.0,66451.0,66456.0,66462.0,66465.0,66476.0,66477.0,66483.0,66495.0,66518.0,66531.0,66538.0,66545.0,66559.0,66577.0,66580.0,66584.0,66598.0,66605.0,66610.0,66621.0,66633.0,66646.0,66660.0,66666.0,66676.0,66687.0,66694.0,66702.0,66707.0,66712.0,66716.0,66721.0,66727.0,66734.0,66739.0,66741.0,66744.0,66751.0,66753.0,66763.0,66768.0,66771.0,66777.0,66787.0,66793.0,66798.0,66806.0,66810.0,66815.0,66819.0,66825.0,66831.0,66840.0,66842.0,66844.0,66859.0,66865.0,66869.0,66875.0,66888.0,66899.0,66905.0,66914.0,66919.0,66936.0,66942.0,66950.0,66956.0,66964.0,66976.0,66983.0,66987.0,66991.0,66994.0,66997.0,67003.0,67008.0,67016.0,67024.0,67032.0,67039.0,67044.0,67049.0,67053.0,67060.0,67068.0,67073.0,67076.0,67079.0,67081.0,67083.0,67089.0,67098.0,67106.0,67112.0,67118.0,67131.0,67139.0,67151.0,67163.0,67171.0,67186.0,67202.0,67203.0,67213.0,67219.0,67222.0,67227.0,67233.0,67238.0,67239.0,67242.0,67246.0,67246.0,67250.0,67255.0,67264.0,67266.0,67270.0,67274.0,67277.0,67285.0,67288.0,67292.0,67296.0,67297.0,67301.0,,,,,,,,,67355.0,67358.0,67365.0,67368.0,67374.0,67380.0,67384.0,67390.0,67394.0,67398.0,67401.0,67407.0,67413.0,67421.0,67427.0,67430.0,67433.0,67436.0,67441.0,67443.0,67447.0,67447.0,67449.0,67453.0,67455.0,67457.0,67463.0,67465.0,67466.0,67468.0,67470.0,67473.0,67475.0,67483.0,67485.0,67488.0,67491.0,67492.0,67492.0,67500.0,67502.0,67506.0,67508.0,67514.0,67518.0,67517.0,67521.0,67524.0,67524.0,67527.0,67532.0,67533.0,67539.0,67544.0,67547.0,67551.0,67553.0,67556.0,67564.0,67564.0,67566.0,67562.0,67569.0,67571.0,67574.0,67575.0,67583.0,67586.0,67589.0,67591.0,67596.0,67602
Oi9alsZg1_A,1191677.0,1192061.0,1192420.0,1192725.0,1193207.0,1193673.0,1194062.0,1194575.0,1194971.0,1195317.0,1195667.0,1196088.0,1196525.0,1196973.0,1197514.0,1198057.0,1198400.0,1198780.0,1199180.0,1199592.0,1200043.0,1200472.0,1200863.0,1201198.0,1201485.0,1201850.0,1202194.0,1202735.0,1203121.0,1203551.0,1203880.0,1204298.0,1204719.0,1205124.0,1205444.0,1205866.0,1206271.0,1206588.0,1206921.0,1207319.0,1207694.0,1208145.0,1208543.0,1208926.0,1209223.0,1209565.0,1209945.0,1210331.0,1210674.0,1211041.0,1211476.0,1211814.0,1212154.0,1212527.0,1212945.0,1213334.0,1213682.0,1214037.0,1214364.0,1214653.0,1214988.0,1215320.0,1215681.0,1216062.0,1216376.0,1216700.0,1217016.0,1217508.0,1217788.0,1218331.0,1218742.0,1219123.0,1219475.0,1219851.0,1220294.0,1220784.0,1221229.0,1221644.0,1222030.0,1222338.0,1222673.0,1223095.0,1223524.0,1223923.0,1224402.0,1224827.0,1225223.0,1225602.0,1225980.0,1226339.0,1226805.0,1227303.0,1227721.0,1228031.0,1228291.0,1228678.0,1229096.0,1229455.0,1229755.0,1230194.0,1230525.0,1230926.0,1231321.0,1231711.0,1232117.0,1232463.0,1232845.0,1233102.0,1233458.0,1233859.0,1234267.0,1234680.0,1235091.0,1235464.0,1235771.0,1236056.0,1236408.0,1236752.0,1237088.0,1237427.0,1237761.0,1238049.0,1238342.0,1238645.0,1238962.0,1239288.0,1239615.0,1240021.0,1240448.0,1240854.0,1241197.0,1241651.0,1241974.0,1242416.0,,,,,,,,,1246248.0,1246670.0,1247088.0,1247497.0,1247908.0,1248281.0,1248801.0,1249244.0,1249745.0,1250211.0,1250652.0,1251018.0,1251502.0,1252019.0,1252396.0,1252726.0,1253146.0,1253601.0,1254020.0,1254471.0,1254854.0,1255258.0,1255694.0,1256157.0,1256669.0,1257122.0,1257628.0,1258037.0,1258400.0,1258828.0,1259215.0,1259745.0,1260149.0,1260633.0,1261028.0,1261396.0,1261750.0,1262101.0,1262479.0,1262829.0,1263189.0,1263580.0,1263852.0,1264149.0,1264483.0,1264825.0,1265196.0,1265572.0,1265969.0,1266268.0,1266550.0,1266867.0,1267170.0,1267501.0,1267869.0,1268157.0,1268393.0,1268639.0,1268936.0,1269291.0,1269576.0,1269816.0,1270083.0,1270325.0,1270595.0,1270825.0,1271120.0,1271390.0,1271617.0,1271873.0,1272150.0,1272383
rCo_TmYbyRA,145352.0,145605.0,145946.0,146345.0,147110.0,147854.0,148327.0,148557.0,148845.0,149053.0,149256.0,149474.0,149692.0,149876.0,150101.0,150423.0,150718.0,150940.0,151287.0,151569.0,151767.0,151989.0,152282.0,152460.0,152565.0,152734.0,152952.0,153220.0,153598.0,153981.0,154200.0,154354.0,154570.0,154822.0,155087.0,155458.0,155770.0,155966.0,156228.0,156595.0,156930.0,157427.0,157877.0,158306.0,158624.0,158941.0,159393.0,160094.0,160813.0,161429.0,161952.0,162371.0,162682.0,162973.0,163414.0,163781.0,164191.0,164741.0,165090.0,165414.0,165739.0,166081.0,166470.0,166798.0,167136.0,167546.0,167919.0,168288.0,168515.0,168819.0,169165.0,169470.0,169661.0,169862.0,170156.0,170468.0,170805.0,171138.0,171297.0,171485.0,171691.0,171975.0,172217.0,172519.0,172811.0,173045.0,173309.0,173561.0,173892.0,174182.0,174460.0,174863.0,175253.0,175537.0,175838.0,176147.0,176581.0,177055.0,177494.0,177972.0,178326.0,178551.0,178882.0,179157.0,179415.0,179723.0,180016.0,180288.0,180494.0,180805.0,181079.0,181384.0,181726.0,182080.0,182406.0,182687.0,183059.0,183445.0,183829.0,184092.0,184298.0,184519.0,184709.0,184933.0,185182.0,185369.0,185643.0,185955.0,186259.0,186617.0,186978.0,187375.0,187760.0,188039.0,,,,,,,,,191850.0,192190.0,192552.0,193190.0,193890.0,194489.0,194917.0,195208.0,195715.0,196318.0,197127.0,197876.0,198503.0,199111.0,199607.0,200154.0,200905.0,201545.0,202010.0,202451.0,202858.0,203195.0,203496.0,203902.0,204313.0,204617.0,205026.0,205429.0,205694.0,205995.0,206366.0,206749.0,207133.0,207453.0,207802.0,208029.0,208307.0,208650.0,208991.0,209353.0,209716.0,210044.0,210288.0,210500.0,210758.0,211114.0,211484.0,211793.0,212119.0,212312.0,212561.0,212852.0,213107.0,213478.0,213788.0,214119.0,214337.0,214549.0,214790.0,215135.0,215404.0,215623.0,215812.0,215961.0,216181.0,216436.0,216765.0,216999.0,217174.0,217387.0,217571.0,217764
caQTPv3wlJI,130611.0,130611.0,130611.0,130611.0,130611.0,130611.0,130611.0,130611.0,130611.0,130611.0,130611.0,130611.0,130611.0,130611.0,130611.0,130611.0,130611.0,130611.0,130611.0,130611.0,130611.0,130611.0,130611.0,130611.0,130611.0,130611.0,130611.0,130611.0,130611.0,130611.0,130611.0,130611.0,130611.0,130611.0,130611.0,130611.0,130611.0,130611.0,130611.0,130611.0,130611.0,130611.0,130611.0,130611.0,130611.0,130611.0,130611.0,130611.0,130611.0,130611.0,130611.0,130611.0,130611.0,130611.0,130611.0,130611.0,130611.0,130611.0,130611.0,130611.0,130611.0,130611.0,130611.0,130611.0,130611.0,130611.0,130611.0,130611.0,130611.0,130611.0,130611.0,130611.0,130611.0,130611.0,130611.0,130611.0,130611.0,130611.0,130611.0,130611.0,130611.0,130611.0,130611.0,130611.0,130611.0,130611.0,130611.0,130611.0,130611.0,130611.0,130611.0,130611.0,130611.0,130611.0,130611.0,130611.0,130611.0,130611.0,130611.0,130611.0,130611.0,130611.0,130611.0,130611.0,130611.0,130611.0,130611.0,130611.0,130611.0,130611.0,130611.0,130611.0,130611.0,130611.0,130611.0,130611.0,130611.0,130611.0,130611.0,130611.0,130611.0,130611.0,130611.0,130611.0,130611.0,130611.0,130611.0,130611.0,130611.0,130611.0,130611.0,130611.0,130611.0,130611.0,,,,,,,,,130611.0,130611.0,130611.0,130611.0,130611.0,130611.0,130611.0,130611.0,130611.0,130611.0,130611.0,130611.0,130611.0,130611.0,130611.0,130611.0,130611.0,130611.0,130611.0,130611.0,130611.0,130611.0,130611.0,130611.0,130611.0,130611.0,130611.0,130611.0,130611.0,130611.0,130611.0,130611.0,130611.0,130611.0,130611.0,130611.0,130611.0,130611.0,130611.0,130611.0,130611.0,130611.0,130611.0,130611.0,130611.0,130611.0,130611.0,130611.0,130611.0,130611.0,130611.0,130611.0,130611.0,130611.0,130611.0,130611.0,130611.0,130611.0,130611.0,130611.0,130611.0,130611.0,130611.0,130611.0,130611.0,130611.0,130611.0,130611.0,130611.0,130611.0,130611.0,130611
aJo4cFbK_bM,346319.0,346358.0,346403.0,346441.0,346487.0,346541.0,346609.0,346673.0,346730.0,346780.0,346843.0,346887.0,346948.0,346998.0,347047.0,347105.0,347150.0,347193.0,347231.0,347272.0,347311.0,347381.0,347438.0,347507.0,347559.0,347632.0,347692.0,347711.0,347757.0,347835.0,347902.0,347956.0,348004.0,348051.0,348077.0,348120.0,348182.0,348243.0,348278.0,348313.0,348349.0,348385.0,348447.0,348499.0,348553.0,348616.0,348669.0,348752.0,348811.0,348859.0,348920.0,348968.0,349015.0,349084.0,349145.0,349220.0,349257.0,349348.0,349418.0,349472.0,349532.0,349615.0,349692.0,349730.0,349792.0,349845.0,349908.0,349962.0,350020.0,350105.0,350170.0,350244.0,350291.0,350344.0,350391.0,350459.0,350516.0,350556.0,350623.0,350674.0,350736.0,350786.0,350838.0,350898.0,350943.0,351012.0,351064.0,351125.0,351174.0,351221.0,351264.0,351267.0,351310.0,351351.0,351391.0,351486.0,351557.0,351616.0,351687.0,351743.0,351796.0,351831.0,351884.0,351936.0,351977.0,352011.0,352064.0,352103.0,352163.0,352207.0,352254.0,352304.0,352353.0,352407.0,352455.0,352502.0,352545.0,352605.0,352664.0,352707.0,352773.0,352828.0,352888.0,352923.0,352984.0,353036.0,353079.0,353135.0,353186.0,353255.0,353322.0,353389.0,353429.0,353503.0,,,,,,,,,354055.0,354094.0,354143.0,354206.0,354262.0,354322.0,354383.0,354447.0,354512.0,354580.0,354631.0,354699.0,354791.0,354853.0,354929.0,354976.0,355037.0,355092.0,355105.0,355148.0,355212.0,355278.0,355357.0,355415.0,355453.0,355513.0,355564.0,355639.0,355686.0,355740.0,355797.0,355856.0,355924.0,355977.0,356026.0,356084.0,356144.0,356205.0,356278.0,356342.0,356401.0,356459.0,356528.0,356570.0,356617.0,356665.0,356717.0,356765.0,356822.0,356887.0,356938.0,357005.0,357077.0,357154.0,357229.0,357298.0,357344.0,357396.0,357458.0,357524.0,357576.0,357622.0,357685.0,357729.0,357758.0,357794.0,357839.0,357894.0,357951.0,358009.0,358060.0,358092
RaJfZ6tV5rQ,171381.0,171427.0,171477.0,171509.0,171564.0,171629.0,171692.0,171756.0,171816.0,171865.0,171915.0,171969.0,172024.0,172086.0,172144.0,172211.0,172262.0,172309.0,172365.0,172440.0,172495.0,172567.0,172652.0,172724.0,172767.0,172827.0,172888.0,172940.0,172999.0,173055.0,173105.0,173144.0,173195.0,173249.0,173301.0,173361.0,173416.0,173463.0,173509.0,173565.0,173616.0,173672.0,173720.0,173785.0,173840.0,173889.0,173952.0,174021.0,174088.0,174143.0,174200.0,174239.0,174283.0,174328.0,174377.0,174427.0,174477.0,174525.0,174565.0,174593.0,174634.0,174679.0,174738.0,174790.0,174828.0,174859.0,174889.0,174933.0,174988.0,175024.0,175063.0,175105.0,175147.0,175195.0,175246.0,175298.0,175343.0,175393.0,175445.0,175502.0,175531.0,175573.0,175621.0,175669.0,175711.0,175759.0,175800.0,175826.0,175876.0,175935.0,175980.0,176030.0,176074.0,176125.0,176174.0,176224.0,176278.0,176319.0,176362.0,176405.0,176445.0,176488.0,176531.0,176578.0,176628.0,176682.0,176735.0,176798.0,176841.0,176905.0,176946.0,177005.0,177065.0,177116.0,177171.0,177214.0,177262.0,177317.0,177382.0,177440.0,177508.0,177540.0,177581.0,177628.0,177670.0,177721.0,177777.0,177827.0,177868.0,177927.0,177982.0,178026.0,178088.0,178149.0,,,,,,,,,178689.0,178715.0,178758.0,178801.0,178851.0,178902.0,178963.0,179009.0,179048.0,179094.0,179171.0,179226.0,179284.0,179344.0,179387.0,179443.0,179510.0,179569.0,179624.0,179688.0,179732.0,179774.0,179813.0,179865.0,179919.0,179975.0,180023.0,180059.0,180093.0,180130.0,180170.0,180208.0,180254.0,180304.0,180351.0,180393.0,180414.0,180448.0,180488.0,180533.0,180585.0,180627.0,180668.0,180706.0,180746.0,180801.0,180874.0,180937.0,180990.0,181035.0,181063.0,181110.0,181153.0,181184.0,181234.0,181277.0,181320.0,181353.0,181393.0,181426.0,181467.0,181503.0,181542.0,181565.0,181589.0,181630.0,181680.0,181734.0,181777.0,181824.0,181868.0,181902
2L3z6ngqrrE,436980.0,437043.0,437087.0,437134.0,437185.0,437235.0,437294.0,437343.0,437380.0,437434.0,437492.0,437558.0,437629.0,437687.0,437728.0,437792.0,437846.0,437888.0,437933.0,437972.0,438032.0,438094.0,438152.0,438212.0,438272.0,438333.0,438387.0,438414.0,438446.0,438513.0,438564.0,438612.0,438661.0,438715.0,438784.0,438849.0,438909.0,438988.0,439062.0,439119.0,439158.0,439194.0,439264.0,439309.0,439377.0,439431.0,439482.0,439538.0,439586.0,439624.0,439675.0,439729.0,439779.0,439833.0,439881.0,439942.0,439982.0,440017.0,440070.0,440140.0,440185.0,440242.0,440293.0,440342.0,440412.0,440467.0,440533.0,440601.0,440647.0,440708.0,440762.0,440832.0,440881.0,440958.0,441027.0,441096.0,441159.0,441218.0,441281.0,441326.0,441377.0,441451.0,441494.0,441545.0,441576.0,441624.0,441686.0,441746.0,441825.0,441875.0,441943.0,441957.0,442018.0,442079.0,442145.0,442197.0,442271.0,442315.0,442395.0,442471.0,442536.0,442602.0,442656.0,442700.0,442749.0,442788.0,442846.0,442887.0,442936.0,443011.0,443071.0,443140.0,443184.0,443246.0,443329.0,443391.0,443449.0,443513.0,443591.0,443651.0,443702.0,443763.0,443831.0,443895.0,443949.0,443999.0,444061.0,444147.0,444222.0,444274.0,444342.0,444398.0,444445.0,444487.0,,,,,,,,,444959.0,445028.0,445081.0,445130.0,445197.0,445255.0,445324.0,445402.0,445489.0,445571.0,445632.0,445695.0,445753.0,445802.0,445883.0,445947.0,446010.0,446074.0,446105.0,446140.0,446199.0,446249.0,446301.0,446353.0,446389.0,446446.0,446495.0,446537.0,446584.0,446653.0,446727.0,446773.0,446821.0,446859.0,446914.0,446961.0,447031.0,447077.0,447125.0,447155.0,447192.0,447235.0,447302.0,447361.0,447420.0,447464.0,447524.0,447577.0,447632.0,447697.0,447755.0,447813.0,447879.0,447953.0,448016.0,448068.0,448122.0,448210.0,448276.0,448342.0,448432.0,448492.0,448552.0,448596.0,448629.0,448675.0,448747.0,448813.0,448881.0,448935.0,449021.0,449092
jyLEjvdG0D8,27088.0,27090.0,27093.0,27096.0,27097.0,27098.0,27105.0,27108.0,27112.0,27116.0,27119.0,27120.0,27122.0,27125.0,27128.0,27129.0,27131.0,27131.0,27136.0,27140.0,27142.0,27146.0,27149.0,27150.0,27153.0,27154.0,27156.0,27159.0,27163.0,27166.0,27168.0,27169.0,27173.0,27177.0,27179.0,27186.0,27189.0,27192.0,27194.0,27196.0,27197.0,27199.0,27203.0,27206.0,27209.0,27211.0,27213.0,27215.0,27218.0,27218.0,27220.0,27222.0,27223.0,27228.0,27228.0,27234.0,27234.0,27235.0,27236.0,27238.0,27243.0,27249.0,27254.0,27254.0,27260.0,27267.0,27268.0,27272.0,27274.0,27279.0,27282.0,27287.0,27295.0,27302.0,27310.0,27314.0,27316.0,27319.0,27322.0,27323.0,27323.0,27326.0,27329.0,27331.0,27334.0,27335.0,27335.0,27337.0,27338.0,27340.0,27345.0,27349.0,27350.0,27353.0,27355.0,27360.0,27362.0,27365.0,27368.0,27371.0,27374.0,27383.0,27390.0,27398.0,27404.0,27405.0,27411.0,27413.0,27416.0,27417.0,27420.0,27426.0,27430.0,27435.0,27439.0,27442.0,27444.0,27448.0,27453.0,27454.0,27457.0,27461.0,27464.0,27467.0,27470.0,27472.0,27475.0,27477.0,27479.0,27480.0,27484.0,27486.0,27487.0,27494.0,,,,,,,,,27523.0,27527.0,27531.0,27534.0,27537.0,27542.0,27544.0,27546.0,27548.0,27549.0,27553.0,27553.0,27557.0,27558.0,27561.0,27566.0,27570.0,27573.0,27574.0,27582.0,27582.0,27583.0,27583.0,27585.0,27588.0,27588.0,27593.0,27598.0,27601.0,27603.0,27603.0,27604.0,27606.0,27609.0,27609.0,27612.0,27613.0,27618.0,27618.0,27621.0,27626.0,27629.0,27635.0,27639.0,27642.0,27644.0,27649.0,27653.0,27656.0,27659.0,27661.0,27669.0,27671.0,27674.0,27675.0,27676.0,27680.0,27682.0,27687.0,27690.0,27692.0,27698.0,27699.0,27701.0,27705.0,27706.0,27716.0,27722.0,27726.0,27728.0,27732.0,27734
HC0erLNgVzE,1379.0,1380.0,1380.0,1381.0,1381.0,1381.0,1381.0,1381.0,1381.0,1381.0,1381.0,1381.0,1381.0,1381.0,1381.0,1381.0,1381.0,1381.0,1381.0,1381.0,1381.0,1381.0,1381.0,1381.0,1381.0,1381.0,1381.0,1381.0,1381.0,1382.0,1382.0,1382.0,1383.0,1383.0,1384.0,1384.0,1384.0,1384.0,1384.0,1384.0,1385.0,1385.0,1385.0,1385.0,1385.0,1385.0,1385.0,1385.0,1386.0,1386.0,1387.0,1388.0,1388.0,1390.0,1390.0,1392.0,1392.0,1392.0,1393.0,1393.0,1393.0,1394.0,1394.0,1394.0,1394.0,1396.0,1397.0,1397.0,1397.0,1397.0,1397.0,1397.0,1398.0,1399.0,1400.0,1401.0,1401.0,1401.0,1403.0,1403.0,1404.0,1404.0,1404.0,1404.0,1404.0,1404.0,1406.0,1406.0,1406.0,1406.0,1411.0,1415.0,1415.0,1415.0,1415.0,1415.0,1415.0,1416.0,1416.0,1416.0,1416.0,1416.0,1416.0,1416.0,1416.0,1416.0,1416.0,1418.0,1419.0,1419.0,1419.0,1419.0,1419.0,1419.0,1419.0,1419.0,1419.0,1419.0,1419.0,1419.0,1419.0,1419.0,1419.0,1419.0,1419.0,1419.0,1419.0,1419.0,1419.0,1419.0,1419.0,1419.0,1419.0,1421.0,,,,,,,,,1425.0,1425.0,1425.0,1425.0,1425.0,1425.0,1426.0,1427.0,1427.0,1427.0,1427.0,1427.0,1427.0,1427.0,1428.0,1428.0,1428.0,1428.0,1428.0,1428.0,1428.0,1428.0,1429.0,1429.0,1429.0,1430.0,1430.0,1431.0,1431.0,1431.0,1431.0,1431.0,1431.0,1431.0,1431.0,1431.0,1432.0,1432.0,1432.0,1432.0,1433.0,1432.0,1433.0,1433.0,1433.0,1434.0,1434.0,1434.0,1435.0,1435.0,1435.0,1435.0,1435.0,1436.0,1436.0,1436.0,1436.0,1436.0,1436.0,1437.0,1438.0,1438.0,1438.0,1438.0,1438.0,1438.0,1439.0,1440.0,1441.0,1441.0,1441.0,1441
w8_tDChUwZ8,874.0,875.0,875.0,875.0,875.0,875.0,875.0,875.0,876.0,876.0,876.0,876.0,876.0,876.0,878.0,878.0,878.0,878.0,878.0,878.0,878.0,878.0,878.0,878.0,878.0,878.0,878.0,878.0,878.0,878.0,878.0,878.0,878.0,878.0,878.0,878.0,880.0,881.0,881.0,881.0,881.0,882.0,882.0,882.0,882.0,882.0,882.0,882.0,882.0,882.0,882.0,882.0,882.0,882.0,882.0,,,,,,,,,,,,,,,,,,,,,,,,,,,,,,,,,,,,,,,,,,,,,,,,,,,,,,,,,,,,,,,,,,,,,,,,,,,,,,,,,,,,,,,,,,,,,,,,,,,,,,,,,,,,,,,,,,,,,,,,,,,,,,,,,,,,,,,,,,,,,,,,,,,,,,,,,,,,,,,
Kfivf9eaR4M,425.0,428.0,429.0,429.0,429.0,429.0,429.0,430.0,430.0,431.0,431.0,431.0,431.0,431.0,432.0,433.0,435.0,435.0,435.0,435.0,435.0,436.0,436.0,436.0,436.0,436.0,436.0,436.0,436.0,436.0,438.0,438.0,438.0,438.0,438.0,438.0,438.0,438.0,438.0,438.0,438.0,438.0,438.0,440.0,440.0,440.0,441.0,441.0,441.0,441.0,441.0,442.0,442.0,442.0,442.0,443.0,443.0,443.0,446.0,446.0,446.0,447.0,447.0,447.0,447.0,447.0,447.0,447.0,448.0,448.0,448.0,448.0,448.0,448.0,448.0,450.0,450.0,450.0,450.0,450.0,450.0,450.0,450.0,451.0,451.0,451.0,451.0,451.0,451.0,451.0,451.0,452.0,452.0,452.0,452.0,453.0,453.0,453.0,453.0,454.0,454.0,454.0,454.0,454.0,454.0,454.0,454.0,454.0,455.0,455.0,455.0,455.0,455.0,455.0,455.0,455.0,455.0,455.0,456.0,459.0,459.0,459.0,459.0,459.0,459.0,459.0,459.0,459.0,459.0,459.0,459.0,459.0,460.0,460.0,,,,,,,,,463.0,463.0,463.0,463.0,463.0,463.0,463.0,463.0,463.0,463.0,463.0,463.0,463.0,463.0,463.0,463.0,463.0,463.0,463.0,464.0,464.0,464.0,464.0,464.0,464.0,465.0,465.0,465.0,465.0,465.0,465.0,465.0,465.0,465.0,465.0,466.0,467.0,467.0,467.0,467.0,467.0,467.0,468.0,468.0,468.0,469.0,470.0,470.0,470.0,471.0,471.0,471.0,472.0,472.0,472.0,472.0,472.0,472.0,473.0,473.0,473.0,473.0,473.0,475.0,475.0,475.0,475.0,475.0,476.0,476.0,476.0,476
xd0Cv83jk2U,2970.0,2970.0,2971.0,2971.0,2971.0,2971.0,2971.0,2972.0,2973.0,2974.0,2974.0,2976.0,2976.0,2977.0,2977.0,2977.0,2977.0,2977.0,2978.0,2979.0,2980.0,2981.0,2985.0,2987.0,2988.0,2988.0,2989.0,2989.0,2989.0,2990.0,2990.0,2990.0,2990.0,2990.0,2990.0,2990.0,2990.0,2990.0,2990.0,2990.0,2990.0,2990.0,2992.0,2992.0,2992.0,2992.0,2993.0,2993.0,2993.0,2994.0,2995.0,2997.0,2998.0,2999.0,3000.0,3005.0,3005.0,3006.0,3007.0,3007.0,3008.0,3008.0,3009.0,3009.0,3009.0,3009.0,3009.0,3009.0,3011.0,3011.0,3011.0,3013.0,3014.0,3014.0,3014.0,3014.0,3014.0,3014.0,3014.0,3014.0,3014.0,3014.0,3014.0,3014.0,3014.0,3014.0,3014.0,3021.0,3026.0,3031.0,3031.0,3031.0,3032.0,3034.0,3035.0,3035.0,3035.0,3035.0,3036.0,3036.0,3036.0,3038.0,3038.0,3038.0,3038.0,3040.0,3040.0,3040.0,3040.0,3040.0,3041.0,3041.0,3041.0,3041.0,3041.0,3041.0,3041.0,3041.0,3042.0,3043.0,3043.0,3043.0,3043.0,3043.0,3044.0,3044.0,3044.0,3044.0,3044.0,3044.0,3044.0,3046.0,3046.0,3046.0,,,,,,,,,3053.0,3053.0,3055.0,3055.0,3055.0,3055.0,3055.0,3055.0,3056.0,3057.0,3059.0,3059.0,3060.0,3060.0,3061.0,3062.0,3063.0,3064.0,3064.0,3066.0,3066.0,3066.0,3067.0,3067.0,3067.0,3067.0,3067.0,3068.0,3069.0,3069.0,3069.0,3069.0,3069.0,3069.0,3069.0,3069.0,3069.0,3069.0,3070.0,3074.0,3075.0,3076.0,3076.0,3076.0,3076.0,3076.0,3076.0,3076.0,3077.0,3077.0,3077.0,3077.0,3077.0,3078.0,3078.0,3079.0,3081.0,3081.0,3080.0,3080.0,3080.0,3080.0,3080.0,3080.0,3080.0,3080.0,3080.0,3080.0,3080.0,3080.0,3080.0,3083
g2v6PdmM6Xk,7749.0,7752.0,7755.0,7759.0,7761.0,7763.0,7770.0,7777.0,7779.0,7779.0,7782.0,7784.0,7788.0,7791.0,7792.0,7793.0,7794.0,7798.0,7799.0,7801.0,7806.0,7807.0,7810.0,7813.0,7815.0,7815.0,7815.0,7816.0,7822.0,7825.0,7829.0,7831.0,7833.0,7835.0,7838.0,7840.0,7840.0,7843.0,7851.0,7852.0,7858.0,7859.0,7861.0,7862.0,7862.0,7862.0,7864.0,7864.0,7870.0,7875.0,7885.0,7890.0,7893.0,7896.0,7900.0,7904.0,7925.0,7935.0,7942.0,7947.0,7952.0,7960.0,7963.0,7964.0,7964.0,7969.0,7971.0,7975.0,7976.0,7984.0,7988.0,7992.0,7993.0,8000.0,8003.0,8004.0,8007.0,8008.0,8012.0,8015.0,8023.0,8030.0,8032.0,8042.0,8047.0,8054.0,8059.0,8064.0,8071.0,8080.0,8085.0,8086.0,8090.0,8097.0,8101.0,8102.0,8108.0,8114.0,8118.0,8118.0,8120.0,8124.0,8125.0,8128.0,8133.0,8143.0,8147.0,8152.0,8156.0,8158.0,8163.0,8167.0,8170.0,8172.0,8176.0,8178.0,8182.0,8186.0,8189.0,8192.0,8194.0,8200.0,8204.0,8206.0,8209.0,8210.0,8212.0,8213.0,8215.0,8216.0,8218.0,8219.0,8224.0,8226.0,,,,,,,,,8252.0,8255.0,8255.0,8259.0,8261.0,8264.0,8266.0,8268.0,8270.0,8272.0,8275.0,8284.0,8290.0,8292.0,8298.0,8302.0,8309.0,8317.0,8322.0,8335.0,8345.0,8347.0,8355.0,8357.0,8365.0,8373.0,8374.0,8384.0,8387.0,8402.0,8410.0,8419.0,8432.0,8446.0,8457.0,8459.0,8464.0,8474.0,8479.0,8486.0,8500.0,8505.0,8521.0,8531.0,8536.0,8542.0,8549.0,8557.0,8563.0,8572.0,8579.0,8587.0,8592.0,8598.0,8604.0,8610.0,8616.0,8624.0,8631.0,8639.0,8643.0,8649.0,8654.0,8656.0,8660.0,8665.0,8670.0,8674.0,8678.0,8681.0,8691.0,8697
XpKcFfkDAgk,27556.0,27559.0,27563.0,27570.0,27570.0,27571.0,27575.0,27577.0,27579.0,27580.0,27582.0,27583.0,27584.0,27587.0,27588.0,27594.0,27595.0,27597.0,27597.0,27599.0,27601.0,27602.0,27604.0,27607.0,27608.0,27609.0,27609.0,27611.0,27612.0,27614.0,27614.0,27616.0,27617.0,27620.0,27621.0,27623.0,27625.0,27625.0,27628.0,27629.0,27630.0,27632.0,27632.0,27634.0,27636.0,27636.0,27639.0,27640.0,27640.0,27641.0,27642.0,27642.0,27643.0,27643.0,27644.0,27645.0,27648.0,27648.0,27651.0,27651.0,27651.0,27651.0,27651.0,27652.0,27653.0,27653.0,27655.0,27655.0,27655.0,27655.0,27655.0,27656.0,27656.0,27657.0,27660.0,27664.0,27665.0,27669.0,27671.0,27674.0,27674.0,27674.0,27674.0,27675.0,27675.0,27676.0,27676.0,27678.0,27680.0,27681.0,27682.0,27683.0,27684.0,27684.0,27685.0,27686.0,27687.0,27688.0,27690.0,27690.0,27691.0,27692.0,27693.0,27693.0,27694.0,27696.0,27697.0,27700.0,27702.0,27702.0,27702.0,27703.0,27704.0,27705.0,27705.0,27706.0,27708.0,27709.0,27711.0,27713.0,27713.0,27714.0,27714.0,27716.0,27716.0,27717.0,27719.0,27720.0,27720.0,27720.0,27722.0,27723.0,27726.0,27726.0,,,,,,,,,27730.0,27731.0,27732.0,27734.0,27735.0,27735.0,27737.0,27739.0,27740.0,27741.0,27742.0,27744.0,27744.0,27744.0,27746.0,27747.0,27749.0,27750.0,27751.0,27752.0,27752.0,27752.0,27753.0,27755.0,27758.0,27760.0,27762.0,27762.0,27762.0,27763.0,27763.0,27764.0,27764.0,27764.0,27764.0,27764.0,27764.0,27767.0,27767.0,27767.0,27767.0,27767.0,27767.0,27770.0,27772.0,27776.0,27776.0,27780.0,27781.0,27782.0,27783.0,27786.0,27788.0,27791.0,27791.0,27792.0,27793.0,27795.0,27796.0,27797.0,27799.0,27799.0,27800.0,27800.0,27800.0,27801.0,27801.0,27801.0,27802.0,27802.0,27802.0,27802
CktPVs-_BDw,95815.0,95815.0,95817.0,95819.0,95822.0,95822.0,95824.0,95825.0,95827.0,95830.0,95832.0,95835.0,95837.0,95840.0,95842.0,95845.0,95846.0,95846.0,95846.0,95846.0,95847.0,95848.0,95849.0,95850.0,95852.0,95853.0,95853.0,95853.0,95854.0,95856.0,95857.0,95857.0,95859.0,95859.0,95859.0,95861.0,95865.0,95868.0,95870.0,95872.0,95873.0,95878.0,95879.0,95881.0,95882.0,95884.0,95887.0,95887.0,95888.0,95888.0,95889.0,95891.0,95891.0,95891.0,95892.0,95893.0,95896.0,95899.0,95899.0,95901.0,95903.0,95904.0,95905.0,95906.0,95906.0,95907.0,95908.0,95908.0,95908.0,95911.0,95912.0,95914.0,95915.0,95916.0,95918.0,95919.0,95919.0,95924.0,95927.0,95932.0,95935.0,95936.0,95938.0,95940.0,95940.0,95941.0,95941.0,95943.0,95947.0,95948.0,95951.0,95952.0,95953.0,95954.0,95955.0,95955.0,95958.0,95959.0,95961.0,95961.0,95961.0,95961.0,95961.0,95961.0,95964.0,95965.0,95965.0,95968.0,95972.0,95972.0,95972.0,95972.0,95972.0,95974.0,95974.0,95974.0,95975.0,95978.0,95981.0,95983.0,95983.0,95983.0,95983.0,95984.0,95986.0,95989.0,95993.0,95993.0,95996.0,95998.0,96005.0,96007.0,96010.0,96010.0,,,,,,,,,96014.0,96015.0,96017.0,96018.0,96019.0,96020.0,96024.0,96025.0,96025.0,96026.0,96026.0,96028.0,96028.0,96028.0,96028.0,96029.0,96030.0,96031.0,96032.0,96033.0,96036.0,96037.0,96037.0,96040.0,96043.0,96045.0,96048.0,96048.0,96048.0,96048.0,96048.0,96048.0,96050.0,96050.0,96050.0,96050.0,96051.0,96054.0,96056.0,96056.0,96057.0,96056.0,96058.0,96071.0,96089.0,96095.0,96096.0,96101.0,96104.0,96107.0,96107.0,96110.0,96113.0,96117.0,96118.0,96118.0,96118.0,96119.0,96119.0,96121.0,96123.0,96123.0,96123.0,96124.0,96124.0,96126.0,96128.0,96129.0,96130.0,96131.0,96131.0,96133
Lm2Ucl-f4Ak,71913.0,71913.0,71913.0,71914.0,71915.0,71916.0,71919.0,71922.0,71923.0,71924.0,71926.0,71926.0,71928.0,71930.0,71930.0,71931.0,71933.0,71937.0,71940.0,71942.0,71943.0,71946.0,71949.0,71949.0,71949.0,71949.0,71951.0,71954.0,71956.0,71956.0,71957.0,71958.0,71958.0,71961.0,71962.0,71963.0,71964.0,71967.0,71970.0,71973.0,71973.0,71975.0,71978.0,71980.0,71980.0,71981.0,71982.0,71983.0,71985.0,71987.0,71988.0,71989.0,71990.0,71990.0,71993.0,71993.0,71993.0,71995.0,71995.0,71996.0,71996.0,71998.0,71999.0,71999.0,71999.0,72000.0,72000.0,72003.0,72004.0,72008.0,72011.0,72011.0,72014.0,72017.0,72020.0,72025.0,72025.0,72027.0,72028.0,72029.0,72032.0,72033.0,72033.0,72036.0,72039.0,72043.0,72044.0,72046.0,72046.0,72048.0,72052.0,72054.0,72056.0,72057.0,72060.0,72062.0,72064.0,72066.0,72066.0,72066.0,72066.0,72066.0,72068.0,72068.0,72068.0,72069.0,72069.0,72069.0,72069.0,72069.0,72071.0,72071.0,72071.0,72072.0,72073.0,72074.0,72076.0,72076.0,72078.0,72079.0,72080.0,72080.0,72080.0,72080.0,72080.0,72081.0,72081.0,72081.0,72081.0,72082.0,72084.0,72085.0,72086.0,72086.0,,,,,,,,,72099.0,72100.0,72102.0,72103.0,72103.0,72105.0,72110.0,72112.0,72112.0,72112.0,72113.0,72114.0,72118.0,72119.0,72119.0,72122.0,72126.0,72126.0,72130.0,72133.0,72134.0,72135.0,72135.0,72136.0,72140.0,72140.0,72144.0,72147.0,72147.0,72147.0,72148.0,72149.0,72150.0,72150.0,72151.0,72151.0,72153.0,72157.0,72161.0,72162.0,72162.0,72163.0,72164.0,72175.0,72186.0,72191.0,72198.0,72203.0,72207.0,72208.0,72210.0,72212.0,72214.0,72216.0,72217.0,72219.0,72219.0,72221.0,72222.0,72227.0,72228.0,72229.0,72229.0,72229.0,72231.0,72233.0,72236.0,72237.0,72237.0,72238.0,72238.0,72238
g0nM7IKqbyA,33500.0,33516.0,33527.0,33537.0,33545.0,33547.0,33561.0,33567.0,33573.0,33579.0,33584.0,33589.0,33592.0,33597.0,33604.0,33609.0,33612.0,33615.0,33618.0,33619.0,33621.0,33623.0,33628.0,33630.0,33634.0,33638.0,33643.0,33653.0,33662.0,33663.0,33670.0,33675.0,33677.0,33680.0,33685.0,33692.0,33696.0,33700.0,33707.0,33710.0,33711.0,33714.0,33719.0,33721.0,33729.0,33732.0,33735.0,33741.0,33742.0,33744.0,33750.0,33753.0,33758.0,33764.0,33770.0,33773.0,33777.0,33782.0,33786.0,33795.0,33803.0,33808.0,33814.0,33817.0,33822.0,33827.0,33834.0,33848.0,33853.0,33861.0,33867.0,33875.0,33880.0,33887.0,33895.0,33898.0,33907.0,33926.0,33933.0,33938.0,33942.0,33950.0,33954.0,33957.0,33963.0,33968.0,33972.0,33976.0,33980.0,33983.0,33988.0,33994.0,33998.0,34003.0,34014.0,34016.0,34020.0,34026.0,34035.0,34044.0,34048.0,34054.0,34065.0,34068.0,34072.0,34073.0,34079.0,34084.0,34089.0,34106.0,34113.0,34129.0,34145.0,34156.0,34164.0,34178.0,34186.0,34198.0,34215.0,34229.0,34238.0,34246.0,34253.0,34270.0,34276.0,34283.0,34288.0,34302.0,34317.0,34324.0,34328.0,34337.0,34347.0,34356.0,,,,,,,,,34418.0,34425.0,34430.0,34433.0,34435.0,34439.0,34444.0,34451.0,34458.0,34465.0,34472.0,34475.0,34483.0,34485.0,34492.0,34494.0,34503.0,34507.0,34512.0,34524.0,34527.0,34537.0,34541.0,34557.0,34567.0,34575.0,34578.0,34586.0,34591.0,34594.0,34595.0,34601.0,34609.0,34615.0,34627.0,34632.0,34642.0,34655.0,34662.0,34665.0,34671.0,34684.0,34690.0,34694.0,34697.0,34702.0,34708.0,34720.0,34729.0,34732.0,34737.0,34743.0,34754.0,34755.0,34760.0,34765.0,34771.0,34772.0,34776.0,34788.0,34799.0,34822.0,34831.0,34838.0,34840.0,34849.0,34880.0,34895.0,34901.0,34920.0,34934.0,34940
qMumDbFSVZc,12352.0,12353.0,12354.0,12354.0,12357.0,12357.0,12357.0,12357.0,12357.0,12357.0,12357.0,12357.0,12357.0,12358.0,12360.0,12360.0,12360.0,12361.0,12361.0,12361.0,12361.0,12362.0,12362.0,12364.0,12365.0,12365.0,12366.0,12366.0,12366.0,12366.0,12366.0,12367.0,12369.0,12369.0,12369.0,12370.0,12371.0,12372.0,12374.0,12374.0,12375.0,12379.0,12381.0,12381.0,12382.0,12383.0,12383.0,12383.0,12383.0,12384.0,12384.0,12384.0,12385.0,12393.0,12395.0,12396.0,12398.0,12399.0,12399.0,12399.0,12406.0,12408.0,12410.0,12415.0,12416.0,12418.0,12421.0,12421.0,12421.0,12424.0,12425.0,12433.0,12435.0,12435.0,12435.0,12438.0,12440.0,12445.0,12445.0,12448.0,12449.0,12450.0,12451.0,12451.0,12451.0,12452.0,12452.0,12452.0,12452.0,12452.0,12454.0,12454.0,12454.0,12459.0,12459.0,12460.0,12460.0,12460.0,12460.0,12461.0,12465.0,12465.0,12469.0,12470.0,12470.0,12473.0,12479.0,12480.0,12481.0,12483.0,12487.0,12488.0,12488.0,12488.0,12491.0,12491.0,12492.0,12495.0,12502.0,12503.0,12503.0,12505.0,12512.0,12514.0,12519.0,12530.0,12532.0,12533.0,12535.0,12536.0,12537.0,12539.0,12539.0,12539.0,,,,,,,,,12571.0,12572.0,12573.0,12573.0,12576.0,12582.0,12584.0,12585.0,12587.0,12588.0,12591.0,12593.0,12594.0,12593.0,12595.0,12595.0,12599.0,12601.0,12604.0,12606.0,12607.0,12607.0,12607.0,12621.0,12622.0,12622.0,12625.0,12627.0,12627.0,12626.0,12627.0,12628.0,12630.0,12631.0,12632.0,12638.0,12638.0,12644.0,12646.0,12648.0,12648.0,12649.0,12650.0,12650.0,12652.0,12654.0,12654.0,12654.0,12655.0,12658.0,12659.0,12659.0,12662.0,12663.0,12664.0,12666.0,12666.0,12666.0,12667.0,12667.0,12668.0,12670.0,12671.0,12672.0,12672.0,12672.0,12674.0,12677.0,12679.0,12678.0,12680.0,12680
afgQnf6ehqU,20920.0,20922.0,20922.0,20922.0,20929.0,20930.0,20930.0,20930.0,20930.0,20930.0,20933.0,20934.0,20938.0,20938.0,20939.0,20939.0,20939.0,20939.0,20943.0,20943.0,20943.0,20943.0,20944.0,20945.0,20947.0,20947.0,20947.0,20948.0,20948.0,20949.0,20948.0,20951.0,20954.0,20956.0,20957.0,20959.0,20959.0,20961.0,20962.0,20962.0,20962.0,20963.0,20964.0,20966.0,20968.0,20969.0,20969.0,20969.0,20969.0,20969.0,20970.0,20970.0,20974.0,20975.0,20975.0,20975.0,20976.0,20980.0,20985.0,20986.0,20988.0,20989.0,20990.0,20991.0,20991.0,20992.0,20993.0,20996.0,21000.0,21000.0,21003.0,21004.0,21007.0,21007.0,21009.0,21011.0,21015.0,21015.0,21017.0,21020.0,21021.0,21021.0,21021.0,21022.0,21022.0,21023.0,21025.0,21025.0,21025.0,21026.0,21028.0,21028.0,21028.0,21037.0,21037.0,21038.0,21039.0,21040.0,21041.0,21041.0,21042.0,21043.0,21044.0,21045.0,21046.0,21049.0,21051.0,21052.0,21054.0,21054.0,21057.0,21057.0,21058.0,21058.0,21058.0,21058.0,21059.0,21059.0,21060.0,21061.0,21063.0,21063.0,21064.0,21065.0,21066.0,21066.0,21066.0,21067.0,21069.0,21069.0,21072.0,21073.0,21073.0,21073.0,,,,,,,,,21137.0,21141.0,21161.0,21173.0,21177.0,21180.0,21182.0,21183.0,21183.0,21183.0,21183.0,21184.0,21185.0,21185.0,21184.0,21184.0,21185.0,21187.0,21188.0,21189.0,21189.0,21189.0,21191.0,21193.0,21192.0,21195.0,21199.0,21215.0,21217.0,21221.0,21223.0,21225.0,21239.0,21253.0,21268.0,21279.0,21280.0,21295.0,21299.0,21305.0,21307.0,21308.0,21309.0,21309.0,21309.0,21310.0,21310.0,21312.0,21313.0,21313.0,21313.0,21314.0,21317.0,21318.0,21324.0,21327.0,21328.0,21329.0,21330.0,21333.0,21333.0,21333.0,21335.0,21337.0,21340.0,21342.0,21344.0,21345.0,21349.0,21351.0,21352.0,21353
MaXOocKT4kY,15636.0,15642.0,15648.0,15651.0,15654.0,15659.0,15664.0,15668.0,15671.0,15679.0,15689.0,15693.0,15705.0,15709.0,15715.0,15717.0,15724.0,15729.0,15731.0,15736.0,15747.0,15751.0,15754.0,15759.0,15763.0,15765.0,15768.0,15770.0,15771.0,15771.0,15778.0,15780.0,15783.0,15785.0,15792.0,15801.0,15814.0,15820.0,15827.0,15835.0,15843.0,15849.0,15852.0,15862.0,15868.0,15876.0,15886.0,15894.0,15899.0,15908.0,15914.0,15921.0,15925.0,15933.0,15936.0,15938.0,15945.0,15950.0,15954.0,15955.0,15962.0,15969.0,15975.0,15986.0,15992.0,15994.0,16000.0,16006.0,16010.0,16018.0,16025.0,16039.0,16042.0,16045.0,16053.0,16054.0,16057.0,16066.0,16074.0,16080.0,16084.0,16091.0,16096.0,16104.0,16106.0,16112.0,16116.0,16119.0,16126.0,16132.0,16134.0,16139.0,16150.0,16156.0,16158.0,16161.0,16163.0,16169.0,16176.0,16179.0,16181.0,16184.0,16185.0,16190.0,16194.0,16197.0,16204.0,16210.0,16211.0,16215.0,16219.0,16224.0,16228.0,16232.0,16240.0,16243.0,16244.0,16248.0,16252.0,16256.0,16260.0,16268.0,16271.0,16273.0,16284.0,16284.0,16286.0,16289.0,16290.0,16294.0,16295.0,16297.0,16301.0,16305.0,,,,,,,,,16350.0,16354.0,16362.0,16364.0,16368.0,16369.0,16372.0,16373.0,16375.0,16380.0,16386.0,16388.0,16392.0,16396.0,16401.0,16408.0,16418.0,16422.0,16426.0,16439.0,16445.0,16456.0,16466.0,16478.0,16483.0,16485.0,16489.0,16493.0,16498.0,16502.0,16518.0,16523.0,16527.0,16532.0,16537.0,16545.0,16557.0,16562.0,16568.0,16577.0,16584.0,16589.0,16595.0,16599.0,16604.0,16605.0,16610.0,16613.0,16616.0,16621.0,16622.0,16630.0,16642.0,16651.0,16653.0,16661.0,16664.0,16667.0,16676.0,16680.0,16684.0,16686.0,16689.0,16697.0,16702.0,16708.0,16714.0,16724.0,16730.0,16736.0,16744.0,16752
u-rdbAvuA9Q,28013.0,28036.0,28070.0,28098.0,28118.0,28174.0,28204.0,28260.0,28302.0,28327.0,28353.0,28380.0,28398.0,28421.0,28448.0,28468.0,28510.0,28540.0,28572.0,28601.0,28620.0,28644.0,28673.0,28698.0,28726.0,28758.0,28790.0,28821.0,28856.0,28892.0,28914.0,28939.0,28963.0,28994.0,29027.0,29053.0,29073.0,29096.0,29124.0,29155.0,29190.0,29230.0,29272.0,29305.0,29331.0,29389.0,29416.0,29452.0,29487.0,29525.0,29560.0,29586.0,29613.0,29650.0,29679.0,29710.0,29731.0,29766.0,29789.0,29809.0,29837.0,29895.0,29950.0,29980.0,30018.0,30045.0,30077.0,30106.0,30131.0,30154.0,30176.0,30206.0,30224.0,30249.0,30274.0,30306.0,30329.0,30358.0,30390.0,30417.0,30433.0,30453.0,30468.0,30492.0,30509.0,30530.0,30549.0,30570.0,30588.0,30606.0,30630.0,30651.0,30676.0,30697.0,30714.0,30729.0,30746.0,30759.0,30791.0,30817.0,30842.0,30861.0,30880.0,30899.0,30916.0,30943.0,30975.0,30998.0,31014.0,31033.0,31045.0,31053.0,31070.0,31091.0,31113.0,31132.0,31151.0,31178.0,31198.0,31218.0,31232.0,31250.0,31277.0,31297.0,31320.0,31344.0,31358.0,31374.0,31398.0,31420.0,31434.0,31452.0,31468.0,31494.0,,,,,,,,,31853.0,31879.0,31918.0,31967.0,32020.0,32055.0,32109.0,32140.0,32179.0,32211.0,32252.0,32274.0,32297.0,32327.0,32369.0,32418.0,32441.0,32461.0,32476.0,32491.0,32504.0,32536.0,32547.0,32568.0,32585.0,32604.0,32632.0,32656.0,32671.0,32699.0,32719.0,32740.0,32760.0,32789.0,32807.0,32823.0,32842.0,32870.0,32899.0,32930.0,32965.0,32996.0,33028.0,33051.0,33073.0,33111.0,33136.0,33177.0,33214.0,33235.0,33266.0,33292.0,33310.0,33339.0,33369.0,33402.0,33414.0,33427.0,33442.0,33462.0,33487.0,33499.0,33509.0,33531.0,33543.0,33556.0,33565.0,33578.0,33591.0,33608.0,33626.0,33639
kIiW3XRP7bU,1611822.0,1614746.0,1617721.0,1620922.0,1624203.0,1627191.0,1630526.0,1633722.0,1637166.0,1640573.0,1644264.0,1647901.0,1651876.0,1655597.0,1659428.0,1664007.0,1668455.0,1672730.0,1676964.0,1680998.0,1684753.0,1688640.0,1692424.0,1695854.0,1699331.0,1702836.0,1706224.0,1709517.0,1712731.0,1716023.0,1719449.0,1722931.0,1726616.0,1730671.0,1734562.0,1738218.0,1742164.0,1745935.0,1749795.0,1753920.0,1757883.0,1761359.0,1765122.0,1768832.0,1772405.0,1775865.0,1779530.0,1783562.0,1787370.0,1790960.0,1793974.0,1797044.0,1799804.0,1802667.0,1805930.0,1809053.0,1812051.0,1814939.0,1817684.0,1820918.0,1824654.0,1828476.0,1832549.0,1836484.0,1840356.0,1844257.0,1848513.0,1852711.0,1856179.0,1861124.0,1865228.0,1869456.0,1873852.0,1878590.0,1883589.0,1888236.0,1892965.0,1897884.0,1902422.0,1906956.0,1911614.0,1916555.0,1921136.0,1925856.0,1930464.0,1935354.0,1939897.0,1944480.0,1949302.0,1954031.0,1958633.0,1963497.0,1968680.0,1973847.0,1978879.0,1984077.0,1989498.0,1994708.0,1999970.0,2005645.0,2011356.0,2017004.0,2022351.0,2027432.0,2032416.0,2037659.0,2043180.0,2048967.0,2054426.0,2060395.0,2066262.0,2072240.0,2078050.0,2083991.0,2089881.0,2095500.0,2101659.0,2107528.0,2113227.0,2118448.0,2123822.0,2128982.0,2133913.0,2138698.0,2143727.0,2149240.0,2154748.0,2160638.0,2166138.0,2171766.0,2177366.0,2182533.0,2188021.0,2193113.0,,,,,,,,,2235803.0,2240645.0,2245784.0,2250820.0,2255276.0,2260047.0,2264829.0,2269684.0,2275692.0,2281473.0,2287189.0,2293344.0,2299795.0,2306714.0,2312552.0,2318794.0,2324332.0,2329783.0,2335170.0,2340535.0,2346405.0,2351895.0,2357929.0,2364871.0,2370351.0,2375496.0,2381008.0,2387386.0,2393236.0,2399544.0,2406054.0,2412420.0,2418630.0,2424710.0,2430673.0,2436805.0,2443025.0,2448987.0,2455048.0,2461095.0,2467036.0,2473060.0,2479184.0,2484922.0,2490926.0,2497034.0,2503121.0,2509046.0,2515323.0,2521582.0,2527819.0,2534061.0,2540336.0,2546730.0,2553044.0,2559379.0,2565465.0,2571965.0,2578434.0,2584416.0,2589568.0,2594630.0,2599703.0,2604690.0,2609729.0,2615135.0,2620152.0,2625104.0,2630136.0,2634592.0,2639037.0,2643856
OV668xgCau8,155482.0,155712.0,156067.0,156344.0,156693.0,157012.0,157311.0,157593.0,157897.0,158148.0,158427.0,158682.0,158927.0,159176.0,159523.0,159821.0,160093.0,160393.0,160743.0,161087.0,161393.0,161690.0,161999.0,162231.0,162438.0,162650.0,162923.0,163168.0,163451.0,163705.0,163956.0,164174.0,164431.0,164650.0,164865.0,165080.0,165362.0,165588.0,165798.0,166065.0,166340.0,166596.0,166867.0,167142.0,167409.0,167702.0,168158.0,168514.0,168872.0,169164.0,169456.0,169711.0,170065.0,170406.0,170719.0,170937.0,171164.0,171352.0,171582.0,171812.0,172087.0,172409.0,172684.0,173005.0,173225.0,173402.0,173616.0,173809.0,174048.0,174277.0,174486.0,174699.0,174878.0,175084.0,175254.0,175415.0,175607.0,175798.0,176012.0,176235.0,176432.0,176719.0,176966.0,177208.0,177446.0,177741.0,177927.0,178188.0,178422.0,178663.0,178855.0,179061.0,179338.0,179559.0,179846.0,180046.0,180320.0,180511.0,180730.0,180926.0,181179.0,181414.0,181670.0,181897.0,182116.0,182367.0,182594.0,182794.0,183050.0,183314.0,183621.0,183891.0,184160.0,184399.0,184615.0,184855.0,185060.0,185254.0,185464.0,185704.0,185897.0,186097.0,186289.0,186509.0,186700.0,186927.0,187201.0,187474.0,187719.0,187982.0,188194.0,188376.0,188579.0,188808.0,,,,,,,,,191063.0,191311.0,191558.0,191795.0,192127.0,192401.0,192680.0,192938.0,193207.0,193530.0,193805.0,194166.0,194493.0,194786.0,195014.0,195326.0,195639.0,195881.0,196148.0,196454.0,196684.0,196896.0,197120.0,197370.0,197627.0,197880.0,198091.0,198378.0,198605.0,198873.0,199263.0,199614.0,199876.0,200232.0,200476.0,200834.0,201173.0,201496.0,201807.0,202144.0,202395.0,202727.0,203077.0,203422.0,203831.0,204196.0,204640.0,205001.0,205351.0,205885.0,206327.0,206709.0,207061.0,207453.0,207825.0,208216.0,208540.0,208864.0,209216.0,209486.0,209806.0,210074.0,210393.0,210622.0,210958.0,211227.0,211578.0,211854.0,212150.0,212408.0,212709.0,212970
6ec5v1ndt18,70773.0,70920.0,71116.0,71282.0,71523.0,71777.0,71997.0,72179.0,72353.0,72531.0,72690.0,72873.0,73036.0,73233.0,73438.0,73637.0,73801.0,73972.0,74219.0,74420.0,74693.0,74956.0,75219.0,75436.0,75698.0,75948.0,76147.0,76338.0,76566.0,76802.0,77026.0,77236.0,77441.0,77621.0,78101.0,78330.0,78596.0,78839.0,79068.0,79292.0,79595.0,79820.0,80109.0,80511.0,80836.0,81157.0,81581.0,81984.0,82436.0,82843.0,83259.0,83625.0,83980.0,84394.0,84792.0,85440.0,86065.0,86644.0,87119.0,87656.0,88561.0,89341.0,90349.0,91902.0,93355.0,95037.0,96965.0,98825.0,100075.0,101391.0,102405.0,103583.0,104793.0,106083.0,107229.0,108268.0,109466.0,110550.0,111860.0,112730.0,113555.0,114553.0,115436.0,116537.0,117811.0,119001.0,119890.0,120849.0,122350.0,123880.0,125271.0,126529.0,127979.0,129129.0,130077.0,131480.0,132955.0,134174.0,135273.0,136477.0,137415.0,139187.0,141670.0,143487.0,145058.0,146447.0,148265.0,150049.0,151551.0,153720.0,155844.0,157686.0,159278.0,160773.0,162275.0,163408.0,164924.0,166913.0,169067.0,171184.0,172841.0,174170.0,175343.0,177019.0,178974.0,181284.0,182963.0,185120.0,188145.0,190233.0,192496.0,194779.0,196689.0,198349.0,,,,,,,,,212850.0,214208.0,215723.0,216917.0,218578.0,220078.0,221676.0,223408.0,225000.0,226853.0,228972.0,230599.0,232557.0,234652.0,236502.0,238033.0,240405.0,242615.0,245551.0,247486.0,249469.0,251403.0,253024.0,254975.0,257291.0,259566.0,261670.0,263435.0,265076.0,266783.0,268802.0,270651.0,272716.0,274413.0,276303.0,278210.0,280197.0,282420.0,284903.0,287215.0,289561.0,292528.0,295161.0,297521.0,300354.0,302971.0,305621.0,308252.0,311067.0,313103.0,314758.0,316878.0,318979.0,321010.0,322860.0,324827.0,326085.0,327749.0,329802.0,331765.0,333575.0,334901.0,336630.0,338141.0,339655.0,341523.0,343810.0,345869.0,347305.0,349507.0,351250.0,352713
HvocbPnnbhk,157690.0,157985.0,158246.0,158491.0,158743.0,159035.0,159440.0,159792.0,160113.0,160349.0,160654.0,160989.0,161315.0,161625.0,161987.0,162325.0,162623.0,162994.0,163331.0,163733.0,164060.0,164449.0,164786.0,165137.0,165374.0,165630.0,165941.0,166226.0,166500.0,166851.0,167165.0,167473.0,167854.0,168291.0,168794.0,169169.0,169618.0,170084.0,170467.0,170860.0,171242.0,171584.0,171984.0,172461.0,173009.0,173623.0,174273.0,174945.0,175737.0,176307.0,177116.0,177546.0,178096.0,178597.0,179247.0,179819.0,180276.0,180750.0,181226.0,181626.0,182028.0,182400.0,182778.0,183219.0,183739.0,185523.0,187398.0,188686.0,189216.0,189988.0,190560.0,191225.0,191749.0,192405.0,192939.0,193545.0,194125.0,194671.0,195278.0,195807.0,196306.0,197038.0,197623.0,198129.0,198743.0,199357.0,199922.0,200387.0,200959.0,201601.0,202260.0,202947.0,203665.0,204302.0,204774.0,205349.0,205970.0,206644.0,207258.0,207770.0,208509.0,208994.0,209684.0,210288.0,210852.0,211480.0,212202.0,212848.0,213415.0,214074.0,214685.0,215269.0,215967.0,216567.0,217175.0,217624.0,218271.0,218958.0,219715.0,220319.0,221033.0,221553.0,222042.0,222500.0,223123.0,223751.0,224305.0,224910.0,225373.0,226002.0,226614.0,227173.0,227726.0,228265.0,,,,,,,,,234266.0,234870.0,235584.0,236208.0,237068.0,238043.0,238652.0,239443.0,240408.0,241668.0,242878.0,244117.0,245242.0,246207.0,247287.0,248262.0,249359.0,250709.0,251850.0,252671.0,253511.0,254311.0,255192.0,256142.0,256917.0,257699.0,258648.0,259583.0,260556.0,261403.0,262250.0,262961.0,263976.0,264942.0,265779.0,266603.0,267528.0,268542.0,269489.0,270343.0,271182.0,272083.0,272836.0,273649.0,274677.0,275531.0,276653.0,277668.0,278693.0,279440.0,280211.0,281089.0,282064.0,282969.0,283870.0,284823.0,285666.0,286642.0,287866.0,288763.0,289740.0,290554.0,291415.0,292119.0,292793.0,293705.0,294574.0,295394.0,296159.0,296973.0,297659.0,298412
XBiMV9kVhwQ,297183.0,297720.0,298154.0,298721.0,299258.0,299823.0,300389.0,300908.0,301449.0,301970.0,302515.0,303054.0,303724.0,304353.0,305075.0,305721.0,306404.0,307090.0,307662.0,308200.0,308885.0,309556.0,310244.0,310814.0,311446.0,311960.0,312552.0,313078.0,313641.0,314386.0,314980.0,315685.0,316313.0,316988.0,317598.0,318328.0,319108.0,319816.0,320461.0,321136.0,321689.0,322338.0,322931.0,323544.0,324245.0,324899.0,325359.0,326042.0,326644.0,327325.0,327882.0,328419.0,328925.0,329410.0,329918.0,330393.0,330869.0,331300.0,331859.0,332447.0,332937.0,333538.0,334107.0,334673.0,335317.0,335878.0,336455.0,337203.0,337898.0,338776.0,339547.0,340142.0,340757.0,341463.0,342150.0,342821.0,343536.0,344206.0,344776.0,345426.0,346015.0,346712.0,347301.0,347924.0,348551.0,349180.0,349694.0,350334.0,350909.0,351541.0,352120.0,352805.0,353461.0,354036.0,354607.0,355208.0,355760.0,356322.0,356988.0,357541.0,358280.0,358864.0,359502.0,360210.0,360836.0,361529.0,362149.0,362698.0,363367.0,364067.0,364742.0,365366.0,365957.0,366610.0,367271.0,367953.0,368587.0,369194.0,369785.0,370376.0,370941.0,371685.0,372254.0,372994.0,373669.0,374301.0,374951.0,375663.0,376419.0,377209.0,377933.0,378587.0,379355.0,380055.0,,,,,,,,,386496.0,387301.0,387927.0,388830.0,389555.0,390170.0,390760.0,391348.0,391954.0,392600.0,393309.0,394066.0,394864.0,395671.0,396682.0,397347.0,398210.0,399067.0,399828.0,400610.0,401291.0,401989.0,402738.0,403503.0,404177.0,404817.0,405526.0,406287.0,407013.0,407853.0,408660.0,409477.0,410223.0,411066.0,411883.0,412825.0,413697.0,414551.0,415294.0,416312.0,417036.0,417973.0,418798.0,419625.0,420472.0,421294.0,422230.0,423103.0,423921.0,424881.0,425695.0,426486.0,427258.0,428117.0,428912.0,429785.0,430650.0,431531.0,432477.0,433312.0,434037.0,434576.0,435324.0,436128.0,436720.0,437471.0,438127.0,439004.0,439710.0,440412.0,441116.0,441782
tFEe3pwlQgE,68196.0,68261.0,68317.0,68364.0,68434.0,68499.0,68562.0,68636.0,68712.0,68784.0,68868.0,68947.0,69029.0,69100.0,69163.0,69248.0,69294.0,69363.0,69418.0,69491.0,69562.0,69635.0,69725.0,69787.0,69865.0,69945.0,70037.0,70107.0,70180.0,70263.0,70354.0,70446.0,70531.0,70603.0,70676.0,70745.0,70852.0,70915.0,71010.0,71088.0,71206.0,71328.0,71400.0,71482.0,71601.0,71712.0,71811.0,71897.0,71975.0,72065.0,72129.0,72181.0,72249.0,72307.0,72357.0,72413.0,72460.0,72527.0,72576.0,72646.0,72697.0,72748.0,72807.0,72856.0,72920.0,72983.0,73040.0,73103.0,73168.0,73238.0,73286.0,73339.0,73379.0,73438.0,73511.0,73569.0,73610.0,73663.0,73749.0,73809.0,73888.0,73971.0,74057.0,74138.0,74219.0,74271.0,74332.0,74379.0,74458.0,74537.0,74596.0,74680.0,74752.0,74817.0,74877.0,74935.0,75004.0,75085.0,75153.0,75211.0,75274.0,75335.0,75418.0,75481.0,75550.0,75607.0,75652.0,75715.0,75783.0,75868.0,75927.0,75991.0,76072.0,76124.0,76193.0,76276.0,76332.0,76390.0,76474.0,76565.0,76629.0,76684.0,76738.0,76791.0,76855.0,76939.0,77010.0,77097.0,77177.0,77262.0,77344.0,77414.0,77494.0,77621.0,,,,,,,,,78523.0,78607.0,78695.0,78766.0,78854.0,78948.0,79039.0,79114.0,79248.0,79360.0,79447.0,79552.0,79659.0,79762.0,79838.0,79912.0,80124.0,80316.0,80454.0,80592.0,80699.0,80810.0,80906.0,81006.0,81113.0,81213.0,81367.0,81510.0,81611.0,81740.0,81930.0,82063.0,82195.0,82369.0,82568.0,82706.0,82853.0,83021.0,83212.0,83379.0,83550.0,83772.0,83975.0,84153.0,84317.0,84615.0,84827.0,85069.0,85268.0,85492.0,85706.0,85900.0,86129.0,86296.0,86518.0,86740.0,86945.0,87097.0,87292.0,87475.0,87669.0,87854.0,88033.0,88215.0,88422.0,88619.0,88817.0,89012.0,89165.0,89374.0,89596.0,89839
WG74_vlnhwc,279.0,279.0,279.0,279.0,279.0,279.0,279.0,279.0,279.0,279.0,279.0,279.0,279.0,279.0,279.0,279.0,279.0,279.0,279.0,279.0,279.0,279.0,279.0,279.0,279.0,279.0,279.0,279.0,279.0,279.0,279.0,279.0,279.0,279.0,279.0,279.0,279.0,279.0,279.0,279.0,279.0,279.0,279.0,279.0,279.0,279.0,279.0,279.0,279.0,279.0,279.0,279.0,279.0,279.0,279.0,279.0,279.0,279.0,279.0,279.0,279.0,279.0,279.0,279.0,279.0,279.0,279.0,279.0,279.0,279.0,279.0,279.0,279.0,279.0,279.0,279.0,279.0,279.0,279.0,279.0,279.0,279.0,279.0,279.0,279.0,279.0,279.0,279.0,279.0,279.0,279.0,279.0,279.0,279.0,279.0,279.0,279.0,279.0,279.0,279.0,279.0,279.0,279.0,279.0,279.0,279.0,279.0,279.0,279.0,279.0,279.0,279.0,279.0,279.0,279.0,279.0,279.0,279.0,279.0,279.0,279.0,279.0,279.0,279.0,279.0,279.0,279.0,279.0,279.0,279.0,279.0,279.0,279.0,279.0,,,,,,,,,279.0,279.0,279.0,279.0,279.0,279.0,279.0,279.0,279.0,279.0,279.0,279.0,279.0,279.0,279.0,279.0,279.0,279.0,279.0,279.0,279.0,279.0,279.0,279.0,279.0,279.0,279.0,279.0,279.0,279.0,279.0,279.0,279.0,279.0,279.0,279.0,279.0,279.0,279.0,279.0,279.0,279.0,279.0,279.0,279.0,279.0,279.0,279.0,279.0,279.0,279.0,279.0,279.0,279.0,279.0,279.0,279.0,279.0,279.0,279.0,279.0,279.0,279.0,279.0,279.0,279.0,279.0,279.0,279.0,279.0,279.0,279
YnfrtEEUsIY,2095.0,2097.0,2097.0,2097.0,2097.0,2098.0,2098.0,2100.0,2100.0,2100.0,2101.0,2101.0,2101.0,2103.0,2103.0,2103.0,2103.0,2103.0,2103.0,2103.0,2104.0,2105.0,2105.0,2105.0,2105.0,2105.0,2105.0,2105.0,2105.0,2105.0,2105.0,2105.0,2105.0,2106.0,2106.0,2106.0,2106.0,2106.0,2106.0,2108.0,2109.0,2109.0,2109.0,2109.0,2109.0,2109.0,2109.0,2109.0,2109.0,2109.0,2109.0,2110.0,2110.0,2110.0,2111.0,2112.0,2112.0,2112.0,2112.0,2112.0,2112.0,2113.0,2113.0,2114.0,2114.0,2114.0,2115.0,2118.0,2118.0,2119.0,2119.0,2119.0,2119.0,2119.0,2119.0,2119.0,2119.0,2119.0,2119.0,2119.0,2119.0,2119.0,2119.0,2119.0,2119.0,2120.0,2122.0,2124.0,2124.0,2124.0,2124.0,2124.0,2124.0,2125.0,2126.0,2127.0,2127.0,2127.0,2128.0,2128.0,2131.0,2132.0,2132.0,2132.0,2134.0,2134.0,2134.0,2134.0,2134.0,2134.0,2134.0,2134.0,2134.0,2136.0,2136.0,2136.0,2136.0,2136.0,2136.0,2136.0,2136.0,2136.0,2136.0,2136.0,2137.0,2137.0,2137.0,2137.0,2137.0,2137.0,2137.0,2137.0,2137.0,2137.0,,,,,,,,,2139.0,2139.0,2139.0,2139.0,2139.0,2139.0,2139.0,2139.0,2139.0,2140.0,2140.0,2140.0,2140.0,2140.0,2140.0,2140.0,2140.0,2140.0,2141.0,2142.0,2142.0,2143.0,2143.0,2143.0,2143.0,2143.0,2143.0,2144.0,2144.0,2144.0,2144.0,2144.0,2144.0,2144.0,2144.0,2144.0,2144.0,2144.0,2144.0,2145.0,2145.0,2144.0,2145.0,2145.0,2145.0,2145.0,2145.0,2146.0,2146.0,2147.0,2147.0,2147.0,2147.0,2147.0,2147.0,2148.0,2148.0,2148.0,2149.0,2149.0,2150.0,2150.0,2150.0,2151.0,2151.0,2151.0,2151.0,2151.0,2151.0,2151.0,2151.0,2152
l0_CuASBn1s,304464.0,304621.0,304779.0,304989.0,305205.0,305388.0,305586.0,305760.0,305972.0,306148.0,306402.0,306606.0,306809.0,307019.0,307222.0,307413.0,307617.0,307795.0,307953.0,308145.0,308349.0,308528.0,308729.0,308840.0,309030.0,309253.0,309444.0,309639.0,309829.0,309996.0,310182.0,310327.0,310467.0,310664.0,310840.0,311024.0,311246.0,311472.0,311662.0,311841.0,311995.0,312155.0,312345.0,312529.0,312727.0,312887.0,313078.0,313255.0,313435.0,313650.0,313840.0,314019.0,314144.0,314310.0,314476.0,314601.0,314811.0,315053.0,315271.0,315495.0,315722.0,315913.0,316191.0,316394.0,316607.0,316842.0,317082.0,317341.0,317595.0,317861.0,318078.0,318316.0,318585.0,318846.0,319117.0,319328.0,319584.0,319842.0,320049.0,320278.0,320493.0,320737.0,320936.0,321261.0,321540.0,321843.0,322112.0,322426.0,322693.0,322955.0,323194.0,323464.0,323756.0,324044.0,324347.0,324610.0,324915.0,325169.0,325428.0,325706.0,325970.0,326186.0,326388.0,326627.0,326868.0,327083.0,327341.0,327621.0,327862.0,328075.0,328330.0,328565.0,328801.0,329021.0,329279.0,329493.0,329757.0,330020.0,330260.0,330499.0,330827.0,331031.0,331325.0,331561.0,331818.0,332167.0,332439.0,332720.0,332934.0,333190.0,333392.0,333570.0,333746.0,333948.0,,,,,,,,,335975.0,336209.0,336390.0,336565.0,336712.0,336914.0,337059.0,337197.0,337368.0,337515.0,337696.0,337831.0,338035.0,338215.0,338360.0,338500.0,338626.0,338753.0,338863.0,339048.0,339250.0,339390.0,339565.0,339754.0,339991.0,340159.0,340353.0,340544.0,340743.0,340951.0,341199.0,341412.0,341648.0,341846.0,342020.0,342232.0,342404.0,342607.0,342785.0,342959.0,343167.0,343377.0,343588.0,343829.0,344015.0,344219.0,344433.0,344665.0,344844.0,345036.0,345204.0,345398.0,345565.0,345807.0,345973.0,346155.0,346348.0,346521.0,346671.0,346862.0,347062.0,347245.0,347374.0,347565.0,347729.0,347924.0,348152.0,348297.0,348463.0,348612.0,348778.0,348947
GHoQI4TycpA,85529.0,85533.0,85540.0,85544.0,85548.0,85557.0,85561.0,85566.0,85575.0,85579.0,85580.0,85584.0,85587.0,85589.0,85596.0,85600.0,85606.0,85610.0,85616.0,85625.0,85638.0,85646.0,85656.0,85661.0,85666.0,85673.0,85677.0,85682.0,85685.0,85690.0,85705.0,85711.0,85717.0,85722.0,85731.0,85736.0,85743.0,85745.0,85751.0,85758.0,85760.0,85766.0,85774.0,85779.0,85784.0,85789.0,85791.0,85796.0,85802.0,85807.0,85814.0,85817.0,85827.0,85832.0,85840.0,85845.0,85847.0,85849.0,85857.0,85862.0,85869.0,85876.0,85878.0,85883.0,85886.0,85889.0,85897.0,85901.0,85904.0,85907.0,85912.0,85917.0,85924.0,85929.0,85935.0,85940.0,85943.0,85951.0,85957.0,85959.0,85964.0,85969.0,85970.0,85974.0,85979.0,85983.0,85991.0,85995.0,85997.0,85997.0,85999.0,86003.0,86006.0,86007.0,86010.0,86012.0,86016.0,86019.0,86021.0,86030.0,86033.0,86035.0,86039.0,86041.0,86044.0,86049.0,86053.0,86055.0,86056.0,86065.0,86069.0,86072.0,86079.0,86089.0,86091.0,86096.0,86102.0,86107.0,86117.0,86121.0,86126.0,86132.0,86139.0,86144.0,86148.0,86156.0,86158.0,86161.0,86166.0,86168.0,86174.0,86178.0,86182.0,86183.0,,,,,,,,,86215.0,86218.0,86221.0,86225.0,86227.0,86233.0,86239.0,86240.0,86241.0,86245.0,86247.0,86253.0,86256.0,86263.0,86267.0,86272.0,86275.0,86278.0,86280.0,86287.0,86293.0,86296.0,86304.0,86311.0,86315.0,86323.0,86324.0,86327.0,86331.0,86337.0,86339.0,86346.0,86350.0,86354.0,86355.0,86359.0,86360.0,86362.0,86363.0,86368.0,86369.0,86370.0,86371.0,86371.0,86375.0,86380.0,86387.0,86389.0,86393.0,86400.0,86401.0,86403.0,86407.0,86409.0,86410.0,86413.0,86417.0,86418.0,86419.0,86421.0,86424.0,86426.0,86427.0,86428.0,86430.0,86431.0,86435.0,86438.0,86440.0,86443.0,86447.0,86455
7pSqNK1E3qI,87998.0,88001.0,88008.0,88013.0,88017.0,88019.0,88024.0,88029.0,88034.0,88036.0,88042.0,88045.0,88050.0,88053.0,88061.0,88068.0,88079.0,88083.0,88086.0,88101.0,88107.0,88111.0,88114.0,88118.0,88123.0,88129.0,88138.0,88147.0,88156.0,88163.0,88166.0,88172.0,88176.0,88180.0,88184.0,88191.0,88197.0,88204.0,88212.0,88217.0,88227.0,88229.0,88230.0,88237.0,88246.0,88252.0,88255.0,88263.0,88269.0,88276.0,88292.0,88297.0,88302.0,88306.0,88310.0,88313.0,88319.0,88323.0,88329.0,88330.0,88331.0,88331.0,88333.0,88344.0,88355.0,88372.0,88382.0,88397.0,88401.0,88416.0,88428.0,88431.0,88437.0,88446.0,88450.0,88460.0,88466.0,88469.0,88476.0,88479.0,88484.0,88490.0,88497.0,88499.0,88504.0,88504.0,88508.0,88516.0,88522.0,88529.0,88534.0,88543.0,88545.0,88554.0,88558.0,88564.0,88565.0,88567.0,88570.0,88576.0,88579.0,88582.0,88589.0,88593.0,88601.0,88604.0,88606.0,88610.0,88612.0,88614.0,88616.0,88620.0,88624.0,88630.0,88630.0,88631.0,88636.0,88637.0,88642.0,88643.0,88648.0,88650.0,88659.0,88666.0,88669.0,88671.0,88674.0,88678.0,88682.0,88685.0,88690.0,88694.0,88695.0,88697.0,,,,,,,,,88737.0,88737.0,88738.0,88742.0,88744.0,88747.0,88754.0,88757.0,88763.0,88766.0,88769.0,88771.0,88772.0,88776.0,88782.0,88784.0,88785.0,88785.0,88787.0,88789.0,88789.0,88791.0,88793.0,88796.0,88796.0,88799.0,88801.0,88804.0,88806.0,88809.0,88813.0,88815.0,88820.0,88823.0,88824.0,88825.0,88825.0,88827.0,88833.0,88836.0,88841.0,88844.0,88847.0,88849.0,88853.0,88862.0,88866.0,88867.0,88868.0,88873.0,88876.0,88880.0,88887.0,88888.0,88890.0,88892.0,88894.0,88896.0,88898.0,88899.0,88903.0,88908.0,88910.0,88910.0,88916.0,88920.0,88926.0,88932.0,88934.0,88943.0,88950.0,88956
PbLXi0Picww,9442.0,9443.0,9444.0,9444.0,9444.0,9445.0,9447.0,9447.0,9447.0,9447.0,9447.0,9448.0,9454.0,9454.0,9457.0,9457.0,9459.0,9459.0,9459.0,9459.0,9459.0,9462.0,9464.0,9464.0,9465.0,9465.0,9466.0,9466.0,9466.0,9467.0,9468.0,9469.0,9471.0,9474.0,9474.0,9474.0,9475.0,9476.0,9477.0,9477.0,9478.0,9479.0,9480.0,9482.0,9482.0,9483.0,9484.0,9487.0,9488.0,9490.0,9490.0,9491.0,9491.0,9491.0,9491.0,9493.0,9495.0,9498.0,9499.0,9500.0,9500.0,9502.0,9503.0,9504.0,9505.0,9507.0,9507.0,9507.0,9514.0,9516.0,9519.0,9520.0,9521.0,9522.0,9526.0,9528.0,9529.0,9529.0,9531.0,9533.0,9534.0,9535.0,9536.0,9537.0,9537.0,9538.0,9538.0,9539.0,9539.0,9540.0,9540.0,9541.0,9541.0,9541.0,9541.0,9551.0,9557.0,9559.0,9560.0,9564.0,9565.0,9567.0,9568.0,9568.0,9570.0,9570.0,9570.0,9570.0,9570.0,9570.0,9572.0,9573.0,9574.0,9582.0,9586.0,9587.0,9587.0,9587.0,9588.0,9588.0,9589.0,9589.0,9590.0,9592.0,9594.0,9594.0,9601.0,9602.0,9604.0,9604.0,9605.0,9605.0,9605.0,9606.0,,,,,,,,,9611.0,9611.0,9612.0,9613.0,9613.0,9614.0,9615.0,9615.0,9616.0,9619.0,9623.0,9623.0,9623.0,9624.0,9624.0,9625.0,9626.0,9626.0,9626.0,9628.0,9628.0,9629.0,9631.0,9631.0,9631.0,9631.0,9632.0,9634.0,9641.0,9641.0,9642.0,9643.0,9643.0,9645.0,9647.0,9649.0,9652.0,9652.0,9652.0,9652.0,9652.0,9653.0,9654.0,9654.0,9655.0,9655.0,9660.0,9666.0,9667.0,9670.0,9671.0,9676.0,9680.0,9681.0,9681.0,9681.0,9681.0,9682.0,9685.0,9687.0,9692.0,9693.0,9693.0,9695.0,9697.0,9698.0,9698.0,9698.0,9701.0,9701.0,9702.0,9703
zs8G--RvhUs,20266.0,20276.0,20284.0,20292.0,20296.0,20298.0,20305.0,20310.0,20316.0,20323.0,20336.0,20339.0,20350.0,20356.0,20362.0,20368.0,20375.0,20379.0,20386.0,20396.0,20406.0,20414.0,20422.0,20430.0,20437.0,20443.0,20453.0,20457.0,20465.0,20469.0,20474.0,20481.0,20490.0,20497.0,20504.0,20506.0,20509.0,20512.0,20519.0,20524.0,20528.0,20534.0,20541.0,20548.0,20557.0,20563.0,20573.0,20576.0,20577.0,20588.0,20600.0,20607.0,20613.0,20617.0,20619.0,20622.0,20628.0,20633.0,20641.0,20646.0,20651.0,20655.0,20662.0,20666.0,20672.0,20677.0,20683.0,20687.0,20700.0,20706.0,20715.0,20719.0,20731.0,20735.0,20742.0,20748.0,20753.0,20755.0,20765.0,20776.0,20780.0,20786.0,20790.0,20794.0,20799.0,20809.0,20815.0,20819.0,20825.0,20831.0,20835.0,20838.0,20844.0,20846.0,20848.0,20854.0,20863.0,20866.0,20874.0,20885.0,20895.0,20900.0,20910.0,20915.0,20923.0,20926.0,20936.0,20940.0,20945.0,20950.0,20955.0,20958.0,20962.0,20965.0,20970.0,20971.0,20974.0,20976.0,20978.0,20978.0,20979.0,20983.0,20982.0,20985.0,20989.0,20994.0,20994.0,21001.0,21005.0,21007.0,21009.0,21015.0,21019.0,21022.0,,,,,,,,,21064.0,21065.0,21072.0,21078.0,21088.0,21101.0,21107.0,21116.0,21131.0,21135.0,21141.0,21148.0,21156.0,21164.0,21170.0,21174.0,21176.0,21179.0,21180.0,21181.0,21185.0,21188.0,21194.0,21197.0,21202.0,21204.0,21207.0,21212.0,21214.0,21220.0,21221.0,21224.0,21231.0,21235.0,21241.0,21246.0,21248.0,21252.0,21253.0,21256.0,21260.0,21261.0,21264.0,21268.0,21270.0,21274.0,21279.0,21288.0,21294.0,21298.0,21301.0,21307.0,21308.0,21313.0,21319.0,21324.0,21326.0,21329.0,21334.0,21340.0,21345.0,21347.0,21352.0,21353.0,21356.0,21362.0,21367.0,21375.0,21382.0,21389.0,21393.0,21396
qCDCfwkHzfM,156.0,156.0,156.0,156.0,156.0,156.0,156.0,156.0,157.0,157.0,157.0,157.0,157.0,158.0,158.0,158.0,158.0,159.0,159.0,159.0,159.0,159.0,159.0,159.0,159.0,159.0,159.0,159.0,159.0,159.0,159.0,159.0,159.0,160.0,160.0,160.0,160.0,160.0,160.0,160.0,160.0,160.0,160.0,160.0,160.0,160.0,160.0,160.0,160.0,160.0,160.0,160.0,160.0,160.0,160.0,160.0,160.0,160.0,160.0,160.0,160.0,160.0,161.0,161.0,161.0,161.0,161.0,161.0,161.0,161.0,161.0,161.0,161.0,161.0,161.0,161.0,161.0,161.0,161.0,161.0,161.0,162.0,162.0,162.0,162.0,162.0,162.0,162.0,162.0,162.0,162.0,162.0,162.0,162.0,162.0,162.0,162.0,162.0,162.0,162.0,162.0,162.0,162.0,162.0,162.0,162.0,162.0,162.0,162.0,162.0,162.0,162.0,162.0,162.0,162.0,162.0,162.0,162.0,162.0,162.0,162.0,162.0,162.0,163.0,163.0,163.0,163.0,163.0,163.0,163.0,163.0,163.0,163.0,163.0,,,,,,,,,163.0,163.0,163.0,163.0,163.0,163.0,163.0,163.0,163.0,163.0,163.0,163.0,163.0,163.0,163.0,163.0,163.0,163.0,163.0,163.0,163.0,163.0,163.0,163.0,163.0,163.0,163.0,163.0,163.0,163.0,163.0,163.0,163.0,163.0,163.0,163.0,163.0,163.0,163.0,163.0,163.0,163.0,163.0,163.0,163.0,163.0,163.0,163.0,163.0,163.0,163.0,163.0,163.0,163.0,163.0,163.0,163.0,163.0,163.0,163.0,163.0,163.0,163.0,163.0,163.0,163.0,163.0,163.0,163.0,163.0,163.0,163
DTnn3ctu8mI,188.0,188.0,188.0,188.0,188.0,188.0,188.0,189.0,189.0,189.0,189.0,189.0,189.0,190.0,190.0,190.0,190.0,191.0,191.0,191.0,191.0,191.0,191.0,191.0,191.0,191.0,191.0,191.0,191.0,191.0,191.0,191.0,191.0,192.0,192.0,192.0,192.0,192.0,192.0,192.0,193.0,193.0,193.0,193.0,193.0,193.0,193.0,193.0,193.0,193.0,193.0,193.0,193.0,193.0,193.0,193.0,193.0,193.0,193.0,193.0,193.0,193.0,193.0,194.0,194.0,194.0,194.0,194.0,194.0,194.0,194.0,194.0,194.0,194.0,194.0,194.0,194.0,194.0,194.0,194.0,194.0,194.0,195.0,195.0,195.0,195.0,195.0,195.0,195.0,195.0,197.0,197.0,197.0,197.0,197.0,197.0,197.0,197.0,197.0,197.0,197.0,197.0,197.0,197.0,197.0,197.0,197.0,197.0,197.0,198.0,198.0,199.0,199.0,199.0,199.0,199.0,199.0,199.0,199.0,200.0,200.0,200.0,200.0,200.0,200.0,200.0,200.0,200.0,200.0,200.0,200.0,200.0,200.0,201.0,,,,,,,,,201.0,201.0,201.0,201.0,201.0,201.0,201.0,201.0,201.0,201.0,201.0,201.0,201.0,201.0,201.0,201.0,201.0,201.0,201.0,201.0,201.0,201.0,201.0,201.0,201.0,201.0,201.0,202.0,202.0,202.0,202.0,202.0,202.0,202.0,202.0,202.0,202.0,202.0,202.0,202.0,202.0,202.0,202.0,202.0,202.0,202.0,202.0,202.0,202.0,202.0,202.0,202.0,202.0,202.0,202.0,202.0,202.0,202.0,202.0,202.0,202.0,202.0,202.0,202.0,202.0,202.0,202.0,202.0,202.0,202.0,202.0,202
ixE-BCFd08Q,716.0,716.0,716.0,718.0,718.0,718.0,719.0,719.0,719.0,720.0,720.0,721.0,722.0,724.0,725.0,725.0,726.0,726.0,726.0,726.0,726.0,726.0,726.0,726.0,726.0,726.0,726.0,726.0,726.0,726.0,726.0,727.0,727.0,727.0,727.0,733.0,737.0,740.0,740.0,741.0,741.0,741.0,742.0,743.0,743.0,744.0,745.0,746.0,748.0,752.0,752.0,753.0,754.0,755.0,757.0,757.0,757.0,757.0,757.0,758.0,760.0,761.0,761.0,761.0,761.0,761.0,761.0,762.0,762.0,762.0,762.0,765.0,766.0,767.0,767.0,769.0,771.0,772.0,772.0,773.0,773.0,775.0,778.0,779.0,779.0,779.0,779.0,779.0,779.0,780.0,780.0,780.0,780.0,780.0,780.0,780.0,780.0,780.0,780.0,780.0,780.0,780.0,780.0,780.0,780.0,781.0,781.0,787.0,791.0,799.0,800.0,802.0,804.0,808.0,809.0,809.0,811.0,811.0,812.0,812.0,814.0,817.0,817.0,817.0,818.0,818.0,820.0,821.0,822.0,822.0,822.0,823.0,823.0,825.0,,,,,,,,,829.0,829.0,829.0,829.0,830.0,830.0,830.0,831.0,834.0,836.0,836.0,837.0,837.0,837.0,838.0,841.0,846.0,846.0,849.0,850.0,850.0,852.0,853.0,853.0,853.0,853.0,854.0,854.0,855.0,861.0,870.0,870.0,873.0,873.0,874.0,878.0,880.0,881.0,882.0,882.0,884.0,892.0,893.0,897.0,897.0,898.0,898.0,898.0,898.0,898.0,898.0,898.0,898.0,898.0,901.0,915.0,919.0,922.0,922.0,922.0,922.0,922.0,923.0,923.0,923.0,923.0,923.0,923.0,923.0,923.0,929.0,929
X55zCRySivc,386279.0,386292.0,386297.0,386320.0,386336.0,386347.0,386365.0,386389.0,386402.0,386417.0,386431.0,386452.0,386480.0,386494.0,386512.0,386534.0,386549.0,386562.0,386585.0,386605.0,386625.0,386640.0,386654.0,386664.0,386678.0,386694.0,386703.0,386716.0,386730.0,386757.0,386770.0,386781.0,386799.0,386814.0,386836.0,386849.0,386867.0,386876.0,386894.0,386904.0,386916.0,386929.0,386940.0,386964.0,386975.0,386992.0,387002.0,387017.0,387029.0,387049.0,387066.0,387082.0,387091.0,387106.0,387120.0,387129.0,387141.0,387155.0,387169.0,387185.0,387204.0,387222.0,387236.0,387250.0,387267.0,387280.0,387292.0,387309.0,387326.0,387342.0,387357.0,387371.0,387378.0,387392.0,387425.0,387442.0,387463.0,387488.0,387506.0,387529.0,387556.0,387576.0,387596.0,387621.0,387642.0,387652.0,387667.0,387688.0,387699.0,387713.0,387728.0,387741.0,387758.0,387765.0,387777.0,387798.0,387818.0,387838.0,387859.0,387879.0,387891.0,387903.0,387920.0,387943.0,387961.0,387991.0,388018.0,388032.0,388053.0,388067.0,388079.0,388098.0,388114.0,388125.0,388145.0,388161.0,388178.0,388208.0,388236.0,388258.0,388279.0,388298.0,388314.0,388327.0,388352.0,388358.0,388367.0,388380.0,388395.0,388412.0,388431.0,388444.0,388459.0,388470.0,,,,,,,,,388589.0,388601.0,388616.0,388633.0,388648.0,388662.0,388680.0,388693.0,388707.0,388724.0,388742.0,388758.0,388784.0,388814.0,388833.0,388849.0,388870.0,388887.0,388904.0,388921.0,388942.0,388955.0,388969.0,388988.0,389006.0,389028.0,389047.0,389067.0,389085.0,389097.0,389107.0,389119.0,389150.0,389169.0,389192.0,389213.0,389247.0,389272.0,389296.0,389316.0,389339.0,389348.0,389365.0,389384.0,389402.0,389413.0,389428.0,389454.0,389484.0,389508.0,389537.0,389576.0,389743.0,389809.0,389835.0,389851.0,389867.0,389876.0,389884.0,389897.0,389910.0,389930.0,389939.0,389955.0,389969.0,389982.0,390000.0,390019.0,390035.0,390055.0,390070.0,390086
sgjWvo4-GUA,6508612.0,6510686.0,6512741.0,6514628.0,6516676.0,6518854.0,6521149.0,6523462.0,6525999.0,6528238.0,6530149.0,6532573.0,6535167.0,6537597.0,6540311.0,6543002.0,6545455.0,6547772.0,6550289.0,6552939.0,6555665.0,6558773.0,6561887.0,6564847.0,6567412.0,6569924.0,6572726.0,6575391.0,6577967.0,6580713.0,6583496.0,6585883.0,6588306.0,6591281.0,6594241.0,6597025.0,6599733.0,6602789.0,6605970.0,6608709.0,6611798.0,6614960.0,6617996.0,6621222.0,6624409.0,6627235.0,6629990.0,6632858.0,6635828.0,6638848.0,6641783.0,6645496.0,6648742.0,6652120.0,6656005.0,6659592.0,6663076.0,6666582.0,6669664.0,6672714.0,6675776.0,6679046.0,6682486.0,6685802.0,6689277.0,6692383.0,6695177.0,6699282.0,6702908.0,6707856.0,6711961.0,6715568.0,6719241.0,6722697.0,6726351.0,6729925.0,6733729.0,6737486.0,6741089.0,6744611.0,6747569.0,6750680.0,6754091.0,6757806.0,6761539.0,6765492.0,6768868.0,6772048.0,6775502.0,6779252.0,6783086.0,6787190.0,6791447.0,6795052.0,6798206.0,6801626.0,6805450.0,6809297.0,6813246.0,6817346.0,6820697.0,6824073.0,6827463.0,6830952.0,6834304.0,6837561.0,6840937.0,6844193.0,6847198.0,6850573.0,6854054.0,6857705.0,6861361.0,6865323.0,6868679.0,6871527.0,6874642.0,6877836.0,6881022.0,6884464.0,6887977.0,6891108.0,6894405.0,6897319.0,6900286.0,6903171.0,6906447.0,6909460.0,6912580.0,6915291.0,6918230.0,6921562.0,6924951.0,6928459.0,,,,,,,,,6961320.0,6965087.0,6968786.0,6972056.0,6975054.0,6978461.0,6981345.0,6984172.0,6986801.0,6989127.0,6991662.0,6994091.0,6996861.0,6999485.0,7001978.0,7003947.0,7006546.0,7009254.0,7011867.0,7014560.0,7017389.0,7020115.0,7022711.0,7025423.0,7028227.0,7030912.0,7033747.0,7036759.0,7039580.0,7042116.0,7044817.0,7047731.0,7050563.0,7053502.0,7056466.0,7059259.0,7061848.0,7064518.0,7067607.0,7070723.0,7073654.0,7076583.0,7079356.0,7081821.0,7084633.0,7087516.0,7090398.0,7093551.0,7096695.0,7099410.0,7102117.0,7104921.0,7107956.0,7111145.0,7114259.0,7117536.0,7120407.0,7122748.0,7125599.0,7128364.0,7131308.0,7133871.0,7136672.0,7139387.0,7141926.0,7144800.0,7148464.0,7152083.0,7155003.0,7158244.0,7161282.0,7163988
N50tNOnlRKk,2108114.0,2108293.0,2108502.0,2108686.0,2108906.0,2109097.0,2109296.0,2109529.0,2109699.0,2109895.0,2110160.0,2110373.0,2110577.0,2110762.0,2110989.0,2111193.0,2111416.0,2111599.0,2111809.0,2111987.0,2112182.0,2112379.0,2112572.0,2112738.0,2112932.0,2113128.0,2113362.0,2113598.0,2113833.0,2114006.0,2114169.0,2114327.0,2114493.0,2114702.0,2114868.0,2115048.0,2115243.0,2115424.0,2115612.0,2115768.0,2115932.0,2116105.0,2116291.0,2116526.0,2116729.0,2116920.0,2117108.0,2117278.0,2117432.0,2117617.0,2117779.0,2117976.0,2118155.0,2118316.0,2118457.0,2118651.0,2118816.0,2118957.0,2119166.0,2119352.0,2119558.0,2119787.0,2119993.0,2120197.0,2120384.0,2120574.0,2120766.0,2121032.0,2121210.0,2121424.0,2121659.0,2121850.0,2121999.0,2122179.0,2122383.0,2122606.0,2122795.0,2122991.0,2123181.0,2123362.0,2123514.0,2123669.0,2123825.0,2124051.0,2124222.0,2124409.0,2124575.0,2124726.0,2124910.0,2125055.0,2125214.0,2125404.0,2125563.0,2125689.0,2125851.0,2126017.0,2126195.0,2126362.0,2126524.0,2126681.0,2126812.0,2126986.0,2127180.0,2127339.0,2127528.0,2127660.0,2127863.0,2128027.0,2128196.0,2128376.0,2128570.0,2128753.0,2128927.0,2129110.0,2129311.0,2129504.0,2129664.0,2129886.0,2130079.0,2130243.0,2130422.0,2130605.0,2130798.0,2130978.0,2131166.0,2131343.0,2131484.0,2131666.0,2131845.0,2132033.0,2132187.0,2132331.0,2132473.0,2132639.0,,,,,,,,,2134232.0,2134453.0,2134705.0,2134998.0,2135274.0,2135617.0,2135953.0,2136241.0,2136510.0,2136732.0,2136933.0,2137149.0,2137364.0,2137602.0,2137817.0,2137966.0,2138157.0,2138302.0,2138516.0,2138682.0,2138897.0,2139049.0,2139256.0,2139445.0,2139600.0,2139792.0,2139974.0,2140176.0,2140370.0,2140541.0,2140749.0,2140943.0,2141151.0,2141400.0,2141670.0,2141933.0,2142210.0,2142493.0,2142769.0,2143018.0,2143313.0,2143664.0,2143993.0,2144269.0,2144630.0,2144958.0,2145227.0,2145524.0,2145797.0,2146059.0,2146332.0,2146616.0,2146851.0,2147099.0,2147385.0,2147667.0,2147865.0,2148093.0,2148337.0,2148589.0,2148791.0,2149072.0,2149287.0,2149486.0,2149777.0,2149990.0,2150299.0,2150578.0,2150814.0,2151024.0,2151246.0,2151462
YSBU16cKwJI,41016.0,41026.0,41040.0,41056.0,41061.0,41075.0,41084.0,41091.0,41099.0,41106.0,41118.0,41122.0,41127.0,41138.0,41149.0,41163.0,41172.0,41184.0,41197.0,41212.0,41223.0,41233.0,41238.0,41245.0,41249.0,41254.0,41256.0,41261.0,41266.0,41270.0,41274.0,41279.0,41281.0,41289.0,41300.0,41313.0,41320.0,41325.0,41331.0,41336.0,41344.0,41349.0,41358.0,41365.0,41373.0,41382.0,41385.0,41393.0,41393.0,41402.0,41410.0,41411.0,41413.0,41417.0,41422.0,41425.0,41430.0,41429.0,41428.0,41428.0,41432.0,41439.0,41444.0,41448.0,41451.0,41459.0,41463.0,41471.0,41476.0,41484.0,41488.0,41493.0,41498.0,41505.0,41508.0,41513.0,41523.0,41531.0,41538.0,41542.0,41545.0,41550.0,41554.0,41558.0,41563.0,41592.0,41600.0,41606.0,41612.0,41614.0,41617.0,41621.0,41627.0,41633.0,41635.0,41640.0,41648.0,41652.0,41661.0,41669.0,41677.0,41680.0,41683.0,41686.0,41709.0,41712.0,41718.0,41721.0,41727.0,41733.0,41742.0,41744.0,41745.0,41748.0,41752.0,41753.0,41757.0,41760.0,41762.0,41768.0,41774.0,41776.0,41778.0,41781.0,41783.0,41788.0,41790.0,41793.0,41793.0,41794.0,41798.0,41800.0,41801.0,41804.0,,,,,,,,,41839.0,41851.0,41855.0,41857.0,41861.0,41864.0,41868.0,41874.0,41879.0,41883.0,41886.0,41889.0,41892.0,41898.0,41901.0,41905.0,41909.0,41911.0,41913.0,41916.0,41921.0,41923.0,41927.0,41930.0,41933.0,41934.0,41941.0,41941.0,41946.0,41948.0,41949.0,41950.0,41953.0,41955.0,41957.0,41961.0,41966.0,41969.0,41971.0,41974.0,41978.0,41980.0,41982.0,41983.0,41985.0,41988.0,41991.0,41993.0,41998.0,42001.0,42005.0,42008.0,42009.0,42017.0,42021.0,42025.0,42027.0,42032.0,42033.0,42033.0,42039.0,42041.0,42046.0,42048.0,42050.0,42054.0,42056.0,42057.0,42061.0,42070.0,42075.0,42077
LYa3hYhi4IE,90325.0,90334.0,90342.0,90352.0,90373.0,90385.0,90394.0,90403.0,90420.0,90436.0,90448.0,90467.0,90480.0,90492.0,90509.0,90528.0,90544.0,90554.0,90566.0,90573.0,90589.0,90611.0,90627.0,90644.0,90655.0,90660.0,90685.0,90703.0,90719.0,90735.0,90744.0,90759.0,90768.0,90779.0,90790.0,90800.0,90811.0,90819.0,90827.0,90838.0,90853.0,90872.0,90887.0,90905.0,90928.0,90942.0,90955.0,90965.0,90986.0,90999.0,91010.0,91024.0,91035.0,91049.0,91060.0,91070.0,91075.0,91089.0,91100.0,91108.0,91126.0,91143.0,91156.0,91164.0,91180.0,91188.0,91201.0,91218.0,91244.0,91269.0,91284.0,91306.0,91321.0,91330.0,91351.0,91376.0,91397.0,91409.0,91444.0,91464.0,91517.0,91531.0,91553.0,91569.0,91579.0,91593.0,91603.0,91613.0,91628.0,91641.0,91663.0,91673.0,91686.0,91702.0,91714.0,91725.0,91734.0,91745.0,91765.0,91778.0,91789.0,91793.0,91807.0,91822.0,91833.0,91844.0,91855.0,91867.0,91876.0,91886.0,91905.0,91916.0,91932.0,91948.0,91962.0,91969.0,91985.0,91995.0,92012.0,92027.0,92039.0,92052.0,92060.0,92072.0,92085.0,92094.0,92101.0,92110.0,92115.0,92120.0,92139.0,92151.0,92164.0,92177.0,,,,,,,,,92301.0,92322.0,92343.0,92358.0,92369.0,92385.0,92405.0,92419.0,92438.0,92452.0,92464.0,92488.0,92513.0,92536.0,92542.0,92551.0,92576.0,92591.0,92605.0,92612.0,92635.0,92648.0,92669.0,92701.0,92725.0,92743.0,92759.0,92771.0,92790.0,92815.0,92833.0,92847.0,92872.0,92888.0,92899.0,92906.0,92918.0,92942.0,92956.0,92971.0,92992.0,93014.0,93033.0,93050.0,93066.0,93088.0,93101.0,93115.0,93130.0,93146.0,93168.0,93189.0,93203.0,93214.0,93232.0,93238.0,93248.0,93259.0,93271.0,93278.0,93288.0,93292.0,93306.0,93316.0,93326.0,93337.0,93354.0,93407.0,93405.0,93420.0,93409.0,93425
Uus8hkAwnHY,82641.0,82644.0,82647.0,82649.0,82652.0,82660.0,82663.0,82667.0,82673.0,82684.0,82687.0,82690.0,82692.0,82697.0,82699.0,82700.0,82704.0,82706.0,82710.0,82713.0,82713.0,82718.0,82721.0,82724.0,82727.0,82729.0,82733.0,82733.0,82735.0,82736.0,82738.0,82739.0,82742.0,82743.0,82745.0,82748.0,82755.0,82758.0,82761.0,82765.0,82767.0,82773.0,82780.0,82793.0,82802.0,82812.0,82818.0,82829.0,82837.0,82847.0,82861.0,82875.0,82889.0,82899.0,82904.0,82916.0,82922.0,82934.0,82940.0,82949.0,82958.0,82967.0,82973.0,82979.0,82984.0,82992.0,82999.0,83004.0,83006.0,83010.0,83015.0,83019.0,83023.0,83028.0,83035.0,83037.0,83044.0,83049.0,83057.0,83060.0,83065.0,83078.0,83085.0,83088.0,83093.0,83099.0,83105.0,83113.0,83120.0,83123.0,83130.0,83144.0,83147.0,83149.0,83156.0,83161.0,83173.0,83179.0,83193.0,83201.0,83202.0,83208.0,83214.0,83222.0,83227.0,83235.0,83243.0,83250.0,83255.0,83262.0,83266.0,83282.0,83290.0,83295.0,83301.0,83303.0,83303.0,83305.0,83312.0,83317.0,83322.0,83323.0,83327.0,83329.0,83334.0,83341.0,83343.0,83352.0,83356.0,83361.0,83363.0,83366.0,83372.0,83376.0,,,,,,,,,83428.0,83433.0,83437.0,83446.0,83452.0,83459.0,83467.0,83471.0,83474.0,83479.0,83486.0,83491.0,83498.0,83500.0,83499.0,83504.0,83506.0,83506.0,83508.0,83510.0,83517.0,83518.0,83520.0,83527.0,83534.0,83536.0,83539.0,83551.0,83552.0,83552.0,83556.0,83561.0,83567.0,83571.0,83572.0,83572.0,83572.0,83573.0,83577.0,83582.0,83586.0,83591.0,83591.0,83593.0,83599.0,83602.0,83608.0,83616.0,83623.0,83623.0,83625.0,83632.0,83638.0,83646.0,83651.0,83660.0,83663.0,83664.0,83674.0,83679.0,83687.0,83691.0,83699.0,83705.0,83707.0,83721.0,83733.0,83739.0,83741.0,83747.0,83753.0,83762
dVzORbMtacU,1065.0,1066.0,1067.0,1071.0,1071.0,1075.0,1080.0,1082.0,1089.0,1096.0,1101.0,1103.0,1103.0,1107.0,1114.0,1124.0,1128.0,1133.0,1135.0,1138.0,1144.0,1152.0,1158.0,1161.0,1171.0,1175.0,1185.0,1190.0,1194.0,1200.0,1204.0,1210.0,1216.0,1220.0,1221.0,1228.0,1233.0,1237.0,1242.0,1247.0,1251.0,1253.0,1256.0,1259.0,1264.0,1272.0,1280.0,1290.0,1303.0,1322.0,1331.0,1343.0,1352.0,1362.0,1364.0,1370.0,1377.0,1381.0,1385.0,1388.0,1395.0,1399.0,1402.0,1411.0,1427.0,1430.0,1436.0,1440.0,1442.0,1442.0,1449.0,1455.0,1458.0,1464.0,1465.0,1466.0,1468.0,1475.0,1479.0,1483.0,1495.0,1495.0,1498.0,1499.0,1501.0,1505.0,1510.0,1510.0,1512.0,1515.0,1518.0,1523.0,1529.0,1533.0,1537.0,1539.0,1544.0,1549.0,1550.0,1554.0,1559.0,1566.0,1569.0,1572.0,1577.0,1578.0,1582.0,1585.0,1586.0,1594.0,1596.0,1604.0,1610.0,1612.0,1613.0,1615.0,1618.0,1623.0,1629.0,1631.0,1639.0,1649.0,1655.0,1658.0,1672.0,1678.0,1681.0,1685.0,1689.0,1691.0,1693.0,1697.0,1699.0,1706.0,,,,,,,,,1728.0,1732.0,1739.0,1742.0,1746.0,1748.0,1749.0,1751.0,1758.0,1760.0,1761.0,1762.0,1764.0,1764.0,1765.0,1766.0,1769.0,1769.0,1773.0,1775.0,1775.0,1778.0,1778.0,1778.0,1780.0,1780.0,1786.0,1793.0,1797.0,1798.0,1801.0,1807.0,1811.0,1818.0,1825.0,1830.0,1831.0,1832.0,1835.0,1836.0,1839.0,1840.0,1840.0,1845.0,1854.0,1857.0,1859.0,1862.0,1863.0,1865.0,1865.0,1866.0,1869.0,1875.0,1878.0,1881.0,1884.0,1884.0,1886.0,1888.0,1893.0,1897.0,1897.0,1900.0,1902.0,1904.0,1907.0,1909.0,1911.0,1911.0,1914.0,1919
tOAp6uW8QWA,4695.0,4695.0,4697.0,4697.0,4698.0,4699.0,4701.0,4701.0,4702.0,4702.0,4703.0,4704.0,4706.0,4706.0,4706.0,4707.0,4707.0,4707.0,4707.0,4707.0,4707.0,4707.0,4707.0,4707.0,4707.0,4707.0,4708.0,4708.0,4708.0,4708.0,4708.0,4709.0,4709.0,4712.0,4715.0,4715.0,4715.0,4716.0,4716.0,4718.0,4719.0,4719.0,4720.0,4721.0,4723.0,4723.0,4723.0,4723.0,4725.0,4725.0,4725.0,4725.0,4725.0,4727.0,4728.0,4728.0,4728.0,4728.0,4728.0,4728.0,4728.0,4728.0,4729.0,4729.0,4730.0,4730.0,4730.0,4730.0,4730.0,4730.0,4731.0,4731.0,4732.0,4732.0,4732.0,4732.0,4733.0,4735.0,4735.0,4735.0,4735.0,4735.0,4735.0,4735.0,4735.0,4735.0,4735.0,4735.0,4735.0,4735.0,4735.0,4735.0,4737.0,4739.0,4741.0,4741.0,4742.0,4743.0,4743.0,4743.0,4743.0,4744.0,4744.0,4744.0,4745.0,4747.0,4747.0,4747.0,4747.0,4747.0,4747.0,4747.0,4748.0,4749.0,4749.0,4750.0,4750.0,4750.0,4750.0,4750.0,4750.0,4750.0,4750.0,4751.0,4751.0,4751.0,4751.0,4751.0,4751.0,4751.0,4751.0,4751.0,4751.0,4751.0,,,,,,,,,4754.0,4754.0,4755.0,4755.0,4755.0,4755.0,4756.0,4756.0,4757.0,4758.0,4758.0,4759.0,4760.0,4760.0,4760.0,4760.0,4760.0,4760.0,4760.0,4760.0,4760.0,4761.0,4761.0,4761.0,4761.0,4761.0,4761.0,4762.0,4762.0,4762.0,4762.0,4762.0,4762.0,4762.0,4762.0,4762.0,4762.0,4762.0,4763.0,4764.0,4764.0,4764.0,4764.0,4764.0,4764.0,4764.0,4765.0,4765.0,4765.0,4765.0,4765.0,4766.0,4767.0,4767.0,4767.0,4768.0,4768.0,4768.0,4768.0,4769.0,4769.0,4769.0,4769.0,4769.0,4769.0,4769.0,4769.0,4769.0,4769.0,4769.0,4769.0,4769
ZDI8MKqv-VM,1945.0,1945.0,1945.0,1945.0,1945.0,1945.0,1946.0,1946.0,1946.0,1946.0,1946.0,1946.0,1947.0,1948.0,1948.0,1948.0,1948.0,1948.0,1948.0,1948.0,1948.0,1948.0,1948.0,1949.0,1949.0,1949.0,1949.0,1949.0,1949.0,1949.0,1949.0,1949.0,1949.0,1949.0,1949.0,1949.0,1949.0,1949.0,1949.0,1949.0,1949.0,1949.0,1949.0,1949.0,1949.0,1949.0,1949.0,1949.0,1949.0,1949.0,1949.0,1949.0,1949.0,1949.0,1949.0,1949.0,1949.0,1949.0,1949.0,1949.0,1949.0,1949.0,1949.0,1949.0,1949.0,1949.0,1949.0,1949.0,1949.0,1949.0,1949.0,1949.0,1949.0,1949.0,1949.0,1949.0,1949.0,1950.0,1950.0,1950.0,1950.0,1950.0,1951.0,1951.0,1953.0,1953.0,1953.0,1953.0,1953.0,1953.0,1953.0,1953.0,1953.0,1954.0,1954.0,1954.0,1954.0,1954.0,1954.0,1954.0,1954.0,1954.0,1954.0,1954.0,1954.0,1954.0,1954.0,1954.0,1954.0,1954.0,1954.0,1954.0,1954.0,1954.0,1954.0,1954.0,1954.0,1954.0,1954.0,1954.0,1954.0,1954.0,1954.0,1954.0,1954.0,1954.0,1955.0,1955.0,1955.0,1955.0,1955.0,1955.0,1955.0,1955.0,,,,,,,,,1955.0,1955.0,1956.0,1956.0,1956.0,1956.0,1956.0,1956.0,1956.0,1956.0,1956.0,1956.0,1956.0,1956.0,1956.0,1956.0,1956.0,1956.0,1956.0,1956.0,1956.0,1956.0,1956.0,1956.0,1956.0,1956.0,1956.0,1957.0,1957.0,1958.0,1958.0,1958.0,1958.0,1958.0,1958.0,1958.0,1958.0,1958.0,1958.0,1958.0,1958.0,1958.0,1959.0,1959.0,1959.0,1959.0,1959.0,1959.0,1959.0,1959.0,1959.0,1959.0,1959.0,1959.0,1959.0,1959.0,1959.0,1959.0,1959.0,1959.0,1959.0,1959.0,1959.0,1959.0,1959.0,1959.0,1959.0,1959.0,1959.0,1959.0,1959.0,1959
85KmNbPtyJ0,,,,,,,,,,,,,,,,,,,,,,,,,,,,,,,,,,,,,,,,,,,,,,,,,,,,,,,,,,,,,,,,,,,,,,,,,,,,,,,,,,,,,,,,,,,,,,,,,,,,,,,,,,,,,,,,,,,,,,,,,,,,,,,,,,,,,,,,,,,,,,,,,,,,,,,,,,,,,,,,,,,,,,,,,,,,,,,,,,,,,,,,,,,,,,,,,,,,,,,,,,,,,,,,,,,,,,
2paeTvO-SHw,13481.0,13484.0,13485.0,13486.0,13492.0,13495.0,13498.0,13500.0,13501.0,13502.0,13503.0,13511.0,13516.0,13521.0,13523.0,13527.0,13530.0,13534.0,13536.0,13537.0,13541.0,13545.0,13546.0,13550.0,13559.0,13559.0,13560.0,13566.0,13571.0,13578.0,13581.0,13585.0,13587.0,13588.0,13588.0,13590.0,13595.0,13598.0,13602.0,13607.0,13608.0,13612.0,13616.0,13619.0,13623.0,13624.0,13626.0,13630.0,13631.0,13634.0,13635.0,13640.0,13642.0,13644.0,13644.0,13646.0,13646.0,13647.0,13650.0,13655.0,13657.0,13660.0,13661.0,13664.0,13666.0,13670.0,13674.0,13683.0,13688.0,13689.0,13692.0,13695.0,13695.0,13697.0,13701.0,13703.0,13705.0,13708.0,13713.0,13717.0,13721.0,13725.0,13731.0,13736.0,13741.0,13745.0,13747.0,13756.0,13758.0,13760.0,13766.0,13772.0,13775.0,13779.0,13780.0,13784.0,13786.0,13787.0,13790.0,13795.0,13797.0,13800.0,13802.0,13805.0,13812.0,13813.0,13818.0,13822.0,13825.0,13828.0,13831.0,13837.0,13838.0,13842.0,13848.0,13851.0,13853.0,13854.0,13856.0,13864.0,13866.0,13871.0,13872.0,13880.0,13881.0,13884.0,13886.0,13892.0,13896.0,13900.0,13903.0,13907.0,13911.0,13914.0,,,,,,,,,13956.0,13968.0,13975.0,13978.0,13983.0,13985.0,13994.0,13997.0,14002.0,14007.0,14017.0,14022.0,14030.0,14040.0,14049.0,14053.0,14058.0,14064.0,14068.0,14075.0,14077.0,14079.0,14083.0,14084.0,14089.0,14091.0,14096.0,14097.0,14099.0,14103.0,14109.0,14114.0,14116.0,14128.0,14136.0,14139.0,14145.0,14154.0,14160.0,14163.0,14170.0,14180.0,14188.0,14195.0,14203.0,14209.0,14213.0,14220.0,14224.0,14232.0,14243.0,14247.0,14256.0,14265.0,14281.0,14285.0,14290.0,14299.0,14306.0,14312.0,14315.0,14322.0,14325.0,14335.0,14341.0,14346.0,14356.0,14359.0,14361.0,14368.0,14378.0,14385
gctM_wxKgRE,2227952.0,2227954.0,2227956.0,2227958.0,2227963.0,2227965.0,2227970.0,2227979.0,2227984.0,2227987.0,2227990.0,2227992.0,2227995.0,2228000.0,2228003.0,2228009.0,2228017.0,2228021.0,2228026.0,2228031.0,2228036.0,2228040.0,2228046.0,2228050.0,2228053.0,2228056.0,2228057.0,2228068.0,2228079.0,2228081.0,2228086.0,2228090.0,2228093.0,2228100.0,2228109.0,2228117.0,2228118.0,2228120.0,2228125.0,2228127.0,2228131.0,2228132.0,2228137.0,2228147.0,2228150.0,2228155.0,2228159.0,2228160.0,2228163.0,2228169.0,2228173.0,2228180.0,2228182.0,2228187.0,2228187.0,2228193.0,2228193.0,2228198.0,2228201.0,2228208.0,2228212.0,2228213.0,2228218.0,2228220.0,2228224.0,2228230.0,2228233.0,2228237.0,2228239.0,2228240.0,2228244.0,2228247.0,2228255.0,2228259.0,2228263.0,2228266.0,2228267.0,2228273.0,2228279.0,2228282.0,2228284.0,2228288.0,2228296.0,2228299.0,2228304.0,2228309.0,2228314.0,2228321.0,2228325.0,2228326.0,2228333.0,2228336.0,2228339.0,2228343.0,2228347.0,2228350.0,2228357.0,2228359.0,2228363.0,2228367.0,2228371.0,2228376.0,2228388.0,2228392.0,2228395.0,2228399.0,2228400.0,2228405.0,2228407.0,2228413.0,2228418.0,2228421.0,2228427.0,2228444.0,2228451.0,2228455.0,2228461.0,2228464.0,2228466.0,2228470.0,2228471.0,2228476.0,2228480.0,2228485.0,2228491.0,2228497.0,2228500.0,2228503.0,2228512.0,2228517.0,2228525.0,2228528.0,2228533.0,2228537.0,,,,,,,,,2228576.0,2228576.0,2228582.0,2228584.0,2228587.0,2228589.0,2228589.0,2228591.0,2228596.0,2228601.0,2228604.0,2228607.0,2228614.0,2228616.0,2228623.0,2228628.0,2228632.0,2228634.0,2228636.0,2228641.0,2228642.0,2228644.0,2228647.0,2228649.0,2228652.0,2228654.0,2228655.0,2228656.0,2228658.0,2228661.0,2228664.0,2228666.0,2228667.0,2228668.0,2228669.0,2228670.0,2228673.0,2228677.0,2228680.0,2228689.0,2228691.0,2228693.0,2228694.0,2228697.0,2228698.0,2228699.0,2228700.0,2228704.0,2228708.0,2228710.0,2228710.0,2228711.0,2228712.0,2228717.0,2228719.0,2228722.0,2228723.0,2228727.0,2228727.0,2228727.0,2228727.0,2228730.0,2228733.0,2228735.0,2228739.0,2228740.0,2228740.0,2228741.0,2228745.0,2228749.0,2228755.0,2228760
pchspCF9VrU,2044.0,2044.0,2044.0,2044.0,2044.0,2045.0,2045.0,2045.0,2047.0,2047.0,2048.0,2048.0,2049.0,2049.0,2049.0,2050.0,2051.0,2051.0,2051.0,2053.0,2053.0,2054.0,2054.0,2054.0,2054.0,2055.0,2055.0,2060.0,2071.0,2073.0,2076.0,2077.0,2079.0,2082.0,2083.0,2088.0,2089.0,2090.0,2091.0,2091.0,2091.0,2096.0,2096.0,2097.0,2097.0,2097.0,2097.0,2097.0,2098.0,2098.0,2098.0,2098.0,2098.0,2099.0,2099.0,2100.0,2100.0,2100.0,2101.0,2101.0,2101.0,2103.0,2103.0,2103.0,2103.0,2103.0,2103.0,2104.0,2105.0,2105.0,2105.0,2105.0,2105.0,2105.0,2105.0,2105.0,2105.0,2105.0,2105.0,2106.0,2106.0,2106.0,2106.0,2106.0,2106.0,2106.0,2106.0,2106.0,2106.0,2106.0,2106.0,2107.0,2107.0,2107.0,2107.0,2107.0,2107.0,2107.0,2107.0,2107.0,2107.0,2107.0,2107.0,2107.0,2107.0,2107.0,2109.0,2109.0,2109.0,2109.0,2109.0,2109.0,2109.0,2110.0,2110.0,2110.0,2110.0,2110.0,2111.0,2112.0,2112.0,2112.0,2112.0,2112.0,2113.0,2113.0,2113.0,2113.0,2113.0,2113.0,2113.0,2113.0,2113.0,2113.0,,,,,,,,,2115.0,2116.0,2116.0,2116.0,2117.0,2117.0,2117.0,2117.0,2117.0,2117.0,2117.0,2117.0,2117.0,2117.0,2117.0,2117.0,2117.0,2117.0,2117.0,2117.0,2118.0,2118.0,2119.0,2119.0,2119.0,2119.0,2120.0,2120.0,2120.0,2120.0,2120.0,2120.0,2120.0,2120.0,2120.0,2121.0,2121.0,2121.0,2121.0,2121.0,2121.0,2121.0,2121.0,2123.0,2123.0,2125.0,2125.0,2126.0,2126.0,2128.0,2128.0,2128.0,2128.0,2128.0,2128.0,2128.0,2128.0,2129.0,2130.0,2130.0,2130.0,2131.0,2132.0,2134.0,2134.0,2134.0,2134.0,2136.0,2137.0,2137.0,2137.0,2137
zSvAtDWb6Tg,6983.0,6983.0,6984.0,6984.0,6985.0,6987.0,6987.0,6987.0,6987.0,6988.0,6988.0,6988.0,6988.0,6988.0,6988.0,6988.0,6989.0,6992.0,6996.0,7000.0,7001.0,7004.0,7005.0,7006.0,7009.0,7010.0,7010.0,7011.0,7012.0,7015.0,7015.0,7017.0,7017.0,7017.0,7017.0,7018.0,7018.0,7018.0,7018.0,7018.0,7018.0,7019.0,7019.0,7020.0,7022.0,7023.0,7024.0,7024.0,7024.0,7024.0,7024.0,7024.0,7025.0,7025.0,7027.0,7027.0,7027.0,7027.0,7029.0,7029.0,7030.0,7030.0,7032.0,7032.0,7032.0,7032.0,7035.0,7036.0,7036.0,7036.0,7037.0,7039.0,7039.0,7039.0,7040.0,7040.0,7042.0,7042.0,7043.0,7044.0,7046.0,7048.0,7048.0,7048.0,7048.0,7049.0,7049.0,7052.0,7053.0,7053.0,7053.0,7055.0,7057.0,7058.0,7060.0,7060.0,7061.0,7064.0,7065.0,7067.0,7068.0,7071.0,7073.0,7077.0,7087.0,7089.0,7090.0,7087.0,7083.0,7083.0,7084.0,7085.0,7085.0,7087.0,7088.0,7090.0,7091.0,7091.0,7092.0,7094.0,7096.0,7096.0,7098.0,7098.0,7099.0,7100.0,7101.0,7102.0,7102.0,7103.0,7103.0,7103.0,7103.0,7103.0,,,,,,,,,7109.0,7109.0,7109.0,7109.0,7109.0,7110.0,7110.0,7111.0,7112.0,7113.0,7114.0,7114.0,7115.0,7117.0,7117.0,7120.0,7122.0,7123.0,7124.0,7127.0,7127.0,7127.0,7128.0,7129.0,7129.0,7129.0,7129.0,7129.0,7130.0,7131.0,7131.0,7131.0,7131.0,7132.0,7134.0,7135.0,7136.0,7137.0,7138.0,7140.0,7142.0,7139.0,7143.0,7143.0,7144.0,7146.0,7147.0,7148.0,7149.0,7151.0,7152.0,7154.0,7154.0,7155.0,7155.0,7156.0,7156.0,7157.0,7158.0,7158.0,7159.0,7160.0,7162.0,7164.0,7165.0,7167.0,7167.0,7168.0,7170.0,7174.0,7180.0,7182
ah7QAxsvx5w,547662.0,547714.0,547756.0,547806.0,547833.0,547892.0,547942.0,548000.0,548060.0,548111.0,548155.0,548206.0,548248.0,548309.0,548362.0,548432.0,548480.0,548525.0,548587.0,548635.0,548682.0,548730.0,548789.0,548825.0,548888.0,548935.0,548983.0,549042.0,549067.0,549109.0,549146.0,549192.0,549242.0,549294.0,549342.0,549385.0,549444.0,549499.0,549540.0,549577.0,549627.0,549644.0,549693.0,549746.0,549772.0,549811.0,549853.0,549895.0,549928.0,549977.0,550019.0,550062.0,550100.0,550139.0,550173.0,550216.0,550253.0,550282.0,550309.0,550342.0,550365.0,550415.0,550436.0,550482.0,550512.0,550541.0,550566.0,550607.0,550635.0,550688.0,550739.0,550770.0,550820.0,550859.0,550898.0,550941.0,550964.0,550990.0,551023.0,551073.0,551101.0,551135.0,551170.0,551212.0,551251.0,551289.0,551337.0,551374.0,551389.0,551429.0,551451.0,551484.0,551516.0,551544.0,551575.0,551598.0,551632.0,551655.0,551687.0,551726.0,551754.0,551785.0,551821.0,551853.0,551883.0,551926.0,551981.0,552012.0,552048.0,552087.0,552117.0,552146.0,552166.0,552185.0,552211.0,552233.0,552268.0,552296.0,552334.0,552368.0,552421.0,552479.0,552513.0,552547.0,552574.0,552602.0,552669.0,552745.0,552816.0,552864.0,552911.0,552962.0,553001.0,553047.0,,,,,,,,,553300.0,553325.0,553354.0,553407.0,553432.0,553458.0,553498.0,553542.0,553588.0,553644.0,553707.0,553774.0,553855.0,553925.0,553976.0,554025.0,554086.0,554138.0,554191.0,554219.0,554248.0,554278.0,554305.0,554332.0,554372.0,554404.0,554437.0,554467.0,554503.0,554539.0,554568.0,554599.0,554634.0,554667.0,554710.0,554755.0,554783.0,554808.0,554850.0,554874.0,554902.0,554920.0,554963.0,554982.0,555007.0,555039.0,555090.0,555133.0,555162.0,555207.0,555236.0,555269.0,555297.0,555335.0,555359.0,555383.0,555415.0,555441.0,555478.0,555508.0,555543.0,555572.0,555610.0,555633.0,555661.0,555685.0,555721.0,555756.0,555785.0,555816.0,555841.0,555867
9ZeP06S7GA0,199905.0,199981.0,200060.0,200121.0,200157.0,200232.0,200304.0,200404.0,200486.0,200563.0,200645.0,200702.0,200760.0,200823.0,200871.0,200942.0,200996.0,201037.0,201107.0,201170.0,201249.0,201329.0,201401.0,201512.0,201603.0,201651.0,201718.0,201829.0,201930.0,201992.0,202072.0,202134.0,202183.0,202226.0,202283.0,202362.0,202445.0,202519.0,202586.0,202662.0,202738.0,202816.0,202859.0,202932.0,202993.0,203064.0,203141.0,203220.0,203291.0,203371.0,203442.0,203539.0,203636.0,203711.0,203768.0,203855.0,203928.0,204008.0,204068.0,204150.0,204203.0,204280.0,204361.0,204422.0,204490.0,204545.0,204615.0,204667.0,204715.0,204781.0,204850.0,204925.0,204975.0,205040.0,205116.0,205186.0,205251.0,205307.0,205360.0,205414.0,205461.0,205515.0,205559.0,205610.0,205672.0,205730.0,205784.0,205844.0,205885.0,205945.0,206009.0,206068.0,206146.0,206214.0,206298.0,206367.0,206453.0,206529.0,206595.0,206655.0,206717.0,206768.0,206816.0,206868.0,206919.0,206989.0,207054.0,207106.0,207180.0,207257.0,207307.0,207376.0,207450.0,207505.0,207597.0,207647.0,207696.0,207753.0,207801.0,207858.0,207911.0,207959.0,208013.0,208066.0,208129.0,208186.0,208245.0,208301.0,208365.0,208413.0,208492.0,208559.0,208619.0,208672.0,,,,,,,,,209235.0,209288.0,209357.0,209436.0,209483.0,209529.0,209581.0,209617.0,209654.0,209710.0,209742.0,209783.0,209827.0,209891.0,209949.0,209998.0,210036.0,210082.0,210137.0,210171.0,210227.0,210260.0,210316.0,210362.0,210402.0,210454.0,210490.0,210537.0,210592.0,210631.0,210671.0,210726.0,210772.0,210832.0,210884.0,210930.0,210979.0,211012.0,211048.0,211109.0,211155.0,211209.0,211259.0,211284.0,211324.0,211362.0,211402.0,211448.0,211498.0,211548.0,211594.0,211636.0,211693.0,211738.0,211783.0,211841.0,211877.0,211913.0,211970.0,212024.0,212082.0,212123.0,212161.0,212204.0,212236.0,212280.0,212336.0,212376.0,212420.0,212464.0,212499.0,212527
gf4AxOxyLJk,76757.0,76773.0,76792.0,76818.0,76832.0,76847.0,76861.0,76882.0,76902.0,76921.0,76943.0,76965.0,76978.0,76993.0,77018.0,77030.0,77051.0,77061.0,77075.0,77084.0,77102.0,77115.0,77136.0,77159.0,77168.0,77178.0,77187.0,77199.0,77212.0,77228.0,77247.0,77268.0,77292.0,77305.0,77312.0,77321.0,77334.0,77348.0,77361.0,77377.0,77390.0,77410.0,77425.0,77440.0,77455.0,77473.0,77490.0,77507.0,77520.0,77548.0,77569.0,77593.0,77619.0,77632.0,77647.0,77666.0,77679.0,77693.0,77712.0,77734.0,77749.0,77771.0,77794.0,77821.0,77847.0,77883.0,77904.0,77916.0,77933.0,77954.0,77971.0,77993.0,78010.0,78026.0,78042.0,78053.0,78070.0,78089.0,78113.0,78130.0,78144.0,78161.0,78175.0,78201.0,78225.0,78249.0,78265.0,78290.0,78304.0,78319.0,78332.0,78350.0,78382.0,78414.0,78440.0,78458.0,78485.0,78509.0,78525.0,78551.0,78564.0,78580.0,78591.0,78606.0,78614.0,78635.0,78651.0,78673.0,78685.0,78696.0,78720.0,78750.0,78761.0,78774.0,78789.0,78805.0,78817.0,78842.0,78855.0,78873.0,78883.0,78900.0,78914.0,78925.0,78940.0,78961.0,78973.0,78988.0,79013.0,79024.0,79044.0,79058.0,79073.0,79092.0,,,,,,,,,79259.0,79298.0,79350.0,79410.0,79440.0,79474.0,79503.0,79526.0,79551.0,79577.0,79599.0,79627.0,79646.0,79656.0,79673.0,79699.0,79711.0,79732.0,79745.0,79756.0,79764.0,79777.0,79801.0,79816.0,79828.0,79843.0,79851.0,79865.0,79882.0,79892.0,79908.0,79920.0,79932.0,79940.0,79949.0,79957.0,79963.0,79974.0,79985.0,79998.0,80007.0,80023.0,80043.0,80050.0,80055.0,80080.0,80091.0,80099.0,80107.0,80119.0,80131.0,80141.0,80153.0,80166.0,80172.0,80194.0,80206.0,80213.0,80229.0,80238.0,80256.0,80265.0,80279.0,80293.0,80303.0,80323.0,80343.0,80352.0,80361.0,80367.0,80375.0,80386
eWaTwx1bli8,362202.0,362284.0,362358.0,362445.0,362540.0,362628.0,362731.0,362834.0,362906.0,363008.0,363102.0,363192.0,363306.0,363391.0,363500.0,363583.0,363661.0,363759.0,363836.0,363930.0,364021.0,364105.0,364210.0,364317.0,364418.0,364480.0,364634.0,364700.0,364789.0,364903.0,364988.0,365094.0,365202.0,365281.0,365383.0,365478.0,365573.0,365673.0,365763.0,365832.0,365940.0,366093.0,366181.0,366291.0,366397.0,366501.0,366571.0,366694.0,366779.0,366876.0,366952.0,367057.0,367133.0,367212.0,367297.0,367399.0,367532.0,367577.0,367660.0,367729.0,367806.0,367901.0,368002.0,368104.0,368196.0,368283.0,368365.0,368433.0,368503.0,368582.0,368684.0,368799.0,368909.0,368990.0,369080.0,369214.0,369336.0,369421.0,369500.0,369596.0,369672.0,369749.0,369834.0,369949.0,370072.0,370172.0,370256.0,370338.0,370385.0,370468.0,370524.0,370602.0,370690.0,370771.0,370830.0,370898.0,370974.0,371045.0,371133.0,371217.0,371296.0,371377.0,371463.0,371539.0,371626.0,371708.0,371770.0,371853.0,371910.0,371977.0,372059.0,372130.0,372204.0,372288.0,372391.0,372448.0,372528.0,372588.0,372661.0,372721.0,372791.0,372875.0,372940.0,373012.0,373076.0,373159.0,373250.0,373318.0,373391.0,373456.0,373523.0,373600.0,373674.0,373763.0,,,,,,,,,374429.0,374497.0,374570.0,374646.0,374708.0,374778.0,374851.0,374921.0,374982.0,375046.0,375125.0,375214.0,375287.0,375359.0,375423.0,375472.0,375522.0,375587.0,375632.0,375700.0,375761.0,375814.0,375895.0,375966.0,376037.0,376100.0,376208.0,376282.0,376373.0,376442.0,376502.0,376569.0,376618.0,376714.0,376769.0,376827.0,376909.0,376978.0,377054.0,377106.0,377185.0,377262.0,377328.0,377383.0,377444.0,377499.0,377570.0,377643.0,377692.0,377751.0,377814.0,377868.0,377933.0,377993.0,378060.0,378139.0,378198.0,378262.0,378328.0,378400.0,378435.0,378496.0,378553.0,378607.0,378650.0,378696.0,378772.0,378819.0,378876.0,378924.0,378963.0,379020
6G3cnUi3sqY,1138787.0,1139378.0,1140002.0,1140612.0,1141181.0,1141758.0,1142470.0,1143136.0,1143762.0,1144461.0,1145111.0,1145848.0,1146450.0,1147106.0,1147833.0,1148535.0,1149199.0,1149795.0,1150390.0,1150975.0,1151659.0,1152285.0,1152897.0,1153464.0,1153967.0,1154442.0,1155044.0,1155611.0,1156144.0,1156638.0,1157204.0,1157742.0,1158321.0,1158891.0,1159484.0,1160032.0,1160535.0,1161124.0,1161644.0,1162137.0,1162651.0,1163102.0,1163597.0,1164073.0,1164576.0,1165051.0,1165455.0,1165873.0,1166310.0,1166748.0,1167253.0,1167758.0,1168299.0,1168882.0,1169407.0,1169881.0,1170331.0,1170898.0,1171433.0,1171924.0,1172445.0,1172999.0,1173639.0,1174228.0,1174735.0,1175337.0,1175830.0,1176355.0,1176839.0,1177350.0,1177954.0,1178300.0,1178645.0,1178986.0,1179375.0,1179800.0,1180182.0,1180536.0,1180931.0,1181350.0,1181708.0,1182063.0,1182411.0,1182808.0,1183131.0,1183511.0,1183866.0,1184259.0,1184667.0,1185011.0,1185430.0,1185819.0,1186147.0,1186530.0,1186901.0,1187180.0,1187470.0,1187813.0,1188183.0,1188525.0,1188836.0,1189208.0,1189504.0,1189880.0,1190289.0,1190681.0,1191032.0,1191419.0,1191826.0,1192160.0,1192580.0,1192922.0,1193326.0,1193654.0,1194026.0,1194385.0,1194725.0,1195063.0,1195412.0,1195780.0,1196114.0,1196445.0,1196816.0,1197126.0,1197416.0,1197778.0,1198071.0,1198356.0,1198638.0,1198945.0,1199259.0,1199549.0,1199830.0,1200115.0,,,,,,,,,1202834.0,1203215.0,1203529.0,1203795.0,1204142.0,1204477.0,1204750.0,1205003.0,1205334.0,1205602.0,1205891.0,1206219.0,1206541.0,1206847.0,1207172.0,1207477.0,1207746.0,1208135.0,1208486.0,1208791.0,1209062.0,1209384.0,1209634.0,1209938.0,1210221.0,1210540.0,1210881.0,1211253.0,1211573.0,1211891.0,1212177.0,1212494.0,1212784.0,1213117.0,1213361.0,1213640.0,1213924.0,1214264.0,1214601.0,1214915.0,1215191.0,1215456.0,1215786.0,1216049.0,1216289.0,1216575.0,1216846.0,1217102.0,1217350.0,1217607.0,1217828.0,1218075.0,1218311.0,1218592.0,1218831.0,1219076.0,1219372.0,1219613.0,1219831.0,1220096.0,1220371.0,1220581.0,1220840.0,1221064.0,1221300.0,1221548.0,1221881.0,1222161.0,1222422.0,1222638.0,1222909.0,1223212
b9yqSEZrs4s,270945.0,271214.0,271477.0,271710.0,272000.0,272349.0,272652.0,272927.0,273181.0,273400.0,273608.0,273850.0,274116.0,274416.0,274695.0,274969.0,275173.0,275349.0,275577.0,275822.0,276069.0,276328.0,276585.0,276829.0,277066.0,277294.0,277518.0,277742.0,278104.0,278385.0,278675.0,278978.0,279261.0,279508.0,279866.0,280175.0,280632.0,281037.0,281326.0,281689.0,281973.0,282338.0,282648.0,282945.0,283189.0,283428.0,283713.0,283976.0,284208.0,284489.0,284798.0,285062.0,285275.0,285570.0,285874.0,286126.0,286391.0,286742.0,286992.0,287244.0,287524.0,287855.0,288180.0,288473.0,288836.0,289163.0,289445.0,289773.0,290035.0,290392.0,290795.0,291161.0,291431.0,291752.0,291981.0,292254.0,292606.0,292955.0,293229.0,293524.0,293803.0,294138.0,294421.0,294789.0,295154.0,295539.0,295785.0,295981.0,296340.0,296629.0,296923.0,297207.0,297512.0,297784.0,298009.0,298274.0,298504.0,298693.0,298983.0,299268.0,299529.0,299752.0,299948.0,300176.0,300364.0,300593.0,300806.0,300997.0,301199.0,301359.0,301572.0,301920.0,302307.0,302672.0,302908.0,303105.0,303338.0,303607.0,303856.0,304085.0,304325.0,304537.0,304683.0,304852.0,305051.0,305220.0,305404.0,305621.0,305803.0,306015.0,306228.0,306433.0,306621.0,306856.0,,,,,,,,,309397.0,309667.0,309943.0,310241.0,310484.0,310732.0,310954.0,311151.0,311320.0,311466.0,311704.0,311899.0,312094.0,312283.0,312471.0,312622.0,312813.0,313009.0,313228.0,313440.0,313668.0,313866.0,314038.0,314275.0,314467.0,314660.0,314823.0,315005.0,315181.0,315311.0,315462.0,315708.0,315923.0,316133.0,316349.0,316546.0,316676.0,316848.0,317016.0,317234.0,317433.0,317628.0,317782.0,317931.0,318178.0,318395.0,318606.0,318797.0,319009.0,319163.0,319363.0,319580.0,319794.0,320069.0,320287.0,320513.0,320741.0,320946.0,321157.0,321364.0,321592.0,321729.0,321912.0,322111.0,322258.0,322473.0,322718.0,322939.0,323107.0,323287.0,323497.0,323707
H9xWkrtn7gA,58860.0,58873.0,58893.0,58908.0,58922.0,58941.0,58956.0,58971.0,58986.0,58994.0,59000.0,59011.0,59020.0,59028.0,59042.0,59050.0,59062.0,59073.0,59081.0,59096.0,59113.0,59127.0,59140.0,59150.0,59158.0,59173.0,59184.0,59192.0,59204.0,59215.0,59222.0,59236.0,59250.0,59259.0,59270.0,59289.0,59312.0,59323.0,59330.0,59341.0,59361.0,59377.0,59392.0,59412.0,59437.0,59449.0,59458.0,59474.0,59487.0,59504.0,59519.0,59533.0,59540.0,59546.0,59564.0,59581.0,59590.0,59604.0,59619.0,59630.0,59645.0,59666.0,59704.0,59721.0,59745.0,59769.0,59782.0,59801.0,59812.0,59831.0,59843.0,59867.0,59880.0,59888.0,59900.0,59920.0,59938.0,59955.0,59973.0,59985.0,59993.0,60013.0,60029.0,60042.0,60063.0,60078.0,60092.0,60104.0,60122.0,60132.0,60153.0,60161.0,60179.0,60196.0,60218.0,60228.0,60245.0,60261.0,60280.0,60299.0,60318.0,60338.0,60353.0,60380.0,60403.0,60420.0,60435.0,60462.0,60472.0,60496.0,60516.0,60533.0,60543.0,60559.0,60578.0,60589.0,60602.0,60613.0,60626.0,60641.0,60659.0,60667.0,60677.0,60684.0,60687.0,60695.0,60703.0,60706.0,60719.0,60727.0,60737.0,60751.0,60761.0,60771.0,,,,,,,,,60907.0,60935.0,60973.0,61057.0,61147.0,61211.0,61273.0,61334.0,61388.0,61441.0,61483.0,61521.0,61547.0,61575.0,61594.0,61602.0,61617.0,61632.0,61644.0,61647.0,61655.0,61664.0,61673.0,61684.0,61691.0,61704.0,61712.0,61723.0,61732.0,61738.0,61748.0,61757.0,61773.0,61785.0,61799.0,61812.0,61832.0,61844.0,61861.0,61873.0,61884.0,61907.0,61926.0,61936.0,61948.0,61972.0,61990.0,61998.0,62012.0,62027.0,62037.0,62048.0,62066.0,62085.0,62099.0,62118.0,62129.0,62138.0,62157.0,62168.0,62185.0,62194.0,62208.0,62224.0,62235.0,62255.0,62271.0,62287.0,62296.0,62311.0,62327.0,62335
7hBf9Fxsg6M,11512217.0,11514140.0,11516350.0,11518676.0,11520974.0,11523209.0,11525281.0,11527457.0,11529663.0,11531999.0,11534288.0,11536359.0,11538484.0,11540489.0,11542575.0,11544627.0,11546653.0,11548507.0,11550568.0,11552592.0,11554675.0,11556655.0,11558515.0,11560217.0,11561902.0,11563488.0,11565073.0,11566722.0,11568484.0,11569797.0,11571117.0,11572363.0,11573731.0,11575087.0,11576503.0,11577952.0,11579452.0,11581423.0,11583146.0,11584720.0,11586522.0,11588109.0,11589775.0,11591419.0,11592903.0,11594518.0,11596067.0,11597776.0,11599533.0,11601329.0,11602944.0,11604682.0,11606297.0,11607733.0,11609348.0,11610954.0,11612669.0,11614105.0,11615604.0,11617223.0,11618932.0,11620701.0,11622661.0,11624392.0,11626300.0,11628272.0,11629850.0,11631357.0,11632671.0,11634392.0,11635894.0,11637384.0,11638812.0,11640271.0,11641759.0,11643495.0,11645101.0,11646711.0,11648305.0,11649840.0,11651284.0,11652784.0,11654331.0,11655864.0,11657261.0,11658889.0,11660484.0,11662058.0,11663501.0,11664985.0,11666564.0,11668040.0,11669662.0,11671267.0,11672873.0,11674315.0,11675496.0,11676983.0,11678326.0,11679662.0,11681063.0,11682526.0,11683935.0,11685454.0,11687129.0,11688767.0,11690400.0,11691940.0,11693442.0,11694981.0,11696556.0,11698248.0,11699905.0,11701710.0,11703357.0,11705043.0,11706579.0,11708078.0,11709639.0,11711132.0,11712747.0,11714489.0,11716246.0,11717770.0,11719399.0,11721132.0,11722844.0,11724606.0,11726354.0,11727861.0,11729506.0,11731233.0,11732963.0,11734657.0,,,,,,,,,11760659.0,11762547.0,11764295.0,11765971.0,11767619.0,11769041.0,11770294.0,11771615.0,11773086.0,11774452.0,11775842.0,11777142.0,11778534.0,11779912.0,11781069.0,11782297.0,11783585.0,11784944.0,11786413.0,11787955.0,11789329.0,11790726.0,11792171.0,11793610.0,11795195.0,11796702.0,11798292.0,11799740.0,11801141.0,11802501.0,11803964.0,11805457.0,11806942.0,11808387.0,11810066.0,11811597.0,11813195.0,11815093.0,11816807.0,11818541.0,11820151.0,11821848.0,11823470.0,11825112.0,11826967.0,11828759.0,11830723.0,11832757.0,11834647.0,11836521.0,11838247.0,11839905.0,11841565.0,11843235.0,11844912.0,11846791.0,11848587.0,11850271.0,11852166.0,11854167.0,11855970.0,11857522.0,11859116.0,11860650.0,11862309.0,11864001.0,11865745.0,11867361.0,11868892.0,11870556.0,11872140.0,11873707
Ejjf7jPmWRI,234683.0,234700.0,234725.0,234739.0,234761.0,234788.0,234808.0,234832.0,234857.0,234881.0,234896.0,234919.0,234935.0,234956.0,234969.0,234990.0,235005.0,235031.0,235055.0,235090.0,235105.0,235120.0,235143.0,235160.0,235176.0,235200.0,235228.0,235256.0,235284.0,235302.0,235320.0,235349.0,235370.0,235387.0,235402.0,235426.0,235443.0,235491.0,235520.0,235537.0,235539.0,235571.0,235594.0,235624.0,235648.0,235674.0,235692.0,235717.0,235736.0,235768.0,235792.0,235812.0,235826.0,235842.0,235859.0,235886.0,235911.0,235940.0,235966.0,235979.0,236005.0,236025.0,236046.0,236071.0,236104.0,236118.0,236134.0,236146.0,236164.0,236208.0,236249.0,236268.0,236291.0,236305.0,236330.0,236350.0,236373.0,236400.0,236435.0,236458.0,236477.0,236494.0,236523.0,236557.0,236581.0,236613.0,236629.0,236659.0,236681.0,236716.0,236734.0,236776.0,236797.0,236823.0,236849.0,236923.0,236961.0,237000.0,237037.0,237064.0,237084.0,237098.0,237131.0,237151.0,237173.0,237196.0,237235.0,237264.0,237285.0,237312.0,237344.0,237371.0,237402.0,237438.0,237459.0,237491.0,237515.0,237551.0,237590.0,237620.0,237655.0,237686.0,237721.0,237742.0,237785.0,237830.0,237875.0,237907.0,237941.0,237974.0,238005.0,238030.0,238063.0,238119.0,,,,,,,,,238437.0,238486.0,238524.0,238557.0,238587.0,238626.0,238655.0,238685.0,238724.0,238774.0,238826.0,238861.0,238962.0,239020.0,239067.0,239121.0,239155.0,239211.0,239297.0,239378.0,239439.0,239483.0,239544.0,239590.0,239656.0,239704.0,239764.0,239829.0,239888.0,239951.0,240053.0,240139.0,240234.0,240319.0,240382.0,240462.0,240538.0,240616.0,240804.0,240960.0,241110.0,241323.0,241502.0,241654.0,241786.0,241933.0,242066.0,242188.0,242357.0,242472.0,242599.0,242725.0,242884.0,243018.0,243192.0,243362.0,243494.0,243625.0,243761.0,243931.0,244245.0,244717.0,244972.0,245074.0,245137.0,245219.0,245287.0,245338.0,245399.0,245434.0,245460.0,245491
gvQ4oJOVWrA,14703.0,14725.0,14738.0,14755.0,14762.0,14787.0,14803.0,14825.0,14845.0,14863.0,14873.0,14886.0,14909.0,14932.0,14955.0,14981.0,14997.0,15019.0,15037.0,15066.0,15093.0,15113.0,15133.0,15153.0,15183.0,15200.0,15222.0,15250.0,15274.0,15303.0,15340.0,15364.0,15382.0,15391.0,15403.0,15426.0,15437.0,15454.0,15480.0,15498.0,15511.0,15526.0,15559.0,15570.0,15588.0,15597.0,15614.0,15628.0,15638.0,15650.0,15660.0,15669.0,15679.0,15688.0,15701.0,15712.0,15731.0,15748.0,15757.0,15768.0,15776.0,15791.0,15807.0,15824.0,15840.0,15856.0,15871.0,15885.0,15898.0,15910.0,15924.0,15939.0,15949.0,15959.0,15975.0,15985.0,15999.0,16019.0,16030.0,16040.0,16048.0,16058.0,16075.0,16084.0,16098.0,16115.0,16126.0,16134.0,16141.0,16154.0,16165.0,16173.0,16192.0,16201.0,16213.0,16230.0,16244.0,16255.0,16264.0,16276.0,16287.0,16293.0,16300.0,16303.0,16322.0,16331.0,16339.0,16352.0,16364.0,16376.0,16388.0,16398.0,16414.0,16441.0,16459.0,16468.0,16483.0,16499.0,16508.0,16533.0,16553.0,16568.0,16585.0,16593.0,16595.0,16600.0,16610.0,16626.0,16634.0,16642.0,16652.0,16658.0,16666.0,16678.0,,,,,,,,,16805.0,16815.0,16824.0,16838.0,16863.0,16885.0,16907.0,16934.0,17023.0,17134.0,17189.0,17222.0,17258.0,17290.0,17322.0,17359.0,17386.0,17410.0,17440.0,17460.0,17470.0,17480.0,17486.0,17501.0,17514.0,17524.0,17531.0,17540.0,17550.0,17567.0,17576.0,17584.0,17589.0,17596.0,17598.0,17600.0,17605.0,17607.0,17613.0,17615.0,17621.0,17623.0,17628.0,17635.0,17636.0,17637.0,17641.0,17656.0,17660.0,17662.0,17665.0,17669.0,17675.0,17683.0,17687.0,17694.0,17698.0,17701.0,17710.0,17715.0,17720.0,17729.0,17733.0,17735.0,17741.0,17750.0,17752.0,17761.0,17764.0,17767.0,17768.0,17768
gW0N9ImBfIA,4049.0,4084.0,4107.0,4139.0,4175.0,4202.0,4245.0,4285.0,4326.0,4357.0,4386.0,4415.0,4444.0,4545.0,4664.0,4707.0,4753.0,4780.0,4818.0,4857.0,4891.0,4966.0,5057.0,5081.0,5113.0,5134.0,5171.0,5208.0,5261.0,5299.0,5336.0,5359.0,5392.0,5421.0,5449.0,5495.0,5558.0,5588.0,5618.0,5677.0,5737.0,5780.0,5811.0,5846.0,5890.0,5918.0,5957.0,6011.0,6051.0,6090.0,6127.0,6154.0,6190.0,6240.0,6282.0,6317.0,6369.0,6437.0,6489.0,6574.0,6640.0,6718.0,6778.0,6854.0,6926.0,6989.0,7063.0,7127.0,7204.0,7290.0,7360.0,7442.0,7503.0,7568.0,7671.0,7759.0,7861.0,8004.0,8146.0,8253.0,8350.0,8482.0,8646.0,8798.0,8941.0,9052.0,9161.0,9246.0,9361.0,9460.0,9566.0,9680.0,9763.0,9844.0,9912.0,10014.0,10105.0,10190.0,10266.0,10346.0,10415.0,10462.0,10548.0,10621.0,10690.0,10759.0,10815.0,10885.0,10954.0,11042.0,11121.0,11211.0,11301.0,11382.0,11455.0,11511.0,11587.0,11646.0,11709.0,11795.0,11857.0,11905.0,11944.0,11980.0,12022.0,12082.0,12121.0,12182.0,12232.0,12263.0,12331.0,12414.0,12478.0,12545.0,,,,,,,,,13226.0,13279.0,13352.0,13407.0,13503.0,13587.0,13645.0,13687.0,13743.0,13830.0,13890.0,13962.0,14042.0,14103.0,14170.0,14226.0,14291.0,14357.0,14415.0,14455.0,14493.0,14530.0,14569.0,14600.0,14630.0,14662.0,14695.0,14719.0,14739.0,14768.0,14789.0,14825.0,14857.0,14884.0,14912.0,14931.0,14939.0,14964.0,14993.0,15012.0,15033.0,15057.0,15083.0,15108.0,15138.0,15161.0,15182.0,15210.0,15236.0,15264.0,15295.0,15331.0,15357.0,15388.0,15411.0,15440.0,15461.0,15479.0,15495.0,15515.0,15537.0,15562.0,15586.0,15602.0,15620.0,15640.0,15659.0,15678.0,15709.0,15730.0,15755.0,15778
rUYRO7l4RsQ,3263.0,3264.0,3265.0,3268.0,3270.0,3272.0,3280.0,3283.0,3284.0,3292.0,3293.0,3295.0,3299.0,3305.0,3315.0,3322.0,3326.0,3329.0,3331.0,3334.0,3335.0,3338.0,3339.0,3341.0,3342.0,3349.0,3351.0,3352.0,3353.0,3354.0,3358.0,3359.0,3363.0,3365.0,3365.0,3366.0,3366.0,3367.0,3370.0,3371.0,3372.0,3374.0,3376.0,3378.0,3378.0,3378.0,3381.0,3383.0,3383.0,3387.0,3389.0,3389.0,3389.0,3390.0,3392.0,3394.0,3396.0,3397.0,3400.0,3400.0,3400.0,3403.0,3403.0,3403.0,3404.0,3404.0,3406.0,3409.0,3408.0,3408.0,3409.0,3410.0,3410.0,3413.0,3413.0,3413.0,3414.0,3414.0,3414.0,3416.0,3417.0,3417.0,3417.0,3417.0,3417.0,3418.0,3419.0,3420.0,3420.0,3420.0,3422.0,3426.0,3429.0,3433.0,3436.0,3444.0,3444.0,3448.0,3450.0,3454.0,3458.0,3461.0,3466.0,3469.0,3475.0,3478.0,3484.0,3485.0,3489.0,3491.0,3495.0,3502.0,3512.0,3515.0,3519.0,3522.0,3528.0,3531.0,3536.0,3546.0,3551.0,3554.0,3558.0,3565.0,3570.0,3580.0,3581.0,3585.0,3589.0,3600.0,3605.0,3608.0,3615.0,3621.0,,,,,,,,,3675.0,3682.0,3688.0,3693.0,3713.0,3727.0,3736.0,3741.0,3744.0,3747.0,3748.0,3755.0,3761.0,3774.0,3785.0,3789.0,3793.0,3800.0,3809.0,3817.0,3827.0,3830.0,3837.0,3846.0,3858.0,3868.0,3876.0,3883.0,3893.0,3900.0,3910.0,3920.0,3927.0,3936.0,3944.0,3951.0,3960.0,3966.0,3980.0,3987.0,3999.0,4011.0,4026.0,4040.0,4049.0,4064.0,4077.0,4089.0,4099.0,4111.0,4118.0,4128.0,4152.0,4162.0,4173.0,4181.0,4199.0,4204.0,4215.0,4226.0,4237.0,4245.0,4254.0,4267.0,4284.0,4299.0,4304.0,4312.0,4320.0,4329.0,4332.0,4339
gKMMN2R6wws,244225.0,244257.0,244288.0,244329.0,244368.0,244404.0,244445.0,244489.0,244531.0,244575.0,244601.0,244651.0,244703.0,244759.0,244803.0,244852.0,244887.0,244921.0,244955.0,245006.0,245046.0,245083.0,245118.0,245154.0,245200.0,245234.0,245292.0,245328.0,245376.0,245416.0,245456.0,245495.0,245528.0,245565.0,245609.0,245652.0,245688.0,245720.0,245749.0,245783.0,245808.0,245841.0,245874.0,245913.0,245947.0,245980.0,246024.0,246054.0,246081.0,246120.0,246159.0,246194.0,246226.0,246259.0,246300.0,246352.0,246388.0,246424.0,246462.0,246503.0,246549.0,246587.0,246615.0,246655.0,246698.0,246745.0,246786.0,246840.0,246864.0,246909.0,246943.0,246981.0,247028.0,247053.0,247094.0,247139.0,247186.0,247217.0,247260.0,247297.0,247326.0,247359.0,247402.0,247444.0,247487.0,247539.0,247589.0,247628.0,247669.0,247704.0,247731.0,247777.0,247821.0,247864.0,247899.0,247931.0,247968.0,247993.0,248021.0,248056.0,248094.0,248125.0,248153.0,248191.0,248239.0,248289.0,248324.0,248365.0,248401.0,248452.0,248490.0,248530.0,248577.0,248615.0,248651.0,248681.0,248735.0,248781.0,248820.0,248870.0,248910.0,248951.0,248974.0,248996.0,249033.0,249066.0,249100.0,249146.0,249183.0,249205.0,249227.0,249264.0,249288.0,249308.0,,,,,,,,,249569.0,249588.0,249614.0,249640.0,249670.0,249696.0,249728.0,249754.0,249790.0,249829.0,249847.0,249882.0,249907.0,249948.0,249994.0,250017.0,250041.0,250065.0,250102.0,250143.0,250187.0,250214.0,250270.0,250304.0,250330.0,250371.0,250405.0,250456.0,250482.0,250506.0,250537.0,250572.0,250606.0,250651.0,250691.0,250727.0,250764.0,250797.0,250841.0,250885.0,250908.0,250946.0,250983.0,251017.0,251039.0,251088.0,251115.0,251164.0,251199.0,251242.0,251260.0,251302.0,251343.0,251369.0,251411.0,251445.0,251492.0,251518.0,251558.0,251594.0,251632.0,251664.0,251695.0,251734.0,251772.0,251813.0,251847.0,251872.0,251897.0,251926.0,251964.0,252003
EmDeroBFHRI,1492985.0,1493093.0,1493193.0,1493306.0,1493427.0,1493559.0,1493678.0,1493801.0,1493917.0,1494031.0,1494148.0,1494265.0,1494387.0,1494503.0,1494612.0,1494753.0,1494856.0,1494978.0,1495061.0,1495156.0,1495262.0,1495363.0,1495466.0,1495584.0,1495676.0,1495849.0,1495955.0,1496065.0,1496139.0,1496251.0,1496333.0,1496457.0,1496564.0,1496677.0,1496799.0,1496911.0,1497018.0,1497135.0,1497222.0,1497319.0,1497441.0,1497556.0,1497663.0,1497813.0,1497932.0,1498069.0,1498210.0,1498333.0,1498481.0,1498588.0,1498731.0,1498871.0,1498966.0,1499093.0,1499194.0,1499336.0,1499438.0,1499586.0,1499696.0,1499799.0,1499939.0,1500076.0,1500211.0,1500352.0,1500610.0,1500782.0,1500911.0,1501094.0,1501205.0,1501361.0,1501473.0,1501663.0,1501763.0,1501868.0,1501959.0,1502121.0,1502231.0,1502344.0,1502525.0,1502636.0,1502734.0,1502829.0,1502957.0,1503044.0,1503170.0,1503276.0,1503413.0,1503516.0,1503632.0,1503791.0,1503928.0,1504053.0,1504173.0,1504294.0,1504386.0,1504515.0,1504614.0,1504726.0,1504882.0,1505002.0,1505103.0,1505211.0,1505274.0,1505383.0,1505464.0,1505584.0,1505667.0,1505756.0,1505834.0,1505930.0,1506047.0,1506154.0,1506279.0,1506402.0,1506502.0,1506623.0,1506706.0,1506815.0,1506968.0,1507028.0,1507131.0,1507232.0,1507317.0,1507396.0,1507521.0,1507662.0,1507748.0,1507846.0,1507933.0,1508032.0,1508124.0,1508236.0,1508333.0,1508454.0,,,,,,,,,1509361.0,1509450.0,1509552.0,1509620.0,1509706.0,1509800.0,1509874.0,1509927.0,1510027.0,1510129.0,1510230.0,1510335.0,1510444.0,1510544.0,1510632.0,1510706.0,1510789.0,1510858.0,1510928.0,1511033.0,1511133.0,1511227.0,1511324.0,1511405.0,1511509.0,1511603.0,1511712.0,1511809.0,1511902.0,1511999.0,1512100.0,1512219.0,1512299.0,1512398.0,1512510.0,1512585.0,1512703.0,1512800.0,1512875.0,1512951.0,1513038.0,1513139.0,1513220.0,1513318.0,1513406.0,1513517.0,1513610.0,1513710.0,1513867.0,1513959.0,1514072.0,1514154.0,1514253.0,1514331.0,1514404.0,1514504.0,1514587.0,1514677.0,1514773.0,1514861.0,1514950.0,1515013.0,1515084.0,1515182.0,1515267.0,1515362.0,1515465.0,1515545.0,1515620.0,1515692.0,1515782.0,1515851
QkcI7ILkckA,2329277.0,2331353.0,2333302.0,2335163.0,2337295.0,2339586.0,2342098.0,2344496.0,2346903.0,2349097.0,2351231.0,2353958.0,2356741.0,2359567.0,2362431.0,2365215.0,2367732.0,2369987.0,2372623.0,2375472.0,2378541.0,2381627.0,2385033.0,2388298.0,2391070.0,2394303.0,2400329.0,2405694.0,2410948.0,2416386.0,2420451.0,2423799.0,2427183.0,2430927.0,2434518.0,2437401.0,2440004.0,2441822.0,2443452.0,2445393.0,2447453.0,2449403.0,2451265.0,2453406.0,2455293.0,2456880.0,2458651.0,2460780.0,2462803.0,2464772.0,2466827.0,2468487.0,2469963.0,2471882.0,2473814.0,2475538.0,2477309.0,2478917.0,2480515.0,2481929.0,2483461.0,2485227.0,2487033.0,2488875.0,2490582.0,2492252.0,2493752.0,2495341.0,2496825.0,2498919.0,2501002.0,2502719.0,2504298.0,2505812.0,2507496.0,2509255.0,2511014.0,2512601.0,2514451.0,2516085.0,2517607.0,2519171.0,2520938.0,2522731.0,2524503.0,2526429.0,2528142.0,2529610.0,2531290.0,2533174.0,2534975.0,2536804.0,2538673.0,2540492.0,2542149.0,2543852.0,2545833.0,2547808.0,2549783.0,2551688.0,2553267.0,2554911.0,2556791.0,2558742.0,2560798.0,2562890.0,2565105.0,2567170.0,2568854.0,2571004.0,2573169.0,2575315.0,2577399.0,2579462.0,2581396.0,2583100.0,2585230.0,2587551.0,2589746.0,2591725.0,2593680.0,2595430.0,2597010.0,2598936.0,2601237.0,2603496.0,2605679.0,2607880.0,2609890.0,2611671.0,2613650.0,2616122.0,2618802.0,2621076.0,,,,,,,,,2638324.0,2639938.0,2641622.0,2643386.0,2645274.0,2647226.0,2648844.0,2650407.0,2651954.0,2653898.0,2656001.0,2657974.0,2660205.0,2662336.0,2664129.0,2665815.0,2667577.0,2669321.0,2671270.0,2673261.0,2675088.0,2676700.0,2678211.0,2679902.0,2681738.0,2683586.0,2685484.0,2687474.0,2688979.0,2690593.0,2692163.0,2694168.0,2695908.0,2697780.0,2699639.0,2701359.0,2703027.0,2704803.0,2706814.0,2708763.0,2710761.0,2712573.0,2714115.0,2715485.0,2717041.0,2718908.0,2720558.0,2722377.0,2724105.0,2725663.0,2727116.0,2728823.0,2730554.0,2732470.0,2734084.0,2736021.0,2737555.0,2738955.0,2740554.0,2742221.0,2743844.0,2745087.0,2746577.0,2747991.0,2749443.0,2751134.0,2752881.0,2754583.0,2755941.0,2757414.0,2758956.0,2760485
cRokRh2asHw,18664.0,18681.0,18702.0,18732.0,18744.0,18765.0,18784.0,18804.0,18815.0,18829.0,18840.0,18858.0,18882.0,18902.0,18917.0,18932.0,18946.0,18971.0,18988.0,18999.0,19012.0,19045.0,19061.0,19083.0,19094.0,19108.0,19123.0,19149.0,19168.0,19198.0,19232.0,19266.0,19287.0,19312.0,19356.0,19401.0,19426.0,19445.0,19473.0,19495.0,19511.0,19544.0,19586.0,19632.0,19664.0,19681.0,19718.0,19736.0,19758.0,19825.0,19863.0,19879.0,19900.0,19928.0,19952.0,20001.0,20080.0,20120.0,20139.0,20151.0,20160.0,20182.0,20200.0,20223.0,20243.0,20264.0,20286.0,20305.0,20322.0,20346.0,20364.0,20375.0,20397.0,20415.0,20433.0,20448.0,20464.0,20475.0,20491.0,20509.0,20522.0,20537.0,20551.0,20578.0,20606.0,20626.0,20638.0,20654.0,20688.0,20710.0,20730.0,20752.0,20766.0,20788.0,20807.0,20827.0,20849.0,20888.0,20916.0,20942.0,20955.0,20972.0,21003.0,21020.0,21045.0,21066.0,21087.0,21112.0,21132.0,21173.0,21187.0,21204.0,21228.0,21252.0,21263.0,21278.0,21304.0,21319.0,21330.0,21350.0,21365.0,21388.0,21426.0,21446.0,21456.0,21480.0,21527.0,21550.0,21573.0,21592.0,21610.0,21629.0,21646.0,21667.0,,,,,,,,,21824.0,21835.0,21848.0,21854.0,21864.0,21876.0,21899.0,21920.0,21931.0,21942.0,21957.0,21980.0,21997.0,22016.0,22028.0,22043.0,22058.0,22074.0,22096.0,22105.0,22124.0,22130.0,22141.0,22154.0,22165.0,22173.0,22189.0,22202.0,22210.0,22212.0,22219.0,22236.0,22245.0,22255.0,22266.0,22281.0,22288.0,22297.0,22306.0,22319.0,22333.0,22344.0,22353.0,22364.0,22368.0,22383.0,22397.0,22410.0,22419.0,22429.0,22435.0,22449.0,22458.0,22469.0,22479.0,22487.0,22489.0,22495.0,22499.0,22504.0,22513.0,22519.0,22534.0,22548.0,22550.0,22559.0,22569.0,22578.0,22584.0,22592.0,22604.0,22614
tZqJYWMum3E,32937.0,32959.0,32972.0,32985.0,33004.0,33025.0,33042.0,33076.0,33092.0,33111.0,33128.0,33147.0,33171.0,33197.0,33234.0,33250.0,33277.0,33302.0,33316.0,33350.0,33366.0,33403.0,33426.0,33452.0,33473.0,33513.0,33548.0,33593.0,33636.0,33688.0,33729.0,33755.0,33780.0,33813.0,33840.0,33867.0,33895.0,33932.0,33964.0,34003.0,34039.0,34066.0,34091.0,34111.0,34137.0,34162.0,34192.0,34226.0,34251.0,34283.0,34318.0,34337.0,34356.0,34386.0,34405.0,34435.0,34469.0,34496.0,34517.0,34535.0,34559.0,34590.0,34604.0,34624.0,34654.0,34688.0,34719.0,34745.0,34762.0,34789.0,34809.0,34834.0,34857.0,34883.0,34902.0,34935.0,34958.0,34980.0,35020.0,35060.0,35086.0,35107.0,35131.0,35159.0,35183.0,35215.0,35248.0,35275.0,35306.0,35338.0,35356.0,35391.0,35419.0,35454.0,35482.0,35512.0,35528.0,35548.0,35589.0,35615.0,35634.0,35650.0,35679.0,35697.0,35731.0,35757.0,35786.0,35819.0,35841.0,35866.0,35891.0,35918.0,35938.0,35963.0,35995.0,36011.0,36028.0,36051.0,36078.0,36096.0,36128.0,36152.0,36179.0,36212.0,36238.0,36261.0,36278.0,36298.0,36322.0,36341.0,36376.0,36411.0,36442.0,36474.0,,,,,,,,,36735.0,36774.0,36796.0,36830.0,36874.0,36929.0,36989.0,37058.0,37128.0,37191.0,37258.0,37314.0,37353.0,37395.0,37430.0,37468.0,37530.0,37573.0,37617.0,37641.0,37673.0,37699.0,37734.0,37761.0,37778.0,37791.0,37821.0,37842.0,37862.0,37879.0,37907.0,37927.0,37945.0,37969.0,37979.0,38000.0,38015.0,38028.0,38044.0,38054.0,38070.0,38090.0,38117.0,38136.0,38153.0,38171.0,38191.0,38213.0,38227.0,38242.0,38259.0,38273.0,38288.0,38303.0,38325.0,38355.0,38370.0,38386.0,38409.0,38443.0,38479.0,38496.0,38510.0,38537.0,38554.0,38589.0,38614.0,38653.0,38679.0,38704.0,38737.0,38755
D24Cfa7t4cI,6859320.0,6861003.0,6862808.0,6864458.0,6866488.0,6868561.0,6870524.0,6872644.0,6875109.0,6877512.0,6879695.0,6881935.0,6884259.0,6886533.0,6889403.0,6892241.0,6894955.0,6897531.0,6900390.0,6903251.0,6906430.0,6910091.0,6913899.0,6916760.0,6919467.0,6922100.0,6924888.0,6928170.0,6931132.0,6933452.0,6936126.0,6938187.0,6940460.0,6943005.0,6945654.0,6948424.0,6951273.0,6953822.0,6956062.0,6958434.0,6960823.0,6962912.0,6965302.0,6968134.0,6971007.0,6973634.0,6976150.0,6978764.0,6981312.0,6983850.0,6986342.0,6988814.0,6991058.0,6993310.0,6995920.0,6998146.0,7000261.0,7002668.0,7004836.0,7007062.0,7009229.0,7011291.0,7013575.0,7015857.0,7018192.0,7020760.0,7023617.0,7027557.0,7032239.0,7036989.0,7040385.0,7043273.0,7046364.0,7049188.0,7052482.0,7055930.0,7059169.0,7062417.0,7065331.0,7067792.0,7070190.0,7073026.0,7075733.0,7078390.0,7081032.0,7083472.0,7085445.0,7087620.0,7089914.0,7092358.0,7094926.0,7097368.0,7099511.0,7101629.0,7103443.0,7105604.0,7107649.0,7109762.0,7111970.0,7113989.0,7115841.0,7117619.0,7119565.0,7121336.0,7123235.0,7125082.0,7126763.0,7128610.0,7130197.0,7131899.0,7133786.0,7135967.0,7138078.0,7140110.0,7141902.0,7143356.0,7144974.0,7146775.0,7148576.0,7150559.0,7152394.0,7154082.0,7155788.0,7157487.0,7159296.0,7161021.0,7162809.0,7164620.0,7166216.0,7167643.0,7169479.0,7171431.0,7173578.0,7175969.0,,,,,,,,,7207613.0,7211060.0,7214794.0,7218567.0,7221891.0,7224475.0,7228771.0,7232049.0,7234909.0,7237737.0,7240654.0,7244030.0,7246697.0,7249704.0,7252155.0,7254590.0,7256862.0,7259524.0,7261928.0,7264560.0,7267048.0,7269543.0,7271816.0,7274342.0,7276798.0,7279438.0,7282855.0,7287192.0,7293014.0,7300599.0,7310032.0,7320858.0,7333550.0,7348503.0,7365177.0,7381210.0,7396878.0,7415007.0,7434748.0,7453844.0,7471179.0,7487667.0,7501842.0,7513570.0,7525171.0,7536479.0,7547757.0,7557994.0,7567847.0,7576771.0,7584343.0,7592518.0,7600679.0,7608538.0,7616287.0,7624014.0,7630562.0,7636527.0,7642917.0,7650250.0,7657472.0,7663937.0,7670262.0,7676164.0,7681411.0,7687227.0,7693700.0,7699930.0,7705597.0,7711951.0,7718235.0,7724508
D3gekHfVrwE,668643.0,668811.0,668970.0,669104.0,669271.0,669485.0,669679.0,669890.0,670116.0,670264.0,670437.0,670617.0,670788.0,670976.0,671180.0,671377.0,671591.0,671742.0,671916.0,672106.0,672287.0,672525.0,672709.0,672893.0,673050.0,673212.0,673399.0,673595.0,673779.0,674032.0,674214.0,674380.0,674563.0,674730.0,674930.0,675140.0,675339.0,675525.0,675682.0,675890.0,676061.0,676287.0,676455.0,676640.0,676813.0,676947.0,677110.0,677288.0,677542.0,677728.0,677947.0,678119.0,678269.0,678435.0,678597.0,678779.0,678962.0,679138.0,679302.0,679469.0,679651.0,679802.0,680008.0,680217.0,680405.0,680604.0,680805.0,681005.0,681174.0,681388.0,681612.0,681815.0,681974.0,682162.0,682346.0,682559.0,682761.0,682948.0,683120.0,683307.0,683453.0,683610.0,683786.0,683977.0,684211.0,684405.0,684591.0,684745.0,684933.0,685073.0,685229.0,685430.0,685616.0,685803.0,685952.0,686135.0,686326.0,686536.0,686765.0,686985.0,687182.0,687397.0,687600.0,687826.0,688017.0,688218.0,688381.0,688554.0,688785.0,689071.0,689381.0,689594.0,689816.0,690127.0,690400.0,690695.0,690929.0,691271.0,691617.0,691997.0,692295.0,692569.0,692818.0,693074.0,693399.0,693687.0,694001.0,694345.0,694693.0,694984.0,695263.0,695612.0,696022.0,696517.0,,,,,,,,,707427.0,708552.0,709830.0,711107.0,712372.0,713257.0,714079.0,714694.0,715373.0,716100.0,716791.0,717571.0,718364.0,719278.0,719908.0,720537.0,721243.0,721877.0,722435.0,723270.0,724290.0,725109.0,725801.0,726637.0,727359.0,728140.0,729115.0,730563.0,732378.0,734515.0,737940.0,741809.0,746485.0,750540.0,754968.0,759014.0,762523.0,766906.0,771407.0,775151.0,778923.0,782566.0,785438.0,787944.0,790426.0,793618.0,796347.0,798757.0,801261.0,803297.0,804971.0,806796.0,808717.0,810800.0,812818.0,814756.0,816143.0,817536.0,819257.0,821173.0,822960.0,824430.0,825980.0,827587.0,828976.0,830482.0,832163.0,833788.0,835071.0,836649.0,838331.0,839840
aLOZa33DiGo,168529.0,168538.0,168541.0,168559.0,168569.0,168579.0,168586.0,168590.0,168595.0,168604.0,168617.0,168628.0,168640.0,168652.0,168671.0,168684.0,168693.0,168704.0,168715.0,168720.0,168727.0,168736.0,168742.0,168749.0,168757.0,168766.0,168770.0,168773.0,168777.0,168785.0,168790.0,168798.0,168801.0,168808.0,168812.0,168818.0,168822.0,168829.0,168832.0,168835.0,168845.0,168855.0,168864.0,168871.0,168877.0,168881.0,168886.0,168893.0,168905.0,168916.0,168927.0,168940.0,168950.0,168961.0,168968.0,168975.0,168983.0,168992.0,169001.0,169015.0,169025.0,169032.0,169039.0,169043.0,169052.0,169063.0,169073.0,169081.0,169086.0,169097.0,169106.0,169112.0,169117.0,169127.0,169136.0,169141.0,169153.0,169163.0,169171.0,169181.0,169184.0,169193.0,169200.0,169212.0,169216.0,169227.0,169232.0,169235.0,169240.0,169246.0,169253.0,169257.0,169267.0,169277.0,169281.0,169285.0,169295.0,169300.0,169309.0,169322.0,169331.0,169336.0,169344.0,169351.0,169358.0,169367.0,169379.0,169387.0,169395.0,169402.0,169406.0,169417.0,169432.0,169438.0,169444.0,169448.0,169456.0,169462.0,169475.0,169482.0,169491.0,169499.0,169508.0,169524.0,169538.0,169550.0,169561.0,169585.0,169603.0,169616.0,169629.0,169645.0,169660.0,169672.0,,,,,,,,,169913.0,169927.0,169947.0,169971.0,170000.0,170018.0,170033.0,170049.0,170065.0,170093.0,170109.0,170130.0,170147.0,170181.0,170202.0,170238.0,170262.0,170280.0,170313.0,170333.0,170370.0,170408.0,170430.0,170461.0,170479.0,170510.0,170569.0,170645.0,170734.0,170836.0,171011.0,171224.0,171527.0,171794.0,172150.0,172412.0,172686.0,172939.0,173190.0,173470.0,173733.0,174124.0,174414.0,174650.0,174895.0,175121.0,175372.0,175725.0,176121.0,176341.0,176599.0,176852.0,177227.0,177715.0,178065.0,178345.0,178631.0,178857.0,179150.0,179409.0,179640.0,180016.0,180283.0,180486.0,180665.0,180849.0,181073.0,181457.0,181639.0,181822.0,182010.0,182162
nbdobObHW0s,75445.0,75451.0,75456.0,75463.0,75476.0,75507.0,75520.0,75530.0,75546.0,75562.0,75574.0,75589.0,75604.0,75619.0,75624.0,75640.0,75651.0,75662.0,75669.0,75679.0,75689.0,75695.0,75702.0,75711.0,75729.0,75740.0,75747.0,75756.0,75764.0,75766.0,75777.0,75789.0,75808.0,75828.0,75846.0,75861.0,75879.0,75898.0,75908.0,75915.0,75929.0,75942.0,75957.0,75975.0,75988.0,75998.0,76012.0,76024.0,76052.0,76061.0,76077.0,76097.0,76119.0,76140.0,76164.0,76187.0,76200.0,76214.0,76232.0,76245.0,76255.0,76269.0,76289.0,76302.0,76330.0,76352.0,76373.0,76389.0,76406.0,76419.0,76440.0,76455.0,76467.0,76480.0,76500.0,76511.0,76519.0,76530.0,76542.0,76551.0,76565.0,76578.0,76586.0,76604.0,76613.0,76628.0,76645.0,76651.0,76661.0,76673.0,76678.0,76689.0,76700.0,76716.0,76723.0,76734.0,76744.0,76755.0,76763.0,76784.0,76798.0,76811.0,76822.0,76826.0,76830.0,76831.0,76846.0,76855.0,76862.0,76870.0,76882.0,76899.0,76912.0,76921.0,76934.0,76948.0,76959.0,76970.0,76984.0,76992.0,77000.0,77006.0,77019.0,77033.0,77045.0,77052.0,77065.0,77074.0,77095.0,77106.0,77119.0,77127.0,77132.0,77137.0,,,,,,,,,77191.0,77205.0,77218.0,77225.0,77243.0,77259.0,77268.0,77286.0,77297.0,77305.0,77314.0,77323.0,77346.0,77360.0,77374.0,77381.0,77388.0,77399.0,77404.0,77418.0,77427.0,77431.0,77441.0,77447.0,77455.0,77464.0,77468.0,77479.0,77486.0,77491.0,77501.0,77511.0,77516.0,77526.0,77535.0,77539.0,77544.0,77551.0,77562.0,77576.0,77593.0,77604.0,77619.0,77629.0,77635.0,77646.0,77657.0,77663.0,77676.0,77689.0,77698.0,77706.0,77718.0,77726.0,77730.0,77734.0,77744.0,77752.0,77757.0,77769.0,77778.0,77785.0,77797.0,77805.0,77828.0,77835.0,77843.0,77849.0,77852.0,77862.0,77873.0,77878
RfMrg32G_FE,,,,,,,,,,,,,,,,,,,,,,,,,,,,,,,,,,,,,,,,,,,,,,,,,,,,,,,,,,,,,,,,,,,,,,,,,,,,,,,,,,,,,,,,,,,,,,,,,,,,,,,,,,,,,,,,,,,,,,,,,,,,,,,,,,,,,,,,,,,,,,,,,,,,,,,,,,,,,,,,,,,,,,,,,,,,,,,,,,,,,,,,,,,,,,,,,,,,,,,,,,,,,,,,,,,,,,
CP2hrls8TuA,354858.0,354875.0,354891.0,354899.0,354909.0,354917.0,354932.0,354946.0,354962.0,354980.0,354999.0,355012.0,355028.0,355046.0,355063.0,355074.0,355091.0,355102.0,355115.0,355126.0,355142.0,355163.0,355180.0,355197.0,355208.0,355219.0,355227.0,355241.0,355253.0,355257.0,355269.0,355279.0,355291.0,355302.0,355319.0,355326.0,355337.0,355341.0,355349.0,355363.0,355371.0,355380.0,355390.0,355404.0,355413.0,355422.0,355425.0,355429.0,355439.0,355451.0,355467.0,355474.0,355481.0,355493.0,355514.0,355522.0,355530.0,355533.0,355532.0,355539.0,355546.0,355554.0,355562.0,355568.0,355574.0,355582.0,355590.0,355599.0,355610.0,355621.0,355628.0,355640.0,355656.0,355660.0,355675.0,355684.0,355698.0,355721.0,355742.0,355772.0,355777.0,355788.0,355801.0,355811.0,355819.0,355831.0,355848.0,355862.0,355875.0,355890.0,355906.0,355913.0,355919.0,355932.0,355945.0,355973.0,355992.0,356007.0,356017.0,356032.0,356045.0,356056.0,356074.0,356098.0,356112.0,356127.0,356150.0,356161.0,356169.0,356184.0,356195.0,356204.0,356223.0,356241.0,356246.0,356258.0,356269.0,356286.0,356295.0,356310.0,356321.0,356332.0,356342.0,356354.0,356367.0,356386.0,356410.0,356426.0,356441.0,356464.0,356478.0,356494.0,356509.0,356527.0,,,,,,,,,356703.0,356723.0,356756.0,356788.0,356811.0,356843.0,356867.0,356910.0,356943.0,356990.0,357025.0,357057.0,357092.0,357135.0,357166.0,357186.0,357219.0,357263.0,357283.0,357313.0,357344.0,357366.0,357385.0,357407.0,357435.0,357461.0,357484.0,357506.0,357522.0,357536.0,357548.0,357583.0,357610.0,357631.0,357648.0,357671.0,357690.0,357716.0,357744.0,357758.0,357777.0,357799.0,357811.0,357829.0,357839.0,357857.0,357873.0,357898.0,357922.0,357946.0,357957.0,357981.0,358007.0,358035.0,358048.0,358072.0,358091.0,358113.0,358132.0,358145.0,358162.0,358174.0,358193.0,358213.0,358227.0,358239.0,358252.0,358274.0,358285.0,358301.0,358315.0,358327
L_JJph8Yrmc,3596.0,3596.0,3596.0,3596.0,3596.0,3596.0,3596.0,3596.0,3596.0,3596.0,3596.0,3596.0,3596.0,3596.0,3596.0,3596.0,3596.0,3596.0,3596.0,3596.0,3596.0,3596.0,3596.0,3596.0,3596.0,3597.0,3597.0,3597.0,3597.0,3597.0,3597.0,3597.0,3597.0,3597.0,3597.0,3597.0,3597.0,3598.0,3598.0,3598.0,3598.0,3599.0,3599.0,3599.0,3599.0,3599.0,3599.0,3599.0,3599.0,3600.0,3600.0,3600.0,3600.0,3600.0,3600.0,3600.0,3606.0,3606.0,3607.0,3608.0,3611.0,3611.0,3613.0,3612.0,3612.0,3612.0,3612.0,3612.0,3613.0,3613.0,3614.0,3614.0,3614.0,3614.0,3614.0,3614.0,3614.0,3614.0,3615.0,3615.0,3615.0,3615.0,3615.0,3615.0,3615.0,3615.0,3615.0,3615.0,3615.0,3615.0,3615.0,3615.0,3615.0,3616.0,3618.0,3619.0,3619.0,3619.0,3620.0,3620.0,3620.0,3620.0,3620.0,3620.0,3620.0,3621.0,3621.0,3621.0,3621.0,3621.0,3621.0,3621.0,3622.0,3622.0,3625.0,3626.0,3627.0,3627.0,3628.0,3630.0,3630.0,3630.0,3630.0,3631.0,3631.0,3631.0,3631.0,3631.0,3631.0,3631.0,3631.0,3631.0,3631.0,3631.0,,,,,,,,,3632.0,3631.0,3632.0,3632.0,3632.0,3633.0,3633.0,3633.0,3633.0,3633.0,3633.0,3633.0,3634.0,3634.0,3634.0,3634.0,3634.0,3634.0,3635.0,3636.0,3636.0,3638.0,3638.0,3639.0,3641.0,3641.0,3641.0,3641.0,3644.0,3644.0,3645.0,3645.0,3645.0,3645.0,3646.0,3647.0,3647.0,3648.0,3648.0,3648.0,3648.0,3648.0,3648.0,3648.0,3649.0,3650.0,3651.0,3653.0,3654.0,3654.0,3655.0,3656.0,3658.0,3658.0,3658.0,3658.0,3658.0,3658.0,3658.0,3658.0,3658.0,3658.0,3658.0,3658.0,3658.0,3658.0,3659.0,3659.0,3659.0,3659.0,3659.0,3659
lh7lzm6vNgM,,,,,,,,,,,,,,,,,,,,,,,,,,,,,,,,,,,,,,,,,,,,,,,,,,,,,,,,,,,,,,,,,,,,,,,,,,,,,,,,,,,,,,,,,,,,,,,,,,,,,,,,,,,,,,,,,,,,,,,,,,,,,,,,,,,,,,,,,,,,,,,,,,,,,,,,,,,,,,,,,,,,,,,,,,,,,,,,,,,,,,,,,,,,,,,,,,,,,,,,,,,,,,,,,,,,,,
MME6OmPq_1Y,,,,,,,,,,,,,,,,,,,,,,,,,,,,,,,,,,,,,,,,,,,,,,,,,,,,,,,,,,,,,,,,,,,,,,,,,,,,,,,,,,,,,,,,,,,,,,,,,,,,,,,,,,,,,,,,,,,,,,,,,,,,,,,,,,,,,,,,,,,,,,,,,,,,,,,,,,,,,,,,,,,,,,,,,,,,,,,,,,,,,,,,,,,,,,,,,,,,,,,,,,,,,,,,,,,,,,
MLe-Lu4o_5k,618.0,618.0,619.0,619.0,620.0,620.0,623.0,623.0,625.0,625.0,625.0,625.0,625.0,625.0,625.0,625.0,626.0,627.0,628.0,629.0,630.0,631.0,631.0,631.0,631.0,632.0,632.0,632.0,633.0,635.0,636.0,636.0,637.0,638.0,638.0,638.0,638.0,639.0,639.0,640.0,641.0,641.0,641.0,641.0,641.0,641.0,641.0,641.0,643.0,643.0,643.0,643.0,643.0,644.0,644.0,644.0,644.0,645.0,645.0,645.0,645.0,645.0,645.0,645.0,645.0,645.0,645.0,646.0,646.0,646.0,646.0,646.0,646.0,646.0,646.0,646.0,646.0,646.0,646.0,646.0,646.0,646.0,646.0,646.0,649.0,650.0,650.0,650.0,650.0,650.0,651.0,652.0,653.0,653.0,653.0,653.0,653.0,653.0,654.0,656.0,656.0,657.0,659.0,659.0,659.0,660.0,662.0,662.0,662.0,662.0,662.0,663.0,663.0,663.0,663.0,663.0,663.0,663.0,663.0,663.0,663.0,663.0,663.0,663.0,663.0,663.0,663.0,663.0,663.0,664.0,664.0,666.0,666.0,666.0,,,,,,,,,671.0,671.0,672.0,673.0,673.0,673.0,673.0,674.0,674.0,674.0,674.0,676.0,676.0,676.0,676.0,676.0,676.0,676.0,676.0,676.0,676.0,676.0,676.0,676.0,676.0,676.0,676.0,676.0,676.0,676.0,676.0,676.0,676.0,676.0,676.0,676.0,676.0,676.0,676.0,676.0,676.0,676.0,676.0,676.0,676.0,676.0,676.0,676.0,676.0,676.0,676.0,676.0,676.0,676.0,676.0,676.0,676.0,676.0,676.0,676.0,676.0,676.0,676.0,676.0,676.0,676.0,676.0,676.0,676.0,676.0,676.0,676
rc9zfBQlfig,589.0,589.0,589.0,589.0,589.0,589.0,589.0,589.0,589.0,590.0,590.0,590.0,590.0,592.0,592.0,592.0,593.0,594.0,594.0,595.0,595.0,595.0,595.0,595.0,595.0,595.0,596.0,596.0,597.0,599.0,600.0,600.0,602.0,602.0,602.0,602.0,602.0,602.0,602.0,602.0,603.0,603.0,603.0,603.0,603.0,603.0,603.0,603.0,603.0,603.0,603.0,603.0,604.0,604.0,604.0,604.0,604.0,604.0,604.0,604.0,604.0,604.0,604.0,604.0,604.0,604.0,604.0,604.0,604.0,604.0,604.0,604.0,606.0,608.0,609.0,609.0,609.0,609.0,609.0,609.0,609.0,609.0,609.0,609.0,609.0,609.0,609.0,609.0,609.0,609.0,610.0,609.0,609.0,610.0,610.0,610.0,610.0,610.0,611.0,612.0,612.0,613.0,614.0,614.0,615.0,615.0,616.0,617.0,617.0,617.0,617.0,617.0,618.0,618.0,618.0,618.0,618.0,618.0,618.0,619.0,619.0,619.0,619.0,619.0,619.0,619.0,619.0,620.0,620.0,620.0,621.0,621.0,621.0,621.0,,,,,,,,,623.0,623.0,623.0,623.0,623.0,624.0,624.0,624.0,624.0,624.0,624.0,624.0,624.0,624.0,624.0,624.0,624.0,624.0,624.0,624.0,624.0,624.0,624.0,624.0,624.0,624.0,624.0,624.0,624.0,624.0,624.0,624.0,624.0,624.0,624.0,624.0,624.0,624.0,624.0,624.0,624.0,624.0,624.0,624.0,624.0,624.0,624.0,624.0,624.0,624.0,624.0,624.0,624.0,624.0,624.0,624.0,624.0,624.0,624.0,624.0,624.0,624.0,624.0,624.0,624.0,624.0,624.0,624.0,624.0,624.0,624.0,624
-CXgH2HrdQA,6488679.0,6489797.0,6490904.0,6492015.0,6493140.0,6494420.0,6495658.0,6496825.0,6497956.0,6499017.0,6500279.0,6501486.0,6502734.0,6503994.0,6505247.0,6506389.0,6507729.0,6508913.0,6509930.0,6510978.0,6512100.0,6513173.0,6514515.0,6515706.0,6516897.0,6518007.0,6519088.0,6520220.0,6521361.0,6522438.0,6523713.0,6524789.0,6525847.0,6526911.0,6528013.0,6529232.0,6530314.0,6531397.0,6532591.0,6533727.0,6534833.0,6536057.0,6537251.0,6538615.0,6540107.0,6541293.0,6542496.0,6543746.0,6544928.0,6546068.0,6547182.0,6548474.0,6549403.0,6550384.0,6551514.0,6552693.0,6553858.0,6555023.0,6556198.0,6557278.0,6558306.0,6559387.0,6560540.0,6561613.0,6562737.0,6563834.0,6565004.0,6565963.0,6566975.0,6568168.0,6569183.0,6570181.0,6571153.0,6572149.0,6573163.0,6574284.0,6575243.0,6576341.0,6577459.0,6578708.0,6579811.0,6580744.0,6581743.0,6582784.0,6583917.0,6585058.0,6586141.0,6587198.0,6588166.0,6589395.0,6590999.0,6592554.0,6594361.0,6596272.0,6598381.0,6600293.0,6602205.0,6604186.0,6606057.0,6607957.0,6609771.0,6611576.0,6613213.0,6614993.0,6616697.0,6618316.0,6619949.0,6621612.0,6623206.0,6624665.0,6626071.0,6627502.0,6628862.0,6630247.0,6631553.0,6632865.0,6634105.0,6635445.0,6636743.0,6637993.0,6639300.0,6640779.0,6642185.0,6643506.0,6644969.0,6646430.0,6647879.0,6649137.0,6650626.0,6651984.0,6653056.0,6654223.0,6655278.0,6656369.0,,,,,,,,,6666843.0,6668082.0,6669343.0,6670560.0,6671812.0,6673000.0,6674058.0,6675106.0,6676102.0,6676999.0,6677876.0,6678882.0,6679922.0,6680951.0,6681953.0,6682881.0,6683740.0,6684576.0,6685479.0,6686423.0,6687315.0,6688327.0,6689450.0,6690489.0,6691416.0,6692400.0,6693391.0,6694440.0,6695436.0,6696479.0,6697455.0,6698460.0,6699445.0,6700528.0,6701432.0,6702461.0,6703440.0,6704376.0,6705499.0,6706572.0,6707677.0,6708770.0,6709793.0,6710747.0,6711766.0,6712787.0,6713770.0,6714856.0,6715983.0,6717108.0,6718193.0,6719113.0,6720086.0,6721104.0,6722106.0,6723250.0,6724258.0,6725285.0,6726288.0,6727349.0,6728475.0,6729383.0,6730224.0,6731186.0,6732208.0,6733284.0,6734310.0,6735305.0,6736270.0,6737185.0,6738215.0,6739231
oDRlsACohqU,735425.0,735848.0,736424.0,736892.0,737382.0,737957.0,738462.0,739065.0,739629.0,740064.0,740540.0,741052.0,741725.0,742233.0,742897.0,743367.0,743844.0,744257.0,744743.0,745326.0,745820.0,746338.0,746961.0,747494.0,747914.0,748373.0,748882.0,749336.0,749963.0,750541.0,750960.0,751390.0,751942.0,752455.0,752998.0,753516.0,754142.0,754763.0,755369.0,756109.0,756877.0,757592.0,758322.0,758988.0,759681.0,760192.0,760804.0,761428.0,762009.0,762616.0,763387.0,763911.0,764454.0,765137.0,765853.0,766446.0,767349.0,768135.0,768901.0,769433.0,770006.0,770605.0,771218.0,771825.0,772477.0,773032.0,773472.0,774118.0,774588.0,775159.0,775724.0,776400.0,776959.0,777315.0,777870.0,778421.0,779033.0,779703.0,780306.0,780924.0,781446.0,782064.0,782565.0,783091.0,783698.0,784277.0,784729.0,785144.0,785593.0,786088.0,786683.0,787356.0,788077.0,788772.0,789268.0,789876.0,790527.0,791284.0,792093.0,792750.0,793333.0,793991.0,794768.0,795555.0,796298.0,797059.0,797732.0,798350.0,798784.0,799344.0,799869.0,800535.0,801082.0,801637.0,802170.0,802534.0,803022.0,803454.0,803963.0,804480.0,804944.0,805380.0,805789.0,806174.0,806553.0,806936.0,807287.0,807645.0,808057.0,808426.0,808756.0,809171.0,809650.0,809978.0,,,,,,,,,814289.0,814774.0,815356.0,816008.0,816776.0,817553.0,818476.0,819307.0,820138.0,820622.0,820980.0,821452.0,821897.0,822436.0,822900.0,823297.0,823654.0,823986.0,824367.0,824739.0,825122.0,825375.0,825809.0,826230.0,826567.0,826951.0,827272.0,827730.0,828090.0,828453.0,828780.0,829157.0,829601.0,829969.0,830348.0,830709.0,831029.0,831386.0,831717.0,832096.0,832439.0,832806.0,833186.0,833562.0,833900.0,834288.0,834650.0,835035.0,835402.0,835692.0,836039.0,836392.0,836824.0,837263.0,837665.0,838047.0,838377.0,838690.0,839054.0,839454.0,839825.0,840062.0,840361.0,840668.0,840861.0,841252.0,841536.0,841876.0,842070.0,842364.0,842627.0,842885
5zPlP0BbFUQ,482.0,482.0,482.0,482.0,482.0,482.0,482.0,482.0,482.0,482.0,482.0,482.0,482.0,482.0,482.0,483.0,483.0,483.0,483.0,484.0,484.0,484.0,485.0,486.0,486.0,487.0,487.0,487.0,487.0,488.0,488.0,488.0,488.0,488.0,488.0,488.0,488.0,488.0,488.0,488.0,488.0,488.0,488.0,488.0,488.0,488.0,489.0,489.0,489.0,489.0,489.0,489.0,489.0,489.0,489.0,489.0,489.0,489.0,489.0,489.0,489.0,489.0,489.0,489.0,489.0,489.0,489.0,490.0,490.0,490.0,490.0,490.0,490.0,490.0,492.0,492.0,493.0,493.0,493.0,493.0,494.0,494.0,494.0,494.0,494.0,494.0,494.0,494.0,494.0,494.0,494.0,495.0,496.0,498.0,498.0,499.0,499.0,500.0,500.0,500.0,500.0,500.0,500.0,501.0,501.0,502.0,502.0,502.0,502.0,502.0,502.0,502.0,502.0,503.0,503.0,503.0,503.0,503.0,503.0,503.0,503.0,503.0,503.0,503.0,503.0,503.0,503.0,503.0,503.0,503.0,503.0,503.0,503.0,503.0,,,,,,,,,505.0,505.0,505.0,505.0,505.0,505.0,505.0,505.0,505.0,505.0,505.0,505.0,505.0,505.0,505.0,505.0,505.0,505.0,505.0,505.0,505.0,505.0,505.0,506.0,506.0,506.0,506.0,506.0,506.0,506.0,506.0,507.0,507.0,507.0,507.0,507.0,507.0,507.0,507.0,507.0,507.0,508.0,508.0,508.0,508.0,508.0,508.0,508.0,508.0,508.0,508.0,508.0,508.0,508.0,508.0,509.0,509.0,509.0,509.0,509.0,509.0,509.0,509.0,509.0,509.0,509.0,509.0,509.0,509.0,509.0,509.0,509
Jy1xgFJD40g,262.0,262.0,262.0,262.0,262.0,262.0,262.0,264.0,264.0,264.0,264.0,264.0,264.0,264.0,264.0,264.0,264.0,265.0,265.0,265.0,265.0,265.0,265.0,265.0,265.0,265.0,265.0,265.0,265.0,266.0,266.0,266.0,266.0,266.0,266.0,266.0,266.0,266.0,266.0,266.0,266.0,267.0,267.0,267.0,267.0,267.0,267.0,267.0,267.0,267.0,267.0,267.0,267.0,267.0,267.0,267.0,267.0,267.0,267.0,267.0,267.0,267.0,267.0,267.0,267.0,267.0,267.0,268.0,268.0,268.0,268.0,268.0,268.0,268.0,268.0,268.0,268.0,268.0,268.0,268.0,268.0,268.0,268.0,268.0,268.0,268.0,268.0,268.0,268.0,268.0,269.0,270.0,270.0,270.0,270.0,270.0,270.0,270.0,270.0,270.0,270.0,270.0,270.0,270.0,270.0,270.0,270.0,270.0,270.0,270.0,270.0,270.0,270.0,270.0,270.0,270.0,270.0,270.0,270.0,270.0,270.0,270.0,270.0,270.0,270.0,270.0,270.0,270.0,270.0,270.0,270.0,270.0,270.0,270.0,,,,,,,,,270.0,270.0,270.0,271.0,271.0,271.0,271.0,271.0,271.0,271.0,271.0,271.0,271.0,271.0,271.0,271.0,271.0,271.0,271.0,271.0,271.0,271.0,271.0,271.0,271.0,271.0,271.0,271.0,271.0,271.0,271.0,271.0,271.0,271.0,271.0,271.0,271.0,271.0,271.0,271.0,271.0,271.0,271.0,271.0,271.0,271.0,271.0,271.0,271.0,271.0,271.0,271.0,271.0,271.0,271.0,271.0,271.0,271.0,271.0,271.0,271.0,271.0,271.0,271.0,271.0,271.0,271.0,271.0,271.0,271.0,271.0,271
t9XpmpvCyLQ,382.0,382.0,382.0,382.0,382.0,382.0,382.0,383.0,383.0,383.0,383.0,383.0,383.0,383.0,383.0,383.0,383.0,384.0,384.0,384.0,384.0,384.0,385.0,386.0,386.0,389.0,389.0,389.0,389.0,390.0,390.0,390.0,390.0,390.0,390.0,390.0,390.0,391.0,391.0,391.0,391.0,391.0,391.0,391.0,393.0,393.0,393.0,393.0,394.0,394.0,394.0,394.0,394.0,394.0,394.0,394.0,394.0,394.0,394.0,394.0,395.0,395.0,395.0,395.0,395.0,395.0,395.0,395.0,395.0,396.0,396.0,396.0,396.0,396.0,397.0,397.0,397.0,397.0,398.0,398.0,398.0,398.0,398.0,398.0,398.0,398.0,398.0,398.0,398.0,398.0,399.0,402.0,403.0,403.0,404.0,404.0,404.0,404.0,404.0,404.0,405.0,405.0,405.0,406.0,406.0,407.0,407.0,407.0,407.0,407.0,407.0,407.0,407.0,407.0,407.0,407.0,407.0,407.0,407.0,407.0,407.0,407.0,407.0,407.0,407.0,407.0,407.0,407.0,407.0,407.0,407.0,407.0,407.0,408.0,,,,,,,,,409.0,410.0,410.0,410.0,410.0,410.0,410.0,411.0,411.0,411.0,411.0,411.0,412.0,412.0,412.0,414.0,418.0,418.0,418.0,418.0,418.0,418.0,419.0,420.0,420.0,420.0,420.0,420.0,420.0,420.0,422.0,423.0,423.0,423.0,423.0,423.0,423.0,423.0,423.0,424.0,424.0,424.0,424.0,424.0,424.0,424.0,424.0,424.0,424.0,424.0,425.0,425.0,425.0,425.0,426.0,427.0,427.0,427.0,427.0,427.0,427.0,428.0,428.0,428.0,428.0,428.0,428.0,428.0,428.0,428.0,428.0,428
9bko1oukcuo,53527.0,53528.0,53531.0,53532.0,53532.0,53533.0,53534.0,53537.0,53538.0,53540.0,53541.0,53541.0,53541.0,53541.0,53542.0,53543.0,53544.0,53546.0,53552.0,53553.0,53555.0,53556.0,53556.0,53558.0,53559.0,53561.0,53561.0,53563.0,53563.0,53566.0,53568.0,53569.0,53570.0,53570.0,53570.0,53571.0,53573.0,53575.0,53576.0,53579.0,53580.0,53581.0,53581.0,53582.0,53582.0,53583.0,53584.0,53589.0,53591.0,53591.0,53591.0,53591.0,53591.0,53592.0,53592.0,53592.0,53592.0,53595.0,53596.0,53596.0,53598.0,53598.0,53601.0,53601.0,53601.0,53602.0,53602.0,53602.0,53603.0,53603.0,53603.0,53605.0,53606.0,53607.0,53607.0,53608.0,53608.0,53608.0,53608.0,53608.0,53608.0,53609.0,53609.0,53610.0,53611.0,53613.0,53613.0,53613.0,53613.0,53613.0,53616.0,53617.0,53617.0,53617.0,53620.0,53620.0,53620.0,53620.0,53620.0,53620.0,53622.0,53622.0,53622.0,53623.0,53623.0,53623.0,53624.0,53624.0,53626.0,53626.0,53626.0,53626.0,53626.0,53627.0,53627.0,53627.0,53627.0,53627.0,53628.0,53628.0,53628.0,53630.0,53630.0,53631.0,53632.0,53633.0,53634.0,53638.0,53638.0,53638.0,53638.0,53638.0,53640.0,53640.0,,,,,,,,,53649.0,53649.0,53649.0,53649.0,53649.0,53649.0,53649.0,53650.0,53650.0,53651.0,53651.0,53651.0,53651.0,53651.0,53652.0,53652.0,53652.0,53652.0,53652.0,53652.0,53653.0,53653.0,53654.0,53656.0,53658.0,53658.0,53658.0,53658.0,53658.0,53659.0,53659.0,53660.0,53660.0,53660.0,53663.0,53663.0,53663.0,53663.0,53664.0,53663.0,53663.0,53664.0,53665.0,53666.0,53666.0,53666.0,53666.0,53666.0,53666.0,53666.0,53666.0,53666.0,53666.0,53666.0,53666.0,53666.0,53666.0,53666.0,53666.0,53667.0,53667.0,53667.0,53667.0,53667.0,53667.0,53669.0,53669.0,53669.0,53669.0,53669.0,53669.0,53670
4DTkTJPtDZI,9916796.0,9917682.0,9918703.0,9919880.0,9920942.0,9921987.0,9922998.0,9924113.0,9925204.0,9926257.0,9927344.0,9928356.0,9929456.0,9930512.0,9931651.0,9932592.0,9933496.0,9934304.0,9935136.0,9935876.0,9936677.0,9937637.0,9938525.0,9939334.0,9940152.0,9941038.0,9941906.0,9942758.0,9943647.0,9944380.0,9945296.0,9946037.0,9946802.0,9947569.0,9948412.0,9949397.0,9950454.0,9951758.0,9952786.0,9953775.0,9954704.0,9955804.0,9957280.0,9958399.0,9959528.0,9960562.0,9961565.0,9962512.0,9963417.0,9964292.0,9965051.0,9966067.0,9966942.0,9967771.0,9968675.0,9969487.0,9970473.0,9971311.0,9972230.0,9973333.0,9974359.0,9975349.0,9976357.0,9977290.0,9978242.0,9979218.0,9980190.0,9981121.0,9981919.0,9983008.0,9983990.0,9984874.0,9985805.0,9986663.0,9987536.0,9988458.0,9989378.0,9990382.0,9991332.0,9992252.0,9992938.0,9993781.0,9994463.0,9995325.0,9996096.0,9996916.0,9997719.0,9998531.0,9999241.0,9999975.0,10000745.0,10001494.0,10002228.0,10003085.0,10003827.0,10004545.0,10005212.0,10005860.0,10006558.0,10007215.0,10007924.0,10008667.0,10009371.0,10010039.0,10010762.0,10011440.0,10012093.0,10012817.0,10013563.0,10014275.0,10014967.0,10015666.0,10016445.0,10017249.0,10018062.0,10018882.0,10019582.0,10020208.0,10020924.0,10021611.0,10022258.0,10023059.0,10023834.0,10024596.0,10025309.0,10026034.0,10026756.0,10027554.0,10028244.0,10029014.0,10029713.0,10030373.0,10031081.0,10031788.0,,,,,,,,,10038157.0,10038821.0,10039584.0,10040295.0,10041023.0,10041789.0,10042508.0,10043300.0,10044119.0,10044834.0,10045501.0,10046133.0,10046890.0,10047621.0,10048435.0,10049233.0,10049936.0,10050818.0,10051585.0,10052319.0,10053032.0,10053734.0,10054553.0,10055164.0,10055820.0,10056521.0,10057267.0,10058017.0,10058700.0,10059333.0,10059985.0,10060627.0,10061235.0,10061903.0,10062666.0,10063308.0,10063981.0,10064665.0,10065377.0,10066104.0,10066815.0,10067518.0,10068275.0,10069005.0,10069734.0,10070437.0,10071148.0,10071902.0,10072665.0,10073484.0,10074259.0,10074963.0,10075643.0,10076485.0,10077220.0,10077922.0,10078642.0,10079364.0,10080130.0,10080912.0,10081633.0,10082299.0,10082890.0,10083548.0,10084186.0,10084907.0,10085648.0,10086351.0,10087080.0,10087806.0,10088512.0,10089201
oq0932ptTfs,20962.0,20973.0,20987.0,21002.0,21010.0,21014.0,21022.0,21034.0,21037.0,21047.0,21057.0,21062.0,21075.0,21082.0,21091.0,21100.0,21105.0,21121.0,21136.0,21149.0,21163.0,21181.0,21191.0,21200.0,21205.0,21211.0,21222.0,21238.0,21242.0,21250.0,21259.0,21270.0,21282.0,21300.0,21325.0,21338.0,21358.0,21376.0,21381.0,21398.0,21433.0,21447.0,21470.0,21492.0,21527.0,21542.0,21558.0,21576.0,21600.0,21616.0,21637.0,21646.0,21655.0,21668.0,21682.0,21691.0,21711.0,21713.0,21722.0,21732.0,21746.0,21756.0,21772.0,21780.0,21795.0,21811.0,21821.0,21831.0,21840.0,21846.0,21864.0,21878.0,21895.0,21911.0,21927.0,21938.0,21950.0,21964.0,21983.0,21995.0,22008.0,22021.0,22038.0,22052.0,22064.0,22075.0,22090.0,22105.0,22126.0,22161.0,22181.0,22190.0,22191.0,22203.0,22208.0,22220.0,22241.0,22248.0,22261.0,22274.0,22281.0,22296.0,22307.0,22319.0,22325.0,22332.0,22337.0,22351.0,22365.0,22377.0,22389.0,22398.0,22404.0,22414.0,22421.0,22426.0,22437.0,22445.0,22453.0,22468.0,22480.0,22487.0,22497.0,22502.0,22517.0,22522.0,22530.0,22541.0,22546.0,22556.0,22563.0,22568.0,22575.0,22590.0,,,,,,,,,22712.0,22735.0,22746.0,22763.0,22787.0,22803.0,22838.0,22854.0,22866.0,22883.0,22900.0,22917.0,22923.0,22934.0,22946.0,22961.0,22971.0,22982.0,22994.0,23006.0,23015.0,23022.0,23025.0,23029.0,23031.0,23039.0,23048.0,23060.0,23064.0,23077.0,23086.0,23095.0,23103.0,23123.0,23134.0,23147.0,23156.0,23164.0,23172.0,23185.0,23191.0,23199.0,23215.0,23220.0,23228.0,23245.0,23258.0,23271.0,23303.0,23322.0,23340.0,23345.0,23366.0,23382.0,23404.0,23422.0,23431.0,23441.0,23462.0,23482.0,23490.0,23502.0,23513.0,23526.0,23531.0,23539.0,23547.0,23557.0,23562.0,23576.0,23582.0,23587
i8L36ByjL5M,643476.0,643536.0,643631.0,643728.0,643823.0,643905.0,643999.0,644087.0,644163.0,644240.0,644338.0,644424.0,644491.0,644587.0,644665.0,644759.0,644817.0,644887.0,644962.0,645041.0,645145.0,645209.0,645307.0,645400.0,645498.0,645593.0,645687.0,645792.0,645901.0,646001.0,646072.0,646171.0,646277.0,646356.0,646457.0,646543.0,646654.0,646763.0,646835.0,646934.0,647043.0,647126.0,647219.0,647301.0,647407.0,647483.0,647566.0,647656.0,647736.0,647838.0,647921.0,648010.0,648113.0,648213.0,648303.0,648387.0,648483.0,648569.0,648652.0,648738.0,648836.0,648931.0,649025.0,649101.0,649180.0,649265.0,649343.0,649413.0,649479.0,649607.0,649688.0,649775.0,649871.0,649973.0,650052.0,650145.0,650217.0,650294.0,650384.0,650498.0,650591.0,650690.0,650778.0,650888.0,650963.0,651069.0,651162.0,651255.0,651354.0,651430.0,651511.0,651581.0,651678.0,651781.0,651877.0,651970.0,652054.0,652120.0,652197.0,652292.0,652345.0,652419.0,652488.0,652557.0,652638.0,652700.0,652748.0,652817.0,652892.0,652970.0,653060.0,653128.0,653212.0,653294.0,653363.0,653452.0,653541.0,653644.0,653734.0,653808.0,653888.0,653969.0,654050.0,654129.0,654233.0,654329.0,654394.0,654484.0,654550.0,654632.0,654722.0,654797.0,654877.0,654935.0,,,,,,,,,655645.0,655747.0,655848.0,655927.0,656006.0,656097.0,656168.0,656261.0,656364.0,656469.0,656563.0,656633.0,656718.0,656829.0,656913.0,657008.0,657071.0,657163.0,657253.0,657338.0,657425.0,657524.0,657593.0,657678.0,657762.0,657850.0,657919.0,658015.0,658101.0,658189.0,658265.0,658356.0,658446.0,658533.0,658635.0,658716.0,658791.0,658858.0,658951.0,659057.0,659154.0,659248.0,659317.0,659407.0,659477.0,659559.0,659652.0,659732.0,659832.0,659935.0,660025.0,660115.0,660204.0,660301.0,660381.0,660480.0,660556.0,660631.0,660708.0,660781.0,660853.0,660927.0,660995.0,661060.0,661143.0,661236.0,661326.0,661403.0,661465.0,661537.0,661600.0,661674
OewymfEI0s0,304688.0,304783.0,304864.0,304952.0,305023.0,305102.0,305169.0,305243.0,305337.0,305424.0,305490.0,305556.0,305653.0,305754.0,305860.0,305959.0,306067.0,306134.0,306194.0,306261.0,306332.0,306420.0,306493.0,306567.0,306642.0,306709.0,306776.0,306864.0,306960.0,307068.0,307151.0,307219.0,307271.0,307361.0,307470.0,307558.0,307647.0,307729.0,307794.0,307858.0,307935.0,308014.0,308080.0,308158.0,308228.0,308276.0,308341.0,308414.0,308487.0,308564.0,308658.0,308732.0,308793.0,308857.0,308924.0,309018.0,309106.0,309174.0,309272.0,309341.0,309417.0,309502.0,309593.0,309682.0,309776.0,309856.0,309915.0,309997.0,310100.0,310230.0,310343.0,310461.0,310576.0,310667.0,310753.0,310828.0,310918.0,310977.0,311052.0,311125.0,311190.0,311243.0,311317.0,311422.0,311510.0,311622.0,311700.0,311777.0,311846.0,311944.0,312098.0,312189.0,312343.0,312428.0,312546.0,312656.0,312794.0,312907.0,313057.0,313171.0,313285.0,313386.0,313521.0,313647.0,313755.0,313877.0,314016.0,314148.0,314250.0,314370.0,314508.0,314647.0,314783.0,314912.0,315052.0,315137.0,315256.0,315362.0,315468.0,315566.0,315668.0,315777.0,315877.0,315968.0,316102.0,316243.0,316371.0,316521.0,316666.0,316778.0,316897.0,317043.0,317202.0,317333.0,,,,,,,,,318036.0,318100.0,318175.0,318261.0,318360.0,318441.0,318538.0,318605.0,318700.0,318777.0,318858.0,318960.0,319051.0,319140.0,319212.0,319294.0,319367.0,319480.0,319588.0,319692.0,319778.0,319883.0,319952.0,320017.0,320104.0,320185.0,320251.0,320308.0,320372.0,320437.0,320503.0,320591.0,320661.0,320708.0,320770.0,320841.0,320891.0,320951.0,321036.0,321127.0,321214.0,321310.0,321407.0,321466.0,321543.0,321605.0,321670.0,321730.0,321806.0,321864.0,321912.0,321967.0,322012.0,322083.0,322151.0,322212.0,322271.0,322310.0,322355.0,322426.0,322497.0,322546.0,322593.0,322663.0,322722.0,322777.0,322835.0,322894.0,322942.0,322982.0,323045.0,323096
2e-Q7GfCGbA,15217804.0,15218813.0,15219900.0,15221057.0,15222076.0,15223260.0,15224481.0,15225730.0,15226952.0,15228126.0,15229310.0,15230411.0,15231555.0,15232764.0,15233833.0,15234873.0,15235781.0,15236894.0,15237970.0,15238957.0,15240026.0,15241181.0,15242438.0,15243670.0,15244943.0,15246013.0,15247138.0,15248245.0,15249286.0,15250534.0,15251560.0,15252587.0,15253545.0,15254633.0,15255681.0,15256896.0,15258080.0,15259204.0,15260349.0,15261499.0,15262551.0,15263575.0,15264602.0,15265806.0,15267061.0,15268123.0,15269171.0,15270278.0,15271304.0,15272287.0,15273313.0,15274414.0,15275456.0,15276431.0,15277503.0,15278517.0,15279469.0,15280475.0,15281522.0,15282620.0,15283676.0,15284692.0,15285796.0,15286834.0,15287827.0,15288850.0,15289892.0,15290858.0,15291776.0,15292895.0,15293891.0,15294952.0,15295994.0,15296981.0,15297938.0,15298942.0,15299986.0,15300963.0,15302017.0,15302986.0,15303938.0,15304907.0,15305795.0,15306865.0,15307888.0,15308955.0,15309876.0,15310839.0,15311743.0,15312611.0,15313507.0,15314444.0,15315308.0,15316417.0,15317465.0,15318423.0,15319409.0,15320293.0,15321259.0,15322217.0,15323258.0,15324252.0,15325189.0,15326128.0,15327085.0,15327995.0,15328856.0,15329837.0,15330740.0,15331719.0,15332665.0,15333686.0,15334583.0,15335547.0,15336710.0,15337700.0,15338576.0,15339464.0,15340418.0,15341354.0,15342331.0,15343385.0,15344367.0,15345149.0,15346112.0,15346930.0,15347814.0,15348690.0,15349626.0,15350588.0,15351456.0,15352252.0,15353072.0,15353826.0,,,,,,,,,15361514.0,15362400.0,15363167.0,15364088.0,15364970.0,15365766.0,15366586.0,15367496.0,15368401.0,15369262.0,15370052.0,15370748.0,15371701.0,15372608.0,15373497.0,15374476.0,15375653.0,15376989.0,15378321.0,15379445.0,15380361.0,15381490.0,15382541.0,15383437.0,15384371.0,15385282.0,15386219.0,15387209.0,15388161.0,15389081.0,15389983.0,15390813.0,15391802.0,15392703.0,15393652.0,15394601.0,15395621.0,15396546.0,15397304.0,15398382.0,15399331.0,15400331.0,15401318.0,15402202.0,15403097.0,15404088.0,15405090.0,15406130.0,15407147.0,15408188.0,15409112.0,15410045.0,15410951.0,15411886.0,15412891.0,15413785.0,15414874.0,15415814.0,15416822.0,15417764.0,15418738.0,15419592.0,15420445.0,15421348.0,15422188.0,15423123.0,15424119.0,15425180.0,15426083.0,15426970.0,15427878.0,15428713
a2TSTYeuV6w,1196199.0,1196617.0,1196954.0,1197241.0,1197535.0,1197797.0,1198230.0,1198568.0,1198981.0,1199503.0,1199927.0,1200233.0,1200529.0,1200959.0,1201422.0,1201855.0,1202263.0,1202594.0,1202924.0,1203441.0,1204449.0,1205124.0,1205644.0,1206072.0,1206463.0,1206699.0,1207048.0,1207381.0,1207685.0,1208063.0,1208346.0,1208844.0,1209293.0,1209652.0,1209988.0,1210415.0,1210899.0,1211202.0,1211486.0,1211744.0,1212077.0,1212364.0,1212604.0,1212866.0,1213166.0,1213401.0,1213591.0,1213805.0,1214024.0,1214201.0,1214465.0,1214696.0,1214973.0,1215269.0,1215590.0,1215861.0,1216077.0,1216324.0,1216508.0,1216739.0,1216939.0,1217180.0,1217444.0,1217660.0,1217909.0,1218062.0,1218178.0,1218336.0,1218508.0,1218809.0,1219048.0,1219279.0,1219495.0,1219659.0,1219809.0,1219976.0,1220174.0,1220379.0,1220570.0,1220763.0,1220956.0,1221148.0,1221314.0,1221496.0,1221715.0,1221959.0,1222214.0,1222416.0,1222585.0,1222804.0,1223028.0,1223288.0,1223541.0,1223746.0,1223958.0,1224167.0,1224391.0,1224604.0,1224850.0,1225118.0,1225441.0,1225736.0,1225978.0,1226273.0,1226631.0,1226938.0,1227234.0,1227575.0,1227894.0,1228220.0,1228567.0,1229044.0,1229509.0,1229984.0,1230321.0,1230658.0,1230966.0,1231350.0,1231683.0,1232069.0,1232415.0,1232715.0,1233019.0,1233361.0,1233639.0,1233957.0,1234238.0,1234504.0,1234758.0,1234970.0,1235159.0,1235413.0,1235672.0,1235887.0,,,,,,,,,1238330.0,1238572.0,1238781.0,1239055.0,1239339.0,1239588.0,1239887.0,1240145.0,1240438.0,1240720.0,1241021.0,1241252.0,1241511.0,1241765.0,1241994.0,1242215.0,1242409.0,1242660.0,1242994.0,1243304.0,1243568.0,1243800.0,1244043.0,1244304.0,1244521.0,1244772.0,1245047.0,1245274.0,1245534.0,1245785.0,1246038.0,1246303.0,1246511.0,1246737.0,1246983.0,1247184.0,1247470.0,1247726.0,1248006.0,1248311.0,1248603.0,1248850.0,1249084.0,1249320.0,1249630.0,1249879.0,1250193.0,1250612.0,1251007.0,1251388.0,1251694.0,1252103.0,1252438.0,1252772.0,1253116.0,1253562.0,1254069.0,1254341.0,1254632.0,1254883.0,1255253.0,1255535.0,1255862.0,1256138.0,1256423.0,1256740.0,1257053.0,1257417.0,1257680.0,1257934.0,1258225.0,1258461
6is4S3LUgHk,36558.0,36561.0,36562.0,36567.0,36567.0,36568.0,36572.0,36575.0,36577.0,36581.0,36585.0,36589.0,36591.0,36599.0,36603.0,36607.0,36611.0,36614.0,36617.0,36620.0,36625.0,36627.0,36628.0,36631.0,36639.0,36640.0,36645.0,36650.0,36652.0,36655.0,36656.0,36661.0,36668.0,36676.0,36680.0,36689.0,36692.0,36693.0,36699.0,36702.0,36705.0,36705.0,36707.0,36709.0,36712.0,36714.0,36717.0,36718.0,36721.0,36721.0,36729.0,36730.0,36731.0,36732.0,36734.0,36738.0,36740.0,36742.0,36745.0,36750.0,36755.0,36758.0,36762.0,36761.0,36762.0,36767.0,36768.0,36772.0,36773.0,36776.0,36777.0,36781.0,36783.0,36787.0,36788.0,36794.0,36799.0,36799.0,36802.0,36805.0,36813.0,36816.0,36818.0,36829.0,36833.0,36835.0,36837.0,36838.0,36841.0,36845.0,36848.0,36852.0,36854.0,36859.0,36864.0,36870.0,36876.0,36877.0,36878.0,36887.0,36891.0,36892.0,36895.0,36902.0,36907.0,36911.0,36914.0,36920.0,36923.0,36925.0,36929.0,36932.0,36933.0,36937.0,36937.0,36939.0,36941.0,36941.0,36942.0,36943.0,36948.0,36950.0,36953.0,36953.0,36954.0,36960.0,36963.0,36966.0,36973.0,36974.0,36977.0,36991.0,36994.0,37004.0,,,,,,,,,37048.0,37058.0,37062.0,37065.0,37074.0,37078.0,37086.0,37089.0,37093.0,37098.0,37103.0,37104.0,37109.0,37115.0,37115.0,37116.0,37122.0,37132.0,37134.0,37145.0,37145.0,37145.0,37142.0,37143.0,37147.0,37151.0,37154.0,37158.0,37162.0,37164.0,37166.0,37174.0,37189.0,37193.0,37196.0,37199.0,37202.0,37204.0,37208.0,37209.0,37212.0,37217.0,37226.0,37232.0,37233.0,37234.0,37240.0,37242.0,37242.0,37244.0,37249.0,37256.0,37259.0,37265.0,37267.0,37271.0,37271.0,37273.0,37274.0,37274.0,37275.0,37278.0,37282.0,37287.0,37289.0,37291.0,37295.0,37296.0,37297.0,37300.0,37304.0,37307
qkQ5KH9tKsY,96681.0,96681.0,96681.0,96681.0,96681.0,96681.0,96681.0,96681.0,96681.0,96681.0,96681.0,96681.0,96681.0,96681.0,96681.0,96681.0,96681.0,96681.0,96681.0,96681.0,96681.0,96681.0,96681.0,96681.0,96681.0,96681.0,96681.0,96681.0,96681.0,96681.0,96681.0,96681.0,96681.0,96681.0,96681.0,96681.0,96681.0,96681.0,96681.0,96681.0,96681.0,96681.0,96681.0,96681.0,96681.0,96681.0,96681.0,96681.0,96681.0,96681.0,96681.0,96681.0,96681.0,96681.0,96681.0,96681.0,96681.0,96681.0,96681.0,96681.0,96681.0,96681.0,96681.0,96681.0,96681.0,96681.0,96681.0,96681.0,96681.0,96681.0,96681.0,96681.0,96681.0,96681.0,96681.0,96681.0,96681.0,96681.0,96681.0,96681.0,96681.0,96681.0,96681.0,96681.0,96681.0,96681.0,96681.0,96681.0,96681.0,96681.0,96681.0,96681.0,96681.0,96681.0,96681.0,96681.0,96681.0,96681.0,96681.0,96681.0,96681.0,96681.0,96681.0,96681.0,96681.0,96681.0,96681.0,96681.0,96681.0,96681.0,96681.0,96681.0,96681.0,96681.0,96681.0,96681.0,96681.0,96681.0,96681.0,96681.0,96681.0,96681.0,96681.0,96681.0,96681.0,96681.0,96681.0,96681.0,96681.0,96681.0,96681.0,96681.0,96681.0,96681.0,,,,,,,,,96681.0,96681.0,96681.0,96681.0,96681.0,96681.0,96681.0,96681.0,96681.0,96681.0,96681.0,96681.0,96681.0,96681.0,96681.0,96681.0,96681.0,96681.0,96681.0,96681.0,96681.0,96681.0,96681.0,96681.0,96681.0,96681.0,96681.0,96681.0,96681.0,96681.0,96681.0,96681.0,96681.0,96681.0,96681.0,96681.0,96681.0,96681.0,96681.0,96681.0,96681.0,96681.0,96681.0,96681.0,96681.0,96681.0,96681.0,96681.0,96681.0,96681.0,96681.0,96681.0,96681.0,96681.0,96681.0,96681.0,96681.0,96681.0,96681.0,96681.0,96681.0,96681.0,96681.0,96681.0,96681.0,96681.0,96681.0,96681.0,96681.0,96681.0,96681.0,96681
_IwCQ4rhBfQ,52243.0,52261.0,52269.0,52290.0,52309.0,52327.0,52350.0,52365.0,52390.0,52406.0,52434.0,52448.0,52466.0,52491.0,52552.0,52619.0,52671.0,52704.0,52752.0,52787.0,52822.0,52875.0,52911.0,52941.0,52960.0,52990.0,53029.0,53057.0,53091.0,53127.0,53153.0,53196.0,53241.0,53268.0,53307.0,53339.0,53371.0,53415.0,53442.0,53474.0,53519.0,53557.0,53585.0,53623.0,53658.0,53682.0,53698.0,53724.0,53765.0,53808.0,53848.0,53885.0,53923.0,53956.0,53986.0,54014.0,54037.0,54062.0,54100.0,54125.0,54142.0,54172.0,54217.0,54244.0,54267.0,54288.0,54318.0,54343.0,54370.0,54406.0,54453.0,54488.0,54517.0,54550.0,54579.0,54607.0,54632.0,54665.0,54701.0,54726.0,54753.0,54771.0,54796.0,54816.0,54839.0,54869.0,54894.0,54930.0,54957.0,54986.0,55022.0,55053.0,55080.0,55108.0,55134.0,55159.0,55186.0,55213.0,55235.0,55280.0,55298.0,55321.0,55342.0,55358.0,55410.0,55443.0,55475.0,55503.0,55525.0,55551.0,55578.0,55612.0,55648.0,55677.0,55696.0,55724.0,55745.0,55776.0,55798.0,55828.0,55858.0,55878.0,55902.0,55934.0,55953.0,55978.0,55990.0,56013.0,56031.0,56046.0,56064.0,56089.0,56108.0,56133.0,,,,,,,,,56438.0,56461.0,56488.0,56526.0,56601.0,56747.0,56910.0,57028.0,57131.0,57179.0,57244.0,57276.0,57305.0,57328.0,57373.0,57418.0,57454.0,57486.0,57511.0,57536.0,57558.0,57582.0,57609.0,57630.0,57639.0,57661.0,57681.0,57704.0,57723.0,57743.0,57767.0,57795.0,57817.0,57838.0,57857.0,57881.0,57899.0,57923.0,57950.0,57985.0,58029.0,58069.0,58100.0,58133.0,58170.0,58214.0,58248.0,58280.0,58316.0,58351.0,58371.0,58402.0,58435.0,58479.0,58521.0,58554.0,58579.0,58604.0,58641.0,58665.0,58684.0,58701.0,58724.0,58762.0,58795.0,58817.0,58847.0,58876.0,58902.0,58919.0,58937.0,58961
NDLL9SKFoBE,90218.0,90245.0,90256.0,90264.0,90274.0,90280.0,90291.0,90298.0,90306.0,90316.0,90324.0,90326.0,90339.0,90351.0,90369.0,90386.0,90399.0,90405.0,90420.0,90426.0,90441.0,90458.0,90474.0,90491.0,90500.0,90508.0,90520.0,90528.0,90545.0,90548.0,90557.0,90563.0,90574.0,90579.0,90588.0,90603.0,90619.0,90627.0,90642.0,90648.0,90658.0,90669.0,90677.0,90685.0,90692.0,90698.0,90700.0,90707.0,90711.0,90722.0,90730.0,90743.0,90755.0,90766.0,90778.0,90800.0,90805.0,90812.0,90823.0,90831.0,90837.0,90854.0,90862.0,90873.0,90879.0,90883.0,90890.0,90900.0,90909.0,90923.0,90935.0,90948.0,90956.0,90960.0,90968.0,90976.0,90979.0,90986.0,90996.0,91003.0,91006.0,91010.0,91015.0,91019.0,91023.0,91029.0,91035.0,91042.0,91049.0,91057.0,91060.0,91067.0,91084.0,91091.0,91099.0,91111.0,91118.0,91122.0,91131.0,91137.0,91139.0,91146.0,91160.0,91165.0,91174.0,91181.0,91186.0,91194.0,91200.0,91207.0,91217.0,91229.0,91239.0,91248.0,91258.0,91268.0,91277.0,91285.0,91294.0,91303.0,91315.0,91321.0,91329.0,91342.0,91349.0,91364.0,91368.0,91375.0,91383.0,91382.0,91389.0,91397.0,91404.0,91406.0,,,,,,,,,91454.0,91458.0,91464.0,91466.0,91471.0,91475.0,91485.0,91493.0,91506.0,91515.0,91521.0,91532.0,91546.0,91559.0,91564.0,91572.0,91582.0,91589.0,91595.0,91610.0,91613.0,91622.0,91629.0,91642.0,91652.0,91654.0,91662.0,91672.0,91678.0,91685.0,91687.0,91692.0,91703.0,91709.0,91712.0,91717.0,91728.0,91734.0,91736.0,91739.0,91747.0,91756.0,91759.0,91766.0,91777.0,91781.0,91785.0,91787.0,91790.0,91794.0,91803.0,91809.0,91820.0,91830.0,91834.0,91841.0,91849.0,91863.0,91865.0,91872.0,91873.0,91879.0,91882.0,91884.0,91890.0,91898.0,91903.0,91906.0,91909.0,91915.0,91920.0,91922
Uw1XBpDl7_Q,138409.0,138476.0,138533.0,138577.0,138629.0,138658.0,138693.0,138730.0,138766.0,138798.0,138821.0,138853.0,138888.0,138908.0,138938.0,138968.0,138993.0,139022.0,139059.0,139078.0,139107.0,139135.0,139174.0,139230.0,139281.0,139321.0,139360.0,139385.0,139413.0,139451.0,139483.0,139519.0,139555.0,139591.0,139634.0,139661.0,139700.0,139732.0,139764.0,139802.0,139834.0,139871.0,139897.0,139927.0,139967.0,140003.0,140016.0,140042.0,140057.0,140072.0,140106.0,140139.0,140170.0,140192.0,140220.0,140248.0,140271.0,140304.0,140344.0,140366.0,140386.0,140430.0,140457.0,140499.0,140521.0,140561.0,140585.0,140614.0,140645.0,140677.0,140699.0,140737.0,140762.0,140790.0,140825.0,140856.0,140891.0,140927.0,140951.0,140971.0,140992.0,141016.0,141043.0,141062.0,141090.0,141115.0,141135.0,141151.0,141168.0,141192.0,141232.0,141249.0,141281.0,141300.0,141319.0,141336.0,141354.0,141383.0,141415.0,141441.0,141453.0,141477.0,141506.0,141538.0,141566.0,141589.0,141623.0,141657.0,141689.0,141709.0,141746.0,141787.0,141815.0,141832.0,141859.0,141884.0,141908.0,141940.0,141961.0,141999.0,142022.0,142053.0,142078.0,142103.0,142122.0,142143.0,142166.0,142194.0,142228.0,142250.0,142273.0,142292.0,142313.0,142334.0,,,,,,,,,142517.0,142543.0,142561.0,142572.0,142592.0,142611.0,142623.0,142651.0,142676.0,142697.0,142732.0,142754.0,142780.0,142803.0,142826.0,142849.0,142875.0,142890.0,142909.0,142929.0,142937.0,142965.0,142984.0,143008.0,143021.0,143037.0,143057.0,143077.0,143096.0,143114.0,143129.0,143144.0,143159.0,143177.0,143194.0,143208.0,143219.0,143233.0,143247.0,143265.0,143289.0,143304.0,143310.0,143326.0,143345.0,143358.0,143382.0,143400.0,143413.0,143442.0,143463.0,143498.0,143520.0,143546.0,143567.0,143583.0,143605.0,143651.0,143666.0,143682.0,143696.0,143709.0,143725.0,143741.0,143760.0,143776.0,143790.0,143811.0,143825.0,143844.0,143855.0,143866
PMS_YajWJg8,23786.0,23786.0,23786.0,23788.0,23792.0,23796.0,23796.0,23797.0,23799.0,23801.0,23803.0,23804.0,23805.0,23806.0,23806.0,23809.0,23811.0,23812.0,23815.0,23817.0,23819.0,23819.0,23823.0,23823.0,23824.0,23826.0,23826.0,23828.0,23829.0,23833.0,23835.0,23835.0,23836.0,23837.0,23839.0,23840.0,23844.0,23847.0,23848.0,23851.0,23854.0,23858.0,23859.0,23861.0,23863.0,23866.0,23866.0,23866.0,23873.0,23884.0,23889.0,23894.0,23902.0,23906.0,23906.0,23907.0,23908.0,23910.0,23914.0,23915.0,23920.0,23925.0,23925.0,23926.0,23930.0,23932.0,23932.0,23938.0,23943.0,23949.0,23952.0,23955.0,23961.0,23966.0,23968.0,23971.0,23977.0,23981.0,23983.0,23983.0,23984.0,23988.0,23995.0,23998.0,24002.0,24006.0,24008.0,24015.0,24017.0,24018.0,24020.0,24022.0,24024.0,24024.0,24027.0,24033.0,24036.0,24036.0,24040.0,24040.0,24043.0,24047.0,24048.0,24052.0,24054.0,24057.0,24063.0,24072.0,24073.0,24074.0,24077.0,24080.0,24081.0,24084.0,24087.0,24087.0,24089.0,24095.0,24097.0,24097.0,24099.0,24100.0,24105.0,24109.0,24112.0,24113.0,24115.0,24117.0,24118.0,24119.0,24123.0,24127.0,24131.0,24135.0,,,,,,,,,24156.0,24159.0,24160.0,24165.0,24167.0,24168.0,24168.0,24169.0,24170.0,24172.0,24175.0,24175.0,24176.0,24178.0,24178.0,24182.0,24182.0,24186.0,24189.0,24189.0,24191.0,24192.0,24194.0,24196.0,24197.0,24198.0,24199.0,24199.0,24200.0,24201.0,24202.0,24202.0,24202.0,24203.0,24205.0,24207.0,24213.0,24214.0,24216.0,24220.0,24220.0,24221.0,24223.0,24225.0,24225.0,24225.0,24226.0,24226.0,24228.0,24228.0,24231.0,24233.0,24234.0,24236.0,24237.0,24241.0,24244.0,24245.0,24251.0,24253.0,24253.0,24254.0,24255.0,24258.0,24258.0,24258.0,24258.0,24260.0,24260.0,24262.0,24264.0,24264
Tr-gI9JMprI,8111.0,8111.0,8111.0,8111.0,8111.0,8111.0,8111.0,8111.0,8111.0,8111.0,8111.0,8111.0,8111.0,8111.0,8111.0,8111.0,8111.0,8111.0,8111.0,8111.0,8111.0,8111.0,8111.0,8111.0,8111.0,8111.0,8111.0,8111.0,8111.0,8111.0,8111.0,8111.0,8111.0,8111.0,8111.0,8111.0,8111.0,8111.0,8111.0,8111.0,8111.0,8111.0,8111.0,8111.0,8111.0,8111.0,8111.0,8111.0,8111.0,8111.0,8111.0,8111.0,8111.0,8111.0,8111.0,8111.0,8111.0,8111.0,8111.0,8111.0,8111.0,8111.0,8111.0,8111.0,8111.0,8111.0,8111.0,8111.0,8111.0,8111.0,8111.0,8111.0,8111.0,8111.0,8111.0,8111.0,8111.0,8111.0,8111.0,8111.0,8111.0,8111.0,8111.0,8111.0,8111.0,8111.0,8111.0,8111.0,8111.0,8111.0,8111.0,8111.0,8111.0,8111.0,8111.0,8111.0,8111.0,8111.0,8111.0,8111.0,8111.0,8111.0,8111.0,8111.0,8111.0,8111.0,8111.0,8111.0,8111.0,8111.0,8111.0,8111.0,8111.0,8111.0,8111.0,8111.0,8111.0,8111.0,8111.0,8111.0,8111.0,8111.0,8111.0,8111.0,8111.0,8111.0,8111.0,8111.0,8111.0,8111.0,8111.0,8111.0,8111.0,8111.0,,,,,,,,,8111.0,8111.0,8111.0,8111.0,8111.0,8111.0,8111.0,8111.0,8111.0,8111.0,8111.0,8111.0,8111.0,8111.0,8111.0,8111.0,8111.0,8111.0,8111.0,8111.0,8111.0,8111.0,8111.0,8111.0,8111.0,8111.0,8111.0,8111.0,8111.0,8111.0,8111.0,8111.0,8111.0,8111.0,8111.0,8111.0,8111.0,8111.0,8111.0,8111.0,8111.0,8111.0,8111.0,8111.0,8111.0,8111.0,8111.0,8111.0,8111.0,8111.0,8111.0,8111.0,8111.0,8111.0,8111.0,8111.0,8111.0,8111.0,8111.0,8111.0,8111.0,8111.0,8111.0,8111.0,8111.0,8111.0,8111.0,8111.0,8111.0,8111.0,8111.0,8111
6KSOOBgCnSI,4293.0,4296.0,4299.0,4303.0,4305.0,4306.0,4308.0,4312.0,4314.0,4320.0,4319.0,4319.0,4322.0,4325.0,4326.0,4329.0,4329.0,4329.0,4332.0,4340.0,4343.0,4346.0,4351.0,4353.0,4358.0,4359.0,4364.0,4367.0,4369.0,4371.0,4371.0,4372.0,4373.0,4375.0,4375.0,4377.0,4379.0,4379.0,4380.0,4382.0,4382.0,4383.0,4384.0,4386.0,4389.0,4389.0,4392.0,4393.0,4394.0,4394.0,4398.0,4401.0,4404.0,4405.0,4410.0,4413.0,4415.0,4423.0,4426.0,4429.0,4429.0,4432.0,4434.0,4434.0,4438.0,4438.0,4443.0,4447.0,4447.0,4451.0,4452.0,4453.0,4456.0,4458.0,4459.0,4460.0,4463.0,4464.0,4465.0,4467.0,4469.0,4472.0,4472.0,4478.0,4482.0,4488.0,4488.0,4491.0,4492.0,4495.0,4496.0,4504.0,4506.0,4507.0,4507.0,4510.0,4510.0,4512.0,4512.0,4514.0,4517.0,4519.0,4522.0,4525.0,4550.0,4560.0,4563.0,4566.0,4570.0,4570.0,4571.0,4572.0,4575.0,4577.0,4578.0,4579.0,4582.0,4582.0,4583.0,4583.0,4586.0,4589.0,4590.0,4591.0,4592.0,4593.0,4599.0,4602.0,4604.0,4607.0,4610.0,4610.0,4615.0,4617.0,,,,,,,,,4638.0,4643.0,4648.0,4651.0,4657.0,4660.0,4663.0,4672.0,4682.0,4689.0,4691.0,4692.0,4694.0,4697.0,4701.0,4703.0,4704.0,4704.0,4705.0,4708.0,4709.0,4713.0,4714.0,4714.0,4716.0,4716.0,4717.0,4721.0,4721.0,4723.0,4724.0,4729.0,4737.0,4740.0,4744.0,4748.0,4753.0,4755.0,4761.0,4764.0,4765.0,4767.0,4769.0,4772.0,4777.0,4780.0,4780.0,4781.0,4784.0,4785.0,4792.0,4794.0,4798.0,4799.0,4800.0,4807.0,4812.0,4817.0,4832.0,4840.0,4842.0,4847.0,4845.0,4847.0,4850.0,4854.0,4858.0,4863.0,4866.0,4872.0,4874.0,4878
x3mvmpr-R18,215943.0,216006.0,216033.0,216074.0,216107.0,216139.0,216174.0,216207.0,216240.0,216267.0,216289.0,216309.0,216343.0,216370.0,216403.0,216425.0,216447.0,216462.0,216480.0,216503.0,216528.0,216555.0,216576.0,216589.0,216608.0,216626.0,216639.0,216660.0,216673.0,216699.0,216716.0,216731.0,216747.0,216759.0,216784.0,216801.0,216823.0,216854.0,216872.0,216881.0,216898.0,216915.0,216928.0,216942.0,216955.0,216967.0,216980.0,217003.0,217027.0,217044.0,217061.0,217089.0,217104.0,217117.0,217133.0,217159.0,217179.0,217195.0,217223.0,217236.0,217257.0,217279.0,217297.0,217316.0,217325.0,217347.0,217360.0,217371.0,217384.0,217403.0,217420.0,217443.0,217461.0,217476.0,217497.0,217519.0,217534.0,217553.0,217577.0,217597.0,217621.0,217644.0,217661.0,217682.0,217692.0,217704.0,217723.0,217737.0,217744.0,217756.0,217765.0,217773.0,217795.0,217811.0,217819.0,217831.0,217848.0,217862.0,217887.0,217899.0,217910.0,217927.0,217948.0,217967.0,217986.0,218001.0,218023.0,218042.0,218050.0,218067.0,218079.0,218097.0,218107.0,218117.0,218127.0,218135.0,218144.0,218157.0,218169.0,218178.0,218191.0,218206.0,218222.0,218240.0,218262.0,218270.0,218283.0,218303.0,218315.0,218333.0,218339.0,218345.0,218347.0,218360.0,,,,,,,,,218492.0,218508.0,218516.0,218529.0,218536.0,218550.0,218569.0,218582.0,218589.0,218592.0,218613.0,218632.0,218652.0,218673.0,218688.0,218696.0,218708.0,218722.0,218746.0,218776.0,218809.0,218826.0,218833.0,218849.0,218868.0,218886.0,218904.0,218922.0,218928.0,218931.0,218936.0,218948.0,218962.0,218996.0,219009.0,219032.0,219041.0,219057.0,219093.0,219108.0,219128.0,219138.0,219152.0,219165.0,219181.0,219193.0,219214.0,219224.0,219246.0,219253.0,219267.0,219281.0,219299.0,219317.0,219339.0,219401.0,219449.0,219479.0,219530.0,219561.0,219587.0,219610.0,219641.0,219687.0,219729.0,219760.0,219787.0,219809.0,219851.0,219896.0,219924.0,219973
IyT1_C5OQZc,7341.0,7341.0,7341.0,7343.0,7343.0,7344.0,7344.0,7344.0,7345.0,7345.0,7345.0,7345.0,7346.0,7346.0,7346.0,7346.0,7346.0,7346.0,7347.0,7347.0,7347.0,7347.0,7347.0,7348.0,7349.0,7349.0,7349.0,7349.0,7349.0,7349.0,7349.0,7349.0,7349.0,7349.0,7350.0,7350.0,7350.0,7351.0,7351.0,7352.0,7353.0,7353.0,7353.0,7353.0,7353.0,7354.0,7354.0,7355.0,7355.0,7355.0,7355.0,7356.0,7357.0,7358.0,7358.0,7358.0,7361.0,7362.0,7362.0,7363.0,7365.0,7365.0,7366.0,7366.0,7366.0,7366.0,7366.0,7366.0,7366.0,7366.0,7366.0,7367.0,7367.0,7367.0,7369.0,7369.0,7370.0,7371.0,7374.0,7374.0,7374.0,7376.0,7376.0,7376.0,7377.0,7377.0,7377.0,7377.0,7378.0,7378.0,7378.0,7378.0,7378.0,7378.0,7378.0,7378.0,7379.0,7379.0,7379.0,7379.0,7379.0,7379.0,7380.0,7380.0,7380.0,7380.0,7380.0,7380.0,7380.0,7381.0,7381.0,7381.0,7381.0,7381.0,7381.0,7381.0,7381.0,7381.0,7381.0,7381.0,7381.0,7382.0,7382.0,7382.0,7382.0,7382.0,7382.0,7382.0,7383.0,7383.0,7383.0,7384.0,7385.0,7387.0,,,,,,,,,7391.0,7391.0,7392.0,7392.0,7392.0,7392.0,7392.0,7392.0,7392.0,7392.0,7392.0,7392.0,7392.0,7392.0,7392.0,7392.0,7392.0,7392.0,7392.0,7392.0,7393.0,7393.0,7393.0,7393.0,7393.0,7393.0,7394.0,7395.0,7395.0,7395.0,7395.0,7395.0,7395.0,7395.0,7395.0,7395.0,7396.0,7396.0,7396.0,7396.0,7396.0,7396.0,7396.0,7396.0,7397.0,7398.0,7398.0,7398.0,7398.0,7399.0,7399.0,7399.0,7399.0,7399.0,7399.0,7399.0,7399.0,7399.0,7399.0,7399.0,7399.0,7399.0,7399.0,7399.0,7399.0,7400.0,7400.0,7400.0,7401.0,7401.0,7402.0,7402
ouBlAopPLaI,3348.0,3348.0,3348.0,3348.0,3348.0,3348.0,3348.0,3348.0,3348.0,3348.0,3348.0,3348.0,3348.0,3348.0,3348.0,3348.0,3348.0,3348.0,3349.0,3349.0,3349.0,3349.0,3350.0,3350.0,3350.0,3350.0,3351.0,3351.0,3351.0,3351.0,3351.0,3351.0,3351.0,3351.0,3351.0,3351.0,3351.0,3351.0,3354.0,3354.0,3354.0,3354.0,3354.0,3354.0,3355.0,3355.0,3355.0,3355.0,3355.0,3355.0,3355.0,3355.0,3355.0,3355.0,3355.0,3356.0,3357.0,3358.0,3358.0,3358.0,3358.0,3358.0,3358.0,3358.0,3358.0,3358.0,3358.0,3358.0,3358.0,3358.0,3358.0,3358.0,3358.0,3358.0,3358.0,3359.0,3359.0,3359.0,3359.0,3359.0,3359.0,3359.0,3361.0,3361.0,3362.0,3362.0,3362.0,3364.0,3365.0,3365.0,3365.0,3365.0,3365.0,3365.0,3365.0,3365.0,3366.0,3366.0,3366.0,3366.0,3366.0,3366.0,3366.0,3367.0,3367.0,3367.0,3367.0,3367.0,3367.0,3367.0,3367.0,3368.0,3368.0,3370.0,3370.0,3370.0,3370.0,3370.0,3370.0,3370.0,3370.0,3370.0,3370.0,3370.0,3370.0,3371.0,3371.0,3371.0,3371.0,3371.0,3371.0,3371.0,3372.0,3373.0,,,,,,,,,3374.0,3374.0,3374.0,3374.0,3374.0,3374.0,3374.0,3374.0,3374.0,3374.0,3374.0,3375.0,3375.0,3375.0,3375.0,3375.0,3375.0,3375.0,3375.0,3375.0,3375.0,3375.0,3375.0,3375.0,3375.0,3375.0,3375.0,3375.0,3375.0,3375.0,3375.0,3375.0,3375.0,3375.0,3375.0,3375.0,3375.0,3375.0,3375.0,3375.0,3375.0,3375.0,3376.0,3377.0,3378.0,3378.0,3378.0,3378.0,3378.0,3378.0,3378.0,3378.0,3379.0,3379.0,3379.0,3379.0,3379.0,3379.0,3379.0,3380.0,3380.0,3381.0,3381.0,3381.0,3381.0,3381.0,3381.0,3381.0,3381.0,3381.0,3381.0,3381
wMoqDE3ydxk,17644.0,17644.0,17644.0,17644.0,17644.0,17644.0,17644.0,17644.0,17644.0,17644.0,17644.0,17644.0,17644.0,17644.0,17644.0,17644.0,17644.0,17644.0,17644.0,17644.0,17644.0,17644.0,17644.0,17644.0,17644.0,17644.0,17644.0,17644.0,17644.0,17644.0,17644.0,17644.0,17644.0,17644.0,17644.0,17644.0,17644.0,17644.0,17644.0,17644.0,17644.0,17644.0,17644.0,17644.0,17644.0,17644.0,17644.0,17644.0,17644.0,17644.0,17644.0,17644.0,17644.0,17644.0,17644.0,17644.0,17644.0,17644.0,17644.0,17644.0,17644.0,17644.0,17644.0,17644.0,17644.0,17644.0,17644.0,17644.0,17644.0,17644.0,17644.0,17644.0,17644.0,17644.0,17644.0,17644.0,17644.0,17644.0,17644.0,17644.0,17644.0,17644.0,17644.0,17644.0,17644.0,17644.0,17644.0,17644.0,17644.0,17644.0,17644.0,17644.0,17644.0,17644.0,17644.0,17644.0,17644.0,17644.0,17644.0,17644.0,17644.0,17644.0,17644.0,17644.0,17644.0,17644.0,17644.0,17644.0,17644.0,17644.0,17644.0,17644.0,17644.0,17644.0,17644.0,17644.0,17644.0,17644.0,17644.0,17644.0,17644.0,17644.0,17644.0,17644.0,17644.0,17644.0,17644.0,17644.0,17644.0,17644.0,17644.0,17644.0,17644.0,17644.0,,,,,,,,,17644.0,17644.0,17644.0,17644.0,17644.0,17644.0,17644.0,17644.0,17644.0,17644.0,17644.0,17644.0,17644.0,17644.0,17644.0,17644.0,17644.0,17644.0,17644.0,17644.0,17644.0,17644.0,17644.0,17644.0,17644.0,17644.0,17644.0,17644.0,17644.0,17644.0,17644.0,17644.0,17644.0,17644.0,17644.0,17644.0,17644.0,17644.0,17644.0,17644.0,17644.0,17644.0,17644.0,17644.0,17644.0,17644.0,17644.0,17644.0,17644.0,17644.0,17644.0,17644.0,17644.0,17644.0,17644.0,17644.0,17644.0,17644.0,17644.0,17644.0,17644.0,17644.0,17644.0,17644.0,17644.0,17644.0,17644.0,17644.0,17644.0,17644.0,17644.0,17644
f4TQkVCu6G0,11860.0,11866.0,11874.0,11875.0,11886.0,11901.0,11907.0,11920.0,11929.0,11938.0,11942.0,11948.0,11957.0,11971.0,11979.0,11987.0,11993.0,12001.0,12010.0,12016.0,12026.0,12034.0,12047.0,12050.0,12053.0,12063.0,12075.0,12078.0,12086.0,12102.0,12110.0,12124.0,12133.0,12151.0,12171.0,12187.0,12205.0,12224.0,12232.0,12246.0,12265.0,12273.0,12290.0,12300.0,12310.0,12316.0,12322.0,12330.0,12342.0,12346.0,12356.0,12363.0,12375.0,12377.0,12388.0,12390.0,12394.0,12399.0,12414.0,12425.0,12435.0,12442.0,12447.0,12460.0,12479.0,12491.0,12498.0,12504.0,12514.0,12521.0,12525.0,12536.0,12540.0,12546.0,12566.0,12582.0,12589.0,12595.0,12606.0,12617.0,12623.0,12633.0,12644.0,12652.0,12668.0,12677.0,12686.0,12689.0,12700.0,12710.0,12720.0,12732.0,12740.0,12744.0,12752.0,12759.0,12767.0,12775.0,12791.0,12801.0,12813.0,12823.0,12828.0,12836.0,12843.0,12845.0,12851.0,12856.0,12866.0,12879.0,12884.0,12896.0,12905.0,12917.0,12923.0,12925.0,12928.0,12932.0,12937.0,12941.0,12945.0,12949.0,12954.0,12964.0,12969.0,12969.0,12969.0,12969.0,12969.0,12969.0,12969.0,12969.0,12969.0,12969.0,,,,,,,,,12969.0,12969.0,12969.0,12969.0,12969.0,12969.0,12969.0,12969.0,12969.0,12969.0,12969.0,12969.0,12969.0,12969.0,12969.0,12969.0,12969.0,12969.0,12969.0,12969.0,12969.0,12969.0,12969.0,12969.0,12969.0,12969.0,12969.0,12969.0,12969.0,12969.0,12969.0,12969.0,12969.0,12969.0,12969.0,12969.0,12969.0,12969.0,12969.0,12969.0,12969.0,12969.0,12969.0,12969.0,12969.0,12969.0,12969.0,12969.0,12969.0,12969.0,12969.0,12969.0,12969.0,12969.0,12969.0,12969.0,12969.0,12969.0,12969.0,12969.0,12969.0,12969.0,12969.0,12969.0,12969.0,12969.0,12969.0,12969.0,12969.0,12969.0,12969.0,12969
crKx0wP6vss,792.0,792.0,792.0,792.0,792.0,792.0,792.0,792.0,792.0,792.0,792.0,792.0,792.0,792.0,792.0,792.0,792.0,792.0,792.0,792.0,792.0,793.0,793.0,793.0,794.0,794.0,794.0,794.0,794.0,794.0,794.0,795.0,795.0,795.0,797.0,797.0,797.0,797.0,797.0,797.0,797.0,797.0,797.0,797.0,797.0,797.0,797.0,797.0,797.0,797.0,798.0,799.0,798.0,798.0,798.0,798.0,798.0,798.0,798.0,798.0,798.0,798.0,798.0,799.0,799.0,799.0,800.0,801.0,801.0,801.0,802.0,803.0,803.0,803.0,803.0,804.0,804.0,804.0,804.0,804.0,804.0,804.0,804.0,804.0,804.0,804.0,804.0,804.0,804.0,804.0,804.0,804.0,804.0,804.0,804.0,804.0,804.0,804.0,805.0,805.0,805.0,805.0,805.0,805.0,805.0,805.0,809.0,809.0,809.0,809.0,809.0,809.0,809.0,809.0,809.0,809.0,809.0,809.0,809.0,809.0,809.0,809.0,809.0,809.0,809.0,809.0,809.0,810.0,810.0,810.0,810.0,810.0,810.0,812.0,,,,,,,,,814.0,814.0,814.0,814.0,815.0,815.0,815.0,815.0,815.0,815.0,815.0,815.0,817.0,817.0,817.0,817.0,817.0,817.0,817.0,817.0,817.0,817.0,817.0,817.0,817.0,818.0,818.0,818.0,818.0,818.0,819.0,820.0,820.0,820.0,821.0,821.0,821.0,821.0,821.0,821.0,821.0,821.0,821.0,821.0,821.0,821.0,822.0,822.0,822.0,822.0,822.0,822.0,822.0,822.0,822.0,822.0,822.0,822.0,823.0,823.0,823.0,823.0,824.0,825.0,825.0,825.0,825.0,825.0,825.0,825.0,826.0,826
snDJ9GjfPu4,8083.0,8083.0,8083.0,8083.0,8083.0,8083.0,8083.0,8083.0,8083.0,8083.0,8083.0,8083.0,8083.0,8083.0,8083.0,8083.0,8083.0,8083.0,8083.0,8083.0,8083.0,8083.0,8083.0,8083.0,8083.0,8083.0,8083.0,8083.0,8083.0,8085.0,8086.0,8086.0,8086.0,8086.0,8086.0,8086.0,8086.0,8086.0,8086.0,8086.0,8086.0,8086.0,8086.0,8086.0,8086.0,8086.0,8086.0,8086.0,8086.0,8086.0,8086.0,8086.0,8087.0,8087.0,8087.0,8087.0,8088.0,8088.0,8088.0,8088.0,8088.0,8088.0,8088.0,8088.0,8088.0,8088.0,8088.0,8088.0,8088.0,8088.0,8088.0,8088.0,8088.0,8088.0,8088.0,8088.0,8088.0,8089.0,8089.0,8089.0,8089.0,8089.0,8089.0,8089.0,8089.0,8089.0,8089.0,8089.0,8089.0,8089.0,8090.0,8090.0,8090.0,8090.0,8090.0,8090.0,8090.0,8090.0,8090.0,8090.0,8090.0,8090.0,8091.0,8092.0,8092.0,8092.0,8092.0,8092.0,8092.0,8092.0,8092.0,8092.0,8093.0,8093.0,8093.0,8093.0,8093.0,8093.0,8093.0,8093.0,8093.0,8093.0,8095.0,8096.0,8096.0,8096.0,8096.0,8096.0,8096.0,8096.0,8097.0,8098.0,8099.0,8099.0,,,,,,,,,8102.0,8102.0,8102.0,8102.0,8102.0,8102.0,8102.0,8102.0,8102.0,8102.0,8102.0,8102.0,8102.0,8102.0,8102.0,8102.0,8102.0,8102.0,8102.0,8102.0,8102.0,8102.0,8102.0,8102.0,8103.0,8103.0,8103.0,8105.0,8105.0,8106.0,8106.0,8108.0,8109.0,8110.0,8112.0,8113.0,8114.0,8114.0,8115.0,8115.0,8117.0,8118.0,8118.0,8119.0,8119.0,8120.0,8119.0,8119.0,8119.0,8119.0,8119.0,8120.0,8120.0,8120.0,8120.0,8120.0,8123.0,8125.0,8126.0,8127.0,8127.0,8128.0,8129.0,8129.0,8129.0,8129.0,8129.0,8130.0,8130.0,8132.0,8132.0,8137
D-rjt7f_2jw,57806.0,57882.0,57958.0,58036.0,58119.0,58203.0,58289.0,58394.0,58458.0,58526.0,58585.0,58655.0,58737.0,58780.0,58851.0,58915.0,58969.0,59013.0,59076.0,59149.0,59209.0,59280.0,59359.0,59410.0,59474.0,59552.0,59627.0,59677.0,59741.0,59818.0,59858.0,59898.0,59951.0,60007.0,60066.0,60113.0,60155.0,60201.0,60239.0,60268.0,60330.0,60384.0,60438.0,60471.0,60526.0,60580.0,60653.0,60711.0,60757.0,60824.0,60891.0,60941.0,60982.0,61021.0,61066.0,61121.0,61161.0,61208.0,61249.0,61284.0,61346.0,61398.0,61442.0,61517.0,61589.0,61628.0,61683.0,61763.0,61807.0,61884.0,61939.0,61968.0,62003.0,62046.0,62110.0,62163.0,62212.0,62271.0,62337.0,62380.0,62426.0,62491.0,62558.0,62603.0,62666.0,62738.0,62789.0,62831.0,62878.0,62928.0,62970.0,63005.0,63061.0,63112.0,63162.0,63201.0,63251.0,63295.0,63337.0,63392.0,63433.0,63481.0,63534.0,63589.0,63627.0,63679.0,63742.0,63801.0,63847.0,63912.0,63985.0,64049.0,64112.0,64179.0,64240.0,64287.0,64333.0,64388.0,64445.0,64513.0,64579.0,64635.0,64683.0,64712.0,64741.0,64742.0,64742.0,64742.0,64742.0,64742.0,64742.0,64742.0,64742.0,64742.0,,,,,,,,,64742.0,64742.0,64742.0,64742.0,64742.0,64742.0,64742.0,64742.0,64742.0,64742.0,64742.0,64742.0,64742.0,64742.0,64742.0,64742.0,64742.0,64742.0,64742.0,64742.0,64742.0,64742.0,64742.0,64742.0,64742.0,64742.0,64742.0,64742.0,64742.0,64742.0,64742.0,64742.0,64742.0,64742.0,64742.0,64742.0,64742.0,64742.0,64742.0,64742.0,64742.0,64742.0,64742.0,64742.0,64742.0,64742.0,64742.0,64742.0,64742.0,64742.0,64742.0,64742.0,64742.0,64742.0,64742.0,64742.0,64742.0,64742.0,64742.0,64742.0,64742.0,64742.0,64742.0,64742.0,64742.0,64742.0,64742.0,64742.0,64742.0,64742.0,64742.0,64742
-RsmAnj-X9c,28122.0,28122.0,28122.0,28122.0,28122.0,28122.0,28122.0,28122.0,28122.0,28122.0,28122.0,28122.0,28122.0,28122.0,28122.0,28122.0,28122.0,28122.0,28122.0,28122.0,28122.0,28122.0,28122.0,28122.0,28122.0,28122.0,28122.0,28122.0,28122.0,28122.0,28122.0,28122.0,28122.0,28122.0,28122.0,28122.0,28122.0,28122.0,28122.0,28122.0,28122.0,28122.0,28122.0,28122.0,28122.0,28122.0,28122.0,28122.0,28122.0,28122.0,28122.0,28122.0,28122.0,28122.0,28122.0,28122.0,28122.0,28122.0,28122.0,28122.0,28122.0,28122.0,28122.0,28122.0,28122.0,28122.0,28122.0,28122.0,28122.0,28122.0,28122.0,28122.0,28122.0,28122.0,28122.0,28122.0,28122.0,28122.0,28122.0,28122.0,28122.0,28122.0,28122.0,28122.0,28122.0,28122.0,28122.0,28122.0,28122.0,28122.0,28122.0,28122.0,28122.0,28122.0,28122.0,28122.0,28122.0,28122.0,28122.0,28122.0,28122.0,28122.0,28122.0,28122.0,28122.0,28122.0,28122.0,28122.0,28122.0,28122.0,28122.0,28122.0,28122.0,28122.0,28122.0,28122.0,28122.0,28122.0,28122.0,28122.0,28122.0,28122.0,28122.0,28122.0,28122.0,28122.0,28122.0,28122.0,28122.0,28122.0,28122.0,28122.0,28122.0,28122.0,,,,,,,,,28122.0,28122.0,28122.0,28122.0,28122.0,28122.0,28122.0,28122.0,28122.0,28122.0,28122.0,28122.0,28122.0,28122.0,28122.0,28122.0,28122.0,28122.0,28122.0,28122.0,28122.0,28122.0,28122.0,28122.0,28122.0,28122.0,28122.0,28122.0,28122.0,28122.0,28122.0,28122.0,28122.0,28122.0,28122.0,28122.0,28122.0,28122.0,28122.0,28122.0,28122.0,28122.0,28122.0,28122.0,28122.0,28122.0,28122.0,28122.0,28122.0,28122.0,28122.0,28122.0,28122.0,28122.0,28122.0,28122.0,28122.0,28122.0,28122.0,28122.0,28122.0,28122.0,28122.0,28122.0,28122.0,28122.0,28122.0,28122.0,28122.0,28122.0,28122.0,28122
SomJqQvGpsQ,35385.0,35395.0,35405.0,35414.0,35425.0,35426.0,35434.0,35443.0,35451.0,35457.0,35474.0,35485.0,35495.0,35498.0,35507.0,35520.0,35527.0,35532.0,35542.0,35549.0,35555.0,35560.0,35563.0,35572.0,35580.0,35588.0,35594.0,35604.0,35611.0,35633.0,35642.0,35643.0,35653.0,35673.0,35684.0,35697.0,35705.0,35712.0,35720.0,35726.0,35732.0,35740.0,35748.0,35752.0,35761.0,35766.0,35775.0,35782.0,35786.0,35792.0,35798.0,35806.0,35814.0,35824.0,35836.0,35849.0,35853.0,35859.0,35864.0,35872.0,35876.0,35890.0,35898.0,35904.0,35907.0,35913.0,35925.0,35931.0,35937.0,35944.0,35951.0,35956.0,35963.0,35968.0,35972.0,35978.0,35985.0,35990.0,35993.0,35997.0,36000.0,36001.0,36009.0,36012.0,36019.0,36023.0,36030.0,36032.0,36037.0,36044.0,36049.0,36054.0,36057.0,36059.0,36062.0,36066.0,36072.0,36075.0,36077.0,36078.0,36082.0,36085.0,36092.0,36100.0,36104.0,36109.0,36116.0,36123.0,36128.0,36134.0,36141.0,36148.0,36157.0,36169.0,36179.0,36183.0,36189.0,36193.0,36199.0,36210.0,36216.0,36222.0,36228.0,36232.0,36232.0,36236.0,36241.0,36244.0,36248.0,36253.0,36260.0,36268.0,36273.0,36278.0,,,,,,,,,36316.0,36317.0,36322.0,36330.0,36332.0,36333.0,36338.0,36342.0,36345.0,36348.0,36351.0,36353.0,36357.0,36363.0,36371.0,36376.0,36382.0,36389.0,36397.0,36401.0,36410.0,36410.0,36417.0,36420.0,36426.0,36428.0,36430.0,36435.0,36440.0,36444.0,36458.0,36470.0,36480.0,36487.0,36493.0,36500.0,36507.0,36516.0,36520.0,36526.0,36526.0,36533.0,36536.0,36541.0,36546.0,36553.0,36558.0,36564.0,36568.0,36571.0,36576.0,36581.0,36583.0,36588.0,36594.0,36595.0,36600.0,36601.0,36600.0,36605.0,36609.0,36620.0,36628.0,36635.0,36637.0,36641.0,36645.0,36654.0,36658.0,36663.0,36665.0,36670
pKdBFeewZYE,87437689.0,87453080.0,87469353.0,87485510.0,87500687.0,87515089.0,87529360.0,87544408.0,87566805.0,87595489.0,87622602.0,87647181.0,87672928.0,87698987.0,87721783.0,87741428.0,87759594.0,87775736.0,87790162.0,87805336.0,87820573.0,87834928.0,87848994.0,87860794.0,87872113.0,87884915.0,87899522.0,87913730.0,87927537.0,87942090.0,87955812.0,87968756.0,87979823.0,87992402.0,88005258.0,88018068.0,88031120.0,88043179.0,88053904.0,88065469.0,88078439.0,88090767.0,88102813.0,88115086.0,88127380.0,88140039.0,88151011.0,88164196.0,88174168.0,88183870.0,88193785.0,88203649.0,88213223.0,88222286.0,88232259.0,88242519.0,88253816.0,88265723.0,88277592.0,88290000.0,88300791.0,88311829.0,88322683.0,88333768.0,88344733.0,88356553.0,88368121.0,88379441.0,88391321.0,88406306.0,88420466.0,88433162.0,88446121.0,88458978.0,88470789.0,88482926.0,88495894.0,88509185.0,88522554.0,88534774.0,88547648.0,88560230.0,88573051.0,88586328.0,88598954.0,88612061.0,88624327.0,88636400.0,88647375.0,88658850.0,88671786.0,88685055.0,88696430.0,88708298.0,88720155.0,88731650.0,88744545.0,88757452.0,88770592.0,88783811.0,88797025.0,88812715.0,88829331.0,88846430.0,88863829.0,88880844.0,88897524.0,88914117.0,88930502.0,88946405.0,88962627.0,88979130.0,88995751.0,89011393.0,89026956.0,89041252.0,89055400.0,89070790.0,89086419.0,89101535.0,89116397.0,89130168.0,89143505.0,89156763.0,89171902.0,89187015.0,89202526.0,89217910.0,89232698.0,89247387.0,89260495.0,89275633.0,89291361.0,89306060.0,,,,,,,,,89438296.0,89451802.0,89464046.0,89477209.0,89490869.0,89504981.0,89518903.0,89531977.0,89545233.0,89557072.0,89569779.0,89582538.0,89596260.0,89609162.0,89621484.0,89634062.0,89646212.0,89659742.0,89673540.0,89687070.0,89700501.0,89713643.0,89726433.0,89738813.0,89752278.0,89765377.0,89777842.0,89790561.0,89802512.0,89814525.0,89825893.0,89841113.0,89853840.0,89866887.0,89879221.0,89891914.0,89904428.0,89916803.0,89929614.0,89942237.0,89954231.0,89967036.0,89979706.0,89991912.0,90004463.0,90017801.0,90030588.0,90043118.0,90056165.0,90068103.0,90079996.0,90091357.0,90103936.0,90116914.0,90129746.0,90142780.0,90155473.0,90167585.0,90179113.0,90191745.0,90205083.0,90217043.0,90226279.0,90236984.0,90247086.0,90257757.0,90269149.0,90280605.0,90291498.0,90300262.0,90310890.0,90321655
dGeb8Qs3iCE,1901670.0,1902353.0,1903083.0,1903683.0,1904303.0,1904983.0,1905633.0,1906269.0,1907275.0,1908537.0,1909743.0,1910866.0,1912052.0,1912976.0,1913826.0,1914604.0,1915269.0,1915943.0,1916530.0,1917182.0,1917839.0,1918490.0,1919012.0,1919547.0,1919938.0,1920404.0,1920828.0,1921341.0,1921830.0,1922356.0,1922845.0,1923322.0,1923789.0,1924258.0,1924733.0,1925243.0,1925778.0,1926226.0,1926680.0,1927330.0,1927961.0,1928525.0,1929042.0,1929585.0,1930062.0,1930423.0,1930768.0,1931219.0,1931631.0,1932108.0,1932564.0,1932973.0,1933368.0,1933772.0,1934210.0,1934605.0,1935009.0,1935477.0,1935867.0,1936268.0,1936560.0,1936949.0,1937367.0,1937756.0,1938114.0,1938462.0,1938819.0,1939135.0,1939496.0,1939924.0,1940341.0,1940756.0,1941116.0,1941476.0,1941827.0,1942229.0,1942585.0,1942961.0,1943344.0,1943729.0,1944011.0,1944383.0,1944711.0,1945100.0,1945398.0,1945795.0,1946144.0,1946444.0,1946747.0,1947126.0,1947450.0,1947797.0,1948176.0,1948504.0,1948792.0,1949125.0,1949463.0,1949795.0,1950135.0,1950508.0,1950810.0,1951107.0,1951408.0,1951735.0,1952045.0,1952403.0,1952747.0,1953079.0,1953375.0,1953717.0,1954013.0,1954338.0,1954672.0,1954980.0,1955290.0,1955579.0,1955891.0,1956283.0,1956616.0,1956890.0,1957271.0,1957580.0,1957918.0,1958211.0,1958585.0,1958928.0,1959338.0,1959718.0,1960037.0,1960359.0,1960625.0,1960957.0,1961327.0,1961683.0,,,,,,,,,1964745.0,1965122.0,1965367.0,1965708.0,1966027.0,1966386.0,1966721.0,1967057.0,1967356.0,1967620.0,1967955.0,1968302.0,1968651.0,1968928.0,1969312.0,1969611.0,1969924.0,1970168.0,1970518.0,1970930.0,1971277.0,1971584.0,1971985.0,1972289.0,1972615.0,1972936.0,1973272.0,1973571.0,1973884.0,1974162.0,1974421.0,1974698.0,1975003.0,1975497.0,1975792.0,1976098.0,1976334.0,1976665.0,1976940.0,1977246.0,1977578.0,1977887.0,1978192.0,1978468.0,1978713.0,1979003.0,1979290.0,1979608.0,1979908.0,1980177.0,1980419.0,1980726.0,1981009.0,1981316.0,1981569.0,1981880.0,1982209.0,1982487.0,1982771.0,1983084.0,1983358.0,1983605.0,1983805.0,1984070.0,1984462.0,1984820.0,1985357.0,1985828.0,1986261.0,1986617.0,1987019.0,1987413
sWLn54IrDiw,7981118.0,7982240.0,7983509.0,7984868.0,7985981.0,7987034.0,7988064.0,7989129.0,7990122.0,7991357.0,7992514.0,7993608.0,7994545.0,7995575.0,7996687.0,7997684.0,7998908.0,7999984.0,8000925.0,8001773.0,8002775.0,8003846.0,8005015.0,8006177.0,8007391.0,8008347.0,8009379.0,8010346.0,8011271.0,8012413.0,8013684.0,8014930.0,8016110.0,8017316.0,8018449.0,8019666.0,8020848.0,8022043.0,8023268.0,8024410.0,8025482.0,8026605.0,8027752.0,8028819.0,8030179.0,8031348.0,8032492.0,8033599.0,8034776.0,8035960.0,8037190.0,8038415.0,8039529.0,8040669.0,8041796.0,8042913.0,8043984.0,8045061.0,8046258.0,8047630.0,8048733.0,8049854.0,8051050.0,8052300.0,8053453.0,8054695.0,8055866.0,8056959.0,8057871.0,8059005.0,8059980.0,8060953.0,8062009.0,8062940.0,8064019.0,8065011.0,8066088.0,8067130.0,8068314.0,8069421.0,8070471.0,8071442.0,8072364.0,8073379.0,8074354.0,8075274.0,8076281.0,8077306.0,8078240.0,8079082.0,8079862.0,8080706.0,8081610.0,8082647.0,8083672.0,8084497.0,8085338.0,8086279.0,8087109.0,8088005.0,8089000.0,8090021.0,8090868.0,8091705.0,8092641.0,8093528.0,8094371.0,8095311.0,8096238.0,8097021.0,8097889.0,8098685.0,8099516.0,8100385.0,8101297.0,8102223.0,8102992.0,8103878.0,8104710.0,8105463.0,8106382.0,8107310.0,8108392.0,8109275.0,8110136.0,8111001.0,8111926.0,8112829.0,8113749.0,8114676.0,8115535.0,8116433.0,8117331.0,8118182.0,,,,,,,,,8127042.0,8128004.0,8128874.0,8129853.0,8130702.0,8131689.0,8132635.0,8133694.0,8134925.0,8136030.0,8137127.0,8138432.0,8139890.0,8141227.0,8142634.0,8143898.0,8145001.0,8146260.0,8147301.0,8148287.0,8149212.0,8150211.0,8151295.0,8152180.0,8153027.0,8153895.0,8154758.0,8155748.0,8156759.0,8157793.0,8158670.0,8159459.0,8160362.0,8161269.0,8162181.0,8163106.0,8163999.0,8164889.0,8165730.0,8166551.0,8167278.0,8168087.0,8169124.0,8170117.0,8170921.0,8171697.0,8172478.0,8173333.0,8174185.0,8175083.0,8175965.0,8176746.0,8177493.0,8178212.0,8179038.0,8179848.0,8180648.0,8181569.0,8182175.0,8183155.0,8184076.0,8184877.0,8185647.0,8186507.0,8187391.0,8188257.0,8189112.0,8190045.0,8190933.0,8191803.0,8192512.0,8193327
qCZHarOQvc4,39943956.0,39949990.0,39957403.0,39963963.0,39969736.0,39975258.0,39980675.0,39986259.0,39991789.0,39997402.0,40002577.0,40007552.0,40012951.0,40018158.0,40023601.0,40028748.0,40033466.0,40038017.0,40042497.0,40047032.0,40052112.0,40057452.0,40063037.0,40068314.0,40073228.0,40078183.0,40083494.0,40088502.0,40093790.0,40098807.0,40103941.0,40108736.0,40113478.0,40118031.0,40123049.0,40128236.0,40133694.0,40139511.0,40144821.0,40149747.0,40155314.0,40161009.0,40166970.0,40173971.0,40181817.0,40188379.0,40194569.0,40200566.0,40206569.0,40212557.0,40218252.0,40223851.0,40228829.0,40233300.0,40237885.0,40242630.0,40247016.0,40251307.0,40255762.0,40260170.0,40264624.0,40269217.0,40273931.0,40278707.0,40283888.0,40289024.0,40293628.0,40298017.0,40301985.0,40306916.0,40311310.0,40315749.0,40320647.0,40324842.0,40328894.0,40333367.0,40337897.0,40342209.0,40346626.0,40350943.0,40354978.0,40359131.0,40363307.0,40367606.0,40371865.0,40376196.0,40380267.0,40384001.0,40387654.0,40391258.0,40395224.0,40399125.0,40403055.0,40407389.0,40411624.0,40415410.0,40419270.0,40423147.0,40427130.0,40431518.0,40437066.0,40442294.0,40446992.0,40451775.0,40456496.0,40460987.0,40465424.0,40470251.0,40474741.0,40479333.0,40484269.0,40489094.0,40493655.0,40498304.0,40502597.0,40506881.0,40511459.0,40516031.0,40520594.0,40524853.0,40529215.0,40533747.0,40538019.0,40542317.0,40546812.0,40551217.0,40555574.0,40560055.0,40565003.0,40570024.0,40574726.0,40579468.0,40584541.0,40589298.0,,,,,,,,,40633008.0,40638012.0,40642749.0,40647268.0,40651724.0,40655880.0,40660267.0,40664530.0,40668993.0,40673260.0,40677474.0,40681531.0,40686853.0,40692155.0,40696750.0,40701201.0,40705221.0,40709397.0,40713222.0,40716995.0,40721047.0,40724884.0,40728629.0,40732363.0,40736356.0,40740165.0,40744022.0,40747999.0,40751713.0,40755539.0,40759368.0,40763439.0,40767354.0,40771108.0,40774714.0,40778393.0,40782055.0,40785893.0,40789817.0,40793929.0,40797979.0,40801788.0,40805719.0,40809516.0,40813400.0,40817287.0,40821222.0,40826065.0,40831128.0,40835991.0,40840217.0,40843995.0,40847967.0,40852651.0,40857305.0,40861663.0,40865738.0,40869549.0,40873343.0,40877255.0,40881380.0,40885278.0,40888691.0,40892496.0,40896262.0,40900032.0,40904178.0,40908294.0,40912464.0,40915560.0,40919535.0,40923431
qCZHarOQvc4,39943956.0,39949990.0,39957403.0,39963963.0,39969736.0,39975258.0,39980675.0,39986259.0,39991789.0,39997402.0,40002577.0,40007552.0,40012951.0,40018158.0,40023601.0,40028748.0,40033466.0,40038017.0,40042497.0,40047032.0,40052112.0,40057452.0,40063037.0,40068314.0,40073228.0,40078183.0,40083494.0,40088502.0,40093790.0,40098807.0,40103941.0,40108736.0,40113478.0,40118031.0,40123049.0,40128236.0,40133694.0,40139511.0,40144821.0,40149747.0,40155314.0,40161009.0,40166970.0,40173971.0,40181817.0,40188379.0,40194569.0,40200566.0,40206569.0,40212557.0,40218252.0,40223851.0,40228829.0,40233300.0,40237885.0,40242630.0,40247016.0,40251307.0,40255762.0,40260170.0,40264624.0,40269217.0,40273931.0,40278707.0,40283888.0,40289024.0,40293628.0,40298017.0,40301985.0,40306916.0,40311310.0,40315749.0,40320647.0,40324842.0,40328894.0,40333367.0,40337897.0,40342209.0,40346626.0,40350943.0,40354978.0,40359131.0,40363307.0,40367606.0,40371865.0,40376196.0,40380267.0,40384001.0,40387654.0,40391258.0,40395224.0,40399125.0,40403055.0,40407389.0,40411624.0,40415410.0,40419270.0,40423147.0,40427130.0,40431518.0,40437066.0,40442294.0,40446992.0,40451775.0,40456496.0,40460987.0,40465424.0,40470251.0,40474741.0,40479314.0,40484269.0,40489094.0,40493655.0,40498304.0,40502597.0,40506908.0,40511459.0,40516031.0,40520594.0,40524853.0,40529215.0,40533747.0,40538047.0,40542317.0,40546812.0,40551217.0,40555574.0,40560055.0,40565003.0,40570024.0,40574726.0,40579468.0,40584541.0,40589298.0,,,,,,,,,40633008.0,40638012.0,40642749.0,40647268.0,40651724.0,40655880.0,40660267.0,40664530.0,40668993.0,40673260.0,40677474.0,40681531.0,40686853.0,40692155.0,40696750.0,40701201.0,40705221.0,40709397.0,40713222.0,40716995.0,40721047.0,40724884.0,40728629.0,40732363.0,40736356.0,40740165.0,40744022.0,40747999.0,40751713.0,40755539.0,40759368.0,40763439.0,40767354.0,40771108.0,40774714.0,40778393.0,40782055.0,40785893.0,40789817.0,40793929.0,40797979.0,40801788.0,40805719.0,40809516.0,40813400.0,40817287.0,40821222.0,40826065.0,40831128.0,40835991.0,40840217.0,40843995.0,40847967.0,40852651.0,40857305.0,40861663.0,40865738.0,40869549.0,40873343.0,40877421.0,40881380.0,40885278.0,40888691.0,40892496.0,40896262.0,40900032.0,40904178.0,40908294.0,40912464.0,40915560.0,40919535.0,40923431
qIm2sRyhcyk,1199.0,1202.0,1205.0,1207.0,1209.0,1210.0,1215.0,1217.0,1217.0,1219.0,1221.0,1223.0,1224.0,1226.0,1229.0,1233.0,1236.0,1238.0,1238.0,1241.0,1244.0,1246.0,1249.0,1250.0,1253.0,1256.0,1258.0,1261.0,1262.0,1265.0,1265.0,1265.0,1269.0,1272.0,1273.0,1274.0,1278.0,1279.0,1280.0,1287.0,1291.0,1292.0,1294.0,1297.0,1300.0,1303.0,1309.0,1311.0,1317.0,1317.0,1318.0,1320.0,1321.0,1323.0,1326.0,1326.0,1327.0,1329.0,1331.0,1336.0,1338.0,1340.0,1341.0,1343.0,1343.0,1345.0,1346.0,1349.0,1350.0,1352.0,1354.0,1354.0,1356.0,1357.0,1359.0,1359.0,1361.0,1361.0,1362.0,1362.0,1363.0,1364.0,1365.0,1368.0,1371.0,1372.0,1375.0,1376.0,1377.0,1377.0,1379.0,1381.0,1384.0,1386.0,1387.0,1387.0,1387.0,1390.0,1393.0,1393.0,1396.0,1402.0,1404.0,1405.0,1406.0,1407.0,1408.0,1408.0,1408.0,1411.0,1413.0,1413.0,1414.0,1415.0,1415.0,1416.0,1418.0,1419.0,1427.0,1427.0,1429.0,1429.0,1429.0,1431.0,1434.0,1436.0,1438.0,1441.0,1443.0,1443.0,1449.0,1450.0,1450.0,1453.0,,,,,,,,,1473.0,1483.0,1491.0,1498.0,1510.0,1522.0,1525.0,1529.0,1536.0,1540.0,1544.0,1547.0,1550.0,1554.0,1558.0,1561.0,1564.0,1567.0,1566.0,1574.0,1577.0,1579.0,1580.0,1585.0,1585.0,1589.0,1593.0,1595.0,1595.0,1606.0,1616.0,1630.0,1632.0,1633.0,1640.0,1641.0,1643.0,1644.0,1645.0,1648.0,1648.0,1649.0,1653.0,1655.0,1655.0,1659.0,1661.0,1667.0,1667.0,1670.0,1677.0,1679.0,1682.0,1683.0,1687.0,1689.0,1689.0,1689.0,1693.0,1693.0,1695.0,1695.0,1697.0,1702.0,1708.0,1709.0,1713.0,1715.0,1718.0,1721.0,1721.0,1724
Rhy7_Y15FrI,25359862.0,25365646.0,25372784.0,25379501.0,25385867.0,25392251.0,25398062.0,25404012.0,25410756.0,25417402.0,25423258.0,25428732.0,25434923.0,25440697.0,25446551.0,25452079.0,25457351.0,25462507.0,25467450.0,25472606.0,25478315.0,25484670.0,25491497.0,25497338.0,25502962.0,25508535.0,25514420.0,25520347.0,25526566.0,25532737.0,25538788.0,25544307.0,25549469.0,25554884.0,25560309.0,25566112.0,25572326.0,25577807.0,25582937.0,25587998.0,25593500.0,25599121.0,25604930.0,25612908.0,25622004.0,25629622.0,25636437.0,25643036.0,25649376.0,25655392.0,25661260.0,25666966.0,25671859.0,25676620.0,25681819.0,25686960.0,25691781.0,25696758.0,25702178.0,25707340.0,25712135.0,25717249.0,25722160.0,25726926.0,25731629.0,25736444.0,25741300.0,25745539.0,25749616.0,25754451.0,25759242.0,25763770.0,25768579.0,25773181.0,25777525.0,25782133.0,25786747.0,25791539.0,25796204.0,25800557.0,25804716.0,25808951.0,25813526.0,25818136.0,25822657.0,25827200.0,25831443.0,25835116.0,25838881.0,25842832.0,25846879.0,25850672.0,25854456.0,25858498.0,25862449.0,25866152.0,25870011.0,25873889.0,25877794.0,25882041.0,25888339.0,25893778.0,25898855.0,25903616.0,25908052.0,25912275.0,25916754.0,25921347.0,25925787.0,25930366.0,25935081.0,25940062.0,25944918.0,25949752.0,25954640.0,25959354.0,25964041.0,25968783.0,25973627.0,25977976.0,25982708.0,25987578.0,25991959.0,25996202.0,26000835.0,26005500.0,26009842.0,26014391.0,26019259.0,26023836.0,26027971.0,26032434.0,26037284.0,26042155.0,,,,,,,,,26081982.0,26086535.0,26090866.0,26095039.0,26098844.0,26102540.0,26106223.0,26109758.0,26113491.0,26117052.0,26120581.0,26124133.0,26128278.0,26132105.0,26135544.0,26138790.0,26141957.0,26145234.0,26148419.0,26151806.0,26155337.0,26159081.0,26162533.0,26165882.0,26169583.0,26173344.0,26177296.0,26181334.0,26185194.0,26188785.0,26192447.0,26196517.0,26200440.0,26204082.0,26207391.0,26210662.0,26213888.0,26217056.0,26220674.0,26224359.0,26228117.0,26231759.0,26235409.0,26239081.0,26242572.0,26246295.0,26250135.0,26254549.0,26258811.0,26262703.0,26266304.0,26269623.0,26273219.0,26277190.0,26281203.0,26285100.0,26288760.0,26292095.0,26295365.0,26299009.0,26302499.0,26305892.0,26308696.0,26311936.0,26315189.0,26318745.0,26322525.0,26326272.0,26329679.0,26332484.0,26336047.0,26339410
yHZQ0jC3fNc,2270737.0,2271463.0,2272332.0,2273228.0,2274367.0,2275594.0,2276404.0,2277534.0,2278418.0,2279190.0,2280053.0,2280910.0,2281716.0,2282419.0,2283295.0,2284122.0,2284800.0,2285435.0,2286139.0,2286888.0,2287678.0,2288485.0,2289352.0,2290186.0,2290965.0,2291889.0,2292817.0,2293888.0,2294944.0,2295800.0,2296695.0,2297439.0,2298265.0,2299063.0,2299854.0,2300628.0,2301275.0,2301885.0,2302484.0,2303185.0,2303867.0,2304510.0,2305255.0,2306009.0,2306732.0,2307594.0,2308450.0,2309203.0,2309901.0,2310642.0,2311322.0,2311928.0,2312384.0,2312927.0,2313522.0,2314164.0,2314697.0,2315257.0,2315950.0,2316655.0,2317419.0,2318071.0,2318661.0,2319360.0,2320004.0,2320601.0,2321101.0,2321587.0,2322001.0,2322604.0,2323189.0,2323652.0,2324174.0,2324631.0,2325225.0,2325764.0,2326293.0,2326878.0,2327351.0,2327858.0,2328410.0,2328966.0,2329444.0,2330108.0,2330666.0,2331181.0,2331674.0,2332189.0,2332678.0,2333276.0,2333808.0,2334400.0,2334837.0,2335376.0,2335961.0,2336446.0,2337003.0,2337520.0,2338200.0,2338742.0,2339411.0,2339971.0,2340443.0,2341156.0,2341770.0,2342375.0,2343072.0,2343566.0,2344050.0,2344694.0,2345284.0,2345877.0,2346404.0,2347075.0,2347664.0,2348189.0,2348698.0,2349240.0,2349984.0,2350570.0,2351244.0,2351916.0,2352554.0,2353075.0,2353781.0,2354407.0,2354959.0,2355649.0,2356240.0,2356805.0,2357580.0,2358252.0,2358908.0,2359562.0,,,,,,,,,2364937.0,2365605.0,2366315.0,2366985.0,2367598.0,2368146.0,2368791.0,2369305.0,2369849.0,2370513.0,2371101.0,2371767.0,2372355.0,2372969.0,2373432.0,2373828.0,2374269.0,2374825.0,2375380.0,2375936.0,2376485.0,2376973.0,2377504.0,2378058.0,2378602.0,2379137.0,2379683.0,2380215.0,2380748.0,2381247.0,2382052.0,2382706.0,2383427.0,2384004.0,2384563.0,2385024.0,2385650.0,2386314.0,2386868.0,2387447.0,2388047.0,2388535.0,2389043.0,2389539.0,2390092.0,2390562.0,2391109.0,2391674.0,2392302.0,2392840.0,2393361.0,2393858.0,2394441.0,2395020.0,2395604.0,2396245.0,2396824.0,2397391.0,2398039.0,2398739.0,2399373.0,2399998.0,2400540.0,2401084.0,2401656.0,2402244.0,2402833.0,2403408.0,2403910.0,2404418.0,2405003.0,2405442
okkAdMLVXkY,3174905.0,3175594.0,3176287.0,3177029.0,3177960.0,3179029.0,3180082.0,3181120.0,3182497.0,3183663.0,3184686.0,3185913.0,3187012.0,3188081.0,3189340.0,3190578.0,3191655.0,3192757.0,3193990.0,3195254.0,3196426.0,3197703.0,3198875.0,3200291.0,3201415.0,3202493.0,3203669.0,3204841.0,3206178.0,3207673.0,3208868.0,3209838.0,3210971.0,3211980.0,3213213.0,3214419.0,3215787.0,3217182.0,3218311.0,3219535.0,3220708.0,3222059.0,3223491.0,3224680.0,3225841.0,3227163.0,3228593.0,3230167.0,3231472.0,3232791.0,3234031.0,3235296.0,3236409.0,3237419.0,3238516.0,3239751.0,3240958.0,3242113.0,3243151.0,3244225.0,3245495.0,3246658.0,3247720.0,3248867.0,3249773.0,3250698.0,3251664.0,3252738.0,3253726.0,3254810.0,3255773.0,3256737.0,3257550.0,3258422.0,3259259.0,3260083.0,3260823.0,3261721.0,3262544.0,3263388.0,3264134.0,3264842.0,3265703.0,3266393.0,3267234.0,3268141.0,3268977.0,3269600.0,3270329.0,3271090.0,3272030.0,3272861.0,3273646.0,3274460.0,3275270.0,3276152.0,3277069.0,3278071.0,3279115.0,3280254.0,3281319.0,3282312.0,3283304.0,3284363.0,3285405.0,3286500.0,3287639.0,3288541.0,3289535.0,3290693.0,3292053.0,3293404.0,3294657.0,3295829.0,3296775.0,3297951.0,3299030.0,3300224.0,3301325.0,3302384.0,3303525.0,3304467.0,3305554.0,3306587.0,3307677.0,3308711.0,3309600.0,3310518.0,3311389.0,3312341.0,3313160.0,3314282.0,3315192.0,3316074.0,,,,,,,,,3323730.0,3324546.0,3325445.0,3326269.0,3326938.0,3328029.0,3328943.0,3329703.0,3330462.0,3331341.0,3332182.0,3333018.0,3334052.0,3334964.0,3335833.0,3336679.0,3337619.0,3338576.0,3339549.0,3340646.0,3341541.0,3342472.0,3343387.0,3344403.0,3345238.0,3346239.0,3347256.0,3348212.0,3349106.0,3349918.0,3350764.0,3351608.0,3352491.0,3353302.0,3354167.0,3355110.0,3356006.0,3356768.0,3357735.0,3358720.0,3359610.0,3360384.0,3361212.0,3361915.0,3362814.0,3363553.0,3364500.0,3365291.0,3365933.0,3366689.0,3367565.0,3368413.0,3369421.0,3370515.0,3371535.0,3372449.0,3373267.0,3374191.0,3375138.0,3375998.0,3376967.0,3377731.0,3378401.0,3379346.0,3380268.0,3381153.0,3382107.0,3383033.0,3383843.0,3384802.0,3385760.0,3386613
IkJYCoafReQ,2809678.0,2809841.0,2810064.0,2810385.0,2810653.0,2810919.0,2811195.0,2811482.0,2811741.0,2812017.0,2812277.0,2812529.0,2812734.0,2812916.0,2813219.0,2813449.0,2813647.0,2813794.0,2813990.0,2814179.0,2814387.0,2814592.0,2814762.0,2814953.0,2815093.0,2815268.0,2815468.0,2815644.0,2815873.0,2816025.0,2816204.0,2816345.0,2816517.0,2816729.0,2816889.0,2817079.0,2817213.0,2817391.0,2817570.0,2817759.0,2817938.0,2818144.0,2818337.0,2818480.0,2818637.0,2818842.0,2819061.0,2819257.0,2819494.0,2819687.0,2819907.0,2820053.0,2820152.0,2820318.0,2820462.0,2820604.0,2820775.0,2820906.0,2821046.0,2821157.0,2821318.0,2821485.0,2821656.0,2821826.0,2821936.0,2822049.0,2822169.0,2822285.0,2822391.0,2822541.0,2822653.0,2822780.0,2822918.0,2823057.0,2823146.0,2823245.0,2823360.0,2823471.0,2823603.0,2823711.0,2823823.0,2823941.0,2824042.0,2824169.0,2824316.0,2824452.0,2824598.0,2824711.0,2824822.0,2824923.0,2825037.0,2825142.0,2825268.0,2825380.0,2825484.0,2825612.0,2825751.0,2825845.0,2825980.0,2826113.0,2826247.0,2826365.0,2826492.0,2826621.0,2826770.0,2826919.0,2827071.0,2827223.0,2827325.0,2827465.0,2827611.0,2827718.0,2827850.0,2828007.0,2828118.0,2828224.0,2828354.0,2828540.0,2828671.0,2828828.0,2828992.0,2829143.0,2829262.0,2829404.0,2829567.0,2829710.0,2829869.0,2830008.0,2830153.0,2830286.0,2830423.0,2830539.0,2830673.0,2830790.0,,,,,,,,,2831942.0,2832077.0,2832204.0,2832332.0,2832447.0,2832583.0,2832715.0,2832865.0,2832996.0,2833111.0,2833293.0,2833410.0,2833558.0,2833711.0,2833849.0,2833958.0,2834095.0,2834217.0,2834357.0,2834486.0,2834608.0,2834722.0,2834827.0,2834935.0,2835047.0,2835147.0,2835248.0,2835363.0,2835470.0,2835615.0,2835759.0,2835884.0,2835968.0,2836049.0,2836169.0,2836251.0,2836337.0,2836422.0,2836523.0,2836632.0,2836719.0,2836828.0,2836918.0,2837015.0,2837128.0,2837264.0,2837415.0,2837541.0,2837667.0,2837753.0,2837816.0,2837881.0,2837964.0,2838075.0,2838176.0,2838281.0,2838385.0,2838463.0,2838591.0,2838726.0,2838830.0,2838931.0,2839024.0,2839120.0,2839230.0,2839334.0,2839401.0,2839491.0,2839589.0,2839689.0,2839772.0,2839861
N9vKHZP2XLk,38973.0,38973.0,38974.0,38974.0,38975.0,38977.0,38979.0,38979.0,38980.0,38981.0,38982.0,38982.0,38982.0,38982.0,38982.0,38983.0,38983.0,38984.0,38984.0,38984.0,38985.0,38985.0,38987.0,38987.0,38988.0,38989.0,38989.0,38989.0,38989.0,38989.0,38989.0,38989.0,38990.0,38990.0,38990.0,38992.0,38993.0,38994.0,38994.0,38994.0,38994.0,38994.0,38995.0,38996.0,38997.0,38998.0,38998.0,38998.0,38999.0,38999.0,38999.0,39001.0,39001.0,39001.0,39001.0,39001.0,39003.0,39004.0,39005.0,39009.0,39011.0,39013.0,39013.0,39014.0,39015.0,39015.0,39016.0,39018.0,39018.0,39018.0,39019.0,39020.0,39022.0,39022.0,39024.0,39024.0,39024.0,39026.0,39031.0,39034.0,39037.0,39038.0,39043.0,39045.0,39047.0,39048.0,39048.0,39049.0,39050.0,39050.0,39051.0,39051.0,39052.0,39052.0,39053.0,39053.0,39055.0,39055.0,39055.0,39057.0,39057.0,39059.0,39060.0,39061.0,39061.0,39061.0,39061.0,39061.0,39062.0,39062.0,39064.0,39064.0,39064.0,39064.0,39064.0,39067.0,39068.0,39068.0,39068.0,39068.0,39069.0,39069.0,39071.0,39072.0,39072.0,39073.0,39073.0,39073.0,39073.0,39073.0,39074.0,39075.0,39076.0,39076.0,,,,,,,,,39084.0,39084.0,39086.0,39088.0,39090.0,39090.0,39094.0,39094.0,39095.0,39096.0,39097.0,39097.0,39098.0,39100.0,39100.0,39100.0,39100.0,39100.0,39100.0,39100.0,39100.0,39101.0,39102.0,39102.0,39102.0,39102.0,39102.0,39103.0,39107.0,39108.0,39112.0,39115.0,39116.0,39118.0,39121.0,39121.0,39126.0,39126.0,39127.0,39129.0,39129.0,39130.0,39130.0,39133.0,39135.0,39136.0,39136.0,39136.0,39137.0,39139.0,39141.0,39143.0,39143.0,39145.0,39145.0,39146.0,39148.0,39148.0,39148.0,39149.0,39151.0,39153.0,39153.0,39153.0,39154.0,39154.0,39155.0,39155.0,39155.0,39155.0,39155.0,39156
jnMscfeLGsE,34214.0,34265.0,34312.0,34348.0,34377.0,34417.0,34457.0,34496.0,34535.0,34573.0,34596.0,34628.0,34669.0,34726.0,34787.0,34888.0,34945.0,34986.0,35034.0,35067.0,35104.0,35144.0,35178.0,35197.0,35224.0,35243.0,35286.0,35316.0,35359.0,35410.0,35434.0,35461.0,35490.0,35524.0,35548.0,35562.0,35585.0,35628.0,35667.0,35708.0,35748.0,35794.0,35840.0,35874.0,35903.0,35935.0,35980.0,36022.0,36064.0,36092.0,36110.0,36142.0,36186.0,36221.0,36256.0,36301.0,36340.0,36386.0,36426.0,36453.0,36487.0,36525.0,36565.0,36623.0,36672.0,36708.0,36737.0,36772.0,36796.0,36840.0,36869.0,36904.0,36919.0,36942.0,36959.0,36993.0,37023.0,37052.0,37076.0,37114.0,37132.0,37162.0,37193.0,37219.0,37244.0,37264.0,37284.0,37311.0,37342.0,37362.0,37391.0,37402.0,37437.0,37454.0,37467.0,37491.0,37518.0,37552.0,37581.0,37606.0,37629.0,37661.0,37689.0,37705.0,37728.0,37754.0,37775.0,37793.0,37807.0,37824.0,37844.0,37866.0,37886.0,37912.0,37930.0,37939.0,37947.0,37965.0,37972.0,38036.0,38052.0,38068.0,38079.0,38091.0,38106.0,38134.0,38140.0,38158.0,38172.0,38180.0,38213.0,38229.0,38241.0,38249.0,,,,,,,,,38372.0,38384.0,38398.0,38409.0,38431.0,38445.0,38453.0,38459.0,38475.0,38497.0,38526.0,38542.0,38562.0,38567.0,38575.0,38583.0,38592.0,38599.0,38609.0,38616.0,38621.0,38628.0,38635.0,38641.0,38647.0,38653.0,38662.0,38665.0,38668.0,38670.0,38677.0,38688.0,38697.0,38704.0,38708.0,38712.0,38717.0,38721.0,38731.0,38739.0,38745.0,38756.0,38764.0,38772.0,38780.0,38785.0,38796.0,38802.0,38808.0,38812.0,38827.0,38833.0,38844.0,38849.0,38867.0,38876.0,38881.0,38886.0,38889.0,38896.0,38897.0,38901.0,38909.0,38913.0,38922.0,38931.0,38940.0,38952.0,38959.0,38963.0,38971.0,38979
WOuGFam9Lg8,13799960.0,13802030.0,13804309.0,13806508.0,13809126.0,13811601.0,13813908.0,13816205.0,13818765.0,13821543.0,13824150.0,13826701.0,13829119.0,13831867.0,13834622.0,13837403.0,13840066.0,13842548.0,13845284.0,13847759.0,13850590.0,13853850.0,13857290.0,13860040.0,13862482.0,13865088.0,13868116.0,13871317.0,13874548.0,13877686.0,13880804.0,13883657.0,13886705.0,13890297.0,13894155.0,13897661.0,13900882.0,13903499.0,13906174.0,13908966.0,13912006.0,13914636.0,13917233.0,13919894.0,13922520.0,13925241.0,13928045.0,13930704.0,13933360.0,13935808.0,13938249.0,13940665.0,13942755.0,13944986.0,13947469.0,13949856.0,13952224.0,13954418.0,13956698.0,13958986.0,13961102.0,13963466.0,13965791.0,13967881.0,13970172.0,13972159.0,13974110.0,13976232.0,13978046.0,13981064.0,13983327.0,13985488.0,13987640.0,13989709.0,13992223.0,13994834.0,13997094.0,13999708.0,14002118.0,14004391.0,14006636.0,14009071.0,14011566.0,14015131.0,14018265.0,14021304.0,14023923.0,14026394.0,14029181.0,14031943.0,14034516.0,14036907.0,14039275.0,14041619.0,14043983.0,14046587.0,14049325.0,14051852.0,14054183.0,14056482.0,14058704.0,14060869.0,14063218.0,14065330.0,14067717.0,14069956.0,14072027.0,14074173.0,14076425.0,14078876.0,14081225.0,14083578.0,14085795.0,14088229.0,14090338.0,14092374.0,14094430.0,14096471.0,14098645.0,14100761.0,14102800.0,14104666.0,14106599.0,14108742.0,14110937.0,14113158.0,14115312.0,14117479.0,14119390.0,14121266.0,14123503.0,14125872.0,14128231.0,14130376.0,,,,,,,,,14150218.0,14152365.0,14154478.0,14156579.0,14158633.0,14160532.0,14162436.0,14164289.0,14166403.0,14168605.0,14170972.0,14173236.0,14175710.0,14178087.0,14180156.0,14182277.0,14184412.0,14186885.0,14189305.0,14191991.0,14194399.0,14196840.0,14199185.0,14201989.0,14204830.0,14207488.0,14210135.0,14212805.0,14215121.0,14217540.0,14220284.0,14223102.0,14225783.0,14228304.0,14230635.0,14232527.0,14234466.0,14236465.0,14238700.0,14240919.0,14243137.0,14245133.0,14247097.0,14249096.0,14251281.0,14253494.0,14255747.0,14257920.0,14260001.0,14261942.0,14263857.0,14265846.0,14267856.0,14270069.0,14272198.0,14274383.0,14276338.0,14278180.0,14280031.0,14282095.0,14284113.0,14285888.0,14287494.0,14289031.0,14290608.0,14292386.0,14294283.0,14296193.0,14297694.0,14299323.0,14300941.0,14302703
Pf7j8OqmVbY,649642.0,649813.0,650007.0,650229.0,650417.0,650635.0,650909.0,651092.0,651298.0,651532.0,651711.0,651920.0,652141.0,652334.0,652531.0,652744.0,652992.0,653224.0,653474.0,653680.0,653948.0,654197.0,654436.0,654661.0,654860.0,655102.0,655318.0,655531.0,655729.0,655986.0,656186.0,656382.0,656557.0,656757.0,656967.0,657190.0,657415.0,657598.0,657817.0,658022.0,658208.0,658415.0,658561.0,658740.0,658915.0,659094.0,659301.0,659502.0,659693.0,659887.0,660033.0,660243.0,660426.0,660616.0,660799.0,661023.0,661216.0,661427.0,661633.0,661829.0,662010.0,662193.0,662363.0,662595.0,662765.0,662927.0,663141.0,663317.0,663462.0,663630.0,663855.0,664062.0,664270.0,664466.0,664644.0,664808.0,664980.0,665131.0,665361.0,665585.0,665807.0,665967.0,666130.0,666310.0,666521.0,666693.0,666878.0,667029.0,667187.0,667395.0,667531.0,667691.0,667842.0,667996.0,668166.0,668321.0,668535.0,668722.0,668903.0,669100.0,669285.0,669463.0,669605.0,669756.0,669936.0,670102.0,670269.0,670458.0,670610.0,670750.0,670935.0,671063.0,671250.0,671396.0,671554.0,671713.0,671859.0,672052.0,672179.0,672374.0,672559.0,672719.0,672890.0,673037.0,673189.0,673338.0,673507.0,673700.0,673905.0,674147.0,674345.0,674513.0,674701.0,674909.0,,,,,,,,,676640.0,676813.0,676971.0,677133.0,677294.0,677470.0,677642.0,677763.0,677878.0,677990.0,678128.0,678259.0,678442.0,678597.0,678704.0,678797.0,678941.0,679116.0,679251.0,679404.0,679582.0,679721.0,679849.0,679991.0,680195.0,680355.0,680528.0,680656.0,680799.0,680942.0,681100.0,681252.0,681391.0,681550.0,681712.0,681843.0,681957.0,682101.0,682281.0,682444.0,682639.0,682788.0,682963.0,683135.0,683299.0,683465.0,683627.0,683794.0,683957.0,684107.0,684241.0,684382.0,684539.0,684710.0,684843.0,685018.0,685176.0,685313.0,685436.0,685578.0,685721.0,685841.0,685982.0,686129.0,686257.0,686388.0,686577.0,686733.0,686855.0,686981.0,687103.0,687193
eN3kz8RX5_o,276.0,276.0,276.0,276.0,276.0,276.0,276.0,278.0,278.0,278.0,278.0,278.0,278.0,278.0,278.0,279.0,279.0,279.0,279.0,279.0,279.0,279.0,279.0,279.0,279.0,279.0,279.0,279.0,279.0,279.0,279.0,279.0,279.0,279.0,279.0,279.0,279.0,279.0,279.0,279.0,279.0,279.0,279.0,279.0,281.0,281.0,281.0,281.0,281.0,281.0,281.0,281.0,281.0,281.0,281.0,281.0,281.0,281.0,281.0,281.0,281.0,281.0,281.0,281.0,281.0,281.0,281.0,281.0,281.0,282.0,282.0,282.0,282.0,282.0,282.0,283.0,283.0,283.0,283.0,284.0,284.0,286.0,286.0,286.0,286.0,286.0,286.0,288.0,288.0,288.0,288.0,288.0,288.0,288.0,288.0,288.0,288.0,288.0,288.0,288.0,288.0,288.0,288.0,289.0,289.0,289.0,289.0,289.0,289.0,289.0,289.0,289.0,289.0,289.0,289.0,289.0,289.0,289.0,289.0,289.0,289.0,289.0,289.0,289.0,289.0,289.0,289.0,289.0,289.0,289.0,289.0,289.0,289.0,289.0,,,,,,,,,290.0,290.0,290.0,290.0,290.0,290.0,290.0,290.0,290.0,290.0,290.0,290.0,290.0,290.0,293.0,293.0,293.0,293.0,293.0,293.0,294.0,294.0,294.0,303.0,303.0,303.0,304.0,312.0,313.0,314.0,318.0,318.0,319.0,319.0,320.0,320.0,320.0,324.0,325.0,327.0,330.0,330.0,330.0,330.0,330.0,330.0,331.0,331.0,331.0,331.0,331.0,331.0,333.0,333.0,333.0,333.0,333.0,333.0,333.0,333.0,333.0,334.0,334.0,334.0,334.0,334.0,334.0,334.0,334.0,334.0,334.0,334
CshPTTuKoVk,3091175.0,3091623.0,3092345.0,3092958.0,3093556.0,3094170.0,3094766.0,3095357.0,3096031.0,3096612.0,3097204.0,3097832.0,3098443.0,3099023.0,3099516.0,3100061.0,3100670.0,3101343.0,3101991.0,3102556.0,3103270.0,3104006.0,3104784.0,3105547.0,3106159.0,3106812.0,3107528.0,3108137.0,3108728.0,3109368.0,3109935.0,3110531.0,3111004.0,3111583.0,3112236.0,3112926.0,3113501.0,3114037.0,3114590.0,3115146.0,3115680.0,3116217.0,3116717.0,3117298.0,3117792.0,3118302.0,3118880.0,3119383.0,3119893.0,3120409.0,3120940.0,3121492.0,3121964.0,3122419.0,3122955.0,3123426.0,3123887.0,3124326.0,3124825.0,3125352.0,3125779.0,3126258.0,3126716.0,3127204.0,3127675.0,3128147.0,3128524.0,3128998.0,3129388.0,3129901.0,3130364.0,3130811.0,3131242.0,3131586.0,3132024.0,3132520.0,3132942.0,3133436.0,3133981.0,3134537.0,3134999.0,3135443.0,3135989.0,3136524.0,3137007.0,3137591.0,3138119.0,3138576.0,3138979.0,3139326.0,3139855.0,3140359.0,3140854.0,3141341.0,3141882.0,3142353.0,3142860.0,3143337.0,3143867.0,3144314.0,3144743.0,3145260.0,3145716.0,3146160.0,3146575.0,3147063.0,3147493.0,3147919.0,3148301.0,3148760.0,3149376.0,3149897.0,3150303.0,3150893.0,3151416.0,3151836.0,3152226.0,3152685.0,3153137.0,3153644.0,3154050.0,3154500.0,3154927.0,3155300.0,3155716.0,3156323.0,3156871.0,3157427.0,3157959.0,3158494.0,3158984.0,3159543.0,3160006.0,3160486.0,,,,,,,,,3165419.0,3165897.0,3166520.0,3167051.0,3167540.0,3168065.0,3168484.0,3169014.0,3169433.0,3169881.0,3170268.0,3170704.0,3171222.0,3171644.0,3172103.0,3172539.0,3172942.0,3173465.0,3173903.0,3174379.0,3174890.0,3175420.0,3175903.0,3176366.0,3176845.0,3177476.0,3177939.0,3178415.0,3178849.0,3179262.0,3179801.0,3180210.0,3180705.0,3181242.0,3181725.0,3182261.0,3182820.0,3183289.0,3183773.0,3184409.0,3185106.0,3185674.0,3186171.0,3186711.0,3187123.0,3187681.0,3188141.0,3188840.0,3189396.0,3189924.0,3190472.0,3190974.0,3191508.0,3191873.0,3192319.0,3192827.0,3193303.0,3193814.0,3194374.0,3194821.0,3195345.0,3195684.0,3196130.0,3196638.0,3197163.0,3197608.0,3198098.0,3198600.0,3198927.0,3199355.0,3199774.0,3200218
Fx2bX-M79Q0,81295.0,81385.0,81465.0,81550.0,81619.0,81725.0,81794.0,81889.0,82009.0,82096.0,82196.0,82275.0,82409.0,82528.0,82643.0,82767.0,82880.0,82975.0,83152.0,83323.0,83467.0,83594.0,83755.0,83862.0,83979.0,84093.0,84250.0,84379.0,84498.0,84650.0,84752.0,84862.0,84974.0,85107.0,85211.0,85321.0,85420.0,85529.0,85635.0,85721.0,85837.0,85965.0,86101.0,86302.0,86442.0,86545.0,86656.0,86769.0,86882.0,86977.0,87096.0,87184.0,87266.0,87425.0,87542.0,87672.0,87802.0,87900.0,88018.0,88120.0,88240.0,88342.0,88431.0,88547.0,88656.0,88747.0,88849.0,88966.0,89032.0,89165.0,89273.0,89386.0,89476.0,89586.0,89693.0,89865.0,89975.0,90079.0,90213.0,90357.0,90463.0,90575.0,90682.0,90816.0,90940.0,91065.0,91158.0,91227.0,91327.0,91441.0,91578.0,91698.0,91800.0,91883.0,91959.0,92117.0,92232.0,92338.0,92483.0,92681.0,92825.0,92935.0,93085.0,93232.0,93345.0,93464.0,93596.0,93726.0,93800.0,93908.0,93995.0,94102.0,94203.0,94329.0,94391.0,94465.0,94544.0,94629.0,94729.0,94824.0,94906.0,94988.0,95053.0,95145.0,95201.0,95292.0,95361.0,95489.0,95554.0,95627.0,95703.0,95783.0,95861.0,95937.0,,,,,,,,,96650.0,96702.0,96777.0,96848.0,96929.0,96994.0,97076.0,97139.0,97194.0,97275.0,97392.0,97499.0,97583.0,97727.0,97841.0,97925.0,98022.0,98128.0,98246.0,98334.0,98402.0,98463.0,98516.0,98583.0,98666.0,98748.0,98832.0,98923.0,99004.0,99073.0,99135.0,99205.0,99284.0,99357.0,99434.0,99507.0,99548.0,99614.0,99675.0,99802.0,99930.0,100071.0,100184.0,100290.0,100461.0,100605.0,100760.0,100936.0,101148.0,101255.0,101371.0,101513.0,101633.0,101815.0,101982.0,102127.0,102257.0,102363.0,102510.0,102653.0,102802.0,102896.0,103028.0,103146.0,103270.0,103391.0,103539.0,103669.0,103755.0,103893.0,104003.0,104097
l7t5ze09sAg,89853.0,89864.0,89882.0,89903.0,89927.0,89938.0,89953.0,89969.0,89980.0,89992.0,90009.0,90028.0,90048.0,90062.0,90069.0,90081.0,90088.0,90100.0,90108.0,90120.0,90133.0,90140.0,90151.0,90162.0,90165.0,90173.0,90202.0,90216.0,90227.0,90244.0,90263.0,90286.0,90306.0,90323.0,90345.0,90362.0,90376.0,90392.0,90402.0,90410.0,90419.0,90433.0,90444.0,90448.0,90468.0,90479.0,90486.0,90497.0,90506.0,90512.0,90525.0,90537.0,90553.0,90574.0,90581.0,90595.0,90607.0,90621.0,90635.0,90654.0,90662.0,90677.0,90689.0,90712.0,90734.0,90751.0,90769.0,90783.0,90794.0,90811.0,90823.0,90842.0,90848.0,90856.0,90870.0,90886.0,90901.0,90914.0,90929.0,90941.0,90956.0,90979.0,90988.0,91005.0,91018.0,91031.0,91050.0,91059.0,91069.0,91084.0,91095.0,91112.0,91127.0,91135.0,91147.0,91158.0,91173.0,91184.0,91200.0,91209.0,91220.0,91239.0,91249.0,91262.0,91279.0,91285.0,91305.0,91320.0,91332.0,91342.0,91352.0,91379.0,91403.0,91421.0,91438.0,91450.0,91463.0,91477.0,91486.0,91506.0,91522.0,91540.0,91556.0,91574.0,91585.0,91594.0,91607.0,91619.0,91633.0,91647.0,91657.0,91663.0,91681.0,91694.0,,,,,,,,,91840.0,91854.0,91866.0,91880.0,91892.0,91898.0,91912.0,91916.0,91932.0,91944.0,91971.0,91983.0,91993.0,92002.0,92009.0,92021.0,92038.0,92049.0,92064.0,92072.0,92083.0,92099.0,92109.0,92124.0,92138.0,92161.0,92176.0,92183.0,92198.0,92212.0,92225.0,92243.0,92257.0,92267.0,92289.0,92303.0,92312.0,92329.0,92344.0,92361.0,92378.0,92393.0,92407.0,92429.0,92443.0,92455.0,92470.0,92485.0,92497.0,92514.0,92522.0,92536.0,92548.0,92564.0,92576.0,92587.0,92598.0,92610.0,92634.0,92662.0,92681.0,92702.0,92734.0,92743.0,92756.0,92775.0,92794.0,92816.0,92833.0,92844.0,92866.0,92875
FqvWpHyc3ps,5376060.0,5376370.0,5376711.0,5377039.0,5377354.0,5377669.0,5378081.0,5378455.0,5378771.0,5379165.0,5379510.0,5379778.0,5380054.0,5380440.0,5380858.0,5381216.0,5381606.0,5381981.0,5382249.0,5382515.0,5382838.0,5383099.0,5383406.0,5383745.0,5384087.0,5384428.0,5384753.0,5385098.0,5385425.0,5385697.0,5385972.0,5386260.0,5386549.0,5386854.0,5387192.0,5387508.0,5387811.0,5388102.0,5388391.0,5388727.0,5389021.0,5389288.0,5389566.0,5389854.0,5390132.0,5390405.0,5390700.0,5391054.0,5391409.0,5391763.0,5392094.0,5392407.0,5392655.0,5392935.0,5393206.0,5393468.0,5393754.0,5394017.0,5394275.0,5394515.0,5394811.0,5395133.0,5395486.0,5395867.0,5396326.0,5396723.0,5397169.0,5397522.0,5397904.0,5398387.0,5398774.0,5399215.0,5399598.0,5399927.0,5400251.0,5400679.0,5401059.0,5401420.0,5401876.0,5402282.0,5402590.0,5402845.0,5403167.0,5403462.0,5403804.0,5404103.0,5404469.0,5404778.0,5405066.0,5405419.0,5405824.0,5406230.0,5406828.0,5407298.0,5407720.0,5408194.0,5408673.0,5409043.0,5409408.0,5409894.0,5410287.0,5410706.0,5411091.0,5411407.0,5411700.0,5412052.0,5412380.0,5412625.0,5412836.0,5413094.0,5413340.0,5413619.0,5413932.0,5414284.0,5414583.0,5414897.0,5415137.0,5415414.0,5415646.0,5415905.0,5416276.0,5416552.0,5416806.0,5417078.0,5417310.0,5417512.0,5417775.0,5418042.0,5418324.0,5418579.0,5418789.0,5419023.0,5419257.0,5419500.0,,,,,,,,,5421792.0,5422102.0,5422399.0,5422739.0,5422987.0,5423345.0,5423672.0,5424002.0,5424412.0,5424757.0,5425048.0,5425351.0,5425609.0,5425836.0,5426114.0,5426416.0,5426625.0,5426867.0,5427103.0,5427292.0,5427549.0,5427803.0,5428008.0,5428259.0,5428509.0,5428824.0,5429146.0,5429456.0,5429674.0,5429921.0,5430166.0,5430433.0,5430711.0,5430990.0,5431317.0,5431627.0,5431935.0,5432263.0,5432526.0,5432846.0,5433149.0,5433427.0,5433739.0,5434020.0,5434280.0,5434600.0,5434889.0,5435163.0,5435491.0,5435751.0,5436026.0,5436291.0,5436497.0,5436755.0,5437009.0,5437309.0,5437559.0,5437790.0,5438042.0,5438293.0,5438535.0,5438988.0,5439362.0,5439720.0,5440113.0,5440466.0,5440807.0,5441123.0,5441409.0,5441625.0,5441951.0,5442229
Dzqbnmmlw24,145198.0,145250.0,145291.0,145337.0,145395.0,145452.0,145497.0,145564.0,145626.0,145685.0,145722.0,145790.0,145871.0,145938.0,146003.0,146072.0,146125.0,146158.0,146218.0,146296.0,146373.0,146449.0,146546.0,146604.0,146815.0,147695.0,148575.0,149436.0,150163.0,150968.0,151440.0,151902.0,152336.0,152684.0,153091.0,153449.0,153829.0,154055.0,154244.0,154486.0,154729.0,154936.0,155153.0,155325.0,155437.0,155490.0,155620.0,155817.0,155989.0,156213.0,156485.0,156652.0,156817.0,156994.0,157178.0,157381.0,157528.0,157677.0,157828.0,157918.0,158029.0,158167.0,158304.0,158467.0,158626.0,158760.0,158864.0,158999.0,159092.0,159206.0,159306.0,159428.0,159539.0,159633.0,159728.0,159839.0,159924.0,160043.0,160149.0,160237.0,160319.0,160395.0,160508.0,160597.0,160707.0,160800.0,160893.0,160949.0,161022.0,161119.0,161229.0,161348.0,161480.0,161589.0,161667.0,161736.0,161811.0,161895.0,161977.0,162080.0,162160.0,162230.0,162298.0,162381.0,162463.0,162527.0,162607.0,162661.0,162711.0,162775.0,162824.0,162903.0,162962.0,163039.0,163116.0,163195.0,163248.0,163332.0,163382.0,163452.0,163507.0,163583.0,163648.0,163702.0,163754.0,163808.0,163870.0,163932.0,163988.0,164029.0,164082.0,164141.0,164190.0,164238.0,,,,,,,,,164776.0,164818.0,164862.0,164914.0,164959.0,165025.0,165079.0,165127.0,165175.0,165225.0,165302.0,165369.0,165440.0,165499.0,165549.0,165598.0,165678.0,165744.0,165820.0,165874.0,165924.0,165965.0,165987.0,166022.0,166062.0,166120.0,166168.0,166209.0,166252.0,166295.0,166345.0,166380.0,166432.0,166480.0,166529.0,166562.0,166601.0,166640.0,166678.0,166718.0,166776.0,166842.0,166892.0,166933.0,166987.0,167050.0,167105.0,167144.0,167207.0,167247.0,167291.0,167346.0,167394.0,167453.0,167502.0,167562.0,167617.0,167661.0,167723.0,167787.0,167832.0,167889.0,167940.0,168009.0,168068.0,168136.0,168203.0,168269.0,168323.0,168394.0,168453.0,168514
RpTcncTxSDE,174599.0,174683.0,174809.0,174906.0,175029.0,175144.0,175262.0,175386.0,175496.0,175616.0,175727.0,175831.0,175945.0,176054.0,176163.0,176282.0,176358.0,176449.0,176567.0,176663.0,176798.0,176926.0,177038.0,177152.0,177238.0,177321.0,177414.0,177518.0,177644.0,177766.0,177882.0,178001.0,178117.0,178229.0,178347.0,178446.0,178571.0,178661.0,178772.0,178883.0,179001.0,179107.0,179218.0,179319.0,179420.0,179510.0,179642.0,179761.0,179874.0,180016.0,180116.0,180255.0,180345.0,180486.0,180604.0,180740.0,180828.0,180920.0,181027.0,181110.0,181215.0,181338.0,181449.0,181559.0,181678.0,181771.0,181869.0,181991.0,182110.0,182236.0,182369.0,182481.0,182596.0,182705.0,182837.0,182996.0,183177.0,183312.0,183393.0,183532.0,183662.0,183797.0,183963.0,184091.0,184264.0,184403.0,184556.0,184698.0,184808.0,184940.0,185055.0,185208.0,185365.0,185540.0,185696.0,185870.0,185975.0,186095.0,186252.0,186383.0,186507.0,186602.0,186740.0,186872.0,186981.0,187142.0,187271.0,187429.0,187573.0,187706.0,187824.0,187956.0,188067.0,188190.0,188276.0,188367.0,188476.0,188595.0,188716.0,188806.0,188931.0,189041.0,189152.0,189288.0,189414.0,189546.0,189648.0,189785.0,189921.0,190008.0,190123.0,190255.0,190387.0,190497.0,,,,,,,,,191776.0,191919.0,192085.0,192173.0,192289.0,192367.0,192455.0,192525.0,192604.0,192678.0,192751.0,192830.0,192922.0,193014.0,193078.0,193122.0,193176.0,193227.0,193293.0,193352.0,193420.0,193476.0,193536.0,193612.0,193677.0,193755.0,193843.0,193924.0,194009.0,194076.0,194147.0,194216.0,194284.0,194351.0,194425.0,194500.0,194574.0,194632.0,194694.0,194774.0,194878.0,194961.0,195032.0,195123.0,195210.0,195303.0,195389.0,195486.0,195576.0,195661.0,195738.0,195805.0,195895.0,195982.0,196056.0,196135.0,196210.0,196287.0,196376.0,196451.0,196544.0,196602.0,196668.0,196723.0,196780.0,196838.0,196904.0,196969.0,197040.0,197110.0,197186.0,197247
9Umecu7obN8,758670.0,758773.0,758898.0,759016.0,759145.0,759266.0,759387.0,759510.0,759624.0,759780.0,759887.0,760033.0,760200.0,760367.0,760491.0,760630.0,760731.0,760879.0,761022.0,761143.0,761275.0,761401.0,761527.0,761663.0,761786.0,761941.0,762105.0,762247.0,762395.0,762523.0,762647.0,762762.0,762902.0,763014.0,763144.0,763272.0,763393.0,763514.0,763580.0,763715.0,763835.0,763973.0,764109.0,764251.0,764351.0,764467.0,764592.0,764723.0,764849.0,764957.0,765070.0,765162.0,765279.0,765410.0,765559.0,765688.0,765835.0,765956.0,766088.0,766205.0,766369.0,766481.0,766587.0,766687.0,766792.0,766902.0,766999.0,767082.0,767188.0,767325.0,767436.0,767522.0,767634.0,767727.0,767836.0,767975.0,768117.0,768215.0,768324.0,768422.0,768536.0,768655.0,768741.0,768874.0,768986.0,769095.0,769255.0,769359.0,769455.0,769550.0,769669.0,769783.0,769917.0,770032.0,770147.0,770285.0,770387.0,770515.0,770632.0,770739.0,770853.0,770978.0,771101.0,771227.0,771342.0,771459.0,771580.0,771690.0,771791.0,771913.0,772000.0,772109.0,772215.0,772317.0,772442.0,772538.0,772648.0,772760.0,772870.0,772995.0,773096.0,773201.0,773290.0,773382.0,773507.0,773642.0,773750.0,773884.0,773997.0,774117.0,774237.0,774334.0,774457.0,774572.0,,,,,,,,,775687.0,775793.0,775892.0,776015.0,776122.0,776214.0,776304.0,776370.0,776477.0,776591.0,776726.0,776826.0,776956.0,777084.0,777224.0,777348.0,777461.0,777587.0,777731.0,777845.0,777942.0,778054.0,778185.0,778364.0,778502.0,778690.0,778945.0,779197.0,779349.0,779512.0,779695.0,779862.0,779980.0,780085.0,780203.0,780320.0,780425.0,780540.0,780610.0,780722.0,780843.0,780963.0,781065.0,781160.0,781246.0,781329.0,781430.0,781555.0,781651.0,781756.0,781837.0,781979.0,782093.0,782199.0,782307.0,782420.0,782515.0,782627.0,782708.0,782816.0,782894.0,782977.0,783067.0,783175.0,783269.0,783360.0,783471.0,783551.0,783633.0,783736.0,783802.0,783923
U9JFCl-s37w,291216.0,291277.0,291353.0,291431.0,291493.0,291550.0,291626.0,291679.0,291764.0,291831.0,291901.0,291945.0,291994.0,292074.0,292119.0,292204.0,292242.0,292279.0,292338.0,292402.0,292477.0,292530.0,292608.0,292662.0,292723.0,292799.0,292846.0,292896.0,292950.0,293020.0,293092.0,293152.0,293234.0,293281.0,293364.0,293441.0,293530.0,293592.0,293688.0,293775.0,293878.0,293977.0,294114.0,294195.0,294291.0,294381.0,294446.0,294543.0,294627.0,294700.0,294762.0,294845.0,294918.0,295000.0,295088.0,295160.0,295231.0,295299.0,295368.0,295462.0,295549.0,295632.0,295721.0,295811.0,295887.0,295982.0,296081.0,296150.0,296265.0,296390.0,296509.0,296611.0,296708.0,296815.0,296864.0,296946.0,297031.0,297141.0,297223.0,297299.0,297404.0,297481.0,297554.0,297637.0,297707.0,297818.0,297885.0,297962.0,298062.0,298159.0,298259.0,298329.0,298409.0,298505.0,298607.0,298690.0,298778.0,298893.0,298989.0,299067.0,299194.0,299258.0,299362.0,299455.0,299542.0,299649.0,299753.0,299853.0,299925.0,300040.0,300147.0,300263.0,300372.0,300492.0,300610.0,300703.0,300807.0,300948.0,301078.0,301194.0,301301.0,301411.0,301484.0,301581.0,301678.0,301757.0,301862.0,301948.0,302052.0,302174.0,302293.0,302386.0,302469.0,302527.0,,,,,,,,,303326.0,303450.0,303560.0,303655.0,303764.0,303859.0,303962.0,304066.0,304177.0,304320.0,304425.0,304521.0,304614.0,304719.0,304863.0,304998.0,305135.0,305277.0,305385.0,305490.0,305559.0,305646.0,305732.0,305819.0,305897.0,305976.0,306039.0,306106.0,306187.0,306260.0,306324.0,306386.0,306443.0,306511.0,306585.0,306652.0,306719.0,306765.0,306810.0,306859.0,306915.0,306965.0,307033.0,307100.0,307163.0,307212.0,307278.0,307359.0,307410.0,307483.0,307530.0,307590.0,307652.0,307714.0,307774.0,307830.0,307902.0,307950.0,307997.0,308062.0,308127.0,308180.0,308252.0,308307.0,308379.0,308419.0,308458.0,308529.0,308585.0,308635.0,308702.0,308749
4B1MGHUdjFk,124298.0,124315.0,124328.0,124345.0,124357.0,124376.0,124392.0,124409.0,124427.0,124452.0,124469.0,124495.0,124520.0,124547.0,124567.0,124593.0,124607.0,124626.0,124642.0,124664.0,124681.0,124696.0,124731.0,124760.0,124781.0,124807.0,124823.0,124842.0,124860.0,124876.0,124894.0,124911.0,124928.0,124944.0,124955.0,124967.0,124983.0,124998.0,125015.0,125033.0,125048.0,125065.0,125075.0,125093.0,125104.0,125116.0,125125.0,125144.0,125158.0,125183.0,125200.0,125216.0,125227.0,125240.0,125255.0,125269.0,125285.0,125306.0,125318.0,125338.0,125355.0,125377.0,125398.0,125422.0,125432.0,125463.0,125495.0,125506.0,125524.0,125541.0,125556.0,125574.0,125590.0,125605.0,125613.0,125626.0,125647.0,125664.0,125678.0,125692.0,125700.0,125716.0,125736.0,125753.0,125767.0,125777.0,125791.0,125810.0,125825.0,125840.0,125857.0,125876.0,125889.0,125904.0,125917.0,125931.0,125944.0,125956.0,125967.0,125981.0,125997.0,126009.0,126020.0,126035.0,126051.0,126066.0,126086.0,126096.0,126107.0,126124.0,126137.0,126147.0,126161.0,126175.0,126187.0,126197.0,126205.0,126215.0,126228.0,126238.0,126250.0,126265.0,126282.0,126298.0,126321.0,126336.0,126353.0,126367.0,126375.0,126384.0,126398.0,126409.0,126418.0,126424.0,,,,,,,,,126535.0,126548.0,126558.0,126569.0,126582.0,126598.0,126607.0,126617.0,126633.0,126639.0,126650.0,126664.0,126678.0,126689.0,126700.0,126715.0,126731.0,126743.0,126758.0,126768.0,126780.0,126796.0,126807.0,126821.0,126832.0,126842.0,126857.0,126863.0,126878.0,126887.0,126905.0,126929.0,126943.0,126959.0,126968.0,126983.0,126993.0,127007.0,127025.0,127044.0,127066.0,127083.0,127091.0,127097.0,127104.0,127119.0,127135.0,127151.0,127169.0,127182.0,127192.0,127205.0,127217.0,127225.0,127240.0,127245.0,127256.0,127263.0,127282.0,127296.0,127313.0,127326.0,127337.0,127351.0,127362.0,127376.0,127392.0,127411.0,127421.0,127434.0,127444.0,127457
PoQbmllTZF8,291237.0,291281.0,291325.0,291363.0,291408.0,291468.0,291519.0,291560.0,291608.0,291702.0,291759.0,291816.0,291883.0,291944.0,292008.0,292076.0,292124.0,292186.0,292232.0,292291.0,292350.0,292395.0,292464.0,292503.0,292558.0,292599.0,292658.0,292707.0,292749.0,292793.0,292869.0,292930.0,292977.0,293014.0,293062.0,293108.0,293182.0,293246.0,293296.0,293339.0,293395.0,293440.0,293492.0,293552.0,293609.0,293678.0,293731.0,293793.0,293848.0,293910.0,293981.0,294048.0,294118.0,294173.0,294255.0,294317.0,294376.0,294423.0,294486.0,294540.0,294591.0,294651.0,294706.0,294748.0,294808.0,294858.0,294911.0,294966.0,295018.0,295088.0,295145.0,295213.0,295268.0,295333.0,295371.0,295429.0,295513.0,295570.0,295622.0,295663.0,295701.0,295747.0,295781.0,295822.0,295879.0,295930.0,295984.0,296044.0,296099.0,296156.0,296214.0,296252.0,296302.0,296350.0,296387.0,296427.0,296474.0,296526.0,296579.0,296627.0,296670.0,296722.0,296760.0,296808.0,296857.0,296894.0,296932.0,296978.0,297027.0,297068.0,297121.0,297170.0,297225.0,297273.0,297347.0,297387.0,297431.0,297479.0,297531.0,297579.0,297627.0,297666.0,297714.0,297751.0,297796.0,297843.0,297880.0,297935.0,297969.0,297999.0,298035.0,298076.0,298114.0,298147.0,,,,,,,,,298513.0,298540.0,298577.0,298619.0,298664.0,298716.0,298776.0,298835.0,298884.0,298935.0,299003.0,299055.0,299118.0,299181.0,299250.0,299325.0,299397.0,299489.0,299566.0,299659.0,299710.0,299786.0,299826.0,299866.0,299900.0,299950.0,300008.0,300057.0,300109.0,300166.0,300208.0,300253.0,300296.0,300328.0,300375.0,300419.0,300466.0,300523.0,300563.0,300608.0,300651.0,300712.0,300772.0,300815.0,300857.0,300913.0,300967.0,301012.0,301055.0,301105.0,301158.0,301193.0,301229.0,301273.0,301322.0,301361.0,301406.0,301439.0,301471.0,301527.0,301588.0,301626.0,301658.0,301707.0,301753.0,301783.0,301814.0,301865.0,301920.0,301942.0,301983.0,302014
2uLV7FDFayg,95815.0,95843.0,95870.0,95887.0,95919.0,95943.0,95980.0,96004.0,96036.0,96062.0,96086.0,96103.0,96123.0,96142.0,96175.0,96218.0,96237.0,96257.0,96284.0,96300.0,96323.0,96345.0,96372.0,96397.0,96410.0,96444.0,96472.0,96486.0,96504.0,96528.0,96548.0,96570.0,96595.0,96611.0,96631.0,96649.0,96670.0,96696.0,96708.0,96729.0,96759.0,96776.0,96787.0,96811.0,96825.0,96838.0,96863.0,96892.0,96915.0,96948.0,96960.0,96984.0,96999.0,97034.0,97056.0,97073.0,97093.0,97124.0,97139.0,97164.0,97178.0,97209.0,97237.0,97274.0,97296.0,97314.0,97332.0,97350.0,97376.0,97404.0,97422.0,97438.0,97461.0,97486.0,97513.0,97537.0,97559.0,97574.0,97597.0,97616.0,97630.0,97641.0,97667.0,97695.0,97718.0,97739.0,97757.0,97769.0,97779.0,97800.0,97827.0,97848.0,97858.0,97875.0,97890.0,97908.0,97922.0,97955.0,97975.0,98000.0,98025.0,98038.0,98064.0,98088.0,98102.0,98125.0,98148.0,98163.0,98174.0,98192.0,98213.0,98229.0,98258.0,98278.0,98308.0,98320.0,98332.0,98353.0,98385.0,98403.0,98428.0,98445.0,98470.0,98490.0,98511.0,98528.0,98550.0,98568.0,98586.0,98610.0,98624.0,98635.0,98656.0,98672.0,,,,,,,,,98855.0,98869.0,98889.0,98914.0,98934.0,98958.0,98975.0,98993.0,99014.0,99032.0,99054.0,99072.0,99097.0,99117.0,99144.0,99163.0,99179.0,99200.0,99221.0,99241.0,99260.0,99270.0,99281.0,99289.0,99309.0,99328.0,99338.0,99353.0,99366.0,99383.0,99400.0,99420.0,99438.0,99456.0,99473.0,99477.0,99502.0,99516.0,99545.0,99564.0,99589.0,99610.0,99617.0,99632.0,99647.0,99668.0,99689.0,99700.0,99719.0,99742.0,99762.0,99778.0,99801.0,99821.0,99843.0,99877.0,99904.0,99921.0,99940.0,99961.0,99978.0,100000.0,100023.0,100047.0,100070.0,100081.0,100105.0,100121.0,100126.0,100145.0,100151.0,100164
SYNMeG6ctPI,5183.0,5183.0,5183.0,5183.0,5183.0,5183.0,5184.0,5184.0,5184.0,5184.0,5184.0,5184.0,5184.0,5184.0,5184.0,5184.0,5184.0,5184.0,5185.0,5186.0,5187.0,5187.0,5187.0,5188.0,5189.0,5189.0,5190.0,5190.0,5190.0,5190.0,5193.0,5193.0,5193.0,5193.0,5193.0,5193.0,5193.0,5193.0,5193.0,5193.0,5193.0,5193.0,5194.0,5196.0,5196.0,5196.0,5196.0,5196.0,5197.0,5197.0,5197.0,5197.0,5197.0,5197.0,5197.0,5199.0,5200.0,5202.0,5202.0,5202.0,5204.0,5206.0,5206.0,5206.0,5206.0,5206.0,5206.0,5206.0,5206.0,5207.0,5207.0,5207.0,5207.0,5207.0,5207.0,5207.0,5207.0,5208.0,5208.0,5208.0,5209.0,5209.0,5209.0,5209.0,5209.0,5209.0,5209.0,5209.0,5209.0,5209.0,5210.0,5210.0,5211.0,5211.0,5211.0,5211.0,5211.0,5211.0,5211.0,5211.0,5212.0,5212.0,5213.0,5213.0,5214.0,5214.0,5214.0,5215.0,5215.0,5215.0,5216.0,5217.0,5217.0,5217.0,5217.0,5217.0,5217.0,5217.0,5218.0,5219.0,5219.0,5219.0,5219.0,5219.0,5219.0,5219.0,5219.0,5219.0,5221.0,5221.0,5223.0,5225.0,5227.0,5227.0,,,,,,,,,5232.0,5232.0,5232.0,5232.0,5238.0,5246.0,5256.0,5267.0,5276.0,5287.0,5308.0,5320.0,5340.0,5367.0,5377.0,5395.0,5417.0,5419.0,5420.0,5421.0,5421.0,5422.0,5423.0,5424.0,5425.0,5427.0,5428.0,5430.0,5430.0,5430.0,5430.0,5430.0,5432.0,5432.0,5433.0,5433.0,5434.0,5434.0,5435.0,5436.0,5439.0,5436.0,5440.0,5440.0,5443.0,5451.0,5452.0,5456.0,5458.0,5458.0,5458.0,5459.0,5461.0,5460.0,5461.0,5462.0,5465.0,5465.0,5466.0,5468.0,5468.0,5469.0,5470.0,5471.0,5472.0,5473.0,5476.0,5477.0,5477.0,5477.0,5479.0,5480
tmLBQSsTSCw,494575.0,494579.0,494583.0,494588.0,494593.0,494603.0,494606.0,494609.0,494612.0,494614.0,494621.0,494624.0,494630.0,494636.0,494642.0,494648.0,494652.0,494660.0,494671.0,494688.0,494698.0,494704.0,494711.0,494719.0,494724.0,494734.0,494738.0,494749.0,494751.0,494761.0,494771.0,494776.0,494785.0,494793.0,494801.0,494810.0,494816.0,494822.0,494834.0,494840.0,494844.0,494848.0,494855.0,494859.0,494861.0,494869.0,494879.0,494881.0,494885.0,494891.0,494895.0,494906.0,494910.0,494916.0,494918.0,494922.0,494926.0,494933.0,494938.0,494942.0,494945.0,494952.0,494960.0,494967.0,494977.0,494981.0,494983.0,494988.0,494994.0,494998.0,495002.0,495007.0,495017.0,495025.0,495030.0,495039.0,495045.0,495052.0,495059.0,495066.0,495068.0,495071.0,495075.0,495081.0,495085.0,495090.0,495094.0,495095.0,495098.0,495099.0,495102.0,495106.0,495111.0,495120.0,495124.0,495126.0,495129.0,495130.0,495131.0,495134.0,495139.0,495149.0,495155.0,495159.0,495170.0,495175.0,495179.0,495179.0,495191.0,495198.0,495203.0,495210.0,495213.0,495220.0,495224.0,495229.0,495236.0,495241.0,495249.0,495256.0,495264.0,495271.0,495273.0,495273.0,495277.0,495284.0,495287.0,495292.0,495299.0,495315.0,495320.0,495323.0,495327.0,495332.0,,,,,,,,,495391.0,495397.0,495399.0,495404.0,495416.0,495427.0,495436.0,495442.0,495451.0,495459.0,495461.0,495466.0,495471.0,495479.0,495483.0,495485.0,495486.0,495489.0,495495.0,495499.0,495502.0,495507.0,495515.0,495517.0,495522.0,495530.0,495532.0,495535.0,495539.0,495549.0,495555.0,495559.0,495567.0,495581.0,495600.0,495617.0,495627.0,495642.0,495657.0,495681.0,495694.0,495706.0,495718.0,495736.0,495753.0,495770.0,495781.0,495785.0,495801.0,495813.0,495820.0,495830.0,495848.0,495854.0,495869.0,495877.0,495888.0,495903.0,495915.0,495923.0,495934.0,495944.0,495955.0,495966.0,495979.0,495991.0,495999.0,496012.0,496025.0,496035.0,496047.0,496051
gPycz-d1tmw,373190.0,373369.0,373669.0,373961.0,374317.0,374771.0,375088.0,375356.0,375620.0,375818.0,376028.0,376218.0,376473.0,376691.0,376925.0,377194.0,377464.0,377644.0,377957.0,378282.0,378640.0,378989.0,379386.0,379672.0,379885.0,380105.0,380362.0,380596.0,380857.0,381089.0,381253.0,381376.0,381542.0,381709.0,381864.0,382065.0,382241.0,382468.0,382609.0,382755.0,382920.0,383070.0,383256.0,383448.0,383623.0,383775.0,383959.0,384151.0,384350.0,384536.0,384753.0,384913.0,385049.0,385167.0,385374.0,385597.0,385799.0,386054.0,386310.0,386522.0,386743.0,386961.0,387280.0,387583.0,387829.0,388045.0,388204.0,388403.0,388573.0,388763.0,388951.0,389127.0,389277.0,389428.0,389633.0,389825.0,389989.0,390187.0,390366.0,390558.0,390741.0,390986.0,391183.0,391431.0,391641.0,391865.0,392054.0,392188.0,392369.0,392585.0,392792.0,392979.0,393173.0,393335.0,393478.0,393666.0,393868.0,394071.0,394292.0,394510.0,394675.0,394848.0,395063.0,395350.0,395600.0,395827.0,396140.0,396341.0,396570.0,396752.0,396973.0,397121.0,397319.0,397531.0,397726.0,397882.0,398111.0,398307.0,398562.0,398805.0,399023.0,399232.0,399392.0,399589.0,399801.0,400039.0,400300.0,400523.0,400714.0,400909.0,401069.0,401326.0,401519.0,401745.0,,,,,,,,,403769.0,403961.0,404215.0,404495.0,404773.0,405064.0,405331.0,405537.0,405844.0,406188.0,406442.0,406735.0,407138.0,407412.0,407699.0,407918.0,408190.0,408449.0,408735.0,409025.0,409229.0,409448.0,409625.0,409890.0,410029.0,410254.0,410465.0,410711.0,410908.0,411044.0,411258.0,411482.0,411682.0,411901.0,412128.0,412327.0,412517.0,412731.0,412915.0,413141.0,413321.0,413523.0,413687.0,413848.0,414026.0,414207.0,414380.0,414608.0,414847.0,415037.0,415222.0,415403.0,415644.0,415947.0,416160.0,416444.0,416631.0,416794.0,416971.0,417164.0,417345.0,417493.0,417620.0,417755.0,417888.0,418032.0,418238.0,418385.0,418521.0,418632.0,418768.0,418896
GHTfCOS6usQ,2313744.0,2314108.0,2314428.0,2314746.0,2315105.0,2315465.0,2315950.0,2316520.0,2316915.0,2317331.0,2317651.0,2318091.0,2318636.0,2319204.0,2319750.0,2320223.0,2320663.0,2321054.0,2321457.0,2321892.0,2322378.0,2322859.0,2323339.0,2323790.0,2324235.0,2324620.0,2325103.0,2325625.0,2326316.0,2326869.0,2327429.0,2327940.0,2328448.0,2328962.0,2329552.0,2330248.0,2330669.0,2331095.0,2331567.0,2332010.0,2332375.0,2332737.0,2333176.0,2333661.0,2334109.0,2334452.0,2334844.0,2335267.0,2335685.0,2336155.0,2336631.0,2337096.0,2337470.0,2337852.0,2338312.0,2338709.0,2339104.0,2339447.0,2339861.0,2340227.0,2340661.0,2340985.0,2341319.0,2341700.0,2342091.0,2342438.0,2342733.0,2343047.0,2343322.0,2343756.0,2344064.0,2344392.0,2344730.0,2345035.0,2345374.0,2345672.0,2346047.0,2346443.0,2346800.0,2347051.0,2347383.0,2347667.0,2348050.0,2348428.0,2348792.0,2349140.0,2349455.0,2349753.0,2350080.0,2350437.0,2350776.0,2351138.0,2351516.0,2351869.0,2352240.0,2352581.0,2352978.0,2353360.0,2353679.0,2354042.0,2354355.0,2354637.0,2354973.0,2355308.0,2355605.0,2355962.0,2356402.0,2356730.0,2357109.0,2357445.0,2357807.0,2358160.0,2358523.0,2358922.0,2359257.0,2359529.0,2359850.0,2360141.0,2360473.0,2360870.0,2361204.0,2361527.0,2361768.0,2362109.0,2362435.0,2362780.0,2363089.0,2363450.0,2363720.0,2363954.0,2364231.0,2364566.0,2364925.0,2365192.0,,,,,,,,,2368283.0,2368641.0,2368992.0,2369426.0,2369757.0,2370110.0,2370389.0,2370656.0,2371159.0,2371828.0,2372553.0,2373343.0,2374122.0,2374865.0,2375385.0,2375795.0,2376201.0,2376760.0,2377232.0,2377648.0,2378067.0,2378402.0,2378742.0,2379189.0,2379599.0,2380042.0,2380470.0,2380859.0,2381174.0,2381520.0,2381829.0,2382211.0,2382598.0,2383083.0,2383442.0,2383789.0,2384106.0,2384564.0,2385046.0,2385537.0,2385980.0,2386387.0,2386709.0,2387084.0,2387469.0,2387800.0,2388164.0,2388654.0,2389084.0,2389615.0,2389977.0,2390332.0,2390715.0,2391029.0,2391396.0,2391741.0,2392081.0,2392402.0,2392714.0,2393079.0,2393375.0,2393646.0,2393915.0,2394175.0,2394420.0,2394742.0,2395100.0,2395399.0,2395562.0,2395781.0,2396014.0,2396267
7oC_LRiBBjs,2492994.0,2493607.0,2494263.0,2494820.0,2495558.0,2496310.0,2496927.0,2497713.0,2498515.0,2499505.0,2500302.0,2500991.0,2501903.0,2502622.0,2503478.0,2504246.0,2504937.0,2505440.0,2506184.0,2506989.0,2507673.0,2508422.0,2509201.0,2509920.0,2510540.0,2511288.0,2511987.0,2512793.0,2513449.0,2514063.0,2514704.0,2515257.0,2515967.0,2516685.0,2517438.0,2518138.0,2518814.0,2519559.0,2520148.0,2520942.0,2521669.0,2522320.0,2522929.0,2523659.0,2524259.0,2524880.0,2525695.0,2526497.0,2527186.0,2527741.0,2528305.0,2528713.0,2529194.0,2529611.0,2530086.0,2530550.0,2530968.0,2531362.0,2531763.0,2532183.0,2532683.0,2533185.0,2533647.0,2534122.0,2534456.0,2534814.0,2535128.0,2535506.0,2535817.0,2536290.0,2536705.0,2537137.0,2537514.0,2537857.0,2538253.0,2538648.0,2539037.0,2539443.0,2539871.0,2540323.0,2540649.0,2541080.0,2541486.0,2541998.0,2542466.0,2542967.0,2543412.0,2543852.0,2544348.0,2544798.0,2545310.0,2545809.0,2546204.0,2546658.0,2547011.0,2547437.0,2547886.0,2548338.0,2548700.0,2549168.0,2549594.0,2549956.0,2550432.0,2550843.0,2551278.0,2551673.0,2552060.0,2552383.0,2552711.0,2553108.0,2553463.0,2553951.0,2554389.0,2554837.0,2555260.0,2555616.0,2556028.0,2556453.0,2556915.0,2557408.0,2557887.0,2558236.0,2558549.0,2559010.0,2559443.0,2559858.0,2560309.0,2560742.0,2561155.0,2561485.0,2561813.0,2562186.0,2562585.0,2562948.0,,,,,,,,,2567379.0,2567796.0,2568382.0,2569058.0,2569700.0,2570278.0,2570925.0,2571778.0,2572781.0,2573782.0,2574747.0,2575704.0,2576618.0,2577393.0,2578008.0,2578713.0,2579427.0,2580060.0,2580894.0,2581610.0,2582248.0,2582949.0,2583495.0,2584079.0,2584802.0,2585487.0,2586096.0,2586738.0,2587266.0,2587800.0,2588383.0,2589062.0,2589680.0,2590349.0,2590894.0,2591562.0,2592035.0,2592630.0,2593177.0,2593802.0,2594369.0,2594772.0,2595332.0,2595735.0,2596270.0,2596772.0,2597305.0,2597862.0,2598368.0,2598891.0,2599337.0,2599975.0,2600552.0,2601039.0,2601408.0,2601845.0,2602258.0,2602604.0,2603014.0,2603503.0,2603899.0,2604238.0,2604523.0,2604800.0,2605055.0,2605485.0,2605858.0,2606147.0,2606376.0,2606645.0,2606940.0,2607236
lPeunTT3Hfs,5278185.0,5279292.0,5280300.0,5281098.0,5282131.0,5283309.0,5284422.0,5285356.0,5286399.0,5287305.0,5288111.0,5289006.0,5290025.0,5291070.0,5292208.0,5293275.0,5294181.0,5295071.0,5296096.0,5297135.0,5298188.0,5299152.0,5300151.0,5301099.0,5301853.0,5302760.0,5303703.0,5304730.0,5305654.0,5306737.0,5307622.0,5308484.0,5309424.0,5310389.0,5311652.0,5312700.0,5313696.0,5314662.0,5315472.0,5316460.0,5317519.0,5318446.0,5319491.0,5320592.0,5321458.0,5322348.0,5323165.0,5324113.0,5325022.0,5325844.0,5326783.0,5327467.0,5328043.0,5328734.0,5329389.0,5330032.0,5330681.0,5331360.0,5331918.0,5332482.0,5333110.0,5333724.0,5334357.0,5335048.0,5335663.0,5336319.0,5336771.0,5337261.0,5337821.0,5338504.0,5339078.0,5339824.0,5340435.0,5340936.0,5341545.0,5342211.0,5342847.0,5343517.0,5344146.0,5344652.0,5345250.0,5345902.0,5346560.0,5347273.0,5347975.0,5348637.0,5349334.0,5350022.0,5350876.0,5351770.0,5352552.0,5353326.0,5354024.0,5354708.0,5355310.0,5355977.0,5356662.0,5357335.0,5358114.0,5358788.0,5359763.0,5360606.0,5361510.0,5362418.0,5363268.0,5364098.0,5364992.0,5365850.0,5366737.0,5367518.0,5368284.0,5369101.0,5369924.0,5370811.0,5371709.0,5372479.0,5373387.0,5374158.0,5375105.0,5375840.0,5376669.0,5377435.0,5378066.0,5378883.0,5379749.0,5380593.0,5381392.0,5382113.0,5383070.0,5383878.0,5384611.0,5385329.0,5386294.0,5387016.0,,,,,,,,,5394482.0,5395206.0,5396171.0,5397280.0,5398311.0,5399319.0,5400414.0,5401404.0,5402498.0,5403803.0,5405010.0,5406171.0,5407349.0,5408675.0,5409826.0,5410789.0,5411853.0,5412769.0,5413776.0,5414780.0,5415553.0,5416318.0,5416997.0,5417579.0,5418447.0,5419134.0,5419859.0,5420575.0,5421144.0,5421689.0,5422332.0,5423091.0,5423747.0,5424389.0,5425026.0,5425609.0,5426108.0,5426693.0,5427314.0,5427916.0,5428563.0,5429107.0,5429575.0,5430117.0,5430639.0,5431136.0,5431703.0,5432373.0,5432952.0,5433453.0,5433923.0,5434492.0,5435021.0,5435631.0,5436241.0,5436838.0,5437292.0,5437757.0,5438408.0,5438996.0,5439489.0,5440079.0,5440602.0,5441082.0,5441559.0,5442073.0,5442544.0,5443039.0,5443387.0,5443808.0,5444251.0,5444699
yOKyq8ubPDs,457364.0,457380.0,457389.0,457404.0,457421.0,457435.0,457454.0,457479.0,457498.0,457521.0,457539.0,457552.0,457559.0,457582.0,457601.0,457624.0,457651.0,457660.0,457677.0,457697.0,457710.0,457726.0,457737.0,457759.0,457774.0,457791.0,457814.0,457833.0,457852.0,457876.0,457898.0,457924.0,457944.0,457968.0,457987.0,458007.0,458024.0,458045.0,458072.0,458086.0,458103.0,458122.0,458159.0,458185.0,458231.0,458271.0,458311.0,458340.0,458361.0,458376.0,458391.0,458407.0,458429.0,458449.0,458466.0,458486.0,458503.0,458524.0,458552.0,458575.0,458590.0,458615.0,458626.0,458648.0,458664.0,458680.0,458699.0,458719.0,458732.0,458753.0,458771.0,458791.0,458809.0,458822.0,458834.0,458849.0,458861.0,458880.0,458902.0,458921.0,458938.0,458952.0,458973.0,458993.0,459019.0,459041.0,459059.0,459066.0,459077.0,459089.0,459112.0,459137.0,459154.0,459171.0,459190.0,459206.0,459221.0,459236.0,459259.0,459270.0,459276.0,459289.0,459304.0,459320.0,459333.0,459343.0,459356.0,459372.0,459383.0,459404.0,459419.0,459445.0,459463.0,459477.0,459493.0,459517.0,459536.0,459553.0,459572.0,459590.0,459604.0,459622.0,459637.0,459652.0,459660.0,459671.0,459685.0,459702.0,459722.0,459741.0,459752.0,459763.0,459767.0,459782.0,,,,,,,,,459922.0,459934.0,459949.0,459964.0,459973.0,459987.0,460003.0,460018.0,460030.0,460039.0,460055.0,460083.0,460105.0,460122.0,460145.0,460158.0,460166.0,460180.0,460195.0,460212.0,460233.0,460252.0,460267.0,460291.0,460314.0,460341.0,460351.0,460364.0,460382.0,460400.0,460428.0,460444.0,460453.0,460464.0,460484.0,460493.0,460506.0,460524.0,460535.0,460562.0,460586.0,460610.0,460664.0,460701.0,460741.0,460768.0,460788.0,460804.0,460830.0,460847.0,460861.0,460882.0,460909.0,460937.0,460954.0,460975.0,460992.0,461016.0,461037.0,461050.0,461067.0,461080.0,461093.0,461111.0,461127.0,461134.0,461148.0,461157.0,461167.0,461176.0,461199.0,461211
0kUPSYm8pNE,3158894.0,3159012.0,3159138.0,3159254.0,3159344.0,3159461.0,3159584.0,3159736.0,3159871.0,3159983.0,3160108.0,3160210.0,3160341.0,3160463.0,3160619.0,3160767.0,3160885.0,3161000.0,3161140.0,3161277.0,3161395.0,3161549.0,3161668.0,3161776.0,3161883.0,3162015.0,3162143.0,3162263.0,3162398.0,3162536.0,3162647.0,3162763.0,3162898.0,3162986.0,3163103.0,3163199.0,3163314.0,3163414.0,3163519.0,3163645.0,3163792.0,3163902.0,3164042.0,3164144.0,3164282.0,3164411.0,3164536.0,3164689.0,3164802.0,3164961.0,3165083.0,3165192.0,3165282.0,3165387.0,3165486.0,3165613.0,3165731.0,3165804.0,3165923.0,3166015.0,3166130.0,3166249.0,3166390.0,3166500.0,3166610.0,3166709.0,3166835.0,3166944.0,3167030.0,3167138.0,3167241.0,3167354.0,3167464.0,3167539.0,3167636.0,3167735.0,3167838.0,3167961.0,3168065.0,3168202.0,3168293.0,3168396.0,3168486.0,3168596.0,3168714.0,3168824.0,3168923.0,3168998.0,3169108.0,3169205.0,3169290.0,3169385.0,3169488.0,3169604.0,3169702.0,3169822.0,3169941.0,3170042.0,3170151.0,3170244.0,3170338.0,3170416.0,3170516.0,3170618.0,3170717.0,3170811.0,3170926.0,3171040.0,3171140.0,3171234.0,3171335.0,3171435.0,3171553.0,3171666.0,3171776.0,3171875.0,3171977.0,3172084.0,3172204.0,3172334.0,3172462.0,3172588.0,3172696.0,3172792.0,3172890.0,3172980.0,3173089.0,3173171.0,3173281.0,3173390.0,3173515.0,3173622.0,3173706.0,3173796.0,,,,,,,,,3174641.0,3174732.0,3174805.0,3174892.0,3174976.0,3175068.0,3175157.0,3175240.0,3175335.0,3175419.0,3175523.0,3175603.0,3175716.0,3175816.0,3175901.0,3176005.0,3176122.0,3176216.0,3176298.0,3176378.0,3176476.0,3176570.0,3176648.0,3176707.0,3176788.0,3176870.0,3176977.0,3177076.0,3177170.0,3177270.0,3177361.0,3177444.0,3177573.0,3177645.0,3177773.0,3177889.0,3177957.0,3178062.0,3178175.0,3178266.0,3178362.0,3178441.0,3178556.0,3178653.0,3178741.0,3178849.0,3178937.0,3179050.0,3179175.0,3179284.0,3179374.0,3179476.0,3179574.0,3179669.0,3179790.0,3179853.0,3179983.0,3180085.0,3180226.0,3180327.0,3180469.0,3180577.0,3180670.0,3180762.0,3180855.0,3181006.0,3181120.0,3181254.0,3181385.0,3181517.0,3181625.0,3181751
gFb1TftvdoM,25001039.0,25002500.0,25004239.0,25005984.0,25007755.0,25009524.0,25011217.0,25013126.0,25015151.0,25017146.0,25019147.0,25021006.0,25023197.0,25025435.0,25027870.0,25030081.0,25032362.0,25034460.0,25036298.0,25038369.0,25040281.0,25042517.0,25044900.0,25046786.0,25048564.0,25050293.0,25051984.0,25053771.0,25055525.0,25057251.0,25059056.0,25060826.0,25062612.0,25064383.0,25066149.0,25067851.0,25069617.0,25071268.0,25073242.0,25075419.0,25077369.0,25079197.0,25080895.0,25082713.0,25084426.0,25086222.0,25087902.0,25089667.0,25091336.0,25092780.0,25094138.0,25095478.0,25096742.0,25097986.0,25099370.0,25100795.0,25102200.0,25103516.0,25104874.0,25106206.0,25107574.0,25108981.0,25110566.0,25112002.0,25113400.0,25114922.0,25116272.0,25117670.0,25118958.0,25120763.0,25122161.0,25123670.0,25124992.0,25126201.0,25127386.0,25128687.0,25130035.0,25131504.0,25132952.0,25134369.0,25136453.0,25137680.0,25138871.0,25140075.0,25141240.0,25142526.0,25143771.0,25144988.0,25146039.0,25147081.0,25148114.0,25149121.0,25150417.0,25151757.0,25153032.0,25154274.0,25155519.0,25156788.0,25158102.0,25159415.0,25160821.0,25162235.0,25163493.0,25164716.0,25166038.0,25167365.0,25168627.0,25169970.0,25171348.0,25172661.0,25174024.0,25175511.0,25177066.0,25178798.0,25180672.0,25182575.0,25184430.0,25186679.0,25188722.0,25190743.0,25192900.0,25195219.0,25197414.0,25199281.0,25201176.0,25203358.0,25205260.0,25207357.0,25209648.0,25211592.0,25213124.0,25214456.0,25215777.0,25217128.0,,,,,,,,,25227334.0,25228542.0,25229634.0,25230664.0,25231696.0,25232777.0,25233753.0,25234846.0,25236074.0,25237168.0,25238216.0,25239308.0,25240513.0,25241811.0,25243158.0,25244427.0,25245554.0,25246595.0,25247613.0,25248735.0,25249746.0,25250940.0,25251941.0,25252854.0,25253916.0,25254988.0,25256198.0,25257279.0,25258367.0,25259498.0,25260501.0,25261420.0,25262451.0,25263430.0,25264360.0,25265421.0,25266457.0,25267446.0,25268521.0,25269603.0,25270670.0,25271727.0,25272682.0,25273656.0,25274597.0,25275517.0,25276461.0,25277447.0,25278430.0,25279471.0,25280415.0,25281412.0,25282409.0,25283369.0,25284327.0,25285348.0,25286350.0,25287424.0,25288418.0,25289446.0,25290540.0,25291440.0,25292440.0,25293431.0,25294383.0,25295378.0,25296346.0,25297429.0,25298793.0,25300300.0,25301812.0,25303256
8aEYeEKg9zM,9249441.0,9251299.0,9253372.0,9255467.0,9257531.0,9259702.0,9261758.0,9263903.0,9266267.0,9268579.0,9270936.0,9273189.0,9275393.0,9277687.0,9280232.0,9282702.0,9285229.0,9287709.0,9290041.0,9292406.0,9294735.0,9297072.0,9299332.0,9301397.0,9303315.0,9305046.0,9307226.0,9309246.0,9311303.0,9313500.0,9315558.0,9317286.0,9319206.0,9321187.0,9323137.0,9325260.0,9327290.0,9329207.0,9331025.0,9332860.0,9334665.0,9336407.0,9338206.0,9340259.0,9342710.0,9344877.0,9347093.0,9349279.0,9351292.0,9353332.0,9355164.0,9357008.0,9358602.0,9360359.0,9362158.0,9364036.0,9366187.0,9368265.0,9370270.0,9372148.0,9374179.0,9376199.0,9378339.0,9380167.0,9382006.0,9383716.0,9385284.0,9386822.0,9388230.0,9390125.0,9391976.0,9393731.0,9395446.0,9396961.0,9398385.0,9400038.0,9401832.0,9403637.0,9405505.0,9407325.0,9409087.0,9410715.0,9412410.0,9414203.0,9415931.0,9417778.0,9419560.0,9421195.0,9422746.0,9424204.0,9425645.0,9427100.0,9428730.0,9430363.0,9431667.0,9433225.0,9434737.0,9436178.0,9437617.0,9439232.0,9440807.0,9442211.0,9443610.0,9445006.0,9446394.0,9447830.0,9449263.0,9450677.0,9452097.0,9453632.0,9455159.0,9456689.0,9458093.0,9459649.0,9461149.0,9462521.0,9464062.0,9465726.0,9467248.0,9468709.0,9470167.0,9471624.0,9473022.0,9474407.0,9475772.0,9477203.0,9478638.0,9480076.0,9481581.0,9482976.0,9484378.0,9485907.0,9487435.0,9489006.0,,,,,,,,,9502587.0,9504244.0,9505685.0,9507136.0,9508524.0,9509884.0,9511141.0,9512339.0,9513740.0,9514976.0,9516324.0,9517539.0,9518972.0,9520294.0,9521554.0,9522745.0,9523908.0,9525219.0,9526364.0,9527544.0,9528795.0,9530183.0,9531380.0,9532511.0,9533704.0,9534948.0,9536181.0,9537438.0,9538651.0,9539852.0,9540992.0,9542170.0,9543261.0,9544549.0,9545827.0,9547020.0,9548193.0,9549421.0,9550788.0,9552155.0,9553359.0,9554543.0,9555807.0,9556933.0,9558123.0,9559590.0,9560903.0,9562233.0,9563603.0,9564837.0,9565979.0,9567127.0,9568367.0,9569680.0,9570822.0,9571834.0,9573244.0,9574457.0,9575662.0,9577028.0,9578471.0,9579691.0,9580766.0,9581784.0,9582815.0,9584022.0,9585141.0,9586293.0,9587405.0,9588561.0,9589839.0,9591076
lczozmrpca8,1940921.0,1941063.0,1941223.0,1941344.0,1941497.0,1941622.0,1941755.0,1941933.0,1942098.0,1942220.0,1942356.0,1942513.0,1942702.0,1942877.0,1943058.0,1943264.0,1943471.0,1943625.0,1943803.0,1943994.0,1944187.0,1944388.0,1944540.0,1944668.0,1944774.0,1944928.0,1945110.0,1945255.0,1945397.0,1945540.0,1945672.0,1945782.0,1945931.0,1946050.0,1946162.0,1946306.0,1946445.0,1946615.0,1946742.0,1946885.0,1946997.0,1947172.0,1947331.0,1947514.0,1947646.0,1947771.0,1947924.0,1948059.0,1948177.0,1948330.0,1948451.0,1948613.0,1948716.0,1948827.0,1948953.0,1949086.0,1949278.0,1949439.0,1949579.0,1949687.0,1949852.0,1950027.0,1950196.0,1950328.0,1950485.0,1950602.0,1950718.0,1950830.0,1950941.0,1951105.0,1951208.0,1951344.0,1951450.0,1951550.0,1951655.0,1951811.0,1951935.0,1952054.0,1952175.0,1952326.0,1952449.0,1952557.0,1952668.0,1952766.0,1952897.0,1953017.0,1953154.0,1953238.0,1953352.0,1953447.0,1953533.0,1953624.0,1953739.0,1953851.0,1953952.0,1954081.0,1954164.0,1954241.0,1954354.0,1954469.0,1954567.0,1954666.0,1954787.0,1954895.0,1955004.0,1955104.0,1955201.0,1955319.0,1955405.0,1955478.0,1955566.0,1955665.0,1955779.0,1955898.0,1956002.0,1956110.0,1956203.0,1956291.0,1956397.0,1956519.0,1956600.0,1956682.0,1956782.0,1956893.0,1956986.0,1957082.0,1957170.0,1957258.0,1957348.0,1957437.0,1957535.0,1957624.0,1957734.0,1957842.0,,,,,,,,,1958765.0,1958861.0,1958948.0,1959036.0,1959118.0,1959221.0,1959329.0,1959435.0,1959529.0,1959612.0,1959708.0,1959783.0,1959871.0,1959944.0,1960024.0,1960104.0,1960204.0,1960293.0,1960398.0,1960514.0,1960599.0,1960664.0,1960747.0,1960823.0,1960902.0,1960978.0,1961056.0,1961145.0,1961231.0,1961314.0,1961400.0,1961496.0,1961575.0,1961664.0,1961765.0,1961847.0,1961953.0,1962068.0,1962172.0,1962233.0,1962324.0,1962440.0,1962527.0,1962622.0,1962717.0,1962829.0,1962936.0,1963024.0,1963138.0,1963238.0,1963336.0,1963427.0,1963532.0,1963647.0,1963750.0,1963852.0,1963949.0,1964037.0,1964149.0,1964272.0,1964385.0,1964494.0,1964584.0,1964643.0,1964728.0,1964803.0,1964912.0,1965005.0,1965067.0,1965155.0,1965264.0,1965391
xAm5ABkoDHg,15600.0,15608.0,15613.0,15619.0,15623.0,15636.0,15648.0,15659.0,15674.0,15680.0,15694.0,15700.0,15712.0,15723.0,15735.0,15755.0,15793.0,15800.0,15809.0,15827.0,15830.0,15845.0,15855.0,15863.0,15871.0,15877.0,15889.0,15898.0,15914.0,15928.0,15935.0,15937.0,15948.0,15958.0,15967.0,15980.0,15988.0,15996.0,16008.0,16020.0,16029.0,16035.0,16049.0,16066.0,16074.0,16077.0,16094.0,16103.0,16111.0,16123.0,16134.0,16145.0,16149.0,16167.0,16179.0,16186.0,16196.0,16203.0,16205.0,16207.0,16213.0,16219.0,16224.0,16232.0,16239.0,16251.0,16256.0,16265.0,16271.0,16283.0,16293.0,16305.0,16310.0,16314.0,16321.0,16326.0,16334.0,16341.0,16347.0,16353.0,16359.0,16365.0,16374.0,16382.0,16385.0,16394.0,16396.0,16404.0,16412.0,16421.0,16424.0,16432.0,16441.0,16444.0,16448.0,16454.0,16468.0,16474.0,16485.0,16494.0,16500.0,16506.0,16514.0,16520.0,16532.0,16538.0,16543.0,16549.0,16554.0,16558.0,16562.0,16568.0,16575.0,16578.0,16580.0,16582.0,16583.0,16587.0,16590.0,16597.0,16600.0,16602.0,16607.0,16609.0,16611.0,16613.0,16621.0,16627.0,16629.0,16631.0,16632.0,16637.0,16644.0,16646.0,,,,,,,,,16703.0,16707.0,16709.0,16712.0,16721.0,16726.0,16728.0,16733.0,16734.0,16737.0,16753.0,16763.0,16767.0,16775.0,16782.0,16790.0,16795.0,16800.0,16806.0,16810.0,16814.0,16816.0,16818.0,16823.0,16826.0,16830.0,16833.0,16839.0,16842.0,16843.0,16843.0,16847.0,16851.0,16857.0,16860.0,16865.0,16865.0,16871.0,16874.0,16882.0,16885.0,16888.0,16891.0,16896.0,16900.0,16903.0,16911.0,16917.0,16921.0,16922.0,16925.0,16927.0,16934.0,16937.0,16947.0,16950.0,16956.0,16959.0,16962.0,16963.0,16969.0,16973.0,16975.0,16978.0,16981.0,16984.0,16989.0,16996.0,17003.0,17005.0,17012.0,17016
hEj4QAVGWvQ,238094.0,238111.0,238125.0,238135.0,238157.0,238174.0,238187.0,238202.0,238210.0,238217.0,238219.0,238220.0,238228.0,238233.0,238245.0,238260.0,238275.0,238280.0,238291.0,238301.0,238305.0,238312.0,238318.0,238324.0,238332.0,238344.0,238350.0,238361.0,238369.0,238374.0,238383.0,238393.0,238398.0,238414.0,238424.0,238432.0,238450.0,238471.0,238487.0,238505.0,238518.0,238545.0,238568.0,238578.0,238589.0,238599.0,238621.0,238634.0,238645.0,238656.0,238666.0,238677.0,238687.0,238700.0,238708.0,238717.0,238732.0,238744.0,238750.0,238758.0,238770.0,238781.0,238791.0,238804.0,238817.0,238823.0,238841.0,238858.0,238865.0,238888.0,238897.0,238907.0,238928.0,238940.0,238948.0,238955.0,238976.0,238989.0,238994.0,239004.0,239021.0,239031.0,239034.0,239047.0,239062.0,239074.0,239092.0,239101.0,239112.0,239122.0,239131.0,239148.0,239153.0,239164.0,239187.0,239206.0,239215.0,239220.0,239230.0,239243.0,239249.0,239260.0,239270.0,239286.0,239299.0,239316.0,239324.0,239353.0,239375.0,239395.0,239410.0,239434.0,239460.0,239470.0,239490.0,239502.0,239525.0,239540.0,239558.0,239577.0,239599.0,239617.0,239642.0,239664.0,239681.0,239694.0,239713.0,239730.0,239746.0,239758.0,239771.0,239783.0,239794.0,239820.0,,,,,,,,,240008.0,240032.0,240063.0,240095.0,240136.0,240166.0,240199.0,240228.0,240262.0,240275.0,240302.0,240330.0,240369.0,240388.0,240416.0,240442.0,240477.0,240501.0,240526.0,240560.0,240590.0,240603.0,240620.0,240652.0,240689.0,240710.0,240762.0,240785.0,240818.0,240843.0,240870.0,240905.0,240931.0,240977.0,241032.0,241058.0,241117.0,241158.0,241228.0,241285.0,241343.0,241383.0,241425.0,241468.0,241512.0,241558.0,241607.0,241647.0,241673.0,241702.0,241753.0,241795.0,241820.0,241868.0,241909.0,241957.0,241994.0,242025.0,242066.0,242113.0,242141.0,242202.0,242247.0,242304.0,242338.0,242384.0,242421.0,242451.0,242487.0,242529.0,242566.0,242603
td7XhNHJfCM,202828.0,202884.0,202949.0,202997.0,203040.0,203077.0,203121.0,203178.0,203218.0,203250.0,203300.0,203328.0,203373.0,203407.0,203429.0,203468.0,203531.0,203569.0,203606.0,203646.0,203686.0,203714.0,203746.0,203782.0,203804.0,203838.0,203860.0,203889.0,203911.0,203934.0,203960.0,203982.0,204014.0,204041.0,204072.0,204122.0,204159.0,204209.0,204241.0,204267.0,204321.0,204357.0,204389.0,204434.0,204473.0,204504.0,204542.0,204588.0,204640.0,204681.0,204707.0,204729.0,204755.0,204788.0,204824.0,204847.0,204882.0,204894.0,204933.0,204972.0,205012.0,205041.0,205077.0,205120.0,205158.0,205187.0,205217.0,205263.0,205308.0,205339.0,205362.0,205404.0,205434.0,205472.0,205503.0,205538.0,205580.0,205607.0,205632.0,205674.0,205706.0,205723.0,205758.0,205801.0,205842.0,205884.0,205908.0,205961.0,205999.0,206037.0,206081.0,206107.0,206148.0,206200.0,206228.0,206284.0,206326.0,206371.0,206406.0,206457.0,206516.0,206566.0,206623.0,206673.0,206731.0,206787.0,206845.0,206910.0,206942.0,207013.0,207061.0,207097.0,207144.0,207198.0,207242.0,207275.0,207339.0,207392.0,207453.0,207503.0,207556.0,207608.0,207652.0,207688.0,207729.0,207798.0,207852.0,207893.0,207965.0,207999.0,208062.0,208108.0,208176.0,208214.0,,,,,,,,,208779.0,208833.0,208889.0,208934.0,208991.0,209043.0,209089.0,209150.0,209198.0,209257.0,209309.0,209382.0,209456.0,209520.0,209610.0,209669.0,209720.0,209789.0,209839.0,209885.0,209935.0,209984.0,210034.0,210075.0,210137.0,210214.0,210276.0,210341.0,210397.0,210461.0,210524.0,210608.0,210679.0,210774.0,210822.0,210917.0,210982.0,211127.0,211226.0,211300.0,211380.0,211457.0,211517.0,211599.0,211666.0,211748.0,211805.0,211881.0,211933.0,212002.0,212058.0,212140.0,212201.0,212272.0,212329.0,212399.0,212453.0,212503.0,212572.0,212653.0,212710.0,212779.0,212857.0,212931.0,212994.0,213054.0,213125.0,213201.0,213252.0,213310.0,213363.0,213394
I5emonwZ8Sc,213019.0,213071.0,213133.0,213178.0,213213.0,213266.0,213320.0,213361.0,213400.0,213440.0,213466.0,213512.0,213568.0,213605.0,213646.0,213687.0,213718.0,213765.0,213829.0,213875.0,213918.0,213994.0,214042.0,214077.0,214110.0,214148.0,214196.0,214237.0,214305.0,214349.0,214397.0,214422.0,214479.0,214519.0,214553.0,214604.0,214645.0,214681.0,214720.0,214769.0,214833.0,214872.0,214963.0,215014.0,215054.0,215084.0,215125.0,215177.0,215247.0,215290.0,215325.0,215347.0,215390.0,215444.0,215482.0,215516.0,215565.0,215614.0,215674.0,215723.0,215755.0,215819.0,215852.0,215897.0,215956.0,215986.0,216026.0,216061.0,216112.0,216194.0,216219.0,216250.0,216299.0,216351.0,216391.0,216440.0,216497.0,216549.0,216615.0,216666.0,216731.0,216786.0,216852.0,216908.0,216931.0,216990.0,217048.0,217099.0,217170.0,217227.0,217258.0,217295.0,217369.0,217428.0,217481.0,217549.0,217621.0,217666.0,217737.0,217815.0,217877.0,217947.0,218016.0,218080.0,218150.0,218205.0,218265.0,218331.0,218377.0,218427.0,218495.0,218546.0,218612.0,218675.0,218745.0,218792.0,218847.0,218906.0,218986.0,219032.0,219118.0,219188.0,219265.0,219340.0,219417.0,219480.0,219558.0,219626.0,219700.0,219777.0,219844.0,219911.0,220007.0,220066.0,,,,,,,,,220923.0,220957.0,221011.0,221078.0,221148.0,221209.0,221277.0,221318.0,221425.0,221500.0,221591.0,221682.0,221798.0,221881.0,221963.0,222029.0,222113.0,222212.0,222309.0,222396.0,222456.0,222503.0,222555.0,222630.0,222716.0,222806.0,222880.0,222945.0,223028.0,223106.0,223170.0,223241.0,223332.0,223437.0,223529.0,223605.0,223673.0,223766.0,223838.0,223904.0,224012.0,224089.0,224177.0,224229.0,224316.0,224408.0,224499.0,224586.0,224677.0,224746.0,224820.0,224918.0,225016.0,225099.0,225160.0,225250.0,225319.0,225413.0,225496.0,225543.0,225635.0,225707.0,225768.0,225830.0,225891.0,225951.0,226011.0,226063.0,226095.0,226160.0,226208.0,226268
wRYVL6CGC8I,284636.0,284682.0,284723.0,284779.0,284833.0,284874.0,284917.0,284959.0,285002.0,285039.0,285057.0,285104.0,285154.0,285197.0,285246.0,285329.0,285404.0,285463.0,285647.0,285864.0,286012.0,286154.0,286333.0,286506.0,286688.0,286852.0,287065.0,287274.0,287450.0,287670.0,287891.0,288025.0,288384.0,288411.0,288595.0,288758.0,288956.0,289079.0,289239.0,289374.0,289530.0,289707.0,289895.0,290052.0,290302.0,290442.0,290623.0,290838.0,291076.0,291271.0,291415.0,291566.0,291705.0,291881.0,292041.0,292191.0,292422.0,292633.0,292806.0,292983.0,293146.0,293338.0,293482.0,293582.0,293663.0,293775.0,293944.0,294043.0,294168.0,294392.0,294501.0,294601.0,294738.0,294897.0,294959.0,295103.0,295245.0,295345.0,295449.0,295613.0,295746.0,295901.0,296027.0,296216.0,296283.0,296455.0,296605.0,296756.0,296964.0,297150.0,297245.0,297355.0,297535.0,297733.0,297833.0,298123.0,298253.0,298452.0,298595.0,298764.0,298938.0,299056.0,299202.0,299342.0,299470.0,299616.0,299742.0,299860.0,299977.0,300093.0,300206.0,300306.0,300507.0,300621.0,300756.0,300880.0,301014.0,301149.0,301303.0,301436.0,301566.0,301706.0,301868.0,301982.0,302127.0,302245.0,302393.0,302511.0,302647.0,302791.0,302904.0,303025.0,303178.0,303323.0,,,,,,,,,304687.0,304839.0,304978.0,305091.0,305201.0,305342.0,305454.0,305572.0,305744.0,305890.0,306027.0,306162.0,306382.0,306531.0,306667.0,306848.0,306983.0,307139.0,307328.0,307489.0,307623.0,307722.0,307844.0,308021.0,308222.0,308402.0,308500.0,308654.0,308781.0,308904.0,309044.0,309196.0,309328.0,309477.0,309630.0,309735.0,309880.0,310033.0,310185.0,310318.0,310486.0,310635.0,310797.0,310912.0,311065.0,311225.0,311420.0,311596.0,311779.0,311971.0,312102.0,312285.0,312449.0,312622.0,312728.0,312903.0,313015.0,313158.0,313313.0,313452.0,313595.0,313724.0,313851.0,313986.0,314100.0,314230.0,314356.0,314489.0,314567.0,314696.0,314803.0,314924
oQqNSdMRfIQ,972290.0,972567.0,972867.0,973071.0,973395.0,973697.0,973979.0,974311.0,974711.0,975020.0,975314.0,975709.0,976112.0,976509.0,976823.0,977129.0,977436.0,977745.0,978073.0,978332.0,978695.0,979073.0,979493.0,979845.0,980235.0,980638.0,981070.0,981485.0,981924.0,982387.0,982675.0,983030.0,983402.0,983720.0,984118.0,984544.0,984856.0,985123.0,985429.0,985785.0,986176.0,986541.0,986977.0,987295.0,987607.0,987854.0,988182.0,988479.0,988790.0,989179.0,989534.0,989753.0,989971.0,990260.0,990596.0,990930.0,991280.0,991583.0,991844.0,992147.0,992404.0,992754.0,993321.0,993807.0,994128.0,994553.0,994902.0,995314.0,995658.0,996200.0,996686.0,996992.0,997475.0,997965.0,998326.0,998812.0,999171.0,999621.0,1000034.0,1000381.0,1000749.0,1001141.0,1001599.0,1002028.0,1002408.0,1002803.0,1003148.0,1003503.0,1003986.0,1004452.0,1004774.0,1005098.0,1005487.0,1005886.0,1006285.0,1006651.0,1007043.0,1007490.0,1007877.0,1008325.0,1008714.0,1009073.0,1009471.0,1009937.0,1010309.0,1010907.0,1011369.0,1011761.0,1012137.0,1012590.0,1013110.0,1013663.0,1014171.0,1014724.0,1015203.0,1016688.0,1017826.0,1018087.0,1018716.0,1019314.0,1020106.0,1020617.0,1021262.0,1021752.0,1022299.0,1022927.0,1023826.0,1024521.0,1025012.0,1025620.0,1026282.0,1026817.0,1027583.0,1027958.0,,,,,,,,,1031955.0,1032345.0,1032672.0,1033047.0,1033463.0,1033790.0,1034114.0,1034405.0,1034743.0,1035051.0,1035393.0,1035696.0,1036127.0,1036478.0,1036854.0,1037206.0,1037531.0,1037927.0,1038262.0,1038638.0,1039002.0,1039261.0,1039514.0,1039898.0,1040272.0,1040605.0,1040944.0,1041293.0,1041603.0,1041872.0,1042140.0,1042486.0,1042786.0,1043104.0,1043407.0,1043661.0,1043949.0,1044244.0,1044532.0,1044814.0,1045119.0,1045430.0,1045669.0,1045889.0,1046163.0,1046442.0,1046731.0,1047048.0,1047306.0,1047536.0,1047781.0,1048076.0,1048352.0,1048600.0,1048781.0,1049128.0,1049360.0,1049597.0,1049802.0,1050074.0,1050299.0,1050564.0,1050836.0,1051030.0,1051230.0,1051464.0,1051777.0,1051952.0,1052145.0,1052361.0,1052591.0,1052822
olNb4gHWUU8,46274.0,46274.0,46274.0,46274.0,46275.0,46278.0,46282.0,46282.0,46283.0,46284.0,46286.0,46287.0,46287.0,46288.0,46288.0,46290.0,46291.0,46292.0,46294.0,46295.0,46298.0,46300.0,46301.0,46301.0,46301.0,46300.0,46300.0,46302.0,46304.0,46304.0,46306.0,46307.0,46307.0,46308.0,46309.0,46312.0,46315.0,46317.0,46321.0,46323.0,46325.0,46327.0,46332.0,46332.0,46333.0,46335.0,46335.0,46337.0,46339.0,46342.0,46345.0,46350.0,46351.0,46352.0,46354.0,46354.0,46360.0,46364.0,46365.0,46367.0,46368.0,46373.0,46373.0,46377.0,46378.0,46383.0,46383.0,46384.0,46387.0,46389.0,46391.0,46392.0,46394.0,46397.0,46398.0,46398.0,46399.0,46405.0,46410.0,46410.0,46411.0,46415.0,46416.0,46417.0,46420.0,46420.0,46421.0,46424.0,46425.0,46424.0,46427.0,46427.0,46428.0,46429.0,46431.0,46433.0,46436.0,46436.0,46438.0,46440.0,46441.0,46442.0,46445.0,46450.0,46454.0,46457.0,46464.0,46467.0,46467.0,46472.0,46475.0,46481.0,46484.0,46487.0,46488.0,46491.0,46497.0,46501.0,46501.0,46501.0,46503.0,46510.0,46516.0,46519.0,46522.0,46528.0,46529.0,46530.0,46531.0,46533.0,46541.0,46543.0,46548.0,46551.0,,,,,,,,,46568.0,46572.0,46573.0,46574.0,46576.0,46579.0,46581.0,46587.0,46594.0,46596.0,46601.0,46601.0,46601.0,46601.0,46601.0,46602.0,46602.0,46607.0,46612.0,46613.0,46615.0,46617.0,46619.0,46619.0,46624.0,46625.0,46628.0,46631.0,46634.0,46637.0,46637.0,46639.0,46638.0,46640.0,46641.0,46642.0,46643.0,46645.0,46646.0,46647.0,46649.0,46649.0,46650.0,46653.0,46660.0,46669.0,46689.0,46693.0,46695.0,46697.0,46699.0,46705.0,46709.0,46711.0,46717.0,46723.0,46727.0,46727.0,46727.0,46729.0,46730.0,46733.0,46734.0,46738.0,46740.0,46742.0,46743.0,46744.0,46744.0,46746.0,46749.0,46752
iBaOftapOQA,5061.0,5066.0,5068.0,5072.0,5075.0,5080.0,5083.0,5086.0,5090.0,5092.0,5094.0,5095.0,5103.0,5105.0,5106.0,5106.0,5110.0,5115.0,5117.0,5118.0,5121.0,5130.0,5134.0,5137.0,5141.0,5142.0,5146.0,5149.0,5149.0,5155.0,5155.0,5156.0,5157.0,5162.0,5164.0,5169.0,5175.0,5180.0,5188.0,5188.0,5189.0,5190.0,5192.0,5196.0,5197.0,5205.0,5208.0,5211.0,5216.0,5217.0,5218.0,5222.0,5224.0,5230.0,5231.0,5234.0,5234.0,5236.0,5237.0,5245.0,5248.0,5256.0,5261.0,5264.0,5268.0,5270.0,5271.0,5273.0,5274.0,5276.0,5279.0,5280.0,5282.0,5285.0,5287.0,5287.0,5288.0,5288.0,5288.0,5290.0,5290.0,5293.0,5293.0,5297.0,5298.0,5310.0,5313.0,5313.0,5315.0,5318.0,5321.0,5321.0,5323.0,5326.0,5327.0,5328.0,5330.0,5342.0,5344.0,5345.0,5346.0,5347.0,5349.0,5352.0,5352.0,5355.0,5358.0,5360.0,5361.0,5362.0,5369.0,5374.0,5378.0,5381.0,5383.0,5383.0,5386.0,5388.0,5398.0,5399.0,5401.0,5403.0,5405.0,5406.0,5407.0,5407.0,5408.0,5410.0,5415.0,5415.0,5416.0,5416.0,5420.0,5423.0,,,,,,,,,5461.0,5463.0,5464.0,5467.0,5467.0,5467.0,5468.0,5470.0,5473.0,5475.0,5478.0,5479.0,5479.0,5480.0,5482.0,5485.0,5485.0,5487.0,5490.0,5493.0,5495.0,5500.0,5504.0,5507.0,5511.0,5515.0,5519.0,5537.0,5545.0,5554.0,5566.0,5570.0,5573.0,5577.0,5579.0,5583.0,5585.0,5588.0,5595.0,5611.0,5625.0,5633.0,5636.0,5639.0,5647.0,5653.0,5656.0,5658.0,5662.0,5665.0,5668.0,5674.0,5676.0,5677.0,5684.0,5687.0,5688.0,5693.0,5698.0,5701.0,5704.0,5706.0,5710.0,5712.0,5712.0,5713.0,5713.0,5718.0,5721.0,5723.0,5731.0,5738
VD_umwm3WCY,1663.0,1665.0,1668.0,1672.0,1675.0,1675.0,1676.0,1676.0,1677.0,1677.0,1681.0,1684.0,1686.0,1690.0,1694.0,1695.0,1699.0,1703.0,1706.0,1707.0,1713.0,1714.0,1719.0,1719.0,1721.0,1724.0,1725.0,1728.0,1729.0,1731.0,1731.0,1732.0,1733.0,1733.0,1736.0,1737.0,1739.0,1741.0,1742.0,1742.0,1742.0,1743.0,1746.0,1748.0,1748.0,1748.0,1748.0,1748.0,1748.0,1750.0,1751.0,1752.0,1755.0,1755.0,1755.0,1755.0,1757.0,1757.0,1757.0,1757.0,1758.0,1760.0,1760.0,1761.0,1762.0,1762.0,1762.0,1763.0,1767.0,1770.0,1773.0,1774.0,1775.0,1776.0,1784.0,1788.0,1791.0,1794.0,1794.0,1796.0,1800.0,1800.0,1804.0,1807.0,1809.0,1811.0,1812.0,1813.0,1814.0,1819.0,1825.0,1829.0,1832.0,1833.0,1835.0,1837.0,1840.0,1846.0,1849.0,1850.0,1851.0,1852.0,1854.0,1854.0,1855.0,1857.0,1857.0,1858.0,1859.0,1860.0,1862.0,1864.0,1865.0,1866.0,1871.0,1873.0,1876.0,1877.0,1878.0,1878.0,1879.0,1879.0,1884.0,1885.0,1885.0,1886.0,1886.0,1886.0,1887.0,1889.0,1890.0,1890.0,1890.0,1890.0,,,,,,,,,1892.0,1894.0,1895.0,1897.0,1899.0,1900.0,1900.0,1900.0,1900.0,1900.0,1900.0,1900.0,1900.0,1900.0,1900.0,1902.0,1904.0,1905.0,1908.0,1911.0,1912.0,1914.0,1917.0,1918.0,1921.0,1923.0,1925.0,1930.0,1932.0,1935.0,1937.0,1938.0,1940.0,1941.0,1942.0,1944.0,1945.0,1946.0,1950.0,1951.0,1953.0,1955.0,1957.0,1957.0,1959.0,1960.0,1961.0,1963.0,1963.0,1964.0,1964.0,1965.0,1965.0,1965.0,1967.0,1968.0,1968.0,1968.0,1970.0,1971.0,1973.0,1973.0,1974.0,1976.0,1976.0,1976.0,1977.0,1978.0,1980.0,1980.0,1980.0,1981
tfIBs9nDxNo,1012.0,1012.0,1012.0,1012.0,1012.0,1012.0,1012.0,1013.0,1013.0,1013.0,1013.0,1013.0,1013.0,1013.0,1013.0,1013.0,1013.0,1013.0,1014.0,1014.0,1014.0,1014.0,1014.0,1014.0,1014.0,1014.0,1015.0,1016.0,1016.0,1017.0,1017.0,1017.0,1017.0,1018.0,1019.0,1020.0,1020.0,1021.0,1023.0,1023.0,1023.0,1024.0,1024.0,1024.0,1024.0,1024.0,1024.0,1024.0,1024.0,1024.0,1024.0,1024.0,1024.0,1024.0,1024.0,1024.0,1024.0,1024.0,1024.0,1024.0,1024.0,1024.0,1024.0,1024.0,1024.0,1026.0,1026.0,1026.0,1027.0,1027.0,1028.0,1028.0,1028.0,1028.0,1028.0,1028.0,1029.0,1044.0,1050.0,1052.0,1052.0,1052.0,1052.0,1055.0,1055.0,1058.0,1062.0,1065.0,1065.0,1065.0,1065.0,1070.0,1072.0,1072.0,1072.0,1072.0,1072.0,1072.0,1072.0,1072.0,1072.0,1072.0,1072.0,1072.0,1072.0,1073.0,1075.0,1075.0,1076.0,1077.0,1078.0,1078.0,1079.0,1079.0,1079.0,1079.0,1079.0,1079.0,1080.0,1080.0,1080.0,1080.0,1080.0,1080.0,1080.0,1080.0,1080.0,1080.0,1080.0,1080.0,1080.0,1081.0,1081.0,1081.0,,,,,,,,,1083.0,1085.0,1086.0,1086.0,1086.0,1086.0,1086.0,1086.0,1086.0,1086.0,1086.0,1086.0,1086.0,1086.0,1086.0,1086.0,1086.0,1087.0,1087.0,1087.0,1088.0,1089.0,1089.0,1089.0,1089.0,1089.0,1089.0,1089.0,1089.0,1089.0,1089.0,1089.0,1089.0,1089.0,1089.0,1089.0,1089.0,1091.0,1091.0,1091.0,1091.0,1091.0,1091.0,1092.0,1092.0,1092.0,1095.0,1095.0,1095.0,1096.0,1096.0,1097.0,1097.0,1097.0,1097.0,1097.0,1098.0,1098.0,1098.0,1099.0,1099.0,1099.0,1100.0,1100.0,1100.0,1100.0,1100.0,1100.0,1100.0,1100.0,1100.0,1100
Nmk_oE5I69g,1347.0,1347.0,1347.0,1348.0,1348.0,1348.0,1349.0,1349.0,1350.0,1350.0,1350.0,1351.0,1351.0,1352.0,1352.0,1352.0,1352.0,1352.0,1353.0,1356.0,1356.0,1358.0,1358.0,1358.0,1358.0,1358.0,1358.0,1359.0,1359.0,1359.0,1359.0,1359.0,1359.0,1359.0,1360.0,1360.0,1360.0,1360.0,1360.0,1361.0,1363.0,1363.0,1364.0,1364.0,1364.0,1364.0,1364.0,1367.0,1370.0,1378.0,1378.0,1379.0,1380.0,1380.0,1380.0,1381.0,1382.0,1382.0,1382.0,1382.0,1382.0,1382.0,1382.0,1384.0,1384.0,1384.0,1384.0,1384.0,1384.0,1384.0,1384.0,1384.0,1384.0,1386.0,1386.0,1386.0,1386.0,1387.0,1388.0,1388.0,1388.0,1388.0,1389.0,1390.0,1390.0,1391.0,1391.0,1394.0,1395.0,1396.0,1397.0,1398.0,1398.0,1398.0,1398.0,1399.0,1399.0,1400.0,1400.0,1400.0,1400.0,1399.0,1399.0,1399.0,1399.0,1399.0,1399.0,1399.0,1399.0,1399.0,1400.0,1400.0,1401.0,1402.0,1402.0,1402.0,1402.0,1403.0,1403.0,1403.0,1403.0,1403.0,1403.0,1403.0,1403.0,1403.0,1403.0,1403.0,1403.0,1406.0,1406.0,1409.0,1409.0,1409.0,,,,,,,,,1410.0,1411.0,1411.0,1411.0,1411.0,1411.0,1412.0,1412.0,1412.0,1412.0,1412.0,1412.0,1412.0,1414.0,1414.0,1414.0,1417.0,1417.0,1417.0,1417.0,1417.0,1417.0,1418.0,1418.0,1418.0,1418.0,1418.0,1419.0,1420.0,1420.0,1420.0,1420.0,1420.0,1421.0,1421.0,1422.0,1422.0,1422.0,1422.0,1422.0,1423.0,1423.0,1424.0,1425.0,1425.0,1425.0,1425.0,1427.0,1427.0,1427.0,1426.0,1426.0,1427.0,1427.0,1427.0,1427.0,1427.0,1427.0,1427.0,1427.0,1427.0,1427.0,1427.0,1428.0,1428.0,1428.0,1428.0,1429.0,1429.0,1429.0,1429.0,1429
7ss7HP-ewz8,21291.0,21294.0,21296.0,21304.0,21314.0,21318.0,21326.0,21337.0,21340.0,21347.0,21357.0,21362.0,21367.0,21374.0,21376.0,21380.0,21389.0,21393.0,21395.0,21398.0,21402.0,21406.0,21413.0,21421.0,21427.0,21440.0,21457.0,21469.0,21479.0,21486.0,21497.0,21510.0,21521.0,21528.0,21532.0,21542.0,21550.0,21552.0,21560.0,21566.0,21574.0,21579.0,21589.0,21596.0,21601.0,21608.0,21611.0,21617.0,21621.0,21623.0,21629.0,21633.0,21638.0,21642.0,21647.0,21651.0,21655.0,21659.0,21662.0,21666.0,21671.0,21673.0,21679.0,21681.0,21684.0,21688.0,21691.0,21697.0,21697.0,21705.0,21711.0,21715.0,21716.0,21720.0,21725.0,21729.0,21731.0,21735.0,21737.0,21739.0,21740.0,21744.0,21755.0,21760.0,21766.0,21775.0,21778.0,21781.0,21784.0,21794.0,21799.0,21806.0,21813.0,21816.0,21822.0,21824.0,21831.0,21842.0,21845.0,21852.0,21852.0,21860.0,21867.0,21874.0,21877.0,21881.0,21891.0,21899.0,21907.0,21911.0,21914.0,21919.0,21922.0,21930.0,21932.0,21938.0,21941.0,21945.0,21950.0,21951.0,21956.0,21960.0,21963.0,21964.0,21971.0,21976.0,21981.0,21983.0,21989.0,21991.0,21992.0,21997.0,22000.0,22000.0,,,,,,,,,22036.0,22044.0,22053.0,22057.0,22060.0,22079.0,22087.0,22090.0,22105.0,22113.0,22121.0,22135.0,22145.0,22159.0,22165.0,22171.0,22183.0,22191.0,22195.0,22197.0,22198.0,22206.0,22210.0,22216.0,22223.0,22234.0,22238.0,22241.0,22247.0,22249.0,22253.0,22253.0,22254.0,22256.0,22259.0,22262.0,22263.0,22271.0,22273.0,22277.0,22283.0,22284.0,22286.0,22287.0,22288.0,22292.0,22294.0,22296.0,22298.0,22301.0,22302.0,22303.0,22306.0,22307.0,22307.0,22309.0,22313.0,22314.0,22314.0,22316.0,22316.0,22319.0,22320.0,22321.0,22322.0,22323.0,22324.0,22327.0,22329.0,22330.0,22332.0,22335
jePEsNf0P68,16049.0,16050.0,16051.0,16057.0,16059.0,16066.0,16068.0,16070.0,16071.0,16074.0,16079.0,16082.0,16089.0,16095.0,16097.0,16099.0,16102.0,16107.0,16111.0,16115.0,16115.0,16119.0,16120.0,16121.0,16123.0,16130.0,16134.0,16138.0,16140.0,16144.0,16145.0,16148.0,16150.0,16152.0,16156.0,16158.0,16160.0,16163.0,16167.0,16168.0,16172.0,16175.0,16178.0,16181.0,16184.0,16186.0,16189.0,16196.0,16199.0,16204.0,16208.0,16211.0,16212.0,16213.0,16216.0,16220.0,16225.0,16228.0,16230.0,16234.0,16241.0,16244.0,16251.0,16256.0,16257.0,16260.0,16264.0,16269.0,16269.0,16273.0,16277.0,16279.0,16279.0,16280.0,16282.0,16292.0,16296.0,16297.0,16298.0,16300.0,16301.0,16302.0,16302.0,16303.0,16306.0,16307.0,16308.0,16311.0,16315.0,16315.0,16316.0,16318.0,16324.0,16327.0,16330.0,16335.0,16336.0,16336.0,16338.0,16344.0,16346.0,16348.0,16351.0,16360.0,16366.0,16368.0,16371.0,16372.0,16372.0,16374.0,16377.0,16377.0,16381.0,16389.0,16391.0,16393.0,16394.0,16396.0,16398.0,16400.0,16403.0,16406.0,16411.0,16415.0,16419.0,16426.0,16428.0,16429.0,16431.0,16436.0,16437.0,16442.0,16443.0,16446.0,,,,,,,,,16468.0,16468.0,16473.0,16476.0,16478.0,16479.0,16480.0,16483.0,16484.0,16486.0,16485.0,16486.0,16487.0,16488.0,16489.0,16489.0,16493.0,16494.0,16495.0,16496.0,16498.0,16499.0,16500.0,16502.0,16503.0,16505.0,16506.0,16507.0,16508.0,16510.0,16511.0,16512.0,16514.0,16517.0,16520.0,16521.0,16525.0,16525.0,16526.0,16527.0,16531.0,16531.0,16533.0,16536.0,16537.0,16540.0,16544.0,16548.0,16551.0,16563.0,16569.0,16572.0,16581.0,16588.0,16592.0,16595.0,16596.0,16598.0,16599.0,16601.0,16603.0,16604.0,16606.0,16607.0,16609.0,16609.0,16611.0,16615.0,16619.0,16625.0,16626.0,16627
yfzStIaxhmE,4628048.0,4631241.0,4634693.0,4637838.0,4641328.0,4645205.0,4648612.0,4652304.0,4656131.0,4659485.0,4662468.0,4665565.0,4668875.0,4672449.0,4675987.0,4679405.0,4682557.0,4685310.0,4688254.0,4691310.0,4694850.0,4698429.0,4702055.0,4705192.0,4708146.0,4711439.0,4715082.0,4718586.0,4721881.0,4725040.0,4727857.0,4730499.0,4733394.0,4736645.0,4739920.0,4743147.0,4746499.0,4749746.0,4752806.0,4755885.0,4759167.0,4762349.0,4765578.0,4768730.0,4771925.0,4774958.0,4778036.0,4781524.0,4785047.0,4788239.0,4791361.0,4794252.0,4797017.0,4799874.0,4802983.0,4806177.0,4809286.0,4812271.0,4815026.0,4817851.0,4821208.0,4824332.0,4827655.0,4830457.0,4833230.0,4835931.0,4838453.0,4840861.0,4843170.0,4846323.0,4849041.0,4851662.0,4854189.0,4856638.0,4859186.0,4861943.0,4864947.0,4867828.0,4870733.0,4873407.0,4875807.0,4878233.0,4880764.0,4883251.0,4885789.0,4888441.0,4890750.0,4892974.0,4895518.0,4898105.0,4900676.0,4903132.0,4905765.0,4908178.0,4910542.0,4913033.0,4915610.0,4918271.0,4920787.0,4923349.0,4925735.0,4928026.0,4930736.0,4933157.0,4935642.0,4938208.0,4940732.0,4943209.0,4945354.0,4947802.0,4950663.0,4953639.0,4956368.0,4959014.0,4961423.0,4963824.0,4966321.0,4968999.0,4971541.0,4973935.0,4976361.0,4978647.0,4980891.0,4983415.0,4986210.0,4989147.0,4992258.0,4995213.0,4997788.0,5000352.0,5002873.0,5005905.0,5008890.0,5011964.0,,,,,,,,,5034527.0,5036713.0,5038868.0,5041311.0,5043857.0,5046325.0,5048538.0,5050424.0,5052601.0,5054642.0,5056840.0,5058986.0,5061280.0,5063386.0,5065203.0,5067011.0,5069051.0,5071241.0,5073373.0,5075480.0,5077808.0,5080089.0,5082133.0,5084409.0,5086749.0,5089059.0,5091493.0,5093854.0,5096052.0,5098184.0,5100591.0,5102899.0,5105376.0,5107763.0,5110137.0,5112310.0,5114380.0,5116594.0,5119007.0,5121376.0,5123516.0,5125668.0,5127809.0,5129804.0,5132104.0,5134267.0,5136518.0,5138759.0,5140986.0,5143097.0,5145068.0,5147028.0,5149288.0,5151583.0,5153777.0,5155879.0,5157756.0,5159654.0,5161601.0,5163704.0,5165846.0,5167542.0,5169510.0,5171345.0,5173123.0,5175273.0,5177475.0,5179512.0,5181225.0,5182954.0,5184883.0,5186890
3SPTfk70Wik,904860.0,905056.0,905261.0,905477.0,905644.0,905846.0,906082.0,906285.0,906508.0,906703.0,906878.0,907126.0,907308.0,907531.0,907801.0,908013.0,908219.0,908427.0,908664.0,908862.0,909101.0,909325.0,909623.0,909816.0,910000.0,910314.0,910545.0,910828.0,911083.0,911351.0,911609.0,911784.0,912047.0,912319.0,912584.0,912850.0,913123.0,913366.0,913556.0,913793.0,914076.0,914337.0,914590.0,914862.0,915094.0,915316.0,915538.0,915855.0,916105.0,916393.0,916618.0,916849.0,917066.0,917353.0,917631.0,917841.0,918062.0,918326.0,918587.0,918825.0,919061.0,919285.0,919546.0,919812.0,920095.0,920333.0,920559.0,920807.0,921018.0,921287.0,921542.0,921826.0,922030.0,922253.0,922537.0,922779.0,923049.0,923371.0,923657.0,923891.0,924110.0,924399.0,924656.0,924955.0,925193.0,925428.0,925670.0,925879.0,926063.0,926362.0,926611.0,926930.0,927206.0,927458.0,927696.0,927933.0,928169.0,928411.0,928644.0,928892.0,929132.0,929311.0,929557.0,929808.0,930026.0,930238.0,930446.0,930665.0,930829.0,931049.0,931328.0,931571.0,931851.0,932099.0,932319.0,932495.0,932762.0,932953.0,933223.0,933484.0,933688.0,933881.0,934086.0,934318.0,934502.0,934690.0,934934.0,935225.0,935451.0,935665.0,935891.0,936158.0,936403.0,936665.0,,,,,,,,,938976.0,939209.0,939478.0,939792.0,940067.0,940319.0,940599.0,940866.0,941093.0,941291.0,941605.0,941868.0,942177.0,942446.0,942672.0,942942.0,943184.0,943435.0,943665.0,943907.0,944149.0,944367.0,944582.0,944785.0,945011.0,945357.0,945571.0,945847.0,946880.0,948716.0,950942.0,952072.0,952869.0,953797.0,954486.0,955146.0,955667.0,956094.0,956396.0,956724.0,957065.0,957363.0,957749.0,958027.0,958337.0,958583.0,958845.0,959081.0,959296.0,959488.0,959657.0,959888.0,960069.0,960290.0,960508.0,960755.0,960961.0,961108.0,961290.0,961509.0,961719.0,961855.0,962065.0,962234.0,962389.0,962586.0,962781.0,962938.0,963171.0,963356.0,963512.0,963687
U0ZA-QsxGas,3235.0,3235.0,3235.0,3235.0,3235.0,3238.0,3239.0,3239.0,3239.0,3240.0,3241.0,3241.0,3241.0,3244.0,3245.0,3245.0,3245.0,3245.0,3245.0,3245.0,3246.0,3246.0,3248.0,3248.0,3248.0,3250.0,3251.0,3253.0,3253.0,3254.0,3255.0,3256.0,3256.0,3256.0,3256.0,3256.0,3256.0,3256.0,3256.0,3256.0,3256.0,3256.0,3257.0,3257.0,3258.0,3258.0,3258.0,3258.0,3259.0,3259.0,3259.0,3259.0,3260.0,3260.0,3261.0,3262.0,3262.0,3262.0,3262.0,3263.0,3264.0,3264.0,3264.0,3266.0,3268.0,3268.0,3268.0,3268.0,3269.0,3270.0,3271.0,3272.0,3273.0,3274.0,3275.0,3276.0,3278.0,3279.0,3279.0,3279.0,3280.0,3282.0,3283.0,3288.0,3289.0,3290.0,3293.0,3295.0,3295.0,3298.0,3298.0,3300.0,3302.0,3304.0,3305.0,3305.0,3306.0,3307.0,3309.0,3311.0,3312.0,3312.0,3315.0,3317.0,3321.0,3323.0,3324.0,3328.0,3334.0,3336.0,3337.0,3340.0,3342.0,3342.0,3343.0,3347.0,3347.0,3349.0,3349.0,3349.0,3353.0,3357.0,3357.0,3357.0,3359.0,3360.0,3361.0,3362.0,3364.0,3365.0,3368.0,3370.0,3372.0,3374.0,,,,,,,,,3384.0,3387.0,3387.0,3389.0,3394.0,3397.0,3398.0,3399.0,3401.0,3402.0,3403.0,3404.0,3404.0,3407.0,3410.0,3410.0,3412.0,3413.0,3413.0,3416.0,3416.0,3420.0,3420.0,3421.0,3422.0,3424.0,3425.0,3429.0,3430.0,3431.0,3431.0,3431.0,3431.0,3434.0,3436.0,3436.0,3436.0,3436.0,3438.0,3441.0,3445.0,3448.0,3451.0,3455.0,3459.0,3467.0,3470.0,3471.0,3472.0,3475.0,3478.0,3479.0,3483.0,3486.0,3486.0,3487.0,3487.0,3489.0,3492.0,3492.0,3495.0,3496.0,3498.0,3501.0,3501.0,3501.0,3502.0,3504.0,3504.0,3505.0,3505.0,3506
6j928wBZ_Bo,228589038.0,228647014.0,228716174.0,228781791.0,228843293.0,228912659.0,228985803.0,229058129.0,229121148.0,229185572.0,229245967.0,229310987.0,229384413.0,229462668.0,229533856.0,229596714.0,229664294.0,229727359.0,229786471.0,229848317.0,229920454.0,230004556.0,230090462.0,230178660.0,230254836.0,230319720.0,230388921.0,230458170.0,230531885.0,230604299.0,230675018.0,230738087.0,230798662.0,230865267.0,230934528.0,231007426.0,231082659.0,231157114.0,231227262.0,231296247.0,231366102.0,231436468.0,231509322.0,231582136.0,231650999.0,231716431.0,231777718.0,231844968.0,231912170.0,231982308.0,232047933.0,232109162.0,232161612.0,232212101.0,232270330.0,232327878.0,232388306.0,232448970.0,232506168.0,232566032.0,232627714.0,232687832.0,232748533.0,232812895.0,232878359.0,232940923.0,233006127.0,233066812.0,233114993.0,233169797.0,233226160.0,233282282.0,233333551.0,233390084.0,233444476.0,233500699.0,233555959.0,233619371.0,233691266.0,233759170.0,233822277.0,233881469.0,233942432.0,234004286.0,234064770.0,234124025.0,234184854.0,234244640.0,234299208.0,234357990.0,234418916.0,234476200.0,234530755.0,234594540.0,234657845.0,234713561.0,234768790.0,234821004.0,234878745.0,234938488.0,235002397.0,235064198.0,235121415.0,235178173.0,235237306.0,235297692.0,235357683.0,235422788.0,235480764.0,235534072.0,235589988.0,235648264.0,235705378.0,235763478.0,235826630.0,235892555.0,235954398.0,236015023.0,236077391.0,236134270.0,236189714.0,236247763.0,236299560.0,236346069.0,236395394.0,236444307.0,236495093.0,236547969.0,236598634.0,236648652.0,236693971.0,236737307.0,236783007.0,236827994.0,,,,,,,,,237279973.0,237336864.0,237385501.0,237431607.0,237475011.0,237518175.0,237557868.0,237598774.0,237641379.0,237681765.0,237721966.0,237760286.0,237806880.0,237853179.0,237902293.0,237950033.0,237995637.0,238040543.0,238089180.0,238150279.0,238209264.0,238270084.0,238331006.0,238386552.0,238446630.0,238506887.0,238570258.0,238632276.0,238695000.0,238755626.0,238811889.0,238874385.0,238939480.0,239006279.0,239077774.0,239155455.0,239231395.0,239302390.0,239376998.0,239455172.0,239530666.0,239605263.0,239680922.0,239758434.0,239830483.0,239899638.0,239967734.0,240039408.0,240114198.0,240191876.0,240267768.0,240337973.0,240408175.0,240481723.0,240550712.0,240620415.0,240691524.0,240763034.0,240831677.0,240906398.0,240985656.0,241060474.0,241129323.0,241202435.0,241272166.0,241347529.0,241428063.0,241525703.0,241617557.0,241685159.0,241759413.0,241829108
wrtDZMuG-tU,280232.0,280360.0,280499.0,280624.0,280767.0,280886.0,281013.0,281183.0,281304.0,281453.0,281602.0,281762.0,281941.0,282088.0,282276.0,282479.0,282622.0,282770.0,282934.0,283109.0,283317.0,283484.0,283606.0,283791.0,283923.0,284040.0,284166.0,284331.0,284505.0,284684.0,284828.0,284925.0,285065.0,285198.0,285357.0,285532.0,285685.0,285799.0,285897.0,286025.0,286118.0,286230.0,286339.0,286456.0,286549.0,286618.0,286713.0,286792.0,286897.0,287033.0,287160.0,287251.0,287351.0,287467.0,287567.0,287663.0,287762.0,287851.0,287968.0,288065.0,288165.0,288259.0,288384.0,288475.0,288583.0,288653.0,288733.0,288804.0,288883.0,288966.0,289075.0,289189.0,289269.0,289346.0,289436.0,289561.0,289660.0,289734.0,289843.0,289935.0,290012.0,290075.0,290157.0,290248.0,290345.0,290452.0,290552.0,290632.0,290721.0,290809.0,290939.0,291028.0,291174.0,291276.0,291360.0,291446.0,291530.0,291626.0,291728.0,291817.0,291904.0,292000.0,292093.0,292205.0,292286.0,292378.0,292471.0,292547.0,292624.0,292707.0,292765.0,292838.0,292928.0,293037.0,293127.0,293227.0,293284.0,293366.0,293440.0,293512.0,293581.0,293660.0,293714.0,293783.0,293837.0,293909.0,293971.0,294044.0,294099.0,294186.0,294230.0,294278.0,294338.0,294418.0,,,,,,,,,295172.0,295228.0,295318.0,295444.0,295526.0,295621.0,295703.0,295816.0,295909.0,295994.0,296063.0,296156.0,296262.0,296347.0,296410.0,296459.0,296531.0,296594.0,296688.0,296806.0,296900.0,297004.0,297084.0,297167.0,297261.0,297371.0,297479.0,297587.0,297667.0,297753.0,297829.0,297940.0,298066.0,298179.0,298266.0,298339.0,298416.0,298498.0,298587.0,298689.0,298765.0,298860.0,298936.0,299000.0,299092.0,299181.0,299269.0,299366.0,299478.0,299568.0,299641.0,299708.0,299789.0,299878.0,299972.0,300056.0,300137.0,300220.0,300314.0,300402.0,300486.0,300543.0,300618.0,300701.0,300764.0,300821.0,300906.0,300962.0,301040.0,301107.0,301160.0,301231
tjVtBYbyWxE,33919.0,33943.0,33961.0,33975.0,33993.0,34003.0,34013.0,34038.0,34072.0,34088.0,34108.0,34231.0,34331.0,34419.0,34498.0,34579.0,34631.0,34661.0,34684.0,34706.0,34747.0,34769.0,34800.0,34817.0,34847.0,34877.0,34910.0,34940.0,34957.0,34981.0,35000.0,35024.0,35053.0,35085.0,35103.0,35131.0,35163.0,35190.0,35199.0,35213.0,35221.0,35240.0,35267.0,35284.0,35297.0,35302.0,35326.0,35347.0,35360.0,35381.0,35401.0,35416.0,35434.0,35457.0,35470.0,35483.0,35497.0,35511.0,35531.0,35538.0,35548.0,35565.0,35584.0,35593.0,35604.0,35617.0,35621.0,35632.0,35639.0,35653.0,35671.0,35692.0,35700.0,35716.0,35732.0,35747.0,35759.0,35774.0,35787.0,35800.0,35814.0,35825.0,35842.0,35860.0,35878.0,35887.0,35892.0,35905.0,35917.0,35931.0,35952.0,35969.0,35984.0,36007.0,36020.0,36027.0,36049.0,36066.0,36085.0,36115.0,36134.0,36140.0,36152.0,36165.0,36185.0,36202.0,36219.0,36237.0,36260.0,36275.0,36295.0,36319.0,36333.0,36347.0,36356.0,36371.0,36392.0,36410.0,36423.0,36435.0,36454.0,36468.0,36480.0,36501.0,36517.0,36532.0,36544.0,36571.0,36583.0,36597.0,36608.0,36633.0,36653.0,36672.0,,,,,,,,,36900.0,36915.0,36928.0,36954.0,36977.0,36986.0,36999.0,37016.0,37033.0,37042.0,37049.0,37063.0,37085.0,37107.0,37120.0,37130.0,37137.0,37148.0,37151.0,37163.0,37172.0,37187.0,37201.0,37217.0,37234.0,37246.0,37270.0,37283.0,37295.0,37309.0,37322.0,37338.0,37354.0,37369.0,37400.0,37418.0,37434.0,37449.0,37465.0,37487.0,37500.0,37517.0,37540.0,37563.0,37598.0,37619.0,37649.0,37670.0,37689.0,37700.0,37710.0,37734.0,37759.0,37782.0,37804.0,37838.0,37861.0,37879.0,37906.0,37930.0,37955.0,37971.0,37987.0,38003.0,38018.0,38047.0,38071.0,38099.0,38125.0,38153.0,38173.0,38181
tUuX9NF0yg0,16799.0,16799.0,16799.0,16800.0,16800.0,16800.0,16801.0,16801.0,16801.0,16801.0,16801.0,16801.0,16801.0,16801.0,16801.0,16801.0,16801.0,16801.0,16801.0,16801.0,16801.0,16801.0,16801.0,16801.0,16801.0,16801.0,16801.0,16801.0,16801.0,16801.0,16801.0,16801.0,16801.0,16801.0,16801.0,16801.0,16801.0,16801.0,16801.0,16801.0,16801.0,16801.0,16801.0,16801.0,16801.0,16801.0,16801.0,16801.0,16801.0,16801.0,16801.0,16801.0,16802.0,16803.0,16803.0,16803.0,16803.0,16803.0,16803.0,16803.0,16803.0,16803.0,16803.0,16804.0,16804.0,16805.0,16805.0,16805.0,16805.0,16805.0,16805.0,16805.0,16805.0,16805.0,16805.0,16806.0,16807.0,16807.0,16807.0,16807.0,16807.0,16807.0,16807.0,16807.0,16807.0,16807.0,16807.0,16807.0,16807.0,16808.0,16808.0,16808.0,16808.0,16808.0,16808.0,16808.0,16809.0,16809.0,16809.0,16809.0,16809.0,16810.0,16810.0,16810.0,16811.0,16811.0,16811.0,16811.0,16811.0,16811.0,16811.0,16811.0,16811.0,16811.0,16811.0,16812.0,16812.0,16812.0,16812.0,16812.0,16812.0,16812.0,16812.0,16813.0,16813.0,16813.0,16813.0,16813.0,16813.0,16813.0,16813.0,16813.0,16813.0,16813.0,,,,,,,,,16814.0,16814.0,16814.0,16814.0,16814.0,16814.0,16814.0,16814.0,16814.0,16814.0,16814.0,16814.0,16814.0,16814.0,16814.0,16814.0,16815.0,16815.0,16815.0,16815.0,16815.0,16815.0,16816.0,16816.0,16818.0,16818.0,16820.0,16821.0,16821.0,16822.0,16822.0,16823.0,16823.0,16823.0,16823.0,16823.0,16823.0,16823.0,16824.0,16824.0,16824.0,16824.0,16824.0,16824.0,16824.0,16824.0,16824.0,16824.0,16824.0,16824.0,16824.0,16824.0,16824.0,16824.0,16824.0,16824.0,16824.0,16824.0,16824.0,16824.0,16824.0,16824.0,16824.0,16824.0,16825.0,16825.0,16825.0,16825.0,16825.0,16827.0,16827.0,16829
eI7ndw6dBrI,23420.0,23420.0,23421.0,23421.0,23421.0,23423.0,23423.0,23423.0,23424.0,23426.0,23429.0,23429.0,23430.0,23430.0,23430.0,23430.0,23431.0,23432.0,23433.0,23435.0,23436.0,23437.0,23438.0,23438.0,23441.0,23443.0,23443.0,23446.0,23446.0,23447.0,23447.0,23447.0,23448.0,23449.0,23449.0,23449.0,23449.0,23450.0,23451.0,23451.0,23453.0,23453.0,23453.0,23454.0,23454.0,23454.0,23454.0,23454.0,23455.0,23456.0,23457.0,23458.0,23458.0,23458.0,23459.0,23460.0,23464.0,23464.0,23466.0,23467.0,23469.0,23469.0,23469.0,23470.0,23474.0,23474.0,23474.0,23475.0,23475.0,23476.0,23477.0,23477.0,23479.0,23481.0,23481.0,23481.0,23481.0,23482.0,23483.0,23483.0,23485.0,23485.0,23487.0,23487.0,23487.0,23487.0,23488.0,23489.0,23489.0,23489.0,23489.0,23489.0,23489.0,23495.0,23495.0,23495.0,23496.0,23496.0,23496.0,23496.0,23496.0,23497.0,23497.0,23497.0,23498.0,23498.0,23498.0,23499.0,23499.0,23500.0,23500.0,23501.0,23503.0,23503.0,23502.0,23503.0,23506.0,23508.0,23509.0,23511.0,23514.0,23518.0,23519.0,23521.0,23521.0,23522.0,23527.0,23527.0,23528.0,23530.0,23531.0,23533.0,23533.0,23533.0,,,,,,,,,23536.0,23536.0,23537.0,23537.0,23537.0,23537.0,23537.0,23537.0,23537.0,23537.0,23537.0,23538.0,23538.0,23539.0,23539.0,23539.0,23539.0,23539.0,23539.0,23539.0,23539.0,23539.0,23540.0,23540.0,23540.0,23540.0,23540.0,23540.0,23540.0,23541.0,23542.0,23543.0,23543.0,23543.0,23543.0,23543.0,23545.0,23545.0,23547.0,23547.0,23548.0,23549.0,23550.0,23551.0,23552.0,23553.0,23554.0,23554.0,23554.0,23554.0,23555.0,23555.0,23556.0,23558.0,23561.0,23562.0,23564.0,23565.0,23566.0,23566.0,23566.0,23566.0,23566.0,23566.0,23566.0,23566.0,23567.0,23567.0,23568.0,23568.0,23568.0,23568
nuZ8xAG_l2A,194957.0,194992.0,195027.0,195102.0,195150.0,195196.0,195259.0,195300.0,195336.0,195362.0,195388.0,195426.0,195459.0,195489.0,195518.0,195561.0,195591.0,195607.0,195739.0,195794.0,195837.0,195868.0,195898.0,195941.0,195982.0,196023.0,196049.0,196081.0,196112.0,196121.0,196150.0,196167.0,196182.0,196216.0,196230.0,196254.0,196280.0,196307.0,196321.0,196342.0,196357.0,196379.0,196407.0,196439.0,196464.0,196484.0,196512.0,196539.0,196557.0,196575.0,196607.0,196638.0,196666.0,196683.0,196715.0,196737.0,196755.0,196784.0,196806.0,196829.0,196847.0,196879.0,196898.0,196916.0,196936.0,196952.0,196976.0,197001.0,197025.0,197107.0,197192.0,197267.0,197355.0,197439.0,197510.0,197553.0,197588.0,197620.0,197675.0,197728.0,197811.0,197852.0,197883.0,197921.0,197959.0,197980.0,198043.0,198089.0,198132.0,198174.0,198211.0,198239.0,198261.0,198305.0,198341.0,198363.0,198395.0,198413.0,198438.0,198463.0,198487.0,198510.0,198526.0,198547.0,198572.0,198592.0,198610.0,198627.0,198640.0,198663.0,198687.0,198723.0,198753.0,198769.0,198784.0,198798.0,198835.0,198859.0,198880.0,198896.0,198913.0,198928.0,198949.0,198966.0,198986.0,199007.0,199038.0,199055.0,199088.0,199127.0,199147.0,199168.0,199183.0,199198.0,,,,,,,,,199350.0,199368.0,199387.0,199406.0,199431.0,199449.0,199460.0,199476.0,199500.0,199523.0,199553.0,199579.0,199597.0,199620.0,199633.0,199646.0,199686.0,199821.0,199891.0,199934.0,199934.0,199965.0,199999.0,200024.0,200040.0,200061.0,200081.0,200094.0,200117.0,200138.0,200154.0,200168.0,200185.0,200194.0,200211.0,200240.0,200274.0,200297.0,200320.0,200338.0,200358.0,200374.0,200402.0,200433.0,200450.0,200467.0,200491.0,200515.0,200531.0,200558.0,200592.0,200622.0,200635.0,200654.0,200674.0,200697.0,200716.0,200741.0,200760.0,200781.0,200804.0,200819.0,200861.0,200906.0,200930.0,200948.0,200978.0,200999.0,201014.0,201035.0,201065.0,201088
GGEf4UZfzIA,3531925.0,3533127.0,3534417.0,3535650.0,3537086.0,3538534.0,3539802.0,3541366.0,3542805.0,3544072.0,3545304.0,3546709.0,3548147.0,3549531.0,3551047.0,3552412.0,3553715.0,3555112.0,3556715.0,3558332.0,3560020.0,3561722.0,3563326.0,3564731.0,3566233.0,3567698.0,3569121.0,3570637.0,3572164.0,3573798.0,3575134.0,3576335.0,3577854.0,3579289.0,3580856.0,3582347.0,3583913.0,3585425.0,3586702.0,3588108.0,3589453.0,3591104.0,3592561.0,3594086.0,3595463.0,3596796.0,3598339.0,3599819.0,3601415.0,3603023.0,3604501.0,3605936.0,3607272.0,3608560.0,3609922.0,3611219.0,3612665.0,3614138.0,3615523.0,3616951.0,3618351.0,3619953.0,3621479.0,3622951.0,3624455.0,3625874.0,3627130.0,3628500.0,3629761.0,3631338.0,3632673.0,3633977.0,3635272.0,3636506.0,3637932.0,3639362.0,3640842.0,3642395.0,3644066.0,3645430.0,3646736.0,3648242.0,3649786.0,3651461.0,3653095.0,3654833.0,3656212.0,3657629.0,3659134.0,3660817.0,3662440.0,3664130.0,3665794.0,3667344.0,3668784.0,3670510.0,3672126.0,3673611.0,3675295.0,3676862.0,3678226.0,3679681.0,3681445.0,3683094.0,3684678.0,3686374.0,3688028.0,3689432.0,3690721.0,3692397.0,3694100.0,3695749.0,3697460.0,3699180.0,3700598.0,3701911.0,3703387.0,3704869.0,3706320.0,3707818.0,3709271.0,3710466.0,3711639.0,3712983.0,3714403.0,3715793.0,3717338.0,3718962.0,3720337.0,3721721.0,3723369.0,3724936.0,3726561.0,3728062.0,,,,,,,,,3744979.0,3746775.0,3748811.0,3751000.0,3752960.0,3755120.0,3757282.0,3759188.0,3761500.0,3764142.0,3766747.0,3769179.0,3771559.0,3773819.0,3775666.0,3777688.0,3779538.0,3781346.0,3783089.0,3784612.0,3785912.0,3787251.0,3788387.0,3789706.0,3791110.0,3792373.0,3793600.0,3794903.0,3796081.0,3797141.0,3798412.0,3799729.0,3801018.0,3802132.0,3803447.0,3804474.0,3805516.0,3806635.0,3807775.0,3808874.0,3810048.0,3811140.0,3812104.0,3813020.0,3814185.0,3815277.0,3816311.0,3817439.0,3818551.0,3819511.0,3820486.0,3821439.0,3822425.0,3823447.0,3824417.0,3825371.0,3826226.0,3827091.0,3828337.0,3829380.0,3830454.0,3831276.0,3832203.0,3833175.0,3834138.0,3835242.0,3836386.0,3837434.0,3838299.0,3839184.0,3840137.0,3840990
l4qYo13TSdY,425422.0,425443.0,425470.0,425496.0,425526.0,425560.0,425589.0,425618.0,425641.0,425664.0,425698.0,425734.0,425767.0,425792.0,425815.0,425846.0,425884.0,425916.0,425944.0,425971.0,425996.0,426026.0,426062.0,426112.0,426189.0,426227.0,426277.0,426301.0,426323.0,426371.0,426405.0,426432.0,426459.0,426480.0,426517.0,426563.0,426600.0,426624.0,426648.0,426677.0,426705.0,426746.0,426783.0,426804.0,426829.0,426844.0,426863.0,426888.0,426908.0,426921.0,426944.0,426966.0,426991.0,427007.0,427022.0,427044.0,427058.0,427085.0,427098.0,427128.0,427152.0,427184.0,427205.0,427223.0,427234.0,427259.0,427276.0,427309.0,427336.0,427348.0,427366.0,427388.0,427410.0,427438.0,427470.0,427496.0,427517.0,427532.0,427561.0,427586.0,427606.0,427623.0,427655.0,427674.0,427691.0,427722.0,427735.0,427755.0,427771.0,427787.0,427799.0,427819.0,427844.0,427866.0,427883.0,427909.0,427933.0,427953.0,427968.0,427989.0,428018.0,428034.0,428047.0,428081.0,428154.0,428225.0,428282.0,428305.0,428319.0,428341.0,428360.0,428367.0,428390.0,428411.0,428447.0,428536.0,428622.0,428643.0,428660.0,428677.0,428689.0,428704.0,428719.0,428744.0,428763.0,428777.0,428795.0,428813.0,428825.0,428835.0,428844.0,428854.0,428867.0,428880.0,,,,,,,,,429003.0,429017.0,429030.0,429047.0,429063.0,429082.0,429113.0,429136.0,429155.0,429179.0,429207.0,429222.0,429243.0,429257.0,429291.0,429304.0,429323.0,429339.0,429370.0,429384.0,429407.0,429419.0,429438.0,429458.0,429471.0,429486.0,429497.0,429517.0,429526.0,429545.0,429569.0,429587.0,429598.0,429609.0,429622.0,429634.0,429657.0,429674.0,429691.0,429701.0,429713.0,429725.0,429733.0,429740.0,429754.0,429768.0,429791.0,429813.0,429827.0,429849.0,429859.0,429878.0,429897.0,429923.0,429940.0,429965.0,429986.0,429999.0,430016.0,430028.0,430058.0,430077.0,430086.0,430104.0,430129.0,430148.0,430171.0,430189.0,430205.0,430220.0,430234.0,430252
eREbRbw2MJc,397057.0,397169.0,397268.0,397350.0,397481.0,397578.0,397691.0,397786.0,397893.0,397969.0,398055.0,398143.0,398247.0,398359.0,398493.0,398585.0,398707.0,398791.0,398897.0,399036.0,399122.0,399240.0,399362.0,399457.0,399610.0,399710.0,399855.0,399981.0,400099.0,400219.0,400339.0,400468.0,400592.0,400704.0,400838.0,400970.0,401173.0,401376.0,401550.0,401750.0,401924.0,402055.0,402236.0,402405.0,402575.0,402720.0,402852.0,402971.0,403172.0,403324.0,403457.0,403596.0,403723.0,403858.0,403999.0,404127.0,404255.0,404400.0,404509.0,404647.0,404788.0,404956.0,405082.0,405212.0,405337.0,405456.0,405560.0,405683.0,405789.0,405922.0,406050.0,406214.0,406353.0,406479.0,406606.0,406726.0,406849.0,407001.0,407125.0,407239.0,407349.0,407484.0,407643.0,407797.0,407928.0,408066.0,408180.0,408316.0,408503.0,408634.0,408776.0,408919.0,409068.0,409222.0,409350.0,409480.0,409623.0,409759.0,409892.0,410026.0,410194.0,410338.0,410470.0,410590.0,410747.0,410879.0,411021.0,411151.0,411291.0,411422.0,411561.0,411686.0,411843.0,411949.0,412118.0,412302.0,412472.0,412614.0,412767.0,412890.0,413051.0,413188.0,413316.0,413439.0,413593.0,413732.0,413867.0,413999.0,414086.0,414201.0,414316.0,414445.0,414563.0,414685.0,,,,,,,,,415757.0,415880.0,415994.0,416098.0,416240.0,416343.0,416478.0,416595.0,416721.0,416847.0,416973.0,417098.0,417238.0,417355.0,417501.0,417597.0,417703.0,417841.0,417977.0,418096.0,418211.0,418321.0,418458.0,418602.0,418711.0,418833.0,418946.0,419041.0,419152.0,419259.0,419354.0,419473.0,419563.0,419698.0,419806.0,419918.0,420080.0,420247.0,420378.0,420552.0,420693.0,420862.0,420979.0,421148.0,421275.0,421456.0,421600.0,421762.0,421914.0,422080.0,422209.0,422329.0,422476.0,422657.0,422804.0,422915.0,423040.0,423162.0,423308.0,423447.0,423575.0,423704.0,423813.0,423928.0,424026.0,424149.0,424283.0,424433.0,424531.0,424674.0,424792.0,424939
OgEWjqwWiOA,82812.0,82822.0,82828.0,82836.0,82840.0,82848.0,82853.0,82863.0,82872.0,82887.0,82901.0,82905.0,82912.0,82915.0,82919.0,82930.0,82939.0,82945.0,82954.0,82964.0,82969.0,82975.0,82983.0,82985.0,82993.0,83001.0,83010.0,83017.0,83023.0,83030.0,83035.0,83046.0,83054.0,83061.0,83069.0,83075.0,83079.0,83087.0,83093.0,83107.0,83110.0,83116.0,83128.0,83141.0,83154.0,83163.0,83172.0,83184.0,83194.0,83202.0,83212.0,83221.0,83228.0,83236.0,83241.0,83244.0,83250.0,83257.0,83268.0,83272.0,83283.0,83292.0,83304.0,83308.0,83314.0,83321.0,83335.0,83341.0,83349.0,83361.0,83365.0,83373.0,83381.0,83390.0,83401.0,83409.0,83417.0,83423.0,83428.0,83436.0,83450.0,83454.0,83463.0,83476.0,83483.0,83493.0,83499.0,83512.0,83523.0,83534.0,83544.0,83547.0,83556.0,83566.0,83573.0,83588.0,83598.0,83607.0,83614.0,83621.0,83635.0,83639.0,83647.0,83656.0,83668.0,83683.0,83696.0,83709.0,83718.0,83730.0,83739.0,83748.0,83755.0,83775.0,83794.0,83811.0,83822.0,83831.0,83836.0,83845.0,83857.0,83872.0,83881.0,83893.0,83901.0,83910.0,83920.0,83932.0,83944.0,83957.0,83980.0,83989.0,84001.0,84016.0,,,,,,,,,84125.0,84139.0,84143.0,84155.0,84165.0,84180.0,84186.0,84191.0,84200.0,84207.0,84215.0,84218.0,84230.0,84240.0,84245.0,84250.0,84252.0,84257.0,84260.0,84267.0,84278.0,84287.0,84295.0,84302.0,84306.0,84312.0,84316.0,84325.0,84329.0,84334.0,84340.0,84345.0,84348.0,84356.0,84361.0,84369.0,84372.0,84378.0,84383.0,84389.0,84399.0,84402.0,84409.0,84417.0,84428.0,84433.0,84445.0,84447.0,84449.0,84459.0,84467.0,84470.0,84472.0,84475.0,84478.0,84487.0,84497.0,84510.0,84514.0,84517.0,84519.0,84527.0,84532.0,84534.0,84542.0,84547.0,84553.0,84562.0,84568.0,84572.0,84575.0,84581
_Sp9G8L-_cM,317881.0,317904.0,317929.0,317939.0,317959.0,317981.0,318002.0,318019.0,318038.0,318059.0,318083.0,318100.0,318126.0,318149.0,318165.0,318181.0,318206.0,318233.0,318250.0,318275.0,318282.0,318305.0,318325.0,318343.0,318365.0,318385.0,318412.0,318430.0,318461.0,318488.0,318514.0,318539.0,318584.0,318613.0,318643.0,318669.0,318692.0,318711.0,318733.0,318754.0,318774.0,318810.0,318840.0,318862.0,318882.0,318907.0,318922.0,318938.0,318961.0,318989.0,319018.0,319045.0,319067.0,319092.0,319127.0,319145.0,319181.0,319210.0,319246.0,319281.0,319300.0,319331.0,319370.0,319392.0,319421.0,319438.0,319465.0,319486.0,319515.0,319543.0,319564.0,319586.0,319619.0,319635.0,319646.0,319667.0,319703.0,319723.0,319740.0,319773.0,319799.0,319825.0,319844.0,319879.0,319891.0,319915.0,319947.0,319968.0,320000.0,320027.0,320058.0,320078.0,320104.0,320135.0,320147.0,320187.0,320209.0,320226.0,320243.0,320254.0,320272.0,320289.0,320315.0,320327.0,320343.0,320366.0,320400.0,320430.0,320461.0,320497.0,320532.0,320549.0,320577.0,320631.0,320678.0,320734.0,320763.0,320794.0,320818.0,320862.0,320886.0,320918.0,320948.0,320972.0,320980.0,321003.0,321022.0,321040.0,321059.0,321085.0,321113.0,321138.0,321166.0,321187.0,,,,,,,,,321402.0,321425.0,321446.0,321466.0,321483.0,321509.0,321524.0,321542.0,321561.0,321590.0,321604.0,321627.0,321649.0,321666.0,321682.0,321703.0,321721.0,321739.0,321760.0,321776.0,321803.0,321823.0,321843.0,321872.0,321890.0,321901.0,321913.0,321927.0,321943.0,321964.0,321996.0,322016.0,322026.0,322041.0,322056.0,322078.0,322094.0,322115.0,322134.0,322153.0,322167.0,322192.0,322205.0,322229.0,322247.0,322260.0,322281.0,322305.0,322314.0,322342.0,322369.0,322381.0,322394.0,322405.0,322419.0,322437.0,322456.0,322468.0,322491.0,322511.0,322531.0,322548.0,322566.0,322580.0,322598.0,322619.0,322648.0,322673.0,322693.0,322727.0,322746.0,322768
Z9b0Hj-BfaM,67502671.0,67518946.0,67537851.0,67555908.0,67575957.0,67596500.0,67617718.0,67640532.0,67662530.0,67682820.0,67701095.0,67719968.0,67740755.0,67762172.0,67782520.0,67801029.0,67818550.0,67834682.0,67852027.0,67870252.0,67889274.0,67910231.0,67931005.0,67950338.0,67968140.0,67987209.0,68008250.0,68029707.0,68050748.0,68071018.0,68090335.0,68107307.0,68126068.0,68146671.0,68168335.0,68189243.0,68210389.0,68229908.0,68249139.0,68268421.0,68289699.0,68312136.0,68334890.0,68357415.0,68378023.0,68397644.0,68416793.0,68438821.0,68460133.0,68481680.0,68502660.0,68522911.0,68539782.0,68557745.0,68576850.0,68597212.0,68618629.0,68638931.0,68657715.0,68676272.0,68694180.0,68714140.0,68733759.0,68756518.0,68777644.0,68797258.0,68817085.0,68836930.0,68857056.0,68881851.0,68904002.0,68925611.0,68947169.0,68967702.0,68988239.0,69010484.0,69032866.0,69053292.0,69074492.0,69094102.0,69111700.0,69130499.0,69150629.0,69171166.0,69191997.0,69212291.0,69231391.0,69248832.0,69267129.0,69287786.0,69308941.0,69330516.0,69351161.0,69370846.0,69389150.0,69409199.0,69431168.0,69453793.0,69476520.0,69496864.0,69515496.0,69535983.0,69557039.0,69579819.0,69601726.0,69625400.0,69648198.0,69669329.0,69689940.0,69712838.0,69738165.0,69761753.0,69784029.0,69807122.0,69827725.0,69846411.0,69867574.0,69891684.0,69915426.0,69938383.0,69960614.0,69979817.0,69996849.0,70013873.0,70033622.0,70052716.0,70072691.0,70092586.0,70111637.0,70128470.0,70146819.0,70168465.0,70189074.0,70207950.0,,,,,,,,,70383992.0,70402150.0,70420586.0,70439597.0,70458583.0,70477481.0,70495685.0,70512464.0,70530419.0,70548189.0,70568063.0,70587802.0,70607248.0,70625134.0,70641894.0,70657142.0,70673303.0,70692860.0,70711921.0,70730276.0,70748569.0,70766379.0,70782207.0,70798819.0,70817200.0,70835221.0,70854027.0,70871774.0,70888561.0,70904738.0,70921631.0,70939914.0,70959199.0,70979125.0,70998148.0,71015689.0,71032113.0,71049666.0,71069644.0,71089415.0,71109211.0,71128357.0,71146119.0,71162495.0,71179773.0,71198434.0,71217784.0,71236913.0,71255632.0,71273109.0,71289518.0,71307306.0,71326483.0,71345577.0,71363927.0,71382296.0,71398815.0,71414095.0,71429758.0,71447722.0,71465838.0,71481284.0,71494708.0,71509355.0,71523563.0,71540025.0,71556993.0,71573395.0,71586675.0,71599566.0,71614524.0,71629283
FAY94Iny2sY,89664.0,89688.0,89731.0,89757.0,89782.0,89816.0,89850.0,89873.0,89925.0,89953.0,89986.0,90026.0,90059.0,90084.0,90114.0,90152.0,90178.0,90208.0,90248.0,90285.0,90317.0,90363.0,90410.0,90436.0,90462.0,90497.0,90534.0,90572.0,90612.0,90648.0,90684.0,90708.0,90726.0,90771.0,90789.0,90818.0,90849.0,90890.0,90916.0,90941.0,90979.0,91008.0,91043.0,91070.0,91105.0,91132.0,91150.0,91176.0,91204.0,91247.0,91279.0,91325.0,91364.0,91396.0,91433.0,91462.0,91497.0,91533.0,91560.0,91587.0,91614.0,91642.0,91663.0,91702.0,91745.0,91763.0,91782.0,91811.0,91830.0,91862.0,91891.0,91935.0,91960.0,91979.0,92004.0,92038.0,92070.0,92099.0,92137.0,92169.0,92196.0,92230.0,92255.0,92280.0,92306.0,92348.0,92386.0,92419.0,92453.0,92476.0,92515.0,92553.0,92585.0,92619.0,92648.0,92679.0,92715.0,92738.0,92777.0,92805.0,92847.0,92870.0,92898.0,92928.0,92958.0,93000.0,93039.0,93087.0,93128.0,93166.0,93193.0,93228.0,93257.0,93303.0,93343.0,93372.0,93402.0,93447.0,93490.0,93533.0,93585.0,93638.0,93678.0,93717.0,93763.0,93806.0,93840.0,93877.0,93928.0,93962.0,93978.0,94007.0,94046.0,94073.0,,,,,,,,,94332.0,94352.0,94379.0,94409.0,94439.0,94477.0,94522.0,94555.0,94585.0,94618.0,94654.0,94695.0,94726.0,94764.0,94797.0,94836.0,94870.0,94894.0,94920.0,94951.0,94975.0,95004.0,95023.0,95052.0,95073.0,95106.0,95145.0,95174.0,95216.0,95243.0,95274.0,95313.0,95347.0,95385.0,95424.0,95463.0,95492.0,95516.0,95543.0,95563.0,95598.0,95626.0,95653.0,95681.0,95706.0,95734.0,95766.0,95810.0,95850.0,95877.0,95901.0,95926.0,95959.0,96005.0,96035.0,96077.0,96108.0,96133.0,96150.0,96175.0,96199.0,96217.0,96231.0,96247.0,96266.0,96285.0,96349.0,96384.0,96397.0,96411.0,96429.0,96438
c6ASQOwKkhk,125623520.0,125646064.0,125670450.0,125694214.0,125717784.0,125745177.0,125770484.0,125796951.0,125823464.0,125850612.0,125875853.0,125899217.0,125926663.0,125953452.0,125980084.0,126004082.0,126026986.0,126047689.0,126069407.0,126091750.0,126115094.0,126140069.0,126164257.0,126187583.0,126211702.0,126236227.0,126261758.0,126288181.0,126316087.0,126344164.0,126371962.0,126397152.0,126423953.0,126452305.0,126479819.0,126507430.0,126534777.0,126560124.0,126585697.0,126610807.0,126639477.0,126666392.0,126693658.0,126720347.0,126743970.0,126767907.0,126791717.0,126816908.0,126837781.0,126858177.0,126880538.0,126904912.0,126928522.0,126952019.0,126979731.0,127006460.0,127033216.0,127060730.0,127087878.0,127113113.0,127137812.0,127166603.0,127194800.0,127220864.0,127247430.0,127273414.0,127298238.0,127323591.0,127349167.0,127381159.0,127409590.0,127437004.0,127463254.0,127485953.0,127507309.0,127531151.0,127556264.0,127581387.0,127607056.0,127632103.0,127657039.0,127680278.0,127704143.0,127730247.0,127753684.0,127778658.0,127802809.0,127825535.0,127848606.0,127873199.0,127899035.0,127923281.0,127946679.0,127970323.0,127991569.0,128013013.0,128036224.0,128059009.0,128081803.0,128105261.0,128127436.0,128149492.0,128170832.0,128194078.0,128215447.0,128238098.0,128259154.0,128281113.0,128302501.0,128321946.0,128343088.0,128364655.0,128386663.0,128407888.0,128429861.0,128449718.0,128471337.0,128495225.0,128518763.0,128542864.0,128566393.0,128588637.0,128607952.0,128628304.0,128649651.0,128671069.0,128692748.0,128715742.0,128738336.0,128759228.0,128779424.0,128802514.0,128825769.0,128847370.0,,,,,,,,,129050632.0,129071476.0,129092630.0,129116336.0,129140838.0,129165963.0,129191963.0,129216800.0,129242167.0,129265923.0,129290942.0,129316133.0,129344472.0,129372355.0,129397521.0,129421457.0,129445196.0,129472496.0,129500286.0,129525056.0,129548088.0,129571133.0,129592772.0,129615075.0,129641133.0,129666352.0,129691835.0,129717362.0,129741418.0,129765330.0,129789286.0,129815132.0,129841738.0,129867429.0,129892616.0,129917964.0,129942624.0,129966708.0,129994373.0,130023047.0,130054358.0,130080649.0,130104692.0,130126261.0,130147909.0,130172582.0,130195928.0,130219374.0,130242168.0,130262009.0,130281009.0,130300684.0,130321945.0,130343815.0,130364917.0,130385476.0,130405118.0,130423379.0,130440856.0,130461862.0,130482496.0,130500461.0,130514368.0,130532379.0,130549639.0,130567360.0,130586845.0,130606224.0,130622605.0,130636988.0,130655413.0,130672300
zntYU9zZgBc,710462.0,710725.0,711113.0,711363.0,711755.0,712150.0,712569.0,713027.0,713462.0,713832.0,714137.0,714528.0,715005.0,715455.0,715899.0,716297.0,716711.0,717015.0,717411.0,717856.0,718282.0,718713.0,719192.0,719538.0,719787.0,720179.0,720611.0,720979.0,721403.0,721810.0,722167.0,722422.0,722785.0,723179.0,723554.0,724007.0,724401.0,724740.0,725013.0,725392.0,725791.0,726289.0,726745.0,727221.0,727527.0,727863.0,728193.0,728566.0,728993.0,729386.0,729775.0,730078.0,730365.0,730703.0,731061.0,731454.0,731833.0,732214.0,732509.0,732712.0,733047.0,733419.0,733774.0,734192.0,734598.0,734930.0,735186.0,735490.0,735831.0,736325.0,736727.0,737106.0,737449.0,737701.0,738120.0,738486.0,738873.0,739279.0,739698.0,739974.0,740245.0,740623.0,740988.0,741387.0,741777.0,742199.0,742493.0,742767.0,743170.0,743585.0,743983.0,744423.0,744821.0,745135.0,745443.0,745918.0,746408.0,746865.0,747335.0,747839.0,748146.0,748492.0,748953.0,749421.0,749946.0,750407.0,750961.0,751429.0,751827.0,752326.0,752800.0,753384.0,753936.0,754537.0,754963.0,755375.0,755860.0,756383.0,756926.0,757469.0,757918.0,758271.0,758620.0,759065.0,759504.0,760022.0,760545.0,761056.0,761497.0,761808.0,762262.0,762771.0,763306.0,763727.0,,,,,,,,,767827.0,768169.0,768564.0,769040.0,769463.0,769869.0,770265.0,770599.0,770943.0,771395.0,771843.0,772263.0,772676.0,773180.0,773528.0,773865.0,774321.0,774809.0,775286.0,775718.0,776116.0,776467.0,776714.0,777199.0,777636.0,778062.0,778555.0,778966.0,779354.0,779592.0,780003.0,780407.0,780905.0,781328.0,781805.0,782134.0,782489.0,782873.0,783252.0,783666.0,784048.0,784459.0,784814.0,785109.0,785497.0,785912.0,786349.0,786705.0,787131.0,787453.0,787676.0,788062.0,788418.0,788821.0,789197.0,789554.0,789839.0,790082.0,790425.0,790754.0,791069.0,791309.0,791659.0,791959.0,792226.0,792631.0,793057.0,793471.0,793750.0,794059.0,794365.0,794621
r_NIoFtxY_8,49892.0,49894.0,49896.0,49896.0,49900.0,49902.0,49902.0,49908.0,49910.0,49913.0,49914.0,49919.0,49926.0,49931.0,49936.0,49939.0,49942.0,49944.0,49947.0,49949.0,49951.0,49952.0,49954.0,49959.0,49961.0,49962.0,49964.0,49968.0,49971.0,49972.0,49976.0,49977.0,49983.0,49986.0,49987.0,49991.0,49993.0,49995.0,49999.0,50000.0,50002.0,50006.0,50007.0,50009.0,50013.0,50014.0,50017.0,50019.0,50019.0,50021.0,50023.0,50024.0,50027.0,50028.0,50030.0,50031.0,50034.0,50034.0,50036.0,50038.0,50038.0,50039.0,50040.0,50043.0,50047.0,50050.0,50053.0,50056.0,50058.0,50063.0,50068.0,50068.0,50069.0,50070.0,50074.0,50077.0,50082.0,50084.0,50088.0,50089.0,50091.0,50092.0,50092.0,50098.0,50103.0,50104.0,50106.0,50111.0,50118.0,50122.0,50125.0,50130.0,50138.0,50144.0,50147.0,50149.0,50153.0,50156.0,50160.0,50163.0,50165.0,50167.0,50167.0,50169.0,50172.0,50174.0,50175.0,50177.0,50186.0,50189.0,50195.0,50198.0,50201.0,50202.0,50206.0,50207.0,50210.0,50212.0,50215.0,50219.0,50224.0,50225.0,50228.0,50231.0,50233.0,50236.0,50236.0,50242.0,50245.0,50249.0,50254.0,50260.0,50264.0,50267.0,,,,,,,,,50308.0,50314.0,50318.0,50324.0,50338.0,50343.0,50353.0,50360.0,50365.0,50378.0,50386.0,50398.0,50411.0,50419.0,50432.0,50440.0,50447.0,50473.0,50492.0,50504.0,50516.0,50526.0,50539.0,50564.0,50590.0,50627.0,50653.0,50694.0,50736.0,50761.0,50785.0,50830.0,50873.0,50920.0,50975.0,51013.0,51044.0,51106.0,51167.0,51232.0,51305.0,51430.0,51531.0,51614.0,51726.0,51850.0,52003.0,52166.0,52314.0,52458.0,52583.0,52717.0,52848.0,53034.0,53180.0,53333.0,53482.0,53603.0,53755.0,53938.0,54174.0,54432.0,54563.0,54635.0,54670.0,54704.0,54732.0,54758.0,54778.0,54792.0,54800.0,54812
e8wijSZf4GY,1749.0,1749.0,1751.0,1751.0,1751.0,1753.0,1753.0,1754.0,1754.0,1756.0,1756.0,1756.0,1758.0,1759.0,1759.0,1760.0,1760.0,1760.0,1760.0,1760.0,1760.0,1761.0,1762.0,1767.0,1769.0,1770.0,1770.0,1771.0,1771.0,1775.0,1776.0,1776.0,1777.0,1777.0,1777.0,1777.0,1778.0,1779.0,1780.0,1780.0,1780.0,1782.0,1782.0,1783.0,1784.0,1784.0,1785.0,1787.0,1787.0,1788.0,1791.0,1792.0,1792.0,1793.0,1793.0,1793.0,1795.0,1795.0,1795.0,1800.0,1802.0,1804.0,1804.0,1804.0,1805.0,1806.0,1807.0,1808.0,1808.0,1808.0,1808.0,1808.0,1808.0,1808.0,1808.0,1809.0,1809.0,1809.0,1810.0,1810.0,1811.0,1811.0,1812.0,1813.0,1813.0,1813.0,1813.0,1814.0,1814.0,1814.0,1814.0,1814.0,1814.0,1814.0,1814.0,1816.0,1817.0,1819.0,1820.0,1822.0,1827.0,1827.0,1827.0,1827.0,1828.0,1829.0,1830.0,1830.0,1830.0,1830.0,1830.0,1830.0,1830.0,1830.0,1830.0,1831.0,1831.0,1831.0,1831.0,1831.0,1831.0,1831.0,1832.0,1833.0,1834.0,1834.0,1834.0,1834.0,1835.0,1835.0,1835.0,1835.0,1836.0,1836.0,,,,,,,,,1840.0,1841.0,1842.0,1842.0,1843.0,1844.0,1845.0,1846.0,1846.0,1846.0,1846.0,1846.0,1846.0,1846.0,1846.0,1846.0,1848.0,1849.0,1850.0,1850.0,1850.0,1850.0,1855.0,1856.0,1856.0,1856.0,1856.0,1856.0,1856.0,1856.0,1856.0,1856.0,1856.0,1858.0,1858.0,1859.0,1859.0,1860.0,1860.0,1860.0,1861.0,1860.0,1862.0,1862.0,1862.0,1862.0,1862.0,1865.0,1865.0,1866.0,1866.0,1866.0,1866.0,1866.0,1866.0,1866.0,1866.0,1866.0,1867.0,1868.0,1870.0,1870.0,1870.0,1871.0,1872.0,1872.0,1872.0,1873.0,1873.0,1874.0,1874.0,1875
Z7NOPoxFSXY,2362.0,2362.0,2362.0,2362.0,2362.0,2362.0,2362.0,2362.0,2362.0,2364.0,2364.0,2364.0,2364.0,2365.0,2365.0,2365.0,2365.0,2366.0,2369.0,2369.0,2369.0,2369.0,2369.0,2369.0,2370.0,2371.0,2373.0,2374.0,2374.0,2375.0,2376.0,2377.0,2377.0,2377.0,2377.0,2379.0,2380.0,2380.0,2380.0,2380.0,2383.0,2384.0,2384.0,2384.0,2384.0,2384.0,2385.0,2388.0,2389.0,2389.0,2389.0,2390.0,2390.0,2391.0,2391.0,2391.0,2391.0,2391.0,2391.0,2394.0,2395.0,2395.0,2395.0,2397.0,2397.0,2397.0,2397.0,2398.0,2398.0,2398.0,2398.0,2399.0,2400.0,2400.0,2401.0,2401.0,2403.0,2403.0,2403.0,2403.0,2403.0,2403.0,2403.0,2403.0,2403.0,2403.0,2403.0,2403.0,2403.0,2403.0,2403.0,2403.0,2403.0,2403.0,2403.0,2404.0,2405.0,2407.0,2407.0,2407.0,2407.0,2407.0,2408.0,2408.0,2408.0,2408.0,2408.0,2408.0,2408.0,2409.0,2409.0,2409.0,2409.0,2409.0,2409.0,2409.0,2409.0,2409.0,2409.0,2409.0,2409.0,2409.0,2411.0,2412.0,2412.0,2413.0,2413.0,2413.0,2414.0,2414.0,2416.0,2417.0,2417.0,2418.0,,,,,,,,,2424.0,2424.0,2425.0,2425.0,2425.0,2425.0,2425.0,2425.0,2425.0,2425.0,2425.0,2425.0,2425.0,2425.0,2425.0,2425.0,2426.0,2426.0,2427.0,2427.0,2427.0,2427.0,2427.0,2427.0,2427.0,2427.0,2427.0,2428.0,2429.0,2429.0,2429.0,2429.0,2429.0,2429.0,2429.0,2430.0,2431.0,2431.0,2431.0,2432.0,2433.0,2431.0,2434.0,2434.0,2434.0,2434.0,2435.0,2435.0,2435.0,2435.0,2435.0,2435.0,2435.0,2435.0,2435.0,2435.0,2435.0,2435.0,2436.0,2438.0,2438.0,2438.0,2439.0,2440.0,2441.0,2442.0,2442.0,2442.0,2442.0,2442.0,2442.0,2443
5Iq7hkPjI_E,558.0,558.0,558.0,558.0,558.0,558.0,560.0,561.0,561.0,561.0,561.0,562.0,562.0,562.0,562.0,562.0,562.0,563.0,563.0,563.0,563.0,563.0,564.0,564.0,564.0,565.0,565.0,565.0,565.0,565.0,566.0,566.0,566.0,566.0,566.0,566.0,566.0,566.0,566.0,566.0,566.0,566.0,566.0,566.0,566.0,566.0,566.0,566.0,566.0,566.0,566.0,566.0,566.0,566.0,566.0,566.0,566.0,566.0,566.0,566.0,566.0,566.0,566.0,566.0,566.0,566.0,566.0,566.0,566.0,566.0,566.0,566.0,566.0,566.0,566.0,566.0,566.0,566.0,566.0,566.0,566.0,566.0,566.0,566.0,566.0,566.0,566.0,566.0,566.0,566.0,566.0,566.0,566.0,566.0,566.0,567.0,568.0,569.0,569.0,569.0,569.0,569.0,570.0,570.0,570.0,570.0,570.0,570.0,570.0,571.0,571.0,571.0,572.0,572.0,572.0,572.0,572.0,572.0,572.0,572.0,572.0,572.0,572.0,572.0,572.0,572.0,572.0,572.0,572.0,572.0,574.0,575.0,575.0,575.0,,,,,,,,,577.0,577.0,577.0,577.0,577.0,577.0,577.0,577.0,577.0,577.0,577.0,577.0,577.0,577.0,577.0,578.0,579.0,579.0,580.0,580.0,580.0,580.0,580.0,580.0,581.0,581.0,581.0,582.0,582.0,582.0,582.0,582.0,582.0,582.0,582.0,582.0,582.0,582.0,582.0,582.0,582.0,582.0,582.0,582.0,582.0,582.0,582.0,582.0,582.0,582.0,582.0,582.0,582.0,582.0,582.0,582.0,582.0,582.0,584.0,584.0,584.0,584.0,584.0,584.0,584.0,585.0,585.0,585.0,585.0,585.0,585.0,585
h1Jy-AD3RpM,132461.0,132625.0,132755.0,132919.0,133064.0,133241.0,133369.0,133523.0,133695.0,133815.0,133957.0,134098.0,134260.0,134407.0,134553.0,134684.0,134800.0,134899.0,135014.0,135153.0,135310.0,135446.0,135624.0,135764.0,135868.0,136001.0,136157.0,136286.0,136451.0,136632.0,136748.0,136881.0,137044.0,137186.0,137350.0,137499.0,137661.0,137796.0,137930.0,138082.0,138230.0,138397.0,138521.0,138653.0,138787.0,138904.0,139012.0,139139.0,139257.0,139374.0,139520.0,139647.0,139764.0,139897.0,139997.0,140140.0,140326.0,140450.0,140546.0,140651.0,140776.0,140883.0,140990.0,141105.0,141240.0,141351.0,141434.0,141583.0,141687.0,141830.0,141948.0,142050.0,142166.0,142287.0,142412.0,142556.0,142690.0,142801.0,143012.0,143124.0,143269.0,143393.0,143519.0,143675.0,143807.0,143910.0,144008.0,144091.0,144222.0,144355.0,144484.0,144591.0,144724.0,144829.0,144928.0,145028.0,145170.0,145281.0,145398.0,145556.0,145653.0,145767.0,145892.0,146009.0,146155.0,146270.0,146366.0,146455.0,146547.0,146686.0,146813.0,146925.0,147040.0,147130.0,147256.0,147347.0,147452.0,147577.0,147699.0,147855.0,147976.0,148084.0,148164.0,148310.0,148418.0,148536.0,148665.0,148792.0,148909.0,148976.0,149073.0,149208.0,149346.0,149462.0,,,,,,,,,150645.0,150738.0,150847.0,150960.0,151071.0,151170.0,151274.0,151371.0,151477.0,151599.0,151737.0,151886.0,152034.0,152162.0,152288.0,152398.0,152543.0,152690.0,152841.0,152958.0,153057.0,153163.0,153246.0,153345.0,153439.0,153533.0,153607.0,153701.0,153777.0,153858.0,153940.0,154053.0,154151.0,154243.0,154335.0,154413.0,154476.0,154585.0,154670.0,154798.0,154885.0,154987.0,155078.0,155142.0,155226.0,155326.0,155446.0,155556.0,155670.0,155752.0,155816.0,155918.0,156028.0,156135.0,156233.0,156328.0,156413.0,156498.0,156578.0,156662.0,156735.0,156807.0,156894.0,156970.0,157041.0,157122.0,157220.0,157306.0,157372.0,157443.0,157500.0,157572
EOPHkgs2P8g,4400953.0,4400965.0,4400974.0,4400985.0,4400996.0,4401001.0,4401013.0,4401028.0,4401032.0,4401048.0,4401059.0,4401061.0,4401074.0,4401083.0,4401097.0,4401108.0,4401118.0,4401126.0,4401135.0,4401139.0,4401147.0,4401158.0,4401170.0,4401181.0,4401192.0,4401206.0,4401211.0,4401227.0,4401235.0,4401242.0,4401252.0,4401261.0,4401270.0,4401282.0,4401292.0,4401311.0,4401316.0,4401330.0,4401344.0,4401352.0,4401362.0,4401375.0,4401396.0,4401402.0,4401411.0,4401424.0,4401433.0,4401444.0,4401451.0,4401469.0,4401476.0,4401487.0,4401495.0,4401506.0,4401516.0,4401525.0,4401535.0,4401546.0,4401558.0,4401571.0,4401583.0,4401595.0,4401604.0,4401611.0,4401616.0,4401626.0,4401641.0,4401650.0,4401658.0,4401673.0,4401680.0,4401704.0,4401721.0,4401733.0,4401743.0,4401755.0,4401767.0,4401782.0,4401820.0,4401838.0,4401845.0,4401869.0,4401890.0,4401909.0,4401924.0,4401944.0,4401958.0,4401977.0,4401996.0,4402009.0,4402029.0,4402041.0,4402056.0,4402067.0,4402082.0,4402088.0,4402100.0,4402116.0,4402126.0,4402142.0,4402153.0,4402164.0,4402174.0,4402182.0,4402189.0,4402198.0,4402201.0,4402215.0,4402231.0,4402248.0,4402267.0,4402277.0,4402296.0,4402306.0,4402316.0,4402321.0,4402331.0,4402343.0,4402351.0,4402359.0,4402367.0,4402373.0,4402379.0,4402389.0,4402391.0,4402406.0,4402415.0,4402419.0,4402429.0,4402433.0,4402443.0,4402445.0,4402453.0,4402472.0,,,,,,,,,4402540.0,4402545.0,4402561.0,4402569.0,4402577.0,4402585.0,4402593.0,4402605.0,4402615.0,4402620.0,4402632.0,4402642.0,4402659.0,4402666.0,4402675.0,4402686.0,4402694.0,4402704.0,4402716.0,4402725.0,4402738.0,4402746.0,4402751.0,4402753.0,4402761.0,4402768.0,4402776.0,4402786.0,4402791.0,4402800.0,4402805.0,4402813.0,4402821.0,4402831.0,4402842.0,4402853.0,4402862.0,4402872.0,4402885.0,4402900.0,4402911.0,4402921.0,4402934.0,4402945.0,4402963.0,4402980.0,4402994.0,4403000.0,4403010.0,4403017.0,4403026.0,4403038.0,4403045.0,4403056.0,4403063.0,4403076.0,4403089.0,4403101.0,4403108.0,4403116.0,4403128.0,4403138.0,4403144.0,4403157.0,4403167.0,4403181.0,4403188.0,4403196.0,4403203.0,4403210.0,4403226.0,4403241
pCcUE8JA77U,15182.0,15185.0,15186.0,15188.0,15190.0,15191.0,15194.0,15196.0,15197.0,15198.0,15199.0,15200.0,15202.0,15204.0,15210.0,15212.0,15216.0,15219.0,15223.0,15223.0,15223.0,15223.0,15226.0,15226.0,15226.0,15228.0,15230.0,15232.0,15235.0,15236.0,15238.0,15238.0,15243.0,15242.0,15245.0,15247.0,15247.0,15249.0,15252.0,15254.0,15255.0,15256.0,15256.0,15256.0,15257.0,15258.0,15258.0,15259.0,15261.0,15263.0,15265.0,15267.0,15267.0,15270.0,15271.0,15274.0,15275.0,15276.0,15277.0,15277.0,15278.0,15278.0,15278.0,15278.0,15278.0,15279.0,15279.0,15279.0,15279.0,15279.0,15279.0,15279.0,15279.0,15281.0,15281.0,15282.0,15282.0,15284.0,15288.0,15289.0,15289.0,15289.0,15290.0,15291.0,15293.0,15293.0,15293.0,15295.0,15295.0,15295.0,15295.0,15295.0,15296.0,15296.0,15296.0,15297.0,15298.0,15298.0,15298.0,15298.0,15298.0,15299.0,15299.0,15300.0,15302.0,15303.0,15303.0,15303.0,15303.0,15303.0,15304.0,15305.0,15306.0,15306.0,15306.0,15307.0,15308.0,15309.0,15310.0,15310.0,15310.0,15311.0,15312.0,15314.0,15314.0,15314.0,15314.0,15315.0,15315.0,15316.0,15318.0,15322.0,15322.0,15323.0,,,,,,,,,15332.0,15332.0,15332.0,15332.0,15333.0,15333.0,15333.0,15333.0,15334.0,15335.0,15335.0,15337.0,15338.0,15340.0,15340.0,15341.0,15342.0,15344.0,15344.0,15344.0,15345.0,15346.0,15346.0,15349.0,15352.0,15352.0,15354.0,15355.0,15356.0,15357.0,15357.0,15358.0,15358.0,15358.0,15359.0,15359.0,15359.0,15359.0,15360.0,15360.0,15363.0,15364.0,15366.0,15366.0,15366.0,15366.0,15366.0,15367.0,15367.0,15367.0,15368.0,15368.0,15368.0,15368.0,15368.0,15368.0,15370.0,15370.0,15370.0,15371.0,15371.0,15371.0,15371.0,15374.0,15376.0,15376.0,15376.0,15377.0,15377.0,15377.0,15377.0,15377
OKLIQELnDDQ,1803040.0,1803403.0,1803762.0,1804185.0,1804755.0,1805268.0,1805809.0,1806358.0,1806833.0,1807310.0,1807873.0,1808525.0,1809244.0,1809908.0,1810634.0,1811327.0,1811861.0,1812398.0,1812894.0,1813494.0,1814047.0,1814681.0,1815199.0,1815634.0,1815984.0,1816492.0,1817086.0,1817584.0,1818070.0,1818617.0,1819085.0,1819546.0,1820048.0,1820491.0,1821066.0,1821569.0,1822077.0,1822535.0,1822928.0,1823407.0,1823912.0,1824381.0,1824915.0,1825398.0,1825796.0,1826179.0,1826602.0,1827028.0,1827997.0,1829083.0,1830052.0,1830843.0,1831503.0,1832288.0,1833109.0,1833870.0,1834685.0,1835285.0,1835953.0,1836562.0,1837172.0,1837834.0,1838368.0,1838919.0,1839538.0,1840110.0,1840532.0,1841096.0,1841614.0,1842290.0,1842829.0,1843320.0,1843803.0,1844328.0,1844797.0,1845322.0,1845797.0,1846342.0,1846850.0,1847336.0,1847811.0,1848294.0,1848742.0,1849287.0,1849731.0,1850190.0,1850538.0,1850970.0,1851319.0,1851841.0,1852324.0,1852747.0,1853107.0,1853539.0,1853837.0,1854292.0,1854712.0,1855180.0,1855753.0,1856227.0,1856633.0,1857104.0,1857601.0,1858156.0,1858739.0,1859254.0,1859771.0,1860192.0,1860611.0,1861042.0,1861516.0,1861951.0,1862346.0,1862811.0,1863179.0,1863554.0,1864034.0,1864429.0,1864817.0,1865304.0,1865889.0,1866375.0,1866933.0,1867462.0,1868084.0,1868691.0,1869177.0,1869725.0,1870212.0,1870604.0,1871100.0,1871588.0,1872299.0,1872832.0,,,,,,,,,1876903.0,1877320.0,1877815.0,1878268.0,1878737.0,1879172.0,1879556.0,1879885.0,1880244.0,1880582.0,1880931.0,1881339.0,1881789.0,1882183.0,1882560.0,1882869.0,1883222.0,1883621.0,1884000.0,1884452.0,1884896.0,1885250.0,1885593.0,1886004.0,1886384.0,1886765.0,1887228.0,1887568.0,1887975.0,1888328.0,1888758.0,1889232.0,1889618.0,1890068.0,1890433.0,1890760.0,1891109.0,1891505.0,1891981.0,1892417.0,1892825.0,1893260.0,1893629.0,1893969.0,1894467.0,1894913.0,1895340.0,1895813.0,1896241.0,1896596.0,1896945.0,1897260.0,1897661.0,1898093.0,1898549.0,1898895.0,1899194.0,1899403.0,1899571.0,1899759.0,1899920.0,1900088.0,1900258.0,1900420.0,1900568.0,1900729.0,1900890.0,1901051.0,1901166.0,1901312.0,1901474.0,1901614
CGsJ0w3Ds7Y,2242499.0,2242513.0,2242536.0,2242549.0,2242565.0,2242573.0,2242584.0,2242597.0,2242606.0,2242619.0,2242637.0,2242653.0,2242661.0,2242675.0,2242688.0,2242706.0,2242723.0,2242729.0,2242741.0,2242754.0,2242764.0,2242776.0,2242791.0,2242816.0,2242836.0,2242862.0,2242885.0,2242897.0,2242910.0,2242923.0,2242934.0,2242945.0,2242953.0,2242962.0,2242976.0,2242997.0,2243011.0,2243026.0,2243039.0,2243047.0,2243057.0,2243071.0,2243081.0,2243098.0,2243112.0,2243128.0,2243144.0,2243155.0,2243164.0,2243177.0,2243190.0,2243203.0,2243215.0,2243221.0,2243231.0,2243246.0,2243258.0,2243265.0,2243279.0,2243287.0,2243301.0,2243311.0,2243323.0,2243331.0,2243346.0,2243366.0,2243369.0,2243377.0,2243388.0,2243404.0,2243414.0,2243427.0,2243438.0,2243446.0,2243453.0,2243459.0,2243467.0,2243471.0,2243484.0,2243499.0,2243504.0,2243519.0,2243530.0,2243541.0,2243554.0,2243576.0,2243586.0,2243596.0,2243608.0,2243626.0,2243633.0,2243641.0,2243654.0,2243666.0,2243672.0,2243687.0,2243698.0,2243707.0,2243715.0,2243737.0,2243748.0,2243760.0,2243771.0,2243779.0,2243788.0,2243802.0,2243818.0,2243826.0,2243847.0,2243856.0,2243865.0,2243878.0,2243890.0,2243905.0,2243921.0,2243932.0,2243940.0,2243951.0,2243957.0,2243967.0,2243973.0,2243979.0,2243987.0,2243995.0,2244002.0,2244013.0,2244017.0,2244028.0,2244039.0,2244048.0,2244058.0,2244068.0,2244080.0,2244096.0,,,,,,,,,2244208.0,2244220.0,2244232.0,2244270.0,2244462.0,2244594.0,2244717.0,2244816.0,2244952.0,2245044.0,2245123.0,2245182.0,2245236.0,2245287.0,2245327.0,2245373.0,2245405.0,2245438.0,2245466.0,2245486.0,2245499.0,2245509.0,2245519.0,2245541.0,2245558.0,2245572.0,2245584.0,2245592.0,2245600.0,2245615.0,2245626.0,2245632.0,2245640.0,2245649.0,2245656.0,2245661.0,2245671.0,2245680.0,2245690.0,2245701.0,2245712.0,2245731.0,2245747.0,2245753.0,2245766.0,2245769.0,2245774.0,2245791.0,2245804.0,2245811.0,2245818.0,2245829.0,2245834.0,2245843.0,2245853.0,2245860.0,2245869.0,2245881.0,2245893.0,2245900.0,2245904.0,2245911.0,2245917.0,2245926.0,2245931.0,2245943.0,2245952.0,2245963.0,2245970.0,2245996.0,2246005.0,2246013
pBUK25Uxncg,274938.0,275191.0,275439.0,275707.0,276016.0,276373.0,276638.0,276996.0,277589.0,278046.0,278495.0,279054.0,279731.0,280388.0,281040.0,281699.0,282364.0,282904.0,283484.0,283947.0,284616.0,285123.0,285677.0,286106.0,286487.0,286941.0,287406.0,287824.0,288380.0,289047.0,289470.0,289854.0,290273.0,290777.0,291280.0,291711.0,292224.0,292629.0,292991.0,293444.0,293893.0,294313.0,294740.0,295095.0,295478.0,295840.0,296259.0,296734.0,297186.0,297682.0,298127.0,298451.0,298749.0,299064.0,299406.0,299696.0,299948.0,300234.0,300545.0,300851.0,301193.0,301465.0,301788.0,302190.0,302546.0,302866.0,303096.0,303393.0,303647.0,304040.0,304360.0,304620.0,304990.0,305303.0,305625.0,305943.0,306190.0,306463.0,306762.0,307036.0,307295.0,307487.0,307828.0,308218.0,308531.0,308903.0,309212.0,309480.0,309860.0,310155.0,310531.0,310946.0,311350.0,311754.0,312030.0,312431.0,312743.0,313136.0,313472.0,313754.0,314064.0,314355.0,314707.0,315036.0,315320.0,315578.0,315897.0,316108.0,316349.0,316632.0,316887.0,317124.0,317396.0,317669.0,317945.0,318116.0,318356.0,318563.0,318866.0,319166.0,319419.0,319631.0,319835.0,320110.0,320383.0,320690.0,320899.0,321160.0,321448.0,321661.0,321892.0,322128.0,322390.0,322682.0,,,,,,,,,325159.0,325386.0,325632.0,325849.0,326091.0,326344.0,326632.0,326858.0,327105.0,327301.0,327544.0,327862.0,328119.0,328308.0,328467.0,328634.0,328875.0,329071.0,329264.0,329475.0,329682.0,329874.0,330108.0,330322.0,330548.0,330750.0,330971.0,331212.0,331430.0,331570.0,331779.0,332008.0,332171.0,332357.0,332580.0,332759.0,332950.0,333121.0,333317.0,333522.0,333706.0,333959.0,334140.0,334336.0,334525.0,334704.0,334957.0,335207.0,335468.0,335678.0,335875.0,336106.0,336334.0,336562.0,336762.0,336970.0,337190.0,337374.0,337581.0,337809.0,338042.0,338218.0,338395.0,338575.0,338737.0,338922.0,339113.0,339310.0,339474.0,339639.0,339856.0,340101
9rroOpGy9iE,558671.0,559088.0,559543.0,559891.0,560308.0,560667.0,561063.0,561421.0,561819.0,562154.0,562451.0,562812.0,563156.0,563490.0,563855.0,564143.0,564481.0,564808.0,565151.0,565590.0,565939.0,566359.0,566732.0,567038.0,567360.0,567780.0,568166.0,568436.0,568771.0,569078.0,569362.0,569598.0,569957.0,570302.0,570649.0,570939.0,571258.0,571538.0,571792.0,572130.0,572429.0,572759.0,573106.0,573437.0,573782.0,574007.0,574273.0,574641.0,574939.0,575259.0,575589.0,575886.0,576213.0,576521.0,576887.0,577229.0,577501.0,577875.0,578219.0,578496.0,578813.0,579175.0,579515.0,579895.0,580270.0,580592.0,580851.0,581162.0,581412.0,581743.0,582070.0,582410.0,582734.0,583000.0,583409.0,583809.0,584259.0,584649.0,585018.0,585397.0,585719.0,586134.0,586486.0,586972.0,587336.0,587833.0,588185.0,588506.0,588812.0,589130.0,589491.0,589851.0,590190.0,590545.0,590828.0,591240.0,591601.0,592041.0,592392.0,592861.0,593256.0,593554.0,593967.0,594378.0,594752.0,595188.0,595650.0,596094.0,596513.0,596858.0,597215.0,597606.0,598016.0,598393.0,598700.0,598957.0,599235.0,599555.0,599853.0,600166.0,600465.0,600687.0,600942.0,601143.0,601401.0,601662.0,601888.0,602217.0,602497.0,602738.0,603019.0,603318.0,603630.0,603984.0,,,,,,,,,606661.0,606949.0,607315.0,607626.0,607944.0,608274.0,608576.0,608802.0,609138.0,609431.0,609777.0,610099.0,610518.0,610822.0,611122.0,611389.0,611713.0,612065.0,612407.0,612743.0,613077.0,613395.0,613646.0,614050.0,614350.0,614746.0,615040.0,615492.0,615791.0,616187.0,616563.0,616884.0,617262.0,617553.0,617974.0,618298.0,618573.0,618991.0,619356.0,619781.0,620140.0,620647.0,620982.0,621232.0,621574.0,621890.0,622302.0,622702.0,623186.0,623565.0,623958.0,624570.0,625072.0,625574.0,625983.0,626324.0,626643.0,626965.0,627367.0,627769.0,628127.0,628501.0,628925.0,629273.0,629576.0,630009.0,630437.0,630937.0,631277.0,631712.0,632190.0,632531
7Zof8Yk9_Io,1505272.0,1505292.0,1505309.0,1505332.0,1505350.0,1505371.0,1505393.0,1505405.0,1505414.0,1505424.0,1505442.0,1505455.0,1505472.0,1505495.0,1505509.0,1505519.0,1505532.0,1505538.0,1505546.0,1505558.0,1505569.0,1505574.0,1505583.0,1505594.0,1505603.0,1505625.0,1505639.0,1505651.0,1505663.0,1505674.0,1505691.0,1505706.0,1505720.0,1505731.0,1505750.0,1505763.0,1505778.0,1505792.0,1505805.0,1505811.0,1505821.0,1505830.0,1505837.0,1505850.0,1505857.0,1505867.0,1505876.0,1505886.0,1505897.0,1505909.0,1505918.0,1505928.0,1505935.0,1505943.0,1505952.0,1505986.0,1506011.0,1506035.0,1506068.0,1506086.0,1506097.0,1506107.0,1506129.0,1506155.0,1506174.0,1506190.0,1506203.0,1506225.0,1506235.0,1506251.0,1506274.0,1506303.0,1506319.0,1506339.0,1506365.0,1506383.0,1506393.0,1506426.0,1506451.0,1506470.0,1506490.0,1506501.0,1506515.0,1506531.0,1506539.0,1506549.0,1506567.0,1506593.0,1506608.0,1506620.0,1506641.0,1506660.0,1506672.0,1506686.0,1506698.0,1506706.0,1506722.0,1506737.0,1506748.0,1506761.0,1506789.0,1506803.0,1506824.0,1506839.0,1506852.0,1506864.0,1506869.0,1506881.0,1506889.0,1506901.0,1506916.0,1506933.0,1506944.0,1506958.0,1506976.0,1506991.0,1507006.0,1507018.0,1507023.0,1507030.0,1507051.0,1507069.0,1507083.0,1507098.0,1507117.0,1507129.0,1507139.0,1507151.0,1507166.0,1507174.0,1507190.0,1507204.0,1507210.0,1507218.0,,,,,,,,,1507331.0,1507345.0,1507351.0,1507358.0,1507366.0,1507375.0,1507388.0,1507393.0,1507404.0,1507416.0,1507426.0,1507440.0,1507455.0,1507470.0,1507480.0,1507494.0,1507505.0,1507516.0,1507523.0,1507533.0,1507545.0,1507558.0,1507570.0,1507583.0,1507597.0,1507612.0,1507625.0,1507641.0,1507663.0,1507685.0,1507703.0,1507712.0,1507728.0,1507737.0,1507741.0,1507763.0,1507784.0,1507804.0,1507820.0,1507845.0,1507868.0,1507906.0,1507934.0,1507952.0,1507974.0,1508001.0,1508023.0,1508037.0,1508060.0,1508088.0,1508111.0,1508140.0,1508169.0,1508189.0,1508208.0,1508232.0,1508268.0,1508289.0,1508321.0,1508352.0,1508379.0,1508406.0,1508441.0,1508463.0,1508484.0,1508498.0,1508521.0,1508536.0,1508626.0,1508666.0,1508684.0,1508713
ozdeNwauKjA,14593.0,14595.0,14598.0,14599.0,14602.0,14605.0,14609.0,14611.0,14615.0,14618.0,14619.0,14621.0,14623.0,14625.0,14627.0,14629.0,14631.0,14631.0,14632.0,14635.0,14636.0,14638.0,14640.0,14642.0,14644.0,14646.0,14646.0,14649.0,14656.0,14658.0,14663.0,14664.0,14667.0,14669.0,14671.0,14674.0,14675.0,14677.0,14682.0,14685.0,14688.0,14689.0,14692.0,14693.0,14693.0,14696.0,14697.0,14701.0,14702.0,14702.0,14703.0,14706.0,14707.0,14708.0,14709.0,14712.0,14715.0,14717.0,14719.0,14720.0,14720.0,14720.0,14722.0,14727.0,14728.0,14731.0,14731.0,14735.0,14737.0,14738.0,14741.0,14746.0,14747.0,14748.0,14749.0,14751.0,14752.0,14753.0,14753.0,14754.0,14759.0,14761.0,14762.0,14764.0,14765.0,14766.0,14769.0,14777.0,14786.0,14788.0,14790.0,14794.0,14798.0,14803.0,14808.0,14814.0,14823.0,14830.0,14833.0,14836.0,14846.0,14850.0,14854.0,14859.0,14867.0,14870.0,14872.0,14875.0,14881.0,14887.0,14898.0,14905.0,14912.0,14919.0,14927.0,14936.0,14945.0,14950.0,14958.0,14965.0,14971.0,14977.0,14982.0,14990.0,14997.0,15001.0,15003.0,15009.0,15014.0,15016.0,15018.0,15020.0,15034.0,15038.0,,,,,,,,,15070.0,15078.0,15082.0,15084.0,15088.0,15093.0,15094.0,15102.0,15109.0,15111.0,15115.0,15117.0,15121.0,15121.0,15125.0,15127.0,15132.0,15135.0,15137.0,15140.0,15144.0,15149.0,15153.0,15155.0,15160.0,15162.0,15163.0,15167.0,15170.0,15172.0,15175.0,15175.0,15177.0,15184.0,15188.0,15195.0,15201.0,15308.0,15347.0,15355.0,15364.0,15375.0,15381.0,15396.0,15412.0,15426.0,15443.0,15462.0,15490.0,15509.0,15524.0,15540.0,15557.0,15570.0,15584.0,15598.0,15615.0,15625.0,15648.0,15680.0,15906.0,15969.0,16012.0,16028.0,16037.0,16055.0,16077.0,16098.0,16114.0,16122.0,16129.0,16142
dZUhBakxjZk,279742.0,280504.0,281310.0,282171.0,283125.0,284132.0,285055.0,285829.0,286508.0,287291.0,288065.0,288948.0,289832.0,290624.0,291652.0,292425.0,293240.0,293871.0,294722.0,295857.0,296597.0,297426.0,298080.0,298889.0,299687.0,300461.0,301205.0,301993.0,302680.0,303269.0,303727.0,304115.0,304693.0,305384.0,306169.0,306836.0,307434.0,308076.0,308641.0,309291.0,309962.0,310722.0,311450.0,312008.0,312521.0,312849.0,313338.0,313805.0,314146.0,314563.0,314961.0,315294.0,315672.0,316029.0,316443.0,316827.0,317210.0,317579.0,317921.0,318297.0,318786.0,319386.0,319916.0,320322.0,320773.0,321239.0,321700.0,322097.0,322446.0,323027.0,323497.0,323904.0,324260.0,324555.0,325018.0,325494.0,325953.0,326355.0,326765.0,327167.0,327574.0,328059.0,328614.0,329064.0,329549.0,329998.0,330375.0,330691.0,331005.0,331362.0,331857.0,332228.0,332557.0,332945.0,333191.0,333486.0,333794.0,334107.0,334418.0,334817.0,335211.0,335538.0,335976.0,336391.0,336783.0,337191.0,337596.0,337934.0,338264.0,338604.0,338962.0,339376.0,339784.0,340170.0,340545.0,340821.0,341218.0,341699.0,342201.0,342641.0,343033.0,343403.0,343889.0,344256.0,344695.0,345138.0,345790.0,346862.0,347621.0,348313.0,349244.0,350771.0,352368.0,353513.0,,,,,,,,,361366.0,361884.0,362608.0,363461.0,364172.0,364779.0,365196.0,365685.0,366114.0,366671.0,367232.0,367716.0,368335.0,368921.0,369420.0,369839.0,370304.0,370760.0,371177.0,371626.0,372026.0,372366.0,372632.0,372932.0,373238.0,373564.0,373879.0,374242.0,374553.0,374803.0,375133.0,375423.0,375791.0,376073.0,376484.0,376811.0,377086.0,377482.0,377887.0,378330.0,378703.0,379119.0,379508.0,379869.0,380297.0,380750.0,381142.0,381484.0,381917.0,382237.0,382509.0,382864.0,383173.0,383466.0,383879.0,384201.0,384493.0,384732.0,384971.0,385316.0,385585.0,385778.0,386083.0,386364.0,386571.0,386850.0,387203.0,387583.0,387776.0,388025.0,388304.0,388547
ibgjzLnd4NA,95897.0,95942.0,95983.0,96016.0,96076.0,96128.0,96162.0,96209.0,96270.0,96332.0,96376.0,96415.0,96452.0,96500.0,96559.0,96611.0,96651.0,96707.0,96749.0,96784.0,96815.0,96859.0,96911.0,96981.0,97040.0,97091.0,97145.0,97199.0,97253.0,97297.0,97338.0,97394.0,97452.0,97490.0,97542.0,97606.0,97681.0,97739.0,97784.0,97820.0,97871.0,97937.0,97984.0,98042.0,98103.0,98144.0,98197.0,98252.0,98310.0,98343.0,98391.0,98442.0,98501.0,98552.0,98605.0,98662.0,98720.0,98827.0,98964.0,99132.0,99254.0,99388.0,99454.0,99553.0,99621.0,99694.0,99769.0,99846.0,99917.0,100064.0,100159.0,100338.0,100499.0,100640.0,100772.0,100889.0,100989.0,101104.0,101177.0,101248.0,101319.0,101393.0,101459.0,101498.0,101557.0,101601.0,101643.0,101698.0,101732.0,101759.0,101802.0,101837.0,101879.0,101912.0,101946.0,101991.0,102027.0,102058.0,102098.0,102128.0,102160.0,102189.0,102226.0,102259.0,102292.0,102337.0,102370.0,102399.0,102432.0,102466.0,102490.0,102532.0,102582.0,102619.0,102655.0,102692.0,102718.0,102763.0,102810.0,102831.0,102873.0,102911.0,102938.0,102965.0,102998.0,103037.0,103084.0,103111.0,103154.0,103184.0,103223.0,103250.0,103289.0,103330.0,,,,,,,,,103621.0,103656.0,103682.0,103729.0,103793.0,103860.0,103926.0,103978.0,104057.0,104114.0,104152.0,104202.0,104236.0,104292.0,104341.0,104369.0,104399.0,104430.0,104462.0,104491.0,104519.0,104544.0,104580.0,104616.0,104647.0,104681.0,104717.0,104745.0,104773.0,104801.0,104837.0,104875.0,104907.0,104933.0,104970.0,104995.0,105016.0,105042.0,105076.0,105102.0,105136.0,105169.0,105192.0,105213.0,105233.0,105262.0,105285.0,105306.0,105333.0,105353.0,105379.0,105398.0,105432.0,105454.0,105470.0,105484.0,105499.0,105516.0,105536.0,105556.0,105569.0,105586.0,105602.0,105617.0,105634.0,105656.0,105683.0,105702.0,105718.0,105738.0,105756.0,105775
ybzSugAh6nw,59293.0,59295.0,59297.0,59299.0,59301.0,59301.0,59301.0,59305.0,59306.0,59310.0,59318.0,59322.0,59316.0,59321.0,59322.0,59326.0,59330.0,59332.0,59334.0,59336.0,59337.0,59338.0,59341.0,59344.0,59347.0,59351.0,59359.0,59371.0,59360.0,59361.0,59361.0,59363.0,59370.0,59380.0,59383.0,59376.0,59380.0,59379.0,59381.0,59385.0,59388.0,59391.0,59392.0,59398.0,59400.0,59402.0,59404.0,59401.0,59409.0,59408.0,59416.0,59417.0,59426.0,59420.0,59422.0,59425.0,59428.0,59427.0,59431.0,59433.0,59442.0,59441.0,59447.0,59449.0,59455.0,59459.0,59463.0,59463.0,59466.0,59466.0,59464.0,59470.0,59494.0,59500.0,59501.0,59515.0,59514.0,59522.0,59525.0,59506.0,59512.0,59511.0,59519.0,59523.0,59519.0,59531.0,59523.0,59527.0,59528.0,59528.0,59533.0,59535.0,59536.0,59543.0,59549.0,59541.0,59541.0,59554.0,59543.0,59549.0,59553.0,59552.0,59559.0,59559.0,59563.0,59566.0,59593.0,59579.0,59597.0,59599.0,59595.0,59610.0,59604.0,59604.0,59603.0,59613.0,59616.0,59620.0,59618.0,59615.0,59623.0,59625.0,59628.0,59631.0,59632.0,59636.0,59641.0,59640.0,59648.0,59646.0,59647.0,59649.0,59652.0,59655.0,,,,,,,,,59673.0,59677.0,59674.0,59672.0,59674.0,59674.0,59676.0,59680.0,59681.0,59683.0,59685.0,59707.0,59690.0,59691.0,59692.0,59695.0,59701.0,59706.0,59717.0,59706.0,59710.0,59711.0,59711.0,59718.0,59719.0,59720.0,59721.0,59747.0,59756.0,59729.0,59732.0,59734.0,59734.0,59741.0,59760.0,59738.0,59743.0,59744.0,59747.0,59749.0,59749.0,59752.0,59759.0,59758.0,59762.0,59763.0,59764.0,59767.0,59771.0,59776.0,59777.0,59781.0,59790.0,59789.0,59792.0,59791.0,59792.0,59796.0,59805.0,59813.0,59818.0,59823.0,59827.0,59835.0,59844.0,59848.0,59853.0,59856.0,59861.0,59865.0,59866.0,59871
NIYsOkFYTPE,161.0,161.0,161.0,161.0,161.0,161.0,161.0,161.0,161.0,161.0,161.0,161.0,161.0,161.0,161.0,161.0,161.0,161.0,161.0,162.0,162.0,162.0,162.0,162.0,162.0,162.0,162.0,162.0,162.0,162.0,162.0,162.0,162.0,162.0,162.0,162.0,162.0,162.0,162.0,162.0,162.0,162.0,162.0,162.0,164.0,164.0,164.0,164.0,164.0,164.0,164.0,164.0,164.0,164.0,164.0,164.0,164.0,164.0,164.0,164.0,164.0,164.0,164.0,164.0,164.0,164.0,164.0,164.0,164.0,164.0,164.0,164.0,164.0,164.0,164.0,164.0,164.0,164.0,164.0,164.0,164.0,164.0,164.0,164.0,164.0,164.0,164.0,164.0,164.0,164.0,164.0,164.0,164.0,164.0,164.0,164.0,164.0,164.0,164.0,164.0,164.0,164.0,164.0,164.0,164.0,164.0,164.0,164.0,164.0,164.0,164.0,164.0,164.0,164.0,164.0,164.0,164.0,164.0,164.0,164.0,164.0,164.0,164.0,164.0,165.0,165.0,165.0,165.0,165.0,165.0,165.0,165.0,166.0,166.0,,,,,,,,,166.0,166.0,166.0,166.0,166.0,166.0,166.0,166.0,166.0,166.0,166.0,166.0,166.0,166.0,166.0,166.0,166.0,166.0,166.0,166.0,166.0,166.0,166.0,166.0,166.0,166.0,166.0,166.0,166.0,166.0,166.0,166.0,166.0,166.0,166.0,166.0,166.0,166.0,166.0,166.0,168.0,168.0,168.0,168.0,168.0,168.0,168.0,168.0,168.0,168.0,168.0,168.0,168.0,169.0,169.0,169.0,169.0,169.0,169.0,169.0,169.0,169.0,169.0,169.0,169.0,169.0,169.0,169.0,169.0,169.0,169.0,169
w2P9NT8P8qA,16036680.0,16038109.0,16039831.0,16041524.0,16043074.0,16044620.0,16046138.0,16047707.0,16049304.0,16051067.0,16052884.0,16054580.0,16056308.0,16057972.0,16059608.0,16061203.0,16062858.0,16064428.0,16065950.0,16067374.0,16068918.0,16070515.0,16072228.0,16074717.0,16077867.0,16081966.0,16086566.0,16092478.0,16098860.0,16106294.0,16114665.0,16122785.0,16130725.0,16139031.0,16146711.0,16155293.0,16163897.0,16172617.0,16181408.0,16189624.0,16197933.0,16206058.0,16212640.0,16218753.0,16224780.0,16230169.0,16235442.0,16240763.0,16245959.0,16250817.0,16255497.0,16260337.0,16264848.0,16269199.0,16273665.0,16278037.0,16282154.0,16286419.0,16290582.0,16294848.0,16298941.0,16302926.0,16306773.0,16310467.0,16313995.0,16317482.0,16320761.0,16323954.0,16326794.0,16330497.0,16333804.0,16336876.0,16340105.0,16343239.0,16346405.0,16349550.0,16352708.0,16355937.0,16359059.0,16362270.0,16365239.0,16368155.0,16370823.0,16373652.0,16376465.0,16379451.0,16382407.0,16385059.0,16387461.0,16389932.0,16392444.0,16394774.0,16397312.0,16399841.0,16402456.0,16404614.0,16406628.0,16408680.0,16410763.0,16412883.0,16415333.0,16417751.0,16419803.0,16421738.0,16423724.0,16425705.0,16427639.0,16429800.0,16431951.0,16433910.0,16435691.0,16437645.0,16439528.0,16441434.0,16443492.0,16445476.0,16447386.0,16449218.0,16451000.0,16452578.0,16454372.0,16456261.0,16458047.0,16459604.0,16461162.0,16462767.0,16464524.0,16466185.0,16467938.0,16469638.0,16471276.0,16472707.0,16474259.0,16475732.0,,,,,,,,,16490631.0,16492614.0,16494418.0,16496232.0,16498019.0,16500077.0,16501931.0,16503895.0,16505934.0,16507476.0,16509035.0,16510490.0,16511958.0,16513482.0,16515300.0,16516944.0,16518415.0,16519874.0,16521287.0,16522498.0,16523713.0,16525077.0,16526489.0,16527736.0,16528910.0,16530055.0,16531362.0,16532695.0,16534048.0,16535421.0,16536735.0,16538048.0,16539218.0,16540542.0,16541841.0,16543195.0,16544565.0,16545884.0,16547197.0,16548470.0,16549777.0,16551208.0,16552715.0,16554075.0,16555309.0,16556707.0,16557965.0,16559269.0,16560604.0,16561952.0,16563252.0,16564533.0,16565794.0,16567135.0,16568427.0,16569725.0,16571175.0,16572618.0,16574121.0,16575604.0,16577089.0,16578540.0,16579910.0,16581252.0,16582541.0,16583997.0,16585383.0,16586685.0,16587894.0,16589039.0,16590355.0,16591661
P7IndHiF-nE,26189.0,26189.0,26190.0,26191.0,26191.0,26191.0,26191.0,26192.0,26192.0,26192.0,26192.0,26192.0,26192.0,26192.0,26192.0,26193.0,26193.0,26193.0,26193.0,26193.0,26193.0,26193.0,26194.0,26194.0,26195.0,26198.0,26198.0,26199.0,26200.0,26199.0,26199.0,26199.0,26200.0,26201.0,26200.0,26201.0,26201.0,26202.0,26203.0,26205.0,26206.0,26206.0,26206.0,26206.0,26206.0,26206.0,26209.0,26210.0,26212.0,26212.0,26215.0,26215.0,26215.0,26215.0,26215.0,26215.0,26216.0,26217.0,26218.0,26218.0,26218.0,26218.0,26218.0,26219.0,26220.0,26220.0,26220.0,26220.0,26220.0,26220.0,26220.0,26220.0,26220.0,26220.0,26221.0,26221.0,26221.0,26220.0,26220.0,26220.0,26220.0,26220.0,26221.0,26221.0,26221.0,26221.0,26221.0,26221.0,26221.0,26222.0,26224.0,26224.0,26225.0,26225.0,26225.0,26225.0,26225.0,26225.0,26226.0,26227.0,26227.0,26227.0,26227.0,26228.0,26228.0,26228.0,26228.0,26228.0,26228.0,26228.0,26228.0,26229.0,26229.0,26229.0,26229.0,26229.0,26231.0,26231.0,26231.0,26232.0,26232.0,26232.0,26233.0,26233.0,26233.0,26233.0,26233.0,26233.0,26233.0,26234.0,26234.0,26234.0,26234.0,26234.0,,,,,,,,,26236.0,26236.0,26236.0,26236.0,26236.0,26236.0,26237.0,26238.0,26238.0,26237.0,26237.0,26237.0,26237.0,26237.0,26237.0,26237.0,26237.0,26237.0,26237.0,26237.0,26237.0,26238.0,26239.0,26239.0,26239.0,26239.0,26240.0,26241.0,26242.0,26242.0,26244.0,26244.0,26244.0,26244.0,26244.0,26245.0,26245.0,26246.0,26246.0,26246.0,26246.0,26246.0,26246.0,26247.0,26248.0,26249.0,26247.0,26247.0,26247.0,26247.0,26247.0,26247.0,26247.0,26247.0,26248.0,26250.0,26251.0,26251.0,26251.0,26252.0,26252.0,26252.0,26252.0,26252.0,26253.0,26254.0,26254.0,26254.0,26255.0,26255.0,26257.0,26257
4zmWVaAZU-s,12884386.0,12885175.0,12886158.0,12887181.0,12888052.0,12889053.0,12889919.0,12890810.0,12891660.0,12892664.0,12893689.0,12894600.0,12895429.0,12896319.0,12897240.0,12898066.0,12898969.0,12899786.0,12900585.0,12901411.0,12902243.0,12903074.0,12903918.0,12905209.0,12907033.0,12909391.0,12912287.0,12915706.0,12920232.0,12924685.0,12929665.0,12934280.0,12938951.0,12943571.0,12947927.0,12952276.0,12957068.0,12961921.0,12966553.0,12970666.0,12974729.0,12978770.0,12983051.0,12987247.0,12991372.0,12994922.0,12998219.0,13001619.0,13004969.0,13008165.0,13011203.0,13014481.0,13017658.0,13020518.0,13023661.0,13026683.0,13029778.0,13032988.0,13036295.0,13039408.0,13042148.0,13044887.0,13047914.0,13050736.0,13053270.0,13055976.0,13058608.0,13061086.0,13063252.0,13065837.0,13068219.0,13070579.0,13072723.0,13074997.0,13077051.0,13079180.0,13081299.0,13083426.0,13085625.0,13087995.0,13090248.0,13092382.0,13094371.0,13096419.0,13098376.0,13100467.0,13102534.0,13104543.0,13106262.0,13107824.0,13109371.0,13110917.0,13112448.0,13114208.0,13116066.0,13117466.0,13118774.0,13120035.0,13121346.0,13122737.0,13124257.0,13125884.0,13127212.0,13128550.0,13129869.0,13131181.0,13132413.0,13133912.0,13135442.0,13136824.0,13137939.0,13139174.0,13140280.0,13141441.0,13142862.0,13144328.0,13145451.0,13146637.0,13147736.0,13148791.0,13149863.0,13150996.0,13152178.0,13153356.0,13154366.0,13155370.0,13156433.0,13157464.0,13158640.0,13159800.0,13160802.0,13161744.0,13162593.0,13163492.0,,,,,,,,,13171726.0,13172807.0,13173762.0,13174693.0,13175363.0,13176607.0,13177515.0,13178499.0,13179487.0,13180319.0,13181113.0,13181976.0,13182896.0,13183876.0,13184899.0,13185892.0,13186696.0,13187499.0,13188323.0,13189118.0,13189846.0,13190829.0,13191727.0,13192590.0,13193359.0,13194187.0,13195036.0,13195891.0,13196784.0,13197685.0,13198488.0,13199185.0,13199930.0,13200623.0,13201218.0,13202019.0,13202722.0,13203401.0,13204029.0,13204683.0,13205400.0,13206116.0,13206792.0,13207548.0,13208217.0,13208925.0,13209620.0,13210265.0,13210936.0,13211715.0,13212432.0,13213088.0,13213738.0,13214429.0,13215108.0,13215823.0,13216629.0,13217308.0,13217968.0,13218635.0,13219380.0,13219999.0,13220617.0,13221275.0,13221882.0,13222541.0,13223328.0,13223974.0,13224700.0,13225396.0,13226125.0,13226828
nOPtMUF1gsc,234215.0,234252.0,234281.0,234333.0,234392.0,234429.0,234464.0,234522.0,234577.0,234625.0,234685.0,234748.0,234790.0,234856.0,234894.0,234944.0,234994.0,235037.0,235079.0,235129.0,235205.0,235241.0,235290.0,235332.0,235372.0,235422.0,235486.0,235528.0,235577.0,235632.0,235672.0,235713.0,235779.0,235831.0,235883.0,235931.0,236009.0,236053.0,236114.0,236163.0,236233.0,236292.0,236365.0,236431.0,236483.0,236524.0,236579.0,236631.0,236675.0,236739.0,236805.0,236865.0,236916.0,236962.0,237011.0,237059.0,237103.0,237177.0,237227.0,237270.0,237321.0,237372.0,237417.0,237461.0,237521.0,237573.0,237609.0,237656.0,237695.0,237755.0,237807.0,237859.0,237907.0,237964.0,238015.0,238070.0,238141.0,238200.0,238250.0,238298.0,238341.0,238393.0,238433.0,238479.0,238533.0,238579.0,238635.0,238663.0,238708.0,238741.0,238778.0,238829.0,238877.0,238915.0,238956.0,239001.0,239073.0,239133.0,239191.0,239255.0,239293.0,239325.0,239386.0,239439.0,239490.0,239543.0,239598.0,239646.0,239688.0,239730.0,239773.0,239821.0,239856.0,239900.0,239929.0,239967.0,239998.0,240053.0,240108.0,240148.0,240184.0,240217.0,240260.0,240299.0,240347.0,240391.0,240436.0,240467.0,240501.0,240545.0,240589.0,240624.0,240661.0,240694.0,,,,,,,,,241059.0,241100.0,241125.0,241157.0,241185.0,241215.0,241230.0,241248.0,241268.0,241290.0,241313.0,241334.0,241353.0,241381.0,241401.0,241415.0,241442.0,241471.0,241499.0,241528.0,241553.0,241588.0,241625.0,241656.0,241674.0,241707.0,241752.0,241790.0,241815.0,241835.0,241868.0,241898.0,241919.0,241948.0,241981.0,242018.0,242045.0,242070.0,242110.0,242139.0,242165.0,242185.0,242219.0,242250.0,242279.0,242314.0,242359.0,242395.0,242428.0,242463.0,242498.0,242518.0,242548.0,242585.0,242607.0,242634.0,242656.0,242696.0,242724.0,242749.0,242770.0,242799.0,242822.0,242861.0,242889.0,242924.0,242966.0,242994.0,243036.0,243076.0,243107.0,243123
1NqwfqnIb1A,120665.0,120704.0,120746.0,120781.0,120813.0,120839.0,120873.0,120905.0,120947.0,120984.0,121017.0,121060.0,121090.0,121124.0,121150.0,121185.0,121222.0,121250.0,121271.0,121305.0,121341.0,121375.0,121410.0,121438.0,121471.0,121512.0,121542.0,121582.0,121619.0,121670.0,121720.0,121768.0,121823.0,121881.0,121942.0,122034.0,122145.0,122246.0,122379.0,122489.0,122615.0,122712.0,122812.0,122897.0,122987.0,123062.0,123122.0,123197.0,123274.0,123359.0,123437.0,123518.0,123563.0,123634.0,123717.0,123793.0,123864.0,123921.0,123967.0,123995.0,124052.0,124103.0,124170.0,124218.0,124265.0,124319.0,124368.0,124416.0,124472.0,124518.0,124549.0,124597.0,124628.0,124683.0,124717.0,124741.0,124792.0,124826.0,124869.0,124913.0,124953.0,124975.0,125042.0,125084.0,125107.0,125140.0,125192.0,125233.0,125286.0,125315.0,125355.0,125395.0,125435.0,125473.0,125520.0,125562.0,125597.0,125622.0,125670.0,125704.0,125738.0,125768.0,125804.0,125832.0,125861.0,125897.0,125928.0,125963.0,126019.0,126050.0,126091.0,126135.0,126163.0,126189.0,126229.0,126273.0,126305.0,126349.0,126399.0,126438.0,126470.0,126518.0,126554.0,126611.0,126660.0,126707.0,126734.0,126781.0,126805.0,126841.0,126883.0,126943.0,126992.0,127021.0,,,,,,,,,127380.0,127409.0,127442.0,127470.0,127503.0,127539.0,127586.0,127619.0,127655.0,127701.0,127730.0,127771.0,127809.0,127855.0,127887.0,127934.0,127960.0,127991.0,128016.0,128036.0,128084.0,128121.0,128155.0,128187.0,128219.0,128258.0,128289.0,128330.0,128369.0,128403.0,128451.0,128491.0,128523.0,128563.0,128610.0,128637.0,128675.0,128714.0,128745.0,128810.0,128852.0,128894.0,128941.0,128976.0,129008.0,129054.0,129097.0,129162.0,129207.0,129240.0,129303.0,129364.0,129427.0,129460.0,129506.0,129554.0,129596.0,129635.0,129677.0,129712.0,129740.0,129768.0,129816.0,129839.0,129893.0,129925.0,129963.0,129992.0,130033.0,130073.0,130143.0,130170
U1qNU_S_UYA,1207.0,1207.0,1207.0,1207.0,1207.0,1207.0,1207.0,1207.0,1207.0,1207.0,1207.0,1207.0,1207.0,1207.0,1208.0,1209.0,1209.0,1209.0,1209.0,1209.0,1209.0,1209.0,1209.0,1209.0,1209.0,1211.0,1211.0,1211.0,1212.0,1212.0,1212.0,1212.0,1212.0,1212.0,1212.0,1212.0,1212.0,1212.0,1213.0,1213.0,1213.0,1213.0,1213.0,1213.0,1213.0,1213.0,1213.0,1213.0,1214.0,1214.0,1214.0,1214.0,1214.0,1214.0,1214.0,1214.0,1214.0,1214.0,1214.0,1215.0,1215.0,1215.0,1215.0,1215.0,1215.0,1216.0,1216.0,1216.0,1216.0,1216.0,1216.0,1216.0,1216.0,1216.0,1217.0,1217.0,1217.0,1217.0,1217.0,1217.0,1217.0,1217.0,1217.0,1217.0,1218.0,1218.0,1218.0,1218.0,1218.0,1218.0,1218.0,1218.0,1218.0,1218.0,1218.0,1218.0,1218.0,1218.0,1218.0,1218.0,1218.0,1218.0,1218.0,1218.0,1218.0,1218.0,1218.0,1218.0,1218.0,1220.0,1221.0,1221.0,1221.0,1221.0,1221.0,1221.0,1221.0,1221.0,1221.0,1221.0,1221.0,1221.0,1221.0,1221.0,1221.0,1221.0,1221.0,1221.0,1221.0,1221.0,1221.0,1221.0,1221.0,1221.0,,,,,,,,,1223.0,1223.0,1223.0,1223.0,1223.0,1223.0,1223.0,1223.0,1223.0,1223.0,1223.0,1223.0,1224.0,1224.0,1224.0,1224.0,1224.0,1224.0,1224.0,1224.0,1224.0,1224.0,1224.0,1224.0,1224.0,1224.0,1224.0,1224.0,1224.0,1224.0,1224.0,1225.0,1225.0,1225.0,1225.0,1225.0,1225.0,1225.0,1225.0,1225.0,1225.0,1225.0,1225.0,1225.0,1225.0,1225.0,1226.0,1226.0,1226.0,1226.0,1226.0,1227.0,1227.0,1227.0,1227.0,1227.0,1227.0,1227.0,1227.0,1227.0,1227.0,1227.0,1227.0,1227.0,1227.0,1227.0,1227.0,1227.0,1227.0,1228.0,1228.0,1228
H3YuV-tII5E,3945.0,3945.0,3946.0,3946.0,3946.0,3946.0,3946.0,3946.0,3946.0,3946.0,3946.0,3946.0,3946.0,3947.0,3947.0,3947.0,3947.0,3947.0,3947.0,3947.0,3947.0,3947.0,3947.0,3947.0,3947.0,3947.0,3947.0,3947.0,3947.0,3947.0,3947.0,3947.0,3947.0,3948.0,3949.0,3949.0,3949.0,3949.0,3949.0,3949.0,3949.0,3949.0,3949.0,3949.0,3950.0,3950.0,3950.0,3950.0,3953.0,3955.0,3956.0,3956.0,3956.0,3956.0,3956.0,3956.0,3958.0,3958.0,3958.0,3958.0,3958.0,3958.0,3960.0,3960.0,3961.0,3961.0,3961.0,3961.0,3961.0,3961.0,3962.0,3962.0,3962.0,3962.0,3962.0,3962.0,3963.0,3964.0,3964.0,3964.0,3964.0,3964.0,3966.0,3966.0,3967.0,3967.0,3967.0,3967.0,3967.0,3968.0,3968.0,3968.0,3968.0,3968.0,3969.0,3969.0,3969.0,3971.0,3971.0,3971.0,3971.0,3971.0,3971.0,3971.0,3973.0,3973.0,3974.0,3975.0,3975.0,3975.0,3975.0,3975.0,3976.0,3976.0,3977.0,3977.0,3977.0,3977.0,3977.0,3977.0,3977.0,3978.0,3978.0,3978.0,3978.0,3978.0,3978.0,3978.0,3978.0,3978.0,3979.0,3979.0,3980.0,3980.0,,,,,,,,,3980.0,3980.0,3980.0,3982.0,3982.0,3982.0,3982.0,3983.0,3985.0,3985.0,3985.0,3985.0,3985.0,3986.0,3986.0,3986.0,3988.0,3989.0,3989.0,3989.0,3989.0,3990.0,3990.0,3990.0,3992.0,3992.0,3992.0,3993.0,3993.0,3993.0,3993.0,3993.0,3993.0,3993.0,3993.0,3994.0,3994.0,3994.0,3994.0,3994.0,3994.0,3994.0,3994.0,3994.0,3994.0,3994.0,3994.0,3994.0,3994.0,3994.0,3994.0,3994.0,3994.0,3994.0,3994.0,3994.0,3994.0,3994.0,3994.0,3994.0,3994.0,3994.0,3995.0,3995.0,3995.0,3997.0,3997.0,3997.0,3997.0,3997.0,3997.0,3998
cm02oSFp_EU,114955.0,115040.0,115105.0,115164.0,115241.0,115315.0,115378.0,115456.0,115509.0,115572.0,115631.0,115701.0,115782.0,115850.0,115937.0,116008.0,116104.0,116168.0,116240.0,116325.0,116396.0,116509.0,116591.0,116636.0,116719.0,116797.0,116873.0,116967.0,117055.0,117105.0,117174.0,117232.0,117288.0,117354.0,117480.0,117537.0,117603.0,117628.0,117686.0,117740.0,117798.0,117867.0,117922.0,117975.0,118021.0,118072.0,118139.0,118184.0,118233.0,118272.0,118333.0,118422.0,118473.0,118534.0,118591.0,118644.0,118698.0,118752.0,118811.0,118861.0,118941.0,119001.0,119044.0,119111.0,119170.0,119238.0,119276.0,119323.0,119364.0,119424.0,119485.0,119528.0,119585.0,119642.0,119714.0,119769.0,119846.0,119896.0,119949.0,119997.0,120062.0,120130.0,120207.0,120256.0,120339.0,120398.0,120472.0,120507.0,120614.0,120670.0,120734.0,120791.0,120836.0,120888.0,120933.0,120992.0,121052.0,121104.0,121177.0,121225.0,121294.0,121387.0,121439.0,121537.0,121612.0,121691.0,121760.0,121815.0,121872.0,121919.0,121984.0,122055.0,122151.0,122201.0,122252.0,122294.0,122347.0,122419.0,122480.0,122530.0,122572.0,122649.0,122702.0,122754.0,122801.0,122840.0,122888.0,122972.0,123054.0,123104.0,123175.0,123222.0,123286.0,123337.0,,,,,,,,,123842.0,123909.0,123955.0,124012.0,124081.0,124143.0,124206.0,124257.0,124333.0,124432.0,124481.0,124547.0,124619.0,124691.0,124762.0,124808.0,124854.0,124908.0,124983.0,125055.0,125134.0,125187.0,125238.0,125321.0,125350.0,125415.0,125479.0,125534.0,125589.0,125643.0,125694.0,125767.0,125829.0,125918.0,125976.0,126025.0,126117.0,126165.0,126230.0,126279.0,126324.0,126369.0,126414.0,126472.0,126515.0,126570.0,126641.0,126708.0,126773.0,126821.0,126864.0,126898.0,126951.0,127001.0,127059.0,127131.0,127179.0,127219.0,127262.0,127313.0,127355.0,127403.0,127430.0,127481.0,127517.0,127562.0,127614.0,127648.0,127691.0,127743.0,127773.0,127813
RJqcqP_FBug,118520.0,118520.0,118520.0,118520.0,118520.0,118520.0,118520.0,118520.0,118520.0,118520.0,118520.0,118520.0,118520.0,118520.0,118520.0,118520.0,118520.0,118520.0,118520.0,118520.0,118520.0,118520.0,118520.0,118520.0,118520.0,118520.0,118520.0,118520.0,118520.0,118520.0,118520.0,118520.0,118520.0,118520.0,118520.0,118520.0,118520.0,118520.0,118520.0,118520.0,118520.0,118520.0,118520.0,118520.0,118520.0,118520.0,118520.0,118520.0,118520.0,118520.0,118520.0,118520.0,118520.0,118520.0,118520.0,118520.0,118520.0,118520.0,118520.0,118520.0,118520.0,118520.0,118520.0,118520.0,118520.0,118520.0,118520.0,118520.0,118520.0,118520.0,118520.0,118520.0,118520.0,118520.0,118520.0,118520.0,118520.0,118520.0,118520.0,118520.0,118520.0,118520.0,118520.0,118520.0,118520.0,118520.0,118520.0,118520.0,118520.0,118520.0,118520.0,118520.0,118520.0,118520.0,118520.0,118520.0,118520.0,118520.0,118520.0,118520.0,118520.0,118520.0,118520.0,118520.0,118520.0,118520.0,118520.0,118520.0,118520.0,118520.0,118520.0,118520.0,118520.0,118520.0,118520.0,118520.0,118520.0,118520.0,118520.0,118520.0,118520.0,118520.0,118520.0,118520.0,118520.0,118520.0,118520.0,118520.0,118520.0,118520.0,118520.0,118520.0,118520.0,118520.0,,,,,,,,,118520.0,118520.0,118520.0,118520.0,118520.0,118520.0,118520.0,118520.0,118520.0,118520.0,118520.0,118520.0,118520.0,118520.0,118520.0,118520.0,118520.0,118520.0,118520.0,118520.0,118520.0,118520.0,118520.0,118520.0,118520.0,118520.0,118520.0,118520.0,118520.0,118520.0,118520.0,118520.0,118520.0,118520.0,118520.0,118520.0,118520.0,118520.0,118520.0,118520.0,118520.0,118520.0,118520.0,118520.0,118520.0,118520.0,118520.0,118520.0,118520.0,118520.0,118520.0,118520.0,118520.0,118520.0,118520.0,118520.0,118520.0,118520.0,118520.0,118520.0,118520.0,118520.0,118520.0,118520.0,118520.0,118520.0,118520.0,118520.0,118520.0,118520.0,118520.0,118520
8r8deqj49Q8,78102.0,78109.0,78118.0,78124.0,78131.0,78143.0,78155.0,78182.0,78193.0,78201.0,78207.0,78216.0,78232.0,78243.0,78251.0,78257.0,78267.0,78271.0,78276.0,78284.0,78291.0,78303.0,78307.0,78310.0,78312.0,78320.0,78326.0,78332.0,78340.0,78346.0,78351.0,78357.0,78384.0,78392.0,78397.0,78408.0,78414.0,78425.0,78435.0,78443.0,78450.0,78461.0,78463.0,78465.0,78471.0,78480.0,78486.0,78495.0,78503.0,78506.0,78536.0,78545.0,78558.0,78568.0,78580.0,78585.0,78594.0,78601.0,78607.0,78617.0,78623.0,78635.0,78645.0,78653.0,78662.0,78670.0,78678.0,78692.0,78697.0,78706.0,78713.0,78717.0,78717.0,78729.0,78735.0,78741.0,78751.0,78761.0,78764.0,78771.0,78779.0,78782.0,78791.0,78801.0,78810.0,78817.0,78824.0,78833.0,78847.0,78858.0,78860.0,78865.0,78872.0,78880.0,78893.0,78901.0,78911.0,78919.0,78927.0,78936.0,78943.0,78951.0,78957.0,78960.0,78967.0,78970.0,78979.0,78987.0,78993.0,78997.0,79007.0,79010.0,79017.0,79021.0,79035.0,79046.0,79055.0,79060.0,79069.0,79077.0,79084.0,79087.0,79095.0,79106.0,79112.0,79121.0,79126.0,79128.0,79137.0,79150.0,79156.0,79162.0,79172.0,79180.0,,,,,,,,,79236.0,79242.0,79245.0,79259.0,79275.0,79291.0,79303.0,79311.0,79316.0,79320.0,79325.0,79335.0,79339.0,79345.0,79351.0,79361.0,79371.0,79373.0,79379.0,79389.0,79392.0,79399.0,79402.0,79413.0,79421.0,79424.0,79431.0,79439.0,79455.0,79463.0,79473.0,79480.0,79486.0,79511.0,79519.0,79531.0,79541.0,79553.0,79557.0,79574.0,79577.0,79580.0,79587.0,79595.0,79597.0,79600.0,79615.0,79624.0,79632.0,79647.0,79652.0,79659.0,79666.0,79669.0,79670.0,79673.0,79680.0,79690.0,79693.0,79700.0,79706.0,79709.0,79715.0,79719.0,79724.0,79730.0,79738.0,79743.0,79745.0,79749.0,79754.0,79758
rPiH6enhp8c,561.0,561.0,561.0,561.0,561.0,561.0,561.0,561.0,561.0,561.0,561.0,561.0,561.0,561.0,561.0,562.0,563.0,563.0,563.0,564.0,564.0,564.0,564.0,564.0,564.0,564.0,565.0,565.0,565.0,565.0,567.0,569.0,569.0,569.0,569.0,569.0,569.0,569.0,569.0,571.0,572.0,572.0,572.0,573.0,573.0,574.0,575.0,576.0,578.0,580.0,580.0,580.0,581.0,581.0,581.0,582.0,582.0,584.0,584.0,586.0,586.0,586.0,587.0,588.0,588.0,588.0,588.0,588.0,588.0,588.0,588.0,588.0,588.0,589.0,589.0,589.0,589.0,589.0,589.0,589.0,589.0,589.0,589.0,589.0,589.0,589.0,589.0,589.0,589.0,589.0,590.0,590.0,590.0,591.0,591.0,591.0,591.0,591.0,591.0,591.0,591.0,591.0,592.0,592.0,592.0,592.0,592.0,593.0,593.0,593.0,594.0,594.0,594.0,594.0,595.0,596.0,596.0,596.0,596.0,596.0,596.0,596.0,596.0,600.0,601.0,601.0,601.0,601.0,601.0,601.0,601.0,601.0,601.0,601.0,,,,,,,,,604.0,604.0,604.0,605.0,605.0,605.0,605.0,605.0,605.0,605.0,605.0,606.0,606.0,606.0,606.0,607.0,607.0,607.0,607.0,607.0,608.0,608.0,608.0,608.0,608.0,612.0,613.0,614.0,614.0,614.0,614.0,614.0,614.0,614.0,615.0,615.0,615.0,616.0,616.0,616.0,616.0,616.0,616.0,616.0,617.0,617.0,618.0,618.0,618.0,618.0,618.0,618.0,618.0,619.0,619.0,619.0,619.0,619.0,619.0,620.0,621.0,621.0,621.0,622.0,622.0,622.0,622.0,623.0,624.0,624.0,624.0,625
2lqybzIWpTI,141.0,141.0,141.0,141.0,141.0,141.0,141.0,141.0,141.0,141.0,141.0,141.0,141.0,141.0,141.0,141.0,142.0,142.0,142.0,142.0,142.0,142.0,143.0,143.0,144.0,145.0,145.0,145.0,145.0,145.0,145.0,145.0,145.0,145.0,145.0,146.0,146.0,146.0,146.0,147.0,148.0,148.0,148.0,148.0,148.0,148.0,148.0,149.0,149.0,149.0,149.0,149.0,149.0,149.0,149.0,149.0,149.0,150.0,150.0,151.0,151.0,151.0,151.0,151.0,151.0,151.0,151.0,151.0,151.0,152.0,152.0,152.0,152.0,152.0,152.0,152.0,152.0,152.0,153.0,153.0,153.0,153.0,153.0,153.0,153.0,153.0,153.0,153.0,153.0,153.0,153.0,154.0,154.0,154.0,154.0,154.0,155.0,155.0,155.0,155.0,157.0,157.0,157.0,157.0,157.0,159.0,159.0,159.0,159.0,159.0,159.0,159.0,159.0,159.0,159.0,159.0,159.0,159.0,159.0,159.0,159.0,159.0,159.0,160.0,160.0,160.0,160.0,160.0,160.0,160.0,161.0,161.0,161.0,161.0,,,,,,,,,161.0,161.0,161.0,161.0,161.0,161.0,161.0,161.0,161.0,161.0,161.0,162.0,162.0,163.0,163.0,163.0,163.0,163.0,163.0,163.0,164.0,164.0,165.0,165.0,165.0,166.0,171.0,172.0,175.0,175.0,175.0,175.0,177.0,177.0,177.0,179.0,181.0,181.0,182.0,182.0,182.0,182.0,182.0,183.0,183.0,183.0,183.0,183.0,183.0,183.0,183.0,183.0,183.0,183.0,183.0,183.0,183.0,183.0,183.0,183.0,183.0,183.0,183.0,183.0,183.0,183.0,183.0,183.0,183.0,183.0,183.0,183
lmgm7voONng,5521.0,5526.0,5527.0,5528.0,5531.0,5532.0,5532.0,5533.0,5534.0,5534.0,5534.0,5536.0,5536.0,5536.0,5537.0,5538.0,5541.0,5544.0,5545.0,5548.0,5552.0,5554.0,5557.0,5561.0,5572.0,5573.0,5574.0,5576.0,5577.0,5578.0,5581.0,5584.0,5586.0,5587.0,5589.0,5590.0,5590.0,5591.0,5596.0,5603.0,5609.0,5612.0,5614.0,5615.0,5616.0,5619.0,5623.0,5626.0,5628.0,5631.0,5632.0,5634.0,5638.0,5640.0,5641.0,5644.0,5646.0,5652.0,5656.0,5660.0,5662.0,5664.0,5666.0,5668.0,5670.0,5674.0,5678.0,5682.0,5684.0,5685.0,5687.0,5687.0,5692.0,5692.0,5694.0,5696.0,5699.0,5700.0,5703.0,5705.0,5705.0,5707.0,5709.0,5710.0,5711.0,5711.0,5711.0,5712.0,5712.0,5713.0,5713.0,5715.0,5718.0,5720.0,5720.0,5722.0,5724.0,5725.0,5727.0,5730.0,5730.0,5730.0,5732.0,5733.0,5733.0,5734.0,5738.0,5740.0,5740.0,5740.0,5741.0,5741.0,5742.0,5746.0,5748.0,5750.0,5752.0,5754.0,5757.0,5757.0,5761.0,5766.0,5767.0,5771.0,5773.0,5774.0,5775.0,5775.0,5775.0,5776.0,5778.0,5780.0,5781.0,5781.0,,,,,,,,,5795.0,5796.0,5796.0,5797.0,5798.0,5802.0,5806.0,5808.0,5809.0,5809.0,5812.0,5814.0,5816.0,5817.0,5818.0,5819.0,5819.0,5821.0,5823.0,5824.0,5825.0,5826.0,5826.0,5827.0,5828.0,5829.0,5832.0,5833.0,5834.0,5834.0,5834.0,5835.0,5840.0,5842.0,5844.0,5845.0,5845.0,5845.0,5846.0,5846.0,5850.0,5852.0,5853.0,5856.0,5857.0,5859.0,5861.0,5862.0,5862.0,5863.0,5865.0,5867.0,5868.0,5868.0,5869.0,5870.0,5871.0,5873.0,5873.0,5875.0,5875.0,5875.0,5875.0,5875.0,5876.0,5876.0,5877.0,5878.0,5879.0,5879.0,5880.0,5880
Lfv6-3lM79Y,1256.0,1257.0,1257.0,1258.0,1259.0,1259.0,1260.0,1261.0,1261.0,1263.0,1265.0,1266.0,1267.0,1268.0,1269.0,1269.0,1269.0,1269.0,1269.0,1269.0,1269.0,1269.0,1269.0,1270.0,1270.0,1270.0,1270.0,1270.0,1270.0,1270.0,1272.0,1272.0,1272.0,1272.0,1272.0,1272.0,1272.0,1272.0,1272.0,1272.0,1272.0,1272.0,1272.0,1272.0,1272.0,1272.0,1275.0,1275.0,1277.0,1278.0,1278.0,1280.0,1280.0,1280.0,1280.0,1280.0,1282.0,1282.0,1282.0,1282.0,1282.0,1284.0,1285.0,1285.0,1285.0,1285.0,1285.0,1285.0,1285.0,1285.0,1286.0,1287.0,1288.0,1288.0,1288.0,1288.0,1288.0,1288.0,1288.0,1288.0,1288.0,1288.0,1288.0,1288.0,1288.0,1288.0,1288.0,1288.0,1288.0,1288.0,1288.0,1289.0,1289.0,1289.0,1289.0,1289.0,1289.0,1289.0,1289.0,1289.0,1289.0,1289.0,1289.0,1289.0,1290.0,1290.0,1290.0,1290.0,1292.0,1292.0,1292.0,1292.0,1292.0,1292.0,1292.0,1292.0,1292.0,1292.0,1292.0,1293.0,1294.0,1297.0,1298.0,1299.0,1300.0,1301.0,1302.0,1304.0,1304.0,1305.0,1305.0,1305.0,1305.0,1307.0,,,,,,,,,1309.0,1310.0,1310.0,1310.0,1310.0,1310.0,1310.0,1310.0,1310.0,1311.0,1311.0,1311.0,1311.0,1311.0,1311.0,1311.0,1311.0,1312.0,1312.0,1312.0,1312.0,1312.0,1312.0,1312.0,1312.0,1312.0,1312.0,1312.0,1312.0,1312.0,1312.0,1312.0,1312.0,1312.0,1313.0,1313.0,1313.0,1314.0,1314.0,1314.0,1314.0,1314.0,1316.0,1316.0,1316.0,1318.0,1318.0,1318.0,1318.0,1318.0,1318.0,1318.0,1319.0,1319.0,1319.0,1320.0,1320.0,1320.0,1321.0,1321.0,1321.0,1321.0,1321.0,1321.0,1321.0,1321.0,1322.0,1322.0,1322.0,1324.0,1324.0,1324
vzzb5EcvslA,190305.0,190395.0,190474.0,190562.0,190663.0,190775.0,190892.0,191018.0,191119.0,191249.0,191346.0,191444.0,191564.0,191662.0,191768.0,191888.0,191993.0,192086.0,192218.0,192334.0,192469.0,192592.0,192685.0,192794.0,192879.0,193005.0,193135.0,193255.0,193362.0,193462.0,193570.0,193676.0,193780.0,193903.0,194039.0,194149.0,194258.0,194343.0,194426.0,194532.0,194634.0,194725.0,194849.0,194948.0,195057.0,195138.0,195291.0,195382.0,195481.0,195580.0,195685.0,195765.0,195842.0,195931.0,196031.0,196125.0,196209.0,196275.0,196353.0,196428.0,196501.0,196609.0,196717.0,196837.0,196932.0,197020.0,197096.0,197181.0,197248.0,197327.0,197432.0,197520.0,197594.0,197677.0,197764.0,197865.0,197957.0,198043.0,198141.0,198216.0,198285.0,198375.0,198460.0,198551.0,198643.0,198758.0,198821.0,198908.0,199020.0,199121.0,199209.0,199296.0,199395.0,199479.0,199552.0,199649.0,199740.0,199840.0,199944.0,200035.0,200102.0,200165.0,200244.0,200338.0,200445.0,200527.0,200632.0,200758.0,200844.0,200930.0,201036.0,201132.0,201234.0,201336.0,201443.0,201522.0,201613.0,201680.0,201764.0,201847.0,201930.0,202000.0,202072.0,202169.0,202247.0,202342.0,202442.0,202571.0,202654.0,202761.0,202847.0,202932.0,203032.0,203132.0,,,,,,,,,203854.0,203913.0,204000.0,204086.0,204177.0,204266.0,204343.0,204407.0,204476.0,204548.0,204642.0,204730.0,204826.0,204892.0,204989.0,205068.0,205142.0,205222.0,205295.0,205382.0,205473.0,205560.0,205623.0,205709.0,205773.0,205854.0,205919.0,206003.0,206068.0,206138.0,206206.0,206292.0,206382.0,206453.0,206540.0,206625.0,206711.0,206793.0,206864.0,206936.0,207046.0,207127.0,207205.0,207314.0,207385.0,207474.0,207536.0,207629.0,207721.0,207799.0,207855.0,207929.0,208011.0,208081.0,208153.0,208235.0,208287.0,208342.0,208423.0,208480.0,208559.0,208629.0,208691.0,208755.0,208811.0,208893.0,208960.0,209038.0,209123.0,209179.0,209259.0,209340
B-WDxjdG9xA,8128.0,8150.0,8172.0,8194.0,8210.0,8233.0,8260.0,8285.0,8309.0,8332.0,8357.0,8370.0,8394.0,8432.0,8462.0,8503.0,8549.0,8581.0,8613.0,8643.0,8697.0,8726.0,8774.0,8801.0,8822.0,8859.0,8905.0,8947.0,8974.0,9002.0,9040.0,9060.0,9084.0,9106.0,9159.0,9191.0,9217.0,9241.0,9257.0,9303.0,9317.0,9356.0,9404.0,9440.0,9460.0,9476.0,9509.0,9541.0,9588.0,9619.0,9636.0,9653.0,9674.0,9688.0,9707.0,9731.0,9746.0,9775.0,9800.0,9810.0,9823.0,9837.0,9856.0,9875.0,9897.0,9911.0,9923.0,9947.0,9961.0,9986.0,9998.0,10007.0,10012.0,10018.0,10026.0,10040.0,10061.0,10081.0,10100.0,10111.0,10117.0,10135.0,10162.0,10177.0,10203.0,10221.0,10236.0,10256.0,10283.0,10307.0,10329.0,10375.0,10404.0,10429.0,10444.0,10465.0,10491.0,10515.0,10539.0,10558.0,10570.0,10590.0,10611.0,10635.0,10674.0,10707.0,10724.0,10760.0,10775.0,10807.0,10826.0,10857.0,10875.0,10895.0,10901.0,10910.0,10915.0,10928.0,10941.0,10953.0,10970.0,10986.0,11002.0,11012.0,11018.0,11031.0,11040.0,11059.0,11066.0,11081.0,11085.0,11092.0,11106.0,11122.0,,,,,,,,,11206.0,11213.0,11221.0,11230.0,11240.0,11261.0,11284.0,11297.0,11311.0,11321.0,11329.0,11332.0,11342.0,11346.0,11352.0,11355.0,11356.0,11365.0,11375.0,11380.0,11389.0,11394.0,11397.0,11400.0,11402.0,11406.0,11408.0,11413.0,11414.0,11418.0,11421.0,11425.0,11427.0,11431.0,11434.0,11436.0,11441.0,11445.0,11450.0,11453.0,11455.0,11459.0,11462.0,11466.0,11473.0,11481.0,11489.0,11494.0,11495.0,11497.0,11501.0,11509.0,11528.0,11538.0,11557.0,11567.0,11581.0,11582.0,11591.0,11598.0,11603.0,11609.0,11611.0,11615.0,11619.0,11622.0,11631.0,11640.0,11643.0,11643.0,11646.0,11650
vrT9cD-6mds,151244.0,151251.0,151257.0,151264.0,151275.0,151285.0,151297.0,151309.0,151317.0,151323.0,151329.0,151344.0,151355.0,151373.0,151379.0,151391.0,151399.0,151409.0,151420.0,151431.0,151436.0,151450.0,151460.0,151471.0,151479.0,151484.0,151494.0,151503.0,151510.0,151520.0,151530.0,151539.0,151545.0,151553.0,151567.0,151574.0,151577.0,151587.0,151591.0,151604.0,151610.0,151621.0,151630.0,151639.0,151646.0,151653.0,151662.0,151673.0,151684.0,151692.0,151705.0,151714.0,151721.0,151725.0,151731.0,151740.0,151748.0,151754.0,151767.0,151774.0,151780.0,151790.0,151800.0,151808.0,151823.0,151828.0,151834.0,151837.0,151837.0,151841.0,151849.0,151857.0,151863.0,151866.0,151876.0,151882.0,151888.0,151893.0,151899.0,151908.0,151917.0,151926.0,151938.0,151941.0,151947.0,151951.0,151961.0,151972.0,151977.0,151981.0,151994.0,151999.0,152000.0,152011.0,152016.0,152023.0,152033.0,152045.0,152049.0,152061.0,152068.0,152075.0,152081.0,152091.0,152100.0,152112.0,152120.0,152122.0,152127.0,152145.0,152152.0,152171.0,152192.0,152202.0,152215.0,152224.0,152238.0,152251.0,152266.0,152284.0,152293.0,152300.0,152307.0,152313.0,152326.0,152342.0,152362.0,152378.0,152387.0,152396.0,152409.0,152424.0,152437.0,152452.0,,,,,,,,,152598.0,152617.0,152641.0,152671.0,152680.0,152700.0,152718.0,152731.0,152746.0,152765.0,152782.0,152802.0,152833.0,152871.0,152892.0,152911.0,152929.0,152948.0,152965.0,152982.0,152998.0,153015.0,153025.0,153049.0,153071.0,153100.0,153128.0,153143.0,153161.0,153177.0,153207.0,153221.0,153261.0,153283.0,153308.0,153324.0,153339.0,153360.0,153398.0,153428.0,153458.0,153492.0,153520.0,153558.0,153601.0,153650.0,153702.0,153759.0,153810.0,153854.0,153877.0,153916.0,153955.0,153986.0,154018.0,154038.0,154063.0,154091.0,154117.0,154146.0,154169.0,154195.0,154233.0,154254.0,154272.0,154297.0,154322.0,154345.0,154365.0,154383.0,154398.0,154406
yzjTpCgfIII,40175653.0,40186959.0,40198444.0,40210467.0,40223489.0,40235495.0,40246266.0,40255753.0,40267396.0,40281516.0,40294121.0,40305925.0,40316681.0,40328129.0,40339683.0,40351292.0,40362352.0,40372530.0,40382812.0,40394073.0,40406686.0,40421043.0,40435184.0,40446857.0,40458278.0,40469879.0,40482612.0,40495358.0,40509506.0,40523570.0,40538096.0,40549851.0,40560908.0,40573392.0,40586778.0,40601122.0,40616319.0,40631395.0,40644391.0,40656339.0,40669053.0,40681697.0,40695821.0,40711175.0,40726834.0,40741448.0,40754299.0,40767822.0,40780808.0,40794346.0,40807370.0,40821866.0,40833613.0,40845137.0,40859625.0,40872031.0,40885946.0,40900695.0,40915877.0,40929573.0,40940552.0,40953410.0,40966871.0,40980111.0,40992893.0,41005024.0,41017490.0,41026557.0,41037406.0,41050833.0,41062492.0,41073654.0,41085043.0,41098018.0,41110504.0,41123999.0,41137723.0,41149882.0,41163898.0,41176140.0,41188622.0,41201139.0,41212984.0,41224982.0,41237534.0,41249631.0,41260482.0,41271354.0,41284390.0,41297881.0,41311153.0,41323332.0,41333680.0,41345100.0,41355969.0,41366029.0,41377404.0,41389318.0,41400142.0,41410170.0,41419982.0,41431444.0,41442395.0,41453750.0,41465681.0,41477261.0,41488106.0,41498555.0,41507965.0,41517689.0,41528340.0,41539452.0,41549496.0,41559585.0,41569402.0,41578122.0,41587667.0,41597856.0,41608469.0,41618353.0,41628404.0,41638266.0,41647211.0,41655857.0,41665668.0,41675405.0,41685551.0,41696491.0,41706259.0,41715326.0,41725272.0,41735275.0,41744891.0,41753769.0,,,,,,,,,41834089.0,41842914.0,41851278.0,41859651.0,41867777.0,41875818.0,41883366.0,41890696.0,41898305.0,41905721.0,41913097.0,41920213.0,41927317.0,41934648.0,41941784.0,41948578.0,41955486.0,41963066.0,41971639.0,41980799.0,41989344.0,41997719.0,42005827.0,42013273.0,42021901.0,42030528.0,42038573.0,42047123.0,42055149.0,42063000.0,42070918.0,42079250.0,42087538.0,42096337.0,42104672.0,42113834.0,42122463.0,42131332.0,42140855.0,42150703.0,42160441.0,42169410.0,42177813.0,42186128.0,42194562.0,42203761.0,42213475.0,42222819.0,42232014.0,42240873.0,42248797.0,42256838.0,42265062.0,42273723.0,42281835.0,42289564.0,42296944.0,42304171.0,42311358.0,42319061.0,42327657.0,42335560.0,42343668.0,42351067.0,42358022.0,42365238.0,42372794.0,42380395.0,42387027.0,42393333.0,42400489.0,42408035
IwzkfMmNMpM,410419259.0,410522870.0,410645093.0,410773463.0,410892638.0,411017762.0,411150601.0,411297265.0,411445700.0,411590631.0,411728472.0,411858385.0,411999792.0,412131801.0,412260499.0,412388250.0,412515780.0,412638186.0,412750493.0,412871860.0,412995037.0,413122675.0,413244275.0,413369448.0,413487788.0,413599804.0,413706928.0,413817581.0,413932129.0,414034623.0,414142120.0,414247076.0,414347913.0,414449137.0,414553337.0,414666376.0,414779938.0,414897887.0,415018489.0,415128425.0,415245485.0,415364459.0,415479605.0,415599934.0,415711170.0,415817887.0,415915268.0,416022554.0,416130094.0,416230256.0,416326267.0,416433043.0,416531588.0,416622945.0,416717756.0,416813198.0,416910798.0,417008302.0,417111968.0,417215592.0,417311334.0,417406992.0,417500566.0,417595920.0,417690484.0,417783145.0,417876106.0,417971353.0,418053720.0,418159361.0,418255918.0,418355371.0,418457928.0,418556872.0,418653243.0,418752670.0,418852643.0,418954862.0,419056906.0,419154243.0,419248084.0,419335509.0,419424168.0,419524900.0,419621199.0,419717221.0,419817578.0,419911466.0,420001472.0,420092737.0,420189033.0,420286393.0,420385259.0,420485948.0,420588199.0,420681470.0,420776954.0,420874405.0,420977756.0,421079801.0,421190663.0,421293640.0,421387449.0,421485299.0,421582466.0,421681424.0,421780361.0,421885369.0,421984791.0,422074462.0,422168668.0,422267501.0,422367456.0,422472296.0,422579635.0,422682379.0,422772638.0,422865711.0,422956229.0,423042979.0,423131659.0,423225384.0,423315215.0,423395265.0,423481496.0,423571276.0,423662250.0,423760017.0,423863333.0,423962616.0,424057609.0,424150397.0,424245254.0,424341959.0,,,,,,,,,425331604.0,425444677.0,425546121.0,425647885.0,425755031.0,425868287.0,425981823.0,426098621.0,426213090.0,426313091.0,426414023.0,426513451.0,426623159.0,426726720.0,426835610.0,426938533.0,427028156.0,427121079.0,427218166.0,427324303.0,427431628.0,427541903.0,427648729.0,427746573.0,427851566.0,427954996.0,428067050.0,428186868.0,428308477.0,428427681.0,428537212.0,428645502.0,428750484.0,428858697.0,428971455.0,429093447.0,429203581.0,429315192.0,429427621.0,429540451.0,429653351.0,429765449.0,429904394.0,430035590.0,430160575.0,430285560.0,430410644.0,430540988.0,430674047.0,430810075.0,430937664.0,431052715.0,431167942.0,431288022.0,431408789.0,431535651.0,431663466.0,431784587.0,431898852.0,432019504.0,432140498.0,432260492.0,432364726.0,432473244.0,432578688.0,432681403.0,432785434.0,432894937.0,433012200.0,433101748.0,433198498.0,433292982
zNPwoj34nXQ,123007.0,123022.0,123039.0,123057.0,123069.0,123083.0,123100.0,123118.0,123127.0,123144.0,123163.0,123173.0,123195.0,123217.0,123229.0,123247.0,123261.0,123271.0,123287.0,123295.0,123316.0,123334.0,123345.0,123362.0,123376.0,123382.0,123396.0,123413.0,123428.0,123439.0,123454.0,123469.0,123485.0,123494.0,123512.0,123520.0,123534.0,123556.0,123573.0,123584.0,123596.0,123612.0,123625.0,123640.0,123659.0,123672.0,123677.0,123689.0,123707.0,123717.0,123732.0,123745.0,123765.0,123782.0,123794.0,123809.0,123824.0,123845.0,123867.0,123876.0,123890.0,123913.0,123927.0,123938.0,123959.0,123985.0,123997.0,124009.0,124019.0,124033.0,124055.0,124073.0,124093.0,124110.0,124122.0,124140.0,124162.0,124184.0,124198.0,124222.0,124249.0,124279.0,124295.0,124319.0,124349.0,124367.0,124396.0,124420.0,124440.0,124465.0,124483.0,124522.0,124543.0,124565.0,124584.0,124606.0,124632.0,124656.0,124679.0,124701.0,124722.0,124744.0,124764.0,124786.0,124806.0,124830.0,124846.0,124864.0,124879.0,124891.0,124902.0,124911.0,124923.0,124941.0,124953.0,124966.0,124977.0,124986.0,125004.0,125021.0,125029.0,125042.0,125058.0,125073.0,125082.0,125102.0,125110.0,125122.0,125131.0,125139.0,125146.0,125159.0,125170.0,125183.0,,,,,,,,,125271.0,125280.0,125291.0,125308.0,125319.0,125333.0,125420.0,125506.0,125639.0,125719.0,125801.0,125827.0,125863.0,125897.0,125926.0,125949.0,125970.0,125984.0,126001.0,126020.0,126034.0,126054.0,126070.0,126086.0,126094.0,126110.0,126127.0,126152.0,126166.0,126173.0,126186.0,126195.0,126210.0,126230.0,126239.0,126251.0,126263.0,126280.0,126294.0,126314.0,126342.0,126360.0,126378.0,126394.0,126419.0,126434.0,126452.0,126471.0,126485.0,126507.0,126523.0,126544.0,126556.0,126576.0,126587.0,126604.0,126616.0,126620.0,126634.0,126649.0,126662.0,126668.0,126688.0,126706.0,126713.0,126723.0,126738.0,126747.0,126761.0,126768.0,126775.0,126783
LqIdUsSTnis,277762.0,277797.0,277835.0,277867.0,277899.0,277935.0,277974.0,278015.0,278051.0,278085.0,278122.0,278149.0,278183.0,278206.0,278250.0,278290.0,278330.0,278379.0,278420.0,278449.0,278490.0,278540.0,278582.0,278613.0,278663.0,278701.0,278731.0,278767.0,278806.0,278840.0,278883.0,278905.0,278937.0,278966.0,279000.0,279035.0,279072.0,279105.0,279131.0,279171.0,279198.0,279241.0,279273.0,279313.0,279347.0,279391.0,279423.0,279449.0,279496.0,279538.0,279567.0,279594.0,279642.0,279684.0,279725.0,279755.0,279809.0,279854.0,279902.0,279943.0,279984.0,280045.0,280085.0,280142.0,280216.0,280262.0,280298.0,280342.0,280378.0,280427.0,280477.0,280504.0,280543.0,280586.0,280627.0,280669.0,280711.0,280772.0,280821.0,280875.0,280902.0,280960.0,281012.0,281050.0,281090.0,281144.0,281184.0,281221.0,281270.0,281322.0,281376.0,281430.0,281485.0,281542.0,281597.0,281655.0,281690.0,281737.0,281780.0,281827.0,281872.0,281919.0,281956.0,281999.0,282054.0,282091.0,282115.0,282153.0,282195.0,282238.0,282280.0,282315.0,282354.0,282393.0,282432.0,282470.0,282506.0,282534.0,282568.0,282604.0,282649.0,282697.0,282723.0,282744.0,282776.0,282807.0,282853.0,282902.0,282956.0,282986.0,283020.0,283068.0,283101.0,283146.0,,,,,,,,,283617.0,283665.0,283717.0,283758.0,283811.0,283851.0,283902.0,283930.0,283987.0,284030.0,284074.0,284121.0,284177.0,284215.0,284249.0,284292.0,284329.0,284363.0,284400.0,284428.0,284471.0,284508.0,284538.0,284560.0,284607.0,284641.0,284673.0,284701.0,284749.0,284786.0,284844.0,284882.0,284911.0,284961.0,284997.0,285026.0,285057.0,285103.0,285152.0,285201.0,285240.0,285296.0,285333.0,285367.0,285411.0,285447.0,285499.0,285546.0,285586.0,285643.0,285683.0,285729.0,285776.0,285827.0,285874.0,285918.0,285964.0,286013.0,286067.0,286116.0,286160.0,286192.0,286233.0,286276.0,286308.0,286341.0,286399.0,286425.0,286460.0,286504.0,286540.0,286588
rRwcspW0wp4,45406.0,45417.0,45424.0,45439.0,45462.0,45476.0,45494.0,45514.0,45519.0,45533.0,45541.0,45550.0,45563.0,45572.0,45583.0,45598.0,45606.0,45614.0,45621.0,45636.0,45644.0,45652.0,45662.0,45674.0,45679.0,45688.0,45696.0,45726.0,45740.0,45750.0,45772.0,45783.0,45801.0,45812.0,45828.0,45851.0,45866.0,45876.0,45898.0,45924.0,45941.0,45955.0,45973.0,45987.0,46002.0,46009.0,46016.0,46029.0,46045.0,46056.0,46067.0,46079.0,46088.0,46099.0,46109.0,46125.0,46134.0,46145.0,46162.0,46172.0,46179.0,46192.0,46200.0,46213.0,46222.0,46242.0,46261.0,46271.0,46283.0,46308.0,46325.0,46345.0,46361.0,46375.0,46391.0,46404.0,46428.0,46462.0,46486.0,46505.0,46517.0,46531.0,46548.0,46560.0,46571.0,46582.0,46592.0,46604.0,46620.0,46628.0,46640.0,46650.0,46667.0,46681.0,46695.0,46708.0,46719.0,46731.0,46740.0,46750.0,46762.0,46769.0,46773.0,46789.0,46797.0,46800.0,46811.0,46816.0,46823.0,46831.0,46839.0,46847.0,46854.0,46860.0,46869.0,46883.0,46893.0,46906.0,46916.0,46926.0,47030.0,47041.0,47045.0,46966.0,46976.0,46984.0,46997.0,47006.0,47014.0,47023.0,47030.0,47040.0,47047.0,47059.0,,,,,,,,,47138.0,47150.0,47158.0,47168.0,47183.0,47193.0,47204.0,47212.0,47224.0,47234.0,47248.0,47265.0,47271.0,47281.0,47285.0,47293.0,47302.0,47309.0,47313.0,47322.0,47329.0,47337.0,47350.0,47362.0,47366.0,47373.0,47382.0,47392.0,47398.0,47405.0,47415.0,47424.0,47436.0,47443.0,47451.0,47456.0,47465.0,47476.0,47489.0,47499.0,47512.0,47527.0,47538.0,47548.0,47562.0,47578.0,47585.0,47597.0,47610.0,47622.0,47628.0,47636.0,47645.0,47653.0,47660.0,47675.0,47682.0,47691.0,47702.0,47713.0,47719.0,47730.0,47738.0,47758.0,47766.0,47776.0,47792.0,47802.0,47809.0,47817.0,47830.0,47846
RDZwRBClWm8,52825.0,52845.0,52856.0,52865.0,52879.0,52896.0,52913.0,52936.0,52968.0,52983.0,52996.0,53006.0,53022.0,53037.0,53056.0,53073.0,53094.0,53113.0,53123.0,53135.0,53150.0,53163.0,53179.0,53191.0,53207.0,53226.0,53242.0,53257.0,53275.0,53293.0,53323.0,53333.0,53342.0,53352.0,53371.0,53384.0,53398.0,53404.0,53410.0,53425.0,53439.0,53451.0,53475.0,53494.0,53504.0,53511.0,53523.0,53531.0,53548.0,53565.0,53578.0,53595.0,53605.0,53620.0,53639.0,53655.0,53678.0,53696.0,53714.0,53735.0,53751.0,53769.0,53783.0,53807.0,53826.0,53841.0,53865.0,53885.0,53906.0,53924.0,53936.0,53961.0,53982.0,54002.0,54020.0,54038.0,54059.0,54082.0,54099.0,54113.0,54118.0,54131.0,54155.0,54175.0,54197.0,54220.0,54229.0,54244.0,54262.0,54284.0,54304.0,54337.0,54360.0,54386.0,54405.0,54424.0,54435.0,54447.0,54468.0,54486.0,54499.0,54511.0,54524.0,54536.0,54549.0,54560.0,54580.0,54610.0,54623.0,54637.0,54643.0,54658.0,54664.0,54676.0,54692.0,54696.0,54706.0,54724.0,54738.0,54753.0,54764.0,54770.0,54779.0,54788.0,54831.0,54843.0,54856.0,54877.0,54913.0,54934.0,54944.0,54961.0,54980.0,54990.0,,,,,,,,,55122.0,55133.0,55139.0,55150.0,55161.0,55175.0,55179.0,55188.0,55197.0,55211.0,55225.0,55240.0,55260.0,55270.0,55304.0,55314.0,55321.0,55343.0,55351.0,55355.0,55364.0,55375.0,55381.0,55393.0,55406.0,55417.0,55428.0,55445.0,55458.0,55466.0,55471.0,55488.0,55495.0,55499.0,55510.0,55523.0,55530.0,55539.0,55548.0,55562.0,55572.0,55586.0,55597.0,55603.0,55612.0,55625.0,55642.0,55662.0,55674.0,55694.0,55705.0,55715.0,55732.0,55749.0,55769.0,55784.0,55791.0,55799.0,55818.0,55833.0,55843.0,55855.0,55866.0,55873.0,55882.0,55890.0,55907.0,55920.0,55934.0,55944.0,55952.0,55975
BOiDDtKsW0I,33962.0,33965.0,33967.0,33968.0,33971.0,33972.0,33974.0,33975.0,33975.0,33979.0,33982.0,33984.0,33986.0,33989.0,33988.0,33990.0,34003.0,34006.0,34008.0,34008.0,34008.0,34014.0,34023.0,34031.0,34035.0,34040.0,34044.0,34048.0,34056.0,34084.0,34114.0,34127.0,34133.0,34141.0,34149.0,34153.0,34157.0,34161.0,34167.0,34176.0,34179.0,34183.0,34190.0,34193.0,34198.0,34204.0,34208.0,34210.0,34214.0,34224.0,34230.0,34236.0,34246.0,34251.0,34253.0,34264.0,34271.0,34276.0,34283.0,34288.0,34301.0,34308.0,34318.0,34332.0,34336.0,34341.0,34344.0,34352.0,34355.0,34357.0,34363.0,34365.0,34368.0,34369.0,34372.0,34377.0,34380.0,34386.0,34390.0,34394.0,34403.0,34409.0,34414.0,34418.0,34420.0,34426.0,34432.0,34436.0,34437.0,34440.0,34441.0,34442.0,34447.0,34449.0,34452.0,34457.0,34460.0,34465.0,34471.0,34474.0,34477.0,34478.0,34482.0,34484.0,34486.0,34487.0,34489.0,34491.0,34491.0,34493.0,34498.0,34504.0,34510.0,34514.0,34516.0,34517.0,34520.0,34522.0,34524.0,34525.0,34525.0,34525.0,34530.0,34537.0,34541.0,34544.0,34546.0,34552.0,34557.0,34559.0,34561.0,34561.0,34566.0,34567.0,,,,,,,,,34599.0,34602.0,34605.0,34608.0,34609.0,34609.0,34609.0,34611.0,34616.0,34617.0,34619.0,34620.0,34621.0,34627.0,34629.0,34632.0,34636.0,34641.0,34642.0,34643.0,34646.0,34648.0,34652.0,34654.0,34654.0,34655.0,34658.0,34660.0,34661.0,34667.0,34669.0,34669.0,34669.0,34674.0,34676.0,34680.0,34683.0,34687.0,34687.0,34690.0,34698.0,34700.0,34703.0,34706.0,34710.0,34719.0,34722.0,34723.0,34726.0,34728.0,34732.0,34735.0,34735.0,34736.0,34740.0,34744.0,34753.0,34754.0,34760.0,34761.0,34765.0,34765.0,34769.0,34770.0,34771.0,34772.0,34774.0,34774.0,34776.0,34779.0,34780.0,34781
sprpoI1kjJM,16586.0,16595.0,16616.0,16630.0,16651.0,16664.0,16674.0,16690.0,16703.0,16712.0,16725.0,16737.0,16748.0,16762.0,16773.0,16790.0,16800.0,16808.0,16815.0,16820.0,16822.0,16832.0,16839.0,16846.0,16853.0,16861.0,16866.0,16877.0,16888.0,16903.0,16910.0,16916.0,16925.0,16940.0,16951.0,16959.0,16966.0,16973.0,16981.0,16985.0,16997.0,17010.0,17018.0,17026.0,17039.0,17050.0,17062.0,17080.0,17091.0,17107.0,17133.0,17149.0,17160.0,17177.0,17190.0,17202.0,17224.0,17242.0,17263.0,17278.0,17300.0,17324.0,17334.0,17348.0,17365.0,17384.0,17398.0,17409.0,17419.0,17433.0,17446.0,17456.0,17471.0,17477.0,17494.0,17508.0,17523.0,17548.0,17557.0,17572.0,17587.0,17615.0,17634.0,17647.0,17670.0,17691.0,17705.0,17718.0,17729.0,17742.0,17761.0,17765.0,17772.0,17782.0,17791.0,17804.0,17810.0,17823.0,17839.0,17848.0,17858.0,17867.0,17874.0,17883.0,17898.0,17911.0,17918.0,17930.0,17936.0,17946.0,17959.0,17973.0,17982.0,17989.0,18003.0,18013.0,18039.0,18051.0,18056.0,18067.0,18080.0,18095.0,18107.0,18117.0,18131.0,18145.0,18156.0,18178.0,18186.0,18198.0,18208.0,18221.0,18233.0,18241.0,,,,,,,,,18341.0,18351.0,18358.0,18362.0,18383.0,18395.0,18405.0,18418.0,18424.0,18429.0,18438.0,18444.0,18450.0,18461.0,18470.0,18476.0,18481.0,18490.0,18498.0,18506.0,18512.0,18516.0,18524.0,18533.0,18543.0,18560.0,18564.0,18572.0,18580.0,18585.0,18596.0,18606.0,18615.0,18625.0,18638.0,18644.0,18653.0,18664.0,18670.0,18676.0,18688.0,18690.0,18702.0,18710.0,18718.0,18729.0,18740.0,18750.0,18755.0,18761.0,18768.0,18777.0,18785.0,18798.0,18808.0,18817.0,18822.0,18826.0,18841.0,18857.0,18870.0,18883.0,18889.0,18901.0,18919.0,18930.0,18943.0,18960.0,18968.0,18976.0,18995.0,19001
wq5BpZHRRSQ,348879.0,348994.0,349146.0,349263.0,349375.0,349515.0,349633.0,349782.0,349914.0,350045.0,350144.0,350256.0,350412.0,350531.0,350656.0,350767.0,350888.0,350985.0,351104.0,351222.0,351338.0,351452.0,351581.0,351694.0,351778.0,351892.0,352019.0,352145.0,352316.0,352459.0,352595.0,352706.0,352830.0,352927.0,353075.0,353214.0,353344.0,353443.0,353538.0,353655.0,353784.0,353919.0,354051.0,354161.0,354284.0,354385.0,354516.0,354627.0,354766.0,354901.0,355014.0,355139.0,355265.0,355376.0,355481.0,355614.0,355736.0,355817.0,355951.0,356071.0,356223.0,356370.0,356523.0,356664.0,356816.0,356953.0,357059.0,357170.0,357319.0,357469.0,357613.0,357733.0,357863.0,357964.0,358076.0,358180.0,358291.0,358422.0,358558.0,358725.0,358832.0,358991.0,359099.0,359246.0,359390.0,359570.0,359705.0,359831.0,359950.0,360107.0,360316.0,360457.0,360619.0,360782.0,360910.0,361056.0,361192.0,361293.0,361435.0,361557.0,361709.0,361816.0,361935.0,362053.0,362169.0,362299.0,362410.0,362512.0,362633.0,362739.0,362873.0,362980.0,363122.0,363242.0,363378.0,363472.0,363576.0,363693.0,363789.0,363914.0,364022.0,364123.0,364224.0,364350.0,364471.0,364594.0,364714.0,364837.0,364941.0,365030.0,365162.0,365301.0,365504.0,365655.0,,,,,,,,,366966.0,367071.0,367199.0,367334.0,367451.0,367567.0,367692.0,367799.0,367909.0,368017.0,368097.0,368213.0,368330.0,368431.0,368528.0,368628.0,368728.0,368832.0,368927.0,369010.0,369122.0,369241.0,369324.0,369397.0,369496.0,369576.0,369661.0,369761.0,369850.0,369977.0,370074.0,370192.0,370321.0,370432.0,370535.0,370637.0,370707.0,370821.0,370939.0,371032.0,371147.0,371251.0,371349.0,371421.0,371514.0,371610.0,371705.0,371826.0,371925.0,372033.0,372142.0,372239.0,372347.0,372441.0,372545.0,372651.0,372729.0,372806.0,372897.0,372983.0,373074.0,373168.0,373249.0,373352.0,373437.0,373519.0,373607.0,373688.0,373750.0,373836.0,373925.0,374010
V4GenrnxYho,275753.0,276022.0,276297.0,276478.0,276726.0,276984.0,277207.0,277496.0,277745.0,278025.0,278246.0,278501.0,278761.0,279006.0,279256.0,279518.0,279738.0,279981.0,280182.0,280446.0,280685.0,280975.0,281311.0,281625.0,281940.0,282393.0,282691.0,282933.0,283142.0,283445.0,283665.0,283834.0,284206.0,284465.0,284736.0,284959.0,285217.0,285473.0,285652.0,285868.0,286085.0,286337.0,286607.0,286867.0,287149.0,287330.0,287554.0,287855.0,288131.0,288388.0,288633.0,288794.0,288942.0,289135.0,289342.0,289548.0,289723.0,289904.0,290055.0,290216.0,290425.0,290610.0,290807.0,291015.0,291203.0,291417.0,291558.0,291754.0,291939.0,292238.0,292484.0,292754.0,292965.0,293163.0,293365.0,293587.0,293823.0,294021.0,294283.0,294734.0,294993.0,295241.0,295585.0,296067.0,296492.0,296852.0,297137.0,297339.0,297553.0,297795.0,298008.0,298174.0,298388.0,298589.0,298781.0,298975.0,299194.0,299378.0,299598.0,299794.0,300019.0,300167.0,300457.0,300730.0,300959.0,301158.0,301407.0,301712.0,301952.0,302225.0,302543.0,302867.0,303153.0,303532.0,303839.0,304130.0,304408.0,304634.0,304898.0,305142.0,305350.0,305543.0,305706.0,305899.0,306090.0,306331.0,306569.0,306812.0,307064.0,307251.0,307493.0,307748.0,307991.0,308227.0,,,,,,,,,310564.0,310753.0,311002.0,311281.0,311571.0,311811.0,312002.0,312170.0,312377.0,312604.0,312859.0,313075.0,313400.0,313657.0,313857.0,314097.0,314381.0,314636.0,314915.0,315131.0,315316.0,315525.0,315685.0,315867.0,316011.0,316190.0,316368.0,316533.0,316714.0,316862.0,317072.0,317293.0,317479.0,317702.0,317931.0,318107.0,318285.0,318438.0,318597.0,318773.0,318992.0,319199.0,319430.0,319606.0,319803.0,319977.0,320176.0,320356.0,320566.0,320752.0,320924.0,321126.0,321288.0,321456.0,321611.0,321769.0,321926.0,322072.0,322252.0,322436.0,322580.0,322701.0,322858.0,322975.0,323104.0,323243.0,323367.0,323513.0,323659.0,323781.0,323945.0,324085
XMHvEYzXpjc,62163.0,62166.0,62170.0,62177.0,62183.0,62189.0,62195.0,62199.0,62205.0,62219.0,62224.0,62228.0,62234.0,62239.0,62243.0,62253.0,62258.0,62263.0,62269.0,62275.0,62276.0,62280.0,62286.0,62293.0,62299.0,62305.0,62308.0,62313.0,62316.0,62327.0,62330.0,62333.0,62334.0,62335.0,62349.0,62370.0,62375.0,62381.0,62384.0,62392.0,62402.0,62406.0,62412.0,62418.0,62422.0,62432.0,62437.0,62445.0,62452.0,62462.0,62466.0,62468.0,62471.0,62474.0,62479.0,62484.0,62485.0,62508.0,62516.0,62527.0,62540.0,62554.0,62563.0,62573.0,62576.0,62584.0,62594.0,62604.0,62612.0,62616.0,62623.0,62631.0,62641.0,62654.0,62659.0,62671.0,62678.0,62681.0,62686.0,62693.0,62701.0,62704.0,62711.0,62722.0,62731.0,62736.0,62747.0,62751.0,62756.0,62762.0,62768.0,62776.0,62789.0,62797.0,62807.0,62813.0,62821.0,62827.0,62839.0,62844.0,62854.0,62863.0,62868.0,62873.0,62876.0,62886.0,62888.0,62894.0,62900.0,62905.0,62915.0,62918.0,62925.0,62933.0,62938.0,62948.0,62953.0,62964.0,62974.0,62982.0,62988.0,62992.0,62995.0,63001.0,63005.0,63012.0,63022.0,63036.0,63039.0,63040.0,63045.0,63051.0,63055.0,63059.0,,,,,,,,,63100.0,63106.0,63109.0,63114.0,63119.0,63122.0,63125.0,63132.0,63137.0,63142.0,63146.0,63149.0,63151.0,63155.0,63160.0,63161.0,63168.0,63173.0,63176.0,63181.0,63184.0,63190.0,63193.0,63196.0,63203.0,63212.0,63213.0,63218.0,63223.0,63226.0,63229.0,63232.0,63233.0,63238.0,63243.0,63250.0,63251.0,63254.0,63259.0,63262.0,63265.0,63268.0,63276.0,63281.0,63285.0,63286.0,63290.0,63296.0,63301.0,63309.0,63316.0,63317.0,63328.0,63336.0,63348.0,63353.0,63358.0,63362.0,63369.0,63371.0,63377.0,63379.0,63381.0,63386.0,63390.0,63395.0,63398.0,63407.0,63411.0,63415.0,63421.0,63427
YGHanxcc7E4,1575882.0,1576123.0,1576389.0,1576680.0,1576914.0,1577182.0,1577501.0,1577790.0,1578102.0,1578368.0,1578677.0,1578945.0,1579167.0,1579496.0,1579817.0,1580175.0,1580498.0,1580750.0,1581077.0,1581367.0,1581683.0,1582033.0,1582360.0,1582677.0,1582980.0,1583296.0,1583824.0,1584226.0,1584544.0,1584847.0,1585152.0,1585469.0,1585766.0,1586254.0,1586618.0,1586905.0,1587264.0,1587580.0,1587908.0,1588123.0,1588432.0,1588672.0,1588941.0,1589172.0,1589406.0,1589631.0,1589888.0,1590149.0,1590425.0,1590686.0,1590944.0,1591276.0,1591512.0,1591770.0,1591990.0,1592260.0,1592448.0,1592676.0,1592856.0,1593109.0,1593329.0,1593595.0,1593784.0,1594003.0,1594258.0,1594472.0,1594691.0,1594905.0,1595079.0,1595329.0,1595554.0,1595794.0,1596049.0,1596271.0,1596471.0,1596649.0,1596879.0,1597087.0,1597273.0,1597473.0,1597655.0,1597801.0,1598011.0,1598204.0,1598419.0,1598647.0,1598881.0,1599061.0,1599203.0,1599436.0,1599617.0,1599808.0,1599990.0,1600159.0,1600365.0,1600540.0,1600735.0,1600897.0,1601110.0,1601305.0,1601508.0,1601727.0,1601950.0,1602132.0,1602341.0,1602586.0,1602859.0,1603130.0,1603416.0,1603768.0,1604076.0,1604382.0,1604706.0,1605055.0,1605397.0,1605708.0,1606013.0,1606279.0,1606541.0,1606795.0,1607045.0,1607321.0,1607559.0,1607785.0,1608070.0,1608329.0,1608579.0,1608884.0,1609165.0,1609483.0,1609725.0,1610008.0,1610238.0,1610543.0,,,,,,,,,1612954.0,1613226.0,1613499.0,1613705.0,1613918.0,1614177.0,1614374.0,1614567.0,1614758.0,1614948.0,1615133.0,1615339.0,1615623.0,1615872.0,1616071.0,1616277.0,1616547.0,1616807.0,1617073.0,1617315.0,1617485.0,1617712.0,1617901.0,1618152.0,1618330.0,1618527.0,1618705.0,1618957.0,1619139.0,1619335.0,1619505.0,1619683.0,1619842.0,1619999.0,1620224.0,1620422.0,1620591.0,1620757.0,1620912.0,1621029.0,1621241.0,1621409.0,1621561.0,1621725.0,1621937.0,1622123.0,1622353.0,1622506.0,1622754.0,1623004.0,1623185.0,1623451.0,1623691.0,1623974.0,1624168.0,1624356.0,1624589.0,1624787.0,1624976.0,1625170.0,1625407.0,1625590.0,1625769.0,1625972.0,1626132.0,1626287.0,1626468.0,1626628.0,1626781.0,1626939.0,1627117.0,1627275
o1SIhDjR_XY,2536.0,2538.0,2539.0,2541.0,2542.0,2542.0,2544.0,2549.0,2556.0,2560.0,2565.0,2565.0,2570.0,2571.0,2571.0,2574.0,2576.0,2579.0,2580.0,2580.0,2582.0,2582.0,2582.0,2583.0,2583.0,2583.0,2584.0,2584.0,2587.0,2590.0,2590.0,2590.0,2590.0,2591.0,2591.0,2591.0,2592.0,2592.0,2592.0,2592.0,2592.0,2592.0,2592.0,2592.0,2592.0,2593.0,2593.0,2597.0,2598.0,2599.0,2599.0,2599.0,2600.0,2600.0,2600.0,2601.0,2601.0,2601.0,2601.0,2601.0,2601.0,2601.0,2601.0,2601.0,2603.0,2642.0,2653.0,2668.0,2677.0,2692.0,2702.0,2717.0,2730.0,2742.0,2764.0,2766.0,2772.0,2777.0,2778.0,2779.0,2782.0,2784.0,2787.0,2790.0,2796.0,2799.0,2803.0,2805.0,2809.0,2809.0,2809.0,2809.0,2809.0,2809.0,2811.0,2815.0,2815.0,2815.0,2817.0,2817.0,2821.0,2821.0,2823.0,2825.0,2828.0,2830.0,2833.0,2833.0,2833.0,2834.0,2836.0,2836.0,2837.0,2842.0,2844.0,2846.0,2849.0,2849.0,2849.0,2851.0,2852.0,2854.0,2856.0,2858.0,2859.0,2860.0,2861.0,2861.0,2865.0,2868.0,2870.0,2873.0,2874.0,2874.0,,,,,,,,,2885.0,2890.0,2891.0,2891.0,2891.0,2895.0,2895.0,2897.0,2898.0,2899.0,2900.0,2900.0,2900.0,2900.0,2900.0,2900.0,2900.0,2900.0,2900.0,2900.0,2900.0,2900.0,2900.0,2900.0,2900.0,2900.0,2900.0,2900.0,2900.0,2900.0,2900.0,2900.0,2900.0,2900.0,2900.0,2900.0,2900.0,2900.0,2900.0,2900.0,2900.0,2900.0,2900.0,2900.0,2900.0,2900.0,2900.0,2900.0,2900.0,2900.0,2900.0,2900.0,2900.0,2900.0,2900.0,2900.0,2900.0,2900.0,2900.0,2900.0,2900.0,2900.0,2900.0,2900.0,2900.0,2900.0,2900.0,2900.0,2900.0,2900.0,2900.0,2900
Ur2VYhS7jBE,488808.0,488878.0,488983.0,489054.0,489139.0,489222.0,489327.0,489432.0,489530.0,489603.0,489685.0,489773.0,489880.0,490007.0,490116.0,490268.0,490399.0,490474.0,490600.0,490727.0,490862.0,490984.0,491090.0,491181.0,491252.0,491365.0,491494.0,491631.0,491773.0,491914.0,492049.0,492136.0,492265.0,492387.0,492534.0,492651.0,492773.0,492932.0,493024.0,493139.0,493249.0,493379.0,493529.0,493653.0,493756.0,493854.0,493976.0,494123.0,494248.0,494405.0,494549.0,494662.0,494772.0,494913.0,495079.0,495218.0,495329.0,495479.0,495701.0,495792.0,495976.0,496133.0,496277.0,496432.0,496578.0,496702.0,496783.0,496902.0,496973.0,497102.0,497197.0,497284.0,497384.0,497475.0,497569.0,497691.0,497817.0,497918.0,498043.0,498131.0,498244.0,498339.0,498470.0,498585.0,498684.0,498811.0,498916.0,499025.0,499154.0,499286.0,499437.0,499591.0,499764.0,499884.0,499988.0,500119.0,500252.0,500363.0,500542.0,500710.0,500837.0,500948.0,501063.0,501258.0,501355.0,501466.0,501588.0,501672.0,501782.0,501965.0,502094.0,502258.0,502389.0,502522.0,502611.0,502700.0,502796.0,502915.0,503026.0,503155.0,503244.0,503311.0,503389.0,503459.0,503526.0,503597.0,503675.0,503849.0,503932.0,504046.0,504144.0,504249.0,504379.0,504489.0,,,,,,,,,505534.0,505618.0,505754.0,505854.0,505940.0,506059.0,506143.0,506222.0,506314.0,506415.0,506528.0,506683.0,506800.0,506949.0,507072.0,507163.0,507278.0,507363.0,507468.0,507564.0,507652.0,507730.0,507811.0,507880.0,507982.0,508055.0,508155.0,508258.0,508338.0,508424.0,508505.0,508585.0,508675.0,508766.0,508864.0,508958.0,509064.0,509231.0,509424.0,509605.0,509789.0,510019.0,510288.0,510534.0,511000.0,511487.0,512105.0,512778.0,513384.0,513929.0,514281.0,514757.0,515372.0,515896.0,516365.0,516992.0,517494.0,517919.0,518447.0,518933.0,519537.0,519928.0,520472.0,520909.0,521300.0,521920.0,522462.0,523113.0,523540.0,524080.0,524521.0,524970
kWv4J8DPYg8,317551.0,317551.0,317551.0,317551.0,317551.0,317551.0,317551.0,317551.0,317551.0,317551.0,317551.0,317551.0,317551.0,317551.0,317551.0,317551.0,317551.0,317551.0,317551.0,317551.0,317551.0,317551.0,317551.0,317551.0,317551.0,317551.0,317551.0,317551.0,317551.0,317551.0,317551.0,317551.0,317551.0,317551.0,317551.0,317551.0,317551.0,317551.0,317551.0,317551.0,317551.0,317551.0,317551.0,317551.0,317551.0,317551.0,317551.0,317551.0,317551.0,317551.0,317551.0,317551.0,317551.0,317551.0,317551.0,317551.0,317551.0,317551.0,317551.0,317551.0,317551.0,317551.0,317551.0,317551.0,317551.0,317551.0,317551.0,317551.0,317551.0,317551.0,317551.0,317551.0,317551.0,317551.0,317551.0,317551.0,317551.0,317551.0,317551.0,317551.0,317551.0,317551.0,317551.0,317551.0,317551.0,317551.0,317551.0,317551.0,317551.0,317551.0,317551.0,317551.0,317551.0,317551.0,317551.0,317551.0,317551.0,317551.0,317551.0,317551.0,317551.0,317551.0,317551.0,317551.0,317551.0,317551.0,317551.0,317551.0,317551.0,317551.0,317551.0,317551.0,317551.0,317551.0,317551.0,317551.0,317551.0,317551.0,317551.0,317551.0,317551.0,317551.0,317551.0,317551.0,317551.0,317551.0,317551.0,317551.0,317551.0,317551.0,317551.0,317551.0,317551.0,317551.0,,,,,,,,,317551.0,317551.0,317551.0,317551.0,317551.0,317551.0,317551.0,317551.0,317551.0,317551.0,317551.0,317551.0,317551.0,317551.0,317551.0,317551.0,317551.0,317551.0,317551.0,317551.0,317551.0,317551.0,317551.0,317551.0,317551.0,317551.0,317551.0,317551.0,317551.0,317551.0,317551.0,317551.0,317551.0,317551.0,317551.0,317551.0,317551.0,317551.0,317551.0,317551.0,317551.0,317551.0,317551.0,317551.0,317551.0,317551.0,317551.0,317551.0,317551.0,317551.0,317551.0,317551.0,317551.0,317551.0,317551.0,317551.0,317551.0,317551.0,317551.0,317551.0,317551.0,317551.0,317551.0,317551.0,317551.0,317551.0,317551.0,317551.0,317551.0,317551.0,317551.0,317551
CwbkD6JJ1vw,90466.0,90475.0,90485.0,90494.0,90512.0,90517.0,90527.0,90533.0,90554.0,90561.0,90567.0,90572.0,90580.0,90583.0,90592.0,90602.0,90614.0,90629.0,90631.0,90639.0,90649.0,90658.0,90667.0,90675.0,90681.0,90695.0,90706.0,90712.0,90718.0,90723.0,90729.0,90742.0,90753.0,90759.0,90768.0,90782.0,90788.0,90796.0,90804.0,90812.0,90812.0,90819.0,90824.0,90833.0,90837.0,90844.0,90857.0,90870.0,90876.0,90884.0,90892.0,90899.0,90907.0,90917.0,90925.0,90938.0,90947.0,90960.0,90971.0,90979.0,90984.0,90996.0,90999.0,91006.0,91015.0,91019.0,91022.0,91028.0,91033.0,91042.0,91047.0,91060.0,91066.0,91070.0,91075.0,91082.0,91091.0,91099.0,91105.0,91117.0,91127.0,91133.0,91143.0,91151.0,91165.0,91169.0,91181.0,91186.0,91191.0,91200.0,91205.0,91208.0,91212.0,91215.0,91219.0,91222.0,91228.0,91229.0,91233.0,91241.0,91247.0,91254.0,91267.0,91274.0,91280.0,91285.0,91288.0,91290.0,91298.0,91308.0,91311.0,91323.0,91329.0,91335.0,91339.0,91349.0,91355.0,91358.0,91364.0,91370.0,91381.0,91396.0,91401.0,91404.0,91414.0,91422.0,91430.0,91435.0,91443.0,91450.0,91456.0,91467.0,91470.0,91475.0,,,,,,,,,91569.0,91579.0,91584.0,91590.0,91599.0,91604.0,91609.0,91618.0,91632.0,91642.0,91655.0,91659.0,91663.0,91671.0,91677.0,91684.0,91698.0,91709.0,91713.0,91718.0,91727.0,91739.0,91745.0,91752.0,91762.0,91767.0,91770.0,91770.0,91773.0,91776.0,91779.0,91782.0,91795.0,91801.0,91811.0,91822.0,91833.0,91836.0,91842.0,91852.0,91857.0,91868.0,91873.0,91883.0,91896.0,91905.0,91911.0,91919.0,91924.0,91936.0,91939.0,91949.0,91959.0,91970.0,91980.0,91987.0,91998.0,92002.0,92006.0,92008.0,92013.0,92019.0,92026.0,92040.0,92050.0,92057.0,92062.0,92070.0,92077.0,92086.0,92094.0,92103
aSsc046tcxU,682001.0,682030.0,682056.0,682085.0,682127.0,682160.0,682200.0,682231.0,682285.0,682326.0,682358.0,682389.0,682419.0,682453.0,682488.0,682515.0,682544.0,682572.0,682608.0,682640.0,682677.0,682725.0,682758.0,682788.0,682824.0,682856.0,682894.0,682924.0,682947.0,682976.0,683004.0,683026.0,683051.0,683083.0,683116.0,683146.0,683169.0,683185.0,683230.0,683264.0,683298.0,683327.0,683366.0,683393.0,683406.0,683446.0,683470.0,683493.0,683527.0,683553.0,683588.0,683616.0,683651.0,683680.0,683714.0,683746.0,683780.0,683823.0,683846.0,683882.0,683908.0,683949.0,683983.0,684018.0,684054.0,684090.0,684115.0,684202.0,684241.0,684276.0,684327.0,684365.0,684400.0,684438.0,684460.0,684494.0,684521.0,684561.0,684585.0,684609.0,684642.0,684661.0,684691.0,684717.0,684742.0,684765.0,684788.0,684830.0,684869.0,684895.0,684931.0,684969.0,685004.0,685038.0,685075.0,685107.0,685143.0,685176.0,685208.0,685236.0,685272.0,685301.0,685332.0,685370.0,685407.0,685433.0,685463.0,685492.0,685515.0,685550.0,685572.0,685607.0,685638.0,685670.0,685708.0,685738.0,685761.0,685788.0,685811.0,685847.0,685892.0,685925.0,685953.0,685979.0,686003.0,686032.0,686069.0,686095.0,686114.0,686140.0,686167.0,686193.0,686216.0,686228.0,,,,,,,,,686438.0,686459.0,686484.0,686498.0,686532.0,686547.0,686567.0,686592.0,686626.0,686645.0,686663.0,686687.0,686714.0,686752.0,686770.0,686795.0,686812.0,686839.0,686868.0,686895.0,686923.0,686957.0,686977.0,687000.0,687018.0,687049.0,687065.0,687085.0,687097.0,687126.0,687161.0,687179.0,687201.0,687235.0,687256.0,687277.0,687302.0,687320.0,687338.0,687355.0,687379.0,687398.0,687420.0,687445.0,687466.0,687495.0,687524.0,687549.0,687581.0,687609.0,687639.0,687674.0,687702.0,687728.0,687763.0,687778.0,687797.0,687814.0,687838.0,687869.0,687894.0,687918.0,687948.0,687963.0,687989.0,688012.0,688037.0,688068.0,688100.0,688129.0,688155.0,688180
Sef_ADhD4o8,61475.0,61477.0,61479.0,61481.0,61490.0,61497.0,61504.0,61508.0,61512.0,61516.0,61518.0,61520.0,61525.0,61526.0,61528.0,61534.0,61539.0,61543.0,61546.0,61549.0,61555.0,61559.0,61562.0,61563.0,61567.0,61572.0,61572.0,61575.0,61580.0,61586.0,61589.0,61591.0,61594.0,61601.0,61603.0,61608.0,61609.0,61609.0,61610.0,61612.0,61613.0,61620.0,61625.0,61627.0,61631.0,61634.0,61641.0,61643.0,61647.0,61652.0,61660.0,61663.0,61663.0,61663.0,61666.0,61667.0,61671.0,61675.0,61684.0,61685.0,61688.0,61693.0,61697.0,61700.0,61703.0,61710.0,61710.0,61714.0,61718.0,61725.0,61730.0,61736.0,61742.0,61746.0,61748.0,61755.0,61762.0,61764.0,61767.0,61770.0,61771.0,61775.0,61777.0,61783.0,61787.0,61790.0,61796.0,61810.0,61822.0,61824.0,61836.0,61844.0,61857.0,61864.0,61874.0,61877.0,61884.0,61889.0,61891.0,61895.0,61903.0,61909.0,61912.0,61918.0,61920.0,61931.0,61934.0,61939.0,61937.0,61935.0,61947.0,61967.0,61970.0,61976.0,61980.0,61984.0,61989.0,61996.0,62004.0,62014.0,62024.0,62028.0,62032.0,62033.0,62035.0,62037.0,62045.0,62052.0,62056.0,62060.0,62068.0,62074.0,62077.0,62079.0,,,,,,,,,62110.0,62113.0,62120.0,62125.0,62127.0,62129.0,62135.0,62138.0,62140.0,62144.0,62149.0,62153.0,62159.0,62164.0,62165.0,62166.0,62172.0,62177.0,62181.0,62182.0,62182.0,62184.0,62190.0,62191.0,62193.0,62196.0,62199.0,62202.0,62209.0,62209.0,62211.0,62216.0,62217.0,62219.0,62218.0,62221.0,62226.0,62228.0,62230.0,62233.0,62234.0,62235.0,62237.0,62236.0,62239.0,62243.0,62249.0,62254.0,62255.0,62258.0,62270.0,62271.0,62278.0,62280.0,62282.0,62285.0,62286.0,62288.0,62288.0,62289.0,62290.0,62290.0,62290.0,62290.0,62293.0,62294.0,62294.0,62297.0,62298.0,62299.0,62303.0,62310
HYvUngv64XA,100856.0,100856.0,100856.0,100856.0,100856.0,100857.0,100857.0,100858.0,100859.0,100859.0,100860.0,100860.0,100861.0,100861.0,100861.0,100861.0,100861.0,100862.0,100863.0,100864.0,100864.0,100864.0,100865.0,100865.0,100865.0,100865.0,100865.0,100865.0,100865.0,100865.0,100865.0,100866.0,100868.0,100868.0,100868.0,100870.0,100870.0,100872.0,100873.0,100873.0,100873.0,100873.0,100873.0,100875.0,100875.0,100876.0,100876.0,100876.0,100875.0,100875.0,100875.0,100875.0,100875.0,100875.0,100875.0,100875.0,100876.0,100876.0,100877.0,100877.0,100877.0,100878.0,100878.0,100878.0,100878.0,100878.0,100878.0,100878.0,100878.0,100878.0,100878.0,100878.0,100879.0,100880.0,100882.0,100882.0,100882.0,100882.0,100884.0,100885.0,100885.0,100886.0,100886.0,100886.0,100886.0,100886.0,100887.0,100887.0,100887.0,100887.0,100888.0,100888.0,100889.0,100889.0,100889.0,100889.0,100890.0,100890.0,100890.0,100890.0,100891.0,100891.0,100891.0,100891.0,100891.0,100892.0,100892.0,100893.0,100894.0,100894.0,100894.0,100897.0,100899.0,100899.0,100899.0,100899.0,100899.0,100899.0,100900.0,100900.0,100900.0,100900.0,100900.0,100900.0,100900.0,100900.0,100900.0,100900.0,100901.0,100902.0,100902.0,100902.0,100902.0,100902.0,,,,,,,,,100904.0,100904.0,100904.0,100904.0,100904.0,100904.0,100905.0,100905.0,100906.0,100906.0,100906.0,100906.0,100906.0,100906.0,100907.0,100907.0,100907.0,100908.0,100908.0,100908.0,100908.0,100908.0,100908.0,100908.0,100908.0,100908.0,100909.0,100910.0,100910.0,100910.0,100910.0,100910.0,100912.0,100914.0,100916.0,100916.0,100916.0,100917.0,100917.0,100917.0,100918.0,100917.0,100920.0,100921.0,100922.0,100922.0,100923.0,100923.0,100923.0,100923.0,100924.0,100924.0,100925.0,100925.0,100926.0,100926.0,100926.0,100926.0,100926.0,100926.0,100926.0,100926.0,100926.0,100926.0,100927.0,100927.0,100927.0,100927.0,100928.0,100928.0,100928.0,100928
DD6_BLFwMzw,359938.0,360048.0,360187.0,360317.0,360449.0,360618.0,360788.0,360940.0,361078.0,361249.0,361386.0,361591.0,361868.0,362076.0,362267.0,362439.0,362629.0,362776.0,362967.0,363154.0,363377.0,363583.0,363820.0,364003.0,364189.0,364372.0,364562.0,364751.0,364924.0,365141.0,365294.0,365425.0,365581.0,365703.0,365866.0,365994.0,366111.0,366223.0,366332.0,366452.0,366562.0,366718.0,366833.0,366988.0,367104.0,367222.0,367353.0,367481.0,367639.0,367745.0,367893.0,368008.0,368106.0,368228.0,368355.0,368507.0,368621.0,368761.0,368910.0,369051.0,369156.0,369359.0,369514.0,369749.0,369924.0,370089.0,370232.0,370380.0,370539.0,370698.0,370855.0,370989.0,371136.0,371263.0,371423.0,371576.0,371705.0,371840.0,371989.0,372124.0,372236.0,372376.0,372514.0,372665.0,372808.0,372982.0,373155.0,373360.0,373579.0,373755.0,374007.0,374243.0,374449.0,374688.0,374860.0,375092.0,375324.0,375566.0,375709.0,375888.0,376029.0,376162.0,376306.0,376515.0,376675.0,376871.0,377023.0,377124.0,377235.0,377369.0,377514.0,377674.0,377832.0,377996.0,378147.0,378274.0,378451.0,378599.0,378765.0,378913.0,379057.0,379203.0,379329.0,379456.0,379592.0,379705.0,379849.0,380008.0,380165.0,380322.0,380479.0,380641.0,380802.0,380968.0,,,,,,,,,382272.0,382375.0,382519.0,382658.0,382821.0,383003.0,383147.0,383250.0,383362.0,383471.0,383573.0,383707.0,383859.0,384000.0,384070.0,384185.0,384299.0,384460.0,384573.0,384724.0,384879.0,384989.0,385081.0,385223.0,385341.0,385468.0,385585.0,385713.0,385799.0,385937.0,386058.0,386196.0,386342.0,386471.0,386591.0,386685.0,386777.0,386908.0,387046.0,387196.0,387313.0,387451.0,387568.0,387677.0,387810.0,387924.0,388054.0,388206.0,388337.0,388492.0,388587.0,388709.0,388836.0,388977.0,389103.0,389257.0,389379.0,389492.0,389615.0,389761.0,389877.0,389976.0,390083.0,390173.0,390252.0,390350.0,390448.0,390559.0,390654.0,390746.0,390872.0,390988
SZJR37OtmR4,9103653.0,9104037.0,9104469.0,9104839.0,9105214.0,9105615.0,9106107.0,9106542.0,9107051.0,9107485.0,9107941.0,9108509.0,9109507.0,9110260.0,9110963.0,9111689.0,9112217.0,9112688.0,9113174.0,9113658.0,9114134.0,9114550.0,9114998.0,9115446.0,9115792.0,9116224.0,9116693.0,9117194.0,9117614.0,9118051.0,9118521.0,9118933.0,9119340.0,9119800.0,9120189.0,9120672.0,9121101.0,9121537.0,9121930.0,9122339.0,9122745.0,9123107.0,9123508.0,9123903.0,9124204.0,9124550.0,9124919.0,9125296.0,9125730.0,9126195.0,9126600.0,9126968.0,9127303.0,9127692.0,9128051.0,9128526.0,9128934.0,9129350.0,9129735.0,9130105.0,9130471.0,9130850.0,9131289.0,9131708.0,9132144.0,9132525.0,9132850.0,9133251.0,9133647.0,9134139.0,9134567.0,9134996.0,9135343.0,9135701.0,9136149.0,9136587.0,9136998.0,9137419.0,9137842.0,9138196.0,9138528.0,9138904.0,9139296.0,9139657.0,9140127.0,9140511.0,9140893.0,9141249.0,9141563.0,9141969.0,9142443.0,9142879.0,9143293.0,9143706.0,9144074.0,9144428.0,9144798.0,9145170.0,9145565.0,9145967.0,9146361.0,9146690.0,9147031.0,9147388.0,9147802.0,9148205.0,9148586.0,9148938.0,9149301.0,9149659.0,9150118.0,9150534.0,9150937.0,9151394.0,9151821.0,9152181.0,9152531.0,9152942.0,9153362.0,9153768.0,9154123.0,9154455.0,9154738.0,9155096.0,9155454.0,9155868.0,9156207.0,9156630.0,9156952.0,9157364.0,9157715.0,9158127.0,9158470.0,9158769.0,,,,,,,,,9162015.0,9162311.0,9162652.0,9163044.0,9163382.0,9163750.0,9164066.0,9164361.0,9164722.0,9164988.0,9165364.0,9165758.0,9166066.0,9166333.0,9166617.0,9166880.0,9167181.0,9167576.0,9167946.0,9168313.0,9168679.0,9168985.0,9169302.0,9169684.0,9169998.0,9170290.0,9170583.0,9170960.0,9171256.0,9171585.0,9171920.0,9172326.0,9172638.0,9172940.0,9173295.0,9173647.0,9174018.0,9174387.0,9174809.0,9175251.0,9175607.0,9176004.0,9176379.0,9176684.0,9177002.0,9177359.0,9177718.0,9178050.0,9178427.0,9178742.0,9179057.0,9179342.0,9179636.0,9180034.0,9180405.0,9180761.0,9181084.0,9181421.0,9181801.0,9182160.0,9182508.0,9182862.0,9183080.0,9183418.0,9183710.0,9184006.0,9184334.0,9184633.0,9184967.0,9185251.0,9185628.0,9185943
sJPuBxuPLfM,206316.0,206519.0,206756.0,206918.0,207256.0,207579.0,207879.0,208166.0,208480.0,208881.0,209138.0,209505.0,209970.0,210438.0,210932.0,211389.0,211776.0,212642.0,214503.0,215320.0,215966.0,217446.0,218726.0,219347.0,219948.0,220730.0,222071.0,222980.0,223803.0,224747.0,225139.0,225414.0,225679.0,226091.0,226381.0,226761.0,227080.0,227335.0,227577.0,228036.0,228505.0,228985.0,229426.0,229904.0,230255.0,230516.0,230915.0,231296.0,231625.0,231911.0,232221.0,232567.0,232825.0,233125.0,233471.0,233733.0,234049.0,234425.0,234767.0,235073.0,235346.0,235794.0,236254.0,236801.0,237568.0,238218.0,238761.0,239267.0,239628.0,240153.0,240597.0,240949.0,241233.0,241542.0,241975.0,242383.0,242735.0,243029.0,243297.0,243614.0,243898.0,244167.0,244490.0,244910.0,245245.0,245631.0,246002.0,246318.0,246703.0,247064.0,247523.0,248000.0,248399.0,248752.0,249051.0,249409.0,249822.0,250201.0,250643.0,251055.0,251464.0,251766.0,252207.0,252623.0,252990.0,253437.0,253818.0,254139.0,254472.0,254891.0,255241.0,255678.0,256025.0,256428.0,256781.0,257060.0,257470.0,257868.0,258323.0,258701.0,259096.0,259416.0,259707.0,259941.0,260234.0,260579.0,260866.0,261249.0,261621.0,261921.0,262288.0,262599.0,263013.0,263364.0,,,,,,,,,266580.0,266854.0,267214.0,267628.0,267958.0,268268.0,268553.0,268784.0,269057.0,269473.0,269939.0,270358.0,270921.0,271498.0,271943.0,272347.0,272850.0,273400.0,273804.0,274136.0,274412.0,274627.0,274822.0,275135.0,275441.0,275724.0,275973.0,276279.0,276595.0,276880.0,277217.0,277503.0,277798.0,278049.0,278299.0,278554.0,278743.0,279000.0,279295.0,279530.0,279774.0,280048.0,280305.0,280468.0,280660.0,280903.0,281163.0,281535.0,281896.0,282277.0,282524.0,282793.0,283085.0,283356.0,283625.0,283910.0,284153.0,284344.0,284566.0,284838.0,285099.0,285287.0,285513.0,285748.0,285922.0,286160.0,286428.0,286642.0,286814.0,287022.0,287203.0,287346
cAKVioyjFRg,22862.0,22865.0,22869.0,22873.0,22878.0,22883.0,22887.0,22893.0,22899.0,22906.0,22913.0,22920.0,22922.0,22927.0,22932.0,22943.0,22948.0,22952.0,22960.0,22975.0,22984.0,22998.0,23008.0,23012.0,23015.0,23028.0,23038.0,23043.0,23046.0,23050.0,23065.0,23070.0,23077.0,23083.0,23092.0,23104.0,23108.0,23114.0,23121.0,23128.0,23136.0,23140.0,23147.0,23160.0,23172.0,23177.0,23185.0,23187.0,23197.0,23199.0,23205.0,23212.0,23217.0,23226.0,23231.0,23236.0,23241.0,23248.0,23259.0,23267.0,23270.0,23275.0,23280.0,23283.0,23287.0,23296.0,23298.0,23305.0,23306.0,23311.0,23320.0,23327.0,23330.0,23340.0,23342.0,23347.0,23349.0,23352.0,23360.0,23365.0,23368.0,23370.0,23374.0,23376.0,23381.0,23381.0,23386.0,23391.0,23405.0,23413.0,23420.0,23429.0,23434.0,23439.0,23449.0,23453.0,23462.0,23465.0,23471.0,23477.0,23484.0,23495.0,23498.0,23499.0,23501.0,23508.0,23512.0,23517.0,23520.0,23520.0,23525.0,23525.0,23528.0,23532.0,23535.0,23538.0,23541.0,23546.0,23551.0,23554.0,23560.0,23563.0,23566.0,23567.0,23574.0,23577.0,23580.0,23588.0,23592.0,23596.0,23598.0,23605.0,23608.0,23611.0,,,,,,,,,23628.0,23635.0,23637.0,23645.0,23647.0,23647.0,23654.0,23659.0,23667.0,23671.0,23673.0,23673.0,23675.0,23679.0,23684.0,23688.0,23691.0,23695.0,23698.0,23702.0,23705.0,23708.0,23709.0,23713.0,23720.0,23720.0,23724.0,23727.0,23732.0,23738.0,23741.0,23742.0,23744.0,23745.0,23747.0,23752.0,23753.0,23758.0,23767.0,23771.0,23774.0,23777.0,23783.0,23785.0,23789.0,23793.0,23797.0,23800.0,23801.0,23802.0,23802.0,23805.0,23809.0,23814.0,23825.0,23828.0,23834.0,23834.0,23837.0,23844.0,23850.0,23854.0,23857.0,23859.0,23861.0,23865.0,23865.0,23869.0,23874.0,23877.0,23880.0,23883
v70OH0B0jvY,363194.0,363203.0,363221.0,363227.0,363238.0,363245.0,363254.0,363264.0,363276.0,363277.0,363288.0,363295.0,363304.0,363313.0,363327.0,363332.0,363339.0,363344.0,363349.0,363363.0,363378.0,363396.0,363410.0,363423.0,363431.0,363439.0,363450.0,363464.0,363475.0,363483.0,363490.0,363499.0,363517.0,363532.0,363544.0,363553.0,363564.0,363575.0,363585.0,363599.0,363606.0,363612.0,363620.0,363634.0,363644.0,363659.0,363673.0,363682.0,363697.0,363705.0,363716.0,363733.0,363745.0,363752.0,363765.0,363780.0,363794.0,363808.0,363820.0,363831.0,363847.0,363859.0,363873.0,363887.0,363913.0,363925.0,363932.0,363942.0,363955.0,363968.0,363977.0,363988.0,363994.0,364008.0,364017.0,364027.0,364033.0,364047.0,364059.0,364070.0,364080.0,364094.0,364099.0,364104.0,364115.0,364126.0,364132.0,364143.0,364163.0,364171.0,364190.0,364196.0,364198.0,364207.0,364218.0,364230.0,364239.0,364245.0,364250.0,364260.0,364263.0,364273.0,364286.0,364297.0,364309.0,364315.0,364326.0,364340.0,364347.0,364353.0,364365.0,364372.0,364384.0,364392.0,364400.0,364409.0,364419.0,364421.0,364425.0,364428.0,364433.0,364435.0,364442.0,364448.0,364453.0,364456.0,364463.0,364470.0,364478.0,364485.0,364494.0,364501.0,364506.0,364515.0,,,,,,,,,364575.0,364591.0,364606.0,364630.0,364648.0,364665.0,364701.0,364730.0,364762.0,364770.0,364791.0,364806.0,364818.0,364829.0,364844.0,364858.0,364876.0,364891.0,364904.0,364916.0,364921.0,364936.0,364945.0,364952.0,364967.0,364976.0,364987.0,364996.0,365006.0,365020.0,365029.0,365039.0,365048.0,365056.0,365061.0,365070.0,365074.0,365083.0,365095.0,365102.0,365124.0,365131.0,365142.0,365144.0,365150.0,365158.0,365172.0,365182.0,365190.0,365199.0,365206.0,365218.0,365232.0,365247.0,365254.0,365266.0,365278.0,365287.0,365298.0,365308.0,365326.0,365337.0,365349.0,365366.0,365377.0,365388.0,365397.0,365416.0,365424.0,365434.0,365447.0,365458
9zsfAfbk_Ig,216222.0,216243.0,216252.0,216270.0,216278.0,216297.0,216314.0,216335.0,216355.0,216367.0,216382.0,216395.0,216409.0,216424.0,216436.0,216452.0,216465.0,216482.0,216495.0,216510.0,216525.0,216538.0,216553.0,216560.0,216568.0,216580.0,216595.0,216604.0,216622.0,216636.0,216645.0,216655.0,216668.0,216678.0,216700.0,216715.0,216733.0,216744.0,216755.0,216774.0,216793.0,216806.0,216822.0,216832.0,216847.0,216894.0,216927.0,216926.0,216921.0,216911.0,216926.0,216940.0,216957.0,216973.0,216988.0,216998.0,217019.0,217034.0,217050.0,217065.0,217073.0,217081.0,217096.0,217113.0,217123.0,217140.0,217156.0,217184.0,217206.0,217226.0,217241.0,217254.0,217265.0,217271.0,217278.0,217285.0,217297.0,217308.0,217319.0,217331.0,217340.0,217350.0,217364.0,217372.0,217380.0,217388.0,217403.0,217417.0,217428.0,217437.0,217446.0,217461.0,217470.0,217480.0,217489.0,217505.0,217524.0,217536.0,217546.0,217569.0,217584.0,217592.0,217603.0,217617.0,217625.0,217639.0,217651.0,217663.0,217676.0,217683.0,217691.0,217704.0,217719.0,217726.0,217740.0,217760.0,217779.0,217796.0,217813.0,217826.0,217842.0,217856.0,217869.0,217880.0,217885.0,217896.0,217903.0,217922.0,217933.0,217941.0,217955.0,217975.0,217989.0,218009.0,,,,,,,,,218154.0,218166.0,218182.0,218210.0,218226.0,218251.0,218266.0,218280.0,218302.0,218327.0,218349.0,218357.0,218378.0,218401.0,218418.0,218433.0,218451.0,218465.0,218484.0,218500.0,218515.0,218533.0,218552.0,218565.0,218576.0,218593.0,218605.0,218616.0,218628.0,218641.0,218668.0,218688.0,218703.0,218715.0,218727.0,218742.0,218759.0,218769.0,218789.0,218807.0,218826.0,218847.0,218864.0,218883.0,218907.0,218935.0,218944.0,218958.0,218982.0,218992.0,219006.0,219022.0,219033.0,219043.0,219060.0,219073.0,219089.0,219099.0,219103.0,219113.0,219128.0,219136.0,219152.0,219191.0,219269.0,219288.0,219301.0,219300.0,219307.0,219322.0,219331.0,219343
AHCCg-bSkBI,164193.0,164209.0,164217.0,164230.0,164238.0,164258.0,164275.0,164299.0,164319.0,164332.0,164355.0,164370.0,164383.0,164391.0,164406.0,164426.0,164434.0,164460.0,164488.0,164502.0,164518.0,164536.0,164555.0,164577.0,164589.0,164609.0,164618.0,164636.0,164646.0,164655.0,164676.0,164690.0,164704.0,164722.0,164737.0,164747.0,164756.0,164769.0,164786.0,164805.0,164825.0,164838.0,164853.0,164857.0,164873.0,164886.0,164895.0,164912.0,164921.0,164944.0,164960.0,164971.0,164991.0,165003.0,165019.0,165036.0,165055.0,165065.0,165083.0,165095.0,165112.0,165127.0,165146.0,165168.0,165186.0,165210.0,165228.0,165252.0,165281.0,165301.0,165320.0,165332.0,165351.0,165367.0,165379.0,165391.0,165405.0,165428.0,165441.0,165451.0,165458.0,165471.0,165482.0,165490.0,165502.0,165510.0,165528.0,165546.0,165561.0,165574.0,165591.0,165604.0,165610.0,165622.0,165642.0,165660.0,165676.0,165703.0,165716.0,165731.0,165753.0,165769.0,165777.0,165800.0,165819.0,165832.0,165844.0,165863.0,165887.0,165895.0,165907.0,165923.0,165932.0,165946.0,165967.0,165981.0,165997.0,166012.0,166025.0,166045.0,166060.0,166072.0,166080.0,166090.0,166099.0,166111.0,166126.0,166150.0,166169.0,166180.0,166199.0,166215.0,166237.0,166260.0,,,,,,,,,166405.0,166418.0,166439.0,166460.0,166480.0,166495.0,166515.0,166532.0,166553.0,166576.0,166593.0,166613.0,166638.0,166656.0,166676.0,166692.0,166722.0,166744.0,166764.0,166778.0,166792.0,166809.0,166831.0,166840.0,166858.0,166867.0,166889.0,166897.0,166905.0,166926.0,166944.0,166969.0,166981.0,166998.0,167011.0,167024.0,167043.0,167059.0,167076.0,167093.0,167121.0,167135.0,167157.0,167178.0,167204.0,167236.0,167253.0,167270.0,167285.0,167298.0,167317.0,167338.0,167353.0,167381.0,167389.0,167402.0,167419.0,167430.0,167445.0,167462.0,167472.0,167484.0,167498.0,167509.0,167529.0,167554.0,167581.0,167608.0,167622.0,167631.0,167642.0,167661
Jk5WSsX9eN8,31175.0,31189.0,31199.0,31212.0,31228.0,31252.0,31266.0,31286.0,31301.0,31318.0,31330.0,31341.0,31363.0,31380.0,31397.0,31415.0,31440.0,31453.0,31470.0,31473.0,31480.0,31494.0,31510.0,31515.0,31522.0,31527.0,31543.0,31550.0,31555.0,31566.0,31583.0,31591.0,31597.0,31608.0,31623.0,31633.0,31642.0,31654.0,31661.0,31666.0,31675.0,31691.0,31702.0,31715.0,31725.0,31736.0,31750.0,31768.0,31777.0,31785.0,31798.0,31812.0,31819.0,31826.0,31835.0,31847.0,31854.0,31868.0,31884.0,31891.0,31907.0,31919.0,31933.0,31939.0,31952.0,31962.0,31972.0,31980.0,31983.0,31992.0,32000.0,32009.0,32020.0,32024.0,32039.0,32055.0,32064.0,32073.0,32080.0,32092.0,32104.0,32113.0,32125.0,32137.0,32148.0,32152.0,32163.0,32176.0,32186.0,32197.0,32208.0,32220.0,32235.0,32239.0,32248.0,32258.0,32268.0,32283.0,32294.0,32309.0,32317.0,32333.0,32347.0,32361.0,32375.0,32388.0,32400.0,32407.0,32422.0,32437.0,32451.0,32467.0,32482.0,32494.0,32512.0,32522.0,32549.0,32562.0,32570.0,32588.0,32596.0,32608.0,32622.0,32633.0,32645.0,32657.0,32673.0,32684.0,32700.0,32714.0,32730.0,32740.0,32755.0,32775.0,,,,,,,,,32888.0,32908.0,32914.0,32929.0,32939.0,32946.0,32963.0,32977.0,32988.0,33008.0,33024.0,33033.0,33046.0,33054.0,33063.0,33077.0,33087.0,33098.0,33111.0,33127.0,33138.0,33151.0,33155.0,33167.0,33179.0,33187.0,33202.0,33213.0,33224.0,33245.0,33252.0,33264.0,33273.0,33282.0,33294.0,33307.0,33321.0,33347.0,33359.0,33370.0,33386.0,33396.0,33413.0,33421.0,33435.0,33442.0,33447.0,33449.0,33457.0,33464.0,33474.0,33487.0,33496.0,33504.0,33511.0,33518.0,33528.0,33539.0,33552.0,33559.0,33568.0,33574.0,33587.0,33601.0,33613.0,33631.0,33640.0,33655.0,33684.0,33687.0,33697.0,33695
BsDXt49euc0,30336350.0,30346777.0,30358242.0,30369707.0,30381830.0,30394402.0,30406320.0,30418262.0,30430847.0,30442539.0,30452722.0,30464386.0,30475752.0,30486791.0,30498748.0,30510588.0,30521072.0,30530051.0,30540075.0,30549520.0,30558531.0,30568924.0,30579946.0,30589363.0,30598320.0,30607940.0,30617497.0,30627015.0,30636077.0,30646369.0,30656323.0,30664780.0,30674140.0,30683856.0,30693601.0,30703183.0,30713267.0,30723698.0,30732911.0,30743107.0,30753821.0,30764841.0,30775404.0,30786597.0,30796263.0,30805316.0,30815179.0,30825593.0,30835960.0,30846369.0,30856876.0,30866837.0,30875479.0,30885053.0,30895351.0,30905148.0,30914794.0,30924891.0,30934403.0,30943351.0,30952269.0,30961729.0,30971077.0,30981623.0,30992308.0,31002147.0,31011098.0,31021140.0,31030103.0,31041846.0,31052274.0,31062454.0,31072492.0,31081827.0,31092419.0,31103273.0,31113425.0,31123417.0,31133725.0,31143713.0,31153418.0,31163957.0,31174318.0,31185207.0,31196241.0,31208424.0,31219787.0,31229015.0,31239778.0,31252086.0,31264407.0,31276927.0,31290093.0,31301223.0,31310826.0,31321672.0,31333864.0,31346424.0,31358804.0,31370576.0,31380550.0,31390374.0,31401094.0,31412230.0,31423109.0,31434340.0,31445249.0,31456354.0,31468847.0,31485526.0,31501919.0,31518057.0,31534124.0,31551382.0,31570126.0,31586011.0,31599067.0,31612121.0,31625373.0,31641469.0,31656171.0,31671690.0,31686352.0,31699014.0,31709328.0,31720007.0,31730761.0,31742362.0,31754392.0,31764844.0,31775161.0,31785497.0,31796611.0,31807176.0,,,,,,,,,31898040.0,31908164.0,31918779.0,31928819.0,31938985.0,31949019.0,31959352.0,31969373.0,31978360.0,31987553.0,31996809.0,32006328.0,32016681.0,32028412.0,32040269.0,32050741.0,32063624.0,32076636.0,32087282.0,32098260.0,32110007.0,32121880.0,32132018.0,32142538.0,32152887.0,32163481.0,32174508.0,32186069.0,32196930.0,32205974.0,32215870.0,32225913.0,32235964.0,32245615.0,32256074.0,32265890.0,32274302.0,32283346.0,32292490.0,32301822.0,32310964.0,32320660.0,32329689.0,32337912.0,32346977.0,32356473.0,32365982.0,32375814.0,32385800.0,32394680.0,32402552.0,32411651.0,32420878.0,32430891.0,32440542.0,32450359.0,32459137.0,32466985.0,32475487.0,32484160.0,32493497.0,32500718.0,32508933.0,32516881.0,32524065.0,32532816.0,32541796.0,32551060.0,32558691.0,32567116.0,32575488.0,32583225
jeoxxJKwDIw,83841.0,83844.0,83846.0,83849.0,83856.0,83864.0,83868.0,83872.0,83877.0,83877.0,83877.0,83883.0,83885.0,83892.0,83899.0,83906.0,83911.0,83917.0,83918.0,83920.0,83924.0,83932.0,83938.0,83944.0,83945.0,83949.0,83952.0,83956.0,83958.0,83964.0,83969.0,83969.0,83971.0,83976.0,83984.0,83989.0,83990.0,83997.0,83999.0,84002.0,84003.0,84006.0,84010.0,84013.0,84017.0,84018.0,84019.0,84024.0,84028.0,84037.0,84042.0,84045.0,84047.0,84051.0,84055.0,84058.0,84062.0,84064.0,84066.0,84068.0,84071.0,84078.0,84082.0,84083.0,84085.0,84085.0,84087.0,84090.0,84094.0,84096.0,84101.0,84101.0,84104.0,84105.0,84105.0,84108.0,84110.0,84117.0,84119.0,84120.0,84124.0,84127.0,84130.0,84132.0,84134.0,84138.0,84140.0,84141.0,84142.0,84145.0,84146.0,84149.0,84153.0,84156.0,84157.0,84163.0,84164.0,84168.0,84172.0,84174.0,84176.0,84177.0,84178.0,84180.0,84183.0,84186.0,84187.0,84192.0,84195.0,84199.0,84231.0,84244.0,84277.0,84251.0,84253.0,84251.0,84255.0,84259.0,84262.0,84268.0,84272.0,84275.0,84277.0,84279.0,84280.0,84280.0,84281.0,84285.0,84292.0,84295.0,84296.0,84298.0,84305.0,84310.0,,,,,,,,,84341.0,84341.0,84343.0,84346.0,84352.0,84354.0,84354.0,84356.0,84359.0,84360.0,84362.0,84363.0,84363.0,84366.0,84370.0,84370.0,84373.0,84376.0,84380.0,84382.0,84384.0,84385.0,84389.0,84391.0,84394.0,84396.0,84398.0,84400.0,84400.0,84401.0,84407.0,84415.0,84418.0,84421.0,84422.0,84426.0,84427.0,84432.0,84435.0,84436.0,84439.0,84444.0,84447.0,84449.0,84456.0,84460.0,84466.0,84468.0,84470.0,84472.0,84471.0,84474.0,84477.0,84481.0,84484.0,84486.0,84486.0,84488.0,84491.0,84493.0,84494.0,84494.0,84495.0,84496.0,84499.0,84504.0,84506.0,84508.0,84510.0,84512.0,84513.0,84515
VoVEZvwKD0c,4917090.0,4920702.0,4924529.0,4928088.0,4932112.0,4936148.0,4940169.0,4944312.0,4948563.0,4952347.0,4955980.0,4960115.0,4964664.0,4968951.0,4973302.0,4977487.0,4981274.0,4984813.0,4988485.0,4992584.0,4996807.0,5000943.0,5005312.0,5008920.0,5012139.0,5015783.0,5019590.0,5023428.0,5027453.0,5031555.0,5035027.0,5038060.0,5041597.0,5045372.0,5049302.0,5052935.0,5056535.0,5059901.0,5062941.0,5065947.0,5069180.0,5072507.0,5075772.0,5079312.0,5082750.0,5085642.0,5088823.0,5092112.0,5095618.0,5098776.0,5101920.0,5105211.0,5108304.0,5111581.0,5115182.0,5118517.0,5121871.0,5125313.0,5128310.0,5131161.0,5134328.0,5137959.0,5141619.0,5145175.0,5148712.0,5151868.0,5154816.0,5158001.0,5161277.0,5165437.0,5169031.0,5172433.0,5175692.0,5178986.0,5182698.0,5186527.0,5190679.0,5194484.0,5198420.0,5201953.0,5205251.0,5208890.0,5212494.0,5216502.0,5220217.0,5223977.0,5227149.0,5230030.0,5233232.0,5236536.0,5239905.0,5243572.0,5247076.0,5250482.0,5253825.0,5257434.0,5261094.0,5264752.0,5268286.0,5271863.0,5275018.0,5277946.0,5281104.0,5284435.0,5287781.0,5291319.0,5294762.0,5297945.0,5300910.0,5304168.0,5307661.0,5311266.0,5315095.0,5318640.0,5321828.0,5324893.0,5328610.0,5332497.0,5336496.0,5340321.0,5343922.0,5347124.0,5350099.0,5353166.0,5356611.0,5360147.0,5363633.0,5367268.0,5371068.0,5374889.0,5379353.0,5383386.0,5387583.0,5391823.0,,,,,,,,,5430693.0,5434472.0,5438484.0,5442531.0,5446560.0,5450729.0,5454632.0,5458175.0,5461086.0,5464986.0,5468842.0,5472406.0,5476291.0,5479862.0,5483083.0,5486096.0,5489523.0,5492934.0,5496538.0,5500000.0,5503404.0,5506618.0,5509525.0,5512876.0,5516353.0,5519893.0,5523200.0,5526552.0,5529609.0,5532652.0,5536095.0,5539664.0,5543144.0,5546459.0,5549787.0,5552665.0,5555365.0,5558548.0,5561831.0,5565132.0,5568646.0,5572026.0,5574965.0,5577568.0,5580499.0,5583705.0,5586905.0,5590257.0,5593713.0,5596528.0,5599093.0,5602185.0,5605423.0,5608751.0,5612012.0,5615175.0,5617922.0,5620612.0,5623455.0,5626547.0,5629412.0,5631839.0,5634482.0,5636984.0,5639312.0,5642373.0,5645287.0,5647963.0,5650218.0,5652758.0,5655303.0,5657734
fNyBMgkV6Mg,505804.0,507425.0,509067.0,510441.0,512433.0,514371.0,516686.0,518719.0,521094.0,523462.0,526054.0,528748.0,531311.0,533402.0,535609.0,537970.0,539569.0,540682.0,542170.0,543937.0,546663.0,549393.0,551445.0,553227.0,554715.0,556490.0,558027.0,559538.0,560527.0,561679.0,562792.0,563584.0,564397.0,565150.0,566273.0,567208.0,568286.0,569209.0,569821.0,570452.0,571088.0,571634.0,572261.0,573041.0,573683.0,574211.0,574735.0,575281.0,575841.0,576283.0,576722.0,577135.0,577440.0,577817.0,578125.0,578502.0,578820.0,579116.0,579342.0,579568.0,579846.0,580095.0,580389.0,580712.0,580987.0,581275.0,581560.0,581875.0,582215.0,582544.0,582864.0,583181.0,583465.0,583734.0,584061.0,584386.0,584668.0,584994.0,585358.0,585664.0,585946.0,586369.0,586770.0,587196.0,587700.0,588197.0,588576.0,588972.0,589436.0,589952.0,590405.0,590864.0,591282.0,591699.0,592063.0,592526.0,593012.0,593517.0,593989.0,594511.0,594941.0,595329.0,595749.0,596274.0,596763.0,597266.0,597864.0,598344.0,598809.0,599215.0,599736.0,600228.0,600659.0,601109.0,601501.0,601864.0,602288.0,602719.0,603272.0,603811.0,604231.0,604591.0,604935.0,605213.0,605520.0,605830.0,606141.0,606449.0,606831.0,607166.0,607473.0,607857.0,608240.0,608580.0,,,,,,,,,612608.0,613116.0,613609.0,614135.0,614736.0,615347.0,615938.0,616498.0,616981.0,617557.0,618335.0,619074.0,619742.0,620568.0,621238.0,621798.0,622692.0,623653.0,624566.0,625158.0,625854.0,626186.0,626793.0,627394.0,627933.0,628438.0,628983.0,629709.0,630194.0,630681.0,631253.0,631718.0,632259.0,632750.0,633316.0,633829.0,634269.0,634738.0,635232.0,635814.0,636331.0,636866.0,637336.0,637719.0,638134.0,638641.0,639235.0,639756.0,640241.0,640747.0,641108.0,641604.0,642180.0,642795.0,643392.0,643990.0,644454.0,644881.0,645440.0,646049.0,646577.0,647036.0,647574.0,648068.0,648480.0,648983.0,649543.0,650099.0,650583.0,651091.0,651524.0,652005
lYCvFH5O1AM,89721.0,89730.0,89736.0,89739.0,89746.0,89755.0,89766.0,89776.0,89786.0,89791.0,89803.0,89810.0,89812.0,89820.0,89828.0,89834.0,89845.0,89853.0,89859.0,89865.0,89875.0,89884.0,89900.0,89903.0,89908.0,89916.0,89921.0,89928.0,89929.0,89934.0,89941.0,89950.0,89955.0,89963.0,89971.0,89978.0,89988.0,89999.0,90004.0,90014.0,90022.0,90030.0,90041.0,90051.0,90067.0,90078.0,90096.0,90108.0,90111.0,90124.0,90133.0,90143.0,90150.0,90158.0,90169.0,90182.0,90192.0,90199.0,90210.0,90219.0,90234.0,90248.0,90257.0,90262.0,90271.0,90283.0,90294.0,90301.0,90312.0,90326.0,90340.0,90352.0,90362.0,90373.0,90382.0,90397.0,90405.0,90416.0,90427.0,90435.0,90450.0,90470.0,90484.0,90495.0,90511.0,90527.0,90534.0,90541.0,90558.0,90570.0,90588.0,90596.0,90613.0,90623.0,90645.0,90663.0,90683.0,90696.0,90716.0,90737.0,90753.0,90769.0,90774.0,90780.0,90787.0,90806.0,90818.0,90829.0,90838.0,90853.0,90868.0,90887.0,90899.0,90908.0,90929.0,90943.0,90961.0,90977.0,90995.0,91008.0,91029.0,91047.0,91058.0,91072.0,91086.0,91103.0,91138.0,91165.0,91180.0,91202.0,91218.0,91231.0,91253.0,91267.0,,,,,,,,,91493.0,91515.0,91529.0,91561.0,91585.0,91622.0,91660.0,91683.0,91738.0,91800.0,91871.0,91950.0,92015.0,92083.0,92136.0,92191.0,92241.0,92299.0,92366.0,92414.0,92446.0,92540.0,92617.0,92761.0,92827.0,92901.0,92975.0,93067.0,93148.0,93208.0,93263.0,93349.0,93428.0,93515.0,93606.0,93703.0,93766.0,93880.0,94032.0,94251.0,94458.0,94697.0,94899.0,95141.0,95358.0,95631.0,95866.0,96116.0,96369.0,96519.0,96651.0,96882.0,97108.0,97383.0,97618.0,97863.0,98113.0,98307.0,98525.0,98808.0,99118.0,99445.0,99620.0,99745.0,99850.0,99938.0,100019.0,100108.0,100161.0,100216.0,100260.0,100280
Qp5JJCJgrfk,2464050.0,2464135.0,2464257.0,2464373.0,2464463.0,2464551.0,2464651.0,2464746.0,2464877.0,2464962.0,2465080.0,2465188.0,2465299.0,2465411.0,2465502.0,2465624.0,2465727.0,2465835.0,2465930.0,2466025.0,2466130.0,2466265.0,2466402.0,2466512.0,2466623.0,2466713.0,2466797.0,2466915.0,2467019.0,2467088.0,2467174.0,2467316.0,2467396.0,2467494.0,2467598.0,2467718.0,2467831.0,2467951.0,2468070.0,2468169.0,2468269.0,2468355.0,2468431.0,2468536.0,2468685.0,2468794.0,2468887.0,2468961.0,2469083.0,2469199.0,2469305.0,2469413.0,2469494.0,2469576.0,2469644.0,2469777.0,2469851.0,2469957.0,2470082.0,2470234.0,2470328.0,2470410.0,2470541.0,2470657.0,2470774.0,2470900.0,2471000.0,2471104.0,2471213.0,2471323.0,2471420.0,2471518.0,2471621.0,2471751.0,2471849.0,2471938.0,2472039.0,2472151.0,2472269.0,2472380.0,2472495.0,2472570.0,2472665.0,2472754.0,2472840.0,2472930.0,2473019.0,2473125.0,2473214.0,2473287.0,2473371.0,2473448.0,2473543.0,2473668.0,2473781.0,2473896.0,2473992.0,2474090.0,2474183.0,2474276.0,2474369.0,2474486.0,2474580.0,2474685.0,2474778.0,2474851.0,2474950.0,2475058.0,2475167.0,2475258.0,2475356.0,2475432.0,2475514.0,2475620.0,2475732.0,2475830.0,2475920.0,2475991.0,2476078.0,2476155.0,2476228.0,2476306.0,2476383.0,2476465.0,2476534.0,2476608.0,2476699.0,2476778.0,2476864.0,2476935.0,2477035.0,2477096.0,2477174.0,2477236.0,,,,,,,,,2477786.0,2477857.0,2477912.0,2477984.0,2478055.0,2478135.0,2478222.0,2478276.0,2478365.0,2478430.0,2478484.0,2478553.0,2478599.0,2478692.0,2478755.0,2478820.0,2478870.0,2478931.0,2479008.0,2479065.0,2479136.0,2479201.0,2479296.0,2479356.0,2479426.0,2479480.0,2479550.0,2479621.0,2479677.0,2479776.0,2479867.0,2479915.0,2479972.0,2480042.0,2480120.0,2480208.0,2480288.0,2480341.0,2480411.0,2480469.0,2480542.0,2480616.0,2480677.0,2480736.0,2480795.0,2480871.0,2480937.0,2481006.0,2481111.0,2481179.0,2481288.0,2481345.0,2481415.0,2481509.0,2481558.0,2481638.0,2481721.0,2481791.0,2481857.0,2481937.0,2482014.0,2482063.0,2482143.0,2482215.0,2482264.0,2482314.0,2482370.0,2482456.0,2482506.0,2482580.0,2482662.0,2482742
5skOlvyFoE4,862944.0,862960.0,862982.0,863000.0,863025.0,863045.0,863063.0,863080.0,863099.0,863122.0,863148.0,863167.0,863186.0,863203.0,863235.0,863259.0,863279.0,863298.0,863321.0,863347.0,863357.0,863370.0,863385.0,863402.0,863421.0,863446.0,863457.0,863478.0,863488.0,863509.0,863526.0,863550.0,863574.0,863592.0,863610.0,863643.0,863657.0,863678.0,863694.0,863714.0,863732.0,863758.0,863769.0,863785.0,863810.0,863821.0,863839.0,863851.0,863867.0,863883.0,863910.0,863922.0,863943.0,863956.0,863972.0,863995.0,864002.0,864019.0,864033.0,864056.0,864074.0,864088.0,864099.0,864113.0,864129.0,864142.0,864169.0,864184.0,864196.0,864214.0,864235.0,864258.0,864278.0,864295.0,864304.0,864333.0,864350.0,864373.0,864402.0,864424.0,864451.0,864473.0,864495.0,864512.0,864521.0,864544.0,864562.0,864584.0,864612.0,864628.0,864647.0,864657.0,864676.0,864693.0,864715.0,864738.0,864753.0,864776.0,864800.0,864831.0,864859.0,864887.0,864910.0,864930.0,864953.0,864967.0,864981.0,865006.0,865022.0,865046.0,865060.0,865089.0,865110.0,865126.0,865152.0,865179.0,865202.0,865219.0,865237.0,865268.0,865286.0,865305.0,865327.0,865337.0,865353.0,865368.0,865386.0,865407.0,865422.0,865440.0,865464.0,865483.0,865496.0,865503.0,,,,,,,,,865663.0,865679.0,865700.0,865713.0,865731.0,865751.0,865772.0,865802.0,865821.0,865849.0,865869.0,865897.0,865924.0,865945.0,865976.0,866000.0,866013.0,866032.0,866053.0,866069.0,866084.0,866094.0,866115.0,866138.0,866153.0,866168.0,866187.0,866219.0,866233.0,866263.0,866279.0,866293.0,866306.0,866327.0,866351.0,866371.0,866388.0,866402.0,866418.0,866439.0,866453.0,866472.0,866487.0,866509.0,866528.0,866556.0,866581.0,866605.0,866631.0,866660.0,866678.0,866700.0,866713.0,866727.0,866742.0,866763.0,866780.0,866796.0,866816.0,866832.0,866846.0,866860.0,866884.0,866899.0,866911.0,866934.0,866956.0,866969.0,866982.0,867001.0,867028.0,867042
h5s9mFVNfLI,71233.0,71266.0,71286.0,71307.0,71323.0,71345.0,71361.0,71382.0,71405.0,71417.0,71440.0,71456.0,71472.0,71492.0,71517.0,71534.0,71554.0,71569.0,71586.0,71598.0,71623.0,71649.0,71683.0,71715.0,71739.0,71761.0,71785.0,71809.0,71831.0,71851.0,71879.0,71904.0,71916.0,71935.0,71962.0,71987.0,72008.0,72033.0,72057.0,72080.0,72101.0,72136.0,72167.0,72194.0,72215.0,72238.0,72260.0,72281.0,72307.0,72329.0,72352.0,72384.0,72401.0,72415.0,72434.0,72464.0,72478.0,72511.0,72540.0,72563.0,72587.0,72601.0,72627.0,72651.0,72667.0,72685.0,72700.0,72731.0,72745.0,72760.0,72771.0,72785.0,72807.0,72832.0,72846.0,72860.0,72876.0,72894.0,72908.0,72931.0,72955.0,72972.0,72994.0,73004.0,73027.0,73037.0,73060.0,73081.0,73096.0,73127.0,73150.0,73168.0,73185.0,73204.0,73222.0,73235.0,73251.0,73265.0,73286.0,73313.0,73331.0,73348.0,73364.0,73382.0,73401.0,73421.0,73443.0,73459.0,73474.0,73493.0,73508.0,73536.0,73557.0,73573.0,73591.0,73611.0,73625.0,73646.0,73658.0,73677.0,73694.0,73718.0,73733.0,73746.0,73762.0,73785.0,73801.0,73823.0,73844.0,73858.0,73870.0,73884.0,73898.0,73913.0,,,,,,,,,74089.0,74100.0,74119.0,74134.0,74161.0,74183.0,74202.0,74218.0,74242.0,74255.0,74276.0,74297.0,74324.0,74341.0,74358.0,74376.0,74392.0,74404.0,74420.0,74433.0,74446.0,74460.0,74471.0,74487.0,74499.0,74509.0,74528.0,74553.0,74571.0,74593.0,74604.0,74622.0,74631.0,74643.0,74659.0,74668.0,74687.0,74701.0,74714.0,74727.0,74749.0,74774.0,74796.0,74827.0,74850.0,74879.0,74897.0,74922.0,74952.0,74966.0,74994.0,75012.0,75033.0,75046.0,75057.0,75066.0,75086.0,75107.0,75121.0,75137.0,75155.0,75173.0,75192.0,75212.0,75234.0,75252.0,75270.0,75284.0,75302.0,75315.0,75335.0,75355
MuZaPtmTo5g,282857.0,282883.0,282946.0,282994.0,283045.0,283107.0,283136.0,283203.0,283282.0,283336.0,283390.0,283442.0,283497.0,283550.0,283618.0,283669.0,283726.0,283774.0,283820.0,283870.0,283927.0,283973.0,284033.0,284090.0,284146.0,284189.0,284227.0,284298.0,284363.0,284444.0,284494.0,284538.0,284593.0,284652.0,284706.0,284756.0,284796.0,284852.0,284896.0,284947.0,285005.0,285054.0,285114.0,285173.0,285234.0,285280.0,285345.0,285422.0,285496.0,285566.0,285635.0,285704.0,285761.0,285809.0,285865.0,285921.0,285970.0,286025.0,286068.0,286108.0,286169.0,286208.0,286235.0,286277.0,286313.0,286343.0,286370.0,286411.0,286444.0,286486.0,286535.0,286571.0,286611.0,286649.0,286686.0,286730.0,286784.0,286822.0,286856.0,286887.0,286937.0,286978.0,287049.0,287091.0,287136.0,287175.0,287220.0,287257.0,287294.0,287329.0,287369.0,287428.0,287467.0,287522.0,287554.0,287593.0,287638.0,287685.0,287711.0,287747.0,287769.0,287802.0,287827.0,287857.0,287890.0,287926.0,287947.0,287996.0,288036.0,288065.0,288092.0,288136.0,288171.0,288206.0,288244.0,288264.0,288287.0,288325.0,288353.0,288388.0,288422.0,288469.0,288524.0,288583.0,288642.0,288685.0,288719.0,288761.0,288807.0,288841.0,288871.0,288901.0,288929.0,288952.0,,,,,,,,,289231.0,289274.0,289311.0,289341.0,289370.0,289388.0,289412.0,289434.0,289456.0,289470.0,289487.0,289506.0,289536.0,289565.0,289581.0,289605.0,289624.0,289642.0,289664.0,289678.0,289701.0,289719.0,289745.0,289772.0,289796.0,289813.0,289832.0,289855.0,289871.0,289886.0,289909.0,289934.0,289973.0,289995.0,290024.0,290044.0,290058.0,290081.0,290112.0,290132.0,290152.0,290169.0,290188.0,290204.0,290229.0,290259.0,290279.0,290305.0,290335.0,290348.0,290368.0,290384.0,290401.0,290421.0,290433.0,290452.0,290470.0,290485.0,290506.0,290525.0,290546.0,290567.0,290586.0,290609.0,290636.0,290653.0,290666.0,290687.0,290701.0,290725.0,290744.0,290760
2ibVBpNXQNg,7439.0,7439.0,7440.0,7442.0,7444.0,7446.0,7448.0,7448.0,7449.0,7451.0,7453.0,7456.0,7458.0,7463.0,7472.0,7475.0,7477.0,7481.0,7481.0,7484.0,7486.0,7490.0,7491.0,7494.0,7498.0,7502.0,7502.0,7506.0,7506.0,7507.0,7510.0,7510.0,7511.0,7511.0,7512.0,7512.0,7514.0,7515.0,7518.0,7520.0,7521.0,7522.0,7524.0,7527.0,7527.0,7528.0,7529.0,7531.0,7533.0,7533.0,7534.0,7534.0,7534.0,7534.0,7535.0,7538.0,7539.0,7542.0,7542.0,7542.0,7544.0,7545.0,7545.0,7546.0,7547.0,7551.0,7555.0,7557.0,7559.0,7560.0,7561.0,7562.0,7564.0,7565.0,7567.0,7567.0,7569.0,7569.0,7569.0,7573.0,7576.0,7578.0,7581.0,7584.0,7586.0,7588.0,7588.0,7589.0,7590.0,7592.0,7593.0,7595.0,7599.0,7601.0,7603.0,7604.0,7607.0,7607.0,7610.0,7613.0,7613.0,7614.0,7616.0,7621.0,7625.0,7626.0,7627.0,7627.0,7632.0,7633.0,7634.0,7636.0,7638.0,7643.0,7645.0,7645.0,7648.0,7652.0,7655.0,7655.0,7656.0,7656.0,7657.0,7660.0,7668.0,7672.0,7674.0,7677.0,7682.0,7690.0,7693.0,7697.0,7699.0,7706.0,,,,,,,,,7788.0,7792.0,7797.0,7804.0,7809.0,7813.0,7823.0,7826.0,7832.0,7835.0,7839.0,7845.0,7849.0,7855.0,7859.0,7862.0,7864.0,7864.0,7867.0,7868.0,7871.0,7873.0,7877.0,7880.0,7886.0,7891.0,7895.0,7900.0,7900.0,7903.0,7904.0,7909.0,7911.0,7914.0,7916.0,7919.0,7921.0,7922.0,7923.0,7925.0,7929.0,7933.0,7934.0,7939.0,7942.0,7944.0,7948.0,7951.0,7952.0,7954.0,7955.0,7960.0,7963.0,7965.0,7968.0,7969.0,7971.0,7976.0,7978.0,7981.0,7982.0,7985.0,7994.0,7997.0,8006.0,8008.0,8013.0,8017.0,8018.0,8025.0,8027.0,8041
JFs_3JeyKqw,150684.0,150753.0,150812.0,150901.0,150982.0,151058.0,151160.0,151250.0,151350.0,151418.0,151480.0,151568.0,151650.0,151721.0,151841.0,151972.0,152085.0,152237.0,152323.0,152442.0,152538.0,152628.0,152734.0,152846.0,152915.0,153013.0,153131.0,153228.0,153348.0,153460.0,153547.0,153631.0,153720.0,153797.0,153896.0,153984.0,154064.0,154154.0,154230.0,154294.0,154423.0,154520.0,154634.0,154707.0,154792.0,154868.0,154951.0,155022.0,155114.0,155197.0,155300.0,155380.0,155472.0,155568.0,155666.0,155759.0,155857.0,155944.0,156027.0,156121.0,156194.0,156291.0,156371.0,156477.0,156568.0,156654.0,156721.0,156822.0,156907.0,157030.0,157131.0,157249.0,157319.0,157394.0,157466.0,157572.0,157661.0,157758.0,157852.0,157923.0,157996.0,158055.0,158167.0,158235.0,158367.0,158487.0,158586.0,158664.0,158775.0,158864.0,158975.0,159053.0,159150.0,159218.0,159289.0,159374.0,159472.0,159549.0,159628.0,159719.0,159791.0,159871.0,159970.0,160066.0,160174.0,160245.0,160319.0,160387.0,160451.0,160515.0,160587.0,160670.0,160753.0,160847.0,160937.0,160985.0,161067.0,161146.0,161221.0,161294.0,161395.0,161468.0,161533.0,161615.0,161678.0,161750.0,161807.0,161901.0,161968.0,162018.0,162071.0,162139.0,162204.0,162281.0,,,,,,,,,162903.0,162950.0,163003.0,163075.0,163134.0,163214.0,163287.0,163351.0,163401.0,163480.0,163549.0,163600.0,163674.0,163740.0,163795.0,163853.0,163903.0,163956.0,164024.0,164080.0,164125.0,164188.0,164236.0,164279.0,164347.0,164390.0,164429.0,164487.0,164544.0,164581.0,164616.0,164649.0,164703.0,164752.0,164815.0,164857.0,164910.0,164968.0,165041.0,165107.0,165170.0,165272.0,165325.0,165382.0,165432.0,165507.0,165578.0,165646.0,165721.0,165771.0,165814.0,165868.0,165945.0,166019.0,166080.0,166147.0,166198.0,166237.0,166306.0,166359.0,166424.0,166471.0,166519.0,166573.0,166617.0,166688.0,166763.0,166816.0,166855.0,166913.0,166969.0,167026
UNFk6_to5_0,14777251.0,14778067.0,14779009.0,14779852.0,14780742.0,14781624.0,14782452.0,14783308.0,14784128.0,14785133.0,14785963.0,14786724.0,14787488.0,14788246.0,14789031.0,14789875.0,14790620.0,14791383.0,14792109.0,14792789.0,14793535.0,14794342.0,14795141.0,14795871.0,14796724.0,14797536.0,14798210.0,14799067.0,14799923.0,14800780.0,14801585.0,14802333.0,14803049.0,14803895.0,14804690.0,14805539.0,14806410.0,14807251.0,14807995.0,14808702.0,14809421.0,14810103.0,14810828.0,14811666.0,14812504.0,14813388.0,14814233.0,14815198.0,14816099.0,14817064.0,14817917.0,14818800.0,14819616.0,14820436.0,14821352.0,14822268.0,14823297.0,14824257.0,14825198.0,14826050.0,14827023.0,14828211.0,14829166.0,14830106.0,14831101.0,14832140.0,14833427.0,14834866.0,14836757.0,14838732.0,14840108.0,14841427.0,14842717.0,14843991.0,14845057.0,14846137.0,14847178.0,14848152.0,14849042.0,14849998.0,14851034.0,14852027.0,14852944.0,14853894.0,14854794.0,14855746.0,14856673.0,14857610.0,14858449.0,14859353.0,14860223.0,14861086.0,14861960.0,14862835.0,14863745.0,14864554.0,14865434.0,14866332.0,14867207.0,14867986.0,14868881.0,14869787.0,14870552.0,14871280.0,14872124.0,14872837.0,14873560.0,14874276.0,14875120.0,14875902.0,14876682.0,14877513.0,14878250.0,14879121.0,14879967.0,14880776.0,14881523.0,14882304.0,14883027.0,14883822.0,14884600.0,14885337.0,14886112.0,14886754.0,14887562.0,14888245.0,14888956.0,14889707.0,14890368.0,14891007.0,14891766.0,14892480.0,14893178.0,14893841.0,,,,,,,,,14900384.0,14901119.0,14901791.0,14902579.0,14903450.0,14904292.0,14905055.0,14905862.0,14906812.0,14907703.0,14908623.0,14909560.0,14910600.0,14911562.0,14912424.0,14913407.0,14914399.0,14915254.0,14916201.0,14917139.0,14917921.0,14918781.0,14919636.0,14920383.0,14921293.0,14922122.0,14922946.0,14923838.0,14924659.0,14925418.0,14926187.0,14926990.0,14927782.0,14928609.0,14929364.0,14930236.0,14931130.0,14931982.0,14932879.0,14933770.0,14934685.0,14935514.0,14936427.0,14937348.0,14938199.0,14939004.0,14939818.0,14940723.0,14941653.0,14942430.0,14943170.0,14943999.0,14944860.0,14945880.0,14946850.0,14947786.0,14948630.0,14949533.0,14950359.0,14951252.0,14952043.0,14952754.0,14953503.0,14954186.0,14954935.0,14955746.0,14956628.0,14957445.0,14958205.0,14958934.0,14959703.0,14960453
K26EZJVHakE,12365790.0,12366048.0,12366255.0,12366492.0,12366711.0,12366949.0,12367191.0,12367410.0,12367691.0,12367904.0,12368102.0,12368309.0,12368522.0,12368731.0,12368953.0,12369177.0,12369370.0,12369536.0,12369711.0,12369958.0,12370244.0,12370540.0,12370813.0,12371072.0,12371299.0,12371554.0,12371842.0,12372059.0,12372346.0,12372554.0,12372778.0,12373003.0,12373232.0,12373548.0,12373773.0,12374063.0,12374311.0,12374582.0,12374859.0,12375093.0,12375330.0,12375584.0,12375876.0,12376149.0,12376364.0,12376570.0,12376806.0,12377036.0,12377322.0,12377585.0,12377820.0,12378039.0,12378234.0,12378460.0,12378672.0,12378869.0,12379080.0,12379286.0,12379488.0,12379710.0,12379929.0,12380149.0,12380396.0,12380639.0,12380891.0,12381116.0,12381314.0,12381546.0,12381769.0,12382011.0,12382243.0,12382488.0,12382710.0,12382933.0,12383195.0,12383450.0,12383724.0,12384022.0,12384274.0,12384504.0,12384766.0,12385007.0,12385219.0,12385446.0,12385705.0,12385933.0,12386145.0,12386327.0,12386592.0,12386893.0,12387152.0,12387381.0,12387680.0,12387928.0,12388189.0,12388452.0,12388742.0,12389029.0,12389329.0,12389613.0,12389870.0,12390196.0,12390490.0,12390827.0,12391187.0,12391500.0,12391767.0,12392001.0,12392226.0,12392453.0,12392711.0,12392951.0,12393202.0,12393456.0,12393675.0,12393936.0,12394155.0,12394470.0,12394767.0,12395024.0,12395282.0,12395545.0,12395776.0,12396017.0,12396216.0,12396483.0,12396741.0,12396999.0,12397288.0,12397546.0,12397775.0,12397999.0,12398235.0,12398446.0,,,,,,,,,12400229.0,12400422.0,12400630.0,12400823.0,12401043.0,12401247.0,12401414.0,12401596.0,12401820.0,12402022.0,12402263.0,12402466.0,12402703.0,12402902.0,12403155.0,12403353.0,12403602.0,12403853.0,12404111.0,12404380.0,12404601.0,12404901.0,12405139.0,12405346.0,12405654.0,12405893.0,12406145.0,12406400.0,12406692.0,12406904.0,12407200.0,12407482.0,12407733.0,12408007.0,12408259.0,12408530.0,12408777.0,12409004.0,12409279.0,12409531.0,12409779.0,12409997.0,12410215.0,12410419.0,12410626.0,12410882.0,12411078.0,12411306.0,12411502.0,12411694.0,12411881.0,12412091.0,12412284.0,12412437.0,12412657.0,12412861.0,12413021.0,12413191.0,12413414.0,12413592.0,12413776.0,12413973.0,12414117.0,12414272.0,12414440.0,12414618.0,12414847.0,12415018.0,12415132.0,12415315.0,12415493.0,12415673
0OliiOgXlJI,10330529.0,10330802.0,10331100.0,10331366.0,10331660.0,10331982.0,10332278.0,10332563.0,10332891.0,10333191.0,10333493.0,10333779.0,10334088.0,10334431.0,10334702.0,10335033.0,10335272.0,10335504.0,10335804.0,10336097.0,10336442.0,10336794.0,10337201.0,10337525.0,10337840.0,10338205.0,10338580.0,10338917.0,10339225.0,10339633.0,10340001.0,10340313.0,10340601.0,10340937.0,10341242.0,10341554.0,10341910.0,10342205.0,10342547.0,10342865.0,10343190.0,10343483.0,10343846.0,10344207.0,10344495.0,10344797.0,10345117.0,10345429.0,10345740.0,10346014.0,10346330.0,10346599.0,10346866.0,10347150.0,10347409.0,10347671.0,10347957.0,10348229.0,10348478.0,10348743.0,10349072.0,10349385.0,10349718.0,10350080.0,10350415.0,10350699.0,10351016.0,10351316.0,10351595.0,10351975.0,10352257.0,10352534.0,10352761.0,10353073.0,10353342.0,10353731.0,10354098.0,10354434.0,10354848.0,10355231.0,10355517.0,10355844.0,10356101.0,10356485.0,10356735.0,10356999.0,10357294.0,10357590.0,10357889.0,10358272.0,10358631.0,10358902.0,10359283.0,10359642.0,10359937.0,10360309.0,10360724.0,10361123.0,10361501.0,10361898.0,10362248.0,10362596.0,10362905.0,10363227.0,10363614.0,10364010.0,10364339.0,10364663.0,10364945.0,10365281.0,10365680.0,10366053.0,10366443.0,10366763.0,10367075.0,10367410.0,10367816.0,10368187.0,10368593.0,10368991.0,10369327.0,10369587.0,10369942.0,10370255.0,10370632.0,10371093.0,10371543.0,10371913.0,10372333.0,10372676.0,10373098.0,10373508.0,10373957.0,10374395.0,,,,,,,,,10377636.0,10378018.0,10378382.0,10378730.0,10379124.0,10379477.0,10379806.0,10380097.0,10380413.0,10380698.0,10381030.0,10381349.0,10381679.0,10382032.0,10382441.0,10382822.0,10383209.0,10383613.0,10384015.0,10384474.0,10384905.0,10385345.0,10385716.0,10386092.0,10386638.0,10387050.0,10387478.0,10387930.0,10388383.0,10388779.0,10389202.0,10389589.0,10389940.0,10390403.0,10390722.0,10391066.0,10391391.0,10391677.0,10392029.0,10392378.0,10392709.0,10393038.0,10393370.0,10393645.0,10393934.0,10394284.0,10394604.0,10394900.0,10395202.0,10395487.0,10395747.0,10396043.0,10396336.0,10396622.0,10396918.0,10397221.0,10397436.0,10397672.0,10397912.0,10398222.0,10398492.0,10398721.0,10398874.0,10399072.0,10399270.0,10399508.0,10399813.0,10400095.0,10400374.0,10400620.0,10400827.0,10401091
dlWa6Mcq5VE,455356.0,455830.0,456222.0,456639.0,457103.0,457616.0,458254.0,458839.0,459441.0,459908.0,460318.0,460895.0,461507.0,462117.0,462710.0,463259.0,463716.0,464161.0,464687.0,465170.0,465722.0,466231.0,466687.0,467224.0,467714.0,468226.0,468654.0,469099.0,469552.0,470097.0,470542.0,470988.0,471440.0,471925.0,472466.0,473032.0,473473.0,473894.0,474338.0,474764.0,475232.0,475689.0,476201.0,476818.0,477268.0,477687.0,478121.0,478717.0,479224.0,479888.0,480581.0,481114.0,481596.0,482058.0,482639.0,483219.0,483652.0,484113.0,484494.0,484904.0,485353.0,485809.0,486246.0,486698.0,487218.0,487700.0,488102.0,488572.0,488888.0,489327.0,489749.0,490203.0,490583.0,490944.0,491322.0,491833.0,492267.0,492706.0,493193.0,493694.0,494100.0,494476.0,494935.0,495387.0,495798.0,496245.0,496604.0,496969.0,497334.0,497748.0,498194.0,498617.0,498996.0,499399.0,499739.0,500124.0,500466.0,500776.0,501218.0,501601.0,501904.0,502183.0,502494.0,502845.0,503208.0,503611.0,503991.0,504276.0,504602.0,504914.0,505287.0,505674.0,506052.0,506386.0,506707.0,507009.0,507354.0,507726.0,508145.0,508501.0,508887.0,509213.0,509552.0,509870.0,510269.0,510590.0,510983.0,511509.0,511810.0,512194.0,512558.0,513011.0,513393.0,513892.0,,,,,,,,,518067.0,518395.0,518778.0,519183.0,519666.0,520147.0,520585.0,521015.0,521623.0,522120.0,522698.0,523381.0,524014.0,524832.0,525600.0,526279.0,527069.0,527705.0,528423.0,529080.0,529583.0,530057.0,530561.0,530971.0,531461.0,532035.0,532572.0,533061.0,533546.0,534031.0,534470.0,534975.0,535431.0,535923.0,536352.0,536759.0,537154.0,537559.0,538021.0,538449.0,538976.0,539409.0,539800.0,540182.0,540572.0,540968.0,541355.0,541834.0,542252.0,542568.0,542880.0,543191.0,543555.0,543905.0,544256.0,544598.0,544953.0,545284.0,545668.0,546042.0,546450.0,546746.0,547086.0,547433.0,547726.0,548069.0,548408.0,548816.0,549081.0,549392.0,549711.0,549993
b2nw14e2d5M,19197.0,19200.0,19204.0,19205.0,19214.0,19218.0,19221.0,19224.0,19225.0,19228.0,19229.0,19229.0,19234.0,19234.0,19238.0,19240.0,19240.0,19242.0,19243.0,19243.0,19247.0,19252.0,19255.0,19261.0,19262.0,19266.0,19267.0,19267.0,19266.0,19267.0,19271.0,19271.0,19271.0,19271.0,19272.0,19272.0,19276.0,19278.0,19284.0,19285.0,19285.0,19289.0,19304.0,19313.0,19319.0,19331.0,19334.0,19341.0,19350.0,19361.0,19362.0,19366.0,19366.0,19369.0,19373.0,19377.0,19381.0,19385.0,19387.0,19388.0,19393.0,19395.0,19398.0,19399.0,19400.0,19401.0,19403.0,19408.0,19411.0,19412.0,19413.0,19417.0,19418.0,19418.0,19420.0,19425.0,19425.0,19425.0,19431.0,19431.0,19434.0,19436.0,19436.0,19436.0,19438.0,19445.0,19447.0,19450.0,19453.0,19453.0,19453.0,19453.0,19453.0,19454.0,19454.0,19455.0,19456.0,19456.0,19457.0,19457.0,19459.0,19459.0,19459.0,19461.0,19461.0,19462.0,19466.0,19466.0,19466.0,19470.0,19471.0,19472.0,19473.0,19474.0,19474.0,19475.0,19476.0,19478.0,19479.0,19482.0,19484.0,19484.0,19485.0,19485.0,19486.0,19486.0,19491.0,19493.0,19494.0,19496.0,19497.0,19498.0,19498.0,19498.0,,,,,,,,,19511.0,19514.0,19515.0,19515.0,19524.0,19527.0,19527.0,19552.0,19578.0,19586.0,19594.0,19600.0,19610.0,19615.0,19616.0,19625.0,19628.0,19628.0,19629.0,19635.0,19640.0,19645.0,19658.0,19664.0,19665.0,19669.0,19672.0,19675.0,19678.0,19680.0,19680.0,19682.0,19684.0,19684.0,19688.0,19688.0,19690.0,19691.0,19691.0,19692.0,19694.0,19695.0,19695.0,19695.0,19696.0,19697.0,19696.0,19697.0,19697.0,19700.0,19704.0,19704.0,19705.0,19706.0,19706.0,19707.0,19707.0,19708.0,19708.0,19709.0,19709.0,19710.0,19711.0,19712.0,19713.0,19713.0,19713.0,19713.0,19713.0,19714.0,19714.0,19716
AA-ULjjelmE,205.0,205.0,205.0,205.0,206.0,207.0,207.0,210.0,211.0,212.0,215.0,215.0,216.0,217.0,220.0,221.0,221.0,221.0,222.0,223.0,223.0,223.0,224.0,225.0,225.0,225.0,226.0,227.0,227.0,227.0,230.0,230.0,232.0,232.0,233.0,235.0,236.0,236.0,238.0,239.0,240.0,243.0,245.0,245.0,248.0,250.0,250.0,250.0,250.0,250.0,250.0,251.0,253.0,255.0,258.0,259.0,259.0,260.0,261.0,261.0,261.0,261.0,261.0,262.0,262.0,262.0,262.0,263.0,263.0,263.0,263.0,265.0,266.0,267.0,267.0,267.0,268.0,268.0,270.0,270.0,270.0,272.0,273.0,274.0,274.0,275.0,275.0,277.0,278.0,279.0,282.0,283.0,283.0,283.0,283.0,284.0,285.0,287.0,289.0,290.0,291.0,291.0,291.0,293.0,293.0,293.0,294.0,294.0,295.0,295.0,296.0,297.0,298.0,299.0,300.0,301.0,303.0,310.0,311.0,313.0,313.0,313.0,313.0,313.0,313.0,316.0,316.0,317.0,317.0,319.0,319.0,322.0,343.0,346.0,,,,,,,,,351.0,351.0,351.0,356.0,358.0,358.0,359.0,359.0,359.0,359.0,360.0,362.0,363.0,365.0,365.0,365.0,365.0,365.0,365.0,367.0,367.0,367.0,367.0,367.0,369.0,369.0,370.0,370.0,370.0,370.0,370.0,372.0,372.0,373.0,373.0,374.0,376.0,381.0,381.0,383.0,383.0,384.0,386.0,387.0,387.0,390.0,390.0,391.0,391.0,392.0,392.0,392.0,394.0,394.0,394.0,394.0,394.0,395.0,395.0,395.0,395.0,395.0,395.0,395.0,395.0,395.0,395.0,397.0,397.0,398.0,398.0,399
AlLd0P46SxY,2376.0,2376.0,2376.0,2376.0,2377.0,2377.0,2378.0,2378.0,2378.0,2378.0,2378.0,2378.0,2378.0,2378.0,2378.0,2378.0,2378.0,2378.0,2378.0,2378.0,2378.0,2378.0,2379.0,2379.0,2379.0,2380.0,2380.0,2380.0,2380.0,2380.0,2380.0,2380.0,2380.0,2380.0,2380.0,2380.0,2380.0,2380.0,2380.0,2380.0,2381.0,2381.0,2381.0,2382.0,2382.0,2382.0,2382.0,2383.0,2383.0,2383.0,2383.0,2383.0,2384.0,2384.0,2384.0,2384.0,2384.0,2384.0,2384.0,2384.0,2384.0,2384.0,2384.0,2384.0,2384.0,2384.0,2384.0,2386.0,2386.0,2386.0,2386.0,2386.0,2386.0,2386.0,2386.0,2386.0,2386.0,2386.0,2386.0,2387.0,2387.0,2387.0,2387.0,2387.0,2387.0,2387.0,2387.0,2388.0,2388.0,2388.0,2388.0,2388.0,2389.0,2388.0,2388.0,2389.0,2389.0,2389.0,2389.0,2389.0,2389.0,2389.0,2391.0,2391.0,2391.0,2391.0,2392.0,2392.0,2392.0,2392.0,2392.0,2392.0,2392.0,2392.0,2392.0,2392.0,2392.0,2394.0,2395.0,2395.0,2395.0,2397.0,2395.0,2395.0,2395.0,2395.0,2395.0,2395.0,2395.0,2395.0,2395.0,2395.0,2396.0,2396.0,,,,,,,,,2397.0,2397.0,2398.0,2398.0,2398.0,2398.0,2398.0,2398.0,2399.0,2399.0,2399.0,2399.0,2399.0,2400.0,2400.0,2400.0,2400.0,2400.0,2400.0,2400.0,2400.0,2401.0,2401.0,2402.0,2402.0,2402.0,2402.0,2402.0,2402.0,2402.0,2402.0,2402.0,2402.0,2402.0,2402.0,2402.0,2402.0,2402.0,2402.0,2402.0,2402.0,2402.0,2402.0,2402.0,2402.0,2403.0,2403.0,2403.0,2403.0,2403.0,2403.0,2403.0,2403.0,2403.0,2404.0,2404.0,2404.0,2404.0,2404.0,2404.0,2404.0,2404.0,2404.0,2404.0,2404.0,2404.0,2404.0,2404.0,2404.0,2404.0,2404.0,2404
VSYtQ8kY4bg,26680.0,26686.0,26690.0,26692.0,26698.0,26700.0,26706.0,26708.0,26710.0,26711.0,26712.0,26715.0,26718.0,26718.0,26718.0,26720.0,26722.0,26723.0,26726.0,26727.0,26729.0,26731.0,26731.0,26731.0,26732.0,26736.0,26738.0,26740.0,26744.0,26744.0,26746.0,26747.0,26747.0,26748.0,26752.0,26756.0,26759.0,26759.0,26761.0,26768.0,26774.0,26777.0,26784.0,26792.0,26799.0,26808.0,26810.0,26817.0,26820.0,26822.0,26831.0,26837.0,26837.0,26840.0,26843.0,26849.0,26852.0,26860.0,26863.0,26864.0,26865.0,26869.0,26872.0,26876.0,26878.0,26881.0,26886.0,26887.0,26891.0,26893.0,26908.0,26918.0,26924.0,26929.0,26932.0,26942.0,26952.0,26962.0,26972.0,26973.0,26979.0,26982.0,26989.0,26994.0,26998.0,27009.0,27012.0,27015.0,27017.0,27020.0,27025.0,27028.0,27031.0,27033.0,27034.0,27036.0,27038.0,27041.0,27043.0,27046.0,27047.0,27050.0,27054.0,27054.0,27058.0,27061.0,27064.0,27066.0,27067.0,27069.0,27072.0,27073.0,27074.0,27077.0,27077.0,27077.0,27076.0,27078.0,27079.0,27080.0,27081.0,27081.0,27081.0,27083.0,27084.0,27084.0,27085.0,27088.0,27088.0,27090.0,27090.0,27091.0,27093.0,27093.0,,,,,,,,,27116.0,27116.0,27115.0,27116.0,27121.0,27122.0,27130.0,27131.0,27132.0,27134.0,27134.0,27133.0,27134.0,27137.0,27138.0,27140.0,27142.0,27145.0,27148.0,27150.0,27150.0,27151.0,27151.0,27153.0,27156.0,27156.0,27159.0,27162.0,27162.0,27163.0,27166.0,27167.0,27167.0,27169.0,27170.0,27171.0,27171.0,27174.0,27173.0,27174.0,27174.0,27175.0,27177.0,27182.0,27186.0,27189.0,27190.0,27193.0,27193.0,27194.0,27196.0,27198.0,27198.0,27200.0,27203.0,27206.0,27208.0,27211.0,27211.0,27211.0,27212.0,27213.0,27213.0,27214.0,27214.0,27216.0,27217.0,27217.0,27219.0,27220.0,27221.0,27221
yV0T9OtUvnk,24909.0,24933.0,24958.0,24974.0,24994.0,25014.0,25035.0,25077.0,25105.0,25127.0,25141.0,25168.0,25184.0,25216.0,25233.0,25256.0,25283.0,25309.0,25345.0,25365.0,25394.0,25415.0,25428.0,25439.0,25460.0,25481.0,25504.0,25528.0,25549.0,25574.0,25599.0,25609.0,25635.0,25650.0,25669.0,25687.0,25720.0,25738.0,25753.0,25766.0,25786.0,25809.0,25839.0,25852.0,25872.0,25882.0,25908.0,25935.0,25953.0,25964.0,25984.0,26012.0,26025.0,26056.0,26083.0,26098.0,26115.0,26135.0,26165.0,26184.0,26201.0,26228.0,26256.0,26280.0,26305.0,26321.0,26334.0,26364.0,26384.0,26400.0,26422.0,26450.0,26472.0,26490.0,26527.0,26548.0,26579.0,26607.0,26638.0,26666.0,26682.0,26705.0,26731.0,26758.0,26781.0,26798.0,26835.0,26851.0,26871.0,26894.0,26910.0,26933.0,26952.0,26967.0,26986.0,27012.0,27031.0,27064.0,27091.0,27120.0,27150.0,27171.0,27198.0,27226.0,27266.0,27284.0,27310.0,27339.0,27367.0,27390.0,27407.0,27430.0,27456.0,27483.0,27506.0,27538.0,27566.0,27594.0,27625.0,27654.0,27677.0,27698.0,27712.0,27731.0,27746.0,27766.0,27784.0,27806.0,27820.0,27837.0,27852.0,27877.0,27899.0,27931.0,,,,,,,,,28232.0,28303.0,28424.0,28580.0,28778.0,28972.0,29097.0,29210.0,29346.0,29394.0,29426.0,29524.0,29590.0,29641.0,29665.0,29702.0,29741.0,29785.0,29821.0,29837.0,29851.0,29866.0,29882.0,29905.0,29929.0,29946.0,29960.0,29969.0,29991.0,30001.0,30017.0,30044.0,30063.0,30080.0,30102.0,30123.0,30148.0,30157.0,30173.0,30198.0,30228.0,30250.0,30272.0,30291.0,30310.0,30339.0,30362.0,30392.0,30414.0,30430.0,30447.0,30467.0,30486.0,30511.0,30528.0,30556.0,30584.0,30596.0,30626.0,30648.0,30666.0,30717.0,30742.0,30765.0,30784.0,30820.0,30865.0,30891.0,30916.0,30939.0,30979.0,31002
w-VJRWtQHkY,576624.0,576696.0,576739.0,576801.0,576880.0,576945.0,577043.0,577127.0,577235.0,577320.0,577391.0,577466.0,577572.0,577672.0,577762.0,577842.0,577933.0,578026.0,578120.0,578184.0,578261.0,578361.0,578467.0,578537.0,578623.0,578701.0,578808.0,578912.0,578996.0,579107.0,579202.0,579271.0,579365.0,579457.0,579555.0,579645.0,579726.0,579812.0,579886.0,579981.0,580075.0,580163.0,580265.0,580352.0,580429.0,580507.0,580609.0,580678.0,580777.0,580856.0,580953.0,581028.0,581103.0,581172.0,581247.0,581325.0,581383.0,581453.0,581509.0,581608.0,581683.0,581775.0,581853.0,581931.0,581993.0,582081.0,582134.0,582222.0,582297.0,582395.0,582469.0,582561.0,582649.0,582712.0,582773.0,582847.0,582916.0,582991.0,583074.0,583154.0,583202.0,583292.0,583361.0,583440.0,583539.0,583610.0,583688.0,583736.0,583817.0,583906.0,583984.0,584061.0,584148.0,584223.0,584282.0,584379.0,584430.0,584504.0,584585.0,584662.0,584713.0,584769.0,584837.0,584920.0,584995.0,585053.0,585104.0,585177.0,585232.0,585292.0,585366.0,585432.0,585509.0,585598.0,585675.0,585749.0,585841.0,585936.0,586025.0,586102.0,586183.0,586262.0,586318.0,586398.0,586474.0,586544.0,586634.0,586704.0,586779.0,586830.0,586899.0,586994.0,587091.0,587161.0,,,,,,,,,587981.0,588053.0,588144.0,588242.0,588300.0,588392.0,588459.0,588526.0,588599.0,588677.0,588755.0,588829.0,588922.0,588985.0,589047.0,589126.0,589197.0,589275.0,589319.0,589379.0,589453.0,589519.0,589584.0,589656.0,589720.0,589814.0,589885.0,589997.0,590054.0,590119.0,590190.0,590263.0,590343.0,590413.0,590499.0,590574.0,590639.0,590705.0,590769.0,590831.0,590901.0,590980.0,591055.0,591131.0,591195.0,591280.0,591343.0,591415.0,591473.0,591533.0,591595.0,591668.0,591743.0,591800.0,591860.0,591921.0,591962.0,592020.0,592075.0,592142.0,592204.0,592245.0,592303.0,592347.0,592400.0,592454.0,592526.0,592583.0,592630.0,592694.0,592750.0,592807
CV4fDxDjf1c,1026844.0,1027031.0,1027191.0,1027392.0,1027597.0,1027813.0,1028027.0,1028270.0,1028432.0,1028659.0,1028866.0,1029086.0,1029302.0,1029504.0,1029709.0,1029947.0,1030103.0,1030273.0,1030501.0,1030719.0,1030955.0,1031159.0,1031391.0,1031606.0,1031825.0,1032043.0,1032232.0,1032450.0,1032652.0,1032835.0,1032994.0,1033181.0,1033358.0,1033616.0,1033861.0,1034095.0,1034362.0,1034556.0,1034724.0,1034932.0,1035108.0,1035317.0,1035531.0,1035730.0,1035960.0,1036170.0,1036357.0,1036588.0,1036764.0,1036962.0,1037229.0,1037405.0,1037625.0,1037872.0,1038085.0,1038387.0,1038621.0,1038889.0,1039124.0,1039316.0,1039586.0,1039830.0,1040111.0,1040281.0,1040537.0,1040771.0,1041043.0,1041338.0,1041526.0,1041812.0,1041998.0,1042204.0,1042443.0,1042663.0,1042874.0,1043097.0,1043377.0,1043693.0,1043922.0,1044156.0,1044383.0,1044595.0,1044878.0,1045090.0,1045379.0,1045602.0,1045799.0,1046004.0,1046201.0,1046457.0,1046707.0,1046923.0,1047169.0,1047376.0,1047621.0,1047847.0,1048087.0,1048292.0,1048510.0,1048700.0,1048934.0,1049090.0,1049263.0,1049498.0,1049715.0,1049928.0,1050131.0,1050350.0,1050566.0,1050763.0,1050978.0,1051189.0,1051440.0,1051652.0,1051854.0,1052035.0,1052215.0,1052477.0,1052691.0,1052935.0,1053129.0,1053364.0,1053569.0,1053797.0,1054015.0,1054204.0,1054431.0,1054607.0,1054815.0,1054989.0,1055176.0,1055371.0,1055591.0,1055740.0,,,,,,,,,1057424.0,1057596.0,1057754.0,1057931.0,1058128.0,1058307.0,1058449.0,1058628.0,1058822.0,1059029.0,1059182.0,1059363.0,1059529.0,1059728.0,1059875.0,1060051.0,1060222.0,1060390.0,1060548.0,1060696.0,1060907.0,1061133.0,1061314.0,1061577.0,1061768.0,1061970.0,1062197.0,1062371.0,1062571.0,1062785.0,1062958.0,1063160.0,1063346.0,1063561.0,1063754.0,1063942.0,1064130.0,1064322.0,1064533.0,1064715.0,1064906.0,1065090.0,1065278.0,1065467.0,1065663.0,1065870.0,1066066.0,1066263.0,1066442.0,1066657.0,1066866.0,1067021.0,1067202.0,1067457.0,1067646.0,1067803.0,1067987.0,1068152.0,1068289.0,1068439.0,1068599.0,1068739.0,1068918.0,1069096.0,1069228.0,1069412.0,1069627.0,1069825.0,1069987.0,1070191.0,1070339.0,1070512
2ilSC-jUqRY,119701.0,119712.0,119718.0,119720.0,119720.0,119724.0,119732.0,119735.0,119739.0,119741.0,119745.0,119745.0,119749.0,119758.0,119767.0,119774.0,119777.0,119780.0,119784.0,119801.0,119810.0,119816.0,119824.0,119831.0,119837.0,119840.0,119842.0,119848.0,119852.0,119857.0,119861.0,119864.0,119869.0,119876.0,119883.0,119891.0,119901.0,119911.0,119914.0,119920.0,119928.0,119932.0,119943.0,119953.0,119961.0,119965.0,119973.0,119981.0,119987.0,120000.0,120008.0,120011.0,120020.0,120025.0,120036.0,120047.0,120052.0,120057.0,120063.0,120072.0,120078.0,120084.0,120086.0,120093.0,120099.0,120103.0,120107.0,120111.0,120115.0,120116.0,120115.0,120120.0,120121.0,120127.0,120129.0,120132.0,120134.0,120136.0,120137.0,120142.0,120148.0,120154.0,120160.0,120160.0,120162.0,120164.0,120167.0,120171.0,120171.0,120176.0,120179.0,120184.0,120189.0,120194.0,120198.0,120200.0,120202.0,120203.0,120207.0,120209.0,120209.0,120213.0,120213.0,120221.0,120225.0,120227.0,120229.0,120233.0,120236.0,120237.0,120244.0,120257.0,120258.0,120258.0,120262.0,120269.0,120280.0,120283.0,120287.0,120293.0,120297.0,120301.0,120303.0,120304.0,120313.0,120314.0,120320.0,120329.0,120334.0,120335.0,120340.0,120344.0,120349.0,120357.0,,,,,,,,,120390.0,120393.0,120395.0,120397.0,120403.0,120407.0,120407.0,120414.0,120417.0,120422.0,120427.0,120432.0,120432.0,120434.0,120437.0,120443.0,120447.0,120449.0,120452.0,120455.0,120456.0,120459.0,120460.0,120463.0,120467.0,120481.0,120491.0,120499.0,120504.0,120508.0,120509.0,120519.0,120522.0,120529.0,120540.0,120549.0,120565.0,120566.0,120571.0,120577.0,120582.0,120582.0,120586.0,120590.0,120592.0,120598.0,120605.0,120605.0,120610.0,120613.0,120614.0,120617.0,120621.0,120627.0,120630.0,120631.0,120635.0,120646.0,120654.0,120657.0,120663.0,120670.0,120674.0,120679.0,120686.0,120690.0,120693.0,120695.0,120698.0,120699.0,120706.0,120708
ksC6b-GryQk,28375.0,28378.0,28383.0,28385.0,28386.0,28387.0,28389.0,28391.0,28392.0,28393.0,28394.0,28395.0,28396.0,28396.0,28397.0,28398.0,28402.0,28405.0,28407.0,28408.0,28409.0,28411.0,28414.0,28416.0,28417.0,28417.0,28418.0,28419.0,28419.0,28419.0,28421.0,28420.0,28421.0,28421.0,28421.0,28421.0,28421.0,28421.0,28424.0,28425.0,28425.0,28426.0,28426.0,28426.0,28427.0,28427.0,28426.0,28426.0,28427.0,28427.0,28428.0,28428.0,28430.0,28431.0,28432.0,28432.0,28434.0,28436.0,28435.0,28436.0,28436.0,28439.0,28437.0,28439.0,28439.0,28439.0,28439.0,28440.0,28441.0,28445.0,28446.0,28446.0,28447.0,28449.0,28449.0,28450.0,28449.0,28449.0,28449.0,28449.0,28449.0,28450.0,28450.0,28450.0,28452.0,28452.0,28453.0,28455.0,28456.0,28457.0,28457.0,28458.0,28458.0,28458.0,28457.0,28457.0,28457.0,28458.0,28458.0,28459.0,28459.0,28460.0,28460.0,28461.0,28461.0,28462.0,28463.0,28463.0,28463.0,28465.0,28465.0,28466.0,28466.0,28466.0,28466.0,28466.0,28466.0,28466.0,28466.0,28468.0,28468.0,28469.0,28468.0,28469.0,28469.0,28469.0,28471.0,28472.0,28471.0,28472.0,28472.0,28473.0,28473.0,28473.0,,,,,,,,,28480.0,28482.0,28483.0,28483.0,28485.0,28485.0,28486.0,28486.0,28486.0,28487.0,28489.0,28493.0,28495.0,28497.0,28499.0,28503.0,28507.0,28507.0,28510.0,28513.0,28518.0,28522.0,28522.0,28527.0,28529.0,28530.0,28530.0,28529.0,28530.0,28530.0,28530.0,28532.0,28531.0,28532.0,28533.0,28534.0,28536.0,28536.0,28537.0,28539.0,28544.0,28545.0,28547.0,28547.0,28550.0,28551.0,28551.0,28552.0,28552.0,28552.0,28552.0,28555.0,28556.0,28562.0,28563.0,28564.0,28565.0,28565.0,28566.0,28567.0,28569.0,28570.0,28573.0,28575.0,28576.0,28577.0,28579.0,28580.0,28584.0,28582.0,28583.0,28583
vI1CutGRJa4,111247.0,111266.0,111291.0,111321.0,111341.0,111366.0,111397.0,111436.0,111466.0,111495.0,111520.0,111550.0,111578.0,111609.0,111644.0,111691.0,111718.0,111738.0,111766.0,111809.0,111842.0,111870.0,111896.0,111924.0,111946.0,111981.0,112002.0,112029.0,112062.0,112098.0,112121.0,112139.0,112163.0,112177.0,112210.0,112232.0,112263.0,112287.0,112305.0,112333.0,112357.0,112377.0,112402.0,112429.0,112454.0,112474.0,112498.0,112522.0,112560.0,112583.0,112613.0,112636.0,112653.0,112676.0,112707.0,112731.0,112762.0,112782.0,112804.0,112825.0,112860.0,112887.0,112920.0,112940.0,112960.0,112980.0,113007.0,113038.0,113062.0,113097.0,113119.0,113140.0,113170.0,113194.0,113227.0,113251.0,113279.0,113310.0,113336.0,113359.0,113377.0,113407.0,113440.0,113457.0,113485.0,113508.0,113534.0,113556.0,113584.0,113624.0,113653.0,113684.0,113712.0,113743.0,113763.0,113800.0,113834.0,113872.0,113912.0,113954.0,113996.0,114015.0,114050.0,114083.0,114112.0,114153.0,114184.0,114211.0,114236.0,114274.0,114306.0,114343.0,114382.0,114420.0,114465.0,114500.0,114538.0,114587.0,114638.0,114671.0,114707.0,114726.0,114758.0,114787.0,114807.0,114838.0,114875.0,114906.0,114939.0,114969.0,115007.0,115050.0,115088.0,115109.0,,,,,,,,,115414.0,115444.0,115468.0,115502.0,115525.0,115552.0,115580.0,115600.0,115633.0,115673.0,115711.0,115755.0,115792.0,115839.0,115879.0,115909.0,115945.0,115978.0,116035.0,116061.0,116079.0,116099.0,116130.0,116149.0,116186.0,116216.0,116247.0,116270.0,116292.0,116310.0,116337.0,116359.0,116380.0,116413.0,116428.0,116453.0,116467.0,116505.0,116532.0,116556.0,116587.0,116611.0,116637.0,116652.0,116671.0,116700.0,116723.0,116753.0,116785.0,116806.0,116827.0,116841.0,116868.0,116889.0,116913.0,116942.0,116955.0,116975.0,117008.0,117036.0,117069.0,117091.0,117116.0,117136.0,117156.0,117178.0,117210.0,117232.0,117244.0,117269.0,117302.0,117320
WesARozlU8U,8743.0,8743.0,8743.0,8743.0,8743.0,8743.0,8743.0,8743.0,8743.0,8743.0,8744.0,8744.0,8744.0,8744.0,8744.0,8744.0,8744.0,8745.0,8745.0,8746.0,8746.0,8746.0,8746.0,8746.0,8746.0,8746.0,8746.0,8746.0,8746.0,8746.0,8746.0,8748.0,8748.0,8748.0,8749.0,8750.0,8751.0,8751.0,8751.0,8751.0,8751.0,8751.0,8751.0,8751.0,8751.0,8751.0,8751.0,8754.0,8755.0,8756.0,8755.0,8755.0,8756.0,8757.0,8757.0,8757.0,8757.0,8758.0,8759.0,8759.0,8759.0,8760.0,8761.0,8761.0,8761.0,8761.0,8761.0,8761.0,8762.0,8762.0,8762.0,8763.0,8763.0,8763.0,8764.0,8765.0,8765.0,8766.0,8766.0,8766.0,8766.0,8766.0,8767.0,8767.0,8767.0,8767.0,8767.0,8767.0,8767.0,8767.0,8768.0,8770.0,8770.0,8771.0,8771.0,8771.0,8771.0,8771.0,8771.0,8771.0,8771.0,8773.0,8773.0,8773.0,8773.0,8774.0,8774.0,8774.0,8777.0,8777.0,8778.0,8778.0,8778.0,8778.0,8778.0,8778.0,8779.0,8780.0,8780.0,8780.0,8781.0,8781.0,8782.0,8785.0,8786.0,8789.0,8790.0,8792.0,8792.0,8792.0,8792.0,8793.0,8793.0,8793.0,,,,,,,,,8802.0,8802.0,8802.0,8802.0,8805.0,8805.0,8805.0,8806.0,8806.0,8808.0,8808.0,8808.0,8808.0,8808.0,8808.0,8808.0,8808.0,8809.0,8809.0,8809.0,8809.0,8810.0,8810.0,8811.0,8811.0,8811.0,8811.0,8811.0,8811.0,8813.0,8817.0,8817.0,8820.0,8822.0,8822.0,8825.0,8825.0,8825.0,8827.0,8828.0,8829.0,8830.0,8831.0,8831.0,8832.0,8833.0,8834.0,8836.0,8838.0,8840.0,8840.0,8840.0,8840.0,8840.0,8840.0,8840.0,8841.0,8841.0,8844.0,8847.0,8848.0,8849.0,8849.0,8851.0,8851.0,8851.0,8855.0,8855.0,8855.0,8855.0,8855.0,8855
WesARozlU8U,8743.0,8743.0,8743.0,8743.0,8743.0,8743.0,8743.0,8743.0,8743.0,8743.0,8744.0,8744.0,8744.0,8744.0,8744.0,8744.0,8744.0,8745.0,8745.0,8746.0,8746.0,8746.0,8746.0,8746.0,8746.0,8746.0,8746.0,8746.0,8746.0,8746.0,8746.0,8748.0,8748.0,8748.0,8749.0,8750.0,8751.0,8751.0,8751.0,8751.0,8751.0,8751.0,8751.0,8751.0,8751.0,8751.0,8751.0,8754.0,8755.0,8756.0,8755.0,8755.0,8756.0,8757.0,8757.0,8757.0,8757.0,8758.0,8759.0,8759.0,8759.0,8760.0,8761.0,8761.0,8761.0,8761.0,8761.0,8761.0,8762.0,8762.0,8762.0,8763.0,8763.0,8763.0,8764.0,8765.0,8765.0,8766.0,8766.0,8766.0,8766.0,8766.0,8767.0,8767.0,8767.0,8767.0,8767.0,8767.0,8767.0,8767.0,8768.0,8770.0,8770.0,8771.0,8771.0,8771.0,8771.0,8771.0,8771.0,8771.0,8771.0,8773.0,8773.0,8773.0,8773.0,8774.0,8774.0,8774.0,8777.0,8777.0,8778.0,8778.0,8778.0,8778.0,8778.0,8778.0,8779.0,8780.0,8780.0,8780.0,8781.0,8781.0,8782.0,8785.0,8786.0,8789.0,8790.0,8792.0,8792.0,8792.0,8792.0,8793.0,8793.0,8793.0,,,,,,,,,8802.0,8802.0,8802.0,8802.0,8805.0,8805.0,8805.0,8806.0,8806.0,8808.0,8808.0,8808.0,8808.0,8808.0,8808.0,8808.0,8808.0,8809.0,8809.0,8809.0,8809.0,8810.0,8810.0,8811.0,8811.0,8811.0,8811.0,8811.0,8811.0,8813.0,8817.0,8817.0,8820.0,8822.0,8822.0,8825.0,8825.0,8825.0,8827.0,8828.0,8829.0,8830.0,8831.0,8831.0,8832.0,8833.0,8834.0,8836.0,8838.0,8840.0,8840.0,8840.0,8840.0,8840.0,8840.0,8840.0,8841.0,8841.0,8844.0,8847.0,8848.0,8849.0,8849.0,8851.0,8851.0,8852.0,8855.0,8855.0,8855.0,8855.0,8855.0,8855
jQHU0-Wb060,,,,,,,,,,,,,,,,,,,,,,,,,,,,,,,,,,,,,,,,,,,,,,,,,,,,,,,,,,,,,,,,,,,,,,,,,,,,,,,,,,,,,,,,,,,,,,,,,,,,,,,,,,,,,,,,,,,,,,,,,,,,,,,,,,,,,,,,,,,,,,,,,,,,,,,,,,,,,,,,,,,,,,,,,,,,,,,,,,,,,,,,,,,,,,,,,,,,,,,,,,,,,,,,,,,,,,
eJ41Ve1jjvM,17753.0,17760.0,17767.0,17782.0,17790.0,17802.0,17815.0,17822.0,17836.0,17844.0,17852.0,17861.0,17866.0,17876.0,17882.0,17891.0,17901.0,17909.0,17916.0,17929.0,17943.0,17954.0,17962.0,17969.0,17980.0,17995.0,18010.0,18020.0,18036.0,18041.0,18052.0,18063.0,18068.0,18091.0,18105.0,18111.0,18138.0,18153.0,18166.0,18182.0,18192.0,18207.0,18216.0,18226.0,18241.0,18252.0,18259.0,18276.0,18286.0,18295.0,18316.0,18333.0,18341.0,18357.0,18366.0,18383.0,18394.0,18403.0,18411.0,18421.0,18427.0,18435.0,18443.0,18451.0,18462.0,18469.0,18480.0,18491.0,18497.0,18514.0,18525.0,18534.0,18540.0,18549.0,18556.0,18581.0,18589.0,18598.0,18610.0,18620.0,18632.0,18636.0,18642.0,18647.0,18660.0,18666.0,18674.0,18695.0,18707.0,18717.0,18729.0,18744.0,18758.0,18771.0,18779.0,18793.0,18808.0,18817.0,18826.0,18835.0,18847.0,18866.0,18878.0,18887.0,18894.0,18911.0,18921.0,18933.0,18945.0,18951.0,18964.0,18973.0,18983.0,18987.0,18998.0,19003.0,19017.0,19022.0,19037.0,19056.0,19067.0,19074.0,19080.0,19087.0,19092.0,19105.0,19112.0,19116.0,19124.0,19138.0,19144.0,19149.0,19154.0,19157.0,,,,,,,,,19266.0,19273.0,19282.0,19289.0,19295.0,19306.0,19310.0,19318.0,19323.0,19327.0,19333.0,19340.0,19345.0,19351.0,19355.0,19360.0,19370.0,19379.0,19387.0,19396.0,19406.0,19414.0,19419.0,19430.0,19439.0,19455.0,19460.0,19469.0,19481.0,19487.0,19499.0,19507.0,19512.0,19514.0,19519.0,19531.0,19537.0,19547.0,19553.0,19559.0,19563.0,19570.0,19574.0,19578.0,19580.0,19592.0,19599.0,19605.0,19609.0,19613.0,19614.0,19619.0,19621.0,19627.0,19632.0,19634.0,19638.0,19642.0,19647.0,19656.0,19662.0,19673.0,19675.0,19683.0,19690.0,19701.0,19710.0,19715.0,19726.0,19733.0,19737.0,19742
j7kWZET1XoA,190738.0,190911.0,191071.0,191215.0,191399.0,191553.0,191676.0,191837.0,191995.0,192159.0,192291.0,192452.0,192627.0,192802.0,193025.0,193298.0,193519.0,193721.0,193958.0,194131.0,194312.0,194476.0,194665.0,194825.0,194932.0,195083.0,195262.0,195491.0,195749.0,195972.0,196148.0,196294.0,196414.0,196544.0,196677.0,196836.0,196999.0,197131.0,197256.0,197392.0,197508.0,197609.0,197708.0,197823.0,197926.0,198069.0,198185.0,198288.0,198389.0,198536.0,198650.0,198745.0,198838.0,198969.0,199068.0,199173.0,199269.0,199365.0,199482.0,199579.0,199682.0,199797.0,199900.0,200033.0,200156.0,200243.0,200358.0,200503.0,200599.0,200760.0,200875.0,200994.0,201192.0,201315.0,201438.0,201560.0,201704.0,201818.0,201928.0,202028.0,202127.0,202240.0,202369.0,202479.0,202611.0,202735.0,202819.0,202923.0,203034.0,203159.0,203276.0,203397.0,203511.0,203617.0,203720.0,203831.0,203929.0,204052.0,204165.0,204297.0,204402.0,204502.0,204572.0,204666.0,204785.0,204887.0,205002.0,205116.0,205221.0,205342.0,205439.0,205547.0,205633.0,205720.0,205812.0,205902.0,206021.0,206106.0,206254.0,206345.0,206435.0,206516.0,206580.0,206652.0,206729.0,206821.0,206955.0,207111.0,207242.0,207329.0,207527.0,207620.0,207701.0,207794.0,,,,,,,,,208569.0,208631.0,208726.0,208815.0,208902.0,208966.0,209034.0,209105.0,209192.0,209292.0,209358.0,209462.0,209525.0,209601.0,209669.0,209727.0,209813.0,209862.0,209911.0,209994.0,210072.0,210146.0,210212.0,210278.0,210341.0,210425.0,210564.0,210642.0,210705.0,210787.0,210841.0,210914.0,211003.0,211085.0,211151.0,211217.0,211290.0,211363.0,211434.0,211553.0,211622.0,211689.0,211751.0,211818.0,211896.0,211988.0,212055.0,212118.0,212198.0,212270.0,212335.0,212409.0,212476.0,212531.0,212628.0,212694.0,212753.0,212807.0,212889.0,212963.0,213020.0,213085.0,213176.0,213229.0,213293.0,213370.0,213471.0,213558.0,213634.0,213721.0,213767.0,213848
q5MbpLb1HXQ,240968.0,241051.0,241167.0,241236.0,241315.0,241449.0,241544.0,241689.0,241807.0,241920.0,242058.0,242142.0,242239.0,242326.0,242418.0,242521.0,242585.0,242660.0,242728.0,242837.0,242919.0,243011.0,243123.0,243228.0,243300.0,243398.0,243541.0,243665.0,243813.0,243958.0,244057.0,244137.0,244237.0,244338.0,244437.0,244545.0,244670.0,244733.0,244824.0,244937.0,245040.0,245151.0,245260.0,245353.0,245447.0,245539.0,245685.0,245840.0,245975.0,246098.0,246195.0,246284.0,246358.0,246474.0,246681.0,246874.0,247068.0,247248.0,247455.0,247609.0,247773.0,247866.0,247948.0,248027.0,248126.0,248223.0,248314.0,248432.0,248504.0,248631.0,248799.0,248866.0,248936.0,249000.0,249087.0,249161.0,249259.0,249342.0,249456.0,249531.0,249603.0,249687.0,249747.0,249847.0,249927.0,250013.0,250074.0,250123.0,250209.0,250297.0,250379.0,250461.0,250560.0,250628.0,250699.0,250781.0,250920.0,251046.0,251160.0,251249.0,251323.0,251401.0,251542.0,251625.0,251732.0,251887.0,251976.0,252060.0,252161.0,252271.0,252409.0,252516.0,252601.0,252729.0,252819.0,252866.0,252947.0,253033.0,253120.0,253199.0,253264.0,253335.0,253412.0,253468.0,253521.0,253588.0,253724.0,253833.0,253955.0,254039.0,254114.0,254213.0,254308.0,254448.0,,,,,,,,,255465.0,255581.0,255686.0,255809.0,255940.0,256103.0,256254.0,256351.0,256587.0,256735.0,256884.0,257075.0,257257.0,257398.0,257514.0,257629.0,257744.0,257868.0,257995.0,258091.0,258186.0,258262.0,258359.0,258445.0,258543.0,258626.0,258692.0,258787.0,258870.0,258961.0,259060.0,259165.0,259277.0,259364.0,259475.0,259568.0,259712.0,259848.0,259998.0,260104.0,260212.0,260312.0,260401.0,260465.0,260550.0,260645.0,260720.0,260835.0,260897.0,260973.0,261025.0,261086.0,261151.0,261238.0,261337.0,261416.0,261490.0,261563.0,261657.0,261755.0,261822.0,261884.0,261967.0,262039.0,262087.0,262161.0,262245.0,262317.0,262375.0,262460.0,262529.0,262584
VjMmUwm0nEY,16250.0,16264.0,16278.0,16286.0,16291.0,16298.0,16309.0,16322.0,16329.0,16330.0,16335.0,16343.0,16403.0,16411.0,16430.0,16441.0,16453.0,16463.0,16475.0,16480.0,16492.0,16518.0,16529.0,16538.0,16540.0,16556.0,16575.0,16581.0,16594.0,16602.0,16618.0,16628.0,16644.0,16652.0,16659.0,16662.0,16668.0,16675.0,16701.0,16707.0,16716.0,16725.0,16731.0,16750.0,16754.0,16757.0,16762.0,16767.0,16771.0,16781.0,16792.0,16798.0,16809.0,16819.0,16828.0,16839.0,16848.0,16864.0,16872.0,16878.0,16883.0,16889.0,16895.0,16909.0,16916.0,16923.0,16930.0,16940.0,16960.0,16970.0,16979.0,16992.0,16997.0,17001.0,17008.0,17017.0,17020.0,17028.0,17035.0,17044.0,17050.0,17058.0,17066.0,17073.0,17076.0,17086.0,17091.0,17096.0,17097.0,17102.0,17103.0,17108.0,17118.0,17124.0,17130.0,17137.0,17145.0,17149.0,17155.0,17166.0,17177.0,17180.0,17185.0,17191.0,17204.0,17208.0,17216.0,17225.0,17229.0,17232.0,17240.0,17247.0,17257.0,17261.0,17264.0,17270.0,17273.0,17279.0,17284.0,17291.0,17297.0,17310.0,17320.0,17331.0,17336.0,17342.0,17348.0,17356.0,17367.0,17370.0,17381.0,17385.0,17390.0,17400.0,,,,,,,,,17477.0,17482.0,17488.0,17496.0,17501.0,17510.0,17518.0,17525.0,17535.0,17542.0,17552.0,17561.0,17583.0,17591.0,17599.0,17607.0,17620.0,17635.0,17640.0,17646.0,17653.0,17658.0,17662.0,17667.0,17672.0,17680.0,17694.0,17703.0,17714.0,17718.0,17726.0,17731.0,17735.0,17743.0,17749.0,17750.0,17755.0,17758.0,17761.0,17768.0,17773.0,17781.0,17786.0,17792.0,17795.0,17799.0,17803.0,17811.0,17816.0,17823.0,17826.0,17832.0,17838.0,17842.0,17852.0,17856.0,17856.0,17859.0,17860.0,17863.0,17871.0,17874.0,17884.0,17891.0,17894.0,17898.0,17902.0,17914.0,17923.0,17938.0,17943.0,17951
nzcE3DEAk5k,7015621.0,7015806.0,7015997.0,7016234.0,7016436.0,7016691.0,7016908.0,7017142.0,7017397.0,7017606.0,7017827.0,7018021.0,7018208.0,7018446.0,7018652.0,7018861.0,7019066.0,7019271.0,7019501.0,7019695.0,7019930.0,7020132.0,7020333.0,7020549.0,7020770.0,7020944.0,7021138.0,7021392.0,7021593.0,7021757.0,7021930.0,7022131.0,7022286.0,7022487.0,7022652.0,7022820.0,7022969.0,7023141.0,7023339.0,7023495.0,7023681.0,7023901.0,7024140.0,7024396.0,7024605.0,7024804.0,7025028.0,7025239.0,7025426.0,7025643.0,7025836.0,7026032.0,7026207.0,7026370.0,7026572.0,7026721.0,7026891.0,7027044.0,7027234.0,7027421.0,7027590.0,7027748.0,7027931.0,7028093.0,7028260.0,7028443.0,7028606.0,7028808.0,7029023.0,7029211.0,7029412.0,7029593.0,7029747.0,7029906.0,7030078.0,7030265.0,7030430.0,7030595.0,7030758.0,7030910.0,7031037.0,7031182.0,7031331.0,7031483.0,7031624.0,7031809.0,7031969.0,7032125.0,7032313.0,7032460.0,7032640.0,7032778.0,7032938.0,7033101.0,7033242.0,7033380.0,7033518.0,7033628.0,7033748.0,7033877.0,7034004.0,7034147.0,7034288.0,7034427.0,7034574.0,7034708.0,7034854.0,7035026.0,7035140.0,7035281.0,7035422.0,7035573.0,7035750.0,7035925.0,7036100.0,7036259.0,7036415.0,7036548.0,7036708.0,7036849.0,7037026.0,7037191.0,7037368.0,7037501.0,7037664.0,7037809.0,7037971.0,7038135.0,7038299.0,7038423.0,7038575.0,7038738.0,7038867.0,7039012.0,,,,,,,,,7040356.0,7040542.0,7040699.0,7040899.0,7041082.0,7041246.0,7041517.0,7041742.0,7041928.0,7042159.0,7042376.0,7042542.0,7042760.0,7042974.0,7043181.0,7043349.0,7043497.0,7043659.0,7043830.0,7043970.0,7044125.0,7044250.0,7044418.0,7044584.0,7044749.0,7044900.0,7045059.0,7045227.0,7045404.0,7045558.0,7045743.0,7045945.0,7046101.0,7046269.0,7046419.0,7046533.0,7046680.0,7046836.0,7046987.0,7047162.0,7047351.0,7047496.0,7047695.0,7047863.0,7048009.0,7048170.0,7048321.0,7048484.0,7048663.0,7048806.0,7048956.0,7049114.0,7049283.0,7049427.0,7049616.0,7049757.0,7049907.0,7050053.0,7050218.0,7050382.0,7050513.0,7050658.0,7050828.0,7050970.0,7051108.0,7051241.0,7051411.0,7051570.0,7051704.0,7051822.0,7051966.0,7052088
5mBQHmcLdvU,,,,,,,,,,,,,,,,,,,,,,,,,,,,,,,,,,,,,,,,,,,,,,,,,,,,,,,,,,,,,,,,,,,,,,,,,,,,,,,,,,,,,,,,,,,,,,,,,,,,,,,,,,,,,,,,,,,,,,,,,,,,,,,,,,,,,,,,,,,,,,,,,,,,,,,,,,,,,,,,,,,,,,,,,,,,,,,,,,,,,,,,,,,,,,,,,,,,,,,,,,,,,,,,,,,,,,
AbfUSrCN1QE,83553.0,83619.0,83695.0,83761.0,83863.0,83954.0,84015.0,84113.0,84257.0,84377.0,84454.0,84523.0,84584.0,84644.0,84730.0,84813.0,84885.0,84961.0,85063.0,85183.0,85305.0,85424.0,85520.0,85608.0,85676.0,85749.0,85828.0,85912.0,85967.0,86071.0,86132.0,86218.0,86289.0,86374.0,86447.0,86524.0,86620.0,86685.0,86727.0,86769.0,86832.0,86915.0,87002.0,87072.0,87145.0,87211.0,87284.0,87373.0,87432.0,87506.0,87578.0,87629.0,87706.0,87777.0,87833.0,87893.0,87949.0,88018.0,88071.0,88141.0,88189.0,88258.0,88321.0,88394.0,88471.0,88546.0,88607.0,88709.0,88786.0,88865.0,88936.0,89028.0,89087.0,89138.0,89217.0,89317.0,89411.0,89491.0,89573.0,89654.0,89727.0,89804.0,89876.0,89975.0,90074.0,90152.0,90235.0,90304.0,90364.0,90452.0,90528.0,90609.0,90697.0,90773.0,90848.0,90951.0,91022.0,91113.0,91211.0,91314.0,91411.0,91491.0,91561.0,91636.0,91697.0,91766.0,91841.0,91900.0,91954.0,92035.0,92095.0,92163.0,92261.0,92348.0,92421.0,92479.0,92553.0,92625.0,92693.0,92758.0,92844.0,92902.0,92958.0,93017.0,93056.0,93143.0,93227.0,93305.0,93377.0,93445.0,93523.0,93591.0,93652.0,93732.0,,,,,,,,,94346.0,94405.0,94459.0,94508.0,94612.0,94681.0,94733.0,94786.0,94834.0,94894.0,94948.0,95014.0,95102.0,95192.0,95256.0,95307.0,95368.0,95437.0,95484.0,95531.0,95575.0,95618.0,95678.0,95729.0,95777.0,95810.0,95868.0,95938.0,95979.0,96036.0,96092.0,96143.0,96183.0,96241.0,96309.0,96370.0,96431.0,96496.0,96550.0,96607.0,96681.0,96730.0,96781.0,96832.0,96905.0,97007.0,97095.0,97168.0,97228.0,97302.0,97352.0,97415.0,97493.0,97585.0,97679.0,97732.0,97791.0,97871.0,97946.0,98013.0,98090.0,98154.0,98220.0,98279.0,98347.0,98440.0,98521.0,98588.0,98640.0,98716.0,98783.0,98845
qWAppI9WhPc,56862.0,56868.0,56870.0,56871.0,56876.0,56883.0,56889.0,56894.0,56904.0,56915.0,56921.0,56929.0,56941.0,56949.0,56958.0,56963.0,56969.0,56975.0,56977.0,56981.0,56983.0,56988.0,56994.0,56999.0,57000.0,57009.0,57016.0,57025.0,57036.0,57048.0,57059.0,57070.0,57084.0,57094.0,57104.0,57116.0,57121.0,57127.0,57136.0,57145.0,57153.0,57166.0,57169.0,57179.0,57192.0,57202.0,57209.0,57222.0,57230.0,57235.0,57238.0,57247.0,57259.0,57262.0,57269.0,57273.0,57283.0,57292.0,57299.0,57311.0,57314.0,57316.0,57317.0,57317.0,57319.0,57320.0,57326.0,57340.0,57346.0,57361.0,57367.0,57371.0,57384.0,57394.0,57401.0,57411.0,57423.0,57438.0,57446.0,57461.0,57472.0,57483.0,57487.0,57492.0,57495.0,57504.0,57512.0,57517.0,57521.0,57525.0,57533.0,57536.0,57543.0,57546.0,57548.0,57549.0,57551.0,57556.0,57561.0,57566.0,57570.0,57573.0,57575.0,57581.0,57585.0,57587.0,57587.0,57587.0,57591.0,57597.0,57601.0,57608.0,57612.0,57617.0,57619.0,57620.0,57624.0,57626.0,57630.0,57633.0,57634.0,57637.0,57637.0,57637.0,57641.0,57644.0,57645.0,57649.0,57651.0,57652.0,57657.0,57662.0,57663.0,57663.0,,,,,,,,,57689.0,57691.0,57695.0,57703.0,57704.0,57703.0,57703.0,57705.0,57713.0,57716.0,57717.0,57719.0,57722.0,57723.0,57724.0,57725.0,57726.0,57728.0,57729.0,57731.0,57731.0,57735.0,57738.0,57740.0,57742.0,57743.0,57743.0,57743.0,57745.0,57750.0,57750.0,57752.0,57752.0,57753.0,57757.0,57759.0,57762.0,57767.0,57770.0,57772.0,57774.0,57776.0,57779.0,57782.0,57783.0,57785.0,57785.0,57788.0,57791.0,57796.0,57799.0,57804.0,57804.0,57805.0,57805.0,57806.0,57808.0,57808.0,57809.0,57812.0,57812.0,57814.0,57816.0,57819.0,57822.0,57824.0,57825.0,57831.0,57840.0,57841.0,57845.0,57847
SpRQDAFhVJ4,95849.0,95873.0,95908.0,95936.0,95964.0,96009.0,96054.0,96108.0,96136.0,96186.0,96212.0,96252.0,96273.0,96303.0,96324.0,96354.0,96372.0,96388.0,96408.0,96425.0,96448.0,96462.0,96483.0,96500.0,96527.0,96544.0,96570.0,96585.0,96599.0,96620.0,96644.0,96662.0,96683.0,96689.0,96697.0,96707.0,96730.0,96745.0,96777.0,96799.0,96813.0,96825.0,96836.0,96857.0,96892.0,96926.0,96958.0,96982.0,97006.0,97032.0,97049.0,97076.0,97092.0,97105.0,97115.0,97122.0,97136.0,97146.0,97166.0,97178.0,97184.0,97193.0,97208.0,97217.0,97228.0,97244.0,97255.0,97276.0,97294.0,97331.0,97345.0,97363.0,97380.0,97399.0,97411.0,97429.0,97447.0,97455.0,97474.0,97485.0,97501.0,97515.0,97531.0,97541.0,97558.0,97568.0,97589.0,97601.0,97616.0,97635.0,97654.0,97690.0,97710.0,97736.0,97753.0,97766.0,97797.0,97815.0,97825.0,97845.0,97856.0,97870.0,97884.0,97902.0,97921.0,97941.0,97968.0,97984.0,98012.0,98038.0,98059.0,98076.0,98092.0,98106.0,98116.0,98128.0,98153.0,98173.0,98189.0,98199.0,98215.0,98226.0,98239.0,98247.0,98263.0,98277.0,98303.0,98327.0,98353.0,98372.0,98391.0,98404.0,98423.0,98440.0,,,,,,,,,98613.0,98630.0,98646.0,98660.0,98676.0,98692.0,98706.0,98718.0,98735.0,98746.0,98763.0,98779.0,98792.0,98811.0,98825.0,98835.0,98844.0,98860.0,98868.0,98877.0,98892.0,98909.0,98922.0,98934.0,98952.0,98973.0,98982.0,99000.0,99022.0,99052.0,99071.0,99097.0,99109.0,99121.0,99133.0,99148.0,99162.0,99178.0,99192.0,99206.0,99218.0,99233.0,99251.0,99267.0,99290.0,99302.0,99319.0,99355.0,99373.0,99391.0,99412.0,99429.0,99442.0,99456.0,99467.0,99472.0,99485.0,99499.0,99510.0,99515.0,99526.0,99536.0,99544.0,99567.0,99580.0,99594.0,99602.0,99615.0,99634.0,99648.0,99663.0,99676
1bYkZ3VbklA,12753.0,12756.0,12758.0,12770.0,12774.0,12779.0,12779.0,12781.0,12787.0,12795.0,12799.0,12803.0,12806.0,12808.0,12811.0,12815.0,12820.0,12827.0,12830.0,12842.0,12850.0,12856.0,12861.0,12864.0,12870.0,12872.0,12878.0,12882.0,12884.0,12885.0,12892.0,12893.0,12896.0,12899.0,12908.0,12910.0,12915.0,12919.0,12931.0,12934.0,12936.0,12939.0,12941.0,12943.0,12949.0,12951.0,12956.0,12959.0,12964.0,12967.0,12969.0,12970.0,12973.0,12975.0,12978.0,12979.0,12980.0,12982.0,12984.0,12986.0,12989.0,12991.0,12991.0,12994.0,12994.0,12996.0,12996.0,12999.0,13002.0,13004.0,13006.0,13006.0,13006.0,13008.0,13009.0,13011.0,13014.0,13017.0,13021.0,13026.0,13029.0,13033.0,13034.0,13040.0,13041.0,13042.0,13044.0,13047.0,13049.0,13051.0,13057.0,13057.0,13058.0,13059.0,13062.0,13062.0,13065.0,13067.0,13069.0,13071.0,13073.0,13079.0,13084.0,13084.0,13085.0,13089.0,13091.0,13092.0,13092.0,13093.0,13095.0,13095.0,13097.0,13103.0,13104.0,13105.0,13106.0,13111.0,13111.0,13114.0,13119.0,13124.0,13125.0,13130.0,13132.0,13137.0,13139.0,13142.0,13150.0,13151.0,13158.0,13161.0,13164.0,13166.0,,,,,,,,,13173.0,13173.0,13173.0,13173.0,13173.0,13173.0,13173.0,13173.0,13173.0,13173.0,13173.0,13173.0,13173.0,13173.0,13173.0,13173.0,13173.0,13173.0,13173.0,13173.0,13173.0,13173.0,13173.0,13173.0,13173.0,13173.0,13173.0,13173.0,13173.0,13173.0,13173.0,13173.0,13173.0,13173.0,13173.0,13173.0,13173.0,13173.0,13173.0,13173.0,13173.0,13173.0,13173.0,13173.0,13173.0,13173.0,13173.0,13173.0,13173.0,13173.0,13173.0,13173.0,13173.0,13173.0,13173.0,13173.0,13173.0,13173.0,13173.0,13173.0,13173.0,13173.0,13173.0,13173.0,13173.0,13173.0,13173.0,13173.0,13173.0,13173.0,13173.0,13173
mid2JtMlos0,143497.0,143499.0,143513.0,143517.0,143526.0,143528.0,143538.0,143541.0,143546.0,143558.0,143564.0,143571.0,143581.0,143589.0,143597.0,143607.0,143617.0,143624.0,143630.0,143632.0,143635.0,143643.0,143649.0,143656.0,143665.0,143668.0,143677.0,143680.0,143683.0,143688.0,143693.0,143703.0,143712.0,143715.0,143718.0,143726.0,143735.0,143737.0,143744.0,143756.0,143767.0,143776.0,143779.0,143790.0,143800.0,143810.0,143816.0,143829.0,143842.0,143846.0,143860.0,143865.0,143877.0,143885.0,143893.0,143898.0,143908.0,143916.0,143928.0,143932.0,143940.0,143949.0,143960.0,143965.0,143973.0,143985.0,143988.0,143997.0,144003.0,144012.0,144016.0,144023.0,144030.0,144036.0,144047.0,144052.0,144053.0,144061.0,144071.0,144077.0,144083.0,144086.0,144092.0,144094.0,144103.0,144110.0,144125.0,144132.0,144138.0,144149.0,144158.0,144160.0,144167.0,144173.0,144179.0,144184.0,144190.0,144194.0,144202.0,144210.0,144220.0,144228.0,144231.0,144239.0,144247.0,144250.0,144256.0,144262.0,144264.0,144275.0,144278.0,144282.0,144293.0,144304.0,144316.0,144322.0,144328.0,144335.0,144341.0,144348.0,144354.0,144362.0,144363.0,144368.0,144371.0,144379.0,144385.0,144388.0,144401.0,144410.0,144414.0,144417.0,144420.0,144427.0,,,,,,,,,144492.0,144499.0,144506.0,144519.0,144522.0,144528.0,144534.0,144539.0,144551.0,144554.0,144570.0,144585.0,144596.0,144603.0,144615.0,144627.0,144633.0,144640.0,144647.0,144653.0,144661.0,144665.0,144672.0,144672.0,144681.0,144689.0,144692.0,144697.0,144707.0,144712.0,144717.0,144721.0,144732.0,144738.0,144743.0,144746.0,144750.0,144755.0,144759.0,144762.0,144773.0,144787.0,144794.0,144799.0,144811.0,144818.0,144827.0,144830.0,144837.0,144842.0,144852.0,144857.0,144861.0,144871.0,144876.0,144882.0,144892.0,144905.0,144913.0,144920.0,144930.0,144937.0,144947.0,144956.0,144964.0,144973.0,144982.0,144987.0,144997.0,145001.0,145015.0,145029
AXzJ-wGsoaY,38939.0,38944.0,38951.0,38954.0,38961.0,38967.0,38975.0,38981.0,38987.0,38994.0,38995.0,38999.0,39003.0,39007.0,39011.0,39018.0,39022.0,39026.0,39033.0,39036.0,39043.0,39046.0,39051.0,39060.0,39065.0,39068.0,39073.0,39078.0,39084.0,39089.0,39096.0,39105.0,39110.0,39115.0,39117.0,39125.0,39130.0,39133.0,39138.0,39141.0,39149.0,39151.0,39154.0,39158.0,39162.0,39168.0,39169.0,39172.0,39181.0,39183.0,39187.0,39190.0,39195.0,39199.0,39204.0,39208.0,39215.0,39218.0,39220.0,39228.0,39233.0,39240.0,39248.0,39257.0,39264.0,39269.0,39274.0,39279.0,39282.0,39287.0,39290.0,39296.0,39300.0,39303.0,39309.0,39311.0,39314.0,39319.0,39326.0,39334.0,39336.0,39337.0,39340.0,39345.0,39349.0,39352.0,39358.0,39360.0,39365.0,39367.0,39369.0,39371.0,39376.0,39377.0,39381.0,39388.0,39397.0,39402.0,39407.0,39411.0,39418.0,39423.0,39430.0,39435.0,39437.0,39445.0,39448.0,39456.0,39459.0,39462.0,39465.0,39472.0,39476.0,39482.0,39492.0,39496.0,39503.0,39506.0,39510.0,39514.0,39518.0,39520.0,39525.0,39528.0,39530.0,39536.0,39541.0,39548.0,39558.0,39561.0,39564.0,39570.0,39572.0,39577.0,,,,,,,,,39617.0,39621.0,39629.0,39636.0,39644.0,39652.0,39659.0,39666.0,39673.0,39675.0,39676.0,39680.0,39683.0,39690.0,39697.0,39698.0,39702.0,39705.0,39715.0,39716.0,39718.0,39720.0,39730.0,39735.0,39741.0,39748.0,39750.0,39758.0,39764.0,39772.0,39775.0,39778.0,39782.0,39785.0,39788.0,39792.0,39796.0,39799.0,39803.0,39806.0,39818.0,39822.0,39824.0,39831.0,39839.0,39844.0,39850.0,39855.0,39861.0,39863.0,39868.0,39874.0,39877.0,39881.0,39883.0,39886.0,39889.0,39891.0,39891.0,39895.0,39896.0,39898.0,39906.0,39911.0,39911.0,39915.0,39918.0,39923.0,39931.0,39934.0,39937.0,39939
OBDoaTxwVlg,994837.0,995007.0,995205.0,995430.0,995630.0,995816.0,996022.0,996274.0,996503.0,996709.0,996920.0,997144.0,997378.0,997624.0,997883.0,998131.0,998316.0,998552.0,998788.0,999016.0,999232.0,999449.0,999671.0,999881.0,1000100.0,1000285.0,1000545.0,1000742.0,1000989.0,1001214.0,1001463.0,1001672.0,1001870.0,1002093.0,1002291.0,1002533.0,1002774.0,1002971.0,1003160.0,1003380.0,1003596.0,1003777.0,1004014.0,1004209.0,1004438.0,1004657.0,1004870.0,1005095.0,1005350.0,1005559.0,1005762.0,1006011.0,1006231.0,1006514.0,1006757.0,1006990.0,1007221.0,1007482.0,1007688.0,1007918.0,1008104.0,1008293.0,1008511.0,1008704.0,1008912.0,1009124.0,1009315.0,1009533.0,1009743.0,1009985.0,1010214.0,1010434.0,1010625.0,1010859.0,1011028.0,1011271.0,1011509.0,1011679.0,1011850.0,1012055.0,1012267.0,1012467.0,1012691.0,1012891.0,1013110.0,1013306.0,1013545.0,1013797.0,1013971.0,1014199.0,1014397.0,1014585.0,1014736.0,1014923.0,1015179.0,1015356.0,1015538.0,1015728.0,1015955.0,1016155.0,1016343.0,1016546.0,1016732.0,1016952.0,1017181.0,1017360.0,1017565.0,1017770.0,1017963.0,1018176.0,1018379.0,1018642.0,1018879.0,1019147.0,1019367.0,1019580.0,1019764.0,1019958.0,1020161.0,1020361.0,1020538.0,1020732.0,1020876.0,1021080.0,1021256.0,1021466.0,1021649.0,1021873.0,1022096.0,1022302.0,1022494.0,1022678.0,1022893.0,1023067.0,,,,,,,,,1024922.0,1025105.0,1025322.0,1025509.0,1025752.0,1025976.0,1026159.0,1026346.0,1026518.0,1026652.0,1026847.0,1027014.0,1027226.0,1027391.0,1027561.0,1027718.0,1027864.0,1028053.0,1028249.0,1028441.0,1028625.0,1028787.0,1028957.0,1029125.0,1029337.0,1029480.0,1029677.0,1029851.0,1030026.0,1030214.0,1030380.0,1030577.0,1030768.0,1030948.0,1031119.0,1031271.0,1031408.0,1031574.0,1031762.0,1031973.0,1032143.0,1032305.0,1032468.0,1032623.0,1032788.0,1032958.0,1033157.0,1033320.0,1033496.0,1033665.0,1033827.0,1033978.0,1034117.0,1034285.0,1034419.0,1034576.0,1034707.0,1034858.0,1034977.0,1035085.0,1035247.0,1035371.0,1035478.0,1035643.0,1035754.0,1035945.0,1036094.0,1036249.0,1036384.0,1036537.0,1036686.0,1036795
kRrO07mJxXo,39123.0,39164.0,39195.0,39209.0,39225.0,39236.0,39255.0,39272.0,39285.0,39296.0,39306.0,39323.0,39343.0,39362.0,39378.0,39387.0,39401.0,39411.0,39422.0,39433.0,39454.0,39468.0,39486.0,39499.0,39508.0,39515.0,39524.0,39534.0,39543.0,39557.0,39570.0,39583.0,39600.0,39612.0,39633.0,39656.0,39674.0,39690.0,39702.0,39727.0,39753.0,39788.0,39824.0,39849.0,39857.0,39880.0,39901.0,39924.0,39940.0,39961.0,39976.0,39996.0,40011.0,40038.0,40066.0,40087.0,40101.0,40118.0,40139.0,40161.0,40180.0,40205.0,40224.0,40238.0,40250.0,40268.0,40285.0,40303.0,40320.0,40335.0,40347.0,40358.0,40373.0,40380.0,40390.0,40399.0,40410.0,40418.0,40426.0,40430.0,40436.0,40446.0,40460.0,40467.0,40476.0,40489.0,40502.0,40512.0,40526.0,40533.0,40548.0,40557.0,40564.0,40581.0,40591.0,40599.0,40601.0,40611.0,40620.0,40632.0,40644.0,40656.0,40663.0,40672.0,40687.0,40701.0,40707.0,40716.0,40736.0,40753.0,40762.0,40771.0,40783.0,40789.0,40794.0,40806.0,40825.0,40842.0,40854.0,40870.0,40881.0,40899.0,40904.0,40915.0,40929.0,40943.0,40958.0,40978.0,40998.0,41017.0,41029.0,41046.0,41061.0,41084.0,,,,,,,,,41261.0,41283.0,41303.0,41316.0,41320.0,41333.0,41349.0,41362.0,41380.0,41389.0,41404.0,41414.0,41422.0,41433.0,41438.0,41450.0,41457.0,41474.0,41485.0,41492.0,41504.0,41515.0,41517.0,41524.0,41533.0,41538.0,41542.0,41554.0,41563.0,41576.0,41588.0,41593.0,41602.0,41614.0,41622.0,41637.0,41650.0,41663.0,41671.0,41690.0,41703.0,41715.0,41726.0,41731.0,41744.0,41754.0,41763.0,41769.0,41793.0,41808.0,41820.0,41830.0,41841.0,41853.0,41864.0,41875.0,41880.0,41894.0,41900.0,41906.0,41917.0,41946.0,41940.0,41972.0,41981.0,41990.0,41995.0,42008.0,42018.0,42040.0,42052.0,42069
Szr0LwmYyqs,2427982.0,2429690.0,2431586.0,2433385.0,2435544.0,2437894.0,2440100.0,2442482.0,2444800.0,2446797.0,2448641.0,2450706.0,2452889.0,2455176.0,2457514.0,2459752.0,2461701.0,2463553.0,2465571.0,2467685.0,2469820.0,2471839.0,2473873.0,2475887.0,2477674.0,2479665.0,2481601.0,2483555.0,2485774.0,2488043.0,2489957.0,2491663.0,2493496.0,2495525.0,2497553.0,2499653.0,2501662.0,2503534.0,2505320.0,2507164.0,2509131.0,2511162.0,2513368.0,2516121.0,2518532.0,2520914.0,2523460.0,2525889.0,2528071.0,2530261.0,2532398.0,2534265.0,2535938.0,2537830.0,2539898.0,2541980.0,2543941.0,2545900.0,2547607.0,2549217.0,2550932.0,2552797.0,2554579.0,2556302.0,2558175.0,2559970.0,2561514.0,2563179.0,2564700.0,2566842.0,2568747.0,2570488.0,2572290.0,2573931.0,2575711.0,2577584.0,2579495.0,2581206.0,2582976.0,2584560.0,2586118.0,2587877.0,2589606.0,2591294.0,2593045.0,2594730.0,2596349.0,2597801.0,2599403.0,2600966.0,2602743.0,2604426.0,2605979.0,2607617.0,2609150.0,2610789.0,2612489.0,2614237.0,2615961.0,2617781.0,2619393.0,2620941.0,2622505.0,2624203.0,2626054.0,2627922.0,2629718.0,2631413.0,2633117.0,2635161.0,2637175.0,2639227.0,2641415.0,2643466.0,2645339.0,2647114.0,2648970.0,2650838.0,2652749.0,2654448.0,2656206.0,2657922.0,2659524.0,2661294.0,2663037.0,2665029.0,2667021.0,2669304.0,2671592.0,2673822.0,2676495.0,2678422.0,2680448.0,2682454.0,,,,,,,,,2700363.0,2701909.0,2703789.0,2705578.0,2707294.0,2708968.0,2710649.0,2712291.0,2713822.0,2715449.0,2717175.0,2718880.0,2720800.0,2722828.0,2724600.0,2726382.0,2728329.0,2730284.0,2732351.0,2734390.0,2736420.0,2738441.0,2740328.0,2742347.0,2744453.0,2746446.0,2748516.0,2750525.0,2752214.0,2753957.0,2755802.0,2757646.0,2759493.0,2761295.0,2763043.0,2764826.0,2766465.0,2768150.0,2770076.0,2771946.0,2773720.0,2775669.0,2777317.0,2779059.0,2780975.0,2782836.0,2784576.0,2786404.0,2788217.0,2789872.0,2791376.0,2793208.0,2794871.0,2796635.0,2798434.0,2800216.0,2801934.0,2803540.0,2805216.0,2806976.0,2808748.0,2810204.0,2811732.0,2813358.0,2814938.0,2816549.0,2818220.0,2819950.0,2821257.0,2822835.0,2824391.0,2825888
zVuLXXAnLag,19460.0,19463.0,19465.0,19466.0,19466.0,19466.0,19470.0,19475.0,19479.0,19480.0,19484.0,19488.0,19489.0,19492.0,19496.0,19497.0,19498.0,19500.0,19501.0,19503.0,19504.0,19504.0,19505.0,19505.0,19507.0,19508.0,19510.0,19513.0,19513.0,19520.0,19521.0,19521.0,19521.0,19525.0,19525.0,19528.0,19536.0,19536.0,19540.0,19543.0,19547.0,19551.0,19552.0,19556.0,19557.0,19557.0,19561.0,19561.0,19561.0,19562.0,19563.0,19564.0,19564.0,19566.0,19567.0,19570.0,19573.0,19574.0,19574.0,19574.0,19575.0,19577.0,19578.0,19578.0,19578.0,19579.0,19579.0,19581.0,19581.0,19581.0,19582.0,19585.0,19585.0,19584.0,19584.0,19584.0,19584.0,19586.0,19588.0,19588.0,19589.0,19589.0,19589.0,19591.0,19591.0,19592.0,19592.0,19593.0,19593.0,19593.0,19594.0,19597.0,19597.0,19597.0,19600.0,19600.0,19602.0,19604.0,19604.0,19604.0,19607.0,19608.0,19608.0,19608.0,19608.0,19610.0,19610.0,19611.0,19611.0,19611.0,19611.0,19612.0,19615.0,19620.0,19621.0,19623.0,19623.0,19623.0,19624.0,19624.0,19625.0,19627.0,19629.0,19631.0,19631.0,19632.0,19632.0,19632.0,19635.0,19636.0,19636.0,19637.0,19637.0,19639.0,,,,,,,,,19643.0,19645.0,19646.0,19647.0,19648.0,19648.0,19648.0,19648.0,19650.0,19650.0,19650.0,19651.0,19652.0,19652.0,19652.0,19653.0,19654.0,19656.0,19656.0,19656.0,19656.0,19656.0,19657.0,19657.0,19658.0,19659.0,19663.0,19664.0,19664.0,19666.0,19666.0,19666.0,19666.0,19669.0,19670.0,19672.0,19672.0,19674.0,19675.0,19677.0,19678.0,19680.0,19680.0,19680.0,19682.0,19684.0,19684.0,19685.0,19685.0,19686.0,19687.0,19687.0,19688.0,19688.0,19690.0,19690.0,19691.0,19693.0,19695.0,19695.0,19695.0,19697.0,19699.0,19699.0,19699.0,19699.0,19701.0,19701.0,19701.0,19702.0,19705.0,19708
jggcuD_Y1xU,90451.0,90465.0,90477.0,90491.0,90506.0,90530.0,90553.0,90579.0,90592.0,90606.0,90625.0,90646.0,90662.0,90688.0,90706.0,90728.0,90743.0,90759.0,90772.0,90793.0,90822.0,90847.0,90865.0,90880.0,90891.0,90911.0,90943.0,90959.0,90975.0,90990.0,91015.0,91026.0,91038.0,91056.0,91076.0,91083.0,91108.0,91137.0,91159.0,91200.0,91217.0,91233.0,91252.0,91268.0,91284.0,91304.0,91325.0,91343.0,91355.0,91364.0,91379.0,91397.0,91408.0,91424.0,91446.0,91461.0,91474.0,91489.0,91497.0,91524.0,91538.0,91553.0,91563.0,91575.0,91588.0,91599.0,91610.0,91627.0,91643.0,91659.0,91677.0,91687.0,91705.0,91714.0,91732.0,91742.0,91751.0,91759.0,91774.0,91781.0,91798.0,91820.0,91832.0,91847.0,91856.0,91877.0,91902.0,91915.0,91938.0,91946.0,91955.0,91971.0,91986.0,91997.0,92018.0,92033.0,92045.0,92056.0,92067.0,92075.0,92093.0,92104.0,92123.0,92142.0,92153.0,92169.0,92179.0,92201.0,92214.0,92226.0,92238.0,92252.0,92271.0,92286.0,92302.0,92325.0,92333.0,92355.0,92367.0,92376.0,92386.0,92396.0,92415.0,92432.0,92441.0,92455.0,92470.0,92491.0,92506.0,92523.0,92538.0,92555.0,92563.0,92577.0,,,,,,,,,92704.0,92713.0,92729.0,92748.0,92765.0,92776.0,92796.0,92812.0,92831.0,92841.0,92862.0,92884.0,92897.0,92910.0,92922.0,92932.0,92947.0,92969.0,92980.0,92992.0,93003.0,93011.0,93025.0,93037.0,93054.0,93066.0,93083.0,93098.0,93120.0,93152.0,93177.0,93202.0,93219.0,93240.0,93259.0,93275.0,93284.0,93295.0,93309.0,93323.0,93330.0,93339.0,93355.0,93369.0,93386.0,93402.0,93411.0,93420.0,93428.0,93434.0,93441.0,93453.0,93464.0,93477.0,93488.0,93492.0,93500.0,93509.0,93519.0,93525.0,93530.0,93538.0,93553.0,93561.0,93570.0,93593.0,93608.0,93622.0,93638.0,93644.0,93669.0,93679
PMZcMLtqDx0,486497.0,486664.0,486895.0,487080.0,487291.0,487487.0,487725.0,487983.0,488265.0,488506.0,488718.0,488943.0,489136.0,489350.0,489573.0,489842.0,490105.0,490294.0,490524.0,490744.0,490946.0,491218.0,491415.0,491654.0,491842.0,492049.0,492219.0,492418.0,492626.0,492817.0,493020.0,493213.0,493396.0,493585.0,493814.0,494061.0,494304.0,494530.0,494717.0,494961.0,495193.0,495478.0,495751.0,496014.0,496222.0,496428.0,496670.0,496898.0,497175.0,497445.0,497708.0,497901.0,498140.0,498372.0,498646.0,498919.0,499183.0,499400.0,499697.0,499921.0,500162.0,500467.0,500743.0,501101.0,501367.0,501623.0,501847.0,502072.0,502297.0,502625.0,502858.0,503104.0,503321.0,503554.0,503827.0,504060.0,504271.0,504514.0,504708.0,504889.0,505100.0,505294.0,505489.0,505665.0,505899.0,506103.0,506286.0,506505.0,506693.0,506887.0,507098.0,507328.0,507547.0,507739.0,507874.0,508102.0,508292.0,508495.0,508779.0,508994.0,509185.0,509378.0,509589.0,509824.0,510060.0,510255.0,510523.0,510779.0,511001.0,511248.0,511493.0,511723.0,512005.0,512222.0,512419.0,512574.0,512800.0,512989.0,513220.0,513454.0,513698.0,513908.0,514148.0,514310.0,514482.0,514673.0,514928.0,515244.0,515546.0,515783.0,516009.0,516180.0,516497.0,516785.0,,,,,,,,,519392.0,519655.0,519904.0,520139.0,520408.0,520720.0,520962.0,521125.0,521333.0,521609.0,521890.0,522145.0,522457.0,522759.0,523031.0,523247.0,523494.0,523736.0,523971.0,524188.0,524386.0,524557.0,524760.0,524935.0,525119.0,525265.0,525476.0,525697.0,525863.0,526001.0,526204.0,526363.0,526533.0,526718.0,526926.0,527136.0,527295.0,527493.0,527671.0,527881.0,528061.0,528250.0,528419.0,528561.0,528736.0,528947.0,529145.0,529317.0,529503.0,529694.0,529829.0,530004.0,530172.0,530326.0,530509.0,530706.0,530885.0,531032.0,531203.0,531361.0,531527.0,531688.0,531833.0,531965.0,532116.0,532283.0,532496.0,532620.0,532760.0,532901.0,533047.0,533162
QJJbQxmFOtE,,,,,,,,,,,,,,,,,,,,,,,,,,,,,,,,,,,,,,,,,,,,,,,,,,,,,,,,,,,,,,,,,,,,,,,,,,,,,,,,,,,,,,,,,,,,,,,,,,,,,,,,,,,,,,,,,,,,,,,,,,,,,,,,,,,,,,,,,,,,,,,,,,,,,,,,,,,,,,,,,,,,,,,,,,,,,,,,,,,,,,,,,,,,,,,,,,,,,,,,,,,,,,,,,,,,,,
m4M6tk6g8UU,49997.0,50017.0,50038.0,50049.0,50072.0,50085.0,50101.0,50113.0,50128.0,50152.0,50175.0,50195.0,50214.0,50234.0,50262.0,50292.0,50314.0,50329.0,50340.0,50353.0,50368.0,50400.0,50424.0,50437.0,50457.0,50473.0,50488.0,50507.0,50527.0,50545.0,50566.0,50583.0,50606.0,50625.0,50642.0,50660.0,50678.0,50713.0,50756.0,50776.0,50798.0,50821.0,50851.0,50875.0,50891.0,50910.0,50930.0,50955.0,50974.0,50992.0,51010.0,51038.0,51059.0,51079.0,51103.0,51126.0,51145.0,51154.0,51170.0,51193.0,51205.0,51226.0,51246.0,51267.0,51285.0,51306.0,51324.0,51344.0,51365.0,51387.0,51407.0,51428.0,51455.0,51479.0,51507.0,51531.0,51547.0,51565.0,51585.0,51602.0,51620.0,51653.0,51674.0,51695.0,51714.0,51736.0,51768.0,51790.0,51806.0,51827.0,51846.0,51872.0,51889.0,51908.0,51925.0,51943.0,51962.0,51982.0,51995.0,52015.0,52036.0,52059.0,52081.0,52105.0,52120.0,52147.0,52166.0,52188.0,52204.0,52219.0,52230.0,52252.0,52272.0,52293.0,52322.0,52349.0,52376.0,52399.0,52415.0,52441.0,52471.0,52492.0,52514.0,52533.0,52550.0,52567.0,52587.0,52611.0,52624.0,52650.0,52673.0,52683.0,52709.0,52736.0,,,,,,,,,52966.0,52993.0,53023.0,53042.0,53062.0,53074.0,53087.0,53104.0,53126.0,53142.0,53156.0,53178.0,53199.0,53223.0,53244.0,53273.0,53297.0,53320.0,53347.0,53361.0,53387.0,53406.0,53437.0,53454.0,53476.0,53492.0,53514.0,53537.0,53553.0,53572.0,53582.0,53598.0,53615.0,53636.0,53651.0,53673.0,53684.0,53712.0,53729.0,53741.0,53753.0,53772.0,53791.0,53807.0,53824.0,53832.0,53850.0,53869.0,53892.0,53923.0,53938.0,53948.0,53968.0,53988.0,54001.0,54023.0,54038.0,54049.0,54063.0,54079.0,54089.0,54108.0,54126.0,54143.0,54155.0,54170.0,54185.0,54196.0,54220.0,54232.0,54255.0,54270
VwNVCEfPzCE,7132.0,7134.0,7134.0,7136.0,7138.0,7140.0,7143.0,7145.0,7148.0,7152.0,7156.0,7158.0,7164.0,7169.0,7171.0,7174.0,7177.0,7182.0,7186.0,7189.0,7193.0,7197.0,7198.0,7199.0,7199.0,7202.0,7203.0,7207.0,7216.0,7219.0,7222.0,7223.0,7223.0,7225.0,7227.0,7228.0,7229.0,7231.0,7233.0,7235.0,7240.0,7242.0,7245.0,7246.0,7246.0,7251.0,7253.0,7257.0,7263.0,7265.0,7267.0,7271.0,7271.0,7273.0,7275.0,7274.0,7276.0,7282.0,7283.0,7285.0,7286.0,7288.0,7295.0,7296.0,7298.0,7303.0,7305.0,7306.0,7307.0,7311.0,7312.0,7313.0,7313.0,7314.0,7317.0,7318.0,7320.0,7323.0,7325.0,7326.0,7326.0,7330.0,7334.0,7337.0,7338.0,7341.0,7342.0,7344.0,7350.0,7352.0,7353.0,7360.0,7361.0,7365.0,7365.0,7366.0,7369.0,7369.0,7373.0,7374.0,7375.0,7377.0,7378.0,7380.0,7380.0,7384.0,7385.0,7387.0,7387.0,7388.0,7390.0,7392.0,7395.0,7399.0,7400.0,7403.0,7407.0,7408.0,7409.0,7410.0,7410.0,7413.0,7414.0,7414.0,7415.0,7419.0,7419.0,7421.0,7423.0,7427.0,7428.0,7430.0,7431.0,7431.0,,,,,,,,,7439.0,7439.0,7440.0,7441.0,7442.0,7443.0,7444.0,7445.0,7445.0,7447.0,7449.0,7453.0,7454.0,7457.0,7459.0,7461.0,7462.0,7464.0,7470.0,7470.0,7474.0,7474.0,7474.0,7477.0,7478.0,7478.0,7480.0,7481.0,7482.0,7482.0,7482.0,7485.0,7486.0,7488.0,7489.0,7490.0,7492.0,7493.0,7493.0,7494.0,7494.0,7495.0,7495.0,7495.0,7499.0,7502.0,7502.0,7504.0,7507.0,7510.0,7510.0,7512.0,7516.0,7516.0,7517.0,7519.0,7522.0,7523.0,7524.0,7528.0,7530.0,7531.0,7532.0,7533.0,7533.0,7534.0,7534.0,7535.0,7535.0,7537.0,7538.0,7538
AkhqJkT2muU,9598020.0,9598212.0,9598459.0,9598712.0,9598878.0,9599094.0,9599320.0,9599553.0,9599761.0,9599986.0,9600233.0,9600436.0,9600674.0,9600924.0,9601208.0,9601490.0,9601734.0,9601967.0,9602224.0,9602443.0,9602637.0,9602871.0,9603094.0,9603326.0,9603578.0,9603835.0,9604060.0,9604325.0,9604563.0,9604803.0,9605082.0,9605381.0,9605654.0,9605879.0,9606135.0,9606387.0,9606613.0,9606829.0,9607090.0,9607350.0,9607533.0,9607795.0,9608030.0,9608319.0,9608555.0,9608788.0,9609002.0,9609244.0,9609443.0,9609742.0,9609959.0,9610269.0,9610532.0,9610821.0,9611090.0,9611356.0,9611631.0,9611908.0,9612188.0,9612438.0,9612685.0,9612973.0,9613222.0,9613479.0,9613790.0,9614186.0,9614495.0,9614815.0,9615117.0,9615480.0,9615728.0,9616050.0,9616333.0,9616636.0,9616873.0,9617173.0,9617507.0,9617806.0,9618049.0,9618333.0,9618615.0,9618820.0,9619037.0,9619294.0,9619512.0,9619777.0,9620031.0,9620285.0,9620606.0,9620886.0,9621085.0,9621289.0,9621601.0,9621835.0,9622109.0,9622370.0,9622596.0,9622824.0,9623062.0,9623361.0,9623531.0,9623745.0,9623963.0,9624200.0,9624392.0,9624577.0,9624788.0,9624954.0,9625108.0,9625314.0,9625539.0,9625705.0,9625945.0,9626185.0,9626398.0,9626640.0,9626860.0,9627095.0,9627302.0,9627519.0,9627747.0,9627976.0,9628230.0,9628549.0,9628781.0,9628935.0,9629237.0,9629435.0,9629723.0,9630064.0,9630293.0,9630515.0,9630838.0,9631164.0,,,,,,,,,9633484.0,9633695.0,9633929.0,9634207.0,9634474.0,9634731.0,9634992.0,9635236.0,9635648.0,9635891.0,9636200.0,9636404.0,9636587.0,9636895.0,9637113.0,9637392.0,9637580.0,9637775.0,9638068.0,9638280.0,9638496.0,9638743.0,9638935.0,9639168.0,9639389.0,9639653.0,9639880.0,9640016.0,9640180.0,9640392.0,9640628.0,9640782.0,9640952.0,9641070.0,9641267.0,9641419.0,9641570.0,9641706.0,9641965.0,9642159.0,9642219.0,9642400.0,9642576.0,9642747.0,9642854.0,9642986.0,9643110.0,9643230.0,9643427.0,9643626.0,9643706.0,9643874.0,9644072.0,9644273.0,9644471.0,9644648.0,9644869.0,9645076.0,9645166.0,9645349.0,9645579.0,9645767.0,9645996.0,9646202.0,9646339.0,9646502.0,9646750.0,9647006.0,9647194.0,9647351.0,9647555.0,9647806
1cBQsdSB2DY,44756.0,44760.0,44766.0,44767.0,44771.0,44773.0,44773.0,44776.0,44783.0,44792.0,44796.0,44802.0,44806.0,44810.0,44816.0,44820.0,44823.0,44827.0,44833.0,44842.0,44844.0,44854.0,44860.0,44865.0,44868.0,44873.0,44879.0,44890.0,44895.0,44900.0,44902.0,44904.0,44911.0,44913.0,44915.0,44919.0,44919.0,44922.0,44927.0,44931.0,44936.0,44941.0,44944.0,44948.0,44955.0,44958.0,44959.0,44962.0,44966.0,44970.0,44973.0,44980.0,44995.0,45002.0,45008.0,45016.0,45021.0,45027.0,45031.0,45036.0,45039.0,45041.0,45041.0,45048.0,45057.0,45066.0,45081.0,45086.0,45091.0,45097.0,45101.0,45106.0,45112.0,45115.0,45119.0,45126.0,45129.0,45137.0,45142.0,45145.0,45145.0,45150.0,45157.0,45159.0,45167.0,45173.0,45175.0,45182.0,45189.0,45191.0,45194.0,45200.0,45208.0,45209.0,45210.0,45214.0,45214.0,45215.0,45220.0,45225.0,45232.0,45235.0,45238.0,45241.0,45247.0,45249.0,45252.0,45254.0,45256.0,45257.0,45265.0,45267.0,45270.0,45278.0,45280.0,45284.0,45284.0,45288.0,45289.0,45290.0,45295.0,45298.0,45299.0,45303.0,45310.0,45311.0,45314.0,45315.0,45317.0,45319.0,45322.0,45326.0,45328.0,45329.0,,,,,,,,,45384.0,45386.0,45388.0,45392.0,45406.0,45415.0,45424.0,45431.0,45438.0,45440.0,45444.0,45449.0,45452.0,45457.0,45460.0,45462.0,45464.0,45464.0,45470.0,45476.0,45480.0,45480.0,45483.0,45487.0,45494.0,45497.0,45499.0,45500.0,45505.0,45510.0,45514.0,45516.0,45517.0,45520.0,45525.0,45529.0,45543.0,45548.0,45549.0,45552.0,45554.0,45556.0,45557.0,45565.0,45568.0,45572.0,45576.0,45576.0,45580.0,45581.0,45585.0,45589.0,45590.0,45591.0,45593.0,45596.0,45599.0,45603.0,45604.0,45610.0,45611.0,45612.0,45615.0,45615.0,45617.0,45619.0,45622.0,45630.0,45635.0,45635.0,45635.0,45637
NspDERHZ-O4,964197.0,964264.0,964319.0,964366.0,964412.0,964487.0,964543.0,964613.0,964703.0,964778.0,964859.0,964916.0,964971.0,965037.0,965090.0,965142.0,965202.0,965253.0,965313.0,965364.0,965420.0,965498.0,965554.0,965629.0,965703.0,965761.0,965818.0,965910.0,965963.0,966024.0,966099.0,966165.0,966229.0,966289.0,966360.0,966420.0,966478.0,966525.0,966607.0,966660.0,966724.0,966781.0,966832.0,966899.0,966947.0,967019.0,967080.0,967139.0,967198.0,967257.0,967313.0,967368.0,967437.0,967483.0,967546.0,967610.0,967662.0,967709.0,967758.0,967821.0,967878.0,967909.0,967969.0,968026.0,968070.0,968134.0,968189.0,968235.0,968290.0,968373.0,968442.0,968488.0,968549.0,968589.0,968656.0,968729.0,968799.0,968877.0,968943.0,969042.0,969096.0,969138.0,969185.0,969236.0,969296.0,969337.0,969402.0,969444.0,969484.0,969522.0,969565.0,969606.0,969648.0,969709.0,969756.0,969811.0,969877.0,969937.0,969994.0,970049.0,970127.0,970201.0,970275.0,970334.0,970402.0,970471.0,970554.0,970602.0,970664.0,970730.0,970774.0,970840.0,970911.0,971009.0,971078.0,971155.0,971204.0,971262.0,971327.0,971406.0,971498.0,971594.0,971687.0,971750.0,971819.0,971895.0,971971.0,972046.0,972105.0,972178.0,972263.0,972344.0,972443.0,972522.0,,,,,,,,,973237.0,973310.0,973349.0,973406.0,973464.0,973536.0,973589.0,973643.0,973700.0,973764.0,973833.0,973882.0,973967.0,974042.0,974109.0,974153.0,974208.0,974265.0,974339.0,974372.0,974441.0,974520.0,974577.0,974643.0,974724.0,974792.0,974850.0,974891.0,974950.0,975010.0,975052.0,975105.0,975159.0,975219.0,975265.0,975321.0,975373.0,975411.0,975466.0,975512.0,975567.0,975636.0,975702.0,975759.0,975816.0,975864.0,975905.0,975947.0,975993.0,976035.0,976088.0,976143.0,976196.0,976225.0,976268.0,976314.0,976353.0,976398.0,976427.0,976486.0,976528.0,976574.0,976627.0,976669.0,976711.0,976767.0,976814.0,976850.0,976901.0,976927.0,976973.0,977014
_x1OWSuPqe8,291.0,291.0,291.0,291.0,292.0,292.0,293.0,292.0,292.0,292.0,292.0,292.0,292.0,292.0,292.0,292.0,292.0,292.0,292.0,292.0,293.0,293.0,293.0,293.0,293.0,293.0,294.0,294.0,294.0,294.0,294.0,294.0,294.0,294.0,294.0,295.0,295.0,295.0,295.0,295.0,295.0,295.0,295.0,295.0,295.0,295.0,295.0,295.0,295.0,295.0,295.0,295.0,295.0,295.0,295.0,295.0,295.0,296.0,296.0,296.0,296.0,296.0,298.0,298.0,298.0,298.0,298.0,300.0,302.0,304.0,304.0,304.0,304.0,304.0,304.0,304.0,304.0,304.0,304.0,304.0,304.0,304.0,304.0,304.0,304.0,305.0,305.0,305.0,305.0,305.0,305.0,306.0,306.0,306.0,307.0,307.0,307.0,307.0,307.0,307.0,307.0,308.0,308.0,308.0,309.0,309.0,309.0,310.0,310.0,310.0,310.0,310.0,311.0,311.0,311.0,311.0,311.0,311.0,311.0,313.0,313.0,313.0,313.0,313.0,313.0,313.0,314.0,314.0,315.0,315.0,315.0,315.0,315.0,315.0,,,,,,,,,315.0,315.0,315.0,315.0,315.0,316.0,316.0,316.0,316.0,316.0,316.0,316.0,316.0,316.0,317.0,317.0,317.0,317.0,317.0,317.0,317.0,317.0,318.0,318.0,318.0,318.0,318.0,318.0,318.0,318.0,318.0,318.0,318.0,318.0,319.0,319.0,319.0,319.0,319.0,319.0,320.0,320.0,320.0,320.0,320.0,320.0,320.0,320.0,320.0,320.0,320.0,320.0,320.0,320.0,320.0,320.0,320.0,320.0,320.0,320.0,320.0,320.0,320.0,321.0,321.0,321.0,321.0,321.0,321.0,321.0,321.0,321
0lbtsUhXE9Q,7330.0,7330.0,7330.0,7330.0,7333.0,7334.0,7335.0,7336.0,7336.0,7338.0,7339.0,7339.0,7339.0,7339.0,7339.0,7340.0,7340.0,7340.0,7342.0,7343.0,7345.0,7346.0,7346.0,7347.0,7348.0,7348.0,7349.0,7351.0,7352.0,7352.0,7352.0,7353.0,7354.0,7355.0,7355.0,7356.0,7356.0,7356.0,7357.0,7369.0,7373.0,7376.0,7377.0,7378.0,7382.0,7383.0,7383.0,7383.0,7386.0,7388.0,7389.0,7390.0,7391.0,7393.0,7395.0,7396.0,7398.0,7400.0,7400.0,7400.0,7401.0,7406.0,7406.0,7407.0,7407.0,7409.0,7410.0,7413.0,7413.0,7414.0,7414.0,7415.0,7416.0,7418.0,7418.0,7419.0,7419.0,7419.0,7420.0,7423.0,7423.0,7426.0,7428.0,7428.0,7429.0,7429.0,7429.0,7429.0,7429.0,7429.0,7429.0,7429.0,7432.0,7434.0,7434.0,7435.0,7435.0,7436.0,7437.0,7437.0,7437.0,7438.0,7439.0,7440.0,7440.0,7442.0,7443.0,7445.0,7446.0,7447.0,7450.0,7451.0,7455.0,7455.0,7456.0,7460.0,7461.0,7463.0,7463.0,7464.0,7465.0,7466.0,7470.0,7471.0,7472.0,7475.0,7478.0,7478.0,7478.0,7478.0,7479.0,7481.0,7484.0,7486.0,,,,,,,,,7491.0,7493.0,7493.0,7494.0,7494.0,7495.0,7495.0,7495.0,7495.0,7496.0,7497.0,7499.0,7499.0,7500.0,7501.0,7502.0,7503.0,7504.0,7504.0,7504.0,7506.0,7506.0,7506.0,7510.0,7510.0,7510.0,7510.0,7514.0,7516.0,7522.0,7526.0,7526.0,7528.0,7529.0,7529.0,7530.0,7532.0,7534.0,7534.0,7537.0,7543.0,7544.0,7545.0,7547.0,7549.0,7552.0,7553.0,7554.0,7555.0,7557.0,7559.0,7561.0,7563.0,7564.0,7565.0,7566.0,7567.0,7568.0,7569.0,7571.0,7571.0,7571.0,7571.0,7572.0,7572.0,7573.0,7574.0,7575.0,7577.0,7578.0,7578.0,7578
kk8kzFtz8ys,6374.0,6375.0,6378.0,6380.0,6389.0,6391.0,6397.0,6398.0,6402.0,6407.0,6409.0,6411.0,6413.0,6416.0,6417.0,6421.0,6424.0,6426.0,6429.0,6433.0,6435.0,6436.0,6439.0,6441.0,6442.0,6448.0,6449.0,6449.0,6450.0,6451.0,6452.0,6453.0,6455.0,6457.0,6459.0,6463.0,6464.0,6465.0,6467.0,6471.0,6472.0,6474.0,6476.0,6476.0,6476.0,6477.0,6479.0,6481.0,6482.0,6482.0,6484.0,6484.0,6486.0,6486.0,6488.0,6489.0,6489.0,6491.0,6493.0,6493.0,6495.0,6496.0,6497.0,6500.0,6505.0,6507.0,6509.0,6513.0,6516.0,6520.0,6520.0,6520.0,6520.0,6520.0,6521.0,6523.0,6526.0,6527.0,6529.0,6530.0,6530.0,6530.0,6532.0,6532.0,6537.0,6538.0,6540.0,6541.0,6542.0,6543.0,6545.0,6545.0,6546.0,6547.0,6551.0,6554.0,6556.0,6558.0,6559.0,6560.0,6563.0,6566.0,6569.0,6572.0,6573.0,6575.0,6577.0,6577.0,6581.0,6583.0,6584.0,6588.0,6590.0,6592.0,6594.0,6596.0,6598.0,6599.0,6599.0,6599.0,6601.0,6602.0,6605.0,6605.0,6606.0,6609.0,6609.0,6612.0,6614.0,6614.0,6616.0,6619.0,6622.0,6622.0,,,,,,,,,6632.0,6633.0,6633.0,6633.0,6633.0,6638.0,6638.0,6638.0,6640.0,6640.0,6643.0,6643.0,6643.0,6645.0,6646.0,6647.0,6647.0,6649.0,6651.0,6653.0,6653.0,6654.0,6656.0,6656.0,6657.0,6658.0,6660.0,6660.0,6663.0,6663.0,6664.0,6665.0,6665.0,6666.0,6669.0,6669.0,6672.0,6674.0,6674.0,6675.0,6675.0,6676.0,6677.0,6681.0,6684.0,6684.0,6684.0,6684.0,6684.0,6685.0,6685.0,6685.0,6686.0,6686.0,6686.0,6686.0,6687.0,6690.0,6690.0,6690.0,6691.0,6693.0,6693.0,6694.0,6694.0,6694.0,6694.0,6694.0,6694.0,6695.0,6695.0,6695
608CY6Q5log,55755.0,55780.0,55798.0,55817.0,55836.0,55874.0,55902.0,55939.0,55982.0,56056.0,56128.0,56187.0,56239.0,56297.0,56368.0,56432.0,56468.0,56520.0,56560.0,56597.0,56624.0,56656.0,56682.0,56706.0,56732.0,56749.0,56767.0,56784.0,56800.0,56823.0,56839.0,56856.0,56872.0,56885.0,56897.0,56921.0,56938.0,56956.0,56966.0,56977.0,56983.0,56996.0,57001.0,57013.0,57027.0,57038.0,57057.0,57072.0,57078.0,57089.0,57093.0,57104.0,57118.0,57127.0,57138.0,57153.0,57163.0,57178.0,57187.0,57204.0,57219.0,57230.0,57246.0,57256.0,57267.0,57278.0,57288.0,57297.0,57305.0,57325.0,57333.0,57340.0,57356.0,57372.0,57382.0,57397.0,57408.0,57425.0,57438.0,57445.0,57455.0,57467.0,57477.0,57490.0,57498.0,57507.0,57527.0,57539.0,57556.0,57566.0,57586.0,57602.0,57630.0,57652.0,57664.0,57672.0,57683.0,57694.0,57713.0,57728.0,57744.0,57764.0,57777.0,57787.0,57803.0,57815.0,57829.0,57842.0,57852.0,57862.0,57877.0,57894.0,57905.0,57919.0,57931.0,57948.0,57958.0,57972.0,57983.0,57995.0,58020.0,58042.0,58057.0,58068.0,58079.0,58085.0,58094.0,58102.0,58110.0,58121.0,58129.0,58149.0,58160.0,58167.0,,,,,,,,,58282.0,58297.0,58308.0,58321.0,58337.0,58347.0,58355.0,58367.0,58373.0,58386.0,58395.0,58404.0,58410.0,58415.0,58423.0,58427.0,58439.0,58442.0,58448.0,58458.0,58469.0,58491.0,58504.0,58525.0,58540.0,58555.0,58575.0,58595.0,58625.0,58639.0,58657.0,58680.0,58692.0,58708.0,58731.0,58754.0,58766.0,58780.0,58793.0,58806.0,58819.0,58829.0,58838.0,58846.0,58853.0,58860.0,58874.0,58885.0,58897.0,58919.0,58932.0,58941.0,58958.0,58970.0,58986.0,59003.0,59025.0,59034.0,59053.0,59069.0,59089.0,59107.0,59120.0,59128.0,59135.0,59150.0,59163.0,59178.0,59184.0,59195.0,59201.0,59207
Cj2qEoGQKcI,352400.0,352409.0,352423.0,352437.0,352453.0,352472.0,352487.0,352508.0,352531.0,352566.0,352596.0,352628.0,352650.0,352675.0,352717.0,352754.0,352789.0,352825.0,352844.0,352875.0,352895.0,352927.0,352939.0,352958.0,352970.0,352984.0,353002.0,353017.0,353032.0,353046.0,353058.0,353068.0,353087.0,353098.0,353111.0,353123.0,353135.0,353143.0,353156.0,353165.0,353175.0,353191.0,353203.0,353212.0,353225.0,353236.0,353249.0,353259.0,353265.0,353269.0,353272.0,353280.0,353286.0,353294.0,353304.0,353316.0,353331.0,353345.0,353358.0,353371.0,353380.0,353388.0,353392.0,353401.0,353409.0,353415.0,353422.0,353426.0,353433.0,353442.0,353446.0,353452.0,353455.0,353463.0,353468.0,353470.0,353475.0,353481.0,353486.0,353491.0,353497.0,353507.0,353512.0,353518.0,353536.0,353559.0,353571.0,353580.0,353594.0,353601.0,353608.0,353612.0,353617.0,353632.0,353645.0,353663.0,353669.0,353674.0,353689.0,353700.0,353724.0,353734.0,353744.0,353755.0,353759.0,353767.0,353771.0,353784.0,353798.0,353806.0,353812.0,353819.0,353830.0,353839.0,353846.0,353862.0,353868.0,353877.0,353879.0,353899.0,353921.0,353935.0,353946.0,353954.0,353962.0,353970.0,353976.0,353984.0,353991.0,354000.0,354004.0,354012.0,354016.0,354022.0,,,,,,,,,354137.0,354148.0,354160.0,354178.0,354195.0,354214.0,354224.0,354235.0,354246.0,354251.0,354264.0,354275.0,354284.0,354287.0,354296.0,354304.0,354315.0,354325.0,354330.0,354342.0,354366.0,354387.0,354396.0,354416.0,354438.0,354454.0,354469.0,354488.0,354501.0,354520.0,354538.0,354551.0,354568.0,354597.0,354613.0,354628.0,354643.0,354654.0,354661.0,354666.0,354674.0,354680.0,354685.0,354692.0,354698.0,354701.0,354704.0,354707.0,354709.0,354715.0,354721.0,354728.0,354736.0,354741.0,354751.0,354769.0,354784.0,354800.0,354815.0,354823.0,354843.0,354854.0,354861.0,354863.0,354871.0,354877.0,354882.0,354891.0,354898.0,354899.0,354905.0,354909
DRDRazeOIks,92694.0,92707.0,92719.0,92731.0,92749.0,92760.0,92768.0,92777.0,92803.0,92832.0,92859.0,92892.0,92933.0,92964.0,92994.0,93030.0,93068.0,93094.0,93113.0,93149.0,93174.0,93206.0,93225.0,93246.0,93273.0,93295.0,93315.0,93343.0,93366.0,93393.0,93413.0,93430.0,93450.0,93467.0,93485.0,93498.0,93512.0,93524.0,93531.0,93540.0,93551.0,93572.0,93589.0,93599.0,93614.0,93624.0,93639.0,93650.0,93661.0,93671.0,93677.0,93685.0,93692.0,93696.0,93708.0,93721.0,93738.0,93750.0,93765.0,93776.0,93788.0,93797.0,93805.0,93813.0,93820.0,93827.0,93833.0,93841.0,93848.0,93863.0,93869.0,93880.0,93888.0,93901.0,93916.0,93921.0,93932.0,93939.0,93947.0,93956.0,93961.0,93967.0,93973.0,94004.0,94015.0,94086.0,94119.0,94141.0,94158.0,94169.0,94187.0,94201.0,94214.0,94241.0,94261.0,94275.0,94287.0,94305.0,94326.0,94345.0,94358.0,94373.0,94391.0,94400.0,94413.0,94417.0,94432.0,94447.0,94470.0,94487.0,94501.0,94510.0,94522.0,94552.0,94571.0,94583.0,94592.0,94603.0,94612.0,94665.0,94711.0,94733.0,94749.0,94769.0,94780.0,94793.0,94806.0,94814.0,94821.0,94840.0,94855.0,94882.0,94923.0,94987.0,,,,,,,,,95771.0,95810.0,95828.0,95943.0,96070.0,96235.0,96360.0,96520.0,96663.0,96754.0,96868.0,96939.0,96961.0,96972.0,96984.0,96991.0,97012.0,97025.0,97042.0,97070.0,97104.0,97158.0,97202.0,97252.0,97283.0,97323.0,97355.0,97398.0,97439.0,97461.0,97487.0,97528.0,97550.0,97574.0,97598.0,97629.0,97662.0,97688.0,97702.0,97725.0,97743.0,97759.0,97769.0,97779.0,97794.0,97805.0,97824.0,97835.0,97852.0,97875.0,97900.0,97929.0,97951.0,97980.0,98000.0,98040.0,98077.0,98112.0,98157.0,98183.0,98227.0,98271.0,98305.0,98335.0,98358.0,98374.0,98388.0,98400.0,98416.0,98427.0,98435.0,98441
O9uDYx0Hj5U,48498.0,48498.0,48502.0,48504.0,48509.0,48512.0,48519.0,48522.0,48524.0,48526.0,48529.0,48530.0,48530.0,48534.0,48537.0,48537.0,48540.0,48544.0,48544.0,48547.0,48551.0,48555.0,48556.0,48560.0,48564.0,48564.0,48570.0,48572.0,48575.0,48576.0,48578.0,48578.0,48579.0,48581.0,48581.0,48582.0,48584.0,48586.0,48591.0,48592.0,48593.0,48593.0,48595.0,48597.0,48602.0,48603.0,48606.0,48607.0,48608.0,48610.0,48612.0,48615.0,48617.0,48620.0,48622.0,48624.0,48626.0,48629.0,48632.0,48634.0,48635.0,48636.0,48638.0,48641.0,48641.0,48642.0,48644.0,48647.0,48648.0,48652.0,48654.0,48657.0,48659.0,48660.0,48663.0,48663.0,48664.0,48665.0,48669.0,48671.0,48672.0,48672.0,48674.0,48677.0,48678.0,48678.0,48678.0,48679.0,48680.0,48681.0,48683.0,48684.0,48689.0,48692.0,48693.0,48694.0,48695.0,48695.0,48695.0,48697.0,48698.0,48698.0,48698.0,48701.0,48703.0,48705.0,48707.0,48708.0,48711.0,48711.0,48713.0,48716.0,48721.0,48721.0,48725.0,48728.0,48731.0,48732.0,48732.0,48733.0,48734.0,48735.0,48736.0,48737.0,48737.0,48738.0,48739.0,48740.0,48742.0,48743.0,48745.0,48747.0,48748.0,48748.0,,,,,,,,,48762.0,48762.0,48763.0,48765.0,48766.0,48768.0,48771.0,48772.0,48774.0,48775.0,48776.0,48777.0,48779.0,48782.0,48783.0,48784.0,48785.0,48787.0,48787.0,48787.0,48789.0,48790.0,48792.0,48796.0,48798.0,48799.0,48800.0,48801.0,48802.0,48805.0,48806.0,48806.0,48808.0,48808.0,48810.0,48811.0,48812.0,48813.0,48817.0,48818.0,48818.0,48821.0,48821.0,48822.0,48823.0,48823.0,48823.0,48824.0,48826.0,48827.0,48829.0,48830.0,48832.0,48833.0,48833.0,48834.0,48836.0,48836.0,48837.0,48837.0,48839.0,48840.0,48841.0,48842.0,48842.0,48844.0,48844.0,48844.0,48846.0,48846.0,48847.0,48848
u8122F-yel0,667.0,667.0,667.0,667.0,667.0,667.0,667.0,667.0,667.0,667.0,667.0,667.0,667.0,667.0,667.0,667.0,667.0,667.0,667.0,667.0,667.0,667.0,667.0,667.0,667.0,667.0,667.0,667.0,667.0,667.0,667.0,667.0,667.0,667.0,667.0,667.0,667.0,667.0,668.0,669.0,669.0,669.0,670.0,670.0,670.0,670.0,670.0,671.0,671.0,671.0,671.0,672.0,672.0,673.0,673.0,673.0,673.0,673.0,673.0,673.0,673.0,673.0,673.0,673.0,673.0,673.0,673.0,673.0,673.0,673.0,673.0,673.0,673.0,673.0,673.0,673.0,673.0,673.0,673.0,673.0,673.0,673.0,673.0,673.0,673.0,673.0,673.0,673.0,674.0,674.0,674.0,674.0,674.0,674.0,674.0,674.0,674.0,674.0,674.0,674.0,674.0,674.0,674.0,674.0,674.0,674.0,675.0,675.0,675.0,675.0,675.0,675.0,675.0,675.0,675.0,675.0,675.0,675.0,675.0,675.0,675.0,675.0,676.0,676.0,676.0,676.0,676.0,676.0,676.0,676.0,676.0,676.0,676.0,676.0,,,,,,,,,677.0,677.0,677.0,677.0,677.0,677.0,677.0,677.0,677.0,677.0,677.0,677.0,677.0,677.0,677.0,677.0,677.0,677.0,677.0,677.0,677.0,677.0,677.0,677.0,677.0,677.0,677.0,677.0,677.0,677.0,677.0,677.0,677.0,677.0,677.0,677.0,677.0,677.0,677.0,677.0,677.0,677.0,677.0,677.0,677.0,677.0,677.0,677.0,677.0,678.0,679.0,679.0,679.0,679.0,679.0,679.0,679.0,679.0,679.0,679.0,679.0,679.0,679.0,679.0,679.0,679.0,679.0,679.0,680.0,680.0,680.0,680
VQXXJHrOJXw,2368.0,2368.0,2368.0,2368.0,2368.0,2368.0,2368.0,2369.0,2369.0,2369.0,2369.0,2369.0,2369.0,2369.0,2369.0,2370.0,2370.0,2370.0,2373.0,2373.0,2373.0,2374.0,2374.0,2375.0,2376.0,2376.0,2376.0,2377.0,2378.0,2379.0,2380.0,2380.0,2380.0,2380.0,2381.0,2381.0,2381.0,2381.0,2382.0,2383.0,2384.0,2385.0,2386.0,2385.0,2385.0,2385.0,2386.0,2386.0,2386.0,2386.0,2386.0,2386.0,2387.0,2388.0,2388.0,2388.0,2389.0,2389.0,2389.0,2389.0,2390.0,2390.0,2390.0,2391.0,2392.0,2392.0,2393.0,2393.0,2393.0,2393.0,2393.0,2395.0,2395.0,2396.0,2396.0,2397.0,2397.0,2399.0,2399.0,2399.0,2399.0,2399.0,2399.0,2400.0,2400.0,2400.0,2400.0,2400.0,2403.0,2405.0,2405.0,2405.0,2407.0,2407.0,2407.0,2407.0,2408.0,2409.0,2413.0,2413.0,2414.0,2414.0,2414.0,2415.0,2416.0,2417.0,2417.0,2418.0,2419.0,2419.0,2419.0,2421.0,2422.0,2423.0,2423.0,2424.0,2425.0,2425.0,2425.0,2425.0,2425.0,2425.0,2425.0,2425.0,2425.0,2425.0,2425.0,2425.0,2425.0,2427.0,2428.0,2429.0,2430.0,2430.0,,,,,,,,,2436.0,2436.0,2436.0,2438.0,2440.0,2452.0,2460.0,2464.0,2466.0,2468.0,2469.0,2475.0,2485.0,2488.0,2491.0,2491.0,2492.0,2492.0,2493.0,2494.0,2496.0,2499.0,2502.0,2503.0,2505.0,2507.0,2507.0,2511.0,2512.0,2514.0,2516.0,2518.0,2522.0,2524.0,2525.0,2527.0,2532.0,2532.0,2533.0,2539.0,2542.0,2546.0,2549.0,2552.0,2553.0,2554.0,2557.0,2558.0,2563.0,2563.0,2567.0,2571.0,2573.0,2575.0,2577.0,2580.0,2580.0,2580.0,2581.0,2585.0,2586.0,2586.0,2589.0,2589.0,2589.0,2591.0,2597.0,2598.0,2603.0,2604.0,2605.0,2606
EOimZ8twIEM,2731.0,2731.0,2731.0,2731.0,2731.0,2731.0,2731.0,2731.0,2731.0,2731.0,2731.0,2731.0,2731.0,2731.0,2731.0,2731.0,2731.0,2731.0,2731.0,2731.0,2731.0,2731.0,2731.0,2731.0,2731.0,2731.0,2731.0,2731.0,2731.0,2731.0,2731.0,2731.0,2731.0,2731.0,2731.0,2731.0,2731.0,2731.0,2731.0,2731.0,2731.0,2731.0,2732.0,2734.0,2734.0,2734.0,2734.0,2734.0,2734.0,2734.0,2734.0,2736.0,2736.0,2736.0,2736.0,2736.0,2736.0,2736.0,2736.0,2736.0,2736.0,2736.0,2736.0,2737.0,2739.0,2739.0,2739.0,2739.0,2739.0,2739.0,2739.0,2739.0,2739.0,2739.0,2739.0,2739.0,2739.0,2739.0,2739.0,2739.0,2739.0,2739.0,2739.0,2739.0,2740.0,2740.0,2740.0,2740.0,2740.0,2740.0,2740.0,2740.0,2740.0,2740.0,2740.0,2740.0,2740.0,2740.0,2740.0,2740.0,2740.0,2740.0,2740.0,2740.0,2740.0,2740.0,2740.0,2740.0,2740.0,2740.0,2740.0,2740.0,2741.0,2741.0,2741.0,2741.0,2742.0,2742.0,2742.0,2742.0,2742.0,2742.0,2743.0,2743.0,2743.0,2743.0,2743.0,2743.0,2743.0,2743.0,2746.0,2747.0,2747.0,2749.0,,,,,,,,,2750.0,2750.0,2753.0,2754.0,2759.0,2762.0,2766.0,2767.0,2767.0,2769.0,2771.0,2774.0,2775.0,2776.0,2777.0,2778.0,2779.0,2780.0,2781.0,2788.0,2790.0,2793.0,2797.0,2800.0,2804.0,2807.0,2810.0,2810.0,2812.0,2813.0,2816.0,2819.0,2822.0,2825.0,2827.0,2830.0,2830.0,2830.0,2833.0,2837.0,2841.0,2848.0,2849.0,2849.0,2851.0,2856.0,2858.0,2863.0,2866.0,2866.0,2867.0,2868.0,2871.0,2876.0,2877.0,2878.0,2880.0,2881.0,2883.0,2883.0,2884.0,2885.0,2887.0,2889.0,2890.0,2892.0,2894.0,2896.0,2899.0,2899.0,2899.0,2900
FtUz8Q8eCG0,12899163.0,12906687.0,12913609.0,12920378.0,12930128.0,12940486.0,12947959.0,12955365.0,12963674.0,12971825.0,12979616.0,12986473.0,12992641.0,13000017.0,13007484.0,13015339.0,13021956.0,13028039.0,13035561.0,13042762.0,13049153.0,13055902.0,13063442.0,13070026.0,13076014.0,13082925.0,13089690.0,13096566.0,13103312.0,13110025.0,13116700.0,13123566.0,13131952.0,13140414.0,13149068.0,13157457.0,13166311.0,13174311.0,13181919.0,13189725.0,13197346.0,13204918.0,13212224.0,13220091.0,13227877.0,13234322.0,13240614.0,13247486.0,13254513.0,13261430.0,13268650.0,13275496.0,13282131.0,13289683.0,13299096.0,13306069.0,13313290.0,13321292.0,13328128.0,13334720.0,13342982.0,13350571.0,13358122.0,13366028.0,13373908.0,13380604.0,13386797.0,13393273.0,13399388.0,13408101.0,13417011.0,13424961.0,13433098.0,13440467.0,13450260.0,13460639.0,13469780.0,13480478.0,13490930.0,13499949.0,13507949.0,13517965.0,13528040.0,13538238.0,13547666.0,13556868.0,13565230.0,13572528.0,13581519.0,13590837.0,13599847.0,13608785.0,13617227.0,13624474.0,13631327.0,13639761.0,13647528.0,13655373.0,13663780.0,13671848.0,13678935.0,13686970.0,13695572.0,13703720.0,13712060.0,13720699.0,13729900.0,13737815.0,13745305.0,13754304.0,13763347.0,13772091.0,13781057.0,13790316.0,13802992.0,13813984.0,13822370.0,13831053.0,13839783.0,13848719.0,13856036.0,13862815.0,13869470.0,13876072.0,13882717.0,13889880.0,13896556.0,13904339.0,13911631.0,13917927.0,13925802.0,13933649.0,13941885.0,13950446.0,,,,,,,,,14026378.0,14034371.0,14042958.0,14049961.0,14056754.0,14063126.0,14069477.0,14075404.0,14081040.0,14087168.0,14093498.0,14099808.0,14106493.0,14114020.0,14120218.0,14126830.0,14136077.0,14143627.0,14149701.0,14157523.0,14166358.0,14173741.0,14180749.0,14188707.0,14196415.0,14204168.0,14212012.0,14219977.0,14227437.0,14233769.0,14241058.0,14249053.0,14256787.0,14264244.0,14271997.0,14279236.0,14285624.0,14293218.0,14300975.0,14308288.0,14315530.0,14323245.0,14329896.0,14335966.0,14343430.0,14350667.0,14357504.0,14364523.0,14371469.0,14377903.0,14383532.0,14390081.0,14396410.0,14402601.0,14409016.0,14415486.0,14420468.0,14425368.0,14430921.0,14436882.0,14442724.0,14446974.0,14452746.0,14458151.0,14462908.0,14469148.0,14475477.0,14481810.0,14486494.0,14492369.0,14497693.0,14502738
dWNLExoyGfI,117761.0,117775.0,117787.0,117810.0,117816.0,117831.0,117838.0,117846.0,117863.0,117872.0,117885.0,117889.0,117899.0,117910.0,117922.0,117932.0,117942.0,117947.0,117954.0,117971.0,117981.0,117988.0,117995.0,118008.0,118015.0,118025.0,118030.0,118038.0,118046.0,118053.0,118061.0,118065.0,118072.0,118076.0,118087.0,118104.0,118111.0,118124.0,118136.0,118148.0,118152.0,118169.0,118177.0,118182.0,118201.0,118214.0,118234.0,118249.0,118265.0,118283.0,118291.0,118298.0,118303.0,118310.0,118320.0,118336.0,118346.0,118352.0,118357.0,118360.0,118373.0,118379.0,118383.0,118385.0,118389.0,118400.0,118409.0,118419.0,118423.0,118427.0,118434.0,118438.0,118442.0,118445.0,118451.0,118457.0,118464.0,118476.0,118480.0,118485.0,118490.0,118496.0,118500.0,118504.0,118507.0,118512.0,118523.0,118531.0,118536.0,118550.0,118557.0,118563.0,118569.0,118586.0,118591.0,118599.0,118605.0,118614.0,118621.0,118626.0,118637.0,118647.0,118663.0,118678.0,118693.0,118706.0,118715.0,118726.0,118737.0,118748.0,118763.0,118771.0,118778.0,118799.0,118810.0,118817.0,118830.0,118844.0,118856.0,118861.0,118875.0,118881.0,118892.0,118901.0,118915.0,118917.0,118929.0,118942.0,118952.0,118958.0,118963.0,118971.0,118980.0,118989.0,,,,,,,,,119106.0,119118.0,119131.0,119149.0,119164.0,119183.0,119199.0,119218.0,119238.0,119246.0,119261.0,119279.0,119291.0,119305.0,119316.0,119330.0,119345.0,119355.0,119376.0,119384.0,119397.0,119410.0,119418.0,119429.0,119434.0,119442.0,119452.0,119462.0,119479.0,119492.0,119504.0,119513.0,119537.0,119548.0,119564.0,119578.0,119596.0,119606.0,119614.0,119623.0,119637.0,119647.0,119657.0,119667.0,119682.0,119694.0,119706.0,119718.0,119726.0,119738.0,119745.0,119751.0,119754.0,119761.0,119765.0,119774.0,119788.0,119795.0,119805.0,119807.0,119812.0,119817.0,119823.0,119829.0,119835.0,119841.0,119851.0,119862.0,119874.0,119881.0,119884.0,119887
S1JB_T6Fths,8629662.0,8633184.0,8636688.0,8640260.0,8643147.0,8646146.0,8649321.0,8652768.0,8656631.0,8660420.0,8663815.0,8666553.0,8669531.0,8672439.0,8675584.0,8678698.0,8682216.0,8685767.0,8688611.0,8691461.0,8694381.0,8697581.0,8700889.0,8704352.0,8707706.0,8710632.0,8713476.0,8716892.0,8719919.0,8722704.0,8726104.0,8729661.0,8732391.0,8735163.0,8738062.0,8740943.0,8743772.0,8746948.0,8749988.0,8752656.0,8755378.0,8757956.0,8760536.0,8763071.0,8765845.0,8768479.0,8770925.0,8773587.0,8776173.0,8778966.0,8781749.0,8784530.0,8787457.0,8790131.0,8792798.0,8795183.0,8797458.0,8800231.0,8802803.0,8805105.0,8807257.0,8809468.0,8811698.0,8813731.0,8815827.0,8817940.0,8819940.0,8822050.0,8823565.0,8826212.0,8828804.0,8831550.0,8834200.0,8836742.0,8839240.0,8841653.0,8844239.0,8846611.0,8848670.0,8850967.0,8852891.0,8854748.0,8856756.0,8858734.0,8860787.0,8862867.0,8865203.0,8867139.0,8869170.0,8870988.0,8872952.0,8875151.0,8877430.0,8879847.0,8882247.0,8884137.0,8886088.0,8888101.0,8890190.0,8892384.0,8894884.0,8896908.0,8898741.0,8900454.0,8902598.0,8904569.0,8906637.0,8909126.0,8911392.0,8914020.0,8916215.0,8918371.0,8920616.0,8922961.0,8925524.0,8927800.0,8929837.0,8931906.0,8933964.0,8936021.0,8938475.0,8940897.0,8943117.0,8945259.0,8947423.0,8949636.0,8951622.0,8953550.0,8955437.0,8957242.0,8958967.0,8960926.0,8963056.0,8964982.0,,,,,,,,,8983651.0,8985857.0,8987716.0,8989228.0,8991063.0,8992920.0,8994606.0,8996615.0,8998614.0,9000190.0,9001852.0,9003500.0,9005222.0,9007184.0,9009095.0,9010858.0,9012590.0,9014295.0,9016018.0,9017775.0,9019560.0,9021604.0,9023521.0,9025147.0,9026783.0,9028375.0,9030061.0,9031882.0,9033735.0,9035617.0,9037288.0,9038976.0,9040690.0,9042500.0,9044283.0,9046311.0,9048138.0,9049684.0,9051425.0,9053055.0,9054744.0,9056506.0,9058373.0,9060149.0,9061784.0,9063361.0,9065052.0,9066869.0,9068859.0,9070755.0,9072572.0,9074318.0,9076194.0,9077994.0,9079808.0,9081746.0,9083411.0,9085155.0,9086762.0,9088407.0,9090011.0,9091790.0,9093549.0,9095353.0,9096916.0,9098378.0,9100187.0,9101984.0,9103772.0,9105494.0,9107435.0,9109261
IihhUVeePaQ,1414743.0,1415037.0,1415253.0,1415485.0,1415711.0,1415959.0,1416209.0,1416445.0,1416729.0,1416975.0,1417305.0,1417565.0,1417860.0,1418199.0,1418435.0,1418689.0,1418935.0,1419191.0,1419422.0,1419715.0,1419948.0,1420253.0,1420652.0,1420996.0,1421263.0,1421531.0,1421804.0,1422145.0,1422414.0,1422736.0,1423001.0,1423321.0,1423626.0,1424010.0,1424265.0,1424595.0,1424949.0,1425250.0,1425565.0,1425899.0,1426190.0,1426497.0,1426783.0,1427010.0,1427284.0,1427532.0,1427772.0,1428021.0,1428324.0,1428559.0,1428838.0,1429055.0,1429278.0,1429519.0,1429825.0,1430084.0,1430319.0,1430535.0,1430745.0,1430935.0,1431143.0,1431373.0,1431627.0,1431796.0,1431992.0,1432190.0,1432362.0,1432536.0,1432691.0,1432919.0,1433089.0,1433272.0,1433423.0,1433619.0,1433842.0,1433985.0,1434182.0,1434320.0,1434496.0,1434660.0,1434843.0,1434969.0,1435169.0,1435332.0,1435518.0,1435672.0,1435853.0,1436050.0,1436244.0,1436437.0,1436595.0,1436770.0,1436990.0,1437166.0,1437342.0,1437488.0,1437684.0,1437907.0,1438083.0,1438261.0,1438429.0,1438584.0,1438744.0,1438916.0,1439066.0,1439205.0,1439355.0,1439523.0,1439702.0,1439865.0,1440027.0,1440218.0,1440426.0,1440641.0,1440848.0,1441077.0,1441263.0,1441495.0,1441714.0,1441946.0,1442180.0,1442391.0,1442582.0,1442785.0,1442983.0,1443179.0,1443355.0,1443592.0,1443790.0,1443978.0,1444255.0,1444435.0,1444608.0,1444777.0,,,,,,,,,1446618.0,1446868.0,1447059.0,1447337.0,1447542.0,1447712.0,1447911.0,1448158.0,1448388.0,1448646.0,1448851.0,1449070.0,1449267.0,1449480.0,1449685.0,1449894.0,1450049.0,1450189.0,1450364.0,1450520.0,1450666.0,1450831.0,1450985.0,1451121.0,1451235.0,1451398.0,1451538.0,1451726.0,1451886.0,1452066.0,1452232.0,1452366.0,1452505.0,1452651.0,1452830.0,1452997.0,1453153.0,1453363.0,1453537.0,1453683.0,1453848.0,1454009.0,1454155.0,1454338.0,1454487.0,1454638.0,1454788.0,1454953.0,1455109.0,1455269.0,1455410.0,1455538.0,1455689.0,1455845.0,1456027.0,1456173.0,1456361.0,1456534.0,1456660.0,1456803.0,1456929.0,1457063.0,1457181.0,1457302.0,1457425.0,1457588.0,1457707.0,1457832.0,1457949.0,1458075.0,1458244.0,1458404
c5GP9qar0_Y,1010201.0,1010342.0,1010467.0,1010632.0,1010815.0,1010941.0,1011080.0,1011205.0,1011358.0,1011495.0,1011641.0,1011806.0,1011931.0,1012090.0,1012242.0,1012392.0,1012537.0,1012653.0,1012804.0,1012923.0,1013070.0,1013193.0,1013367.0,1013462.0,1013588.0,1013726.0,1013855.0,1013993.0,1014107.0,1014221.0,1014310.0,1014406.0,1014535.0,1014654.0,1014790.0,1014876.0,1014999.0,1015090.0,1015204.0,1015329.0,1015431.0,1015537.0,1015645.0,1015784.0,1015881.0,1015992.0,1016126.0,1016258.0,1016394.0,1016526.0,1016639.0,1016767.0,1016860.0,1016984.0,1017120.0,1017253.0,1017382.0,1017516.0,1017692.0,1017852.0,1018028.0,1018221.0,1018397.0,1018531.0,1018689.0,1018787.0,1018931.0,1019045.0,1019176.0,1019344.0,1019535.0,1019670.0,1019803.0,1019908.0,1020030.0,1020159.0,1020305.0,1020450.0,1020579.0,1020703.0,1020811.0,1020976.0,1021109.0,1021259.0,1021395.0,1021528.0,1021665.0,1021785.0,1021951.0,1022091.0,1022217.0,1022352.0,1022498.0,1022703.0,1022882.0,1023032.0,1023206.0,1023340.0,1023491.0,1023634.0,1023750.0,1023882.0,1024042.0,1024174.0,1024305.0,1024460.0,1024584.0,1024688.0,1024824.0,1024959.0,1025114.0,1025276.0,1025432.0,1025565.0,1025676.0,1025786.0,1025908.0,1026045.0,1026166.0,1026276.0,1026394.0,1026519.0,1026625.0,1026757.0,1026908.0,1027044.0,1027218.0,1027346.0,1027485.0,1027580.0,1027710.0,1027852.0,1027974.0,1028100.0,,,,,,,,,1029164.0,1029277.0,1029424.0,1029580.0,1029753.0,1029917.0,1030048.0,1030160.0,1030291.0,1030431.0,1030557.0,1030689.0,1030820.0,1030941.0,1031056.0,1031162.0,1031277.0,1031419.0,1031550.0,1031701.0,1031841.0,1031944.0,1032056.0,1032210.0,1032318.0,1032464.0,1032651.0,1032907.0,1033062.0,1033249.0,1033445.0,1033589.0,1033763.0,1033949.0,1034141.0,1034256.0,1034377.0,1034505.0,1034695.0,1034877.0,1035049.0,1035212.0,1035334.0,1035448.0,1035624.0,1035843.0,1036041.0,1036234.0,1036439.0,1036575.0,1036688.0,1036826.0,1036991.0,1037130.0,1037295.0,1037445.0,1037560.0,1037657.0,1037811.0,1037987.0,1038112.0,1038240.0,1038384.0,1038519.0,1038619.0,1038757.0,1038915.0,1039052.0,1039160.0,1039296.0,1039384.0,1039476
87BM2w36EB4,134780.0,134786.0,134792.0,134804.0,134817.0,134827.0,134842.0,134855.0,134866.0,134875.0,134891.0,134907.0,134923.0,134935.0,134944.0,134964.0,134977.0,134989.0,135011.0,135026.0,135031.0,135049.0,135061.0,135078.0,135092.0,135103.0,135122.0,135132.0,135137.0,135144.0,135158.0,135173.0,135179.0,135187.0,135202.0,135217.0,135227.0,135238.0,135247.0,135259.0,135267.0,135280.0,135290.0,135308.0,135330.0,135342.0,135356.0,135365.0,135378.0,135392.0,135403.0,135421.0,135429.0,135438.0,135454.0,135463.0,135493.0,135503.0,135514.0,135525.0,135535.0,135549.0,135556.0,135564.0,135576.0,135583.0,135606.0,135611.0,135620.0,135634.0,135650.0,135656.0,135669.0,135686.0,135695.0,135712.0,135732.0,135749.0,135763.0,135777.0,135783.0,135791.0,135797.0,135820.0,135827.0,135837.0,135844.0,135852.0,135862.0,135871.0,135884.0,135895.0,135910.0,135921.0,135935.0,135945.0,135953.0,135965.0,135971.0,135980.0,135984.0,135996.0,136001.0,136013.0,136025.0,136038.0,136050.0,136070.0,136082.0,136107.0,136127.0,136138.0,136154.0,136166.0,136180.0,136188.0,136199.0,136210.0,136226.0,136234.0,136248.0,136261.0,136277.0,136298.0,136312.0,136324.0,136333.0,136348.0,136355.0,136365.0,136381.0,136393.0,136398.0,136401.0,,,,,,,,,136513.0,136523.0,136534.0,136543.0,136552.0,136562.0,136574.0,136585.0,136593.0,136609.0,136616.0,136626.0,136634.0,136650.0,136664.0,136669.0,136677.0,136687.0,136695.0,136707.0,136724.0,136739.0,136751.0,136758.0,136774.0,136786.0,136797.0,136807.0,136818.0,136833.0,136847.0,136856.0,136862.0,136871.0,136878.0,136897.0,136903.0,136915.0,136921.0,136931.0,136939.0,136952.0,136962.0,136973.0,136981.0,136995.0,137005.0,137015.0,137023.0,137039.0,137051.0,137056.0,137077.0,137083.0,137094.0,137108.0,137118.0,137124.0,137137.0,137146.0,137159.0,137165.0,137174.0,137182.0,137196.0,137201.0,137209.0,137219.0,137229.0,137239.0,137253.0,137260
D9FMEY2ax2Y,378700.0,378750.0,378811.0,378867.0,378933.0,378996.0,379090.0,379147.0,379204.0,379278.0,379344.0,379404.0,379493.0,379569.0,379635.0,379700.0,379770.0,379820.0,379879.0,379953.0,380033.0,380116.0,380212.0,380286.0,380345.0,380402.0,380465.0,380540.0,380611.0,380687.0,380757.0,380815.0,380878.0,380943.0,381034.0,381098.0,381152.0,381207.0,381259.0,381334.0,381419.0,381493.0,381553.0,381628.0,381695.0,381752.0,381825.0,381894.0,381952.0,382037.0,382108.0,382155.0,382212.0,382275.0,382350.0,382411.0,382466.0,382537.0,382585.0,382653.0,382729.0,382788.0,382857.0,382917.0,382976.0,383047.0,383111.0,383182.0,383226.0,383307.0,383367.0,383436.0,383485.0,383542.0,383586.0,383638.0,383713.0,383783.0,383849.0,383913.0,383959.0,384038.0,384106.0,384156.0,384214.0,384286.0,384365.0,384425.0,384503.0,384556.0,384613.0,384688.0,384734.0,384782.0,384842.0,384892.0,384953.0,385016.0,385059.0,385117.0,385182.0,385238.0,385286.0,385375.0,385438.0,385506.0,385557.0,385616.0,385664.0,385711.0,385753.0,385792.0,385837.0,385868.0,385928.0,385986.0,386033.0,386082.0,386140.0,386173.0,386217.0,386251.0,386282.0,386320.0,386368.0,386410.0,386450.0,386487.0,386531.0,386571.0,386621.0,386667.0,386708.0,386752.0,,,,,,,,,387161.0,387202.0,387247.0,387296.0,387333.0,387369.0,387402.0,387434.0,387474.0,387508.0,387565.0,387602.0,387651.0,387684.0,387719.0,387759.0,387799.0,387832.0,387871.0,387918.0,387978.0,388015.0,388046.0,388087.0,388117.0,388188.0,388236.0,388289.0,388334.0,388373.0,388422.0,388480.0,388542.0,388606.0,388645.0,388683.0,388721.0,388757.0,388802.0,388855.0,388902.0,388961.0,389019.0,389067.0,389101.0,389138.0,389202.0,389268.0,389309.0,389360.0,389385.0,389429.0,389472.0,389531.0,389576.0,389613.0,389655.0,389693.0,389735.0,389776.0,389814.0,389853.0,389895.0,389956.0,389999.0,390052.0,390105.0,390136.0,390177.0,390226.0,390258.0,390297
Fg8WQqCrFv0,1915.0,1916.0,1917.0,1917.0,1918.0,1919.0,1919.0,1919.0,1921.0,1922.0,1922.0,1923.0,1925.0,1926.0,1927.0,1929.0,1930.0,1933.0,1934.0,1938.0,1939.0,1940.0,1943.0,1943.0,1943.0,1944.0,1944.0,1948.0,1951.0,1951.0,1953.0,1954.0,1955.0,1955.0,1958.0,1961.0,1961.0,1961.0,1962.0,1964.0,1966.0,1967.0,1967.0,1969.0,1970.0,1970.0,1970.0,1970.0,1970.0,1970.0,1970.0,1970.0,1972.0,1973.0,1973.0,1977.0,1977.0,1977.0,1978.0,1979.0,1981.0,1980.0,1981.0,1982.0,1983.0,1983.0,1984.0,1984.0,1985.0,1987.0,1987.0,1988.0,1989.0,1989.0,1989.0,1991.0,1991.0,1992.0,1993.0,1994.0,1998.0,1998.0,1998.0,1998.0,1999.0,2000.0,2001.0,2001.0,2002.0,2003.0,2003.0,2003.0,2008.0,2008.0,2010.0,2011.0,2013.0,2013.0,2016.0,2016.0,2016.0,2017.0,2017.0,2018.0,2018.0,2018.0,2018.0,2018.0,2018.0,2019.0,2019.0,2019.0,2019.0,2019.0,2019.0,2019.0,2020.0,2020.0,2020.0,2020.0,2020.0,2020.0,2022.0,2024.0,2024.0,2025.0,2025.0,2027.0,2027.0,2028.0,2028.0,2029.0,2034.0,2037.0,,,,,,,,,2142.0,2158.0,2166.0,2167.0,2169.0,2174.0,2177.0,2185.0,2197.0,2202.0,2208.0,2217.0,2223.0,2233.0,2235.0,2236.0,2242.0,2245.0,2261.0,2274.0,2282.0,2298.0,2303.0,2308.0,2316.0,2329.0,2336.0,2345.0,2354.0,2357.0,2361.0,2363.0,2406.0,2428.0,2445.0,2459.0,2471.0,2474.0,2484.0,2489.0,2491.0,2496.0,2500.0,2503.0,2509.0,2512.0,2532.0,2542.0,2552.0,2561.0,2574.0,2579.0,2584.0,2611.0,2635.0,2661.0,2670.0,2680.0,2685.0,2694.0,2721.0,2737.0,2750.0,2762.0,2776.0,2785.0,2789.0,2801.0,2810.0,2817.0,2823.0,2829
oRuys1veOaY,2537.0,2537.0,2539.0,2540.0,2540.0,2541.0,2545.0,2546.0,2550.0,2552.0,2555.0,2555.0,2555.0,2558.0,2559.0,2560.0,2564.0,2569.0,2573.0,2574.0,2575.0,2579.0,2581.0,2585.0,2587.0,2589.0,2591.0,2595.0,2598.0,2599.0,2603.0,2606.0,2609.0,2611.0,2614.0,2616.0,2618.0,2618.0,2621.0,2625.0,2627.0,2628.0,2631.0,2631.0,2633.0,2636.0,2636.0,2636.0,2637.0,2637.0,2639.0,2640.0,2640.0,2642.0,2644.0,2646.0,2647.0,2648.0,2649.0,2651.0,2652.0,2654.0,2657.0,2658.0,2659.0,2660.0,2660.0,2660.0,2661.0,2662.0,2663.0,2665.0,2666.0,2669.0,2670.0,2670.0,2672.0,2673.0,2673.0,2673.0,2673.0,2673.0,2674.0,2676.0,2676.0,2677.0,2678.0,2678.0,2678.0,2678.0,2678.0,2678.0,2679.0,2681.0,2683.0,2684.0,2684.0,2684.0,2685.0,2685.0,2686.0,2686.0,2688.0,2690.0,2691.0,2691.0,2691.0,2692.0,2692.0,2693.0,2693.0,2693.0,2695.0,2696.0,2696.0,2696.0,2698.0,2698.0,2700.0,2703.0,2703.0,2704.0,2706.0,2709.0,2710.0,2711.0,2712.0,2712.0,2712.0,2716.0,2717.0,2723.0,2723.0,2726.0,,,,,,,,,2815.0,2830.0,2840.0,2843.0,2845.0,2854.0,2862.0,2867.0,2870.0,2871.0,2880.0,2891.0,2897.0,2904.0,2918.0,2929.0,2935.0,2937.0,2950.0,2960.0,2970.0,2978.0,2983.0,2985.0,2991.0,2994.0,3001.0,3008.0,3011.0,3015.0,3018.0,3019.0,3031.0,3036.0,3044.0,3055.0,3061.0,3066.0,3066.0,3069.0,3076.0,3080.0,3083.0,3089.0,3092.0,3093.0,3107.0,3121.0,3125.0,3131.0,3131.0,3134.0,3136.0,3150.0,3158.0,3165.0,3171.0,3179.0,3185.0,3190.0,3215.0,3222.0,3229.0,3233.0,3238.0,3241.0,3246.0,3258.0,3268.0,3271.0,3274.0,3278
TZi7Focb6Po,98829.0,98831.0,98832.0,98832.0,98832.0,98834.0,98834.0,98835.0,98835.0,98835.0,98836.0,98836.0,98837.0,98838.0,98838.0,98838.0,98841.0,98841.0,98842.0,98849.0,98849.0,98850.0,98851.0,98853.0,98856.0,98857.0,98857.0,98857.0,98859.0,98859.0,98859.0,98860.0,98860.0,98861.0,98863.0,98863.0,98863.0,98866.0,98866.0,98867.0,98868.0,98868.0,98868.0,98868.0,98868.0,98868.0,98868.0,98868.0,98869.0,98869.0,98870.0,98870.0,98873.0,98874.0,98874.0,98874.0,98874.0,98875.0,98875.0,98875.0,98875.0,98875.0,98876.0,98876.0,98876.0,98876.0,98876.0,98877.0,98878.0,98878.0,98878.0,98878.0,98879.0,98880.0,98881.0,98881.0,98881.0,98883.0,98883.0,98883.0,98883.0,98883.0,98884.0,98886.0,98887.0,98888.0,98889.0,98889.0,98892.0,98892.0,98894.0,98895.0,98896.0,98897.0,98898.0,98898.0,98899.0,98901.0,98901.0,98904.0,98904.0,98906.0,98907.0,98907.0,98907.0,98908.0,98909.0,98909.0,98910.0,98910.0,98910.0,98911.0,98912.0,98912.0,98912.0,98912.0,98912.0,98913.0,98915.0,98915.0,98916.0,98917.0,98917.0,98918.0,98918.0,98918.0,98918.0,98918.0,98919.0,98919.0,98920.0,98920.0,98920.0,98920.0,,,,,,,,,98926.0,98927.0,98929.0,98933.0,98934.0,98934.0,98934.0,98935.0,98935.0,98935.0,98935.0,98935.0,98935.0,98936.0,98936.0,98937.0,98937.0,98937.0,98937.0,98937.0,98937.0,98937.0,98937.0,98938.0,98938.0,98939.0,98939.0,98939.0,98939.0,98939.0,98939.0,98939.0,98939.0,98940.0,98941.0,98943.0,98943.0,98943.0,98944.0,98944.0,98944.0,98944.0,98945.0,98945.0,98945.0,98945.0,98945.0,98945.0,98945.0,98945.0,98945.0,98945.0,98946.0,98948.0,98951.0,98952.0,98952.0,98952.0,98952.0,98952.0,98952.0,98952.0,98952.0,98952.0,98952.0,98954.0,98954.0,98954.0,98954.0,98954.0,98955.0,98957
R5dSK2KICrY,27617.0,27617.0,27617.0,27617.0,27618.0,27618.0,27618.0,27618.0,27618.0,27618.0,27619.0,27619.0,27619.0,27619.0,27619.0,27619.0,27619.0,27619.0,27619.0,27620.0,27620.0,27621.0,27621.0,27621.0,27621.0,27621.0,27621.0,27621.0,27621.0,27621.0,27622.0,27622.0,27622.0,27623.0,27625.0,27625.0,27625.0,27625.0,27625.0,27625.0,27625.0,27626.0,27629.0,27631.0,27631.0,27631.0,27631.0,27631.0,27631.0,27633.0,27633.0,27633.0,27637.0,27638.0,27638.0,27638.0,27638.0,27639.0,27639.0,27639.0,27639.0,27639.0,27640.0,27640.0,27641.0,27641.0,27641.0,27641.0,27642.0,27642.0,27642.0,27642.0,27642.0,27642.0,27642.0,27642.0,27642.0,27642.0,27642.0,27642.0,27643.0,27643.0,27643.0,27643.0,27644.0,27644.0,27644.0,27644.0,27645.0,27645.0,27645.0,27645.0,27646.0,27646.0,27646.0,27646.0,27648.0,27648.0,27648.0,27648.0,27648.0,27648.0,27649.0,27649.0,27649.0,27649.0,27649.0,27649.0,27650.0,27650.0,27651.0,27652.0,27653.0,27653.0,27653.0,27654.0,27654.0,27654.0,27655.0,27656.0,27657.0,27657.0,27657.0,27657.0,27657.0,27657.0,27658.0,27658.0,27658.0,27658.0,27658.0,27659.0,27659.0,27659.0,,,,,,,,,27661.0,27661.0,27662.0,27663.0,27664.0,27664.0,27664.0,27665.0,27665.0,27665.0,27666.0,27667.0,27667.0,27667.0,27667.0,27667.0,27667.0,27667.0,27667.0,27667.0,27667.0,27667.0,27670.0,27670.0,27670.0,27670.0,27670.0,27670.0,27670.0,27670.0,27670.0,27670.0,27670.0,27671.0,27672.0,27672.0,27672.0,27672.0,27672.0,27672.0,27673.0,27673.0,27672.0,27673.0,27673.0,27674.0,27675.0,27675.0,27675.0,27675.0,27675.0,27675.0,27675.0,27675.0,27676.0,27676.0,27676.0,27677.0,27677.0,27678.0,27678.0,27679.0,27679.0,27680.0,27682.0,27684.0,27685.0,27685.0,27685.0,27685.0,27685.0,27685
w1Z5F3Etmqs,1839.0,1839.0,1839.0,1839.0,1839.0,1839.0,1839.0,1839.0,1839.0,1839.0,1841.0,1841.0,1841.0,1841.0,1842.0,1842.0,1842.0,1844.0,1844.0,1844.0,1844.0,1844.0,1844.0,1845.0,1845.0,1848.0,1849.0,1849.0,1849.0,1849.0,1849.0,1849.0,1849.0,1850.0,1850.0,1850.0,1850.0,1850.0,1850.0,1851.0,1851.0,1851.0,1851.0,1851.0,1851.0,1851.0,1851.0,1852.0,1852.0,1852.0,1852.0,1855.0,1854.0,1853.0,1853.0,1854.0,1854.0,1854.0,1855.0,1855.0,1855.0,1856.0,1858.0,1859.0,1860.0,1861.0,1861.0,1861.0,1863.0,1863.0,1863.0,1863.0,1863.0,1863.0,1863.0,1863.0,1863.0,1867.0,1867.0,1868.0,1868.0,1869.0,1870.0,1871.0,1871.0,1871.0,1874.0,1876.0,1877.0,1877.0,1877.0,1877.0,1877.0,1877.0,1877.0,1879.0,1880.0,1880.0,1881.0,1881.0,1881.0,1881.0,1881.0,1881.0,1881.0,1882.0,1882.0,1882.0,1883.0,1883.0,1883.0,1883.0,1884.0,1884.0,1884.0,1884.0,1885.0,1885.0,1885.0,1885.0,1885.0,1886.0,1886.0,1886.0,1886.0,1886.0,1886.0,1886.0,1887.0,1888.0,1888.0,1889.0,1889.0,1890.0,,,,,,,,,1899.0,1900.0,1900.0,1900.0,1900.0,1901.0,1901.0,1901.0,1901.0,1901.0,1901.0,1901.0,1901.0,1901.0,1901.0,1901.0,1903.0,1904.0,1904.0,1904.0,1904.0,1904.0,1905.0,1905.0,1906.0,1906.0,1906.0,1906.0,1906.0,1906.0,1906.0,1908.0,1912.0,1912.0,1912.0,1913.0,1913.0,1914.0,1914.0,1914.0,1914.0,1914.0,1915.0,1915.0,1915.0,1915.0,1915.0,1915.0,1915.0,1916.0,1916.0,1916.0,1918.0,1918.0,1918.0,1918.0,1918.0,1918.0,1919.0,1919.0,1920.0,1920.0,1920.0,1920.0,1920.0,1920.0,1920.0,1920.0,1920.0,1920.0,1920.0,1920
lEpMAE4atDY,1390.0,1390.0,1390.0,1390.0,1390.0,1390.0,1390.0,1390.0,1390.0,1390.0,1390.0,1390.0,1390.0,1390.0,1390.0,1390.0,1390.0,1390.0,1390.0,1390.0,1390.0,1390.0,1390.0,1390.0,1390.0,1390.0,1390.0,1390.0,1390.0,1390.0,1390.0,1390.0,1390.0,1390.0,1390.0,1390.0,1390.0,1390.0,1390.0,1390.0,1390.0,1390.0,1390.0,1390.0,1390.0,1390.0,1390.0,1390.0,1390.0,1390.0,1390.0,1390.0,1390.0,1390.0,1390.0,1390.0,1390.0,1390.0,1390.0,1390.0,1390.0,1390.0,1390.0,1390.0,1390.0,1390.0,1390.0,1390.0,1390.0,1390.0,1390.0,1390.0,1390.0,1390.0,1390.0,1390.0,1390.0,1390.0,1390.0,1390.0,1390.0,1390.0,1390.0,1390.0,1390.0,1390.0,1390.0,1390.0,1390.0,1390.0,1390.0,1390.0,1390.0,1390.0,1390.0,1390.0,1390.0,1390.0,1390.0,1390.0,1390.0,1390.0,1390.0,1390.0,1390.0,1390.0,1390.0,1390.0,1390.0,1390.0,1390.0,1390.0,1390.0,1390.0,1390.0,1390.0,1390.0,1390.0,1390.0,1390.0,1390.0,1390.0,1390.0,1390.0,1390.0,1390.0,1390.0,1390.0,1390.0,1390.0,1390.0,1390.0,1390.0,1390.0,,,,,,,,,1390.0,1390.0,1390.0,1390.0,1390.0,1390.0,1390.0,1390.0,1390.0,1390.0,1390.0,1390.0,1390.0,1390.0,1390.0,1390.0,1390.0,1390.0,1390.0,1390.0,1390.0,1390.0,1390.0,1390.0,1390.0,1390.0,1390.0,1390.0,1390.0,1390.0,1390.0,1390.0,1390.0,1390.0,1390.0,1390.0,1390.0,1390.0,1390.0,1390.0,1390.0,1390.0,1390.0,1390.0,1390.0,1390.0,1390.0,1390.0,1390.0,1390.0,1390.0,1390.0,1390.0,1390.0,1390.0,1390.0,1390.0,1390.0,1390.0,1390.0,1390.0,1390.0,1390.0,1390.0,1390.0,1390.0,1390.0,1390.0,1390.0,1390.0,1390.0,1390
70voTvYYGVQ,204315.0,204324.0,204335.0,204342.0,204348.0,204357.0,204384.0,204399.0,204422.0,204436.0,204445.0,204451.0,204467.0,204475.0,204483.0,204500.0,204510.0,204529.0,204544.0,204555.0,204566.0,204582.0,204596.0,204605.0,204619.0,204643.0,204651.0,204663.0,204669.0,204673.0,204680.0,204689.0,204694.0,204702.0,204709.0,204714.0,204721.0,204734.0,204744.0,204754.0,204761.0,204770.0,204775.0,204793.0,204810.0,204823.0,204837.0,204845.0,204852.0,204861.0,204870.0,204888.0,204915.0,204922.0,204935.0,204954.0,204967.0,204981.0,204999.0,205009.0,205022.0,205038.0,205047.0,205054.0,205063.0,205078.0,205091.0,205100.0,205111.0,205126.0,205142.0,205148.0,205150.0,205163.0,205175.0,205186.0,205196.0,205207.0,205218.0,205222.0,205230.0,205238.0,205247.0,205250.0,205254.0,205262.0,205264.0,205269.0,205279.0,205283.0,205289.0,205293.0,205296.0,205302.0,205308.0,205319.0,205326.0,205333.0,205336.0,205340.0,205348.0,205358.0,205369.0,205371.0,205377.0,205387.0,205394.0,205396.0,205402.0,205407.0,205413.0,205419.0,205422.0,205428.0,205436.0,205444.0,205448.0,205453.0,205458.0,205462.0,205465.0,205473.0,205480.0,205484.0,205490.0,205498.0,205506.0,205516.0,205525.0,205528.0,205531.0,205535.0,205539.0,205545.0,,,,,,,,,205592.0,205596.0,205600.0,205603.0,205608.0,205617.0,205622.0,205628.0,205634.0,205644.0,205652.0,205655.0,205661.0,205669.0,205673.0,205681.0,205689.0,205692.0,205693.0,205700.0,205706.0,205709.0,205714.0,205719.0,205723.0,205725.0,205726.0,205731.0,205737.0,205738.0,205744.0,205746.0,205746.0,205750.0,205752.0,205757.0,205778.0,205793.0,205800.0,205811.0,205820.0,205829.0,205843.0,205851.0,205859.0,205863.0,205872.0,205881.0,205886.0,205895.0,205901.0,205913.0,205920.0,205929.0,205938.0,205939.0,205945.0,205950.0,205961.0,205972.0,205978.0,205991.0,206000.0,206010.0,206014.0,206020.0,206030.0,206038.0,206047.0,206055.0,206067.0,206074
ew4ExbyvsWs,3981.0,3983.0,3985.0,3985.0,3985.0,3986.0,3987.0,3988.0,3989.0,3989.0,3989.0,3989.0,3989.0,3989.0,3995.0,3997.0,3998.0,4002.0,4004.0,4004.0,4005.0,4005.0,4006.0,4007.0,4009.0,4011.0,4011.0,4011.0,4011.0,4011.0,4011.0,4013.0,4013.0,4014.0,4016.0,4017.0,4022.0,4023.0,4023.0,4023.0,4023.0,4023.0,4023.0,4023.0,4023.0,4026.0,4026.0,4027.0,4032.0,4033.0,4035.0,4035.0,4035.0,4036.0,4038.0,4039.0,4039.0,4039.0,4041.0,4041.0,4042.0,4044.0,4047.0,4047.0,4048.0,4050.0,4051.0,4054.0,4055.0,4058.0,4059.0,4061.0,4061.0,4063.0,4063.0,4063.0,4065.0,4067.0,4068.0,4069.0,4070.0,4071.0,4075.0,4076.0,4077.0,4077.0,4079.0,4080.0,4083.0,4085.0,4086.0,4086.0,4086.0,4087.0,4087.0,4087.0,4087.0,4088.0,4090.0,4090.0,4090.0,4095.0,4096.0,4097.0,4099.0,4099.0,4103.0,4110.0,4110.0,4115.0,4115.0,4116.0,4117.0,4119.0,4120.0,4121.0,4125.0,4127.0,4127.0,4131.0,4132.0,4135.0,4140.0,4141.0,4143.0,4144.0,4145.0,4145.0,4145.0,4146.0,4147.0,4147.0,4148.0,4148.0,,,,,,,,,4159.0,4159.0,4159.0,4159.0,4161.0,4162.0,4162.0,4163.0,4167.0,4168.0,4169.0,4171.0,4171.0,4172.0,4174.0,4176.0,4177.0,4178.0,4178.0,4178.0,4178.0,4181.0,4184.0,4184.0,4184.0,4185.0,4187.0,4190.0,4192.0,4194.0,4196.0,4196.0,4198.0,4199.0,4202.0,4204.0,4204.0,4205.0,4207.0,4207.0,4210.0,4210.0,4210.0,4210.0,4210.0,4212.0,4213.0,4216.0,4216.0,4216.0,4217.0,4220.0,4220.0,4220.0,4220.0,4223.0,4223.0,4224.0,4224.0,4224.0,4227.0,4228.0,4231.0,4234.0,4234.0,4237.0,4238.0,4241.0,4242.0,4242.0,4243.0,4244
XprYghl01js,16963879.0,16964121.0,16964378.0,16964687.0,16964982.0,16965270.0,16965458.0,16965721.0,16965964.0,16966227.0,16966479.0,16966683.0,16966841.0,16967020.0,16967274.0,16967487.0,16967732.0,16967935.0,16968138.0,16968331.0,16968513.0,16968675.0,16968853.0,16969043.0,16969200.0,16969334.0,16969552.0,16969704.0,16969844.0,16969983.0,16970122.0,16970298.0,16970431.0,16970577.0,16970764.0,16970962.0,16971174.0,16971350.0,16971494.0,16971640.0,16971809.0,16971944.0,16972095.0,16972214.0,16972365.0,16972489.0,16972621.0,16972788.0,16972953.0,16973083.0,16973245.0,16973418.0,16973549.0,16973695.0,16973847.0,16974029.0,16974216.0,16974394.0,16974540.0,16974665.0,16974839.0,16974991.0,16975162.0,16975321.0,16975459.0,16975589.0,16975697.0,16975836.0,16975965.0,16976137.0,16976340.0,16976550.0,16976732.0,16976873.0,16977057.0,16977227.0,16977419.0,16977640.0,16977816.0,16978002.0,16978191.0,16978411.0,16978607.0,16978781.0,16978958.0,16979142.0,16979307.0,16979471.0,16979606.0,16979742.0,16979892.0,16980022.0,16980191.0,16980349.0,16980483.0,16980617.0,16980730.0,16980860.0,16980970.0,16981116.0,16981251.0,16981406.0,16981525.0,16981668.0,16981789.0,16981899.0,16982022.0,16982124.0,16982240.0,16982375.0,16982521.0,16982689.0,16982812.0,16983006.0,16983144.0,16983295.0,16983459.0,16983605.0,16983763.0,16983947.0,16984074.0,16984213.0,16984367.0,16984474.0,16984584.0,16984696.0,16984819.0,16984951.0,16985130.0,16985291.0,16985448.0,16985563.0,16985699.0,16985826.0,,,,,,,,,16986853.0,16986962.0,16987071.0,16987208.0,16987332.0,16987453.0,16987575.0,16987703.0,16987823.0,16987957.0,16988074.0,16988179.0,16988295.0,16988406.0,16988528.0,16988668.0,16988773.0,16988858.0,16988998.0,16989134.0,16989243.0,16989396.0,16989533.0,16989632.0,16989735.0,16989893.0,16990025.0,16990172.0,16990308.0,16990449.0,16990592.0,16990759.0,16990881.0,16991015.0,16991123.0,16991249.0,16991350.0,16991470.0,16991568.0,16991680.0,16991779.0,16991865.0,16991970.0,16992074.0,16992175.0,16992310.0,16992432.0,16992541.0,16992650.0,16992780.0,16992868.0,16992979.0,16993077.0,16993180.0,16993304.0,16993434.0,16993515.0,16993619.0,16993727.0,16993839.0,16993954.0,16994023.0,16994152.0,16994247.0,16994336.0,16994454.0,16994564.0,16994670.0,16994774.0,16994904.0,16995036.0,16995108
lV5Hj05xyXE,59.0,59.0,59.0,59.0,59.0,59.0,59.0,59.0,59.0,59.0,59.0,59.0,59.0,59.0,59.0,59.0,59.0,59.0,59.0,59.0,59.0,59.0,59.0,59.0,59.0,59.0,59.0,59.0,59.0,59.0,59.0,59.0,59.0,59.0,61.0,61.0,61.0,61.0,61.0,61.0,61.0,61.0,61.0,61.0,61.0,61.0,61.0,61.0,61.0,61.0,61.0,61.0,61.0,61.0,61.0,61.0,61.0,61.0,61.0,61.0,61.0,61.0,61.0,61.0,61.0,61.0,61.0,61.0,61.0,62.0,62.0,62.0,62.0,62.0,62.0,62.0,62.0,62.0,62.0,62.0,62.0,62.0,62.0,62.0,62.0,62.0,62.0,62.0,62.0,62.0,62.0,62.0,62.0,62.0,62.0,62.0,62.0,62.0,62.0,62.0,62.0,62.0,62.0,62.0,62.0,62.0,62.0,62.0,62.0,62.0,62.0,62.0,62.0,62.0,62.0,62.0,62.0,62.0,62.0,62.0,62.0,62.0,62.0,62.0,62.0,62.0,62.0,63.0,63.0,63.0,63.0,63.0,63.0,63.0,,,,,,,,,64.0,64.0,64.0,64.0,64.0,64.0,64.0,64.0,64.0,64.0,64.0,64.0,64.0,64.0,64.0,64.0,64.0,64.0,64.0,64.0,64.0,64.0,64.0,64.0,64.0,64.0,64.0,64.0,64.0,65.0,65.0,65.0,65.0,65.0,65.0,65.0,65.0,65.0,65.0,65.0,65.0,65.0,65.0,65.0,65.0,65.0,65.0,65.0,65.0,65.0,65.0,65.0,65.0,65.0,67.0,67.0,67.0,67.0,67.0,67.0,67.0,67.0,67.0,67.0,67.0,67.0,67.0,67.0,67.0,67.0,67.0,67
KJgX8NvURy8,129833.0,129843.0,129850.0,129864.0,129869.0,129875.0,129882.0,129890.0,129902.0,129910.0,129922.0,129934.0,129939.0,129944.0,129950.0,129959.0,129968.0,129973.0,129979.0,129993.0,130001.0,130007.0,130011.0,130014.0,130017.0,130019.0,130034.0,130041.0,130043.0,130054.0,130058.0,130063.0,130074.0,130079.0,130086.0,130094.0,130097.0,130098.0,130105.0,130113.0,130118.0,130122.0,130137.0,130154.0,130160.0,130168.0,130175.0,130188.0,130199.0,130211.0,130218.0,130227.0,130234.0,130235.0,130238.0,130248.0,130256.0,130262.0,130269.0,130276.0,130287.0,130295.0,130305.0,130308.0,130319.0,130327.0,130334.0,130339.0,130342.0,130349.0,130359.0,130367.0,130372.0,130383.0,130393.0,130396.0,130410.0,130419.0,130426.0,130431.0,130435.0,130437.0,130446.0,130450.0,130458.0,130466.0,130471.0,130478.0,130491.0,130497.0,130501.0,130512.0,130528.0,130534.0,130546.0,130552.0,130553.0,130554.0,130560.0,130565.0,130573.0,130581.0,130586.0,130588.0,130595.0,130598.0,130610.0,130618.0,130630.0,130640.0,130643.0,130655.0,130657.0,130662.0,130668.0,130673.0,130680.0,130686.0,130691.0,130693.0,130707.0,130713.0,130729.0,130734.0,130743.0,130747.0,130754.0,130769.0,130782.0,130787.0,130797.0,130804.0,130817.0,130825.0,,,,,,,,,130930.0,130939.0,130954.0,130964.0,130973.0,130975.0,130982.0,130988.0,130998.0,131015.0,131018.0,131021.0,131033.0,131039.0,131048.0,131056.0,131063.0,131072.0,131079.0,131082.0,131093.0,131095.0,131102.0,131106.0,131114.0,131123.0,131129.0,131138.0,131142.0,131149.0,131156.0,131165.0,131171.0,131175.0,131182.0,131188.0,131196.0,131200.0,131206.0,131212.0,131222.0,131229.0,131232.0,131236.0,131242.0,131250.0,131260.0,131265.0,131273.0,131281.0,131286.0,131290.0,131297.0,131301.0,131304.0,131310.0,131318.0,131326.0,131336.0,131345.0,131355.0,131359.0,131369.0,131378.0,131379.0,131382.0,131385.0,131390.0,131396.0,131402.0,131407.0,131412
Lzjoar9SQPw,197372.0,197573.0,197734.0,197960.0,198124.0,198268.0,198421.0,198584.0,198715.0,198843.0,198941.0,199090.0,199234.0,199378.0,199536.0,199677.0,199828.0,199935.0,200048.0,200171.0,200320.0,200505.0,200741.0,200895.0,201022.0,201199.0,201333.0,201480.0,201596.0,201745.0,201884.0,201989.0,202097.0,202235.0,202352.0,202499.0,202637.0,202754.0,202874.0,203013.0,203153.0,203318.0,203437.0,203599.0,203750.0,203848.0,203976.0,204089.0,204220.0,204328.0,204482.0,204616.0,204750.0,204887.0,205041.0,205204.0,205359.0,205539.0,205644.0,205758.0,205870.0,205990.0,206146.0,206266.0,206404.0,206513.0,206649.0,206790.0,206918.0,207059.0,207226.0,207398.0,207557.0,207693.0,207807.0,207956.0,208127.0,208265.0,208441.0,208591.0,208730.0,208898.0,209083.0,209241.0,209404.0,209564.0,209695.0,209821.0,209933.0,210034.0,210168.0,210330.0,210473.0,210626.0,210763.0,210885.0,211007.0,211163.0,211397.0,211542.0,211661.0,211791.0,211992.0,212125.0,212275.0,212399.0,212565.0,212771.0,212970.0,213200.0,213441.0,213657.0,213849.0,214075.0,214260.0,214417.0,214566.0,214742.0,214949.0,215132.0,215305.0,215536.0,215702.0,215837.0,216012.0,216203.0,216347.0,216501.0,216610.0,216751.0,216868.0,217014.0,217161.0,217318.0,,,,,,,,,218749.0,218874.0,219043.0,219187.0,219320.0,219483.0,219619.0,219781.0,219949.0,220134.0,220323.0,220500.0,220707.0,220882.0,221055.0,221201.0,221358.0,221492.0,221637.0,221750.0,221866.0,221986.0,222114.0,222226.0,222348.0,222515.0,222648.0,222779.0,222912.0,223022.0,223138.0,223272.0,223393.0,223561.0,223699.0,223841.0,223945.0,224069.0,224189.0,224293.0,224410.0,224532.0,224648.0,224716.0,224838.0,224973.0,225060.0,225176.0,225326.0,225446.0,225548.0,225640.0,225746.0,225874.0,225976.0,226102.0,226228.0,226345.0,226444.0,226583.0,226682.0,226797.0,226904.0,227017.0,227118.0,227218.0,227325.0,227432.0,227549.0,227648.0,227754.0,227830
IxySH-FOSq4,6691658.0,6695292.0,6698654.0,6701957.0,6705399.0,6709142.0,6712709.0,6716239.0,6720191.0,6723614.0,6726840.0,6730170.0,6733832.0,6737548.0,6741518.0,6745421.0,6748818.0,6751639.0,6755582.0,6759529.0,6763096.0,6766459.0,6769709.0,6772764.0,6775561.0,6778623.0,6782102.0,6785459.0,6788818.0,6791864.0,6795291.0,6798070.0,6801030.0,6804723.0,6808632.0,6812193.0,6815968.0,6819189.0,6822138.0,6825288.0,6828561.0,6831596.0,6834570.0,6837844.0,6840360.0,6843014.0,6846196.0,6849371.0,6852417.0,6855607.0,6858824.0,6861464.0,6864012.0,6867111.0,6870230.0,6873060.0,6876055.0,6879309.0,6882146.0,6884510.0,6887542.0,6890505.0,6893650.0,6896635.0,6899514.0,6902014.0,6904300.0,6906886.0,6908980.0,6912179.0,6914850.0,6917353.0,6919712.0,6921782.0,6924417.0,6927043.0,6929982.0,6932911.0,6935623.0,6938078.0,6940154.0,6942737.0,6945300.0,6947946.0,6950626.0,6953396.0,6955846.0,6957973.0,6960403.0,6963181.0,6965813.0,6968644.0,6971712.0,6974270.0,6976389.0,6979209.0,6981871.0,6984429.0,6987325.0,6990232.0,6992683.0,6994821.0,6997260.0,6999828.0,7002345.0,7005029.0,7007915.0,7010511.0,7012762.0,7015331.0,7018072.0,7020828.0,7023739.0,7026878.0,7029894.0,7032376.0,7035482.0,7038485.0,7041804.0,7045010.0,7047706.0,7050293.0,7052461.0,7055503.0,7058610.0,7062144.0,7065354.0,7068353.0,7070914.0,7072997.0,7075373.0,7077900.0,7080552.0,7082997.0,,,,,,,,,7106948.0,7109302.0,7111867.0,7114364.0,7117402.0,7120382.0,7122998.0,7125286.0,7128246.0,7131403.0,7134431.0,7137838.0,7141259.0,7144571.0,7147708.0,7150391.0,7153439.0,7156346.0,7159167.0,7161988.0,7164660.0,7167261.0,7169754.0,7172230.0,7175269.0,7177940.0,7180752.0,7183691.0,7186246.0,7188098.0,7190838.0,7193404.0,7195937.0,7198319.0,7200718.0,7202869.0,7204772.0,7206850.0,7209277.0,7211600.0,7213974.0,7216312.0,7218464.0,7220244.0,7222564.0,7225022.0,7227418.0,7230280.0,7232929.0,7235093.0,7237039.0,7239257.0,7241563.0,7243936.0,7246276.0,7248938.0,7251029.0,7252807.0,7254899.0,7257191.0,7259493.0,7261386.0,7263467.0,7265221.0,7267182.0,7269446.0,7271646.0,7273986.0,7275608.0,7277920.0,7279946.0,7281813
uq-oOVYzbj0,863250.0,863325.0,863452.0,863550.0,863621.0,863739.0,863831.0,863939.0,864079.0,864162.0,864265.0,864354.0,864454.0,864589.0,864702.0,864790.0,864885.0,864974.0,865069.0,865196.0,865356.0,865480.0,865630.0,865744.0,865861.0,865976.0,866143.0,866294.0,866426.0,866569.0,866720.0,866803.0,866940.0,867073.0,867200.0,867312.0,867426.0,867559.0,867702.0,867827.0,867959.0,868086.0,868209.0,868336.0,868510.0,868629.0,868778.0,868911.0,869045.0,869201.0,869316.0,869421.0,869548.0,869685.0,869785.0,869920.0,870033.0,870134.0,870262.0,870409.0,870513.0,870627.0,870773.0,870916.0,871042.0,871166.0,871308.0,871425.0,871524.0,871659.0,871783.0,871908.0,871997.0,872126.0,872213.0,872328.0,872436.0,872592.0,872731.0,872829.0,872969.0,873077.0,873213.0,873345.0,873504.0,873663.0,873813.0,873992.0,874127.0,874282.0,874437.0,874568.0,874691.0,874827.0,875005.0,875121.0,875273.0,875400.0,875541.0,875691.0,875813.0,875936.0,876062.0,876190.0,876343.0,876485.0,876615.0,876744.0,876896.0,877007.0,877076.0,877202.0,877302.0,877399.0,877531.0,877639.0,877749.0,877858.0,877997.0,878161.0,878310.0,878421.0,878526.0,878652.0,878783.0,878880.0,879001.0,879107.0,879193.0,879325.0,879426.0,879509.0,879615.0,879689.0,,,,,,,,,880512.0,880579.0,880673.0,880764.0,880851.0,880935.0,881012.0,881088.0,881157.0,881236.0,881314.0,881395.0,881491.0,881579.0,881646.0,881731.0,881810.0,881882.0,881989.0,882081.0,882172.0,882259.0,882354.0,882429.0,882535.0,882633.0,882741.0,882845.0,882924.0,883001.0,883101.0,883202.0,883279.0,883372.0,883475.0,883551.0,883645.0,883706.0,883768.0,883846.0,883918.0,884000.0,884060.0,884126.0,884215.0,884320.0,884388.0,884489.0,884569.0,884677.0,884755.0,884844.0,884942.0,885023.0,885095.0,885172.0,885260.0,885360.0,885428.0,885504.0,885583.0,885660.0,885732.0,885808.0,885906.0,885978.0,886081.0,886164.0,886225.0,886286.0,886380.0,886429
Bp6aWqK2dvM,97008.0,97019.0,97034.0,97051.0,97058.0,97073.0,97096.0,97119.0,97127.0,97139.0,97158.0,97181.0,97195.0,97223.0,97239.0,97251.0,97264.0,97276.0,97283.0,97297.0,97319.0,97333.0,97354.0,97364.0,97373.0,97387.0,97403.0,97412.0,97433.0,97467.0,97471.0,97480.0,97493.0,97511.0,97539.0,97562.0,97576.0,97595.0,97614.0,97630.0,97658.0,97670.0,97692.0,97713.0,97732.0,97736.0,97755.0,97766.0,97782.0,97798.0,97809.0,97819.0,97826.0,97841.0,97861.0,97870.0,97887.0,97904.0,97910.0,97917.0,97932.0,97942.0,97966.0,97972.0,97982.0,97994.0,98007.0,98032.0,98044.0,98063.0,98077.0,98084.0,98094.0,98109.0,98123.0,98138.0,98146.0,98156.0,98170.0,98176.0,98194.0,98204.0,98214.0,98227.0,98238.0,98245.0,98253.0,98260.0,98274.0,98293.0,98308.0,98310.0,98322.0,98328.0,98342.0,98352.0,98363.0,98370.0,98380.0,98389.0,98398.0,98408.0,98418.0,98436.0,98446.0,98462.0,98475.0,98483.0,98495.0,98504.0,98520.0,98542.0,98558.0,98575.0,98586.0,98599.0,98613.0,98624.0,98640.0,98652.0,98658.0,98669.0,98675.0,98682.0,98693.0,98699.0,98711.0,98724.0,98730.0,98739.0,98750.0,98760.0,98780.0,98789.0,,,,,,,,,98908.0,98921.0,98931.0,98939.0,98952.0,98964.0,98971.0,98982.0,98989.0,98998.0,99010.0,99022.0,99033.0,99052.0,99065.0,99081.0,99093.0,99119.0,99133.0,99144.0,99159.0,99170.0,99174.0,99185.0,99194.0,99208.0,99219.0,99224.0,99227.0,99234.0,99244.0,99257.0,99270.0,99286.0,99305.0,99313.0,99324.0,99338.0,99357.0,99370.0,99379.0,99392.0,99399.0,99411.0,99421.0,99423.0,99430.0,99440.0,99450.0,99469.0,99478.0,99492.0,99511.0,99528.0,99540.0,99559.0,99567.0,99579.0,99590.0,99603.0,99615.0,99625.0,99635.0,99648.0,99662.0,99676.0,99690.0,99704.0,99716.0,99729.0,99739.0,99746
tMOqydWhIz8,1006.0,1006.0,1006.0,1006.0,1006.0,1006.0,1006.0,1006.0,1006.0,1006.0,1006.0,1006.0,1006.0,1006.0,1006.0,1006.0,1006.0,1006.0,1006.0,1006.0,1006.0,1006.0,1006.0,1006.0,1006.0,1006.0,1006.0,1006.0,1006.0,1006.0,1006.0,1006.0,1006.0,1006.0,1006.0,1006.0,1006.0,1006.0,1006.0,1006.0,1006.0,1006.0,1006.0,1006.0,1006.0,1006.0,1006.0,1006.0,1006.0,1006.0,1006.0,1006.0,1006.0,1006.0,1007.0,1007.0,1007.0,1006.0,1006.0,1006.0,1006.0,1006.0,1006.0,1006.0,1006.0,1006.0,1006.0,1006.0,1006.0,1006.0,1006.0,1006.0,1006.0,1006.0,1006.0,1006.0,1006.0,1006.0,1006.0,1006.0,1006.0,1006.0,1006.0,1006.0,1006.0,1006.0,1006.0,1006.0,1006.0,1006.0,1006.0,1006.0,1006.0,1006.0,1006.0,1006.0,1006.0,1006.0,1006.0,1006.0,1006.0,1006.0,1006.0,1006.0,1006.0,1006.0,1007.0,1007.0,1007.0,1007.0,1007.0,1007.0,1007.0,1007.0,1007.0,1007.0,1007.0,1007.0,1007.0,1007.0,1007.0,1007.0,1007.0,1007.0,1007.0,1007.0,1007.0,1008.0,1008.0,1008.0,1008.0,1008.0,1008.0,1008.0,,,,,,,,,1008.0,1008.0,1008.0,1008.0,1008.0,1008.0,1008.0,1008.0,1008.0,1008.0,1008.0,1008.0,1008.0,1009.0,1009.0,1009.0,1009.0,1009.0,1009.0,1009.0,1009.0,1009.0,1009.0,1009.0,1009.0,1009.0,1009.0,1009.0,1009.0,1009.0,1009.0,1009.0,1009.0,1009.0,1009.0,1009.0,1009.0,1009.0,1009.0,1009.0,1009.0,1009.0,1009.0,1009.0,1009.0,1009.0,1009.0,1009.0,1009.0,1009.0,1009.0,1009.0,1009.0,1009.0,1009.0,1009.0,1009.0,1009.0,1009.0,1009.0,1009.0,1009.0,1009.0,1009.0,1009.0,1009.0,1009.0,1009.0,1009.0,1009.0,1009.0,1009
MrRCB-Y24x8,9046.0,9048.0,9049.0,9050.0,9051.0,9051.0,9053.0,9058.0,9061.0,9063.0,9064.0,9067.0,9068.0,9071.0,9071.0,9073.0,9075.0,9079.0,9085.0,9086.0,9092.0,9092.0,9093.0,9094.0,9095.0,9095.0,9097.0,9099.0,9099.0,9102.0,9107.0,9109.0,9112.0,9114.0,9116.0,9117.0,9117.0,9119.0,9123.0,9123.0,9124.0,9124.0,9127.0,9129.0,9129.0,9129.0,9129.0,9129.0,9134.0,9138.0,9139.0,9139.0,9139.0,9139.0,9141.0,9143.0,9148.0,9148.0,9148.0,9148.0,9148.0,9148.0,9148.0,9148.0,9150.0,9154.0,9157.0,9159.0,9159.0,9160.0,9161.0,9162.0,9162.0,9162.0,9163.0,9164.0,9164.0,9165.0,9166.0,9166.0,9167.0,9167.0,9170.0,9172.0,9173.0,9174.0,9178.0,9179.0,9180.0,9180.0,9180.0,9181.0,9182.0,9189.0,9189.0,9189.0,9192.0,9192.0,9194.0,9195.0,9196.0,9196.0,9198.0,9198.0,9198.0,9200.0,9201.0,9202.0,9204.0,9206.0,9208.0,9210.0,9211.0,9211.0,9213.0,9214.0,9215.0,9215.0,9217.0,9218.0,9219.0,9220.0,9224.0,9224.0,9226.0,9227.0,9228.0,9229.0,9230.0,9231.0,9233.0,9234.0,9234.0,9234.0,,,,,,,,,9242.0,9244.0,9244.0,9245.0,9248.0,9248.0,9248.0,9249.0,9251.0,9251.0,9254.0,9254.0,9255.0,9257.0,9258.0,9260.0,9261.0,9262.0,9262.0,9262.0,9263.0,9264.0,9264.0,9265.0,9265.0,9265.0,9265.0,9265.0,9265.0,9267.0,9267.0,9267.0,9269.0,9269.0,9269.0,9270.0,9272.0,9274.0,9275.0,9277.0,9279.0,9281.0,9284.0,9285.0,9286.0,9289.0,9292.0,9293.0,9298.0,9301.0,9301.0,9301.0,9304.0,9307.0,9309.0,9310.0,9312.0,9312.0,9313.0,9314.0,9315.0,9330.0,9342.0,9344.0,9348.0,9350.0,9353.0,9353.0,9354.0,9356.0,9357.0,9360
5lPDy55v6xI,26579.0,26581.0,26580.0,26581.0,26581.0,26581.0,26583.0,26584.0,26585.0,26585.0,26585.0,26585.0,26588.0,26588.0,26588.0,26591.0,26594.0,26596.0,26596.0,26596.0,26597.0,26600.0,26601.0,26603.0,26604.0,26607.0,26608.0,26608.0,26608.0,26609.0,26608.0,26609.0,26608.0,26608.0,26610.0,26610.0,26611.0,26613.0,26613.0,26615.0,26616.0,26617.0,26618.0,26620.0,26626.0,26628.0,26633.0,26634.0,26634.0,26634.0,26639.0,26639.0,26642.0,26642.0,26643.0,26643.0,26643.0,26644.0,26645.0,26645.0,26647.0,26648.0,26649.0,26650.0,26652.0,26652.0,26653.0,26653.0,26655.0,26655.0,26656.0,26657.0,26659.0,26659.0,26659.0,26661.0,26661.0,26662.0,26663.0,26664.0,26665.0,26666.0,26671.0,26672.0,26673.0,26673.0,26675.0,26677.0,26676.0,26678.0,26681.0,26680.0,26681.0,26682.0,26686.0,26687.0,26689.0,26690.0,26690.0,26691.0,26695.0,26696.0,26698.0,26698.0,26698.0,26699.0,26701.0,26704.0,26706.0,26706.0,26706.0,26706.0,26707.0,26710.0,26710.0,26713.0,26716.0,26717.0,26717.0,26723.0,26728.0,26731.0,26735.0,26739.0,26740.0,26743.0,26747.0,26750.0,26757.0,26762.0,26763.0,26764.0,26765.0,26768.0,,,,,,,,,26801.0,26804.0,26811.0,26818.0,26822.0,26821.0,26826.0,26832.0,26839.0,26841.0,26843.0,26846.0,26851.0,26855.0,26866.0,26868.0,26872.0,26878.0,26881.0,26883.0,26890.0,26897.0,26901.0,26904.0,26907.0,26921.0,26931.0,26944.0,26960.0,26969.0,26980.0,26988.0,26998.0,27011.0,27018.0,27042.0,27051.0,27073.0,27087.0,27113.0,27131.0,27147.0,27156.0,27167.0,27174.0,27180.0,27190.0,27202.0,27208.0,27221.0,27236.0,27243.0,27252.0,27264.0,27283.0,27295.0,27309.0,27325.0,27333.0,27347.0,27361.0,27382.0,27387.0,27388.0,27393.0,27397.0,27399.0,27404.0,27402.0,27402.0,27404.0,27406
OEVrRMKEfxo,1333166.0,1333171.0,1333179.0,1333188.0,1333193.0,1333206.0,1333215.0,1333227.0,1333239.0,1333250.0,1333257.0,1333266.0,1333275.0,1333286.0,1333308.0,1333321.0,1333343.0,1333355.0,1333364.0,1333373.0,1333385.0,1333393.0,1333409.0,1333418.0,1333429.0,1333443.0,1333462.0,1333478.0,1333491.0,1333501.0,1333517.0,1333527.0,1333534.0,1333551.0,1333558.0,1333569.0,1333579.0,1333586.0,1333597.0,1333606.0,1333615.0,1333624.0,1333631.0,1333640.0,1333651.0,1333659.0,1333670.0,1333675.0,1333682.0,1333690.0,1333700.0,1333706.0,1333715.0,1333721.0,1333727.0,1333736.0,1333746.0,1333755.0,1333762.0,1333770.0,1333778.0,1333784.0,1333790.0,1333796.0,1333800.0,1333812.0,1333816.0,1333818.0,1333825.0,1333851.0,1333876.0,1333888.0,1333897.0,1333909.0,1333920.0,1333931.0,1333936.0,1333941.0,1333946.0,1333951.0,1333956.0,1333962.0,1333975.0,1333980.0,1333996.0,1334005.0,1334014.0,1334025.0,1334036.0,1334042.0,1334059.0,1334068.0,1334075.0,1334089.0,1334098.0,1334109.0,1334118.0,1334125.0,1334138.0,1334143.0,1334150.0,1334153.0,1334158.0,1334167.0,1334176.0,1334185.0,1334216.0,1334238.0,1334259.0,1334278.0,1334292.0,1334307.0,1334321.0,1334329.0,1334336.0,1334344.0,1334361.0,1334373.0,1334386.0,1334395.0,1334398.0,1334408.0,1334418.0,1334433.0,1334438.0,1334452.0,1334457.0,1334467.0,1334482.0,1334485.0,1334497.0,1334502.0,1334512.0,1334519.0,,,,,,,,,1334610.0,1334625.0,1334635.0,1334647.0,1334664.0,1334676.0,1334682.0,1334691.0,1334704.0,1334712.0,1334727.0,1334740.0,1334760.0,1334778.0,1334791.0,1334793.0,1334812.0,1334828.0,1334837.0,1334849.0,1334855.0,1334861.0,1334870.0,1334880.0,1334890.0,1334900.0,1334913.0,1334925.0,1334943.0,1334951.0,1334964.0,1334977.0,1334986.0,1334998.0,1335008.0,1335016.0,1335029.0,1335042.0,1335055.0,1335064.0,1335079.0,1335089.0,1335103.0,1335112.0,1335125.0,1335138.0,1335149.0,1335153.0,1335160.0,1335172.0,1335182.0,1335187.0,1335192.0,1335197.0,1335206.0,1335219.0,1335231.0,1335245.0,1335249.0,1335259.0,1335271.0,1335284.0,1335288.0,1335294.0,1335301.0,1335311.0,1335324.0,1335330.0,1335342.0,1335348.0,1335361.0,1335374
ox7--5auMUc,4316.0,4316.0,4316.0,4316.0,4316.0,4317.0,4317.0,4317.0,4317.0,4317.0,4317.0,4317.0,4317.0,4317.0,4317.0,4317.0,4317.0,4317.0,4317.0,4317.0,4328.0,4328.0,4328.0,4328.0,4328.0,4328.0,4328.0,4328.0,4328.0,4328.0,4328.0,4328.0,4328.0,4328.0,4328.0,4328.0,4328.0,4328.0,4328.0,4328.0,4328.0,4328.0,4328.0,4329.0,4329.0,4329.0,4329.0,4329.0,4329.0,4329.0,4329.0,4329.0,4329.0,4329.0,4329.0,4329.0,4329.0,4329.0,4329.0,4329.0,4329.0,4329.0,4329.0,4329.0,4329.0,4329.0,4329.0,4329.0,4329.0,4329.0,4330.0,4329.0,4330.0,4329.0,4329.0,4330.0,4330.0,4330.0,4330.0,4331.0,4332.0,4332.0,4332.0,4332.0,4332.0,4333.0,4333.0,4333.0,4335.0,4335.0,4335.0,4335.0,4335.0,4335.0,4335.0,4335.0,4335.0,4336.0,4336.0,4336.0,4336.0,4336.0,4336.0,4336.0,4336.0,4336.0,4336.0,4336.0,4336.0,4336.0,4336.0,4336.0,4337.0,4338.0,4338.0,4338.0,4338.0,4338.0,4339.0,4340.0,4342.0,4342.0,4342.0,4342.0,4343.0,4343.0,4343.0,4343.0,4343.0,4344.0,4344.0,4345.0,4345.0,4346.0,,,,,,,,,4350.0,4349.0,4349.0,4349.0,4350.0,4350.0,4350.0,4350.0,4351.0,4352.0,4353.0,4353.0,4353.0,4353.0,4353.0,4353.0,4353.0,4354.0,4354.0,4354.0,4354.0,4354.0,4354.0,4354.0,4354.0,4355.0,4356.0,4356.0,4356.0,4356.0,4356.0,4356.0,4356.0,4356.0,4356.0,4356.0,4357.0,4357.0,4357.0,4357.0,4357.0,4357.0,4357.0,4357.0,4357.0,4357.0,4358.0,4359.0,4360.0,4360.0,4361.0,4361.0,4361.0,4361.0,4361.0,4361.0,4362.0,4362.0,4362.0,4362.0,4362.0,4363.0,4363.0,4364.0,4364.0,4365.0,4365.0,4365.0,4365.0,4365.0,4365.0,4365
wnUaIplKrkE,92180.0,92211.0,92236.0,92261.0,92283.0,92310.0,92350.0,92391.0,92435.0,92468.0,92493.0,92524.0,92570.0,92600.0,92652.0,92685.0,92716.0,92746.0,92775.0,92811.0,92847.0,92888.0,92933.0,92964.0,93003.0,93033.0,93055.0,93094.0,93134.0,93170.0,93199.0,93227.0,93274.0,93324.0,93351.0,93393.0,93428.0,93458.0,93484.0,93522.0,93559.0,93600.0,93636.0,93676.0,93705.0,93739.0,93781.0,93836.0,93887.0,93922.0,93958.0,93983.0,94010.0,94024.0,94050.0,94076.0,94098.0,94122.0,94146.0,94167.0,94200.0,94255.0,94281.0,94313.0,94340.0,94368.0,94405.0,94427.0,94465.0,94534.0,94588.0,94636.0,94697.0,94752.0,94798.0,94901.0,94960.0,95000.0,95054.0,95111.0,95135.0,95184.0,95230.0,95279.0,95320.0,95370.0,95411.0,95447.0,95492.0,95537.0,95582.0,95608.0,95630.0,95655.0,95695.0,95717.0,95750.0,95794.0,95819.0,95858.0,95892.0,95925.0,95964.0,95995.0,96038.0,96059.0,96086.0,96112.0,96141.0,96177.0,96204.0,96236.0,96267.0,96290.0,96321.0,96343.0,96373.0,96390.0,96415.0,96452.0,96503.0,96523.0,96540.0,96574.0,96611.0,96645.0,96676.0,96715.0,96736.0,96755.0,96790.0,96817.0,96845.0,96866.0,,,,,,,,,97128.0,97151.0,97177.0,97200.0,97224.0,97261.0,97286.0,97308.0,97338.0,97360.0,97378.0,97413.0,97449.0,97489.0,97523.0,97552.0,97586.0,97614.0,97646.0,97678.0,97699.0,97730.0,97749.0,97778.0,97812.0,97836.0,97873.0,97906.0,97933.0,97951.0,97972.0,98010.0,98047.0,98078.0,98115.0,98134.0,98157.0,98197.0,98227.0,98275.0,98302.0,98327.0,98353.0,98379.0,98397.0,98423.0,98456.0,98479.0,98503.0,98528.0,98551.0,98571.0,98592.0,98627.0,98645.0,98667.0,98691.0,98716.0,98741.0,98778.0,98815.0,98839.0,98866.0,98885.0,98905.0,98925.0,98961.0,98984.0,99008.0,99043.0,99068.0,99088
BY9sQr544mw,57242.0,57267.0,57285.0,57306.0,57332.0,57357.0,57373.0,57402.0,57442.0,57462.0,57483.0,57500.0,57518.0,57544.0,57567.0,57588.0,57609.0,57624.0,57658.0,57676.0,57705.0,57722.0,57750.0,57772.0,57788.0,57798.0,57824.0,57847.0,57869.0,57890.0,57926.0,57952.0,57976.0,58120.0,58138.0,58233.0,58324.0,58444.0,58465.0,58485.0,58521.0,58552.0,58579.0,58615.0,58643.0,58658.0,58689.0,58719.0,58743.0,58775.0,58797.0,58821.0,58849.0,58868.0,58917.0,58940.0,58955.0,58985.0,59005.0,59020.0,59040.0,59060.0,59076.0,59104.0,59135.0,59167.0,59194.0,59227.0,59259.0,59299.0,59324.0,59348.0,59370.0,59388.0,59415.0,59443.0,59481.0,59506.0,59550.0,59585.0,59612.0,59643.0,59667.0,59704.0,59731.0,59767.0,59795.0,59819.0,59846.0,59880.0,59907.0,59944.0,59969.0,59986.0,60001.0,60015.0,60038.0,60058.0,60084.0,60093.0,60115.0,60129.0,60155.0,60181.0,60212.0,60239.0,60259.0,60280.0,60294.0,60319.0,60335.0,60362.0,60388.0,60406.0,60418.0,60434.0,60446.0,60465.0,60501.0,60534.0,60565.0,60586.0,60599.0,60606.0,60628.0,60652.0,60673.0,60691.0,60712.0,60726.0,60741.0,60753.0,60773.0,60790.0,,,,,,,,,61018.0,61037.0,61061.0,61087.0,61107.0,61134.0,61160.0,61175.0,61197.0,61213.0,61239.0,61259.0,61274.0,61299.0,61322.0,61335.0,61354.0,61365.0,61378.0,61390.0,61395.0,61423.0,61429.0,61443.0,61462.0,61472.0,61495.0,61507.0,61527.0,61543.0,61557.0,61585.0,61607.0,61616.0,61636.0,61650.0,61672.0,61694.0,61712.0,61743.0,61777.0,61799.0,61812.0,61835.0,61856.0,61876.0,61895.0,61920.0,61945.0,61959.0,61972.0,61980.0,62007.0,62021.0,62034.0,62048.0,62061.0,62076.0,62084.0,62102.0,62115.0,62124.0,62136.0,62151.0,62162.0,62178.0,62194.0,62206.0,62215.0,62226.0,62238.0,62251
2VuO_ggBq6A,67125.0,67144.0,67182.0,67211.0,67237.0,67265.0,67284.0,67312.0,67333.0,67366.0,67390.0,67415.0,67433.0,67446.0,67472.0,67502.0,67535.0,67549.0,67574.0,67605.0,67634.0,67659.0,67690.0,67714.0,67734.0,67759.0,67777.0,67796.0,67816.0,67833.0,67849.0,67867.0,67888.0,67901.0,67929.0,67947.0,67963.0,67987.0,68011.0,68033.0,68061.0,68079.0,68103.0,68135.0,68160.0,68188.0,68210.0,68239.0,68265.0,68276.0,68308.0,68330.0,68346.0,68357.0,68368.0,68392.0,68407.0,68426.0,68436.0,68448.0,68468.0,68487.0,68500.0,68516.0,68527.0,68544.0,68568.0,68586.0,68604.0,68631.0,68648.0,68665.0,68683.0,68708.0,68727.0,68748.0,68764.0,68780.0,68797.0,68821.0,68844.0,68880.0,68908.0,68933.0,68968.0,68982.0,69006.0,69033.0,69049.0,69073.0,69096.0,69127.0,69144.0,69174.0,69192.0,69201.0,69218.0,69244.0,69265.0,69279.0,69304.0,69324.0,69351.0,69374.0,69400.0,69425.0,69451.0,69470.0,69490.0,69511.0,69529.0,69553.0,69589.0,69616.0,69637.0,69651.0,69660.0,69676.0,69695.0,69716.0,69744.0,69772.0,69795.0,69811.0,69826.0,69856.0,69878.0,69897.0,69916.0,69932.0,69948.0,69979.0,70007.0,70026.0,,,,,,,,,70265.0,70289.0,70307.0,70330.0,70355.0,70378.0,70400.0,70414.0,70431.0,70445.0,70461.0,70485.0,70505.0,70535.0,70557.0,70573.0,70589.0,70611.0,70626.0,70642.0,70657.0,70672.0,70683.0,70697.0,70716.0,70727.0,70744.0,70768.0,70786.0,70806.0,70822.0,70846.0,70873.0,70895.0,70914.0,70937.0,70959.0,70988.0,71015.0,71039.0,71059.0,71075.0,71099.0,71118.0,71129.0,71150.0,71168.0,71182.0,71196.0,71216.0,71230.0,71248.0,71265.0,71281.0,71300.0,71321.0,71331.0,71353.0,71364.0,71381.0,71401.0,71409.0,71430.0,71453.0,71476.0,71495.0,71515.0,71535.0,71551.0,71571.0,71591.0,71614
0_WkOUeBLTY,65780.0,65803.0,65830.0,65841.0,65858.0,65882.0,65901.0,65926.0,65951.0,65974.0,65987.0,66001.0,66033.0,66051.0,66071.0,66095.0,66117.0,66128.0,66144.0,66169.0,66189.0,66213.0,66254.0,66277.0,66281.0,66303.0,66334.0,66357.0,66374.0,66392.0,66405.0,66420.0,66435.0,66476.0,66504.0,66520.0,66548.0,66571.0,66583.0,66616.0,66646.0,66678.0,66693.0,66717.0,66747.0,66762.0,66776.0,66797.0,66820.0,66837.0,66853.0,66878.0,66895.0,66913.0,66930.0,66950.0,66972.0,66988.0,67010.0,67030.0,67048.0,67076.0,67101.0,67125.0,67153.0,67178.0,67198.0,67217.0,67242.0,67267.0,67297.0,67322.0,67337.0,67369.0,67393.0,67414.0,67442.0,67469.0,67498.0,67527.0,67556.0,67576.0,67596.0,67619.0,67647.0,67668.0,67687.0,67705.0,67720.0,67740.0,67763.0,67777.0,67797.0,67812.0,67832.0,67850.0,67874.0,67906.0,67919.0,67937.0,67957.0,67973.0,67997.0,68014.0,68036.0,68055.0,68074.0,68097.0,68123.0,68138.0,68160.0,68188.0,68201.0,68225.0,68247.0,68256.0,68278.0,68296.0,68320.0,68343.0,68364.0,68380.0,68396.0,68414.0,68427.0,68455.0,68474.0,68497.0,68511.0,68530.0,68550.0,68561.0,68588.0,68605.0,,,,,,,,,68811.0,68831.0,68848.0,68865.0,68892.0,68933.0,68960.0,69050.0,69120.0,69164.0,69207.0,69249.0,69277.0,69309.0,69342.0,69366.0,69402.0,69423.0,69452.0,69471.0,69489.0,69517.0,69532.0,69551.0,69571.0,69594.0,69620.0,69644.0,69667.0,69685.0,69709.0,69731.0,69759.0,69784.0,69807.0,69833.0,69858.0,69899.0,69917.0,69948.0,69983.0,70016.0,70037.0,70061.0,70106.0,70144.0,70175.0,70213.0,70256.0,70280.0,70307.0,70321.0,70344.0,70363.0,70383.0,70409.0,70441.0,70463.0,70496.0,70524.0,70563.0,70580.0,70604.0,70627.0,70650.0,70687.0,70718.0,70745.0,70757.0,70778.0,70805.0,70848
um8-0zDtdpQ,5127268.0,5127823.0,5128335.0,5128846.0,5129376.0,5129912.0,5130486.0,5131111.0,5131608.0,5132083.0,5132575.0,5133035.0,5133543.0,5134083.0,5134547.0,5135093.0,5135601.0,5136028.0,5136516.0,5136938.0,5137399.0,5137815.0,5138282.0,5138695.0,5139085.0,5139466.0,5139816.0,5140153.0,5140539.0,5140859.0,5141243.0,5141649.0,5142025.0,5142378.0,5142728.0,5143115.0,5143471.0,5143802.0,5144164.0,5144518.0,5144884.0,5145245.0,5145593.0,5145981.0,5146400.0,5146791.0,5147229.0,5147648.0,5148154.0,5148640.0,5149077.0,5149551.0,5150001.0,5150471.0,5150922.0,5151466.0,5151977.0,5152403.0,5152857.0,5153244.0,5153699.0,5154131.0,5154604.0,5154966.0,5155301.0,5155685.0,5156038.0,5156383.0,5156731.0,5157101.0,5157447.0,5157845.0,5158317.0,5158610.0,5158906.0,5159269.0,5159559.0,5159839.0,5160100.0,5160432.0,5160724.0,5161000.0,5161322.0,5161588.0,5161842.0,5162175.0,5162490.0,5162718.0,5163038.0,5163251.0,5163644.0,5163848.0,5164108.0,5164459.0,5164718.0,5164958.0,5165233.0,5165526.0,5165800.0,5166087.0,5166412.0,5166707.0,5166992.0,5167289.0,5167589.0,5167873.0,5168134.0,5168467.0,5168752.0,5169071.0,5169361.0,5169661.0,5169961.0,5170244.0,5170558.0,5170878.0,5171152.0,5171414.0,5171693.0,5171953.0,5172254.0,5172530.0,5172861.0,5173131.0,5173376.0,5173620.0,5173920.0,5174201.0,5174536.0,5174845.0,5175128.0,5175401.0,5175675.0,5175952.0,,,,,,,,,5179634.0,5180049.0,5180372.0,5180737.0,5181074.0,5181457.0,5181763.0,5182111.0,5182480.0,5182890.0,5183247.0,5183594.0,5183925.0,5184255.0,5184650.0,5185045.0,5185406.0,5185802.0,5186181.0,5186505.0,5186790.0,5187025.0,5187277.0,5187492.0,5187790.0,5188069.0,5188349.0,5188594.0,5188872.0,5189166.0,5189433.0,5189716.0,5189988.0,5190270.0,5190575.0,5190865.0,5191180.0,5191567.0,5191893.0,5192221.0,5192582.0,5192937.0,5193257.0,5193551.0,5193821.0,5194078.0,5194356.0,5194612.0,5194931.0,5195245.0,5195521.0,5195795.0,5196127.0,5196393.0,5196700.0,5197001.0,5197288.0,5197601.0,5197808.0,5198061.0,5198349.0,5198622.0,5198850.0,5199097.0,5199364.0,5199638.0,5199952.0,5200272.0,5200577.0,5200877.0,5201212.0,5201544
d_Bu_sWxQoI,4721060.0,4722279.0,4723516.0,4724756.0,4726098.0,4727350.0,4728643.0,4729947.0,4731231.0,4732509.0,4733797.0,4735104.0,4736374.0,4737647.0,4738852.0,4740026.0,4741234.0,4742390.0,4743508.0,4744733.0,4745883.0,4747160.0,4748466.0,4749616.0,4750828.0,4751965.0,4753158.0,4754270.0,4755467.0,4756587.0,4757670.0,4758788.0,4759766.0,4760954.0,4762169.0,4763281.0,4764382.0,4765515.0,4766625.0,4767683.0,4768849.0,4770035.0,4771167.0,4772331.0,4773493.0,4774706.0,4775857.0,4777011.0,4778403.0,4779678.0,4780821.0,4781973.0,4783050.0,4784164.0,4785327.0,4786394.0,4787421.0,4788392.0,4789356.0,4790249.0,4791143.0,4792136.0,4793126.0,4794097.0,4795100.0,4795972.0,4796770.0,4797710.0,4798615.0,4799694.0,4800529.0,4801588.0,4802502.0,4803179.0,4804017.0,4804824.0,4805562.0,4806356.0,4807119.0,4807879.0,4808673.0,4809500.0,4810184.0,4810952.0,4811644.0,4812514.0,4813251.0,4813845.0,4814529.0,4815187.0,4816107.0,4816724.0,4817449.0,4818088.0,4818946.0,4819610.0,4820361.0,4821239.0,4822012.0,4822829.0,4823666.0,4824485.0,4825316.0,4826065.0,4826927.0,4827746.0,4828619.0,4829487.0,4830313.0,4831061.0,4831903.0,4832763.0,4833563.0,4834404.0,4835177.0,4835930.0,4836678.0,4837551.0,4838300.0,4839048.0,4839790.0,4840571.0,4841390.0,4842163.0,4842826.0,4843648.0,4844507.0,4845420.0,4846219.0,4847028.0,4847837.0,4848674.0,4849415.0,4850119.0,,,,,,,,,4859308.0,4860545.0,4861645.0,4862678.0,4863992.0,4865295.0,4866486.0,4867679.0,4868944.0,4870044.0,4871131.0,4872272.0,4873448.0,4874733.0,4875921.0,4877021.0,4878003.0,4879106.0,4880221.0,4881188.0,4882108.0,4883025.0,4883938.0,4884854.0,4885824.0,4886741.0,4887731.0,4888604.0,4889497.0,4890386.0,4891160.0,4892066.0,4892876.0,4893731.0,4894493.0,4895295.0,4896042.0,4896847.0,4897634.0,4898420.0,4899325.0,4900207.0,4901034.0,4901808.0,4902615.0,4903427.0,4904165.0,4905044.0,4905732.0,4906562.0,4907362.0,4908112.0,4908943.0,4909691.0,4910537.0,4911392.0,4912132.0,4912864.0,4913544.0,4914333.0,4915042.0,4915799.0,4916467.0,4917112.0,4917792.0,4918448.0,4919214.0,4919897.0,4920691.0,4921370.0,4922155.0,4922877
um8-0zDtdpQ,5127268.0,5127823.0,5128335.0,5128846.0,5129376.0,5129909.0,5130486.0,5131111.0,5131608.0,5132083.0,5132575.0,5133035.0,5133543.0,5134083.0,5134547.0,5135093.0,5135601.0,5136028.0,5136516.0,5136938.0,5137399.0,5137815.0,5138282.0,5138695.0,5139085.0,5139466.0,5139816.0,5140153.0,5140539.0,5140859.0,5141243.0,5141649.0,5142025.0,5142378.0,5142728.0,5143115.0,5143471.0,5143802.0,5144164.0,5144518.0,5144883.0,5145245.0,5145593.0,5145981.0,5146400.0,5146799.0,5147229.0,5147648.0,5148154.0,5148640.0,5149077.0,5149551.0,5150001.0,5150471.0,5150922.0,5151466.0,5151977.0,5152403.0,5152857.0,5153244.0,5153699.0,5154131.0,5154604.0,5154966.0,5155301.0,5155685.0,5156037.0,5156377.0,5156731.0,5157101.0,5157454.0,5157865.0,5158317.0,5158610.0,5158906.0,5159269.0,5159559.0,5159839.0,5160100.0,5160432.0,5160710.0,5161000.0,5161322.0,5161590.0,5161842.0,5162175.0,5162490.0,5162718.0,5163038.0,5163251.0,5163644.0,5163848.0,5164108.0,5164459.0,5164718.0,5164958.0,5165233.0,5165526.0,5165800.0,5166087.0,5166412.0,5166707.0,5166992.0,5167289.0,5167589.0,5167873.0,5168134.0,5168467.0,5168752.0,5169071.0,5169361.0,5169661.0,5169961.0,5170259.0,5170558.0,5170878.0,5171152.0,5171414.0,5171693.0,5171966.0,5172254.0,5172530.0,5172861.0,5173131.0,5173376.0,5173620.0,5173920.0,5174201.0,5174536.0,5174845.0,5175128.0,5175401.0,5175675.0,5175952.0,,,,,,,,,5179634.0,5180049.0,5180372.0,5180737.0,5181074.0,5181457.0,5181763.0,5182111.0,5182488.0,5182890.0,5183247.0,5183594.0,5183925.0,5184255.0,5184660.0,5185045.0,5185406.0,5185802.0,5186181.0,5186505.0,5186790.0,5187025.0,5187277.0,5187492.0,5187790.0,5188069.0,5188349.0,5188594.0,5188872.0,5189166.0,5189433.0,5189716.0,5189981.0,5190270.0,5190575.0,5190865.0,5191180.0,5191567.0,5191893.0,5192221.0,5192582.0,5192937.0,5193257.0,5193551.0,5193821.0,5194078.0,5194356.0,5194612.0,5194931.0,5195245.0,5195521.0,5195795.0,5196127.0,5196393.0,5196700.0,5197012.0,5197288.0,5197601.0,5197808.0,5198061.0,5198349.0,5198622.0,5198850.0,5199097.0,5199364.0,5199638.0,5199952.0,5200272.0,5200577.0,5200877.0,5201212.0,5201544
9nLdIIW2Sr8,1071032.0,1071125.0,1071199.0,1071273.0,1071341.0,1071433.0,1071519.0,1071585.0,1071672.0,1071773.0,1071843.0,1071938.0,1072057.0,1072172.0,1072271.0,1072369.0,1072439.0,1072515.0,1072605.0,1072713.0,1072813.0,1072915.0,1073017.0,1073108.0,1073163.0,1073244.0,1073320.0,1073396.0,1073484.0,1073561.0,1073634.0,1073716.0,1073815.0,1073898.0,1073977.0,1074071.0,1074131.0,1074196.0,1074272.0,1074336.0,1074423.0,1074493.0,1074575.0,1074659.0,1074738.0,1074822.0,1074905.0,1074982.0,1075102.0,1075336.0,1075502.0,1075647.0,1075792.0,1075964.0,1076122.0,1076301.0,1076448.0,1076580.0,1076717.0,1076873.0,1077029.0,1077139.0,1077282.0,1077387.0,1077493.0,1077626.0,1077725.0,1077840.0,1077961.0,1078111.0,1078190.0,1078314.0,1078431.0,1078538.0,1078655.0,1078782.0,1078922.0,1079030.0,1079164.0,1079286.0,1079424.0,1079537.0,1079681.0,1079816.0,1080024.0,1080154.0,1080277.0,1080418.0,1080574.0,1080721.0,1080876.0,1081051.0,1081217.0,1081403.0,1081582.0,1081755.0,1081933.0,1082152.0,1082335.0,1082491.0,1082622.0,1082776.0,1082908.0,1083079.0,1083262.0,1083435.0,1083595.0,1083725.0,1083862.0,1084017.0,1084191.0,1084349.0,1084506.0,1084658.0,1084803.0,1084983.0,1085150.0,1085291.0,1085421.0,1085626.0,1085907.0,1086095.0,1086331.0,1086530.0,1086768.0,1086989.0,1087214.0,1087416.0,1087672.0,1087890.0,1088068.0,1088287.0,1088504.0,1088697.0,,,,,,,,,1090788.0,1091013.0,1091198.0,1091424.0,1091650.0,1091920.0,1092116.0,1092335.0,1092507.0,1092687.0,1092895.0,1093099.0,1093271.0,1093416.0,1093569.0,1093695.0,1093823.0,1093996.0,1094160.0,1094326.0,1094505.0,1094682.0,1094845.0,1095022.0,1095196.0,1095380.0,1095578.0,1095804.0,1096009.0,1096233.0,1096459.0,1096672.0,1096878.0,1097058.0,1097251.0,1097398.0,1097543.0,1097719.0,1097941.0,1098141.0,1098291.0,1098459.0,1098612.0,1098753.0,1098920.0,1099139.0,1099338.0,1099515.0,1099705.0,1099904.0,1100075.0,1100256.0,1100387.0,1100553.0,1100761.0,1100893.0,1101078.0,1101195.0,1101294.0,1101379.0,1101455.0,1101522.0,1101611.0,1101697.0,1101776.0,1101852.0,1101934.0,1102003.0,1102069.0,1102140.0,1102218.0,1102305
fvTHBV0XIIk,15939802.0,15951984.0,15964956.0,15976924.0,15989604.0,16003462.0,16016567.0,16029391.0,16043297.0,16056478.0,16068043.0,16080130.0,16093752.0,16108035.0,16121629.0,16135139.0,16147601.0,16159186.0,16171035.0,16183696.0,16197151.0,16210665.0,16224286.0,16236603.0,16248222.0,16261091.0,16274937.0,16288043.0,16301579.0,16314295.0,16326670.0,16336984.0,16348171.0,16360764.0,16373131.0,16385337.0,16397207.0,16407753.0,16417387.0,16427780.0,16439620.0,16450824.0,16462384.0,16474073.0,16485171.0,16495363.0,16506478.0,16518830.0,16531030.0,16543203.0,16555353.0,16567767.0,16578953.0,16591026.0,16603612.0,16616362.0,16629454.0,16642606.0,16655008.0,16666225.0,16676729.0,16689533.0,16702684.0,16714990.0,16726237.0,16736989.0,16747422.0,16758122.0,16768298.0,16780715.0,16792556.0,16804099.0,16815173.0,16825464.0,16835566.0,16846878.0,16858601.0,16869919.0,16881734.0,16892547.0,16902674.0,16913713.0,16925738.0,16938190.0,16950829.0,16963707.0,16975354.0,16986098.0,16997058.0,17009139.0,17021701.0,17033891.0,17045959.0,17058311.0,17069893.0,17082232.0,17094804.0,17107188.0,17119817.0,17132402.0,17144353.0,17155414.0,17166984.0,17178983.0,17191467.0,17204247.0,17216720.0,17228679.0,17239629.0,17252268.0,17266722.0,17282076.0,17296286.0,17310768.0,17324539.0,17337141.0,17351040.0,17366799.0,17381534.0,17394927.0,17409203.0,17422080.0,17433841.0,17445729.0,17458494.0,17471353.0,17483980.0,17496499.0,17507610.0,17517579.0,17527950.0,17539779.0,17552289.0,17564367.0,,,,,,,,,17667034.0,17677322.0,17688233.0,17700498.0,17712379.0,17724221.0,17734944.0,17744901.0,17755329.0,17765399.0,17776762.0,17788332.0,17800958.0,17812948.0,17823368.0,17833762.0,17845154.0,17857894.0,17870541.0,17883395.0,17895991.0,17907506.0,17918300.0,17930031.0,17942747.0,17955712.0,17969195.0,17982019.0,17993804.0,18005065.0,18017231.0,18029824.0,18042737.0,18055717.0,18068092.0,18079554.0,18089863.0,18101784.0,18114184.0,18126682.0,18138451.0,18150561.0,18161560.0,18171822.0,18183379.0,18195117.0,18206860.0,18218971.0,18231130.0,18241981.0,18252543.0,18263552.0,18275042.0,18286795.0,18298339.0,18309906.0,18320300.0,18330117.0,18340077.0,18350868.0,18361733.0,18371034.0,18379905.0,18388765.0,18397372.0,18407281.0,18417489.0,18427245.0,18435332.0,18443441.0,18452371.0,18461080
zbCUADhztt0,260731.0,261233.0,261615.0,261996.0,262419.0,262931.0,263412.0,263990.0,264424.0,264836.0,265283.0,265850.0,266267.0,266795.0,267399.0,267898.0,268363.0,268771.0,269240.0,269625.0,270063.0,270651.0,271123.0,271489.0,271797.0,272219.0,272586.0,272903.0,273254.0,273578.0,273954.0,274214.0,274645.0,275029.0,275349.0,275882.0,276266.0,276634.0,276973.0,277329.0,277678.0,278112.0,278585.0,279144.0,279608.0,279946.0,280381.0,280964.0,281615.0,282375.0,282824.0,283291.0,283702.0,284088.0,284550.0,285015.0,285412.0,285832.0,286133.0,286419.0,286694.0,287207.0,287725.0,288196.0,288705.0,289102.0,289469.0,289793.0,290085.0,290584.0,290963.0,291301.0,291602.0,291875.0,292192.0,292553.0,292989.0,293324.0,293720.0,294073.0,294481.0,294919.0,295360.0,295920.0,296372.0,297273.0,297877.0,298497.0,299185.0,299615.0,300112.0,300581.0,301356.0,301908.0,302301.0,302981.0,303618.0,304046.0,304632.0,305097.0,305679.0,306078.0,306462.0,306939.0,307561.0,308158.0,308846.0,309474.0,309985.0,310514.0,311144.0,311664.0,312284.0,312950.0,313507.0,313999.0,314634.0,315372.0,316157.0,317029.0,317529.0,318059.0,318514.0,318948.0,319528.0,320243.0,321008.0,321763.0,322611.0,323107.0,323866.0,324606.0,325433.0,326222.0,,,,,,,,,332565.0,333170.0,333909.0,334631.0,335246.0,335924.0,336476.0,337024.0,337704.0,338336.0,339229.0,340146.0,341026.0,341791.0,342537.0,343100.0,343877.0,344758.0,345641.0,346348.0,347014.0,347742.0,348465.0,349241.0,350024.0,350940.0,351721.0,352616.0,353404.0,354030.0,355028.0,355754.0,356565.0,357569.0,358620.0,359497.0,360238.0,361377.0,362483.0,363366.0,364198.0,365206.0,366118.0,366920.0,367904.0,368897.0,369881.0,370985.0,372175.0,373008.0,373958.0,374932.0,375922.0,376766.0,377603.0,378547.0,379233.0,379917.0,380782.0,381598.0,382363.0,383083.0,383828.0,384619.0,385387.0,386330.0,387469.0,388426.0,389078.0,389894.0,390641.0,391521
EX91ambx9zs,9448.0,9449.0,9450.0,9451.0,9451.0,9453.0,9453.0,9453.0,9455.0,9458.0,9458.0,9458.0,9462.0,9464.0,9465.0,9466.0,9466.0,9469.0,9471.0,9472.0,9475.0,9476.0,9479.0,9481.0,9483.0,9485.0,9486.0,9486.0,9485.0,9485.0,9485.0,9487.0,9487.0,9489.0,9493.0,9495.0,9499.0,9497.0,9502.0,9504.0,9510.0,9520.0,9523.0,9524.0,9525.0,9540.0,9553.0,9552.0,9560.0,9579.0,9575.0,9578.0,9564.0,9571.0,9588.0,9581.0,9586.0,9595.0,9591.0,9602.0,9620.0,9631.0,9636.0,9648.0,9658.0,9657.0,9653.0,9661.0,9658.0,9669.0,9667.0,9664.0,9670.0,9672.0,9676.0,9681.0,9676.0,9687.0,9680.0,9683.0,9693.0,9691.0,9697.0,9702.0,9698.0,9704.0,9703.0,9702.0,9717.0,9721.0,9707.0,9712.0,9714.0,9714.0,9714.0,9714.0,9715.0,9716.0,9716.0,9717.0,9718.0,9722.0,9723.0,9724.0,9724.0,9727.0,9730.0,9733.0,9733.0,9734.0,9736.0,9737.0,9737.0,9737.0,9737.0,9737.0,9739.0,9739.0,9740.0,9741.0,9743.0,9743.0,9743.0,9745.0,9745.0,9746.0,9748.0,9751.0,9754.0,9754.0,9756.0,9757.0,9758.0,9761.0,,,,,,,,,9774.0,9781.0,9784.0,9786.0,9792.0,9805.0,9807.0,9807.0,9808.0,9813.0,9814.0,9816.0,9817.0,9819.0,9817.0,9818.0,9818.0,9819.0,9819.0,9820.0,9821.0,9822.0,9825.0,9825.0,9826.0,9829.0,9830.0,9832.0,9831.0,9832.0,9832.0,9832.0,9832.0,9836.0,9841.0,9842.0,9842.0,9847.0,9847.0,9848.0,9850.0,9852.0,9853.0,9855.0,9857.0,9860.0,9860.0,9863.0,9862.0,9862.0,9863.0,9863.0,9864.0,9864.0,9864.0,9864.0,9864.0,9864.0,9864.0,9864.0,9864.0,9865.0,9866.0,9868.0,9870.0,9870.0,9870.0,9872.0,9872.0,9873.0,9875.0,9876
7rKz3moxIEU,2993.0,2993.0,2993.0,2993.0,2993.0,2996.0,2998.0,3002.0,3004.0,3007.0,3009.0,3014.0,3017.0,3025.0,3033.0,3045.0,3049.0,3053.0,3059.0,3064.0,3065.0,3067.0,3070.0,3071.0,3074.0,3075.0,3081.0,3085.0,3091.0,3094.0,3095.0,3096.0,3100.0,3107.0,3109.0,3119.0,3127.0,3133.0,3134.0,3138.0,3144.0,3148.0,3152.0,3161.0,3163.0,3165.0,3168.0,3172.0,3177.0,3183.0,3187.0,3189.0,3191.0,3195.0,3199.0,3200.0,3201.0,3201.0,3202.0,3205.0,3206.0,3205.0,3206.0,3206.0,3212.0,3215.0,3217.0,3220.0,3223.0,3227.0,3230.0,3237.0,3239.0,3242.0,3245.0,3246.0,3249.0,3251.0,3254.0,3254.0,3259.0,3259.0,3262.0,3267.0,3272.0,3274.0,3278.0,3279.0,3282.0,3286.0,3286.0,3288.0,3293.0,3294.0,3295.0,3300.0,3305.0,3310.0,3312.0,3317.0,3321.0,3324.0,3327.0,3328.0,3331.0,3334.0,3336.0,3340.0,3343.0,3345.0,3349.0,3353.0,3355.0,3355.0,3358.0,3362.0,3366.0,3371.0,3373.0,3377.0,3385.0,3392.0,3401.0,3410.0,3411.0,3413.0,3416.0,3417.0,3419.0,3421.0,3423.0,3425.0,3428.0,3428.0,,,,,,,,,3452.0,3453.0,3455.0,3458.0,3464.0,3465.0,3466.0,3472.0,3481.0,3482.0,3483.0,3488.0,3490.0,3499.0,3502.0,3505.0,3510.0,3512.0,3515.0,3517.0,3521.0,3522.0,3524.0,3527.0,3527.0,3528.0,3531.0,3533.0,3535.0,3536.0,3539.0,3541.0,3543.0,3548.0,3551.0,3555.0,3558.0,3560.0,3564.0,3565.0,3569.0,3573.0,3573.0,3576.0,3579.0,3580.0,3581.0,3584.0,3588.0,3589.0,3589.0,3594.0,3595.0,3599.0,3607.0,3611.0,3614.0,3615.0,3617.0,3619.0,3623.0,3623.0,3627.0,3627.0,3630.0,3632.0,3636.0,3639.0,3642.0,3646.0,3647.0,3647
kULr8hPnATA,299941.0,299945.0,299952.0,299962.0,299965.0,299971.0,299973.0,299977.0,299982.0,299988.0,299993.0,299996.0,299997.0,300000.0,300005.0,300006.0,300012.0,300015.0,300022.0,300023.0,300031.0,300034.0,300040.0,300042.0,300045.0,300047.0,300050.0,300050.0,300055.0,300056.0,300060.0,300060.0,300062.0,300064.0,300066.0,300070.0,300072.0,300074.0,300077.0,300083.0,300084.0,300087.0,300089.0,300091.0,300096.0,300098.0,300100.0,300108.0,300110.0,300117.0,300119.0,300120.0,300125.0,300131.0,300133.0,300143.0,300146.0,300153.0,300157.0,300160.0,300168.0,300172.0,300176.0,300179.0,300185.0,300190.0,300193.0,300196.0,300205.0,300212.0,300217.0,300220.0,300224.0,300228.0,300236.0,300237.0,300241.0,300245.0,300257.0,300262.0,300269.0,300275.0,300281.0,300285.0,300291.0,300295.0,300300.0,300305.0,300310.0,300312.0,300314.0,300315.0,300322.0,300322.0,300323.0,300330.0,300337.0,300339.0,300341.0,300342.0,300345.0,300350.0,300352.0,300355.0,300356.0,300363.0,300366.0,300369.0,300371.0,300373.0,300376.0,300381.0,300383.0,300388.0,300390.0,300393.0,300395.0,300396.0,300403.0,300406.0,300410.0,300411.0,300412.0,300416.0,300420.0,300426.0,300430.0,300430.0,300433.0,300435.0,300439.0,300442.0,300442.0,300445.0,,,,,,,,,300469.0,300472.0,300476.0,300476.0,300479.0,300482.0,300482.0,300486.0,300486.0,300487.0,300492.0,300497.0,300500.0,300501.0,300502.0,300505.0,300511.0,300514.0,300519.0,300526.0,300532.0,300539.0,300542.0,300544.0,300548.0,300551.0,300558.0,300561.0,300565.0,300571.0,300575.0,300576.0,300579.0,300585.0,300593.0,300596.0,300597.0,300598.0,300601.0,300601.0,300603.0,300606.0,300607.0,300609.0,300613.0,300615.0,300617.0,300619.0,300624.0,300632.0,300634.0,300636.0,300637.0,300638.0,300644.0,300644.0,300648.0,300653.0,300655.0,300655.0,300658.0,300659.0,300664.0,300665.0,300666.0,300671.0,300676.0,300677.0,300680.0,300680.0,300683.0,300687
sHqFqWDviBg,49613697.0,49621712.0,49630510.0,49639620.0,49648033.0,49657093.0,49666448.0,49675729.0,49684733.0,49692992.0,49700826.0,49708484.0,49716009.0,49724168.0,49733507.0,49742071.0,49750525.0,49758903.0,49767905.0,49776853.0,49785940.0,49795878.0,49805470.0,49814927.0,49824218.0,49833582.0,49843038.0,49852065.0,49861154.0,49871491.0,49880950.0,49890078.0,49900762.0,49911002.0,49921008.0,49931194.0,49941524.0,49951834.0,49962700.0,49974416.0,49993485.0,50021015.0,50045149.0,50067105.0,50087359.0,50107807.0,50127397.0,50147832.0,50167369.0,50186792.0,50204954.0,50221053.0,50237164.0,50254313.0,50271089.0,50287748.0,50304335.0,50321000.0,50337628.0,50355719.0,50372635.0,50390176.0,50407965.0,50426120.0,50441930.0,50455733.0,50472014.0,50487837.0,50502989.0,50520384.0,50534182.0,50546922.0,50560415.0,50575574.0,50588330.0,50602901.0,50615973.0,50629610.0,50642847.0,50656848.0,50670032.0,50683351.0,50699268.0,50715283.0,50725271.0,50733453.0,50742208.0,50750484.0,50758645.0,50766006.0,50772018.0,50777643.0,50783489.0,50790747.0,50797419.0,50803097.0,50808782.0,50813885.0,50818955.0,50824565.0,50829670.0,50834858.0,50840707.0,50845719.0,50850124.0,50854387.0,50858626.0,50862653.0,50866706.0,50871304.0,50876119.0,50881164.0,50886452.0,50891570.0,50896563.0,50901147.0,50905410.0,50909858.0,50914131.0,50917844.0,50921891.0,50925848.0,50929891.0,50933662.0,50939563.0,50944906.0,50950118.0,50955331.0,50960237.0,50966024.0,50971418.0,50978066.0,50995441.0,51010049.0,,,,,,,,,51119950.0,51129046.0,51137872.0,51146478.0,51154468.0,51163125.0,51171442.0,51179635.0,51188016.0,51196150.0,51204282.0,51212185.0,51219831.0,51227908.0,51235078.0,51241341.0,51248154.0,51255355.0,51263219.0,51271188.0,51278800.0,51286358.0,51293106.0,51299029.0,51307098.0,51314542.0,51322118.0,51329325.0,51335889.0,51342183.0,51348888.0,51356250.0,51363296.0,51370428.0,51377420.0,51383725.0,51389306.0,51395476.0,51402313.0,51409143.0,51415617.0,51421978.0,51428193.0,51433686.0,51439984.0,51446805.0,51453383.0,51459760.0,51465974.0,51471817.0,51477479.0,51483673.0,51489807.0,51495640.0,51501185.0,51506906.0,51512165.0,51516856.0,51521932.0,51527180.0,51532004.0,51536746.0,51542164.0,51547458.0,51552738.0,51558078.0,51564522.0,51569990.0,51575129.0,51580375.0,51585435.0,51590256
TMfvkhkALbU,33547874.0,33553071.0,33559194.0,33565637.0,33570583.0,33576683.0,33582944.0,33588814.0,33595207.0,33600945.0,33606720.0,33612003.0,33617403.0,33622944.0,33629190.0,33634902.0,33640681.0,33647308.0,33653581.0,33659259.0,33665801.0,33671858.0,33678754.0,33685316.0,33691798.0,33698439.0,33704795.0,33711082.0,33717469.0,33724246.0,33729983.0,33736527.0,33743300.0,33749850.0,33756158.0,33762006.0,33768518.0,33774664.0,33780756.0,33787336.0,33794042.0,33800700.0,33806970.0,33813073.0,33818914.0,33825309.0,33831430.0,33838058.0,33844785.0,33851070.0,33856929.0,33862767.0,33868272.0,33873940.0,33879607.0,33885416.0,33891256.0,33897189.0,33903225.0,33910040.0,33916879.0,33923379.0,33930314.0,33937352.0,33943991.0,33950584.0,33956716.0,33964118.0,33970927.0,33979866.0,33986122.0,33992003.0,33998437.0,34005469.0,34011000.0,34017208.0,34022856.0,34029419.0,34035879.0,34041975.0,34048066.0,34054331.0,34060045.0,34065833.0,34070133.0,34078576.0,34082608.0,34085898.0,34089927.0,34093508.0,34096447.0,34099081.0,34102579.0,34106164.0,34109252.0,34112436.0,34115790.0,34118632.0,34121966.0,34125087.0,34128144.0,34130960.0,34134197.0,34137865.0,34140612.0,34144530.0,34147592.0,34150183.0,34152982.0,34155719.0,34158997.0,34161826.0,34165119.0,34168349.0,34171642.0,34174912.0,34178013.0,34181567.0,34185068.0,34188296.0,34192023.0,34195616.0,34198334.0,34201408.0,34204895.0,34208403.0,34211706.0,34215684.0,34219619.0,34223727.0,34227060.0,34231238.0,34235042.0,34238932.0,,,,,,,,,34272593.0,34276187.0,34280020.0,34283717.0,34287711.0,34291612.0,34295418.0,34299203.0,34303389.0,34307170.0,34310896.0,34314785.0,34318614.0,34322388.0,34325771.0,34329407.0,34332844.0,34336616.0,34340525.0,34344074.0,34347517.0,34351194.0,34354792.0,34358318.0,34361821.0,34365311.0,34368961.0,34372394.0,34375436.0,34378675.0,34382015.0,34385339.0,34388711.0,34392185.0,34395536.0,34398679.0,34401585.0,34404482.0,34407600.0,34410703.0,34413792.0,34416716.0,34419615.0,34422242.0,34425346.0,34428649.0,34431851.0,34434916.0,34437816.0,34440679.0,34443618.0,34446581.0,34449644.0,34452613.0,34455411.0,34458203.0,34460663.0,34463456.0,34465922.0,34468560.0,34470853.0,34473319.0,34475963.0,34478629.0,34480854.0,34483417.0,34486351.0,34488796.0,34491320.0,34493882.0,34496301.0,34498687
tthWB_d-Y-A,4437.0,4439.0,4439.0,4439.0,4440.0,4440.0,4440.0,4441.0,4442.0,4443.0,4444.0,4447.0,4452.0,4452.0,4453.0,4455.0,4455.0,4457.0,4458.0,4458.0,4458.0,4459.0,4459.0,4459.0,4459.0,4460.0,4460.0,4461.0,4461.0,4461.0,4461.0,4465.0,4466.0,4466.0,4466.0,4466.0,4466.0,4466.0,4467.0,4467.0,4467.0,4468.0,4469.0,4471.0,4471.0,4472.0,4474.0,4474.0,4476.0,4477.0,4477.0,4478.0,4478.0,4478.0,4478.0,4481.0,4481.0,4481.0,4481.0,4482.0,4482.0,4482.0,4483.0,4484.0,4484.0,4484.0,4484.0,4484.0,4484.0,4484.0,4484.0,4484.0,4484.0,4484.0,4484.0,4485.0,4486.0,4488.0,4488.0,4489.0,4489.0,4489.0,4491.0,4494.0,4495.0,4496.0,4497.0,4497.0,4498.0,4499.0,4500.0,4499.0,4500.0,4500.0,4500.0,4500.0,4500.0,4501.0,4502.0,4504.0,4504.0,4505.0,4508.0,4510.0,4511.0,4511.0,4511.0,4512.0,4513.0,4514.0,4514.0,4514.0,4514.0,4515.0,4515.0,4516.0,4517.0,4518.0,4518.0,4519.0,4519.0,4521.0,4521.0,4522.0,4522.0,4522.0,4523.0,4524.0,4526.0,4527.0,4527.0,4529.0,4529.0,4530.0,,,,,,,,,4533.0,4533.0,4533.0,4533.0,4533.0,4533.0,4533.0,4534.0,4536.0,4536.0,4536.0,4536.0,4537.0,4537.0,4537.0,4537.0,4537.0,4537.0,4537.0,4537.0,4537.0,4537.0,4537.0,4537.0,4537.0,4538.0,4538.0,4538.0,4539.0,4539.0,4539.0,4540.0,4541.0,4541.0,4541.0,4541.0,4542.0,4545.0,4545.0,4546.0,4548.0,4548.0,4548.0,4549.0,4549.0,4550.0,4550.0,4551.0,4551.0,4551.0,4551.0,4551.0,4551.0,4551.0,4551.0,4551.0,4552.0,4554.0,4554.0,4554.0,4556.0,4556.0,4560.0,4560.0,4562.0,4564.0,4565.0,4566.0,4566.0,4567.0,4567.0,4567
psoRpVRkch4,5457.0,5458.0,5458.0,5458.0,5458.0,5458.0,5458.0,5459.0,5460.0,5460.0,5460.0,5461.0,5462.0,5463.0,5464.0,5466.0,5466.0,5466.0,5470.0,5470.0,5472.0,5474.0,5476.0,5476.0,5477.0,5477.0,5477.0,5482.0,5482.0,5483.0,5483.0,5483.0,5483.0,5484.0,5487.0,5487.0,5487.0,5488.0,5488.0,5488.0,5488.0,5488.0,5488.0,5488.0,5489.0,5489.0,5489.0,5490.0,5489.0,5490.0,5491.0,5491.0,5492.0,5492.0,5493.0,5493.0,5493.0,5493.0,5493.0,5493.0,5494.0,5495.0,5496.0,5498.0,5498.0,5498.0,5499.0,5501.0,5502.0,5503.0,5503.0,5503.0,5503.0,5503.0,5503.0,5504.0,5504.0,5504.0,5504.0,5504.0,5509.0,5509.0,5509.0,5510.0,5510.0,5510.0,5510.0,5511.0,5511.0,5512.0,5512.0,5512.0,5512.0,5512.0,5513.0,5518.0,5518.0,5518.0,5518.0,5518.0,5518.0,5518.0,5520.0,5520.0,5520.0,5521.0,5521.0,5521.0,5523.0,5525.0,5526.0,5526.0,5527.0,5528.0,5528.0,5529.0,5529.0,5532.0,5534.0,5535.0,5538.0,5538.0,5539.0,5539.0,5540.0,5541.0,5542.0,5543.0,5543.0,5543.0,5545.0,5546.0,5546.0,5546.0,,,,,,,,,5551.0,5551.0,5553.0,5553.0,5557.0,5559.0,5559.0,5559.0,5559.0,5560.0,5561.0,5561.0,5561.0,5562.0,5563.0,5564.0,5564.0,5566.0,5566.0,5566.0,5566.0,5566.0,5566.0,5566.0,5566.0,5566.0,5567.0,5569.0,5570.0,5568.0,5571.0,5572.0,5573.0,5573.0,5573.0,5574.0,5578.0,5577.0,5581.0,5584.0,5585.0,5584.0,5585.0,5585.0,5586.0,5586.0,5587.0,5589.0,5591.0,5595.0,5598.0,5598.0,5601.0,5599.0,5606.0,5607.0,5609.0,5611.0,5612.0,5614.0,5615.0,5616.0,5618.0,5621.0,5621.0,5620.0,5622.0,5623.0,5626.0,5628.0,5629.0,5632
l2PU0GP5kvk,636.0,636.0,636.0,636.0,636.0,636.0,636.0,636.0,636.0,636.0,636.0,636.0,636.0,636.0,636.0,636.0,636.0,636.0,636.0,636.0,636.0,636.0,636.0,636.0,636.0,636.0,636.0,636.0,636.0,636.0,636.0,636.0,636.0,636.0,636.0,636.0,636.0,636.0,636.0,636.0,636.0,637.0,637.0,637.0,637.0,637.0,637.0,639.0,639.0,639.0,639.0,639.0,640.0,640.0,640.0,640.0,640.0,640.0,640.0,640.0,640.0,640.0,640.0,640.0,640.0,640.0,640.0,640.0,640.0,640.0,640.0,640.0,640.0,640.0,640.0,640.0,640.0,640.0,640.0,640.0,640.0,640.0,640.0,640.0,640.0,640.0,640.0,640.0,640.0,640.0,640.0,640.0,640.0,640.0,640.0,640.0,640.0,640.0,640.0,640.0,640.0,640.0,640.0,640.0,640.0,641.0,641.0,643.0,643.0,643.0,643.0,643.0,643.0,643.0,643.0,643.0,643.0,643.0,643.0,643.0,643.0,643.0,643.0,643.0,643.0,643.0,643.0,643.0,643.0,643.0,643.0,643.0,643.0,643.0,,,,,,,,,643.0,643.0,643.0,643.0,643.0,643.0,643.0,643.0,643.0,643.0,643.0,643.0,643.0,643.0,643.0,643.0,643.0,643.0,643.0,643.0,643.0,643.0,643.0,643.0,643.0,643.0,643.0,643.0,643.0,643.0,643.0,643.0,643.0,643.0,643.0,643.0,643.0,643.0,643.0,643.0,643.0,643.0,643.0,643.0,643.0,643.0,643.0,643.0,643.0,643.0,643.0,643.0,643.0,643.0,643.0,643.0,643.0,643.0,643.0,643.0,643.0,643.0,643.0,643.0,643.0,643.0,643.0,643.0,643.0,643.0,643.0,643
cLfjwccuXy8,11017.0,11069.0,11117.0,11149.0,11192.0,11219.0,11244.0,11275.0,11297.0,11312.0,11333.0,11355.0,11397.0,11452.0,11515.0,11593.0,11645.0,11677.0,11705.0,11768.0,11814.0,11868.0,11915.0,11962.0,11989.0,12046.0,12095.0,12128.0,12184.0,12224.0,12249.0,12277.0,12300.0,12338.0,12386.0,12432.0,12484.0,12528.0,12562.0,12606.0,12665.0,12713.0,12760.0,12791.0,12840.0,12873.0,12935.0,12985.0,13047.0,13084.0,13124.0,13163.0,13187.0,13223.0,13264.0,13303.0,13339.0,13392.0,13439.0,13488.0,13543.0,13590.0,13629.0,13663.0,13717.0,13756.0,13781.0,13810.0,13845.0,13885.0,13918.0,13947.0,13977.0,14011.0,14042.0,14090.0,14131.0,14184.0,14224.0,14266.0,14293.0,14336.0,14382.0,14425.0,14482.0,14528.0,14570.0,14606.0,14658.0,14726.0,14765.0,14801.0,14861.0,14903.0,14954.0,14998.0,15056.0,15099.0,15140.0,15183.0,15218.0,15247.0,15289.0,15349.0,15419.0,15488.0,15550.0,15586.0,15638.0,15676.0,15719.0,15799.0,15872.0,15973.0,16026.0,16065.0,16121.0,16160.0,16201.0,16268.0,16300.0,16349.0,16398.0,16430.0,16469.0,16507.0,16534.0,16593.0,16623.0,16645.0,16675.0,16708.0,16737.0,16781.0,,,,,,,,,17005.0,17022.0,17048.0,17071.0,17087.0,17119.0,17131.0,17153.0,17174.0,17189.0,17205.0,17229.0,17255.0,17267.0,17289.0,17308.0,17329.0,17353.0,17386.0,17402.0,17410.0,17426.0,17433.0,17443.0,17463.0,17480.0,17503.0,17529.0,17549.0,17562.0,17583.0,17599.0,17612.0,17624.0,17643.0,17663.0,17693.0,17719.0,17737.0,17760.0,17792.0,17834.0,17861.0,17886.0,17917.0,17950.0,17990.0,18019.0,18052.0,18078.0,18095.0,18115.0,18136.0,18162.0,18187.0,18210.0,18232.0,18253.0,18274.0,18294.0,18330.0,18357.0,18385.0,18416.0,18426.0,18453.0,18482.0,18501.0,18511.0,18538.0,18563.0,18576
_O3ciNSNSGc,983.0,983.0,983.0,983.0,983.0,983.0,983.0,983.0,983.0,983.0,983.0,984.0,984.0,984.0,984.0,984.0,984.0,985.0,985.0,985.0,985.0,985.0,985.0,985.0,985.0,985.0,985.0,985.0,985.0,985.0,986.0,986.0,986.0,986.0,986.0,986.0,986.0,986.0,987.0,987.0,987.0,987.0,987.0,987.0,987.0,987.0,987.0,987.0,987.0,987.0,987.0,988.0,988.0,988.0,988.0,989.0,989.0,989.0,989.0,989.0,989.0,989.0,989.0,989.0,989.0,989.0,989.0,989.0,989.0,989.0,989.0,989.0,989.0,989.0,989.0,989.0,989.0,989.0,989.0,989.0,989.0,990.0,990.0,990.0,990.0,990.0,990.0,990.0,990.0,990.0,990.0,990.0,990.0,990.0,990.0,991.0,992.0,993.0,994.0,994.0,994.0,994.0,994.0,994.0,994.0,994.0,994.0,994.0,994.0,994.0,994.0,994.0,994.0,994.0,994.0,994.0,994.0,994.0,994.0,994.0,994.0,994.0,995.0,995.0,995.0,995.0,996.0,996.0,996.0,996.0,996.0,996.0,996.0,996.0,,,,,,,,,998.0,998.0,998.0,998.0,998.0,998.0,998.0,999.0,999.0,999.0,999.0,999.0,999.0,999.0,999.0,999.0,999.0,999.0,999.0,999.0,999.0,999.0,1000.0,1000.0,1000.0,1000.0,1000.0,1000.0,1000.0,1000.0,1000.0,1000.0,1001.0,1003.0,1004.0,1004.0,1006.0,1006.0,1006.0,1006.0,1006.0,1006.0,1006.0,1007.0,1007.0,1007.0,1007.0,1007.0,1007.0,1007.0,1007.0,1007.0,1007.0,1007.0,1007.0,1007.0,1007.0,1007.0,1007.0,1007.0,1007.0,1007.0,1007.0,1007.0,1008.0,1008.0,1008.0,1008.0,1008.0,1008.0,1008.0,1008
O-xS3sHjfnA,7800.0,7800.0,7800.0,7800.0,7800.0,7800.0,7800.0,7800.0,7800.0,7800.0,7800.0,7800.0,7800.0,7800.0,7801.0,7802.0,7802.0,7802.0,7803.0,7803.0,7804.0,7804.0,7804.0,7804.0,7805.0,7805.0,7805.0,7805.0,7805.0,7806.0,7806.0,7806.0,7807.0,7807.0,7807.0,7807.0,7807.0,7807.0,7809.0,7809.0,7810.0,7810.0,7812.0,7812.0,7812.0,7812.0,7812.0,7813.0,7813.0,7813.0,7813.0,7814.0,7814.0,7814.0,7814.0,7814.0,7814.0,7814.0,7814.0,7814.0,7814.0,7815.0,7815.0,7815.0,7815.0,7815.0,7815.0,7815.0,7815.0,7815.0,7815.0,7815.0,7815.0,7815.0,7815.0,7815.0,7815.0,7815.0,7816.0,7817.0,7817.0,7818.0,7818.0,7818.0,7818.0,7818.0,7818.0,7818.0,7818.0,7818.0,7819.0,7819.0,7819.0,7819.0,7819.0,7819.0,7819.0,7819.0,7819.0,7819.0,7819.0,7820.0,7820.0,7820.0,7820.0,7820.0,7820.0,7820.0,7820.0,7820.0,7820.0,7820.0,7820.0,7822.0,7822.0,7822.0,7822.0,7822.0,7822.0,7824.0,7825.0,7826.0,7826.0,7826.0,7826.0,7826.0,7826.0,7826.0,7826.0,7826.0,7826.0,7826.0,7826.0,7826.0,,,,,,,,,7831.0,7829.0,7829.0,7829.0,7830.0,7830.0,7830.0,7835.0,7835.0,7835.0,7835.0,7835.0,7835.0,7835.0,7836.0,7836.0,7836.0,7839.0,7840.0,7841.0,7841.0,7841.0,7841.0,7841.0,7841.0,7841.0,7841.0,7841.0,7841.0,7841.0,7841.0,7842.0,7842.0,7842.0,7842.0,7844.0,7845.0,7845.0,7845.0,7845.0,7845.0,7845.0,7845.0,7846.0,7846.0,7846.0,7846.0,7846.0,7846.0,7847.0,7847.0,7847.0,7847.0,7848.0,7848.0,7848.0,7848.0,7849.0,7849.0,7849.0,7849.0,7849.0,7849.0,7849.0,7849.0,7849.0,7849.0,7849.0,7849.0,7852.0,7853.0,7853
XzQYStvSphg,426.0,426.0,426.0,426.0,426.0,426.0,426.0,426.0,426.0,426.0,426.0,426.0,426.0,428.0,428.0,428.0,428.0,428.0,428.0,428.0,428.0,428.0,428.0,428.0,428.0,428.0,428.0,428.0,428.0,428.0,428.0,428.0,429.0,429.0,429.0,429.0,429.0,429.0,429.0,429.0,429.0,429.0,429.0,429.0,430.0,430.0,430.0,430.0,430.0,430.0,430.0,430.0,430.0,430.0,430.0,430.0,430.0,430.0,430.0,430.0,430.0,431.0,431.0,431.0,431.0,431.0,431.0,431.0,431.0,431.0,431.0,432.0,432.0,432.0,432.0,432.0,432.0,432.0,432.0,432.0,432.0,432.0,432.0,432.0,432.0,432.0,433.0,434.0,434.0,434.0,434.0,434.0,434.0,434.0,434.0,434.0,434.0,434.0,434.0,434.0,434.0,434.0,434.0,434.0,434.0,434.0,434.0,434.0,434.0,434.0,434.0,434.0,434.0,435.0,435.0,435.0,435.0,435.0,435.0,435.0,436.0,436.0,436.0,436.0,436.0,436.0,436.0,436.0,436.0,436.0,436.0,436.0,436.0,436.0,,,,,,,,,436.0,436.0,436.0,436.0,437.0,437.0,437.0,439.0,440.0,440.0,440.0,441.0,441.0,441.0,443.0,444.0,444.0,444.0,444.0,444.0,444.0,444.0,444.0,444.0,444.0,444.0,444.0,444.0,444.0,444.0,444.0,444.0,444.0,446.0,446.0,446.0,446.0,446.0,446.0,446.0,446.0,446.0,446.0,447.0,447.0,447.0,447.0,447.0,447.0,447.0,448.0,448.0,448.0,448.0,449.0,449.0,449.0,449.0,449.0,449.0,449.0,449.0,449.0,449.0,449.0,449.0,449.0,450.0,450.0,450.0,450.0,450
EeG4Ypjb7NU,1768.0,1768.0,1770.0,1770.0,1770.0,1772.0,1772.0,1772.0,1772.0,1772.0,1772.0,1772.0,1772.0,1773.0,1773.0,1773.0,1774.0,1774.0,1774.0,1774.0,1775.0,1777.0,1777.0,1779.0,1780.0,1780.0,1780.0,1780.0,1780.0,1781.0,1782.0,1782.0,1782.0,1782.0,1782.0,1782.0,1782.0,1782.0,1782.0,1782.0,1782.0,1782.0,1782.0,1782.0,1782.0,1782.0,1783.0,1784.0,1784.0,1785.0,1785.0,1785.0,1785.0,1785.0,1785.0,1785.0,1785.0,1785.0,1786.0,1786.0,1787.0,1787.0,1788.0,1788.0,1788.0,1788.0,1788.0,1789.0,1791.0,1791.0,1791.0,1791.0,1792.0,1791.0,1793.0,1794.0,1793.0,1793.0,1793.0,1793.0,1793.0,1793.0,1793.0,1793.0,1793.0,1793.0,1793.0,1794.0,1794.0,1794.0,1794.0,1793.0,1793.0,1793.0,1793.0,1794.0,1794.0,1794.0,1794.0,1794.0,1794.0,1794.0,1794.0,1794.0,1794.0,1794.0,1794.0,1795.0,1795.0,1795.0,1795.0,1795.0,1795.0,1795.0,1795.0,1795.0,1795.0,1795.0,1795.0,1795.0,1796.0,1797.0,1797.0,1797.0,1797.0,1799.0,1799.0,1799.0,1799.0,1799.0,1799.0,1799.0,1799.0,1799.0,,,,,,,,,1803.0,1803.0,1803.0,1803.0,1803.0,1803.0,1804.0,1807.0,1809.0,1809.0,1809.0,1807.0,1807.0,1807.0,1807.0,1808.0,1809.0,1809.0,1809.0,1809.0,1809.0,1811.0,1812.0,1812.0,1812.0,1812.0,1815.0,1816.0,1818.0,1818.0,1818.0,1818.0,1818.0,1819.0,1820.0,1820.0,1820.0,1820.0,1820.0,1820.0,1820.0,1820.0,1825.0,1834.0,1839.0,1840.0,1844.0,1845.0,1845.0,1845.0,1846.0,1847.0,1847.0,1855.0,1857.0,1859.0,1859.0,1852.0,1852.0,1854.0,1854.0,1856.0,1856.0,1856.0,1856.0,1856.0,1856.0,1857.0,1857.0,1857.0,1858.0,1858
jusyo_rV-tM,1570.0,1571.0,1571.0,1572.0,1573.0,1574.0,1574.0,1575.0,1575.0,1576.0,1578.0,1579.0,1582.0,1583.0,1584.0,1584.0,1589.0,1594.0,1595.0,1595.0,1596.0,1596.0,1596.0,1597.0,1598.0,1598.0,1600.0,1601.0,1602.0,1603.0,1603.0,1605.0,1606.0,1606.0,1608.0,1610.0,1611.0,1613.0,1616.0,1617.0,1617.0,1618.0,1619.0,1619.0,1622.0,1625.0,1626.0,1626.0,1629.0,1630.0,1635.0,1636.0,1639.0,1645.0,1647.0,1650.0,1654.0,1655.0,1658.0,1660.0,1661.0,1661.0,1664.0,1667.0,1670.0,1671.0,1672.0,1674.0,1677.0,1680.0,1683.0,1685.0,1688.0,1688.0,1691.0,1693.0,1694.0,1694.0,1698.0,1701.0,1705.0,1709.0,1709.0,1713.0,1713.0,1715.0,1718.0,1718.0,1722.0,1727.0,1729.0,1731.0,1732.0,1734.0,1736.0,1739.0,1744.0,1745.0,1745.0,1747.0,1748.0,1750.0,1753.0,1755.0,1759.0,1759.0,1760.0,1762.0,1762.0,1763.0,1764.0,1764.0,1764.0,1767.0,1767.0,1767.0,1769.0,1770.0,1770.0,1771.0,1771.0,1772.0,1772.0,1772.0,1773.0,1773.0,1774.0,1775.0,1778.0,1778.0,1779.0,1780.0,1781.0,1784.0,,,,,,,,,1805.0,1805.0,1805.0,1806.0,1810.0,1810.0,1814.0,1816.0,1817.0,1820.0,1820.0,1820.0,1823.0,1823.0,1824.0,1824.0,1824.0,1827.0,1832.0,1834.0,1834.0,1838.0,1838.0,1838.0,1838.0,1839.0,1840.0,1841.0,1842.0,1842.0,1844.0,1844.0,1845.0,1850.0,1850.0,1852.0,1854.0,1856.0,1856.0,1857.0,1858.0,1859.0,1861.0,1862.0,1862.0,1863.0,1864.0,1864.0,1866.0,1867.0,1867.0,1867.0,1868.0,1868.0,1868.0,1868.0,1870.0,1871.0,1871.0,1872.0,1874.0,1875.0,1875.0,1875.0,1875.0,1875.0,1875.0,1877.0,1877.0,1882.0,1883.0,1884
NSZgJZrN0RQ,4473.0,4474.0,4477.0,4479.0,4483.0,4490.0,4494.0,4499.0,4503.0,4513.0,4517.0,4519.0,4524.0,4533.0,4537.0,4540.0,4548.0,4555.0,4558.0,4559.0,4563.0,4567.0,4569.0,4570.0,4572.0,4573.0,4580.0,4582.0,4583.0,4586.0,4591.0,4598.0,4600.0,4601.0,4604.0,4606.0,4608.0,4609.0,4613.0,4616.0,4617.0,4620.0,4620.0,4623.0,4623.0,4624.0,4625.0,4628.0,4631.0,4631.0,4635.0,4635.0,4635.0,4640.0,4642.0,4645.0,4650.0,4651.0,4652.0,4652.0,4652.0,4653.0,4654.0,4656.0,4656.0,4659.0,4659.0,4662.0,4664.0,4667.0,4669.0,4672.0,4673.0,4676.0,4677.0,4678.0,4680.0,4684.0,4686.0,4688.0,4690.0,4694.0,4694.0,4696.0,4699.0,4701.0,4702.0,4702.0,4710.0,4714.0,4714.0,4716.0,4717.0,4719.0,4719.0,4720.0,4723.0,4725.0,4728.0,4728.0,4728.0,4732.0,4732.0,4739.0,4743.0,4746.0,4749.0,4752.0,4754.0,4754.0,4757.0,4758.0,4759.0,4759.0,4761.0,4765.0,4765.0,4768.0,4768.0,4771.0,4772.0,4776.0,4776.0,4776.0,4775.0,4775.0,4778.0,4780.0,4783.0,4786.0,4789.0,4790.0,4791.0,4793.0,,,,,,,,,4808.0,4811.0,4815.0,4817.0,4817.0,4820.0,4821.0,4822.0,4827.0,4828.0,4829.0,4829.0,4830.0,4834.0,4837.0,4840.0,4840.0,4841.0,4842.0,4844.0,4845.0,4845.0,4845.0,4845.0,4845.0,4845.0,4845.0,4845.0,4847.0,4847.0,4847.0,4848.0,4848.0,4848.0,4848.0,4849.0,4850.0,4850.0,4851.0,4852.0,4853.0,4852.0,4853.0,4853.0,4854.0,4854.0,4855.0,4855.0,4856.0,4856.0,4857.0,4857.0,4859.0,4859.0,4860.0,4861.0,4863.0,4865.0,4865.0,4866.0,4866.0,4867.0,4868.0,4868.0,4868.0,4871.0,4871.0,4871.0,4871.0,4872.0,4872.0,4872
iLMtwVoS31g,13601.0,13613.0,13619.0,13625.0,13630.0,13638.0,13647.0,13660.0,13668.0,13681.0,13686.0,13696.0,13699.0,13704.0,13710.0,13719.0,13725.0,13734.0,13741.0,13752.0,13759.0,13781.0,13793.0,13800.0,13805.0,13809.0,13821.0,13835.0,13845.0,13859.0,13869.0,13875.0,13887.0,13895.0,13912.0,13916.0,13920.0,13927.0,13934.0,13938.0,13956.0,13970.0,13981.0,13998.0,14012.0,14020.0,14035.0,14048.0,14057.0,14070.0,14080.0,14092.0,14104.0,14116.0,14127.0,14141.0,14158.0,14169.0,14179.0,14185.0,14200.0,14208.0,14218.0,14232.0,14243.0,14250.0,14259.0,14267.0,14276.0,14290.0,14295.0,14302.0,14307.0,14316.0,14319.0,14332.0,14342.0,14347.0,14372.0,14379.0,14385.0,14395.0,14402.0,14413.0,14423.0,14434.0,14441.0,14446.0,14455.0,14464.0,14469.0,14476.0,14487.0,14497.0,14510.0,14516.0,14524.0,14530.0,14556.0,14578.0,14595.0,14610.0,14626.0,14642.0,14655.0,14723.0,14767.0,14796.0,14813.0,14835.0,14860.0,14889.0,14911.0,14922.0,14933.0,14947.0,14966.0,14992.0,15010.0,15022.0,15038.0,15047.0,15059.0,15074.0,15088.0,15107.0,15113.0,15123.0,15134.0,15141.0,15149.0,15157.0,15164.0,15188.0,,,,,,,,,15352.0,15362.0,15380.0,15395.0,15413.0,15430.0,15447.0,15462.0,15476.0,15492.0,15514.0,15534.0,15534.0,15534.0,15534.0,15534.0,15534.0,15534.0,15534.0,15534.0,15534.0,15534.0,15534.0,15534.0,15534.0,15534.0,15534.0,15534.0,15534.0,15534.0,15534.0,15534.0,15534.0,15534.0,15534.0,15534.0,15534.0,15534.0,15534.0,15534.0,15534.0,15534.0,15534.0,15534.0,15534.0,15534.0,15534.0,15534.0,15534.0,15534.0,15534.0,15534.0,15534.0,15534.0,15534.0,15534.0,15534.0,15534.0,15534.0,15534.0,15534.0,15534.0,15534.0,15534.0,15534.0,15534.0,15534.0,15534.0,15534.0,15534.0,15534.0,15534
dXlHGRU2RDA,223.0,223.0,223.0,223.0,223.0,223.0,223.0,223.0,223.0,223.0,223.0,223.0,223.0,223.0,223.0,223.0,223.0,223.0,223.0,223.0,223.0,223.0,223.0,223.0,223.0,223.0,224.0,224.0,224.0,224.0,224.0,224.0,224.0,224.0,224.0,224.0,224.0,224.0,224.0,224.0,224.0,224.0,224.0,224.0,224.0,225.0,225.0,225.0,225.0,225.0,225.0,225.0,225.0,225.0,225.0,225.0,225.0,225.0,225.0,225.0,225.0,225.0,225.0,225.0,225.0,225.0,225.0,225.0,225.0,225.0,225.0,225.0,225.0,225.0,225.0,225.0,225.0,225.0,225.0,225.0,225.0,225.0,226.0,226.0,226.0,226.0,226.0,226.0,226.0,226.0,226.0,226.0,226.0,226.0,226.0,226.0,226.0,226.0,226.0,226.0,226.0,226.0,226.0,226.0,227.0,227.0,227.0,227.0,227.0,227.0,227.0,227.0,227.0,227.0,227.0,227.0,227.0,227.0,227.0,227.0,227.0,227.0,227.0,227.0,227.0,228.0,228.0,228.0,228.0,229.0,230.0,230.0,230.0,230.0,,,,,,,,,230.0,230.0,230.0,230.0,231.0,231.0,231.0,231.0,231.0,231.0,231.0,231.0,231.0,231.0,231.0,231.0,231.0,231.0,231.0,231.0,231.0,231.0,231.0,231.0,231.0,231.0,231.0,231.0,231.0,231.0,231.0,231.0,231.0,231.0,232.0,232.0,232.0,232.0,232.0,232.0,232.0,232.0,233.0,233.0,233.0,233.0,234.0,234.0,234.0,234.0,234.0,236.0,236.0,236.0,236.0,236.0,236.0,236.0,236.0,236.0,236.0,236.0,236.0,236.0,236.0,236.0,236.0,236.0,236.0,236.0,236.0,236
gd92pl0dK64,19442.0,19444.0,19454.0,19461.0,19464.0,19468.0,19470.0,19476.0,19479.0,19483.0,19489.0,19496.0,19502.0,19507.0,19514.0,19521.0,19524.0,19526.0,19530.0,19531.0,19533.0,19536.0,19538.0,19543.0,19544.0,19548.0,19553.0,19556.0,19563.0,19566.0,19568.0,19573.0,19582.0,19586.0,19595.0,19600.0,19604.0,19608.0,19612.0,19618.0,19620.0,19621.0,19621.0,19626.0,19631.0,19637.0,19643.0,19648.0,19650.0,19651.0,19653.0,19658.0,19661.0,19667.0,19670.0,19676.0,19684.0,19690.0,19698.0,19702.0,19708.0,19720.0,19731.0,19736.0,19743.0,19748.0,19756.0,19761.0,19766.0,19774.0,19776.0,19787.0,19794.0,19803.0,19807.0,19814.0,19821.0,19827.0,19835.0,19839.0,19848.0,19852.0,19855.0,19858.0,19859.0,19866.0,19871.0,19879.0,19885.0,19891.0,19899.0,19906.0,19911.0,19917.0,19925.0,19932.0,19938.0,19941.0,19947.0,19953.0,19957.0,19959.0,19963.0,19971.0,19976.0,19983.0,19988.0,19990.0,19995.0,20001.0,20008.0,20014.0,20018.0,20020.0,20025.0,20034.0,20037.0,20040.0,20043.0,20046.0,20051.0,20056.0,20058.0,20066.0,20071.0,20076.0,20077.0,20083.0,20086.0,20087.0,20090.0,20092.0,20102.0,20105.0,,,,,,,,,20140.0,20143.0,20147.0,20152.0,20158.0,20158.0,20161.0,20162.0,20163.0,20165.0,20166.0,20170.0,20173.0,20173.0,20178.0,20180.0,20182.0,20183.0,20185.0,20186.0,20189.0,20189.0,20189.0,20190.0,20193.0,20202.0,20205.0,20212.0,20216.0,20218.0,20220.0,20222.0,20225.0,20226.0,20228.0,20228.0,20230.0,20235.0,20236.0,20237.0,20239.0,20241.0,20242.0,20248.0,20250.0,20251.0,20251.0,20252.0,20252.0,20257.0,20258.0,20261.0,20262.0,20263.0,20263.0,20265.0,20268.0,20269.0,20273.0,20274.0,20274.0,20276.0,20276.0,20278.0,20279.0,20281.0,20286.0,20290.0,20292.0,20296.0,20298.0,20299
6JbCatDhwp4,317840.0,317955.0,318106.0,318193.0,318297.0,318382.0,318500.0,318625.0,318731.0,318841.0,318921.0,319015.0,319151.0,319275.0,319394.0,319542.0,319663.0,319749.0,319880.0,320002.0,320117.0,320230.0,320339.0,320425.0,320501.0,320600.0,320712.0,320822.0,320929.0,321042.0,321151.0,321247.0,321346.0,321431.0,321522.0,321623.0,321760.0,321848.0,321909.0,321992.0,322073.0,322167.0,322265.0,322371.0,322476.0,322538.0,322637.0,322732.0,322843.0,322916.0,323036.0,323141.0,323239.0,323316.0,323422.0,323504.0,323624.0,323720.0,323797.0,323856.0,323944.0,324026.0,324176.0,324272.0,324346.0,324408.0,324477.0,324579.0,324684.0,324812.0,324933.0,325038.0,325130.0,325262.0,325353.0,325445.0,325544.0,325618.0,325751.0,325865.0,325940.0,326056.0,326170.0,326270.0,326369.0,326474.0,326560.0,326628.0,326730.0,326829.0,326930.0,327055.0,327177.0,327286.0,327384.0,327525.0,327626.0,327768.0,327893.0,328005.0,328089.0,328149.0,328281.0,328377.0,328511.0,328644.0,328776.0,328880.0,328990.0,329112.0,329261.0,329418.0,329549.0,329697.0,329802.0,329904.0,330023.0,330151.0,330282.0,330433.0,330522.0,330604.0,330707.0,330790.0,330893.0,331017.0,331118.0,331235.0,331355.0,331467.0,331598.0,331720.0,331861.0,331963.0,,,,,,,,,333226.0,333331.0,333464.0,333585.0,333711.0,333825.0,333948.0,334081.0,334192.0,334332.0,334494.0,334642.0,334814.0,335017.0,335145.0,335288.0,335457.0,335644.0,335841.0,336023.0,336156.0,336312.0,336428.0,336628.0,336835.0,336996.0,337157.0,337382.0,337536.0,337667.0,337844.0,338078.0,338296.0,338516.0,338741.0,338894.0,339041.0,339274.0,339484.0,339741.0,339971.0,340168.0,340386.0,340545.0,340767.0,340984.0,341242.0,341433.0,341620.0,341813.0,341956.0,342136.0,342336.0,342517.0,342726.0,342964.0,343123.0,343238.0,343404.0,343579.0,343742.0,343846.0,344017.0,344147.0,344264.0,344453.0,344655.0,344851.0,344993.0,345150.0,345302.0,345418
bmAmGHXnyOs,1995664.0,1996081.0,1996534.0,1997000.0,1997494.0,1997970.0,1998469.0,1998966.0,1999459.0,1999904.0,2000281.0,2000735.0,2001299.0,2001745.0,2002293.0,2002841.0,2003301.0,2003628.0,2004138.0,2004628.0,2005199.0,2005818.0,2006393.0,2006912.0,2007301.0,2007833.0,2008330.0,2008863.0,2009442.0,2009968.0,2010442.0,2010909.0,2011351.0,2011885.0,2012433.0,2013066.0,2013639.0,2014146.0,2014563.0,2015049.0,2015566.0,2016106.0,2016629.0,2017216.0,2017731.0,2018064.0,2018554.0,2018990.0,2019577.0,2020068.0,2020597.0,2021032.0,2021382.0,2021805.0,2022219.0,2022689.0,2023084.0,2023588.0,2023929.0,2024299.0,2024704.0,2025162.0,2025673.0,2026125.0,2026572.0,2027032.0,2027452.0,2027923.0,2028425.0,2029048.0,2029618.0,2030048.0,2030626.0,2031023.0,2031556.0,2032109.0,2032655.0,2033137.0,2033696.0,2034157.0,2034579.0,2035006.0,2035528.0,2036051.0,2036578.0,2037113.0,2037625.0,2037977.0,2038502.0,2039035.0,2039577.0,2040089.0,2040656.0,2041272.0,2041678.0,2042247.0,2042845.0,2043381.0,2043989.0,2044467.0,2044989.0,2045473.0,2045988.0,2046518.0,2047053.0,2047646.0,2048266.0,2048794.0,2049182.0,2049737.0,2050320.0,2050955.0,2051538.0,2052108.0,2052716.0,2053133.0,2053665.0,2054249.0,2054828.0,2055422.0,2056047.0,2056641.0,2057143.0,2057686.0,2058227.0,2058842.0,2059360.0,2060000.0,2060659.0,2061249.0,2061987.0,2062819.0,2063597.0,2064249.0,,,,,,,,,2071589.0,2072278.0,2073165.0,2074086.0,2075045.0,2075979.0,2076915.0,2077682.0,2078498.0,2079350.0,2080380.0,2081339.0,2082357.0,2083401.0,2084453.0,2085268.0,2086242.0,2087328.0,2088379.0,2089369.0,2090328.0,2091137.0,2091926.0,2092768.0,2093684.0,2094579.0,2095493.0,2096282.0,2097154.0,2097898.0,2098653.0,2099432.0,2100307.0,2101187.0,2102006.0,2102712.0,2103343.0,2104109.0,2104999.0,2105807.0,2106638.0,2107425.0,2108132.0,2108648.0,2109283.0,2109966.0,2110690.0,2111433.0,2112124.0,2112723.0,2113264.0,2113887.0,2114578.0,2115222.0,2115937.0,2116620.0,2117238.0,2117743.0,2118313.0,2118924.0,2119514.0,2119982.0,2120589.0,2121080.0,2121454.0,2122025.0,2122649.0,2123285.0,2123789.0,2124331.0,2124844.0,2125280
126mWQ_GBbM,367374.0,367484.0,367574.0,367651.0,367752.0,367861.0,367969.0,368058.0,368149.0,368260.0,368349.0,368433.0,368522.0,368618.0,368687.0,368762.0,368838.0,368916.0,368988.0,369048.0,369136.0,369214.0,369305.0,369395.0,369489.0,369561.0,369631.0,369695.0,369793.0,369900.0,369969.0,370031.0,370113.0,370205.0,370273.0,370379.0,370475.0,370563.0,370641.0,370732.0,370816.0,370910.0,370992.0,371097.0,371175.0,371260.0,371346.0,371444.0,371565.0,371660.0,371767.0,371871.0,371974.0,372076.0,372199.0,372319.0,372458.0,372592.0,372729.0,372828.0,372946.0,373062.0,373173.0,373329.0,373487.0,373627.0,373751.0,373877.0,373980.0,374102.0,374247.0,374377.0,374481.0,374600.0,374704.0,374840.0,374973.0,375096.0,375233.0,375334.0,375466.0,375571.0,375675.0,375817.0,375921.0,376016.0,376121.0,376228.0,376329.0,376450.0,376553.0,376653.0,376747.0,376860.0,376958.0,377046.0,377136.0,377238.0,377321.0,377400.0,377490.0,377579.0,377665.0,377757.0,377842.0,377940.0,378049.0,378155.0,378227.0,378340.0,378423.0,378545.0,378624.0,378743.0,378824.0,378944.0,379063.0,379150.0,379262.0,379351.0,379470.0,379584.0,379690.0,379790.0,379913.0,380027.0,380161.0,380298.0,380411.0,380527.0,380623.0,380736.0,380828.0,380936.0,,,,,,,,,381863.0,381956.0,382048.0,382129.0,382233.0,382311.0,382400.0,382479.0,382565.0,382625.0,382700.0,382776.0,382874.0,382959.0,383031.0,383105.0,383168.0,383237.0,383312.0,383409.0,383501.0,383586.0,383651.0,383713.0,383783.0,383871.0,383951.0,384035.0,384108.0,384180.0,384251.0,384340.0,384413.0,384495.0,384579.0,384652.0,384718.0,384800.0,384885.0,384972.0,385091.0,385183.0,385263.0,385346.0,385429.0,385553.0,385641.0,385706.0,385826.0,385924.0,386014.0,386113.0,386197.0,386313.0,386422.0,386550.0,386652.0,386727.0,386794.0,386885.0,387001.0,387062.0,387136.0,387228.0,387302.0,387381.0,387471.0,387542.0,387598.0,387665.0,387741.0,387817
KrgiFP3Lgto,286655.0,286682.0,286710.0,286738.0,286770.0,286818.0,286871.0,286895.0,286935.0,286962.0,286991.0,287019.0,287061.0,287105.0,287132.0,287171.0,287208.0,287228.0,287259.0,287291.0,287319.0,287344.0,287366.0,287390.0,287406.0,287426.0,287447.0,287479.0,287504.0,287544.0,287573.0,287603.0,287621.0,287643.0,287668.0,287700.0,287731.0,287760.0,287783.0,287818.0,287842.0,287875.0,287895.0,287937.0,287953.0,287977.0,288007.0,288040.0,288065.0,288097.0,288125.0,288154.0,288176.0,288200.0,288228.0,288266.0,288287.0,288332.0,288359.0,288387.0,288417.0,288442.0,288475.0,288523.0,288549.0,288576.0,288594.0,288617.0,288639.0,288676.0,288706.0,288733.0,288767.0,288788.0,288889.0,288923.0,288941.0,288966.0,288993.0,289035.0,289060.0,289099.0,289133.0,289172.0,289209.0,289240.0,289266.0,289295.0,289325.0,289358.0,289418.0,289456.0,289506.0,289546.0,289589.0,289634.0,289675.0,289714.0,289747.0,289772.0,289792.0,289819.0,289844.0,289878.0,289909.0,289931.0,289951.0,289976.0,290001.0,290038.0,290062.0,290083.0,290109.0,290140.0,290169.0,290191.0,290220.0,290262.0,290297.0,290331.0,290355.0,290372.0,290394.0,290419.0,290438.0,290461.0,290484.0,290504.0,290537.0,290573.0,290613.0,290652.0,290702.0,290736.0,,,,,,,,,291069.0,291102.0,291129.0,291152.0,291182.0,291218.0,291243.0,291259.0,291288.0,291310.0,291335.0,291364.0,291399.0,291422.0,291440.0,291456.0,291483.0,291511.0,291542.0,291558.0,291588.0,291612.0,291635.0,291660.0,291674.0,291698.0,291714.0,291742.0,291773.0,291789.0,291809.0,291834.0,291854.0,291865.0,291883.0,291902.0,291919.0,291941.0,291967.0,291989.0,292011.0,292037.0,292054.0,292100.0,292201.0,292280.0,292335.0,292360.0,292382.0,292415.0,292436.0,292452.0,292473.0,292492.0,292539.0,292589.0,292611.0,292656.0,292715.0,292798.0,292826.0,292851.0,292869.0,292898.0,292914.0,292931.0,292947.0,292973.0,292988.0,293009.0,293026.0,293044
H5xWwKI1msA,5083.0,5084.0,5084.0,5084.0,5084.0,5084.0,5084.0,5084.0,5084.0,5084.0,5084.0,5084.0,5085.0,5086.0,5087.0,5087.0,5087.0,5089.0,5089.0,5093.0,5094.0,5094.0,5094.0,5094.0,5097.0,5097.0,5098.0,5100.0,5101.0,5101.0,5101.0,5101.0,5101.0,5101.0,5101.0,5102.0,5102.0,5102.0,5103.0,5104.0,5105.0,5105.0,5105.0,5106.0,5107.0,5107.0,5107.0,5107.0,5107.0,5108.0,5108.0,5108.0,5109.0,5109.0,5109.0,5109.0,5109.0,5109.0,5109.0,5109.0,5111.0,5111.0,5112.0,5113.0,5114.0,5115.0,5114.0,5114.0,5114.0,5115.0,5115.0,5115.0,5115.0,5116.0,5116.0,5116.0,5116.0,5116.0,5116.0,5117.0,5118.0,5119.0,5120.0,5119.0,5119.0,5119.0,5119.0,5119.0,5119.0,5119.0,5122.0,5122.0,5122.0,5122.0,5122.0,5122.0,5122.0,5122.0,5122.0,5122.0,5123.0,5123.0,5123.0,5123.0,5123.0,5123.0,5125.0,5125.0,5125.0,5126.0,5126.0,5126.0,5126.0,5126.0,5127.0,5127.0,5128.0,5128.0,5128.0,5133.0,5133.0,5135.0,5135.0,5136.0,5136.0,5136.0,5138.0,5138.0,5138.0,5139.0,5139.0,5140.0,5140.0,5141.0,,,,,,,,,5142.0,5142.0,5142.0,5142.0,5143.0,5143.0,5144.0,5144.0,5144.0,5145.0,5145.0,5146.0,5147.0,5147.0,5147.0,5147.0,5147.0,5148.0,5148.0,5148.0,5148.0,5150.0,5150.0,5150.0,5151.0,5151.0,5151.0,5152.0,5152.0,5152.0,5152.0,5152.0,5152.0,5152.0,5152.0,5152.0,5155.0,5157.0,5157.0,5157.0,5157.0,5157.0,5157.0,5157.0,5157.0,5157.0,5157.0,5157.0,5157.0,5158.0,5158.0,5159.0,5159.0,5160.0,5160.0,5160.0,5160.0,5160.0,5161.0,5161.0,5161.0,5161.0,5162.0,5162.0,5162.0,5162.0,5162.0,5163.0,5163.0,5163.0,5163.0,5163
s407OOpWhPg,1009.0,1010.0,1010.0,1010.0,1010.0,1011.0,1011.0,1011.0,1011.0,1011.0,1011.0,1011.0,1011.0,1011.0,1012.0,1012.0,1012.0,1013.0,1013.0,1013.0,1013.0,1013.0,1013.0,1014.0,1015.0,1016.0,1016.0,1016.0,1016.0,1017.0,1017.0,1018.0,1018.0,1018.0,1018.0,1018.0,1018.0,1018.0,1019.0,1019.0,1019.0,1019.0,1019.0,1020.0,1021.0,1021.0,1021.0,1021.0,1021.0,1021.0,1021.0,1021.0,1021.0,1033.0,1034.0,1034.0,1036.0,1037.0,1039.0,1039.0,1039.0,1039.0,1039.0,1039.0,1039.0,1039.0,1040.0,1040.0,1040.0,1040.0,1040.0,1041.0,1041.0,1041.0,1041.0,1041.0,1041.0,1041.0,1041.0,1042.0,1042.0,1042.0,1042.0,1042.0,1042.0,1042.0,1042.0,1042.0,1042.0,1042.0,1043.0,1043.0,1044.0,1044.0,1044.0,1044.0,1044.0,1044.0,1044.0,1044.0,1044.0,1045.0,1045.0,1045.0,1045.0,1045.0,1045.0,1045.0,1045.0,1046.0,1046.0,1046.0,1046.0,1046.0,1046.0,1047.0,1048.0,1048.0,1048.0,1049.0,1049.0,1050.0,1050.0,1050.0,1050.0,1050.0,1050.0,1050.0,1050.0,1050.0,1050.0,1050.0,1050.0,1050.0,,,,,,,,,1050.0,1050.0,1050.0,1050.0,1050.0,1050.0,1050.0,1050.0,1050.0,1050.0,1050.0,1050.0,1050.0,1050.0,1050.0,1050.0,1050.0,1050.0,1050.0,1050.0,1050.0,1050.0,1050.0,1050.0,1050.0,1050.0,1050.0,1050.0,1050.0,1050.0,1050.0,1050.0,1050.0,1050.0,1050.0,1050.0,1050.0,1050.0,1050.0,1050.0,1050.0,1050.0,1050.0,1050.0,1050.0,1050.0,1050.0,1050.0,1050.0,1050.0,1050.0,1050.0,1050.0,1050.0,1050.0,1050.0,1050.0,1050.0,1050.0,1050.0,1050.0,1050.0,1050.0,1050.0,1050.0,1050.0,1050.0,1050.0,1050.0,1050.0,1050.0,1050
NSGNGV3ld_I,8473693.0,8475387.0,8476952.0,8478250.0,8479594.0,8481007.0,8482297.0,8483410.0,8484528.0,8485640.0,8486685.0,8487847.0,8489042.0,8490217.0,8491182.0,8492019.0,8492909.0,8493573.0,8494475.0,8495237.0,8496155.0,8497145.0,8498208.0,8499172.0,8500006.0,8501039.0,8502144.0,8503215.0,8504332.0,8505463.0,8506367.0,8507275.0,8508367.0,8509409.0,8510399.0,8511354.0,8512346.0,8513258.0,8514104.0,8514996.0,8515929.0,8516723.0,8517662.0,8518702.0,8519669.0,8520604.0,8521590.0,8522477.0,8523474.0,8524245.0,8524942.0,8525713.0,8526433.0,8527170.0,8527917.0,8528690.0,8529384.0,8530076.0,8530895.0,8531583.0,8532400.0,8533162.0,8533965.0,8534771.0,8535468.0,8536037.0,8536636.0,8537272.0,8537770.0,8538707.0,8539358.0,8540568.0,8541967.0,8542939.0,8543993.0,8545053.0,8546104.0,8547103.0,8548086.0,8548931.0,8549864.0,8550735.0,8551722.0,8552628.0,8553608.0,8554559.0,8555403.0,8556144.0,8557008.0,8557871.0,8558701.0,8559551.0,8560367.0,8560985.0,8561662.0,8562329.0,8562974.0,8563598.0,8564215.0,8564874.0,8566822.0,8567972.0,8569022.0,8569956.0,8570699.0,8571417.0,8572179.0,8572921.0,8573657.0,8574393.0,8575143.0,8575963.0,8576730.0,8577321.0,8577798.0,8578318.0,8578938.0,8579471.0,8579979.0,8580549.0,8581103.0,8581568.0,8581978.0,8582433.0,8583020.0,8583556.0,8584153.0,8584677.0,8585292.0,8585722.0,8586275.0,8586768.0,8587283.0,8587882.0,,,,,,,,,8593262.0,8593798.0,8594488.0,8595278.0,8596078.0,8596770.0,8597468.0,8598041.0,8598593.0,8599284.0,8599919.0,8600563.0,8601327.0,8602361.0,8603479.0,8604282.0,8605357.0,8606451.0,8607506.0,8608494.0,8609427.0,8610232.0,8610941.0,8611774.0,8612642.0,8613557.0,8614343.0,8615177.0,8615787.0,8616427.0,8617126.0,8617839.0,8618649.0,8619469.0,8620205.0,8620761.0,8621334.0,8622035.0,8622772.0,8623454.0,8624225.0,8624890.0,8625485.0,8626058.0,8626758.0,8627528.0,8628302.0,8629148.0,8629923.0,8630631.0,8631270.0,8631967.0,8632639.0,8633367.0,8634049.0,8634688.0,8635436.0,8636157.0,8636882.0,8637599.0,8638335.0,8639002.0,8639769.0,8640394.0,8641075.0,8641906.0,8642794.0,8643521.0,8644223.0,8645020.0,8645800.0,8646569
fy-llZ2nwG4,7644857.0,7648504.0,7652063.0,7655221.0,7658811.0,7662406.0,7665993.0,7668973.0,7671998.0,7674782.0,7677216.0,7679982.0,7682810.0,7685581.0,7688127.0,7690623.0,7692810.0,7694707.0,7696854.0,7699288.0,7701683.0,7704368.0,7707284.0,7709739.0,7712090.0,7714401.0,7717553.0,7720584.0,7723481.0,7726131.0,7728611.0,7730875.0,7733608.0,7736411.0,7739616.0,7742207.0,7744835.0,7747098.0,7749139.0,7751859.0,7754782.0,7757511.0,7760192.0,7762965.0,7765397.0,7767582.0,7770441.0,7773376.0,7776087.0,7778354.0,7780376.0,7782330.0,7784129.0,7786129.0,7788191.0,7790309.0,7792404.0,7794509.0,7796333.0,7798160.0,7800367.0,7802677.0,7804870.0,7806940.0,7808921.0,7810583.0,7811972.0,7813659.0,7814860.0,7817345.0,7819990.0,7825467.0,7829570.0,7832226.0,7835181.0,7837918.0,7840484.0,7843086.0,7845583.0,7847992.0,7850015.0,7852399.0,7854887.0,7857297.0,7859591.0,7862125.0,7864544.0,7866510.0,7868814.0,7871077.0,7873574.0,7876077.0,7878474.0,7880571.0,7882496.0,7884529.0,7886383.0,7888217.0,7890199.0,7892224.0,7897043.0,7901305.0,7906016.0,7909100.0,7911756.0,7914179.0,7916270.0,7918480.0,7920362.0,7922799.0,7925109.0,7927430.0,7929612.0,7931687.0,7933288.0,7934711.0,7936479.0,7938249.0,7940037.0,7941646.0,7943283.0,7944615.0,7945811.0,7947343.0,7949311.0,7951111.0,7952903.0,7954480.0,7956719.0,7958167.0,7959650.0,7961383.0,7963193.0,7964854.0,,,,,,,,,7980711.0,7982148.0,7983959.0,7985835.0,7987739.0,7989594.0,7991443.0,7992916.0,7994500.0,7996422.0,7998382.0,8000352.0,8002240.0,8004621.0,8007163.0,8009106.0,8011504.0,8014267.0,8016752.0,8019304.0,8021596.0,8023595.0,8025259.0,8027397.0,8029566.0,8031606.0,8033585.0,8035611.0,8037222.0,8038695.0,8040569.0,8042622.0,8044695.0,8047259.0,8049581.0,8051311.0,8052945.0,8055082.0,8057429.0,8059658.0,8061775.0,8063480.0,8065365.0,8067047.0,8069072.0,8071061.0,8073043.0,8075288.0,8077358.0,8079123.0,8080665.0,8082530.0,8084515.0,8086455.0,8088207.0,8090364.0,8092167.0,8093603.0,8095586.0,8097903.0,8100304.0,8102446.0,8104413.0,8106354.0,8108087.0,8110219.0,8112710.0,8115231.0,8117270.0,8119940.0,8122559.0,8125343
lD-evwOGaJ8,1603732.0,1604455.0,1605295.0,1605873.0,1606603.0,1607253.0,1607993.0,1608591.0,1609146.0,1609910.0,1610536.0,1611093.0,1611619.0,1612261.0,1612772.0,1613243.0,1613687.0,1614066.0,1614501.0,1614940.0,1615341.0,1615758.0,1616163.0,1616477.0,1616781.0,1617065.0,1617477.0,1617875.0,1618261.0,1618672.0,1618980.0,1619313.0,1619726.0,1620110.0,1620520.0,1620942.0,1621308.0,1621641.0,1621884.0,1622250.0,1622645.0,1622974.0,1623291.0,1623636.0,1623925.0,1624210.0,1624572.0,1624894.0,1625199.0,1625443.0,1625703.0,1625956.0,1626198.0,1626458.0,1626661.0,1626930.0,1627172.0,1627437.0,1627710.0,1627936.0,1628234.0,1628468.0,1628820.0,1629092.0,1629351.0,1629579.0,1629808.0,1630093.0,1630266.0,1630605.0,1630847.0,1632113.0,1633081.0,1633706.0,1634456.0,1635050.0,1635652.0,1636178.0,1636721.0,1637172.0,1637561.0,1637985.0,1638388.0,1638776.0,1639163.0,1639559.0,1639905.0,1640221.0,1640587.0,1640969.0,1641341.0,1641736.0,1642001.0,1642279.0,1642548.0,1642839.0,1643086.0,1643371.0,1643593.0,1643847.0,1644547.0,1645000.0,1645453.0,1645768.0,1646017.0,1646313.0,1646522.0,1646751.0,1647002.0,1647305.0,1647570.0,1647928.0,1648261.0,1648571.0,1648829.0,1649072.0,1649336.0,1649631.0,1649907.0,1650131.0,1650404.0,1650577.0,1650718.0,1650965.0,1651233.0,1651455.0,1651716.0,1651939.0,1652415.0,1652648.0,1652889.0,1653164.0,1653411.0,1653653.0,,,,,,,,,1655868.0,1656021.0,1656244.0,1656477.0,1656700.0,1656912.0,1657123.0,1657293.0,1657479.0,1657686.0,1657931.0,1658159.0,1658398.0,1658806.0,1659275.0,1659648.0,1660046.0,1660453.0,1660849.0,1661227.0,1661591.0,1661880.0,1662138.0,1662472.0,1662765.0,1663111.0,1663387.0,1663646.0,1663869.0,1664013.0,1664236.0,1664434.0,1664736.0,1664970.0,1665217.0,1665376.0,1665576.0,1665835.0,1666088.0,1666332.0,1666606.0,1666798.0,1666991.0,1667199.0,1667414.0,1667669.0,1667950.0,1668250.0,1668509.0,1668719.0,1668881.0,1669088.0,1669299.0,1669519.0,1669695.0,1669854.0,1669990.0,1670139.0,1670319.0,1670448.0,1670609.0,1670785.0,1670953.0,1671061.0,1671194.0,1671310.0,1671456.0,1671579.0,1671713.0,1671827.0,1671946.0,1672082
mV9nF-BhsFQ,5701959.0,5705586.0,5709156.0,5712020.0,5715261.0,5718482.0,5722093.0,5724737.0,5727460.0,5730200.0,5732659.0,5735469.0,5738282.0,5741145.0,5743547.0,5745828.0,5747952.0,5749784.0,5751811.0,5753809.0,5755811.0,5758638.0,5761173.0,5763291.0,5765301.0,5767434.0,5769903.0,5772159.0,5774336.0,5776801.0,5778790.0,5780571.0,5782695.0,5784714.0,5786805.0,5788973.0,5791103.0,5793044.0,5794618.0,5796451.0,5798324.0,5800094.0,5802094.0,5804281.0,5806123.0,5807882.0,5809903.0,5811884.0,5813846.0,5815509.0,5817491.0,5819038.0,5820313.0,5821644.0,5823190.0,5824733.0,5826611.0,5828349.0,5829901.0,5831455.0,5833201.0,5834979.0,5836675.0,5838410.0,5840180.0,5841701.0,5843200.0,5844618.0,5845890.0,5847748.0,5849316.0,5852328.0,5855380.0,5858155.0,5861490.0,5864823.0,5867785.0,5870243.0,5872463.0,5874523.0,5876575.0,5879075.0,5881918.0,5884478.0,5886746.0,5889043.0,5891156.0,5893108.0,5895545.0,5898063.0,5900537.0,5902914.0,5904660.0,5906441.0,5908034.0,5910116.0,5912214.0,5914477.0,5916480.0,5918511.0,5921609.0,5923839.0,5926620.0,5929377.0,5931979.0,5934607.0,5937305.0,5939849.0,5942025.0,5944184.0,5946295.0,5948242.0,5950280.0,5952233.0,5954091.0,5955759.0,5957875.0,5960149.0,5962378.0,5964437.0,5966414.0,5967689.0,5969278.0,5970920.0,5972807.0,5974518.0,5976198.0,5977990.0,5980553.0,5982448.0,5984794.0,5987717.0,5990301.0,5992578.0,,,,,,,,,6009685.0,6011148.0,6012785.0,6014451.0,6016056.0,6017440.0,6018923.0,6020417.0,6021908.0,6023595.0,6025126.0,6026876.0,6028581.0,6031179.0,6033896.0,6036056.0,6038410.0,6040828.0,6043400.0,6045880.0,6048007.0,6050157.0,6051879.0,6053849.0,6055743.0,6057651.0,6059570.0,6061378.0,6063007.0,6064399.0,6066028.0,6067733.0,6069479.0,6071307.0,6072882.0,6074399.0,6075709.0,6077263.0,6078926.0,6080332.0,6082079.0,6083553.0,6084969.0,6086296.0,6087823.0,6089374.0,6090859.0,6092408.0,6094037.0,6095474.0,6096675.0,6098145.0,6099462.0,6100763.0,6102078.0,6103334.0,6104365.0,6105266.0,6106536.0,6107660.0,6109112.0,6110311.0,6111530.0,6112550.0,6113473.0,6114590.0,6115628.0,6116529.0,6117487.0,6118654.0,6119740.0,6120838
WFnHlDEYbbA,284371.0,284518.0,284630.0,284734.0,284842.0,284929.0,285063.0,285160.0,285235.0,285338.0,285424.0,285521.0,285588.0,285655.0,285733.0,285804.0,285850.0,285897.0,285966.0,286020.0,286071.0,286105.0,286159.0,286201.0,286230.0,286289.0,286359.0,286423.0,286475.0,286529.0,286595.0,286653.0,286738.0,286818.0,286889.0,286952.0,287026.0,287072.0,287109.0,287167.0,287229.0,287289.0,287339.0,287398.0,287476.0,287535.0,287593.0,287652.0,287707.0,287771.0,287831.0,287879.0,287931.0,287986.0,288044.0,288108.0,288162.0,288212.0,288276.0,288310.0,288366.0,288414.0,288480.0,288557.0,288616.0,288653.0,288700.0,288741.0,288779.0,288840.0,288894.0,289065.0,289236.0,289402.0,289557.0,289704.0,289836.0,289926.0,290024.0,290118.0,290188.0,290284.0,290391.0,290513.0,290642.0,290729.0,290813.0,290898.0,290980.0,291089.0,291193.0,291293.0,291354.0,291438.0,291497.0,291559.0,291626.0,291696.0,291760.0,291843.0,291916.0,291965.0,292026.0,292084.0,292140.0,292189.0,292233.0,292266.0,292308.0,292365.0,292411.0,292474.0,292539.0,292614.0,292660.0,292707.0,292765.0,292809.0,292866.0,292917.0,292973.0,293009.0,293042.0,293090.0,293129.0,293159.0,293209.0,293247.0,293303.0,293330.0,293369.0,293410.0,293456.0,293483.0,,,,,,,,,293753.0,293782.0,293816.0,293851.0,293868.0,293890.0,293924.0,293942.0,293968.0,293998.0,294026.0,294052.0,294088.0,294117.0,294146.0,294167.0,294207.0,294245.0,294282.0,294321.0,294348.0,294390.0,294422.0,294462.0,294499.0,294518.0,294549.0,294557.0,294572.0,294591.0,294608.0,294624.0,294651.0,294683.0,294709.0,294729.0,294740.0,294760.0,294773.0,294791.0,294811.0,294831.0,294850.0,294864.0,294882.0,294898.0,294915.0,294931.0,294956.0,294971.0,294988.0,295010.0,295030.0,295058.0,295078.0,295103.0,295122.0,295138.0,295152.0,295166.0,295178.0,295198.0,295211.0,295227.0,295245.0,295258.0,295272.0,295283.0,295311.0,295320.0,295343.0,295360
4ajB2myi-Gg,838063.0,839314.0,840352.0,841172.0,842343.0,843342.0,844417.0,845128.0,845805.0,846594.0,847079.0,847720.0,848384.0,849152.0,849745.0,850304.0,850838.0,851306.0,851770.0,852212.0,852668.0,853146.0,853632.0,854032.0,854411.0,854914.0,855412.0,855866.0,856314.0,856818.0,857334.0,857756.0,858333.0,858859.0,859381.0,859838.0,860412.0,860836.0,861253.0,861710.0,862231.0,862674.0,863198.0,863719.0,864166.0,864547.0,865014.0,865517.0,865947.0,866312.0,866699.0,866979.0,867260.0,867584.0,867876.0,868222.0,868586.0,868941.0,869265.0,869557.0,869941.0,870330.0,870740.0,871147.0,871540.0,871808.0,872114.0,872394.0,872757.0,873176.0,873595.0,874550.0,875477.0,876396.0,877769.0,878996.0,879928.0,880758.0,881568.0,882219.0,882878.0,883901.0,885015.0,885856.0,886633.0,887398.0,888013.0,888632.0,889424.0,890181.0,890919.0,891677.0,892255.0,892831.0,893297.0,893783.0,894358.0,894894.0,895420.0,895888.0,896391.0,896822.0,897272.0,897831.0,898278.0,898870.0,899459.0,900101.0,900599.0,901062.0,901538.0,901972.0,902466.0,902863.0,903292.0,903701.0,904186.0,904704.0,905231.0,905701.0,906177.0,906491.0,906788.0,907192.0,907553.0,907879.0,908291.0,908668.0,909235.0,909557.0,909911.0,910405.0,910814.0,911209.0,,,,,,,,,914454.0,914754.0,915119.0,915510.0,915923.0,916330.0,916710.0,916954.0,917183.0,917540.0,917875.0,918160.0,918586.0,919215.0,919717.0,920131.0,920710.0,921228.0,921779.0,922283.0,922869.0,923316.0,923716.0,924158.0,924645.0,925127.0,925588.0,926053.0,926405.0,926685.0,927077.0,927525.0,927993.0,928388.0,928812.0,929205.0,929540.0,930006.0,930436.0,930977.0,931453.0,931772.0,932114.0,932452.0,932893.0,933352.0,933747.0,934172.0,934563.0,934950.0,935261.0,935672.0,936105.0,936518.0,936885.0,937236.0,937528.0,937815.0,938189.0,938552.0,938883.0,939227.0,939567.0,939839.0,940086.0,940368.0,940632.0,940888.0,941148.0,941468.0,941775.0,942072
VbIf3z2SqHg,21469708.0,21471162.0,21472810.0,21474519.0,21476369.0,21478284.0,21479960.0,21481798.0,21483884.0,21485886.0,21487906.0,21489851.0,21491539.0,21493201.0,21494844.0,21496514.0,21497999.0,21499425.0,21500882.0,21502529.0,21504235.0,21506109.0,21508036.0,21509844.0,21511390.0,21513056.0,21514533.0,21515976.0,21517508.0,21518962.0,21520359.0,21521720.0,21523206.0,21524778.0,21526710.0,21528446.0,21530043.0,21531714.0,21533296.0,21534768.0,21536065.0,21537238.0,21538583.0,21539956.0,21541255.0,21542613.0,21544002.0,21545493.0,21546944.0,21548312.0,21549721.0,21551033.0,21552224.0,21553602.0,21555102.0,21556499.0,21557957.0,21559400.0,21561177.0,21562821.0,21564715.0,21566644.0,21568484.0,21570151.0,21571918.0,21573443.0,21574755.0,21576129.0,21577446.0,21579262.0,21580868.0,21582334.0,21583715.0,21584993.0,21586407.0,21587942.0,21589522.0,21591186.0,21592877.0,21594412.0,21595809.0,21597210.0,21598703.0,21600213.0,21601603.0,21603107.0,21604450.0,21605733.0,21607161.0,21608558.0,21609968.0,21611309.0,21612639.0,21614015.0,21615323.0,21616870.0,21618789.0,21620445.0,21621903.0,21623268.0,21624573.0,21625939.0,21627156.0,21628349.0,21629628.0,21630836.0,21631934.0,21633057.0,21634031.0,21635204.0,21636226.0,21637332.0,21638347.0,21639438.0,21640471.0,21641493.0,21642541.0,21643562.0,21644579.0,21645516.0,21646543.0,21647445.0,21648417.0,21649538.0,21650677.0,21651765.0,21652968.0,21654107.0,21655127.0,21656084.0,21657132.0,21658290.0,21659380.0,21660477.0,,,,,,,,,21670456.0,21671492.0,21672560.0,21673712.0,21674914.0,21676005.0,21677199.0,21678350.0,21679546.0,21680676.0,21681814.0,21683059.0,21684339.0,21685557.0,21686731.0,21687847.0,21689097.0,21690395.0,21691719.0,21692966.0,21694000.0,21694955.0,21695972.0,21697144.0,21698649.0,21699915.0,21701145.0,21702354.0,21703251.0,21704259.0,21705381.0,21706590.0,21707857.0,21709114.0,21710241.0,21711212.0,21712247.0,21713414.0,21714446.0,21715626.0,21716779.0,21717818.0,21718871.0,21719835.0,21720942.0,21722138.0,21723319.0,21724493.0,21725581.0,21726531.0,21727481.0,21728446.0,21729530.0,21730637.0,21731746.0,21732776.0,21733759.0,21734659.0,21735603.0,21736593.0,21737600.0,21738386.0,21739231.0,21739987.0,21740787.0,21741709.0,21742704.0,21743579.0,21744283.0,21745000.0,21745840.0,21746610
MizXzu83M0E,805.0,806.0,806.0,806.0,806.0,806.0,806.0,806.0,807.0,807.0,807.0,807.0,807.0,807.0,807.0,807.0,807.0,807.0,807.0,807.0,807.0,807.0,807.0,807.0,807.0,807.0,807.0,807.0,809.0,809.0,809.0,810.0,810.0,810.0,811.0,811.0,812.0,813.0,814.0,815.0,815.0,815.0,815.0,815.0,816.0,816.0,817.0,817.0,817.0,820.0,820.0,821.0,821.0,821.0,821.0,821.0,826.0,827.0,827.0,827.0,828.0,828.0,828.0,829.0,829.0,830.0,831.0,832.0,832.0,832.0,833.0,833.0,834.0,834.0,834.0,834.0,834.0,834.0,835.0,835.0,835.0,835.0,835.0,835.0,836.0,836.0,836.0,836.0,837.0,837.0,838.0,838.0,840.0,840.0,840.0,840.0,840.0,840.0,840.0,840.0,840.0,841.0,841.0,841.0,841.0,842.0,842.0,842.0,842.0,844.0,845.0,846.0,847.0,847.0,847.0,849.0,850.0,851.0,851.0,851.0,851.0,851.0,851.0,851.0,851.0,851.0,854.0,854.0,855.0,856.0,856.0,857.0,857.0,858.0,,,,,,,,,862.0,862.0,862.0,862.0,863.0,863.0,863.0,863.0,863.0,864.0,865.0,865.0,865.0,866.0,866.0,868.0,868.0,868.0,869.0,869.0,869.0,869.0,869.0,869.0,869.0,869.0,869.0,869.0,869.0,869.0,869.0,869.0,869.0,869.0,869.0,871.0,871.0,871.0,871.0,872.0,872.0,871.0,872.0,872.0,872.0,878.0,878.0,878.0,878.0,879.0,879.0,880.0,880.0,880.0,881.0,881.0,881.0,884.0,884.0,884.0,884.0,884.0,884.0,884.0,884.0,884.0,884.0,884.0,884.0,885.0,885.0,885
XVwi2VF7_R4,14449391.0,14449847.0,14450350.0,14450732.0,14451141.0,14451464.0,14451845.0,14452216.0,14452602.0,14452989.0,14453414.0,14453743.0,14453965.0,14454237.0,14454520.0,14454738.0,14455067.0,14455383.0,14455644.0,14455911.0,14456209.0,14456482.0,14456772.0,14457039.0,14457331.0,14457658.0,14457931.0,14458211.0,14458516.0,14458845.0,14459179.0,14459496.0,14459879.0,14460173.0,14460471.0,14460875.0,14461359.0,14461796.0,14462184.0,14462562.0,14462897.0,14463220.0,14463574.0,14463926.0,14464245.0,14464515.0,14464841.0,14465202.0,14465524.0,14465825.0,14466080.0,14466428.0,14466729.0,14467021.0,14467304.0,14467569.0,14467865.0,14468156.0,14468424.0,14468727.0,14469012.0,14469321.0,14469584.0,14469884.0,14470176.0,14470428.0,14470718.0,14471027.0,14471279.0,14471622.0,14471977.0,14472307.0,14472602.0,14472913.0,14473228.0,14473560.0,14473866.0,14474124.0,14474451.0,14474750.0,14475065.0,14475341.0,14475644.0,14476021.0,14476369.0,14476711.0,14477095.0,14477469.0,14477809.0,14478206.0,14478591.0,14478931.0,14479252.0,14479572.0,14479843.0,14480074.0,14480342.0,14480634.0,14480878.0,14481167.0,14481426.0,14481705.0,14481951.0,14482178.0,14482416.0,14482685.0,14482912.0,14483155.0,14483432.0,14483667.0,14483960.0,14484202.0,14484489.0,14484764.0,14485064.0,14485298.0,14485515.0,14485712.0,14485947.0,14486191.0,14486408.0,14486630.0,14486844.0,14487055.0,14487284.0,14487484.0,14487749.0,14488035.0,14488282.0,14488560.0,14488823.0,14489129.0,14489389.0,14489646.0,,,,,,,,,14491953.0,14492161.0,14492408.0,14492596.0,14492812.0,14492991.0,14493209.0,14493437.0,14493686.0,14493870.0,14494080.0,14494300.0,14494594.0,14494870.0,14495126.0,14495343.0,14495624.0,14495854.0,14496119.0,14496415.0,14496643.0,14496919.0,14497172.0,14497392.0,14497598.0,14497850.0,14498085.0,14498312.0,14498555.0,14498781.0,14499007.0,14499280.0,14499555.0,14499777.0,14500019.0,14500456.0,14500779.0,14500975.0,14501168.0,14501385.0,14501578.0,14501805.0,14502103.0,14502375.0,14502607.0,14502844.0,14503065.0,14503225.0,14503413.0,14503595.0,14503766.0,14503934.0,14504167.0,14504390.0,14504562.0,14504797.0,14505007.0,14505197.0,14505367.0,14505748.0,14506047.0,14506301.0,14506529.0,14506756.0,14506956.0,14507114.0,14507350.0,14507522.0,14507734.0,14507933.0,14508130.0,14508309
lWDA9YgAm6I,414858.0,414952.0,415041.0,415146.0,415250.0,415312.0,415425.0,415518.0,415608.0,415697.0,415811.0,415903.0,415986.0,416069.0,416157.0,416294.0,416384.0,416475.0,416549.0,416642.0,416758.0,416851.0,416952.0,417065.0,417160.0,417230.0,417306.0,417391.0,417469.0,417548.0,417616.0,417677.0,417772.0,417850.0,417912.0,418007.0,418102.0,418194.0,418274.0,418380.0,418502.0,418570.0,418657.0,418755.0,418862.0,418945.0,419031.0,419109.0,419199.0,419279.0,419354.0,419441.0,419499.0,419562.0,419653.0,419741.0,419811.0,419872.0,419938.0,420001.0,420059.0,420133.0,420221.0,420277.0,420351.0,420421.0,420462.0,420523.0,420574.0,420645.0,420744.0,420825.0,420886.0,420940.0,421009.0,421063.0,421120.0,421193.0,421261.0,421337.0,421422.0,421494.0,421559.0,421635.0,421704.0,421791.0,421858.0,421943.0,422013.0,422083.0,422159.0,422227.0,422301.0,422404.0,422477.0,422548.0,422632.0,422733.0,422804.0,422880.0,422954.0,423038.0,423108.0,423195.0,423273.0,423343.0,423441.0,423527.0,423606.0,423670.0,423754.0,423925.0,424120.0,424318.0,424548.0,424549.0,424500.0,424498.0,424484.0,424575.0,424631.0,424686.0,424799.0,424853.0,424918.0,424990.0,425034.0,425098.0,425203.0,425269.0,425330.0,425375.0,425453.0,425532.0,,,,,,,,,426211.0,426290.0,426404.0,426485.0,426592.0,426702.0,426798.0,426866.0,426923.0,426985.0,427056.0,427133.0,427211.0,427285.0,427380.0,427447.0,427512.0,427588.0,427654.0,427727.0,427817.0,427905.0,427980.0,428051.0,428127.0,428178.0,428242.0,428313.0,428393.0,428457.0,428516.0,428570.0,428624.0,428696.0,428752.0,428818.0,428906.0,428956.0,429051.0,429113.0,429181.0,429266.0,429375.0,429459.0,429520.0,429603.0,429677.0,429755.0,429827.0,429919.0,429982.0,430078.0,430157.0,430263.0,430338.0,430417.0,430514.0,430600.0,430739.0,430824.0,430910.0,431032.0,431124.0,431202.0,431301.0,431399.0,431507.0,431625.0,431711.0,431817.0,431908.0,431990
TpoPuLwJ1do,522710.0,522760.0,522816.0,522866.0,522909.0,522989.0,523051.0,523112.0,523167.0,523217.0,523273.0,523333.0,523395.0,523443.0,523485.0,523547.0,523609.0,523650.0,523694.0,523729.0,523772.0,523828.0,523868.0,523919.0,523954.0,523989.0,524015.0,524063.0,524098.0,524138.0,524167.0,524207.0,524245.0,524289.0,524337.0,524370.0,524416.0,524471.0,524492.0,524537.0,524566.0,524599.0,524643.0,524686.0,524707.0,524752.0,524771.0,524815.0,524848.0,524888.0,524923.0,524955.0,524983.0,525017.0,525067.0,525109.0,525149.0,525196.0,525229.0,525268.0,525307.0,525353.0,525401.0,525446.0,525480.0,525517.0,525553.0,525604.0,525647.0,525709.0,525743.0,525797.0,525831.0,525870.0,525914.0,525965.0,526030.0,526073.0,526114.0,526147.0,526194.0,526228.0,526267.0,526303.0,526363.0,526408.0,526444.0,526469.0,526512.0,526542.0,526587.0,526616.0,526662.0,526709.0,526739.0,526768.0,526808.0,526843.0,526872.0,526897.0,526932.0,526961.0,527005.0,527036.0,527066.0,527097.0,527131.0,527163.0,527199.0,527223.0,527254.0,527276.0,527306.0,527332.0,527363.0,527393.0,527432.0,527468.0,527496.0,527529.0,527559.0,527581.0,527603.0,527628.0,527645.0,527671.0,527692.0,527709.0,527738.0,527769.0,527799.0,527823.0,527858.0,527895.0,,,,,,,,,528168.0,528182.0,528222.0,528240.0,528270.0,528299.0,528321.0,528345.0,528368.0,528395.0,528421.0,528446.0,528475.0,528498.0,528517.0,528531.0,528540.0,528561.0,528578.0,528595.0,528616.0,528637.0,528651.0,528680.0,528702.0,528719.0,528751.0,528776.0,528807.0,528824.0,528848.0,528872.0,528895.0,528929.0,528955.0,528988.0,529006.0,529032.0,529062.0,529088.0,529117.0,529157.0,529189.0,529215.0,529227.0,529257.0,529289.0,529314.0,529353.0,529371.0,529394.0,529418.0,529441.0,529460.0,529481.0,529496.0,529508.0,529523.0,529539.0,529547.0,529567.0,529586.0,529605.0,529617.0,529633.0,529650.0,529663.0,529687.0,529705.0,529716.0,529735.0,529749
lpNocoQpKKg,131.0,131.0,131.0,131.0,131.0,131.0,131.0,131.0,131.0,131.0,131.0,131.0,131.0,131.0,131.0,131.0,131.0,131.0,131.0,131.0,131.0,131.0,131.0,131.0,131.0,131.0,131.0,131.0,131.0,131.0,131.0,131.0,131.0,131.0,131.0,131.0,131.0,131.0,131.0,131.0,131.0,131.0,131.0,131.0,131.0,131.0,131.0,131.0,131.0,131.0,131.0,131.0,131.0,131.0,131.0,131.0,131.0,131.0,131.0,131.0,131.0,131.0,131.0,131.0,131.0,131.0,131.0,131.0,131.0,131.0,131.0,131.0,131.0,131.0,131.0,131.0,131.0,131.0,131.0,131.0,131.0,131.0,131.0,131.0,131.0,131.0,131.0,131.0,131.0,131.0,131.0,131.0,131.0,131.0,131.0,131.0,131.0,131.0,131.0,131.0,131.0,131.0,131.0,131.0,131.0,131.0,131.0,131.0,131.0,131.0,131.0,131.0,131.0,131.0,131.0,131.0,131.0,131.0,131.0,131.0,131.0,131.0,131.0,131.0,131.0,131.0,131.0,131.0,131.0,131.0,131.0,131.0,131.0,131.0,,,,,,,,,131.0,131.0,131.0,131.0,131.0,131.0,131.0,131.0,131.0,131.0,131.0,131.0,131.0,131.0,131.0,131.0,131.0,131.0,131.0,131.0,131.0,131.0,131.0,131.0,131.0,131.0,131.0,131.0,131.0,131.0,131.0,131.0,131.0,131.0,131.0,131.0,131.0,131.0,131.0,131.0,131.0,131.0,131.0,131.0,131.0,131.0,131.0,131.0,131.0,131.0,131.0,131.0,131.0,131.0,131.0,131.0,131.0,131.0,131.0,131.0,131.0,131.0,131.0,131.0,131.0,131.0,131.0,131.0,131.0,131.0,131.0,131
CzNCeNKDgmA,11306.0,11320.0,11330.0,11341.0,11349.0,11354.0,11359.0,11362.0,11368.0,11374.0,11378.0,11383.0,11385.0,11392.0,11398.0,11401.0,11402.0,11406.0,11410.0,11415.0,11421.0,11428.0,11433.0,11441.0,11441.0,11449.0,11459.0,11464.0,11473.0,11484.0,11492.0,11498.0,11502.0,11514.0,11518.0,11522.0,11533.0,11542.0,11546.0,11553.0,11560.0,11561.0,11562.0,11567.0,11570.0,11575.0,11576.0,11580.0,11581.0,11583.0,11587.0,11589.0,11590.0,11591.0,11591.0,11592.0,11594.0,11596.0,11597.0,11599.0,11600.0,11601.0,11603.0,11607.0,11608.0,11609.0,11612.0,11613.0,11618.0,11622.0,11624.0,11625.0,11628.0,11631.0,11632.0,11634.0,11636.0,11639.0,11640.0,11640.0,11643.0,11649.0,11652.0,11654.0,11657.0,11660.0,11662.0,11667.0,11669.0,11673.0,11679.0,11680.0,11681.0,11683.0,11685.0,11688.0,11690.0,11696.0,11703.0,11704.0,11706.0,11709.0,11717.0,11719.0,11720.0,11724.0,11727.0,11733.0,11736.0,11740.0,11740.0,11743.0,11743.0,11746.0,11749.0,11749.0,11750.0,11752.0,11753.0,11753.0,11754.0,11758.0,11759.0,11760.0,11761.0,11764.0,11768.0,11772.0,11774.0,11775.0,11778.0,11778.0,11779.0,11781.0,,,,,,,,,11811.0,11813.0,11813.0,11816.0,11817.0,11820.0,11825.0,11826.0,11829.0,11829.0,11830.0,11833.0,11836.0,11839.0,11839.0,11843.0,11844.0,11846.0,11848.0,11850.0,11850.0,11851.0,11851.0,11851.0,11851.0,11852.0,11853.0,11854.0,11854.0,11857.0,11859.0,11859.0,11859.0,11859.0,11859.0,11859.0,11861.0,11863.0,11863.0,11863.0,11864.0,11864.0,11864.0,11864.0,11865.0,11866.0,11866.0,11866.0,11868.0,11868.0,11868.0,11869.0,11870.0,11870.0,11870.0,11872.0,11876.0,11878.0,11878.0,11878.0,11880.0,11880.0,11880.0,11880.0,11880.0,11881.0,11882.0,11886.0,11886.0,11887.0,11887.0,11890
6Ftfoaesuzc,852.0,852.0,852.0,852.0,853.0,853.0,854.0,854.0,855.0,856.0,856.0,856.0,857.0,858.0,859.0,859.0,859.0,859.0,861.0,861.0,861.0,862.0,864.0,864.0,864.0,864.0,866.0,867.0,868.0,869.0,869.0,869.0,869.0,870.0,870.0,871.0,871.0,872.0,872.0,872.0,872.0,872.0,873.0,873.0,873.0,873.0,873.0,873.0,874.0,874.0,875.0,876.0,876.0,877.0,877.0,878.0,879.0,880.0,881.0,882.0,886.0,889.0,892.0,895.0,895.0,896.0,897.0,898.0,898.0,898.0,903.0,910.0,911.0,912.0,914.0,916.0,917.0,918.0,922.0,923.0,923.0,926.0,926.0,926.0,927.0,927.0,927.0,927.0,929.0,931.0,933.0,933.0,934.0,935.0,936.0,936.0,937.0,938.0,938.0,938.0,938.0,938.0,940.0,943.0,948.0,949.0,954.0,968.0,975.0,978.0,983.0,990.0,993.0,996.0,1001.0,1006.0,1020.0,1023.0,1028.0,1036.0,1044.0,1054.0,1057.0,1060.0,1062.0,1069.0,1075.0,1077.0,1080.0,1085.0,1091.0,1096.0,1107.0,1118.0,,,,,,,,,1212.0,1217.0,1220.0,1224.0,1231.0,1237.0,1244.0,1249.0,1255.0,1261.0,1267.0,1276.0,1276.0,1276.0,1276.0,1276.0,1276.0,1276.0,1276.0,1276.0,1276.0,1276.0,1276.0,1276.0,1276.0,1276.0,1276.0,1276.0,1276.0,1276.0,1276.0,1276.0,1276.0,1276.0,1276.0,1276.0,1276.0,1276.0,1276.0,1276.0,1276.0,1276.0,1276.0,1276.0,1276.0,1276.0,1276.0,1276.0,1276.0,1276.0,1276.0,1276.0,1276.0,1276.0,1276.0,1276.0,1276.0,1276.0,1276.0,1276.0,1276.0,1276.0,1276.0,1276.0,1276.0,1276.0,1276.0,1276.0,1276.0,1276.0,1276.0,1276
NLtMC_ujJpE,610341.0,610342.0,610348.0,610350.0,610352.0,610355.0,610361.0,610364.0,610365.0,610371.0,610381.0,610382.0,610385.0,610387.0,610391.0,610393.0,610398.0,610412.0,610415.0,610419.0,610426.0,610429.0,610435.0,610437.0,610438.0,610438.0,610443.0,610444.0,610445.0,610447.0,610449.0,610453.0,610457.0,610460.0,610464.0,610466.0,610467.0,610469.0,610474.0,610476.0,610479.0,610483.0,610486.0,610488.0,610489.0,610494.0,610500.0,610505.0,610506.0,610513.0,610514.0,610519.0,610526.0,610535.0,610537.0,610540.0,610541.0,610548.0,610551.0,610553.0,610560.0,610561.0,610563.0,610567.0,610571.0,610570.0,610575.0,610577.0,610577.0,610579.0,610583.0,610589.0,610594.0,610596.0,610598.0,610601.0,610604.0,610608.0,610612.0,610617.0,610619.0,610623.0,610632.0,610634.0,610638.0,610645.0,610646.0,610647.0,610652.0,610657.0,610659.0,610661.0,610664.0,610665.0,610668.0,610672.0,610672.0,610673.0,610678.0,610680.0,610682.0,610684.0,610687.0,610688.0,610692.0,610695.0,610701.0,610707.0,610711.0,610711.0,610714.0,610724.0,610730.0,610737.0,610747.0,610758.0,610774.0,610786.0,610804.0,610811.0,610822.0,610830.0,610838.0,610851.0,610855.0,610860.0,610867.0,610876.0,610880.0,610885.0,610891.0,610895.0,610904.0,610912.0,,,,,,,,,611009.0,611019.0,611057.0,611079.0,611099.0,611117.0,611132.0,611157.0,611169.0,611178.0,611181.0,611194.0,611203.0,611209.0,611247.0,611259.0,611265.0,611270.0,611273.0,611275.0,611281.0,611288.0,611293.0,611299.0,611302.0,611306.0,611311.0,611318.0,611325.0,611332.0,611334.0,611341.0,611347.0,611350.0,611359.0,611365.0,611371.0,611375.0,611378.0,611381.0,611385.0,611388.0,611395.0,611398.0,611403.0,611405.0,611405.0,611406.0,611408.0,611410.0,611414.0,611416.0,611419.0,611422.0,611426.0,611427.0,611435.0,611441.0,611441.0,611451.0,611452.0,611453.0,611458.0,611462.0,611464.0,611467.0,611470.0,611471.0,611473.0,611475.0,611481.0,611488
d5MV4O7j0xM,31696.0,31704.0,31707.0,31713.0,31720.0,31725.0,31726.0,31729.0,31733.0,31739.0,31745.0,31749.0,31757.0,31766.0,31772.0,31779.0,31783.0,31786.0,31788.0,31794.0,31800.0,31810.0,31817.0,31819.0,31822.0,31831.0,31835.0,31842.0,31847.0,31853.0,31860.0,31870.0,31879.0,31892.0,31894.0,31898.0,31903.0,31910.0,31919.0,31923.0,31928.0,31932.0,31934.0,31941.0,31950.0,31956.0,31959.0,31964.0,31969.0,31976.0,31981.0,31988.0,31996.0,32001.0,32004.0,32008.0,32010.0,32019.0,32029.0,32037.0,32043.0,32052.0,32054.0,32058.0,32064.0,32069.0,32074.0,32081.0,32083.0,32098.0,32103.0,32113.0,32120.0,32126.0,32135.0,32145.0,32152.0,32157.0,32162.0,32175.0,32183.0,32189.0,32191.0,32198.0,32206.0,32220.0,32224.0,32238.0,32244.0,32254.0,32263.0,32277.0,32287.0,32296.0,32304.0,32311.0,32321.0,32325.0,32332.0,32338.0,32343.0,32347.0,32353.0,32363.0,32369.0,32379.0,32386.0,32391.0,32395.0,32400.0,32403.0,32406.0,32408.0,32410.0,32416.0,32426.0,32433.0,32436.0,32443.0,32449.0,32461.0,32469.0,32476.0,32487.0,32496.0,32498.0,32510.0,32514.0,32519.0,32526.0,32533.0,32540.0,32541.0,32542.0,,,,,,,,,32594.0,32600.0,32605.0,32607.0,32618.0,32620.0,32630.0,32636.0,32642.0,32645.0,32648.0,32649.0,32652.0,32658.0,32663.0,32667.0,32672.0,32675.0,32676.0,32677.0,32682.0,32686.0,32696.0,32702.0,32707.0,32716.0,32724.0,32732.0,32739.0,32753.0,32763.0,32768.0,32775.0,32788.0,32789.0,32793.0,32797.0,32802.0,32806.0,32818.0,32819.0,32825.0,32831.0,32843.0,32848.0,32851.0,32855.0,32861.0,32863.0,32866.0,32871.0,32877.0,32880.0,32886.0,32893.0,32896.0,32899.0,32902.0,32908.0,32909.0,32910.0,32911.0,32914.0,32914.0,32915.0,32922.0,32929.0,32938.0,32946.0,32954.0,32958.0,32962
WG74_vlnhwc,279.0,279.0,279.0,279.0,279.0,279.0,279.0,279.0,279.0,279.0,279.0,279.0,279.0,279.0,279.0,279.0,279.0,279.0,279.0,279.0,279.0,279.0,279.0,279.0,279.0,279.0,279.0,279.0,279.0,279.0,279.0,279.0,279.0,279.0,279.0,279.0,279.0,279.0,279.0,279.0,279.0,279.0,279.0,279.0,279.0,279.0,279.0,279.0,279.0,279.0,279.0,279.0,279.0,279.0,279.0,279.0,279.0,279.0,279.0,279.0,279.0,279.0,279.0,279.0,279.0,279.0,279.0,279.0,279.0,279.0,279.0,279.0,279.0,279.0,279.0,279.0,279.0,279.0,279.0,279.0,279.0,279.0,279.0,279.0,279.0,279.0,279.0,279.0,279.0,279.0,279.0,279.0,279.0,279.0,279.0,279.0,279.0,279.0,279.0,279.0,279.0,279.0,279.0,279.0,279.0,279.0,279.0,279.0,279.0,279.0,279.0,279.0,279.0,279.0,279.0,279.0,279.0,279.0,279.0,279.0,279.0,279.0,279.0,279.0,279.0,279.0,279.0,279.0,279.0,279.0,279.0,279.0,279.0,279.0,,,,,,,,,279.0,279.0,279.0,279.0,279.0,279.0,279.0,279.0,279.0,279.0,279.0,279.0,279.0,279.0,279.0,279.0,279.0,279.0,279.0,279.0,279.0,279.0,279.0,279.0,279.0,279.0,279.0,279.0,279.0,279.0,279.0,279.0,279.0,279.0,279.0,279.0,279.0,279.0,279.0,279.0,279.0,279.0,279.0,279.0,279.0,279.0,279.0,279.0,279.0,279.0,279.0,279.0,279.0,279.0,279.0,279.0,279.0,279.0,279.0,279.0,279.0,279.0,279.0,279.0,279.0,279.0,279.0,279.0,279.0,279.0,279.0,279
ZXLIgz4Xoio,14069.0,14069.0,14069.0,14069.0,14069.0,14069.0,14069.0,14069.0,14069.0,14069.0,14069.0,14069.0,14069.0,14069.0,14069.0,14069.0,14069.0,14069.0,14069.0,14069.0,14069.0,14069.0,14069.0,14069.0,14069.0,14069.0,14069.0,14069.0,14069.0,14069.0,14069.0,14069.0,14069.0,14069.0,14069.0,14069.0,14069.0,14069.0,14069.0,14069.0,14069.0,14069.0,14069.0,14069.0,14069.0,14069.0,14069.0,14069.0,14069.0,14069.0,14069.0,14069.0,14069.0,14069.0,14069.0,14069.0,14069.0,14069.0,14069.0,14069.0,14069.0,14069.0,14069.0,14069.0,14069.0,14069.0,14069.0,14069.0,14069.0,14069.0,14069.0,14069.0,14069.0,14069.0,14069.0,14069.0,14069.0,14069.0,14069.0,14069.0,14069.0,14069.0,14069.0,14069.0,14069.0,14069.0,14069.0,14069.0,14069.0,14069.0,14069.0,14069.0,14069.0,14069.0,14069.0,14069.0,14069.0,14069.0,14069.0,14069.0,14069.0,14069.0,14069.0,14069.0,14069.0,14069.0,14069.0,14069.0,14069.0,14069.0,14069.0,14069.0,14069.0,14069.0,14069.0,14069.0,14069.0,14069.0,14069.0,14069.0,14069.0,14069.0,14069.0,14069.0,14069.0,14069.0,14069.0,14069.0,14069.0,14069.0,14069.0,14069.0,14069.0,14069.0,,,,,,,,,14069.0,14069.0,14069.0,14069.0,14069.0,14069.0,14069.0,14069.0,14069.0,14069.0,14069.0,14069.0,14069.0,14069.0,14069.0,14069.0,14069.0,14069.0,14069.0,14069.0,14069.0,14069.0,14069.0,14069.0,14069.0,14069.0,14069.0,14069.0,14069.0,14069.0,14069.0,14069.0,14069.0,14069.0,14069.0,14069.0,14069.0,14069.0,14069.0,14069.0,14069.0,14069.0,14069.0,14069.0,14069.0,14069.0,14069.0,14069.0,14069.0,14069.0,14069.0,14069.0,14069.0,14069.0,14069.0,14069.0,14069.0,14069.0,14069.0,14069.0,14069.0,14069.0,14069.0,14069.0,14069.0,14069.0,14069.0,14069.0,14069.0,14069.0,14069.0,14069
Jna6r5kgySs,10188.0,10188.0,10188.0,10188.0,10188.0,10188.0,10188.0,10188.0,10188.0,10188.0,10188.0,10188.0,10188.0,10188.0,10188.0,10188.0,10188.0,10188.0,10188.0,10188.0,10188.0,10188.0,10188.0,10188.0,10188.0,10188.0,10188.0,10188.0,10188.0,10188.0,10188.0,10188.0,10188.0,10188.0,10188.0,10188.0,10188.0,10188.0,10188.0,10188.0,10188.0,10188.0,10188.0,10188.0,10188.0,10188.0,10188.0,10188.0,10188.0,10188.0,10188.0,10188.0,10188.0,10188.0,10188.0,10188.0,10188.0,10188.0,10188.0,10188.0,10188.0,10188.0,10188.0,10188.0,10188.0,10188.0,10188.0,10188.0,10188.0,10188.0,10188.0,10188.0,10188.0,10188.0,10188.0,10188.0,10188.0,10188.0,10188.0,10188.0,10188.0,10188.0,10188.0,10188.0,10188.0,10188.0,10188.0,10188.0,10188.0,10188.0,10188.0,10188.0,10188.0,10188.0,10188.0,10188.0,10188.0,10188.0,10188.0,10188.0,10188.0,10188.0,10188.0,10188.0,10188.0,10188.0,10188.0,10188.0,10188.0,10188.0,10188.0,10188.0,10188.0,10188.0,10188.0,10188.0,10188.0,10188.0,10188.0,10188.0,10188.0,10188.0,10188.0,10188.0,10188.0,10188.0,10188.0,10188.0,10188.0,10188.0,10188.0,10188.0,10188.0,10188.0,,,,,,,,,10188.0,10188.0,10188.0,10188.0,10188.0,10188.0,10188.0,10188.0,10188.0,10188.0,10188.0,10188.0,10188.0,10188.0,10188.0,10188.0,10188.0,10188.0,10188.0,10188.0,10188.0,10188.0,10188.0,10188.0,10188.0,10188.0,10188.0,10188.0,10188.0,10188.0,10188.0,10188.0,10188.0,10188.0,10188.0,10188.0,10188.0,10188.0,10188.0,10188.0,10188.0,10188.0,10188.0,10188.0,10188.0,10188.0,10188.0,10188.0,10188.0,10188.0,10188.0,10188.0,10188.0,10188.0,10188.0,10188.0,10188.0,10188.0,10188.0,10188.0,10188.0,10188.0,10188.0,10188.0,10188.0,10188.0,10188.0,10188.0,10188.0,10188.0,10188.0,10188
9uHq0i3apFM,2309.0,2310.0,2310.0,2310.0,2310.0,2310.0,2310.0,2310.0,2310.0,2310.0,2310.0,2310.0,2311.0,2311.0,2311.0,2311.0,2311.0,2311.0,2311.0,2312.0,2312.0,2312.0,2313.0,2313.0,2313.0,2313.0,2313.0,2315.0,2315.0,2318.0,2320.0,2321.0,2327.0,2328.0,2330.0,2327.0,2327.0,2327.0,2327.0,2328.0,2329.0,2330.0,2330.0,2330.0,2331.0,2331.0,2331.0,2331.0,2331.0,2332.0,2335.0,2335.0,2336.0,2334.0,2334.0,2334.0,2334.0,2336.0,2337.0,2338.0,2339.0,2339.0,2340.0,2341.0,2343.0,2348.0,2349.0,2350.0,2350.0,2352.0,2357.0,2358.0,2359.0,2359.0,2360.0,2360.0,2360.0,2360.0,2361.0,2361.0,2363.0,2364.0,2364.0,2364.0,2365.0,2365.0,2365.0,2367.0,2368.0,2368.0,2371.0,2374.0,2374.0,2376.0,2377.0,2378.0,2380.0,2380.0,2380.0,2383.0,2383.0,2384.0,2384.0,2384.0,2384.0,2384.0,2385.0,2385.0,2386.0,2386.0,2386.0,2388.0,2388.0,2388.0,2388.0,2388.0,2392.0,2405.0,2416.0,2418.0,2419.0,2420.0,2420.0,2422.0,2425.0,2425.0,2425.0,2431.0,2433.0,2434.0,2435.0,2435.0,2435.0,2435.0,,,,,,,,,2435.0,2437.0,2437.0,2437.0,2438.0,2438.0,2438.0,2438.0,2440.0,2443.0,2444.0,2445.0,2446.0,2447.0,2449.0,2449.0,2450.0,2452.0,2454.0,2454.0,2455.0,2455.0,2455.0,2456.0,2457.0,2457.0,2460.0,2460.0,2461.0,2461.0,2461.0,2465.0,2465.0,2465.0,2466.0,2467.0,2469.0,2472.0,2473.0,2473.0,2475.0,2479.0,2479.0,2479.0,2482.0,2483.0,2484.0,2484.0,2485.0,2485.0,2487.0,2487.0,2487.0,2487.0,2487.0,2488.0,2488.0,2488.0,2488.0,2488.0,2489.0,2489.0,2489.0,2492.0,2492.0,2492.0,2493.0,2494.0,2494.0,2495.0,2495.0,2496
zutm5S3Xe5I,44210.0,44213.0,44217.0,44225.0,44233.0,44245.0,44250.0,44251.0,44259.0,44261.0,44266.0,44270.0,44273.0,44277.0,44280.0,44282.0,44288.0,44291.0,44295.0,44300.0,44300.0,44306.0,44306.0,44308.0,44311.0,44315.0,44323.0,44324.0,44329.0,44330.0,44332.0,44333.0,44336.0,44337.0,44337.0,44340.0,44347.0,44352.0,44355.0,44359.0,44361.0,44366.0,44370.0,44376.0,44380.0,44382.0,44383.0,44385.0,44390.0,44395.0,44396.0,44398.0,44400.0,44402.0,44405.0,44406.0,44410.0,44411.0,44421.0,44428.0,44431.0,44439.0,44446.0,44453.0,44456.0,44461.0,44464.0,44468.0,44470.0,44476.0,44482.0,44483.0,44491.0,44493.0,44495.0,44499.0,44507.0,44510.0,44514.0,44517.0,44516.0,44516.0,44519.0,44524.0,44524.0,44525.0,44526.0,44527.0,44531.0,44535.0,44540.0,44547.0,44550.0,44551.0,44556.0,44569.0,44570.0,44571.0,44574.0,44576.0,44579.0,44583.0,44585.0,44589.0,44594.0,44597.0,44597.0,44598.0,44598.0,44600.0,44600.0,44604.0,44605.0,44607.0,44610.0,44613.0,44615.0,44620.0,44621.0,44621.0,44621.0,44621.0,44623.0,44626.0,44632.0,44634.0,44636.0,44639.0,44640.0,44640.0,44641.0,44646.0,44647.0,44648.0,,,,,,,,,44672.0,44674.0,44677.0,44683.0,44686.0,44688.0,44690.0,44694.0,44696.0,44699.0,44700.0,44702.0,44706.0,44707.0,44708.0,44713.0,44715.0,44719.0,44722.0,44722.0,44722.0,44723.0,44723.0,44724.0,44730.0,44731.0,44734.0,44737.0,44738.0,44741.0,44749.0,44752.0,44752.0,44753.0,44757.0,44759.0,44762.0,44767.0,44773.0,44773.0,44773.0,44778.0,44779.0,44782.0,44784.0,44785.0,44786.0,44789.0,44790.0,44792.0,44794.0,44794.0,44798.0,44799.0,44800.0,44801.0,44805.0,44807.0,44807.0,44807.0,44810.0,44814.0,44815.0,44817.0,44821.0,44823.0,44825.0,44826.0,44827.0,44831.0,44836.0,44839
wXgTrn4UAzU,7116.0,7118.0,7119.0,7121.0,7123.0,7129.0,7131.0,7131.0,7131.0,7131.0,7131.0,7133.0,7133.0,7136.0,7137.0,7137.0,7138.0,7138.0,7138.0,7138.0,7138.0,7138.0,7138.0,7138.0,7138.0,7138.0,7139.0,7139.0,7140.0,7140.0,7142.0,7142.0,7141.0,7142.0,7141.0,7141.0,7141.0,7141.0,7141.0,7141.0,7141.0,7141.0,7141.0,7141.0,7146.0,7146.0,7146.0,7146.0,7146.0,7146.0,7146.0,7146.0,7147.0,7148.0,7148.0,7148.0,7148.0,7149.0,7151.0,7151.0,7151.0,7151.0,7151.0,7152.0,7153.0,7153.0,7153.0,7153.0,7154.0,7154.0,7154.0,7155.0,7155.0,7156.0,7156.0,7156.0,7156.0,7156.0,7156.0,7156.0,7159.0,7159.0,7159.0,7159.0,7159.0,7159.0,7159.0,7159.0,7159.0,7160.0,7161.0,7161.0,7162.0,7164.0,7164.0,7164.0,7164.0,7164.0,7164.0,7164.0,7164.0,7164.0,7164.0,7165.0,7165.0,7165.0,7165.0,7165.0,7165.0,7166.0,7166.0,7167.0,7168.0,7168.0,7168.0,7168.0,7168.0,7168.0,7170.0,7170.0,7171.0,7171.0,7171.0,7171.0,7171.0,7171.0,7172.0,7173.0,7174.0,7174.0,7175.0,7175.0,7175.0,7175.0,,,,,,,,,7180.0,7180.0,7180.0,7181.0,7181.0,7181.0,7181.0,7182.0,7182.0,7182.0,7182.0,7182.0,7182.0,7182.0,7182.0,7182.0,7182.0,7182.0,7182.0,7183.0,7183.0,7183.0,7183.0,7184.0,7185.0,7185.0,7185.0,7185.0,7185.0,7185.0,7186.0,7186.0,7187.0,7187.0,7188.0,7188.0,7188.0,7190.0,7190.0,7190.0,7190.0,7191.0,7191.0,7192.0,7192.0,7192.0,7192.0,7192.0,7192.0,7192.0,7192.0,7192.0,7193.0,7196.0,7197.0,7198.0,7198.0,7198.0,7198.0,7199.0,7201.0,7201.0,7201.0,7202.0,7203.0,7203.0,7203.0,7203.0,7203.0,7203.0,7204.0,7204
y0IRwpLr0dA,106679.0,106744.0,106818.0,106893.0,106981.0,107082.0,107204.0,107313.0,107431.0,107502.0,107556.0,107673.0,107799.0,107903.0,108011.0,108150.0,108250.0,108339.0,108426.0,108531.0,108679.0,108810.0,108937.0,109052.0,109163.0,109283.0,109424.0,109548.0,109694.0,109853.0,109956.0,110042.0,110169.0,110290.0,110402.0,110533.0,110682.0,110802.0,110895.0,111032.0,111156.0,111328.0,111452.0,111581.0,111726.0,111799.0,111912.0,112020.0,112119.0,112212.0,112302.0,112380.0,112454.0,112544.0,112671.0,112774.0,112893.0,113017.0,113111.0,113204.0,113291.0,113436.0,113580.0,113709.0,113821.0,113922.0,113951.0,114090.0,114179.0,114317.0,114419.0,114502.0,114572.0,114622.0,114693.0,114798.0,114893.0,114963.0,115053.0,115134.0,115199.0,115299.0,115405.0,115493.0,115570.0,115680.0,115764.0,115861.0,115946.0,116035.0,116163.0,116273.0,116386.0,116459.0,116542.0,116642.0,116753.0,116854.0,116944.0,117062.0,117142.0,117207.0,117307.0,117417.0,117507.0,117602.0,117720.0,117794.0,117890.0,117998.0,118109.0,118251.0,118376.0,118480.0,118566.0,118636.0,118723.0,118850.0,118955.0,119072.0,119173.0,119250.0,119320.0,119396.0,119477.0,119554.0,119644.0,119759.0,119848.0,119921.0,120014.0,120120.0,120235.0,120343.0,,,,,,,,,121544.0,121727.0,122063.0,122308.0,122539.0,122736.0,122926.0,123080.0,123290.0,123551.0,123803.0,124078.0,124332.0,124589.0,124775.0,124942.0,125162.0,125401.0,125590.0,125763.0,125920.0,126043.0,126147.0,126283.0,126464.0,126649.0,126771.0,126983.0,127104.0,127210.0,127352.0,127513.0,127673.0,127859.0,128032.0,128210.0,128311.0,128457.0,128591.0,128747.0,128907.0,129058.0,129177.0,129289.0,129471.0,129632.0,129790.0,129912.0,130040.0,130177.0,130263.0,130378.0,130494.0,130616.0,130764.0,130905.0,130987.0,131078.0,131175.0,131289.0,131394.0,131480.0,131576.0,131675.0,131758.0,131847.0,131949.0,132057.0,132110.0,132197.0,132284.0,132337
UaWcBFYKTT4,5597673.0,5597862.0,5598066.0,5598214.0,5598362.0,5598533.0,5598706.0,5598890.0,5599097.0,5599282.0,5599451.0,5599615.0,5599777.0,5599943.0,5600111.0,5600255.0,5600391.0,5600520.0,5600699.0,5600835.0,5601003.0,5601139.0,5601389.0,5601686.0,5601925.0,5602149.0,5602423.0,5602724.0,5603065.0,5603346.0,5603583.0,5603843.0,5604024.0,5604204.0,5604418.0,5604582.0,5604760.0,5604951.0,5605147.0,5605295.0,5605477.0,5605626.0,5605792.0,5605968.0,5606117.0,5606260.0,5606419.0,5606583.0,5606784.0,5606941.0,5607078.0,5607251.0,5607417.0,5607571.0,5607708.0,5607864.0,5608032.0,5608178.0,5608360.0,5608548.0,5608707.0,5608889.0,5609075.0,5609231.0,5609409.0,5609578.0,5609772.0,5609918.0,5610068.0,5610262.0,5610435.0,5610637.0,5610803.0,5610963.0,5611128.0,5611302.0,5611476.0,5611613.0,5611821.0,5611977.0,5612125.0,5612281.0,5612433.0,5612630.0,5612798.0,5612959.0,5613119.0,5613289.0,5613413.0,5613565.0,5613774.0,5613963.0,5614193.0,5614394.0,5614566.0,5614749.0,5614933.0,5615093.0,5615245.0,5615398.0,5615587.0,5615737.0,5615893.0,5616047.0,5616204.0,5616374.0,5616522.0,5616665.0,5616805.0,5616963.0,5617118.0,5617281.0,5617440.0,5617613.0,5617791.0,5617934.0,5618065.0,5618210.0,5618373.0,5618539.0,5618667.0,5618810.0,5618933.0,5619054.0,5619202.0,5619356.0,5619484.0,5619605.0,5619746.0,5619888.0,5620038.0,5620181.0,5620329.0,5620456.0,,,,,,,,,5621744.0,5621870.0,5622028.0,5622192.0,5622380.0,5622545.0,5622665.0,5622795.0,5622931.0,5623044.0,5623195.0,5623345.0,5623505.0,5623683.0,5623858.0,5623985.0,5624164.0,5624312.0,5624490.0,5624628.0,5624796.0,5624960.0,5625123.0,5625263.0,5625415.0,5625561.0,5625712.0,5625831.0,5625990.0,5626112.0,5626270.0,5626395.0,5626528.0,5626667.0,5626820.0,5626935.0,5627075.0,5627210.0,5627328.0,5627477.0,5627646.0,5627793.0,5628113.0,5628300.0,5628472.0,5628660.0,5628844.0,5629009.0,5629164.0,5629380.0,5629518.0,5629750.0,5630036.0,5630263.0,5630454.0,5630675.0,5630833.0,5630987.0,5631171.0,5631374.0,5631532.0,5631663.0,5631807.0,5631948.0,5632086.0,5632232.0,5632399.0,5632553.0,5632698.0,5632833.0,5632998.0,5633170
dLrj6QdM1EA,74912.0,74953.0,75007.0,75068.0,75130.0,75186.0,75265.0,75314.0,75386.0,75434.0,75484.0,75532.0,75589.0,75649.0,75717.0,75782.0,75848.0,75887.0,75935.0,75999.0,76044.0,76106.0,76181.0,76248.0,76295.0,76356.0,76430.0,76506.0,76573.0,76629.0,76692.0,76743.0,76787.0,76849.0,76910.0,76960.0,77009.0,77061.0,77099.0,77143.0,77207.0,77274.0,77327.0,77385.0,77432.0,77469.0,77519.0,77578.0,77647.0,77718.0,77783.0,77847.0,77891.0,77954.0,78021.0,78071.0,78128.0,78184.0,78232.0,78271.0,78307.0,78354.0,78400.0,78450.0,78476.0,78526.0,78560.0,78614.0,78663.0,78717.0,78760.0,78815.0,78857.0,78896.0,78946.0,79030.0,79096.0,79161.0,79210.0,79269.0,79306.0,79362.0,79418.0,79476.0,79539.0,79593.0,79652.0,79707.0,79755.0,79821.0,79889.0,79967.0,80022.0,80069.0,80103.0,80153.0,80232.0,80300.0,80366.0,80427.0,80471.0,80546.0,80605.0,80665.0,80721.0,80770.0,80822.0,80872.0,80909.0,80954.0,81000.0,81055.0,81103.0,81157.0,81214.0,81253.0,81302.0,81360.0,81406.0,81467.0,81534.0,81588.0,81628.0,81665.0,81720.0,81769.0,81813.0,81871.0,81914.0,81956.0,81996.0,82057.0,82106.0,82170.0,,,,,,,,,82551.0,82590.0,82661.0,82708.0,82743.0,82780.0,82834.0,82854.0,82895.0,82930.0,82969.0,83017.0,83054.0,83105.0,83151.0,83179.0,83213.0,83250.0,83284.0,83331.0,83374.0,83412.0,83437.0,83475.0,83533.0,83570.0,83630.0,83671.0,83709.0,83738.0,83765.0,83802.0,83844.0,83882.0,83913.0,83945.0,83978.0,84010.0,84043.0,84083.0,84125.0,84167.0,84202.0,84255.0,84305.0,84335.0,84387.0,84448.0,84497.0,84550.0,84583.0,84635.0,84720.0,84796.0,84860.0,84928.0,84980.0,85036.0,85118.0,85187.0,85255.0,85315.0,85365.0,85407.0,85451.0,85506.0,85562.0,85609.0,85647.0,85693.0,85750.0,85787
CV0CPeAGCZg,56189.0,56223.0,56248.0,56280.0,56314.0,56354.0,56383.0,56413.0,56448.0,56482.0,56513.0,56541.0,56580.0,56620.0,56658.0,56701.0,56726.0,56761.0,56791.0,56823.0,56860.0,56903.0,56937.0,56990.0,57016.0,57060.0,57087.0,57135.0,57172.0,57216.0,57247.0,57278.0,57306.0,57337.0,57362.0,57397.0,57439.0,57466.0,57491.0,57516.0,57546.0,57588.0,57621.0,57648.0,57688.0,57716.0,57752.0,57780.0,57834.0,57866.0,57892.0,57922.0,57951.0,57974.0,58010.0,58050.0,58080.0,58106.0,58137.0,58159.0,58189.0,58211.0,58243.0,58267.0,58292.0,58320.0,58344.0,58388.0,58425.0,58458.0,58481.0,58498.0,58523.0,58538.0,58562.0,58595.0,58623.0,58657.0,58686.0,58704.0,58726.0,58758.0,58789.0,58815.0,58832.0,58861.0,58878.0,58900.0,58922.0,58944.0,58970.0,58999.0,59022.0,59045.0,59070.0,59099.0,59128.0,59151.0,59191.0,59228.0,59245.0,59275.0,59307.0,59322.0,59346.0,59370.0,59397.0,59419.0,59453.0,59470.0,59498.0,59516.0,59537.0,59559.0,59585.0,59609.0,59627.0,59638.0,59670.0,59690.0,59712.0,59731.0,59747.0,59764.0,59807.0,59826.0,59859.0,59883.0,59901.0,59927.0,59956.0,59988.0,60006.0,60039.0,,,,,,,,,60249.0,60261.0,60284.0,60298.0,60328.0,60361.0,60378.0,60387.0,60414.0,60431.0,60456.0,60485.0,60509.0,60537.0,60557.0,60582.0,60600.0,60629.0,60651.0,60687.0,60707.0,60727.0,60737.0,60758.0,60782.0,60805.0,60830.0,60850.0,60873.0,60890.0,60918.0,60935.0,60959.0,60977.0,60996.0,61016.0,61034.0,61049.0,61067.0,61095.0,61129.0,61161.0,61177.0,61200.0,61230.0,61257.0,61281.0,61320.0,61360.0,61429.0,61515.0,61657.0,61746.0,61839.0,61912.0,61987.0,62054.0,62112.0,62186.0,62228.0,62302.0,62357.0,62403.0,62444.0,62479.0,62542.0,62587.0,62624.0,62663.0,62700.0,62739.0,62781
NmcEcsk4gtc,63663.0,63684.0,63698.0,63711.0,63728.0,63746.0,63771.0,63785.0,63809.0,63845.0,63862.0,63894.0,63912.0,63935.0,63962.0,63977.0,64002.0,64010.0,64028.0,64055.0,64082.0,64101.0,64126.0,64146.0,64163.0,64190.0,64212.0,64243.0,64270.0,64302.0,64335.0,64366.0,64382.0,64421.0,64452.0,64480.0,64512.0,64532.0,64545.0,64564.0,64588.0,64609.0,64637.0,64662.0,64692.0,64716.0,64737.0,64776.0,64811.0,64866.0,64891.0,64927.0,64949.0,64987.0,65018.0,65058.0,65086.0,65123.0,65140.0,65160.0,65179.0,65199.0,65228.0,65252.0,65277.0,65303.0,65324.0,65352.0,65376.0,65405.0,65437.0,65455.0,65479.0,65502.0,65522.0,65536.0,65559.0,65589.0,65615.0,65646.0,65667.0,65692.0,65709.0,65725.0,65762.0,65788.0,65802.0,65822.0,65845.0,65873.0,65893.0,65923.0,65942.0,65961.0,65975.0,65993.0,66017.0,66039.0,66055.0,66088.0,66127.0,66171.0,66226.0,66265.0,66295.0,66321.0,66345.0,66373.0,66394.0,66418.0,66452.0,66483.0,66523.0,66568.0,66596.0,66615.0,66642.0,66677.0,66703.0,66727.0,66753.0,66770.0,66785.0,66806.0,66823.0,66846.0,66880.0,66922.0,66960.0,66994.0,67049.0,67097.0,67137.0,67204.0,,,,,,,,,67686.0,67739.0,67778.0,67820.0,67862.0,67897.0,67916.0,67932.0,67963.0,67991.0,68031.0,68068.0,68095.0,68131.0,68165.0,68187.0,68218.0,68246.0,68275.0,68299.0,68330.0,68353.0,68380.0,68408.0,68435.0,68454.0,68475.0,68507.0,68525.0,68552.0,68577.0,68608.0,68627.0,68652.0,68675.0,68691.0,68712.0,68738.0,68761.0,68782.0,68814.0,68832.0,68854.0,68869.0,68892.0,68923.0,68951.0,68988.0,69020.0,69051.0,69065.0,69092.0,69107.0,69137.0,69175.0,69212.0,69231.0,69246.0,69280.0,69316.0,69346.0,69365.0,69387.0,69409.0,69422.0,69454.0,69485.0,69506.0,69532.0,69569.0,69598.0,69627
rsgyQYs4C8A,200331.0,200368.0,200417.0,200454.0,200503.0,200557.0,200602.0,200666.0,200711.0,200753.0,200793.0,200828.0,200874.0,200929.0,200982.0,201016.0,201064.0,201110.0,201171.0,201215.0,201255.0,201301.0,201334.0,201372.0,201415.0,201468.0,201498.0,201549.0,201601.0,201639.0,201690.0,201724.0,201770.0,201802.0,201844.0,201887.0,201934.0,201970.0,201992.0,202034.0,202078.0,202110.0,202147.0,202197.0,202225.0,202281.0,202322.0,202370.0,202418.0,202468.0,202519.0,202579.0,202613.0,202665.0,202698.0,202740.0,202786.0,202836.0,202866.0,202915.0,202956.0,203007.0,203053.0,203101.0,203153.0,203210.0,203251.0,203290.0,203330.0,203396.0,203439.0,203500.0,203550.0,203593.0,203639.0,203686.0,203733.0,203783.0,203830.0,203881.0,203922.0,203971.0,204018.0,204078.0,204116.0,204172.0,204219.0,204252.0,204285.0,204320.0,204384.0,204438.0,204483.0,204524.0,204558.0,204592.0,204642.0,204680.0,204721.0,204750.0,204786.0,204817.0,204860.0,204903.0,204939.0,204985.0,205013.0,205049.0,205073.0,205107.0,205132.0,205169.0,205209.0,205240.0,205280.0,205310.0,205354.0,205395.0,205433.0,205480.0,205523.0,205556.0,205587.0,205617.0,205636.0,205675.0,205710.0,205752.0,205790.0,205818.0,205844.0,205884.0,205916.0,205955.0,,,,,,,,,206250.0,206285.0,206309.0,206334.0,206367.0,206398.0,206419.0,206435.0,206458.0,206485.0,206512.0,206543.0,206583.0,206613.0,206635.0,206673.0,206703.0,206744.0,206782.0,206818.0,206840.0,206862.0,206918.0,206950.0,206986.0,207024.0,207064.0,207106.0,207141.0,207171.0,207201.0,207227.0,207265.0,207307.0,207347.0,207370.0,207401.0,207425.0,207461.0,207487.0,207510.0,207533.0,207574.0,207599.0,207639.0,207671.0,207701.0,207734.0,207752.0,207784.0,207806.0,207829.0,207861.0,207888.0,207915.0,207939.0,207965.0,207993.0,208021.0,208082.0,208118.0,208141.0,208161.0,208194.0,208218.0,208241.0,208279.0,208316.0,208341.0,208384.0,208419.0,208457
GUZpRTVzKKQ,53019.0,53019.0,53019.0,53019.0,53019.0,53019.0,53019.0,53019.0,53019.0,53019.0,53019.0,53019.0,53019.0,53019.0,53019.0,53019.0,53019.0,53019.0,53019.0,53019.0,53019.0,53019.0,53019.0,53019.0,53019.0,53019.0,53019.0,53019.0,53019.0,53019.0,53019.0,53019.0,53019.0,53019.0,53019.0,53019.0,53019.0,53019.0,53019.0,53019.0,53019.0,53019.0,53019.0,53019.0,53019.0,53019.0,53019.0,53019.0,53019.0,53019.0,53019.0,53019.0,53019.0,53019.0,53019.0,53019.0,53019.0,53019.0,53019.0,53019.0,53019.0,53019.0,53019.0,53019.0,53019.0,53019.0,53019.0,53019.0,53019.0,53019.0,53019.0,53019.0,53019.0,53019.0,53019.0,53019.0,53019.0,53019.0,53019.0,53019.0,53019.0,53019.0,53019.0,53019.0,53019.0,53019.0,53019.0,53019.0,53019.0,53019.0,53019.0,53019.0,53019.0,53019.0,53019.0,53019.0,53019.0,53019.0,53019.0,53019.0,53019.0,53019.0,53019.0,53019.0,53019.0,53019.0,53019.0,53019.0,53019.0,53019.0,53019.0,53019.0,53019.0,53019.0,53019.0,53019.0,53019.0,53019.0,53019.0,53019.0,53019.0,53019.0,53019.0,53019.0,53019.0,53019.0,53019.0,53019.0,53019.0,53019.0,53019.0,53019.0,53019.0,53019.0,,,,,,,,,53019.0,53019.0,53019.0,53019.0,53019.0,53019.0,53019.0,53019.0,53019.0,53019.0,53019.0,53019.0,53019.0,53019.0,53019.0,53019.0,53019.0,53019.0,53019.0,53019.0,53019.0,53019.0,53019.0,53019.0,53019.0,53019.0,53019.0,53019.0,53019.0,53019.0,53019.0,53019.0,53019.0,53019.0,53019.0,53019.0,53019.0,53019.0,53019.0,53019.0,53019.0,53019.0,53019.0,53019.0,53019.0,53019.0,53019.0,53019.0,53019.0,53019.0,53019.0,53019.0,53019.0,53019.0,53019.0,53019.0,53019.0,53019.0,53019.0,53019.0,53019.0,53019.0,53019.0,53019.0,53019.0,53019.0,53019.0,53019.0,53019.0,53019.0,53019.0,53019
8Wjc3EkNLM4,642024.0,642172.0,642389.0,642648.0,642858.0,643115.0,643348.0,643593.0,643868.0,644122.0,644320.0,644493.0,644670.0,644831.0,645047.0,645223.0,645422.0,645573.0,645733.0,645934.0,646108.0,646291.0,646485.0,646716.0,646926.0,647099.0,647355.0,647585.0,647853.0,648073.0,648352.0,648533.0,648771.0,649001.0,649169.0,649383.0,649574.0,649806.0,649983.0,650175.0,650408.0,650644.0,650905.0,651145.0,651381.0,651595.0,651781.0,652052.0,652340.0,652554.0,652758.0,652956.0,653116.0,653318.0,653560.0,653814.0,654043.0,654249.0,654426.0,654610.0,654820.0,655053.0,655264.0,655428.0,655604.0,655806.0,655955.0,656146.0,656329.0,656558.0,656792.0,657052.0,657221.0,657432.0,657615.0,657864.0,658036.0,658277.0,658515.0,658720.0,658919.0,659138.0,659380.0,659626.0,659929.0,660241.0,660507.0,660778.0,661049.0,661345.0,661626.0,661900.0,662207.0,662482.0,662716.0,662991.0,663290.0,663572.0,663832.0,664126.0,664379.0,664625.0,664892.0,665094.0,665372.0,665611.0,665929.0,666212.0,666417.0,666651.0,666908.0,667107.0,667380.0,667650.0,667870.0,668090.0,668286.0,668503.0,668761.0,668992.0,669255.0,669480.0,669681.0,669869.0,670094.0,670317.0,670558.0,670806.0,671065.0,671291.0,671515.0,671800.0,672125.0,672415.0,,,,,,,,,674754.0,674962.0,675172.0,675413.0,675676.0,675892.0,676104.0,676271.0,676441.0,676615.0,676769.0,676959.0,677133.0,677300.0,677495.0,677655.0,677847.0,678033.0,678232.0,678436.0,678667.0,678835.0,678978.0,679173.0,679355.0,679517.0,679708.0,679874.0,680067.0,680229.0,680397.0,680566.0,680787.0,680967.0,681142.0,681335.0,681488.0,681618.0,681821.0,681989.0,682188.0,682357.0,682524.0,682708.0,682877.0,683040.0,683245.0,683460.0,683644.0,683803.0,683986.0,684184.0,684357.0,684548.0,684725.0,684925.0,685088.0,685245.0,685412.0,685634.0,685822.0,685944.0,686074.0,686190.0,686364.0,686529.0,686729.0,686904.0,687084.0,687191.0,687331.0,687485
w3i8H6UK9vI,2235658.0,2235662.0,2235668.0,2235675.0,2235685.0,2235688.0,2235693.0,2235697.0,2235700.0,2235711.0,2235713.0,2235715.0,2235718.0,2235719.0,2235721.0,2235722.0,2235723.0,2235729.0,2235732.0,2235734.0,2235738.0,2235742.0,2235746.0,2235750.0,2235755.0,2235760.0,2235765.0,2235765.0,2235767.0,2235768.0,2235773.0,2235777.0,2235780.0,2235783.0,2235785.0,2235788.0,2235789.0,2235791.0,2235795.0,2235797.0,2235797.0,2235800.0,2235805.0,2235808.0,2235812.0,2235817.0,2235820.0,2235825.0,2235829.0,2235831.0,2235833.0,2235834.0,2235837.0,2235842.0,2235849.0,2235852.0,2235853.0,2235852.0,2235856.0,2235862.0,2235864.0,2235866.0,2235869.0,2235869.0,2235875.0,2235879.0,2235883.0,2235889.0,2235891.0,2235896.0,2235907.0,2235917.0,2235923.0,2235928.0,2235932.0,2235935.0,2235940.0,2235943.0,2235948.0,2235950.0,2235953.0,2235963.0,2235974.0,2235979.0,2235986.0,2235990.0,2235993.0,2235994.0,2235994.0,2235995.0,2236000.0,2236002.0,2236005.0,2236006.0,2236008.0,2236010.0,2236011.0,2236015.0,2236021.0,2236028.0,2236029.0,2236031.0,2236037.0,2236042.0,2236047.0,2236051.0,2236052.0,2236057.0,2236060.0,2236063.0,2236067.0,2236072.0,2236077.0,2236078.0,2236083.0,2236090.0,2236091.0,2236093.0,2236096.0,2236102.0,2236105.0,2236105.0,2236108.0,2236109.0,2236111.0,2236113.0,2236115.0,2236120.0,2236120.0,2236120.0,2236121.0,2236122.0,2236131.0,2236136.0,,,,,,,,,2236159.0,2236159.0,2236161.0,2236163.0,2236167.0,2236170.0,2236171.0,2236174.0,2236176.0,2236179.0,2236182.0,2236186.0,2236190.0,2236192.0,2236197.0,2236200.0,2236203.0,2236205.0,2236209.0,2236211.0,2236211.0,2236214.0,2236214.0,2236217.0,2236218.0,2236218.0,2236222.0,2236225.0,2236229.0,2236233.0,2236236.0,2236241.0,2236245.0,2236247.0,2236249.0,2236252.0,2236253.0,2236255.0,2236256.0,2236258.0,2236260.0,2236258.0,2236265.0,2236265.0,2236266.0,2236269.0,2236274.0,2236278.0,2236282.0,2236283.0,2236287.0,2236292.0,2236295.0,2236296.0,2236296.0,2236304.0,2236306.0,2236310.0,2236313.0,2236318.0,2236320.0,2236321.0,2236323.0,2236326.0,2236331.0,2236333.0,2236334.0,2236336.0,2236337.0,2236337.0,2236338.0,2236345
bjD1K27VA00,2874.0,2874.0,2874.0,2874.0,2874.0,2874.0,2874.0,2875.0,2875.0,2875.0,2875.0,2875.0,2875.0,2875.0,2875.0,2875.0,2876.0,2877.0,2877.0,2878.0,2878.0,2880.0,2880.0,2880.0,2881.0,2881.0,2881.0,2882.0,2882.0,2882.0,2882.0,2882.0,2882.0,2882.0,2882.0,2882.0,2882.0,2882.0,2882.0,2882.0,2882.0,2883.0,2883.0,2883.0,2883.0,2883.0,2884.0,2884.0,2884.0,2884.0,2884.0,2884.0,2884.0,2884.0,2884.0,2884.0,2885.0,2885.0,2885.0,2886.0,2886.0,2886.0,2886.0,2886.0,2886.0,2887.0,2888.0,2888.0,2888.0,2888.0,2888.0,2888.0,2888.0,2888.0,2888.0,2888.0,2889.0,2890.0,2890.0,2890.0,2890.0,2890.0,2890.0,2891.0,2891.0,2891.0,2891.0,2891.0,2891.0,2891.0,2891.0,2891.0,2891.0,2891.0,2891.0,2891.0,2891.0,2891.0,2891.0,2892.0,2892.0,2892.0,2892.0,2892.0,2892.0,2892.0,2892.0,2892.0,2892.0,2893.0,2893.0,2893.0,2893.0,2893.0,2893.0,2893.0,2893.0,2893.0,2896.0,2897.0,2897.0,2897.0,2897.0,2897.0,2897.0,2897.0,2897.0,2897.0,2897.0,2897.0,2897.0,2897.0,2897.0,2897.0,,,,,,,,,2897.0,2897.0,2897.0,2897.0,2897.0,2897.0,2897.0,2898.0,2898.0,2898.0,2898.0,2898.0,2898.0,2898.0,2898.0,2898.0,2898.0,2898.0,2898.0,2898.0,2898.0,2898.0,2898.0,2898.0,2899.0,2901.0,2901.0,2901.0,2901.0,2901.0,2901.0,2901.0,2901.0,2901.0,2901.0,2901.0,2901.0,2901.0,2901.0,2901.0,2901.0,2901.0,2901.0,2901.0,2901.0,2901.0,2901.0,2901.0,2901.0,2901.0,2901.0,2901.0,2901.0,2901.0,2901.0,2901.0,2901.0,2902.0,2902.0,2902.0,2902.0,2902.0,2902.0,2902.0,2903.0,2903.0,2903.0,2903.0,2903.0,2903.0,2903.0,2903
3KoXHKdQkMI,9097.0,9104.0,9112.0,9120.0,9129.0,9132.0,9140.0,9143.0,9148.0,9152.0,9157.0,9163.0,9167.0,9173.0,9185.0,9189.0,9199.0,9208.0,9217.0,9225.0,9231.0,9235.0,9238.0,9245.0,9250.0,9254.0,9263.0,9274.0,9291.0,9293.0,9301.0,9304.0,9306.0,9308.0,9314.0,9327.0,9341.0,9347.0,9352.0,9357.0,9368.0,9377.0,9384.0,9393.0,9403.0,9413.0,9416.0,9428.0,9432.0,9442.0,9451.0,9458.0,9468.0,9478.0,9482.0,9492.0,9497.0,9502.0,9506.0,9512.0,9519.0,9523.0,9525.0,9533.0,9537.0,9546.0,9554.0,9561.0,9567.0,9571.0,9582.0,9589.0,9591.0,9596.0,9600.0,9609.0,9618.0,9634.0,9645.0,9654.0,9663.0,9669.0,9675.0,9680.0,9687.0,9694.0,9698.0,9706.0,9711.0,9721.0,9730.0,9734.0,9741.0,9749.0,9755.0,9761.0,9770.0,9780.0,9791.0,9801.0,9811.0,9819.0,9829.0,9839.0,9847.0,9854.0,9863.0,9876.0,9882.0,9888.0,9894.0,9903.0,9910.0,9921.0,9925.0,9930.0,9935.0,9942.0,9952.0,9964.0,9974.0,9984.0,9992.0,9997.0,10003.0,10016.0,10022.0,10025.0,10027.0,10034.0,10040.0,10047.0,10055.0,10060.0,,,,,,,,,10119.0,10131.0,10142.0,10148.0,10157.0,10167.0,10180.0,10184.0,10190.0,10200.0,10209.0,10221.0,10228.0,10236.0,10243.0,10257.0,10271.0,10286.0,10296.0,10302.0,10311.0,10318.0,10322.0,10327.0,10338.0,10349.0,10354.0,10358.0,10368.0,10379.0,10386.0,10394.0,10404.0,10413.0,10423.0,10430.0,10433.0,10438.0,10446.0,10462.0,10471.0,10484.0,10495.0,10503.0,10514.0,10519.0,10534.0,10543.0,10556.0,10567.0,10579.0,10593.0,10607.0,10617.0,10625.0,10630.0,10638.0,10648.0,10651.0,10657.0,10663.0,10677.0,10691.0,10704.0,10713.0,10728.0,10735.0,10744.0,10746.0,10755.0,10761.0,10767
JUAL1Gms2tc,31968.0,31979.0,31991.0,32003.0,32017.0,32024.0,32039.0,32056.0,32071.0,32078.0,32090.0,32097.0,32100.0,32110.0,32125.0,32140.0,32150.0,32159.0,32166.0,32185.0,32198.0,32212.0,32230.0,32233.0,32240.0,32247.0,32257.0,32275.0,32286.0,32297.0,32314.0,32321.0,32337.0,32340.0,32353.0,32365.0,32377.0,32393.0,32412.0,32420.0,32430.0,32438.0,32447.0,32453.0,32459.0,32475.0,32488.0,32495.0,32513.0,32524.0,32537.0,32550.0,32557.0,32566.0,32582.0,32601.0,32612.0,32623.0,32633.0,32648.0,32660.0,32674.0,32695.0,32711.0,32735.0,32742.0,32756.0,32766.0,32779.0,32795.0,32814.0,32829.0,32842.0,32852.0,32861.0,32870.0,32884.0,32899.0,32915.0,32926.0,32937.0,32952.0,32970.0,32989.0,32997.0,33019.0,33028.0,33039.0,33054.0,33067.0,33074.0,33082.0,33097.0,33113.0,33124.0,33133.0,33148.0,33167.0,33178.0,33192.0,33204.0,33223.0,33232.0,33246.0,33257.0,33267.0,33278.0,33292.0,33303.0,33324.0,33341.0,33351.0,33362.0,33374.0,33398.0,33416.0,33423.0,33438.0,33450.0,33460.0,33470.0,33481.0,33487.0,33498.0,33509.0,33516.0,33521.0,33533.0,33540.0,33548.0,33565.0,33584.0,33587.0,33593.0,,,,,,,,,33690.0,33696.0,33704.0,33711.0,33723.0,33734.0,33745.0,33756.0,33770.0,33783.0,33789.0,33796.0,33803.0,33821.0,33828.0,33832.0,33839.0,33846.0,33857.0,33865.0,33873.0,33877.0,33880.0,33892.0,33901.0,33911.0,33926.0,33933.0,33942.0,33951.0,33956.0,33964.0,33973.0,33987.0,33998.0,34009.0,34015.0,34023.0,34029.0,34044.0,34061.0,34078.0,34089.0,34102.0,34113.0,34126.0,34138.0,34148.0,34165.0,34175.0,34183.0,34200.0,34212.0,34224.0,34235.0,34248.0,34255.0,34270.0,34278.0,34285.0,34293.0,34301.0,34310.0,34322.0,34328.0,34339.0,34346.0,34354.0,34360.0,34366.0,34377.0,34382
RSIEQ4GHWL4,134312.0,134314.0,134316.0,134330.0,134374.0,134384.0,134390.0,134400.0,134409.0,134419.0,134426.0,134443.0,134452.0,134458.0,134470.0,134474.0,134480.0,134489.0,134498.0,134501.0,134513.0,134518.0,134522.0,134532.0,134534.0,134542.0,134548.0,134553.0,134556.0,134561.0,134570.0,134576.0,134587.0,134599.0,134611.0,134623.0,134636.0,134641.0,134647.0,134656.0,134660.0,134668.0,134677.0,134688.0,134693.0,134709.0,134721.0,134732.0,134738.0,134749.0,134758.0,134768.0,134772.0,134776.0,134786.0,134795.0,134802.0,134811.0,134813.0,134830.0,134835.0,134842.0,134846.0,134856.0,134866.0,134867.0,134877.0,134887.0,134893.0,134901.0,134905.0,134912.0,134917.0,134919.0,134923.0,134927.0,134929.0,134934.0,134936.0,134945.0,134947.0,134951.0,134952.0,134953.0,134954.0,134959.0,134963.0,134964.0,134966.0,134966.0,134969.0,134970.0,134975.0,134976.0,134983.0,134988.0,134993.0,134997.0,135007.0,135009.0,135016.0,135018.0,135019.0,135027.0,135030.0,135034.0,135037.0,135042.0,135044.0,135050.0,135055.0,135058.0,135061.0,135066.0,135073.0,135075.0,135079.0,135080.0,135083.0,135088.0,135088.0,135091.0,135096.0,135097.0,135099.0,135101.0,135109.0,135117.0,135126.0,135130.0,135138.0,135142.0,135150.0,135157.0,,,,,,,,,135192.0,135194.0,135199.0,135201.0,135203.0,135206.0,135209.0,135212.0,135216.0,135220.0,135225.0,135227.0,135229.0,135231.0,135232.0,135236.0,135236.0,135239.0,135240.0,135242.0,135247.0,135252.0,135256.0,135262.0,135265.0,135269.0,135274.0,135277.0,135278.0,135282.0,135286.0,135294.0,135301.0,135303.0,135311.0,135312.0,135315.0,135319.0,135324.0,135326.0,135328.0,135333.0,135334.0,135336.0,135342.0,135345.0,135347.0,135350.0,135352.0,135355.0,135360.0,135365.0,135368.0,135372.0,135375.0,135376.0,135380.0,135382.0,135387.0,135390.0,135393.0,135396.0,135401.0,135407.0,135414.0,135416.0,135417.0,135417.0,135416.0,135420.0,135422.0,135424
36uwF97YBqo,797341.0,797376.0,797405.0,797442.0,797468.0,797510.0,797543.0,797581.0,797625.0,797672.0,797703.0,797736.0,797780.0,797825.0,797858.0,797904.0,797937.0,797988.0,798025.0,798052.0,798088.0,798109.0,798144.0,798183.0,798225.0,798252.0,798284.0,798320.0,798361.0,798386.0,798413.0,798438.0,798464.0,798499.0,798538.0,798565.0,798601.0,798642.0,798677.0,798716.0,798767.0,798793.0,798825.0,798855.0,798892.0,798937.0,798977.0,799027.0,799066.0,799100.0,799130.0,799161.0,799184.0,799220.0,799266.0,799319.0,799362.0,799392.0,799434.0,799459.0,799505.0,799546.0,799600.0,799633.0,799655.0,799698.0,799740.0,799766.0,799795.0,799840.0,799872.0,799901.0,799945.0,799984.0,800027.0,800057.0,800093.0,800135.0,800176.0,800223.0,800267.0,800302.0,800349.0,800388.0,800422.0,800478.0,800521.0,800566.0,800607.0,800654.0,800688.0,800728.0,800787.0,800828.0,800876.0,800906.0,800943.0,800979.0,801025.0,801071.0,801106.0,801145.0,801172.0,801204.0,801240.0,801280.0,801332.0,801371.0,801413.0,801455.0,801503.0,801572.0,801608.0,801654.0,801688.0,801728.0,801764.0,801801.0,801839.0,801886.0,801925.0,801966.0,801997.0,802027.0,802069.0,802111.0,802141.0,802186.0,802249.0,802290.0,802329.0,802371.0,802406.0,802437.0,,,,,,,,,802811.0,802857.0,802895.0,802944.0,803000.0,803055.0,803145.0,803228.0,803281.0,803340.0,803406.0,803458.0,803533.0,803611.0,803675.0,803743.0,803792.0,803840.0,803902.0,803938.0,803977.0,804013.0,804041.0,804068.0,804098.0,804122.0,804152.0,804172.0,804199.0,804234.0,804275.0,804305.0,804347.0,804375.0,804413.0,804441.0,804472.0,804508.0,804538.0,804562.0,804603.0,804631.0,804651.0,804678.0,804715.0,804741.0,804766.0,804795.0,804828.0,804857.0,804906.0,804958.0,805000.0,805034.0,805058.0,805094.0,805132.0,805162.0,805213.0,805244.0,805266.0,805304.0,805351.0,805382.0,805419.0,805455.0,805499.0,805526.0,805568.0,805605.0,805626.0,805649
tTJ0eWp5b9s,516094.0,516314.0,516508.0,516739.0,516999.0,517246.0,517463.0,517680.0,517894.0,518140.0,518297.0,518523.0,518755.0,518989.0,519181.0,519392.0,519563.0,519801.0,520007.0,520275.0,520520.0,520738.0,520953.0,521180.0,521370.0,521607.0,521847.0,522070.0,522377.0,522596.0,522853.0,523057.0,523311.0,523567.0,523810.0,524026.0,524251.0,524477.0,524655.0,524859.0,525066.0,525286.0,525517.0,525708.0,525906.0,526088.0,526284.0,526477.0,526739.0,526961.0,527206.0,527411.0,527603.0,527816.0,527981.0,528203.0,528465.0,528693.0,528901.0,529126.0,529377.0,529643.0,529891.0,530227.0,530519.0,530737.0,530922.0,531114.0,531314.0,531584.0,531858.0,532042.0,532243.0,532446.0,532667.0,532888.0,533159.0,533411.0,533658.0,533908.0,534151.0,534376.0,534572.0,534797.0,535021.0,535258.0,535458.0,535689.0,535880.0,536062.0,536267.0,536494.0,536720.0,536947.0,537152.0,537407.0,537607.0,537837.0,538067.0,538246.0,538453.0,538620.0,538874.0,539049.0,539238.0,539424.0,539631.0,539823.0,540009.0,540189.0,540410.0,540602.0,540798.0,541011.0,541271.0,541430.0,541643.0,541828.0,542024.0,542206.0,542489.0,542649.0,542855.0,543014.0,543174.0,543390.0,543544.0,543753.0,543925.0,544114.0,544314.0,544509.0,544723.0,544957.0,,,,,,,,,547990.0,548424.0,548889.0,549295.0,549801.0,550244.0,550924.0,551347.0,551914.0,552304.0,552672.0,553023.0,553380.0,553650.0,553851.0,554102.0,554313.0,554587.0,554829.0,555060.0,555293.0,555555.0,555711.0,555879.0,556119.0,556375.0,556641.0,556901.0,557105.0,557278.0,557531.0,557767.0,558042.0,558232.0,558456.0,558673.0,558814.0,559023.0,559203.0,559461.0,559703.0,559948.0,560144.0,560314.0,560530.0,560764.0,560971.0,561275.0,561486.0,561670.0,561848.0,562036.0,562246.0,562466.0,562703.0,562908.0,563091.0,563242.0,563412.0,563583.0,563779.0,563913.0,564082.0,564242.0,564380.0,564593.0,564789.0,564975.0,565109.0,565259.0,565406.0,565530
kqM2H9dLEVU,33336.0,33368.0,33392.0,33420.0,33444.0,33466.0,33489.0,33516.0,33549.0,33575.0,33602.0,33624.0,33634.0,33660.0,33699.0,33710.0,33730.0,33754.0,33788.0,33815.0,33838.0,33855.0,33881.0,33903.0,33936.0,33962.0,33989.0,34017.0,34038.0,34068.0,34101.0,34129.0,34161.0,34197.0,34224.0,34245.0,34281.0,34313.0,34353.0,34389.0,34408.0,34436.0,34467.0,34489.0,34512.0,34548.0,34574.0,34599.0,34616.0,34646.0,34671.0,34690.0,34706.0,34731.0,34757.0,34775.0,34807.0,34830.0,34855.0,34880.0,34906.0,34952.0,34981.0,35012.0,35036.0,35080.0,35104.0,35140.0,35165.0,35194.0,35220.0,35244.0,35271.0,35296.0,35332.0,35353.0,35381.0,35406.0,35421.0,35439.0,35462.0,35487.0,35501.0,35518.0,35543.0,35568.0,35591.0,35617.0,35641.0,35674.0,35695.0,35713.0,35743.0,35761.0,35784.0,35811.0,35844.0,35870.0,35902.0,35932.0,35956.0,35979.0,35996.0,36008.0,36034.0,36053.0,36078.0,36103.0,36127.0,36154.0,36179.0,36208.0,36229.0,36251.0,36268.0,36280.0,36299.0,36312.0,36332.0,36355.0,36371.0,36389.0,36404.0,36421.0,36441.0,36468.0,36488.0,36507.0,36525.0,36547.0,36570.0,36593.0,36619.0,36638.0,,,,,,,,,36846.0,36865.0,36894.0,36915.0,36954.0,36980.0,37002.0,37019.0,37043.0,37074.0,37099.0,37124.0,37148.0,37171.0,37194.0,37218.0,37237.0,37256.0,37277.0,37294.0,37318.0,37334.0,37358.0,37371.0,37387.0,37406.0,37422.0,37441.0,37456.0,37469.0,37490.0,37505.0,37523.0,37545.0,37561.0,37575.0,37588.0,37601.0,37629.0,37642.0,37661.0,37688.0,37710.0,37729.0,37745.0,37768.0,37806.0,37827.0,37856.0,37888.0,37918.0,37941.0,37978.0,38003.0,38027.0,38048.0,38085.0,38113.0,38144.0,38166.0,38192.0,38208.0,38219.0,38239.0,38268.0,38296.0,38329.0,38345.0,38365.0,38394.0,38413.0,38435
ALvfxe8paOw,1693.0,1694.0,1694.0,1695.0,1696.0,1696.0,1697.0,1698.0,1699.0,1700.0,1701.0,1701.0,1702.0,1702.0,1704.0,1704.0,1704.0,1704.0,1704.0,1705.0,1707.0,1707.0,1708.0,1709.0,1710.0,1712.0,1712.0,1712.0,1713.0,1713.0,1714.0,1714.0,1714.0,1714.0,1714.0,1714.0,1715.0,1716.0,1716.0,1717.0,1717.0,1718.0,1719.0,1719.0,1720.0,1720.0,1720.0,1721.0,1722.0,1722.0,1723.0,1723.0,1723.0,1723.0,1724.0,1724.0,1724.0,1725.0,1725.0,1725.0,1727.0,1729.0,1729.0,1730.0,1732.0,1733.0,1733.0,1736.0,1737.0,1738.0,1738.0,1740.0,1740.0,1740.0,1741.0,1742.0,1745.0,1746.0,1748.0,1750.0,1751.0,1752.0,1754.0,1755.0,1756.0,1756.0,1757.0,1757.0,1759.0,1761.0,1762.0,1762.0,1763.0,1764.0,1764.0,1766.0,1768.0,1770.0,1772.0,1773.0,1774.0,1774.0,1775.0,1778.0,1780.0,1782.0,1783.0,1784.0,1786.0,1788.0,1789.0,1789.0,1789.0,1790.0,1790.0,1790.0,1790.0,1790.0,1790.0,1790.0,1790.0,1790.0,1790.0,1790.0,1790.0,1791.0,1792.0,1792.0,1792.0,1792.0,1793.0,1793.0,1793.0,1794.0,,,,,,,,,1795.0,1795.0,1795.0,1795.0,1795.0,1795.0,1795.0,1795.0,1795.0,1795.0,1795.0,1795.0,1795.0,1795.0,1795.0,1795.0,1795.0,1796.0,1796.0,1796.0,1796.0,1796.0,1796.0,1796.0,1796.0,1796.0,1796.0,1796.0,1796.0,1796.0,1796.0,1796.0,1796.0,1796.0,1796.0,1796.0,1796.0,1796.0,1796.0,1796.0,1796.0,1796.0,1796.0,1796.0,1796.0,1797.0,1797.0,1797.0,1797.0,1797.0,1797.0,1797.0,1797.0,1797.0,1798.0,1798.0,1798.0,1799.0,1799.0,1799.0,1799.0,1799.0,1799.0,1799.0,1799.0,1799.0,1799.0,1799.0,1799.0,1800.0,1800.0,1800
vmZrXUfzD8c,60.0,60.0,60.0,60.0,60.0,60.0,60.0,60.0,60.0,60.0,60.0,60.0,60.0,60.0,60.0,60.0,60.0,62.0,62.0,62.0,62.0,63.0,63.0,63.0,63.0,63.0,63.0,63.0,67.0,68.0,69.0,69.0,69.0,69.0,69.0,69.0,69.0,69.0,69.0,69.0,69.0,69.0,69.0,69.0,69.0,70.0,70.0,70.0,70.0,70.0,70.0,70.0,70.0,70.0,70.0,70.0,70.0,70.0,70.0,70.0,70.0,70.0,70.0,70.0,70.0,70.0,71.0,71.0,71.0,71.0,71.0,71.0,71.0,71.0,71.0,71.0,71.0,71.0,71.0,71.0,71.0,71.0,71.0,71.0,71.0,71.0,71.0,71.0,71.0,71.0,72.0,72.0,72.0,72.0,72.0,72.0,72.0,72.0,72.0,72.0,72.0,72.0,73.0,73.0,74.0,74.0,75.0,75.0,75.0,75.0,75.0,75.0,75.0,75.0,75.0,76.0,76.0,77.0,81.0,82.0,82.0,82.0,82.0,82.0,82.0,82.0,82.0,82.0,82.0,82.0,82.0,82.0,82.0,82.0,,,,,,,,,82.0,82.0,82.0,82.0,82.0,82.0,82.0,82.0,82.0,82.0,82.0,82.0,82.0,82.0,82.0,82.0,82.0,83.0,83.0,83.0,83.0,84.0,84.0,84.0,84.0,84.0,84.0,84.0,85.0,86.0,86.0,86.0,86.0,86.0,86.0,86.0,86.0,86.0,86.0,86.0,86.0,86.0,86.0,86.0,86.0,86.0,86.0,86.0,86.0,86.0,86.0,86.0,86.0,86.0,86.0,86.0,86.0,86.0,86.0,86.0,86.0,86.0,86.0,86.0,86.0,86.0,86.0,86.0,86.0,86.0,86.0,86
BuF5w0NNb8g,173964.0,173964.0,173964.0,173964.0,173964.0,173964.0,173964.0,173964.0,173964.0,173964.0,173964.0,173964.0,173964.0,173964.0,173964.0,173964.0,173964.0,173964.0,173964.0,173964.0,173964.0,173964.0,173964.0,173964.0,173964.0,173964.0,173964.0,173964.0,173964.0,173964.0,173964.0,173964.0,173964.0,173964.0,173964.0,173964.0,173964.0,173964.0,173964.0,173964.0,173964.0,173964.0,173964.0,173964.0,173964.0,173964.0,173964.0,173964.0,173964.0,173964.0,173964.0,173964.0,173964.0,173964.0,173964.0,173964.0,173964.0,173964.0,173964.0,173964.0,173964.0,173964.0,173964.0,173964.0,173964.0,173964.0,173964.0,173964.0,173964.0,173964.0,173964.0,173964.0,173964.0,173964.0,173964.0,173964.0,173964.0,173964.0,173964.0,173964.0,173964.0,173964.0,173964.0,173964.0,173964.0,173964.0,173964.0,173964.0,173964.0,173964.0,173964.0,173964.0,173964.0,173964.0,173964.0,173964.0,173964.0,173964.0,173964.0,173964.0,173964.0,173964.0,173964.0,173964.0,173964.0,173964.0,173964.0,173964.0,173964.0,173964.0,173964.0,173964.0,173964.0,173964.0,173964.0,173964.0,173964.0,173964.0,173964.0,173964.0,173964.0,173964.0,173964.0,173964.0,173964.0,173964.0,173964.0,173964.0,173964.0,173964.0,173964.0,173964.0,173964.0,173964.0,,,,,,,,,173964.0,173964.0,173964.0,173964.0,173964.0,173964.0,173964.0,173964.0,173964.0,173964.0,173964.0,173964.0,173964.0,173964.0,173964.0,173964.0,173964.0,173964.0,173964.0,173964.0,173964.0,173964.0,173964.0,173964.0,173964.0,173964.0,173964.0,173964.0,173964.0,173964.0,173964.0,173964.0,173964.0,173964.0,173964.0,173964.0,173964.0,173964.0,173964.0,173964.0,173964.0,173964.0,173964.0,173964.0,173964.0,173964.0,173964.0,173964.0,173964.0,173964.0,173964.0,173964.0,173964.0,173964.0,173964.0,173964.0,173964.0,173964.0,173964.0,173964.0,173964.0,173964.0,173964.0,173964.0,173964.0,173964.0,173964.0,173964.0,173964.0,173964.0,173964.0,173964
35lirBqwgTs,21148005.0,21151038.0,21154718.0,21158408.0,21161811.0,21165218.0,21168493.0,21171853.0,21175196.0,21178783.0,21182668.0,21186229.0,21189685.0,21193124.0,21196680.0,21200212.0,21204009.0,21207507.0,21210841.0,21214285.0,21217865.0,21221442.0,21225105.0,21228949.0,21232551.0,21236008.0,21239681.0,21243397.0,21247247.0,21251184.0,21255173.0,21258874.0,21262828.0,21266749.0,21270592.0,21274556.0,21278569.0,21282410.0,21285986.0,21289514.0,21292947.0,21296297.0,21299754.0,21303254.0,21306802.0,21310465.0,21314293.0,21318166.0,21321639.0,21324880.0,21328168.0,21331942.0,21335396.0,21338657.0,21341974.0,21345246.0,21348700.0,21352098.0,21355874.0,21359586.0,21363472.0,21367333.0,21371192.0,21374663.0,21378043.0,21381214.0,21384281.0,21387396.0,21390106.0,21393727.0,21396639.0,21399246.0,21401880.0,21404543.0,21407235.0,21409980.0,21412705.0,21415528.0,21418394.0,21421191.0,21423886.0,21426671.0,21429452.0,21432415.0,21435419.0,21438564.0,21441473.0,21444236.0,21446764.0,21449211.0,21451949.0,21454573.0,21457336.0,21460332.0,21463323.0,21465741.0,21468266.0,21470985.0,21473640.0,21476467.0,21479405.0,21482282.0,21484831.0,21487444.0,21490365.0,21493054.0,21495685.0,21498527.0,21501461.0,21504106.0,21506901.0,21509736.0,21512527.0,21515595.0,21518790.0,21521830.0,21524927.0,21527584.0,21530494.0,21533248.0,21535859.0,21539092.0,21542499.0,21545816.0,21549149.0,21552816.0,21556391.0,21560392.0,21564181.0,21567727.0,21571253.0,21574867.0,21578436.0,21581593.0,,,,,,,,,21604876.0,21607220.0,21609271.0,21611550.0,21614227.0,21616509.0,21618435.0,21620467.0,21622982.0,21625292.0,21627925.0,21630266.0,21632557.0,21634990.0,21637230.0,21639671.0,21641813.0,21644024.0,21646128.0,21648089.0,21650184.0,21652362.0,21654450.0,21656376.0,21658312.0,21660241.0,21662201.0,21664153.0,21666322.0,21668320.0,21670106.0,21671967.0,21673801.0,21675737.0,21677599.0,21679624.0,21681646.0,21683574.0,21685470.0,21687498.0,21689445.0,21691310.0,21693330.0,21695285.0,21697012.0,21698740.0,21700565.0,21702293.0,21704072.0,21705964.0,21707784.0,21709481.0,21711132.0,21712830.0,21714622.0,21716366.0,21718033.0,21719909.0,21721621.0,21723404.0,21725132.0,21727017.0,21728738.0,21730461.0,21732224.0,21733840.0,21735420.0,21737021.0,21738639.0,21740200.0,21741750.0,21743264
ZP9NMXIVbMU,369.0,369.0,369.0,369.0,369.0,369.0,369.0,369.0,369.0,369.0,369.0,369.0,369.0,369.0,369.0,369.0,369.0,369.0,369.0,369.0,369.0,369.0,369.0,369.0,369.0,369.0,369.0,369.0,369.0,369.0,369.0,369.0,369.0,369.0,369.0,369.0,369.0,369.0,369.0,369.0,369.0,369.0,369.0,369.0,369.0,369.0,369.0,369.0,369.0,369.0,369.0,369.0,369.0,369.0,369.0,369.0,369.0,369.0,369.0,369.0,369.0,369.0,369.0,369.0,369.0,369.0,369.0,369.0,369.0,369.0,369.0,369.0,370.0,370.0,370.0,371.0,371.0,371.0,371.0,372.0,372.0,372.0,373.0,373.0,373.0,373.0,373.0,373.0,373.0,373.0,373.0,373.0,373.0,373.0,373.0,373.0,373.0,373.0,373.0,373.0,373.0,373.0,373.0,374.0,374.0,374.0,374.0,374.0,374.0,374.0,374.0,374.0,374.0,374.0,374.0,375.0,375.0,375.0,375.0,375.0,376.0,376.0,376.0,376.0,376.0,376.0,376.0,376.0,376.0,376.0,376.0,376.0,376.0,376.0,,,,,,,,,377.0,377.0,377.0,377.0,377.0,377.0,377.0,377.0,377.0,377.0,377.0,377.0,377.0,377.0,377.0,377.0,377.0,377.0,377.0,377.0,377.0,377.0,377.0,377.0,377.0,377.0,377.0,377.0,377.0,377.0,377.0,377.0,378.0,378.0,378.0,378.0,378.0,378.0,378.0,378.0,378.0,378.0,378.0,378.0,378.0,378.0,378.0,378.0,378.0,378.0,378.0,378.0,378.0,378.0,378.0,378.0,378.0,378.0,378.0,378.0,378.0,378.0,378.0,378.0,378.0,379.0,379.0,379.0,379.0,379.0,379.0,379
NbjeBjc-5eM,573.0,575.0,577.0,580.0,593.0,595.0,607.0,613.0,616.0,635.0,641.0,687.0,760.0,847.0,967.0,1006.0,1017.0,1027.0,1046.0,1057.0,1074.0,1098.0,1101.0,1115.0,1128.0,1138.0,1141.0,1145.0,1146.0,1151.0,1153.0,1154.0,1159.0,1165.0,1167.0,1171.0,1179.0,1182.0,1188.0,1194.0,1195.0,1198.0,1206.0,1209.0,1212.0,1214.0,1217.0,1219.0,1225.0,1226.0,1229.0,1231.0,1235.0,1236.0,1236.0,1242.0,1242.0,1243.0,1246.0,1246.0,1248.0,1250.0,1251.0,1253.0,1254.0,1258.0,1262.0,1263.0,1264.0,1267.0,1277.0,1279.0,1281.0,1282.0,1282.0,1288.0,1290.0,1291.0,1291.0,1295.0,1300.0,1307.0,1309.0,1311.0,1316.0,1318.0,1319.0,1326.0,1335.0,1336.0,1341.0,1344.0,1349.0,1355.0,1363.0,1366.0,1376.0,1382.0,1390.0,1399.0,1404.0,1410.0,1419.0,1425.0,1429.0,1435.0,1446.0,1467.0,1488.0,1494.0,1501.0,1506.0,1510.0,1514.0,1517.0,1532.0,1541.0,1552.0,1559.0,1563.0,1570.0,1578.0,1591.0,1598.0,1606.0,1615.0,1624.0,1630.0,1641.0,1653.0,1660.0,1667.0,1685.0,1693.0,,,,,,,,,1784.0,1794.0,1809.0,1824.0,1833.0,1846.0,1858.0,1867.0,1875.0,1881.0,1889.0,1893.0,1894.0,1895.0,1899.0,1911.0,1921.0,1928.0,1939.0,1942.0,1944.0,1947.0,1950.0,1955.0,1964.0,1968.0,1976.0,1981.0,1988.0,1990.0,1996.0,2002.0,2010.0,2022.0,2027.0,2034.0,2041.0,2049.0,2058.0,2067.0,2074.0,2078.0,2082.0,2089.0,2091.0,2096.0,2103.0,2109.0,2111.0,2119.0,2121.0,2125.0,2131.0,2135.0,2145.0,2148.0,2149.0,2149.0,2153.0,2153.0,2159.0,2163.0,2168.0,2170.0,2174.0,2179.0,2188.0,2191.0,2191.0,2191.0,2193.0,2195
ikhVLr2bXUc,89383.0,89443.0,89508.0,89552.0,89601.0,89652.0,89699.0,89744.0,89797.0,89844.0,89874.0,89926.0,89999.0,90074.0,90174.0,90271.0,90338.0,90402.0,90480.0,90552.0,90634.0,90732.0,90815.0,90904.0,90965.0,91038.0,91116.0,91221.0,91357.0,91476.0,91583.0,91665.0,91756.0,91854.0,91947.0,92038.0,92125.0,92247.0,92327.0,92415.0,92506.0,92593.0,92689.0,92801.0,92882.0,92964.0,93024.0,93089.0,93171.0,93248.0,93318.0,93382.0,93423.0,93482.0,93545.0,93601.0,93653.0,93732.0,93777.0,93818.0,93860.0,93920.0,93973.0,94045.0,94108.0,94161.0,94194.0,94237.0,94301.0,94359.0,94403.0,94464.0,94502.0,94554.0,94590.0,94648.0,94724.0,94784.0,94866.0,94914.0,94975.0,95039.0,95099.0,95156.0,95209.0,95268.0,95326.0,95370.0,95420.0,95457.0,95516.0,95576.0,95626.0,95665.0,95696.0,95723.0,95778.0,95811.0,95852.0,95909.0,95944.0,95981.0,96017.0,96049.0,96084.0,96101.0,96143.0,96174.0,96229.0,96262.0,96296.0,96334.0,96362.0,96408.0,96430.0,96456.0,96480.0,96511.0,96536.0,96566.0,96591.0,96619.0,96641.0,96666.0,96689.0,96713.0,96739.0,96757.0,96779.0,96800.0,96820.0,96846.0,96867.0,96885.0,,,,,,,,,97246.0,97267.0,97296.0,97333.0,97386.0,97421.0,97455.0,97478.0,97513.0,97549.0,97591.0,97620.0,97655.0,97680.0,97706.0,97731.0,97751.0,97765.0,97778.0,97806.0,97830.0,97846.0,97861.0,97898.0,97934.0,97957.0,97983.0,98011.0,98037.0,98062.0,98083.0,98103.0,98120.0,98147.0,98174.0,98204.0,98227.0,98254.0,98292.0,98321.0,98347.0,98390.0,98430.0,98444.0,98462.0,98487.0,98524.0,98557.0,98583.0,98600.0,98623.0,98643.0,98664.0,98694.0,98717.0,98733.0,98755.0,98776.0,98790.0,98812.0,98832.0,98845.0,98867.0,98895.0,98908.0,98930.0,98959.0,98981.0,98996.0,99030.0,99050.0,99062
GOXBvDE-CQY,,,,,,,,,,,,,,,,,,,,,,,,,,,,,,,,,,,,,,,,,,,,,,,,,,,,,,,,,,,,,,,,,,,,,,,,,,,,,,,,,,,,,,,,,,,,,,,,,,,,,,,,,,,,,,,,,,,,,,,,,,,,,,,,,,,,,,,,,,,,,,,,,,,,,,,,,,,,,,,,,,,,,,,,,,,,,,,,,,,,,,,,,,,,,,,,,,,,,,,,,,,,,,,,,,,,,,
qPeFKPbErBQ,542750.0,542788.0,542812.0,542862.0,542919.0,542955.0,542998.0,543068.0,543116.0,543177.0,543216.0,543258.0,543320.0,543379.0,543425.0,543481.0,543556.0,543612.0,543661.0,543719.0,543765.0,543802.0,543873.0,543925.0,543968.0,544014.0,544061.0,544120.0,544158.0,544197.0,544228.0,544262.0,544297.0,544332.0,544375.0,544412.0,544450.0,544485.0,544535.0,544572.0,544630.0,544687.0,544774.0,544832.0,544892.0,544975.0,545042.0,545123.0,545178.0,545222.0,545284.0,545348.0,545404.0,545457.0,545525.0,545566.0,545645.0,545685.0,545763.0,545819.0,545856.0,545913.0,545960.0,546020.0,546097.0,546139.0,546168.0,546210.0,546262.0,546311.0,546352.0,546426.0,546469.0,546522.0,546564.0,546652.0,546703.0,546753.0,546826.0,546889.0,546929.0,546974.0,547018.0,547057.0,547103.0,547172.0,547229.0,547282.0,547323.0,547370.0,547422.0,547493.0,547541.0,547592.0,547635.0,547674.0,547732.0,547789.0,547843.0,547892.0,547940.0,547989.0,548039.0,548099.0,548137.0,548179.0,548229.0,548282.0,548325.0,548357.0,548410.0,548453.0,548492.0,548516.0,548561.0,548596.0,548620.0,548649.0,548699.0,548739.0,548786.0,548821.0,548858.0,548899.0,548945.0,548981.0,549033.0,549087.0,549143.0,549193.0,549235.0,549291.0,549345.0,549390.0,,,,,,,,,549771.0,549808.0,549848.0,549879.0,549921.0,549963.0,549999.0,550027.0,550060.0,550094.0,550136.0,550184.0,550218.0,550253.0,550291.0,550317.0,550359.0,550404.0,550455.0,550493.0,550536.0,550561.0,550585.0,550621.0,550655.0,550699.0,550739.0,550786.0,550819.0,550853.0,550890.0,550911.0,550961.0,550989.0,551017.0,551064.0,551100.0,551145.0,551185.0,551227.0,551265.0,551295.0,551345.0,551382.0,551422.0,551464.0,551502.0,551544.0,551579.0,551621.0,551653.0,551700.0,551732.0,551764.0,551781.0,551818.0,551847.0,551879.0,551912.0,551953.0,551985.0,552009.0,552043.0,552066.0,552092.0,552108.0,552136.0,552165.0,552192.0,552210.0,552243.0,552265
cabW6Yf2bU4,70437.0,70437.0,70437.0,70437.0,70437.0,70437.0,70437.0,70437.0,70437.0,70437.0,70437.0,70437.0,70437.0,70437.0,70437.0,70437.0,70437.0,70437.0,70437.0,70437.0,70437.0,70437.0,70437.0,70437.0,70437.0,70437.0,70437.0,70437.0,70437.0,70437.0,70437.0,70437.0,70437.0,70437.0,70437.0,70437.0,70437.0,70437.0,70437.0,70437.0,70437.0,70437.0,70437.0,70437.0,70437.0,70437.0,70437.0,70437.0,70437.0,70437.0,70437.0,70437.0,70437.0,70437.0,70437.0,70437.0,70437.0,70437.0,70437.0,70437.0,70437.0,70437.0,70437.0,70437.0,70437.0,70437.0,70437.0,70437.0,70437.0,70437.0,70437.0,70437.0,70437.0,70437.0,70437.0,70437.0,70437.0,70437.0,70437.0,70437.0,70437.0,70437.0,70437.0,70437.0,70437.0,70437.0,70437.0,70437.0,70437.0,70437.0,70437.0,70437.0,70437.0,70437.0,70437.0,70437.0,70437.0,70437.0,70437.0,70437.0,70437.0,70437.0,70437.0,70437.0,70437.0,70437.0,70437.0,70437.0,70437.0,70437.0,70437.0,70437.0,70437.0,70437.0,70437.0,70437.0,70437.0,70437.0,70437.0,70437.0,70437.0,70437.0,70437.0,70437.0,70437.0,70437.0,70437.0,70437.0,70437.0,70437.0,70437.0,70437.0,70437.0,70437.0,,,,,,,,,70437.0,70437.0,70437.0,70437.0,70437.0,70437.0,70437.0,70437.0,70437.0,70437.0,70437.0,70437.0,70437.0,70437.0,70437.0,70437.0,70437.0,70437.0,70437.0,70437.0,70437.0,70437.0,70437.0,70437.0,70437.0,70437.0,70437.0,70437.0,70437.0,70437.0,70437.0,70437.0,70437.0,70437.0,70437.0,70437.0,70437.0,70437.0,70437.0,70437.0,70437.0,70437.0,70437.0,70437.0,70437.0,70437.0,70437.0,70437.0,70437.0,70437.0,70437.0,70437.0,70437.0,70437.0,70437.0,70437.0,70437.0,70437.0,70437.0,70437.0,70437.0,70437.0,70437.0,70437.0,70437.0,70437.0,70437.0,70437.0,70437.0,70437.0,70437.0,70437
1V-7Ysovq7g,174668.0,174711.0,174744.0,174774.0,174827.0,174865.0,174918.0,174961.0,175014.0,175070.0,175110.0,175162.0,175222.0,175278.0,175324.0,175372.0,175416.0,175468.0,175510.0,175565.0,175608.0,175656.0,175710.0,175755.0,175793.0,175821.0,175871.0,175905.0,175947.0,175987.0,176035.0,176059.0,176083.0,176121.0,176152.0,176198.0,176240.0,176282.0,176308.0,176352.0,176397.0,176441.0,176495.0,176534.0,176583.0,176618.0,176667.0,176712.0,176757.0,176813.0,176857.0,176910.0,176961.0,177020.0,177075.0,177108.0,177165.0,177228.0,177263.0,177284.0,177310.0,177353.0,177416.0,177471.0,177534.0,177592.0,177631.0,177664.0,177711.0,177766.0,177804.0,177838.0,177886.0,177915.0,177943.0,177975.0,178017.0,178063.0,178092.0,178128.0,178167.0,178208.0,178236.0,178269.0,178319.0,178365.0,178399.0,178441.0,178476.0,178513.0,178543.0,178580.0,178623.0,178652.0,178685.0,178725.0,178769.0,178813.0,178861.0,178904.0,178930.0,178951.0,178977.0,179006.0,179046.0,179071.0,179106.0,179147.0,179171.0,179199.0,179226.0,179256.0,179284.0,179319.0,179350.0,179374.0,179389.0,179428.0,179467.0,179495.0,179525.0,179549.0,179581.0,179616.0,179643.0,179679.0,179706.0,179742.0,179778.0,179798.0,179838.0,179860.0,179903.0,179926.0,,,,,,,,,180207.0,180226.0,180266.0,180293.0,180332.0,180360.0,180390.0,180410.0,180438.0,180483.0,180519.0,180550.0,180581.0,180618.0,180670.0,180697.0,180726.0,180755.0,180778.0,180805.0,180841.0,180878.0,180944.0,181000.0,181059.0,181092.0,181121.0,181163.0,181193.0,181224.0,181260.0,181314.0,181376.0,181400.0,181431.0,181466.0,181493.0,181521.0,181554.0,181594.0,181634.0,181663.0,181697.0,181734.0,181767.0,181798.0,181840.0,181874.0,181908.0,181939.0,181970.0,182015.0,182062.0,182096.0,182134.0,182187.0,182243.0,182295.0,182361.0,182408.0,182462.0,182497.0,182557.0,182579.0,182619.0,182665.0,182721.0,182760.0,182783.0,182816.0,182856.0,182895
xf3OzncHmfE,9411860.0,9412052.0,9412251.0,9412450.0,9412674.0,9412902.0,9413107.0,9413307.0,9413545.0,9413754.0,9413961.0,9414243.0,9414477.0,9414968.0,9415277.0,9415586.0,9415840.0,9416143.0,9416413.0,9416682.0,9416993.0,9417307.0,9417583.0,9417799.0,9418041.0,9418285.0,9418527.0,9418817.0,9419056.0,9419313.0,9419571.0,9419800.0,9420022.0,9420224.0,9420476.0,9420718.0,9420960.0,9421220.0,9421459.0,9421662.0,9421870.0,9422061.0,9422283.0,9422463.0,9422684.0,9422898.0,9423125.0,9423357.0,9423494.0,9423719.0,9423928.0,9424173.0,9424351.0,9424598.0,9424805.0,9425030.0,9425281.0,9425513.0,9425754.0,9425964.0,9426215.0,9426404.0,9426622.0,9426823.0,9427087.0,9427295.0,9427522.0,9427689.0,9427927.0,9428146.0,9428374.0,9428589.0,9428772.0,9428996.0,9429191.0,9429442.0,9429678.0,9429944.0,9430219.0,9430469.0,9430691.0,9430955.0,9431179.0,9431382.0,9431624.0,9431869.0,9432093.0,9432274.0,9432517.0,9432701.0,9432879.0,9433073.0,9433241.0,9433383.0,9433541.0,9433698.0,9433892.0,9434074.0,9434270.0,9434460.0,9434625.0,9434790.0,9434961.0,9435122.0,9435326.0,9435501.0,9435640.0,9435784.0,9435955.0,9436107.0,9436293.0,9436444.0,9436563.0,9436762.0,9436909.0,9437076.0,9437211.0,9437371.0,9437534.0,9437691.0,9437856.0,9438037.0,9438159.0,9438283.0,9438431.0,9438530.0,9438681.0,9438808.0,9438926.0,9439077.0,9439195.0,9439294.0,9439403.0,9439523.0,,,,,,,,,9440669.0,9440802.0,9440933.0,9441060.0,9441195.0,9441318.0,9441440.0,9441549.0,9441684.0,9441828.0,9441927.0,9442081.0,9442244.0,9442365.0,9442508.0,9442679.0,9442830.0,9442982.0,9443138.0,9443307.0,9443466.0,9443629.0,9443759.0,9443921.0,9444121.0,9444261.0,9444404.0,9444534.0,9444674.0,9444812.0,9444963.0,9445113.0,9445270.0,9445451.0,9445646.0,9445800.0,9445941.0,9446099.0,9446277.0,9446452.0,9446593.0,9446783.0,9446933.0,9447088.0,9447224.0,9447375.0,9447539.0,9447672.0,9447795.0,9447957.0,9448100.0,9448284.0,9448432.0,9448589.0,9448743.0,9448896.0,9449059.0,9449209.0,9449413.0,9449564.0,9449719.0,9449879.0,9450012.0,9450130.0,9450257.0,9450409.0,9450574.0,9450741.0,9450857.0,9451018.0,9451212.0,9451371
7Ewgm6TMKgE,1417619.0,1417708.0,1417787.0,1417870.0,1417972.0,1418059.0,1418136.0,1418224.0,1418305.0,1418437.0,1418519.0,1418629.0,1418712.0,1418799.0,1418895.0,1418974.0,1419054.0,1419101.0,1419171.0,1419239.0,1419333.0,1419441.0,1419524.0,1419609.0,1419687.0,1419777.0,1419843.0,1419912.0,1419967.0,1420055.0,1420140.0,1420208.0,1420269.0,1420350.0,1420422.0,1420505.0,1420574.0,1420646.0,1420712.0,1420777.0,1420856.0,1420930.0,1421009.0,1421082.0,1421147.0,1421211.0,1421283.0,1421355.0,1421415.0,1421479.0,1421559.0,1421617.0,1421693.0,1421764.0,1421850.0,1421921.0,1421979.0,1422032.0,1422110.0,1422169.0,1422249.0,1422323.0,1422393.0,1422461.0,1422548.0,1422602.0,1422657.0,1422731.0,1422805.0,1422897.0,1422965.0,1423060.0,1423153.0,1423222.0,1423278.0,1423353.0,1423419.0,1423498.0,1423569.0,1423673.0,1423762.0,1423836.0,1423912.0,1423979.0,1424058.0,1424118.0,1424186.0,1424257.0,1424315.0,1424372.0,1424453.0,1424541.0,1424611.0,1424667.0,1424738.0,1424813.0,1424894.0,1424955.0,1425019.0,1425094.0,1425154.0,1425214.0,1425284.0,1425337.0,1425401.0,1425471.0,1425533.0,1425593.0,1425646.0,1425717.0,1425783.0,1425858.0,1425954.0,1426013.0,1426085.0,1426145.0,1426224.0,1426292.0,1426363.0,1426429.0,1426504.0,1426561.0,1426630.0,1426698.0,1426779.0,1426855.0,1426908.0,1426986.0,1427036.0,1427112.0,1427181.0,1427263.0,1427366.0,1427438.0,,,,,,,,,1428031.0,1428107.0,1428194.0,1428257.0,1428335.0,1428440.0,1428552.0,1428631.0,1428718.0,1428805.0,1428882.0,1428952.0,1429014.0,1429081.0,1429185.0,1429261.0,1429320.0,1429393.0,1429483.0,1429546.0,1429621.0,1429676.0,1429737.0,1429813.0,1429888.0,1429974.0,1430048.0,1430126.0,1430222.0,1430305.0,1430413.0,1430493.0,1430614.0,1430693.0,1430820.0,1430927.0,1431046.0,1431196.0,1431322.0,1431505.0,1431668.0,1431809.0,1431932.0,1432053.0,1432161.0,1432306.0,1432432.0,1432566.0,1432695.0,1432812.0,1432925.0,1433055.0,1433206.0,1433356.0,1433468.0,1433587.0,1433716.0,1433860.0,1434111.0,1434322.0,1434551.0,1434887.0,1435072.0,1435154.0,1435261.0,1435384.0,1435485.0,1435596.0,1435675.0,1435779.0,1435880.0,1435982
sP3j6BQQ_ws,1830.0,1830.0,1830.0,1830.0,1833.0,1833.0,1833.0,1833.0,1833.0,1833.0,1833.0,1834.0,1835.0,1835.0,1835.0,1835.0,1835.0,1836.0,1839.0,1839.0,1839.0,1840.0,1839.0,1839.0,1840.0,1841.0,1841.0,1841.0,1841.0,1841.0,1842.0,1842.0,1842.0,1842.0,1842.0,1842.0,1842.0,1842.0,1842.0,1842.0,1842.0,1842.0,1842.0,1842.0,1843.0,1843.0,1844.0,1845.0,1845.0,1845.0,1845.0,1846.0,1846.0,1846.0,1847.0,1847.0,1847.0,1847.0,1847.0,1847.0,1847.0,1849.0,1849.0,1850.0,1850.0,1850.0,1850.0,1850.0,1850.0,1850.0,1851.0,1851.0,1851.0,1852.0,1852.0,1852.0,1853.0,1855.0,1855.0,1857.0,1857.0,1858.0,1858.0,1858.0,1860.0,1861.0,1862.0,1863.0,1863.0,1864.0,1864.0,1864.0,1866.0,1866.0,1867.0,1867.0,1868.0,1868.0,1868.0,1868.0,1869.0,1869.0,1869.0,1869.0,1870.0,1871.0,1872.0,1877.0,1877.0,1877.0,1877.0,1877.0,1877.0,1877.0,1877.0,1877.0,1877.0,1877.0,1878.0,1878.0,1878.0,1878.0,1879.0,1879.0,1879.0,1879.0,1879.0,1879.0,1879.0,1880.0,1880.0,1880.0,1880.0,1880.0,,,,,,,,,1881.0,1881.0,1881.0,1881.0,1881.0,1881.0,1881.0,1881.0,1881.0,1881.0,1881.0,1881.0,1881.0,1881.0,1881.0,1881.0,1881.0,1881.0,1881.0,1881.0,1881.0,1881.0,1881.0,1881.0,1881.0,1881.0,1881.0,1881.0,1881.0,1881.0,1881.0,1881.0,1882.0,1882.0,1882.0,1882.0,1882.0,1882.0,1883.0,1884.0,1884.0,1884.0,1885.0,1885.0,1885.0,1885.0,1885.0,1885.0,1885.0,1886.0,1887.0,1888.0,1888.0,1889.0,1889.0,1889.0,1889.0,1889.0,1889.0,1889.0,1889.0,1889.0,1889.0,1889.0,1889.0,1889.0,1889.0,1889.0,1889.0,1889.0,1889.0,1889
a9FyC9pXUCQ,3604.0,3605.0,3605.0,3605.0,3605.0,3605.0,3605.0,3605.0,3605.0,3605.0,3605.0,3605.0,3605.0,3605.0,3605.0,3606.0,3607.0,3607.0,3608.0,3608.0,3608.0,3608.0,3608.0,3608.0,3609.0,3611.0,3611.0,3611.0,3611.0,3612.0,3612.0,3613.0,3614.0,3615.0,3615.0,3616.0,3617.0,3617.0,3617.0,3617.0,3621.0,3622.0,3622.0,3623.0,3623.0,3623.0,3623.0,3624.0,3625.0,3626.0,3626.0,3626.0,3626.0,3626.0,3626.0,3627.0,3627.0,3627.0,3627.0,3627.0,3627.0,3628.0,3628.0,3628.0,3628.0,3628.0,3628.0,3629.0,3629.0,3629.0,3629.0,3629.0,3629.0,3629.0,3629.0,3629.0,3630.0,3630.0,3630.0,3631.0,3631.0,3631.0,3631.0,3631.0,3631.0,3631.0,3631.0,3631.0,3631.0,3631.0,3631.0,3631.0,3631.0,3631.0,3631.0,3632.0,3632.0,3633.0,3635.0,3637.0,3637.0,3637.0,3638.0,3638.0,3638.0,3638.0,3638.0,3638.0,3639.0,3639.0,3640.0,3640.0,3641.0,3641.0,3641.0,3641.0,3641.0,3641.0,3641.0,3642.0,3642.0,3642.0,3642.0,3642.0,3642.0,3642.0,3642.0,3642.0,3642.0,3642.0,3642.0,3642.0,3642.0,3642.0,,,,,,,,,3644.0,3644.0,3644.0,3644.0,3644.0,3644.0,3644.0,3644.0,3644.0,3644.0,3644.0,3644.0,3644.0,3644.0,3644.0,3644.0,3644.0,3644.0,3644.0,3644.0,3644.0,3645.0,3645.0,3645.0,3645.0,3645.0,3645.0,3645.0,3645.0,3646.0,3646.0,3647.0,3647.0,3647.0,3647.0,3647.0,3647.0,3647.0,3648.0,3648.0,3648.0,3648.0,3648.0,3648.0,3648.0,3650.0,3650.0,3650.0,3650.0,3650.0,3650.0,3650.0,3650.0,3650.0,3651.0,3651.0,3651.0,3651.0,3651.0,3651.0,3651.0,3651.0,3652.0,3654.0,3654.0,3654.0,3654.0,3654.0,3655.0,3655.0,3655.0,3655
oSNtASRXIZo,1125.0,1125.0,1126.0,1126.0,1126.0,1126.0,1126.0,1126.0,1126.0,1127.0,1127.0,1128.0,1128.0,1128.0,1128.0,1128.0,1130.0,1130.0,1130.0,1130.0,1130.0,1130.0,1130.0,1130.0,1130.0,1130.0,1130.0,1130.0,1131.0,1131.0,1131.0,1131.0,1131.0,1131.0,1132.0,1132.0,1132.0,1132.0,1132.0,1132.0,1132.0,1132.0,1132.0,1132.0,1132.0,1133.0,1135.0,1136.0,1137.0,1139.0,1139.0,1140.0,1140.0,1144.0,1144.0,1144.0,1144.0,1144.0,1144.0,1144.0,1144.0,1144.0,1144.0,1144.0,1144.0,1144.0,1144.0,1144.0,1144.0,1144.0,1144.0,1144.0,1144.0,1144.0,1144.0,1144.0,1144.0,1144.0,1145.0,1145.0,1145.0,1145.0,1145.0,1145.0,1145.0,1145.0,1146.0,1146.0,1146.0,1146.0,1146.0,1146.0,1146.0,1146.0,1146.0,1146.0,1146.0,1146.0,1146.0,1146.0,1146.0,1146.0,1146.0,1148.0,1148.0,1148.0,1149.0,1149.0,1150.0,1150.0,1151.0,1151.0,1151.0,1151.0,1151.0,1151.0,1153.0,1153.0,1153.0,1153.0,1154.0,1154.0,1154.0,1154.0,1154.0,1154.0,1155.0,1155.0,1156.0,1156.0,1156.0,1156.0,1156.0,1157.0,,,,,,,,,1157.0,1157.0,1157.0,1157.0,1157.0,1157.0,1157.0,1157.0,1157.0,1157.0,1157.0,1157.0,1157.0,1157.0,1157.0,1157.0,1158.0,1158.0,1158.0,1158.0,1158.0,1158.0,1158.0,1158.0,1158.0,1158.0,1158.0,1158.0,1158.0,1158.0,1158.0,1158.0,1158.0,1159.0,1159.0,1159.0,1159.0,1159.0,1159.0,1159.0,1159.0,1159.0,1159.0,1160.0,1161.0,1171.0,1173.0,1173.0,1173.0,1173.0,1173.0,1173.0,1173.0,1173.0,1173.0,1173.0,1173.0,1173.0,1173.0,1173.0,1173.0,1173.0,1173.0,1174.0,1174.0,1174.0,1174.0,1174.0,1174.0,1174.0,1174.0,1176
5WWEKyzYsfs,1227.0,1227.0,1227.0,1228.0,1228.0,1229.0,1229.0,1229.0,1229.0,1229.0,1229.0,1229.0,1229.0,1230.0,1230.0,1230.0,1230.0,1230.0,1230.0,1230.0,1230.0,1230.0,1230.0,1230.0,1230.0,1230.0,1230.0,1230.0,1230.0,1230.0,1230.0,1230.0,1230.0,1230.0,1230.0,1230.0,1230.0,1230.0,1230.0,1230.0,1230.0,1230.0,1230.0,1230.0,1230.0,1231.0,1231.0,1231.0,1231.0,1231.0,1231.0,1231.0,1231.0,1233.0,1233.0,1233.0,1233.0,1233.0,1233.0,1233.0,1233.0,1233.0,1233.0,1233.0,1233.0,1233.0,1233.0,1233.0,1233.0,1233.0,1233.0,1233.0,1233.0,1233.0,1233.0,1233.0,1233.0,1233.0,1233.0,1233.0,1233.0,1233.0,1233.0,1234.0,1234.0,1234.0,1234.0,1234.0,1234.0,1234.0,1234.0,1234.0,1234.0,1234.0,1234.0,1234.0,1234.0,1234.0,1234.0,1234.0,1234.0,1234.0,1235.0,1235.0,1235.0,1235.0,1235.0,1235.0,1235.0,1235.0,1235.0,1235.0,1236.0,1236.0,1236.0,1236.0,1236.0,1236.0,1236.0,1236.0,1236.0,1236.0,1236.0,1236.0,1236.0,1236.0,1236.0,1236.0,1236.0,1236.0,1236.0,1236.0,1236.0,1236.0,,,,,,,,,1237.0,1237.0,1237.0,1238.0,1238.0,1238.0,1238.0,1238.0,1238.0,1238.0,1238.0,1239.0,1240.0,1240.0,1240.0,1240.0,1240.0,1240.0,1240.0,1240.0,1240.0,1240.0,1240.0,1240.0,1240.0,1240.0,1240.0,1240.0,1240.0,1240.0,1240.0,1240.0,1240.0,1240.0,1240.0,1240.0,1240.0,1240.0,1240.0,1241.0,1241.0,1242.0,1242.0,1242.0,1243.0,1243.0,1243.0,1243.0,1243.0,1244.0,1244.0,1244.0,1245.0,1245.0,1245.0,1245.0,1245.0,1246.0,1246.0,1246.0,1247.0,1248.0,1248.0,1248.0,1248.0,1248.0,1248.0,1248.0,1248.0,1248.0,1248.0,1248
MB7qFR25RWo,20875.0,20876.0,20877.0,20877.0,20879.0,20879.0,20882.0,20885.0,20886.0,20887.0,20887.0,20888.0,20888.0,20888.0,20891.0,20892.0,20893.0,20895.0,20898.0,20899.0,20901.0,20904.0,20905.0,20905.0,20905.0,20906.0,20907.0,20908.0,20909.0,20909.0,20909.0,20911.0,20911.0,20913.0,20914.0,20914.0,20915.0,20919.0,20919.0,20919.0,20919.0,20919.0,20919.0,20920.0,20920.0,20920.0,20920.0,20921.0,20922.0,20924.0,20924.0,20924.0,20924.0,20927.0,20927.0,20927.0,20927.0,20927.0,20929.0,20930.0,20930.0,20934.0,20935.0,20936.0,20936.0,20936.0,20937.0,20937.0,20938.0,20939.0,20940.0,20941.0,20943.0,20944.0,20944.0,20946.0,20946.0,20946.0,20946.0,20948.0,20948.0,20948.0,20948.0,20949.0,20949.0,20949.0,20949.0,20949.0,20952.0,20952.0,20953.0,20954.0,20955.0,20955.0,20956.0,20956.0,20956.0,20956.0,20958.0,20962.0,20964.0,20964.0,20965.0,20965.0,20965.0,20966.0,20966.0,20966.0,20967.0,20967.0,20967.0,20967.0,20968.0,20968.0,20968.0,20968.0,20969.0,20973.0,20975.0,20976.0,20976.0,20976.0,20976.0,20976.0,20980.0,20980.0,20980.0,20980.0,20981.0,20983.0,20983.0,20983.0,20984.0,20984.0,,,,,,,,,20989.0,20991.0,20993.0,20995.0,20995.0,20995.0,20995.0,20995.0,20995.0,20995.0,20998.0,21000.0,21001.0,21001.0,21001.0,21002.0,21003.0,21004.0,21004.0,21005.0,21005.0,21005.0,21005.0,21005.0,21005.0,21005.0,21005.0,21005.0,21007.0,21007.0,21008.0,21008.0,21009.0,21010.0,21010.0,21011.0,21011.0,21011.0,21011.0,21011.0,21012.0,21012.0,21012.0,21013.0,21014.0,21015.0,21016.0,21016.0,21016.0,21016.0,21016.0,21016.0,21016.0,21016.0,21017.0,21019.0,21019.0,21019.0,21019.0,21020.0,21020.0,21020.0,21021.0,21022.0,21022.0,21022.0,21022.0,21022.0,21024.0,21024.0,21025.0,21026
sX8_NFgLrDQ,356.0,356.0,356.0,356.0,356.0,356.0,356.0,356.0,356.0,356.0,356.0,356.0,356.0,356.0,356.0,357.0,357.0,357.0,357.0,357.0,357.0,357.0,357.0,357.0,357.0,357.0,357.0,357.0,357.0,357.0,357.0,357.0,357.0,357.0,357.0,357.0,357.0,357.0,357.0,357.0,357.0,357.0,357.0,357.0,357.0,357.0,358.0,358.0,358.0,359.0,359.0,359.0,359.0,359.0,359.0,359.0,359.0,359.0,359.0,359.0,359.0,359.0,360.0,360.0,360.0,360.0,360.0,360.0,360.0,360.0,360.0,360.0,360.0,360.0,360.0,360.0,360.0,360.0,360.0,360.0,360.0,360.0,360.0,360.0,360.0,360.0,360.0,360.0,360.0,360.0,360.0,360.0,360.0,360.0,360.0,360.0,360.0,360.0,360.0,360.0,360.0,360.0,360.0,360.0,360.0,360.0,360.0,360.0,360.0,360.0,360.0,360.0,360.0,360.0,360.0,360.0,360.0,360.0,360.0,360.0,360.0,360.0,360.0,360.0,360.0,360.0,360.0,360.0,360.0,360.0,360.0,360.0,360.0,360.0,,,,,,,,,360.0,360.0,360.0,360.0,360.0,360.0,360.0,360.0,360.0,360.0,360.0,360.0,360.0,360.0,360.0,360.0,360.0,360.0,360.0,360.0,360.0,360.0,360.0,360.0,360.0,360.0,360.0,360.0,360.0,360.0,360.0,360.0,360.0,360.0,360.0,360.0,360.0,360.0,360.0,360.0,360.0,360.0,360.0,360.0,360.0,360.0,360.0,360.0,360.0,360.0,360.0,360.0,360.0,360.0,360.0,360.0,360.0,360.0,360.0,360.0,360.0,360.0,360.0,360.0,360.0,360.0,360.0,360.0,360.0,360.0,360.0,360
IkQhwEtQVrc,997.0,997.0,997.0,997.0,997.0,997.0,997.0,997.0,997.0,997.0,997.0,997.0,997.0,997.0,997.0,997.0,998.0,998.0,998.0,998.0,998.0,998.0,999.0,999.0,999.0,999.0,999.0,999.0,1000.0,1000.0,1000.0,1000.0,1000.0,1000.0,1000.0,1000.0,1000.0,1003.0,1004.0,1004.0,1004.0,1004.0,1004.0,1005.0,1005.0,1005.0,1005.0,1005.0,1005.0,1005.0,1005.0,1006.0,1006.0,1006.0,1007.0,1007.0,1008.0,1008.0,1008.0,1009.0,1009.0,1010.0,1010.0,1011.0,1011.0,1011.0,1011.0,1011.0,1011.0,1011.0,1011.0,1012.0,1012.0,1012.0,1012.0,1012.0,1012.0,1012.0,1012.0,1012.0,1012.0,1012.0,1012.0,1012.0,1012.0,1012.0,1012.0,1012.0,1012.0,1012.0,1012.0,1012.0,1012.0,1013.0,1013.0,1013.0,1013.0,1013.0,1013.0,1013.0,1013.0,1013.0,1013.0,1013.0,1014.0,1014.0,1014.0,1014.0,1015.0,1015.0,1015.0,1015.0,1015.0,1015.0,1015.0,1015.0,1017.0,1017.0,1017.0,1017.0,1017.0,1018.0,1018.0,1018.0,1019.0,1019.0,1019.0,1019.0,1019.0,1020.0,1020.0,1020.0,1020.0,1020.0,,,,,,,,,1020.0,1020.0,1020.0,1020.0,1020.0,1020.0,1021.0,1021.0,1021.0,1021.0,1021.0,1022.0,1022.0,1022.0,1022.0,1022.0,1022.0,1022.0,1022.0,1022.0,1022.0,1022.0,1022.0,1022.0,1022.0,1022.0,1022.0,1022.0,1022.0,1022.0,1022.0,1022.0,1022.0,1023.0,1023.0,1023.0,1023.0,1023.0,1024.0,1024.0,1024.0,1024.0,1024.0,1024.0,1025.0,1025.0,1025.0,1025.0,1025.0,1025.0,1025.0,1026.0,1026.0,1026.0,1026.0,1026.0,1026.0,1027.0,1027.0,1027.0,1027.0,1027.0,1027.0,1027.0,1027.0,1027.0,1028.0,1028.0,1028.0,1028.0,1028.0,1028
_owWpW3Hn4Q,240800.0,241169.0,241618.0,241942.0,242473.0,242916.0,243385.0,243869.0,244250.0,244627.0,244894.0,245231.0,245655.0,246030.0,246433.0,246839.0,247162.0,247465.0,247877.0,248295.0,248682.0,249031.0,249364.0,249646.0,249951.0,250293.0,250651.0,250959.0,251200.0,251570.0,251832.0,252074.0,252392.0,252671.0,253044.0,253447.0,253801.0,254076.0,254283.0,254637.0,254967.0,255244.0,255535.0,255849.0,256090.0,256313.0,256632.0,256934.0,257268.0,257544.0,257864.0,258080.0,258292.0,258483.0,258800.0,259021.0,259318.0,259584.0,259794.0,260031.0,260314.0,260604.0,260884.0,261193.0,261479.0,261711.0,261937.0,262187.0,262414.0,262716.0,263019.0,263202.0,263410.0,263632.0,263907.0,264158.0,264493.0,264759.0,265092.0,265388.0,265582.0,265867.0,266139.0,266423.0,266731.0,266971.0,267176.0,267409.0,267698.0,268027.0,268304.0,268673.0,269028.0,269297.0,269555.0,269889.0,270187.0,270498.0,270873.0,271228.0,271512.0,271704.0,272012.0,272303.0,272582.0,272925.0,273156.0,273411.0,273679.0,273954.0,274242.0,274565.0,274874.0,275178.0,275376.0,275624.0,275918.0,276294.0,276689.0,277054.0,277302.0,277551.0,277758.0,278021.0,278242.0,278492.0,278768.0,278982.0,279251.0,279480.0,279790.0,280089.0,280378.0,280673.0,,,,,,,,,283843.0,284151.0,284552.0,284906.0,285312.0,285675.0,285981.0,286319.0,286767.0,287232.0,287671.0,288112.0,288517.0,288939.0,289275.0,289554.0,289945.0,290309.0,290636.0,290993.0,291284.0,291529.0,291812.0,292061.0,292296.0,292560.0,292862.0,293211.0,293546.0,293811.0,294303.0,294817.0,295363.0,295887.0,296260.0,296616.0,296858.0,297248.0,297639.0,297985.0,298328.0,298669.0,298937.0,299226.0,299573.0,299903.0,300280.0,300617.0,300993.0,301277.0,301550.0,301868.0,302206.0,302562.0,302877.0,303198.0,303492.0,303787.0,304084.0,304410.0,304733.0,304979.0,305249.0,305508.0,305794.0,306053.0,306378.0,306737.0,306982.0,307207.0,307459.0,307726
kimholrzOnk,65615.0,65628.0,65653.0,65666.0,65689.0,65698.0,65708.0,65715.0,65718.0,65729.0,65736.0,65740.0,65751.0,65761.0,65771.0,65781.0,65796.0,65811.0,65815.0,65829.0,65842.0,65850.0,65863.0,65875.0,65894.0,65907.0,65916.0,65921.0,65936.0,65953.0,65967.0,65980.0,65993.0,65997.0,66007.0,66023.0,66032.0,66045.0,66058.0,66070.0,66084.0,66100.0,66108.0,66121.0,66130.0,66147.0,66162.0,66175.0,66189.0,66200.0,66208.0,66217.0,66229.0,66237.0,66241.0,66249.0,66257.0,66272.0,66278.0,66288.0,66304.0,66313.0,66321.0,66334.0,66337.0,66345.0,66358.0,66360.0,66366.0,66385.0,66403.0,66413.0,66423.0,66432.0,66437.0,66448.0,66464.0,66478.0,66490.0,66503.0,66519.0,66527.0,66536.0,66553.0,66560.0,66572.0,66580.0,66594.0,66604.0,66614.0,66625.0,66632.0,66642.0,66655.0,66664.0,66678.0,66687.0,66697.0,66711.0,66719.0,66738.0,66748.0,66759.0,66778.0,66790.0,66805.0,66817.0,66827.0,66835.0,66844.0,66860.0,66876.0,66884.0,66896.0,66913.0,66926.0,66940.0,66962.0,66982.0,66997.0,67010.0,67022.0,67030.0,67046.0,67052.0,67063.0,67076.0,67084.0,67101.0,67119.0,67129.0,67143.0,67157.0,67166.0,,,,,,,,,67272.0,67285.0,67297.0,67319.0,67327.0,67340.0,67352.0,67372.0,67391.0,67401.0,67410.0,67431.0,67450.0,67462.0,67479.0,67493.0,67502.0,67521.0,67545.0,67556.0,67572.0,67591.0,67599.0,67618.0,67627.0,67642.0,67659.0,67677.0,67687.0,67704.0,67714.0,67730.0,67745.0,67755.0,67775.0,67791.0,67810.0,67824.0,67842.0,67854.0,67867.0,67881.0,67900.0,67915.0,67935.0,67949.0,67957.0,67983.0,68011.0,68025.0,68035.0,68067.0,68087.0,68115.0,68146.0,68167.0,68180.0,68198.0,68211.0,68238.0,68259.0,68275.0,68296.0,68313.0,68330.0,68340.0,68355.0,68368.0,68380.0,68396.0,68409.0,68416
kSANFPV_YUk,69625.0,69636.0,69646.0,69659.0,69684.0,69689.0,69705.0,69723.0,69728.0,69742.0,69754.0,69772.0,69781.0,69798.0,69809.0,69827.0,69842.0,69860.0,69872.0,69889.0,69899.0,69904.0,69911.0,69924.0,69936.0,69946.0,69952.0,69965.0,69974.0,69988.0,69996.0,70005.0,70020.0,70025.0,70033.0,70041.0,70062.0,70069.0,70080.0,70093.0,70099.0,70108.0,70116.0,70128.0,70134.0,70140.0,70153.0,70164.0,70172.0,70178.0,70183.0,70190.0,70197.0,70211.0,70215.0,70221.0,70233.0,70240.0,70251.0,70255.0,70262.0,70269.0,70272.0,70275.0,70283.0,70295.0,70310.0,70312.0,70317.0,70322.0,70336.0,70348.0,70362.0,70374.0,70390.0,70398.0,70404.0,70422.0,70423.0,70436.0,70447.0,70455.0,70460.0,70472.0,70492.0,70500.0,70506.0,70517.0,70537.0,70550.0,70559.0,70574.0,70580.0,70600.0,70619.0,70638.0,70649.0,70656.0,70673.0,70683.0,70697.0,70716.0,70724.0,70737.0,70750.0,70764.0,70784.0,70800.0,70811.0,70822.0,70837.0,70841.0,70848.0,70863.0,70880.0,70896.0,70904.0,70912.0,70922.0,70937.0,70946.0,70954.0,70966.0,70970.0,70977.0,70992.0,71008.0,71010.0,71019.0,71031.0,71039.0,71047.0,71055.0,71064.0,,,,,,,,,71146.0,71155.0,71160.0,71168.0,71181.0,71189.0,71191.0,71205.0,71228.0,71246.0,71258.0,71277.0,71295.0,71316.0,71336.0,71351.0,71371.0,71383.0,71397.0,71407.0,71417.0,71425.0,71431.0,71445.0,71461.0,71473.0,71488.0,71495.0,71503.0,71518.0,71533.0,71538.0,71553.0,71564.0,71571.0,71575.0,71582.0,71589.0,71602.0,71616.0,71637.0,71652.0,71668.0,71675.0,71692.0,71703.0,71719.0,71729.0,71751.0,71771.0,71778.0,71803.0,71828.0,71854.0,71872.0,71881.0,71896.0,71910.0,71925.0,71939.0,71947.0,71955.0,71968.0,71980.0,71996.0,72006.0,72014.0,72024.0,72031.0,72044.0,72054.0,72063
5XnKq8UykXw,174111.0,174445.0,174796.0,175101.0,175528.0,175911.0,176351.0,176685.0,177044.0,177372.0,177801.0,178153.0,178548.0,178915.0,179238.0,179678.0,180055.0,180357.0,180834.0,181270.0,181602.0,181985.0,182348.0,182721.0,183052.0,183386.0,183680.0,184051.0,184393.0,184804.0,185234.0,185592.0,186020.0,186418.0,186813.0,187264.0,187587.0,187999.0,188392.0,188765.0,189111.0,189448.0,189760.0,190090.0,190430.0,190794.0,191107.0,191457.0,191839.0,192159.0,192483.0,192816.0,193115.0,193450.0,193858.0,194178.0,194568.0,194918.0,195217.0,195593.0,196009.0,196466.0,196908.0,197388.0,197856.0,198379.0,198774.0,199269.0,199647.0,200127.0,200575.0,200962.0,201392.0,201786.0,202241.0,202725.0,203300.0,203798.0,204468.0,204974.0,205567.0,206391.0,207044.0,207609.0,208210.0,208835.0,209387.0,209990.0,210568.0,211154.0,211715.0,212323.0,212915.0,213537.0,214201.0,214844.0,215422.0,215959.0,216630.0,217240.0,217735.0,218313.0,218949.0,219589.0,220110.0,220709.0,221312.0,221885.0,222407.0,223168.0,223811.0,224535.0,225117.0,225804.0,226442.0,227004.0,227708.0,228404.0,229154.0,229762.0,230306.0,230861.0,231349.0,231837.0,232419.0,232950.0,233493.0,234036.0,234627.0,235186.0,235728.0,236271.0,236797.0,237307.0,,,,,,,,,241977.0,242470.0,242967.0,243522.0,244103.0,244634.0,245274.0,245923.0,246671.0,247396.0,248188.0,249099.0,249936.0,250778.0,251389.0,251939.0,252584.0,253391.0,254030.0,254589.0,255062.0,255542.0,255975.0,256508.0,257035.0,257432.0,257990.0,258594.0,259028.0,259530.0,260013.0,260460.0,260906.0,261317.0,261755.0,262347.0,262760.0,263254.0,263732.0,264235.0,264770.0,265268.0,265800.0,266279.0,266790.0,267420.0,267937.0,268483.0,269041.0,269666.0,270225.0,270825.0,271403.0,271983.0,272567.0,273071.0,273643.0,274181.0,274751.0,275386.0,275977.0,276473.0,277022.0,277596.0,278128.0,278693.0,279245.0,279835.0,280526.0,281198.0,281742.0,282348
jZZDNS6Ys0Q,11409.0,11488.0,11577.0,11649.0,11709.0,11801.0,11884.0,11945.0,12012.0,12060.0,12097.0,12148.0,12207.0,12269.0,12332.0,12402.0,12462.0,12521.0,12575.0,12639.0,12704.0,12765.0,12828.0,12865.0,12911.0,12972.0,13053.0,13119.0,13186.0,13238.0,13287.0,13330.0,13403.0,13471.0,13539.0,13618.0,13690.0,13780.0,13842.0,13954.0,14045.0,14154.0,14279.0,14383.0,14494.0,14571.0,14692.0,14791.0,14907.0,14977.0,15062.0,15165.0,15249.0,15355.0,15462.0,15571.0,15696.0,15814.0,15923.0,16010.0,16099.0,16208.0,16324.0,16411.0,16532.0,16659.0,16754.0,16957.0,17118.0,17401.0,17884.0,18482.0,18778.0,19109.0,19767.0,20297.0,20673.0,21003.0,21280.0,21621.0,22002.0,22302.0,22613.0,22987.0,23409.0,23742.0,23986.0,24166.0,24527.0,25015.0,25398.0,25742.0,26052.0,26550.0,27195.0,28415.0,30945.0,36668.0,42008.0,45288.0,46628.0,48046.0,49669.0,51092.0,52595.0,54296.0,56427.0,57947.0,58966.0,59991.0,60771.0,61368.0,61716.0,62158.0,62539.0,62759.0,63004.0,63342.0,63694.0,63981.0,64174.0,64315.0,64460.0,64574.0,64684.0,64816.0,64885.0,64982.0,65071.0,65143.0,65223.0,65289.0,65381.0,65460.0,,,,,,,,,66305.0,66378.0,66463.0,66556.0,66674.0,66817.0,66952.0,67036.0,67133.0,67240.0,67370.0,67476.0,67626.0,67750.0,67873.0,67966.0,68113.0,68245.0,68368.0,68462.0,68566.0,68628.0,68715.0,68806.0,68891.0,68986.0,69053.0,69119.0,69221.0,69281.0,69353.0,69452.0,69534.0,69625.0,69695.0,69735.0,69775.0,69825.0,69875.0,69933.0,69984.0,70044.0,70101.0,70140.0,70185.0,70233.0,70306.0,70362.0,70444.0,70517.0,70577.0,70659.0,70734.0,70805.0,70866.0,70921.0,70971.0,71027.0,71107.0,71175.0,71247.0,71303.0,71353.0,71392.0,71450.0,71508.0,71591.0,71680.0,71744.0,71818.0,71880.0,71924
UzhTzCNmUWc,613826.0,613831.0,613835.0,613841.0,613844.0,613847.0,613854.0,613859.0,613867.0,613869.0,613879.0,613884.0,613889.0,613892.0,613901.0,613901.0,613908.0,613913.0,613923.0,613933.0,613940.0,613947.0,613954.0,613958.0,613961.0,613967.0,613977.0,613980.0,613986.0,613992.0,614009.0,614019.0,614032.0,614061.0,614074.0,614090.0,614111.0,614126.0,614139.0,614146.0,614156.0,614166.0,614173.0,614181.0,614186.0,614194.0,614203.0,614210.0,614218.0,614223.0,614225.0,614228.0,614231.0,614234.0,614237.0,614242.0,614249.0,614257.0,614262.0,614269.0,614273.0,614284.0,614293.0,614294.0,614297.0,614305.0,614307.0,614313.0,614315.0,614318.0,614330.0,614330.0,614338.0,614344.0,614349.0,614355.0,614362.0,614364.0,614372.0,614379.0,614385.0,614387.0,614394.0,614399.0,614400.0,614406.0,614411.0,614413.0,614417.0,614423.0,614426.0,614434.0,614441.0,614448.0,614451.0,614463.0,614472.0,614473.0,614475.0,614484.0,614488.0,614490.0,614495.0,614498.0,614500.0,614506.0,614508.0,614516.0,614518.0,614526.0,614529.0,614538.0,614544.0,614555.0,614561.0,614571.0,614578.0,614582.0,614585.0,614590.0,614596.0,614601.0,614607.0,614610.0,614617.0,614617.0,614625.0,614627.0,614630.0,614637.0,614640.0,614642.0,614646.0,614652.0,,,,,,,,,614700.0,614704.0,614708.0,614718.0,614736.0,614749.0,614765.0,614784.0,614797.0,614807.0,614817.0,614824.0,614835.0,614844.0,614848.0,614851.0,614860.0,614863.0,614871.0,614877.0,614882.0,614893.0,614902.0,614911.0,614920.0,614925.0,614938.0,614945.0,614954.0,614963.0,614965.0,614971.0,614982.0,614989.0,614993.0,615000.0,615006.0,615014.0,615020.0,615022.0,615031.0,615041.0,615048.0,615050.0,615052.0,615056.0,615064.0,615068.0,615072.0,615074.0,615085.0,615091.0,615098.0,615102.0,615104.0,615108.0,615114.0,615118.0,615120.0,615124.0,615131.0,615139.0,615144.0,615151.0,615157.0,615165.0,615169.0,615186.0,615195.0,615201.0,615205.0,615211
GkvqPX2asL4,40869.0,40876.0,40880.0,40888.0,40895.0,40900.0,40905.0,40913.0,40921.0,40933.0,40938.0,40944.0,40950.0,40955.0,40965.0,40991.0,41000.0,41011.0,41019.0,41027.0,41046.0,41104.0,41160.0,41184.0,41212.0,41230.0,41261.0,41277.0,41289.0,41309.0,41327.0,41338.0,41345.0,41353.0,41366.0,41372.0,41384.0,41402.0,41412.0,41422.0,41425.0,41434.0,41448.0,41454.0,41464.0,41471.0,41479.0,41488.0,41495.0,41499.0,41504.0,41513.0,41515.0,41525.0,41533.0,41540.0,41548.0,41551.0,41553.0,41558.0,41567.0,41575.0,41584.0,41587.0,41620.0,41658.0,41685.0,41734.0,41770.0,41802.0,41853.0,41886.0,41913.0,41930.0,41961.0,41982.0,42004.0,42020.0,42040.0,42060.0,42080.0,42102.0,42121.0,42134.0,42146.0,42160.0,42172.0,42185.0,42213.0,42246.0,42274.0,42313.0,42335.0,42344.0,42359.0,42373.0,42389.0,42430.0,42450.0,42472.0,42478.0,42489.0,42530.0,42547.0,42559.0,42577.0,42593.0,42602.0,42612.0,42626.0,42640.0,42649.0,42654.0,42658.0,42667.0,42671.0,42677.0,42688.0,42693.0,42710.0,42712.0,42721.0,42723.0,42730.0,42736.0,42743.0,42746.0,42757.0,42764.0,42768.0,42771.0,42775.0,42778.0,42780.0,,,,,,,,,42836.0,42845.0,42854.0,42857.0,42866.0,42877.0,42891.0,42908.0,42921.0,42930.0,42941.0,42952.0,42959.0,42963.0,42976.0,42984.0,42989.0,42991.0,42999.0,43007.0,43013.0,43016.0,43017.0,43020.0,43023.0,43026.0,43030.0,43032.0,43034.0,43037.0,43041.0,43045.0,43048.0,43048.0,43052.0,43054.0,43057.0,43057.0,43062.0,43063.0,43070.0,43077.0,43079.0,43080.0,43087.0,43091.0,43093.0,43099.0,43101.0,43107.0,43109.0,43117.0,43123.0,43127.0,43132.0,43135.0,43142.0,43145.0,43149.0,43154.0,43158.0,43162.0,43170.0,43176.0,43180.0,43184.0,43187.0,43193.0,43201.0,43210.0,43216.0,43227
gmcLLPGzpcc,41366.0,41379.0,41395.0,41407.0,41425.0,41441.0,41458.0,41477.0,41501.0,41547.0,41570.0,41583.0,41599.0,41613.0,41618.0,41632.0,41648.0,41663.0,41680.0,41694.0,41703.0,41721.0,41740.0,41752.0,41761.0,41786.0,41807.0,41821.0,41841.0,41853.0,41867.0,41876.0,41901.0,41921.0,41946.0,41974.0,41996.0,42010.0,42020.0,42036.0,42064.0,42100.0,42224.0,42263.0,42296.0,42326.0,42360.0,42382.0,42386.0,42398.0,42410.0,42425.0,42434.0,42444.0,42466.0,42477.0,42503.0,42521.0,42528.0,42544.0,42560.0,42574.0,42589.0,42599.0,42615.0,42621.0,42635.0,42645.0,42661.0,42673.0,42682.0,42697.0,42708.0,42715.0,42735.0,42745.0,42775.0,42794.0,42809.0,42821.0,42830.0,42855.0,42881.0,42899.0,42916.0,42928.0,42941.0,42950.0,42967.0,42977.0,42986.0,43000.0,43009.0,43014.0,43019.0,43028.0,43035.0,43040.0,43046.0,43055.0,43066.0,43076.0,43092.0,43101.0,43117.0,43124.0,43130.0,43137.0,43151.0,43173.0,43187.0,43199.0,43206.0,43214.0,43224.0,43236.0,43250.0,43266.0,43278.0,43293.0,43307.0,43321.0,43331.0,43345.0,43357.0,43377.0,43392.0,43405.0,43411.0,43419.0,43422.0,43427.0,43431.0,43442.0,,,,,,,,,43532.0,43544.0,43555.0,43562.0,43572.0,43584.0,43596.0,43606.0,43619.0,43638.0,43658.0,43677.0,43696.0,43703.0,43720.0,43731.0,43735.0,43743.0,43769.0,43777.0,43796.0,43809.0,43818.0,43828.0,43841.0,43857.0,43874.0,43882.0,43886.0,43893.0,43907.0,43916.0,43926.0,43939.0,43950.0,43960.0,43971.0,43985.0,43998.0,44007.0,44017.0,44024.0,44037.0,44050.0,44064.0,44079.0,44097.0,44111.0,44116.0,44127.0,44138.0,44142.0,44150.0,44160.0,44173.0,44185.0,44196.0,44207.0,44214.0,44225.0,44238.0,44246.0,44255.0,44264.0,44268.0,44287.0,44291.0,44299.0,44304.0,44315.0,44322.0,44337
o-COQfIHXMA,9130.0,9131.0,9131.0,9133.0,9135.0,9136.0,9136.0,9136.0,9139.0,9142.0,9142.0,9143.0,9149.0,9152.0,9153.0,9153.0,9156.0,9158.0,9161.0,9164.0,9166.0,9168.0,9168.0,9169.0,9169.0,9170.0,9170.0,9171.0,9172.0,9174.0,9176.0,9177.0,9177.0,9177.0,9178.0,9179.0,9180.0,9181.0,9181.0,9182.0,9183.0,9191.0,9196.0,9200.0,9203.0,9206.0,9210.0,9211.0,9213.0,9217.0,9219.0,9219.0,9220.0,9221.0,9225.0,9226.0,9231.0,9234.0,9236.0,9236.0,9238.0,9239.0,9240.0,9241.0,9242.0,9243.0,9245.0,9246.0,9248.0,9251.0,9253.0,9253.0,9254.0,9254.0,9254.0,9255.0,9256.0,9259.0,9260.0,9263.0,9266.0,9267.0,9269.0,9272.0,9273.0,9274.0,9276.0,9279.0,9281.0,9286.0,9289.0,9293.0,9299.0,9303.0,9304.0,9305.0,9305.0,9307.0,9309.0,9309.0,9310.0,9311.0,9312.0,9314.0,9317.0,9318.0,9326.0,9329.0,9334.0,9338.0,9339.0,9342.0,9346.0,9351.0,9353.0,9354.0,9354.0,9357.0,9360.0,9360.0,9361.0,9364.0,9369.0,9370.0,9371.0,9373.0,9374.0,9376.0,9376.0,9382.0,9388.0,9391.0,9395.0,9400.0,,,,,,,,,9435.0,9441.0,9451.0,9453.0,9458.0,9461.0,9462.0,9468.0,9477.0,9478.0,9484.0,9486.0,9495.0,9497.0,9513.0,9516.0,9520.0,9522.0,9529.0,9533.0,9536.0,9536.0,9538.0,9539.0,9539.0,9541.0,9545.0,9545.0,9546.0,9548.0,9549.0,9551.0,9551.0,9554.0,9558.0,9563.0,9565.0,9565.0,9566.0,9568.0,9570.0,9572.0,9577.0,9581.0,9586.0,9588.0,9588.0,9588.0,9592.0,9592.0,9593.0,9597.0,9602.0,9602.0,9604.0,9605.0,9606.0,9606.0,9609.0,9609.0,9612.0,9615.0,9617.0,9617.0,9619.0,9619.0,9619.0,9621.0,9628.0,9632.0,9632.0,9634
kRPGf73xtY4,34665.0,34733.0,34789.0,34863.0,34934.0,34996.0,35058.0,35126.0,35190.0,35246.0,35306.0,35356.0,35412.0,35461.0,35508.0,35562.0,35606.0,35664.0,35698.0,35746.0,35790.0,35837.0,35892.0,35917.0,35943.0,35982.0,36024.0,36074.0,36103.0,36144.0,36200.0,36231.0,36278.0,36325.0,36357.0,36391.0,36429.0,36472.0,36519.0,36559.0,36586.0,36628.0,36689.0,36719.0,36758.0,36793.0,36831.0,36873.0,36909.0,36945.0,36978.0,37006.0,37063.0,37099.0,37158.0,37207.0,37273.0,37349.0,37405.0,37433.0,37496.0,37573.0,37671.0,37731.0,37782.0,37845.0,37896.0,37953.0,38003.0,38075.0,38129.0,38199.0,38250.0,38290.0,38344.0,38405.0,38491.0,38574.0,38646.0,38709.0,38792.0,38867.0,38937.0,39011.0,39095.0,39179.0,39251.0,39310.0,39394.0,39448.0,39507.0,39566.0,39660.0,39735.0,39780.0,39836.0,39897.0,39966.0,40044.0,40112.0,40173.0,40260.0,40375.0,40476.0,40549.0,40612.0,40677.0,40736.0,40788.0,40857.0,40923.0,41025.0,41103.0,41174.0,41227.0,41273.0,41348.0,41411.0,41468.0,41536.0,41597.0,41658.0,41697.0,41735.0,41769.0,41817.0,41858.0,41898.0,41944.0,41972.0,42005.0,42040.0,42081.0,42113.0,,,,,,,,,42476.0,42511.0,42547.0,42594.0,42641.0,42702.0,42734.0,42776.0,42823.0,42870.0,42915.0,42985.0,43052.0,43105.0,43171.0,43205.0,43254.0,43301.0,43345.0,43385.0,43420.0,43455.0,43479.0,43517.0,43539.0,43574.0,43612.0,43651.0,43686.0,43712.0,43749.0,43790.0,43815.0,43857.0,43908.0,43931.0,43955.0,43983.0,44007.0,44046.0,44092.0,44138.0,44166.0,44211.0,44258.0,44295.0,44339.0,44369.0,44425.0,44459.0,44486.0,44522.0,44558.0,44596.0,44629.0,44662.0,44690.0,44716.0,44747.0,44773.0,44798.0,44823.0,44852.0,44898.0,44930.0,44954.0,45002.0,45026.0,45059.0,45086.0,45121.0,45149
9mm_c5hsmMo,187913.0,188012.0,188105.0,188190.0,188275.0,188321.0,188413.0,188482.0,188570.0,188676.0,188791.0,188852.0,188915.0,188981.0,189043.0,189103.0,189224.0,189325.0,189390.0,189483.0,189553.0,189627.0,189698.0,189798.0,189870.0,189930.0,189999.0,190048.0,190125.0,190229.0,190342.0,190435.0,190497.0,190576.0,190659.0,190736.0,190868.0,191010.0,191130.0,191220.0,191323.0,191418.0,191516.0,191649.0,191780.0,191899.0,192003.0,192089.0,192186.0,192298.0,192398.0,192519.0,192605.0,192686.0,192777.0,192872.0,192969.0,193045.0,193124.0,193197.0,193280.0,193381.0,193473.0,193554.0,193661.0,193767.0,193867.0,193944.0,194035.0,194175.0,194257.0,194348.0,194460.0,194544.0,194621.0,194681.0,194782.0,194865.0,194971.0,195062.0,195187.0,195283.0,195340.0,195435.0,195517.0,195613.0,195718.0,195804.0,195896.0,195949.0,196031.0,196116.0,196191.0,196312.0,196404.0,196474.0,196548.0,196623.0,196697.0,196771.0,196841.0,196929.0,196985.0,197042.0,197113.0,197167.0,197236.0,197310.0,197387.0,197437.0,197504.0,197562.0,197641.0,197704.0,197788.0,197871.0,197933.0,197996.0,198066.0,198130.0,198224.0,198321.0,198409.0,198472.0,198583.0,198654.0,198705.0,198771.0,198846.0,198930.0,198976.0,199034.0,199093.0,199137.0,,,,,,,,,199762.0,199833.0,199925.0,199995.0,200071.0,200162.0,200220.0,200294.0,200361.0,200424.0,200494.0,200586.0,200666.0,200745.0,200842.0,200929.0,201023.0,201094.0,201176.0,201225.0,201327.0,201405.0,201468.0,201560.0,201625.0,201726.0,201784.0,201869.0,201989.0,202107.0,202198.0,202317.0,202393.0,202532.0,202618.0,202757.0,202876.0,202980.0,203047.0,203160.0,203263.0,203361.0,203481.0,203572.0,203667.0,203760.0,203842.0,203929.0,204013.0,204121.0,204223.0,204285.0,204375.0,204437.0,204514.0,204591.0,204669.0,204779.0,204869.0,204978.0,205049.0,205146.0,205251.0,205395.0,205489.0,205600.0,205696.0,205848.0,205936.0,206025.0,206127.0,206282
B7KKZvdbiqE,17855.0,17859.0,17865.0,17872.0,17875.0,17881.0,17888.0,17896.0,17899.0,17899.0,17904.0,17910.0,17911.0,17916.0,17919.0,17924.0,17928.0,17930.0,17932.0,17934.0,17937.0,17940.0,17943.0,17945.0,17946.0,17950.0,17952.0,17952.0,17955.0,17962.0,17963.0,17966.0,17976.0,17982.0,17991.0,17994.0,18001.0,18004.0,18011.0,18016.0,18021.0,18021.0,18025.0,18027.0,18029.0,18032.0,18038.0,18039.0,18045.0,18045.0,18049.0,18052.0,18058.0,18059.0,18066.0,18068.0,18072.0,18075.0,18079.0,18081.0,18086.0,18086.0,18086.0,18090.0,18092.0,18099.0,18103.0,18107.0,18111.0,18119.0,18123.0,18123.0,18130.0,18130.0,18131.0,18134.0,18138.0,18143.0,18146.0,18153.0,18155.0,18157.0,18161.0,18165.0,18171.0,18176.0,18182.0,18186.0,18189.0,18191.0,18194.0,18196.0,18200.0,18204.0,18206.0,18207.0,18210.0,18213.0,18216.0,18219.0,18221.0,18226.0,18231.0,18233.0,18239.0,18242.0,18246.0,18248.0,18250.0,18252.0,18254.0,18256.0,18258.0,18263.0,18263.0,18265.0,18268.0,18271.0,18275.0,18276.0,18276.0,18278.0,18283.0,18285.0,18289.0,18291.0,18293.0,18295.0,18299.0,18303.0,18304.0,18305.0,18306.0,18310.0,,,,,,,,,18332.0,18335.0,18336.0,18339.0,18340.0,18348.0,18350.0,18353.0,18356.0,18360.0,18361.0,18364.0,18367.0,18375.0,18379.0,18387.0,18397.0,18410.0,18419.0,18422.0,18431.0,18438.0,18441.0,18445.0,18446.0,18449.0,18452.0,18453.0,18454.0,18460.0,18462.0,18465.0,18468.0,18471.0,18475.0,18478.0,18480.0,18484.0,18487.0,18491.0,18496.0,18499.0,18504.0,18508.0,18510.0,18512.0,18513.0,18515.0,18521.0,18519.0,18521.0,18522.0,18526.0,18528.0,18531.0,18534.0,18536.0,18538.0,18538.0,18540.0,18541.0,18544.0,18544.0,18547.0,18550.0,18552.0,18561.0,18564.0,18571.0,18577.0,18579.0,18583
_UrE7XgDr8c,12566.0,12568.0,12568.0,12570.0,12570.0,12570.0,12572.0,12573.0,12577.0,12578.0,12578.0,12578.0,12579.0,12580.0,12582.0,12583.0,12586.0,12586.0,12586.0,12586.0,12589.0,12589.0,12590.0,12592.0,12593.0,12593.0,12594.0,12595.0,12595.0,12595.0,12595.0,12601.0,12601.0,12603.0,12603.0,12606.0,12608.0,12608.0,12611.0,12611.0,12612.0,12613.0,12614.0,12616.0,12618.0,12620.0,12623.0,12623.0,12623.0,12623.0,12626.0,12627.0,12628.0,12627.0,12630.0,12630.0,12630.0,12630.0,12632.0,12630.0,12630.0,12631.0,12632.0,12632.0,12634.0,12636.0,12636.0,12637.0,12638.0,12638.0,12640.0,12640.0,12640.0,12640.0,12643.0,12644.0,12644.0,12646.0,12646.0,12646.0,12647.0,12647.0,12647.0,12649.0,12651.0,12652.0,12653.0,12653.0,12653.0,12654.0,12656.0,12659.0,12660.0,12661.0,12661.0,12664.0,12666.0,12667.0,12669.0,12671.0,12671.0,12671.0,12675.0,12675.0,12675.0,12675.0,12677.0,12677.0,12677.0,12677.0,12679.0,12680.0,12680.0,12680.0,12680.0,12681.0,12682.0,12682.0,12682.0,12683.0,12683.0,12684.0,12684.0,12685.0,12686.0,12686.0,12686.0,12686.0,12687.0,12689.0,12689.0,12689.0,12689.0,12690.0,,,,,,,,,12697.0,12697.0,12697.0,12702.0,12702.0,12702.0,12704.0,12706.0,12708.0,12708.0,12708.0,12708.0,12708.0,12710.0,12713.0,12713.0,12719.0,12730.0,12734.0,12736.0,12739.0,12742.0,12743.0,12745.0,12746.0,12748.0,12748.0,12748.0,12749.0,12750.0,12750.0,12752.0,12755.0,12757.0,12758.0,12758.0,12759.0,12762.0,12763.0,12766.0,12768.0,12768.0,12770.0,12771.0,12772.0,12772.0,12773.0,12773.0,12775.0,12776.0,12777.0,12778.0,12781.0,12781.0,12782.0,12782.0,12783.0,12783.0,12783.0,12785.0,12786.0,12786.0,12786.0,12786.0,12787.0,12791.0,12793.0,12791.0,12796.0,12797.0,12797.0,12800
YxtmQNekhsw,64710.0,64715.0,64724.0,64727.0,64737.0,64744.0,64752.0,64763.0,64770.0,64778.0,64782.0,64787.0,64792.0,64797.0,64799.0,64808.0,64811.0,64815.0,64829.0,64834.0,64840.0,64850.0,64859.0,64866.0,64872.0,64885.0,64897.0,64909.0,64927.0,64938.0,64945.0,64957.0,64964.0,64971.0,64984.0,64993.0,65001.0,65006.0,65011.0,65015.0,65028.0,65037.0,65047.0,65050.0,65055.0,65063.0,65069.0,65081.0,65088.0,65102.0,65110.0,65116.0,65126.0,65131.0,65145.0,65153.0,65158.0,65160.0,65161.0,65170.0,65177.0,65183.0,65192.0,65199.0,65205.0,65215.0,65220.0,65232.0,65236.0,65250.0,65262.0,65273.0,65279.0,65294.0,65304.0,65309.0,65320.0,65329.0,65339.0,65343.0,65349.0,65358.0,65366.0,65373.0,65378.0,65392.0,65399.0,65406.0,65409.0,65416.0,65423.0,65429.0,65435.0,65444.0,65450.0,65452.0,65458.0,65466.0,65479.0,65483.0,65492.0,65497.0,65502.0,65506.0,65511.0,65519.0,65528.0,65534.0,65541.0,65547.0,65551.0,65559.0,65568.0,65573.0,65588.0,65595.0,65600.0,65606.0,65613.0,65615.0,65622.0,65630.0,65641.0,65646.0,65652.0,65659.0,65669.0,65676.0,65682.0,65688.0,65692.0,65704.0,65708.0,65714.0,,,,,,,,,65783.0,65790.0,65794.0,65802.0,65811.0,65817.0,65827.0,65841.0,65845.0,65857.0,65859.0,65866.0,65874.0,65881.0,65887.0,65899.0,65906.0,65913.0,65918.0,65924.0,65932.0,65938.0,65944.0,65951.0,65960.0,65968.0,65977.0,65981.0,65986.0,65991.0,66001.0,66010.0,66018.0,66024.0,66029.0,66035.0,66044.0,66052.0,66062.0,66068.0,66078.0,66082.0,66087.0,66098.0,66105.0,66110.0,66116.0,66122.0,66130.0,66133.0,66138.0,66144.0,66149.0,66164.0,66171.0,66181.0,66186.0,66192.0,66195.0,66202.0,66208.0,66219.0,66227.0,66237.0,66247.0,66251.0,66257.0,66262.0,66269.0,66271.0,66277.0,66287
QLkj0HpcHMQ,11470.0,11473.0,11475.0,11475.0,11476.0,11483.0,11488.0,11494.0,11499.0,11500.0,11500.0,11501.0,11505.0,11505.0,11505.0,11509.0,11512.0,11513.0,11522.0,11524.0,11526.0,11527.0,11530.0,11530.0,11530.0,11533.0,11535.0,11535.0,11539.0,11539.0,11542.0,11544.0,11546.0,11546.0,11549.0,11553.0,11555.0,11556.0,11558.0,11558.0,11558.0,11559.0,11560.0,11562.0,11563.0,11564.0,11567.0,11567.0,11569.0,11570.0,11573.0,11574.0,11576.0,11576.0,11576.0,11576.0,11577.0,11577.0,11580.0,11581.0,11583.0,11583.0,11588.0,11590.0,11594.0,11598.0,11601.0,11602.0,11603.0,11607.0,11612.0,11613.0,11614.0,11615.0,11617.0,11620.0,11625.0,11626.0,11628.0,11629.0,11633.0,11636.0,11639.0,11642.0,11646.0,11650.0,11653.0,11657.0,11658.0,11658.0,11662.0,11663.0,11664.0,11665.0,11667.0,11669.0,11670.0,11674.0,11681.0,11685.0,11690.0,11699.0,11701.0,11704.0,11709.0,11713.0,11715.0,11717.0,11718.0,11720.0,11723.0,11724.0,11727.0,11729.0,11730.0,11731.0,11732.0,11734.0,11734.0,11736.0,11737.0,11738.0,11739.0,11739.0,11745.0,11746.0,11747.0,11748.0,11749.0,11753.0,11754.0,11756.0,11756.0,11757.0,,,,,,,,,11763.0,11763.0,11763.0,11764.0,11765.0,11766.0,11766.0,11768.0,11769.0,11772.0,11776.0,11777.0,11782.0,11786.0,11788.0,11793.0,11798.0,11799.0,11805.0,11812.0,11815.0,11818.0,11820.0,11822.0,11824.0,11827.0,11829.0,11831.0,11832.0,11834.0,11835.0,11838.0,11845.0,11847.0,11850.0,11851.0,11854.0,11857.0,11858.0,11859.0,11861.0,11863.0,11865.0,11866.0,11870.0,11875.0,11878.0,11883.0,11888.0,11892.0,11894.0,11896.0,11898.0,11899.0,11902.0,11905.0,11907.0,11908.0,11911.0,11911.0,11911.0,11912.0,11912.0,11913.0,11914.0,11915.0,11918.0,11917.0,11919.0,11923.0,11923.0,11928
wnoosaLyXyA,5299021.0,5299286.0,5299541.0,5299800.0,5300027.0,5300268.0,5300505.0,5300729.0,5300987.0,5301257.0,5301561.0,5301804.0,5302042.0,5302288.0,5302579.0,5302829.0,5303240.0,5303557.0,5303815.0,5304111.0,5304420.0,5304715.0,5305041.0,5305375.0,5305660.0,5305912.0,5306238.0,5306511.0,5306790.0,5307029.0,5307338.0,5307562.0,5307805.0,5308029.0,5308324.0,5308656.0,5308956.0,5309277.0,5309595.0,5309808.0,5310097.0,5310348.0,5310588.0,5310875.0,5311151.0,5311450.0,5311666.0,5311943.0,5312172.0,5312419.0,5312631.0,5312879.0,5313156.0,5313404.0,5313619.0,5313873.0,5314106.0,5314360.0,5314589.0,5314913.0,5315080.0,5315349.0,5315590.0,5315796.0,5316038.0,5316268.0,5316532.0,5316756.0,5316934.0,5317259.0,5317481.0,5317696.0,5317931.0,5318140.0,5318331.0,5318563.0,5318759.0,5319010.0,5319250.0,5319516.0,5319760.0,5319970.0,5320195.0,5320475.0,5320690.0,5320959.0,5321242.0,5321496.0,5321751.0,5322043.0,5322302.0,5322565.0,5322811.0,5323039.0,5323228.0,5323469.0,5323681.0,5323894.0,5324142.0,5324393.0,5324656.0,5324949.0,5325154.0,5325380.0,5325664.0,5325932.0,5326192.0,5326494.0,5326812.0,5327094.0,5327322.0,5327634.0,5327889.0,5328228.0,5328509.0,5328777.0,5329032.0,5329355.0,5329638.0,5329969.0,5330314.0,5330562.0,5330844.0,5331199.0,5331507.0,5331770.0,5332052.0,5332307.0,5332596.0,5332794.0,5333096.0,5333347.0,5333596.0,5333819.0,,,,,,,,,5335933.0,5336206.0,5336437.0,5336682.0,5336976.0,5337269.0,5337545.0,5337749.0,5338004.0,5338225.0,5338429.0,5338588.0,5338844.0,5339085.0,5339249.0,5339421.0,5339600.0,5339826.0,5340035.0,5340291.0,5340538.0,5340700.0,5340921.0,5341133.0,5341402.0,5341626.0,5341850.0,5342062.0,5342310.0,5342581.0,5342775.0,5342945.0,5343160.0,5343376.0,5343576.0,5343754.0,5343966.0,5344148.0,5344372.0,5344625.0,5344842.0,5345078.0,5345338.0,5345596.0,5345778.0,5345968.0,5346161.0,5346375.0,5346544.0,5346769.0,5346962.0,5347213.0,5347452.0,5347665.0,5347880.0,5348100.0,5348346.0,5348606.0,5348836.0,5349070.0,5349286.0,5349545.0,5349759.0,5350039.0,5350288.0,5350503.0,5350701.0,5350901.0,5351121.0,5351301.0,5351454.0,5351679
w8Hsk0Esfbg,244045.0,244084.0,244138.0,244186.0,244242.0,244288.0,244336.0,244407.0,244450.0,244513.0,244557.0,244606.0,244642.0,244711.0,244759.0,244801.0,244891.0,244950.0,245000.0,245051.0,245116.0,245182.0,245245.0,245290.0,245338.0,245374.0,245413.0,245451.0,245492.0,245547.0,245589.0,245640.0,245680.0,245746.0,245804.0,245855.0,245910.0,245986.0,246038.0,246101.0,246155.0,246227.0,246256.0,246299.0,246350.0,246393.0,246425.0,246464.0,246500.0,246538.0,246582.0,246618.0,246667.0,246700.0,246742.0,246776.0,246806.0,246845.0,246879.0,246906.0,246940.0,247003.0,247072.0,247109.0,247144.0,247187.0,247223.0,247252.0,247284.0,247322.0,247361.0,247411.0,247442.0,247482.0,247530.0,247565.0,247589.0,247621.0,247653.0,247688.0,247718.0,247763.0,247802.0,247841.0,247861.0,247890.0,247922.0,247957.0,247975.0,248005.0,248025.0,248075.0,248109.0,248151.0,248178.0,248202.0,248222.0,248232.0,248266.0,248298.0,248340.0,248375.0,248405.0,248447.0,248484.0,248504.0,248546.0,248598.0,248637.0,248674.0,248710.0,248747.0,248774.0,248808.0,248840.0,248872.0,248906.0,248949.0,248986.0,249003.0,249044.0,249076.0,249092.0,249120.0,249153.0,249194.0,249222.0,249267.0,249315.0,249361.0,249413.0,249457.0,249489.0,249507.0,,,,,,,,,249738.0,249763.0,249834.0,249879.0,249914.0,249959.0,250007.0,250035.0,250079.0,250117.0,250146.0,250188.0,250223.0,250282.0,250313.0,250344.0,250403.0,250433.0,250521.0,250554.0,250596.0,250661.0,250700.0,250738.0,250757.0,250788.0,250836.0,250878.0,250922.0,250957.0,250980.0,251039.0,251084.0,251117.0,251146.0,251180.0,251221.0,251249.0,251272.0,251302.0,251347.0,251388.0,251431.0,251462.0,251488.0,251509.0,251536.0,251572.0,251606.0,251644.0,251675.0,251704.0,251728.0,251750.0,251771.0,251795.0,251825.0,251851.0,251874.0,251899.0,251911.0,251927.0,251951.0,251980.0,252010.0,252048.0,252075.0,252106.0,252122.0,252148.0,252170.0,252194
MBhQbdzGJK4,15630.0,15637.0,15644.0,15647.0,15656.0,15669.0,15679.0,15685.0,15699.0,15712.0,15725.0,15740.0,15755.0,15769.0,15781.0,15791.0,15803.0,15812.0,15823.0,15831.0,15845.0,15852.0,15861.0,15868.0,15873.0,15881.0,15888.0,15896.0,15906.0,15911.0,15918.0,15930.0,15936.0,15939.0,15949.0,15965.0,15969.0,15976.0,15991.0,16004.0,16013.0,16033.0,16049.0,16055.0,16068.0,16079.0,16099.0,16107.0,16116.0,16125.0,16133.0,16140.0,16153.0,16164.0,16176.0,16184.0,16188.0,16206.0,16210.0,16222.0,16241.0,16246.0,16252.0,16271.0,16280.0,16288.0,16295.0,16305.0,16313.0,16324.0,16331.0,16337.0,16342.0,16350.0,16357.0,16365.0,16379.0,16387.0,16392.0,16405.0,16415.0,16423.0,16427.0,16435.0,16451.0,16466.0,16470.0,16481.0,16495.0,16504.0,16517.0,16530.0,16536.0,16546.0,16555.0,16561.0,16572.0,16586.0,16597.0,16605.0,16619.0,16629.0,16642.0,16647.0,16657.0,16669.0,16673.0,16685.0,16696.0,16700.0,16705.0,16720.0,16728.0,16736.0,16742.0,16748.0,16757.0,16759.0,16765.0,16775.0,16780.0,16786.0,16792.0,16800.0,16806.0,16816.0,16829.0,16836.0,16841.0,16849.0,16857.0,16863.0,16872.0,16885.0,,,,,,,,,16947.0,16952.0,16959.0,16968.0,16973.0,16982.0,16992.0,17002.0,17006.0,17011.0,17019.0,17024.0,17027.0,17032.0,17038.0,17044.0,17046.0,17051.0,17052.0,17061.0,17065.0,17069.0,17074.0,17087.0,17098.0,17105.0,17116.0,17124.0,17128.0,17135.0,17144.0,17148.0,17156.0,17163.0,17170.0,17173.0,17174.0,17185.0,17190.0,17203.0,17212.0,17221.0,17233.0,17240.0,17250.0,17254.0,17260.0,17266.0,17273.0,17278.0,17282.0,17287.0,17292.0,17304.0,17308.0,17319.0,17322.0,17324.0,17328.0,17334.0,17342.0,17345.0,17347.0,17354.0,17356.0,17363.0,17369.0,17378.0,17381.0,17387.0,17389.0,17399
f6YDKF0LVWw,239258147.0,239309042.0,239364442.0,239421797.0,239481332.0,239544097.0,239606603.0,239675949.0,239738135.0,239794481.0,239848975.0,239902951.0,239963234.0,240026369.0,240089831.0,240148305.0,240213146.0,240276505.0,240336968.0,240392067.0,240452035.0,240517974.0,240584867.0,240646776.0,240704140.0,240756387.0,240822779.0,240884572.0,240948412.0,241013752.0,241080479.0,241139178.0,241196394.0,241259819.0,241321401.0,241385387.0,241468606.0,241561536.0,241635752.0,241701896.0,241774748.0,241858963.0,241949303.0,242036768.0,242103886.0,242164048.0,242225929.0,242296394.0,242367175.0,242438825.0,242509589.0,242585336.0,242644699.0,242700925.0,242764709.0,242837432.0,242917959.0,242997173.0,243062774.0,243122609.0,243177359.0,243234775.0,243292426.0,243353774.0,243417657.0,243498351.0,243578159.0,243639850.0,243691817.0,243754195.0,243805594.0,243863789.0,243930136.0,243993405.0,244055983.0,244120470.0,244181069.0,244241940.0,244304542.0,244367546.0,244442824.0,244516527.0,244582469.0,244644256.0,244701962.0,244756725.0,244808647.0,244864691.0,244927534.0,244993019.0,245048879.0,245096088.0,245144274.0,245193459.0,245244256.0,245304789.0,245367490.0,245429054.0,245485982.0,245537969.0,245592903.0,245649527.0,245699392.0,245756465.0,245816637.0,245878523.0,245935527.0,245993652.0,246052788.0,246100085.0,246146689.0,246199179.0,246254576.0,246307308.0,246374531.0,246451161.0,246518225.0,246586519.0,246652426.0,246715283.0,246773863.0,246832165.0,246889138.0,246937017.0,246985105.0,247032576.0,247084475.0,247140279.0,247197611.0,247254923.0,247308588.0,247364535.0,247421026.0,247468447.0,,,,,,,,,247982272.0,248053016.0,248112458.0,248172618.0,248224361.0,248280918.0,248333862.0,248394358.0,248459815.0,248507699.0,248553740.0,248599024.0,248648637.0,248693971.0,248747598.0,248800607.0,248842377.0,248884686.0,248922742.0,248960013.0,248999469.0,249041177.0,249083404.0,249122325.0,249158119.0,249199858.0,249240461.0,249283730.0,249329509.0,249374665.0,249414622.0,249454006.0,249492038.0,249528468.0,249563692.0,249602713.0,249640523.0,249676635.0,249714272.0,249751595.0,249790010.0,249828031.0,249868156.0,249906947.0,249942393.0,249977301.0,250013500.0,250050165.0,250087376.0,250127530.0,250166851.0,250204070.0,250241416.0,250280940.0,250319831.0,250361156.0,250402185.0,250442448.0,250481486.0,250522304.0,250565621.0,250607154.0,250644306.0,250683921.0,250720239.0,250759879.0,250801316.0,250845665.0,250936112.0,250979940.0,251021006.0,251058412
zILCSmep6pY,67260.0,67318.0,67375.0,67409.0,67444.0,67495.0,67541.0,67584.0,67653.0,67683.0,67717.0,67756.0,67799.0,67836.0,67894.0,67941.0,67989.0,68028.0,68074.0,68135.0,68179.0,68216.0,68268.0,68307.0,68342.0,68383.0,68433.0,68476.0,68523.0,68597.0,68644.0,68678.0,68726.0,68774.0,68821.0,68874.0,68933.0,68981.0,69021.0,69077.0,69120.0,69168.0,69213.0,69262.0,69321.0,69369.0,69418.0,69493.0,69550.0,69597.0,69655.0,69684.0,69724.0,69756.0,69807.0,69853.0,69901.0,69961.0,70040.0,70073.0,70120.0,70150.0,70193.0,70244.0,70304.0,70359.0,70417.0,70465.0,70496.0,70559.0,70619.0,70655.0,70683.0,70721.0,70779.0,70824.0,70884.0,70933.0,70987.0,71024.0,71062.0,71112.0,71186.0,71263.0,71310.0,71364.0,71444.0,71487.0,71535.0,71591.0,71627.0,71663.0,71722.0,71760.0,71782.0,71835.0,71881.0,71916.0,71971.0,72027.0,72066.0,72075.0,72075.0,72075.0,72075.0,72075.0,72075.0,72075.0,72075.0,72075.0,72075.0,72075.0,72075.0,72075.0,72075.0,72075.0,72075.0,72075.0,72075.0,72075.0,72075.0,72075.0,72075.0,72075.0,72075.0,72075.0,72075.0,72075.0,72075.0,72075.0,72075.0,72075.0,72075.0,72075.0,,,,,,,,,72075.0,72075.0,72075.0,72075.0,72075.0,72075.0,72075.0,72075.0,72075.0,72075.0,72075.0,72075.0,72075.0,72075.0,72075.0,72075.0,72075.0,72075.0,72075.0,72075.0,72075.0,72075.0,72075.0,72075.0,72075.0,72075.0,72075.0,72075.0,72075.0,72075.0,72075.0,72075.0,72075.0,72075.0,72075.0,72075.0,72075.0,72075.0,72075.0,72075.0,72075.0,72075.0,72075.0,72075.0,72075.0,72075.0,72075.0,72075.0,72075.0,72075.0,72075.0,72075.0,72075.0,72075.0,72075.0,72075.0,72075.0,72075.0,72075.0,72075.0,72075.0,72075.0,72075.0,72075.0,72075.0,72075.0,72075.0,72075.0,72075.0,72075.0,72075.0,72075
AMPs8F8ppsI,91978.0,92010.0,92032.0,92052.0,92095.0,92119.0,92158.0,92185.0,92226.0,92288.0,92337.0,92418.0,92466.0,92500.0,92533.0,92809.0,93005.0,93055.0,93110.0,93214.0,93425.0,93572.0,93657.0,93743.0,93797.0,93864.0,93932.0,93973.0,94016.0,94067.0,94096.0,94117.0,94164.0,94198.0,94224.0,94266.0,94293.0,94320.0,94361.0,94434.0,94583.0,94820.0,95171.0,95364.0,95563.0,95666.0,95756.0,95820.0,95875.0,95922.0,95951.0,95998.0,96028.0,96057.0,96078.0,96103.0,96135.0,96160.0,96196.0,96235.0,96307.0,96341.0,96430.0,96476.0,96511.0,96590.0,96639.0,96702.0,96758.0,96980.0,97153.0,97232.0,97283.0,97321.0,97361.0,97399.0,97434.0,97482.0,97519.0,97548.0,97577.0,97664.0,97719.0,97761.0,97790.0,97843.0,97870.0,97904.0,97983.0,98039.0,98077.0,98171.0,98218.0,98278.0,98356.0,98418.0,98495.0,98553.0,98589.0,98651.0,98759.0,98777.0,98777.0,98777.0,98777.0,98777.0,98777.0,98777.0,98777.0,98777.0,98777.0,98777.0,98777.0,98777.0,98777.0,98777.0,98777.0,98777.0,98777.0,98777.0,98777.0,98777.0,98777.0,98777.0,98777.0,98777.0,98777.0,98777.0,98777.0,98777.0,98777.0,98777.0,98777.0,98777.0,,,,,,,,,98777.0,98777.0,98777.0,98777.0,98777.0,98777.0,98777.0,98777.0,98777.0,98777.0,98777.0,98777.0,98777.0,98777.0,98777.0,98777.0,98777.0,98777.0,98777.0,98777.0,98777.0,98777.0,98777.0,98777.0,98777.0,98777.0,98777.0,98777.0,98777.0,98777.0,98777.0,98777.0,98777.0,98777.0,98777.0,98777.0,98777.0,98777.0,98777.0,98777.0,98777.0,98777.0,98777.0,98777.0,98777.0,98777.0,98777.0,98777.0,98777.0,98777.0,98777.0,98777.0,98777.0,98777.0,98777.0,98777.0,98777.0,98777.0,98777.0,98777.0,98777.0,98777.0,98777.0,98777.0,98777.0,98777.0,98777.0,98777.0,98777.0,98777.0,98777.0,98777
cs10OScKOFk,33556.0,33558.0,33562.0,33572.0,33580.0,33584.0,33590.0,33595.0,33601.0,33606.0,33611.0,33615.0,33623.0,33626.0,33630.0,33637.0,33645.0,33654.0,33660.0,33669.0,33671.0,33677.0,33680.0,33688.0,33692.0,33696.0,33707.0,33713.0,33718.0,33723.0,33725.0,33732.0,33739.0,33744.0,33748.0,33754.0,33758.0,33762.0,33767.0,33771.0,33778.0,33780.0,33781.0,33784.0,33789.0,33792.0,33797.0,33800.0,33804.0,33808.0,33810.0,33813.0,33820.0,33828.0,33834.0,33840.0,33842.0,33846.0,33849.0,33859.0,33865.0,33869.0,33873.0,33880.0,33889.0,33899.0,33906.0,33910.0,33911.0,33916.0,33921.0,33923.0,33926.0,33929.0,33933.0,33935.0,33943.0,33950.0,33954.0,33961.0,33963.0,33969.0,33974.0,33977.0,33982.0,33984.0,33988.0,33990.0,33994.0,33995.0,33998.0,34005.0,34008.0,34016.0,34017.0,34022.0,34026.0,34033.0,34035.0,34036.0,34036.0,34037.0,34037.0,34037.0,34037.0,34037.0,34037.0,34037.0,34037.0,34037.0,34037.0,34037.0,34037.0,34037.0,34037.0,34037.0,34037.0,34037.0,34037.0,34037.0,34037.0,34037.0,34037.0,34037.0,34037.0,34037.0,34037.0,34037.0,34037.0,34037.0,34037.0,34037.0,34037.0,34037.0,,,,,,,,,34037.0,34037.0,34037.0,34037.0,34037.0,34037.0,34037.0,34037.0,34037.0,34037.0,34037.0,34037.0,34037.0,34037.0,34037.0,34037.0,34037.0,34037.0,34037.0,34037.0,34037.0,34037.0,34037.0,34037.0,34037.0,34037.0,34037.0,34037.0,34037.0,34037.0,34037.0,34037.0,34037.0,34037.0,34037.0,34037.0,34037.0,34037.0,34037.0,34037.0,34037.0,34037.0,34037.0,34037.0,34037.0,34037.0,34037.0,34037.0,34037.0,34037.0,34037.0,34037.0,34037.0,34037.0,34037.0,34037.0,34037.0,34037.0,34037.0,34037.0,34037.0,34037.0,34037.0,34037.0,34037.0,34037.0,34037.0,34037.0,34037.0,34037.0,34037.0,34037
_zYNOXKPxM8,69656.0,69707.0,69763.0,69801.0,69850.0,69911.0,69958.0,69983.0,70006.0,70028.0,70043.0,70061.0,70081.0,70104.0,70122.0,70144.0,70156.0,70169.0,70203.0,70218.0,70235.0,70258.0,70276.0,70297.0,70314.0,70333.0,70356.0,70393.0,70414.0,70453.0,70485.0,70503.0,70547.0,70572.0,70603.0,70634.0,70655.0,70685.0,70700.0,70722.0,70740.0,70771.0,70800.0,70819.0,70841.0,70855.0,70870.0,70891.0,70908.0,70939.0,70957.0,70974.0,70998.0,71021.0,71053.0,71078.0,71103.0,71127.0,71151.0,71168.0,71187.0,71204.0,71230.0,71257.0,71290.0,71310.0,71330.0,71356.0,71369.0,71398.0,71413.0,71430.0,71447.0,71473.0,71485.0,71501.0,71528.0,71546.0,71564.0,71578.0,71595.0,71606.0,71623.0,71645.0,71674.0,71696.0,71720.0,71737.0,71762.0,71781.0,71797.0,71826.0,71841.0,71858.0,71873.0,71888.0,71904.0,71922.0,71942.0,71966.0,71982.0,71986.0,71985.0,71985.0,71985.0,71985.0,71985.0,71985.0,71985.0,71985.0,71985.0,71985.0,71985.0,71985.0,71985.0,71985.0,71986.0,71987.0,71986.0,71986.0,71987.0,71987.0,71986.0,71986.0,71986.0,71986.0,71986.0,71986.0,71986.0,71986.0,71986.0,71986.0,71986.0,71986.0,,,,,,,,,71986.0,71986.0,71986.0,71986.0,71986.0,71986.0,71986.0,71986.0,71986.0,71986.0,71986.0,71986.0,71986.0,71986.0,71986.0,71986.0,71986.0,71986.0,71986.0,71986.0,71986.0,71986.0,71986.0,71986.0,71986.0,71986.0,71986.0,71986.0,71986.0,71986.0,71986.0,71986.0,71986.0,71986.0,71986.0,71986.0,71986.0,71986.0,71986.0,71986.0,71986.0,71986.0,71986.0,71986.0,71986.0,71986.0,71986.0,71986.0,71986.0,71986.0,71986.0,71986.0,71986.0,71986.0,71986.0,71986.0,71986.0,71986.0,71986.0,71986.0,71986.0,71986.0,71986.0,71986.0,71986.0,71986.0,71986.0,71986.0,71986.0,71986.0,71986.0,71986
j9jXXIEey1k,556668.0,556810.0,556972.0,557151.0,557327.0,557490.0,557657.0,557804.0,557974.0,558084.0,558241.0,558392.0,558579.0,558757.0,558952.0,559134.0,559274.0,559409.0,559557.0,559694.0,559858.0,560019.0,560204.0,560328.0,560520.0,560687.0,560855.0,561023.0,561178.0,561359.0,561516.0,561654.0,561805.0,562016.0,562195.0,562387.0,562580.0,562718.0,562882.0,563060.0,563234.0,563417.0,563681.0,563889.0,564103.0,564297.0,564508.0,564682.0,564851.0,565012.0,565162.0,565293.0,565473.0,565631.0,565814.0,565997.0,566181.0,566373.0,566554.0,566671.0,566848.0,566987.0,567159.0,567306.0,567474.0,567604.0,567709.0,567841.0,567979.0,568152.0,568340.0,568497.0,568657.0,568806.0,568945.0,569131.0,569287.0,569450.0,569694.0,569861.0,570017.0,570196.0,570391.0,570541.0,570723.0,570896.0,571033.0,571208.0,571344.0,571532.0,571673.0,571803.0,571960.0,572134.0,572248.0,572433.0,572612.0,572799.0,572937.0,573077.0,573213.0,573359.0,573525.0,573659.0,573832.0,573971.0,574152.0,574299.0,574411.0,574561.0,574694.0,574874.0,575047.0,575259.0,575425.0,575588.0,575720.0,575879.0,576029.0,576232.0,576429.0,576603.0,576747.0,576885.0,577062.0,577211.0,577449.0,577616.0,577744.0,577898.0,578091.0,578252.0,578450.0,578664.0,,,,,,,,,580322.0,580477.0,580622.0,580833.0,581007.0,581180.0,581352.0,581499.0,581666.0,581834.0,581984.0,582165.0,582376.0,582525.0,582677.0,582814.0,583021.0,583184.0,583394.0,583539.0,583713.0,583839.0,583936.0,584086.0,584298.0,584456.0,584626.0,584780.0,584932.0,585040.0,585186.0,585360.0,585509.0,585631.0,585775.0,585894.0,586007.0,586128.0,586290.0,586419.0,586627.0,586803.0,586941.0,587045.0,587191.0,587316.0,587441.0,587614.0,587776.0,587888.0,588015.0,588160.0,588286.0,588423.0,588533.0,588701.0,588841.0,588943.0,589067.0,589201.0,589324.0,589488.0,589618.0,589736.0,589852.0,589973.0,590101.0,590212.0,590319.0,590433.0,590552.0,590645
q_NA3zbjTyw,43879.0,43887.0,43899.0,43950.0,43978.0,43927.0,43943.0,43951.0,43966.0,43991.0,43991.0,43999.0,44007.0,44015.0,44024.0,44035.0,44052.0,44051.0,44058.0,44073.0,44088.0,44131.0,44156.0,44132.0,44159.0,44169.0,44169.0,44189.0,44201.0,44208.0,44211.0,44224.0,44242.0,44251.0,44271.0,44281.0,44296.0,44294.0,44323.0,44334.0,44366.0,44377.0,44360.0,44381.0,44394.0,44405.0,44438.0,44443.0,44459.0,44471.0,44484.0,44488.0,44508.0,44513.0,44522.0,44538.0,44553.0,44566.0,44581.0,44587.0,44603.0,44610.0,44623.0,44633.0,44643.0,44650.0,44669.0,44677.0,44688.0,44703.0,44712.0,44719.0,44728.0,44738.0,44758.0,44767.0,44771.0,44787.0,44797.0,44811.0,44832.0,44844.0,44859.0,44876.0,44893.0,44903.0,44921.0,44932.0,44945.0,44954.0,44958.0,44973.0,44984.0,44994.0,45000.0,45008.0,45015.0,45029.0,45038.0,45047.0,45057.0,45062.0,45068.0,45082.0,45090.0,45099.0,45103.0,45114.0,45130.0,45134.0,45155.0,45188.0,45198.0,45182.0,45191.0,45199.0,45208.0,45234.0,45241.0,45262.0,45279.0,45296.0,45323.0,45329.0,45356.0,45384.0,45413.0,45434.0,45459.0,45477.0,45496.0,45508.0,45516.0,45526.0,,,,,,,,,45702.0,45700.0,45708.0,45726.0,45744.0,45765.0,45771.0,45788.0,45808.0,45820.0,45838.0,45866.0,45877.0,45894.0,45901.0,45918.0,45924.0,45943.0,45956.0,45974.0,45987.0,46002.0,46006.0,46018.0,46027.0,46040.0,46059.0,46073.0,46085.0,46093.0,46104.0,46116.0,46128.0,46136.0,46143.0,46152.0,46164.0,46189.0,46196.0,46206.0,46230.0,46243.0,46250.0,46278.0,46291.0,46307.0,46313.0,46322.0,46346.0,46331.0,46339.0,46348.0,46356.0,46363.0,46365.0,46385.0,46392.0,46400.0,46407.0,46413.0,46424.0,46433.0,46441.0,46445.0,46452.0,46462.0,46469.0,46481.0,46488.0,46498.0,46504.0,46520
pciuc9mMEgE,1773090.0,1773110.0,1773144.0,1773169.0,1773191.0,1773218.0,1773249.0,1773273.0,1773289.0,1773317.0,1773340.0,1773364.0,1773391.0,1773428.0,1773449.0,1773468.0,1773496.0,1773515.0,1773545.0,1773575.0,1773596.0,1773633.0,1773658.0,1773693.0,1773725.0,1773744.0,1773770.0,1773796.0,1773824.0,1773846.0,1773863.0,1773883.0,1773908.0,1773930.0,1773964.0,1773992.0,1774018.0,1774045.0,1774072.0,1774096.0,1774122.0,1774165.0,1774184.0,1774216.0,1774244.0,1774271.0,1774296.0,1774315.0,1774338.0,1774366.0,1774394.0,1774425.0,1774445.0,1774460.0,1774483.0,1774502.0,1774510.0,1774528.0,1774547.0,1774568.0,1774596.0,1774614.0,1774634.0,1774655.0,1774672.0,1774685.0,1774717.0,1774743.0,1774759.0,1774780.0,1774804.0,1774825.0,1774837.0,1774859.0,1774884.0,1774898.0,1774928.0,1774946.0,1774968.0,1774991.0,1775012.0,1775033.0,1775056.0,1775073.0,1775089.0,1775114.0,1775130.0,1775156.0,1775180.0,1775199.0,1775217.0,1775237.0,1775261.0,1775279.0,1775295.0,1775324.0,1775345.0,1775362.0,1775385.0,1775413.0,1775440.0,1775461.0,1775490.0,1775507.0,1775525.0,1775547.0,1775558.0,1775584.0,1775601.0,1775619.0,1775645.0,1775669.0,1775689.0,1775709.0,1775733.0,1775746.0,1775772.0,1775795.0,1775825.0,1775851.0,1775869.0,1775891.0,1775920.0,1775944.0,1775960.0,1775978.0,1776002.0,1776035.0,1776050.0,1776079.0,1776105.0,1776145.0,1776165.0,1776199.0,,,,,,,,,1776451.0,1776476.0,1776499.0,1776526.0,1776549.0,1776577.0,1776598.0,1776617.0,1776635.0,1776669.0,1776689.0,1776723.0,1776758.0,1776793.0,1776826.0,1776846.0,1776870.0,1776901.0,1776926.0,1776956.0,1776986.0,1777009.0,1777036.0,1777061.0,1777097.0,1777123.0,1777144.0,1777164.0,1777188.0,1777207.0,1777230.0,1777260.0,1777296.0,1777319.0,1777347.0,1777365.0,1777395.0,1777418.0,1777446.0,1777477.0,1777508.0,1777535.0,1777560.0,1777598.0,1777627.0,1777637.0,1777666.0,1777693.0,1777724.0,1777752.0,1777777.0,1777806.0,1777823.0,1777843.0,1777878.0,1777897.0,1777921.0,1777943.0,1777969.0,1777990.0,1778008.0,1778022.0,1778045.0,1778066.0,1778099.0,1778113.0,1778125.0,1778145.0,1778171.0,1778183.0,1778199.0,1778219
rfjd-cqshYw,259376.0,259393.0,259406.0,259426.0,259451.0,259473.0,259488.0,259516.0,259533.0,259554.0,259571.0,259598.0,259610.0,259627.0,259649.0,259677.0,259694.0,259732.0,259752.0,259766.0,259786.0,259833.0,259847.0,259866.0,259887.0,259909.0,259934.0,259952.0,259969.0,259989.0,260025.0,260046.0,260069.0,260096.0,260116.0,260141.0,260160.0,260182.0,260202.0,260223.0,260249.0,260266.0,260295.0,260337.0,260364.0,260387.0,260423.0,260448.0,260484.0,260521.0,260537.0,260565.0,260592.0,260616.0,260632.0,260669.0,260703.0,260727.0,260751.0,260776.0,260805.0,260841.0,260872.0,260899.0,260924.0,260947.0,260968.0,261019.0,261051.0,261069.0,261097.0,261130.0,261158.0,261193.0,261229.0,261257.0,261270.0,261286.0,261303.0,261327.0,261352.0,261375.0,261400.0,261421.0,261442.0,261458.0,261475.0,261494.0,261525.0,261542.0,261577.0,261593.0,261632.0,261657.0,261685.0,261714.0,261734.0,261750.0,261765.0,261783.0,261802.0,261828.0,261842.0,261859.0,261877.0,261895.0,261917.0,261936.0,261957.0,261981.0,262003.0,262022.0,262043.0,262063.0,262086.0,262102.0,262131.0,262151.0,262172.0,262195.0,262217.0,262229.0,262246.0,262259.0,262281.0,262300.0,262316.0,262337.0,262352.0,262393.0,262417.0,262441.0,262465.0,262492.0,,,,,,,,,262681.0,262703.0,262715.0,262731.0,262755.0,262778.0,262789.0,262804.0,262822.0,262845.0,262859.0,262865.0,262874.0,262892.0,262917.0,262937.0,262953.0,262962.0,262978.0,262995.0,263019.0,263024.0,263043.0,263063.0,263073.0,263091.0,263112.0,263139.0,263156.0,263178.0,263198.0,263211.0,263231.0,263244.0,263268.0,263279.0,263303.0,263318.0,263333.0,263353.0,263369.0,263383.0,263410.0,263431.0,263452.0,263481.0,263516.0,263534.0,263550.0,263571.0,263587.0,263602.0,263617.0,263635.0,263660.0,263674.0,263694.0,263707.0,263716.0,263725.0,263742.0,263762.0,263774.0,263789.0,263805.0,263827.0,263857.0,263876.0,263890.0,263906.0,263921.0,263940
dZaIF-BysAA,2526111.0,2526481.0,2526837.0,2527307.0,2527757.0,2528177.0,2528655.0,2529071.0,2529561.0,2529901.0,2530319.0,2530719.0,2531061.0,2531490.0,2531901.0,2532246.0,2532684.0,2533022.0,2533393.0,2533730.0,2534093.0,2534381.0,2534774.0,2535143.0,2535528.0,2535882.0,2536172.0,2536484.0,2536829.0,2537103.0,2537514.0,2537801.0,2538146.0,2538417.0,2538815.0,2539145.0,2539531.0,2539896.0,2540231.0,2540609.0,2540932.0,2541268.0,2541588.0,2541925.0,2542245.0,2542620.0,2542957.0,2543267.0,2543617.0,2543952.0,2544281.0,2544621.0,2544989.0,2545322.0,2545651.0,2545976.0,2546321.0,2546578.0,2546885.0,2547173.0,2547526.0,2547820.0,2548149.0,2548425.0,2548717.0,2548982.0,2549249.0,2549582.0,2549843.0,2550205.0,2550588.0,2550849.0,2551196.0,2551457.0,2551813.0,2552114.0,2552403.0,2552771.0,2553119.0,2553439.0,2553727.0,2554119.0,2554430.0,2554794.0,2555138.0,2555463.0,2555802.0,2556088.0,2556369.0,2556663.0,2557020.0,2557346.0,2557623.0,2557950.0,2558313.0,2558621.0,2558936.0,2559254.0,2559562.0,2559860.0,2560132.0,2560445.0,2560666.0,2560970.0,2561245.0,2561511.0,2561822.0,2562138.0,2562383.0,2562697.0,2562970.0,2563271.0,2563568.0,2563901.0,2564175.0,2564449.0,2564774.0,2565085.0,2565348.0,2565574.0,2565830.0,2566125.0,2566426.0,2566763.0,2567198.0,2567565.0,2567913.0,2568197.0,2568554.0,2568838.0,2569109.0,2569377.0,2569635.0,2569896.0,,,,,,,,,2572539.0,2572846.0,2573119.0,2573391.0,2573689.0,2573980.0,2574290.0,2574631.0,2574939.0,2575227.0,2575503.0,2575753.0,2576038.0,2576279.0,2576512.0,2576740.0,2576963.0,2577198.0,2577551.0,2577817.0,2578134.0,2578455.0,2578782.0,2579032.0,2579314.0,2579637.0,2580016.0,2580379.0,2580697.0,2580943.0,2581264.0,2581596.0,2581939.0,2582242.0,2582541.0,2582873.0,2583142.0,2583439.0,2583765.0,2584069.0,2584485.0,2584845.0,2585237.0,2585535.0,2585806.0,2586221.0,2586551.0,2586860.0,2587192.0,2587484.0,2587745.0,2588018.0,2588319.0,2588587.0,2588922.0,2589172.0,2589433.0,2589711.0,2589982.0,2590205.0,2590510.0,2590782.0,2591078.0,2591354.0,2591576.0,2591844.0,2592148.0,2592393.0,2592641.0,2592908.0,2593238.0,2593523
32Y8odJ3dz4,565323.0,565342.0,565363.0,565382.0,565405.0,565427.0,565444.0,565458.0,565481.0,565495.0,565509.0,565535.0,565546.0,565567.0,565577.0,565597.0,565615.0,565626.0,565643.0,565662.0,565679.0,565702.0,565725.0,565750.0,565773.0,565812.0,565839.0,565880.0,565910.0,565929.0,565950.0,565976.0,565990.0,566017.0,566042.0,566070.0,566090.0,566110.0,566129.0,566155.0,566168.0,566187.0,566210.0,566228.0,566245.0,566263.0,566285.0,566309.0,566333.0,566348.0,566374.0,566392.0,566409.0,566431.0,566451.0,566469.0,566493.0,566503.0,566521.0,566534.0,566556.0,566579.0,566598.0,566616.0,566638.0,566653.0,566667.0,566693.0,566705.0,566721.0,566742.0,566769.0,566790.0,566811.0,566834.0,566851.0,566864.0,566886.0,566907.0,566925.0,566940.0,566957.0,566987.0,567009.0,567031.0,567051.0,567068.0,567079.0,567088.0,567104.0,567127.0,567153.0,567163.0,567176.0,567192.0,567213.0,567223.0,567244.0,567268.0,567290.0,567301.0,567329.0,567357.0,567371.0,567396.0,567415.0,567440.0,567451.0,567465.0,567477.0,567489.0,567503.0,567514.0,567526.0,567543.0,567551.0,567559.0,567580.0,567605.0,567629.0,567650.0,567668.0,567681.0,567699.0,567718.0,567733.0,567769.0,567795.0,567825.0,567837.0,567855.0,567879.0,567904.0,567923.0,,,,,,,,,568085.0,568106.0,568124.0,568138.0,568151.0,568161.0,568174.0,568186.0,568194.0,568207.0,568223.0,568248.0,568263.0,568280.0,568291.0,568299.0,568307.0,568316.0,568331.0,568347.0,568359.0,568374.0,568384.0,568396.0,568413.0,568424.0,568446.0,568462.0,568479.0,568494.0,568510.0,568524.0,568541.0,568557.0,568567.0,568580.0,568590.0,568597.0,568616.0,568637.0,568657.0,568669.0,568678.0,568684.0,568695.0,568705.0,568714.0,568727.0,568746.0,568763.0,568769.0,568776.0,568787.0,568799.0,568813.0,568818.0,568831.0,568849.0,568862.0,568878.0,568886.0,568894.0,568906.0,568918.0,568929.0,568937.0,568950.0,568965.0,568972.0,568982.0,568993.0,569005
CnV7bOhRq1E,400737.0,400755.0,400777.0,400791.0,400804.0,400819.0,400833.0,400847.0,400863.0,400885.0,400898.0,400923.0,400942.0,400952.0,400971.0,400992.0,401008.0,401021.0,401029.0,401048.0,401069.0,401079.0,401098.0,401125.0,401143.0,401166.0,401183.0,401200.0,401225.0,401255.0,401277.0,401299.0,401312.0,401334.0,401353.0,401371.0,401391.0,401401.0,401417.0,401435.0,401449.0,401469.0,401484.0,401503.0,401519.0,401529.0,401543.0,401569.0,401590.0,401609.0,401635.0,401649.0,401674.0,401696.0,401711.0,401730.0,401744.0,401758.0,401777.0,401785.0,401808.0,401825.0,401843.0,401861.0,401880.0,401898.0,401912.0,401925.0,401945.0,401965.0,401983.0,401993.0,402009.0,402018.0,402028.0,402040.0,402057.0,402077.0,402097.0,402125.0,402145.0,402160.0,402179.0,402191.0,402205.0,402228.0,402249.0,402266.0,402279.0,402293.0,402309.0,402326.0,402335.0,402351.0,402364.0,402372.0,402383.0,402399.0,402408.0,402423.0,402438.0,402447.0,402462.0,402475.0,402489.0,402499.0,402507.0,402521.0,402524.0,402532.0,402554.0,402578.0,402599.0,402619.0,402629.0,402638.0,402657.0,402677.0,402699.0,402706.0,402710.0,402721.0,402734.0,402753.0,402769.0,402780.0,402795.0,402812.0,402826.0,402840.0,402855.0,402872.0,402892.0,402910.0,,,,,,,,,403055.0,403063.0,403075.0,403088.0,403099.0,403116.0,403125.0,403137.0,403145.0,403163.0,403179.0,403193.0,403205.0,403214.0,403222.0,403234.0,403248.0,403259.0,403271.0,403293.0,403306.0,403322.0,403334.0,403352.0,403371.0,403403.0,403417.0,403427.0,403433.0,403450.0,403465.0,403478.0,403502.0,403515.0,403530.0,403544.0,403555.0,403569.0,403588.0,403595.0,403609.0,403624.0,403633.0,403648.0,403660.0,403675.0,403698.0,403716.0,403730.0,403740.0,403753.0,403764.0,403777.0,403792.0,403813.0,403825.0,403843.0,403852.0,403866.0,403882.0,403892.0,403905.0,403916.0,403930.0,403937.0,403950.0,403975.0,403984.0,404000.0,404013.0,404028.0,404044
6R_jjMz8VTM,24154.0,24159.0,24160.0,24164.0,24174.0,24181.0,24184.0,24189.0,24195.0,24198.0,24204.0,24210.0,24212.0,24216.0,24220.0,24225.0,24227.0,24236.0,24238.0,24239.0,24243.0,24248.0,24253.0,24259.0,24262.0,24268.0,24269.0,24272.0,24273.0,24277.0,24281.0,24284.0,24288.0,24291.0,24294.0,24300.0,24304.0,24305.0,24311.0,24313.0,24315.0,24325.0,24332.0,24336.0,24340.0,24347.0,24357.0,24367.0,24374.0,24383.0,24387.0,24391.0,24397.0,24401.0,24405.0,24410.0,24410.0,24415.0,24417.0,24420.0,24422.0,24423.0,24429.0,24434.0,24440.0,24445.0,24449.0,24453.0,24454.0,24456.0,24462.0,24468.0,24473.0,24474.0,24479.0,24479.0,24482.0,24485.0,24490.0,24498.0,24500.0,24504.0,24505.0,24512.0,24514.0,24520.0,24522.0,24525.0,24533.0,24538.0,24541.0,24547.0,24556.0,24560.0,24561.0,24566.0,24568.0,24573.0,24578.0,24581.0,24587.0,24590.0,24590.0,24592.0,24594.0,24598.0,24601.0,24606.0,24608.0,24615.0,24617.0,24625.0,24629.0,24631.0,24636.0,24641.0,24647.0,24647.0,24653.0,24659.0,24663.0,24666.0,24669.0,24674.0,24678.0,24679.0,24681.0,24683.0,24684.0,24689.0,24689.0,24692.0,24696.0,24697.0,,,,,,,,,24731.0,24732.0,24737.0,24740.0,24741.0,24745.0,24748.0,24755.0,24763.0,24766.0,24772.0,24781.0,24785.0,24785.0,24791.0,24796.0,24799.0,24803.0,24807.0,24812.0,24815.0,24816.0,24817.0,24818.0,24818.0,24827.0,24829.0,24830.0,24835.0,24839.0,24841.0,24844.0,24846.0,24847.0,24851.0,24854.0,24854.0,24854.0,24857.0,24860.0,24864.0,24868.0,24869.0,24874.0,24879.0,24879.0,24884.0,24885.0,24889.0,24892.0,24908.0,24913.0,24916.0,24919.0,24927.0,24931.0,24933.0,24940.0,24942.0,24943.0,24944.0,24947.0,24949.0,24952.0,24955.0,24959.0,24963.0,24966.0,24970.0,24973.0,24978.0,24979
lB83QXzNIPg,636728.0,637028.0,637364.0,637636.0,637949.0,638326.0,638627.0,638955.0,639400.0,639748.0,640038.0,640430.0,640730.0,641055.0,641385.0,641838.0,642128.0,642425.0,642813.0,643223.0,643526.0,643862.0,644284.0,644564.0,644818.0,645147.0,645499.0,645801.0,646205.0,646617.0,646918.0,647182.0,647490.0,647825.0,648242.0,648702.0,649017.0,649323.0,649628.0,649924.0,650228.0,650644.0,651028.0,651452.0,651835.0,652119.0,652426.0,652801.0,653164.0,653564.0,653915.0,654235.0,654517.0,654911.0,655270.0,655570.0,655983.0,656347.0,656668.0,657024.0,657330.0,657656.0,657966.0,658316.0,658621.0,658972.0,659242.0,659632.0,659958.0,660343.0,660721.0,661059.0,661358.0,661689.0,662014.0,662340.0,662735.0,663129.0,663491.0,663806.0,664120.0,664478.0,664871.0,665228.0,665633.0,666105.0,666472.0,666876.0,667307.0,667784.0,668223.0,668636.0,669046.0,669450.0,669694.0,670139.0,670626.0,671047.0,671547.0,672052.0,672445.0,672794.0,673317.0,673737.0,674131.0,674643.0,675161.0,675610.0,675986.0,676364.0,676809.0,677259.0,677692.0,678151.0,678501.0,678817.0,679222.0,679672.0,680149.0,680657.0,681124.0,681475.0,681879.0,682306.0,682675.0,683144.0,683495.0,684007.0,684515.0,684926.0,685367.0,685807.0,686199.0,686689.0,,,,,,,,,690292.0,690612.0,691023.0,691493.0,691877.0,692369.0,692690.0,693046.0,693370.0,693716.0,694047.0,694457.0,694829.0,695258.0,695679.0,695979.0,696345.0,696737.0,697081.0,697467.0,697731.0,698087.0,698384.0,698631.0,698983.0,699304.0,699618.0,699940.0,700289.0,700524.0,700818.0,701159.0,701446.0,701752.0,702066.0,702331.0,702562.0,702865.0,703158.0,703427.0,703694.0,703975.0,704260.0,704459.0,704728.0,705006.0,705295.0,705542.0,705878.0,706084.0,706318.0,706590.0,706891.0,707206.0,707525.0,707804.0,708034.0,708275.0,708569.0,708818.0,709102.0,709296.0,709554.0,709814.0,709985.0,710266.0,710525.0,710794.0,711009.0,711276.0,711533.0,711771
JobPaVT0id8,346692.0,346707.0,346732.0,346759.0,346775.0,346800.0,346828.0,346869.0,346893.0,346919.0,346956.0,346977.0,347002.0,347029.0,347057.0,347098.0,347117.0,347130.0,347158.0,347171.0,347187.0,347222.0,347246.0,347275.0,347305.0,347330.0,347354.0,347366.0,347381.0,347392.0,347410.0,347429.0,347441.0,347459.0,347479.0,347504.0,347527.0,347546.0,347562.0,347585.0,347598.0,347623.0,347650.0,347669.0,347697.0,347720.0,347734.0,347759.0,347795.0,347818.0,347846.0,347869.0,347897.0,347918.0,347948.0,347975.0,348003.0,348020.0,348029.0,348051.0,348074.0,348108.0,348131.0,348152.0,348171.0,348194.0,348222.0,348246.0,348262.0,348293.0,348338.0,348364.0,348392.0,348412.0,348429.0,348465.0,348498.0,348517.0,348540.0,348561.0,348570.0,348591.0,348617.0,348645.0,348667.0,348684.0,348699.0,348716.0,348745.0,348766.0,348794.0,348813.0,348835.0,348868.0,348887.0,348905.0,348921.0,348941.0,348962.0,348980.0,348996.0,349013.0,349028.0,349040.0,349063.0,349083.0,349107.0,349133.0,349153.0,349187.0,349215.0,349240.0,349263.0,349297.0,349311.0,349328.0,349365.0,349391.0,349436.0,349461.0,349490.0,349517.0,349549.0,349575.0,349589.0,349610.0,349635.0,349672.0,349704.0,349742.0,349765.0,349789.0,349813.0,349824.0,,,,,,,,,350030.0,350045.0,350078.0,350107.0,350130.0,350146.0,350163.0,350186.0,350204.0,350234.0,350245.0,350267.0,350288.0,350333.0,350361.0,350377.0,350403.0,350430.0,350448.0,350475.0,350501.0,350523.0,350550.0,350569.0,350598.0,350617.0,350637.0,350652.0,350678.0,350699.0,350727.0,350757.0,350771.0,350789.0,350804.0,350834.0,350850.0,350870.0,350897.0,350919.0,350937.0,350970.0,350986.0,351004.0,351031.0,351059.0,351082.0,351104.0,351120.0,351148.0,351173.0,351184.0,351204.0,351227.0,351254.0,351276.0,351307.0,351327.0,351339.0,351360.0,351377.0,351387.0,351407.0,351432.0,351449.0,351464.0,351483.0,351504.0,351514.0,351529.0,351552.0,351570
xYth9NVvuPo,11977222.0,11977767.0,11978356.0,11978970.0,11979582.0,11980280.0,11981027.0,11981863.0,11982690.0,11983346.0,11983979.0,11984627.0,11985142.0,11985698.0,11986270.0,11986732.0,11987285.0,11987769.0,11988182.0,11988651.0,11989348.0,11990008.0,11990793.0,11991487.0,11991996.0,11992552.0,11993266.0,11993799.0,11994555.0,11995270.0,11995795.0,11996347.0,11996842.0,11997364.0,11997873.0,11998469.0,11999002.0,11999617.0,12000279.0,12000799.0,12001320.0,12001962.0,12002775.0,12003475.0,12004129.0,12004718.0,12005318.0,12005993.0,12006564.0,12007169.0,12007669.0,12008211.0,12008706.0,12009196.0,12009696.0,12010194.0,12010588.0,12011073.0,12011570.0,12011975.0,12012403.0,12012893.0,12013364.0,12013759.0,12014186.0,12014632.0,12015062.0,12015577.0,12016090.0,12016631.0,12017131.0,12017620.0,12018073.0,12018493.0,12018995.0,12019436.0,12019972.0,12020409.0,12020797.0,12021201.0,12021532.0,12021937.0,12022279.0,12022715.0,12023146.0,12023542.0,12023955.0,12024406.0,12024775.0,12025212.0,12025686.0,12026140.0,12026615.0,12027023.0,12027476.0,12027884.0,12028326.0,12028724.0,12029130.0,12029551.0,12029968.0,12030331.0,12030736.0,12031145.0,12031476.0,12031912.0,12032280.0,12032681.0,12033075.0,12033403.0,12033748.0,12034143.0,12034498.0,12034863.0,12035195.0,12035563.0,12035922.0,12036303.0,12036707.0,12037166.0,12037582.0,12037958.0,12038370.0,12038734.0,12039077.0,12039457.0,12039886.0,12040338.0,12040719.0,12041105.0,12041496.0,12041907.0,12042343.0,12042770.0,,,,,,,,,12046445.0,12046934.0,12047329.0,12047781.0,12048278.0,12048734.0,12049163.0,12049620.0,12050126.0,12050643.0,12051160.0,12051713.0,12052261.0,12052787.0,12053234.0,12053687.0,12054139.0,12054620.0,12055170.0,12055673.0,12056107.0,12056503.0,12056943.0,12057414.0,12057992.0,12058448.0,12058897.0,12059368.0,12059787.0,12060158.0,12060626.0,12061100.0,12061514.0,12061876.0,12062319.0,12062711.0,12063100.0,12063475.0,12063879.0,12064290.0,12064736.0,12065081.0,12065478.0,12065827.0,12066212.0,12066667.0,12067072.0,12067476.0,12067840.0,12068207.0,12068563.0,12068919.0,12069319.0,12069776.0,12070147.0,12070528.0,12070910.0,12071240.0,12071636.0,12072048.0,12072395.0,12072744.0,12073061.0,12073404.0,12073705.0,12074039.0,12074386.0,12074804.0,12075165.0,12075511.0,12075890.0,12076238
4udPKyDl3tU,420517.0,420669.0,420783.0,420937.0,421098.0,421260.0,421424.0,421543.0,421676.0,421780.0,421903.0,422056.0,422240.0,422382.0,422529.0,422669.0,422801.0,422896.0,423034.0,423177.0,423299.0,423458.0,423585.0,423717.0,423822.0,423929.0,424038.0,424149.0,424249.0,424404.0,424508.0,424635.0,424738.0,424836.0,424935.0,425055.0,425169.0,425270.0,425373.0,425483.0,425596.0,425687.0,425796.0,425890.0,425975.0,426088.0,426184.0,426283.0,426382.0,426488.0,426612.0,426712.0,426797.0,426901.0,426988.0,427091.0,427196.0,427278.0,427376.0,427462.0,427555.0,427647.0,427741.0,427822.0,427900.0,427978.0,428037.0,428121.0,428194.0,428290.0,428371.0,428474.0,428558.0,428625.0,428725.0,428813.0,428899.0,428994.0,429071.0,429160.0,429237.0,429327.0,429426.0,429528.0,429608.0,429689.0,429772.0,429840.0,429914.0,430003.0,430105.0,430186.0,430273.0,430377.0,430453.0,430561.0,430669.0,430777.0,430892.0,430993.0,431101.0,431210.0,431310.0,431412.0,431518.0,431614.0,431723.0,431825.0,431907.0,432019.0,432116.0,432215.0,432317.0,432433.0,432531.0,432599.0,432705.0,432806.0,432905.0,433017.0,433103.0,433222.0,433421.0,433574.0,433786.0,433958.0,434091.0,434254.0,434390.0,434515.0,434654.0,434779.0,434908.0,435031.0,,,,,,,,,436193.0,436302.0,436403.0,436514.0,436642.0,436771.0,436930.0,437067.0,437222.0,437358.0,437551.0,437707.0,437894.0,438042.0,438246.0,438428.0,438566.0,438701.0,438806.0,438928.0,439042.0,439155.0,439256.0,439350.0,439488.0,439587.0,439686.0,439782.0,439853.0,439965.0,440072.0,440177.0,440284.0,440402.0,440481.0,440600.0,440685.0,440798.0,440876.0,440979.0,441082.0,441184.0,441283.0,441356.0,441439.0,441548.0,441645.0,441748.0,441862.0,441954.0,442048.0,442135.0,442218.0,442319.0,442416.0,442505.0,442575.0,442642.0,442730.0,442816.0,442882.0,443005.0,443087.0,443143.0,443238.0,443326.0,443408.0,443507.0,443608.0,443672.0,443765.0,443865
R6Tr2iIZ_qo,270774.0,270883.0,270971.0,271100.0,271171.0,271248.0,271337.0,271448.0,271533.0,271599.0,271653.0,271723.0,271814.0,271920.0,272018.0,272139.0,272249.0,272369.0,272468.0,272554.0,272648.0,272749.0,272840.0,272908.0,272984.0,273082.0,273166.0,273244.0,273335.0,273431.0,273502.0,273579.0,273658.0,273734.0,273826.0,273928.0,274019.0,274108.0,274150.0,274238.0,274318.0,274394.0,274457.0,274544.0,274610.0,274670.0,274752.0,274842.0,274916.0,274983.0,275047.0,275113.0,275177.0,275231.0,275286.0,275338.0,275402.0,275464.0,275526.0,275576.0,275623.0,275681.0,275747.0,275806.0,275863.0,275923.0,275976.0,276023.0,276076.0,276137.0,276198.0,276259.0,276311.0,276366.0,276442.0,276508.0,276574.0,276618.0,276663.0,276713.0,276761.0,276811.0,276864.0,276923.0,276989.0,277051.0,277103.0,277140.0,277174.0,277225.0,277279.0,277333.0,277379.0,277427.0,277461.0,277510.0,277557.0,277608.0,277663.0,277718.0,277769.0,277812.0,277855.0,277917.0,277967.0,278020.0,278078.0,278133.0,278190.0,278233.0,278300.0,278371.0,278430.0,278489.0,278531.0,278593.0,278671.0,278726.0,278785.0,278843.0,278922.0,279081.0,279310.0,279468.0,279625.0,279755.0,279874.0,279984.0,280095.0,280203.0,280314.0,280412.0,280531.0,280632.0,,,,,,,,,281521.0,281607.0,281687.0,281783.0,281890.0,281963.0,282056.0,282121.0,282197.0,282280.0,282365.0,282435.0,282524.0,282591.0,282668.0,282724.0,282766.0,282859.0,282927.0,282995.0,283066.0,283130.0,283189.0,283238.0,283298.0,283368.0,283445.0,283503.0,283552.0,283592.0,283642.0,283699.0,283754.0,283811.0,283881.0,283926.0,283979.0,284026.0,284096.0,284165.0,284241.0,284325.0,284390.0,284442.0,284493.0,284538.0,284597.0,284664.0,284725.0,284779.0,284827.0,284896.0,284956.0,285025.0,285089.0,285166.0,285225.0,285282.0,285329.0,285398.0,285455.0,285513.0,285574.0,285635.0,285674.0,285712.0,285780.0,285827.0,285874.0,285927.0,285977.0,286036
XGVyKhMJrsA,237645.0,237751.0,237898.0,237971.0,238079.0,238226.0,238320.0,238440.0,238539.0,238626.0,238710.0,238799.0,238930.0,239042.0,239167.0,239281.0,239397.0,239484.0,239583.0,239718.0,239834.0,239926.0,240068.0,240179.0,240293.0,240424.0,240548.0,240667.0,240799.0,240948.0,241058.0,241180.0,241328.0,241445.0,241584.0,241713.0,241815.0,241939.0,242029.0,242129.0,242246.0,242376.0,242492.0,242612.0,242708.0,242789.0,242903.0,243014.0,243148.0,243258.0,243373.0,243473.0,243562.0,243646.0,243773.0,243866.0,243966.0,244061.0,244149.0,244262.0,244358.0,244462.0,244560.0,244646.0,244749.0,244837.0,244926.0,245003.0,245070.0,245152.0,245243.0,245329.0,245433.0,245505.0,245601.0,245703.0,245791.0,245878.0,245989.0,246062.0,246134.0,246205.0,246290.0,246386.0,246503.0,246593.0,246685.0,246753.0,246847.0,246948.0,247040.0,247124.0,247210.0,247315.0,247392.0,247483.0,247594.0,247690.0,247797.0,247930.0,248009.0,248096.0,248183.0,248289.0,248380.0,248472.0,248571.0,248649.0,248729.0,248812.0,248907.0,249008.0,249089.0,249184.0,249247.0,249309.0,249391.0,249461.0,249571.0,249665.0,249755.0,249849.0,249926.0,250039.0,250137.0,250259.0,250376.0,250466.0,250531.0,250580.0,250657.0,250767.0,250836.0,250909.0,,,,,,,,,251655.0,251727.0,251793.0,251882.0,251970.0,252050.0,252150.0,252213.0,252285.0,252382.0,252479.0,252573.0,252636.0,252697.0,252754.0,252805.0,252862.0,252921.0,252986.0,253044.0,253119.0,253197.0,253241.0,253320.0,253413.0,253484.0,253586.0,253665.0,253730.0,253773.0,253828.0,253887.0,253946.0,253996.0,254043.0,254103.0,254144.0,254202.0,254265.0,254312.0,254376.0,254441.0,254482.0,254526.0,254590.0,254645.0,254695.0,254745.0,254829.0,254869.0,254936.0,255027.0,255085.0,255160.0,255210.0,255275.0,255324.0,255364.0,255417.0,255465.0,255515.0,255564.0,255605.0,255654.0,255697.0,255754.0,255793.0,255843.0,255869.0,255910.0,255948.0,255992
MfEyi8CSjNk,21160.0,21167.0,21173.0,21180.0,21185.0,21188.0,21200.0,21208.0,21213.0,21220.0,21232.0,21237.0,21241.0,21243.0,21252.0,21257.0,21262.0,21266.0,21273.0,21280.0,21282.0,21288.0,21294.0,21298.0,21300.0,21304.0,21306.0,21311.0,21315.0,21317.0,21326.0,21329.0,21332.0,21334.0,21338.0,21344.0,21354.0,21360.0,21370.0,21379.0,21387.0,21399.0,21407.0,21412.0,21419.0,21421.0,21429.0,21437.0,21440.0,21444.0,21448.0,21458.0,21468.0,21474.0,21481.0,21489.0,21496.0,21504.0,21508.0,21513.0,21517.0,21524.0,21527.0,21534.0,21544.0,21553.0,21558.0,21568.0,21571.0,21576.0,21590.0,21597.0,21601.0,21614.0,21626.0,21644.0,21653.0,21663.0,21667.0,21672.0,21679.0,21687.0,21692.0,21695.0,21701.0,21705.0,21712.0,21718.0,21723.0,21734.0,21745.0,21750.0,21754.0,21760.0,21771.0,21778.0,21785.0,21795.0,21803.0,21806.0,21813.0,21815.0,21825.0,21831.0,21838.0,21842.0,21853.0,21862.0,21879.0,21885.0,21894.0,21894.0,21903.0,21918.0,21931.0,21942.0,21954.0,21970.0,21981.0,21988.0,21997.0,22002.0,22013.0,22018.0,22023.0,22026.0,22032.0,22039.0,22044.0,22049.0,22052.0,22056.0,22058.0,22060.0,,,,,,,,,22101.0,22103.0,22109.0,22116.0,22126.0,22130.0,22134.0,22144.0,22149.0,22154.0,22164.0,22166.0,22170.0,22171.0,22174.0,22182.0,22188.0,22193.0,22196.0,22201.0,22208.0,22214.0,22218.0,22231.0,22237.0,22246.0,22251.0,22261.0,22266.0,22275.0,22284.0,22292.0,22297.0,22307.0,22312.0,22320.0,22324.0,22328.0,22333.0,22340.0,22345.0,22350.0,22361.0,22370.0,22384.0,22390.0,22417.0,22474.0,22484.0,22496.0,22449.0,22463.0,22473.0,22483.0,22493.0,22502.0,22507.0,22514.0,22521.0,22525.0,22528.0,22536.0,22538.0,22543.0,22545.0,22554.0,22557.0,22561.0,22565.0,22573.0,22579.0,22590
pAMVQ4B53Tc,33955.0,33974.0,33988.0,34003.0,34037.0,34061.0,34090.0,34125.0,34158.0,34191.0,34211.0,34230.0,34256.0,34274.0,34288.0,34311.0,34343.0,34355.0,34377.0,34397.0,34420.0,34432.0,34452.0,34467.0,34486.0,34517.0,34550.0,34571.0,34589.0,34617.0,34637.0,34653.0,34675.0,34696.0,34718.0,34739.0,34761.0,34786.0,34808.0,34835.0,34874.0,34906.0,34959.0,34994.0,35021.0,35040.0,35064.0,35094.0,35122.0,35160.0,35191.0,35211.0,35232.0,35271.0,35304.0,35324.0,35353.0,35382.0,35401.0,35423.0,35457.0,35478.0,35518.0,35547.0,35575.0,35605.0,35638.0,35672.0,35703.0,35735.0,35754.0,35772.0,35799.0,35826.0,35849.0,35885.0,35909.0,35939.0,35973.0,35993.0,36022.0,36042.0,36069.0,36099.0,36130.0,36154.0,36178.0,36199.0,36220.0,36237.0,36258.0,36286.0,36315.0,36333.0,36348.0,36374.0,36400.0,36424.0,36449.0,36466.0,36483.0,36504.0,36520.0,36552.0,36571.0,36594.0,36621.0,36636.0,36652.0,36672.0,36715.0,36738.0,36769.0,36788.0,36820.0,36852.0,36883.0,36903.0,36936.0,36960.0,36990.0,37008.0,37036.0,37052.0,37071.0,37085.0,37114.0,37140.0,37170.0,37192.0,37212.0,37231.0,37262.0,37275.0,,,,,,,,,37494.0,37516.0,37538.0,37557.0,37583.0,37607.0,37645.0,37660.0,37685.0,37712.0,37755.0,37790.0,37817.0,37849.0,37870.0,37901.0,37941.0,37983.0,38015.0,38038.0,38061.0,38093.0,38117.0,38152.0,38169.0,38189.0,38209.0,38233.0,38255.0,38276.0,38286.0,38316.0,38330.0,38358.0,38380.0,38403.0,38415.0,38444.0,38466.0,38489.0,38520.0,38543.0,38564.0,38589.0,38611.0,38643.0,38665.0,38686.0,38716.0,38739.0,38753.0,38781.0,38809.0,38838.0,38863.0,38889.0,38918.0,38941.0,38964.0,38989.0,39023.0,39044.0,39059.0,39076.0,39100.0,39140.0,39164.0,39183.0,39199.0,39213.0,39236.0,39254
tK9DlWeFidk,267807.0,268090.0,268389.0,268725.0,269008.0,269273.0,269607.0,269887.0,270171.0,270442.0,270682.0,270953.0,271236.0,271574.0,271890.0,272194.0,272449.0,272720.0,272999.0,273334.0,273607.0,273836.0,274099.0,274393.0,274629.0,274856.0,275087.0,275315.0,275584.0,275839.0,276061.0,276280.0,276495.0,276773.0,277025.0,277278.0,277518.0,277734.0,277921.0,278147.0,278336.0,278630.0,278890.0,279187.0,279488.0,279706.0,279948.0,280216.0,280465.0,280741.0,280970.0,281163.0,281337.0,281543.0,281802.0,282028.0,282216.0,282435.0,282632.0,282808.0,282995.0,283200.0,283442.0,283665.0,283873.0,284071.0,284258.0,284438.0,284597.0,284841.0,285042.0,285239.0,285439.0,285579.0,285778.0,286021.0,286285.0,286492.0,286655.0,286831.0,287002.0,287165.0,287353.0,287567.0,287848.0,288059.0,288306.0,288484.0,288670.0,288886.0,289157.0,289390.0,289592.0,289782.0,290005.0,290223.0,290446.0,290636.0,290870.0,291114.0,291305.0,291535.0,291776.0,292018.0,292253.0,292491.0,292691.0,292910.0,293122.0,293344.0,293550.0,293798.0,294005.0,294259.0,294491.0,294664.0,294815.0,295022.0,295246.0,295452.0,295692.0,295860.0,296027.0,296225.0,296386.0,296541.0,296753.0,296945.0,297145.0,297312.0,297552.0,297815.0,298038.0,298266.0,,,,,,,,,300301.0,300463.0,300677.0,300892.0,301109.0,301388.0,301597.0,301768.0,302018.0,302318.0,302646.0,302918.0,303303.0,303598.0,303847.0,304087.0,304357.0,304741.0,305074.0,305353.0,305573.0,305792.0,305985.0,306179.0,306319.0,306514.0,306726.0,306895.0,307081.0,307230.0,307404.0,307592.0,307767.0,307981.0,308145.0,308287.0,308435.0,308624.0,308846.0,309025.0,309241.0,309438.0,309576.0,309752.0,309908.0,310115.0,310294.0,310493.0,310734.0,310941.0,311099.0,311284.0,311494.0,311682.0,311870.0,312034.0,312196.0,312373.0,312513.0,312653.0,312813.0,312951.0,313089.0,313258.0,313434.0,313569.0,313742.0,313881.0,313977.0,314102.0,314219.0,314348
LqlfM4YGMkY,37587.0,37598.0,37624.0,37645.0,37657.0,37679.0,37688.0,37704.0,37727.0,37744.0,37760.0,37778.0,37791.0,37801.0,37817.0,37834.0,37852.0,37869.0,37882.0,37899.0,37907.0,37925.0,37940.0,37957.0,37974.0,37990.0,38008.0,38030.0,38043.0,38049.0,38057.0,38073.0,38079.0,38088.0,38094.0,38105.0,38117.0,38134.0,38145.0,38151.0,38159.0,38175.0,38191.0,38206.0,38217.0,38237.0,38251.0,38260.0,38276.0,38286.0,38302.0,38316.0,38328.0,38342.0,38358.0,38378.0,38397.0,38403.0,38412.0,38419.0,38433.0,38442.0,38453.0,38466.0,38481.0,38503.0,38515.0,38525.0,38534.0,38541.0,38553.0,38566.0,38578.0,38590.0,38604.0,38621.0,38632.0,38649.0,38655.0,38666.0,38682.0,38704.0,38722.0,38738.0,38754.0,38764.0,38802.0,38808.0,38825.0,38837.0,38865.0,38872.0,38887.0,38905.0,38920.0,38936.0,38950.0,38969.0,38985.0,38998.0,39007.0,39022.0,39027.0,39035.0,39047.0,39060.0,39070.0,39089.0,39109.0,39121.0,39129.0,39139.0,39146.0,39165.0,39183.0,39196.0,39206.0,39213.0,39220.0,39230.0,39243.0,39250.0,39257.0,39274.0,39277.0,39293.0,39299.0,39308.0,39335.0,39348.0,39366.0,39379.0,39392.0,39402.0,,,,,,,,,39497.0,39504.0,39522.0,39532.0,39538.0,39546.0,39550.0,39558.0,39566.0,39575.0,39583.0,39589.0,39604.0,39609.0,39613.0,39623.0,39624.0,39635.0,39652.0,39662.0,39663.0,39673.0,39680.0,39690.0,39704.0,39713.0,39723.0,39738.0,39751.0,39765.0,39785.0,39804.0,39813.0,39823.0,39835.0,39843.0,39855.0,39863.0,39872.0,39885.0,39898.0,39915.0,39926.0,39935.0,39943.0,39954.0,39981.0,40002.0,40010.0,40025.0,40032.0,40044.0,40060.0,40071.0,40083.0,40092.0,40103.0,40116.0,40124.0,40135.0,40144.0,40152.0,40156.0,40163.0,40174.0,40191.0,40205.0,40208.0,40214.0,40224.0,40242.0,40253
0aIEOe33imo,6094.0,6094.0,6094.0,6097.0,6098.0,6098.0,6100.0,6100.0,6103.0,6105.0,6105.0,6105.0,6106.0,6107.0,6107.0,6107.0,6107.0,6107.0,6109.0,6109.0,6110.0,6110.0,6111.0,6111.0,6111.0,6111.0,6111.0,6112.0,6112.0,6113.0,6114.0,6115.0,6117.0,6117.0,6117.0,6117.0,6117.0,6117.0,6117.0,6117.0,6117.0,6119.0,6119.0,6119.0,6119.0,6119.0,6120.0,6122.0,6123.0,6123.0,6124.0,6125.0,6125.0,6125.0,6126.0,6127.0,6127.0,6130.0,6131.0,6131.0,6133.0,6134.0,6134.0,6134.0,6134.0,6134.0,6135.0,6135.0,6136.0,6137.0,6137.0,6141.0,6143.0,6143.0,6145.0,6146.0,6148.0,6149.0,6150.0,6151.0,6152.0,6153.0,6154.0,6155.0,6156.0,6156.0,6156.0,6156.0,6157.0,6157.0,6157.0,6160.0,6160.0,6161.0,6161.0,6162.0,6163.0,6164.0,6164.0,6166.0,6168.0,6168.0,6169.0,6169.0,6169.0,6169.0,6169.0,6169.0,6171.0,6171.0,6171.0,6172.0,6172.0,6172.0,6172.0,6173.0,6174.0,6175.0,6177.0,6195.0,6202.0,6203.0,6203.0,6204.0,6204.0,6204.0,6204.0,6204.0,6207.0,6208.0,6208.0,6213.0,6213.0,6214.0,,,,,,,,,6225.0,6226.0,6227.0,6227.0,6228.0,6229.0,6230.0,6231.0,6231.0,6231.0,6232.0,6232.0,6232.0,6232.0,6232.0,6232.0,6233.0,6233.0,6233.0,6233.0,6234.0,6235.0,6238.0,6238.0,6239.0,6239.0,6239.0,6239.0,6239.0,6240.0,6241.0,6241.0,6241.0,6243.0,6243.0,6243.0,6243.0,6245.0,6246.0,6246.0,6246.0,6247.0,6247.0,6249.0,6249.0,6251.0,6251.0,6251.0,6251.0,6253.0,6253.0,6253.0,6253.0,6253.0,6254.0,6254.0,6255.0,6256.0,6256.0,6256.0,6257.0,6258.0,6258.0,6260.0,6260.0,6261.0,6261.0,6262.0,6262.0,6262.0,6262.0,6263
EcQN1iD2V8A,616700.0,617068.0,617350.0,617605.0,617966.0,618353.0,618733.0,619048.0,619491.0,620017.0,620358.0,620691.0,621033.0,621378.0,621773.0,622192.0,622515.0,622825.0,623120.0,623489.0,623775.0,624131.0,624479.0,624772.0,624961.0,625227.0,625493.0,625820.0,626057.0,626342.0,626558.0,626742.0,626964.0,627191.0,627450.0,627780.0,628126.0,628345.0,628595.0,628839.0,629142.0,629461.0,629774.0,630102.0,630324.0,630540.0,630783.0,631053.0,631282.0,631552.0,631814.0,632055.0,632208.0,632432.0,632670.0,632853.0,633048.0,633250.0,633467.0,633633.0,633798.0,634006.0,634242.0,634454.0,634667.0,634875.0,635043.0,635295.0,635511.0,635773.0,636021.0,636250.0,636440.0,636648.0,636887.0,637181.0,637428.0,637687.0,637973.0,638195.0,638409.0,638686.0,638942.0,639167.0,639386.0,639646.0,639909.0,640067.0,640307.0,640550.0,640790.0,641064.0,641343.0,641526.0,641717.0,641980.0,642247.0,642500.0,642719.0,642975.0,643242.0,643465.0,643770.0,644049.0,644385.0,644620.0,644906.0,645178.0,645381.0,645645.0,645888.0,646190.0,646490.0,646801.0,647046.0,647314.0,647573.0,647800.0,648003.0,648291.0,648560.0,648747.0,648988.0,649193.0,649378.0,649588.0,649804.0,650025.0,650245.0,650453.0,650630.0,650894.0,651120.0,651364.0,,,,,,,,,653330.0,653507.0,653684.0,653855.0,654015.0,654252.0,654461.0,654641.0,654786.0,654989.0,655182.0,655411.0,655704.0,655992.0,656199.0,656425.0,656638.0,656841.0,657044.0,657227.0,657420.0,657595.0,657754.0,657953.0,658189.0,658375.0,658591.0,658798.0,658993.0,659213.0,659408.0,659668.0,659870.0,660038.0,660197.0,660396.0,660586.0,660782.0,660964.0,661200.0,661372.0,661604.0,661799.0,661927.0,662126.0,662313.0,662545.0,662750.0,662933.0,663125.0,663234.0,663423.0,663583.0,663755.0,663898.0,664048.0,664214.0,664350.0,664505.0,664676.0,664864.0,664989.0,665150.0,665291.0,665443.0,665608.0,665758.0,665915.0,666041.0,666159.0,666325.0,666448
dWO3OmhsvJQ,578338.0,578349.0,578367.0,578385.0,578404.0,578436.0,578458.0,578485.0,578510.0,578535.0,578544.0,578565.0,578578.0,578597.0,578616.0,578631.0,578653.0,578671.0,578687.0,578703.0,578714.0,578733.0,578746.0,578757.0,578770.0,578791.0,578811.0,578831.0,578853.0,578867.0,578874.0,578888.0,578902.0,578927.0,578952.0,578967.0,578987.0,579004.0,579020.0,579054.0,579071.0,579102.0,579123.0,579148.0,579179.0,579207.0,579224.0,579254.0,579292.0,579312.0,579329.0,579342.0,579357.0,579378.0,579402.0,579436.0,579454.0,579486.0,579511.0,579524.0,579542.0,579556.0,579575.0,579600.0,579622.0,579645.0,579660.0,579673.0,579695.0,579714.0,579735.0,579760.0,579798.0,579813.0,579824.0,579842.0,579862.0,579880.0,579899.0,579918.0,579931.0,579949.0,579967.0,579986.0,580007.0,580024.0,580032.0,580044.0,580065.0,580081.0,580102.0,580124.0,580147.0,580157.0,580180.0,580212.0,580229.0,580253.0,580274.0,580301.0,580320.0,580336.0,580351.0,580364.0,580381.0,580395.0,580404.0,580418.0,580433.0,580446.0,580462.0,580479.0,580496.0,580513.0,580528.0,580543.0,580558.0,580582.0,580598.0,580621.0,580637.0,580655.0,580670.0,580686.0,580705.0,580722.0,580743.0,580763.0,580782.0,580792.0,580813.0,580841.0,580856.0,580877.0,,,,,,,,,581083.0,581103.0,581130.0,581152.0,581175.0,581199.0,581215.0,581230.0,581252.0,581270.0,581289.0,581303.0,581319.0,581333.0,581343.0,581351.0,581362.0,581376.0,581389.0,581396.0,581405.0,581417.0,581428.0,581434.0,581448.0,581476.0,581486.0,581498.0,581511.0,581522.0,581537.0,581550.0,581567.0,581579.0,581593.0,581612.0,581616.0,581629.0,581641.0,581652.0,581663.0,581682.0,581690.0,581697.0,581707.0,581721.0,581745.0,581760.0,581776.0,581779.0,581787.0,581796.0,581807.0,581837.0,581851.0,581870.0,581885.0,581897.0,581912.0,581926.0,581938.0,581946.0,581956.0,581970.0,581978.0,581987.0,581999.0,582015.0,582023.0,582034.0,582051.0,582065
azcD57OoEnU,281167.0,281218.0,281293.0,281335.0,281401.0,281457.0,281538.0,281586.0,281638.0,281700.0,281759.0,281825.0,281875.0,281931.0,281979.0,282047.0,282102.0,282167.0,282233.0,282285.0,282340.0,282415.0,282483.0,282567.0,282617.0,282678.0,282752.0,282793.0,282852.0,282895.0,282943.0,282989.0,283066.0,283116.0,283184.0,283228.0,283276.0,283332.0,283384.0,283440.0,283504.0,283547.0,283594.0,283633.0,283689.0,283760.0,283813.0,283868.0,283916.0,283990.0,284057.0,284110.0,284158.0,284192.0,284250.0,284306.0,284348.0,284390.0,284442.0,284477.0,284534.0,284599.0,284645.0,284693.0,284739.0,284794.0,284846.0,284898.0,284946.0,285008.0,285060.0,285130.0,285194.0,285238.0,285279.0,285323.0,285385.0,285420.0,285478.0,285532.0,285581.0,285614.0,285654.0,285697.0,285736.0,285784.0,285838.0,285878.0,285934.0,285978.0,286029.0,286093.0,286158.0,286207.0,286264.0,286312.0,286356.0,286397.0,286438.0,286479.0,286516.0,286547.0,286592.0,286641.0,286691.0,286738.0,286768.0,286801.0,286853.0,286891.0,286950.0,287000.0,287046.0,287099.0,287147.0,287192.0,287261.0,287346.0,287424.0,287494.0,287556.0,287614.0,287668.0,287728.0,287794.0,287866.0,287931.0,287992.0,288037.0,288077.0,288121.0,288156.0,288198.0,288246.0,,,,,,,,,288761.0,288821.0,288859.0,288917.0,288967.0,289021.0,289072.0,289112.0,289168.0,289214.0,289243.0,289282.0,289327.0,289370.0,289418.0,289466.0,289526.0,289559.0,289605.0,289653.0,289701.0,289738.0,289776.0,289812.0,289850.0,289894.0,289937.0,289974.0,290008.0,290038.0,290075.0,290122.0,290147.0,290209.0,290245.0,290286.0,290325.0,290374.0,290431.0,290487.0,290533.0,290598.0,290637.0,290676.0,290725.0,290776.0,290822.0,290874.0,290910.0,290957.0,290984.0,291026.0,291068.0,291118.0,291166.0,291196.0,291230.0,291263.0,291306.0,291344.0,291385.0,291423.0,291469.0,291506.0,291544.0,291572.0,291616.0,291647.0,291677.0,291701.0,291739.0,291774
Gzj7ci5pI7I,54068.0,54077.0,54095.0,54104.0,54114.0,54126.0,54138.0,54146.0,54153.0,54167.0,54194.0,54219.0,54237.0,54245.0,54263.0,54275.0,54289.0,54299.0,54308.0,54327.0,54342.0,54356.0,54368.0,54381.0,54390.0,54398.0,54412.0,54424.0,54433.0,54455.0,54470.0,54479.0,54505.0,54516.0,54525.0,54545.0,54556.0,54573.0,54585.0,54600.0,54609.0,54623.0,54637.0,54654.0,54669.0,54680.0,54703.0,54714.0,54724.0,54740.0,54754.0,54770.0,54783.0,54794.0,54808.0,54813.0,54828.0,54837.0,54846.0,54862.0,54872.0,54883.0,54896.0,54912.0,54923.0,54933.0,54949.0,54957.0,54974.0,54991.0,55016.0,55035.0,55044.0,55055.0,55072.0,55085.0,55104.0,55119.0,55137.0,55160.0,55172.0,55187.0,55197.0,55216.0,55229.0,55242.0,55247.0,55258.0,55266.0,55276.0,55293.0,55312.0,55319.0,55332.0,55348.0,55364.0,55387.0,55403.0,55424.0,55440.0,55459.0,55468.0,55483.0,55497.0,55515.0,55535.0,55563.0,55590.0,55613.0,55627.0,55650.0,55682.0,55838.0,55897.0,55937.0,55968.0,56017.0,56049.0,56074.0,56093.0,56113.0,56128.0,56143.0,56157.0,56176.0,56189.0,56205.0,56222.0,56242.0,56256.0,56271.0,56277.0,56298.0,56316.0,,,,,,,,,56461.0,56470.0,56491.0,56514.0,56537.0,56562.0,56581.0,56587.0,56597.0,56608.0,56621.0,56634.0,56656.0,56669.0,56682.0,56696.0,56707.0,56731.0,56754.0,56770.0,56789.0,56802.0,56822.0,56835.0,56855.0,56863.0,56876.0,56894.0,56906.0,56917.0,56932.0,56944.0,56959.0,56969.0,56994.0,57003.0,57015.0,57024.0,57035.0,57060.0,57078.0,57097.0,57114.0,57134.0,57155.0,57183.0,57203.0,57220.0,57230.0,57257.0,57273.0,57288.0,57313.0,57327.0,57341.0,57368.0,57393.0,57413.0,57439.0,57456.0,57472.0,57482.0,57498.0,57519.0,57532.0,57551.0,57575.0,57603.0,57620.0,57630.0,57649.0,57666
l5qeJVhOOnU,105888.0,105926.0,105955.0,105984.0,106017.0,106049.0,106087.0,106110.0,106139.0,106184.0,106226.0,106263.0,106296.0,106327.0,106361.0,106390.0,106417.0,106444.0,106478.0,106496.0,106541.0,106576.0,106597.0,106615.0,106627.0,106658.0,106693.0,106716.0,106734.0,106760.0,106783.0,106816.0,106841.0,106863.0,106881.0,106905.0,106935.0,106959.0,106979.0,107009.0,107032.0,107067.0,107104.0,107137.0,107162.0,107199.0,107233.0,107261.0,107299.0,107324.0,107360.0,107383.0,107404.0,107430.0,107455.0,107475.0,107503.0,107525.0,107551.0,107579.0,107607.0,107649.0,107679.0,107713.0,107740.0,107776.0,107795.0,107812.0,107837.0,107867.0,107896.0,107925.0,107951.0,107973.0,108002.0,108029.0,108063.0,108084.0,108125.0,108157.0,108187.0,108217.0,108246.0,108274.0,108296.0,108324.0,108351.0,108374.0,108406.0,108424.0,108449.0,108492.0,108513.0,108544.0,108579.0,108606.0,108646.0,108679.0,108723.0,108746.0,108772.0,108793.0,108816.0,108863.0,108896.0,108944.0,108991.0,109039.0,109075.0,109107.0,109138.0,109173.0,109227.0,109292.0,109332.0,109395.0,109442.0,109485.0,109540.0,109577.0,109626.0,109658.0,109690.0,109723.0,109760.0,109803.0,109842.0,109869.0,109911.0,109964.0,110000.0,110059.0,110110.0,110152.0,,,,,,,,,110598.0,110657.0,110719.0,110762.0,110786.0,110836.0,110882.0,110927.0,110963.0,110996.0,111030.0,111065.0,111113.0,111165.0,111222.0,111274.0,111313.0,111362.0,111404.0,111456.0,111487.0,111521.0,111556.0,111586.0,111636.0,111675.0,111710.0,111764.0,111808.0,111841.0,111870.0,111900.0,111941.0,111983.0,112037.0,112061.0,112085.0,112121.0,112147.0,112180.0,112237.0,112270.0,112301.0,112333.0,112370.0,112406.0,112480.0,112525.0,112573.0,112624.0,112653.0,112699.0,112730.0,112766.0,112789.0,112841.0,112882.0,112925.0,112955.0,113001.0,113025.0,113047.0,113078.0,113120.0,113158.0,113197.0,113232.0,113265.0,113294.0,113319.0,113350.0,113390
qw0LhkbHkLM,813761.0,814710.0,815766.0,816774.0,817788.0,818852.0,819856.0,820886.0,821983.0,822987.0,823948.0,824796.0,825727.0,826694.0,827605.0,828304.0,829208.0,830021.0,830761.0,831438.0,832255.0,833069.0,833834.0,834429.0,835083.0,835764.0,836560.0,837307.0,837980.0,838712.0,839404.0,840046.0,840726.0,841434.0,842151.0,842755.0,843452.0,844118.0,844805.0,845450.0,846103.0,846768.0,847438.0,848085.0,848775.0,849373.0,850020.0,850680.0,851297.0,851873.0,852587.0,853257.0,853765.0,854305.0,854946.0,855510.0,856065.0,856601.0,857284.0,857925.0,858455.0,858991.0,859583.0,860137.0,860674.0,861166.0,861666.0,862184.0,862587.0,863137.0,863607.0,864128.0,864535.0,864973.0,865418.0,865906.0,866364.0,866839.0,867310.0,867769.0,868138.0,868605.0,869065.0,869549.0,870053.0,870502.0,870924.0,871252.0,871643.0,871986.0,872363.0,872735.0,873114.0,873505.0,873858.0,874224.0,874554.0,874920.0,875250.0,875583.0,876012.0,876390.0,876774.0,877095.0,877500.0,877852.0,878217.0,878652.0,879059.0,879421.0,879822.0,880266.0,880645.0,881033.0,881411.0,881819.0,882231.0,882623.0,883006.0,883366.0,883716.0,884118.0,884470.0,884797.0,885163.0,885470.0,885869.0,886241.0,886629.0,886984.0,887399.0,887743.0,888092.0,888429.0,,,,,,,,,891852.0,892215.0,892594.0,892991.0,893356.0,893707.0,894074.0,894437.0,894806.0,895131.0,895494.0,895843.0,896159.0,896526.0,896935.0,897345.0,897723.0,898137.0,898457.0,898846.0,899177.0,899519.0,899827.0,900179.0,900495.0,900815.0,901140.0,901509.0,901801.0,902048.0,902343.0,902642.0,902970.0,903224.0,903480.0,903803.0,904123.0,904449.0,904793.0,905097.0,905413.0,905698.0,906023.0,906312.0,906613.0,906937.0,907282.0,907742.0,908125.0,908590.0,908906.0,909196.0,909519.0,909905.0,910330.0,910710.0,911153.0,911437.0,911726.0,912007.0,912418.0,912732.0,913022.0,913329.0,913674.0,914061.0,914401.0,914792.0,915089.0,915385.0,915667.0,916023
Aqqt5S_pdeo,27991.0,28066.0,28131.0,28212.0,28299.0,28398.0,28488.0,28581.0,28663.0,28727.0,28778.0,28853.0,28922.0,29011.0,29076.0,29132.0,29218.0,29271.0,29328.0,29395.0,29460.0,29527.0,29607.0,29649.0,29696.0,29772.0,29865.0,29936.0,30002.0,30053.0,30099.0,30142.0,30199.0,30262.0,30319.0,30393.0,30457.0,30518.0,30565.0,30632.0,30717.0,30821.0,30896.0,30948.0,31001.0,31045.0,31083.0,31146.0,31197.0,31248.0,31312.0,31368.0,31413.0,31457.0,31513.0,31572.0,31627.0,31686.0,31717.0,31761.0,31830.0,31876.0,31930.0,31988.0,32048.0,32083.0,32129.0,32189.0,32237.0,32302.0,32343.0,32379.0,32408.0,32448.0,32497.0,32540.0,32583.0,32616.0,32668.0,32708.0,32757.0,32793.0,32836.0,32888.0,32932.0,32973.0,33024.0,33058.0,33100.0,33136.0,33163.0,33220.0,33263.0,33294.0,33334.0,33370.0,33412.0,33461.0,33510.0,33559.0,33605.0,33648.0,33692.0,33724.0,33753.0,33790.0,33845.0,33881.0,33911.0,33963.0,34005.0,34038.0,34074.0,34116.0,34153.0,34194.0,34241.0,34274.0,34320.0,34347.0,34378.0,34417.0,34447.0,34474.0,34518.0,34558.0,34592.0,34620.0,34644.0,34690.0,34726.0,34758.0,34791.0,34816.0,,,,,,,,,35138.0,35203.0,35225.0,35257.0,35296.0,35328.0,35363.0,35393.0,35431.0,35453.0,35491.0,35521.0,35569.0,35612.0,35637.0,35669.0,35706.0,35738.0,35779.0,35829.0,35867.0,35911.0,35943.0,35983.0,36018.0,36051.0,36092.0,36133.0,36168.0,36206.0,36267.0,36297.0,36364.0,36421.0,36471.0,36514.0,36542.0,36585.0,36625.0,36668.0,36711.0,36746.0,36785.0,36803.0,36835.0,36880.0,36914.0,36946.0,36974.0,36999.0,37032.0,37069.0,37095.0,37135.0,37169.0,37204.0,37246.0,37281.0,37323.0,37358.0,37395.0,37430.0,37472.0,37506.0,37551.0,37586.0,37632.0,37672.0,37711.0,37751.0,37799.0,37833
I65yFSpqhOA,842743.0,842743.0,842743.0,842743.0,842743.0,842743.0,842743.0,842743.0,842743.0,842743.0,842743.0,842743.0,842743.0,842743.0,842743.0,842743.0,842743.0,842743.0,842743.0,842743.0,842743.0,842743.0,842743.0,842743.0,842743.0,842743.0,842743.0,842743.0,842743.0,842743.0,842743.0,842743.0,842743.0,842743.0,842743.0,842743.0,842743.0,842743.0,842743.0,842743.0,842743.0,842743.0,842743.0,842743.0,842743.0,842743.0,842743.0,842743.0,842743.0,842743.0,842743.0,842743.0,842743.0,842743.0,842743.0,842743.0,842743.0,842743.0,842743.0,842743.0,842743.0,842743.0,842743.0,842743.0,842743.0,842743.0,842743.0,842743.0,842743.0,842743.0,842743.0,842743.0,842743.0,842743.0,842743.0,842743.0,842743.0,842743.0,842743.0,842743.0,842743.0,842743.0,842743.0,842743.0,842743.0,842743.0,842743.0,842743.0,842743.0,842743.0,842743.0,842743.0,842743.0,842743.0,842743.0,842743.0,842743.0,842743.0,842743.0,842743.0,842743.0,842743.0,842743.0,842743.0,842743.0,842743.0,842743.0,842743.0,842743.0,842743.0,842743.0,842743.0,842743.0,842743.0,842743.0,842743.0,842743.0,842743.0,842743.0,842743.0,842743.0,842743.0,842743.0,842743.0,842743.0,842743.0,842743.0,842743.0,842743.0,842743.0,842743.0,842743.0,842743.0,842743.0,,,,,,,,,842743.0,842743.0,842743.0,842743.0,842743.0,842743.0,842743.0,842743.0,842743.0,842743.0,842743.0,842743.0,842743.0,842743.0,842743.0,842743.0,842743.0,842743.0,842743.0,842743.0,842743.0,842743.0,842743.0,842743.0,842743.0,842743.0,842743.0,842743.0,842743.0,842743.0,842743.0,842743.0,842743.0,842743.0,842743.0,842743.0,842743.0,842743.0,842743.0,842743.0,842743.0,842743.0,842743.0,842743.0,842743.0,842743.0,842743.0,842743.0,842743.0,842743.0,842743.0,842743.0,842743.0,842743.0,842743.0,842743.0,842743.0,842743.0,842743.0,842743.0,842743.0,842743.0,842743.0,842743.0,842743.0,842743.0,842743.0,842743.0,842743.0,842743.0,842743.0,842743
6osiNN0IYeY,28899.0,28900.0,28902.0,28904.0,28904.0,28904.0,28904.0,28908.0,28905.0,28905.0,28905.0,28905.0,28905.0,28906.0,28906.0,28906.0,28906.0,28907.0,28907.0,28907.0,28909.0,28910.0,28910.0,28910.0,28911.0,28911.0,28911.0,28911.0,28912.0,28912.0,28913.0,28913.0,28914.0,28914.0,28916.0,28916.0,28916.0,28916.0,28916.0,28916.0,28916.0,28916.0,28916.0,28917.0,28917.0,28917.0,28917.0,28917.0,28918.0,28918.0,28918.0,28918.0,28918.0,28918.0,28918.0,28918.0,28918.0,28919.0,28919.0,28919.0,28919.0,28919.0,28919.0,28919.0,28920.0,28920.0,28920.0,28920.0,28920.0,28920.0,28920.0,28920.0,28920.0,28920.0,28920.0,28920.0,28920.0,28921.0,28921.0,28921.0,28922.0,28923.0,28923.0,28924.0,28924.0,28924.0,28924.0,28926.0,28926.0,28926.0,28926.0,28926.0,28926.0,28926.0,28926.0,28926.0,28926.0,28929.0,28929.0,28929.0,28929.0,28930.0,28930.0,28930.0,28930.0,28930.0,28930.0,28930.0,28930.0,28930.0,28930.0,28930.0,28930.0,28930.0,28930.0,28930.0,28930.0,28930.0,28930.0,28930.0,28930.0,28930.0,28930.0,28930.0,28930.0,28930.0,28931.0,28931.0,28931.0,28932.0,28932.0,28932.0,28933.0,28935.0,,,,,,,,,28937.0,28937.0,28938.0,28938.0,28938.0,28938.0,28939.0,28939.0,28939.0,28940.0,28940.0,28940.0,28940.0,28941.0,28941.0,28941.0,28942.0,28943.0,28943.0,28943.0,28944.0,28945.0,28945.0,28945.0,28945.0,28945.0,28946.0,28946.0,28946.0,28946.0,28946.0,28947.0,28947.0,28948.0,28949.0,28949.0,28949.0,28949.0,28950.0,28950.0,28950.0,28950.0,28950.0,28951.0,28951.0,28951.0,28951.0,28951.0,28952.0,28952.0,28952.0,28952.0,28954.0,28954.0,28955.0,28955.0,28955.0,28955.0,28956.0,28957.0,28958.0,28958.0,28958.0,28958.0,28958.0,28958.0,28958.0,28958.0,28958.0,28958.0,28959.0,28959
UsJFs7RtkmE,275544.0,276560.0,277789.0,278534.0,279570.0,280367.0,281200.0,282008.0,282801.0,283466.0,284134.0,284832.0,285410.0,285991.0,286561.0,287089.0,287611.0,288013.0,288597.0,289185.0,289758.0,290508.0,291097.0,291656.0,292113.0,292625.0,293171.0,293649.0,294178.0,294696.0,295101.0,295472.0,295862.0,296311.0,296760.0,297272.0,297749.0,298211.0,298585.0,299049.0,299431.0,299932.0,300364.0,300864.0,301265.0,301660.0,302131.0,302537.0,303018.0,303447.0,303968.0,304441.0,305002.0,305508.0,306036.0,306472.0,307010.0,307466.0,307886.0,308285.0,308808.0,309425.0,310034.0,310545.0,311001.0,311539.0,311983.0,312466.0,312988.0,313663.0,314369.0,314900.0,315424.0,315988.0,316610.0,317255.0,317913.0,318575.0,319165.0,319678.0,320103.0,320666.0,321318.0,321998.0,322635.0,323314.0,323863.0,324414.0,325170.0,325828.0,326553.0,327217.0,327830.0,328531.0,329081.0,329827.0,330530.0,331178.0,331894.0,332593.0,333128.0,333603.0,334228.0,334898.0,335649.0,336298.0,337042.0,337679.0,338192.0,338762.0,339353.0,340081.0,340900.0,341532.0,342193.0,342724.0,343376.0,343918.0,344514.0,345030.0,345546.0,345997.0,346417.0,346800.0,347354.0,347914.0,348518.0,349214.0,349962.0,350695.0,351433.0,352159.0,352916.0,353708.0,,,,,,,,,360184.0,360712.0,361245.0,361899.0,362540.0,363203.0,363641.0,364036.0,364514.0,365039.0,365582.0,366078.0,366759.0,367282.0,367721.0,368044.0,368512.0,368997.0,369562.0,369959.0,370355.0,370695.0,371092.0,371477.0,371784.0,372119.0,372428.0,372766.0,373116.0,373366.0,373663.0,373988.0,374357.0,374664.0,374971.0,375208.0,375469.0,375768.0,376038.0,376333.0,376646.0,376945.0,377232.0,377484.0,377767.0,378105.0,378476.0,378882.0,379280.0,379603.0,379865.0,380220.0,380582.0,380982.0,381372.0,381770.0,382122.0,382420.0,382835.0,383251.0,383633.0,383903.0,384245.0,384594.0,384870.0,385255.0,385674.0,386113.0,386454.0,386842.0,387214.0,387547
Ss7aZxzqDaM,1244830.0,1245165.0,1245461.0,1245743.0,1246061.0,1246408.0,1246803.0,1247156.0,1247541.0,1247912.0,1248314.0,1248645.0,1249050.0,1249436.0,1249760.0,1250124.0,1250429.0,1250748.0,1251074.0,1251368.0,1251739.0,1252172.0,1252582.0,1252970.0,1253284.0,1253642.0,1253946.0,1254283.0,1254677.0,1255107.0,1255594.0,1255966.0,1256328.0,1256631.0,1256983.0,1257419.0,1257842.0,1258243.0,1258585.0,1258961.0,1259308.0,1259622.0,1260090.0,1260497.0,1260944.0,1261264.0,1261706.0,1262075.0,1262419.0,1262794.0,1263215.0,1263608.0,1263936.0,1264339.0,1264679.0,1265049.0,1265407.0,1265839.0,1266270.0,1266780.0,1267191.0,1267604.0,1268022.0,1268495.0,1268926.0,1269374.0,1269717.0,1270090.0,1270393.0,1270898.0,1271342.0,1271701.0,1272082.0,1272477.0,1272960.0,1273378.0,1273834.0,1274333.0,1274798.0,1275219.0,1275565.0,1275969.0,1276412.0,1276794.0,1277152.0,1277565.0,1277961.0,1278354.0,1278762.0,1279211.0,1279651.0,1280067.0,1280498.0,1280913.0,1281347.0,1281813.0,1282189.0,1282587.0,1283013.0,1283341.0,1283816.0,1284196.0,1284643.0,1285064.0,1285435.0,1285938.0,1286418.0,1286875.0,1287319.0,1287750.0,1288160.0,1288564.0,1288918.0,1289396.0,1289853.0,1290235.0,1290603.0,1291111.0,1291545.0,1291964.0,1292358.0,1292741.0,1293093.0,1293464.0,1293847.0,1294265.0,1294650.0,1295083.0,1295463.0,1295844.0,1296212.0,1296638.0,1297002.0,1297419.0,,,,,,,,,1301133.0,1301529.0,1301928.0,1302326.0,1302725.0,1303078.0,1303444.0,1303775.0,1304050.0,1304417.0,1304831.0,1305271.0,1305729.0,1306090.0,1306483.0,1306859.0,1307168.0,1307546.0,1307898.0,1308217.0,1308511.0,1308844.0,1309173.0,1309496.0,1309824.0,1310132.0,1310533.0,1310940.0,1311263.0,1311585.0,1311836.0,1312187.0,1312540.0,1312915.0,1313251.0,1313603.0,1313976.0,1314332.0,1314704.0,1315046.0,1315422.0,1315815.0,1316162.0,1316514.0,1316954.0,1317365.0,1317789.0,1318266.0,1318796.0,1319247.0,1319654.0,1320086.0,1320515.0,1320952.0,1321309.0,1321711.0,1322076.0,1322430.0,1322864.0,1323229.0,1323668.0,1324026.0,1324394.0,1324795.0,1325155.0,1325568.0,1325950.0,1326356.0,1326689.0,1326993.0,1327336.0,1327659
KTAdIVdMwuQ,1916434.0,1916688.0,1916891.0,1917139.0,1917389.0,1917667.0,1917963.0,1918261.0,1918567.0,1918849.0,1919143.0,1919462.0,1919761.0,1920053.0,1920387.0,1920658.0,1920899.0,1921159.0,1921411.0,1921700.0,1921963.0,1922223.0,1922418.0,1922639.0,1922826.0,1923054.0,1923273.0,1923525.0,1923793.0,1924044.0,1924245.0,1924466.0,1924757.0,1925014.0,1925255.0,1925495.0,1925749.0,1926014.0,1926253.0,1926602.0,1926907.0,1927148.0,1927405.0,1927627.0,1927899.0,1928127.0,1928379.0,1928622.0,1928892.0,1929171.0,1929449.0,1929731.0,1930002.0,1930277.0,1930549.0,1930889.0,1931150.0,1931433.0,1931703.0,1931974.0,1932222.0,1932524.0,1932827.0,1933098.0,1933471.0,1933777.0,1934033.0,1934290.0,1934515.0,1934842.0,1935200.0,1935575.0,1935936.0,1936223.0,1936540.0,1936860.0,1937147.0,1937398.0,1937685.0,1937984.0,1938239.0,1938508.0,1938792.0,1939042.0,1939267.0,1939515.0,1939743.0,1940004.0,1940211.0,1940499.0,1940779.0,1941031.0,1941296.0,1941571.0,1941807.0,1942025.0,1942280.0,1942510.0,1942712.0,1942927.0,1943138.0,1943344.0,1943553.0,1943810.0,1944008.0,1944202.0,1944418.0,1944604.0,1944812.0,1945067.0,1945277.0,1945507.0,1945731.0,1946017.0,1946270.0,1946524.0,1946774.0,1946981.0,1947172.0,1947403.0,1947622.0,1947835.0,1948074.0,1948250.0,1948466.0,1948691.0,1948903.0,1949180.0,1949410.0,1949639.0,1949871.0,1950086.0,1950294.0,1950498.0,,,,,,,,,1952373.0,1952568.0,1952775.0,1952989.0,1953221.0,1953442.0,1953648.0,1953855.0,1954078.0,1954317.0,1954547.0,1954794.0,1955034.0,1955219.0,1955450.0,1955630.0,1955846.0,1956049.0,1956264.0,1956473.0,1956662.0,1956836.0,1957012.0,1957187.0,1957397.0,1957605.0,1957850.0,1958029.0,1958215.0,1958372.0,1958573.0,1958784.0,1958969.0,1959179.0,1959369.0,1959568.0,1959768.0,1960008.0,1960253.0,1960467.0,1960698.0,1960920.0,1961160.0,1961346.0,1961551.0,1961790.0,1962027.0,1962265.0,1962501.0,1962692.0,1962889.0,1963076.0,1963271.0,1963466.0,1963665.0,1963839.0,1964027.0,1964207.0,1964397.0,1964588.0,1964748.0,1964909.0,1965052.0,1965210.0,1965408.0,1965607.0,1965804.0,1966003.0,1966194.0,1966379.0,1966562.0,1966754
BNFEZqlYs4Y,581914.0,582693.0,583410.0,584086.0,584865.0,585662.0,586451.0,587211.0,588024.0,588777.0,589354.0,590504.0,591334.0,591994.0,592578.0,593493.0,594305.0,595023.0,595991.0,596824.0,597603.0,598400.0,599293.0,600022.0,600643.0,601346.0,602072.0,602850.0,603542.0,604232.0,604862.0,605409.0,606125.0,606832.0,607586.0,608367.0,609129.0,609737.0,610235.0,610901.0,611537.0,612176.0,612849.0,613465.0,614030.0,614546.0,615135.0,615792.0,616424.0,617130.0,617808.0,618339.0,618945.0,619572.0,620304.0,620995.0,621704.0,622374.0,622941.0,623384.0,624044.0,624663.0,625422.0,626105.0,626821.0,627493.0,628017.0,628798.0,629360.0,630301.0,630965.0,631676.0,632251.0,632788.0,633645.0,634455.0,635235.0,636073.0,636897.0,637747.0,638360.0,639300.0,640340.0,641130.0,642006.0,643000.0,643743.0,644395.0,645358.0,646229.0,647035.0,648165.0,649180.0,649838.0,650511.0,651464.0,652293.0,653158.0,654092.0,654994.0,655629.0,656330.0,657036.0,657869.0,658629.0,659488.0,660318.0,661003.0,661625.0,662624.0,663539.0,664477.0,665367.0,666411.0,667169.0,667853.0,668683.0,669719.0,670677.0,671503.0,672319.0,672993.0,673528.0,674098.0,674923.0,675610.0,676488.0,677154.0,677755.0,678364.0,679174.0,679895.0,680672.0,681335.0,,,,,,,,,687383.0,688035.0,688777.0,689639.0,690544.0,691373.0,692251.0,692860.0,693745.0,694608.0,695570.0,696483.0,697461.0,698373.0,699182.0,699852.0,700715.0,701495.0,702313.0,703237.0,703884.0,704525.0,705090.0,705951.0,706605.0,707334.0,707986.0,708553.0,709232.0,709901.0,710521.0,711297.0,711997.0,712866.0,713607.0,714225.0,714779.0,715431.0,716119.0,716881.0,717677.0,718419.0,718972.0,719505.0,720262.0,721046.0,721927.0,723190.0,724173.0,724970.0,725681.0,726427.0,727315.0,728189.0,728815.0,729628.0,730237.0,730794.0,731499.0,732227.0,732860.0,733342.0,733921.0,734485.0,734996.0,735674.0,736305.0,736978.0,737463.0,738211.0,738713.0,739212
8B78yA6OJJY,2560.0,2560.0,2563.0,2564.0,2565.0,2565.0,2568.0,2569.0,2571.0,2571.0,2572.0,2572.0,2573.0,2575.0,2575.0,2575.0,2575.0,2575.0,2575.0,2576.0,2576.0,2577.0,2577.0,2577.0,2578.0,2579.0,2580.0,2581.0,2582.0,2582.0,2582.0,2582.0,2582.0,2583.0,2583.0,2583.0,2584.0,2584.0,2584.0,2584.0,2584.0,2584.0,2584.0,2584.0,2585.0,2588.0,2590.0,2591.0,2592.0,2593.0,2593.0,2593.0,2594.0,2600.0,2600.0,2604.0,2606.0,2608.0,2608.0,2610.0,2610.0,2612.0,2612.0,2613.0,2614.0,2616.0,2616.0,2621.0,2621.0,2624.0,2625.0,2625.0,2627.0,2631.0,2634.0,2636.0,2636.0,2639.0,2640.0,2641.0,2642.0,2643.0,2644.0,2649.0,2650.0,2651.0,2653.0,2653.0,2653.0,2655.0,2656.0,2657.0,2657.0,2658.0,2661.0,2662.0,2662.0,2662.0,2663.0,2664.0,2666.0,2666.0,2670.0,2671.0,2673.0,2673.0,2674.0,2676.0,2676.0,2678.0,2678.0,2678.0,2678.0,2679.0,2680.0,2680.0,2681.0,2682.0,2682.0,2682.0,2683.0,2684.0,2685.0,2686.0,2686.0,2686.0,2687.0,2687.0,2689.0,2692.0,2694.0,2694.0,2696.0,2697.0,,,,,,,,,2711.0,2712.0,2714.0,2715.0,2716.0,2718.0,2720.0,2723.0,2725.0,2729.0,2730.0,2731.0,2731.0,2732.0,2732.0,2734.0,2735.0,2736.0,2736.0,2741.0,2742.0,2744.0,2744.0,2745.0,2746.0,2746.0,2747.0,2748.0,2748.0,2748.0,2748.0,2749.0,2750.0,2750.0,2752.0,2754.0,2755.0,2756.0,2758.0,2760.0,2763.0,2765.0,2767.0,2769.0,2771.0,2774.0,2775.0,2781.0,2786.0,2788.0,2791.0,2793.0,2793.0,2794.0,2797.0,2797.0,2800.0,2801.0,2802.0,2804.0,2806.0,2806.0,2806.0,2807.0,2808.0,2809.0,2809.0,2810.0,2811.0,2813.0,2817.0,2818
IRgo16O04zs,1790751.0,1790751.0,1790751.0,1790751.0,1790751.0,1790751.0,1790751.0,1790751.0,1790751.0,1790751.0,1790751.0,1790751.0,1790751.0,1790751.0,1790751.0,1790751.0,1790751.0,1790751.0,1790751.0,1790751.0,1790751.0,1790751.0,1790751.0,1790751.0,1790751.0,1790751.0,1790751.0,1790751.0,1790751.0,1790751.0,1790751.0,1790751.0,1790751.0,1790751.0,1790751.0,1790751.0,1790751.0,1790751.0,1790751.0,1790751.0,1790751.0,1790751.0,1790751.0,1790751.0,1790751.0,1790751.0,1790751.0,1790751.0,1790751.0,1790751.0,1790751.0,1790751.0,1790751.0,1790751.0,1790751.0,1790751.0,1790751.0,1790751.0,1790751.0,1790751.0,1790751.0,1790751.0,1790751.0,1790751.0,1790751.0,1790751.0,1790751.0,1790751.0,1790751.0,1790751.0,1790751.0,1790751.0,1790751.0,1790751.0,1790751.0,1790751.0,1790751.0,1790751.0,1790751.0,1790751.0,1790751.0,1790751.0,1790751.0,1790751.0,1790751.0,1790751.0,1790751.0,1790751.0,1790751.0,1790751.0,1790751.0,1790751.0,1790751.0,1790751.0,1790751.0,1790751.0,1790751.0,1790751.0,1790751.0,1790751.0,1790751.0,1790751.0,1790751.0,1790751.0,1790751.0,1790751.0,1790751.0,1790751.0,1790751.0,1790751.0,1790751.0,1790751.0,1790751.0,1790751.0,1790751.0,1790751.0,1790751.0,1790751.0,1790751.0,1790751.0,1790751.0,1790751.0,1790751.0,1790751.0,1790751.0,1790751.0,1790751.0,1790751.0,1790751.0,1790751.0,1790751.0,1790751.0,1790751.0,1790751.0,,,,,,,,,1790751.0,1790751.0,1790751.0,1790751.0,1790751.0,1790751.0,1790751.0,1790751.0,1790751.0,1790751.0,1790751.0,1790751.0,1790751.0,1790751.0,1790751.0,1790751.0,1790751.0,1790751.0,1790751.0,1790751.0,1790751.0,1790751.0,1790751.0,1790751.0,1790751.0,1790751.0,1790751.0,1790751.0,1790751.0,1790751.0,1790751.0,1790751.0,1790751.0,1790751.0,1790751.0,1790751.0,1790751.0,1790751.0,1790751.0,1790751.0,1790751.0,1790751.0,1790751.0,1790751.0,1790751.0,1790751.0,1790751.0,1790751.0,1790751.0,1790751.0,1790751.0,1790751.0,1790751.0,1790751.0,1790751.0,1790751.0,1790751.0,1790751.0,1790751.0,1790751.0,1790751.0,1790751.0,1790751.0,1790751.0,1790751.0,1790751.0,1790751.0,1790751.0,1790751.0,1790751.0,1790751.0,1790751
m1VPaslrFmU,100040.0,100047.0,100066.0,100078.0,100093.0,100107.0,100125.0,100141.0,100148.0,100172.0,100193.0,100212.0,100226.0,100233.0,100255.0,100281.0,100294.0,100307.0,100319.0,100330.0,100345.0,100362.0,100371.0,100390.0,100411.0,100418.0,100436.0,100444.0,100454.0,100463.0,100469.0,100477.0,100483.0,100489.0,100498.0,100516.0,100527.0,100539.0,100551.0,100559.0,100568.0,100580.0,100588.0,100601.0,100617.0,100627.0,100639.0,100650.0,100666.0,100672.0,100682.0,100698.0,100709.0,100724.0,100736.0,100748.0,100763.0,100772.0,100782.0,100796.0,100810.0,100825.0,100835.0,100843.0,100849.0,100855.0,100872.0,100878.0,100892.0,100907.0,100913.0,100919.0,100938.0,100949.0,100958.0,100963.0,100977.0,100992.0,101003.0,101014.0,101022.0,101028.0,101033.0,101046.0,101057.0,101060.0,101067.0,101076.0,101088.0,101100.0,101110.0,101118.0,101124.0,101142.0,101154.0,101160.0,101169.0,101179.0,101182.0,101188.0,101196.0,101208.0,101215.0,101226.0,101240.0,101247.0,101256.0,101268.0,101277.0,101287.0,101298.0,101308.0,101319.0,101325.0,101336.0,101347.0,101356.0,101362.0,101376.0,101385.0,101393.0,101407.0,101423.0,101434.0,101444.0,101451.0,101460.0,101472.0,101483.0,101495.0,101501.0,101508.0,101509.0,101514.0,,,,,,,,,101587.0,101594.0,101602.0,101607.0,101616.0,101626.0,101632.0,101640.0,101655.0,101664.0,101675.0,101681.0,101685.0,101695.0,101702.0,101706.0,101709.0,101716.0,101719.0,101725.0,101734.0,101744.0,101753.0,101756.0,101762.0,101770.0,101777.0,101780.0,101790.0,101806.0,101813.0,101819.0,101832.0,101841.0,101850.0,101859.0,101871.0,101881.0,101895.0,101909.0,101918.0,101926.0,101932.0,101935.0,101941.0,101954.0,101962.0,101969.0,101976.0,101983.0,101995.0,101999.0,102004.0,102018.0,102021.0,102026.0,102036.0,102047.0,102058.0,102063.0,102067.0,102074.0,102092.0,102101.0,102108.0,102114.0,102122.0,102128.0,102134.0,102143.0,102152.0,102159
JSkVbD2Rp-o,2565409.0,2566251.0,2567040.0,2567792.0,2568577.0,2569407.0,2570491.0,2571381.0,2572429.0,2573236.0,2574025.0,2574934.0,2575874.0,2576868.0,2577775.0,2578872.0,2579620.0,2580233.0,2581081.0,2581848.0,2582844.0,2583811.0,2584839.0,2585722.0,2586608.0,2587497.0,2588367.0,2589170.0,2590216.0,2591147.0,2591932.0,2592584.0,2593427.0,2594271.0,2595108.0,2596084.0,2596918.0,2597775.0,2598475.0,2599291.0,2600117.0,2601157.0,2602085.0,2602932.0,2603768.0,2604513.0,2605286.0,2606142.0,2607049.0,2607838.0,2608750.0,2609532.0,2610227.0,2610988.0,2611802.0,2612590.0,2613410.0,2614173.0,2614984.0,2615665.0,2616498.0,2617375.0,2618278.0,2619114.0,2619992.0,2620787.0,2621452.0,2622300.0,2623024.0,2624219.0,2625225.0,2625996.0,2626828.0,2627607.0,2628450.0,2629327.0,2630289.0,2631465.0,2632537.0,2633499.0,2634187.0,2635100.0,2636182.0,2637196.0,2638294.0,2639322.0,2640117.0,2640890.0,2641727.0,2642616.0,2643463.0,2644368.0,2645476.0,2646320.0,2647007.0,2647839.0,2648815.0,2649657.0,2650686.0,2651617.0,2652432.0,2653118.0,2653969.0,2654857.0,2655780.0,2656712.0,2657679.0,2658615.0,2659444.0,2660530.0,2661521.0,2662603.0,2663661.0,2664741.0,2665618.0,2666357.0,2667294.0,2668199.0,2669289.0,2670150.0,2671110.0,2672034.0,2672841.0,2673658.0,2674544.0,2675578.0,2676622.0,2677674.0,2678635.0,2679503.0,2680465.0,2681387.0,2682486.0,2683433.0,,,,,,,,,2691889.0,2692588.0,2693657.0,2694575.0,2695420.0,2696467.0,2697310.0,2697989.0,2698922.0,2699787.0,2700877.0,2701971.0,2703019.0,2704055.0,2704933.0,2705675.0,2706628.0,2707613.0,2708443.0,2709381.0,2710321.0,2711184.0,2711991.0,2712689.0,2713517.0,2714410.0,2715349.0,2716336.0,2717121.0,2718006.0,2718938.0,2719904.0,2720897.0,2721816.0,2722731.0,2723583.0,2724253.0,2725072.0,2725931.0,2726741.0,2727516.0,2728419.0,2729251.0,2729894.0,2730639.0,2731477.0,2732349.0,2733219.0,2734092.0,2734879.0,2735530.0,2736343.0,2737133.0,2737975.0,2738836.0,2739603.0,2740562.0,2741486.0,2742664.0,2743904.0,2745091.0,2745992.0,2747052.0,2748188.0,2749178.0,2750313.0,2751450.0,2752585.0,2753470.0,2754644.0,2755898.0,2757112
nJbJlJua0Zo,672247.0,672558.0,672937.0,673295.0,673708.0,674154.0,674574.0,675009.0,675488.0,675918.0,676272.0,676665.0,677049.0,677487.0,677900.0,678287.0,678644.0,679009.0,679385.0,679743.0,680150.0,680569.0,681017.0,681488.0,681845.0,682310.0,682686.0,683045.0,683443.0,683820.0,684215.0,684533.0,684889.0,685241.0,685619.0,686074.0,686459.0,686833.0,687141.0,687518.0,687988.0,688450.0,688872.0,689248.0,689641.0,689972.0,690320.0,690788.0,691138.0,691559.0,691992.0,692384.0,692712.0,693074.0,693413.0,693796.0,694269.0,694640.0,694995.0,695269.0,695645.0,695996.0,696369.0,696717.0,697037.0,697414.0,697676.0,698033.0,698339.0,698749.0,699161.0,699484.0,699780.0,700027.0,700366.0,700739.0,701085.0,701350.0,701681.0,701989.0,702210.0,702499.0,702782.0,703145.0,703447.0,703768.0,704019.0,704370.0,704675.0,705041.0,705363.0,705711.0,706110.0,706424.0,706735.0,707047.0,707400.0,707710.0,708045.0,708280.0,708558.0,708789.0,709007.0,709307.0,709616.0,709897.0,710190.0,710504.0,710842.0,711157.0,711427.0,711755.0,712058.0,712441.0,712717.0,712943.0,713260.0,713560.0,713834.0,714087.0,714416.0,714636.0,714899.0,715145.0,715455.0,715755.0,716004.0,716309.0,716605.0,716906.0,717268.0,717535.0,717838.0,718150.0,,,,,,,,,720817.0,721061.0,721303.0,721543.0,721806.0,722086.0,722319.0,722582.0,722793.0,723087.0,723303.0,723463.0,723735.0,723928.0,724144.0,724345.0,724543.0,724812.0,724984.0,725223.0,725453.0,725665.0,725906.0,726132.0,726277.0,726594.0,726872.0,727093.0,727328.0,727525.0,727734.0,727970.0,728180.0,728405.0,728682.0,728885.0,729078.0,729259.0,729501.0,729710.0,729971.0,730202.0,730392.0,730603.0,730826.0,731115.0,731350.0,731629.0,731875.0,732078.0,732282.0,732499.0,732718.0,732991.0,733227.0,733497.0,733751.0,733990.0,734225.0,734454.0,734706.0,734858.0,735048.0,735246.0,735419.0,735613.0,735862.0,736074.0,736270.0,736448.0,736630.0,736830
91h4enZ1N30,297218.0,297275.0,297341.0,297411.0,297493.0,297587.0,297647.0,297724.0,297814.0,297900.0,297995.0,298058.0,298148.0,298228.0,298304.0,298389.0,298466.0,298519.0,298592.0,298653.0,298744.0,298827.0,298906.0,299000.0,299076.0,299159.0,299263.0,299358.0,299466.0,299535.0,299608.0,299681.0,299774.0,299838.0,299906.0,299997.0,300072.0,300143.0,300214.0,300291.0,300359.0,300454.0,300537.0,300645.0,300732.0,300812.0,300913.0,300991.0,301065.0,301137.0,301251.0,301322.0,301422.0,301499.0,301577.0,301668.0,301758.0,301861.0,301943.0,302034.0,302147.0,302219.0,302305.0,302379.0,302444.0,302527.0,302594.0,302662.0,302715.0,302790.0,302872.0,302953.0,303030.0,303079.0,303171.0,303240.0,303338.0,303399.0,303476.0,303539.0,303591.0,303650.0,303701.0,303770.0,303847.0,303907.0,303968.0,304020.0,304084.0,304152.0,304211.0,304271.0,304331.0,304385.0,304442.0,304498.0,304568.0,304637.0,304723.0,304785.0,304852.0,304900.0,304964.0,305033.0,305099.0,305176.0,305227.0,305283.0,305338.0,305396.0,305473.0,305555.0,305633.0,305684.0,305750.0,305799.0,305876.0,305958.0,306025.0,306084.0,306157.0,306220.0,306302.0,306383.0,306476.0,306569.0,306644.0,306695.0,306759.0,306821.0,306883.0,306952.0,307004.0,307095.0,,,,,,,,,307723.0,307796.0,307877.0,307939.0,308008.0,308067.0,308123.0,308172.0,308230.0,308298.0,308372.0,308441.0,308497.0,308547.0,308584.0,308637.0,308673.0,308736.0,308776.0,308831.0,308886.0,308924.0,308967.0,309013.0,309065.0,309106.0,309156.0,309196.0,309224.0,309286.0,309332.0,309396.0,309446.0,309512.0,309563.0,309609.0,309678.0,309726.0,309775.0,309826.0,309877.0,309922.0,309977.0,310027.0,310076.0,310136.0,310198.0,310284.0,310337.0,310395.0,310455.0,310515.0,310567.0,310617.0,310667.0,310733.0,310775.0,310816.0,310860.0,310908.0,310946.0,310985.0,311042.0,311099.0,311130.0,311180.0,311229.0,311272.0,311323.0,311386.0,311455.0,311501
HeRXByORU-4,10509.0,10509.0,10510.0,10510.0,10510.0,10510.0,10510.0,10510.0,10511.0,10512.0,10513.0,10513.0,10513.0,10513.0,10513.0,10513.0,10514.0,10514.0,10514.0,10514.0,10515.0,10515.0,10515.0,10515.0,10515.0,10515.0,10515.0,10516.0,10516.0,10516.0,10516.0,10516.0,10516.0,10516.0,10516.0,10517.0,10517.0,10517.0,10518.0,10518.0,10518.0,10518.0,10518.0,10518.0,10519.0,10519.0,10519.0,10519.0,10519.0,10520.0,10520.0,10521.0,10521.0,10522.0,10522.0,10523.0,10523.0,10523.0,10523.0,10523.0,10523.0,10524.0,10524.0,10524.0,10525.0,10525.0,10525.0,10525.0,10525.0,10525.0,10525.0,10525.0,10525.0,10525.0,10525.0,10525.0,10525.0,10525.0,10527.0,10527.0,10529.0,10529.0,10529.0,10529.0,10529.0,10529.0,10529.0,10529.0,10529.0,10529.0,10529.0,10529.0,10529.0,10529.0,10529.0,10529.0,10529.0,10530.0,10530.0,10530.0,10530.0,10530.0,10531.0,10531.0,10533.0,10535.0,10536.0,10536.0,10536.0,10536.0,10536.0,10537.0,10537.0,10537.0,10537.0,10538.0,10538.0,10538.0,10538.0,10538.0,10538.0,10539.0,10540.0,10540.0,10540.0,10540.0,10540.0,10540.0,10540.0,10540.0,10540.0,10540.0,10540.0,10540.0,,,,,,,,,10544.0,10545.0,10545.0,10545.0,10545.0,10545.0,10546.0,10547.0,10546.0,10546.0,10549.0,10551.0,10552.0,10552.0,10553.0,10553.0,10553.0,10553.0,10553.0,10555.0,10555.0,10556.0,10556.0,10556.0,10556.0,10556.0,10556.0,10556.0,10556.0,10556.0,10556.0,10556.0,10557.0,10557.0,10557.0,10558.0,10558.0,10558.0,10558.0,10559.0,10559.0,10559.0,10559.0,10560.0,10560.0,10560.0,10560.0,10560.0,10561.0,10561.0,10562.0,10563.0,10563.0,10563.0,10563.0,10563.0,10563.0,10563.0,10563.0,10563.0,10563.0,10564.0,10565.0,10565.0,10565.0,10565.0,10566.0,10566.0,10567.0,10567.0,10567.0,10567
Hnc6cdqufUg,25804.0,25811.0,25825.0,25836.0,25842.0,25848.0,25858.0,25877.0,25892.0,25902.0,25913.0,25921.0,25928.0,25932.0,25939.0,25945.0,25951.0,25959.0,25963.0,25966.0,25975.0,25981.0,25994.0,25998.0,26003.0,26017.0,26022.0,26023.0,26027.0,26034.0,26038.0,26040.0,26044.0,26051.0,26057.0,26068.0,26079.0,26083.0,26093.0,26102.0,26107.0,26124.0,26127.0,26136.0,26145.0,26156.0,26162.0,26175.0,26187.0,26196.0,26198.0,26209.0,26225.0,26233.0,26248.0,26253.0,26260.0,26266.0,26275.0,26279.0,26286.0,26291.0,26302.0,26315.0,26322.0,26330.0,26332.0,26340.0,26348.0,26361.0,26369.0,26378.0,26385.0,26397.0,26403.0,26411.0,26417.0,26424.0,26426.0,26432.0,26437.0,26442.0,26450.0,26453.0,26461.0,26471.0,26477.0,26484.0,26494.0,26499.0,26502.0,26507.0,26515.0,26518.0,26523.0,26532.0,26537.0,26547.0,26551.0,26556.0,26561.0,26568.0,26574.0,26580.0,26588.0,26594.0,26601.0,26607.0,26612.0,26617.0,26622.0,26626.0,26630.0,26637.0,26641.0,26646.0,26649.0,26651.0,26655.0,26659.0,26663.0,26670.0,26681.0,26685.0,26687.0,26690.0,26694.0,26707.0,26711.0,26721.0,26726.0,26730.0,26735.0,26738.0,,,,,,,,,26809.0,26815.0,26824.0,26831.0,26836.0,26844.0,26851.0,26857.0,26862.0,26866.0,26873.0,26887.0,26900.0,26901.0,26906.0,26908.0,26912.0,26918.0,26921.0,26923.0,26925.0,26925.0,26928.0,26932.0,26935.0,26942.0,26947.0,26950.0,26953.0,26956.0,26962.0,26966.0,26972.0,26979.0,26985.0,26990.0,26997.0,27003.0,27007.0,27010.0,27013.0,27015.0,27018.0,27023.0,27029.0,27031.0,27034.0,27038.0,27046.0,27048.0,27050.0,27053.0,27058.0,27061.0,27068.0,27071.0,27073.0,27078.0,27083.0,27092.0,27098.0,27103.0,27107.0,27111.0,27118.0,27126.0,27135.0,27142.0,27143.0,27146.0,27153.0,27157
QF6B1YzRvTY,3497163.0,3497778.0,3498506.0,3499261.0,3500124.0,3500907.0,3501686.0,3502524.0,3503314.0,3504084.0,3504875.0,3505572.0,3506374.0,3507111.0,3507792.0,3508522.0,3509307.0,3509977.0,3510689.0,3511412.0,3512142.0,3512880.0,3513654.0,3514448.0,3515283.0,3515942.0,3516779.0,3517513.0,3518252.0,3518954.0,3519749.0,3520452.0,3521129.0,3521883.0,3522634.0,3523412.0,3524197.0,3524966.0,3525770.0,3526560.0,3527395.0,3528133.0,3528828.0,3529524.0,3530381.0,3531160.0,3531964.0,3532866.0,3533574.0,3534458.0,3535199.0,3536020.0,3536829.0,3537535.0,3538286.0,3539081.0,3539864.0,3540664.0,3541539.0,3542386.0,3543217.0,3544072.0,3544847.0,3545615.0,3546413.0,3547205.0,3547879.0,3548687.0,3549354.0,3550301.0,3551078.0,3551771.0,3552375.0,3553134.0,3553816.0,3554490.0,3555167.0,3555882.0,3556561.0,3557207.0,3557907.0,3558517.0,3559162.0,3559807.0,3560224.0,3560967.0,3561486.0,3562163.0,3562740.0,3563372.0,3564103.0,3564760.0,3565347.0,3566016.0,3566750.0,3567316.0,3567883.0,3568522.0,3569176.0,3569708.0,3570291.0,3570918.0,3571459.0,3572037.0,3572638.0,3573225.0,3573817.0,3574504.0,3575104.0,3575722.0,3576412.0,3577131.0,3577748.0,3578393.0,3579174.0,3579807.0,3580429.0,3581140.0,3581751.0,3582364.0,3583041.0,3583637.0,3584197.0,3584823.0,3585496.0,3586193.0,3586825.0,3587510.0,3588224.0,3588844.0,3589463.0,3590037.0,3590737.0,3591314.0,,,,,,,,,3597448.0,3598141.0,3598855.0,3599585.0,3600275.0,3600969.0,3601831.0,3602552.0,3603363.0,3604283.0,3605186.0,3605997.0,3606669.0,3607559.0,3608318.0,3608935.0,3609832.0,3610610.0,3611352.0,3612011.0,3612680.0,3613340.0,3613918.0,3614627.0,3615297.0,3615978.0,3616706.0,3617414.0,3618055.0,3618803.0,3619476.0,3620110.0,3620885.0,3621553.0,3622188.0,3622818.0,3623377.0,3623957.0,3624612.0,3625267.0,3625990.0,3626646.0,3627288.0,3627925.0,3628580.0,3629183.0,3629805.0,3630480.0,3631149.0,3631761.0,3632342.0,3632966.0,3633540.0,3634208.0,3634879.0,3635488.0,3636038.0,3636579.0,3637242.0,3637813.0,3638378.0,3638986.0,3639663.0,3640245.0,3640747.0,3641421.0,3642049.0,3642608.0,3643223.0,3643826.0,3644352.0,3644872
k01PRJY0ITA,323279.0,323337.0,323393.0,323440.0,323479.0,323539.0,323591.0,323634.0,323677.0,323719.0,323753.0,323806.0,323847.0,323897.0,323932.0,323986.0,324037.0,324083.0,324150.0,324211.0,324271.0,324340.0,324379.0,324415.0,324448.0,324487.0,324557.0,324599.0,324629.0,324671.0,324718.0,324781.0,324824.0,324878.0,324921.0,324960.0,325010.0,325049.0,325089.0,325130.0,325176.0,325228.0,325261.0,325308.0,325360.0,325404.0,325448.0,325492.0,325530.0,325572.0,325613.0,325646.0,325701.0,325735.0,325794.0,325846.0,325882.0,325925.0,325981.0,326042.0,326080.0,326126.0,326177.0,326225.0,326257.0,326291.0,326335.0,326391.0,326439.0,326485.0,326525.0,326568.0,326602.0,326637.0,326675.0,326729.0,326780.0,326825.0,326868.0,326910.0,326949.0,326994.0,327024.0,327054.0,327094.0,327130.0,327184.0,327225.0,327280.0,327317.0,327367.0,327425.0,327466.0,327508.0,327543.0,327589.0,327616.0,327648.0,327692.0,327741.0,327774.0,327805.0,327840.0,327872.0,327903.0,327941.0,327973.0,328015.0,328058.0,328125.0,328180.0,328232.0,328283.0,328330.0,328392.0,328449.0,328483.0,328536.0,328565.0,328609.0,328657.0,328709.0,328763.0,328813.0,328849.0,328889.0,328929.0,328972.0,329002.0,329048.0,329082.0,329115.0,329159.0,329185.0,,,,,,,,,329528.0,329561.0,329604.0,329641.0,329672.0,329706.0,329753.0,329787.0,329835.0,329871.0,329907.0,329956.0,330006.0,330033.0,330073.0,330103.0,330131.0,330160.0,330178.0,330212.0,330230.0,330261.0,330292.0,330337.0,330375.0,330407.0,330443.0,330500.0,330530.0,330571.0,330611.0,330643.0,330675.0,330713.0,330735.0,330773.0,330810.0,330847.0,330878.0,330924.0,330947.0,330977.0,331008.0,331050.0,331083.0,331134.0,331180.0,331207.0,331254.0,331278.0,331308.0,331340.0,331368.0,331408.0,331439.0,331476.0,331516.0,331541.0,331579.0,331618.0,331658.0,331684.0,331729.0,331755.0,331790.0,331813.0,331850.0,331877.0,331893.0,331925.0,331970.0,331990
38-cJT320aw,6619890.0,6621749.0,6623852.0,6625735.0,6627824.0,6630076.0,6632264.0,6634373.0,6636543.0,6638917.0,6641550.0,6644127.0,6646392.0,6648846.0,6651231.0,6653716.0,6656121.0,6658336.0,6660683.0,6663053.0,6665468.0,6668052.0,6670344.0,6672880.0,6675492.0,6677905.0,6680476.0,6683107.0,6685390.0,6688087.0,6690376.0,6692700.0,6695116.0,6697671.0,6700211.0,6702838.0,6705491.0,6708193.0,6710635.0,6713175.0,6715783.0,6718455.0,6721018.0,6723858.0,6726474.0,6729185.0,6731771.0,6734377.0,6737065.0,6739580.0,6742160.0,6744884.0,6747457.0,6750036.0,6752672.0,6755299.0,6757925.0,6760748.0,6763319.0,6766104.0,6769224.0,6772849.0,6775982.0,6779198.0,6782411.0,6785569.0,6788410.0,6791025.0,6793450.0,6796386.0,6798804.0,6801066.0,6803265.0,6805438.0,6807793.0,6810158.0,6812390.0,6814804.0,6817365.0,6819628.0,6821630.0,6824388.0,6826973.0,6829168.0,6831243.0,6833637.0,6835733.0,6837498.0,6839523.0,6841684.0,6843892.0,6846369.0,6848787.0,6851145.0,6853558.0,6855989.0,6858640.0,6861205.0,6863860.0,6866374.0,6868860.0,6871194.0,6873464.0,6875721.0,6878064.0,6880546.0,6883248.0,6886040.0,6888568.0,6890892.0,6893324.0,6895791.0,6898103.0,6900403.0,6902883.0,6905230.0,6907642.0,6910152.0,6912628.0,6915176.0,6917533.0,6919881.0,6922154.0,6924316.0,6926602.0,6928949.0,6931302.0,6933899.0,6936481.0,6939133.0,6941523.0,6943773.0,6946149.0,6948581.0,,,,,,,,,6972157.0,6974218.0,6976814.0,6978990.0,6980949.0,6982913.0,6984780.0,6986656.0,6988675.0,6990616.0,6992418.0,6994134.0,6995988.0,6998064.0,6999959.0,7001736.0,7003723.0,7005979.0,7008310.0,7010342.0,7012350.0,7014132.0,7015994.0,7017850.0,7019687.0,7021786.0,7023942.0,7026295.0,7028441.0,7030335.0,7032378.0,7034476.0,7036407.0,7038476.0,7040503.0,7042513.0,7044364.0,7046185.0,7048432.0,7050591.0,7052547.0,7054575.0,7056497.0,7058409.0,7060479.0,7062517.0,7064411.0,7066407.0,7068470.0,7070503.0,7072498.0,7074431.0,7076355.0,7078244.0,7080295.0,7082209.0,7084159.0,7086101.0,7088112.0,7090279.0,7092369.0,7094273.0,7096162.0,7097874.0,7099549.0,7101340.0,7103381.0,7105369.0,7107263.0,7109262.0,7111262.0,7113208
00rcdGyPZ9U,202070.0,202102.0,202123.0,202150.0,202186.0,202223.0,202257.0,202294.0,202342.0,202367.0,202410.0,202435.0,202465.0,202489.0,202531.0,202564.0,202584.0,202603.0,202622.0,202660.0,202683.0,202719.0,202745.0,202762.0,202805.0,202838.0,202869.0,202909.0,202937.0,202957.0,202985.0,203010.0,203035.0,203066.0,203105.0,203138.0,203171.0,203196.0,203226.0,203252.0,203277.0,203301.0,203323.0,203358.0,203395.0,203416.0,203452.0,203488.0,203517.0,203544.0,203569.0,203597.0,203626.0,203647.0,203672.0,203703.0,203732.0,203747.0,203785.0,203805.0,203831.0,203859.0,203884.0,203919.0,203947.0,203971.0,203993.0,204015.0,204051.0,204073.0,204102.0,204135.0,204161.0,204195.0,204227.0,204256.0,204298.0,204326.0,204351.0,204366.0,204393.0,204413.0,204442.0,204462.0,204493.0,204521.0,204541.0,204566.0,204585.0,204617.0,204643.0,204667.0,204699.0,204728.0,204750.0,204784.0,204816.0,204857.0,204887.0,204907.0,204927.0,204949.0,204981.0,205013.0,205049.0,205069.0,205105.0,205128.0,205153.0,205195.0,205237.0,205281.0,205309.0,205349.0,205375.0,205408.0,205438.0,205458.0,205486.0,205507.0,205529.0,205551.0,205583.0,205609.0,205642.0,205668.0,205690.0,205725.0,205751.0,205774.0,205801.0,205833.0,205867.0,205893.0,,,,,,,,,206155.0,206198.0,206230.0,206266.0,206303.0,206332.0,206350.0,206384.0,206406.0,206426.0,206457.0,206479.0,206494.0,206530.0,206556.0,206588.0,206609.0,206639.0,206654.0,206681.0,206705.0,206733.0,206766.0,206785.0,206817.0,206844.0,206873.0,206901.0,206930.0,206973.0,206997.0,207019.0,207045.0,207075.0,207109.0,207138.0,207164.0,207180.0,207207.0,207242.0,207268.0,207302.0,207327.0,207356.0,207378.0,207410.0,207441.0,207477.0,207502.0,207518.0,207534.0,207546.0,207562.0,207579.0,207602.0,207629.0,207657.0,207677.0,207698.0,207732.0,207745.0,207753.0,207773.0,207801.0,207813.0,207834.0,207850.0,207878.0,207896.0,207907.0,207934.0,207953
OlTFqCWx2Ng,1778520.0,1779040.0,1779614.0,1780131.0,1780612.0,1781174.0,1781685.0,1782231.0,1782872.0,1783486.0,1783975.0,1784574.0,1785170.0,1785734.0,1786270.0,1786786.0,1787323.0,1787891.0,1788377.0,1788868.0,1789339.0,1789830.0,1790391.0,1790928.0,1791541.0,1792033.0,1792645.0,1793207.0,1793859.0,1794312.0,1794836.0,1795331.0,1795883.0,1796460.0,1796985.0,1797559.0,1798109.0,1798720.0,1799309.0,1799810.0,1800370.0,1800872.0,1801429.0,1802016.0,1802531.0,1803020.0,1803583.0,1804167.0,1804663.0,1805187.0,1805726.0,1806230.0,1806798.0,1807299.0,1807918.0,1808481.0,1808993.0,1809669.0,1810284.0,1810798.0,1811374.0,1812018.0,1812590.0,1813061.0,1813612.0,1814162.0,1814661.0,1815202.0,1815619.0,1816320.0,1816875.0,1817396.0,1817818.0,1818298.0,1818793.0,1819342.0,1819747.0,1820290.0,1820863.0,1821343.0,1821763.0,1822314.0,1822811.0,1823190.0,1823637.0,1824120.0,1824532.0,1824940.0,1825463.0,1825989.0,1826540.0,1827060.0,1827531.0,1828110.0,1828686.0,1829061.0,1829664.0,1830227.0,1830751.0,1831353.0,1831873.0,1832331.0,1832908.0,1833337.0,1833950.0,1834454.0,1835030.0,1835590.0,1836130.0,1836645.0,1837247.0,1837754.0,1838344.0,1838929.0,1839557.0,1840125.0,1840777.0,1841358.0,1841996.0,1842577.0,1843094.0,1843672.0,1844244.0,1844779.0,1845275.0,1845859.0,1846346.0,1846892.0,1847455.0,1847978.0,1848522.0,1848970.0,1849518.0,1850043.0,,,,,,,,,1855026.0,1855566.0,1856043.0,1856685.0,1857202.0,1857731.0,1858214.0,1858741.0,1859225.0,1859641.0,1860133.0,1860581.0,1861058.0,1861525.0,1861920.0,1862332.0,1862794.0,1863292.0,1863833.0,1864285.0,1864760.0,1865282.0,1865707.0,1866168.0,1866634.0,1867157.0,1867614.0,1868185.0,1868576.0,1869145.0,1869590.0,1870060.0,1870624.0,1871120.0,1871650.0,1872125.0,1872662.0,1873118.0,1873612.0,1874180.0,1874662.0,1875151.0,1875678.0,1876273.0,1876741.0,1877233.0,1877762.0,1878299.0,1878820.0,1879264.0,1879701.0,1880216.0,1880688.0,1881256.0,1881753.0,1882218.0,1882745.0,1883190.0,1883687.0,1884166.0,1884742.0,1885188.0,1885737.0,1886216.0,1886676.0,1887162.0,1887649.0,1888069.0,1888516.0,1888964.0,1889430.0,1889865
yBGhhQq8YoU,766251.0,766367.0,766494.0,766615.0,766728.0,766829.0,766942.0,767096.0,767231.0,767373.0,767497.0,767633.0,767745.0,767855.0,768010.0,768187.0,768330.0,768443.0,768575.0,768686.0,768829.0,768984.0,769120.0,769257.0,769368.0,769483.0,769624.0,769745.0,769870.0,770012.0,770134.0,770227.0,770336.0,770457.0,770580.0,770697.0,770824.0,770939.0,771040.0,771150.0,771275.0,771413.0,771533.0,771653.0,771792.0,771906.0,772035.0,772161.0,772289.0,772404.0,772534.0,772655.0,772770.0,772872.0,773005.0,773118.0,773213.0,773328.0,773463.0,773557.0,773676.0,773801.0,773917.0,774005.0,774141.0,774244.0,774345.0,774454.0,774550.0,774661.0,774780.0,774877.0,774978.0,775079.0,775181.0,775280.0,775409.0,775529.0,775634.0,775791.0,775895.0,776048.0,776150.0,776303.0,776439.0,776555.0,776694.0,776797.0,776905.0,777035.0,777161.0,777304.0,777413.0,777499.0,777609.0,777730.0,777827.0,777940.0,778107.0,778282.0,778404.0,778510.0,778642.0,778762.0,778914.0,779015.0,779130.0,779237.0,779356.0,779486.0,779577.0,779717.0,779860.0,779992.0,780114.0,780239.0,780373.0,780498.0,780614.0,780721.0,780820.0,780934.0,781014.0,781132.0,781235.0,781386.0,781485.0,781583.0,781699.0,781830.0,781943.0,782067.0,782163.0,782268.0,,,,,,,,,783280.0,783388.0,783503.0,783619.0,783727.0,783847.0,783952.0,784062.0,784182.0,784282.0,784382.0,784492.0,784616.0,784735.0,784852.0,784948.0,785069.0,785187.0,785287.0,785381.0,785483.0,785586.0,785688.0,785778.0,785882.0,785989.0,786088.0,786176.0,786282.0,786395.0,786483.0,786575.0,786670.0,786753.0,786872.0,786958.0,787039.0,787150.0,787255.0,787364.0,787476.0,787585.0,787730.0,787845.0,787969.0,788078.0,788207.0,788337.0,788486.0,788588.0,788667.0,788753.0,788862.0,788974.0,789061.0,789178.0,789273.0,789360.0,789439.0,789529.0,789629.0,789734.0,789835.0,789912.0,790020.0,790126.0,790241.0,790329.0,790443.0,790544.0,790657.0,790764
2SLI56Xelsg,188994.0,189025.0,189054.0,189091.0,189115.0,189153.0,189178.0,189213.0,189251.0,189286.0,189325.0,189381.0,189402.0,189434.0,189483.0,189505.0,189540.0,189565.0,189603.0,189637.0,189666.0,189717.0,189745.0,189790.0,189826.0,189855.0,189892.0,189918.0,189946.0,189986.0,190024.0,190069.0,190097.0,190135.0,190172.0,190212.0,190236.0,190258.0,190279.0,190313.0,190341.0,190382.0,190412.0,190471.0,190515.0,190542.0,190572.0,190601.0,190631.0,190658.0,190689.0,190713.0,190756.0,190794.0,190833.0,190876.0,190914.0,190957.0,190986.0,191026.0,191069.0,191108.0,191139.0,191173.0,191201.0,191249.0,191285.0,191324.0,191355.0,191396.0,191434.0,191462.0,191481.0,191495.0,191537.0,191566.0,191596.0,191618.0,191647.0,191699.0,191747.0,191783.0,191810.0,191842.0,191860.0,191898.0,191921.0,191945.0,191979.0,192019.0,192052.0,192074.0,192100.0,192150.0,192164.0,192190.0,192230.0,192253.0,192285.0,192373.0,192405.0,192436.0,192468.0,192511.0,192537.0,192577.0,192610.0,192650.0,192680.0,192719.0,192758.0,192788.0,192830.0,192876.0,192914.0,192940.0,192956.0,192988.0,193030.0,193062.0,193100.0,193122.0,193142.0,193169.0,193188.0,193206.0,193235.0,193263.0,193277.0,193300.0,193330.0,193351.0,193380.0,193415.0,,,,,,,,,193643.0,193681.0,193720.0,193758.0,193786.0,193813.0,193833.0,193860.0,193885.0,193905.0,193923.0,193945.0,193962.0,193991.0,194016.0,194039.0,194062.0,194083.0,194097.0,194119.0,194142.0,194164.0,194177.0,194195.0,194211.0,194233.0,194251.0,194276.0,194295.0,194319.0,194351.0,194375.0,194401.0,194429.0,194454.0,194470.0,194496.0,194516.0,194534.0,194559.0,194584.0,194616.0,194645.0,194670.0,194692.0,194715.0,194742.0,194769.0,194786.0,194805.0,194820.0,194854.0,194879.0,194903.0,194917.0,194942.0,194978.0,194995.0,195012.0,195031.0,195057.0,195077.0,195097.0,195115.0,195144.0,195177.0,195205.0,195260.0,195286.0,195310.0,195330.0,195365
sUZwJpmVqoY,31474.0,31479.0,31486.0,31492.0,31499.0,31502.0,31513.0,31522.0,31530.0,31537.0,31541.0,31547.0,31561.0,31567.0,31581.0,31589.0,31596.0,31601.0,31606.0,31612.0,31620.0,31629.0,31639.0,31648.0,31654.0,31661.0,31666.0,31671.0,31675.0,31683.0,31689.0,31696.0,31700.0,31702.0,31706.0,31713.0,31721.0,31728.0,31734.0,31738.0,31744.0,31750.0,31755.0,31766.0,31769.0,31776.0,31783.0,31790.0,31792.0,31794.0,31799.0,31803.0,31805.0,31812.0,31817.0,31825.0,31831.0,31835.0,31840.0,31845.0,31846.0,31849.0,31853.0,31858.0,31861.0,31866.0,31872.0,31877.0,31880.0,31886.0,31894.0,31901.0,31902.0,31906.0,31911.0,31918.0,31923.0,31931.0,31936.0,31939.0,31945.0,31948.0,31957.0,31960.0,31967.0,31975.0,31979.0,31986.0,31995.0,31999.0,32002.0,32009.0,32018.0,32021.0,32024.0,32030.0,32036.0,32046.0,32049.0,32059.0,32064.0,32073.0,32078.0,32085.0,32090.0,32092.0,32098.0,32102.0,32112.0,32117.0,32123.0,32132.0,32138.0,32143.0,32151.0,32157.0,32161.0,32171.0,32177.0,32183.0,32191.0,32195.0,32203.0,32208.0,32213.0,32219.0,32223.0,32229.0,32237.0,32240.0,32246.0,32253.0,32260.0,32272.0,,,,,,,,,32333.0,32335.0,32337.0,32344.0,32347.0,32356.0,32363.0,32375.0,32391.0,32401.0,32419.0,32429.0,32443.0,32452.0,32460.0,32472.0,32489.0,32496.0,32507.0,32510.0,32515.0,32518.0,32521.0,32525.0,32530.0,32540.0,32544.0,32547.0,32553.0,32560.0,32568.0,32573.0,32581.0,32590.0,32596.0,32604.0,32609.0,32615.0,32617.0,32626.0,32629.0,32640.0,32646.0,32648.0,32655.0,32663.0,32665.0,32668.0,32677.0,32686.0,32696.0,32701.0,32705.0,32708.0,32713.0,32723.0,32733.0,32745.0,32759.0,32766.0,32775.0,32780.0,32784.0,32791.0,32795.0,32806.0,32812.0,32819.0,32826.0,32830.0,32833.0,32839
gxaDJ4Qed_I,14048.0,14048.0,14050.0,14052.0,14053.0,14054.0,14054.0,14055.0,14059.0,14060.0,14060.0,14061.0,14062.0,14062.0,14064.0,14065.0,14066.0,14067.0,14067.0,14068.0,14069.0,14069.0,14068.0,14068.0,14068.0,14069.0,14069.0,14069.0,14069.0,14070.0,14070.0,14070.0,14071.0,14072.0,14073.0,14073.0,14073.0,14077.0,14077.0,14078.0,14080.0,14081.0,14083.0,14083.0,14084.0,14084.0,14086.0,14087.0,14088.0,14089.0,14090.0,14091.0,14093.0,14094.0,14094.0,14095.0,14095.0,14096.0,14097.0,14098.0,14099.0,14100.0,14100.0,14104.0,14104.0,14105.0,14105.0,14105.0,14106.0,14106.0,14106.0,14106.0,14111.0,14113.0,14115.0,14115.0,14113.0,14113.0,14113.0,14113.0,14113.0,14115.0,14116.0,14116.0,14117.0,14119.0,14119.0,14119.0,14120.0,14121.0,14121.0,14121.0,14121.0,14121.0,14125.0,14129.0,14130.0,14130.0,14131.0,14132.0,14132.0,14133.0,14134.0,14134.0,14135.0,14136.0,14136.0,14136.0,14137.0,14139.0,14140.0,14140.0,14141.0,14142.0,14144.0,14145.0,14147.0,14147.0,14147.0,14147.0,14148.0,14148.0,14149.0,14150.0,14152.0,14152.0,14153.0,14154.0,14152.0,14152.0,14153.0,14155.0,14155.0,14156.0,,,,,,,,,14166.0,14167.0,14169.0,14169.0,14169.0,14169.0,14169.0,14169.0,14171.0,14173.0,14174.0,14173.0,14174.0,14174.0,14174.0,14174.0,14174.0,14175.0,14176.0,14176.0,14176.0,14176.0,14176.0,14176.0,14176.0,14176.0,14176.0,14176.0,14178.0,14179.0,14180.0,14180.0,14180.0,14181.0,14181.0,14181.0,14181.0,14181.0,14181.0,14181.0,14181.0,14182.0,14182.0,14182.0,14183.0,14185.0,14186.0,14188.0,14189.0,14190.0,14192.0,14193.0,14195.0,14195.0,14197.0,14197.0,14199.0,14202.0,14203.0,14208.0,14211.0,14211.0,14211.0,14211.0,14211.0,14212.0,14212.0,14213.0,14213.0,14214.0,14214.0,14214
kU3l6dupPuE,109499.0,109513.0,109528.0,109547.0,109567.0,109591.0,109627.0,109683.0,109699.0,109719.0,109739.0,109767.0,109789.0,109816.0,109846.0,109868.0,109901.0,109939.0,109966.0,110007.0,110041.0,110090.0,110110.0,110154.0,110177.0,110205.0,110238.0,110267.0,110298.0,110333.0,110352.0,110379.0,110406.0,110429.0,110456.0,110478.0,110504.0,110533.0,110548.0,110577.0,110589.0,110610.0,110637.0,110665.0,110685.0,110701.0,110729.0,110754.0,110781.0,110802.0,110833.0,110849.0,110869.0,110891.0,110914.0,110929.0,110961.0,110998.0,111014.0,111029.0,111040.0,111081.0,111114.0,111146.0,111179.0,111221.0,111238.0,111253.0,111273.0,111309.0,111340.0,111371.0,111408.0,111438.0,111474.0,111524.0,111552.0,111590.0,111660.0,111712.0,111746.0,111793.0,111822.0,111854.0,111878.0,111917.0,111952.0,111994.0,112017.0,112046.0,112077.0,112103.0,112127.0,112157.0,112174.0,112193.0,112215.0,112237.0,112259.0,112285.0,112314.0,112333.0,112352.0,112393.0,112426.0,112452.0,112484.0,112509.0,112542.0,112560.0,112584.0,112603.0,112624.0,112647.0,112667.0,112680.0,112695.0,112715.0,112733.0,112750.0,112758.0,112772.0,112784.0,112797.0,112806.0,112825.0,112840.0,112851.0,112865.0,112877.0,112883.0,112891.0,112910.0,112930.0,,,,,,,,,113040.0,113054.0,113066.0,113081.0,113099.0,113107.0,113119.0,113132.0,113147.0,113158.0,113176.0,113203.0,113229.0,113252.0,113263.0,113283.0,113299.0,113305.0,113319.0,113329.0,113341.0,113356.0,113374.0,113385.0,113397.0,113413.0,113446.0,113475.0,113506.0,113533.0,113547.0,113564.0,113583.0,113605.0,113631.0,113655.0,113670.0,113682.0,113694.0,113719.0,113736.0,113763.0,113770.0,113784.0,113804.0,113823.0,113840.0,113859.0,113878.0,113893.0,113913.0,113922.0,113946.0,113959.0,113977.0,113992.0,114007.0,114090.0,114111.0,114131.0,114153.0,114163.0,114182.0,114201.0,114216.0,114229.0,114242.0,114265.0,114280.0,114300.0,114318.0,114327
n4WsLBRg89A,7223.0,7223.0,7223.0,7224.0,7224.0,7226.0,7226.0,7226.0,7226.0,7227.0,7230.0,7230.0,7230.0,7230.0,7230.0,7232.0,7233.0,7233.0,7234.0,7234.0,7234.0,7235.0,7235.0,7235.0,7235.0,7236.0,7236.0,7236.0,7236.0,7236.0,7236.0,7236.0,7236.0,7236.0,7236.0,7236.0,7237.0,7237.0,7237.0,7237.0,7237.0,7237.0,7237.0,7237.0,7237.0,7238.0,7244.0,7244.0,7246.0,7246.0,7246.0,7246.0,7246.0,7246.0,7246.0,7248.0,7248.0,7249.0,7249.0,7249.0,7249.0,7249.0,7249.0,7249.0,7250.0,7251.0,7253.0,7253.0,7254.0,7254.0,7255.0,7257.0,7259.0,7259.0,7260.0,7261.0,7261.0,7263.0,7264.0,7264.0,7266.0,7266.0,7266.0,7266.0,7267.0,7267.0,7267.0,7267.0,7269.0,7269.0,7269.0,7269.0,7271.0,7274.0,7274.0,7274.0,7276.0,7277.0,7279.0,7280.0,7281.0,7282.0,7282.0,7283.0,7283.0,7284.0,7286.0,7288.0,7288.0,7288.0,7288.0,7288.0,7291.0,7291.0,7291.0,7291.0,7291.0,7291.0,7291.0,7293.0,7293.0,7293.0,7293.0,7294.0,7294.0,7295.0,7296.0,7296.0,7296.0,7296.0,7297.0,7297.0,7297.0,7297.0,,,,,,,,,7298.0,7298.0,7298.0,7298.0,7298.0,7298.0,7298.0,7298.0,7298.0,7298.0,7298.0,7298.0,7298.0,7298.0,7298.0,7298.0,7298.0,7298.0,7298.0,7298.0,7298.0,7298.0,7298.0,7298.0,7298.0,7298.0,7298.0,7299.0,7299.0,7300.0,7300.0,7300.0,7300.0,7300.0,7301.0,7301.0,7302.0,7302.0,7302.0,7303.0,7306.0,7306.0,7307.0,7310.0,7311.0,7313.0,7315.0,7316.0,7316.0,7317.0,7320.0,7320.0,7321.0,7321.0,7321.0,7321.0,7321.0,7322.0,7322.0,7322.0,7323.0,7323.0,7323.0,7323.0,7323.0,7323.0,7324.0,7324.0,7324.0,7324.0,7325.0,7325
dWkGHigjknk,48307.0,48315.0,48335.0,48342.0,48350.0,48358.0,48366.0,48368.0,48371.0,48375.0,48381.0,48389.0,48406.0,48417.0,48425.0,48429.0,48437.0,48440.0,48446.0,48460.0,48466.0,48474.0,48482.0,48486.0,48489.0,48494.0,48495.0,48500.0,48508.0,48510.0,48512.0,48517.0,48523.0,48528.0,48532.0,48536.0,48540.0,48541.0,48543.0,48545.0,48549.0,48553.0,48555.0,48559.0,48565.0,48567.0,48572.0,48576.0,48582.0,48587.0,48592.0,48595.0,48605.0,48611.0,48617.0,48620.0,48621.0,48624.0,48629.0,48634.0,48638.0,48642.0,48650.0,48652.0,48653.0,48656.0,48658.0,48664.0,48665.0,48671.0,48676.0,48679.0,48682.0,48686.0,48694.0,48704.0,48708.0,48713.0,48715.0,48719.0,48727.0,48731.0,48732.0,48735.0,48742.0,48747.0,48750.0,48750.0,48754.0,48754.0,48755.0,48762.0,48766.0,48771.0,48774.0,48778.0,48783.0,48784.0,48792.0,48800.0,48805.0,48812.0,48817.0,48819.0,48826.0,48828.0,48832.0,48834.0,48842.0,48848.0,48855.0,48858.0,48862.0,48867.0,48871.0,48880.0,48885.0,48889.0,48891.0,48908.0,48918.0,48927.0,48936.0,48942.0,48945.0,48953.0,48963.0,48965.0,48969.0,48973.0,48978.0,48979.0,48983.0,48984.0,,,,,,,,,49010.0,49014.0,49018.0,49023.0,49026.0,49027.0,49029.0,49030.0,49030.0,49039.0,49041.0,49045.0,49047.0,49053.0,49061.0,49066.0,49071.0,49074.0,49076.0,49079.0,49081.0,49081.0,49082.0,49085.0,49089.0,49091.0,49095.0,49100.0,49103.0,49107.0,49110.0,49113.0,49116.0,49124.0,49130.0,49131.0,49137.0,49138.0,49146.0,49148.0,49152.0,49156.0,49160.0,49164.0,49167.0,49179.0,49185.0,49193.0,49199.0,49201.0,49212.0,49221.0,49224.0,49228.0,49232.0,49238.0,49243.0,49247.0,49249.0,49249.0,49252.0,49254.0,49258.0,49266.0,49271.0,49280.0,49283.0,49285.0,49292.0,49295.0,49299.0,49303
xus6vwZXzoI,69488.0,69488.0,69493.0,69494.0,69497.0,69501.0,69505.0,69508.0,69509.0,69510.0,69511.0,69513.0,69518.0,69519.0,69520.0,69525.0,69530.0,69533.0,69534.0,69534.0,69537.0,69540.0,69544.0,69547.0,69549.0,69553.0,69557.0,69562.0,69564.0,69565.0,69572.0,69573.0,69575.0,69577.0,69581.0,69584.0,69585.0,69587.0,69587.0,69594.0,69595.0,69596.0,69597.0,69598.0,69600.0,69602.0,69604.0,69609.0,69611.0,69615.0,69615.0,69617.0,69618.0,69624.0,69625.0,69630.0,69632.0,69638.0,69642.0,69645.0,69645.0,69647.0,69656.0,69658.0,69661.0,69664.0,69665.0,69668.0,69671.0,69674.0,69676.0,69676.0,69678.0,69681.0,69685.0,69689.0,69695.0,69699.0,69702.0,69704.0,69707.0,69710.0,69710.0,69718.0,69723.0,69730.0,69735.0,69737.0,69739.0,69748.0,69751.0,69757.0,69759.0,69768.0,69770.0,69775.0,69780.0,69788.0,69793.0,69795.0,69803.0,69811.0,69816.0,69818.0,69825.0,69827.0,69831.0,69833.0,69835.0,69836.0,69843.0,69846.0,69850.0,69853.0,69854.0,69858.0,69862.0,69864.0,69864.0,69865.0,69871.0,69875.0,69878.0,69882.0,69884.0,69892.0,69895.0,69897.0,69901.0,69905.0,69908.0,69909.0,69913.0,69919.0,,,,,,,,,69948.0,69956.0,69957.0,69958.0,69961.0,69967.0,69975.0,69979.0,69983.0,69985.0,69989.0,69992.0,69998.0,70003.0,70009.0,70010.0,70011.0,70011.0,70012.0,70013.0,70013.0,70017.0,70018.0,70018.0,70024.0,70031.0,70031.0,70039.0,70044.0,70050.0,70057.0,70063.0,70070.0,70071.0,70072.0,70073.0,70075.0,70083.0,70085.0,70088.0,70093.0,70098.0,70105.0,70109.0,70113.0,70120.0,70126.0,70127.0,70128.0,70129.0,70134.0,70137.0,70138.0,70140.0,70144.0,70146.0,70147.0,70148.0,70149.0,70149.0,70149.0,70150.0,70150.0,70151.0,70151.0,70151.0,70151.0,70152.0,70152.0,70154.0,70157.0,70158
hbecw9BRMNs,54627.0,54633.0,54649.0,54659.0,54669.0,54677.0,54688.0,54700.0,54710.0,54718.0,54727.0,54735.0,54746.0,54766.0,54781.0,54791.0,54801.0,54815.0,54826.0,54843.0,54857.0,54878.0,54883.0,54892.0,54901.0,54908.0,54917.0,54930.0,54943.0,54962.0,54977.0,54989.0,55002.0,55011.0,55019.0,55031.0,55046.0,55061.0,55072.0,55080.0,55087.0,55093.0,55102.0,55112.0,55122.0,55127.0,55132.0,55144.0,55151.0,55158.0,55174.0,55181.0,55189.0,55199.0,55216.0,55217.0,55229.0,55242.0,55249.0,55257.0,55264.0,55274.0,55286.0,55293.0,55301.0,55307.0,55318.0,55325.0,55331.0,55341.0,55351.0,55357.0,55365.0,55377.0,55386.0,55397.0,55407.0,55419.0,55428.0,55438.0,55446.0,55459.0,55463.0,55472.0,55478.0,55491.0,55501.0,55509.0,55519.0,55535.0,55553.0,55565.0,55582.0,55601.0,55609.0,55625.0,55635.0,55647.0,55658.0,55670.0,55683.0,55700.0,55713.0,55727.0,55742.0,55761.0,55782.0,55797.0,55810.0,55821.0,55837.0,55852.0,55869.0,55885.0,55906.0,55913.0,55923.0,55936.0,55944.0,55971.0,55990.0,56021.0,56042.0,56054.0,56067.0,56080.0,56094.0,56107.0,56128.0,56140.0,56148.0,56163.0,56177.0,56190.0,,,,,,,,,56316.0,56327.0,56338.0,56355.0,56365.0,56376.0,56385.0,56398.0,56406.0,56420.0,56438.0,56460.0,56481.0,56484.0,56500.0,56513.0,56530.0,56539.0,56565.0,56581.0,56597.0,56611.0,56617.0,56624.0,56631.0,56643.0,56651.0,56669.0,56679.0,56692.0,56699.0,56705.0,56714.0,56727.0,56736.0,56748.0,56758.0,56773.0,56784.0,56795.0,56800.0,56809.0,56816.0,56823.0,56831.0,56846.0,56857.0,56864.0,56868.0,56878.0,56886.0,56896.0,56911.0,56921.0,56931.0,56942.0,56958.0,56972.0,56988.0,57003.0,57021.0,57030.0,57040.0,57053.0,57062.0,57071.0,57082.0,57096.0,57102.0,57114.0,57133.0,57142
nCCkPnkdgOM,6063907.0,6065984.0,6068141.0,6070155.0,6072376.0,6075245.0,6077929.0,6080521.0,6083224.0,6085663.0,6087731.0,6089870.0,6092249.0,6094581.0,6097028.0,6099574.0,6102132.0,6104349.0,6106545.0,6108921.0,6111524.0,6114155.0,6116730.0,6118707.0,6120600.0,6122735.0,6124854.0,6126995.0,6129197.0,6131333.0,6133158.0,6134910.0,6136805.0,6138833.0,6140963.0,6143070.0,6145186.0,6147099.0,6148814.0,6150591.0,6152691.0,6154765.0,6157204.0,6159556.0,6161485.0,6163135.0,6164941.0,6167048.0,6168994.0,6170937.0,6172843.0,6174744.0,6176337.0,6178008.0,6179852.0,6181549.0,6183375.0,6185191.0,6186872.0,6188414.0,6190321.0,6192459.0,6194494.0,6196566.0,6198650.0,6200779.0,6202687.0,6204409.0,6206029.0,6208101.0,6209999.0,6211767.0,6213393.0,6214884.0,6216421.0,6218235.0,6220015.0,6221707.0,6223496.0,6225092.0,6226660.0,6228353.0,6230225.0,6232082.0,6233880.0,6235802.0,6237560.0,6239149.0,6240736.0,6242553.0,6244322.0,6246190.0,6248179.0,6250048.0,6251810.0,6253657.0,6255641.0,6257646.0,6259708.0,6263134.0,6265556.0,6267469.0,6269410.0,6271554.0,6273683.0,6275600.0,6277437.0,6279082.0,6280684.0,6282503.0,6284362.0,6286189.0,6288108.0,6290188.0,6292204.0,6294163.0,6296114.0,6298162.0,6300246.0,6302146.0,6303991.0,6305726.0,6307289.0,6309108.0,6311169.0,6313217.0,6315148.0,6317027.0,6318863.0,6320617.0,6322366.0,6324202.0,6326016.0,6327874.0,,,,,,,,,6345226.0,6346860.0,6348651.0,6350378.0,6352207.0,6354031.0,6355705.0,6357145.0,6358608.0,6360287.0,6362129.0,6363957.0,6365946.0,6367832.0,6369397.0,6371023.0,6372905.0,6375063.0,6377131.0,6379220.0,6381068.0,6382791.0,6384377.0,6386107.0,6388020.0,6389866.0,6391728.0,6393489.0,6395002.0,6396563.0,6398226.0,6400053.0,6401794.0,6403587.0,6405248.0,6406828.0,6408427.0,6410219.0,6413101.0,6416518.0,6419133.0,6421401.0,6423406.0,6425495.0,6427631.0,6429968.0,6432243.0,6434455.0,6436544.0,6438458.0,6440228.0,6442067.0,6444337.0,6446541.0,6448812.0,6451416.0,6453621.0,6455683.0,6457814.0,6460261.0,6462429.0,6464272.0,6465899.0,6467756.0,6469469.0,6471487.0,6473595.0,6475685.0,6477482.0,6479271.0,6481098.0,6482884
u0Ft-_zGhhg,4051.0,4053.0,4053.0,4053.0,4057.0,4059.0,4059.0,4061.0,4064.0,4066.0,4068.0,4069.0,4071.0,4073.0,4075.0,4076.0,4076.0,4076.0,4077.0,4078.0,4079.0,4082.0,4083.0,4083.0,4083.0,4085.0,4086.0,4087.0,4088.0,4089.0,4091.0,4093.0,4093.0,4094.0,4098.0,4100.0,4103.0,4104.0,4104.0,4106.0,4109.0,4110.0,4111.0,4113.0,4115.0,4116.0,4119.0,4123.0,4124.0,4130.0,4131.0,4131.0,4135.0,4138.0,4138.0,4139.0,4139.0,4140.0,4142.0,4144.0,4145.0,4146.0,4148.0,4149.0,4150.0,4151.0,4151.0,4151.0,4152.0,4154.0,4157.0,4158.0,4159.0,4160.0,4163.0,4163.0,4163.0,4164.0,4168.0,4171.0,4172.0,4175.0,4176.0,4179.0,4180.0,4182.0,4183.0,4185.0,4186.0,4186.0,4188.0,4191.0,4191.0,4192.0,4192.0,4193.0,4194.0,4196.0,4197.0,4198.0,4199.0,4199.0,4199.0,4201.0,4203.0,4204.0,4205.0,4207.0,4208.0,4208.0,4210.0,4210.0,4211.0,4211.0,4213.0,4213.0,4216.0,4217.0,4217.0,4219.0,4220.0,4223.0,4224.0,4226.0,4227.0,4230.0,4233.0,4236.0,4238.0,4239.0,4240.0,4244.0,4245.0,4247.0,,,,,,,,,4267.0,4270.0,4270.0,4271.0,4273.0,4275.0,4278.0,4281.0,4283.0,4283.0,4284.0,4284.0,4285.0,4287.0,4288.0,4289.0,4292.0,4294.0,4297.0,4297.0,4298.0,4299.0,4300.0,4300.0,4303.0,4304.0,4309.0,4312.0,4313.0,4314.0,4314.0,4314.0,4315.0,4315.0,4318.0,4319.0,4319.0,4321.0,4322.0,4324.0,4326.0,4327.0,4331.0,4333.0,4333.0,4337.0,4339.0,4341.0,4342.0,4344.0,4344.0,4344.0,4347.0,4348.0,4350.0,4351.0,4352.0,4353.0,4354.0,4355.0,4356.0,4359.0,4362.0,4363.0,4364.0,4369.0,4371.0,4371.0,4372.0,4372.0,4375.0,4375
cJMyWcIGITU,26649.0,26652.0,26654.0,26656.0,26660.0,26664.0,26668.0,26671.0,26674.0,26681.0,26683.0,26686.0,26687.0,26690.0,26695.0,26701.0,26705.0,26708.0,26711.0,26711.0,26715.0,26715.0,26717.0,26721.0,26723.0,26728.0,26731.0,26732.0,26734.0,26735.0,26737.0,26737.0,26739.0,26745.0,26747.0,26749.0,26751.0,26755.0,26757.0,26757.0,26763.0,26767.0,26769.0,26773.0,26776.0,26780.0,26784.0,26785.0,26786.0,26788.0,26792.0,26793.0,26796.0,26798.0,26803.0,26804.0,26807.0,26810.0,26811.0,26815.0,26817.0,26819.0,26819.0,26820.0,26821.0,26824.0,26826.0,26829.0,26833.0,26838.0,26844.0,26847.0,26848.0,26850.0,26852.0,26852.0,26853.0,26853.0,26856.0,26859.0,26861.0,26866.0,26870.0,26876.0,26880.0,26883.0,26886.0,26889.0,26896.0,26898.0,26904.0,26905.0,26909.0,26915.0,26922.0,26926.0,26927.0,26929.0,26936.0,26946.0,26952.0,26954.0,26958.0,26963.0,26964.0,26971.0,26982.0,26987.0,26989.0,26995.0,26999.0,27001.0,27011.0,27014.0,27015.0,27016.0,27016.0,27021.0,27029.0,27036.0,27040.0,27043.0,27051.0,27053.0,27056.0,27060.0,27064.0,27066.0,27070.0,27076.0,27078.0,27080.0,27084.0,27088.0,,,,,,,,,27140.0,27141.0,27147.0,27148.0,27154.0,27157.0,27161.0,27165.0,27166.0,27167.0,27171.0,27174.0,27176.0,27177.0,27180.0,27180.0,27187.0,27189.0,27195.0,27200.0,27203.0,27206.0,27208.0,27212.0,27214.0,27216.0,27220.0,27220.0,27221.0,27224.0,27225.0,27228.0,27231.0,27235.0,27239.0,27247.0,27247.0,27250.0,27254.0,27256.0,27259.0,27261.0,27263.0,27264.0,27268.0,27275.0,27280.0,27286.0,27288.0,27291.0,27294.0,27295.0,27299.0,27302.0,27304.0,27310.0,27314.0,27315.0,27318.0,27321.0,27326.0,27327.0,27332.0,27343.0,27348.0,27351.0,27351.0,27354.0,27356.0,27362.0,27365.0,27366
taVh5ylSEng,16018.0,16018.0,16019.0,16019.0,16019.0,16019.0,16019.0,16019.0,16019.0,16020.0,16020.0,16020.0,16022.0,16023.0,16024.0,16025.0,16028.0,16029.0,16034.0,16036.0,16036.0,16036.0,16039.0,16039.0,16039.0,16039.0,16040.0,16041.0,16044.0,16046.0,16047.0,16047.0,16047.0,16047.0,16052.0,16056.0,16057.0,16060.0,16061.0,16062.0,16064.0,16066.0,16066.0,16066.0,16067.0,16071.0,16071.0,16071.0,16072.0,16074.0,16074.0,16076.0,16076.0,16076.0,16078.0,16079.0,16079.0,16080.0,16080.0,16080.0,16081.0,16082.0,16082.0,16082.0,16082.0,16082.0,16082.0,16083.0,16084.0,16086.0,16087.0,16087.0,16088.0,16089.0,16090.0,16090.0,16092.0,16092.0,16093.0,16093.0,16093.0,16095.0,16095.0,16095.0,16096.0,16096.0,16096.0,16096.0,16097.0,16097.0,16100.0,16102.0,16104.0,16106.0,16107.0,16109.0,16109.0,16110.0,16111.0,16111.0,16111.0,16111.0,16112.0,16115.0,16115.0,16118.0,16127.0,16130.0,16131.0,16131.0,16132.0,16133.0,16133.0,16134.0,16135.0,16137.0,16137.0,16137.0,16137.0,16137.0,16139.0,16139.0,16142.0,16144.0,16144.0,16146.0,16146.0,16146.0,16147.0,16149.0,16149.0,16150.0,16151.0,16151.0,,,,,,,,,16155.0,16155.0,16155.0,16157.0,16160.0,16161.0,16162.0,16165.0,16165.0,16165.0,16168.0,16168.0,16169.0,16171.0,16172.0,16173.0,16174.0,16174.0,16177.0,16178.0,16179.0,16180.0,16181.0,16182.0,16184.0,16185.0,16188.0,16189.0,16189.0,16189.0,16189.0,16190.0,16190.0,16191.0,16192.0,16199.0,16199.0,16201.0,16202.0,16203.0,16203.0,16204.0,16204.0,16204.0,16204.0,16207.0,16208.0,16210.0,16211.0,16211.0,16212.0,16212.0,16212.0,16212.0,16213.0,16215.0,16215.0,16216.0,16217.0,16218.0,16218.0,16219.0,16220.0,16220.0,16221.0,16223.0,16223.0,16223.0,16223.0,16223.0,16224.0,16224
yOKyq8ubPDs,457361.0,457380.0,457389.0,457404.0,457420.0,457435.0,457454.0,457479.0,457498.0,457521.0,457539.0,457552.0,457558.0,457582.0,457601.0,457625.0,457650.0,457660.0,457677.0,457697.0,457710.0,457726.0,457737.0,457758.0,457774.0,457791.0,457814.0,457833.0,457852.0,457876.0,457898.0,457924.0,457944.0,457968.0,457985.0,458007.0,458024.0,458045.0,458072.0,458084.0,458103.0,458122.0,458159.0,458185.0,458232.0,458271.0,458311.0,458340.0,458361.0,458376.0,458391.0,458409.0,458429.0,458449.0,458466.0,458486.0,458503.0,458524.0,458552.0,458575.0,458590.0,458615.0,458627.0,458648.0,458664.0,458680.0,458699.0,458719.0,458732.0,458753.0,458771.0,458791.0,458809.0,458822.0,458834.0,458850.0,458861.0,458880.0,458902.0,458921.0,458938.0,458954.0,458973.0,458993.0,459019.0,459039.0,459059.0,459066.0,459077.0,459089.0,459112.0,459137.0,459154.0,459171.0,459190.0,459206.0,459221.0,459236.0,459259.0,459270.0,459276.0,459289.0,459304.0,459320.0,459333.0,459343.0,459356.0,459372.0,459383.0,459404.0,459419.0,459445.0,459463.0,459476.0,459493.0,459517.0,459536.0,459553.0,459572.0,459590.0,459604.0,459622.0,459637.0,459652.0,459660.0,459671.0,459685.0,459702.0,459722.0,459740.0,459752.0,459763.0,459767.0,459782.0,,,,,,,,,459922.0,459935.0,459949.0,459964.0,459973.0,459987.0,460003.0,460018.0,460030.0,460039.0,460055.0,460084.0,460105.0,460122.0,460145.0,460158.0,460166.0,460180.0,460194.0,460212.0,460233.0,460252.0,460267.0,460293.0,460313.0,460341.0,460351.0,460364.0,460382.0,460400.0,460427.0,460444.0,460453.0,460465.0,460484.0,460494.0,460506.0,460524.0,460535.0,460562.0,460586.0,460610.0,460664.0,460702.0,460741.0,460768.0,460788.0,460804.0,460830.0,460847.0,460862.0,460882.0,460909.0,460934.0,460954.0,460975.0,460992.0,461016.0,461037.0,461050.0,461067.0,461080.0,461093.0,461112.0,461127.0,461135.0,461148.0,461157.0,461167.0,461176.0,461199.0,461214
HV67beERweI,236350.0,236350.0,236350.0,236350.0,236350.0,236350.0,236350.0,236350.0,236351.0,236351.0,236351.0,236351.0,236351.0,236351.0,236351.0,236351.0,236352.0,236352.0,236352.0,236352.0,236352.0,236352.0,236352.0,236353.0,236354.0,236354.0,236354.0,236354.0,236355.0,236355.0,236355.0,236355.0,236355.0,236355.0,236355.0,236355.0,236355.0,236355.0,236355.0,236355.0,236355.0,236355.0,236355.0,236356.0,236357.0,236357.0,236357.0,236357.0,236357.0,236357.0,236357.0,236357.0,236357.0,236357.0,236357.0,236357.0,236358.0,236358.0,236358.0,236358.0,236358.0,236358.0,236358.0,236358.0,236358.0,236358.0,236358.0,236358.0,236358.0,236358.0,236358.0,236358.0,236359.0,236359.0,236359.0,236359.0,236359.0,236360.0,236360.0,236360.0,236360.0,236360.0,236360.0,236360.0,236360.0,236360.0,236360.0,236360.0,236360.0,236360.0,236361.0,236361.0,236361.0,236361.0,236362.0,236362.0,236362.0,236362.0,236362.0,236362.0,236362.0,236362.0,236363.0,236363.0,236363.0,236363.0,236363.0,236363.0,236363.0,236363.0,236363.0,236363.0,236363.0,236363.0,236363.0,236363.0,236363.0,236363.0,236363.0,236363.0,236363.0,236363.0,236363.0,236363.0,236363.0,236363.0,236364.0,236364.0,236364.0,236364.0,236364.0,236364.0,236364.0,236364.0,,,,,,,,,236367.0,236367.0,236367.0,236368.0,236368.0,236368.0,236368.0,236368.0,236368.0,236368.0,236368.0,236368.0,236368.0,236368.0,236368.0,236368.0,236368.0,236368.0,236368.0,236368.0,236368.0,236368.0,236368.0,236368.0,236368.0,236368.0,236368.0,236368.0,236368.0,236368.0,236368.0,236368.0,236368.0,236368.0,236368.0,236368.0,236368.0,236368.0,236368.0,236368.0,236368.0,236368.0,236368.0,236368.0,236368.0,236368.0,236368.0,236368.0,236368.0,236368.0,236368.0,236368.0,236368.0,236368.0,236368.0,236368.0,236368.0,236368.0,236368.0,236368.0,236368.0,236368.0,236368.0,236368.0,236368.0,236368.0,236368.0,236368.0,236368.0,236368.0,236368.0,236368
2xPCqEll7kQ,5942.0,5942.0,5942.0,5942.0,5942.0,5943.0,5943.0,5943.0,5943.0,5944.0,5944.0,5944.0,5945.0,5947.0,5947.0,5949.0,5951.0,5953.0,5954.0,5954.0,5954.0,5955.0,5956.0,5958.0,5958.0,5958.0,5958.0,5959.0,5959.0,5959.0,5961.0,5961.0,5962.0,5962.0,5963.0,5964.0,5965.0,5968.0,5970.0,5970.0,5971.0,5971.0,5971.0,5971.0,5971.0,5974.0,5974.0,5975.0,5975.0,5974.0,5974.0,5974.0,5974.0,5974.0,5975.0,5975.0,5976.0,5976.0,5977.0,5977.0,5977.0,5978.0,5978.0,5978.0,5979.0,5980.0,5982.0,5982.0,5982.0,5982.0,5982.0,5982.0,5982.0,5982.0,5984.0,5985.0,5986.0,5986.0,5990.0,5992.0,5993.0,5993.0,5993.0,5993.0,5995.0,5995.0,5996.0,5996.0,5996.0,5996.0,5996.0,5998.0,5998.0,5998.0,5998.0,5999.0,5999.0,5999.0,5999.0,5999.0,5999.0,5999.0,5999.0,6000.0,6001.0,6001.0,6001.0,6001.0,6001.0,6002.0,6002.0,6003.0,6003.0,6003.0,6003.0,6003.0,6003.0,6003.0,6004.0,6005.0,6006.0,6007.0,6007.0,6009.0,6009.0,6011.0,6011.0,6012.0,6013.0,6013.0,6013.0,6013.0,6013.0,6013.0,,,,,,,,,6016.0,6017.0,6017.0,6017.0,6017.0,6017.0,6017.0,6021.0,6022.0,6023.0,6023.0,6023.0,6023.0,6024.0,6024.0,6027.0,6028.0,6029.0,6029.0,6029.0,6029.0,6029.0,6030.0,6031.0,6032.0,6033.0,6034.0,6035.0,6038.0,6038.0,6040.0,6040.0,6040.0,6041.0,6041.0,6042.0,6045.0,6046.0,6047.0,6050.0,6050.0,6049.0,6050.0,6050.0,6052.0,6052.0,6054.0,6054.0,6054.0,6054.0,6054.0,6056.0,6056.0,6057.0,6058.0,6058.0,6058.0,6058.0,6059.0,6059.0,6061.0,6061.0,6061.0,6062.0,6062.0,6062.0,6063.0,6063.0,6064.0,6064.0,6064.0,6064
KaSt-MzV2a4,474396.0,474431.0,474463.0,474498.0,474540.0,474593.0,474640.0,474688.0,474732.0,474780.0,474832.0,474882.0,474943.0,474991.0,475056.0,475130.0,475202.0,475279.0,475338.0,475421.0,475527.0,475632.0,475706.0,475775.0,475852.0,475925.0,476000.0,476084.0,476138.0,476203.0,476256.0,476305.0,476374.0,476438.0,476506.0,476570.0,476641.0,476707.0,476760.0,476817.0,476880.0,476945.0,477010.0,477049.0,477100.0,477159.0,477211.0,477259.0,477311.0,477369.0,477432.0,477489.0,477534.0,477590.0,477637.0,477684.0,477720.0,477766.0,477814.0,477865.0,477923.0,477983.0,478025.0,478076.0,478155.0,478205.0,478256.0,478329.0,478397.0,478478.0,478541.0,478609.0,478657.0,478708.0,478765.0,478830.0,478889.0,478953.0,479001.0,479053.0,479110.0,479165.0,479225.0,479287.0,479365.0,479417.0,479463.0,479510.0,479553.0,479641.0,479701.0,479760.0,479808.0,479885.0,479929.0,479991.0,480048.0,480109.0,480168.0,480231.0,480271.0,480347.0,480403.0,480448.0,480502.0,480552.0,480598.0,480634.0,480677.0,480729.0,480789.0,480852.0,480905.0,480955.0,480994.0,481057.0,481104.0,481145.0,481203.0,481266.0,481313.0,481342.0,481404.0,481438.0,481493.0,481549.0,481620.0,481671.0,481729.0,481781.0,481824.0,481908.0,481988.0,482054.0,,,,,,,,,482585.0,482635.0,482686.0,482734.0,482767.0,482834.0,482893.0,482936.0,483007.0,483072.0,483140.0,483240.0,483347.0,483422.0,483496.0,483575.0,483636.0,483703.0,483764.0,483821.0,483879.0,483934.0,483984.0,484040.0,484102.0,484162.0,484214.0,484300.0,484380.0,484433.0,484499.0,484568.0,484632.0,484676.0,484743.0,484800.0,484858.0,484913.0,484963.0,485012.0,485059.0,485120.0,485171.0,485214.0,485264.0,485317.0,485388.0,485436.0,485495.0,485548.0,485602.0,485650.0,485713.0,485762.0,485814.0,485888.0,485932.0,485980.0,486024.0,486078.0,486128.0,486171.0,486228.0,486283.0,486326.0,486379.0,486438.0,486492.0,486534.0,486591.0,486642.0,486718
Kw-vy7115HQ,132349.0,132380.0,132405.0,132436.0,132488.0,132523.0,132548.0,132573.0,132608.0,132644.0,132672.0,132719.0,132751.0,132786.0,132828.0,132872.0,132896.0,132935.0,132964.0,132987.0,133018.0,133053.0,133089.0,133110.0,133139.0,133167.0,133194.0,133226.0,133259.0,133285.0,133311.0,133338.0,133360.0,133392.0,133418.0,133435.0,133463.0,133482.0,133503.0,133536.0,133563.0,133593.0,133615.0,133654.0,133686.0,133713.0,133777.0,133816.0,133855.0,133895.0,133939.0,133968.0,133996.0,134032.0,134062.0,134093.0,134122.0,134153.0,134181.0,134212.0,134246.0,134290.0,134327.0,134368.0,134410.0,134435.0,134475.0,134504.0,134532.0,134568.0,134598.0,134631.0,134664.0,134689.0,134733.0,134767.0,134795.0,134818.0,134850.0,134879.0,134915.0,134942.0,134975.0,135019.0,135056.0,135102.0,135126.0,135162.0,135209.0,135234.0,135271.0,135300.0,135343.0,135384.0,135411.0,135451.0,135502.0,135535.0,135568.0,135592.0,135612.0,135641.0,135670.0,135704.0,135743.0,135780.0,135810.0,135845.0,135872.0,135901.0,135934.0,135958.0,135983.0,136008.0,136035.0,136058.0,136076.0,136114.0,136141.0,136175.0,136199.0,136234.0,136262.0,136299.0,136327.0,136348.0,136367.0,136389.0,136429.0,136448.0,136470.0,136489.0,136515.0,136537.0,,,,,,,,,136775.0,136796.0,136812.0,136846.0,136868.0,136903.0,136927.0,136956.0,136968.0,136988.0,137006.0,137027.0,137044.0,137063.0,137084.0,137104.0,137126.0,137145.0,137160.0,137179.0,137200.0,137214.0,137237.0,137249.0,137269.0,137293.0,137313.0,137347.0,137365.0,137387.0,137400.0,137422.0,137441.0,137455.0,137478.0,137497.0,137513.0,137531.0,137551.0,137590.0,137626.0,137653.0,137679.0,137694.0,137715.0,137735.0,137759.0,137775.0,137810.0,137826.0,137849.0,137876.0,137895.0,137911.0,137934.0,137962.0,137985.0,138013.0,138057.0,138071.0,138107.0,138128.0,138160.0,138186.0,138205.0,138222.0,138243.0,138265.0,138287.0,138312.0,138337.0,138357
clIQvVKLQw4,57125.0,57133.0,57140.0,57150.0,57158.0,57165.0,57178.0,57188.0,57200.0,57210.0,57225.0,57229.0,57240.0,57251.0,57258.0,57269.0,57275.0,57279.0,57291.0,57305.0,57316.0,57326.0,57331.0,57342.0,57350.0,57356.0,57367.0,57380.0,57389.0,57395.0,57404.0,57414.0,57419.0,57434.0,57439.0,57448.0,57460.0,57474.0,57487.0,57497.0,57511.0,57524.0,57543.0,57551.0,57563.0,57570.0,57582.0,57599.0,57607.0,57615.0,57624.0,57636.0,57649.0,57659.0,57669.0,57676.0,57678.0,57682.0,57689.0,57698.0,57705.0,57716.0,57728.0,57736.0,57751.0,57763.0,57771.0,57780.0,57796.0,57807.0,57816.0,57826.0,57835.0,57843.0,57854.0,57857.0,57865.0,57875.0,57883.0,57896.0,57908.0,57922.0,57933.0,57937.0,57946.0,57958.0,57963.0,57970.0,57980.0,57991.0,57997.0,58003.0,58007.0,58022.0,58030.0,58041.0,58046.0,58053.0,58059.0,58066.0,58074.0,58082.0,58085.0,58092.0,58099.0,58107.0,58118.0,58123.0,58131.0,58138.0,58145.0,58150.0,58158.0,58166.0,58171.0,58177.0,58189.0,58199.0,58203.0,58207.0,58221.0,58230.0,58235.0,58244.0,58253.0,58281.0,58287.0,58296.0,58304.0,58314.0,58321.0,58330.0,58346.0,58354.0,,,,,,,,,58420.0,58427.0,58440.0,58449.0,58454.0,58460.0,58470.0,58481.0,58484.0,58495.0,58505.0,58514.0,58523.0,58530.0,58537.0,58548.0,58557.0,58567.0,58577.0,58587.0,58593.0,58609.0,58617.0,58625.0,58635.0,58640.0,58647.0,58650.0,58653.0,58663.0,58671.0,58682.0,58691.0,58701.0,58710.0,58719.0,58725.0,58736.0,58753.0,58759.0,58771.0,58785.0,58792.0,58801.0,58805.0,58815.0,58833.0,58844.0,58856.0,58877.0,58894.0,58908.0,58914.0,58925.0,58941.0,58952.0,58969.0,58981.0,58989.0,58997.0,58998.0,59007.0,59010.0,59016.0,59019.0,59022.0,59030.0,59034.0,59043.0,59049.0,59056.0,59063
JLlTrTNgseE,175123.0,175140.0,175151.0,175167.0,175181.0,175201.0,175226.0,175241.0,175267.0,175282.0,175299.0,175330.0,175347.0,175371.0,175402.0,175442.0,175469.0,175490.0,175519.0,175550.0,175582.0,175626.0,175668.0,175690.0,175726.0,175743.0,175766.0,175790.0,175817.0,175836.0,175870.0,175904.0,175934.0,175972.0,175999.0,176024.0,176054.0,176095.0,176114.0,176160.0,176185.0,176207.0,176240.0,176274.0,176303.0,176329.0,176352.0,176385.0,176411.0,176437.0,176454.0,176472.0,176494.0,176514.0,176535.0,176562.0,176582.0,176602.0,176631.0,176646.0,176671.0,176699.0,176720.0,176740.0,176772.0,176796.0,176812.0,176838.0,176862.0,176893.0,176917.0,176953.0,176976.0,177012.0,177036.0,177057.0,177093.0,177133.0,177154.0,177176.0,177198.0,177232.0,177246.0,177268.0,177291.0,177314.0,177331.0,177362.0,177397.0,177432.0,177450.0,177463.0,177475.0,177505.0,177524.0,177537.0,177556.0,177576.0,177586.0,177604.0,177616.0,177636.0,177644.0,177655.0,177679.0,177685.0,177696.0,177717.0,177729.0,177740.0,177759.0,177776.0,177794.0,177809.0,177828.0,177838.0,177856.0,177881.0,177895.0,177906.0,177933.0,177948.0,177961.0,177985.0,178006.0,178017.0,178038.0,178057.0,178080.0,178094.0,178120.0,178145.0,178173.0,178205.0,,,,,,,,,178363.0,178373.0,178389.0,178408.0,178432.0,178456.0,178485.0,178517.0,178551.0,178581.0,178627.0,178659.0,178678.0,178708.0,178725.0,178735.0,178752.0,178780.0,178795.0,178803.0,178817.0,178828.0,178839.0,178855.0,178871.0,178879.0,178888.0,178900.0,178911.0,178920.0,178935.0,178945.0,178963.0,178977.0,178990.0,179008.0,179019.0,179037.0,179051.0,179068.0,179086.0,179104.0,179131.0,179150.0,179166.0,179187.0,179200.0,179211.0,179227.0,179243.0,179262.0,179279.0,179297.0,179317.0,179327.0,179345.0,179356.0,179376.0,179391.0,179406.0,179425.0,179441.0,179460.0,179477.0,179495.0,179512.0,179533.0,179550.0,179564.0,179593.0,179611.0,179634
HcjhrIM1LkA,121597.0,121619.0,121643.0,121671.0,121705.0,121741.0,121777.0,121806.0,121831.0,121855.0,121872.0,121895.0,121931.0,121956.0,121981.0,122012.0,122037.0,122069.0,122097.0,122121.0,122155.0,122199.0,122236.0,122260.0,122290.0,122308.0,122335.0,122365.0,122393.0,122415.0,122445.0,122467.0,122499.0,122523.0,122560.0,122587.0,122608.0,122635.0,122658.0,122691.0,122722.0,122747.0,122773.0,122798.0,122814.0,122845.0,122868.0,122888.0,122928.0,122952.0,122979.0,123009.0,123031.0,123057.0,123086.0,123123.0,123143.0,123168.0,123192.0,123218.0,123245.0,123275.0,123311.0,123333.0,123362.0,123386.0,123412.0,123434.0,123462.0,123494.0,123524.0,123564.0,123584.0,123619.0,123637.0,123666.0,123684.0,123712.0,123742.0,123760.0,123782.0,123800.0,123825.0,123842.0,123863.0,123890.0,123908.0,123928.0,123943.0,123957.0,123980.0,124008.0,124026.0,124043.0,124066.0,124087.0,124112.0,124134.0,124164.0,124191.0,124212.0,124225.0,124251.0,124275.0,124291.0,124306.0,124320.0,124334.0,124347.0,124362.0,124386.0,124406.0,124421.0,124438.0,124460.0,124483.0,124502.0,124533.0,124559.0,124576.0,124604.0,124617.0,124638.0,124647.0,124668.0,124682.0,124704.0,124719.0,124734.0,124751.0,124770.0,124791.0,124817.0,124835.0,,,,,,,,,125007.0,125014.0,125030.0,125043.0,125063.0,125072.0,125082.0,125092.0,125100.0,125123.0,125141.0,125161.0,125189.0,125204.0,125230.0,125251.0,125271.0,125287.0,125301.0,125320.0,125329.0,125341.0,125353.0,125362.0,125385.0,125399.0,125425.0,125440.0,125461.0,125476.0,125495.0,125510.0,125537.0,125557.0,125576.0,125586.0,125605.0,125617.0,125627.0,125655.0,125670.0,125687.0,125700.0,125713.0,125734.0,125749.0,125762.0,125771.0,125781.0,125791.0,125807.0,125818.0,125832.0,125847.0,125853.0,125867.0,125880.0,125899.0,125914.0,125934.0,125955.0,125970.0,125987.0,126002.0,126016.0,126027.0,126034.0,126056.0,126064.0,126078.0,126097.0,126116
Y-AGAc5oigU,3312061.0,3312431.0,3312749.0,3313076.0,3313564.0,3313932.0,3314333.0,3314768.0,3315214.0,3315746.0,3316183.0,3316602.0,3316988.0,3317472.0,3317891.0,3318430.0,3318826.0,3319218.0,3319590.0,3320063.0,3320549.0,3321023.0,3321391.0,3321755.0,3322100.0,3322522.0,3322935.0,3323345.0,3323723.0,3324166.0,3324485.0,3324839.0,3325139.0,3325530.0,3325885.0,3326217.0,3326641.0,3327021.0,3327361.0,3327754.0,3328150.0,3328508.0,3328928.0,3329286.0,3329726.0,3330245.0,3330671.0,3331080.0,3331549.0,3331970.0,3332427.0,3332872.0,3333238.0,3333654.0,3334057.0,3334462.0,3334792.0,3335144.0,3335496.0,3335888.0,3336315.0,3336790.0,3337208.0,3337635.0,3337992.0,3338434.0,3338770.0,3339157.0,3339509.0,3339980.0,3340406.0,3340783.0,3341132.0,3341511.0,3341905.0,3342318.0,3342790.0,3343193.0,3343709.0,3344086.0,3344380.0,3344779.0,3345137.0,3345521.0,3345916.0,3346402.0,3346794.0,3347180.0,3347630.0,3348013.0,3348387.0,3348790.0,3349236.0,3349702.0,3350182.0,3350601.0,3350987.0,3351475.0,3351890.0,3352262.0,3352580.0,3352954.0,3353290.0,3353666.0,3354168.0,3354510.0,3354953.0,3355278.0,3355603.0,3356029.0,3356398.0,3356808.0,3357206.0,3357627.0,3357955.0,3358372.0,3358715.0,3359114.0,3359590.0,3360054.0,3360393.0,3360728.0,3361060.0,3361422.0,3361777.0,3362107.0,3362543.0,3362959.0,3363332.0,3363679.0,3364212.0,3364596.0,3365041.0,3365510.0,,,,,,,,,3369603.0,3370038.0,3370572.0,3371150.0,3371705.0,3372328.0,3372852.0,3373334.0,3373920.0,3374522.0,3375159.0,3375785.0,3376546.0,3377258.0,3377803.0,3378309.0,3379067.0,3379716.0,3380353.0,3381040.0,3381700.0,3382266.0,3382887.0,3383408.0,3383993.0,3384559.0,3384992.0,3385582.0,3386057.0,3386654.0,3387230.0,3387785.0,3388267.0,3388764.0,3389206.0,3389751.0,3390193.0,3390690.0,3391209.0,3391792.0,3392443.0,3392987.0,3393453.0,3393878.0,3394465.0,3394930.0,3395430.0,3395833.0,3396248.0,3396641.0,3397122.0,3397635.0,3398069.0,3398548.0,3399081.0,3399537.0,3399976.0,3400401.0,3400918.0,3401445.0,3401927.0,3402311.0,3402766.0,3403131.0,3403532.0,3403991.0,3404471.0,3404918.0,3405312.0,3405750.0,3406103.0,3406481
dysIlodMqHg,669.0,669.0,669.0,669.0,669.0,669.0,669.0,669.0,669.0,669.0,669.0,669.0,669.0,669.0,669.0,669.0,669.0,669.0,669.0,669.0,669.0,669.0,669.0,670.0,670.0,670.0,670.0,670.0,670.0,670.0,670.0,670.0,671.0,671.0,671.0,671.0,671.0,671.0,672.0,672.0,672.0,672.0,672.0,672.0,672.0,672.0,672.0,672.0,672.0,672.0,672.0,672.0,672.0,672.0,672.0,672.0,672.0,672.0,672.0,673.0,673.0,673.0,673.0,673.0,673.0,673.0,673.0,674.0,674.0,674.0,674.0,674.0,674.0,674.0,674.0,674.0,674.0,674.0,674.0,674.0,674.0,674.0,674.0,674.0,674.0,674.0,674.0,674.0,674.0,674.0,674.0,674.0,674.0,674.0,674.0,674.0,674.0,674.0,674.0,674.0,674.0,674.0,674.0,674.0,675.0,675.0,675.0,675.0,675.0,675.0,675.0,675.0,675.0,675.0,675.0,675.0,675.0,675.0,675.0,675.0,675.0,675.0,675.0,675.0,675.0,675.0,675.0,675.0,675.0,678.0,681.0,682.0,682.0,682.0,,,,,,,,,684.0,684.0,684.0,684.0,684.0,684.0,684.0,684.0,684.0,684.0,684.0,685.0,685.0,685.0,685.0,685.0,685.0,685.0,685.0,685.0,685.0,685.0,685.0,685.0,685.0,685.0,685.0,685.0,685.0,685.0,685.0,685.0,685.0,685.0,685.0,685.0,685.0,685.0,685.0,685.0,685.0,685.0,685.0,685.0,685.0,685.0,685.0,685.0,685.0,685.0,685.0,685.0,685.0,685.0,685.0,685.0,685.0,685.0,685.0,685.0,685.0,685.0,685.0,685.0,685.0,685.0,685.0,685.0,685.0,685.0,685.0,685
KIrh6jRFQh4,884676.0,884828.0,884990.0,885120.0,885277.0,885444.0,885612.0,885779.0,885944.0,886131.0,886292.0,886429.0,886571.0,886743.0,886904.0,887072.0,887242.0,887360.0,887503.0,887640.0,887787.0,887946.0,888083.0,888235.0,888386.0,888515.0,888635.0,888780.0,888931.0,889086.0,889220.0,889344.0,889478.0,889646.0,889849.0,890047.0,890275.0,890455.0,890647.0,890836.0,890993.0,891166.0,891390.0,891617.0,891815.0,891970.0,892156.0,892361.0,892556.0,892770.0,892945.0,893117.0,893270.0,893419.0,893540.0,893690.0,893834.0,894004.0,894136.0,894281.0,894418.0,894600.0,894768.0,894927.0,895059.0,895185.0,895313.0,895483.0,895639.0,895816.0,896028.0,896206.0,896361.0,896504.0,896661.0,896844.0,896999.0,897192.0,897367.0,897514.0,897657.0,897823.0,897964.0,898135.0,898291.0,898432.0,898558.0,898704.0,898877.0,899043.0,899220.0,899421.0,899592.0,899751.0,899920.0,900109.0,900265.0,900450.0,900660.0,900866.0,901041.0,901234.0,901394.0,901547.0,901745.0,901933.0,902099.0,902304.0,902456.0,902614.0,902775.0,902928.0,903047.0,903209.0,903345.0,903503.0,903659.0,903812.0,903990.0,904151.0,904321.0,904456.0,904606.0,904766.0,904911.0,905080.0,905260.0,905407.0,905564.0,905723.0,905905.0,906157.0,906326.0,906528.0,,,,,,,,,908084.0,908233.0,908421.0,908562.0,908730.0,908882.0,908994.0,909120.0,909305.0,909489.0,909613.0,909773.0,909953.0,910112.0,910250.0,910381.0,910530.0,910730.0,910903.0,911110.0,911283.0,911428.0,911604.0,911833.0,912029.0,912228.0,912480.0,912680.0,912878.0,913074.0,913302.0,913504.0,913680.0,913863.0,914046.0,914237.0,914406.0,914600.0,914795.0,914977.0,915181.0,915334.0,915497.0,915665.0,915860.0,916092.0,916263.0,916462.0,916690.0,916822.0,916981.0,917153.0,917341.0,917545.0,917702.0,917835.0,917975.0,918145.0,918333.0,918484.0,918666.0,918810.0,918952.0,919127.0,919275.0,919439.0,919647.0,919794.0,919907.0,920046.0,920197.0,920348
x7TJbExnDBQ,6632.0,6632.0,6633.0,6633.0,6633.0,6634.0,6637.0,6637.0,6637.0,6638.0,6638.0,6638.0,6638.0,6638.0,6640.0,6640.0,6641.0,6641.0,6641.0,6641.0,6641.0,6641.0,6641.0,6642.0,6642.0,6644.0,6645.0,6645.0,6646.0,6646.0,6646.0,6646.0,6646.0,6646.0,6646.0,6646.0,6646.0,6646.0,6646.0,6646.0,6647.0,6647.0,6647.0,6647.0,6647.0,6647.0,6647.0,6647.0,6647.0,6647.0,6647.0,6647.0,6647.0,6647.0,6654.0,6655.0,6655.0,6655.0,6655.0,6655.0,6656.0,6656.0,6656.0,6659.0,6660.0,6660.0,6660.0,6660.0,6660.0,6660.0,6660.0,6660.0,6660.0,6660.0,6660.0,6660.0,6660.0,6660.0,6660.0,6660.0,6660.0,6660.0,6660.0,6660.0,6660.0,6660.0,6660.0,6660.0,6660.0,6660.0,6660.0,6660.0,6660.0,6660.0,6660.0,6660.0,6660.0,6660.0,6660.0,6660.0,6660.0,6660.0,6660.0,6660.0,6660.0,6661.0,6663.0,6663.0,6663.0,6663.0,6663.0,6663.0,6663.0,6663.0,6663.0,6664.0,6664.0,6664.0,6665.0,6665.0,6665.0,6665.0,6665.0,6667.0,6667.0,6667.0,6667.0,6668.0,6668.0,6668.0,6669.0,6669.0,6670.0,6670.0,,,,,,,,,6671.0,6671.0,6671.0,6671.0,6671.0,6671.0,6673.0,6673.0,6673.0,6673.0,6673.0,6674.0,6674.0,6675.0,6675.0,6677.0,6677.0,6677.0,6677.0,6677.0,6677.0,6677.0,6677.0,6677.0,6677.0,6677.0,6677.0,6677.0,6677.0,6677.0,6677.0,6677.0,6677.0,6679.0,6679.0,6679.0,6679.0,6679.0,6680.0,6680.0,6680.0,6680.0,6681.0,6681.0,6681.0,6681.0,6682.0,6682.0,6682.0,6683.0,6683.0,6684.0,6684.0,6684.0,6685.0,6687.0,6688.0,6688.0,6689.0,6690.0,6690.0,6690.0,6690.0,6690.0,6691.0,6693.0,6693.0,6694.0,6694.0,6694.0,6694.0,6694
srajEMv6vXk,41388.0,41410.0,41417.0,41433.0,41446.0,41460.0,41480.0,41497.0,41513.0,41528.0,41548.0,41566.0,41581.0,41601.0,41625.0,41642.0,41656.0,41675.0,41691.0,41715.0,41737.0,41760.0,41775.0,41789.0,41810.0,41843.0,41864.0,41888.0,41905.0,41928.0,41951.0,41974.0,41996.0,42021.0,42048.0,42057.0,42077.0,42094.0,42108.0,42119.0,42134.0,42151.0,42169.0,42192.0,42217.0,42241.0,42264.0,42290.0,42311.0,42329.0,42355.0,42377.0,42395.0,42417.0,42443.0,42466.0,42491.0,42513.0,42534.0,42557.0,42572.0,42589.0,42607.0,42624.0,42646.0,42664.0,42684.0,42698.0,42709.0,42732.0,42750.0,42763.0,42782.0,42789.0,42808.0,42826.0,42850.0,42871.0,42893.0,42911.0,42934.0,42956.0,42977.0,42996.0,43022.0,43045.0,43070.0,43083.0,43108.0,43123.0,43145.0,43174.0,43203.0,43230.0,43248.0,43278.0,43301.0,43324.0,43348.0,43384.0,43413.0,43437.0,43470.0,43508.0,43547.0,43592.0,43628.0,43663.0,43693.0,43710.0,43745.0,43788.0,43813.0,43853.0,43883.0,43905.0,43949.0,43979.0,44017.0,44061.0,44110.0,44151.0,44172.0,44201.0,44218.0,44254.0,44289.0,44309.0,44330.0,44365.0,44388.0,44413.0,44437.0,44459.0,,,,,,,,,44659.0,44678.0,44695.0,44715.0,44743.0,44773.0,44807.0,44830.0,44865.0,44901.0,44945.0,45002.0,45038.0,45066.0,45088.0,45105.0,45135.0,45173.0,45193.0,45225.0,45243.0,45254.0,45268.0,45291.0,45331.0,45361.0,45388.0,45412.0,45426.0,45442.0,45463.0,45484.0,45514.0,45539.0,45583.0,45595.0,45617.0,45639.0,45666.0,45686.0,45708.0,45739.0,45754.0,45773.0,45796.0,45826.0,45857.0,45894.0,45921.0,45941.0,45959.0,45982.0,46001.0,46028.0,46057.0,46091.0,46121.0,46146.0,46169.0,46194.0,46214.0,46232.0,46267.0,46285.0,46307.0,46340.0,46367.0,46391.0,46412.0,46452.0,46470.0,46497
HWR9ID5Ly6E,44378.0,44382.0,44385.0,44389.0,44389.0,44393.0,44396.0,44397.0,44401.0,44405.0,44408.0,44415.0,44415.0,44422.0,44434.0,44442.0,44446.0,44452.0,44456.0,44459.0,44470.0,44475.0,44479.0,44481.0,44485.0,44489.0,44495.0,44499.0,44502.0,44508.0,44509.0,44512.0,44512.0,44517.0,44523.0,44524.0,44534.0,44538.0,44539.0,44544.0,44545.0,44551.0,44561.0,44569.0,44572.0,44577.0,44580.0,44582.0,44585.0,44591.0,44596.0,44599.0,44599.0,44604.0,44605.0,44608.0,44610.0,44614.0,44618.0,44628.0,44632.0,44631.0,44637.0,44647.0,44650.0,44654.0,44657.0,44661.0,44669.0,44692.0,44746.0,44794.0,44819.0,44823.0,44834.0,44841.0,44845.0,44858.0,44868.0,44879.0,44880.0,44893.0,44898.0,44905.0,44907.0,44916.0,44928.0,44935.0,44946.0,44953.0,44955.0,44959.0,44965.0,44971.0,44972.0,44978.0,44983.0,44987.0,44992.0,44994.0,44997.0,45002.0,45004.0,45007.0,45015.0,45022.0,45027.0,45035.0,45045.0,45054.0,45066.0,45081.0,45097.0,45107.0,45116.0,45126.0,45141.0,45154.0,45157.0,45167.0,45176.0,45183.0,45189.0,45198.0,45204.0,45209.0,45225.0,45238.0,45249.0,45256.0,45267.0,45275.0,45283.0,45297.0,,,,,,,,,45404.0,45412.0,45424.0,45434.0,45445.0,45457.0,45466.0,45477.0,45485.0,45494.0,45506.0,45518.0,45538.0,45546.0,45555.0,45561.0,45566.0,45576.0,45585.0,45592.0,45596.0,45606.0,45614.0,45627.0,45638.0,45645.0,45660.0,45664.0,45670.0,45681.0,45692.0,45702.0,45711.0,45720.0,45728.0,45737.0,45745.0,45754.0,45759.0,45768.0,45775.0,45787.0,45795.0,45801.0,45815.0,45818.0,45827.0,45834.0,45840.0,45847.0,45857.0,45871.0,45879.0,45890.0,45900.0,45912.0,45915.0,45921.0,45936.0,45945.0,45951.0,45960.0,45967.0,45976.0,45982.0,45986.0,45993.0,46002.0,46016.0,46028.0,46034.0,46037
RAWhqVihxFA,3785.0,3785.0,3785.0,3786.0,3786.0,3786.0,3788.0,3790.0,3790.0,3790.0,3790.0,3791.0,3792.0,3793.0,3794.0,3795.0,3795.0,3797.0,3797.0,3801.0,3806.0,3809.0,3811.0,3813.0,3813.0,3813.0,3814.0,3816.0,3818.0,3821.0,3824.0,3826.0,3829.0,3831.0,3831.0,3833.0,3834.0,3837.0,3838.0,3839.0,3839.0,3839.0,3842.0,3842.0,3847.0,3847.0,3849.0,3852.0,3853.0,3855.0,3856.0,3856.0,3860.0,3862.0,3863.0,3864.0,3866.0,3866.0,3868.0,3868.0,3867.0,3870.0,3870.0,3871.0,3872.0,3873.0,3875.0,3875.0,3878.0,3879.0,3879.0,3881.0,3881.0,3882.0,3882.0,3884.0,3885.0,3885.0,3888.0,3888.0,3890.0,3893.0,3894.0,3896.0,3898.0,3899.0,3899.0,3901.0,3904.0,3906.0,3906.0,3907.0,3907.0,3908.0,3908.0,3910.0,3911.0,3912.0,3913.0,3916.0,3916.0,3918.0,3918.0,3920.0,3921.0,3921.0,3922.0,3922.0,3923.0,3925.0,3925.0,3926.0,3926.0,3928.0,3928.0,3929.0,3930.0,3930.0,3932.0,3932.0,3932.0,3933.0,3933.0,3934.0,3935.0,3935.0,3936.0,3936.0,3936.0,3937.0,3938.0,3938.0,3940.0,3942.0,,,,,,,,,3949.0,3949.0,3949.0,3949.0,3953.0,3957.0,3963.0,3967.0,3968.0,3971.0,3972.0,3974.0,3977.0,3977.0,3977.0,3979.0,3980.0,3983.0,3984.0,3985.0,3986.0,3987.0,3988.0,3990.0,3990.0,3991.0,3994.0,3995.0,3995.0,3995.0,3995.0,3995.0,3996.0,3997.0,3999.0,3999.0,4001.0,4001.0,4001.0,4002.0,4005.0,4007.0,4009.0,4010.0,4012.0,4014.0,4016.0,4019.0,4022.0,4022.0,4025.0,4033.0,4037.0,4038.0,4040.0,4040.0,4040.0,4042.0,4042.0,4043.0,4047.0,4049.0,4050.0,4052.0,4052.0,4052.0,4053.0,4053.0,4054.0,4055.0,4055.0,4056
SvS96CD9qlw,49292.0,49317.0,49340.0,49367.0,49404.0,49431.0,49465.0,49514.0,49542.0,49569.0,49581.0,49613.0,49647.0,49679.0,49729.0,49758.0,49780.0,49802.0,49831.0,49865.0,49895.0,49922.0,49948.0,49970.0,49997.0,50028.0,50045.0,50075.0,50104.0,50132.0,50167.0,50201.0,50230.0,50264.0,50299.0,50319.0,50347.0,50370.0,50389.0,50417.0,50456.0,50481.0,50503.0,50529.0,50546.0,50571.0,50609.0,50638.0,50668.0,50701.0,50743.0,50783.0,50816.0,50866.0,50911.0,50957.0,50995.0,51050.0,51111.0,51148.0,51194.0,51243.0,51299.0,51323.0,51373.0,51406.0,51440.0,51466.0,51503.0,51541.0,51587.0,51625.0,51679.0,51719.0,51759.0,51806.0,51869.0,51914.0,51991.0,52049.0,52097.0,52134.0,52200.0,52261.0,52332.0,52385.0,52437.0,52472.0,52517.0,52555.0,52590.0,52623.0,52674.0,52722.0,52767.0,52804.0,52844.0,52882.0,52923.0,52973.0,53033.0,53060.0,53102.0,53152.0,53191.0,53235.0,53293.0,53353.0,53403.0,53450.0,53501.0,53549.0,53587.0,53650.0,53699.0,53726.0,53760.0,53820.0,53849.0,53902.0,53947.0,54011.0,54052.0,54087.0,54117.0,54165.0,54206.0,54244.0,54287.0,54326.0,54366.0,54416.0,54470.0,54508.0,,,,,,,,,54971.0,55008.0,55067.0,55128.0,55185.0,55221.0,55255.0,55283.0,55328.0,55377.0,55422.0,55465.0,55500.0,55530.0,55554.0,55571.0,55595.0,55613.0,55642.0,55675.0,55708.0,55741.0,55768.0,55799.0,55831.0,55859.0,55903.0,55960.0,55992.0,56012.0,56032.0,56066.0,56094.0,56132.0,56174.0,56206.0,56232.0,56267.0,56300.0,56338.0,56366.0,56393.0,56423.0,56460.0,56492.0,56524.0,56561.0,56599.0,56626.0,56676.0,56701.0,56741.0,56774.0,56808.0,56846.0,56880.0,56908.0,56930.0,56958.0,56985.0,57023.0,57056.0,57096.0,57124.0,57146.0,57185.0,57221.0,57249.0,57272.0,57309.0,57341.0,57360
Qm5TW6zMM1Q,602932.0,602933.0,602933.0,602933.0,602935.0,602937.0,602938.0,602940.0,602940.0,602942.0,602943.0,602944.0,602947.0,602949.0,602954.0,602954.0,602956.0,602957.0,602958.0,602960.0,602961.0,602963.0,602964.0,602966.0,602966.0,602971.0,602972.0,602973.0,602974.0,602974.0,602974.0,602974.0,602975.0,602976.0,602977.0,602977.0,602978.0,602981.0,602983.0,602983.0,602984.0,602986.0,602986.0,602988.0,602989.0,602989.0,602991.0,602992.0,602993.0,602996.0,602996.0,603000.0,603001.0,603001.0,603003.0,603006.0,603008.0,603011.0,603014.0,603014.0,603018.0,603022.0,603028.0,603033.0,603036.0,603040.0,603045.0,603048.0,603049.0,603054.0,603055.0,603057.0,603059.0,603060.0,603061.0,603062.0,603062.0,603065.0,603065.0,603067.0,603067.0,603069.0,603072.0,603072.0,603073.0,603074.0,603075.0,603076.0,603076.0,603077.0,603078.0,603082.0,603084.0,603089.0,603089.0,603089.0,603092.0,603094.0,603094.0,603096.0,603100.0,603100.0,603100.0,603103.0,603106.0,603107.0,603112.0,603113.0,603117.0,603123.0,603126.0,603128.0,603130.0,603131.0,603131.0,603131.0,603132.0,603134.0,603136.0,603137.0,603139.0,603141.0,603143.0,603144.0,603144.0,603147.0,603149.0,603150.0,603152.0,603155.0,603156.0,603157.0,603157.0,603159.0,,,,,,,,,603169.0,603170.0,603171.0,603176.0,603177.0,603178.0,603181.0,603182.0,603183.0,603184.0,603184.0,603186.0,603187.0,603190.0,603193.0,603194.0,603197.0,603201.0,603203.0,603205.0,603207.0,603210.0,603213.0,603215.0,603215.0,603221.0,603223.0,603226.0,603227.0,603229.0,603231.0,603233.0,603234.0,603234.0,603235.0,603236.0,603236.0,603237.0,603238.0,603240.0,603241.0,603242.0,603244.0,603244.0,603244.0,603244.0,603244.0,603246.0,603246.0,603247.0,603248.0,603250.0,603252.0,603252.0,603254.0,603255.0,603256.0,603258.0,603258.0,603259.0,603262.0,603265.0,603265.0,603266.0,603267.0,603267.0,603268.0,603268.0,603268.0,603269.0,603272.0,603274
e3Tg0o2O4wg,1148579.0,1148601.0,1148619.0,1148640.0,1148654.0,1148669.0,1148687.0,1148718.0,1148737.0,1148759.0,1148780.0,1148807.0,1148826.0,1148844.0,1148871.0,1148900.0,1148920.0,1148945.0,1148962.0,1148990.0,1149002.0,1149022.0,1149042.0,1149067.0,1149085.0,1149104.0,1149124.0,1149141.0,1149160.0,1149171.0,1149189.0,1149216.0,1149236.0,1149257.0,1149274.0,1149289.0,1149303.0,1149326.0,1149351.0,1149376.0,1149389.0,1149410.0,1149439.0,1149462.0,1149482.0,1149510.0,1149539.0,1149569.0,1149587.0,1149607.0,1149626.0,1149662.0,1149691.0,1149720.0,1149742.0,1149765.0,1149784.0,1149796.0,1149817.0,1149838.0,1149849.0,1149873.0,1149887.0,1149908.0,1149935.0,1149950.0,1149963.0,1149970.0,1149986.0,1150002.0,1150017.0,1150031.0,1150054.0,1150070.0,1150093.0,1150109.0,1150124.0,1150149.0,1150165.0,1150177.0,1150188.0,1150198.0,1150215.0,1150216.0,1150237.0,1150254.0,1150263.0,1150279.0,1150298.0,1150317.0,1150332.0,1150351.0,1150367.0,1150382.0,1150394.0,1150409.0,1150427.0,1150448.0,1150463.0,1150479.0,1150500.0,1150512.0,1150527.0,1150540.0,1150551.0,1150565.0,1150579.0,1150594.0,1150606.0,1150618.0,1150628.0,1150641.0,1150652.0,1150663.0,1150682.0,1150701.0,1150725.0,1150751.0,1150761.0,1150774.0,1150782.0,1150798.0,1150809.0,1150831.0,1150843.0,1150863.0,1150875.0,1150895.0,1150909.0,1150925.0,1150941.0,1150956.0,1150959.0,1150981.0,,,,,,,,,1151140.0,1151165.0,1151182.0,1151188.0,1151211.0,1151228.0,1151256.0,1151271.0,1151295.0,1151311.0,1151338.0,1151353.0,1151373.0,1151389.0,1151408.0,1151424.0,1151442.0,1151458.0,1151483.0,1151500.0,1151524.0,1151541.0,1151566.0,1151587.0,1151606.0,1151634.0,1151651.0,1151674.0,1151698.0,1151714.0,1151731.0,1151752.0,1151775.0,1151788.0,1151801.0,1151810.0,1151829.0,1151839.0,1151855.0,1151869.0,1151880.0,1151894.0,1151900.0,1151910.0,1151921.0,1151936.0,1151952.0,1151965.0,1151976.0,1151987.0,1152007.0,1152031.0,1152038.0,1152050.0,1152067.0,1152080.0,1152099.0,1152113.0,1152123.0,1152134.0,1152147.0,1152155.0,1152166.0,1152178.0,1152195.0,1152207.0,1152215.0,1152228.0,1152244.0,1152263.0,1152278.0,1152299
q1f87sMNTU0,444101.0,444131.0,444161.0,444198.0,444231.0,444258.0,444301.0,444323.0,444350.0,444378.0,444401.0,444432.0,444457.0,444503.0,444547.0,444584.0,444624.0,444659.0,444696.0,444721.0,444759.0,444789.0,444824.0,444865.0,444896.0,444924.0,444958.0,444999.0,445032.0,445051.0,445075.0,445119.0,445153.0,445187.0,445225.0,445271.0,445316.0,445346.0,445378.0,445440.0,445481.0,445521.0,445550.0,445598.0,445626.0,445651.0,445679.0,445722.0,445759.0,445791.0,445830.0,445864.0,445898.0,445950.0,445999.0,446045.0,446083.0,446132.0,446163.0,446185.0,446222.0,446251.0,446281.0,446323.0,446360.0,446403.0,446441.0,446474.0,446517.0,446564.0,446604.0,446648.0,446677.0,446732.0,446784.0,446817.0,446851.0,446886.0,446919.0,446941.0,446969.0,447001.0,447033.0,447063.0,447097.0,447130.0,447170.0,447211.0,447245.0,447268.0,447289.0,447319.0,447353.0,447374.0,447394.0,447416.0,447443.0,447472.0,447493.0,447512.0,447538.0,447567.0,447611.0,447644.0,447678.0,447711.0,447739.0,447768.0,447784.0,447807.0,447820.0,447837.0,447872.0,447897.0,447923.0,447947.0,447977.0,448011.0,448030.0,448050.0,448068.0,448093.0,448110.0,448141.0,448170.0,448195.0,448215.0,448237.0,448255.0,448270.0,448301.0,448322.0,448340.0,448377.0,,,,,,,,,448581.0,448596.0,448609.0,448622.0,448640.0,448653.0,448671.0,448686.0,448709.0,448727.0,448745.0,448773.0,448788.0,448813.0,448830.0,448851.0,448858.0,448872.0,448884.0,448894.0,448920.0,448936.0,448963.0,448985.0,449011.0,449041.0,449067.0,449090.0,449108.0,449132.0,449144.0,449173.0,449194.0,449218.0,449231.0,449253.0,449267.0,449281.0,449294.0,449322.0,449354.0,449381.0,449412.0,449429.0,449452.0,449482.0,449512.0,449548.0,449575.0,449602.0,449630.0,449657.0,449698.0,449728.0,449753.0,449800.0,449831.0,449870.0,449919.0,449957.0,449983.0,450000.0,450032.0,450066.0,450087.0,450115.0,450132.0,450160.0,450185.0,450202.0,450217.0,450230
OPQOtUWtKlQ,602098.0,602176.0,602246.0,602295.0,602335.0,602408.0,602494.0,602555.0,602643.0,602707.0,602786.0,602865.0,602964.0,603042.0,603150.0,603231.0,603319.0,603401.0,603494.0,603617.0,603683.0,603756.0,603844.0,603932.0,603992.0,604071.0,604177.0,604243.0,604328.0,604414.0,604482.0,604565.0,604642.0,604721.0,604804.0,604894.0,605032.0,605173.0,605232.0,605317.0,605372.0,605442.0,605505.0,605613.0,605659.0,605718.0,605773.0,605859.0,605930.0,606035.0,606124.0,606206.0,606258.0,606357.0,606416.0,606521.0,606589.0,606667.0,606740.0,606821.0,606882.0,606973.0,607063.0,607159.0,607235.0,607331.0,607411.0,607499.0,607575.0,607698.0,607778.0,607849.0,607962.0,608050.0,608144.0,608215.0,608303.0,608379.0,608480.0,608557.0,608632.0,608696.0,608761.0,608829.0,608912.0,608989.0,609055.0,609129.0,609202.0,609282.0,609359.0,609417.0,609468.0,609523.0,609588.0,609640.0,609702.0,609775.0,609852.0,609907.0,609953.0,609999.0,610049.0,610111.0,610165.0,610207.0,610249.0,610296.0,610341.0,610391.0,610437.0,610500.0,610548.0,610599.0,610637.0,610682.0,610736.0,610773.0,610821.0,610866.0,610911.0,610958.0,611016.0,611055.0,611079.0,611107.0,611142.0,611187.0,611246.0,611278.0,611318.0,611388.0,611444.0,611498.0,,,,,,,,,612048.0,612104.0,612192.0,612273.0,612359.0,612419.0,612499.0,612562.0,612625.0,612687.0,612749.0,612835.0,612925.0,612976.0,613030.0,613091.0,613144.0,613202.0,613253.0,613321.0,613382.0,613448.0,613495.0,613560.0,613619.0,613733.0,613823.0,613933.0,614019.0,614085.0,614163.0,614249.0,614311.0,614381.0,614449.0,614514.0,614590.0,614652.0,614705.0,614768.0,614812.0,614870.0,614916.0,614953.0,615012.0,615053.0,615104.0,615170.0,615224.0,615259.0,615302.0,615347.0,615372.0,615425.0,615479.0,615556.0,615599.0,615660.0,615729.0,615806.0,615865.0,615893.0,615934.0,615980.0,616012.0,616055.0,616088.0,616130.0,616153.0,616186.0,616233.0,616271
BfmuIersO58,61884.0,61946.0,62022.0,62071.0,62130.0,62204.0,62303.0,62358.0,62441.0,62519.0,62563.0,62641.0,62726.0,62798.0,62898.0,62977.0,63058.0,63132.0,63228.0,63326.0,63389.0,63477.0,63554.0,63610.0,63663.0,63738.0,63814.0,63863.0,63931.0,63998.0,64056.0,64096.0,64149.0,64211.0,64280.0,64340.0,64402.0,64457.0,64501.0,64547.0,64607.0,64658.0,64702.0,64757.0,64802.0,64833.0,64865.0,64928.0,64983.0,65046.0,65105.0,65155.0,65186.0,65242.0,65304.0,65353.0,65410.0,65490.0,65542.0,65576.0,65620.0,65670.0,65731.0,65796.0,65885.0,65948.0,65999.0,66057.0,66123.0,66206.0,66260.0,66315.0,66359.0,66399.0,66447.0,66493.0,66547.0,66592.0,66666.0,66721.0,66775.0,66837.0,66894.0,66950.0,67010.0,67062.0,67098.0,67139.0,67185.0,67232.0,67282.0,67356.0,67434.0,67471.0,67511.0,67556.0,67613.0,67681.0,67746.0,67817.0,67854.0,67896.0,67959.0,68022.0,68089.0,68162.0,68237.0,68304.0,68348.0,68416.0,68469.0,68538.0,68598.0,68679.0,68780.0,68821.0,68908.0,68986.0,69065.0,69129.0,69211.0,69254.0,69322.0,69393.0,69460.0,69527.0,69570.0,69634.0,69671.0,69733.0,69789.0,69835.0,69871.0,69912.0,,,,,,,,,70398.0,70432.0,70471.0,70525.0,70575.0,70631.0,70681.0,70719.0,70759.0,70808.0,70861.0,70909.0,70957.0,71025.0,71068.0,71118.0,71166.0,71212.0,71263.0,71323.0,71373.0,71428.0,71466.0,71524.0,71594.0,71659.0,71722.0,71772.0,71817.0,71864.0,71930.0,72014.0,72077.0,72129.0,72196.0,72266.0,72317.0,72380.0,72437.0,72481.0,72532.0,72592.0,72651.0,72693.0,72743.0,72821.0,72887.0,72949.0,73003.0,73045.0,73073.0,73103.0,73163.0,73205.0,73247.0,73290.0,73327.0,73361.0,73406.0,73452.0,73486.0,73518.0,73553.0,73583.0,73607.0,73641.0,73683.0,73715.0,73740.0,73781.0,73816.0,73851
E8Soa314GOc,21789.0,21796.0,21805.0,21808.0,21818.0,21826.0,21827.0,21832.0,21836.0,21841.0,21843.0,21846.0,21847.0,21850.0,21859.0,21865.0,21869.0,21875.0,21881.0,21885.0,21891.0,21894.0,21896.0,21899.0,21901.0,21904.0,21912.0,21916.0,21919.0,21927.0,21936.0,21940.0,21946.0,21956.0,21965.0,21973.0,21983.0,21996.0,22001.0,22003.0,22006.0,22009.0,22021.0,22034.0,22038.0,22042.0,22046.0,22054.0,22062.0,22068.0,22070.0,22077.0,22077.0,22079.0,22087.0,22095.0,22101.0,22106.0,22113.0,22117.0,22122.0,22125.0,22128.0,22137.0,22140.0,22141.0,22151.0,22154.0,22163.0,22171.0,22176.0,22184.0,22188.0,22191.0,22192.0,22196.0,22204.0,22207.0,22214.0,22218.0,22223.0,22231.0,22232.0,22239.0,22241.0,22246.0,22249.0,22255.0,22258.0,22265.0,22268.0,22270.0,22275.0,22280.0,22281.0,22289.0,22292.0,22298.0,22302.0,22304.0,22307.0,22311.0,22314.0,22317.0,22320.0,22325.0,22327.0,22333.0,22337.0,22341.0,22344.0,22347.0,22353.0,22362.0,22370.0,22372.0,22378.0,22382.0,22382.0,22385.0,22388.0,22391.0,22393.0,22395.0,22399.0,22403.0,22406.0,22410.0,22413.0,22414.0,22419.0,22419.0,22422.0,22423.0,,,,,,,,,22455.0,22458.0,22463.0,22471.0,22472.0,22482.0,22483.0,22488.0,22491.0,22500.0,22508.0,22512.0,22515.0,22524.0,22527.0,22533.0,22542.0,22546.0,22548.0,22550.0,22559.0,22563.0,22572.0,22587.0,22595.0,22614.0,22621.0,22637.0,22645.0,22651.0,22667.0,22677.0,22687.0,22694.0,22697.0,22701.0,22704.0,22708.0,22713.0,22716.0,22720.0,22724.0,22727.0,22730.0,22734.0,22736.0,22740.0,22748.0,22751.0,22758.0,22760.0,22762.0,22766.0,22772.0,22775.0,22781.0,22787.0,22790.0,22792.0,22795.0,22798.0,22800.0,22801.0,22806.0,22811.0,22817.0,22822.0,22827.0,22830.0,22834.0,22835.0,22844
wYSRs9ovN-I,114817.0,114834.0,114857.0,114871.0,114900.0,114925.0,114946.0,114973.0,114991.0,115008.0,115030.0,115042.0,115058.0,115083.0,115105.0,115128.0,115148.0,115167.0,115180.0,115202.0,115215.0,115241.0,115273.0,115294.0,115304.0,115314.0,115336.0,115358.0,115379.0,115402.0,115424.0,115441.0,115467.0,115483.0,115503.0,115523.0,115539.0,115558.0,115572.0,115586.0,115605.0,115617.0,115630.0,115646.0,115659.0,115668.0,115679.0,115697.0,115707.0,115721.0,115729.0,115743.0,115755.0,115771.0,115782.0,115802.0,115824.0,115838.0,115858.0,115875.0,115891.0,115912.0,115928.0,115944.0,115965.0,115980.0,115984.0,116001.0,116017.0,116035.0,116053.0,116068.0,116084.0,116097.0,116122.0,116137.0,116162.0,116183.0,116196.0,116215.0,116235.0,116243.0,116257.0,116275.0,116292.0,116320.0,116335.0,116346.0,116353.0,116364.0,116381.0,116402.0,116416.0,116434.0,116443.0,116455.0,116472.0,116489.0,116506.0,116527.0,116540.0,116551.0,116568.0,116579.0,116595.0,116611.0,116624.0,116634.0,116642.0,116652.0,116669.0,116685.0,116694.0,116711.0,116717.0,116723.0,116740.0,116750.0,116762.0,116771.0,116790.0,116809.0,116815.0,116826.0,116838.0,116854.0,116860.0,116872.0,116878.0,116888.0,116906.0,116913.0,116924.0,116938.0,,,,,,,,,117042.0,117053.0,117065.0,117076.0,117092.0,117105.0,117118.0,117127.0,117132.0,117144.0,117158.0,117170.0,117180.0,117186.0,117193.0,117205.0,117215.0,117227.0,117238.0,117253.0,117266.0,117276.0,117287.0,117291.0,117305.0,117320.0,117337.0,117351.0,117364.0,117373.0,117377.0,117390.0,117397.0,117404.0,117421.0,117426.0,117431.0,117442.0,117455.0,117465.0,117475.0,117481.0,117496.0,117505.0,117516.0,117529.0,117544.0,117559.0,117567.0,117572.0,117581.0,117590.0,117598.0,117611.0,117621.0,117628.0,117638.0,117649.0,117660.0,117671.0,117688.0,117698.0,117706.0,117716.0,117723.0,117735.0,117745.0,117751.0,117763.0,117770.0,117783.0,117791
rFYcvrKkr90,2977505.0,2978246.0,2978974.0,2979769.0,2980557.0,2981435.0,2982434.0,2983310.0,2984147.0,2985022.0,2985922.0,2986683.0,2987619.0,2988421.0,2989322.0,2990155.0,2990886.0,2991723.0,2992600.0,2993483.0,2994592.0,2995533.0,2996435.0,2997338.0,2998043.0,2998963.0,2999902.0,3000753.0,3001535.0,3002361.0,3003077.0,3003791.0,3004510.0,3005247.0,3006011.0,3006826.0,3007675.0,3008393.0,3009106.0,3010185.0,3011401.0,3012517.0,3013706.0,3014877.0,3015920.0,3016887.0,3017847.0,3018843.0,3019844.0,3020768.0,3021640.0,3022428.0,3023363.0,3024210.0,3025114.0,3026036.0,3026993.0,3027825.0,3028649.0,3029507.0,3030520.0,3031534.0,3032586.0,3033456.0,3034444.0,3035319.0,3036161.0,3037045.0,3037707.0,3038657.0,3039546.0,3040425.0,3041240.0,3042126.0,3043133.0,3044214.0,3045263.0,3046274.0,3047245.0,3048067.0,3048912.0,3049795.0,3050768.0,3051744.0,3052697.0,3053499.0,3054347.0,3055095.0,3055952.0,3056890.0,3057785.0,3058734.0,3059705.0,3060617.0,3061526.0,3062632.0,3063777.0,3065046.0,3066131.0,3067165.0,3068283.0,3069238.0,3070207.0,3071228.0,3072304.0,3073393.0,3074564.0,3075412.0,3076370.0,3077392.0,3078415.0,3079319.0,3080191.0,3081088.0,3081836.0,3082678.0,3083672.0,3084518.0,3085421.0,3086257.0,3087038.0,3087741.0,3088495.0,3089468.0,3090512.0,3091189.0,3092111.0,3092860.0,3093609.0,3094411.0,3095251.0,3095984.0,3096811.0,3097572.0,,,,,,,,,3104848.0,3105591.0,3106371.0,3107106.0,3107885.0,3108624.0,3109253.0,3109855.0,3110352.0,3111056.0,3111663.0,3112266.0,3112876.0,3113586.0,3114159.0,3114750.0,3115404.0,3116076.0,3116901.0,3117600.0,3118460.0,3119106.0,3119883.0,3120580.0,3121399.0,3122084.0,3122758.0,3123431.0,3123952.0,3124610.0,3125289.0,3125985.0,3126553.0,3127259.0,3128060.0,3128648.0,3129254.0,3129915.0,3130634.0,3131386.0,3132039.0,3132663.0,3133222.0,3133871.0,3134470.0,3135084.0,3135827.0,3136547.0,3137177.0,3137882.0,3138499.0,3139067.0,3139796.0,3140504.0,3141086.0,3141696.0,3142205.0,3142790.0,3143398.0,3143967.0,3144571.0,3145106.0,3145703.0,3146207.0,3146721.0,3147269.0,3147950.0,3148578.0,3149098.0,3149651.0,3150175.0,3150747
N8lrjXkOseA,14617.0,14623.0,14625.0,14625.0,14628.0,14629.0,14629.0,14632.0,14633.0,14635.0,14636.0,14637.0,14641.0,14644.0,14646.0,14649.0,14651.0,14654.0,14656.0,14661.0,14663.0,14669.0,14676.0,14679.0,14687.0,14690.0,14694.0,14695.0,14698.0,14705.0,14707.0,14711.0,14715.0,14721.0,14728.0,14733.0,14739.0,14745.0,14748.0,14754.0,14758.0,14761.0,14761.0,14764.0,14767.0,14772.0,14781.0,14788.0,14793.0,14805.0,14810.0,14811.0,14814.0,14817.0,14818.0,14820.0,14821.0,14824.0,14827.0,14836.0,14842.0,14845.0,14848.0,14851.0,14856.0,14858.0,14863.0,14866.0,14871.0,14878.0,14882.0,14885.0,14888.0,14893.0,14895.0,14898.0,14898.0,14900.0,14903.0,14907.0,14912.0,14918.0,14923.0,14927.0,14929.0,14929.0,14932.0,14935.0,14938.0,14939.0,14940.0,14941.0,14944.0,14947.0,14951.0,14954.0,14954.0,14954.0,14959.0,14966.0,14970.0,14976.0,14978.0,14980.0,14982.0,14989.0,14993.0,14998.0,15004.0,15006.0,15011.0,15013.0,15015.0,15019.0,15019.0,15025.0,15028.0,15034.0,15038.0,15046.0,15048.0,15051.0,15056.0,15057.0,15062.0,15067.0,15068.0,15077.0,15080.0,15085.0,15088.0,15094.0,15098.0,15108.0,,,,,,,,,15153.0,15155.0,15155.0,15160.0,15163.0,15162.0,15163.0,15165.0,15171.0,15171.0,15173.0,15177.0,15180.0,15182.0,15183.0,15184.0,15184.0,15184.0,15185.0,15186.0,15186.0,15189.0,15192.0,15192.0,15194.0,15196.0,15197.0,15200.0,15201.0,15201.0,15201.0,15201.0,15201.0,15203.0,15203.0,15204.0,15206.0,15207.0,15207.0,15210.0,15211.0,15212.0,15215.0,15215.0,15216.0,15219.0,15221.0,15224.0,15224.0,15225.0,15226.0,15226.0,15229.0,15230.0,15231.0,15232.0,15235.0,15236.0,15237.0,15238.0,15239.0,15240.0,15241.0,15245.0,15247.0,15251.0,15256.0,15259.0,15263.0,15267.0,15272.0,15277
zHPl5hC6pp8,2537.0,2537.0,2537.0,2537.0,2537.0,2537.0,2537.0,2537.0,2537.0,2537.0,2537.0,2537.0,2537.0,2537.0,2537.0,2537.0,2537.0,2537.0,2537.0,2537.0,2537.0,2537.0,2537.0,2537.0,2537.0,2537.0,2537.0,2537.0,2537.0,2537.0,2537.0,2537.0,2537.0,2537.0,2537.0,2537.0,2537.0,2537.0,2537.0,2537.0,2537.0,2537.0,2537.0,2537.0,2537.0,2537.0,2537.0,2537.0,2537.0,2537.0,2537.0,2537.0,2537.0,2537.0,2537.0,2537.0,2537.0,2537.0,2537.0,2537.0,2537.0,2537.0,2537.0,2537.0,2537.0,2537.0,2537.0,2537.0,2537.0,2537.0,2537.0,2537.0,2537.0,2537.0,2537.0,2537.0,2537.0,2537.0,2537.0,2537.0,2537.0,2537.0,2537.0,2537.0,2537.0,2537.0,2537.0,2537.0,2537.0,2537.0,2537.0,2537.0,2537.0,2537.0,2537.0,2537.0,2537.0,2537.0,2537.0,2537.0,2537.0,2537.0,2537.0,2537.0,2537.0,2537.0,2537.0,2537.0,2537.0,2537.0,2537.0,2537.0,2537.0,2537.0,2537.0,2537.0,2537.0,2537.0,2537.0,2537.0,2537.0,2537.0,2537.0,2537.0,2537.0,2537.0,2537.0,2537.0,2537.0,2537.0,2537.0,2537.0,2537.0,2537.0,,,,,,,,,2537.0,2537.0,2537.0,2537.0,2537.0,2537.0,2537.0,2537.0,2537.0,2537.0,2537.0,2537.0,2537.0,2537.0,2537.0,2537.0,2537.0,2537.0,2537.0,2537.0,2537.0,2537.0,2537.0,2537.0,2537.0,2537.0,2537.0,2537.0,2537.0,2537.0,2537.0,2537.0,2537.0,2537.0,2537.0,2537.0,2537.0,2537.0,2537.0,2537.0,2537.0,2537.0,2537.0,2537.0,2537.0,2537.0,2537.0,2537.0,2537.0,2537.0,2537.0,2537.0,2537.0,2537.0,2537.0,2537.0,2537.0,2537.0,2537.0,2537.0,2537.0,2537.0,2537.0,2537.0,2537.0,2537.0,2537.0,2537.0,2537.0,2537.0,2537.0,2537
Cy68-zLXoa8,1787.0,1787.0,1787.0,1787.0,1787.0,1787.0,1787.0,1787.0,1787.0,1787.0,1787.0,1787.0,1787.0,1787.0,1787.0,1787.0,1787.0,1787.0,1787.0,1787.0,1787.0,1787.0,1787.0,1787.0,1787.0,1787.0,1787.0,1787.0,1787.0,1787.0,1787.0,1787.0,1787.0,1787.0,1787.0,1787.0,1787.0,1787.0,1787.0,1787.0,1787.0,1787.0,1787.0,1787.0,1787.0,1787.0,1787.0,1787.0,1787.0,1787.0,1787.0,1787.0,1787.0,1787.0,1787.0,1787.0,1787.0,1787.0,1787.0,1787.0,1787.0,1787.0,1787.0,1787.0,1787.0,1787.0,1787.0,1787.0,1787.0,1787.0,1787.0,1787.0,1787.0,1787.0,1787.0,1787.0,1787.0,1787.0,1787.0,1787.0,1787.0,1787.0,1787.0,1787.0,1787.0,1787.0,1787.0,1787.0,1787.0,1787.0,1787.0,1787.0,1787.0,1787.0,1787.0,1787.0,1787.0,1787.0,1787.0,1787.0,1787.0,1787.0,1787.0,1787.0,1787.0,1787.0,1787.0,1787.0,1787.0,1787.0,1787.0,1787.0,1787.0,1787.0,1787.0,1787.0,1787.0,1787.0,1787.0,1787.0,1787.0,1787.0,1787.0,1787.0,1787.0,1787.0,1787.0,1787.0,1787.0,1787.0,1787.0,1787.0,1787.0,1787.0,,,,,,,,,1787.0,1787.0,1787.0,1787.0,1787.0,1787.0,1787.0,1787.0,1787.0,1787.0,1787.0,1787.0,1787.0,1787.0,1787.0,1787.0,1787.0,1787.0,1787.0,1787.0,1787.0,1787.0,1787.0,1787.0,1787.0,1787.0,1787.0,1787.0,1787.0,1787.0,1787.0,1787.0,1787.0,1787.0,1787.0,1787.0,1787.0,1787.0,1787.0,1787.0,1787.0,1787.0,1787.0,1787.0,1787.0,1787.0,1787.0,1787.0,1787.0,1787.0,1787.0,1787.0,1787.0,1787.0,1787.0,1787.0,1787.0,1787.0,1787.0,1787.0,1787.0,1787.0,1787.0,1787.0,1787.0,1787.0,1787.0,1787.0,1787.0,1787.0,1787.0,1787
cGJEOa9mJ3U,12831140.0,12836696.0,12842243.0,12847617.0,12853724.0,12860065.0,12866269.0,12872297.0,12878286.0,12883584.0,12888561.0,12894279.0,12900145.0,12906273.0,12912350.0,12918393.0,12923896.0,12928818.0,12934498.0,12940729.0,12947330.0,12954186.0,12961056.0,12967427.0,12973482.0,12979737.0,12986719.0,12994163.0,13001375.0,13008589.0,13015303.0,13021154.0,13027415.0,13034391.0,13041932.0,13048644.0,13055689.0,13061748.0,13066983.0,13073672.0,13080948.0,13088093.0,13095604.0,13103008.0,13109073.0,13114346.0,13120187.0,13127004.0,13133797.0,13140572.0,13147228.0,13154114.0,13159775.0,13166146.0,13172474.0,13178772.0,13185124.0,13191385.0,13196853.0,13202456.0,13208825.0,13215792.0,13222663.0,13229065.0,13235366.0,13241774.0,13247628.0,13253879.0,13259553.0,13266925.0,13273556.0,13279429.0,13285127.0,13290627.0,13296553.0,13302634.0,13309965.0,13318213.0,13326870.0,13335084.0,13342357.0,13349374.0,13356379.0,13363966.0,13370952.0,13377949.0,13384561.0,13391030.0,13398089.0,13404932.0,13412569.0,13420125.0,13427013.0,13434093.0,13440237.0,13447592.0,13454951.0,13462835.0,13470703.0,13478311.0,13485053.0,13491154.0,13497609.0,13504636.0,13512073.0,13519660.0,13528075.0,13535036.0,13541476.0,13548607.0,13556182.0,13563809.0,13571418.0,13578783.0,13585812.0,13591904.0,13599441.0,13607163.0,13614882.0,13623070.0,13631132.0,13637892.0,13644408.0,13651529.0,13658712.0,13666415.0,13673671.0,13681055.0,13687035.0,13692308.0,13698971.0,13706944.0,13715239.0,13722287.0,,,,,,,,,13780744.0,13786992.0,13793568.0,13800387.0,13807085.0,13813129.0,13818915.0,13824371.0,13830425.0,13837019.0,13843695.0,13850230.0,13857124.0,13864862.0,13871178.0,13877260.0,13884865.0,13892527.0,13899671.0,13906621.0,13913133.0,13919225.0,13924697.0,13930512.0,13936237.0,13942126.0,13948560.0,13954538.0,13959715.0,13964424.0,13969918.0,13975383.0,13981036.0,13986676.0,13992279.0,13997825.0,14002646.0,14008284.0,14014006.0,14019770.0,14025442.0,14030930.0,14035901.0,14040327.0,14045221.0,14050890.0,14056679.0,14062222.0,14067517.0,14072273.0,14076657.0,14081412.0,14086394.0,14091880.0,14097431.0,14102969.0,14107845.0,14112645.0,14118278.0,14124375.0,14130338.0,14135185.0,14140647.0,14145934.0,14150911.0,14156915.0,14163284.0,14169345.0,14174157.0,14179408.0,14184873.0,14189989
OWLLifIw7m8,1235429.0,1235635.0,1235848.0,1236062.0,1236315.0,1236530.0,1236750.0,1236982.0,1237202.0,1237436.0,1237642.0,1237831.0,1238024.0,1238233.0,1238467.0,1238647.0,1238853.0,1238978.0,1239174.0,1239368.0,1239529.0,1239747.0,1239962.0,1240203.0,1240375.0,1240561.0,1240748.0,1240937.0,1241131.0,1241337.0,1241527.0,1241720.0,1241900.0,1242101.0,1242301.0,1242517.0,1242697.0,1242889.0,1243061.0,1243264.0,1243469.0,1243654.0,1243856.0,1244056.0,1244237.0,1244436.0,1244616.0,1244817.0,1245031.0,1245222.0,1245445.0,1245623.0,1245848.0,1246034.0,1246237.0,1246460.0,1246686.0,1246911.0,1247132.0,1247359.0,1247556.0,1247757.0,1247965.0,1248237.0,1248417.0,1248647.0,1248800.0,1248974.0,1249159.0,1249381.0,1249565.0,1249748.0,1249925.0,1250079.0,1250275.0,1250446.0,1250644.0,1250849.0,1251045.0,1251249.0,1251455.0,1251619.0,1251797.0,1251965.0,1252158.0,1252360.0,1252545.0,1252698.0,1252884.0,1253071.0,1253288.0,1253506.0,1253691.0,1253933.0,1254096.0,1254282.0,1254425.0,1254603.0,1254775.0,1255002.0,1255196.0,1255343.0,1255564.0,1255740.0,1255877.0,1256044.0,1256209.0,1256354.0,1256524.0,1256687.0,1256825.0,1256960.0,1257137.0,1257312.0,1257495.0,1257694.0,1257873.0,1258019.0,1258196.0,1258369.0,1258539.0,1258724.0,1258917.0,1259071.0,1259225.0,1259417.0,1259612.0,1259777.0,1259952.0,1260098.0,1260250.0,1260420.0,1260616.0,1260765.0,,,,,,,,,1261998.0,1262119.0,1262258.0,1262392.0,1262534.0,1262647.0,1262784.0,1262896.0,1263035.0,1263144.0,1263305.0,1263425.0,1263533.0,1263680.0,1263807.0,1263931.0,1264052.0,1264170.0,1264311.0,1264471.0,1264595.0,1264751.0,1264897.0,1265059.0,1265200.0,1265334.0,1265448.0,1265594.0,1265727.0,1265850.0,1265983.0,1266101.0,1266315.0,1266418.0,1266544.0,1266664.0,1266784.0,1266909.0,1267051.0,1267183.0,1267310.0,1267417.0,1267548.0,1267685.0,1267821.0,1267920.0,1268073.0,1268232.0,1268365.0,1268494.0,1268616.0,1268759.0,1268887.0,1268982.0,1269148.0,1269257.0,1269375.0,1269477.0,1269586.0,1269709.0,1269809.0,1269919.0,1270015.0,1270151.0,1270260.0,1270351.0,1270487.0,1270589.0,1270673.0,1270777.0,1270877.0,1270989
34a7LkuXnp4,657611.0,657832.0,658053.0,658289.0,658510.0,658710.0,658937.0,659164.0,659373.0,659587.0,659755.0,659978.0,660208.0,660434.0,660668.0,660960.0,661224.0,661442.0,661650.0,661853.0,662042.0,662265.0,662456.0,662681.0,662876.0,663073.0,663277.0,663562.0,663797.0,664065.0,664293.0,664481.0,664694.0,664937.0,665149.0,665345.0,665521.0,665703.0,665931.0,666092.0,666281.0,666463.0,666654.0,666844.0,667021.0,667211.0,667400.0,667611.0,667843.0,668061.0,668278.0,668522.0,668679.0,668865.0,669065.0,669348.0,669545.0,669747.0,669936.0,670115.0,670339.0,670578.0,670818.0,671049.0,671318.0,671483.0,671674.0,671830.0,672040.0,672269.0,672475.0,672687.0,672873.0,673057.0,673253.0,673469.0,673644.0,673873.0,674090.0,674321.0,674511.0,674698.0,674892.0,675112.0,675321.0,675535.0,675734.0,675915.0,676121.0,676255.0,676440.0,676603.0,676798.0,676980.0,677221.0,677401.0,677602.0,677789.0,677971.0,678170.0,678333.0,678479.0,678649.0,678814.0,678998.0,679166.0,679346.0,679521.0,679642.0,679774.0,679968.0,680171.0,680355.0,680561.0,680735.0,680906.0,681093.0,681280.0,681469.0,681697.0,681914.0,682153.0,682327.0,682506.0,682713.0,682894.0,683100.0,683258.0,683449.0,683596.0,683751.0,683930.0,684125.0,684295.0,,,,,,,,,686058.0,686248.0,686447.0,686643.0,686799.0,686962.0,687157.0,687349.0,687568.0,687783.0,687971.0,688155.0,688384.0,688603.0,688795.0,688973.0,689106.0,689293.0,689483.0,689629.0,689836.0,690010.0,690192.0,690372.0,690529.0,690690.0,690849.0,691004.0,691161.0,691285.0,691428.0,691569.0,691715.0,691852.0,692024.0,692161.0,692316.0,692521.0,692664.0,692824.0,692966.0,693124.0,693289.0,693444.0,693580.0,693718.0,693844.0,694004.0,694158.0,694323.0,694473.0,694631.0,694775.0,694931.0,695084.0,695205.0,695329.0,695432.0,695547.0,695666.0,695783.0,695902.0,696015.0,696153.0,696259.0,696385.0,696510.0,696648.0,696720.0,696831.0,696938.0,697018
PfBZeTP4FhI,257114.0,257191.0,257300.0,257406.0,257524.0,257645.0,257751.0,257903.0,258022.0,258157.0,258287.0,258403.0,258506.0,258583.0,258701.0,258804.0,258930.0,259044.0,259143.0,259242.0,259330.0,259434.0,259536.0,259627.0,259713.0,259820.0,259939.0,260036.0,260130.0,260250.0,260336.0,260409.0,260494.0,260570.0,260656.0,260751.0,260842.0,260919.0,260976.0,261059.0,261141.0,261222.0,261307.0,261431.0,261507.0,261594.0,261681.0,261788.0,261865.0,261973.0,262087.0,262199.0,262279.0,262375.0,262456.0,262541.0,262630.0,262696.0,262795.0,262883.0,262976.0,263060.0,263143.0,263236.0,263308.0,263379.0,263445.0,263522.0,263577.0,263655.0,263739.0,263824.0,263898.0,263973.0,264055.0,264145.0,264220.0,264301.0,264378.0,264465.0,264555.0,264648.0,264744.0,264822.0,264917.0,265007.0,265101.0,265201.0,265299.0,265390.0,265479.0,265563.0,265666.0,265772.0,265855.0,265964.0,266058.0,266148.0,266208.0,266309.0,266369.0,266443.0,266506.0,266587.0,266670.0,266751.0,266846.0,266929.0,266978.0,267032.0,267094.0,267168.0,267229.0,267304.0,267365.0,267428.0,267494.0,267555.0,267618.0,267673.0,267748.0,267835.0,267897.0,267989.0,268068.0,268141.0,268217.0,268304.0,268407.0,268470.0,268539.0,268593.0,268671.0,268730.0,,,,,,,,,269420.0,269486.0,269567.0,269646.0,269715.0,269799.0,269860.0,269922.0,269983.0,270053.0,270105.0,270185.0,270247.0,270324.0,270393.0,270461.0,270513.0,270586.0,270659.0,270719.0,270775.0,270830.0,270886.0,270938.0,270987.0,271037.0,271098.0,271165.0,271223.0,271287.0,271344.0,271418.0,271467.0,271517.0,271576.0,271631.0,271687.0,271747.0,271816.0,271884.0,271931.0,271989.0,272037.0,272097.0,272149.0,272211.0,272261.0,272320.0,272417.0,272474.0,272536.0,272594.0,272659.0,272725.0,272774.0,272844.0,272890.0,272950.0,273016.0,273070.0,273123.0,273172.0,273232.0,273297.0,273364.0,273413.0,273471.0,273513.0,273553.0,273585.0,273647.0,273699
81fsaieOxbM,6807.0,6807.0,6807.0,6807.0,6807.0,6807.0,6807.0,6808.0,6808.0,6811.0,6812.0,6816.0,6816.0,6819.0,6820.0,6822.0,6823.0,6826.0,6826.0,6829.0,6830.0,6832.0,6832.0,6833.0,6833.0,6834.0,6835.0,6836.0,6836.0,6841.0,6842.0,6842.0,6847.0,6847.0,6849.0,6849.0,6851.0,6851.0,6853.0,6853.0,6855.0,6857.0,6857.0,6858.0,6858.0,6859.0,6860.0,6861.0,6863.0,6863.0,6864.0,6864.0,6865.0,6866.0,6866.0,6866.0,6866.0,6867.0,6867.0,6867.0,6867.0,6867.0,6868.0,6868.0,6869.0,6869.0,6869.0,6869.0,6869.0,6869.0,6870.0,6871.0,6871.0,6871.0,6872.0,6872.0,6873.0,6874.0,6876.0,6876.0,6875.0,6876.0,6876.0,6876.0,6876.0,6876.0,6876.0,6876.0,6876.0,6876.0,6876.0,6876.0,6876.0,6877.0,6878.0,6878.0,6878.0,6878.0,6879.0,6881.0,6881.0,6880.0,6885.0,6885.0,6885.0,6885.0,6885.0,6885.0,6885.0,6886.0,6889.0,6889.0,6889.0,6890.0,6892.0,6892.0,6892.0,6893.0,6893.0,6894.0,6894.0,6894.0,6896.0,6897.0,6897.0,6897.0,6897.0,6897.0,6897.0,6897.0,6899.0,6901.0,6901.0,6901.0,,,,,,,,,6907.0,6908.0,6909.0,6910.0,6910.0,6910.0,6910.0,6911.0,6912.0,6912.0,6915.0,6915.0,6915.0,6915.0,6917.0,6917.0,6917.0,6917.0,6917.0,6917.0,6919.0,6919.0,6920.0,6920.0,6920.0,6920.0,6922.0,6924.0,6925.0,6925.0,6926.0,6926.0,6926.0,6926.0,6926.0,6926.0,6926.0,6926.0,6927.0,6927.0,6927.0,6928.0,6928.0,6928.0,6929.0,6929.0,6929.0,6929.0,6929.0,6929.0,6929.0,6930.0,6931.0,6932.0,6932.0,6932.0,6932.0,6932.0,6932.0,6932.0,6932.0,6932.0,6932.0,6933.0,6933.0,6933.0,6933.0,6933.0,6935.0,6935.0,6935.0,6935
xQDNQWVBTP8,3842.0,3842.0,3842.0,3843.0,3844.0,3846.0,3846.0,3847.0,3848.0,3848.0,3848.0,3849.0,3849.0,3850.0,3850.0,3850.0,3850.0,3849.0,3850.0,3850.0,3851.0,3852.0,3852.0,3852.0,3852.0,3852.0,3852.0,3852.0,3853.0,3853.0,3853.0,3855.0,3855.0,3855.0,3857.0,3857.0,3858.0,3858.0,3860.0,3860.0,3860.0,3861.0,3861.0,3861.0,3862.0,3862.0,3863.0,3864.0,3864.0,3865.0,3865.0,3865.0,3865.0,3865.0,3866.0,3866.0,3866.0,3867.0,3867.0,3867.0,3867.0,3868.0,3868.0,3868.0,3868.0,3869.0,3869.0,3869.0,3869.0,3869.0,3869.0,3869.0,3869.0,3869.0,3869.0,3869.0,3870.0,3870.0,3871.0,3871.0,3871.0,3871.0,3872.0,3872.0,3873.0,3873.0,3874.0,3875.0,3876.0,3877.0,3880.0,3880.0,3884.0,3884.0,3884.0,3886.0,3886.0,3886.0,3886.0,3886.0,3887.0,3887.0,3887.0,3888.0,3888.0,3888.0,3889.0,3889.0,3889.0,3889.0,3889.0,3890.0,3890.0,3890.0,3890.0,3891.0,3891.0,3891.0,3892.0,3894.0,3894.0,3896.0,3901.0,3902.0,3902.0,3903.0,3903.0,3903.0,3903.0,3903.0,3903.0,3903.0,3903.0,3905.0,,,,,,,,,3906.0,3906.0,3908.0,3909.0,3909.0,3909.0,3909.0,3910.0,3911.0,3911.0,3911.0,3912.0,3912.0,3912.0,3912.0,3912.0,3912.0,3912.0,3912.0,3912.0,3912.0,3912.0,3912.0,3914.0,3914.0,3914.0,3915.0,3915.0,3915.0,3915.0,3915.0,3915.0,3915.0,3915.0,3915.0,3915.0,3915.0,3915.0,3915.0,3915.0,3915.0,3915.0,3915.0,3915.0,3915.0,3915.0,3915.0,3916.0,3916.0,3916.0,3916.0,3916.0,3917.0,3917.0,3917.0,3917.0,3917.0,3917.0,3918.0,3918.0,3918.0,3918.0,3918.0,3918.0,3918.0,3918.0,3918.0,3918.0,3918.0,3918.0,3919.0,3919
yUzdTntWAZ0,203448.0,203486.0,203559.0,203608.0,203648.0,203712.0,203764.0,203829.0,203880.0,203938.0,204002.0,204049.0,204103.0,204160.0,204218.0,204264.0,204313.0,204361.0,204411.0,204468.0,204515.0,204582.0,204631.0,204688.0,204746.0,204811.0,204865.0,204929.0,204980.0,205089.0,205152.0,205213.0,205267.0,205308.0,205353.0,205431.0,205490.0,205532.0,205591.0,205652.0,205700.0,205751.0,205821.0,205862.0,205905.0,205963.0,206002.0,206052.0,206104.0,206163.0,206208.0,206245.0,206293.0,206356.0,206416.0,206460.0,206539.0,206588.0,206643.0,206719.0,206788.0,206882.0,206963.0,207017.0,207088.0,207181.0,207251.0,207313.0,207374.0,207459.0,207523.0,207585.0,207642.0,207695.0,207751.0,207814.0,207862.0,207905.0,207947.0,208015.0,208064.0,208119.0,208179.0,208244.0,208339.0,208407.0,208461.0,208520.0,208569.0,208630.0,208714.0,208856.0,208927.0,208990.0,209020.0,209072.0,209145.0,209206.0,209258.0,209307.0,209345.0,209404.0,209445.0,209475.0,209549.0,209592.0,209663.0,209724.0,209773.0,209817.0,209900.0,209953.0,210007.0,210061.0,210117.0,210169.0,210208.0,210244.0,210285.0,210331.0,210383.0,210426.0,210467.0,210507.0,210548.0,210598.0,210636.0,210679.0,210719.0,210762.0,210805.0,210836.0,210866.0,210913.0,,,,,,,,,211265.0,211293.0,211327.0,211373.0,211409.0,211445.0,211475.0,211503.0,211534.0,211572.0,211609.0,211652.0,211686.0,211725.0,211764.0,211790.0,211825.0,211858.0,211915.0,211967.0,212005.0,212048.0,212090.0,212126.0,212161.0,212193.0,212236.0,217856.0,222954.0,227361.0,229341.0,230370.0,231229.0,231957.0,232200.0,232304.0,232344.0,232383.0,232422.0,232488.0,232556.0,232640.0,232683.0,232732.0,236558.0,237667.0,237702.0,237740.0,237647.0,237696.0,237734.0,237772.0,237831.0,237882.0,237918.0,237960.0,238001.0,238093.0,238144.0,238184.0,238216.0,238254.0,238295.0,238341.0,238378.0,238419.0,238453.0,238502.0,238532.0,238570.0,238606.0,238649
YLwduG3xfbI,179208.0,179298.0,179362.0,179441.0,179541.0,179611.0,179706.0,179777.0,179855.0,179925.0,180010.0,180083.0,180176.0,180251.0,180336.0,180406.0,180470.0,180555.0,180619.0,180688.0,180773.0,180863.0,180940.0,181021.0,181101.0,181183.0,181274.0,181359.0,181452.0,181559.0,181670.0,181776.0,181866.0,181961.0,182057.0,182172.0,182285.0,182413.0,182524.0,182627.0,182745.0,182868.0,183003.0,183145.0,183261.0,183390.0,183516.0,183639.0,183762.0,183860.0,183974.0,184084.0,184183.0,184282.0,184421.0,184525.0,184648.0,184772.0,184879.0,184987.0,185080.0,185167.0,185296.0,185379.0,185509.0,185625.0,185737.0,185836.0,185923.0,186056.0,186167.0,186288.0,186412.0,186512.0,186617.0,186713.0,186830.0,186915.0,187016.0,187102.0,187179.0,187292.0,187413.0,187515.0,187605.0,187708.0,187816.0,187900.0,188003.0,188095.0,188193.0,188320.0,188424.0,188522.0,188610.0,188693.0,188807.0,188926.0,189053.0,189133.0,189237.0,189343.0,189433.0,189537.0,189631.0,189736.0,189821.0,189909.0,189992.0,190083.0,190173.0,190262.0,190354.0,190427.0,190502.0,190585.0,190647.0,190764.0,190855.0,190947.0,191014.0,191082.0,191167.0,191229.0,191303.0,191377.0,191462.0,191532.0,191583.0,191641.0,191696.0,191773.0,191836.0,191898.0,,,,,,,,,192494.0,192560.0,192624.0,192698.0,192768.0,192824.0,192905.0,192959.0,193013.0,193090.0,193159.0,193215.0,193282.0,193335.0,193416.0,193487.0,193548.0,193624.0,193700.0,193768.0,193866.0,193955.0,194031.0,194132.0,194194.0,194277.0,194358.0,194424.0,194500.0,194573.0,194646.0,194706.0,194784.0,194846.0,194912.0,194994.0,195074.0,195140.0,195240.0,195327.0,195406.0,195488.0,195563.0,195668.0,195762.0,195852.0,195961.0,196028.0,196101.0,196178.0,196265.0,196319.0,196397.0,196476.0,196551.0,196627.0,196680.0,196750.0,196822.0,196904.0,196986.0,197067.0,197144.0,197207.0,197266.0,197328.0,197431.0,197510.0,197598.0,197653.0,197723.0,197820
Vrb0NfalFvU,,,,,,,,,,,,,,,,,,,,,,,,,,,,,,,,,,,,,,,,,,,,,,,,,,,,,,,,,,,,,,,,,,,,,,,,,,,,,,,,,,,,,,,,,,,,,,,,,,,,,,,,,,,,,,,,,,,,,,,,,,,,,,,,,,,,,,,,,,,,,,,,,,,,,,,,,,,,,,,,,,,,,,,,,,,,,,,,,,,,,,,,,,,,,,,,,,,,,,,,,,,,,,,,,,,,,,
WAPaqop-X4o,51102.0,51117.0,51139.0,51153.0,51170.0,51176.0,51192.0,51205.0,51228.0,51244.0,51255.0,51270.0,51282.0,51292.0,51308.0,51325.0,51341.0,51360.0,51375.0,51388.0,51398.0,51407.0,51417.0,51427.0,51450.0,51464.0,51488.0,51501.0,51512.0,51532.0,51553.0,51568.0,51580.0,51592.0,51604.0,51624.0,51638.0,51652.0,51669.0,51686.0,51707.0,51727.0,51744.0,51767.0,51788.0,51802.0,51804.0,51819.0,51840.0,51859.0,51873.0,51884.0,51903.0,51918.0,51937.0,51953.0,51970.0,51983.0,51998.0,52011.0,52027.0,52034.0,52050.0,52063.0,52077.0,52092.0,52116.0,52128.0,52146.0,52163.0,52181.0,52198.0,52212.0,52229.0,52243.0,52254.0,52270.0,52283.0,52290.0,52302.0,52317.0,52334.0,52363.0,52392.0,52409.0,52435.0,52452.0,52469.0,52489.0,52514.0,52532.0,52543.0,52556.0,52580.0,52596.0,52617.0,52635.0,52654.0,52676.0,52701.0,52721.0,52747.0,52772.0,52791.0,52807.0,52816.0,52835.0,52853.0,52865.0,52882.0,52910.0,52936.0,52953.0,52965.0,52982.0,53002.0,53033.0,53053.0,53061.0,53086.0,53093.0,53111.0,53119.0,53135.0,53151.0,53176.0,53208.0,53229.0,53238.0,53246.0,53262.0,53281.0,53299.0,53312.0,,,,,,,,,53453.0,53466.0,53486.0,53510.0,53529.0,53551.0,53572.0,53586.0,53598.0,53614.0,53624.0,53643.0,53666.0,53685.0,53701.0,53708.0,53722.0,53734.0,53747.0,53756.0,53762.0,53774.0,53790.0,53800.0,53814.0,53830.0,53841.0,53850.0,53866.0,53873.0,53890.0,53917.0,53939.0,53956.0,53985.0,54017.0,54035.0,54049.0,54067.0,54083.0,54101.0,54119.0,54139.0,54154.0,54172.0,54194.0,54206.0,54216.0,54231.0,54245.0,54254.0,54272.0,54281.0,54293.0,54301.0,54308.0,54316.0,54326.0,54345.0,54359.0,54374.0,54393.0,54413.0,54432.0,54448.0,54460.0,54471.0,54484.0,54495.0,54513.0,54535.0,54545
epTzfG_GKE0,40253.0,40254.0,40255.0,40268.0,40272.0,40278.0,40283.0,40287.0,40289.0,40294.0,40297.0,40300.0,40303.0,40306.0,40307.0,40309.0,40313.0,40317.0,40318.0,40326.0,40330.0,40330.0,40333.0,40335.0,40341.0,40345.0,40349.0,40351.0,40355.0,40357.0,40361.0,40366.0,40371.0,40372.0,40377.0,40379.0,40380.0,40381.0,40384.0,40384.0,40384.0,40387.0,40388.0,40391.0,40394.0,40396.0,40399.0,40402.0,40407.0,40413.0,40416.0,40424.0,40426.0,40429.0,40439.0,40444.0,40447.0,40451.0,40452.0,40457.0,40460.0,40462.0,40466.0,40469.0,40473.0,40482.0,40486.0,40489.0,40490.0,40492.0,40496.0,40504.0,40507.0,40513.0,40515.0,40522.0,40526.0,40533.0,40536.0,40543.0,40546.0,40549.0,40554.0,40561.0,40564.0,40568.0,40572.0,40580.0,40582.0,40584.0,40589.0,40591.0,40595.0,40596.0,40597.0,40598.0,40600.0,40603.0,40608.0,40613.0,40615.0,40615.0,40619.0,40621.0,40625.0,40630.0,40632.0,40634.0,40635.0,40638.0,40643.0,40645.0,40653.0,40660.0,40665.0,40667.0,40669.0,40671.0,40672.0,40675.0,40677.0,40680.0,40682.0,40690.0,40696.0,40700.0,40710.0,40715.0,40728.0,40731.0,40738.0,40742.0,40751.0,40758.0,,,,,,,,,40843.0,40851.0,40861.0,40876.0,40889.0,40899.0,40908.0,40913.0,40923.0,40925.0,40929.0,40933.0,40936.0,40939.0,40945.0,40949.0,40953.0,40958.0,40966.0,40971.0,40973.0,40979.0,40982.0,40987.0,40993.0,41001.0,41005.0,41009.0,41012.0,41020.0,41026.0,41028.0,41036.0,41041.0,41045.0,41046.0,41048.0,41049.0,41052.0,41056.0,41064.0,41067.0,41069.0,41073.0,41076.0,41080.0,41085.0,41089.0,41094.0,41098.0,41103.0,41107.0,41109.0,41110.0,41113.0,41120.0,41121.0,41123.0,41124.0,41125.0,41125.0,41128.0,41132.0,41134.0,41136.0,41137.0,41139.0,41141.0,41142.0,41147.0,41151.0,41152
TMyeC7Wd_m0,6221.0,6222.0,6222.0,6224.0,6225.0,6225.0,6226.0,6226.0,6228.0,6229.0,6229.0,6230.0,6230.0,6230.0,6233.0,6233.0,6234.0,6234.0,6236.0,6238.0,6242.0,6246.0,6248.0,6249.0,6250.0,6252.0,6252.0,6257.0,6259.0,6263.0,6263.0,6264.0,6265.0,6266.0,6267.0,6267.0,6268.0,6269.0,6269.0,6269.0,6270.0,6271.0,6271.0,6271.0,6272.0,6273.0,6273.0,6273.0,6273.0,6273.0,6274.0,6280.0,6283.0,6284.0,6285.0,6287.0,6288.0,6290.0,6293.0,6295.0,6295.0,6296.0,6298.0,6303.0,6309.0,6313.0,6316.0,6319.0,6324.0,6328.0,6329.0,6331.0,6333.0,6333.0,6334.0,6335.0,6335.0,6335.0,6336.0,6339.0,6339.0,6341.0,6343.0,6344.0,6347.0,6349.0,6351.0,6355.0,6359.0,6359.0,6361.0,6362.0,6364.0,6366.0,6367.0,6367.0,6368.0,6370.0,6372.0,6373.0,6379.0,6381.0,6382.0,6384.0,6385.0,6387.0,6387.0,6387.0,6390.0,6390.0,6390.0,6390.0,6393.0,6394.0,6396.0,6396.0,6397.0,6398.0,6403.0,6404.0,6404.0,6405.0,6407.0,6408.0,6408.0,6409.0,6409.0,6410.0,6413.0,6413.0,6417.0,6417.0,6419.0,6419.0,,,,,,,,,6426.0,6427.0,6431.0,6432.0,6441.0,6442.0,6443.0,6443.0,6443.0,6443.0,6445.0,6446.0,6447.0,6447.0,6447.0,6448.0,6450.0,6450.0,6450.0,6452.0,6452.0,6455.0,6457.0,6457.0,6457.0,6457.0,6457.0,6457.0,6457.0,6459.0,6459.0,6459.0,6460.0,6460.0,6462.0,6462.0,6464.0,6464.0,6466.0,6468.0,6468.0,6468.0,6469.0,6476.0,6478.0,6487.0,6495.0,6508.0,6517.0,6525.0,6527.0,6533.0,6537.0,6542.0,6549.0,6556.0,6563.0,6567.0,6569.0,6574.0,6577.0,6577.0,6590.0,6596.0,6598.0,6600.0,6600.0,6600.0,6604.0,6609.0,6612.0,6613
FCWUGhVX-D4,24253.0,24256.0,24261.0,24262.0,24264.0,24265.0,24270.0,24274.0,24278.0,24281.0,24286.0,24287.0,24289.0,24288.0,24288.0,24289.0,24291.0,24291.0,24291.0,24292.0,24297.0,24299.0,24305.0,24310.0,24310.0,24314.0,24317.0,24319.0,24323.0,24324.0,24330.0,24334.0,24336.0,24336.0,24338.0,24343.0,24344.0,24349.0,24351.0,24355.0,24357.0,24360.0,24367.0,24368.0,24375.0,24376.0,24377.0,24379.0,24380.0,24382.0,24385.0,24388.0,24391.0,24394.0,24396.0,24397.0,24398.0,24401.0,24401.0,24403.0,24407.0,24410.0,24411.0,24412.0,24413.0,24415.0,24417.0,24417.0,24419.0,24421.0,24424.0,24428.0,24431.0,24435.0,24436.0,24438.0,24438.0,24439.0,24440.0,24444.0,24446.0,24450.0,24452.0,24456.0,24457.0,24457.0,24460.0,24461.0,24462.0,24463.0,24465.0,24466.0,24466.0,24468.0,24468.0,24469.0,24470.0,24472.0,24473.0,24477.0,24477.0,24479.0,24481.0,24481.0,24485.0,24487.0,24489.0,24490.0,24490.0,24491.0,24491.0,24492.0,24494.0,24494.0,24495.0,24496.0,24498.0,24500.0,24502.0,24502.0,24503.0,24504.0,24506.0,24515.0,24517.0,24521.0,24524.0,24530.0,24532.0,24532.0,24532.0,24535.0,24536.0,24539.0,,,,,,,,,24548.0,24549.0,24550.0,24552.0,24554.0,24558.0,24559.0,24566.0,24576.0,24579.0,24580.0,24583.0,24588.0,24594.0,24598.0,24598.0,24599.0,24599.0,24599.0,24603.0,24604.0,24609.0,24610.0,24614.0,24619.0,24621.0,24622.0,24625.0,24627.0,24628.0,24631.0,24636.0,24637.0,24638.0,24638.0,24638.0,24638.0,24639.0,24638.0,24640.0,24641.0,24645.0,24645.0,24653.0,24653.0,24658.0,24661.0,24665.0,24667.0,24673.0,24677.0,24678.0,24683.0,24686.0,24689.0,24692.0,24695.0,24695.0,24696.0,24697.0,24700.0,24703.0,24703.0,24705.0,24709.0,24710.0,24712.0,24714.0,24717.0,24718.0,24722.0,24728
G_BYjnopO6U,31034169.0,31039013.0,31043949.0,31049221.0,31054442.0,31059584.0,31064235.0,31069237.0,31074461.0,31079599.0,31084742.0,31089825.0,31094662.0,31099512.0,31104518.0,31109333.0,31114241.0,31118493.0,31122778.0,31127194.0,31131587.0,31136030.0,31140502.0,31144808.0,31148972.0,31152923.0,31156939.0,31160985.0,31164954.0,31168771.0,31172446.0,31176457.0,31180554.0,31184765.0,31189097.0,31193106.0,31197297.0,31201698.0,31206098.0,31210082.0,31214042.0,31217787.0,31221512.0,31225338.0,31228981.0,31232360.0,31235855.0,31239455.0,31242852.0,31246279.0,31249622.0,31253091.0,31256477.0,31259579.0,31262870.0,31266159.0,31269528.0,31272721.0,31276035.0,31279640.0,31283348.0,31287055.0,31290753.0,31294190.0,31297873.0,31301351.0,31304923.0,31308478.0,31311822.0,31316135.0,31319888.0,31323183.0,31326499.0,31329708.0,31333057.0,31336596.0,31340399.0,31344378.0,31348647.0,31352663.0,31356559.0,31360016.0,31363427.0,31366719.0,31370443.0,31374291.0,31378078.0,31381746.0,31385450.0,31388994.0,31392864.0,31396597.0,31400801.0,31405181.0,31409533.0,31413619.0,31417302.0,31420690.0,31424116.0,31427577.0,31431407.0,31435233.0,31438953.0,31442574.0,31446184.0,31449708.0,31453138.0,31457163.0,31461423.0,31465412.0,31469177.0,31473460.0,31477400.0,31481349.0,31485161.0,31488865.0,31492337.0,31495665.0,31499046.0,31502296.0,31505472.0,31508954.0,31512523.0,31515934.0,31519263.0,31522493.0,31526112.0,31529649.0,31533219.0,31536689.0,31539900.0,31543134.0,31546230.0,31549217.0,,,,,,,,,31579517.0,31582914.0,31586422.0,31589984.0,31593363.0,31596530.0,31600287.0,31604134.0,31608137.0,31611858.0,31615557.0,31619895.0,31623850.0,31627685.0,31631441.0,31635409.0,31639128.0,31643120.0,31646954.0,31650303.0,31653751.0,31657231.0,31660847.0,31664366.0,31667870.0,31671217.0,31674652.0,31678288.0,31681948.0,31685734.0,31689302.0,31692897.0,31696475.0,31700015.0,31703450.0,31706935.0,31710561.0,31714065.0,31717612.0,31721250.0,31724873.0,31728186.0,31731762.0,31735038.0,31738460.0,31741633.0,31745022.0,31748314.0,31751721.0,31755216.0,31758634.0,31761994.0,31765338.0,31768798.0,31772261.0,31775773.0,31779121.0,31782363.0,31785580.0,31789184.0,31792730.0,31795845.0,31798849.0,31802335.0,31805883.0,31809540.0,31813204.0,31816676.0,31819820.0,31822791.0,31826240.0,31829654
qavD1NIOTKE,837221.0,837753.0,838272.0,838777.0,839406.0,840055.0,840604.0,841218.0,841829.0,842375.0,842818.0,843441.0,844208.0,845000.0,845620.0,846268.0,846845.0,847345.0,847997.0,848696.0,849391.0,850047.0,850707.0,851251.0,851670.0,852271.0,852867.0,853540.0,854118.0,854707.0,855218.0,855692.0,856317.0,856827.0,857440.0,858040.0,858592.0,859191.0,859592.0,860151.0,860748.0,861397.0,862203.0,862946.0,863442.0,863928.0,864583.0,865228.0,865862.0,866471.0,867010.0,867581.0,868055.0,868604.0,869161.0,869761.0,870384.0,870901.0,871471.0,871878.0,872501.0,873033.0,873661.0,874240.0,874725.0,875287.0,875674.0,876333.0,876922.0,877601.0,878260.0,878872.0,879456.0,880020.0,880562.0,881142.0,881830.0,882479.0,883123.0,883640.0,884090.0,884737.0,885343.0,885878.0,886439.0,886993.0,887475.0,887854.0,888466.0,889154.0,889743.0,890414.0,890942.0,891434.0,891811.0,892353.0,892998.0,893537.0,894129.0,894781.0,895310.0,895803.0,896422.0,897080.0,897652.0,898288.0,898956.0,899497.0,899992.0,900589.0,901204.0,901827.0,902528.0,903161.0,903779.0,904248.0,904905.0,905498.0,906071.0,906713.0,907347.0,907832.0,908345.0,908987.0,909550.0,910228.0,911151.0,911862.0,912393.0,912982.0,913703.0,914409.0,915122.0,915650.0,,,,,,,,,921973.0,922681.0,923488.0,924298.0,925148.0,925858.0,926698.0,927362.0,927931.0,928627.0,929428.0,930168.0,930926.0,931673.0,932226.0,932709.0,933471.0,934160.0,934773.0,935501.0,936025.0,936538.0,936974.0,937551.0,938102.0,938796.0,939452.0,940089.0,940623.0,941091.0,941743.0,942334.0,942940.0,943488.0,944031.0,944432.0,944759.0,945226.0,945630.0,946050.0,946455.0,946870.0,947193.0,947446.0,947869.0,948297.0,948756.0,949194.0,949632.0,950005.0,950384.0,950776.0,951180.0,951632.0,952093.0,952453.0,952938.0,953213.0,953617.0,954001.0,954420.0,954710.0,955122.0,955464.0,955792.0,956193.0,956583.0,957026.0,957315.0,957664.0,958005.0,958300
ceQbmupR7Ww,1105662.0,1106257.0,1106939.0,1107611.0,1108373.0,1109079.0,1109852.0,1110603.0,1111396.0,1112034.0,1112785.0,1113476.0,1114365.0,1115216.0,1116064.0,1116913.0,1117783.0,1118486.0,1119333.0,1120212.0,1121024.0,1121931.0,1122783.0,1123488.0,1124243.0,1125003.0,1125721.0,1126400.0,1127146.0,1127924.0,1128522.0,1129117.0,1129868.0,1130569.0,1131501.0,1132407.0,1133257.0,1134002.0,1134700.0,1135421.0,1136291.0,1137136.0,1138024.0,1138923.0,1139595.0,1140422.0,1141166.0,1142097.0,1142969.0,1143813.0,1144652.0,1145495.0,1146326.0,1147173.0,1148008.0,1148872.0,1149684.0,1150628.0,1151443.0,1152177.0,1152900.0,1153772.0,1154591.0,1155326.0,1155963.0,1156589.0,1157247.0,1157865.0,1158489.0,1159266.0,1159901.0,1160621.0,1161195.0,1161834.0,1162514.0,1163191.0,1163958.0,1164606.0,1165344.0,1166005.0,1166566.0,1167149.0,1167828.0,1168460.0,1169140.0,1169908.0,1170609.0,1171303.0,1172047.0,1172819.0,1173609.0,1174337.0,1175170.0,1175856.0,1176553.0,1177367.0,1178050.0,1178816.0,1179545.0,1180271.0,1180925.0,1181643.0,1182337.0,1183067.0,1184041.0,1185311.0,1186238.0,1186952.0,1187650.0,1188448.0,1189264.0,1190110.0,1190894.0,1191720.0,1192389.0,1193027.0,1193628.0,1194444.0,1195197.0,1195884.0,1196572.0,1197161.0,1197731.0,1198315.0,1199116.0,1199905.0,1200680.0,1201527.0,1202351.0,1203124.0,1204171.0,1205060.0,1206086.0,1206944.0,,,,,,,,,1214071.0,1214870.0,1215672.0,1216473.0,1217194.0,1217961.0,1218678.0,1219284.0,1219906.0,1220567.0,1221235.0,1221872.0,1222569.0,1223132.0,1223729.0,1224325.0,1224983.0,1225625.0,1226342.0,1227059.0,1227737.0,1228407.0,1229103.0,1229722.0,1230399.0,1231122.0,1231840.0,1232531.0,1233198.0,1233890.0,1234545.0,1235240.0,1235917.0,1236629.0,1237244.0,1237799.0,1238431.0,1238960.0,1239667.0,1240301.0,1240915.0,1241537.0,1242094.0,1242609.0,1243270.0,1243859.0,1244460.0,1245139.0,1245752.0,1246304.0,1246769.0,1247346.0,1247926.0,1248684.0,1249229.0,1249829.0,1250402.0,1250919.0,1251497.0,1252135.0,1252685.0,1253168.0,1253636.0,1254159.0,1254684.0,1255187.0,1255795.0,1256347.0,1256812.0,1257234.0,1257739.0,1258192
F4PsJ0XSjKM,426010.0,426045.0,426108.0,426150.0,426201.0,426255.0,426303.0,426348.0,426417.0,426457.0,426501.0,426537.0,426605.0,426668.0,426724.0,426774.0,426816.0,426862.0,426895.0,426934.0,426989.0,427040.0,427084.0,427128.0,427165.0,427212.0,427274.0,427320.0,427361.0,427400.0,427449.0,427491.0,427537.0,427587.0,427625.0,427685.0,427736.0,427773.0,427817.0,427860.0,427901.0,427952.0,428000.0,428046.0,428100.0,428139.0,428187.0,428221.0,428280.0,428333.0,428386.0,428425.0,428478.0,428524.0,428582.0,428630.0,428673.0,428709.0,428751.0,428794.0,428842.0,428903.0,428970.0,429033.0,429065.0,429116.0,429159.0,429221.0,429272.0,429326.0,429381.0,429440.0,429482.0,429524.0,429570.0,429637.0,429685.0,429731.0,429770.0,429815.0,429869.0,429923.0,429962.0,430018.0,430071.0,430134.0,430184.0,430224.0,430257.0,430308.0,430364.0,430399.0,430437.0,430481.0,430520.0,430561.0,430601.0,430641.0,430705.0,430759.0,430805.0,430845.0,430882.0,430942.0,430991.0,431057.0,431099.0,431144.0,431170.0,431193.0,431228.0,431261.0,431301.0,431356.0,431391.0,431417.0,431461.0,431499.0,431531.0,431574.0,431605.0,431640.0,431672.0,431707.0,431749.0,431791.0,431828.0,431882.0,431944.0,431989.0,432035.0,432077.0,432127.0,432166.0,,,,,,,,,432558.0,432601.0,432646.0,432680.0,432723.0,432771.0,432806.0,432840.0,432870.0,432915.0,432944.0,432982.0,433014.0,433068.0,433102.0,433152.0,433191.0,433226.0,433274.0,433318.0,433345.0,433374.0,433417.0,433454.0,433484.0,433535.0,433565.0,433613.0,433663.0,433703.0,433740.0,433769.0,433812.0,433869.0,433936.0,433979.0,434018.0,434049.0,434098.0,434159.0,434204.0,434254.0,434317.0,434361.0,434396.0,434443.0,434494.0,434564.0,434605.0,434638.0,434677.0,434718.0,434761.0,434813.0,434861.0,434903.0,434948.0,434992.0,435027.0,435062.0,435098.0,435141.0,435174.0,435211.0,435264.0,435308.0,435364.0,435407.0,435440.0,435465.0,435504.0,435534
3ILn1sRv7K8,117398.0,117465.0,117515.0,117579.0,117640.0,117729.0,117800.0,117865.0,117908.0,117950.0,117986.0,118027.0,118108.0,118154.0,118205.0,118280.0,118339.0,118391.0,118457.0,118504.0,118541.0,118592.0,118645.0,118694.0,118719.0,118777.0,118834.0,118881.0,118943.0,118998.0,119066.0,119126.0,119185.0,119240.0,119328.0,119380.0,119474.0,119535.0,119588.0,119654.0,119727.0,119803.0,119868.0,119943.0,120000.0,120053.0,120091.0,120127.0,120182.0,120230.0,120276.0,120309.0,120349.0,120386.0,120451.0,120511.0,120574.0,120641.0,120681.0,120732.0,120781.0,120853.0,120908.0,120970.0,121036.0,121087.0,121137.0,121200.0,121243.0,121320.0,121375.0,121447.0,121516.0,121566.0,121614.0,121679.0,121732.0,121799.0,121846.0,121894.0,121943.0,121995.0,122043.0,122101.0,122181.0,122233.0,122292.0,122338.0,122362.0,122417.0,122465.0,122537.0,122571.0,122629.0,122656.0,122697.0,122730.0,122796.0,122837.0,122880.0,122928.0,122972.0,123006.0,123033.0,123082.0,123136.0,123180.0,123234.0,123274.0,123324.0,123375.0,123418.0,123465.0,123511.0,123549.0,123605.0,123661.0,123723.0,123794.0,123848.0,123904.0,123947.0,123989.0,124034.0,124074.0,124124.0,124176.0,124222.0,124274.0,124330.0,124376.0,124413.0,124460.0,124518.0,,,,,,,,,125065.0,125124.0,125182.0,125275.0,125364.0,125469.0,125599.0,125705.0,125818.0,125948.0,126052.0,126197.0,126302.0,126383.0,126468.0,126554.0,126648.0,126757.0,126852.0,126931.0,126992.0,127026.0,127077.0,127121.0,127159.0,127192.0,127236.0,127292.0,127321.0,127360.0,127420.0,127479.0,127515.0,127570.0,127610.0,127644.0,127677.0,127719.0,127764.0,127822.0,127872.0,127904.0,127953.0,127998.0,128033.0,128073.0,128118.0,128169.0,128229.0,128278.0,128327.0,128374.0,128425.0,128466.0,128509.0,128577.0,128639.0,128687.0,128719.0,128770.0,128811.0,128868.0,128915.0,128945.0,128985.0,129024.0,129065.0,129100.0,129131.0,129167.0,129206.0,129251
FeFvwSt3pMc,205520.0,205756.0,206018.0,206212.0,206452.0,206670.0,206909.0,207168.0,207452.0,207605.0,207777.0,207945.0,208161.0,208369.0,208562.0,208818.0,209030.0,209192.0,209418.0,209620.0,209816.0,210081.0,210335.0,210520.0,210725.0,210938.0,211103.0,211314.0,211497.0,211727.0,211929.0,212085.0,212266.0,212454.0,212675.0,212877.0,213128.0,213324.0,213462.0,213641.0,213791.0,213968.0,214159.0,214333.0,214499.0,214644.0,214789.0,214977.0,215160.0,215361.0,215557.0,215721.0,215858.0,216034.0,216254.0,216407.0,216601.0,216858.0,217088.0,217282.0,217467.0,217643.0,217847.0,218072.0,218290.0,218481.0,218621.0,218810.0,219037.0,219221.0,219427.0,219591.0,219807.0,219980.0,220152.0,220418.0,220590.0,220803.0,221014.0,221200.0,221377.0,221572.0,221774.0,221937.0,222174.0,222365.0,222541.0,222697.0,222860.0,223036.0,223219.0,223455.0,223675.0,223863.0,224025.0,224183.0,224380.0,224587.0,224795.0,224963.0,225118.0,225288.0,225456.0,225633.0,225805.0,225971.0,226149.0,226354.0,226529.0,226717.0,226912.0,227081.0,227244.0,227446.0,227611.0,227762.0,227970.0,228166.0,228356.0,228542.0,228716.0,228924.0,229066.0,229211.0,229368.0,229556.0,229757.0,229913.0,230066.0,230245.0,230424.0,230608.0,230821.0,231053.0,,,,,,,,,233250.0,233446.0,233648.0,233877.0,234116.0,234318.0,234482.0,234642.0,234851.0,235054.0,235245.0,235426.0,235679.0,235906.0,236135.0,236320.0,236573.0,236778.0,237009.0,237208.0,237388.0,237554.0,237680.0,237881.0,238087.0,238253.0,238398.0,238576.0,238698.0,238816.0,238955.0,239099.0,239267.0,239443.0,239579.0,239729.0,239831.0,239974.0,240088.0,240218.0,240365.0,240533.0,240678.0,240770.0,240906.0,241028.0,241171.0,241307.0,241458.0,241548.0,241653.0,241774.0,241889.0,242015.0,242115.0,242211.0,242345.0,242431.0,242619.0,242767.0,242876.0,243023.0,243145.0,243269.0,243359.0,243473.0,243599.0,243758.0,243869.0,243987.0,244115.0,244214
SHfwg9QC2aw,130842.0,130904.0,130960.0,131014.0,131073.0,131151.0,131235.0,131316.0,131384.0,131460.0,131537.0,131601.0,131688.0,131773.0,131838.0,131921.0,131988.0,132064.0,132133.0,132197.0,132275.0,132355.0,132449.0,132523.0,132581.0,132651.0,132723.0,132823.0,132927.0,133018.0,133102.0,133197.0,133284.0,133368.0,133439.0,133542.0,133640.0,133724.0,133799.0,133859.0,133949.0,134032.0,134118.0,134195.0,134287.0,134374.0,134443.0,134544.0,134655.0,134730.0,134820.0,134913.0,134997.0,135057.0,135143.0,135248.0,135344.0,135438.0,135523.0,135613.0,135690.0,135770.0,135828.0,135897.0,135978.0,136060.0,136123.0,136213.0,136267.0,136377.0,136438.0,136516.0,136584.0,136653.0,136727.0,136804.0,136869.0,136962.0,137038.0,137110.0,137198.0,137251.0,137340.0,137431.0,137521.0,137595.0,137664.0,137720.0,137776.0,137854.0,137932.0,138034.0,138091.0,138184.0,138259.0,138332.0,138410.0,138497.0,138597.0,138657.0,138719.0,138772.0,138840.0,138907.0,138976.0,139039.0,139105.0,139194.0,139292.0,139372.0,139469.0,139536.0,139628.0,139714.0,139775.0,139842.0,139910.0,139990.0,140057.0,140143.0,140216.0,140277.0,140359.0,140425.0,140485.0,140573.0,140628.0,140707.0,140765.0,140830.0,140895.0,140974.0,141049.0,141114.0,,,,,,,,,141793.0,141850.0,141915.0,142080.0,142184.0,142266.0,142326.0,142396.0,142456.0,142519.0,142594.0,142677.0,142737.0,142793.0,142838.0,142900.0,142970.0,143029.0,143110.0,143188.0,143254.0,143314.0,143379.0,143453.0,143518.0,143589.0,143660.0,143721.0,143791.0,143844.0,143939.0,144002.0,144066.0,144138.0,144186.0,144247.0,144298.0,144352.0,144409.0,144478.0,144551.0,144608.0,144719.0,144784.0,144860.0,144935.0,145018.0,145094.0,145168.0,145236.0,145298.0,145370.0,145427.0,145495.0,145551.0,145620.0,145703.0,145781.0,145866.0,145929.0,146006.0,146073.0,146148.0,146205.0,146265.0,146319.0,146398.0,146458.0,146513.0,146560.0,146614.0,146678
7glwNvWHGnU,526.0,526.0,526.0,526.0,526.0,529.0,529.0,529.0,529.0,529.0,529.0,529.0,529.0,529.0,532.0,532.0,532.0,532.0,532.0,533.0,533.0,533.0,533.0,533.0,533.0,533.0,533.0,533.0,533.0,533.0,533.0,534.0,534.0,535.0,537.0,537.0,538.0,538.0,539.0,539.0,539.0,539.0,539.0,539.0,539.0,539.0,539.0,539.0,539.0,539.0,539.0,539.0,539.0,539.0,539.0,539.0,539.0,539.0,539.0,539.0,539.0,539.0,539.0,539.0,539.0,540.0,540.0,540.0,540.0,540.0,540.0,541.0,541.0,541.0,541.0,541.0,541.0,541.0,541.0,541.0,541.0,541.0,541.0,541.0,541.0,541.0,541.0,541.0,541.0,541.0,541.0,541.0,541.0,541.0,541.0,541.0,541.0,541.0,541.0,541.0,541.0,541.0,543.0,543.0,543.0,543.0,543.0,543.0,543.0,543.0,543.0,543.0,543.0,543.0,543.0,543.0,543.0,543.0,543.0,545.0,545.0,545.0,545.0,545.0,545.0,545.0,545.0,547.0,547.0,547.0,547.0,547.0,547.0,547.0,,,,,,,,,549.0,549.0,549.0,550.0,550.0,551.0,551.0,551.0,551.0,551.0,551.0,551.0,551.0,551.0,551.0,551.0,552.0,552.0,552.0,552.0,552.0,552.0,552.0,553.0,553.0,553.0,553.0,553.0,553.0,553.0,553.0,553.0,553.0,553.0,553.0,553.0,553.0,553.0,553.0,553.0,553.0,553.0,553.0,553.0,553.0,553.0,553.0,553.0,553.0,553.0,553.0,553.0,553.0,553.0,554.0,554.0,554.0,554.0,554.0,554.0,554.0,554.0,554.0,554.0,554.0,554.0,556.0,556.0,556.0,556.0,556.0,556
bzgIS4sMutk,107045.0,107083.0,107129.0,107171.0,107214.0,107270.0,107341.0,107411.0,107484.0,107532.0,107587.0,107630.0,107670.0,107729.0,107765.0,107830.0,107888.0,107927.0,107989.0,108029.0,108082.0,108144.0,108214.0,108269.0,108326.0,108377.0,108441.0,108510.0,108576.0,108629.0,108680.0,108719.0,108776.0,108835.0,108893.0,108935.0,108984.0,109027.0,109065.0,109120.0,109169.0,109217.0,109272.0,109319.0,109353.0,109389.0,109420.0,109463.0,109532.0,109573.0,109633.0,109674.0,109710.0,109760.0,109808.0,109859.0,109906.0,109940.0,109997.0,110036.0,110071.0,110093.0,110138.0,110186.0,110214.0,110244.0,110291.0,110320.0,110349.0,110393.0,110438.0,110504.0,110560.0,110592.0,110625.0,110671.0,110708.0,110780.0,110822.0,110873.0,110911.0,110945.0,110988.0,111009.0,111050.0,111090.0,111136.0,111164.0,111187.0,111231.0,111266.0,111308.0,111345.0,111372.0,111396.0,111434.0,111487.0,111528.0,111565.0,111605.0,111653.0,111686.0,111729.0,111765.0,111820.0,111874.0,111915.0,111947.0,111983.0,112019.0,112056.0,112097.0,112130.0,112162.0,112182.0,112209.0,112237.0,112282.0,112330.0,112350.0,112390.0,112416.0,112439.0,112471.0,112498.0,112547.0,112576.0,112611.0,112646.0,112680.0,112719.0,112761.0,112798.0,112829.0,,,,,,,,,113126.0,113155.0,113182.0,113220.0,113261.0,113306.0,113342.0,113366.0,113395.0,113432.0,113467.0,113497.0,113533.0,113571.0,113601.0,113642.0,113684.0,113734.0,113791.0,113840.0,113881.0,113913.0,113942.0,113978.0,114011.0,114041.0,114082.0,114128.0,114168.0,114210.0,114240.0,114269.0,114304.0,114346.0,114390.0,114430.0,114472.0,114503.0,114536.0,114568.0,114590.0,114621.0,114651.0,114681.0,114714.0,114761.0,114792.0,114828.0,114862.0,114894.0,114915.0,114943.0,114974.0,115001.0,115049.0,115083.0,115115.0,115170.0,115206.0,115241.0,115276.0,115334.0,115366.0,115403.0,115436.0,115475.0,115533.0,115574.0,115615.0,115648.0,115670.0,115711
pHkLivnoNG0,451975.0,452126.0,452294.0,452445.0,452693.0,452969.0,453134.0,453376.0,453589.0,453792.0,453963.0,454155.0,454303.0,454463.0,454615.0,454739.0,454887.0,455009.0,455127.0,455259.0,455383.0,455525.0,455677.0,455838.0,455971.0,456136.0,456300.0,456521.0,456736.0,456928.0,457063.0,457200.0,457350.0,457556.0,457729.0,457883.0,458084.0,458252.0,458415.0,458579.0,458753.0,458929.0,459095.0,459311.0,459461.0,459588.0,459744.0,459905.0,460067.0,460270.0,460447.0,460586.0,460724.0,460832.0,460977.0,461146.0,461299.0,461422.0,461568.0,461718.0,461880.0,462065.0,462244.0,462399.0,462547.0,462674.0,462791.0,462963.0,463102.0,463344.0,463530.0,463713.0,463876.0,464010.0,464134.0,464292.0,464480.0,464634.0,464788.0,464906.0,465023.0,465182.0,465340.0,465493.0,465619.0,465758.0,465893.0,466016.0,466133.0,466309.0,466483.0,466634.0,466763.0,466891.0,467011.0,467182.0,467385.0,467537.0,467702.0,467878.0,467999.0,468117.0,468265.0,468443.0,468600.0,468788.0,468947.0,469134.0,469301.0,469455.0,469599.0,469719.0,469847.0,470023.0,470172.0,470283.0,470400.0,470535.0,470727.0,470898.0,471041.0,471215.0,471371.0,471501.0,471625.0,471808.0,471934.0,472045.0,472183.0,472298.0,472439.0,472552.0,472674.0,472824.0,,,,,,,,,474307.0,474492.0,474648.0,474813.0,474981.0,475127.0,475248.0,475365.0,475490.0,475607.0,475753.0,475845.0,475966.0,476099.0,476224.0,476359.0,476488.0,476619.0,476706.0,476863.0,477050.0,477173.0,477266.0,477433.0,477619.0,477777.0,477931.0,478054.0,478206.0,478347.0,478524.0,478683.0,478798.0,478938.0,479083.0,479218.0,479340.0,479494.0,479614.0,479758.0,479937.0,480080.0,480212.0,480376.0,480543.0,480727.0,480875.0,481059.0,481244.0,481411.0,481606.0,481767.0,481951.0,482139.0,482295.0,482477.0,482619.0,482736.0,482894.0,483124.0,483295.0,483448.0,483559.0,483670.0,483783.0,483921.0,484086.0,484226.0,484344.0,484518.0,484619.0,484788
BKkkR5qn-oE,39555.0,39594.0,39638.0,39679.0,39708.0,39745.0,39800.0,39846.0,39882.0,39917.0,39957.0,39989.0,40023.0,40062.0,40087.0,40115.0,40150.0,40176.0,40222.0,40256.0,40302.0,40341.0,40376.0,40411.0,40433.0,40461.0,40488.0,40517.0,40548.0,40579.0,40601.0,40626.0,40652.0,40683.0,40709.0,40720.0,40753.0,40775.0,40795.0,40822.0,40848.0,40882.0,40911.0,40936.0,40962.0,40997.0,41024.0,41061.0,41088.0,41115.0,41141.0,41167.0,41191.0,41230.0,41250.0,41272.0,41300.0,41345.0,41366.0,41394.0,41421.0,41444.0,41480.0,41520.0,41551.0,41572.0,41583.0,41605.0,41629.0,41666.0,41704.0,41726.0,41746.0,41767.0,41788.0,41816.0,41850.0,41881.0,41908.0,41948.0,41979.0,42005.0,42028.0,42068.0,42096.0,42127.0,42151.0,42171.0,42206.0,42236.0,42251.0,42281.0,42303.0,42332.0,42351.0,42366.0,42394.0,42439.0,42460.0,42494.0,42516.0,42539.0,42569.0,42599.0,42620.0,42640.0,42662.0,42691.0,42721.0,42739.0,42753.0,42769.0,42784.0,42801.0,42828.0,42841.0,42859.0,42879.0,42901.0,42915.0,42936.0,42955.0,42967.0,42983.0,43002.0,43023.0,43048.0,43063.0,43081.0,43096.0,43115.0,43144.0,43169.0,43188.0,,,,,,,,,43435.0,43461.0,43477.0,43504.0,43521.0,43541.0,43567.0,43591.0,43620.0,43649.0,43691.0,43732.0,43781.0,43832.0,43870.0,43908.0,43940.0,43978.0,44013.0,44041.0,44054.0,44072.0,44088.0,44100.0,44125.0,44153.0,44177.0,44200.0,44218.0,44242.0,44261.0,44294.0,44314.0,44332.0,44349.0,44369.0,44379.0,44402.0,44428.0,44458.0,44478.0,44500.0,44518.0,44540.0,44561.0,44593.0,44615.0,44644.0,44672.0,44690.0,44710.0,44734.0,44748.0,44781.0,44793.0,44828.0,44854.0,44876.0,44894.0,44906.0,44926.0,44939.0,44965.0,44983.0,44999.0,45014.0,45030.0,45054.0,45074.0,45101.0,45120.0,45135
lnjKZmFWu3c,10773.0,10774.0,10775.0,10776.0,10776.0,10777.0,10777.0,10777.0,10777.0,10777.0,10778.0,10778.0,10778.0,10778.0,10778.0,10778.0,10780.0,10781.0,10782.0,10783.0,10786.0,10787.0,10787.0,10787.0,10788.0,10791.0,10791.0,10793.0,10796.0,10799.0,10800.0,10802.0,10802.0,10804.0,10805.0,10805.0,10808.0,10808.0,10808.0,10809.0,10817.0,10819.0,10821.0,10822.0,10822.0,10823.0,10824.0,10825.0,10826.0,10827.0,10830.0,10832.0,10833.0,10835.0,10835.0,10835.0,10842.0,10852.0,10863.0,10865.0,10868.0,10871.0,10871.0,10871.0,10872.0,10874.0,10875.0,10876.0,10876.0,10879.0,10879.0,10880.0,10884.0,10887.0,10887.0,10887.0,10888.0,10888.0,10888.0,10888.0,10888.0,10888.0,10891.0,10892.0,10892.0,10892.0,10893.0,10893.0,10894.0,10894.0,10895.0,10895.0,10895.0,10895.0,10896.0,10896.0,10899.0,10900.0,10902.0,10903.0,10903.0,10903.0,10904.0,10904.0,10905.0,10907.0,10907.0,10907.0,10907.0,10907.0,10908.0,10909.0,10910.0,10910.0,10911.0,10911.0,10914.0,10917.0,10917.0,10917.0,10917.0,10917.0,10919.0,10919.0,10920.0,10920.0,10920.0,10920.0,10920.0,10920.0,10921.0,10921.0,10921.0,10922.0,,,,,,,,,10929.0,10930.0,10930.0,10931.0,10933.0,10934.0,10936.0,10936.0,10937.0,10937.0,10937.0,10938.0,10939.0,10939.0,10941.0,10941.0,10941.0,10941.0,10943.0,10944.0,10944.0,10944.0,10945.0,10948.0,10949.0,10951.0,10952.0,10954.0,10955.0,10956.0,10959.0,10959.0,10959.0,10960.0,10960.0,10960.0,10960.0,10960.0,10960.0,10960.0,10961.0,10961.0,10964.0,10965.0,10965.0,10966.0,10968.0,10970.0,10971.0,10972.0,10973.0,10974.0,10975.0,10975.0,10976.0,10977.0,10979.0,10981.0,10981.0,10981.0,10980.0,10980.0,10981.0,10981.0,10982.0,10982.0,10982.0,10982.0,10984.0,10984.0,10984.0,10987
i6BopHHE0Uo,7096.0,7098.0,7101.0,7101.0,7102.0,7104.0,7107.0,7108.0,7111.0,7113.0,7116.0,7117.0,7117.0,7121.0,7123.0,7126.0,7128.0,7130.0,7134.0,7138.0,7142.0,7144.0,7146.0,7149.0,7149.0,7151.0,7151.0,7154.0,7157.0,7161.0,7162.0,7165.0,7167.0,7167.0,7171.0,7173.0,7177.0,7179.0,7182.0,7182.0,7183.0,7188.0,7189.0,7194.0,7195.0,7197.0,7199.0,7203.0,7206.0,7210.0,7211.0,7211.0,7213.0,7216.0,7218.0,7221.0,7222.0,7224.0,7227.0,7230.0,7232.0,7232.0,7232.0,7237.0,7238.0,7238.0,7241.0,7246.0,7247.0,7248.0,7249.0,7251.0,7251.0,7253.0,7256.0,7256.0,7260.0,7262.0,7265.0,7266.0,7266.0,7267.0,7269.0,7270.0,7273.0,7273.0,7275.0,7275.0,7276.0,7280.0,7280.0,7282.0,7282.0,7284.0,7284.0,7285.0,7288.0,7291.0,7294.0,7296.0,7297.0,7300.0,7301.0,7305.0,7307.0,7308.0,7311.0,7313.0,7313.0,7314.0,7317.0,7321.0,7322.0,7324.0,7325.0,7326.0,7329.0,7329.0,7330.0,7334.0,7336.0,7337.0,7339.0,7342.0,7344.0,7344.0,7345.0,7347.0,7348.0,7348.0,7350.0,7355.0,7357.0,7363.0,,,,,,,,,7387.0,7387.0,7389.0,7392.0,7396.0,7397.0,7399.0,7401.0,7402.0,7405.0,7404.0,7405.0,7405.0,7405.0,7405.0,7405.0,7405.0,7405.0,7405.0,7405.0,7405.0,7405.0,7405.0,7405.0,7405.0,7405.0,7405.0,7405.0,7405.0,7405.0,7405.0,7405.0,7405.0,7405.0,7405.0,7405.0,7405.0,7405.0,7405.0,7405.0,7405.0,7405.0,7405.0,7405.0,7405.0,7405.0,7405.0,7405.0,7405.0,7405.0,7405.0,7405.0,7405.0,7405.0,7405.0,7405.0,7405.0,7405.0,7405.0,7405.0,7405.0,7405.0,7405.0,7405.0,7405.0,7405.0,7405.0,7405.0,7405.0,7405.0,7405.0,7405
R5p2UlRBNPM,161975.0,161996.0,162017.0,162048.0,162061.0,162086.0,162117.0,162140.0,162160.0,162188.0,162210.0,162240.0,162262.0,162289.0,162310.0,162330.0,162346.0,162378.0,162414.0,162431.0,162455.0,162480.0,162499.0,162533.0,162549.0,162567.0,162594.0,162626.0,162639.0,162668.0,162708.0,162742.0,162766.0,162786.0,162821.0,162843.0,162869.0,162894.0,162919.0,162938.0,162960.0,162980.0,162999.0,163015.0,163040.0,163074.0,163093.0,163114.0,163128.0,163158.0,163172.0,163197.0,163210.0,163226.0,163239.0,163261.0,163285.0,163302.0,163322.0,163340.0,163357.0,163376.0,163387.0,163403.0,163417.0,163432.0,163447.0,163475.0,163488.0,163507.0,163519.0,163536.0,163562.0,163582.0,163607.0,163625.0,163647.0,163661.0,163677.0,163697.0,163723.0,163747.0,163766.0,163781.0,163805.0,163814.0,163829.0,163842.0,163857.0,163876.0,163903.0,163916.0,163939.0,163962.0,163981.0,164005.0,164033.0,164063.0,164087.0,164116.0,164133.0,164166.0,164190.0,164220.0,164245.0,164264.0,164291.0,164317.0,164335.0,164351.0,164368.0,164387.0,164406.0,164427.0,164443.0,164466.0,164481.0,164493.0,164511.0,164525.0,164538.0,164557.0,164574.0,164595.0,164614.0,164634.0,164647.0,164676.0,164693.0,164704.0,164733.0,164743.0,164759.0,164779.0,,,,,,,,,164903.0,164919.0,164934.0,164952.0,164972.0,164989.0,165005.0,165026.0,165048.0,165069.0,165080.0,165103.0,165131.0,165150.0,165178.0,165194.0,165210.0,165236.0,165253.0,165276.0,165303.0,165346.0,165371.0,165400.0,165428.0,165450.0,165472.0,165495.0,165516.0,165556.0,165580.0,165608.0,165635.0,165653.0,165678.0,165715.0,165734.0,165751.0,165765.0,165788.0,165816.0,165841.0,165869.0,165890.0,165909.0,165935.0,165955.0,165974.0,166001.0,166023.0,166037.0,166056.0,166073.0,166098.0,166119.0,166140.0,166157.0,166175.0,166186.0,166217.0,166234.0,166250.0,166291.0,166312.0,166335.0,166351.0,166370.0,166389.0,166414.0,166429.0,166456.0,166480
s2RBHYlVNZc,121638.0,121654.0,121688.0,121721.0,121738.0,121764.0,121780.0,121801.0,121819.0,121847.0,121870.0,121884.0,121897.0,121916.0,121934.0,121957.0,121971.0,122015.0,122039.0,122053.0,122068.0,122087.0,122108.0,122122.0,122139.0,122154.0,122174.0,122197.0,122216.0,122236.0,122260.0,122270.0,122288.0,122303.0,122320.0,122335.0,122359.0,122376.0,122415.0,122427.0,122441.0,122451.0,122461.0,122481.0,122491.0,122518.0,122535.0,122555.0,122569.0,122584.0,122604.0,122629.0,122649.0,122665.0,122670.0,122686.0,122702.0,122720.0,122734.0,122758.0,122771.0,122795.0,122810.0,122822.0,122838.0,122863.0,122902.0,122924.0,122940.0,122973.0,122979.0,122997.0,123016.0,123039.0,123067.0,123091.0,123108.0,123122.0,123137.0,123153.0,123175.0,123199.0,123209.0,123223.0,123234.0,123255.0,123264.0,123278.0,123293.0,123318.0,123332.0,123350.0,123363.0,123383.0,123400.0,123415.0,123446.0,123466.0,123483.0,123508.0,123517.0,123562.0,123593.0,123613.0,123630.0,123653.0,123670.0,123683.0,123695.0,123700.0,123709.0,123722.0,123738.0,123746.0,123755.0,123772.0,123785.0,123795.0,123808.0,123818.0,123837.0,123848.0,123861.0,123875.0,123892.0,123900.0,123911.0,123923.0,123933.0,123958.0,123972.0,123986.0,124013.0,124025.0,,,,,,,,,124145.0,124162.0,124179.0,124193.0,124206.0,124218.0,124232.0,124249.0,124263.0,124275.0,124292.0,124306.0,124321.0,124336.0,124352.0,124358.0,124371.0,124397.0,124418.0,124435.0,124462.0,124506.0,124563.0,124602.0,124642.0,124669.0,124700.0,124726.0,124768.0,125050.0,125130.0,125158.0,125185.0,125208.0,125233.0,125262.0,125280.0,125293.0,125306.0,125324.0,125340.0,125361.0,125402.0,125426.0,125444.0,125460.0,125477.0,125492.0,125506.0,125525.0,125543.0,125558.0,125572.0,125593.0,125600.0,125623.0,125649.0,125667.0,125674.0,125691.0,125708.0,125723.0,125731.0,125752.0,125777.0,125792.0,125818.0,125831.0,125851.0,125868.0,125880.0,125899
8RSRAirsFBE,1181.0,1181.0,1181.0,1182.0,1182.0,1183.0,1183.0,1183.0,1184.0,1184.0,1184.0,1184.0,1184.0,1184.0,1184.0,1184.0,1184.0,1184.0,1184.0,1185.0,1185.0,1185.0,1185.0,1185.0,1185.0,1185.0,1185.0,1186.0,1186.0,1186.0,1186.0,1186.0,1186.0,1186.0,1186.0,1186.0,1186.0,1189.0,1189.0,1189.0,1189.0,1189.0,1189.0,1189.0,1189.0,1190.0,1190.0,1190.0,1190.0,1190.0,1190.0,1191.0,1191.0,1191.0,1191.0,1192.0,1192.0,1192.0,1192.0,1193.0,1194.0,1194.0,1194.0,1194.0,1194.0,1194.0,1194.0,1194.0,1194.0,1194.0,1194.0,1194.0,1194.0,1194.0,1194.0,1195.0,1195.0,1196.0,1197.0,1198.0,1198.0,1198.0,1198.0,1198.0,1198.0,1198.0,1198.0,1198.0,1198.0,1198.0,1198.0,1198.0,1198.0,1198.0,1200.0,1200.0,1200.0,1200.0,1200.0,1200.0,1202.0,1203.0,1203.0,1203.0,1203.0,1203.0,1203.0,1203.0,1204.0,1204.0,1204.0,1205.0,1205.0,1205.0,1205.0,1205.0,1205.0,1205.0,1205.0,1206.0,1207.0,1207.0,1207.0,1207.0,1207.0,1209.0,1209.0,1210.0,1211.0,1211.0,1211.0,1212.0,1212.0,1212.0,,,,,,,,,1215.0,1215.0,1215.0,1215.0,1216.0,1216.0,1218.0,1219.0,1219.0,1219.0,1220.0,1220.0,1220.0,1220.0,1220.0,1220.0,1220.0,1220.0,1221.0,1221.0,1221.0,1221.0,1221.0,1221.0,1221.0,1221.0,1223.0,1223.0,1223.0,1223.0,1223.0,1223.0,1223.0,1224.0,1224.0,1224.0,1224.0,1225.0,1225.0,1225.0,1225.0,1225.0,1225.0,1225.0,1225.0,1226.0,1226.0,1226.0,1226.0,1226.0,1226.0,1226.0,1226.0,1226.0,1226.0,1227.0,1227.0,1227.0,1227.0,1228.0,1228.0,1229.0,1229.0,1229.0,1229.0,1230.0,1230.0,1232.0,1233.0,1233.0,1233.0,1233
1DVrl3NGbI4,1986.0,1986.0,1986.0,1989.0,1990.0,1990.0,1991.0,1990.0,1990.0,1991.0,1992.0,1992.0,1992.0,1992.0,1992.0,1992.0,1993.0,1993.0,1994.0,1995.0,1995.0,1995.0,1995.0,1995.0,1995.0,1995.0,1996.0,1996.0,1996.0,1996.0,1998.0,1999.0,2001.0,2001.0,2001.0,2002.0,2006.0,2008.0,2008.0,2009.0,2009.0,2010.0,2010.0,2011.0,2012.0,2013.0,2013.0,2015.0,2015.0,2015.0,2015.0,2016.0,2017.0,2018.0,2019.0,2022.0,2022.0,2022.0,2023.0,2023.0,2024.0,2025.0,2026.0,2027.0,2028.0,2028.0,2029.0,2030.0,2030.0,2030.0,2030.0,2031.0,2031.0,2032.0,2032.0,2037.0,2038.0,2038.0,2040.0,2040.0,2040.0,2040.0,2041.0,2041.0,2041.0,2042.0,2042.0,2044.0,2044.0,2044.0,2044.0,2044.0,2045.0,2045.0,2047.0,2049.0,2050.0,2050.0,2051.0,2051.0,2053.0,2053.0,2053.0,2054.0,2054.0,2054.0,2054.0,2054.0,2054.0,2057.0,2057.0,2058.0,2058.0,2059.0,2059.0,2060.0,2060.0,2060.0,2060.0,2060.0,2060.0,2061.0,2063.0,2067.0,2067.0,2069.0,2070.0,2070.0,2071.0,2071.0,2072.0,2072.0,2074.0,2074.0,,,,,,,,,2079.0,2080.0,2081.0,2082.0,2082.0,2082.0,2083.0,2083.0,2083.0,2083.0,2086.0,2086.0,2088.0,2088.0,2088.0,2088.0,2088.0,2088.0,2088.0,2088.0,2088.0,2088.0,2088.0,2088.0,2088.0,2088.0,2088.0,2088.0,2088.0,2088.0,2088.0,2088.0,2088.0,2090.0,2090.0,2091.0,2092.0,2092.0,2092.0,2092.0,2092.0,2093.0,2094.0,2094.0,2095.0,2096.0,2096.0,2096.0,2096.0,2097.0,2097.0,2098.0,2098.0,2098.0,2098.0,2099.0,2099.0,2099.0,2101.0,2103.0,2103.0,2104.0,2104.0,2104.0,2105.0,2107.0,2108.0,2110.0,2110.0,2111.0,2113.0,2113
mJ5iF61L77A,3127.0,3127.0,3127.0,3128.0,3128.0,3128.0,3129.0,3129.0,3130.0,3131.0,3131.0,3131.0,3134.0,3135.0,3137.0,3137.0,3139.0,3139.0,3139.0,3142.0,3147.0,3147.0,3148.0,3150.0,3150.0,3154.0,3156.0,3157.0,3161.0,3163.0,3164.0,3164.0,3164.0,3166.0,3168.0,3170.0,3175.0,3177.0,3178.0,3180.0,3180.0,3183.0,3184.0,3186.0,3190.0,3191.0,3190.0,3192.0,3192.0,3192.0,3192.0,3192.0,3195.0,3195.0,3195.0,3203.0,3222.0,3222.0,3224.0,3228.0,3229.0,3231.0,3231.0,3234.0,3238.0,3239.0,3239.0,3239.0,3241.0,3241.0,3242.0,3242.0,3242.0,3243.0,3243.0,3244.0,3244.0,3244.0,3244.0,3244.0,3244.0,3244.0,3245.0,3246.0,3246.0,3247.0,3249.0,3250.0,3250.0,3250.0,3251.0,3251.0,3251.0,3251.0,3254.0,3256.0,3256.0,3258.0,3258.0,3260.0,3263.0,3263.0,3263.0,3263.0,3264.0,3264.0,3264.0,3264.0,3266.0,3269.0,3269.0,3270.0,3270.0,3270.0,3270.0,3270.0,3273.0,3275.0,3277.0,3280.0,3280.0,3280.0,3281.0,3283.0,3283.0,3288.0,3289.0,3290.0,3291.0,3291.0,3292.0,3293.0,3293.0,3293.0,,,,,,,,,3298.0,3298.0,3299.0,3300.0,3300.0,3300.0,3301.0,3301.0,3302.0,3302.0,3302.0,3302.0,3303.0,3306.0,3307.0,3307.0,3307.0,3308.0,3308.0,3308.0,3308.0,3309.0,3308.0,3308.0,3309.0,3309.0,3309.0,3309.0,3309.0,3309.0,3309.0,3309.0,3309.0,3310.0,3310.0,3313.0,3315.0,3316.0,3317.0,3317.0,3317.0,3318.0,3318.0,3319.0,3319.0,3319.0,3320.0,3320.0,3320.0,3321.0,3324.0,3325.0,3325.0,3327.0,3327.0,3329.0,3329.0,3329.0,3330.0,3332.0,3332.0,3333.0,3333.0,3333.0,3333.0,3334.0,3335.0,3336.0,3336.0,3338.0,3339.0,3339
_2bOY34eKuA,409287.0,409363.0,409450.0,409530.0,409596.0,409680.0,409816.0,409891.0,409981.0,410054.0,410135.0,410210.0,410285.0,410358.0,410438.0,410518.0,410581.0,410641.0,410699.0,410771.0,410839.0,410905.0,410977.0,411045.0,411109.0,411155.0,411212.0,411284.0,411360.0,411430.0,411504.0,411546.0,411618.0,411681.0,411731.0,411791.0,411867.0,411940.0,412002.0,412080.0,412127.0,412222.0,412292.0,412382.0,412479.0,412562.0,412620.0,412689.0,412748.0,412807.0,412878.0,412934.0,412991.0,413057.0,413137.0,413228.0,413298.0,413352.0,413415.0,413479.0,413562.0,413626.0,413696.0,413750.0,413817.0,413899.0,413954.0,414037.0,414086.0,414166.0,414222.0,414297.0,414366.0,414420.0,414524.0,414582.0,414628.0,414709.0,414757.0,414825.0,414908.0,414982.0,415043.0,415125.0,415185.0,415263.0,415320.0,415370.0,415433.0,415513.0,415575.0,415642.0,415694.0,415760.0,415829.0,415889.0,415945.0,416005.0,416079.0,416155.0,416227.0,416274.0,416348.0,416395.0,416445.0,416505.0,416584.0,416642.0,416689.0,416741.0,416817.0,416879.0,416954.0,417020.0,417097.0,417166.0,417220.0,417298.0,417373.0,417439.0,417533.0,417578.0,417627.0,417675.0,417731.0,417826.0,417914.0,417991.0,418065.0,418132.0,418187.0,418248.0,418317.0,418375.0,,,,,,,,,418996.0,419117.0,419204.0,419297.0,419366.0,419420.0,419476.0,419522.0,419588.0,419635.0,419691.0,419735.0,419817.0,419928.0,419976.0,420008.0,420069.0,420126.0,420162.0,420237.0,420316.0,420391.0,420463.0,420500.0,420561.0,420641.0,420692.0,420735.0,420784.0,420843.0,420903.0,420957.0,421009.0,421072.0,421136.0,421182.0,421247.0,421315.0,421372.0,421421.0,421490.0,421565.0,421613.0,421671.0,421730.0,421803.0,421858.0,421924.0,421971.0,422033.0,422088.0,422139.0,422190.0,422235.0,422281.0,422341.0,422410.0,422482.0,422529.0,422588.0,422633.0,422681.0,422733.0,422802.0,422854.0,422907.0,422950.0,423009.0,423062.0,423105.0,423158.0,423206
PBTQ34DTCug,525761.0,525941.0,526156.0,526348.0,526547.0,526760.0,527031.0,527209.0,527437.0,527640.0,527852.0,528042.0,528260.0,528533.0,528772.0,529025.0,529243.0,529386.0,529576.0,529768.0,529953.0,530126.0,530386.0,530605.0,530780.0,531057.0,531324.0,531655.0,531892.0,532170.0,532390.0,532683.0,532943.0,533159.0,533361.0,533559.0,533824.0,534062.0,534331.0,534550.0,534774.0,535011.0,535268.0,535508.0,535771.0,536000.0,536296.0,536520.0,536706.0,536891.0,537098.0,537278.0,537410.0,537574.0,537738.0,537919.0,538072.0,538228.0,538361.0,538482.0,538631.0,538804.0,539010.0,539204.0,539383.0,539566.0,539724.0,539898.0,540103.0,540343.0,540544.0,540790.0,540972.0,541164.0,541350.0,541566.0,541762.0,541933.0,542177.0,542442.0,542593.0,542780.0,542956.0,543105.0,543324.0,543538.0,543719.0,543908.0,544094.0,544269.0,544450.0,544653.0,544835.0,545035.0,545225.0,545391.0,545560.0,545720.0,545897.0,546079.0,546253.0,546416.0,546599.0,546777.0,546949.0,547139.0,547321.0,547524.0,547732.0,547914.0,548100.0,548276.0,548509.0,548815.0,549021.0,549182.0,549373.0,549562.0,549791.0,550000.0,550225.0,550418.0,550636.0,550831.0,551050.0,551360.0,551584.0,551875.0,552112.0,552390.0,552586.0,552885.0,553110.0,553405.0,,,,,,,,,556063.0,556341.0,556601.0,556845.0,557096.0,557268.0,557554.0,557770.0,557976.0,558210.0,558402.0,558638.0,558901.0,559187.0,559427.0,559692.0,559872.0,560112.0,560345.0,560573.0,560800.0,561009.0,561292.0,561534.0,561772.0,562006.0,562261.0,562478.0,562703.0,562951.0,563195.0,563397.0,563630.0,563881.0,564148.0,564389.0,564568.0,564822.0,565088.0,565369.0,565629.0,565877.0,566151.0,566407.0,566706.0,566968.0,567246.0,567482.0,567763.0,568003.0,568246.0,568512.0,568738.0,568963.0,569158.0,569413.0,569649.0,569900.0,570126.0,570342.0,570559.0,570765.0,570978.0,571163.0,571352.0,571556.0,571745.0,571960.0,572121.0,572288.0,572452.0,572630
1USNBXdT_p0,13333.0,13336.0,13338.0,13341.0,13342.0,13343.0,13345.0,13357.0,13364.0,13367.0,13372.0,13375.0,13378.0,13382.0,13387.0,13392.0,13394.0,13397.0,13397.0,13398.0,13400.0,13404.0,13406.0,13412.0,13413.0,13415.0,13417.0,13419.0,13421.0,13424.0,13428.0,13431.0,13433.0,13435.0,13439.0,13440.0,13441.0,13446.0,13448.0,13450.0,13452.0,13458.0,13459.0,13461.0,13465.0,13468.0,13468.0,13469.0,13471.0,13473.0,13475.0,13478.0,13480.0,13481.0,13484.0,13489.0,13492.0,13494.0,13494.0,13494.0,13500.0,13502.0,13504.0,13507.0,13510.0,13512.0,13514.0,13516.0,13516.0,13518.0,13518.0,13519.0,13519.0,13523.0,13523.0,13527.0,13527.0,13527.0,13528.0,13529.0,13530.0,13533.0,13534.0,13537.0,13539.0,13540.0,13543.0,13548.0,13550.0,13553.0,13554.0,13555.0,13555.0,13557.0,13560.0,13563.0,13566.0,13568.0,13569.0,13571.0,13573.0,13580.0,13582.0,13582.0,13583.0,13583.0,13583.0,13586.0,13589.0,13590.0,13591.0,13593.0,13596.0,13600.0,13603.0,13604.0,13606.0,13607.0,13612.0,13615.0,13615.0,13617.0,13621.0,13623.0,13624.0,13625.0,13627.0,13630.0,13634.0,13646.0,13650.0,13653.0,13659.0,13664.0,,,,,,,,,13698.0,13702.0,13704.0,13712.0,13714.0,13715.0,13716.0,13719.0,13721.0,13723.0,13731.0,13735.0,13738.0,13745.0,13746.0,13747.0,13748.0,13751.0,13754.0,13755.0,13760.0,13764.0,13765.0,13770.0,13772.0,13773.0,13773.0,13776.0,13776.0,13779.0,13786.0,13794.0,13800.0,13804.0,13807.0,13812.0,13815.0,13832.0,13839.0,13844.0,13848.0,13851.0,13858.0,13862.0,13869.0,13871.0,13873.0,13877.0,13880.0,13881.0,13882.0,13887.0,13887.0,13889.0,13890.0,13891.0,13892.0,13896.0,13900.0,13902.0,13908.0,13912.0,13915.0,13917.0,13924.0,13927.0,13931.0,13933.0,13935.0,13937.0,13937.0,13937
17Xg_aDx0BI,2885.0,2885.0,2885.0,2885.0,2885.0,2885.0,2885.0,2885.0,2885.0,2885.0,2885.0,2885.0,2885.0,2885.0,2885.0,2885.0,2885.0,2885.0,2886.0,2886.0,2886.0,2886.0,2887.0,2887.0,2888.0,2889.0,2889.0,2889.0,2890.0,2891.0,2891.0,2892.0,2892.0,2892.0,2895.0,2895.0,2895.0,2895.0,2895.0,2895.0,2895.0,2895.0,2895.0,2895.0,2896.0,2896.0,2896.0,2896.0,2896.0,2896.0,2896.0,2896.0,2897.0,2897.0,2897.0,2897.0,2897.0,2897.0,2897.0,2897.0,2897.0,2897.0,2897.0,2897.0,2897.0,2897.0,2899.0,2899.0,2899.0,2899.0,2900.0,2900.0,2900.0,2900.0,2900.0,2900.0,2900.0,2900.0,2900.0,2900.0,2900.0,2900.0,2900.0,2900.0,2900.0,2900.0,2901.0,2901.0,2901.0,2901.0,2901.0,2901.0,2901.0,2901.0,2901.0,2901.0,2901.0,2902.0,2902.0,2903.0,2903.0,2903.0,2904.0,2904.0,2904.0,2904.0,2904.0,2904.0,2904.0,2904.0,2906.0,2906.0,2907.0,2907.0,2907.0,2908.0,2909.0,2909.0,2909.0,2909.0,2909.0,2909.0,2909.0,2909.0,2914.0,2914.0,2914.0,2914.0,2916.0,2916.0,2916.0,2918.0,2918.0,2918.0,,,,,,,,,2919.0,2920.0,2920.0,2920.0,2921.0,2921.0,2921.0,2921.0,2921.0,2921.0,2921.0,2921.0,2921.0,2922.0,2922.0,2923.0,2924.0,2924.0,2924.0,2924.0,2926.0,2926.0,2926.0,2926.0,2926.0,2926.0,2926.0,2927.0,2927.0,2927.0,2927.0,2927.0,2927.0,2927.0,2927.0,2927.0,2931.0,2931.0,2931.0,2931.0,2931.0,2931.0,2931.0,2931.0,2931.0,2931.0,2931.0,2931.0,2931.0,2931.0,2931.0,2931.0,2931.0,2931.0,2931.0,2931.0,2931.0,2931.0,2931.0,2931.0,2931.0,2931.0,2931.0,2931.0,2931.0,2931.0,2931.0,2932.0,2932.0,2932.0,2932.0,2932
WeEAa48o4uI,33146.0,33164.0,33175.0,33191.0,33212.0,33225.0,33241.0,33264.0,33282.0,33288.0,33297.0,33306.0,33322.0,33331.0,33343.0,33356.0,33361.0,33366.0,33375.0,33385.0,33395.0,33406.0,33415.0,33424.0,33426.0,33435.0,33448.0,33460.0,33474.0,33487.0,33497.0,33503.0,33521.0,33527.0,33535.0,33542.0,33554.0,33562.0,33566.0,33572.0,33578.0,33589.0,33593.0,33600.0,33610.0,33615.0,33624.0,33632.0,33636.0,33640.0,33643.0,33648.0,33651.0,33656.0,33660.0,33668.0,33674.0,33680.0,33682.0,33687.0,33691.0,33706.0,33716.0,33719.0,33727.0,33733.0,33738.0,33747.0,33753.0,33761.0,33768.0,33773.0,33785.0,33792.0,33801.0,33813.0,33823.0,33831.0,33835.0,33840.0,33865.0,33875.0,33882.0,33893.0,33901.0,33907.0,33914.0,33918.0,33925.0,33935.0,33958.0,33971.0,33977.0,33983.0,33984.0,33985.0,33998.0,34003.0,34010.0,34014.0,34018.0,34024.0,34032.0,34039.0,34050.0,34056.0,34059.0,34064.0,34068.0,34071.0,34075.0,34082.0,34085.0,34091.0,34093.0,34096.0,34107.0,34128.0,34131.0,34144.0,34155.0,34164.0,34176.0,34178.0,34187.0,34194.0,34200.0,34207.0,34218.0,34227.0,34235.0,34243.0,34247.0,34253.0,,,,,,,,,34309.0,34318.0,34322.0,34330.0,34337.0,34342.0,34347.0,34347.0,34353.0,34357.0,34366.0,34370.0,34384.0,34388.0,34392.0,34396.0,34398.0,34401.0,34410.0,34416.0,34430.0,34433.0,34439.0,34445.0,34447.0,34453.0,34459.0,34465.0,34468.0,34473.0,34479.0,34481.0,34484.0,34490.0,34493.0,34499.0,34505.0,34510.0,34512.0,34515.0,34521.0,34530.0,34538.0,34547.0,34553.0,34568.0,34576.0,34590.0,34594.0,34607.0,34611.0,34616.0,34625.0,34634.0,34645.0,34651.0,34658.0,34666.0,34673.0,34680.0,34681.0,34689.0,34696.0,34709.0,34720.0,34726.0,34738.0,34750.0,34760.0,34767.0,34772.0,34784
KywMq5Ek2B8,39497.0,39512.0,39519.0,39534.0,39552.0,39569.0,39584.0,39598.0,39609.0,39620.0,39635.0,39644.0,39657.0,39670.0,39685.0,39692.0,39700.0,39706.0,39713.0,39725.0,39735.0,39748.0,39756.0,39763.0,39777.0,39789.0,39798.0,39811.0,39822.0,39827.0,39835.0,39842.0,39854.0,39865.0,39880.0,39891.0,39897.0,39908.0,39914.0,39926.0,39936.0,39949.0,39955.0,39964.0,39976.0,39984.0,39997.0,40006.0,40026.0,40034.0,40037.0,40042.0,40059.0,40071.0,40080.0,40090.0,40101.0,40112.0,40128.0,40137.0,40148.0,40159.0,40173.0,40184.0,40200.0,40213.0,40224.0,40235.0,40239.0,40250.0,40257.0,40266.0,40275.0,40287.0,40298.0,40313.0,40325.0,40345.0,40348.0,40358.0,40374.0,40383.0,40393.0,40413.0,40432.0,40455.0,40467.0,40479.0,40489.0,40509.0,40526.0,40547.0,40560.0,40573.0,40584.0,40590.0,40605.0,40616.0,40631.0,40637.0,40643.0,40653.0,40659.0,40672.0,40676.0,40691.0,40701.0,40710.0,40722.0,40737.0,40752.0,40762.0,40771.0,40786.0,40806.0,40812.0,40825.0,40839.0,40859.0,40876.0,40887.0,40896.0,40905.0,40910.0,40918.0,40934.0,40944.0,40960.0,40968.0,40975.0,40986.0,41003.0,41009.0,41016.0,,,,,,,,,41097.0,41112.0,41121.0,41133.0,41142.0,41160.0,41173.0,41182.0,41192.0,41203.0,41222.0,41240.0,41255.0,41272.0,41285.0,41296.0,41307.0,41324.0,41336.0,41342.0,41350.0,41368.0,41381.0,41399.0,41413.0,41431.0,41447.0,41463.0,41474.0,41485.0,41499.0,41510.0,41523.0,41536.0,41543.0,41555.0,41563.0,41578.0,41585.0,41598.0,41616.0,41629.0,41641.0,41654.0,41679.0,41696.0,41708.0,41719.0,41739.0,41752.0,41760.0,41773.0,41788.0,41808.0,41826.0,41840.0,41857.0,41866.0,41876.0,41893.0,41905.0,41926.0,41934.0,41944.0,41958.0,41976.0,41989.0,42002.0,42016.0,42033.0,42049.0,42060
tcjcXX8ViBQ,349.0,349.0,349.0,349.0,349.0,350.0,350.0,350.0,350.0,350.0,350.0,350.0,350.0,350.0,350.0,350.0,350.0,350.0,350.0,350.0,350.0,350.0,350.0,350.0,350.0,350.0,350.0,350.0,350.0,350.0,350.0,350.0,350.0,351.0,352.0,352.0,352.0,352.0,352.0,352.0,352.0,352.0,353.0,353.0,353.0,353.0,353.0,353.0,353.0,353.0,353.0,353.0,353.0,353.0,353.0,353.0,353.0,353.0,353.0,353.0,353.0,353.0,353.0,353.0,353.0,354.0,354.0,354.0,354.0,354.0,354.0,354.0,354.0,354.0,354.0,354.0,354.0,354.0,354.0,354.0,354.0,354.0,354.0,355.0,355.0,355.0,355.0,355.0,355.0,355.0,356.0,356.0,356.0,356.0,356.0,357.0,357.0,357.0,357.0,358.0,358.0,358.0,358.0,358.0,358.0,358.0,358.0,358.0,358.0,358.0,360.0,360.0,360.0,360.0,360.0,361.0,361.0,361.0,361.0,361.0,361.0,361.0,361.0,361.0,361.0,361.0,361.0,361.0,361.0,361.0,361.0,361.0,361.0,361.0,,,,,,,,,361.0,361.0,361.0,361.0,361.0,361.0,361.0,361.0,361.0,361.0,361.0,361.0,361.0,361.0,361.0,361.0,361.0,361.0,361.0,361.0,361.0,361.0,361.0,361.0,361.0,361.0,361.0,361.0,361.0,361.0,361.0,361.0,361.0,361.0,361.0,361.0,361.0,361.0,361.0,361.0,361.0,361.0,361.0,361.0,364.0,364.0,364.0,364.0,364.0,364.0,364.0,364.0,364.0,364.0,364.0,364.0,364.0,364.0,364.0,364.0,364.0,364.0,364.0,364.0,364.0,364.0,364.0,365.0,365.0,365.0,365.0,365
Zc1lIJOABWQ,1708.0,1708.0,1708.0,1708.0,1709.0,1709.0,1709.0,1709.0,1710.0,1710.0,1710.0,1714.0,1724.0,1740.0,1747.0,1755.0,1765.0,1770.0,1782.0,1787.0,1788.0,1790.0,1792.0,1794.0,1795.0,1797.0,1797.0,1798.0,1802.0,1804.0,1804.0,1805.0,1807.0,1810.0,1811.0,1813.0,1816.0,1818.0,1819.0,1820.0,1820.0,1825.0,1826.0,1828.0,1831.0,1831.0,1831.0,1836.0,1836.0,1837.0,1837.0,1838.0,1838.0,1838.0,1840.0,1841.0,1843.0,1843.0,1843.0,1844.0,1844.0,1844.0,1845.0,1847.0,1849.0,1849.0,1849.0,1850.0,1850.0,1850.0,1850.0,1851.0,1851.0,1851.0,1851.0,1852.0,1854.0,1854.0,1854.0,1854.0,1854.0,1854.0,1854.0,1855.0,1855.0,1856.0,1856.0,1856.0,1856.0,1856.0,1857.0,1857.0,1858.0,1859.0,1859.0,1859.0,1859.0,1859.0,1859.0,1859.0,1859.0,1859.0,1860.0,1861.0,1862.0,1862.0,1862.0,1862.0,1862.0,1863.0,1863.0,1863.0,1864.0,1866.0,1866.0,1866.0,1866.0,1866.0,1866.0,1866.0,1866.0,1866.0,1866.0,1866.0,1866.0,1866.0,1866.0,1866.0,1866.0,1866.0,1866.0,1866.0,1866.0,1867.0,,,,,,,,,1868.0,1868.0,1868.0,1868.0,1868.0,1868.0,1868.0,1868.0,1868.0,1868.0,1868.0,1868.0,1868.0,1868.0,1868.0,1868.0,1868.0,1868.0,1869.0,1869.0,1869.0,1869.0,1869.0,1869.0,1870.0,1870.0,1870.0,1870.0,1870.0,1870.0,1870.0,1870.0,1870.0,1870.0,1870.0,1870.0,1870.0,1870.0,1870.0,1871.0,1871.0,1871.0,1871.0,1871.0,1871.0,1871.0,1871.0,1872.0,1872.0,1872.0,1872.0,1873.0,1873.0,1874.0,1874.0,1874.0,1874.0,1875.0,1875.0,1875.0,1875.0,1875.0,1875.0,1875.0,1875.0,1875.0,1875.0,1875.0,1875.0,1876.0,1876.0,1876
dhmSWL1Vvto,54633.0,54648.0,54657.0,54672.0,54683.0,54690.0,54707.0,54730.0,54743.0,54753.0,54766.0,54777.0,54787.0,54806.0,54814.0,54821.0,54834.0,54843.0,54861.0,54869.0,54881.0,54898.0,54907.0,54913.0,54931.0,54952.0,54956.0,54979.0,55002.0,55032.0,55052.0,55063.0,55076.0,55088.0,55099.0,55118.0,55124.0,55139.0,55153.0,55169.0,55190.0,55216.0,55227.0,55247.0,55256.0,55273.0,55282.0,55292.0,55305.0,55315.0,55329.0,55339.0,55348.0,55364.0,55382.0,55393.0,55404.0,55421.0,55435.0,55452.0,55463.0,55477.0,55488.0,55504.0,55518.0,55529.0,55543.0,55561.0,55573.0,55587.0,55605.0,55618.0,55629.0,55634.0,55647.0,55663.0,55671.0,55686.0,55700.0,55717.0,55733.0,55745.0,55758.0,55777.0,55793.0,55814.0,55819.0,55832.0,55840.0,55848.0,55863.0,55882.0,55887.0,55903.0,55907.0,55912.0,55919.0,55927.0,55932.0,55944.0,55956.0,55968.0,55981.0,55996.0,56015.0,56031.0,56040.0,56050.0,56062.0,56073.0,56080.0,56091.0,56099.0,56118.0,56128.0,56145.0,56152.0,56161.0,56174.0,56192.0,56198.0,56214.0,56229.0,56240.0,56257.0,56271.0,56278.0,56293.0,56302.0,56305.0,56315.0,56328.0,56337.0,56369.0,,,,,,,,,56520.0,56538.0,56548.0,56562.0,56578.0,56596.0,56614.0,56628.0,56637.0,56646.0,56661.0,56673.0,56687.0,56702.0,56712.0,56716.0,56723.0,56746.0,56761.0,56770.0,56779.0,56792.0,56800.0,56809.0,56825.0,56838.0,56856.0,56873.0,56888.0,56903.0,56924.0,56939.0,56960.0,56976.0,56994.0,57006.0,57025.0,57048.0,57060.0,57085.0,57088.0,57101.0,57112.0,57133.0,57140.0,57162.0,57188.0,57195.0,57210.0,57224.0,57238.0,57256.0,57268.0,57306.0,57321.0,57343.0,57356.0,57383.0,57396.0,57407.0,57421.0,57439.0,57453.0,57468.0,57480.0,57498.0,57508.0,57534.0,57553.0,57578.0,57588.0,57600
UONcbQakyb4,11288.0,11288.0,11288.0,11288.0,11289.0,11290.0,11291.0,11293.0,11293.0,11294.0,11294.0,11294.0,11298.0,11300.0,11300.0,11301.0,11303.0,11306.0,11309.0,11309.0,11309.0,11310.0,11311.0,11316.0,11318.0,11318.0,11322.0,11321.0,11327.0,11329.0,11330.0,11331.0,11332.0,11334.0,11337.0,11338.0,11340.0,11340.0,11340.0,11343.0,11343.0,11343.0,11345.0,11345.0,11347.0,11348.0,11349.0,11349.0,11349.0,11349.0,11350.0,11351.0,11353.0,11354.0,11355.0,11355.0,11355.0,11356.0,11358.0,11359.0,11359.0,11359.0,11359.0,11361.0,11361.0,11361.0,11361.0,11362.0,11362.0,11363.0,11365.0,11365.0,11365.0,11365.0,11366.0,11366.0,11367.0,11367.0,11369.0,11372.0,11377.0,11379.0,11380.0,11382.0,11382.0,11383.0,11385.0,11387.0,11388.0,11388.0,11389.0,11390.0,11390.0,11396.0,11396.0,11397.0,11400.0,11402.0,11405.0,11410.0,11419.0,11424.0,11430.0,11438.0,11450.0,11453.0,11457.0,11464.0,11472.0,11477.0,11478.0,11478.0,11480.0,11481.0,11488.0,11488.0,11490.0,11492.0,11500.0,11507.0,11509.0,11514.0,11518.0,11522.0,11527.0,11530.0,11531.0,11537.0,11546.0,11550.0,11556.0,11560.0,11561.0,11563.0,,,,,,,,,11596.0,11598.0,11599.0,11601.0,11602.0,11606.0,11606.0,11608.0,11615.0,11619.0,11621.0,11623.0,11625.0,11626.0,11626.0,11629.0,11630.0,11631.0,11631.0,11631.0,11632.0,11637.0,11639.0,11645.0,11650.0,11652.0,11653.0,11654.0,11655.0,11661.0,11663.0,11663.0,11665.0,11668.0,11669.0,11672.0,11673.0,11675.0,11675.0,11675.0,11676.0,11680.0,11680.0,11681.0,11682.0,11683.0,11683.0,11685.0,11685.0,11685.0,11685.0,11689.0,11689.0,11691.0,11692.0,11693.0,11700.0,11705.0,11705.0,11706.0,11707.0,11707.0,11708.0,11711.0,11715.0,11715.0,11716.0,11716.0,11718.0,11718.0,11720.0,11720
Abn8J8lPPiQ,37357.0,37364.0,37374.0,37382.0,37390.0,37395.0,37403.0,37408.0,37414.0,37419.0,37429.0,37439.0,37447.0,37456.0,37471.0,37475.0,37478.0,37487.0,37494.0,37503.0,37510.0,37518.0,37528.0,37536.0,37544.0,37552.0,37560.0,37565.0,37575.0,37580.0,37587.0,37594.0,37601.0,37603.0,37610.0,37626.0,37633.0,37641.0,37651.0,37653.0,37666.0,37677.0,37681.0,37695.0,37705.0,37708.0,37710.0,37720.0,37734.0,37746.0,37757.0,37769.0,37778.0,37788.0,37795.0,37810.0,37817.0,37818.0,37822.0,37829.0,37836.0,37850.0,37858.0,37866.0,37870.0,37879.0,37890.0,37903.0,37913.0,37931.0,37936.0,37944.0,37956.0,37966.0,37972.0,37982.0,37999.0,38016.0,38027.0,38034.0,38043.0,38050.0,38058.0,38063.0,38069.0,38084.0,38099.0,38105.0,38112.0,38125.0,38131.0,38141.0,38144.0,38152.0,38159.0,38164.0,38174.0,38179.0,38187.0,38198.0,38204.0,38211.0,38219.0,38221.0,38230.0,38239.0,38244.0,38252.0,38266.0,38274.0,38283.0,38296.0,38305.0,38317.0,38325.0,38332.0,38341.0,38345.0,38350.0,38357.0,38368.0,38374.0,38377.0,38384.0,38391.0,38397.0,38409.0,38416.0,38424.0,38426.0,38438.0,38449.0,38461.0,38474.0,,,,,,,,,38566.0,38569.0,38579.0,38581.0,38592.0,38602.0,38615.0,38624.0,38633.0,38643.0,38655.0,38669.0,38678.0,38693.0,38703.0,38708.0,38717.0,38720.0,38728.0,38734.0,38741.0,38743.0,38755.0,38765.0,38769.0,38772.0,38777.0,38781.0,38784.0,38790.0,38802.0,38808.0,38817.0,38825.0,38830.0,38832.0,38840.0,38845.0,38854.0,38862.0,38866.0,38873.0,38880.0,38886.0,38888.0,38891.0,38897.0,38905.0,38915.0,38922.0,38930.0,38939.0,38949.0,38956.0,38965.0,38977.0,38989.0,39001.0,39011.0,39020.0,39035.0,39047.0,39057.0,39073.0,39080.0,39089.0,39103.0,39108.0,39115.0,39116.0,39124.0,39132
TeHhRFLk1IA,169965.0,170079.0,170211.0,170335.0,170497.0,170624.0,170826.0,171034.0,171223.0,171356.0,171462.0,171573.0,171703.0,171852.0,171993.0,172126.0,172287.0,172400.0,172571.0,172793.0,172975.0,173213.0,173436.0,173585.0,173714.0,173889.0,174017.0,174228.0,174340.0,174464.0,174598.0,174698.0,174826.0,174935.0,175066.0,175210.0,175373.0,175492.0,175628.0,175756.0,175906.0,176100.0,176254.0,176417.0,176582.0,176718.0,176861.0,177034.0,177200.0,177369.0,177517.0,177682.0,177839.0,178017.0,178201.0,178363.0,178524.0,178693.0,178887.0,179013.0,179195.0,179374.0,179573.0,179752.0,180018.0,180200.0,180370.0,180558.0,180762.0,180988.0,181230.0,181414.0,181597.0,181743.0,181976.0,182230.0,182464.0,182697.0,182906.0,183093.0,183255.0,183430.0,183640.0,183836.0,184051.0,184278.0,184451.0,184614.0,184801.0,184959.0,185165.0,185377.0,185559.0,185756.0,185905.0,186114.0,186339.0,186526.0,186787.0,187076.0,187279.0,187490.0,187665.0,187891.0,188082.0,188316.0,188649.0,188911.0,189044.0,189257.0,189499.0,189825.0,190073.0,190393.0,190628.0,190837.0,191155.0,191442.0,191712.0,192027.0,192275.0,192494.0,192660.0,192980.0,193305.0,193586.0,193971.0,194472.0,194889.0,195224.0,195691.0,196304.0,196832.0,197286.0,,,,,,,,,200887.0,201126.0,201358.0,201664.0,201984.0,202275.0,202503.0,202659.0,202922.0,203214.0,203534.0,203828.0,204308.0,204850.0,205203.0,205512.0,205911.0,206300.0,206661.0,206956.0,207230.0,207456.0,207648.0,207875.0,208151.0,208382.0,208662.0,208913.0,209085.0,209321.0,209576.0,209919.0,210214.0,210579.0,210883.0,211093.0,211322.0,211627.0,211862.0,212140.0,212437.0,212746.0,212960.0,213181.0,213527.0,213784.0,214195.0,214566.0,215000.0,215283.0,215525.0,215847.0,216196.0,216542.0,216930.0,217357.0,217735.0,218075.0,218475.0,218858.0,219258.0,219452.0,219736.0,220074.0,220261.0,220555.0,220955.0,221315.0,221610.0,221959.0,222318.0,222525
hRMEUX9StLc,312213.0,312213.0,312213.0,312213.0,312213.0,312213.0,312213.0,312213.0,312213.0,312213.0,312213.0,312213.0,312213.0,312213.0,312213.0,312213.0,312213.0,312213.0,312213.0,312213.0,312213.0,312213.0,312213.0,312213.0,312213.0,312213.0,312213.0,312213.0,312213.0,312213.0,312213.0,312213.0,312213.0,312213.0,312213.0,312213.0,312213.0,312213.0,312213.0,312213.0,312213.0,312213.0,312213.0,312213.0,312213.0,312213.0,312213.0,312213.0,312213.0,312213.0,312213.0,312213.0,312213.0,312213.0,312213.0,312213.0,312213.0,312213.0,312213.0,312213.0,312213.0,312213.0,312213.0,312213.0,312213.0,312213.0,312213.0,312213.0,312213.0,312213.0,312213.0,312213.0,312213.0,312213.0,312213.0,312213.0,312213.0,312213.0,312213.0,312213.0,312213.0,312213.0,312213.0,312213.0,312213.0,312213.0,312213.0,312213.0,312213.0,312213.0,312213.0,312213.0,312213.0,312213.0,312213.0,312213.0,312213.0,312213.0,312213.0,312213.0,312213.0,312213.0,312213.0,312213.0,312213.0,312213.0,312213.0,312213.0,312213.0,312213.0,312213.0,312213.0,312213.0,312213.0,312213.0,312213.0,312213.0,312213.0,312213.0,312213.0,312213.0,312213.0,312213.0,312213.0,312213.0,312213.0,312213.0,312213.0,312213.0,312213.0,312213.0,312213.0,312213.0,312213.0,,,,,,,,,312213.0,312213.0,312213.0,312213.0,312213.0,312213.0,312213.0,312213.0,312213.0,312213.0,312213.0,312213.0,312213.0,312213.0,312213.0,312213.0,312213.0,312213.0,312213.0,312213.0,312213.0,312213.0,312213.0,312213.0,312213.0,312213.0,312213.0,312213.0,312213.0,312213.0,312213.0,312213.0,312213.0,312213.0,312213.0,312213.0,312213.0,312213.0,312213.0,312213.0,312213.0,312213.0,312213.0,312213.0,312213.0,312213.0,312213.0,312213.0,312213.0,312213.0,312213.0,312213.0,312213.0,312213.0,312213.0,312213.0,312213.0,312213.0,312213.0,312213.0,312213.0,312213.0,312213.0,312213.0,312213.0,312213.0,312213.0,312213.0,312213.0,312213.0,312213.0,312213
iW3mz84UmFs,2217054.0,2217874.0,2218626.0,2219255.0,2220192.0,2221085.0,2222072.0,2223164.0,2224062.0,2224798.0,2225553.0,2226251.0,2227187.0,2228070.0,2228856.0,2229675.0,2230490.0,2231110.0,2231802.0,2232633.0,2233529.0,2234679.0,2235508.0,2236312.0,2236978.0,2237739.0,2238472.0,2239182.0,2239946.0,2240770.0,2241371.0,2242006.0,2242587.0,2243337.0,2244085.0,2245030.0,2245705.0,2246459.0,2246996.0,2247766.0,2248605.0,2249516.0,2250469.0,2251385.0,2252158.0,2252764.0,2253654.0,2254611.0,2255458.0,2256183.0,2257255.0,2257990.0,2258650.0,2259344.0,2259975.0,2260786.0,2261486.0,2262192.0,2262779.0,2263316.0,2264050.0,2264812.0,2265627.0,2266470.0,2267451.0,2268129.0,2268811.0,2269662.0,2270445.0,2271687.0,2272936.0,2273882.0,2275121.0,2276396.0,2277844.0,2279433.0,2281619.0,2284306.0,2287863.0,2291114.0,2294113.0,2299392.0,2303962.0,2307616.0,2311108.0,2317529.0,2324402.0,2328536.0,2334330.0,2340660.0,2347329.0,2352741.0,2361046.0,2366940.0,2371429.0,2377347.0,2382817.0,2387390.0,2392763.0,2398795.0,2404049.0,2407540.0,2411812.0,2417077.0,2422271.0,2427648.0,2432354.0,2437441.0,2442066.0,2445837.0,2449685.0,2454051.0,2458677.0,2463626.0,2467323.0,2470031.0,2472999.0,2475814.0,2478897.0,2482821.0,2486562.0,2490716.0,2494799.0,2498465.0,2501651.0,2505453.0,2510383.0,2516634.0,2523357.0,2529416.0,2537886.0,2544066.0,2550332.0,2554733.0,,,,,,,,,2587547.0,2589534.0,2591725.0,2593556.0,2595417.0,2597294.0,2598987.0,2600834.0,2602455.0,2604304.0,2606186.0,2608317.0,2610681.0,2612799.0,2614764.0,2616246.0,2618225.0,2620254.0,2622590.0,2624518.0,2626397.0,2628302.0,2630119.0,2632183.0,2634318.0,2637092.0,2640323.0,2643901.0,2646897.0,2649491.0,2653292.0,2657139.0,2661193.0,2665580.0,2669914.0,2674129.0,2677701.0,2682407.0,2686631.0,2691004.0,2694569.0,2698361.0,2702047.0,2705189.0,2709087.0,2713282.0,2717532.0,2721614.0,2725613.0,2729883.0,2733765.0,2738082.0,2741934.0,2745409.0,2748644.0,2752534.0,2756050.0,2759031.0,2762814.0,2766670.0,2770884.0,2773848.0,2777637.0,2781124.0,2784022.0,2788040.0,2792359.0,2796906.0,2800190.0,2804042.0,2807696.0,2811155
UHiSc_M0xQU,26249929.0,26251608.0,26253398.0,26255240.0,26256967.0,26258985.0,26261042.0,26263229.0,26265413.0,26267533.0,26269646.0,26271666.0,26273780.0,26275873.0,26277940.0,26279941.0,26281790.0,26283659.0,26285507.0,26287301.0,26289214.0,26291192.0,26293161.0,26295036.0,26296830.0,26298593.0,26300464.0,26302188.0,26303979.0,26305679.0,26307301.0,26309098.0,26310801.0,26312664.0,26314564.0,26316577.0,26318544.0,26320692.0,26322738.0,26324624.0,26326420.0,26328422.0,26330528.0,26332823.0,26334910.0,26336791.0,26338622.0,26340722.0,26342770.0,26344940.0,26347072.0,26349365.0,26351290.0,26353112.0,26355227.0,26357116.0,26359097.0,26361340.0,26363691.0,26366028.0,26368217.0,26370370.0,26372475.0,26374481.0,26376457.0,26378349.0,26380171.0,26382037.0,26383676.0,26385591.0,26387326.0,26389138.0,26391009.0,26392848.0,26394654.0,26396592.0,26398682.0,26400868.0,26402876.0,26404673.0,26406461.0,26408342.0,26410272.0,26412125.0,26413809.0,26415538.0,26417384.0,26419148.0,26420873.0,26422656.0,26424336.0,26426098.0,26427759.0,26429491.0,26431194.0,26432858.0,26434501.0,26436191.0,26437807.0,26439370.0,26440960.0,26442525.0,26444059.0,26445619.0,26447320.0,26448886.0,26450436.0,26452196.0,26453940.0,26455525.0,26457145.0,26458826.0,26460394.0,26461991.0,26463559.0,26465133.0,26466775.0,26468574.0,26470406.0,26471992.0,26473557.0,26475179.0,26476895.0,26478489.0,26479843.0,26481228.0,26482741.0,26484338.0,26485898.0,26487388.0,26488725.0,26490056.0,26491569.0,26493159.0,,,,,,,,,26507312.0,26509038.0,26510621.0,26512224.0,26513902.0,26515772.0,26517611.0,26519302.0,26521184.0,26522874.0,26524558.0,26526196.0,26527658.0,26529049.0,26530524.0,26532087.0,26533478.0,26534955.0,26536346.0,26537734.0,26539018.0,26540537.0,26541964.0,26543332.0,26544789.0,26546191.0,26547641.0,26549107.0,26550597.0,26552008.0,26553509.0,26555077.0,26556640.0,26558300.0,26559966.0,26561580.0,26563286.0,26564906.0,26566700.0,26568409.0,26570063.0,26571728.0,26573404.0,26575051.0,26576550.0,26578045.0,26579671.0,26581274.0,26582933.0,26584668.0,26586236.0,26587771.0,26589297.0,26590996.0,26592649.0,26594314.0,26595866.0,26597381.0,26598950.0,26600536.0,26601994.0,26603623.0,26604933.0,26606356.0,26607695.0,26609163.0,26610739.0,26612466.0,26614313.0,26615985.0,26617666.0,26619260
0EGRlGg2Wa0,274318.0,274438.0,274556.0,274801.0,275061.0,275243.0,275366.0,275525.0,275713.0,275854.0,275988.0,276131.0,276280.0,276409.0,276525.0,276681.0,276792.0,276935.0,277059.0,277170.0,277275.0,277426.0,277574.0,277673.0,277762.0,277880.0,277973.0,278077.0,278171.0,278277.0,278386.0,278472.0,278546.0,278642.0,278748.0,278845.0,278948.0,279020.0,279062.0,279142.0,279230.0,279310.0,279404.0,279511.0,279597.0,279672.0,279760.0,279872.0,279977.0,280080.0,280193.0,280282.0,280376.0,280454.0,280552.0,280642.0,280725.0,280817.0,280899.0,280963.0,281088.0,281169.0,281277.0,281394.0,281468.0,281541.0,281607.0,281661.0,281743.0,281830.0,281913.0,281976.0,282054.0,282120.0,282183.0,282252.0,282332.0,282413.0,282496.0,282560.0,282623.0,282693.0,282759.0,282835.0,282923.0,283026.0,283079.0,283145.0,283228.0,283305.0,283406.0,283499.0,283559.0,283630.0,283693.0,283766.0,283851.0,283942.0,284025.0,284129.0,284183.0,284251.0,284332.0,284421.0,284488.0,284587.0,284687.0,284761.0,284826.0,284909.0,285002.0,285087.0,285169.0,285250.0,285325.0,285403.0,285488.0,285569.0,285646.0,285761.0,285876.0,285956.0,286040.0,286112.0,286212.0,286285.0,286375.0,286487.0,286594.0,286707.0,286791.0,286894.0,287005.0,287088.0,,,,,,,,,288333.0,288455.0,288600.0,288701.0,288804.0,288906.0,289000.0,289083.0,289216.0,289335.0,289420.0,289520.0,289615.0,289736.0,289832.0,289931.0,290035.0,290124.0,290214.0,290298.0,290379.0,290441.0,290493.0,290584.0,290644.0,290719.0,290807.0,290900.0,290982.0,291041.0,291120.0,291206.0,291307.0,291387.0,291501.0,291576.0,291652.0,291754.0,291836.0,291911.0,291993.0,292085.0,292161.0,292234.0,292306.0,292414.0,292505.0,292594.0,292672.0,292759.0,292835.0,292887.0,292982.0,293047.0,293107.0,293187.0,293249.0,293304.0,293359.0,293415.0,293480.0,293532.0,293588.0,293651.0,293706.0,293781.0,293863.0,293939.0,294038.0,294124.0,294177.0,294243
VzOg9o2ms0w,135409.0,135409.0,135409.0,135409.0,135409.0,135409.0,135409.0,135409.0,135409.0,135409.0,135409.0,135409.0,135409.0,135409.0,135409.0,135409.0,135409.0,135409.0,135409.0,135409.0,135409.0,135409.0,135409.0,135409.0,135409.0,135409.0,135409.0,135409.0,135409.0,135409.0,135409.0,135409.0,135409.0,135409.0,135409.0,135409.0,135409.0,135409.0,135409.0,135409.0,135409.0,135409.0,135409.0,135409.0,135409.0,135409.0,135409.0,135409.0,135409.0,135409.0,135409.0,135409.0,135409.0,135409.0,135409.0,135409.0,135409.0,135409.0,135409.0,135409.0,135409.0,135409.0,135409.0,135409.0,135409.0,135409.0,135409.0,135409.0,135409.0,135409.0,135409.0,135409.0,135409.0,135409.0,135409.0,135409.0,135409.0,135409.0,135409.0,135409.0,135409.0,135409.0,135409.0,135409.0,135409.0,135409.0,135409.0,135409.0,135409.0,135409.0,135409.0,135409.0,135409.0,135409.0,135409.0,135409.0,135409.0,135409.0,135409.0,135409.0,135409.0,135409.0,135409.0,135409.0,135409.0,135409.0,135409.0,135409.0,135409.0,135409.0,135409.0,135409.0,135409.0,135409.0,135409.0,135409.0,135409.0,135409.0,135409.0,135409.0,135409.0,135409.0,135409.0,135409.0,135409.0,135409.0,135409.0,135409.0,135409.0,135409.0,135409.0,135409.0,135409.0,135409.0,,,,,,,,,135409.0,135409.0,135409.0,135409.0,135409.0,135409.0,135409.0,135409.0,135409.0,135409.0,135409.0,135409.0,135409.0,135409.0,135409.0,135409.0,135409.0,135409.0,135409.0,135409.0,135409.0,135409.0,135409.0,135409.0,135409.0,135409.0,135409.0,135409.0,135409.0,135409.0,135409.0,135409.0,135409.0,135409.0,135409.0,135409.0,135409.0,135409.0,135409.0,135409.0,135409.0,135409.0,135409.0,135409.0,135409.0,135409.0,135409.0,135409.0,135409.0,135409.0,135409.0,135409.0,135409.0,135409.0,135409.0,135409.0,135409.0,135409.0,135409.0,135409.0,135409.0,135409.0,135409.0,135409.0,135409.0,135409.0,135409.0,135409.0,135409.0,135409.0,135409.0,135409
2kpwcqhsobo,149133.0,149188.0,149228.0,149262.0,149298.0,149349.0,149383.0,149412.0,149484.0,149528.0,149584.0,149652.0,149712.0,149750.0,149789.0,149829.0,149859.0,149897.0,149949.0,149977.0,150006.0,150049.0,150087.0,150117.0,150148.0,150185.0,150222.0,150241.0,150276.0,150321.0,150365.0,150393.0,150439.0,150475.0,150515.0,150551.0,150603.0,150633.0,150670.0,150692.0,150724.0,150764.0,150809.0,150850.0,150878.0,150892.0,150928.0,150964.0,150994.0,151024.0,151056.0,151086.0,151126.0,151156.0,151194.0,151227.0,151258.0,151315.0,151360.0,151387.0,151427.0,151467.0,151525.0,151577.0,151629.0,151685.0,151729.0,151783.0,151840.0,151911.0,151958.0,152009.0,152048.0,152079.0,152115.0,152150.0,152195.0,152238.0,152277.0,152315.0,152338.0,152382.0,152425.0,152460.0,152488.0,152530.0,152568.0,152594.0,152634.0,152669.0,152714.0,152764.0,152805.0,152842.0,152864.0,152900.0,152937.0,152972.0,153009.0,153052.0,153083.0,153123.0,153152.0,153187.0,153218.0,153260.0,153297.0,153314.0,153349.0,153397.0,153421.0,153465.0,153510.0,153545.0,153568.0,153590.0,153628.0,153659.0,153682.0,153712.0,153729.0,153748.0,153767.0,153779.0,153798.0,153820.0,153844.0,153871.0,153895.0,153916.0,153951.0,153989.0,154026.0,154066.0,,,,,,,,,154396.0,154431.0,154488.0,154543.0,154593.0,154634.0,154680.0,154715.0,154749.0,154783.0,154832.0,154860.0,154896.0,154929.0,154942.0,154973.0,155001.0,155025.0,155052.0,155076.0,155109.0,155137.0,155156.0,155182.0,155220.0,155247.0,155282.0,155311.0,155344.0,155363.0,155392.0,155418.0,155466.0,155501.0,155530.0,155571.0,155590.0,155627.0,155646.0,155687.0,155720.0,155757.0,155777.0,155808.0,155841.0,155885.0,155942.0,155971.0,156007.0,156037.0,156072.0,156111.0,156148.0,156182.0,156239.0,156277.0,156313.0,156339.0,156378.0,156409.0,156436.0,156462.0,156501.0,156531.0,156572.0,156620.0,156657.0,156696.0,156735.0,156792.0,156833.0,156873
-NGiFbs2LE8,33886.0,33892.0,33898.0,33900.0,33902.0,33905.0,33910.0,33913.0,33917.0,33919.0,33924.0,33931.0,33933.0,33944.0,33948.0,33957.0,33960.0,33966.0,33968.0,33971.0,33978.0,33980.0,33984.0,33986.0,33988.0,33989.0,33992.0,33996.0,33999.0,34004.0,34007.0,34009.0,34014.0,34017.0,34020.0,34025.0,34027.0,34030.0,34033.0,34037.0,34039.0,34042.0,34049.0,34054.0,34056.0,34059.0,34060.0,34060.0,34062.0,34064.0,34068.0,34074.0,34074.0,34077.0,34079.0,34084.0,34084.0,34087.0,34089.0,34092.0,34093.0,34097.0,34100.0,34100.0,34100.0,34101.0,34103.0,34104.0,34106.0,34107.0,34110.0,34115.0,34115.0,34117.0,34118.0,34120.0,34123.0,34129.0,34130.0,34134.0,34135.0,34135.0,34136.0,34136.0,34136.0,34137.0,34137.0,34142.0,34146.0,34148.0,34152.0,34152.0,34152.0,34153.0,34155.0,34158.0,34160.0,34162.0,34163.0,34163.0,34165.0,34165.0,34165.0,34168.0,34175.0,34184.0,34190.0,34194.0,34199.0,34202.0,34207.0,34213.0,34220.0,34224.0,34230.0,34238.0,34242.0,34249.0,34254.0,34257.0,34262.0,34268.0,34272.0,34278.0,34281.0,34284.0,34286.0,34291.0,34297.0,34303.0,34310.0,34314.0,34317.0,34320.0,,,,,,,,,34349.0,34350.0,34351.0,34352.0,34356.0,34360.0,34366.0,34370.0,34372.0,34373.0,34375.0,34384.0,34389.0,34391.0,34400.0,34405.0,34408.0,34408.0,34412.0,34414.0,34419.0,34423.0,34426.0,34428.0,34429.0,34431.0,34432.0,34433.0,34435.0,34436.0,34443.0,34444.0,34445.0,34446.0,34446.0,34449.0,34451.0,34455.0,34464.0,34469.0,34481.0,34485.0,34486.0,34486.0,34489.0,34492.0,34496.0,34497.0,34499.0,34502.0,34504.0,34505.0,34507.0,34512.0,34514.0,34518.0,34521.0,34524.0,34527.0,34527.0,34528.0,34532.0,34533.0,34535.0,34537.0,34537.0,34539.0,34540.0,34545.0,34548.0,34554.0,34559
tGs-SNQu3zE,6987.0,6988.0,6989.0,6989.0,6992.0,6992.0,6994.0,6999.0,6999.0,7001.0,7002.0,7002.0,7002.0,7003.0,7003.0,7003.0,7003.0,7003.0,7006.0,7011.0,7014.0,7015.0,7017.0,7019.0,7019.0,7020.0,7021.0,7023.0,7023.0,7023.0,7027.0,7028.0,7032.0,7032.0,7032.0,7032.0,7033.0,7033.0,7035.0,7038.0,7040.0,7042.0,7043.0,7043.0,7045.0,7045.0,7045.0,7045.0,7047.0,7047.0,7048.0,7048.0,7050.0,7051.0,7052.0,7053.0,7055.0,7057.0,7060.0,7065.0,7066.0,7066.0,7067.0,7067.0,7069.0,7069.0,7071.0,7076.0,7077.0,7078.0,7085.0,7088.0,7092.0,7093.0,7098.0,7103.0,7106.0,7109.0,7110.0,7113.0,7118.0,7123.0,7124.0,7127.0,7134.0,7137.0,7137.0,7139.0,7140.0,7141.0,7143.0,7145.0,7145.0,7148.0,7149.0,7150.0,7194.0,7212.0,7220.0,7224.0,7230.0,7237.0,7239.0,7243.0,7246.0,7248.0,7248.0,7251.0,7255.0,7258.0,7260.0,7261.0,7264.0,7266.0,7266.0,7267.0,7267.0,7268.0,7269.0,7270.0,7270.0,7270.0,7272.0,7273.0,7275.0,7277.0,7280.0,7282.0,7287.0,7298.0,7301.0,7303.0,7306.0,7308.0,,,,,,,,,7328.0,7330.0,7333.0,7336.0,7336.0,7338.0,7338.0,7338.0,7340.0,7341.0,7348.0,7349.0,7349.0,7351.0,7351.0,7353.0,7354.0,7354.0,7355.0,7355.0,7359.0,7359.0,7360.0,7363.0,7363.0,7363.0,7363.0,7363.0,7366.0,7366.0,7368.0,7368.0,7369.0,7370.0,7371.0,7371.0,7373.0,7373.0,7375.0,7378.0,7378.0,7380.0,7391.0,7394.0,7394.0,7394.0,7394.0,7394.0,7395.0,7400.0,7400.0,7402.0,7402.0,7403.0,7404.0,7404.0,7404.0,7408.0,7410.0,7412.0,7412.0,7413.0,7415.0,7415.0,7415.0,7415.0,7415.0,7417.0,7417.0,7418.0,7418.0,7419
Y1B_seXDkLg,36702.0,36705.0,36708.0,36712.0,36717.0,36730.0,36735.0,36741.0,36743.0,36751.0,36760.0,36768.0,36777.0,36782.0,36787.0,36791.0,36793.0,36796.0,36802.0,36803.0,36810.0,36818.0,36824.0,36828.0,36833.0,36841.0,36852.0,36856.0,36858.0,36865.0,36873.0,36878.0,36882.0,36887.0,36891.0,36901.0,36903.0,36906.0,36907.0,36911.0,36912.0,36916.0,36923.0,36926.0,36928.0,36934.0,36940.0,36943.0,36944.0,36948.0,36956.0,36963.0,36968.0,36971.0,36979.0,36985.0,36988.0,36993.0,36996.0,37000.0,37001.0,37004.0,37005.0,37007.0,37012.0,37017.0,37016.0,37019.0,37027.0,37028.0,37035.0,37035.0,37038.0,37041.0,37048.0,37053.0,37056.0,37061.0,37063.0,37065.0,37066.0,37068.0,37069.0,37072.0,37075.0,37080.0,37081.0,37083.0,37084.0,37087.0,37090.0,37091.0,37095.0,37098.0,37103.0,37108.0,37110.0,37114.0,37118.0,37125.0,37132.0,37134.0,37137.0,37143.0,37153.0,37163.0,37170.0,37176.0,37187.0,37193.0,37203.0,37213.0,37224.0,37236.0,37242.0,37254.0,37265.0,37276.0,37286.0,37294.0,37301.0,37312.0,37323.0,37330.0,37335.0,37342.0,37347.0,37353.0,37362.0,37375.0,37388.0,37395.0,37402.0,37405.0,,,,,,,,,37448.0,37450.0,37459.0,37464.0,37469.0,37470.0,37471.0,37475.0,37479.0,37488.0,37492.0,37497.0,37500.0,37502.0,37506.0,37507.0,37514.0,37519.0,37525.0,37534.0,37540.0,37543.0,37545.0,37552.0,37555.0,37558.0,37561.0,37564.0,37566.0,37566.0,37575.0,37579.0,37587.0,37596.0,37599.0,37603.0,37608.0,37610.0,37614.0,37619.0,37620.0,37627.0,37629.0,37632.0,37632.0,37638.0,37640.0,37641.0,37643.0,37645.0,37648.0,37652.0,37654.0,37656.0,37662.0,37665.0,37668.0,37671.0,37676.0,37680.0,37683.0,37684.0,37684.0,37688.0,37692.0,37694.0,37696.0,37699.0,37702.0,37708.0,37710.0,37715
dDlZNGC5Guk,847914.0,848295.0,848709.0,849093.0,849532.0,850043.0,850485.0,850950.0,851433.0,851890.0,852239.0,852649.0,853133.0,853591.0,854244.0,855123.0,855580.0,855918.0,856343.0,856789.0,857286.0,857812.0,858352.0,858771.0,859148.0,859571.0,860067.0,860462.0,860868.0,861333.0,861721.0,862085.0,862468.0,862939.0,863379.0,863821.0,864345.0,864697.0,865000.0,865429.0,865860.0,866229.0,866657.0,867074.0,867459.0,867771.0,868156.0,868600.0,869023.0,869388.0,869806.0,870133.0,870428.0,870816.0,871221.0,871650.0,872019.0,872463.0,872751.0,873119.0,873520.0,873924.0,874295.0,874742.0,875212.0,875543.0,875885.0,876377.0,876709.0,877202.0,877674.0,878109.0,878514.0,878856.0,879285.0,879655.0,880058.0,880398.0,880835.0,881182.0,881520.0,881909.0,882341.0,882731.0,883103.0,883579.0,883956.0,884308.0,884728.0,885192.0,885660.0,886186.0,886686.0,887144.0,887558.0,888055.0,888562.0,889064.0,889660.0,890301.0,890746.0,891152.0,891667.0,892134.0,892528.0,893007.0,893559.0,893994.0,894374.0,894818.0,895309.0,895920.0,896382.0,896946.0,897428.0,897845.0,898445.0,899002.0,899621.0,900362.0,900875.0,901286.0,901635.0,902063.0,902485.0,902913.0,903260.0,903692.0,904135.0,904419.0,904796.0,905202.0,905687.0,906138.0,,,,,,,,,910720.0,911241.0,911744.0,912321.0,912846.0,913347.0,913940.0,914354.0,914799.0,915257.0,915675.0,916176.0,916661.0,917182.0,917602.0,917941.0,918448.0,918984.0,919480.0,919984.0,920564.0,921007.0,921419.0,921878.0,922426.0,922933.0,923429.0,923980.0,924499.0,924816.0,925249.0,925683.0,926176.0,926656.0,927132.0,927578.0,927946.0,928357.0,928804.0,929259.0,929719.0,930165.0,930516.0,930834.0,931213.0,931611.0,932045.0,932490.0,932956.0,933328.0,933620.0,934111.0,934627.0,935076.0,935509.0,935944.0,936353.0,936658.0,937089.0,937505.0,937962.0,938300.0,938689.0,939107.0,939406.0,939819.0,940259.0,940705.0,940980.0,941398.0,941738.0,942034
IEd0_qmsxoY,59478.0,59481.0,59486.0,59505.0,59516.0,59524.0,59527.0,59537.0,59543.0,59552.0,59563.0,59576.0,59585.0,59595.0,59605.0,59609.0,59615.0,59620.0,59629.0,59637.0,59652.0,59662.0,59667.0,59677.0,59683.0,59687.0,59692.0,59696.0,59698.0,59701.0,59708.0,59714.0,59730.0,59731.0,59743.0,59751.0,59755.0,59756.0,59761.0,59771.0,59774.0,59777.0,59786.0,59790.0,59794.0,59801.0,59801.0,59804.0,59812.0,59816.0,59820.0,59826.0,59829.0,59835.0,59839.0,59842.0,59844.0,59848.0,59850.0,59855.0,59856.0,59858.0,59860.0,59863.0,59872.0,59875.0,59876.0,59880.0,59886.0,59891.0,59896.0,59904.0,59914.0,59914.0,59920.0,59921.0,59922.0,59924.0,59928.0,59934.0,59937.0,59939.0,59942.0,59945.0,59946.0,59950.0,59955.0,59962.0,59967.0,59971.0,59975.0,59975.0,59980.0,59980.0,59981.0,59982.0,59982.0,59983.0,59985.0,59987.0,59990.0,59993.0,60002.0,60005.0,60006.0,60007.0,60009.0,60010.0,60014.0,60019.0,60021.0,60024.0,60030.0,60034.0,60043.0,60046.0,60048.0,60047.0,60050.0,60057.0,60065.0,60070.0,60074.0,60076.0,60081.0,60089.0,60094.0,60096.0,60106.0,60109.0,60118.0,60131.0,60134.0,60140.0,,,,,,,,,60198.0,60200.0,60207.0,60219.0,60222.0,60223.0,60225.0,60228.0,60231.0,60240.0,60248.0,60255.0,60257.0,60260.0,60276.0,60283.0,60284.0,60286.0,60287.0,60294.0,60298.0,60299.0,60310.0,60314.0,60316.0,60321.0,60323.0,60327.0,60333.0,60335.0,60340.0,60348.0,60353.0,60360.0,60368.0,60374.0,60382.0,60383.0,60389.0,60395.0,60399.0,60403.0,60415.0,60420.0,60421.0,60427.0,60431.0,60436.0,60440.0,60450.0,60458.0,60463.0,60466.0,60470.0,60476.0,60483.0,60484.0,60490.0,60493.0,60494.0,60496.0,60497.0,60498.0,60502.0,60502.0,60506.0,60509.0,60514.0,60518.0,60522.0,60526.0,60529
Qj-vTsHUb_M,156477.0,156715.0,156938.0,157170.0,157409.0,157655.0,157900.0,158143.0,158445.0,158675.0,158893.0,159141.0,159367.0,159592.0,159828.0,160113.0,160334.0,160534.0,160752.0,161055.0,161327.0,161682.0,161949.0,162185.0,162409.0,162647.0,162864.0,163084.0,163325.0,163602.0,163809.0,163983.0,164184.0,164405.0,164612.0,164843.0,165065.0,165299.0,165475.0,165681.0,165856.0,166086.0,166292.0,166538.0,166744.0,166926.0,167163.0,167364.0,167609.0,167867.0,168061.0,168222.0,168380.0,168540.0,168695.0,168857.0,169028.0,169206.0,169330.0,169475.0,169618.0,169788.0,169927.0,170074.0,170199.0,170319.0,170460.0,170583.0,170724.0,170888.0,171039.0,171200.0,171345.0,171458.0,171666.0,171849.0,172050.0,172234.0,172435.0,172606.0,172730.0,172913.0,173099.0,173275.0,173477.0,173681.0,173819.0,173954.0,174108.0,174239.0,174396.0,174543.0,174762.0,174994.0,175127.0,175289.0,175440.0,175667.0,175899.0,176137.0,176306.0,176482.0,176650.0,176803.0,176943.0,177119.0,177272.0,177426.0,177587.0,177760.0,177902.0,178083.0,178255.0,178457.0,178655.0,178833.0,178977.0,179171.0,179353.0,179561.0,179729.0,179912.0,180032.0,180182.0,180326.0,180462.0,180611.0,180787.0,180942.0,181033.0,181192.0,181377.0,181510.0,181693.0,,,,,,,,,183665.0,183815.0,184025.0,184258.0,184463.0,184688.0,184870.0,185073.0,185229.0,185450.0,185693.0,185899.0,186140.0,186343.0,186493.0,186627.0,186784.0,186942.0,187078.0,187250.0,187411.0,187555.0,187683.0,187833.0,187998.0,188153.0,188324.0,188463.0,188586.0,188721.0,188862.0,189027.0,189191.0,189386.0,189546.0,189731.0,189858.0,190062.0,190222.0,190388.0,190609.0,190795.0,190990.0,191097.0,191273.0,191452.0,191614.0,191790.0,191988.0,192155.0,192264.0,192415.0,192578.0,192756.0,192951.0,193155.0,193310.0,193429.0,193620.0,193771.0,193971.0,194130.0,194294.0,194451.0,194598.0,194794.0,194966.0,195185.0,195333.0,195545.0,195720.0,195895
KrN4ZFvtSMw,3818.0,3818.0,3818.0,3818.0,3819.0,3820.0,3821.0,3823.0,3824.0,3824.0,3824.0,3824.0,3825.0,3825.0,3826.0,3826.0,3826.0,3826.0,3826.0,3831.0,3834.0,3835.0,3837.0,3842.0,3845.0,3848.0,3849.0,3849.0,3851.0,3852.0,3852.0,3853.0,3854.0,3854.0,3856.0,3856.0,3858.0,3859.0,3860.0,3863.0,3865.0,3866.0,3867.0,3869.0,3871.0,3872.0,3875.0,3875.0,3875.0,3876.0,3877.0,3878.0,3878.0,3878.0,3878.0,3880.0,3883.0,3885.0,3885.0,3888.0,3889.0,3889.0,3889.0,3891.0,3892.0,3893.0,3894.0,3894.0,3894.0,3894.0,3894.0,3894.0,3894.0,3894.0,3894.0,3894.0,3894.0,3894.0,3894.0,3894.0,3895.0,3897.0,3899.0,3900.0,3900.0,3901.0,3902.0,3902.0,3902.0,3904.0,3904.0,3905.0,3906.0,3906.0,3906.0,3906.0,3906.0,3906.0,3906.0,3906.0,3907.0,3907.0,3908.0,3908.0,3908.0,3909.0,3910.0,3910.0,3910.0,3910.0,3910.0,3910.0,3910.0,3910.0,3911.0,3911.0,3911.0,3912.0,3912.0,3912.0,3912.0,3912.0,3912.0,3913.0,3913.0,3913.0,3913.0,3913.0,3913.0,3913.0,3913.0,3913.0,3917.0,3919.0,,,,,,,,,3924.0,3924.0,3924.0,3925.0,3926.0,3926.0,3927.0,3927.0,3929.0,3929.0,3930.0,3930.0,3930.0,3930.0,3930.0,3930.0,3930.0,3930.0,3931.0,3932.0,3933.0,3934.0,3935.0,3937.0,3938.0,3939.0,3940.0,3940.0,3941.0,3941.0,3943.0,3944.0,3944.0,3944.0,3945.0,3946.0,3946.0,3946.0,3947.0,3948.0,3949.0,3951.0,3951.0,3951.0,3953.0,3954.0,3955.0,3961.0,3969.0,3972.0,3972.0,3974.0,3975.0,3976.0,3977.0,3979.0,3983.0,3985.0,3987.0,3989.0,3989.0,3989.0,3989.0,3994.0,4000.0,4000.0,4000.0,4000.0,4000.0,4000.0,4006.0,4009
iusSuTrMRno,86544.0,86605.0,86660.0,86713.0,86760.0,86832.0,86893.0,86943.0,87008.0,87052.0,87087.0,87125.0,87158.0,87208.0,87245.0,87277.0,87314.0,87362.0,87395.0,87427.0,87458.0,87499.0,87559.0,87604.0,87637.0,87674.0,87719.0,87775.0,87836.0,87895.0,87951.0,88003.0,88039.0,88090.0,88133.0,88186.0,88243.0,88299.0,88339.0,88386.0,88427.0,88472.0,88515.0,88568.0,88613.0,88660.0,88698.0,88747.0,88794.0,88859.0,88909.0,88967.0,89000.0,89048.0,89092.0,89155.0,89192.0,89236.0,89268.0,89296.0,89327.0,89380.0,89433.0,89473.0,89524.0,89545.0,89580.0,89606.0,89646.0,89680.0,89729.0,89775.0,89819.0,89852.0,89905.0,89955.0,90019.0,90076.0,90125.0,90188.0,90230.0,90294.0,90342.0,90400.0,90444.0,90489.0,90529.0,90581.0,90620.0,90671.0,90721.0,90785.0,90865.0,90916.0,90953.0,91003.0,91051.0,91104.0,91176.0,91239.0,91285.0,91347.0,91416.0,91460.0,91524.0,91579.0,91624.0,91665.0,91693.0,91717.0,91757.0,91786.0,91824.0,91857.0,91901.0,91942.0,91973.0,92010.0,92039.0,92078.0,92123.0,92163.0,92196.0,92226.0,92256.0,92289.0,92310.0,92342.0,92369.0,92392.0,92421.0,92446.0,92477.0,92516.0,,,,,,,,,92859.0,92876.0,92907.0,92941.0,92979.0,93022.0,93055.0,93105.0,93142.0,93177.0,93218.0,93253.0,93291.0,93316.0,93350.0,93378.0,93417.0,93449.0,93480.0,93508.0,93534.0,93567.0,93602.0,93626.0,93657.0,93690.0,93717.0,93741.0,93766.0,93792.0,93833.0,93859.0,93893.0,93917.0,93951.0,93980.0,93996.0,94029.0,94062.0,94081.0,94096.0,94115.0,94138.0,94164.0,94189.0,94219.0,94240.0,94263.0,94287.0,94301.0,94317.0,94330.0,94350.0,94370.0,94387.0,94403.0,94418.0,94431.0,94443.0,94465.0,94482.0,94503.0,94523.0,94544.0,94567.0,94588.0,94609.0,94634.0,94653.0,94676.0,94695.0,94716
7g97g8kuoLY,121444.0,121529.0,121601.0,121692.0,121781.0,121874.0,121967.0,122057.0,122136.0,122210.0,122268.0,122333.0,122419.0,122516.0,122656.0,122788.0,122889.0,122966.0,123069.0,123169.0,123296.0,123449.0,123592.0,123682.0,123761.0,123851.0,123994.0,124112.0,124219.0,124323.0,124430.0,124550.0,124621.0,124702.0,124782.0,124852.0,124940.0,125022.0,125108.0,125211.0,125305.0,125386.0,125469.0,125544.0,125630.0,125692.0,125792.0,125887.0,125972.0,126056.0,126148.0,126210.0,126256.0,126332.0,126404.0,126466.0,126542.0,126615.0,126672.0,126749.0,126845.0,126924.0,127012.0,127096.0,127176.0,127260.0,127324.0,127438.0,127486.0,127587.0,127654.0,127725.0,127795.0,127872.0,127946.0,128018.0,128105.0,128188.0,128285.0,128387.0,128474.0,128548.0,128643.0,128723.0,128820.0,128930.0,129027.0,129096.0,129191.0,129272.0,129359.0,129428.0,129547.0,129613.0,129691.0,129782.0,129868.0,129952.0,130009.0,130102.0,130168.0,130234.0,130304.0,130381.0,130460.0,130542.0,130609.0,130664.0,130717.0,130808.0,130900.0,130973.0,131044.0,131135.0,131192.0,131258.0,131342.0,131423.0,131488.0,131590.0,131661.0,131724.0,131792.0,131866.0,131954.0,132044.0,132146.0,132227.0,132293.0,132362.0,132436.0,132523.0,132591.0,132659.0,,,,,,,,,133360.0,133421.0,133475.0,133543.0,133622.0,133702.0,133765.0,133819.0,133874.0,133941.0,134023.0,134077.0,134139.0,134230.0,134287.0,134342.0,134410.0,134459.0,134544.0,134628.0,134698.0,134744.0,134781.0,134823.0,134880.0,134940.0,134999.0,135062.0,135107.0,135167.0,135229.0,135273.0,135325.0,135381.0,135430.0,135494.0,135540.0,135595.0,135654.0,135707.0,135759.0,135810.0,135873.0,135924.0,135985.0,136045.0,136107.0,136164.0,136215.0,136270.0,136315.0,136367.0,136447.0,136510.0,136584.0,136663.0,136732.0,136780.0,136848.0,136928.0,136986.0,137043.0,137089.0,137134.0,137187.0,137243.0,137302.0,137354.0,137386.0,137454.0,137486.0,137512
BzAyVKdnkTg,1615.0,1615.0,1615.0,1615.0,1615.0,1615.0,1615.0,1615.0,1615.0,1615.0,1615.0,1615.0,1615.0,1615.0,1615.0,1615.0,1615.0,1615.0,1615.0,1615.0,1615.0,1615.0,1615.0,1615.0,1615.0,1615.0,1615.0,1615.0,1615.0,1615.0,1615.0,1615.0,1615.0,1615.0,1615.0,1615.0,1615.0,1615.0,1615.0,1615.0,1615.0,1615.0,1615.0,1615.0,1615.0,1615.0,1615.0,1615.0,1615.0,1615.0,1615.0,1615.0,1615.0,1615.0,1615.0,1615.0,1615.0,1615.0,1615.0,1615.0,1615.0,1615.0,1615.0,1615.0,1615.0,1615.0,1615.0,1615.0,1615.0,1615.0,1615.0,1615.0,1615.0,1615.0,1615.0,1615.0,1615.0,1615.0,1615.0,1615.0,1615.0,1615.0,1615.0,1615.0,1615.0,1615.0,1615.0,1615.0,1615.0,1615.0,1615.0,1615.0,1615.0,1615.0,1615.0,1615.0,1615.0,1615.0,1615.0,1615.0,1615.0,1615.0,1615.0,1615.0,1615.0,1615.0,1615.0,1615.0,1615.0,1615.0,1615.0,1615.0,1615.0,1615.0,1615.0,1615.0,1615.0,1615.0,1615.0,1615.0,1615.0,1615.0,1615.0,1615.0,1615.0,1615.0,1615.0,1615.0,1615.0,1615.0,1615.0,1615.0,1615.0,1615.0,,,,,,,,,1615.0,1615.0,1615.0,1615.0,1615.0,1615.0,1615.0,1615.0,1615.0,1615.0,1615.0,1615.0,1615.0,1615.0,1615.0,1615.0,1615.0,1615.0,1615.0,1615.0,1615.0,1615.0,1615.0,1615.0,1615.0,1615.0,1615.0,1615.0,1615.0,1615.0,1615.0,1615.0,1615.0,1615.0,1615.0,1615.0,1615.0,1615.0,1615.0,1615.0,1615.0,1615.0,1615.0,1615.0,1615.0,1615.0,1615.0,1615.0,1615.0,1615.0,1615.0,1615.0,1615.0,1615.0,1615.0,1615.0,1615.0,1615.0,1615.0,1615.0,1615.0,1615.0,1615.0,1615.0,1615.0,1615.0,1615.0,1615.0,1615.0,1615.0,1615.0,1615
NOUkNsC_z1k,249760.0,249942.0,250105.0,250258.0,250435.0,250630.0,250866.0,251046.0,251267.0,251448.0,251602.0,251815.0,252056.0,252298.0,252500.0,252697.0,252929.0,253113.0,253333.0,253576.0,253812.0,254088.0,254346.0,254574.0,254759.0,255018.0,255228.0,255467.0,255770.0,256010.0,256221.0,256362.0,256550.0,256759.0,256997.0,257223.0,257444.0,257643.0,257785.0,258056.0,258345.0,258648.0,258941.0,259205.0,259420.0,259591.0,259832.0,260074.0,260338.0,260600.0,260827.0,260989.0,261158.0,261377.0,261611.0,261886.0,262095.0,262293.0,262485.0,262674.0,262865.0,263077.0,263360.0,263621.0,263858.0,264082.0,264260.0,264517.0,264750.0,265064.0,265296.0,265545.0,265773.0,265953.0,266240.0,266455.0,266719.0,266963.0,267196.0,267398.0,267556.0,267848.0,268105.0,268381.0,268629.0,268921.0,269136.0,269340.0,269628.0,269925.0,270201.0,270436.0,270724.0,270950.0,271131.0,271363.0,271653.0,271925.0,272192.0,272454.0,272697.0,272888.0,273149.0,273441.0,273719.0,274003.0,274320.0,274541.0,274732.0,275005.0,275298.0,275593.0,275943.0,276224.0,276447.0,276650.0,276908.0,277201.0,277515.0,277872.0,278197.0,278444.0,278714.0,279007.0,279327.0,279702.0,279974.0,280345.0,280646.0,280917.0,281210.0,281539.0,281907.0,282207.0,,,,,,,,,284866.0,285080.0,285341.0,285628.0,285913.0,286146.0,286397.0,286618.0,286838.0,287055.0,287309.0,287532.0,287775.0,288137.0,288412.0,288610.0,288842.0,289100.0,289366.0,289592.0,289855.0,290049.0,290254.0,290493.0,290752.0,291013.0,291230.0,291486.0,291683.0,291865.0,292099.0,292288.0,292512.0,292725.0,292941.0,293144.0,293294.0,293501.0,293734.0,293995.0,294218.0,294477.0,294713.0,294896.0,295124.0,295360.0,295608.0,295840.0,296089.0,296259.0,296394.0,296594.0,296836.0,297049.0,297232.0,297450.0,297651.0,297774.0,297969.0,298174.0,298344.0,298483.0,298680.0,298835.0,299002.0,299232.0,299433.0,299626.0,299776.0,299960.0,300115.0,300279
7AYjhG20VBs,1669402.0,1669533.0,1669657.0,1669778.0,1669863.0,1669969.0,1670082.0,1670159.0,1670282.0,1670384.0,1670478.0,1670549.0,1670659.0,1670763.0,1670867.0,1670963.0,1671036.0,1671121.0,1671208.0,1671278.0,1671352.0,1671449.0,1671529.0,1671607.0,1671680.0,1671743.0,1671807.0,1671880.0,1671962.0,1672051.0,1672154.0,1672231.0,1672308.0,1672401.0,1672476.0,1672575.0,1672657.0,1672735.0,1672802.0,1672887.0,1672975.0,1673059.0,1673160.0,1673267.0,1673359.0,1673458.0,1673562.0,1673668.0,1673746.0,1673852.0,1673973.0,1674082.0,1674162.0,1674262.0,1674315.0,1674400.0,1674511.0,1674636.0,1674709.0,1674788.0,1674887.0,1675001.0,1675114.0,1675204.0,1675309.0,1675407.0,1675521.0,1675628.0,1675725.0,1675841.0,1675915.0,1675990.0,1676086.0,1676188.0,1676266.0,1676354.0,1676441.0,1676516.0,1676580.0,1676673.0,1676772.0,1676852.0,1676947.0,1677042.0,1677113.0,1677199.0,1677294.0,1677387.0,1677482.0,1677569.0,1677664.0,1677757.0,1677833.0,1677901.0,1677989.0,1678056.0,1678127.0,1678203.0,1678294.0,1678357.0,1678462.0,1678541.0,1678638.0,1678723.0,1678798.0,1678877.0,1678953.0,1679039.0,1679100.0,1679174.0,1679281.0,1679361.0,1679447.0,1679519.0,1679599.0,1679689.0,1679778.0,1679852.0,1679943.0,1680028.0,1680111.0,1680204.0,1680296.0,1680383.0,1680466.0,1680541.0,1680627.0,1680708.0,1680789.0,1680870.0,1680950.0,1681033.0,1681093.0,1681173.0,,,,,,,,,1681911.0,1682005.0,1682104.0,1682207.0,1682309.0,1682404.0,1682502.0,1682583.0,1682685.0,1682753.0,1682831.0,1682908.0,1682983.0,1683077.0,1683155.0,1683226.0,1683284.0,1683370.0,1683420.0,1683481.0,1683556.0,1683622.0,1683702.0,1683778.0,1683833.0,1683907.0,1683980.0,1684040.0,1684123.0,1684178.0,1684258.0,1684302.0,1684372.0,1684448.0,1684520.0,1684580.0,1684641.0,1684731.0,1684846.0,1684956.0,1685042.0,1685159.0,1685244.0,1685307.0,1685390.0,1685466.0,1685558.0,1685640.0,1685801.0,1685894.0,1685973.0,1686071.0,1686157.0,1686254.0,1686336.0,1686420.0,1686505.0,1686592.0,1686667.0,1686746.0,1686816.0,1686893.0,1686977.0,1687065.0,1687153.0,1687223.0,1687331.0,1687414.0,1687507.0,1687610.0,1687673.0,1687767
KRSXB_H73wc,939943.0,940003.0,940074.0,940148.0,940201.0,940268.0,940315.0,940365.0,940423.0,940478.0,940542.0,940607.0,940671.0,940734.0,940805.0,940856.0,940896.0,940934.0,940994.0,941040.0,941096.0,941155.0,941217.0,941287.0,941343.0,941414.0,941462.0,941532.0,941588.0,941658.0,941706.0,941777.0,941827.0,941872.0,941927.0,941965.0,942037.0,942096.0,942151.0,942205.0,942279.0,942356.0,942436.0,942503.0,942555.0,942611.0,942655.0,942711.0,942769.0,942823.0,942865.0,942934.0,942993.0,943047.0,943103.0,943149.0,943200.0,943267.0,943333.0,943382.0,943444.0,943525.0,943585.0,943651.0,943715.0,943767.0,943830.0,943900.0,943942.0,943995.0,944041.0,944083.0,944145.0,944200.0,944255.0,944325.0,944389.0,944456.0,944540.0,944599.0,944655.0,944709.0,944766.0,944825.0,944880.0,944967.0,945013.0,945082.0,945164.0,945219.0,945271.0,945333.0,945398.0,945456.0,945514.0,945584.0,945639.0,945676.0,945813.0,945881.0,945942.0,946013.0,946061.0,946116.0,946178.0,946216.0,946264.0,946303.0,946344.0,946407.0,946469.0,946527.0,946572.0,946620.0,946672.0,946734.0,946776.0,946834.0,946902.0,946950.0,947008.0,947059.0,947117.0,947184.0,947232.0,947282.0,947353.0,947410.0,947487.0,947547.0,947728.0,947852.0,947906.0,947960.0,,,,,,,,,948451.0,948495.0,948558.0,948610.0,948661.0,948728.0,948777.0,948838.0,948912.0,948964.0,949007.0,949074.0,949133.0,949188.0,949245.0,949305.0,949357.0,949402.0,949438.0,949495.0,949564.0,949629.0,949703.0,949811.0,949862.0,949931.0,949995.0,950051.0,950104.0,950176.0,950228.0,950266.0,950317.0,950362.0,950401.0,950466.0,950508.0,950550.0,950650.0,950714.0,950779.0,950855.0,950915.0,950960.0,951038.0,951104.0,951156.0,951206.0,951321.0,951403.0,951478.0,951564.0,951635.0,951714.0,951791.0,951849.0,951902.0,951982.0,952063.0,952138.0,952203.0,952258.0,952310.0,952361.0,952403.0,952476.0,952547.0,952603.0,952663.0,952717.0,952783.0,952831
nrMIM0RiVWQ,671080.0,671092.0,671102.0,671112.0,671124.0,671136.0,671150.0,671157.0,671176.0,671195.0,671206.0,671222.0,671234.0,671240.0,671257.0,671274.0,671290.0,671305.0,671321.0,671336.0,671343.0,671354.0,671370.0,671376.0,671386.0,671403.0,671411.0,671424.0,671444.0,671462.0,671477.0,671486.0,671499.0,671512.0,671525.0,671536.0,671552.0,671563.0,671574.0,671585.0,671603.0,671611.0,671623.0,671635.0,671647.0,671661.0,671678.0,671686.0,671698.0,671719.0,671734.0,671745.0,671756.0,671771.0,671781.0,671792.0,671802.0,671817.0,671830.0,671842.0,671867.0,671883.0,671893.0,671906.0,671916.0,671931.0,671943.0,671957.0,671962.0,671978.0,671992.0,672021.0,672036.0,672050.0,672063.0,672074.0,672085.0,672092.0,672097.0,672109.0,672116.0,672124.0,672133.0,672149.0,672158.0,672174.0,672184.0,672198.0,672208.0,672217.0,672221.0,672234.0,672241.0,672249.0,672266.0,672285.0,672301.0,672313.0,672329.0,672342.0,672356.0,672368.0,672379.0,672388.0,672394.0,672407.0,672422.0,672434.0,672451.0,672467.0,672473.0,672478.0,672487.0,672509.0,672536.0,672546.0,672562.0,672573.0,672586.0,672589.0,672600.0,672609.0,672623.0,672636.0,672647.0,672660.0,672676.0,672687.0,672699.0,672707.0,672719.0,672734.0,672740.0,672743.0,,,,,,,,,672849.0,672860.0,672878.0,672886.0,672901.0,672910.0,672917.0,672930.0,672943.0,672952.0,672955.0,672967.0,672975.0,672988.0,673001.0,673013.0,673019.0,673036.0,673046.0,673058.0,673072.0,673085.0,673092.0,673107.0,673115.0,673122.0,673133.0,673146.0,673155.0,673167.0,673178.0,673187.0,673202.0,673213.0,673221.0,673228.0,673239.0,673254.0,673264.0,673270.0,673278.0,673300.0,673311.0,673321.0,673331.0,673335.0,673342.0,673355.0,673363.0,673382.0,673391.0,673405.0,673420.0,673431.0,673438.0,673442.0,673448.0,673458.0,673474.0,673485.0,673492.0,673500.0,673505.0,673512.0,673525.0,673538.0,673546.0,673553.0,673562.0,673570.0,673577.0,673589
_pWGt0hXEPs,2411230.0,2411509.0,2411823.0,2412161.0,2412440.0,2412731.0,2413068.0,2413335.0,2413622.0,2413935.0,2414198.0,2414500.0,2414782.0,2415090.0,2415407.0,2415698.0,2415958.0,2416264.0,2416567.0,2416847.0,2417140.0,2417405.0,2417667.0,2417926.0,2418210.0,2418472.0,2418791.0,2419078.0,2419332.0,2419567.0,2419838.0,2420061.0,2420309.0,2420562.0,2420885.0,2421204.0,2421454.0,2421745.0,2421978.0,2422202.0,2422484.0,2422727.0,2423087.0,2423394.0,2423721.0,2424003.0,2424246.0,2424504.0,2424771.0,2425023.0,2425302.0,2425562.0,2425841.0,2426164.0,2426454.0,2426718.0,2426987.0,2427271.0,2427551.0,2427812.0,2428065.0,2428380.0,2428701.0,2429011.0,2429366.0,2429639.0,2429988.0,2430313.0,2430599.0,2430931.0,2431368.0,2431734.0,2432090.0,2432400.0,2432683.0,2432962.0,2433284.0,2433622.0,2433981.0,2434304.0,2434616.0,2434900.0,2435240.0,2435549.0,2435921.0,2436286.0,2436667.0,2436961.0,2437224.0,2437459.0,2437725.0,2438010.0,2438326.0,2438630.0,2438928.0,2439276.0,2439527.0,2439783.0,2440050.0,2440332.0,2440576.0,2440851.0,2441104.0,2441351.0,2441636.0,2441931.0,2442203.0,2442507.0,2442770.0,2443063.0,2443370.0,2443616.0,2443923.0,2444207.0,2444517.0,2444765.0,2445086.0,2445354.0,2445733.0,2446096.0,2446403.0,2446722.0,2447008.0,2447255.0,2447526.0,2447820.0,2448128.0,2448409.0,2448696.0,2448897.0,2449144.0,2449387.0,2449629.0,2449917.0,,,,,,,,,2451993.0,2452230.0,2452486.0,2452693.0,2452951.0,2453215.0,2453492.0,2453742.0,2454082.0,2454275.0,2454492.0,2454695.0,2454890.0,2455061.0,2455253.0,2455439.0,2455635.0,2455861.0,2456028.0,2456206.0,2456453.0,2456676.0,2456913.0,2457196.0,2457433.0,2457670.0,2457918.0,2458148.0,2458405.0,2458658.0,2458877.0,2459048.0,2459297.0,2459542.0,2459784.0,2460027.0,2460305.0,2460556.0,2460816.0,2461152.0,2461413.0,2461734.0,2462024.0,2462318.0,2462588.0,2462834.0,2463090.0,2463352.0,2463739.0,2464066.0,2464365.0,2464642.0,2464908.0,2465185.0,2465528.0,2465803.0,2466068.0,2466349.0,2466635.0,2466901.0,2467177.0,2467430.0,2467657.0,2467898.0,2468130.0,2468399.0,2468702.0,2468977.0,2469254.0,2469501.0,2469793.0,2470034
oWAA7iE6QeU,8008.0,8008.0,8010.0,8011.0,8013.0,8014.0,8015.0,8015.0,8015.0,8016.0,8016.0,8016.0,8018.0,8020.0,8020.0,8021.0,8025.0,8026.0,8029.0,8030.0,8030.0,8030.0,8030.0,8033.0,8035.0,8037.0,8038.0,8039.0,8041.0,8041.0,8041.0,8043.0,8043.0,8044.0,8044.0,8045.0,8045.0,8045.0,8048.0,8049.0,8049.0,8049.0,8049.0,8049.0,8050.0,8051.0,8052.0,8056.0,8058.0,8058.0,8059.0,8060.0,8061.0,8061.0,8061.0,8064.0,8064.0,8065.0,8065.0,8068.0,8069.0,8069.0,8070.0,8070.0,8072.0,8072.0,8073.0,8074.0,8076.0,8079.0,8078.0,8079.0,8081.0,8083.0,8085.0,8085.0,8085.0,8085.0,8085.0,8087.0,8088.0,8088.0,8090.0,8090.0,8090.0,8092.0,8092.0,8093.0,8094.0,8095.0,8095.0,8096.0,8097.0,8098.0,8099.0,8100.0,8100.0,8100.0,8100.0,8100.0,8103.0,8105.0,8105.0,8106.0,8107.0,8107.0,8107.0,8107.0,8108.0,8107.0,8108.0,8109.0,8109.0,8112.0,8113.0,8114.0,8115.0,8116.0,8117.0,8118.0,8120.0,8120.0,8122.0,8123.0,8123.0,8125.0,8128.0,8128.0,8128.0,8128.0,8128.0,8128.0,8128.0,8129.0,,,,,,,,,8137.0,8139.0,8141.0,8141.0,8144.0,8146.0,8146.0,8148.0,8147.0,8148.0,8148.0,8148.0,8149.0,8149.0,8149.0,8149.0,8150.0,8151.0,8152.0,8153.0,8153.0,8153.0,8153.0,8154.0,8155.0,8155.0,8155.0,8158.0,8158.0,8160.0,8162.0,8164.0,8164.0,8164.0,8164.0,8165.0,8165.0,8166.0,8167.0,8170.0,8170.0,8172.0,8172.0,8172.0,8174.0,8175.0,8176.0,8176.0,8176.0,8176.0,8178.0,8178.0,8178.0,8178.0,8178.0,8178.0,8180.0,8180.0,8180.0,8181.0,8181.0,8181.0,8182.0,8182.0,8182.0,8182.0,8182.0,8182.0,8182.0,8182.0,8182.0,8183
-stiZA01Nrw,20864.0,20874.0,20888.0,20904.0,20919.0,20933.0,20943.0,20953.0,20963.0,20966.0,20976.0,20987.0,21003.0,21015.0,21019.0,21024.0,21038.0,21045.0,21050.0,21055.0,21065.0,21073.0,21075.0,21085.0,21090.0,21096.0,21104.0,21114.0,21121.0,21122.0,21126.0,21141.0,21155.0,21159.0,21163.0,21168.0,21174.0,21178.0,21188.0,21202.0,21207.0,21212.0,21214.0,21224.0,21229.0,21239.0,21244.0,21247.0,21259.0,21267.0,21276.0,21291.0,21307.0,21343.0,21373.0,21391.0,21403.0,21418.0,21447.0,21508.0,21524.0,21542.0,21591.0,21622.0,21650.0,21671.0,21696.0,21719.0,21738.0,21771.0,21791.0,21801.0,21819.0,21856.0,21886.0,21913.0,21936.0,21962.0,21985.0,22043.0,22095.0,22119.0,22142.0,22178.0,22208.0,22239.0,22259.0,22279.0,22300.0,22307.0,22326.0,22350.0,22363.0,22387.0,22412.0,22432.0,22469.0,22487.0,22501.0,22519.0,22538.0,22549.0,22560.0,22570.0,22585.0,22601.0,22611.0,22620.0,22631.0,22646.0,22651.0,22667.0,22674.0,22683.0,22685.0,22686.0,22689.0,22698.0,22712.0,22723.0,22743.0,22756.0,22772.0,22813.0,22850.0,22878.0,22906.0,22926.0,22946.0,22969.0,22986.0,23007.0,23026.0,23033.0,,,,,,,,,23154.0,23166.0,23172.0,23177.0,23190.0,23195.0,23213.0,23226.0,23232.0,23235.0,23243.0,23252.0,23263.0,23275.0,23296.0,23321.0,23327.0,23339.0,23352.0,23359.0,23368.0,23374.0,23383.0,23412.0,23440.0,23455.0,23472.0,23477.0,23485.0,23490.0,23493.0,23494.0,23494.0,23495.0,23495.0,23496.0,23496.0,23500.0,23501.0,23505.0,23506.0,23505.0,23507.0,23508.0,23509.0,23509.0,23510.0,23511.0,23512.0,23513.0,23514.0,23516.0,23520.0,23521.0,23522.0,23526.0,23532.0,23532.0,23540.0,23543.0,23546.0,23550.0,23553.0,23554.0,23554.0,23554.0,23555.0,23555.0,23558.0,23560.0,23562.0,23563
gwAeg0xdtHk,25535.0,25535.0,25537.0,25540.0,25541.0,25544.0,25544.0,25544.0,25544.0,25548.0,25550.0,25551.0,25552.0,25551.0,25553.0,25554.0,25556.0,25561.0,25561.0,25563.0,25564.0,25565.0,25567.0,25569.0,25572.0,25573.0,25574.0,25575.0,25575.0,25575.0,25576.0,25578.0,25580.0,25584.0,25587.0,25593.0,25596.0,25598.0,25599.0,25600.0,25603.0,25606.0,25610.0,25612.0,25614.0,25615.0,25618.0,25620.0,25621.0,25626.0,25632.0,25633.0,25634.0,25636.0,25636.0,25636.0,25636.0,25641.0,25641.0,25644.0,25647.0,25651.0,25652.0,25653.0,25657.0,25659.0,25662.0,25664.0,25667.0,25668.0,25669.0,25670.0,25671.0,25676.0,25679.0,25681.0,25682.0,25683.0,25684.0,25685.0,25686.0,25686.0,25688.0,25693.0,25694.0,25696.0,25697.0,25698.0,25699.0,25699.0,25699.0,25702.0,25702.0,25703.0,25707.0,25709.0,25712.0,25713.0,25714.0,25717.0,25717.0,25720.0,25725.0,25728.0,25730.0,25731.0,25731.0,25732.0,25733.0,25736.0,25736.0,25738.0,25737.0,25737.0,25737.0,25737.0,25737.0,25739.0,25739.0,25739.0,25741.0,25743.0,25743.0,25743.0,25743.0,25743.0,25746.0,25748.0,25750.0,25754.0,25755.0,25757.0,25758.0,25758.0,,,,,,,,,25779.0,25781.0,25783.0,25784.0,25786.0,25788.0,25789.0,25791.0,25792.0,25795.0,25796.0,25799.0,25804.0,25805.0,25806.0,25809.0,25812.0,25812.0,25814.0,25816.0,25818.0,25818.0,25818.0,25818.0,25818.0,25820.0,25821.0,25822.0,25822.0,25823.0,25824.0,25826.0,25826.0,25826.0,25826.0,25826.0,25826.0,25826.0,25826.0,25828.0,25829.0,25831.0,25831.0,25833.0,25837.0,25840.0,25842.0,25843.0,25861.0,25864.0,25865.0,25865.0,25866.0,25867.0,25869.0,25869.0,25870.0,25870.0,25873.0,25874.0,25876.0,25877.0,25877.0,25879.0,25880.0,25881.0,25881.0,25881.0,25882.0,25882.0,25882.0,25882
PYDSzhqjmZw,5297.0,5299.0,5300.0,5301.0,5301.0,5301.0,5301.0,5301.0,5301.0,5304.0,5304.0,5304.0,5304.0,5304.0,5304.0,5304.0,5309.0,5310.0,5310.0,5310.0,5310.0,5312.0,5316.0,5317.0,5319.0,5320.0,5321.0,5321.0,5321.0,5321.0,5321.0,5322.0,5322.0,5323.0,5323.0,5323.0,5324.0,5324.0,5327.0,5327.0,5327.0,5327.0,5327.0,5327.0,5327.0,5327.0,5327.0,5327.0,5327.0,5328.0,5328.0,5328.0,5327.0,5327.0,5327.0,5327.0,5329.0,5329.0,5330.0,5329.0,5329.0,5330.0,5332.0,5332.0,5332.0,5333.0,5333.0,5333.0,5333.0,5333.0,5333.0,5333.0,5334.0,5334.0,5334.0,5335.0,5335.0,5335.0,5335.0,5336.0,5337.0,5337.0,5337.0,5337.0,5337.0,5337.0,5338.0,5338.0,5338.0,5338.0,5338.0,5340.0,5341.0,5341.0,5343.0,5343.0,5344.0,5344.0,5348.0,5349.0,5349.0,5352.0,5353.0,5353.0,5353.0,5353.0,5353.0,5353.0,5354.0,5354.0,5354.0,5354.0,5354.0,5354.0,5355.0,5356.0,5357.0,5357.0,5357.0,5357.0,5357.0,5357.0,5357.0,5357.0,5357.0,5357.0,5357.0,5357.0,5358.0,5358.0,5358.0,5358.0,5361.0,5362.0,,,,,,,,,5367.0,5368.0,5368.0,5368.0,5368.0,5368.0,5368.0,5368.0,5368.0,5368.0,5368.0,5369.0,5369.0,5369.0,5369.0,5369.0,5369.0,5369.0,5369.0,5369.0,5369.0,5369.0,5369.0,5370.0,5370.0,5370.0,5370.0,5370.0,5370.0,5370.0,5372.0,5375.0,5376.0,5376.0,5376.0,5377.0,5377.0,5377.0,5377.0,5377.0,5378.0,5377.0,5379.0,5379.0,5381.0,5381.0,5382.0,5383.0,5383.0,5383.0,5384.0,5384.0,5386.0,5387.0,5389.0,5390.0,5390.0,5391.0,5391.0,5392.0,5393.0,5395.0,5395.0,5395.0,5397.0,5397.0,5398.0,5399.0,5399.0,5400.0,5400.0,5400
Da2h5cajA0k,162194.0,162202.0,162210.0,162216.0,162222.0,162232.0,162240.0,162243.0,162246.0,162250.0,162254.0,162263.0,162270.0,162273.0,162274.0,162286.0,162288.0,162303.0,162311.0,162314.0,162321.0,162333.0,162335.0,162337.0,162344.0,162352.0,162360.0,162370.0,162382.0,162396.0,162406.0,162419.0,162430.0,162441.0,162445.0,162451.0,162458.0,162467.0,162470.0,162476.0,162475.0,162482.0,162490.0,162493.0,162499.0,162506.0,162512.0,162520.0,162532.0,162545.0,162556.0,162561.0,162563.0,162572.0,162582.0,162586.0,162588.0,162593.0,162608.0,162614.0,162624.0,162631.0,162640.0,162648.0,162660.0,162664.0,162675.0,162690.0,162705.0,162718.0,162737.0,162746.0,162758.0,162769.0,162775.0,162783.0,162793.0,162800.0,162805.0,162812.0,162815.0,162827.0,162834.0,162845.0,162851.0,162859.0,162868.0,162883.0,162893.0,162906.0,162912.0,162926.0,162933.0,162942.0,162955.0,162964.0,162970.0,162987.0,162997.0,163002.0,163005.0,163014.0,163022.0,163035.0,163042.0,163052.0,163062.0,163071.0,163078.0,163086.0,163098.0,163108.0,163120.0,163130.0,163137.0,163148.0,163163.0,163180.0,163193.0,163203.0,163211.0,163221.0,163223.0,163230.0,163236.0,163252.0,163262.0,163271.0,163277.0,163282.0,163292.0,163304.0,163319.0,163334.0,,,,,,,,,163419.0,163422.0,163430.0,163438.0,163445.0,163453.0,163463.0,163470.0,163478.0,163484.0,163495.0,163514.0,163522.0,163532.0,163535.0,163543.0,163552.0,163562.0,163577.0,163582.0,163587.0,163594.0,163599.0,163604.0,163608.0,163612.0,163617.0,163622.0,163624.0,163634.0,163645.0,163656.0,163664.0,163672.0,163681.0,163685.0,163695.0,163708.0,163717.0,163727.0,163734.0,163741.0,163748.0,163756.0,163761.0,163767.0,163775.0,163786.0,163792.0,163797.0,163802.0,163808.0,163813.0,163820.0,163828.0,163837.0,163843.0,163847.0,163851.0,163854.0,163861.0,163863.0,163872.0,163880.0,163885.0,163895.0,163900.0,163908.0,163914.0,163919.0,163929.0,163938
3QEcwanIFQY,169857.0,169857.0,169857.0,169857.0,169857.0,169857.0,169857.0,169857.0,169857.0,169857.0,169857.0,169857.0,169857.0,169857.0,169857.0,169857.0,169857.0,169857.0,169857.0,169857.0,169857.0,169857.0,169857.0,169857.0,169857.0,169857.0,169857.0,169857.0,169857.0,169857.0,169857.0,169857.0,169857.0,169857.0,169857.0,169857.0,169857.0,169857.0,169857.0,169857.0,169857.0,169857.0,169857.0,169857.0,169857.0,169857.0,169857.0,169857.0,169857.0,169857.0,169857.0,169857.0,169857.0,169857.0,169857.0,169857.0,169857.0,169857.0,169857.0,169857.0,169857.0,169857.0,169857.0,169857.0,169857.0,169857.0,169857.0,169857.0,169857.0,169857.0,169857.0,169857.0,169857.0,169857.0,169857.0,169857.0,169857.0,169857.0,169857.0,169857.0,169857.0,169857.0,169857.0,169857.0,169857.0,169857.0,169857.0,169857.0,169857.0,169857.0,169857.0,169857.0,169857.0,169857.0,169857.0,169857.0,169857.0,169857.0,169857.0,169857.0,169857.0,169857.0,169857.0,169857.0,169857.0,169857.0,169857.0,169857.0,169857.0,169857.0,169857.0,169857.0,169857.0,169857.0,169857.0,169857.0,169857.0,169857.0,169857.0,169857.0,169857.0,169857.0,169857.0,169857.0,169857.0,169857.0,169857.0,169857.0,169857.0,169857.0,169857.0,169857.0,169857.0,169857.0,,,,,,,,,169857.0,169857.0,169857.0,169857.0,169857.0,169857.0,169857.0,169857.0,169857.0,169857.0,169857.0,169857.0,169857.0,169857.0,169857.0,169857.0,169857.0,169857.0,169857.0,169857.0,169857.0,169857.0,169857.0,169857.0,169857.0,169857.0,169857.0,169857.0,169857.0,169857.0,169857.0,169857.0,169857.0,169857.0,169857.0,169857.0,169857.0,169857.0,169857.0,169857.0,169857.0,169857.0,169857.0,169857.0,169857.0,169857.0,169857.0,169857.0,169857.0,169857.0,169857.0,169857.0,169857.0,169857.0,169857.0,169857.0,169857.0,169857.0,169857.0,169857.0,169857.0,169857.0,169857.0,169857.0,169857.0,169857.0,169857.0,169857.0,169857.0,169857.0,169857.0,169857
KJrPsT2X-yk,7530400.0,7531767.0,7533239.0,7534648.0,7536421.0,7538140.0,7539891.0,7541599.0,7543265.0,7544690.0,7546028.0,7547537.0,7549127.0,7550708.0,7552780.0,7554614.0,7555925.0,7557374.0,7558928.0,7560366.0,7561857.0,7563404.0,7564606.0,7566071.0,7567275.0,7568452.0,7570115.0,7571533.0,7573069.0,7574512.0,7575783.0,7576970.0,7578231.0,7579561.0,7580942.0,7582366.0,7583781.0,7585090.0,7586198.0,7587578.0,7588930.0,7590316.0,7591729.0,7592958.0,7594165.0,7595246.0,7596497.0,7597792.0,7599389.0,7600834.0,7602210.0,7603462.0,7604570.0,7605836.0,7607210.0,7608571.0,7610188.0,7611753.0,7613085.0,7614433.0,7615967.0,7617613.0,7619278.0,7620852.0,7622351.0,7623618.0,7624940.0,7626284.0,7627381.0,7628906.0,7630353.0,7631712.0,7633005.0,7634289.0,7635636.0,7636981.0,7638261.0,7639668.0,7641092.0,7642423.0,7643625.0,7645190.0,7646710.0,7648562.0,7650309.0,7651992.0,7653798.0,7655429.0,7656936.0,7658405.0,7659911.0,7661305.0,7662734.0,7664134.0,7665443.0,7666831.0,7668126.0,7669593.0,7671549.0,7674061.0,7677973.0,7682801.0,7686141.0,7688538.0,7690624.0,7692912.0,7695047.0,7697296.0,7699400.0,7701813.0,7704485.0,7706787.0,7708567.0,7710407.0,7712200.0,7713926.0,7715564.0,7717202.0,7718795.0,7720510.0,7722045.0,7723748.0,7725634.0,7727425.0,7729042.0,7730579.0,7732154.0,7733788.0,7735371.0,7736807.0,7738194.0,7739478.0,7740724.0,7741949.0,,,,,,,,,7753006.0,7754073.0,7755127.0,7756490.0,7757646.0,7758891.0,7759927.0,7760940.0,7762053.0,7763160.0,7764398.0,7765659.0,7766922.0,7768130.0,7769208.0,7770325.0,7771611.0,7773025.0,7774333.0,7775348.0,7776507.0,7777481.0,7778422.0,7779426.0,7780368.0,7781421.0,7782613.0,7783828.0,7784922.0,7785810.0,7786850.0,7787821.0,7788991.0,7789890.0,7791032.0,7791958.0,7792826.0,7793740.0,7794864.0,7795734.0,7796658.0,7797475.0,7798393.0,7799168.0,7800081.0,7800959.0,7801887.0,7802915.0,7803999.0,7805025.0,7805953.0,7806988.0,7808013.0,7809131.0,7810119.0,7811084.0,7811935.0,7812758.0,7813673.0,7814682.0,7815757.0,7816547.0,7817383.0,7818204.0,7819113.0,7820060.0,7821051.0,7821966.0,7822662.0,7823513.0,7824458.0,7825211
SBcM8tCaH18,119580.0,119582.0,119583.0,119590.0,119593.0,119595.0,119599.0,119605.0,119614.0,119616.0,119619.0,119622.0,119625.0,119626.0,119631.0,119636.0,119642.0,119648.0,119656.0,119660.0,119662.0,119667.0,119673.0,119679.0,119681.0,119685.0,119691.0,119697.0,119706.0,119709.0,119720.0,119723.0,119729.0,119736.0,119741.0,119747.0,119757.0,119765.0,119771.0,119782.0,119787.0,119797.0,119814.0,119836.0,119850.0,119859.0,119873.0,119893.0,119898.0,119903.0,119911.0,119917.0,119921.0,119926.0,119930.0,119938.0,119944.0,119952.0,119958.0,119964.0,119968.0,119974.0,119984.0,119988.0,119993.0,119995.0,119999.0,120005.0,120010.0,120020.0,120031.0,120039.0,120046.0,120056.0,120061.0,120065.0,120068.0,120078.0,120090.0,120104.0,120108.0,120114.0,120115.0,120125.0,120133.0,120143.0,120144.0,120148.0,120164.0,120170.0,120181.0,120194.0,120205.0,120217.0,120221.0,120226.0,120231.0,120240.0,120247.0,120255.0,120261.0,120264.0,120267.0,120272.0,120280.0,120284.0,120291.0,120296.0,120302.0,120312.0,120323.0,120332.0,120339.0,120349.0,120352.0,120360.0,120367.0,120378.0,120385.0,120390.0,120392.0,120394.0,120398.0,120401.0,120405.0,120411.0,120412.0,120420.0,120427.0,120433.0,120436.0,120440.0,120446.0,120449.0,,,,,,,,,120476.0,120482.0,120485.0,120491.0,120495.0,120500.0,120509.0,120529.0,120539.0,120543.0,120549.0,120557.0,120559.0,120567.0,120570.0,120575.0,120579.0,120580.0,120580.0,120582.0,120584.0,120586.0,120587.0,120588.0,120590.0,120595.0,120596.0,120596.0,120596.0,120601.0,120606.0,120607.0,120608.0,120610.0,120611.0,120613.0,120614.0,120615.0,120617.0,120620.0,120623.0,120626.0,120629.0,120632.0,120636.0,120639.0,120647.0,120646.0,120647.0,120648.0,120650.0,120652.0,120653.0,120655.0,120656.0,120655.0,120656.0,120658.0,120660.0,120663.0,120667.0,120670.0,120671.0,120677.0,120678.0,120680.0,120682.0,120683.0,120689.0,120696.0,120702.0,120707
7OzDWU6lx3g,198411.0,198446.0,198480.0,198527.0,198548.0,198591.0,198630.0,198673.0,198709.0,198758.0,198789.0,198845.0,198887.0,198950.0,199000.0,199041.0,199112.0,199164.0,199236.0,199291.0,199345.0,199412.0,199473.0,199537.0,199612.0,199674.0,199747.0,199790.0,199832.0,199880.0,199919.0,199966.0,200003.0,200040.0,200091.0,200145.0,200202.0,200244.0,200272.0,200315.0,200361.0,200401.0,200443.0,200499.0,200544.0,200608.0,200664.0,200699.0,200746.0,200790.0,200836.0,200886.0,200921.0,200974.0,201026.0,201087.0,201178.0,201229.0,201304.0,201361.0,201409.0,201450.0,201500.0,201542.0,201584.0,201631.0,201674.0,201716.0,201757.0,201803.0,201861.0,201913.0,201952.0,202009.0,202049.0,202124.0,202198.0,202247.0,202299.0,202373.0,202427.0,202493.0,202556.0,202646.0,202722.0,202807.0,202861.0,202925.0,203000.0,203067.0,203165.0,203277.0,203373.0,203486.0,203533.0,203609.0,203675.0,203800.0,203883.0,203973.0,204073.0,204139.0,204207.0,204304.0,204378.0,204483.0,204601.0,204684.0,204748.0,204811.0,204917.0,205002.0,205087.0,205174.0,205315.0,205400.0,205478.0,205540.0,205612.0,205656.0,205733.0,205799.0,205862.0,205932.0,206004.0,206070.0,206117.0,206191.0,206250.0,206294.0,206341.0,206392.0,206474.0,206514.0,,,,,,,,,206948.0,206999.0,207044.0,207094.0,207147.0,207189.0,207248.0,207299.0,207343.0,207387.0,207429.0,207494.0,207569.0,207634.0,207681.0,207727.0,207768.0,207830.0,207895.0,207937.0,207995.0,208046.0,208090.0,208132.0,208194.0,208255.0,208298.0,208337.0,208376.0,208420.0,208462.0,208495.0,208533.0,208577.0,208608.0,208641.0,208679.0,208713.0,208751.0,208783.0,208817.0,208849.0,208900.0,208932.0,208959.0,208996.0,209032.0,209085.0,209119.0,209132.0,209151.0,209187.0,209219.0,209256.0,209289.0,209333.0,209371.0,209407.0,209448.0,209490.0,209527.0,209551.0,209584.0,209611.0,209658.0,209690.0,209718.0,209763.0,209798.0,209833.0,209870.0,209899
YbyBJb91sxs,39683.0,39707.0,39729.0,39749.0,39768.0,39785.0,39814.0,39831.0,39853.0,39867.0,39881.0,39902.0,39920.0,39936.0,39956.0,39969.0,39977.0,39988.0,40002.0,40011.0,40034.0,40051.0,40068.0,40073.0,40081.0,40097.0,40111.0,40140.0,40164.0,40188.0,40209.0,40223.0,40249.0,40270.0,40286.0,40306.0,40321.0,40335.0,40344.0,40357.0,40377.0,40396.0,40426.0,40449.0,40476.0,40501.0,40530.0,40545.0,40574.0,40595.0,40622.0,40643.0,40663.0,40681.0,40709.0,40717.0,40732.0,40749.0,40775.0,40801.0,40819.0,40838.0,40859.0,40875.0,40898.0,40919.0,40939.0,40961.0,40980.0,40994.0,41026.0,41038.0,41055.0,41066.0,41082.0,41097.0,41115.0,41128.0,41158.0,41174.0,41192.0,41210.0,41225.0,41236.0,41260.0,41277.0,41290.0,41306.0,41317.0,41329.0,41337.0,41350.0,41361.0,41376.0,41388.0,41395.0,41404.0,41418.0,41430.0,41447.0,41463.0,41478.0,41492.0,41511.0,41526.0,41535.0,41545.0,41558.0,41569.0,41577.0,41585.0,41604.0,41621.0,41636.0,41652.0,41671.0,41691.0,41705.0,41720.0,41735.0,41752.0,41775.0,41785.0,41804.0,41824.0,41845.0,41861.0,41876.0,41882.0,41900.0,41919.0,41932.0,41950.0,41965.0,,,,,,,,,42146.0,42169.0,42192.0,42205.0,42230.0,42242.0,42253.0,42277.0,42293.0,42308.0,42319.0,42333.0,42350.0,42370.0,42375.0,42384.0,42394.0,42403.0,42416.0,42433.0,42442.0,42452.0,42461.0,42468.0,42477.0,42489.0,42496.0,42514.0,42527.0,42537.0,42553.0,42559.0,42568.0,42578.0,42589.0,42594.0,42605.0,42614.0,42623.0,42636.0,42648.0,42662.0,42668.0,42679.0,42686.0,42702.0,42716.0,42727.0,42736.0,42741.0,42750.0,42760.0,42781.0,42794.0,42813.0,42822.0,42837.0,42854.0,42868.0,42875.0,42889.0,42893.0,42902.0,42911.0,42927.0,42941.0,42954.0,42968.0,42973.0,42981.0,42992.0,43000
SYwyToX5p0c,487045.0,487059.0,487067.0,487083.0,487093.0,487095.0,487106.0,487114.0,487125.0,487137.0,487154.0,487171.0,487182.0,487200.0,487209.0,487222.0,487231.0,487249.0,487266.0,487276.0,487286.0,487303.0,487318.0,487335.0,487342.0,487359.0,487375.0,487386.0,487395.0,487399.0,487402.0,487414.0,487431.0,487439.0,487447.0,487459.0,487470.0,487483.0,487486.0,487494.0,487501.0,487514.0,487528.0,487549.0,487563.0,487567.0,487580.0,487597.0,487608.0,487614.0,487619.0,487623.0,487631.0,487635.0,487641.0,487644.0,487650.0,487661.0,487671.0,487676.0,487687.0,487700.0,487706.0,487712.0,487715.0,487721.0,487726.0,487736.0,487745.0,487757.0,487765.0,487774.0,487784.0,487784.0,487790.0,487798.0,487802.0,487804.0,487808.0,487812.0,487821.0,487828.0,487838.0,487845.0,487859.0,487866.0,487899.0,487919.0,487927.0,487940.0,487951.0,487967.0,487978.0,487987.0,487991.0,487999.0,488007.0,488020.0,488030.0,488036.0,488045.0,488046.0,488052.0,488066.0,488073.0,488081.0,488085.0,488102.0,488114.0,488120.0,488126.0,488133.0,488142.0,488153.0,488164.0,488173.0,488181.0,488189.0,488198.0,488218.0,488232.0,488240.0,488248.0,488262.0,488280.0,488295.0,488304.0,488319.0,488326.0,488340.0,488352.0,488375.0,488391.0,488404.0,,,,,,,,,488498.0,488510.0,488525.0,488537.0,488549.0,488566.0,488584.0,488594.0,488609.0,488619.0,488629.0,488640.0,488659.0,488680.0,488690.0,488703.0,488716.0,488727.0,488738.0,488743.0,488751.0,488760.0,488768.0,488770.0,488773.0,488780.0,488782.0,488794.0,488805.0,488814.0,488826.0,488834.0,488836.0,488846.0,488855.0,488867.0,488875.0,488879.0,488888.0,488905.0,488918.0,488932.0,488938.0,488944.0,488955.0,488963.0,488969.0,488974.0,488979.0,488986.0,488991.0,489000.0,489007.0,489014.0,489022.0,489026.0,489035.0,489037.0,489050.0,489059.0,489066.0,489076.0,489080.0,489086.0,489092.0,489100.0,489108.0,489111.0,489117.0,489120.0,489124.0,489126
oVCRUTyqpR8,28850.0,28859.0,28860.0,28860.0,28861.0,28863.0,28864.0,28865.0,28866.0,28866.0,28868.0,28869.0,28870.0,28870.0,28872.0,28874.0,28877.0,28882.0,28883.0,28886.0,28886.0,28887.0,28890.0,28895.0,28897.0,28898.0,28898.0,28900.0,28901.0,28904.0,28908.0,28911.0,28914.0,28915.0,28918.0,28920.0,28931.0,28931.0,28931.0,28933.0,28934.0,28937.0,28937.0,28939.0,28939.0,28939.0,28940.0,28943.0,28945.0,28948.0,28948.0,28949.0,28949.0,28950.0,28957.0,28957.0,28957.0,28958.0,28959.0,28962.0,28963.0,28965.0,28967.0,28969.0,28971.0,28971.0,28971.0,28971.0,28972.0,28975.0,28977.0,28979.0,28982.0,28982.0,28982.0,28982.0,28984.0,28985.0,28987.0,28988.0,28991.0,28992.0,28994.0,28994.0,28995.0,28995.0,28997.0,28999.0,28999.0,28999.0,29001.0,29002.0,29002.0,29002.0,29002.0,29004.0,29006.0,29009.0,29010.0,29010.0,29013.0,29014.0,29014.0,29016.0,29016.0,29017.0,29019.0,29022.0,29022.0,29022.0,29022.0,29022.0,29025.0,29025.0,29025.0,29025.0,29027.0,29028.0,29028.0,29032.0,29033.0,29034.0,29034.0,29036.0,29037.0,29039.0,29039.0,29040.0,29040.0,29040.0,29042.0,29045.0,29047.0,29047.0,,,,,,,,,29056.0,29056.0,29056.0,29056.0,29058.0,29059.0,29062.0,29062.0,29063.0,29063.0,29064.0,29065.0,29065.0,29065.0,29066.0,29067.0,29069.0,29070.0,29070.0,29071.0,29071.0,29074.0,29076.0,29076.0,29077.0,29078.0,29077.0,29079.0,29079.0,29081.0,29081.0,29082.0,29082.0,29083.0,29084.0,29085.0,29086.0,29086.0,29086.0,29086.0,29087.0,29086.0,29087.0,29087.0,29087.0,29087.0,29088.0,29089.0,29090.0,29093.0,29094.0,29096.0,29096.0,29096.0,29096.0,29097.0,29098.0,29099.0,29101.0,29102.0,29104.0,29107.0,29107.0,29111.0,29111.0,29114.0,29116.0,29116.0,29118.0,29120.0,29126.0,29128
KOPDlcs9IhE,827.0,827.0,827.0,827.0,828.0,828.0,829.0,829.0,829.0,829.0,829.0,830.0,831.0,831.0,831.0,831.0,831.0,831.0,832.0,832.0,832.0,832.0,832.0,832.0,833.0,833.0,833.0,833.0,834.0,834.0,834.0,835.0,836.0,836.0,836.0,836.0,836.0,837.0,838.0,839.0,839.0,839.0,839.0,839.0,839.0,839.0,839.0,839.0,839.0,839.0,840.0,840.0,840.0,840.0,845.0,845.0,847.0,847.0,847.0,847.0,849.0,849.0,849.0,849.0,849.0,849.0,849.0,849.0,849.0,849.0,849.0,850.0,850.0,850.0,850.0,850.0,850.0,850.0,852.0,852.0,852.0,852.0,853.0,853.0,853.0,853.0,853.0,853.0,853.0,855.0,856.0,856.0,858.0,858.0,858.0,858.0,859.0,859.0,859.0,859.0,859.0,859.0,860.0,860.0,860.0,860.0,860.0,860.0,860.0,861.0,861.0,861.0,861.0,861.0,861.0,861.0,862.0,862.0,862.0,863.0,863.0,863.0,863.0,863.0,864.0,864.0,864.0,865.0,865.0,865.0,865.0,865.0,865.0,865.0,,,,,,,,,866.0,866.0,866.0,866.0,866.0,866.0,866.0,866.0,866.0,866.0,866.0,866.0,866.0,866.0,866.0,866.0,867.0,867.0,867.0,867.0,867.0,867.0,867.0,867.0,867.0,868.0,868.0,868.0,868.0,868.0,869.0,869.0,870.0,870.0,870.0,870.0,871.0,871.0,871.0,871.0,871.0,871.0,871.0,871.0,871.0,871.0,871.0,871.0,872.0,872.0,872.0,873.0,873.0,873.0,873.0,873.0,873.0,873.0,873.0,874.0,874.0,874.0,874.0,874.0,874.0,874.0,875.0,875.0,875.0,875.0,875.0,875
HnHIwcMudQY,12652.0,12653.0,12654.0,12656.0,12656.0,12657.0,12657.0,12660.0,12663.0,12663.0,12666.0,12666.0,12666.0,12667.0,12668.0,12671.0,12672.0,12675.0,12676.0,12676.0,12676.0,12679.0,12682.0,12684.0,12685.0,12685.0,12685.0,12686.0,12686.0,12687.0,12688.0,12691.0,12693.0,12693.0,12691.0,12691.0,12691.0,12692.0,12692.0,12693.0,12695.0,12696.0,12698.0,12698.0,12698.0,12699.0,12701.0,12706.0,12707.0,12708.0,12708.0,12709.0,12711.0,12711.0,12714.0,12715.0,12718.0,12719.0,12720.0,12721.0,12722.0,12723.0,12726.0,12726.0,12727.0,12731.0,12734.0,12738.0,12738.0,12739.0,12742.0,12742.0,12742.0,12742.0,12742.0,12745.0,12745.0,12746.0,12746.0,12747.0,12751.0,12755.0,12758.0,12759.0,12761.0,12761.0,12764.0,12764.0,12765.0,12765.0,12768.0,12770.0,12770.0,12771.0,12771.0,12771.0,12771.0,12772.0,12773.0,12774.0,12778.0,12781.0,12782.0,12783.0,12784.0,12786.0,12787.0,12788.0,12789.0,12790.0,12792.0,12793.0,12793.0,12793.0,12795.0,12797.0,12798.0,12803.0,12807.0,12816.0,12825.0,12829.0,12831.0,12832.0,12836.0,12837.0,12839.0,12839.0,12840.0,12840.0,12840.0,12843.0,12845.0,12845.0,,,,,,,,,12872.0,12875.0,12879.0,12880.0,12883.0,12884.0,12888.0,12889.0,12891.0,12894.0,12897.0,12896.0,12899.0,12899.0,12904.0,12906.0,12910.0,12912.0,12912.0,12913.0,12914.0,12917.0,12918.0,12920.0,12921.0,12923.0,12925.0,12925.0,12925.0,12928.0,12931.0,12931.0,12931.0,12932.0,12936.0,12937.0,12940.0,12941.0,12942.0,12944.0,12945.0,12947.0,12948.0,12951.0,12951.0,12951.0,12953.0,12954.0,12957.0,12963.0,12968.0,12970.0,12971.0,12971.0,12972.0,12973.0,12975.0,12976.0,12976.0,12978.0,12979.0,12980.0,12980.0,12982.0,13013.0,13015.0,13023.0,13036.0,13040.0,13043.0,13054.0,13054
QJfxrxrZyUA,21418.0,21419.0,21425.0,21431.0,21455.0,21458.0,21462.0,21467.0,21474.0,21476.0,21483.0,21488.0,21496.0,21496.0,21497.0,21505.0,21509.0,21510.0,21513.0,21517.0,21522.0,21528.0,21531.0,21535.0,21542.0,21544.0,21548.0,21554.0,21557.0,21560.0,21567.0,21569.0,21571.0,21575.0,21580.0,21586.0,21588.0,21594.0,21601.0,21606.0,21609.0,21618.0,21619.0,21631.0,21638.0,21642.0,21643.0,21650.0,21654.0,21658.0,21665.0,21671.0,21679.0,21684.0,21689.0,21692.0,21692.0,21700.0,21701.0,21709.0,21710.0,21714.0,21720.0,21722.0,21728.0,21744.0,21749.0,21752.0,21755.0,21763.0,21764.0,21771.0,21775.0,21778.0,21781.0,21789.0,21797.0,21803.0,21807.0,21815.0,21821.0,21824.0,21826.0,21827.0,21831.0,21834.0,21839.0,21841.0,21843.0,21844.0,21849.0,21853.0,21859.0,21865.0,21868.0,21874.0,21884.0,21889.0,21895.0,21907.0,21908.0,21912.0,21915.0,21926.0,21931.0,21936.0,21942.0,21949.0,21953.0,21961.0,21964.0,21973.0,21974.0,21981.0,21986.0,21993.0,21995.0,22001.0,22009.0,22012.0,22019.0,22025.0,22033.0,22038.0,22040.0,22043.0,22051.0,22055.0,22057.0,22059.0,22060.0,22064.0,22066.0,22068.0,,,,,,,,,22102.0,22104.0,22109.0,22109.0,22114.0,22118.0,22120.0,22123.0,22126.0,22129.0,22132.0,22138.0,22138.0,22140.0,22143.0,22147.0,22149.0,22151.0,22151.0,22154.0,22156.0,22160.0,22161.0,22162.0,22163.0,22164.0,22167.0,22168.0,22170.0,22172.0,22179.0,22179.0,22181.0,22186.0,22190.0,22193.0,22196.0,22198.0,22199.0,22201.0,22204.0,22206.0,22209.0,22212.0,22213.0,22217.0,22217.0,22221.0,22222.0,22225.0,22227.0,22231.0,22234.0,22241.0,22247.0,22248.0,22254.0,22258.0,22262.0,22263.0,22266.0,22268.0,22268.0,22268.0,22272.0,22277.0,22279.0,22288.0,22292.0,22300.0,22304.0,22310
u7Qdq7nffYo,5621878.0,5622193.0,5622477.0,5622787.0,5623127.0,5623483.0,5623808.0,5624136.0,5624486.0,5624781.0,5625077.0,5625374.0,5625628.0,5625892.0,5626152.0,5626470.0,5626694.0,5626937.0,5627141.0,5627384.0,5627703.0,5627987.0,5628253.0,5628502.0,5628768.0,5629019.0,5629317.0,5629590.0,5629877.0,5630185.0,5630437.0,5630686.0,5630926.0,5631221.0,5631515.0,5631803.0,5632119.0,5632419.0,5632716.0,5633029.0,5633314.0,5633592.0,5634132.0,5634448.0,5634778.0,5635030.0,5635284.0,5635530.0,5635803.0,5636012.0,5636254.0,5636487.0,5636703.0,5636953.0,5637208.0,5637458.0,5637683.0,5637899.0,5638097.0,5638313.0,5638589.0,5638846.0,5639140.0,5639397.0,5639665.0,5639895.0,5640108.0,5640345.0,5640580.0,5640881.0,5641190.0,5641438.0,5641714.0,5641927.0,5642162.0,5642377.0,5642664.0,5642942.0,5643180.0,5643441.0,5643667.0,5643883.0,5644154.0,5644390.0,5644622.0,5644874.0,5645112.0,5645347.0,5645598.0,5645819.0,5646081.0,5646378.0,5646602.0,5646870.0,5647141.0,5647422.0,5647726.0,5648042.0,5648300.0,5648654.0,5648914.0,5649183.0,5649514.0,5649802.0,5650119.0,5650426.0,5650769.0,5651045.0,5651308.0,5651846.0,5652503.0,5653037.0,5653667.0,5654143.0,5654623.0,5655070.0,5655524.0,5655984.0,5656318.0,5656660.0,5656986.0,5657250.0,5657509.0,5657819.0,5658098.0,5658374.0,5658667.0,5658969.0,5659204.0,5659426.0,5659700.0,5660030.0,5660314.0,5660558.0,,,,,,,,,5663249.0,5663486.0,5663763.0,5664026.0,5664352.0,5664635.0,5664876.0,5665158.0,5665415.0,5665737.0,5665981.0,5666298.0,5666580.0,5666853.0,5667138.0,5667402.0,5667698.0,5667958.0,5668236.0,5668480.0,5668761.0,5668992.0,5669216.0,5669466.0,5669690.0,5669937.0,5670173.0,5670367.0,5670550.0,5670732.0,5670955.0,5671161.0,5671401.0,5671678.0,5671914.0,5672117.0,5672338.0,5672590.0,5672823.0,5673082.0,5673319.0,5673557.0,5673756.0,5673935.0,5674165.0,5674386.0,5674628.0,5674835.0,5675094.0,5675285.0,5675544.0,5675836.0,5676058.0,5676501.0,5676847.0,5677092.0,5677372.0,5677608.0,5677924.0,5678158.0,5678416.0,5678626.0,5678888.0,5679141.0,5679398.0,5679706.0,5679991.0,5680276.0,5680476.0,5680687.0,5680919.0,5681124
gaFlR2VFONo,110708.0,110770.0,110832.0,110880.0,110954.0,111030.0,111118.0,111190.0,111261.0,111326.0,111380.0,111445.0,111524.0,111606.0,111673.0,111751.0,111807.0,111878.0,111952.0,112029.0,112095.0,112150.0,112197.0,112246.0,112305.0,112363.0,112417.0,112472.0,112535.0,112593.0,112652.0,112694.0,112753.0,112801.0,112852.0,112907.0,112953.0,113002.0,113048.0,113085.0,113136.0,113170.0,113227.0,113271.0,113319.0,113353.0,113404.0,113455.0,113516.0,113561.0,113679.0,113705.0,113741.0,113790.0,113812.0,113856.0,113878.0,113918.0,113960.0,114000.0,114056.0,114106.0,114151.0,114206.0,114264.0,114317.0,114372.0,114442.0,114489.0,114565.0,114637.0,114693.0,114758.0,114790.0,114836.0,114892.0,114954.0,115010.0,115070.0,115136.0,115188.0,115249.0,115307.0,115360.0,115413.0,115491.0,115536.0,115576.0,115633.0,115697.0,115758.0,115830.0,115887.0,115939.0,115976.0,116035.0,116080.0,116136.0,116193.0,116249.0,116296.0,116359.0,116448.0,116512.0,116587.0,116653.0,116724.0,116783.0,116858.0,116937.0,117071.0,117155.0,117275.0,117372.0,117472.0,117536.0,117632.0,117729.0,117812.0,117935.0,118033.0,118096.0,118146.0,118211.0,118277.0,118347.0,118404.0,118477.0,118528.0,118583.0,118638.0,118701.0,118783.0,118854.0,,,,,,,,,119546.0,119595.0,119648.0,119728.0,119802.0,119875.0,119952.0,120014.0,120093.0,120156.0,120242.0,120316.0,120421.0,120535.0,120629.0,120701.0,120803.0,120903.0,121001.0,121100.0,121171.0,121218.0,121280.0,121371.0,121450.0,121516.0,121597.0,121703.0,121769.0,121835.0,121900.0,121962.0,122061.0,122119.0,122215.0,122265.0,122324.0,122396.0,122469.0,122559.0,122640.0,122697.0,122760.0,122824.0,122902.0,122984.0,123056.0,123139.0,123233.0,123291.0,123353.0,123435.0,123532.0,123625.0,123712.0,123781.0,123855.0,123919.0,124027.0,124116.0,124205.0,124275.0,124350.0,124423.0,124490.0,124571.0,124652.0,124731.0,124794.0,124859.0,124908.0,124974
sUrr8ChoWvg,644285.0,644315.0,644373.0,644423.0,644474.0,644520.0,644585.0,644659.0,644714.0,644761.0,644821.0,644864.0,644900.0,644958.0,645027.0,645096.0,645145.0,645197.0,645235.0,645288.0,645338.0,645385.0,645436.0,645490.0,645538.0,645592.0,645659.0,645702.0,645757.0,645808.0,645843.0,645884.0,645936.0,645982.0,646022.0,646071.0,646123.0,646184.0,646228.0,646267.0,646319.0,646389.0,646449.0,646494.0,646532.0,646575.0,646624.0,646664.0,646705.0,646752.0,646802.0,646864.0,646903.0,646949.0,647001.0,647072.0,647125.0,647185.0,647238.0,647275.0,647323.0,647370.0,647428.0,647463.0,647513.0,647577.0,647621.0,647672.0,647707.0,647783.0,647829.0,647871.0,647919.0,647954.0,648007.0,648066.0,648113.0,648164.0,648211.0,648270.0,648305.0,648349.0,648398.0,648436.0,648486.0,648519.0,648570.0,648612.0,648648.0,648692.0,648728.0,648782.0,648812.0,648858.0,648900.0,648941.0,648980.0,649016.0,649060.0,649100.0,649134.0,649166.0,649202.0,649235.0,649277.0,649310.0,649350.0,649380.0,649416.0,649477.0,649551.0,649631.0,649716.0,649805.0,649889.0,649970.0,650097.0,650186.0,650259.0,650345.0,650416.0,650483.0,650531.0,650577.0,650637.0,650700.0,650756.0,650814.0,650855.0,650897.0,650940.0,650989.0,651043.0,651101.0,,,,,,,,,651594.0,651668.0,651732.0,651805.0,651842.0,651893.0,651930.0,651968.0,652007.0,652061.0,652116.0,652172.0,652219.0,652256.0,652284.0,652329.0,652353.0,652388.0,652437.0,652478.0,652514.0,652558.0,652606.0,652653.0,652700.0,652732.0,652786.0,652832.0,652878.0,652932.0,652994.0,653038.0,653089.0,653144.0,653192.0,653232.0,653265.0,653323.0,653366.0,653421.0,653474.0,653507.0,653543.0,653599.0,653641.0,653680.0,653729.0,653765.0,653819.0,653861.0,653914.0,653977.0,654033.0,654221.0,654436.0,654593.0,654680.0,654754.0,654902.0,655003.0,655073.0,655139.0,655181.0,655235.0,655297.0,655361.0,655426.0,655490.0,655544.0,655594.0,655664.0,655705
IW5XpU6raYI,8720971.0,8724272.0,8727712.0,8730520.0,8733846.0,8737184.0,8740849.0,8744486.0,8747907.0,8751335.0,8754399.0,8758533.0,8762667.0,8766644.0,8770528.0,8774607.0,8779035.0,8782556.0,8786618.0,8791139.0,8795906.0,8800630.0,8805059.0,8808666.0,8812010.0,8815722.0,8819521.0,8823259.0,8826667.0,8830814.0,8834360.0,8837432.0,8840976.0,8844873.0,8848612.0,8852383.0,8856018.0,8858885.0,8862158.0,8865789.0,8869828.0,8873941.0,8878249.0,8882153.0,8885975.0,8889058.0,8892378.0,8896229.0,8899981.0,8903302.0,8907481.0,8910692.0,8913575.0,8916910.0,8920911.0,8924853.0,8928708.0,8932503.0,8935478.0,8938279.0,8941815.0,8945470.0,8949287.0,8952819.0,8956331.0,8959540.0,8962590.0,8966463.0,8969792.0,8974288.0,8978474.0,8982090.0,8985320.0,8988399.0,8992143.0,8995899.0,8999437.0,9003029.0,9007434.0,9011156.0,9014346.0,9018272.0,9022133.0,9026105.0,9030042.0,9034245.0,9037913.0,9041378.0,9045865.0,9050849.0,9055702.0,9060702.0,9066120.0,9070635.0,9074847.0,9080474.0,9085851.0,9090916.0,9095871.0,9101454.0,9106750.0,9111124.0,9116024.0,9120853.0,9126440.0,9131855.0,9137657.0,9142508.0,9147088.0,9152350.0,9158156.0,9164297.0,9169820.0,9175371.0,9180225.0,9184791.0,9190018.0,9195389.0,9200821.0,9206452.0,9211217.0,9215672.0,9220073.0,9225144.0,9230119.0,9236021.0,9241041.0,9246187.0,9250377.0,9254302.0,9259353.0,9264466.0,9269540.0,9274574.0,,,,,,,,,9320813.0,9325703.0,9331704.0,9339017.0,9346102.0,9353655.0,9361061.0,9367870.0,9373572.0,9381136.0,9389468.0,9396755.0,9404380.0,9411497.0,9417335.0,9422525.0,9429157.0,9435724.0,9442013.0,9447463.0,9452762.0,9457829.0,9462295.0,9467755.0,9473646.0,9479836.0,9486472.0,9493208.0,9498769.0,9503878.0,9509968.0,9516398.0,9522442.0,9528476.0,9534309.0,9539249.0,9543442.0,9548631.0,9554046.0,9559308.0,9564692.0,9569559.0,9573943.0,9578123.0,9583546.0,9589086.0,9594693.0,9600118.0,9605441.0,9609441.0,9612988.0,9617661.0,9622585.0,9627661.0,9632937.0,9638096.0,9642288.0,9645684.0,9650323.0,9655211.0,9660132.0,9663599.0,9668116.0,9672236.0,9676180.0,9681214.0,9686562.0,9691645.0,9695458.0,9699822.0,9704165.0,9708086
HC6Va2lsRdc,177002.0,177129.0,177259.0,177392.0,177567.0,177689.0,177842.0,177999.0,178144.0,178287.0,178440.0,178599.0,178752.0,178945.0,179137.0,179282.0,179433.0,179542.0,179689.0,179840.0,179956.0,180115.0,180243.0,180361.0,180479.0,180593.0,180722.0,180889.0,181102.0,181263.0,181414.0,181556.0,181731.0,181868.0,182228.0,182542.0,182850.0,183237.0,183922.0,184229.0,184480.0,185121.0,185688.0,186039.0,186470.0,186914.0,187277.0,187707.0,188132.0,188434.0,188773.0,189059.0,189441.0,189815.0,190482.0,190878.0,191191.0,191428.0,191701.0,191994.0,192359.0,192726.0,193081.0,193432.0,193700.0,193935.0,194142.0,194367.0,194622.0,194950.0,195333.0,195775.0,196111.0,196356.0,196593.0,196848.0,197096.0,197376.0,197766.0,198118.0,198408.0,198786.0,199226.0,199690.0,200071.0,200513.0,200847.0,201216.0,201637.0,202093.0,202589.0,203031.0,203444.0,203837.0,204164.0,204596.0,204978.0,205371.0,205767.0,206124.0,206468.0,206755.0,207080.0,207461.0,207833.0,208203.0,208553.0,208883.0,209162.0,209463.0,209827.0,210179.0,210588.0,211022.0,211461.0,211809.0,212269.0,212775.0,213278.0,213760.0,214381.0,214797.0,215354.0,215796.0,216348.0,216887.0,217399.0,217886.0,218306.0,218608.0,218973.0,219421.0,219855.0,220208.0,,,,,,,,,223576.0,223838.0,224158.0,224472.0,224891.0,225356.0,225754.0,226067.0,226403.0,226746.0,227123.0,227463.0,227804.0,228113.0,228352.0,228629.0,228915.0,229260.0,229573.0,229930.0,230231.0,230578.0,230858.0,231231.0,231694.0,232151.0,232743.0,233231.0,233692.0,234060.0,234522.0,234917.0,235405.0,235804.0,236277.0,236640.0,236922.0,237341.0,237763.0,238224.0,238707.0,239174.0,239614.0,239979.0,240537.0,241004.0,241508.0,241992.0,242492.0,242964.0,243376.0,243816.0,244387.0,244947.0,245550.0,246154.0,246552.0,247022.0,247464.0,248021.0,248506.0,248876.0,249264.0,249671.0,250087.0,250579.0,251095.0,251522.0,251846.0,252288.0,252693.0,253119
6sZt_Nep4t4,29170.0,29185.0,29208.0,29227.0,29250.0,29276.0,29292.0,29318.0,29373.0,29433.0,29462.0,29495.0,29530.0,29555.0,29597.0,29628.0,29663.0,29685.0,29723.0,29853.0,29917.0,29994.0,30040.0,30068.0,30092.0,30131.0,30184.0,30221.0,30257.0,30300.0,30333.0,30362.0,30388.0,30418.0,30445.0,30471.0,30497.0,30517.0,30539.0,30563.0,30585.0,30607.0,30631.0,30656.0,30677.0,30703.0,30724.0,30747.0,30770.0,30796.0,30832.0,30861.0,30881.0,30916.0,30949.0,30976.0,31005.0,31022.0,31047.0,31058.0,31078.0,31099.0,31125.0,31142.0,31154.0,31170.0,31188.0,31205.0,31228.0,31251.0,31273.0,31292.0,31316.0,31332.0,31352.0,31375.0,31393.0,31415.0,31431.0,31442.0,31461.0,31484.0,31507.0,31518.0,31535.0,31561.0,31583.0,31606.0,31623.0,31646.0,31665.0,31688.0,31712.0,31739.0,31756.0,31773.0,31788.0,31802.0,31841.0,31870.0,31879.0,31892.0,31908.0,31927.0,31940.0,31954.0,31974.0,31993.0,32008.0,32021.0,32041.0,32056.0,32078.0,32093.0,32114.0,32126.0,32140.0,32153.0,32165.0,32180.0,32193.0,32204.0,32214.0,32221.0,32229.0,32241.0,32255.0,32267.0,32281.0,32291.0,32348.0,32433.0,32487.0,32525.0,,,,,,,,,32853.0,32866.0,32873.0,32887.0,32908.0,32928.0,32937.0,32953.0,32968.0,32977.0,32988.0,33002.0,33017.0,33028.0,33047.0,33063.0,33076.0,33088.0,33105.0,33118.0,33132.0,33137.0,33147.0,33152.0,33171.0,33186.0,33197.0,33208.0,33216.0,33223.0,33236.0,33247.0,33257.0,33264.0,33268.0,33279.0,33294.0,33300.0,33306.0,33313.0,33320.0,33338.0,33343.0,33371.0,33377.0,33383.0,33391.0,33401.0,33412.0,33424.0,33432.0,33448.0,33456.0,33465.0,33479.0,33497.0,33505.0,33518.0,33534.0,33545.0,33563.0,33570.0,33583.0,33591.0,33600.0,33609.0,33621.0,33628.0,33638.0,33653.0,33665.0,33687
RssxC6BFyAI,26868.0,26868.0,26868.0,26868.0,26868.0,26868.0,26868.0,26868.0,26868.0,26868.0,26868.0,26868.0,26868.0,26868.0,26868.0,26868.0,26868.0,26868.0,26868.0,26868.0,26868.0,26868.0,26868.0,26868.0,26868.0,26868.0,26868.0,26868.0,26868.0,26868.0,26868.0,26868.0,26868.0,26868.0,26868.0,26868.0,26868.0,26868.0,26868.0,26868.0,26868.0,26868.0,26868.0,26868.0,26868.0,26868.0,26868.0,26868.0,26868.0,26868.0,26868.0,26868.0,26868.0,26868.0,26868.0,26868.0,26868.0,26868.0,26868.0,26868.0,26868.0,26868.0,26868.0,26868.0,26868.0,26868.0,26868.0,26868.0,26868.0,26868.0,26868.0,26868.0,26868.0,26868.0,26868.0,26868.0,26868.0,26868.0,26868.0,26868.0,26868.0,26868.0,26868.0,26868.0,26868.0,26868.0,26868.0,26868.0,26868.0,26868.0,26868.0,26868.0,26868.0,26868.0,26868.0,26868.0,26868.0,26868.0,26868.0,26868.0,26868.0,26868.0,26868.0,26868.0,26868.0,26868.0,26868.0,26868.0,26868.0,26868.0,26868.0,26868.0,26868.0,26868.0,26868.0,26868.0,26868.0,26868.0,26868.0,26868.0,26868.0,26868.0,26868.0,26868.0,26868.0,26868.0,26868.0,26868.0,26868.0,26868.0,26868.0,26868.0,26868.0,26868.0,,,,,,,,,26868.0,26868.0,26868.0,26868.0,26868.0,26868.0,26868.0,26868.0,26868.0,26868.0,26868.0,26868.0,26868.0,26868.0,26868.0,26868.0,26868.0,26868.0,26868.0,26868.0,26868.0,26868.0,26868.0,26868.0,26868.0,26868.0,26868.0,26868.0,26868.0,26868.0,26868.0,26868.0,26868.0,26868.0,26868.0,26868.0,26868.0,26868.0,26868.0,26868.0,26868.0,26868.0,26868.0,26868.0,26868.0,26868.0,26868.0,26868.0,26868.0,26868.0,26868.0,26868.0,26868.0,26868.0,26868.0,26868.0,26868.0,26868.0,26868.0,26868.0,26868.0,26868.0,26868.0,26868.0,26868.0,26868.0,26868.0,26868.0,26868.0,26868.0,26868.0,26868
b903ATzbBKs,28580.0,28582.0,28586.0,28592.0,28597.0,28600.0,28601.0,28603.0,28611.0,28616.0,28617.0,28620.0,28625.0,28630.0,28638.0,28641.0,28647.0,28648.0,28652.0,28659.0,28668.0,28676.0,28680.0,28688.0,28689.0,28700.0,28709.0,28714.0,28720.0,28724.0,28731.0,28738.0,28739.0,28748.0,28754.0,28758.0,28763.0,28767.0,28771.0,28773.0,28781.0,28788.0,28791.0,28797.0,28807.0,28810.0,28821.0,28826.0,28830.0,28836.0,28840.0,28845.0,28852.0,28856.0,28861.0,28867.0,28870.0,28878.0,28882.0,28884.0,28884.0,28892.0,28900.0,28914.0,28926.0,28938.0,28950.0,28958.0,28968.0,28980.0,28993.0,28999.0,29001.0,29008.0,29012.0,29020.0,29026.0,29033.0,29039.0,29047.0,29054.0,29063.0,29072.0,29078.0,29085.0,29090.0,29092.0,29098.0,29111.0,29126.0,29133.0,29136.0,29136.0,29140.0,29142.0,29145.0,29153.0,29159.0,29165.0,29171.0,29176.0,29188.0,29192.0,29198.0,29210.0,29215.0,29225.0,29227.0,29236.0,29240.0,29245.0,29253.0,29258.0,29268.0,29271.0,29277.0,29283.0,29291.0,29304.0,29309.0,29315.0,29321.0,29323.0,29329.0,29337.0,29343.0,29351.0,29357.0,29359.0,29362.0,29366.0,29370.0,29375.0,29375.0,,,,,,,,,29419.0,29424.0,29428.0,29435.0,29440.0,29446.0,29452.0,29455.0,29459.0,29461.0,29465.0,29470.0,29477.0,29480.0,29488.0,29501.0,29505.0,29511.0,29516.0,29519.0,29520.0,29522.0,29529.0,29537.0,29543.0,29556.0,29559.0,29567.0,29569.0,29574.0,29575.0,29578.0,29583.0,29587.0,29595.0,29596.0,29611.0,29616.0,29618.0,29621.0,29627.0,29632.0,29640.0,29647.0,29657.0,29665.0,29669.0,29672.0,29677.0,29682.0,29696.0,29697.0,29705.0,29713.0,29715.0,29721.0,29728.0,29730.0,29734.0,29742.0,29750.0,29750.0,29752.0,29755.0,29764.0,29768.0,29771.0,29776.0,29779.0,29786.0,29790.0,29796
Fdwi8EwjhMA,103333.0,103348.0,103361.0,103378.0,103401.0,103417.0,103449.0,103476.0,103513.0,103531.0,103553.0,103530.0,103559.0,103572.0,103584.0,103599.0,103618.0,103633.0,103645.0,103657.0,103668.0,103684.0,103704.0,103732.0,103745.0,103763.0,103777.0,103796.0,103820.0,103835.0,103854.0,103867.0,103886.0,103902.0,103922.0,103937.0,103953.0,103965.0,103983.0,103994.0,104014.0,104030.0,104044.0,104066.0,104093.0,104118.0,104135.0,104144.0,104166.0,104180.0,104195.0,104209.0,104219.0,104232.0,104249.0,104270.0,104295.0,104319.0,104334.0,104352.0,104364.0,104376.0,104394.0,104417.0,104452.0,104477.0,104492.0,104510.0,104530.0,104551.0,104570.0,104587.0,104602.0,104620.0,104637.0,104653.0,104668.0,104694.0,104720.0,104744.0,104762.0,104781.0,104805.0,104828.0,104856.0,104878.0,104900.0,104921.0,104946.0,104977.0,104998.0,105019.0,105043.0,105064.0,105072.0,105098.0,105116.0,105137.0,105151.0,105174.0,105196.0,105221.0,105237.0,105267.0,105299.0,105326.0,105340.0,105353.0,105376.0,105402.0,105430.0,105468.0,105499.0,105535.0,105560.0,105585.0,105600.0,105625.0,105640.0,105665.0,105687.0,105702.0,105723.0,105740.0,105759.0,105784.0,105801.0,105822.0,105841.0,105859.0,105881.0,105902.0,105912.0,105943.0,,,,,,,,,106119.0,106136.0,106148.0,106162.0,106177.0,106200.0,106230.0,106244.0,106264.0,106278.0,106291.0,106302.0,106317.0,106327.0,106337.0,106370.0,106385.0,106395.0,106405.0,106420.0,106433.0,106445.0,106463.0,106481.0,106493.0,106507.0,106519.0,106535.0,106555.0,106571.0,106583.0,106595.0,106617.0,106639.0,106656.0,106668.0,106683.0,106696.0,106713.0,106723.0,106740.0,106760.0,106772.0,106784.0,106801.0,106824.0,106833.0,106847.0,106863.0,106876.0,106898.0,106913.0,106931.0,106942.0,106957.0,106965.0,106982.0,106999.0,107014.0,107026.0,107043.0,107060.0,107072.0,107079.0,107089.0,107101.0,107107.0,107127.0,107140.0,107153.0,107172.0,107189
9qAvRqiuuE4,17636.0,17663.0,17678.0,17694.0,17706.0,17721.0,17730.0,17740.0,17756.0,17763.0,17776.0,17782.0,17792.0,17808.0,17815.0,17824.0,17830.0,17835.0,17844.0,17850.0,17856.0,17872.0,17887.0,17899.0,17903.0,17905.0,17912.0,17918.0,17927.0,17938.0,17946.0,17954.0,17962.0,17967.0,17973.0,17980.0,17989.0,17991.0,17994.0,17995.0,18000.0,18012.0,18021.0,18031.0,18036.0,18039.0,18047.0,18055.0,18060.0,18064.0,18068.0,18074.0,18083.0,18084.0,18092.0,18098.0,18106.0,18112.0,18113.0,18122.0,18127.0,18134.0,18138.0,18144.0,18150.0,18165.0,18172.0,18178.0,18184.0,18191.0,18201.0,18208.0,18217.0,18224.0,18230.0,18239.0,18247.0,18256.0,18265.0,18272.0,18275.0,18291.0,18299.0,18312.0,18321.0,18324.0,18332.0,18337.0,18339.0,18346.0,18348.0,18355.0,18357.0,18359.0,18378.0,18387.0,18393.0,18399.0,18404.0,18411.0,18413.0,18417.0,18423.0,18426.0,18428.0,18431.0,18437.0,18441.0,18447.0,18448.0,18450.0,18453.0,18458.0,18463.0,18464.0,18467.0,18468.0,18471.0,18472.0,18474.0,18475.0,18481.0,18483.0,18486.0,18491.0,18493.0,18495.0,18502.0,18502.0,18507.0,18508.0,18510.0,18512.0,18513.0,,,,,,,,,18540.0,18541.0,18545.0,18547.0,18552.0,18556.0,18566.0,18568.0,18571.0,18577.0,18579.0,18583.0,18585.0,18590.0,18594.0,18595.0,18596.0,18597.0,18599.0,18604.0,18604.0,18605.0,18608.0,18613.0,18622.0,18625.0,18628.0,18631.0,18633.0,18634.0,18637.0,18637.0,18639.0,18643.0,18644.0,18647.0,18648.0,18651.0,18653.0,18655.0,18656.0,18659.0,18661.0,18664.0,18665.0,18668.0,18670.0,18672.0,18675.0,18677.0,18682.0,18687.0,18694.0,18698.0,18702.0,18705.0,18707.0,18711.0,18715.0,18716.0,18717.0,18717.0,18719.0,18724.0,18725.0,18729.0,18731.0,18733.0,18735.0,18736.0,18736.0,18737
-K9S2BSI8J0,35792.0,35793.0,35795.0,35800.0,35805.0,35809.0,35814.0,35815.0,35817.0,35819.0,35823.0,35824.0,35828.0,35832.0,35832.0,35834.0,35833.0,35833.0,35839.0,35840.0,35844.0,35847.0,35848.0,35849.0,35850.0,35851.0,35856.0,35859.0,35864.0,35866.0,35869.0,35874.0,35877.0,35879.0,35883.0,35886.0,35888.0,35890.0,35894.0,35896.0,35897.0,35898.0,35901.0,35902.0,35904.0,35908.0,35910.0,35913.0,35915.0,35918.0,35921.0,35922.0,35924.0,35925.0,35933.0,35939.0,35943.0,35948.0,35955.0,35956.0,35961.0,35963.0,35976.0,35973.0,35977.0,35994.0,36001.0,36008.0,36013.0,36018.0,36022.0,36025.0,36027.0,36028.0,36033.0,36036.0,36038.0,36041.0,36048.0,36051.0,36052.0,36053.0,36056.0,36059.0,36061.0,36066.0,36074.0,36079.0,36080.0,36082.0,36084.0,36088.0,36091.0,36095.0,36095.0,36099.0,36100.0,36107.0,36108.0,36110.0,36112.0,36117.0,36120.0,36121.0,36124.0,36126.0,36128.0,36134.0,36139.0,36141.0,36144.0,36146.0,36149.0,36153.0,36156.0,36156.0,36160.0,36162.0,36164.0,36167.0,36168.0,36171.0,36174.0,36176.0,36178.0,36180.0,36184.0,36184.0,36186.0,36190.0,36192.0,36194.0,36194.0,36197.0,,,,,,,,,36233.0,36235.0,36237.0,36239.0,36244.0,36246.0,36247.0,36251.0,36253.0,36257.0,36257.0,36257.0,36258.0,36258.0,36259.0,36260.0,36262.0,36263.0,36266.0,36267.0,36270.0,36270.0,36271.0,36274.0,36275.0,36276.0,36276.0,36276.0,36277.0,36279.0,36279.0,36283.0,36287.0,36289.0,36292.0,36295.0,36296.0,36297.0,36300.0,36301.0,36302.0,36306.0,36308.0,36312.0,36317.0,36324.0,36326.0,36327.0,36329.0,36331.0,36339.0,36343.0,36350.0,36360.0,36365.0,36368.0,36369.0,36373.0,36375.0,36379.0,36385.0,36386.0,36387.0,36389.0,36392.0,36394.0,36394.0,36397.0,36398.0,36398.0,36399.0,36405
Md9RCa_aW08,169356.0,169368.0,169387.0,169407.0,169426.0,169454.0,169484.0,169521.0,169572.0,169617.0,169653.0,169681.0,169719.0,169773.0,169813.0,169870.0,169905.0,169925.0,169963.0,170013.0,170064.0,170109.0,170133.0,170167.0,170191.0,170218.0,170245.0,170268.0,170301.0,170328.0,170369.0,170406.0,170477.0,170521.0,170542.0,170570.0,170600.0,170626.0,170658.0,170693.0,170714.0,170753.0,170798.0,170827.0,170867.0,170889.0,170925.0,170964.0,170993.0,171073.0,171180.0,171282.0,171365.0,171451.0,171558.0,171681.0,171763.0,171882.0,171939.0,171968.0,172002.0,172035.0,172071.0,172108.0,172136.0,172171.0,172212.0,172239.0,172270.0,172317.0,172349.0,172378.0,172399.0,172431.0,172451.0,172479.0,172509.0,172540.0,172563.0,172594.0,172618.0,172648.0,172673.0,172697.0,172722.0,172750.0,172788.0,172823.0,172863.0,172903.0,172946.0,172996.0,173025.0,173047.0,173069.0,173099.0,173122.0,173156.0,173183.0,173207.0,173243.0,173264.0,173293.0,173305.0,173331.0,173360.0,173389.0,173414.0,173427.0,173446.0,173475.0,173494.0,173515.0,173540.0,173562.0,173589.0,173606.0,173623.0,173646.0,173669.0,173684.0,173707.0,173726.0,173751.0,173768.0,173790.0,173809.0,173832.0,173845.0,173859.0,173874.0,173894.0,173917.0,173936.0,,,,,,,,,174084.0,174104.0,174125.0,174141.0,174154.0,174170.0,174184.0,174216.0,174240.0,174288.0,174321.0,174357.0,174391.0,174417.0,174449.0,174470.0,174500.0,174526.0,174553.0,174575.0,174595.0,174606.0,174629.0,174653.0,174671.0,174696.0,174713.0,174731.0,174750.0,174776.0,174797.0,174811.0,174834.0,174850.0,174862.0,174880.0,174896.0,174912.0,174927.0,174942.0,174961.0,174987.0,174999.0,175009.0,175043.0,175046.0,175067.0,175083.0,175089.0,175102.0,175119.0,175140.0,175159.0,175185.0,175206.0,175227.0,175245.0,175264.0,175295.0,175316.0,175333.0,175347.0,175362.0,175382.0,175413.0,175445.0,175471.0,175493.0,175517.0,175530.0,175550.0,175574
dPXams59kXk,1203.0,1204.0,1204.0,1204.0,1204.0,1204.0,1204.0,1204.0,1204.0,1204.0,1205.0,1206.0,1206.0,1207.0,1208.0,1209.0,1209.0,1210.0,1213.0,1213.0,1213.0,1213.0,1214.0,1216.0,1217.0,1217.0,1217.0,1217.0,1217.0,1218.0,1219.0,1219.0,1221.0,1221.0,1221.0,1221.0,1221.0,1221.0,1224.0,1224.0,1224.0,1224.0,1224.0,1224.0,1224.0,1224.0,1224.0,1224.0,1224.0,1224.0,1224.0,1224.0,1224.0,1224.0,1224.0,1224.0,1224.0,1224.0,1224.0,1224.0,1224.0,1224.0,1224.0,1224.0,1224.0,1224.0,1224.0,1225.0,1225.0,1225.0,1225.0,1225.0,1225.0,1225.0,1225.0,1225.0,1226.0,1226.0,1226.0,1226.0,1226.0,1226.0,1227.0,1227.0,1227.0,1227.0,1227.0,1227.0,1227.0,1227.0,1227.0,1227.0,1227.0,1227.0,1227.0,1227.0,1227.0,1227.0,1227.0,1227.0,1227.0,1227.0,1227.0,1227.0,1228.0,1228.0,1228.0,1228.0,1228.0,1228.0,1228.0,1228.0,1228.0,1228.0,1228.0,1228.0,1228.0,1228.0,1229.0,1229.0,1230.0,1231.0,1231.0,1231.0,1231.0,1231.0,1231.0,1231.0,1231.0,1231.0,1231.0,1231.0,1231.0,1231.0,,,,,,,,,1232.0,1232.0,1232.0,1232.0,1232.0,1232.0,1232.0,1233.0,1233.0,1234.0,1234.0,1235.0,1235.0,1236.0,1236.0,1236.0,1237.0,1238.0,1238.0,1238.0,1238.0,1238.0,1239.0,1239.0,1239.0,1239.0,1239.0,1239.0,1240.0,1240.0,1240.0,1240.0,1240.0,1240.0,1240.0,1240.0,1240.0,1241.0,1241.0,1241.0,1241.0,1241.0,1241.0,1241.0,1241.0,1241.0,1241.0,1241.0,1241.0,1241.0,1241.0,1241.0,1241.0,1241.0,1242.0,1242.0,1242.0,1242.0,1242.0,1242.0,1242.0,1242.0,1242.0,1243.0,1244.0,1244.0,1244.0,1244.0,1244.0,1244.0,1244.0,1244
eRKKhq91gMQ,116.0,116.0,116.0,116.0,116.0,116.0,116.0,116.0,118.0,118.0,118.0,118.0,118.0,118.0,118.0,118.0,118.0,118.0,118.0,118.0,118.0,118.0,118.0,118.0,118.0,118.0,118.0,118.0,118.0,118.0,118.0,118.0,118.0,118.0,118.0,118.0,118.0,118.0,118.0,118.0,118.0,118.0,118.0,118.0,118.0,118.0,120.0,120.0,121.0,122.0,122.0,122.0,123.0,123.0,123.0,123.0,123.0,123.0,123.0,123.0,123.0,123.0,123.0,123.0,123.0,123.0,123.0,123.0,123.0,123.0,123.0,123.0,123.0,123.0,123.0,123.0,123.0,123.0,123.0,123.0,123.0,123.0,123.0,123.0,123.0,123.0,123.0,123.0,123.0,123.0,123.0,123.0,123.0,123.0,123.0,123.0,123.0,123.0,123.0,123.0,123.0,123.0,123.0,123.0,123.0,123.0,123.0,123.0,123.0,123.0,123.0,123.0,123.0,123.0,123.0,123.0,123.0,123.0,123.0,123.0,123.0,123.0,123.0,123.0,123.0,123.0,123.0,123.0,123.0,123.0,123.0,123.0,123.0,123.0,,,,,,,,,123.0,123.0,123.0,123.0,123.0,123.0,123.0,123.0,123.0,123.0,123.0,123.0,123.0,123.0,123.0,123.0,123.0,123.0,123.0,123.0,123.0,123.0,123.0,123.0,123.0,123.0,123.0,123.0,123.0,123.0,123.0,123.0,123.0,123.0,123.0,123.0,123.0,123.0,123.0,123.0,123.0,123.0,123.0,123.0,123.0,123.0,123.0,123.0,123.0,123.0,123.0,123.0,123.0,123.0,123.0,123.0,123.0,123.0,123.0,123.0,123.0,123.0,123.0,123.0,123.0,123.0,123.0,123.0,123.0,123.0,123.0,123
UFRteU_b1eI,47769.0,47785.0,47807.0,47818.0,47839.0,47866.0,47913.0,47930.0,47953.0,47972.0,48003.0,48043.0,48072.0,48100.0,48128.0,48149.0,48171.0,48189.0,48207.0,48226.0,48253.0,48264.0,48280.0,48291.0,48300.0,48308.0,48330.0,48337.0,48352.0,48368.0,48388.0,48399.0,48412.0,48419.0,48427.0,48454.0,48478.0,48493.0,48507.0,48521.0,48531.0,48550.0,48563.0,48578.0,48593.0,48603.0,48616.0,48635.0,48654.0,48675.0,48696.0,48706.0,48719.0,48735.0,48750.0,48771.0,48779.0,48780.0,48791.0,48806.0,48824.0,48829.0,48839.0,48849.0,48855.0,48859.0,48870.0,48883.0,48892.0,48900.0,48910.0,48920.0,48930.0,48939.0,48954.0,48970.0,48983.0,48995.0,49009.0,49013.0,49025.0,49036.0,49045.0,49061.0,49070.0,49084.0,49096.0,49099.0,49108.0,49114.0,49131.0,49146.0,49158.0,49171.0,49177.0,49195.0,49204.0,49217.0,49229.0,49240.0,49253.0,49266.0,49276.0,49292.0,49297.0,49308.0,49325.0,49334.0,49352.0,49364.0,49380.0,49388.0,49399.0,49413.0,49421.0,49425.0,49433.0,49438.0,49445.0,49452.0,49470.0,49477.0,49481.0,49484.0,49494.0,49499.0,49518.0,49526.0,49536.0,49537.0,49548.0,49557.0,49565.0,49580.0,,,,,,,,,49664.0,49673.0,49683.0,49688.0,49709.0,49714.0,49724.0,49733.0,49741.0,49757.0,49773.0,49789.0,49803.0,49811.0,49813.0,49822.0,49837.0,49852.0,49858.0,49868.0,49878.0,49888.0,49899.0,49907.0,49909.0,49916.0,49921.0,49931.0,49938.0,49940.0,49947.0,49957.0,49967.0,49975.0,49988.0,49996.0,50006.0,50011.0,50020.0,50028.0,50037.0,50048.0,50052.0,50061.0,50067.0,50070.0,50080.0,50099.0,50107.0,50110.0,50118.0,50125.0,50129.0,50140.0,50146.0,50157.0,50163.0,50167.0,50174.0,50179.0,50182.0,50186.0,50190.0,50196.0,50207.0,50215.0,50218.0,50223.0,50229.0,50238.0,50245.0,50251
GdjzR6hTSVI,52400.0,52403.0,52406.0,52408.0,52410.0,52413.0,52415.0,52420.0,52424.0,52428.0,52429.0,52431.0,52434.0,52436.0,52437.0,52441.0,52444.0,52447.0,52450.0,52453.0,52456.0,52458.0,52459.0,52461.0,52462.0,52467.0,52471.0,52473.0,52476.0,52483.0,52487.0,52495.0,52496.0,52499.0,52501.0,52502.0,52503.0,52510.0,52512.0,52515.0,52518.0,52520.0,52522.0,52525.0,52532.0,52536.0,52537.0,52537.0,52540.0,52541.0,52542.0,52545.0,52547.0,52549.0,52552.0,52556.0,52557.0,52562.0,52562.0,52566.0,52567.0,52569.0,52574.0,52577.0,52581.0,52584.0,52586.0,52591.0,52592.0,52596.0,52598.0,52599.0,52603.0,52607.0,52613.0,52616.0,52618.0,52620.0,52621.0,52623.0,52627.0,52628.0,52629.0,52630.0,52631.0,52632.0,52636.0,52636.0,52642.0,52645.0,52648.0,52650.0,52651.0,52652.0,52653.0,52654.0,52657.0,52659.0,52662.0,52664.0,52664.0,52669.0,52678.0,52690.0,52694.0,52697.0,52699.0,52702.0,52703.0,52704.0,52706.0,52709.0,52713.0,52716.0,52718.0,52724.0,52728.0,52730.0,52730.0,52732.0,52732.0,52733.0,52736.0,52742.0,52742.0,52746.0,52748.0,52750.0,52753.0,52755.0,52757.0,52757.0,52758.0,52759.0,,,,,,,,,52787.0,52792.0,52798.0,52800.0,52803.0,52805.0,52806.0,52814.0,52817.0,52820.0,52822.0,52825.0,52826.0,52828.0,52832.0,52834.0,52838.0,52843.0,52844.0,52845.0,52848.0,52855.0,52857.0,52859.0,52863.0,52864.0,52866.0,52868.0,52873.0,52877.0,52880.0,52883.0,52884.0,52884.0,52888.0,52894.0,52897.0,52899.0,52900.0,52903.0,52909.0,52909.0,52914.0,52918.0,52921.0,52927.0,52938.0,52948.0,52958.0,52966.0,52970.0,52972.0,52975.0,52976.0,52978.0,52978.0,52978.0,52979.0,52985.0,52988.0,52990.0,52990.0,52991.0,52993.0,52997.0,53004.0,53010.0,53013.0,53014.0,53018.0,53020.0,53021
ipW7uajxlyg,167988.0,168090.0,168218.0,168327.0,168466.0,168632.0,168786.0,168949.0,169102.0,169235.0,169380.0,169567.0,169769.0,169968.0,170131.0,170297.0,170457.0,170533.0,170675.0,170854.0,170998.0,171101.0,171229.0,171346.0,171444.0,171569.0,171698.0,171810.0,171990.0,172142.0,172280.0,172361.0,172451.0,172578.0,172708.0,172864.0,172996.0,173125.0,173219.0,173357.0,173463.0,173598.0,173709.0,173831.0,174000.0,174102.0,174210.0,174367.0,174494.0,174602.0,174747.0,174836.0,174921.0,175011.0,175124.0,175248.0,175344.0,175466.0,175588.0,175706.0,175810.0,175945.0,176089.0,176233.0,176346.0,176456.0,176553.0,176666.0,176751.0,176927.0,177049.0,177137.0,177222.0,177289.0,177420.0,177494.0,177612.0,177761.0,177877.0,177957.0,178034.0,178173.0,178278.0,178408.0,178521.0,178634.0,178721.0,178793.0,178904.0,178971.0,179102.0,179199.0,179341.0,179471.0,179554.0,179670.0,179785.0,179895.0,180054.0,180170.0,180264.0,180366.0,180487.0,180643.0,180749.0,180854.0,180955.0,181050.0,181154.0,181286.0,181386.0,181499.0,181594.0,181739.0,181841.0,181927.0,182018.0,182169.0,182320.0,182447.0,182532.0,182621.0,182697.0,182800.0,182890.0,182990.0,183111.0,183216.0,183336.0,183394.0,183514.0,183617.0,183748.0,183856.0,,,,,,,,,184832.0,184911.0,184999.0,185104.0,185202.0,185327.0,185423.0,185505.0,185603.0,185691.0,185810.0,185914.0,186020.0,186147.0,186235.0,186343.0,186472.0,186566.0,186669.0,186764.0,186848.0,186905.0,186971.0,187050.0,187141.0,187233.0,187314.0,187384.0,187446.0,187510.0,187572.0,187641.0,187731.0,187798.0,187886.0,187963.0,188007.0,188083.0,188162.0,188236.0,188306.0,188392.0,188444.0,188502.0,188586.0,188656.0,188719.0,188789.0,188868.0,188927.0,188997.0,189074.0,189144.0,189261.0,189342.0,189429.0,189516.0,189574.0,189639.0,189721.0,189781.0,189834.0,189906.0,189960.0,190018.0,190093.0,190175.0,190245.0,190294.0,190363.0,190431.0,190486
ROitqG0lT7E,216357.0,216561.0,216812.0,217061.0,217340.0,217618.0,217896.0,218127.0,218405.0,218645.0,218927.0,219299.0,219600.0,219857.0,220140.0,220403.0,220628.0,220875.0,221133.0,221426.0,221694.0,221953.0,222165.0,222365.0,222530.0,222737.0,222981.0,223176.0,223437.0,223640.0,223840.0,223975.0,224179.0,224375.0,224606.0,224889.0,225145.0,225352.0,225524.0,225730.0,225906.0,226130.0,226315.0,226542.0,226749.0,226899.0,227101.0,227332.0,227512.0,227733.0,227979.0,228161.0,228297.0,228475.0,228673.0,228827.0,228941.0,229207.0,229336.0,229466.0,229637.0,229802.0,229998.0,230239.0,230624.0,230857.0,231047.0,231337.0,231588.0,231878.0,232131.0,232300.0,232487.0,232638.0,232846.0,233035.0,233246.0,233469.0,233748.0,233939.0,234124.0,234383.0,234623.0,234872.0,235105.0,235314.0,235479.0,235636.0,235802.0,236007.0,236226.0,236504.0,236734.0,236955.0,237098.0,237352.0,237589.0,237711.0,237963.0,238200.0,238348.0,238476.0,238646.0,238838.0,239036.0,239224.0,239432.0,239557.0,239694.0,239870.0,240021.0,240197.0,240381.0,240623.0,240933.0,241261.0,242364.0,244926.0,249217.0,253147.0,256675.0,259288.0,262203.0,264894.0,267516.0,270026.0,271357.0,272311.0,273075.0,273584.0,274175.0,274613.0,275083.0,275457.0,,,,,,,,,277301.0,277407.0,277563.0,277715.0,277959.0,278179.0,278387.0,278502.0,278707.0,278938.0,279204.0,279499.0,279857.0,280205.0,280453.0,280645.0,280905.0,281245.0,281516.0,281740.0,281921.0,282049.0,282217.0,282373.0,282517.0,282670.0,282811.0,282964.0,283138.0,283237.0,283402.0,283565.0,283757.0,283880.0,284028.0,284140.0,284244.0,284377.0,284528.0,284683.0,284870.0,285042.0,285196.0,285303.0,285484.0,285644.0,285781.0,285965.0,286163.0,286300.0,286411.0,286577.0,286769.0,286951.0,287146.0,287340.0,287490.0,287591.0,287759.0,287955.0,288099.0,288200.0,288354.0,288454.0,288577.0,288729.0,288869.0,289037.0,289146.0,289273.0,289396.0,289540
K4RziOKBGbg,129152.0,129161.0,129169.0,129177.0,129191.0,129196.0,129206.0,129210.0,129215.0,129224.0,129236.0,129245.0,129252.0,129260.0,129270.0,129279.0,129285.0,129290.0,129300.0,129307.0,129315.0,129320.0,129331.0,129338.0,129343.0,129349.0,129359.0,129361.0,129365.0,129371.0,129376.0,129380.0,129387.0,129391.0,129399.0,129407.0,129416.0,129421.0,129426.0,129430.0,129440.0,129453.0,129457.0,129466.0,129468.0,129472.0,129477.0,129483.0,129490.0,129504.0,129510.0,129520.0,129524.0,129534.0,129542.0,129547.0,129550.0,129559.0,129561.0,129566.0,129573.0,129584.0,129590.0,129601.0,129615.0,129622.0,129632.0,129640.0,129650.0,129660.0,129670.0,129677.0,129684.0,129691.0,129698.0,129705.0,129708.0,129723.0,129733.0,129742.0,129751.0,129759.0,129771.0,129782.0,129789.0,129798.0,129809.0,129814.0,129820.0,129833.0,129839.0,129843.0,129850.0,129854.0,129857.0,129863.0,129870.0,129876.0,129884.0,129889.0,129894.0,129898.0,129903.0,129910.0,129914.0,129916.0,129923.0,129925.0,129932.0,129936.0,129940.0,129943.0,129948.0,129956.0,129962.0,129978.0,129983.0,129988.0,129992.0,130001.0,130008.0,130012.0,130018.0,130023.0,130027.0,130030.0,130033.0,130038.0,130042.0,130047.0,130051.0,130058.0,130059.0,130064.0,,,,,,,,,130108.0,130117.0,130126.0,130128.0,130132.0,130139.0,130147.0,130153.0,130157.0,130163.0,130165.0,130172.0,130183.0,130189.0,130201.0,130209.0,130214.0,130221.0,130229.0,130234.0,130239.0,130243.0,130248.0,130252.0,130256.0,130260.0,130267.0,130275.0,130284.0,130294.0,130300.0,130303.0,130312.0,130319.0,130321.0,130329.0,130334.0,130336.0,130342.0,130348.0,130353.0,130355.0,130363.0,130364.0,130371.0,130374.0,130383.0,130388.0,130394.0,130399.0,130403.0,130410.0,130418.0,130424.0,130427.0,130431.0,130439.0,130441.0,130446.0,130451.0,130453.0,130458.0,130462.0,130464.0,130475.0,130484.0,130490.0,130501.0,130511.0,130515.0,130522.0,130530
a9NZ-pIoFts,3793568.0,3793568.0,3793568.0,3793568.0,3793571.0,3793572.0,3793576.0,3793577.0,3793577.0,3793578.0,3793583.0,3793584.0,3793585.0,3793589.0,3793592.0,3793594.0,3793594.0,3793596.0,3793596.0,3793596.0,3793598.0,3793601.0,3793603.0,3793603.0,3793603.0,3793603.0,3793607.0,3793608.0,3793609.0,3793609.0,3793609.0,3793611.0,3793612.0,3793613.0,3793615.0,3793617.0,3793618.0,3793620.0,3793623.0,3793623.0,3793624.0,3793624.0,3793629.0,3793630.0,3793630.0,3793631.0,3793632.0,3793633.0,3793634.0,3793634.0,3793635.0,3793636.0,3793640.0,3793643.0,3793643.0,3793646.0,3793646.0,3793648.0,3793650.0,3793652.0,3793653.0,3793653.0,3793654.0,3793657.0,3793658.0,3793660.0,3793664.0,3793666.0,3793667.0,3793670.0,3793670.0,3793671.0,3793672.0,3793676.0,3793677.0,3793677.0,3793678.0,3793678.0,3793680.0,3793685.0,3793687.0,3793690.0,3793693.0,3793697.0,3793701.0,3793707.0,3793708.0,3793709.0,3793711.0,3793711.0,3793713.0,3793714.0,3793716.0,3793718.0,3793718.0,3793723.0,3793724.0,3793725.0,3793729.0,3793734.0,3793737.0,3793740.0,3793741.0,3793743.0,3793743.0,3793744.0,3793747.0,3793752.0,3793753.0,3793757.0,3793762.0,3793762.0,3793763.0,3793763.0,3793768.0,3793776.0,3793779.0,3793780.0,3793782.0,3793783.0,3793783.0,3793783.0,3793784.0,3793788.0,3793790.0,3793790.0,3793793.0,3793796.0,3793799.0,3793800.0,3793803.0,3793807.0,3793809.0,3793811.0,,,,,,,,,3793827.0,3793832.0,3793837.0,3793840.0,3793843.0,3793845.0,3793849.0,3793847.0,3793847.0,3793849.0,3793855.0,3793854.0,3793859.0,3793858.0,3793861.0,3793862.0,3793863.0,3793864.0,3793866.0,3793870.0,3793872.0,3793873.0,3793877.0,3793878.0,3793879.0,3793881.0,3793881.0,3793882.0,3793885.0,3793888.0,3793888.0,3793891.0,3793895.0,3793898.0,3793902.0,3793903.0,3793902.0,3793905.0,3793906.0,3793908.0,3793908.0,3793907.0,3793908.0,3793910.0,3793911.0,3793915.0,3793919.0,3793921.0,3793923.0,3793924.0,3793924.0,3793925.0,3793925.0,3793926.0,3793927.0,3793928.0,3793929.0,3793929.0,3793930.0,3793930.0,3793931.0,3793934.0,3793935.0,3793939.0,3793940.0,3793942.0,3793942.0,3793944.0,3793946.0,3793948.0,3793951.0,3793954
vJvX9L6FCWI,61801055.0,61805082.0,61809436.0,61813720.0,61817768.0,61821729.0,61825772.0,61830122.0,61835047.0,61839924.0,61844290.0,61848544.0,61853152.0,61857478.0,61862252.0,61866988.0,61871495.0,61875495.0,61879425.0,61883518.0,61888049.0,61893153.0,61898486.0,61902844.0,61907138.0,61911355.0,61916184.0,61920809.0,61924926.0,61929075.0,61933616.0,61938140.0,61942122.0,61946348.0,61950837.0,61955596.0,61960733.0,61965047.0,61969122.0,61973365.0,61977729.0,61981785.0,61985956.0,61990316.0,61994600.0,61998735.0,62002860.0,62007421.0,62012023.0,62016377.0,62020886.0,62025605.0,62029856.0,62034122.0,62039404.0,62043748.0,62047766.0,62052292.0,62056863.0,62061290.0,62066312.0,62071426.0,62076619.0,62081540.0,62086545.0,62090850.0,62095183.0,62099733.0,62104015.0,62109466.0,62113565.0,62117302.0,62121561.0,62125658.0,62129919.0,62134148.0,62138384.0,62142919.0,62147203.0,62151428.0,62155747.0,62160335.0,62164881.0,62170651.0,62176191.0,62181637.0,62186688.0,62191825.0,62196728.0,62201428.0,62206285.0,62211083.0,62216124.0,62221270.0,62226382.0,62231081.0,62235654.0,62240099.0,62244672.0,62249440.0,62254106.0,62258886.0,62263659.0,62268120.0,62272763.0,62277246.0,62281653.0,62286224.0,62290749.0,62295497.0,62300062.0,62304872.0,62309675.0,62314427.0,62318810.0,62322960.0,62327103.0,62331407.0,62335783.0,62340168.0,62344428.0,62348551.0,62352556.0,62356462.0,62360819.0,62365050.0,62369110.0,62373422.0,62377747.0,62381936.0,62385791.0,62389714.0,62393651.0,62398230.0,,,,,,,,,62437031.0,62441544.0,62446410.0,62451427.0,62456264.0,62462378.0,62468685.0,62475294.0,62481661.0,62487125.0,62492446.0,62497760.0,62504327.0,62511239.0,62518179.0,62524171.0,62528891.0,62533723.0,62538361.0,62542352.0,62546370.0,62550436.0,62554267.0,62558023.0,62561781.0,62565561.0,62569526.0,62573838.0,62578017.0,62582325.0,62586787.0,62591202.0,62595959.0,62601034.0,62606095.0,62611199.0,62616114.0,62621426.0,62627114.0,62632639.0,62637980.0,62643181.0,62648139.0,62652800.0,62657610.0,62662544.0,62667167.0,62671928.0,62676746.0,62681433.0,62685675.0,62690344.0,62694976.0,62699653.0,62704442.0,62709363.0,62713824.0,62718184.0,62722797.0,62727493.0,62732225.0,62736468.0,62740667.0,62744948.0,62749070.0,62753566.0,62758233.0,62762891.0,62766978.0,62770973.0,62775597.0,62779916
0xVRBbxQhyQ,724962.0,725022.0,725080.0,725125.0,725165.0,725245.0,725295.0,725348.0,725392.0,725466.0,725525.0,725580.0,725636.0,725699.0,725764.0,725831.0,725895.0,725955.0,725998.0,726067.0,726107.0,726170.0,726227.0,726276.0,726314.0,726353.0,726411.0,726481.0,726545.0,726605.0,726671.0,726734.0,726785.0,726829.0,726879.0,726943.0,727008.0,727060.0,727108.0,727149.0,727199.0,727257.0,727315.0,727378.0,727443.0,727501.0,727571.0,727665.0,727726.0,727800.0,727879.0,727963.0,728028.0,728086.0,728150.0,728216.0,728275.0,728335.0,728385.0,728430.0,728478.0,728555.0,728604.0,728684.0,728808.0,728904.0,728994.0,729088.0,729159.0,729255.0,729342.0,729425.0,729517.0,729625.0,729712.0,729787.0,729865.0,729944.0,730012.0,730087.0,730190.0,730282.0,730397.0,730555.0,730671.0,730786.0,730886.0,730986.0,731077.0,731150.0,731204.0,731281.0,731350.0,731437.0,731509.0,731578.0,731653.0,731725.0,731792.0,731876.0,731936.0,732021.0,732090.0,732166.0,732229.0,732320.0,732395.0,732487.0,732547.0,732630.0,732687.0,732776.0,732851.0,732909.0,732964.0,733024.0,733084.0,733137.0,733197.0,733255.0,733299.0,733361.0,733421.0,733472.0,733530.0,733584.0,733651.0,733716.0,733764.0,733819.0,733886.0,733959.0,734018.0,734070.0,,,,,,,,,734528.0,734575.0,734630.0,734693.0,734763.0,734833.0,734916.0,735008.0,735068.0,735124.0,735200.0,735275.0,735358.0,735427.0,735519.0,735589.0,735661.0,735719.0,735790.0,735844.0,735897.0,735963.0,736051.0,736095.0,736109.0,736159.0,736202.0,736249.0,736285.0,736326.0,736378.0,736413.0,736465.0,736515.0,736552.0,736585.0,736619.0,736668.0,736738.0,736804.0,736857.0,736911.0,736954.0,737029.0,737095.0,737148.0,737201.0,737258.0,737303.0,737357.0,737396.0,737433.0,737491.0,737548.0,737584.0,737632.0,737681.0,737750.0,737781.0,737812.0,737857.0,737916.0,737956.0,737994.0,738033.0,738073.0,738105.0,738140.0,738174.0,738210.0,738250.0,738289
15riHCY095k,6345.0,6345.0,6346.0,6346.0,6346.0,6347.0,6352.0,6355.0,6356.0,6362.0,6363.0,6363.0,6372.0,6380.0,6381.0,6386.0,6387.0,6387.0,6389.0,6389.0,6391.0,6392.0,6393.0,6393.0,6394.0,6394.0,6394.0,6394.0,6398.0,6398.0,6398.0,6400.0,6400.0,6400.0,6400.0,6404.0,6404.0,6404.0,6404.0,6405.0,6406.0,6406.0,6406.0,6406.0,6407.0,6408.0,6408.0,6408.0,6409.0,6428.0,6431.0,6432.0,6432.0,6432.0,6432.0,6432.0,6436.0,6437.0,6440.0,6440.0,6448.0,6450.0,6450.0,6461.0,6463.0,6463.0,6465.0,6466.0,6466.0,6467.0,6472.0,6481.0,6487.0,6487.0,6488.0,6488.0,6488.0,6490.0,6490.0,6490.0,6490.0,6490.0,6490.0,6491.0,6491.0,6491.0,6491.0,6491.0,6491.0,6491.0,6491.0,6492.0,6492.0,6492.0,6492.0,6492.0,6492.0,6492.0,6492.0,6492.0,6492.0,6493.0,6494.0,6495.0,6495.0,6495.0,6495.0,6495.0,6495.0,6495.0,6495.0,6496.0,6496.0,6496.0,6496.0,6496.0,6496.0,6496.0,6496.0,6496.0,6496.0,6496.0,6496.0,6496.0,6496.0,6497.0,6497.0,6497.0,6497.0,6498.0,6498.0,6500.0,6500.0,6500.0,,,,,,,,,6504.0,6504.0,6504.0,6504.0,6504.0,6504.0,6504.0,6504.0,6504.0,6504.0,6505.0,6505.0,6505.0,6505.0,6505.0,6506.0,6506.0,6506.0,6506.0,6506.0,6506.0,6506.0,6507.0,6507.0,6507.0,6508.0,6508.0,6509.0,6509.0,6510.0,6511.0,6511.0,6511.0,6513.0,6516.0,6516.0,6516.0,6516.0,6518.0,6518.0,6519.0,6518.0,6519.0,6519.0,6519.0,6520.0,6520.0,6520.0,6520.0,6520.0,6520.0,6521.0,6521.0,6521.0,6521.0,6521.0,6521.0,6521.0,6521.0,6523.0,6523.0,6523.0,6523.0,6523.0,6523.0,6524.0,6526.0,6526.0,6526.0,6526.0,6526.0,6529
8g45MRPkvmg,88421.0,88436.0,88458.0,88502.0,88524.0,88548.0,88579.0,88610.0,88628.0,88652.0,88690.0,88716.0,88764.0,88789.0,88825.0,88842.0,88865.0,88890.0,88914.0,88951.0,88979.0,88993.0,89023.0,89056.0,89077.0,89095.0,89123.0,89144.0,89167.0,89213.0,89249.0,89299.0,89324.0,89348.0,89391.0,89425.0,89471.0,89523.0,89556.0,89595.0,89633.0,89678.0,89735.0,89776.0,89809.0,89854.0,89878.0,89919.0,89962.0,89986.0,90028.0,90077.0,90116.0,90148.0,90188.0,90220.0,90249.0,90271.0,90299.0,90343.0,90378.0,90417.0,90446.0,90481.0,90505.0,90546.0,90584.0,90634.0,90662.0,90713.0,90750.0,90787.0,90828.0,90863.0,90892.0,90921.0,90955.0,90988.0,91019.0,91057.0,91086.0,91125.0,91156.0,91192.0,91219.0,91264.0,91297.0,91328.0,91364.0,91401.0,91441.0,91469.0,91508.0,91531.0,91559.0,91578.0,91608.0,91641.0,91670.0,91710.0,91728.0,91758.0,91783.0,91833.0,91863.0,91888.0,91916.0,91948.0,91972.0,92005.0,92031.0,92077.0,92114.0,92131.0,92158.0,92189.0,92208.0,92229.0,92254.0,92280.0,92304.0,92319.0,92345.0,92372.0,92400.0,92424.0,92465.0,92488.0,92509.0,92540.0,92555.0,92588.0,92605.0,92636.0,,,,,,,,,92835.0,92868.0,92892.0,92905.0,92928.0,92940.0,92969.0,92989.0,93020.0,93042.0,93060.0,93079.0,93107.0,93127.0,93152.0,93163.0,93195.0,93226.0,93256.0,93277.0,93305.0,93325.0,93347.0,93371.0,93390.0,93418.0,93448.0,93469.0,93489.0,93516.0,93554.0,93582.0,93626.0,93666.0,93694.0,93715.0,93742.0,93761.0,93795.0,93821.0,93841.0,93864.0,93891.0,93925.0,93956.0,93990.0,94025.0,94038.0,94064.0,94083.0,94111.0,94124.0,94148.0,94169.0,94189.0,94208.0,94233.0,94257.0,94283.0,94303.0,94321.0,94352.0,94380.0,94403.0,94420.0,94444.0,94479.0,94513.0,94540.0,94579.0,94613.0,94643
Mp9sqiErwP8,7255.0,7257.0,7257.0,7259.0,7259.0,7259.0,7259.0,7260.0,7260.0,7260.0,7260.0,7261.0,7261.0,7262.0,7263.0,7265.0,7265.0,7266.0,7266.0,7266.0,7269.0,7269.0,7270.0,7270.0,7270.0,7270.0,7270.0,7272.0,7272.0,7272.0,7273.0,7273.0,7273.0,7275.0,7276.0,7277.0,7278.0,7278.0,7280.0,7281.0,7281.0,7281.0,7280.0,7280.0,7281.0,7282.0,7286.0,7286.0,7287.0,7288.0,7288.0,7288.0,7288.0,7288.0,7289.0,7289.0,7289.0,7289.0,7290.0,7290.0,7292.0,7293.0,7295.0,7296.0,7297.0,7297.0,7297.0,7299.0,7299.0,7299.0,7299.0,7299.0,7299.0,7299.0,7300.0,7301.0,7301.0,7302.0,7303.0,7303.0,7303.0,7303.0,7303.0,7303.0,7304.0,7305.0,7305.0,7306.0,7306.0,7307.0,7308.0,7309.0,7310.0,7310.0,7312.0,7312.0,7312.0,7312.0,7313.0,7313.0,7313.0,7313.0,7313.0,7313.0,7313.0,7313.0,7314.0,7314.0,7320.0,7320.0,7330.0,7330.0,7336.0,7343.0,7345.0,7350.0,7352.0,7353.0,7357.0,7359.0,7361.0,7364.0,7370.0,7381.0,7387.0,7392.0,7393.0,7396.0,7397.0,7400.0,7406.0,7412.0,7412.0,7412.0,,,,,,,,,7427.0,7429.0,7430.0,7435.0,7436.0,7436.0,7440.0,7444.0,7445.0,7447.0,7448.0,7448.0,7449.0,7450.0,7451.0,7453.0,7453.0,7454.0,7458.0,7461.0,7464.0,7465.0,7465.0,7467.0,7468.0,7468.0,7469.0,7471.0,7471.0,7473.0,7475.0,7476.0,7479.0,7480.0,7481.0,7481.0,7483.0,7484.0,7484.0,7484.0,7484.0,7483.0,7483.0,7483.0,7483.0,7484.0,7484.0,7484.0,7484.0,7484.0,7484.0,7484.0,7484.0,7484.0,7484.0,7484.0,7484.0,7486.0,7486.0,7486.0,7486.0,7487.0,7487.0,7488.0,7490.0,7490.0,7491.0,7493.0,7493.0,7493.0,7493.0,7495
C9-I2xIEc5I,346989.0,347049.0,347129.0,347196.0,347288.0,347353.0,347460.0,347573.0,347672.0,347788.0,347873.0,347944.0,348028.0,348120.0,348259.0,348393.0,348510.0,348608.0,348692.0,348781.0,348893.0,349002.0,349136.0,349250.0,349334.0,349411.0,349541.0,349662.0,349742.0,349849.0,349921.0,350012.0,350106.0,350180.0,350256.0,350331.0,350450.0,350531.0,350667.0,350767.0,350861.0,350965.0,351061.0,351202.0,351279.0,351373.0,351476.0,351568.0,351668.0,351738.0,351816.0,351901.0,351989.0,352103.0,352293.0,352494.0,352674.0,352810.0,352973.0,353075.0,353174.0,353255.0,353348.0,353487.0,353612.0,353726.0,353829.0,353943.0,354068.0,354217.0,354357.0,354466.0,354550.0,354631.0,354726.0,354797.0,354883.0,354969.0,355087.0,355182.0,355241.0,355372.0,355453.0,355547.0,355686.0,355804.0,355933.0,356016.0,356100.0,356177.0,356263.0,356347.0,356454.0,356572.0,356659.0,356783.0,356892.0,357019.0,357137.0,357275.0,357418.0,357517.0,357645.0,357796.0,357917.0,358047.0,358162.0,358267.0,358364.0,358483.0,358595.0,358720.0,358823.0,358941.0,359028.0,359137.0,359227.0,359349.0,359428.0,359536.0,359649.0,359724.0,359822.0,359882.0,359937.0,360014.0,360095.0,360165.0,360249.0,360322.0,360443.0,360521.0,360613.0,360722.0,,,,,,,,,361490.0,361556.0,361613.0,361688.0,361759.0,361802.0,361855.0,361919.0,361975.0,362030.0,362081.0,362169.0,362290.0,362362.0,362436.0,362493.0,362587.0,362669.0,362742.0,362836.0,362898.0,362979.0,363048.0,363134.0,363202.0,363256.0,363329.0,363406.0,363468.0,363536.0,363601.0,363685.0,363736.0,363825.0,363887.0,363956.0,364009.0,364099.0,364165.0,364223.0,364306.0,364371.0,364433.0,364484.0,364567.0,364634.0,364697.0,364791.0,364860.0,364927.0,364971.0,365036.0,365082.0,365136.0,365194.0,365250.0,365295.0,365344.0,365403.0,365441.0,365493.0,365526.0,365558.0,365599.0,365637.0,365669.0,365716.0,365767.0,365817.0,365865.0,365912.0,365937
-9y0MLeJJuk,132995.0,132998.0,132998.0,132998.0,133001.0,133008.0,133012.0,133014.0,133018.0,133020.0,133024.0,133027.0,133033.0,133033.0,133033.0,133035.0,133038.0,133040.0,133045.0,133047.0,133049.0,133050.0,133053.0,133058.0,133062.0,133062.0,133064.0,133065.0,133066.0,133069.0,133074.0,133075.0,133078.0,133080.0,133082.0,133082.0,133084.0,133086.0,133088.0,133093.0,133096.0,133098.0,133099.0,133103.0,133107.0,133110.0,133111.0,133119.0,133121.0,133124.0,133128.0,133127.0,133136.0,133141.0,133144.0,133147.0,133150.0,133158.0,133168.0,133177.0,133188.0,133201.0,133212.0,133221.0,133228.0,133239.0,133256.0,133261.0,133269.0,133282.0,133288.0,133295.0,133301.0,133308.0,133314.0,133317.0,133324.0,133326.0,133335.0,133344.0,133347.0,133353.0,133356.0,133359.0,133362.0,133367.0,133371.0,133375.0,133378.0,133380.0,133383.0,133385.0,133388.0,133389.0,133393.0,133398.0,133401.0,133404.0,133410.0,133414.0,133416.0,133421.0,133423.0,133423.0,133424.0,133431.0,133434.0,133435.0,133440.0,133444.0,133446.0,133450.0,133453.0,133454.0,133456.0,133458.0,133462.0,133466.0,133471.0,133476.0,133483.0,133485.0,133489.0,133494.0,133497.0,133500.0,133507.0,133512.0,133513.0,133516.0,133518.0,133522.0,133524.0,133525.0,,,,,,,,,133551.0,133557.0,133558.0,133562.0,133567.0,133574.0,133577.0,133580.0,133590.0,133593.0,133600.0,133606.0,133610.0,133617.0,133625.0,133630.0,133635.0,133644.0,133652.0,133651.0,133657.0,133665.0,133670.0,133672.0,133685.0,133692.0,133704.0,133713.0,133724.0,133733.0,133738.0,133745.0,133749.0,133754.0,133758.0,133762.0,133767.0,133770.0,133778.0,133780.0,133787.0,133789.0,133801.0,133806.0,133809.0,133816.0,133825.0,133833.0,133840.0,133847.0,133854.0,133860.0,133862.0,133868.0,133870.0,133873.0,133876.0,133877.0,133881.0,133884.0,133892.0,133900.0,133904.0,133913.0,133920.0,133926.0,133928.0,133930.0,133932.0,133939.0,133942.0,133943
kzn7raHOac8,75490.0,75501.0,75510.0,75528.0,75538.0,75554.0,75571.0,75586.0,75602.0,75615.0,75626.0,75644.0,75651.0,75657.0,75669.0,75683.0,75703.0,75716.0,75732.0,75756.0,75775.0,75788.0,75800.0,75810.0,75826.0,75838.0,75852.0,75865.0,75877.0,75895.0,75902.0,75925.0,75940.0,75956.0,75966.0,75978.0,75996.0,76013.0,76026.0,76035.0,76050.0,76059.0,76071.0,76093.0,76112.0,76121.0,76126.0,76133.0,76145.0,76168.0,76184.0,76190.0,76195.0,76204.0,76216.0,76225.0,76234.0,76245.0,76251.0,76257.0,76263.0,76278.0,76290.0,76298.0,76309.0,76321.0,76329.0,76333.0,76337.0,76343.0,76359.0,76369.0,76378.0,76389.0,76402.0,76407.0,76415.0,76431.0,76445.0,76462.0,76472.0,76478.0,76486.0,76499.0,76513.0,76525.0,76538.0,76546.0,76558.0,76567.0,76583.0,76590.0,76605.0,76613.0,76623.0,76632.0,76641.0,76645.0,76660.0,76669.0,76675.0,76687.0,76694.0,76706.0,76715.0,76727.0,76737.0,76750.0,76760.0,76779.0,76792.0,76802.0,76817.0,76829.0,76839.0,76846.0,76864.0,76869.0,76878.0,76889.0,76899.0,76904.0,76911.0,76919.0,76927.0,76933.0,76936.0,76944.0,76951.0,76961.0,76965.0,76978.0,76988.0,76994.0,,,,,,,,,77076.0,77082.0,77088.0,77097.0,77107.0,77119.0,77138.0,77152.0,77157.0,77170.0,77178.0,77189.0,77195.0,77201.0,77209.0,77216.0,77230.0,77235.0,77243.0,77248.0,77255.0,77258.0,77262.0,77270.0,77281.0,77298.0,77305.0,77321.0,77328.0,77334.0,77340.0,77345.0,77357.0,77363.0,77369.0,77381.0,77394.0,77414.0,77429.0,77440.0,77461.0,77487.0,77507.0,77527.0,77570.0,77599.0,77631.0,77656.0,77676.0,77692.0,77714.0,77732.0,77750.0,77765.0,77783.0,77800.0,77817.0,77832.0,77851.0,77868.0,77889.0,77912.0,77929.0,77945.0,77963.0,77982.0,78007.0,78024.0,78037.0,78048.0,78061.0,78081
oxA0US412-4,108657.0,108676.0,108692.0,108705.0,108719.0,108744.0,108774.0,108809.0,108842.0,108877.0,108907.0,108946.0,108975.0,108998.0,109026.0,109056.0,109102.0,109119.0,109147.0,109168.0,109192.0,109218.0,109238.0,109264.0,109296.0,109328.0,109348.0,109377.0,109404.0,109430.0,109474.0,109497.0,109524.0,109547.0,109572.0,109602.0,109635.0,109663.0,109688.0,109712.0,109736.0,109763.0,109781.0,109814.0,109840.0,109861.0,109885.0,109914.0,109940.0,109978.0,110020.0,110060.0,110090.0,110117.0,110146.0,110168.0,110186.0,110205.0,110230.0,110254.0,110277.0,110297.0,110326.0,110351.0,110390.0,110431.0,110456.0,110486.0,110502.0,110524.0,110540.0,110568.0,110598.0,110616.0,110628.0,110666.0,110694.0,110709.0,110736.0,110760.0,110798.0,110827.0,110864.0,110893.0,110912.0,110937.0,110960.0,110986.0,111009.0,111038.0,111070.0,111101.0,111120.0,111130.0,111144.0,111159.0,111182.0,111202.0,111225.0,111239.0,111254.0,111275.0,111289.0,111313.0,111337.0,111366.0,111385.0,111413.0,111435.0,111448.0,111470.0,111489.0,111514.0,111534.0,111557.0,111571.0,111598.0,111616.0,111640.0,111663.0,111682.0,111710.0,111731.0,111748.0,111773.0,111788.0,111803.0,111820.0,111833.0,111845.0,111851.0,111861.0,111878.0,111893.0,,,,,,,,,112059.0,112081.0,112101.0,112128.0,112151.0,112174.0,112183.0,112202.0,112218.0,112230.0,112241.0,112253.0,112263.0,112275.0,112294.0,112303.0,112315.0,112335.0,112339.0,112350.0,112355.0,112371.0,112386.0,112395.0,112402.0,112417.0,112430.0,112437.0,112444.0,112460.0,112473.0,112491.0,112506.0,112531.0,112542.0,112566.0,112588.0,112598.0,112611.0,112622.0,112639.0,112655.0,112676.0,112687.0,112707.0,112722.0,112741.0,112751.0,112765.0,112782.0,112799.0,112812.0,112821.0,112847.0,112864.0,112889.0,112901.0,112909.0,112918.0,112943.0,112953.0,112959.0,112975.0,112992.0,113000.0,113009.0,113028.0,113043.0,113044.0,113056.0,113067.0,113090
e-Bv6rIu-FY,1111422.0,1111423.0,1111424.0,1111427.0,1111431.0,1111434.0,1111440.0,1111441.0,1111448.0,1111453.0,1111454.0,1111456.0,1111458.0,1111464.0,1111469.0,1111471.0,1111474.0,1111479.0,1111483.0,1111485.0,1111489.0,1111492.0,1111494.0,1111494.0,1111498.0,1111499.0,1111499.0,1111502.0,1111504.0,1111505.0,1111506.0,1111506.0,1111508.0,1111511.0,1111516.0,1111517.0,1111518.0,1111519.0,1111522.0,1111524.0,1111526.0,1111528.0,1111528.0,1111531.0,1111531.0,1111533.0,1111535.0,1111536.0,1111539.0,1111540.0,1111541.0,1111542.0,1111546.0,1111546.0,1111550.0,1111551.0,1111554.0,1111557.0,1111559.0,1111561.0,1111563.0,1111565.0,1111566.0,1111568.0,1111568.0,1111571.0,1111575.0,1111579.0,1111579.0,1111582.0,1111585.0,1111588.0,1111596.0,1111599.0,1111601.0,1111602.0,1111604.0,1111604.0,1111606.0,1111608.0,1111610.0,1111610.0,1111615.0,1111622.0,1111627.0,1111630.0,1111631.0,1111635.0,1111638.0,1111641.0,1111641.0,1111641.0,1111642.0,1111646.0,1111649.0,1111650.0,1111652.0,1111654.0,1111657.0,1111658.0,1111660.0,1111662.0,1111665.0,1111668.0,1111675.0,1111676.0,1111677.0,1111679.0,1111683.0,1111684.0,1111688.0,1111688.0,1111689.0,1111690.0,1111691.0,1111692.0,1111692.0,1111696.0,1111698.0,1111699.0,1111700.0,1111702.0,1111705.0,1111716.0,1111720.0,1111724.0,1111730.0,1111733.0,1111736.0,1111740.0,1111745.0,1111752.0,1111752.0,1111754.0,,,,,,,,,1111783.0,1111786.0,1111791.0,1111793.0,1111794.0,1111797.0,1111799.0,1111800.0,1111802.0,1111805.0,1111806.0,1111808.0,1111810.0,1111811.0,1111812.0,1111818.0,1111821.0,1111826.0,1111831.0,1111834.0,1111834.0,1111834.0,1111834.0,1111842.0,1111843.0,1111843.0,1111847.0,1111849.0,1111849.0,1111851.0,1111854.0,1111857.0,1111857.0,1111860.0,1111863.0,1111867.0,1111871.0,1111876.0,1111876.0,1111877.0,1111878.0,1111881.0,1111881.0,1111882.0,1111883.0,1111887.0,1111889.0,1111891.0,1111891.0,1111892.0,1111897.0,1111899.0,1111900.0,1111905.0,1111907.0,1111908.0,1111910.0,1111911.0,1111912.0,1111912.0,1111916.0,1111919.0,1111922.0,1111922.0,1111926.0,1111929.0,1111932.0,1111937.0,1111940.0,1111941.0,1111943.0,1111946
TSO8rF8Bl7I,81218.0,81330.0,81411.0,81505.0,81603.0,81693.0,81798.0,81896.0,82002.0,82097.0,82197.0,82286.0,82381.0,82456.0,82553.0,82650.0,82740.0,82819.0,82916.0,83012.0,83108.0,83204.0,83265.0,83336.0,83395.0,83466.0,83527.0,83597.0,83683.0,83758.0,83846.0,83903.0,83998.0,84073.0,84143.0,84221.0,84323.0,84379.0,84427.0,84509.0,84556.0,84639.0,84701.0,84769.0,84827.0,84874.0,84931.0,84988.0,85047.0,85125.0,85190.0,85250.0,85319.0,85391.0,85452.0,85535.0,85607.0,85659.0,85718.0,85780.0,85852.0,85901.0,85966.0,86060.0,86143.0,86216.0,86272.0,86345.0,86386.0,86456.0,86524.0,86577.0,86639.0,86707.0,86757.0,86830.0,86898.0,86961.0,87035.0,87101.0,87174.0,87228.0,87268.0,87328.0,87405.0,87491.0,87546.0,87594.0,87642.0,87679.0,87729.0,87794.0,87861.0,87910.0,87951.0,88029.0,88091.0,88146.0,88202.0,88258.0,88293.0,88335.0,88380.0,88421.0,88491.0,88538.0,88595.0,88659.0,88715.0,88766.0,88814.0,88863.0,88924.0,89011.0,89064.0,89108.0,89141.0,89187.0,89264.0,89324.0,89387.0,89432.0,89474.0,89523.0,89578.0,89632.0,89693.0,89737.0,89784.0,89817.0,89864.0,89899.0,89941.0,89985.0,,,,,,,,,90601.0,90671.0,90738.0,90809.0,90899.0,91020.0,91145.0,91282.0,91414.0,91481.0,91554.0,91608.0,91661.0,91724.0,91799.0,91896.0,91957.0,91992.0,92037.0,92091.0,92139.0,92189.0,92243.0,92304.0,92355.0,92406.0,92473.0,92535.0,92601.0,92641.0,92700.0,92751.0,92789.0,92874.0,92936.0,92995.0,93054.0,93105.0,93162.0,93220.0,93287.0,93383.0,93462.0,93528.0,93624.0,93732.0,93823.0,93904.0,93985.0,94048.0,94118.0,94209.0,94290.0,94366.0,94433.0,94491.0,94536.0,94577.0,94628.0,94697.0,94743.0,94795.0,94857.0,94892.0,94932.0,94979.0,95030.0,95080.0,95127.0,95173.0,95216.0,95254
SX5uIl_XiYA,78250.0,78273.0,78306.0,78341.0,78381.0,78422.0,78458.0,78492.0,78529.0,78563.0,78602.0,78647.0,78679.0,78735.0,78770.0,78809.0,78847.0,78888.0,78929.0,78952.0,78999.0,79030.0,79074.0,79099.0,79149.0,79189.0,79226.0,79276.0,79320.0,79372.0,79417.0,79455.0,79481.0,79521.0,79563.0,79602.0,79630.0,79666.0,79696.0,79743.0,79775.0,79802.0,79840.0,79871.0,79906.0,79941.0,79971.0,80011.0,80043.0,80082.0,80124.0,80174.0,80205.0,80254.0,80300.0,80331.0,80366.0,80400.0,80457.0,80489.0,80530.0,80572.0,80632.0,80656.0,80685.0,80708.0,80741.0,80773.0,80807.0,80859.0,80907.0,80939.0,80963.0,80996.0,81021.0,81060.0,81093.0,81144.0,81195.0,81242.0,81281.0,81313.0,81387.0,81420.0,81453.0,81487.0,81520.0,81543.0,81587.0,81624.0,81658.0,81692.0,81717.0,81753.0,81782.0,81807.0,81838.0,81866.0,81893.0,81927.0,81961.0,81987.0,82017.0,82056.0,82074.0,82098.0,82123.0,82154.0,82190.0,82213.0,82239.0,82275.0,82302.0,82315.0,82336.0,82363.0,82412.0,82458.0,82510.0,82556.0,82587.0,82618.0,82643.0,82675.0,82708.0,82740.0,82769.0,82802.0,82826.0,82855.0,82877.0,82916.0,82946.0,82982.0,,,,,,,,,83252.0,83272.0,83319.0,83345.0,83374.0,83417.0,83444.0,83483.0,83515.0,83564.0,83614.0,83648.0,83694.0,83747.0,83781.0,83808.0,83845.0,83881.0,83913.0,83957.0,84002.0,84028.0,84055.0,84089.0,84142.0,84180.0,84217.0,84255.0,84283.0,84330.0,84383.0,84416.0,84458.0,84496.0,84525.0,84569.0,84618.0,84658.0,84695.0,84735.0,84779.0,84817.0,84860.0,84901.0,84942.0,84984.0,85022.0,85085.0,85136.0,85170.0,85209.0,85256.0,85302.0,85348.0,85407.0,85447.0,85482.0,85515.0,85546.0,85584.0,85621.0,85662.0,85711.0,85757.0,85790.0,85829.0,85860.0,85901.0,85934.0,85957.0,85979.0,86017
S1k4NVWf8Uk,105488.0,105492.0,105497.0,105510.0,105516.0,105528.0,105532.0,105541.0,105544.0,105551.0,105559.0,105566.0,105571.0,105577.0,105580.0,105584.0,105587.0,105593.0,105597.0,105607.0,105612.0,105617.0,105626.0,105632.0,105637.0,105643.0,105649.0,105652.0,105656.0,105662.0,105665.0,105673.0,105678.0,105679.0,105683.0,105684.0,105687.0,105696.0,105702.0,105705.0,105708.0,105711.0,105714.0,105717.0,105720.0,105721.0,105729.0,105733.0,105740.0,105744.0,105749.0,105754.0,105756.0,105762.0,105771.0,105774.0,105778.0,105783.0,105791.0,105792.0,105803.0,105808.0,105809.0,105813.0,105816.0,105819.0,105825.0,105826.0,105828.0,105829.0,105832.0,105837.0,105837.0,105847.0,105852.0,105855.0,105859.0,105863.0,105871.0,105878.0,105885.0,105887.0,105890.0,105891.0,105894.0,105901.0,105903.0,105908.0,105912.0,105917.0,105920.0,105925.0,105929.0,105936.0,105939.0,105940.0,105947.0,105952.0,105959.0,105961.0,105962.0,105964.0,105966.0,105970.0,105975.0,105979.0,105984.0,105988.0,105989.0,105990.0,105994.0,106001.0,106011.0,106016.0,106017.0,106018.0,106027.0,106030.0,106035.0,106036.0,106039.0,106039.0,106041.0,106044.0,106046.0,106049.0,106051.0,106052.0,106053.0,106058.0,106063.0,106068.0,106074.0,106075.0,,,,,,,,,106098.0,106103.0,106104.0,106108.0,106108.0,106111.0,106115.0,106125.0,106127.0,106132.0,106136.0,106142.0,106150.0,106159.0,106166.0,106171.0,106174.0,106180.0,106185.0,106188.0,106191.0,106194.0,106197.0,106197.0,106203.0,106207.0,106209.0,106212.0,106212.0,106216.0,106219.0,106221.0,106224.0,106228.0,106230.0,106232.0,106238.0,106242.0,106246.0,106251.0,106256.0,106264.0,106268.0,106270.0,106274.0,106277.0,106281.0,106287.0,106289.0,106292.0,106293.0,106297.0,106302.0,106307.0,106311.0,106318.0,106320.0,106324.0,106329.0,106338.0,106340.0,106343.0,106345.0,106350.0,106352.0,106356.0,106362.0,106363.0,106363.0,106369.0,106374.0,106380
wMaUJitVCFE,301.0,301.0,301.0,301.0,301.0,301.0,301.0,301.0,301.0,301.0,301.0,301.0,301.0,301.0,301.0,301.0,301.0,301.0,301.0,301.0,301.0,301.0,301.0,301.0,301.0,301.0,303.0,303.0,303.0,303.0,303.0,303.0,303.0,303.0,303.0,303.0,303.0,303.0,303.0,303.0,303.0,303.0,303.0,303.0,303.0,303.0,303.0,303.0,303.0,303.0,303.0,303.0,303.0,303.0,303.0,303.0,303.0,303.0,303.0,303.0,303.0,303.0,303.0,303.0,303.0,303.0,303.0,303.0,303.0,303.0,303.0,303.0,303.0,303.0,303.0,303.0,303.0,303.0,303.0,303.0,303.0,303.0,303.0,303.0,303.0,303.0,303.0,304.0,304.0,304.0,304.0,304.0,304.0,304.0,304.0,304.0,304.0,304.0,304.0,304.0,304.0,304.0,305.0,305.0,305.0,305.0,305.0,305.0,305.0,305.0,305.0,305.0,305.0,305.0,305.0,305.0,305.0,305.0,305.0,305.0,305.0,305.0,305.0,305.0,305.0,305.0,305.0,305.0,305.0,305.0,305.0,305.0,305.0,305.0,,,,,,,,,306.0,306.0,306.0,306.0,306.0,306.0,306.0,306.0,306.0,306.0,306.0,306.0,306.0,306.0,306.0,306.0,306.0,306.0,306.0,306.0,306.0,306.0,306.0,306.0,306.0,306.0,306.0,306.0,306.0,306.0,306.0,306.0,306.0,306.0,306.0,306.0,306.0,306.0,306.0,306.0,306.0,306.0,306.0,306.0,306.0,306.0,306.0,306.0,306.0,306.0,306.0,306.0,306.0,306.0,306.0,306.0,306.0,306.0,306.0,306.0,306.0,306.0,306.0,306.0,306.0,306.0,306.0,306.0,306.0,306.0,306.0,306
i12ebNONkfs,954.0,954.0,954.0,954.0,955.0,955.0,956.0,957.0,957.0,957.0,957.0,957.0,957.0,957.0,957.0,958.0,958.0,958.0,958.0,958.0,958.0,958.0,959.0,960.0,960.0,962.0,964.0,964.0,965.0,965.0,965.0,965.0,965.0,965.0,965.0,965.0,965.0,965.0,965.0,965.0,965.0,965.0,965.0,965.0,965.0,965.0,965.0,965.0,965.0,965.0,965.0,965.0,965.0,966.0,967.0,967.0,968.0,968.0,968.0,968.0,968.0,968.0,968.0,968.0,968.0,968.0,968.0,968.0,968.0,968.0,968.0,968.0,968.0,968.0,968.0,968.0,968.0,968.0,968.0,968.0,968.0,968.0,968.0,969.0,969.0,969.0,969.0,969.0,969.0,969.0,969.0,969.0,970.0,971.0,971.0,971.0,971.0,972.0,972.0,972.0,972.0,972.0,973.0,973.0,973.0,973.0,973.0,973.0,973.0,973.0,973.0,973.0,973.0,974.0,974.0,974.0,974.0,974.0,974.0,974.0,974.0,974.0,974.0,974.0,974.0,974.0,974.0,975.0,975.0,976.0,976.0,976.0,976.0,976.0,,,,,,,,,976.0,976.0,976.0,976.0,976.0,976.0,976.0,976.0,976.0,976.0,976.0,976.0,976.0,976.0,976.0,976.0,976.0,976.0,976.0,976.0,976.0,976.0,976.0,976.0,977.0,978.0,978.0,978.0,978.0,978.0,978.0,978.0,978.0,978.0,978.0,978.0,979.0,979.0,979.0,979.0,979.0,979.0,979.0,979.0,979.0,979.0,979.0,979.0,979.0,979.0,979.0,979.0,979.0,979.0,979.0,979.0,980.0,980.0,980.0,980.0,980.0,981.0,981.0,981.0,981.0,981.0,981.0,981.0,981.0,981.0,981.0,981
-MM8g_WjHtQ,1238.0,1238.0,1238.0,1239.0,1240.0,1240.0,1240.0,1240.0,1240.0,1240.0,1240.0,1241.0,1241.0,1241.0,1241.0,1241.0,1241.0,1241.0,1241.0,1241.0,1241.0,1241.0,1241.0,1241.0,1241.0,1241.0,1241.0,1241.0,1241.0,1241.0,1242.0,1242.0,1242.0,1242.0,1242.0,1242.0,1243.0,1243.0,1243.0,1243.0,1243.0,1243.0,1243.0,1243.0,1243.0,1243.0,1243.0,1243.0,1243.0,1243.0,1243.0,1243.0,1243.0,1243.0,1243.0,1243.0,1243.0,1244.0,1244.0,1244.0,1244.0,1244.0,1244.0,1244.0,1244.0,1244.0,1245.0,1245.0,1245.0,1245.0,1245.0,1245.0,1245.0,1245.0,1245.0,1245.0,1245.0,1245.0,1245.0,1245.0,1245.0,1245.0,1246.0,1246.0,1247.0,1247.0,1247.0,1247.0,1247.0,1247.0,1247.0,1247.0,1247.0,1247.0,1248.0,1248.0,1248.0,1248.0,1249.0,1249.0,1249.0,1249.0,1250.0,1250.0,1250.0,1250.0,1250.0,1250.0,1250.0,1250.0,1250.0,1250.0,1250.0,1250.0,1250.0,1250.0,1266.0,1267.0,1267.0,1267.0,1267.0,1267.0,1267.0,1267.0,1267.0,1267.0,1267.0,1267.0,1267.0,1267.0,1267.0,1267.0,1270.0,1270.0,,,,,,,,,1272.0,1272.0,1272.0,1274.0,1274.0,1274.0,1274.0,1274.0,1274.0,1274.0,1274.0,1274.0,1274.0,1274.0,1274.0,1274.0,1274.0,1274.0,1275.0,1275.0,1275.0,1275.0,1275.0,1275.0,1275.0,1275.0,1275.0,1275.0,1275.0,1275.0,1275.0,1275.0,1275.0,1275.0,1275.0,1275.0,1275.0,1275.0,1275.0,1275.0,1275.0,1276.0,1276.0,1277.0,1279.0,1279.0,1279.0,1278.0,1279.0,1279.0,1279.0,1279.0,1279.0,1279.0,1279.0,1279.0,1279.0,1279.0,1279.0,1279.0,1280.0,1280.0,1280.0,1280.0,1280.0,1280.0,1280.0,1280.0,1280.0,1280.0,1280.0,1280
o7--Ds0MtUM,3210931.0,3211074.0,3211196.0,3211334.0,3211487.0,3211627.0,3211775.0,3211950.0,3212100.0,3212319.0,3212512.0,3212687.0,3212883.0,3213049.0,3213234.0,3213432.0,3213605.0,3213752.0,3213915.0,3214097.0,3214230.0,3214409.0,3214601.0,3214743.0,3214933.0,3215087.0,3215264.0,3215431.0,3215622.0,3215793.0,3215932.0,3216047.0,3216215.0,3216371.0,3216518.0,3216704.0,3216880.0,3217023.0,3217187.0,3217368.0,3217564.0,3217730.0,3217887.0,3218061.0,3218228.0,3218375.0,3218508.0,3218653.0,3218818.0,3218987.0,3219153.0,3219365.0,3219482.0,3219669.0,3219850.0,3220018.0,3220204.0,3220395.0,3220564.0,3220725.0,3220913.0,3221092.0,3221268.0,3221506.0,3221621.0,3221823.0,3221981.0,3222130.0,3222294.0,3222503.0,3222703.0,3222867.0,3223046.0,3223166.0,3223307.0,3223476.0,3223639.0,3223807.0,3223982.0,3224125.0,3224325.0,3224564.0,3224795.0,3225017.0,3225231.0,3225435.0,3225628.0,3225784.0,3225977.0,3226195.0,3226384.0,3226577.0,3226797.0,3226989.0,3227103.0,3227275.0,3227443.0,3227623.0,3227819.0,3227967.0,3228129.0,3228293.0,3228456.0,3228624.0,3228753.0,3228955.0,3229109.0,3229370.0,3229514.0,3229712.0,3229916.0,3230160.0,3230381.0,3230543.0,3230756.0,3230931.0,3231110.0,3231345.0,3231514.0,3231708.0,3231897.0,3232141.0,3232335.0,3232574.0,3232875.0,3233150.0,3233498.0,3233785.0,3234086.0,3234325.0,3234616.0,3234849.0,3235089.0,3235331.0,,,,,,,,,3237408.0,3237609.0,3237839.0,3238067.0,3238355.0,3238670.0,3238963.0,3239285.0,3239622.0,3239975.0,3240344.0,3240679.0,3240996.0,3241265.0,3241554.0,3241864.0,3242245.0,3242602.0,3242884.0,3243127.0,3243305.0,3243512.0,3243670.0,3243843.0,3244027.0,3244194.0,3244388.0,3244570.0,3244742.0,3244921.0,3245072.0,3245258.0,3245465.0,3245629.0,3245791.0,3245961.0,3246095.0,3246269.0,3246427.0,3246595.0,3246779.0,3246971.0,3247112.0,3247279.0,3247441.0,3247609.0,3247790.0,3247939.0,3248119.0,3248286.0,3248447.0,3248643.0,3248802.0,3248972.0,3249134.0,3249271.0,3249397.0,3249543.0,3249654.0,3249793.0,3249939.0,3250085.0,3250225.0,3250383.0,3250535.0,3250672.0,3250858.0,3251001.0,3251104.0,3251231.0,3251331.0,3251462
vlfWFGI-Xcs,70136.0,70143.0,70154.0,70166.0,70177.0,70199.0,70217.0,70223.0,70234.0,70253.0,70268.0,70274.0,70292.0,70308.0,70317.0,70332.0,70349.0,70365.0,70380.0,70395.0,70410.0,70420.0,70435.0,70442.0,70447.0,70456.0,70465.0,70479.0,70493.0,70508.0,70522.0,70532.0,70540.0,70549.0,70558.0,70571.0,70585.0,70595.0,70603.0,70617.0,70625.0,70632.0,70640.0,70648.0,70653.0,70661.0,70667.0,70684.0,70699.0,70714.0,70718.0,70727.0,70730.0,70734.0,70748.0,70761.0,70780.0,70789.0,70800.0,70806.0,70812.0,70816.0,70828.0,70837.0,70843.0,70849.0,70857.0,70864.0,70870.0,70874.0,70885.0,70892.0,70901.0,70905.0,70909.0,70914.0,70920.0,70926.0,70927.0,70931.0,70938.0,70945.0,70948.0,70955.0,70965.0,70969.0,70977.0,70984.0,70986.0,70990.0,70995.0,70999.0,71004.0,71015.0,71023.0,71028.0,71030.0,71034.0,71038.0,71044.0,71048.0,71054.0,71058.0,71065.0,71068.0,71074.0,71080.0,71087.0,71094.0,71099.0,71107.0,71111.0,71122.0,71134.0,71136.0,71144.0,71147.0,71153.0,71161.0,71167.0,71178.0,71184.0,71189.0,71195.0,71202.0,71211.0,71217.0,71225.0,71241.0,71301.0,71312.0,71324.0,71336.0,71346.0,,,,,,,,,71436.0,71449.0,71454.0,71459.0,71469.0,71480.0,71495.0,71530.0,71558.0,71581.0,71604.0,71591.0,71602.0,71610.0,71631.0,71640.0,71652.0,71658.0,71666.0,71671.0,71687.0,71698.0,71705.0,71719.0,71721.0,71725.0,71733.0,71744.0,71752.0,71758.0,71759.0,71772.0,71777.0,71785.0,71801.0,71813.0,71826.0,71833.0,71842.0,71851.0,71859.0,71877.0,71887.0,71892.0,71900.0,71907.0,71918.0,71931.0,71945.0,71951.0,71970.0,71983.0,71994.0,72005.0,72015.0,72024.0,72035.0,72041.0,72048.0,72058.0,72066.0,72073.0,72085.0,72091.0,72100.0,72105.0,72121.0,72128.0,72133.0,72145.0,72151.0,72160
wyIjYo1LzMg,711757.0,711860.0,711978.0,712101.0,712259.0,712394.0,712522.0,712625.0,712759.0,712905.0,713039.0,713169.0,713294.0,713434.0,713545.0,713679.0,713798.0,713915.0,714020.0,714123.0,714203.0,714291.0,714410.0,714523.0,714623.0,714735.0,714825.0,714943.0,715057.0,715196.0,715315.0,715451.0,715594.0,715710.0,715856.0,715971.0,716092.0,716222.0,716359.0,716460.0,716580.0,716702.0,716824.0,716972.0,717084.0,717195.0,717331.0,717535.0,717683.0,717811.0,717976.0,718152.0,718293.0,718441.0,718563.0,718700.0,718819.0,718952.0,719088.0,719246.0,719363.0,719472.0,719610.0,719722.0,719845.0,719964.0,720117.0,720230.0,720334.0,720500.0,720647.0,720798.0,720943.0,721098.0,721228.0,721357.0,721464.0,721588.0,721705.0,721873.0,722021.0,722119.0,722263.0,722395.0,722505.0,722713.0,722840.0,722978.0,723129.0,723284.0,723437.0,723582.0,723716.0,723873.0,724037.0,724159.0,724290.0,724398.0,724518.0,724611.0,724745.0,724860.0,724997.0,725120.0,725243.0,725365.0,725499.0,725615.0,725707.0,725852.0,725992.0,726120.0,726247.0,726355.0,726473.0,726597.0,726728.0,726823.0,726951.0,727056.0,727147.0,727263.0,727398.0,727516.0,727675.0,727803.0,727926.0,728063.0,728160.0,728263.0,728375.0,728492.0,728606.0,728749.0,,,,,,,,,729792.0,729927.0,730032.0,730149.0,730261.0,730355.0,730427.0,730540.0,730639.0,730739.0,730852.0,730954.0,731040.0,731163.0,731249.0,731344.0,731428.0,731523.0,731627.0,731683.0,731812.0,731911.0,732007.0,732104.0,732194.0,732275.0,732348.0,732436.0,732544.0,732628.0,732741.0,732835.0,732934.0,733035.0,733132.0,733226.0,733322.0,733426.0,733563.0,733701.0,733807.0,733901.0,733977.0,734084.0,734196.0,734310.0,734433.0,734532.0,734641.0,734741.0,734851.0,734946.0,735082.0,735193.0,735294.0,735399.0,735486.0,735568.0,735660.0,735746.0,735841.0,735914.0,735992.0,736093.0,736194.0,736257.0,736355.0,736478.0,736570.0,736675.0,736773.0,736876
jYDG44dtPqs,2122079.0,2122258.0,2122434.0,2122675.0,2122876.0,2123150.0,2123401.0,2123615.0,2123834.0,2124040.0,2124224.0,2124473.0,2124689.0,2124910.0,2125100.0,2125334.0,2125539.0,2125747.0,2125974.0,2126159.0,2126382.0,2126584.0,2126816.0,2127006.0,2127244.0,2127492.0,2127718.0,2127901.0,2128119.0,2128365.0,2128614.0,2128860.0,2129088.0,2129299.0,2129565.0,2129805.0,2130073.0,2130289.0,2130523.0,2130761.0,2130998.0,2131234.0,2131455.0,2131627.0,2131855.0,2132089.0,2132329.0,2132540.0,2132742.0,2132974.0,2133161.0,2133382.0,2133551.0,2133746.0,2133903.0,2134120.0,2134295.0,2134449.0,2134625.0,2134786.0,2134950.0,2135149.0,2135342.0,2135526.0,2135720.0,2135890.0,2136096.0,2136310.0,2136472.0,2136753.0,2136982.0,2137203.0,2137422.0,2137623.0,2137820.0,2138005.0,2138232.0,2138410.0,2138631.0,2138810.0,2139027.0,2139207.0,2139383.0,2139573.0,2139741.0,2139940.0,2140126.0,2140307.0,2140492.0,2140688.0,2140891.0,2141102.0,2141270.0,2141462.0,2141636.0,2141824.0,2141991.0,2142184.0,2142337.0,2142542.0,2142723.0,2142906.0,2143128.0,2143315.0,2143529.0,2143714.0,2143922.0,2144113.0,2144327.0,2144511.0,2144825.0,2145106.0,2145375.0,2145602.0,2145807.0,2146019.0,2146249.0,2146463.0,2146714.0,2146934.0,2147142.0,2147379.0,2147620.0,2147902.0,2148225.0,2148551.0,2148937.0,2149242.0,2149598.0,2149910.0,2150191.0,2150454.0,2150721.0,2150970.0,,,,,,,,,2153172.0,2153368.0,2153620.0,2153864.0,2154073.0,2154342.0,2154577.0,2154825.0,2155045.0,2155294.0,2155500.0,2155771.0,2155971.0,2156187.0,2156427.0,2156611.0,2156864.0,2157089.0,2157303.0,2157470.0,2157643.0,2157846.0,2158050.0,2158208.0,2158403.0,2158594.0,2158804.0,2158966.0,2159180.0,2159377.0,2159566.0,2159725.0,2159905.0,2160112.0,2160324.0,2160493.0,2160679.0,2160866.0,2161018.0,2161264.0,2161452.0,2161649.0,2161852.0,2161998.0,2162229.0,2162446.0,2162651.0,2162844.0,2163020.0,2163207.0,2163394.0,2163603.0,2163802.0,2164014.0,2164180.0,2164342.0,2164506.0,2164678.0,2164826.0,2164982.0,2165182.0,2165338.0,2165487.0,2165660.0,2165813.0,2165962.0,2166165.0,2166332.0,2166504.0,2166623.0,2166789.0,2166938
sBkMYv5rInA,44820.0,44821.0,44823.0,44825.0,44829.0,44834.0,44840.0,44841.0,44843.0,44846.0,44851.0,44855.0,44861.0,44864.0,44868.0,44871.0,44875.0,44878.0,44881.0,44884.0,44890.0,44894.0,44899.0,44901.0,44902.0,44905.0,44907.0,44909.0,44911.0,44912.0,44916.0,44917.0,44922.0,44924.0,44928.0,44929.0,44933.0,44936.0,44938.0,44941.0,44944.0,44947.0,44951.0,44953.0,44956.0,44957.0,44961.0,44960.0,44972.0,44976.0,44983.0,44990.0,44996.0,44998.0,44999.0,45002.0,45007.0,45009.0,45011.0,45013.0,45018.0,45021.0,45023.0,45026.0,45029.0,45029.0,45035.0,45036.0,45039.0,45041.0,45044.0,45047.0,45048.0,45050.0,45053.0,45054.0,45055.0,45057.0,45061.0,45062.0,45063.0,45064.0,45067.0,45069.0,45071.0,45072.0,45074.0,45075.0,45080.0,45080.0,45081.0,45085.0,45087.0,45088.0,45090.0,45090.0,45090.0,45093.0,45095.0,45095.0,45096.0,45096.0,45097.0,45098.0,45098.0,45099.0,45102.0,45103.0,45106.0,45108.0,45109.0,45110.0,45114.0,45115.0,45116.0,45117.0,45119.0,45121.0,45121.0,45123.0,45125.0,45126.0,45127.0,45133.0,45137.0,45137.0,45141.0,45141.0,45145.0,45146.0,45149.0,45150.0,45152.0,45153.0,,,,,,,,,45172.0,45178.0,45180.0,45180.0,45180.0,45180.0,45182.0,45184.0,45184.0,45185.0,45187.0,45189.0,45192.0,45195.0,45198.0,45199.0,45199.0,45201.0,45202.0,45202.0,45203.0,45203.0,45206.0,45208.0,45213.0,45213.0,45213.0,45216.0,45220.0,45225.0,45226.0,45226.0,45229.0,45229.0,45231.0,45233.0,45236.0,45238.0,45238.0,45239.0,45243.0,45245.0,45247.0,45251.0,45251.0,45253.0,45255.0,45258.0,45262.0,45264.0,45265.0,45265.0,45266.0,45270.0,45271.0,45273.0,45274.0,45274.0,45277.0,45277.0,45282.0,45283.0,45285.0,45289.0,45290.0,45293.0,45297.0,45298.0,45303.0,45304.0,45304.0,45305
WobC-DYal5o,1177.0,1177.0,1177.0,1177.0,1177.0,1177.0,1177.0,1177.0,1177.0,1177.0,1177.0,1177.0,1177.0,1177.0,1177.0,1177.0,1177.0,1177.0,1177.0,1177.0,1177.0,1177.0,1177.0,1177.0,1177.0,1177.0,1177.0,1177.0,1177.0,1177.0,1177.0,1177.0,1177.0,1177.0,1177.0,1177.0,1177.0,1177.0,1177.0,1177.0,1177.0,1177.0,1177.0,1177.0,1177.0,1177.0,1177.0,1177.0,1177.0,1177.0,1177.0,1177.0,1177.0,1177.0,1177.0,1177.0,1177.0,1177.0,1177.0,1177.0,1177.0,1177.0,1177.0,1177.0,1177.0,1177.0,1177.0,1177.0,1177.0,1177.0,1177.0,1177.0,1177.0,1177.0,1177.0,1177.0,1177.0,1177.0,1177.0,1177.0,1177.0,1177.0,1177.0,1177.0,1177.0,1177.0,1177.0,1177.0,1177.0,1177.0,1177.0,1177.0,1177.0,1177.0,1177.0,1177.0,1177.0,1177.0,1177.0,1177.0,1177.0,1177.0,1177.0,1177.0,1177.0,1177.0,1177.0,1177.0,1177.0,1177.0,1177.0,1177.0,1177.0,1177.0,1177.0,1177.0,1177.0,1177.0,1177.0,1177.0,1177.0,1177.0,1177.0,1177.0,1177.0,1177.0,1177.0,1177.0,1177.0,1177.0,1177.0,1177.0,1177.0,1177.0,,,,,,,,,1177.0,1177.0,1177.0,1177.0,1177.0,1177.0,1177.0,1177.0,1177.0,1177.0,1177.0,1177.0,1177.0,1177.0,1177.0,1177.0,1177.0,1177.0,1177.0,1177.0,1177.0,1177.0,1177.0,1177.0,1177.0,1177.0,1177.0,1177.0,1177.0,1177.0,1177.0,1177.0,1177.0,1177.0,1177.0,1177.0,1177.0,1177.0,1177.0,1177.0,1177.0,1177.0,1177.0,1177.0,1177.0,1177.0,1177.0,1177.0,1177.0,1177.0,1177.0,1177.0,1177.0,1177.0,1177.0,1177.0,1177.0,1177.0,1177.0,1177.0,1177.0,1177.0,1177.0,1177.0,1177.0,1177.0,1177.0,1177.0,1177.0,1177.0,1177.0,1177
JJSJASLaLpA,339650.0,339841.0,340083.0,340259.0,340535.0,340781.0,341058.0,341334.0,341586.0,341833.0,342080.0,342324.0,342552.0,342792.0,343018.0,343234.0,343463.0,343619.0,343815.0,344031.0,344261.0,344439.0,344663.0,344850.0,345025.0,345210.0,345399.0,345621.0,345831.0,346027.0,346221.0,346399.0,346678.0,346897.0,347110.0,347295.0,347529.0,347804.0,348010.0,348221.0,348429.0,348684.0,348907.0,349188.0,349354.0,349557.0,349792.0,349988.0,350263.0,350485.0,350722.0,350963.0,351215.0,351443.0,351664.0,351875.0,352151.0,352405.0,352632.0,352867.0,353075.0,353336.0,353646.0,354018.0,354344.0,354589.0,354802.0,355065.0,355320.0,355619.0,355935.0,356211.0,356550.0,356797.0,357124.0,357399.0,357684.0,358001.0,358377.0,358800.0,359058.0,359449.0,359820.0,360119.0,360517.0,360819.0,361109.0,361343.0,361648.0,361898.0,362154.0,362446.0,362696.0,362982.0,363273.0,363570.0,363915.0,364167.0,364421.0,364718.0,364931.0,365143.0,365403.0,365645.0,365911.0,366234.0,366518.0,366845.0,367097.0,367396.0,367646.0,367871.0,368088.0,368321.0,368497.0,368688.0,368920.0,369093.0,369310.0,369569.0,369841.0,370127.0,370342.0,370566.0,370861.0,371126.0,371332.0,371615.0,371824.0,372007.0,372209.0,372445.0,372683.0,372890.0,,,,,,,,,374858.0,375054.0,375289.0,375525.0,375723.0,375915.0,376102.0,376275.0,376447.0,376638.0,376817.0,377032.0,377260.0,377427.0,377578.0,377744.0,377923.0,378130.0,378399.0,378607.0,378848.0,379059.0,379237.0,379391.0,379565.0,379732.0,379924.0,380085.0,380257.0,380453.0,380701.0,380884.0,381104.0,381319.0,381515.0,381693.0,381840.0,382032.0,382190.0,382365.0,382510.0,382655.0,382836.0,382978.0,383102.0,383273.0,383475.0,383650.0,383829.0,384022.0,384186.0,384459.0,384761.0,385162.0,385501.0,385769.0,385968.0,386154.0,386342.0,386565.0,386751.0,386944.0,387118.0,387308.0,387467.0,387632.0,387800.0,388007.0,388127.0,388250.0,388420.0,388569
uhXs0nIbW64,86871.0,86925.0,86991.0,87027.0,87072.0,87112.0,87171.0,87216.0,87269.0,87296.0,87329.0,87368.0,87418.0,87472.0,87518.0,87550.0,87583.0,87626.0,87656.0,87708.0,87736.0,87789.0,87837.0,87872.0,87898.0,87941.0,87969.0,87999.0,88031.0,88077.0,88110.0,88142.0,88175.0,88233.0,88323.0,88366.0,88417.0,88390.0,88422.0,88442.0,88475.0,88501.0,88556.0,88599.0,88624.0,88648.0,88680.0,88712.0,88756.0,88787.0,88820.0,88855.0,88885.0,88910.0,88957.0,88985.0,89041.0,89080.0,89114.0,89128.0,89166.0,89219.0,89255.0,89310.0,89349.0,89380.0,89410.0,89463.0,89495.0,89531.0,89572.0,89610.0,89647.0,89674.0,89701.0,89747.0,89793.0,89827.0,89859.0,89910.0,89940.0,89965.0,89994.0,90014.0,90051.0,90086.0,90117.0,90149.0,90177.0,90194.0,90226.0,90255.0,90277.0,90311.0,90336.0,90369.0,90408.0,90481.0,90521.0,90561.0,90582.0,90607.0,90640.0,90667.0,90696.0,90735.0,90773.0,90801.0,90846.0,90891.0,90935.0,90978.0,91010.0,91042.0,91079.0,91123.0,91152.0,91192.0,91231.0,91258.0,91304.0,91347.0,91381.0,91418.0,91438.0,91488.0,91525.0,91561.0,91598.0,91618.0,91657.0,91683.0,91718.0,91747.0,,,,,,,,,92091.0,92140.0,92166.0,92206.0,92246.0,92277.0,92320.0,92341.0,92362.0,92393.0,92424.0,92472.0,92506.0,92531.0,92554.0,92569.0,92603.0,92646.0,92679.0,92710.0,92739.0,92762.0,92780.0,92813.0,92837.0,92863.0,92896.0,92920.0,92947.0,92967.0,93001.0,93021.0,93051.0,93070.0,93092.0,93113.0,93138.0,93163.0,93197.0,93256.0,93329.0,93370.0,93402.0,93434.0,93465.0,93499.0,93528.0,93544.0,93568.0,93593.0,93606.0,93642.0,93676.0,93720.0,93757.0,93794.0,93839.0,93878.0,93907.0,93966.0,94018.0,94064.0,94095.0,94126.0,94155.0,94201.0,94250.0,94295.0,94325.0,94369.0,94392.0,94407
CR_fsOGEig8,12567273.0,12576893.0,12587515.0,12598122.0,12610606.0,12623648.0,12634346.0,12644415.0,12655305.0,12668258.0,12679297.0,12689237.0,12698125.0,12707663.0,12718328.0,12730449.0,12741686.0,12751863.0,12762322.0,12774349.0,12785064.0,12796437.0,12807772.0,12817328.0,12825989.0,12834806.0,12845014.0,12855293.0,12864413.0,12873981.0,12884175.0,12894077.0,12905033.0,12915396.0,12925710.0,12937591.0,12949370.0,12958304.0,12966457.0,12979207.0,12991209.0,13000841.0,13011008.0,13021514.0,13031696.0,13040640.0,13049914.0,13060153.0,13070567.0,13079440.0,13087833.0,13096197.0,13104474.0,13113156.0,13121861.0,13131320.0,13141311.0,13150599.0,13159415.0,13169201.0,13180847.0,13192507.0,13203932.0,13215406.0,13226863.0,13238066.0,13248839.0,13259084.0,13268388.0,13280548.0,13290744.0,13301419.0,13314136.0,13325836.0,13337094.0,13347682.0,13359993.0,13370338.0,13381263.0,13391873.0,13402838.0,13414403.0,13426274.0,13438470.0,13450279.0,13463820.0,13476099.0,13486069.0,13496384.0,13508663.0,13519795.0,13531787.0,13543811.0,13554574.0,13564778.0,13575635.0,13588044.0,13600262.0,13612892.0,13627687.0,13642638.0,13654949.0,13669915.0,13684685.0,13700768.0,13717868.0,13732353.0,13745548.0,13758631.0,13773803.0,13787932.0,13801780.0,13815423.0,13829890.0,13843375.0,13855740.0,13869222.0,13883185.0,13897002.0,13910938.0,13924850.0,13937117.0,13948982.0,13961861.0,13975274.0,13988935.0,14001222.0,14013320.0,14024380.0,14034439.0,14047164.0,14059911.0,14071914.0,14082694.0,,,,,,,,,14200592.0,14214567.0,14228467.0,14240624.0,14251938.0,14263099.0,14273578.0,14283810.0,14294238.0,14305530.0,14316145.0,14326526.0,14338716.0,14351088.0,14362371.0,14373265.0,14386000.0,14399155.0,14412379.0,14423382.0,14433869.0,14444465.0,14454003.0,14464489.0,14474568.0,14484256.0,14494293.0,14504409.0,14514392.0,14524292.0,14535025.0,14546026.0,14556596.0,14567609.0,14578257.0,14588321.0,14597666.0,14607692.0,14618747.0,14629254.0,14639433.0,14649368.0,14658484.0,14667185.0,14676987.0,14686985.0,14696776.0,14706472.0,14716413.0,14726093.0,14735345.0,14746498.0,14757893.0,14768954.0,14780254.0,14790847.0,14801096.0,14810621.0,14820720.0,14830870.0,14840957.0,14849832.0,14858706.0,14867611.0,14876353.0,14886106.0,14895154.0,14903998.0,14911447.0,14919831.0,14928315.0,14936801
RB1ZaqRi444,448478.0,448787.0,449122.0,449459.0,449869.0,450330.0,450691.0,451234.0,451664.0,451988.0,452309.0,452620.0,452939.0,453313.0,453585.0,453940.0,454304.0,454571.0,454944.0,455267.0,455570.0,455832.0,456112.0,456381.0,456568.0,456867.0,457128.0,457407.0,457642.0,457952.0,458219.0,458541.0,458816.0,459024.0,459275.0,459543.0,459819.0,460092.0,460314.0,460600.0,460842.0,461107.0,461401.0,461639.0,461911.0,462135.0,462500.0,462810.0,463108.0,463428.0,463689.0,463920.0,464123.0,464302.0,464616.0,464913.0,465188.0,465410.0,465628.0,465823.0,466055.0,466299.0,466516.0,466759.0,466973.0,467216.0,467378.0,467582.0,467817.0,468087.0,468337.0,468518.0,468669.0,468855.0,469067.0,469301.0,469489.0,469730.0,469964.0,470162.0,470333.0,470506.0,470740.0,470967.0,471159.0,471400.0,471606.0,471789.0,471974.0,472237.0,472447.0,472637.0,472834.0,473020.0,473187.0,473416.0,473620.0,473852.0,474081.0,474412.0,474629.0,474822.0,475024.0,475242.0,475500.0,475745.0,476049.0,476306.0,476496.0,476801.0,477028.0,477293.0,477574.0,477895.0,478143.0,478386.0,478680.0,478959.0,479230.0,479561.0,479786.0,480093.0,480395.0,480570.0,480792.0,481020.0,481205.0,481442.0,481662.0,481928.0,482117.0,482378.0,482617.0,482921.0,,,,,,,,,485482.0,485701.0,485990.0,486280.0,486520.0,486798.0,487067.0,487323.0,487539.0,487839.0,488081.0,488269.0,488270.0,488202.0,488202.0,488202.0,488202.0,488202.0,488202.0,488202.0,488202.0,488202.0,488202.0,488202.0,488202.0,488202.0,488202.0,488202.0,488202.0,488202.0,488202.0,488202.0,488202.0,488202.0,488202.0,488202.0,488202.0,488202.0,488202.0,488202.0,488202.0,488202.0,488202.0,488202.0,488202.0,488202.0,488202.0,488202.0,488202.0,488202.0,488202.0,488202.0,488202.0,488202.0,488202.0,488202.0,488202.0,488202.0,488202.0,488202.0,488202.0,488202.0,488202.0,488202.0,488202.0,488202.0,488202.0,488202.0,488202.0,488202.0,488202.0,488202
Ru5UFC3cs8M,2979939.0,2980973.0,2981825.0,2982717.0,2983550.0,2984384.0,2985279.0,2986160.0,2987074.0,2987903.0,2988801.0,2989702.0,2990683.0,2991731.0,2992822.0,2993808.0,2994871.0,2995794.0,2996709.0,2997701.0,2998777.0,2999815.0,3000686.0,3001586.0,3002408.0,3003351.0,3004185.0,3005129.0,3006096.0,3007155.0,3008057.0,3009015.0,3009916.0,3010742.0,3011783.0,3012646.0,3013566.0,3014465.0,3015385.0,3016207.0,3017115.0,3018045.0,3018927.0,3019823.0,3020667.0,3021498.0,3022303.0,3023170.0,3024066.0,3024939.0,3025789.0,3026607.0,3027309.0,3028110.0,3028927.0,3029719.0,3030520.0,3031263.0,3032090.0,3032837.0,3033608.0,3034380.0,3035182.0,3035972.0,3036846.0,3037590.0,3038261.0,3039030.0,3039695.0,3040543.0,3041232.0,3041911.0,3042622.0,3043319.0,3044019.0,3044727.0,3045482.0,3046251.0,3046982.0,3047719.0,3048400.0,3049069.0,3049763.0,3050530.0,3051305.0,3052116.0,3052862.0,3053513.0,3054302.0,3054933.0,3055779.0,3056404.0,3057111.0,3057908.0,3058720.0,3059420.0,3060062.0,3060622.0,3061191.0,3061932.0,3062666.0,3063427.0,3064068.0,3064695.0,3065423.0,3066059.0,3066749.0,3067355.0,3068158.0,3068848.0,3069568.0,3070254.0,3070880.0,3071566.0,3072232.0,3072892.0,3073606.0,3074322.0,3075001.0,3075675.0,3076348.0,3077046.0,3077788.0,3078478.0,3079268.0,3079889.0,3080651.0,3081390.0,3082103.0,3082786.0,3083401.0,3083936.0,3084651.0,3085202.0,,,,,,,,,3091554.0,3092227.0,3092875.0,3093461.0,3094068.0,3094784.0,3095378.0,3095933.0,3096588.0,3097188.0,3097690.0,3098222.0,3098900.0,3099423.0,3099992.0,3100556.0,3101153.0,3101725.0,3102262.0,3102766.0,3103406.0,3104009.0,3104611.0,3105214.0,3105815.0,3106457.0,3107067.0,3107690.0,3108332.0,3108974.0,3109589.0,3110222.0,3110894.0,3111521.0,3112122.0,3112773.0,3113448.0,3114067.0,3114749.0,3115426.0,3116050.0,3116744.0,3117404.0,3118025.0,3118551.0,3119181.0,3119874.0,3120548.0,3121246.0,3121817.0,3122413.0,3123060.0,3123656.0,3124224.0,3124800.0,3125383.0,3125893.0,3126415.0,3126903.0,3127409.0,3127949.0,3128538.0,3129051.0,3129524.0,3129987.0,3130506.0,3131000.0,3131566.0,3132140.0,3132617.0,3133134.0,3133685
xWNWQN9xTmE,3262.0,3278.0,3288.0,3291.0,3301.0,3313.0,3327.0,3340.0,3347.0,3357.0,3375.0,3391.0,3403.0,3415.0,3426.0,3433.0,3442.0,3456.0,3463.0,3480.0,3491.0,3501.0,3507.0,3511.0,3516.0,3521.0,3529.0,3536.0,3554.0,3558.0,3571.0,3577.0,3584.0,3593.0,3602.0,3613.0,3626.0,3635.0,3646.0,3658.0,3667.0,3685.0,3695.0,3716.0,3731.0,3733.0,3748.0,3759.0,3770.0,3785.0,3800.0,3810.0,3818.0,3836.0,3847.0,3864.0,3870.0,3879.0,3887.0,3904.0,3914.0,3932.0,3958.0,3978.0,4009.0,4020.0,4035.0,4058.0,4068.0,4089.0,4109.0,4124.0,4137.0,4153.0,4165.0,4187.0,4206.0,4220.0,4247.0,4267.0,4287.0,4312.0,4328.0,4350.0,4381.0,4394.0,4406.0,4418.0,4441.0,4464.0,4480.0,4505.0,4517.0,4535.0,4546.0,4554.0,4579.0,4596.0,4607.0,4624.0,4635.0,4655.0,4683.0,4708.0,4728.0,4752.0,4766.0,4784.0,4804.0,4826.0,4841.0,4870.0,4900.0,4934.0,4972.0,5019.0,5056.0,5072.0,5091.0,5117.0,5130.0,5142.0,5150.0,5156.0,5167.0,5178.0,5190.0,5191.0,5196.0,5209.0,5220.0,5225.0,5242.0,5260.0,,,,,,,,,5353.0,5360.0,5371.0,5383.0,5404.0,5412.0,5417.0,5419.0,5425.0,5433.0,5446.0,5457.0,5458.0,5458.0,5458.0,5458.0,5458.0,5458.0,5458.0,5458.0,5458.0,5458.0,5458.0,5458.0,5458.0,5458.0,5458.0,5458.0,5458.0,5458.0,5458.0,5458.0,5458.0,5458.0,5458.0,5458.0,5458.0,5458.0,5458.0,5458.0,5458.0,5458.0,5458.0,5458.0,5458.0,5458.0,5458.0,5458.0,5458.0,5458.0,5458.0,5458.0,5458.0,5458.0,5458.0,5458.0,5458.0,5458.0,5458.0,5458.0,5458.0,5458.0,5458.0,5458.0,5458.0,5458.0,5458.0,5458.0,5458.0,5458.0,5458.0,5458
63OOaBJP9JE,2621.0,2621.0,2621.0,2621.0,2621.0,2621.0,2621.0,2621.0,2621.0,2621.0,2621.0,2621.0,2621.0,2621.0,2621.0,2621.0,2621.0,2621.0,2621.0,2621.0,2621.0,2621.0,2621.0,2621.0,2621.0,2621.0,2621.0,2621.0,2621.0,2621.0,2621.0,2621.0,2621.0,2621.0,2621.0,2621.0,2621.0,2621.0,2621.0,2621.0,2621.0,2621.0,2621.0,2621.0,2621.0,2621.0,2621.0,2621.0,2621.0,2621.0,2621.0,2621.0,2621.0,2621.0,2621.0,2621.0,2621.0,2621.0,2621.0,2621.0,2621.0,2621.0,2621.0,2621.0,2621.0,2621.0,2621.0,2621.0,2621.0,2621.0,2621.0,2621.0,2621.0,2621.0,2621.0,2621.0,2621.0,2621.0,2621.0,2621.0,2621.0,2621.0,2621.0,2621.0,2621.0,2621.0,2621.0,2621.0,2621.0,2621.0,2621.0,2621.0,2621.0,2621.0,2621.0,2621.0,2621.0,2621.0,2621.0,2621.0,2621.0,2621.0,2621.0,2621.0,2621.0,2621.0,2621.0,2621.0,2621.0,2621.0,2621.0,2621.0,2621.0,2621.0,2621.0,2621.0,2621.0,2621.0,2621.0,2621.0,2621.0,2621.0,2621.0,2621.0,2621.0,2621.0,2621.0,2621.0,2621.0,2621.0,2621.0,2621.0,2621.0,2621.0,,,,,,,,,2621.0,2621.0,2621.0,2621.0,2621.0,2621.0,2621.0,2621.0,2621.0,2621.0,2621.0,2621.0,2621.0,2621.0,2621.0,2621.0,2621.0,2621.0,2621.0,2621.0,2621.0,2621.0,2621.0,2621.0,2621.0,2621.0,2621.0,2621.0,2621.0,2621.0,2621.0,2621.0,2621.0,2621.0,2621.0,2621.0,2621.0,2621.0,2621.0,2621.0,2621.0,2621.0,2621.0,2621.0,2621.0,2621.0,2621.0,2621.0,2621.0,2621.0,2621.0,2621.0,2621.0,2621.0,2621.0,2621.0,2621.0,2621.0,2621.0,2621.0,2621.0,2621.0,2621.0,2621.0,2621.0,2621.0,2621.0,2621.0,2621.0,2621.0,2621.0,2621
RNj-GhxPM0g,14769506.0,14773426.0,14777260.0,14780931.0,14785284.0,14789893.0,14794046.0,14798114.0,14802787.0,14807234.0,14811828.0,14816217.0,14820707.0,14826067.0,14831788.0,14836130.0,14840087.0,14843817.0,14847812.0,14851740.0,14855657.0,14859664.0,14863355.0,14866808.0,14870334.0,14874012.0,14878113.0,14882193.0,14886025.0,14889427.0,14893203.0,14896665.0,14900534.0,14904481.0,14908274.0,14912286.0,14916274.0,14919663.0,14922832.0,14926195.0,14929619.0,14933062.0,14936421.0,14939719.0,14943108.0,14946077.0,14949462.0,14952924.0,14956321.0,14959537.0,14962632.0,14965414.0,14967919.0,14970603.0,14973994.0,14977487.0,14980857.0,14984282.0,14987327.0,14990114.0,14993309.0,14996683.0,15000007.0,15003063.0,15005879.0,15008651.0,15011460.0,15014201.0,15016755.0,15020103.0,15023114.0,15026367.0,15029369.0,15032346.0,15035652.0,15039086.0,15042149.0,15045260.0,15048586.0,15051744.0,15054639.0,15057744.0,15060980.0,15064561.0,15068062.0,15071399.0,15074665.0,15077666.0,15081067.0,15084267.0,15087446.0,15090643.0,15093705.0,15096938.0,15100213.0,15103442.0,15106738.0,15110025.0,15113411.0,15116820.0,15120238.0,15123435.0,15126705.0,15130206.0,15133922.0,15137841.0,15141373.0,15144947.0,15148211.0,15151950.0,15155699.0,15159331.0,15162712.0,15166078.0,15169243.0,15172351.0,15175604.0,15178939.0,15182455.0,15185982.0,15189249.0,15192411.0,15195764.0,15198920.0,15202278.0,15205720.0,15209171.0,15212689.0,15215746.0,15218781.0,15222275.0,15225898.0,15229503.0,15232900.0,,,,,,,,,15263628.0,15266827.0,15270113.0,15273287.0,15276757.0,15280131.0,15283144.0,15286113.0,15289414.0,15292595.0,15295912.0,15299072.0,15302448.0,15305677.0,15308788.0,15311863.0,15315183.0,15318599.0,15321751.0,15324810.0,15328023.0,15330896.0,15333882.0,15336953.0,15340168.0,15343327.0,15346742.0,15350206.0,15353566.0,15356808.0,15360196.0,15363543.0,15366885.0,15370295.0,15373598.0,15376627.0,15379641.0,15382940.0,15386432.0,15389779.0,15392982.0,15396071.0,15398993.0,15401770.0,15404907.0,15408097.0,15411161.0,15414428.0,15417650.0,15420640.0,15423389.0,15426333.0,15429509.0,15432618.0,15435769.0,15438856.0,15441538.0,15444280.0,15447484.0,15450731.0,15453764.0,15456572.0,15459282.0,15462381.0,15465538.0,15469087.0,15472447.0,15475672.0,15478238.0,15480939.0,15483705.0,15486657
npSZd2pQYWM,37846.0,37847.0,37848.0,37848.0,37848.0,37848.0,37848.0,37848.0,37849.0,37849.0,37849.0,37849.0,37850.0,37850.0,37850.0,37850.0,37851.0,37851.0,37852.0,37852.0,37852.0,37853.0,37853.0,37854.0,37855.0,37855.0,37857.0,37858.0,37859.0,37860.0,37860.0,37860.0,37860.0,37861.0,37861.0,37864.0,37864.0,37865.0,37867.0,37867.0,37867.0,37867.0,37867.0,37867.0,37869.0,37869.0,37870.0,37872.0,37870.0,37870.0,37871.0,37871.0,37871.0,37871.0,37872.0,37872.0,37872.0,37876.0,37877.0,37878.0,37879.0,37879.0,37879.0,37879.0,37880.0,37881.0,37881.0,37881.0,37882.0,37882.0,37882.0,37883.0,37883.0,37883.0,37884.0,37884.0,37885.0,37885.0,37888.0,37889.0,37889.0,37889.0,37889.0,37891.0,37891.0,37895.0,37895.0,37896.0,37896.0,37896.0,37896.0,37897.0,37897.0,37897.0,37897.0,37898.0,37898.0,37898.0,37898.0,37898.0,37898.0,37898.0,37898.0,37899.0,37900.0,37902.0,37903.0,37905.0,37905.0,37905.0,37906.0,37907.0,37907.0,37908.0,37909.0,37909.0,37909.0,37909.0,37909.0,37909.0,37909.0,37909.0,37909.0,37909.0,37909.0,37910.0,37912.0,37914.0,37915.0,37916.0,37916.0,37916.0,37916.0,37917.0,,,,,,,,,37925.0,37925.0,37926.0,37929.0,37929.0,37929.0,37929.0,37930.0,37932.0,37932.0,37933.0,37934.0,37933.0,37935.0,37934.0,37934.0,37935.0,37935.0,37935.0,37935.0,37935.0,37935.0,37935.0,37935.0,37936.0,37936.0,37936.0,37936.0,37937.0,37938.0,37939.0,37942.0,37943.0,37943.0,37943.0,37944.0,37946.0,37946.0,37946.0,37946.0,37946.0,37946.0,37946.0,37949.0,37950.0,37950.0,37950.0,37950.0,37950.0,37951.0,37955.0,37955.0,37958.0,37959.0,37959.0,37959.0,37959.0,37960.0,37960.0,37962.0,37963.0,37964.0,37965.0,37965.0,37965.0,37966.0,37966.0,37969.0,37978.0,37979.0,37979.0,37979
4uOW34jBomE,238687.0,238693.0,238700.0,238703.0,238706.0,238712.0,238718.0,238721.0,238731.0,238734.0,238737.0,238741.0,238748.0,238752.0,238758.0,238761.0,238765.0,238768.0,238775.0,238779.0,238789.0,238796.0,238797.0,238802.0,238813.0,238819.0,238825.0,238826.0,238832.0,238837.0,238839.0,238845.0,238851.0,238861.0,238873.0,238876.0,238881.0,238882.0,238885.0,238888.0,238897.0,238905.0,238911.0,238914.0,238917.0,238926.0,238930.0,238933.0,238937.0,238943.0,238948.0,238957.0,238963.0,238964.0,238967.0,238972.0,238975.0,238982.0,238987.0,238992.0,238998.0,239010.0,239023.0,239033.0,239050.0,239061.0,239074.0,239084.0,239090.0,239104.0,239110.0,239117.0,239124.0,239129.0,239133.0,239140.0,239148.0,239153.0,239167.0,239173.0,239181.0,239187.0,239190.0,239196.0,239200.0,239203.0,239211.0,239216.0,239223.0,239225.0,239234.0,239241.0,239246.0,239259.0,239264.0,239282.0,239296.0,239304.0,239311.0,239318.0,239322.0,239327.0,239334.0,239345.0,239351.0,239360.0,239364.0,239370.0,239375.0,239385.0,239395.0,239411.0,239417.0,239425.0,239432.0,239436.0,239438.0,239445.0,239454.0,239463.0,239470.0,239478.0,239487.0,239490.0,239501.0,239506.0,239509.0,239514.0,239520.0,239527.0,239530.0,239533.0,239543.0,239551.0,,,,,,,,,239624.0,239630.0,239634.0,239641.0,239643.0,239647.0,239649.0,239655.0,239656.0,239658.0,239663.0,239668.0,239676.0,239680.0,239687.0,239700.0,239702.0,239704.0,239708.0,239715.0,239722.0,239722.0,239728.0,239729.0,239731.0,239738.0,239748.0,239752.0,239755.0,239760.0,239765.0,239766.0,239774.0,239777.0,239782.0,239789.0,239794.0,239798.0,239802.0,239810.0,239813.0,239816.0,239818.0,239822.0,239827.0,239828.0,239834.0,239838.0,239845.0,239852.0,239859.0,239863.0,239868.0,239871.0,239876.0,239880.0,239885.0,239888.0,239892.0,239894.0,239899.0,239905.0,239906.0,239913.0,239920.0,239925.0,239928.0,239930.0,239931.0,239934.0,239939.0,239944
SpDq5F1gMSY,117243.0,117244.0,117251.0,117255.0,117267.0,117269.0,117273.0,117280.0,117286.0,117293.0,117300.0,117304.0,117305.0,117305.0,117305.0,117305.0,117309.0,117314.0,117314.0,117317.0,117319.0,117319.0,117326.0,117326.0,117331.0,117331.0,117331.0,117331.0,117333.0,117336.0,117337.0,117339.0,117343.0,117344.0,117347.0,117352.0,117359.0,117362.0,117362.0,117364.0,117364.0,117365.0,117366.0,117366.0,117369.0,117371.0,117373.0,117373.0,117374.0,117374.0,117375.0,117377.0,117378.0,117378.0,117378.0,117382.0,117386.0,117387.0,117388.0,117388.0,117392.0,117392.0,117396.0,117398.0,117399.0,117401.0,117411.0,117417.0,117419.0,117420.0,117420.0,117424.0,117426.0,117427.0,117427.0,117427.0,117429.0,117431.0,117436.0,117438.0,117438.0,117440.0,117441.0,117444.0,117445.0,117446.0,117449.0,117452.0,117453.0,117458.0,117460.0,117462.0,117464.0,117465.0,117467.0,117479.0,117484.0,117487.0,117489.0,117490.0,117494.0,117495.0,117495.0,117497.0,117498.0,117499.0,117501.0,117502.0,117502.0,117507.0,117507.0,117514.0,117517.0,117521.0,117524.0,117527.0,117527.0,117531.0,117532.0,117535.0,117536.0,117536.0,117541.0,117544.0,117544.0,117544.0,117545.0,117547.0,117547.0,117547.0,117547.0,117547.0,117548.0,117549.0,,,,,,,,,117556.0,117559.0,117563.0,117564.0,117565.0,117565.0,117565.0,117565.0,117566.0,117566.0,117567.0,117567.0,117569.0,117569.0,117570.0,117571.0,117573.0,117573.0,117574.0,117575.0,117577.0,117579.0,117579.0,117579.0,117579.0,117580.0,117580.0,117581.0,117583.0,117584.0,117584.0,117587.0,117588.0,117589.0,117590.0,117592.0,117594.0,117597.0,117599.0,117603.0,117604.0,117605.0,117606.0,117608.0,117608.0,117608.0,117609.0,117610.0,117611.0,117613.0,117613.0,117613.0,117614.0,117614.0,117615.0,117615.0,117615.0,117615.0,117615.0,117616.0,117617.0,117618.0,117620.0,117620.0,117620.0,117621.0,117624.0,117626.0,117627.0,117629.0,117631.0,117633
0kjXGT06vuw,57617.0,57621.0,57625.0,57637.0,57642.0,57648.0,57656.0,57672.0,57683.0,57701.0,57714.0,57721.0,57729.0,57737.0,57748.0,57757.0,57768.0,57775.0,57790.0,57803.0,57810.0,57820.0,57833.0,57848.0,57862.0,57867.0,57881.0,57887.0,57896.0,57905.0,57914.0,57927.0,57935.0,57948.0,57955.0,57963.0,57974.0,57979.0,57985.0,57995.0,58006.0,58014.0,58025.0,58038.0,58050.0,58067.0,58075.0,58085.0,58093.0,58110.0,58123.0,58141.0,58153.0,58158.0,58160.0,58169.0,58176.0,58183.0,58188.0,58190.0,58200.0,58207.0,58213.0,58219.0,58231.0,58243.0,58258.0,58265.0,58276.0,58285.0,58292.0,58299.0,58312.0,58323.0,58332.0,58343.0,58359.0,58370.0,58383.0,58388.0,58399.0,58409.0,58417.0,58423.0,58438.0,58452.0,58473.0,58482.0,58513.0,58526.0,58544.0,58558.0,58572.0,58584.0,58596.0,58604.0,58611.0,58624.0,58634.0,58642.0,58651.0,58666.0,58671.0,58678.0,58686.0,58701.0,58711.0,58723.0,58730.0,58740.0,58748.0,58764.0,58783.0,58807.0,58823.0,58835.0,58851.0,58868.0,58875.0,58880.0,58898.0,58913.0,58924.0,58933.0,58942.0,58969.0,58980.0,58996.0,59001.0,59013.0,59020.0,59027.0,59039.0,59054.0,,,,,,,,,59246.0,59265.0,59279.0,59294.0,59312.0,59328.0,59344.0,59358.0,59384.0,59395.0,59413.0,59428.0,59460.0,59488.0,59518.0,59537.0,59554.0,59564.0,59587.0,59599.0,59616.0,59628.0,59642.0,59653.0,59672.0,59681.0,59694.0,59713.0,59723.0,59737.0,59750.0,59760.0,59774.0,59784.0,59790.0,59805.0,59816.0,59823.0,59837.0,59844.0,59858.0,59864.0,59878.0,59887.0,59896.0,59906.0,59918.0,59933.0,59935.0,59945.0,59959.0,59966.0,59977.0,59988.0,60002.0,60008.0,60012.0,60015.0,60028.0,60038.0,60046.0,60057.0,60064.0,60071.0,60076.0,60085.0,60090.0,60092.0,60097.0,60104.0,60110.0,60117
RccDIpx4ZMM,19909742.0,19912255.0,19915068.0,19917903.0,19920793.0,19923731.0,19926756.0,19929611.0,19932556.0,19935354.0,19938184.0,19941020.0,19944011.0,19947152.0,19950055.0,19952860.0,19955277.0,19957605.0,19959947.0,19962336.0,19964984.0,19967545.0,19970180.0,19972638.0,19975037.0,19977369.0,19979634.0,19981912.0,19984297.0,19986580.0,19988813.0,19990946.0,19993218.0,19995664.0,19997969.0,20000317.0,20002897.0,20005613.0,20008156.0,20010771.0,20013311.0,20015662.0,20018363.0,20020885.0,20023267.0,20025538.0,20027954.0,20030509.0,20032939.0,20035270.0,20037559.0,20039891.0,20041760.0,20043914.0,20046078.0,20048008.0,20050074.0,20052211.0,20054334.0,20056672.0,20059141.0,20061805.0,20064380.0,20066797.0,20069081.0,20071196.0,20073194.0,20075440.0,20077475.0,20080121.0,20082389.0,20084537.0,20086696.0,20088684.0,20090822.0,20093034.0,20095340.0,20097802.0,20100128.0,20102233.0,20104397.0,20106703.0,20108975.0,20111182.0,20113473.0,20115726.0,20117773.0,20119673.0,20121653.0,20123674.0,20125867.0,20127923.0,20130033.0,20132212.0,20134458.0,20136619.0,20138683.0,20140792.0,20143010.0,20145176.0,20147287.0,20149232.0,20151155.0,20153067.0,20155162.0,20157256.0,20159372.0,20161442.0,20163521.0,20165761.0,20168116.0,20170527.0,20172959.0,20175347.0,20177565.0,20179663.0,20181832.0,20183923.0,20186206.0,20188418.0,20190570.0,20192638.0,20194639.0,20196847.0,20199198.0,20201709.0,20204193.0,20206703.0,20209052.0,20211245.0,20213402.0,20215625.0,20217697.0,20219898.0,,,,,,,,,20241735.0,20243994.0,20246438.0,20248788.0,20251027.0,20253289.0,20255384.0,20257366.0,20259459.0,20261612.0,20263792.0,20265879.0,20268296.0,20270497.0,20272562.0,20274416.0,20276376.0,20278401.0,20280442.0,20282605.0,20284704.0,20286841.0,20288928.0,20291258.0,20293737.0,20296132.0,20298777.0,20301311.0,20303619.0,20306024.0,20308559.0,20311031.0,20313548.0,20316075.0,20318579.0,20321043.0,20323395.0,20326455.0,20330440.0,20334103.0,20337350.0,20340341.0,20343175.0,20345767.0,20348519.0,20351288.0,20354190.0,20357026.0,20359794.0,20362486.0,20364983.0,20367637.0,20370301.0,20373088.0,20375766.0,20378511.0,20380935.0,20383051.0,20385512.0,20387966.0,20390370.0,20392553.0,20394760.0,20396909.0,20398900.0,20401090.0,20403472.0,20405607.0,20407472.0,20409459.0,20411465.0,20413537
AbZH7XWDW_k,81027375.0,81042814.0,81060521.0,81078396.0,81096075.0,81112798.0,81129514.0,81145463.0,81163204.0,81182060.0,81199193.0,81216711.0,81234452.0,81250254.0,81267762.0,81285863.0,81303364.0,81320613.0,81338270.0,81357853.0,81380959.0,81401728.0,81423631.0,81446328.0,81467895.0,81488158.0,81510476.0,81531501.0,81553674.0,81575155.0,81595819.0,81616164.0,81638383.0,81661395.0,81684115.0,81706856.0,81732639.0,81757627.0,81783434.0,81809639.0,81836607.0,81862563.0,81885489.0,81907908.0,81929190.0,81948938.0,81971447.0,81994041.0,82015269.0,82032350.0,82048413.0,82070843.0,82087809.0,82105465.0,82125569.0,82146785.0,82168795.0,82190816.0,82210289.0,82227118.0,82246198.0,82267394.0,82288243.0,82309204.0,82328821.0,82344991.0,82362787.0,82380546.0,82397219.0,82422900.0,82448677.0,82471916.0,82493320.0,82517033.0,82540526.0,82565323.0,82587197.0,82610095.0,82634012.0,82654004.0,82672964.0,82692786.0,82713270.0,82733666.0,82753527.0,82773761.0,82792261.0,82809734.0,82827816.0,82845822.0,82863850.0,82881831.0,82901714.0,82922901.0,82942948.0,82963057.0,82981927.0,83001201.0,83020771.0,83040359.0,83058805.0,83077555.0,83096551.0,83115039.0,83133291.0,83151037.0,83169458.0,83187833.0,83205196.0,83223880.0,83242419.0,83260644.0,83279340.0,83298590.0,83315737.0,83331570.0,83349015.0,83366869.0,83385188.0,83402286.0,83420595.0,83439489.0,83456856.0,83475505.0,83494270.0,83514799.0,83536588.0,83559498.0,83580128.0,83598705.0,83617431.0,83636600.0,83655977.0,83675941.0,,,,,,,,,83860487.0,83879675.0,83899079.0,83917486.0,83935831.0,83954263.0,83971023.0,83986396.0,84001738.0,84016601.0,84032339.0,84049057.0,84067755.0,84085941.0,84102107.0,84117809.0,84133287.0,84149598.0,84166196.0,84184751.0,84204522.0,84223597.0,84242831.0,84262565.0,84285840.0,84307478.0,84328978.0,84351752.0,84372824.0,84394007.0,84415829.0,84437557.0,84459749.0,84481518.0,84503355.0,84525194.0,84546591.0,84569302.0,84595482.0,84620727.0,84645526.0,84669986.0,84693988.0,84715728.0,84740521.0,84764670.0,84786974.0,84809241.0,84831920.0,84852957.0,84873448.0,84894582.0,84915483.0,84936516.0,84956982.0,84977509.0,84996748.0,85016328.0,85036919.0,85058329.0,85078935.0,85097368.0,85116144.0,85134236.0,85150778.0,85169443.0,85188242.0,85206875.0,85223507.0,85240922.0,85258887.0,85275957
QacMhZBAxmM,442571.0,442581.0,442616.0,442644.0,442669.0,442689.0,442728.0,442766.0,442792.0,442821.0,442845.0,442885.0,442916.0,442951.0,442973.0,443004.0,443031.0,443058.0,443074.0,443088.0,443105.0,443118.0,443135.0,443155.0,443174.0,443200.0,443216.0,443240.0,443264.0,443293.0,443314.0,443336.0,443355.0,443376.0,443404.0,443423.0,443441.0,443478.0,443497.0,443516.0,443543.0,443560.0,443581.0,443591.0,443607.0,443633.0,443653.0,443669.0,443690.0,443713.0,443737.0,443758.0,443763.0,443778.0,443797.0,443809.0,443823.0,443835.0,443851.0,443876.0,443896.0,443912.0,443927.0,443942.0,443964.0,443991.0,443999.0,444030.0,444041.0,444069.0,444082.0,444094.0,444111.0,444132.0,444139.0,444162.0,444177.0,444191.0,444205.0,444217.0,444243.0,444256.0,444272.0,444299.0,444317.0,444335.0,444350.0,444381.0,444404.0,444425.0,444438.0,444471.0,444492.0,444522.0,444541.0,444556.0,444578.0,444596.0,444612.0,444626.0,444650.0,444673.0,444691.0,444725.0,444744.0,444763.0,444783.0,444799.0,444814.0,444823.0,444837.0,444855.0,444864.0,444876.0,444888.0,444897.0,444908.0,444924.0,444949.0,444964.0,444982.0,444996.0,445009.0,445021.0,445042.0,445073.0,445089.0,445111.0,445137.0,445161.0,445177.0,445193.0,445214.0,445230.0,,,,,,,,,445426.0,445439.0,445449.0,445462.0,445474.0,445484.0,445500.0,445513.0,445526.0,445542.0,445560.0,445575.0,445583.0,445599.0,445617.0,445631.0,445655.0,445685.0,445708.0,445733.0,445752.0,445763.0,445786.0,445800.0,445825.0,445845.0,445865.0,445885.0,445913.0,445933.0,445956.0,445980.0,446009.0,446034.0,446043.0,446072.0,446097.0,446132.0,446182.0,446218.0,446257.0,446295.0,446325.0,446353.0,446375.0,446404.0,446427.0,446442.0,446462.0,446490.0,446512.0,446528.0,446546.0,446565.0,446585.0,446606.0,446633.0,446651.0,446669.0,446692.0,446708.0,446716.0,446735.0,446757.0,446772.0,446792.0,446813.0,446831.0,446854.0,446870.0,446880.0,446906
FEmCyWEuNEE,1236241.0,1236529.0,1236805.0,1237021.0,1237295.0,1237628.0,1237941.0,1238272.0,1238582.0,1238845.0,1239124.0,1239465.0,1239829.0,1240138.0,1240398.0,1240720.0,1240995.0,1241188.0,1241465.0,1241722.0,1241979.0,1242257.0,1242534.0,1242772.0,1243029.0,1243295.0,1243558.0,1243807.0,1244095.0,1244344.0,1244653.0,1244865.0,1245132.0,1245419.0,1245703.0,1246024.0,1246347.0,1246614.0,1246848.0,1247163.0,1247494.0,1247780.0,1248093.0,1248395.0,1248671.0,1248918.0,1249207.0,1249476.0,1249761.0,1250085.0,1250342.0,1250593.0,1250845.0,1251065.0,1251292.0,1251560.0,1251824.0,1252046.0,1252335.0,1252572.0,1252848.0,1253112.0,1253380.0,1253677.0,1253976.0,1254182.0,1254450.0,1254693.0,1254956.0,1255259.0,1255591.0,1255867.0,1256105.0,1256354.0,1256633.0,1256919.0,1257201.0,1257537.0,1257867.0,1258149.0,1258389.0,1258675.0,1258934.0,1259187.0,1259468.0,1259703.0,1259952.0,1260190.0,1260424.0,1260694.0,1260941.0,1261186.0,1261403.0,1261630.0,1261832.0,1262074.0,1262323.0,1262571.0,1262820.0,1263088.0,1263285.0,1263530.0,1263817.0,1264065.0,1264296.0,1264536.0,1264815.0,1265078.0,1265323.0,1265571.0,1265827.0,1266155.0,1266414.0,1266702.0,1266950.0,1267161.0,1267395.0,1267675.0,1267997.0,1268302.0,1268550.0,1268721.0,1268928.0,1269130.0,1269393.0,1269622.0,1269866.0,1270093.0,1270370.0,1270569.0,1270768.0,1271014.0,1271236.0,1271485.0,,,,,,,,,1273868.0,1274110.0,1274337.0,1274546.0,1274786.0,1274969.0,1275195.0,1275372.0,1275541.0,1275746.0,1275928.0,1276131.0,1276367.0,1276571.0,1276742.0,1276921.0,1277089.0,1277301.0,1277477.0,1277679.0,1277924.0,1278185.0,1278468.0,1278722.0,1278968.0,1279207.0,1279442.0,1279694.0,1279989.0,1280320.0,1280521.0,1280752.0,1281037.0,1281285.0,1281494.0,1281746.0,1281969.0,1282252.0,1282481.0,1282750.0,1282988.0,1283185.0,1283423.0,1283614.0,1283808.0,1284026.0,1284297.0,1284572.0,1284864.0,1285136.0,1285345.0,1285599.0,1285910.0,1286155.0,1286370.0,1286645.0,1286855.0,1287043.0,1287285.0,1287507.0,1287765.0,1287942.0,1288182.0,1288391.0,1288599.0,1288803.0,1289046.0,1289289.0,1289464.0,1289717.0,1289976.0,1290145
eC-M9YlGspY,2029660.0,2030523.0,2031395.0,2032131.0,2033076.0,2034048.0,2035094.0,2036077.0,2037253.0,2038001.0,2038790.0,2039847.0,2040864.0,2041936.0,2043010.0,2043993.0,2044979.0,2045679.0,2046668.0,2047708.0,2048806.0,2050078.0,2051216.0,2052095.0,2052901.0,2053911.0,2054975.0,2056131.0,2057117.0,2058309.0,2059252.0,2060007.0,2060941.0,2061783.0,2062743.0,2063508.0,2064673.0,2065400.0,2066147.0,2067166.0,2068108.0,2069174.0,2070210.0,2071407.0,2072265.0,2072964.0,2074002.0,2074991.0,2075923.0,2076922.0,2077882.0,2078672.0,2079371.0,2080131.0,2080959.0,2081939.0,2082867.0,2083676.0,2084426.0,2085063.0,2085887.0,2086729.0,2087714.0,2088637.0,2089521.0,2090277.0,2090888.0,2091815.0,2092492.0,2093664.0,2094681.0,2095418.0,2096185.0,2096868.0,2097691.0,2098531.0,2099368.0,2100150.0,2100939.0,2101786.0,2102411.0,2103321.0,2104161.0,2105152.0,2105916.0,2106926.0,2107717.0,2108384.0,2109314.0,2110281.0,2111259.0,2112192.0,2113146.0,2113910.0,2114540.0,2115527.0,2116433.0,2117566.0,2118617.0,2119681.0,2120482.0,2121224.0,2122169.0,2123122.0,2124100.0,2125105.0,2126136.0,2127021.0,2127803.0,2128752.0,2129805.0,2130841.0,2131992.0,2133130.0,2134072.0,2134963.0,2135872.0,2136964.0,2138075.0,2139169.0,2140194.0,2141069.0,2141944.0,2142937.0,2144027.0,2145151.0,2146211.0,2147273.0,2148247.0,2149126.0,2150126.0,2151359.0,2152546.0,2153626.0,,,,,,,,,2164525.0,2165579.0,2166994.0,2168356.0,2169619.0,2170998.0,2172435.0,2173527.0,2174481.0,2175701.0,2177118.0,2178492.0,2179934.0,2181319.0,2182341.0,2183397.0,2184636.0,2185972.0,2187321.0,2188546.0,2189747.0,2190757.0,2191706.0,2192771.0,2193867.0,2194981.0,2196186.0,2197195.0,2198207.0,2198922.0,2199973.0,2200892.0,2201974.0,2202978.0,2204095.0,2204976.0,2205718.0,2206798.0,2207740.0,2208640.0,2209537.0,2210485.0,2211206.0,2211912.0,2212773.0,2213694.0,2214668.0,2215567.0,2216526.0,2217319.0,2217998.0,2218840.0,2219699.0,2220588.0,2221354.0,2222217.0,2222824.0,2223458.0,2224224.0,2225070.0,2225840.0,2226386.0,2227022.0,2227662.0,2228290.0,2229028.0,2229735.0,2230497.0,2231061.0,2231724.0,2232448.0,2232999
lKAiv1jmVxA,17332433.0,17333513.0,17334715.0,17335951.0,17337065.0,17338276.0,17339475.0,17340785.0,17342122.0,17343445.0,17344757.0,17345864.0,17347039.0,17348233.0,17349344.0,17350425.0,17351449.0,17352402.0,17353446.0,17354439.0,17355477.0,17356488.0,17357544.0,17358599.0,17359565.0,17360646.0,17361775.0,17362877.0,17363952.0,17365013.0,17366005.0,17367001.0,17367928.0,17368830.0,17369893.0,17370930.0,17371996.0,17373027.0,17374080.0,17375105.0,17376111.0,17377071.0,17378080.0,17379173.0,17380157.0,17381074.0,17382054.0,17383011.0,17383991.0,17385015.0,17385897.0,17386909.0,17387772.0,17388532.0,17389322.0,17390114.0,17390980.0,17391828.0,17392672.0,17393679.0,17394634.0,17395588.0,17396483.0,17397401.0,17398367.0,17399196.0,17399961.0,17400724.0,17401482.0,17402492.0,17403448.0,17404291.0,17405086.0,17405918.0,17406711.0,17407575.0,17408470.0,17409323.0,17410195.0,17410992.0,17411739.0,17412500.0,17413365.0,17414280.0,17415088.0,17415970.0,17416780.0,17417571.0,17418346.0,17419215.0,17419956.0,17420793.0,17421490.0,17422300.0,17423141.0,17423908.0,17424639.0,17425379.0,17426165.0,17427027.0,17427867.0,17428577.0,17429327.0,17430125.0,17430974.0,17431813.0,17432558.0,17433337.0,17434158.0,17435029.0,17435873.0,17436642.0,17437520.0,17438339.0,17439222.0,17440076.0,17440922.0,17441706.0,17442655.0,17443503.0,17444315.0,17445123.0,17445967.0,17446905.0,17447877.0,17448785.0,17449766.0,17450785.0,17451726.0,17452612.0,17453433.0,17454329.0,17455180.0,17456018.0,,,,,,,,,17463619.0,17464489.0,17465284.0,17466037.0,17466759.0,17467589.0,17468435.0,17469294.0,17470231.0,17471081.0,17471954.0,17472890.0,17473837.0,17474781.0,17475551.0,17476435.0,17477269.0,17478189.0,17479127.0,17480046.0,17480796.0,17481619.0,17482430.0,17483232.0,17484088.0,17484914.0,17485796.0,17486555.0,17487307.0,17488138.0,17488888.0,17489686.0,17490456.0,17491211.0,17492019.0,17492879.0,17493671.0,17494482.0,17495349.0,17496246.0,17497186.0,17498004.0,17498910.0,17499771.0,17500680.0,17501537.0,17502497.0,17503577.0,17504463.0,17505409.0,17506465.0,17507499.0,17508807.0,17510075.0,17511213.0,17512241.0,17513251.0,17514009.0,17514983.0,17515901.0,17516843.0,17517669.0,17518554.0,17519392.0,17520154.0,17520988.0,17521919.0,17522784.0,17523538.0,17524326.0,17525166.0,17525909
entdxy6GCsE,500.0,502.0,503.0,504.0,504.0,505.0,507.0,510.0,511.0,512.0,514.0,516.0,519.0,522.0,527.0,532.0,533.0,535.0,535.0,540.0,542.0,542.0,545.0,548.0,550.0,554.0,557.0,561.0,562.0,564.0,565.0,565.0,571.0,572.0,572.0,573.0,575.0,576.0,578.0,579.0,580.0,584.0,588.0,590.0,594.0,596.0,600.0,602.0,605.0,608.0,609.0,610.0,613.0,613.0,615.0,615.0,616.0,618.0,620.0,622.0,624.0,625.0,628.0,632.0,633.0,635.0,638.0,641.0,649.0,654.0,656.0,656.0,656.0,658.0,665.0,669.0,675.0,679.0,682.0,683.0,685.0,686.0,686.0,687.0,692.0,697.0,701.0,704.0,706.0,709.0,709.0,709.0,715.0,717.0,719.0,721.0,722.0,723.0,726.0,727.0,728.0,728.0,730.0,734.0,735.0,736.0,738.0,739.0,742.0,743.0,743.0,744.0,746.0,748.0,749.0,749.0,753.0,753.0,754.0,756.0,757.0,759.0,761.0,764.0,765.0,766.0,768.0,772.0,772.0,774.0,777.0,777.0,779.0,783.0,,,,,,,,,799.0,801.0,805.0,810.0,813.0,813.0,815.0,817.0,818.0,821.0,822.0,824.0,827.0,828.0,828.0,828.0,829.0,829.0,829.0,832.0,837.0,843.0,844.0,847.0,850.0,854.0,855.0,856.0,860.0,863.0,864.0,865.0,867.0,868.0,870.0,871.0,872.0,876.0,878.0,883.0,883.0,886.0,888.0,892.0,897.0,900.0,901.0,906.0,908.0,910.0,916.0,926.0,927.0,934.0,944.0,950.0,954.0,957.0,960.0,963.0,968.0,969.0,972.0,977.0,982.0,986.0,990.0,991.0,992.0,994.0,994.0,996
mKUHdXacvCk,15998.0,16006.0,16012.0,16019.0,16033.0,16055.0,16077.0,16093.0,16109.0,16127.0,16132.0,16144.0,16165.0,16179.0,16203.0,16222.0,16235.0,16256.0,16272.0,16281.0,16288.0,16294.0,16305.0,16329.0,16355.0,16368.0,16376.0,16395.0,16416.0,16437.0,16454.0,16476.0,16492.0,16514.0,16528.0,16538.0,16553.0,16570.0,16591.0,16613.0,16623.0,16651.0,16665.0,16674.0,16687.0,16697.0,16716.0,16740.0,16777.0,16805.0,16827.0,16852.0,16869.0,16892.0,16917.0,16942.0,16954.0,16966.0,16974.0,16992.0,16992.0,16992.0,16992.0,16992.0,16992.0,16992.0,16992.0,16992.0,16992.0,16992.0,16992.0,16992.0,16992.0,16992.0,16992.0,16992.0,16992.0,16992.0,16992.0,16992.0,16992.0,16992.0,16992.0,16992.0,16992.0,16992.0,16992.0,16992.0,16992.0,16992.0,16992.0,16992.0,16992.0,16992.0,16992.0,16992.0,16992.0,16992.0,16992.0,16992.0,16992.0,16992.0,16992.0,16992.0,16992.0,16992.0,16992.0,16992.0,16992.0,16992.0,16992.0,16992.0,16992.0,16992.0,16992.0,16992.0,16992.0,16992.0,16992.0,16992.0,16992.0,16992.0,16992.0,16992.0,16992.0,16992.0,16992.0,16992.0,16992.0,16992.0,16992.0,16992.0,16992.0,16992.0,,,,,,,,,16992.0,16992.0,16992.0,16992.0,16992.0,16992.0,16992.0,16992.0,16992.0,16992.0,16992.0,16992.0,16992.0,16992.0,16992.0,16992.0,16992.0,16992.0,16992.0,16992.0,16992.0,16992.0,16992.0,16992.0,16992.0,16992.0,16992.0,16992.0,16992.0,16992.0,16992.0,16992.0,16992.0,16992.0,16992.0,16992.0,16992.0,16992.0,16992.0,16992.0,16992.0,16992.0,16992.0,16992.0,16992.0,16992.0,16992.0,16992.0,16992.0,16992.0,16992.0,16992.0,16992.0,16992.0,16992.0,16992.0,16992.0,16992.0,16992.0,16992.0,16992.0,16992.0,16992.0,16992.0,16992.0,16992.0,16992.0,16992.0,16992.0,16992.0,16992.0,16992
QGySpyt0Byg,14392425.0,14395750.0,14399355.0,14402901.0,14406566.0,14410284.0,14413569.0,14416982.0,14420752.0,14424862.0,14428837.0,14432178.0,14435634.0,14439122.0,14442896.0,14446961.0,14450736.0,14454092.0,14457609.0,14461558.0,14465389.0,14469509.0,14473822.0,14477524.0,14481190.0,14484679.0,14488607.0,14492840.0,14496902.0,14500703.0,14504277.0,14507769.0,14511541.0,14515478.0,14519404.0,14523316.0,14527447.0,14531011.0,14534506.0,14538037.0,14541600.0,14545050.0,14548387.0,14552017.0,14555862.0,14559669.0,14563123.0,14566776.0,14570337.0,14573740.0,14576985.0,14580139.0,14582916.0,14585647.0,14588767.0,14591662.0,14594585.0,14597538.0,14600822.0,14603948.0,14606793.0,14609916.0,14613009.0,14616179.0,14619161.0,14621814.0,14624467.0,14627018.0,14629400.0,14632477.0,14635379.0,14638218.0,14641187.0,14644132.0,14647007.0,14649834.0,14652691.0,14655640.0,14658669.0,14661592.0,14664294.0,14666985.0,14669826.0,14672914.0,14675931.0,14679172.0,14682328.0,14685319.0,14688259.0,14691189.0,14694041.0,14696858.0,14699581.0,14702526.0,14705389.0,14708180.0,14710957.0,14713750.0,14716533.0,14719474.0,14722531.0,14725456.0,14728415.0,14731319.0,14734226.0,14737047.0,14739954.0,14743019.0,14745934.0,14749014.0,14751946.0,14754954.0,14757785.0,14760718.0,14763445.0,14766050.0,14768576.0,14771194.0,14773900.0,14776454.0,14779075.0,14781564.0,14784067.0,14786829.0,14789854.0,14792852.0,14795919.0,14798889.0,14801701.0,14804479.0,14807302.0,14810308.0,14813242.0,14815991.0,,,,,,,,,14841582.0,14844707.0,14847388.0,14850291.0,14853200.0,14856303.0,14859515.0,14862815.0,14866270.0,14869325.0,14872455.0,14875904.0,14879216.0,14882342.0,14885190.0,14888104.0,14891158.0,14894380.0,14897362.0,14900127.0,14902796.0,14905581.0,14907850.0,14910931.0,14913775.0,14916491.0,14919193.0,14921948.0,14924758.0,14927461.0,14930180.0,14932949.0,14935844.0,14938440.0,14940888.0,14943308.0,14945668.0,14948113.0,14950683.0,14953470.0,14956265.0,14958937.0,14961518.0,14964021.0,14966675.0,14969295.0,14971959.0,14974715.0,14977306.0,14979934.0,14982298.0,14984584.0,14987045.0,14989602.0,14992159.0,14994707.0,14997030.0,14999145.0,15001529.0,15004034.0,15006434.0,15008604.0,15010533.0,15012540.0,15014405.0,15016676.0,15019043.0,15021248.0,15023331.0,15025230.0,15027378.0,15029476
zbd9WNI3zrY,36732.0,36750.0,36788.0,36824.0,36855.0,36884.0,36912.0,36944.0,36964.0,36987.0,37009.0,37018.0,37041.0,37059.0,37083.0,37105.0,37135.0,37156.0,37173.0,37197.0,37224.0,37250.0,37290.0,37314.0,37334.0,37358.0,37385.0,37408.0,37433.0,37467.0,37488.0,37512.0,37525.0,37557.0,37582.0,37610.0,37641.0,37667.0,37693.0,37719.0,37762.0,37788.0,37822.0,37846.0,37876.0,37911.0,37942.0,37974.0,37991.0,38008.0,38028.0,38055.0,38069.0,38101.0,38129.0,38159.0,38202.0,38239.0,38271.0,38291.0,38314.0,38337.0,38371.0,38398.0,38424.0,38445.0,38468.0,38497.0,38530.0,38551.0,38573.0,38594.0,38612.0,38636.0,38657.0,38674.0,38697.0,38715.0,38743.0,38759.0,38789.0,38804.0,38818.0,38839.0,38869.0,38891.0,38936.0,38961.0,38973.0,38986.0,39002.0,39018.0,39036.0,39056.0,39077.0,39091.0,39105.0,39124.0,39139.0,39159.0,39170.0,39187.0,39211.0,39224.0,39240.0,39258.0,39280.0,39294.0,39324.0,39341.0,39361.0,39387.0,39400.0,39415.0,39427.0,39451.0,39464.0,39477.0,39512.0,39525.0,39535.0,39550.0,39540.0,39554.0,39564.0,39578.0,39589.0,39598.0,39613.0,39624.0,39638.0,39650.0,39657.0,39664.0,,,,,,,,,39776.0,39786.0,39801.0,39827.0,39863.0,39877.0,39896.0,39912.0,39933.0,39951.0,39975.0,39985.0,40017.0,40045.0,40066.0,40080.0,40101.0,40118.0,40127.0,40152.0,40175.0,40197.0,40216.0,40234.0,40255.0,40275.0,40289.0,40308.0,40319.0,40338.0,40348.0,40372.0,40388.0,40398.0,40411.0,40425.0,40437.0,40444.0,40456.0,40473.0,40492.0,40516.0,40540.0,40569.0,40593.0,40620.0,40638.0,40653.0,40677.0,40722.0,40742.0,40764.0,40780.0,40791.0,40807.0,40831.0,40847.0,40866.0,40880.0,40891.0,40906.0,40925.0,40937.0,40959.0,40968.0,40988.0,40998.0,41009.0,41017.0,41035.0,41051.0,41065
zgz8uj5S3F0,,,,,,,,,,,,,,,,,,,,,,,,,,,,,,,,,,,,,,,,,,,,,,,,,,,,,,,,,,,,,,,,,,,,,,,,,,,,,,,,,,,,,,,,,,,,,,,,,,,,,,,,,,,,,,,,,,,,,,,,,,,,,,,,,,,,,,,,,,,,,,,,,,,,,,,,,,,,,,,,,,,,,,,,,,,,,,,,,,,,,,,,,,,,,,,,,,,,,,,,,,,,,,,,,,,,,,
AaJ8HBsDho0,,,,,,,,,,,,,,,,,,,,,,,,,,,,,,,,,,,,,,,,,,,,,,,,,,,,,,,,,,,,,,,,,,,,,,,,,,,,,,,,,,,,,,,,,,,,,,,,,,,,,,,,,,,,,,,,,,,,,,,,,,,,,,,,,,,,,,,,,,,,,,,,,,,,,,,,,,,,,,,,,,,,,,,,,,,,,,,,,,,,,,,,,,,,,,,,,,,,,,,,,,,,,,,,,,,,,,
d1tMOfG9FrU,375.0,375.0,375.0,375.0,375.0,375.0,375.0,375.0,375.0,375.0,375.0,375.0,375.0,375.0,375.0,375.0,375.0,375.0,375.0,375.0,375.0,375.0,375.0,375.0,375.0,375.0,375.0,375.0,375.0,375.0,375.0,375.0,375.0,375.0,375.0,375.0,375.0,375.0,375.0,375.0,375.0,375.0,375.0,375.0,375.0,375.0,375.0,375.0,375.0,375.0,375.0,375.0,375.0,375.0,375.0,375.0,375.0,375.0,375.0,375.0,375.0,375.0,375.0,375.0,375.0,375.0,376.0,377.0,377.0,377.0,377.0,377.0,377.0,377.0,377.0,377.0,377.0,377.0,377.0,377.0,377.0,377.0,377.0,377.0,377.0,377.0,377.0,377.0,377.0,377.0,377.0,377.0,377.0,377.0,377.0,377.0,377.0,377.0,377.0,377.0,377.0,377.0,377.0,377.0,377.0,377.0,377.0,377.0,377.0,377.0,377.0,377.0,377.0,377.0,377.0,377.0,377.0,377.0,377.0,377.0,377.0,377.0,377.0,377.0,377.0,377.0,377.0,377.0,377.0,377.0,377.0,377.0,377.0,377.0,,,,,,,,,377.0,377.0,377.0,377.0,377.0,377.0,377.0,377.0,377.0,377.0,377.0,377.0,377.0,377.0,377.0,377.0,377.0,377.0,377.0,377.0,377.0,377.0,377.0,377.0,377.0,377.0,377.0,377.0,377.0,377.0,377.0,377.0,377.0,377.0,377.0,377.0,377.0,377.0,377.0,377.0,377.0,377.0,377.0,377.0,377.0,377.0,377.0,377.0,377.0,377.0,377.0,377.0,377.0,377.0,377.0,377.0,377.0,377.0,377.0,377.0,377.0,377.0,377.0,377.0,377.0,377.0,377.0,377.0,378.0,378.0,378.0,378
RIjbaE2wNio,132.0,132.0,132.0,132.0,132.0,132.0,132.0,132.0,132.0,132.0,132.0,132.0,132.0,132.0,132.0,132.0,132.0,132.0,132.0,132.0,132.0,132.0,132.0,132.0,132.0,132.0,132.0,132.0,132.0,132.0,132.0,132.0,132.0,132.0,132.0,132.0,133.0,133.0,133.0,133.0,133.0,133.0,133.0,133.0,133.0,133.0,133.0,133.0,133.0,133.0,133.0,133.0,133.0,133.0,133.0,133.0,133.0,133.0,133.0,133.0,133.0,133.0,133.0,133.0,133.0,133.0,133.0,133.0,133.0,133.0,133.0,133.0,133.0,133.0,133.0,133.0,133.0,133.0,133.0,133.0,133.0,133.0,133.0,133.0,134.0,134.0,134.0,134.0,134.0,134.0,134.0,134.0,134.0,134.0,134.0,134.0,134.0,134.0,134.0,135.0,135.0,135.0,135.0,135.0,135.0,135.0,135.0,135.0,135.0,135.0,135.0,135.0,135.0,135.0,135.0,135.0,135.0,135.0,135.0,135.0,135.0,135.0,135.0,135.0,136.0,136.0,136.0,136.0,136.0,136.0,136.0,136.0,136.0,136.0,,,,,,,,,136.0,136.0,136.0,136.0,137.0,137.0,137.0,137.0,137.0,137.0,137.0,137.0,138.0,138.0,138.0,138.0,138.0,138.0,138.0,138.0,138.0,138.0,138.0,138.0,138.0,138.0,138.0,138.0,138.0,138.0,138.0,138.0,138.0,138.0,138.0,138.0,138.0,138.0,138.0,138.0,138.0,138.0,138.0,138.0,138.0,138.0,138.0,138.0,138.0,139.0,139.0,139.0,139.0,139.0,139.0,139.0,139.0,139.0,139.0,139.0,139.0,139.0,139.0,139.0,139.0,139.0,139.0,139.0,139.0,139.0,139.0,139
KOc4HcXNXfY,11435.0,11435.0,11435.0,11435.0,11435.0,11435.0,11435.0,11435.0,11435.0,11435.0,11435.0,11435.0,11435.0,11435.0,11435.0,11435.0,11435.0,11435.0,11435.0,11435.0,11435.0,11435.0,11435.0,11435.0,11435.0,11435.0,11435.0,11435.0,11435.0,11435.0,11435.0,11435.0,11435.0,11435.0,11435.0,11435.0,11435.0,11435.0,11435.0,11435.0,11435.0,11435.0,11435.0,11435.0,11435.0,11435.0,11435.0,11435.0,11435.0,11435.0,11435.0,11435.0,11435.0,11435.0,11435.0,11435.0,11435.0,11435.0,11435.0,11435.0,11435.0,11435.0,11435.0,11435.0,11435.0,11435.0,11435.0,11435.0,11435.0,11435.0,11435.0,11435.0,11435.0,11435.0,11435.0,11435.0,11435.0,11435.0,11435.0,11435.0,11435.0,11435.0,11435.0,11435.0,11435.0,11435.0,11435.0,11435.0,11435.0,11435.0,11435.0,11435.0,11435.0,11435.0,11435.0,11435.0,11435.0,11435.0,11435.0,11435.0,11435.0,11435.0,11435.0,11435.0,11435.0,11435.0,11435.0,11435.0,11435.0,11435.0,11435.0,11435.0,11435.0,11435.0,11435.0,11435.0,11435.0,11435.0,11435.0,11435.0,11435.0,11435.0,11435.0,11435.0,11435.0,11435.0,11435.0,11435.0,11435.0,11435.0,11435.0,11435.0,11435.0,11435.0,,,,,,,,,11435.0,11435.0,11435.0,11435.0,11435.0,11435.0,11435.0,11435.0,11435.0,11435.0,11435.0,11435.0,11435.0,11435.0,11435.0,11435.0,11435.0,11435.0,11435.0,11435.0,11435.0,11435.0,11435.0,11435.0,11435.0,11435.0,11435.0,11435.0,11435.0,11435.0,11435.0,11435.0,11435.0,11435.0,11435.0,11435.0,11435.0,11435.0,11435.0,11435.0,11435.0,11435.0,11435.0,11435.0,11435.0,11435.0,11435.0,11435.0,11435.0,11435.0,11435.0,11435.0,11435.0,11435.0,11435.0,11435.0,11435.0,11435.0,11435.0,11435.0,11435.0,11435.0,11435.0,11435.0,11435.0,11435.0,11435.0,11435.0,11435.0,11435.0,11435.0,11435
1255a5WarAU,4167637.0,4167864.0,4168239.0,4168565.0,4168951.0,4169267.0,4169628.0,4169988.0,4170293.0,4170699.0,4171078.0,4171356.0,4171623.0,4171932.0,4172263.0,4172613.0,4172982.0,4173331.0,4173662.0,4174037.0,4174383.0,4174660.0,4174999.0,4175271.0,4175609.0,4175886.0,4176207.0,4176637.0,4177071.0,4177639.0,4178220.0,4178955.0,4179650.0,4180206.0,4180957.0,4181588.0,4182095.0,4182629.0,4183240.0,4183809.0,4184163.0,4184429.0,4184744.0,4185053.0,4185398.0,4185728.0,4186016.0,4186268.0,4186560.0,4186844.0,4187140.0,4187522.0,4187788.0,4188108.0,4188390.0,4188625.0,4188912.0,4189159.0,4189425.0,4189757.0,4190017.0,4190323.0,4190624.0,4190883.0,4191097.0,4191356.0,4191612.0,4191846.0,4192079.0,4192355.0,4192619.0,4192807.0,4193037.0,4193310.0,4193504.0,4193711.0,4193959.0,4194253.0,4194533.0,4194801.0,4195028.0,4195246.0,4195515.0,4195787.0,4196053.0,4196387.0,4196707.0,4197009.0,4197246.0,4197465.0,4197754.0,4198038.0,4198267.0,4198528.0,4198774.0,4199031.0,4199275.0,4199545.0,4199823.0,4200124.0,4200389.0,4200656.0,4200920.0,4201139.0,4201374.0,4201663.0,4201931.0,4202200.0,4202515.0,4202853.0,4203199.0,4203539.0,4203869.0,4204142.0,4204426.0,4204767.0,4205062.0,4205351.0,4205649.0,4205995.0,4206291.0,4206591.0,4206852.0,4207100.0,4207389.0,4207783.0,4208131.0,4208563.0,4208917.0,4209354.0,4209924.0,4210723.0,4211336.0,4211911.0,,,,,,,,,4216601.0,4216945.0,4217318.0,4217596.0,4217907.0,4218229.0,4218549.0,4218853.0,4219272.0,4219656.0,4220118.0,4220548.0,4221005.0,4221350.0,4221752.0,4222100.0,4222373.0,4222706.0,4223064.0,4223409.0,4223671.0,4223983.0,4224306.0,4224612.0,4224908.0,4225217.0,4225520.0,4225854.0,4226194.0,4226561.0,4226994.0,4227372.0,4227723.0,4228090.0,4228392.0,4228676.0,4229019.0,4229314.0,4229616.0,4229909.0,4230225.0,4230544.0,4230811.0,4231167.0,4231397.0,4231710.0,4232016.0,4232283.0,4232624.0,4232956.0,4233191.0,4233406.0,4233676.0,4233929.0,4234204.0,4234470.0,4234714.0,4234933.0,4235235.0,4235437.0,4235733.0,4235940.0,4236174.0,4236430.0,4236665.0,4236914.0,4237188.0,4237399.0,4237552.0,4237725.0,4237901.0,4238043
1AvQd3OE3-4,35018.0,35018.0,35019.0,35019.0,35022.0,35022.0,35026.0,35026.0,35028.0,35031.0,35033.0,35035.0,35036.0,35039.0,35039.0,35041.0,35045.0,35050.0,35052.0,35053.0,35056.0,35059.0,35064.0,35066.0,35066.0,35068.0,35070.0,35072.0,35073.0,35073.0,35074.0,35074.0,35075.0,35075.0,35076.0,35080.0,35082.0,35084.0,35085.0,35086.0,35090.0,35091.0,35093.0,35093.0,35096.0,35097.0,35099.0,35100.0,35102.0,35103.0,35104.0,35105.0,35108.0,35113.0,35113.0,35115.0,35114.0,35116.0,35118.0,35119.0,35119.0,35122.0,35128.0,35133.0,35135.0,35137.0,35148.0,35151.0,35155.0,35156.0,35158.0,35162.0,35164.0,35167.0,35169.0,35171.0,35173.0,35179.0,35181.0,35188.0,35190.0,35191.0,35193.0,35197.0,35202.0,35204.0,35205.0,35206.0,35208.0,35210.0,35213.0,35214.0,35217.0,35217.0,35218.0,35219.0,35224.0,35224.0,35229.0,35233.0,35235.0,35239.0,35241.0,35243.0,35247.0,35252.0,35255.0,35257.0,35258.0,35258.0,35259.0,35260.0,35260.0,35263.0,35265.0,35267.0,35270.0,35272.0,35272.0,35275.0,35279.0,35280.0,35283.0,35284.0,35288.0,35291.0,35293.0,35296.0,35300.0,35302.0,35306.0,35307.0,35311.0,35315.0,,,,,,,,,35354.0,35357.0,35357.0,35359.0,35361.0,35366.0,35369.0,35371.0,35375.0,35378.0,35382.0,35386.0,35387.0,35391.0,35398.0,35399.0,35399.0,35399.0,35401.0,35401.0,35406.0,35408.0,35409.0,35410.0,35412.0,35412.0,35412.0,35413.0,35415.0,35416.0,35417.0,35421.0,35423.0,35424.0,35424.0,35426.0,35426.0,35427.0,35429.0,35431.0,35431.0,35433.0,35436.0,35437.0,35437.0,35440.0,35442.0,35444.0,35447.0,35448.0,35449.0,35454.0,35456.0,35457.0,35460.0,35460.0,35465.0,35464.0,35469.0,35470.0,35473.0,35475.0,35476.0,35478.0,35479.0,35487.0,35490.0,35492.0,35497.0,35503.0,35504.0,35506
vPQasPdd6fI,6524146.0,6535234.0,6537253.0,6539419.0,6514557.0,6516571.0,6520897.0,6523268.0,6525324.0,6527391.0,6529585.0,6531654.0,6533693.0,6535628.0,6537645.0,6539489.0,6541365.0,6543185.0,6545067.0,6547059.0,6548973.0,6551166.0,6553366.0,6555386.0,6557385.0,6559388.0,6561474.0,6563460.0,6565438.0,6567347.0,6569165.0,6570937.0,6572691.0,6574595.0,6576458.0,6578356.0,6580488.0,6582518.0,6584440.0,6586402.0,6588226.0,6590165.0,6592114.0,6593928.0,6595672.0,6597387.0,6599078.0,6600681.0,6602104.0,6603511.0,6605064.0,6606897.0,6608667.0,6610231.0,6611908.0,6613525.0,6615104.0,6616716.0,6618332.0,6620145.0,6621898.0,6623670.0,6625481.0,6627188.0,6628941.0,6630607.0,6632382.0,6634205.0,6635792.0,6638066.0,6639957.0,6641602.0,6643273.0,6644994.0,6646657.0,6648266.0,6649886.0,6651574.0,6653192.0,6654659.0,6656215.0,6657873.0,6659516.0,6661121.0,6662714.0,6664359.0,6665905.0,6667447.0,6668968.0,6670411.0,6671979.0,6673456.0,6674911.0,6676491.0,6678167.0,6679645.0,6681121.0,6682607.0,6683996.0,6685362.0,6686859.0,6688329.0,6689829.0,6691322.0,6692787.0,6694295.0,6695796.0,6697416.0,6698943.0,6700367.0,6701965.0,6703387.0,6704874.0,6706471.0,6707972.0,6709424.0,6710895.0,6712632.0,6714305.0,6715647.0,6717118.0,6718665.0,6720175.0,6721694.0,6723042.0,6724528.0,6726020.0,6727564.0,6729037.0,6730447.0,6731824.0,6733217.0,6734653.0,6735905.0,,,,,,,,,6748915.0,6750294.0,6751659.0,6752969.0,6754348.0,6755557.0,6756848.0,6758235.0,6759694.0,6760914.0,6762327.0,6763677.0,6765134.0,6766626.0,6768110.0,6769595.0,6770915.0,6772791.0,6774676.0,6776086.0,6777372.0,6778622.0,6779908.0,6781146.0,6782474.0,6783703.0,6785023.0,6786353.0,6787662.0,6788961.0,6790142.0,6791358.0,6792742.0,6793963.0,6795228.0,6796285.0,6797388.0,6798365.0,6799412.0,6800397.0,6801338.0,6802323.0,6803288.0,6804251.0,6805232.0,6806131.0,6807091.0,6808132.0,6809152.0,6810126.0,6810983.0,6812038.0,6813085.0,6814163.0,6815201.0,6816199.0,6817160.0,6818032.0,6819015.0,6820346.0,6821466.0,6822336.0,6823181.0,6824139.0,6824983.0,6825993.0,6827020.0,6828100.0,6828943.0,6829736.0,6830642.0,6831617
56OYbbwFui4,477975.0,478106.0,478227.0,478367.0,478531.0,478685.0,478815.0,478990.0,479137.0,479306.0,479424.0,479572.0,479710.0,479874.0,480027.0,480174.0,480320.0,480407.0,480565.0,480750.0,480918.0,481110.0,481310.0,481477.0,481616.0,481752.0,481918.0,482072.0,482222.0,482390.0,482540.0,482684.0,482811.0,482977.0,483134.0,483310.0,483479.0,483636.0,483733.0,483871.0,484008.0,484153.0,484280.0,484404.0,484528.0,484612.0,484791.0,484918.0,485064.0,485222.0,485362.0,485522.0,485724.0,485881.0,486073.0,486258.0,486414.0,486575.0,486732.0,486883.0,487064.0,487273.0,487456.0,487628.0,487811.0,487961.0,488158.0,488397.0,488578.0,488878.0,489095.0,489329.0,489571.0,489789.0,489997.0,490223.0,490447.0,490642.0,490860.0,491058.0,491189.0,491354.0,491575.0,491772.0,491969.0,492169.0,492340.0,492510.0,492701.0,492870.0,493060.0,493229.0,493442.0,493607.0,493799.0,493974.0,494172.0,494349.0,494625.0,494916.0,495163.0,495362.0,495605.0,495888.0,496139.0,496435.0,496746.0,497068.0,497300.0,497602.0,497898.0,498154.0,498419.0,498639.0,498844.0,499012.0,499253.0,499498.0,499750.0,499979.0,500187.0,500384.0,500583.0,500766.0,500974.0,501199.0,501393.0,501612.0,501796.0,501986.0,502216.0,502433.0,502644.0,502834.0,,,,,,,,,504417.0,504544.0,504706.0,504940.0,505151.0,505400.0,505607.0,505775.0,505981.0,506198.0,506423.0,506638.0,506868.0,507085.0,507243.0,507405.0,507602.0,507846.0,508087.0,508282.0,508488.0,508654.0,508798.0,508998.0,509197.0,509405.0,509595.0,509802.0,510005.0,510169.0,510342.0,510510.0,510668.0,510789.0,510937.0,511086.0,511191.0,511363.0,511513.0,511677.0,511850.0,512044.0,512161.0,512299.0,512454.0,512610.0,512772.0,512954.0,513106.0,513224.0,513375.0,513545.0,513702.0,513866.0,514021.0,514184.0,514330.0,514442.0,514594.0,514767.0,514950.0,515067.0,515205.0,515346.0,515463.0,515604.0,515760.0,515892.0,516013.0,516141.0,516256.0,516380
8nVyoH0ppmI,17439160.0,17439777.0,17440418.0,17441084.0,17441744.0,17442475.0,17443217.0,17444042.0,17444910.0,17445709.0,17446513.0,17447323.0,17448240.0,17449235.0,17450082.0,17450942.0,17451729.0,17452469.0,17453230.0,17454060.0,17454967.0,17455855.0,17456786.0,17457448.0,17458080.0,17458934.0,17459738.0,17460544.0,17461358.0,17462256.0,17462981.0,17463747.0,17464504.0,17465392.0,17466314.0,17467209.0,17468064.0,17468818.0,17469526.0,17470267.0,17470907.0,17471660.0,17472334.0,17473088.0,17473823.0,17474544.0,17475265.0,17476054.0,17476780.0,17477564.0,17478240.0,17479012.0,17479640.0,17480345.0,17481075.0,17481823.0,17482464.0,17483119.0,17483843.0,17484473.0,17485152.0,17485794.0,17486545.0,17487201.0,17487974.0,17488604.0,17489185.0,17489936.0,17490594.0,17491401.0,17492025.0,17492704.0,17493317.0,17494004.0,17494774.0,17495461.0,17496173.0,17497221.0,17497987.0,17498633.0,17499285.0,17499942.0,17500586.0,17501372.0,17502064.0,17502714.0,17503418.0,17503913.0,17504532.0,17505122.0,17505845.0,17506437.0,17507162.0,17507757.0,17508296.0,17508796.0,17509431.0,17509967.0,17510626.0,17511226.0,17511818.0,17512427.0,17512996.0,17513627.0,17514282.0,17514855.0,17515470.0,17516099.0,17516786.0,17517481.0,17518118.0,17518809.0,17519375.0,17520034.0,17520561.0,17521130.0,17521633.0,17522218.0,17522748.0,17523348.0,17523961.0,17524525.0,17525054.0,17525604.0,17526191.0,17526754.0,17527340.0,17527952.0,17528511.0,17529130.0,17529611.0,17530124.0,17530660.0,17531239.0,,,,,,,,,17536981.0,17537585.0,17538249.0,17538956.0,17539580.0,17540213.0,17540896.0,17541598.0,17542259.0,17542821.0,17543469.0,17544266.0,17544983.0,17545780.0,17546512.0,17547173.0,17547755.0,17548450.0,17549131.0,17549732.0,17550361.0,17550956.0,17551485.0,17552062.0,17552664.0,17553273.0,17553920.0,17554527.0,17555142.0,17555771.0,17556487.0,17557090.0,17557924.0,17558627.0,17559441.0,17560072.0,17560789.0,17561502.0,17562337.0,17563254.0,17564167.0,17565083.0,17565910.0,17566677.0,17567471.0,17568297.0,17569017.0,17569916.0,17570629.0,17571406.0,17572175.0,17572863.0,17573536.0,17574226.0,17574954.0,17575656.0,17576343.0,17576951.0,17577559.0,17578155.0,17578844.0,17579416.0,17579991.0,17580527.0,17581085.0,17581643.0,17582259.0,17582879.0,17583463.0,17584102.0,17584662.0,17585106
SNTMvLBY3ME,1812215.0,1813008.0,1813842.0,1814584.0,1815510.0,1816505.0,1817324.0,1818340.0,1819257.0,1820066.0,1820783.0,1821714.0,1822778.0,1823786.0,1825006.0,1826110.0,1827126.0,1827995.0,1829110.0,1830175.0,1831437.0,1832565.0,1833745.0,1834748.0,1835470.0,1836457.0,1837438.0,1838560.0,1839640.0,1840845.0,1841662.0,1842559.0,1843550.0,1844398.0,1845459.0,1846487.0,1847466.0,1848330.0,1849016.0,1850029.0,1851072.0,1852245.0,1853338.0,1854306.0,1855413.0,1856155.0,1857028.0,1858151.0,1859140.0,1860111.0,1861165.0,1861951.0,1862528.0,1863378.0,1864339.0,1865285.0,1866284.0,1867241.0,1868132.0,1868831.0,1869738.0,1870723.0,1871763.0,1872710.0,1873745.0,1874520.0,1875206.0,1876172.0,1877138.0,1878412.0,1879634.0,1880728.0,1881601.0,1882370.0,1883438.0,1884592.0,1885690.0,1886773.0,1888079.0,1889035.0,1889919.0,1891140.0,1892351.0,1893527.0,1894654.0,1895851.0,1896979.0,1897875.0,1898899.0,1900241.0,1901375.0,1902496.0,1903850.0,1904896.0,1905712.0,1906949.0,1908189.0,1909424.0,1910777.0,1912144.0,1913338.0,1914389.0,1915683.0,1917009.0,1918360.0,1919715.0,1921057.0,1922241.0,1923123.0,1924519.0,1925955.0,1927364.0,1928763.0,1929983.0,1931038.0,1931883.0,1933001.0,1934275.0,1935497.0,1936760.0,1937799.0,1938830.0,1939663.0,1940723.0,1941658.0,1942937.0,1944038.0,1945350.0,1946443.0,1947468.0,1948639.0,1950109.0,1951503.0,1952711.0,,,,,,,,,1964005.0,1964937.0,1966036.0,1967149.0,1968236.0,1969349.0,1970435.0,1971346.0,1972180.0,1973327.0,1974349.0,1975341.0,1975352.0,1975351.0,1975328.0,1975329.0,1975331.0,1975331.0,1975329.0,1975332.0,1975338.0,1975339.0,1975338.0,1975342.0,1975339.0,1975340.0,1975335.0,1975337.0,1975339.0,1975338.0,1975340.0,1975337.0,1975342.0,1975336.0,1975337.0,1975343.0,1975341.0,1975344.0,1975343.0,1975343.0,1975344.0,1975340.0,1975339.0,1975339.0,1975339.0,1975338.0,1975339.0,1975338.0,1975338.0,1975339.0,1975340.0,1975340.0,1975341.0,1975342.0,1975340.0,1975340.0,1975340.0,1975341.0,1975341.0,1975341.0,1975340.0,1975340.0,1975340.0,1975340.0,1975340.0,1975340.0,1975340.0,1975340.0,1975340.0,1975340.0,1975340.0,1975341
BIp3aHQKjwk,716628.0,716847.0,717172.0,717406.0,717632.0,717875.0,718173.0,718459.0,718782.0,719118.0,719471.0,719758.0,720082.0,720403.0,720753.0,721098.0,721394.0,721719.0,721984.0,722284.0,722605.0,722916.0,723258.0,723548.0,723834.0,724141.0,724445.0,724798.0,725121.0,725390.0,725749.0,726135.0,726482.0,726838.0,727231.0,727564.0,727956.0,728309.0,728625.0,728947.0,729257.0,729564.0,729917.0,730231.0,730512.0,730815.0,731160.0,731491.0,731775.0,732104.0,732391.0,732732.0,732965.0,733247.0,733590.0,733934.0,734244.0,734512.0,734780.0,735038.0,735302.0,735609.0,735931.0,736231.0,736545.0,736788.0,737015.0,737267.0,737549.0,737822.0,738072.0,738305.0,738587.0,738805.0,739080.0,739354.0,739654.0,739881.0,740149.0,740391.0,740608.0,740880.0,741148.0,741392.0,741634.0,741869.0,742130.0,742377.0,742601.0,742876.0,743161.0,743420.0,743683.0,743925.0,744142.0,744393.0,744610.0,744818.0,745051.0,745264.0,745460.0,745675.0,745879.0,746145.0,746383.0,746622.0,746834.0,747066.0,747312.0,747586.0,747823.0,748116.0,748389.0,748699.0,748938.0,749230.0,749484.0,749753.0,749981.0,750221.0,750457.0,750692.0,750918.0,751097.0,751294.0,751488.0,751706.0,751928.0,752137.0,752332.0,752549.0,752728.0,752952.0,753195.0,,,,,,,,,755236.0,755553.0,755833.0,756129.0,756426.0,756642.0,756859.0,757119.0,757356.0,757602.0,757826.0,758034.0,758279.0,758521.0,758737.0,758939.0,759152.0,759398.0,759672.0,759939.0,760181.0,760431.0,760647.0,760903.0,761122.0,761328.0,761554.0,761788.0,762013.0,762247.0,762526.0,762761.0,762993.0,763259.0,763497.0,763756.0,764001.0,764257.0,764515.0,764894.0,765208.0,765527.0,765846.0,766112.0,766441.0,766767.0,767038.0,767314.0,767654.0,767946.0,768266.0,768523.0,768797.0,769136.0,769426.0,769704.0,769932.0,770122.0,770375.0,770641.0,770868.0,771090.0,771313.0,771547.0,771800.0,772022.0,772288.0,772569.0,772791.0,773023.0,773250.0,773465
G1jK_FJVpQk,334581.0,334702.0,334892.0,335038.0,335219.0,335437.0,335614.0,335817.0,335999.0,336136.0,336306.0,336444.0,336607.0,336773.0,336962.0,337149.0,337324.0,337453.0,337604.0,337783.0,337944.0,338130.0,338298.0,338449.0,338569.0,338745.0,338917.0,339063.0,339211.0,339414.0,339591.0,339706.0,339853.0,339995.0,340149.0,340323.0,340476.0,340638.0,340791.0,340938.0,341088.0,341264.0,341436.0,341583.0,341708.0,341837.0,341955.0,342071.0,342201.0,342320.0,342477.0,342604.0,342706.0,342801.0,342941.0,343079.0,343216.0,343350.0,343461.0,343559.0,343686.0,343813.0,343962.0,344096.0,344234.0,344332.0,344456.0,344573.0,344689.0,344824.0,344966.0,345116.0,345213.0,345318.0,345461.0,345595.0,345789.0,345913.0,346023.0,346125.0,346207.0,346285.0,346368.0,346471.0,346570.0,346678.0,346771.0,346838.0,346911.0,347002.0,347102.0,347199.0,347310.0,347395.0,347508.0,347577.0,347669.0,347777.0,347901.0,347997.0,348115.0,348231.0,348320.0,348427.0,348531.0,348644.0,348774.0,348901.0,348971.0,349068.0,349188.0,349308.0,349433.0,349557.0,349709.0,349793.0,349911.0,350046.0,350181.0,350289.0,350396.0,350490.0,350568.0,350679.0,350813.0,350942.0,351045.0,351192.0,351271.0,351352.0,351458.0,351552.0,351661.0,351792.0,,,,,,,,,352946.0,353061.0,353181.0,353320.0,353453.0,353589.0,353742.0,353850.0,353979.0,354118.0,354272.0,354417.0,354567.0,354705.0,354824.0,354917.0,355032.0,355158.0,355321.0,355431.0,355542.0,355642.0,355729.0,355819.0,355914.0,356018.0,356138.0,356228.0,356346.0,356441.0,356519.0,356623.0,356715.0,356806.0,356899.0,356982.0,357070.0,357166.0,357249.0,357326.0,357413.0,357508.0,357576.0,357654.0,357748.0,357851.0,357953.0,358056.0,358165.0,358278.0,358357.0,358463.0,358583.0,358684.0,358776.0,358890.0,358979.0,359038.0,359115.0,359194.0,359299.0,359361.0,359433.0,359530.0,359615.0,359705.0,359805.0,359893.0,359960.0,360043.0,360121.0,360192
5-QUHTWr4oA,111206.0,111214.0,111238.0,111248.0,111279.0,111295.0,111315.0,111343.0,111373.0,111407.0,111437.0,111453.0,111482.0,111506.0,111529.0,111547.0,111565.0,111578.0,111598.0,111616.0,111642.0,111670.0,111684.0,111698.0,111712.0,111728.0,111752.0,111768.0,111793.0,111813.0,111822.0,111839.0,111851.0,111868.0,111885.0,111911.0,111944.0,111966.0,111974.0,112006.0,112021.0,112040.0,112060.0,112074.0,112094.0,112109.0,112121.0,112148.0,112164.0,112192.0,112205.0,112215.0,112229.0,112251.0,112272.0,112295.0,112320.0,112338.0,112349.0,112356.0,112370.0,112390.0,112412.0,112424.0,112441.0,112457.0,112474.0,112490.0,112513.0,112537.0,112559.0,112570.0,112592.0,112604.0,112626.0,112666.0,112700.0,112719.0,112746.0,112772.0,112788.0,112797.0,112824.0,112851.0,112877.0,112903.0,112923.0,112945.0,112964.0,112986.0,113010.0,113031.0,113055.0,113076.0,113087.0,113111.0,113139.0,113181.0,113208.0,113233.0,113261.0,113274.0,113294.0,113304.0,113329.0,113345.0,113376.0,113397.0,113410.0,113425.0,113445.0,113473.0,113482.0,113502.0,113516.0,113545.0,113579.0,113604.0,113627.0,113650.0,113674.0,113700.0,113719.0,113751.0,113788.0,113815.0,113846.0,113864.0,113876.0,113887.0,113907.0,113920.0,113935.0,113949.0,,,,,,,,,114139.0,114148.0,114162.0,114191.0,114213.0,114230.0,114241.0,114255.0,114267.0,114289.0,114302.0,114328.0,114367.0,114392.0,114413.0,114440.0,114462.0,114488.0,114509.0,114531.0,114549.0,114565.0,114578.0,114595.0,114619.0,114635.0,114655.0,114670.0,114680.0,114689.0,114705.0,114720.0,114746.0,114755.0,114769.0,114784.0,114811.0,114832.0,114857.0,114886.0,114906.0,114925.0,114946.0,114978.0,115008.0,115034.0,115042.0,115062.0,115078.0,115099.0,115111.0,115125.0,115142.0,115159.0,115172.0,115186.0,115201.0,115211.0,115228.0,115242.0,115256.0,115268.0,115281.0,115290.0,115299.0,115316.0,115329.0,115345.0,115354.0,115365.0,115383.0,115405
8avnI8o_TR0,708106.0,708937.0,709733.0,710382.0,711007.0,711701.0,712344.0,713166.0,713827.0,714295.0,714647.0,715106.0,715579.0,715993.0,716500.0,716947.0,717306.0,717620.0,717985.0,718323.0,718721.0,719144.0,719575.0,719868.0,720133.0,720435.0,720738.0,721002.0,721287.0,721619.0,721875.0,722142.0,722440.0,722716.0,723048.0,723382.0,723691.0,723940.0,724190.0,724409.0,724718.0,725008.0,725260.0,725495.0,725721.0,725930.0,726139.0,726445.0,726725.0,726991.0,727275.0,727539.0,727756.0,727973.0,728245.0,728512.0,728725.0,729043.0,729313.0,729492.0,729732.0,730007.0,730277.0,730526.0,730791.0,730998.0,731210.0,731423.0,731616.0,731890.0,732101.0,732305.0,732460.0,732647.0,732857.0,733086.0,733276.0,733454.0,733689.0,733913.0,734074.0,734244.0,734495.0,734693.0,734894.0,735132.0,735337.0,735546.0,735723.0,735928.0,736168.0,736418.0,736625.0,736814.0,736941.0,737132.0,737310.0,737519.0,737732.0,737949.0,738153.0,738357.0,738589.0,738821.0,739046.0,739258.0,739486.0,739702.0,739896.0,740110.0,740322.0,740600.0,740813.0,741045.0,741246.0,741405.0,741630.0,741814.0,742020.0,742246.0,742490.0,742682.0,742852.0,743037.0,743209.0,743402.0,743607.0,743806.0,743983.0,744133.0,744311.0,744516.0,744738.0,744921.0,,,,,,,,,746773.0,746960.0,747204.0,747455.0,747656.0,747907.0,748112.0,748305.0,748505.0,748711.0,748961.0,749219.0,749510.0,749746.0,750007.0,750182.0,750412.0,750621.0,750916.0,751129.0,751346.0,751505.0,751666.0,751864.0,752058.0,752246.0,752446.0,752634.0,752811.0,752947.0,753138.0,753291.0,753476.0,753638.0,753799.0,753961.0,754085.0,754252.0,754411.0,754558.0,754713.0,754903.0,755058.0,755199.0,755353.0,755528.0,755738.0,755914.0,756128.0,756298.0,756431.0,756578.0,756738.0,756920.0,757068.0,757255.0,757390.0,757518.0,757680.0,757850.0,757990.0,758121.0,758276.0,758395.0,758535.0,758657.0,758826.0,758994.0,759092.0,759240.0,759388.0,759507
78cOydTJMfU,9046104.0,9048092.0,9050132.0,9051881.0,9054180.0,9056528.0,9058871.0,9061280.0,9063869.0,9066107.0,9068082.0,9070982.0,9073822.0,9076383.0,9078919.0,9082606.0,9085725.0,9087798.0,9090551.0,9093907.0,9097667.0,9101237.0,9104473.0,9107298.0,9109943.0,9112913.0,9115645.0,9118708.0,9121366.0,9124216.0,9126526.0,9128524.0,9130622.0,9132927.0,9135452.0,9137849.0,9140228.0,9142347.0,9144435.0,9147196.0,9150485.0,9154069.0,9157916.0,9160995.0,9164069.0,9166016.0,9168244.0,9170603.0,9173012.0,9175178.0,9177209.0,9178957.0,9180629.0,9182553.0,9184648.0,9186607.0,9188693.0,9190930.0,9192699.0,9194425.0,9196350.0,9198318.0,9200722.0,9203116.0,9205361.0,9207276.0,9209246.0,9211551.0,9213481.0,9216595.0,9219354.0,9221448.0,9223438.0,9225201.0,9227237.0,9229262.0,9231431.0,9233528.0,9235691.0,9237622.0,9239357.0,9241326.0,9243651.0,9245874.0,9247970.0,9250268.0,9252091.0,9253866.0,9256496.0,9258844.0,9261104.0,9263569.0,9265768.0,9267689.0,9269813.0,9271947.0,9274432.0,9276655.0,9278936.0,9281543.0,9283725.0,9285582.0,9287819.0,9290211.0,9292772.0,9295474.0,9298244.0,9300466.0,9302357.0,9304720.0,9307268.0,9310659.0,9314455.0,9317819.0,9320705.0,9323399.0,9326918.0,9330076.0,9333790.0,9337320.0,9340898.0,9343916.0,9346820.0,9350202.0,9353649.0,9357250.0,9361103.0,9365672.0,9369440.0,9372769.0,9376933.0,9381467.0,9386288.0,9390024.0,,,,,,,,,9424979.0,9428475.0,9432350.0,9436371.0,9440020.0,9443600.0,9446983.0,9450015.0,9453045.0,9456293.0,9459893.0,9463175.0,9466622.0,9470394.0,9473401.0,9476347.0,9479619.0,9482549.0,9486252.0,9489307.0,9492085.0,9494493.0,9496749.0,9499439.0,9502214.0,9505027.0,9507908.0,9510845.0,9513279.0,9515486.0,9517915.0,9520634.0,9523358.0,9526123.0,9528750.0,9531090.0,9533224.0,9535633.0,9538420.0,9541197.0,9544047.0,9546734.0,9549043.0,9551118.0,9553542.0,9556251.0,9558958.0,9561522.0,9564078.0,9566327.0,9568394.0,9570797.0,9573424.0,9576061.0,9578736.0,9581139.0,9583131.0,9585097.0,9587346.0,9589670.0,9592064.0,9593689.0,9595863.0,9598058.0,9599985.0,9602225.0,9604708.0,9606982.0,9608697.0,9610826.0,9612890.0,9614722
F3JRYf4sBuA,952884.0,953954.0,954997.0,955818.0,956852.0,957700.0,958467.0,959386.0,960296.0,961058.0,961620.0,962537.0,963454.0,964406.0,965570.0,966490.0,967317.0,968124.0,968919.0,970012.0,971123.0,972069.0,972888.0,973658.0,974427.0,975206.0,976023.0,976829.0,977614.0,978440.0,979031.0,979595.0,980157.0,980699.0,981338.0,981973.0,982652.0,983329.0,983904.0,984598.0,985278.0,986072.0,986730.0,987511.0,988144.0,988650.0,989322.0,990059.0,990730.0,991416.0,992004.0,992552.0,993057.0,993716.0,994375.0,995026.0,995678.0,996224.0,996747.0,997156.0,997729.0,998368.0,999002.0,999574.0,1000194.0,1000777.0,1001322.0,1001880.0,1002480.0,1003056.0,1003731.0,1004367.0,1004881.0,1005360.0,1006026.0,1006584.0,1007249.0,1007807.0,1008429.0,1008848.0,1009450.0,1010110.0,1010672.0,1011343.0,1011943.0,1012506.0,1013059.0,1013586.0,1014242.0,1014857.0,1015474.0,1016179.0,1016815.0,1017374.0,1018036.0,1018629.0,1019248.0,1019765.0,1020332.0,1020891.0,1021522.0,1022113.0,1022647.0,1023311.0,1023894.0,1024605.0,1025348.0,1026131.0,1026868.0,1027627.0,1028496.0,1029506.0,1030498.0,1031436.0,1032226.0,1032914.0,1033877.0,1034657.0,1035753.0,1036676.0,1037902.0,1038812.0,1039661.0,1040508.0,1041432.0,1042739.0,1044095.0,1045358.0,1046614.0,1047722.0,1048962.0,1050045.0,1051297.0,1052545.0,,,,,,,,,1063672.0,1064751.0,1065994.0,1067251.0,1068583.0,1070133.0,1071442.0,1072648.0,1074112.0,1075590.0,1076895.0,1078355.0,1079781.0,1081073.0,1081956.0,1082967.0,1084111.0,1085350.0,1086401.0,1087576.0,1088602.0,1089714.0,1090598.0,1091638.0,1092579.0,1093725.0,1095026.0,1096128.0,1097008.0,1098007.0,1098996.0,1100056.0,1100989.0,1101919.0,1102816.0,1103625.0,1104205.0,1105171.0,1106055.0,1107055.0,1108121.0,1109141.0,1110012.0,1110976.0,1111895.0,1113051.0,1114025.0,1115057.0,1115969.0,1116758.0,1117439.0,1118188.0,1119002.0,1119692.0,1120563.0,1121438.0,1122175.0,1122732.0,1123429.0,1124276.0,1125066.0,1125751.0,1126432.0,1127106.0,1127891.0,1128619.0,1129437.0,1130132.0,1130716.0,1131396.0,1132172.0,1132763
KDWJK8kR9Ak,285214.0,285235.0,285254.0,285279.0,285303.0,285333.0,285361.0,285394.0,285428.0,285451.0,285472.0,285498.0,285535.0,285554.0,285576.0,285596.0,285619.0,285644.0,285662.0,285675.0,285697.0,285722.0,285750.0,285774.0,285803.0,285826.0,285850.0,285867.0,285888.0,285906.0,285926.0,285949.0,285962.0,285977.0,285988.0,286009.0,286027.0,286043.0,286060.0,286076.0,286096.0,286114.0,286135.0,286156.0,286172.0,286201.0,286225.0,286257.0,286270.0,286284.0,286298.0,286318.0,286324.0,286343.0,286376.0,286391.0,286412.0,286431.0,286446.0,286464.0,286476.0,286499.0,286515.0,286531.0,286548.0,286562.0,286574.0,286589.0,286600.0,286634.0,286658.0,286673.0,286690.0,286709.0,286734.0,286755.0,286772.0,286785.0,286804.0,286817.0,286825.0,286855.0,286875.0,286900.0,286918.0,286939.0,286957.0,286978.0,286993.0,287013.0,287022.0,287036.0,287053.0,287069.0,287082.0,287103.0,287110.0,287130.0,287145.0,287165.0,287178.0,287201.0,287226.0,287250.0,287262.0,287276.0,287293.0,287315.0,287333.0,287351.0,287363.0,287390.0,287409.0,287425.0,287448.0,287460.0,287473.0,287484.0,287497.0,287523.0,287541.0,287560.0,287581.0,287599.0,287609.0,287625.0,287648.0,287659.0,287676.0,287689.0,287704.0,287713.0,287729.0,287733.0,,,,,,,,,287878.0,287889.0,287899.0,287919.0,287933.0,287948.0,287964.0,287988.0,287998.0,288017.0,288035.0,288049.0,288064.0,288085.0,288102.0,288107.0,288118.0,288138.0,288150.0,288161.0,288174.0,288189.0,288203.0,288217.0,288229.0,288245.0,288252.0,288267.0,288289.0,288312.0,288341.0,288364.0,288381.0,288400.0,288435.0,288455.0,288469.0,288483.0,288506.0,288521.0,288533.0,288554.0,288583.0,288612.0,288629.0,288648.0,288668.0,288681.0,288698.0,288720.0,288730.0,288744.0,288758.0,288778.0,288797.0,288813.0,288827.0,288836.0,288844.0,288859.0,288873.0,288884.0,288899.0,288917.0,288926.0,288951.0,288964.0,288981.0,289002.0,289025.0,289042.0,289060
j8UfktH2Oc0,97811.0,97818.0,97829.0,97848.0,97887.0,97915.0,97929.0,97939.0,97947.0,97959.0,97971.0,97984.0,97997.0,98013.0,98023.0,98038.0,98045.0,98057.0,98066.0,98075.0,98083.0,98096.0,98105.0,98109.0,98116.0,98130.0,98136.0,98152.0,98173.0,98190.0,98204.0,98210.0,98219.0,98225.0,98242.0,98253.0,98261.0,98274.0,98280.0,98297.0,98308.0,98315.0,98326.0,98335.0,98340.0,98350.0,98359.0,98370.0,98386.0,98398.0,98412.0,98425.0,98436.0,98445.0,98453.0,98466.0,98475.0,98493.0,98502.0,98518.0,98527.0,98536.0,98546.0,98570.0,98580.0,98597.0,98610.0,98627.0,98641.0,98656.0,98674.0,98692.0,98704.0,98718.0,98726.0,98738.0,98750.0,98765.0,98788.0,98800.0,98815.0,98828.0,98847.0,98866.0,98875.0,98910.0,98933.0,98957.0,98968.0,98980.0,98990.0,99002.0,99015.0,99030.0,99039.0,99049.0,99063.0,99082.0,99094.0,99110.0,99117.0,99126.0,99139.0,99150.0,99158.0,99163.0,99173.0,99182.0,99195.0,99206.0,99226.0,99252.0,99282.0,99317.0,99330.0,99342.0,99349.0,99356.0,99364.0,99376.0,99382.0,99386.0,99398.0,99404.0,99414.0,99420.0,99430.0,99435.0,99443.0,99456.0,99469.0,99478.0,99492.0,99505.0,,,,,,,,,99626.0,99634.0,99649.0,99654.0,99667.0,99682.0,99696.0,99710.0,99718.0,99732.0,99739.0,99747.0,99758.0,99764.0,99776.0,99784.0,99793.0,99804.0,99813.0,99825.0,99832.0,99837.0,99847.0,99857.0,99862.0,99872.0,99881.0,99887.0,99892.0,99906.0,99915.0,99922.0,99929.0,99936.0,99956.0,99965.0,99972.0,99980.0,99995.0,100006.0,100013.0,100023.0,100032.0,100043.0,100068.0,100083.0,100107.0,100121.0,100138.0,100150.0,100165.0,100176.0,100187.0,100200.0,100209.0,100219.0,100230.0,100234.0,100243.0,100249.0,100258.0,100264.0,100272.0,100280.0,100288.0,100294.0,100303.0,100307.0,100313.0,100323.0,100338.0,100345
hMmB9l0BKlc,1385.0,1385.0,1385.0,1385.0,1385.0,1385.0,1385.0,1385.0,1385.0,1385.0,1385.0,1385.0,1385.0,1385.0,1385.0,1385.0,1385.0,1385.0,1385.0,1385.0,1385.0,1385.0,1385.0,1385.0,1385.0,1385.0,1385.0,1385.0,1385.0,1385.0,1386.0,1386.0,1385.0,1386.0,1385.0,1385.0,1385.0,1385.0,1385.0,1385.0,1385.0,1385.0,1387.0,1387.0,1387.0,1388.0,1388.0,1388.0,1388.0,1388.0,1388.0,1388.0,1388.0,1388.0,1388.0,1388.0,1388.0,1388.0,1388.0,1388.0,1388.0,1388.0,1388.0,1388.0,1388.0,1388.0,1388.0,1388.0,1388.0,1388.0,1388.0,1388.0,1388.0,1388.0,1389.0,1389.0,1389.0,1389.0,1389.0,1389.0,1389.0,1389.0,1389.0,1392.0,1393.0,1393.0,1393.0,1393.0,1393.0,1393.0,1393.0,1393.0,1393.0,1393.0,1393.0,1393.0,1393.0,1393.0,1393.0,1393.0,1394.0,1394.0,1395.0,1395.0,1395.0,1395.0,1395.0,1395.0,1395.0,1395.0,1395.0,1395.0,1395.0,1395.0,1395.0,1396.0,1396.0,1396.0,1396.0,1396.0,1396.0,1396.0,1396.0,1396.0,1396.0,1396.0,1396.0,1396.0,1396.0,1397.0,1397.0,1397.0,1397.0,1397.0,,,,,,,,,1398.0,1398.0,1398.0,1399.0,1399.0,1400.0,1400.0,1400.0,1401.0,1401.0,1401.0,1401.0,1401.0,1401.0,1401.0,1401.0,1401.0,1401.0,1401.0,1401.0,1401.0,1401.0,1401.0,1401.0,1401.0,1401.0,1401.0,1401.0,1401.0,1402.0,1402.0,1402.0,1402.0,1402.0,1402.0,1402.0,1402.0,1405.0,1405.0,1405.0,1405.0,1405.0,1405.0,1405.0,1405.0,1406.0,1406.0,1407.0,1407.0,1407.0,1407.0,1407.0,1407.0,1407.0,1407.0,1407.0,1407.0,1407.0,1407.0,1407.0,1407.0,1407.0,1407.0,1407.0,1407.0,1407.0,1407.0,1408.0,1408.0,1408.0,1409.0,1409
dZaIF-BysAA,2526111.0,2526481.0,2526837.0,2527307.0,2527757.0,2528177.0,2528655.0,2529071.0,2529561.0,2529901.0,2530319.0,2530719.0,2531061.0,2531490.0,2531901.0,2532246.0,2532684.0,2533022.0,2533393.0,2533730.0,2534093.0,2534381.0,2534774.0,2535143.0,2535528.0,2535882.0,2536172.0,2536484.0,2536830.0,2537109.0,2537514.0,2537801.0,2538146.0,2538417.0,2538818.0,2539145.0,2539531.0,2539896.0,2540231.0,2540609.0,2540932.0,2541268.0,2541588.0,2541925.0,2542245.0,2542620.0,2542957.0,2543267.0,2543617.0,2543952.0,2544281.0,2544621.0,2544989.0,2545322.0,2545651.0,2545976.0,2546321.0,2546578.0,2546885.0,2547173.0,2547523.0,2547820.0,2548149.0,2548425.0,2548717.0,2548982.0,2549249.0,2549582.0,2549843.0,2550205.0,2550588.0,2550889.0,2551196.0,2551485.0,2551813.0,2552114.0,2552403.0,2552771.0,2553119.0,2553439.0,2553727.0,2554119.0,2554430.0,2554794.0,2555138.0,2555463.0,2555801.0,2556088.0,2556369.0,2556663.0,2557020.0,2557339.0,2557623.0,2557950.0,2558313.0,2558621.0,2558936.0,2559254.0,2559562.0,2559860.0,2560125.0,2560445.0,2560666.0,2560970.0,2561245.0,2561511.0,2561841.0,2562138.0,2562383.0,2562697.0,2562970.0,2563271.0,2563569.0,2563901.0,2564175.0,2564449.0,2564774.0,2565085.0,2565348.0,2565574.0,2565830.0,2566125.0,2566426.0,2566763.0,2567198.0,2567566.0,2567913.0,2568197.0,2568554.0,2568838.0,2569109.0,2569377.0,2569635.0,2569896.0,,,,,,,,,2572538.0,2572846.0,2573118.0,2573391.0,2573689.0,2573980.0,2574290.0,2574631.0,2574939.0,2575227.0,2575503.0,2575755.0,2576038.0,2576279.0,2576512.0,2576740.0,2576956.0,2577221.0,2577551.0,2577817.0,2578134.0,2578455.0,2578782.0,2579032.0,2579314.0,2579637.0,2580016.0,2580379.0,2580697.0,2580943.0,2581264.0,2581596.0,2581939.0,2582242.0,2582541.0,2582873.0,2583142.0,2583439.0,2583765.0,2584069.0,2584485.0,2584845.0,2585237.0,2585535.0,2585806.0,2586221.0,2586551.0,2586860.0,2587192.0,2587484.0,2587745.0,2588018.0,2588333.0,2588587.0,2588922.0,2589172.0,2589433.0,2589711.0,2589982.0,2590206.0,2590510.0,2590782.0,2591078.0,2591354.0,2591576.0,2591844.0,2592148.0,2592393.0,2592641.0,2592908.0,2593238.0,2593523
mFMnsRx6nhk,10944948.0,10946001.0,10947062.0,10948076.0,10948913.0,10950107.0,10951084.0,10952143.0,10953148.0,10954235.0,10955257.0,10956131.0,10957055.0,10958146.0,10959195.0,10960176.0,10961166.0,10962100.0,10962958.0,10963990.0,10965146.0,10966399.0,10968740.0,10970693.0,10972630.0,10974863.0,10977125.0,10979317.0,10981385.0,10983071.0,10984909.0,10986595.0,10988092.0,10989707.0,10991232.0,10993278.0,10995174.0,10996821.0,10998519.0,11000113.0,11001813.0,11003421.0,11005089.0,11006796.0,11008345.0,11009749.0,11011263.0,11012833.0,11014352.0,11015674.0,11017108.0,11018670.0,11019938.0,11021144.0,11022560.0,11023776.0,11024921.0,11026116.0,11027347.0,11028558.0,11029724.0,11030984.0,11032119.0,11033240.0,11034331.0,11035480.0,11036527.0,11037516.0,11038588.0,11039867.0,11040874.0,11041989.0,11043025.0,11044115.0,11045160.0,11046270.0,11047365.0,11048393.0,11049354.0,11050310.0,11051340.0,11052281.0,11053323.0,11054244.0,11055315.0,11056395.0,11057507.0,11058519.0,11059506.0,11060477.0,11061514.0,11062595.0,11063634.0,11064748.0,11065835.0,11066868.0,11068090.0,11069215.0,11070348.0,11071461.0,11072566.0,11073475.0,11074446.0,11075422.0,11076438.0,11077611.0,11078665.0,11079783.0,11080923.0,11082070.0,11083113.0,11084277.0,11085375.0,11086570.0,11087679.0,11088790.0,11089780.0,11090910.0,11092037.0,11093020.0,11094148.0,11095260.0,11096295.0,11097307.0,11098362.0,11099456.0,11100659.0,11101818.0,11102860.0,11103906.0,11104885.0,11105868.0,11106844.0,11107717.0,,,,,,,,,11116313.0,11117164.0,11118151.0,11119118.0,11120138.0,11121113.0,11122286.0,11123322.0,11124373.0,11125233.0,11126147.0,11127021.0,11127895.0,11128826.0,11129527.0,11130365.0,11131122.0,11131891.0,11132695.0,11133566.0,11134498.0,11135395.0,11136290.0,11137105.0,11138175.0,11139125.0,11140068.0,11141005.0,11141872.0,11142734.0,11143547.0,11144399.0,11145229.0,11146116.0,11146871.0,11147739.0,11148642.0,11149371.0,11150377.0,11151245.0,11152036.0,11152892.0,11153716.0,11154511.0,11155238.0,11156042.0,11156786.0,11157638.0,11158440.0,11159216.0,11159896.0,11160513.0,11161353.0,11162128.0,11162917.0,11163546.0,11164391.0,11165028.0,11165689.0,11166501.0,11167254.0,11167964.0,11168546.0,11169244.0,11169924.0,11170598.0,11171411.0,11172258.0,11173020.0,11173603.0,11174306.0,11174900
67d6uZfP8_g,33714.0,33714.0,33715.0,33715.0,33715.0,33715.0,33716.0,33716.0,33717.0,33717.0,33717.0,33718.0,33718.0,33719.0,33720.0,33720.0,33720.0,33721.0,33721.0,33721.0,33722.0,33723.0,33728.0,33731.0,33731.0,33731.0,33732.0,33735.0,33735.0,33737.0,33739.0,33739.0,33741.0,33741.0,33741.0,33741.0,33741.0,33742.0,33742.0,33743.0,33745.0,33745.0,33745.0,33746.0,33747.0,33749.0,33749.0,33749.0,33753.0,33754.0,33753.0,33753.0,33755.0,33756.0,33756.0,33758.0,33757.0,33759.0,33759.0,33759.0,33759.0,33759.0,33761.0,33762.0,33762.0,33762.0,33763.0,33764.0,33764.0,33764.0,33764.0,33766.0,33766.0,33766.0,33766.0,33766.0,33767.0,33767.0,33768.0,33768.0,33768.0,33769.0,33770.0,33770.0,33770.0,33770.0,33771.0,33770.0,33772.0,33773.0,33773.0,33772.0,33772.0,33772.0,33773.0,33774.0,33775.0,33775.0,33776.0,33776.0,33776.0,33777.0,33784.0,33785.0,33786.0,33786.0,33789.0,33790.0,33790.0,33789.0,33789.0,33791.0,33791.0,33791.0,33792.0,33793.0,33794.0,33796.0,33798.0,33799.0,33801.0,33801.0,33801.0,33803.0,33803.0,33804.0,33804.0,33804.0,33804.0,33806.0,33806.0,33808.0,33809.0,33810.0,,,,,,,,,33813.0,33813.0,33814.0,33815.0,33818.0,33819.0,33823.0,33829.0,33835.0,33837.0,33841.0,33843.0,33845.0,33849.0,33849.0,33853.0,33856.0,33858.0,33860.0,33863.0,33863.0,33864.0,33864.0,33864.0,33865.0,33866.0,33868.0,33870.0,33871.0,33871.0,33872.0,33872.0,33872.0,33872.0,33872.0,33873.0,33874.0,33874.0,33874.0,33876.0,33878.0,33879.0,33879.0,33880.0,33880.0,33880.0,33880.0,33880.0,33881.0,33881.0,33882.0,33882.0,33883.0,33883.0,33886.0,33888.0,33892.0,33891.0,33891.0,33899.0,33910.0,33913.0,33914.0,33914.0,33919.0,33921.0,33922.0,33926.0,33926.0,33927.0,33928.0,33929
_MFmF81BD88,7154524.0,7155016.0,7155347.0,7155693.0,7155924.0,7156243.0,7156573.0,7156889.0,7157216.0,7157554.0,7157882.0,7158187.0,7158553.0,7158871.0,7159210.0,7159498.0,7159838.0,7160170.0,7160446.0,7160831.0,7161163.0,7161579.0,7162704.0,7163621.0,7164614.0,7165981.0,7167205.0,7168128.0,7168913.0,7169859.0,7170741.0,7171602.0,7172164.0,7172772.0,7173259.0,7174261.0,7174966.0,7175568.0,7176295.0,7176851.0,7177423.0,7178072.0,7178629.0,7179153.0,7179638.0,7180243.0,7180777.0,7181395.0,7182007.0,7182437.0,7182912.0,7183356.0,7183719.0,7184070.0,7184428.0,7184755.0,7185148.0,7185523.0,7185862.0,7186240.0,7186580.0,7186956.0,7187351.0,7187692.0,7188032.0,7188364.0,7188675.0,7188957.0,7189250.0,7189622.0,7189972.0,7190341.0,7190648.0,7191001.0,7191309.0,7191661.0,7192010.0,7192311.0,7192630.0,7193008.0,7193327.0,7193633.0,7194011.0,7194314.0,7194652.0,7194972.0,7195298.0,7195653.0,7196012.0,7196450.0,7196825.0,7197156.0,7197522.0,7197843.0,7198248.0,7198584.0,7199007.0,7199342.0,7199729.0,7200166.0,7200596.0,7200909.0,7201277.0,7201603.0,7202029.0,7202379.0,7202791.0,7203130.0,7203498.0,7203907.0,7204297.0,7204673.0,7205016.0,7205417.0,7205796.0,7206121.0,7206432.0,7206733.0,7207044.0,7207380.0,7207832.0,7208190.0,7208509.0,7208828.0,7209190.0,7209588.0,7209949.0,7210242.0,7210580.0,7210949.0,7211272.0,7211594.0,7211979.0,7212266.0,,,,,,,,,7214851.0,7215131.0,7215406.0,7215703.0,7216041.0,7216380.0,7216767.0,7217165.0,7217672.0,7218085.0,7218530.0,7218890.0,7219302.0,7219620.0,7219952.0,7220294.0,7220614.0,7220961.0,7221328.0,7221722.0,7222086.0,7222449.0,7222764.0,7223103.0,7223497.0,7223857.0,7224174.0,7224499.0,7224849.0,7225126.0,7225445.0,7225757.0,7226029.0,7226356.0,7226612.0,7226906.0,7227223.0,7227513.0,7227809.0,7228187.0,7228483.0,7228801.0,7229073.0,7229351.0,7229577.0,7229853.0,7230175.0,7230437.0,7230711.0,7230916.0,7231157.0,7231420.0,7231661.0,7231912.0,7232210.0,7232456.0,7232676.0,7232948.0,7233191.0,7233437.0,7233681.0,7233925.0,7234101.0,7234270.0,7234484.0,7234678.0,7234924.0,7235160.0,7235403.0,7235610.0,7235852.0,7236066
mLujariVSJs,1175175.0,1175323.0,1175510.0,1175702.0,1175947.0,1176166.0,1176365.0,1176648.0,1176898.0,1177120.0,1177340.0,1177570.0,1177792.0,1178063.0,1178289.0,1178547.0,1178752.0,1178963.0,1179200.0,1179481.0,1179722.0,1180000.0,1180228.0,1180483.0,1180748.0,1181099.0,1181532.0,1181916.0,1182239.0,1182560.0,1182823.0,1183035.0,1183277.0,1183557.0,1183810.0,1184016.0,1184262.0,1184499.0,1184721.0,1185007.0,1185242.0,1185467.0,1185703.0,1185897.0,1186100.0,1186354.0,1186580.0,1186785.0,1187019.0,1187220.0,1187405.0,1187630.0,1187805.0,1187977.0,1188191.0,1188414.0,1188606.0,1188757.0,1188922.0,1189076.0,1189293.0,1189480.0,1189710.0,1189877.0,1190030.0,1190179.0,1190332.0,1190513.0,1190669.0,1190892.0,1191102.0,1191298.0,1191443.0,1191611.0,1191791.0,1191960.0,1192171.0,1192375.0,1192551.0,1192691.0,1192845.0,1193026.0,1193199.0,1193381.0,1193548.0,1193741.0,1193891.0,1194020.0,1194171.0,1194327.0,1194461.0,1194673.0,1194838.0,1194968.0,1195160.0,1195348.0,1195506.0,1195668.0,1195833.0,1196018.0,1196239.0,1196402.0,1196622.0,1196797.0,1196975.0,1197183.0,1197360.0,1197540.0,1197696.0,1197879.0,1198081.0,1198329.0,1198534.0,1198753.0,1198971.0,1199118.0,1199306.0,1199516.0,1199735.0,1199905.0,1200151.0,1200321.0,1200463.0,1200643.0,1200853.0,1201047.0,1201251.0,1201507.0,1201703.0,1201883.0,1202157.0,1202380.0,1202628.0,1202864.0,,,,,,,,,1204742.0,1204969.0,1205198.0,1205446.0,1205695.0,1205915.0,1206140.0,1206377.0,1206588.0,1206832.0,1207033.0,1207258.0,1207510.0,1207714.0,1207919.0,1208130.0,1208372.0,1208601.0,1208868.0,1209098.0,1209320.0,1209556.0,1209724.0,1209947.0,1210217.0,1210418.0,1210632.0,1210790.0,1210978.0,1211150.0,1211387.0,1211567.0,1211779.0,1211953.0,1212177.0,1212319.0,1212488.0,1212727.0,1212933.0,1213176.0,1213406.0,1213613.0,1213786.0,1214015.0,1214229.0,1214501.0,1214735.0,1214938.0,1215158.0,1215342.0,1215642.0,1215951.0,1216150.0,1216397.0,1216591.0,1216831.0,1216960.0,1217088.0,1217257.0,1217402.0,1217573.0,1217686.0,1217837.0,1218001.0,1218159.0,1218337.0,1218511.0,1218691.0,1218817.0,1218995.0,1219216.0,1219389
KTFWCLeqn04,11443961.0,11450281.0,11457273.0,11464359.0,11471461.0,11478589.0,11486706.0,11495153.0,11503780.0,11512356.0,11521510.0,11530272.0,11539726.0,11548743.0,11558291.0,11568031.0,11577229.0,11586097.0,11595259.0,11604873.0,11613954.0,11623461.0,11632710.0,11640605.0,11648496.0,11656532.0,11664880.0,11673204.0,11682367.0,11690678.0,11698752.0,11706352.0,11713467.0,11720405.0,11728333.0,11736511.0,11744836.0,11752150.0,11759749.0,11767437.0,11775936.0,11783589.0,11791818.0,11799865.0,11807705.0,11815522.0,11823143.0,11830759.0,11837868.0,11844504.0,11851116.0,11857209.0,11863339.0,11869586.0,11876099.0,11882534.0,11888972.0,11895783.0,11902300.0,11908633.0,11915008.0,11922053.0,11929060.0,11935958.0,11942498.0,11948493.0,11954469.0,11960225.0,11965744.0,11972504.0,11978505.0,11984293.0,11990449.0,11996800.0,12002972.0,12009177.0,12014989.0,12020596.0,12026322.0,12031804.0,12037550.0,12043246.0,12049411.0,12056109.0,12062190.0,12068301.0,12073819.0,12079240.0,12084869.0,12090783.0,12096681.0,12102401.0,12108178.0,12113549.0,12119284.0,12125017.0,12130661.0,12135977.0,12141709.0,12147683.0,12153534.0,12159387.0,12164655.0,12170523.0,12176812.0,12183257.0,12188977.0,12194182.0,12199594.0,12205290.0,12211070.0,12216993.0,12222782.0,12228532.0,12233958.0,12239573.0,12245423.0,12251240.0,12257016.0,12262888.0,12268664.0,12274003.0,12279421.0,12285106.0,12291217.0,12297462.0,12303733.0,12309676.0,12315038.0,12320464.0,12326316.0,12332370.0,12338622.0,12344552.0,,,,,,,,,12401190.0,12407658.0,12413832.0,12420425.0,12427011.0,12433287.0,12439353.0,12445088.0,12451271.0,12457263.0,12463183.0,12469279.0,12476042.0,12481945.0,12487736.0,12493643.0,12499520.0,12505600.0,12512186.0,12518690.0,12524742.0,12530679.0,12536432.0,12542058.0,12548796.0,12555151.0,12561768.0,12568202.0,12574488.0,12580909.0,12587576.0,12594341.0,12601032.0,12607712.0,12614050.0,12619737.0,12625885.0,12632138.0,12638716.0,12645270.0,12651435.0,12657351.0,12663104.0,12668665.0,12674277.0,12679988.0,12685772.0,12691821.0,12698075.0,12703575.0,12708772.0,12714166.0,12719749.0,12725691.0,12731134.0,12736723.0,12741891.0,12747240.0,12753965.0,12760626.0,12766876.0,12772523.0,12777370.0,12782645.0,12787714.0,12793225.0,12799127.0,12804663.0,12809738.0,12814584.0,12819858.0,12825171
NIwGmyvs_DE,87204.0,87213.0,87220.0,87234.0,87243.0,87257.0,87264.0,87274.0,87284.0,87294.0,87304.0,87314.0,87326.0,87343.0,87358.0,87366.0,87375.0,87392.0,87401.0,87410.0,87417.0,87426.0,87433.0,87450.0,87455.0,87464.0,87472.0,87482.0,87492.0,87511.0,87522.0,87532.0,87541.0,87552.0,87565.0,87576.0,87584.0,87597.0,87605.0,87615.0,87619.0,87630.0,87637.0,87648.0,87654.0,87662.0,87671.0,87680.0,87693.0,87707.0,87718.0,87725.0,87731.0,87737.0,87741.0,87751.0,87759.0,87761.0,87765.0,87773.0,87781.0,87786.0,87793.0,87802.0,87807.0,87820.0,87827.0,87835.0,87841.0,87853.0,87861.0,87868.0,87872.0,87882.0,87895.0,87905.0,87912.0,87919.0,87924.0,87935.0,87941.0,87950.0,87961.0,87968.0,87976.0,87983.0,87993.0,88003.0,88011.0,88018.0,88036.0,88042.0,88051.0,88061.0,88094.0,88115.0,88127.0,88139.0,88152.0,88166.0,88171.0,88176.0,88183.0,88188.0,88208.0,88215.0,88225.0,88238.0,88244.0,88259.0,88267.0,88270.0,88282.0,88296.0,88299.0,88308.0,88321.0,88329.0,88341.0,88359.0,88380.0,88390.0,88405.0,88416.0,88437.0,88449.0,88460.0,88467.0,88475.0,88491.0,88504.0,88514.0,88518.0,88531.0,,,,,,,,,88605.0,88611.0,88615.0,88632.0,88643.0,88658.0,88669.0,88680.0,88686.0,88704.0,88710.0,88717.0,88721.0,88727.0,88734.0,88745.0,88750.0,88757.0,88766.0,88771.0,88776.0,88780.0,88794.0,88795.0,88803.0,88810.0,88818.0,88828.0,88838.0,88849.0,88850.0,88861.0,88868.0,88872.0,88878.0,88883.0,88890.0,88895.0,88897.0,88901.0,88904.0,88908.0,88913.0,88918.0,88927.0,88928.0,88938.0,88939.0,88956.0,88968.0,88979.0,88991.0,88997.0,88999.0,89002.0,89005.0,89014.0,89019.0,89022.0,89027.0,89033.0,89039.0,89044.0,89053.0,89064.0,89079.0,89087.0,89103.0,89109.0,89119.0,89130.0,89138
O7hb9V4kd8U,9539.0,9539.0,9541.0,9542.0,9542.0,9544.0,9546.0,9547.0,9548.0,9548.0,9548.0,9548.0,9548.0,9548.0,9548.0,9548.0,9548.0,9549.0,9551.0,9551.0,9552.0,9554.0,9555.0,9555.0,9556.0,9557.0,9557.0,9557.0,9557.0,9560.0,9561.0,9562.0,9564.0,9563.0,9563.0,9565.0,9566.0,9567.0,9568.0,9568.0,9568.0,9570.0,9571.0,9571.0,9572.0,9573.0,9574.0,9575.0,9575.0,9577.0,9577.0,9577.0,9578.0,9578.0,9581.0,9584.0,9584.0,9584.0,9584.0,9587.0,9589.0,9593.0,9594.0,9593.0,9594.0,9595.0,9595.0,9596.0,9600.0,9600.0,9600.0,9600.0,9600.0,9601.0,9602.0,9602.0,9602.0,9602.0,9603.0,9603.0,9604.0,9605.0,9606.0,9605.0,9605.0,9605.0,9605.0,9606.0,9606.0,9608.0,9610.0,9610.0,9610.0,9610.0,9610.0,9611.0,9612.0,9612.0,9612.0,9613.0,9613.0,9613.0,9613.0,9616.0,9619.0,9620.0,9620.0,9621.0,9621.0,9622.0,9622.0,9622.0,9622.0,9622.0,9623.0,9623.0,9623.0,9624.0,9624.0,9625.0,9627.0,9628.0,9628.0,9628.0,9627.0,9627.0,9628.0,9628.0,9628.0,9628.0,9629.0,9629.0,9629.0,9630.0,,,,,,,,,9638.0,9638.0,9638.0,9638.0,9638.0,9640.0,9642.0,9643.0,9644.0,9644.0,9644.0,9646.0,9646.0,9647.0,9648.0,9648.0,9648.0,9649.0,9649.0,9649.0,9650.0,9650.0,9650.0,9650.0,9652.0,9653.0,9655.0,9656.0,9656.0,9656.0,9655.0,9657.0,9657.0,9658.0,9659.0,9659.0,9661.0,9662.0,9662.0,9663.0,9664.0,9666.0,9670.0,9670.0,9670.0,9670.0,9670.0,9670.0,9671.0,9672.0,9674.0,9674.0,9675.0,9676.0,9676.0,9677.0,9677.0,9677.0,9678.0,9681.0,9681.0,9681.0,9684.0,9684.0,9684.0,9684.0,9685.0,9687.0,9687.0,9687.0,9689.0,9693
AcqO22fv6iI,3159.0,3160.0,3162.0,3163.0,3163.0,3164.0,3166.0,3169.0,3171.0,3173.0,3174.0,3177.0,3181.0,3182.0,3183.0,3183.0,3186.0,3187.0,3189.0,3190.0,3194.0,3197.0,3197.0,3198.0,3200.0,3201.0,3201.0,3208.0,3212.0,3213.0,3213.0,3213.0,3213.0,3214.0,3215.0,3217.0,3219.0,3220.0,3223.0,3227.0,3228.0,3232.0,3233.0,3235.0,3236.0,3236.0,3238.0,3238.0,3239.0,3243.0,3246.0,3248.0,3250.0,3251.0,3255.0,3256.0,3257.0,3259.0,3261.0,3261.0,3261.0,3262.0,3263.0,3264.0,3265.0,3265.0,3267.0,3267.0,3269.0,3270.0,3272.0,3272.0,3274.0,3275.0,3277.0,3278.0,3282.0,3283.0,3284.0,3284.0,3284.0,3284.0,3287.0,3288.0,3288.0,3289.0,3290.0,3291.0,3292.0,3293.0,3295.0,3295.0,3295.0,3296.0,3296.0,3296.0,3296.0,3297.0,3297.0,3297.0,3297.0,3297.0,3297.0,3298.0,3298.0,3299.0,3300.0,3301.0,3301.0,3302.0,3302.0,3302.0,3303.0,3304.0,3306.0,3306.0,3306.0,3307.0,3307.0,3307.0,3308.0,3308.0,3308.0,3308.0,3310.0,3310.0,3310.0,3310.0,3310.0,3310.0,3310.0,3310.0,3311.0,3311.0,,,,,,,,,3310.0,3310.0,3310.0,3310.0,3310.0,3310.0,3310.0,3311.0,3311.0,3311.0,3311.0,3311.0,3311.0,3311.0,3311.0,3311.0,3311.0,3311.0,3311.0,3311.0,3311.0,3311.0,3311.0,3311.0,3311.0,3311.0,3311.0,3311.0,3311.0,3312.0,3313.0,3313.0,3313.0,3314.0,3314.0,3315.0,3316.0,3316.0,3316.0,3316.0,3316.0,3316.0,3316.0,3316.0,3317.0,3317.0,3317.0,3317.0,3317.0,3317.0,3317.0,3318.0,3318.0,3318.0,3320.0,3321.0,3321.0,3321.0,3322.0,3324.0,3324.0,3324.0,3324.0,3324.0,3324.0,3325.0,3325.0,3325.0,3326.0,3328.0,3328.0,3328
tRQF-zRPeQ8,1227110.0,1228539.0,1229720.0,1231009.0,1232625.0,1234288.0,1235603.0,1237239.0,1238812.0,1240249.0,1241502.0,1242908.0,1244281.0,1245678.0,1246945.0,1248194.0,1249462.0,1250514.0,1251961.0,1253181.0,1254628.0,1256042.0,1257401.0,1258520.0,1259646.0,1260847.0,1262172.0,1263362.0,1264474.0,1265802.0,1266853.0,1267815.0,1269030.0,1270272.0,1271479.0,1272725.0,1273983.0,1275014.0,1275873.0,1276908.0,1278138.0,1279214.0,1280498.0,1281568.0,1282654.0,1283484.0,1284992.0,1286518.0,1288131.0,1289578.0,1290893.0,1291941.0,1293061.0,1294340.0,1295687.0,1296862.0,1298150.0,1299377.0,1300423.0,1301499.0,1302832.0,1304319.0,1305717.0,1307068.0,1308448.0,1309542.0,1310484.0,1311663.0,1312712.0,1314078.0,1315343.0,1316419.0,1317599.0,1318615.0,1319860.0,1321104.0,1322343.0,1323512.0,1324838.0,1326003.0,1327182.0,1328507.0,1330058.0,1331533.0,1332959.0,1334436.0,1335446.0,1336578.0,1338009.0,1339284.0,1340725.0,1342106.0,1343631.0,1345144.0,1346637.0,1348374.0,1350187.0,1351924.0,1353547.0,1354955.0,1355997.0,1357097.0,1358573.0,1359954.0,1361268.0,1362796.0,1364431.0,1365837.0,1367119.0,1368810.0,1370465.0,1372138.0,1374806.0,1377818.0,1380654.0,1383365.0,1386961.0,1390499.0,1394130.0,1397493.0,1400093.0,1402520.0,1404583.0,1406564.0,1408491.0,1410480.0,1412536.0,1414672.0,1416611.0,1418329.0,1420464.0,1422480.0,1424497.0,1426489.0,,,,,,,,,1444217.0,1445722.0,1447441.0,1449155.0,1451323.0,1453331.0,1455164.0,1456783.0,1458602.0,1460812.0,1463233.0,1465953.0,1468091.0,1470111.0,1471787.0,1473356.0,1475710.0,1477951.0,1479959.0,1481790.0,1483555.0,1485080.0,1486439.0,1488137.0,1489879.0,1491624.0,1493180.0,1495026.0,1496432.0,1497654.0,1499452.0,1501214.0,1502965.0,1504768.0,1506730.0,1509125.0,1511901.0,1514663.0,1517287.0,1519383.0,1521794.0,1524028.0,1525889.0,1527567.0,1529606.0,1531457.0,1533309.0,1535124.0,1536978.0,1538341.0,1539702.0,1541407.0,1543139.0,1544865.0,1546498.0,1548234.0,1549514.0,1550773.0,1552639.0,1554381.0,1556107.0,1557309.0,1558907.0,1560245.0,1561495.0,1563078.0,1564710.0,1566256.0,1567336.0,1568763.0,1569908.0,1571184
J6HSSchvIbA,2511816.0,2514883.0,2518339.0,2521967.0,2526052.0,2530437.0,2534495.0,2537858.0,2541333.0,2544811.0,2547996.0,2551975.0,2556306.0,2560168.0,2564103.0,2567307.0,2570188.0,2572831.0,2576357.0,2579337.0,2582485.0,2585878.0,2589197.0,2592093.0,2594171.0,2596441.0,2598734.0,2601142.0,2603818.0,2606871.0,2609251.0,2611367.0,2614503.0,2617634.0,2621197.0,2624641.0,2628084.0,2630923.0,2633446.0,2637043.0,2640673.0,2644298.0,2648465.0,2652825.0,2655749.0,2658422.0,2662091.0,2666008.0,2669981.0,2674155.0,2678296.0,2682867.0,2686734.0,2691598.0,2695852.0,2699883.0,2703677.0,2707585.0,2710800.0,2713532.0,2716694.0,2720045.0,2723233.0,2726231.0,2729107.0,2731460.0,2733547.0,2736358.0,2738923.0,2742155.0,2745089.0,2747441.0,2749836.0,2752013.0,2754563.0,2757285.0,2760203.0,2763390.0,2766405.0,2768919.0,2771234.0,2773963.0,2776970.0,2780013.0,2782709.0,2785774.0,2788369.0,2790569.0,2793470.0,2796545.0,2799586.0,2802772.0,2805835.0,2808860.0,2811692.0,2815025.0,2818608.0,2821445.0,2824425.0,2828516.0,2833539.0,2836133.0,2839361.0,2842802.0,2846456.0,2850400.0,2853902.0,2859478.0,2863913.0,2868546.0,2873033.0,2877406.0,2884009.0,2891160.0,2898510.0,2904573.0,2911950.0,2919140.0,2925964.0,2932217.0,2937172.0,2941787.0,2946002.0,2950421.0,2954674.0,2958894.0,2962568.0,2967237.0,2971780.0,2976098.0,2984125.0,2989883.0,2995672.0,3000890.0,,,,,,,,,3046534.0,3051077.0,3056579.0,3061661.0,3067123.0,3072807.0,3077755.0,3082392.0,3090764.0,3099714.0,3108912.0,3117634.0,3125002.0,3131017.0,3136684.0,3141912.0,3147192.0,3154398.0,3163500.0,3170332.0,3174674.0,3178611.0,3182145.0,3186040.0,3189870.0,3193612.0,3197456.0,3201663.0,3205192.0,3208877.0,3212890.0,3217122.0,3220926.0,3224439.0,3228112.0,3231927.0,3235834.0,3239750.0,3243441.0,3246927.0,3250528.0,3254419.0,3257383.0,3260359.0,3264108.0,3268148.0,3271816.0,3276063.0,3280518.0,3283928.0,3286599.0,3290036.0,3293125.0,3296250.0,3299778.0,3303734.0,3306664.0,3309271.0,3312986.0,3316866.0,3320634.0,3323468.0,3327298.0,3330702.0,3333683.0,3337841.0,3341970.0,3345934.0,3348870.0,3352897.0,3356679.0,3360442
uS5DsnRgmpg,2264118.0,2264394.0,2264770.0,2265124.0,2265501.0,2265888.0,2266289.0,2266673.0,2267091.0,2267455.0,2267804.0,2268149.0,2268557.0,2268920.0,2269317.0,2269654.0,2269996.0,2270322.0,2270633.0,2271001.0,2271415.0,2271844.0,2272240.0,2272692.0,2273128.0,2273483.0,2273907.0,2274340.0,2274699.0,2275139.0,2275484.0,2275858.0,2276197.0,2276707.0,2277180.0,2277599.0,2278031.0,2278473.0,2278786.0,2279205.0,2279621.0,2279939.0,2280398.0,2280803.0,2281200.0,2281510.0,2281844.0,2282271.0,2282705.0,2283085.0,2283574.0,2284027.0,2284481.0,2284930.0,2285393.0,2285993.0,2286603.0,2287148.0,2287619.0,2288150.0,2288524.0,2288938.0,2289337.0,2289677.0,2290088.0,2290426.0,2290777.0,2291183.0,2291546.0,2291945.0,2292247.0,2292614.0,2292891.0,2293237.0,2293536.0,2293969.0,2294383.0,2294759.0,2295128.0,2295457.0,2295809.0,2296161.0,2296483.0,2296841.0,2297134.0,2297463.0,2297753.0,2298111.0,2298466.0,2298815.0,2299164.0,2299493.0,2299870.0,2300169.0,2300480.0,2300810.0,2301151.0,2301415.0,2301763.0,2302014.0,2302276.0,2302528.0,2302767.0,2303077.0,2303333.0,2303610.0,2303902.0,2304182.0,2304549.0,2304850.0,2305243.0,2305899.0,2306223.0,2306572.0,2306887.0,2307217.0,2307567.0,2307911.0,2308208.0,2308574.0,2308945.0,2309363.0,2309681.0,2310011.0,2310345.0,2310617.0,2310965.0,2311265.0,2311554.0,2311810.0,2312141.0,2312555.0,2312923.0,2313256.0,,,,,,,,,2316364.0,2316726.0,2317067.0,2317364.0,2317705.0,2318023.0,2318287.0,2318526.0,2318800.0,2319102.0,2319394.0,2319664.0,2319933.0,2320179.0,2320500.0,2320750.0,2321059.0,2321284.0,2321612.0,2322046.0,2322423.0,2322804.0,2323286.0,2323626.0,2324069.0,2324504.0,2324920.0,2325263.0,2325644.0,2325993.0,2326313.0,2326722.0,2327084.0,2327421.0,2327751.0,2328022.0,2328364.0,2328613.0,2328918.0,2329287.0,2329660.0,2329994.0,2330298.0,2330616.0,2330900.0,2331235.0,2331507.0,2331844.0,2332130.0,2332423.0,2332701.0,2332970.0,2333305.0,2333628.0,2333943.0,2334267.0,2334571.0,2334903.0,2335175.0,2335410.0,2335742.0,2335994.0,2336309.0,2336652.0,2336914.0,2337228.0,2337598.0,2337883.0,2338171.0,2338423.0,2338693.0,2338989
WrWl9k9dVrU,1723.0,1723.0,1723.0,1723.0,1724.0,1724.0,1724.0,1724.0,1724.0,1724.0,1724.0,1724.0,1724.0,1724.0,1724.0,1724.0,1724.0,1724.0,1724.0,1724.0,1724.0,1724.0,1724.0,1724.0,1725.0,1725.0,1727.0,1729.0,1729.0,1729.0,1730.0,1731.0,1731.0,1731.0,1731.0,1732.0,1733.0,1733.0,1733.0,1733.0,1733.0,1733.0,1733.0,1733.0,1733.0,1733.0,1734.0,1735.0,1735.0,1735.0,1735.0,1735.0,1736.0,1736.0,1736.0,1736.0,1735.0,1735.0,1735.0,1735.0,1735.0,1735.0,1735.0,1735.0,1735.0,1735.0,1735.0,1735.0,1738.0,1738.0,1738.0,1738.0,1738.0,1738.0,1738.0,1738.0,1739.0,1739.0,1740.0,1742.0,1742.0,1742.0,1742.0,1742.0,1743.0,1744.0,1744.0,1744.0,1744.0,1745.0,1745.0,1745.0,1745.0,1745.0,1745.0,1745.0,1745.0,1745.0,1745.0,1745.0,1745.0,1746.0,1746.0,1746.0,1746.0,1746.0,1746.0,1746.0,1746.0,1746.0,1746.0,1749.0,1752.0,1754.0,1754.0,1757.0,1759.0,1761.0,1761.0,1761.0,1762.0,1763.0,1767.0,1769.0,1769.0,1769.0,1770.0,1772.0,1772.0,1772.0,1774.0,1774.0,1774.0,1777.0,,,,,,,,,1794.0,1795.0,1795.0,1796.0,1803.0,1805.0,1806.0,1807.0,1807.0,1811.0,1812.0,1817.0,1820.0,1825.0,1827.0,1830.0,1837.0,1842.0,1846.0,1847.0,1847.0,1847.0,1849.0,1849.0,1849.0,1849.0,1849.0,1849.0,1851.0,1851.0,1853.0,1854.0,1855.0,1859.0,1860.0,1863.0,1864.0,1867.0,1869.0,1870.0,1873.0,1873.0,1874.0,1875.0,1876.0,1877.0,1877.0,1878.0,1879.0,1879.0,1881.0,1883.0,1884.0,1884.0,1886.0,1887.0,1889.0,1890.0,1890.0,1890.0,1892.0,1892.0,1892.0,1894.0,1894.0,1894.0,1894.0,1895.0,1895.0,1896.0,1896.0,1896
wpX8obclnSI,6697.0,6697.0,6697.0,6697.0,6698.0,6698.0,6698.0,6698.0,6704.0,6704.0,6706.0,6706.0,6715.0,6715.0,6718.0,6719.0,6721.0,6721.0,6722.0,6722.0,6723.0,6723.0,6723.0,6723.0,6724.0,6725.0,6725.0,6726.0,6726.0,6728.0,6728.0,6729.0,6730.0,6731.0,6731.0,6731.0,6731.0,6731.0,6731.0,6731.0,6732.0,6732.0,6732.0,6734.0,6735.0,6735.0,6736.0,6737.0,6737.0,6737.0,6738.0,6739.0,6741.0,6742.0,6742.0,6744.0,6744.0,6745.0,6745.0,6746.0,6746.0,6747.0,6747.0,6747.0,6748.0,6748.0,6748.0,6748.0,6751.0,6751.0,6752.0,6752.0,6752.0,6753.0,6756.0,6757.0,6758.0,6757.0,6757.0,6757.0,6758.0,6762.0,6763.0,6763.0,6763.0,6764.0,6764.0,6766.0,6768.0,6768.0,6770.0,6770.0,6771.0,6771.0,6774.0,6775.0,6775.0,6775.0,6775.0,6777.0,6778.0,6779.0,6779.0,6779.0,6779.0,6779.0,6779.0,6780.0,6780.0,6784.0,6786.0,6786.0,6787.0,6787.0,6787.0,6788.0,6790.0,6791.0,6794.0,6794.0,6794.0,6794.0,6794.0,6797.0,6800.0,6802.0,6803.0,6806.0,6806.0,6809.0,6810.0,6811.0,6812.0,6812.0,,,,,,,,,6831.0,6831.0,6835.0,6836.0,6840.0,6842.0,6843.0,6844.0,6845.0,6848.0,6849.0,6849.0,6852.0,6853.0,6854.0,6855.0,6856.0,6856.0,6857.0,6858.0,6858.0,6859.0,6859.0,6859.0,6860.0,6860.0,6860.0,6860.0,6860.0,6860.0,6860.0,6860.0,6860.0,6861.0,6862.0,6862.0,6863.0,6863.0,6863.0,6863.0,6864.0,6865.0,6865.0,6869.0,6869.0,6869.0,6869.0,6870.0,6871.0,6871.0,6872.0,6872.0,6872.0,6872.0,6872.0,6872.0,6873.0,6875.0,6875.0,6875.0,6875.0,6875.0,6875.0,6877.0,6877.0,6877.0,6877.0,6878.0,6879.0,6879.0,6879.0,6881
-k9WSpslMF4,5506.0,5506.0,5509.0,5510.0,5511.0,5511.0,5512.0,5512.0,5513.0,5514.0,5514.0,5515.0,5516.0,5518.0,5520.0,5521.0,5522.0,5526.0,5527.0,5528.0,5530.0,5530.0,5530.0,5530.0,5530.0,5530.0,5531.0,5531.0,5533.0,5534.0,5534.0,5537.0,5537.0,5538.0,5541.0,5541.0,5543.0,5545.0,5547.0,5548.0,5549.0,5556.0,5556.0,5558.0,5558.0,5559.0,5563.0,5564.0,5564.0,5566.0,5566.0,5567.0,5567.0,5571.0,5571.0,5571.0,5571.0,5571.0,5573.0,5573.0,5573.0,5574.0,5574.0,5574.0,5575.0,5578.0,5581.0,5582.0,5582.0,5582.0,5583.0,5584.0,5584.0,5584.0,5585.0,5585.0,5585.0,5586.0,5586.0,5587.0,5588.0,5588.0,5588.0,5589.0,5591.0,5593.0,5594.0,5594.0,5595.0,5595.0,5595.0,5596.0,5596.0,5597.0,5597.0,5598.0,5598.0,5598.0,5600.0,5601.0,5601.0,5601.0,5601.0,5603.0,5603.0,5603.0,5603.0,5603.0,5603.0,5604.0,5607.0,5609.0,5611.0,5611.0,5611.0,5612.0,5612.0,5616.0,5618.0,5620.0,5622.0,5622.0,5622.0,5623.0,5624.0,5625.0,5625.0,5625.0,5626.0,5628.0,5629.0,5629.0,5630.0,5630.0,,,,,,,,,5640.0,5640.0,5641.0,5642.0,5643.0,5644.0,5644.0,5644.0,5645.0,5645.0,5646.0,5646.0,5646.0,5647.0,5647.0,5647.0,5647.0,5647.0,5648.0,5649.0,5649.0,5650.0,5650.0,5650.0,5651.0,5652.0,5653.0,5654.0,5655.0,5656.0,5656.0,5656.0,5659.0,5660.0,5660.0,5660.0,5659.0,5659.0,5660.0,5660.0,5661.0,5660.0,5662.0,5663.0,5665.0,5666.0,5668.0,5669.0,5669.0,5669.0,5671.0,5672.0,5672.0,5675.0,5676.0,5677.0,5677.0,5679.0,5680.0,5681.0,5681.0,5681.0,5681.0,5682.0,5682.0,5682.0,5682.0,5683.0,5685.0,5685.0,5685.0,5685
bCSh3cNhR7E,88554.0,88582.0,88611.0,88634.0,88655.0,88692.0,88734.0,88772.0,88797.0,88835.0,88860.0,88887.0,88928.0,88965.0,88996.0,89029.0,89059.0,89086.0,89110.0,89133.0,89156.0,89176.0,89210.0,89239.0,89265.0,89310.0,89346.0,89382.0,89418.0,89451.0,89485.0,89516.0,89552.0,89579.0,89605.0,89637.0,89670.0,89697.0,89720.0,89737.0,89760.0,89782.0,89806.0,89853.0,89868.0,89896.0,89941.0,89981.0,90012.0,90033.0,90056.0,90076.0,90103.0,90126.0,90146.0,90166.0,90183.0,90213.0,90239.0,90262.0,90279.0,90299.0,90324.0,90361.0,90395.0,90428.0,90459.0,90475.0,90493.0,90524.0,90545.0,90575.0,90599.0,90624.0,90648.0,90687.0,90716.0,90746.0,90783.0,90818.0,90845.0,90881.0,90907.0,90940.0,90958.0,90985.0,90998.0,91015.0,91043.0,91071.0,91101.0,91130.0,91158.0,91179.0,91208.0,91236.0,91257.0,91287.0,91324.0,91349.0,91367.0,91399.0,91434.0,91463.0,91515.0,91563.0,91598.0,91639.0,91681.0,91707.0,91743.0,91787.0,91827.0,91869.0,91896.0,91932.0,91958.0,91993.0,92032.0,92063.0,92099.0,92120.0,92144.0,92187.0,92215.0,92240.0,92271.0,92306.0,92399.0,92423.0,92464.0,92495.0,92533.0,92608.0,,,,,,,,,92946.0,93000.0,93045.0,93077.0,93124.0,93181.0,93214.0,93254.0,93299.0,93329.0,93366.0,93407.0,93452.0,93485.0,93528.0,93560.0,93593.0,93633.0,93661.0,93692.0,93711.0,93732.0,93755.0,93782.0,93811.0,93841.0,93870.0,93896.0,93913.0,93934.0,93963.0,93984.0,94009.0,94050.0,94074.0,94106.0,94119.0,94138.0,94165.0,94183.0,94212.0,94240.0,94257.0,94270.0,94283.0,94303.0,94327.0,94358.0,94393.0,94418.0,94444.0,94464.0,94493.0,94517.0,94544.0,94569.0,94597.0,94625.0,94641.0,94660.0,94689.0,94713.0,94765.0,94792.0,94812.0,94838.0,94861.0,94885.0,94899.0,94921.0,94947.0,94964
DccO5vew6uQ,388572.0,388658.0,388775.0,388855.0,388925.0,389022.0,389101.0,389181.0,389263.0,389343.0,389421.0,389499.0,389598.0,389682.0,389756.0,389835.0,389893.0,389947.0,390035.0,390092.0,390164.0,390228.0,390318.0,390412.0,390487.0,390548.0,390617.0,390688.0,390748.0,390799.0,390853.0,390910.0,390962.0,391018.0,391084.0,391148.0,391220.0,391314.0,391377.0,391451.0,391530.0,391622.0,391698.0,391777.0,391862.0,391943.0,392013.0,392098.0,392160.0,392239.0,392304.0,392360.0,392428.0,392481.0,392535.0,392608.0,392673.0,392727.0,392787.0,392860.0,392947.0,393020.0,393085.0,393145.0,393220.0,393271.0,393340.0,393402.0,393475.0,393562.0,393629.0,393710.0,393775.0,393834.0,393917.0,393983.0,394042.0,394120.0,394183.0,394244.0,394315.0,394381.0,394444.0,394535.0,394598.0,394667.0,394726.0,394811.0,394874.0,394963.0,395039.0,395117.0,395201.0,395282.0,395348.0,395426.0,395500.0,395579.0,395658.0,395731.0,395790.0,395858.0,395934.0,395995.0,396068.0,396146.0,396226.0,396292.0,396362.0,396423.0,396482.0,396542.0,396613.0,396675.0,396740.0,396789.0,396857.0,396923.0,397015.0,397070.0,397132.0,397182.0,397255.0,397295.0,397335.0,397405.0,397459.0,397520.0,397569.0,397609.0,397664.0,397727.0,397804.0,397864.0,,,,,,,,,398442.0,398489.0,398556.0,398631.0,398687.0,398740.0,398796.0,398863.0,398922.0,398987.0,399057.0,399134.0,399186.0,399243.0,399288.0,399336.0,399380.0,399441.0,399516.0,399600.0,399658.0,399715.0,399768.0,399827.0,399875.0,399929.0,399999.0,400056.0,400109.0,400155.0,400214.0,400261.0,400312.0,400385.0,400447.0,400509.0,400547.0,400596.0,400655.0,400707.0,400762.0,400844.0,400921.0,400967.0,401012.0,401070.0,401123.0,401193.0,401257.0,401329.0,401373.0,401442.0,401497.0,401556.0,401625.0,401679.0,401738.0,401778.0,401812.0,401849.0,401897.0,401940.0,401984.0,402020.0,402068.0,402122.0,402185.0,402235.0,402284.0,402315.0,402364.0,402410
oV_2853N4n4,11135792.0,11137292.0,11139123.0,11141019.0,11142872.0,11144719.0,11146520.0,11148492.0,11150479.0,11152454.0,11154570.0,11156678.0,11158739.0,11160630.0,11162589.0,11164321.0,11166089.0,11167779.0,11169501.0,11171323.0,11173265.0,11175476.0,11177727.0,11179967.0,11181943.0,11183808.0,11185832.0,11188153.0,11190370.0,11192519.0,11194371.0,11196143.0,11197989.0,11200023.0,11201997.0,11204120.0,11206704.0,11209736.0,11212472.0,11215018.0,11217457.0,11219959.0,11222418.0,11224927.0,11227404.0,11229756.0,11232003.0,11234420.0,11236536.0,11238590.0,11240779.0,11243461.0,11245869.0,11248238.0,11250660.0,11252970.0,11255255.0,11257416.0,11259610.0,11261867.0,11264088.0,11266229.0,11268715.0,11271450.0,11273908.0,11276034.0,11278163.0,11280304.0,11282145.0,11284491.0,11286524.0,11288755.0,11290737.0,11292810.0,11294729.0,11296679.0,11298620.0,11300578.0,11302452.0,11304122.0,11305874.0,11307739.0,11309580.0,11311424.0,11313136.0,11314795.0,11316444.0,11318145.0,11319756.0,11321429.0,11323130.0,11324714.0,11326195.0,11327849.0,11329554.0,11331208.0,11332840.0,11334458.0,11335990.0,11337545.0,11339190.0,11340767.0,11342396.0,11344036.0,11345878.0,11347581.0,11349310.0,11351170.0,11352822.0,11354352.0,11355932.0,11357493.0,11358988.0,11360558.0,11362134.0,11363723.0,11365218.0,11367000.0,11368614.0,11370085.0,11371628.0,11373251.0,11374807.0,11376392.0,11377969.0,11379525.0,11381202.0,11383001.0,11384637.0,11386243.0,11387797.0,11389341.0,11390885.0,11392361.0,,,,,,,,,11406124.0,11407671.0,11409092.0,11410533.0,11411943.0,11413273.0,11414572.0,11415816.0,11417109.0,11418284.0,11419374.0,11420508.0,11421786.0,11423026.0,11424200.0,11425348.0,11426572.0,11427983.0,11429470.0,11430862.0,11432164.0,11433450.0,11434867.0,11435983.0,11437413.0,11438689.0,11439949.0,11441296.0,11443053.0,11444641.0,11445910.0,11446989.0,11448336.0,11449501.0,11450665.0,11451746.0,11452894.0,11453930.0,11455091.0,11456216.0,11457328.0,11458468.0,11459590.0,11460711.0,11461910.0,11463032.0,11464248.0,11465395.0,11466498.0,11467651.0,11468713.0,11469879.0,11470988.0,11472220.0,11473434.0,11474533.0,11475772.0,11476823.0,11477965.0,11479119.0,11480261.0,11481363.0,11482337.0,11483396.0,11484498.0,11485637.0,11486838.0,11488100.0,11489184.0,11490249.0,11492044.0,11493536
xHpi0vHaErU,952721.0,952805.0,952918.0,953016.0,953142.0,953260.0,953368.0,953475.0,953587.0,953708.0,953804.0,953946.0,954090.0,954234.0,954410.0,954516.0,954641.0,954774.0,954923.0,955066.0,955224.0,955385.0,955585.0,955706.0,955850.0,956004.0,956140.0,956319.0,956481.0,956641.0,956759.0,956858.0,956973.0,957111.0,957251.0,957388.0,957496.0,957617.0,957739.0,957834.0,957946.0,958061.0,958177.0,958284.0,958394.0,958512.0,958622.0,958726.0,958839.0,958927.0,959051.0,959138.0,959228.0,959338.0,959441.0,959550.0,959651.0,959762.0,959850.0,959943.0,960052.0,960139.0,960247.0,960362.0,960448.0,960552.0,960640.0,960723.0,960847.0,960953.0,961021.0,961118.0,961217.0,961289.0,961381.0,961481.0,961573.0,961679.0,961776.0,961869.0,961961.0,962046.0,962152.0,962246.0,962370.0,962483.0,962613.0,962739.0,962834.0,962980.0,963121.0,963245.0,963352.0,963456.0,963570.0,963670.0,963784.0,963902.0,964005.0,964140.0,964238.0,964363.0,964456.0,964558.0,964688.0,964786.0,964909.0,965021.0,965151.0,965274.0,965395.0,965494.0,965603.0,965715.0,965826.0,965948.0,966076.0,966226.0,966367.0,966495.0,966618.0,966744.0,966853.0,966964.0,967088.0,967188.0,967359.0,967510.0,967631.0,967788.0,967897.0,968005.0,968141.0,968234.0,,,,,,,,,969299.0,969424.0,969540.0,969674.0,969793.0,969898.0,970011.0,970128.0,970236.0,970346.0,970436.0,970579.0,970708.0,970810.0,970938.0,971038.0,971125.0,971247.0,971350.0,971447.0,971546.0,971616.0,971710.0,971814.0,971906.0,972004.0,972093.0,972203.0,972299.0,972384.0,972471.0,972561.0,972640.0,972724.0,972790.0,972876.0,972965.0,973060.0,973138.0,973237.0,973346.0,973420.0,973512.0,973606.0,973664.0,973738.0,973825.0,973924.0,974012.0,974083.0,974171.0,974264.0,974382.0,974480.0,974585.0,974677.0,974787.0,974855.0,974953.0,975049.0,975139.0,975217.0,975311.0,975396.0,975484.0,975589.0,975656.0,975739.0,975834.0,975906.0,976002.0,976096
XTS4tkTcnXA,136129.0,136158.0,136189.0,136219.0,136254.0,136286.0,136336.0,136361.0,136389.0,136429.0,136465.0,136505.0,136547.0,136584.0,136621.0,136663.0,136705.0,136746.0,136786.0,136822.0,136854.0,136883.0,136927.0,136968.0,137010.0,137040.0,137076.0,137118.0,137158.0,137203.0,137253.0,137294.0,137329.0,137364.0,137397.0,137437.0,137466.0,137504.0,137546.0,137581.0,137617.0,137654.0,137692.0,137721.0,137748.0,137778.0,137800.0,137842.0,137872.0,137907.0,137945.0,137977.0,138015.0,138055.0,138101.0,138134.0,138165.0,138207.0,138240.0,138276.0,138332.0,138403.0,138467.0,138537.0,138597.0,138652.0,138727.0,138785.0,138839.0,138909.0,138949.0,139004.0,139041.0,139087.0,139141.0,139205.0,139275.0,139331.0,139379.0,139424.0,139463.0,139503.0,139534.0,139584.0,139626.0,139685.0,139708.0,139750.0,139780.0,139830.0,139868.0,139894.0,139919.0,139948.0,139975.0,140000.0,140037.0,140076.0,140103.0,140131.0,140159.0,140192.0,140222.0,140250.0,140295.0,140328.0,140371.0,140399.0,140424.0,140461.0,140501.0,140533.0,140570.0,140604.0,140636.0,140667.0,140711.0,140742.0,140785.0,140823.0,140856.0,140900.0,140927.0,140959.0,140987.0,141025.0,141057.0,141082.0,141113.0,141140.0,141178.0,141202.0,141227.0,141271.0,,,,,,,,,141623.0,141651.0,141694.0,141733.0,141750.0,141777.0,141804.0,141836.0,141863.0,141886.0,141918.0,141957.0,141988.0,142017.0,142049.0,142078.0,142098.0,142124.0,142150.0,142190.0,142224.0,142256.0,142279.0,142309.0,142347.0,142388.0,142424.0,147486.0,151846.0,155949.0,157548.0,158546.0,159247.0,159431.0,159511.0,159560.0,159599.0,159656.0,159704.0,159770.0,159829.0,159903.0,159961.0,160002.0,160046.0,163504.0,164595.0,164628.0,164663.0,164565.0,164616.0,164670.0,164735.0,164795.0,164863.0,164928.0,164988.0,165054.0,165127.0,165186.0,165240.0,165307.0,165360.0,165418.0,165477.0,165540.0,165597.0,165654.0,165711.0,165788.0,165834.0,165882
QBgwdK_150o,,,,,,,,,,,,,,,,,,,,,,,,,,,,,,,,,,,,,,,,,,,,,,,,,,,,,,,,,,,,,,,,,,,,,,,,,,,,,,,,,,,,,,,,,,,,,,,,,,,,,,,,,,,,,,,,,,,,,,,,,,,,,,,,,,,,,,,,,,,,,,,,,,,,,,,,,,,,,,,,,,,,,,,,,,,,,,,,,,,,,,,,,,,,,,,,,,,,,,,,,,,,,,,,,,,,,,
Mqo1FmrEcVg,271.0,271.0,271.0,271.0,271.0,271.0,271.0,271.0,271.0,271.0,271.0,271.0,271.0,271.0,271.0,271.0,271.0,271.0,271.0,271.0,271.0,271.0,271.0,271.0,271.0,271.0,271.0,271.0,271.0,271.0,271.0,271.0,271.0,271.0,271.0,271.0,271.0,271.0,271.0,271.0,271.0,271.0,271.0,271.0,271.0,271.0,271.0,271.0,271.0,271.0,271.0,271.0,271.0,271.0,271.0,271.0,271.0,271.0,271.0,271.0,271.0,271.0,271.0,271.0,271.0,271.0,271.0,271.0,271.0,271.0,271.0,271.0,271.0,271.0,271.0,271.0,271.0,271.0,271.0,271.0,271.0,271.0,271.0,271.0,271.0,271.0,271.0,271.0,271.0,271.0,271.0,271.0,271.0,271.0,271.0,271.0,271.0,271.0,271.0,271.0,271.0,271.0,271.0,271.0,271.0,271.0,271.0,271.0,271.0,271.0,271.0,271.0,271.0,271.0,271.0,271.0,271.0,271.0,271.0,271.0,271.0,271.0,271.0,271.0,271.0,271.0,271.0,271.0,271.0,271.0,271.0,271.0,271.0,271.0,,,,,,,,,271.0,271.0,271.0,271.0,271.0,271.0,271.0,271.0,271.0,271.0,271.0,271.0,271.0,271.0,271.0,271.0,271.0,271.0,271.0,271.0,271.0,271.0,271.0,271.0,271.0,271.0,271.0,271.0,271.0,271.0,271.0,271.0,271.0,271.0,271.0,271.0,271.0,271.0,271.0,271.0,271.0,271.0,271.0,271.0,271.0,271.0,271.0,271.0,271.0,271.0,271.0,271.0,271.0,271.0,271.0,271.0,271.0,271.0,271.0,271.0,271.0,271.0,271.0,271.0,271.0,271.0,271.0,271.0,271.0,271.0,271.0,271
pU8Gu5aOWZ0,9688051.0,9688331.0,9688576.0,9688885.0,9689227.0,9689576.0,9689913.0,9690218.0,9690537.0,9690846.0,9691148.0,9691445.0,9691721.0,9692010.0,9692272.0,9692596.0,9692899.0,9693170.0,9693431.0,9693694.0,9693990.0,9694332.0,9694667.0,9694958.0,9695246.0,9695573.0,9695872.0,9696152.0,9696460.0,9696746.0,9697104.0,9697429.0,9697740.0,9698076.0,9698403.0,9698737.0,9699142.0,9699542.0,9699924.0,9700259.0,9700570.0,9700841.0,9701181.0,9701506.0,9701833.0,9702163.0,9702431.0,9703024.0,9703332.0,9703631.0,9703896.0,9704153.0,9704399.0,9704652.0,9704911.0,9705172.0,9705493.0,9705745.0,9706002.0,9706325.0,9706617.0,9706935.0,9707257.0,9707539.0,9707814.0,9708075.0,9708326.0,9708571.0,9708861.0,9709209.0,9709431.0,9709734.0,9709981.0,9710217.0,9710513.0,9710783.0,9711128.0,9711469.0,9711747.0,9712054.0,9712369.0,9712642.0,9712949.0,9713232.0,9713505.0,9713797.0,9714071.0,9714393.0,9714721.0,9715074.0,9715449.0,9715790.0,9716092.0,9716406.0,9716716.0,9717046.0,9717360.0,9717702.0,9718005.0,9718322.0,9718629.0,9718910.0,9719203.0,9719452.0,9719741.0,9719986.0,9720259.0,9720538.0,9720816.0,9721044.0,9721354.0,9721660.0,9721948.0,9722290.0,9722638.0,9722911.0,9723160.0,9723451.0,9723745.0,9723993.0,9724247.0,9724521.0,9724782.0,9725000.0,9725303.0,9725580.0,9725847.0,9726135.0,9726444.0,9726676.0,9726891.0,9727159.0,9727477.0,9727770.0,,,,,,,,,9730488.0,9730807.0,9731068.0,9731307.0,9731627.0,9731956.0,9732233.0,9732524.0,9732790.0,9733057.0,9733353.0,9733622.0,9733945.0,9734207.0,9734447.0,9734705.0,9734965.0,9735295.0,9735610.0,9735847.0,9736066.0,9736285.0,9736521.0,9736724.0,9736940.0,9737182.0,9737406.0,9737628.0,9737830.0,9738025.0,9738235.0,9738449.0,9738656.0,9738924.0,9739152.0,9739425.0,9739720.0,9740039.0,9740361.0,9740695.0,9740993.0,9741304.0,9741606.0,9741879.0,9742266.0,9742627.0,9742940.0,9743217.0,9743603.0,9743933.0,9744299.0,9744669.0,9745064.0,9745417.0,9745815.0,9746131.0,9746412.0,9746760.0,9747176.0,9747527.0,9747937.0,9748245.0,9748497.0,9748864.0,9749213.0,9749564.0,9749819.0,9750181.0,9750412.0,9750709.0,9750983.0,9751245
DQhmnqi3UDA,2425.0,2426.0,2427.0,2428.0,2428.0,2428.0,2428.0,2429.0,2429.0,2429.0,2429.0,2429.0,2429.0,2429.0,2429.0,2430.0,2431.0,2431.0,2431.0,2431.0,2431.0,2431.0,2431.0,2431.0,2431.0,2431.0,2431.0,2431.0,2431.0,2431.0,2431.0,2431.0,2431.0,2431.0,2431.0,2431.0,2431.0,2432.0,2432.0,2432.0,2432.0,2432.0,2433.0,2435.0,2435.0,2435.0,2435.0,2435.0,2435.0,2435.0,2436.0,2437.0,2437.0,2437.0,2438.0,2438.0,2438.0,2438.0,2438.0,2438.0,2439.0,2440.0,2440.0,2440.0,2440.0,2440.0,2440.0,2441.0,2441.0,2441.0,2441.0,2441.0,2441.0,2441.0,2442.0,2443.0,2443.0,2443.0,2443.0,2443.0,2443.0,2443.0,2443.0,2443.0,2443.0,2443.0,2444.0,2444.0,2444.0,2444.0,2445.0,2445.0,2446.0,2446.0,2446.0,2446.0,2446.0,2446.0,2446.0,2446.0,2446.0,2446.0,2446.0,2449.0,2449.0,2449.0,2449.0,2449.0,2449.0,2449.0,2449.0,2449.0,2449.0,2449.0,2449.0,2449.0,2449.0,2449.0,2449.0,2449.0,2449.0,2449.0,2449.0,2449.0,2449.0,2449.0,2449.0,2449.0,2449.0,2449.0,2449.0,2449.0,2449.0,2449.0,,,,,,,,,2449.0,2449.0,2449.0,2449.0,2449.0,2451.0,2451.0,2451.0,2451.0,2451.0,2451.0,2451.0,2451.0,2451.0,2451.0,2451.0,2451.0,2451.0,2451.0,2451.0,2451.0,2451.0,2451.0,2451.0,2451.0,2451.0,2451.0,2451.0,2451.0,2451.0,2451.0,2451.0,2451.0,2451.0,2451.0,2451.0,2451.0,2451.0,2451.0,2451.0,2451.0,2451.0,2451.0,2451.0,2451.0,2451.0,2451.0,2451.0,2451.0,2451.0,2451.0,2451.0,2451.0,2451.0,2451.0,2451.0,2451.0,2451.0,2451.0,2451.0,2451.0,2451.0,2451.0,2451.0,2451.0,2451.0,2451.0,2451.0,2451.0,2451.0,2451.0,2451
mTuIH_jOays,1245.0,1245.0,1245.0,1245.0,1245.0,1245.0,1245.0,1246.0,1246.0,1246.0,1246.0,1246.0,1246.0,1246.0,1246.0,1246.0,1246.0,1246.0,1246.0,1246.0,1246.0,1246.0,1247.0,1247.0,1247.0,1247.0,1247.0,1247.0,1247.0,1247.0,1247.0,1247.0,1247.0,1247.0,1247.0,1247.0,1247.0,1247.0,1247.0,1247.0,1247.0,1247.0,1247.0,1247.0,1247.0,1247.0,1247.0,1247.0,1247.0,1247.0,1247.0,1247.0,1247.0,1247.0,1247.0,1247.0,1247.0,1247.0,1247.0,1247.0,1247.0,1248.0,1248.0,1248.0,1248.0,1248.0,1248.0,1248.0,1248.0,1248.0,1248.0,1248.0,1248.0,1248.0,1249.0,1249.0,1249.0,1249.0,1249.0,1250.0,1250.0,1250.0,1250.0,1250.0,1250.0,1250.0,1251.0,1251.0,1251.0,1251.0,1251.0,1251.0,1251.0,1251.0,1251.0,1251.0,1251.0,1251.0,1251.0,1251.0,1252.0,1252.0,1252.0,1252.0,1252.0,1252.0,1252.0,1252.0,1252.0,1252.0,1252.0,1252.0,1252.0,1252.0,1252.0,1252.0,1252.0,1252.0,1252.0,1252.0,1252.0,1253.0,1253.0,1253.0,1253.0,1253.0,1253.0,1253.0,1253.0,1253.0,1253.0,1253.0,1254.0,1254.0,,,,,,,,,1254.0,1254.0,1254.0,1254.0,1254.0,1254.0,1254.0,1255.0,1255.0,1255.0,1255.0,1255.0,1255.0,1255.0,1255.0,1255.0,1255.0,1255.0,1255.0,1255.0,1255.0,1255.0,1255.0,1255.0,1255.0,1255.0,1255.0,1255.0,1255.0,1255.0,1255.0,1255.0,1255.0,1255.0,1255.0,1255.0,1255.0,1255.0,1255.0,1255.0,1255.0,1255.0,1255.0,1255.0,1255.0,1255.0,1255.0,1255.0,1255.0,1255.0,1255.0,1255.0,1255.0,1255.0,1255.0,1255.0,1255.0,1255.0,1255.0,1255.0,1255.0,1255.0,1255.0,1255.0,1255.0,1255.0,1255.0,1255.0,1255.0,1255.0,1255.0,1255
ohm413nasxA,738.0,738.0,738.0,738.0,738.0,738.0,738.0,738.0,738.0,738.0,738.0,738.0,738.0,738.0,738.0,738.0,738.0,738.0,738.0,738.0,738.0,738.0,738.0,738.0,738.0,738.0,738.0,738.0,738.0,738.0,738.0,741.0,741.0,741.0,741.0,741.0,741.0,741.0,741.0,741.0,741.0,741.0,741.0,741.0,741.0,741.0,741.0,741.0,741.0,741.0,741.0,741.0,741.0,741.0,741.0,742.0,742.0,742.0,742.0,743.0,743.0,743.0,743.0,743.0,743.0,743.0,743.0,743.0,743.0,743.0,743.0,743.0,743.0,743.0,743.0,743.0,743.0,743.0,743.0,743.0,743.0,743.0,743.0,743.0,744.0,744.0,744.0,744.0,744.0,744.0,744.0,744.0,744.0,745.0,745.0,745.0,745.0,745.0,745.0,745.0,745.0,746.0,746.0,746.0,746.0,746.0,746.0,747.0,747.0,747.0,750.0,750.0,750.0,750.0,750.0,750.0,750.0,750.0,750.0,750.0,750.0,750.0,750.0,750.0,750.0,752.0,752.0,753.0,753.0,753.0,753.0,753.0,753.0,753.0,,,,,,,,,753.0,753.0,753.0,753.0,753.0,753.0,753.0,753.0,753.0,753.0,753.0,753.0,753.0,754.0,754.0,754.0,754.0,754.0,754.0,754.0,754.0,754.0,755.0,755.0,755.0,756.0,756.0,756.0,756.0,756.0,756.0,756.0,756.0,756.0,756.0,756.0,756.0,756.0,756.0,756.0,756.0,756.0,756.0,756.0,756.0,756.0,756.0,756.0,756.0,756.0,756.0,756.0,757.0,757.0,757.0,757.0,757.0,757.0,757.0,757.0,757.0,759.0,759.0,759.0,759.0,759.0,759.0,759.0,760.0,760.0,760.0,760
3gx1ytpq4CE,36463.0,36465.0,36472.0,36483.0,36493.0,36500.0,36504.0,36513.0,36516.0,36529.0,36538.0,36548.0,36556.0,36563.0,36569.0,36575.0,36580.0,36586.0,36590.0,36602.0,36603.0,36614.0,36620.0,36634.0,36648.0,36654.0,36660.0,36667.0,36675.0,36681.0,36685.0,36690.0,36697.0,36699.0,36704.0,36708.0,36712.0,36723.0,36733.0,36743.0,36753.0,36767.0,36782.0,36792.0,36799.0,36806.0,36816.0,36822.0,36828.0,36831.0,36837.0,36845.0,36855.0,36862.0,36873.0,36880.0,36884.0,36894.0,36902.0,36915.0,36924.0,36934.0,36946.0,36957.0,36963.0,36970.0,36978.0,36992.0,36995.0,37005.0,37014.0,37016.0,37028.0,37039.0,37047.0,37061.0,37067.0,37077.0,37092.0,37103.0,37116.0,37124.0,37128.0,37135.0,37139.0,37146.0,37160.0,37172.0,37178.0,37184.0,37190.0,37192.0,37198.0,37206.0,37212.0,37224.0,37227.0,37237.0,37245.0,37253.0,37263.0,37269.0,37276.0,37284.0,37292.0,37298.0,37306.0,37313.0,37318.0,37322.0,37335.0,37342.0,37347.0,37353.0,37359.0,37370.0,37373.0,37383.0,37389.0,37395.0,37400.0,37403.0,37414.0,37431.0,37432.0,37442.0,37446.0,37453.0,37467.0,37479.0,37494.0,37501.0,37505.0,37512.0,,,,,,,,,37569.0,37579.0,37585.0,37591.0,37596.0,37599.0,37603.0,37617.0,37620.0,37631.0,37635.0,37639.0,37643.0,37652.0,37658.0,37666.0,37671.0,37678.0,37683.0,37688.0,37692.0,37705.0,37712.0,37724.0,37728.0,37734.0,37741.0,37745.0,37748.0,37759.0,37761.0,37765.0,37770.0,37779.0,37785.0,37794.0,37801.0,37805.0,37818.0,37826.0,37832.0,37838.0,37853.0,37861.0,37865.0,37873.0,37887.0,37897.0,37900.0,37911.0,37923.0,37930.0,37936.0,37946.0,37953.0,37957.0,37968.0,37984.0,37997.0,38011.0,38021.0,38030.0,38036.0,38041.0,38048.0,38060.0,38071.0,38074.0,38084.0,38090.0,38098.0,38106
K892hlI7p5Q,999397.0,1000282.0,1001466.0,1002357.0,1003280.0,1004162.0,1005020.0,1005801.0,1006745.0,1007503.0,1007973.0,1008541.0,1009147.0,1009686.0,1010276.0,1010837.0,1011345.0,1011819.0,1012427.0,1013143.0,1013686.0,1014371.0,1015145.0,1016058.0,1016904.0,1017602.0,1018373.0,1018960.0,1019414.0,1019993.0,1020489.0,1020985.0,1021558.0,1022101.0,1022683.0,1023229.0,1023960.0,1024560.0,1025108.0,1025667.0,1026249.0,1027000.0,1027749.0,1028432.0,1029049.0,1029602.0,1030208.0,1030886.0,1031594.0,1032182.0,1032758.0,1033325.0,1033811.0,1034326.0,1034938.0,1035623.0,1036396.0,1037052.0,1037611.0,1038043.0,1038597.0,1039230.0,1039801.0,1040449.0,1041062.0,1041568.0,1042172.0,1043222.0,1043877.0,1044728.0,1045498.0,1046153.0,1046710.0,1047296.0,1048094.0,1048857.0,1049623.0,1050476.0,1051706.0,1052678.0,1053283.0,1054205.0,1055230.0,1055907.0,1056752.0,1057728.0,1058618.0,1059245.0,1059966.0,1060685.0,1061452.0,1062202.0,1062833.0,1063408.0,1063913.0,1064480.0,1065096.0,1065805.0,1066560.0,1067380.0,1068096.0,1069006.0,1070143.0,1070997.0,1071735.0,1072563.0,1073616.0,1074515.0,1075375.0,1076299.0,1077154.0,1078114.0,1078967.0,1080177.0,1081064.0,1081820.0,1082811.0,1083796.0,1084667.0,1085598.0,1086287.0,1087286.0,1088173.0,1089087.0,1090027.0,1090766.0,1091786.0,1092792.0,1093490.0,1094404.0,1095522.0,1096673.0,1097738.0,1098593.0,,,,,,,,,1105145.0,1105642.0,1106161.0,1106744.0,1107271.0,1107761.0,1108165.0,1108687.0,1109184.0,1109819.0,1110444.0,1111088.0,1111746.0,1112280.0,1112855.0,1113344.0,1113969.0,1114509.0,1115182.0,1115699.0,1116166.0,1116564.0,1116970.0,1117450.0,1117872.0,1118296.0,1118770.0,1119247.0,1119627.0,1119995.0,1120507.0,1120917.0,1121450.0,1122009.0,1122547.0,1122999.0,1123443.0,1124033.0,1124542.0,1125081.0,1125545.0,1125994.0,1126372.0,1126717.0,1127250.0,1127625.0,1127994.0,1128375.0,1128787.0,1129150.0,1129453.0,1129809.0,1130224.0,1130621.0,1131066.0,1131509.0,1131922.0,1132296.0,1132653.0,1133122.0,1133585.0,1133856.0,1134290.0,1134680.0,1135020.0,1135542.0,1135965.0,1136538.0,1136940.0,1137402.0,1137806.0,1138238
QikjYTCvoLE,77038.0,77103.0,77183.0,77274.0,77366.0,77483.0,77640.0,77782.0,77956.0,78049.0,78122.0,78281.0,78393.0,78545.0,78665.0,78765.0,78868.0,78954.0,79065.0,79174.0,79279.0,79373.0,79466.0,79534.0,79616.0,79728.0,79818.0,79913.0,80003.0,80128.0,80218.0,80306.0,80429.0,80543.0,80656.0,80753.0,80858.0,80941.0,81017.0,81104.0,81169.0,81261.0,81347.0,81449.0,81535.0,81597.0,81675.0,81790.0,81899.0,82006.0,82073.0,82160.0,82234.0,82304.0,82401.0,82556.0,82720.0,82865.0,83015.0,83129.0,83297.0,83490.0,83660.0,83850.0,84030.0,84207.0,84346.0,84484.0,84570.0,84734.0,84884.0,85093.0,85238.0,85362.0,85525.0,85656.0,85817.0,85963.0,86102.0,86205.0,86326.0,86449.0,86599.0,86738.0,86879.0,86979.0,87127.0,87242.0,87404.0,87562.0,87745.0,87911.0,88084.0,88210.0,88335.0,88465.0,88620.0,88758.0,88885.0,89043.0,89172.0,89301.0,89456.0,89598.0,89759.0,89901.0,90070.0,90231.0,90331.0,90468.0,90602.0,90730.0,90842.0,90998.0,91105.0,91210.0,91313.0,91425.0,91524.0,91656.0,91750.0,91842.0,91936.0,92021.0,92120.0,92219.0,92301.0,92388.0,92464.0,92518.0,92619.0,92714.0,92806.0,92914.0,,,,,,,,,93735.0,93822.0,93918.0,94001.0,94080.0,94165.0,94237.0,94322.0,94424.0,94526.0,94659.0,94762.0,94875.0,94981.0,95114.0,95208.0,95308.0,95393.0,95498.0,95597.0,95678.0,95746.0,95818.0,95887.0,95971.0,96027.0,96091.0,96160.0,96252.0,96332.0,96391.0,96453.0,96536.0,96603.0,96701.0,96788.0,96872.0,96955.0,97025.0,97112.0,97189.0,97277.0,97359.0,97433.0,97502.0,97599.0,97767.0,97990.0,98104.0,98197.0,98290.0,98374.0,98454.0,98541.0,98641.0,98733.0,98811.0,98883.0,98997.0,99083.0,99165.0,99282.0,99360.0,99430.0,99497.0,99592.0,99690.0,99780.0,99841.0,99933.0,100041.0,100118
wLpa5lYU1ic,148143.0,148273.0,148461.0,148597.0,148747.0,148942.0,149075.0,149238.0,149364.0,149480.0,149580.0,149721.0,149864.0,150028.0,150204.0,150394.0,150529.0,150655.0,150779.0,150939.0,151071.0,151296.0,151475.0,151606.0,151771.0,151944.0,152121.0,152283.0,152403.0,152551.0,152678.0,152820.0,152941.0,153068.0,153206.0,153353.0,153513.0,153653.0,153782.0,153940.0,154136.0,154315.0,154468.0,154650.0,154763.0,154857.0,155008.0,155198.0,155335.0,155539.0,155695.0,155850.0,155994.0,156159.0,156314.0,156485.0,156669.0,156817.0,156953.0,157091.0,157207.0,157368.0,157541.0,157743.0,157900.0,158061.0,158193.0,158359.0,158495.0,158689.0,158891.0,159017.0,159124.0,159248.0,159363.0,159488.0,159648.0,159827.0,159992.0,160121.0,160224.0,160347.0,160479.0,160616.0,160775.0,160915.0,161066.0,161205.0,161371.0,161549.0,161747.0,161909.0,162023.0,162136.0,162231.0,162361.0,162476.0,162636.0,162779.0,162935.0,163083.0,163224.0,163391.0,163560.0,163674.0,163794.0,163938.0,164057.0,164184.0,164311.0,164418.0,164562.0,164664.0,164783.0,164866.0,164957.0,165056.0,165147.0,165243.0,165354.0,165440.0,165525.0,165604.0,165755.0,165868.0,165961.0,166043.0,166130.0,166202.0,166287.0,166376.0,166458.0,166553.0,166636.0,,,,,,,,,167445.0,167519.0,167604.0,167679.0,167747.0,167893.0,167987.0,168059.0,168148.0,168248.0,168368.0,168480.0,168589.0,168720.0,168796.0,168881.0,168976.0,169069.0,169159.0,169229.0,169313.0,169360.0,169414.0,169466.0,169535.0,169625.0,169706.0,169786.0,169868.0,169915.0,169986.0,170052.0,170128.0,170205.0,170290.0,170347.0,170399.0,170480.0,170542.0,170628.0,170692.0,170776.0,170855.0,170922.0,170993.0,171067.0,171127.0,171210.0,171279.0,171337.0,171400.0,171475.0,171524.0,171591.0,171665.0,171739.0,171803.0,171898.0,171970.0,172040.0,172104.0,172157.0,172231.0,172313.0,172379.0,172455.0,172546.0,172602.0,172652.0,172720.0,172788.0,172851
aY382UdxfnQ,3300900.0,3301975.0,3302830.0,3303627.0,3304750.0,3305898.0,3306987.0,3308092.0,3309476.0,3310436.0,3311380.0,3312183.0,3313257.0,3314233.0,3315274.0,3316228.0,3317051.0,3317958.0,3318952.0,3319922.0,3320971.0,3322072.0,3323140.0,3324076.0,3324899.0,3326047.0,3327039.0,3328111.0,3328951.0,3330040.0,3330905.0,3331599.0,3332531.0,3333359.0,3334371.0,3335445.0,3336357.0,3337253.0,3338113.0,3338938.0,3339814.0,3340716.0,3341719.0,3342695.0,3343455.0,3344258.0,3345056.0,3345970.0,3346873.0,3347805.0,3348656.0,3349529.0,3350211.0,3351046.0,3351883.0,3352763.0,3353707.0,3354604.0,3355378.0,3355982.0,3356865.0,3357775.0,3358754.0,3359705.0,3360585.0,3361423.0,3362211.0,3363107.0,3363740.0,3364750.0,3365616.0,3366513.0,3367237.0,3367951.0,3368704.0,3369630.0,3370414.0,3371506.0,3372606.0,3373459.0,3374339.0,3375287.0,3376219.0,3377138.0,3378107.0,3379069.0,3379930.0,3380727.0,3381706.0,3382620.0,3383607.0,3384608.0,3385532.0,3386408.0,3387082.0,3388076.0,3388926.0,3389875.0,3390828.0,3391919.0,3392803.0,3393567.0,3394578.0,3395525.0,3396503.0,3397436.0,3398288.0,3399223.0,3399972.0,3401046.0,3401945.0,3403107.0,3404145.0,3405149.0,3406082.0,3406865.0,3407795.0,3408687.0,3409669.0,3410644.0,3411370.0,3412113.0,3412874.0,3413631.0,3414427.0,3415357.0,3416390.0,3417764.0,3418827.0,3420062.0,3421325.0,3422379.0,3423443.0,3424584.0,,,,,,,,,3432715.0,3433441.0,3434354.0,3435180.0,3435950.0,3436693.0,3437440.0,3438194.0,3439059.0,3439867.0,3440830.0,3441639.0,3442525.0,3443424.0,3444254.0,3445097.0,3446000.0,3446873.0,3447763.0,3448632.0,3449371.0,3450101.0,3450711.0,3451486.0,3452257.0,3453133.0,3454048.0,3454863.0,3455577.0,3456260.0,3457013.0,3457773.0,3458523.0,3459298.0,3460038.0,3460709.0,3461480.0,3462213.0,3463003.0,3463741.0,3464461.0,3465139.0,3465791.0,3466359.0,3467019.0,3467881.0,3468602.0,3469346.0,3470148.0,3470850.0,3471512.0,3472175.0,3472902.0,3473645.0,3474226.0,3474912.0,3475517.0,3476072.0,3476727.0,3477428.0,3478026.0,3478608.0,3479294.0,3479926.0,3480479.0,3481145.0,3481812.0,3482610.0,3483392.0,3484014.0,3484700.0,3485297
kzx12A-bjuo,22077.0,22077.0,22078.0,22077.0,22079.0,22080.0,22081.0,22083.0,22083.0,22088.0,22089.0,22088.0,22090.0,22092.0,22093.0,22093.0,22093.0,22094.0,22094.0,22096.0,22098.0,22099.0,22101.0,22103.0,22104.0,22105.0,22105.0,22109.0,22109.0,22110.0,22112.0,22112.0,22113.0,22115.0,22116.0,22117.0,22121.0,22122.0,22122.0,22124.0,22127.0,22130.0,22129.0,22133.0,22131.0,22133.0,22133.0,22133.0,22135.0,22135.0,22138.0,22143.0,22158.0,22169.0,22176.0,22184.0,22187.0,22194.0,22197.0,22201.0,22204.0,22211.0,22212.0,22214.0,22215.0,22216.0,22218.0,22220.0,22221.0,22223.0,22223.0,22225.0,22226.0,22228.0,22228.0,22229.0,22230.0,22231.0,22231.0,22233.0,22238.0,22239.0,22239.0,22239.0,22239.0,22245.0,22250.0,22251.0,22254.0,22257.0,22260.0,22262.0,22264.0,22266.0,22267.0,22267.0,22268.0,22268.0,22272.0,22274.0,22275.0,22280.0,22283.0,22285.0,22287.0,22287.0,22291.0,22293.0,22297.0,22299.0,22302.0,22303.0,22305.0,22307.0,22307.0,22307.0,22309.0,22312.0,22314.0,22315.0,22316.0,22318.0,22318.0,22323.0,22328.0,22332.0,22333.0,22333.0,22334.0,22336.0,22339.0,22345.0,22350.0,22355.0,,,,,,,,,22370.0,22373.0,22376.0,22377.0,22378.0,22378.0,22380.0,22381.0,22382.0,22385.0,22389.0,22390.0,22390.0,22396.0,22398.0,22400.0,22400.0,22400.0,22402.0,22403.0,22403.0,22406.0,22408.0,22409.0,22409.0,22410.0,22412.0,22412.0,22412.0,22415.0,22416.0,22416.0,22418.0,22418.0,22418.0,22418.0,22420.0,22421.0,22424.0,22425.0,22426.0,22428.0,22430.0,22434.0,22441.0,22443.0,22456.0,22457.0,22458.0,22461.0,22462.0,22463.0,22464.0,22465.0,22466.0,22466.0,22466.0,22470.0,22471.0,22472.0,22471.0,22473.0,22473.0,22475.0,22474.0,22476.0,22476.0,22477.0,22482.0,22485.0,22487.0,22488
hBq9zJk6XF8,282.0,282.0,282.0,282.0,282.0,282.0,282.0,282.0,282.0,282.0,282.0,282.0,282.0,282.0,282.0,282.0,282.0,282.0,282.0,282.0,282.0,282.0,282.0,282.0,282.0,282.0,282.0,282.0,282.0,282.0,282.0,282.0,282.0,282.0,282.0,282.0,282.0,282.0,282.0,282.0,282.0,282.0,282.0,282.0,282.0,282.0,282.0,283.0,283.0,283.0,283.0,283.0,283.0,283.0,283.0,283.0,283.0,283.0,283.0,283.0,283.0,283.0,283.0,283.0,283.0,283.0,283.0,283.0,283.0,283.0,283.0,283.0,283.0,283.0,283.0,283.0,283.0,283.0,283.0,283.0,283.0,283.0,283.0,283.0,283.0,283.0,283.0,283.0,283.0,283.0,283.0,283.0,283.0,283.0,283.0,283.0,283.0,283.0,283.0,283.0,283.0,283.0,283.0,283.0,283.0,283.0,283.0,283.0,283.0,283.0,283.0,283.0,283.0,283.0,283.0,283.0,283.0,283.0,283.0,284.0,284.0,284.0,284.0,284.0,284.0,284.0,284.0,284.0,284.0,284.0,284.0,284.0,284.0,284.0,,,,,,,,,284.0,284.0,284.0,284.0,284.0,284.0,284.0,285.0,285.0,285.0,285.0,285.0,286.0,286.0,286.0,286.0,286.0,286.0,286.0,286.0,286.0,286.0,286.0,286.0,286.0,287.0,288.0,289.0,289.0,289.0,289.0,289.0,289.0,289.0,289.0,289.0,289.0,289.0,289.0,289.0,289.0,289.0,289.0,289.0,289.0,289.0,289.0,289.0,289.0,289.0,289.0,289.0,289.0,289.0,289.0,289.0,289.0,289.0,289.0,289.0,289.0,289.0,289.0,289.0,289.0,289.0,289.0,289.0,289.0,289.0,289.0,289
_-lhRXGJaH8,2439.0,2439.0,2440.0,2441.0,2441.0,2441.0,2443.0,2443.0,2443.0,2443.0,2443.0,2443.0,2444.0,2445.0,2445.0,2445.0,2446.0,2447.0,2448.0,2448.0,2448.0,2448.0,2448.0,2448.0,2448.0,2448.0,2449.0,2449.0,2449.0,2449.0,2450.0,2450.0,2451.0,2451.0,2452.0,2453.0,2454.0,2454.0,2454.0,2454.0,2454.0,2454.0,2454.0,2454.0,2454.0,2454.0,2454.0,2454.0,2454.0,2454.0,2454.0,2454.0,2454.0,2454.0,2454.0,2454.0,2454.0,2454.0,2454.0,2455.0,2455.0,2455.0,2455.0,2456.0,2456.0,2456.0,2456.0,2456.0,2456.0,2457.0,2457.0,2457.0,2457.0,2457.0,2457.0,2457.0,2457.0,2457.0,2457.0,2457.0,2458.0,2458.0,2458.0,2459.0,2460.0,2461.0,2461.0,2461.0,2462.0,2462.0,2462.0,2462.0,2462.0,2462.0,2462.0,2462.0,2462.0,2463.0,2463.0,2463.0,2463.0,2463.0,2463.0,2463.0,2463.0,2463.0,2463.0,2463.0,2463.0,2463.0,2463.0,2464.0,2464.0,2464.0,2464.0,2464.0,2464.0,2464.0,2464.0,2464.0,2467.0,2467.0,2467.0,2467.0,2468.0,2468.0,2468.0,2469.0,2470.0,2470.0,2470.0,2471.0,2473.0,2474.0,,,,,,,,,2483.0,2484.0,2485.0,2485.0,2486.0,2487.0,2487.0,2487.0,2487.0,2488.0,2490.0,2490.0,2491.0,2491.0,2492.0,2493.0,2493.0,2493.0,2495.0,2497.0,2497.0,2497.0,2497.0,2498.0,2499.0,2501.0,2506.0,2506.0,2506.0,2507.0,2507.0,2508.0,2508.0,2509.0,2509.0,2509.0,2509.0,2510.0,2510.0,2510.0,2510.0,2510.0,2510.0,2511.0,2511.0,2513.0,2514.0,2518.0,2520.0,2520.0,2520.0,2522.0,2522.0,2523.0,2523.0,2523.0,2523.0,2523.0,2524.0,2524.0,2526.0,2526.0,2527.0,2528.0,2528.0,2528.0,2529.0,2529.0,2529.0,2529.0,2529.0,2529
OW_cCTVKqN8,13.0,13.0,13.0,13.0,13.0,13.0,13.0,13.0,13.0,13.0,13.0,13.0,13.0,13.0,13.0,13.0,13.0,13.0,13.0,13.0,13.0,13.0,13.0,13.0,13.0,13.0,13.0,13.0,13.0,13.0,13.0,13.0,13.0,13.0,13.0,13.0,13.0,13.0,15.0,15.0,15.0,15.0,15.0,15.0,15.0,15.0,15.0,15.0,15.0,15.0,15.0,15.0,15.0,15.0,15.0,15.0,15.0,15.0,15.0,15.0,15.0,15.0,15.0,15.0,15.0,15.0,15.0,15.0,15.0,15.0,15.0,15.0,15.0,15.0,15.0,15.0,15.0,15.0,15.0,15.0,15.0,15.0,15.0,15.0,15.0,15.0,15.0,15.0,15.0,15.0,15.0,15.0,15.0,15.0,15.0,15.0,17.0,17.0,17.0,17.0,17.0,17.0,17.0,17.0,17.0,17.0,17.0,17.0,17.0,17.0,17.0,17.0,17.0,17.0,17.0,17.0,17.0,17.0,17.0,17.0,17.0,17.0,17.0,17.0,17.0,17.0,17.0,17.0,17.0,17.0,17.0,17.0,17.0,17.0,,,,,,,,,18.0,18.0,18.0,18.0,18.0,18.0,18.0,18.0,18.0,18.0,18.0,18.0,18.0,18.0,18.0,18.0,18.0,18.0,18.0,18.0,18.0,18.0,18.0,18.0,18.0,18.0,18.0,18.0,18.0,18.0,18.0,18.0,18.0,18.0,18.0,18.0,18.0,18.0,18.0,18.0,18.0,18.0,19.0,19.0,19.0,19.0,19.0,19.0,19.0,19.0,19.0,22.0,22.0,24.0,24.0,24.0,24.0,24.0,24.0,24.0,24.0,24.0,24.0,24.0,24.0,24.0,24.0,24.0,24.0,24.0,24.0,24
zfzlTj7xfNc,14628.0,14634.0,14649.0,14664.0,14676.0,14683.0,14697.0,14711.0,14725.0,14736.0,14756.0,14765.0,14777.0,14784.0,14791.0,14801.0,14809.0,14817.0,14822.0,14829.0,14834.0,14841.0,14848.0,14856.0,14866.0,14871.0,14877.0,14883.0,14891.0,14902.0,14905.0,14913.0,14915.0,14916.0,14926.0,14935.0,14937.0,14944.0,14952.0,14960.0,14965.0,14972.0,14976.0,14990.0,14991.0,14997.0,15003.0,15008.0,15015.0,15022.0,15026.0,15030.0,15036.0,15042.0,15050.0,15058.0,15067.0,15068.0,15070.0,15074.0,15083.0,15091.0,15098.0,15106.0,15114.0,15119.0,15127.0,15133.0,15135.0,15140.0,15150.0,15157.0,15159.0,15165.0,15169.0,15178.0,15185.0,15193.0,15201.0,15211.0,15219.0,15230.0,15241.0,15255.0,15264.0,15268.0,15279.0,15288.0,15297.0,15304.0,15317.0,15322.0,15332.0,15339.0,15345.0,15351.0,15359.0,15364.0,15381.0,15387.0,15392.0,15399.0,15405.0,15413.0,15421.0,15428.0,15435.0,15439.0,15445.0,15452.0,15466.0,15475.0,15485.0,15492.0,15508.0,15512.0,15522.0,15536.0,15544.0,15552.0,15557.0,15559.0,15561.0,15566.0,15569.0,15579.0,15582.0,15588.0,15593.0,15600.0,15604.0,15607.0,15610.0,15613.0,,,,,,,,,15654.0,15660.0,15665.0,15669.0,15674.0,15684.0,15690.0,15700.0,15705.0,15715.0,15723.0,15729.0,15744.0,15759.0,15767.0,15770.0,15773.0,15776.0,15780.0,15782.0,15786.0,15789.0,15794.0,15798.0,15804.0,15808.0,15812.0,15823.0,15830.0,15838.0,15842.0,15845.0,15851.0,15856.0,15859.0,15861.0,15867.0,15874.0,15879.0,15884.0,15887.0,15889.0,15891.0,15892.0,15896.0,15900.0,15904.0,15906.0,15908.0,15916.0,15919.0,15926.0,15929.0,15932.0,15935.0,15940.0,15944.0,15947.0,15952.0,15954.0,15957.0,15963.0,15967.0,15972.0,15975.0,15979.0,15986.0,15990.0,15994.0,15999.0,16002.0,16005
E5WpNzRGdd8,18330.0,18330.0,18330.0,18330.0,18330.0,18330.0,18330.0,18330.0,18330.0,18330.0,18330.0,18330.0,18330.0,18330.0,18330.0,18330.0,18330.0,18330.0,18330.0,18330.0,18330.0,18330.0,18330.0,18330.0,18330.0,18330.0,18330.0,18330.0,18330.0,18330.0,18330.0,18330.0,18330.0,18330.0,18330.0,18330.0,18330.0,18330.0,18330.0,18330.0,18330.0,18330.0,18330.0,18330.0,18330.0,18330.0,18330.0,18330.0,18330.0,18330.0,18330.0,18330.0,18330.0,18330.0,18330.0,18330.0,18330.0,18330.0,18330.0,18330.0,18330.0,18330.0,18330.0,18330.0,18330.0,18330.0,18330.0,18330.0,18330.0,18330.0,18330.0,18330.0,18330.0,18330.0,18330.0,18330.0,18330.0,18330.0,18330.0,18330.0,18330.0,18330.0,18330.0,18330.0,18330.0,18330.0,18330.0,18330.0,18330.0,18330.0,18330.0,18330.0,18330.0,18330.0,18330.0,18330.0,18330.0,18330.0,18330.0,18330.0,18330.0,18330.0,18330.0,18330.0,18330.0,18330.0,18330.0,18330.0,18330.0,18330.0,18330.0,18330.0,18330.0,18330.0,18330.0,18330.0,18330.0,18330.0,18330.0,18330.0,18330.0,18330.0,18330.0,18330.0,18330.0,18330.0,18330.0,18330.0,18330.0,18330.0,18330.0,18330.0,18330.0,18330.0,,,,,,,,,18330.0,18330.0,18330.0,18330.0,18330.0,18330.0,18330.0,18330.0,18330.0,18330.0,18330.0,18330.0,18330.0,18330.0,18330.0,18330.0,18330.0,18330.0,18330.0,18330.0,18330.0,18330.0,18330.0,18330.0,18330.0,18330.0,18330.0,18330.0,18330.0,18330.0,18330.0,18330.0,18330.0,18330.0,18330.0,18330.0,18330.0,18330.0,18330.0,18330.0,18330.0,18330.0,18330.0,18330.0,18330.0,18330.0,18330.0,18330.0,18330.0,18330.0,18330.0,18330.0,18330.0,18330.0,18330.0,18330.0,18330.0,18330.0,18330.0,18330.0,18330.0,18330.0,18330.0,18330.0,18330.0,18330.0,18330.0,18330.0,18330.0,18330.0,18330.0,18330
V5LFW0ePBzg,35105.0,35105.0,35105.0,35105.0,35105.0,35105.0,35105.0,35105.0,35105.0,35105.0,35105.0,35105.0,35105.0,35105.0,35105.0,35105.0,35105.0,35105.0,35105.0,35105.0,35105.0,35105.0,35105.0,35105.0,35105.0,35105.0,35105.0,35105.0,35105.0,35105.0,35105.0,35105.0,35105.0,35105.0,35105.0,35105.0,35105.0,35105.0,35105.0,35105.0,35105.0,35105.0,35105.0,35105.0,35105.0,35105.0,35105.0,35105.0,35105.0,35105.0,35105.0,35105.0,35105.0,35105.0,35105.0,35105.0,35105.0,35105.0,35105.0,35105.0,35105.0,35105.0,35105.0,35105.0,35105.0,35105.0,35105.0,35105.0,35105.0,35105.0,35105.0,35105.0,35105.0,35105.0,35105.0,35105.0,35105.0,35105.0,35105.0,35105.0,35105.0,35105.0,35105.0,35105.0,35105.0,35105.0,35105.0,35105.0,35105.0,35105.0,35105.0,35105.0,35105.0,35105.0,35105.0,35105.0,35105.0,35105.0,35105.0,35105.0,35105.0,35105.0,35105.0,35105.0,35105.0,35105.0,35105.0,35105.0,35105.0,35105.0,35105.0,35105.0,35105.0,35105.0,35105.0,35105.0,35105.0,35105.0,35105.0,35105.0,35105.0,35105.0,35105.0,35105.0,35105.0,35105.0,35105.0,35105.0,35105.0,35105.0,35105.0,35105.0,35105.0,35105.0,,,,,,,,,35105.0,35105.0,35105.0,35105.0,35105.0,35105.0,35105.0,35105.0,35105.0,35105.0,35105.0,35105.0,35105.0,35105.0,35105.0,35105.0,35105.0,35105.0,35105.0,35105.0,35105.0,35105.0,35105.0,35105.0,35105.0,35105.0,35105.0,35105.0,35105.0,35105.0,35105.0,35105.0,35105.0,35105.0,35105.0,35105.0,35105.0,35105.0,35105.0,35105.0,35105.0,35105.0,35105.0,35105.0,35105.0,35105.0,35105.0,35105.0,35105.0,35105.0,35105.0,35105.0,35105.0,35105.0,35105.0,35105.0,35105.0,35105.0,35105.0,35105.0,35105.0,35105.0,35105.0,35105.0,35105.0,35105.0,35105.0,35105.0,35105.0,35105.0,35105.0,35105
WEUmMtQwnk0,5100.0,5102.0,5102.0,5103.0,5104.0,5107.0,5107.0,5108.0,5108.0,5108.0,5108.0,5108.0,5108.0,5108.0,5108.0,5108.0,5109.0,5109.0,5109.0,5109.0,5109.0,5109.0,5109.0,5109.0,5109.0,5109.0,5109.0,5109.0,5109.0,5109.0,5109.0,5109.0,5109.0,5109.0,5109.0,5109.0,5109.0,5109.0,5109.0,5109.0,5109.0,5109.0,5109.0,5109.0,5109.0,5109.0,5109.0,5109.0,5109.0,5109.0,5109.0,5109.0,5109.0,5109.0,5109.0,5109.0,5109.0,5109.0,5109.0,5109.0,5109.0,5109.0,5109.0,5109.0,5109.0,5109.0,5109.0,5109.0,5109.0,5109.0,5109.0,5109.0,5109.0,5109.0,5109.0,5109.0,5109.0,5109.0,5109.0,5109.0,5109.0,5109.0,5109.0,5109.0,5109.0,5109.0,5109.0,5109.0,5109.0,5109.0,5109.0,5109.0,5109.0,5109.0,5109.0,5109.0,5109.0,5109.0,5109.0,5109.0,5109.0,5109.0,5109.0,5109.0,5109.0,5109.0,5109.0,5109.0,5109.0,5109.0,5109.0,5109.0,5109.0,5109.0,5109.0,5109.0,5109.0,5109.0,5109.0,5109.0,5109.0,5109.0,5109.0,5109.0,5109.0,5109.0,5109.0,5109.0,5109.0,5109.0,5109.0,5109.0,5109.0,5109.0,,,,,,,,,5109.0,5109.0,5109.0,5109.0,5109.0,5109.0,5109.0,5109.0,5109.0,5109.0,5109.0,5109.0,5109.0,5109.0,5109.0,5109.0,5109.0,5109.0,5109.0,5109.0,5109.0,5109.0,5109.0,5109.0,5109.0,5109.0,5109.0,5109.0,5109.0,5109.0,5109.0,5109.0,5109.0,5109.0,5109.0,5109.0,5109.0,5109.0,5109.0,5109.0,5109.0,5109.0,5109.0,5109.0,5109.0,5109.0,5109.0,5109.0,5109.0,5109.0,5109.0,5109.0,5109.0,5109.0,5109.0,5109.0,5109.0,5109.0,5109.0,5109.0,5109.0,5109.0,5109.0,5109.0,5109.0,5109.0,5109.0,5109.0,5109.0,5109.0,5109.0,5109
sVvWhvySiok,13659.0,13667.0,13674.0,13686.0,13695.0,13708.0,13712.0,13722.0,13734.0,13741.0,13751.0,13759.0,13770.0,13783.0,13794.0,13801.0,13814.0,13828.0,13839.0,13847.0,13862.0,13877.0,13895.0,13904.0,13919.0,13930.0,13946.0,13958.0,13972.0,13983.0,13996.0,14008.0,14020.0,14031.0,14046.0,14048.0,14051.0,14059.0,14063.0,14075.0,14090.0,14098.0,14109.0,14122.0,14127.0,14131.0,14141.0,14150.0,14161.0,14175.0,14184.0,14192.0,14203.0,14210.0,14221.0,14232.0,14239.0,14246.0,14257.0,14261.0,14263.0,14264.0,14266.0,14267.0,14269.0,14269.0,14271.0,14271.0,14273.0,14275.0,14275.0,14275.0,14275.0,14275.0,14275.0,14275.0,14275.0,14275.0,14275.0,14275.0,14275.0,14275.0,14275.0,14275.0,14275.0,14275.0,14275.0,14275.0,14275.0,14275.0,14275.0,14275.0,14275.0,14275.0,14275.0,14275.0,14275.0,14275.0,14275.0,14275.0,14275.0,14275.0,14275.0,14275.0,14275.0,14275.0,14275.0,14275.0,14275.0,14275.0,14275.0,14275.0,14275.0,14275.0,14275.0,14275.0,14275.0,14275.0,14275.0,14275.0,14275.0,14275.0,14275.0,14275.0,14275.0,14275.0,14275.0,14275.0,14275.0,14275.0,14275.0,14275.0,14275.0,14275.0,,,,,,,,,14275.0,14275.0,14275.0,14275.0,14275.0,14275.0,14275.0,14275.0,14275.0,14275.0,14275.0,14275.0,14275.0,14275.0,14275.0,14275.0,14275.0,14275.0,14275.0,14275.0,14275.0,14275.0,14275.0,14275.0,14275.0,14275.0,14275.0,14275.0,14275.0,14275.0,14275.0,14275.0,14275.0,14275.0,14275.0,14275.0,14275.0,14275.0,14275.0,14275.0,14275.0,14275.0,14275.0,14275.0,14275.0,14275.0,14275.0,14275.0,14275.0,14275.0,14275.0,14275.0,14275.0,14275.0,14275.0,14275.0,14275.0,14275.0,14275.0,14275.0,14275.0,14275.0,14275.0,14275.0,14275.0,14275.0,14275.0,14275.0,14275.0,14275.0,14275.0,14275
3Rb7ksGRIWg,15780.0,15781.0,15785.0,15793.0,15799.0,15800.0,15802.0,15803.0,15810.0,15812.0,15818.0,15822.0,15828.0,15838.0,15843.0,15846.0,15846.0,15849.0,15853.0,15860.0,15863.0,15871.0,15875.0,15877.0,15881.0,15886.0,15889.0,15890.0,15892.0,15896.0,15896.0,15902.0,15904.0,15906.0,15908.0,15909.0,15911.0,15914.0,15921.0,15923.0,15928.0,15934.0,15939.0,15945.0,15951.0,15958.0,15962.0,15968.0,15971.0,15980.0,15982.0,15986.0,15990.0,15992.0,15994.0,16000.0,16006.0,16008.0,16016.0,16020.0,16027.0,16043.0,16048.0,16055.0,16058.0,16061.0,16065.0,16075.0,16078.0,16085.0,16088.0,16094.0,16104.0,16112.0,16117.0,16122.0,16126.0,16130.0,16139.0,16144.0,16147.0,16153.0,16157.0,16157.0,16163.0,16174.0,16179.0,16191.0,16201.0,16205.0,16214.0,16216.0,16223.0,16227.0,16233.0,16237.0,16242.0,16246.0,16249.0,16253.0,16257.0,16262.0,16264.0,16269.0,16272.0,16277.0,16290.0,16294.0,16303.0,16310.0,16319.0,16326.0,16333.0,16336.0,16337.0,16338.0,16341.0,16377.0,16381.0,16409.0,16414.0,16418.0,16420.0,16422.0,16424.0,16434.0,16442.0,16444.0,16447.0,16451.0,16460.0,16461.0,16463.0,16471.0,,,,,,,,,16498.0,16503.0,16511.0,16514.0,16517.0,16523.0,16526.0,16531.0,16533.0,16537.0,16539.0,16541.0,16546.0,16548.0,16560.0,16566.0,16571.0,16582.0,16590.0,16594.0,16597.0,16602.0,16604.0,16610.0,16613.0,16616.0,16619.0,16625.0,16629.0,16635.0,16641.0,16646.0,16648.0,16652.0,16654.0,16659.0,16665.0,16668.0,16672.0,16674.0,16680.0,16683.0,16684.0,16686.0,16691.0,16698.0,16698.0,16704.0,16704.0,16708.0,16715.0,16719.0,16722.0,16727.0,16729.0,16733.0,16738.0,16739.0,16747.0,16752.0,16754.0,16757.0,16761.0,16766.0,16853.0,16880.0,16916.0,16923.0,16931.0,16941.0,16947.0,16952
WP9qGiVzgIY,13821.0,13821.0,13821.0,13821.0,13821.0,13821.0,13821.0,13821.0,13821.0,13821.0,13821.0,13821.0,13821.0,13821.0,13821.0,13821.0,13821.0,13821.0,13821.0,13821.0,13821.0,13821.0,13821.0,13821.0,13821.0,13821.0,13821.0,13821.0,13821.0,13821.0,13821.0,13821.0,13821.0,13821.0,13821.0,13821.0,13821.0,13821.0,13821.0,13821.0,13821.0,13821.0,13821.0,13821.0,13821.0,13821.0,13821.0,13821.0,13821.0,13821.0,13821.0,13821.0,13821.0,13821.0,13821.0,13821.0,13821.0,13821.0,13821.0,13821.0,13821.0,13821.0,13821.0,13821.0,13821.0,13821.0,13821.0,13821.0,13821.0,13821.0,13821.0,13821.0,13821.0,13821.0,13821.0,13821.0,13821.0,13821.0,13821.0,13821.0,13821.0,13821.0,13821.0,13821.0,13821.0,13821.0,13821.0,13821.0,13821.0,13821.0,13821.0,13821.0,13821.0,13821.0,13821.0,13821.0,13821.0,13821.0,13821.0,13821.0,13821.0,13821.0,13821.0,13821.0,13821.0,13821.0,13821.0,13821.0,13821.0,13821.0,13821.0,13821.0,13821.0,13821.0,13821.0,13821.0,13821.0,13821.0,13821.0,13821.0,13821.0,13821.0,13821.0,13821.0,13821.0,13821.0,13821.0,13821.0,13821.0,13821.0,13821.0,13821.0,13821.0,13821.0,,,,,,,,,13821.0,13821.0,13821.0,13821.0,13821.0,13821.0,13821.0,13821.0,13821.0,13821.0,13821.0,13821.0,13821.0,13821.0,13821.0,13821.0,13821.0,13821.0,13821.0,13821.0,13821.0,13821.0,13821.0,13821.0,13821.0,13821.0,13821.0,13821.0,13821.0,13821.0,13821.0,13821.0,13821.0,13821.0,13821.0,13821.0,13821.0,13821.0,13821.0,13821.0,13821.0,13821.0,13821.0,13821.0,13821.0,13821.0,13821.0,13821.0,13821.0,13821.0,13821.0,13821.0,13821.0,13821.0,13821.0,13821.0,13821.0,13821.0,13821.0,13821.0,13821.0,13821.0,13821.0,13821.0,13821.0,13821.0,13821.0,13821.0,13821.0,13821.0,13821.0,13821
Ml0rY7Gflx8,27637.0,27647.0,27664.0,27678.0,27694.0,27710.0,27727.0,27749.0,27762.0,27774.0,27793.0,27816.0,27825.0,27835.0,27848.0,27857.0,27873.0,27880.0,27892.0,27909.0,27919.0,27934.0,27953.0,27961.0,27973.0,27980.0,27997.0,28006.0,28022.0,28036.0,28054.0,28062.0,28069.0,28083.0,28093.0,28114.0,28121.0,28137.0,28151.0,28168.0,28187.0,28207.0,28217.0,28238.0,28258.0,28280.0,28291.0,28298.0,28308.0,28319.0,28337.0,28350.0,28374.0,28381.0,28394.0,28412.0,28422.0,28436.0,28457.0,28466.0,28489.0,28504.0,28520.0,28532.0,28545.0,28557.0,28572.0,28595.0,28608.0,28629.0,28648.0,28663.0,28672.0,28677.0,28696.0,28710.0,28732.0,28744.0,28755.0,28767.0,28781.0,28791.0,28801.0,28815.0,28827.0,28847.0,28868.0,28877.0,28888.0,28899.0,28909.0,28915.0,28929.0,28945.0,28951.0,28959.0,28970.0,28975.0,28988.0,29006.0,29007.0,29020.0,29030.0,29047.0,29057.0,29071.0,29088.0,29098.0,29107.0,29117.0,29122.0,29148.0,29169.0,29187.0,29199.0,29208.0,29219.0,29227.0,29239.0,29248.0,29256.0,29262.0,29271.0,29280.0,29286.0,29296.0,29301.0,29307.0,29321.0,29328.0,29341.0,29353.0,29356.0,29363.0,,,,,,,,,29403.0,29408.0,29415.0,29417.0,29422.0,29426.0,29432.0,29434.0,29440.0,29442.0,29446.0,29448.0,29452.0,29455.0,29458.0,29459.0,29461.0,29465.0,29466.0,29473.0,29481.0,29481.0,29483.0,29483.0,29486.0,29488.0,29491.0,29494.0,29496.0,29500.0,29505.0,29508.0,29513.0,29514.0,29519.0,29521.0,29524.0,29528.0,29540.0,29545.0,29550.0,29558.0,29562.0,29564.0,29567.0,29574.0,29575.0,29581.0,29588.0,29591.0,29595.0,29598.0,29607.0,29613.0,29616.0,29617.0,29622.0,29628.0,29638.0,29642.0,29651.0,29654.0,29658.0,29661.0,29668.0,29670.0,29674.0,29677.0,29681.0,29686.0,29691.0,29696
K5MiC97VdH4,245451.0,245461.0,245466.0,245473.0,245479.0,245485.0,245489.0,245498.0,245505.0,245510.0,245519.0,245523.0,245529.0,245534.0,245539.0,245547.0,245551.0,245554.0,245557.0,245564.0,245568.0,245576.0,245579.0,245590.0,245594.0,245601.0,245605.0,245613.0,245617.0,245625.0,245637.0,245656.0,245664.0,245670.0,245677.0,245681.0,245691.0,245703.0,245711.0,245717.0,245724.0,245731.0,245734.0,245744.0,245751.0,245759.0,245764.0,245771.0,245777.0,245785.0,245793.0,245796.0,245801.0,245802.0,245806.0,245816.0,245824.0,245837.0,245838.0,245843.0,245850.0,245860.0,245864.0,245872.0,245884.0,245897.0,245903.0,245908.0,245915.0,245917.0,245927.0,245933.0,245941.0,245947.0,245948.0,245952.0,245957.0,245965.0,245968.0,245978.0,245982.0,245988.0,245993.0,246003.0,246010.0,246019.0,246022.0,246030.0,246038.0,246050.0,246057.0,246064.0,246071.0,246074.0,246079.0,246084.0,246092.0,246096.0,246100.0,246107.0,246113.0,246117.0,246124.0,246133.0,246138.0,246139.0,246141.0,246147.0,246152.0,246154.0,246159.0,246162.0,246174.0,246185.0,246188.0,246192.0,246198.0,246200.0,246207.0,246210.0,246220.0,246224.0,246225.0,246234.0,246235.0,246241.0,246248.0,246251.0,246253.0,246265.0,246278.0,246286.0,246295.0,246302.0,,,,,,,,,246356.0,246359.0,246365.0,246369.0,246376.0,246382.0,246388.0,246392.0,246401.0,246405.0,246412.0,246415.0,246422.0,246425.0,246428.0,246434.0,246444.0,246448.0,246452.0,246462.0,246466.0,246473.0,246476.0,246482.0,246490.0,246507.0,246512.0,246515.0,246530.0,246540.0,246552.0,246569.0,246571.0,246586.0,246595.0,246605.0,246617.0,246624.0,246628.0,246633.0,246639.0,246641.0,246647.0,246650.0,246655.0,246662.0,246666.0,246670.0,246671.0,246675.0,246681.0,246686.0,246690.0,246694.0,246699.0,246705.0,246713.0,246716.0,246717.0,246725.0,246727.0,246729.0,246736.0,246738.0,246742.0,246749.0,246753.0,246757.0,246759.0,246763.0,246768.0,246771
RCd8uE_dD3E,5269.0,5270.0,5271.0,5271.0,5271.0,5271.0,5271.0,5271.0,5271.0,5271.0,5271.0,5273.0,5273.0,5273.0,5274.0,5274.0,5274.0,5276.0,5277.0,5277.0,5277.0,5278.0,5278.0,5278.0,5279.0,5280.0,5280.0,5280.0,5280.0,5282.0,5283.0,5283.0,5283.0,5284.0,5285.0,5287.0,5288.0,5288.0,5288.0,5291.0,5291.0,5294.0,5296.0,5296.0,5296.0,5297.0,5297.0,5297.0,5298.0,5300.0,5300.0,5300.0,5300.0,5302.0,5302.0,5302.0,5304.0,5305.0,5306.0,5306.0,5306.0,5306.0,5307.0,5308.0,5308.0,5309.0,5309.0,5309.0,5309.0,5312.0,5312.0,5312.0,5314.0,5316.0,5318.0,5318.0,5319.0,5319.0,5319.0,5319.0,5319.0,5320.0,5320.0,5321.0,5321.0,5321.0,5321.0,5321.0,5322.0,5322.0,5322.0,5322.0,5322.0,5322.0,5322.0,5322.0,5323.0,5323.0,5324.0,5325.0,5325.0,5325.0,5326.0,5326.0,5326.0,5326.0,5327.0,5327.0,5329.0,5330.0,5330.0,5332.0,5334.0,5336.0,5336.0,5336.0,5336.0,5336.0,5336.0,5338.0,5338.0,5338.0,5339.0,5340.0,5341.0,5341.0,5343.0,5343.0,5343.0,5343.0,5344.0,5344.0,5344.0,5345.0,,,,,,,,,5349.0,5349.0,5350.0,5352.0,5352.0,5352.0,5353.0,5353.0,5353.0,5355.0,5355.0,5355.0,5356.0,5358.0,5358.0,5359.0,5359.0,5360.0,5360.0,5360.0,5361.0,5361.0,5361.0,5362.0,5362.0,5362.0,5362.0,5362.0,5363.0,5363.0,5363.0,5364.0,5365.0,5365.0,5366.0,5367.0,5367.0,5367.0,5367.0,5367.0,5367.0,5367.0,5367.0,5367.0,5368.0,5369.0,5373.0,5373.0,5374.0,5375.0,5375.0,5375.0,5376.0,5379.0,5379.0,5379.0,5379.0,5379.0,5379.0,5379.0,5379.0,5379.0,5380.0,5380.0,5381.0,5381.0,5381.0,5381.0,5381.0,5381.0,5381.0,5381
M69P9w4W7uo,14895.0,14901.0,14910.0,14919.0,14926.0,14937.0,14946.0,14949.0,14955.0,14960.0,14975.0,14990.0,14997.0,15009.0,15014.0,15021.0,15025.0,15031.0,15043.0,15047.0,15057.0,15067.0,15073.0,15087.0,15094.0,15102.0,15113.0,15119.0,15129.0,15138.0,15151.0,15157.0,15164.0,15168.0,15180.0,15189.0,15196.0,15205.0,15214.0,15223.0,15230.0,15241.0,15249.0,15262.0,15269.0,15275.0,15288.0,15294.0,15297.0,15304.0,15308.0,15315.0,15318.0,15325.0,15328.0,15335.0,15339.0,15342.0,15348.0,15355.0,15363.0,15373.0,15377.0,15381.0,15389.0,15395.0,15406.0,15412.0,15414.0,15420.0,15425.0,15431.0,15435.0,15437.0,15445.0,15449.0,15454.0,15461.0,15467.0,15475.0,15479.0,15485.0,15493.0,15499.0,15506.0,15509.0,15512.0,15515.0,15522.0,15526.0,15531.0,15536.0,15541.0,15544.0,15550.0,15557.0,15560.0,15565.0,15570.0,15573.0,15579.0,15584.0,15588.0,15591.0,15594.0,15597.0,15601.0,15601.0,15607.0,15617.0,15627.0,15635.0,15640.0,15649.0,15654.0,15659.0,15663.0,15670.0,15679.0,15681.0,15683.0,15685.0,15690.0,15695.0,15698.0,15706.0,15712.0,15717.0,15723.0,15727.0,15732.0,15735.0,15740.0,15743.0,,,,,,,,,15798.0,15803.0,15812.0,15823.0,15828.0,15839.0,15847.0,15855.0,15870.0,15876.0,15882.0,15893.0,15905.0,15912.0,15922.0,15928.0,15936.0,15947.0,15956.0,15969.0,15973.0,15981.0,15989.0,16003.0,16019.0,16032.0,16052.0,16063.0,16073.0,16080.0,16090.0,16106.0,16117.0,16128.0,16154.0,16162.0,16166.0,16180.0,16188.0,16196.0,16210.0,16230.0,16242.0,16277.0,16300.0,16317.0,16332.0,16344.0,16354.0,16361.0,16377.0,16387.0,16396.0,16402.0,16424.0,16445.0,16463.0,16475.0,16494.0,16529.0,16580.0,16662.0,16687.0,16705.0,16722.0,16736.0,16746.0,16754.0,16758.0,16765.0,16773.0,16784
Zjcgp-y6AuE,344103.0,344138.0,344190.0,344231.0,344285.0,344328.0,344361.0,344410.0,344452.0,344505.0,344562.0,344618.0,344681.0,344727.0,344771.0,344817.0,344869.0,344940.0,345041.0,345093.0,345151.0,345209.0,345260.0,345322.0,345379.0,345444.0,345496.0,345554.0,345602.0,345647.0,345710.0,345749.0,345805.0,345833.0,345889.0,345951.0,346000.0,346028.0,346060.0,346099.0,346138.0,346179.0,346228.0,346265.0,346325.0,346394.0,346471.0,346523.0,346581.0,346645.0,346706.0,346772.0,346812.0,346859.0,346901.0,346964.0,347015.0,347055.0,347102.0,347152.0,347192.0,347239.0,347303.0,347350.0,347404.0,347459.0,347523.0,347577.0,347624.0,347692.0,347738.0,347809.0,347866.0,347917.0,347956.0,348007.0,348051.0,348103.0,348148.0,348200.0,348261.0,348322.0,348391.0,348454.0,348521.0,348586.0,348634.0,348695.0,348774.0,348839.0,348899.0,348959.0,349012.0,349052.0,349122.0,349189.0,349240.0,349303.0,349367.0,349421.0,349465.0,349543.0,349597.0,349665.0,349732.0,349782.0,349839.0,349898.0,349948.0,349998.0,350046.0,350095.0,350139.0,350182.0,350216.0,350263.0,350326.0,350375.0,350426.0,350465.0,350510.0,350550.0,350592.0,350636.0,350670.0,350703.0,350761.0,350811.0,350867.0,350932.0,351005.0,351046.0,351095.0,351115.0,,,,,,,,,351582.0,351636.0,351688.0,351754.0,351818.0,351879.0,351942.0,351988.0,352069.0,352123.0,352191.0,352245.0,352328.0,352386.0,352443.0,352499.0,352551.0,352607.0,352652.0,352717.0,352774.0,352835.0,352878.0,352922.0,352977.0,353021.0,353082.0,353134.0,353240.0,353348.0,353418.0,353494.0,353574.0,353643.0,353672.0,353706.0,353745.0,353789.0,353835.0,353876.0,353919.0,353974.0,354015.0,354065.0,354110.0,354157.0,354193.0,354229.0,354276.0,354323.0,354372.0,354403.0,354425.0,354469.0,354515.0,354566.0,354613.0,354655.0,354701.0,354737.0,354764.0,354809.0,354858.0,354893.0,354935.0,354976.0,355037.0,355076.0,355099.0,355147.0,355187.0,355226
urNShWbVgjc,35890.0,35899.0,35901.0,35907.0,35909.0,35910.0,35916.0,35915.0,35918.0,35918.0,35924.0,35927.0,35929.0,35929.0,35932.0,35935.0,35938.0,35942.0,35945.0,35946.0,35951.0,35954.0,35959.0,35961.0,35964.0,35966.0,35970.0,35978.0,35978.0,35979.0,35981.0,35982.0,35986.0,35988.0,35990.0,35990.0,35992.0,35995.0,35996.0,35999.0,36001.0,36001.0,36004.0,36002.0,36006.0,36010.0,36011.0,36014.0,36016.0,36019.0,36020.0,36021.0,36025.0,36026.0,36028.0,36031.0,36032.0,36034.0,36038.0,36039.0,36043.0,36047.0,36048.0,36056.0,36060.0,36061.0,36062.0,36064.0,36068.0,36070.0,36073.0,36076.0,36078.0,36080.0,36084.0,36087.0,36092.0,36091.0,36092.0,36095.0,36098.0,36098.0,36101.0,36104.0,36107.0,36109.0,36111.0,36114.0,36117.0,36124.0,36127.0,36127.0,36127.0,36127.0,36130.0,36132.0,36133.0,36136.0,36138.0,36139.0,36142.0,36145.0,36148.0,36151.0,36153.0,36158.0,36160.0,36165.0,36167.0,36172.0,36176.0,36180.0,36182.0,36184.0,36190.0,36192.0,36195.0,36197.0,36201.0,36199.0,36202.0,36202.0,36206.0,36210.0,36211.0,36214.0,36216.0,36218.0,36219.0,36223.0,36228.0,36233.0,36234.0,36238.0,,,,,,,,,36288.0,36296.0,36306.0,36316.0,36330.0,36346.0,36386.0,36411.0,36461.0,36470.0,36482.0,36498.0,36514.0,36526.0,36534.0,36544.0,36555.0,36564.0,36570.0,36573.0,36584.0,36590.0,36596.0,36602.0,36610.0,36618.0,36622.0,36628.0,36633.0,36640.0,36642.0,36646.0,36654.0,36658.0,36666.0,36668.0,36673.0,36674.0,36677.0,36679.0,36684.0,36688.0,36688.0,36688.0,36691.0,36693.0,36694.0,36700.0,36707.0,36704.0,36707.0,36712.0,36715.0,36720.0,36723.0,36727.0,36728.0,36730.0,36733.0,36736.0,36737.0,36739.0,36745.0,36744.0,36747.0,36750.0,36756.0,36758.0,36761.0,36767.0,36773.0,36776
6fNj_GPR04w,408.0,408.0,408.0,408.0,408.0,408.0,408.0,408.0,408.0,408.0,408.0,408.0,408.0,408.0,408.0,408.0,408.0,408.0,408.0,408.0,408.0,408.0,408.0,408.0,408.0,408.0,408.0,409.0,409.0,409.0,409.0,409.0,409.0,409.0,409.0,409.0,409.0,409.0,409.0,409.0,409.0,409.0,409.0,409.0,409.0,409.0,409.0,409.0,409.0,409.0,409.0,409.0,409.0,409.0,409.0,409.0,409.0,409.0,409.0,409.0,409.0,409.0,409.0,409.0,409.0,409.0,409.0,409.0,409.0,409.0,409.0,409.0,409.0,409.0,409.0,409.0,409.0,409.0,409.0,409.0,409.0,409.0,409.0,409.0,409.0,409.0,409.0,409.0,409.0,409.0,409.0,409.0,409.0,409.0,409.0,409.0,409.0,409.0,409.0,409.0,409.0,409.0,410.0,410.0,410.0,410.0,410.0,410.0,410.0,410.0,410.0,413.0,413.0,413.0,413.0,414.0,414.0,414.0,414.0,414.0,414.0,414.0,414.0,414.0,414.0,414.0,414.0,414.0,414.0,414.0,414.0,415.0,415.0,415.0,,,,,,,,,415.0,415.0,415.0,415.0,415.0,415.0,415.0,415.0,415.0,415.0,415.0,415.0,415.0,415.0,415.0,415.0,415.0,415.0,415.0,415.0,415.0,415.0,415.0,415.0,415.0,415.0,415.0,415.0,415.0,415.0,415.0,415.0,415.0,415.0,415.0,415.0,415.0,415.0,415.0,415.0,415.0,415.0,415.0,415.0,415.0,415.0,415.0,415.0,415.0,415.0,415.0,415.0,416.0,416.0,416.0,416.0,416.0,416.0,416.0,416.0,416.0,416.0,416.0,416.0,416.0,416.0,416.0,416.0,416.0,416.0,416.0,416
MClAfYUIjTo,893632.0,893881.0,894145.0,894429.0,894639.0,894901.0,895145.0,895396.0,895659.0,895852.0,896032.0,896285.0,896499.0,896756.0,896977.0,897227.0,897456.0,897670.0,897883.0,898124.0,898357.0,898632.0,898876.0,899103.0,899342.0,899552.0,899774.0,899984.0,900188.0,900449.0,900697.0,900925.0,901151.0,901395.0,901633.0,901889.0,902135.0,902335.0,902478.0,902656.0,902856.0,903085.0,903313.0,903507.0,903706.0,903870.0,904097.0,904339.0,904554.0,904773.0,905042.0,905253.0,905453.0,905675.0,905886.0,906220.0,906552.0,906895.0,907201.0,907484.0,907881.0,908236.0,908614.0,908929.0,909284.0,909618.0,909819.0,910160.0,910447.0,910953.0,911308.0,911646.0,911946.0,912200.0,912467.0,912757.0,913121.0,913463.0,913734.0,913999.0,914226.0,914510.0,914746.0,915040.0,915352.0,915641.0,915905.0,916131.0,916374.0,916673.0,916943.0,917286.0,917673.0,917972.0,918211.0,918503.0,918817.0,919120.0,919367.0,919675.0,919947.0,920141.0,920419.0,920681.0,920973.0,921247.0,921591.0,921831.0,922020.0,922260.0,922555.0,922809.0,923054.0,923330.0,923570.0,923763.0,923989.0,924210.0,924425.0,924724.0,924912.0,925117.0,925315.0,925484.0,925694.0,925938.0,926172.0,926398.0,926565.0,926761.0,926972.0,927135.0,927323.0,927554.0,,,,,,,,,929432.0,929616.0,929820.0,930034.0,930256.0,930507.0,930716.0,930928.0,931194.0,931411.0,931666.0,931958.0,932217.0,932468.0,932702.0,932903.0,933146.0,933393.0,933666.0,933873.0,934056.0,934204.0,934343.0,934543.0,934735.0,934882.0,935050.0,935249.0,935405.0,935555.0,935703.0,935910.0,936136.0,936373.0,936564.0,936742.0,936894.0,937041.0,937263.0,937468.0,937709.0,937932.0,938116.0,938315.0,938507.0,938780.0,939000.0,939187.0,939397.0,939616.0,939764.0,939976.0,940179.0,940354.0,940566.0,940772.0,940969.0,941145.0,941307.0,941501.0,941718.0,941878.0,942054.0,942223.0,942382.0,942564.0,942760.0,942946.0,943117.0,943281.0,943485.0,943652
5ncp-_GXBsU,21594759.0,21595601.0,21596439.0,21597374.0,21598296.0,21599293.0,21600182.0,21601081.0,21602007.0,21602970.0,21603882.0,21604836.0,21605847.0,21606725.0,21607667.0,21608631.0,21609553.0,21610474.0,21611361.0,21612191.0,21612979.0,21613780.0,21614623.0,21615422.0,21616236.0,21617047.0,21617898.0,21618763.0,21619578.0,21620460.0,21621481.0,21622426.0,21623367.0,21624378.0,21625357.0,21626397.0,21627435.0,21628474.0,21629462.0,21630424.0,21631311.0,21632230.0,21633056.0,21633841.0,21634778.0,21635721.0,21636601.0,21637374.0,21638349.0,21639189.0,21639973.0,21640926.0,21641786.0,21642616.0,21643622.0,21644718.0,21645698.0,21646576.0,21647612.0,21648579.0,21649497.0,21650486.0,21651327.0,21652257.0,21653145.0,21653951.0,21654899.0,21655679.0,21656440.0,21657405.0,21658249.0,21658954.0,21659686.0,21660425.0,21661052.0,21661747.0,21662414.0,21663128.0,21663834.0,21664558.0,21665305.0,21666014.0,21666694.0,21667325.0,21668023.0,21668701.0,21669420.0,21670143.0,21670817.0,21671433.0,21672068.0,21672759.0,21673489.0,21674274.0,21674977.0,21675618.0,21676243.0,21676788.0,21677381.0,21678021.0,21678679.0,21679399.0,21680061.0,21680751.0,21681507.0,21682217.0,21682874.0,21683659.0,21684438.0,21685075.0,21685718.0,21686429.0,21687086.0,21687749.0,21688460.0,21689199.0,21689819.0,21690391.0,21691149.0,21691757.0,21692367.0,21692985.0,21693668.0,21694381.0,21694964.0,21695516.0,21696115.0,21696675.0,21697305.0,21697872.0,21698479.0,21699041.0,21699532.0,21699938.0,,,,,,,,,21704926.0,21705523.0,21706099.0,21706703.0,21707304.0,21707829.0,21708473.0,21709104.0,21709814.0,21710413.0,21711014.0,21711666.0,21712250.0,21712995.0,21713558.0,21714186.0,21714665.0,21715242.0,21715799.0,21716333.0,21716835.0,21717400.0,21717926.0,21718412.0,21718946.0,21719507.0,21720114.0,21720741.0,21721432.0,21721999.0,21722583.0,21723128.0,21723854.0,21724514.0,21725190.0,21725860.0,21726508.0,21727135.0,21727671.0,21728375.0,21729004.0,21729590.0,21730277.0,21730970.0,21731639.0,21732288.0,21733002.0,21733587.0,21734351.0,21735084.0,21735768.0,21736384.0,21736875.0,21737545.0,21738123.0,21738732.0,21739342.0,21739927.0,21740472.0,21741087.0,21741750.0,21742205.0,21742765.0,21743303.0,21743826.0,21744414.0,21744960.0,21745472.0,21746008.0,21746623.0,21747095.0,21747731
CAL_9pdMAaI,589925.0,589973.0,590019.0,590088.0,590128.0,590188.0,590256.0,590329.0,590393.0,590451.0,590501.0,590567.0,590623.0,590690.0,590745.0,590809.0,590860.0,590919.0,590977.0,591053.0,591126.0,591172.0,591218.0,591271.0,591327.0,591407.0,591465.0,591517.0,591582.0,591643.0,591690.0,591749.0,591811.0,591879.0,591935.0,591994.0,592068.0,592158.0,592235.0,592309.0,592372.0,592459.0,592524.0,592602.0,592679.0,592754.0,592816.0,592883.0,592941.0,593024.0,593101.0,593168.0,593221.0,593296.0,593348.0,593403.0,593479.0,593566.0,593643.0,593718.0,593798.0,593859.0,593934.0,594009.0,594052.0,594114.0,594173.0,594238.0,594307.0,594389.0,594478.0,594529.0,594596.0,594645.0,594718.0,594794.0,594865.0,594934.0,594976.0,595036.0,595097.0,595148.0,595194.0,595258.0,595310.0,595357.0,595407.0,595460.0,595495.0,595545.0,595585.0,595648.0,595700.0,595744.0,595794.0,595843.0,595881.0,595928.0,595984.0,596040.0,596098.0,596164.0,596229.0,596280.0,596341.0,596400.0,596437.0,596502.0,596541.0,596582.0,596634.0,596680.0,596732.0,596774.0,596821.0,596872.0,596939.0,597008.0,597059.0,597125.0,597180.0,597220.0,597298.0,597353.0,597394.0,597440.0,597481.0,597522.0,597567.0,597614.0,597685.0,597751.0,597824.0,597877.0,,,,,,,,,598370.0,598423.0,598480.0,598546.0,598598.0,598652.0,598700.0,598753.0,598792.0,598854.0,598908.0,598968.0,599025.0,599075.0,599124.0,599191.0,599246.0,599291.0,599329.0,599385.0,599446.0,599496.0,599548.0,599595.0,599649.0,599706.0,599750.0,599795.0,599851.0,599895.0,599947.0,600000.0,600055.0,600109.0,600150.0,600186.0,600230.0,600272.0,600315.0,600355.0,600400.0,600452.0,600503.0,600536.0,600582.0,600633.0,600682.0,600726.0,600784.0,600832.0,600880.0,600923.0,600971.0,601022.0,601084.0,601131.0,601177.0,601224.0,601272.0,601318.0,601368.0,601411.0,601461.0,601501.0,601536.0,601571.0,601618.0,601659.0,601695.0,601736.0,601770.0,601822
bYknhAH2bNA,43408.0,43424.0,43428.0,43434.0,43438.0,43444.0,43457.0,43465.0,43470.0,43474.0,43491.0,43504.0,43515.0,43522.0,43527.0,43534.0,43547.0,43553.0,43566.0,43575.0,43576.0,43586.0,43593.0,43600.0,43609.0,43624.0,43632.0,43634.0,43642.0,43650.0,43661.0,43671.0,43679.0,43681.0,43686.0,43695.0,43699.0,43707.0,43707.0,43721.0,43726.0,43736.0,43743.0,43750.0,43754.0,43759.0,43760.0,43772.0,43783.0,43790.0,43795.0,43804.0,43812.0,43818.0,43827.0,43850.0,43857.0,43874.0,43880.0,43885.0,43892.0,43896.0,43909.0,43916.0,43926.0,43932.0,43941.0,43947.0,43956.0,43968.0,43983.0,43996.0,44007.0,44018.0,44026.0,44041.0,44057.0,44072.0,44076.0,44082.0,44089.0,44095.0,44099.0,44109.0,44126.0,44133.0,44146.0,44161.0,44169.0,44177.0,44183.0,44188.0,44198.0,44206.0,44216.0,44223.0,44228.0,44237.0,44242.0,44251.0,44260.0,44268.0,44276.0,44285.0,44300.0,44314.0,44320.0,44334.0,44340.0,44353.0,44364.0,44376.0,44400.0,44411.0,44425.0,44442.0,44459.0,44467.0,44479.0,44491.0,44506.0,44520.0,44535.0,44552.0,44563.0,44568.0,44580.0,44589.0,44597.0,44607.0,44614.0,44625.0,44637.0,44643.0,,,,,,,,,44722.0,44731.0,44742.0,44758.0,44772.0,44785.0,44803.0,44808.0,44813.0,44824.0,44853.0,44873.0,44890.0,44899.0,44910.0,44916.0,44928.0,44948.0,44952.0,44973.0,44984.0,44999.0,45008.0,45027.0,45045.0,45053.0,45060.0,45073.0,45079.0,45081.0,45091.0,45109.0,45122.0,45139.0,45157.0,45169.0,45180.0,45201.0,45218.0,45244.0,45262.0,45276.0,45285.0,45296.0,45302.0,45310.0,45318.0,45325.0,45332.0,45341.0,45350.0,45364.0,45376.0,45388.0,45399.0,45406.0,45418.0,45434.0,45440.0,45455.0,45468.0,45481.0,45493.0,45509.0,45516.0,45531.0,45542.0,45552.0,45565.0,45575.0,45586.0,45597
_fTMtowG-gs,,,,,,,,,,,,,,,,,,,,,,,,,,,,,,,,,,,,,,,,,,,,,,,,,,,,,,,,,,,,,,,,,,,,,,,,,,,,,,,,,,,,,,,,,,,,,,,,,,,,,,,,,,,,,,,,,,,,,,,,,,,,,,,,,,,,,,,,,,,,,,,,,,,,,,,,,,,,,,,,,,,,,,,,,,,,,,,,,,,,,,,,,,,,,,,,,,,,,,,,,,,,,,,,,,,,,,
R-RVkRKpRNQ,165874.0,165892.0,165911.0,165932.0,165953.0,165971.0,166000.0,166019.0,166037.0,166052.0,166068.0,166087.0,166109.0,166130.0,166152.0,166185.0,166215.0,166237.0,166260.0,166284.0,166307.0,166333.0,166356.0,166387.0,166404.0,166421.0,166445.0,166465.0,166476.0,166490.0,166499.0,166520.0,166538.0,166547.0,166561.0,166577.0,166594.0,166620.0,166642.0,166661.0,166680.0,166692.0,166709.0,166741.0,166763.0,166785.0,166811.0,166835.0,166857.0,166887.0,166913.0,166934.0,166950.0,166969.0,167000.0,167021.0,167049.0,167068.0,167086.0,167099.0,167120.0,167141.0,167156.0,167180.0,167212.0,167241.0,167258.0,167268.0,167281.0,167290.0,167316.0,167351.0,167376.0,167400.0,167414.0,167444.0,167463.0,167483.0,167498.0,167507.0,167527.0,167553.0,167569.0,167589.0,167603.0,167623.0,167644.0,167658.0,167686.0,167712.0,167735.0,167751.0,167769.0,167789.0,167812.0,167835.0,167879.0,167907.0,167929.0,167956.0,167987.0,168002.0,168019.0,168032.0,168055.0,168078.0,168101.0,168126.0,168146.0,168162.0,168192.0,168202.0,168221.0,168242.0,168256.0,168272.0,168289.0,168322.0,168342.0,168361.0,168377.0,168395.0,168429.0,168450.0,168486.0,168518.0,168538.0,168567.0,168591.0,168614.0,168639.0,168661.0,168678.0,168686.0,,,,,,,,,168824.0,168827.0,168841.0,168856.0,168872.0,168894.0,168928.0,168950.0,168971.0,168992.0,169012.0,169041.0,169082.0,169108.0,169151.0,169177.0,169195.0,169216.0,169226.0,169248.0,169272.0,169295.0,169320.0,169344.0,169370.0,169392.0,169415.0,169436.0,169455.0,169469.0,169483.0,169501.0,169520.0,169535.0,169552.0,169585.0,169598.0,169616.0,169638.0,169681.0,169693.0,169723.0,169737.0,169752.0,169773.0,169789.0,169806.0,169830.0,169851.0,169873.0,169887.0,169907.0,169926.0,169947.0,169962.0,169970.0,169994.0,169999.0,170012.0,170027.0,170050.0,170062.0,170067.0,170074.0,170083.0,170095.0,170113.0,170133.0,170145.0,170166.0,170180.0,170192
GRvkWMQNf_Q,1174.0,1174.0,1174.0,1174.0,1174.0,1174.0,1174.0,1174.0,1174.0,1174.0,1174.0,1174.0,1174.0,1174.0,1174.0,1174.0,1174.0,1174.0,1174.0,1174.0,1174.0,1174.0,1174.0,1174.0,1174.0,1174.0,1174.0,1174.0,1174.0,1174.0,1174.0,1174.0,1174.0,1174.0,1174.0,1174.0,1174.0,1174.0,1174.0,1174.0,1174.0,1174.0,1174.0,1174.0,1174.0,1174.0,1174.0,1174.0,1174.0,1174.0,1174.0,1174.0,1174.0,1174.0,1174.0,1174.0,1174.0,1174.0,1174.0,1174.0,1174.0,1174.0,1174.0,1174.0,1174.0,1174.0,1174.0,1174.0,1174.0,1174.0,1174.0,1174.0,1174.0,1174.0,1174.0,1174.0,1174.0,1174.0,1174.0,1174.0,1174.0,1174.0,1174.0,1174.0,1174.0,1174.0,1174.0,1174.0,1174.0,1174.0,1174.0,1174.0,1174.0,1174.0,1174.0,1174.0,1174.0,1174.0,1174.0,1174.0,1174.0,1174.0,1174.0,1174.0,1174.0,1174.0,1174.0,1174.0,1174.0,1174.0,1174.0,1174.0,1174.0,1174.0,1174.0,1174.0,1174.0,1174.0,1174.0,1174.0,1174.0,1174.0,1174.0,1174.0,1174.0,1174.0,1174.0,1174.0,1174.0,1174.0,1174.0,1174.0,1174.0,1174.0,,,,,,,,,1174.0,1174.0,1174.0,1174.0,1174.0,1174.0,1174.0,1174.0,1174.0,1174.0,1174.0,1174.0,1174.0,1174.0,1174.0,1174.0,1174.0,1174.0,1174.0,1174.0,1174.0,1174.0,1174.0,1174.0,1174.0,1174.0,1174.0,1174.0,1174.0,1174.0,1174.0,1174.0,1174.0,1174.0,1174.0,1174.0,1174.0,1174.0,1174.0,1174.0,1174.0,1174.0,1174.0,1174.0,1174.0,1174.0,1174.0,1174.0,1174.0,1174.0,1174.0,1174.0,1174.0,1174.0,1174.0,1174.0,1174.0,1174.0,1174.0,1174.0,1174.0,1174.0,1174.0,1174.0,1174.0,1174.0,1174.0,1174.0,1174.0,1174.0,1174.0,1174
C1Q6zf_OSog,155907.0,155942.0,155974.0,155997.0,156016.0,156053.0,156076.0,156109.0,156130.0,156158.0,156196.0,156222.0,156254.0,156283.0,156307.0,156339.0,156375.0,156395.0,156418.0,156439.0,156469.0,156485.0,156510.0,156530.0,156562.0,156588.0,156616.0,156650.0,156681.0,156704.0,156743.0,156774.0,156805.0,156831.0,156867.0,156900.0,156930.0,156954.0,156977.0,157010.0,157041.0,157071.0,157092.0,157119.0,157149.0,157179.0,157225.0,157252.0,157281.0,157321.0,157350.0,157378.0,157412.0,157441.0,157462.0,157497.0,157526.0,157548.0,157578.0,157606.0,157644.0,157679.0,157729.0,157766.0,157806.0,157842.0,157879.0,157902.0,157931.0,157964.0,157998.0,158021.0,158046.0,158081.0,158104.0,158135.0,158159.0,158176.0,158202.0,158235.0,158257.0,158284.0,158324.0,158344.0,158378.0,158416.0,158441.0,158472.0,158510.0,158541.0,158559.0,158578.0,158613.0,158634.0,158649.0,158677.0,158691.0,158713.0,158725.0,158755.0,158776.0,158798.0,158831.0,158852.0,158877.0,158899.0,158912.0,158930.0,158953.0,158980.0,159003.0,159027.0,159047.0,159082.0,159105.0,159126.0,159146.0,159173.0,159196.0,159216.0,159233.0,159261.0,159286.0,159315.0,159332.0,159356.0,159371.0,159395.0,159414.0,159434.0,159462.0,159489.0,159503.0,159517.0,,,,,,,,,159718.0,159734.0,159745.0,159766.0,159789.0,159806.0,159828.0,159843.0,159860.0,159874.0,159891.0,159908.0,159932.0,159953.0,159968.0,159996.0,160016.0,160032.0,160046.0,160066.0,160091.0,160112.0,160125.0,160140.0,160157.0,160165.0,160179.0,160193.0,160202.0,160224.0,160240.0,160256.0,160273.0,160295.0,160310.0,160324.0,160343.0,160365.0,160388.0,160401.0,160422.0,160446.0,160468.0,160491.0,160507.0,160528.0,160549.0,160565.0,160595.0,160616.0,160630.0,160651.0,160667.0,160693.0,160708.0,160730.0,160751.0,160767.0,160784.0,160800.0,160824.0,160840.0,160856.0,160874.0,160897.0,160911.0,160928.0,160955.0,160978.0,161003.0,161011.0,161026
YoKv8rw76nY,1470589.0,1470661.0,1470734.0,1470801.0,1470886.0,1470953.0,1471016.0,1471112.0,1471198.0,1471277.0,1471363.0,1471447.0,1471525.0,1471589.0,1471660.0,1471734.0,1471818.0,1471896.0,1471962.0,1472030.0,1472129.0,1472200.0,1472265.0,1472326.0,1472387.0,1472466.0,1472549.0,1472622.0,1472703.0,1472796.0,1472883.0,1472990.0,1473057.0,1473142.0,1473255.0,1473355.0,1473443.0,1473522.0,1473617.0,1473675.0,1473743.0,1473818.0,1473878.0,1473954.0,1474049.0,1474115.0,1474206.0,1474302.0,1474386.0,1474471.0,1474545.0,1474619.0,1474706.0,1474770.0,1474856.0,1474935.0,1475001.0,1475072.0,1475138.0,1475186.0,1475257.0,1475345.0,1475425.0,1475504.0,1475587.0,1475656.0,1475744.0,1475796.0,1475854.0,1475937.0,1476024.0,1476103.0,1476196.0,1476286.0,1476343.0,1476423.0,1476502.0,1476587.0,1476666.0,1476739.0,1476801.0,1476867.0,1476918.0,1477016.0,1477097.0,1477184.0,1477277.0,1477377.0,1477474.0,1477570.0,1477641.0,1477717.0,1477804.0,1477879.0,1477958.0,1478049.0,1478100.0,1478164.0,1478216.0,1478297.0,1478390.0,1478470.0,1478537.0,1478612.0,1478688.0,1478772.0,1478851.0,1478926.0,1478994.0,1479073.0,1479140.0,1479230.0,1479310.0,1479401.0,1479510.0,1479603.0,1479683.0,1479766.0,1479853.0,1479953.0,1480034.0,1480120.0,1480208.0,1480302.0,1480399.0,1480478.0,1480551.0,1480624.0,1480703.0,1480772.0,1480872.0,1480935.0,1480986.0,1481049.0,,,,,,,,,1481756.0,1481876.0,1481979.0,1482128.0,1482303.0,1482464.0,1482649.0,1482890.0,1483045.0,1483167.0,1483274.0,1483384.0,1483476.0,1483590.0,1483713.0,1483801.0,1483882.0,1483986.0,1484081.0,1484150.0,1484225.0,1484315.0,1484384.0,1484458.0,1484529.0,1484608.0,1484678.0,1484730.0,1484797.0,1484865.0,1484946.0,1485002.0,1485080.0,1485165.0,1485233.0,1485295.0,1485366.0,1485418.0,1485488.0,1485584.0,1485673.0,1485742.0,1485835.0,1485914.0,1485986.0,1486067.0,1486158.0,1486240.0,1486309.0,1486401.0,1486476.0,1486540.0,1486618.0,1486662.0,1486731.0,1486792.0,1486868.0,1486933.0,1487018.0,1487113.0,1487196.0,1487261.0,1487322.0,1487399.0,1487461.0,1487531.0,1487596.0,1487658.0,1487722.0,1487781.0,1487843.0,1487894
TMkU0dSDdq0,47763.0,47766.0,47767.0,47770.0,47773.0,47777.0,47779.0,47785.0,47788.0,47792.0,47801.0,47804.0,47810.0,47824.0,47830.0,47835.0,47837.0,47839.0,47842.0,47845.0,47849.0,47854.0,47857.0,47858.0,47864.0,47867.0,47871.0,47872.0,47874.0,47878.0,47881.0,47889.0,47892.0,47904.0,47912.0,47919.0,47920.0,47925.0,47933.0,47935.0,47937.0,47939.0,47943.0,47944.0,47947.0,47947.0,47952.0,47954.0,47956.0,47962.0,47970.0,47975.0,47981.0,47994.0,48006.0,48009.0,48014.0,48019.0,48036.0,48047.0,48057.0,48063.0,48070.0,48078.0,48082.0,48085.0,48090.0,48092.0,48100.0,48108.0,48114.0,48118.0,48119.0,48122.0,48123.0,48130.0,48135.0,48139.0,48142.0,48151.0,48157.0,48165.0,48177.0,48182.0,48187.0,48189.0,48194.0,48201.0,48211.0,48213.0,48215.0,48219.0,48225.0,48230.0,48236.0,48240.0,48243.0,48246.0,48257.0,48260.0,48269.0,48278.0,48283.0,48287.0,48292.0,48297.0,48307.0,48310.0,48315.0,48321.0,48323.0,48325.0,48329.0,48334.0,48339.0,48343.0,48348.0,48351.0,48358.0,48366.0,48372.0,48372.0,48378.0,48380.0,48387.0,48389.0,48390.0,48390.0,48394.0,48396.0,48407.0,48414.0,48416.0,48419.0,,,,,,,,,48457.0,48458.0,48460.0,48462.0,48464.0,48465.0,48471.0,48474.0,48479.0,48489.0,48492.0,48492.0,48495.0,48498.0,48499.0,48500.0,48501.0,48505.0,48509.0,48518.0,48524.0,48528.0,48532.0,48537.0,48547.0,48558.0,48563.0,48565.0,48566.0,48568.0,48575.0,48577.0,48577.0,48578.0,48582.0,48582.0,48587.0,48593.0,48597.0,48600.0,48604.0,48611.0,48612.0,48618.0,48622.0,48626.0,48633.0,48635.0,48638.0,48642.0,48648.0,48654.0,48654.0,48658.0,48661.0,48662.0,48664.0,48667.0,48671.0,48674.0,48679.0,48684.0,48691.0,48694.0,48697.0,48710.0,48713.0,48719.0,48728.0,48738.0,48745.0,48750
PNUICWXRiEw,105911.0,106034.0,106153.0,106284.0,106418.0,106550.0,106679.0,106820.0,106974.0,107069.0,107177.0,107358.0,107502.0,107632.0,107780.0,107943.0,108069.0,108211.0,108355.0,108527.0,108757.0,108923.0,109079.0,109212.0,109312.0,109407.0,109553.0,109686.0,109862.0,110029.0,110152.0,110254.0,110374.0,110511.0,110656.0,110766.0,110942.0,111084.0,111220.0,111379.0,111510.0,111685.0,111856.0,112079.0,112223.0,112388.0,112557.0,112730.0,112946.0,113117.0,113285.0,113428.0,113568.0,113700.0,113873.0,113993.0,114109.0,114255.0,114394.0,114512.0,114634.0,114765.0,114920.0,115050.0,115198.0,115362.0,115480.0,115633.0,115743.0,115933.0,116108.0,116230.0,116355.0,116498.0,116656.0,116827.0,117049.0,117251.0,117402.0,117525.0,117645.0,117818.0,117939.0,118133.0,118325.0,118499.0,118659.0,118769.0,118933.0,119135.0,119364.0,119559.0,119732.0,119875.0,120003.0,120138.0,120275.0,120424.0,120587.0,120762.0,120897.0,121003.0,121185.0,121315.0,121452.0,121593.0,121732.0,121953.0,122101.0,122282.0,122469.0,122597.0,122773.0,122955.0,123111.0,123215.0,123346.0,123470.0,123611.0,123745.0,123853.0,123950.0,124039.0,124117.0,124226.0,124310.0,124443.0,124570.0,124687.0,124787.0,124883.0,124976.0,125098.0,125201.0,,,,,,,,,126207.0,126300.0,126396.0,126522.0,126637.0,126752.0,126847.0,126935.0,127011.0,127098.0,127209.0,127317.0,127444.0,127542.0,127624.0,127685.0,127771.0,127882.0,127985.0,128059.0,128119.0,128169.0,128210.0,128281.0,128337.0,128404.0,128480.0,128549.0,128615.0,128683.0,128757.0,128825.0,128900.0,128972.0,129153.0,129266.0,129355.0,129429.0,129538.0,129619.0,129703.0,129783.0,129860.0,129915.0,130053.0,130207.0,130300.0,130389.0,130520.0,130599.0,130661.0,130725.0,130810.0,130883.0,130937.0,131022.0,131075.0,131121.0,131186.0,131256.0,131329.0,131371.0,131443.0,131504.0,131547.0,131631.0,131730.0,131823.0,131888.0,131952.0,132002.0,132049
BWgSW_XLnkU,158347.0,158414.0,158507.0,158565.0,158653.0,158739.0,158803.0,158921.0,159006.0,159113.0,159185.0,159289.0,159456.0,159833.0,160214.0,160624.0,161075.0,161238.0,161463.0,161670.0,161931.0,162143.0,162272.0,162341.0,162414.0,162503.0,162596.0,162721.0,162841.0,162955.0,163044.0,163107.0,163183.0,163272.0,163381.0,163477.0,163607.0,163713.0,163785.0,163887.0,164004.0,164098.0,164223.0,164300.0,164364.0,164447.0,164526.0,164598.0,164682.0,164765.0,164857.0,164923.0,164980.0,165050.0,165156.0,165253.0,165337.0,165440.0,165527.0,165586.0,165629.0,165697.0,165792.0,165875.0,165962.0,166076.0,166186.0,166309.0,166386.0,166484.0,166570.0,166659.0,166752.0,166849.0,166916.0,166993.0,167089.0,167170.0,167273.0,167327.0,167384.0,167472.0,167559.0,167668.0,167752.0,167856.0,167937.0,168021.0,168127.0,168261.0,168399.0,168520.0,168651.0,168747.0,168834.0,168907.0,168994.0,169061.0,169153.0,169215.0,169294.0,169354.0,169438.0,169499.0,169578.0,169670.0,169735.0,169815.0,169859.0,169933.0,170028.0,170105.0,170203.0,170291.0,170333.0,170384.0,170434.0,170518.0,170608.0,170688.0,170743.0,170795.0,170853.0,170895.0,170952.0,170992.0,171071.0,171141.0,171218.0,171297.0,171355.0,171469.0,171549.0,171621.0,,,,,,,,,172233.0,172272.0,172323.0,172380.0,172433.0,172507.0,172587.0,172654.0,172732.0,172790.0,172854.0,172927.0,173038.0,173139.0,173193.0,173275.0,173362.0,173521.0,173638.0,173695.0,173717.0,173758.0,173794.0,173865.0,173924.0,173997.0,174050.0,174099.0,174143.0,174185.0,174248.0,174302.0,174348.0,174413.0,174467.0,174506.0,174550.0,174586.0,174640.0,174698.0,174749.0,174806.0,174846.0,174889.0,174956.0,175012.0,175051.0,175091.0,175183.0,175256.0,175314.0,175409.0,175500.0,175582.0,175641.0,175701.0,175737.0,175775.0,175816.0,175871.0,175975.0,175999.0,176047.0,176097.0,176134.0,176176.0,176230.0,176289.0,176324.0,176385.0,176434.0,176468
cdYfWQRckhQ,592280.0,592292.0,592308.0,592326.0,592340.0,592351.0,592359.0,592373.0,592380.0,592407.0,592424.0,592436.0,592451.0,592464.0,592475.0,592489.0,592502.0,592511.0,592532.0,592553.0,592577.0,592597.0,592610.0,592623.0,592639.0,592654.0,592666.0,592679.0,592697.0,592706.0,592717.0,592722.0,592729.0,592738.0,592746.0,592756.0,592766.0,592770.0,592785.0,592794.0,592805.0,592808.0,592816.0,592831.0,592837.0,592851.0,592866.0,592877.0,592889.0,592904.0,592918.0,592926.0,592938.0,592951.0,592973.0,592984.0,592991.0,593006.0,593019.0,593037.0,593044.0,593057.0,593077.0,593091.0,593107.0,593119.0,593129.0,593139.0,593143.0,593155.0,593172.0,593193.0,593196.0,593205.0,593212.0,593223.0,593235.0,593245.0,593248.0,593257.0,593270.0,593278.0,593290.0,593302.0,593312.0,593323.0,593332.0,593346.0,593363.0,593371.0,593387.0,593400.0,593407.0,593418.0,593429.0,593437.0,593442.0,593448.0,593463.0,593468.0,593483.0,593494.0,593503.0,593515.0,593535.0,593551.0,593557.0,593564.0,593581.0,593593.0,593604.0,593626.0,593646.0,593656.0,593661.0,593684.0,593698.0,593721.0,593749.0,593769.0,593783.0,593803.0,593818.0,593830.0,593841.0,593855.0,593873.0,593890.0,593902.0,593911.0,593927.0,593942.0,593949.0,593960.0,,,,,,,,,594043.0,594054.0,594075.0,594088.0,594101.0,594114.0,594139.0,594158.0,594177.0,594192.0,594202.0,594208.0,594232.0,594244.0,594256.0,594270.0,594278.0,594287.0,594295.0,594307.0,594319.0,594337.0,594351.0,594359.0,594372.0,594386.0,594400.0,594412.0,594424.0,594439.0,594451.0,594464.0,594477.0,594485.0,594495.0,594509.0,594518.0,594533.0,594548.0,594556.0,594565.0,594570.0,594584.0,594596.0,594611.0,594623.0,594637.0,594652.0,594663.0,594673.0,594687.0,594700.0,594718.0,594723.0,594736.0,594757.0,594765.0,594782.0,594793.0,594808.0,594822.0,594830.0,594839.0,594850.0,594860.0,594879.0,594894.0,594901.0,594912.0,594926.0,594934.0,594947
uS8vZspR-fY,353753.0,353896.0,354046.0,354236.0,354434.0,354635.0,354870.0,355052.0,355270.0,355440.0,355571.0,355754.0,355982.0,356158.0,356305.0,356524.0,356737.0,356949.0,357150.0,357424.0,357667.0,357931.0,358205.0,358420.0,358609.0,358829.0,359059.0,359316.0,359617.0,359872.0,360070.0,360267.0,360512.0,360753.0,360945.0,361204.0,361463.0,361684.0,361856.0,362085.0,362334.0,362532.0,362802.0,363003.0,363200.0,363384.0,363625.0,363872.0,364120.0,364342.0,364623.0,364841.0,364998.0,365233.0,365496.0,365697.0,365972.0,366272.0,366511.0,366745.0,366953.0,367228.0,367445.0,367670.0,367888.0,368088.0,368297.0,368522.0,368700.0,368989.0,369209.0,369467.0,369680.0,369863.0,370143.0,370403.0,370687.0,370976.0,371299.0,371548.0,371765.0,372020.0,372267.0,372555.0,372803.0,373021.0,373198.0,373373.0,373615.0,373837.0,374075.0,374327.0,374529.0,374778.0,374959.0,375221.0,375459.0,375732.0,376004.0,376289.0,376493.0,376709.0,376942.0,377172.0,377407.0,377683.0,377910.0,378147.0,378313.0,378528.0,378774.0,379039.0,379292.0,379543.0,379797.0,379918.0,380150.0,380383.0,380663.0,380910.0,381142.0,381322.0,381560.0,381730.0,381906.0,382053.0,382336.0,382483.0,382682.0,382880.0,383075.0,383270.0,383468.0,383697.0,,,,,,,,,385655.0,385804.0,386031.0,386221.0,386413.0,386661.0,386854.0,387051.0,387279.0,387558.0,387782.0,388037.0,388316.0,388527.0,388776.0,388994.0,389271.0,389513.0,389771.0,390050.0,390248.0,390452.0,390632.0,390891.0,391116.0,391384.0,391598.0,391883.0,392089.0,392361.0,392614.0,393079.0,393363.0,393702.0,393972.0,394219.0,394444.0,394721.0,394925.0,395132.0,395350.0,395559.0,395747.0,395928.0,396083.0,396254.0,396457.0,396716.0,396951.0,397142.0,397299.0,397497.0,397665.0,397871.0,398051.0,398264.0,398412.0,398610.0,398799.0,398985.0,399218.0,399362.0,399549.0,399709.0,399891.0,400116.0,400311.0,400476.0,400661.0,400841.0,400966.0,401154
YoVo3FzqNvg,379021.0,379021.0,379021.0,379021.0,379021.0,379021.0,379021.0,379021.0,379021.0,379021.0,379021.0,379021.0,379021.0,379021.0,379021.0,379021.0,379021.0,379021.0,379021.0,379021.0,379021.0,379021.0,379021.0,379021.0,379021.0,379021.0,379021.0,379021.0,379021.0,379021.0,379021.0,379021.0,379021.0,379021.0,379021.0,379021.0,379021.0,379021.0,379021.0,379021.0,379021.0,379021.0,379021.0,379021.0,379021.0,379021.0,379021.0,379021.0,379021.0,379021.0,379021.0,379021.0,379021.0,379021.0,379021.0,379021.0,379021.0,379021.0,379021.0,379021.0,379021.0,379021.0,379021.0,379021.0,379021.0,379021.0,379021.0,379021.0,379021.0,379021.0,379021.0,379021.0,379021.0,379021.0,379021.0,379021.0,379021.0,379021.0,379021.0,379021.0,379021.0,379021.0,379021.0,379021.0,379021.0,379021.0,379021.0,379021.0,379021.0,379021.0,379021.0,379021.0,379021.0,379021.0,379021.0,379021.0,379021.0,379021.0,379021.0,379021.0,379021.0,379021.0,379021.0,379021.0,379021.0,379021.0,379021.0,379021.0,379021.0,379021.0,379021.0,379021.0,379021.0,379021.0,379021.0,379021.0,379021.0,379021.0,379021.0,379021.0,379021.0,379021.0,379021.0,379021.0,379021.0,379021.0,379021.0,379021.0,379021.0,379021.0,379021.0,379021.0,379021.0,379021.0,,,,,,,,,379021.0,379021.0,379021.0,379021.0,379021.0,379021.0,379021.0,379021.0,379021.0,379021.0,379021.0,379021.0,379021.0,379021.0,379021.0,379021.0,379021.0,379021.0,379021.0,379021.0,379021.0,379021.0,379021.0,379021.0,379021.0,379021.0,379021.0,379021.0,379021.0,379021.0,379021.0,379021.0,379021.0,379021.0,379021.0,379021.0,379021.0,379021.0,379021.0,379021.0,379021.0,379021.0,379021.0,379021.0,379021.0,379021.0,379021.0,379021.0,379021.0,379021.0,379021.0,379021.0,379021.0,379021.0,379021.0,379021.0,379021.0,379021.0,379021.0,379021.0,379021.0,379021.0,379021.0,379021.0,379021.0,379021.0,379021.0,379021.0,379021.0,379021.0,379021.0,379021
IhmSaWNmlGk,25762974.0,25763227.0,25763507.0,25763884.0,25764261.0,25764566.0,25764898.0,25765263.0,25765561.0,25765945.0,25766290.0,25766592.0,25766913.0,25767241.0,25767524.0,25767901.0,25768198.0,25768520.0,25768764.0,25769026.0,25769245.0,25769458.0,25769699.0,25769950.0,25770180.0,25770458.0,25770717.0,25770930.0,25771168.0,25771415.0,25771653.0,25771895.0,25772199.0,25772468.0,25772773.0,25773054.0,25773341.0,25773611.0,25773871.0,25774168.0,25774420.0,25774682.0,25774982.0,25775238.0,25775570.0,25775819.0,25776086.0,25776324.0,25776557.0,25776784.0,25777040.0,25777288.0,25777622.0,25777853.0,25778096.0,25778404.0,25778666.0,25778958.0,25779324.0,25779555.0,25779847.0,25780134.0,25780425.0,25780699.0,25781018.0,25781299.0,25781551.0,25781809.0,25782086.0,25782426.0,25782674.0,25782931.0,25783218.0,25783465.0,25783723.0,25783937.0,25784226.0,25784502.0,25784763.0,25785058.0,25785336.0,25785633.0,25785876.0,25786100.0,25786403.0,25786724.0,25786970.0,25787221.0,25787480.0,25787700.0,25787962.0,25788166.0,25788449.0,25788694.0,25788932.0,25789141.0,25789354.0,25789594.0,25789843.0,25790113.0,25790402.0,25790761.0,25790997.0,25791270.0,25791568.0,25791882.0,25792209.0,25792563.0,25792908.0,25793228.0,25793505.0,25793846.0,25794148.0,25794557.0,25795054.0,25795470.0,25795773.0,25796160.0,25796449.0,25796715.0,25797075.0,25797346.0,25797601.0,25797856.0,25798177.0,25798478.0,25798743.0,25799087.0,25799443.0,25799741.0,25799989.0,25800229.0,25800437.0,25800671.0,,,,,,,,,25802828.0,25803110.0,25803331.0,25803553.0,25803789.0,25804000.0,25804234.0,25804510.0,25804769.0,25805016.0,25805286.0,25805544.0,25805790.0,25806040.0,25806300.0,25806595.0,25806807.0,25807069.0,25807356.0,25807577.0,25807850.0,25808184.0,25808475.0,25808800.0,25809074.0,25809341.0,25809624.0,25809913.0,25810154.0,25810397.0,25810688.0,25810934.0,25811176.0,25811392.0,25811644.0,25811922.0,25812168.0,25812398.0,25812589.0,25812838.0,25813006.0,25813203.0,25813433.0,25813624.0,25813817.0,25814117.0,25814344.0,25814565.0,25814820.0,25815049.0,25815339.0,25815529.0,25815795.0,25816059.0,25816340.0,25816564.0,25816809.0,25816996.0,25817178.0,25817401.0,25817605.0,25817786.0,25817947.0,25818155.0,25818336.0,25818516.0,25818693.0,25818902.0,25819086.0,25819275.0,25819520.0,25819771
MquH-Jk6ZpE,4367364.0,4367408.0,4367462.0,4367510.0,4367550.0,4367591.0,4367662.0,4367714.0,4367756.0,4367802.0,4367847.0,4367901.0,4367953.0,4368014.0,4368065.0,4368125.0,4368168.0,4368240.0,4368283.0,4368344.0,4368396.0,4368459.0,4368509.0,4368567.0,4368629.0,4368695.0,4368760.0,4368807.0,4368861.0,4368910.0,4368968.0,4369017.0,4369087.0,4369126.0,4369188.0,4369246.0,4369315.0,4369371.0,4369426.0,4369485.0,4369533.0,4369591.0,4369633.0,4369701.0,4369750.0,4369806.0,4369864.0,4369931.0,4369990.0,4370050.0,4370117.0,4370178.0,4370235.0,4370285.0,4370337.0,4370388.0,4370444.0,4370494.0,4370542.0,4370598.0,4370658.0,4370718.0,4370769.0,4370819.0,4370866.0,4370917.0,4370956.0,4371012.0,4371053.0,4371118.0,4371163.0,4371215.0,4371268.0,4371310.0,4371372.0,4371426.0,4371500.0,4371552.0,4371614.0,4371661.0,4371716.0,4371771.0,4371819.0,4371868.0,4371920.0,4371972.0,4372013.0,4372047.0,4372108.0,4372156.0,4372204.0,4372249.0,4372292.0,4372329.0,4372365.0,4372402.0,4372461.0,4372499.0,4372537.0,4372578.0,4372626.0,4372679.0,4372724.0,4372763.0,4372800.0,4372829.0,4372878.0,4372925.0,4372967.0,4373021.0,4373065.0,4373115.0,4373151.0,4373195.0,4373248.0,4373298.0,4373345.0,4373381.0,4373426.0,4373465.0,4373508.0,4373571.0,4373627.0,4373683.0,4373723.0,4373772.0,4373810.0,4373851.0,4373888.0,4373936.0,4373978.0,4374005.0,4374041.0,4374068.0,,,,,,,,,4374382.0,4374428.0,4374463.0,4374494.0,4374523.0,4374574.0,4374617.0,4374660.0,4374706.0,4374744.0,4374783.0,4374819.0,4374852.0,4374898.0,4374934.0,4374964.0,4374991.0,4375026.0,4375062.0,4375096.0,4375138.0,4375174.0,4375259.0,4375293.0,4375331.0,4375356.0,4375397.0,4375449.0,4375482.0,4375528.0,4375578.0,4375612.0,4375648.0,4375691.0,4375737.0,4375779.0,4375831.0,4375859.0,4375904.0,4375935.0,4375978.0,4376010.0,4376039.0,4376070.0,4376095.0,4376125.0,4376145.0,4376183.0,4376219.0,4376262.0,4376297.0,4376347.0,4376388.0,4376431.0,4376475.0,4376518.0,4376555.0,4376612.0,4376642.0,4376677.0,4376717.0,4376755.0,4376794.0,4376839.0,4376892.0,4376924.0,4376964.0,4376999.0,4377028.0,4377059.0,4377088.0,4377123
F6hfzVa8xkw,41764.0,41765.0,41770.0,41775.0,41780.0,41785.0,41787.0,41792.0,41796.0,41800.0,41807.0,41810.0,41814.0,41817.0,41820.0,41820.0,41824.0,41824.0,41828.0,41832.0,41835.0,41848.0,41853.0,41854.0,41862.0,41870.0,41875.0,41880.0,41883.0,41887.0,41888.0,41891.0,41896.0,41899.0,41903.0,41905.0,41908.0,41910.0,41914.0,41919.0,41923.0,41926.0,41933.0,41936.0,41940.0,41946.0,41951.0,41961.0,41967.0,41973.0,41974.0,41980.0,41984.0,41989.0,41994.0,42002.0,42001.0,42004.0,42006.0,42008.0,42013.0,42021.0,42024.0,42025.0,42030.0,42035.0,42037.0,42040.0,42046.0,42053.0,42057.0,42067.0,42074.0,42076.0,42078.0,42083.0,42089.0,42092.0,42095.0,42096.0,42104.0,42107.0,42112.0,42114.0,42116.0,42122.0,42129.0,42133.0,42134.0,42140.0,42141.0,42144.0,42147.0,42151.0,42155.0,42157.0,42160.0,42162.0,42168.0,42174.0,42175.0,42178.0,42182.0,42188.0,42197.0,42206.0,42209.0,42212.0,42218.0,42222.0,42230.0,42233.0,42236.0,42237.0,42239.0,42241.0,42245.0,42248.0,42252.0,42254.0,42258.0,42260.0,42263.0,42267.0,42273.0,42281.0,42287.0,42295.0,42298.0,42298.0,42303.0,42309.0,42309.0,42311.0,,,,,,,,,42336.0,42338.0,42341.0,42344.0,42347.0,42352.0,42355.0,42355.0,42358.0,42363.0,42365.0,42365.0,42368.0,42370.0,42372.0,42374.0,42374.0,42376.0,42379.0,42380.0,42382.0,42386.0,42387.0,42393.0,42396.0,42396.0,42400.0,42401.0,42403.0,42404.0,42404.0,42410.0,42414.0,42415.0,42418.0,42420.0,42423.0,42424.0,42427.0,42427.0,42428.0,42433.0,42434.0,42435.0,42437.0,42438.0,42438.0,42441.0,42446.0,42449.0,42453.0,42459.0,42462.0,42468.0,42473.0,42474.0,42476.0,42477.0,42484.0,42488.0,42490.0,42494.0,42498.0,42499.0,42500.0,42503.0,42505.0,42508.0,42510.0,42515.0,42515.0,42517
MBx_9nygxaQ,3796942.0,3797167.0,3797418.0,3797646.0,3797883.0,3798115.0,3798371.0,3798682.0,3798961.0,3799198.0,3799485.0,3799734.0,3799947.0,3800172.0,3800401.0,3800618.0,3800812.0,3801022.0,3801206.0,3801454.0,3801683.0,3801944.0,3802227.0,3802494.0,3802759.0,3802998.0,3803205.0,3803463.0,3803705.0,3803941.0,3804171.0,3804440.0,3804678.0,3804955.0,3805205.0,3805465.0,3805742.0,3806007.0,3806256.0,3806524.0,3806714.0,3806884.0,3807125.0,3807332.0,3807541.0,3807770.0,3808000.0,3808251.0,3808470.0,3808670.0,3808899.0,3809079.0,3809292.0,3809497.0,3809711.0,3809905.0,3810073.0,3810235.0,3810418.0,3810611.0,3810761.0,3810948.0,3811138.0,3811307.0,3811448.0,3811598.0,3811754.0,3811916.0,3812077.0,3812261.0,3812436.0,3812601.0,3812766.0,3812937.0,3813085.0,3813256.0,3813400.0,3813537.0,3813664.0,3813803.0,3813943.0,3814110.0,3814250.0,3814423.0,3814581.0,3814732.0,3814911.0,3815076.0,3815210.0,3815371.0,3815533.0,3815683.0,3815830.0,3815992.0,3816115.0,3816242.0,3816365.0,3816509.0,3816618.0,3816748.0,3816927.0,3817114.0,3817259.0,3817388.0,3817532.0,3817679.0,3817790.0,3817923.0,3818073.0,3818206.0,3818335.0,3818468.0,3818623.0,3818779.0,3818965.0,3819135.0,3819299.0,3819459.0,3819619.0,3819754.0,3819943.0,3820091.0,3820238.0,3820387.0,3820567.0,3820742.0,3820938.0,3821119.0,3821316.0,3821451.0,3821571.0,3821719.0,3821860.0,3821986.0,,,,,,,,,3823281.0,3823473.0,3823661.0,3823795.0,3823961.0,3824119.0,3824335.0,3824570.0,3824814.0,3825014.0,3825176.0,3825345.0,3825508.0,3825692.0,3825852.0,3826022.0,3826209.0,3826361.0,3826535.0,3826676.0,3826795.0,3826949.0,3827099.0,3827272.0,3827419.0,3827548.0,3827684.0,3827828.0,3827973.0,3828131.0,3828255.0,3828409.0,3828574.0,3828701.0,3828848.0,3829006.0,3829155.0,3829310.0,3829472.0,3829623.0,3829765.0,3829903.0,3830053.0,3830225.0,3830347.0,3830495.0,3830618.0,3830743.0,3830895.0,3831047.0,3831183.0,3831323.0,3831488.0,3831675.0,3831808.0,3831948.0,3832086.0,3832246.0,3832427.0,3832582.0,3832710.0,3832827.0,3832931.0,3833085.0,3833245.0,3833405.0,3833571.0,3833716.0,3833890.0,3834029.0,3834183.0,3834343
9mrlCwoOQtQ,12611853.0,12612131.0,12612415.0,12612697.0,12612995.0,12613263.0,12613517.0,12613802.0,12614063.0,12614333.0,12614615.0,12614944.0,12615278.0,12615604.0,12615949.0,12616267.0,12616581.0,12616839.0,12617134.0,12617403.0,12617702.0,12618108.0,12618407.0,12618771.0,12619058.0,12619332.0,12619699.0,12619993.0,12620347.0,12620678.0,12621004.0,12621292.0,12621653.0,12622026.0,12622431.0,12622791.0,12623214.0,12623589.0,12623901.0,12624215.0,12624553.0,12624851.0,12625120.0,12625454.0,12625775.0,12626077.0,12626304.0,12626584.0,12626925.0,12627270.0,12627552.0,12627819.0,12628093.0,12628396.0,12628665.0,12629045.0,12629360.0,12629616.0,12629885.0,12630160.0,12630495.0,12630799.0,12631101.0,12631374.0,12631638.0,12631917.0,12632188.0,12632502.0,12632767.0,12633076.0,12633371.0,12633619.0,12633897.0,12634162.0,12634464.0,12634839.0,12635149.0,12635475.0,12635807.0,12636119.0,12636397.0,12636724.0,12637015.0,12637350.0,12637734.0,12638048.0,12638353.0,12638674.0,12638969.0,12639303.0,12639579.0,12639919.0,12640245.0,12640557.0,12640829.0,12641112.0,12641400.0,12641685.0,12641949.0,12642254.0,12642521.0,12642805.0,12643110.0,12643402.0,12643700.0,12643994.0,12644285.0,12644577.0,12644805.0,12645080.0,12645414.0,12645766.0,12646070.0,12646346.0,12646681.0,12646984.0,12647267.0,12647579.0,12647919.0,12648235.0,12648531.0,12648885.0,12649146.0,12649452.0,12649813.0,12650116.0,12650372.0,12650639.0,12650890.0,12651121.0,12651374.0,12651769.0,12652192.0,12652518.0,,,,,,,,,12654866.0,12655118.0,12655369.0,12655676.0,12655979.0,12656273.0,12656493.0,12656785.0,12657115.0,12657603.0,12658171.0,12658553.0,12658942.0,12659282.0,12659549.0,12659890.0,12660147.0,12660486.0,12660784.0,12661061.0,12661311.0,12661552.0,12661787.0,12662010.0,12662272.0,12662508.0,12662741.0,12662978.0,12663194.0,12663432.0,12663659.0,12663886.0,12664105.0,12664383.0,12664604.0,12664829.0,12665051.0,12665305.0,12665581.0,12665811.0,12666077.0,12666353.0,12666578.0,12666811.0,12667046.0,12667291.0,12667511.0,12667767.0,12667969.0,12668180.0,12668380.0,12668586.0,12668784.0,12668998.0,12669233.0,12669445.0,12669643.0,12669841.0,12670055.0,12670286.0,12670450.0,12670603.0,12670785.0,12670935.0,12671095.0,12671300.0,12671625.0,12671832.0,12672002.0,12672156.0,12672343.0,12672543
eecLdV4yPoQ,2411.0,2411.0,2411.0,2411.0,2411.0,2411.0,2411.0,2411.0,2411.0,2411.0,2411.0,2411.0,2411.0,2411.0,2411.0,2411.0,2411.0,2411.0,2411.0,2411.0,2411.0,2411.0,2411.0,2411.0,2411.0,2411.0,2411.0,2411.0,2411.0,2411.0,2411.0,2411.0,2411.0,2412.0,2412.0,2412.0,2412.0,2412.0,2412.0,2414.0,2420.0,2440.0,2448.0,2457.0,2458.0,2459.0,2460.0,2472.0,2481.0,2489.0,2501.0,2506.0,2513.0,2518.0,2527.0,2537.0,2546.0,2553.0,2558.0,2563.0,2567.0,2577.0,2586.0,2597.0,2599.0,2604.0,2607.0,2611.0,2612.0,2618.0,2625.0,2634.0,2640.0,2644.0,2648.0,2653.0,2659.0,2663.0,2672.0,2678.0,2681.0,2683.0,2686.0,2688.0,2693.0,2697.0,2706.0,2711.0,2715.0,2718.0,2721.0,2723.0,2728.0,2736.0,2736.0,2744.0,2748.0,2754.0,2759.0,2763.0,2766.0,2768.0,2771.0,2777.0,2782.0,2784.0,2791.0,2802.0,2806.0,2811.0,2815.0,2821.0,2825.0,2830.0,2836.0,2840.0,2842.0,2846.0,2854.0,2860.0,2864.0,2868.0,2869.0,2873.0,2877.0,2882.0,2886.0,2889.0,2892.0,2893.0,2898.0,2902.0,2902.0,2906.0,,,,,,,,,2965.0,2967.0,2974.0,2980.0,2987.0,2996.0,3003.0,3008.0,3012.0,3028.0,3048.0,3056.0,3055.0,3055.0,3055.0,3055.0,3055.0,3055.0,3055.0,3055.0,3055.0,3055.0,3055.0,3055.0,3055.0,3055.0,3055.0,3055.0,3055.0,3055.0,3055.0,3055.0,3055.0,3055.0,3055.0,3055.0,3055.0,3055.0,3055.0,3055.0,3055.0,3055.0,3055.0,3055.0,3055.0,3055.0,3055.0,3055.0,3055.0,3055.0,3055.0,3055.0,3055.0,3055.0,3055.0,3055.0,3055.0,3055.0,3055.0,3055.0,3055.0,3055.0,3055.0,3055.0,3055.0,3055.0,3055.0,3055.0,3055.0,3055.0,3055.0,3055
H1y8JXHfh3c,1373.0,1373.0,1373.0,1373.0,1373.0,1373.0,1373.0,1373.0,1373.0,1373.0,1373.0,1373.0,1373.0,1373.0,1373.0,1373.0,1375.0,1375.0,1375.0,1375.0,1379.0,1379.0,1379.0,1379.0,1379.0,1379.0,1379.0,1379.0,1379.0,1379.0,1379.0,1379.0,1379.0,1379.0,1379.0,1379.0,1379.0,1379.0,1379.0,1380.0,1380.0,1380.0,1380.0,1380.0,1380.0,1380.0,1380.0,1380.0,1380.0,1380.0,1380.0,1380.0,1380.0,1381.0,1381.0,1381.0,1381.0,1381.0,1381.0,1381.0,1381.0,1381.0,1381.0,1381.0,1381.0,1381.0,1382.0,1382.0,1382.0,1382.0,1382.0,1382.0,1383.0,1383.0,1383.0,1385.0,1386.0,1387.0,1388.0,1388.0,1388.0,1388.0,1388.0,1388.0,1388.0,1388.0,1388.0,1389.0,1389.0,1390.0,1391.0,1392.0,1392.0,1392.0,1392.0,1392.0,1392.0,1392.0,1392.0,1392.0,1392.0,1392.0,1393.0,1394.0,1394.0,1394.0,1394.0,1394.0,1394.0,1394.0,1394.0,1394.0,1394.0,1394.0,1394.0,1395.0,1395.0,1395.0,1395.0,1395.0,1396.0,1396.0,1396.0,1397.0,1398.0,1399.0,1399.0,1399.0,1401.0,1401.0,1401.0,1401.0,1403.0,1403.0,,,,,,,,,1405.0,1405.0,1405.0,1405.0,1405.0,1405.0,1405.0,1406.0,1406.0,1406.0,1406.0,1406.0,1406.0,1406.0,1407.0,1408.0,1408.0,1408.0,1408.0,1408.0,1409.0,1409.0,1410.0,1410.0,1410.0,1410.0,1410.0,1410.0,1410.0,1410.0,1410.0,1411.0,1411.0,1411.0,1411.0,1411.0,1411.0,1411.0,1411.0,1411.0,1411.0,1411.0,1411.0,1411.0,1411.0,1411.0,1411.0,1411.0,1411.0,1411.0,1411.0,1411.0,1411.0,1412.0,1411.0,1411.0,1411.0,1411.0,1414.0,1414.0,1416.0,1418.0,1419.0,1419.0,1419.0,1420.0,1421.0,1421.0,1423.0,1423.0,1424.0,1424
jUrnw8riDRA,1409.0,1410.0,1410.0,1410.0,1410.0,1410.0,1410.0,1410.0,1410.0,1410.0,1410.0,1410.0,1410.0,1410.0,1410.0,1411.0,1411.0,1411.0,1411.0,1411.0,1412.0,1412.0,1412.0,1412.0,1412.0,1412.0,1412.0,1412.0,1412.0,1412.0,1412.0,1412.0,1412.0,1412.0,1412.0,1412.0,1412.0,1412.0,1413.0,1413.0,1413.0,1413.0,1413.0,1413.0,1413.0,1413.0,1413.0,1413.0,1413.0,1413.0,1413.0,1413.0,1413.0,1413.0,1413.0,1413.0,1413.0,1414.0,1414.0,1414.0,1414.0,1414.0,1415.0,1415.0,1415.0,1415.0,1415.0,1415.0,1415.0,1415.0,1415.0,1415.0,1415.0,1415.0,1416.0,1416.0,1416.0,1416.0,1416.0,1416.0,1416.0,1416.0,1416.0,1416.0,1416.0,1416.0,1416.0,1416.0,1416.0,1418.0,1421.0,1421.0,1422.0,1422.0,1423.0,1423.0,1423.0,1424.0,1424.0,1424.0,1424.0,1424.0,1424.0,1424.0,1425.0,1425.0,1425.0,1425.0,1425.0,1426.0,1426.0,1427.0,1427.0,1427.0,1427.0,1427.0,1427.0,1427.0,1427.0,1427.0,1427.0,1428.0,1428.0,1430.0,1430.0,1430.0,1430.0,1430.0,1430.0,1431.0,1431.0,1431.0,1431.0,1431.0,,,,,,,,,1433.0,1433.0,1433.0,1433.0,1434.0,1434.0,1434.0,1434.0,1434.0,1434.0,1434.0,1438.0,1438.0,1438.0,1438.0,1439.0,1439.0,1439.0,1439.0,1439.0,1439.0,1439.0,1439.0,1439.0,1452.0,1465.0,1475.0,1481.0,1482.0,1484.0,1485.0,1488.0,1490.0,1491.0,1492.0,1492.0,1492.0,1492.0,1493.0,1494.0,1494.0,1494.0,1494.0,1494.0,1495.0,1495.0,1496.0,1496.0,1497.0,1497.0,1497.0,1497.0,1497.0,1497.0,1497.0,1497.0,1497.0,1497.0,1497.0,1497.0,1499.0,1501.0,1501.0,1502.0,1503.0,1503.0,1505.0,1505.0,1505.0,1505.0,1505.0,1506
ti2FNsv2q6I,58480.0,58482.0,58487.0,58491.0,58499.0,58504.0,58509.0,58513.0,58521.0,58529.0,58533.0,58534.0,58536.0,58543.0,58550.0,58552.0,58555.0,58561.0,58568.0,58573.0,58578.0,58584.0,58591.0,58598.0,58607.0,58614.0,58618.0,58627.0,58631.0,58637.0,58644.0,58659.0,58661.0,58671.0,58674.0,58680.0,58690.0,58698.0,58704.0,58709.0,58711.0,58718.0,58726.0,58732.0,58736.0,58739.0,58747.0,58753.0,58758.0,58765.0,58771.0,58777.0,58783.0,58784.0,58789.0,58791.0,58793.0,58800.0,58807.0,58811.0,58817.0,58820.0,58825.0,58830.0,58831.0,58836.0,58842.0,58844.0,58852.0,58860.0,58863.0,58868.0,58874.0,58880.0,58888.0,58888.0,58893.0,58898.0,58901.0,58913.0,58927.0,58932.0,58939.0,58941.0,58946.0,58951.0,58958.0,58961.0,58964.0,58965.0,58968.0,58973.0,58974.0,58978.0,58982.0,58988.0,58991.0,58993.0,59001.0,59008.0,59014.0,59014.0,59015.0,59020.0,59023.0,59027.0,59028.0,59034.0,59037.0,59040.0,59045.0,59056.0,59060.0,59061.0,59068.0,59074.0,59078.0,59090.0,59094.0,59098.0,59104.0,59108.0,59111.0,59116.0,59119.0,59124.0,59129.0,59136.0,59137.0,59139.0,59141.0,59143.0,59146.0,59152.0,,,,,,,,,59182.0,59184.0,59187.0,59189.0,59190.0,59195.0,59201.0,59206.0,59210.0,59219.0,59222.0,59228.0,59234.0,59244.0,59255.0,59261.0,59266.0,59269.0,59279.0,59290.0,59290.0,59291.0,59294.0,59296.0,59302.0,59303.0,59306.0,59307.0,59310.0,59317.0,59325.0,59327.0,59329.0,59330.0,59333.0,59334.0,59337.0,59339.0,59347.0,59347.0,59353.0,59357.0,59362.0,59364.0,59370.0,59377.0,59382.0,59384.0,59387.0,59393.0,59395.0,59402.0,59406.0,59410.0,59413.0,59416.0,59419.0,59420.0,59426.0,59429.0,59435.0,59438.0,59441.0,59448.0,59449.0,59453.0,59458.0,59461.0,59462.0,59464.0,59466.0,59469
LiN-pBqbYHs,811885.0,812046.0,812220.0,812387.0,812614.0,812806.0,813003.0,813219.0,813443.0,813657.0,813851.0,814028.0,814256.0,814482.0,814674.0,814873.0,815061.0,815205.0,815405.0,815627.0,815826.0,816028.0,816226.0,816425.0,816594.0,816789.0,816985.0,817188.0,817410.0,817630.0,817817.0,817975.0,818136.0,818297.0,818454.0,818638.0,818783.0,818934.0,819068.0,819228.0,819408.0,819627.0,819852.0,820044.0,820235.0,820384.0,820576.0,820791.0,820976.0,821167.0,821350.0,821492.0,821632.0,821833.0,822066.0,822280.0,822502.0,822690.0,822857.0,823017.0,823246.0,823413.0,823636.0,823894.0,824088.0,824308.0,824428.0,824575.0,824758.0,824998.0,825206.0,825381.0,825543.0,825737.0,825942.0,826122.0,826359.0,826522.0,826696.0,826833.0,827013.0,827198.0,827394.0,827566.0,827731.0,827905.0,828088.0,828244.0,828427.0,828570.0,828749.0,828974.0,829200.0,829388.0,829596.0,829836.0,829986.0,830199.0,830374.0,830539.0,830738.0,830891.0,831115.0,831296.0,831499.0,831716.0,831913.0,832075.0,832210.0,832394.0,832591.0,832785.0,833010.0,833194.0,833354.0,833536.0,833706.0,833944.0,834130.0,834337.0,834526.0,834689.0,834823.0,835005.0,835152.0,835364.0,835545.0,835718.0,835911.0,836111.0,836313.0,836538.0,836788.0,836952.0,,,,,,,,,838916.0,839148.0,839355.0,839540.0,839752.0,839939.0,840129.0,840306.0,840464.0,840650.0,840830.0,840995.0,841185.0,841368.0,841533.0,841675.0,841863.0,841997.0,842198.0,842371.0,842578.0,842746.0,842901.0,843045.0,843254.0,843430.0,843618.0,843817.0,843959.0,844158.0,844328.0,844554.0,844712.0,844913.0,845113.0,845272.0,845403.0,845606.0,845815.0,846047.0,846236.0,846419.0,846572.0,846743.0,846909.0,847093.0,847284.0,847485.0,847667.0,847857.0,848025.0,848220.0,848404.0,848588.0,848807.0,848976.0,849102.0,849250.0,849399.0,849591.0,849727.0,849869.0,850035.0,850203.0,850342.0,850505.0,850675.0,850822.0,850968.0,851132.0,851268.0,851421
NkpYZbmp4mY,71642.0,71667.0,71689.0,71722.0,71750.0,71783.0,71806.0,71836.0,71865.0,71894.0,71922.0,71940.0,71964.0,71994.0,72014.0,72034.0,72058.0,72090.0,72113.0,72121.0,72141.0,72157.0,72182.0,72210.0,72229.0,72258.0,72283.0,72316.0,72346.0,72379.0,72397.0,72419.0,72445.0,72458.0,72478.0,72495.0,72526.0,72554.0,72572.0,72588.0,72617.0,72641.0,72655.0,72680.0,72696.0,72733.0,72756.0,72781.0,72808.0,72836.0,72857.0,72893.0,72920.0,72946.0,72977.0,73007.0,73034.0,73065.0,73093.0,73112.0,73149.0,73179.0,73204.0,73228.0,73258.0,73285.0,73307.0,73332.0,73363.0,73387.0,73420.0,73451.0,73467.0,73483.0,73513.0,73539.0,73569.0,73594.0,73621.0,73641.0,73669.0,73700.0,73725.0,73740.0,73771.0,73799.0,73813.0,73839.0,73854.0,73885.0,73909.0,73951.0,73977.0,74001.0,74023.0,74046.0,74074.0,74099.0,74118.0,74142.0,74161.0,74181.0,74198.0,74212.0,74241.0,74265.0,74282.0,74327.0,74346.0,74382.0,74408.0,74422.0,74449.0,74476.0,74493.0,74509.0,74529.0,74550.0,74570.0,74601.0,74617.0,74639.0,74654.0,74672.0,74692.0,74713.0,74731.0,74762.0,74787.0,74814.0,74832.0,74854.0,74884.0,74907.0,,,,,,,,,75112.0,75134.0,75152.0,75176.0,75193.0,75224.0,75249.0,75262.0,75289.0,75305.0,75327.0,75349.0,75378.0,75413.0,75435.0,75457.0,75478.0,75491.0,75515.0,75537.0,75556.0,75581.0,75598.0,75620.0,75640.0,75657.0,75674.0,75687.0,75702.0,75718.0,75739.0,75769.0,75793.0,75804.0,75818.0,75843.0,75866.0,75889.0,75915.0,75943.0,75969.0,75991.0,76020.0,76046.0,76073.0,76099.0,76121.0,76140.0,76164.0,76195.0,76210.0,76237.0,76259.0,76275.0,76297.0,76334.0,76357.0,76388.0,76414.0,76437.0,76468.0,76485.0,76513.0,76533.0,76560.0,76580.0,76602.0,76629.0,76656.0,76680.0,76701.0,76727
kYI8lqSmfak,22639.0,22641.0,22643.0,22647.0,22652.0,22656.0,22663.0,22666.0,22670.0,22673.0,22678.0,22680.0,22680.0,22684.0,22687.0,22688.0,22690.0,22692.0,22696.0,22697.0,22699.0,22702.0,22705.0,22707.0,22707.0,22707.0,22713.0,22716.0,22722.0,22727.0,22734.0,22740.0,22743.0,22747.0,22748.0,22750.0,22751.0,22754.0,22755.0,22759.0,22761.0,22764.0,22767.0,22768.0,22771.0,22772.0,22778.0,22783.0,22784.0,22789.0,22793.0,22798.0,22803.0,22809.0,22814.0,22816.0,22816.0,22823.0,22826.0,22830.0,22836.0,22837.0,22840.0,22844.0,22844.0,22847.0,22849.0,22853.0,22856.0,22858.0,22863.0,22865.0,22871.0,22877.0,22881.0,22885.0,22889.0,22898.0,22899.0,22900.0,22901.0,22906.0,22908.0,22910.0,22914.0,22915.0,22916.0,22917.0,22921.0,22923.0,22925.0,22926.0,22927.0,22930.0,22933.0,22934.0,22936.0,22939.0,22941.0,22942.0,22944.0,22945.0,22950.0,22952.0,22953.0,22954.0,22959.0,22960.0,22964.0,22965.0,22967.0,22971.0,22977.0,22982.0,22986.0,22989.0,22993.0,22994.0,22994.0,22994.0,23000.0,23001.0,23002.0,23005.0,23009.0,23014.0,23017.0,23021.0,23023.0,23025.0,23027.0,23034.0,23037.0,23040.0,,,,,,,,,23052.0,23052.0,23055.0,23055.0,23055.0,23056.0,23059.0,23061.0,23061.0,23064.0,23066.0,23068.0,23070.0,23071.0,23072.0,23075.0,23076.0,23077.0,23080.0,23086.0,23088.0,23089.0,23095.0,23097.0,23104.0,23116.0,23122.0,23129.0,23135.0,23139.0,23142.0,23145.0,23148.0,23152.0,23155.0,23161.0,23164.0,23167.0,23171.0,23176.0,23180.0,23180.0,23185.0,23189.0,23189.0,23195.0,23201.0,23203.0,23208.0,23210.0,23214.0,23214.0,23219.0,23220.0,23223.0,23228.0,23232.0,23237.0,23242.0,23248.0,23250.0,23256.0,23264.0,23271.0,23277.0,23282.0,23291.0,23295.0,23300.0,23302.0,23305.0,23308
06SKpK16lxg,5235655.0,5238217.0,5241319.0,5244739.0,5245485.0,5248039.0,5250791.0,5252114.0,5255790.0,5257662.0,5259173.0,5262043.0,5265860.0,5268710.0,5272164.0,5275420.0,5277693.0,5280674.0,5284144.0,5286328.0,5289614.0,5291495.0,5295838.0,5298275.0,5301829.0,5303699.0,5308173.0,5311280.0,5313993.0,5317680.0,5319354.0,5322538.0,5328593.0,5329847.0,5331561.0,5335699.0,5338946.0,5341203.0,5344668.0,5348106.0,5353048.0,5356735.0,5360136.0,5363426.0,5365673.0,5369037.0,5372634.0,5376452.0,5380761.0,5386832.0,5388674.0,5394893.0,5397166.0,5402887.0,5405199.0,5410432.0,5412076.0,5417660.0,5421130.0,5423003.0,5428128.0,5431703.0,5433858.0,5437447.0,5440398.0,5442995.0,5446465.0,5449462.0,5453660.0,5458157.0,5461391.0,5464440.0,5466410.0,5472121.0,5473317.0,5478166.0,5481027.0,5482676.0,5485407.0,5488146.0,5491350.0,5493537.0,5496965.0,5499804.0,5502410.0,5505197.0,5507021.0,5508786.0,5511866.0,5516657.0,5519479.0,5520647.0,5522841.0,5525923.0,5527470.0,5530298.0,5533049.0,5535476.0,5538254.0,5541317.0,5543344.0,5546074.0,5548101.0,5551540.0,5552936.0,5555157.0,5557917.0,5559185.0,5561425.0,5564031.0,5566773.0,5568174.0,5571450.0,5573600.0,5575181.0,5577253.0,5579645.0,5582087.0,5584147.0,5585693.0,5588039.0,5589284.0,5590340.0,5592823.0,5594555.0,5596285.0,5598250.0,5600539.0,5602606.0,5604565.0,5607004.0,5609321.0,5611672.0,5614718.0,,,,,,,,,5635501.0,5636900.0,5639411.0,5641994.0,5644969.0,5647508.0,5648913.0,5651938.0,5654199.0,5656549.0,5659081.0,5661362.0,5663970.0,5666290.0,5667731.0,5669563.0,5672091.0,5674759.0,5676574.0,5679872.0,5682087.0,5684271.0,5686441.0,5688783.0,5690496.0,5693597.0,5696093.0,5698473.0,5700740.0,5702461.0,5705713.0,5708102.0,5710653.0,5712321.0,5715171.0,5717556.0,5719061.0,5721837.0,5723820.0,5726922.0,5729552.0,5731008.0,5733822.0,5735837.0,5737568.0,5740722.0,5743201.0,5745541.0,5747872.0,5749372.0,5752348.0,5754697.0,5756944.0,5758604.0,5761228.0,5763376.0,5764110.0,5766708.0,5768522.0,5770231.0,5771633.0,5773988.0,5775661.0,5778152.0,5779539.0,5781515.0,5784289.0,5785981.0,5787205.0,5789244.0,5791115.0,5793193
KbGSso-kIgU,5323773.0,5324617.0,5325256.0,5326709.0,5327225.0,5328072.0,5328865.0,5329610.0,5330796.0,5331534.0,5332376.0,5333496.0,5334373.0,5335475.0,5336437.0,5337456.0,5338254.0,5339252.0,5340298.0,5341123.0,5342022.0,5342948.0,5343851.0,5344821.0,5345701.0,5346443.0,5347184.0,5348018.0,5348741.0,5349630.0,5350266.0,5351187.0,5352206.0,5352747.0,5353677.0,5354622.0,5355476.0,5356316.0,5357155.0,5358090.0,5358850.0,5359687.0,5360557.0,5361415.0,5362255.0,5363162.0,5363999.0,5364826.0,5365408.0,5366191.0,5366916.0,5367436.0,5367959.0,5368408.0,5368914.0,5369499.0,5370059.0,5370591.0,5371062.0,5371552.0,5372090.0,5372535.0,5372953.0,5373412.0,5373947.0,5374390.0,5374772.0,5375352.0,5375770.0,5376331.0,5376825.0,5377276.0,5377667.0,5378159.0,5378554.0,5379161.0,5379627.0,5380115.0,5380523.0,5380967.0,5381425.0,5381824.0,5382315.0,5382809.0,5383340.0,5383844.0,5384266.0,5384655.0,5385215.0,5385699.0,5386320.0,5386870.0,5387274.0,5387651.0,5387993.0,5388339.0,5388825.0,5389203.0,5389724.0,5390139.0,5390431.0,5390893.0,5391187.0,5391595.0,5391883.0,5392311.0,5392644.0,5393022.0,5393317.0,5393603.0,5393878.0,5394268.0,5394688.0,5395062.0,5395435.0,5395817.0,5396108.0,5396521.0,5396928.0,5397245.0,5397703.0,5398064.0,5398359.0,5398703.0,5399075.0,5399482.0,5399766.0,5400141.0,5400432.0,5400767.0,5401057.0,5401424.0,5401776.0,5402239.0,,,,,,,,,5405618.0,5405915.0,5406285.0,5406665.0,5407069.0,5407372.0,5407733.0,5408037.0,5408441.0,5408830.0,5409153.0,5409516.0,5409966.0,5410291.0,5410654.0,5410969.0,5411303.0,5411774.0,5412152.0,5412546.0,5412858.0,5413206.0,5413640.0,5413997.0,5414414.0,5414782.0,5415132.0,5415550.0,5415891.0,5416228.0,5416612.0,5416929.0,5417362.0,5417706.0,5418077.0,5418419.0,5418771.0,5419120.0,5419424.0,5419850.0,5420199.0,5420554.0,5420939.0,5421311.0,5421604.0,5422010.0,5422394.0,5422803.0,5423200.0,5423532.0,5423926.0,5424239.0,5424539.0,5424863.0,5425137.0,5425461.0,5425801.0,5426178.0,5426512.0,5426819.0,5427186.0,5427524.0,5427857.0,5428150.0,5428505.0,5428868.0,5429245.0,5429575.0,5430022.0,5430356.0,5430755.0,5431197
D-wRk-L_0AQ,3670260.0,3670649.0,3671012.0,3671381.0,3671832.0,3672332.0,3672821.0,3673309.0,3673814.0,3674386.0,3674759.0,3675211.0,3675691.0,3676223.0,3676806.0,3677327.0,3677984.0,3678634.0,3679303.0,3680066.0,3680697.0,3681304.0,3682039.0,3682630.0,3683122.0,3683694.0,3684222.0,3684730.0,3685292.0,3685782.0,3686202.0,3686603.0,3687153.0,3687768.0,3688645.0,3690085.0,3691227.0,3692092.0,3692927.0,3693849.0,3694799.0,3695621.0,3696415.0,3697080.0,3697560.0,3698152.0,3698771.0,3699429.0,3700143.0,3700642.0,3701172.0,3701637.0,3701964.0,3702380.0,3702875.0,3703319.0,3703795.0,3704186.0,3704525.0,3704905.0,3705335.0,3705810.0,3706251.0,3706683.0,3707148.0,3707518.0,3707864.0,3708206.0,3708485.0,3708987.0,3709492.0,3710038.0,3710559.0,3710916.0,3711359.0,3711756.0,3712193.0,3712674.0,3713058.0,3713439.0,3713740.0,3714221.0,3714678.0,3715145.0,3715574.0,3715974.0,3716362.0,3716742.0,3717217.0,3717698.0,3718208.0,3718655.0,3719117.0,3719488.0,3719835.0,3720264.0,3720738.0,3721203.0,3721631.0,3722084.0,3722873.0,3723356.0,3723837.0,3724355.0,3724871.0,3725422.0,3725893.0,3726315.0,3726698.0,3727144.0,3727602.0,3728030.0,3728465.0,3729006.0,3729435.0,3729689.0,3730114.0,3730599.0,3731070.0,3731531.0,3731994.0,3732335.0,3732595.0,3732957.0,3733377.0,3733786.0,3734172.0,3734693.0,3735166.0,3735510.0,3735867.0,3736263.0,3736683.0,3737060.0,,,,,,,,,3740904.0,3741392.0,3742043.0,3742618.0,3743177.0,3743623.0,3744127.0,3744483.0,3744831.0,3745229.0,3745651.0,3746080.0,3746501.0,3746954.0,3747277.0,3747603.0,3748036.0,3748456.0,3748810.0,3749212.0,3749650.0,3749985.0,3750251.0,3750610.0,3751001.0,3751373.0,3751739.0,3752065.0,3752379.0,3752615.0,3752958.0,3753336.0,3753709.0,3754049.0,3754426.0,3754698.0,3754938.0,3755305.0,3755688.0,3756014.0,3756318.0,3756577.0,3756830.0,3757034.0,3757347.0,3757664.0,3757957.0,3758318.0,3758596.0,3758813.0,3759061.0,3759346.0,3759619.0,3759905.0,3760116.0,3760436.0,3760710.0,3760936.0,3761206.0,3761474.0,3761753.0,3762090.0,3762419.0,3762644.0,3762909.0,3763218.0,3763475.0,3763676.0,3763878.0,3764121.0,3764383.0,3764649
FmJ2H_we0ow,702547.0,702633.0,702737.0,702869.0,702983.0,703117.0,703242.0,703402.0,703534.0,703693.0,703819.0,703956.0,704097.0,704251.0,704393.0,704519.0,704663.0,704773.0,704900.0,705085.0,705253.0,705397.0,705549.0,705662.0,705765.0,705867.0,705989.0,706138.0,706283.0,706413.0,706532.0,706619.0,706729.0,706833.0,706978.0,707123.0,707268.0,707470.0,707657.0,707925.0,708171.0,708459.0,708738.0,708970.0,709169.0,709392.0,709588.0,709841.0,710053.0,710257.0,710459.0,710615.0,710721.0,710852.0,710997.0,711141.0,711288.0,711421.0,711530.0,711631.0,711757.0,711909.0,712065.0,712219.0,712348.0,712512.0,712627.0,712739.0,712856.0,713010.0,713173.0,713317.0,713438.0,713561.0,713679.0,713829.0,713975.0,714096.0,714244.0,714389.0,714566.0,714723.0,714874.0,714993.0,715118.0,715233.0,715354.0,715450.0,715596.0,715712.0,715845.0,715971.0,716088.0,716182.0,716267.0,716359.0,716483.0,716607.0,716712.0,716821.0,716897.0,716975.0,717061.0,717146.0,717270.0,717365.0,717448.0,717536.0,717620.0,717716.0,717815.0,717909.0,718023.0,718116.0,718210.0,718304.0,718397.0,718522.0,718628.0,718738.0,718847.0,718961.0,719055.0,719167.0,719238.0,719336.0,719479.0,719606.0,719729.0,719792.0,719878.0,719980.0,720084.0,720174.0,,,,,,,,,721026.0,721095.0,721198.0,721320.0,721402.0,721510.0,721601.0,721707.0,721805.0,721900.0,721999.0,722120.0,722237.0,722324.0,722399.0,722484.0,722574.0,722668.0,722767.0,722855.0,722929.0,722993.0,723053.0,723126.0,723231.0,723332.0,723421.0,723494.0,723573.0,723636.0,723718.0,723790.0,723849.0,723962.0,724069.0,724269.0,724323.0,724398.0,724496.0,724578.0,724681.0,724777.0,724843.0,724916.0,725013.0,725112.0,725209.0,725310.0,725393.0,725463.0,725531.0,725609.0,725688.0,725770.0,725844.0,725964.0,726055.0,726123.0,726219.0,726310.0,726416.0,726485.0,726558.0,726641.0,726711.0,726793.0,726851.0,726912.0,726967.0,727019.0,727108.0,727164
COnAkFQ3ee4,191181.0,191300.0,191408.0,191547.0,191694.0,191835.0,192023.0,192207.0,192375.0,192498.0,192681.0,192856.0,193049.0,193205.0,193389.0,193534.0,193650.0,193742.0,193886.0,194056.0,194240.0,194367.0,194521.0,194613.0,194710.0,194829.0,194942.0,195086.0,195212.0,195361.0,195445.0,195543.0,195648.0,195758.0,195890.0,196050.0,196215.0,196326.0,196453.0,196577.0,196719.0,196900.0,197039.0,197185.0,197302.0,197415.0,197549.0,197687.0,197839.0,197975.0,198144.0,198258.0,198349.0,198483.0,198667.0,198842.0,199034.0,199201.0,199298.0,199391.0,199524.0,199657.0,199813.0,199967.0,200092.0,200204.0,200288.0,200380.0,200479.0,200613.0,200742.0,200863.0,201030.0,201175.0,201330.0,201491.0,201656.0,201862.0,202030.0,202218.0,202325.0,202491.0,202622.0,202797.0,202925.0,203103.0,203214.0,203311.0,203451.0,203582.0,203719.0,203886.0,204110.0,204352.0,204540.0,204767.0,204941.0,205110.0,205295.0,205520.0,205686.0,205834.0,206021.0,206211.0,206394.0,206539.0,206753.0,206894.0,207024.0,207188.0,207341.0,207545.0,207751.0,207936.0,208097.0,208189.0,208311.0,208460.0,208611.0,208762.0,208891.0,209030.0,209111.0,209234.0,209390.0,209551.0,209722.0,209917.0,210058.0,210230.0,210370.0,210615.0,210835.0,211106.0,,,,,,,,,213146.0,213308.0,213513.0,213687.0,213865.0,214047.0,214184.0,214321.0,214471.0,214599.0,214781.0,214944.0,215152.0,215363.0,215539.0,215671.0,215822.0,215961.0,216093.0,216229.0,216335.0,216407.0,216473.0,216544.0,216622.0,216720.0,216840.0,216932.0,217013.0,217052.0,217136.0,217236.0,217363.0,217483.0,217641.0,217770.0,217870.0,218013.0,218142.0,218256.0,218390.0,218525.0,218626.0,218701.0,218801.0,218898.0,219018.0,219121.0,219236.0,219304.0,219390.0,219508.0,219632.0,219754.0,219855.0,219985.0,220066.0,220160.0,220275.0,220396.0,220544.0,220634.0,220723.0,220820.0,220883.0,220981.0,221093.0,221192.0,221285.0,221388.0,221486.0,221593
bfXsQ9k9PtY,4680328.0,4683288.0,4685888.0,4687934.0,4690070.0,4692231.0,4694319.0,4696267.0,4698511.0,4700688.0,4702625.0,4704506.0,4706513.0,4708575.0,4710555.0,4712219.0,4714294.0,4716261.0,4718176.0,4719839.0,4721523.0,4723278.0,4725327.0,4727567.0,4729455.0,4731166.0,4732855.0,4734782.0,4736615.0,4738616.0,4741153.0,4743129.0,4744911.0,4746612.0,4748437.0,4750254.0,4752354.0,4755094.0,4756816.0,4758624.0,4760339.0,4761775.0,4763410.0,4765229.0,4767228.0,4769358.0,4771369.0,4773388.0,4775479.0,4777529.0,4779885.0,4783237.0,4786197.0,4788639.0,4791296.0,4793876.0,4796361.0,4799209.0,4802745.0,4805247.0,4807362.0,4808975.0,4810404.0,4811961.0,4813579.0,4815069.0,4816310.0,4817811.0,4819149.0,4821266.0,4823624.0,4826909.0,4830385.0,4832810.0,4834952.0,4836876.0,4838860.0,4841060.0,4843417.0,4846177.0,4848546.0,4850625.0,4852597.0,4854390.0,4856039.0,4857806.0,4860421.0,4862583.0,4864616.0,4866636.0,4868597.0,4870445.0,4872678.0,4875189.0,4877230.0,4879041.0,4880987.0,4882672.0,4884615.0,4886571.0,4888910.0,4891102.0,4892974.0,4894540.0,4895985.0,4897619.0,4899181.0,4900773.0,4902167.0,4903775.0,4905280.0,4906724.0,4908423.0,4910297.0,4912690.0,4914406.0,4916105.0,4917699.0,4919847.0,4921780.0,4923795.0,4926232.0,4928357.0,4930398.0,4932483.0,4934883.0,4936875.0,4938608.0,4940554.0,4942261.0,4943888.0,4945449.0,4947125.0,4948708.0,,,,,,,,,4965287.0,4967012.0,4968593.0,4970153.0,4971769.0,4973459.0,4975088.0,4976954.0,4978547.0,4980189.0,4981757.0,4983350.0,4985192.0,4987203.0,4989136.0,4990891.0,4992441.0,4994182.0,4995877.0,4997479.0,4999117.0,5001083.0,5002747.0,5004274.0,5005743.0,5007200.0,5008886.0,5010539.0,5012253.0,5013718.0,5015331.0,5016878.0,5018498.0,5019995.0,5021562.0,5023246.0,5024831.0,5026339.0,5027843.0,5029114.0,5030835.0,5032381.0,5033908.0,5035254.0,5036681.0,5038303.0,5039757.0,5041102.0,5042858.0,5044263.0,5045533.0,5047020.0,5048506.0,5050209.0,5051842.0,5053483.0,5054943.0,5056184.0,5057689.0,5059018.0,5060590.0,5061707.0,5063200.0,5064675.0,5066052.0,5067565.0,5069208.0,5070952.0,5072907.0,5074224.0,5075782.0,5077051
Wy7Zxw6NDAs,333375.0,333437.0,333491.0,333543.0,333573.0,333622.0,333670.0,333717.0,333794.0,333890.0,333964.0,334062.0,334108.0,334170.0,334233.0,334383.0,334516.0,334602.0,334649.0,334738.0,334880.0,334970.0,335077.0,335159.0,335212.0,335282.0,335382.0,335480.0,335538.0,335601.0,335669.0,335724.0,335778.0,335873.0,335929.0,335991.0,336057.0,336087.0,336156.0,336237.0,336339.0,336470.0,336652.0,336744.0,336881.0,336938.0,337005.0,337071.0,337129.0,337187.0,337245.0,337320.0,337372.0,337431.0,337520.0,337591.0,337642.0,337708.0,337759.0,337819.0,337905.0,337957.0,338041.0,338111.0,338176.0,338244.0,338303.0,338372.0,338442.0,338566.0,338670.0,338758.0,338809.0,338872.0,338924.0,338994.0,339047.0,339111.0,339160.0,339220.0,339285.0,339330.0,339383.0,339424.0,339474.0,339522.0,339594.0,339651.0,339718.0,339774.0,339812.0,339870.0,339949.0,340016.0,340078.0,340116.0,340169.0,340218.0,340258.0,340325.0,340413.0,340461.0,340514.0,340573.0,340666.0,340728.0,340787.0,340867.0,340908.0,340945.0,340997.0,341088.0,341192.0,341258.0,341295.0,341371.0,341429.0,341470.0,341497.0,341546.0,341607.0,341646.0,341697.0,341774.0,341840.0,341902.0,341942.0,342002.0,342105.0,342174.0,342238.0,342299.0,342345.0,342405.0,,,,,,,,,342848.0,342899.0,342936.0,342974.0,343040.0,343083.0,343129.0,343181.0,343224.0,343271.0,343314.0,343346.0,343399.0,343434.0,343467.0,343511.0,343540.0,343559.0,343611.0,343647.0,343683.0,343707.0,343743.0,343788.0,343832.0,343858.0,343894.0,343937.0,343968.0,344007.0,344042.0,344092.0,344128.0,344169.0,344201.0,344241.0,344269.0,344298.0,344345.0,344394.0,344451.0,344487.0,344522.0,344557.0,344607.0,344656.0,344698.0,344757.0,344791.0,344850.0,344894.0,344924.0,344957.0,344997.0,345036.0,345071.0,345116.0,345169.0,345205.0,345240.0,345280.0,345330.0,345363.0,345404.0,345424.0,345466.0,345501.0,345545.0,345575.0,345605.0,345637.0,345672
f9rHF8tH8jg,83540.0,83605.0,83653.0,83691.0,83734.0,83776.0,83812.0,83847.0,83888.0,83922.0,83951.0,84020.0,84046.0,84110.0,84146.0,84168.0,84217.0,84253.0,84286.0,84339.0,84387.0,84435.0,84468.0,84495.0,84522.0,84551.0,84583.0,84627.0,84679.0,84721.0,84766.0,84792.0,84820.0,84860.0,84892.0,84922.0,84956.0,84987.0,85022.0,85060.0,85112.0,85145.0,85189.0,85225.0,85264.0,85294.0,85334.0,85367.0,85389.0,85418.0,85452.0,85490.0,85519.0,85561.0,85594.0,85619.0,85649.0,85684.0,85725.0,85761.0,85788.0,85846.0,85892.0,85924.0,85964.0,85984.0,86019.0,86061.0,86090.0,86148.0,86190.0,86224.0,86253.0,86283.0,86330.0,86376.0,86414.0,86464.0,86493.0,86532.0,86562.0,86585.0,86623.0,86652.0,86678.0,86702.0,86724.0,86751.0,86776.0,86805.0,86841.0,86875.0,86912.0,86945.0,86970.0,87009.0,87050.0,87079.0,87114.0,87147.0,87179.0,87212.0,87234.0,87256.0,87284.0,87314.0,87343.0,87371.0,87410.0,87442.0,87462.0,87485.0,87516.0,87555.0,87577.0,87608.0,87641.0,87667.0,87690.0,87720.0,87749.0,87787.0,87809.0,87849.0,87882.0,87913.0,87944.0,87983.0,88006.0,88029.0,88056.0,88080.0,88111.0,88133.0,,,,,,,,,88406.0,88440.0,88480.0,88513.0,88549.0,88586.0,88610.0,88631.0,88651.0,88691.0,88726.0,88764.0,88796.0,88833.0,88847.0,88865.0,88882.0,88907.0,88926.0,88948.0,88966.0,88984.0,89003.0,89028.0,89059.0,89072.0,89095.0,89114.0,89138.0,89156.0,89182.0,89215.0,89232.0,89250.0,89273.0,89289.0,89316.0,89340.0,89373.0,89401.0,89441.0,89470.0,89498.0,89527.0,89581.0,89643.0,89711.0,89768.0,89811.0,89852.0,89886.0,89918.0,89965.0,90011.0,90040.0,90085.0,90130.0,90162.0,90203.0,90250.0,90286.0,90323.0,90399.0,90446.0,90497.0,90543.0,90626.0,90691.0,90757.0,90822.0,90867.0,90904
hgIyw1P670A,17337.0,17348.0,17353.0,17355.0,17362.0,17378.0,17384.0,17396.0,17405.0,17419.0,17426.0,17439.0,17447.0,17454.0,17461.0,17468.0,17472.0,17477.0,17485.0,17496.0,17509.0,17516.0,17524.0,17530.0,17537.0,17542.0,17547.0,17559.0,17565.0,17568.0,17576.0,17582.0,17588.0,17595.0,17605.0,17614.0,17642.0,17664.0,17669.0,17676.0,17689.0,17701.0,17711.0,17720.0,17734.0,17748.0,17752.0,17761.0,17766.0,17774.0,17779.0,17785.0,17795.0,17804.0,17812.0,17820.0,17828.0,17836.0,17846.0,17851.0,17862.0,17881.0,17893.0,17901.0,17907.0,17915.0,17916.0,17927.0,17935.0,17945.0,17951.0,17968.0,17976.0,17981.0,17993.0,18004.0,18012.0,18024.0,18029.0,18035.0,18045.0,18050.0,18066.0,18069.0,18073.0,18078.0,18078.0,18083.0,18088.0,18120.0,18129.0,18136.0,18160.0,18168.0,18179.0,18182.0,18206.0,18224.0,18229.0,18238.0,18243.0,18247.0,18257.0,18258.0,18265.0,18301.0,18306.0,18316.0,18325.0,18333.0,18339.0,18341.0,18351.0,18366.0,18370.0,18377.0,18379.0,18383.0,18386.0,18391.0,18394.0,18400.0,18405.0,18411.0,18414.0,18419.0,18426.0,18433.0,18440.0,18446.0,18448.0,18457.0,18461.0,18465.0,,,,,,,,,18516.0,18525.0,18529.0,18535.0,18538.0,18542.0,18546.0,18552.0,18558.0,18576.0,18582.0,18592.0,18597.0,18611.0,18620.0,18624.0,18629.0,18636.0,18641.0,18645.0,18651.0,18658.0,18676.0,18678.0,18684.0,18689.0,18694.0,18699.0,18702.0,18704.0,18710.0,18717.0,18722.0,18723.0,18728.0,18731.0,18736.0,18744.0,18751.0,18752.0,18758.0,18762.0,18765.0,18769.0,18775.0,18782.0,18789.0,18792.0,18797.0,18798.0,18802.0,18809.0,18819.0,18823.0,18827.0,18829.0,18835.0,18839.0,18853.0,18858.0,18871.0,18877.0,18905.0,18927.0,18944.0,18966.0,18975.0,18995.0,19003.0,19014.0,19020.0,19029
_0kWgSyrYt4,22275.0,22287.0,22294.0,22304.0,22314.0,22317.0,22323.0,22327.0,22337.0,22340.0,22348.0,22356.0,22368.0,22376.0,22386.0,22390.0,22392.0,22396.0,22400.0,22403.0,22405.0,22408.0,22413.0,22421.0,22433.0,22445.0,22452.0,22457.0,22470.0,22481.0,22485.0,22495.0,22502.0,22509.0,22522.0,22536.0,22544.0,22549.0,22557.0,22563.0,22573.0,22576.0,22587.0,22592.0,22597.0,22602.0,22608.0,22614.0,22623.0,22630.0,22638.0,22641.0,22655.0,22668.0,22675.0,22681.0,22686.0,22697.0,22709.0,22715.0,22724.0,22733.0,22738.0,22745.0,22754.0,22758.0,22767.0,22774.0,22789.0,22804.0,22807.0,22814.0,22827.0,22835.0,22838.0,22844.0,22853.0,22865.0,22872.0,22884.0,22901.0,22913.0,22923.0,22933.0,22936.0,22943.0,22947.0,22956.0,22960.0,22961.0,22968.0,22973.0,22980.0,22990.0,22995.0,23003.0,23006.0,23017.0,23021.0,23032.0,23039.0,23050.0,23056.0,23071.0,23078.0,23083.0,23092.0,23096.0,23101.0,23109.0,23122.0,23129.0,23136.0,23151.0,23163.0,23170.0,23174.0,23175.0,23181.0,23183.0,23183.0,23186.0,23193.0,23198.0,23201.0,23205.0,23216.0,23220.0,23230.0,23238.0,23246.0,23251.0,23256.0,23264.0,,,,,,,,,23326.0,23341.0,23356.0,23363.0,23376.0,23384.0,23385.0,23391.0,23396.0,23404.0,23410.0,23415.0,23417.0,23420.0,23425.0,23428.0,23434.0,23441.0,23448.0,23458.0,23464.0,23470.0,23477.0,23485.0,23493.0,23506.0,23520.0,23538.0,23555.0,23566.0,23573.0,23579.0,23586.0,23590.0,23593.0,23597.0,23609.0,23618.0,23629.0,23634.0,23657.0,23669.0,23680.0,23683.0,23692.0,23696.0,23700.0,23705.0,23716.0,23722.0,23734.0,23735.0,23741.0,23753.0,23762.0,23776.0,23786.0,23788.0,23796.0,23806.0,23818.0,23823.0,23836.0,23865.0,23880.0,23899.0,23911.0,23923.0,23928.0,23936.0,23942.0,23948
UUtYBQs4aSA,4005.0,4047.0,4087.0,4156.0,4204.0,4250.0,4352.0,4412.0,4433.0,4480.0,4499.0,4574.0,4591.0,4703.0,4728.0,4755.0,4783.0,4795.0,4815.0,4835.0,4918.0,4934.0,4952.0,4976.0,4994.0,5013.0,5035.0,5055.0,5087.0,5112.0,5140.0,5158.0,5176.0,5194.0,5212.0,5233.0,5249.0,5267.0,5278.0,5308.0,5328.0,5348.0,5378.0,5400.0,5428.0,5463.0,5503.0,5535.0,5554.0,5578.0,5597.0,5612.0,5638.0,5651.0,5673.0,5697.0,5727.0,5746.0,5769.0,5788.0,5817.0,5840.0,5863.0,5871.0,5895.0,5912.0,5934.0,5949.0,5969.0,5994.0,6007.0,6017.0,6039.0,6055.0,6064.0,6086.0,6106.0,6124.0,6137.0,6158.0,6177.0,6208.0,6236.0,6265.0,6291.0,6321.0,6344.0,6360.0,6383.0,6407.0,6434.0,6478.0,6517.0,6568.0,6596.0,6635.0,6669.0,6706.0,6750.0,6770.0,6789.0,6811.0,6849.0,6879.0,6903.0,6931.0,6955.0,6984.0,7015.0,7047.0,7072.0,7105.0,7137.0,7164.0,7182.0,7199.0,7228.0,7246.0,7271.0,7284.0,7302.0,7323.0,7333.0,7352.0,7371.0,7371.0,7372.0,7372.0,7372.0,7372.0,7372.0,7372.0,7372.0,7372.0,,,,,,,,,7372.0,7372.0,7372.0,7372.0,7372.0,7372.0,7372.0,7372.0,7372.0,7372.0,7372.0,7372.0,7372.0,7372.0,7372.0,7372.0,7372.0,7372.0,7372.0,7372.0,7372.0,7372.0,7372.0,7372.0,7372.0,7372.0,7372.0,7372.0,7372.0,7372.0,7372.0,7372.0,7372.0,7372.0,7372.0,7372.0,7372.0,7372.0,7372.0,7372.0,7372.0,7372.0,7372.0,7372.0,7372.0,7372.0,7372.0,7372.0,7372.0,7372.0,7372.0,7372.0,7372.0,7372.0,7372.0,7372.0,7372.0,7372.0,7372.0,7372.0,7372.0,7372.0,7372.0,7372.0,7372.0,7372.0,7372.0,7372.0,7372.0,7372.0,7372.0,7372
eoMJgat-zZw,66847.0,66889.0,66932.0,66956.0,67010.0,67045.0,67092.0,67129.0,67160.0,67187.0,67218.0,67245.0,67286.0,67327.0,67387.0,67419.0,67489.0,67534.0,67559.0,67612.0,67677.0,67732.0,67759.0,67795.0,67825.0,67872.0,67902.0,67940.0,67980.0,68022.0,68062.0,68090.0,68120.0,68151.0,68180.0,68207.0,68240.0,68272.0,68292.0,68319.0,68347.0,68383.0,68430.0,68470.0,68498.0,68520.0,68554.0,68590.0,68621.0,68652.0,68680.0,68712.0,68738.0,68763.0,68794.0,68826.0,68858.0,68880.0,68911.0,68926.0,68952.0,68989.0,69016.0,69049.0,69063.0,69098.0,69121.0,69146.0,69181.0,69210.0,69231.0,69255.0,69268.0,69283.0,69299.0,69333.0,69371.0,69401.0,69424.0,69443.0,69467.0,69487.0,69509.0,69531.0,69554.0,69568.0,69591.0,69608.0,69632.0,69656.0,69689.0,69721.0,69750.0,69781.0,69803.0,69824.0,69856.0,69883.0,69910.0,69929.0,69948.0,69973.0,69998.0,70016.0,70048.0,70069.0,70088.0,70097.0,70113.0,70129.0,70153.0,70173.0,70189.0,70211.0,70227.0,70247.0,70262.0,70297.0,70307.0,70323.0,70340.0,70353.0,70368.0,70381.0,70394.0,70406.0,70417.0,70429.0,70438.0,70447.0,70457.0,70467.0,70480.0,70491.0,,,,,,,,,70633.0,70641.0,70651.0,70657.0,70669.0,70682.0,70703.0,70715.0,70732.0,70750.0,70774.0,70786.0,70808.0,70834.0,70849.0,70871.0,70885.0,70906.0,70920.0,70937.0,70948.0,70958.0,70969.0,70976.0,70982.0,70991.0,71002.0,71014.0,71028.0,71036.0,71047.0,71057.0,71063.0,71070.0,71084.0,71090.0,71102.0,71112.0,71121.0,71131.0,71142.0,71154.0,71164.0,71177.0,71190.0,71196.0,71208.0,71219.0,71230.0,71242.0,71249.0,71256.0,71265.0,71278.0,71285.0,71297.0,71307.0,71311.0,71317.0,71327.0,71339.0,71353.0,71365.0,71378.0,71385.0,71393.0,71406.0,71416.0,71421.0,71429.0,71437.0,71451
i14-k9bNWso,3533075.0,3533473.0,3533955.0,3534350.0,3534819.0,3535284.0,3535782.0,3536199.0,3536748.0,3537250.0,3537763.0,3538275.0,3538906.0,3539626.0,3540415.0,3541100.0,3541713.0,3542378.0,3543107.0,3543856.0,3544562.0,3545248.0,3545962.0,3546542.0,3547003.0,3547516.0,3548123.0,3548684.0,3549215.0,3549634.0,3550025.0,3550366.0,3550871.0,3551343.0,3551782.0,3552267.0,3552736.0,3553204.0,3553661.0,3554065.0,3554504.0,3554895.0,3555253.0,3555656.0,3556006.0,3556337.0,3556748.0,3557139.0,3557495.0,3557772.0,3558100.0,3558382.0,3558630.0,3558870.0,3559184.0,3559529.0,3559845.0,3560130.0,3560406.0,3560686.0,3560969.0,3561264.0,3561587.0,3561883.0,3562184.0,3562398.0,3562582.0,3562837.0,3563033.0,3563337.0,3563627.0,3563911.0,3564169.0,3564387.0,3564661.0,3564907.0,3565182.0,3565449.0,3565721.0,3565957.0,3566230.0,3566472.0,3566801.0,3567056.0,3567326.0,3567594.0,3567835.0,3568046.0,3568311.0,3568546.0,3568780.0,3569059.0,3569323.0,3569550.0,3569740.0,3570010.0,3570256.0,3570523.0,3570844.0,3571141.0,3571505.0,3571804.0,3572120.0,3572459.0,3572704.0,3572983.0,3573274.0,3573536.0,3573804.0,3574099.0,3574451.0,3574791.0,3575139.0,3575499.0,3575753.0,3576021.0,3576387.0,3576753.0,3577092.0,3577422.0,3577734.0,3577981.0,3578215.0,3578479.0,3578793.0,3579131.0,3579410.0,3579705.0,3579960.0,3580193.0,3580499.0,3580823.0,3581129.0,3581480.0,,,,,,,,,3583987.0,3584202.0,3584440.0,3584696.0,3584984.0,3585266.0,3585514.0,3585737.0,3585968.0,3586223.0,3586547.0,3586830.0,3587111.0,3587343.0,3587548.0,3587734.0,3587974.0,3588173.0,3588432.0,3588729.0,3588972.0,3589192.0,3589460.0,3589843.0,3590122.0,3590383.0,3590621.0,3590838.0,3591013.0,3591222.0,3591460.0,3591729.0,3591988.0,3592251.0,3592507.0,3592738.0,3592932.0,3593198.0,3593495.0,3593761.0,3594039.0,3594277.0,3594488.0,3594713.0,3594992.0,3595287.0,3595600.0,3595922.0,3596249.0,3596497.0,3596745.0,3597088.0,3597397.0,3597691.0,3597920.0,3598150.0,3598363.0,3598546.0,3598819.0,3599105.0,3599374.0,3599593.0,3599828.0,3600030.0,3600251.0,3600537.0,3600793.0,3601066.0,3601276.0,3601513.0,3601733.0,3601942
EkiMQaWc5ZI,561929.0,561994.0,562046.0,562117.0,562162.0,562227.0,562280.0,562340.0,562398.0,562454.0,562524.0,562573.0,562622.0,562682.0,562741.0,562792.0,562859.0,562911.0,562954.0,563002.0,563055.0,563126.0,563168.0,563247.0,563285.0,563356.0,563415.0,563469.0,563502.0,563542.0,563588.0,563647.0,563698.0,563742.0,563785.0,563835.0,563878.0,563926.0,563988.0,564037.0,564091.0,564152.0,564195.0,564269.0,564310.0,564370.0,564425.0,564483.0,564532.0,564608.0,564664.0,564729.0,564788.0,564828.0,564873.0,564942.0,564993.0,565052.0,565102.0,565169.0,565236.0,565273.0,565326.0,565378.0,565447.0,565525.0,565582.0,565630.0,565684.0,565755.0,565810.0,565865.0,565925.0,565980.0,566050.0,566106.0,566165.0,566235.0,566284.0,566319.0,566362.0,566435.0,566492.0,566552.0,566593.0,566661.0,566716.0,566770.0,566826.0,566872.0,566932.0,566969.0,567023.0,567073.0,567112.0,567156.0,567193.0,567230.0,567283.0,567321.0,567362.0,567403.0,567433.0,567469.0,567491.0,567541.0,567577.0,567609.0,567640.0,567685.0,567720.0,567759.0,567793.0,567820.0,567852.0,567885.0,567916.0,567958.0,567997.0,568035.0,568071.0,568126.0,568162.0,568203.0,568234.0,568264.0,568306.0,568337.0,568385.0,568418.0,568464.0,568491.0,568522.0,568548.0,,,,,,,,,568830.0,568861.0,568889.0,568913.0,568945.0,568976.0,569010.0,569035.0,569076.0,569109.0,569139.0,569172.0,569202.0,569239.0,569268.0,569323.0,569366.0,569402.0,569449.0,569472.0,569509.0,569539.0,569573.0,569605.0,569627.0,569657.0,569724.0,569759.0,569794.0,569833.0,569864.0,569914.0,569937.0,569960.0,569980.0,570014.0,570043.0,570070.0,570106.0,570128.0,570176.0,570212.0,570240.0,570290.0,570339.0,570366.0,570405.0,570442.0,570469.0,570503.0,570548.0,570575.0,570608.0,570655.0,570690.0,570729.0,570760.0,570791.0,570834.0,570869.0,570901.0,570922.0,570940.0,570964.0,570993.0,571037.0,571074.0,571102.0,571135.0,571169.0,571194.0,571246
hNZ-DE8f1f4,232675.0,232708.0,232752.0,232800.0,232835.0,232877.0,232915.0,232968.0,233017.0,233063.0,233129.0,233158.0,233203.0,233243.0,233272.0,233339.0,233369.0,233401.0,233434.0,233469.0,233540.0,233593.0,233626.0,233677.0,233718.0,233749.0,233781.0,233833.0,233874.0,233923.0,233952.0,233999.0,234044.0,234127.0,234117.0,234154.0,234196.0,234224.0,234247.0,234273.0,234308.0,234335.0,234366.0,234417.0,234455.0,234543.0,234570.0,234621.0,234627.0,234675.0,234708.0,234751.0,234766.0,234806.0,234857.0,234882.0,234944.0,234990.0,235051.0,235123.0,235165.0,235212.0,235259.0,235313.0,235355.0,235398.0,235441.0,235492.0,235554.0,235721.0,235828.0,235929.0,236019.0,236082.0,236181.0,236230.0,236286.0,236357.0,236421.0,236477.0,236524.0,236579.0,236630.0,236702.0,236750.0,236805.0,236856.0,236897.0,236941.0,236991.0,237036.0,237069.0,237115.0,237160.0,237207.0,237243.0,237280.0,237332.0,237377.0,237441.0,237478.0,237521.0,237568.0,237609.0,237640.0,237673.0,237712.0,237767.0,237806.0,237860.0,237906.0,237960.0,237996.0,238036.0,238076.0,238157.0,238238.0,238305.0,238341.0,238396.0,238453.0,238482.0,238530.0,238571.0,238594.0,238622.0,238660.0,238708.0,238750.0,238794.0,238850.0,238886.0,238938.0,238964.0,,,,,,,,,239307.0,239350.0,239380.0,239399.0,239442.0,239477.0,239526.0,239551.0,239591.0,239619.0,239667.0,239737.0,239793.0,239845.0,239894.0,239928.0,239959.0,239996.0,240047.0,240086.0,240181.0,240222.0,240263.0,240296.0,240338.0,240379.0,240415.0,240448.0,240488.0,240545.0,240591.0,240631.0,240669.0,240712.0,240757.0,240795.0,240817.0,240858.0,240896.0,240935.0,240969.0,241023.0,241067.0,241104.0,241151.0,241192.0,241237.0,241273.0,241326.0,241366.0,241403.0,241450.0,241483.0,241523.0,241561.0,241599.0,241626.0,241654.0,241690.0,241722.0,241759.0,241796.0,241834.0,241866.0,241897.0,241944.0,241976.0,242017.0,242051.0,242101.0,242133.0,242161
Zq8i9lv5kvk,61520.0,61544.0,61560.0,61582.0,61605.0,61634.0,61665.0,61677.0,61705.0,61721.0,61739.0,61763.0,61780.0,61806.0,61828.0,61847.0,61872.0,61888.0,61910.0,61933.0,61955.0,61979.0,62003.0,62023.0,62051.0,62071.0,62092.0,62110.0,62135.0,62155.0,62178.0,62187.0,62210.0,62235.0,62246.0,62268.0,62283.0,62310.0,62331.0,62349.0,62373.0,62402.0,62418.0,62431.0,62452.0,62471.0,62497.0,62522.0,62547.0,62564.0,62593.0,62609.0,62624.0,62644.0,62659.0,62670.0,62714.0,62730.0,62749.0,62765.0,62785.0,62808.0,62836.0,62850.0,62873.0,62886.0,62896.0,62917.0,62926.0,62959.0,62974.0,62991.0,62990.0,63004.0,63011.0,63027.0,63054.0,63072.0,63086.0,63111.0,63122.0,63127.0,63152.0,63168.0,63191.0,63206.0,63219.0,63231.0,63250.0,63267.0,63289.0,63305.0,63328.0,63341.0,63353.0,63361.0,63379.0,63398.0,63417.0,63426.0,63437.0,63451.0,63458.0,63474.0,63491.0,63510.0,63522.0,63539.0,63547.0,63555.0,63564.0,63580.0,63592.0,63617.0,63626.0,63633.0,63645.0,63658.0,63672.0,63681.0,63695.0,63714.0,63736.0,63747.0,63776.0,63783.0,63800.0,63813.0,63822.0,63837.0,63846.0,63854.0,63860.0,63868.0,,,,,,,,,63972.0,63980.0,63994.0,64003.0,64010.0,64022.0,64033.0,64049.0,64061.0,64070.0,64091.0,64106.0,64123.0,64142.0,64151.0,64165.0,64177.0,64190.0,64204.0,64218.0,64239.0,64248.0,64262.0,64283.0,64297.0,64314.0,64325.0,64346.0,64356.0,64370.0,64383.0,64397.0,64412.0,64425.0,64432.0,64452.0,64465.0,64477.0,64495.0,64503.0,64522.0,64535.0,64552.0,64574.0,64592.0,64608.0,64623.0,64643.0,64663.0,64670.0,64683.0,64697.0,64702.0,64710.0,64726.0,64746.0,64757.0,64773.0,64784.0,64798.0,64813.0,64833.0,64844.0,64860.0,64879.0,64898.0,64903.0,64921.0,64937.0,64945.0,64960.0,64981
tyY-8AaVS5M,208908.0,209003.0,209105.0,209216.0,209325.0,209411.0,209496.0,209585.0,209667.0,209750.0,209824.0,209922.0,210011.0,210098.0,210190.0,210287.0,210387.0,210465.0,210562.0,210679.0,210754.0,210878.0,211016.0,211107.0,211182.0,211263.0,211367.0,211467.0,211574.0,211660.0,211758.0,211854.0,211947.0,212042.0,212116.0,212214.0,212304.0,212401.0,212478.0,212584.0,212664.0,212752.0,212832.0,212943.0,213010.0,213091.0,213196.0,213273.0,213368.0,213468.0,213559.0,213631.0,213701.0,213794.0,213873.0,213966.0,214052.0,214138.0,214231.0,214322.0,214408.0,214492.0,214583.0,214695.0,214807.0,214911.0,214990.0,215101.0,215175.0,215337.0,215525.0,215653.0,215776.0,215886.0,216010.0,216120.0,216306.0,216909.0,217251.0,217440.0,217604.0,217864.0,218063.0,218374.0,218621.0,218887.0,219066.0,219269.0,219472.0,219698.0,219926.0,220084.0,220292.0,220479.0,220645.0,220854.0,221039.0,221264.0,221549.0,221849.0,222100.0,222290.0,222568.0,222852.0,223103.0,223351.0,223601.0,223820.0,224035.0,224268.0,224490.0,224729.0,224929.0,225121.0,225306.0,225441.0,225633.0,225926.0,226166.0,226377.0,226620.0,226825.0,227006.0,227212.0,227423.0,227643.0,227819.0,228097.0,228273.0,228487.0,228721.0,228909.0,229095.0,229294.0,,,,,,,,,231051.0,231211.0,231410.0,231624.0,231816.0,232039.0,232264.0,232421.0,232588.0,232858.0,233132.0,233405.0,233686.0,233957.0,234195.0,234427.0,234709.0,235003.0,235302.0,235509.0,235682.0,235844.0,236020.0,236253.0,236492.0,236688.0,236888.0,237122.0,237262.0,237441.0,237648.0,237874.0,238036.0,238238.0,238433.0,238646.0,238789.0,238987.0,239197.0,239387.0,239615.0,239883.0,240089.0,240236.0,240435.0,240693.0,240897.0,241120.0,241368.0,241543.0,241688.0,241850.0,242042.0,242233.0,242448.0,242623.0,242822.0,242966.0,243180.0,243449.0,243700.0,243892.0,244123.0,244300.0,244495.0,244694.0,244878.0,245088.0,245240.0,245409.0,245618.0,245807
MUy5li_SdtU,7907387.0,7907637.0,7907944.0,7908201.0,7908456.0,7908736.0,7909063.0,7909417.0,7909785.0,7910113.0,7910460.0,7910802.0,7911167.0,7911528.0,7911939.0,7912316.0,7912736.0,7913143.0,7913613.0,7914079.0,7914516.0,7914971.0,7915425.0,7915872.0,7916295.0,7916720.0,7917138.0,7917589.0,7918019.0,7918473.0,7918846.0,7919336.0,7919760.0,7920187.0,7920713.0,7921118.0,7921626.0,7922047.0,7922467.0,7922918.0,7923344.0,7923745.0,7924142.0,7924570.0,7925005.0,7925319.0,7925750.0,7926152.0,7926552.0,7926998.0,7927365.0,7927753.0,7928146.0,7928530.0,7928920.0,7929299.0,7929646.0,7929997.0,7930352.0,7930700.0,7931052.0,7931500.0,7931905.0,7932254.0,7932672.0,7933027.0,7933350.0,7933760.0,7934228.0,7934918.0,7935564.0,7936021.0,7936433.0,7936881.0,7937440.0,7938000.0,7938516.0,7939127.0,7939750.0,7940285.0,7940714.0,7941211.0,7941689.0,7942189.0,7942657.0,7943071.0,7943567.0,7944038.0,7944540.0,7944919.0,7945395.0,7945839.0,7946330.0,7946837.0,7947341.0,7947744.0,7948134.0,7948540.0,7948943.0,7949397.0,7949758.0,7950189.0,7950692.0,7951087.0,7951539.0,7951932.0,7952373.0,7952811.0,7953146.0,7953639.0,7954174.0,7954690.0,7955069.0,7955568.0,7955938.0,7956283.0,7956798.0,7957176.0,7957629.0,7957973.0,7958382.0,7958769.0,7959054.0,7959413.0,7959811.0,7960183.0,7960534.0,7960848.0,7961210.0,7961531.0,7961912.0,7962252.0,7962594.0,7962884.0,,,,,,,,,7965625.0,7965950.0,7966253.0,7966563.0,7966925.0,7967241.0,7967504.0,7967813.0,7968178.0,7968472.0,7968820.0,7969128.0,7969472.0,7969760.0,7970010.0,7970252.0,7970502.0,7970798.0,7971057.0,7971323.0,7971570.0,7971792.0,7972032.0,7972303.0,7972565.0,7972837.0,7973138.0,7973388.0,7973633.0,7973911.0,7974201.0,7974516.0,7974814.0,7975057.0,7975359.0,7975637.0,7975938.0,7976211.0,7976561.0,7976836.0,7977161.0,7977396.0,7977710.0,7977983.0,7978238.0,7978598.0,7978888.0,7979152.0,7979473.0,7979666.0,7979897.0,7980128.0,7980397.0,7980676.0,7980926.0,7981219.0,7981435.0,7981705.0,7981953.0,7982226.0,7982516.0,7982746.0,7982957.0,7983174.0,7983388.0,7983639.0,7983885.0,7984170.0,7984391.0,7984634.0,7984875.0,7985121
5KcALT6FaVk,15918.0,15918.0,15920.0,15921.0,15922.0,15924.0,15924.0,15925.0,15927.0,15927.0,15928.0,15929.0,15929.0,15930.0,15931.0,15932.0,15933.0,15933.0,15934.0,15935.0,15936.0,15936.0,15937.0,15937.0,15937.0,15938.0,15938.0,15939.0,15939.0,15942.0,15943.0,15944.0,15945.0,15945.0,15948.0,15950.0,15954.0,15956.0,15956.0,15956.0,15956.0,15957.0,15960.0,15961.0,15961.0,15961.0,15962.0,15963.0,15963.0,15964.0,15965.0,15965.0,15965.0,15967.0,15968.0,15971.0,15971.0,15971.0,15974.0,15975.0,15974.0,15974.0,15977.0,15978.0,15982.0,15986.0,15987.0,15989.0,15990.0,15991.0,15993.0,15993.0,15997.0,15997.0,16006.0,16007.0,16007.0,16008.0,16008.0,16012.0,16015.0,16016.0,16018.0,16018.0,16018.0,16018.0,16020.0,16020.0,16024.0,16025.0,16027.0,16030.0,16030.0,16033.0,16034.0,16035.0,16036.0,16039.0,16042.0,16043.0,16044.0,16046.0,16048.0,16050.0,16054.0,16056.0,16058.0,16060.0,16060.0,16061.0,16062.0,16063.0,16063.0,16063.0,16063.0,16069.0,16069.0,16070.0,16074.0,16075.0,16075.0,16077.0,16077.0,16077.0,16077.0,16077.0,16079.0,16080.0,16080.0,16080.0,16082.0,16084.0,16084.0,16091.0,,,,,,,,,16099.0,16099.0,16099.0,16100.0,16103.0,16104.0,16106.0,16107.0,16108.0,16108.0,16109.0,16109.0,16109.0,16109.0,16110.0,16110.0,16112.0,16113.0,16115.0,16116.0,16116.0,16116.0,16116.0,16116.0,16117.0,16118.0,16118.0,16119.0,16120.0,16120.0,16122.0,16123.0,16123.0,16123.0,16131.0,16138.0,16141.0,16147.0,16149.0,16151.0,16154.0,16155.0,16155.0,16157.0,16159.0,16159.0,16159.0,16160.0,16165.0,16165.0,16165.0,16165.0,16165.0,16165.0,16168.0,16168.0,16169.0,16169.0,16170.0,16171.0,16172.0,16172.0,16173.0,16175.0,16177.0,16180.0,16181.0,16182.0,16181.0,16181.0,16183.0,16184
JKguI94gt-c,156012.0,156052.0,156094.0,156120.0,156160.0,156194.0,156235.0,156269.0,156306.0,156333.0,156371.0,156419.0,156451.0,156511.0,156570.0,156641.0,156684.0,156723.0,156754.0,156794.0,156834.0,156881.0,156922.0,156958.0,156995.0,157045.0,157102.0,157141.0,157174.0,157199.0,157235.0,157272.0,157322.0,157351.0,157387.0,157430.0,157466.0,157505.0,157542.0,157585.0,157617.0,157642.0,157678.0,157717.0,157753.0,157785.0,157826.0,157890.0,157927.0,157952.0,157986.0,158011.0,158045.0,158080.0,158117.0,158159.0,158196.0,158225.0,158246.0,158290.0,158338.0,158368.0,158410.0,158438.0,158475.0,158513.0,158552.0,158579.0,158608.0,158644.0,158696.0,158723.0,158762.0,158790.0,158827.0,158865.0,158907.0,158935.0,158969.0,158995.0,159027.0,159062.0,159093.0,159120.0,159148.0,159179.0,159218.0,159258.0,159294.0,159333.0,159361.0,159393.0,159435.0,159467.0,159490.0,159519.0,159554.0,159584.0,159617.0,159640.0,159672.0,159700.0,159733.0,159779.0,159837.0,159882.0,159923.0,159966.0,160006.0,160069.0,160108.0,160154.0,160194.0,160236.0,160271.0,160296.0,160331.0,160360.0,160394.0,160417.0,160452.0,160479.0,160503.0,160527.0,160550.0,160579.0,160604.0,160622.0,160653.0,160680.0,160701.0,160739.0,160763.0,160785.0,,,,,,,,,161034.0,161056.0,161080.0,161101.0,161122.0,161139.0,161164.0,161188.0,161226.0,161248.0,161270.0,161291.0,161308.0,161335.0,161354.0,161385.0,161424.0,161440.0,161471.0,161496.0,161530.0,161561.0,161589.0,161608.0,161630.0,161654.0,161676.0,161703.0,161719.0,161747.0,161773.0,161808.0,161844.0,161870.0,161913.0,161937.0,161965.0,161992.0,162024.0,162052.0,162075.0,162101.0,162137.0,162161.0,162190.0,162212.0,162247.0,162272.0,162311.0,162344.0,162367.0,162395.0,162419.0,162439.0,162455.0,162478.0,162500.0,162519.0,162538.0,162566.0,162590.0,162606.0,162636.0,162659.0,162694.0,162722.0,162753.0,162788.0,162809.0,162832.0,162852.0,162866
hdgabpXUC7M,118851.0,118944.0,119058.0,119139.0,119239.0,119308.0,119379.0,119471.0,119562.0,119633.0,119705.0,119767.0,119859.0,119932.0,120059.0,120155.0,120250.0,120352.0,120438.0,120545.0,120618.0,120722.0,120814.0,120887.0,120944.0,121004.0,121097.0,121197.0,121292.0,121383.0,121458.0,121519.0,121604.0,121672.0,121746.0,121830.0,121905.0,121963.0,122020.0,122088.0,122162.0,122237.0,122320.0,122422.0,122508.0,122579.0,122650.0,122734.0,122819.0,122904.0,122989.0,123055.0,123101.0,123166.0,123243.0,123306.0,123386.0,123444.0,123510.0,123577.0,123660.0,123736.0,123826.0,123944.0,124051.0,124121.0,124203.0,124285.0,124364.0,124466.0,124590.0,124660.0,124731.0,124788.0,124869.0,124937.0,125020.0,125087.0,125168.0,125220.0,125279.0,125353.0,125421.0,125510.0,125582.0,125662.0,125742.0,125805.0,125888.0,125965.0,126055.0,126130.0,126227.0,126321.0,126385.0,126453.0,126539.0,126622.0,126701.0,126772.0,126830.0,126884.0,126971.0,127047.0,127127.0,127198.0,127290.0,127372.0,127420.0,127523.0,127599.0,127677.0,127741.0,127811.0,127865.0,127896.0,127945.0,128034.0,128085.0,128155.0,128217.0,128276.0,128332.0,128370.0,128404.0,128470.0,128520.0,128574.0,128625.0,128690.0,128731.0,128785.0,128845.0,128907.0,,,,,,,,,129499.0,129546.0,129587.0,129646.0,129711.0,129798.0,129858.0,129897.0,129954.0,130029.0,130126.0,130205.0,130317.0,130394.0,130482.0,130535.0,130610.0,130707.0,130789.0,130851.0,130910.0,130973.0,131021.0,131080.0,131131.0,131185.0,131251.0,131307.0,131344.0,131385.0,131424.0,131467.0,131508.0,131545.0,131616.0,131663.0,131704.0,131747.0,131825.0,131940.0,131997.0,132052.0,132096.0,132148.0,132190.0,132242.0,132294.0,132353.0,132406.0,132459.0,132509.0,132555.0,132616.0,132665.0,132727.0,132784.0,132835.0,132872.0,132914.0,132962.0,133003.0,133064.0,133123.0,133187.0,133233.0,133277.0,133336.0,133395.0,133426.0,133494.0,133530.0,133565
PfPXuUocXCM,30619.0,30630.0,30634.0,30636.0,30641.0,30644.0,30647.0,30651.0,30655.0,30661.0,30668.0,30672.0,30674.0,30679.0,30681.0,30684.0,30690.0,30695.0,30698.0,30699.0,30701.0,30703.0,30707.0,30710.0,30713.0,30719.0,30724.0,30730.0,30732.0,30736.0,30740.0,30745.0,30749.0,30757.0,30761.0,30762.0,30764.0,30769.0,30775.0,30783.0,30787.0,30795.0,30802.0,30810.0,30820.0,30823.0,30826.0,30829.0,30834.0,30838.0,30847.0,30855.0,30858.0,30864.0,30869.0,30881.0,30884.0,30887.0,30891.0,30895.0,30898.0,30902.0,30907.0,30910.0,30912.0,30918.0,30924.0,30929.0,30933.0,30939.0,30942.0,30944.0,30947.0,30952.0,30961.0,30964.0,30968.0,30971.0,30972.0,30976.0,30981.0,30988.0,30992.0,30998.0,31010.0,31010.0,31015.0,31023.0,31030.0,31031.0,31033.0,31035.0,31039.0,31044.0,31052.0,31054.0,31057.0,31060.0,31063.0,31070.0,31076.0,31079.0,31083.0,31088.0,31093.0,31093.0,31096.0,31103.0,31107.0,31111.0,31115.0,31122.0,31127.0,31134.0,31143.0,31150.0,31158.0,31162.0,31166.0,31172.0,31182.0,31185.0,31190.0,31192.0,31197.0,31202.0,31210.0,31214.0,31228.0,31238.0,31248.0,31249.0,31254.0,31259.0,,,,,,,,,31315.0,31321.0,31327.0,31332.0,31336.0,31344.0,31353.0,31361.0,31369.0,31377.0,31381.0,31394.0,31404.0,31413.0,31419.0,31432.0,31439.0,31452.0,31460.0,31471.0,31480.0,31483.0,31492.0,31501.0,31503.0,31507.0,31512.0,31516.0,31516.0,31521.0,31527.0,31531.0,31536.0,31540.0,31544.0,31549.0,31553.0,31555.0,31560.0,31565.0,31570.0,31573.0,31575.0,31580.0,31582.0,31584.0,31587.0,31590.0,31595.0,31603.0,31606.0,31611.0,31615.0,31619.0,31623.0,31624.0,31625.0,31629.0,31635.0,31641.0,31644.0,31649.0,31654.0,31657.0,31661.0,31667.0,31672.0,31680.0,31681.0,31719.0,31749.0,31770
tXwRMIRYDzw,50630.0,50637.0,50644.0,50650.0,50657.0,50670.0,50677.0,50689.0,50697.0,50705.0,50715.0,50729.0,50739.0,50743.0,50746.0,50751.0,50752.0,50755.0,50763.0,50766.0,50777.0,50784.0,50791.0,50799.0,50803.0,50812.0,50821.0,50836.0,50842.0,50855.0,50862.0,50866.0,50877.0,50885.0,50894.0,50905.0,50910.0,50926.0,50935.0,50947.0,50957.0,50964.0,50967.0,50975.0,50978.0,50985.0,50993.0,50996.0,51001.0,51009.0,51014.0,51018.0,51024.0,51030.0,51035.0,51040.0,51050.0,51055.0,51058.0,51070.0,51080.0,51086.0,51093.0,51100.0,51107.0,51108.0,51114.0,51119.0,51124.0,51130.0,51140.0,51147.0,51155.0,51160.0,51164.0,51170.0,51178.0,51183.0,51192.0,51197.0,51203.0,51207.0,51216.0,51223.0,51230.0,51233.0,51236.0,51240.0,51246.0,51251.0,51257.0,51264.0,51279.0,51282.0,51284.0,51289.0,51293.0,51299.0,51302.0,51302.0,51307.0,51310.0,51313.0,51322.0,51327.0,51338.0,51345.0,51351.0,51363.0,51369.0,51371.0,51375.0,51379.0,51383.0,51385.0,51386.0,51387.0,51391.0,51396.0,51400.0,51405.0,51407.0,51411.0,51417.0,51419.0,51424.0,51431.0,51435.0,51441.0,51450.0,51452.0,51455.0,51459.0,51462.0,,,,,,,,,51499.0,51501.0,51504.0,51508.0,51513.0,51517.0,51523.0,51527.0,51531.0,51534.0,51535.0,51540.0,51543.0,51546.0,51551.0,51553.0,51559.0,51561.0,51562.0,51564.0,51565.0,51568.0,51570.0,51572.0,51574.0,51576.0,51581.0,51585.0,51587.0,51594.0,51601.0,51607.0,51607.0,51611.0,51618.0,51623.0,51624.0,51633.0,51638.0,51642.0,51648.0,51653.0,51663.0,51668.0,51670.0,51674.0,51685.0,51690.0,51691.0,51692.0,51696.0,51698.0,51701.0,51701.0,51703.0,51706.0,51712.0,51714.0,51720.0,51722.0,51725.0,51727.0,51729.0,51732.0,51737.0,51741.0,51744.0,51750.0,51756.0,51759.0,51764.0,51764
wsen_htBn7M,1155438.0,1155531.0,1155613.0,1155691.0,1155779.0,1155852.0,1155941.0,1156015.0,1156081.0,1156168.0,1156246.0,1156315.0,1156406.0,1156488.0,1156571.0,1156648.0,1156710.0,1156814.0,1156893.0,1156979.0,1157078.0,1157171.0,1157247.0,1157326.0,1157398.0,1157508.0,1157590.0,1157672.0,1157742.0,1157816.0,1157899.0,1158018.0,1158112.0,1158214.0,1158293.0,1158370.0,1158449.0,1158538.0,1158628.0,1158708.0,1158796.0,1158870.0,1158962.0,1159035.0,1159118.0,1159174.0,1159278.0,1159370.0,1159437.0,1159510.0,1159587.0,1159663.0,1159727.0,1159791.0,1159872.0,1159951.0,1160008.0,1160088.0,1160163.0,1160234.0,1160309.0,1160378.0,1160453.0,1160535.0,1160608.0,1160682.0,1160757.0,1160833.0,1160909.0,1160975.0,1161069.0,1161172.0,1161247.0,1161309.0,1161392.0,1161449.0,1161514.0,1161611.0,1161672.0,1161761.0,1161824.0,1161891.0,1161968.0,1162032.0,1162115.0,1162178.0,1162236.0,1162298.0,1162371.0,1162447.0,1162519.0,1162583.0,1162643.0,1162695.0,1162765.0,1162841.0,1162907.0,1162961.0,1163022.0,1163064.0,1163114.0,1163185.0,1163246.0,1163317.0,1163381.0,1163448.0,1163515.0,1163580.0,1163666.0,1163718.0,1163767.0,1163829.0,1163879.0,1163938.0,1163997.0,1164052.0,1164108.0,1164172.0,1164235.0,1164300.0,1164357.0,1164402.0,1164445.0,1164505.0,1164556.0,1164601.0,1164648.0,1164697.0,1164752.0,1164806.0,1164859.0,1164917.0,1164973.0,1165028.0,,,,,,,,,1165541.0,1165607.0,1165678.0,1165737.0,1165797.0,1165842.0,1165901.0,1165939.0,1166004.0,1166067.0,1166128.0,1166188.0,1166248.0,1166304.0,1166353.0,1166410.0,1166459.0,1166507.0,1166575.0,1166615.0,1166664.0,1166701.0,1166744.0,1166805.0,1166865.0,1166916.0,1166962.0,1167015.0,1167067.0,1167107.0,1167160.0,1167210.0,1167252.0,1167317.0,1167364.0,1167441.0,1167498.0,1167558.0,1167611.0,1167672.0,1167737.0,1167790.0,1167849.0,1167895.0,1167973.0,1168033.0,1168096.0,1168152.0,1168221.0,1168257.0,1168317.0,1168357.0,1168409.0,1168448.0,1168496.0,1168559.0,1168620.0,1168644.0,1168687.0,1168719.0,1168763.0,1168804.0,1168842.0,1168885.0,1168932.0,1168973.0,1169053.0,1169111.0,1169156.0,1169202.0,1169247.0,1169280
ukq4GXN1xEE,7440.0,7440.0,7442.0,7447.0,7448.0,7448.0,7449.0,7450.0,7453.0,7453.0,7453.0,7454.0,7454.0,7456.0,7459.0,7460.0,7462.0,7462.0,7464.0,7465.0,7465.0,7466.0,7467.0,7470.0,7471.0,7471.0,7472.0,7475.0,7476.0,7476.0,7480.0,7481.0,7482.0,7483.0,7483.0,7485.0,7487.0,7487.0,7489.0,7489.0,7491.0,7491.0,7493.0,7493.0,7493.0,7494.0,7494.0,7494.0,7496.0,7496.0,7497.0,7498.0,7499.0,7500.0,7500.0,7500.0,7500.0,7500.0,7501.0,7502.0,7502.0,7503.0,7506.0,7506.0,7506.0,7507.0,7508.0,7509.0,7513.0,7514.0,7517.0,7517.0,7518.0,7521.0,7523.0,7524.0,7524.0,7524.0,7524.0,7525.0,7525.0,7527.0,7528.0,7529.0,7531.0,7533.0,7533.0,7533.0,7534.0,7534.0,7534.0,7536.0,7537.0,7539.0,7540.0,7541.0,7541.0,7542.0,7542.0,7543.0,7544.0,7544.0,7545.0,7546.0,7547.0,7547.0,7547.0,7550.0,7553.0,7556.0,7556.0,7556.0,7559.0,7561.0,7563.0,7565.0,7567.0,7568.0,7569.0,7569.0,7571.0,7572.0,7574.0,7578.0,7580.0,7582.0,7582.0,7584.0,7585.0,7587.0,7588.0,7590.0,7590.0,7590.0,,,,,,,,,7596.0,7599.0,7599.0,7605.0,7607.0,7608.0,7608.0,7609.0,7610.0,7610.0,7610.0,7613.0,7614.0,7615.0,7620.0,7624.0,7627.0,7630.0,7634.0,7636.0,7642.0,7644.0,7644.0,7647.0,7649.0,7650.0,7654.0,7654.0,7655.0,7659.0,7662.0,7664.0,7669.0,7671.0,7673.0,7674.0,7674.0,7680.0,7685.0,7689.0,7693.0,7695.0,7696.0,7700.0,7702.0,7703.0,7706.0,7707.0,7710.0,7711.0,7711.0,7714.0,7714.0,7716.0,7716.0,7716.0,7718.0,7721.0,7723.0,7725.0,7727.0,7729.0,7732.0,7735.0,7737.0,7742.0,7747.0,7751.0,7753.0,7755.0,7759.0,7761
2M24-A5E_FI,53079.0,53088.0,53096.0,53098.0,53102.0,53113.0,53125.0,53137.0,53153.0,53168.0,53183.0,53192.0,53204.0,53213.0,53221.0,53224.0,53227.0,53232.0,53238.0,53250.0,53253.0,53262.0,53278.0,53292.0,53298.0,53314.0,53324.0,53336.0,53349.0,53364.0,53370.0,53376.0,53384.0,53394.0,53404.0,53411.0,53420.0,53433.0,53446.0,53450.0,53461.0,53466.0,53474.0,53493.0,53511.0,53515.0,53529.0,53535.0,53547.0,53553.0,53559.0,53567.0,53575.0,53589.0,53600.0,53608.0,53616.0,53621.0,53625.0,53635.0,53641.0,53649.0,53657.0,53661.0,53668.0,53677.0,53684.0,53691.0,53697.0,53705.0,53716.0,53730.0,53743.0,53756.0,53763.0,53770.0,53778.0,53783.0,53792.0,53802.0,53811.0,53817.0,53823.0,53829.0,53833.0,53846.0,53857.0,53861.0,53867.0,53871.0,53878.0,53883.0,53890.0,53897.0,53906.0,53916.0,53924.0,53936.0,53946.0,53954.0,53962.0,53969.0,53981.0,53985.0,53989.0,53995.0,54001.0,54012.0,54024.0,54031.0,54039.0,54043.0,54052.0,54057.0,54060.0,54066.0,54069.0,54079.0,54090.0,54101.0,54108.0,54111.0,54112.0,54112.0,54116.0,54119.0,54122.0,54128.0,54139.0,54140.0,54144.0,54151.0,54158.0,54164.0,,,,,,,,,54215.0,54218.0,54221.0,54227.0,54233.0,54243.0,54251.0,54255.0,54260.0,54261.0,54267.0,54275.0,54281.0,54284.0,54288.0,54290.0,54298.0,54302.0,54303.0,54308.0,54311.0,54313.0,54319.0,54321.0,54326.0,54328.0,54339.0,54346.0,54347.0,54349.0,54354.0,54355.0,54366.0,54368.0,54372.0,54376.0,54380.0,54391.0,54394.0,54403.0,54407.0,54409.0,54412.0,54417.0,54421.0,54428.0,54432.0,54435.0,54441.0,54450.0,54453.0,54459.0,54468.0,54475.0,54477.0,54486.0,54496.0,54504.0,54504.0,54509.0,54514.0,54517.0,54523.0,54529.0,54531.0,54533.0,54541.0,54545.0,54548.0,54553.0,54556.0,54558
o1l3B-MFD6I,3753032.0,3753250.0,3753525.0,3753776.0,3754104.0,3754357.0,3754682.0,3755035.0,3755322.0,3755581.0,3755905.0,3756185.0,3756558.0,3756928.0,3757327.0,3757689.0,3758035.0,3758347.0,3758633.0,3759013.0,3759382.0,3759767.0,3760174.0,3760542.0,3760849.0,3761186.0,3761550.0,3761850.0,3762200.0,3762550.0,3762891.0,3763257.0,3763578.0,3763933.0,3764317.0,3764692.0,3765098.0,3765509.0,3765848.0,3766160.0,3766517.0,3766856.0,3767153.0,3767528.0,3767888.0,3768219.0,3768528.0,3768892.0,3769191.0,3769431.0,3769710.0,3770027.0,3770295.0,3770575.0,3770868.0,3771152.0,3771425.0,3771763.0,3772067.0,3772365.0,3772658.0,3772991.0,3773290.0,3773550.0,3773823.0,3774141.0,3774447.0,3774786.0,3775042.0,3775363.0,3775681.0,3776011.0,3776345.0,3776624.0,3776936.0,3777208.0,3777525.0,3777802.0,3778150.0,3778530.0,3778853.0,3779178.0,3779460.0,3779763.0,3780049.0,3780363.0,3780679.0,3780983.0,3781283.0,3781591.0,3781863.0,3782212.0,3782498.0,3782804.0,3783088.0,3783305.0,3783503.0,3783751.0,3783986.0,3784213.0,3784524.0,3784809.0,3785085.0,3785372.0,3785616.0,3785862.0,3786075.0,3786302.0,3786514.0,3786727.0,3786952.0,3787236.0,3787480.0,3787719.0,3787953.0,3788201.0,3788401.0,3788620.0,3788802.0,3789044.0,3789237.0,3789499.0,3789757.0,3789983.0,3790222.0,3790458.0,3790708.0,3790972.0,3791240.0,3791468.0,3791682.0,3791937.0,3792154.0,3792374.0,,,,,,,,,3794615.0,3794887.0,3795060.0,3795334.0,3795552.0,3795799.0,3796050.0,3796274.0,3796512.0,3796746.0,3796966.0,3797209.0,3797429.0,3797661.0,3797915.0,3798161.0,3798374.0,3798573.0,3798830.0,3799025.0,3799259.0,3799460.0,3799710.0,3799927.0,3800131.0,3800359.0,3800596.0,3800822.0,3801034.0,3801248.0,3801455.0,3801609.0,3801808.0,3802026.0,3802229.0,3802450.0,3802666.0,3802872.0,3803091.0,3803283.0,3803565.0,3803809.0,3804043.0,3804299.0,3804553.0,3804776.0,3805005.0,3805270.0,3805523.0,3805782.0,3805988.0,3806230.0,3806441.0,3806711.0,3807013.0,3807475.0,3807898.0,3808403.0,3808945.0,3809483.0,3810007.0,3810398.0,3810787.0,3811195.0,3811576.0,3811949.0,3812401.0,3812824.0,3813219.0,3813566.0,3813900.0,3814333
JEXsNICXdrc,11179783.0,11180217.0,11180769.0,11181273.0,11181712.0,11182188.0,11182631.0,11183116.0,11183610.0,11184086.0,11184538.0,11184977.0,11185432.0,11185957.0,11186543.0,11186965.0,11187550.0,11188042.0,11188513.0,11189044.0,11189507.0,11190150.0,11190680.0,11191252.0,11191734.0,11192208.0,11192741.0,11193202.0,11193719.0,11194224.0,11194817.0,11195289.0,11195762.0,11196314.0,11196768.0,11197297.0,11197834.0,11198346.0,11199003.0,11199533.0,11200028.0,11200503.0,11201028.0,11201617.0,11202230.0,11202795.0,11203332.0,11203848.0,11204276.0,11204742.0,11205179.0,11205721.0,11206155.0,11206640.0,11207080.0,11207579.0,11208002.0,11208484.0,11208971.0,11209420.0,11209885.0,11210379.0,11210891.0,11211408.0,11211909.0,11212308.0,11212797.0,11213290.0,11213672.0,11214242.0,11214716.0,11215226.0,11215612.0,11216056.0,11216542.0,11216960.0,11217393.0,11217776.0,11218270.0,11218706.0,11219108.0,11219518.0,11219922.0,11220359.0,11220778.0,11221206.0,11221654.0,11222042.0,11222416.0,11222842.0,11223207.0,11223677.0,11224138.0,11224537.0,11225010.0,11225453.0,11225758.0,11226170.0,11226484.0,11226926.0,11227370.0,11227860.0,11228234.0,11228596.0,11228894.0,11229333.0,11229710.0,11230174.0,11230623.0,11231007.0,11231366.0,11231822.0,11232206.0,11232658.0,11233132.0,11233551.0,11233988.0,11234387.0,11234805.0,11235207.0,11235610.0,11236042.0,11236459.0,11236813.0,11237163.0,11237523.0,11237917.0,11238295.0,11238670.0,11239071.0,11239427.0,11239781.0,11240166.0,11240489.0,,,,,,,,,11244122.0,11244550.0,11244921.0,11245293.0,11245667.0,11246005.0,11246350.0,11246660.0,11247053.0,11247435.0,11247776.0,11248162.0,11248549.0,11248957.0,11249364.0,11249776.0,11250172.0,11250561.0,11250910.0,11251291.0,11251653.0,11251856.0,11252359.0,11252687.0,11253000.0,11253370.0,11253720.0,11254063.0,11254446.0,11254787.0,11255152.0,11255482.0,11255952.0,11256292.0,11256563.0,11256931.0,11257242.0,11257581.0,11257894.0,11258265.0,11258590.0,11258956.0,11259339.0,11259733.0,11260033.0,11260410.0,11260760.0,11261106.0,11261475.0,11261950.0,11262330.0,11262700.0,11263037.0,11263387.0,11263814.0,11264701.0,11265500.0,11266348.0,11267137.0,11267990.0,11268646.0,11269295.0,11269968.0,11270584.0,11271256.0,11271871.0,11272492.0,11273046.0,11273516.0,11273949.0,11274403.0,11274964
aD_fzygjyVg,,,,,,,,,,,,,,,,,,,,,,,,,,,,,,,,,,,,,,,,,,,,,,,,,,,,,,,,,,,,,,,,,,,,,,,,,,,,,,,,,,,,,,,,,,,,,,,,,,,,,,,,,,,,,,,,,,,,,,,,,,,,,,,,,,,,,,,,,,,,,,,,,,,,,,,,,,,,,,,,,,,,,,,,,,,,,,,,,,,,,,,,,,,,,,,,,,,,,,,,,,,,,,,,,,,,,,
Q964kX_QDAg,,,,,,,,,,,,,,,,,,,,,,,,,,,,,,,,,,,,,,,,,,,,,,,,,,,,,,,,,,,,,,,,,,,,,,,,,,,,,,,,,,,,,,,,,,,,,,,,,,,,,,,,,,,,,,,,,,,,,,,,,,,,,,,,,,,,,,,,,,,,,,,,,,,,,,,,,,,,,,,,,,,,,,,,,,,,,,,,,,,,,,,,,,,,,,,,,,,,,,,,,,,,,,,,,,,,,,
GTXigY0K0Ig,138670.0,138690.0,138715.0,138736.0,138748.0,138772.0,138794.0,138814.0,138841.0,138855.0,138871.0,138881.0,138904.0,138926.0,138936.0,138950.0,138962.0,138983.0,139001.0,139027.0,139044.0,139061.0,139077.0,139100.0,139124.0,139137.0,139147.0,139166.0,139186.0,139218.0,139241.0,139264.0,139292.0,139325.0,139353.0,139387.0,139416.0,139454.0,139492.0,139501.0,139540.0,139559.0,139581.0,139605.0,139630.0,139651.0,139675.0,139696.0,139730.0,139758.0,139787.0,139804.0,139826.0,139856.0,139870.0,139895.0,139917.0,139942.0,139957.0,139974.0,139999.0,140021.0,140050.0,140076.0,140099.0,140124.0,140153.0,140172.0,140195.0,140225.0,140259.0,140286.0,140307.0,140332.0,140352.0,140373.0,140397.0,140427.0,140449.0,140463.0,140491.0,140517.0,140542.0,140561.0,140587.0,140611.0,140635.0,140659.0,140682.0,140707.0,140724.0,140744.0,140770.0,140811.0,140865.0,140905.0,140936.0,140958.0,140983.0,141017.0,141040.0,141075.0,141105.0,141140.0,141169.0,141215.0,141251.0,141282.0,141317.0,141343.0,141379.0,141424.0,141490.0,141533.0,141578.0,141618.0,141659.0,141704.0,141745.0,141784.0,141851.0,141888.0,141914.0,141940.0,141961.0,141989.0,142022.0,142070.0,142105.0,142147.0,142187.0,142228.0,142281.0,142321.0,,,,,,,,,142627.0,142652.0,142682.0,142726.0,142773.0,142818.0,142862.0,142898.0,142929.0,142976.0,143014.0,143053.0,143097.0,143138.0,143165.0,143200.0,143250.0,143279.0,143311.0,143341.0,143374.0,143409.0,143443.0,143468.0,143510.0,143530.0,143553.0,143589.0,143616.0,143641.0,143672.0,143699.0,143720.0,143755.0,143777.0,143805.0,143832.0,143861.0,143890.0,143923.0,143951.0,143973.0,144002.0,144018.0,144051.0,144076.0,144110.0,144139.0,144168.0,144191.0,144210.0,144235.0,144250.0,144266.0,144288.0,144313.0,144340.0,144362.0,144390.0,144414.0,144443.0,144472.0,144493.0,144522.0,144532.0,144555.0,144587.0,144608.0,144625.0,144651.0,144664.0,144678
msozp7OH9-4,1587.0,1587.0,1587.0,1588.0,1591.0,1595.0,1595.0,1596.0,1596.0,1596.0,1598.0,1599.0,1601.0,1601.0,1603.0,1605.0,1605.0,1606.0,1606.0,1606.0,1606.0,1606.0,1606.0,1606.0,1606.0,1606.0,1608.0,1608.0,1611.0,1613.0,1614.0,1614.0,1616.0,1618.0,1618.0,1620.0,1622.0,1623.0,1623.0,1624.0,1624.0,1626.0,1626.0,1629.0,1632.0,1638.0,1641.0,1642.0,1645.0,1644.0,1644.0,1644.0,1644.0,1646.0,1647.0,1648.0,1648.0,1649.0,1649.0,1650.0,1650.0,1657.0,1657.0,1657.0,1657.0,1657.0,1658.0,1658.0,1658.0,1658.0,1658.0,1659.0,1660.0,1660.0,1661.0,1661.0,1661.0,1661.0,1662.0,1663.0,1663.0,1663.0,1664.0,1664.0,1665.0,1665.0,1665.0,1667.0,1668.0,1668.0,1668.0,1668.0,1669.0,1673.0,1673.0,1673.0,1673.0,1674.0,1675.0,1677.0,1678.0,1678.0,1678.0,1679.0,1680.0,1680.0,1680.0,1681.0,1682.0,1685.0,1687.0,1688.0,1689.0,1692.0,1692.0,1692.0,1692.0,1692.0,1692.0,1694.0,1694.0,1694.0,1694.0,1694.0,1694.0,1694.0,1694.0,1694.0,1694.0,1696.0,1696.0,1697.0,1698.0,1698.0,,,,,,,,,1704.0,1704.0,1706.0,1708.0,1709.0,1709.0,1710.0,1710.0,1710.0,1712.0,1712.0,1713.0,1713.0,1714.0,1714.0,1714.0,1714.0,1714.0,1714.0,1714.0,1714.0,1714.0,1714.0,1714.0,1715.0,1715.0,1715.0,1717.0,1717.0,1717.0,1718.0,1722.0,1723.0,1723.0,1723.0,1723.0,1723.0,1724.0,1724.0,1724.0,1724.0,1724.0,1724.0,1724.0,1724.0,1724.0,1724.0,1724.0,1724.0,1724.0,1724.0,1724.0,1724.0,1724.0,1724.0,1725.0,1725.0,1726.0,1729.0,1730.0,1730.0,1734.0,1734.0,1734.0,1736.0,1744.0,1765.0,1768.0,1771.0,1772.0,1773.0,1774
dkly3Gb-YEE,18265116.0,18284860.0,18305467.0,18326960.0,18353029.0,18376957.0,18398446.0,18421272.0,18444213.0,18466140.0,18482054.0,18502730.0,18523878.0,18542439.0,18561753.0,18581862.0,18599726.0,18617667.0,18638410.0,18656596.0,18674758.0,18693072.0,18712424.0,18728099.0,18741628.0,18757778.0,18775443.0,18788260.0,18799522.0,18810621.0,18824967.0,18834283.0,18845300.0,18857067.0,18868701.0,18880603.0,18893264.0,18904526.0,18914162.0,18929876.0,18946698.0,18961725.0,18975392.0,18990574.0,19006684.0,19020832.0,19036720.0,19053611.0,19068725.0,19083827.0,19099712.0,19112727.0,19123596.0,19138553.0,19156211.0,19168377.0,19181401.0,19197112.0,19213278.0,19224917.0,19234732.0,19245510.0,19256373.0,19270584.0,19283966.0,19295075.0,19305319.0,19316846.0,19326696.0,19338474.0,19349512.0,19358987.0,19368699.0,19378603.0,19389056.0,19398898.0,19408220.0,19417934.0,19428034.0,19437808.0,19447113.0,19458907.0,19469963.0,19481932.0,19493239.0,19505438.0,19516786.0,19525715.0,19536941.0,19547917.0,19560109.0,19571573.0,19583181.0,19593782.0,19603798.0,19614801.0,19626248.0,19637691.0,19649003.0,19659819.0,19669636.0,19678700.0,19688424.0,19698043.0,19707453.0,19718015.0,19728383.0,19739568.0,19750105.0,19760600.0,19770951.0,19780759.0,19790498.0,19801366.0,19810684.0,19818686.0,19828192.0,19838057.0,19848115.0,19858178.0,19867011.0,19875775.0,19884471.0,19893663.0,19902619.0,19911980.0,19920815.0,19930364.0,19940091.0,19949054.0,19959863.0,19970747.0,19981353.0,19991747.0,,,,,,,,,20091215.0,20101798.0,20113641.0,20123155.0,20132943.0,20143559.0,20153107.0,20162745.0,20172230.0,20182982.0,20193937.0,20204807.0,20216151.0,20227213.0,20237371.0,20247219.0,20259180.0,20270947.0,20281936.0,20291494.0,20301401.0,20311807.0,20319792.0,20328483.0,20336840.0,20345103.0,20353953.0,20362634.0,20371690.0,20379393.0,20388699.0,20398083.0,20406974.0,20415335.0,20424919.0,20433617.0,20441510.0,20449817.0,20458260.0,20465807.0,20473515.0,20481203.0,20488663.0,20495122.0,20502984.0,20510216.0,20517942.0,20525945.0,20534158.0,20541586.0,20548712.0,20556983.0,20565199.0,20572728.0,20580100.0,20587867.0,20595123.0,20601676.0,20609464.0,20617257.0,20624746.0,20630359.0,20636930.0,20643445.0,20649476.0,20656901.0,20664497.0,20672197.0,20678765.0,20686274.0,20693535.0,20700180
VQZXXciZb_c,7743200.0,7749761.0,7757364.0,7764421.0,7771501.0,7778811.0,7785781.0,7791902.0,7799547.0,7806383.0,7812873.0,7818192.0,7824044.0,7830702.0,7837137.0,7843686.0,7850566.0,7856991.0,7863628.0,7869473.0,7875515.0,7882626.0,7890093.0,7897432.0,7904668.0,7912379.0,7919637.0,7927215.0,7933937.0,7940256.0,7946498.0,7951896.0,7957898.0,7963875.0,7969739.0,7975284.0,7981124.0,7987154.0,7992790.0,7998603.0,8004012.0,8009048.0,8013663.0,8018818.0,8023978.0,8028938.0,8033358.0,8038090.0,8042474.0,8047124.0,8051319.0,8056237.0,8060619.0,8064840.0,8069496.0,8073857.0,8077849.0,8082550.0,8087293.0,8092069.0,8096207.0,8101002.0,8105460.0,8110070.0,8114753.0,8119062.0,8123024.0,8127496.0,8131288.0,8136826.0,8142181.0,8147509.0,8152691.0,8157629.0,8162793.0,8167669.0,8172174.0,8177163.0,8181770.0,8186557.0,8191770.0,8196994.0,8202338.0,8207395.0,8212288.0,8217210.0,8222373.0,8227318.0,8232075.0,8236693.0,8241436.0,8245910.0,8251306.0,8257485.0,8262519.0,8267174.0,8271332.0,8275319.0,8279610.0,8284545.0,8289438.0,8294447.0,8299330.0,8303772.0,8308084.0,8312517.0,8317061.0,8321550.0,8326070.0,8330923.0,8335893.0,8340618.0,8344644.0,8348971.0,8353455.0,8357575.0,8361867.0,8366404.0,8370648.0,8374676.0,8378113.0,8381172.0,8384092.0,8386958.0,8390011.0,8393062.0,8396006.0,8398841.0,8401605.0,8404402.0,8407130.0,8409894.0,8412776.0,8415676.0,,,,,,,,,8446542.0,8450135.0,8453492.0,8456514.0,8459589.0,8462705.0,8465608.0,8469082.0,8472852.0,8476142.0,8479733.0,8483942.0,8487761.0,8492644.0,8497134.0,8501579.0,8506406.0,8512137.0,8517341.0,8521296.0,8525015.0,8528932.0,8532359.0,8535704.0,8538994.0,8542136.0,8545556.0,8549247.0,8552930.0,8556370.0,8559585.0,8562675.0,8565733.0,8568797.0,8572012.0,8575422.0,8578763.0,8581865.0,8585102.0,8588138.0,8590902.0,8593807.0,8596856.0,8599373.0,8601992.0,8604620.0,8607452.0,8610140.0,8612664.0,8615507.0,8618051.0,8620749.0,8623709.0,8626723.0,8629641.0,8632478.0,8635235.0,8637903.0,8640639.0,8643505.0,8646387.0,8648695.0,8651354.0,8653781.0,8656530.0,8659643.0,8662174.0,8664834.0,8667111.0,8669379.0,8671932.0,8674279
2W9TkJfCvzs,285605.0,285681.0,285769.0,285837.0,285917.0,285982.0,286033.0,286092.0,286174.0,286257.0,286323.0,286403.0,286459.0,286521.0,286584.0,286641.0,286703.0,286766.0,286834.0,286896.0,286954.0,287003.0,287055.0,287104.0,287159.0,287223.0,287282.0,287318.0,287353.0,287403.0,287461.0,287525.0,287582.0,287632.0,287698.0,287737.0,287794.0,287838.0,287881.0,287918.0,287963.0,288006.0,288056.0,288115.0,288172.0,288225.0,288267.0,288302.0,288360.0,288402.0,288451.0,288504.0,288556.0,288609.0,288655.0,288700.0,288748.0,288796.0,288853.0,288937.0,289016.0,289078.0,289126.0,289183.0,289246.0,289316.0,289366.0,289446.0,289508.0,289573.0,289613.0,289674.0,289737.0,289795.0,289866.0,289915.0,289977.0,290030.0,290090.0,290128.0,290183.0,290232.0,290291.0,290336.0,290401.0,290459.0,290510.0,290544.0,290591.0,290623.0,290674.0,290727.0,290763.0,290816.0,290892.0,290942.0,290994.0,291065.0,291118.0,291177.0,291243.0,291304.0,291363.0,291419.0,291470.0,291541.0,291600.0,291647.0,291728.0,291782.0,291833.0,291876.0,291920.0,291969.0,292007.0,292058.0,292095.0,292125.0,292161.0,292196.0,292247.0,292276.0,292327.0,292352.0,292389.0,292417.0,292435.0,292464.0,292495.0,292518.0,292546.0,292572.0,292609.0,292633.0,,,,,,,,,292883.0,292911.0,292933.0,292962.0,292992.0,293017.0,293046.0,293069.0,293097.0,293121.0,293146.0,293172.0,293198.0,293227.0,293254.0,293261.0,293288.0,293307.0,293328.0,293342.0,293365.0,293382.0,293404.0,293414.0,293437.0,293450.0,293463.0,293477.0,293494.0,293509.0,293529.0,293550.0,293566.0,293587.0,293603.0,293617.0,293626.0,293641.0,293658.0,293672.0,293698.0,293711.0,293732.0,293754.0,293771.0,293785.0,293802.0,293823.0,293845.0,293864.0,293886.0,293899.0,293914.0,293932.0,293946.0,293960.0,293969.0,293992.0,293999.0,294009.0,294028.0,294050.0,294065.0,294078.0,294093.0,294107.0,294122.0,294141.0,294149.0,294166.0,294185.0,294199
d_9z4pJmBJ0,575403.0,575439.0,575464.0,575493.0,575511.0,575533.0,575564.0,575598.0,575616.0,575646.0,575677.0,575702.0,575721.0,575758.0,575787.0,575815.0,575838.0,575871.0,575894.0,575918.0,575937.0,575969.0,575995.0,576029.0,576056.0,576078.0,576104.0,576132.0,576165.0,576186.0,576219.0,576239.0,576270.0,576286.0,576307.0,576329.0,576354.0,576372.0,576404.0,576435.0,576457.0,576480.0,576522.0,576553.0,576602.0,576622.0,576648.0,576677.0,576704.0,576727.0,576756.0,576782.0,576816.0,576845.0,576888.0,576914.0,576947.0,576979.0,576999.0,577015.0,577045.0,577070.0,577108.0,577142.0,577194.0,577218.0,577243.0,577280.0,577314.0,577368.0,577412.0,577433.0,577468.0,577498.0,577530.0,577572.0,577610.0,577662.0,577711.0,577742.0,577784.0,577814.0,577860.0,577897.0,577935.0,577961.0,577981.0,578011.0,578040.0,578059.0,578092.0,578122.0,578148.0,578174.0,578205.0,578234.0,578278.0,578309.0,578336.0,578361.0,578386.0,578412.0,578435.0,578466.0,578501.0,578544.0,578577.0,578603.0,578635.0,578675.0,578707.0,578731.0,578774.0,578815.0,578844.0,578885.0,578912.0,578945.0,578968.0,579004.0,579036.0,579072.0,579109.0,579128.0,579154.0,579178.0,579210.0,579240.0,579270.0,579296.0,579322.0,579349.0,579370.0,579408.0,,,,,,,,,579690.0,579726.0,579757.0,579793.0,579822.0,579864.0,579910.0,579942.0,579972.0,580006.0,580030.0,580063.0,580109.0,580146.0,580187.0,580218.0,580247.0,580280.0,580312.0,580343.0,580369.0,580387.0,580410.0,580437.0,580458.0,580483.0,580511.0,580535.0,580558.0,580577.0,580598.0,580618.0,580652.0,580674.0,580710.0,580752.0,580775.0,580796.0,580823.0,580846.0,580881.0,580911.0,580933.0,580958.0,580986.0,581014.0,581038.0,581068.0,581095.0,581118.0,581156.0,581182.0,581215.0,581240.0,581269.0,581297.0,581332.0,581363.0,581393.0,581425.0,581452.0,581481.0,581502.0,581528.0,581553.0,581588.0,581614.0,581644.0,581663.0,581688.0,581722.0,581749
oS91FQVWASk,131696.0,131701.0,131706.0,131714.0,131718.0,131723.0,131727.0,131736.0,131741.0,131748.0,131757.0,131765.0,131771.0,131780.0,131784.0,131791.0,131793.0,131799.0,131804.0,131807.0,131813.0,131819.0,131823.0,131828.0,131838.0,131840.0,131843.0,131850.0,131860.0,131871.0,131883.0,131886.0,131891.0,131895.0,131897.0,131903.0,131910.0,131910.0,131916.0,131921.0,131928.0,131935.0,131943.0,131950.0,131959.0,131959.0,131968.0,131972.0,131974.0,131986.0,131993.0,131998.0,132000.0,132008.0,132013.0,132017.0,132024.0,132032.0,132037.0,132044.0,132048.0,132057.0,132065.0,132071.0,132081.0,132083.0,132086.0,132090.0,132096.0,132103.0,132104.0,132111.0,132118.0,132118.0,132123.0,132131.0,132133.0,132135.0,132138.0,132145.0,132149.0,132153.0,132158.0,132161.0,132164.0,132167.0,132171.0,132176.0,132179.0,132181.0,132182.0,132192.0,132195.0,132200.0,132201.0,132201.0,132206.0,132214.0,132219.0,132222.0,132230.0,132236.0,132238.0,132241.0,132245.0,132249.0,132251.0,132255.0,132259.0,132264.0,132267.0,132268.0,132269.0,132273.0,132277.0,132280.0,132281.0,132287.0,132289.0,132292.0,132296.0,132299.0,132301.0,132304.0,132304.0,132307.0,132311.0,132312.0,132319.0,132320.0,132323.0,132327.0,132331.0,132334.0,,,,,,,,,132364.0,132366.0,132368.0,132370.0,132372.0,132378.0,132379.0,132383.0,132384.0,132384.0,132385.0,132388.0,132389.0,132393.0,132393.0,132398.0,132401.0,132404.0,132407.0,132414.0,132418.0,132419.0,132420.0,132422.0,132428.0,132429.0,132434.0,132438.0,132443.0,132444.0,132447.0,132450.0,132457.0,132458.0,132462.0,132467.0,132469.0,132471.0,132475.0,132476.0,132482.0,132487.0,132494.0,132496.0,132499.0,132502.0,132507.0,132508.0,132510.0,132517.0,132523.0,132524.0,132526.0,132534.0,132537.0,132543.0,132552.0,132555.0,132559.0,132561.0,132567.0,132572.0,132578.0,132582.0,132585.0,132591.0,132598.0,132603.0,132605.0,132605.0,132608.0,132612
xywwJPbcb40,111182.0,111186.0,111192.0,111197.0,111202.0,111209.0,111218.0,111223.0,111233.0,111243.0,111248.0,111251.0,111254.0,111257.0,111267.0,111285.0,111304.0,111322.0,111331.0,111343.0,111358.0,111373.0,111384.0,111388.0,111396.0,111399.0,111406.0,111410.0,111415.0,111421.0,111432.0,111438.0,111444.0,111449.0,111456.0,111463.0,111466.0,111474.0,111479.0,111489.0,111499.0,111503.0,111507.0,111512.0,111517.0,111520.0,111528.0,111537.0,111539.0,111544.0,111548.0,111554.0,111555.0,111559.0,111563.0,111569.0,111575.0,111578.0,111587.0,111590.0,111596.0,111598.0,111602.0,111611.0,111618.0,111625.0,111634.0,111639.0,111647.0,111658.0,111665.0,111671.0,111680.0,111683.0,111688.0,111693.0,111698.0,111702.0,111709.0,111715.0,111720.0,111727.0,111730.0,111734.0,111738.0,111746.0,111749.0,111750.0,111752.0,111756.0,111764.0,111768.0,111771.0,111779.0,111781.0,111782.0,111788.0,111790.0,111796.0,111799.0,111803.0,111809.0,111810.0,111813.0,111816.0,111820.0,111825.0,111828.0,111832.0,111838.0,111841.0,111848.0,111851.0,111857.0,111861.0,111867.0,111869.0,111874.0,111875.0,111877.0,111885.0,111886.0,111892.0,111895.0,111901.0,111906.0,111907.0,111909.0,111911.0,111916.0,111919.0,111926.0,111929.0,111936.0,,,,,,,,,111957.0,111959.0,111961.0,111964.0,111970.0,111974.0,111974.0,111975.0,111980.0,111983.0,111984.0,111988.0,111992.0,112000.0,112006.0,112010.0,112016.0,112020.0,112024.0,112030.0,112030.0,112031.0,112036.0,112039.0,112040.0,112042.0,112045.0,112049.0,112052.0,112052.0,112055.0,112060.0,112060.0,112063.0,112068.0,112072.0,112075.0,112076.0,112079.0,112080.0,112084.0,112090.0,112094.0,112095.0,112097.0,112095.0,112095.0,112096.0,112104.0,112107.0,112110.0,112117.0,112117.0,112122.0,112125.0,112131.0,112136.0,112139.0,112140.0,112145.0,112145.0,112151.0,112155.0,112159.0,112166.0,112168.0,112175.0,112183.0,112190.0,112190.0,112193.0,112195
MPPgQnVSUGg,76917.0,76923.0,76930.0,76940.0,76949.0,76956.0,76961.0,76967.0,76971.0,76978.0,76982.0,76996.0,77011.0,77018.0,77023.0,77027.0,77031.0,77042.0,77051.0,77059.0,77066.0,77075.0,77081.0,77091.0,77097.0,77098.0,77107.0,77111.0,77114.0,77117.0,77118.0,77123.0,77125.0,77128.0,77133.0,77136.0,77136.0,77140.0,77146.0,77149.0,77154.0,77157.0,77158.0,77162.0,77170.0,77176.0,77180.0,77184.0,77185.0,77189.0,77193.0,77197.0,77200.0,77205.0,77209.0,77211.0,77216.0,77218.0,77222.0,77227.0,77228.0,77232.0,77234.0,77236.0,77236.0,77241.0,77245.0,77251.0,77254.0,77259.0,77261.0,77265.0,77273.0,77274.0,77275.0,77275.0,77277.0,77279.0,77282.0,77284.0,77285.0,77288.0,77289.0,77296.0,77296.0,77300.0,77300.0,77301.0,77306.0,77307.0,77310.0,77310.0,77313.0,77317.0,77318.0,77320.0,77321.0,77322.0,77323.0,77329.0,77332.0,77336.0,77340.0,77341.0,77343.0,77344.0,77346.0,77348.0,77351.0,77353.0,77360.0,77360.0,77364.0,77367.0,77368.0,77368.0,77371.0,77372.0,77374.0,77376.0,77380.0,77383.0,77387.0,77388.0,77388.0,77388.0,77390.0,77397.0,77399.0,77404.0,77407.0,77413.0,77418.0,77420.0,,,,,,,,,77450.0,77451.0,77452.0,77454.0,77456.0,77457.0,77458.0,77458.0,77458.0,77462.0,77463.0,77470.0,77471.0,77472.0,77472.0,77476.0,77479.0,77484.0,77490.0,77492.0,77494.0,77496.0,77497.0,77500.0,77504.0,77504.0,77508.0,77509.0,77509.0,77511.0,77513.0,77514.0,77516.0,77517.0,77519.0,77521.0,77525.0,77527.0,77534.0,77537.0,77539.0,77540.0,77542.0,77545.0,77552.0,77555.0,77558.0,77559.0,77561.0,77566.0,77568.0,77571.0,77573.0,77574.0,77576.0,77578.0,77579.0,77583.0,77584.0,77586.0,77586.0,77588.0,77589.0,77589.0,77589.0,77591.0,77599.0,77604.0,77605.0,77607.0,77610.0,77611
N0JK1YU52GA,126.0,126.0,128.0,128.0,131.0,137.0,137.0,138.0,139.0,140.0,142.0,142.0,145.0,145.0,147.0,149.0,149.0,150.0,151.0,152.0,153.0,157.0,158.0,159.0,161.0,162.0,163.0,164.0,166.0,167.0,168.0,169.0,170.0,171.0,172.0,172.0,172.0,174.0,175.0,180.0,180.0,181.0,181.0,181.0,183.0,184.0,186.0,187.0,189.0,189.0,190.0,192.0,193.0,194.0,197.0,199.0,200.0,200.0,200.0,201.0,203.0,205.0,205.0,206.0,206.0,207.0,207.0,208.0,210.0,210.0,210.0,210.0,211.0,211.0,211.0,211.0,212.0,215.0,215.0,215.0,215.0,215.0,216.0,217.0,217.0,217.0,217.0,219.0,219.0,219.0,220.0,221.0,221.0,221.0,222.0,223.0,224.0,225.0,225.0,225.0,226.0,228.0,229.0,229.0,229.0,229.0,230.0,232.0,232.0,232.0,234.0,234.0,236.0,236.0,237.0,237.0,239.0,239.0,239.0,241.0,241.0,241.0,241.0,242.0,244.0,245.0,245.0,245.0,245.0,245.0,245.0,246.0,246.0,247.0,,,,,,,,,261.0,262.0,263.0,264.0,264.0,265.0,267.0,267.0,267.0,268.0,269.0,269.0,273.0,274.0,276.0,276.0,278.0,278.0,278.0,278.0,278.0,278.0,278.0,278.0,278.0,278.0,279.0,279.0,280.0,281.0,281.0,282.0,283.0,283.0,283.0,283.0,284.0,284.0,285.0,288.0,290.0,291.0,291.0,291.0,292.0,294.0,295.0,296.0,298.0,298.0,296.0,297.0,297.0,297.0,297.0,297.0,297.0,298.0,298.0,298.0,299.0,299.0,299.0,299.0,299.0,299.0,299.0,301.0,301.0,303.0,303.0,304
hOgx6BdCqM8,69889.0,69891.0,69891.0,69891.0,69891.0,69892.0,69894.0,69900.0,69901.0,69901.0,69903.0,69904.0,69906.0,69908.0,69909.0,69909.0,69910.0,69914.0,69916.0,69917.0,69918.0,69921.0,69924.0,69926.0,69927.0,69928.0,69930.0,69930.0,69931.0,69933.0,69935.0,69937.0,69937.0,69939.0,69940.0,69940.0,69941.0,69941.0,69943.0,69945.0,69946.0,69946.0,69946.0,69948.0,69949.0,69950.0,69951.0,69952.0,69952.0,69952.0,69952.0,69952.0,69953.0,69954.0,69955.0,69955.0,69956.0,69958.0,69959.0,69962.0,69964.0,69965.0,69965.0,69967.0,69967.0,69968.0,69968.0,69971.0,69972.0,69973.0,69974.0,69974.0,69976.0,69975.0,69975.0,69975.0,69977.0,69977.0,69978.0,69980.0,69981.0,69982.0,69982.0,69982.0,69982.0,69982.0,69984.0,69985.0,69985.0,69986.0,69987.0,69987.0,69988.0,69988.0,69988.0,69988.0,69990.0,69991.0,69991.0,69991.0,69993.0,69994.0,69995.0,69996.0,69998.0,69999.0,69999.0,70002.0,70004.0,70004.0,70006.0,70007.0,70008.0,70009.0,70011.0,70011.0,70011.0,70012.0,70012.0,70013.0,70014.0,70014.0,70016.0,70017.0,70017.0,70017.0,70019.0,70018.0,70018.0,70020.0,70020.0,70022.0,70023.0,70024.0,,,,,,,,,70032.0,70031.0,70031.0,70032.0,70032.0,70034.0,70035.0,70035.0,70036.0,70036.0,70037.0,70038.0,70038.0,70038.0,70038.0,70039.0,70040.0,70040.0,70040.0,70041.0,70041.0,70041.0,70042.0,70042.0,70043.0,70044.0,70045.0,70046.0,70047.0,70047.0,70048.0,70049.0,70051.0,70053.0,70054.0,70055.0,70055.0,70057.0,70059.0,70060.0,70061.0,70063.0,70063.0,70066.0,70066.0,70066.0,70067.0,70069.0,70072.0,70073.0,70073.0,70075.0,70076.0,70078.0,70079.0,70080.0,70083.0,70085.0,70085.0,70086.0,70087.0,70087.0,70088.0,70089.0,70090.0,70091.0,70091.0,70091.0,70093.0,70094.0,70094.0,70094
g0wUhVJ8jYo,2440.0,2440.0,2443.0,2446.0,2446.0,2447.0,2449.0,2452.0,2454.0,2459.0,2465.0,2468.0,2469.0,2471.0,2476.0,2477.0,2478.0,2478.0,2480.0,2482.0,2484.0,2486.0,2491.0,2494.0,2496.0,2498.0,2498.0,2498.0,2498.0,2499.0,2499.0,2499.0,2502.0,2505.0,2507.0,2509.0,2510.0,2510.0,2510.0,2512.0,2512.0,2514.0,2519.0,2523.0,2523.0,2523.0,2523.0,2524.0,2524.0,2525.0,2525.0,2528.0,2531.0,2532.0,2537.0,2542.0,2543.0,2543.0,2543.0,2543.0,2547.0,2550.0,2552.0,2553.0,2553.0,2553.0,2554.0,2556.0,2559.0,2561.0,2562.0,2564.0,2569.0,2574.0,2580.0,2581.0,2585.0,2590.0,2591.0,2593.0,2597.0,2599.0,2601.0,2602.0,2607.0,2608.0,2608.0,2609.0,2613.0,2615.0,2619.0,2621.0,2621.0,2625.0,2629.0,2631.0,2634.0,2635.0,2636.0,2639.0,2641.0,2643.0,2646.0,2647.0,2650.0,2651.0,2653.0,2657.0,2660.0,2661.0,2663.0,2668.0,2670.0,2673.0,2677.0,2680.0,2681.0,2683.0,2688.0,2689.0,2691.0,2694.0,2696.0,2698.0,2702.0,2705.0,2705.0,2708.0,2709.0,2709.0,2710.0,2714.0,2719.0,2722.0,,,,,,,,,2748.0,2749.0,2751.0,2754.0,2754.0,2756.0,2757.0,2759.0,2760.0,2768.0,2770.0,2770.0,2770.0,2771.0,2771.0,2773.0,2774.0,2776.0,2779.0,2779.0,2780.0,2782.0,2783.0,2783.0,2790.0,2793.0,2796.0,2799.0,2802.0,2803.0,2806.0,2808.0,2810.0,2810.0,2810.0,2810.0,2810.0,2810.0,2813.0,2814.0,2816.0,2816.0,2817.0,2817.0,2817.0,2817.0,2818.0,2819.0,2822.0,2822.0,2824.0,2827.0,2828.0,2829.0,2832.0,2833.0,2834.0,2834.0,2838.0,2839.0,2840.0,2842.0,2844.0,2844.0,2845.0,2847.0,2848.0,2851.0,2852.0,2852.0,2853.0,2854
OX4YA57yRag,15631.0,15633.0,15637.0,15639.0,15643.0,15649.0,15655.0,15659.0,15659.0,15665.0,15671.0,15676.0,15679.0,15682.0,15685.0,15689.0,15694.0,15696.0,15699.0,15702.0,15705.0,15712.0,15715.0,15722.0,15724.0,15727.0,15729.0,15733.0,15736.0,15737.0,15741.0,15745.0,15748.0,15750.0,15753.0,15757.0,15761.0,15764.0,15766.0,15768.0,15770.0,15774.0,15777.0,15782.0,15786.0,15788.0,15793.0,15795.0,15798.0,15802.0,15805.0,15808.0,15811.0,15815.0,15819.0,15825.0,15829.0,15831.0,15837.0,15841.0,15842.0,15844.0,15847.0,15853.0,15854.0,15857.0,15859.0,15864.0,15867.0,15872.0,15876.0,15879.0,15886.0,15888.0,15891.0,15894.0,15900.0,15903.0,15907.0,15911.0,15913.0,15919.0,15925.0,15928.0,15932.0,15935.0,15939.0,15944.0,15948.0,15949.0,15952.0,15952.0,15956.0,15961.0,15961.0,15962.0,15964.0,15964.0,15965.0,15965.0,15966.0,15968.0,15968.0,15973.0,15974.0,15975.0,15978.0,15981.0,15982.0,15982.0,15987.0,15988.0,15989.0,15989.0,15991.0,15993.0,15994.0,15997.0,15998.0,16002.0,16002.0,16004.0,16006.0,16007.0,16010.0,16014.0,16015.0,16015.0,16016.0,16017.0,16018.0,16021.0,16021.0,16023.0,,,,,,,,,16037.0,16038.0,16040.0,16042.0,16044.0,16044.0,16044.0,16045.0,16046.0,16048.0,16054.0,16055.0,16057.0,16061.0,16071.0,16072.0,16073.0,16075.0,16075.0,16077.0,16078.0,16078.0,16080.0,16082.0,16085.0,16090.0,16092.0,16093.0,16094.0,16094.0,16096.0,16097.0,16099.0,16100.0,16102.0,16103.0,16104.0,16104.0,16105.0,16105.0,16109.0,16113.0,16113.0,16117.0,16122.0,16123.0,16123.0,16127.0,16130.0,16133.0,16133.0,16134.0,16135.0,16139.0,16142.0,16145.0,16146.0,16149.0,16148.0,16148.0,16150.0,16151.0,16152.0,16154.0,16158.0,16161.0,16163.0,16165.0,16167.0,16168.0,16169.0,16169
7hKAmXCjmtk,7316.0,7317.0,7317.0,7317.0,7318.0,7321.0,7322.0,7323.0,7324.0,7324.0,7326.0,7328.0,7328.0,7329.0,7329.0,7329.0,7329.0,7330.0,7331.0,7331.0,7333.0,7333.0,7333.0,7333.0,7333.0,7333.0,7333.0,7334.0,7334.0,7335.0,7335.0,7335.0,7335.0,7335.0,7335.0,7335.0,7338.0,7338.0,7340.0,7340.0,7342.0,7343.0,7344.0,7345.0,7346.0,7348.0,7348.0,7348.0,7348.0,7349.0,7349.0,7349.0,7349.0,7349.0,7349.0,7349.0,7349.0,7349.0,7349.0,7349.0,7349.0,7349.0,7349.0,7349.0,7350.0,7350.0,7350.0,7350.0,7351.0,7353.0,7353.0,7353.0,7354.0,7355.0,7356.0,7356.0,7358.0,7358.0,7358.0,7358.0,7359.0,7359.0,7359.0,7359.0,7359.0,7359.0,7360.0,7360.0,7360.0,7360.0,7361.0,7361.0,7365.0,7366.0,7367.0,7368.0,7368.0,7369.0,7370.0,7372.0,7372.0,7375.0,7376.0,7379.0,7379.0,7379.0,7379.0,7380.0,7382.0,7383.0,7383.0,7383.0,7383.0,7383.0,7384.0,7385.0,7385.0,7386.0,7387.0,7388.0,7390.0,7391.0,7391.0,7391.0,7392.0,7394.0,7395.0,7395.0,7396.0,7396.0,7406.0,7406.0,7407.0,7407.0,,,,,,,,,7413.0,7414.0,7416.0,7416.0,7416.0,7416.0,7416.0,7416.0,7416.0,7419.0,7419.0,7419.0,7421.0,7421.0,7421.0,7422.0,7422.0,7423.0,7423.0,7425.0,7425.0,7427.0,7427.0,7427.0,7427.0,7429.0,7429.0,7429.0,7429.0,7430.0,7430.0,7430.0,7431.0,7433.0,7436.0,7436.0,7436.0,7437.0,7440.0,7440.0,7440.0,7440.0,7440.0,7440.0,7440.0,7441.0,7444.0,7444.0,7444.0,7446.0,7446.0,7448.0,7449.0,7451.0,7451.0,7451.0,7452.0,7452.0,7454.0,7454.0,7454.0,7455.0,7455.0,7455.0,7457.0,7457.0,7459.0,7459.0,7459.0,7460.0,7460.0,7460
R7mEPwh4WJo,13820.0,13820.0,13821.0,13821.0,13822.0,13822.0,13822.0,13823.0,13823.0,13823.0,13824.0,13824.0,13824.0,13825.0,13825.0,13825.0,13825.0,13826.0,13826.0,13826.0,13826.0,13825.0,13825.0,13826.0,13826.0,13826.0,13828.0,13828.0,13830.0,13831.0,13831.0,13832.0,13832.0,13834.0,13834.0,13834.0,13834.0,13834.0,13835.0,13835.0,13836.0,13837.0,13837.0,13837.0,13838.0,13839.0,13839.0,13839.0,13840.0,13840.0,13840.0,13842.0,13842.0,13842.0,13843.0,13843.0,13844.0,13845.0,13846.0,13847.0,13847.0,13849.0,13850.0,13850.0,13850.0,13852.0,13852.0,13853.0,13853.0,13854.0,13855.0,13855.0,13855.0,13855.0,13857.0,13857.0,13857.0,13857.0,13857.0,13857.0,13857.0,13859.0,13859.0,13859.0,13859.0,13859.0,13859.0,13860.0,13860.0,13861.0,13861.0,13861.0,13861.0,13861.0,13861.0,13862.0,13863.0,13864.0,13865.0,13865.0,13865.0,13865.0,13867.0,13867.0,13867.0,13867.0,13867.0,13867.0,13867.0,13867.0,13867.0,13867.0,13867.0,13867.0,13867.0,13867.0,13869.0,13870.0,13871.0,13871.0,13872.0,13872.0,13872.0,13872.0,13872.0,13874.0,13875.0,13875.0,13875.0,13875.0,13876.0,13876.0,13877.0,13877.0,,,,,,,,,13879.0,13878.0,13878.0,13879.0,13879.0,13879.0,13878.0,13879.0,13879.0,13879.0,13879.0,13880.0,13880.0,13881.0,13881.0,13882.0,13882.0,13882.0,13882.0,13882.0,13883.0,13883.0,13885.0,13885.0,13885.0,13885.0,13885.0,13886.0,13887.0,13887.0,13887.0,13887.0,13887.0,13887.0,13887.0,13887.0,13887.0,13887.0,13887.0,13887.0,13887.0,13887.0,13888.0,13888.0,13889.0,13889.0,13889.0,13890.0,13890.0,13890.0,13890.0,13890.0,13890.0,13891.0,13891.0,13891.0,13891.0,13892.0,13892.0,13892.0,13892.0,13892.0,13892.0,13893.0,13893.0,13893.0,13893.0,13894.0,13894.0,13895.0,13895.0,13895
30TlVFQ7Jtk,31976.0,31978.0,31981.0,31985.0,31986.0,31990.0,31993.0,32000.0,32003.0,32007.0,32011.0,32012.0,32016.0,32018.0,32018.0,32020.0,32021.0,32024.0,32028.0,32029.0,32032.0,32037.0,32039.0,32040.0,32047.0,32049.0,32051.0,32052.0,32054.0,32054.0,32058.0,32059.0,32063.0,32066.0,32068.0,32075.0,32081.0,32083.0,32088.0,32091.0,32093.0,32097.0,32100.0,32101.0,32104.0,32106.0,32108.0,32110.0,32120.0,32121.0,32122.0,32128.0,32129.0,32130.0,32130.0,32135.0,32140.0,32144.0,32146.0,32148.0,32152.0,32156.0,32156.0,32156.0,32157.0,32158.0,32159.0,32161.0,32161.0,32167.0,32172.0,32177.0,32180.0,32181.0,32181.0,32182.0,32186.0,32190.0,32194.0,32197.0,32201.0,32206.0,32207.0,32213.0,32214.0,32218.0,32220.0,32222.0,32225.0,32234.0,32240.0,32241.0,32245.0,32248.0,32249.0,32253.0,32257.0,32258.0,32259.0,32261.0,32265.0,32267.0,32270.0,32277.0,32278.0,32278.0,32284.0,32289.0,32294.0,32303.0,32309.0,32320.0,32322.0,32327.0,32330.0,32333.0,32336.0,32338.0,32343.0,32344.0,32348.0,32349.0,32349.0,32352.0,32356.0,32358.0,32365.0,32368.0,32369.0,32371.0,32371.0,32372.0,32375.0,32376.0,,,,,,,,,32391.0,32392.0,32394.0,32394.0,32400.0,32408.0,32412.0,32418.0,32425.0,32427.0,32429.0,32434.0,32434.0,32439.0,32441.0,32442.0,32445.0,32448.0,32449.0,32451.0,32451.0,32452.0,32456.0,32459.0,32460.0,32462.0,32462.0,32467.0,32468.0,32471.0,32473.0,32478.0,32482.0,32483.0,32487.0,32493.0,32496.0,32497.0,32501.0,32507.0,32510.0,32514.0,32517.0,32519.0,32517.0,32520.0,32525.0,32526.0,32531.0,32533.0,32533.0,32533.0,32537.0,32541.0,32544.0,32547.0,32548.0,32550.0,32553.0,32555.0,32558.0,32560.0,32561.0,32564.0,32566.0,32569.0,32573.0,32574.0,32575.0,32577.0,32579.0,32584
URt7y65Nj-w,4777.0,4778.0,4780.0,4780.0,4785.0,4792.0,4796.0,4799.0,4801.0,4801.0,4803.0,4807.0,4812.0,4812.0,4812.0,4815.0,4818.0,4819.0,4820.0,4822.0,4824.0,4831.0,4833.0,4833.0,4840.0,4850.0,4850.0,4855.0,4856.0,4859.0,4860.0,4861.0,4862.0,4862.0,4865.0,4866.0,4871.0,4872.0,4873.0,4874.0,4876.0,4878.0,4881.0,4882.0,4882.0,4882.0,4884.0,4886.0,4887.0,4891.0,4893.0,4894.0,4897.0,4897.0,4897.0,4899.0,4901.0,4902.0,4904.0,4905.0,4912.0,4917.0,4922.0,4928.0,4930.0,4930.0,4930.0,4933.0,4933.0,4938.0,4943.0,4944.0,4946.0,4946.0,4950.0,4955.0,4955.0,4956.0,4956.0,4957.0,4957.0,4958.0,4959.0,4964.0,4965.0,4968.0,4968.0,4968.0,4970.0,4970.0,4971.0,4974.0,4975.0,4976.0,4976.0,4977.0,4978.0,4980.0,4981.0,4983.0,4987.0,4988.0,4990.0,4994.0,5018.0,5062.0,5108.0,5110.0,5114.0,5118.0,5126.0,5131.0,5132.0,5135.0,5136.0,5136.0,5138.0,5149.0,5151.0,5154.0,5155.0,5157.0,5158.0,5159.0,5160.0,5163.0,5165.0,5168.0,5170.0,5174.0,5175.0,5177.0,5177.0,5180.0,,,,,,,,,5200.0,5200.0,5200.0,5200.0,5202.0,5212.0,5215.0,5219.0,5220.0,5222.0,5223.0,5226.0,5228.0,5229.0,5229.0,5229.0,5231.0,5232.0,5232.0,5232.0,5232.0,5232.0,5234.0,5235.0,5236.0,5237.0,5238.0,5238.0,5238.0,5240.0,5240.0,5241.0,5245.0,5248.0,5248.0,5251.0,5257.0,5259.0,5261.0,5264.0,5267.0,5269.0,5269.0,5270.0,5275.0,5278.0,5278.0,5281.0,5283.0,5286.0,5287.0,5294.0,5298.0,5302.0,5302.0,5306.0,5308.0,5313.0,5315.0,5318.0,5317.0,5320.0,5323.0,5323.0,5325.0,5327.0,5328.0,5328.0,5331.0,5338.0,5341.0,5342
Uf3IM1pdeIo,320.0,320.0,320.0,320.0,320.0,320.0,320.0,320.0,320.0,320.0,320.0,320.0,320.0,320.0,320.0,320.0,320.0,320.0,320.0,320.0,320.0,320.0,320.0,320.0,320.0,320.0,320.0,320.0,320.0,320.0,320.0,320.0,320.0,320.0,320.0,320.0,320.0,320.0,320.0,320.0,320.0,320.0,320.0,320.0,320.0,320.0,320.0,320.0,321.0,321.0,321.0,321.0,322.0,322.0,322.0,322.0,323.0,323.0,323.0,323.0,323.0,323.0,323.0,323.0,323.0,323.0,323.0,323.0,323.0,323.0,323.0,323.0,323.0,323.0,323.0,323.0,323.0,323.0,323.0,323.0,323.0,323.0,323.0,323.0,323.0,323.0,323.0,323.0,323.0,323.0,323.0,323.0,323.0,323.0,323.0,323.0,323.0,323.0,323.0,323.0,323.0,323.0,323.0,323.0,323.0,323.0,323.0,323.0,323.0,323.0,323.0,323.0,323.0,323.0,323.0,323.0,323.0,323.0,323.0,323.0,323.0,323.0,323.0,323.0,323.0,323.0,323.0,323.0,323.0,323.0,323.0,323.0,323.0,323.0,,,,,,,,,323.0,323.0,323.0,323.0,323.0,323.0,323.0,323.0,323.0,323.0,323.0,323.0,323.0,323.0,323.0,323.0,324.0,324.0,324.0,324.0,324.0,324.0,324.0,324.0,324.0,324.0,324.0,324.0,324.0,324.0,324.0,324.0,324.0,324.0,324.0,324.0,324.0,324.0,324.0,325.0,325.0,325.0,325.0,325.0,325.0,325.0,325.0,325.0,325.0,325.0,325.0,325.0,325.0,325.0,325.0,325.0,325.0,325.0,325.0,325.0,325.0,325.0,325.0,325.0,325.0,325.0,325.0,326.0,326.0,326.0,326.0,326
0dzHKxREaCU,55305.0,55386.0,55500.0,55606.0,55683.0,55778.0,55849.0,55962.0,56065.0,56116.0,56165.0,56224.0,56291.0,56362.0,56454.0,56537.0,56620.0,56672.0,56751.0,56861.0,56954.0,57049.0,57135.0,57228.0,57283.0,57383.0,57461.0,57584.0,57715.0,57822.0,57903.0,57980.0,58072.0,58173.0,58250.0,58323.0,58401.0,58490.0,58561.0,58662.0,58757.0,58848.0,58952.0,59065.0,59135.0,59212.0,59304.0,59409.0,59497.0,59579.0,59665.0,59716.0,59769.0,59828.0,59899.0,59966.0,60037.0,60116.0,60196.0,60254.0,60321.0,60393.0,60451.0,60550.0,60632.0,60696.0,60763.0,60854.0,60953.0,61054.0,61161.0,61242.0,61298.0,61376.0,61478.0,61584.0,61688.0,61798.0,61936.0,62035.0,62128.0,62218.0,62311.0,62403.0,62502.0,62633.0,62732.0,62800.0,62876.0,62975.0,63103.0,63197.0,63287.0,63377.0,63442.0,63504.0,63611.0,63692.0,63818.0,63920.0,64004.0,64072.0,64153.0,64229.0,64316.0,64415.0,64523.0,64627.0,64689.0,64753.0,64818.0,64876.0,64935.0,65035.0,65102.0,65141.0,65201.0,65250.0,65301.0,65365.0,65405.0,65460.0,65499.0,65549.0,65609.0,65648.0,65702.0,65778.0,65838.0,65888.0,65930.0,65966.0,66009.0,66056.0,,,,,,,,,66482.0,66510.0,66537.0,66577.0,66621.0,66686.0,66732.0,66774.0,66816.0,66854.0,66891.0,66940.0,66984.0,67029.0,67063.0,67085.0,67135.0,67179.0,67222.0,67262.0,67298.0,67337.0,67363.0,67412.0,67460.0,67488.0,67535.0,67576.0,67623.0,67665.0,67697.0,67734.0,67768.0,67802.0,67850.0,67879.0,67918.0,67963.0,68006.0,68040.0,68082.0,68126.0,68158.0,68199.0,68244.0,68288.0,68325.0,68367.0,68429.0,68463.0,68491.0,68523.0,68555.0,68601.0,68657.0,68718.0,68759.0,68793.0,68837.0,68880.0,68924.0,68969.0,69011.0,69054.0,69087.0,69141.0,69183.0,69229.0,69265.0,69308.0,69340.0,69369
ZcCE5ZL2iOI,117743.0,117757.0,117770.0,117790.0,117806.0,117825.0,117845.0,117861.0,117882.0,117894.0,117906.0,117924.0,117931.0,117945.0,117957.0,117964.0,117979.0,117990.0,118005.0,118024.0,118038.0,118051.0,118061.0,118069.0,118085.0,118100.0,118121.0,118146.0,118163.0,118180.0,118194.0,118218.0,118239.0,118256.0,118272.0,118296.0,118317.0,118329.0,118359.0,118379.0,118402.0,118416.0,118430.0,118444.0,118467.0,118480.0,118494.0,118520.0,118542.0,118558.0,118575.0,118588.0,118607.0,118627.0,118649.0,118657.0,118675.0,118685.0,118705.0,118714.0,118724.0,118736.0,118746.0,118761.0,118782.0,118792.0,118804.0,118815.0,118825.0,118835.0,118852.0,118871.0,118884.0,118902.0,118914.0,118932.0,118942.0,118959.0,118975.0,118987.0,119008.0,119022.0,119039.0,119053.0,119064.0,119071.0,119084.0,119100.0,119112.0,119126.0,119135.0,119143.0,119153.0,119163.0,119172.0,119181.0,119193.0,119208.0,119221.0,119243.0,119254.0,119268.0,119279.0,119287.0,119301.0,119314.0,119325.0,119339.0,119359.0,119383.0,119404.0,119420.0,119430.0,119449.0,119456.0,119471.0,119486.0,119506.0,119521.0,119531.0,119553.0,119558.0,119566.0,119581.0,119594.0,119601.0,119611.0,119624.0,119630.0,119650.0,119673.0,119689.0,119704.0,119719.0,,,,,,,,,119814.0,119822.0,119835.0,119844.0,119866.0,119880.0,119888.0,119907.0,119917.0,119931.0,119942.0,119951.0,119962.0,119981.0,119986.0,119992.0,120002.0,120013.0,120021.0,120027.0,120042.0,120055.0,120069.0,120078.0,120083.0,120091.0,120099.0,120107.0,120123.0,120129.0,120137.0,120146.0,120153.0,120168.0,120179.0,120187.0,120194.0,120203.0,120211.0,120223.0,120230.0,120243.0,120257.0,120263.0,120274.0,120289.0,120302.0,120318.0,120324.0,120335.0,120350.0,120353.0,120359.0,120362.0,120367.0,120375.0,120385.0,120390.0,120397.0,120408.0,120415.0,120420.0,120433.0,120441.0,120452.0,120468.0,120473.0,120488.0,120498.0,120502.0,120511.0,120526
LUrRpryIgN4,24522.0,24522.0,24522.0,24522.0,24522.0,24522.0,24522.0,24522.0,24522.0,24522.0,24522.0,24522.0,24522.0,24522.0,24522.0,24522.0,24522.0,24522.0,24522.0,24522.0,24522.0,24522.0,24522.0,24522.0,24522.0,24522.0,24522.0,24522.0,24522.0,24522.0,24522.0,24522.0,24522.0,24522.0,24522.0,24522.0,24522.0,24522.0,24522.0,24522.0,24522.0,24522.0,24522.0,24522.0,24522.0,24522.0,24522.0,24522.0,24522.0,24522.0,24522.0,24522.0,24522.0,24522.0,24522.0,24522.0,24522.0,24522.0,24522.0,24522.0,24522.0,24522.0,24522.0,24522.0,24522.0,24522.0,24522.0,24522.0,24522.0,24522.0,24522.0,24522.0,24522.0,24522.0,24522.0,24522.0,24522.0,24522.0,24522.0,24522.0,24522.0,24522.0,24522.0,24522.0,24522.0,24522.0,24522.0,24522.0,24522.0,24522.0,24522.0,24522.0,24522.0,24522.0,24522.0,24522.0,24522.0,24522.0,24522.0,24522.0,24522.0,24522.0,24522.0,24522.0,24522.0,24522.0,24522.0,24522.0,24522.0,24522.0,24522.0,24522.0,24522.0,24522.0,24522.0,24522.0,24522.0,24522.0,24522.0,24522.0,24522.0,24522.0,24522.0,24522.0,24522.0,24522.0,24522.0,24522.0,24522.0,24522.0,24522.0,24522.0,24522.0,24522.0,,,,,,,,,24522.0,24522.0,24522.0,24522.0,24522.0,24522.0,24522.0,24522.0,24522.0,24522.0,24522.0,24522.0,24522.0,24522.0,24522.0,24522.0,24522.0,24522.0,24522.0,24522.0,24522.0,24522.0,24522.0,24522.0,24522.0,24522.0,24522.0,24522.0,24522.0,24522.0,24522.0,24522.0,24522.0,24522.0,24522.0,24522.0,24522.0,24522.0,24522.0,24522.0,24522.0,24522.0,24522.0,24522.0,24522.0,24522.0,24522.0,24522.0,24522.0,24522.0,24522.0,24522.0,24522.0,24522.0,24522.0,24522.0,24522.0,24522.0,24522.0,24522.0,24522.0,24522.0,24522.0,24522.0,24522.0,24522.0,24522.0,24522.0,24522.0,24522.0,24522.0,24522
YtRNyt7lSVE,76626.0,76626.0,76626.0,76626.0,76626.0,76626.0,76626.0,76626.0,76626.0,76626.0,76626.0,76626.0,76626.0,76626.0,76626.0,76626.0,76626.0,76626.0,76626.0,76626.0,76626.0,76626.0,76626.0,76626.0,76626.0,76626.0,76626.0,76626.0,76626.0,76626.0,76626.0,76626.0,76626.0,76626.0,76626.0,76626.0,76626.0,76626.0,76626.0,76626.0,76626.0,76626.0,76626.0,76626.0,76626.0,76626.0,76626.0,76626.0,76626.0,76626.0,76626.0,76626.0,76626.0,76626.0,76626.0,76626.0,76626.0,76626.0,76626.0,76626.0,76626.0,76626.0,76626.0,76626.0,76626.0,76626.0,76626.0,76626.0,76626.0,76626.0,76626.0,76626.0,76626.0,76626.0,76626.0,76626.0,76626.0,76626.0,76626.0,76626.0,76626.0,76626.0,76626.0,76626.0,76626.0,76626.0,76626.0,76626.0,76626.0,76626.0,76626.0,76626.0,76626.0,76626.0,76626.0,76626.0,76626.0,76626.0,76626.0,76626.0,76626.0,76626.0,76626.0,76626.0,76626.0,76626.0,76626.0,76626.0,76626.0,76626.0,76626.0,76626.0,76626.0,76626.0,76626.0,76626.0,76626.0,76626.0,76626.0,76626.0,76626.0,76626.0,76626.0,76626.0,76626.0,76626.0,76626.0,76626.0,76626.0,76626.0,76626.0,76626.0,76626.0,76626.0,,,,,,,,,76626.0,76626.0,76626.0,76626.0,76626.0,76626.0,76626.0,76626.0,76626.0,76626.0,76626.0,76626.0,76626.0,76626.0,76626.0,76626.0,76626.0,76626.0,76626.0,76626.0,76626.0,76626.0,76626.0,76626.0,76626.0,76626.0,76626.0,76626.0,76626.0,76626.0,76626.0,76626.0,76626.0,76626.0,76626.0,76626.0,76626.0,76626.0,76626.0,76626.0,76626.0,76626.0,76626.0,76626.0,76626.0,76626.0,76626.0,76626.0,76626.0,76626.0,76626.0,76626.0,76626.0,76626.0,76626.0,76626.0,76626.0,76626.0,76626.0,76626.0,76626.0,76626.0,76626.0,76626.0,76626.0,76626.0,76626.0,76626.0,76626.0,76626.0,76626.0,76626
Z1lTfeAozjI,10527939.0,10527973.0,10528006.0,10528052.0,10528097.0,10528139.0,10528201.0,10528242.0,10528288.0,10528327.0,10528364.0,10528410.0,10528456.0,10528494.0,10528545.0,10528578.0,10528624.0,10528675.0,10528716.0,10528789.0,10528843.0,10528897.0,10528942.0,10528985.0,10529018.0,10529064.0,10529120.0,10529159.0,10529212.0,10529259.0,10529299.0,10529340.0,10529380.0,10529430.0,10529473.0,10529513.0,10529546.0,10529580.0,10529625.0,10529667.0,10529702.0,10529746.0,10529784.0,10529816.0,10529858.0,10529885.0,10529922.0,10529958.0,10529992.0,10530029.0,10530057.0,10530088.0,10530123.0,10530149.0,10530188.0,10530216.0,10530263.0,10530293.0,10530326.0,10530360.0,10530405.0,10530438.0,10530491.0,10530534.0,10530568.0,10530599.0,10530628.0,10530675.0,10530709.0,10530747.0,10530783.0,10530816.0,10530856.0,10530905.0,10530937.0,10530969.0,10531010.0,10531049.0,10531088.0,10531127.0,10531158.0,10531205.0,10531252.0,10531315.0,10531389.0,10531429.0,10531471.0,10531527.0,10531569.0,10531615.0,10531668.0,10531708.0,10531768.0,10531801.0,10531843.0,10531894.0,10531940.0,10531966.0,10532001.0,10532039.0,10532079.0,10532120.0,10532155.0,10532197.0,10532241.0,10532282.0,10532313.0,10532355.0,10532381.0,10532427.0,10532462.0,10532502.0,10532532.0,10532567.0,10532596.0,10532623.0,10532660.0,10532686.0,10532720.0,10532756.0,10532787.0,10532815.0,10532854.0,10532885.0,10532924.0,10532965.0,10533011.0,10533034.0,10533072.0,10533102.0,10533160.0,10533199.0,10533241.0,10533292.0,,,,,,,,,10533603.0,10533632.0,10533670.0,10533700.0,10533725.0,10533749.0,10533784.0,10533808.0,10533840.0,10533868.0,10533894.0,10533918.0,10533942.0,10533980.0,10534012.0,10534048.0,10534086.0,10534130.0,10534168.0,10534198.0,10534220.0,10534258.0,10534298.0,10534334.0,10534363.0,10534385.0,10534416.0,10534441.0,10534473.0,10534492.0,10534513.0,10534541.0,10534579.0,10534620.0,10534645.0,10534681.0,10534695.0,10534718.0,10534745.0,10534757.0,10534782.0,10534817.0,10534839.0,10534850.0,10534872.0,10534911.0,10534945.0,10534982.0,10535032.0,10535085.0,10535125.0,10535157.0,10535175.0,10535195.0,10535226.0,10535253.0,10535274.0,10535298.0,10535326.0,10535369.0,10535402.0,10535423.0,10535448.0,10535471.0,10535494.0,10535520.0,10535546.0,10535568.0,10535592.0,10535620.0,10535650.0,10535685
1eNmDgUT3Ow,130752.0,130809.0,130865.0,130903.0,130947.0,130991.0,131032.0,131079.0,131115.0,131152.0,131193.0,131224.0,131258.0,131312.0,131365.0,131406.0,131443.0,131483.0,131513.0,131568.0,131605.0,131651.0,131696.0,131725.0,131768.0,131820.0,131878.0,131924.0,131978.0,132024.0,132061.0,132101.0,132143.0,132195.0,132245.0,132279.0,132316.0,132353.0,132401.0,132452.0,132505.0,132536.0,132588.0,132629.0,132662.0,132690.0,132730.0,132774.0,132821.0,132874.0,132921.0,132976.0,133012.0,133051.0,133097.0,133169.0,133240.0,133305.0,133374.0,133417.0,133471.0,133532.0,133594.0,133667.0,133729.0,133790.0,133824.0,133890.0,133960.0,134049.0,134110.0,134145.0,134216.0,134274.0,134324.0,134377.0,134437.0,134500.0,134561.0,134608.0,134634.0,134688.0,134735.0,134815.0,134884.0,134936.0,134986.0,135063.0,135112.0,135156.0,135223.0,135290.0,135347.0,135407.0,135460.0,135513.0,135571.0,135648.0,135697.0,135762.0,135841.0,135886.0,135949.0,136006.0,136043.0,136101.0,136177.0,136212.0,136260.0,136313.0,136362.0,136411.0,136467.0,136511.0,136554.0,136576.0,136604.0,136638.0,136663.0,136691.0,136727.0,136741.0,136757.0,136778.0,136806.0,136845.0,136872.0,136888.0,136912.0,136934.0,136965.0,136986.0,137018.0,137038.0,,,,,,,,,137276.0,137291.0,137316.0,137361.0,137416.0,137440.0,137465.0,137483.0,137500.0,137535.0,137580.0,137614.0,137650.0,137684.0,137715.0,137734.0,137776.0,137816.0,137857.0,137880.0,137909.0,137973.0,138009.0,138032.0,138092.0,138125.0,138162.0,138188.0,138222.0,138242.0,138261.0,138286.0,138310.0,138343.0,138381.0,138411.0,138431.0,138459.0,138484.0,138518.0,138552.0,138581.0,138609.0,138625.0,138672.0,138702.0,138735.0,138777.0,138808.0,138842.0,138863.0,138894.0,138916.0,138951.0,138976.0,139015.0,139042.0,139060.0,139107.0,139148.0,139191.0,139217.0,139254.0,139288.0,139312.0,139340.0,139387.0,139409.0,139440.0,139461.0,139488.0,139521
UDubWGcqINU,2921856.0,2921866.0,2921882.0,2921904.0,2921923.0,2921939.0,2921960.0,2921973.0,2921998.0,2922022.0,2922043.0,2922071.0,2922089.0,2922118.0,2922153.0,2922185.0,2922203.0,2922225.0,2922247.0,2922264.0,2922287.0,2922304.0,2922341.0,2922368.0,2922394.0,2922411.0,2922455.0,2922492.0,2922525.0,2922560.0,2922583.0,2922609.0,2922634.0,2922666.0,2922695.0,2922722.0,2922751.0,2922780.0,2922802.0,2922832.0,2922867.0,2922895.0,2922923.0,2922934.0,2922961.0,2922992.0,2923007.0,2923029.0,2923044.0,2923084.0,2923112.0,2923133.0,2923161.0,2923176.0,2923193.0,2923211.0,2923240.0,2923255.0,2923276.0,2923306.0,2923332.0,2923346.0,2923371.0,2923396.0,2923417.0,2923444.0,2923462.0,2923486.0,2923518.0,2923548.0,2923563.0,2923582.0,2923614.0,2923635.0,2923654.0,2923671.0,2923695.0,2923706.0,2923726.0,2923742.0,2923766.0,2923795.0,2923840.0,2923883.0,2923922.0,2923964.0,2923983.0,2924012.0,2924041.0,2924074.0,2924105.0,2924136.0,2924160.0,2924186.0,2924209.0,2924233.0,2924264.0,2924301.0,2924343.0,2924362.0,2924382.0,2924404.0,2924423.0,2924440.0,2924465.0,2924492.0,2924513.0,2924539.0,2924562.0,2924578.0,2924602.0,2924625.0,2924640.0,2924665.0,2924689.0,2924716.0,2924742.0,2924765.0,2924802.0,2924825.0,2924849.0,2924870.0,2924890.0,2924909.0,2924934.0,2924971.0,2924988.0,2925008.0,2925017.0,2925038.0,2925056.0,2925073.0,2925094.0,2925114.0,,,,,,,,,2925286.0,2925303.0,2925318.0,2925336.0,2925357.0,2925373.0,2925381.0,2925386.0,2925408.0,2925434.0,2925452.0,2925465.0,2925493.0,2925512.0,2925531.0,2925552.0,2925567.0,2925592.0,2925604.0,2925628.0,2925646.0,2925667.0,2925686.0,2925716.0,2925738.0,2925759.0,2925775.0,2925812.0,2925834.0,2925846.0,2925864.0,2925885.0,2925900.0,2925920.0,2925938.0,2925957.0,2925976.0,2925991.0,2926007.0,2926031.0,2926053.0,2926076.0,2926097.0,2926118.0,2926135.0,2926167.0,2926193.0,2926236.0,2926269.0,2926283.0,2926307.0,2926327.0,2926347.0,2926368.0,2926389.0,2926411.0,2926430.0,2926457.0,2926482.0,2926513.0,2926528.0,2926542.0,2926563.0,2926587.0,2926617.0,2926640.0,2926659.0,2926682.0,2926706.0,2926724.0,2926749.0,2926774
YxJSTWTNRBA,74038.0,74086.0,74119.0,74159.0,74195.0,74236.0,74297.0,74354.0,74428.0,74469.0,74522.0,74573.0,74620.0,74667.0,74722.0,74775.0,74813.0,74855.0,74894.0,74945.0,74981.0,75024.0,75069.0,75105.0,75156.0,75215.0,75288.0,75338.0,75400.0,75457.0,75520.0,75573.0,75619.0,75666.0,75736.0,75775.0,75819.0,75873.0,75912.0,75973.0,76023.0,76065.0,76135.0,76177.0,76218.0,76255.0,76291.0,76339.0,76384.0,76437.0,76485.0,76553.0,76589.0,76651.0,76711.0,76763.0,76825.0,76873.0,76927.0,76964.0,77005.0,77039.0,77084.0,77122.0,77186.0,77240.0,77272.0,77317.0,77376.0,77417.0,77473.0,77517.0,77555.0,77578.0,77618.0,77666.0,77717.0,77757.0,77817.0,77854.0,77890.0,77938.0,77989.0,78054.0,78119.0,78163.0,78213.0,78276.0,78321.0,78388.0,78443.0,78511.0,78594.0,78663.0,78737.0,78821.0,78878.0,78943.0,79022.0,79091.0,79150.0,79181.0,79236.0,79290.0,79331.0,79375.0,79437.0,79482.0,79516.0,79552.0,79588.0,79627.0,79668.0,79717.0,79767.0,79807.0,79854.0,79894.0,79947.0,79992.0,80025.0,80060.0,80097.0,80133.0,80170.0,80206.0,80237.0,80271.0,80293.0,80319.0,80344.0,80377.0,80417.0,80456.0,,,,,,,,,80749.0,80779.0,80810.0,80855.0,80902.0,80933.0,80982.0,81012.0,81054.0,81089.0,81129.0,81168.0,81206.0,81255.0,81275.0,81313.0,81350.0,81396.0,81452.0,81474.0,81501.0,81531.0,81545.0,81572.0,81593.0,81620.0,81646.0,81674.0,81696.0,81724.0,81747.0,81769.0,81793.0,81827.0,81864.0,81886.0,81908.0,81944.0,81979.0,82000.0,82035.0,82078.0,82106.0,82122.0,82153.0,82209.0,82259.0,82309.0,82335.0,82371.0,82415.0,82460.0,82494.0,82543.0,82576.0,82610.0,82656.0,82702.0,82760.0,82811.0,82870.0,82914.0,82952.0,82993.0,83030.0,83067.0,83105.0,83144.0,83173.0,83217.0,83277.0,83323
bKLCIZIPJTA,61627.0,61636.0,61647.0,61666.0,61675.0,61681.0,61688.0,61699.0,61704.0,61713.0,61722.0,61730.0,61734.0,61742.0,61749.0,61764.0,61774.0,61784.0,61797.0,61801.0,61812.0,61820.0,61830.0,61846.0,61859.0,61868.0,61878.0,61893.0,61901.0,61918.0,61932.0,61943.0,61957.0,61961.0,61968.0,61982.0,61993.0,62006.0,62015.0,62031.0,62052.0,62064.0,62077.0,62084.0,62097.0,62109.0,62119.0,62126.0,62137.0,62150.0,62162.0,62172.0,62179.0,62191.0,62217.0,62230.0,62242.0,62254.0,62260.0,62272.0,62282.0,62292.0,62298.0,62304.0,62321.0,62334.0,62343.0,62357.0,62365.0,62372.0,62387.0,62396.0,62410.0,62421.0,62433.0,62443.0,62457.0,62471.0,62490.0,62508.0,62520.0,62527.0,62540.0,62558.0,62569.0,62594.0,62607.0,62619.0,62633.0,62654.0,62669.0,62689.0,62704.0,62714.0,62726.0,62737.0,62746.0,62759.0,62768.0,62773.0,62779.0,62794.0,62803.0,62811.0,62817.0,62834.0,62842.0,62847.0,62858.0,62865.0,62877.0,62889.0,62900.0,62908.0,62919.0,62931.0,62941.0,62947.0,62955.0,62963.0,62973.0,62988.0,62994.0,63009.0,63019.0,63027.0,63035.0,63049.0,63057.0,63070.0,63080.0,63084.0,63090.0,63099.0,,,,,,,,,63164.0,63173.0,63178.0,63191.0,63203.0,63209.0,63220.0,63232.0,63242.0,63247.0,63260.0,63270.0,63273.0,63283.0,63286.0,63292.0,63294.0,63304.0,63312.0,63323.0,63334.0,63348.0,63355.0,63367.0,63374.0,63396.0,63410.0,63422.0,63443.0,63463.0,63486.0,63505.0,63526.0,63543.0,63552.0,63567.0,63585.0,63596.0,63606.0,63624.0,63639.0,63663.0,63670.0,63677.0,63684.0,63704.0,63716.0,63729.0,63745.0,63760.0,63768.0,63777.0,63791.0,63799.0,63808.0,63823.0,63835.0,63847.0,63854.0,63861.0,63869.0,63871.0,63878.0,63887.0,63896.0,63905.0,63919.0,63926.0,63936.0,63950.0,63969.0,63987
r4hbAfmUlM8,8069.0,8069.0,8069.0,8069.0,8072.0,8073.0,8078.0,8083.0,8083.0,8083.0,8088.0,8090.0,8091.0,8094.0,8095.0,8097.0,8097.0,8098.0,8099.0,8100.0,8102.0,8102.0,8104.0,8105.0,8107.0,8109.0,8110.0,8110.0,8112.0,8112.0,8113.0,8113.0,8113.0,8115.0,8116.0,8117.0,8118.0,8119.0,8119.0,8120.0,8121.0,8121.0,8122.0,8124.0,8126.0,8128.0,8131.0,8131.0,8131.0,8133.0,8134.0,8136.0,8136.0,8137.0,8138.0,8138.0,8140.0,8141.0,8142.0,8142.0,8142.0,8143.0,8143.0,8146.0,8144.0,8147.0,8149.0,8150.0,8150.0,8153.0,8154.0,8156.0,8157.0,8159.0,8160.0,8160.0,8161.0,8161.0,8161.0,8161.0,8164.0,8165.0,8166.0,8166.0,8168.0,8170.0,8173.0,8176.0,8177.0,8179.0,8180.0,8182.0,8182.0,8183.0,8185.0,8185.0,8186.0,8188.0,8190.0,8190.0,8190.0,8190.0,8190.0,8191.0,8191.0,8191.0,8191.0,8191.0,8191.0,8192.0,8194.0,8194.0,8195.0,8195.0,8196.0,8197.0,8200.0,8202.0,8202.0,8202.0,8202.0,8203.0,8203.0,8203.0,8203.0,8205.0,8206.0,8206.0,8207.0,8208.0,8209.0,8210.0,8213.0,8214.0,,,,,,,,,8229.0,8229.0,8230.0,8230.0,8231.0,8233.0,8233.0,8234.0,8236.0,8237.0,8238.0,8240.0,8240.0,8240.0,8241.0,8241.0,8241.0,8243.0,8244.0,8245.0,8248.0,8250.0,8250.0,8250.0,8252.0,8253.0,8254.0,8255.0,8258.0,8259.0,8259.0,8260.0,8260.0,8262.0,8263.0,8264.0,8265.0,8266.0,8267.0,8268.0,8268.0,8272.0,8274.0,8275.0,8275.0,8275.0,8277.0,8278.0,8278.0,8278.0,8280.0,8281.0,8281.0,8281.0,8281.0,8281.0,8281.0,8282.0,8283.0,8284.0,8284.0,8284.0,8284.0,8284.0,8285.0,8285.0,8286.0,8286.0,8286.0,8286.0,8286.0,8286
qp2CldGX6go,8761.0,8764.0,8766.0,8768.0,8771.0,8774.0,8779.0,8781.0,8786.0,8789.0,8793.0,8795.0,8797.0,8802.0,8804.0,8807.0,8813.0,8816.0,8819.0,8829.0,8833.0,8837.0,8842.0,8845.0,8849.0,8851.0,8854.0,8858.0,8861.0,8863.0,8865.0,8870.0,8873.0,8874.0,8879.0,8882.0,8883.0,8885.0,8890.0,8893.0,8897.0,8900.0,8901.0,8902.0,8902.0,8904.0,8908.0,8908.0,8910.0,8911.0,8912.0,8914.0,8917.0,8918.0,8918.0,8919.0,8920.0,8922.0,8923.0,8927.0,8929.0,8930.0,8933.0,8934.0,8936.0,8936.0,8940.0,8943.0,8946.0,8948.0,8953.0,8957.0,8958.0,8960.0,8963.0,8964.0,8964.0,8965.0,8969.0,8970.0,8970.0,8972.0,8973.0,8974.0,8976.0,8981.0,8981.0,8983.0,8986.0,8988.0,8988.0,8990.0,8990.0,8991.0,8995.0,8998.0,9000.0,9003.0,9006.0,9007.0,9009.0,9010.0,9014.0,9016.0,9016.0,9018.0,9023.0,9024.0,9026.0,9029.0,9033.0,9035.0,9038.0,9039.0,9041.0,9042.0,9044.0,9045.0,9048.0,9051.0,9053.0,9055.0,9056.0,9058.0,9063.0,9065.0,9066.0,9068.0,9071.0,9075.0,9077.0,9082.0,9082.0,9086.0,,,,,,,,,9101.0,9105.0,9106.0,9106.0,9109.0,9109.0,9110.0,9111.0,9114.0,9116.0,9116.0,9118.0,9121.0,9121.0,9122.0,9123.0,9125.0,9126.0,9126.0,9126.0,9129.0,9132.0,9135.0,9139.0,9141.0,9142.0,9143.0,9143.0,9145.0,9146.0,9148.0,9157.0,9159.0,9159.0,9160.0,9162.0,9163.0,9164.0,9165.0,9168.0,9170.0,9168.0,9170.0,9177.0,9181.0,9184.0,9187.0,9187.0,9190.0,9192.0,9193.0,9195.0,9197.0,9199.0,9201.0,9204.0,9209.0,9209.0,9212.0,9217.0,9220.0,9222.0,9224.0,9224.0,9227.0,9229.0,9232.0,9234.0,9238.0,9239.0,9241.0,9243
DNz04FI4uT8,178380.0,178439.0,178486.0,178540.0,178603.0,178654.0,178724.0,178773.0,178816.0,178855.0,178894.0,178944.0,179000.0,179060.0,179103.0,179151.0,179186.0,179228.0,179287.0,179322.0,179372.0,179418.0,179462.0,179494.0,179525.0,179572.0,179610.0,179676.0,179731.0,179775.0,179818.0,179861.0,179908.0,179945.0,179984.0,180022.0,180056.0,180098.0,180147.0,180191.0,180223.0,180260.0,180309.0,180349.0,180388.0,180415.0,180455.0,180504.0,180543.0,180579.0,180613.0,180644.0,180678.0,180714.0,180761.0,180799.0,180820.0,180857.0,180879.0,180903.0,180939.0,180965.0,181001.0,181049.0,181085.0,181113.0,181141.0,181174.0,181219.0,181272.0,181310.0,181340.0,181362.0,181398.0,181418.0,181444.0,181471.0,181512.0,181540.0,181563.0,181589.0,181627.0,181657.0,181697.0,181736.0,181792.0,181831.0,181867.0,181895.0,181936.0,181972.0,182001.0,182036.0,182067.0,182103.0,182132.0,182175.0,182197.0,182233.0,182267.0,182284.0,182312.0,182353.0,182386.0,182417.0,182447.0,182486.0,182519.0,182554.0,182578.0,182612.0,182642.0,182670.0,182696.0,182735.0,182759.0,182805.0,182830.0,182857.0,182887.0,182921.0,182944.0,182966.0,182987.0,183013.0,183030.0,183057.0,183074.0,183112.0,183135.0,183162.0,183196.0,183225.0,183257.0,,,,,,,,,183558.0,183591.0,183615.0,183679.0,183725.0,183753.0,183780.0,183806.0,183836.0,183856.0,183880.0,183910.0,183944.0,183977.0,184007.0,184024.0,184045.0,184074.0,184095.0,184128.0,184149.0,184169.0,184184.0,184209.0,184236.0,184264.0,184282.0,184305.0,184331.0,184347.0,184366.0,184386.0,184405.0,184424.0,184461.0,184510.0,184528.0,184542.0,184567.0,184592.0,184614.0,184630.0,184679.0,184696.0,184720.0,184761.0,184791.0,184817.0,184847.0,184877.0,184896.0,184906.0,184929.0,184954.0,184972.0,184989.0,185007.0,185027.0,185049.0,185076.0,185109.0,185132.0,185157.0,185186.0,185206.0,185233.0,185255.0,185289.0,185321.0,185342.0,185370.0,185415
BpCvYeK5hcE,32795461.0,32801104.0,32807623.0,32814434.0,32821703.0,32828827.0,32835720.0,32843451.0,32851473.0,32859254.0,32866616.0,32873696.0,32881437.0,32889350.0,32897860.0,32906531.0,32914988.0,32922993.0,32931068.0,32938982.0,32946981.0,32955356.0,32965955.0,32976362.0,32986444.0,32997095.0,33007041.0,33017053.0,33026839.0,33036041.0,33043613.0,33051195.0,33059260.0,33067482.0,33075180.0,33083125.0,33090832.0,33097566.0,33104294.0,33111231.0,33117935.0,33124815.0,33132096.0,33139212.0,33146152.0,33153065.0,33159996.0,33166832.0,33173539.0,33180038.0,33186095.0,33192230.0,33197910.0,33203663.0,33209680.0,33215633.0,33221519.0,33227340.0,33233100.0,33238779.0,33245630.0,33252720.0,33260005.0,33267212.0,33274409.0,33281339.0,33287829.0,33294283.0,33299986.0,33307415.0,33313843.0,33320049.0,33326076.0,33332021.0,33337973.0,33344134.0,33350561.0,33356844.0,33362929.0,33368846.0,33374814.0,33381096.0,33386972.0,33393330.0,33400085.0,33406756.0,33413314.0,33419519.0,33426244.0,33432561.0,33439112.0,33445367.0,33452631.0,33460302.0,33467349.0,33473869.0,33480041.0,33486227.0,33492514.0,33498947.0,33505408.0,33511745.0,33517831.0,33523858.0,33530120.0,33536464.0,33542702.0,33548721.0,33554420.0,33560155.0,33565960.0,33571952.0,33578029.0,33583876.0,33589670.0,33595588.0,33601353.0,33606975.0,33612807.0,33618486.0,33624277.0,33629928.0,33635464.0,33641074.0,33646667.0,33652361.0,33658393.0,33664304.0,33670123.0,33675472.0,33681019.0,33686541.0,33692012.0,33697191.0,,,,,,,,,33745394.0,33750571.0,33755431.0,33760239.0,33764919.0,33769565.0,33774284.0,33778899.0,33784078.0,33788969.0,33793619.0,33797996.0,33803125.0,33808100.0,33813189.0,33817868.0,33822275.0,33827018.0,33831974.0,33837003.0,33842429.0,33847848.0,33852860.0,33857848.0,33862905.0,33868361.0,33873711.0,33879229.0,33884556.0,33889679.0,33894948.0,33900178.0,33905387.0,33910695.0,33916243.0,33921609.0,33926689.0,33931760.0,33937121.0,33942549.0,33947755.0,33952865.0,33958065.0,33963038.0,33968150.0,33973282.0,33978327.0,33983357.0,33988398.0,33993348.0,33998227.0,34003164.0,34008002.0,34013385.0,34019051.0,34024693.0,34029989.0,34034877.0,34039959.0,34045166.0,34050178.0,34054840.0,34059540.0,34064205.0,34068788.0,34073745.0,34078602.0,34083460.0,34087408.0,34091741.0,34096406.0,34101227
dYRITmpFbJ4,157985741.0,158004151.0,158026035.0,158048875.0,158073199.0,158097545.0,158118243.0,158142039.0,158166993.0,158192111.0,158216951.0,158237250.0,158257940.0,158280492.0,158305316.0,158328328.0,158350649.0,158371707.0,158392503.0,158414664.0,158436985.0,158461730.0,158499397.0,158548671.0,158589411.0,158626855.0,158659243.0,158688821.0,158719466.0,158750026.0,158778790.0,158809677.0,158839334.0,158867021.0,158895079.0,158921187.0,158948293.0,158975370.0,159004416.0,159036991.0,159067569.0,159092730.0,159116900.0,159140412.0,159163774.0,159187863.0,159212722.0,159237900.0,159261585.0,159280858.0,159299287.0,159319992.0,159339369.0,159363261.0,159386752.0,159406789.0,159426378.0,159446854.0,159467738.0,159486892.0,159506358.0,159528302.0,159550610.0,159571552.0,159592125.0,159610735.0,159629716.0,159647950.0,159663912.0,159683469.0,159704200.0,159724704.0,159745950.0,159765749.0,159785228.0,159804241.0,159823769.0,159842378.0,159861862.0,159881479.0,159900176.0,159918334.0,159937591.0,159959031.0,159981549.0,160006382.0,160031520.0,160056155.0,160078593.0,160098504.0,160119021.0,160140876.0,160175358.0,160217918.0,160256832.0,160284395.0,160309366.0,160332516.0,160355049.0,160380621.0,160407303.0,160433076.0,160456010.0,160475152.0,160494817.0,160513680.0,160531866.0,160551239.0,160569698.0,160588168.0,160606260.0,160624654.0,160643251.0,160663019.0,160683324.0,160702589.0,160719822.0,160736592.0,160753168.0,160769689.0,160786625.0,160804858.0,160823929.0,160841770.0,160859748.0,160878255.0,160897164.0,160918387.0,160940575.0,160960992.0,160979564.0,160998812.0,161018201.0,161035959.0,,,,,,,,,161206486.0,161224235.0,161240375.0,161255652.0,161271534.0,161287678.0,161303681.0,161319950.0,161336998.0,161352354.0,161366957.0,161381128.0,161397913.0,161413875.0,161430034.0,161446245.0,161461476.0,161476929.0,161493432.0,161509939.0,161526054.0,161543132.0,161560056.0,161575285.0,161591402.0,161608443.0,161625061.0,161641503.0,161657901.0,161673738.0,161688904.0,161703556.0,161718302.0,161733485.0,161748844.0,161765708.0,161783015.0,161798684.0,161814955.0,161831244.0,161847564.0,161863798.0,161881565.0,161898176.0,161913892.0,161929231.0,161944962.0,161961038.0,161976839.0,161993326.0,162009596.0,162024944.0,162040101.0,162055942.0,162070566.0,162086715.0,162102886.0,162118565.0,162134128.0,162150408.0,162166533.0,162181439.0,162196305.0,162211793.0,162225883.0,162240206.0,162254754.0,162269121.0,162281812.0,162295123.0,162309255.0,162323222
z2ZjutyxmjA,64541979.0,64548561.0,64556047.0,64564148.0,64573560.0,64582366.0,64590745.0,64599172.0,64608646.0,64619073.0,64630240.0,64639528.0,64648086.0,64657520.0,64667915.0,64677714.0,64687655.0,64696381.0,64704388.0,64713047.0,64722883.0,64733515.0,64746224.0,64758715.0,64769827.0,64780940.0,64792314.0,64804167.0,64815850.0,64826746.0,64836703.0,64845930.0,64854340.0,64862632.0,64871010.0,64879033.0,64887136.0,64895092.0,64902402.0,64909406.0,64916105.0,64923121.0,64929433.0,64935620.0,64942752.0,64950524.0,64957718.0,64964812.0,64971403.0,64977792.0,64983856.0,64990798.0,64997302.0,65003456.0,65010554.0,65017417.0,65024278.0,65030988.0,65037926.0,65045380.0,65052910.0,65060496.0,65068117.0,65075477.0,65082646.0,65089879.0,65096994.0,65104459.0,65111470.0,65119987.0,65127439.0,65134153.0,65140964.0,65147829.0,65154465.0,65161176.0,65167884.0,65174716.0,65181158.0,65187400.0,65194119.0,65201505.0,65208992.0,65217066.0,65225349.0,65232698.0,65239605.0,65246912.0,65253825.0,65260342.0,65266991.0,65274108.0,65282570.0,65291715.0,65299993.0,65306889.0,65313688.0,65320738.0,65327729.0,65335044.0,65342554.0,65350126.0,65356758.0,65362789.0,65369056.0,65375271.0,65381404.0,65388271.0,65395040.0,65401243.0,65407539.0,65414312.0,65421469.0,65428147.0,65434841.0,65441344.0,65447537.0,65453469.0,65459437.0,65465160.0,65471217.0,65477311.0,65483065.0,65489142.0,65495172.0,65501412.0,65507504.0,65513429.0,65519563.0,65525594.0,65531969.0,65537655.0,65543347.0,65549034.0,,,,,,,,,65603320.0,65609334.0,65614912.0,65620142.0,65625507.0,65630479.0,65635267.0,65640130.0,65645349.0,65650291.0,65655041.0,65659746.0,65665646.0,65671394.0,65677048.0,65682602.0,65687653.0,65692567.0,65697675.0,65702870.0,65708056.0,65713432.0,65718901.0,65724336.0,65729559.0,65734965.0,65740327.0,65745831.0,65750179.0,65756074.0,65761162.0,65766188.0,65771281.0,65776400.0,65781501.0,65786435.0,65791689.0,65796723.0,65802114.0,65807454.0,65812902.0,65818354.0,65823920.0,65829052.0,65833978.0,65839134.0,65844310.0,65849489.0,65854604.0,65859658.0,65864431.0,65869189.0,65873979.0,65879217.0,65883959.0,65889037.0,65894027.0,65898835.0,65903705.0,65908921.0,65914030.0,65918843.0,65923442.0,65928090.0,65932533.0,65937386.0,65942428.0,65947440.0,65951753.0,65956366.0,65961116.0,65965870
ZlcvaEpCEJ4,1286561.0,1286674.0,1286789.0,1286969.0,1287106.0,1287234.0,1287363.0,1287481.0,1287628.0,1287789.0,1287932.0,1288073.0,1288206.0,1288383.0,1288583.0,1288742.0,1288889.0,1289011.0,1289154.0,1289321.0,1289459.0,1289632.0,1289869.0,1290055.0,1290271.0,1290487.0,1290674.0,1290865.0,1291048.0,1291192.0,1291327.0,1291497.0,1291659.0,1291785.0,1291884.0,1292021.0,1292141.0,1292270.0,1292405.0,1292519.0,1292628.0,1292771.0,1292898.0,1293004.0,1293100.0,1293228.0,1293327.0,1293422.0,1293530.0,1293645.0,1293738.0,1293849.0,1293942.0,1294034.0,1294121.0,1294240.0,1294320.0,1294419.0,1294514.0,1294616.0,1294703.0,1294813.0,1294893.0,1294971.0,1295087.0,1295189.0,1295305.0,1295396.0,1295472.0,1295593.0,1295709.0,1295776.0,1295888.0,1295996.0,1296076.0,1296157.0,1296258.0,1296343.0,1296449.0,1296529.0,1296605.0,1296680.0,1296772.0,1296871.0,1296967.0,1297063.0,1297215.0,1297312.0,1297395.0,1297487.0,1297558.0,1297642.0,1297774.0,1297883.0,1298004.0,1298094.0,1298188.0,1298267.0,1298332.0,1298419.0,1298519.0,1298629.0,1298736.0,1298826.0,1298893.0,1299001.0,1299126.0,1299261.0,1299350.0,1299494.0,1299575.0,1299652.0,1299733.0,1299832.0,1299933.0,1300027.0,1300118.0,1300218.0,1300309.0,1300364.0,1300432.0,1300545.0,1300643.0,1300749.0,1300853.0,1300923.0,1300999.0,1301078.0,1301163.0,1301240.0,1301327.0,1301409.0,1301484.0,1301567.0,,,,,,,,,1302206.0,1302279.0,1302347.0,1302422.0,1302483.0,1302541.0,1302599.0,1302678.0,1302766.0,1302829.0,1302891.0,1302975.0,1303079.0,1303171.0,1303272.0,1303370.0,1303449.0,1303514.0,1303581.0,1303670.0,1303760.0,1303859.0,1303962.0,1304072.0,1304163.0,1304264.0,1304372.0,1304453.0,1304568.0,1304692.0,1304781.0,1304898.0,1304980.0,1305056.0,1305138.0,1305232.0,1305329.0,1305408.0,1305469.0,1305534.0,1305611.0,1305670.0,1305754.0,1305850.0,1305940.0,1306027.0,1306117.0,1306178.0,1306232.0,1306306.0,1306385.0,1306480.0,1306564.0,1306644.0,1306738.0,1306820.0,1306913.0,1306993.0,1307053.0,1307170.0,1307231.0,1307308.0,1307385.0,1307442.0,1307533.0,1307590.0,1307669.0,1307762.0,1307835.0,1307933.0,1308018.0,1308095
iTgcp1oDk2M,16173771.0,16174953.0,16176308.0,16177811.0,16179295.0,16180717.0,16182162.0,16183620.0,16185116.0,16186682.0,16188264.0,16189673.0,16191194.0,16192670.0,16194213.0,16195626.0,16197106.0,16198549.0,16199928.0,16201317.0,16202819.0,16204355.0,16205979.0,16207704.0,16209419.0,16210812.0,16212192.0,16213597.0,16214967.0,16216286.0,16217681.0,16219032.0,16220351.0,16221678.0,16223067.0,16224444.0,16225918.0,16227405.0,16228814.0,16230228.0,16231640.0,16232928.0,16234316.0,16235653.0,16237030.0,16238368.0,16239659.0,16241009.0,16242189.0,16243365.0,16244593.0,16245830.0,16247009.0,16248120.0,16249501.0,16250757.0,16252101.0,16253407.0,16254819.0,16256159.0,16257422.0,16258763.0,16260107.0,16261468.0,16262784.0,16264168.0,16265620.0,16267027.0,16268302.0,16269904.0,16271347.0,16272797.0,16274218.0,16275654.0,16277074.0,16278575.0,16280076.0,16281674.0,16283350.0,16284818.0,16286255.0,16287736.0,16289038.0,16290323.0,16291735.0,16293194.0,16294723.0,16296280.0,16297862.0,16299340.0,16300864.0,16302387.0,16304128.0,16306152.0,16308119.0,16309650.0,16311067.0,16312534.0,16313989.0,16315458.0,16317016.0,16318718.0,16320328.0,16321826.0,16323344.0,16324832.0,16326232.0,16327847.0,16329384.0,16331025.0,16332915.0,16334616.0,16336281.0,16338078.0,16340026.0,16341978.0,16343683.0,16345301.0,16346837.0,16348465.0,16350322.0,16352253.0,16354137.0,16355863.0,16357657.0,16359487.0,16361337.0,16363576.0,16365792.0,16367875.0,16370063.0,16372132.0,16374156.0,16376009.0,,,,,,,,,16393000.0,16395281.0,16397116.0,16399075.0,16401319.0,16403357.0,16405265.0,16407587.0,16410925.0,16414107.0,16417346.0,16420409.0,16423763.0,16427147.0,16430834.0,16434715.0,16438340.0,16442250.0,16446319.0,16450710.0,16454821.0,16459672.0,16464229.0,16468509.0,16473193.0,16477867.0,16482861.0,16488069.0,16493351.0,16498939.0,16504534.0,16510379.0,16516339.0,16522719.0,16529093.0,16535559.0,16542148.0,16549661.0,16557953.0,16566575.0,16575531.0,16584672.0,16593822.0,16603043.0,16612103.0,16620715.0,16629396.0,16638442.0,16647122.0,16656217.0,16665963.0,16675597.0,16684321.0,16693285.0,16702118.0,16711607.0,16721626.0,16731410.0,16741364.0,16753038.0,16772412.0,16806028.0,16824810.0,16834774.0,16841671.0,16847869.0,16853408.0,16858475.0,16863002.0,16865830.0,16868449.0,16870995
v3ceiT02NqY,6386.0,6386.0,6386.0,6386.0,6386.0,6386.0,6387.0,6389.0,6390.0,6391.0,6391.0,6391.0,6391.0,6392.0,6392.0,6392.0,6392.0,6393.0,6394.0,6395.0,6395.0,6395.0,6395.0,6397.0,6401.0,6402.0,6402.0,6402.0,6402.0,6403.0,6403.0,6403.0,6403.0,6403.0,6403.0,6403.0,6403.0,6403.0,6404.0,6405.0,6405.0,6406.0,6408.0,6408.0,6408.0,6408.0,6408.0,6408.0,6408.0,6408.0,6408.0,6408.0,6409.0,6411.0,6413.0,6413.0,6415.0,6415.0,6415.0,6415.0,6415.0,6416.0,6416.0,6417.0,6417.0,6418.0,6419.0,6420.0,6420.0,6420.0,6420.0,6421.0,6422.0,6422.0,6422.0,6423.0,6426.0,6426.0,6426.0,6426.0,6426.0,6427.0,6427.0,6427.0,6427.0,6427.0,6427.0,6428.0,6428.0,6429.0,6429.0,6429.0,6429.0,6429.0,6429.0,6429.0,6429.0,6429.0,6429.0,6429.0,6431.0,6431.0,6431.0,6432.0,6432.0,6432.0,6432.0,6433.0,6434.0,6435.0,6435.0,6437.0,6439.0,6440.0,6441.0,6443.0,6443.0,6443.0,6443.0,6443.0,6443.0,6445.0,6445.0,6445.0,6446.0,6446.0,6447.0,6447.0,6447.0,6448.0,6448.0,6448.0,6448.0,6448.0,,,,,,,,,6451.0,6452.0,6452.0,6453.0,6453.0,6453.0,6453.0,6453.0,6453.0,6454.0,6454.0,6454.0,6454.0,6454.0,6454.0,6454.0,6454.0,6454.0,6454.0,6455.0,6455.0,6455.0,6455.0,6457.0,6458.0,6458.0,6459.0,6459.0,6459.0,6459.0,6459.0,6459.0,6459.0,6459.0,6459.0,6459.0,6459.0,6459.0,6459.0,6459.0,6460.0,6459.0,6460.0,6460.0,6460.0,6460.0,6460.0,6460.0,6460.0,6460.0,6460.0,6460.0,6460.0,6461.0,6461.0,6461.0,6461.0,6461.0,6462.0,6463.0,6463.0,6463.0,6463.0,6463.0,6463.0,6464.0,6464.0,6464.0,6464.0,6464.0,6464.0,6464
VBk9MF7Iid4,491317.0,491339.0,491372.0,491406.0,491438.0,491474.0,491506.0,491540.0,491578.0,491628.0,491673.0,491710.0,491755.0,491804.0,491848.0,491892.0,491935.0,491982.0,492020.0,492055.0,492102.0,492137.0,492177.0,492219.0,492268.0,492314.0,492354.0,492398.0,492433.0,492466.0,492510.0,492542.0,492574.0,492603.0,492650.0,492690.0,492723.0,492763.0,492790.0,492820.0,492851.0,492893.0,492926.0,492958.0,492993.0,493018.0,493060.0,493094.0,493128.0,493174.0,493198.0,493230.0,493265.0,493302.0,493325.0,493371.0,493407.0,493437.0,493469.0,493510.0,493545.0,493575.0,493631.0,493667.0,493718.0,493750.0,493790.0,493851.0,493899.0,493946.0,493990.0,494038.0,494098.0,494132.0,494157.0,494197.0,494232.0,494262.0,494302.0,494350.0,494398.0,494434.0,494476.0,494528.0,494575.0,494604.0,494649.0,494679.0,494731.0,494778.0,494819.0,494849.0,494896.0,494952.0,494998.0,495050.0,495099.0,495140.0,495186.0,495223.0,495256.0,495287.0,495335.0,495384.0,495420.0,495475.0,495521.0,495566.0,495604.0,495655.0,495689.0,495727.0,495769.0,495795.0,495818.0,495854.0,495887.0,495935.0,495972.0,496012.0,496052.0,496104.0,496139.0,496171.0,496216.0,496262.0,496298.0,496335.0,496374.0,496410.0,496443.0,496482.0,496532.0,496575.0,,,,,,,,,496988.0,497022.0,497061.0,497104.0,497142.0,497181.0,497222.0,497263.0,497305.0,497355.0,497384.0,497429.0,497475.0,497542.0,497598.0,497650.0,497690.0,497755.0,497811.0,497861.0,497918.0,497976.0,498042.0,498090.0,498167.0,498218.0,498273.0,498337.0,498391.0,498432.0,498488.0,498546.0,498591.0,498636.0,498688.0,498743.0,498790.0,498834.0,498887.0,498942.0,498992.0,499055.0,499108.0,499164.0,499238.0,499312.0,499342.0,499384.0,499426.0,499487.0,499542.0,499580.0,499637.0,499692.0,499750.0,499794.0,499828.0,499865.0,499907.0,499967.0,500015.0,500058.0,500107.0,500150.0,500197.0,500243.0,500280.0,500323.0,500365.0,500424.0,500459.0,500512
OVtyL82gdK0,43375.0,43519.0,43712.0,43815.0,43982.0,44128.0,44295.0,44468.0,44618.0,44730.0,44819.0,44938.0,45041.0,45169.0,45334.0,45474.0,45620.0,45746.0,45904.0,46031.0,46182.0,46339.0,46485.0,46578.0,46666.0,46784.0,46919.0,47036.0,47174.0,47288.0,47414.0,47524.0,47642.0,47769.0,47907.0,48014.0,48115.0,48208.0,48293.0,48399.0,48496.0,48615.0,48709.0,48834.0,48907.0,48965.0,49061.0,49173.0,49267.0,49356.0,49470.0,49585.0,49687.0,49757.0,49856.0,49953.0,50034.0,50123.0,50215.0,50274.0,50344.0,50426.0,50513.0,50580.0,50679.0,50763.0,50816.0,50900.0,50958.0,51064.0,51124.0,51182.0,51259.0,51300.0,51371.0,51455.0,51534.0,51595.0,51696.0,51779.0,51851.0,51928.0,52004.0,52092.0,52185.0,52283.0,52336.0,52395.0,52468.0,52545.0,52639.0,52732.0,52815.0,52902.0,52964.0,53029.0,53109.0,53215.0,53283.0,53370.0,53440.0,53496.0,53573.0,53665.0,53734.0,53791.0,53869.0,53940.0,53976.0,54026.0,54066.0,54125.0,54188.0,54311.0,54479.0,54601.0,54788.0,54941.0,55075.0,55190.0,55276.0,55417.0,55547.0,55678.0,55821.0,56064.0,56203.0,56354.0,56462.0,56577.0,56695.0,56846.0,57016.0,57155.0,,,,,,,,,58457.0,58567.0,58701.0,58816.0,59001.0,59162.0,59285.0,59426.0,59586.0,59729.0,59887.0,60047.0,60184.0,60326.0,60470.0,60600.0,60772.0,60914.0,61043.0,61148.0,61214.0,61288.0,61352.0,61433.0,61517.0,61595.0,61686.0,61774.0,61845.0,61902.0,61976.0,62040.0,62114.0,62191.0,62266.0,62348.0,62410.0,62482.0,62593.0,62679.0,62769.0,62844.0,62905.0,62953.0,63033.0,63108.0,63187.0,63268.0,63363.0,63441.0,63497.0,63573.0,63631.0,63691.0,63750.0,63828.0,63882.0,63944.0,64010.0,64068.0,64144.0,64203.0,64273.0,64350.0,64393.0,64448.0,64534.0,64596.0,64640.0,64713.0,64763.0,64805
RP4lbSymeZ4,22956317.0,22956998.0,22957749.0,22958446.0,22959236.0,22960022.0,22960814.0,22961659.0,22962510.0,22963386.0,22964217.0,22964966.0,22965745.0,22966519.0,22967340.0,22968089.0,22968868.0,22969633.0,22970395.0,22971210.0,22971986.0,22972926.0,22973780.0,22974758.0,22975638.0,22976556.0,22977417.0,22978270.0,22979214.0,22980023.0,22981069.0,22981897.0,22982741.0,22983522.0,22984427.0,22985329.0,22986447.0,22988081.0,22989281.0,22990210.0,22991170.0,22992091.0,22993052.0,22993969.0,22994936.0,22995839.0,22996845.0,22997830.0,22998672.0,22999753.0,23000722.0,23001762.0,23002717.0,23003601.0,23004535.0,23005513.0,23006438.0,23007459.0,23008412.0,23009372.0,23010409.0,23011508.0,23012585.0,23013677.0,23014710.0,23015682.0,23016620.0,23017547.0,23018524.0,23019644.0,23020688.0,23021739.0,23022806.0,23023880.0,23024853.0,23025846.0,23026877.0,23027922.0,23028951.0,23029937.0,23030800.0,23031713.0,23032624.0,23033647.0,23034679.0,23035708.0,23036605.0,23037363.0,23038350.0,23039330.0,23040263.0,23041169.0,23042230.0,23043254.0,23044239.0,23045167.0,23046053.0,23046950.0,23047939.0,23048878.0,23049799.0,23050673.0,23051628.0,23052433.0,23053337.0,23054233.0,23055042.0,23055878.0,23056722.0,23057598.0,23058430.0,23059372.0,23060314.0,23061391.0,23062447.0,23063410.0,23064314.0,23065248.0,23066219.0,23067118.0,23068033.0,23068912.0,23069711.0,23070563.0,23071353.0,23072263.0,23073125.0,23074055.0,23075039.0,23075925.0,23076826.0,23077776.0,23078685.0,23079628.0,,,,,,,,,23088119.0,23088968.0,23089761.0,23090806.0,23091779.0,23092663.0,23093444.0,23094310.0,23095200.0,23096104.0,23096988.0,23097838.0,23098811.0,23099737.0,23100688.0,23101546.0,23102420.0,23103272.0,23104252.0,23105123.0,23105920.0,23106845.0,23107695.0,23108601.0,23109503.0,23110406.0,23111264.0,23112210.0,23113168.0,23114047.0,23114877.0,23115779.0,23116680.0,23117527.0,23118380.0,23119267.0,23120048.0,23120906.0,23121858.0,23122680.0,23123758.0,23124632.0,23125629.0,23126459.0,23127270.0,23128117.0,23129016.0,23129971.0,23130994.0,23132004.0,23132864.0,23133726.0,23134835.0,23135992.0,23137271.0,23138510.0,23139566.0,23140603.0,23141565.0,23142605.0,23143714.0,23144723.0,23145690.0,23146753.0,23147800.0,23149116.0,23150255.0,23151525.0,23152579.0,23153665.0,23154803.0,23155988
J2j8nWDwhuk,404811.0,404838.0,404879.0,404917.0,404955.0,404985.0,405014.0,405055.0,405096.0,405129.0,405158.0,405195.0,405237.0,405279.0,405315.0,405363.0,405384.0,405424.0,405455.0,405498.0,405532.0,405561.0,405582.0,405605.0,405636.0,405669.0,405701.0,405732.0,405761.0,405792.0,405810.0,405838.0,405860.0,405879.0,405916.0,405946.0,405979.0,406011.0,406032.0,406075.0,406107.0,406138.0,406172.0,406205.0,406242.0,406276.0,406299.0,406322.0,406354.0,406373.0,406399.0,406428.0,406458.0,406486.0,406504.0,406540.0,406570.0,406604.0,406626.0,406649.0,406668.0,406702.0,406735.0,406768.0,406796.0,406832.0,406853.0,406883.0,406916.0,406954.0,406982.0,407015.0,407040.0,407071.0,407092.0,407119.0,407148.0,407179.0,407213.0,407239.0,407267.0,407295.0,407331.0,407363.0,407394.0,407428.0,407457.0,407482.0,407508.0,407548.0,407582.0,407612.0,407642.0,407677.0,407710.0,407733.0,407764.0,407792.0,407813.0,407842.0,407870.0,407896.0,407916.0,407957.0,407996.0,408019.0,408056.0,408083.0,408118.0,408152.0,408198.0,408231.0,408254.0,408285.0,408320.0,408351.0,408384.0,408412.0,408456.0,408476.0,408514.0,408543.0,408575.0,408603.0,408642.0,408684.0,408721.0,408763.0,408800.0,408835.0,408870.0,408920.0,408957.0,409000.0,,,,,,,,,409314.0,409351.0,409382.0,409421.0,409455.0,409490.0,409526.0,409555.0,409590.0,409629.0,409671.0,409708.0,409753.0,409782.0,409813.0,409858.0,409892.0,409934.0,409975.0,410005.0,410044.0,410067.0,410110.0,410155.0,410191.0,410222.0,410264.0,410304.0,410333.0,410378.0,410402.0,410441.0,410479.0,410513.0,410543.0,410571.0,410606.0,410637.0,410663.0,410702.0,410731.0,410763.0,410782.0,410816.0,410842.0,410869.0,410900.0,410941.0,410971.0,410995.0,411013.0,411038.0,411087.0,411135.0,411169.0,411219.0,411256.0,411301.0,411352.0,411386.0,411416.0,411452.0,411494.0,411533.0,411562.0,411601.0,411631.0,411663.0,411710.0,411748.0,411789.0,411826
0m0w1wEReOI,18913071.0,18913489.0,18913965.0,18914433.0,18914834.0,18915357.0,18915778.0,18916182.0,18916669.0,18917120.0,18917537.0,18917949.0,18918382.0,18918812.0,18919268.0,18919738.0,18920198.0,18920691.0,18921137.0,18921579.0,18922050.0,18922635.0,18923151.0,18923611.0,18924103.0,18924616.0,18925022.0,18925459.0,18925863.0,18926250.0,18926713.0,18927207.0,18927568.0,18927998.0,18928414.0,18928863.0,18929299.0,18929870.0,18930631.0,18931200.0,18931669.0,18932178.0,18932656.0,18933153.0,18933625.0,18934115.0,18934614.0,18935224.0,18935718.0,18936198.0,18936601.0,18937075.0,18937512.0,18937946.0,18938439.0,18939015.0,18939524.0,18940039.0,18940469.0,18940885.0,18941312.0,18941755.0,18942161.0,18942637.0,18943057.0,18943487.0,18943894.0,18944325.0,18944716.0,18945183.0,18945644.0,18946120.0,18946583.0,18947065.0,18947519.0,18947936.0,18948341.0,18948746.0,18949252.0,18949755.0,18950291.0,18950768.0,18951269.0,18951784.0,18952365.0,18952956.0,18953548.0,18954216.0,18954848.0,18955460.0,18956074.0,18956627.0,18957332.0,18957899.0,18958491.0,18958994.0,18959504.0,18959986.0,18960509.0,18960997.0,18961594.0,18962098.0,18962586.0,18963084.0,18963458.0,18964012.0,18964571.0,18965085.0,18965529.0,18965961.0,18966495.0,18966973.0,18967445.0,18967965.0,18968421.0,18968965.0,18969491.0,18969990.0,18970512.0,18971045.0,18971562.0,18972037.0,18972508.0,18972985.0,18973556.0,18974111.0,18974617.0,18975164.0,18975709.0,18976231.0,18976779.0,18977308.0,18977898.0,18978459.0,,,,,,,,,18983238.0,18983710.0,18984198.0,18984669.0,18985246.0,18985678.0,18986144.0,18986656.0,18987199.0,18987645.0,18988094.0,18988738.0,18989346.0,18989947.0,18990546.0,18991043.0,18991570.0,18992232.0,18992842.0,18993313.0,18993808.0,18994233.0,18994680.0,18995055.0,18995474.0,18995963.0,18996478.0,18997076.0,18997638.0,18998152.0,18998718.0,18999193.0,18999696.0,19000289.0,19000778.0,19001206.0,19001694.0,19002277.0,19002849.0,19003362.0,19003866.0,19004382.0,19004865.0,19005343.0,19005831.0,19006352.0,19006789.0,19007227.0,19007786.0,19008180.0,19008609.0,19009163.0,19009717.0,19010224.0,19010835.0,19011442.0,19012073.0,19012653.0,19013239.0,19013894.0,19014485.0,19014972.0,19015565.0,19016163.0,19016717.0,19017354.0,19017974.0,19018561.0,19019132.0,19019765.0,19020358.0,19020897
AbB86QB922w,185438.0,185479.0,185497.0,185524.0,185549.0,185584.0,185635.0,185675.0,185710.0,185759.0,185814.0,185852.0,185897.0,185930.0,185969.0,186010.0,186046.0,186072.0,186105.0,186144.0,186179.0,186213.0,186256.0,186297.0,186319.0,186358.0,186395.0,186447.0,186500.0,186532.0,186581.0,186618.0,186651.0,186686.0,186720.0,186757.0,186811.0,186865.0,186898.0,186963.0,187035.0,187079.0,187133.0,187189.0,187228.0,187255.0,187290.0,187341.0,187391.0,187436.0,187473.0,187515.0,187549.0,187586.0,187632.0,187679.0,187723.0,187766.0,187786.0,187822.0,187876.0,187926.0,187974.0,188009.0,188059.0,188096.0,188131.0,188179.0,188226.0,188268.0,188309.0,188364.0,188406.0,188445.0,188487.0,188524.0,188563.0,188602.0,188642.0,188677.0,188725.0,188777.0,188812.0,188861.0,188893.0,188942.0,188971.0,189009.0,189053.0,189088.0,189123.0,189171.0,189214.0,189247.0,189280.0,189320.0,189368.0,189408.0,189442.0,189485.0,189509.0,189543.0,189583.0,189620.0,189666.0,189713.0,189752.0,189790.0,189836.0,189874.0,189905.0,189946.0,189998.0,190035.0,190068.0,190104.0,190132.0,190168.0,190224.0,190254.0,190290.0,190326.0,190373.0,190411.0,190458.0,190493.0,190549.0,190605.0,190651.0,190691.0,190718.0,190760.0,190806.0,190849.0,,,,,,,,,191195.0,191236.0,191274.0,191306.0,191345.0,191382.0,191430.0,191472.0,191525.0,191562.0,191594.0,191632.0,191689.0,191747.0,191790.0,191830.0,191864.0,191910.0,191948.0,191981.0,192018.0,192043.0,192072.0,192104.0,192141.0,192179.0,192221.0,192257.0,192281.0,192318.0,192362.0,192416.0,192471.0,192514.0,192567.0,192607.0,192651.0,192700.0,192763.0,192800.0,192863.0,192914.0,192971.0,193006.0,193048.0,193103.0,193216.0,193290.0,193369.0,193456.0,193514.0,193582.0,193657.0,193722.0,193784.0,193832.0,193877.0,193921.0,193993.0,194047.0,194119.0,194194.0,194240.0,194300.0,194354.0,194416.0,194472.0,194540.0,194571.0,194620.0,194678.0,194734
wHbRK5ScLI0,21593.0,21593.0,21593.0,21593.0,21593.0,21593.0,21593.0,21593.0,21593.0,21593.0,21593.0,21593.0,21593.0,21593.0,21593.0,21593.0,21593.0,21593.0,21593.0,21593.0,21593.0,21593.0,21593.0,21593.0,21593.0,21593.0,21593.0,21593.0,21593.0,21593.0,21593.0,21593.0,21593.0,21593.0,21593.0,21593.0,21593.0,21593.0,21593.0,21593.0,21593.0,21593.0,21593.0,21593.0,21593.0,21593.0,21593.0,21593.0,21593.0,21593.0,21593.0,21593.0,21593.0,21593.0,21593.0,21593.0,21593.0,21593.0,21593.0,21593.0,21593.0,21593.0,21593.0,21593.0,21593.0,21593.0,21593.0,21593.0,21593.0,21593.0,21593.0,21593.0,21593.0,21593.0,21593.0,21593.0,21593.0,21593.0,21593.0,21593.0,21593.0,21593.0,21593.0,21593.0,21593.0,21593.0,21593.0,21593.0,21593.0,21593.0,21593.0,21593.0,21593.0,21593.0,21593.0,21593.0,21593.0,21593.0,21593.0,21593.0,21593.0,21593.0,21593.0,21593.0,21593.0,21593.0,21593.0,21593.0,21593.0,21593.0,21593.0,21593.0,21593.0,21593.0,21593.0,21593.0,21593.0,21593.0,21593.0,21593.0,21593.0,21593.0,21593.0,21593.0,21593.0,21593.0,21593.0,21593.0,21593.0,21593.0,21593.0,21593.0,21593.0,21593.0,,,,,,,,,21593.0,21593.0,21593.0,21593.0,21593.0,21593.0,21593.0,21593.0,21593.0,21593.0,21593.0,21593.0,21593.0,21593.0,21593.0,21593.0,21593.0,21593.0,21593.0,21593.0,21593.0,21593.0,21593.0,21593.0,21593.0,21593.0,21593.0,21593.0,21593.0,21593.0,21593.0,21593.0,21593.0,21593.0,21593.0,21593.0,21593.0,21593.0,21593.0,21593.0,21593.0,21593.0,21593.0,21593.0,21593.0,21593.0,21593.0,21593.0,21593.0,21593.0,21593.0,21593.0,21593.0,21593.0,21593.0,21593.0,21593.0,21593.0,21593.0,21593.0,21593.0,21593.0,21593.0,21593.0,21593.0,21593.0,21593.0,21593.0,21593.0,21593.0,21593.0,21593
fGbUtN-kiPc,321452.0,321758.0,322122.0,322436.0,322796.0,323215.0,323617.0,324002.0,324449.0,324870.0,325179.0,325632.0,326009.0,326404.0,326781.0,327160.0,327497.0,327842.0,328197.0,328606.0,329129.0,329541.0,330014.0,330430.0,330748.0,331162.0,331522.0,331918.0,332397.0,332883.0,333324.0,333626.0,334079.0,334491.0,334916.0,335338.0,335844.0,336310.0,336646.0,337016.0,337414.0,337861.0,338452.0,338963.0,339326.0,339685.0,340117.0,340531.0,340951.0,341369.0,341874.0,342249.0,342625.0,343023.0,343386.0,343789.0,344172.0,344592.0,344929.0,345196.0,345459.0,345792.0,346115.0,346396.0,346720.0,347033.0,347251.0,347578.0,347871.0,348306.0,348686.0,349020.0,349304.0,349576.0,349942.0,350350.0,350683.0,351110.0,351488.0,351903.0,352276.0,352723.0,353171.0,353633.0,354021.0,354535.0,354906.0,355191.0,355601.0,356022.0,356482.0,356810.0,357277.0,357665.0,357923.0,358270.0,358618.0,358972.0,359410.0,359788.0,360139.0,360407.0,360748.0,361110.0,361600.0,361989.0,362443.0,362866.0,363139.0,363465.0,363852.0,364253.0,364736.0,365087.0,365444.0,365831.0,366206.0,366615.0,366937.0,367460.0,367856.0,368182.0,368464.0,368683.0,368906.0,369242.0,369547.0,369875.0,370262.0,370543.0,370914.0,371302.0,371761.0,372189.0,,,,,,,,,375524.0,375846.0,376223.0,376600.0,376968.0,377280.0,377532.0,377745.0,377983.0,378263.0,378510.0,378799.0,379114.0,379369.0,379636.0,379817.0,380035.0,380329.0,380613.0,380918.0,381293.0,381633.0,381913.0,382310.0,382788.0,383300.0,383826.0,384414.0,384942.0,385351.0,385859.0,386389.0,386914.0,387515.0,388112.0,388572.0,388960.0,389462.0,389995.0,390582.0,391114.0,391607.0,392107.0,392566.0,393034.0,393514.0,394028.0,394540.0,395083.0,395529.0,395920.0,396348.0,396908.0,397413.0,397850.0,398411.0,398884.0,399310.0,399861.0,400419.0,400979.0,401450.0,402059.0,402568.0,403067.0,403581.0,404108.0,404678.0,405098.0,405569.0,406014.0,406437
Mr--RsAYrNI,140448.0,140572.0,140709.0,140818.0,140942.0,141097.0,141273.0,141477.0,141652.0,141841.0,141933.0,142170.0,142380.0,142601.0,142772.0,143127.0,143511.0,143714.0,143927.0,144293.0,144777.0,145274.0,145623.0,145945.0,146217.0,146481.0,146767.0,146994.0,147243.0,147474.0,147669.0,147795.0,147978.0,148151.0,148328.0,148474.0,148678.0,148870.0,149046.0,149264.0,149592.0,149976.0,150477.0,150912.0,151275.0,151533.0,151785.0,152005.0,152250.0,152462.0,152698.0,152894.0,153023.0,153204.0,153393.0,153574.0,153748.0,153911.0,154096.0,154290.0,154554.0,154839.0,155301.0,155614.0,155864.0,156117.0,156309.0,156513.0,156742.0,157369.0,157873.0,158214.0,158433.0,158596.0,158805.0,158984.0,159181.0,159359.0,159581.0,159745.0,159938.0,160133.0,160342.0,160569.0,160751.0,160985.0,161199.0,161349.0,161696.0,162000.0,162249.0,162532.0,162816.0,163045.0,163268.0,163486.0,163783.0,164044.0,164311.0,164607.0,164873.0,165085.0,165308.0,165555.0,165908.0,166143.0,166472.0,166880.0,167107.0,167327.0,167552.0,167896.0,168232.0,168519.0,168765.0,169067.0,169344.0,169567.0,169821.0,170040.0,170267.0,170444.0,170640.0,170837.0,171004.0,171206.0,171309.0,171505.0,171663.0,171832.0,172107.0,172388.0,172606.0,172842.0,,,,,,,,,174584.0,174704.0,174861.0,175020.0,175159.0,175314.0,175474.0,175602.0,175758.0,175901.0,176089.0,176287.0,176464.0,176659.0,176867.0,176982.0,177136.0,177337.0,177564.0,177769.0,178218.0,178585.0,178919.0,179386.0,179816.0,180399.0,180904.0,181495.0,181968.0,182424.0,182915.0,183486.0,183995.0,184434.0,184941.0,185353.0,185611.0,185993.0,186388.0,186809.0,187233.0,187682.0,187991.0,188311.0,188674.0,189002.0,189410.0,189818.0,190245.0,190545.0,190831.0,191151.0,191480.0,191912.0,192257.0,192675.0,193010.0,193294.0,193719.0,194174.0,194616.0,194936.0,195297.0,195696.0,195995.0,196336.0,196762.0,197161.0,197431.0,197739.0,198056.0,198355
Ccz4a0Jrv7M,12087.0,12100.0,12121.0,12138.0,12156.0,12171.0,12188.0,12214.0,12235.0,12250.0,12278.0,12296.0,12299.0,12316.0,12324.0,12343.0,12361.0,12374.0,12390.0,12406.0,12420.0,12435.0,12458.0,12464.0,12473.0,12501.0,12516.0,12529.0,12548.0,12563.0,12587.0,12597.0,12616.0,12635.0,12648.0,12667.0,12681.0,12698.0,12712.0,12726.0,12747.0,12768.0,12781.0,12795.0,12809.0,12825.0,12840.0,12856.0,12878.0,12890.0,12905.0,12918.0,12939.0,12953.0,12968.0,12979.0,12998.0,13017.0,13034.0,13043.0,13057.0,13073.0,13088.0,13100.0,13126.0,13134.0,13144.0,13155.0,13158.0,13169.0,13179.0,13193.0,13201.0,13207.0,13218.0,13233.0,13239.0,13248.0,13256.0,13271.0,13276.0,13298.0,13304.0,13320.0,13332.0,13338.0,13346.0,13359.0,13367.0,13379.0,13388.0,13401.0,13412.0,13424.0,13435.0,13445.0,13459.0,13473.0,13488.0,13498.0,13510.0,13521.0,13531.0,13540.0,13549.0,13565.0,13579.0,13586.0,13597.0,13607.0,13610.0,13621.0,13632.0,13641.0,13648.0,13653.0,13662.0,13671.0,13688.0,13700.0,13712.0,13717.0,13721.0,13727.0,13735.0,13741.0,13745.0,13752.0,13755.0,13761.0,13767.0,13777.0,13784.0,13789.0,,,,,,,,,13848.0,13853.0,13860.0,13871.0,13881.0,13886.0,13890.0,13898.0,13905.0,13907.0,13916.0,13931.0,13941.0,13949.0,13958.0,13962.0,13968.0,13972.0,13980.0,13990.0,13999.0,14005.0,14012.0,14015.0,14022.0,14027.0,14037.0,14047.0,14055.0,14065.0,14074.0,14082.0,14088.0,14099.0,14105.0,14109.0,14113.0,14119.0,14126.0,14134.0,14137.0,14141.0,14148.0,14151.0,14152.0,14155.0,14162.0,14167.0,14173.0,14178.0,14181.0,14188.0,14191.0,14200.0,14205.0,14209.0,14211.0,14217.0,14221.0,14226.0,14232.0,14236.0,14239.0,14247.0,14251.0,14257.0,14267.0,14274.0,14274.0,14277.0,14282.0,14283
TYAHnjHDxKs,980307.0,981415.0,982503.0,983316.0,984444.0,986085.0,987642.0,989140.0,990536.0,991860.0,992842.0,994108.0,995327.0,996425.0,997792.0,999264.0,1000210.0,1001333.0,1002430.0,1003849.0,1005581.0,1007451.0,1009780.0,1011697.0,1013045.0,1014578.0,1016338.0,1018220.0,1020183.0,1022289.0,1023960.0,1025079.0,1026633.0,1028324.0,1030393.0,1032283.0,1034076.0,1035313.0,1036546.0,1038058.0,1039896.0,1041807.0,1043618.0,1045341.0,1047029.0,1048455.0,1050219.0,1052471.0,1054208.0,1056116.0,1058059.0,1060083.0,1061878.0,1064096.0,1066331.0,1068439.0,1070439.0,1072487.0,1074196.0,1075757.0,1077394.0,1079091.0,1080701.0,1082294.0,1083824.0,1085308.0,1086440.0,1088263.0,1089445.0,1091506.0,1093370.0,1094793.0,1096301.0,1097526.0,1099120.0,1100703.0,1102274.0,1103687.0,1105223.0,1106614.0,1107861.0,1109531.0,1111129.0,1112960.0,1114804.0,1116990.0,1118906.0,1120180.0,1121963.0,1123694.0,1125483.0,1127143.0,1129019.0,1130992.0,1133027.0,1134822.0,1136664.0,1138303.0,1139817.0,1141355.0,1142586.0,1143847.0,1145426.0,1146987.0,1148252.0,1149751.0,1151263.0,1152419.0,1153752.0,1155178.0,1156636.0,1158259.0,1160034.0,1161892.0,1163312.0,1164645.0,1166153.0,1167748.0,1169293.0,1170700.0,1172068.0,1173165.0,1174282.0,1175808.0,1177625.0,1179678.0,1181551.0,1183304.0,1184797.0,1185767.0,1186871.0,1187975.0,1189123.0,1190331.0,,,,,,,,,1200033.0,1200817.0,1201716.0,1202721.0,1203615.0,1204496.0,1205346.0,1205941.0,1206728.0,1207536.0,1208485.0,1209403.0,1210510.0,1211542.0,1212426.0,1212999.0,1213770.0,1214672.0,1215637.0,1216492.0,1218117.0,1219606.0,1221010.0,1222992.0,1224696.0,1226560.0,1228483.0,1230680.0,1232807.0,1234361.0,1236348.0,1238383.0,1240474.0,1242218.0,1244460.0,1246100.0,1247368.0,1249112.0,1250787.0,1252474.0,1254299.0,1256172.0,1257645.0,1258959.0,1260512.0,1262150.0,1264137.0,1265759.0,1267805.0,1269313.0,1270465.0,1272127.0,1273916.0,1275817.0,1277434.0,1279275.0,1281062.0,1282395.0,1284687.0,1286728.0,1289168.0,1290982.0,1292914.0,1294616.0,1296009.0,1298068.0,1300454.0,1302618.0,1304139.0,1305935.0,1307619.0,1309256
5huBq36OLDs,45896967.0,45900745.0,45904966.0,45910005.0,45914146.0,45918608.0,45923141.0,45927610.0,45932376.0,45936981.0,45941723.0,45945859.0,45950193.0,45954626.0,45959099.0,45963425.0,45968111.0,45973476.0,45979298.0,45985640.0,45993845.0,46004323.0,46014948.0,46024999.0,46034253.0,46041696.0,46050001.0,46058673.0,46067327.0,46075932.0,46084839.0,46093113.0,46101208.0,46109246.0,46117167.0,46125513.0,46133931.0,46141681.0,46149974.0,46157847.0,46166087.0,46175249.0,46183993.0,46193197.0,46202701.0,46211020.0,46217925.0,46225603.0,46233204.0,46240436.0,46247304.0,46254850.0,46261846.0,46268762.0,46276359.0,46283320.0,46290293.0,46297347.0,46304698.0,46312124.0,46318022.0,46324292.0,46330563.0,46337136.0,46343784.0,46350526.0,46357409.0,46363493.0,46369499.0,46376587.0,46383478.0,46390368.0,46397286.0,46403962.0,46410214.0,46416833.0,46423341.0,46429515.0,46435763.0,46441933.0,46448250.0,46453883.0,46460080.0,46466180.0,46472091.0,46477963.0,46483992.0,46489815.0,46494945.0,46500326.0,46505986.0,46511125.0,46516232.0,46521197.0,46526531.0,46531977.0,46537988.0,46544497.0,46550812.0,46556849.0,46563033.0,46569262.0,46574625.0,46580210.0,46585781.0,46591551.0,46597293.0,46602949.0,46608916.0,46614232.0,46619482.0,46624719.0,46629706.0,46634745.0,46640570.0,46646216.0,46651127.0,46655948.0,46660788.0,46665614.0,46670524.0,46675547.0,46680908.0,46685389.0,46689860.0,46694408.0,46699454.0,46704613.0,46709686.0,46714813.0,46719026.0,46723361.0,46727791.0,46731979.0,,,,,,,,,46772474.0,46777438.0,46781806.0,46786071.0,46790378.0,46794461.0,46798321.0,46802303.0,46806334.0,46809917.0,46813907.0,46817475.0,46821602.0,46825755.0,46829817.0,46833974.0,46837790.0,46841569.0,46845515.0,46849507.0,46853566.0,46857846.0,46862050.0,46865655.0,46869717.0,46873590.0,46877530.0,46882008.0,46887702.0,46894281.0,46900120.0,46905787.0,46910939.0,46916095.0,46921400.0,46927966.0,46933610.0,46938647.0,46943885.0,46949037.0,46954107.0,46959173.0,46964201.0,46969094.0,46973515.0,46978042.0,46982629.0,46987352.0,46991994.0,46996553.0,47001019.0,47005137.0,47009597.0,47014333.0,47018746.0,47023438.0,47028030.0,47032530.0,47036401.0,47040933.0,47045451.0,47050070.0,47053317.0,47057447.0,47061458.0,47065459.0,47070010.0,47074477.0,47079311.0,47082446.0,47086642.0,47090553
tTAIe49lu0k,317603.0,317730.0,317940.0,318135.0,318291.0,318445.0,318589.0,318754.0,318924.0,319118.0,319261.0,319396.0,319570.0,319755.0,319931.0,320112.0,320281.0,320403.0,320516.0,320708.0,320946.0,321127.0,321327.0,321523.0,321686.0,321861.0,322034.0,322183.0,322337.0,322497.0,322658.0,322821.0,322924.0,323070.0,323204.0,323367.0,323505.0,323637.0,323778.0,323899.0,324038.0,324184.0,324313.0,324431.0,324553.0,324685.0,324851.0,324975.0,325126.0,325266.0,325399.0,325525.0,325651.0,325769.0,325895.0,326017.0,326142.0,326249.0,326345.0,326464.0,326557.0,326679.0,326805.0,326945.0,327065.0,327172.0,327312.0,327442.0,327540.0,327682.0,327819.0,327947.0,328078.0,328189.0,328324.0,328508.0,328673.0,328842.0,328964.0,329051.0,329164.0,329257.0,329372.0,329504.0,329625.0,329773.0,329905.0,330025.0,330150.0,330299.0,330421.0,330553.0,330703.0,330844.0,330946.0,331090.0,331190.0,331297.0,331401.0,331511.0,331622.0,331730.0,331808.0,331903.0,331981.0,332081.0,332176.0,332305.0,332401.0,332467.0,332567.0,332694.0,332798.0,332889.0,333008.0,333120.0,333228.0,333321.0,333447.0,333543.0,333662.0,333771.0,333861.0,333983.0,334118.0,334228.0,334327.0,334440.0,334519.0,334625.0,334698.0,334785.0,334877.0,334944.0,,,,,,,,,335779.0,335885.0,335970.0,336054.0,336153.0,336291.0,336421.0,336517.0,336606.0,336693.0,336822.0,336954.0,337112.0,337238.0,337340.0,337452.0,337571.0,337671.0,337769.0,337864.0,337964.0,338046.0,338129.0,338240.0,338407.0,338578.0,338735.0,338872.0,339013.0,339148.0,339259.0,339371.0,339500.0,339595.0,339719.0,339840.0,339950.0,340078.0,340180.0,340325.0,340435.0,340572.0,340688.0,340785.0,340883.0,340985.0,341107.0,341226.0,341361.0,341479.0,341577.0,341673.0,341777.0,341888.0,341965.0,342029.0,342125.0,342221.0,342330.0,342445.0,342572.0,342682.0,342771.0,342847.0,342947.0,343042.0,343151.0,343263.0,343371.0,343447.0,343525.0,343585
ztCdaeOxyPc,21182683.0,21182769.0,21182864.0,21182961.0,21183049.0,21183130.0,21183234.0,21183330.0,21183431.0,21183514.0,21183590.0,21183674.0,21183747.0,21183808.0,21183886.0,21183957.0,21184022.0,21184096.0,21184187.0,21184290.0,21184372.0,21184434.0,21184499.0,21184591.0,21184656.0,21184712.0,21184780.0,21184866.0,21184939.0,21184986.0,21185038.0,21185102.0,21185167.0,21185229.0,21185297.0,21185368.0,21185426.0,21185498.0,21185580.0,21185655.0,21185746.0,21185798.0,21185863.0,21185935.0,21185997.0,21186075.0,21186135.0,21186213.0,21186264.0,21186320.0,21186378.0,21186443.0,21186517.0,21186595.0,21186658.0,21186720.0,21186780.0,21186831.0,21186879.0,21186935.0,21186999.0,21187054.0,21187125.0,21187187.0,21187241.0,21187288.0,21187322.0,21187386.0,21187475.0,21187548.0,21187613.0,21187664.0,21187722.0,21187769.0,21187831.0,21187877.0,21187930.0,21187992.0,21188059.0,21188143.0,21188207.0,21188258.0,21188307.0,21188357.0,21188402.0,21188460.0,21188516.0,21188577.0,21188637.0,21188680.0,21188732.0,21188786.0,21188853.0,21188916.0,21188977.0,21189032.0,21189095.0,21189140.0,21189177.0,21189233.0,21189278.0,21189349.0,21189400.0,21189440.0,21189493.0,21189548.0,21189594.0,21189661.0,21189719.0,21189762.0,21189820.0,21189893.0,21189957.0,21190039.0,21190112.0,21190190.0,21190268.0,21190340.0,21190413.0,21190491.0,21190566.0,21190649.0,21190741.0,21190814.0,21190902.0,21190980.0,21191050.0,21191131.0,21191182.0,21191244.0,21191318.0,21191375.0,21191437.0,21191504.0,,,,,,,,,21192091.0,21192155.0,21192213.0,21192276.0,21192324.0,21192366.0,21192433.0,21192511.0,21192595.0,21192668.0,21192772.0,21192829.0,21192896.0,21192973.0,21193055.0,21193121.0,21193179.0,21193238.0,21193295.0,21193354.0,21193409.0,21193476.0,21193521.0,21193581.0,21193648.0,21193699.0,21193752.0,21193800.0,21193838.0,21193895.0,21193951.0,21194023.0,21194085.0,21194141.0,21194186.0,21194233.0,21194280.0,21194337.0,21194387.0,21194443.0,21194509.0,21194574.0,21194620.0,21194679.0,21194717.0,21194768.0,21194812.0,21194869.0,21194930.0,21194988.0,21195025.0,21195063.0,21195122.0,21195389.0,21195595.0,21195732.0,21195843.0,21195920.0,21195989.0,21196080.0,21196151.0,21196226.0,21196273.0,21196321.0,21196389.0,21196440.0,21196494.0,21196552.0,21196603.0,21196658.0,21196727.0,21196771
IvEDIKmEFlA,25566199.0,25566331.0,25566460.0,25566597.0,25566722.0,25566850.0,25566942.0,25567036.0,25567133.0,25567289.0,25567417.0,25567541.0,25567634.0,25567743.0,25567865.0,25567999.0,25568124.0,25568259.0,25568387.0,25568538.0,25568655.0,25568777.0,25568886.0,25569038.0,25569162.0,25569301.0,25569402.0,25569505.0,25569620.0,25569742.0,25569888.0,25570021.0,25570130.0,25570261.0,25570407.0,25570526.0,25570647.0,25570783.0,25570925.0,25571071.0,25571183.0,25571342.0,25571476.0,25571637.0,25571743.0,25571880.0,25571993.0,25572106.0,25572231.0,25572362.0,25572477.0,25572612.0,25572723.0,25572831.0,25572924.0,25573070.0,25573194.0,25573318.0,25573414.0,25573531.0,25573632.0,25573736.0,25573852.0,25573965.0,25574092.0,25574219.0,25574344.0,25574460.0,25574582.0,25574710.0,25574850.0,25574986.0,25575146.0,25575256.0,25575378.0,25575484.0,25575597.0,25575714.0,25575828.0,25575930.0,25576042.0,25576150.0,25576238.0,25576325.0,25576411.0,25576520.0,25576609.0,25576730.0,25576814.0,25576904.0,25576988.0,25577083.0,25577169.0,25577272.0,25577382.0,25577490.0,25577592.0,25577676.0,25577765.0,25577867.0,25577971.0,25578062.0,25578173.0,25578258.0,25578339.0,25578413.0,25578514.0,25578612.0,25578721.0,25578827.0,25578907.0,25579008.0,25579084.0,25579194.0,25579316.0,25579452.0,25579539.0,25579637.0,25579732.0,25579855.0,25579962.0,25580044.0,25580154.0,25580260.0,25580377.0,25580500.0,25580631.0,25580753.0,25580833.0,25580941.0,25581055.0,25581201.0,25581295.0,25581388.0,,,,,,,,,25582327.0,25582437.0,25582530.0,25582644.0,25582727.0,25582822.0,25582916.0,25582999.0,25583137.0,25583225.0,25583340.0,25583452.0,25583550.0,25583670.0,25583756.0,25583875.0,25583962.0,25584054.0,25584159.0,25584259.0,25584356.0,25584447.0,25584568.0,25584658.0,25584754.0,25584857.0,25584956.0,25585081.0,25585185.0,25585281.0,25585367.0,25585458.0,25585550.0,25585644.0,25585715.0,25585821.0,25585926.0,25586024.0,25586121.0,25586234.0,25586339.0,25586422.0,25586517.0,25586609.0,25586714.0,25586791.0,25586866.0,25586950.0,25587017.0,25587094.0,25587184.0,25587270.0,25587361.0,25587787.0,25588162.0,25588364.0,25588611.0,25588755.0,25588886.0,25589037.0,25589136.0,25589266.0,25589343.0,25589451.0,25589550.0,25589643.0,25589742.0,25589822.0,25589920.0,25590021.0,25590141.0,25590214
zuDj1vthAnw,620831.0,621630.0,622471.0,623167.0,623914.0,624780.0,625541.0,626350.0,627226.0,627972.0,628710.0,629374.0,630179.0,630885.0,631863.0,632810.0,633576.0,634261.0,634962.0,635796.0,636542.0,637465.0,638287.0,639023.0,639719.0,640479.0,641411.0,642266.0,643071.0,643920.0,644704.0,645402.0,646189.0,647076.0,647978.0,648838.0,649672.0,650359.0,650963.0,651642.0,652285.0,653047.0,653871.0,654619.0,655295.0,656010.0,656750.0,657506.0,658231.0,658974.0,659734.0,660542.0,661251.0,661969.0,662798.0,663550.0,664332.0,665144.0,665959.0,666697.0,667511.0,668468.0,669392.0,670341.0,671216.0,672081.0,672752.0,673525.0,674449.0,675420.0,676384.0,677265.0,678110.0,678856.0,679734.0,680633.0,681546.0,682643.0,683810.0,684641.0,685417.0,686238.0,687131.0,688122.0,689312.0,690263.0,691150.0,691965.0,693020.0,693918.0,694834.0,695705.0,696639.0,697514.0,698320.0,699102.0,700220.0,701131.0,702063.0,703053.0,704092.0,704990.0,705921.0,706919.0,707866.0,708833.0,709703.0,710570.0,711297.0,712041.0,712835.0,713792.0,714687.0,715551.0,716273.0,717012.0,717833.0,718632.0,719608.0,720614.0,721503.0,722471.0,723168.0,724101.0,725045.0,725930.0,726961.0,727864.0,728623.0,729320.0,730107.0,730950.0,731861.0,732745.0,,,,,,,,,740660.0,741327.0,742294.0,743196.0,744103.0,744962.0,745834.0,746558.0,747353.0,748091.0,749069.0,750098.0,751175.0,752370.0,753427.0,754272.0,755176.0,756118.0,757025.0,758098.0,759000.0,759826.0,760649.0,761475.0,762360.0,763219.0,764105.0,764866.0,765820.0,766617.0,767465.0,768365.0,769282.0,770215.0,770994.0,771811.0,772567.0,773291.0,774088.0,774920.0,775764.0,776723.0,777523.0,778340.0,779253.0,780269.0,781361.0,782489.0,783622.0,784455.0,785247.0,786206.0,787205.0,788280.0,789179.0,789999.0,790963.0,791843.0,792909.0,793994.0,795046.0,795816.0,796545.0,797369.0,798170.0,798969.0,799980.0,800850.0,801591.0,802344.0,803171.0,804059
gpvziLy4DOw,302565.0,302715.0,302881.0,303023.0,303184.0,303353.0,303556.0,303723.0,303956.0,304125.0,304284.0,304428.0,304549.0,304695.0,304878.0,305016.0,305129.0,305286.0,305408.0,305544.0,305683.0,305837.0,305954.0,306079.0,306190.0,306312.0,306421.0,306549.0,306681.0,306806.0,306903.0,307038.0,307184.0,307285.0,307409.0,307512.0,307698.0,307902.0,308031.0,308166.0,308306.0,308457.0,308583.0,308709.0,308811.0,308909.0,309010.0,309109.0,309208.0,309319.0,309428.0,309547.0,309653.0,309734.0,309850.0,309985.0,310087.0,310187.0,310284.0,310386.0,310485.0,310589.0,310694.0,310803.0,310928.0,311017.0,311105.0,311193.0,311275.0,311396.0,311484.0,311567.0,311648.0,311739.0,311838.0,311929.0,312015.0,312103.0,312196.0,312297.0,312358.0,312427.0,312537.0,312621.0,312720.0,312831.0,312916.0,313027.0,313117.0,313214.0,313310.0,313400.0,313472.0,313567.0,313654.0,313767.0,313879.0,313977.0,314067.0,314177.0,314272.0,314368.0,314484.0,314587.0,314700.0,314790.0,314892.0,314974.0,315079.0,315173.0,315241.0,315366.0,315452.0,315535.0,315623.0,315703.0,315802.0,315889.0,315989.0,316072.0,316156.0,316249.0,316316.0,316383.0,316469.0,316536.0,316621.0,316700.0,316811.0,316888.0,316969.0,317056.0,317146.0,317235.0,,,,,,,,,318012.0,318082.0,318153.0,318291.0,318379.0,318469.0,318541.0,318630.0,318699.0,318785.0,318856.0,318971.0,319067.0,319161.0,319227.0,319321.0,319418.0,319502.0,319582.0,319692.0,319789.0,319877.0,319975.0,320048.0,320154.0,320268.0,320356.0,320458.0,320551.0,320644.0,320727.0,320798.0,320949.0,321097.0,321207.0,321322.0,321419.0,321524.0,321612.0,321712.0,321811.0,321922.0,322031.0,322140.0,322249.0,322344.0,322459.0,322566.0,322663.0,322754.0,322826.0,322921.0,323006.0,323118.0,323220.0,323320.0,323427.0,323518.0,323603.0,323737.0,323825.0,323920.0,323989.0,324103.0,324226.0,324314.0,324426.0,324522.0,324611.0,324706.0,324782.0,324871
My7gjN7ez-k,76202.0,76435.0,76689.0,76937.0,77204.0,77492.0,77737.0,78033.0,78349.0,78654.0,78910.0,79165.0,79441.0,79701.0,79954.0,80164.0,80423.0,80613.0,80848.0,81143.0,81420.0,81757.0,82022.0,82277.0,82558.0,82824.0,83077.0,83389.0,83661.0,83970.0,84192.0,84486.0,84784.0,85077.0,85382.0,85680.0,85994.0,86287.0,86528.0,86759.0,87021.0,87294.0,87581.0,87820.0,88041.0,88240.0,88472.0,88680.0,88921.0,89154.0,89427.0,89659.0,89859.0,90075.0,90335.0,90605.0,90860.0,91154.0,91407.0,91652.0,91883.0,92134.0,92387.0,92669.0,92863.0,93067.0,93308.0,93542.0,93771.0,94070.0,94315.0,94553.0,94779.0,94996.0,95226.0,95487.0,95726.0,96014.0,96294.0,96531.0,96766.0,97009.0,97269.0,97514.0,97765.0,98000.0,98284.0,98507.0,98750.0,98959.0,99228.0,99479.0,99727.0,99944.0,100166.0,100381.0,100654.0,100889.0,101139.0,101389.0,101597.0,101812.0,102072.0,102332.0,102556.0,102797.0,103045.0,103276.0,103448.0,103668.0,103891.0,104141.0,104388.0,104634.0,104835.0,105039.0,105246.0,105522.0,105744.0,105995.0,106210.0,106423.0,106634.0,106827.0,107063.0,107311.0,107559.0,107756.0,108013.0,108233.0,108427.0,108670.0,108875.0,109132.0,,,,,,,,,111341.0,111569.0,111791.0,112060.0,112277.0,112573.0,112828.0,113042.0,113253.0,113478.0,113757.0,113998.0,114240.0,114472.0,114665.0,114892.0,115116.0,115367.0,115597.0,115821.0,116052.0,116253.0,116453.0,116656.0,116876.0,117134.0,117356.0,117576.0,117793.0,117975.0,118173.0,118405.0,118659.0,118904.0,119119.0,119354.0,119530.0,119712.0,119927.0,120147.0,120353.0,120540.0,120719.0,120910.0,121118.0,121324.0,121567.0,121732.0,121949.0,122108.0,122277.0,122468.0,122666.0,122838.0,123061.0,123325.0,123465.0,123638.0,123877.0,124049.0,124237.0,124437.0,124600.0,124776.0,124988.0,125192.0,125395.0,125568.0,125773.0,125965.0,126102.0,126275
rLeAY9d7gck,1081970.0,1082659.0,1083404.0,1084022.0,1084838.0,1085700.0,1086438.0,1087324.0,1088119.0,1088770.0,1089469.0,1090129.0,1090947.0,1091685.0,1092565.0,1093425.0,1094087.0,1094686.0,1095352.0,1096057.0,1096868.0,1097638.0,1098345.0,1098934.0,1099483.0,1100213.0,1101017.0,1101688.0,1102434.0,1103121.0,1103850.0,1104429.0,1105180.0,1105978.0,1106888.0,1107711.0,1108399.0,1108978.0,1109514.0,1110157.0,1110820.0,1111520.0,1112128.0,1112821.0,1113394.0,1113967.0,1114656.0,1115438.0,1116202.0,1116904.0,1117551.0,1118115.0,1118655.0,1119256.0,1119864.0,1120631.0,1121229.0,1121890.0,1122391.0,1122844.0,1123500.0,1124161.0,1124736.0,1125438.0,1126092.0,1126779.0,1127334.0,1127939.0,1128670.0,1129456.0,1130151.0,1130705.0,1131324.0,1131851.0,1132575.0,1133274.0,1133980.0,1134631.0,1135342.0,1135870.0,1136391.0,1137019.0,1137635.0,1138317.0,1139036.0,1139610.0,1140196.0,1140657.0,1141318.0,1141983.0,1142584.0,1143337.0,1143947.0,1144583.0,1145177.0,1145906.0,1146606.0,1147377.0,1148158.0,1148882.0,1149575.0,1150256.0,1150883.0,1151775.0,1152555.0,1153239.0,1153945.0,1154632.0,1155248.0,1155929.0,1156697.0,1157418.0,1158138.0,1158890.0,1159606.0,1160227.0,1160982.0,1161671.0,1162404.0,1163169.0,1163882.0,1164616.0,1165403.0,1166093.0,1166963.0,1168219.0,1169355.0,1170356.0,1171002.0,1171782.0,1172936.0,1173703.0,1174514.0,1175160.0,,,,,,,,,1182728.0,1183342.0,1184294.0,1185136.0,1185937.0,1186778.0,1187461.0,1188076.0,1188796.0,1189496.0,1190325.0,1191150.0,1192059.0,1192793.0,1193477.0,1194256.0,1195087.0,1195874.0,1196575.0,1197328.0,1198071.0,1198724.0,1199409.0,1200182.0,1200830.0,1201529.0,1202292.0,1202992.0,1203643.0,1204168.0,1205087.0,1205737.0,1206573.0,1207313.0,1207952.0,1209003.0,1209803.0,1210542.0,1211160.0,1211974.0,1212737.0,1213505.0,1214146.0,1214927.0,1215902.0,1216820.0,1217794.0,1218823.0,1219883.0,1220738.0,1221396.0,1222392.0,1223253.0,1224320.0,1225251.0,1225930.0,1227734.0,1229480.0,1231506.0,1233474.0,1235219.0,1236590.0,1238364.0,1240001.0,1241878.0,1243434.0,1245113.0,1247225.0,1249259.0,1251007.0,1253336.0,1256150
gV9H5c3Volk,234753.0,234866.0,234999.0,235100.0,235257.0,235407.0,235605.0,235752.0,235903.0,236073.0,236205.0,236347.0,236479.0,236628.0,236734.0,236839.0,236938.0,237042.0,237135.0,237262.0,237389.0,237522.0,237619.0,237717.0,237803.0,237900.0,237979.0,238074.0,238164.0,238276.0,238340.0,238421.0,238496.0,238594.0,238721.0,238806.0,238949.0,239028.0,239122.0,239195.0,239292.0,239389.0,239483.0,239582.0,239652.0,239714.0,239805.0,239893.0,239968.0,240048.0,240143.0,240255.0,240314.0,240392.0,240500.0,240616.0,240692.0,240779.0,240863.0,240948.0,241021.0,241120.0,241205.0,241281.0,241378.0,241447.0,241522.0,241617.0,241686.0,241781.0,241852.0,241934.0,241995.0,242048.0,242132.0,242204.0,242299.0,242368.0,242461.0,242545.0,242606.0,242684.0,242755.0,242825.0,242907.0,243010.0,243082.0,243158.0,243238.0,243319.0,243405.0,243484.0,243589.0,243676.0,243743.0,243832.0,243957.0,244027.0,244127.0,244193.0,244281.0,244363.0,244432.0,244509.0,244596.0,244672.0,244758.0,244843.0,244932.0,244989.0,245068.0,245147.0,245220.0,245308.0,245380.0,245458.0,245546.0,245628.0,245699.0,245777.0,245858.0,245935.0,246005.0,246067.0,246137.0,246225.0,246319.0,246416.0,246484.0,246558.0,246644.0,246719.0,246790.0,246876.0,,,,,,,,,247605.0,247685.0,247767.0,247857.0,247953.0,248034.0,248126.0,248202.0,248286.0,248344.0,248412.0,248489.0,248589.0,248674.0,248754.0,248835.0,248916.0,249024.0,249114.0,249200.0,249279.0,249340.0,249427.0,249493.0,249561.0,249634.0,249715.0,249791.0,249877.0,249953.0,250011.0,250075.0,250153.0,250227.0,250293.0,250366.0,250428.0,250486.0,250573.0,250633.0,250715.0,250806.0,250893.0,250944.0,251015.0,251095.0,251182.0,251271.0,251347.0,251422.0,251502.0,251575.0,251653.0,251724.0,251803.0,251877.0,251961.0,252042.0,252137.0,252234.0,252316.0,252363.0,252432.0,252505.0,252576.0,252637.0,252715.0,252789.0,252867.0,252954.0,253025.0,253114
D3JspJ8IVcg,1494102.0,1494836.0,1495634.0,1496431.0,1497103.0,1497997.0,1498900.0,1499737.0,1500547.0,1501357.0,1502164.0,1502917.0,1503738.0,1504513.0,1505260.0,1506060.0,1506812.0,1507484.0,1508423.0,1509264.0,1510181.0,1511074.0,1511872.0,1512584.0,1513275.0,1513966.0,1514776.0,1515556.0,1516380.0,1517195.0,1517962.0,1518712.0,1519390.0,1520200.0,1520991.0,1521769.0,1522555.0,1523324.0,1523891.0,1524732.0,1525478.0,1526259.0,1526953.0,1527718.0,1528545.0,1529304.0,1530097.0,1530979.0,1531736.0,1532710.0,1533527.0,1534368.0,1535105.0,1535829.0,1536560.0,1537299.0,1538119.0,1538837.0,1539623.0,1540274.0,1541025.0,1541843.0,1542645.0,1543398.0,1544213.0,1544834.0,1545543.0,1546319.0,1547003.0,1547848.0,1548545.0,1549209.0,1549805.0,1550491.0,1551136.0,1551840.0,1552552.0,1553336.0,1554067.0,1554689.0,1555446.0,1556028.0,1556643.0,1557343.0,1558037.0,1558763.0,1559477.0,1560024.0,1560734.0,1561437.0,1562137.0,1562866.0,1563474.0,1564205.0,1564864.0,1565493.0,1566204.0,1566808.0,1567530.0,1568243.0,1568870.0,1569576.0,1570276.0,1570977.0,1571622.0,1572255.0,1572875.0,1573521.0,1574150.0,1574724.0,1575370.0,1576041.0,1576671.0,1577403.0,1578028.0,1578629.0,1579285.0,1580034.0,1580731.0,1581422.0,1582078.0,1582643.0,1583178.0,1583813.0,1584425.0,1585047.0,1585781.0,1586424.0,1587049.0,1587593.0,1588217.0,1588875.0,1589513.0,1590180.0,,,,,,,,,1596225.0,1596840.0,1597510.0,1598110.0,1598653.0,1599285.0,1599950.0,1600570.0,1601146.0,1601726.0,1602327.0,1602993.0,1603643.0,1604306.0,1604912.0,1605455.0,1606126.0,1606938.0,1607620.0,1608334.0,1608996.0,1609658.0,1610237.0,1610734.0,1611446.0,1612136.0,1612786.0,1613369.0,1614086.0,1614698.0,1615263.0,1615825.0,1616523.0,1617124.0,1617798.0,1618457.0,1618964.0,1619581.0,1620346.0,1620917.0,1621685.0,1622384.0,1623019.0,1623687.0,1624290.0,1624874.0,1625642.0,1626256.0,1626894.0,1627482.0,1628074.0,1628640.0,1629289.0,1629911.0,1630569.0,1631291.0,1631952.0,1632600.0,1633319.0,1634095.0,1634815.0,1635360.0,1636106.0,1636826.0,1637468.0,1638201.0,1638890.0,1639679.0,1640280.0,1640970.0,1641762.0,1642446
SszP3hlQ55Y,64671061.0,64695119.0,64721901.0,64748878.0,64775804.0,64801198.0,64826411.0,64852733.0,64885314.0,64919728.0,64949264.0,64974540.0,65000779.0,65025212.0,65050253.0,65074556.0,65099578.0,65124105.0,65148576.0,65175284.0,65203204.0,65232251.0,65261657.0,65292136.0,65322386.0,65353034.0,65383868.0,65414768.0,65446662.0,65478209.0,65510294.0,65541470.0,65571053.0,65600862.0,65632310.0,65664756.0,65699006.0,65737247.0,65775683.0,65811708.0,65847236.0,65878295.0,65909370.0,65940762.0,65970237.0,65998643.0,66027826.0,66058628.0,66087215.0,66114280.0,66140848.0,66167998.0,66193016.0,66218172.0,66244415.0,66270264.0,66295454.0,66321108.0,66346741.0,66371752.0,66396439.0,66422651.0,66448646.0,66472675.0,66496209.0,66518562.0,66541413.0,66563057.0,66581693.0,66606100.0,66629961.0,66653285.0,66676906.0,66701531.0,66725422.0,66748684.0,66772250.0,66796185.0,66821211.0,66845670.0,66868440.0,66890567.0,66912329.0,66935372.0,66958522.0,66982668.0,67006747.0,67029232.0,67051688.0,67073988.0,67096216.0,67117697.0,67140487.0,67163870.0,67187097.0,67207958.0,67228317.0,67248563.0,67269489.0,67291934.0,67316654.0,67340763.0,67363212.0,67385253.0,67409812.0,67433702.0,67456733.0,67481028.0,67504800.0,67527941.0,67550461.0,67572591.0,67594708.0,67616279.0,67638221.0,67660044.0,67680237.0,67700765.0,67721041.0,67740913.0,67762055.0,67784553.0,67806873.0,67829292.0,67850749.0,67872994.0,67894876.0,67916089.0,67939360.0,67962609.0,67983839.0,68004767.0,68025081.0,68045838.0,,,,,,,,,68247842.0,68269964.0,68291137.0,68311998.0,68333184.0,68354221.0,68375094.0,68395275.0,68416747.0,68436449.0,68456466.0,68475824.0,68496943.0,68517840.0,68538477.0,68558850.0,68577968.0,68597775.0,68617368.0,68636806.0,68656822.0,68677028.0,68700085.0,68719761.0,68740460.0,68761203.0,68782397.0,68804807.0,68829341.0,68851535.0,68872904.0,68894314.0,68915644.0,68936739.0,68958316.0,68979399.0,69000266.0,69020089.0,69040340.0,69060165.0,69080062.0,69099652.0,69119625.0,69138655.0,69157553.0,69177363.0,69197344.0,69217360.0,69236970.0,69256995.0,69276506.0,69295917.0,69315415.0,69335302.0,69354053.0,69372875.0,69390858.0,69408713.0,69426525.0,69445525.0,69464457.0,69481422.0,69496838.0,69515089.0,69532458.0,69550492.0,69571099.0,69591424.0,69610741.0,69625892.0,69643964.0,69661350
wtbUTjj9Yx4,13395.0,13395.0,13396.0,13396.0,13396.0,13396.0,13397.0,13398.0,13399.0,13402.0,13402.0,13403.0,13403.0,13403.0,13404.0,13406.0,13408.0,13408.0,13409.0,13409.0,13410.0,13410.0,13412.0,13412.0,13412.0,13416.0,13417.0,13418.0,13419.0,13419.0,13419.0,13422.0,13422.0,13425.0,13426.0,13426.0,13427.0,13431.0,13436.0,13436.0,13436.0,13436.0,13439.0,13440.0,13440.0,13440.0,13442.0,13443.0,13444.0,13444.0,13444.0,13445.0,13447.0,13447.0,13448.0,13448.0,13449.0,13449.0,13449.0,13449.0,13465.0,13466.0,13469.0,13469.0,13469.0,13473.0,13473.0,13475.0,13477.0,13478.0,13479.0,13481.0,13482.0,13482.0,13482.0,13482.0,13482.0,13483.0,13483.0,13483.0,13484.0,13484.0,13484.0,13486.0,13486.0,13486.0,13486.0,13486.0,13486.0,13486.0,13487.0,13489.0,13489.0,13489.0,13489.0,13489.0,13489.0,13490.0,13490.0,13490.0,13492.0,13493.0,13493.0,13494.0,13494.0,13494.0,13496.0,13496.0,13496.0,13496.0,13498.0,13498.0,13498.0,13500.0,13501.0,13501.0,13501.0,13503.0,13503.0,13503.0,13504.0,13507.0,13507.0,13510.0,13510.0,13510.0,13511.0,13511.0,13512.0,13514.0,13514.0,13515.0,13515.0,13515.0,,,,,,,,,13520.0,13520.0,13520.0,13520.0,13520.0,13520.0,13520.0,13522.0,13522.0,13522.0,13522.0,13522.0,13523.0,13524.0,13525.0,13525.0,13525.0,13525.0,13525.0,13525.0,13525.0,13525.0,13525.0,13525.0,13527.0,13528.0,13528.0,13528.0,13528.0,13528.0,13529.0,13532.0,13532.0,13532.0,13533.0,13534.0,13534.0,13534.0,13534.0,13534.0,13534.0,13534.0,13534.0,13534.0,13536.0,13536.0,13537.0,13537.0,13537.0,13538.0,13538.0,13539.0,13540.0,13541.0,13541.0,13542.0,13543.0,13543.0,13543.0,13547.0,13547.0,13547.0,13547.0,13547.0,13547.0,13547.0,13549.0,13549.0,13549.0,13549.0,13549.0,13549
zp2XlQg5V9s,27721.0,27727.0,27735.0,27738.0,27744.0,27749.0,27754.0,27760.0,27764.0,27767.0,27771.0,27779.0,27784.0,27790.0,27795.0,27799.0,27804.0,27808.0,27810.0,27814.0,27819.0,27821.0,27826.0,27832.0,27836.0,27845.0,27850.0,27853.0,27859.0,27872.0,27876.0,27883.0,27892.0,27896.0,27901.0,27910.0,27917.0,27921.0,27925.0,27930.0,27932.0,27936.0,27938.0,27941.0,27947.0,27947.0,27954.0,27956.0,27957.0,27962.0,27968.0,27977.0,27985.0,27991.0,28006.0,28011.0,28020.0,28028.0,28037.0,28044.0,28049.0,28053.0,28057.0,28059.0,28063.0,28072.0,28074.0,28075.0,28081.0,28088.0,28092.0,28094.0,28100.0,28107.0,28112.0,28121.0,28126.0,28133.0,28147.0,28154.0,28157.0,28169.0,28172.0,28178.0,28183.0,28187.0,28189.0,28193.0,28199.0,28201.0,28210.0,28214.0,28218.0,28222.0,28228.0,28229.0,28233.0,28236.0,28245.0,28246.0,28249.0,28251.0,28258.0,28264.0,28265.0,28276.0,28286.0,28288.0,28290.0,28295.0,28301.0,28303.0,28306.0,28318.0,28335.0,28337.0,28347.0,28349.0,28362.0,28369.0,28376.0,28386.0,28394.0,28401.0,28407.0,28411.0,28421.0,28424.0,28429.0,28436.0,28442.0,28451.0,28459.0,28467.0,,,,,,,,,28514.0,28519.0,28522.0,28529.0,28535.0,28539.0,28545.0,28550.0,28552.0,28556.0,28565.0,28568.0,28575.0,28587.0,28592.0,28599.0,28604.0,28611.0,28619.0,28622.0,28625.0,28628.0,28633.0,28634.0,28637.0,28645.0,28646.0,28649.0,28650.0,28659.0,28666.0,28669.0,28673.0,28680.0,28688.0,28693.0,28700.0,28706.0,28713.0,28714.0,28721.0,28724.0,28727.0,28730.0,28738.0,28737.0,28741.0,28748.0,28750.0,28752.0,28755.0,28759.0,28765.0,28765.0,28772.0,28777.0,28785.0,28794.0,28800.0,28807.0,28812.0,28821.0,28824.0,28830.0,28836.0,28839.0,28844.0,28847.0,28851.0,28859.0,28861.0,28868
zvLlm3m5gUI,55707.0,55738.0,55771.0,55809.0,55854.0,55893.0,55933.0,55983.0,56026.0,56082.0,56128.0,56177.0,56237.0,56286.0,56332.0,56383.0,56420.0,56459.0,56499.0,56546.0,56586.0,56630.0,56699.0,56736.0,56781.0,56828.0,56888.0,56938.0,56981.0,57026.0,57098.0,57148.0,57180.0,57231.0,57280.0,57339.0,57406.0,57470.0,57519.0,57561.0,57615.0,57660.0,57722.0,57769.0,57834.0,57876.0,57935.0,57983.0,58046.0,58077.0,58132.0,58201.0,58238.0,58287.0,58350.0,58415.0,58474.0,58540.0,58584.0,58625.0,58677.0,58725.0,58773.0,58831.0,58893.0,58947.0,58984.0,59029.0,59073.0,59136.0,59184.0,59228.0,59270.0,59298.0,59337.0,59368.0,59416.0,59483.0,59544.0,59594.0,59636.0,59673.0,59730.0,59787.0,59827.0,59883.0,59917.0,59954.0,60000.0,60035.0,60091.0,60136.0,60174.0,60227.0,60257.0,60305.0,60362.0,60407.0,60444.0,60482.0,60530.0,60566.0,60615.0,60662.0,60692.0,60737.0,60786.0,60816.0,60846.0,60874.0,60920.0,60964.0,61029.0,61087.0,61131.0,61187.0,61235.0,61291.0,61348.0,61408.0,61475.0,61527.0,61575.0,61632.0,61687.0,61729.0,61776.0,61833.0,61895.0,61934.0,61975.0,62042.0,62089.0,62136.0,,,,,,,,,62603.0,62644.0,62694.0,62741.0,62785.0,62822.0,62881.0,62937.0,62981.0,63017.0,63080.0,63152.0,63205.0,63278.0,63338.0,63398.0,63470.0,63561.0,63633.0,63673.0,63698.0,63741.0,63774.0,63808.0,63850.0,63893.0,63948.0,63993.0,64034.0,64081.0,64119.0,64152.0,64178.0,64224.0,64302.0,64351.0,64386.0,64437.0,64489.0,64529.0,64593.0,64648.0,64708.0,64762.0,64803.0,64856.0,64918.0,64992.0,65045.0,65110.0,65164.0,65214.0,65295.0,65386.0,65454.0,65554.0,65635.0,65716.0,65798.0,65889.0,66004.0,66102.0,66179.0,66224.0,66282.0,66330.0,66395.0,66483.0,66540.0,66580.0,66616.0,66649
E-S75YDYY7I,19813051.0,19816305.0,19819905.0,19823695.0,19827256.0,19831148.0,19835115.0,19839739.0,19845057.0,19850975.0,19856897.0,19861711.0,19866553.0,19871504.0,19876466.0,19881056.0,19886706.0,19891596.0,19895985.0,19900628.0,19905433.0,19910735.0,19916156.0,19921019.0,19925875.0,19930457.0,19935289.0,19940084.0,19945084.0,19950128.0,19955403.0,19960527.0,19965252.0,19969957.0,19974730.0,19979607.0,19984320.0,19988560.0,19992713.0,19996743.0,20000999.0,20005281.0,20009532.0,20013454.0,20017624.0,20021715.0,20025287.0,20028976.0,20032760.0,20036169.0,20039316.0,20043100.0,20046530.0,20049684.0,20053054.0,20056520.0,20059852.0,20063090.0,20066357.0,20069690.0,20073239.0,20076975.0,20080416.0,20083599.0,20086621.0,20089693.0,20092844.0,20096051.0,20098709.0,20102071.0,20105182.0,20108263.0,20111392.0,20114480.0,20117506.0,20120716.0,20123991.0,20127305.0,20130812.0,20133912.0,20137305.0,20140234.0,20143298.0,20146461.0,20149534.0,20152839.0,20156263.0,20159560.0,20162827.0,20166143.0,20169560.0,20172654.0,20175808.0,20179119.0,20182619.0,20185828.0,20189106.0,20192242.0,20195166.0,20198573.0,20201619.0,20204689.0,20207693.0,20210682.0,20213651.0,20216689.0,20219753.0,20222395.0,20225221.0,20227953.0,20230760.0,20233521.0,20236192.0,20238814.0,20241437.0,20244255.0,20246936.0,20249409.0,20252077.0,20254646.0,20257196.0,20259670.0,20262046.0,20264206.0,20266849.0,20269481.0,20272104.0,20274801.0,20277511.0,20280147.0,20282605.0,20285099.0,20287768.0,20290253.0,,,,,,,,,20314535.0,20317326.0,20319957.0,20322383.0,20324838.0,20327251.0,20329755.0,20332165.0,20334565.0,20336536.0,20338775.0,20341057.0,20343492.0,20345922.0,20348282.0,20350632.0,20353009.0,20355489.0,20358187.0,20360692.0,20362966.0,20365546.0,20367842.0,20370054.0,20372388.0,20374690.0,20377180.0,20379566.0,20381901.0,20384254.0,20386567.0,20388957.0,20391961.0,20394738.0,20397120.0,20399532.0,20401972.0,20404336.0,20406698.0,20409124.0,20411345.0,20413465.0,20415784.0,20418148.0,20420405.0,20422753.0,20425227.0,20427726.0,20430229.0,20432577.0,20434704.0,20436856.0,20439281.0,20441577.0,20443790.0,20446164.0,20448707.0,20451007.0,20453143.0,20455556.0,20458174.0,20460162.0,20461749.0,20463555.0,20465486.0,20467395.0,20469408.0,20471416.0,20473419.0,20474930.0,20476842.0,20478696
sdycvSqMhPI,44811771.0,44812017.0,44812337.0,44812654.0,44812933.0,44813233.0,44813505.0,44813776.0,44814059.0,44814351.0,44814620.0,44814898.0,44815238.0,44815543.0,44815824.0,44816133.0,44816429.0,44816678.0,44816952.0,44817229.0,44817492.0,44817775.0,44818050.0,44818340.0,44818648.0,44818925.0,44819187.0,44819483.0,44819745.0,44820065.0,44820342.0,44820598.0,44820818.0,44821056.0,44821354.0,44821606.0,44821894.0,44822102.0,44822368.0,44822611.0,44822824.0,44823111.0,44823372.0,44823620.0,44823848.0,44824082.0,44824360.0,44824617.0,44824857.0,44825120.0,44825353.0,44825572.0,44825766.0,44825958.0,44826151.0,44826345.0,44826547.0,44826793.0,44826995.0,44827227.0,44827462.0,44827638.0,44827881.0,44828094.0,44828310.0,44828549.0,44828765.0,44828959.0,44829166.0,44829427.0,44829662.0,44829940.0,44830161.0,44830338.0,44830531.0,44830703.0,44830904.0,44831091.0,44831316.0,44831540.0,44831720.0,44831927.0,44832102.0,44832282.0,44832503.0,44832727.0,44832921.0,44833120.0,44833352.0,44833550.0,44833747.0,44833920.0,44834109.0,44834336.0,44834558.0,44834759.0,44834942.0,44835121.0,44835271.0,44835455.0,44835652.0,44835838.0,44835977.0,44836168.0,44836339.0,44836541.0,44836746.0,44837000.0,44837152.0,44837364.0,44837528.0,44837712.0,44837919.0,44838117.0,44838309.0,44838520.0,44838715.0,44838930.0,44839099.0,44839291.0,44839526.0,44839714.0,44839905.0,44840066.0,44840231.0,44840398.0,44840604.0,44840844.0,44841041.0,44841258.0,44841412.0,44841580.0,44841779.0,44841952.0,,,,,,,,,44843684.0,44843886.0,44844074.0,44844315.0,44844523.0,44844815.0,44845091.0,44845345.0,44845588.0,44845766.0,44845969.0,44846166.0,44846453.0,44846716.0,44847027.0,44847326.0,44847552.0,44847865.0,44848135.0,44848346.0,44848525.0,44848739.0,44848887.0,44849095.0,44849236.0,44849430.0,44849566.0,44849767.0,44849936.0,44850122.0,44850333.0,44850491.0,44850648.0,44850826.0,44850969.0,44851118.0,44851251.0,44851433.0,44851615.0,44851768.0,44851911.0,44852056.0,44852178.0,44852344.0,44852477.0,44852608.0,44852780.0,44852917.0,44853058.0,44853221.0,44853384.0,44853515.0,44853652.0,44853795.0,44853954.0,44854066.0,44854251.0,44854427.0,44854571.0,44854733.0,44854935.0,44855080.0,44855198.0,44855352.0,44855506.0,44855645.0,44855806.0,44855967.0,44856134.0,44856300.0,44856463.0,44856630
QPyf5bxMUMM,961834.0,962245.0,962688.0,963087.0,963498.0,963992.0,964375.0,964792.0,965240.0,965585.0,965931.0,966321.0,966768.0,967175.0,967605.0,967926.0,968275.0,968581.0,968963.0,969401.0,969716.0,970063.0,970410.0,970801.0,971084.0,971447.0,971786.0,972158.0,972510.0,972873.0,973202.0,973465.0,973851.0,974178.0,974525.0,974872.0,975197.0,975505.0,975726.0,975961.0,976255.0,976483.0,976727.0,976998.0,977205.0,977394.0,977626.0,977868.0,978122.0,978361.0,978630.0,978873.0,979087.0,979349.0,979583.0,979859.0,980155.0,980486.0,980722.0,980901.0,981168.0,981526.0,981796.0,982069.0,982337.0,982544.0,982746.0,982998.0,983208.0,983456.0,983662.0,983837.0,984066.0,984243.0,984441.0,984713.0,984913.0,985140.0,985376.0,985578.0,985783.0,986005.0,986209.0,986412.0,986651.0,986863.0,987075.0,987244.0,987427.0,987649.0,987883.0,988104.0,988318.0,988495.0,988698.0,988898.0,989066.0,989284.0,989492.0,989714.0,989908.0,990110.0,990284.0,990485.0,990625.0,990788.0,990999.0,991149.0,991308.0,991448.0,991619.0,991826.0,992038.0,992217.0,992426.0,992565.0,992744.0,992892.0,993132.0,993343.0,993512.0,993673.0,993824.0,993979.0,994127.0,994306.0,994451.0,994621.0,994748.0,994899.0,995035.0,995197.0,995346.0,995541.0,,,,,,,,,997059.0,997208.0,997350.0,997527.0,997702.0,997896.0,998049.0,998185.0,998365.0,998578.0,998801.0,999016.0,999262.0,999523.0,999801.0,1000071.0,1000326.0,1000620.0,1000890.0,1001061.0,1001225.0,1001354.0,1001513.0,1001646.0,1001851.0,1002038.0,1002196.0,1002367.0,1002522.0,1002653.0,1002820.0,1002944.0,1003111.0,1003262.0,1003422.0,1003548.0,1003685.0,1003836.0,1003987.0,1004132.0,1004343.0,1004508.0,1004639.0,1004763.0,1004884.0,1005024.0,1005166.0,1005299.0,1005464.0,1005566.0,1005670.0,1005819.0,1005930.0,1006094.0,1006236.0,1006400.0,1006537.0,1006618.0,1006725.0,1006849.0,1007012.0,1007214.0,1007341.0,1007426.0,1007550.0,1007682.0,1007810.0,1007920.0,1008026.0,1008139.0,1008255.0,1008364
9yBkCXnnUAM,1459427.0,1459441.0,1459462.0,1459477.0,1459501.0,1459523.0,1459552.0,1459576.0,1459595.0,1459614.0,1459644.0,1459666.0,1459695.0,1459727.0,1459765.0,1459793.0,1459802.0,1459823.0,1459846.0,1459868.0,1459884.0,1459899.0,1459912.0,1459933.0,1459941.0,1459964.0,1459985.0,1459995.0,1460022.0,1460040.0,1460054.0,1460075.0,1460092.0,1460105.0,1460115.0,1460120.0,1460143.0,1460158.0,1460172.0,1460193.0,1460210.0,1460227.0,1460246.0,1460267.0,1460281.0,1460296.0,1460322.0,1460337.0,1460354.0,1460373.0,1460383.0,1460405.0,1460425.0,1460443.0,1460459.0,1460480.0,1460494.0,1460521.0,1460538.0,1460557.0,1460572.0,1460599.0,1460622.0,1460638.0,1460656.0,1460672.0,1460693.0,1460707.0,1460721.0,1460739.0,1460759.0,1460774.0,1460795.0,1460812.0,1460831.0,1460849.0,1460868.0,1460889.0,1460912.0,1460937.0,1460964.0,1460975.0,1460995.0,1461005.0,1461026.0,1461050.0,1461074.0,1461091.0,1461111.0,1461129.0,1461145.0,1461158.0,1461173.0,1461186.0,1461204.0,1461229.0,1461243.0,1461257.0,1461271.0,1461286.0,1461305.0,1461323.0,1461337.0,1461349.0,1461359.0,1461374.0,1461396.0,1461414.0,1461435.0,1461439.0,1461459.0,1461473.0,1461483.0,1461498.0,1461509.0,1461520.0,1461538.0,1461551.0,1461568.0,1461589.0,1461601.0,1461610.0,1461618.0,1461626.0,1461631.0,1461635.0,1461651.0,1461658.0,1461673.0,1461681.0,1461688.0,1461703.0,1461717.0,1461729.0,,,,,,,,,1461862.0,1461872.0,1461880.0,1461892.0,1461905.0,1461922.0,1461940.0,1461959.0,1461979.0,1462000.0,1462018.0,1462036.0,1462050.0,1462070.0,1462084.0,1462098.0,1462118.0,1462134.0,1462146.0,1462158.0,1462169.0,1462185.0,1462201.0,1462210.0,1462217.0,1462229.0,1462245.0,1462259.0,1462269.0,1462288.0,1462305.0,1462317.0,1462325.0,1462331.0,1462339.0,1462352.0,1462365.0,1462381.0,1462388.0,1462399.0,1462412.0,1462425.0,1462437.0,1462451.0,1462464.0,1462472.0,1462481.0,1462496.0,1462509.0,1462514.0,1462523.0,1462533.0,1462539.0,1462547.0,1462554.0,1462563.0,1462570.0,1462587.0,1462602.0,1462614.0,1462629.0,1462634.0,1462646.0,1462654.0,1462661.0,1462673.0,1462687.0,1462700.0,1462707.0,1462718.0,1462734.0,1462747
FOVs5ByFZ2Y,,,,,,,,,,,,,,,,,,,,,,,,,,,,,,,,,,,,,,,,,,,,,,,,,,,,,,,,,,,,,,,,,,,,,,,,,,,,,,,,,,,,,,,,,,,,,,,,,,,,,,,,,,,,,,,,,,,,,,,,,,,,,,,,,,,,,,,,,,,,,,,,,,,,,,,,,,,,,,,,,,,,,,,,,,,,,,,,,,,,,,,,,,,,,,,,,,,,,,,,,,,,,,,,,,,,,,
fgCMNWXxcO8,26871.0,26913.0,26958.0,26986.0,27025.0,27048.0,27074.0,27113.0,27152.0,27187.0,27215.0,27248.0,27280.0,27320.0,27382.0,27430.0,27476.0,27513.0,27557.0,27617.0,27672.0,27722.0,27761.0,27814.0,27845.0,27889.0,27943.0,28011.0,28053.0,28096.0,28144.0,28190.0,28238.0,28293.0,28340.0,28392.0,28449.0,28486.0,28515.0,28556.0,28583.0,28647.0,28683.0,28732.0,28764.0,28792.0,28825.0,28864.0,28910.0,28946.0,28977.0,29007.0,29025.0,29064.0,29097.0,29132.0,29165.0,29207.0,29239.0,29264.0,29303.0,29333.0,29376.0,29416.0,29467.0,29491.0,29518.0,29555.0,29578.0,29637.0,29665.0,29695.0,29726.0,29740.0,29767.0,29796.0,29844.0,29873.0,29907.0,29945.0,29966.0,29998.0,30038.0,30066.0,30093.0,30116.0,30148.0,30178.0,30201.0,30226.0,30250.0,30284.0,30321.0,30341.0,30366.0,30381.0,30399.0,30419.0,30440.0,30463.0,30486.0,30508.0,30535.0,30550.0,30581.0,30597.0,30637.0,30661.0,30681.0,30704.0,30727.0,30755.0,30775.0,30792.0,30812.0,30824.0,30842.0,30859.0,30872.0,30885.0,30903.0,30917.0,30930.0,30941.0,30952.0,30981.0,31042.0,31106.0,31170.0,31234.0,31289.0,31370.0,31432.0,31516.0,,,,,,,,,32343.0,32473.0,32599.0,32700.0,32790.0,32886.0,32992.0,33080.0,33213.0,33388.0,33547.0,33667.0,33782.0,33849.0,33957.0,34043.0,34139.0,34205.0,34278.0,34317.0,34346.0,34377.0,34406.0,34432.0,34455.0,34478.0,34504.0,34529.0,34557.0,34580.0,34606.0,34619.0,34643.0,34670.0,34701.0,34715.0,34731.0,34753.0,34773.0,34804.0,34822.0,34848.0,34878.0,34903.0,34927.0,34952.0,34994.0,35020.0,35045.0,35057.0,35077.0,35101.0,35125.0,35146.0,35167.0,35190.0,35207.0,35224.0,35243.0,35257.0,35280.0,35287.0,35301.0,35315.0,35330.0,35343.0,35356.0,35372.0,35383.0,35407.0,35416.0,35425
s2RGXSrKEOk,1792.0,1792.0,1792.0,1792.0,1792.0,1792.0,1792.0,1792.0,1792.0,1792.0,1792.0,1792.0,1792.0,1792.0,1792.0,1792.0,1792.0,1792.0,1792.0,1792.0,1792.0,1793.0,1793.0,1794.0,1794.0,1794.0,1794.0,1794.0,1794.0,1794.0,1795.0,1795.0,1796.0,1796.0,1796.0,1796.0,1796.0,1796.0,1796.0,1796.0,1796.0,1796.0,1796.0,1796.0,1796.0,1796.0,1796.0,1796.0,1796.0,1796.0,1796.0,1796.0,1796.0,1796.0,1796.0,1797.0,1797.0,1798.0,1798.0,1798.0,1798.0,1798.0,1798.0,1798.0,1798.0,1798.0,1798.0,1798.0,1798.0,1799.0,1800.0,1800.0,1800.0,1800.0,1800.0,1800.0,1800.0,1800.0,1800.0,1800.0,1800.0,1800.0,1800.0,1800.0,1800.0,1800.0,1800.0,1801.0,1802.0,1802.0,1802.0,1802.0,1802.0,1802.0,1802.0,1802.0,1803.0,1803.0,1803.0,1803.0,1803.0,1803.0,1803.0,1803.0,1804.0,1805.0,1805.0,1805.0,1805.0,1805.0,1805.0,1805.0,1805.0,1806.0,1806.0,1806.0,1806.0,1806.0,1808.0,1808.0,1809.0,1809.0,1809.0,1809.0,1810.0,1811.0,1811.0,1811.0,1811.0,1811.0,1811.0,1811.0,1812.0,1812.0,,,,,,,,,1812.0,1812.0,1812.0,1813.0,1813.0,1813.0,1815.0,1815.0,1815.0,1815.0,1816.0,1816.0,1816.0,1816.0,1816.0,1816.0,1816.0,1816.0,1816.0,1816.0,1816.0,1817.0,1817.0,1817.0,1817.0,1817.0,1818.0,1819.0,1820.0,1820.0,1821.0,1822.0,1822.0,1825.0,1825.0,1825.0,1825.0,1825.0,1825.0,1829.0,1829.0,1829.0,1830.0,1830.0,1831.0,1833.0,1835.0,1838.0,1839.0,1840.0,1843.0,1844.0,1845.0,1846.0,1847.0,1849.0,1850.0,1859.0,1863.0,1866.0,1869.0,1873.0,1877.0,1882.0,1882.0,1882.0,1883.0,1884.0,1885.0,1885.0,1885.0,1886
hOMROU67sek,383885.0,383902.0,383929.0,383949.0,383971.0,384003.0,384024.0,384048.0,384064.0,384089.0,384110.0,384131.0,384155.0,384170.0,384189.0,384209.0,384236.0,384250.0,384278.0,384300.0,384322.0,384353.0,384365.0,384383.0,384400.0,384417.0,384434.0,384462.0,384479.0,384494.0,384507.0,384526.0,384541.0,384557.0,384579.0,384604.0,384629.0,384642.0,384658.0,384680.0,384698.0,384715.0,384732.0,384758.0,384774.0,384800.0,384811.0,384838.0,384863.0,384879.0,384899.0,384918.0,384937.0,384959.0,384985.0,385011.0,385032.0,385046.0,385089.0,385152.0,385175.0,385202.0,385236.0,385279.0,385308.0,385342.0,385363.0,385401.0,385417.0,385436.0,385465.0,385490.0,385530.0,385552.0,385572.0,385597.0,385632.0,385665.0,385686.0,385729.0,385761.0,385791.0,385806.0,385835.0,385852.0,385865.0,385890.0,385915.0,385932.0,385947.0,385964.0,385986.0,386022.0,386051.0,386078.0,386096.0,386117.0,386135.0,386158.0,386178.0,386196.0,386221.0,386234.0,386255.0,386281.0,386302.0,386324.0,386340.0,386366.0,386395.0,386415.0,386436.0,386458.0,386476.0,386495.0,386520.0,386535.0,386551.0,386572.0,386591.0,386621.0,386642.0,386659.0,386692.0,386708.0,386731.0,386741.0,386751.0,386770.0,386785.0,386815.0,386826.0,386839.0,386858.0,,,,,,,,,387423.0,387665.0,387789.0,387901.0,388025.0,388125.0,388203.0,388268.0,388347.0,388459.0,388530.0,388599.0,388651.0,388713.0,388769.0,388830.0,388885.0,388934.0,388970.0,389002.0,389027.0,389065.0,389095.0,389132.0,389168.0,389205.0,389235.0,389259.0,389281.0,389306.0,389322.0,389339.0,389368.0,389432.0,389486.0,389515.0,389548.0,389584.0,389617.0,389645.0,389674.0,389710.0,389751.0,389788.0,389823.0,389866.0,389894.0,389917.0,389948.0,389987.0,390007.0,390038.0,390072.0,390104.0,390126.0,390155.0,390182.0,390206.0,390232.0,390257.0,390280.0,390305.0,390330.0,390346.0,390374.0,390396.0,390432.0,390461.0,390488.0,390511.0,390542.0,390577
RwIzZiTFWfo,3000.0,3000.0,3000.0,3000.0,3000.0,3000.0,3000.0,3000.0,3000.0,3000.0,3000.0,3000.0,3000.0,3000.0,3000.0,3000.0,3000.0,3000.0,3000.0,3000.0,3000.0,3000.0,3000.0,3000.0,3000.0,3000.0,3000.0,3000.0,3000.0,3000.0,3000.0,3000.0,3000.0,3000.0,3000.0,3000.0,3000.0,3000.0,3000.0,3000.0,3000.0,3000.0,3000.0,3000.0,3000.0,3000.0,3000.0,3001.0,3002.0,3002.0,3002.0,3002.0,3002.0,3002.0,3002.0,3003.0,3003.0,3003.0,3003.0,3003.0,3003.0,3003.0,3003.0,3003.0,3003.0,3003.0,3003.0,3003.0,3003.0,3003.0,3003.0,3003.0,3004.0,3004.0,3005.0,3005.0,3005.0,3005.0,3005.0,3006.0,3006.0,3006.0,3006.0,3006.0,3006.0,3006.0,3006.0,3006.0,3006.0,3006.0,3006.0,3006.0,3006.0,3006.0,3006.0,3006.0,3006.0,3006.0,3006.0,3006.0,3006.0,3006.0,3006.0,3006.0,3006.0,3006.0,3006.0,3006.0,3006.0,3006.0,3007.0,3007.0,3007.0,3007.0,3007.0,3007.0,3007.0,3007.0,3007.0,3007.0,3008.0,3009.0,3009.0,3009.0,3009.0,3009.0,3009.0,3009.0,3009.0,3009.0,3009.0,3009.0,3009.0,3009.0,,,,,,,,,3009.0,3009.0,3009.0,3009.0,3009.0,3010.0,3010.0,3010.0,3011.0,3011.0,3011.0,3011.0,3011.0,3011.0,3011.0,3011.0,3011.0,3011.0,3011.0,3012.0,3012.0,3012.0,3012.0,3013.0,3013.0,3013.0,3013.0,3013.0,3013.0,3013.0,3013.0,3013.0,3013.0,3013.0,3013.0,3013.0,3013.0,3013.0,3013.0,3013.0,3013.0,3013.0,3013.0,3014.0,3014.0,3013.0,3013.0,3013.0,3013.0,3013.0,3013.0,3013.0,3013.0,3013.0,3013.0,3013.0,3013.0,3013.0,3013.0,3013.0,3013.0,3013.0,3013.0,3013.0,3013.0,3013.0,3013.0,3013.0,3013.0,3013.0,3013.0,3013
gXpK8HRS0PY,24609.0,24695.0,24816.0,24868.0,24950.0,25004.0,25064.0,25144.0,25246.0,25323.0,25398.0,25573.0,25694.0,25828.0,26042.0,26195.0,26277.0,26372.0,26523.0,26665.0,26814.0,26940.0,27122.0,27212.0,27308.0,27469.0,27588.0,27732.0,27895.0,28075.0,28182.0,28277.0,28392.0,28515.0,28610.0,28712.0,28827.0,28910.0,28999.0,29099.0,29209.0,29317.0,29411.0,29497.0,29553.0,29638.0,29712.0,29806.0,29901.0,29985.0,30061.0,30111.0,30170.0,30266.0,30352.0,30421.0,30490.0,30578.0,30647.0,30700.0,30761.0,30833.0,30888.0,30978.0,31085.0,31169.0,31249.0,31319.0,31377.0,31455.0,31520.0,31582.0,31628.0,31667.0,31737.0,31818.0,31911.0,31996.0,32086.0,32163.0,32221.0,32284.0,32381.0,32448.0,32518.0,32609.0,32660.0,32711.0,32801.0,32855.0,32917.0,32979.0,33053.0,33090.0,33129.0,33182.0,33229.0,33292.0,33404.0,33497.0,33574.0,33632.0,33686.0,33769.0,33867.0,33947.0,34060.0,34154.0,34232.0,34346.0,34439.0,34577.0,34659.0,34759.0,34832.0,34936.0,35006.0,35101.0,35199.0,35278.0,35335.0,35406.0,35471.0,35514.0,35563.0,35628.0,35695.0,35762.0,35822.0,35872.0,35933.0,35995.0,36061.0,36105.0,,,,,,,,,36618.0,36657.0,36690.0,36736.0,36789.0,36856.0,36933.0,36997.0,37078.0,37173.0,37245.0,37346.0,37453.0,37547.0,37611.0,37684.0,37794.0,37884.0,37951.0,38053.0,38107.0,38156.0,38192.0,38268.0,38332.0,38393.0,38468.0,38531.0,38579.0,38625.0,38691.0,38776.0,38841.0,38888.0,38951.0,39001.0,39052.0,39110.0,39173.0,39258.0,39318.0,39395.0,39458.0,39497.0,39564.0,39628.0,39717.0,39784.0,39844.0,39900.0,39949.0,40016.0,40094.0,40171.0,40240.0,40301.0,40345.0,40391.0,40465.0,40535.0,40591.0,40631.0,40682.0,40731.0,40772.0,40843.0,40897.0,40954.0,41001.0,41069.0,41128.0,41165
gQkQOj3U6_8,15121.0,15122.0,15125.0,15126.0,15128.0,15131.0,15141.0,15145.0,15150.0,15154.0,15157.0,15158.0,15161.0,15163.0,15164.0,15167.0,15169.0,15170.0,15170.0,15171.0,15172.0,15173.0,15174.0,15177.0,15179.0,15181.0,15183.0,15186.0,15186.0,15186.0,15187.0,15191.0,15195.0,15207.0,15214.0,15219.0,15220.0,15222.0,15224.0,15225.0,15228.0,15229.0,15231.0,15231.0,15234.0,15239.0,15241.0,15243.0,15243.0,15245.0,15246.0,15247.0,15250.0,15250.0,15255.0,15259.0,15260.0,15263.0,15264.0,15268.0,15268.0,15270.0,15273.0,15277.0,15277.0,15280.0,15284.0,15286.0,15286.0,15287.0,15287.0,15289.0,15290.0,15291.0,15294.0,15294.0,15296.0,15296.0,15297.0,15299.0,15299.0,15300.0,15301.0,15301.0,15301.0,15301.0,15301.0,15302.0,15302.0,15302.0,15304.0,15307.0,15310.0,15313.0,15317.0,15317.0,15317.0,15318.0,15318.0,15318.0,15320.0,15321.0,15323.0,15323.0,15325.0,15326.0,15329.0,15332.0,15335.0,15335.0,15340.0,15337.0,15341.0,15341.0,15342.0,15343.0,15343.0,15344.0,15346.0,15349.0,15349.0,15351.0,15353.0,15354.0,15357.0,15358.0,15358.0,15358.0,15360.0,15365.0,15366.0,15367.0,15371.0,15371.0,,,,,,,,,15385.0,15385.0,15386.0,15386.0,15386.0,15388.0,15390.0,15391.0,15390.0,15392.0,15392.0,15394.0,15394.0,15393.0,15398.0,15400.0,15401.0,15403.0,15403.0,15403.0,15403.0,15403.0,15407.0,15408.0,15409.0,15409.0,15410.0,15411.0,15411.0,15411.0,15413.0,15413.0,15416.0,15416.0,15417.0,15420.0,15423.0,15424.0,15427.0,15429.0,15430.0,15429.0,15432.0,15433.0,15437.0,15438.0,15439.0,15440.0,15440.0,15444.0,15445.0,15447.0,15447.0,15447.0,15447.0,15449.0,15451.0,15452.0,15453.0,15456.0,15458.0,15458.0,15463.0,15464.0,15464.0,15465.0,15467.0,15467.0,15467.0,15467.0,15467.0,15467
eN5mG_yMDiM,111594259.0,111624225.0,111657187.0,111690275.0,111718671.0,111747915.0,111777094.0,111806878.0,111837079.0,111872018.0,111905556.0,111934739.0,111964796.0,111994372.0,112025314.0,112056309.0,112091902.0,112127953.0,112161571.0,112194490.0,112228771.0,112264031.0,112297177.0,112328225.0,112358249.0,112387064.0,112419225.0,112450155.0,112482207.0,112514523.0,112547156.0,112576065.0,112602316.0,112629737.0,112658189.0,112686777.0,112715920.0,112746878.0,112776955.0,112803977.0,112831301.0,112857363.0,112884400.0,112912075.0,112940645.0,112966550.0,112990724.0,113015434.0,113039338.0,113064512.0,113089713.0,113117046.0,113140831.0,113166079.0,113192486.0,113218095.0,113244826.0,113272149.0,113298052.0,113324179.0,113350330.0,113376992.0,113402904.0,113428279.0,113453066.0,113477888.0,113501249.0,113525251.0,113545666.0,113571411.0,113594232.0,113617054.0,113639455.0,113661108.0,113682774.0,113706965.0,113731672.0,113755501.0,113779803.0,113804406.0,113828011.0,113851294.0,113874839.0,113899311.0,113923577.0,113947583.0,113969964.0,113990963.0,114010915.0,114032472.0,114053683.0,114074563.0,114095224.0,114117843.0,114139816.0,114159531.0,114180608.0,114201743.0,114223142.0,114245038.0,114268340.0,114291539.0,114312828.0,114335323.0,114359275.0,114384138.0,114408898.0,114434368.0,114457438.0,114477787.0,114498722.0,114521152.0,114542805.0,114565636.0,114588582.0,114610555.0,114633163.0,114655895.0,114678858.0,114701420.0,114725074.0,114747152.0,114769273.0,114790017.0,114811767.0,114834169.0,114856985.0,114878157.0,114898484.0,114917323.0,114934784.0,114952982.0,114971408.0,114989251.0,,,,,,,,,115168001.0,115189071.0,115208786.0,115229121.0,115248869.0,115268616.0,115286855.0,115306411.0,115327283.0,115344975.0,115363222.0,115382559.0,115404556.0,115426694.0,115449210.0,115469833.0,115489747.0,115511685.0,115535198.0,115559884.0,115585039.0,115611944.0,115637022.0,115660766.0,115684945.0,115708017.0,115731811.0,115756150.0,115779840.0,115802581.0,115824695.0,115847837.0,115871296.0,115894047.0,115915775.0,115937501.0,115959509.0,115979845.0,116002934.0,116026247.0,116050426.0,116074355.0,116099745.0,116122455.0,116144150.0,116167198.0,116190366.0,116214493.0,116238250.0,116260782.0,116281492.0,116302223.0,116323607.0,116346738.0,116368423.0,116389686.0,116411316.0,116432340.0,116452499.0,116473638.0,116494893.0,116515571.0,116536292.0,116557184.0,116576895.0,116597520.0,116617721.0,116638300.0,116658414.0,116677604.0,116696967.0,116715829
YKKh8d4wZbU,31529045.0,31529999.0,31530942.0,31532047.0,31533117.0,31533973.0,31534830.0,31535704.0,31536607.0,31537517.0,31538498.0,31539340.0,31540241.0,31541145.0,31542131.0,31542996.0,31543954.0,31544834.0,31545654.0,31546413.0,31547244.0,31548050.0,31548857.0,31549785.0,31550676.0,31551518.0,31552292.0,31553201.0,31554002.0,31554813.0,31555762.0,31556622.0,31557526.0,31558478.0,31559436.0,31560350.0,31561339.0,31562328.0,31563371.0,31564374.0,31565311.0,31566224.0,31567101.0,31568070.0,31569060.0,31569894.0,31570866.0,31571932.0,31572906.0,31573793.0,31574677.0,31575621.0,31576515.0,31577486.0,31578469.0,31579571.0,31580593.0,31581496.0,31582333.0,31583223.0,31584086.0,31585077.0,31586096.0,31587111.0,31588211.0,31589331.0,31590278.0,31591202.0,31591995.0,31593012.0,31593905.0,31594917.0,31595865.0,31596754.0,31597571.0,31598431.0,31599263.0,31600171.0,31601041.0,31601914.0,31602744.0,31603493.0,31604334.0,31605201.0,31606051.0,31606986.0,31607955.0,31609019.0,31609949.0,31610797.0,31611583.0,31612396.0,31613305.0,31614286.0,31615258.0,31616086.0,31616943.0,31617704.0,31618448.0,31619240.0,31620144.0,31621145.0,31621907.0,31622658.0,31623418.0,31624317.0,31625179.0,31626033.0,31626939.0,31627767.0,31628526.0,31629323.0,31630117.0,31631000.0,31631882.0,31632868.0,31633669.0,31634501.0,31635266.0,31636008.0,31636852.0,31637661.0,31638395.0,31639131.0,31639885.0,31640638.0,31641356.0,31642187.0,31643067.0,31643942.0,31644721.0,31645468.0,31646193.0,31646887.0,,,,,,,,,31653294.0,31654042.0,31654730.0,31655406.0,31656059.0,31656722.0,31657327.0,31658109.0,31658871.0,31659591.0,31660188.0,31660750.0,31661400.0,31662083.0,31662905.0,31663649.0,31664360.0,31665051.0,31665726.0,31666390.0,31667068.0,31667739.0,31668353.0,31668954.0,31669503.0,31670063.0,31670602.0,31671244.0,31671819.0,31672437.0,31673007.0,31673528.0,31674097.0,31674684.0,31675295.0,31675889.0,31676583.0,31677125.0,31677695.0,31678258.0,31678806.0,31679422.0,31680079.0,31680604.0,31681231.0,31681778.0,31682382.0,31682970.0,31683605.0,31684250.0,31684926.0,31685551.0,31686110.0,31686678.0,31687221.0,31687802.0,31688353.0,31688860.0,31689481.0,31690052.0,31690648.0,31691165.0,31691736.0,31692344.0,31692948.0,31693507.0,31694197.0,31694842.0,31695367.0,31696009.0,31696586.0,31697221
ueJR9ZqUJmg,5337959.0,5337976.0,5338008.0,5338035.0,5338060.0,5338076.0,5338104.0,5338128.0,5338152.0,5338186.0,5338227.0,5338276.0,5338314.0,5338356.0,5338408.0,5338443.0,5338468.0,5338507.0,5338545.0,5338579.0,5338607.0,5338633.0,5338678.0,5338721.0,5338775.0,5338803.0,5338825.0,5338862.0,5338896.0,5338932.0,5338971.0,5339022.0,5339056.0,5339087.0,5339114.0,5339154.0,5339192.0,5339230.0,5339283.0,5339340.0,5339380.0,5339407.0,5339438.0,5339462.0,5339493.0,5339527.0,5339565.0,5339603.0,5339632.0,5339663.0,5339689.0,5339720.0,5339749.0,5339788.0,5339819.0,5339849.0,5339889.0,5339924.0,5339942.0,5339971.0,5339995.0,5340020.0,5340042.0,5340077.0,5340111.0,5340157.0,5340193.0,5340213.0,5340228.0,5340267.0,5340292.0,5340319.0,5340342.0,5340378.0,5340403.0,5340426.0,5340454.0,5340488.0,5340509.0,5340529.0,5340554.0,5340573.0,5340593.0,5340616.0,5340641.0,5340666.0,5340693.0,5340715.0,5340731.0,5340752.0,5340788.0,5340807.0,5340827.0,5340853.0,5340880.0,5340904.0,5340927.0,5340952.0,5340968.0,5340990.0,5341021.0,5341052.0,5341083.0,5341103.0,5341134.0,5341154.0,5341176.0,5341195.0,5341216.0,5341233.0,5341265.0,5341285.0,5341303.0,5341333.0,5341356.0,5341379.0,5341402.0,5341427.0,5341446.0,5341465.0,5341487.0,5341505.0,5341527.0,5341546.0,5341561.0,5341587.0,5341601.0,5341619.0,5341641.0,5341663.0,5341681.0,5341697.0,5341702.0,5341716.0,,,,,,,,,5341895.0,5341913.0,5341936.0,5341961.0,5341983.0,5341998.0,5342014.0,5342025.0,5342052.0,5342070.0,5342090.0,5342108.0,5342128.0,5342137.0,5342158.0,5342176.0,5342195.0,5342224.0,5342246.0,5342255.0,5342270.0,5342296.0,5342316.0,5342334.0,5342351.0,5342370.0,5342392.0,5342403.0,5342429.0,5342456.0,5342472.0,5342490.0,5342512.0,5342539.0,5342567.0,5342583.0,5342608.0,5342630.0,5342647.0,5342672.0,5342691.0,5342709.0,5342738.0,5342768.0,5342785.0,5342812.0,5342831.0,5342853.0,5342879.0,5342889.0,5342914.0,5342932.0,5342962.0,5342982.0,5342998.0,5343020.0,5343037.0,5343051.0,5343071.0,5343086.0,5343099.0,5343115.0,5343133.0,5343149.0,5343164.0,5343179.0,5343197.0,5343225.0,5343232.0,5343253.0,5343270.0,5343287
0KKchxrfefo,364044.0,364044.0,364044.0,364044.0,364044.0,364044.0,364044.0,364044.0,364044.0,364044.0,364044.0,364044.0,364044.0,364044.0,364044.0,364044.0,364044.0,364044.0,364044.0,364044.0,364044.0,364044.0,364044.0,364044.0,364044.0,364044.0,364044.0,364044.0,364044.0,364044.0,364044.0,364044.0,364044.0,364044.0,364044.0,364044.0,364044.0,364044.0,364044.0,364044.0,364044.0,364044.0,364044.0,364044.0,364044.0,364044.0,364044.0,364044.0,364044.0,364044.0,364044.0,364044.0,364044.0,364044.0,364044.0,364044.0,364044.0,364044.0,364044.0,364044.0,364044.0,364044.0,364044.0,364044.0,364044.0,364044.0,364044.0,364044.0,364044.0,364044.0,364044.0,364044.0,364044.0,364044.0,364044.0,364044.0,364044.0,364044.0,364044.0,364044.0,364044.0,364044.0,364044.0,364044.0,364044.0,364044.0,364044.0,364044.0,364044.0,364044.0,364044.0,364044.0,364044.0,364044.0,364044.0,364044.0,364044.0,364044.0,364044.0,364044.0,364044.0,364044.0,364044.0,364044.0,364044.0,364044.0,364044.0,364044.0,364044.0,364044.0,364044.0,364044.0,364044.0,364044.0,364044.0,364044.0,364044.0,364044.0,364044.0,364044.0,364044.0,364044.0,364044.0,364044.0,364044.0,364044.0,364044.0,364044.0,364044.0,364044.0,364044.0,364044.0,364044.0,364044.0,,,,,,,,,364044.0,364044.0,364044.0,364044.0,364044.0,364044.0,364044.0,364044.0,364044.0,364044.0,364044.0,364044.0,364044.0,364044.0,364044.0,364044.0,364044.0,364044.0,364044.0,364044.0,364044.0,364044.0,364044.0,364044.0,364044.0,364044.0,364044.0,364044.0,364044.0,364044.0,364044.0,364044.0,364044.0,364044.0,364044.0,364044.0,364044.0,364044.0,364044.0,364044.0,364044.0,364044.0,364044.0,364044.0,364044.0,364044.0,364044.0,364044.0,364044.0,364044.0,364044.0,364044.0,364044.0,364044.0,364044.0,364044.0,364044.0,364044.0,364044.0,364044.0,364044.0,364044.0,364044.0,364044.0,364044.0,364044.0,364044.0,364044.0,364044.0,364044.0,364044.0,364044
3oEbrAE7iCw,61678.0,61678.0,61678.0,61678.0,61678.0,61678.0,61678.0,61678.0,61678.0,61678.0,61678.0,61678.0,61678.0,61678.0,61678.0,61678.0,61678.0,61678.0,61678.0,61678.0,61678.0,61678.0,61678.0,61678.0,61678.0,61678.0,61678.0,61678.0,61678.0,61678.0,61678.0,61678.0,61678.0,61678.0,61678.0,61678.0,61678.0,61678.0,61678.0,61678.0,61678.0,61678.0,61678.0,61678.0,61678.0,61678.0,61678.0,61678.0,61678.0,61678.0,61678.0,61678.0,61678.0,61678.0,61678.0,61678.0,61678.0,61678.0,61678.0,61678.0,61678.0,61678.0,61678.0,61678.0,61678.0,61678.0,61678.0,61678.0,61678.0,61678.0,61678.0,61678.0,61678.0,61678.0,61678.0,61678.0,61678.0,61678.0,61678.0,61678.0,61678.0,61678.0,61678.0,61678.0,61678.0,61678.0,61678.0,61678.0,61678.0,61678.0,61678.0,61678.0,61678.0,61678.0,61678.0,61678.0,61678.0,61678.0,61678.0,61678.0,61678.0,61678.0,61678.0,61678.0,61678.0,61678.0,61678.0,61678.0,61678.0,61678.0,61678.0,61678.0,61678.0,61678.0,61678.0,61678.0,61678.0,61678.0,61678.0,61678.0,61678.0,61678.0,61678.0,61678.0,61678.0,61678.0,61678.0,61678.0,61678.0,61678.0,61678.0,61678.0,61678.0,61678.0,,,,,,,,,61678.0,61678.0,61678.0,61678.0,61678.0,61678.0,61678.0,61678.0,61678.0,61678.0,61678.0,61678.0,61678.0,61678.0,61678.0,61678.0,61678.0,61678.0,61678.0,61678.0,61678.0,61678.0,61678.0,61678.0,61678.0,61678.0,61678.0,61678.0,61678.0,61678.0,61678.0,61678.0,61678.0,61678.0,61678.0,61678.0,61678.0,61678.0,61678.0,61678.0,61678.0,61678.0,61678.0,61678.0,61678.0,61678.0,61678.0,61678.0,61678.0,61678.0,61678.0,61678.0,61678.0,61678.0,61678.0,61678.0,61678.0,61678.0,61678.0,61678.0,61678.0,61678.0,61678.0,61678.0,61678.0,61678.0,61678.0,61678.0,61678.0,61678.0,61678.0,61678
EDWF3DqTgZc,47570.0,47570.0,47570.0,47570.0,47570.0,47570.0,47570.0,47570.0,47570.0,47570.0,47570.0,47570.0,47570.0,47570.0,47570.0,47570.0,47570.0,47570.0,47570.0,47570.0,47570.0,47570.0,47570.0,47570.0,47570.0,47570.0,47570.0,47570.0,47570.0,47570.0,47570.0,47570.0,47570.0,47570.0,47570.0,47570.0,47570.0,47570.0,47570.0,47570.0,47570.0,47570.0,47570.0,47570.0,47570.0,47570.0,47570.0,47570.0,47570.0,47570.0,47570.0,47570.0,47570.0,47570.0,47570.0,47570.0,47570.0,47570.0,47570.0,47570.0,47570.0,47570.0,47570.0,47570.0,47570.0,47570.0,47570.0,47570.0,47570.0,47570.0,47570.0,47570.0,47570.0,47570.0,47570.0,47570.0,47570.0,47570.0,47570.0,47570.0,47570.0,47570.0,47570.0,47570.0,47570.0,47570.0,47570.0,47570.0,47570.0,47570.0,47570.0,47570.0,47570.0,47570.0,47570.0,47570.0,47570.0,47570.0,47570.0,47570.0,47570.0,47570.0,47570.0,47570.0,47570.0,47570.0,47570.0,47570.0,47570.0,47570.0,47570.0,47570.0,47570.0,47570.0,47570.0,47570.0,47570.0,47570.0,47570.0,47570.0,47570.0,47570.0,47570.0,47570.0,47570.0,47570.0,47570.0,47570.0,47570.0,47570.0,47570.0,47570.0,47570.0,47570.0,,,,,,,,,47570.0,47570.0,47570.0,47570.0,47570.0,47570.0,47570.0,47570.0,47570.0,47570.0,47570.0,47570.0,47570.0,47570.0,47570.0,47570.0,47570.0,47570.0,47570.0,47570.0,47570.0,47570.0,47570.0,47570.0,47570.0,47570.0,47570.0,47570.0,47570.0,47570.0,47570.0,47570.0,47570.0,47570.0,47570.0,47570.0,47570.0,47570.0,47570.0,47570.0,47570.0,47570.0,47570.0,47570.0,47570.0,47570.0,47570.0,47570.0,47570.0,47570.0,47570.0,47570.0,47570.0,47570.0,47570.0,47570.0,47570.0,47570.0,47570.0,47570.0,47570.0,47570.0,47570.0,47570.0,47570.0,47570.0,47570.0,47570.0,47570.0,47570.0,47570.0,47570
1NGKt9qeIso,11977.0,11978.0,11978.0,11981.0,11981.0,11983.0,11983.0,11985.0,11986.0,11987.0,11989.0,11991.0,11993.0,11995.0,11998.0,12008.0,12008.0,12009.0,12013.0,12013.0,12017.0,12019.0,12025.0,12027.0,12029.0,12034.0,12034.0,12038.0,12040.0,12043.0,12045.0,12049.0,12056.0,12057.0,12059.0,12060.0,12062.0,12063.0,12066.0,12067.0,12069.0,12071.0,12072.0,12072.0,12074.0,12079.0,12080.0,12080.0,12081.0,12083.0,12085.0,12086.0,12089.0,12089.0,12092.0,12092.0,12092.0,12094.0,12095.0,12096.0,12101.0,12103.0,12104.0,12104.0,12106.0,12106.0,12107.0,12110.0,12112.0,12112.0,12115.0,12115.0,12116.0,12117.0,12117.0,12121.0,12122.0,12123.0,12126.0,12126.0,12130.0,12134.0,12142.0,12143.0,12144.0,12146.0,12148.0,12149.0,12152.0,12154.0,12157.0,12158.0,12158.0,12161.0,12163.0,12164.0,12171.0,12172.0,12175.0,12178.0,12179.0,12180.0,12180.0,12183.0,12184.0,12190.0,12190.0,12190.0,12190.0,12194.0,12194.0,12198.0,12199.0,12204.0,12204.0,12206.0,12206.0,12206.0,12209.0,12210.0,12211.0,12212.0,12213.0,12215.0,12216.0,12218.0,12222.0,12224.0,12225.0,12227.0,12227.0,12229.0,12232.0,12233.0,,,,,,,,,12250.0,12252.0,12253.0,12254.0,12259.0,12260.0,12261.0,12262.0,12266.0,12270.0,12274.0,12279.0,12280.0,12281.0,12281.0,12286.0,12291.0,12297.0,12298.0,12303.0,12304.0,12304.0,12305.0,12305.0,12306.0,12308.0,12310.0,12314.0,12317.0,12318.0,12321.0,12321.0,12322.0,12323.0,12323.0,12323.0,12331.0,12332.0,12333.0,12335.0,12337.0,12339.0,12340.0,12343.0,12347.0,12351.0,12354.0,12354.0,12360.0,12360.0,12361.0,12363.0,12364.0,12367.0,12368.0,12368.0,12369.0,12370.0,12375.0,12376.0,12378.0,12378.0,12378.0,12379.0,12381.0,12382.0,12386.0,12387.0,12390.0,12391.0,12392.0,12393
7WyHtSlvHD4,176943228.0,176973718.0,177008550.0,177044202.0,177077147.0,177109807.0,177143758.0,177179843.0,177217205.0,177256010.0,177296770.0,177331838.0,177366658.0,177402357.0,177437956.0,177472268.0,177508131.0,177544188.0,177578027.0,177611947.0,177649923.0,177692439.0,177737743.0,177779289.0,177819948.0,177858020.0,177897605.0,177939789.0,177981638.0,178022548.0,178070957.0,178112800.0,178153947.0,178204025.0,178250646.0,178306688.0,178451044.0,178587346.0,178679313.0,178751742.0,178815628.0,178874821.0,178934647.0,178992406.0,179043578.0,179090525.0,179132467.0,179174819.0,179215644.0,179254172.0,179291520.0,179333090.0,179374555.0,179411407.0,179448286.0,179485003.0,179522573.0,179562438.0,179606324.0,179651743.0,179697542.0,179743248.0,179787899.0,179829030.0,179871402.0,179912817.0,179950209.0,179988605.0,180028183.0,180080229.0,180116237.0,180147152.0,180180792.0,180216058.0,180249649.0,180284907.0,180324017.0,180367503.0,180411305.0,180452894.0,180493623.0,180529735.0,180564747.0,180600340.0,180636220.0,180671592.0,180707398.0,180741811.0,180774556.0,180806050.0,180839143.0,180870031.0,180901245.0,180934805.0,180968283.0,180996811.0,181024724.0,181053702.0,181083440.0,181113707.0,181146294.0,181178182.0,181206487.0,181234601.0,181264156.0,181292828.0,181319421.0,181347435.0,181376948.0,181403544.0,181430557.0,181460978.0,181491857.0,181523382.0,181555735.0,181588025.0,181616170.0,181643721.0,181671846.0,181700688.0,181731294.0,181764007.0,181798123.0,181829544.0,181860769.0,181892956.0,181927633.0,181964770.0,182006533.0,182044792.0,182076792.0,182110977.0,182144954.0,182176831.0,,,,,,,,,182472981.0,182506052.0,182535928.0,182565984.0,182596836.0,182625129.0,182653552.0,182684291.0,182717334.0,182748190.0,182777950.0,182806408.0,182838067.0,182868280.0,182898972.0,182929894.0,182959716.0,182988394.0,183019645.0,183050011.0,183077432.0,183107942.0,183137978.0,183164668.0,183192107.0,183220770.0,183249741.0,183278261.0,183306738.0,183335538.0,183363200.0,183391525.0,183418529.0,183445019.0,183471664.0,183501275.0,183529679.0,183554428.0,183581287.0,183608529.0,183637166.0,183664638.0,183694408.0,183722859.0,183748528.0,183774202.0,183800331.0,183826878.0,183853157.0,183881916.0,183908206.0,183931963.0,183956555.0,183983215.0,184009221.0,184037080.0,184064613.0,184091199.0,184116609.0,184143925.0,184171817.0,184197994.0,184222378.0,184248512.0,184272490.0,184297782.0,184325319.0,184352436.0,184377272.0,184400644.0,184425984.0,184450089
gQlMMD8auMs,976642065.0,976901728.0,977209717.0,977524149.0,977810689.0,978105281.0,978404501.0,978722280.0,979037292.0,979351186.0,979658895.0,979936377.0,980229236.0,980520146.0,980824176.0,981123384.0,981445724.0,981763432.0,982045787.0,982326045.0,982623367.0,982932762.0,983245794.0,983582285.0,983902646.0,984200923.0,984488918.0,984793385.0,985101228.0,985402530.0,985779240.0,986160576.0,986510896.0,986891235.0,987266366.0,987653061.0,988260458.0,989155802.0,989895159.0,990560249.0,991173839.0,991742597.0,992304768.0,992847609.0,993362547.0,993833710.0,994233355.0,994693709.0,995164089.0,995625317.0,996071359.0,996537146.0,996950378.0,997320346.0,997734074.0,998137107.0,998546502.0,998969121.0,999458144.0,999986958.0,1000515329.0,1000951566.0,1001354487.0,1001769347.0,1002203138.0,1002657735.0,1003066365.0,1003430374.0,1003739203.0,1004148974.0,1004506737.0,1004866339.0,1005245575.0,1005624376.0,1005979880.0,1006333632.0,1006690380.0,1007054763.0,1007423864.0,1007810197.0,1008177210.0,1008511790.0,1008838500.0,1009171453.0,1009503338.0,1009845720.0,1010213504.0,1010573124.0,1010893697.0,1011194925.0,1011505249.0,1011817994.0,1012152483.0,1012526801.0,1012908437.0,1013199056.0,1013480485.0,1013768731.0,1014068391.0,1014393567.0,1014769016.0,1015145843.0,1015444948.0,1015727801.0,1016019687.0,1016316915.0,1016620183.0,1016956035.0,1017304922.0,1017598754.0,1017880061.0,1018170872.0,1018459720.0,1018758784.0,1019107537.0,1019456598.0,1019741399.0,1020020872.0,1020304706.0,1020591145.0,1020884667.0,1021208348.0,1021535279.0,1021811675.0,1022071524.0,1022342224.0,1022634249.0,1022947893.0,1023301682.0,1023638864.0,1023909289.0,1024184303.0,1024467184.0,1024743447.0,,,,,,,,,1027568027.0,1027924598.0,1028209114.0,1028475696.0,1028718085.0,1028947769.0,1029173658.0,1029412217.0,1029664879.0,1029888589.0,1030112139.0,1030325527.0,1030558396.0,1030785884.0,1031040346.0,1031282535.0,1031488657.0,1031697800.0,1031918255.0,1032153591.0,1032392832.0,1032663027.0,1032935409.0,1033158420.0,1033386541.0,1033617273.0,1033849446.0,1034087251.0,1034346362.0,1034605082.0,1034824343.0,1035046469.0,1035268560.0,1035495501.0,1035724465.0,1035988764.0,1036243731.0,1036458949.0,1036676235.0,1036895558.0,1037117958.0,1037343589.0,1037594293.0,1037843118.0,1038062660.0,1038274979.0,1038488806.0,1038704598.0,1038923970.0,1039172202.0,1039408969.0,1039607190.0,1039808307.0,1040032795.0,1040244860.0,1040476198.0,1040725114.0,1040965925.0,1041188769.0,1041437043.0,1041691031.0,1041932479.0,1042151490.0,1042392596.0,1042623940.0,1042853107.0,1043096206.0,1043349012.0,1043604946.0,1043817850.0,1044056466.0,1044284293
gQlMMD8auMs,976642065.0,976901728.0,977209717.0,977524149.0,977810689.0,978105281.0,978404501.0,978722280.0,979037292.0,979351186.0,979658895.0,979936377.0,980229236.0,980520146.0,980824176.0,981123384.0,981445724.0,981763432.0,982045787.0,982326045.0,982623367.0,982932762.0,983245794.0,983582285.0,983902646.0,984200923.0,984488918.0,984793385.0,985101228.0,985402530.0,985779240.0,986160576.0,986510896.0,986891235.0,987266366.0,987653061.0,988260458.0,989155802.0,989895159.0,990560249.0,991173839.0,991742597.0,992304768.0,992847609.0,993362547.0,993833710.0,994233355.0,994693709.0,995164089.0,995625317.0,996071359.0,996537146.0,996950378.0,997320346.0,997734074.0,998137107.0,998546502.0,998969121.0,999458144.0,999986958.0,1000515329.0,1000951566.0,1001354487.0,1001769347.0,1002203138.0,1002657735.0,1003066365.0,1003430374.0,1003739203.0,1004148974.0,1004506737.0,1004866339.0,1005245575.0,1005624376.0,1005979880.0,1006333632.0,1006690380.0,1007054763.0,1007423864.0,1007810197.0,1008177210.0,1008511790.0,1008838500.0,1009171453.0,1009503338.0,1009845720.0,1010213504.0,1010573124.0,1010893697.0,1011194925.0,1011505249.0,1011817994.0,1012152483.0,1012526801.0,1012908437.0,1013199056.0,1013480485.0,1013768731.0,1014068391.0,1014393567.0,1014769016.0,1015145843.0,1015444948.0,1015727801.0,1016019687.0,1016316915.0,1016620183.0,1016956035.0,1017304922.0,1017598754.0,1017880061.0,1018170872.0,1018459720.0,1018758784.0,1019107537.0,1019456598.0,1019741399.0,1020020872.0,1020304706.0,1020591145.0,1020884667.0,1021208348.0,1021535279.0,1021811675.0,1022071524.0,1022342224.0,1022634249.0,1022947893.0,1023301682.0,1023638864.0,1023909289.0,1024184303.0,1024467184.0,1024743447.0,,,,,,,,,1027568027.0,1027924598.0,1028209114.0,1028475696.0,1028718085.0,1028947769.0,1029173658.0,1029412217.0,1029664879.0,1029888589.0,1030112139.0,1030325527.0,1030558396.0,1030785884.0,1031040346.0,1031282535.0,1031488657.0,1031697800.0,1031918255.0,1032153591.0,1032392832.0,1032663027.0,1032935409.0,1033158420.0,1033386541.0,1033617273.0,1033849446.0,1034087251.0,1034346362.0,1034605082.0,1034824343.0,1035046469.0,1035268560.0,1035495501.0,1035724465.0,1035988764.0,1036243731.0,1036458949.0,1036676235.0,1036895558.0,1037117958.0,1037343589.0,1037594293.0,1037843118.0,1038062660.0,1038274979.0,1038488806.0,1038704598.0,1038923970.0,1039172202.0,1039408969.0,1039607190.0,1039808307.0,1040032795.0,1040244860.0,1040476198.0,1040725114.0,1040965925.0,1041188769.0,1041437043.0,1041691031.0,1041932479.0,1042151490.0,1042392596.0,1042623940.0,1042853107.0,1043096206.0,1043349012.0,1043604946.0,1043817850.0,1044056466.0,1044284293
6NiBosy27OI,6023.0,6026.0,6027.0,6027.0,6028.0,6028.0,6028.0,6028.0,6029.0,6030.0,6032.0,6032.0,6036.0,6037.0,6037.0,6039.0,6038.0,6038.0,6040.0,6040.0,6040.0,6044.0,6046.0,6048.0,6048.0,6049.0,6050.0,6050.0,6050.0,6050.0,6050.0,6052.0,6052.0,6053.0,6055.0,6056.0,6056.0,6057.0,6057.0,6057.0,6057.0,6060.0,6060.0,6061.0,6061.0,6063.0,6066.0,6066.0,6068.0,6068.0,6069.0,6069.0,6071.0,6074.0,6075.0,6077.0,6079.0,6082.0,6084.0,6083.0,6083.0,6085.0,6090.0,6092.0,6091.0,6093.0,6095.0,6097.0,6097.0,6099.0,6099.0,6100.0,6101.0,6103.0,6106.0,6107.0,6107.0,6113.0,6114.0,6118.0,6118.0,6119.0,6120.0,6122.0,6123.0,6133.0,6135.0,6141.0,6142.0,6145.0,6146.0,6147.0,6147.0,6148.0,6148.0,6149.0,6150.0,6151.0,6154.0,6154.0,6154.0,6157.0,6161.0,6162.0,6164.0,6167.0,6169.0,6170.0,6170.0,6170.0,6170.0,6170.0,6170.0,6170.0,6171.0,6171.0,6172.0,6172.0,6172.0,6174.0,6175.0,6178.0,6180.0,6180.0,6181.0,6183.0,6187.0,6190.0,6191.0,6195.0,6196.0,6199.0,6200.0,6201.0,,,,,,,,,6213.0,6213.0,6216.0,6218.0,6221.0,6222.0,6223.0,6224.0,6224.0,6229.0,6229.0,6230.0,6234.0,6236.0,6238.0,6239.0,6240.0,6240.0,6240.0,6242.0,6242.0,6242.0,6246.0,6249.0,6249.0,6250.0,6252.0,6253.0,6256.0,6256.0,6257.0,6257.0,6257.0,6259.0,6259.0,6259.0,6260.0,6260.0,6261.0,6263.0,6265.0,6266.0,6267.0,6268.0,6271.0,6274.0,6275.0,6276.0,6276.0,6277.0,6277.0,6277.0,6278.0,6278.0,6280.0,6281.0,6282.0,6283.0,6283.0,6283.0,6283.0,6283.0,6284.0,6284.0,6284.0,6293.0,6294.0,6295.0,6298.0,6299.0,6299.0,6300
PQdiEPLcRWo,15268046.0,15268078.0,15268111.0,15268139.0,15268179.0,15268211.0,15268233.0,15268280.0,15268319.0,15268359.0,15268389.0,15268421.0,15268451.0,15268486.0,15268521.0,15268552.0,15268583.0,15268621.0,15268661.0,15268704.0,15268740.0,15268773.0,15268825.0,15268847.0,15268886.0,15268929.0,15268967.0,15269014.0,15269074.0,15269115.0,15269175.0,15269212.0,15269254.0,15269281.0,15269309.0,15269347.0,15269382.0,15269412.0,15269451.0,15269489.0,15269520.0,15269555.0,15269579.0,15269618.0,15269806.0,15270012.0,15270159.0,15270375.0,15270562.0,15270715.0,15270831.0,15270925.0,15271044.0,15271153.0,15271243.0,15271322.0,15271386.0,15271458.0,15271522.0,15271587.0,15271660.0,15271743.0,15271852.0,15271919.0,15272023.0,15272115.0,15272216.0,15272307.0,15272394.0,15272506.0,15272591.0,15272684.0,15272768.0,15272848.0,15272944.0,15273004.0,15273099.0,15273191.0,15273300.0,15273392.0,15273491.0,15273558.0,15273630.0,15273704.0,15273775.0,15273814.0,15273868.0,15273949.0,15274004.0,15274058.0,15274109.0,15274153.0,15274213.0,15274297.0,15274395.0,15274461.0,15274523.0,15274594.0,15274654.0,15274726.0,15274811.0,15274910.0,15274979.0,15275060.0,15275125.0,15275202.0,15275258.0,15275340.0,15275409.0,15275478.0,15275534.0,15275582.0,15275644.0,15275707.0,15275773.0,15275844.0,15275892.0,15275967.0,15276006.0,15276066.0,15276124.0,15276219.0,15276282.0,15276363.0,15276407.0,15276474.0,15276550.0,15276606.0,15276672.0,15276736.0,15276784.0,15276819.0,15276871.0,15276913.0,,,,,,,,,15277372.0,15277411.0,15277450.0,15277482.0,15277528.0,15277568.0,15277616.0,15277666.0,15277721.0,15277775.0,15277821.0,15277865.0,15277920.0,15277959.0,15278015.0,15278081.0,15278127.0,15278177.0,15278232.0,15278283.0,15278315.0,15278337.0,15278365.0,15278416.0,15278456.0,15278482.0,15278515.0,15278549.0,15278587.0,15278622.0,15278648.0,15278698.0,15278740.0,15278769.0,15278799.0,15278841.0,15278882.0,15278910.0,15278943.0,15278972.0,15278999.0,15279034.0,15279063.0,15279100.0,15279142.0,15279179.0,15279204.0,15279237.0,15279267.0,15279291.0,15279324.0,15279355.0,15279392.0,15279423.0,15279454.0,15279476.0,15279511.0,15279545.0,15279576.0,15279608.0,15279640.0,15279660.0,15279702.0,15279732.0,15279774.0,15279815.0,15279857.0,15279913.0,15279946.0,15279970.0,15280014.0,15280051
pNFhnShVGfc,20086.0,20086.0,20086.0,20086.0,20086.0,20086.0,20086.0,20086.0,20086.0,20086.0,20086.0,20086.0,20086.0,20086.0,20086.0,20086.0,20086.0,20086.0,20086.0,20086.0,20086.0,20086.0,20086.0,20086.0,20086.0,20086.0,20086.0,20086.0,20086.0,20086.0,20086.0,20086.0,20086.0,20086.0,20086.0,20086.0,20086.0,20086.0,20086.0,20086.0,20086.0,20086.0,20086.0,20086.0,20086.0,20086.0,20086.0,20086.0,20086.0,20086.0,20086.0,20086.0,20086.0,20086.0,20086.0,20086.0,20086.0,20086.0,20086.0,20086.0,20086.0,20086.0,20086.0,20086.0,20086.0,20086.0,20086.0,20086.0,20086.0,20086.0,20086.0,20086.0,20086.0,20086.0,20086.0,20086.0,20086.0,20086.0,20086.0,20086.0,20086.0,20086.0,20086.0,20086.0,20086.0,20086.0,20086.0,20086.0,20086.0,20086.0,20086.0,20086.0,20086.0,20086.0,20086.0,20086.0,20086.0,20086.0,20086.0,20086.0,20086.0,20086.0,20086.0,20086.0,20086.0,20086.0,20086.0,20086.0,20086.0,20086.0,20086.0,20086.0,20086.0,20086.0,20086.0,20086.0,20086.0,20086.0,20086.0,20086.0,20086.0,20086.0,20086.0,20086.0,20086.0,20086.0,20086.0,20086.0,20086.0,20086.0,20086.0,20086.0,20086.0,20086.0,,,,,,,,,20086.0,20086.0,20086.0,20086.0,20086.0,20086.0,20086.0,20086.0,20086.0,20086.0,20086.0,20086.0,20086.0,20086.0,20086.0,20086.0,20086.0,20086.0,20086.0,20086.0,20086.0,20086.0,20086.0,20086.0,20086.0,20086.0,20086.0,20086.0,20086.0,20086.0,20086.0,20086.0,20086.0,20086.0,20086.0,20086.0,20086.0,20086.0,20086.0,20086.0,20086.0,20086.0,20086.0,20086.0,20086.0,20086.0,20086.0,20086.0,20086.0,20086.0,20086.0,20086.0,20086.0,20086.0,20086.0,20086.0,20086.0,20086.0,20086.0,20086.0,20086.0,20086.0,20086.0,20086.0,20086.0,20086.0,20086.0,20086.0,20086.0,20086.0,20086.0,20086
_STwdm54U1Y,23393.0,23393.0,23393.0,23393.0,23393.0,23393.0,23393.0,23393.0,23393.0,23393.0,23393.0,23393.0,23393.0,23393.0,23393.0,23393.0,23393.0,23393.0,23393.0,23393.0,23393.0,23393.0,23393.0,23393.0,23393.0,23393.0,23393.0,23393.0,23393.0,23393.0,23393.0,23393.0,23393.0,23393.0,23393.0,23393.0,23393.0,23393.0,23393.0,23393.0,23393.0,23393.0,23393.0,23393.0,23393.0,23393.0,23393.0,23393.0,23393.0,23393.0,23393.0,23393.0,23393.0,23393.0,23393.0,23393.0,23393.0,23393.0,23393.0,23393.0,23393.0,23393.0,23393.0,23393.0,23393.0,23393.0,23393.0,23393.0,23393.0,23393.0,23393.0,23393.0,23393.0,23393.0,23393.0,23393.0,23393.0,23393.0,23393.0,23393.0,23393.0,23393.0,23393.0,23393.0,23393.0,23393.0,23393.0,23393.0,23393.0,23393.0,23393.0,23393.0,23393.0,23393.0,23393.0,23393.0,23393.0,23393.0,23393.0,23393.0,23393.0,23393.0,23393.0,23393.0,23393.0,23393.0,23393.0,23393.0,23393.0,23393.0,23393.0,23393.0,23393.0,23393.0,23393.0,23393.0,23393.0,23393.0,23393.0,23393.0,23393.0,23393.0,23393.0,23393.0,23393.0,23393.0,23393.0,23393.0,23393.0,23393.0,23393.0,23393.0,23393.0,23393.0,,,,,,,,,23393.0,23393.0,23393.0,23393.0,23393.0,23393.0,23393.0,23393.0,23393.0,23393.0,23393.0,23393.0,23393.0,23393.0,23393.0,23393.0,23393.0,23393.0,23393.0,23393.0,23393.0,23393.0,23393.0,23393.0,23393.0,23393.0,23393.0,23393.0,23393.0,23393.0,23393.0,23393.0,23393.0,23393.0,23393.0,23393.0,23393.0,23393.0,23393.0,23393.0,23393.0,23393.0,23393.0,23393.0,23393.0,23393.0,23393.0,23393.0,23393.0,23393.0,23393.0,23393.0,23393.0,23393.0,23393.0,23393.0,23393.0,23393.0,23393.0,23393.0,23393.0,23393.0,23393.0,23393.0,23393.0,23393.0,23393.0,23393.0,23393.0,23393.0,23393.0,23393
WelKAFjKnDE,68397080.0,68429974.0,68467098.0,68501235.0,68535146.0,68571256.0,68609248.0,68646688.0,68685553.0,68720176.0,68749858.0,68781475.0,68816786.0,68857170.0,68895299.0,68927158.0,68957389.0,68988515.0,69021564.0,69045465.0,69070709.0,69097066.0,69124958.0,69152722.0,69180465.0,69210023.0,69239148.0,69266914.0,69296393.0,69324781.0,69354727.0,69384326.0,69415984.0,69447521.0,69479022.0,69506792.0,69535953.0,69571337.0,69601378.0,69628344.0,69652875.0,69679582.0,69706841.0,69735295.0,69757928.0,69781776.0,69805725.0,69829938.0,69854873.0,69879258.0,69904862.0,69929353.0,69953320.0,69977958.0,70005064.0,70032880.0,70059697.0,70089954.0,70119126.0,70145318.0,70169486.0,70194626.0,70218359.0,70244126.0,70271301.0,70297102.0,70320417.0,70344749.0,70366764.0,70393928.0,70419641.0,70446590.0,70471659.0,70497654.0,70528865.0,70558899.0,70584767.0,70613694.0,70640782.0,70666917.0,70692722.0,70718102.0,70744413.0,70773234.0,70801029.0,70830786.0,70860423.0,70886340.0,70911160.0,70938037.0,70966245.0,70994563.0,71025097.0,71053069.0,71077129.0,71104238.0,71129081.0,71155013.0,71183065.0,71211103.0,71237075.0,71264233.0,71294125.0,71325821.0,71356147.0,71384848.0,71413233.0,71440147.0,71466252.0,71495747.0,71524345.0,71549557.0,71576425.0,71606907.0,71641224.0,71669088.0,71696746.0,71724679.0,71752456.0,71779276.0,71803590.0,71832259.0,71856954.0,71882050.0,71903230.0,71927044.0,71950031.0,71972497.0,71996256.0,72017573.0,72041029.0,72063942.0,72087501.0,72109621.0,,,,,,,,,72323834.0,72349853.0,72374914.0,72398947.0,72423100.0,72447046.0,72468004.0,72492357.0,72514389.0,72535698.0,72556279.0,72576300.0,72596971.0,72616755.0,72635760.0,72652956.0,72671549.0,72689779.0,72707487.0,72729869.0,72759888.0,72789852.0,72818909.0,72846152.0,72869772.0,72893383.0,72918449.0,72944682.0,72970193.0,72992116.0,73014633.0,73036548.0,73058631.0,73082472.0,73108107.0,73131658.0,73153341.0,73175745.0,73197112.0,73217456.0,73240185.0,73265242.0,73289363.0,73310534.0,73332605.0,73354924.0,73376148.0,73398236.0,73422260.0,73443233.0,73462646.0,73485580.0,73507460.0,73528721.0,73551310.0,73574492.0,73595950.0,73616044.0,73636876.0,73657054.0,73678635.0,73696103.0,73717524.0,73738313.0,73757390.0,73779090.0,73798919.0,73819855.0,73839183.0,73859268.0,73878446.0,73896115
M0M7H8ZATBc,10117.0,10118.0,10121.0,10125.0,10127.0,10129.0,10133.0,10133.0,10136.0,10137.0,10137.0,10142.0,10144.0,10147.0,10150.0,10151.0,10154.0,10156.0,10160.0,10161.0,10166.0,10169.0,10172.0,10173.0,10174.0,10176.0,10179.0,10180.0,10183.0,10184.0,10184.0,10185.0,10186.0,10189.0,10191.0,10191.0,10196.0,10201.0,10202.0,10204.0,10204.0,10206.0,10210.0,10210.0,10213.0,10218.0,10223.0,10228.0,10235.0,10243.0,10249.0,10252.0,10256.0,10258.0,10264.0,10270.0,10272.0,10277.0,10284.0,10285.0,10294.0,10304.0,10314.0,10317.0,10322.0,10326.0,10332.0,10338.0,10343.0,10350.0,10364.0,10370.0,10378.0,10386.0,10396.0,10412.0,10428.0,10443.0,10449.0,10455.0,10464.0,10473.0,10480.0,10487.0,10491.0,10499.0,10502.0,10516.0,10526.0,10529.0,10533.0,10541.0,10543.0,10546.0,10554.0,10562.0,10569.0,10574.0,10589.0,10594.0,10599.0,10616.0,10620.0,10635.0,10639.0,10644.0,10653.0,10664.0,10677.0,10690.0,10702.0,10718.0,10730.0,10735.0,10747.0,10761.0,10780.0,10795.0,10806.0,10824.0,10835.0,10850.0,10865.0,10873.0,10887.0,10902.0,10921.0,10930.0,10949.0,10965.0,10976.0,10988.0,11000.0,11016.0,,,,,,,,,11120.0,11125.0,11143.0,11157.0,11174.0,11191.0,11206.0,11219.0,11229.0,11234.0,11243.0,11259.0,11270.0,11292.0,11312.0,11323.0,11337.0,11347.0,11357.0,11366.0,11380.0,11386.0,11401.0,11411.0,11414.0,11417.0,11423.0,11433.0,11440.0,11444.0,11454.0,11458.0,11463.0,11469.0,11474.0,11481.0,11489.0,11497.0,11502.0,11506.0,11510.0,11513.0,11515.0,11515.0,11521.0,11523.0,11526.0,11532.0,11536.0,11542.0,11546.0,11559.0,11565.0,11572.0,11579.0,11581.0,11603.0,11610.0,11615.0,11621.0,11627.0,11637.0,11645.0,11650.0,11656.0,11663.0,11667.0,11674.0,11678.0,11681.0,11682.0,11685
rwVLEAGw7d8,314185.0,314209.0,314226.0,314241.0,314264.0,314302.0,314325.0,314362.0,314394.0,314420.0,314441.0,314479.0,314510.0,314540.0,314561.0,314582.0,314604.0,314625.0,314648.0,314669.0,314682.0,314707.0,314742.0,314762.0,314772.0,314792.0,314818.0,314844.0,314873.0,314889.0,314907.0,314941.0,314953.0,314984.0,315001.0,315027.0,315049.0,315069.0,315084.0,315108.0,315137.0,315157.0,315179.0,315207.0,315222.0,315250.0,315273.0,315292.0,315310.0,315332.0,315356.0,315370.0,315386.0,315414.0,315427.0,315438.0,315458.0,315474.0,315490.0,315499.0,315517.0,315534.0,315554.0,315581.0,315596.0,315613.0,315621.0,315642.0,315651.0,315676.0,315690.0,315700.0,315711.0,315722.0,315745.0,315772.0,315798.0,315807.0,315834.0,315852.0,315863.0,315880.0,315896.0,315917.0,315935.0,315952.0,315976.0,315987.0,315998.0,316020.0,316032.0,316055.0,316079.0,316092.0,316109.0,316124.0,316152.0,316178.0,316194.0,316221.0,316229.0,316251.0,316269.0,316289.0,316313.0,316325.0,316347.0,316364.0,316382.0,316398.0,316419.0,316473.0,316519.0,316537.0,316556.0,316571.0,316592.0,316605.0,316631.0,316647.0,316672.0,316696.0,316709.0,316732.0,316743.0,316758.0,316771.0,316783.0,316807.0,316835.0,316846.0,316860.0,316877.0,316897.0,,,,,,,,,317061.0,317076.0,317086.0,317095.0,317112.0,317120.0,317145.0,317160.0,317176.0,317189.0,317212.0,317230.0,317245.0,317262.0,317283.0,317296.0,317309.0,317328.0,317347.0,317361.0,317389.0,317397.0,317403.0,317421.0,317444.0,317465.0,317488.0,317500.0,317512.0,317519.0,317539.0,317559.0,317574.0,317600.0,317612.0,317623.0,317632.0,317644.0,317653.0,317676.0,317690.0,317706.0,317715.0,317722.0,317731.0,317745.0,317771.0,317791.0,317801.0,317823.0,317832.0,317847.0,317861.0,317871.0,317883.0,317895.0,317907.0,317913.0,317929.0,317947.0,317964.0,317972.0,317985.0,318001.0,318017.0,318025.0,318034.0,318048.0,318056.0,318064.0,318080.0,318092
TbjUXK2M5n8,19526946.0,19531733.0,19536729.0,19541415.0,19547054.0,19553849.0,19561562.0,19569349.0,19577444.0,19584837.0,19591166.0,19597488.0,19604247.0,19611152.0,19617684.0,19624063.0,19630149.0,19635644.0,19641640.0,19647821.0,19653760.0,19659270.0,19664710.0,19669569.0,19674008.0,19678707.0,19683789.0,19689530.0,19695378.0,19701249.0,19706833.0,19712166.0,19717465.0,19722898.0,19728522.0,19734270.0,19739914.0,19745312.0,19750134.0,19755299.0,19760936.0,19766625.0,19771992.0,19777927.0,19783363.0,19788159.0,19793112.0,19798368.0,19803246.0,19808634.0,19814120.0,19819205.0,19823766.0,19828349.0,19833576.0,19838637.0,19844229.0,19850222.0,19855254.0,19860038.0,19864599.0,19869129.0,19873806.0,19878546.0,19883260.0,19887918.0,19892136.0,19896723.0,19900960.0,19906249.0,19910881.0,19915390.0,19919734.0,19923893.0,19928426.0,19932948.0,19937645.0,19942439.0,19947270.0,19951643.0,19955970.0,19960855.0,19965633.0,19970761.0,19975957.0,19980962.0,19985455.0,19989814.0,19994256.0,19999015.0,20003903.0,20009138.0,20014664.0,20019892.0,20024802.0,20029534.0,20034258.0,20039014.0,20043887.0,20049063.0,20053487.0,20057704.0,20062114.0,20066720.0,20071190.0,20075620.0,20080194.0,20084836.0,20089155.0,20093363.0,20097891.0,20102671.0,20107608.0,20112709.0,20117198.0,20121526.0,20125869.0,20130424.0,20135014.0,20139674.0,20144342.0,20148677.0,20152925.0,20157236.0,20161907.0,20166614.0,20171494.0,20176103.0,20180511.0,20184369.0,20188697.0,20193330.0,20197694.0,20202137.0,,,,,,,,,20241708.0,20245624.0,20249454.0,20253496.0,20257611.0,20261843.0,20265959.0,20269799.0,20274687.0,20279522.0,20284864.0,20290136.0,20295341.0,20300046.0,20304317.0,20308310.0,20312691.0,20317056.0,20321395.0,20325408.0,20329300.0,20333014.0,20336529.0,20340118.0,20343795.0,20347621.0,20351997.0,20356223.0,20360052.0,20363545.0,20367434.0,20371600.0,20375919.0,20380072.0,20384202.0,20387864.0,20391136.0,20394647.0,20398288.0,20402263.0,20406119.0,20409907.0,20413473.0,20416793.0,20420343.0,20424091.0,20427870.0,20431574.0,20435350.0,20438802.0,20442051.0,20445487.0,20449111.0,20453103.0,20456906.0,20460828.0,20464331.0,20467594.0,20471566.0,20475564.0,20479278.0,20482293.0,20485440.0,20488959.0,20492207.0,20495676.0,20499752.0,20503914.0,20507925.0,20512114.0,20516597.0,20521095
BGNkkVrJZks,59101089.0,59105541.0,59110433.0,59115719.0,59120677.0,59125964.0,59131287.0,59137168.0,59143593.0,59150413.0,59157610.0,59163794.0,59169993.0,59176035.0,59182670.0,59189334.0,59195717.0,59201520.0,59207053.0,59213403.0,59219636.0,59225855.0,59232123.0,59237860.0,59243688.0,59248868.0,59253592.0,59258996.0,59264952.0,59270597.0,59276168.0,59281800.0,59286811.0,59292453.0,59297697.0,59303215.0,59308939.0,59314186.0,59319692.0,59325176.0,59331011.0,59337059.0,59342965.0,59348508.0,59354842.0,59360824.0,59366461.0,59372455.0,59378293.0,59383531.0,59388691.0,59394510.0,59399756.0,59404478.0,59409791.0,59414936.0,59420200.0,59425843.0,59431754.0,59437048.0,59441800.0,59447681.0,59453241.0,59458208.0,59463081.0,59468053.0,59473140.0,59477790.0,59482034.0,59487060.0,59491984.0,59497585.0,59503674.0,59509750.0,59515034.0,59520588.0,59525887.0,59531333.0,59536761.0,59542052.0,59547282.0,59552032.0,59557001.0,59562193.0,59567336.0,59572331.0,59577484.0,59582510.0,59587136.0,59591919.0,59596645.0,59601248.0,59605942.0,59610838.0,59615727.0,59620004.0,59624215.0,59628431.0,59632816.0,59637073.0,59641383.0,59646042.0,59650653.0,59655097.0,59659511.0,59664012.0,59668347.0,59673141.0,59677734.0,59682095.0,59686529.0,59691710.0,59696853.0,59701693.0,59706594.0,59712669.0,59719258.0,59725278.0,59731166.0,59736867.0,59742531.0,59747668.0,59752821.0,59757256.0,59761786.0,59766375.0,59771092.0,59776168.0,59781519.0,59786513.0,59791108.0,59795952.0,59800789.0,59805265.0,,,,,,,,,59847222.0,59851989.0,59856364.0,59860600.0,59865402.0,59870096.0,59874822.0,59880268.0,59886190.0,59891733.0,59897251.0,59902742.0,59909262.0,59916160.0,59922615.0,59928551.0,59933844.0,59938989.0,59944202.0,59948860.0,59952818.0,59956989.0,59960932.0,59964657.0,59968822.0,59972850.0,59977138.0,59981534.0,59985848.0,59990220.0,59994302.0,59998333.0,60002595.0,60006831.0,60011189.0,60015481.0,60019420.0,60023286.0,60027055.0,60030810.0,60034478.0,60038002.0,60041690.0,60045367.0,60053360.0,60057440.0,60061118.0,60064937.0,60068536.0,60072129.0,60075608.0,60078914.0,60082183.0,60085700.0,60089005.0,60092472.0,60095922.0,60099415.0,60102606.0,60105964.0,60109350.0,60112900.0,60115438.0,60118350.0,60121451.0,60124632.0,60128037.0,60131441.0,60135086.0,60137684.0,60140898.0,60144240
hpe00DHN3r4,13698709.0,13698845.0,13698985.0,13699099.0,13699281.0,13699442.0,13699573.0,13699725.0,13699870.0,13700027.0,13700165.0,13700287.0,13700411.0,13700539.0,13700658.0,13700773.0,13700898.0,13701003.0,13701106.0,13701210.0,13701307.0,13701424.0,13701517.0,13701619.0,13701719.0,13701824.0,13701936.0,13702023.0,13702132.0,13702230.0,13702334.0,13702437.0,13702545.0,13702730.0,13702865.0,13702997.0,13703100.0,13703294.0,13703443.0,13703584.0,13703739.0,13703901.0,13704074.0,13704214.0,13704346.0,13704457.0,13704587.0,13704712.0,13704843.0,13704951.0,13705078.0,13705197.0,13705321.0,13705441.0,13705563.0,13705715.0,13705862.0,13706004.0,13706158.0,13706302.0,13706445.0,13706562.0,13706711.0,13706816.0,13706949.0,13707080.0,13707221.0,13707350.0,13707458.0,13707614.0,13707735.0,13707890.0,13708046.0,13708167.0,13708270.0,13708385.0,13708529.0,13708652.0,13708797.0,13708946.0,13709082.0,13709209.0,13709347.0,13709498.0,13709595.0,13709716.0,13709824.0,13709949.0,13710097.0,13710225.0,13710332.0,13710432.0,13710541.0,13710637.0,13710733.0,13710829.0,13710932.0,13711044.0,13711170.0,13711276.0,13711372.0,13711451.0,13711542.0,13711643.0,13711720.0,13711801.0,13711914.0,13712033.0,13712151.0,13712261.0,13712364.0,13712450.0,13712554.0,13712677.0,13712795.0,13712895.0,13712979.0,13713066.0,13713164.0,13713278.0,13713397.0,13713514.0,13713636.0,13713721.0,13713808.0,13713909.0,13713996.0,13714080.0,13714198.0,13714295.0,13714410.0,13714486.0,13714570.0,13714659.0,,,,,,,,,13715492.0,13715597.0,13715699.0,13715798.0,13715865.0,13715961.0,13716041.0,13716124.0,13716206.0,13716281.0,13716364.0,13716463.0,13716548.0,13716652.0,13716802.0,13716908.0,13717033.0,13717145.0,13717241.0,13717349.0,13717438.0,13717544.0,13717647.0,13717731.0,13717827.0,13717907.0,13717984.0,13718066.0,13718161.0,13718234.0,13718338.0,13718430.0,13718506.0,13718618.0,13718714.0,13718833.0,13718933.0,13719014.0,13719095.0,13719200.0,13719305.0,13719418.0,13719523.0,13719605.0,13719732.0,13719836.0,13719943.0,13720058.0,13720148.0,13720249.0,13720332.0,13720405.0,13720495.0,13720602.0,13720698.0,13720810.0,13720909.0,13720993.0,13721091.0,13721192.0,13721303.0,13721400.0,13721486.0,13721578.0,13721698.0,13721784.0,13721890.0,13722001.0,13722093.0,13722228.0,13722319.0,13722427
trrEsrW1nbs,,,,,,,,,,,,,,,,,,,,,,,,,,,,,,,,,,,,,,,,,,,,,,,,,,,,,,,,,,,,,,,,,,,,,,,,,,,,,,,,,,,,,,,,,,,,,,,,,,,,,,,,,,,,,,,,,,,,,,,,,,,,,,,,,,,,,,,,,,,,,,,,,,,,,,,,,,,,,,,,,,,,,,,,,,,,,,,,,,,,,,,,,,,,,,,,,,,,,,,,,,,,,,,,,,,,,,
k3rx9ZR5wCY,,,,,,,,,,,,,,,,,,,,,,,,,,,,,,,,,,,,,,,,,,,,,,,,,,,,,,,,,,,,,,,,,,,,,,,,,,,,,,,,,,,,,,,,,,,,,,,,,,,,,,,,,,,,,,,,,,,,,,,,,,,,,,,,,,,,,,,,,,,,,,,,,,,,,,,,,,,,,,,,,,,,,,,,,,,,,,,,,,,,,,,,,,,,,,,,,,,,,,,,,,,,,,,,,,,,,,
MVoCwaAxj1Y,,,,,,,,,,,,,,,,,,,,,,,,,,,,,,,,,,,,,,,,,,,,,,,,,,,,,,,,,,,,,,,,,,,,,,,,,,,,,,,,,,,,,,,,,,,,,,,,,,,,,,,,,,,,,,,,,,,,,,,,,,,,,,,,,,,,,,,,,,,,,,,,,,,,,,,,,,,,,,,,,,,,,,,,,,,,,,,,,,,,,,,,,,,,,,,,,,,,,,,,,,,,,,,,,,,,,,
X0RwCMp4vRY,4948.0,4950.0,4950.0,4950.0,4952.0,4953.0,4953.0,4953.0,4953.0,4953.0,4954.0,4956.0,4957.0,4958.0,4958.0,4958.0,4960.0,4960.0,4960.0,4962.0,4964.0,4965.0,4966.0,4966.0,4967.0,4967.0,4967.0,4967.0,4968.0,4968.0,4968.0,4968.0,4968.0,4968.0,4970.0,4970.0,4970.0,4970.0,4970.0,4970.0,4970.0,4971.0,4972.0,4972.0,4973.0,4973.0,4977.0,4979.0,4979.0,4980.0,4980.0,4981.0,4985.0,4986.0,4987.0,4989.0,4989.0,4990.0,4991.0,4994.0,4996.0,4998.0,5001.0,5002.0,5002.0,5002.0,5007.0,5009.0,5010.0,5010.0,5012.0,5013.0,5016.0,5018.0,5018.0,5020.0,5021.0,5021.0,5021.0,5021.0,5022.0,5023.0,5024.0,5024.0,5024.0,5024.0,5027.0,5028.0,5028.0,5029.0,5031.0,5032.0,5035.0,5036.0,5036.0,5038.0,5039.0,5039.0,5041.0,5041.0,5041.0,5043.0,5045.0,5045.0,5045.0,5046.0,5046.0,5046.0,5049.0,5049.0,5049.0,5050.0,5050.0,5053.0,5053.0,5055.0,5057.0,5058.0,5058.0,5058.0,5060.0,5060.0,5060.0,5060.0,5060.0,5060.0,5061.0,5061.0,5065.0,5065.0,5069.0,5072.0,5072.0,5073.0,,,,,,,,,5081.0,5081.0,5082.0,5083.0,5084.0,5085.0,5086.0,5088.0,5090.0,5091.0,5092.0,5093.0,5097.0,5100.0,5104.0,5105.0,5105.0,5105.0,5105.0,5105.0,5105.0,5105.0,5106.0,5107.0,5107.0,5107.0,5110.0,5110.0,5110.0,5112.0,5112.0,5112.0,5113.0,5113.0,5117.0,5117.0,5118.0,5119.0,5120.0,5119.0,5121.0,5123.0,5124.0,5125.0,5128.0,5130.0,5132.0,5132.0,5133.0,5134.0,5135.0,5135.0,5135.0,5135.0,5137.0,5138.0,5138.0,5139.0,5140.0,5141.0,5143.0,5143.0,5144.0,5145.0,5146.0,5147.0,5149.0,5151.0,5151.0,5152.0,5153.0,5153
3HOh9QHoLsE,16805.0,16810.0,16813.0,16818.0,16824.0,16830.0,16838.0,16843.0,16851.0,16857.0,16863.0,16870.0,16871.0,16879.0,16883.0,16891.0,16897.0,16898.0,16903.0,16910.0,16918.0,16925.0,16930.0,16935.0,16939.0,16944.0,16948.0,16952.0,16954.0,16959.0,16966.0,16971.0,16977.0,16981.0,16987.0,16990.0,16996.0,17005.0,17012.0,17017.0,17025.0,17025.0,17031.0,17042.0,17047.0,17050.0,17055.0,17063.0,17071.0,17082.0,17085.0,17089.0,17097.0,17103.0,17108.0,17121.0,17124.0,17129.0,17135.0,17139.0,17147.0,17152.0,17156.0,17163.0,17169.0,17177.0,17184.0,17186.0,17189.0,17198.0,17208.0,17213.0,17217.0,17222.0,17226.0,17234.0,17239.0,17243.0,17247.0,17254.0,17259.0,17267.0,17274.0,17278.0,17280.0,17308.0,17319.0,17324.0,17331.0,17333.0,17336.0,17340.0,17342.0,17350.0,17351.0,17355.0,17360.0,17363.0,17366.0,17373.0,17379.0,17386.0,17390.0,17392.0,17397.0,17399.0,17402.0,17407.0,17412.0,17418.0,17420.0,17426.0,17429.0,17434.0,17441.0,17441.0,17445.0,17450.0,17450.0,17456.0,17459.0,17464.0,17471.0,17473.0,17475.0,17477.0,17487.0,17494.0,17497.0,17502.0,17509.0,17513.0,17517.0,17519.0,,,,,,,,,17551.0,17551.0,17555.0,17556.0,17566.0,17570.0,17572.0,17575.0,17578.0,17582.0,17583.0,17584.0,17592.0,17598.0,17603.0,17605.0,17610.0,17617.0,17620.0,17622.0,17623.0,17634.0,17645.0,17653.0,17655.0,17657.0,17659.0,17669.0,17675.0,17679.0,17684.0,17687.0,17689.0,17691.0,17696.0,17700.0,17703.0,17708.0,17713.0,17719.0,17725.0,17726.0,17731.0,17733.0,17738.0,17741.0,17746.0,17753.0,17756.0,17765.0,17775.0,17785.0,17790.0,17795.0,17798.0,17800.0,17809.0,17813.0,17819.0,17824.0,17832.0,17837.0,17841.0,17844.0,17847.0,17854.0,17859.0,17867.0,17873.0,17877.0,17880.0,17885
RbK4Rz75FV4,29576.0,29581.0,29584.0,29587.0,29588.0,29592.0,29593.0,29599.0,29601.0,29601.0,29603.0,29604.0,29606.0,29606.0,29606.0,29608.0,29609.0,29611.0,29613.0,29614.0,29615.0,29615.0,29616.0,29618.0,29620.0,29622.0,29626.0,29626.0,29627.0,29627.0,29631.0,29631.0,29632.0,29633.0,29636.0,29640.0,29642.0,29642.0,29643.0,29643.0,29643.0,29646.0,29653.0,29655.0,29657.0,29657.0,29659.0,29661.0,29663.0,29665.0,29665.0,29667.0,29668.0,29669.0,29670.0,29671.0,29672.0,29674.0,29679.0,29681.0,29682.0,29682.0,29683.0,29688.0,29689.0,29690.0,29695.0,29696.0,29698.0,29699.0,29700.0,29700.0,29700.0,29702.0,29703.0,29704.0,29704.0,29705.0,29707.0,29709.0,29709.0,29710.0,29710.0,29711.0,29713.0,29714.0,29714.0,29714.0,29715.0,29716.0,29716.0,29717.0,29719.0,29721.0,29722.0,29722.0,29723.0,29724.0,29724.0,29726.0,29728.0,29728.0,29729.0,29732.0,29732.0,29733.0,29735.0,29736.0,29738.0,29740.0,29744.0,29747.0,29748.0,29749.0,29752.0,29755.0,29758.0,29759.0,29760.0,29760.0,29760.0,29764.0,29766.0,29767.0,29772.0,29774.0,29775.0,29775.0,29775.0,29779.0,29783.0,29784.0,29786.0,29789.0,,,,,,,,,29801.0,29803.0,29804.0,29804.0,29804.0,29805.0,29805.0,29812.0,29812.0,29815.0,29816.0,29818.0,29820.0,29820.0,29822.0,29822.0,29822.0,29823.0,29826.0,29830.0,29830.0,29830.0,29832.0,29833.0,29836.0,29838.0,29841.0,29842.0,29844.0,29845.0,29849.0,29850.0,29852.0,29853.0,29853.0,29855.0,29857.0,29860.0,29863.0,29865.0,29869.0,29870.0,29872.0,29873.0,29874.0,29876.0,29879.0,29879.0,29881.0,29882.0,29882.0,29882.0,29883.0,29885.0,29887.0,29889.0,29889.0,29892.0,29893.0,29894.0,29896.0,29898.0,29899.0,29899.0,29900.0,29900.0,29906.0,29908.0,29910.0,29913.0,29917.0,29918
el12h4JWguQ,3658.0,3658.0,3658.0,3660.0,3662.0,3663.0,3663.0,3663.0,3663.0,3663.0,3663.0,3663.0,3663.0,3663.0,3664.0,3664.0,3664.0,3664.0,3664.0,3664.0,3664.0,3664.0,3664.0,3664.0,3665.0,3665.0,3667.0,3667.0,3668.0,3668.0,3668.0,3668.0,3668.0,3668.0,3668.0,3668.0,3669.0,3670.0,3670.0,3670.0,3670.0,3670.0,3670.0,3670.0,3671.0,3671.0,3671.0,3671.0,3671.0,3672.0,3673.0,3674.0,3675.0,3675.0,3675.0,3675.0,3675.0,3675.0,3675.0,3675.0,3675.0,3675.0,3675.0,3675.0,3676.0,3676.0,3676.0,3677.0,3677.0,3677.0,3678.0,3678.0,3679.0,3679.0,3680.0,3681.0,3681.0,3681.0,3681.0,3681.0,3681.0,3682.0,3683.0,3683.0,3683.0,3683.0,3683.0,3683.0,3683.0,3683.0,3683.0,3683.0,3683.0,3683.0,3684.0,3684.0,3684.0,3684.0,3684.0,3685.0,3685.0,3685.0,3685.0,3685.0,3685.0,3685.0,3685.0,3686.0,3686.0,3686.0,3686.0,3686.0,3686.0,3686.0,3686.0,3686.0,3686.0,3686.0,3686.0,3686.0,3687.0,3687.0,3688.0,3688.0,3688.0,3689.0,3691.0,3695.0,3698.0,3698.0,3699.0,3699.0,3699.0,3700.0,,,,,,,,,3703.0,3703.0,3704.0,3704.0,3704.0,3704.0,3705.0,3705.0,3705.0,3706.0,3706.0,3718.0,3742.0,3765.0,3774.0,3776.0,3778.0,3779.0,3783.0,3783.0,3783.0,3784.0,3786.0,3787.0,3787.0,3793.0,3793.0,3795.0,3796.0,3798.0,3799.0,3801.0,3802.0,3805.0,3805.0,3805.0,3805.0,3805.0,3805.0,3805.0,3806.0,3807.0,3808.0,3810.0,3810.0,3811.0,3812.0,3813.0,3815.0,3815.0,3815.0,3815.0,3815.0,3817.0,3818.0,3819.0,3819.0,3819.0,3819.0,3821.0,3822.0,3822.0,3822.0,3822.0,3823.0,3823.0,3823.0,3823.0,3823.0,3824.0,3824.0,3824
gO6KQcq1g8A,1155911.0,1155928.0,1155941.0,1155961.0,1155978.0,1156003.0,1156021.0,1156037.0,1156054.0,1156077.0,1156108.0,1156127.0,1156147.0,1156174.0,1156200.0,1156233.0,1156272.0,1156294.0,1156316.0,1156346.0,1156371.0,1156402.0,1156434.0,1156465.0,1156495.0,1156535.0,1156557.0,1156589.0,1156617.0,1156636.0,1156664.0,1156699.0,1156723.0,1156752.0,1156778.0,1156795.0,1156826.0,1156851.0,1156879.0,1156904.0,1156932.0,1156952.0,1156977.0,1157003.0,1157027.0,1157045.0,1157068.0,1157099.0,1157119.0,1157142.0,1157167.0,1157193.0,1157225.0,1157252.0,1157274.0,1157301.0,1157343.0,1157361.0,1157405.0,1157441.0,1157473.0,1157497.0,1157527.0,1157556.0,1157584.0,1157633.0,1157667.0,1157693.0,1157716.0,1157761.0,1157803.0,1157824.0,1157858.0,1157881.0,1157915.0,1157953.0,1157979.0,1157999.0,1158023.0,1158056.0,1158086.0,1158102.0,1158126.0,1158155.0,1158174.0,1158197.0,1158219.0,1158236.0,1158248.0,1158266.0,1158280.0,1158293.0,1158309.0,1158319.0,1158334.0,1158347.0,1158354.0,1158374.0,1158383.0,1158404.0,1158423.0,1158444.0,1158464.0,1158486.0,1158499.0,1158515.0,1158534.0,1158551.0,1158566.0,1158583.0,1158604.0,1158634.0,1158671.0,1158688.0,1158697.0,1158707.0,1158720.0,1158736.0,1158750.0,1158762.0,1158785.0,1158801.0,1158820.0,1158838.0,1158847.0,1158864.0,1158879.0,1158897.0,1158914.0,1158935.0,1158961.0,1158982.0,1159001.0,1159005.0,,,,,,,,,1159188.0,1159208.0,1159223.0,1159254.0,1159290.0,1159318.0,1159344.0,1159371.0,1159402.0,1159430.0,1159469.0,1159507.0,1159542.0,1159587.0,1159637.0,1159662.0,1159685.0,1159709.0,1159748.0,1159772.0,1159794.0,1159819.0,1159850.0,1159878.0,1159898.0,1159923.0,1159947.0,1159971.0,1159992.0,1160009.0,1160029.0,1160044.0,1160065.0,1160084.0,1160097.0,1160111.0,1160128.0,1160152.0,1160170.0,1160199.0,1160221.0,1160242.0,1160262.0,1160285.0,1160297.0,1160320.0,1160336.0,1160360.0,1160374.0,1160389.0,1160412.0,1160434.0,1160446.0,1160468.0,1160483.0,1160503.0,1160540.0,1160627.0,1160662.0,1160681.0,1160732.0,1160761.0,1160793.0,1160821.0,1160850.0,1160934.0,1160968.0,1160996.0,1161029.0,1161051.0,1161073.0,1161099
hDrlKIUedDI,345.0,345.0,345.0,346.0,346.0,347.0,347.0,347.0,348.0,349.0,350.0,350.0,350.0,351.0,352.0,352.0,352.0,352.0,353.0,353.0,353.0,353.0,354.0,353.0,354.0,354.0,355.0,355.0,355.0,355.0,355.0,355.0,355.0,355.0,355.0,355.0,355.0,356.0,356.0,356.0,356.0,356.0,356.0,356.0,357.0,357.0,357.0,357.0,357.0,357.0,357.0,357.0,357.0,357.0,357.0,357.0,358.0,359.0,359.0,359.0,359.0,359.0,359.0,359.0,359.0,360.0,360.0,360.0,360.0,361.0,361.0,361.0,361.0,361.0,361.0,361.0,361.0,361.0,361.0,361.0,361.0,362.0,362.0,362.0,362.0,363.0,363.0,363.0,364.0,364.0,364.0,365.0,365.0,365.0,365.0,367.0,367.0,367.0,367.0,367.0,367.0,368.0,368.0,368.0,370.0,370.0,370.0,370.0,371.0,371.0,372.0,372.0,372.0,374.0,374.0,374.0,374.0,374.0,375.0,375.0,375.0,376.0,377.0,377.0,377.0,377.0,377.0,378.0,378.0,378.0,378.0,378.0,378.0,379.0,,,,,,,,,383.0,383.0,383.0,383.0,383.0,384.0,384.0,385.0,386.0,386.0,386.0,386.0,387.0,387.0,387.0,387.0,387.0,387.0,387.0,387.0,390.0,392.0,392.0,393.0,393.0,393.0,393.0,394.0,397.0,397.0,397.0,397.0,397.0,397.0,397.0,397.0,397.0,398.0,398.0,398.0,398.0,398.0,398.0,398.0,398.0,398.0,398.0,399.0,399.0,399.0,399.0,402.0,402.0,402.0,402.0,403.0,403.0,403.0,403.0,404.0,404.0,404.0,404.0,404.0,404.0,404.0,404.0,404.0,405.0,405.0,405.0,405
BgvzmlGxT4k,975.0,978.0,981.0,982.0,982.0,983.0,984.0,986.0,988.0,992.0,993.0,1002.0,1004.0,1006.0,1013.0,1013.0,1016.0,1018.0,1022.0,1024.0,1025.0,1027.0,1029.0,1030.0,1032.0,1038.0,1041.0,1044.0,1046.0,1046.0,1048.0,1048.0,1052.0,1054.0,1056.0,1058.0,1059.0,1061.0,1064.0,1064.0,1064.0,1064.0,1064.0,1065.0,1067.0,1068.0,1071.0,1073.0,1076.0,1077.0,1078.0,1079.0,1079.0,1081.0,1085.0,1087.0,1090.0,1091.0,1091.0,1094.0,1096.0,1098.0,1100.0,1102.0,1104.0,1110.0,1112.0,1114.0,1114.0,1118.0,1124.0,1129.0,1130.0,1136.0,1141.0,1148.0,1150.0,1156.0,1158.0,1160.0,1164.0,1168.0,1172.0,1178.0,1182.0,1183.0,1188.0,1191.0,1191.0,1196.0,1200.0,1202.0,1207.0,1209.0,1210.0,1212.0,1214.0,1218.0,1225.0,1227.0,1231.0,1233.0,1237.0,1238.0,1239.0,1242.0,1245.0,1248.0,1249.0,1252.0,1255.0,1256.0,1259.0,1262.0,1263.0,1264.0,1265.0,1267.0,1270.0,1271.0,1271.0,1271.0,1274.0,1274.0,1275.0,1277.0,1281.0,1282.0,1284.0,1286.0,1287.0,1288.0,1289.0,1289.0,,,,,,,,,1303.0,1304.0,1306.0,1309.0,1309.0,1314.0,1315.0,1318.0,1318.0,1319.0,1320.0,1323.0,1324.0,1327.0,1328.0,1330.0,1330.0,1331.0,1331.0,1332.0,1334.0,1335.0,1336.0,1338.0,1341.0,1344.0,1344.0,1346.0,1349.0,1350.0,1351.0,1352.0,1353.0,1355.0,1356.0,1356.0,1363.0,1364.0,1364.0,1366.0,1369.0,1370.0,1371.0,1371.0,1372.0,1374.0,1376.0,1377.0,1377.0,1379.0,1381.0,1382.0,1384.0,1385.0,1385.0,1387.0,1387.0,1389.0,1392.0,1394.0,1395.0,1396.0,1396.0,1399.0,1399.0,1402.0,1404.0,1407.0,1408.0,1408.0,1409.0,1411
sXQ3c2TAbH8,5260068.0,5260338.0,5260598.0,5260945.0,5261201.0,5261529.0,5261844.0,5262137.0,5262524.0,5262865.0,5263196.0,5263517.0,5263827.0,5264149.0,5264463.0,5264775.0,5265131.0,5265449.0,5265711.0,5266053.0,5266324.0,5266716.0,5267041.0,5267436.0,5267754.0,5268043.0,5268387.0,5268701.0,5269028.0,5269380.0,5269639.0,5269953.0,5270261.0,5270548.0,5270912.0,5271176.0,5271479.0,5271838.0,5272225.0,5272559.0,5272894.0,5273209.0,5273580.0,5273880.0,5274194.0,5274535.0,5274858.0,5275195.0,5275548.0,5275856.0,5276138.0,5276435.0,5276769.0,5277077.0,5277355.0,5277677.0,5277987.0,5278272.0,5278546.0,5278872.0,5279206.0,5279498.0,5279853.0,5280184.0,5280484.0,5280788.0,5281086.0,5281388.0,5281673.0,5281987.0,5282282.0,5282588.0,5282916.0,5283237.0,5283482.0,5283810.0,5284050.0,5284349.0,5284675.0,5284973.0,5285253.0,5285506.0,5285781.0,5286057.0,5286311.0,5286631.0,5286941.0,5287202.0,5287495.0,5287793.0,5288129.0,5288402.0,5288729.0,5289061.0,5289441.0,5289720.0,5290053.0,5290408.0,5290740.0,5291054.0,5291444.0,5291809.0,5292072.0,5292391.0,5292684.0,5293028.0,5293303.0,5293647.0,5293942.0,5294275.0,5294613.0,5294944.0,5295286.0,5295609.0,5295962.0,5296333.0,5296643.0,5297008.0,5297328.0,5297684.0,5298083.0,5298430.0,5298809.0,5299102.0,5299418.0,5299707.0,5300047.0,5300312.0,5300629.0,5300967.0,5301240.0,5301498.0,5301800.0,5302087.0,,,,,,,,,5304487.0,5304752.0,5305027.0,5305259.0,5305545.0,5305798.0,5306033.0,5306236.0,5306542.0,5306768.0,5306987.0,5307198.0,5307447.0,5307714.0,5307968.0,5308193.0,5308421.0,5308614.0,5308892.0,5309144.0,5309394.0,5309647.0,5309905.0,5310116.0,5310367.0,5310614.0,5310875.0,5311129.0,5311352.0,5311596.0,5311878.0,5312096.0,5312340.0,5312589.0,5312825.0,5313084.0,5313285.0,5313554.0,5313746.0,5313989.0,5314259.0,5314538.0,5314834.0,5315130.0,5315398.0,5315683.0,5315907.0,5316157.0,5316437.0,5316744.0,5317000.0,5317256.0,5317561.0,5317839.0,5318096.0,5318325.0,5318606.0,5318888.0,5319178.0,5319489.0,5319741.0,5320046.0,5320296.0,5320540.0,5320893.0,5321150.0,5321437.0,5321714.0,5321981.0,5322290.0,5322527.0,5322832
9Ze-oKB2pao,11564.0,11570.0,11575.0,11584.0,11594.0,11597.0,11607.0,11608.0,11617.0,11626.0,11631.0,11643.0,11647.0,11654.0,11657.0,11663.0,11671.0,11676.0,11681.0,11684.0,11692.0,11698.0,11701.0,11706.0,11708.0,11709.0,11718.0,11724.0,11730.0,11735.0,11739.0,11746.0,11751.0,11754.0,11757.0,11762.0,11764.0,11772.0,11781.0,11782.0,11791.0,11792.0,11795.0,11799.0,11800.0,11804.0,11807.0,11812.0,11816.0,11820.0,11824.0,11831.0,11835.0,11836.0,11838.0,11842.0,11851.0,11858.0,11867.0,11870.0,11876.0,11881.0,11884.0,11888.0,11892.0,11899.0,11902.0,11904.0,11904.0,11908.0,11915.0,11919.0,11922.0,11923.0,11928.0,11935.0,11942.0,11946.0,11950.0,11951.0,11958.0,11958.0,11962.0,11970.0,11979.0,11985.0,11989.0,11992.0,11999.0,12001.0,12002.0,12005.0,12008.0,12010.0,12012.0,12017.0,12022.0,12025.0,12031.0,12040.0,12043.0,12045.0,12049.0,12053.0,12059.0,12064.0,12066.0,12071.0,12077.0,12082.0,12084.0,12089.0,12094.0,12099.0,12104.0,12106.0,12112.0,12116.0,12117.0,12123.0,12130.0,12135.0,12139.0,12140.0,12145.0,12150.0,12153.0,12156.0,12159.0,12162.0,12165.0,12167.0,12170.0,12172.0,,,,,,,,,12195.0,12195.0,12195.0,12200.0,12201.0,12205.0,12206.0,12206.0,12209.0,12211.0,12215.0,12218.0,12224.0,12227.0,12231.0,12233.0,12238.0,12240.0,12246.0,12249.0,12252.0,12254.0,12256.0,12260.0,12263.0,12268.0,12270.0,12273.0,12274.0,12275.0,12277.0,12279.0,12286.0,12290.0,12291.0,12291.0,12295.0,12296.0,12301.0,12303.0,12306.0,12306.0,12306.0,12310.0,12309.0,12314.0,12321.0,12323.0,12328.0,12328.0,12332.0,12333.0,12335.0,12337.0,12339.0,12339.0,12339.0,12339.0,12340.0,12342.0,12342.0,12343.0,12346.0,12347.0,12348.0,12349.0,12349.0,12353.0,12354.0,12356.0,12358.0,12361
zP2k1QPoDME,16858.0,16859.0,16861.0,16864.0,16867.0,16870.0,16874.0,16877.0,16879.0,16881.0,16883.0,16884.0,16889.0,16889.0,16892.0,16899.0,16901.0,16903.0,16905.0,16907.0,16907.0,16910.0,16912.0,16913.0,16914.0,16918.0,16919.0,16923.0,16924.0,16926.0,16926.0,16928.0,16931.0,16931.0,16931.0,16933.0,16935.0,16937.0,16937.0,16938.0,16938.0,16940.0,16941.0,16942.0,16943.0,16945.0,16949.0,16951.0,16953.0,16955.0,16955.0,16958.0,16958.0,16960.0,16962.0,16964.0,16965.0,16967.0,16971.0,16971.0,16971.0,16972.0,16975.0,16977.0,16980.0,16984.0,16984.0,16988.0,16990.0,16991.0,16994.0,16996.0,16999.0,16999.0,17001.0,17001.0,17005.0,17007.0,17009.0,17010.0,17010.0,17013.0,17014.0,17017.0,17017.0,17017.0,17018.0,17020.0,17020.0,17023.0,17024.0,17024.0,17024.0,17024.0,17026.0,17027.0,17028.0,17028.0,17031.0,17032.0,17033.0,17040.0,17042.0,17042.0,17044.0,17045.0,17046.0,17048.0,17051.0,17053.0,17055.0,17055.0,17055.0,17057.0,17058.0,17058.0,17058.0,17060.0,17062.0,17064.0,17066.0,17073.0,17073.0,17074.0,17074.0,17078.0,17079.0,17080.0,17082.0,17084.0,17086.0,17086.0,17088.0,17088.0,,,,,,,,,17102.0,17103.0,17104.0,17106.0,17109.0,17110.0,17112.0,17117.0,17118.0,17118.0,17119.0,17121.0,17122.0,17122.0,17122.0,17129.0,17131.0,17132.0,17133.0,17134.0,17135.0,17136.0,17137.0,17137.0,17140.0,17142.0,17144.0,17144.0,17145.0,17145.0,17145.0,17147.0,17148.0,17151.0,17151.0,17151.0,17151.0,17152.0,17156.0,17159.0,17161.0,17164.0,17164.0,17167.0,17168.0,17168.0,17171.0,17172.0,17174.0,17175.0,17177.0,17177.0,17178.0,17178.0,17183.0,17184.0,17186.0,17187.0,17190.0,17192.0,17194.0,17195.0,17195.0,17196.0,17198.0,17198.0,17199.0,17204.0,17204.0,17204.0,17205.0,17207
fuPY_6bySuw,76202.0,76225.0,76248.0,76282.0,76315.0,76352.0,76377.0,76417.0,76450.0,76475.0,76508.0,76546.0,76587.0,76618.0,76659.0,76694.0,76723.0,76756.0,76804.0,76835.0,76858.0,76888.0,76916.0,76950.0,76967.0,76989.0,77009.0,77039.0,77064.0,77080.0,77103.0,77122.0,77142.0,77185.0,77210.0,77241.0,77268.0,77302.0,77331.0,77365.0,77396.0,77417.0,77443.0,77469.0,77497.0,77513.0,77530.0,77554.0,77589.0,77620.0,77661.0,77691.0,77722.0,77744.0,77781.0,77811.0,77847.0,77880.0,77896.0,77911.0,77932.0,77961.0,77994.0,78018.0,78060.0,78092.0,78117.0,78143.0,78170.0,78209.0,78256.0,78287.0,78316.0,78347.0,78370.0,78397.0,78468.0,78646.0,78802.0,78951.0,79051.0,79201.0,79336.0,79482.0,79624.0,79769.0,79880.0,79959.0,80054.0,80122.0,80208.0,80296.0,80382.0,80462.0,80518.0,80600.0,80700.0,80789.0,80868.0,80940.0,81000.0,81069.0,81160.0,81235.0,81302.0,81376.0,81442.0,81505.0,81553.0,81609.0,81664.0,81713.0,81767.0,81825.0,81864.0,81906.0,81945.0,82007.0,82055.0,82099.0,82140.0,82173.0,82205.0,82231.0,82255.0,82298.0,82336.0,82372.0,82404.0,82449.0,82494.0,82539.0,82592.0,82631.0,,,,,,,,,83028.0,83046.0,83077.0,83110.0,83145.0,83178.0,83204.0,83234.0,83284.0,83311.0,83338.0,83370.0,83407.0,83443.0,83473.0,83513.0,83539.0,83567.0,83612.0,83631.0,83657.0,83675.0,83696.0,83715.0,83733.0,83755.0,83788.0,83817.0,83849.0,83887.0,83931.0,83966.0,84002.0,84036.0,84062.0,84087.0,84114.0,84158.0,84193.0,84229.0,84263.0,84305.0,84349.0,84384.0,84440.0,84480.0,84528.0,84577.0,84617.0,84659.0,84687.0,84732.0,84781.0,84816.0,84846.0,84882.0,84924.0,84951.0,84989.0,85029.0,85063.0,85095.0,85120.0,85146.0,85177.0,85215.0,85259.0,85295.0,85316.0,85344.0,85373.0,85404
YQzussbB9m8,600741.0,601054.0,601406.0,601731.0,602112.0,602520.0,602859.0,603255.0,603626.0,604007.0,604364.0,604679.0,604998.0,605318.0,605698.0,605987.0,606289.0,606555.0,606834.0,607177.0,607518.0,607880.0,608126.0,608431.0,608683.0,609027.0,609275.0,609525.0,609826.0,610128.0,610394.0,610627.0,610854.0,611160.0,611466.0,611805.0,612064.0,612358.0,612590.0,612850.0,613156.0,613435.0,613717.0,614016.0,614238.0,614490.0,614767.0,615084.0,615435.0,615809.0,616199.0,616568.0,616954.0,617327.0,617694.0,618222.0,618671.0,619111.0,619506.0,619813.0,620193.0,620586.0,621027.0,621475.0,622051.0,622544.0,622962.0,623547.0,624062.0,624687.0,625245.0,625739.0,626096.0,626505.0,627072.0,627600.0,628139.0,628623.0,629110.0,629480.0,629820.0,630252.0,630661.0,631089.0,631484.0,631929.0,632264.0,632598.0,632992.0,633458.0,633990.0,634521.0,635156.0,635655.0,636080.0,636524.0,637101.0,637596.0,638003.0,638524.0,638957.0,639340.0,639925.0,640528.0,641127.0,641974.0,642779.0,643202.0,643675.0,644285.0,644915.0,645473.0,646334.0,647087.0,647856.0,648448.0,649163.0,650004.0,650821.0,651508.0,652320.0,652914.0,653628.0,654301.0,655163.0,655970.0,656684.0,657452.0,657949.0,658645.0,659344.0,660115.0,660727.0,661233.0,,,,,,,,,665617.0,665990.0,666510.0,666967.0,667387.0,667876.0,668325.0,668762.0,669224.0,669569.0,669989.0,670391.0,670854.0,671224.0,671567.0,671901.0,672257.0,672548.0,672847.0,673180.0,673500.0,673772.0,674114.0,674452.0,674756.0,675067.0,675435.0,675763.0,676109.0,676485.0,676830.0,677191.0,677551.0,677979.0,678381.0,678700.0,678957.0,679340.0,679687.0,680071.0,680472.0,680889.0,681558.0,682101.0,683016.0,683492.0,683967.0,684389.0,684767.0,685087.0,685437.0,685793.0,686128.0,686485.0,686851.0,687265.0,687613.0,687964.0,688396.0,688832.0,689270.0,689698.0,690062.0,690423.0,690706.0,691018.0,691415.0,691809.0,692140.0,692430.0,692788.0,693137
lu_htvODYP0,218570.0,218606.0,218643.0,218676.0,218713.0,218750.0,218800.0,218850.0,218878.0,218919.0,218948.0,218988.0,219040.0,219089.0,219134.0,219173.0,219203.0,219253.0,219317.0,219440.0,219527.0,219618.0,219699.0,219758.0,219810.0,219896.0,219987.0,220069.0,220155.0,220222.0,220307.0,220397.0,220474.0,220578.0,220733.0,220858.0,220962.0,221074.0,221163.0,221255.0,221321.0,221405.0,221504.0,221605.0,221692.0,221778.0,221875.0,222000.0,222101.0,222244.0,222365.0,222455.0,222554.0,222640.0,222760.0,222872.0,222973.0,223075.0,223181.0,223297.0,223397.0,223541.0,223647.0,223761.0,223849.0,223923.0,224015.0,224109.0,224196.0,224289.0,224380.0,224482.0,224569.0,224638.0,224736.0,224835.0,224938.0,225000.0,225119.0,225198.0,225290.0,225359.0,225431.0,225497.0,225569.0,225638.0,225731.0,225794.0,225871.0,225946.0,226041.0,226103.0,226168.0,226239.0,226301.0,226361.0,226426.0,226488.0,226547.0,226607.0,226673.0,226737.0,226796.0,226847.0,226913.0,226969.0,227018.0,227051.0,227107.0,227139.0,227190.0,227232.0,227283.0,227335.0,227370.0,227392.0,227424.0,227452.0,227478.0,227522.0,227552.0,227571.0,227592.0,227622.0,227641.0,227665.0,227695.0,227727.0,227752.0,227780.0,227804.0,227824.0,227856.0,227883.0,,,,,,,,,228216.0,228249.0,228288.0,228340.0,228376.0,228414.0,228447.0,228482.0,228575.0,228629.0,228688.0,228741.0,228790.0,228825.0,228859.0,228919.0,228977.0,229027.0,229085.0,229116.0,229159.0,229193.0,229240.0,229284.0,229321.0,229354.0,229389.0,229418.0,229457.0,229476.0,229500.0,229557.0,229585.0,229601.0,229625.0,229651.0,229680.0,229706.0,229729.0,229754.0,229772.0,229803.0,229829.0,229852.0,229880.0,229916.0,229945.0,229975.0,229997.0,230029.0,230047.0,230069.0,230097.0,230133.0,230156.0,230187.0,230219.0,230249.0,230271.0,230295.0,230325.0,230343.0,230379.0,230413.0,230435.0,230469.0,230511.0,230550.0,230584.0,230618.0,230670.0,230708
G59XJGFlBXM,1939398.0,1939752.0,1940188.0,1940633.0,1941077.0,1941571.0,1941987.0,1942596.0,1943128.0,1943692.0,1944137.0,1944676.0,1945259.0,1945824.0,1946437.0,1946917.0,1947448.0,1947904.0,1948423.0,1948970.0,1949449.0,1949951.0,1950377.0,1950833.0,1951330.0,1951761.0,1952217.0,1952786.0,1953266.0,1953904.0,1954392.0,1955001.0,1955625.0,1956260.0,1956952.0,1957557.0,1958090.0,1958629.0,1959082.0,1959635.0,1960102.0,1960636.0,1961273.0,1961871.0,1962314.0,1962813.0,1963288.0,1963834.0,1964348.0,1964872.0,1965464.0,1966000.0,1966511.0,1966976.0,1967585.0,1968122.0,1968722.0,1969463.0,1970064.0,1970533.0,1971137.0,1971733.0,1972295.0,1972888.0,1973486.0,1974016.0,1974482.0,1975084.0,1975579.0,1976315.0,1976992.0,1977526.0,1977981.0,1978577.0,1979067.0,1979625.0,1980103.0,1980690.0,1981342.0,1981883.0,1982363.0,1982982.0,1983503.0,1983984.0,1984625.0,1985277.0,1985789.0,1986275.0,1986819.0,1987344.0,1987894.0,1988473.0,1989013.0,1989458.0,1989860.0,1990266.0,1990670.0,1991052.0,1991530.0,1992016.0,1992451.0,1992876.0,1993349.0,1993812.0,1994233.0,1994663.0,1995037.0,1995419.0,1995818.0,1996236.0,1996628.0,1997037.0,1997423.0,1997789.0,1998212.0,1998556.0,1998906.0,1999306.0,1999652.0,2000005.0,2000354.0,2000675.0,2000968.0,2001332.0,2001677.0,2002058.0,2002397.0,2002839.0,2003314.0,2003830.0,2004128.0,2004584.0,2005157.0,2005713.0,,,,,,,,,2009652.0,2010028.0,2010406.0,2010718.0,2011106.0,2011525.0,2011885.0,2012196.0,2012547.0,2012832.0,2013195.0,2013621.0,2014042.0,2014511.0,2014909.0,2015233.0,2015578.0,2016068.0,2016496.0,2016950.0,2017375.0,2017743.0,2018146.0,2018473.0,2018837.0,2019283.0,2019688.0,2020100.0,2020526.0,2020871.0,2021256.0,2021633.0,2022007.0,2022376.0,2022783.0,2023178.0,2023483.0,2023826.0,2024164.0,2024588.0,2024983.0,2025379.0,2025781.0,2026110.0,2026481.0,2026904.0,2027331.0,2027779.0,2028177.0,2028612.0,2028985.0,2029413.0,2029798.0,2030230.0,2030648.0,2030991.0,2031469.0,2031826.0,2032326.0,2032765.0,2033198.0,2033610.0,2034023.0,2034386.0,2034779.0,2035212.0,2035671.0,2036102.0,2036422.0,2036831.0,2037264.0,2037655
srBBer38wqE,,,,,,,,,,,,,,,,,,,,,,,,,,,,,,,,,,,,,,,,,,,,,,,,,,,,,,,,,,,,,,,,,,,,,,,,,,,,,,,,,,,,,,,,,,,,,,,,,,,,,,,,,,,,,,,,,,,,,,,,,,,,,,,,,,,,,,,,,,,,,,,,,,,,,,,,,,,,,,,,,,,,,,,,,,,,,,,,,,,,,,,,,,,,,,,,,,,,,,,,,,,,,,,,,,,,,,
PbkZqJ1IJa4,152571.0,152596.0,152609.0,152628.0,152647.0,152667.0,152676.0,152704.0,152725.0,152752.0,152770.0,152786.0,152801.0,152828.0,152839.0,152852.0,152870.0,152895.0,152930.0,152943.0,152958.0,152976.0,152991.0,153006.0,153025.0,153033.0,153051.0,153065.0,153087.0,153103.0,153114.0,153130.0,153150.0,153165.0,153181.0,153201.0,153228.0,153239.0,153257.0,153271.0,153283.0,153305.0,153321.0,153332.0,153343.0,153362.0,153388.0,153415.0,153432.0,153450.0,153466.0,153488.0,153512.0,153528.0,153542.0,153570.0,153585.0,153599.0,153619.0,153639.0,153659.0,153675.0,153692.0,153708.0,153719.0,153752.0,153771.0,153788.0,153802.0,153823.0,153842.0,153858.0,153878.0,153891.0,153908.0,153923.0,153945.0,153955.0,153964.0,153993.0,154021.0,154033.0,154050.0,154063.0,154076.0,154094.0,154106.0,154124.0,154142.0,154152.0,154163.0,154185.0,154196.0,154209.0,154221.0,154231.0,154242.0,154262.0,154273.0,154282.0,154297.0,154312.0,154323.0,154336.0,154353.0,154360.0,154377.0,154391.0,154406.0,154420.0,154438.0,154448.0,154458.0,154473.0,154490.0,154504.0,154522.0,154543.0,154554.0,154565.0,154590.0,154606.0,154628.0,154656.0,154687.0,154704.0,154739.0,154761.0,154774.0,154788.0,154808.0,154825.0,154838.0,154847.0,,,,,,,,,155001.0,155034.0,155053.0,155065.0,155081.0,155091.0,155101.0,155115.0,155131.0,155146.0,155160.0,155179.0,155199.0,155219.0,155238.0,155260.0,155271.0,155283.0,155299.0,155312.0,155333.0,155358.0,155371.0,155395.0,155409.0,155416.0,155432.0,155451.0,155468.0,155483.0,155492.0,155516.0,155530.0,155543.0,155555.0,155566.0,155581.0,155598.0,155617.0,155633.0,155646.0,155659.0,155673.0,155696.0,155711.0,155733.0,155755.0,155763.0,155784.0,155801.0,155814.0,155830.0,155844.0,155854.0,155869.0,155882.0,155897.0,155914.0,155930.0,155951.0,155969.0,155977.0,155986.0,156011.0,156030.0,156053.0,156078.0,156098.0,156123.0,156144.0,156170.0,156190
dGJSl-NcXlk,13171923.0,13172306.0,13172695.0,13173117.0,13173473.0,13173880.0,13174221.0,13174508.0,13174855.0,13175259.0,13175702.0,13176056.0,13176470.0,13176859.0,13177320.0,13177846.0,13178341.0,13178762.0,13179148.0,13179517.0,13179854.0,13180260.0,13180724.0,13181113.0,13181508.0,13181885.0,13182239.0,13182664.0,13183050.0,13183413.0,13183787.0,13184136.0,13184466.0,13184779.0,13185213.0,13185587.0,13185958.0,13186248.0,13186651.0,13186976.0,13187352.0,13187782.0,13188258.0,13188567.0,13188947.0,13189324.0,13189764.0,13190218.0,13190604.0,13190933.0,13191303.0,13191646.0,13192015.0,13192336.0,13192738.0,13193064.0,13193387.0,13193746.0,13194118.0,13194505.0,13194882.0,13195286.0,13195711.0,13196095.0,13196484.0,13196828.0,13197153.0,13197540.0,13197937.0,13198413.0,13198758.0,13199162.0,13199553.0,13199871.0,13200249.0,13200598.0,13200937.0,13201281.0,13201595.0,13202031.0,13202395.0,13202784.0,13203105.0,13203502.0,13203861.0,13204188.0,13204570.0,13204972.0,13205309.0,13205611.0,13205964.0,13206332.0,13206689.0,13207023.0,13207434.0,13207750.0,13208105.0,13208475.0,13208827.0,13209102.0,13209479.0,13209863.0,13210104.0,13210414.0,13210747.0,13211087.0,13211407.0,13211760.0,13212151.0,13212500.0,13212768.0,13213120.0,13213417.0,13213801.0,13214183.0,13214678.0,13215173.0,13215568.0,13216005.0,13216388.0,13216737.0,13217124.0,13217605.0,13218011.0,13218359.0,13218782.0,13219208.0,13219643.0,13220100.0,13220568.0,13220918.0,13221319.0,13221652.0,13221953.0,,,,,,,,,13224978.0,13225463.0,13225784.0,13226155.0,13226454.0,13226809.0,13227120.0,13227438.0,13227906.0,13228308.0,13228623.0,13228885.0,13229246.0,13229655.0,13230100.0,13230556.0,13230937.0,13231276.0,13231707.0,13232035.0,13232780.0,13233399.0,13233981.0,13234463.0,13234941.0,13235283.0,13235630.0,13236041.0,13236420.0,13236782.0,13237127.0,13237427.0,13237728.0,13238005.0,13238287.0,13238603.0,13238909.0,13239172.0,13239413.0,13239675.0,13239912.0,13240156.0,13240508.0,13240821.0,13241067.0,13241348.0,13241584.0,13241847.0,13242122.0,13242440.0,13242716.0,13242953.0,13243195.0,13243390.0,13243642.0,13243916.0,13244160.0,13244410.0,13244717.0,13244959.0,13245219.0,13245458.0,13245720.0,13245988.0,13246260.0,13246505.0,13246737.0,13246989.0,13247224.0,13247500.0,13247729.0,13248049
b0qMefc2RdY,914937.0,915101.0,915247.0,915396.0,915602.0,915756.0,915919.0,916131.0,916298.0,916456.0,916628.0,916762.0,916919.0,917072.0,917242.0,917377.0,917551.0,917684.0,917830.0,917974.0,918150.0,918355.0,918527.0,918683.0,918825.0,918985.0,919146.0,919319.0,919529.0,919707.0,919858.0,920026.0,920167.0,920369.0,920580.0,920804.0,921031.0,921257.0,921406.0,921593.0,921772.0,921973.0,922203.0,922460.0,922668.0,922807.0,922970.0,923143.0,923321.0,923508.0,923683.0,923856.0,924035.0,924185.0,924365.0,924545.0,924738.0,924972.0,925168.0,925353.0,925559.0,925729.0,925855.0,926049.0,926236.0,926447.0,926616.0,926851.0,927033.0,927251.0,927434.0,927629.0,927793.0,927956.0,928137.0,928340.0,928525.0,928686.0,928803.0,928921.0,929078.0,929252.0,929421.0,929600.0,929820.0,930040.0,930236.0,930421.0,930601.0,930811.0,930999.0,931193.0,931365.0,931531.0,931700.0,931883.0,932070.0,932243.0,932413.0,932570.0,932749.0,932873.0,933014.0,933172.0,933332.0,933472.0,933625.0,933770.0,933943.0,934084.0,934241.0,934369.0,934509.0,934678.0,934813.0,934942.0,935106.0,935264.0,935425.0,935627.0,935752.0,935891.0,936012.0,936169.0,936298.0,936457.0,936592.0,936757.0,936875.0,937008.0,937165.0,937300.0,937446.0,937596.0,,,,,,,,,939267.0,939480.0,939666.0,939859.0,940101.0,940276.0,940468.0,940634.0,940851.0,940989.0,941173.0,941345.0,941522.0,941738.0,941889.0,942037.0,942229.0,942468.0,942682.0,942896.0,943088.0,943316.0,943637.0,943915.0,944239.0,944510.0,944775.0,945060.0,945310.0,945660.0,945946.0,946237.0,946475.0,946751.0,946968.0,947138.0,947337.0,947553.0,947728.0,947930.0,948142.0,948361.0,948570.0,948770.0,948939.0,949097.0,949276.0,949477.0,949701.0,949922.0,950127.0,950280.0,950505.0,950707.0,950927.0,951148.0,951371.0,951550.0,951749.0,951920.0,952165.0,952333.0,952542.0,952721.0,952919.0,953152.0,953352.0,953573.0,953762.0,953953.0,954108.0,954314
WWvtVfIfKYo,4704.0,4704.0,4704.0,4704.0,4705.0,4705.0,4705.0,4705.0,4705.0,4705.0,4705.0,4705.0,4705.0,4705.0,4705.0,4705.0,4705.0,4705.0,4705.0,4706.0,4706.0,4706.0,4706.0,4706.0,4706.0,4706.0,4706.0,4706.0,4706.0,4706.0,4706.0,4706.0,4706.0,4707.0,4707.0,4707.0,4708.0,4708.0,4708.0,4708.0,4708.0,4708.0,4708.0,4708.0,4708.0,4708.0,4708.0,4708.0,4708.0,4708.0,4708.0,4708.0,4708.0,4708.0,4708.0,4708.0,4708.0,4708.0,4708.0,4708.0,4708.0,4708.0,4709.0,4709.0,4709.0,4709.0,4710.0,4710.0,4711.0,4711.0,4711.0,4711.0,4711.0,4712.0,4713.0,4713.0,4713.0,4713.0,4713.0,4713.0,4713.0,4713.0,4713.0,4713.0,4713.0,4713.0,4713.0,4715.0,4715.0,4715.0,4715.0,4715.0,4715.0,4715.0,4715.0,4715.0,4715.0,4715.0,4715.0,4715.0,4715.0,4715.0,4715.0,4715.0,4716.0,4716.0,4716.0,4720.0,4719.0,4719.0,4719.0,4719.0,4719.0,4719.0,4719.0,4719.0,4719.0,4719.0,4719.0,4719.0,4719.0,4719.0,4719.0,4720.0,4720.0,4720.0,4720.0,4720.0,4720.0,4720.0,4720.0,4720.0,4720.0,4726.0,,,,,,,,,4727.0,4727.0,4727.0,4727.0,4727.0,4727.0,4727.0,4727.0,4727.0,4727.0,4727.0,4727.0,4727.0,4727.0,4727.0,4727.0,4727.0,4727.0,4727.0,4727.0,4727.0,4727.0,4727.0,4727.0,4727.0,4727.0,4727.0,4727.0,4727.0,4727.0,4727.0,4728.0,4728.0,4728.0,4728.0,4728.0,4728.0,4728.0,4728.0,4728.0,4728.0,4728.0,4728.0,4728.0,4728.0,4728.0,4728.0,4728.0,4728.0,4728.0,4728.0,4728.0,4728.0,4728.0,4728.0,4728.0,4728.0,4728.0,4729.0,4729.0,4729.0,4729.0,4729.0,4729.0,4729.0,4729.0,4729.0,4729.0,4729.0,4729.0,4729.0,4729
trDyuVr-GAI,11309.0,11317.0,11323.0,11331.0,11340.0,11346.0,11348.0,11360.0,11365.0,11376.0,11382.0,11386.0,11390.0,11392.0,11401.0,11404.0,11414.0,11417.0,11421.0,11425.0,11429.0,11440.0,11448.0,11456.0,11459.0,11463.0,11471.0,11480.0,11486.0,11494.0,11496.0,11500.0,11504.0,11512.0,11517.0,11521.0,11526.0,11529.0,11534.0,11537.0,11540.0,11548.0,11551.0,11552.0,11559.0,11564.0,11569.0,11575.0,11575.0,11580.0,11584.0,11592.0,11597.0,11599.0,11603.0,11605.0,11608.0,11610.0,11617.0,11626.0,11634.0,11640.0,11642.0,11655.0,11665.0,11670.0,11675.0,11678.0,11681.0,11685.0,11693.0,11695.0,11698.0,11701.0,11701.0,11711.0,11718.0,11721.0,11723.0,11725.0,11728.0,11733.0,11736.0,11738.0,11740.0,11743.0,11746.0,11749.0,11753.0,11760.0,11763.0,11766.0,11767.0,11771.0,11775.0,11779.0,11783.0,11788.0,11791.0,11793.0,11795.0,11797.0,11799.0,11803.0,11806.0,11807.0,11810.0,11813.0,11814.0,11816.0,11817.0,11821.0,11826.0,11829.0,11832.0,11834.0,11837.0,11838.0,11840.0,11843.0,11845.0,11848.0,11849.0,11852.0,11852.0,11852.0,11855.0,11856.0,11859.0,11863.0,11868.0,11871.0,11873.0,11875.0,,,,,,,,,11886.0,11886.0,11889.0,11889.0,11894.0,11896.0,11898.0,11901.0,11902.0,11905.0,11906.0,11909.0,11911.0,11912.0,11917.0,11920.0,11922.0,11922.0,11926.0,11926.0,11926.0,11928.0,11931.0,11933.0,11934.0,11937.0,11938.0,11940.0,11942.0,11945.0,11946.0,11957.0,11959.0,11962.0,11970.0,11980.0,11985.0,11989.0,11992.0,12003.0,12011.0,12015.0,12022.0,12025.0,12029.0,12030.0,12034.0,12040.0,12044.0,12047.0,12049.0,12051.0,12054.0,12055.0,12059.0,12061.0,12062.0,12065.0,12070.0,12073.0,12074.0,12074.0,12078.0,12079.0,12081.0,12084.0,12084.0,12087.0,12092.0,12094.0,12097.0,12097
ieAyyfD6l7w,292331.0,292358.0,292372.0,292384.0,292398.0,292420.0,292434.0,292451.0,292464.0,292481.0,292501.0,292525.0,292546.0,292562.0,292579.0,292600.0,292634.0,292655.0,292681.0,292713.0,292744.0,292784.0,292817.0,292868.0,292913.0,292960.0,292993.0,293028.0,293059.0,293083.0,293111.0,293132.0,293157.0,293192.0,293220.0,293243.0,293277.0,293306.0,293324.0,293356.0,293383.0,293414.0,293438.0,293489.0,293525.0,293565.0,293598.0,293636.0,293671.0,293694.0,293730.0,293754.0,293771.0,293791.0,293807.0,293822.0,293841.0,293869.0,293896.0,293912.0,293929.0,293956.0,293967.0,293982.0,294002.0,294034.0,294058.0,294083.0,294104.0,294125.0,294147.0,294167.0,294181.0,294190.0,294208.0,294221.0,294240.0,294261.0,294274.0,294287.0,294306.0,294319.0,294335.0,294347.0,294368.0,294382.0,294398.0,294421.0,294440.0,294463.0,294475.0,294493.0,294510.0,294528.0,294546.0,294564.0,294590.0,294610.0,294625.0,294645.0,294670.0,294691.0,294723.0,294748.0,294768.0,294788.0,294818.0,294835.0,294847.0,294862.0,294870.0,294883.0,294909.0,294917.0,294927.0,294945.0,294953.0,294979.0,294991.0,295003.0,295023.0,295040.0,295052.0,295065.0,295088.0,295103.0,295122.0,295132.0,295154.0,295168.0,295178.0,295187.0,295202.0,295211.0,,,,,,,,,295340.0,295346.0,295354.0,295368.0,295385.0,295417.0,295434.0,295453.0,295477.0,295525.0,295545.0,295564.0,295588.0,295611.0,295632.0,295669.0,295686.0,295712.0,295748.0,295764.0,295780.0,295805.0,295821.0,295826.0,295836.0,295849.0,295869.0,295887.0,295903.0,295921.0,295930.0,295946.0,295962.0,295975.0,295984.0,296000.0,296013.0,296021.0,296036.0,296050.0,296068.0,296083.0,296105.0,296118.0,296129.0,296147.0,296165.0,296186.0,296214.0,296234.0,296252.0,296266.0,296284.0,296307.0,296326.0,296351.0,296366.0,296395.0,296417.0,296423.0,296447.0,296461.0,296476.0,296497.0,296519.0,296542.0,296555.0,296573.0,296588.0,296606.0,296622.0,296650
vG2haZWk01s,13627829.0,13628427.0,13629076.0,13629756.0,13630374.0,13630953.0,13631498.0,13632100.0,13632671.0,13633297.0,13633969.0,13634570.0,13635167.0,13635733.0,13636303.0,13636838.0,13637445.0,13637979.0,13638659.0,13639429.0,13640122.0,13640900.0,13641561.0,13642248.0,13642976.0,13643611.0,13644219.0,13644789.0,13645421.0,13646056.0,13646661.0,13647250.0,13647846.0,13648557.0,13649184.0,13649754.0,13650363.0,13651003.0,13651659.0,13652237.0,13652743.0,13653373.0,13654031.0,13654620.0,13655249.0,13655774.0,13656393.0,13656938.0,13657619.0,13658244.0,13658795.0,13659358.0,13659991.0,13660614.0,13661182.0,13661796.0,13662380.0,13662925.0,13663572.0,13664132.0,13664678.0,13665238.0,13665807.0,13666369.0,13666968.0,13667517.0,13668099.0,13668614.0,13669061.0,13669719.0,13670340.0,13670876.0,13671384.0,13671868.0,13672391.0,13672895.0,13673500.0,13674115.0,13674605.0,13675152.0,13675733.0,13676230.0,13676787.0,13677273.0,13677795.0,13678268.0,13678811.0,13679372.0,13679788.0,13680281.0,13680750.0,13681203.0,13681581.0,13682146.0,13682694.0,13683185.0,13683597.0,13683997.0,13684432.0,13684985.0,13685528.0,13686079.0,13686564.0,13687075.0,13687493.0,13688016.0,13688466.0,13688930.0,13689389.0,13689827.0,13690232.0,13690687.0,13691134.0,13691566.0,13692051.0,13692602.0,13693033.0,13693430.0,13693843.0,13694262.0,13694670.0,13695198.0,13695692.0,13696172.0,13696586.0,13697065.0,13697486.0,13698060.0,13698515.0,13698939.0,13699424.0,13699850.0,13700219.0,13700667.0,,,,,,,,,13704695.0,13705169.0,13705510.0,13705909.0,13706374.0,13706855.0,13707258.0,13707715.0,13708230.0,13708707.0,13709136.0,13709604.0,13710125.0,13710600.0,13711057.0,13711606.0,13712169.0,13712853.0,13713479.0,13713950.0,13714573.0,13715133.0,13715617.0,13716183.0,13716702.0,13717200.0,13717740.0,13718290.0,13718819.0,13719463.0,13720009.0,13720592.0,13721166.0,13721728.0,13722299.0,13722872.0,13723525.0,13724077.0,13724551.0,13725128.0,13725751.0,13726253.0,13726890.0,13727510.0,13728165.0,13728727.0,13729295.0,13729764.0,13730469.0,13731014.0,13731720.0,13732207.0,13732764.0,13733422.0,13733997.0,13734582.0,13735027.0,13735642.0,13736208.0,13736757.0,13737283.0,13737719.0,13738210.0,13738710.0,13739189.0,13739725.0,13740270.0,13740713.0,13741161.0,13741600.0,13742074.0,13742578
XRoCZX9mbW8,253336.0,253411.0,253491.0,253575.0,253654.0,253730.0,253823.0,253891.0,253964.0,254043.0,254164.0,254260.0,254339.0,254416.0,254496.0,254569.0,254645.0,254714.0,254808.0,254952.0,255056.0,255146.0,255225.0,255301.0,255378.0,255477.0,255574.0,255651.0,255755.0,255825.0,255915.0,255983.0,256068.0,256158.0,256221.0,256283.0,256353.0,256413.0,256506.0,256570.0,256653.0,256725.0,256793.0,256870.0,256960.0,257044.0,257133.0,257195.0,257261.0,257335.0,257399.0,257454.0,257508.0,257588.0,257639.0,257699.0,257764.0,257829.0,257899.0,257965.0,258030.0,258112.0,258197.0,258265.0,258328.0,258381.0,258445.0,258516.0,258572.0,258650.0,258698.0,258785.0,258845.0,258929.0,258982.0,259042.0,259116.0,259184.0,259252.0,259316.0,259373.0,259443.0,259506.0,259569.0,259631.0,259715.0,259781.0,259840.0,259898.0,259965.0,260021.0,260085.0,260150.0,260227.0,260284.0,260330.0,260380.0,260455.0,260495.0,260542.0,260592.0,260654.0,260716.0,260783.0,260843.0,260904.0,260968.0,261019.0,261104.0,261156.0,261262.0,261347.0,261402.0,261456.0,261502.0,261558.0,261603.0,261670.0,261728.0,261797.0,261851.0,261904.0,261972.0,262041.0,262103.0,262158.0,262215.0,262277.0,262341.0,262401.0,262460.0,262521.0,262585.0,262653.0,,,,,,,,,263216.0,263277.0,263328.0,263398.0,263453.0,263523.0,263589.0,263649.0,263712.0,263757.0,263796.0,263852.0,263895.0,263964.0,264018.0,264062.0,264118.0,264198.0,264266.0,264335.0,264390.0,264453.0,264517.0,264569.0,264635.0,264692.0,264749.0,264825.0,264908.0,264983.0,265043.0,265112.0,265159.0,265210.0,265260.0,265297.0,265356.0,265416.0,265470.0,265531.0,265571.0,265620.0,265666.0,265712.0,265767.0,265806.0,265854.0,265905.0,265958.0,266015.0,266081.0,266138.0,266180.0,266236.0,266291.0,266337.0,266388.0,266439.0,266501.0,266564.0,266617.0,266660.0,266704.0,266746.0,266802.0,266845.0,266885.0,266952.0,266990.0,267034.0,267076.0,267135
JPw_sYVJLA0,374778.0,374832.0,374895.0,374955.0,375021.0,375105.0,375182.0,375248.0,375326.0,375393.0,375466.0,375536.0,375602.0,375679.0,375729.0,375799.0,375878.0,375954.0,376024.0,376097.0,376195.0,376270.0,376370.0,376435.0,376505.0,376577.0,376620.0,376696.0,376765.0,376835.0,376890.0,376935.0,377012.0,377078.0,377152.0,377220.0,377287.0,377350.0,377415.0,377481.0,377555.0,377611.0,377674.0,377734.0,377796.0,377867.0,377925.0,377986.0,378051.0,378135.0,378201.0,378270.0,378324.0,378381.0,378445.0,378502.0,378582.0,378632.0,378687.0,378742.0,378814.0,378859.0,378922.0,378975.0,379030.0,379080.0,379129.0,379184.0,379227.0,379315.0,379384.0,379452.0,379516.0,379607.0,379669.0,379744.0,379795.0,379869.0,379954.0,380021.0,380070.0,380137.0,380186.0,380239.0,380300.0,380357.0,380434.0,380484.0,380545.0,380601.0,380652.0,380694.0,380741.0,380780.0,380832.0,380882.0,380956.0,381005.0,381061.0,381115.0,381161.0,381229.0,381304.0,381374.0,381453.0,381518.0,381573.0,381645.0,381706.0,381756.0,381820.0,381876.0,381922.0,381967.0,382044.0,382114.0,382196.0,382267.0,382341.0,382417.0,382477.0,382535.0,382589.0,382650.0,382719.0,382779.0,382858.0,382922.0,382991.0,383068.0,383117.0,383162.0,383211.0,383261.0,,,,,,,,,383813.0,383883.0,383957.0,384032.0,384107.0,384172.0,384227.0,384285.0,384352.0,384416.0,384476.0,384545.0,384606.0,384686.0,384778.0,384862.0,384927.0,385008.0,385098.0,385184.0,385241.0,385325.0,385428.0,385504.0,385564.0,385639.0,385718.0,385811.0,385893.0,385978.0,386051.0,386153.0,386226.0,386315.0,386379.0,386459.0,386559.0,386633.0,386727.0,386833.0,386925.0,387003.0,387081.0,387169.0,387251.0,387333.0,387394.0,387457.0,387538.0,387612.0,387684.0,387773.0,387868.0,387979.0,388063.0,388168.0,388253.0,388359.0,388442.0,388520.0,388616.0,388688.0,388747.0,388838.0,388903.0,388977.0,389073.0,389142.0,389214.0,389288.0,389379.0,389468
UpQtEjgvMFs,34813.0,34834.0,34854.0,34884.0,34905.0,34929.0,34967.0,34981.0,35002.0,35025.0,35055.0,35085.0,35098.0,35119.0,35156.0,35183.0,35198.0,35204.0,35212.0,35227.0,35240.0,35253.0,35264.0,35274.0,35284.0,35286.0,35296.0,35296.0,35311.0,35315.0,35322.0,35327.0,35332.0,35338.0,35344.0,35348.0,35353.0,35369.0,35375.0,35384.0,35389.0,35393.0,35404.0,35412.0,35417.0,35423.0,35436.0,35438.0,35452.0,35457.0,35460.0,35471.0,35477.0,35483.0,35489.0,35496.0,35502.0,35512.0,35517.0,35520.0,35524.0,35529.0,35538.0,35543.0,35553.0,35558.0,35560.0,35562.0,35565.0,35569.0,35573.0,35575.0,35585.0,35589.0,35599.0,35600.0,35605.0,35606.0,35610.0,35613.0,35616.0,35620.0,35624.0,35630.0,35632.0,35634.0,35636.0,35641.0,35643.0,35646.0,35653.0,35657.0,35660.0,35665.0,35670.0,35674.0,35683.0,35688.0,35691.0,35694.0,35701.0,35704.0,35705.0,35710.0,35720.0,35728.0,35732.0,35736.0,35738.0,35740.0,35748.0,35750.0,35754.0,35759.0,35766.0,35770.0,35773.0,35781.0,35783.0,35790.0,35792.0,35796.0,35800.0,35803.0,35805.0,35811.0,35815.0,35820.0,35824.0,35827.0,35827.0,35828.0,35834.0,35835.0,,,,,,,,,35885.0,35890.0,35894.0,35900.0,35902.0,35909.0,35910.0,35913.0,35920.0,35926.0,35932.0,35939.0,35948.0,35954.0,35960.0,35965.0,35975.0,35990.0,36000.0,36008.0,36011.0,36018.0,36024.0,36027.0,36031.0,36033.0,36037.0,36046.0,36052.0,36056.0,36058.0,36065.0,36070.0,36073.0,36085.0,36091.0,36096.0,36102.0,36109.0,36119.0,36128.0,36133.0,36144.0,36151.0,36156.0,36162.0,36165.0,36169.0,36173.0,36178.0,36181.0,36183.0,36187.0,36191.0,36195.0,36200.0,36202.0,36209.0,36211.0,36214.0,36223.0,36223.0,36228.0,36229.0,36233.0,36233.0,36242.0,36245.0,36245.0,36249.0,36257.0,36265
Jkk4orJQSnA,530131.0,530141.0,530150.0,530161.0,530171.0,530186.0,530202.0,530210.0,530220.0,530231.0,530240.0,530250.0,530260.0,530271.0,530283.0,530294.0,530300.0,530310.0,530320.0,530326.0,530334.0,530345.0,530354.0,530361.0,530373.0,530381.0,530392.0,530409.0,530419.0,530426.0,530428.0,530435.0,530450.0,530455.0,530468.0,530477.0,530483.0,530493.0,530501.0,530510.0,530518.0,530531.0,530540.0,530543.0,530551.0,530558.0,530567.0,530569.0,530585.0,530596.0,530606.0,530615.0,530629.0,530635.0,530644.0,530656.0,530667.0,530674.0,530682.0,530688.0,530695.0,530708.0,530716.0,530730.0,530746.0,530758.0,530767.0,530773.0,530778.0,530787.0,530795.0,530806.0,530813.0,530818.0,530823.0,530831.0,530841.0,530853.0,530861.0,530875.0,530884.0,530894.0,530909.0,530920.0,530929.0,530940.0,530947.0,530957.0,530966.0,530978.0,530986.0,530992.0,531001.0,531013.0,531023.0,531033.0,531038.0,531048.0,531054.0,531061.0,531066.0,531071.0,531079.0,531084.0,531093.0,531104.0,531117.0,531120.0,531127.0,531133.0,531142.0,531150.0,531155.0,531163.0,531171.0,531184.0,531189.0,531195.0,531199.0,531208.0,531213.0,531217.0,531226.0,531228.0,531231.0,531237.0,531244.0,531255.0,531260.0,531265.0,531270.0,531276.0,531282.0,531291.0,,,,,,,,,531350.0,531357.0,531362.0,531368.0,531374.0,531378.0,531385.0,531390.0,531396.0,531401.0,531408.0,531418.0,531424.0,531430.0,531435.0,531443.0,531447.0,531455.0,531457.0,531461.0,531465.0,531471.0,531475.0,531486.0,531490.0,531499.0,531506.0,531517.0,531521.0,531527.0,531535.0,531537.0,531541.0,531545.0,531554.0,531560.0,531576.0,531586.0,531599.0,531601.0,531605.0,531609.0,531612.0,531619.0,531623.0,531628.0,531635.0,531642.0,531652.0,531658.0,531671.0,531680.0,531687.0,531693.0,531696.0,531702.0,531705.0,531709.0,531716.0,531718.0,531726.0,531733.0,531739.0,531745.0,531748.0,531759.0,531771.0,531778.0,531788.0,531797.0,531807.0,531812
c95nOZmvvgQ,37182.0,37183.0,37186.0,37186.0,37187.0,37187.0,37188.0,37189.0,37191.0,37191.0,37193.0,37194.0,37194.0,37195.0,37196.0,37197.0,37198.0,37199.0,37199.0,37202.0,37204.0,37205.0,37209.0,37211.0,37211.0,37213.0,37213.0,37213.0,37213.0,37215.0,37217.0,37219.0,37220.0,37220.0,37221.0,37223.0,37223.0,37224.0,37225.0,37225.0,37227.0,37234.0,37236.0,37236.0,37239.0,37242.0,37243.0,37248.0,37255.0,37256.0,37257.0,37257.0,37260.0,37261.0,37262.0,37263.0,37265.0,37265.0,37269.0,37269.0,37269.0,37269.0,37270.0,37271.0,37272.0,37275.0,37278.0,37279.0,37281.0,37281.0,37280.0,37282.0,37285.0,37285.0,37288.0,37291.0,37292.0,37292.0,37293.0,37294.0,37296.0,37296.0,37298.0,37299.0,37299.0,37299.0,37299.0,37301.0,37303.0,37303.0,37303.0,37308.0,37309.0,37309.0,37311.0,37312.0,37312.0,37313.0,37313.0,37313.0,37314.0,37315.0,37318.0,37318.0,37318.0,37319.0,37321.0,37322.0,37327.0,37330.0,37331.0,37331.0,37331.0,37332.0,37332.0,37336.0,37336.0,37336.0,37337.0,37339.0,37339.0,37342.0,37344.0,37344.0,37344.0,37346.0,37346.0,37347.0,37348.0,37348.0,37349.0,37349.0,37350.0,37350.0,,,,,,,,,37360.0,37360.0,37361.0,37361.0,37361.0,37361.0,37361.0,37361.0,37362.0,37363.0,37365.0,37366.0,37366.0,37367.0,37367.0,37369.0,37370.0,37370.0,37370.0,37370.0,37371.0,37372.0,37373.0,37373.0,37373.0,37373.0,37374.0,37374.0,37374.0,37374.0,37375.0,37375.0,37377.0,37377.0,37377.0,37377.0,37377.0,37379.0,37379.0,37381.0,37381.0,37381.0,37381.0,37381.0,37382.0,37382.0,37384.0,37385.0,37386.0,37388.0,37390.0,37391.0,37391.0,37391.0,37392.0,37394.0,37395.0,37396.0,37397.0,37399.0,37399.0,37403.0,37407.0,37411.0,37411.0,37412.0,37413.0,37413.0,37416.0,37417.0,37417.0,37418
CvQaclUIVX0,526379.0,526501.0,526615.0,526737.0,526830.0,526942.0,527062.0,527171.0,527276.0,527369.0,527454.0,527560.0,527648.0,527757.0,527871.0,527963.0,528089.0,528208.0,528318.0,528434.0,528513.0,528607.0,528712.0,528839.0,528952.0,529059.0,529221.0,529328.0,529454.0,529549.0,529655.0,529753.0,529863.0,529960.0,530049.0,530140.0,530256.0,530337.0,530433.0,530522.0,530597.0,530686.0,530781.0,530872.0,530938.0,531038.0,531127.0,531232.0,531330.0,531418.0,531489.0,531592.0,531680.0,531755.0,531825.0,531910.0,531997.0,532056.0,532141.0,532202.0,532307.0,532411.0,532494.0,532597.0,532689.0,532798.0,532891.0,532997.0,533083.0,533181.0,533293.0,533406.0,533519.0,533644.0,533782.0,533873.0,533989.0,534107.0,534212.0,534315.0,534399.0,534484.0,534581.0,534696.0,534774.0,534880.0,534980.0,535082.0,535155.0,535223.0,535306.0,535374.0,535480.0,535580.0,535663.0,535759.0,535835.0,535890.0,535979.0,536070.0,536169.0,536279.0,536364.0,536458.0,536565.0,536701.0,536798.0,536897.0,536986.0,537085.0,537186.0,537280.0,537380.0,537465.0,537564.0,537655.0,537752.0,537862.0,537944.0,538052.0,538208.0,538308.0,538396.0,538491.0,538591.0,538686.0,538791.0,538910.0,539012.0,539101.0,539213.0,539317.0,539439.0,539558.0,,,,,,,,,540533.0,540638.0,540756.0,540857.0,540958.0,541071.0,541174.0,541284.0,541368.0,541470.0,541554.0,541633.0,541734.0,541824.0,541945.0,542055.0,542162.0,542241.0,542345.0,542424.0,542505.0,542590.0,542678.0,542773.0,542861.0,542936.0,543008.0,543111.0,543206.0,543289.0,543400.0,543478.0,543568.0,543660.0,543750.0,543817.0,543911.0,544000.0,544084.0,544161.0,544241.0,544318.0,544408.0,544489.0,544580.0,544647.0,544741.0,544842.0,544958.0,545063.0,545142.0,545224.0,545309.0,545385.0,545469.0,545578.0,545676.0,545773.0,545866.0,545942.0,546031.0,546102.0,546184.0,546273.0,546359.0,546432.0,546525.0,546616.0,546686.0,546758.0,546817.0,546906
Ml6xtIz8fHg,122858.0,123134.0,123451.0,123672.0,123902.0,124161.0,124421.0,124704.0,125149.0,125513.0,125747.0,126028.0,126320.0,126632.0,126988.0,127361.0,127759.0,128061.0,128455.0,128923.0,129276.0,129580.0,129837.0,130076.0,130245.0,130543.0,130819.0,131053.0,131295.0,131609.0,131877.0,132081.0,132305.0,132597.0,132883.0,133200.0,133509.0,133769.0,134041.0,134329.0,134586.0,134954.0,135242.0,135557.0,135792.0,136086.0,136368.0,136707.0,136994.0,137323.0,137664.0,138008.0,138278.0,138580.0,138895.0,139197.0,139508.0,139998.0,140406.0,140669.0,141049.0,141340.0,141701.0,142034.0,142344.0,142657.0,142956.0,143345.0,143694.0,144109.0,144477.0,144755.0,145049.0,145261.0,145595.0,145923.0,146250.0,146547.0,146801.0,147071.0,147288.0,147532.0,147738.0,147984.0,148266.0,148526.0,148773.0,148989.0,149242.0,149515.0,149788.0,150119.0,150357.0,150629.0,150824.0,151025.0,151280.0,151492.0,151732.0,152052.0,152257.0,152478.0,152788.0,153069.0,153330.0,153595.0,153896.0,154165.0,154370.0,154602.0,154940.0,155289.0,155584.0,155945.0,156184.0,156413.0,156741.0,157057.0,157370.0,157651.0,157898.0,158101.0,158304.0,158541.0,158741.0,158897.0,159109.0,159372.0,159605.0,159826.0,160025.0,160238.0,160539.0,160722.0,,,,,,,,,162794.0,162955.0,163181.0,163400.0,163652.0,163882.0,164095.0,164279.0,164482.0,164928.0,165325.0,165654.0,166047.0,166357.0,166603.0,166852.0,167208.0,167513.0,167810.0,168041.0,168218.0,168378.0,168512.0,168654.0,168828.0,168991.0,169147.0,169339.0,169505.0,169656.0,169860.0,170055.0,170236.0,170395.0,170596.0,170754.0,170916.0,171089.0,171234.0,171417.0,171589.0,171791.0,171990.0,172193.0,172430.0,172621.0,172800.0,173021.0,173346.0,173515.0,173624.0,173824.0,174027.0,174270.0,174447.0,174618.0,174757.0,174902.0,175054.0,175217.0,175414.0,175515.0,175680.0,175829.0,175946.0,176116.0,176390.0,176617.0,176802.0,176994.0,177194.0,177331
OX6FRQH-Zyw,2791814.0,2792076.0,2792422.0,2792730.0,2793107.0,2793392.0,2793722.0,2794007.0,2794355.0,2794699.0,2795005.0,2795271.0,2795593.0,2795892.0,2796221.0,2796568.0,2796837.0,2797148.0,2797459.0,2797722.0,2798041.0,2798290.0,2798587.0,2798917.0,2799182.0,2799449.0,2799708.0,2799982.0,2800288.0,2800606.0,2800926.0,2801179.0,2801461.0,2801722.0,2802006.0,2802228.0,2802593.0,2802924.0,2803174.0,2803470.0,2803703.0,2803961.0,2804230.0,2804509.0,2804743.0,2805020.0,2805285.0,2805569.0,2805812.0,2806081.0,2806259.0,2806520.0,2806781.0,2807101.0,2807333.0,2807559.0,2807782.0,2807999.0,2808270.0,2808485.0,2808712.0,2808952.0,2809227.0,2809443.0,2809671.0,2809868.0,2810085.0,2810333.0,2810550.0,2810751.0,2810954.0,2811181.0,2811401.0,2811613.0,2811841.0,2812037.0,2812287.0,2812484.0,2812747.0,2812951.0,2813143.0,2813334.0,2813592.0,2813867.0,2814078.0,2814349.0,2814583.0,2814778.0,2814990.0,2815194.0,2815394.0,2815625.0,2815825.0,2816021.0,2816187.0,2816355.0,2816551.0,2816741.0,2816936.0,2817101.0,2817297.0,2817488.0,2817698.0,2817872.0,2818021.0,2818178.0,2818400.0,2818599.0,2818797.0,2818967.0,2819144.0,2819370.0,2819593.0,2819776.0,2819979.0,2820185.0,2820391.0,2820578.0,2820804.0,2820985.0,2821165.0,2821379.0,2821516.0,2821686.0,2821828.0,2822010.0,2822177.0,2822366.0,2822564.0,2822727.0,2822869.0,2823080.0,2823243.0,2823446.0,,,,,,,,,2825152.0,2825342.0,2825518.0,2825700.0,2825873.0,2826044.0,2826197.0,2826375.0,2826585.0,2826743.0,2826934.0,2827068.0,2827278.0,2827461.0,2827605.0,2827828.0,2828024.0,2828225.0,2828444.0,2828703.0,2828875.0,2829094.0,2829315.0,2829522.0,2829758.0,2829935.0,2830124.0,2830324.0,2830529.0,2830720.0,2830873.0,2831065.0,2831262.0,2831495.0,2831675.0,2831859.0,2832044.0,2832206.0,2832376.0,2832581.0,2832777.0,2832984.0,2833175.0,2833341.0,2833531.0,2833683.0,2833878.0,2834042.0,2834166.0,2834410.0,2834567.0,2834787.0,2834955.0,2835134.0,2835278.0,2835460.0,2835601.0,2835782.0,2835906.0,2836103.0,2836311.0,2836475.0,2836658.0,2836826.0,2837003.0,2837149.0,2837348.0,2837554.0,2837706.0,2837857.0,2838017.0,2838209
j3Fno9CUbuE,1195.0,1195.0,1195.0,1195.0,1195.0,1195.0,1195.0,1195.0,1195.0,1195.0,1195.0,1195.0,1195.0,1195.0,1195.0,1195.0,1195.0,1195.0,1195.0,1196.0,1196.0,1196.0,1196.0,1196.0,1196.0,1196.0,1196.0,1196.0,1196.0,1196.0,1196.0,1196.0,1196.0,1196.0,1196.0,1196.0,1196.0,1196.0,1196.0,1196.0,1196.0,1196.0,1196.0,1196.0,1196.0,1196.0,1196.0,1196.0,1196.0,1196.0,1196.0,1196.0,1196.0,1196.0,1196.0,1196.0,1196.0,1196.0,1196.0,1196.0,1196.0,1196.0,1196.0,1196.0,1196.0,1196.0,1196.0,1196.0,1196.0,1196.0,1196.0,1196.0,1196.0,1196.0,1196.0,1196.0,1196.0,1196.0,1196.0,1196.0,1196.0,1196.0,1196.0,1196.0,1196.0,1196.0,1196.0,1196.0,1196.0,1196.0,1196.0,1197.0,1197.0,1197.0,1199.0,1199.0,1200.0,1200.0,1200.0,1200.0,1200.0,1200.0,1201.0,1201.0,1201.0,1201.0,1201.0,1203.0,1203.0,1203.0,1203.0,1203.0,1204.0,1204.0,1204.0,1204.0,1204.0,1204.0,1204.0,1204.0,1204.0,1205.0,1205.0,1206.0,1206.0,1206.0,1206.0,1206.0,1208.0,1208.0,1208.0,1208.0,1208.0,1208.0,,,,,,,,,1212.0,1212.0,1212.0,1212.0,1212.0,1212.0,1212.0,1212.0,1212.0,1212.0,1212.0,1212.0,1212.0,1212.0,1212.0,1212.0,1212.0,1212.0,1213.0,1213.0,1213.0,1213.0,1213.0,1215.0,1215.0,1215.0,1215.0,1215.0,1216.0,1216.0,1216.0,1216.0,1217.0,1217.0,1217.0,1217.0,1217.0,1217.0,1217.0,1217.0,1217.0,1217.0,1217.0,1217.0,1217.0,1217.0,1217.0,1217.0,1217.0,1217.0,1217.0,1217.0,1217.0,1217.0,1217.0,1217.0,1217.0,1217.0,1217.0,1217.0,1217.0,1217.0,1217.0,1217.0,1217.0,1217.0,1218.0,1217.0,1217.0,1217.0,1217.0,1217
bO4JzTtZQkg,140783.0,140785.0,140791.0,140801.0,140810.0,140826.0,140837.0,140854.0,140864.0,140872.0,140885.0,140895.0,140908.0,140925.0,140943.0,140952.0,140961.0,140974.0,140986.0,140992.0,141003.0,141011.0,141020.0,141039.0,141054.0,141064.0,141069.0,141097.0,141113.0,141130.0,141137.0,141151.0,141174.0,141183.0,141196.0,141207.0,141214.0,141234.0,141245.0,141255.0,141267.0,141273.0,141283.0,141289.0,141295.0,141302.0,141312.0,141323.0,141340.0,141347.0,141360.0,141370.0,141381.0,141402.0,141409.0,141418.0,141429.0,141437.0,141449.0,141453.0,141458.0,141465.0,141477.0,141487.0,141492.0,141499.0,141512.0,141517.0,141527.0,141539.0,141560.0,141574.0,141586.0,141598.0,141604.0,141614.0,141623.0,141634.0,141647.0,141656.0,141666.0,141671.0,141686.0,141701.0,141712.0,141721.0,141731.0,141742.0,141751.0,141756.0,141768.0,141779.0,141787.0,141794.0,141805.0,141819.0,141830.0,141840.0,141848.0,141853.0,141862.0,141869.0,141876.0,141883.0,141890.0,141899.0,141912.0,141927.0,141938.0,141948.0,141958.0,141960.0,141966.0,141976.0,141982.0,141993.0,141999.0,142010.0,142025.0,142035.0,142053.0,142064.0,142071.0,142083.0,142091.0,142097.0,142108.0,142117.0,142122.0,142130.0,142144.0,142151.0,142159.0,142168.0,,,,,,,,,142217.0,142224.0,142236.0,142240.0,142248.0,142254.0,142257.0,142260.0,142265.0,142271.0,142276.0,142276.0,142289.0,142303.0,142313.0,142317.0,142330.0,142344.0,142351.0,142354.0,142361.0,142366.0,142370.0,142381.0,142387.0,142397.0,142405.0,142412.0,142417.0,142425.0,142438.0,142447.0,142454.0,142462.0,142479.0,142488.0,142499.0,142505.0,142516.0,142523.0,142534.0,142546.0,142556.0,142562.0,142569.0,142584.0,142591.0,142600.0,142607.0,142615.0,142622.0,142630.0,142635.0,142644.0,142655.0,142658.0,142665.0,142676.0,142680.0,142691.0,142694.0,142699.0,142706.0,142713.0,142722.0,142729.0,142743.0,142757.0,142773.0,142778.0,142787.0,142790
g5DuTJhKiGc,11063.0,11075.0,11081.0,11090.0,11097.0,11109.0,11118.0,11126.0,11138.0,11151.0,11155.0,11164.0,11177.0,11187.0,11194.0,11203.0,11210.0,11216.0,11227.0,11247.0,11258.0,11267.0,11273.0,11285.0,11294.0,11314.0,11323.0,11340.0,11358.0,11373.0,11388.0,11395.0,11401.0,11411.0,11420.0,11434.0,11448.0,11466.0,11473.0,11483.0,11500.0,11525.0,11543.0,11556.0,11568.0,11576.0,11597.0,11610.0,11625.0,11643.0,11656.0,11678.0,11697.0,11721.0,11744.0,11772.0,11804.0,11834.0,11846.0,11863.0,11884.0,11905.0,11932.0,11952.0,11972.0,11986.0,12000.0,12028.0,12044.0,12089.0,12151.0,12173.0,12198.0,12225.0,12206.0,12251.0,12290.0,12333.0,12349.0,12376.0,12401.0,12424.0,12452.0,12471.0,12486.0,12499.0,12509.0,12530.0,12540.0,12557.0,12579.0,12599.0,12607.0,12614.0,12625.0,12643.0,12653.0,12671.0,12691.0,12704.0,12715.0,12727.0,12739.0,12758.0,12775.0,12788.0,12800.0,12828.0,12840.0,12858.0,12885.0,12902.0,12926.0,12947.0,12962.0,12969.0,12980.0,12996.0,13023.0,13041.0,13064.0,13076.0,13085.0,13098.0,13116.0,13144.0,13161.0,13189.0,13198.0,13206.0,13228.0,13235.0,13259.0,13272.0,,,,,,,,,13404.0,13416.0,13429.0,13442.0,13461.0,13478.0,13494.0,13503.0,13526.0,13540.0,13562.0,13591.0,13621.0,13637.0,13649.0,13663.0,13681.0,13689.0,13701.0,13714.0,13733.0,13740.0,13749.0,13762.0,13778.0,13795.0,13811.0,13829.0,13837.0,13842.0,13856.0,13871.0,13883.0,13892.0,13903.0,13904.0,13913.0,13923.0,13937.0,13951.0,13962.0,13973.0,13981.0,13987.0,14001.0,14014.0,14025.0,14040.0,14050.0,14059.0,14069.0,14078.0,14084.0,14090.0,14100.0,14108.0,14117.0,14119.0,14127.0,14136.0,14143.0,14156.0,14187.0,14193.0,14219.0,14216.0,14216.0,14219.0,14216.0,14226.0,14236.0,14251
TTC0lXqJNos,345.0,345.0,345.0,345.0,346.0,346.0,346.0,346.0,346.0,346.0,347.0,347.0,347.0,347.0,347.0,348.0,349.0,350.0,350.0,351.0,351.0,351.0,352.0,352.0,352.0,352.0,352.0,352.0,352.0,352.0,352.0,352.0,352.0,352.0,352.0,352.0,352.0,352.0,352.0,352.0,352.0,352.0,352.0,352.0,352.0,354.0,354.0,354.0,354.0,355.0,355.0,355.0,355.0,355.0,355.0,355.0,355.0,356.0,356.0,356.0,356.0,356.0,356.0,356.0,356.0,356.0,356.0,356.0,356.0,356.0,356.0,357.0,357.0,357.0,357.0,357.0,357.0,358.0,358.0,358.0,358.0,358.0,358.0,358.0,358.0,359.0,359.0,360.0,360.0,360.0,360.0,360.0,361.0,361.0,361.0,361.0,361.0,361.0,361.0,361.0,361.0,361.0,361.0,361.0,362.0,362.0,362.0,362.0,362.0,362.0,362.0,362.0,362.0,362.0,362.0,362.0,362.0,362.0,362.0,362.0,362.0,363.0,363.0,363.0,363.0,363.0,363.0,363.0,363.0,363.0,363.0,364.0,364.0,365.0,,,,,,,,,367.0,367.0,367.0,367.0,369.0,369.0,369.0,369.0,369.0,369.0,369.0,369.0,369.0,370.0,370.0,370.0,370.0,370.0,370.0,370.0,370.0,370.0,370.0,370.0,371.0,371.0,371.0,371.0,371.0,371.0,371.0,371.0,371.0,371.0,371.0,371.0,371.0,371.0,371.0,371.0,371.0,371.0,371.0,371.0,371.0,371.0,371.0,371.0,371.0,371.0,371.0,371.0,371.0,371.0,371.0,371.0,371.0,371.0,371.0,371.0,372.0,372.0,372.0,372.0,372.0,372.0,372.0,372.0,372.0,372.0,373.0,373
Hk_0CsrWiLQ,6501510.0,6504546.0,6507670.0,6510622.0,6514096.0,6517596.0,6520945.0,6524427.0,6528153.0,6531177.0,6534042.0,6537235.0,6540793.0,6544287.0,6547777.0,6551194.0,6554002.0,6556435.0,6559286.0,6562337.0,6565882.0,6569018.0,6572119.0,6574663.0,6577052.0,6579885.0,6582879.0,6585808.0,6588772.0,6592534.0,6595281.0,6597483.0,6600339.0,6603116.0,6606280.0,6609036.0,6611861.0,6614494.0,6616776.0,6619296.0,6621979.0,6624970.0,6627946.0,6631065.0,6633695.0,6635987.0,6638728.0,6641532.0,6644320.0,6647130.0,6650047.0,6652703.0,6654948.0,6657482.0,6660343.0,6663339.0,6666289.0,6669324.0,6671723.0,6673872.0,6676648.0,6679616.0,6682454.0,6685166.0,6687983.0,6690658.0,6693054.0,6695826.0,6697977.0,6701356.0,6704116.0,6706660.0,6709104.0,6711345.0,6713854.0,6716513.0,6719192.0,6721935.0,6724844.0,6727252.0,6729202.0,6732043.0,6734872.0,6737745.0,6740606.0,6743557.0,6746094.0,6748530.0,6751449.0,6754666.0,6757591.0,6760405.0,6763276.0,6765680.0,6767843.0,6770636.0,6773459.0,6776144.0,6779408.0,6782710.0,6785241.0,6787638.0,6790478.0,6793518.0,6796511.0,6799778.0,6803241.0,6806085.0,6808806.0,6811935.0,6815174.0,6818548.0,6821769.0,6825070.0,6828563.0,6831719.0,6835289.0,6839077.0,6842982.0,6846756.0,6850035.0,6853088.0,6855875.0,6858903.0,6861830.0,6865105.0,6868191.0,6871420.0,6874388.0,6876917.0,6880171.0,6883839.0,6887712.0,6891193.0,,,,,,,,,6928921.0,6932840.0,6937559.0,6944666.0,6951198.0,6957836.0,6963930.0,6968823.0,6972859.0,6976971.0,6981071.0,6985048.0,6989139.0,6993345.0,6996851.0,6999886.0,7003408.0,7007747.0,7013601.0,7018590.0,7022901.0,7026804.0,7030145.0,7034012.0,7038013.0,7041733.0,7045536.0,7049472.0,7052885.0,7055790.0,7059534.0,7063259.0,7066969.0,7070213.0,7073367.0,7076221.0,7078727.0,7081669.0,7084991.0,7088035.0,7091431.0,7094882.0,7097891.0,7100504.0,7103961.0,7107600.0,7111181.0,7114679.0,7118106.0,7120851.0,7123369.0,7126278.0,7129468.0,7132553.0,7135400.0,7138680.0,7141172.0,7143359.0,7146314.0,7149225.0,7152157.0,7154168.0,7156679.0,7158898.0,7161015.0,7163445.0,7166266.0,7169177.0,7171385.0,7173920.0,7176166.0,7178168
4KxEP0DQRpc,1798028.0,1799114.0,1800728.0,1801725.0,1802806.0,1804011.0,1805170.0,1806449.0,1807599.0,1808648.0,1809741.0,1810918.0,1812309.0,1813612.0,1815231.0,1816877.0,1818173.0,1819473.0,1820892.0,1822606.0,1824207.0,1825418.0,1827110.0,1828691.0,1829784.0,1830927.0,1832191.0,1833365.0,1834500.0,1836506.0,1838138.0,1839563.0,1841904.0,1844067.0,1846949.0,1849092.0,1851133.0,1853062.0,1854321.0,1856279.0,1857659.0,1859377.0,1860869.0,1862499.0,1863894.0,1864820.0,1866101.0,1867344.0,1868445.0,1869659.0,1870745.0,1871722.0,1872529.0,1873452.0,1874417.0,1875318.0,1876263.0,1877267.0,1878256.0,1878980.0,1879964.0,1880833.0,1881799.0,1882695.0,1883635.0,1884537.0,1885235.0,1886100.0,1886824.0,1887983.0,1888960.0,1889860.0,1890708.0,1891460.0,1892160.0,1893060.0,1893992.0,1895117.0,1896260.0,1897278.0,1897909.0,1898803.0,1899572.0,1900554.0,1901465.0,1902355.0,1903248.0,1903999.0,1905014.0,1905933.0,1906798.0,1907544.0,1908547.0,1909515.0,1910284.0,1911234.0,1912112.0,1913074.0,1914072.0,1915011.0,1916089.0,1916998.0,1918038.0,1918988.0,1919962.0,1921002.0,1922280.0,1923393.0,1924356.0,1925495.0,1926570.0,1927680.0,1928947.0,1930085.0,1931165.0,1931850.0,1932940.0,1933930.0,1934991.0,1936178.0,1937079.0,1937982.0,1938895.0,1939617.0,1940565.0,1941995.0,1943781.0,1945577.0,1947109.0,1948577.0,1950434.0,1952036.0,1953646.0,1955196.0,,,,,,,,,1980106.0,1982166.0,1984366.0,1986127.0,1989489.0,1993006.0,1995888.0,1998561.0,2001516.0,2004246.0,2006806.0,2009639.0,2012539.0,2015371.0,2017975.0,2020225.0,2023249.0,2026509.0,2029192.0,2031267.0,2032855.0,2034524.0,2036004.0,2037649.0,2039228.0,2040762.0,2042388.0,2044383.0,2045977.0,2047577.0,2049337.0,2051168.0,2052986.0,2054593.0,2056568.0,2058100.0,2059498.0,2060965.0,2062516.0,2063915.0,2065167.0,2066774.0,2068026.0,2069096.0,2070443.0,2071668.0,2072860.0,2074196.0,2075579.0,2076670.0,2077677.0,2078850.0,2079908.0,2081030.0,2082117.0,2083346.0,2084347.0,2085264.0,2086424.0,2087633.0,2088862.0,2089660.0,2090677.0,2091720.0,2092631.0,2093784.0,2095050.0,2096253.0,2097046.0,2098121.0,2099041.0,2099917
NW8QsqKUBeU,707274.0,707369.0,707492.0,707594.0,707722.0,707847.0,708015.0,708135.0,708272.0,708381.0,708475.0,708633.0,708771.0,708893.0,709007.0,709119.0,709265.0,709394.0,709528.0,709690.0,709942.0,710207.0,710580.0,710783.0,710932.0,711137.0,711353.0,711524.0,711687.0,711861.0,711980.0,712088.0,712211.0,712364.0,712503.0,712665.0,712793.0,712933.0,713049.0,713177.0,713335.0,713496.0,713642.0,713802.0,713877.0,713994.0,714113.0,714267.0,714373.0,714491.0,714672.0,714795.0,714900.0,715007.0,715125.0,715272.0,715467.0,715645.0,715763.0,715892.0,716097.0,716417.0,716744.0,717028.0,717274.0,717495.0,717665.0,717838.0,718065.0,718335.0,718655.0,719049.0,719233.0,719386.0,719547.0,719727.0,719916.0,720058.0,720230.0,720370.0,720505.0,720649.0,720850.0,721012.0,721164.0,721336.0,721449.0,721544.0,721696.0,721819.0,721958.0,722108.0,722282.0,722393.0,722499.0,722643.0,722790.0,722924.0,723043.0,723183.0,723290.0,723428.0,723556.0,723656.0,723770.0,723892.0,724010.0,724099.0,724199.0,724333.0,724449.0,724567.0,724692.0,724805.0,724905.0,725020.0,725142.0,725276.0,725416.0,725534.0,725680.0,725828.0,725934.0,726058.0,726181.0,726335.0,726466.0,726616.0,726721.0,726827.0,726924.0,727076.0,727211.0,727348.0,,,,,,,,,728700.0,728845.0,728988.0,729102.0,729206.0,729354.0,729469.0,729555.0,729673.0,729795.0,729918.0,730030.0,730147.0,730283.0,730358.0,730461.0,730573.0,730700.0,730808.0,730939.0,731058.0,731170.0,731285.0,731418.0,731536.0,731643.0,731784.0,731922.0,732034.0,732168.0,732308.0,732462.0,732627.0,732771.0,732893.0,733031.0,733117.0,733252.0,733373.0,733470.0,733609.0,733736.0,733828.0,733942.0,734074.0,734209.0,734352.0,734469.0,734571.0,734655.0,734747.0,734853.0,734958.0,735052.0,735167.0,735265.0,735374.0,735470.0,735579.0,735691.0,735805.0,735894.0,735986.0,736071.0,736140.0,736240.0,736333.0,736424.0,736481.0,736573.0,736625.0,736695
ciunYO70S-8,182537.0,182544.0,182558.0,182566.0,182578.0,182590.0,182602.0,182611.0,182618.0,182631.0,182640.0,182646.0,182651.0,182658.0,182668.0,182674.0,182686.0,182702.0,182709.0,182714.0,182726.0,182734.0,182741.0,182756.0,182763.0,182775.0,182789.0,182802.0,182810.0,182818.0,182828.0,182838.0,182845.0,182855.0,182862.0,182874.0,182881.0,182890.0,182898.0,182905.0,182914.0,182920.0,182926.0,182931.0,182942.0,182954.0,182961.0,182967.0,182978.0,182984.0,183000.0,183014.0,183019.0,183026.0,183035.0,183045.0,183052.0,183059.0,183066.0,183079.0,183084.0,183094.0,183102.0,183110.0,183115.0,183124.0,183129.0,183143.0,183148.0,183153.0,183166.0,183172.0,183178.0,183182.0,183191.0,183202.0,183206.0,183211.0,183215.0,183222.0,183235.0,183240.0,183244.0,183245.0,183251.0,183254.0,183258.0,183265.0,183279.0,183290.0,183298.0,183309.0,183317.0,183326.0,183333.0,183340.0,183345.0,183353.0,183361.0,183370.0,183377.0,183387.0,183400.0,183408.0,183417.0,183430.0,183440.0,183454.0,183469.0,183476.0,183488.0,183501.0,183512.0,183518.0,183522.0,183533.0,183540.0,183551.0,183559.0,183565.0,183573.0,183582.0,183588.0,183594.0,183599.0,183603.0,183615.0,183622.0,183631.0,183637.0,183645.0,183651.0,183657.0,183666.0,,,,,,,,,183721.0,183728.0,183738.0,183745.0,183750.0,183755.0,183763.0,183768.0,183774.0,183782.0,183788.0,183791.0,183793.0,183798.0,183807.0,183811.0,183815.0,183820.0,183822.0,183831.0,183837.0,183841.0,183848.0,183850.0,183852.0,183857.0,183866.0,183868.0,183868.0,183872.0,183881.0,183882.0,183887.0,183892.0,183901.0,183906.0,183915.0,183923.0,183925.0,183927.0,183934.0,183940.0,183946.0,183948.0,183952.0,183955.0,183964.0,183972.0,183982.0,183991.0,183995.0,184001.0,184006.0,184011.0,184015.0,184019.0,184024.0,184026.0,184030.0,184038.0,184057.0,184066.0,184074.0,184084.0,184096.0,184102.0,184109.0,184117.0,184125.0,184136.0,184144.0,184151
QT1yTjt9L8w,75406.0,75406.0,75410.0,75410.0,75411.0,75412.0,75412.0,75413.0,75415.0,75415.0,75415.0,75416.0,75416.0,75417.0,75418.0,75420.0,75420.0,75420.0,75420.0,75421.0,75421.0,75421.0,75422.0,75422.0,75422.0,75422.0,75423.0,75425.0,75425.0,75425.0,75427.0,75428.0,75430.0,75430.0,75431.0,75434.0,75436.0,75436.0,75437.0,75437.0,75438.0,75438.0,75439.0,75441.0,75441.0,75443.0,75443.0,75447.0,75450.0,75450.0,75451.0,75451.0,75452.0,75452.0,75452.0,75453.0,75453.0,75455.0,75457.0,75457.0,75457.0,75459.0,75460.0,75460.0,75460.0,75460.0,75460.0,75460.0,75460.0,75461.0,75463.0,75465.0,75465.0,75465.0,75467.0,75470.0,75472.0,75473.0,75475.0,75476.0,75477.0,75479.0,75483.0,75483.0,75483.0,75485.0,75487.0,75489.0,75492.0,75493.0,75493.0,75493.0,75494.0,75495.0,75495.0,75496.0,75496.0,75498.0,75499.0,75500.0,75500.0,75502.0,75502.0,75504.0,75505.0,75506.0,75508.0,75508.0,75508.0,75508.0,75510.0,75511.0,75514.0,75515.0,75515.0,75518.0,75522.0,75522.0,75522.0,75523.0,75524.0,75525.0,75527.0,75527.0,75527.0,75527.0,75527.0,75527.0,75529.0,75529.0,75532.0,75534.0,75535.0,75536.0,,,,,,,,,75542.0,75543.0,75545.0,75546.0,75547.0,75550.0,75551.0,75553.0,75554.0,75553.0,75555.0,75555.0,75558.0,75559.0,75559.0,75558.0,75561.0,75561.0,75562.0,75560.0,75561.0,75561.0,75562.0,75563.0,75563.0,75564.0,75565.0,75567.0,75567.0,75569.0,75569.0,75569.0,75570.0,75571.0,75571.0,75571.0,75575.0,75576.0,75577.0,75577.0,75579.0,75580.0,75580.0,75582.0,75582.0,75583.0,75583.0,75586.0,75586.0,75587.0,75588.0,75591.0,75593.0,75594.0,75595.0,75596.0,75600.0,75602.0,75602.0,75603.0,75603.0,75603.0,75603.0,75603.0,75603.0,75605.0,75605.0,75605.0,75606.0,75607.0,75607.0,75608
9jemom9PivI,,,,,,,,,,,,,,,,,,,,,,,,,,,,,,,,,,,,,,,,,,,,,,,,,,,,,,,,,,,,,,,,,,,,,,,,,,,,,,,,,,,,,,,,,,,,,,,,,,,,,,,,,,,,,,,,,,,,,,,,,,,,,,,,,,,,,,,,,,,,,,,,,,,,,,,,,,,,,,,,,,,,,,,,,,,,,,,,,,,,,,,,,,,,,,,,,,,,,,,,,,,,,,,,,,,,,,
McJg1qQOlJk,10393.0,10408.0,10424.0,10459.0,10490.0,10515.0,10548.0,10585.0,10620.0,10637.0,10657.0,10689.0,10729.0,10755.0,10800.0,10845.0,10884.0,10918.0,10949.0,10977.0,11007.0,11040.0,11084.0,11109.0,11142.0,11165.0,11209.0,11229.0,11253.0,11281.0,11312.0,11354.0,11381.0,11395.0,11414.0,11431.0,11460.0,11477.0,11493.0,11514.0,11530.0,11553.0,11575.0,11585.0,11606.0,11626.0,11643.0,11667.0,11699.0,11727.0,11763.0,11786.0,11809.0,11830.0,11856.0,11881.0,11901.0,11935.0,11966.0,11988.0,12011.0,12035.0,12066.0,12090.0,12109.0,12137.0,12145.0,12172.0,12196.0,12228.0,12263.0,12284.0,12301.0,12313.0,12337.0,12360.0,12392.0,12409.0,12435.0,12451.0,12474.0,12489.0,12510.0,12537.0,12548.0,12562.0,12576.0,12588.0,12610.0,12630.0,12646.0,12670.0,12696.0,12716.0,12734.0,12750.0,12759.0,12776.0,12793.0,12805.0,12817.0,12845.0,12859.0,12886.0,12903.0,12916.0,12934.0,12950.0,12967.0,12984.0,13006.0,13032.0,13042.0,13059.0,13072.0,13093.0,13112.0,13128.0,13148.0,13172.0,13191.0,13217.0,13243.0,13265.0,13300.0,13319.0,13345.0,13381.0,13399.0,13430.0,13448.0,13466.0,13484.0,13499.0,,,,,,,,,13788.0,13806.0,13824.0,13837.0,13864.0,13899.0,13935.0,13977.0,14027.0,14059.0,14096.0,14119.0,14171.0,14221.0,14256.0,14273.0,14308.0,14335.0,14361.0,14377.0,14395.0,14411.0,14419.0,14445.0,14470.0,14485.0,14512.0,14529.0,14546.0,14560.0,14576.0,14590.0,14610.0,14621.0,14637.0,14652.0,14672.0,14685.0,14704.0,14715.0,14749.0,14785.0,14804.0,14827.0,14844.0,14874.0,14896.0,14926.0,14948.0,14969.0,14983.0,15006.0,15024.0,15045.0,15075.0,15096.0,15116.0,15136.0,15153.0,15175.0,15195.0,15208.0,15217.0,15238.0,15248.0,15261.0,15275.0,15293.0,15296.0,15302.0,15312.0,15321
dbERt0YQPfQ,31333.0,31335.0,31343.0,31351.0,31355.0,31378.0,31388.0,31394.0,31402.0,31415.0,31430.0,31441.0,31449.0,31462.0,31473.0,31485.0,31495.0,31512.0,31521.0,31530.0,31541.0,31552.0,31562.0,31575.0,31581.0,31587.0,31604.0,31613.0,31626.0,31638.0,31650.0,31657.0,31668.0,31684.0,31696.0,31706.0,31711.0,31732.0,31745.0,31753.0,31764.0,31770.0,31782.0,31791.0,31796.0,31802.0,31811.0,31817.0,31821.0,31825.0,31835.0,31839.0,31844.0,31853.0,31856.0,31864.0,31864.0,31869.0,31873.0,31878.0,31882.0,31888.0,31900.0,31911.0,31916.0,31921.0,31927.0,31934.0,31941.0,31950.0,31957.0,31963.0,31970.0,31974.0,31977.0,31982.0,31990.0,31992.0,31997.0,32002.0,32005.0,32010.0,32013.0,32023.0,32029.0,32037.0,32042.0,32048.0,32053.0,32058.0,32062.0,32069.0,32077.0,32082.0,32087.0,32093.0,32095.0,32099.0,32100.0,32104.0,32109.0,32111.0,32112.0,32115.0,32124.0,32129.0,32130.0,32136.0,32140.0,32146.0,32150.0,32157.0,32160.0,32165.0,32174.0,32183.0,32194.0,32206.0,32216.0,32222.0,32228.0,32236.0,32251.0,32257.0,32266.0,32275.0,32284.0,32292.0,32298.0,32315.0,32324.0,32326.0,32334.0,32340.0,,,,,,,,,32409.0,32416.0,32424.0,32431.0,32438.0,32448.0,32456.0,32464.0,32476.0,32480.0,32498.0,32507.0,32518.0,32525.0,32534.0,32539.0,32550.0,32562.0,32571.0,32582.0,32587.0,32599.0,32608.0,32619.0,32631.0,32634.0,32636.0,32642.0,32645.0,32652.0,32657.0,32669.0,32671.0,32675.0,32677.0,32684.0,32689.0,32696.0,32700.0,32706.0,32710.0,32711.0,32720.0,32726.0,32735.0,32741.0,32746.0,32751.0,32758.0,32767.0,32771.0,32784.0,32794.0,32798.0,32800.0,32803.0,32810.0,32812.0,32824.0,32833.0,32835.0,32839.0,32845.0,32852.0,32859.0,32870.0,32873.0,32878.0,32885.0,32892.0,32901.0,32918
dFJqtgZwQzo,18054549.0,18054682.0,18054788.0,18054913.0,18055037.0,18055164.0,18055338.0,18055462.0,18055624.0,18055855.0,18056106.0,18056273.0,18056465.0,18056685.0,18056909.0,18057102.0,18057292.0,18057444.0,18057597.0,18057718.0,18057854.0,18058012.0,18058159.0,18058289.0,18058408.0,18058543.0,18058700.0,18058876.0,18059055.0,18059208.0,18059346.0,18059555.0,18059700.0,18059832.0,18060028.0,18060169.0,18060324.0,18060524.0,18060743.0,18061016.0,18061276.0,18061465.0,18061716.0,18062016.0,18062270.0,18062506.0,18062746.0,18062997.0,18063241.0,18063461.0,18063701.0,18064006.0,18064262.0,18064530.0,18064874.0,18065169.0,18065485.0,18065834.0,18066235.0,18066585.0,18066949.0,18067405.0,18067828.0,18068346.0,18068741.0,18069082.0,18069381.0,18069708.0,18070023.0,18070448.0,18070832.0,18071246.0,18071721.0,18072175.0,18072621.0,18073001.0,18073460.0,18073861.0,18074345.0,18074859.0,18075308.0,18075687.0,18076036.0,18076447.0,18076820.0,18077168.0,18077596.0,18077997.0,18078321.0,18078723.0,18079052.0,18079393.0,18080027.0,18080749.0,18081470.0,18082074.0,18082585.0,18083109.0,18083601.0,18083981.0,18084503.0,18085020.0,18085457.0,18085836.0,18086276.0,18086685.0,18087055.0,18087361.0,18087763.0,18088238.0,18088707.0,18089165.0,18089548.0,18090009.0,18090464.0,18090889.0,18091323.0,18091737.0,18092126.0,18092564.0,18093023.0,18093455.0,18093903.0,18094240.0,18094602.0,18094983.0,18095375.0,18095710.0,18096150.0,18096406.0,18096805.0,18097179.0,18097558.0,18097955.0,,,,,,,,,18102171.0,18102637.0,18103153.0,18103639.0,18104377.0,18105142.0,18105868.0,18106526.0,18107134.0,18107773.0,18108333.0,18108926.0,18109404.0,18109875.0,18110309.0,18110841.0,18111382.0,18111888.0,18112271.0,18112608.0,18112901.0,18113142.0,18113438.0,18113725.0,18114026.0,18114340.0,18114691.0,18115011.0,18115393.0,18115662.0,18115976.0,18116261.0,18116515.0,18116822.0,18117123.0,18117366.0,18117590.0,18117867.0,18118236.0,18118610.0,18118885.0,18119164.0,18119418.0,18119669.0,18119885.0,18120117.0,18120328.0,18120571.0,18120751.0,18121012.0,18121226.0,18121437.0,18121603.0,18121821.0,18122063.0,18122245.0,18122434.0,18122590.0,18122800.0,18123021.0,18123196.0,18123390.0,18123554.0,18123709.0,18123884.0,18124066.0,18124222.0,18124404.0,18124592.0,18124758.0,18124993.0,18125182
23Ln75qWiH4,25757.0,25761.0,25782.0,25787.0,25802.0,25812.0,25826.0,25836.0,25847.0,25860.0,25874.0,25882.0,25891.0,25908.0,25922.0,25934.0,25942.0,25953.0,25962.0,25970.0,25977.0,25982.0,25995.0,26005.0,26012.0,26020.0,26035.0,26039.0,26046.0,26055.0,26069.0,26077.0,26088.0,26094.0,26103.0,26116.0,26131.0,26139.0,26141.0,26154.0,26167.0,26185.0,26199.0,26210.0,26230.0,26237.0,26261.0,26271.0,26288.0,26300.0,26314.0,26330.0,26337.0,26351.0,26367.0,26376.0,26387.0,26401.0,26422.0,26437.0,26444.0,26459.0,26469.0,26482.0,26492.0,26509.0,26520.0,26528.0,26541.0,26560.0,26570.0,26589.0,26596.0,26605.0,26612.0,26622.0,26650.0,26679.0,26700.0,26721.0,26743.0,26753.0,26763.0,26767.0,26786.0,26798.0,26818.0,26833.0,26853.0,26867.0,26885.0,26912.0,26939.0,26954.0,26966.0,26981.0,26998.0,27011.0,27034.0,27051.0,27066.0,27074.0,27095.0,27106.0,27123.0,27139.0,27155.0,27172.0,27194.0,27212.0,27236.0,27249.0,27258.0,27270.0,27278.0,27289.0,27302.0,27316.0,27342.0,27367.0,27376.0,27391.0,27405.0,27415.0,27427.0,27435.0,27441.0,27465.0,27473.0,27483.0,27495.0,27514.0,27529.0,27548.0,,,,,,,,,27670.0,27683.0,27700.0,27711.0,27729.0,27748.0,27764.0,27779.0,27790.0,27804.0,27829.0,27836.0,27854.0,27867.0,27878.0,27889.0,27897.0,27911.0,27922.0,27930.0,27935.0,27944.0,27949.0,27955.0,27973.0,27987.0,28004.0,28019.0,28041.0,28054.0,28064.0,28076.0,28088.0,28103.0,28119.0,28125.0,28132.0,28140.0,28152.0,28163.0,28168.0,28171.0,28179.0,28184.0,28197.0,28211.0,28219.0,28227.0,28241.0,28251.0,28263.0,28275.0,28294.0,28307.0,28327.0,28339.0,28361.0,28370.0,28401.0,28417.0,28431.0,28440.0,28453.0,28465.0,28471.0,28493.0,28513.0,28543.0,28565.0,28580.0,28600.0,28616
HFxKVZdS1zQ,4382938.0,4383050.0,4383175.0,4383287.0,4383444.0,4383601.0,4383729.0,4383853.0,4383995.0,4384120.0,4384271.0,4384447.0,4384604.0,4384762.0,4384914.0,4385058.0,4385202.0,4385323.0,4385479.0,4385672.0,4385821.0,4386051.0,4386182.0,4386310.0,4386435.0,4386593.0,4386773.0,4386937.0,4387090.0,4387263.0,4387427.0,4387606.0,4387742.0,4387882.0,4388039.0,4388213.0,4388365.0,4388483.0,4388630.0,4388771.0,4388887.0,4389009.0,4389168.0,4389289.0,4389446.0,4389584.0,4389749.0,4389914.0,4390061.0,4390202.0,4390383.0,4390529.0,4390701.0,4390866.0,4391066.0,4391205.0,4391349.0,4391472.0,4391593.0,4391723.0,4391880.0,4392060.0,4392236.0,4392380.0,4392519.0,4392660.0,4392772.0,4392873.0,4392970.0,4393105.0,4393223.0,4393337.0,4393494.0,4393623.0,4393799.0,4393911.0,4394035.0,4394178.0,4394392.0,4394556.0,4394717.0,4394896.0,4395072.0,4395234.0,4395489.0,4395775.0,4396010.0,4396262.0,4396456.0,4396660.0,4396890.0,4397149.0,4397394.0,4397686.0,4397953.0,4398192.0,4398383.0,4398549.0,4398723.0,4398915.0,4399084.0,4399327.0,4399520.0,4399730.0,4399977.0,4400208.0,4400475.0,4400747.0,4400959.0,4401190.0,4401458.0,4401712.0,4401921.0,4402125.0,4402374.0,4402588.0,4402799.0,4403082.0,4403328.0,4403612.0,4403839.0,4404044.0,4404233.0,4404433.0,4404649.0,4404813.0,4405011.0,4405232.0,4405456.0,4405616.0,4405801.0,4405995.0,4406173.0,4406327.0,,,,,,,,,4407978.0,4408182.0,4408371.0,4408549.0,4408757.0,4408949.0,4409173.0,4409430.0,4409676.0,4409892.0,4410133.0,4410327.0,4410589.0,4410848.0,4411046.0,4411242.0,4411473.0,4411671.0,4411874.0,4412084.0,4412270.0,4412482.0,4412681.0,4412837.0,4413005.0,4413181.0,4413342.0,4413489.0,4413641.0,4413808.0,4413950.0,4414108.0,4414279.0,4414463.0,4414615.0,4414820.0,4414952.0,4415086.0,4415248.0,4415415.0,4415612.0,4415802.0,4415997.0,4416182.0,4416379.0,4416560.0,4416763.0,4416975.0,4417153.0,4417330.0,4417510.0,4417693.0,4417891.0,4418165.0,4418392.0,4418592.0,4418804.0,4418948.0,4419134.0,4419359.0,4419533.0,4419743.0,4419953.0,4420119.0,4420260.0,4420487.0,4420657.0,4420829.0,4421016.0,4421171.0,4421351.0,4421526
_5XYcvm2hpg,13863428.0,13863543.0,13863708.0,13863856.0,13864066.0,13864254.0,13864420.0,13864568.0,13864722.0,13864902.0,13865092.0,13865239.0,13865411.0,13865569.0,13865722.0,13865889.0,13866026.0,13866196.0,13866349.0,13866509.0,13866699.0,13866865.0,13867067.0,13867241.0,13867383.0,13867552.0,13867725.0,13867880.0,13868052.0,13868234.0,13868414.0,13868575.0,13868726.0,13868904.0,13869067.0,13869225.0,13869408.0,13869547.0,13869717.0,13869855.0,13870035.0,13870187.0,13870371.0,13870541.0,13870733.0,13870891.0,13871027.0,13871251.0,13871488.0,13871714.0,13871913.0,13872148.0,13872309.0,13872472.0,13872629.0,13872797.0,13872959.0,13873137.0,13873291.0,13873458.0,13873637.0,13873815.0,13873962.0,13874100.0,13874262.0,13874406.0,13874587.0,13874725.0,13874864.0,13875023.0,13875155.0,13875304.0,13875451.0,13875586.0,13875717.0,13875850.0,13876031.0,13876205.0,13876424.0,13876585.0,13876768.0,13876946.0,13877105.0,13877302.0,13877465.0,13877621.0,13877777.0,13877950.0,13878132.0,13878314.0,13878441.0,13878613.0,13878803.0,13878964.0,13879119.0,13879272.0,13879419.0,13879562.0,13879718.0,13879848.0,13880004.0,13880150.0,13880271.0,13880438.0,13880584.0,13880740.0,13880864.0,13881026.0,13881212.0,13881338.0,13881477.0,13881606.0,13881731.0,13881861.0,13882005.0,13882121.0,13882257.0,13882420.0,13882568.0,13882690.0,13882827.0,13882938.0,13883075.0,13883221.0,13883375.0,13883491.0,13883620.0,13883733.0,13883895.0,13884051.0,13884214.0,13884375.0,13884499.0,13884630.0,,,,,,,,,13885890.0,13886046.0,13886195.0,13886347.0,13886493.0,13886668.0,13886815.0,13887025.0,13887168.0,13887333.0,13887499.0,13887677.0,13887849.0,13887983.0,13888136.0,13888297.0,13888427.0,13888545.0,13888660.0,13888819.0,13888950.0,13889067.0,13889220.0,13889351.0,13889520.0,13889659.0,13889805.0,13889923.0,13890110.0,13890247.0,13890385.0,13890509.0,13890617.0,13890747.0,13890883.0,13891067.0,13891238.0,13891337.0,13891462.0,13891589.0,13891715.0,13891860.0,13891985.0,13892076.0,13892196.0,13892320.0,13892443.0,13892571.0,13892704.0,13892819.0,13892959.0,13893088.0,13893208.0,13893350.0,13893459.0,13893569.0,13893701.0,13893834.0,13893977.0,13894116.0,13894255.0,13894394.0,13894540.0,13894656.0,13894794.0,13894926.0,13895088.0,13895210.0,13895321.0,13895452.0,13895585.0,13895705
-zrE4Dq85tY,102770.0,102782.0,102797.0,102804.0,102821.0,102834.0,102848.0,102865.0,102879.0,102889.0,102903.0,102912.0,102926.0,102944.0,102954.0,102967.0,102978.0,102989.0,103000.0,103010.0,103022.0,103029.0,103047.0,103060.0,103069.0,103077.0,103094.0,103104.0,103115.0,103126.0,103137.0,103138.0,103146.0,103162.0,103178.0,103192.0,103208.0,103215.0,103223.0,103237.0,103252.0,103265.0,103284.0,103300.0,103308.0,103318.0,103331.0,103347.0,103365.0,103374.0,103391.0,103405.0,103415.0,103429.0,103436.0,103451.0,103467.0,103480.0,103489.0,103507.0,103517.0,103541.0,103558.0,103575.0,103595.0,103602.0,103608.0,103625.0,103636.0,103651.0,103667.0,103680.0,103686.0,103694.0,103713.0,103730.0,103742.0,103761.0,103780.0,103787.0,103799.0,103820.0,103832.0,103850.0,103878.0,103902.0,103914.0,103920.0,103937.0,103954.0,103971.0,103986.0,103998.0,104010.0,104015.0,104026.0,104037.0,104052.0,104070.0,104085.0,104093.0,104100.0,104119.0,104143.0,104161.0,104181.0,104198.0,104208.0,104213.0,104228.0,104248.0,104267.0,104280.0,104298.0,104303.0,104316.0,104331.0,104349.0,104357.0,104378.0,104383.0,104402.0,104408.0,104428.0,104442.0,104455.0,104464.0,104479.0,104491.0,104500.0,104513.0,104529.0,104552.0,104574.0,,,,,,,,,104681.0,104690.0,104704.0,104726.0,104745.0,104763.0,104780.0,104800.0,104820.0,104843.0,104860.0,104880.0,104886.0,104896.0,104909.0,104922.0,104937.0,104949.0,104964.0,104975.0,104987.0,104997.0,105005.0,105016.0,105029.0,105037.0,105046.0,105053.0,105065.0,105080.0,105091.0,105103.0,105113.0,105124.0,105137.0,105150.0,105161.0,105179.0,105192.0,105205.0,105220.0,105235.0,105239.0,105248.0,105265.0,105284.0,105308.0,105328.0,105345.0,105351.0,105360.0,105369.0,105385.0,105398.0,105410.0,105420.0,105425.0,105433.0,105440.0,105454.0,105471.0,105476.0,105486.0,105491.0,105498.0,105506.0,105517.0,105529.0,105544.0,105566.0,105569.0,105575
oB-War_KaAQ,257000.0,257000.0,257000.0,257000.0,257000.0,257000.0,257000.0,257000.0,257000.0,257000.0,257000.0,257000.0,257000.0,257000.0,257000.0,257000.0,257000.0,257000.0,257000.0,257000.0,257000.0,257000.0,257000.0,257000.0,257000.0,257000.0,257000.0,257000.0,257000.0,257000.0,257000.0,257000.0,257000.0,257000.0,257000.0,257000.0,257000.0,257000.0,257000.0,257000.0,257000.0,257000.0,257000.0,257000.0,257000.0,257000.0,257000.0,257000.0,257000.0,257000.0,257000.0,257000.0,257000.0,257000.0,257000.0,257000.0,257000.0,257000.0,257000.0,257000.0,257000.0,257000.0,257000.0,257000.0,257000.0,257000.0,257000.0,257000.0,257000.0,257000.0,257000.0,257000.0,257000.0,257000.0,257000.0,257000.0,257000.0,257000.0,257000.0,257000.0,257000.0,257000.0,257000.0,257000.0,257000.0,257000.0,257000.0,257000.0,257000.0,257000.0,257000.0,257000.0,257000.0,257000.0,257000.0,257000.0,257000.0,257000.0,257000.0,257000.0,257000.0,257000.0,257000.0,257000.0,257000.0,257000.0,257000.0,257000.0,257000.0,257000.0,257000.0,257000.0,257000.0,257000.0,257000.0,257000.0,257000.0,257000.0,257000.0,257000.0,257000.0,257000.0,257000.0,257000.0,257000.0,257000.0,257000.0,257000.0,257000.0,257000.0,257000.0,257000.0,257000.0,257000.0,,,,,,,,,257000.0,257000.0,257000.0,257000.0,257000.0,257000.0,257000.0,257000.0,257000.0,257000.0,257000.0,257000.0,257000.0,257000.0,257000.0,257000.0,257000.0,257000.0,257000.0,257000.0,257000.0,257000.0,257000.0,257000.0,257000.0,257000.0,257000.0,257000.0,257000.0,257000.0,257000.0,257000.0,257000.0,257000.0,257000.0,257000.0,257000.0,257000.0,257000.0,257000.0,257000.0,257000.0,257000.0,257000.0,257000.0,257000.0,257000.0,257000.0,257000.0,257000.0,257000.0,257000.0,257000.0,257000.0,257000.0,257000.0,257000.0,257000.0,257000.0,257000.0,257000.0,257000.0,257000.0,257000.0,257000.0,257000.0,257000.0,257000.0,257000.0,257000.0,257000.0,257000
uVIQiuLtu1g,75045.0,75136.0,75206.0,75266.0,75328.0,75401.0,75464.0,75554.0,75625.0,75700.0,75747.0,75804.0,75873.0,75947.0,76000.0,76054.0,76091.0,76142.0,76208.0,76268.0,76325.0,76384.0,76441.0,76492.0,76537.0,76579.0,76626.0,76676.0,76728.0,76770.0,76815.0,76863.0,76896.0,76961.0,77008.0,77064.0,77108.0,77160.0,77206.0,77248.0,77297.0,77351.0,77411.0,77467.0,77514.0,77557.0,77613.0,77657.0,77715.0,77755.0,77794.0,77889.0,77932.0,77968.0,78015.0,78074.0,78128.0,78165.0,78210.0,78254.0,78303.0,78355.0,78402.0,78451.0,78498.0,78559.0,78605.0,78666.0,78710.0,78835.0,78834.0,78882.0,78933.0,78980.0,79046.0,79091.0,79140.0,79206.0,79253.0,79289.0,79335.0,79392.0,79441.0,79481.0,79539.0,79600.0,79656.0,79718.0,79767.0,79811.0,79888.0,79937.0,79994.0,80062.0,80112.0,80159.0,80198.0,80237.0,80274.0,80317.0,80359.0,80402.0,80459.0,80511.0,80567.0,80609.0,80661.0,80719.0,80763.0,80818.0,80869.0,80912.0,80968.0,81013.0,81060.0,81123.0,81187.0,81243.0,81298.0,81347.0,81403.0,81437.0,81488.0,81527.0,81573.0,81623.0,81665.0,81708.0,81765.0,81822.0,81877.0,81917.0,81968.0,82006.0,,,,,,,,,82490.0,82540.0,82582.0,82633.0,82670.0,82722.0,82769.0,82831.0,82898.0,82950.0,82994.0,83048.0,83096.0,83145.0,83201.0,83239.0,83277.0,83319.0,83383.0,83432.0,83461.0,83504.0,83540.0,83577.0,83615.0,83641.0,83674.0,83708.0,83746.0,83783.0,83837.0,83906.0,83949.0,83997.0,84033.0,84063.0,84107.0,84156.0,84210.0,84245.0,84304.0,84349.0,84393.0,84438.0,84491.0,84528.0,84572.0,84607.0,84646.0,84678.0,84717.0,84763.0,84795.0,84857.0,84898.0,84947.0,84990.0,85032.0,85065.0,85107.0,85150.0,85180.0,85229.0,85274.0,85309.0,85368.0,85424.0,85477.0,85512.0,85558.0,85617.0,85663
-CyrJMGsMMw,8895.0,8896.0,8895.0,8896.0,8900.0,8901.0,8902.0,8902.0,8902.0,8903.0,8904.0,8904.0,8904.0,8905.0,8907.0,8908.0,8909.0,8911.0,8912.0,8916.0,8925.0,8929.0,8928.0,8928.0,8928.0,8928.0,8929.0,8933.0,8933.0,8936.0,8939.0,8941.0,8941.0,8943.0,8943.0,8944.0,8945.0,8946.0,8949.0,8950.0,8951.0,8952.0,8954.0,8955.0,8956.0,8957.0,8958.0,8958.0,8959.0,8960.0,8961.0,8962.0,8963.0,8963.0,8963.0,8963.0,8963.0,8963.0,8969.0,8969.0,8969.0,8969.0,8971.0,8972.0,8974.0,8975.0,8975.0,8975.0,8975.0,8976.0,8976.0,8976.0,8976.0,8978.0,8979.0,8979.0,8980.0,8982.0,8984.0,8987.0,8988.0,8988.0,8990.0,8991.0,8991.0,8993.0,8993.0,8994.0,8997.0,8997.0,8999.0,9000.0,9004.0,9006.0,9007.0,9011.0,9011.0,9016.0,9020.0,9023.0,9023.0,9026.0,9029.0,9031.0,9032.0,9033.0,9033.0,9033.0,9034.0,9034.0,9034.0,9034.0,9034.0,9039.0,9043.0,9045.0,9043.0,9042.0,9043.0,9043.0,9043.0,9044.0,9044.0,9044.0,9043.0,9044.0,9044.0,9047.0,9053.0,9062.0,9063.0,9067.0,9068.0,9070.0,,,,,,,,,9107.0,9113.0,9113.0,9115.0,9116.0,9117.0,9119.0,9120.0,9121.0,9123.0,9124.0,9128.0,9129.0,9131.0,9135.0,9134.0,9135.0,9137.0,9137.0,9138.0,9143.0,9143.0,9145.0,9146.0,9147.0,9149.0,9151.0,9154.0,9156.0,9158.0,9158.0,9158.0,9159.0,9160.0,9161.0,9162.0,9163.0,9163.0,9163.0,9163.0,9163.0,9163.0,9163.0,9164.0,9166.0,9167.0,9167.0,9167.0,9167.0,9168.0,9169.0,9172.0,9172.0,9172.0,9172.0,9173.0,9172.0,9172.0,9172.0,9172.0,9174.0,9174.0,9175.0,9176.0,9176.0,9178.0,9178.0,9178.0,9179.0,9179.0,9179.0,9180
oCUeF-yPCng,18802.0,18804.0,18810.0,18820.0,18826.0,18830.0,18831.0,18834.0,18837.0,18838.0,18840.0,18842.0,18841.0,18841.0,18846.0,18852.0,18853.0,18853.0,18854.0,18858.0,18860.0,18862.0,18865.0,18865.0,18867.0,18870.0,18875.0,18877.0,18878.0,18880.0,18882.0,18883.0,18884.0,18884.0,18885.0,18890.0,18895.0,18903.0,18903.0,18905.0,18906.0,18908.0,18912.0,18913.0,18915.0,18917.0,18918.0,18919.0,18920.0,18921.0,18922.0,18923.0,18927.0,18929.0,18932.0,18931.0,18932.0,18933.0,18935.0,18939.0,18940.0,18940.0,18946.0,18948.0,18953.0,18960.0,18961.0,18961.0,18965.0,18967.0,18970.0,18971.0,18972.0,18977.0,18980.0,18980.0,18982.0,18984.0,18984.0,18984.0,18985.0,18986.0,18988.0,18990.0,18990.0,18991.0,18994.0,18996.0,19000.0,19003.0,19003.0,19006.0,19009.0,19013.0,19015.0,19018.0,19018.0,19021.0,19021.0,19022.0,19027.0,19030.0,19031.0,19032.0,19039.0,19043.0,19043.0,19044.0,19046.0,19049.0,19049.0,19049.0,19050.0,19050.0,19052.0,19053.0,19055.0,19054.0,19057.0,19059.0,19059.0,19060.0,19060.0,19060.0,19063.0,19065.0,19065.0,19069.0,19069.0,19070.0,19070.0,19073.0,19073.0,19074.0,,,,,,,,,19136.0,19143.0,19152.0,19155.0,19156.0,19159.0,19161.0,19169.0,19171.0,19173.0,19177.0,19183.0,19183.0,19187.0,19187.0,19189.0,19191.0,19192.0,19200.0,19205.0,19212.0,19216.0,19223.0,19224.0,19226.0,19235.0,19239.0,19244.0,19247.0,19250.0,19253.0,19257.0,19262.0,19264.0,19264.0,19265.0,19269.0,19271.0,19272.0,19272.0,19272.0,19273.0,19273.0,19277.0,19283.0,19286.0,19293.0,19293.0,19295.0,19299.0,19302.0,19303.0,19308.0,19310.0,19315.0,19318.0,19322.0,19323.0,19325.0,19329.0,19330.0,19331.0,19335.0,19336.0,19338.0,19339.0,19340.0,19341.0,19345.0,19345.0,19346.0,19346
7Kgn3mmyr2M,1283808.0,1284051.0,1284271.0,1284547.0,1284792.0,1285071.0,1285468.0,1285854.0,1286186.0,1286513.0,1286846.0,1287218.0,1287526.0,1287854.0,1288139.0,1288536.0,1288822.0,1289063.0,1289281.0,1289530.0,1289810.0,1290052.0,1290318.0,1290632.0,1290831.0,1291053.0,1291320.0,1291569.0,1291799.0,1292023.0,1292262.0,1292520.0,1292766.0,1293027.0,1293304.0,1293539.0,1293835.0,1294107.0,1294343.0,1294607.0,1294840.0,1295065.0,1295285.0,1295498.0,1295744.0,1295976.0,1296245.0,1296471.0,1296714.0,1296941.0,1297181.0,1297437.0,1297685.0,1297910.0,1298181.0,1298417.0,1298629.0,1298821.0,1299023.0,1299253.0,1299464.0,1299722.0,1300024.0,1300276.0,1300494.0,1300707.0,1300943.0,1301115.0,1301307.0,1301526.0,1301762.0,1301986.0,1302228.0,1302445.0,1302644.0,1302823.0,1303038.0,1303268.0,1303443.0,1303686.0,1303894.0,1304135.0,1304326.0,1304536.0,1304749.0,1304954.0,1305144.0,1305332.0,1305526.0,1305721.0,1305933.0,1306115.0,1306336.0,1306556.0,1306770.0,1306968.0,1307179.0,1307371.0,1307556.0,1307752.0,1307933.0,1308150.0,1308377.0,1308560.0,1308751.0,1308917.0,1309127.0,1309328.0,1309526.0,1309731.0,1309925.0,1310083.0,1310333.0,1310525.0,1310808.0,1311070.0,1311284.0,1311573.0,1311756.0,1312085.0,1312456.0,1312742.0,1313100.0,1313389.0,1313660.0,1313909.0,1314188.0,1314454.0,1314685.0,1314926.0,1315170.0,1315396.0,1315640.0,1315869.0,,,,,,,,,1319206.0,1319823.0,1320182.0,1320481.0,1320765.0,1321043.0,1321337.0,1321702.0,1321980.0,1322155.0,1322341.0,1322548.0,1322742.0,1322959.0,1323158.0,1323373.0,1323571.0,1323758.0,1323944.0,1324130.0,1324279.0,1324480.0,1324659.0,1324839.0,1325001.0,1325191.0,1325395.0,1325617.0,1325797.0,1325983.0,1326189.0,1326350.0,1326557.0,1326731.0,1326930.0,1327132.0,1327312.0,1327453.0,1327641.0,1327798.0,1327987.0,1328182.0,1328364.0,1328532.0,1328765.0,1328922.0,1329100.0,1329288.0,1329443.0,1329614.0,1329780.0,1329896.0,1330092.0,1330299.0,1330466.0,1330667.0,1330900.0,1331095.0,1331280.0,1331486.0,1331657.0,1331816.0,1331991.0,1332156.0,1332316.0,1332512.0,1332690.0,1332906.0,1333041.0,1333233.0,1333387.0,1333567
wqeafrCOoxA,30920.0,30924.0,30925.0,30929.0,30934.0,30935.0,30943.0,30948.0,30954.0,30956.0,30957.0,30960.0,30962.0,30967.0,30975.0,30979.0,30980.0,30986.0,30994.0,31001.0,31004.0,31009.0,31013.0,31020.0,31024.0,31028.0,31034.0,31038.0,31047.0,31052.0,31052.0,31056.0,31061.0,31067.0,31075.0,31081.0,31084.0,31092.0,31096.0,31105.0,31111.0,31115.0,31124.0,31130.0,31139.0,31144.0,31151.0,31159.0,31164.0,31167.0,31173.0,31186.0,31190.0,31199.0,31206.0,31217.0,31223.0,31227.0,31229.0,31233.0,31235.0,31242.0,31247.0,31253.0,31257.0,31263.0,31270.0,31277.0,31281.0,31287.0,31291.0,31296.0,31303.0,31309.0,31312.0,31319.0,31322.0,31327.0,31337.0,31341.0,31348.0,31351.0,31354.0,31361.0,31363.0,31370.0,31372.0,31373.0,31373.0,31377.0,31387.0,31391.0,31399.0,31408.0,31415.0,31416.0,31417.0,31421.0,31425.0,31430.0,31436.0,31442.0,31447.0,31450.0,31457.0,31458.0,31461.0,31463.0,31468.0,31475.0,31480.0,31488.0,31491.0,31493.0,31498.0,31498.0,31501.0,31510.0,31515.0,31521.0,31526.0,31528.0,31531.0,31536.0,31542.0,31551.0,31553.0,31557.0,31561.0,31568.0,31572.0,31572.0,31576.0,31578.0,,,,,,,,,31617.0,31620.0,31622.0,31624.0,31630.0,31636.0,31640.0,31642.0,31647.0,31654.0,31657.0,31658.0,31662.0,31662.0,31669.0,31674.0,31680.0,31681.0,31685.0,31686.0,31688.0,31692.0,31695.0,31696.0,31699.0,31703.0,31711.0,31712.0,31714.0,31720.0,31723.0,31726.0,31730.0,31733.0,31734.0,31738.0,31740.0,31740.0,31744.0,31748.0,31751.0,31755.0,31758.0,31759.0,31765.0,31766.0,31768.0,31771.0,31772.0,31772.0,31774.0,31784.0,31787.0,31788.0,31790.0,31792.0,31800.0,31802.0,31805.0,31808.0,31810.0,31811.0,31814.0,31820.0,31829.0,31833.0,31837.0,31843.0,31847.0,31852.0,31856.0,31858
NHOnIrA-kUY,376884.0,376918.0,376942.0,376978.0,377002.0,377043.0,377074.0,377101.0,377138.0,377172.0,377205.0,377234.0,377256.0,377281.0,377315.0,377359.0,377394.0,377415.0,377446.0,377458.0,377481.0,377508.0,377531.0,377555.0,377587.0,377604.0,377646.0,377666.0,377705.0,377738.0,377781.0,377813.0,377826.0,377855.0,377882.0,377925.0,377949.0,377973.0,378003.0,378030.0,378055.0,378082.0,378106.0,378131.0,378151.0,378176.0,378202.0,378225.0,378258.0,378281.0,378325.0,378453.0,378613.0,378711.0,378775.0,378831.0,378855.0,378885.0,378911.0,378954.0,378985.0,379005.0,379030.0,379050.0,379077.0,379099.0,379124.0,379157.0,379184.0,379227.0,379257.0,379288.0,379318.0,379353.0,379392.0,379427.0,379456.0,379490.0,379514.0,379533.0,379555.0,379584.0,379619.0,379638.0,379662.0,379686.0,379723.0,379751.0,379773.0,379796.0,379823.0,379842.0,379869.0,379888.0,379918.0,379951.0,379978.0,380001.0,380019.0,380043.0,380068.0,380096.0,380119.0,380131.0,380159.0,380193.0,380217.0,380240.0,380259.0,380289.0,380309.0,380336.0,380367.0,380388.0,380415.0,380441.0,380467.0,380482.0,380500.0,380523.0,380538.0,380568.0,380598.0,380622.0,380647.0,380665.0,380683.0,380714.0,380742.0,380763.0,380778.0,380802.0,380830.0,380857.0,,,,,,,,,381111.0,381137.0,381156.0,381182.0,381197.0,381235.0,381266.0,381299.0,381333.0,381362.0,381401.0,381427.0,381465.0,381501.0,381533.0,381567.0,381600.0,381630.0,381665.0,381694.0,381728.0,381763.0,381800.0,381829.0,381858.0,381891.0,381924.0,381952.0,381982.0,382009.0,382029.0,382057.0,382077.0,382103.0,382142.0,382173.0,382199.0,382223.0,382239.0,382265.0,382291.0,382323.0,382351.0,382369.0,382400.0,382422.0,382449.0,382460.0,382481.0,382503.0,382519.0,382541.0,382567.0,382596.0,382624.0,382664.0,382687.0,382702.0,382722.0,382736.0,382766.0,382791.0,382805.0,382823.0,382840.0,382864.0,382889.0,382900.0,382917.0,382939.0,382962.0,382981
8tGu1GJEMZk,10860149.0,10860228.0,10860329.0,10860418.0,10860530.0,10860674.0,10860800.0,10860934.0,10861125.0,10861311.0,10861482.0,10861627.0,10861772.0,10861913.0,10862016.0,10862138.0,10862264.0,10862382.0,10862518.0,10862616.0,10862737.0,10862852.0,10862974.0,10863089.0,10863204.0,10863316.0,10863450.0,10863578.0,10863668.0,10863800.0,10863917.0,10864002.0,10864109.0,10864205.0,10864319.0,10864450.0,10864561.0,10864669.0,10864782.0,10864896.0,10865024.0,10865129.0,10865246.0,10865346.0,10865489.0,10865577.0,10865690.0,10865813.0,10865928.0,10866029.0,10866191.0,10866342.0,10866454.0,10866593.0,10866723.0,10866848.0,10866956.0,10867067.0,10867200.0,10867294.0,10867382.0,10867516.0,10867641.0,10867735.0,10867858.0,10868008.0,10868117.0,10868239.0,10868399.0,10868547.0,10868693.0,10868827.0,10868953.0,10869073.0,10869192.0,10869320.0,10869453.0,10869607.0,10869749.0,10869873.0,10869986.0,10870100.0,10870228.0,10870351.0,10870463.0,10870584.0,10870695.0,10870798.0,10870921.0,10871028.0,10871131.0,10871253.0,10871376.0,10871489.0,10871601.0,10871721.0,10871839.0,10871943.0,10872051.0,10872140.0,10872246.0,10872372.0,10872454.0,10872564.0,10872654.0,10872752.0,10872854.0,10872949.0,10873041.0,10873110.0,10873185.0,10873269.0,10873370.0,10873439.0,10873542.0,10873641.0,10873747.0,10873845.0,10873920.0,10873990.0,10874072.0,10874149.0,10874258.0,10874341.0,10874461.0,10874550.0,10874642.0,10874768.0,10874876.0,10874963.0,10875074.0,10875164.0,10875266.0,10875327.0,,,,,,,,,10876136.0,10876229.0,10876330.0,10876453.0,10876554.0,10876652.0,10876773.0,10876871.0,10877000.0,10877079.0,10877174.0,10877261.0,10877348.0,10877439.0,10877529.0,10877634.0,10877709.0,10877787.0,10877888.0,10877989.0,10878075.0,10878164.0,10878235.0,10878309.0,10878399.0,10878515.0,10878587.0,10878672.0,10878767.0,10878865.0,10878962.0,10879031.0,10879129.0,10879209.0,10879332.0,10879403.0,10879483.0,10879556.0,10879656.0,10879737.0,10879822.0,10879918.0,10879992.0,10880058.0,10880137.0,10880219.0,10880293.0,10880358.0,10880436.0,10880510.0,10880575.0,10880639.0,10880701.0,10880774.0,10880856.0,10880917.0,10880979.0,10881063.0,10881141.0,10881207.0,10881266.0,10881330.0,10881384.0,10881459.0,10881515.0,10881586.0,10881680.0,10881766.0,10881853.0,10881915.0,10881996.0,10882067
H4zNwDDhcAE,20723.0,20727.0,20729.0,20732.0,20733.0,20738.0,20743.0,20749.0,20752.0,20758.0,20770.0,20772.0,20774.0,20779.0,20784.0,20789.0,20792.0,20798.0,20803.0,20804.0,20810.0,20814.0,20820.0,20827.0,20831.0,20834.0,20841.0,20849.0,20856.0,20860.0,20865.0,20868.0,20870.0,20873.0,20876.0,20885.0,20889.0,20892.0,20899.0,20906.0,20916.0,20921.0,20927.0,20932.0,20937.0,20940.0,20945.0,20951.0,20953.0,20956.0,20964.0,20974.0,20980.0,20991.0,20999.0,21006.0,21015.0,21021.0,21025.0,21027.0,21033.0,21038.0,21043.0,21048.0,21049.0,21058.0,21064.0,21075.0,21079.0,21081.0,21091.0,21094.0,21101.0,21107.0,21113.0,21116.0,21123.0,21133.0,21136.0,21142.0,21147.0,21154.0,21159.0,21165.0,21172.0,21173.0,21175.0,21185.0,21191.0,21195.0,21204.0,21210.0,21213.0,21221.0,21226.0,21232.0,21237.0,21242.0,21250.0,21253.0,21258.0,21264.0,21267.0,21275.0,21280.0,21284.0,21286.0,21292.0,21295.0,21300.0,21304.0,21307.0,21311.0,21315.0,21321.0,21323.0,21327.0,21332.0,21339.0,21346.0,21349.0,21355.0,21358.0,21360.0,21364.0,21372.0,21378.0,21382.0,21386.0,21391.0,21398.0,21401.0,21403.0,21406.0,,,,,,,,,21437.0,21440.0,21451.0,21455.0,21461.0,21467.0,21472.0,21474.0,21486.0,21490.0,21499.0,21503.0,21509.0,21510.0,21515.0,21523.0,21530.0,21537.0,21541.0,21548.0,21549.0,21555.0,21559.0,21560.0,21564.0,21566.0,21573.0,21579.0,21581.0,21584.0,21588.0,21592.0,21594.0,21600.0,21602.0,21606.0,21609.0,21609.0,21613.0,21618.0,21624.0,21627.0,21633.0,21639.0,21647.0,21651.0,21660.0,21663.0,21671.0,21674.0,21675.0,21681.0,21683.0,21691.0,21693.0,21699.0,21707.0,21711.0,21717.0,21719.0,21722.0,21724.0,21730.0,21732.0,21734.0,21738.0,21747.0,21749.0,21752.0,21755.0,21756.0,21758
84CJWcvXjcc,30602.0,30603.0,30605.0,30612.0,30614.0,30623.0,30628.0,30634.0,30640.0,30648.0,30655.0,30659.0,30668.0,30671.0,30680.0,30686.0,30696.0,30702.0,30705.0,30711.0,30717.0,30721.0,30723.0,30731.0,30735.0,30740.0,30751.0,30753.0,30756.0,30761.0,30768.0,30768.0,30768.0,30773.0,30775.0,30776.0,30779.0,30780.0,30782.0,30785.0,30786.0,30789.0,30790.0,30790.0,30792.0,30797.0,30797.0,30798.0,30799.0,30800.0,30805.0,30809.0,30813.0,30818.0,30821.0,30822.0,30822.0,30825.0,30831.0,30846.0,30862.0,30877.0,30881.0,30892.0,30900.0,30910.0,30913.0,30921.0,30923.0,30926.0,30929.0,30942.0,30967.0,30971.0,30978.0,30984.0,30991.0,30996.0,31001.0,31006.0,31011.0,31013.0,31018.0,31021.0,31027.0,31032.0,31044.0,31053.0,31063.0,31077.0,31092.0,31102.0,31113.0,31118.0,31121.0,31127.0,31129.0,31131.0,31137.0,31138.0,31140.0,31146.0,31147.0,31149.0,31154.0,31161.0,31164.0,31167.0,31167.0,31168.0,31170.0,31172.0,31175.0,31175.0,31175.0,31177.0,31180.0,31183.0,31183.0,31184.0,31188.0,31191.0,31195.0,31198.0,31199.0,31203.0,31203.0,31205.0,31205.0,31206.0,31207.0,31207.0,31208.0,31210.0,,,,,,,,,31257.0,31268.0,31274.0,31281.0,31290.0,31300.0,31314.0,31320.0,31326.0,31333.0,31336.0,31344.0,31346.0,31347.0,31352.0,31353.0,31355.0,31358.0,31359.0,31360.0,31363.0,31363.0,31363.0,31364.0,31365.0,31367.0,31369.0,31371.0,31373.0,31375.0,31377.0,31379.0,31381.0,31383.0,31385.0,31385.0,31389.0,31389.0,31389.0,31390.0,31392.0,31396.0,31398.0,31400.0,31400.0,31405.0,31405.0,31407.0,31409.0,31410.0,31412.0,31414.0,31417.0,31420.0,31420.0,31421.0,31422.0,31423.0,31431.0,31432.0,31432.0,31432.0,31435.0,31436.0,31440.0,31441.0,31444.0,31448.0,31449.0,31452.0,31456.0,31463
bvkIcRngT-Q,2982.0,2984.0,2987.0,2994.0,2997.0,3001.0,3006.0,3009.0,3012.0,3018.0,3019.0,3030.0,3040.0,3048.0,3052.0,3056.0,3058.0,3063.0,3072.0,3074.0,3079.0,3087.0,3096.0,3102.0,3104.0,3111.0,3124.0,3126.0,3132.0,3135.0,3141.0,3144.0,3151.0,3162.0,3166.0,3172.0,3177.0,3188.0,3192.0,3200.0,3205.0,3213.0,3219.0,3226.0,3231.0,3239.0,3242.0,3249.0,3250.0,3254.0,3264.0,3267.0,3271.0,3277.0,3282.0,3286.0,3288.0,3291.0,3293.0,3298.0,3305.0,3309.0,3310.0,3313.0,3319.0,3332.0,3333.0,3341.0,3345.0,3353.0,3358.0,3363.0,3368.0,3372.0,3378.0,3383.0,3386.0,3391.0,3395.0,3398.0,3404.0,3406.0,3412.0,3418.0,3422.0,3426.0,3429.0,3436.0,3440.0,3444.0,3449.0,3451.0,3451.0,3458.0,3462.0,3467.0,3472.0,3473.0,3477.0,3480.0,3482.0,3489.0,3490.0,3496.0,3502.0,3507.0,3512.0,3513.0,3518.0,3526.0,3533.0,3539.0,3542.0,3548.0,3550.0,3552.0,3553.0,3556.0,3559.0,3564.0,3578.0,3591.0,3596.0,3604.0,3605.0,3610.0,3611.0,3615.0,3615.0,3619.0,3625.0,3627.0,3633.0,3637.0,,,,,,,,,3668.0,3673.0,3674.0,3678.0,3681.0,3682.0,3688.0,3694.0,3695.0,3700.0,3704.0,3709.0,3715.0,3717.0,3718.0,3721.0,3725.0,3728.0,3735.0,3739.0,3744.0,3748.0,3752.0,3763.0,3771.0,3773.0,3774.0,3779.0,3782.0,3784.0,3788.0,3791.0,3795.0,3800.0,3800.0,3804.0,3808.0,3810.0,3817.0,3817.0,3824.0,3827.0,3835.0,3839.0,3842.0,3846.0,3848.0,3852.0,3854.0,3861.0,3864.0,3867.0,3868.0,3872.0,3879.0,3884.0,3888.0,3889.0,3894.0,3899.0,3903.0,3908.0,3910.0,3912.0,3916.0,3917.0,3919.0,3924.0,3926.0,3929.0,3932.0,3938
173oiJ_WySM,647.0,647.0,647.0,647.0,647.0,647.0,647.0,647.0,647.0,647.0,647.0,647.0,647.0,647.0,647.0,647.0,647.0,648.0,648.0,648.0,648.0,649.0,649.0,649.0,649.0,649.0,649.0,649.0,649.0,649.0,649.0,649.0,649.0,649.0,649.0,649.0,649.0,650.0,650.0,650.0,649.0,649.0,649.0,651.0,651.0,651.0,651.0,651.0,651.0,651.0,651.0,651.0,651.0,651.0,651.0,651.0,651.0,651.0,652.0,652.0,653.0,653.0,653.0,653.0,653.0,653.0,655.0,655.0,655.0,655.0,655.0,655.0,655.0,655.0,655.0,658.0,658.0,658.0,658.0,660.0,660.0,660.0,660.0,660.0,661.0,661.0,661.0,661.0,661.0,661.0,661.0,661.0,661.0,662.0,662.0,662.0,662.0,662.0,662.0,662.0,662.0,662.0,662.0,662.0,663.0,663.0,663.0,663.0,663.0,663.0,663.0,663.0,663.0,663.0,664.0,664.0,664.0,665.0,665.0,665.0,666.0,666.0,666.0,667.0,668.0,668.0,668.0,668.0,668.0,668.0,668.0,668.0,668.0,668.0,,,,,,,,,669.0,669.0,669.0,669.0,669.0,669.0,669.0,669.0,669.0,669.0,669.0,669.0,670.0,671.0,671.0,672.0,672.0,672.0,672.0,672.0,672.0,672.0,672.0,672.0,672.0,672.0,672.0,673.0,673.0,674.0,674.0,674.0,675.0,675.0,675.0,675.0,675.0,675.0,675.0,675.0,675.0,676.0,676.0,676.0,676.0,676.0,676.0,676.0,676.0,677.0,677.0,677.0,677.0,677.0,677.0,678.0,679.0,681.0,681.0,681.0,681.0,681.0,681.0,681.0,681.0,681.0,681.0,681.0,681.0,682.0,682.0,682
dNN4cHNLk9k,2550618.0,2550742.0,2550829.0,2550936.0,2551022.0,2551108.0,2551169.0,2551256.0,2551323.0,2551390.0,2551485.0,2551569.0,2551647.0,2551722.0,2551799.0,2551883.0,2551979.0,2552067.0,2552189.0,2552272.0,2552368.0,2552457.0,2552539.0,2552615.0,2552716.0,2552807.0,2552888.0,2552977.0,2553077.0,2553165.0,2553247.0,2553332.0,2553397.0,2553491.0,2553575.0,2553676.0,2553751.0,2553821.0,2553932.0,2554008.0,2554115.0,2554193.0,2554266.0,2554338.0,2554405.0,2554490.0,2554572.0,2554685.0,2554777.0,2554902.0,2554981.0,2555088.0,2555174.0,2555264.0,2555356.0,2555430.0,2555503.0,2555591.0,2555699.0,2555803.0,2555886.0,2555970.0,2556043.0,2556119.0,2556204.0,2556299.0,2556379.0,2556482.0,2556553.0,2556648.0,2556735.0,2556823.0,2556917.0,2557025.0,2557143.0,2557257.0,2557334.0,2557409.0,2557491.0,2557559.0,2557662.0,2557737.0,2557826.0,2557918.0,2557999.0,2558075.0,2558161.0,2558257.0,2558343.0,2558446.0,2558537.0,2558624.0,2558727.0,2558842.0,2558976.0,2559104.0,2559202.0,2559280.0,2559352.0,2559416.0,2559498.0,2559604.0,2559699.0,2559770.0,2559835.0,2559913.0,2559985.0,2560072.0,2560153.0,2560254.0,2560331.0,2560394.0,2560449.0,2560532.0,2560622.0,2560718.0,2560806.0,2560867.0,2560928.0,2560998.0,2561071.0,2561155.0,2561232.0,2561305.0,2561363.0,2561437.0,2561493.0,2561545.0,2561629.0,2561704.0,2561780.0,2561847.0,2561910.0,2561962.0,,,,,,,,,2562516.0,2562599.0,2562687.0,2562754.0,2562820.0,2562889.0,2562938.0,2563003.0,2563069.0,2563150.0,2563202.0,2563259.0,2563336.0,2563380.0,2563440.0,2563520.0,2563583.0,2563648.0,2563719.0,2563769.0,2563823.0,2563881.0,2563957.0,2564014.0,2564068.0,2564125.0,2564174.0,2564230.0,2564296.0,2564361.0,2564428.0,2564479.0,2564540.0,2564591.0,2564645.0,2564709.0,2564814.0,2564889.0,2564961.0,2565007.0,2565068.0,2565136.0,2565207.0,2565307.0,2565382.0,2565438.0,2565509.0,2565562.0,2565626.0,2565696.0,2565781.0,2565905.0,2566018.0,2566136.0,2566210.0,2566315.0,2566491.0,2566602.0,2566723.0,2566989.0,2567115.0,2567234.0,2567308.0,2567399.0,2567515.0,2567721.0,2567859.0,2567986.0,2568083.0,2568197.0,2568365.0,2568519
6QJEyenmE9U,2478813.0,2479012.0,2479220.0,2479470.0,2479727.0,2479924.0,2480120.0,2480324.0,2480537.0,2480746.0,2480969.0,2481227.0,2481463.0,2481691.0,2481960.0,2482184.0,2482449.0,2482644.0,2482889.0,2483137.0,2483390.0,2483640.0,2483885.0,2484146.0,2484409.0,2484668.0,2484923.0,2485188.0,2485452.0,2485845.0,2486159.0,2486461.0,2486745.0,2487060.0,2487345.0,2487660.0,2487939.0,2488189.0,2488476.0,2488735.0,2489010.0,2489338.0,2489615.0,2489904.0,2490159.0,2490434.0,2490706.0,2490958.0,2491252.0,2491528.0,2491747.0,2492047.0,2492329.0,2492584.0,2492858.0,2493134.0,2493402.0,2493654.0,2493929.0,2494209.0,2494531.0,2494802.0,2495103.0,2495376.0,2495639.0,2495904.0,2496140.0,2496386.0,2496608.0,2496913.0,2497204.0,2497492.0,2497744.0,2497999.0,2498236.0,2498478.0,2498726.0,2499008.0,2499269.0,2499545.0,2499795.0,2500071.0,2500311.0,2500561.0,2500867.0,2501138.0,2501379.0,2501620.0,2501863.0,2502097.0,2502335.0,2502598.0,2502838.0,2503093.0,2503390.0,2503640.0,2503876.0,2504170.0,2504441.0,2504671.0,2504903.0,2505138.0,2505353.0,2505612.0,2505871.0,2506115.0,2506344.0,2506600.0,2506865.0,2507129.0,2507399.0,2507668.0,2507943.0,2508161.0,2508411.0,2508691.0,2508964.0,2509210.0,2509447.0,2509689.0,2509898.0,2510157.0,2510380.0,2510622.0,2510838.0,2511075.0,2511308.0,2511551.0,2511744.0,2511942.0,2512192.0,2512409.0,2512653.0,2512864.0,,,,,,,,,2514927.0,2515184.0,2515476.0,2515711.0,2515981.0,2516284.0,2516609.0,2516912.0,2517319.0,2517699.0,2518103.0,2518517.0,2518935.0,2519254.0,2519586.0,2519875.0,2520214.0,2520527.0,2520886.0,2521182.0,2521421.0,2521690.0,2521930.0,2522141.0,2522443.0,2522737.0,2522999.0,2523191.0,2523436.0,2523662.0,2523899.0,2524153.0,2524379.0,2524627.0,2524853.0,2525119.0,2525363.0,2525647.0,2525934.0,2526229.0,2526533.0,2526784.0,2527038.0,2527282.0,2527503.0,2527792.0,2528077.0,2528339.0,2528551.0,2528759.0,2528976.0,2529219.0,2529482.0,2529712.0,2529962.0,2530215.0,2530457.0,2530681.0,2530923.0,2531246.0,2531519.0,2531739.0,2531949.0,2532185.0,2532434.0,2532708.0,2532936.0,2533142.0,2533326.0,2533572.0,2533790.0,2534099
qVdc7AvM4xQ,6609940.0,6610810.0,6611677.0,6612588.0,6613327.0,6614034.0,6614727.0,6615365.0,6615994.0,6616924.0,6617792.0,6618438.0,6619099.0,6619754.0,6620512.0,6621179.0,6621958.0,6622736.0,6623567.0,6624304.0,6625034.0,6625805.0,6626498.0,6627218.0,6627906.0,6628563.0,6629185.0,6629871.0,6630544.0,6631226.0,6631935.0,6632680.0,6633354.0,6633998.0,6634619.0,6635356.0,6636033.0,6636759.0,6637482.0,6638165.0,6638855.0,6639530.0,6640155.0,6640818.0,6641494.0,6642191.0,6642911.0,6643579.0,6644142.0,6644745.0,6645376.0,6646023.0,6646683.0,6647388.0,6648033.0,6648765.0,6649456.0,6650043.0,6650798.0,6651465.0,6652202.0,6652932.0,6653602.0,6654260.0,6654892.0,6655589.0,6656261.0,6656958.0,6657530.0,6658191.0,6658836.0,6659474.0,6660156.0,6660839.0,6661476.0,6662142.0,6662779.0,6663393.0,6664014.0,6664619.0,6665259.0,6665841.0,6666422.0,6667071.0,6667627.0,6668208.0,6668842.0,6669448.0,6669978.0,6670534.0,6670974.0,6671525.0,6671995.0,6672597.0,6673208.0,6673769.0,6674236.0,6674741.0,6675157.0,6675580.0,6676138.0,6676746.0,6677244.0,6677693.0,6678170.0,6678577.0,6678950.0,6679445.0,6680006.0,6680551.0,6681028.0,6681517.0,6681953.0,6682415.0,6682926.0,6683482.0,6683946.0,6684389.0,6684803.0,6685229.0,6685690.0,6686176.0,6686664.0,6687100.0,6687553.0,6687999.0,6688428.0,6688881.0,6689414.0,6689980.0,6690512.0,6690939.0,6691396.0,6691831.0,,,,,,,,,6695931.0,6696468.0,6696941.0,6697370.0,6697802.0,6698225.0,6698629.0,6699068.0,6699558.0,6699979.0,6700393.0,6700826.0,6701263.0,6701664.0,6702169.0,6702684.0,6703111.0,6703537.0,6704015.0,6704378.0,6704805.0,6705267.0,6705819.0,6706295.0,6706628.0,6707024.0,6707431.0,6707817.0,6708246.0,6708663.0,6709023.0,6709386.0,6709760.0,6710108.0,6710427.0,6710796.0,6711282.0,6711673.0,6712018.0,6712452.0,6712849.0,6713244.0,6713660.0,6714087.0,6714453.0,6714779.0,6715147.0,6715538.0,6715912.0,6716285.0,6716697.0,6717093.0,6717504.0,6717919.0,6718304.0,6718739.0,6719220.0,6719655.0,6720097.0,6720573.0,6721042.0,6721406.0,6721788.0,6722234.0,6722661.0,6723208.0,6723760.0,6724199.0,6724569.0,6724952.0,6725425.0,6725879
ZU2hpQwMEl4,595071.0,595450.0,595895.0,596389.0,596808.0,597182.0,597510.0,597836.0,598122.0,598448.0,598765.0,599083.0,599386.0,599742.0,600066.0,600453.0,600778.0,601198.0,601623.0,601973.0,602414.0,602796.0,603145.0,603440.0,603804.0,604135.0,604506.0,604894.0,605305.0,605750.0,606140.0,606521.0,606930.0,607332.0,607713.0,608069.0,608463.0,608804.0,609128.0,609445.0,609812.0,610211.0,610540.0,610859.0,611208.0,611506.0,611844.0,612155.0,612441.0,612789.0,613130.0,613421.0,613642.0,613945.0,614248.0,614539.0,614855.0,615143.0,615455.0,615773.0,616092.0,616376.0,616708.0,617022.0,617372.0,617694.0,618012.0,618282.0,618574.0,618968.0,619291.0,619621.0,619955.0,620309.0,620642.0,620947.0,621352.0,621704.0,622093.0,622461.0,622778.0,623120.0,623429.0,623844.0,624279.0,624681.0,625010.0,625384.0,625720.0,626032.0,626423.0,626756.0,627127.0,627531.0,627890.0,628288.0,628711.0,629030.0,629444.0,629802.0,630078.0,630427.0,630804.0,631189.0,631514.0,631889.0,632205.0,632602.0,632913.0,633209.0,633511.0,633829.0,634167.0,634531.0,634884.0,635222.0,635601.0,635972.0,636308.0,636685.0,637099.0,637399.0,637733.0,638021.0,638358.0,638775.0,639108.0,639553.0,639912.0,640305.0,640649.0,641015.0,641333.0,641724.0,,,,,,,,,645209.0,645591.0,645968.0,646365.0,646826.0,647281.0,647632.0,647949.0,648328.0,648775.0,649263.0,649757.0,650253.0,650829.0,651395.0,651869.0,652403.0,653056.0,653593.0,654008.0,654298.0,654557.0,654905.0,655213.0,655530.0,655856.0,656185.0,656454.0,656756.0,657080.0,657425.0,657769.0,658099.0,658408.0,658684.0,659029.0,659329.0,659652.0,660048.0,660370.0,660732.0,661041.0,661363.0,661714.0,662106.0,662459.0,662779.0,663122.0,663493.0,663869.0,664220.0,664663.0,665130.0,665637.0,666061.0,666513.0,666999.0,667404.0,667916.0,668418.0,668844.0,669284.0,669655.0,670093.0,670471.0,670894.0,671355.0,671803.0,672178.0,672604.0,673167.0,673727
q5LgpmZwht8,2740512.0,2741220.0,2741865.0,2742497.0,2743111.0,2743636.0,2744080.0,2744524.0,2744995.0,2745362.0,2745814.0,2746195.0,2746553.0,2746950.0,2747314.0,2747695.0,2748138.0,2748590.0,2749052.0,2749492.0,2749939.0,2750356.0,2750730.0,2751110.0,2751479.0,2751834.0,2752115.0,2752481.0,2752855.0,2753245.0,2753612.0,2753985.0,2754355.0,2754722.0,2755061.0,2755449.0,2755878.0,2756279.0,2756683.0,2757051.0,2757429.0,2757822.0,2758255.0,2758618.0,2759030.0,2759475.0,2759853.0,2760189.0,2760492.0,2760859.0,2761211.0,2761506.0,2761849.0,2762307.0,2762721.0,2763103.0,2763401.0,2763723.0,2764085.0,2764427.0,2764823.0,2765220.0,2765571.0,2765945.0,2766392.0,2766884.0,2767273.0,2767685.0,2768045.0,2768451.0,2768883.0,2769247.0,2769611.0,2770020.0,2770431.0,2770791.0,2771086.0,2771448.0,2771845.0,2772187.0,2772613.0,2772977.0,2773322.0,2773704.0,2774103.0,2774482.0,2774873.0,2775249.0,2775572.0,2775929.0,2776242.0,2776524.0,2776854.0,2777188.0,2777587.0,2777951.0,2778270.0,2778583.0,2778882.0,2779150.0,2779490.0,2779906.0,2780270.0,2780606.0,2780930.0,2781227.0,2781515.0,2781885.0,2782259.0,2782628.0,2782899.0,2783170.0,2783420.0,2783730.0,2784098.0,2784470.0,2784766.0,2785091.0,2785362.0,2785626.0,2785927.0,2786243.0,2786590.0,2786874.0,2787189.0,2787430.0,2787702.0,2787980.0,2788327.0,2788683.0,2789030.0,2789297.0,2789573.0,2789861.0,,,,,,,,,2792601.0,2792983.0,2793495.0,2793821.0,2794202.0,2794490.0,2794791.0,2795220.0,2795697.0,2796032.0,2796409.0,2796800.0,2797144.0,2797465.0,2797839.0,2798291.0,2798617.0,2798979.0,2799331.0,2799622.0,2799884.0,2800207.0,2800558.0,2800888.0,2801153.0,2801423.0,2801704.0,2801982.0,2802272.0,2802566.0,2802859.0,2803116.0,2803338.0,2803631.0,2803846.0,2804180.0,2804565.0,2804863.0,2805128.0,2805342.0,2805620.0,2805927.0,2806226.0,2806554.0,2806811.0,2807081.0,2807357.0,2807677.0,2807954.0,2808254.0,2808589.0,2808902.0,2809245.0,2809603.0,2809950.0,2810288.0,2810765.0,2811180.0,2811575.0,2812226.0,2812632.0,2812965.0,2813296.0,2813669.0,2814083.0,2814617.0,2815050.0,2815456.0,2815788.0,2816124.0,2816568.0,2816918
D5m-x0tka6Q,6070125.0,6074467.0,6079397.0,6084752.0,6090519.0,6095636.0,6100538.0,6104964.0,6109253.0,6113232.0,6117699.0,6122745.0,6127649.0,6132124.0,6136724.0,6141223.0,6145413.0,6149914.0,6155042.0,6159947.0,6164495.0,6168869.0,6173075.0,6176809.0,6180574.0,6184518.0,6188683.0,6193014.0,6197211.0,6201516.0,6205521.0,6209391.0,6213215.0,6217298.0,6221598.0,6225754.0,6229987.0,6234112.0,6238082.0,6242112.0,6246001.0,6250030.0,6253906.0,6257878.0,6261772.0,6265997.0,6270898.0,6275921.0,6280748.0,6284844.0,6289104.0,6293731.0,6297976.0,6302419.0,6307048.0,6311616.0,6316290.0,6321030.0,6326169.0,6330939.0,6336316.0,6341872.0,6347282.0,6352880.0,6358276.0,6363570.0,6368451.0,6373380.0,6377521.0,6382943.0,6387836.0,6392187.0,6396369.0,6400535.0,6404956.0,6409282.0,6413661.0,6418350.0,6423098.0,6427304.0,6431520.0,6436344.0,6440561.0,6445574.0,6450490.0,6455559.0,6459925.0,6464098.0,6468444.0,6472879.0,6477673.0,6482635.0,6487342.0,6491870.0,6496193.0,6500586.0,6504940.0,6509683.0,6514278.0,6519020.0,6523106.0,6527272.0,6531577.0,6535974.0,6540503.0,6544922.0,6549562.0,6553548.0,6557731.0,6562350.0,6566913.0,6571898.0,6576648.0,6580935.0,6585326.0,6589952.0,6594583.0,6599126.0,6603547.0,6608191.0,6612589.0,6616756.0,6620530.0,6624692.0,6628795.0,6632893.0,6637159.0,6641389.0,6645781.0,6650045.0,6654730.0,6659236.0,6664030.0,6668862.0,,,,,,,,,6710850.0,6714955.0,6719404.0,6723698.0,6728034.0,6732389.0,6736165.0,6739773.0,6744016.0,6748346.0,6752861.0,6757555.0,6762589.0,6767341.0,6771688.0,6775846.0,6780462.0,6785071.0,6789490.0,6793910.0,6798010.0,6801675.0,6805596.0,6809843.0,6814027.0,6818366.0,6823247.0,6828002.0,6831975.0,6836058.0,6840629.0,6845728.0,6850563.0,6855143.0,6859203.0,6863708.0,6867901.0,6872430.0,6877335.0,6882376.0,6887076.0,6891831.0,6896415.0,6901017.0,6906176.0,6911300.0,6916328.0,6921390.0,6926590.0,6931155.0,6935458.0,6940262.0,6945075.0,6950027.0,6954709.0,6959516.0,6964151.0,6968545.0,6973448.0,6978673.0,6983470.0,6987532.0,6991655.0,6995780.0,6999706.0,7003991.0,7008509.0,7012991.0,7016818.0,7020640.0,7024811.0,7028954
_ATqY9GFRh0,11669249.0,11673940.0,11678880.0,11683808.0,11689011.0,11693642.0,11697913.0,11701984.0,11706137.0,11711017.0,11715625.0,11719622.0,11723795.0,11728030.0,11732414.0,11736834.0,11741507.0,11745991.0,11750920.0,11755830.0,11760946.0,11766259.0,11770938.0,11775289.0,11779475.0,11783877.0,11788298.0,11792835.0,11797101.0,11801043.0,11805059.0,11808990.0,11813238.0,11817653.0,11821768.0,11825585.0,11829511.0,11833451.0,11837696.0,11841637.0,11845443.0,11849185.0,11852689.0,11856363.0,11860305.0,11864344.0,11867845.0,11871711.0,11875409.0,11878749.0,11881906.0,11885690.0,11889299.0,11892835.0,11896783.0,11900444.0,11903996.0,11907783.0,11911845.0,11915722.0,11919783.0,11923674.0,11927520.0,11931481.0,11935288.0,11939188.0,11943192.0,11946667.0,11949562.0,11953413.0,11957124.0,11960756.0,11964454.0,11967907.0,11971340.0,11974697.0,11978790.0,11983165.0,11987618.0,11991944.0,11996531.0,12000678.0,12004433.0,12008316.0,12012213.0,12016013.0,12019774.0,12023706.0,12027411.0,12031013.0,12034514.0,12037874.0,12041422.0,12045516.0,12049894.0,12053471.0,12056767.0,12060364.0,12063783.0,12067109.0,12071045.0,12076598.0,12081978.0,12086568.0,12091158.0,12095608.0,12099963.0,12104560.0,12109174.0,12113599.0,12117989.0,12122320.0,12126263.0,12130299.0,12134836.0,12140079.0,12144514.0,12148616.0,12152772.0,12156811.0,12160787.0,12164719.0,12168917.0,12172669.0,12176418.0,12180021.0,12183747.0,12187880.0,12191899.0,12196221.0,12200513.0,12204962.0,12209395.0,12213348.0,,,,,,,,,12249684.0,12253659.0,12257151.0,12260687.0,12264048.0,12267109.0,12269903.0,12272752.0,12275953.0,12278889.0,12281561.0,12284369.0,12287331.0,12290103.0,12292915.0,12295998.0,12299029.0,12301984.0,12305111.0,12308182.0,12311055.0,12314206.0,12317394.0,12320309.0,12323282.0,12326300.0,12329298.0,12332529.0,12335734.0,12339002.0,12342218.0,12345407.0,12348678.0,12352010.0,12355193.0,12358710.0,12362224.0,12365606.0,12369372.0,12373146.0,12376984.0,12380421.0,12383961.0,12387492.0,12391141.0,12394778.0,12398466.0,12402249.0,12405808.0,12409624.0,12413174.0,12416590.0,12419949.0,12423272.0,12426618.0,12429913.0,12433175.0,12436476.0,12439768.0,12443282.0,12446639.0,12449718.0,12452446.0,12455606.0,12459040.0,12464059.0,12468649.0,12472476.0,12475754.0,12479080.0,12482810.0,12486648
7fQQekOZWLk,5354930.0,5356353.0,5357763.0,5359197.0,5360478.0,5361554.0,5362552.0,5363507.0,5364503.0,5365597.0,5366739.0,5367788.0,5368809.0,5369764.0,5370805.0,5371863.0,5373033.0,5374173.0,5375351.0,5376506.0,5377711.0,5379096.0,5380275.0,5381469.0,5382667.0,5383790.0,5384878.0,5385980.0,5387111.0,5388291.0,5389422.0,5390670.0,5391875.0,5393083.0,5394186.0,5395464.0,5396753.0,5398039.0,5399287.0,5400520.0,5401671.0,5402871.0,5404097.0,5405223.0,5406536.0,5407808.0,5408981.0,5410157.0,5411223.0,5412330.0,5413528.0,5414641.0,5415793.0,5416976.0,5418051.0,5419092.0,5420123.0,5421117.0,5422247.0,5423434.0,5424532.0,5425642.0,5426634.0,5427669.0,5428671.0,5429732.0,5430823.0,5431882.0,5432779.0,5433894.0,5434893.0,5435923.0,5436992.0,5438108.0,5439096.0,5440064.0,5440968.0,5441936.0,5442895.0,5443882.0,5444903.0,5445846.0,5446737.0,5447643.0,5448512.0,5449432.0,5450446.0,5451349.0,5452173.0,5453000.0,5453806.0,5454532.0,5455366.0,5456287.0,5457323.0,5458196.0,5458910.0,5459704.0,5460443.0,5461261.0,5462217.0,5463268.0,5464163.0,5465017.0,5465793.0,5466517.0,5467320.0,5468216.0,5469210.0,5470030.0,5470851.0,5471566.0,5472271.0,5473099.0,5474010.0,5474981.0,5475753.0,5476481.0,5477182.0,5477872.0,5478578.0,5479383.0,5480230.0,5480961.0,5481641.0,5482353.0,5483072.0,5483796.0,5484648.0,5485527.0,5486376.0,5487058.0,5487724.0,5488352.0,,,,,,,,,5495023.0,5495855.0,5496579.0,5497262.0,5497936.0,5498596.0,5499211.0,5499923.0,5500802.0,5501511.0,5502193.0,5502856.0,5503539.0,5504171.0,5504975.0,5505746.0,5506422.0,5507088.0,5507808.0,5508429.0,5509105.0,5509909.0,5510693.0,5511271.0,5511932.0,5512572.0,5513243.0,5513884.0,5514635.0,5515391.0,5516030.0,5516691.0,5517324.0,5517962.0,5518600.0,5519301.0,5520156.0,5520802.0,5521416.0,5522044.0,5522662.0,5523374.0,5524079.0,5524810.0,5525477.0,5526086.0,5526785.0,5527441.0,5528092.0,5528862.0,5529622.0,5530318.0,5531012.0,5531733.0,5532470.0,5533213.0,5534048.0,5534869.0,5535616.0,5536428.0,5537187.0,5537896.0,5538599.0,5539382.0,5540104.0,5541025.0,5541861.0,5542657.0,5543381.0,5544025.0,5544772.0,5545557
kkknXK3o0j8,650572.0,651081.0,651627.0,652147.0,652782.0,653340.0,653925.0,654390.0,654843.0,655286.0,655728.0,656179.0,656648.0,657140.0,657683.0,658176.0,658705.0,659172.0,659749.0,660277.0,660727.0,661257.0,661726.0,662145.0,662503.0,662974.0,663408.0,663860.0,664353.0,664936.0,665441.0,665917.0,666421.0,666932.0,667405.0,667909.0,668452.0,668961.0,669373.0,669828.0,670306.0,670780.0,671258.0,671672.0,672092.0,672560.0,672935.0,673393.0,673802.0,674248.0,674648.0,675116.0,675512.0,675943.0,676401.0,676872.0,677338.0,677767.0,678189.0,678640.0,679130.0,679620.0,680050.0,680521.0,680959.0,681382.0,681812.0,682257.0,682625.0,683164.0,683538.0,684034.0,684450.0,684882.0,685350.0,685802.0,686261.0,686702.0,687142.0,687564.0,687988.0,688421.0,688794.0,689307.0,689748.0,690262.0,690627.0,691066.0,691454.0,691919.0,692375.0,692778.0,693133.0,693557.0,693947.0,694377.0,694814.0,695319.0,695766.0,696194.0,696583.0,696996.0,697374.0,697790.0,698212.0,698608.0,698947.0,699333.0,699759.0,700119.0,700583.0,700979.0,701408.0,701954.0,702328.0,702747.0,703176.0,703564.0,703984.0,704466.0,704860.0,705211.0,705619.0,705997.0,706440.0,706836.0,707180.0,707668.0,708152.0,708583.0,709048.0,709447.0,709923.0,710375.0,,,,,,,,,714435.0,714829.0,715346.0,715840.0,716315.0,716777.0,717202.0,717620.0,718060.0,718530.0,718998.0,719489.0,720027.0,720519.0,720966.0,721435.0,721920.0,722468.0,722929.0,723380.0,723766.0,724095.0,724469.0,724861.0,725243.0,725634.0,726038.0,726395.0,726740.0,727050.0,727385.0,727807.0,728207.0,728588.0,728940.0,729365.0,729722.0,730154.0,730545.0,730947.0,731313.0,731704.0,732119.0,732518.0,732959.0,733376.0,733744.0,734193.0,734618.0,735032.0,735445.0,735857.0,736348.0,736848.0,737281.0,737794.0,738237.0,738639.0,739139.0,739621.0,740134.0,740535.0,740914.0,741348.0,741756.0,742196.0,742649.0,743085.0,743424.0,743834.0,744284.0,744763
nHyXdn6bFCk,13689.0,13689.0,13689.0,13689.0,13691.0,13691.0,13691.0,13691.0,13692.0,13692.0,13692.0,13691.0,13691.0,13691.0,13692.0,13693.0,13693.0,13693.0,13693.0,13693.0,13695.0,13695.0,13696.0,13696.0,13697.0,13698.0,13698.0,13699.0,13700.0,13700.0,13701.0,13702.0,13703.0,13703.0,13703.0,13704.0,13707.0,13711.0,13712.0,13712.0,13713.0,13715.0,13716.0,13717.0,13717.0,13718.0,13718.0,13719.0,13719.0,13719.0,13719.0,13719.0,13720.0,13720.0,13720.0,13721.0,13721.0,13721.0,13722.0,13722.0,13722.0,13726.0,13727.0,13728.0,13729.0,13727.0,13727.0,13727.0,13729.0,13729.0,13729.0,13729.0,13730.0,13730.0,13730.0,13730.0,13730.0,13731.0,13732.0,13734.0,13737.0,13739.0,13741.0,13742.0,13743.0,13743.0,13745.0,13745.0,13747.0,13748.0,13748.0,13749.0,13750.0,13751.0,13751.0,13751.0,13752.0,13752.0,13754.0,13754.0,13754.0,13757.0,13762.0,13764.0,13764.0,13764.0,13766.0,13768.0,13770.0,13770.0,13770.0,13770.0,13771.0,13771.0,13771.0,13772.0,13773.0,13773.0,13773.0,13774.0,13775.0,13775.0,13775.0,13775.0,13775.0,13776.0,13776.0,13776.0,13776.0,13777.0,13778.0,13779.0,13780.0,13780.0,,,,,,,,,13783.0,13784.0,13784.0,13784.0,13784.0,13785.0,13785.0,13785.0,13785.0,13786.0,13786.0,13786.0,13786.0,13787.0,13787.0,13790.0,13792.0,13792.0,13792.0,13792.0,13792.0,13792.0,13793.0,13794.0,13794.0,13795.0,13795.0,13795.0,13795.0,13795.0,13795.0,13795.0,13795.0,13795.0,13795.0,13795.0,13795.0,13795.0,13795.0,13798.0,13800.0,13801.0,13802.0,13802.0,13802.0,13804.0,13804.0,13804.0,13804.0,13804.0,13804.0,13804.0,13805.0,13805.0,13805.0,13805.0,13805.0,13805.0,13805.0,13806.0,13808.0,13808.0,13808.0,13808.0,13809.0,13809.0,13809.0,13812.0,13812.0,13813.0,13814.0,13814
QC-TBrEYh10,176681.0,176751.0,176820.0,176909.0,177008.0,177096.0,177226.0,177344.0,177440.0,177517.0,177624.0,177709.0,177795.0,177882.0,177978.0,178075.0,178148.0,178227.0,178310.0,178398.0,178480.0,178579.0,178666.0,178736.0,178811.0,178937.0,179047.0,179124.0,179196.0,179307.0,179391.0,179470.0,179525.0,179628.0,179716.0,179800.0,179891.0,179972.0,180030.0,180114.0,180195.0,180253.0,180351.0,180407.0,180491.0,180561.0,180632.0,180730.0,180839.0,180922.0,181012.0,181080.0,181143.0,181208.0,181289.0,181370.0,181457.0,181529.0,181603.0,181677.0,181750.0,181861.0,181978.0,182070.0,182160.0,182277.0,182352.0,182474.0,182569.0,182725.0,182836.0,182925.0,183042.0,183141.0,183249.0,183323.0,183442.0,183558.0,183682.0,183799.0,183909.0,184004.0,184099.0,184284.0,184417.0,184544.0,184670.0,184774.0,184892.0,184996.0,185084.0,185172.0,185296.0,185389.0,185487.0,185588.0,185687.0,185783.0,185914.0,186007.0,186115.0,186191.0,186260.0,186359.0,186436.0,186515.0,186608.0,186682.0,186743.0,186822.0,186916.0,187079.0,187218.0,187403.0,187507.0,187578.0,187668.0,187751.0,187849.0,187959.0,188050.0,188148.0,188235.0,188304.0,188387.0,188459.0,188558.0,188640.0,188720.0,188784.0,188857.0,188925.0,188991.0,189046.0,,,,,,,,,189638.0,189709.0,189785.0,189853.0,189963.0,190055.0,190141.0,190219.0,190317.0,190443.0,190560.0,190699.0,190814.0,190968.0,191063.0,191172.0,191264.0,191367.0,191463.0,191550.0,191639.0,191731.0,191795.0,191897.0,192005.0,192111.0,192199.0,192288.0,192379.0,192461.0,192561.0,192650.0,192754.0,192856.0,192943.0,193054.0,193140.0,193216.0,193315.0,193396.0,193493.0,193573.0,193641.0,193695.0,193780.0,193853.0,193978.0,194081.0,194156.0,194224.0,194304.0,194382.0,194466.0,194569.0,194659.0,194742.0,194833.0,194949.0,195039.0,195157.0,195271.0,195335.0,195398.0,195463.0,195551.0,195624.0,195705.0,195798.0,195885.0,195952.0,196035.0,196144
q27hs9DsaBU,251292.0,251384.0,251487.0,251592.0,251695.0,251821.0,251953.0,252087.0,252175.0,252260.0,252353.0,252457.0,252545.0,252620.0,252698.0,252765.0,252838.0,252891.0,252978.0,253062.0,253154.0,253238.0,253328.0,253412.0,253476.0,253554.0,253657.0,253723.0,253795.0,253900.0,253972.0,254043.0,254126.0,254215.0,254300.0,254370.0,254450.0,254518.0,254566.0,254640.0,254696.0,254787.0,254870.0,254955.0,255048.0,255106.0,255197.0,255273.0,255368.0,255467.0,255558.0,255630.0,255719.0,255799.0,255871.0,255953.0,256053.0,256133.0,256218.0,256294.0,256384.0,256495.0,256617.0,256725.0,256844.0,256917.0,257012.0,257117.0,257198.0,257329.0,257444.0,257544.0,257645.0,257762.0,257882.0,257981.0,258112.0,258247.0,258360.0,258469.0,258606.0,258732.0,258848.0,258976.0,259103.0,259212.0,259316.0,259409.0,259490.0,259578.0,259664.0,259738.0,259822.0,259893.0,259954.0,260048.0,260132.0,260235.0,260316.0,260399.0,260507.0,260602.0,260696.0,260760.0,260853.0,260918.0,261008.0,261089.0,261156.0,261220.0,261295.0,261378.0,261463.0,261546.0,261601.0,261664.0,261762.0,261842.0,261931.0,262010.0,262085.0,262124.0,262172.0,262227.0,262297.0,262356.0,262420.0,262490.0,262554.0,262598.0,262693.0,262754.0,262840.0,262900.0,,,,,,,,,263565.0,263634.0,263724.0,263799.0,263877.0,263953.0,264022.0,264074.0,264138.0,264204.0,264271.0,264347.0,264416.0,264474.0,264518.0,264585.0,264634.0,264697.0,264743.0,264822.0,264884.0,264935.0,265002.0,265066.0,265121.0,265174.0,265230.0,265272.0,265319.0,265359.0,265426.0,265485.0,265531.0,265596.0,265661.0,265701.0,265748.0,265820.0,265874.0,265940.0,265991.0,266070.0,266121.0,266177.0,266222.0,266304.0,266425.0,266531.0,266602.0,266666.0,266735.0,266795.0,266877.0,266964.0,267040.0,267135.0,267209.0,267276.0,267367.0,267455.0,267540.0,267603.0,267679.0,267751.0,267846.0,267922.0,268017.0,268101.0,268152.0,268219.0,268322.0,268431
uChL_6629Po,319196.0,319253.0,319320.0,319363.0,319413.0,319474.0,319535.0,319599.0,319657.0,319715.0,319773.0,319841.0,319905.0,319972.0,320032.0,320112.0,320162.0,320211.0,320250.0,320303.0,320365.0,320425.0,320485.0,320526.0,320554.0,320592.0,320642.0,320697.0,320742.0,320811.0,320855.0,320916.0,320969.0,321043.0,321125.0,321199.0,321296.0,321348.0,321412.0,321488.0,321546.0,321625.0,321698.0,321776.0,321853.0,321926.0,321999.0,322059.0,322159.0,322226.0,322291.0,322357.0,322434.0,322492.0,322551.0,322612.0,322670.0,322717.0,322782.0,322834.0,322895.0,322964.0,323045.0,323101.0,323178.0,323272.0,323348.0,323411.0,323485.0,323605.0,323673.0,323764.0,323833.0,323913.0,323992.0,324076.0,324155.0,324238.0,324317.0,324378.0,324431.0,324505.0,324565.0,324624.0,324698.0,324794.0,324833.0,324878.0,324960.0,325017.0,325066.0,325141.0,325215.0,325279.0,325330.0,325396.0,325461.0,325516.0,325586.0,325652.0,325711.0,325767.0,325820.0,325890.0,325960.0,326023.0,326095.0,326150.0,326219.0,326273.0,326343.0,326412.0,326466.0,326542.0,326599.0,326663.0,326714.0,326768.0,326845.0,326910.0,326966.0,327031.0,327088.0,327150.0,327201.0,327246.0,327305.0,327366.0,327422.0,327478.0,327532.0,327612.0,327687.0,327752.0,,,,,,,,,328394.0,328446.0,328507.0,328571.0,328658.0,328727.0,328789.0,328854.0,328925.0,329006.0,329090.0,329172.0,329269.0,329356.0,329458.0,329535.0,329622.0,329709.0,329798.0,329868.0,329942.0,330022.0,330103.0,330177.0,330246.0,330302.0,330363.0,330422.0,330483.0,330530.0,330605.0,330690.0,330757.0,330812.0,330889.0,330967.0,331035.0,331099.0,331156.0,331211.0,331295.0,331378.0,331444.0,331472.0,331538.0,331600.0,331674.0,331745.0,331826.0,331897.0,331940.0,332009.0,332077.0,332138.0,332220.0,332296.0,332344.0,332398.0,332448.0,332513.0,332590.0,332646.0,332722.0,332779.0,332837.0,332917.0,332993.0,333070.0,333137.0,333213.0,333291.0,333355
ObX5Vqb-_7c,178.0,178.0,178.0,178.0,178.0,179.0,179.0,179.0,179.0,179.0,179.0,179.0,179.0,179.0,179.0,179.0,179.0,180.0,180.0,181.0,181.0,181.0,182.0,182.0,183.0,183.0,183.0,183.0,183.0,184.0,184.0,184.0,184.0,184.0,184.0,184.0,184.0,184.0,184.0,185.0,185.0,185.0,185.0,188.0,188.0,188.0,188.0,188.0,188.0,188.0,189.0,189.0,189.0,189.0,189.0,189.0,190.0,190.0,192.0,190.0,190.0,190.0,190.0,190.0,190.0,191.0,192.0,192.0,193.0,194.0,194.0,194.0,194.0,194.0,194.0,194.0,194.0,194.0,194.0,194.0,195.0,195.0,195.0,195.0,195.0,195.0,195.0,195.0,195.0,196.0,196.0,196.0,196.0,196.0,197.0,197.0,197.0,197.0,197.0,197.0,201.0,201.0,201.0,201.0,201.0,201.0,201.0,201.0,201.0,202.0,202.0,202.0,202.0,202.0,202.0,202.0,203.0,203.0,203.0,203.0,203.0,203.0,203.0,204.0,204.0,204.0,205.0,206.0,206.0,207.0,207.0,207.0,208.0,209.0,,,,,,,,,210.0,210.0,211.0,211.0,211.0,211.0,211.0,213.0,213.0,213.0,213.0,213.0,214.0,214.0,214.0,214.0,214.0,214.0,214.0,215.0,215.0,216.0,216.0,216.0,216.0,216.0,216.0,217.0,218.0,218.0,218.0,218.0,218.0,218.0,218.0,218.0,218.0,218.0,219.0,219.0,219.0,219.0,219.0,219.0,219.0,219.0,219.0,219.0,219.0,220.0,220.0,220.0,220.0,220.0,222.0,225.0,225.0,225.0,225.0,225.0,226.0,226.0,227.0,227.0,227.0,227.0,227.0,227.0,227.0,227.0,227.0,228
dnygoAycXeE,98150.0,98156.0,98171.0,98185.0,98196.0,98211.0,98223.0,98229.0,98238.0,98245.0,98254.0,98265.0,98269.0,98281.0,98288.0,98297.0,98300.0,98309.0,98323.0,98333.0,98342.0,98353.0,98362.0,98373.0,98380.0,98385.0,98401.0,98412.0,98427.0,98434.0,98446.0,98452.0,98456.0,98461.0,98468.0,98480.0,98494.0,98505.0,98518.0,98531.0,98538.0,98546.0,98560.0,98564.0,98570.0,98580.0,98584.0,98590.0,98597.0,98605.0,98621.0,98633.0,98641.0,98645.0,98654.0,98664.0,98666.0,98674.0,98679.0,98684.0,98694.0,98701.0,98709.0,98718.0,98728.0,98733.0,98745.0,98752.0,98757.0,98763.0,98770.0,98776.0,98789.0,98793.0,98797.0,98811.0,98825.0,98835.0,98844.0,98851.0,98859.0,98860.0,98867.0,98879.0,98886.0,98893.0,98895.0,98905.0,98908.0,98916.0,98928.0,98934.0,98938.0,98944.0,98951.0,98963.0,98965.0,98971.0,98974.0,98980.0,98990.0,98994.0,99004.0,99009.0,99017.0,99026.0,99039.0,99046.0,99047.0,99052.0,99058.0,99062.0,99067.0,99074.0,99085.0,99097.0,99101.0,99109.0,99115.0,99118.0,99126.0,99130.0,99138.0,99148.0,99154.0,99159.0,99171.0,99181.0,99186.0,99191.0,99202.0,99207.0,99211.0,99215.0,,,,,,,,,99276.0,99282.0,99290.0,99298.0,99311.0,99320.0,99327.0,99335.0,99344.0,99350.0,99365.0,99373.0,99379.0,99389.0,99400.0,99412.0,99424.0,99431.0,99437.0,99449.0,99461.0,99467.0,99478.0,99487.0,99492.0,99498.0,99506.0,99515.0,99521.0,99533.0,99539.0,99550.0,99553.0,99558.0,99566.0,99575.0,99586.0,99593.0,99601.0,99605.0,99608.0,99616.0,99622.0,99626.0,99638.0,99643.0,99655.0,99665.0,99677.0,99681.0,99695.0,99705.0,99719.0,99724.0,99732.0,99738.0,99745.0,99760.0,99768.0,99776.0,99781.0,99786.0,99788.0,99795.0,99800.0,99807.0,99812.0,99817.0,99822.0,99832.0,99840.0,99853
wgip631nFdY,2895871.0,2897858.0,2899806.0,2901746.0,2903589.0,2905687.0,2907870.0,2910076.0,2912194.0,2914036.0,2915790.0,2917923.0,2920108.0,2922120.0,2924064.0,2926011.0,2927830.0,2929524.0,2931288.0,2932905.0,2934692.0,2936390.0,2938171.0,2939986.0,2941619.0,2943277.0,2944965.0,2946540.0,2948076.0,2949797.0,2951382.0,2952936.0,2954266.0,2955752.0,2957279.0,2958727.0,2960212.0,2961949.0,2963379.0,2964865.0,2966205.0,2967555.0,2969103.0,2970742.0,2972285.0,2973614.0,2974984.0,2976467.0,2977836.0,2979187.0,2980479.0,2981913.0,2983159.0,2984310.0,2985496.0,2986577.0,2987533.0,2988666.0,2989794.0,2990877.0,2991947.0,2993157.0,2994393.0,2995584.0,2996779.0,2998100.0,2999253.0,3000408.0,3001326.0,3002665.0,3003790.0,3004768.0,3005887.0,3006790.0,3007810.0,3008830.0,3009746.0,3010716.0,3011730.0,3012667.0,3013670.0,3014649.0,3015646.0,3016747.0,3017821.0,3018882.0,3019909.0,3020811.0,3021817.0,3022748.0,3023834.0,3024683.0,3025605.0,3026606.0,3027686.0,3028755.0,3029816.0,3030802.0,3031949.0,3033091.0,3034415.0,3035754.0,3036927.0,3039248.0,3041760.0,3044462.0,3047535.0,3050568.0,3053346.0,3056447.0,3059692.0,3063453.0,3066475.0,3069450.0,3072001.0,3074343.0,3076736.0,3079304.0,3081752.0,3084037.0,3085546.0,3086928.0,3088212.0,3089375.0,3090627.0,3091737.0,3092813.0,3093939.0,3095042.0,3096080.0,3097142.0,3098203.0,3099228.0,3100260.0,,,,,,,,,3110187.0,3111292.0,3112463.0,3113588.0,3114810.0,3116022.0,3117140.0,3118184.0,3119452.0,3120557.0,3121652.0,3122707.0,3123789.0,3124954.0,3126087.0,3127198.0,3128296.0,3129452.0,3130489.0,3131648.0,3132748.0,3133846.0,3135024.0,3136096.0,3137217.0,3138217.0,3139436.0,3140696.0,3141687.0,3142848.0,3144041.0,3145175.0,3146353.0,3147484.0,3148574.0,3149640.0,3150813.0,3151841.0,3152896.0,3153990.0,3155080.0,3156250.0,3157445.0,3158400.0,3159491.0,3160607.0,3161785.0,3162966.0,3163950.0,3165014.0,3165979.0,3167122.0,3168165.0,3169338.0,3170434.0,3171527.0,3172703.0,3173831.0,3174938.0,3175997.0,3177106.0,3178144.0,3179053.0,3180049.0,3181043.0,3182140.0,3183155.0,3184202.0,3185213.0,3186232.0,3187159.0,3188152
WsREawZfufw,14469754.0,14472244.0,14475210.0,14478357.0,14481691.0,14484944.0,14487689.0,14490721.0,14493900.0,14497409.0,14501376.0,14504870.0,14508354.0,14511422.0,14514610.0,14517949.0,14521332.0,14524122.0,14526825.0,14529744.0,14532244.0,14535228.0,14538401.0,14541076.0,14543466.0,14545997.0,14548324.0,14550544.0,14552960.0,14555391.0,14557730.0,14559944.0,14562244.0,14564545.0,14566706.0,14569092.0,14571913.0,14574172.0,14576421.0,14578497.0,14580485.0,14582386.0,14584262.0,14586329.0,14588646.0,14590628.0,14592606.0,14594653.0,14596607.0,14598471.0,14600442.0,14602289.0,14604039.0,14605734.0,14607732.0,14609576.0,14611501.0,14613442.0,14615465.0,14617461.0,14619496.0,14621706.0,14623941.0,14625844.0,14627641.0,14629592.0,14631490.0,14633345.0,14634927.0,14637017.0,14638841.0,14640768.0,14642783.0,14644726.0,14646578.0,14648459.0,14650422.0,14652560.0,14654563.0,14656522.0,14658331.0,14660049.0,14661846.0,14663611.0,14665303.0,14667055.0,14668933.0,14670668.0,14672397.0,14674271.0,14676189.0,14677997.0,14680038.0,14682024.0,14683854.0,14685615.0,14687402.0,14689177.0,14690809.0,14692453.0,14694282.0,14696318.0,14698047.0,14699807.0,14701689.0,14703573.0,14705508.0,14707293.0,14709216.0,14710981.0,14712761.0,14714864.0,14716861.0,14719112.0,14721281.0,14723432.0,14725293.0,14727259.0,14729218.0,14731178.0,14733199.0,14735147.0,14737040.0,14738831.0,14740715.0,14742669.0,14744470.0,14746265.0,14748024.0,14749755.0,14751339.0,14752959.0,14754601.0,14756241.0,,,,,,,,,14771454.0,14772972.0,14774541.0,14776042.0,14777558.0,14778960.0,14780444.0,14781838.0,14783364.0,14784803.0,14786303.0,14787670.0,14789346.0,14790806.0,14792296.0,14793787.0,14795226.0,14796769.0,14798407.0,14800002.0,14801553.0,14803198.0,14804800.0,14806538.0,14808134.0,14809829.0,14811641.0,14813485.0,14815202.0,14816815.0,14818473.0,14820196.0,14821902.0,14823586.0,14825303.0,14826902.0,14828589.0,14830151.0,14831955.0,14833626.0,14835263.0,14837050.0,14838939.0,14840601.0,14842452.0,14844398.0,14846237.0,14848041.0,14849874.0,14851635.0,14853355.0,14855092.0,14856827.0,14858795.0,14860668.0,14862538.0,14864354.0,14866003.0,14867819.0,14869778.0,14871623.0,14873176.0,14874580.0,14876445.0,14878031.0,14879725.0,14881557.0,14883308.0,14884948.0,14886622.0,14888236.0,14890918
yMu26ezF1wM,4314.0,4318.0,4321.0,4323.0,4323.0,4325.0,4325.0,4325.0,4329.0,4330.0,4332.0,4335.0,4338.0,4338.0,4342.0,4343.0,4344.0,4344.0,4344.0,4344.0,4345.0,4345.0,4348.0,4348.0,4349.0,4351.0,4352.0,4353.0,4354.0,4358.0,4359.0,4363.0,4365.0,4366.0,4368.0,4376.0,4397.0,4402.0,4409.0,4413.0,4417.0,4420.0,4428.0,4430.0,4435.0,4439.0,4441.0,4441.0,4447.0,4452.0,4457.0,4458.0,4462.0,4465.0,4468.0,4471.0,4471.0,4473.0,4477.0,4478.0,4482.0,4483.0,4483.0,4486.0,4488.0,4490.0,4491.0,4491.0,4491.0,4495.0,4497.0,4498.0,4499.0,4500.0,4502.0,4503.0,4503.0,4504.0,4505.0,4506.0,4510.0,4517.0,4517.0,4518.0,4524.0,4527.0,4527.0,4529.0,4532.0,4536.0,4544.0,4544.0,4544.0,4546.0,4548.0,4551.0,4552.0,4553.0,4553.0,4556.0,4556.0,4559.0,4559.0,4560.0,4563.0,4564.0,4564.0,4566.0,4566.0,4570.0,4575.0,4575.0,4576.0,4579.0,4582.0,4584.0,4584.0,4586.0,4589.0,4591.0,4592.0,4593.0,4593.0,4593.0,4597.0,4600.0,4604.0,4604.0,4604.0,4605.0,4605.0,4606.0,4608.0,4613.0,,,,,,,,,4631.0,4631.0,4631.0,4635.0,4644.0,4646.0,4653.0,4662.0,4663.0,4665.0,4665.0,4669.0,4669.0,4670.0,4673.0,4677.0,4679.0,4681.0,4681.0,4682.0,4682.0,4684.0,4684.0,4684.0,4687.0,4688.0,4689.0,4690.0,4690.0,4690.0,4731.0,4733.0,4737.0,4738.0,4742.0,4745.0,4746.0,4746.0,4747.0,4750.0,4754.0,4755.0,4756.0,4757.0,4757.0,4757.0,4759.0,4759.0,4761.0,4764.0,4767.0,4768.0,4770.0,4773.0,4773.0,4773.0,4780.0,4780.0,4783.0,4788.0,4792.0,4793.0,4798.0,4800.0,4801.0,4803.0,4805.0,4805.0,4805.0,4809.0,4809.0,4810
V-O2Co9G_50,27706.0,27717.0,27725.0,27731.0,27740.0,27748.0,27755.0,27770.0,27778.0,27788.0,27796.0,27809.0,27824.0,27835.0,27849.0,27856.0,27868.0,27880.0,27887.0,27895.0,27906.0,27916.0,27925.0,27937.0,27943.0,27957.0,27964.0,27976.0,27984.0,28000.0,28013.0,28026.0,28035.0,28050.0,28051.0,28060.0,28071.0,28079.0,28086.0,28093.0,28102.0,28110.0,28121.0,28143.0,28147.0,28159.0,28170.0,28178.0,28189.0,28196.0,28214.0,28231.0,28245.0,28254.0,28263.0,28280.0,28288.0,28298.0,28306.0,28320.0,28330.0,28339.0,28347.0,28358.0,28370.0,28394.0,28408.0,28420.0,28430.0,28440.0,28451.0,28459.0,28472.0,28483.0,28502.0,28512.0,28517.0,28526.0,28532.0,28542.0,28551.0,28559.0,28568.0,28581.0,28591.0,28610.0,28618.0,28630.0,28638.0,28649.0,28659.0,28673.0,28677.0,28686.0,28696.0,28700.0,28708.0,28714.0,28727.0,28739.0,28745.0,28751.0,28763.0,28773.0,28779.0,28782.0,28785.0,28793.0,28801.0,28810.0,28818.0,28822.0,28825.0,28835.0,28845.0,28856.0,28861.0,28869.0,28880.0,28884.0,28892.0,28904.0,28913.0,28919.0,28931.0,28944.0,28950.0,28959.0,28970.0,28982.0,28995.0,29009.0,29021.0,29028.0,,,,,,,,,29088.0,29095.0,29102.0,29108.0,29115.0,29118.0,29126.0,29135.0,29138.0,29147.0,29152.0,29162.0,29169.0,29175.0,29183.0,29200.0,29212.0,29220.0,29225.0,29231.0,29236.0,29239.0,29240.0,29246.0,29249.0,29259.0,29260.0,29270.0,29277.0,29280.0,29295.0,29296.0,29303.0,29316.0,29327.0,29335.0,29340.0,29346.0,29353.0,29364.0,29370.0,29394.0,29403.0,29407.0,29415.0,29428.0,29440.0,29445.0,29447.0,29453.0,29458.0,29461.0,29470.0,29477.0,29490.0,29496.0,29504.0,29507.0,29510.0,29520.0,29528.0,29534.0,29540.0,29548.0,29554.0,29561.0,29567.0,29570.0,29573.0,29575.0,29582.0,29586
b1n1UKlHNMU,29850.0,29853.0,29859.0,29872.0,29879.0,29888.0,29895.0,29905.0,29911.0,29918.0,29924.0,29926.0,29932.0,29935.0,29943.0,29951.0,29954.0,29958.0,29963.0,29968.0,29976.0,29981.0,29988.0,29991.0,29996.0,30007.0,30048.0,31130.0,32300.0,32709.0,33010.0,33201.0,33317.0,33449.0,33533.0,33590.0,33642.0,33667.0,33694.0,33731.0,33758.0,33778.0,33801.0,33825.0,33853.0,33889.0,33910.0,33934.0,33952.0,33971.0,33997.0,34014.0,34034.0,34046.0,34063.0,34078.0,34096.0,34105.0,34118.0,34135.0,34151.0,34169.0,34180.0,34195.0,34209.0,34222.0,34242.0,34251.0,34257.0,34271.0,34299.0,34320.0,34337.0,34355.0,34363.0,34375.0,34387.0,34397.0,34409.0,34422.0,34443.0,34449.0,34464.0,34480.0,34485.0,34490.0,34503.0,34528.0,34545.0,34554.0,34568.0,34578.0,34585.0,34594.0,34600.0,34612.0,34619.0,34627.0,34634.0,34649.0,34659.0,34674.0,34683.0,34693.0,34704.0,34714.0,34724.0,34734.0,34741.0,34748.0,34759.0,34776.0,34779.0,34788.0,34795.0,34801.0,34810.0,34828.0,34837.0,34847.0,34855.0,34867.0,34875.0,34879.0,34892.0,34901.0,34909.0,34915.0,34921.0,34927.0,34934.0,34941.0,34943.0,34954.0,,,,,,,,,35009.0,35019.0,35024.0,35032.0,35035.0,35063.0,35082.0,35094.0,35121.0,35155.0,35185.0,35217.0,35236.0,35245.0,35269.0,35291.0,35313.0,35328.0,35343.0,35351.0,35357.0,35370.0,35376.0,35381.0,35389.0,35395.0,35404.0,35413.0,35419.0,35424.0,35430.0,35439.0,35446.0,35455.0,35462.0,35480.0,35483.0,35491.0,35493.0,35500.0,35506.0,35510.0,35518.0,35525.0,35536.0,35544.0,35555.0,35561.0,35575.0,35583.0,35590.0,35596.0,35601.0,35607.0,35616.0,35623.0,35627.0,35636.0,35645.0,35650.0,35656.0,35656.0,35661.0,35661.0,35667.0,35671.0,35680.0,35686.0,35691.0,35693.0,35697.0,35704
EEWR2kZ4kCo,184799.0,184821.0,184844.0,184858.0,184883.0,184910.0,184933.0,184949.0,184967.0,184997.0,185024.0,185045.0,185064.0,185092.0,185125.0,185160.0,185195.0,185215.0,185236.0,185262.0,185291.0,185305.0,185326.0,185344.0,185357.0,185381.0,185405.0,185420.0,185443.0,185464.0,185481.0,185506.0,185532.0,185557.0,185573.0,185598.0,185625.0,185657.0,185691.0,185709.0,185724.0,185744.0,185768.0,185790.0,185818.0,185833.0,185846.0,185864.0,185881.0,185899.0,185917.0,185944.0,185957.0,185984.0,186003.0,186023.0,186034.0,186049.0,186082.0,186104.0,186125.0,186142.0,186164.0,186185.0,186209.0,186227.0,186240.0,186261.0,186271.0,186292.0,186306.0,186323.0,186338.0,186358.0,186379.0,186406.0,186434.0,186454.0,186483.0,186513.0,186543.0,186575.0,186602.0,186625.0,186650.0,186661.0,186674.0,186690.0,186715.0,186733.0,186753.0,186774.0,186796.0,186815.0,186825.0,186844.0,186859.0,186875.0,186902.0,186923.0,186939.0,186963.0,186989.0,187008.0,187031.0,187046.0,187076.0,187102.0,187118.0,187138.0,187159.0,187176.0,187195.0,187220.0,187247.0,187261.0,187282.0,187300.0,187311.0,187324.0,187345.0,187367.0,187388.0,187399.0,187410.0,187421.0,187433.0,187450.0,187463.0,187469.0,187482.0,187495.0,187519.0,187535.0,,,,,,,,,187680.0,187693.0,187705.0,187725.0,187747.0,187776.0,187799.0,187814.0,187837.0,187853.0,187869.0,187886.0,187906.0,187929.0,187951.0,187976.0,188003.0,188031.0,188051.0,188073.0,188094.0,188107.0,188128.0,188135.0,188149.0,188162.0,188182.0,188201.0,188212.0,188238.0,188255.0,188267.0,188275.0,188290.0,188302.0,188318.0,188330.0,188341.0,188355.0,188371.0,188387.0,188398.0,188412.0,188424.0,188440.0,188467.0,188487.0,188503.0,188526.0,188547.0,188564.0,188578.0,188601.0,188618.0,188643.0,188658.0,188678.0,188694.0,188718.0,188731.0,188753.0,188770.0,188791.0,188813.0,188826.0,188853.0,188881.0,188899.0,188916.0,188930.0,188947.0,188960
nMRFbq765rM,23821.0,23823.0,23825.0,23829.0,23833.0,23837.0,23838.0,23845.0,23848.0,23849.0,23854.0,23858.0,23863.0,23871.0,23876.0,23880.0,23882.0,23887.0,23891.0,23899.0,23902.0,23904.0,23910.0,23915.0,23915.0,23917.0,23920.0,23923.0,23929.0,23934.0,23937.0,23940.0,23941.0,23943.0,23946.0,23948.0,23949.0,23953.0,23954.0,23958.0,23960.0,23966.0,23970.0,23977.0,23982.0,23983.0,23990.0,23993.0,24002.0,24008.0,24010.0,24012.0,24013.0,24013.0,24015.0,24019.0,24021.0,24026.0,24040.0,24076.0,24093.0,24094.0,24102.0,24105.0,24107.0,24110.0,24113.0,24113.0,24114.0,24118.0,24121.0,24123.0,24125.0,24130.0,24137.0,24138.0,24138.0,24143.0,24145.0,24146.0,24149.0,24152.0,24153.0,24156.0,24156.0,24158.0,24160.0,24163.0,24167.0,24168.0,24169.0,24174.0,24175.0,24176.0,24178.0,24179.0,24182.0,24183.0,24184.0,24185.0,24186.0,24188.0,24188.0,24190.0,24192.0,24193.0,24194.0,24196.0,24200.0,24203.0,24209.0,24209.0,24209.0,24209.0,24215.0,24217.0,24218.0,24221.0,24222.0,24223.0,24224.0,24225.0,24228.0,24229.0,24231.0,24234.0,24238.0,24239.0,24241.0,24243.0,24248.0,24250.0,24252.0,24253.0,,,,,,,,,24292.0,24298.0,24305.0,24311.0,24312.0,24316.0,24319.0,24322.0,24327.0,24329.0,24334.0,24337.0,24339.0,24345.0,24350.0,24352.0,24352.0,24358.0,24359.0,24366.0,24369.0,24374.0,24378.0,24382.0,24383.0,24385.0,24387.0,24388.0,24395.0,24399.0,24402.0,24405.0,24406.0,24408.0,24409.0,24412.0,24413.0,24414.0,24415.0,24420.0,24425.0,24431.0,24437.0,24441.0,24449.0,24452.0,24454.0,24460.0,24465.0,24467.0,24470.0,24472.0,24474.0,24478.0,24480.0,24484.0,24487.0,24489.0,24489.0,24491.0,24494.0,24496.0,24502.0,24509.0,24512.0,24519.0,24526.0,24537.0,24543.0,24548.0,24553.0,24558
fY9Zc2ZdrHg,14450.0,14450.0,14452.0,14452.0,14455.0,14457.0,14458.0,14458.0,14458.0,14459.0,14461.0,14461.0,14466.0,14470.0,14471.0,14473.0,14473.0,14473.0,14474.0,14476.0,14477.0,14478.0,14479.0,14479.0,14482.0,,,,,,,,,,,,,,,,,,,,,,,,,,,,,,,,,,,,,,,,,,,,,,,,,,,,,,,,,,,,,,,,,,,,,,,,,,,,,,,,,,,,,,,,,,,,,,,,,,,,,,,,,,,,,,,,,,,,,,,,,,,,,,,,,,,,,,,,,,,,,,,,,,,,,,,,,,,,,,,,,,,,,,,,,,,,,,,,,,,,,,,,,,,,,
4TZvzOUnBvQ,11253.0,11255.0,11257.0,11258.0,11260.0,11262.0,11265.0,11272.0,11276.0,11280.0,11280.0,11284.0,11287.0,11289.0,11290.0,11291.0,11293.0,11293.0,11298.0,11300.0,11302.0,11306.0,11307.0,11307.0,11307.0,,,,,,,,,,,,,,,,,,,,,,,,,,,,,,,,,,,,,,,,,,,,,,,,,,,,,,,,,,,,,,,,,,,,,,,,,,,,,,,,,,,,,,,,,,,,,,,,,,,,,,,,,,,,,,,,,,,,,,,,,,,,,,,,,,,,,,,,,,,,,,,,,,,,,,,,,,,,,,,,,,,,,,,,,,,,,,,,,,,,,,,,,,,,,
3CyXtti97nI,995953.0,995953.0,995953.0,995953.0,995953.0,995953.0,995953.0,995953.0,995953.0,995953.0,995953.0,995953.0,995953.0,995953.0,995953.0,995953.0,995953.0,995953.0,995953.0,995953.0,995953.0,995953.0,995953.0,995953.0,995953.0,995953.0,995953.0,995953.0,995953.0,995953.0,995953.0,995953.0,995953.0,995953.0,995953.0,995953.0,995953.0,995953.0,995953.0,995953.0,995953.0,995953.0,995953.0,995953.0,995953.0,995953.0,995953.0,995953.0,995953.0,995953.0,995953.0,995953.0,995953.0,995953.0,995953.0,995953.0,995953.0,995953.0,995953.0,995953.0,995953.0,995953.0,995953.0,995953.0,995953.0,995953.0,995953.0,995953.0,995953.0,995953.0,995953.0,995953.0,995953.0,995953.0,995953.0,995953.0,995953.0,995953.0,995953.0,995953.0,995953.0,995953.0,995953.0,995953.0,995953.0,995953.0,995953.0,995953.0,995953.0,995953.0,995953.0,995953.0,995953.0,995953.0,995953.0,995953.0,995953.0,995953.0,995953.0,995953.0,995953.0,995953.0,995953.0,995953.0,995953.0,995953.0,995953.0,995953.0,995953.0,995953.0,995953.0,995953.0,995953.0,995953.0,995953.0,995953.0,995953.0,995953.0,995953.0,995953.0,995953.0,995953.0,995953.0,995953.0,995953.0,995953.0,995953.0,995953.0,995953.0,995953.0,995953.0,995953.0,995953.0,995953.0,,,,,,,,,995953.0,995953.0,995953.0,995953.0,995953.0,995953.0,995953.0,995953.0,995953.0,995953.0,995953.0,995953.0,995953.0,995953.0,995953.0,995953.0,995953.0,995953.0,995953.0,995953.0,995953.0,995953.0,995953.0,995953.0,995953.0,995953.0,995953.0,995953.0,995953.0,995953.0,995953.0,995953.0,995953.0,995953.0,995953.0,995953.0,995953.0,995953.0,995953.0,995953.0,995953.0,995953.0,995953.0,995953.0,995953.0,995953.0,995953.0,995953.0,995953.0,995953.0,995953.0,995953.0,995953.0,995953.0,995953.0,995953.0,995953.0,995953.0,995953.0,995953.0,995953.0,995953.0,995953.0,995953.0,995953.0,995953.0,995953.0,995953.0,995953.0,995953.0,995953.0,995953
QGErxCM1tMQ,116363.0,116363.0,116363.0,116363.0,116363.0,116363.0,116363.0,116363.0,116363.0,116363.0,116363.0,116363.0,116363.0,116363.0,116363.0,116363.0,116363.0,116363.0,116363.0,116363.0,116363.0,116363.0,116363.0,116363.0,116363.0,116363.0,116363.0,116363.0,116363.0,116363.0,116363.0,116363.0,116363.0,116363.0,116363.0,116363.0,116363.0,116363.0,116363.0,116363.0,116363.0,116363.0,116363.0,116363.0,116363.0,116363.0,116363.0,116363.0,116363.0,116363.0,116363.0,116363.0,116363.0,116363.0,116363.0,116363.0,116363.0,116363.0,116363.0,116363.0,116363.0,116363.0,116363.0,116363.0,116363.0,116363.0,116363.0,116363.0,116363.0,116363.0,116363.0,116363.0,116363.0,116363.0,116363.0,116363.0,116363.0,116363.0,116363.0,116363.0,116363.0,116363.0,116363.0,116363.0,116363.0,116363.0,116363.0,116363.0,116363.0,116363.0,116363.0,116363.0,116363.0,116363.0,116363.0,116363.0,116363.0,116363.0,116363.0,116363.0,116363.0,116363.0,116363.0,116363.0,116363.0,116363.0,116363.0,116363.0,116363.0,116363.0,116363.0,116363.0,116363.0,116363.0,116363.0,116363.0,116363.0,116363.0,116363.0,116363.0,116363.0,116363.0,116363.0,116363.0,116363.0,116363.0,116363.0,116363.0,116363.0,116363.0,116363.0,116363.0,116363.0,116363.0,,,,,,,,,116363.0,116363.0,116363.0,116363.0,116363.0,116363.0,116363.0,116363.0,116363.0,116363.0,116363.0,116363.0,116363.0,116363.0,116363.0,116363.0,116363.0,116363.0,116363.0,116363.0,116363.0,116363.0,116363.0,116363.0,116363.0,116363.0,116363.0,116363.0,116363.0,116363.0,116363.0,116363.0,116363.0,116363.0,116363.0,116363.0,116363.0,116363.0,116363.0,116363.0,116363.0,116363.0,116363.0,116363.0,116363.0,116363.0,116363.0,116363.0,116363.0,116363.0,116363.0,116363.0,116363.0,116363.0,116363.0,116363.0,116363.0,116363.0,116363.0,116363.0,116363.0,116363.0,116363.0,116363.0,116363.0,116363.0,116363.0,116363.0,116363.0,116363.0,116363.0,116363
z4_DLl4VVjE,66444.0,66444.0,66444.0,66444.0,66444.0,66444.0,66444.0,66444.0,66444.0,66444.0,66444.0,66444.0,66444.0,66444.0,66444.0,66444.0,66444.0,66444.0,66444.0,66444.0,66444.0,66444.0,66444.0,66444.0,66444.0,66444.0,66444.0,66444.0,66444.0,66444.0,66444.0,66444.0,66444.0,66444.0,66444.0,66444.0,66444.0,66444.0,66444.0,66444.0,66444.0,66444.0,66444.0,66444.0,66444.0,66444.0,66444.0,66444.0,66444.0,66444.0,66444.0,66444.0,66444.0,66444.0,66444.0,66444.0,66444.0,66444.0,66444.0,66444.0,66444.0,66444.0,66444.0,66444.0,66444.0,66444.0,66444.0,66444.0,66444.0,66444.0,66444.0,66444.0,66444.0,66444.0,66444.0,66444.0,66444.0,66444.0,66444.0,66444.0,66444.0,66444.0,66444.0,66444.0,66444.0,66444.0,66444.0,66444.0,66444.0,66444.0,66444.0,66444.0,66444.0,66444.0,66444.0,66444.0,66444.0,66444.0,66444.0,66444.0,66444.0,66444.0,66444.0,66444.0,66444.0,66444.0,66444.0,66444.0,66444.0,66444.0,66444.0,66444.0,66444.0,66444.0,66444.0,66444.0,66444.0,66444.0,66444.0,66444.0,66444.0,66444.0,66444.0,66444.0,66444.0,66444.0,66444.0,66444.0,66444.0,66444.0,66444.0,66444.0,66444.0,66444.0,,,,,,,,,66444.0,66444.0,66444.0,66444.0,66444.0,66444.0,66444.0,66444.0,66444.0,66444.0,66444.0,66444.0,66444.0,66444.0,66444.0,66444.0,66444.0,66444.0,66444.0,66444.0,66444.0,66444.0,66444.0,66444.0,66444.0,66444.0,66444.0,66444.0,66444.0,66444.0,66444.0,66444.0,66444.0,66444.0,66444.0,66444.0,66444.0,66444.0,66444.0,66444.0,66444.0,66444.0,66444.0,66444.0,66444.0,66444.0,66444.0,66444.0,66444.0,66444.0,66444.0,66444.0,66444.0,66444.0,66444.0,66444.0,66444.0,66444.0,66444.0,66444.0,66444.0,66444.0,66444.0,66444.0,66444.0,66444.0,66444.0,66444.0,66444.0,66444.0,66444.0,66444
BPTcweDPdnU,1301384.0,1301700.0,1301991.0,1302391.0,1302650.0,1302930.0,1303213.0,1303489.0,1303796.0,1304079.0,1304442.0,1304752.0,1305098.0,1305403.0,1305770.0,1306030.0,1306390.0,1306662.0,1306933.0,1307231.0,1307564.0,1307929.0,1308340.0,1308735.0,1309087.0,1309420.0,1309736.0,1310047.0,1310392.0,1310685.0,1310952.0,1311257.0,1311505.0,1311819.0,1312111.0,1312451.0,1312721.0,1312974.0,1313236.0,1313504.0,1313761.0,1314044.0,1314280.0,1314549.0,1314761.0,1315002.0,1315190.0,1315372.0,1315595.0,1315778.0,1316010.0,1316191.0,1316401.0,1316567.0,1316744.0,1316944.0,1317130.0,1317299.0,1317468.0,1317656.0,1317862.0,1318095.0,1318289.0,1318446.0,1318605.0,1318796.0,1319031.0,1319248.0,1319453.0,1319699.0,1319890.0,1320109.0,1320341.0,1320540.0,1320743.0,1320922.0,1321130.0,1321330.0,1321512.0,1321721.0,1321948.0,1322110.0,1322287.0,1322496.0,1322686.0,1322926.0,1323150.0,1323324.0,1323544.0,1323753.0,1323940.0,1324133.0,1324347.0,1324573.0,1324771.0,1325002.0,1325215.0,1325391.0,1325562.0,1325730.0,1325915.0,1326126.0,1326289.0,1326494.0,1326729.0,1326903.0,1327106.0,1327283.0,1327476.0,1327734.0,1327941.0,1328096.0,1328259.0,1328451.0,1328674.0,1328904.0,1329095.0,1329309.0,1329493.0,1329678.0,1329860.0,1330037.0,1330247.0,1330401.0,1330601.0,1330793.0,1330962.0,1331139.0,1331337.0,1331491.0,1331651.0,1331793.0,1331949.0,1332078.0,,,,,,,,,1333595.0,1333818.0,1334023.0,1334216.0,1334398.0,1334585.0,1334759.0,1334951.0,1335168.0,1335368.0,1335596.0,1335788.0,1336013.0,1336226.0,1336445.0,1336674.0,1336964.0,1337169.0,1337446.0,1337743.0,1337931.0,1338209.0,1338432.0,1338649.0,1338880.0,1339099.0,1339286.0,1339504.0,1339685.0,1339910.0,1340154.0,1340355.0,1340599.0,1340800.0,1340997.0,1341160.0,1341369.0,1341519.0,1341745.0,1341990.0,1342159.0,1342365.0,1342575.0,1342769.0,1342959.0,1343210.0,1343414.0,1343566.0,1343797.0,1343991.0,1344198.0,1344373.0,1344581.0,1344815.0,1345001.0,1345228.0,1345492.0,1345686.0,1345910.0,1346177.0,1346404.0,1346601.0,1346818.0,1347027.0,1347210.0,1347495.0,1347741.0,1347952.0,1348183.0,1348365.0,1348583.0,1348792
Pu0kpKvPPV0,273855.0,273882.0,273907.0,273926.0,273946.0,273981.0,274021.0,274068.0,274106.0,274137.0,274167.0,274206.0,274232.0,274271.0,274317.0,274363.0,274415.0,274456.0,274500.0,274577.0,274626.0,274718.0,274784.0,274840.0,274899.0,274974.0,275037.0,275106.0,275207.0,275301.0,275381.0,275447.0,275523.0,275575.0,275645.0,275704.0,275758.0,275850.0,275917.0,275962.0,276003.0,276058.0,276106.0,276173.0,276203.0,276243.0,276290.0,276340.0,276388.0,276436.0,276486.0,276538.0,276580.0,276623.0,276671.0,276718.0,276758.0,276800.0,276829.0,276859.0,276894.0,276927.0,276960.0,276989.0,277017.0,277050.0,277076.0,277096.0,277123.0,277167.0,277193.0,277224.0,277246.0,277285.0,277303.0,277336.0,277360.0,277379.0,277407.0,277424.0,277454.0,277474.0,277495.0,277517.0,277537.0,277559.0,277591.0,277614.0,277641.0,277668.0,277690.0,277711.0,277733.0,277755.0,277778.0,277797.0,277811.0,277831.0,277856.0,277875.0,277891.0,277918.0,277932.0,277954.0,277974.0,277990.0,278013.0,278027.0,278045.0,278071.0,278086.0,278105.0,278119.0,278136.0,278159.0,278177.0,278199.0,278217.0,278236.0,278262.0,278277.0,278302.0,278320.0,278336.0,278351.0,278373.0,278389.0,278419.0,278441.0,278458.0,278485.0,278511.0,278528.0,278553.0,,,,,,,,,278740.0,278770.0,278798.0,278815.0,278836.0,278856.0,278883.0,278895.0,278919.0,278941.0,278953.0,278968.0,278993.0,279008.0,279032.0,279054.0,279068.0,279086.0,279105.0,279129.0,279149.0,279162.0,279179.0,279204.0,279227.0,279240.0,279260.0,279271.0,279300.0,279327.0,279344.0,279358.0,279365.0,279384.0,279406.0,279426.0,279445.0,279471.0,279496.0,279518.0,279544.0,279565.0,279590.0,279612.0,279635.0,279651.0,279683.0,279704.0,279725.0,279743.0,279763.0,279785.0,279815.0,279836.0,279862.0,279887.0,279903.0,279919.0,279942.0,279964.0,279986.0,280011.0,280032.0,280046.0,280074.0,280099.0,280132.0,280154.0,280167.0,280180.0,280199.0,280214
44AIBLEJfmQ,3880485.0,3884749.0,3889139.0,3893333.0,3898342.0,3903306.0,3908145.0,3913220.0,3917790.0,3922296.0,3926724.0,3930977.0,3935562.0,3940263.0,3945215.0,3949927.0,3955647.0,3960998.0,3967225.0,3973294.0,3978861.0,3985351.0,3991638.0,3997765.0,4003385.0,4010878.0,4018679.0,4026357.0,4033673.0,4041734.0,4049748.0,4056254.0,4063243.0,4070882.0,4079499.0,4087733.0,4096091.0,4104830.0,4111714.0,4118336.0,4124634.0,4132035.0,4138585.0,4145328.0,4152049.0,4159683.0,4167501.0,4175124.0,4182514.0,4189620.0,4197304.0,4205563.0,4213090.0,4221053.0,4228667.0,4236322.0,4242839.0,4248731.0,4253486.0,4257627.0,4262204.0,4267137.0,4271740.0,4276403.0,4280987.0,4285563.0,4289123.0,4294631.0,4298921.0,4304309.0,4309602.0,4314551.0,4319615.0,4324705.0,4330357.0,4335978.0,4341116.0,4346790.0,4353195.0,4358482.0,4363019.0,4368443.0,4374302.0,4379748.0,4385089.0,4390485.0,4395494.0,4400224.0,4405261.0,4409939.0,4414693.0,4419533.0,4424636.0,4429052.0,4432828.0,4437247.0,4441538.0,4446004.0,4450412.0,4454728.0,4458586.0,4462584.0,4466793.0,4471104.0,4475064.0,4479089.0,4483329.0,4487121.0,4490601.0,4494677.0,4498924.0,4503003.0,4507288.0,4511364.0,4515174.0,4518651.0,4522894.0,4526776.0,4530878.0,4535757.0,4540087.0,4544569.0,4548588.0,4552441.0,4555910.0,4559704.0,4563137.0,4566815.0,4570475.0,4573537.0,4577309.0,4581378.0,4585407.0,4588836.0,,,,,,,,,4620702.0,4623831.0,4627229.0,4630451.0,4633686.0,4637349.0,4640402.0,4643431.0,4647322.0,4650733.0,4654372.0,4658018.0,4660968.0,4663613.0,4665996.0,4668432.0,4670751.0,4673044.0,4675319.0,4678320.0,4681468.0,4684391.0,4687046.0,4689976.0,4692623.0,4695572.0,4698518.0,4701904.0,4704824.0,4707452.0,4710703.0,4713809.0,4716743.0,4719478.0,4722577.0,4725432.0,4728021.0,4731011.0,4734175.0,4738502.0,4743086.0,4748006.0,4752171.0,4756059.0,4760857.0,4765001.0,4769167.0,4773420.0,4777869.0,4781938.0,4785560.0,4789585.0,4793246.0,4796940.0,4800578.0,4804490.0,4808171.0,4811685.0,4815696.0,4819922.0,4823855.0,4827126.0,4830697.0,4834065.0,4837087.0,4840635.0,4844141.0,4847816.0,4850851.0,4854437.0,4857926.0,4861456
5sxqPkxzoi8,158144.0,158149.0,158156.0,158159.0,158169.0,158180.0,158184.0,158191.0,158198.0,158207.0,158215.0,158220.0,158226.0,158231.0,158234.0,158239.0,158246.0,158256.0,158259.0,158265.0,158274.0,158284.0,158293.0,158301.0,158309.0,158315.0,158317.0,158321.0,158326.0,158337.0,158338.0,158340.0,158341.0,158343.0,158346.0,158352.0,158358.0,158368.0,158379.0,158382.0,158388.0,158391.0,158410.0,158421.0,158428.0,158432.0,158437.0,158444.0,158445.0,158449.0,158454.0,158457.0,158463.0,158469.0,158473.0,158475.0,158477.0,158484.0,158486.0,158494.0,158502.0,158508.0,158513.0,158522.0,158534.0,158547.0,158557.0,158563.0,158573.0,158576.0,158580.0,158594.0,158599.0,158608.0,158613.0,158619.0,158620.0,158622.0,158629.0,158636.0,158639.0,158644.0,158648.0,158653.0,158656.0,158659.0,158667.0,158672.0,158677.0,158682.0,158689.0,158692.0,158698.0,158705.0,158708.0,158711.0,158717.0,158725.0,158728.0,158734.0,158738.0,158739.0,158742.0,158748.0,158755.0,158761.0,158764.0,158767.0,158770.0,158776.0,158781.0,158783.0,158784.0,158786.0,158789.0,158793.0,158796.0,158799.0,158802.0,158804.0,158807.0,158810.0,158814.0,158818.0,158820.0,158824.0,158827.0,158828.0,158831.0,158837.0,158838.0,158840.0,158842.0,158848.0,,,,,,,,,158894.0,158901.0,158905.0,158909.0,158917.0,158927.0,158934.0,158936.0,158943.0,158949.0,158952.0,158957.0,158963.0,158965.0,158969.0,158977.0,158982.0,158988.0,158994.0,158997.0,159001.0,159003.0,159008.0,159012.0,159017.0,159023.0,159026.0,159031.0,159037.0,159043.0,159048.0,159051.0,159053.0,159056.0,159057.0,159060.0,159062.0,159065.0,159068.0,159070.0,159073.0,159077.0,159081.0,159086.0,159091.0,159094.0,159100.0,159103.0,159107.0,159112.0,159117.0,159120.0,159122.0,159125.0,159126.0,159127.0,159128.0,159129.0,159130.0,159131.0,159133.0,159135.0,159138.0,159141.0,159145.0,159150.0,159152.0,159156.0,159160.0,159165.0,159169.0,159173
wKYCOlLxY8Q,417348.0,417429.0,417493.0,417579.0,417638.0,417702.0,417771.0,417852.0,417911.0,417987.0,418049.0,418103.0,418173.0,418237.0,418339.0,418397.0,418479.0,418567.0,418632.0,418713.0,418790.0,418853.0,418930.0,418988.0,419049.0,419108.0,419167.0,419237.0,419330.0,419394.0,419444.0,419494.0,419562.0,419622.0,419686.0,419754.0,419818.0,419879.0,419951.0,420028.0,420111.0,420164.0,420241.0,420304.0,420355.0,420427.0,420495.0,420603.0,420702.0,420808.0,420883.0,420956.0,421012.0,421073.0,421138.0,421203.0,421266.0,421332.0,421409.0,421464.0,421521.0,421600.0,421664.0,421749.0,421799.0,421852.0,421900.0,421936.0,421980.0,422068.0,422142.0,422191.0,422238.0,422288.0,422345.0,422420.0,422490.0,422559.0,422617.0,422668.0,422764.0,422846.0,422925.0,423020.0,423101.0,423211.0,423300.0,423390.0,423497.0,423596.0,423698.0,423833.0,423974.0,424120.0,424213.0,424311.0,424405.0,424517.0,424635.0,424727.0,424863.0,424970.0,425067.0,425190.0,425274.0,425393.0,425515.0,425616.0,425714.0,425853.0,425979.0,426088.0,426213.0,426311.0,426375.0,426469.0,426543.0,426628.0,426712.0,426795.0,426868.0,426948.0,427021.0,427091.0,427151.0,427244.0,427315.0,427393.0,427468.0,427542.0,427600.0,427664.0,427722.0,427795.0,,,,,,,,,428420.0,428496.0,428565.0,428632.0,428706.0,428770.0,428845.0,428923.0,428981.0,429053.0,429106.0,429153.0,429219.0,429288.0,429340.0,429401.0,429469.0,429552.0,429621.0,429704.0,429774.0,429831.0,429897.0,429970.0,430033.0,430093.0,430155.0,430213.0,430274.0,430337.0,430413.0,430481.0,430544.0,430607.0,430676.0,430749.0,430825.0,430890.0,430946.0,431006.0,431054.0,431116.0,431179.0,431230.0,431301.0,431362.0,431415.0,431487.0,431555.0,431633.0,431682.0,431734.0,431786.0,431840.0,431894.0,431952.0,431997.0,432045.0,432100.0,432154.0,432209.0,432244.0,432304.0,432368.0,432429.0,432488.0,432551.0,432624.0,432665.0,432706.0,432748.0,432788
MSD031_Briw,6027.0,6027.0,6030.0,6030.0,6030.0,6032.0,6035.0,6036.0,6036.0,6036.0,6038.0,6038.0,6039.0,6040.0,6042.0,6042.0,6042.0,6044.0,6044.0,6044.0,6045.0,6045.0,6045.0,6045.0,6046.0,6046.0,6046.0,6048.0,6050.0,6050.0,6051.0,6052.0,6052.0,6052.0,6054.0,6057.0,6054.0,6055.0,6055.0,6056.0,6056.0,6057.0,6058.0,6059.0,6062.0,6062.0,6064.0,6063.0,6063.0,6063.0,6063.0,6064.0,6065.0,6065.0,6065.0,6067.0,6067.0,6067.0,6074.0,6077.0,6080.0,6081.0,6082.0,6082.0,6082.0,6083.0,6083.0,6086.0,6087.0,6087.0,6088.0,6088.0,6089.0,6089.0,6089.0,6089.0,6089.0,6090.0,6091.0,6092.0,6094.0,6095.0,6096.0,6099.0,6099.0,6100.0,6100.0,6101.0,6101.0,6101.0,6101.0,6103.0,6103.0,6103.0,6105.0,6107.0,6108.0,6108.0,6109.0,6110.0,6110.0,6110.0,6112.0,6113.0,6114.0,6114.0,6114.0,6114.0,6115.0,6115.0,6115.0,6116.0,6117.0,6119.0,6121.0,6121.0,6122.0,6122.0,6124.0,6125.0,6125.0,6130.0,6131.0,6131.0,6133.0,6133.0,6133.0,6133.0,6134.0,6134.0,6134.0,6136.0,6137.0,6137.0,,,,,,,,,6142.0,6142.0,6142.0,6143.0,6144.0,6145.0,6145.0,6147.0,6147.0,6147.0,6148.0,6149.0,6150.0,6150.0,6152.0,6153.0,6154.0,6155.0,6155.0,6156.0,6158.0,6159.0,6159.0,6160.0,6160.0,6160.0,6161.0,6161.0,6162.0,6162.0,6162.0,6162.0,6163.0,6163.0,6163.0,6163.0,6163.0,6164.0,6164.0,6164.0,6164.0,6164.0,6164.0,6166.0,6166.0,6166.0,6170.0,6170.0,6172.0,6175.0,6175.0,6178.0,6179.0,6180.0,6181.0,6182.0,6182.0,6183.0,6184.0,6184.0,6187.0,6187.0,6187.0,6192.0,6195.0,6198.0,6201.0,6203.0,6209.0,6209.0,6210.0,6211
j7KV9oB8J20,19834.0,19842.0,19846.0,19852.0,19855.0,19862.0,19866.0,19871.0,19875.0,19878.0,19880.0,19888.0,19892.0,19897.0,19898.0,19904.0,19910.0,19922.0,19931.0,19937.0,19951.0,19959.0,19969.0,19973.0,19979.0,19988.0,19994.0,20001.0,20007.0,20019.0,20025.0,20032.0,20037.0,20039.0,20045.0,20051.0,20057.0,20066.0,20073.0,20077.0,20080.0,20082.0,20088.0,20099.0,20101.0,20107.0,20118.0,20123.0,20129.0,20141.0,20149.0,20153.0,20160.0,20164.0,20176.0,20181.0,20184.0,20190.0,20194.0,20204.0,20220.0,20232.0,20239.0,20244.0,20248.0,20252.0,20258.0,20273.0,20278.0,20288.0,20303.0,20312.0,20321.0,20327.0,20329.0,20334.0,20341.0,20346.0,20352.0,20358.0,20366.0,20368.0,20374.0,20383.0,20391.0,20397.0,20402.0,20407.0,20409.0,20413.0,20416.0,20421.0,20426.0,20433.0,20442.0,20448.0,20456.0,20463.0,20466.0,20474.0,20481.0,20486.0,20493.0,20500.0,20507.0,20516.0,20521.0,20524.0,20526.0,20531.0,20535.0,20546.0,20552.0,20555.0,20565.0,20569.0,20574.0,20580.0,20583.0,20590.0,20599.0,20608.0,20617.0,20625.0,20631.0,20636.0,20642.0,20649.0,20654.0,20659.0,20672.0,20675.0,20679.0,20684.0,,,,,,,,,20821.0,20829.0,20834.0,20843.0,20851.0,20860.0,20868.0,20876.0,20881.0,20888.0,20894.0,20900.0,20908.0,20923.0,20940.0,20949.0,20960.0,20965.0,20969.0,20978.0,20988.0,20993.0,21000.0,21006.0,21012.0,21019.0,21026.0,21039.0,21047.0,21058.0,21072.0,21078.0,21088.0,21103.0,21106.0,21114.0,21123.0,21131.0,21143.0,21150.0,21158.0,21167.0,21177.0,21182.0,21190.0,21201.0,21209.0,21218.0,21222.0,21233.0,21242.0,21247.0,21257.0,21262.0,21268.0,21274.0,21289.0,21298.0,21307.0,21312.0,21321.0,21325.0,21334.0,21339.0,21349.0,21356.0,21374.0,21420.0,21396.0,21407.0,21419.0,21424
Qpf26PtBXgo,76409064.0,76423101.0,76439318.0,76456293.0,76473635.0,76490963.0,76504581.0,76520227.0,76537226.0,76553952.0,76569147.0,76583127.0,76597527.0,76610661.0,76626634.0,76643320.0,76658901.0,76672466.0,76686316.0,76702325.0,76719736.0,76738403.0,76759572.0,76782042.0,76801220.0,76819570.0,76837587.0,76853386.0,76870893.0,76889596.0,76907788.0,76925120.0,76941227.0,76957285.0,76976124.0,76995483.0,77021222.0,77039285.0,77054577.0,77071398.0,77087346.0,77102434.0,77117981.0,77133852.0,77149409.0,77165962.0,77182963.0,77199575.0,77215562.0,77232295.0,77248402.0,77264531.0,77283476.0,77304051.0,77321783.0,77339027.0,77356151.0,77372244.0,77386077.0,77402337.0,77416570.0,77435597.0,77454671.0,77472053.0,77488601.0,77504176.0,77519978.0,77537800.0,77553380.0,77574874.0,77592997.0,77608408.0,77624327.0,77639070.0,77653225.0,77668241.0,77682904.0,77697200.0,77712995.0,77727116.0,77739678.0,77753723.0,77767666.0,77782318.0,77796290.0,77811122.0,77824743.0,77836932.0,77850051.0,77863603.0,77877643.0,77892168.0,77907347.0,77922741.0,77937352.0,77952572.0,77967784.0,77983272.0,77999063.0,78015006.0,78030051.0,78044378.0,78058495.0,78073331.0,78088617.0,78104211.0,78119431.0,78135073.0,78149677.0,78164618.0,78179719.0,78195758.0,78213304.0,78231085.0,78246807.0,78260986.0,78276009.0,78291063.0,78306761.0,78322677.0,78339066.0,78354512.0,78369645.0,78385635.0,78400730.0,78416060.0,78432108.0,78448793.0,78464006.0,78478575.0,78493416.0,78509097.0,78524569.0,78541088.0,,,,,,,,,78689367.0,78703962.0,78718878.0,78734336.0,78749488.0,78764522.0,78778198.0,78792691.0,78809171.0,78824877.0,78840788.0,78858079.0,78875122.0,78891719.0,78906717.0,78922016.0,78937428.0,78953461.0,78967635.0,78980184.0,78993071.0,79005470.0,79017304.0,79029734.0,79042525.0,79055603.0,79068960.0,79082887.0,79095670.0,79108373.0,79121440.0,79134383.0,79147028.0,79160647.0,79173980.0,79187510.0,79201391.0,79214435.0,79228931.0,79243390.0,79257203.0,79271110.0,79285154.0,79297683.0,79310833.0,79323818.0,79336816.0,79350243.0,79363662.0,79377327.0,79391004.0,79405101.0,79419266.0,79433929.0,79447904.0,79462342.0,79476771.0,79491056.0,79505768.0,79520754.0,79535874.0,79548871.0,79562257.0,79575474.0,79587013.0,79600183.0,79614093.0,79627595.0,79640186.0,79652715.0,79665291.0,79677097
sUyxw7X2GVk,820765.0,820812.0,820880.0,820952.0,821013.0,821072.0,821120.0,821185.0,821271.0,821340.0,821400.0,821462.0,821523.0,821611.0,821673.0,821729.0,821820.0,821909.0,821980.0,822040.0,822101.0,822162.0,822220.0,822286.0,822346.0,822399.0,822442.0,822481.0,822520.0,822563.0,822619.0,822671.0,822720.0,822783.0,822846.0,822916.0,823012.0,823073.0,823130.0,823206.0,823288.0,823377.0,823429.0,823496.0,823559.0,823621.0,823695.0,823760.0,823831.0,823902.0,823953.0,824012.0,824058.0,824123.0,824181.0,824235.0,824296.0,824353.0,824406.0,824471.0,824523.0,824592.0,824692.0,824782.0,824866.0,824963.0,825068.0,825129.0,825189.0,825286.0,825356.0,825418.0,825486.0,825542.0,825613.0,825665.0,825729.0,825802.0,825864.0,825936.0,825987.0,826059.0,826126.0,826197.0,826268.0,826322.0,826379.0,826429.0,826481.0,826534.0,826577.0,826628.0,826680.0,826738.0,826815.0,826869.0,826928.0,826987.0,827038.0,827085.0,827140.0,827214.0,827292.0,827341.0,827399.0,827469.0,827526.0,827579.0,827633.0,827699.0,827766.0,827833.0,827897.0,827945.0,828019.0,828076.0,828155.0,828202.0,828274.0,828353.0,828439.0,828500.0,828556.0,828604.0,828667.0,828744.0,828805.0,828862.0,828927.0,828992.0,829063.0,829130.0,829219.0,829270.0,,,,,,,,,829783.0,829846.0,829917.0,829992.0,830054.0,830099.0,830169.0,830252.0,830343.0,830416.0,830484.0,830528.0,830581.0,830639.0,830707.0,830764.0,830836.0,830899.0,830947.0,831007.0,831053.0,831107.0,831187.0,831251.0,831295.0,831352.0,831405.0,831464.0,831524.0,831579.0,831632.0,831672.0,831728.0,831778.0,831830.0,831886.0,831929.0,831991.0,832046.0,832102.0,832149.0,832201.0,832232.0,832284.0,832339.0,832386.0,832451.0,832491.0,832532.0,832583.0,832637.0,832686.0,832739.0,832787.0,832837.0,832891.0,832953.0,833014.0,833075.0,833131.0,833177.0,833211.0,833269.0,833310.0,833367.0,833413.0,833470.0,833529.0,833582.0,833637.0,833692.0,833753
Hq4TvI9X6Cw,99705.0,99711.0,99718.0,99728.0,99733.0,99737.0,99742.0,99750.0,99755.0,99760.0,99766.0,99775.0,99780.0,99787.0,99789.0,99793.0,99801.0,99811.0,99820.0,99826.0,99833.0,99842.0,99850.0,99853.0,99855.0,99859.0,99865.0,99877.0,99880.0,99887.0,99896.0,99901.0,99911.0,99920.0,99926.0,99941.0,99950.0,99956.0,99966.0,99977.0,99978.0,99990.0,99997.0,100004.0,100011.0,100016.0,100017.0,100023.0,100028.0,100033.0,100033.0,100039.0,100045.0,100050.0,100056.0,100072.0,100078.0,100081.0,100085.0,100093.0,100099.0,100107.0,100115.0,100119.0,100120.0,100129.0,100141.0,100144.0,100147.0,100153.0,100157.0,100167.0,100177.0,100182.0,100191.0,100198.0,100203.0,100210.0,100218.0,100228.0,100238.0,100243.0,100247.0,100258.0,100271.0,100279.0,100289.0,100300.0,100310.0,100319.0,100325.0,100330.0,100335.0,100344.0,100353.0,100354.0,100354.0,100360.0,100366.0,100371.0,100374.0,100375.0,100379.0,100381.0,100388.0,100392.0,100398.0,100405.0,100407.0,100410.0,100415.0,100420.0,100423.0,100428.0,100431.0,100435.0,100441.0,100445.0,100454.0,100454.0,100458.0,100464.0,100472.0,100478.0,100481.0,100486.0,100496.0,100498.0,100507.0,100512.0,100518.0,100524.0,100529.0,100531.0,,,,,,,,,100582.0,100586.0,100589.0,100594.0,100597.0,100602.0,100608.0,100612.0,100617.0,100622.0,100628.0,100636.0,100653.0,100671.0,100691.0,100705.0,100717.0,100722.0,100723.0,100733.0,100737.0,100741.0,100749.0,100753.0,100761.0,100763.0,100766.0,100768.0,100773.0,100780.0,100781.0,100786.0,100789.0,100799.0,100803.0,100808.0,100809.0,100813.0,100817.0,100821.0,100825.0,100830.0,100837.0,100846.0,100854.0,100858.0,100863.0,100872.0,100875.0,100876.0,100881.0,100885.0,100887.0,100889.0,100895.0,100897.0,100903.0,100906.0,100912.0,100915.0,100923.0,100925.0,100933.0,100941.0,100950.0,100951.0,100957.0,100966.0,100971.0,100982.0,100990.0,101002
Awytiu4_-ns,7080.0,7082.0,7082.0,7082.0,7086.0,7090.0,7091.0,7091.0,7094.0,7095.0,7098.0,7099.0,7103.0,7105.0,7108.0,7109.0,7111.0,7113.0,7113.0,7113.0,7119.0,7121.0,7124.0,7126.0,7126.0,7131.0,7136.0,7139.0,7143.0,7145.0,7149.0,7149.0,7152.0,7154.0,7154.0,7155.0,7157.0,7158.0,7161.0,7166.0,7168.0,7170.0,7171.0,7176.0,7183.0,7184.0,7187.0,7188.0,7189.0,7190.0,7190.0,7192.0,7193.0,7193.0,7195.0,7197.0,7198.0,7199.0,7202.0,7204.0,7204.0,7205.0,7205.0,7206.0,7207.0,7207.0,7208.0,7210.0,7212.0,7213.0,7216.0,7217.0,7219.0,7219.0,7220.0,7221.0,7222.0,7225.0,7226.0,7226.0,7227.0,7228.0,7231.0,7231.0,7235.0,7235.0,7235.0,7235.0,7235.0,7237.0,7237.0,7237.0,7237.0,7238.0,7238.0,7240.0,7242.0,7242.0,7243.0,7244.0,7244.0,7244.0,7244.0,7245.0,7245.0,7246.0,7251.0,7255.0,7258.0,7261.0,7262.0,7264.0,7264.0,7265.0,7270.0,7272.0,7273.0,7276.0,7277.0,7279.0,7283.0,7285.0,7289.0,7295.0,7296.0,7296.0,7299.0,7300.0,7300.0,7301.0,7302.0,7304.0,7305.0,7311.0,,,,,,,,,7322.0,7322.0,7324.0,7326.0,7326.0,7327.0,7327.0,7327.0,7331.0,7331.0,7333.0,7333.0,7335.0,7336.0,7338.0,7341.0,7342.0,7345.0,7347.0,7348.0,7348.0,7349.0,7350.0,7351.0,7352.0,7354.0,7356.0,7359.0,7359.0,7360.0,7361.0,7362.0,7365.0,7366.0,7367.0,7367.0,7370.0,7370.0,7370.0,7371.0,7372.0,7372.0,7373.0,7377.0,7381.0,7384.0,7385.0,7388.0,7390.0,7390.0,7391.0,7393.0,7395.0,7398.0,7400.0,7403.0,7403.0,7404.0,7407.0,7412.0,7413.0,7415.0,7415.0,7416.0,7417.0,7419.0,7420.0,7421.0,7421.0,7422.0,7423.0,7424
GFlsr63n9GQ,512359.0,512389.0,512411.0,512433.0,512454.0,512491.0,512528.0,512554.0,512580.0,512599.0,512633.0,512661.0,512684.0,512709.0,512728.0,512755.0,512784.0,512824.0,512842.0,512879.0,512905.0,512938.0,512955.0,512972.0,513009.0,513027.0,513059.0,513081.0,513098.0,513124.0,513150.0,513172.0,513196.0,513209.0,513229.0,513255.0,513288.0,513321.0,513346.0,513364.0,513384.0,513398.0,513426.0,513455.0,513490.0,513513.0,513545.0,513569.0,513594.0,513619.0,513672.0,513698.0,513733.0,513759.0,513794.0,513846.0,513892.0,513919.0,513954.0,513977.0,514011.0,514047.0,514069.0,514108.0,514134.0,514158.0,514183.0,514215.0,514239.0,514278.0,514329.0,514346.0,514374.0,514413.0,514429.0,514458.0,514487.0,514516.0,514544.0,514581.0,514603.0,514626.0,514650.0,514672.0,514696.0,514719.0,514744.0,514758.0,514786.0,514813.0,514839.0,514866.0,514894.0,514929.0,514958.0,514978.0,514997.0,515031.0,515056.0,515080.0,515097.0,515119.0,515143.0,515182.0,515214.0,515245.0,515266.0,515296.0,515317.0,515340.0,515377.0,515402.0,515424.0,515448.0,515478.0,515501.0,515526.0,515548.0,515564.0,515585.0,515605.0,515633.0,515649.0,515671.0,515708.0,515728.0,515761.0,515782.0,515798.0,515825.0,515845.0,515870.0,515899.0,515922.0,,,,,,,,,516154.0,516171.0,516194.0,516220.0,516240.0,516273.0,516305.0,516336.0,516356.0,516369.0,516390.0,516407.0,516438.0,516466.0,516495.0,516526.0,516552.0,516590.0,516615.0,516654.0,516687.0,516721.0,516742.0,516762.0,516784.0,516816.0,516840.0,516877.0,516909.0,516935.0,516967.0,516999.0,517031.0,517060.0,517077.0,517106.0,517131.0,517161.0,517192.0,517213.0,517242.0,517276.0,517311.0,517332.0,517357.0,517371.0,517387.0,517404.0,517427.0,517449.0,517471.0,517490.0,517517.0,517544.0,517556.0,517578.0,517604.0,517634.0,517646.0,517674.0,517696.0,517719.0,517737.0,517757.0,517780.0,517802.0,517814.0,517833.0,517849.0,517869.0,517896.0,517914
lloCRdOo3jg,33603.0,33607.0,33611.0,33612.0,33616.0,33621.0,33623.0,33624.0,33628.0,33630.0,33634.0,33636.0,33638.0,33640.0,33645.0,33650.0,33653.0,33658.0,33664.0,33671.0,33679.0,33684.0,33686.0,33691.0,33695.0,33699.0,33704.0,33705.0,33709.0,33715.0,33719.0,33722.0,33724.0,33726.0,33726.0,33728.0,33728.0,33731.0,33734.0,33737.0,33738.0,33739.0,33744.0,33750.0,33754.0,33764.0,33769.0,33777.0,33780.0,33785.0,33786.0,33789.0,33794.0,33804.0,33811.0,33818.0,33820.0,33825.0,33827.0,33829.0,33833.0,33834.0,33839.0,33842.0,33856.0,33860.0,33863.0,33869.0,33870.0,33876.0,33880.0,33887.0,33891.0,33894.0,33898.0,33903.0,33909.0,33917.0,33918.0,33922.0,33925.0,33927.0,33931.0,33934.0,33939.0,33944.0,33945.0,33948.0,33950.0,33952.0,33956.0,33961.0,33969.0,33974.0,33976.0,33979.0,33985.0,33990.0,33993.0,33996.0,33999.0,34000.0,34006.0,34010.0,34013.0,34019.0,34022.0,34027.0,34032.0,34037.0,34041.0,34048.0,34050.0,34055.0,34058.0,34061.0,34063.0,34066.0,34072.0,34075.0,34086.0,34094.0,34097.0,34099.0,34101.0,34102.0,34104.0,34106.0,34110.0,34113.0,34118.0,34123.0,34126.0,34132.0,,,,,,,,,34163.0,34167.0,34172.0,34178.0,34186.0,34186.0,34191.0,34193.0,34198.0,34202.0,34207.0,34210.0,34216.0,34219.0,34221.0,34222.0,34223.0,34226.0,34230.0,34262.0,34263.0,34267.0,34274.0,34279.0,34281.0,34282.0,34288.0,34290.0,34295.0,34300.0,34302.0,34304.0,34311.0,34320.0,34326.0,34329.0,34333.0,34337.0,34338.0,34341.0,34342.0,34344.0,34347.0,34351.0,34357.0,34358.0,34362.0,34365.0,34369.0,34373.0,34374.0,34375.0,34376.0,34384.0,34388.0,34389.0,34392.0,34398.0,34400.0,34402.0,34403.0,34406.0,34411.0,34415.0,34417.0,34418.0,34422.0,34425.0,34430.0,34433.0,34436.0,34443
1rlRz79kZQk,79346.0,79349.0,79364.0,79371.0,79379.0,79382.0,79389.0,79395.0,79400.0,79404.0,79412.0,79419.0,79426.0,79432.0,79435.0,79445.0,79452.0,79459.0,79469.0,79479.0,79483.0,79489.0,79493.0,79499.0,79503.0,79505.0,79514.0,79519.0,79523.0,79527.0,79535.0,79541.0,79550.0,79554.0,79561.0,79566.0,79571.0,79575.0,79581.0,79590.0,79595.0,79606.0,79613.0,79617.0,79622.0,79626.0,79629.0,79635.0,79639.0,79643.0,79647.0,79650.0,79655.0,79658.0,79662.0,79667.0,79674.0,79677.0,79684.0,79689.0,79692.0,79696.0,79700.0,79708.0,79716.0,79722.0,79725.0,79730.0,79735.0,79741.0,79748.0,79749.0,79751.0,79757.0,79768.0,79769.0,79772.0,79775.0,79782.0,79790.0,79796.0,79802.0,79811.0,79818.0,79827.0,79832.0,79843.0,79848.0,79856.0,79861.0,79867.0,79868.0,79869.0,79875.0,79876.0,79877.0,79881.0,79886.0,79894.0,79900.0,79904.0,79906.0,79912.0,79920.0,79924.0,79937.0,79943.0,79950.0,79956.0,79970.0,79978.0,79982.0,79993.0,80000.0,80005.0,80011.0,80011.0,80026.0,80031.0,80037.0,80043.0,80047.0,80051.0,80062.0,80065.0,80070.0,80077.0,80081.0,80083.0,80083.0,80087.0,80090.0,80093.0,80095.0,,,,,,,,,80141.0,80146.0,80151.0,80154.0,80157.0,80163.0,80167.0,80171.0,80176.0,80184.0,80189.0,80198.0,80205.0,80210.0,80215.0,80225.0,80228.0,80235.0,80241.0,80243.0,80246.0,80254.0,80255.0,80258.0,80266.0,80275.0,80281.0,80287.0,80299.0,80304.0,80307.0,80311.0,80326.0,80334.0,80343.0,80348.0,80357.0,80364.0,80371.0,80384.0,80389.0,80405.0,80416.0,80423.0,80428.0,80433.0,80444.0,80457.0,80470.0,80475.0,80491.0,80502.0,80509.0,80519.0,80526.0,80537.0,80541.0,80544.0,80551.0,80559.0,80569.0,80576.0,80580.0,80587.0,80593.0,80596.0,80601.0,80605.0,80612.0,80618.0,80621.0,80626
uBY1AoiF5Vo,179936575.0,179958538.0,179983343.0,180007511.0,180030457.0,180053147.0,180079217.0,180109089.0,180135851.0,180161424.0,180187118.0,180212246.0,180239901.0,180268714.0,180299118.0,180328158.0,180357434.0,180384769.0,180412193.0,180439372.0,180469540.0,180501999.0,180536498.0,180569157.0,180601373.0,180636511.0,180668928.0,180700143.0,180730699.0,180760140.0,180791561.0,180819138.0,180850824.0,180883355.0,180920122.0,180950174.0,180983216.0,181019747.0,181060073.0,181094518.0,181128205.0,181160089.0,181189388.0,181220096.0,181247622.0,181271030.0,181297054.0,181329439.0,181362921.0,181387720.0,181411701.0,181437717.0,181464007.0,181493621.0,181520817.0,181556647.0,181590421.0,181616280.0,181640969.0,181667689.0,181695483.0,181725862.0,181756123.0,181790792.0,181831924.0,181866449.0,181901519.0,181928882.0,181952961.0,181981625.0,182012204.0,182044901.0,182080547.0,182110193.0,182136877.0,182162708.0,182188885.0,182214652.0,182244198.0,182271825.0,182300419.0,182327278.0,182353328.0,182379256.0,182405084.0,182430405.0,182455220.0,182479903.0,182504038.0,182527517.0,182549008.0,182570621.0,182594018.0,182620406.0,182647214.0,182672625.0,182696866.0,182720319.0,182743530.0,182766758.0,182791698.0,182815765.0,182839013.0,182862021.0,182884661.0,182907561.0,182930987.0,182953197.0,182974248.0,182995187.0,183016104.0,183037498.0,183059717.0,183082697.0,183107035.0,183130717.0,183152467.0,183175192.0,183197691.0,183219909.0,183243226.0,183266407.0,183289764.0,183311692.0,183335336.0,183359400.0,183381853.0,183404163.0,183426336.0,183448434.0,183469325.0,183491733.0,183516034.0,183536899.0,,,,,,,,,183741829.0,183767159.0,183790128.0,183811420.0,183830195.0,183849912.0,183868574.0,183887396.0,183908529.0,183928353.0,183948182.0,183967399.0,183988603.0,184009759.0,184033292.0,184054648.0,184075442.0,184096616.0,184119001.0,184141330.0,184163777.0,184187584.0,184208925.0,184228171.0,184249878.0,184271525.0,184292663.0,184313056.0,184332871.0,184352531.0,184372081.0,184392147.0,184411897.0,184431789.0,184450881.0,184471231.0,184492305.0,184511765.0,184531239.0,184550658.0,184570076.0,184589538.0,184609600.0,184629370.0,184648989.0,184668082.0,184687876.0,184708800.0,184729624.0,184750645.0,184772395.0,184793279.0,184813963.0,184835345.0,184856006.0,184878425.0,184900890.0,184923946.0,184945346.0,184967662.0,184989727.0,185009395.0,185028885.0,185048183.0,185070288.0,185093890.0,185117131.0,185140167.0,185158899.0,185177008.0,185197146.0,185216937
7onbva1BT4o,1746813.0,1747631.0,1748402.0,1749123.0,1749955.0,1750738.0,1751658.0,1752449.0,1753245.0,1754072.0,1754722.0,1755698.0,1756574.0,1757392.0,1758593.0,1759599.0,1760512.0,1761237.0,1762199.0,1763210.0,1764128.0,1765115.0,1765966.0,1766796.0,1767518.0,1768427.0,1769449.0,1770348.0,1771295.0,1772332.0,1773085.0,1773852.0,1774581.0,1775484.0,1776370.0,1777152.0,1778001.0,1778711.0,1779370.0,1780266.0,1781084.0,1781967.0,1782823.0,1783648.0,1784339.0,1784949.0,1785592.0,1786372.0,1787118.0,1788019.0,1788770.0,1789392.0,1789931.0,1790701.0,1791442.0,1792119.0,1792904.0,1793699.0,1794286.0,1794934.0,1795630.0,1796455.0,1797200.0,1797936.0,1798641.0,1799294.0,1799927.0,1800619.0,1801318.0,1802201.0,1802942.0,1803623.0,1804181.0,1804834.0,1805558.0,1806344.0,1807056.0,1807772.0,1808470.0,1809078.0,1809663.0,1810342.0,1810998.0,1811689.0,1812503.0,1813191.0,1813758.0,1814374.0,1815042.0,1815720.0,1816428.0,1817203.0,1818041.0,1818779.0,1819501.0,1820186.0,1821045.0,1821826.0,1822641.0,1823495.0,1824116.0,1824805.0,1825549.0,1826327.0,1827123.0,1827985.0,1828955.0,1829631.0,1830229.0,1830957.0,1831826.0,1832735.0,1833654.0,1834486.0,1835101.0,1835785.0,1836510.0,1837284.0,1838064.0,1838820.0,1839617.0,1840265.0,1840966.0,1841726.0,1842595.0,1843644.0,1844573.0,1845729.0,1846486.0,1847179.0,1848011.0,1848957.0,1849864.0,1850709.0,,,,,,,,,1857382.0,1858146.0,1858938.0,1859965.0,1860973.0,1862204.0,1863137.0,1863946.0,1865084.0,1866064.0,1867138.0,1868327.0,1869483.0,1870333.0,1871127.0,1871931.0,1872664.0,1873514.0,1874133.0,1874924.0,1875702.0,1876284.0,1876920.0,1877711.0,1878454.0,1879158.0,1879951.0,1880657.0,1881381.0,1882043.0,1882874.0,1883713.0,1884541.0,1885345.0,1886048.0,1886782.0,1887400.0,1888038.0,1888726.0,1889371.0,1890092.0,1890787.0,1891498.0,1892292.0,1893077.0,1893824.0,1894503.0,1895288.0,1896200.0,1896943.0,1897590.0,1898294.0,1899347.0,1900279.0,1901165.0,1902022.0,1902762.0,1903471.0,1904347.0,1905281.0,1906049.0,1906717.0,1907530.0,1908275.0,1908977.0,1909835.0,1910536.0,1911360.0,1911970.0,1912661.0,1913484.0,1914160
XPfOZMKfCLw,145707.0,145715.0,145718.0,145728.0,145734.0,145740.0,145748.0,145756.0,145760.0,145767.0,145776.0,145780.0,145790.0,145794.0,145798.0,145804.0,145810.0,145811.0,145817.0,145820.0,145825.0,145829.0,145835.0,145843.0,145851.0,145858.0,145866.0,145872.0,145880.0,145883.0,145887.0,145892.0,145897.0,145904.0,145915.0,145920.0,145925.0,145931.0,145937.0,145940.0,145942.0,145944.0,145948.0,145954.0,145963.0,145969.0,145971.0,145979.0,145983.0,145991.0,145993.0,145999.0,146007.0,146013.0,146016.0,146023.0,146030.0,146037.0,146047.0,146050.0,146059.0,146060.0,146070.0,146076.0,146081.0,146090.0,146096.0,146104.0,146109.0,146114.0,146123.0,146125.0,146129.0,146131.0,146140.0,146144.0,146152.0,146157.0,146165.0,146171.0,146177.0,146182.0,146187.0,146197.0,146200.0,146204.0,146213.0,146220.0,146225.0,146227.0,146236.0,146240.0,146250.0,146258.0,146263.0,146277.0,146285.0,146289.0,146295.0,146299.0,146303.0,146304.0,146313.0,146317.0,146325.0,146338.0,146340.0,146346.0,146355.0,146363.0,146372.0,146375.0,146383.0,146388.0,146393.0,146399.0,146404.0,146408.0,146410.0,146415.0,146420.0,146432.0,146444.0,146451.0,146458.0,146461.0,146467.0,146469.0,146476.0,146485.0,146492.0,146496.0,146502.0,146509.0,,,,,,,,,146557.0,146560.0,146567.0,146575.0,146581.0,146588.0,146596.0,146604.0,146606.0,146619.0,146621.0,146629.0,146640.0,146647.0,146651.0,146653.0,146661.0,146665.0,146669.0,146676.0,146680.0,146684.0,146689.0,146699.0,146706.0,146712.0,146715.0,146721.0,146724.0,146733.0,146736.0,146739.0,146741.0,146747.0,146748.0,146749.0,146755.0,146759.0,146769.0,146778.0,146784.0,146791.0,146795.0,146797.0,146802.0,146812.0,146823.0,146829.0,146838.0,146842.0,146848.0,146858.0,146860.0,146866.0,146869.0,146874.0,146880.0,146884.0,146894.0,146904.0,146909.0,146916.0,146922.0,146928.0,146938.0,146943.0,146951.0,146958.0,146961.0,146970.0,146974.0,146980
zSdJ2mQE-Oo,478981.0,478992.0,479010.0,479041.0,479056.0,479102.0,479150.0,479164.0,479189.0,479219.0,479249.0,479271.0,479304.0,479327.0,479353.0,479382.0,479406.0,479439.0,479466.0,479477.0,479494.0,479529.0,479555.0,479584.0,479608.0,479623.0,479647.0,479664.0,479704.0,479734.0,479750.0,479766.0,479787.0,479811.0,479826.0,479851.0,479877.0,479890.0,479915.0,479932.0,479950.0,479967.0,479981.0,479994.0,480023.0,480039.0,480064.0,480084.0,480101.0,480127.0,480147.0,480168.0,480197.0,480214.0,480231.0,480252.0,480278.0,480291.0,480307.0,480334.0,480355.0,480374.0,480390.0,480405.0,480425.0,480447.0,480459.0,480484.0,480500.0,480524.0,480542.0,480572.0,480584.0,480602.0,480634.0,480660.0,480677.0,480699.0,480717.0,480736.0,480756.0,480775.0,480799.0,480815.0,480833.0,480852.0,480886.0,480909.0,480934.0,480957.0,480975.0,480988.0,480998.0,481018.0,481042.0,481073.0,481103.0,481126.0,481141.0,481170.0,481188.0,481217.0,481234.0,481262.0,481277.0,481300.0,481328.0,481347.0,481368.0,481393.0,481406.0,481434.0,481453.0,481471.0,481491.0,481506.0,481522.0,481543.0,481556.0,481572.0,481595.0,481634.0,481657.0,481682.0,481704.0,481720.0,481753.0,481777.0,481805.0,481843.0,481867.0,481891.0,481914.0,481935.0,,,,,,,,,482117.0,482153.0,482174.0,482193.0,482217.0,482244.0,482264.0,482282.0,482314.0,482336.0,482360.0,482377.0,482392.0,482403.0,482432.0,482445.0,482470.0,482495.0,482520.0,482544.0,482559.0,482577.0,482594.0,482617.0,482641.0,482669.0,482702.0,482739.0,482767.0,482788.0,482829.0,482860.0,482875.0,482894.0,482912.0,482935.0,482944.0,482957.0,482981.0,482999.0,483032.0,483047.0,483073.0,483099.0,483126.0,483149.0,483170.0,483188.0,483208.0,483225.0,483244.0,483261.0,483277.0,483301.0,483314.0,483324.0,483336.0,483361.0,483376.0,483389.0,483407.0,483425.0,483439.0,483451.0,483465.0,483478.0,483491.0,483528.0,483546.0,483566.0,483584.0,483610
8Rkp303RsBI,70826.0,70897.0,70985.0,71054.0,71133.0,71246.0,71354.0,71480.0,71595.0,71687.0,71757.0,71829.0,71930.0,72016.0,72137.0,72251.0,72350.0,72421.0,72505.0,72595.0,72667.0,72776.0,72886.0,72983.0,73060.0,73165.0,73258.0,73348.0,73448.0,73539.0,73624.0,73695.0,73759.0,73858.0,73940.0,74009.0,74098.0,74206.0,74272.0,74361.0,74480.0,74584.0,74703.0,74801.0,74868.0,74938.0,75025.0,75103.0,75219.0,75307.0,75408.0,75489.0,75554.0,75639.0,75731.0,75823.0,75907.0,75976.0,76039.0,76113.0,76190.0,76273.0,76354.0,76433.0,76527.0,76600.0,76675.0,76764.0,76852.0,76969.0,77066.0,77160.0,77275.0,77348.0,77446.0,77524.0,77644.0,77740.0,77861.0,77961.0,78056.0,78147.0,78239.0,78330.0,78422.0,78553.0,78644.0,78697.0,78805.0,78920.0,79023.0,79156.0,79251.0,79363.0,79449.0,79535.0,79638.0,79732.0,79821.0,79932.0,80010.0,80059.0,80158.0,80255.0,80384.0,80470.0,80598.0,80683.0,80762.0,80914.0,81059.0,81201.0,81280.0,81439.0,81536.0,81614.0,81730.0,81898.0,81987.0,82117.0,82193.0,82278.0,82359.0,82426.0,82486.0,82559.0,82623.0,82695.0,82753.0,82801.0,82870.0,82942.0,83025.0,83111.0,,,,,,,,,83970.0,84015.0,84096.0,84169.0,84232.0,84323.0,84400.0,84458.0,84511.0,84598.0,84695.0,84779.0,84858.0,84977.0,85108.0,85169.0,85268.0,85348.0,85446.0,85531.0,85601.0,85656.0,85715.0,85780.0,85846.0,85934.0,86019.0,86091.0,86168.0,86229.0,86295.0,86388.0,86484.0,86570.0,86654.0,86726.0,86783.0,86859.0,86932.0,87012.0,87113.0,87200.0,87296.0,87343.0,87431.0,87499.0,87588.0,87650.0,87730.0,87780.0,87848.0,87927.0,88026.0,88120.0,88229.0,88326.0,88413.0,88469.0,88571.0,88632.0,88723.0,88773.0,88853.0,88926.0,88977.0,89056.0,89133.0,89211.0,89269.0,89326.0,89394.0,89465
imUUYMi2FXw,12352596.0,12352817.0,12353040.0,12353300.0,12353508.0,12353733.0,12354008.0,12354405.0,12354642.0,12354879.0,12355154.0,12355402.0,12355681.0,12355905.0,12356143.0,12356384.0,12356611.0,12356860.0,12357050.0,12357293.0,12357550.0,12357919.0,12358476.0,12358934.0,12359310.0,12359660.0,12360008.0,12360329.0,12360798.0,12361212.0,12361548.0,12361952.0,12362337.0,12362667.0,12363037.0,12363401.0,12363792.0,12364124.0,12364512.0,12364827.0,12365099.0,12365349.0,12365654.0,12365930.0,12366240.0,12366480.0,12366715.0,12366982.0,12367246.0,12367516.0,12367814.0,12368059.0,12368300.0,12368541.0,12368853.0,12369122.0,12369412.0,12369721.0,12370105.0,12370383.0,12370655.0,12370958.0,12371265.0,12371554.0,12371828.0,12372116.0,12372389.0,12372620.0,12372804.0,12373055.0,12373248.0,12373532.0,12373772.0,12374036.0,12374247.0,12374439.0,12374649.0,12374835.0,12375069.0,12375318.0,12375561.0,12375818.0,12376003.0,12376206.0,12376432.0,12376655.0,12376909.0,12377124.0,12377309.0,12377520.0,12377732.0,12377944.0,12378136.0,12378416.0,12378614.0,12378862.0,12379074.0,12379317.0,12379524.0,12379735.0,12379985.0,12380258.0,12380504.0,12380751.0,12380990.0,12381230.0,12381429.0,12381678.0,12381922.0,12382169.0,12382428.0,12382653.0,12382898.0,12383155.0,12383450.0,12383737.0,12383970.0,12384256.0,12384497.0,12384731.0,12385028.0,12385321.0,12385651.0,12385926.0,12386120.0,12386404.0,12386652.0,12386886.0,12387175.0,12387416.0,12387628.0,12387795.0,12387955.0,12388174.0,,,,,,,,,12390087.0,12390356.0,12390556.0,12390749.0,12390954.0,12391202.0,12391373.0,12391563.0,12391805.0,12392011.0,12392217.0,12392402.0,12392566.0,12392737.0,12392906.0,12393063.0,12393225.0,12393431.0,12393606.0,12393780.0,12393988.0,12394318.0,12394533.0,12394721.0,12394910.0,12395125.0,12395350.0,12395613.0,12395835.0,12396046.0,12396257.0,12396446.0,12396656.0,12396831.0,12396998.0,12397188.0,12397412.0,12397559.0,12397749.0,12397940.0,12398166.0,12398346.0,12398533.0,12398736.0,12398941.0,12399129.0,12399334.0,12399588.0,12399754.0,12399959.0,12400209.0,12400417.0,12400612.0,12400838.0,12401076.0,12401312.0,12401560.0,12401865.0,12402136.0,12402389.0,12402585.0,12402771.0,12402950.0,12403193.0,12403410.0,12403680.0,12403956.0,12404193.0,12404427.0,12404682.0,12404926.0,12405169
vmVusTRIDdg,14472449.0,14472612.0,14472760.0,14472941.0,14473126.0,14473304.0,14473482.0,14473698.0,14473875.0,14474010.0,14474214.0,14474380.0,14474518.0,14474695.0,14474893.0,14475073.0,14475296.0,14475483.0,14475728.0,14475940.0,14476187.0,14476470.0,14476861.0,14477177.0,14477488.0,14477760.0,14478076.0,14478473.0,14478766.0,14479088.0,14479404.0,14479778.0,14480056.0,14480303.0,14480576.0,14480802.0,14481096.0,14481344.0,14481620.0,14481858.0,14482098.0,14482307.0,14482552.0,14482751.0,14483014.0,14483228.0,14483403.0,14483635.0,14483872.0,14484144.0,14484337.0,14484560.0,14484734.0,14484898.0,14485151.0,14485331.0,14485547.0,14485767.0,14485975.0,14486192.0,14486410.0,14486620.0,14486850.0,14487072.0,14487293.0,14487478.0,14487653.0,14487853.0,14488005.0,14488203.0,14488386.0,14488585.0,14488769.0,14488943.0,14489121.0,14489307.0,14489498.0,14489682.0,14489874.0,14490091.0,14490295.0,14490463.0,14490619.0,14490779.0,14490986.0,14491167.0,14491385.0,14491544.0,14491742.0,14491908.0,14492095.0,14492272.0,14492443.0,14492658.0,14492813.0,14492980.0,14493164.0,14493320.0,14493442.0,14493612.0,14493736.0,14493904.0,14494055.0,14494275.0,14494432.0,14494605.0,14494764.0,14494942.0,14495117.0,14495263.0,14495460.0,14495621.0,14495771.0,14495904.0,14496077.0,14496267.0,14496417.0,14496636.0,14496791.0,14496960.0,14497112.0,14497281.0,14497442.0,14497612.0,14497724.0,14497891.0,14498103.0,14498247.0,14498408.0,14498562.0,14498725.0,14498857.0,14499009.0,14499178.0,,,,,,,,,14500425.0,14500560.0,14500662.0,14500781.0,14500903.0,14501018.0,14501152.0,14501252.0,14501379.0,14501502.0,14501614.0,14501726.0,14501859.0,14501974.0,14502114.0,14502236.0,14502352.0,14502450.0,14502559.0,14502668.0,14502810.0,14502928.0,14503080.0,14503159.0,14503266.0,14503386.0,14503497.0,14503617.0,14503713.0,14503828.0,14503943.0,14504049.0,14504153.0,14504246.0,14504385.0,14504510.0,14504625.0,14504755.0,14504868.0,14504965.0,14505118.0,14505252.0,14505349.0,14505464.0,14505567.0,14505702.0,14505805.0,14505915.0,14506014.0,14506112.0,14506225.0,14506360.0,14506485.0,14506600.0,14506726.0,14506821.0,14506958.0,14507084.0,14507197.0,14507310.0,14507433.0,14507536.0,14507645.0,14507774.0,14507912.0,14508008.0,14508122.0,14508289.0,14508418.0,14508555.0,14508729.0,14508865
Yn4w1H4b2IQ,145349.0,145353.0,145357.0,145364.0,145367.0,145371.0,145376.0,145380.0,145386.0,145389.0,145394.0,145400.0,145407.0,145414.0,145423.0,145425.0,145431.0,145437.0,145441.0,145446.0,145452.0,145457.0,145461.0,145470.0,145476.0,145488.0,145492.0,145500.0,145509.0,145512.0,145523.0,145530.0,145539.0,145552.0,145560.0,145568.0,145577.0,145587.0,145595.0,145603.0,145606.0,145608.0,145616.0,145626.0,145641.0,145649.0,145663.0,145669.0,145678.0,145690.0,145694.0,145705.0,145715.0,145720.0,145723.0,145727.0,145733.0,145737.0,145741.0,145743.0,145748.0,145757.0,145762.0,145774.0,145778.0,145782.0,145790.0,145792.0,145796.0,145798.0,145802.0,145807.0,145810.0,145818.0,145822.0,145827.0,145833.0,145839.0,145850.0,145855.0,145859.0,145864.0,145867.0,145870.0,145873.0,145877.0,145883.0,145889.0,145891.0,145894.0,145895.0,145897.0,145906.0,145914.0,145920.0,145924.0,145933.0,145940.0,145941.0,145941.0,145945.0,145954.0,145956.0,145962.0,145968.0,145975.0,145978.0,145987.0,145989.0,145992.0,145999.0,146001.0,146005.0,146009.0,146016.0,146021.0,146026.0,146031.0,146032.0,146034.0,146035.0,146036.0,146037.0,146041.0,146044.0,146045.0,146045.0,146048.0,146050.0,146060.0,146066.0,146071.0,146071.0,146074.0,,,,,,,,,146103.0,146108.0,146110.0,146111.0,146123.0,146129.0,146133.0,146136.0,146137.0,146140.0,146145.0,146153.0,146159.0,146164.0,146172.0,146176.0,146179.0,146180.0,146186.0,146190.0,146195.0,146201.0,146206.0,146210.0,146214.0,146216.0,146219.0,146225.0,146227.0,146231.0,146232.0,146234.0,146238.0,146242.0,146244.0,146249.0,146250.0,146253.0,146255.0,146257.0,146259.0,146260.0,146268.0,146268.0,146270.0,146273.0,146275.0,146276.0,146279.0,146280.0,146283.0,146284.0,146292.0,146294.0,146294.0,146296.0,146297.0,146301.0,146304.0,146308.0,146309.0,146309.0,146313.0,146318.0,146320.0,146326.0,146329.0,146333.0,146337.0,146342.0,146345.0,146347
KzDeFy9PdDE,215181.0,215229.0,215260.0,215306.0,215336.0,215385.0,215427.0,215460.0,215487.0,215522.0,215548.0,215583.0,215612.0,215636.0,215665.0,215706.0,215734.0,215771.0,215806.0,215844.0,215881.0,215918.0,215954.0,215979.0,216014.0,216034.0,216064.0,216099.0,216131.0,216163.0,216198.0,216230.0,216257.0,216287.0,216323.0,216373.0,216392.0,216418.0,216443.0,216488.0,216520.0,216549.0,216581.0,216617.0,216663.0,216715.0,216741.0,216773.0,216790.0,216833.0,216872.0,216912.0,216956.0,216989.0,217025.0,217046.0,217070.0,217104.0,217131.0,217158.0,217191.0,217226.0,217264.0,217308.0,217351.0,217391.0,217410.0,217439.0,217469.0,217505.0,217528.0,217559.0,217596.0,217640.0,217676.0,217740.0,217773.0,217817.0,217859.0,217920.0,217997.0,218044.0,218084.0,218133.0,218160.0,218189.0,218213.0,218245.0,218291.0,218316.0,218353.0,218396.0,218431.0,218473.0,218505.0,218537.0,218557.0,218593.0,218619.0,218650.0,218672.0,218702.0,218730.0,218779.0,218813.0,218835.0,218874.0,218908.0,218932.0,218964.0,218992.0,219019.0,219049.0,219081.0,219103.0,219134.0,219154.0,219175.0,219196.0,219229.0,219251.0,219281.0,219301.0,219334.0,219365.0,219392.0,219414.0,219436.0,219461.0,219485.0,219505.0,219527.0,219551.0,219574.0,,,,,,,,,219809.0,219830.0,219848.0,219884.0,219906.0,219944.0,219965.0,219989.0,220022.0,220055.0,220080.0,220116.0,220144.0,220180.0,220214.0,220238.0,220293.0,220316.0,220334.0,220352.0,220374.0,220400.0,220418.0,220437.0,220457.0,220481.0,220492.0,220517.0,220528.0,220545.0,220569.0,220581.0,220602.0,220627.0,220644.0,220670.0,220689.0,220714.0,220755.0,220771.0,220796.0,220810.0,220825.0,220850.0,220889.0,220901.0,220922.0,220949.0,220972.0,220993.0,221014.0,221036.0,221061.0,221081.0,221102.0,221134.0,221240.0,221261.0,221283.0,221298.0,221339.0,221362.0,221378.0,221410.0,221434.0,221450.0,221485.0,221505.0,221533.0,221569.0,221587.0,221617
dMgVwhkHkEI,1389272.0,1389647.0,1389957.0,1390245.0,1390651.0,1391026.0,1391372.0,1391696.0,1392095.0,1392466.0,1392809.0,1393284.0,1393760.0,1394265.0,1394760.0,1395212.0,1395527.0,1395835.0,1396146.0,1396474.0,1396796.0,1397209.0,1397585.0,1397924.0,1398172.0,1398532.0,1398918.0,1399359.0,1399839.0,1400329.0,1400757.0,1401159.0,1401510.0,1401905.0,1402308.0,1402734.0,1403250.0,1403836.0,1404301.0,1404753.0,1405060.0,1405637.0,1406113.0,1406660.0,1407074.0,1407525.0,1407979.0,1408371.0,1408758.0,1409106.0,1409496.0,1409826.0,1410127.0,1410436.0,1410780.0,1411176.0,1411829.0,1412422.0,1412997.0,1413754.0,1414425.0,1415143.0,1415957.0,1417032.0,1417946.0,1418720.0,1419231.0,1419830.0,1420408.0,1421319.0,1422210.0,1422961.0,1423554.0,1423951.0,1424356.0,1424808.0,1425265.0,1426114.0,1427273.0,1428076.0,1428630.0,1429314.0,1429992.0,1430770.0,1431625.0,1432309.0,1432968.0,1433568.0,1434129.0,1434634.0,1435312.0,1436160.0,1436826.0,1437437.0,1438027.0,1438483.0,1439007.0,1439741.0,1440526.0,1441482.0,1442157.0,1442688.0,1443227.0,1443789.0,1444392.0,1444954.0,1445566.0,1446207.0,1446683.0,1447347.0,1447967.0,1448757.0,1449273.0,1449891.0,1450544.0,1451018.0,1451593.0,1452228.0,1452821.0,1453467.0,1454189.0,1454741.0,1455226.0,1455743.0,1456254.0,1456838.0,1457341.0,1457862.0,1458271.0,1458658.0,1459112.0,1459561.0,1460006.0,1460582.0,,,,,,,,,1465607.0,1466066.0,1466599.0,1467047.0,1467627.0,1468173.0,1468755.0,1469488.0,1470151.0,1470684.0,1471289.0,1471836.0,1472503.0,1473145.0,1473586.0,1474026.0,1474643.0,1475303.0,1475888.0,1476497.0,1477043.0,1477664.0,1478095.0,1478564.0,1479081.0,1479638.0,1480185.0,1480681.0,1481213.0,1481656.0,1482245.0,1482812.0,1483382.0,1483855.0,1484321.0,1484896.0,1485437.0,1485883.0,1486386.0,1486837.0,1487320.0,1487704.0,1488036.0,1488407.0,1488802.0,1489267.0,1489651.0,1490126.0,1490657.0,1490995.0,1491396.0,1491857.0,1492244.0,1492700.0,1493292.0,1493763.0,1494113.0,1494643.0,1495153.0,1495604.0,1496113.0,1496413.0,1496799.0,1497115.0,1497428.0,1497761.0,1498144.0,1498651.0,1499022.0,1499617.0,1499998.0,1500423
RW5mY4VfkZM,1471992.0,1472339.0,1472619.0,1472902.0,1473205.0,1473534.0,1473831.0,1474184.0,1474533.0,1474875.0,1475214.0,1475552.0,1475858.0,1476153.0,1476444.0,1476815.0,1477083.0,1477367.0,1477664.0,1477955.0,1478298.0,1478729.0,1479161.0,1479457.0,1479715.0,1480020.0,1480462.0,1480874.0,1481267.0,1481688.0,1482007.0,1482283.0,1482657.0,1482973.0,1483390.0,1483825.0,1484364.0,1484647.0,1484921.0,1485167.0,1485390.0,1485659.0,1485948.0,1486302.0,1486610.0,1486919.0,1487181.0,1487500.0,1487826.0,1488107.0,1488368.0,1488663.0,1488946.0,1489203.0,1489488.0,1489862.0,1490250.0,1490628.0,1491031.0,1491328.0,1491593.0,1491934.0,1492217.0,1492592.0,1492969.0,1493267.0,1493542.0,1493839.0,1494112.0,1494402.0,1494750.0,1495088.0,1495315.0,1495527.0,1495703.0,1495945.0,1496212.0,1496476.0,1496770.0,1497021.0,1497287.0,1497547.0,1497777.0,1498070.0,1498392.0,1498618.0,1498871.0,1499091.0,1499300.0,1499561.0,1499777.0,1500081.0,1500340.0,1500550.0,1500724.0,1500946.0,1501129.0,1501330.0,1501619.0,1501889.0,1502148.0,1502313.0,1502478.0,1502668.0,1502854.0,1503065.0,1503224.0,1503431.0,1503584.0,1503791.0,1503962.0,1504216.0,1504398.0,1504595.0,1504776.0,1504931.0,1505123.0,1505321.0,1505541.0,1505739.0,1505998.0,1506203.0,1506390.0,1506620.0,1506785.0,1507012.0,1507200.0,1507368.0,1507549.0,1507739.0,1507911.0,1508106.0,1508315.0,1508536.0,,,,,,,,,1511117.0,1511382.0,1511685.0,1511932.0,1512172.0,1512443.0,1512704.0,1513040.0,1513302.0,1513523.0,1513787.0,1514018.0,1514303.0,1514583.0,1514771.0,1514980.0,1515250.0,1515483.0,1515752.0,1515977.0,1516233.0,1516408.0,1516648.0,1516872.0,1517083.0,1517335.0,1517589.0,1517824.0,1518001.0,1518201.0,1518377.0,1518585.0,1518780.0,1518998.0,1519203.0,1519421.0,1519610.0,1519805.0,1520018.0,1520222.0,1520434.0,1520623.0,1520815.0,1520977.0,1521192.0,1521412.0,1521631.0,1521888.0,1522136.0,1522356.0,1522517.0,1522744.0,1522959.0,1523200.0,1523493.0,1523722.0,1523926.0,1524225.0,1524471.0,1524753.0,1524987.0,1525181.0,1525350.0,1525553.0,1525787.0,1526013.0,1526279.0,1526499.0,1526745.0,1527039.0,1527277.0,1527525
Jh4QFaPmdss,365707245.0,365799036.0,365906380.0,366014432.0,366112171.0,366214245.0,366316206.0,366426824.0,366527567.0,366629379.0,366729950.0,366822644.0,366923157.0,367015751.0,367108015.0,367197057.0,367295964.0,367389679.0,367474758.0,367557111.0,367645324.0,367742010.0,367842391.0,367948259.0,368043099.0,368133090.0,368230597.0,368325725.0,368422224.0,368519996.0,368616495.0,368713261.0,368808693.0,368909670.0,369010596.0,369106634.0,369220876.0,369344806.0,369463589.0,369561742.0,369657057.0,369754705.0,369852936.0,369953692.0,370054852.0,370152679.0,370244871.0,370353866.0,370458666.0,370583053.0,370709784.0,370827645.0,370938336.0,371047043.0,371157496.0,371270720.0,371385309.0,371497959.0,371608180.0,371719314.0,371832776.0,371943819.0,372052013.0,372164022.0,372294699.0,372426528.0,372536413.0,372641282.0,372726913.0,372833920.0,372931479.0,373026021.0,373124820.0,373223912.0,373324311.0,373427830.0,373526448.0,373629729.0,373731130.0,373831442.0,373932581.0,374028085.0,374122807.0,374218418.0,374310615.0,374402787.0,374496483.0,374585571.0,374670861.0,374755244.0,374837373.0,374914432.0,374996067.0,375086280.0,375176079.0,375253686.0,375330573.0,375410676.0,375487726.0,375562370.0,375644824.0,375726983.0,375797472.0,375868489.0,375942523.0,376016328.0,376090034.0,376177048.0,376266926.0,376341102.0,376412655.0,376483881.0,376555781.0,376627675.0,376710014.0,376791671.0,376863288.0,376929741.0,376997171.0,377062658.0,377131264.0,377211228.0,377293787.0,377365446.0,377435431.0,377505089.0,377578489.0,377656158.0,377744607.0,377834128.0,377911951.0,377989202.0,378066260.0,378143952.0,,,,,,,,,378911502.0,379008758.0,379091549.0,379176870.0,379272335.0,379386322.0,379489612.0,379601847.0,379729495.0,379826781.0,379923988.0,380022425.0,380117279.0,380217381.0,380322707.0,380440083.0,380533661.0,380622185.0,380702824.0,380770992.0,380841533.0,380922304.0,381000537.0,381065870.0,381131061.0,381202124.0,381275729.0,381356365.0,381444592.0,381530996.0,381605967.0,381676500.0,381745903.0,381816278.0,381887992.0,381973026.0,382057029.0,382131733.0,382205769.0,382281526.0,382358342.0,382434569.0,382516771.0,382599411.0,382673679.0,382745046.0,382818412.0,382892305.0,382966359.0,383049339.0,383130327.0,383200194.0,383271991.0,383349656.0,383424370.0,383502394.0,383586448.0,383667004.0,383740650.0,383820659.0,383899304.0,383976969.0,384047701.0,384126418.0,384203493.0,384278899.0,384356873.0,384436662.0,384514843.0,384580699.0,384656061.0,384729710
zC8LTnkjBbs,460984.0,461041.0,461119.0,461183.0,461234.0,461303.0,461389.0,461456.0,461515.0,461591.0,461665.0,461720.0,461788.0,461844.0,461935.0,461988.0,462039.0,462093.0,462145.0,462197.0,462246.0,462299.0,462330.0,462385.0,462434.0,462471.0,462529.0,462587.0,462655.0,462702.0,462761.0,462818.0,462869.0,462908.0,462968.0,463016.0,463068.0,463134.0,463184.0,463237.0,463308.0,463365.0,463424.0,463492.0,463537.0,463587.0,463649.0,463699.0,463747.0,463788.0,463830.0,463884.0,463932.0,463982.0,464054.0,464112.0,464164.0,464207.0,464262.0,464331.0,464381.0,464436.0,464480.0,464536.0,464592.0,464638.0,464685.0,464722.0,464761.0,464834.0,464887.0,464945.0,465009.0,465061.0,465108.0,465157.0,465216.0,465252.0,465313.0,465380.0,465431.0,465471.0,465510.0,465564.0,465603.0,465638.0,465698.0,465742.0,465794.0,465844.0,465901.0,465934.0,465985.0,466020.0,466075.0,466108.0,466136.0,466180.0,466214.0,466259.0,466309.0,466352.0,466403.0,466449.0,466509.0,466555.0,466607.0,466653.0,466728.0,466771.0,466817.0,466873.0,466904.0,466943.0,466995.0,467074.0,467110.0,467161.0,467220.0,467281.0,467338.0,467389.0,467443.0,467498.0,467536.0,467578.0,467643.0,467710.0,467755.0,467808.0,467840.0,467877.0,467924.0,467971.0,,,,,,,,,468373.0,468427.0,468464.0,468519.0,468559.0,468601.0,468632.0,468663.0,468715.0,468765.0,468812.0,468864.0,468908.0,468947.0,468987.0,469032.0,469055.0,469091.0,469138.0,469180.0,469222.0,469277.0,469338.0,469372.0,469418.0,469442.0,469476.0,469523.0,469579.0,469614.0,469643.0,469683.0,469703.0,469728.0,469776.0,469815.0,469857.0,469896.0,469929.0,469958.0,469986.0,470016.0,470062.0,470095.0,470129.0,470169.0,470227.0,470271.0,470343.0,470397.0,470435.0,470477.0,470527.0,470576.0,470635.0,470677.0,470735.0,470773.0,470829.0,470866.0,470911.0,470948.0,470990.0,471027.0,471082.0,471137.0,471186.0,471228.0,471268.0,471320.0,471368.0,471413
fCO7f0SmrDc,355352431.0,355473740.0,355608591.0,355748605.0,355877709.0,356012067.0,356142595.0,356268494.0,356400924.0,356531111.0,356663647.0,356785288.0,356917801.0,357047527.0,357172388.0,357294661.0,357428642.0,357559086.0,357677949.0,357794632.0,357920347.0,358065903.0,358209694.0,358352682.0,358491616.0,358609094.0,358737003.0,358864908.0,358996662.0,359122329.0,359248936.0,359368439.0,359483606.0,359599421.0,359717967.0,359836166.0,359974356.0,360115006.0,360241732.0,360358483.0,360481890.0,360610200.0,360744974.0,360883486.0,361012912.0,361135232.0,361244816.0,361370387.0,361496958.0,361648407.0,361798159.0,361929257.0,362050330.0,362166450.0,362289201.0,362407709.0,362528856.0,362653953.0,362779998.0,362902866.0,363020678.0,363140948.0,363260671.0,363375320.0,363506008.0,363643361.0,363779920.0,363899720.0,364001534.0,364127097.0,364241934.0,364355821.0,364477872.0,364604407.0,364730435.0,364857252.0,364976790.0,365092501.0,365210124.0,365326046.0,365448491.0,365568101.0,365683164.0,365798216.0,365909980.0,366021711.0,366134684.0,366249027.0,366354527.0,366459257.0,366564383.0,366661871.0,366757739.0,366863009.0,366972228.0,367076514.0,367184109.0,367294657.0,367400100.0,367495024.0,367601853.0,367715422.0,367811975.0,367908298.0,368014531.0,368118762.0,368225652.0,368351487.0,368481786.0,368581526.0,368676166.0,368773365.0,368869346.0,368968042.0,369077920.0,369187248.0,369286612.0,369380613.0,369475583.0,369568211.0,369663837.0,369773053.0,369887945.0,369985178.0,370078361.0,370170799.0,370262090.0,370363320.0,370471922.0,370581484.0,370673691.0,370761519.0,370851509.0,370941145.0,,,,,,,,,371803112.0,371914098.0,372009709.0,372108204.0,372207872.0,372304676.0,372400823.0,372502905.0,372623192.0,372725189.0,372828441.0,372931451.0,373029821.0,373128217.0,373242829.0,373368394.0,373482572.0,373589614.0,373691714.0,373780033.0,373868825.0,373971763.0,374069469.0,374152761.0,374238079.0,374323033.0,374412548.0,374509856.0,374613565.0,374717188.0,374805629.0,374891976.0,374976759.0,375061761.0,375146237.0,375243535.0,375334300.0,375419701.0,375505161.0,375592113.0,375680351.0,375769622.0,375865495.0,375962549.0,376048809.0,376132588.0,376219213.0,376308595.0,376399984.0,376498390.0,376593615.0,376678074.0,376765015.0,376858805.0,376953345.0,377054002.0,377160498.0,377259258.0,377346940.0,377443181.0,377540065.0,377634810.0,377715857.0,377810770.0,377908061.0,378005048.0,378104501.0,378205341.0,378304064.0,378385836.0,378482186.0,378574158
qRrV31S7oO0,1748276.0,1748688.0,1749164.0,1749694.0,1750102.0,1750549.0,1750966.0,1751394.0,1751788.0,1752291.0,1752805.0,1753182.0,1753582.0,1753979.0,1754494.0,1754891.0,1755406.0,1755922.0,1756313.0,1756665.0,1757063.0,1757521.0,1758014.0,1758642.0,1759065.0,1759566.0,1760077.0,1760583.0,1761142.0,1761603.0,1762087.0,1762477.0,1762918.0,1763343.0,1763709.0,1764161.0,1764676.0,1765114.0,1765584.0,1765994.0,1766326.0,1766649.0,1766992.0,1767322.0,1767626.0,1767992.0,1768279.0,1768652.0,1768931.0,1769247.0,1769577.0,1769962.0,1770265.0,1770612.0,1770957.0,1771347.0,1771664.0,1771962.0,1772311.0,1772701.0,1773022.0,1773365.0,1773668.0,1774040.0,1774363.0,1774839.0,1775222.0,1775629.0,1776025.0,1776467.0,1776817.0,1777212.0,1777567.0,1777953.0,1778240.0,1778596.0,1778955.0,1779313.0,1779718.0,1780106.0,1780503.0,1780882.0,1781268.0,1781596.0,1782113.0,1782531.0,1783000.0,1783430.0,1783802.0,1784113.0,1784457.0,1784796.0,1785062.0,1785462.0,1785917.0,1786253.0,1786583.0,1786893.0,1787191.0,1787497.0,1787832.0,1788209.0,1788446.0,1788752.0,1789026.0,1789275.0,1789549.0,1789879.0,1790221.0,1790455.0,1790763.0,1791080.0,1791406.0,1791794.0,1792219.0,1792666.0,1793032.0,1793325.0,1793625.0,1793990.0,1794281.0,1794743.0,1795166.0,1795481.0,1795816.0,1796080.0,1796355.0,1796678.0,1797033.0,1797400.0,1797644.0,1797891.0,1798141.0,1798399.0,,,,,,,,,1800995.0,1801358.0,1801601.0,1801871.0,1802142.0,1802452.0,1802759.0,1803145.0,1803579.0,1803916.0,1804346.0,1804688.0,1805121.0,1805582.0,1806033.0,1806486.0,1806876.0,1807147.0,1807476.0,1807830.0,1808117.0,1808391.0,1808733.0,1808975.0,1809202.0,1809437.0,1809716.0,1809985.0,1810242.0,1810495.0,1810726.0,1810992.0,1811226.0,1811482.0,1811713.0,1811937.0,1812232.0,1812455.0,1812675.0,1812876.0,1813061.0,1813254.0,1813478.0,1813674.0,1813922.0,1814155.0,1814372.0,1814585.0,1814777.0,1815029.0,1815236.0,1815423.0,1815621.0,1815909.0,1816133.0,1816363.0,1816629.0,1816958.0,1817265.0,1817609.0,1817921.0,1818217.0,1818497.0,1818826.0,1819114.0,1819445.0,1819777.0,1820091.0,1820394.0,1820752.0,1821050.0,1821540
47Q_LNo5OgM,9855.0,9856.0,9857.0,9859.0,9862.0,9869.0,9870.0,9871.0,9871.0,9872.0,9873.0,9875.0,9876.0,9877.0,9879.0,9881.0,9881.0,9881.0,9884.0,9885.0,9885.0,9887.0,9889.0,9890.0,9892.0,9893.0,9896.0,9897.0,9899.0,9899.0,9900.0,9902.0,9905.0,9909.0,9911.0,9911.0,9911.0,9911.0,9911.0,9911.0,9911.0,9913.0,9915.0,9917.0,9918.0,9918.0,9930.0,9934.0,9937.0,9938.0,9938.0,9942.0,9944.0,9944.0,9946.0,9946.0,9947.0,9947.0,9948.0,9951.0,9953.0,9953.0,9954.0,9954.0,9954.0,9954.0,9954.0,9955.0,9955.0,9955.0,9955.0,9959.0,9960.0,9964.0,9969.0,9971.0,9972.0,9973.0,9977.0,9978.0,9980.0,9981.0,9981.0,9982.0,9982.0,9983.0,9984.0,9988.0,9992.0,9994.0,9994.0,9995.0,9997.0,9998.0,9999.0,9999.0,9999.0,10001.0,10002.0,10003.0,10004.0,10006.0,10007.0,10008.0,10012.0,10013.0,10016.0,10018.0,10020.0,10021.0,10023.0,10024.0,10026.0,10028.0,10029.0,10031.0,10034.0,10035.0,10037.0,10039.0,10042.0,10043.0,10043.0,10046.0,10047.0,10051.0,10056.0,10058.0,10059.0,10059.0,10060.0,10061.0,10061.0,10061.0,,,,,,,,,10085.0,10093.0,10094.0,10096.0,10097.0,10099.0,10100.0,10102.0,10104.0,10104.0,10105.0,10108.0,10109.0,10110.0,10111.0,10115.0,10117.0,10118.0,10118.0,10120.0,10121.0,10122.0,10123.0,10124.0,10124.0,10124.0,10125.0,10130.0,10134.0,10135.0,10136.0,10136.0,10138.0,10139.0,10139.0,10142.0,10142.0,10143.0,10143.0,10143.0,10144.0,10143.0,10147.0,10148.0,10150.0,10152.0,10154.0,10156.0,10158.0,10161.0,10162.0,10166.0,10167.0,10171.0,10171.0,10173.0,10176.0,10176.0,10178.0,10180.0,10182.0,10182.0,10182.0,10182.0,10183.0,10184.0,10186.0,10186.0,10186.0,10191.0,10192.0,10193
l8fGI1r_Gxo,278386.0,278586.0,278832.0,279043.0,279251.0,279523.0,279747.0,279976.0,280183.0,280378.0,280587.0,280735.0,280953.0,281135.0,281353.0,281628.0,281884.0,282092.0,282354.0,282623.0,282872.0,283080.0,283321.0,283523.0,283737.0,283968.0,284199.0,284510.0,284817.0,285073.0,285342.0,285593.0,285880.0,286132.0,286453.0,286804.0,287200.0,287522.0,287789.0,288139.0,288469.0,288778.0,289041.0,289367.0,289657.0,289900.0,290160.0,290445.0,290689.0,290978.0,291245.0,291503.0,291709.0,291980.0,292220.0,292436.0,292656.0,293024.0,293293.0,293507.0,293755.0,293977.0,294265.0,294493.0,294815.0,295088.0,295386.0,295704.0,295965.0,296436.0,296837.0,297178.0,297510.0,297859.0,298281.0,298831.0,299327.0,299686.0,300118.0,300511.0,300786.0,301147.0,301495.0,301910.0,302316.0,302783.0,303134.0,303458.0,303855.0,304153.0,304537.0,304858.0,305224.0,305513.0,305790.0,306102.0,306365.0,306642.0,306935.0,307249.0,307534.0,307915.0,308327.0,308634.0,308867.0,309182.0,309481.0,309811.0,310092.0,310409.0,310688.0,311032.0,311463.0,311832.0,312232.0,312492.0,312805.0,313109.0,313392.0,313655.0,313915.0,314203.0,314459.0,314679.0,314872.0,315140.0,315411.0,315775.0,316034.0,316291.0,316629.0,316922.0,317256.0,317581.0,,,,,,,,,320326.0,320549.0,320779.0,321021.0,321326.0,321575.0,321813.0,322074.0,322374.0,322737.0,323130.0,323531.0,324010.0,324354.0,324693.0,325011.0,325373.0,325724.0,326042.0,326394.0,326662.0,326935.0,327211.0,327482.0,327763.0,328009.0,328250.0,328558.0,328851.0,329160.0,329472.0,329818.0,330162.0,330530.0,330820.0,331161.0,331466.0,331829.0,332172.0,332539.0,332860.0,333370.0,333767.0,334077.0,334501.0,334840.0,335209.0,335533.0,336021.0,336327.0,336629.0,337021.0,337382.0,337797.0,338212.0,338668.0,339047.0,339403.0,339854.0,340349.0,340762.0,341141.0,341476.0,341854.0,342231.0,342619.0,343157.0,343565.0,343902.0,344341.0,344718.0,345093
t6hTxNCwRQ8,491664.0,491775.0,491852.0,491931.0,491999.0,492106.0,492183.0,492264.0,492366.0,492469.0,492534.0,492608.0,492688.0,492743.0,492843.0,492955.0,493021.0,493101.0,493175.0,493253.0,493339.0,493399.0,493453.0,493536.0,493599.0,493707.0,493781.0,493866.0,493954.0,494039.0,494134.0,494210.0,494296.0,494373.0,494458.0,494530.0,494626.0,494704.0,494792.0,494862.0,494939.0,495031.0,495098.0,495190.0,495268.0,495348.0,495430.0,495507.0,495583.0,495652.0,495704.0,495762.0,495833.0,495911.0,496006.0,496102.0,496216.0,496370.0,496514.0,496658.0,496804.0,497022.0,497237.0,497443.0,497613.0,497719.0,497856.0,497989.0,498102.0,498323.0,498586.0,498952.0,499361.0,499561.0,499830.0,500012.0,500231.0,500375.0,500561.0,500824.0,501084.0,501297.0,501515.0,501708.0,501880.0,502078.0,502336.0,502559.0,502819.0,503002.0,503256.0,503469.0,503660.0,503893.0,504086.0,504298.0,504476.0,504652.0,504838.0,505044.0,505233.0,505413.0,505569.0,505771.0,505985.0,506295.0,506551.0,506774.0,506946.0,507109.0,507253.0,507424.0,507592.0,507756.0,507954.0,508124.0,508267.0,508433.0,508632.0,508799.0,509011.0,509148.0,509297.0,509395.0,509536.0,509661.0,509793.0,509909.0,510049.0,510176.0,510274.0,510415.0,510537.0,510656.0,,,,,,,,,511826.0,511978.0,512156.0,512318.0,512526.0,512759.0,512980.0,513243.0,513618.0,513825.0,514040.0,514258.0,514480.0,514688.0,514870.0,515064.0,515278.0,515463.0,515657.0,515796.0,515895.0,516009.0,516139.0,516230.0,516339.0,516444.0,516582.0,516723.0,516866.0,516992.0,517105.0,517249.0,517373.0,517507.0,517600.0,517724.0,517803.0,517920.0,518022.0,518140.0,518232.0,518347.0,518451.0,518508.0,518608.0,518701.0,518772.0,518825.0,518900.0,518973.0,519048.0,519118.0,519195.0,519262.0,519323.0,519393.0,519463.0,519521.0,519575.0,519628.0,519700.0,519773.0,519829.0,519888.0,519944.0,520015.0,520077.0,520140.0,520189.0,520251.0,520304.0,520398
r5n1GCY-nYQ,23030174.0,23031811.0,23033558.0,23035363.0,23037213.0,23039283.0,23041356.0,23043580.0,23045860.0,23048085.0,23050109.0,23052141.0,23054222.0,23056222.0,23058227.0,23060134.0,23062181.0,23064048.0,23065961.0,23067815.0,23069782.0,23071787.0,23073870.0,23075978.0,23077989.0,23079893.0,23081964.0,23084034.0,23086183.0,23088240.0,23090338.0,23092259.0,23094369.0,23096586.0,23098847.0,23101251.0,23103661.0,23105965.0,23108109.0,23110199.0,23112218.0,23114162.0,23116448.0,23118667.0,23121023.0,23123120.0,23125255.0,23127325.0,23129372.0,23131589.0,23133794.0,23136087.0,23138114.0,23140265.0,23142363.0,23144289.0,23146261.0,23148439.0,23150353.0,23152454.0,23154551.0,23156619.0,23158541.0,23160323.0,23161988.0,23163694.0,23165243.0,23166903.0,23168477.0,23170443.0,23172302.0,23174124.0,23175780.0,23177407.0,23179222.0,23181160.0,23182988.0,23184858.0,23186801.0,23188539.0,23190276.0,23192048.0,23193905.0,23195859.0,23197924.0,23199819.0,23201646.0,23203302.0,23205115.0,23207322.0,23209431.0,23211582.0,23213752.0,23215793.0,23217781.0,23219748.0,23221558.0,23223404.0,23225323.0,23227406.0,23229451.0,23231410.0,23233431.0,23235278.0,23237122.0,23239116.0,23241201.0,23242960.0,23244717.0,23246660.0,23248682.0,23250840.0,23252723.0,23254782.0,23256563.0,23258323.0,23260150.0,23261941.0,23263807.0,23265688.0,23267635.0,23269357.0,23271063.0,23272727.0,23274474.0,23276284.0,23278280.0,23280123.0,23281921.0,23283491.0,23285156.0,23286950.0,23288797.0,23290347.0,,,,,,,,,23304585.0,23306098.0,23307609.0,23309273.0,23311041.0,23312779.0,23314563.0,23316292.0,23317933.0,23319570.0,23321287.0,23322897.0,23324582.0,23326152.0,23327699.0,23329139.0,23330786.0,23332538.0,23334379.0,23335946.0,23337522.0,23339279.0,23340941.0,23342773.0,23344710.0,23346513.0,23348376.0,23350173.0,23351843.0,23353473.0,23355147.0,23356880.0,23358613.0,23360306.0,23362006.0,23363502.0,23364933.0,23366600.0,23368272.0,23370072.0,23371789.0,23373479.0,23375143.0,23376613.0,23378231.0,23379933.0,23381681.0,23383454.0,23385277.0,23386809.0,23388249.0,23389807.0,23391452.0,23393031.0,23394611.0,23396199.0,23397706.0,23399016.0,23400433.0,23402004.0,23403547.0,23404976.0,23406348.0,23407791.0,23409191.0,23410754.0,23412468.0,23414004.0,23415598.0,23417141.0,23418751.0,23420318
_p5Hhjxv5lQ,167178.0,167249.0,167343.0,167422.0,167491.0,167580.0,167676.0,167764.0,167846.0,167949.0,168014.0,168076.0,168147.0,168212.0,168279.0,168360.0,168416.0,168482.0,168581.0,168703.0,168908.0,169012.0,169120.0,169212.0,169283.0,169377.0,169456.0,169553.0,169691.0,169811.0,169907.0,169956.0,170036.0,170112.0,170178.0,170244.0,170345.0,170427.0,170478.0,170552.0,170647.0,170723.0,170799.0,170883.0,170943.0,170990.0,171065.0,171133.0,171208.0,171276.0,171340.0,171403.0,171463.0,171506.0,171558.0,171605.0,171663.0,171820.0,171940.0,172032.0,172169.0,172307.0,172431.0,172552.0,172697.0,172815.0,172929.0,173089.0,173248.0,173420.0,173538.0,173647.0,173736.0,173826.0,173919.0,174026.0,174153.0,174238.0,174330.0,174430.0,174504.0,174575.0,174651.0,174722.0,174810.0,174912.0,174981.0,175039.0,175121.0,175197.0,175261.0,175340.0,175419.0,175490.0,175553.0,175645.0,175724.0,175784.0,175888.0,175965.0,176033.0,176094.0,176161.0,176241.0,176336.0,176425.0,176516.0,176584.0,176623.0,176697.0,176797.0,176894.0,176965.0,177070.0,177123.0,177184.0,177248.0,177316.0,177393.0,177478.0,177546.0,177617.0,177682.0,177744.0,177801.0,177875.0,177929.0,177984.0,178074.0,178159.0,178243.0,178319.0,178401.0,178492.0,,,,,,,,,179350.0,179446.0,179562.0,179718.0,179827.0,179978.0,180133.0,180325.0,180517.0,180697.0,180843.0,180993.0,181100.0,181261.0,181366.0,181458.0,181555.0,181627.0,181737.0,181844.0,181920.0,181993.0,182057.0,182144.0,182243.0,182336.0,182411.0,182500.0,182581.0,182664.0,182743.0,182838.0,183031.0,183049.0,183097.0,183189.0,183243.0,183311.0,183382.0,183464.0,183523.0,183600.0,183662.0,183704.0,183792.0,183896.0,183991.0,184088.0,184157.0,184232.0,184299.0,184372.0,184428.0,184501.0,184577.0,184662.0,184726.0,184788.0,184867.0,184971.0,185080.0,185151.0,185230.0,185311.0,185390.0,185481.0,185588.0,185691.0,185763.0,185868.0,185951.0,186035
-QkYQEsgrAQ,3714415.0,3714512.0,3714613.0,3714693.0,3714786.0,3714898.0,3714984.0,3715067.0,3715167.0,3715252.0,3715333.0,3715396.0,3715452.0,3715530.0,3715619.0,3715723.0,3715826.0,3715901.0,3716031.0,3716232.0,3716511.0,3716671.0,3716816.0,3716925.0,3717014.0,3717122.0,3717218.0,3717326.0,3717413.0,3717519.0,3717626.0,3717716.0,3717793.0,3717865.0,3717947.0,3718013.0,3718091.0,3718167.0,3718231.0,3718301.0,3718369.0,3718455.0,3718532.0,3718606.0,3718683.0,3718756.0,3718835.0,3718900.0,3718966.0,3719029.0,3719097.0,3719162.0,3719242.0,3719285.0,3719350.0,3719412.0,3719482.0,3719548.0,3719624.0,3719694.0,3719757.0,3719812.0,3719881.0,3719939.0,3720007.0,3720072.0,3720137.0,3720208.0,3720261.0,3720298.0,3720382.0,3720430.0,3720496.0,3720555.0,3720613.0,3720687.0,3720742.0,3720800.0,3720864.0,3720916.0,3720962.0,3721011.0,3721053.0,3721122.0,3721167.0,3721236.0,3721303.0,3721367.0,3721418.0,3721471.0,3721524.0,3721586.0,3721661.0,3721726.0,3721794.0,3721853.0,3721901.0,3721956.0,3722027.0,3722110.0,3722210.0,3722284.0,3722339.0,3722412.0,3722478.0,3722526.0,3722603.0,3722664.0,3722728.0,3722782.0,3722861.0,3722918.0,3722975.0,3723043.0,3723100.0,3723158.0,3723208.0,3723254.0,3723310.0,3723348.0,3723409.0,3723469.0,3723531.0,3723588.0,3723638.0,3723687.0,3723736.0,3723796.0,3723867.0,3723913.0,3723958.0,3723987.0,3724019.0,3724071.0,,,,,,,,,3724482.0,3724554.0,3724598.0,3724651.0,3724700.0,3724737.0,3724777.0,3724826.0,3724884.0,3724946.0,3724995.0,3725054.0,3725113.0,3725175.0,3725264.0,3725354.0,3725411.0,3725459.0,3725500.0,3725555.0,3725609.0,3725659.0,3725719.0,3725768.0,3725807.0,3725854.0,3725896.0,3725947.0,3725991.0,3726025.0,3726078.0,3726122.0,3726164.0,3726210.0,3726268.0,3726324.0,3726386.0,3726438.0,3726490.0,3726525.0,3726559.0,3726607.0,3726672.0,3726729.0,3726777.0,3726821.0,3726875.0,3726940.0,3727002.0,3727053.0,3727093.0,3727132.0,3727171.0,3727219.0,3727277.0,3727315.0,3727351.0,3727398.0,3727446.0,3727492.0,3727550.0,3727591.0,3727649.0,3727702.0,3727755.0,3727807.0,3727854.0,3727893.0,3727931.0,3728011.0,3728075.0,3728123
5uNDZJY247E,22021.0,22050.0,22073.0,22096.0,22122.0,22137.0,22156.0,22184.0,22202.0,22223.0,22234.0,22255.0,22276.0,22293.0,22317.0,22346.0,22368.0,22391.0,22415.0,22435.0,22475.0,22490.0,22501.0,22509.0,22522.0,22540.0,22555.0,22561.0,22582.0,22600.0,22622.0,22632.0,22657.0,22677.0,22685.0,22695.0,22707.0,22719.0,22730.0,22742.0,22761.0,22774.0,22789.0,22803.0,22815.0,22836.0,22864.0,22880.0,22890.0,22902.0,22913.0,22928.0,22935.0,22938.0,22944.0,22955.0,22964.0,22974.0,22987.0,22996.0,23006.0,23008.0,23016.0,23032.0,23043.0,23056.0,23061.0,23079.0,23087.0,23100.0,23109.0,23124.0,23138.0,23149.0,23160.0,23179.0,23192.0,23200.0,23208.0,23220.0,23232.0,23239.0,23245.0,23261.0,23272.0,23286.0,23291.0,23299.0,23314.0,23327.0,23337.0,23353.0,23361.0,23372.0,23383.0,23391.0,23412.0,23417.0,23426.0,23443.0,23448.0,23458.0,23464.0,23475.0,23487.0,23497.0,23509.0,23522.0,23526.0,23537.0,23548.0,23563.0,23570.0,23584.0,23592.0,23604.0,23616.0,23626.0,23645.0,23655.0,23669.0,23680.0,23688.0,23705.0,23715.0,23729.0,23736.0,23746.0,23765.0,23773.0,23791.0,23808.0,23828.0,23842.0,,,,,,,,,23988.0,23995.0,24009.0,24023.0,24053.0,24078.0,24101.0,24121.0,24143.0,24166.0,24192.0,24216.0,24246.0,24285.0,24321.0,24357.0,24392.0,24413.0,24436.0,24455.0,24474.0,24481.0,24520.0,24537.0,24554.0,24575.0,24591.0,24615.0,24620.0,24638.0,24651.0,24671.0,24680.0,24699.0,24713.0,24728.0,24737.0,24759.0,24768.0,24798.0,24810.0,24827.0,24841.0,24857.0,24876.0,24895.0,24912.0,24940.0,24960.0,24976.0,24995.0,25018.0,25040.0,25068.0,25082.0,25097.0,25114.0,25130.0,25151.0,25173.0,25188.0,25205.0,25226.0,25244.0,25256.0,25275.0,25291.0,25305.0,25320.0,25337.0,25349.0,25357
aMOa320erOQ,33587249.0,33588521.0,33590237.0,33592256.0,33593903.0,33595467.0,33597001.0,33598599.0,33600046.0,33601867.0,33603947.0,33605440.0,33606900.0,33608350.0,33609904.0,33611180.0,33612548.0,33614211.0,33615496.0,33616493.0,33618014.0,33619367.0,33620548.0,33621863.0,33623623.0,33624818.0,33626492.0,33628963.0,33630627.0,33631847.0,33633379.0,33635025.0,33636200.0,33637377.0,33638779.0,33639980.0,33641155.0,33642480.0,33643887.0,33644990.0,33646043.0,33646938.0,33648025.0,33649035.0,33649874.0,33651062.0,33652017.0,33653206.0,33654289.0,33655336.0,33656272.0,33657125.0,33658033.0,33659100.0,33660008.0,33660869.0,33661625.0,33662509.0,33663449.0,33664360.0,33665301.0,33666270.0,33667320.0,33668227.0,33669226.0,33670084.0,33670934.0,33671814.0,33672656.0,33673706.0,33674563.0,33675374.0,33676206.0,33676945.0,33677750.0,33678519.0,33679348.0,33680083.0,33681057.0,33681963.0,33682753.0,33683585.0,33684443.0,33685296.0,33686082.0,33686818.0,33687633.0,33688526.0,33689298.0,33690073.0,33690943.0,33691656.0,33692712.0,33693713.0,33694569.0,33695378.0,33696216.0,33697074.0,33697901.0,33699033.0,33700363.0,33702423.0,33704690.0,33706638.0,33708180.0,33709484.0,33710545.0,33711756.0,33712958.0,33714171.0,33715351.0,33716368.0,33717262.0,33718244.0,33719245.0,33720372.0,33721350.0,33722345.0,33723364.0,33724413.0,33725304.0,33726367.0,33727406.0,33728543.0,33729727.0,33730649.0,33731596.0,33732629.0,33733665.0,33734646.0,33735553.0,33736248.0,33737161.0,33738002.0,,,,,,,,,33746206.0,33747362.0,33748086.0,33748998.0,33749872.0,33750704.0,33751464.0,33752415.0,33753360.0,33754367.0,33755342.0,33756249.0,33757207.0,33758124.0,33759442.0,33760613.0,33761607.0,33763283.0,33765080.0,33766221.0,33766993.0,33767993.0,33768897.0,33769794.0,33770790.0,33771685.0,33772670.0,33773608.0,33774599.0,33775600.0,33776678.0,33777711.0,33778700.0,33779554.0,33780511.0,33781479.0,33782269.0,33783165.0,33783886.0,33784903.0,33785752.0,33786436.0,33787204.0,33788094.0,33788906.0,33789670.0,33790330.0,33791133.0,33791763.0,33792518.0,33793241.0,33793912.0,33794560.0,33795336.0,33796026.0,33796729.0,33797436.0,33798132.0,33798839.0,33799631.0,33800313.0,33800982.0,33801578.0,33802342.0,33803185.0,33804025.0,33804751.0,33805517.0,33806084.0,33806570.0,33807393.0,33808052
sYVcA9HfZJw,482865.0,483338.0,483727.0,484161.0,484579.0,484877.0,485288.0,485648.0,485998.0,486266.0,486636.0,486931.0,487285.0,487628.0,487998.0,488375.0,488668.0,488952.0,489251.0,489574.0,489898.0,490184.0,490474.0,490798.0,491097.0,491488.0,491825.0,492400.0,492685.0,493052.0,493406.0,493859.0,494272.0,494708.0,495266.0,495629.0,495949.0,496303.0,496664.0,497050.0,497336.0,497632.0,497872.0,498134.0,498411.0,498774.0,499098.0,499468.0,499740.0,500122.0,500458.0,500760.0,501035.0,501417.0,501750.0,502036.0,502338.0,502599.0,502903.0,503226.0,503570.0,503880.0,504180.0,504477.0,504819.0,505146.0,505450.0,505725.0,505953.0,506229.0,506498.0,506719.0,506943.0,507176.0,507417.0,507625.0,507855.0,508059.0,508258.0,508427.0,508599.0,508778.0,508966.0,509131.0,509339.0,509546.0,509726.0,509941.0,510064.0,510273.0,510465.0,510651.0,510906.0,511196.0,511515.0,511774.0,512023.0,512333.0,512545.0,512803.0,513071.0,513397.0,513742.0,513945.0,514125.0,514344.0,514518.0,514720.0,514952.0,515174.0,515469.0,515764.0,515995.0,516237.0,516558.0,516913.0,517156.0,517408.0,517703.0,518042.0,518366.0,518688.0,518939.0,519255.0,519465.0,519783.0,520100.0,520397.0,520607.0,520885.0,521281.0,521519.0,521784.0,522027.0,,,,,,,,,524479.0,524716.0,524966.0,525150.0,525328.0,525505.0,525737.0,525872.0,526083.0,526331.0,526495.0,526634.0,526848.0,527005.0,527159.0,527337.0,527484.0,527643.0,527771.0,527948.0,528056.0,528200.0,528353.0,528485.0,528691.0,528817.0,528942.0,529103.0,529268.0,529431.0,529667.0,529872.0,530038.0,530205.0,530354.0,530536.0,530735.0,530855.0,531023.0,531157.0,531302.0,531451.0,531622.0,531757.0,531857.0,531993.0,532097.0,532240.0,532357.0,532569.0,532761.0,532943.0,533102.0,533267.0,533421.0,533609.0,533790.0,533948.0,534099.0,534313.0,534473.0,534651.0,534802.0,534977.0,535158.0,535317.0,535435.0,535603.0,535699.0,535826.0,535957.0,536101
ZU58-PZnXOM,12919241.0,12920503.0,12921871.0,12923711.0,12925070.0,12926320.0,12927565.0,12928837.0,12930113.0,12931293.0,12932562.0,12933602.0,12934559.0,12935448.0,12936744.0,12937764.0,12938952.0,12940162.0,12941211.0,12942154.0,12943128.0,12944625.0,12945668.0,12946720.0,12948185.0,12949307.0,12950499.0,12952200.0,12953585.0,12954717.0,12955781.0,12956933.0,12958002.0,12958833.0,12960013.0,12961075.0,12962047.0,12962982.0,12963967.0,12964780.0,12965745.0,12966504.0,12967309.0,12968117.0,12968957.0,12969964.0,12970779.0,12971689.0,12972603.0,12973506.0,12974442.0,12975317.0,12976188.0,12977014.0,12977840.0,12978625.0,12979390.0,12980191.0,12980955.0,12981807.0,12982577.0,12983221.0,12984096.0,12984836.0,12985599.0,12986340.0,12986991.0,12987858.0,12988502.0,12989429.0,12990195.0,12990933.0,12991522.0,12992245.0,12992898.0,12993715.0,12994391.0,12995055.0,12995814.0,12996448.0,12997226.0,12997902.0,12998632.0,12999380.0,13000098.0,13000917.0,13001531.0,13002404.0,13003082.0,13003770.0,13004590.0,13005201.0,13005998.0,13006695.0,13007604.0,13008605.0,13010308.0,13011693.0,13012815.0,13014227.0,13015583.0,13017585.0,13019601.0,13020888.0,13022184.0,13023333.0,13024349.0,13025411.0,13026512.0,13027432.0,13028440.0,13029251.0,13030229.0,13030832.0,13031825.0,13032750.0,13033482.0,13034451.0,13035013.0,13036117.0,13036894.0,13037698.0,13038530.0,13039531.0,13040613.0,13041270.0,13042152.0,13043115.0,13044007.0,13044805.0,13045560.0,13046258.0,13046908.0,13047490.0,,,,,,,,,13053886.0,13054625.0,13055370.0,13055919.0,13056480.0,13057274.0,13057858.0,13058551.0,13059312.0,13060013.0,13060726.0,13061405.0,13062064.0,13062655.0,13063325.0,13064039.0,13064661.0,13065564.0,13066984.0,13067885.0,13068801.0,13069559.0,13070415.0,13071151.0,13072031.0,13072637.0,13073483.0,13074038.0,13074863.0,13075635.0,13076436.0,13077300.0,13078217.0,13078992.0,13079748.0,13080507.0,13081183.0,13081853.0,13082614.0,13083140.0,13083730.0,13084346.0,13085057.0,13085850.0,13086481.0,13087142.0,13087724.0,13088373.0,13088883.0,13089437.0,13090173.0,13090672.0,13091219.0,13091851.0,13092397.0,13092993.0,13093539.0,13094186.0,13094681.0,13095210.0,13095839.0,13096437.0,13096978.0,13097620.0,13098310.0,13099090.0,13099763.0,13100383.0,13100734.0,13101199.0,13101767.0,13102301
9l57qHV03ts,756826.0,757534.0,758235.0,758966.0,759927.0,760775.0,761585.0,762446.0,763255.0,763990.0,764785.0,765548.0,766379.0,767123.0,767961.0,768754.0,769499.0,770292.0,770879.0,771570.0,772166.0,772797.0,773500.0,774266.0,774981.0,775697.0,776479.0,777049.0,777718.0,778509.0,779075.0,779613.0,780293.0,780980.0,781650.0,782270.0,782955.0,783597.0,784122.0,784805.0,785472.0,786107.0,786709.0,787377.0,788000.0,788538.0,789062.0,789821.0,790439.0,791164.0,791833.0,792407.0,792915.0,793556.0,794096.0,794738.0,795299.0,795944.0,796482.0,796954.0,797542.0,798069.0,798609.0,799117.0,799696.0,800305.0,800835.0,801254.0,801897.0,802564.0,803066.0,803701.0,804366.0,805018.0,805749.0,806429.0,807097.0,807765.0,808443.0,809058.0,809615.0,810230.0,810809.0,811408.0,812011.0,812569.0,813146.0,813689.0,814329.0,814895.0,815465.0,816122.0,816707.0,817331.0,817848.0,818522.0,819214.0,819935.0,820514.0,821202.0,821974.0,822915.0,823840.0,824857.0,825620.0,826493.0,827310.0,827986.0,828840.0,829757.0,830509.0,831346.0,832110.0,832927.0,833579.0,834255.0,834866.0,835578.0,836262.0,836962.0,837595.0,838263.0,838830.0,839396.0,840128.0,840794.0,841375.0,841984.0,842613.0,843232.0,843785.0,844366.0,844895.0,845503.0,,,,,,,,,850820.0,851355.0,851865.0,852458.0,852987.0,853596.0,854268.0,855030.0,855765.0,856771.0,857682.0,858529.0,859416.0,860185.0,860907.0,861522.0,862351.0,863111.0,863856.0,864506.0,865243.0,865990.0,866749.0,867456.0,868127.0,868724.0,869437.0,870138.0,870789.0,871505.0,872192.0,872968.0,873807.0,874601.0,875353.0,875984.0,876532.0,877345.0,878114.0,878836.0,879550.0,880267.0,880932.0,881444.0,882155.0,882902.0,883519.0,884233.0,884959.0,885579.0,886072.0,886689.0,887383.0,887979.0,888511.0,889152.0,889691.0,890220.0,890691.0,891315.0,891808.0,892344.0,892830.0,893349.0,893936.0,894476.0,895043.0,895547.0,895890.0,896309.0,896712.0,897127
VyxRhRViz2c,1273722.0,1273846.0,1274010.0,1274144.0,1274295.0,1274463.0,1274631.0,1274758.0,1274872.0,1275031.0,1275172.0,1275329.0,1275463.0,1275638.0,1275790.0,1275972.0,1276117.0,1276273.0,1276431.0,1276637.0,1276784.0,1276912.0,1277055.0,1277200.0,1277336.0,1277494.0,1277610.0,1277734.0,1277843.0,1277986.0,1278082.0,1278204.0,1278326.0,1278478.0,1278648.0,1278749.0,1278877.0,1279033.0,1279206.0,1279329.0,1279527.0,1279643.0,1279722.0,1279863.0,1280286.0,1280851.0,1281368.0,1281666.0,1281892.0,1282144.0,1282328.0,1282555.0,1282796.0,1283001.0,1283173.0,1283410.0,1283537.0,1283722.0,1283904.0,1284104.0,1284270.0,1284459.0,1284640.0,1284838.0,1285052.0,1285226.0,1285388.0,1285519.0,1285650.0,1285855.0,1285978.0,1286131.0,1286248.0,1286381.0,1286517.0,1286622.0,1286770.0,1286876.0,1286989.0,1287137.0,1287257.0,1287360.0,1287525.0,1287654.0,1287786.0,1287888.0,1288002.0,1288207.0,1288367.0,1288521.0,1288640.0,1288762.0,1288886.0,1289006.0,1289139.0,1289230.0,1289349.0,1289473.0,1289614.0,1289720.0,1289861.0,1289977.0,1290103.0,1290196.0,1290294.0,1290442.0,1290561.0,1290692.0,1290837.0,1290944.0,1291036.0,1291147.0,1291274.0,1291388.0,1291522.0,1291649.0,1291780.0,1291919.0,1292018.0,1292154.0,1292285.0,1292401.0,1292564.0,1292648.0,1292772.0,1292876.0,1293006.0,1293136.0,1293270.0,1293395.0,1293486.0,1293601.0,1293681.0,1293807.0,,,,,,,,,1294993.0,1295119.0,1295250.0,1295345.0,1295471.0,1295583.0,1295657.0,1295738.0,1295858.0,1295991.0,1296148.0,1296274.0,1296421.0,1296547.0,1296628.0,1296735.0,1296835.0,1296946.0,1297118.0,1297237.0,1297307.0,1297408.0,1297575.0,1297702.0,1297837.0,1297929.0,1298073.0,1298195.0,1298302.0,1298490.0,1298686.0,1298802.0,1298982.0,1299146.0,1299291.0,1299433.0,1299695.0,1299846.0,1300170.0,1300511.0,1300896.0,1301318.0,1301651.0,1301910.0,1302082.0,1302276.0,1302442.0,1302604.0,1302713.0,1302852.0,1303043.0,1303155.0,1303293.0,1303424.0,1303559.0,1303696.0,1303798.0,1303934.0,1304141.0,1304377.0,1304881.0,1305007.0,1305109.0,1305239.0,1305419.0,1305607.0,1305818.0,1305927.0,1305996.0,1306103.0,1306212.0,1306330
S3_4k8b9FBY,1894.0,1896.0,1896.0,1896.0,1897.0,1897.0,1897.0,1897.0,1897.0,1898.0,1898.0,1898.0,1898.0,1898.0,1898.0,1898.0,1899.0,1899.0,1899.0,1899.0,1899.0,1899.0,1899.0,1899.0,1899.0,1899.0,1899.0,1899.0,1899.0,1899.0,1900.0,1900.0,1900.0,1900.0,1900.0,1900.0,1900.0,1900.0,1900.0,1900.0,1900.0,1900.0,1900.0,1900.0,1900.0,1901.0,1901.0,1901.0,1903.0,1904.0,1904.0,1904.0,1904.0,1904.0,1904.0,1905.0,1905.0,1906.0,1907.0,1907.0,1908.0,1908.0,1908.0,1908.0,1908.0,1908.0,1908.0,1908.0,1908.0,1908.0,1908.0,1908.0,1908.0,1908.0,1908.0,1908.0,1908.0,1908.0,1908.0,1908.0,1908.0,1908.0,1908.0,1908.0,1908.0,1908.0,1908.0,1909.0,1909.0,1909.0,1909.0,1909.0,1909.0,1909.0,1909.0,1909.0,1909.0,1909.0,1909.0,1909.0,1909.0,1909.0,1909.0,1909.0,1910.0,1910.0,1910.0,1910.0,1910.0,1910.0,1910.0,1911.0,1911.0,1911.0,1911.0,1911.0,1911.0,1911.0,1911.0,1911.0,1911.0,1911.0,1912.0,1912.0,1913.0,1914.0,1914.0,1914.0,1914.0,1914.0,1914.0,1914.0,1914.0,1914.0,,,,,,,,,1915.0,1915.0,1915.0,1915.0,1915.0,1915.0,1915.0,1915.0,1915.0,1915.0,1915.0,1915.0,1915.0,1915.0,1915.0,1915.0,1916.0,1916.0,1916.0,1916.0,1917.0,1918.0,1919.0,1920.0,1921.0,1921.0,1922.0,1922.0,1922.0,1922.0,1922.0,1922.0,1922.0,1923.0,1923.0,1923.0,1923.0,1923.0,1923.0,1923.0,1924.0,1924.0,1924.0,1924.0,1924.0,1924.0,1924.0,1924.0,1924.0,1924.0,1924.0,1924.0,1924.0,1925.0,1925.0,1925.0,1925.0,1926.0,1926.0,1926.0,1926.0,1927.0,1927.0,1928.0,1928.0,1928.0,1928.0,1928.0,1928.0,1928.0,1928.0,1928
HfRa3Jfy__Q,13971505.0,13971558.0,13971602.0,13971648.0,13971697.0,13971747.0,13971800.0,13971852.0,13971898.0,13971942.0,13972008.0,13972068.0,13972114.0,13972159.0,13972215.0,13972265.0,13972314.0,13972352.0,13972406.0,13972445.0,13972499.0,13972536.0,13972574.0,13972623.0,13972676.0,13972718.0,13972750.0,13972805.0,13972852.0,13972895.0,13972948.0,13973003.0,13973054.0,13973093.0,13973125.0,13973163.0,13973211.0,13973262.0,13973313.0,13973364.0,13973401.0,13973445.0,13973499.0,13973540.0,13973589.0,13973634.0,13973678.0,13973718.0,13973759.0,13973808.0,13973861.0,13973891.0,13973939.0,13973976.0,13974024.0,13974068.0,13974106.0,13974147.0,13974193.0,13974241.0,13974283.0,13974332.0,13974380.0,13974437.0,13974482.0,13974515.0,13974560.0,13974598.0,13974651.0,13974705.0,13974744.0,13974849.0,13974934.0,13975006.0,13975090.0,13975144.0,13975172.0,13975222.0,13975268.0,13975314.0,13975349.0,13975381.0,13975433.0,13975485.0,13975531.0,13975578.0,13975608.0,13975658.0,13975695.0,13975736.0,13975779.0,13975826.0,13975860.0,13975905.0,13975933.0,13975973.0,13976007.0,13976044.0,13976080.0,13976115.0,13976138.0,13976190.0,13976229.0,13976255.0,13976282.0,13976317.0,13976346.0,13976376.0,13976414.0,13976453.0,13976492.0,13976523.0,13976557.0,13976596.0,13976637.0,13976673.0,13976704.0,13976742.0,13976780.0,13976808.0,13976847.0,13976886.0,13976943.0,13976980.0,13977028.0,13977063.0,13977094.0,13977129.0,13977177.0,13977220.0,13977263.0,13977309.0,13977337.0,13977375.0,,,,,,,,,13977720.0,13977766.0,13977802.0,13977839.0,13977865.0,13977908.0,13977940.0,13977976.0,13978023.0,13978061.0,13978086.0,13978133.0,13978175.0,13978199.0,13978246.0,13978275.0,13978313.0,13978351.0,13978377.0,13978410.0,13978438.0,13978483.0,13978517.0,13978551.0,13978591.0,13978624.0,13978654.0,13978684.0,13978708.0,13978736.0,13978763.0,13978788.0,13978827.0,13978863.0,13978894.0,13978934.0,13978975.0,13979013.0,13979048.0,13979082.0,13979123.0,13979161.0,13979193.0,13979220.0,13979261.0,13979303.0,13979340.0,13979372.0,13979399.0,13979430.0,13979461.0,13979484.0,13979524.0,13979541.0,13979568.0,13979604.0,13979641.0,13979671.0,13979716.0,13979761.0,13979796.0,13979833.0,13979861.0,13979909.0,13979954.0,13979983.0,13980018.0,13980068.0,13980099.0,13980122.0,13980153.0,13980195
LDbA4z8iCZA,339993.0,340296.0,340560.0,340800.0,341069.0,341335.0,341674.0,342008.0,342332.0,342630.0,342867.0,343080.0,343328.0,343578.0,343916.0,344210.0,344481.0,344739.0,345021.0,345359.0,345705.0,346058.0,346437.0,346742.0,347018.0,347344.0,347685.0,348109.0,348452.0,348845.0,349181.0,349500.0,349791.0,350095.0,350373.0,350700.0,351053.0,351360.0,351558.0,351856.0,352109.0,352372.0,352620.0,352858.0,353095.0,353262.0,353485.0,353714.0,353985.0,354232.0,354512.0,354741.0,354911.0,355135.0,355353.0,355522.0,355720.0,356000.0,356230.0,356372.0,356603.0,356873.0,357150.0,357411.0,357644.0,357899.0,358109.0,358347.0,358619.0,358932.0,359212.0,359473.0,359744.0,359914.0,360112.0,360430.0,360705.0,360969.0,361327.0,361558.0,361773.0,361969.0,362180.0,362425.0,362625.0,362877.0,363117.0,363277.0,363455.0,363662.0,363841.0,364061.0,364282.0,364466.0,364632.0,364805.0,365004.0,365197.0,365375.0,365616.0,365780.0,365916.0,366062.0,366207.0,366420.0,366612.0,366796.0,366958.0,367101.0,367333.0,367499.0,367690.0,367882.0,368021.0,368164.0,368278.0,368435.0,368586.0,368756.0,368961.0,369083.0,369248.0,369360.0,369474.0,369586.0,369715.0,369807.0,369915.0,370028.0,370131.0,370246.0,370370.0,370512.0,370646.0,,,,,,,,,371880.0,371995.0,372137.0,372278.0,372448.0,372633.0,372791.0,372934.0,373106.0,373334.0,373595.0,373849.0,374120.0,374422.0,374700.0,374911.0,375126.0,375342.0,375592.0,375766.0,375923.0,376029.0,376150.0,376283.0,376403.0,376540.0,376700.0,376857.0,376996.0,377106.0,377254.0,377387.0,377560.0,377775.0,378028.0,378212.0,378405.0,378673.0,378908.0,379151.0,379408.0,379582.0,379811.0,379975.0,380131.0,380340.0,380535.0,380722.0,380953.0,381102.0,381255.0,381448.0,381651.0,381860.0,382059.0,382285.0,382451.0,382593.0,382817.0,382995.0,383232.0,383375.0,383559.0,383705.0,383838.0,384013.0,384203.0,384437.0,384555.0,384730.0,384869.0,385017
JY-gJkMuJ94,9259946.0,9261810.0,9263608.0,9265091.0,9266964.0,9268533.0,9270221.0,9272157.0,9274115.0,9276029.0,9277705.0,9279494.0,9281344.0,9283204.0,9284824.0,9286587.0,9288102.0,9289729.0,9291269.0,9292809.0,9294196.0,9295703.0,9297232.0,9298482.0,9299670.0,9301042.0,9302335.0,9303828.0,9305200.0,9306731.0,9308148.0,9309187.0,9310428.0,9311944.0,9313260.0,9314493.0,9315912.0,9317295.0,9318401.0,9319890.0,9321264.0,9322225.0,9323363.0,9324610.0,9325771.0,9326806.0,9328321.0,9329739.0,9331132.0,9332518.0,9333743.0,9335076.0,9336277.0,9337642.0,9338884.0,9340176.0,9341334.0,9342528.0,9343583.0,9344777.0,9346134.0,9347650.0,9348818.0,9349949.0,9351069.0,9352218.0,9353102.0,9354333.0,9355598.0,9357102.0,9358426.0,9359618.0,9360638.0,9361619.0,9362656.0,9363781.0,9364833.0,9366120.0,9367550.0,9368655.0,9369892.0,9371142.0,9372445.0,9373858.0,9375143.0,9376554.0,9377670.0,9378642.0,9379773.0,9380987.0,9382135.0,9383271.0,9384633.0,9385980.0,9387175.0,9388317.0,9389566.0,9390660.0,9391977.0,9393306.0,9394693.0,9395716.0,9397118.0,9398404.0,9399692.0,9400875.0,9402085.0,9403652.0,9404869.0,9406378.0,9407676.0,9408939.0,9410277.0,9411717.0,9412748.0,9413874.0,9415144.0,9416358.0,9417657.0,9418618.0,9419808.0,9420999.0,9422049.0,9423254.0,9424171.0,9425121.0,9426044.0,9427217.0,9428253.0,9429096.0,9430111.0,9431081.0,9432142.0,9433177.0,,,,,,,,,9443131.0,9444083.0,9445258.0,9446410.0,9447532.0,9448588.0,9449655.0,9450932.0,9452082.0,9453292.0,9454438.0,9455643.0,9456837.0,9458029.0,9459238.0,9460281.0,9461468.0,9462851.0,9463977.0,9465127.0,9466349.0,9466842.0,9468553.0,9469909.0,9471217.0,9472454.0,9473710.0,9475146.0,9476446.0,9477434.0,9478758.0,9479837.0,9480900.0,9482092.0,9483520.0,9484613.0,9485609.0,9486975.0,9488387.0,9489837.0,9491158.0,9492534.0,9493828.0,9495115.0,9496281.0,9497414.0,9498556.0,9499848.0,9500957.0,9501983.0,9502999.0,9504011.0,9505200.0,9506173.0,9507500.0,9508484.0,9509454.0,9510286.0,9511461.0,9512607.0,9513900.0,9514916.0,9516205.0,9517243.0,9518126.0,9519355.0,9520593.0,9521666.0,9522701.0,9523685.0,9524598.0,9525525
krzf1hkFAZA,26438068.0,26440810.0,26443930.0,26447061.0,26450713.0,26454545.0,26457995.0,26461669.0,26465135.0,26468789.0,26472281.0,26475550.0,26478689.0,26481602.0,26484748.0,26487762.0,26490888.0,26493780.0,26496492.0,26499388.0,26502336.0,26505577.0,26508656.0,26511656.0,26514499.0,26517334.0,26520065.0,26523023.0,26525956.0,26528870.0,26531737.0,26534551.0,26537307.0,26540031.0,26542910.0,26545808.0,26548776.0,26551626.0,26554850.0,26557525.0,26560175.0,26562706.0,26565220.0,26567776.0,26570235.0,26572856.0,26575429.0,26578254.0,26580966.0,26583734.0,26586359.0,26589253.0,26592056.0,26594760.0,26597572.0,26600409.0,26603308.0,26606469.0,26609485.0,26612479.0,26615570.0,26618890.0,26622118.0,26625290.0,26628299.0,26631257.0,26634127.0,26636724.0,26638966.0,26641908.0,26644618.0,26647246.0,26649869.0,26652413.0,26655146.0,26657882.0,26660540.0,26663513.0,26666424.0,26669294.0,26671953.0,26674502.0,26676973.0,26679570.0,26682015.0,26684886.0,26687463.0,26689666.0,26692083.0,26694396.0,26696886.0,26699261.0,26701873.0,26704791.0,26707598.0,26710045.0,26712351.0,26714589.0,26717040.0,26719405.0,26722044.0,26724727.0,26727153.0,26729365.0,26731733.0,26734022.0,26736393.0,26738856.0,26741289.0,26743670.0,26746108.0,26748629.0,26751082.0,26753573.0,26756249.0,26758902.0,26761318.0,26763723.0,26766061.0,26768362.0,26770677.0,26772970.0,26775755.0,26778425.0,26780978.0,26785373.0,26789546.0,26792994.0,26796219.0,26799327.0,26802353.0,26805080.0,26807667.0,26810035.0,,,,,,,,,26834529.0,26837219.0,26839758.0,26842266.0,26844815.0,26847201.0,26849379.0,26851609.0,26854019.0,26856114.0,26858116.0,26859993.0,26862124.0,26864370.0,26866708.0,26868870.0,26870966.0,26873402.0,26875641.0,26877976.0,26880499.0,26883010.0,26885584.0,26887853.0,26890096.0,26892309.0,26894563.0,26896790.0,26899073.0,26901364.0,26903626.0,26905881.0,26908198.0,26910641.0,26912897.0,26915132.0,26917386.0,26919484.0,26921681.0,26924043.0,26926206.0,26928360.0,26930504.0,26932708.0,26934844.0,26936924.0,26939098.0,26941299.0,26943458.0,26945680.0,26947716.0,26949682.0,26951712.0,26953820.0,26955921.0,26958066.0,26960294.0,26962422.0,26964609.0,26966891.0,26969136.0,26971229.0,26973165.0,26975423.0,26977677.0,26979856.0,26982280.0,26984636.0,26986774.0,26988887.0,26991178.0,26993503
Hbb5GPxXF1w,151422925.0,151431888.0,151442168.0,151452774.0,151464501.0,151478817.0,151490251.0,151502232.0,151515173.0,151528272.0,151542767.0,151555227.0,151566654.0,151578119.0,151589643.0,151601297.0,151613691.0,151625623.0,151637855.0,151648967.0,151660652.0,151673052.0,151686219.0,151698230.0,151709248.0,151719214.0,151730144.0,151741604.0,151753790.0,151766235.0,151778275.0,151789600.0,151801370.0,151813774.0,151826003.0,151837686.0,151854025.0,151868366.0,151881050.0,151894529.0,151906483.0,151919796.0,151934130.0,151948613.0,151964149.0,151978420.0,151991638.0,152005805.0,152019688.0,152034458.0,152049053.0,152063657.0,152078271.0,152092718.0,152108244.0,152122984.0,152137120.0,152153737.0,152171084.0,152186289.0,152199871.0,152214170.0,152228896.0,152244446.0,152257676.0,152271553.0,152285554.0,152300080.0,152312382.0,152328211.0,152341804.0,152354796.0,152367874.0,152382003.0,152394933.0,152407676.0,152421548.0,152434717.0,152447113.0,152459670.0,152472955.0,152487019.0,152500726.0,152514527.0,152527193.0,152540158.0,152552357.0,152563963.0,152576163.0,152589566.0,152603168.0,152616033.0,152628344.0,152641031.0,152653519.0,152664734.0,152676122.0,152688303.0,152699783.0,152711363.0,152722746.0,152733936.0,152744296.0,152755161.0,152766782.0,152778245.0,152789635.0,152802171.0,152814070.0,152824010.0,152833715.0,152843818.0,152854237.0,152864683.0,152875961.0,152887148.0,152897692.0,152908015.0,152918099.0,152928070.0,152938338.0,152949393.0,152960346.0,152970199.0,152980473.0,152991115.0,153002780.0,153015338.0,153028527.0,153040986.0,153052455.0,153065007.0,153076868.0,153087488.0,,,,,,,,,153188540.0,153200461.0,153210951.0,153221346.0,153232199.0,153242520.0,153252475.0,153262911.0,153274315.0,153285182.0,153295312.0,153305358.0,153316351.0,153327076.0,153338526.0,153349415.0,153361289.0,153373777.0,153386265.0,153398047.0,153408440.0,153420268.0,153431664.0,153441554.0,153451018.0,153461323.0,153470993.0,153480911.0,153490525.0,153500125.0,153509123.0,153517969.0,153526842.0,153535805.0,153545199.0,153554749.0,153563800.0,153572639.0,153581379.0,153590002.0,153598834.0,153607836.0,153617451.0,153626361.0,153634727.0,153642906.0,153651733.0,153660628.0,153669262.0,153678131.0,153686663.0,153694760.0,153702966.0,153711893.0,153720641.0,153729987.0,153738922.0,153747628.0,153756314.0,153765697.0,153775061.0,153783907.0,153792862.0,153802218.0,153811035.0,153820229.0,153830594.0,153840551.0,153849579.0,153858629.0,153868511.0,153877995
yMw53FT-ugI,3143685.0,3144105.0,3144534.0,3144958.0,3145375.0,3145822.0,3146256.0,3146624.0,3147016.0,3147422.0,3147874.0,3148330.0,3148753.0,3149144.0,3149590.0,3149990.0,3150441.0,3150871.0,3151303.0,3151747.0,3152127.0,3152492.0,3152881.0,3153246.0,3153579.0,3153958.0,3154320.0,3154708.0,3155077.0,3155477.0,3155861.0,3156154.0,3156504.0,3156890.0,3157250.0,3157612.0,3158013.0,3158458.0,3158822.0,3159218.0,3159607.0,3159931.0,3160332.0,3160682.0,3161101.0,3161471.0,3161828.0,3162177.0,3162494.0,3162828.0,3163160.0,3163563.0,3163900.0,3164241.0,3164607.0,3164965.0,3165278.0,3165604.0,3166026.0,3166393.0,3166740.0,3167070.0,3167378.0,3167732.0,3168039.0,3168367.0,3168644.0,3168941.0,3169258.0,3169632.0,3169937.0,3170241.0,3170528.0,3170849.0,3171101.0,3171438.0,3171766.0,3172113.0,3172449.0,3172745.0,3173002.0,3173327.0,3173624.0,3173895.0,3174145.0,3174418.0,3174656.0,3174950.0,3175188.0,3175458.0,3175715.0,3175961.0,3176184.0,3176454.0,3176759.0,3176989.0,3177239.0,3177493.0,3177745.0,3177966.0,3178234.0,3178524.0,3178770.0,3179008.0,3179269.0,3179565.0,3179890.0,3180290.0,3180625.0,3180940.0,3181323.0,3181661.0,3182003.0,3182383.0,3182717.0,3183121.0,3183391.0,3183878.0,3184390.0,3184801.0,3185218.0,3185639.0,3186005.0,3186324.0,3186679.0,3187004.0,3187352.0,3187708.0,3188048.0,3188381.0,3188681.0,3188969.0,3189248.0,3189498.0,,,,,,,,,3191956.0,3192240.0,3192470.0,3192754.0,3192964.0,3193152.0,3193396.0,3193605.0,3193878.0,3194084.0,3194343.0,3194572.0,3194824.0,3195094.0,3195278.0,3195531.0,3195795.0,3196058.0,3196274.0,3196579.0,3196848.0,3197109.0,3197409.0,3197688.0,3197902.0,3198132.0,3198394.0,3198656.0,3198884.0,3199093.0,3199344.0,3199565.0,3199786.0,3200017.0,3200331.0,3200565.0,3200789.0,3201008.0,3201262.0,3201494.0,3201734.0,3201950.0,3202187.0,3202401.0,3202601.0,3202798.0,3203022.0,3203238.0,3203480.0,3203687.0,3203882.0,3204099.0,3204318.0,3204562.0,3204772.0,3205002.0,3205224.0,3205420.0,3205602.0,3205814.0,3206005.0,3206199.0,3206417.0,3206628.0,3206851.0,3207072.0,3207293.0,3207501.0,3207723.0,3207959.0,3208160.0,3208381
F-QTb-0wRGk,19492747.0,19495162.0,19497787.0,19500706.0,19503855.0,19507252.0,19510303.0,19513632.0,19516714.0,19520001.0,19523233.0,19526428.0,19529444.0,19532369.0,19535295.0,19538205.0,19541118.0,19543950.0,19546711.0,19549274.0,19552054.0,19554959.0,19557823.0,19560590.0,19563294.0,19565715.0,19568180.0,19570674.0,19573340.0,19575953.0,19578537.0,19581158.0,19583842.0,19586373.0,19588886.0,19591538.0,19594177.0,19596808.0,19599563.0,19602149.0,19604487.0,19606929.0,19609339.0,19611782.0,19614308.0,19616784.0,19619231.0,19621904.0,19624448.0,19626996.0,19629405.0,19632195.0,19634960.0,19637483.0,19640031.0,19642407.0,19644884.0,19647555.0,19650384.0,19653377.0,19656489.0,19659547.0,19662605.0,19665654.0,19668775.0,19671854.0,19674862.0,19677686.0,19679906.0,19682978.0,19685731.0,19688387.0,19690983.0,19693532.0,19696250.0,19698971.0,19701507.0,19704214.0,19707058.0,19709823.0,19712633.0,19715297.0,19717987.0,19720577.0,19723275.0,19726246.0,19728949.0,19731364.0,19733937.0,19736438.0,19738970.0,19741348.0,19744057.0,19746823.0,19749379.0,19751759.0,19753973.0,19756255.0,19758489.0,19760775.0,19763267.0,19765654.0,19767897.0,19770074.0,19772534.0,19774879.0,19777071.0,19779347.0,19781709.0,19784018.0,19786367.0,19788835.0,19791133.0,19793586.0,19796233.0,19798837.0,19801222.0,19803553.0,19805845.0,19808065.0,19810406.0,19812747.0,19815414.0,19818037.0,19820591.0,19824732.0,19828359.0,19831725.0,19834959.0,19838140.0,19841283.0,19844247.0,19847132.0,19849640.0,,,,,,,,,19874045.0,19876842.0,19879393.0,19881782.0,19884281.0,19886606.0,19888670.0,19891065.0,19893317.0,19895335.0,19897397.0,19899323.0,19901487.0,19903818.0,19906306.0,19908478.0,19910678.0,19913211.0,19915518.0,19917808.0,19919935.0,19922166.0,19924370.0,19926241.0,19928176.0,19930264.0,19932195.0,19934138.0,19936182.0,19938305.0,19940302.0,19942254.0,19944108.0,19946212.0,19948182.0,19950293.0,19952273.0,19954263.0,19956326.0,19958391.0,19960429.0,19962390.0,19964397.0,19966492.0,19968437.0,19970465.0,19972561.0,19974666.0,19976609.0,19978758.0,19980725.0,19982644.0,19984531.0,19986581.0,19988696.0,19990786.0,19992911.0,19994981.0,19996965.0,19999094.0,20001189.0,20003216.0,20005093.0,20007000.0,20008961.0,20011020.0,20013201.0,20015369.0,20017420.0,20019398.0,20021587.0,20023679
6uZy86ePgO0,30003373.0,30007548.0,30012105.0,30016736.0,30023347.0,30032279.0,30038474.0,30044914.0,30050696.0,30056244.0,30061920.0,30066913.0,30071866.0,30076241.0,30080631.0,30085010.0,30089190.0,30092994.0,30096639.0,30100248.0,30103705.0,30107301.0,30110699.0,30114221.0,30117569.0,30120706.0,30123919.0,30127115.0,30130468.0,30133807.0,30136960.0,30140091.0,30143197.0,30146365.0,30149627.0,30152990.0,30156693.0,30160274.0,30164117.0,30167836.0,30171178.0,30174361.0,30177583.0,30180788.0,30183814.0,30186824.0,30190057.0,30193491.0,30196686.0,30199784.0,30202943.0,30206070.0,30209068.0,30212279.0,30215623.0,30218707.0,30221863.0,30225157.0,30228410.0,30231780.0,30235157.0,30238729.0,30242386.0,30245691.0,30248881.0,30252062.0,30255153.0,30258469.0,30261453.0,30265309.0,30268568.0,30271573.0,30274791.0,30277849.0,30280953.0,30284047.0,30287245.0,30290427.0,30293761.0,30296723.0,30299729.0,30302783.0,30305937.0,30309135.0,30312385.0,30315708.0,30319092.0,30322062.0,30325105.0,30327934.0,30330597.0,30333166.0,30336093.0,30339152.0,30342126.0,30344366.0,30346694.0,30349027.0,30351340.0,30353789.0,30356622.0,30359581.0,30362230.0,30364626.0,30367271.0,30369917.0,30372439.0,30375456.0,30378574.0,30381515.0,30384395.0,30387584.0,30390574.0,30393627.0,30396983.0,30400212.0,30403112.0,30406211.0,30409132.0,30411904.0,30414674.0,30417666.0,30420930.0,30423851.0,30426643.0,30429636.0,30432441.0,30435097.0,30438109.0,30441113.0,30443754.0,30446380.0,30449054.0,30451551.0,,,,,,,,,30477737.0,30480867.0,30483752.0,30486491.0,30489565.0,30492426.0,30495645.0,30499286.0,30503212.0,30506624.0,30509882.0,30512995.0,30516264.0,30519567.0,30522883.0,30526338.0,30529976.0,30533798.0,30537250.0,30540408.0,30543429.0,30546536.0,30549700.0,30552534.0,30555397.0,30558255.0,30560924.0,30563785.0,30566468.0,30569266.0,30571728.0,30574249.0,30576725.0,30579248.0,30581878.0,30584798.0,30587693.0,30590266.0,30593001.0,30595939.0,30598733.0,30601325.0,30603933.0,30606619.0,30609140.0,30611802.0,30614601.0,30617444.0,30620273.0,30623204.0,30625992.0,30628673.0,30631573.0,30634572.0,30637565.0,30640724.0,30643617.0,30646321.0,30648825.0,30651899.0,30654702.0,30657167.0,30659510.0,30662158.0,30664691.0,30667197.0,30669793.0,30672442.0,30674968.0,30677429.0,30680200.0,30683070
zugAhfd2r0g,164837350.0,164850991.0,164866570.0,164882838.0,164902264.0,164924820.0,164943547.0,164961528.0,164980182.0,164999230.0,165022132.0,165041639.0,165058998.0,165076584.0,165094034.0,165114032.0,165134350.0,165152744.0,165170691.0,165189194.0,165208726.0,165229618.0,165254038.0,165275501.0,165295319.0,165313879.0,165333619.0,165354327.0,165374925.0,165394047.0,165412092.0,165429209.0,165445696.0,165462480.0,165480249.0,165499164.0,165524310.0,165546113.0,165567230.0,165585021.0,165601195.0,165617118.0,165632363.0,165647730.0,165666004.0,165683282.0,165697895.0,165712021.0,165726130.0,165740631.0,165754853.0,165771427.0,165787095.0,165801854.0,165816756.0,165831559.0,165846870.0,165865877.0,165885962.0,165903674.0,165918646.0,165936442.0,165954606.0,165973808.0,165991501.0,166008937.0,166029787.0,166048350.0,166065123.0,166082684.0,166100384.0,166115944.0,166133961.0,166150227.0,166166020.0,166180717.0,166197794.0,166213478.0,166227589.0,166241988.0,166256769.0,166272729.0,166288767.0,166303988.0,166319129.0,166334825.0,166349673.0,166364701.0,166379520.0,166395082.0,166411443.0,166426893.0,166441291.0,166456048.0,166470408.0,166485171.0,166500322.0,166516114.0,166531815.0,166546696.0,166561439.0,166576794.0,166590475.0,166604881.0,166619968.0,166636365.0,166652199.0,166667562.0,166683604.0,166698551.0,166711829.0,166725204.0,166738798.0,166752841.0,166767319.0,166782087.0,166796255.0,166809834.0,166824536.0,166838529.0,166853878.0,166869734.0,166885134.0,166899626.0,166914072.0,166929778.0,166945164.0,166963472.0,166981262.0,166997997.0,167014089.0,167031128.0,167047472.0,167062297.0,,,,,,,,,167205913.0,167222486.0,167238128.0,167253350.0,167268596.0,167283161.0,167296116.0,167309448.0,167323748.0,167336812.0,167349999.0,167363576.0,167378631.0,167394136.0,167409812.0,167423435.0,167439375.0,167457286.0,167473038.0,167488763.0,167505661.0,167524390.0,167542866.0,167560458.0,167576619.0,167594760.0,167612036.0,167630238.0,167648397.0,167666276.0,167682643.0,167698475.0,167714311.0,167731253.0,167747893.0,167764805.0,167781269.0,167796941.0,167812734.0,167828510.0,167844447.0,167860927.0,167878084.0,167894036.0,167909669.0,167924462.0,167939686.0,167955073.0,167970274.0,167986017.0,168000901.0,168015177.0,168029977.0,168045036.0,168060073.0,168076320.0,168091767.0,168107111.0,168122384.0,168139033.0,168155178.0,168169098.0,168182445.0,168197003.0,168210384.0,168224891.0,168240073.0,168254688.0,168267962.0,168281217.0,168295952.0,168310253
Y8JFxS1HlDo,302696081.0,302778471.0,302867893.0,302957216.0,303043223.0,303132451.0,303226503.0,303322066.0,303416202.0,303514019.0,303600730.0,303692571.0,303800438.0,303903700.0,304001449.0,304092065.0,304190795.0,304284267.0,304369413.0,304456421.0,304551728.0,304660102.0,304775909.0,304898179.0,305008558.0,305107818.0,305211937.0,305311410.0,305417303.0,305536378.0,305644146.0,305739766.0,305837212.0,305940600.0,306050813.0,306156633.0,306287980.0,306424030.0,306530625.0,306630394.0,306735044.0,306841740.0,306955779.0,307071131.0,307170237.0,307263020.0,307351011.0,307456479.0,307563986.0,307695550.0,307823682.0,307951405.0,308063914.0,308171097.0,308276166.0,308388272.0,308508107.0,308628683.0,308744819.0,308862282.0,308973490.0,309082866.0,309189254.0,309303006.0,309429458.0,309571275.0,309691008.0,309802319.0,309897277.0,310019873.0,310110407.0,310189678.0,310265624.0,310347071.0,310439478.0,310540660.0,310632810.0,310720037.0,310802580.0,310879818.0,310961776.0,311050772.0,311144381.0,311237359.0,311329498.0,311412988.0,311491168.0,311571241.0,311650341.0,311733101.0,311814919.0,311887721.0,311956564.0,312027687.0,312095899.0,312174988.0,312258692.0,312345330.0,312430592.0,312509758.0,312588700.0,312661484.0,312729464.0,312805990.0,312883252.0,312961267.0,313036371.0,313116193.0,313194000.0,313262746.0,313332875.0,313404466.0,313474973.0,313548973.0,313633722.0,313719690.0,313805296.0,313890478.0,313978348.0,314061754.0,314147981.0,314229485.0,314306654.0,314381402.0,314453821.0,314526415.0,314603123.0,314686508.0,314776487.0,314864734.0,314950398.0,315048001.0,315143157.0,315231027.0,,,,,,,,,315928163.0,316013891.0,316090113.0,316162063.0,316230927.0,316294215.0,316354322.0,316414941.0,316478380.0,316540221.0,316601782.0,316659415.0,316727476.0,316790820.0,316853118.0,316912429.0,316969903.0,317029289.0,317095537.0,317167806.0,317240273.0,317321489.0,317399852.0,317473759.0,317548377.0,317627344.0,317705520.0,317785119.0,317865339.0,317944749.0,318018949.0,318091760.0,318164011.0,318236623.0,318305046.0,318378929.0,318451775.0,318520032.0,318590993.0,318665507.0,318742307.0,318818918.0,318900864.0,318982469.0,319058189.0,319133644.0,319209543.0,319285343.0,319362476.0,319443750.0,319517895.0,319587775.0,319659547.0,319737264.0,319811050.0,319890152.0,319967821.0,320044526.0,320116756.0,320193987.0,320270594.0,320342379.0,320410743.0,320483869.0,320554675.0,320627741.0,320702463.0,320780371.0,320858825.0,320929581.0,321004712.0,321075172
F0B7HDiY-10,319888257.0,319988155.0,320104141.0,320217880.0,320331495.0,320453373.0,320576680.0,320699850.0,320815880.0,320930974.0,321035931.0,321149078.0,321279341.0,321396328.0,321514233.0,321629492.0,321754531.0,321871471.0,321978440.0,322083776.0,322202023.0,322323254.0,322444031.0,322574411.0,322697180.0,322813425.0,322929437.0,323040883.0,323161750.0,323295789.0,323417211.0,323528065.0,323642024.0,323766057.0,323904601.0,324032019.0,324184641.0,324347760.0,324485583.0,324609139.0,324734816.0,324879624.0,325016000.0,325148214.0,325275180.0,325398908.0,325513369.0,325646849.0,325785685.0,325952181.0,326111480.0,326257880.0,326391944.0,326517319.0,326658159.0,326804343.0,326952056.0,327094051.0,327223604.0,327354553.0,327478398.0,327601794.0,327721978.0,327878997.0,328046501.0,328223326.0,328386443.0,328523711.0,328636915.0,328777518.0,328893931.0,329018801.0,329155978.0,329282523.0,329404525.0,329522933.0,329639198.0,329755922.0,329882273.0,330006002.0,330133536.0,330264563.0,330388946.0,330505449.0,330620161.0,330727849.0,330833737.0,330948944.0,331067986.0,331178625.0,331280469.0,331375184.0,331467405.0,331568230.0,331669015.0,331784038.0,331899916.0,332005145.0,332106096.0,332202250.0,332304370.0,332404715.0,332500955.0,332615193.0,332726022.0,332836055.0,332935871.0,333038495.0,333135458.0,333220708.0,333306925.0,333391575.0,333475792.0,333568422.0,333694712.0,333827250.0,333951854.0,334078320.0,334204830.0,334323556.0,334437253.0,334545290.0,334642701.0,334733654.0,334823775.0,334913619.0,335007472.0,335106372.0,335207707.0,335304669.0,335394613.0,335491869.0,335592233.0,335686796.0,,,,,,,,,336534038.0,336645021.0,336741932.0,336835203.0,336928435.0,337013149.0,337098884.0,337185688.0,337271801.0,337353019.0,337430263.0,337505588.0,337590720.0,337670983.0,337755529.0,337838294.0,337914246.0,337993482.0,338071548.0,338150017.0,338233219.0,338328357.0,338421026.0,338502541.0,338587116.0,338675183.0,338765990.0,338858868.0,338958265.0,339056308.0,339145740.0,339232045.0,339317592.0,339406911.0,339495212.0,339587093.0,339682416.0,339768512.0,339862266.0,339955371.0,340052742.0,340148578.0,340253830.0,340359969.0,340457991.0,340555860.0,340655947.0,340756938.0,340859667.0,340970974.0,341075370.0,341171143.0,341267344.0,341372102.0,341471050.0,341575748.0,341683891.0,341792166.0,341892965.0,342000276.0,342109469.0,342216044.0,342315369.0,342421817.0,342527273.0,342636002.0,342748802.0,342878283.0,343101824.0,343242402.0,343372250.0,343490072
XfEZzUtdINI,14679346.0,14680918.0,14683033.0,14685055.0,14686718.0,14688249.0,14689880.0,14691574.0,14693241.0,14695223.0,14697139.0,14698591.0,14700166.0,14701638.0,14703111.0,14704760.0,14706544.0,14708492.0,14709920.0,14711313.0,14712742.0,14714244.0,14715795.0,14717612.0,14719308.0,14720661.0,14721939.0,14723289.0,14724677.0,14726077.0,14727829.0,14729567.0,14730886.0,14732329.0,14733793.0,14735257.0,14736794.0,14738568.0,14740259.0,14741621.0,14742940.0,14744452.0,14746001.0,14747440.0,14749241.0,14750959.0,14752421.0,14753943.0,14755312.0,14756812.0,14758301.0,14759927.0,14761481.0,14762963.0,14764493.0,14766037.0,14767602.0,14769093.0,14770785.0,14772328.0,14773751.0,14775272.0,14776773.0,14778307.0,14779765.0,14781337.0,14782717.0,14784226.0,14785309.0,14787092.0,14788503.0,14789987.0,14791337.0,14792697.0,14794261.0,14795738.0,14797087.0,14798538.0,14799991.0,14801451.0,14802790.0,14804139.0,14805550.0,14806875.0,14808175.0,14809552.0,14810945.0,14812281.0,14813447.0,14814588.0,14815671.0,14816758.0,14817753.0,14819174.0,14820430.0,14821530.0,14822597.0,14823661.0,14824691.0,14825838.0,14827210.0,14828499.0,14829761.0,14830873.0,14832127.0,14833443.0,14834587.0,14836007.0,14837363.0,14838534.0,14839833.0,14840989.0,14842231.0,14843888.0,14845802.0,14847629.0,14849103.0,14850563.0,14852003.0,14853407.0,14854941.0,14856620.0,14858137.0,14859466.0,14860708.0,14861989.0,14863272.0,14864746.0,14866296.0,14867776.0,14869117.0,14870227.0,14871391.0,14872441.0,,,,,,,,,14883058.0,14884326.0,14885342.0,14886389.0,14887426.0,14888446.0,14889587.0,14890890.0,14892251.0,14893486.0,14894654.0,14895830.0,14897034.0,14898184.0,14899413.0,14900858.0,14901926.0,14903090.0,14904207.0,14905302.0,14906400.0,14907466.0,14908927.0,14909979.0,14911039.0,14912063.0,14913141.0,14914191.0,14915366.0,14916695.0,14917947.0,14918919.0,14919977.0,14921017.0,14921998.0,14923236.0,14924385.0,14925317.0,14926320.0,14927246.0,14928229.0,14929228.0,14930512.0,14931678.0,14932680.0,14933582.0,14934579.0,14935683.0,14936762.0,14937971.0,14939071.0,14940084.0,14941161.0,14942209.0,14943287.0,14944267.0,14945459.0,14946562.0,14947493.0,14948462.0,14949397.0,14950440.0,14951439.0,14952469.0,14953486.0,14954671.0,14955785.0,14956706.0,14957687.0,14958613.0,14959591.0,14960663
W27bOE1wRno,20066.0,20073.0,20075.0,20075.0,20078.0,20079.0,20080.0,20081.0,20085.0,20086.0,20086.0,20090.0,20092.0,20093.0,20095.0,20095.0,20098.0,20102.0,20104.0,20106.0,20109.0,20113.0,20118.0,20122.0,20124.0,20124.0,20125.0,20125.0,20126.0,20127.0,20129.0,20136.0,20136.0,20139.0,20142.0,20144.0,20146.0,20150.0,20150.0,20151.0,20153.0,20154.0,20155.0,20158.0,20159.0,20160.0,20162.0,20164.0,20165.0,20167.0,20167.0,20170.0,20171.0,20173.0,20174.0,20175.0,20180.0,20186.0,20182.0,20184.0,20183.0,20186.0,20188.0,20191.0,20192.0,20193.0,20194.0,20198.0,20201.0,20205.0,20209.0,20217.0,20221.0,20225.0,20228.0,20231.0,20233.0,20236.0,20238.0,20239.0,20243.0,20249.0,20254.0,20255.0,20260.0,20264.0,20269.0,20273.0,20275.0,20276.0,20280.0,20283.0,20290.0,20296.0,20300.0,20303.0,20306.0,20309.0,20309.0,20313.0,20315.0,20318.0,20321.0,20322.0,20326.0,20332.0,20338.0,20339.0,20344.0,20347.0,20351.0,20356.0,20356.0,20356.0,20358.0,20366.0,20369.0,20377.0,20379.0,20381.0,20385.0,20386.0,20389.0,20393.0,20394.0,20396.0,20406.0,20407.0,20411.0,20414.0,20417.0,20418.0,20421.0,20425.0,,,,,,,,,20451.0,20455.0,20461.0,20463.0,20468.0,20470.0,20474.0,20479.0,20485.0,20496.0,20509.0,20517.0,20523.0,20527.0,20537.0,20549.0,20557.0,20571.0,20607.0,20617.0,20631.0,20640.0,20656.0,20665.0,20681.0,20693.0,20704.0,20719.0,20724.0,20744.0,20757.0,20774.0,20793.0,20815.0,20825.0,20842.0,20861.0,20893.0,20899.0,20923.0,20944.0,20953.0,20975.0,20990.0,21004.0,21020.0,21028.0,21043.0,21057.0,21075.0,21101.0,21196.0,21340.0,21375.0,21404.0,21430.0,21465.0,21487.0,21524.0,21554.0,21617.0,21685.0,21719.0,21732.0,21747.0,21761.0,21763.0,21773.0,21798.0,21812.0,21819.0,21832
HQNUP2GYH-U,207053.0,207066.0,207077.0,207090.0,207102.0,207119.0,207130.0,207142.0,207160.0,207178.0,207187.0,207190.0,207208.0,207223.0,207235.0,207250.0,207274.0,207293.0,207310.0,207328.0,207342.0,207362.0,207374.0,207392.0,207404.0,207429.0,207440.0,207460.0,207476.0,207483.0,207494.0,207501.0,207515.0,207523.0,207533.0,207545.0,207553.0,207565.0,207578.0,207590.0,207602.0,207612.0,207621.0,207634.0,207645.0,207653.0,207660.0,207675.0,207688.0,207698.0,207710.0,207718.0,207723.0,207733.0,207752.0,207762.0,207772.0,207781.0,207789.0,207799.0,207820.0,207834.0,207840.0,207857.0,207875.0,207897.0,207904.0,207923.0,207935.0,207962.0,207985.0,208001.0,208014.0,208027.0,208036.0,208060.0,208078.0,208094.0,208122.0,208141.0,208152.0,208164.0,208170.0,208179.0,208190.0,208220.0,208236.0,208249.0,208265.0,208279.0,208297.0,208312.0,208326.0,208337.0,208346.0,208364.0,208374.0,208384.0,208397.0,208407.0,208412.0,208421.0,208426.0,208435.0,208451.0,208464.0,208475.0,208483.0,208494.0,208507.0,208518.0,208524.0,208535.0,208555.0,208568.0,208577.0,208582.0,208598.0,208604.0,208612.0,208621.0,208638.0,208647.0,208670.0,208676.0,208690.0,208708.0,208724.0,208734.0,208742.0,208754.0,208765.0,208773.0,208788.0,,,,,,,,,208949.0,208960.0,208967.0,208982.0,208999.0,209023.0,209043.0,209060.0,209088.0,209111.0,209141.0,209174.0,209203.0,209240.0,209273.0,209316.0,209341.0,209378.0,209415.0,209444.0,209457.0,209472.0,209494.0,209504.0,209530.0,209551.0,209572.0,209586.0,209600.0,209616.0,209636.0,209649.0,209658.0,209668.0,209679.0,209693.0,209701.0,209710.0,209719.0,209739.0,209752.0,209769.0,209780.0,209789.0,209803.0,209818.0,209842.0,209852.0,209866.0,209869.0,209879.0,209892.0,209904.0,209923.0,209935.0,209951.0,209960.0,209971.0,209985.0,210003.0,210017.0,210030.0,210043.0,210055.0,210064.0,210072.0,210080.0,210088.0,210096.0,210103.0,210111.0,210115
bbpMGsicgJM,436771.0,436991.0,437213.0,437426.0,437686.0,437880.0,438118.0,438329.0,438519.0,438698.0,438851.0,439064.0,439256.0,439414.0,439574.0,439757.0,439908.0,440052.0,440209.0,440335.0,440486.0,440625.0,440743.0,440892.0,441003.0,441146.0,441266.0,441402.0,441508.0,441645.0,441754.0,441835.0,441931.0,442050.0,442162.0,442313.0,442435.0,442570.0,442683.0,442787.0,442883.0,442995.0,443112.0,443221.0,443316.0,443435.0,443571.0,443701.0,443786.0,443909.0,444014.0,444100.0,444219.0,444341.0,444427.0,444547.0,444641.0,444729.0,444868.0,444982.0,445095.0,445197.0,445346.0,445468.0,445591.0,445694.0,445805.0,445953.0,446078.0,446227.0,446373.0,446532.0,446643.0,446766.0,446895.0,447030.0,447172.0,447290.0,447431.0,447544.0,447661.0,447803.0,447923.0,448045.0,448160.0,448307.0,448417.0,448522.0,448652.0,448772.0,448886.0,448997.0,449128.0,449271.0,449402.0,449547.0,449681.0,449811.0,449929.0,450064.0,450216.0,450345.0,450469.0,450596.0,450743.0,450877.0,451059.0,451224.0,451366.0,451503.0,451630.0,451766.0,451876.0,451985.0,452091.0,452185.0,452304.0,452434.0,452575.0,452695.0,452821.0,452935.0,453022.0,453095.0,453198.0,453334.0,453466.0,453599.0,453701.0,453827.0,453932.0,454041.0,454147.0,454244.0,,,,,,,,,455229.0,455328.0,455442.0,455554.0,455681.0,455770.0,455880.0,455959.0,456037.0,456144.0,456232.0,456324.0,456418.0,456517.0,456606.0,456703.0,456816.0,456936.0,457042.0,457207.0,457298.0,457395.0,457488.0,457626.0,457727.0,457831.0,457955.0,458060.0,458141.0,458249.0,458365.0,458460.0,458533.0,458631.0,458730.0,458809.0,458886.0,458970.0,459078.0,459158.0,459253.0,459335.0,459426.0,459539.0,459608.0,459723.0,459791.0,459881.0,459969.0,460079.0,460141.0,460257.0,460368.0,460455.0,460531.0,460597.0,460657.0,460751.0,460840.0,460947.0,461041.0,461137.0,461242.0,461352.0,461456.0,461568.0,461678.0,461777.0,461914.0,461981.0,462064.0,462167
ob-mYvmOPt8,88791.0,88895.0,89026.0,89125.0,89271.0,89418.0,89565.0,89720.0,89860.0,89984.0,90134.0,90273.0,90433.0,90631.0,90811.0,90958.0,91077.0,91242.0,91382.0,91507.0,91619.0,91733.0,91887.0,92009.0,92123.0,92276.0,92388.0,92527.0,92629.0,92788.0,92925.0,93051.0,93175.0,93317.0,93443.0,93594.0,93783.0,93925.0,94072.0,94207.0,94358.0,94494.0,94647.0,94812.0,94949.0,95078.0,95208.0,95343.0,95501.0,95649.0,95801.0,96006.0,96125.0,96324.0,96604.0,97275.0,98177.0,98876.0,99301.0,99571.0,99844.0,100132.0,100456.0,100708.0,100919.0,101200.0,101391.0,101596.0,101779.0,102097.0,102342.0,102555.0,102701.0,102866.0,103092.0,103287.0,103545.0,103741.0,103952.0,104127.0,104322.0,104471.0,104642.0,104856.0,105018.0,105247.0,105403.0,105534.0,105726.0,105897.0,106078.0,106334.0,106475.0,106658.0,106796.0,106977.0,107158.0,107331.0,107497.0,107701.0,107884.0,108001.0,108114.0,108288.0,108459.0,108641.0,108811.0,108991.0,109155.0,109314.0,109514.0,109674.0,109774.0,109928.0,110061.0,110183.0,110311.0,110458.0,110596.0,110735.0,110882.0,110990.0,111103.0,111214.0,111311.0,111433.0,111541.0,111696.0,111817.0,111970.0,112162.0,112302.0,112460.0,112599.0,,,,,,,,,114778.0,114932.0,115115.0,115297.0,115542.0,115708.0,115890.0,116039.0,116230.0,116453.0,116688.0,117003.0,117313.0,117596.0,117933.0,118215.0,118479.0,118782.0,119034.0,119212.0,119389.0,119521.0,119631.0,119750.0,119853.0,119949.0,120081.0,120187.0,120314.0,120392.0,120481.0,120581.0,120680.0,120761.0,120876.0,120964.0,121066.0,121173.0,121269.0,121354.0,121458.0,121564.0,121633.0,121702.0,121789.0,121894.0,122017.0,122126.0,122227.0,122302.0,122394.0,122450.0,122553.0,122641.0,122749.0,122858.0,122971.0,123060.0,123164.0,123278.0,123392.0,123475.0,123568.0,123660.0,123770.0,123884.0,124029.0,124142.0,124237.0,124333.0,124438.0,124588
PM39oZDPzOs,9988514.0,9989043.0,9989595.0,9990216.0,9990655.0,9991137.0,9991606.0,9992104.0,9992697.0,9993196.0,9993655.0,9994079.0,9994518.0,9994896.0,9995335.0,9995763.0,9996192.0,9996608.0,9996982.0,9997438.0,9997892.0,9998324.0,9998737.0,9999117.0,9999517.0,9999912.0,10000333.0,10000739.0,10001127.0,10001548.0,10001967.0,10002389.0,10002826.0,10003245.0,10003656.0,10004146.0,10004561.0,10005019.0,10005428.0,10005858.0,10006423.0,10007085.0,10007714.0,10008253.0,10008763.0,10009254.0,10009738.0,10010230.0,10010723.0,10011145.0,10011562.0,10012050.0,10012541.0,10012992.0,10013443.0,10013898.0,10014354.0,10014830.0,10015240.0,10015769.0,10016222.0,10016673.0,10017064.0,10017474.0,10017936.0,10018313.0,10018659.0,10018974.0,10019364.0,10019878.0,10020526.0,10021122.0,10021689.0,10022157.0,10022534.0,10022951.0,10023389.0,10023852.0,10024260.0,10024652.0,10025045.0,10025448.0,10025892.0,10026320.0,10026805.0,10027223.0,10027676.0,10028089.0,10028460.0,10028871.0,10029327.0,10029791.0,10030220.0,10030566.0,10031010.0,10031363.0,10031730.0,10032109.0,10032508.0,10032874.0,10033232.0,10033527.0,10033805.0,10034184.0,10034492.0,10034842.0,10035233.0,10035545.0,10035914.0,10036279.0,10036665.0,10037065.0,10037445.0,10037749.0,10038129.0,10038494.0,10038832.0,10039180.0,10039560.0,10039862.0,10040193.0,10040540.0,10040884.0,10041204.0,10041511.0,10041895.0,10042301.0,10042658.0,10043040.0,10043440.0,10043756.0,10044066.0,10044455.0,10044810.0,,,,,,,,,10047721.0,10048011.0,10048269.0,10048570.0,10048975.0,10049272.0,10049594.0,10049884.0,10050165.0,10050524.0,10050978.0,10051389.0,10051823.0,10052213.0,10052610.0,10053007.0,10053388.0,10053734.0,10054117.0,10054522.0,10054877.0,10055282.0,10055703.0,10056034.0,10056517.0,10056974.0,10057385.0,10057772.0,10058217.0,10058714.0,10059241.0,10059811.0,10060287.0,10060807.0,10061253.0,10061730.0,10062161.0,10062492.0,10062867.0,10063245.0,10063676.0,10063999.0,10064343.0,10064661.0,10064946.0,10065298.0,10065678.0,10066041.0,10066481.0,10066798.0,10067125.0,10067400.0,10067768.0,10068162.0,10068548.0,10068943.0,10069378.0,10069775.0,10070129.0,10070499.0,10070842.0,10071290.0,10071649.0,10072405.0,10073059.0,10073704.0,10074329.0,10075020.0,10075584.0,10075811.0,10076119.0,10076380
Zf59GBy4564,14442561.0,14443245.0,14444187.0,14445157.0,14446010.0,14446847.0,14447610.0,14448457.0,14449268.0,14450106.0,14451078.0,14451948.0,14452803.0,14453788.0,14454713.0,14455521.0,14456416.0,14457361.0,14458040.0,14458850.0,14459834.0,14460625.0,14461324.0,14462222.0,14462954.0,14463648.0,14464506.0,14465239.0,14465939.0,14466688.0,14467669.0,14468619.0,14469403.0,14470265.0,14471102.0,14471881.0,14472791.0,14474007.0,14475037.0,14475975.0,14476892.0,14477771.0,14478516.0,14479336.0,14480117.0,14481093.0,14482059.0,14482910.0,14483825.0,14484779.0,14485651.0,14486548.0,14487616.0,14488613.0,14489622.0,14490436.0,14491324.0,14492256.0,14493243.0,14494322.0,14495508.0,14496590.0,14497607.0,14498508.0,14499424.0,14500253.0,14501064.0,14501930.0,14502696.0,14503754.0,14504919.0,14505771.0,14506554.0,14507309.0,14508067.0,14509040.0,14510073.0,14511029.0,14511955.0,14512699.0,14513614.0,14514496.0,14515365.0,14516288.0,14517188.0,14518019.0,14518848.0,14519661.0,14520429.0,14521117.0,14521878.0,14522564.0,14523529.0,14524496.0,14525331.0,14526058.0,14526682.0,14527362.0,14528037.0,14528677.0,14529433.0,14530332.0,14531098.0,14531902.0,14532602.0,14533281.0,14533984.0,14534688.0,14535433.0,14536240.0,14537017.0,14537826.0,14538628.0,14539546.0,14540304.0,14541117.0,14542019.0,14543291.0,14544340.0,14545237.0,14546278.0,14547100.0,14547960.0,14548856.0,14549655.0,14550551.0,14551466.0,14552273.0,14553118.0,14553973.0,14554886.0,14555589.0,14556410.0,14557205.0,,,,,,,,,14565958.0,14566840.0,14567617.0,14568407.0,14569108.0,14569987.0,14570851.0,14571564.0,14572579.0,14573408.0,14574204.0,14574983.0,14575819.0,14576534.0,14577365.0,14578173.0,14578983.0,14579626.0,14580534.0,14581250.0,14582185.0,14583178.0,14584101.0,14584979.0,14585790.0,14586739.0,14587482.0,14588162.0,14588878.0,14589754.0,14590728.0,14591504.0,14592262.0,14592963.0,14593653.0,14594462.0,14595130.0,14596128.0,14597798.0,14598879.0,14599762.0,14600497.0,14601368.0,14602351.0,14603161.0,14603949.0,14604752.0,14605957.0,14607256.0,14608194.0,14609151.0,14609964.0,14610621.0,14611460.0,14612290.0,14613001.0,14613855.0,14614587.0,14615341.0,14616239.0,14616944.0,14617714.0,14618604.0,14619378.0,14620060.0,14620801.0,14621674.0,14622684.0,14623450.0,14624062.0,14624669.0,14625337
5nE7budaeO4,52211022.0,52212289.0,52214267.0,52216090.0,52217621.0,52219067.0,52220602.0,52222230.0,52223840.0,52225509.0,52227314.0,52228787.0,52230317.0,52231788.0,52233088.0,52234533.0,52236046.0,52237616.0,52238874.0,52240162.0,52241422.0,52243230.0,52244611.0,52246040.0,52247673.0,52249079.0,52250588.0,52251872.0,52253275.0,52254511.0,52255822.0,52257230.0,52258504.0,52259710.0,52261055.0,52262367.0,52263695.0,52265145.0,52266684.0,52268035.0,52269315.0,52270535.0,52271658.0,52272889.0,52274003.0,52275202.0,52276475.0,52277688.0,52278834.0,52280104.0,52281117.0,52282221.0,52283315.0,52284490.0,52285662.0,52286655.0,52287796.0,52288900.0,52289895.0,52290993.0,52291992.0,52293143.0,52294192.0,52295328.0,52296435.0,52297320.0,52298442.0,52299509.0,52300476.0,52301677.0,52302743.0,52303709.0,52304812.0,52306124.0,52307469.0,52308643.0,52309909.0,52311202.0,52312426.0,52313675.0,52314861.0,52316074.0,52317174.0,52318251.0,52319293.0,52320348.0,52321388.0,52322456.0,52323480.0,52324502.0,52325467.0,52326428.0,52327489.0,52328687.0,52329858.0,52330935.0,52331958.0,52333012.0,52334010.0,52335051.0,52336137.0,52337208.0,52338272.0,52339159.0,52340057.0,52340855.0,52341704.0,52342689.0,52343739.0,52344615.0,52345566.0,52346531.0,52347342.0,52348296.0,52349276.0,52350428.0,52351593.0,52353077.0,52354306.0,52355451.0,52356609.0,52357683.0,52358914.0,52359942.0,52360954.0,52362040.0,52363155.0,52364229.0,52365327.0,52366388.0,52367538.0,52368645.0,52369867.0,52371052.0,,,,,,,,,52382207.0,52383578.0,52384740.0,52385900.0,52386866.0,52388227.0,52389196.0,52390279.0,52391402.0,52392436.0,52393445.0,52394314.0,52395436.0,52396347.0,52397371.0,52398417.0,52399391.0,52400067.0,52401241.0,52402268.0,52403237.0,52404129.0,52405314.0,52406424.0,52407351.0,52408345.0,52409223.0,52410151.0,52411188.0,52412254.0,52413290.0,52414247.0,52415198.0,52416208.0,52417265.0,52418360.0,52419429.0,52420514.0,52421604.0,52422544.0,52423490.0,52424330.0,52425204.0,52426041.0,52426902.0,52427650.0,52428455.0,52429422.0,52430297.0,52431190.0,52432098.0,52432891.0,52433570.0,52434443.0,52435156.0,52436011.0,52436901.0,52437631.0,52438350.0,52439283.0,52440166.0,52441072.0,52441986.0,52442967.0,52443876.0,52444929.0,52445996.0,52446899.0,52447724.0,52448408.0,52449146.0,52449865
3oWQpS5oC2I,134111.0,134146.0,134176.0,134228.0,134276.0,134320.0,134349.0,134377.0,134421.0,134454.0,134498.0,134533.0,134565.0,134604.0,134636.0,134665.0,134696.0,134752.0,134791.0,134827.0,134865.0,134903.0,134949.0,134983.0,135017.0,135059.0,135083.0,135143.0,135254.0,135337.0,135398.0,135440.0,135498.0,135546.0,135593.0,135642.0,135682.0,135733.0,135778.0,135838.0,135880.0,135934.0,135977.0,136014.0,136044.0,136089.0,136126.0,136149.0,136205.0,136254.0,136305.0,136345.0,136380.0,136461.0,136525.0,136573.0,136634.0,136689.0,136728.0,136768.0,136799.0,136868.0,136912.0,136943.0,136987.0,137037.0,137098.0,137155.0,137205.0,137249.0,137286.0,137326.0,137379.0,137414.0,137449.0,137494.0,137531.0,137558.0,137611.0,137662.0,137712.0,137755.0,137817.0,137883.0,137943.0,137992.0,138042.0,138079.0,138125.0,138167.0,138213.0,138246.0,138293.0,138343.0,138385.0,138440.0,138477.0,138525.0,138577.0,138621.0,138659.0,138714.0,138749.0,138781.0,138824.0,138851.0,138903.0,138942.0,138967.0,139029.0,139065.0,139092.0,139134.0,139170.0,139199.0,139229.0,139265.0,139294.0,139326.0,139373.0,139405.0,139425.0,139464.0,139487.0,139517.0,139551.0,139578.0,139610.0,139649.0,139688.0,139717.0,139753.0,139804.0,139840.0,,,,,,,,,140187.0,140241.0,140290.0,140328.0,140349.0,140386.0,140422.0,140465.0,140500.0,140524.0,140571.0,140615.0,140674.0,140740.0,140780.0,140811.0,140860.0,140906.0,140937.0,140966.0,141010.0,141040.0,141079.0,141122.0,141171.0,141195.0,141227.0,141257.0,141285.0,141319.0,141353.0,141392.0,141436.0,141483.0,141507.0,141532.0,141581.0,141633.0,141683.0,141769.0,141839.0,141925.0,142011.0,142074.0,142136.0,142185.0,142251.0,142312.0,142377.0,142442.0,142487.0,142536.0,142585.0,142642.0,142689.0,142733.0,142769.0,142811.0,142846.0,142897.0,142934.0,142976.0,143021.0,143058.0,143084.0,143122.0,143144.0,143178.0,143212.0,143238.0,143264.0,143294
UJ8aHhQGPrE,19738.0,19745.0,19753.0,19758.0,19763.0,19773.0,19777.0,19780.0,19784.0,19789.0,19797.0,19804.0,19807.0,19810.0,19815.0,19818.0,19822.0,19826.0,19838.0,19851.0,19856.0,19865.0,19867.0,19872.0,19878.0,19879.0,19884.0,19886.0,19889.0,19891.0,19894.0,19897.0,19904.0,19906.0,19913.0,19918.0,19923.0,19927.0,19934.0,19937.0,19942.0,19942.0,19945.0,19952.0,19954.0,19957.0,19964.0,19970.0,19975.0,19977.0,19983.0,19988.0,19995.0,20000.0,20006.0,20016.0,20020.0,20022.0,20027.0,20029.0,20032.0,20034.0,20041.0,20047.0,20053.0,20056.0,20059.0,20063.0,20070.0,20073.0,20079.0,20088.0,20092.0,20096.0,20099.0,20100.0,20103.0,20109.0,20111.0,20119.0,20125.0,20132.0,20135.0,20139.0,20146.0,20150.0,20156.0,20160.0,20165.0,20172.0,20177.0,20180.0,20181.0,20182.0,20185.0,20187.0,20190.0,20197.0,20197.0,20201.0,20204.0,20207.0,20212.0,20217.0,20219.0,20225.0,20228.0,20231.0,20236.0,20245.0,20246.0,20254.0,20259.0,20262.0,20268.0,20272.0,20276.0,20280.0,20284.0,20287.0,20289.0,20291.0,20293.0,20298.0,20300.0,20303.0,20306.0,20308.0,20315.0,20317.0,20319.0,20323.0,20329.0,20331.0,,,,,,,,,20388.0,20406.0,20410.0,20419.0,20432.0,20438.0,20440.0,20450.0,20459.0,20465.0,20468.0,20474.0,20480.0,20489.0,20506.0,20518.0,20536.0,20553.0,20566.0,20577.0,20585.0,20603.0,20617.0,20638.0,20644.0,20652.0,20663.0,20668.0,20678.0,20689.0,20702.0,20710.0,20718.0,20726.0,20737.0,20743.0,20753.0,20766.0,20776.0,20786.0,20803.0,20824.0,20840.0,20854.0,20863.0,20876.0,20889.0,20907.0,20913.0,20926.0,20945.0,20969.0,20987.0,21008.0,21018.0,21035.0,21052.0,21065.0,21075.0,21083.0,21094.0,21106.0,21116.0,21130.0,21138.0,21143.0,21153.0,21162.0,21167.0,21180.0,21185.0,21189
cLvp_vnemL0,30462.0,30495.0,30525.0,30546.0,30570.0,30600.0,30629.0,30658.0,30683.0,30713.0,30732.0,30752.0,30782.0,30798.0,30821.0,30839.0,30859.0,30883.0,30909.0,30951.0,30983.0,31029.0,31064.0,31089.0,31114.0,31159.0,31199.0,31236.0,31271.0,31300.0,31322.0,31365.0,31395.0,31418.0,31442.0,31470.0,31497.0,31521.0,31542.0,31560.0,31591.0,31630.0,31648.0,31686.0,31721.0,31745.0,31782.0,31817.0,31852.0,31870.0,31884.0,31905.0,31930.0,31947.0,31968.0,32035.0,32055.0,32077.0,32100.0,32114.0,32129.0,32144.0,32165.0,32180.0,32201.0,32231.0,32248.0,32277.0,32301.0,32336.0,32355.0,32379.0,32400.0,32428.0,32453.0,32483.0,32501.0,32517.0,32539.0,32565.0,32586.0,32603.0,32622.0,32637.0,32665.0,32675.0,32695.0,32712.0,32738.0,32758.0,32774.0,32803.0,32822.0,32839.0,32857.0,32874.0,32892.0,32915.0,32934.0,32957.0,32972.0,32979.0,32998.0,33026.0,33040.0,33061.0,33090.0,33108.0,33133.0,33149.0,33157.0,33185.0,33208.0,33226.0,33240.0,33259.0,33282.0,33298.0,33321.0,33341.0,33361.0,33374.0,33391.0,33410.0,33419.0,33439.0,33451.0,33488.0,33506.0,33527.0,33543.0,33558.0,33579.0,33594.0,,,,,,,,,33790.0,33812.0,33833.0,33856.0,33884.0,33914.0,33950.0,33992.0,34012.0,34023.0,34049.0,34081.0,34081.0,34081.0,34081.0,34081.0,34081.0,34081.0,34081.0,34081.0,34081.0,34081.0,34081.0,34081.0,34081.0,34081.0,34081.0,34081.0,34081.0,34081.0,34081.0,34081.0,34081.0,34081.0,34082.0,34081.0,34081.0,34081.0,34081.0,34081.0,34081.0,34081.0,34081.0,34081.0,34081.0,34081.0,34081.0,34081.0,34081.0,34081.0,34081.0,34081.0,34081.0,34081.0,34081.0,34081.0,34081.0,34081.0,34081.0,34081.0,34081.0,34081.0,34081.0,34081.0,34081.0,34081.0,34081.0,34081.0,34081.0,34081.0,34081.0,34081
7eXKq8p3mXM,931443.0,931566.0,931692.0,931792.0,931874.0,932012.0,932052.0,932141.0,932247.0,932313.0,932390.0,932448.0,933558.0,933792.0,933992.0,934090.0,934202.0,934277.0,934361.0,934421.0,934477.0,934531.0,934578.0,934620.0,934675.0,934728.0,934766.0,934797.0,934834.0,934883.0,934936.0,935017.0,935086.0,935152.0,935219.0,935306.0,935364.0,935460.0,935577.0,935682.0,935762.0,935826.0,935906.0,935972.0,936098.0,936562.0,936890.0,937190.0,937718.0,938085.0,938331.0,938509.0,938622.0,938732.0,938840.0,938930.0,939005.0,939100.0,939178.0,939253.0,939336.0,939468.0,939663.0,939798.0,939908.0,940046.0,940159.0,940248.0,940399.0,940506.0,940640.0,940729.0,940822.0,940906.0,941052.0,941117.0,941260.0,941421.0,941498.0,941566.0,941615.0,941693.0,941754.0,941840.0,941891.0,941964.0,942020.0,942085.0,942322.0,942414.0,942476.0,942547.0,942604.0,942639.0,942738.0,942844.0,942905.0,942995.0,943071.0,943243.0,943495.0,943656.0,943760.0,943860.0,943951.0,944060.0,944149.0,944278.0,944408.0,944486.0,944557.0,944618.0,944700.0,944778.0,944842.0,944925.0,945000.0,945102.0,945216.0,945353.0,945448.0,945586.0,945734.0,945874.0,946008.0,946107.0,946210.0,946342.0,946434.0,946510.0,946586.0,946648.0,946720.0,946780.0,,,,,,,,,947543.0,947615.0,947682.0,947925.0,948088.0,948177.0,948291.0,948355.0,948421.0,948488.0,948643.0,948754.0,948820.0,948892.0,948972.0,949026.0,949083.0,949166.0,949232.0,949296.0,949347.0,949410.0,949485.0,949554.0,949626.0,949680.0,949734.0,949779.0,949825.0,949867.0,949918.0,949945.0,949983.0,950021.0,950058.0,950104.0,950143.0,950201.0,950248.0,950329.0,950388.0,950444.0,950575.0,950664.0,950756.0,950822.0,950891.0,950949.0,951001.0,951054.0,951137.0,951193.0,951255.0,951316.0,951384.0,951443.0,951511.0,951566.0,951637.0,951685.0,951758.0,951804.0,951849.0,951915.0,951961.0,952022.0,952108.0,952175.0,952228.0,952297.0,952347.0,952419
gDOAkVUsYAk,307.0,307.0,307.0,307.0,307.0,307.0,307.0,307.0,307.0,307.0,308.0,308.0,308.0,308.0,308.0,309.0,309.0,309.0,309.0,309.0,309.0,309.0,309.0,309.0,309.0,309.0,309.0,309.0,309.0,309.0,309.0,309.0,309.0,309.0,310.0,311.0,311.0,311.0,311.0,311.0,311.0,312.0,312.0,312.0,314.0,316.0,315.0,314.0,314.0,314.0,314.0,314.0,315.0,315.0,315.0,315.0,315.0,315.0,315.0,315.0,315.0,315.0,316.0,317.0,317.0,317.0,317.0,317.0,317.0,317.0,317.0,317.0,317.0,317.0,317.0,317.0,317.0,317.0,317.0,317.0,317.0,317.0,317.0,317.0,318.0,318.0,318.0,318.0,318.0,318.0,318.0,318.0,319.0,319.0,320.0,320.0,320.0,320.0,320.0,320.0,320.0,320.0,320.0,320.0,320.0,321.0,322.0,322.0,322.0,323.0,323.0,323.0,323.0,323.0,323.0,323.0,323.0,323.0,323.0,323.0,323.0,324.0,324.0,324.0,324.0,324.0,324.0,324.0,324.0,324.0,324.0,324.0,324.0,324.0,,,,,,,,,325.0,325.0,325.0,325.0,325.0,325.0,326.0,326.0,326.0,326.0,326.0,326.0,326.0,326.0,327.0,327.0,327.0,327.0,327.0,327.0,327.0,328.0,328.0,328.0,328.0,328.0,328.0,328.0,329.0,330.0,332.0,332.0,332.0,332.0,332.0,332.0,332.0,332.0,333.0,333.0,333.0,333.0,334.0,333.0,333.0,333.0,333.0,334.0,335.0,335.0,335.0,335.0,335.0,335.0,335.0,335.0,335.0,335.0,335.0,335.0,335.0,337.0,337.0,337.0,337.0,337.0,337.0,339.0,339.0,340.0,340.0,340
itvSCjTXnVg,584460.0,584460.0,584460.0,584460.0,584460.0,584460.0,584460.0,584460.0,584460.0,584460.0,584460.0,584460.0,584460.0,584460.0,584460.0,584460.0,584460.0,584460.0,584460.0,584460.0,584460.0,584460.0,584460.0,584460.0,584460.0,584460.0,584460.0,584460.0,584460.0,584460.0,584460.0,584460.0,584460.0,584460.0,584460.0,584460.0,584460.0,584460.0,584460.0,584460.0,584460.0,584460.0,584460.0,584460.0,584460.0,584460.0,584460.0,584460.0,584460.0,584460.0,584460.0,584460.0,584460.0,584460.0,584460.0,584460.0,584460.0,584460.0,584460.0,584460.0,584460.0,584460.0,584460.0,584460.0,584460.0,584460.0,584460.0,584460.0,584460.0,584460.0,584460.0,584460.0,584460.0,584460.0,584460.0,584460.0,584460.0,584460.0,584460.0,584460.0,584460.0,584460.0,584460.0,584460.0,584460.0,584460.0,584460.0,584460.0,584460.0,584460.0,584460.0,584460.0,584460.0,584460.0,584460.0,584460.0,584460.0,584460.0,584460.0,584460.0,584460.0,584460.0,584460.0,584460.0,584460.0,584460.0,584460.0,584460.0,584460.0,584460.0,584460.0,584460.0,584460.0,584460.0,584460.0,584460.0,584460.0,584460.0,584460.0,584460.0,584460.0,584460.0,584460.0,584460.0,584460.0,584460.0,584460.0,584460.0,584460.0,584460.0,584460.0,584460.0,584460.0,584460.0,,,,,,,,,584460.0,584460.0,584460.0,584460.0,584460.0,584460.0,584460.0,584460.0,584460.0,584460.0,584460.0,584460.0,584460.0,584460.0,584460.0,584460.0,584460.0,584460.0,584460.0,584460.0,584460.0,584460.0,584460.0,584460.0,584460.0,584460.0,584460.0,584460.0,584460.0,584460.0,584460.0,584460.0,584460.0,584460.0,584460.0,584460.0,584460.0,584460.0,584460.0,584460.0,584460.0,584460.0,584460.0,584460.0,584460.0,584460.0,584460.0,584460.0,584460.0,584460.0,584460.0,584460.0,584460.0,584460.0,584460.0,584460.0,584460.0,584460.0,584460.0,584460.0,584460.0,584460.0,584460.0,584460.0,584460.0,584460.0,584460.0,584460.0,584460.0,584460.0,584460.0,584460
_1-q6znI0SA,1648094.0,1648377.0,1648675.0,1649011.0,1649278.0,1649530.0,1649794.0,1650082.0,1650349.0,1650744.0,1651039.0,1651295.0,1651527.0,1651786.0,1652078.0,1652365.0,1652655.0,1652967.0,1653241.0,1653536.0,1653803.0,1654212.0,1654660.0,1655238.0,1655589.0,1656039.0,1656467.0,1657005.0,1657414.0,1657927.0,1658403.0,1658928.0,1659369.0,1659749.0,1660166.0,1660524.0,1660937.0,1661439.0,1661796.0,1662091.0,1662466.0,1662811.0,1663147.0,1663436.0,1663751.0,1664068.0,1664383.0,1664705.0,1665052.0,1665371.0,1665735.0,1666120.0,1666502.0,1666800.0,1667136.0,1667419.0,1667683.0,1668057.0,1668472.0,1668924.0,1669272.0,1669846.0,1670449.0,1670870.0,1671254.0,1671654.0,1672084.0,1672466.0,1672866.0,1673235.0,1673572.0,1673942.0,1674273.0,1674622.0,1675004.0,1675338.0,1675679.0,1676022.0,1676419.0,1676775.0,1677086.0,1677357.0,1677620.0,1677968.0,1678298.0,1678692.0,1679114.0,1679468.0,1679796.0,1680101.0,1680451.0,1680791.0,1681175.0,1681619.0,1682006.0,1682269.0,1682588.0,1682867.0,1683197.0,1683554.0,1683902.0,1684232.0,1684475.0,1684783.0,1685066.0,1685363.0,1685570.0,1685953.0,1686285.0,1686572.0,1686980.0,1687243.0,1687530.0,1687863.0,1688216.0,1688475.0,1688845.0,1689148.0,1689450.0,1689813.0,1690144.0,1690474.0,1690743.0,1691099.0,1691361.0,1691661.0,1691990.0,1692292.0,1692712.0,1693042.0,1693323.0,1693606.0,1693918.0,1694178.0,,,,,,,,,1697130.0,1697418.0,1697711.0,1698000.0,1698267.0,1698516.0,1698773.0,1699086.0,1699397.0,1699715.0,1700054.0,1700331.0,1700602.0,1700933.0,1701295.0,1701647.0,1701964.0,1702214.0,1702577.0,1702818.0,1703145.0,1703457.0,1703799.0,1704067.0,1704384.0,1704697.0,1705037.0,1705380.0,1705771.0,1706072.0,1706345.0,1706579.0,1706942.0,1707262.0,1707589.0,1707900.0,1708493.0,1708894.0,1709327.0,1709699.0,1709982.0,1710409.0,1710701.0,1711078.0,1711382.0,1711720.0,1712056.0,1712351.0,1712665.0,1712923.0,1713307.0,1713606.0,1713954.0,1714265.0,1714571.0,1714851.0,1715164.0,1715449.0,1715702.0,1716009.0,1716286.0,1716614.0,1716855.0,1717142.0,1717457.0,1717772.0,1718067.0,1718360.0,1718628.0,1718838.0,1719111.0,1719336
K2rUhHB4d-Q,289269.0,289269.0,289269.0,289269.0,289269.0,289269.0,289269.0,289269.0,289269.0,289269.0,289269.0,289269.0,289269.0,289269.0,289269.0,289269.0,289269.0,289269.0,289269.0,289269.0,289269.0,289269.0,289269.0,289269.0,289269.0,289269.0,289269.0,289269.0,289269.0,289269.0,289269.0,289269.0,289269.0,289269.0,289269.0,289269.0,289269.0,289269.0,289269.0,289269.0,289269.0,289269.0,289269.0,289269.0,289269.0,289269.0,289269.0,289269.0,289269.0,289269.0,289269.0,289269.0,289269.0,289269.0,289269.0,289269.0,289269.0,289269.0,289269.0,289269.0,289269.0,289269.0,289269.0,289269.0,289269.0,289269.0,289269.0,289269.0,289269.0,289269.0,289269.0,289269.0,289269.0,289269.0,289269.0,289269.0,289269.0,289269.0,289269.0,289269.0,289269.0,289269.0,289269.0,289269.0,289269.0,289269.0,289269.0,289269.0,289269.0,289269.0,289269.0,289269.0,289269.0,289269.0,289269.0,289269.0,289269.0,289269.0,289269.0,289269.0,289269.0,289269.0,289269.0,289269.0,289269.0,289269.0,289269.0,289269.0,289269.0,289269.0,289269.0,289269.0,289269.0,289269.0,289269.0,289269.0,289269.0,289269.0,289269.0,289269.0,289269.0,289269.0,289269.0,289269.0,289269.0,289269.0,289269.0,289269.0,289269.0,289269.0,289269.0,289269.0,289269.0,289269.0,,,,,,,,,289269.0,289269.0,289269.0,289269.0,289269.0,289269.0,289269.0,289269.0,289269.0,289269.0,289269.0,289269.0,289269.0,289269.0,289269.0,289269.0,289269.0,289269.0,289269.0,289269.0,289269.0,289269.0,289269.0,289269.0,289269.0,289269.0,289269.0,289269.0,289269.0,289269.0,289269.0,289269.0,289269.0,289269.0,289269.0,289269.0,289269.0,289269.0,289269.0,289269.0,289269.0,289269.0,289269.0,289269.0,289269.0,289269.0,289269.0,289269.0,289269.0,289269.0,289269.0,289269.0,289269.0,289269.0,289269.0,289269.0,289269.0,289269.0,289269.0,289269.0,289269.0,289269.0,289269.0,289269.0,289269.0,289269.0,289269.0,289269.0,289269.0,289269.0,289269.0,289269
TcV3Jrr-9lo,73438.0,73484.0,73522.0,73559.0,73594.0,73636.0,73688.0,73733.0,73780.0,73822.0,73851.0,73906.0,73955.0,74002.0,74049.0,74099.0,74133.0,74158.0,74192.0,74228.0,74274.0,74310.0,74350.0,74386.0,74412.0,74445.0,74481.0,74509.0,74540.0,74578.0,74624.0,74663.0,74689.0,74738.0,74780.0,74818.0,74861.0,74903.0,74929.0,74956.0,74986.0,75019.0,75066.0,75131.0,75170.0,75202.0,75237.0,75275.0,75301.0,75340.0,75372.0,75407.0,75432.0,75470.0,75499.0,75526.0,75554.0,75598.0,75640.0,75694.0,75746.0,75794.0,75827.0,75880.0,75926.0,75974.0,75989.0,76033.0,76064.0,76153.0,76207.0,76267.0,76340.0,76382.0,76420.0,76477.0,76532.0,76578.0,76620.0,76668.0,76712.0,76752.0,76784.0,76827.0,76869.0,76919.0,76959.0,76987.0,77031.0,77065.0,77118.0,77168.0,77228.0,77295.0,77319.0,77353.0,77410.0,77447.0,77508.0,77557.0,77599.0,77633.0,77694.0,77741.0,77795.0,77838.0,77891.0,77939.0,77972.0,78025.0,78100.0,78149.0,78201.0,78251.0,78282.0,78312.0,78360.0,78413.0,78450.0,78479.0,78512.0,78556.0,78575.0,78607.0,78640.0,78669.0,78697.0,78734.0,78772.0,78805.0,78836.0,78868.0,78891.0,78950.0,,,,,,,,,79281.0,79320.0,79340.0,79373.0,79404.0,79440.0,79461.0,79495.0,79514.0,79534.0,79570.0,79607.0,79657.0,79704.0,79733.0,79763.0,79814.0,79847.0,79885.0,79938.0,80001.0,80057.0,80121.0,80154.0,80183.0,80228.0,80268.0,80315.0,80343.0,80377.0,80419.0,80458.0,80499.0,80553.0,80587.0,80617.0,80659.0,80709.0,80777.0,80856.0,80893.0,80929.0,80959.0,80985.0,81030.0,81064.0,81108.0,81165.0,81200.0,81261.0,81301.0,81349.0,81389.0,81435.0,81473.0,81514.0,81541.0,81572.0,81596.0,81626.0,81649.0,81670.0,81702.0,81729.0,81748.0,81777.0,81807.0,81844.0,81860.0,81889.0,81908.0,81928
ptKm9j6VgiE,15937.0,15997.0,16073.0,16151.0,16247.0,16337.0,16426.0,16508.0,16601.0,16657.0,16728.0,16811.0,16881.0,16982.0,17082.0,17173.0,17238.0,17320.0,17398.0,17484.0,17562.0,17633.0,17741.0,17800.0,17865.0,17930.0,18030.0,18091.0,18167.0,18251.0,18319.0,18383.0,18439.0,18532.0,18606.0,18679.0,18758.0,18834.0,18898.0,18967.0,19021.0,19099.0,19179.0,19280.0,19328.0,19382.0,19449.0,19513.0,19577.0,19643.0,19705.0,19750.0,19804.0,19877.0,19972.0,20077.0,20158.0,20271.0,20390.0,20518.0,20614.0,20760.0,20879.0,21005.0,21160.0,21276.0,21396.0,21525.0,21625.0,21762.0,21933.0,22095.0,22237.0,22382.0,22542.0,22736.0,22894.0,23070.0,23204.0,23353.0,23461.0,23577.0,23687.0,23832.0,23975.0,24100.0,24215.0,24350.0,24486.0,24613.0,24790.0,24961.0,25119.0,25254.0,25367.0,25481.0,25617.0,25763.0,25940.0,26080.0,26271.0,26401.0,26544.0,26685.0,26833.0,26979.0,27131.0,27243.0,27352.0,27443.0,27540.0,27640.0,27741.0,27861.0,27961.0,28045.0,28167.0,28283.0,28381.0,28487.0,28573.0,28646.0,28737.0,28814.0,28878.0,28956.0,29036.0,29123.0,29182.0,29246.0,29327.0,29404.0,29490.0,29559.0,,,,,,,,,30311.0,30370.0,30467.0,30561.0,30634.0,30701.0,30778.0,30836.0,30891.0,30966.0,31045.0,31109.0,31197.0,31280.0,31358.0,31421.0,31498.0,31564.0,31646.0,31726.0,31805.0,31857.0,31920.0,31977.0,32060.0,32132.0,32205.0,32275.0,32332.0,32384.0,32452.0,32521.0,32600.0,32677.0,32774.0,32839.0,32925.0,32993.0,33070.0,33169.0,33240.0,33316.0,33371.0,33415.0,33491.0,33545.0,33622.0,33725.0,33819.0,33922.0,34017.0,34103.0,34165.0,34245.0,34341.0,34425.0,34490.0,34563.0,34651.0,34732.0,34810.0,34868.0,34930.0,34984.0,35039.0,35112.0,35173.0,35230.0,35285.0,35331.0,35361.0,35406
czwscumbHQc,760792.0,760936.0,761004.0,761098.0,761251.0,761348.0,761484.0,761619.0,761798.0,761947.0,762097.0,762266.0,762438.0,762588.0,762723.0,762875.0,763025.0,763156.0,763289.0,763422.0,763579.0,763741.0,763892.0,763985.0,764116.0,764245.0,764384.0,764510.0,764664.0,764815.0,764993.0,765178.0,765344.0,765478.0,765613.0,765786.0,765944.0,766072.0,766204.0,766328.0,766448.0,766578.0,766706.0,766812.0,766916.0,767010.0,767127.0,767224.0,767347.0,767495.0,767673.0,767791.0,767895.0,767987.0,768120.0,768264.0,768392.0,768531.0,768645.0,768732.0,768821.0,768938.0,769081.0,769187.0,769286.0,769400.0,769518.0,769638.0,769754.0,769882.0,770002.0,770102.0,770249.0,770365.0,770501.0,770649.0,770856.0,770996.0,771129.0,771234.0,771348.0,771488.0,771635.0,771791.0,771950.0,772105.0,772206.0,772318.0,772439.0,772560.0,772687.0,772795.0,772915.0,773032.0,773135.0,773243.0,773381.0,773502.0,773596.0,773718.0,773799.0,773896.0,774037.0,774138.0,774244.0,774341.0,774449.0,774537.0,774619.0,774707.0,774804.0,774926.0,775057.0,775197.0,775309.0,775408.0,775519.0,775626.0,775738.0,775833.0,775928.0,776016.0,776102.0,776225.0,776314.0,776388.0,776492.0,776629.0,776735.0,776873.0,776996.0,777099.0,777201.0,777332.0,,,,,,,,,778261.0,778340.0,778417.0,778519.0,778594.0,778691.0,778797.0,778889.0,778996.0,779080.0,779197.0,779284.0,779369.0,779456.0,779539.0,779605.0,779692.0,779818.0,779926.0,780012.0,780119.0,780227.0,780357.0,780417.0,780613.0,780627.0,780736.0,780825.0,780911.0,780994.0,781086.0,781182.0,781309.0,781458.0,781556.0,781665.0,781761.0,781842.0,781968.0,782083.0,782209.0,782344.0,782440.0,782517.0,782634.0,782721.0,782829.0,782921.0,783028.0,783139.0,783232.0,783325.0,783433.0,783525.0,783621.0,783779.0,783979.0,784154.0,784323.0,784516.0,784684.0,784820.0,784966.0,785101.0,785237.0,785396.0,785551.0,785762.0,785918.0,786143.0,786407.0,786617
hr-325mclek,49164005.0,49166833.0,49170051.0,49173354.0,49176508.0,49179553.0,49182493.0,49185518.0,49188584.0,49191739.0,49194902.0,49197924.0,49201124.0,49204247.0,49207670.0,49210990.0,49214527.0,49217928.0,49221259.0,49224506.0,49228126.0,49231786.0,49235461.0,49239389.0,49242925.0,49246163.0,49249362.0,49252633.0,49256039.0,49259419.0,49263003.0,49266272.0,49269484.0,49272795.0,49276116.0,49279582.0,49283263.0,49286801.0,49290492.0,49293722.0,49296856.0,49300117.0,49303375.0,49306680.0,49309912.0,49313396.0,49316924.0,49320342.0,49324073.0,49327275.0,49330315.0,49334072.0,49337659.0,49340861.0,49344355.0,49347705.0,49350947.0,49354745.0,49359160.0,49363244.0,49367356.0,49371622.0,49375894.0,49379863.0,49383536.0,49387530.0,49391085.0,49394581.0,49397702.0,49401864.0,49405226.0,49408576.0,49412071.0,49415349.0,49418795.0,49422724.0,49427421.0,49431606.0,49435893.0,49439717.0,49443775.0,49447512.0,49451093.0,49454923.0,49458679.0,49462393.0,49466000.0,49469249.0,49472446.0,49475535.0,49478812.0,49481940.0,49485229.0,49488585.0,49491960.0,49494960.0,49497750.0,49500603.0,49503336.0,49506052.0,49508852.0,49511709.0,49514425.0,49517058.0,49519664.0,49522606.0,49525607.0,49528666.0,49531834.0,49534885.0,49537816.0,49540765.0,49543717.0,49546914.0,49550270.0,49553408.0,49556234.0,49558938.0,49561716.0,49564796.0,49567958.0,49571353.0,49574687.0,49577781.0,49580625.0,49583491.0,49586241.0,49589212.0,49592087.0,49595080.0,49597654.0,49600191.0,49602757.0,49605129.0,,,,,,,,,49626883.0,49629361.0,49631755.0,49634021.0,49636295.0,49638535.0,49640717.0,49642980.0,49645444.0,49647729.0,49650002.0,49652270.0,49654684.0,49656929.0,49659384.0,49661872.0,49664114.0,49666441.0,49669117.0,49671644.0,49673985.0,49676521.0,49678948.0,49681208.0,49683577.0,49685959.0,49688312.0,49690699.0,49692983.0,49695332.0,49697649.0,49699847.0,49702102.0,49704447.0,49706833.0,49709088.0,49711384.0,49713601.0,49715851.0,49718039.0,49720290.0,49722634.0,49725034.0,49727295.0,49729400.0,49731510.0,49733716.0,49736107.0,49738404.0,49740828.0,49743241.0,49745511.0,49747692.0,49750013.0,49752160.0,49754442.0,49756657.0,49758888.0,49761067.0,49763126.0,49765670.0,49767568.0,49769756.0,49771903.0,49774044.0,49776379.0,49779001.0,49781597.0,49783893.0,49786176.0,49788767.0,49791102
eK4i2oN8jCk,22360473.0,22361677.0,22363403.0,22365019.0,22366331.0,22367699.0,22369106.0,22370619.0,22371962.0,22373543.0,22375058.0,22376329.0,22377685.0,22378949.0,22380264.0,22381517.0,22383020.0,22384452.0,22385698.0,22386948.0,22388348.0,22389755.0,22391099.0,22392652.0,22394186.0,22395506.0,22396823.0,22398068.0,22399317.0,22400615.0,22402051.0,22403455.0,22404595.0,22405741.0,22407119.0,22408389.0,22409711.0,22411214.0,22412883.0,22414077.0,22415305.0,22416481.0,22417655.0,22418895.0,22420392.0,22421786.0,22423123.0,22424454.0,22425710.0,22426942.0,22428284.0,22429777.0,22431171.0,22432431.0,22433832.0,22435088.0,22436306.0,22437959.0,22440000.0,22441855.0,22443662.0,22445476.0,22447295.0,22448896.0,22450445.0,22452091.0,22453569.0,22454994.0,22456271.0,22458012.0,22459490.0,22460877.0,22462182.0,22463505.0,22464820.0,22466401.0,22468388.0,22470204.0,22472213.0,22474062.0,22475856.0,22477532.0,22479074.0,22480702.0,22482295.0,22483970.0,22485519.0,22487102.0,22488494.0,22489889.0,22491311.0,22492690.0,22494211.0,22495699.0,22497250.0,22498461.0,22499609.0,22500666.0,22501756.0,22503012.0,22504295.0,22505663.0,22506845.0,22507939.0,22509010.0,22510084.0,22511176.0,22512411.0,22513681.0,22514848.0,22516036.0,22517232.0,22518373.0,22519550.0,22520865.0,22522268.0,22523340.0,22524546.0,22525745.0,22526896.0,22528046.0,22529260.0,22530414.0,22531443.0,22532583.0,22533724.0,22534827.0,22535968.0,22537277.0,22538522.0,22539658.0,22540672.0,22541561.0,22542524.0,,,,,,,,,22551433.0,22552478.0,22553465.0,22554460.0,22555262.0,22556364.0,22557339.0,22558354.0,22559474.0,22560773.0,22561825.0,22562889.0,22563918.0,22564914.0,22566051.0,22567203.0,22568076.0,22568932.0,22569772.0,22570598.0,22571482.0,22572480.0,22573458.0,22574286.0,22575089.0,22575918.0,22576788.0,22577667.0,22578584.0,22579555.0,22580450.0,22581216.0,22582082.0,22582926.0,22583800.0,22584724.0,22585616.0,22586376.0,22587189.0,22588055.0,22588837.0,22589821.0,22590903.0,22591843.0,22592708.0,22593604.0,22594498.0,22595495.0,22596346.0,22597436.0,22598426.0,22599403.0,22600311.0,22601365.0,22602285.0,22603224.0,22604193.0,22605075.0,22605970.0,22606919.0,22607834.0,22608744.0,22609760.0,22610711.0,22611621.0,22612548.0,22613520.0,22614401.0,22615164.0,22615948.0,22616729.0,22617763
w8N3nZ7reZk,1618218.0,1618317.0,1618409.0,1618519.0,1618630.0,1618717.0,1618811.0,1618894.0,1618986.0,1619088.0,1619182.0,1619266.0,1619376.0,1619461.0,1619545.0,1619633.0,1619740.0,1619843.0,1619948.0,1620062.0,1620153.0,1620248.0,1620343.0,1620455.0,1620569.0,1620668.0,1620737.0,1620847.0,1620942.0,1621066.0,1621153.0,1621264.0,1621359.0,1621441.0,1621541.0,1621636.0,1621742.0,1621854.0,1621971.0,1622078.0,1622165.0,1622264.0,1622333.0,1622432.0,1622519.0,1622613.0,1622689.0,1622766.0,1622862.0,1622946.0,1623018.0,1623093.0,1623186.0,1623272.0,1623360.0,1623434.0,1623528.0,1623641.0,1623762.0,1623907.0,1624029.0,1624149.0,1624273.0,1624385.0,1624516.0,1624648.0,1624762.0,1624856.0,1624977.0,1625125.0,1625254.0,1625361.0,1625476.0,1625592.0,1625715.0,1625855.0,1626028.0,1626206.0,1626402.0,1626581.0,1626754.0,1626877.0,1627002.0,1627116.0,1627248.0,1627356.0,1627494.0,1627622.0,1627721.0,1627818.0,1627935.0,1628032.0,1628129.0,1628234.0,1628316.0,1628410.0,1628483.0,1628547.0,1628623.0,1628711.0,1628793.0,1628897.0,1628983.0,1629047.0,1629125.0,1629197.0,1629265.0,1629349.0,1629432.0,1629538.0,1629626.0,1629736.0,1629815.0,1629922.0,1630022.0,1630108.0,1630176.0,1630271.0,1630339.0,1630411.0,1630488.0,1630579.0,1630648.0,1630724.0,1630796.0,1630864.0,1630955.0,1631036.0,1631135.0,1631204.0,1631261.0,1631321.0,1631381.0,1631490.0,,,,,,,,,1632114.0,1632211.0,1632290.0,1632388.0,1632437.0,1632505.0,1632581.0,1632642.0,1632731.0,1632811.0,1632865.0,1632946.0,1633016.0,1633095.0,1633173.0,1633245.0,1633310.0,1633369.0,1633423.0,1633479.0,1633555.0,1633632.0,1633695.0,1633749.0,1633815.0,1633869.0,1633927.0,1634013.0,1634109.0,1634186.0,1634247.0,1634302.0,1634372.0,1634421.0,1634499.0,1634568.0,1634623.0,1634682.0,1634747.0,1634820.0,1634901.0,1634960.0,1635038.0,1635111.0,1635189.0,1635269.0,1635336.0,1635417.0,1635490.0,1635548.0,1635619.0,1635692.0,1635763.0,1635830.0,1635889.0,1635994.0,1636068.0,1636134.0,1636199.0,1636260.0,1636335.0,1636391.0,1636456.0,1636510.0,1636585.0,1636650.0,1636722.0,1636784.0,1636842.0,1636889.0,1636959.0,1637032
zkvIzKwzYNc,27406061.0,27407034.0,27408148.0,27409267.0,27410250.0,27411274.0,27412212.0,27413232.0,27414210.0,27415222.0,27416276.0,27417261.0,27418155.0,27419156.0,27420156.0,27421147.0,27422092.0,27422931.0,27423829.0,27424790.0,27425721.0,27426738.0,27427695.0,27428586.0,27429533.0,27430438.0,27431429.0,27432326.0,27433178.0,27434022.0,27434894.0,27435832.0,27436780.0,27437780.0,27438801.0,27439883.0,27440842.0,27441934.0,27443099.0,27444056.0,27444965.0,27445847.0,27446768.0,27447700.0,27448670.0,27449534.0,27450434.0,27451495.0,27452520.0,27453447.0,27454419.0,27455390.0,27456306.0,27457204.0,27458148.0,27458985.0,27459905.0,27460873.0,27461942.0,27462961.0,27464144.0,27465223.0,27466509.0,27467571.0,27468575.0,27469661.0,27470715.0,27471750.0,27472602.0,27473854.0,27474882.0,27475852.0,27476826.0,27477775.0,27478767.0,27480017.0,27481723.0,27483231.0,27484688.0,27486057.0,27487362.0,27488548.0,27489678.0,27490830.0,27491955.0,27492925.0,27493935.0,27494949.0,27495832.0,27496693.0,27497559.0,27498381.0,27499237.0,27500188.0,27501025.0,27501948.0,27502694.0,27503387.0,27504184.0,27505008.0,27505780.0,27506611.0,27507307.0,27508064.0,27508802.0,27509488.0,27510108.0,27510984.0,27511811.0,27512627.0,27513368.0,27514156.0,27514853.0,27515674.0,27516557.0,27517392.0,27518058.0,27518897.0,27519594.0,27520319.0,27521165.0,27522062.0,27522899.0,27523590.0,27524355.0,27525229.0,27526120.0,27526999.0,27527891.0,27528803.0,27529618.0,27530397.0,27531117.0,27531838.0,,,,,,,,,27538188.0,27539009.0,27539593.0,27540400.0,27540936.0,27541624.0,27542195.0,27542823.0,27543627.0,27544271.0,27544918.0,27545543.0,27546191.0,27546883.0,27547543.0,27548288.0,27549002.0,27549668.0,27550378.0,27551065.0,27551738.0,27552417.0,27553112.0,27553715.0,27554281.0,27554948.0,27555555.0,27556154.0,27556880.0,27557572.0,27558158.0,27558691.0,27559289.0,27559898.0,27560474.0,27561109.0,27561758.0,27562356.0,27562985.0,27563618.0,27564268.0,27564909.0,27565699.0,27566301.0,27566963.0,27567516.0,27568131.0,27568828.0,27569545.0,27570293.0,27570875.0,27571615.0,27572310.0,27573057.0,27573836.0,27574518.0,27575203.0,27575825.0,27576444.0,27577056.0,27577763.0,27578412.0,27579071.0,27579667.0,27580277.0,27580917.0,27581603.0,27582268.0,27582825.0,27583408.0,27584058.0,27584717
6AxPNWWJ3AQ,383412.0,383469.0,383526.0,383581.0,383634.0,383702.0,383774.0,383847.0,383908.0,383977.0,384018.0,384077.0,384126.0,384212.0,384260.0,384324.0,384371.0,384424.0,384485.0,384536.0,384584.0,384642.0,384693.0,384745.0,384814.0,384855.0,384938.0,385006.0,385076.0,385140.0,385212.0,385265.0,385327.0,385417.0,385479.0,385525.0,385588.0,385648.0,385693.0,385734.0,385785.0,385822.0,385868.0,385934.0,385994.0,386034.0,386085.0,386154.0,386207.0,386261.0,386317.0,386384.0,386444.0,386492.0,386554.0,386594.0,386641.0,386704.0,386755.0,386815.0,386864.0,386904.0,386952.0,387008.0,387064.0,387114.0,387162.0,387250.0,387298.0,387374.0,387431.0,387471.0,387511.0,387573.0,387619.0,387686.0,387760.0,387813.0,387872.0,387916.0,387968.0,388041.0,388101.0,388152.0,388214.0,388265.0,388313.0,388379.0,388427.0,388477.0,388524.0,388580.0,388639.0,388691.0,388720.0,388766.0,388816.0,388873.0,388933.0,388979.0,389023.0,389077.0,389157.0,389232.0,389300.0,389362.0,389411.0,389474.0,389516.0,389581.0,389641.0,389692.0,389737.0,389818.0,389865.0,389903.0,389964.0,390017.0,390066.0,390133.0,390177.0,390228.0,390280.0,390327.0,390384.0,390439.0,390481.0,390523.0,390575.0,390630.0,390678.0,390712.0,390768.0,390820.0,,,,,,,,,391291.0,391333.0,391381.0,391436.0,391496.0,391563.0,391644.0,391737.0,391826.0,391922.0,392041.0,392123.0,392233.0,392311.0,392416.0,392509.0,392585.0,392648.0,392715.0,392760.0,392792.0,392850.0,392891.0,392955.0,393002.0,393039.0,393079.0,393123.0,393174.0,393212.0,393242.0,393282.0,393321.0,393367.0,393427.0,393479.0,393510.0,393544.0,393588.0,393628.0,393671.0,393702.0,393743.0,393783.0,393825.0,393856.0,393904.0,393950.0,393983.0,394025.0,394064.0,394115.0,394139.0,394178.0,394213.0,394241.0,394292.0,394315.0,394357.0,394393.0,394430.0,394466.0,394499.0,394528.0,394551.0,394578.0,394604.0,394633.0,394675.0,394705.0,394735.0,394769
ryZtT2Jb_SY,30430.0,30432.0,30436.0,30440.0,30444.0,30450.0,30456.0,30462.0,30467.0,30474.0,30489.0,30493.0,30493.0,30499.0,30504.0,30505.0,30510.0,30513.0,30518.0,30524.0,30527.0,30529.0,30529.0,30529.0,30531.0,30534.0,30540.0,30546.0,30547.0,30549.0,30550.0,30552.0,30555.0,30562.0,30571.0,30576.0,30588.0,30590.0,30593.0,30598.0,30604.0,30608.0,30612.0,30613.0,30617.0,30625.0,30628.0,30633.0,30635.0,30645.0,30651.0,30656.0,30665.0,30672.0,30678.0,30682.0,30690.0,30696.0,30701.0,30704.0,30709.0,30710.0,30712.0,30722.0,30730.0,30734.0,30738.0,30743.0,30759.0,30765.0,30773.0,30776.0,30777.0,30784.0,30786.0,30794.0,30798.0,30802.0,30808.0,30813.0,30816.0,30822.0,30827.0,30832.0,30837.0,30841.0,30848.0,30851.0,30855.0,30860.0,30860.0,30862.0,30869.0,30875.0,30879.0,30883.0,30887.0,30895.0,30900.0,30906.0,30907.0,30911.0,30914.0,30919.0,30923.0,30925.0,30927.0,30928.0,30933.0,30939.0,30948.0,30953.0,30953.0,30957.0,30962.0,30969.0,30970.0,30972.0,30974.0,30977.0,30980.0,30981.0,30984.0,30988.0,30990.0,30997.0,31003.0,31006.0,31010.0,31012.0,31014.0,31018.0,31021.0,31023.0,,,,,,,,,31048.0,31052.0,31054.0,31055.0,31061.0,31062.0,31066.0,31074.0,31082.0,31086.0,31089.0,31094.0,31097.0,31100.0,31106.0,31108.0,31110.0,31113.0,31118.0,31121.0,31124.0,31128.0,31132.0,31136.0,31139.0,31144.0,31152.0,31157.0,31160.0,31165.0,31169.0,31181.0,31184.0,31191.0,31195.0,31198.0,31204.0,31217.0,31221.0,31227.0,31234.0,31238.0,31240.0,31240.0,31243.0,31247.0,31250.0,31253.0,31258.0,31261.0,31269.0,31275.0,31277.0,31280.0,31281.0,31284.0,31289.0,31291.0,31297.0,31303.0,31305.0,31305.0,31310.0,31317.0,31323.0,31326.0,31328.0,31336.0,31338.0,31345.0,31355.0,31359
gkJngWuPPQg,12642215.0,12642748.0,12643318.0,12643912.0,12644525.0,12645187.0,12645738.0,12646297.0,12646981.0,12647587.0,12648218.0,12648888.0,12649641.0,12650423.0,12651176.0,12651957.0,12652744.0,12653318.0,12653902.0,12654474.0,12655117.0,12655673.0,12656364.0,12656992.0,12657552.0,12658125.0,12658874.0,12659416.0,12660048.0,12660631.0,12661094.0,12661688.0,12662233.0,12662734.0,12663210.0,12663741.0,12664337.0,12664907.0,12665444.0,12665967.0,12666498.0,12667031.0,12667537.0,12668070.0,12668712.0,12669294.0,12669823.0,12670331.0,12670808.0,12671284.0,12671726.0,12672179.0,12672612.0,12672967.0,12673430.0,12673871.0,12674334.0,12674791.0,12675280.0,12675779.0,12676214.0,12676742.0,12677195.0,12677654.0,12678081.0,12678556.0,12678961.0,12679446.0,12679779.0,12680249.0,12680717.0,12681155.0,12681585.0,12681976.0,12682281.0,12682652.0,12683047.0,12683384.0,12683786.0,12684218.0,12684607.0,12684927.0,12685331.0,12685813.0,12686281.0,12686704.0,12687183.0,12687655.0,12688102.0,12688478.0,12688842.0,12689315.0,12689770.0,12690321.0,12690830.0,12691351.0,12691837.0,12692327.0,12692740.0,12693164.0,12693607.0,12694111.0,12694612.0,12694979.0,12695394.0,12695816.0,12696242.0,12696662.0,12697084.0,12697448.0,12697850.0,12698263.0,12698666.0,12699046.0,12699474.0,12699889.0,12700288.0,12700686.0,12701075.0,12701417.0,12701828.0,12702234.0,12702772.0,12703169.0,12703620.0,12704023.0,12704465.0,12705021.0,12705470.0,12705990.0,12706437.0,12706826.0,12707248.0,12707639.0,,,,,,,,,12711274.0,12711706.0,12712280.0,12712937.0,12713500.0,12713981.0,12714338.0,12714652.0,12715094.0,12715406.0,12715753.0,12716077.0,12716377.0,12716763.0,12717122.0,12717474.0,12717850.0,12718255.0,12718626.0,12718964.0,12719375.0,12719773.0,12720132.0,12720499.0,12720868.0,12721220.0,12721575.0,12721936.0,12722310.0,12722696.0,12723069.0,12723527.0,12723900.0,12724260.0,12724668.0,12725068.0,12725482.0,12725853.0,12726211.0,12726603.0,12726938.0,12727299.0,12727717.0,12728095.0,12728429.0,12728799.0,12729138.0,12729531.0,12729903.0,12730344.0,12730723.0,12731068.0,12731409.0,12731764.0,12732168.0,12732510.0,12732903.0,12733309.0,12733660.0,12734022.0,12734380.0,12734727.0,12735030.0,12735367.0,12735738.0,12736130.0,12736539.0,12736905.0,12737248.0,12737557.0,12737912.0,12738290
r33CmisuENg,7151135.0,7151677.0,7152193.0,7152725.0,7153251.0,7153851.0,7154351.0,7154849.0,7155403.0,7155938.0,7156420.0,7156960.0,7157409.0,7157935.0,7158583.0,7159123.0,7159655.0,7160192.0,7160660.0,7161120.0,7161533.0,7162079.0,7162579.0,7163060.0,7163526.0,7163973.0,7164496.0,7164969.0,7165479.0,7165977.0,7166427.0,7167001.0,7167537.0,7168041.0,7168508.0,7169025.0,7169691.0,7170241.0,7170810.0,7171312.0,7171761.0,7172211.0,7172692.0,7173181.0,7173650.0,7174084.0,7174575.0,7174995.0,7175458.0,7175873.0,7176319.0,7176726.0,7177086.0,7177488.0,7177838.0,7178243.0,7178639.0,7179049.0,7179466.0,7179940.0,7180362.0,7180799.0,7181208.0,7181580.0,7182016.0,7182488.0,7182918.0,7183329.0,7183683.0,7184155.0,7184598.0,7185023.0,7185451.0,7185917.0,7186272.0,7186645.0,7187011.0,7187381.0,7187958.0,7188458.0,7188853.0,7189239.0,7189668.0,7190175.0,7190632.0,7191033.0,7191529.0,7191964.0,7192328.0,7192725.0,7193140.0,7193579.0,7194125.0,7194648.0,7195137.0,7195573.0,7196092.0,7196549.0,7196985.0,7197367.0,7197742.0,7198203.0,7198623.0,7198971.0,7199334.0,7199743.0,7200153.0,7200581.0,7201004.0,7201348.0,7201658.0,7202033.0,7202399.0,7202821.0,7203246.0,7203729.0,7204122.0,7204540.0,7204966.0,7205386.0,7205835.0,7206263.0,7206683.0,7207105.0,7207613.0,7208000.0,7208490.0,7209001.0,7209443.0,7209883.0,7210281.0,7210660.0,7211042.0,7211397.0,,,,,,,,,7214927.0,7215341.0,7215757.0,7216162.0,7216666.0,7217041.0,7217412.0,7217720.0,7218044.0,7218400.0,7218751.0,7219073.0,7219473.0,7219878.0,7220259.0,7220676.0,7221086.0,7221509.0,7221821.0,7222205.0,7222670.0,7223090.0,7223523.0,7223832.0,7224149.0,7224544.0,7224877.0,7225199.0,7225522.0,7225839.0,7226203.0,7226532.0,7226878.0,7227225.0,7227597.0,7227991.0,7228451.0,7228818.0,7229211.0,7229600.0,7229991.0,7230371.0,7230805.0,7231223.0,7231596.0,7231976.0,7232380.0,7232795.0,7233180.0,7233579.0,7234023.0,7234437.0,7234783.0,7235181.0,7235590.0,7235962.0,7236357.0,7236737.0,7237063.0,7237455.0,7237821.0,7238119.0,7238465.0,7238862.0,7239267.0,7239683.0,7240101.0,7240506.0,7240845.0,7241172.0,7241498.0,7241947
lUL7bX_Fa1c,3283845.0,3284812.0,3285923.0,3287068.0,3288246.0,3289415.0,3290497.0,3291714.0,3292904.0,3293970.0,3295218.0,3296376.0,3297492.0,3298527.0,3299577.0,3300604.0,3301661.0,3302510.0,3303482.0,3304401.0,3305352.0,3306354.0,3307225.0,3308139.0,3308959.0,3309750.0,3310548.0,3311301.0,3312211.0,3312987.0,3313868.0,3314634.0,3315365.0,3316156.0,3317003.0,3317892.0,3318572.0,3319460.0,3320163.0,3320880.0,3321613.0,3322401.0,3323216.0,3324105.0,3324929.0,3325852.0,3326727.0,3327794.0,3328638.0,3329593.0,3330457.0,3331345.0,3332203.0,3333074.0,3333905.0,3334813.0,3335656.0,3336473.0,3337324.0,3338063.0,3338970.0,3339814.0,3340691.0,3341546.0,3342357.0,3343263.0,3344044.0,3344885.0,3345564.0,3346503.0,3347305.0,3348009.0,3348892.0,3349664.0,3350441.0,3351243.0,3352012.0,3352794.0,3353584.0,3354322.0,3355002.0,3355759.0,3356461.0,3357222.0,3357985.0,3358737.0,3359491.0,3360180.0,3360933.0,3361595.0,3362267.0,3363141.0,3363889.0,3364725.0,3365444.0,3366109.0,3366959.0,3367662.0,3368433.0,3369186.0,3370045.0,3370931.0,3371711.0,3372495.0,3373331.0,3374168.0,3374982.0,3375835.0,3376609.0,3377394.0,3378186.0,3378945.0,3379749.0,3380555.0,3381279.0,3382160.0,3382896.0,3383671.0,3384414.0,3385174.0,3385945.0,3386713.0,3387374.0,3388099.0,3388848.0,3389463.0,3390261.0,3391020.0,3391753.0,3392414.0,3393174.0,3393856.0,3394600.0,3395316.0,,,,,,,,,3402605.0,3403642.0,3404508.0,3405391.0,3406296.0,3407126.0,3407953.0,3408761.0,3409616.0,3410529.0,3412562.0,3413608.0,3414558.0,3415360.0,3416128.0,3416850.0,3417696.0,3418474.0,3419271.0,3420054.0,3420783.0,3421531.0,3422284.0,3422994.0,3423863.0,3424836.0,3425724.0,3426570.0,3427450.0,3428284.0,3429060.0,3429753.0,3430480.0,3431185.0,3431962.0,3432677.0,3433393.0,3434087.0,3434767.0,3435509.0,3436252.0,3437029.0,3437802.0,3438571.0,3439283.0,3440115.0,3440854.0,3441591.0,3442348.0,3443094.0,3443799.0,3444519.0,3445219.0,3446033.0,3446805.0,3447569.0,3448318.0,3449024.0,3449699.0,3450565.0,3451323.0,3451992.0,3452658.0,3453491.0,3454191.0,3454978.0,3455829.0,3456600.0,3457281.0,3458055.0,3458819.0,3459586
rT-cOsDpqZ4,6221802.0,6223170.0,6224778.0,6226455.0,6228304.0,6230645.0,6232339.0,6234054.0,6235779.0,6237464.0,6239125.0,6240777.0,6242381.0,6243875.0,6245379.0,6246888.0,6248537.0,6250068.0,6251667.0,6253173.0,6254607.0,6256446.0,6257852.0,6259191.0,6260324.0,6261655.0,6262855.0,6264102.0,6265283.0,6266537.0,6267753.0,6268927.0,6270113.0,6271232.0,6272634.0,6274048.0,6275485.0,6276754.0,6277743.0,6278993.0,6280170.0,6281375.0,6282490.0,6283835.0,6285117.0,6286393.0,6287656.0,6289037.0,6290271.0,6291601.0,6292892.0,6294166.0,6295430.0,6296685.0,6298037.0,6299265.0,6300515.0,6301790.0,6302940.0,6304123.0,6305269.0,6306440.0,6307592.0,6308856.0,6309992.0,6311150.0,6312154.0,6313316.0,6314313.0,6315633.0,6316764.0,6317813.0,6318928.0,6319979.0,6321158.0,6322274.0,6323361.0,6324392.0,6325505.0,6326546.0,6327629.0,6328711.0,6329817.0,6330850.0,6332005.0,6333169.0,6334275.0,6335416.0,6336548.0,6337638.0,6338690.0,6339897.0,6341106.0,6342297.0,6343451.0,6344553.0,6345654.0,6346782.0,6347987.0,6349184.0,6350403.0,6351516.0,6352676.0,6353739.0,6354795.0,6356146.0,6357411.0,6358813.0,6360066.0,6361326.0,6362589.0,6363824.0,6365126.0,6366503.0,6367784.0,6369072.0,6370363.0,6371528.0,6372805.0,6374174.0,6375499.0,6376880.0,6378131.0,6379360.0,6380588.0,6381751.0,6383188.0,6384373.0,6385729.0,6387046.0,6388313.0,6389485.0,6390672.0,6391809.0,,,,,,,,,6402977.0,6404547.0,6406095.0,6407672.0,6409251.0,6410775.0,6412354.0,6413734.0,6415227.0,6416485.0,6417973.0,6419374.0,6420732.0,6422094.0,6423456.0,6424745.0,6426028.0,6427343.0,6428605.0,6429844.0,6430986.0,6432368.0,6433563.0,6434667.0,6435933.0,6437244.0,6438608.0,6439937.0,6441188.0,6442470.0,6443596.0,6444772.0,6446029.0,6447235.0,6448380.0,6449675.0,6450854.0,6452121.0,6453339.0,6454521.0,6455859.0,6457175.0,6458406.0,6459695.0,6460950.0,6462305.0,6463657.0,6464923.0,6466307.0,6467634.0,6468749.0,6469904.0,6471000.0,6472167.0,6473301.0,6474505.0,6475806.0,6476909.0,6478108.0,6479333.0,6480584.0,6481630.0,6482814.0,6484060.0,6485091.0,6486395.0,6487787.0,6488956.0,6490099.0,6491211.0,6492412.0,6493633
0SqwzA0FVTU,22798019.0,22798422.0,22798817.0,22799273.0,22799781.0,22800244.0,22800761.0,22801160.0,22801650.0,22802133.0,22802656.0,22803008.0,22803453.0,22803828.0,22804222.0,22804641.0,22805045.0,22805469.0,22805932.0,22806362.0,22806739.0,22807122.0,22807508.0,22807887.0,22808270.0,22808634.0,22809011.0,22809330.0,22809710.0,22810044.0,22810432.0,22810771.0,22811226.0,22811620.0,22812067.0,22812364.0,22812759.0,22813201.0,22813594.0,22813952.0,22814300.0,22814653.0,22815008.0,22815389.0,22815874.0,22816284.0,22816756.0,22817201.0,22817663.0,22818082.0,22818584.0,22819021.0,22819469.0,22819898.0,22820404.0,22820841.0,22821281.0,22821663.0,22822113.0,22822544.0,22822919.0,22823283.0,22823689.0,22824078.0,22824486.0,22824935.0,22825321.0,22825655.0,22826007.0,22826466.0,22826856.0,22827210.0,22827704.0,22828059.0,22828420.0,22828817.0,22829128.0,22829464.0,22829842.0,22830278.0,22830708.0,22831093.0,22831558.0,22831936.0,22832222.0,22832635.0,22833100.0,22833518.0,22833984.0,22834336.0,22834826.0,22835157.0,22835550.0,22836039.0,22836585.0,22836951.0,22837357.0,22837724.0,22838101.0,22838574.0,22839030.0,22839519.0,22839857.0,22840363.0,22840798.0,22841207.0,22841640.0,22842115.0,22842510.0,22843004.0,22843481.0,22843918.0,22844355.0,22844804.0,22845248.0,22845747.0,22846132.0,22846579.0,22846993.0,22847412.0,22847804.0,22848307.0,22848891.0,22849396.0,22849926.0,22850363.0,22850943.0,22851577.0,22852129.0,22852742.0,22853253.0,22853768.0,22854342.0,22854810.0,,,,,,,,,22859695.0,22860275.0,22860904.0,22861559.0,22862203.0,22862873.0,22863505.0,22864182.0,22865119.0,22865740.0,22866307.0,22866966.0,22867589.0,22868162.0,22868850.0,22869399.0,22870023.0,22870685.0,22871374.0,22871970.0,22872542.0,22873055.0,22873556.0,22873980.0,22874423.0,22874854.0,22875296.0,22875739.0,22876175.0,22876685.0,22877119.0,22877510.0,22877989.0,22878417.0,22878824.0,22879230.0,22879583.0,22880026.0,22880405.0,22880843.0,22881281.0,22881643.0,22882066.0,22882471.0,22882782.0,22883164.0,22883551.0,22883981.0,22884412.0,22884808.0,22885216.0,22885558.0,22885909.0,22886244.0,22886682.0,22887174.0,22887487.0,22887847.0,22888169.0,22888590.0,22888954.0,22889284.0,22889666.0,22890024.0,22890438.0,22890926.0,22891389.0,22891789.0,22892209.0,22892569.0,22892961.0,22893277
zOjzFB-cIcs,89250.0,89292.0,89338.0,89387.0,89436.0,89509.0,89556.0,89602.0,89674.0,89730.0,89779.0,89812.0,89850.0,89914.0,89985.0,90032.0,90076.0,90117.0,90168.0,90214.0,90257.0,90300.0,90343.0,90402.0,90446.0,90499.0,90551.0,90618.0,90679.0,90741.0,90791.0,90848.0,90914.0,90987.0,91043.0,91100.0,91151.0,91217.0,91287.0,91340.0,91397.0,91439.0,91484.0,91518.0,91561.0,91602.0,91638.0,91686.0,91739.0,91787.0,91833.0,91879.0,91961.0,92033.0,92102.0,92164.0,92235.0,92289.0,92342.0,92404.0,92489.0,92587.0,92660.0,92709.0,92789.0,92862.0,92941.0,93007.0,93073.0,93146.0,93225.0,93294.0,93349.0,93397.0,93456.0,93512.0,93570.0,93611.0,93648.0,93690.0,93721.0,93765.0,93804.0,93849.0,93884.0,93974.0,94007.0,94060.0,94110.0,94149.0,94193.0,94253.0,94302.0,94367.0,94432.0,94467.0,94521.0,94564.0,94614.0,94657.0,94699.0,94739.0,94778.0,94815.0,94857.0,94905.0,94958.0,95003.0,95056.0,95110.0,95156.0,95207.0,95252.0,95299.0,95341.0,95388.0,95428.0,95451.0,95508.0,95556.0,95598.0,95640.0,95682.0,95768.0,95827.0,95871.0,95915.0,95950.0,95996.0,96027.0,96082.0,96115.0,96151.0,96200.0,,,,,,,,,96603.0,96635.0,96680.0,96722.0,96753.0,96786.0,96820.0,96847.0,96902.0,96961.0,97021.0,97079.0,97111.0,97145.0,97170.0,97208.0,97245.0,97277.0,97319.0,97356.0,97385.0,97419.0,97436.0,97468.0,97500.0,97525.0,97563.0,97612.0,97654.0,97683.0,97725.0,97779.0,97816.0,97865.0,97933.0,97959.0,97988.0,98019.0,98049.0,98080.0,98122.0,98169.0,98199.0,98237.0,98282.0,98325.0,98356.0,98391.0,98424.0,98460.0,98489.0,98520.0,98551.0,98589.0,98634.0,98676.0,98704.0,98731.0,98763.0,98797.0,98827.0,98863.0,98892.0,98922.0,98949.0,98977.0,99011.0,99051.0,99097.0,99128.0,99166.0,99191
U4iuAVcDtmM,23801.0,23854.0,23909.0,23955.0,23996.0,24040.0,24096.0,24158.0,24190.0,24240.0,24268.0,24322.0,24369.0,24405.0,24444.0,24505.0,24552.0,24594.0,24656.0,24694.0,24742.0,24796.0,24854.0,24890.0,24913.0,24949.0,24989.0,25034.0,25075.0,25110.0,25138.0,25168.0,25193.0,25230.0,25259.0,25291.0,25327.0,25359.0,25376.0,25408.0,25448.0,25498.0,25545.0,25576.0,25626.0,25659.0,25701.0,25752.0,25792.0,25870.0,25920.0,25977.0,26030.0,26073.0,26142.0,26196.0,26245.0,26298.0,26363.0,26410.0,26475.0,26526.0,26587.0,26644.0,26682.0,26730.0,26784.0,26838.0,26882.0,26954.0,27012.0,27047.0,27085.0,27122.0,27182.0,27243.0,27319.0,27382.0,27456.0,27512.0,27569.0,27624.0,27687.0,27781.0,27871.0,27939.0,27984.0,28030.0,28093.0,28139.0,28166.0,28230.0,28279.0,28311.0,28335.0,28368.0,28417.0,28453.0,28519.0,28584.0,28622.0,28671.0,28739.0,28790.0,28833.0,28887.0,28953.0,29012.0,29049.0,29091.0,29152.0,29276.0,29417.0,29598.0,29688.0,29729.0,29774.0,29823.0,29858.0,29897.0,29946.0,29970.0,29997.0,30023.0,30055.0,30080.0,30108.0,30146.0,30179.0,30203.0,30238.0,30265.0,30303.0,30335.0,,,,,,,,,30675.0,30705.0,30729.0,30752.0,30783.0,30831.0,30864.0,30894.0,30940.0,30979.0,31042.0,31103.0,31145.0,31190.0,31231.0,31268.0,31311.0,31357.0,31392.0,31429.0,31451.0,31468.0,31494.0,31525.0,31553.0,31579.0,31615.0,31658.0,31686.0,31713.0,31740.0,31771.0,31792.0,31825.0,31856.0,31877.0,31899.0,31923.0,31958.0,31986.0,32016.0,32049.0,32067.0,32097.0,32126.0,32159.0,32196.0,32229.0,32262.0,32305.0,32328.0,32367.0,32402.0,32443.0,32475.0,32514.0,32539.0,32557.0,32590.0,32622.0,32652.0,32674.0,32706.0,32734.0,32757.0,32788.0,32828.0,32867.0,32893.0,32927.0,32953.0,32972
56R-ZPP7Us4,1782952.0,1783073.0,1783300.0,1783463.0,1783600.0,1783771.0,1783928.0,1784093.0,1784212.0,1784395.0,1784529.0,1784681.0,1784857.0,1784976.0,1785102.0,1785250.0,1785390.0,1785558.0,1785671.0,1785802.0,1785943.0,1786088.0,1786239.0,1786395.0,1786517.0,1786658.0,1786795.0,1786936.0,1787073.0,1787242.0,1787454.0,1787607.0,1787760.0,1787903.0,1788023.0,1788175.0,1788323.0,1788425.0,1788555.0,1788674.0,1788827.0,1788944.0,1789106.0,1789236.0,1789371.0,1789538.0,1789715.0,1789844.0,1789992.0,1790132.0,1790267.0,1790439.0,1790588.0,1790723.0,1790864.0,1791033.0,1791193.0,1791355.0,1791503.0,1791617.0,1791733.0,1791865.0,1792013.0,1792154.0,1792339.0,1792503.0,1792628.0,1792751.0,1792882.0,1793054.0,1793227.0,1793461.0,1793646.0,1793823.0,1793957.0,1794125.0,1794288.0,1794434.0,1794600.0,1794787.0,1794931.0,1795089.0,1795247.0,1795434.0,1795604.0,1795775.0,1795944.0,1796094.0,1796259.0,1796406.0,1796548.0,1796701.0,1796844.0,1796990.0,1797129.0,1797276.0,1797382.0,1797568.0,1797694.0,1797824.0,1797978.0,1798118.0,1798255.0,1798379.0,1798515.0,1798640.0,1798775.0,1798917.0,1799037.0,1799169.0,1799284.0,1799444.0,1799551.0,1799687.0,1799856.0,1799985.0,1800121.0,1800239.0,1800374.0,1800507.0,1800625.0,1800726.0,1800867.0,1800971.0,1801086.0,1801233.0,1801361.0,1801476.0,1801612.0,1801759.0,1801910.0,1802085.0,1802225.0,1802358.0,,,,,,,,,1803484.0,1803587.0,1803702.0,1803797.0,1803981.0,1804188.0,1804293.0,1804416.0,1804553.0,1804691.0,1804809.0,1804902.0,1805052.0,1805179.0,1805285.0,1805416.0,1805571.0,1805680.0,1805823.0,1805963.0,1806102.0,1806220.0,1806348.0,1806457.0,1806552.0,1806678.0,1806784.0,1806901.0,1807023.0,1807158.0,1807269.0,1807370.0,1807511.0,1807610.0,1807736.0,1807841.0,1807953.0,1808055.0,1808145.0,1808258.0,1808345.0,1808435.0,1808551.0,1808651.0,1808729.0,1808857.0,1808943.0,1809065.0,1809191.0,1809310.0,1809438.0,1809535.0,1809668.0,1809770.0,1809877.0,1809982.0,1810115.0,1810218.0,1810331.0,1810451.0,1810558.0,1810681.0,1810791.0,1810920.0,1811040.0,1811178.0,1811300.0,1811391.0,1811491.0,1811582.0,1811692.0,1811817
SPYX2y4NzTU,40432824.0,40433813.0,40435115.0,40436463.0,40437733.0,40438842.0,40439948.0,40441111.0,40442138.0,40443423.0,40444632.0,40445732.0,40446888.0,40448014.0,40449239.0,40450501.0,40451633.0,40452837.0,40453795.0,40454935.0,40456100.0,40457303.0,40458597.0,40459922.0,40461222.0,40462595.0,40463796.0,40465088.0,40466300.0,40467468.0,40468592.0,40469695.0,40470864.0,40472079.0,40473239.0,40474491.0,40475679.0,40476883.0,40478014.0,40479213.0,40480407.0,40481760.0,40482996.0,40484241.0,40485544.0,40486733.0,40487959.0,40489191.0,40490460.0,40491646.0,40492861.0,40494158.0,40495346.0,40496470.0,40497647.0,40498788.0,40499980.0,40501179.0,40502419.0,40503646.0,40504917.0,40506223.0,40507564.0,40508930.0,40510124.0,40511358.0,40512492.0,40513667.0,40514752.0,40516066.0,40517217.0,40518346.0,40519493.0,40520624.0,40521726.0,40522919.0,40524092.0,40525269.0,40526667.0,40528019.0,40529317.0,40530623.0,40531833.0,40533070.0,40534252.0,40535485.0,40536736.0,40537924.0,40539041.0,40540180.0,40541280.0,40542374.0,40543507.0,40544879.0,40546274.0,40547412.0,40548520.0,40549613.0,40550731.0,40551904.0,40553161.0,40554439.0,40555622.0,40556856.0,40558047.0,40559231.0,40560439.0,40561658.0,40562912.0,40564107.0,40565308.0,40566508.0,40567704.0,40569027.0,40570435.0,40571740.0,40573074.0,40574596.0,40576067.0,40577774.0,40579427.0,40580803.0,40582233.0,40583476.0,40584727.0,40586026.0,40587311.0,40588919.0,40590333.0,40591686.0,40593152.0,40594560.0,40595936.0,40597195.0,,,,,,,,,40607818.0,40608972.0,40610111.0,40611208.0,40612302.0,40613348.0,40614404.0,40615374.0,40616442.0,40617640.0,40618688.0,40619664.0,40620694.0,40621826.0,40622952.0,40624078.0,40625138.0,40626291.0,40627384.0,40628440.0,40629484.0,40630644.0,40631809.0,40632940.0,40634020.0,40635106.0,40636192.0,40637333.0,40638397.0,40639453.0,40640538.0,40641588.0,40642672.0,40643720.0,40644797.0,40645878.0,40647025.0,40648023.0,40649153.0,40650192.0,40651288.0,40652334.0,40653461.0,40654534.0,40655558.0,40656583.0,40657697.0,40658839.0,40659876.0,40661047.0,40662166.0,40663290.0,40664383.0,40665553.0,40666600.0,40667732.0,40668800.0,40670003.0,40671051.0,40672202.0,40673313.0,40674272.0,40675252.0,40676331.0,40677373.0,40678569.0,40679822.0,40681056.0,40682141.0,40683158.0,40684276.0,40685440
lLug6h74acE,779196.0,779262.0,779323.0,779407.0,779482.0,779546.0,779602.0,779661.0,779727.0,779812.0,779897.0,779956.0,780022.0,780087.0,780142.0,780213.0,780282.0,780348.0,780407.0,780465.0,780510.0,780558.0,780631.0,780712.0,780770.0,780840.0,780903.0,780954.0,781038.0,781109.0,781179.0,781258.0,781319.0,781384.0,781448.0,781523.0,781592.0,781661.0,781746.0,781822.0,781896.0,781982.0,782048.0,782120.0,782198.0,782285.0,782382.0,782466.0,782535.0,782607.0,782667.0,782753.0,782840.0,782914.0,782983.0,783070.0,783145.0,783223.0,783281.0,783353.0,783430.0,783492.0,783553.0,783628.0,783672.0,783738.0,783819.0,783877.0,783921.0,784005.0,784055.0,784137.0,784210.0,784288.0,784327.0,784392.0,784457.0,784523.0,784568.0,784635.0,784693.0,784746.0,784794.0,784859.0,784914.0,784967.0,785022.0,785068.0,785120.0,785169.0,785228.0,785289.0,785362.0,785443.0,785527.0,785599.0,785668.0,785729.0,785783.0,785849.0,785915.0,785986.0,786050.0,786108.0,786170.0,786240.0,786311.0,786380.0,786456.0,786521.0,786593.0,786661.0,786722.0,786785.0,786871.0,786921.0,786979.0,787038.0,787095.0,787156.0,787203.0,787273.0,787332.0,787396.0,787452.0,787509.0,787554.0,787599.0,787674.0,787734.0,787805.0,787862.0,787920.0,787966.0,,,,,,,,,788470.0,788530.0,788585.0,788638.0,788686.0,788738.0,788782.0,788850.0,788889.0,788932.0,788989.0,789027.0,789065.0,789106.0,789163.0,789224.0,789279.0,789320.0,789381.0,789434.0,789482.0,789531.0,789604.0,789667.0,789706.0,789741.0,789786.0,789828.0,789880.0,789925.0,789987.0,790025.0,790066.0,790107.0,790142.0,790186.0,790242.0,790283.0,790319.0,790356.0,790404.0,790442.0,790510.0,790551.0,790604.0,790634.0,790683.0,790733.0,790786.0,790834.0,790877.0,790937.0,790991.0,791036.0,791091.0,791139.0,791194.0,791241.0,791298.0,791348.0,791401.0,791447.0,791485.0,791539.0,791584.0,791635.0,791688.0,791751.0,791797.0,791853.0,791911.0,791976
_-JZICeho4c,12463.0,12468.0,12474.0,12477.0,12481.0,12486.0,12488.0,12489.0,12491.0,12493.0,12493.0,12497.0,12499.0,12504.0,12506.0,12508.0,12512.0,12515.0,12517.0,12526.0,12530.0,12538.0,12541.0,12546.0,12551.0,12551.0,12570.0,12580.0,12589.0,12593.0,12601.0,12604.0,12607.0,12609.0,12615.0,12619.0,12623.0,12625.0,12629.0,12634.0,12635.0,12640.0,12643.0,12645.0,12646.0,12654.0,12658.0,12658.0,12665.0,12673.0,12679.0,12688.0,12692.0,12699.0,12699.0,12701.0,12703.0,12706.0,12710.0,12714.0,12718.0,12719.0,12720.0,12727.0,12732.0,12739.0,12744.0,12746.0,12749.0,12754.0,12756.0,12761.0,12765.0,12770.0,12776.0,12782.0,12786.0,12788.0,12792.0,12797.0,12797.0,12804.0,12805.0,12807.0,12808.0,12810.0,12810.0,12812.0,12818.0,12821.0,12826.0,12833.0,12843.0,12846.0,12849.0,12854.0,12856.0,12858.0,12860.0,12863.0,12867.0,12870.0,12875.0,12884.0,12890.0,12891.0,12894.0,12896.0,12900.0,12902.0,12906.0,12909.0,12911.0,12914.0,12916.0,12916.0,12917.0,12921.0,12923.0,12928.0,12930.0,12938.0,12943.0,12947.0,12948.0,12950.0,12951.0,12954.0,12959.0,12961.0,12967.0,12977.0,12981.0,12982.0,,,,,,,,,12999.0,13000.0,13002.0,13004.0,13006.0,13008.0,13010.0,13015.0,13015.0,13022.0,13025.0,13027.0,13030.0,13033.0,13036.0,13039.0,13041.0,13042.0,13047.0,13048.0,13049.0,13052.0,13055.0,13056.0,13064.0,13065.0,13068.0,13068.0,13068.0,13068.0,13074.0,13075.0,13079.0,13080.0,13084.0,13086.0,13090.0,13092.0,13095.0,13096.0,13099.0,13101.0,13101.0,13105.0,13105.0,13107.0,13109.0,13110.0,13113.0,13115.0,13115.0,13121.0,13122.0,13127.0,13133.0,13133.0,13136.0,13137.0,13138.0,13138.0,13139.0,13141.0,13142.0,13143.0,13143.0,13144.0,13145.0,13149.0,13152.0,13155.0,13159.0,13161
xJwO3Nb0m0U,1502.0,1503.0,1504.0,1505.0,1513.0,1516.0,1521.0,1523.0,1527.0,1529.0,1531.0,1532.0,1534.0,1536.0,1538.0,1542.0,1545.0,1545.0,1547.0,1549.0,1550.0,1551.0,1551.0,1552.0,1553.0,1553.0,1554.0,1556.0,1556.0,1562.0,1563.0,1565.0,1568.0,1568.0,1567.0,1571.0,1575.0,1575.0,1576.0,1578.0,1579.0,1580.0,1581.0,1583.0,1584.0,1585.0,1587.0,1587.0,1590.0,1591.0,1591.0,1594.0,1594.0,1594.0,1594.0,1595.0,1596.0,1597.0,1599.0,1600.0,1601.0,1602.0,1602.0,1604.0,1604.0,1605.0,1607.0,1610.0,1610.0,1611.0,1611.0,1611.0,1612.0,1614.0,1616.0,1617.0,1620.0,1621.0,1621.0,1622.0,1623.0,1623.0,1623.0,1624.0,1626.0,1626.0,1626.0,1626.0,1626.0,1626.0,1628.0,1629.0,1630.0,1633.0,1633.0,1634.0,1635.0,1635.0,1637.0,1637.0,1637.0,1637.0,1638.0,1639.0,1641.0,1644.0,1644.0,1645.0,1645.0,1648.0,1649.0,1649.0,1651.0,1651.0,1653.0,1653.0,1655.0,1656.0,1656.0,1659.0,1659.0,1661.0,1666.0,1666.0,1666.0,1666.0,1666.0,1666.0,1667.0,1670.0,1670.0,1670.0,1670.0,1672.0,,,,,,,,,1681.0,1682.0,1683.0,1683.0,1685.0,1686.0,1687.0,1687.0,1690.0,1690.0,1690.0,1690.0,1690.0,1690.0,1690.0,1690.0,1691.0,1692.0,1693.0,1693.0,1694.0,1696.0,1696.0,1697.0,1700.0,1701.0,1701.0,1703.0,1703.0,1705.0,1706.0,1706.0,1706.0,1708.0,1708.0,1708.0,1708.0,1709.0,1709.0,1709.0,1711.0,1713.0,1713.0,1716.0,1716.0,1717.0,1717.0,1718.0,1720.0,1720.0,1720.0,1721.0,1721.0,1721.0,1723.0,1724.0,1725.0,1730.0,1731.0,1732.0,1734.0,1734.0,1734.0,1735.0,1738.0,1738.0,1738.0,1741.0,1742.0,1743.0,1744.0,1744
k1MDdPb_tPg,232666.0,232666.0,232666.0,232666.0,232666.0,232666.0,232666.0,232666.0,232666.0,232666.0,232666.0,232666.0,232666.0,232666.0,232666.0,232666.0,232666.0,232666.0,232666.0,232666.0,232666.0,232666.0,232666.0,232666.0,232666.0,232666.0,232666.0,232666.0,232666.0,232666.0,232666.0,232666.0,232666.0,232666.0,232666.0,232666.0,232666.0,232666.0,232666.0,232666.0,232666.0,232666.0,232666.0,232666.0,232666.0,232666.0,232666.0,232666.0,232666.0,232666.0,232666.0,232666.0,232666.0,232666.0,232666.0,232666.0,232666.0,232666.0,232666.0,232666.0,232666.0,232666.0,232666.0,232666.0,232666.0,232666.0,232666.0,232666.0,232666.0,232666.0,232666.0,232666.0,232666.0,232666.0,232666.0,232666.0,232666.0,232666.0,232666.0,232666.0,232666.0,232666.0,232666.0,232666.0,232666.0,232666.0,232666.0,232666.0,232666.0,232666.0,232666.0,232666.0,232666.0,232666.0,232666.0,232666.0,232666.0,232666.0,232666.0,232666.0,232666.0,232666.0,232666.0,232666.0,232666.0,232666.0,232666.0,232666.0,232666.0,232666.0,232666.0,232666.0,232666.0,232666.0,232666.0,232666.0,232666.0,232666.0,232666.0,232666.0,232666.0,232666.0,232666.0,232666.0,232666.0,232666.0,232666.0,232666.0,232666.0,232666.0,232666.0,232666.0,232666.0,232666.0,,,,,,,,,232666.0,232666.0,232666.0,232666.0,232666.0,232666.0,232666.0,232666.0,232666.0,232666.0,232666.0,232666.0,232666.0,232666.0,232666.0,232666.0,232666.0,232666.0,232666.0,232666.0,232666.0,232666.0,232666.0,232666.0,232666.0,232666.0,232666.0,232666.0,232666.0,232666.0,232666.0,232666.0,232666.0,232666.0,232666.0,232666.0,232666.0,232666.0,232666.0,232666.0,232666.0,232666.0,232666.0,232666.0,232666.0,232666.0,232666.0,232666.0,232666.0,232666.0,232666.0,232666.0,232666.0,232666.0,232666.0,232666.0,232666.0,232666.0,232666.0,232666.0,232666.0,232666.0,232666.0,232666.0,232666.0,232666.0,232666.0,232666.0,232666.0,232666.0,232666.0,232666
XnyHKORtlrU,36947.0,36950.0,36952.0,36960.0,36968.0,36973.0,36979.0,36986.0,36988.0,36992.0,37005.0,37016.0,37023.0,37027.0,37033.0,37035.0,37040.0,37050.0,37056.0,37059.0,37067.0,37070.0,37075.0,37085.0,37094.0,37097.0,37104.0,37112.0,37114.0,37118.0,37124.0,37130.0,37135.0,37140.0,37144.0,37145.0,37151.0,37160.0,37173.0,37178.0,37181.0,37194.0,37204.0,37212.0,37224.0,37228.0,37237.0,37241.0,37245.0,37245.0,37252.0,37252.0,37259.0,37263.0,37272.0,37275.0,37278.0,37286.0,37297.0,37302.0,37305.0,37312.0,37332.0,37344.0,37353.0,37360.0,37362.0,37369.0,37387.0,37403.0,37410.0,37429.0,37439.0,37450.0,37461.0,37475.0,37488.0,37501.0,37510.0,37516.0,37520.0,37522.0,37526.0,37527.0,37528.0,37532.0,37535.0,37544.0,37551.0,37566.0,37575.0,37585.0,37590.0,37603.0,37608.0,37610.0,37616.0,37621.0,37637.0,37640.0,37643.0,37648.0,37659.0,37666.0,37668.0,37677.0,37687.0,37696.0,37704.0,37725.0,37730.0,37732.0,37741.0,37746.0,37754.0,37762.0,37774.0,37778.0,37793.0,37799.0,37805.0,37813.0,37822.0,37831.0,37838.0,37844.0,37846.0,37873.0,37888.0,37894.0,37899.0,37903.0,37915.0,37914.0,,,,,,,,,37975.0,37985.0,37995.0,38000.0,38006.0,38010.0,38012.0,38016.0,38026.0,38029.0,38041.0,38048.0,38059.0,38066.0,38073.0,38079.0,38095.0,38103.0,38108.0,38116.0,38119.0,38119.0,38134.0,38145.0,38157.0,38169.0,38176.0,38182.0,38194.0,38207.0,38215.0,38230.0,38236.0,38239.0,38247.0,38251.0,38267.0,38275.0,38281.0,38287.0,38293.0,38298.0,38306.0,38314.0,38318.0,38323.0,38328.0,38333.0,38339.0,38352.0,38378.0,38389.0,38398.0,38405.0,38411.0,38423.0,38433.0,38441.0,38443.0,38451.0,38458.0,38463.0,38467.0,38475.0,38485.0,38490.0,38496.0,38502.0,38506.0,38516.0,38530.0,38544
_5G2j_OCQpw,138508.0,138514.0,138525.0,138528.0,138537.0,138538.0,138550.0,138558.0,138567.0,138573.0,138580.0,138586.0,138591.0,138598.0,138611.0,138616.0,138621.0,138624.0,138629.0,138634.0,138641.0,138651.0,138657.0,138662.0,138669.0,138682.0,138687.0,138696.0,138705.0,138712.0,138721.0,138724.0,138731.0,138740.0,138753.0,138761.0,138770.0,138775.0,138779.0,138787.0,138793.0,138799.0,138807.0,138812.0,138816.0,138824.0,138829.0,138838.0,138843.0,138846.0,138855.0,138861.0,138866.0,138869.0,138875.0,138882.0,138891.0,138894.0,138901.0,138905.0,138912.0,138918.0,138924.0,138929.0,138935.0,138938.0,138942.0,138948.0,138954.0,138962.0,138968.0,138977.0,138984.0,138990.0,138998.0,139000.0,139009.0,139020.0,139024.0,139038.0,139060.0,139072.0,139084.0,139106.0,139126.0,139138.0,139149.0,139175.0,139191.0,139205.0,139221.0,139222.0,139234.0,139251.0,139263.0,139273.0,139290.0,139300.0,139315.0,139324.0,139335.0,139340.0,139350.0,139361.0,139372.0,139384.0,139391.0,139409.0,139425.0,139444.0,139455.0,139462.0,139467.0,139475.0,139483.0,139488.0,139494.0,139504.0,139516.0,139530.0,139536.0,139542.0,139548.0,139560.0,139573.0,139580.0,139586.0,139594.0,139600.0,139605.0,139618.0,139628.0,139643.0,139659.0,,,,,,,,,139769.0,139780.0,139788.0,139797.0,139803.0,139809.0,139817.0,139824.0,139834.0,139843.0,139849.0,139860.0,139868.0,139881.0,139887.0,139897.0,139902.0,139912.0,139928.0,139948.0,139961.0,139972.0,139988.0,139992.0,139999.0,140012.0,140024.0,140029.0,140033.0,140040.0,140050.0,140061.0,140075.0,140085.0,140090.0,140092.0,140098.0,140104.0,140105.0,140108.0,140113.0,140116.0,140118.0,140126.0,140130.0,140134.0,140139.0,140141.0,140146.0,140149.0,140155.0,140157.0,140162.0,140165.0,140168.0,140170.0,140172.0,140181.0,140184.0,140189.0,140194.0,140197.0,140206.0,140213.0,140215.0,140215.0,140219.0,140226.0,140231.0,140233.0,140238.0,140242
1s0KJQ1yDD8,80826.0,80845.0,80866.0,80880.0,80898.0,80911.0,80931.0,80948.0,80963.0,80976.0,80986.0,81001.0,81010.0,81020.0,81030.0,81040.0,81058.0,81070.0,81085.0,81099.0,81116.0,81126.0,81135.0,81144.0,81158.0,81170.0,81180.0,81195.0,81207.0,81223.0,81224.0,81233.0,81245.0,81257.0,81267.0,81275.0,81293.0,81307.0,81318.0,81333.0,81342.0,81353.0,81365.0,81375.0,81385.0,81395.0,81407.0,81423.0,81439.0,81444.0,81452.0,81464.0,81469.0,81479.0,81485.0,81496.0,81504.0,81516.0,81527.0,81537.0,81546.0,81556.0,81562.0,81572.0,81582.0,81588.0,81599.0,81604.0,81614.0,81623.0,81629.0,81644.0,81653.0,81658.0,81682.0,81692.0,81699.0,81689.0,81698.0,81714.0,81728.0,81742.0,81757.0,81768.0,81784.0,81793.0,81798.0,81808.0,81816.0,81824.0,81830.0,81841.0,81848.0,81858.0,81861.0,81870.0,81879.0,81888.0,81903.0,81915.0,81921.0,81934.0,81952.0,81959.0,81969.0,81975.0,81978.0,81994.0,82000.0,82010.0,82019.0,82025.0,82041.0,82050.0,82066.0,82075.0,82081.0,82084.0,82096.0,82101.0,82110.0,82113.0,82119.0,82127.0,82132.0,82138.0,82141.0,82147.0,82152.0,82163.0,82171.0,82179.0,82185.0,82192.0,,,,,,,,,82278.0,82289.0,82296.0,82300.0,82307.0,82316.0,82323.0,82325.0,82333.0,82335.0,82344.0,82351.0,82360.0,82368.0,82373.0,82379.0,82386.0,82397.0,82404.0,82409.0,82415.0,82418.0,82421.0,82424.0,82434.0,82448.0,82453.0,82458.0,82461.0,82466.0,82470.0,82472.0,82475.0,82479.0,82481.0,82485.0,82493.0,82498.0,82502.0,82506.0,82510.0,82516.0,82520.0,82528.0,82534.0,82547.0,82553.0,82564.0,82569.0,82580.0,82584.0,82590.0,82600.0,82608.0,82613.0,82618.0,82623.0,82629.0,82638.0,82647.0,82657.0,82666.0,82675.0,82685.0,82689.0,82695.0,82702.0,82709.0,82717.0,82726.0,82728.0,82731
UET4MpXKJ00,54682.0,54690.0,54694.0,54699.0,54705.0,54715.0,54721.0,54732.0,54738.0,54752.0,54761.0,54768.0,54770.0,54777.0,54779.0,54786.0,54787.0,54800.0,54809.0,54813.0,54819.0,54827.0,54830.0,54840.0,54849.0,54856.0,54862.0,54871.0,54877.0,54888.0,54892.0,54898.0,54900.0,54903.0,54908.0,54915.0,54921.0,54929.0,54943.0,54956.0,54963.0,54970.0,54974.0,54981.0,54987.0,54996.0,54998.0,55008.0,55012.0,55019.0,55036.0,55049.0,55054.0,55062.0,55081.0,55086.0,55092.0,55095.0,55101.0,55116.0,55122.0,55131.0,55140.0,55165.0,55171.0,55176.0,55182.0,55186.0,55192.0,55206.0,55216.0,55228.0,55232.0,55238.0,55242.0,55251.0,55261.0,55267.0,55271.0,55272.0,55275.0,55278.0,55287.0,55290.0,55296.0,55299.0,55304.0,55313.0,55315.0,55323.0,55334.0,55344.0,55352.0,55356.0,55360.0,55364.0,55368.0,55377.0,55383.0,55389.0,55397.0,55400.0,55412.0,55415.0,55419.0,55421.0,55427.0,55429.0,55434.0,55435.0,55440.0,55443.0,55445.0,55448.0,55451.0,55454.0,55457.0,55458.0,55465.0,55466.0,55467.0,55468.0,55469.0,55473.0,55478.0,55478.0,55479.0,55485.0,55489.0,55494.0,55498.0,55500.0,55501.0,55504.0,,,,,,,,,55539.0,55541.0,55546.0,55548.0,55549.0,55552.0,55554.0,55554.0,55556.0,55559.0,55560.0,55562.0,55562.0,55566.0,55571.0,55572.0,55574.0,55576.0,55578.0,55580.0,55581.0,55583.0,55585.0,55586.0,55586.0,55589.0,55592.0,55595.0,55597.0,55604.0,55609.0,55614.0,55616.0,55619.0,55624.0,55628.0,55631.0,55637.0,55644.0,55648.0,55654.0,55656.0,55661.0,55662.0,55666.0,55669.0,55673.0,55678.0,55683.0,55686.0,55688.0,55693.0,55696.0,55700.0,55702.0,55708.0,55710.0,55710.0,55712.0,55713.0,55715.0,55717.0,55721.0,55722.0,55726.0,55726.0,55728.0,55730.0,55730.0,55731.0,55733.0,55735
7JFMXQJ3xso,245837.0,246003.0,246132.0,246304.0,246440.0,246599.0,246809.0,246953.0,247120.0,247300.0,247461.0,247606.0,247737.0,247878.0,248045.0,248194.0,248377.0,248490.0,248619.0,248758.0,248876.0,249008.0,249147.0,249292.0,249387.0,249501.0,249646.0,249776.0,249928.0,250073.0,250188.0,250294.0,250437.0,250560.0,250707.0,250826.0,250930.0,251038.0,251133.0,251266.0,251382.0,251525.0,251669.0,251831.0,251971.0,252102.0,252248.0,252376.0,252504.0,252667.0,252788.0,252899.0,253015.0,253125.0,253251.0,253365.0,253511.0,253603.0,253728.0,253840.0,253983.0,254138.0,254278.0,254394.0,254515.0,254673.0,254843.0,254999.0,255188.0,255437.0,255663.0,255860.0,256064.0,256232.0,256445.0,256669.0,256831.0,256997.0,257193.0,257354.0,257571.0,257787.0,258050.0,258303.0,258533.0,258816.0,259065.0,259304.0,259547.0,259756.0,259981.0,260222.0,260417.0,260623.0,260795.0,261058.0,261297.0,261539.0,261791.0,261989.0,262185.0,262378.0,262576.0,262754.0,263014.0,263226.0,263480.0,263722.0,263970.0,264238.0,264500.0,264742.0,265057.0,265307.0,265550.0,265730.0,265966.0,266242.0,266468.0,266700.0,266872.0,267042.0,267209.0,267405.0,267563.0,267779.0,268010.0,268212.0,268491.0,268687.0,268966.0,269242.0,269501.0,269748.0,,,,,,,,,272061.0,272338.0,272585.0,272868.0,273186.0,273496.0,273736.0,273957.0,274210.0,274534.0,274819.0,275122.0,275445.0,275740.0,275995.0,276238.0,276571.0,276826.0,277146.0,277402.0,277654.0,277916.0,278138.0,278392.0,278617.0,278843.0,279128.0,279398.0,279614.0,279802.0,280114.0,280354.0,280619.0,280898.0,281183.0,281341.0,281511.0,281723.0,281981.0,282123.0,282362.0,282605.0,282796.0,282946.0,283152.0,283408.0,283648.0,283886.0,284122.0,284306.0,284466.0,284711.0,284915.0,285127.0,285328.0,285522.0,285701.0,285846.0,286027.0,286234.0,286416.0,286588.0,286759.0,286954.0,287150.0,287331.0,287543.0,287736.0,287923.0,288103.0,288276.0,288489
Kgp7rqzGe4w,2262748.0,2262748.0,2262748.0,2262748.0,2262748.0,2262748.0,2262748.0,2262748.0,2262748.0,2262748.0,2262748.0,2262748.0,2262748.0,2262748.0,2262748.0,2262748.0,2262748.0,2262748.0,2262748.0,2262748.0,2262748.0,2262748.0,2262748.0,2262748.0,2262748.0,2262748.0,2262748.0,2262748.0,2262748.0,2262748.0,2262748.0,2262748.0,2262748.0,2262748.0,2262748.0,2262748.0,2262748.0,2262748.0,2262748.0,2262748.0,2262748.0,2262748.0,2262748.0,2262748.0,2262748.0,2262748.0,2262748.0,2262748.0,2262748.0,2262748.0,2262748.0,2262748.0,2262748.0,2262748.0,2262748.0,2262748.0,2262748.0,2262748.0,2262748.0,2262748.0,2262748.0,2262748.0,2262748.0,2262748.0,2262748.0,2262748.0,2262748.0,2262748.0,2262748.0,2262748.0,2262748.0,2262748.0,2262748.0,2262748.0,2262748.0,2262748.0,2262748.0,2262748.0,2262748.0,2262748.0,2262748.0,2262748.0,2262748.0,2262748.0,2262748.0,2262748.0,2262748.0,2262748.0,2262748.0,2262748.0,2262748.0,2262748.0,2262748.0,2262748.0,2262748.0,2262748.0,2262748.0,2262748.0,2262748.0,2262748.0,2262748.0,2262748.0,2262748.0,2262748.0,2262748.0,2262748.0,2262748.0,2262748.0,2262748.0,2262748.0,2262748.0,2262748.0,2262748.0,2262748.0,2262748.0,2262748.0,2262748.0,2262748.0,2262748.0,2262748.0,2262748.0,2262748.0,2262748.0,2262748.0,2262748.0,2262748.0,2262748.0,2262748.0,2262748.0,2262748.0,2262748.0,2262748.0,2262748.0,2262748.0,,,,,,,,,2262748.0,2262748.0,2262748.0,2262748.0,2262748.0,2262748.0,2262748.0,2262748.0,2262748.0,2262748.0,2262748.0,2262748.0,2262748.0,2262748.0,2262748.0,2262748.0,2262748.0,2262748.0,2262748.0,2262748.0,2262748.0,2262748.0,2262748.0,2262748.0,2262748.0,2262748.0,2262748.0,2262748.0,2262748.0,2262748.0,2262748.0,2262748.0,2262748.0,2262748.0,2262748.0,2262748.0,2262748.0,2262748.0,2262748.0,2262748.0,2262748.0,2262748.0,2262748.0,2262748.0,2262748.0,2262748.0,2262748.0,2262748.0,2262748.0,2262748.0,2262748.0,2262748.0,2262748.0,2262748.0,2262748.0,2262748.0,2262748.0,2262748.0,2262748.0,2262748.0,2262748.0,2262748.0,2262748.0,2262748.0,2262748.0,2262748.0,2262748.0,2262748.0,2262748.0,2262748.0,2262748.0,2262748
pSSqpMAlHn8,487770.0,488069.0,488375.0,488642.0,489052.0,489400.0,489735.0,490144.0,490471.0,490852.0,491137.0,491458.0,491783.0,492090.0,492329.0,492578.0,492813.0,492988.0,493235.0,493491.0,493763.0,493986.0,494147.0,494313.0,494473.0,494658.0,494834.0,494989.0,495146.0,495351.0,495530.0,495648.0,495836.0,496008.0,496192.0,496414.0,496633.0,496750.0,496900.0,497046.0,497236.0,497418.0,497615.0,497765.0,497889.0,498033.0,498183.0,498352.0,498542.0,498719.0,498872.0,499049.0,499185.0,499354.0,499550.0,499734.0,499903.0,500055.0,500201.0,500328.0,500484.0,500672.0,500832.0,501010.0,501192.0,501356.0,501510.0,501715.0,501893.0,502088.0,502293.0,502529.0,502706.0,502892.0,503086.0,503256.0,503491.0,503673.0,503873.0,504028.0,504216.0,504467.0,504715.0,504971.0,505239.0,505492.0,505695.0,505855.0,506069.0,506295.0,506500.0,506758.0,506995.0,507200.0,507408.0,507623.0,507850.0,508054.0,508302.0,508513.0,508679.0,508862.0,509140.0,509394.0,509623.0,509844.0,510093.0,510316.0,510519.0,510769.0,510969.0,511173.0,511392.0,511595.0,511792.0,511970.0,512168.0,512343.0,512549.0,512721.0,512875.0,513014.0,513188.0,513342.0,513468.0,513620.0,513779.0,513940.0,514112.0,514252.0,514420.0,514614.0,514816.0,515039.0,,,,,,,,,517070.0,517249.0,517433.0,517689.0,517936.0,518138.0,518349.0,518496.0,518673.0,518883.0,519116.0,519314.0,519512.0,519760.0,520025.0,520243.0,520492.0,520732.0,520916.0,521116.0,521325.0,521512.0,521678.0,521855.0,522035.0,522230.0,522413.0,522614.0,522798.0,522949.0,523129.0,523341.0,523511.0,523712.0,523925.0,524097.0,524247.0,524451.0,524648.0,524791.0,524955.0,525115.0,525254.0,525400.0,525561.0,525729.0,525910.0,526091.0,526272.0,526416.0,526540.0,526696.0,526835.0,526988.0,527131.0,527310.0,527429.0,527548.0,527687.0,527807.0,527972.0,528072.0,528195.0,528303.0,528420.0,528559.0,528728.0,528889.0,529071.0,529251.0,529408.0,529552
Rg42mGBDzzQ,2358196.0,2359255.0,2360347.0,2361631.0,2362613.0,2363739.0,2365026.0,2366388.0,2367654.0,2368778.0,2369868.0,2371081.0,2372474.0,2373543.0,2374779.0,2375931.0,2376939.0,2377794.0,2378624.0,2379402.0,2380094.0,2380884.0,2381799.0,2382736.0,2383587.0,2384412.0,2385443.0,2386484.0,2387474.0,2388236.0,2389084.0,2390012.0,2390875.0,2391754.0,2392572.0,2393443.0,2394124.0,2394934.0,2395673.0,2396515.0,2397389.0,2398243.0,2399179.0,2399997.0,2400628.0,2401300.0,2402004.0,2402806.0,2403518.0,2404298.0,2404897.0,2405616.0,2406206.0,2406767.0,2407411.0,2408047.0,2408822.0,2409555.0,2410370.0,2411059.0,2411787.0,2412517.0,2413121.0,2413939.0,2414819.0,2415681.0,2416442.0,2417056.0,2417711.0,2418567.0,2419369.0,2420112.0,2420833.0,2421523.0,2422079.0,2422589.0,2423161.0,2423714.0,2424488.0,2425059.0,2425608.0,2426456.0,2427078.0,2427813.0,2428756.0,2429697.0,2430510.0,2431423.0,2432421.0,2433555.0,2434393.0,2435123.0,2435903.0,2436884.0,2437646.0,2438386.0,2439283.0,2440118.0,2441106.0,2441996.0,2442602.0,2443514.0,2444376.0,2445319.0,2446349.0,2447545.0,2448446.0,2449312.0,2450031.0,2451033.0,2451992.0,2452892.0,2453831.0,2454913.0,2456033.0,2457022.0,2457964.0,2459135.0,2460087.0,2460806.0,2461619.0,2462390.0,2462907.0,2463374.0,2463939.0,2464471.0,2464986.0,2465541.0,2466000.0,2466493.0,2466915.0,2467337.0,2467754.0,2468201.0,,,,,,,,,2473350.0,2473770.0,2474304.0,2474686.0,2475181.0,2475590.0,2475939.0,2476355.0,2476644.0,2476918.0,2477244.0,2477559.0,2477907.0,2478300.0,2478683.0,2479027.0,2479475.0,2480010.0,2480451.0,2480881.0,2481340.0,2481747.0,2482243.0,2482626.0,2483057.0,2483462.0,2483867.0,2484285.0,2484695.0,2485043.0,2485476.0,2485940.0,2486367.0,2486631.0,2486984.0,2487308.0,2487651.0,2488021.0,2488345.0,2488617.0,2488946.0,2489276.0,2489547.0,2489836.0,2490147.0,2490461.0,2490811.0,2491173.0,2491536.0,2491808.0,2492167.0,2492536.0,2492892.0,2493236.0,2493588.0,2493971.0,2494274.0,2494506.0,2494740.0,2495009.0,2495311.0,2495551.0,2495823.0,2496076.0,2496356.0,2496594.0,2496855.0,2497170.0,2497510.0,2497749.0,2498057.0,2498342
7Gn9s323heQ,145527.0,145545.0,145564.0,145593.0,145616.0,145634.0,145654.0,145669.0,145694.0,145732.0,145749.0,145768.0,145791.0,145804.0,145818.0,145839.0,145857.0,145874.0,145889.0,145906.0,145931.0,145953.0,145976.0,146000.0,146020.0,146047.0,146063.0,146081.0,146104.0,146123.0,146144.0,146167.0,146190.0,146203.0,146220.0,146243.0,146253.0,146283.0,146301.0,146316.0,146328.0,146351.0,146371.0,146390.0,146406.0,146424.0,146457.0,146477.0,146488.0,146514.0,146528.0,146554.0,146574.0,146587.0,146600.0,146629.0,146661.0,146683.0,146701.0,146724.0,146761.0,146797.0,146819.0,146854.0,146890.0,146908.0,146924.0,146942.0,146961.0,146991.0,147009.0,147043.0,147059.0,147083.0,147097.0,147118.0,147137.0,147150.0,147191.0,147224.0,147253.0,147271.0,147294.0,147312.0,147337.0,147370.0,147415.0,147432.0,147456.0,147494.0,147521.0,147544.0,147568.0,147601.0,147624.0,147643.0,147670.0,147683.0,147703.0,147721.0,147737.0,147760.0,147784.0,147803.0,147820.0,147847.0,147863.0,147877.0,147906.0,147927.0,147953.0,147981.0,148006.0,148039.0,148059.0,148082.0,148113.0,148133.0,148165.0,148186.0,148209.0,148227.0,148240.0,148258.0,148275.0,148287.0,148299.0,148316.0,148326.0,148351.0,148367.0,148379.0,148402.0,148427.0,,,,,,,,,148635.0,148661.0,148692.0,148715.0,148741.0,148764.0,148796.0,148835.0,148861.0,148873.0,148885.0,148894.0,148910.0,148928.0,148941.0,148954.0,148964.0,148976.0,148988.0,149008.0,149028.0,149051.0,149082.0,149106.0,149126.0,149145.0,149159.0,149176.0,149190.0,149201.0,149219.0,149240.0,149255.0,149278.0,149299.0,149321.0,149347.0,149366.0,149386.0,149397.0,149410.0,149427.0,149451.0,149459.0,149477.0,149500.0,149519.0,149538.0,149560.0,149577.0,149591.0,149605.0,149626.0,149649.0,149655.0,149673.0,149689.0,149705.0,149722.0,149748.0,149759.0,149781.0,149801.0,149813.0,149834.0,149853.0,149864.0,149870.0,149889.0,149910.0,149920.0,149937
1aEVPX8vaaI,50335.0,50348.0,50361.0,50366.0,50368.0,50372.0,50379.0,50383.0,50393.0,50404.0,50417.0,50422.0,50438.0,50443.0,50448.0,50458.0,50479.0,50493.0,50503.0,50510.0,50521.0,50528.0,50538.0,50552.0,50564.0,50573.0,50588.0,50596.0,50610.0,50617.0,50632.0,50645.0,50652.0,50660.0,50677.0,50694.0,50710.0,50723.0,50733.0,50742.0,50751.0,50763.0,50769.0,50778.0,50793.0,50812.0,50824.0,50832.0,50836.0,50843.0,50853.0,50863.0,50874.0,50878.0,50890.0,50902.0,50909.0,50916.0,50922.0,50933.0,50938.0,50950.0,50961.0,50966.0,50974.0,50986.0,50993.0,50999.0,51004.0,51012.0,51026.0,51038.0,51047.0,51054.0,51066.0,51078.0,51091.0,51106.0,51124.0,51136.0,51145.0,51155.0,51166.0,51177.0,51188.0,51196.0,51212.0,51226.0,51234.0,51244.0,51256.0,51262.0,51277.0,51286.0,51300.0,51307.0,51318.0,51332.0,51344.0,51353.0,51369.0,51381.0,51392.0,51400.0,51407.0,51420.0,51425.0,51435.0,51436.0,51450.0,51457.0,51467.0,51474.0,51486.0,51497.0,51518.0,51526.0,51533.0,51541.0,51556.0,51580.0,51592.0,51611.0,51619.0,51635.0,51644.0,51652.0,51662.0,51675.0,51682.0,51693.0,51702.0,51719.0,51730.0,,,,,,,,,51869.0,51891.0,51901.0,51911.0,51921.0,51930.0,51945.0,51959.0,51982.0,51995.0,52005.0,52018.0,52027.0,52035.0,52048.0,52063.0,52067.0,52082.0,52088.0,52104.0,52111.0,52126.0,52141.0,52145.0,52161.0,52172.0,52182.0,52194.0,52205.0,52218.0,52231.0,52248.0,52270.0,52280.0,52286.0,52292.0,52295.0,52302.0,52311.0,52321.0,52330.0,52334.0,52342.0,52349.0,52358.0,52365.0,52381.0,52395.0,52409.0,52421.0,52441.0,52460.0,52471.0,52481.0,52502.0,52514.0,52524.0,52532.0,52537.0,52543.0,52558.0,52569.0,52575.0,52580.0,52585.0,52596.0,52609.0,52619.0,52628.0,52640.0,52647.0,52659
CHfHMjefb0I,26507.0,26540.0,26593.0,26638.0,26675.0,26725.0,26789.0,26853.0,26903.0,26957.0,26993.0,27024.0,27069.0,27093.0,27133.0,27178.0,27214.0,27248.0,27284.0,27352.0,27391.0,27439.0,27474.0,27493.0,27515.0,27554.0,27595.0,27641.0,27685.0,27734.0,27762.0,27794.0,27829.0,27869.0,27911.0,27947.0,27988.0,28019.0,28053.0,28087.0,28122.0,28163.0,28201.0,28240.0,28270.0,28296.0,28332.0,28364.0,28403.0,28435.0,28469.0,28498.0,28524.0,28558.0,28587.0,28625.0,28649.0,28679.0,28704.0,28713.0,28735.0,28756.0,28777.0,28808.0,28848.0,28882.0,28903.0,28932.0,28956.0,28992.0,29020.0,29042.0,29070.0,29094.0,29119.0,29142.0,29161.0,29190.0,29213.0,29243.0,29265.0,29292.0,29327.0,29357.0,29384.0,29409.0,29436.0,29467.0,29484.0,29503.0,29525.0,29564.0,29591.0,29621.0,29651.0,29668.0,29703.0,29718.0,29747.0,29771.0,29786.0,29806.0,29830.0,29849.0,29873.0,29896.0,29922.0,29949.0,29971.0,29991.0,30008.0,30051.0,30088.0,30121.0,30153.0,30182.0,30202.0,30227.0,30241.0,30253.0,30278.0,30295.0,30314.0,30330.0,30347.0,30359.0,30371.0,30387.0,30398.0,30414.0,30432.0,30446.0,30451.0,30463.0,,,,,,,,,30677.0,30679.0,30696.0,30704.0,30733.0,30756.0,30793.0,30827.0,30859.0,30912.0,30951.0,30984.0,31007.0,31037.0,31055.0,31074.0,31097.0,31120.0,31144.0,31166.0,31180.0,31194.0,31205.0,31219.0,31240.0,31260.0,31284.0,31306.0,31317.0,31320.0,31333.0,31342.0,31362.0,31378.0,31392.0,31405.0,31423.0,31437.0,31464.0,31479.0,31500.0,31519.0,31535.0,31548.0,31576.0,31596.0,31617.0,31647.0,31673.0,31716.0,31752.0,31779.0,31847.0,31872.0,31924.0,31968.0,31994.0,32016.0,32037.0,32054.0,32077.0,32116.0,32140.0,32168.0,32203.0,32229.0,32265.0,32297.0,32313.0,32347.0,32384.0,32409
jXRDh3IHmq8,3791585.0,3791591.0,3791606.0,3791615.0,3791631.0,3791644.0,3791655.0,3791666.0,3791677.0,3791686.0,3791699.0,3791706.0,3791718.0,3791729.0,3791740.0,3791753.0,3791765.0,3791775.0,3791786.0,3791798.0,3791806.0,3791814.0,3791824.0,3791833.0,3791846.0,3791864.0,3791872.0,3791883.0,3791903.0,3791918.0,3791928.0,3791936.0,3791951.0,3791962.0,3791982.0,3791998.0,3792016.0,3792028.0,3792040.0,3792060.0,3792071.0,3792090.0,3792108.0,3792120.0,3792131.0,3792140.0,3792147.0,3792158.0,3792175.0,3792187.0,3792201.0,3792212.0,3792221.0,3792223.0,3792236.0,3792250.0,3792264.0,3792278.0,3792289.0,3792297.0,3792303.0,3792316.0,3792329.0,3792343.0,3792363.0,3792378.0,3792398.0,3792406.0,3792430.0,3792449.0,3792467.0,3792472.0,3792486.0,3792505.0,3792517.0,3792525.0,3792540.0,3792552.0,3792576.0,3792584.0,3792600.0,3792611.0,3792627.0,3792636.0,3792646.0,3792654.0,3792662.0,3792670.0,3792681.0,3792694.0,3792708.0,3792720.0,3792731.0,3792742.0,3792749.0,3792768.0,3792785.0,3792795.0,3792807.0,3792817.0,3792824.0,3792837.0,3792842.0,3792859.0,3792865.0,3792879.0,3792890.0,3792900.0,3792911.0,3792922.0,3792934.0,3792946.0,3792954.0,3792960.0,3792965.0,3792977.0,3792988.0,3792995.0,3793013.0,3793026.0,3793040.0,3793070.0,3793074.0,3793091.0,3793095.0,3793112.0,3793137.0,3793143.0,3793152.0,3793158.0,3793168.0,3793172.0,3793179.0,3793183.0,,,,,,,,,3793270.0,3793292.0,3793299.0,3793308.0,3793321.0,3793330.0,3793349.0,3793358.0,3793367.0,3793374.0,3793383.0,3793396.0,3793409.0,3793419.0,3793427.0,3793435.0,3793451.0,3793462.0,3793471.0,3793474.0,3793480.0,3793496.0,3793502.0,3793508.0,3793516.0,3793536.0,3793551.0,3793564.0,3793571.0,3793586.0,3793597.0,3793618.0,3793630.0,3793646.0,3793660.0,3793679.0,3793687.0,3793693.0,3793704.0,3793720.0,3793733.0,3793742.0,3793747.0,3793755.0,3793763.0,3793776.0,3793788.0,3793801.0,3793810.0,3793823.0,3793842.0,3793857.0,3793865.0,3793867.0,3793876.0,3793887.0,3793892.0,3793903.0,3793911.0,3793925.0,3793931.0,3793938.0,3793947.0,3793957.0,3793964.0,3793972.0,3793981.0,3793992.0,3794005.0,3794011.0,3794026.0,3794031
i0VSVcMcKYI,44972.0,45005.0,45028.0,45047.0,45071.0,45106.0,45148.0,45202.0,45238.0,45268.0,45300.0,45331.0,45360.0,45398.0,45441.0,45480.0,45511.0,45547.0,45590.0,45618.0,45653.0,45680.0,45701.0,45725.0,45741.0,45768.0,45803.0,45829.0,45860.0,45882.0,45904.0,45935.0,45964.0,45987.0,46022.0,46055.0,46092.0,46128.0,46150.0,46174.0,46212.0,46241.0,46269.0,46293.0,46325.0,46349.0,46369.0,46410.0,46443.0,46478.0,46519.0,46550.0,46578.0,46610.0,46645.0,46681.0,46705.0,46732.0,46762.0,46785.0,46816.0,46850.0,46886.0,46911.0,46938.0,46973.0,47019.0,47058.0,47096.0,47134.0,47182.0,47210.0,47252.0,47289.0,47320.0,47357.0,47411.0,47448.0,47485.0,47512.0,47554.0,47592.0,47632.0,47671.0,47710.0,47770.0,47805.0,47840.0,47907.0,47944.0,48003.0,48065.0,48122.0,48155.0,48203.0,48268.0,48312.0,48383.0,48430.0,48493.0,48535.0,48589.0,48653.0,48694.0,48744.0,48785.0,48833.0,48875.0,48904.0,48933.0,48964.0,49005.0,49046.0,49089.0,49129.0,49150.0,49170.0,49188.0,49202.0,49228.0,49245.0,49267.0,49286.0,49306.0,49330.0,49354.0,49376.0,49402.0,49413.0,49430.0,49447.0,49460.0,49483.0,49509.0,,,,,,,,,49700.0,49719.0,49728.0,49745.0,49759.0,49783.0,49808.0,49834.0,49866.0,49895.0,49923.0,49954.0,49984.0,50013.0,50051.0,50088.0,50119.0,50148.0,50177.0,50196.0,50217.0,50238.0,50254.0,50279.0,50307.0,50340.0,50356.0,50389.0,50407.0,50427.0,50453.0,50484.0,50508.0,50545.0,50568.0,50585.0,50606.0,50634.0,50647.0,50667.0,50694.0,50711.0,50748.0,50761.0,50800.0,50836.0,50870.0,50907.0,50936.0,50984.0,51032.0,51068.0,51134.0,51174.0,51228.0,51261.0,51284.0,51320.0,51354.0,51373.0,51394.0,51438.0,51459.0,51492.0,51529.0,51546.0,51584.0,51605.0,51620.0,51639.0,51679.0,51690
Opllj5D9hWw,276455.0,276469.0,276482.0,276496.0,276509.0,276523.0,276528.0,276552.0,276567.0,276585.0,276603.0,276618.0,276629.0,276650.0,276663.0,276673.0,276681.0,276698.0,276708.0,276720.0,276737.0,276756.0,276769.0,276779.0,276791.0,276806.0,276822.0,276844.0,276851.0,276866.0,276880.0,276897.0,276908.0,276920.0,276934.0,276949.0,276960.0,276984.0,277002.0,277012.0,277023.0,277041.0,277057.0,277073.0,277088.0,277110.0,277122.0,277139.0,277149.0,277166.0,277183.0,277196.0,277211.0,277223.0,277234.0,277253.0,277263.0,277276.0,277296.0,277308.0,277324.0,277347.0,277364.0,277384.0,277410.0,277426.0,277442.0,277461.0,277487.0,277509.0,277520.0,277539.0,277556.0,277575.0,277595.0,277613.0,277632.0,277643.0,277657.0,277678.0,277696.0,277714.0,277733.0,277750.0,277760.0,277771.0,277788.0,277806.0,277822.0,277833.0,277847.0,277868.0,277887.0,277910.0,277921.0,277936.0,277948.0,277957.0,277971.0,277989.0,278005.0,278020.0,278043.0,278057.0,278072.0,278089.0,278104.0,278118.0,278131.0,278144.0,278162.0,278182.0,278200.0,278214.0,278225.0,278242.0,278255.0,278268.0,278280.0,278294.0,278304.0,278321.0,278325.0,278331.0,278341.0,278349.0,278361.0,278372.0,278380.0,278386.0,278398.0,278412.0,278416.0,278430.0,,,,,,,,,278552.0,278562.0,278578.0,278587.0,278598.0,278610.0,278622.0,278635.0,278642.0,278649.0,278663.0,278674.0,278689.0,278704.0,278721.0,278742.0,278750.0,278760.0,278772.0,278782.0,278787.0,278795.0,278803.0,278816.0,278823.0,278838.0,278848.0,278860.0,278869.0,278879.0,278891.0,278896.0,278903.0,278913.0,278920.0,278935.0,278949.0,278959.0,278966.0,278974.0,278982.0,278992.0,278996.0,279005.0,279015.0,279030.0,279041.0,279052.0,279072.0,279077.0,279089.0,279098.0,279109.0,279124.0,279134.0,279150.0,279162.0,279186.0,279198.0,279210.0,279224.0,279230.0,279237.0,279245.0,279255.0,279268.0,279288.0,279301.0,279313.0,279321.0,279325.0,279345
MR8ZIKmYjk8,6590802.0,6591452.0,6592021.0,6592978.0,6593983.0,6594879.0,6595628.0,6596338.0,6597091.0,6597864.0,6598608.0,6599378.0,6600086.0,6600745.0,6601373.0,6602124.0,6602785.0,6603467.0,6604104.0,6604738.0,6605357.0,6606090.0,6606977.0,6607779.0,6608557.0,6609188.0,6609849.0,6610404.0,6611067.0,6611684.0,6612439.0,6613166.0,6613851.0,6614579.0,6615386.0,6616093.0,6616962.0,6617758.0,6618567.0,6619330.0,6620037.0,6620697.0,6621447.0,6622137.0,6622983.0,6623693.0,6624451.0,6625215.0,6625862.0,6626774.0,6627548.0,6628308.0,6629037.0,6629695.0,6630405.0,6631169.0,6631949.0,6632697.0,6633544.0,6634405.0,6635225.0,6636064.0,6637249.0,6638116.0,6638925.0,6639826.0,6640694.0,6641591.0,6642309.0,6643159.0,6643886.0,6644706.0,6645409.0,6646148.0,6646835.0,6647690.0,6648485.0,6649280.0,6650000.0,6650807.0,6651509.0,6652154.0,6652870.0,6653587.0,6654483.0,6655267.0,6656059.0,6656855.0,6657609.0,6658355.0,6659149.0,6659842.0,6660461.0,6661273.0,6661990.0,6662600.0,6663259.0,6663888.0,6664568.0,6665207.0,6665865.0,6666601.0,6667208.0,6667896.0,6668462.0,6669074.0,6669634.0,6670543.0,6671371.0,6672111.0,6672881.0,6673523.0,6674187.0,6675134.0,6675994.0,6676718.0,6677361.0,6678102.0,6678898.0,6679692.0,6680483.0,6681471.0,6682514.0,6683366.0,6684162.0,6684960.0,6685695.0,6686524.0,6687308.0,6688061.0,6688757.0,6689437.0,6690138.0,6690840.0,,,,,,,,,6696530.0,6697119.0,6697652.0,6698263.0,6698863.0,6699443.0,6699944.0,6700438.0,6701038.0,6701609.0,6702100.0,6702526.0,6703022.0,6703541.0,6704094.0,6704560.0,6705005.0,6705531.0,6706036.0,6706560.0,6707215.0,6707855.0,6708485.0,6709183.0,6709901.0,6710595.0,6711256.0,6711875.0,6712483.0,6713032.0,6713556.0,6714066.0,6714625.0,6715215.0,6715749.0,6716326.0,6716962.0,6717501.0,6718100.0,6718822.0,6719519.0,6720186.0,6720829.0,6721463.0,6722134.0,6722751.0,6723388.0,6724030.0,6724779.0,6725415.0,6726028.0,6726814.0,6727470.0,6728229.0,6728921.0,6729665.0,6730325.0,6730965.0,6731737.0,6732473.0,6733278.0,6733852.0,6734508.0,6735169.0,6735870.0,6736615.0,6737423.0,6738158.0,6738799.0,6739469.0,6740065.0,6740734
-_tSMcwQtgU,426786.0,426854.0,426912.0,426962.0,427015.0,427076.0,427124.0,427199.0,427274.0,427335.0,427396.0,427452.0,427518.0,427562.0,427620.0,427675.0,427725.0,427773.0,427841.0,427903.0,427983.0,428041.0,428116.0,428180.0,428249.0,428332.0,428396.0,428453.0,428485.0,428539.0,428597.0,428641.0,428686.0,428728.0,428779.0,428835.0,428891.0,428935.0,428977.0,429031.0,429074.0,429118.0,429191.0,429246.0,429291.0,429340.0,429397.0,429450.0,429501.0,429555.0,429608.0,429671.0,429718.0,429761.0,429813.0,429865.0,429914.0,429972.0,430019.0,430071.0,430142.0,430197.0,430280.0,430354.0,430410.0,430466.0,430522.0,430563.0,430606.0,430682.0,430731.0,430771.0,430822.0,430882.0,430939.0,430987.0,431049.0,431087.0,431135.0,431175.0,431225.0,431268.0,431336.0,431380.0,431425.0,431479.0,431548.0,431596.0,431653.0,431701.0,431745.0,431785.0,431833.0,431882.0,431946.0,431987.0,432018.0,432066.0,432115.0,432164.0,432209.0,432269.0,432309.0,432355.0,432399.0,432456.0,432505.0,432551.0,432601.0,432630.0,432682.0,432737.0,432790.0,432844.0,432904.0,432966.0,433020.0,433084.0,433143.0,433184.0,433232.0,433288.0,433341.0,433402.0,433444.0,433491.0,433529.0,433589.0,433663.0,433731.0,433792.0,433861.0,433933.0,434035.0,,,,,,,,,434710.0,434807.0,434907.0,435000.0,435112.0,435211.0,435281.0,435367.0,435450.0,435559.0,435653.0,435739.0,435830.0,435931.0,436079.0,436171.0,436253.0,436334.0,436432.0,436537.0,436619.0,436680.0,436756.0,436839.0,436884.0,436976.0,437050.0,437121.0,437184.0,437263.0,437329.0,437392.0,437453.0,437545.0,437603.0,437671.0,437752.0,437845.0,437924.0,438025.0,438107.0,438187.0,438276.0,438383.0,438487.0,438580.0,438693.0,438802.0,438867.0,438941.0,439038.0,439116.0,439215.0,439337.0,439430.0,439545.0,439650.0,439742.0,439828.0,439937.0,440010.0,440114.0,440203.0,440294.0,440353.0,440425.0,440517.0,440605.0,440683.0,440787.0,440865.0,440945
wvCb4HtUCZQ,1082781.0,1082803.0,1082814.0,1082827.0,1082852.0,1082870.0,1082879.0,1082898.0,1082908.0,1082920.0,1082944.0,1082961.0,1082986.0,1083011.0,1083024.0,1083038.0,1083051.0,1083067.0,1083081.0,1083096.0,1083118.0,1083143.0,1083155.0,1083172.0,1083185.0,1083202.0,1083212.0,1083223.0,1083237.0,1083251.0,1083263.0,1083287.0,1083310.0,1083324.0,1083340.0,1083368.0,1083396.0,1083415.0,1083436.0,1083450.0,1083465.0,1083483.0,1083494.0,1083506.0,1083525.0,1083541.0,1083563.0,1083569.0,1083587.0,1083615.0,1083629.0,1083646.0,1083657.0,1083667.0,1083679.0,1083699.0,1083715.0,1083728.0,1083735.0,1083749.0,1083775.0,1083793.0,1083805.0,1083822.0,1083843.0,1083855.0,1083872.0,1083886.0,1083906.0,1083927.0,1083940.0,1083958.0,1083977.0,1083998.0,1084024.0,1084036.0,1084043.0,1084062.0,1084073.0,1084094.0,1084118.0,1084128.0,1084142.0,1084162.0,1084190.0,1084208.0,1084225.0,1084251.0,1084269.0,1084283.0,1084297.0,1084310.0,1084328.0,1084342.0,1084363.0,1084382.0,1084394.0,1084410.0,1084422.0,1084435.0,1084445.0,1084465.0,1084476.0,1084495.0,1084504.0,1084514.0,1084534.0,1084546.0,1084562.0,1084573.0,1084578.0,1084592.0,1084606.0,1084622.0,1084630.0,1084636.0,1084644.0,1084678.0,1084690.0,1084700.0,1084708.0,1084723.0,1084737.0,1084748.0,1084756.0,1084760.0,1084771.0,1084783.0,1084799.0,1084814.0,1084823.0,1084833.0,1084849.0,1084864.0,,,,,,,,,1084962.0,1084977.0,1084992.0,1085002.0,1085008.0,1085018.0,1085029.0,1085041.0,1085055.0,1085064.0,1085070.0,1085078.0,1085089.0,1085102.0,1085113.0,1085132.0,1085142.0,1085150.0,1085159.0,1085165.0,1085183.0,1085198.0,1085216.0,1085232.0,1085241.0,1085257.0,1085267.0,1085280.0,1085289.0,1085302.0,1085311.0,1085324.0,1085343.0,1085360.0,1085380.0,1085396.0,1085411.0,1085427.0,1085444.0,1085463.0,1085472.0,1085483.0,1085498.0,1085526.0,1085539.0,1085562.0,1085579.0,1085588.0,1085604.0,1085618.0,1085631.0,1085641.0,1085654.0,1085667.0,1085683.0,1085694.0,1085709.0,1085720.0,1085753.0,1085777.0,1085785.0,1085797.0,1085812.0,1085827.0,1085842.0,1085850.0,1085862.0,1085872.0,1085880.0,1085887.0,1085891.0,1085902
qBG8ehCMBt4,1492781.0,1493260.0,1493678.0,1494115.0,1494521.0,1495041.0,1495668.0,1496187.0,1496660.0,1497189.0,1497652.0,1498180.0,1498720.0,1499267.0,1499860.0,1500462.0,1500961.0,1501403.0,1501851.0,1502366.0,1502860.0,1503373.0,1503893.0,1504358.0,1504717.0,1505178.0,1505582.0,1506125.0,1506655.0,1507233.0,1507663.0,1508013.0,1508372.0,1508864.0,1509428.0,1509891.0,1510456.0,1510814.0,1511085.0,1511457.0,1511909.0,1512332.0,1512702.0,1513137.0,1513522.0,1513799.0,1514111.0,1514589.0,1514988.0,1515388.0,1515905.0,1516255.0,1516623.0,1517010.0,1517439.0,1517875.0,1518297.0,1518715.0,1519020.0,1519333.0,1519671.0,1520044.0,1520490.0,1520989.0,1521441.0,1521782.0,1522065.0,1522456.0,1522801.0,1523256.0,1523661.0,1524008.0,1524389.0,1524717.0,1525106.0,1525490.0,1525907.0,1526306.0,1526788.0,1527172.0,1527490.0,1527940.0,1528417.0,1528952.0,1529438.0,1529889.0,1530365.0,1530725.0,1531141.0,1531514.0,1532031.0,1532512.0,1532997.0,1533415.0,1533805.0,1534180.0,1534681.0,1535131.0,1535624.0,1536151.0,1536555.0,1536903.0,1537383.0,1537845.0,1538346.0,1538809.0,1539224.0,1539627.0,1539961.0,1540345.0,1540782.0,1541177.0,1541635.0,1542063.0,1542464.0,1542860.0,1543300.0,1543740.0,1544242.0,1544667.0,1545130.0,1545468.0,1545862.0,1546207.0,1546542.0,1547016.0,1547546.0,1547997.0,1548392.0,1548790.0,1549223.0,1549807.0,1550392.0,1550879.0,,,,,,,,,1560883.0,1561908.0,1563186.0,1564447.0,1565733.0,1566869.0,1567806.0,1568602.0,1569480.0,1570364.0,1571253.0,1572354.0,1573089.0,1573891.0,1574700.0,1575412.0,1576809.0,1578266.0,1579350.0,1580012.0,1580724.0,1581387.0,1581996.0,1582577.0,1583138.0,1583698.0,1584408.0,1585167.0,1585946.0,1586832.0,1588003.0,1589407.0,1591140.0,1591995.0,1592536.0,1593030.0,1593409.0,1593867.0,1594302.0,1594650.0,1595139.0,1595540.0,1595948.0,1596315.0,1596745.0,1597139.0,1597661.0,1598061.0,1598482.0,1598817.0,1599132.0,1599455.0,1599824.0,1600248.0,1600622.0,1600988.0,1601357.0,1601661.0,1602013.0,1602454.0,1602835.0,1603149.0,1603492.0,1603814.0,1604088.0,1604440.0,1604810.0,1605168.0,1605485.0,1605846.0,1606195.0,1606508
eH8jn4W8Bqc,2252049.0,2252210.0,2252438.0,2252685.0,2252899.0,2253102.0,2253375.0,2253584.0,2253835.0,2254057.0,2254246.0,2254509.0,2254792.0,2255069.0,2255326.0,2255613.0,2255864.0,2256134.0,2256347.0,2256643.0,2256896.0,2257135.0,2257354.0,2257573.0,2257775.0,2257947.0,2258197.0,2258477.0,2258706.0,2258911.0,2259123.0,2259325.0,2259522.0,2259721.0,2259943.0,2260126.0,2260372.0,2260626.0,2260826.0,2261008.0,2261179.0,2261374.0,2261556.0,2261757.0,2261919.0,2262122.0,2262379.0,2262619.0,2262847.0,2263024.0,2263275.0,2263464.0,2263655.0,2263819.0,2263990.0,2264149.0,2264306.0,2264473.0,2264653.0,2264828.0,2264990.0,2265131.0,2265285.0,2265465.0,2265614.0,2265752.0,2265889.0,2266026.0,2266178.0,2266358.0,2266546.0,2266726.0,2266868.0,2267019.0,2267217.0,2267361.0,2267516.0,2267703.0,2267885.0,2268044.0,2268183.0,2268327.0,2268495.0,2268632.0,2268767.0,2268910.0,2269065.0,2269232.0,2269374.0,2269543.0,2269678.0,2269816.0,2269956.0,2270101.0,2270242.0,2270388.0,2270519.0,2270654.0,2270780.0,2270904.0,2271069.0,2271232.0,2271357.0,2271505.0,2271641.0,2271768.0,2271890.0,2272041.0,2272156.0,2272301.0,2272428.0,2272577.0,2272725.0,2272886.0,2273074.0,2273230.0,2273355.0,2273467.0,2273587.0,2273751.0,2273881.0,2274012.0,2274163.0,2274304.0,2274461.0,2274589.0,2274733.0,2274873.0,2274987.0,2275134.0,2275257.0,2275400.0,2275543.0,2275679.0,,,,,,,,,2276999.0,2277120.0,2277254.0,2277377.0,2277535.0,2277662.0,2277827.0,2277988.0,2278131.0,2278295.0,2278451.0,2278598.0,2278720.0,2278858.0,2279006.0,2279156.0,2279356.0,2279521.0,2279677.0,2279845.0,2279994.0,2280122.0,2280253.0,2280368.0,2280490.0,2280631.0,2280766.0,2280916.0,2281047.0,2281159.0,2281300.0,2281437.0,2281588.0,2281782.0,2281951.0,2282079.0,2282260.0,2282434.0,2282606.0,2282761.0,2282940.0,2283130.0,2283285.0,2283442.0,2283608.0,2283742.0,2283901.0,2284083.0,2284250.0,2284420.0,2284586.0,2284710.0,2284877.0,2285015.0,2285174.0,2285341.0,2285470.0,2285594.0,2285761.0,2285960.0,2286129.0,2286253.0,2286418.0,2286563.0,2286679.0,2286785.0,2286904.0,2287049.0,2287199.0,2287367.0,2287531.0,2287683
OD9JeEqRg4Y,1129.0,1129.0,1129.0,1129.0,1132.0,1134.0,1134.0,1134.0,1134.0,1134.0,1135.0,1138.0,1139.0,1141.0,1141.0,1141.0,1142.0,1144.0,1145.0,1145.0,1146.0,1147.0,1149.0,1152.0,1152.0,1152.0,1154.0,1154.0,1155.0,1155.0,1155.0,1160.0,1161.0,1161.0,1161.0,1161.0,1163.0,1165.0,1166.0,1166.0,1166.0,1167.0,1167.0,1169.0,1170.0,1171.0,1170.0,1170.0,1171.0,1172.0,1172.0,1175.0,1175.0,1179.0,1180.0,1181.0,1182.0,1182.0,1182.0,1182.0,1182.0,1183.0,1183.0,1183.0,1183.0,1183.0,1184.0,1185.0,1185.0,1185.0,1185.0,1185.0,1186.0,1186.0,1187.0,1187.0,1187.0,1187.0,1187.0,1187.0,1188.0,1188.0,1188.0,1189.0,1189.0,1189.0,1189.0,1191.0,1191.0,1191.0,1193.0,1193.0,1194.0,1197.0,1197.0,1198.0,1199.0,1199.0,1199.0,1199.0,1199.0,1201.0,1203.0,1205.0,1205.0,1207.0,1207.0,1207.0,1208.0,1211.0,1213.0,1215.0,1217.0,1217.0,1218.0,1219.0,1219.0,1220.0,1222.0,1223.0,1224.0,1226.0,1226.0,1226.0,1227.0,1228.0,1228.0,1228.0,1228.0,1228.0,1229.0,1229.0,1232.0,1234.0,,,,,,,,,1235.0,1235.0,1235.0,1238.0,1238.0,1238.0,1238.0,1238.0,1239.0,1241.0,1242.0,1244.0,1244.0,1244.0,1245.0,1248.0,1249.0,1249.0,1250.0,1251.0,1252.0,1253.0,1254.0,1254.0,1254.0,1254.0,1254.0,1255.0,1256.0,1256.0,1257.0,1257.0,1257.0,1257.0,1259.0,1259.0,1260.0,1260.0,1260.0,1260.0,1260.0,1260.0,1260.0,1260.0,1261.0,1263.0,1264.0,1265.0,1267.0,1267.0,1268.0,1268.0,1268.0,1269.0,1269.0,1269.0,1270.0,1270.0,1270.0,1271.0,1271.0,1271.0,1271.0,1272.0,1272.0,1272.0,1272.0,1273.0,1273.0,1273.0,1273.0,1273
_0kWgSyrYt4,22275.0,22287.0,22294.0,22304.0,22314.0,22317.0,22323.0,22327.0,22337.0,22340.0,22348.0,22356.0,22368.0,22376.0,22386.0,22390.0,22392.0,22396.0,22400.0,22403.0,22405.0,22408.0,22410.0,22420.0,22435.0,22445.0,22452.0,22457.0,22470.0,22481.0,22485.0,22491.0,22502.0,22509.0,22522.0,22536.0,22544.0,22549.0,22557.0,22563.0,22573.0,22576.0,22587.0,22592.0,22597.0,22602.0,22608.0,22614.0,22623.0,22630.0,22639.0,22643.0,22658.0,22668.0,22675.0,22679.0,22686.0,22697.0,22709.0,22715.0,22724.0,22733.0,22738.0,22745.0,22754.0,22760.0,22767.0,22774.0,22789.0,22804.0,22807.0,22815.0,22825.0,22836.0,22837.0,22844.0,22853.0,22865.0,22872.0,22884.0,22901.0,22913.0,22925.0,22933.0,22936.0,22942.0,22947.0,22956.0,22960.0,22961.0,22968.0,22973.0,22980.0,22990.0,22995.0,23003.0,23006.0,23017.0,23021.0,23032.0,23039.0,23050.0,23056.0,23071.0,23078.0,23083.0,23092.0,23096.0,23101.0,23109.0,23122.0,23130.0,23136.0,23152.0,23163.0,23170.0,23174.0,23175.0,23181.0,23183.0,23183.0,23186.0,23193.0,23198.0,23201.0,23205.0,23216.0,23220.0,23230.0,23238.0,23247.0,23251.0,23256.0,23264.0,,,,,,,,,23326.0,23341.0,23356.0,23365.0,23376.0,23384.0,23385.0,23391.0,23396.0,23405.0,23410.0,23415.0,23417.0,23420.0,23425.0,23428.0,23434.0,23440.0,23448.0,23458.0,23464.0,23470.0,23475.0,23485.0,23493.0,23506.0,23520.0,23538.0,23555.0,23566.0,23573.0,23579.0,23586.0,23590.0,23593.0,23597.0,23609.0,23618.0,23629.0,23634.0,23657.0,23669.0,23680.0,23683.0,23692.0,23696.0,23700.0,23704.0,23718.0,23722.0,23734.0,23735.0,23741.0,23752.0,23762.0,23776.0,23786.0,23789.0,23796.0,23807.0,23818.0,23822.0,23836.0,23865.0,23877.0,23900.0,23911.0,23922.0,23929.0,23936.0,23942.0,23947
M8bTm-qqSvo,749364.0,749427.0,749497.0,749592.0,749694.0,749784.0,749896.0,750019.0,750154.0,750294.0,750457.0,750554.0,750680.0,750794.0,750907.0,750997.0,751094.0,751192.0,751284.0,751360.0,751462.0,751548.0,751639.0,751720.0,751818.0,751931.0,752008.0,752085.0,752183.0,752276.0,752384.0,752495.0,752586.0,752683.0,752762.0,752873.0,752983.0,753059.0,753151.0,753214.0,753301.0,753384.0,753466.0,753579.0,753675.0,753762.0,753833.0,753936.0,754044.0,754163.0,754273.0,754364.0,754508.0,754580.0,754661.0,754765.0,754864.0,754979.0,755093.0,755214.0,755329.0,755425.0,755525.0,755645.0,755762.0,755865.0,755995.0,756118.0,756201.0,756311.0,756427.0,756541.0,756672.0,756853.0,756971.0,757068.0,757159.0,757251.0,757373.0,757462.0,757576.0,757713.0,757783.0,757861.0,757945.0,758026.0,758106.0,758218.0,758328.0,758404.0,758485.0,758596.0,758705.0,758816.0,758919.0,758985.0,759087.0,759189.0,759292.0,759400.0,759500.0,759586.0,759667.0,759746.0,759822.0,759901.0,759980.0,760072.0,760150.0,760209.0,760292.0,760375.0,760456.0,760554.0,760640.0,760704.0,760807.0,760899.0,760988.0,761052.0,761152.0,761227.0,761312.0,761397.0,761488.0,761586.0,761683.0,761776.0,761848.0,761914.0,761995.0,762111.0,762194.0,762271.0,,,,,,,,,763011.0,763096.0,763179.0,763246.0,763317.0,763414.0,763480.0,763544.0,763650.0,763712.0,763795.0,763863.0,763929.0,764009.0,764072.0,764134.0,764205.0,764276.0,764367.0,764438.0,764512.0,764605.0,764675.0,764755.0,764810.0,764871.0,764944.0,765023.0,765106.0,765166.0,765225.0,765288.0,765337.0,765387.0,765473.0,765555.0,765631.0,765736.0,765815.0,765878.0,765968.0,766052.0,766126.0,766195.0,766256.0,766353.0,766437.0,766529.0,766632.0,766709.0,766810.0,766899.0,766950.0,767024.0,767108.0,767186.0,767259.0,767334.0,767445.0,767508.0,767565.0,767644.0,767721.0,767794.0,767861.0,767942.0,768027.0,768094.0,768151.0,768217.0,768289.0,768365
8wHYL012YzQ,15774.0,15775.0,15775.0,15775.0,15775.0,15775.0,15777.0,15776.0,15777.0,15777.0,15777.0,15778.0,15778.0,15778.0,15779.0,15780.0,15780.0,15782.0,15782.0,15782.0,15784.0,15784.0,15787.0,15788.0,15789.0,15790.0,15790.0,15790.0,15792.0,15797.0,15797.0,15798.0,15798.0,15799.0,15800.0,15800.0,15800.0,15801.0,15801.0,15806.0,15807.0,15807.0,15808.0,15810.0,15810.0,15811.0,15811.0,15811.0,15811.0,15812.0,15812.0,15813.0,15815.0,15815.0,15816.0,15818.0,15818.0,15817.0,15818.0,15820.0,15821.0,15825.0,15827.0,15827.0,15827.0,15827.0,15828.0,15828.0,15828.0,15828.0,15828.0,15828.0,15828.0,15828.0,15830.0,15830.0,15830.0,15833.0,15833.0,15833.0,15834.0,15834.0,15834.0,15837.0,15837.0,15837.0,15837.0,15837.0,15837.0,15838.0,15839.0,15840.0,15842.0,15844.0,15844.0,15844.0,15845.0,15846.0,15846.0,15848.0,15848.0,15848.0,15849.0,15851.0,15853.0,15856.0,15856.0,15856.0,15858.0,15859.0,15859.0,15860.0,15864.0,15865.0,15866.0,15868.0,15869.0,15870.0,15873.0,15874.0,15875.0,15875.0,15875.0,15875.0,15875.0,15875.0,15875.0,15876.0,15876.0,15876.0,15876.0,15876.0,15877.0,15877.0,,,,,,,,,15879.0,15879.0,15881.0,15881.0,15883.0,15884.0,15885.0,15886.0,15887.0,15887.0,15887.0,15887.0,15889.0,15891.0,15892.0,15894.0,15894.0,15894.0,15894.0,15894.0,15896.0,15899.0,15899.0,15898.0,15898.0,15898.0,15898.0,15899.0,15899.0,15899.0,15899.0,15899.0,15900.0,15900.0,15900.0,15900.0,15900.0,15901.0,15901.0,15901.0,15902.0,15901.0,15902.0,15902.0,15903.0,15903.0,15903.0,15904.0,15906.0,15906.0,15907.0,15911.0,15914.0,15916.0,15916.0,15919.0,15919.0,15919.0,15919.0,15919.0,15919.0,15921.0,15922.0,15922.0,15922.0,15923.0,15924.0,15924.0,15924.0,15924.0,15924.0,15925
8qe86wfgUZM,19415.0,19419.0,19418.0,19419.0,19421.0,19422.0,19421.0,19422.0,19422.0,19422.0,19423.0,19424.0,19426.0,19427.0,19429.0,19429.0,19430.0,19431.0,19432.0,19434.0,19435.0,19436.0,19438.0,19440.0,19442.0,19443.0,19443.0,19443.0,19444.0,19445.0,19449.0,19451.0,19452.0,19453.0,19455.0,19457.0,19457.0,19460.0,19461.0,19465.0,19467.0,19469.0,19474.0,19476.0,19477.0,19481.0,19482.0,19483.0,19484.0,19485.0,19486.0,19488.0,19489.0,19489.0,19489.0,19489.0,19491.0,19491.0,19493.0,19495.0,19495.0,19495.0,19497.0,19497.0,19497.0,19499.0,19501.0,19502.0,19502.0,19502.0,19503.0,19503.0,19504.0,19506.0,19508.0,19511.0,19513.0,19516.0,19517.0,19519.0,19519.0,19520.0,19519.0,19524.0,19524.0,19527.0,19528.0,19528.0,19528.0,19529.0,19529.0,19529.0,19530.0,19530.0,19531.0,19531.0,19531.0,19532.0,19532.0,19534.0,19534.0,19535.0,19535.0,19537.0,19539.0,19539.0,19540.0,19540.0,19541.0,19541.0,19541.0,19542.0,19542.0,19544.0,19545.0,19545.0,19545.0,19545.0,19546.0,19547.0,19547.0,19549.0,19549.0,19549.0,19550.0,19550.0,19550.0,19550.0,19551.0,19551.0,19551.0,19553.0,19553.0,19554.0,,,,,,,,,19559.0,19560.0,19561.0,19563.0,19564.0,19565.0,19566.0,19566.0,19566.0,19566.0,19566.0,19567.0,19569.0,19570.0,19571.0,19573.0,19573.0,19574.0,19577.0,19578.0,19579.0,19581.0,19582.0,19584.0,19585.0,19589.0,19589.0,19589.0,19592.0,19592.0,19592.0,19592.0,19592.0,19592.0,19592.0,19592.0,19592.0,19593.0,19593.0,19594.0,19595.0,19594.0,19596.0,19596.0,19600.0,19601.0,19603.0,19603.0,19604.0,19604.0,19604.0,19608.0,19611.0,19612.0,19612.0,19612.0,19612.0,19616.0,19616.0,19616.0,19616.0,19617.0,19617.0,19618.0,19618.0,19620.0,19620.0,19622.0,19622.0,19623.0,19624.0,19625
Xqh2gLBKjmo,7923.0,7923.0,7924.0,7924.0,7925.0,7926.0,7927.0,7927.0,7927.0,7927.0,7927.0,7927.0,7928.0,7928.0,7928.0,7928.0,7928.0,7931.0,7931.0,7932.0,7933.0,7933.0,7934.0,7936.0,7936.0,7936.0,7936.0,7937.0,7937.0,7938.0,7937.0,7938.0,7938.0,7939.0,7939.0,7941.0,7941.0,7943.0,7945.0,7947.0,7947.0,7948.0,7949.0,7950.0,7951.0,7952.0,7952.0,7952.0,7952.0,7952.0,7953.0,7953.0,7953.0,7953.0,7953.0,7954.0,7954.0,7955.0,7955.0,7956.0,7956.0,7957.0,7958.0,7958.0,7958.0,7959.0,7960.0,7960.0,7960.0,7960.0,7960.0,7960.0,7960.0,7960.0,7960.0,7960.0,7960.0,7960.0,7963.0,7963.0,7963.0,7963.0,7965.0,7967.0,7967.0,7968.0,7968.0,7968.0,7968.0,7968.0,7968.0,7968.0,7968.0,7968.0,7968.0,7968.0,7968.0,7968.0,7968.0,7968.0,7968.0,7969.0,7969.0,7970.0,7971.0,7971.0,7971.0,7971.0,7971.0,7971.0,7971.0,7972.0,7972.0,7972.0,7972.0,7972.0,7973.0,7973.0,7973.0,7973.0,7973.0,7973.0,7973.0,7973.0,7973.0,7974.0,7974.0,7974.0,7974.0,7974.0,7974.0,7974.0,7975.0,7975.0,,,,,,,,,7979.0,7980.0,7980.0,7980.0,7980.0,7980.0,7980.0,7981.0,7981.0,7981.0,7981.0,7981.0,7981.0,7981.0,7983.0,7984.0,7984.0,7984.0,7984.0,7984.0,7984.0,7985.0,7985.0,7985.0,7985.0,7987.0,7987.0,7987.0,7987.0,7987.0,7987.0,7987.0,7987.0,7987.0,7987.0,7987.0,7987.0,7987.0,7987.0,7987.0,7987.0,7987.0,7987.0,7987.0,7987.0,7988.0,7988.0,7988.0,7989.0,7989.0,7989.0,7991.0,7994.0,7994.0,7995.0,7996.0,7996.0,7996.0,7996.0,7996.0,7996.0,7996.0,7996.0,7997.0,7997.0,7998.0,7998.0,7998.0,7998.0,7998.0,7999.0,8000
cjS6tvGnpxg,1026751.0,1026836.0,1026923.0,1027012.0,1027089.0,1027180.0,1027262.0,1027350.0,1027447.0,1027554.0,1027667.0,1027751.0,1027847.0,1027932.0,1028066.0,1028143.0,1028232.0,1028298.0,1028400.0,1028491.0,1028607.0,1028714.0,1028818.0,1028917.0,1028981.0,1029071.0,1029146.0,1029234.0,1029326.0,1029413.0,1029489.0,1029556.0,1029656.0,1029747.0,1029841.0,1029950.0,1030030.0,1030095.0,1030185.0,1030244.0,1030340.0,1030435.0,1030527.0,1030641.0,1030732.0,1030807.0,1030926.0,1031052.0,1031177.0,1031302.0,1031411.0,1031497.0,1031578.0,1031682.0,1031761.0,1031844.0,1031937.0,1032035.0,1032148.0,1032256.0,1032342.0,1032431.0,1032520.0,1032623.0,1032729.0,1032827.0,1032927.0,1033045.0,1033150.0,1033255.0,1033360.0,1033475.0,1033571.0,1033680.0,1033747.0,1033875.0,1033968.0,1034071.0,1034189.0,1034315.0,1034423.0,1034520.0,1034607.0,1034716.0,1034829.0,1034942.0,1035033.0,1035136.0,1035250.0,1035333.0,1035446.0,1035570.0,1035652.0,1035762.0,1035859.0,1035930.0,1036038.0,1036131.0,1036203.0,1036302.0,1036355.0,1036418.0,1036476.0,1036550.0,1036656.0,1036762.0,1036852.0,1036933.0,1037015.0,1037121.0,1037214.0,1037325.0,1037417.0,1037539.0,1037634.0,1037729.0,1037820.0,1037929.0,1038023.0,1038121.0,1038235.0,1038324.0,1038414.0,1038523.0,1038610.0,1038713.0,1038783.0,1038883.0,1038959.0,1039080.0,1039165.0,1039266.0,1039377.0,1039481.0,,,,,,,,,1040238.0,1040316.0,1040413.0,1040504.0,1040608.0,1040685.0,1040759.0,1040829.0,1040919.0,1040982.0,1041052.0,1041134.0,1041239.0,1041311.0,1041378.0,1041462.0,1041533.0,1041606.0,1041680.0,1041759.0,1041851.0,1041926.0,1042000.0,1042077.0,1042160.0,1042254.0,1042318.0,1042401.0,1042475.0,1042531.0,1042627.0,1042720.0,1042798.0,1042881.0,1042949.0,1043036.0,1043130.0,1043216.0,1043291.0,1043400.0,1043506.0,1043603.0,1043674.0,1043744.0,1043841.0,1043908.0,1043987.0,1044079.0,1044166.0,1044226.0,1044296.0,1044366.0,1044443.0,1044531.0,1044600.0,1044668.0,1044741.0,1044792.0,1044844.0,1044908.0,1044956.0,1045010.0,1045068.0,1045137.0,1045184.0,1045239.0,1045308.0,1045357.0,1045441.0,1045499.0,1045546.0,1045617
r61Om03qKQg,229457.0,229555.0,229660.0,229762.0,229887.0,229983.0,230106.0,230203.0,230319.0,230416.0,230510.0,230598.0,230711.0,230837.0,230947.0,231026.0,231128.0,231221.0,231317.0,231392.0,231488.0,231581.0,231669.0,231751.0,231829.0,231901.0,231982.0,232051.0,232164.0,232285.0,232399.0,232482.0,232602.0,232690.0,232801.0,232909.0,233006.0,233135.0,233230.0,233319.0,233413.0,233519.0,233615.0,233692.0,233776.0,233870.0,233971.0,234068.0,234167.0,234267.0,234368.0,234493.0,234587.0,234669.0,234770.0,234846.0,234956.0,235064.0,235129.0,235242.0,235338.0,235429.0,235517.0,235607.0,235691.0,235781.0,235875.0,235961.0,236033.0,236139.0,236249.0,236373.0,236478.0,236551.0,236640.0,236743.0,236862.0,236943.0,237032.0,237109.0,237191.0,237266.0,237337.0,237427.0,237500.0,237599.0,237681.0,237753.0,237821.0,237899.0,237984.0,238065.0,238163.0,238245.0,238325.0,238390.0,238481.0,238568.0,238662.0,238718.0,238813.0,238870.0,238934.0,239010.0,239084.0,239153.0,239214.0,239287.0,239351.0,239450.0,239582.0,239690.0,239775.0,239895.0,239971.0,240040.0,240133.0,240227.0,240321.0,240415.0,240524.0,240626.0,240710.0,240783.0,240880.0,240974.0,241066.0,241158.0,241227.0,241291.0,241384.0,241493.0,241587.0,241675.0,,,,,,,,,242407.0,242485.0,242585.0,242657.0,242745.0,242806.0,242873.0,242932.0,243000.0,243064.0,243135.0,243226.0,243310.0,243392.0,243486.0,243563.0,243634.0,243694.0,243776.0,243843.0,243920.0,243994.0,244058.0,244152.0,244254.0,244350.0,244422.0,244507.0,244601.0,244652.0,244728.0,244806.0,244893.0,244966.0,245061.0,245143.0,245232.0,245310.0,245392.0,245474.0,245575.0,245646.0,245718.0,245786.0,245863.0,245945.0,246004.0,246074.0,246122.0,246200.0,246281.0,246354.0,246447.0,246528.0,246604.0,246680.0,246781.0,246854.0,246919.0,246978.0,247047.0,247114.0,247182.0,247251.0,247313.0,247370.0,247444.0,247499.0,247567.0,247627.0,247684.0,247766
UoBsiQW23IY,46643510.0,46669529.0,46697662.0,46724481.0,46753321.0,46785255.0,46817586.0,46849218.0,46881614.0,46911345.0,46940951.0,46973325.0,47006648.0,47041359.0,47077582.0,47114344.0,47156784.0,47203601.0,47259451.0,47320368.0,47380989.0,47439884.0,47497833.0,47553353.0,47607842.0,47667232.0,47725685.0,47784638.0,47846033.0,47911256.0,47972986.0,48028130.0,48083505.0,48142948.0,48206123.0,48271876.0,48344220.0,48415539.0,48482324.0,48548279.0,48617228.0,48689337.0,48761593.0,48835373.0,48901786.0,48960060.0,49016961.0,49079269.0,49139482.0,49205397.0,49270530.0,49329940.0,49383438.0,49440033.0,49501794.0,49563402.0,49626730.0,49686443.0,49741758.0,49797191.0,49854330.0,49910819.0,49965821.0,50029002.0,50096484.0,50159074.0,50218178.0,50279550.0,50329689.0,50394920.0,50448225.0,50500053.0,50553279.0,50602265.0,50653425.0,50707173.0,50757997.0,50806263.0,50858354.0,50908966.0,50958287.0,51007338.0,51059876.0,51112087.0,51163608.0,51213392.0,51260725.0,51307822.0,51355065.0,51403752.0,51452482.0,51502611.0,51550584.0,51601011.0,51654244.0,51706831.0,51760645.0,51816530.0,51877630.0,51935453.0,51991718.0,52047058.0,52098321.0,52156008.0,52215796.0,52275562.0,52333863.0,52391940.0,52448256.0,52501473.0,52555159.0,52609462.0,52661532.0,52715530.0,52772543.0,52829006.0,52881495.0,52932041.0,52982282.0,53031152.0,53083591.0,53133910.0,53182722.0,53230981.0,53278944.0,53329808.0,53384187.0,53438489.0,53493207.0,53549146.0,53601734.0,53654500.0,53708903.0,53762114.0,,,,,,,,,54217892.0,54269086.0,54317630.0,54365302.0,54409784.0,54450372.0,54487543.0,54526080.0,54567170.0,54605518.0,54642952.0,54680906.0,54722740.0,54762301.0,54803561.0,54842802.0,54880265.0,54917751.0,54956844.0,54999607.0,55043405.0,55089044.0,55134309.0,55179401.0,55225807.0,55269102.0,55312939.0,55356595.0,55399354.0,55440685.0,55481050.0,55522470.0,55563028.0,55605669.0,55648382.0,55692856.0,55734812.0,55776110.0,55820564.0,55862770.0,55904050.0,55945749.0,55986969.0,56027005.0,56067765.0,56107472.0,56147404.0,56188554.0,56230319.0,56271494.0,56310452.0,56348994.0,56388954.0,56430765.0,56471271.0,56510863.0,56549293.0,56586921.0,56625114.0,56665819.0,56706307.0,56742728.0,56777181.0,56813103.0,56848348.0,56885071.0,56921554.0,56958432.0,56991625.0,57022926.0,57056555.0,57089611
DFW81w7aRo0,2790619.0,2791093.0,2791617.0,2792047.0,2792679.0,2793299.0,2794008.0,2794761.0,2795468.0,2796203.0,2796806.0,2797426.0,2798143.0,2798747.0,2799377.0,2800017.0,2800590.0,2801087.0,2801648.0,2802319.0,2802872.0,2803432.0,2804022.0,2804598.0,2805113.0,2805701.0,2806232.0,2806815.0,2807325.0,2807893.0,2808416.0,2808909.0,2809493.0,2810065.0,2810632.0,2811213.0,2811830.0,2812367.0,2812814.0,2813370.0,2813967.0,2814666.0,2815224.0,2815879.0,2816370.0,2816964.0,2817537.0,2818114.0,2818672.0,2819261.0,2819854.0,2820416.0,2820929.0,2821462.0,2822025.0,2822541.0,2823084.0,2823671.0,2824152.0,2824658.0,2825185.0,2825671.0,2826304.0,2826988.0,2827625.0,2828260.0,2828705.0,2829301.0,2829765.0,2830397.0,2830969.0,2831470.0,2832002.0,2832527.0,2832942.0,2833475.0,2834035.0,2834506.0,2835063.0,2835574.0,2836104.0,2836576.0,2837058.0,2837490.0,2838016.0,2838486.0,2838973.0,2839448.0,2839873.0,2840332.0,2840848.0,2841390.0,2841884.0,2842422.0,2842902.0,2843374.0,2843789.0,2844266.0,2844758.0,2845255.0,2845664.0,2846146.0,2846652.0,2847194.0,2847681.0,2848151.0,2848586.0,2849155.0,2849596.0,2850095.0,2850628.0,2851244.0,2851724.0,2852253.0,2852679.0,2853071.0,2853635.0,2854134.0,2854661.0,2855263.0,2855726.0,2856131.0,2856539.0,2856978.0,2857336.0,2857718.0,2858050.0,2858481.0,2858986.0,2859377.0,2859867.0,2860289.0,2860776.0,2861293.0,,,,,,,,,2865767.0,2866229.0,2866767.0,2867243.0,2867702.0,2868193.0,2868613.0,2869103.0,2869545.0,2869934.0,2870294.0,2870733.0,2871193.0,2871659.0,2872077.0,2872449.0,2872823.0,2873232.0,2873577.0,2874050.0,2874612.0,2875136.0,2875604.0,2876018.0,2876483.0,2876949.0,2877488.0,2877996.0,2878430.0,2879012.0,2879515.0,2879991.0,2880535.0,2881139.0,2881660.0,2882257.0,2882791.0,2883275.0,2883826.0,2884180.0,2884747.0,2885288.0,2885811.0,2886206.0,2886796.0,2887273.0,2887797.0,2888378.0,2888897.0,2889371.0,2889853.0,2890377.0,2890846.0,2891355.0,2891922.0,2892333.0,2892796.0,2893169.0,2893618.0,2894070.0,2894610.0,2895058.0,2895514.0,2895934.0,2896459.0,2896999.0,2897577.0,2898095.0,2898533.0,2898995.0,2899434.0,2899833
PIGTwUKnBto,86401.0,86417.0,86441.0,86456.0,86481.0,86502.0,86522.0,86548.0,86576.0,86597.0,86622.0,86646.0,86665.0,86683.0,86716.0,86736.0,86758.0,86777.0,86798.0,86818.0,86836.0,86855.0,86875.0,86887.0,86898.0,86920.0,86941.0,86966.0,86991.0,87011.0,87042.0,87054.0,87064.0,87079.0,87103.0,87121.0,87137.0,87163.0,87210.0,87235.0,87262.0,87286.0,87310.0,87330.0,87356.0,87378.0,87402.0,87420.0,87449.0,87489.0,87509.0,87528.0,87555.0,87579.0,87607.0,87626.0,87663.0,87679.0,87697.0,87714.0,87733.0,87760.0,87774.0,87787.0,87805.0,87831.0,87845.0,87851.0,87863.0,87874.0,87891.0,87911.0,87923.0,87933.0,87948.0,87955.0,87970.0,87992.0,88008.0,88018.0,88035.0,88051.0,88072.0,88085.0,88099.0,88113.0,88131.0,88142.0,88158.0,88178.0,88196.0,88221.0,88237.0,88264.0,88276.0,88295.0,88303.0,88315.0,88329.0,88347.0,88362.0,88373.0,88389.0,88403.0,88429.0,88449.0,88463.0,88478.0,88493.0,88508.0,88522.0,88540.0,88559.0,88580.0,88592.0,88600.0,88616.0,88635.0,88670.0,88698.0,88717.0,88730.0,88750.0,88763.0,88770.0,88785.0,88805.0,88824.0,88834.0,88851.0,88869.0,88884.0,88898.0,88915.0,,,,,,,,,89018.0,89033.0,89038.0,89047.0,89052.0,89069.0,89080.0,89095.0,89116.0,89131.0,89142.0,89150.0,89162.0,89175.0,89186.0,89205.0,89221.0,89229.0,89243.0,89254.0,89274.0,89288.0,89316.0,89327.0,89336.0,89348.0,89374.0,89386.0,89406.0,89414.0,89434.0,89454.0,89471.0,89487.0,89502.0,89523.0,89551.0,89570.0,89586.0,89595.0,89606.0,89622.0,89632.0,89648.0,89661.0,89681.0,89687.0,89695.0,89715.0,89735.0,89744.0,89766.0,89778.0,89787.0,89794.0,89809.0,89823.0,89838.0,89850.0,89860.0,89871.0,89885.0,89902.0,89907.0,89922.0,89935.0,89947.0,89954.0,89959.0,89967.0,89978.0,89997
p02tFXNdfbM,49663.0,49673.0,49681.0,49688.0,49702.0,49708.0,49720.0,49728.0,49738.0,49752.0,49765.0,49774.0,49784.0,49801.0,49810.0,49822.0,49832.0,49843.0,49853.0,49858.0,49869.0,49880.0,49889.0,49895.0,49900.0,49910.0,49917.0,49926.0,49933.0,49939.0,49943.0,49948.0,49953.0,49960.0,49970.0,49982.0,49987.0,49990.0,49998.0,50002.0,50007.0,50013.0,50020.0,50023.0,50025.0,50029.0,50032.0,50040.0,50043.0,50051.0,50054.0,50059.0,50067.0,50068.0,50077.0,50086.0,50092.0,50098.0,50104.0,50105.0,50111.0,50112.0,50118.0,50121.0,50126.0,50129.0,50132.0,50137.0,50142.0,50149.0,50155.0,50157.0,50161.0,50163.0,50169.0,50177.0,50184.0,50187.0,50198.0,50203.0,50222.0,50230.0,50240.0,50249.0,50256.0,50264.0,50271.0,50278.0,50286.0,50293.0,50304.0,50317.0,50322.0,50338.0,50348.0,50359.0,50361.0,50364.0,50370.0,50378.0,50387.0,50394.0,50399.0,50404.0,50412.0,50422.0,50425.0,50432.0,50443.0,50450.0,50453.0,50460.0,50463.0,50466.0,50472.0,50482.0,50490.0,50502.0,50512.0,50526.0,50529.0,50535.0,50544.0,50549.0,50552.0,50564.0,50569.0,50587.0,50592.0,50597.0,50608.0,50615.0,50626.0,50629.0,,,,,,,,,50687.0,50697.0,50704.0,50711.0,50718.0,50744.0,50748.0,50755.0,50760.0,50766.0,50771.0,50775.0,50777.0,50784.0,50795.0,50799.0,50804.0,50808.0,50812.0,50818.0,50825.0,50835.0,50839.0,50845.0,50856.0,50859.0,50867.0,50874.0,50883.0,50886.0,50891.0,50895.0,50897.0,50900.0,50907.0,50910.0,50917.0,50927.0,50927.0,50932.0,50933.0,50940.0,50947.0,50949.0,50952.0,50952.0,50959.0,50967.0,50971.0,50974.0,50978.0,50983.0,50989.0,50991.0,50991.0,50994.0,50996.0,51002.0,51005.0,51010.0,51013.0,51015.0,51016.0,51017.0,51020.0,51023.0,51028.0,51036.0,51039.0,51046.0,51050.0,51053
G9m_6OSxhdQ,34274.0,34285.0,34292.0,34294.0,34301.0,34306.0,34313.0,34324.0,34328.0,34341.0,34352.0,34361.0,34382.0,34398.0,34411.0,34431.0,34454.0,34468.0,34489.0,34501.0,34514.0,34523.0,34538.0,34550.0,34556.0,34569.0,34576.0,34588.0,34600.0,34608.0,34620.0,34626.0,34639.0,34644.0,34659.0,34673.0,34681.0,34697.0,34707.0,34723.0,34733.0,34744.0,34762.0,34769.0,34792.0,34799.0,34814.0,34829.0,34844.0,34863.0,34878.0,34891.0,34908.0,34915.0,34921.0,34928.0,34940.0,34951.0,34959.0,34969.0,34980.0,34991.0,34999.0,35014.0,35027.0,35035.0,35042.0,35051.0,35059.0,35071.0,35075.0,35083.0,35088.0,35094.0,35098.0,35107.0,35113.0,35118.0,35132.0,35139.0,35150.0,35158.0,35167.0,35176.0,35187.0,35202.0,35221.0,35236.0,35250.0,35263.0,35274.0,35294.0,35304.0,35313.0,35325.0,35336.0,35344.0,35355.0,35362.0,35371.0,35379.0,35388.0,35397.0,35411.0,35424.0,35434.0,35437.0,35453.0,35464.0,35470.0,35479.0,35488.0,35501.0,35516.0,35527.0,35537.0,35550.0,35565.0,35573.0,35584.0,35597.0,35604.0,35615.0,35626.0,35633.0,35642.0,35652.0,35664.0,35672.0,35685.0,35695.0,35707.0,35713.0,35724.0,,,,,,,,,35826.0,35827.0,35837.0,35842.0,35856.0,35861.0,35868.0,35877.0,35884.0,35897.0,35912.0,35921.0,35928.0,35935.0,35941.0,35944.0,35949.0,35956.0,35962.0,35971.0,35976.0,35982.0,35983.0,35990.0,35992.0,35996.0,36003.0,36010.0,36016.0,36020.0,36023.0,36027.0,36032.0,36039.0,36047.0,36050.0,36058.0,36064.0,36066.0,36074.0,36077.0,36085.0,36092.0,36100.0,36105.0,36110.0,36121.0,36134.0,36146.0,36163.0,36170.0,36178.0,36190.0,36193.0,36203.0,36211.0,36217.0,36225.0,36231.0,36245.0,36254.0,36270.0,36277.0,36280.0,36285.0,36296.0,36301.0,36307.0,36309.0,36314.0,36319.0,36325
sTYqPRWgUkk,42896.0,42913.0,42925.0,42935.0,42950.0,42963.0,42980.0,42995.0,43007.0,43026.0,43038.0,43047.0,43061.0,43077.0,43085.0,43092.0,43102.0,43114.0,43120.0,43126.0,43150.0,43166.0,43189.0,43203.0,43225.0,43240.0,43253.0,43273.0,43293.0,43307.0,43336.0,43365.0,43390.0,43405.0,43419.0,43428.0,43439.0,43455.0,43477.0,43500.0,43520.0,43531.0,43546.0,43560.0,43571.0,43588.0,43599.0,43609.0,43634.0,43653.0,43670.0,43685.0,43692.0,43697.0,43707.0,43714.0,43722.0,43734.0,43741.0,43743.0,43746.0,43753.0,43769.0,43781.0,43790.0,43802.0,43814.0,43826.0,43840.0,43850.0,43863.0,43871.0,43880.0,43887.0,43900.0,43948.0,43986.0,44014.0,44025.0,44042.0,44048.0,44064.0,44082.0,44096.0,44112.0,44130.0,44136.0,44143.0,44153.0,44179.0,44185.0,44195.0,44202.0,44216.0,44226.0,44232.0,44236.0,44244.0,44252.0,44261.0,44270.0,44276.0,44284.0,44287.0,44294.0,44301.0,44306.0,44309.0,44317.0,44328.0,44339.0,44357.0,44369.0,44378.0,44385.0,44398.0,44421.0,44432.0,44440.0,44456.0,44477.0,44483.0,44494.0,44508.0,44514.0,44534.0,44543.0,44564.0,44581.0,44592.0,44606.0,44618.0,44630.0,44639.0,,,,,,,,,44769.0,44776.0,44786.0,44795.0,44804.0,44815.0,44828.0,44848.0,44863.0,44876.0,44885.0,44890.0,44907.0,44915.0,44918.0,44923.0,44931.0,44942.0,44952.0,44961.0,44970.0,44974.0,44985.0,44992.0,44998.0,45009.0,45014.0,45022.0,45026.0,45034.0,45044.0,45053.0,45060.0,45068.0,45078.0,45083.0,45092.0,45100.0,45107.0,45115.0,45121.0,45133.0,45141.0,45157.0,45167.0,45176.0,45180.0,45189.0,45201.0,45212.0,45217.0,45229.0,45236.0,45241.0,45253.0,45261.0,45268.0,45273.0,45282.0,45302.0,45306.0,45312.0,45319.0,45324.0,45328.0,45337.0,45340.0,45345.0,45351.0,45357.0,45362.0,45367
LEuN72jzLAk,1160780.0,1160831.0,1160885.0,1160932.0,1160985.0,1161034.0,1161073.0,1161126.0,1161182.0,1161242.0,1161312.0,1161371.0,1161418.0,1161486.0,1161534.0,1161586.0,1161625.0,1161676.0,1161750.0,1161790.0,1161831.0,1161883.0,1161912.0,1161961.0,1162005.0,1162036.0,1162075.0,1162121.0,1162166.0,1162196.0,1162229.0,1162275.0,1162320.0,1162362.0,1162402.0,1162446.0,1162493.0,1162531.0,1162568.0,1162609.0,1162657.0,1162704.0,1162746.0,1162793.0,1162843.0,1162897.0,1162951.0,1163007.0,1163054.0,1163126.0,1163185.0,1163225.0,1163262.0,1163316.0,1163354.0,1163384.0,1163415.0,1163463.0,1163492.0,1163537.0,1163575.0,1163621.0,1163656.0,1163714.0,1163763.0,1163795.0,1163831.0,1163873.0,1163911.0,1163958.0,1164004.0,1164047.0,1164098.0,1164156.0,1164208.0,1164262.0,1164317.0,1164353.0,1164403.0,1164482.0,1164587.0,1164695.0,1164759.0,1164809.0,1164855.0,1164907.0,1164944.0,1164991.0,1165023.0,1165063.0,1165107.0,1165153.0,1165196.0,1165242.0,1165309.0,1165366.0,1165412.0,1165454.0,1165504.0,1165550.0,1165609.0,1165668.0,1165708.0,1165745.0,1165798.0,1165843.0,1165885.0,1165953.0,1166025.0,1166070.0,1166120.0,1166177.0,1166226.0,1166277.0,1166331.0,1166367.0,1166416.0,1166466.0,1166508.0,1166552.0,1166589.0,1166641.0,1166696.0,1166745.0,1166777.0,1166815.0,1166855.0,1166905.0,1166944.0,1166986.0,1167034.0,1167067.0,1167113.0,1167174.0,,,,,,,,,1167521.0,1167554.0,1167591.0,1167650.0,1167675.0,1167709.0,1167742.0,1167773.0,1167819.0,1167850.0,1167888.0,1167932.0,1167974.0,1168003.0,1168043.0,1168106.0,1168159.0,1168185.0,1168235.0,1168266.0,1168349.0,1168408.0,1168463.0,1168507.0,1168554.0,1168588.0,1168622.0,1168660.0,1168723.0,1168775.0,1168821.0,1168860.0,1168897.0,1168932.0,1168977.0,1169008.0,1169039.0,1169091.0,1169125.0,1169161.0,1169205.0,1169239.0,1169280.0,1169315.0,1169344.0,1169385.0,1169419.0,1169448.0,1169474.0,1169505.0,1169552.0,1169586.0,1169624.0,1169669.0,1169696.0,1169730.0,1169766.0,1169791.0,1169830.0,1169858.0,1169889.0,1169920.0,1169956.0,1169998.0,1170037.0,1170077.0,1170111.0,1170157.0,1170185.0,1170232.0,1170261.0,1170300
1LaK9VaHIXE,71964.0,71964.0,71964.0,71964.0,71964.0,71964.0,71964.0,71964.0,71964.0,71964.0,71964.0,71964.0,71964.0,71964.0,71964.0,71964.0,71964.0,71964.0,71964.0,71964.0,71964.0,71964.0,71964.0,71964.0,71964.0,71964.0,71964.0,71964.0,71964.0,71964.0,71964.0,71964.0,71964.0,71964.0,71964.0,71964.0,71964.0,71964.0,71964.0,71964.0,71964.0,71964.0,71964.0,71964.0,71964.0,71964.0,71964.0,71964.0,71964.0,71964.0,71964.0,71964.0,71964.0,71964.0,71964.0,71964.0,71964.0,71964.0,71964.0,71964.0,71964.0,71964.0,71964.0,71964.0,71964.0,71964.0,71964.0,71964.0,71964.0,71964.0,71964.0,71964.0,71964.0,71964.0,71964.0,71964.0,71964.0,71964.0,71964.0,71964.0,71964.0,71964.0,71964.0,71964.0,71964.0,71964.0,71964.0,71964.0,71964.0,71964.0,71964.0,71964.0,71964.0,71964.0,71964.0,71964.0,71964.0,71964.0,71964.0,71964.0,71964.0,71964.0,71964.0,71964.0,71964.0,71964.0,71964.0,71964.0,71964.0,71964.0,71964.0,71964.0,71964.0,71964.0,71964.0,71964.0,71964.0,71964.0,71964.0,71964.0,71964.0,71964.0,71964.0,71964.0,71964.0,71964.0,71964.0,71964.0,71964.0,71964.0,71964.0,71964.0,71964.0,71964.0,,,,,,,,,71964.0,71964.0,71964.0,71964.0,71964.0,71964.0,71964.0,71964.0,71964.0,71964.0,71964.0,71964.0,71964.0,71964.0,71964.0,71964.0,71964.0,71964.0,71964.0,71964.0,71964.0,71964.0,71964.0,71964.0,71964.0,71964.0,71964.0,71964.0,71964.0,71964.0,71964.0,71964.0,71964.0,71964.0,71964.0,71964.0,71964.0,71964.0,71964.0,71964.0,71964.0,71964.0,71964.0,71964.0,71964.0,71964.0,71964.0,71964.0,71964.0,71964.0,71964.0,71964.0,71964.0,71964.0,71964.0,71964.0,71964.0,71964.0,71964.0,71964.0,71964.0,71964.0,71964.0,71964.0,71964.0,71964.0,71964.0,71964.0,71964.0,71964.0,71964.0,71964
cRjLDhyVm2U,82819.0,82834.0,82841.0,82865.0,82882.0,82892.0,82909.0,82921.0,82932.0,82963.0,82974.0,82988.0,83012.0,83024.0,83035.0,83048.0,83056.0,83064.0,83079.0,83088.0,83095.0,83108.0,83127.0,83143.0,83152.0,83170.0,83188.0,83205.0,83224.0,83238.0,83255.0,83277.0,83291.0,83306.0,83326.0,83339.0,83351.0,83361.0,83368.0,83378.0,83387.0,83405.0,83416.0,83432.0,83450.0,83465.0,83473.0,83491.0,83515.0,83531.0,83542.0,83553.0,83569.0,83586.0,83600.0,83612.0,83621.0,83624.0,83640.0,83656.0,83666.0,83677.0,83686.0,83708.0,83726.0,83735.0,83748.0,83755.0,83770.0,83779.0,83789.0,83800.0,83812.0,83826.0,83836.0,83845.0,83859.0,83867.0,83880.0,83884.0,83893.0,83901.0,83914.0,83924.0,83937.0,83947.0,83955.0,83967.0,83977.0,83990.0,84003.0,84012.0,84019.0,84034.0,84040.0,84046.0,84053.0,84058.0,84067.0,84085.0,84095.0,84104.0,84111.0,84130.0,84147.0,84163.0,84180.0,84198.0,84221.0,84238.0,84253.0,84263.0,84280.0,84306.0,84340.0,84361.0,84375.0,84395.0,84406.0,84416.0,84430.0,84447.0,84453.0,84466.0,84482.0,84506.0,84513.0,84528.0,84549.0,84557.0,84572.0,84580.0,84593.0,84609.0,,,,,,,,,84723.0,84737.0,84745.0,84759.0,84776.0,84789.0,84803.0,84815.0,84824.0,84841.0,84847.0,84856.0,84880.0,84889.0,84897.0,84904.0,84918.0,84923.0,84935.0,84947.0,84955.0,84963.0,84972.0,84987.0,84994.0,85007.0,85018.0,85039.0,85051.0,85072.0,85091.0,85103.0,85120.0,85142.0,85156.0,85169.0,85178.0,85195.0,85206.0,85218.0,85225.0,85240.0,85246.0,85260.0,85268.0,85277.0,85293.0,85314.0,85325.0,85336.0,85345.0,85356.0,85367.0,85374.0,85380.0,85391.0,85402.0,85421.0,85433.0,85445.0,85459.0,85466.0,85474.0,85483.0,85489.0,85502.0,85510.0,85523.0,85534.0,85542.0,85551.0,85567
7WIYlZwzOJQ,11414.0,11418.0,11424.0,11427.0,11430.0,11432.0,11433.0,11438.0,11450.0,11453.0,11457.0,11462.0,11466.0,11469.0,11476.0,11482.0,11485.0,11491.0,11494.0,11499.0,11504.0,11512.0,11516.0,11519.0,11524.0,11528.0,11531.0,11535.0,11539.0,11542.0,11547.0,11552.0,11554.0,11558.0,11563.0,11569.0,11573.0,11578.0,11580.0,11597.0,11599.0,11602.0,11605.0,11607.0,11608.0,11610.0,11613.0,11614.0,11616.0,11618.0,11618.0,11620.0,11621.0,11623.0,11626.0,11630.0,11633.0,11639.0,11645.0,11646.0,11646.0,11649.0,11653.0,11656.0,11658.0,11660.0,11661.0,11665.0,11669.0,11676.0,11682.0,11684.0,11685.0,11689.0,11694.0,11697.0,11699.0,11703.0,11704.0,11706.0,11708.0,11711.0,11714.0,11717.0,11721.0,11725.0,11728.0,11732.0,11737.0,11744.0,11748.0,11750.0,11755.0,11758.0,11760.0,11772.0,11777.0,11779.0,11782.0,11785.0,11793.0,11804.0,11807.0,11812.0,11819.0,11826.0,11829.0,11832.0,11833.0,11841.0,11845.0,11849.0,11856.0,11862.0,11865.0,11869.0,11871.0,11879.0,11882.0,11886.0,11892.0,11893.0,11896.0,11898.0,11902.0,11906.0,11908.0,11913.0,11917.0,11919.0,11927.0,11929.0,11938.0,11939.0,,,,,,,,,12002.0,12004.0,12009.0,12017.0,12019.0,12026.0,12029.0,12033.0,12040.0,12045.0,12048.0,12052.0,12060.0,12067.0,12078.0,12083.0,12087.0,12092.0,12099.0,12103.0,12116.0,12120.0,12126.0,12128.0,12130.0,12134.0,12135.0,12140.0,12147.0,12149.0,12154.0,12154.0,12157.0,12157.0,12161.0,12163.0,12166.0,12168.0,12172.0,12173.0,12181.0,12183.0,12187.0,12190.0,12195.0,12197.0,12200.0,12204.0,12206.0,12210.0,12213.0,12217.0,12218.0,12220.0,12223.0,12225.0,12225.0,12226.0,12228.0,12233.0,12236.0,12240.0,12243.0,12246.0,12246.0,12248.0,12250.0,12251.0,12252.0,12253.0,12253.0,12254
3zIivLTs3X0,7139.0,7140.0,7140.0,7140.0,7142.0,7146.0,7146.0,7147.0,7148.0,7151.0,7151.0,7152.0,7156.0,7157.0,7157.0,7158.0,7159.0,7159.0,7159.0,7160.0,7163.0,7164.0,7166.0,7169.0,7171.0,7171.0,7173.0,7173.0,7173.0,7174.0,7176.0,7177.0,7177.0,7177.0,7181.0,7181.0,7182.0,7183.0,7184.0,7186.0,7186.0,7186.0,7186.0,7188.0,7190.0,7192.0,7192.0,7195.0,7195.0,7198.0,7201.0,7202.0,7201.0,7202.0,7202.0,7208.0,7208.0,7209.0,7210.0,7210.0,7210.0,7212.0,7212.0,7213.0,7213.0,7213.0,7214.0,7214.0,7214.0,7216.0,7218.0,7222.0,7224.0,7225.0,7225.0,7226.0,7228.0,7228.0,7228.0,7229.0,7230.0,7232.0,7233.0,7233.0,7234.0,7234.0,7235.0,7235.0,7237.0,7236.0,7235.0,7235.0,7235.0,7239.0,7239.0,7239.0,7240.0,7240.0,7242.0,7243.0,7243.0,7245.0,7245.0,7248.0,7252.0,7253.0,7255.0,7256.0,7256.0,7263.0,7263.0,7264.0,7264.0,7266.0,7271.0,7273.0,7277.0,7278.0,7279.0,7280.0,7281.0,7284.0,7287.0,7289.0,7290.0,7291.0,7291.0,7293.0,7294.0,7299.0,7300.0,7300.0,7302.0,7302.0,,,,,,,,,7319.0,7323.0,7324.0,7325.0,7326.0,7326.0,7326.0,7326.0,7327.0,7330.0,7331.0,7331.0,7333.0,7335.0,7335.0,7339.0,7339.0,7344.0,7344.0,7345.0,7345.0,7346.0,7346.0,7347.0,7349.0,7349.0,7351.0,7353.0,7360.0,7361.0,7361.0,7364.0,7367.0,7367.0,7369.0,7369.0,7372.0,7372.0,7373.0,7381.0,7387.0,7387.0,7389.0,7392.0,7394.0,7395.0,7402.0,7410.0,7411.0,7411.0,7411.0,7413.0,7415.0,7417.0,7417.0,7418.0,7420.0,7422.0,7424.0,7427.0,7430.0,7432.0,7438.0,7441.0,7442.0,7444.0,7447.0,7451.0,7450.0,7450.0,7450.0,7451
cG7E0AHWyLI,9600.0,9614.0,9631.0,9643.0,9653.0,9672.0,9687.0,9702.0,9715.0,9731.0,9744.0,9754.0,9764.0,9771.0,9790.0,9804.0,9813.0,9826.0,9838.0,9856.0,9863.0,9874.0,9892.0,9900.0,9909.0,9923.0,9932.0,9953.0,9968.0,9983.0,9995.0,10006.0,10018.0,10030.0,10042.0,10052.0,10071.0,10081.0,10089.0,10098.0,10110.0,10122.0,10135.0,10148.0,10158.0,10169.0,10184.0,10204.0,10218.0,10226.0,10245.0,10258.0,10273.0,10296.0,10316.0,10335.0,10351.0,10356.0,10363.0,10384.0,10396.0,10406.0,10423.0,10445.0,10457.0,10473.0,10482.0,10487.0,10502.0,10509.0,10520.0,10530.0,10533.0,10543.0,10554.0,10560.0,10576.0,10584.0,10596.0,10603.0,10612.0,10626.0,10638.0,10645.0,10650.0,10658.0,10662.0,10670.0,10681.0,10692.0,10697.0,10705.0,10720.0,10728.0,10729.0,10741.0,10754.0,10763.0,10774.0,10781.0,10791.0,10797.0,10805.0,10811.0,10823.0,10834.0,10844.0,10854.0,10870.0,10884.0,10895.0,10914.0,10931.0,10947.0,10951.0,10963.0,10971.0,10980.0,10994.0,11003.0,11013.0,11018.0,11027.0,11036.0,11054.0,11063.0,11076.0,11084.0,11092.0,11098.0,11101.0,11106.0,11114.0,11120.0,,,,,,,,,11536.0,11570.0,11629.0,11695.0,11775.0,11840.0,11908.0,11959.0,12040.0,12113.0,12187.0,12290.0,12362.0,12424.0,12511.0,12581.0,12662.0,12734.0,12829.0,12883.0,12915.0,12949.0,12979.0,13025.0,13051.0,13088.0,13159.0,13199.0,13235.0,13272.0,13313.0,13348.0,13389.0,13425.0,13471.0,13497.0,13518.0,13535.0,13562.0,13588.0,13630.0,13658.0,13685.0,13714.0,13751.0,13798.0,13849.0,13918.0,13954.0,14005.0,14057.0,14130.0,14199.0,14259.0,14331.0,14379.0,14433.0,14467.0,14521.0,14572.0,14611.0,14649.0,14690.0,14717.0,14754.0,14796.0,14861.0,14909.0,14943.0,14990.0,15034.0,15077
Kad9ieYMF4Y,10673498.0,10673570.0,10673643.0,10673702.0,10673783.0,10673839.0,10673914.0,10673989.0,10674051.0,10674115.0,10674178.0,10674239.0,10674311.0,10674383.0,10674465.0,10674533.0,10674598.0,10674683.0,10674752.0,10674823.0,10674889.0,10674956.0,10675008.0,10675072.0,10675133.0,10675198.0,10675249.0,10675315.0,10675374.0,10675445.0,10675520.0,10675579.0,10675635.0,10675678.0,10675742.0,10675810.0,10675874.0,10675943.0,10676015.0,10676076.0,10676151.0,10676209.0,10676277.0,10676356.0,10676422.0,10676480.0,10676537.0,10676583.0,10676637.0,10676694.0,10676760.0,10676882.0,10676981.0,10677065.0,10677132.0,10677213.0,10677273.0,10677346.0,10677401.0,10677466.0,10677537.0,10677577.0,10677654.0,10677715.0,10677782.0,10677845.0,10677916.0,10677964.0,10678006.0,10678079.0,10678143.0,10678225.0,10678288.0,10678353.0,10678411.0,10678475.0,10678553.0,10678613.0,10678672.0,10678754.0,10678830.0,10678894.0,10678964.0,10679028.0,10679089.0,10679161.0,10679221.0,10679284.0,10679339.0,10679390.0,10679445.0,10679506.0,10679560.0,10679622.0,10679680.0,10679742.0,10679796.0,10679848.0,10679899.0,10679950.0,10680015.0,10680070.0,10680116.0,10680173.0,10680240.0,10680302.0,10680365.0,10680428.0,10680483.0,10680540.0,10680580.0,10680635.0,10680677.0,10680726.0,10680797.0,10680867.0,10680905.0,10680953.0,10681025.0,10681090.0,10681135.0,10681178.0,10681225.0,10681269.0,10681317.0,10681366.0,10681420.0,10681477.0,10681534.0,10681576.0,10681634.0,10681674.0,10681716.0,10681772.0,,,,,,,,,10682233.0,10682294.0,10682334.0,10682386.0,10682426.0,10682481.0,10682531.0,10682581.0,10682633.0,10682687.0,10682750.0,10682808.0,10682865.0,10682916.0,10682972.0,10683018.0,10683077.0,10683119.0,10683161.0,10683228.0,10683268.0,10683324.0,10683376.0,10683432.0,10683468.0,10683527.0,10683585.0,10683647.0,10683704.0,10683755.0,10683830.0,10683871.0,10683929.0,10683995.0,10684037.0,10684088.0,10684152.0,10684199.0,10684252.0,10684307.0,10684373.0,10684427.0,10684491.0,10684545.0,10684600.0,10684651.0,10684702.0,10684724.0,10684759.0,10684796.0,10684833.0,10684875.0,10684917.0,10684967.0,10685003.0,10685055.0,10685096.0,10685143.0,10685181.0,10685244.0,10685294.0,10685334.0,10685388.0,10685426.0,10685460.0,10685489.0,10685521.0,10685577.0,10685610.0,10685657.0,10685696.0,10685736
crUnaCpci2U,41480170.0,41482268.0,41484353.0,41486600.0,41488818.0,41490937.0,41493114.0,41495389.0,41497582.0,41499665.0,41501816.0,41503732.0,41505753.0,41507769.0,41509964.0,41512206.0,41514510.0,41516659.0,41518706.0,41520630.0,41522866.0,41525181.0,41527253.0,41529260.0,41531116.0,41532905.0,41534600.0,41536339.0,41538112.0,41539970.0,41541891.0,41544024.0,41545768.0,41547667.0,41549616.0,41551538.0,41553591.0,41555800.0,41557988.0,41559926.0,41561887.0,41563872.0,41565856.0,41567793.0,41569763.0,41571702.0,41573659.0,41575708.0,41577909.0,41580075.0,41582166.0,41584404.0,41586420.0,41588216.0,41590220.0,41592383.0,41594458.0,41596582.0,41598872.0,41601251.0,41603358.0,41605627.0,41608026.0,41610073.0,41612402.0,41614902.0,41617321.0,41619549.0,41621570.0,41624092.0,41626391.0,41628623.0,41631075.0,41633375.0,41635453.0,41637555.0,41639748.0,41642165.0,41644573.0,41646881.0,41649249.0,41651306.0,41653317.0,41655430.0,41657513.0,41659795.0,41662099.0,41664395.0,41666401.0,41668275.0,41670169.0,41672160.0,41674322.0,41676459.0,41679003.0,41681464.0,41684136.0,41686677.0,41689402.0,41692373.0,41695252.0,41698390.0,41701202.0,41703695.0,41706127.0,41708593.0,41711182.0,41713653.0,41715956.0,41717989.0,41719910.0,41721995.0,41724212.0,41726356.0,41728594.0,41730895.0,41733019.0,41735018.0,41736971.0,41739004.0,41741204.0,41743359.0,41745713.0,41747883.0,41749581.0,41751420.0,41753210.0,41755010.0,41756791.0,41758403.0,41759940.0,41761580.0,41763237.0,41764897.0,,,,,,,,,41779783.0,41781546.0,41783037.0,41784481.0,41785923.0,41787281.0,41788658.0,41790015.0,41791414.0,41792615.0,41793949.0,41795211.0,41796532.0,41798049.0,41799576.0,41801027.0,41802183.0,41803442.0,41804748.0,41806209.0,41807643.0,41809241.0,41810664.0,41812072.0,41813552.0,41814960.0,41816467.0,41817936.0,41819292.0,41820983.0,41822533.0,41824123.0,41825710.0,41827339.0,41828809.0,41830431.0,41831872.0,41833319.0,41834816.0,41836341.0,41837894.0,41839446.0,41840986.0,41842525.0,41844011.0,41845619.0,41847250.0,41848909.0,41850626.0,41852263.0,41853736.0,41855154.0,41856577.0,41858107.0,41859661.0,41861416.0,41863031.0,41864503.0,41866037.0,41867632.0,41869191.0,41870753.0,41872136.0,41873751.0,41875345.0,41876734.0,41878430.0,41880136.0,41881748.0,41883167.0,41884737.0,41886299
vaKVbKPQOqY,33513933.0,33515406.0,33516839.0,33518402.0,33519924.0,33521494.0,33523135.0,33524719.0,33526313.0,33527768.0,33529223.0,33530696.0,33532228.0,33533929.0,33535565.0,33537116.0,33538515.0,33539945.0,33541226.0,33543020.0,33544634.0,33546289.0,33548175.0,33549807.0,33551238.0,33552740.0,33554353.0,33555937.0,33557649.0,33559200.0,33560602.0,33562232.0,33563749.0,33565211.0,33566807.0,33568462.0,33570116.0,33571589.0,33573298.0,33574841.0,33576475.0,33578078.0,33579617.0,33581267.0,33582902.0,33584483.0,33586261.0,33588245.0,33590089.0,33591716.0,33593370.0,33595156.0,33597012.0,33598757.0,33600621.0,33602355.0,33604093.0,33605873.0,33607517.0,33609318.0,33611146.0,33612928.0,33614753.0,33616518.0,33618578.0,33620275.0,33621830.0,33623343.0,33624958.0,33626879.0,33628480.0,33630005.0,33631505.0,33633204.0,33634943.0,33637825.0,33640611.0,33642939.0,33645702.0,33648046.0,33650528.0,33652845.0,33655278.0,33657472.0,33659824.0,33662272.0,33664511.0,33666663.0,33669084.0,33672007.0,33674432.0,33676772.0,33679186.0,33681682.0,33684485.0,33686673.0,33688866.0,33691204.0,33693579.0,33695992.0,33698431.0,33700886.0,33703074.0,33705082.0,33706969.0,33708800.0,33710525.0,33712174.0,33713868.0,33715747.0,33717500.0,33719318.0,33720985.0,33722649.0,33724224.0,33725794.0,33727369.0,33728936.0,33730461.0,33731983.0,33733452.0,33734869.0,33736260.0,33737675.0,33739055.0,33740559.0,33742073.0,33743592.0,33745109.0,33746538.0,33747900.0,33749281.0,33750775.0,33752090.0,,,,,,,,,33764639.0,33766058.0,33767363.0,33768811.0,33770128.0,33771681.0,33772976.0,33774277.0,33775554.0,33776919.0,33778267.0,33779644.0,33781059.0,33782448.0,33783784.0,33785214.0,33786622.0,33788042.0,33789451.0,33790910.0,33792670.0,33794600.0,33796270.0,33797822.0,33799425.0,33800911.0,33802360.0,33803783.0,33805127.0,33806424.0,33807786.0,33809171.0,33810561.0,33812021.0,33813398.0,33814765.0,33816118.0,33817512.0,33818992.0,33820488.0,33822158.0,33823672.0,33825045.0,33826648.0,33828446.0,33830145.0,33831877.0,33833695.0,33835357.0,33837151.0,33838756.0,33840221.0,33841664.0,33843186.0,33844772.0,33846314.0,33847693.0,33849315.0,33850818.0,33852336.0,33854261.0,33855938.0,33857158.0,33858562.0,33859945.0,33861441.0,33863027.0,33864496.0,33865938.0,33867166.0,33868631.0,33870061
dnKlw02lFhI,174621.0,174649.0,174673.0,174705.0,174732.0,174783.0,174810.0,174853.0,174885.0,174918.0,174957.0,174989.0,175036.0,175072.0,175111.0,175145.0,175178.0,175211.0,175239.0,175288.0,175348.0,175388.0,175428.0,175471.0,175502.0,175534.0,175568.0,175603.0,175650.0,175686.0,175723.0,175748.0,175792.0,175823.0,175865.0,175904.0,175951.0,176002.0,176035.0,176078.0,176107.0,176137.0,176166.0,176209.0,176234.0,176262.0,176294.0,176332.0,176368.0,176397.0,176425.0,176452.0,176499.0,176536.0,176562.0,176602.0,176631.0,176668.0,176693.0,176715.0,176743.0,176785.0,176820.0,176846.0,176877.0,176895.0,176924.0,176946.0,176964.0,176993.0,177020.0,177062.0,177090.0,177118.0,177146.0,177192.0,177250.0,177296.0,177339.0,177380.0,177423.0,177447.0,177492.0,177529.0,177570.0,177597.0,177627.0,177673.0,177711.0,177740.0,177787.0,177830.0,177870.0,177909.0,177950.0,177977.0,178011.0,178045.0,178074.0,178114.0,178137.0,178159.0,178186.0,178217.0,178252.0,178274.0,178293.0,178331.0,178348.0,178378.0,178398.0,178420.0,178455.0,178478.0,178505.0,178543.0,178574.0,178595.0,178630.0,178663.0,178705.0,178744.0,178779.0,178805.0,178850.0,178885.0,178909.0,178954.0,178989.0,179019.0,179047.0,179068.0,179096.0,179130.0,,,,,,,,,179388.0,179407.0,179432.0,179467.0,179498.0,179526.0,179564.0,179586.0,179618.0,179649.0,179672.0,179696.0,179721.0,179757.0,179781.0,179807.0,179831.0,179865.0,179898.0,179926.0,179959.0,179979.0,180007.0,180035.0,180079.0,180110.0,180141.0,180168.0,180195.0,180214.0,180239.0,180267.0,180298.0,180319.0,180349.0,180376.0,180404.0,180435.0,180454.0,180480.0,180513.0,180538.0,180563.0,180595.0,180617.0,180645.0,180666.0,180691.0,180719.0,180742.0,180763.0,180793.0,180825.0,180854.0,180877.0,180912.0,180923.0,180953.0,180981.0,181001.0,181039.0,181054.0,181074.0,181103.0,181125.0,181155.0,181183.0,181213.0,181238.0,181259.0,181274.0,181300
YjFP3meGgFo,518957.0,519001.0,519044.0,519097.0,519135.0,519187.0,519251.0,519308.0,519370.0,519429.0,519482.0,519532.0,519577.0,519641.0,519703.0,519752.0,519787.0,519840.0,519894.0,519956.0,520018.0,520070.0,520125.0,520172.0,520220.0,520253.0,520321.0,520383.0,520453.0,520513.0,520560.0,520604.0,520645.0,520690.0,520752.0,520812.0,520872.0,520933.0,520986.0,521022.0,521064.0,521123.0,521195.0,521256.0,521335.0,521394.0,521452.0,521512.0,521561.0,521604.0,521650.0,521688.0,521739.0,521790.0,521846.0,521897.0,521964.0,522034.0,522112.0,522164.0,522237.0,522305.0,522359.0,522423.0,522505.0,522574.0,522635.0,522687.0,522740.0,522805.0,522870.0,522928.0,522994.0,523054.0,523125.0,523196.0,523286.0,523372.0,523461.0,523539.0,523601.0,523656.0,523720.0,523795.0,523866.0,523937.0,524010.0,524088.0,524140.0,524234.0,524341.0,524428.0,524473.0,524542.0,524602.0,524646.0,524709.0,524757.0,524824.0,524879.0,524925.0,524982.0,525019.0,525082.0,525148.0,525217.0,525264.0,525312.0,525345.0,525375.0,525403.0,525439.0,525483.0,525529.0,525596.0,525648.0,525699.0,525752.0,525804.0,525865.0,525923.0,525979.0,526013.0,526060.0,526107.0,526171.0,526219.0,526289.0,526349.0,526401.0,526450.0,526498.0,526555.0,526606.0,,,,,,,,,527099.0,527134.0,527177.0,527232.0,527269.0,527312.0,527374.0,527431.0,527478.0,527534.0,527584.0,527638.0,527674.0,527730.0,527786.0,527853.0,527897.0,527945.0,528001.0,528053.0,528102.0,528165.0,528209.0,528254.0,528313.0,528387.0,528475.0,528549.0,528625.0,528682.0,528748.0,528818.0,528893.0,528948.0,528999.0,529041.0,529090.0,529127.0,529168.0,529220.0,529277.0,529332.0,529388.0,529452.0,529493.0,529542.0,529591.0,529638.0,529692.0,529738.0,529786.0,529841.0,529877.0,529927.0,529973.0,530026.0,530073.0,530129.0,530172.0,530228.0,530279.0,530322.0,530361.0,530406.0,530460.0,530509.0,530559.0,530626.0,530679.0,530733.0,530787.0,530851
gnEOsAwDsRo,3974812.0,3975103.0,3975356.0,3975684.0,3975934.0,3976172.0,3976492.0,3976802.0,3977118.0,3977403.0,3977677.0,3977935.0,3978239.0,3978641.0,3979020.0,3979340.0,3979651.0,3979899.0,3980116.0,3980410.0,3980674.0,3980939.0,3981196.0,3981414.0,3981639.0,3981803.0,3982044.0,3982279.0,3982488.0,3982720.0,3983020.0,3983274.0,3983450.0,3983673.0,3983883.0,3984118.0,3984374.0,3984608.0,3984832.0,3985029.0,3985260.0,3985624.0,3985980.0,3986367.0,3986704.0,3986956.0,3987212.0,3987483.0,3987819.0,3988027.0,3988244.0,3988586.0,3988915.0,3989118.0,3989346.0,3989530.0,3989727.0,3989986.0,3990262.0,3990501.0,3990701.0,3990920.0,3991127.0,3991331.0,3991493.0,3991656.0,3991816.0,3992009.0,3992187.0,3992395.0,3992647.0,3992876.0,3993123.0,3993375.0,3993566.0,3993789.0,3994022.0,3994232.0,3994449.0,3994669.0,3994876.0,3995056.0,3995327.0,3995618.0,3995890.0,3996150.0,3996388.0,3996613.0,3996846.0,3997064.0,3997279.0,3997523.0,3997754.0,3997955.0,3998202.0,3998424.0,3998674.0,3998972.0,3999230.0,3999495.0,3999766.0,4000030.0,4000243.0,4000534.0,4000783.0,4001079.0,4001339.0,4001570.0,4001797.0,4002038.0,4002291.0,4002516.0,4002698.0,4002912.0,4003127.0,4003314.0,4003505.0,4003686.0,4003909.0,4004091.0,4004307.0,4004481.0,4004714.0,4004916.0,4005167.0,4005400.0,4005694.0,4005940.0,4006140.0,4006351.0,4006520.0,4006769.0,4007005.0,4007198.0,,,,,,,,,4009552.0,4009833.0,4010021.0,4010343.0,4010634.0,4010947.0,4011172.0,4011439.0,4011695.0,4011954.0,4012236.0,4012523.0,4012881.0,4013240.0,4013501.0,4013799.0,4014045.0,4014445.0,4014783.0,4015153.0,4015478.0,4015787.0,4016056.0,4016318.0,4016588.0,4016916.0,4017190.0,4017576.0,4018039.0,4018525.0,4019008.0,4019490.0,4019891.0,4020165.0,4020354.0,4020570.0,4020749.0,4020993.0,4021294.0,4021572.0,4021880.0,4022117.0,4022353.0,4022598.0,4022776.0,4023018.0,4023296.0,4023545.0,4023845.0,4024125.0,4024373.0,4024559.0,4024802.0,4025078.0,4025328.0,4025637.0,4025899.0,4026160.0,4026391.0,4026669.0,4026943.0,4027203.0,4027360.0,4027603.0,4027840.0,4028060.0,4028314.0,4028543.0,4028766.0,4028938.0,4029137.0,4029298
3QlnzXjc4oI,17610272.0,17610742.0,17611216.0,17611761.0,17612227.0,17612751.0,17613235.0,17613717.0,17614312.0,17614854.0,17615415.0,17615871.0,17616364.0,17616900.0,17617354.0,17617755.0,17618209.0,17618634.0,17619005.0,17619449.0,17619862.0,17620265.0,17620723.0,17621178.0,17621617.0,17622059.0,17622487.0,17622997.0,17623478.0,17623974.0,17624413.0,17624821.0,17625151.0,17625632.0,17626089.0,17626523.0,17627002.0,17627491.0,17627957.0,17628403.0,17628813.0,17629288.0,17629816.0,17630331.0,17630821.0,17631252.0,17631645.0,17632135.0,17632517.0,17632903.0,17633246.0,17633660.0,17634052.0,17634386.0,17634751.0,17635104.0,17635437.0,17635808.0,17636179.0,17636528.0,17636875.0,17637238.0,17637581.0,17637883.0,17638234.0,17638530.0,17638824.0,17639209.0,17639530.0,17639925.0,17640351.0,17640731.0,17641034.0,17641355.0,17641648.0,17641986.0,17642319.0,17642697.0,17643117.0,17643519.0,17643892.0,17644246.0,17644640.0,17645067.0,17645499.0,17645973.0,17646350.0,17646714.0,17647092.0,17647452.0,17647798.0,17648124.0,17648495.0,17648872.0,17649225.0,17649605.0,17649930.0,17650320.0,17650657.0,17651068.0,17651468.0,17651938.0,17652349.0,17652709.0,17653145.0,17653524.0,17653890.0,17654263.0,17654602.0,17654963.0,17655303.0,17655706.0,17656042.0,17656433.0,17656776.0,17657111.0,17657423.0,17657799.0,17658137.0,17658491.0,17658838.0,17659147.0,17659508.0,17659850.0,17660154.0,17660419.0,17660784.0,17661091.0,17661414.0,17661710.0,17661983.0,17662303.0,17662642.0,17662922.0,,,,,,,,,17665781.0,17666130.0,17666417.0,17666754.0,17667019.0,17667372.0,17667721.0,17668034.0,17668351.0,17668694.0,17669003.0,17669324.0,17669650.0,17670034.0,17670353.0,17670660.0,17670978.0,17671338.0,17671746.0,17672190.0,17672603.0,17672946.0,17673260.0,17673552.0,17673875.0,17674228.0,17674572.0,17674909.0,17675299.0,17675599.0,17675904.0,17676192.0,17676548.0,17676842.0,17677095.0,17677386.0,17677652.0,17677951.0,17678274.0,17678567.0,17678868.0,17679177.0,17679417.0,17679678.0,17679920.0,17680205.0,17680519.0,17680776.0,17681099.0,17681345.0,17681622.0,17681936.0,17682260.0,17682536.0,17682828.0,17683144.0,17683364.0,17683689.0,17683952.0,17684259.0,17684506.0,17684745.0,17684959.0,17685208.0,17685488.0,17685757.0,17686037.0,17686297.0,17686524.0,17686710.0,17686937.0,17687196
ksa1fisH24A,461692.0,462026.0,462305.0,462588.0,462915.0,463234.0,463559.0,463891.0,464220.0,464492.0,464746.0,465032.0,465339.0,465680.0,466111.0,466479.0,466748.0,467049.0,467363.0,467779.0,468124.0,468503.0,468920.0,469262.0,469540.0,469842.0,470178.0,470620.0,471061.0,471489.0,471864.0,472197.0,472576.0,472925.0,473306.0,473680.0,474046.0,474514.0,474847.0,475407.0,475903.0,476363.0,476813.0,477213.0,477527.0,477804.0,478114.0,478620.0,479064.0,479524.0,480001.0,480355.0,480688.0,481020.0,481504.0,481914.0,482264.0,482682.0,483093.0,483397.0,483812.0,484371.0,484820.0,485259.0,485701.0,486127.0,486437.0,486819.0,487252.0,487680.0,488085.0,488422.0,488813.0,489107.0,489454.0,489870.0,490322.0,490676.0,491084.0,491450.0,491729.0,492080.0,492385.0,492780.0,493180.0,493681.0,494075.0,494531.0,494975.0,495508.0,495981.0,496353.0,496702.0,496999.0,497286.0,497556.0,497865.0,498138.0,498490.0,498885.0,499188.0,499512.0,499952.0,500345.0,500676.0,500943.0,501205.0,501443.0,501661.0,501902.0,502244.0,502522.0,502825.0,503111.0,503331.0,503600.0,503838.0,504207.0,504545.0,504806.0,505169.0,505431.0,505744.0,506105.0,506402.0,506767.0,507245.0,507705.0,508033.0,508388.0,508721.0,509185.0,509738.0,510293.0,,,,,,,,,514206.0,514546.0,514989.0,515425.0,515805.0,516098.0,516411.0,516672.0,517010.0,517319.0,517706.0,518043.0,518464.0,518915.0,519257.0,519609.0,519972.0,520354.0,520713.0,520998.0,521236.0,521431.0,521655.0,521926.0,522132.0,522323.0,522573.0,522791.0,523005.0,523202.0,523415.0,523612.0,523846.0,524077.0,524275.0,524457.0,524594.0,524774.0,524938.0,525129.0,525322.0,525486.0,525655.0,525859.0,526048.0,526334.0,526575.0,526784.0,526991.0,527141.0,527319.0,527521.0,527765.0,528017.0,528226.0,528469.0,528701.0,528893.0,529193.0,529471.0,529752.0,530005.0,530281.0,530526.0,530744.0,531008.0,531310.0,531552.0,531755.0,531961.0,532162.0,532379
RjbuD2Q37aI,,,,,,,,,,,,,,,,,,,,,,,,,,,,,,,,,,,,,,,,,,,,,,,,,,,,,,,,,,,,,,,,,,,,,,,,,,,,,,,,,,,,,,,,,,,,,,,,,,,,,,,,,,,,,,,,,,,,,,,,,,,,,,,,,,,,,,,,,,,,,,,,,,,,,,,,,,,,,,,,,,,,,,,,,,,,,,,,,,,,,,,,,,,,,,,,,,,,,,,,,,,,,,,,,,,,,,
YDSSk-YaZ0s,1598269.0,1598721.0,1599242.0,1599772.0,1600245.0,1600792.0,1601274.0,1601775.0,1602290.0,1602810.0,1603277.0,1603792.0,1604270.0,1604846.0,1605419.0,1605960.0,1606409.0,1606904.0,1607404.0,1607819.0,1608293.0,1608803.0,1609260.0,1609712.0,1610223.0,1610776.0,1611279.0,1611731.0,1612231.0,1612769.0,1613245.0,1613683.0,1614168.0,1614597.0,1615055.0,1615519.0,1616030.0,1616467.0,1616974.0,1617415.0,1617938.0,1618376.0,1618819.0,1619361.0,1619756.0,1620110.0,1620531.0,1620946.0,1621347.0,1621826.0,1622203.0,1622670.0,1623018.0,1623378.0,1623849.0,1624291.0,1624766.0,1625240.0,1625647.0,1626015.0,1626467.0,1626862.0,1627285.0,1627721.0,1628175.0,1628594.0,1629024.0,1629495.0,1629862.0,1630423.0,1630842.0,1631201.0,1631616.0,1631981.0,1632376.0,1632823.0,1633270.0,1633791.0,1634231.0,1634765.0,1635175.0,1635675.0,1636188.0,1636632.0,1637243.0,1637790.0,1638359.0,1638856.0,1639376.0,1639975.0,1640494.0,1641137.0,1641725.0,1642310.0,1642853.0,1643498.0,1644069.0,1644684.0,1645320.0,1645941.0,1646501.0,1647058.0,1647610.0,1648269.0,1648796.0,1649369.0,1649964.0,1650518.0,1651108.0,1651726.0,1652318.0,1652906.0,1653555.0,1654211.0,1654809.0,1655353.0,1655971.0,1656612.0,1657308.0,1658006.0,1658696.0,1659182.0,1659902.0,1660527.0,1661191.0,1661831.0,1662426.0,1663130.0,1663724.0,1664298.0,1664901.0,1665479.0,1666112.0,1666695.0,,,,,,,,,1672256.0,1672903.0,1673411.0,1673967.0,1674554.0,1675079.0,1675484.0,1675874.0,1676445.0,1676917.0,1677461.0,1677917.0,1678490.0,1679036.0,1679442.0,1679946.0,1680462.0,1680930.0,1681409.0,1681981.0,1682437.0,1682862.0,1683353.0,1683767.0,1684139.0,1684570.0,1684963.0,1685495.0,1685971.0,1686392.0,1686855.0,1687319.0,1687813.0,1688302.0,1688832.0,1689191.0,1689648.0,1690029.0,1690523.0,1691027.0,1691467.0,1691930.0,1692373.0,1692809.0,1693200.0,1693615.0,1694083.0,1694546.0,1694973.0,1695420.0,1695789.0,1696222.0,1696618.0,1697070.0,1697538.0,1697949.0,1698362.0,1698750.0,1699215.0,1699733.0,1700201.0,1700625.0,1701144.0,1701568.0,1702001.0,1702417.0,1702933.0,1703408.0,1703854.0,1704302.0,1704685.0,1705036
RP7iDoq9j2A,36724.0,36727.0,36727.0,36730.0,36736.0,36739.0,36742.0,36743.0,36745.0,36751.0,36754.0,36756.0,36760.0,36762.0,36766.0,36770.0,36774.0,36777.0,36777.0,36777.0,36781.0,36785.0,36787.0,36792.0,36798.0,36799.0,36804.0,36804.0,36810.0,36813.0,36817.0,36822.0,36829.0,36830.0,36834.0,36838.0,36840.0,36841.0,36845.0,36845.0,36847.0,36850.0,36852.0,36854.0,36856.0,36864.0,36868.0,36873.0,36876.0,36881.0,36884.0,36887.0,36889.0,36893.0,36895.0,36896.0,36900.0,36900.0,36901.0,36902.0,36905.0,36905.0,36909.0,36914.0,36917.0,36918.0,36924.0,36924.0,36925.0,36928.0,36930.0,36931.0,36935.0,36936.0,36937.0,36939.0,36940.0,36943.0,36943.0,36945.0,36945.0,36947.0,36952.0,36953.0,36954.0,36954.0,36955.0,36957.0,36958.0,36959.0,36967.0,36968.0,36969.0,36970.0,36974.0,36976.0,36978.0,36978.0,36980.0,36984.0,36990.0,36993.0,36996.0,37002.0,37004.0,37004.0,37004.0,37005.0,37006.0,37007.0,37008.0,37009.0,37009.0,37011.0,37011.0,37013.0,37020.0,37021.0,37022.0,37022.0,37023.0,37023.0,37025.0,37027.0,37028.0,37027.0,37028.0,37031.0,37034.0,37037.0,37040.0,37044.0,37047.0,37049.0,,,,,,,,,37060.0,37060.0,37063.0,37063.0,37067.0,37068.0,37071.0,37074.0,37075.0,37077.0,37078.0,37078.0,37080.0,37083.0,37086.0,37086.0,37091.0,37096.0,37098.0,37103.0,37105.0,37107.0,37110.0,37111.0,37117.0,37117.0,37117.0,37118.0,37124.0,37126.0,37129.0,37130.0,37132.0,37135.0,37135.0,37136.0,37141.0,37143.0,37149.0,37157.0,37163.0,37171.0,37173.0,37175.0,37179.0,37182.0,37184.0,37186.0,37187.0,37190.0,37192.0,37193.0,37194.0,37194.0,37194.0,37194.0,37199.0,37200.0,37201.0,37207.0,37209.0,37209.0,37210.0,37212.0,37213.0,37216.0,37217.0,37217.0,37221.0,37224.0,37225.0,37226
It4HuJD49d4,2360531.0,2360974.0,2361379.0,2361859.0,2362355.0,2363021.0,2363612.0,2364196.0,2364772.0,2365412.0,2366027.0,2366517.0,2366958.0,2367585.0,2368197.0,2368799.0,2369479.0,2370154.0,2370655.0,2371324.0,2372140.0,2372827.0,2373580.0,2374243.0,2375008.0,2375682.0,2376340.0,2377063.0,2377757.0,2378911.0,2380012.0,2380880.0,2381711.0,2382536.0,2383373.0,2384519.0,2385673.0,2386493.0,2387247.0,2388093.0,2388953.0,2389846.0,2390750.0,2391671.0,2392347.0,2392915.0,2393690.0,2394623.0,2395453.0,2396471.0,2397645.0,2398545.0,2399444.0,2400617.0,2402000.0,2402969.0,2404039.0,2405406.0,2406660.0,2407667.0,2408719.0,2409812.0,2411294.0,2412436.0,2413439.0,2414477.0,2415378.0,2416371.0,2417177.0,2418525.0,2419901.0,2421045.0,2421937.0,2422732.0,2423588.0,2424270.0,2424997.0,2425769.0,2426671.0,2427284.0,2427915.0,2428512.0,2429198.0,2429885.0,2430606.0,2431382.0,2431942.0,2432688.0,2433316.0,2434097.0,2434846.0,2435655.0,2436665.0,2437400.0,2438062.0,2438762.0,2439479.0,2440210.0,2440806.0,2441482.0,2442012.0,2442578.0,2443224.0,2443878.0,2444384.0,2444850.0,2445484.0,2446070.0,2446496.0,2446991.0,2447512.0,2447975.0,2448546.0,2449153.0,2449642.0,2450114.0,2450654.0,2451087.0,2451648.0,2452186.0,2452687.0,2453152.0,2453680.0,2454153.0,2454618.0,2455178.0,2455731.0,2456305.0,2456933.0,2457457.0,2457953.0,2458514.0,2459060.0,2459638.0,,,,,,,,,2464056.0,2464479.0,2464923.0,2465437.0,2465960.0,2466561.0,2467064.0,2467647.0,2468068.0,2468582.0,2469090.0,2469521.0,2470023.0,2470579.0,2471097.0,2471553.0,2472054.0,2472676.0,2473226.0,2473673.0,2474134.0,2474547.0,2474940.0,2475326.0,2475689.0,2476016.0,2476414.0,2476802.0,2477130.0,2477473.0,2477814.0,2478127.0,2478470.0,2478863.0,2479214.0,2479519.0,2479896.0,2480237.0,2480596.0,2480971.0,2481353.0,2481727.0,2482146.0,2482491.0,2482901.0,2483243.0,2483662.0,2484003.0,2484356.0,2484808.0,2485124.0,2485536.0,2485890.0,2486296.0,2486713.0,2487140.0,2487553.0,2487918.0,2488344.0,2488745.0,2489125.0,2489467.0,2489803.0,2490244.0,2490624.0,2491091.0,2491535.0,2491939.0,2492311.0,2492717.0,2493178.0,2493622
cgAl_PGyF5o,20828.0,20835.0,20839.0,20841.0,20845.0,20844.0,20846.0,20849.0,20852.0,20854.0,20858.0,20863.0,20864.0,20864.0,20865.0,20867.0,20870.0,20870.0,20872.0,20872.0,20873.0,20874.0,20874.0,20875.0,20881.0,20883.0,20886.0,20886.0,20887.0,20890.0,20891.0,20891.0,20892.0,20892.0,20893.0,20893.0,20894.0,20894.0,20897.0,20897.0,20899.0,20899.0,20900.0,20902.0,20903.0,20905.0,20906.0,20906.0,20906.0,20907.0,20907.0,20910.0,20911.0,20911.0,20911.0,20912.0,20914.0,20914.0,20915.0,20916.0,20916.0,20916.0,20917.0,20921.0,20921.0,20921.0,20922.0,20922.0,20925.0,20925.0,20926.0,20926.0,20926.0,20927.0,20930.0,20933.0,20933.0,20933.0,20933.0,20933.0,20934.0,20934.0,20934.0,20934.0,20935.0,20937.0,20938.0,20939.0,20939.0,20940.0,20940.0,20940.0,20940.0,20940.0,20941.0,20941.0,20943.0,20945.0,20945.0,20946.0,20947.0,20949.0,20950.0,20951.0,20951.0,20951.0,20951.0,20951.0,20951.0,20952.0,20952.0,20952.0,20952.0,20952.0,20953.0,20954.0,20954.0,20955.0,20956.0,20956.0,20956.0,20956.0,20956.0,20956.0,20958.0,20958.0,20958.0,20959.0,20960.0,20962.0,20962.0,20963.0,20963.0,20964.0,,,,,,,,,20976.0,20979.0,20980.0,20981.0,20983.0,20984.0,20984.0,20986.0,20986.0,20987.0,20988.0,20989.0,20991.0,20991.0,20993.0,20993.0,20993.0,20993.0,20994.0,20996.0,20997.0,20999.0,20999.0,20999.0,20999.0,20999.0,20999.0,21000.0,21001.0,21003.0,21003.0,21003.0,21003.0,21003.0,21003.0,21004.0,21005.0,21005.0,21007.0,21007.0,21008.0,21007.0,21008.0,21008.0,21008.0,21009.0,21009.0,21011.0,21011.0,21012.0,21013.0,21013.0,21013.0,21013.0,21014.0,21014.0,21015.0,21015.0,21015.0,21016.0,21017.0,21017.0,21017.0,21017.0,21018.0,21018.0,21021.0,21021.0,21023.0,21023.0,21023.0,21023
bEwIlxtw9w4,5450536.0,5451001.0,5451581.0,5452140.0,5452647.0,5453225.0,5453772.0,5454245.0,5454716.0,5455277.0,5455865.0,5456378.0,5456857.0,5457272.0,5457799.0,5458291.0,5458776.0,5459218.0,5459668.0,5460144.0,5460627.0,5461117.0,5461667.0,5462162.0,5462704.0,5463168.0,5463653.0,5464064.0,5464549.0,5465077.0,5465558.0,5466088.0,5466568.0,5467022.0,5467512.0,5467958.0,5468505.0,5469037.0,5469569.0,5470004.0,5470499.0,5470956.0,5471425.0,5471916.0,5472405.0,5472927.0,5473526.0,5474147.0,5474701.0,5475197.0,5475662.0,5476181.0,5476721.0,5477228.0,5477794.0,5478282.0,5478781.0,5479285.0,5479830.0,5480321.0,5480894.0,5481444.0,5482011.0,5482583.0,5483072.0,5483623.0,5484095.0,5484558.0,5484991.0,5485539.0,5486044.0,5486453.0,5486927.0,5487364.0,5487772.0,5488192.0,5488574.0,5488989.0,5489469.0,5489905.0,5490352.0,5490784.0,5491168.0,5491484.0,5491916.0,5492358.0,5492714.0,5493303.0,5493737.0,5494123.0,5494610.0,5495033.0,5495523.0,5496004.0,5496498.0,5496970.0,5497373.0,5497808.0,5498229.0,5498744.0,5499175.0,5499705.0,5500163.0,5500573.0,5501018.0,5501507.0,5501962.0,5502481.0,5503005.0,5503484.0,5503948.0,5504421.0,5504889.0,5505384.0,5505826.0,5506336.0,5506858.0,5507319.0,5507858.0,5508362.0,5508894.0,5509393.0,5509851.0,5510262.0,5510749.0,5511205.0,5511667.0,5512146.0,5512683.0,5513178.0,5513605.0,5514019.0,5514421.0,5514864.0,,,,,,,,,5518974.0,5519537.0,5519998.0,5520520.0,5520952.0,5521450.0,5521920.0,5522455.0,5523020.0,5523523.0,5523959.0,5524476.0,5524983.0,5525448.0,5525935.0,5526405.0,5526865.0,5527312.0,5527760.0,5528203.0,5528626.0,5529145.0,5529666.0,5530102.0,5530593.0,5531000.0,5531488.0,5531927.0,5532394.0,5532896.0,5533355.0,5533797.0,5534195.0,5534615.0,5535018.0,5535484.0,5535898.0,5536321.0,5536693.0,5537113.0,5537456.0,5537851.0,5538257.0,5538643.0,5539014.0,5539364.0,5539822.0,5540192.0,5540529.0,5540951.0,5541313.0,5541683.0,5542090.0,5542453.0,5542774.0,5543188.0,5543613.0,5543981.0,5544354.0,5544767.0,5545179.0,5545529.0,5545846.0,5546209.0,5546568.0,5546989.0,5547412.0,5547837.0,5548246.0,5548616.0,5548991.0,5549359
IpL74Jra0Kk,1100539.0,1100539.0,1100539.0,1100539.0,1100539.0,1100539.0,1100539.0,1100539.0,1100539.0,1100539.0,1100539.0,1100539.0,1100539.0,1100539.0,1100539.0,1100539.0,1100539.0,1100539.0,1100539.0,1100539.0,1100539.0,1100539.0,1100539.0,1100539.0,1100539.0,1100539.0,1100539.0,1100539.0,1100539.0,1100539.0,1100539.0,1100539.0,1100539.0,1100539.0,1100539.0,1100539.0,1100539.0,1100539.0,1100539.0,1100539.0,1100539.0,1100539.0,1100539.0,1100539.0,1100539.0,1100539.0,1100539.0,1100539.0,1100539.0,1100539.0,1100539.0,1100539.0,1100539.0,1100539.0,1100539.0,1100539.0,1100539.0,1100539.0,1100539.0,1100539.0,1100539.0,1100539.0,1100539.0,1100539.0,1100539.0,1100539.0,1100539.0,1100539.0,1100539.0,1100539.0,1100539.0,1100539.0,1100539.0,1100539.0,1100539.0,1100539.0,1100539.0,1100539.0,1100539.0,1100539.0,1100539.0,1100539.0,1100539.0,1100539.0,1100539.0,1100539.0,1100539.0,1100539.0,1100539.0,1100539.0,1100539.0,1100539.0,1100539.0,1100539.0,1100539.0,1100539.0,1100539.0,1100539.0,1100539.0,1100539.0,1100539.0,1100539.0,1100539.0,1100539.0,1100539.0,1100539.0,1100539.0,1100539.0,1100539.0,1100539.0,1100539.0,1100539.0,1100539.0,1100539.0,1100539.0,1100539.0,1100539.0,1100539.0,1100539.0,1100539.0,1100539.0,1100539.0,1100539.0,1100539.0,1100539.0,1100539.0,1100539.0,1100539.0,1100539.0,1100539.0,1100539.0,1100539.0,1100539.0,1100539.0,,,,,,,,,1100539.0,1100539.0,1100539.0,1100539.0,1100539.0,1100539.0,1100539.0,1100539.0,1100539.0,1100539.0,1100539.0,1100539.0,1100539.0,1100539.0,1100539.0,1100539.0,1100539.0,1100539.0,1100539.0,1100539.0,1100539.0,1100539.0,1100539.0,1100539.0,1100539.0,1100539.0,1100539.0,1100539.0,1100539.0,1100539.0,1100539.0,1100539.0,1100539.0,1100539.0,1100539.0,1100539.0,1100539.0,1100539.0,1100539.0,1100539.0,1100539.0,1100539.0,1100539.0,1100539.0,1100539.0,1100539.0,1100539.0,1100539.0,1100539.0,1100539.0,1100539.0,1100539.0,1100539.0,1100539.0,1100539.0,1100539.0,1100539.0,1100539.0,1100539.0,1100539.0,1100539.0,1100539.0,1100539.0,1100539.0,1100539.0,1100539.0,1100539.0,1100539.0,1100539.0,1100539.0,1100539.0,1100539
gVduOLCPK8I,1793338.0,1793809.0,1794266.0,1794697.0,1795229.0,1795733.0,1796299.0,1796937.0,1797423.0,1797875.0,1798307.0,1798779.0,1799244.0,1799722.0,1800303.0,1800886.0,1801380.0,1801797.0,1802330.0,1802844.0,1803382.0,1803967.0,1804632.0,1805193.0,1805725.0,1806418.0,1807109.0,1807837.0,1808703.0,1809530.0,1810088.0,1810600.0,1811203.0,1811844.0,1812572.0,1813269.0,1813946.0,1814463.0,1814898.0,1815392.0,1815945.0,1816429.0,1816792.0,1817224.0,1817634.0,1817957.0,1818379.0,1818777.0,1819186.0,1819689.0,1820158.0,1820555.0,1820929.0,1821334.0,1821794.0,1822155.0,1822545.0,1823001.0,1823405.0,1823774.0,1824141.0,1824587.0,1825044.0,1825500.0,1825868.0,1826379.0,1826750.0,1827162.0,1827581.0,1828079.0,1828486.0,1828938.0,1829267.0,1829649.0,1830099.0,1830548.0,1831028.0,1831501.0,1831999.0,1832452.0,1832841.0,1833298.0,1833758.0,1834175.0,1834686.0,1835093.0,1835482.0,1835795.0,1836140.0,1836563.0,1836907.0,1837349.0,1837691.0,1838010.0,1838318.0,1838765.0,1839119.0,1839425.0,1839751.0,1840093.0,1840405.0,1840665.0,1840999.0,1841329.0,1841687.0,1842011.0,1842313.0,1842579.0,1842841.0,1843237.0,1843568.0,1843955.0,1844307.0,1844688.0,1845057.0,1845290.0,1845663.0,1846005.0,1846344.0,1846741.0,1847088.0,1847406.0,1847703.0,1848014.0,1848337.0,1848698.0,1849049.0,1849405.0,1849722.0,1850018.0,1850340.0,1850686.0,1851046.0,1851465.0,,,,,,,,,1854968.0,1855282.0,1855638.0,1856047.0,1856384.0,1856826.0,1857247.0,1857558.0,1857869.0,1858241.0,1858585.0,1859012.0,1859486.0,1859879.0,1860255.0,1860594.0,1861117.0,1861535.0,1861977.0,1862369.0,1862720.0,1863023.0,1863323.0,1863690.0,1864002.0,1864344.0,1864812.0,1865321.0,1865714.0,1866014.0,1866432.0,1866905.0,1867411.0,1867922.0,1868300.0,1868676.0,1868981.0,1869336.0,1869751.0,1870096.0,1870443.0,1870793.0,1871117.0,1871397.0,1871775.0,1872178.0,1872546.0,1872980.0,1873334.0,1873727.0,1874028.0,1874406.0,1874821.0,1875199.0,1875580.0,1875957.0,1876301.0,1876605.0,1877012.0,1877369.0,1877696.0,1877973.0,1878338.0,1878663.0,1879021.0,1879438.0,1879922.0,1880333.0,1880609.0,1880929.0,1881203.0,1881528
bagFQCTHXy8,92661423.0,92670162.0,92680982.0,92692163.0,92704153.0,92714958.0,92724959.0,92736372.0,92748474.0,92760467.0,92772453.0,92782909.0,92793739.0,92805572.0,92818537.0,92830190.0,92841983.0,92853261.0,92864970.0,92877753.0,92890728.0,92902857.0,92915616.0,92928702.0,92940903.0,92954259.0,92967065.0,92980669.0,92994614.0,93008112.0,93020418.0,93031845.0,93044179.0,93057263.0,93076600.0,93092072.0,93106703.0,93119194.0,93131757.0,93145785.0,93161021.0,93174215.0,93185689.0,93196435.0,93207364.0,93218076.0,93228083.0,93238997.0,93249821.0,93259465.0,93268488.0,93277399.0,93285859.0,93294413.0,93303223.0,93311210.0,93319559.0,93328295.0,93336809.0,93345333.0,93354224.0,93363117.0,93371803.0,93381018.0,93389772.0,93398185.0,93406577.0,93414109.0,93421055.0,93430691.0,93439856.0,93448961.0,93458766.0,93467510.0,93476506.0,93484698.0,93493105.0,93501782.0,93510268.0,93518981.0,93527110.0,93535380.0,93543440.0,93551552.0,93560423.0,93569106.0,93577897.0,93586766.0,93595355.0,93603996.0,93611946.0,93619767.0,93628221.0,93637316.0,93646491.0,93654304.0,93662270.0,93670197.0,93677965.0,93686734.0,93696027.0,93705312.0,93713567.0,93720932.0,93728268.0,93735739.0,93743727.0,93751486.0,93759455.0,93767003.0,93774687.0,93783097.0,93792080.0,93800588.0,93809469.0,93818651.0,93827251.0,93835517.0,93844089.0,93852564.0,93861112.0,93869757.0,93877866.0,93886179.0,93894345.0,93902693.0,93911372.0,93919433.0,93927460.0,93935412.0,93942625.0,93950245.0,93957953.0,93965133.0,,,,,,,,,94033842.0,94042179.0,94049560.0,94056941.0,94064864.0,94072998.0,94080533.0,94088158.0,94096659.0,94104722.0,94112968.0,94120693.0,94129616.0,94138629.0,94147133.0,94155397.0,94163030.0,94170712.0,94178461.0,94186394.0,94193894.0,94201732.0,94210560.0,94219632.0,94230220.0,94239897.0,94249545.0,94258822.0,94267735.0,94276863.0,94285218.0,94293033.0,94301152.0,94308615.0,94315938.0,94324052.0,94331824.0,94338933.0,94346218.0,94354003.0,94361501.0,94368694.0,94376580.0,94384321.0,94391693.0,94398841.0,94406023.0,94413288.0,94420841.0,94428764.0,94436835.0,94444638.0,94452689.0,94461011.0,94468554.0,94476397.0,94484411.0,94491851.0,94499717.0,94508138.0,94516362.0,94524028.0,94532171.0,94540077.0,94547227.0,94555075.0,94563285.0,94571187.0,94578281.0,94585494.0,94592798.0,94600255
bvfd04tLnw8,568243.0,568259.0,568277.0,568314.0,568338.0,568359.0,568376.0,568397.0,568425.0,568464.0,568517.0,568537.0,568565.0,568589.0,568611.0,568625.0,568657.0,568689.0,568732.0,568759.0,568789.0,568810.0,568839.0,568871.0,568903.0,568937.0,568958.0,568981.0,569019.0,569059.0,569082.0,569103.0,569135.0,569157.0,569202.0,569242.0,569279.0,569317.0,569356.0,569387.0,569415.0,569450.0,569479.0,569504.0,569550.0,569574.0,569595.0,569617.0,569638.0,569657.0,569675.0,569702.0,569729.0,569761.0,569782.0,569804.0,569823.0,569842.0,569866.0,569895.0,569914.0,569936.0,569955.0,569976.0,569996.0,570023.0,570039.0,570060.0,570086.0,570117.0,570145.0,570171.0,570204.0,570228.0,570243.0,570266.0,570298.0,570333.0,570371.0,570410.0,570434.0,570458.0,570474.0,570507.0,570526.0,570560.0,570592.0,570619.0,570651.0,570673.0,570685.0,570713.0,570742.0,570761.0,570778.0,570806.0,570823.0,570851.0,570879.0,570910.0,570944.0,570962.0,570986.0,571003.0,571024.0,571044.0,571058.0,571078.0,571095.0,571108.0,571147.0,571170.0,571195.0,571213.0,571252.0,571282.0,571320.0,571348.0,571382.0,571411.0,571435.0,571460.0,571496.0,571511.0,571542.0,571565.0,571598.0,571621.0,571643.0,571652.0,571667.0,571682.0,571696.0,571723.0,,,,,,,,,571895.0,571910.0,571924.0,571951.0,571970.0,571992.0,572003.0,572025.0,572038.0,572068.0,572097.0,572124.0,572149.0,572171.0,572194.0,572220.0,572236.0,572251.0,572274.0,572299.0,572325.0,572353.0,572392.0,572431.0,572502.0,572537.0,572581.0,572632.0,572672.0,572707.0,572736.0,572756.0,572781.0,572805.0,572825.0,572843.0,572869.0,572890.0,572912.0,572930.0,572945.0,572964.0,572997.0,573011.0,573025.0,573040.0,573051.0,573069.0,573092.0,573118.0,573147.0,573166.0,573193.0,573213.0,573237.0,573259.0,573275.0,573288.0,573312.0,573339.0,573361.0,573398.0,573430.0,573481.0,573492.0,573524.0,573541.0,573559.0,573596.0,573619.0,573647.0,573670
zuoSn3ObMz4,68920379.0,68939007.0,68958516.0,68977822.0,68997118.0,69015479.0,69034140.0,69053564.0,69073269.0,69093719.0,69114281.0,69132110.0,69150133.0,69169755.0,69192231.0,69212402.0,69234023.0,69254115.0,69273514.0,69293908.0,69313880.0,69334098.0,69355026.0,69377319.0,69398025.0,69419046.0,69439548.0,69460709.0,69482694.0,69504982.0,69529042.0,69551508.0,69575617.0,69599547.0,69630088.0,69655729.0,69682177.0,69706628.0,69732222.0,69757752.0,69784519.0,69810315.0,69833069.0,69854141.0,69875925.0,69897555.0,69919011.0,69942163.0,69964624.0,69984172.0,70002913.0,70026239.0,70047853.0,70070815.0,70093153.0,70115098.0,70136619.0,70157651.0,70178489.0,70200216.0,70223199.0,70245991.0,70268589.0,70289899.0,70312047.0,70334224.0,70356989.0,70377609.0,70394265.0,70419703.0,70443455.0,70468618.0,70495615.0,70521204.0,70546559.0,70569730.0,70593109.0,70616069.0,70641287.0,70664827.0,70687777.0,70710559.0,70732307.0,70755339.0,70776621.0,70797014.0,70818303.0,70838028.0,70858580.0,70879243.0,70899155.0,70919500.0,70941479.0,70962687.0,70983181.0,71003041.0,71023615.0,71042164.0,71061614.0,71080337.0,71099974.0,71121487.0,71140666.0,71159720.0,71179785.0,71199974.0,71218542.0,71238760.0,71259030.0,71279031.0,71299777.0,71320332.0,71340884.0,71361206.0,71382626.0,71403904.0,71424259.0,71445006.0,71466091.0,71486809.0,71508615.0,71531210.0,71552876.0,71574346.0,71594063.0,71614596.0,71635517.0,71657059.0,71679618.0,71700992.0,71719949.0,71739707.0,71760472.0,71780622.0,,,,,,,,,71980555.0,72005043.0,72026384.0,72047413.0,72068787.0,72088620.0,72108130.0,72128750.0,72152225.0,72172387.0,72192522.0,72213075.0,72234940.0,72255619.0,72277582.0,72299162.0,72318498.0,72338697.0,72359727.0,72381428.0,72403825.0,72427631.0,72453378.0,72477479.0,72504297.0,72529495.0,72553181.0,72576041.0,72600695.0,72625932.0,72648803.0,72671346.0,72693575.0,72715309.0,72736504.0,72760118.0,72783235.0,72803654.0,72825060.0,72847471.0,72869433.0,72891519.0,72915849.0,72938655.0,72959785.0,72980247.0,73001279.0,73022986.0,73045406.0,73069265.0,73093641.0,73117882.0,73141932.0,73166709.0,73190984.0,73216317.0,73242807.0,73268172.0,73292536.0,73318234.0,73345718.0,73375179.0,73401518.0,73426719.0,73449102.0,73471239.0,73493064.0,73514541.0,73533714.0,73551497.0,73570401.0,73589704
_ibx5tYExG4,5231322.0,5231704.0,5232115.0,5232580.0,5232960.0,5233311.0,5233687.0,5234097.0,5234505.0,5234938.0,5235424.0,5235849.0,5236308.0,5236724.0,5237098.0,5237525.0,5237910.0,5238293.0,5238685.0,5239035.0,5239451.0,5239858.0,5240206.0,5240581.0,5240885.0,5241237.0,5241568.0,5241901.0,5242209.0,5242551.0,5242832.0,5243164.0,5243466.0,5243827.0,5244192.0,5244538.0,5244876.0,5245194.0,5245554.0,5245880.0,5246280.0,5246631.0,5246974.0,5247343.0,5247727.0,5248081.0,5248442.0,5248859.0,5249178.0,5249529.0,5249809.0,5250087.0,5250510.0,5250833.0,5251156.0,5251502.0,5251829.0,5252159.0,5252491.0,5252819.0,5253215.0,5253600.0,5253931.0,5254230.0,5254581.0,5254850.0,5255149.0,5255501.0,5255805.0,5256218.0,5256565.0,5256909.0,5257210.0,5257511.0,5257871.0,5258179.0,5258561.0,5258928.0,5259337.0,5259652.0,5260028.0,5260349.0,5260625.0,5260954.0,5261243.0,5261587.0,5261921.0,5262330.0,5262666.0,5263035.0,5263373.0,5263768.0,5264102.0,5264432.0,5264840.0,5265188.0,5265489.0,5265769.0,5266086.0,5266428.0,5266790.0,5267254.0,5267710.0,5268083.0,5268442.0,5268788.0,5269111.0,5269391.0,5269776.0,5270162.0,5270559.0,5270901.0,5271321.0,5271646.0,5271951.0,5272271.0,5272623.0,5272890.0,5273207.0,5273583.0,5273891.0,5274164.0,5274450.0,5274767.0,5275089.0,5275436.0,5275762.0,5276110.0,5276405.0,5276686.0,5277025.0,5277315.0,5277639.0,5277954.0,,,,,,,,,5281025.0,5281373.0,5281590.0,5281943.0,5282261.0,5282521.0,5282842.0,5283140.0,5283483.0,5283804.0,5284123.0,5284405.0,5284740.0,5285072.0,5285378.0,5285705.0,5286043.0,5286348.0,5286627.0,5286963.0,5287283.0,5287582.0,5287909.0,5288214.0,5288493.0,5288785.0,5289100.0,5289429.0,5289728.0,5290063.0,5290448.0,5290876.0,5291162.0,5291561.0,5291949.0,5292253.0,5292584.0,5293045.0,5293394.0,5293748.0,5294042.0,5294259.0,5294512.0,5294771.0,5295073.0,5295377.0,5295653.0,5295903.0,5296185.0,5296424.0,5296744.0,5297014.0,5297353.0,5297640.0,5297980.0,5298276.0,5298534.0,5298779.0,5299027.0,5299324.0,5299579.0,5299840.0,5300169.0,5300449.0,5300704.0,5301019.0,5301312.0,5301555.0,5301754.0,5301983.0,5302218.0,5302443
Kv8T7vsDJaU,3027657.0,3027791.0,3027920.0,3028075.0,3028192.0,3028355.0,3028481.0,3028655.0,3028835.0,3029014.0,3029160.0,3029335.0,3029478.0,3029638.0,3029783.0,3029955.0,3030100.0,3030205.0,3030328.0,3030489.0,3030635.0,3030780.0,3030916.0,3031056.0,3031168.0,3031283.0,3031380.0,3031507.0,3031645.0,3031783.0,3031889.0,3031997.0,3032101.0,3032225.0,3032353.0,3032457.0,3032606.0,3032757.0,3032869.0,3032968.0,3033110.0,3033256.0,3033439.0,3033590.0,3033737.0,3033882.0,3034028.0,3034141.0,3034252.0,3034407.0,3034519.0,3034638.0,3034778.0,3034893.0,3035000.0,3035142.0,3035253.0,3035356.0,3035473.0,3035611.0,3035748.0,3035906.0,3036075.0,3036229.0,3036358.0,3036481.0,3036602.0,3036743.0,3036872.0,3037029.0,3037167.0,3037297.0,3037411.0,3037534.0,3037640.0,3037767.0,3037905.0,3038046.0,3038196.0,3038350.0,3038479.0,3038609.0,3038772.0,3038930.0,3039040.0,3039176.0,3039298.0,3039406.0,3039564.0,3039690.0,3039825.0,3039976.0,3040142.0,3040272.0,3040402.0,3040528.0,3040662.0,3040783.0,3040904.0,3041022.0,3041173.0,3041298.0,3041390.0,3041533.0,3041665.0,3041784.0,3041914.0,3042048.0,3042145.0,3042267.0,3042379.0,3042537.0,3042673.0,3042797.0,3042907.0,3043035.0,3043133.0,3043241.0,3043345.0,3043468.0,3043611.0,3043732.0,3043848.0,3043985.0,3044102.0,3044210.0,3044347.0,3044481.0,3044590.0,3044708.0,3044853.0,3044978.0,3045125.0,3045215.0,,,,,,,,,3046225.0,3046330.0,3046426.0,3046522.0,3046633.0,3046743.0,3046849.0,3046954.0,3047074.0,3047167.0,3047289.0,3047390.0,3047506.0,3047651.0,3047765.0,3047893.0,3048014.0,3048143.0,3048280.0,3048413.0,3048525.0,3048631.0,3048746.0,3048841.0,3048970.0,3049088.0,3049198.0,3049322.0,3049423.0,3049508.0,3049592.0,3049686.0,3049791.0,3049913.0,3050049.0,3050152.0,3050239.0,3050335.0,3050453.0,3050575.0,3050678.0,3050788.0,3050874.0,3050977.0,3051101.0,3051227.0,3051343.0,3051475.0,3051609.0,3051727.0,3051815.0,3051912.0,3052016.0,3052134.0,3052238.0,3052329.0,3052436.0,3052549.0,3052677.0,3052779.0,3052893.0,3052985.0,3053092.0,3053221.0,3053353.0,3053476.0,3053580.0,3053690.0,3053778.0,3053883.0,3053990.0,3054125
ZmWqddq3IMA,1614.0,1614.0,1614.0,1614.0,1614.0,1614.0,1614.0,1614.0,1614.0,1614.0,1614.0,1614.0,1614.0,1614.0,1614.0,1614.0,1614.0,1614.0,1614.0,1614.0,1614.0,1614.0,1614.0,1614.0,1614.0,1614.0,1614.0,1614.0,1614.0,1614.0,1614.0,1614.0,1614.0,1614.0,1614.0,1614.0,1614.0,1614.0,1614.0,1614.0,1614.0,1614.0,1614.0,1614.0,1614.0,1614.0,1614.0,1614.0,1614.0,1614.0,1614.0,1614.0,1614.0,1614.0,1614.0,1614.0,1614.0,1614.0,1614.0,1614.0,1614.0,1614.0,1614.0,1614.0,1614.0,1614.0,1614.0,1614.0,1614.0,1614.0,1614.0,1614.0,1614.0,1614.0,1614.0,1614.0,1614.0,1614.0,1614.0,1614.0,1614.0,1614.0,1614.0,1614.0,1614.0,1614.0,1614.0,1614.0,1614.0,1614.0,1614.0,1614.0,1614.0,1614.0,1614.0,1614.0,1614.0,1614.0,1614.0,1614.0,1614.0,1614.0,1614.0,1614.0,1614.0,1614.0,1614.0,1614.0,1614.0,1614.0,1614.0,1614.0,1614.0,1614.0,1614.0,1614.0,1614.0,1614.0,1614.0,1614.0,1614.0,1614.0,1614.0,1614.0,1614.0,1614.0,1614.0,1614.0,1614.0,1614.0,1614.0,1614.0,1614.0,1614.0,,,,,,,,,1614.0,1614.0,1614.0,1614.0,1614.0,1614.0,1614.0,1614.0,1614.0,1614.0,1614.0,1614.0,1614.0,1614.0,1614.0,1614.0,1614.0,1614.0,1614.0,1614.0,1614.0,1614.0,1614.0,1614.0,1614.0,1614.0,1614.0,1614.0,1614.0,1614.0,1614.0,1614.0,1614.0,1614.0,1614.0,1614.0,1614.0,1614.0,1614.0,1614.0,1614.0,1614.0,1614.0,1614.0,1614.0,1614.0,1614.0,1614.0,1614.0,1614.0,1614.0,1614.0,1614.0,1614.0,1614.0,1614.0,1614.0,1614.0,1614.0,1614.0,1614.0,1614.0,1614.0,1614.0,1614.0,1614.0,1614.0,1614.0,1614.0,1614.0,1614.0,1614
Az2F6qMIEL8,1011.0,1011.0,1011.0,1011.0,1011.0,1011.0,1011.0,1011.0,1011.0,1011.0,1011.0,1011.0,1011.0,1011.0,1011.0,1011.0,1011.0,1011.0,1011.0,1011.0,1011.0,1011.0,1011.0,1011.0,1011.0,1011.0,1011.0,1011.0,1011.0,1011.0,1011.0,1011.0,1011.0,1011.0,1011.0,1011.0,1011.0,1011.0,1011.0,1011.0,1011.0,1011.0,1011.0,1011.0,1011.0,1011.0,1011.0,1011.0,1011.0,1011.0,1011.0,1011.0,1011.0,1011.0,1011.0,1011.0,1011.0,1011.0,1011.0,1011.0,1011.0,1011.0,1011.0,1011.0,1011.0,1011.0,1011.0,1011.0,1011.0,1011.0,1011.0,1011.0,1011.0,1011.0,1011.0,1011.0,1011.0,1011.0,1011.0,1011.0,1011.0,1011.0,1011.0,1011.0,1011.0,1011.0,1011.0,1011.0,1011.0,1011.0,1011.0,1011.0,1011.0,1011.0,1011.0,1011.0,1011.0,1011.0,1011.0,1011.0,1011.0,1011.0,1011.0,1011.0,1011.0,1011.0,1011.0,1011.0,1011.0,1011.0,1011.0,1011.0,1011.0,1011.0,1011.0,1011.0,1011.0,1011.0,1011.0,1011.0,1011.0,1011.0,1011.0,1011.0,1011.0,1011.0,1011.0,1011.0,1011.0,1011.0,1011.0,1011.0,1011.0,1011.0,,,,,,,,,1011.0,1011.0,1011.0,1011.0,1011.0,1011.0,1011.0,1011.0,1011.0,1011.0,1011.0,1011.0,1011.0,1011.0,1011.0,1011.0,1011.0,1011.0,1011.0,1011.0,1011.0,1011.0,1011.0,1011.0,1011.0,1011.0,1011.0,1011.0,1011.0,1011.0,1011.0,1011.0,1011.0,1011.0,1011.0,1011.0,1011.0,1011.0,1011.0,1011.0,1011.0,1011.0,1011.0,1011.0,1011.0,1011.0,1011.0,1011.0,1011.0,1011.0,1011.0,1011.0,1011.0,1011.0,1011.0,1011.0,1011.0,1011.0,1011.0,1011.0,1011.0,1011.0,1011.0,1011.0,1011.0,1011.0,1011.0,1011.0,1011.0,1011.0,1011.0,1011
qOSCZwKrmiA,4762.0,4762.0,4762.0,4762.0,4762.0,4762.0,4762.0,4762.0,4762.0,4762.0,4762.0,4762.0,4762.0,4762.0,4762.0,4762.0,4762.0,4762.0,4762.0,4762.0,4762.0,4762.0,4762.0,4762.0,4762.0,4762.0,4762.0,4762.0,4762.0,4762.0,4762.0,4762.0,4762.0,4762.0,4762.0,4762.0,4762.0,4762.0,4762.0,4762.0,4762.0,4762.0,4762.0,4762.0,4762.0,4762.0,4762.0,4762.0,4762.0,4762.0,4762.0,4762.0,4762.0,4762.0,4762.0,4762.0,4762.0,4762.0,4762.0,4762.0,4762.0,4762.0,4762.0,4762.0,4762.0,4762.0,4762.0,4762.0,4762.0,4762.0,4762.0,4762.0,4762.0,4762.0,4762.0,4762.0,4762.0,4762.0,4762.0,4762.0,4762.0,4762.0,4762.0,4762.0,4762.0,4762.0,4762.0,4762.0,4762.0,4762.0,4762.0,4762.0,4762.0,4762.0,4762.0,4762.0,4762.0,4762.0,4762.0,4762.0,4762.0,4762.0,4762.0,4762.0,4762.0,4762.0,4762.0,4762.0,4762.0,4762.0,4762.0,4762.0,4762.0,4762.0,4762.0,4762.0,4762.0,4762.0,4762.0,4762.0,4762.0,4762.0,4762.0,4762.0,4762.0,4762.0,4762.0,4762.0,4762.0,4762.0,4762.0,4762.0,4762.0,4762.0,,,,,,,,,4762.0,4762.0,4762.0,4762.0,4762.0,4762.0,4762.0,4762.0,4762.0,4762.0,4762.0,4762.0,4762.0,4762.0,4762.0,4762.0,4762.0,4762.0,4762.0,4762.0,4762.0,4762.0,4762.0,4762.0,4762.0,4762.0,4762.0,4762.0,4762.0,4762.0,4762.0,4762.0,4762.0,4762.0,4762.0,4762.0,4762.0,4762.0,4762.0,4762.0,4762.0,4762.0,4762.0,4762.0,4762.0,4762.0,4762.0,4762.0,4762.0,4762.0,4762.0,4762.0,4762.0,4762.0,4762.0,4762.0,4762.0,4762.0,4762.0,4762.0,4762.0,4762.0,4762.0,4762.0,4762.0,4762.0,4762.0,4762.0,4762.0,4762.0,4762.0,4762
js1CtxSY38I,75481250.0,75500324.0,75523749.0,75547398.0,75569202.0,75589981.0,75611158.0,75633223.0,75658454.0,75686065.0,75713409.0,75736979.0,75761798.0,75785163.0,75810469.0,75837354.0,75865682.0,75891860.0,75914486.0,75940072.0,75965211.0,75988853.0,76012536.0,76036127.0,76060094.0,76083328.0,76104645.0,76125212.0,76146188.0,76166404.0,76188370.0,76209292.0,76229466.0,76250683.0,76272023.0,76292662.0,76315993.0,76339888.0,76363957.0,76385186.0,76405888.0,76426197.0,76445302.0,76465062.0,76487237.0,76508887.0,76531319.0,76558651.0,76582627.0,76604429.0,76627585.0,76651895.0,76675372.0,76697461.0,76722224.0,76747727.0,76771899.0,76794210.0,76819430.0,76844559.0,76866685.0,76889761.0,76912655.0,76935819.0,76958886.0,76980843.0,77002120.0,77023300.0,77041903.0,77065022.0,77086678.0,77108724.0,77130460.0,77151299.0,77171276.0,77189809.0,77208725.0,77228660.0,77248962.0,77269331.0,77289141.0,77306153.0,77323015.0,77340411.0,77358155.0,77377299.0,77396734.0,77415760.0,77433133.0,77448538.0,77464440.0,77480010.0,77498091.0,77518934.0,77540480.0,77556760.0,77570750.0,77584571.0,77598971.0,77613273.0,77629986.0,77648639.0,77664034.0,77677170.0,77691670.0,77705887.0,77720267.0,77736864.0,77753428.0,77768595.0,77783048.0,77798061.0,77813115.0,77828713.0,77846619.0,77864012.0,77877955.0,77890965.0,77904330.0,77917393.0,77931906.0,77946843.0,77962243.0,77976470.0,77990566.0,78004324.0,78018316.0,78032806.0,78049259.0,78065606.0,78079675.0,78092906.0,78106600.0,78119143.0,,,,,,,,,78242363.0,78257222.0,78269950.0,78282387.0,78295928.0,78312006.0,78328472.0,78346368.0,78368086.0,78386264.0,78402778.0,78418443.0,78437811.0,78456863.0,78476554.0,78496199.0,78513175.0,78527604.0,78544910.0,78564216.0,78582204.0,78602140.0,78621396.0,78636503.0,78651466.0,78666385.0,78680928.0,78696011.0,78711706.0,78727339.0,78741151.0,78754414.0,78767293.0,78780286.0,78793559.0,78808489.0,78823148.0,78835090.0,78847408.0,78859944.0,78871987.0,78884459.0,78898287.0,78911651.0,78923609.0,78935217.0,78946800.0,78959032.0,78971642.0,78985587.0,78999517.0,79011822.0,79024389.0,79037584.0,79050894.0,79064280.0,79078041.0,79091053.0,79103658.0,79116973.0,79130942.0,79143499.0,79154496.0,79166370.0,79177672.0,79192531.0,79214597.0,79234759.0,79253180.0,79269031.0,79286581.0,79303623
pSUydWEqKwE,55119804.0,55143208.0,55169735.0,55197648.0,55225040.0,55249401.0,55272033.0,55297255.0,55325516.0,55357823.0,55388162.0,55413534.0,55440485.0,55467330.0,55497157.0,55525899.0,55556776.0,55586177.0,55612239.0,55639661.0,55664776.0,55687775.0,55711131.0,55734749.0,55758129.0,55779896.0,55800691.0,55820950.0,55841676.0,55862010.0,55883134.0,55904318.0,55925493.0,55947580.0,55969282.0,55990914.0,56016390.0,56045633.0,56075987.0,56102050.0,56127347.0,56149510.0,56170613.0,56193885.0,56218617.0,56244569.0,56267606.0,56290788.0,56312057.0,56333785.0,56356550.0,56380561.0,56404679.0,56429530.0,56458017.0,56486843.0,56512213.0,56536038.0,56560733.0,56586111.0,56609300.0,56633460.0,56656576.0,56677100.0,56697265.0,56718498.0,56740090.0,56761565.0,56781074.0,56805553.0,56828394.0,56853242.0,56878707.0,56903690.0,56925978.0,56948387.0,56971436.0,56993746.0,57017046.0,57041526.0,57065578.0,57087467.0,57109336.0,57132280.0,57155952.0,57179721.0,57203239.0,57227974.0,57253061.0,57274435.0,57293330.0,57313412.0,57336459.0,57362797.0,57393184.0,57417991.0,57440706.0,57460965.0,57479550.0,57500251.0,57526368.0,57556025.0,57581938.0,57606108.0,57630725.0,57655526.0,57676204.0,57699049.0,57724888.0,57748757.0,57769623.0,57790995.0,57814057.0,57836565.0,57861450.0,57888089.0,57909093.0,57927875.0,57947006.0,57967754.0,57989552.0,58011501.0,58036221.0,58057254.0,58076048.0,58094912.0,58114011.0,58136174.0,58160718.0,58188271.0,58212923.0,58235408.0,58257803.0,58277924.0,,,,,,,,,58481884.0,58507238.0,58528863.0,58550044.0,58572376.0,58598265.0,58627534.0,58657273.0,58689837.0,58720478.0,58749949.0,58781561.0,58813485.0,58844121.0,58880515.0,58920429.0,58951893.0,58982075.0,59008824.0,59035354.0,59060647.0,59088495.0,59116219.0,59139469.0,59163316.0,59185392.0,59208290.0,59232432.0,59259607.0,59288765.0,59313860.0,59338220.0,59361072.0,59383277.0,59406850.0,59433781.0,59462553.0,59486012.0,59509824.0,59534274.0,59556961.0,59579269.0,59603231.0,59625620.0,59645629.0,59663958.0,59682047.0,59701404.0,59721647.0,59743047.0,59765278.0,59785088.0,59804547.0,59823078.0,59842036.0,59865136.0,59888612.0,59909172.0,59928635.0,59949550.0,59970070.0,59990335.0,60007252.0,60024617.0,60041873.0,60062785.0,60092478.0,60122190.0,60150793.0,60172720.0,60196222.0,60219417
GDQVonPjVQM,428578.0,428582.0,428586.0,428587.0,428595.0,428601.0,428610.0,428619.0,428629.0,428644.0,428653.0,428662.0,428672.0,428685.0,428689.0,428697.0,428706.0,428712.0,428722.0,428726.0,428735.0,428739.0,428741.0,428749.0,428754.0,428757.0,428761.0,428766.0,428773.0,428779.0,428783.0,428789.0,428796.0,428798.0,428799.0,428811.0,428820.0,428826.0,428837.0,428841.0,428848.0,428854.0,428862.0,428867.0,428877.0,428881.0,428888.0,428895.0,428897.0,428904.0,428905.0,428911.0,428917.0,428921.0,428924.0,428928.0,428937.0,428941.0,428948.0,428954.0,428960.0,428965.0,428969.0,428972.0,428976.0,428979.0,428987.0,428990.0,428993.0,428997.0,429005.0,429009.0,429012.0,429015.0,429024.0,429030.0,429032.0,429038.0,429043.0,429046.0,429050.0,429054.0,429062.0,429065.0,429072.0,429081.0,429083.0,429091.0,429098.0,429102.0,429106.0,429110.0,429118.0,429125.0,429129.0,429134.0,429137.0,429140.0,429143.0,429147.0,429154.0,429158.0,429162.0,429165.0,429167.0,429172.0,429178.0,429180.0,429184.0,429187.0,429196.0,429202.0,429213.0,429220.0,429226.0,429228.0,429234.0,429240.0,429242.0,429246.0,429251.0,429255.0,429264.0,429268.0,429277.0,429284.0,429286.0,429290.0,429295.0,429298.0,429305.0,429311.0,429313.0,429316.0,,,,,,,,,429358.0,429362.0,429364.0,429373.0,429375.0,429378.0,429381.0,429388.0,429389.0,429399.0,429401.0,429410.0,429416.0,429422.0,429424.0,429427.0,429430.0,429432.0,429438.0,429440.0,429441.0,429446.0,429447.0,429449.0,429452.0,429458.0,429462.0,429465.0,429473.0,429481.0,429482.0,429486.0,429490.0,429493.0,429496.0,429501.0,429504.0,429508.0,429510.0,429514.0,429516.0,429519.0,429521.0,429524.0,429531.0,429537.0,429539.0,429543.0,429547.0,429549.0,429554.0,429561.0,429567.0,429573.0,429584.0,429588.0,429591.0,429599.0,429603.0,429609.0,429614.0,429619.0,429624.0,429633.0,429639.0,429648.0,429659.0,429666.0,429676.0,429685.0,429705.0,429722
L74YUSnxyZA,200017.0,200060.0,200087.0,200112.0,200180.0,200202.0,200218.0,200237.0,200262.0,200285.0,200309.0,200320.0,200341.0,200359.0,200375.0,200390.0,200412.0,200432.0,200457.0,200481.0,200495.0,200507.0,200525.0,200537.0,200547.0,200572.0,200597.0,200619.0,200641.0,200657.0,200683.0,200709.0,200723.0,200738.0,200772.0,200798.0,200835.0,200856.0,200868.0,200896.0,200913.0,200932.0,200943.0,200960.0,200981.0,201003.0,201017.0,201033.0,201060.0,201069.0,201088.0,201108.0,201123.0,201153.0,201180.0,201203.0,201217.0,201238.0,201264.0,201282.0,201299.0,201319.0,201334.0,201353.0,201370.0,201388.0,201407.0,201437.0,201450.0,201467.0,201485.0,201499.0,201512.0,201521.0,201536.0,201555.0,201572.0,201597.0,201616.0,201636.0,201649.0,201672.0,201691.0,201724.0,201742.0,201764.0,201782.0,201797.0,201824.0,201841.0,201858.0,201875.0,201894.0,201911.0,201927.0,201946.0,201962.0,201974.0,201999.0,202025.0,202043.0,202066.0,202091.0,202105.0,202137.0,202164.0,202187.0,202202.0,202214.0,202231.0,202245.0,202256.0,202271.0,202286.0,202297.0,202308.0,202336.0,202362.0,202380.0,202391.0,202407.0,202421.0,202442.0,202455.0,202470.0,202485.0,202497.0,202509.0,202526.0,202540.0,202556.0,202564.0,202575.0,202585.0,,,,,,,,,202753.0,202773.0,202795.0,202805.0,202825.0,202849.0,202875.0,202903.0,202936.0,202954.0,202980.0,203004.0,203040.0,203071.0,203110.0,203142.0,203169.0,203185.0,203200.0,203206.0,203219.0,203245.0,203265.0,203277.0,203291.0,203312.0,203327.0,203342.0,203356.0,203378.0,203388.0,203396.0,203415.0,203456.0,203486.0,203511.0,203531.0,203546.0,203563.0,203583.0,203601.0,203612.0,203630.0,203651.0,203668.0,203680.0,203690.0,203700.0,203707.0,203718.0,203728.0,203746.0,203754.0,203765.0,203783.0,203791.0,203813.0,203819.0,203835.0,203848.0,203867.0,203882.0,203889.0,203896.0,203911.0,203967.0,203980.0,203994.0,204005.0,204022.0,204034.0,204093
dPKv0ruHIWg,3376.0,3382.0,3387.0,3391.0,3392.0,3396.0,3405.0,3407.0,3413.0,3418.0,3429.0,3434.0,3437.0,3439.0,3445.0,3454.0,3459.0,3463.0,3468.0,3474.0,3477.0,3483.0,3486.0,3493.0,3498.0,3501.0,3505.0,3506.0,3513.0,3517.0,3524.0,3527.0,3532.0,3536.0,3539.0,3545.0,3550.0,3554.0,3562.0,3568.0,3570.0,3574.0,3583.0,3585.0,3589.0,3591.0,3593.0,3595.0,3597.0,3600.0,3603.0,3607.0,3608.0,3613.0,3614.0,3621.0,3625.0,3626.0,3629.0,3630.0,3632.0,3637.0,3640.0,3644.0,3645.0,3650.0,3651.0,3657.0,3661.0,3662.0,3665.0,3669.0,3673.0,3678.0,3682.0,3686.0,3690.0,3694.0,3696.0,3702.0,3703.0,3708.0,3708.0,3716.0,3717.0,3726.0,3734.0,3737.0,3742.0,3748.0,3750.0,3755.0,3760.0,3763.0,3770.0,3774.0,3778.0,3786.0,3790.0,3795.0,3801.0,3805.0,3807.0,3813.0,3815.0,3819.0,3827.0,3831.0,3835.0,3838.0,3840.0,3844.0,3845.0,3851.0,3857.0,3863.0,3868.0,3869.0,3873.0,3877.0,3879.0,3881.0,3919.0,3921.0,3923.0,3927.0,3928.0,3933.0,3934.0,3935.0,3937.0,3938.0,3940.0,3946.0,,,,,,,,,3981.0,3982.0,3989.0,3996.0,3999.0,4002.0,4006.0,4008.0,4012.0,4016.0,4020.0,4026.0,4026.0,4026.0,4026.0,4026.0,4026.0,4026.0,4026.0,4026.0,4026.0,4026.0,4026.0,4026.0,4026.0,4026.0,4026.0,4026.0,4026.0,4026.0,4026.0,4026.0,4026.0,4026.0,4026.0,4026.0,4026.0,4026.0,4026.0,4026.0,4026.0,4026.0,4026.0,4026.0,4026.0,4026.0,4026.0,4026.0,4026.0,4026.0,4026.0,4026.0,4026.0,4026.0,4026.0,4026.0,4026.0,4026.0,4026.0,4026.0,4026.0,4026.0,4026.0,4026.0,4026.0,4026.0,4026.0,4026.0,4026.0,4026.0,4026.0,4026
1V5zSc_yMV0,3458.0,3465.0,3469.0,3470.0,3474.0,3479.0,3481.0,3485.0,3494.0,3501.0,3505.0,3507.0,3511.0,3517.0,3523.0,3529.0,3537.0,3541.0,3547.0,3552.0,3558.0,3563.0,3569.0,3571.0,3580.0,3586.0,3592.0,3596.0,3601.0,3605.0,3610.0,3612.0,3618.0,3620.0,3626.0,3629.0,3630.0,3633.0,3635.0,3640.0,3641.0,3645.0,3656.0,3659.0,3663.0,3668.0,3669.0,3672.0,3676.0,3681.0,3687.0,3692.0,3693.0,3694.0,3697.0,3706.0,3713.0,3716.0,3719.0,3721.0,3727.0,3733.0,3735.0,3743.0,3746.0,3750.0,3752.0,3757.0,3763.0,3766.0,3772.0,3777.0,3784.0,3788.0,3795.0,3804.0,3808.0,3813.0,3817.0,3822.0,3824.0,3827.0,3834.0,3840.0,3842.0,3849.0,3853.0,3856.0,3858.0,3861.0,3862.0,3868.0,3871.0,3878.0,3884.0,3888.0,3892.0,3895.0,3904.0,3907.0,3908.0,3912.0,3917.0,3923.0,3927.0,3936.0,3944.0,3951.0,3954.0,3957.0,3959.0,3965.0,3969.0,3971.0,3975.0,3978.0,3982.0,3986.0,3988.0,3994.0,3997.0,3998.0,4001.0,4004.0,4005.0,4009.0,4013.0,4018.0,4021.0,4021.0,4023.0,4024.0,4029.0,4035.0,,,,,,,,,4070.0,4071.0,4075.0,4079.0,4088.0,4091.0,4096.0,4097.0,4097.0,4101.0,4104.0,4108.0,4108.0,4108.0,4108.0,4108.0,4108.0,4108.0,4108.0,4108.0,4108.0,4108.0,4108.0,4108.0,4108.0,4108.0,4108.0,4108.0,4108.0,4108.0,4108.0,4108.0,4108.0,4108.0,4108.0,4108.0,4108.0,4108.0,4108.0,4108.0,4108.0,4108.0,4108.0,4108.0,4108.0,4108.0,4108.0,4108.0,4108.0,4108.0,4108.0,4108.0,4108.0,4108.0,4108.0,4108.0,4108.0,4108.0,4108.0,4108.0,4108.0,4108.0,4108.0,4108.0,4108.0,4108.0,4108.0,4108.0,4108.0,4108.0,4108.0,4108
SpPY1T8UU7Y,29992984.0,29994991.0,29997740.0,30000740.0,30003141.0,30005208.0,30007227.0,30009388.0,30011395.0,30013820.0,30016181.0,30018013.0,30019822.0,30021681.0,30023732.0,30025672.0,30028400.0,30030729.0,30032493.0,30034610.0,30036597.0,30038507.0,30040552.0,30043027.0,30045336.0,30047021.0,30048917.0,30050825.0,30052676.0,30054559.0,30056606.0,30058545.0,30060254.0,30062146.0,30063941.0,30065641.0,30067490.0,30069827.0,30072282.0,30074232.0,30075982.0,30077782.0,30079829.0,30082077.0,30084374.0,30086518.0,30088463.0,30090379.0,30092197.0,30094283.0,30096292.0,30098792.0,30101090.0,30103103.0,30105307.0,30107454.0,30109722.0,30111929.0,30114285.0,30116670.0,30118959.0,30121219.0,30123507.0,30125688.0,30127799.0,30129856.0,30131858.0,30133721.0,30135278.0,30137686.0,30139795.0,30141845.0,30143840.0,30145871.0,30147889.0,30149963.0,30152005.0,30154195.0,30156285.0,30158347.0,30160503.0,30162503.0,30164388.0,30166362.0,30168241.0,30170232.0,30172441.0,30174453.0,30176257.0,30178173.0,30180047.0,30182108.0,30184254.0,30186704.0,30188996.0,30191071.0,30192915.0,30194838.0,30196820.0,30198739.0,30200779.0,30202979.0,30205256.0,30207056.0,30208969.0,30210916.0,30212917.0,30215348.0,30217710.0,30219915.0,30222322.0,30224468.0,30226452.0,30228636.0,30231136.0,30233550.0,30235639.0,30237746.0,30239885.0,30241773.0,30243822.0,30246218.0,30248591.0,30250443.0,30252439.0,30254316.0,30256276.0,30258259.0,30260497.0,30262670.0,30264726.0,30266427.0,30268225.0,30269958.0,,,,,,,,,30294347.0,30296991.0,30299027.0,30301276.0,30303382.0,30305322.0,30307118.0,30309225.0,30311348.0,30313413.0,30315157.0,30316854.0,30318825.0,30320737.0,30322784.0,30324867.0,30326653.0,30328544.0,30330475.0,30332534.0,30334454.0,30336808.0,30338761.0,30340582.0,30342332.0,30344143.0,30346016.0,30347865.0,30350049.0,30352556.0,30354891.0,30356674.0,30358647.0,30360639.0,30362619.0,30364934.0,30367410.0,30369267.0,30371171.0,30372928.0,30375004.0,30376853.0,30378864.0,30380791.0,30382437.0,30384101.0,30385764.0,30387589.0,30389419.0,30391343.0,30393247.0,30394799.0,30396398.0,30398118.0,30399754.0,30401407.0,30403139.0,30404875.0,30406227.0,30408019.0,30409651.0,30411467.0,30413085.0,30415003.0,30416678.0,30418455.0,30420215.0,30421717.0,30422862.0,30424224.0,30425574.0,30427029
IN7WgihC8Fs,29302330.0,29304234.0,29306750.0,29309542.0,29311976.0,29314389.0,29316584.0,29318823.0,29321156.0,29323751.0,29326242.0,29328198.0,29330368.0,29332461.0,29334709.0,29337276.0,29340114.0,29342813.0,29345141.0,29347454.0,29349893.0,29353037.0,29356179.0,29359369.0,29362322.0,29364530.0,29367286.0,29370209.0,29373070.0,29376084.0,29379915.0,29383639.0,29386366.0,29389168.0,29391996.0,29395073.0,29399483.0,29403220.0,29406658.0,29409395.0,29411912.0,29414370.0,29417187.0,29420374.0,29423244.0,29425811.0,29428261.0,29430727.0,29433273.0,29435990.0,29438610.0,29441632.0,29444163.0,29446353.0,29448763.0,29451238.0,29453978.0,29457014.0,29460125.0,29463014.0,29465524.0,29468187.0,29470977.0,29473455.0,29475965.0,29478549.0,29481246.0,29483880.0,29486500.0,29489131.0,29491451.0,29493584.0,29495744.0,29498103.0,29500410.0,29502822.0,29505374.0,29507592.0,29509673.0,29511797.0,29514031.0,29516333.0,29518585.0,29520762.0,29522769.0,29524807.0,29526918.0,29528745.0,29530551.0,29532702.0,29534812.0,29537184.0,29539061.0,29541065.0,29543100.0,29544902.0,29547045.0,29549208.0,29551316.0,29553302.0,29555373.0,29557422.0,29559410.0,29561329.0,29563291.0,29565321.0,29567425.0,29569978.0,29572284.0,29574193.0,29576340.0,29578266.0,29580121.0,29582078.0,29584204.0,29586405.0,29588489.0,29590436.0,29592629.0,29594772.0,29596907.0,29599067.0,29601223.0,29603155.0,29605214.0,29607185.0,29609199.0,29611278.0,29613457.0,29615637.0,29617794.0,29619879.0,29621956.0,29623914.0,,,,,,,,,29652518.0,29655754.0,29658677.0,29661243.0,29663783.0,29666158.0,29668469.0,29670725.0,29673100.0,29675398.0,29677541.0,29679676.0,29682168.0,29684580.0,29687227.0,29689552.0,29691513.0,29694064.0,29696693.0,29699195.0,29701723.0,29704830.0,29707475.0,29710186.0,29712610.0,29715208.0,29717902.0,29720526.0,29723448.0,29726131.0,29729080.0,29731591.0,29734115.0,29736721.0,29739334.0,29742205.0,29745078.0,29747549.0,29750102.0,29752604.0,29755411.0,29757833.0,29760364.0,29762821.0,29764989.0,29767113.0,29769338.0,29771780.0,29774115.0,29776661.0,29779276.0,29781413.0,29783690.0,29786166.0,29788434.0,29790628.0,29792896.0,29795164.0,29796910.0,29799188.0,29801202.0,29803684.0,29805998.0,29808390.0,29810596.0,29812654.0,29815064.0,29817073.0,29818655.0,29820368.0,29822163.0,29824135
exOeLmxIcCo,12386399.0,12387747.0,12389324.0,12390916.0,12392236.0,12393707.0,12395048.0,12396545.0,12397983.0,12399529.0,12401199.0,12402532.0,12403861.0,12405196.0,12406518.0,12407899.0,12409625.0,12411321.0,12412595.0,12414121.0,12415420.0,12417121.0,12418770.0,12420379.0,12422088.0,12423165.0,12424760.0,12426262.0,12427751.0,12429196.0,12430674.0,12432227.0,12433538.0,12434890.0,12436028.0,12437488.0,12438813.0,12440212.0,12441832.0,12442936.0,12444331.0,12445427.0,12446712.0,12448005.0,12449372.0,12450729.0,12452017.0,12453287.0,12454494.0,12455626.0,12456775.0,12457919.0,12459241.0,12460428.0,12461628.0,12462614.0,12463897.0,12465017.0,12466182.0,12467420.0,12468534.0,12469663.0,12470812.0,12472009.0,12473166.0,12474150.0,12475251.0,12476398.0,12477439.0,12478680.0,12479818.0,12480879.0,12481940.0,12483089.0,12484231.0,12485333.0,12486441.0,12487554.0,12488806.0,12490026.0,12491213.0,12492367.0,12493462.0,12494617.0,12495753.0,12496991.0,12498137.0,12499404.0,12500470.0,12501517.0,12502611.0,12503750.0,12505084.0,12506396.0,12507734.0,12509128.0,12510362.0,12511541.0,12512885.0,12514305.0,12515730.0,12517094.0,12518531.0,12519711.0,12521024.0,12522346.0,12523582.0,12525080.0,12526458.0,12527783.0,12529212.0,12530592.0,12531972.0,12533251.0,12534567.0,12535740.0,12537043.0,12538252.0,12539584.0,12540617.0,12542071.0,12543375.0,12544695.0,12546031.0,12547419.0,12548835.0,12550254.0,12551699.0,12553169.0,12554601.0,12556076.0,12557374.0,12558594.0,12559855.0,,,,,,,,,12580785.0,12583003.0,12584683.0,12586759.0,12588679.0,12590638.0,12592551.0,12594471.0,12596437.0,12598328.0,12599886.0,12601601.0,12603542.0,12605427.0,12607368.0,12609228.0,12610931.0,12612799.0,12614841.0,12616932.0,12619043.0,12621439.0,12623656.0,12625542.0,12627549.0,12629535.0,12631442.0,12633430.0,12635664.0,12637950.0,12640197.0,12642188.0,12644257.0,12646255.0,12648277.0,12650591.0,12652891.0,12654953.0,12657455.0,12659593.0,12661957.0,12663948.0,12666035.0,12668146.0,12670198.0,12672155.0,12674133.0,12676345.0,12678420.0,12680595.0,12682964.0,12684829.0,12686838.0,12688920.0,12690877.0,12692842.0,12694891.0,12696921.0,12698796.0,12700614.0,12702857.0,12704845.0,12706542.0,12708811.0,12710679.0,12712578.0,12714221.0,12715616.0,12716804.0,12717978.0,12719243.0,12720595
Au4Zroq90cU,2296669.0,2296700.0,2296754.0,2296803.0,2296839.0,2296874.0,2296915.0,2296949.0,2296987.0,2297034.0,2297074.0,2297115.0,2297138.0,2297180.0,2297218.0,2297267.0,2297313.0,2297356.0,2297391.0,2297439.0,2297466.0,2297504.0,2297533.0,2297568.0,2297606.0,2297640.0,2297673.0,2297711.0,2297746.0,2297770.0,2297803.0,2297833.0,2297855.0,2297889.0,2297923.0,2297950.0,2297986.0,2298025.0,2298058.0,2298097.0,2298125.0,2298155.0,2298192.0,2298211.0,2298254.0,2298286.0,2298312.0,2298345.0,2298375.0,2298412.0,2298452.0,2298496.0,2298542.0,2298574.0,2298606.0,2298643.0,2298677.0,2298705.0,2298743.0,2298777.0,2298805.0,2298829.0,2298865.0,2298894.0,2298934.0,2298964.0,2299008.0,2299047.0,2299066.0,2299113.0,2299155.0,2299195.0,2299230.0,2299264.0,2299300.0,2299349.0,2299379.0,2299422.0,2299459.0,2299505.0,2299551.0,2299597.0,2299635.0,2299685.0,2299731.0,2299768.0,2299803.0,2299845.0,2299881.0,2299916.0,2299944.0,2299989.0,2300014.0,2300053.0,2300097.0,2300123.0,2300149.0,2300195.0,2300220.0,2300258.0,2300286.0,2300327.0,2300364.0,2300401.0,2300421.0,2300451.0,2300480.0,2300517.0,2300550.0,2300584.0,2300627.0,2300666.0,2300695.0,2300740.0,2300790.0,2300830.0,2300865.0,2300892.0,2300920.0,2300954.0,2300975.0,2301015.0,2301047.0,2301079.0,2301108.0,2301133.0,2301164.0,2301210.0,2301241.0,2301264.0,2301304.0,2301340.0,2301373.0,2301409.0,,,,,,,,,2301826.0,2301858.0,2301891.0,2301918.0,2301968.0,2302014.0,2302049.0,2302092.0,2302134.0,2302163.0,2302192.0,2302222.0,2302262.0,2302311.0,2302349.0,2302384.0,2302424.0,2302452.0,2302493.0,2302556.0,2302572.0,2302623.0,2302665.0,2302706.0,2302727.0,2302772.0,2302811.0,2302850.0,2302898.0,2302943.0,2302980.0,2303023.0,2303058.0,2303095.0,2303118.0,2303169.0,2303227.0,2303263.0,2303295.0,2303332.0,2303364.0,2303405.0,2303448.0,2303483.0,2303530.0,2303561.0,2303598.0,2303650.0,2303694.0,2303745.0,2303783.0,2303810.0,2303848.0,2303893.0,2303942.0,2303982.0,2304011.0,2304038.0,2304057.0,2304099.0,2304134.0,2304167.0,2304207.0,2304248.0,2304278.0,2304321.0,2304361.0,2304412.0,2304451.0,2304493.0,2304526.0,2304558
8wCuNnlk50k,21829871.0,21835794.0,21841642.0,21847313.0,21853253.0,21859271.0,21865502.0,21871553.0,21877901.0,21883993.0,21890006.0,21896854.0,21904068.0,21910903.0,21917621.0,21924191.0,21930436.0,21936153.0,21941694.0,21947210.0,21952623.0,21958426.0,21963982.0,21969145.0,21973870.0,21978592.0,21983167.0,21988095.0,21993320.0,21998857.0,22003813.0,22007963.0,22012600.0,22017522.0,22022677.0,22028239.0,22033868.0,22039153.0,22043595.0,22048296.0,22053193.0,22058290.0,22063359.0,22068474.0,22073157.0,22077490.0,22082265.0,22087286.0,22092165.0,22097267.0,22102430.0,22107865.0,22112685.0,22117825.0,22123138.0,22127598.0,22132252.0,22136715.0,22141065.0,22145320.0,22149859.0,22154486.0,22159293.0,22163893.0,22168642.0,22173220.0,22177448.0,22182153.0,22186520.0,22192019.0,22197113.0,22202100.0,22207008.0,22211534.0,22216604.0,22221877.0,22226723.0,22231327.0,22236167.0,22240666.0,22245039.0,22249816.0,22254807.0,22260384.0,22266060.0,22271710.0,22276427.0,22280990.0,22285706.0,22290209.0,22294645.0,22299078.0,22303784.0,22308183.0,22312633.0,22317138.0,22321616.0,22325846.0,22329929.0,22334227.0,22338484.0,22342785.0,22346887.0,22351111.0,22355099.0,22359428.0,22364076.0,22368431.0,22372546.0,22377549.0,22382249.0,22387240.0,22391853.0,22396277.0,22400356.0,22404005.0,22408089.0,22412337.0,22416428.0,22420562.0,22424655.0,22428642.0,22432330.0,22436014.0,22440106.0,22444443.0,22448977.0,22453610.0,22458342.0,22463213.0,22468689.0,22475784.0,22483527.0,22491043.0,,,,,,,,,22563597.0,22570796.0,22578641.0,22586508.0,22594380.0,22602189.0,22609020.0,22615611.0,22622876.0,22631960.0,22641014.0,22649342.0,22657682.0,22665983.0,22672969.0,22679892.0,22688972.0,22698897.0,22707814.0,22714975.0,22720838.0,22726827.0,22731871.0,22737140.0,22742448.0,22747855.0,22753328.0,22758697.0,22763804.0,22768482.0,22773607.0,22778822.0,22784437.0,22789610.0,22795033.0,22800582.0,22805974.0,22811435.0,22817152.0,22823048.0,22829278.0,22835385.0,22840986.0,22846324.0,22852142.0,22857874.0,22863662.0,22869622.0,22875788.0,22881462.0,22886574.0,22891862.0,22897244.0,22902660.0,22907817.0,22913195.0,22918283.0,22923109.0,22928328.0,22933468.0,22938328.0,22942609.0,22947180.0,22952077.0,22956617.0,22961491.0,22966556.0,22971653.0,22975768.0,22980040.0,22985090.0,22990064
xBrrdxtyWHw,4328609.0,4331506.0,4335767.0,4340353.0,4343619.0,4346486.0,4349223.0,4352066.0,4354969.0,4358257.0,4361884.0,4364826.0,4369449.0,4374139.0,4378464.0,4381846.0,4385127.0,4387518.0,4389566.0,4391521.0,4393297.0,4395083.0,4397072.0,4399576.0,4401961.0,4403725.0,4405762.0,4407638.0,4409553.0,4411656.0,4413949.0,4416442.0,4418658.0,4420895.0,4423323.0,4425361.0,4427193.0,4429416.0,4431308.0,4433279.0,4435042.0,4436838.0,4438487.0,4440501.0,4442680.0,4444786.0,4447094.0,4449634.0,4451849.0,4454066.0,4456261.0,4459019.0,4461400.0,4463466.0,4465627.0,4467951.0,4470057.0,4472066.0,4474554.0,4477132.0,4479447.0,4481481.0,4483653.0,4485647.0,4487456.0,4489235.0,4490868.0,4492188.0,4493413.0,4494857.0,4496248.0,4497736.0,4499291.0,4500761.0,4502125.0,4503460.0,4504841.0,4506485.0,4508315.0,4510171.0,4511957.0,4513573.0,4515294.0,4516675.0,4518094.0,4519812.0,4521655.0,4523718.0,4526109.0,4528149.0,4530235.0,4532268.0,4534103.0,4536186.0,4538216.0,4539942.0,4541442.0,4542720.0,4544280.0,4545877.0,4547829.0,4549885.0,4551754.0,4553488.0,4555145.0,4557046.0,4558967.0,4561515.0,4564044.0,4566329.0,4568581.0,4570833.0,4572898.0,4575484.0,4578281.0,4580794.0,4583084.0,4585489.0,4587645.0,4589835.0,4591952.0,4594411.0,4596982.0,4599248.0,4601285.0,4603454.0,4605952.0,4608360.0,4611286.0,4614680.0,4617707.0,4620764.0,4623468.0,4625698.0,,,,,,,,,4643428.0,4645679.0,4647213.0,4648536.0,4649597.0,4651042.0,4652220.0,4653610.0,4655186.0,4656539.0,4657736.0,4658944.0,4660281.0,4661662.0,4663539.0,4665321.0,4666548.0,4667622.0,4668711.0,4669786.0,4671078.0,4672634.0,4674341.0,4675529.0,4676727.0,4677917.0,4679345.0,4680749.0,4682291.0,4683826.0,4685124.0,4686470.0,4687785.0,4689080.0,4690221.0,4691588.0,4693150.0,4694257.0,4695356.0,4696390.0,4697519.0,4698665.0,4700086.0,4701624.0,4702899.0,4704264.0,4705460.0,4706737.0,4708113.0,4709775.0,4711360.0,4712690.0,4714027.0,4715344.0,4716667.0,4717949.0,4719593.0,4721063.0,4722660.0,4724305.0,4725914.0,4727484.0,4728720.0,4730083.0,4731459.0,4732920.0,4734755.0,4736909.0,4739019.0,4740863.0,4742957.0,4745208
oiSmwzPZOOo,3569831.0,3570835.0,3571975.0,3573148.0,3574350.0,3575549.0,3576674.0,3577793.0,3578854.0,3579907.0,3580962.0,3582019.0,3583137.0,3584243.0,3585430.0,3586617.0,3587787.0,3588795.0,3589928.0,3591006.0,3592048.0,3593297.0,3594430.0,3595515.0,3596442.0,3597569.0,3598554.0,3599447.0,3600406.0,3601306.0,3602349.0,3603376.0,3604256.0,3605252.0,3606220.0,3607282.0,3608437.0,3609412.0,3610341.0,3611264.0,3612211.0,3613119.0,3613975.0,3614924.0,3615798.0,3616616.0,3617479.0,3618376.0,3619234.0,3620029.0,3620883.0,3621744.0,3622632.0,3623469.0,3624369.0,3625255.0,3626177.0,3627093.0,3627963.0,3628854.0,3629716.0,3630641.0,3631579.0,3632451.0,3633284.0,3634097.0,3634885.0,3635692.0,3636422.0,3637343.0,3638255.0,3639005.0,3639728.0,3640498.0,3641206.0,3642075.0,3643152.0,3644047.0,3644927.0,3645953.0,3646826.0,3647714.0,3648610.0,3649527.0,3650437.0,3651243.0,3652123.0,3652949.0,3653777.0,3654561.0,3655346.0,3656125.0,3656889.0,3657769.0,3658533.0,3659241.0,3659990.0,3660673.0,3661468.0,3662203.0,3663024.0,3663856.0,3664657.0,3665430.0,3666509.0,3667344.0,3668201.0,3669137.0,3669945.0,3670815.0,3671707.0,3672511.0,3673223.0,3674088.0,3675085.0,3676055.0,3676945.0,3677698.0,3678666.0,3679584.0,3680472.0,3681164.0,3681888.0,3682684.0,3683476.0,3684178.0,3684884.0,3685744.0,3686525.0,3687362.0,3688135.0,3688783.0,3689395.0,3689985.0,,,,,,,,,3696908.0,3697777.0,3698479.0,3699038.0,3699741.0,3700471.0,3701088.0,3701694.0,3702441.0,3703115.0,3703745.0,3704361.0,3705097.0,3705850.0,3706531.0,3707207.0,3707736.0,3708584.0,3709254.0,3709907.0,3710504.0,3711067.0,3711757.0,3712404.0,3713080.0,3713700.0,3714378.0,3715046.0,3715770.0,3716496.0,3717184.0,3717837.0,3718544.0,3719162.0,3719868.0,3720547.0,3721243.0,3721974.0,3722727.0,3723476.0,3724175.0,3724903.0,3725616.0,3726357.0,3727050.0,3727784.0,3728559.0,3729392.0,3730213.0,3731003.0,3731773.0,3732516.0,3733235.0,3733939.0,3734654.0,3735447.0,3736216.0,3736799.0,3737632.0,3738426.0,3739183.0,3739912.0,3740570.0,3741340.0,3742020.0,3742894.0,3743681.0,3744394.0,3745124.0,3745808.0,3746466.0,3747304
p1bjnyDqI9k,123383144.0,123398192.0,123415694.0,123435080.0,123452010.0,123467702.0,123483997.0,123502374.0,123522373.0,123542819.0,123564256.0,123581911.0,123599675.0,123617254.0,123635283.0,123655266.0,123675793.0,123694662.0,123712478.0,123730323.0,123749639.0,123770528.0,123792382.0,123812988.0,123832748.0,123851503.0,123871117.0,123890399.0,123909011.0,123927430.0,123946612.0,123964911.0,123982499.0,124001500.0,124018995.0,124035817.0,124055016.0,124077794.0,124100232.0,124118360.0,124135253.0,124152176.0,124168257.0,124184292.0,124201700.0,124218773.0,124233710.0,124249395.0,124265462.0,124280577.0,124295089.0,124311622.0,124329351.0,124345656.0,124362316.0,124378528.0,124395129.0,124412090.0,124430119.0,124448971.0,124467989.0,124488716.0,124509619.0,124528564.0,124547291.0,124566363.0,124588025.0,124606687.0,124623209.0,124642471.0,124661797.0,124680463.0,124700542.0,124721247.0,124740891.0,124759170.0,124778489.0,124799111.0,124819240.0,124840684.0,124862054.0,124882114.0,124901127.0,124921428.0,124942771.0,124963958.0,124984797.0,125003613.0,125021930.0,125039208.0,125055687.0,125071882.0,125088857.0,125106448.0,125124634.0,125139968.0,125154220.0,125169457.0,125186006.0,125203767.0,125223139.0,125243456.0,125260200.0,125276229.0,125292469.0,125308949.0,125325273.0,125343711.0,125362410.0,125379790.0,125395514.0,125412093.0,125428866.0,125446109.0,125463828.0,125481693.0,125496407.0,125510409.0,125524714.0,125539039.0,125555547.0,125573137.0,125591107.0,125607180.0,125622969.0,125639041.0,125655061.0,125671523.0,125688409.0,125706184.0,125722806.0,125739652.0,125757029.0,125773540.0,,,,,,,,,125954955.0,125976480.0,125996537.0,126017706.0,126037916.0,126060520.0,126085139.0,126112614.0,126153408.0,126188794.0,126222150.0,126254109.0,126281367.0,126307083.0,126332391.0,126359987.0,126382957.0,126404996.0,126425497.0,126442558.0,126458843.0,126476149.0,126494183.0,126509432.0,126524608.0,126540925.0,126557474.0,126574644.0,126595248.0,126617703.0,126635647.0,126653016.0,126668977.0,126685276.0,126701071.0,126718009.0,126734767.0,126750090.0,126765260.0,126780539.0,126796010.0,126811161.0,126827233.0,126842558.0,126857309.0,126871688.0,126886815.0,126902357.0,126917776.0,126934294.0,126950368.0,126964801.0,126979979.0,126996066.0,127011295.0,127028061.0,127044759.0,127059931.0,127075584.0,127091895.0,127108734.0,127124765.0,127139253.0,127155336.0,127170132.0,127185475.0,127201298.0,127216471.0,127230807.0,127244292.0,127259992.0,127275902
kBwikDvbRbI,7842198.0,7842765.0,7843357.0,7844067.0,7844727.0,7845309.0,7845858.0,7846461.0,7847026.0,7847696.0,7848424.0,7849084.0,7849847.0,7850525.0,7851221.0,7851911.0,7852606.0,7853290.0,7853901.0,7854451.0,7855129.0,7855758.0,7856379.0,7857012.0,7857594.0,7858204.0,7858771.0,7859293.0,7859850.0,7860428.0,7860994.0,7861548.0,7862126.0,7862697.0,7863280.0,7863828.0,7864498.0,7865096.0,7865844.0,7866517.0,7867022.0,7867705.0,7868279.0,7868926.0,7869525.0,7870123.0,7870839.0,7871529.0,7872121.0,7872704.0,7873280.0,7873818.0,7874349.0,7874925.0,7875518.0,7876079.0,7876612.0,7877130.0,7877662.0,7878198.0,7878722.0,7879386.0,7879908.0,7880504.0,7881045.0,7881631.0,7882133.0,7882658.0,7883136.0,7883660.0,7884258.0,7884864.0,7885432.0,7885989.0,7886483.0,7887030.0,7887539.0,7888074.0,7888715.0,7889231.0,7889778.0,7890406.0,7890823.0,7891413.0,7891952.0,7892556.0,7893112.0,7893684.0,7894256.0,7894767.0,7895229.0,7895737.0,7896300.0,7896858.0,7897459.0,7898017.0,7898507.0,7899033.0,7899539.0,7900128.0,7900704.0,7901359.0,7901969.0,7902508.0,7903131.0,7903685.0,7904309.0,7904982.0,7905686.0,7906369.0,7907022.0,7907696.0,7908445.0,7909166.0,7909900.0,7910682.0,7911314.0,7911935.0,7912570.0,7913139.0,7913846.0,7914519.0,7915291.0,7916048.0,7916925.0,7917764.0,7918559.0,7919379.0,7920154.0,7921088.0,7921888.0,7922697.0,7923463.0,7924218.0,,,,,,,,,7933413.0,7934529.0,7935649.0,7936678.0,7937751.0,7938665.0,7939637.0,7940745.0,7942139.0,7943410.0,7944730.0,7946030.0,7947517.0,7948925.0,7950472.0,7952053.0,7953499.0,7955129.0,7956747.0,7958362.0,7959959.0,7961544.0,7963212.0,7964774.0,7966309.0,7967974.0,7969667.0,7971511.0,7973390.0,7975368.0,7977214.0,7979097.0,7980949.0,7982801.0,7984646.0,7986730.0,7988927.0,7991304.0,7993950.0,7996888.0,8000113.0,8003910.0,8007880.0,8011551.0,8014931.0,8018330.0,8021590.0,8024836.0,8027997.0,8031257.0,8034444.0,8037465.0,8040599.0,8044266.0,8048681.0,8052922.0,8057265.0,8061651.0,8065798.0,8070384.0,8078055.0,8090199.0,8096023.0,8099457.0,8102011.0,8104472.0,8106911.0,8109345.0,8111400.0,8112946.0,8114393.0,8115752
MqF4XXECLJ8,42171.0,42171.0,42171.0,42173.0,42175.0,42180.0,42184.0,42189.0,42193.0,42195.0,42198.0,42202.0,42204.0,42207.0,42207.0,42212.0,42212.0,42214.0,42217.0,42217.0,42221.0,42224.0,42224.0,42226.0,42229.0,42233.0,42240.0,42243.0,42245.0,42245.0,42246.0,42249.0,42252.0,42256.0,42260.0,42261.0,42263.0,42267.0,42270.0,42271.0,42278.0,42280.0,42286.0,42290.0,42293.0,42298.0,42300.0,42303.0,42307.0,42309.0,42312.0,42313.0,42315.0,42316.0,42317.0,42318.0,42321.0,42321.0,42325.0,42326.0,42330.0,42335.0,42343.0,42346.0,42347.0,42349.0,42352.0,42357.0,42360.0,42360.0,42360.0,42362.0,42363.0,42365.0,42368.0,42370.0,42372.0,42378.0,42382.0,42382.0,42384.0,42389.0,42391.0,42396.0,42398.0,42402.0,42404.0,42408.0,42415.0,42419.0,42422.0,42426.0,42428.0,42431.0,42433.0,42435.0,42437.0,42438.0,42442.0,42445.0,42447.0,42450.0,42455.0,42456.0,42461.0,42465.0,42468.0,42473.0,42474.0,42477.0,42482.0,42483.0,42485.0,42491.0,42495.0,42501.0,42507.0,42507.0,42512.0,42516.0,42522.0,42528.0,42531.0,42533.0,42534.0,42539.0,42542.0,42544.0,42547.0,42549.0,42551.0,42552.0,42553.0,42556.0,,,,,,,,,42578.0,42582.0,42583.0,42584.0,42584.0,42584.0,42586.0,42589.0,42591.0,42592.0,42595.0,42596.0,42597.0,42597.0,42598.0,42600.0,42602.0,42604.0,42606.0,42609.0,42612.0,42614.0,42620.0,42620.0,42621.0,42622.0,42624.0,42627.0,42631.0,42635.0,42639.0,42640.0,42641.0,42643.0,42644.0,42647.0,42650.0,42652.0,42654.0,42654.0,42657.0,42658.0,42660.0,42660.0,42660.0,42665.0,42669.0,42671.0,42671.0,42671.0,42672.0,42676.0,42678.0,42680.0,42685.0,42689.0,42692.0,42694.0,42698.0,42699.0,42704.0,42711.0,42716.0,42718.0,42722.0,42728.0,42729.0,42729.0,42729.0,42731.0,42733.0,42733
rdbm-g5t5GE,1254.0,1254.0,1254.0,1254.0,1254.0,1254.0,1254.0,1254.0,1254.0,1254.0,1254.0,1254.0,1254.0,1254.0,1254.0,1254.0,1254.0,1254.0,1254.0,1254.0,1254.0,1254.0,1254.0,1254.0,1254.0,1254.0,1254.0,1254.0,1254.0,1254.0,1254.0,1254.0,1254.0,1254.0,1254.0,1254.0,1254.0,1254.0,1254.0,1254.0,1254.0,1254.0,1254.0,1254.0,1254.0,1254.0,1254.0,1254.0,1254.0,1254.0,1254.0,1254.0,1254.0,1254.0,1254.0,1254.0,1254.0,1254.0,1254.0,1254.0,1254.0,1254.0,1254.0,1254.0,1254.0,1254.0,1254.0,1254.0,1254.0,1254.0,1254.0,1254.0,1254.0,1254.0,1254.0,1254.0,1254.0,1254.0,1254.0,1254.0,1254.0,1254.0,1254.0,1254.0,1254.0,1254.0,1254.0,1254.0,1254.0,1254.0,1254.0,1254.0,1254.0,1254.0,1254.0,1254.0,1254.0,1254.0,1254.0,1254.0,1254.0,1254.0,1254.0,1254.0,1254.0,1254.0,1254.0,1254.0,1254.0,1254.0,1254.0,1254.0,1254.0,1254.0,1254.0,1254.0,1254.0,1254.0,1254.0,1254.0,1254.0,1254.0,1254.0,1254.0,1254.0,1254.0,1254.0,1254.0,1254.0,1254.0,1254.0,1254.0,1254.0,1254.0,,,,,,,,,1254.0,1254.0,1254.0,1254.0,1254.0,1254.0,1254.0,1254.0,1254.0,1254.0,1254.0,1254.0,1254.0,1254.0,1254.0,1254.0,1254.0,1254.0,1254.0,1254.0,1254.0,1254.0,1254.0,1254.0,1254.0,1254.0,1254.0,1254.0,1254.0,1254.0,1254.0,1254.0,1254.0,1254.0,1254.0,1254.0,1254.0,1254.0,1254.0,1254.0,1254.0,1254.0,1254.0,1254.0,1254.0,1254.0,1254.0,1254.0,1254.0,1254.0,1254.0,1254.0,1254.0,1254.0,1254.0,1254.0,1254.0,1254.0,1254.0,1254.0,1254.0,1254.0,1254.0,1254.0,1254.0,1254.0,1254.0,1254.0,1254.0,1254.0,1254.0,1254
V-KmrTY2_xc,1310.0,1310.0,1310.0,1310.0,1310.0,1310.0,1310.0,1310.0,1310.0,1310.0,1310.0,1310.0,1310.0,1310.0,1310.0,1310.0,1310.0,1310.0,1310.0,1310.0,1310.0,1310.0,1310.0,1310.0,1310.0,1310.0,1310.0,1310.0,1310.0,1310.0,1310.0,1310.0,1310.0,1310.0,1310.0,1310.0,1310.0,1310.0,1310.0,1310.0,1310.0,1310.0,1310.0,1310.0,1310.0,1310.0,1310.0,1310.0,1310.0,1310.0,1310.0,1310.0,1310.0,1310.0,1310.0,1310.0,1310.0,1310.0,1310.0,1310.0,1310.0,1310.0,1310.0,1310.0,1310.0,1310.0,1310.0,1310.0,1310.0,1310.0,1310.0,1310.0,1310.0,1310.0,1310.0,1310.0,1310.0,1310.0,1310.0,1310.0,1310.0,1310.0,1310.0,1310.0,1310.0,1310.0,1310.0,1310.0,1310.0,1310.0,1310.0,1310.0,1310.0,1310.0,1310.0,1310.0,1310.0,1310.0,1310.0,1310.0,1310.0,1310.0,1310.0,1310.0,1310.0,1310.0,1310.0,1310.0,1310.0,1310.0,1310.0,1310.0,1310.0,1310.0,1310.0,1310.0,1310.0,1310.0,1310.0,1310.0,1310.0,1310.0,1310.0,1310.0,1310.0,1310.0,1310.0,1310.0,1310.0,1310.0,1310.0,1310.0,1310.0,1310.0,,,,,,,,,1310.0,1310.0,1310.0,1310.0,1310.0,1310.0,1310.0,1310.0,1310.0,1310.0,1310.0,1310.0,1310.0,1310.0,1310.0,1310.0,1310.0,1310.0,1310.0,1310.0,1310.0,1310.0,1310.0,1310.0,1310.0,1310.0,1310.0,1310.0,1310.0,1310.0,1310.0,1310.0,1310.0,1310.0,1310.0,1310.0,1310.0,1310.0,1310.0,1310.0,1310.0,1310.0,1310.0,1310.0,1310.0,1310.0,1310.0,1310.0,1310.0,1310.0,1310.0,1310.0,1310.0,1310.0,1310.0,1310.0,1310.0,1310.0,1310.0,1310.0,1310.0,1310.0,1310.0,1310.0,1310.0,1310.0,1310.0,1310.0,1310.0,1310.0,1310.0,1310
7n0E1JZ3OLA,99492.0,99539.0,99604.0,99674.0,99724.0,99765.0,99809.0,99854.0,99909.0,99959.0,100003.0,100077.0,100134.0,100236.0,100330.0,100444.0,100539.0,100629.0,100700.0,100786.0,100894.0,101008.0,101129.0,101244.0,101356.0,101442.0,101553.0,101737.0,101861.0,102045.0,102233.0,102420.0,102621.0,102872.0,103088.0,103394.0,103673.0,103943.0,104155.0,104379.0,104620.0,104793.0,104951.0,105133.0,105307.0,105495.0,105649.0,105812.0,105944.0,106062.0,106174.0,106295.0,106447.0,106541.0,106645.0,106760.0,106881.0,107018.0,107099.0,107195.0,107266.0,107330.0,107403.0,107465.0,107528.0,107574.0,107623.0,107670.0,107718.0,107762.0,107812.0,107861.0,107910.0,107960.0,108009.0,108067.0,108117.0,108166.0,108206.0,108254.0,108275.0,108320.0,108367.0,108409.0,108433.0,108459.0,108492.0,108530.0,108561.0,108584.0,108608.0,108628.0,108651.0,108674.0,108700.0,108717.0,108742.0,108766.0,108786.0,108797.0,108813.0,108836.0,108856.0,108867.0,108883.0,108903.0,108924.0,108936.0,108957.0,108978.0,108992.0,109008.0,109019.0,109042.0,109054.0,109072.0,109081.0,109097.0,109115.0,109134.0,109148.0,109163.0,109181.0,109206.0,109223.0,109240.0,109253.0,109286.0,109302.0,109324.0,109340.0,109355.0,109376.0,109389.0,,,,,,,,,109593.0,109617.0,109643.0,109673.0,109698.0,109716.0,109731.0,109750.0,109762.0,109782.0,109800.0,109828.0,109863.0,109894.0,109913.0,109937.0,109951.0,109976.0,109989.0,110006.0,110025.0,110047.0,110060.0,110070.0,110087.0,110101.0,110111.0,110126.0,110136.0,110149.0,110166.0,110184.0,110190.0,110206.0,110230.0,110242.0,110259.0,110272.0,110285.0,110299.0,110322.0,110337.0,110350.0,110365.0,110379.0,110395.0,110415.0,110445.0,110458.0,110472.0,110491.0,110497.0,110523.0,110536.0,110556.0,110575.0,110590.0,110601.0,110612.0,110628.0,110645.0,110658.0,110675.0,110696.0,110719.0,110742.0,110756.0,110775.0,110780.0,110788.0,110804.0,110820
9dNND29yPhQ,15526594.0,15526882.0,15527193.0,15527522.0,15527836.0,15528159.0,15528510.0,15528879.0,15529231.0,15529605.0,15530037.0,15530350.0,15530692.0,15531062.0,15531431.0,15531734.0,15532025.0,15532355.0,15532728.0,15533057.0,15533457.0,15533840.0,15534211.0,15534580.0,15534887.0,15535220.0,15535547.0,15535944.0,15536314.0,15536726.0,15537044.0,15537389.0,15537731.0,15538065.0,15538405.0,15538736.0,15539103.0,15539490.0,15539788.0,15540116.0,15540385.0,15540693.0,15541045.0,15541384.0,15541750.0,15542075.0,15542379.0,15542782.0,15543071.0,15543403.0,15543804.0,15544161.0,15544481.0,15544787.0,15545106.0,15545475.0,15545818.0,15546150.0,15546495.0,15546776.0,15547108.0,15547461.0,15547818.0,15548139.0,15548422.0,15548739.0,15549031.0,15549374.0,15549646.0,15550016.0,15550372.0,15550660.0,15551032.0,15551293.0,15551590.0,15551868.0,15552248.0,15552542.0,15552825.0,15553128.0,15553383.0,15553714.0,15554000.0,15554299.0,15554614.0,15554932.0,15555216.0,15555506.0,15555773.0,15556099.0,15556410.0,15556737.0,15556992.0,15557273.0,15557518.0,15557835.0,15558115.0,15558414.0,15558702.0,15558936.0,15559209.0,15559509.0,15559799.0,15560090.0,15560347.0,15560628.0,15560947.0,15561253.0,15561542.0,15561852.0,15562114.0,15562401.0,15562683.0,15563052.0,15563366.0,15563682.0,15564034.0,15564330.0,15564658.0,15564925.0,15565282.0,15565544.0,15565840.0,15566119.0,15566373.0,15566690.0,15566978.0,15567313.0,15567631.0,15567880.0,15568124.0,15568420.0,15568672.0,15568913.0,,,,,,,,,15571197.0,15571454.0,15571698.0,15571927.0,15572247.0,15572545.0,15572824.0,15573037.0,15573275.0,15573522.0,15573769.0,15574034.0,15574335.0,15574619.0,15574843.0,15575070.0,15575373.0,15575683.0,15575954.0,15576236.0,15576533.0,15576802.0,15577057.0,15577376.0,15577651.0,15577934.0,15578196.0,15578459.0,15578718.0,15578982.0,15579244.0,15579472.0,15579718.0,15579991.0,15580227.0,15580474.0,15580701.0,15580960.0,15581240.0,15581495.0,15581736.0,15581986.0,15582244.0,15582495.0,15582739.0,15582983.0,15583258.0,15583564.0,15583912.0,15584212.0,15584474.0,15584799.0,15585098.0,15585371.0,15585655.0,15585895.0,15586157.0,15586436.0,15586676.0,15586898.0,15587183.0,15587415.0,15587692.0,15587930.0,15588223.0,15588501.0,15588725.0,15589000.0,15589237.0,15589503.0,15589786.0,15590014
TeNT1thIOCM,3672.0,3674.0,3681.0,3684.0,3687.0,3688.0,3690.0,3690.0,3694.0,3697.0,3699.0,3704.0,3710.0,3715.0,3727.0,3728.0,3732.0,3735.0,3741.0,3745.0,3750.0,3752.0,3753.0,3756.0,3756.0,3756.0,3756.0,3757.0,3758.0,3758.0,3761.0,3762.0,3762.0,3762.0,3764.0,3765.0,3765.0,3765.0,3768.0,3768.0,3768.0,3770.0,3771.0,3774.0,3775.0,3776.0,3778.0,3779.0,3780.0,3782.0,3783.0,3784.0,3785.0,3789.0,3791.0,3793.0,3794.0,3797.0,3798.0,3798.0,3799.0,3801.0,3802.0,3803.0,3805.0,3805.0,3806.0,3807.0,3807.0,3809.0,3813.0,3814.0,3817.0,3819.0,3820.0,3820.0,3822.0,3822.0,3823.0,3828.0,3829.0,3833.0,3837.0,3838.0,3839.0,3840.0,3842.0,3843.0,3852.0,3853.0,3855.0,3857.0,3860.0,3863.0,3865.0,3868.0,3872.0,3873.0,3875.0,3880.0,3880.0,3881.0,3889.0,3892.0,3894.0,3897.0,3901.0,3907.0,3912.0,3913.0,3916.0,3919.0,3919.0,3922.0,3922.0,3925.0,3932.0,3935.0,3937.0,3938.0,3942.0,3946.0,3948.0,3951.0,3955.0,3959.0,3962.0,3964.0,3968.0,3972.0,3976.0,3979.0,3983.0,3985.0,,,,,,,,,4032.0,4045.0,4058.0,4062.0,4066.0,4076.0,4088.0,4089.0,4093.0,4094.0,4095.0,4098.0,4098.0,4099.0,4101.0,4102.0,4102.0,4108.0,4109.0,4111.0,4111.0,4111.0,4111.0,4111.0,4111.0,4111.0,4114.0,4115.0,4117.0,4119.0,4119.0,4120.0,4124.0,4128.0,4129.0,4129.0,4130.0,4131.0,4132.0,4135.0,4138.0,4140.0,4140.0,4141.0,4142.0,4143.0,4145.0,4146.0,4151.0,4151.0,4153.0,4156.0,4157.0,4159.0,4164.0,4165.0,4165.0,4165.0,4166.0,4168.0,4168.0,4168.0,4168.0,4169.0,4169.0,4169.0,4171.0,4172.0,4174.0,4175.0,4179.0,4182
X6S-CDyVrkQ,2178.0,2178.0,2178.0,2178.0,2178.0,2178.0,2178.0,2178.0,2178.0,2178.0,2178.0,2178.0,2178.0,2179.0,2179.0,2179.0,2179.0,2179.0,2179.0,2180.0,2180.0,2180.0,2181.0,2181.0,2181.0,2181.0,2181.0,2181.0,2181.0,2181.0,2182.0,2182.0,2182.0,2182.0,2182.0,2182.0,2182.0,2182.0,2182.0,2183.0,2183.0,2183.0,2183.0,2183.0,2183.0,2183.0,2183.0,2183.0,2183.0,2183.0,2183.0,2183.0,2183.0,2183.0,2183.0,2183.0,2183.0,2183.0,2183.0,2183.0,2183.0,2183.0,2183.0,2183.0,2183.0,2183.0,2183.0,2183.0,2183.0,2184.0,2184.0,2184.0,2185.0,2185.0,2185.0,2185.0,2185.0,2185.0,2185.0,2185.0,2185.0,2185.0,2185.0,2185.0,2185.0,2185.0,2185.0,2185.0,2185.0,2185.0,2186.0,2186.0,2186.0,2187.0,2187.0,2187.0,2187.0,2187.0,2187.0,2187.0,2187.0,2187.0,2187.0,2187.0,2187.0,2187.0,2187.0,2187.0,2187.0,2187.0,2187.0,2187.0,2187.0,2187.0,2187.0,2187.0,2187.0,2187.0,2187.0,2187.0,2187.0,2187.0,2188.0,2188.0,2188.0,2188.0,2188.0,2188.0,2188.0,2188.0,2189.0,2189.0,2189.0,2189.0,,,,,,,,,2190.0,2190.0,2190.0,2190.0,2190.0,2190.0,2190.0,2190.0,2190.0,2190.0,2190.0,2190.0,2190.0,2190.0,2190.0,2190.0,2191.0,2191.0,2192.0,2192.0,2192.0,2192.0,2192.0,2192.0,2192.0,2192.0,2192.0,2192.0,2192.0,2192.0,2192.0,2192.0,2192.0,2192.0,2192.0,2192.0,2192.0,2192.0,2192.0,2192.0,2192.0,2192.0,2192.0,2192.0,2192.0,2192.0,2192.0,2192.0,2192.0,2192.0,2192.0,2192.0,2192.0,2192.0,2192.0,2192.0,2192.0,2192.0,2192.0,2192.0,2192.0,2192.0,2192.0,2192.0,2192.0,2192.0,2192.0,2192.0,2192.0,2192.0,2192.0,2193
BWK65TVZ_tM,18546677.0,18547793.0,18549317.0,18550709.0,18551652.0,18552949.0,18553941.0,18554816.0,18556092.0,18557297.0,18558729.0,18559759.0,18560892.0,18561938.0,18563147.0,18564332.0,18566445.0,18568241.0,18569871.0,18571825.0,18574191.0,18577067.0,18580236.0,18582809.0,18585776.0,18588548.0,18590454.0,18593738.0,18596815.0,18599929.0,18602022.0,18604797.0,18608003.0,18611182.0,18614716.0,18618702.0,18622179.0,18625204.0,18628446.0,18630844.0,18632883.0,18637165.0,18638785.0,18639761.0,18642167.0,18644246.0,18645999.0,18648933.0,18651869.0,18653561.0,18655239.0,18657438.0,18658621.0,18660036.0,18662959.0,18665511.0,18667922.0,18671941.0,18675548.0,18679071.0,18683323.0,18687461.0,18691560.0,18695890.0,18700909.0,18705853.0,18709430.0,18711233.0,18714536.0,18719237.0,18722864.0,18726065.0,18730060.0,18733227.0,18736817.0,18740534.0,18745115.0,18749130.0,18752681.0,18756472.0,18760425.0,18764821.0,18770043.0,18774969.0,18779856.0,18784960.0,18789293.0,18792699.0,18798045.0,18803965.0,18808502.0,18811870.0,18815718.0,18819651.0,18823093.0,18827054.0,18831764.0,18836631.0,18840858.0,18845325.0,18848308.0,18852209.0,18856647.0,18862219.0,18866656.0,18872792.0,18878133.0,18881953.0,18885053.0,18888683.0,18892026.0,18895478.0,18899578.0,18904189.0,18908006.0,18911214.0,18915491.0,18920140.0,18925293.0,18930787.0,18935668.0,18940198.0,18943237.0,18946064.0,18948757.0,18951220.0,18954558.0,18958263.0,18962342.0,18966063.0,18970279.0,18974824.0,18979501.0,18984113.0,,,,,,,,,19013625.0,19016228.0,19019089.0,19021865.0,19024656.0,19027342.0,19030140.0,19032760.0,19034941.0,19037247.0,19039884.0,19042298.0,19045241.0,19048017.0,19050400.0,19052579.0,19054869.0,19057074.0,19059646.0,19062425.0,19065177.0,19067764.0,19070112.0,19072908.0,19075426.0,19078283.0,19081210.0,19084186.0,19086817.0,19088914.0,19091644.0,19094450.0,19097265.0,19099700.0,19102048.0,19103926.0,19105599.0,19107492.0,19109445.0,19111483.0,19113617.0,19115865.0,19118109.0,19119963.0,19121877.0,19124503.0,19126749.0,19128856.0,19130844.0,19132948.0,19134749.0,19136689.0,19138670.0,19140676.0,19142860.0,19144986.0,19146760.0,19148886.0,19151389.0,19153872.0,19156030.0,19157870.0,19160199.0,19162375.0,19164409.0,19166936.0,19169265.0,19171769.0,19173408.0,19175749.0,19178020.0,19180061
lRKXJv72Mzs,92149.0,92155.0,92167.0,92172.0,92181.0,92189.0,92196.0,92209.0,92232.0,92242.0,92263.0,92300.0,92321.0,92343.0,92355.0,92367.0,92392.0,92415.0,92426.0,92444.0,92454.0,92474.0,92486.0,92501.0,92527.0,92544.0,92560.0,92571.0,92585.0,92604.0,92615.0,92629.0,92644.0,92653.0,92665.0,92676.0,92687.0,92704.0,92710.0,92720.0,92736.0,92741.0,92753.0,92764.0,92776.0,92786.0,92801.0,92821.0,92845.0,92848.0,92862.0,92884.0,92902.0,92925.0,92934.0,92950.0,92968.0,92974.0,92986.0,92994.0,93004.0,93010.0,93026.0,93043.0,93056.0,93065.0,93078.0,93087.0,93100.0,93110.0,93122.0,93135.0,93145.0,93151.0,93161.0,93173.0,93186.0,93192.0,93200.0,93208.0,93219.0,93224.0,93238.0,93243.0,93257.0,93267.0,93272.0,93282.0,93285.0,93292.0,93301.0,93306.0,93314.0,93319.0,93330.0,93335.0,93342.0,93351.0,93360.0,93363.0,93371.0,93380.0,93390.0,93395.0,93404.0,93411.0,93415.0,93429.0,93438.0,93446.0,93456.0,93468.0,93476.0,93481.0,93488.0,93498.0,93502.0,93514.0,93522.0,93531.0,93537.0,93541.0,93544.0,93556.0,93563.0,93571.0,93574.0,93577.0,93585.0,93597.0,93605.0,93607.0,93610.0,93618.0,,,,,,,,,93703.0,93706.0,93715.0,93725.0,93735.0,93748.0,93764.0,93772.0,93784.0,93796.0,93807.0,93822.0,93828.0,93833.0,93844.0,93853.0,93857.0,93870.0,93875.0,93891.0,93896.0,93904.0,93907.0,93919.0,93926.0,93935.0,93943.0,93962.0,93973.0,93983.0,93988.0,93995.0,94004.0,94028.0,94029.0,94031.0,94038.0,94043.0,94052.0,94064.0,94084.0,94105.0,94119.0,94120.0,94132.0,94144.0,94153.0,94169.0,94192.0,94210.0,94220.0,94239.0,94251.0,94268.0,94284.0,94296.0,94315.0,94324.0,94349.0,94358.0,94376.0,94380.0,94389.0,94401.0,94414.0,94429.0,94441.0,94453.0,94470.0,94487.0,94510.0,94527
V6JTC39xUis,24685499.0,24687947.0,24690439.0,24692918.0,24695503.0,24698240.0,24700908.0,24703309.0,24706086.0,24708913.0,24711968.0,24714600.0,24717249.0,24720077.0,24723008.0,24726003.0,24728982.0,24731630.0,24734442.0,24737082.0,24739701.0,24742261.0,24744898.0,24747225.0,24749734.0,24752309.0,24755095.0,24757938.0,24760475.0,24762808.0,24765303.0,24767745.0,24770170.0,24772340.0,24774801.0,24777418.0,24780017.0,24782539.0,24784845.0,24787340.0,24789981.0,24792662.0,24795139.0,24797620.0,24800222.0,24802870.0,24805577.0,24808552.0,24811272.0,24814295.0,24817019.0,24819929.0,24822666.0,24825274.0,24828379.0,24831296.0,24834415.0,24837392.0,24840332.0,24843178.0,24846126.0,24849374.0,24852592.0,24855543.0,24858416.0,24861059.0,24863734.0,24866464.0,24868907.0,24871968.0,24874833.0,24877666.0,24880547.0,24883044.0,24885526.0,24888226.0,24891455.0,24894544.0,24897511.0,24900537.0,24903514.0,24906198.0,24908985.0,24911853.0,24914511.0,24917216.0,24920177.0,24922855.0,24925650.0,24928318.0,24930883.0,24933366.0,24935949.0,24938446.0,24940833.0,24943391.0,24946140.0,24948832.0,24951314.0,24953938.0,24956858.0,24959601.0,24962168.0,24964784.0,24967410.0,24970216.0,24973314.0,24976114.0,24978811.0,24981823.0,24984777.0,24987647.0,24990565.0,24993888.0,24997426.0,25001012.0,25004227.0,25007455.0,25010783.0,25013780.0,25016673.0,25019627.0,25022388.0,25024940.0,25027657.0,25030498.0,25033303.0,25036283.0,25039172.0,25042090.0,25044892.0,25047774.0,25050479.0,25053118.0,,,,,,,,,25077671.0,25080243.0,25082827.0,25085454.0,25088248.0,25091569.0,25094436.0,25097232.0,25100226.0,25103170.0,25106020.0,25108751.0,25111485.0,25114242.0,25116905.0,25119767.0,25122957.0,25126078.0,25129016.0,25131672.0,25134238.0,25137042.0,25139695.0,25142158.0,25144664.0,25147141.0,25149694.0,25152301.0,25154672.0,25157209.0,25159590.0,25162202.0,25164773.0,25167111.0,25169976.0,25172459.0,25174791.0,25177126.0,25179509.0,25181939.0,25184331.0,25186864.0,25189310.0,25191688.0,25194233.0,25196676.0,25199089.0,25201503.0,25204003.0,25206500.0,25208948.0,25211362.0,25213850.0,25216506.0,25219137.0,25221970.0,25224683.0,25227211.0,25229759.0,25232435.0,25235158.0,25237602.0,25239670.0,25241967.0,25244297.0,25246718.0,25249617.0,25252564.0,25255118.0,25257452.0,25260115.0,25262672
eA4VWr13hTY,176239.0,176417.0,176618.0,176802.0,176988.0,177167.0,177333.0,177497.0,177646.0,177808.0,177925.0,178091.0,178303.0,178484.0,178725.0,178946.0,179167.0,179337.0,179513.0,179734.0,179931.0,180129.0,180332.0,180482.0,180617.0,180783.0,180945.0,181138.0,181326.0,181536.0,181691.0,181844.0,181968.0,182124.0,182283.0,182419.0,182596.0,182773.0,182891.0,183051.0,183292.0,183502.0,183698.0,183905.0,184062.0,184245.0,184408.0,184632.0,184815.0,184971.0,185170.0,185354.0,185551.0,185704.0,185966.0,186172.0,186421.0,186623.0,186867.0,187084.0,187263.0,187517.0,187736.0,187954.0,188214.0,188416.0,188574.0,188759.0,188920.0,189190.0,189477.0,189726.0,190008.0,190225.0,190502.0,190714.0,190956.0,191259.0,191509.0,191758.0,191933.0,192183.0,192449.0,192650.0,192884.0,193147.0,193437.0,193687.0,193952.0,194163.0,194455.0,194775.0,195074.0,195303.0,195616.0,195865.0,196202.0,196519.0,196766.0,197043.0,197243.0,197448.0,197632.0,197862.0,198030.0,198183.0,198417.0,198598.0,198734.0,198881.0,199058.0,199282.0,199520.0,199710.0,199876.0,199972.0,200108.0,200231.0,200374.0,200564.0,200698.0,200837.0,201011.0,201139.0,201292.0,201442.0,201596.0,201787.0,201928.0,202037.0,202163.0,202286.0,202444.0,202552.0,,,,,,,,,203882.0,203986.0,204103.0,204251.0,204452.0,204619.0,204747.0,204861.0,205040.0,205205.0,205330.0,205497.0,205656.0,205861.0,206062.0,206283.0,206443.0,206635.0,206797.0,206942.0,207079.0,207228.0,207348.0,207495.0,207626.0,207772.0,207911.0,208047.0,208141.0,208268.0,208374.0,208491.0,208622.0,208771.0,208918.0,209032.0,209171.0,209308.0,209448.0,209581.0,209720.0,209867.0,209998.0,210129.0,210235.0,210370.0,210533.0,210698.0,210859.0,210971.0,211079.0,211210.0,211394.0,211560.0,211722.0,211909.0,212119.0,212335.0,212517.0,212719.0,212907.0,213049.0,213204.0,213346.0,213490.0,213665.0,213872.0,213991.0,214117.0,214272.0,214433.0,214583
yd7wCX1oziM,53041.0,53073.0,53104.0,53131.0,53156.0,53187.0,53219.0,53249.0,53266.0,53300.0,53333.0,53360.0,53392.0,53430.0,53471.0,53507.0,53547.0,53581.0,53601.0,53623.0,53657.0,53686.0,53713.0,53747.0,53781.0,53807.0,53836.0,53865.0,53928.0,53963.0,53990.0,54017.0,54047.0,54087.0,54112.0,54145.0,54178.0,54206.0,54226.0,54257.0,54286.0,54321.0,54342.0,54373.0,54398.0,54420.0,54447.0,54472.0,54497.0,54525.0,54547.0,54570.0,54596.0,54627.0,54658.0,54709.0,54737.0,54767.0,54799.0,54822.0,54845.0,54882.0,54916.0,54951.0,54972.0,54989.0,55028.0,55054.0,55077.0,55111.0,55129.0,55146.0,55169.0,55190.0,55216.0,55249.0,55272.0,55294.0,55323.0,55341.0,55354.0,55384.0,55405.0,55430.0,55446.0,55473.0,55497.0,55510.0,55531.0,55559.0,55583.0,55600.0,55616.0,55643.0,55680.0,55696.0,55713.0,55736.0,55757.0,55778.0,55801.0,55820.0,55829.0,55856.0,55881.0,55899.0,55924.0,55950.0,55970.0,55994.0,56028.0,56053.0,56074.0,56100.0,56122.0,56132.0,56149.0,56171.0,56187.0,56205.0,56225.0,56243.0,56258.0,56270.0,56296.0,56318.0,56344.0,56369.0,56378.0,56398.0,56419.0,56432.0,56454.0,56460.0,,,,,,,,,56640.0,56661.0,56677.0,56694.0,56709.0,56725.0,56752.0,56768.0,56787.0,56821.0,56849.0,56866.0,56893.0,56932.0,56971.0,56997.0,57024.0,57061.0,57084.0,57100.0,57125.0,57141.0,57163.0,57181.0,57204.0,57222.0,57248.0,57280.0,57301.0,57320.0,57341.0,57355.0,57369.0,57386.0,57403.0,57430.0,57447.0,57479.0,57514.0,57534.0,57554.0,57574.0,57593.0,57613.0,57631.0,57649.0,57658.0,57675.0,57688.0,57694.0,57708.0,57728.0,57743.0,57757.0,57770.0,57787.0,57806.0,57824.0,57834.0,57847.0,57854.0,57865.0,57871.0,57890.0,57897.0,57901.0,57917.0,57986.0,58007.0,58024.0,58045.0,58056
TuSZrgo0Y_Q,313553.0,313641.0,313737.0,313829.0,313939.0,314066.0,314158.0,314264.0,314372.0,314510.0,314632.0,314738.0,314843.0,314935.0,315030.0,315122.0,315233.0,315324.0,315424.0,315524.0,315634.0,315743.0,315849.0,315944.0,316044.0,316134.0,316265.0,316375.0,316510.0,316635.0,316756.0,316852.0,316958.0,317073.0,317174.0,317294.0,317404.0,317496.0,317584.0,317667.0,317806.0,317976.0,318184.0,318373.0,318551.0,318718.0,318872.0,319052.0,319215.0,319363.0,319449.0,319555.0,319650.0,319728.0,319837.0,319939.0,320080.0,320230.0,320354.0,320459.0,320588.0,320715.0,320833.0,320990.0,321119.0,321254.0,321378.0,321493.0,321623.0,321757.0,321890.0,321996.0,322139.0,322259.0,322391.0,322501.0,322637.0,322765.0,322881.0,323005.0,323130.0,323239.0,323359.0,323493.0,323597.0,323694.0,323788.0,323879.0,323986.0,324081.0,324175.0,324278.0,324383.0,324477.0,324548.0,324660.0,324770.0,324859.0,324964.0,325067.0,325162.0,325248.0,325339.0,325439.0,325555.0,325672.0,325781.0,325885.0,325988.0,326102.0,326211.0,326329.0,326431.0,326542.0,326639.0,326720.0,326813.0,326909.0,327029.0,327145.0,327250.0,327346.0,327448.0,327546.0,327643.0,327723.0,327824.0,327935.0,328034.0,328151.0,328246.0,328379.0,328490.0,328632.0,,,,,,,,,329626.0,329732.0,329862.0,329994.0,330099.0,330213.0,330315.0,330422.0,330547.0,330640.0,330755.0,330851.0,330971.0,331090.0,331138.0,331235.0,331313.0,331419.0,331511.0,331620.0,331726.0,331818.0,331907.0,331973.0,332103.0,332214.0,332313.0,332439.0,332534.0,332593.0,332708.0,332819.0,332900.0,333001.0,333096.0,333194.0,333288.0,333405.0,333540.0,333673.0,333806.0,333929.0,334050.0,334227.0,334384.0,334548.0,334673.0,334811.0,334939.0,335049.0,335190.0,335354.0,335503.0,335652.0,335762.0,335902.0,336029.0,336163.0,336273.0,336398.0,336526.0,336617.0,336734.0,336872.0,336974.0,337082.0,337187.0,337300.0,337409.0,337500.0,337631.0,337742
tZoDclG2AAo,196875.0,196926.0,196961.0,197010.0,197048.0,197111.0,197163.0,197224.0,197283.0,197335.0,197379.0,197428.0,197466.0,197525.0,197583.0,197641.0,197694.0,197737.0,197786.0,197842.0,197896.0,197950.0,198003.0,198056.0,198095.0,198127.0,198189.0,198230.0,198295.0,198348.0,198403.0,198461.0,198514.0,198564.0,198610.0,198657.0,198716.0,198761.0,198806.0,198850.0,198883.0,198931.0,198978.0,199025.0,199051.0,199095.0,199152.0,199207.0,199246.0,199299.0,199351.0,199386.0,199422.0,199464.0,199509.0,199559.0,199594.0,199655.0,199692.0,199729.0,199772.0,199813.0,199854.0,199915.0,199966.0,200015.0,200055.0,200111.0,200188.0,200237.0,200285.0,200332.0,200382.0,200410.0,200466.0,200512.0,200562.0,200612.0,200648.0,200695.0,200733.0,200774.0,200814.0,200866.0,200906.0,200951.0,201005.0,201054.0,201107.0,201156.0,201205.0,201273.0,201316.0,201369.0,201408.0,201445.0,201490.0,201570.0,201627.0,201679.0,201740.0,201778.0,201832.0,201881.0,201944.0,201993.0,202047.0,202085.0,202141.0,202178.0,202233.0,202288.0,202327.0,202379.0,202420.0,202452.0,202494.0,202541.0,202584.0,202634.0,202710.0,202754.0,202794.0,202843.0,202889.0,202929.0,202980.0,203030.0,203090.0,203135.0,203193.0,203247.0,203297.0,203351.0,,,,,,,,,203771.0,203809.0,203846.0,203895.0,203947.0,203997.0,204052.0,204082.0,204135.0,204190.0,204259.0,204312.0,204370.0,204433.0,204479.0,204507.0,204558.0,204618.0,204661.0,204714.0,204748.0,204791.0,204823.0,204862.0,204896.0,204939.0,204983.0,205020.0,205059.0,205085.0,205136.0,205183.0,205227.0,205273.0,205319.0,205348.0,205397.0,205438.0,205487.0,205527.0,205580.0,205622.0,205665.0,205709.0,205750.0,205792.0,205842.0,205888.0,205924.0,205966.0,206011.0,206057.0,206103.0,206151.0,206214.0,206270.0,206350.0,206422.0,206486.0,206543.0,206606.0,206666.0,206726.0,206788.0,206844.0,206930.0,207010.0,207079.0,207145.0,207215.0,207282.0,207360
pfMiX36Xv68,193974.0,194007.0,194052.0,194093.0,194144.0,194175.0,194225.0,194258.0,194292.0,194328.0,194372.0,194403.0,194447.0,194483.0,194536.0,194578.0,194615.0,194657.0,194686.0,194740.0,194793.0,194833.0,194870.0,194917.0,194962.0,195002.0,195042.0,195077.0,195109.0,195141.0,195184.0,195230.0,195245.0,195272.0,195301.0,195343.0,195382.0,195422.0,195456.0,195495.0,195530.0,195570.0,195596.0,195631.0,195654.0,195689.0,195724.0,195761.0,195786.0,195815.0,195846.0,195872.0,195892.0,195914.0,195946.0,195969.0,196003.0,196028.0,196053.0,196084.0,196109.0,196132.0,196163.0,196185.0,196208.0,196239.0,196265.0,196286.0,196299.0,196326.0,196351.0,196381.0,196411.0,196434.0,196459.0,196486.0,196513.0,196549.0,196578.0,196603.0,196636.0,196665.0,196698.0,196730.0,196758.0,196777.0,196800.0,196827.0,196848.0,196866.0,196890.0,196910.0,196927.0,196955.0,196993.0,197010.0,197036.0,197064.0,197082.0,197105.0,197133.0,197154.0,197176.0,197193.0,197209.0,197235.0,197263.0,197302.0,197326.0,197350.0,197385.0,197408.0,197436.0,197454.0,197488.0,197511.0,197529.0,197551.0,197573.0,197593.0,197623.0,197650.0,197670.0,197690.0,197721.0,197767.0,197787.0,197809.0,197830.0,197852.0,197889.0,197906.0,197930.0,197950.0,,,,,,,,,198186.0,198211.0,198224.0,198240.0,198258.0,198280.0,198299.0,198321.0,198345.0,198369.0,198394.0,198409.0,198433.0,198446.0,198456.0,198479.0,198499.0,198518.0,198537.0,198564.0,198583.0,198614.0,198634.0,198654.0,198669.0,198685.0,198717.0,198743.0,198772.0,198811.0,198836.0,198861.0,198894.0,198916.0,198944.0,198978.0,198995.0,199027.0,199054.0,199075.0,199105.0,199143.0,199169.0,199194.0,199221.0,199243.0,199267.0,199292.0,199325.0,199345.0,199377.0,199401.0,199419.0,199447.0,199472.0,199495.0,199510.0,199535.0,199554.0,199583.0,199605.0,199625.0,199644.0,199667.0,199690.0,199710.0,199745.0,199766.0,199780.0,199798.0,199832.0,199857
o1aa5pU7_tQ,1291382.0,1291656.0,1291936.0,1292175.0,1292507.0,1292817.0,1293151.0,1293490.0,1293821.0,1294152.0,1294478.0,1294789.0,1295072.0,1295388.0,1295702.0,1296027.0,1296337.0,1296612.0,1296906.0,1297251.0,1297596.0,1297919.0,1298254.0,1298541.0,1298826.0,1299164.0,1299514.0,1299808.0,1300158.0,1300492.0,1300796.0,1301082.0,1301399.0,1301702.0,1301987.0,1302295.0,1302605.0,1302902.0,1303210.0,1303476.0,1303801.0,1304140.0,1304421.0,1304736.0,1305086.0,1305390.0,1305683.0,1306000.0,1306292.0,1306673.0,1306989.0,1307295.0,1307609.0,1307953.0,1308298.0,1308688.0,1309042.0,1309354.0,1309642.0,1309950.0,1310210.0,1310590.0,1310952.0,1311261.0,1311530.0,1311787.0,1312027.0,1312319.0,1312564.0,1312909.0,1313189.0,1313479.0,1313741.0,1314055.0,1314307.0,1314547.0,1314783.0,1315074.0,1315432.0,1315750.0,1316037.0,1316352.0,1316646.0,1316942.0,1317264.0,1317606.0,1317899.0,1318144.0,1318408.0,1318777.0,1319065.0,1319410.0,1319774.0,1320059.0,1320389.0,1320710.0,1321031.0,1321353.0,1321646.0,1321983.0,1322273.0,1322594.0,1322867.0,1323143.0,1323458.0,1323848.0,1324168.0,1324453.0,1324762.0,1325060.0,1325366.0,1325734.0,1326042.0,1326361.0,1326671.0,1326999.0,1327273.0,1327581.0,1327905.0,1328188.0,1328449.0,1328682.0,1328956.0,1329175.0,1329513.0,1329814.0,1330158.0,1330469.0,1330757.0,1331028.0,1331333.0,1331618.0,1331912.0,1332213.0,,,,,,,,,1334894.0,1335131.0,1335422.0,1335705.0,1335940.0,1336214.0,1336462.0,1336676.0,1336950.0,1337147.0,1337432.0,1337677.0,1337950.0,1338208.0,1338426.0,1338649.0,1338849.0,1339113.0,1339390.0,1339683.0,1339918.0,1340223.0,1340516.0,1340810.0,1341098.0,1341392.0,1341674.0,1341971.0,1342265.0,1342575.0,1342879.0,1343214.0,1343515.0,1343832.0,1344109.0,1344458.0,1344761.0,1345029.0,1345358.0,1345725.0,1346045.0,1346318.0,1346631.0,1346909.0,1347200.0,1347531.0,1347845.0,1348164.0,1348489.0,1348818.0,1349128.0,1349486.0,1349801.0,1350153.0,1350489.0,1350777.0,1351013.0,1351242.0,1351547.0,1351813.0,1352110.0,1352339.0,1352608.0,1352843.0,1353117.0,1353380.0,1353690.0,1354056.0,1354298.0,1354537.0,1354833.0,1355087
MP6omPVahaY,408223.0,408304.0,408377.0,408460.0,408542.0,408628.0,408707.0,408787.0,408867.0,408947.0,409027.0,409106.0,409179.0,409234.0,409313.0,409390.0,409454.0,409515.0,409577.0,409654.0,409747.0,409821.0,409881.0,409950.0,410000.0,410059.0,410123.0,410189.0,410258.0,410324.0,410396.0,410457.0,410531.0,410591.0,410662.0,410746.0,410805.0,410846.0,410912.0,410967.0,411030.0,411096.0,411163.0,411220.0,411301.0,411371.0,411428.0,411498.0,411561.0,411624.0,411685.0,411751.0,411817.0,411894.0,411966.0,412042.0,412112.0,412178.0,412242.0,412304.0,412372.0,412450.0,412527.0,412597.0,412685.0,412735.0,412803.0,412873.0,412945.0,413030.0,413118.0,413198.0,413268.0,413338.0,413416.0,413494.0,413558.0,413648.0,413726.0,413796.0,413874.0,413953.0,414015.0,414082.0,414142.0,414218.0,414296.0,414371.0,414455.0,414532.0,414624.0,414686.0,414754.0,414829.0,414894.0,414985.0,415071.0,415153.0,415236.0,415299.0,415365.0,415418.0,415494.0,415567.0,415631.0,415721.0,415804.0,415875.0,415950.0,416013.0,416101.0,416187.0,416261.0,416333.0,416403.0,416469.0,416543.0,416620.0,416688.0,416764.0,416828.0,416891.0,416964.0,417042.0,417119.0,417190.0,417265.0,417356.0,417402.0,417458.0,417558.0,417631.0,417708.0,417793.0,,,,,,,,,418318.0,418371.0,418426.0,418487.0,418541.0,418607.0,418664.0,418727.0,418779.0,418821.0,418875.0,418930.0,418996.0,419046.0,419095.0,419146.0,419187.0,419237.0,419287.0,419336.0,419380.0,419431.0,419474.0,419541.0,419579.0,419617.0,419659.0,419711.0,419762.0,419824.0,419896.0,419953.0,420013.0,420075.0,420126.0,420175.0,420223.0,420275.0,420327.0,420376.0,420447.0,420514.0,420575.0,420613.0,420649.0,420716.0,420762.0,420816.0,420863.0,420915.0,420969.0,421031.0,421081.0,421163.0,421227.0,421286.0,421334.0,421391.0,421429.0,421489.0,421552.0,421593.0,421654.0,421692.0,421740.0,421799.0,421853.0,421898.0,421942.0,422002.0,422065.0,422126
bbUy5wlK670,878561.0,878784.0,878993.0,879192.0,879452.0,879700.0,879985.0,880255.0,880512.0,880777.0,880968.0,881237.0,881533.0,881800.0,882069.0,882383.0,882644.0,882892.0,883102.0,883385.0,883627.0,883857.0,884128.0,884314.0,884550.0,884766.0,884973.0,885214.0,885430.0,885709.0,885927.0,886157.0,886351.0,886585.0,886801.0,887027.0,887261.0,887490.0,887699.0,887944.0,888173.0,888384.0,888712.0,888981.0,889238.0,889521.0,889734.0,889951.0,890212.0,890490.0,890742.0,890992.0,891235.0,891442.0,891681.0,891932.0,892190.0,892436.0,892680.0,892949.0,893190.0,893430.0,893692.0,893976.0,894211.0,894431.0,894657.0,894896.0,895059.0,895350.0,895651.0,895920.0,896128.0,896325.0,896595.0,896831.0,897033.0,897301.0,897548.0,897778.0,897974.0,898196.0,898427.0,898658.0,898905.0,899123.0,899406.0,899589.0,899848.0,900088.0,900361.0,900625.0,900824.0,901035.0,901208.0,901490.0,901729.0,902038.0,902334.0,902578.0,902818.0,903109.0,903323.0,903584.0,903827.0,904042.0,904255.0,904449.0,904659.0,904875.0,905116.0,905314.0,905528.0,905719.0,905890.0,906113.0,906307.0,906510.0,906756.0,907004.0,907210.0,907450.0,907678.0,907916.0,908099.0,908329.0,908536.0,908721.0,908977.0,909154.0,909405.0,909659.0,909909.0,910134.0,,,,,,,,,911939.0,912116.0,912344.0,912557.0,912758.0,912941.0,913161.0,913330.0,913525.0,913678.0,913892.0,914082.0,914314.0,914498.0,914667.0,914787.0,914945.0,915107.0,915301.0,915513.0,915684.0,915878.0,916092.0,916244.0,916431.0,916647.0,916826.0,917014.0,917203.0,917384.0,917598.0,917826.0,918002.0,918199.0,918432.0,918588.0,918768.0,918957.0,919146.0,919343.0,919555.0,919780.0,919969.0,920178.0,920402.0,920687.0,920935.0,921184.0,921393.0,921634.0,921843.0,922120.0,922378.0,922637.0,922825.0,923059.0,923274.0,923456.0,923657.0,923836.0,924071.0,924200.0,924382.0,924525.0,924705.0,924925.0,925092.0,925309.0,925475.0,925643.0,925780.0,925970
bI4Mg5-o3Xs,23158757.0,23158918.0,23159096.0,23159296.0,23159499.0,23159678.0,23159867.0,23160090.0,23160345.0,23160558.0,23160778.0,23161003.0,23161232.0,23161410.0,23161640.0,23161844.0,23162065.0,23162261.0,23162449.0,23162675.0,23162941.0,23163138.0,23163355.0,23163556.0,23163747.0,23163987.0,23164220.0,23164450.0,23164649.0,23164842.0,23165019.0,23165236.0,23165469.0,23165741.0,23166034.0,23166272.0,23166504.0,23166718.0,23166943.0,23167235.0,23167466.0,23167721.0,23167901.0,23168187.0,23168422.0,23168644.0,23168849.0,23169103.0,23169320.0,23169562.0,23169834.0,23170024.0,23170226.0,23170401.0,23170579.0,23170805.0,23171021.0,23171218.0,23171412.0,23171646.0,23171860.0,23172051.0,23172265.0,23172472.0,23172710.0,23172875.0,23173070.0,23173291.0,23173453.0,23173704.0,23173897.0,23174071.0,23174305.0,23174489.0,23174702.0,23174832.0,23175016.0,23175173.0,23175362.0,23175509.0,23175669.0,23175856.0,23176050.0,23176213.0,23176350.0,23176523.0,23176680.0,23176828.0,23176971.0,23177144.0,23177310.0,23177437.0,23177602.0,23177803.0,23177968.0,23178136.0,23178249.0,23178388.0,23178512.0,23178657.0,23178835.0,23178988.0,23179113.0,23179265.0,23179415.0,23179569.0,23179729.0,23179894.0,23180048.0,23180204.0,23180390.0,23180528.0,23180642.0,23180802.0,23180965.0,23181177.0,23181320.0,23181477.0,23181667.0,23181841.0,23182017.0,23182168.0,23182321.0,23182473.0,23182636.0,23182830.0,23182988.0,23183136.0,23183321.0,23183449.0,23183610.0,23183759.0,23183923.0,23184125.0,,,,,,,,,23185496.0,23185626.0,23185797.0,23185970.0,23186136.0,23186286.0,23186460.0,23186627.0,23186752.0,23186906.0,23187066.0,23187210.0,23187320.0,23187521.0,23187640.0,23187803.0,23187988.0,23188612.0,23189170.0,23189658.0,23190084.0,23190392.0,23190632.0,23190985.0,23191180.0,23191392.0,23191599.0,23191815.0,23191977.0,23192178.0,23192373.0,23192571.0,23192750.0,23192924.0,23193118.0,23193250.0,23193419.0,23193544.0,23193689.0,23193856.0,23194010.0,23194140.0,23194297.0,23194448.0,23194606.0,23194746.0,23194914.0,23195057.0,23195179.0,23195273.0,23195393.0,23195496.0,23195625.0,23195766.0,23195895.0,23196040.0,23196166.0,23196279.0,23196413.0,23196560.0,23196702.0,23196817.0,23196932.0,23197043.0,23197150.0,23197262.0,23197380.0,23197526.0,23197641.0,23197753.0,23197887.0,23197990
cSH7eV0BlTY,2170083.0,2170219.0,2170399.0,2170591.0,2170737.0,2170899.0,2171058.0,2171219.0,2171385.0,2171605.0,2171810.0,2172002.0,2172149.0,2172299.0,2172452.0,2172619.0,2172799.0,2172940.0,2173080.0,2173258.0,2173437.0,2173618.0,2173819.0,2173981.0,2174179.0,2174362.0,2174533.0,2174706.0,2174884.0,2175048.0,2175231.0,2175381.0,2175530.0,2175686.0,2175863.0,2176040.0,2176277.0,2176459.0,2176625.0,2176796.0,2176946.0,2177107.0,2177273.0,2177438.0,2177588.0,2177748.0,2177922.0,2178081.0,2178245.0,2178390.0,2178531.0,2178687.0,2178827.0,2178957.0,2179109.0,2179268.0,2179394.0,2179516.0,2179679.0,2179811.0,2179954.0,2180136.0,2180281.0,2180426.0,2180571.0,2180698.0,2180834.0,2180977.0,2181104.0,2181261.0,2181396.0,2181534.0,2181676.0,2181800.0,2181926.0,2182049.0,2182200.0,2182321.0,2182439.0,2182570.0,2182717.0,2182833.0,2182923.0,2183043.0,2183176.0,2183265.0,2183396.0,2183507.0,2183634.0,2183761.0,2183884.0,2183999.0,2184103.0,2184227.0,2184335.0,2184440.0,2184541.0,2184651.0,2184766.0,2184886.0,2185023.0,2185161.0,2185272.0,2185361.0,2185464.0,2185590.0,2185700.0,2185805.0,2185931.0,2186030.0,2186119.0,2186251.0,2186396.0,2186520.0,2186646.0,2186783.0,2186897.0,2187003.0,2187121.0,2187222.0,2187363.0,2187473.0,2187604.0,2187750.0,2187877.0,2187998.0,2188127.0,2188243.0,2188370.0,2188496.0,2188630.0,2188758.0,2188880.0,2188973.0,,,,,,,,,2189984.0,2190120.0,2190239.0,2190369.0,2190480.0,2190606.0,2190771.0,2190901.0,2191167.0,2191303.0,2191421.0,2191555.0,2191694.0,2191823.0,2191945.0,2192086.0,2192228.0,2192353.0,2192479.0,2192575.0,2192673.0,2192772.0,2192866.0,2192969.0,2193049.0,2193145.0,2193260.0,2193366.0,2193471.0,2193555.0,2193652.0,2193769.0,2193868.0,2193975.0,2194076.0,2194192.0,2194287.0,2194379.0,2194467.0,2194579.0,2194675.0,2194772.0,2194903.0,2195005.0,2195112.0,2195199.0,2195310.0,2195406.0,2195508.0,2195611.0,2195722.0,2195822.0,2195911.0,2196003.0,2196107.0,2196234.0,2196344.0,2196449.0,2196550.0,2196662.0,2196799.0,2196896.0,2197017.0,2197153.0,2197286.0,2197420.0,2197560.0,2197669.0,2197778.0,2197871.0,2198004.0,2198122
R-gMkb9Z0HA,13183.0,13183.0,13183.0,13183.0,13185.0,13186.0,13186.0,13188.0,13188.0,13190.0,13193.0,13193.0,13194.0,13195.0,13198.0,13198.0,13198.0,13199.0,13200.0,13200.0,13202.0,13204.0,13204.0,13205.0,13207.0,13210.0,13212.0,13212.0,13213.0,13213.0,13215.0,13215.0,13216.0,13217.0,13218.0,13219.0,13220.0,13222.0,13222.0,13223.0,13225.0,13226.0,13229.0,13229.0,13230.0,13230.0,13230.0,13231.0,13233.0,13233.0,13236.0,13238.0,13240.0,13240.0,13242.0,13244.0,13246.0,13245.0,13245.0,13245.0,13246.0,13246.0,13246.0,13246.0,13248.0,13249.0,13250.0,13250.0,13252.0,13252.0,13252.0,13252.0,13253.0,13253.0,13254.0,13254.0,13255.0,13255.0,13255.0,13256.0,13256.0,13256.0,13258.0,13259.0,13260.0,13260.0,13260.0,13261.0,13260.0,13261.0,13261.0,13261.0,13262.0,13263.0,13265.0,13265.0,13265.0,13267.0,13267.0,13269.0,13271.0,13274.0,13275.0,13278.0,13278.0,13278.0,13279.0,13280.0,13281.0,13281.0,13284.0,13285.0,13286.0,13290.0,13291.0,13294.0,13295.0,13296.0,13296.0,13296.0,13300.0,13300.0,13300.0,13301.0,13302.0,13304.0,13306.0,13306.0,13309.0,13310.0,13311.0,13312.0,13313.0,13314.0,,,,,,,,,13329.0,13329.0,13331.0,13334.0,13334.0,13338.0,13340.0,13340.0,13341.0,13341.0,13341.0,13345.0,13348.0,13351.0,13352.0,13353.0,13352.0,13354.0,13355.0,13359.0,13364.0,13364.0,13365.0,13367.0,13368.0,13369.0,13371.0,13373.0,13375.0,13378.0,13379.0,13383.0,13387.0,13390.0,13390.0,13391.0,13393.0,13395.0,13400.0,13402.0,13402.0,13404.0,13404.0,13404.0,13404.0,13405.0,13408.0,13408.0,13408.0,13408.0,13409.0,13410.0,13411.0,13411.0,13413.0,13413.0,13414.0,13414.0,13417.0,13417.0,13419.0,13419.0,13419.0,13420.0,13420.0,13422.0,13423.0,13424.0,13426.0,13426.0,13426.0,13427
V7sLd0cxB5I,3886200.0,3886371.0,3886530.0,3886715.0,3886837.0,3887009.0,3887215.0,3887372.0,3887506.0,3887689.0,3887855.0,3888060.0,3888223.0,3888411.0,3888589.0,3888744.0,3888888.0,3889017.0,3889117.0,3889265.0,3889415.0,3889579.0,3889753.0,3889896.0,3890075.0,3890241.0,3890397.0,3890525.0,3890658.0,3890786.0,3890932.0,3891074.0,3891208.0,3891331.0,3891468.0,3891602.0,3891763.0,3891899.0,3892008.0,3892151.0,3892242.0,3892363.0,3892480.0,3892603.0,3892708.0,3892843.0,3892961.0,3893074.0,3893172.0,3893252.0,3893354.0,3893454.0,3893552.0,3893655.0,3893743.0,3893825.0,3893923.0,3894034.0,3894132.0,3894239.0,3894329.0,3894442.0,3894574.0,3894694.0,3894795.0,3894893.0,3894991.0,3895117.0,3895197.0,3895315.0,3895421.0,3895522.0,3895608.0,3895714.0,3895837.0,3895950.0,3896054.0,3896168.0,3896264.0,3896376.0,3896458.0,3896547.0,3896656.0,3896749.0,3896847.0,3896942.0,3897027.0,3897135.0,3897227.0,3897318.0,3897415.0,3897495.0,3897580.0,3897671.0,3897757.0,3897839.0,3897926.0,3898024.0,3898106.0,3898195.0,3898285.0,3898387.0,3898466.0,3898541.0,3898614.0,3898702.0,3898794.0,3898884.0,3898956.0,3899033.0,3899086.0,3899164.0,3899251.0,3899327.0,3899409.0,3899490.0,3899562.0,3899640.0,3899722.0,3899820.0,3899886.0,3899968.0,3900047.0,3900145.0,3900220.0,3900307.0,3900378.0,3900482.0,3900561.0,3900647.0,3900732.0,3900826.0,3900913.0,3900992.0,,,,,,,,,3901644.0,3901719.0,3901785.0,3901858.0,3901929.0,3902027.0,3902194.0,3902390.0,3902526.0,3902615.0,3902708.0,3902776.0,3902862.0,3902935.0,3903032.0,3903125.0,3903228.0,3903300.0,3903408.0,3903481.0,3903558.0,3903627.0,3903712.0,3903781.0,3903855.0,3903916.0,3903995.0,3904071.0,3904133.0,3904222.0,3904301.0,3904362.0,3904431.0,3904493.0,3904557.0,3904613.0,3904670.0,3904730.0,3904793.0,3904845.0,3904937.0,3905029.0,3905121.0,3905201.0,3905272.0,3905324.0,3905396.0,3905461.0,3905533.0,3905634.0,3905710.0,3905772.0,3905839.0,3905907.0,3906008.0,3906079.0,3906151.0,3906220.0,3906352.0,3906427.0,3906542.0,3906607.0,3906681.0,3906755.0,3906817.0,3906903.0,3906981.0,3907047.0,3907106.0,3907192.0,3907270.0,3907359
-EUIJI8potc,7423.0,7423.0,7423.0,7423.0,7423.0,7424.0,7424.0,7425.0,7426.0,7427.0,7428.0,7428.0,7428.0,7428.0,7431.0,7431.0,7432.0,7432.0,7433.0,7433.0,7433.0,7434.0,7434.0,7435.0,7435.0,7435.0,7435.0,7435.0,7435.0,7435.0,7435.0,7435.0,7435.0,7436.0,7436.0,7436.0,7436.0,7436.0,7436.0,7436.0,7436.0,7436.0,7436.0,7437.0,7437.0,7437.0,7437.0,7437.0,7437.0,7439.0,7439.0,7440.0,7440.0,7441.0,7441.0,7441.0,7441.0,7441.0,7441.0,7441.0,7441.0,7441.0,7441.0,7441.0,7441.0,7441.0,7441.0,7441.0,7441.0,7441.0,7441.0,7442.0,7442.0,7442.0,7442.0,7442.0,7442.0,7442.0,7442.0,7442.0,7442.0,7442.0,7442.0,7442.0,7442.0,7442.0,7442.0,7442.0,7442.0,7442.0,7442.0,7442.0,7442.0,7442.0,7443.0,7443.0,7443.0,7443.0,7443.0,7443.0,7443.0,7443.0,7443.0,7443.0,7443.0,7443.0,7443.0,7443.0,7443.0,7443.0,7443.0,7443.0,7443.0,7443.0,7443.0,7443.0,7443.0,7443.0,7443.0,7443.0,7443.0,7443.0,7443.0,7443.0,7443.0,7443.0,7443.0,7444.0,7445.0,7445.0,7445.0,7445.0,7445.0,7445.0,,,,,,,,,7445.0,7445.0,7445.0,7445.0,7445.0,7445.0,7445.0,7445.0,7445.0,7445.0,7445.0,7445.0,7445.0,7446.0,7446.0,7446.0,7446.0,7446.0,7446.0,7446.0,7446.0,7446.0,7446.0,7446.0,7446.0,7446.0,7446.0,7446.0,7446.0,7446.0,7446.0,7446.0,7446.0,7446.0,7446.0,7446.0,7446.0,7446.0,7446.0,7446.0,7446.0,7446.0,7446.0,7447.0,7447.0,7447.0,7447.0,7447.0,7447.0,7447.0,7447.0,7447.0,7447.0,7447.0,7447.0,7447.0,7447.0,7447.0,7447.0,7447.0,7447.0,7447.0,7447.0,7447.0,7447.0,7447.0,7447.0,7447.0,7447.0,7447.0,7447.0,7447
oPXKWkSVDdE,12492222.0,12493977.0,12495958.0,12498170.0,12500310.0,12502257.0,12504205.0,12506100.0,12508182.0,12510246.0,12512329.0,12514352.0,12516388.0,12518479.0,12520739.0,12522947.0,12525296.0,12527381.0,12529333.0,12531325.0,12533548.0,12535707.0,12537874.0,12540039.0,12542148.0,12544243.0,12546202.0,12548271.0,12550284.0,12552117.0,12553901.0,12555697.0,12557580.0,12559514.0,12561542.0,12563442.0,12565454.0,12567834.0,12570288.0,12572564.0,12574935.0,12577432.0,12579630.0,12581746.0,12583927.0,12585981.0,12588042.0,12590249.0,12592384.0,12594231.0,12596048.0,12597920.0,12599698.0,12601504.0,12603443.0,12605207.0,12606931.0,12608717.0,12610686.0,12612577.0,12614505.0,12616416.0,12618361.0,12620400.0,12622509.0,12624572.0,12626584.0,12628563.0,12630352.0,12632437.0,12634383.0,12636328.0,12638304.0,12640302.0,12642244.0,12644118.0,12646094.0,12648150.0,12650028.0,12651942.0,12653882.0,12655650.0,12657348.0,12659182.0,12661096.0,12663069.0,12665073.0,12667088.0,12669100.0,12670897.0,12672732.0,12674501.0,12676372.0,12678451.0,12680568.0,12682417.0,12684153.0,12685785.0,12687615.0,12689531.0,12691489.0,12693428.0,12695198.0,12696814.0,12698478.0,12700080.0,12701780.0,12703509.0,12705265.0,12707108.0,12708792.0,12710556.0,12712139.0,12714026.0,12716266.0,12718615.0,12720525.0,12722264.0,12724115.0,12726206.0,12728372.0,12730471.0,12732823.0,12735020.0,12737096.0,12739133.0,12741178.0,12743271.0,12745670.0,12748003.0,12750070.0,12752093.0,12754154.0,12756105.0,,,,,,,,,12775275.0,12777705.0,12779999.0,12782125.0,12784388.0,12786551.0,12788568.0,12790689.0,12792945.0,12794767.0,12796518.0,12798122.0,12799861.0,12801622.0,12803302.0,12805093.0,12806700.0,12808306.0,12809883.0,12811363.0,12812956.0,12814756.0,12816474.0,12817860.0,12819354.0,12820891.0,12822512.0,12824076.0,12825604.0,12827165.0,12828519.0,12830006.0,12831423.0,12832831.0,12834192.0,12835730.0,12837235.0,12838629.0,12840161.0,12841734.0,12843265.0,12844746.0,12846251.0,12847799.0,12849203.0,12850734.0,12852341.0,12853855.0,12855394.0,12857023.0,12858686.0,12860202.0,12861800.0,12863423.0,12865003.0,12866625.0,12868305.0,12869913.0,12871606.0,12873267.0,12874983.0,12876508.0,12877860.0,12879334.0,12880822.0,12882307.0,12884034.0,12885732.0,12887301.0,12888759.0,12890445.0,12892217
B4O0YSKigdY,390412.0,390478.0,390575.0,390679.0,390779.0,390865.0,390960.0,391065.0,391161.0,391251.0,391346.0,391427.0,391539.0,391626.0,391717.0,391813.0,391934.0,392029.0,392123.0,392227.0,392308.0,392394.0,392493.0,392590.0,392684.0,392771.0,392861.0,392955.0,393060.0,393155.0,393230.0,393324.0,393402.0,393503.0,393583.0,393673.0,393769.0,393875.0,393959.0,394043.0,394175.0,394266.0,394352.0,394451.0,394545.0,394661.0,394750.0,394849.0,394964.0,395044.0,395119.0,395205.0,395267.0,395348.0,395439.0,395514.0,395584.0,395664.0,395751.0,395840.0,395944.0,396019.0,396122.0,396225.0,396317.0,396403.0,396487.0,396574.0,396648.0,396768.0,396864.0,396956.0,397032.0,397128.0,397201.0,397279.0,397377.0,397459.0,397568.0,397676.0,397751.0,397870.0,397949.0,398042.0,398126.0,398193.0,398302.0,398399.0,398489.0,398586.0,398664.0,398736.0,398798.0,398883.0,398966.0,399038.0,399109.0,399179.0,399254.0,399330.0,399415.0,399494.0,399591.0,399682.0,399764.0,399845.0,399911.0,400010.0,400088.0,400162.0,400230.0,400329.0,400421.0,400530.0,400681.0,400837.0,400965.0,401085.0,401198.0,401306.0,401375.0,401485.0,401586.0,401686.0,401787.0,401871.0,402003.0,402103.0,402231.0,402377.0,402502.0,402593.0,402702.0,402800.0,,,,,,,,,403686.0,403799.0,403899.0,403988.0,404079.0,404187.0,404292.0,404391.0,404501.0,404594.0,404687.0,404758.0,404831.0,404908.0,404992.0,405083.0,405157.0,405222.0,405292.0,405353.0,405404.0,405465.0,405544.0,405610.0,405668.0,405723.0,405806.0,405874.0,405953.0,406031.0,406094.0,406162.0,406210.0,406250.0,406315.0,406400.0,406463.0,406533.0,406588.0,406639.0,406690.0,406744.0,406823.0,406884.0,406950.0,407024.0,407093.0,407145.0,407195.0,407242.0,407299.0,407361.0,407431.0,407498.0,407576.0,407633.0,407704.0,407770.0,407840.0,407904.0,407972.0,408023.0,408078.0,408132.0,408206.0,408265.0,408348.0,408418.0,408489.0,408547.0,408612.0,408706
e27Lqcesyso,1760552.0,1760662.0,1760773.0,1760918.0,1761044.0,1761214.0,1761349.0,1761477.0,1761626.0,1761755.0,1761898.0,1762016.0,1762156.0,1762279.0,1762416.0,1762542.0,1762702.0,1762847.0,1762974.0,1763106.0,1763211.0,1763332.0,1763476.0,1763596.0,1763713.0,1763825.0,1763949.0,1764085.0,1764232.0,1764364.0,1764466.0,1764591.0,1764693.0,1764808.0,1764933.0,1765053.0,1765194.0,1765357.0,1765511.0,1765633.0,1765822.0,1765992.0,1766142.0,1766292.0,1766420.0,1766568.0,1766699.0,1766838.0,1766968.0,1767112.0,1767228.0,1767367.0,1767485.0,1767579.0,1767715.0,1767859.0,1767973.0,1768093.0,1768220.0,1768363.0,1768512.0,1768651.0,1768797.0,1768934.0,1769086.0,1769207.0,1769337.0,1769473.0,1769601.0,1769739.0,1769885.0,1770024.0,1770170.0,1770306.0,1770433.0,1770546.0,1770717.0,1770856.0,1770994.0,1771167.0,1771311.0,1771489.0,1771622.0,1771775.0,1771905.0,1772039.0,1772242.0,1772401.0,1772539.0,1772678.0,1772787.0,1772883.0,1773000.0,1773133.0,1773297.0,1773428.0,1773556.0,1773657.0,1773784.0,1773901.0,1774045.0,1774176.0,1774321.0,1774449.0,1774577.0,1774692.0,1774803.0,1774959.0,1775102.0,1775249.0,1775397.0,1775569.0,1775732.0,1775934.0,1776158.0,1776393.0,1776606.0,1776795.0,1776967.0,1777167.0,1777356.0,1777587.0,1777800.0,1778025.0,1778214.0,1778385.0,1778571.0,1778748.0,1778941.0,1779125.0,1779306.0,1779448.0,1779576.0,1779726.0,,,,,,,,,1781095.0,1781274.0,1781444.0,1781560.0,1781684.0,1781835.0,1782010.0,1782143.0,1782308.0,1782444.0,1782565.0,1782663.0,1782789.0,1782938.0,1783068.0,1783183.0,1783302.0,1783407.0,1783520.0,1783614.0,1783705.0,1783808.0,1783911.0,1784004.0,1784113.0,1784202.0,1784314.0,1784405.0,1784533.0,1784645.0,1784760.0,1784868.0,1784958.0,1785029.0,1785112.0,1785218.0,1785320.0,1785417.0,1785522.0,1785608.0,1785696.0,1785771.0,1785870.0,1785980.0,1786076.0,1786202.0,1786304.0,1786413.0,1786522.0,1786636.0,1786743.0,1786849.0,1786937.0,1787065.0,1787178.0,1787275.0,1787355.0,1787493.0,1787607.0,1787702.0,1787808.0,1787898.0,1787983.0,1788076.0,1788165.0,1788247.0,1788337.0,1788465.0,1788565.0,1788668.0,1788755.0,1788882
oOfJHwyCSPA,15549012.0,15550829.0,15552940.0,15555153.0,15557145.0,15559103.0,15561122.0,15563171.0,15565313.0,15567506.0,15569708.0,15571596.0,15573553.0,15575593.0,15577597.0,15579558.0,15581853.0,15583995.0,15585966.0,15587809.0,15589955.0,15592123.0,15594246.0,15596271.0,15598329.0,15600307.0,15602185.0,15604270.0,15606159.0,15607924.0,15609599.0,15611328.0,15613249.0,15615154.0,15617173.0,15619107.0,15621135.0,15623523.0,15625972.0,15628282.0,15630807.0,15633481.0,15635900.0,15638323.0,15640806.0,15643341.0,15645860.0,15648475.0,15650965.0,15653233.0,15655342.0,15657755.0,15660062.0,15662207.0,15664803.0,15667227.0,15669726.0,15672092.0,15674374.0,15676728.0,15679001.0,15681387.0,15683825.0,15686377.0,15689152.0,15691793.0,15694300.0,15696725.0,15699002.0,15701756.0,15704323.0,15706831.0,15709385.0,15711805.0,15714112.0,15716210.0,15718384.0,15720650.0,15722893.0,15725166.0,15727475.0,15729526.0,15731512.0,15733636.0,15735768.0,15738107.0,15740429.0,15742758.0,15745018.0,15746961.0,15748963.0,15750974.0,15753026.0,15755282.0,15757679.0,15759629.0,15761476.0,15763329.0,15765186.0,15767100.0,15769132.0,15771487.0,15773458.0,15775282.0,15777190.0,15779023.0,15780949.0,15782833.0,15784859.0,15786676.0,15788328.0,15790133.0,15791896.0,15793960.0,15796944.0,15799796.0,15801987.0,15804006.0,15806228.0,15808476.0,15810722.0,15813150.0,15815625.0,15817982.0,15820289.0,15822543.0,15824766.0,15826955.0,15829454.0,15832017.0,15834319.0,15836509.0,15838808.0,15840895.0,,,,,,,,,15861024.0,15863474.0,15865738.0,15867951.0,15870290.0,15872480.0,15874571.0,15876669.0,15878960.0,15880908.0,15882649.0,15884251.0,15886116.0,15887894.0,15889625.0,15891387.0,15892854.0,15894274.0,15895741.0,15897228.0,15898741.0,15900528.0,15902149.0,15903562.0,15904974.0,15906456.0,15907977.0,15909488.0,15910928.0,15912511.0,15913917.0,15915422.0,15916763.0,15918114.0,15919513.0,15920957.0,15922481.0,15923936.0,15925362.0,15926911.0,15928381.0,15929820.0,15931382.0,15932886.0,15934305.0,15935781.0,15937294.0,15938821.0,15940411.0,15942205.0,15943867.0,15945352.0,15946915.0,15948615.0,15950259.0,15951908.0,15953646.0,15955292.0,15956961.0,15958679.0,15960450.0,15961983.0,15963335.0,15964915.0,15966495.0,15968137.0,15969956.0,15971788.0,15973327.0,15974804.0,15976439.0,15978016
hE_I_HunRWQ,15810766.0,15813174.0,15815900.0,15818806.0,15821682.0,15824486.0,15827278.0,15829903.0,15832811.0,15835843.0,15838888.0,15841752.0,15844517.0,15847523.0,15850652.0,15853784.0,15857135.0,15860159.0,15863106.0,15866102.0,15869118.0,15872379.0,15875553.0,15878648.0,15881682.0,15884522.0,15887441.0,15890489.0,15893326.0,15896055.0,15898646.0,15901292.0,15904047.0,15906961.0,15909936.0,15912711.0,15915481.0,15918988.0,15922581.0,15925778.0,15929142.0,15932620.0,15935727.0,15938800.0,15941723.0,15944510.0,15947266.0,15950063.0,15952939.0,15955494.0,15958215.0,15961302.0,15964243.0,15967082.0,15970207.0,15973023.0,15975713.0,15978458.0,15981107.0,15983807.0,15986563.0,15989417.0,15992301.0,15995141.0,15998205.0,16001145.0,16003856.0,16006646.0,16009016.0,16012040.0,16014725.0,16017419.0,16020221.0,16023256.0,16026149.0,16028864.0,16031619.0,16034388.0,16036992.0,16039637.0,16042251.0,16044614.0,16046846.0,16049296.0,16051715.0,16054356.0,16057012.0,16059783.0,16062365.0,16064709.0,16066935.0,16069233.0,16071732.0,16074322.0,16077037.0,16079389.0,16081620.0,16083702.0,16085920.0,16088218.0,16090702.0,16093146.0,16095293.0,16097401.0,16099393.0,16101473.0,16103528.0,16105733.0,16108003.0,16110229.0,16112217.0,16114323.0,16116417.0,16119010.0,16121937.0,16124811.0,16127314.0,16129779.0,16132410.0,16135018.0,16137640.0,16140375.0,16143340.0,16146132.0,16148821.0,16151407.0,16154063.0,16156689.0,16159681.0,16162755.0,16165416.0,16167833.0,16170411.0,16172890.0,,,,,,,,,16196420.0,16199444.0,16202279.0,16204896.0,16207610.0,16210223.0,16212788.0,16215417.0,16218290.0,16220774.0,16223016.0,16225038.0,16227391.0,16229555.0,16231788.0,16234244.0,16236431.0,16238670.0,16240941.0,16242964.0,16244948.0,16247064.0,16249386.0,16251356.0,16253304.0,16255236.0,16257223.0,16259185.0,16261106.0,16263054.0,16264843.0,16266742.0,16268590.0,16270400.0,16272226.0,16274212.0,16276273.0,16278150.0,16280099.0,16282128.0,16284072.0,16286002.0,16288035.0,16290134.0,16292031.0,16293783.0,16295644.0,16297540.0,16299517.0,16301507.0,16303706.0,16305589.0,16307564.0,16309686.0,16311812.0,16313946.0,16316108.0,16318237.0,16320365.0,16322719.0,16325176.0,16327319.0,16329044.0,16331055.0,16333125.0,16335243.0,16337455.0,16339751.0,16341832.0,16343642.0,16345662.0,16347672
wE1CXQsGjg0,13954.0,13954.0,13954.0,13955.0,13955.0,13955.0,13958.0,13959.0,13960.0,13962.0,13964.0,13965.0,13966.0,13966.0,13970.0,13972.0,13974.0,13974.0,13978.0,13979.0,13979.0,13979.0,13979.0,13979.0,13980.0,13982.0,13982.0,13986.0,13986.0,13988.0,13989.0,13994.0,13996.0,13998.0,14000.0,14001.0,14001.0,14003.0,14003.0,14003.0,14005.0,14007.0,14010.0,14012.0,14015.0,14016.0,14016.0,14018.0,14018.0,14019.0,14019.0,14020.0,14023.0,14023.0,14024.0,14025.0,14026.0,14027.0,14030.0,14032.0,14032.0,14033.0,14035.0,14036.0,14038.0,14040.0,14043.0,14045.0,14047.0,14050.0,14050.0,14052.0,14054.0,14059.0,14061.0,14063.0,14065.0,14066.0,14072.0,14073.0,14075.0,14075.0,14078.0,14079.0,14082.0,14085.0,14087.0,14088.0,14088.0,14089.0,14089.0,14090.0,14090.0,14090.0,14090.0,14090.0,14093.0,14097.0,14100.0,14103.0,14105.0,14107.0,14110.0,14114.0,14117.0,14121.0,14123.0,14126.0,14128.0,14135.0,14137.0,14138.0,14141.0,14144.0,14146.0,14147.0,14148.0,14152.0,14154.0,14155.0,14156.0,14159.0,14160.0,14162.0,14166.0,14170.0,14171.0,14177.0,14184.0,14187.0,14190.0,14192.0,14194.0,14197.0,,,,,,,,,14220.0,14221.0,14222.0,14222.0,14224.0,14226.0,14227.0,14229.0,14230.0,14233.0,14235.0,14238.0,14242.0,14243.0,14244.0,14244.0,14244.0,14245.0,14246.0,14250.0,14251.0,14254.0,14258.0,14258.0,14260.0,14260.0,14261.0,14260.0,14262.0,14267.0,14268.0,14271.0,14272.0,14274.0,14276.0,14276.0,14278.0,14279.0,14284.0,14285.0,14285.0,14287.0,14287.0,14289.0,14290.0,14292.0,14294.0,14294.0,14298.0,14300.0,14300.0,14301.0,14303.0,14306.0,14306.0,14307.0,14308.0,14309.0,14310.0,14311.0,14315.0,14316.0,14317.0,14318.0,14320.0,14320.0,14322.0,14324.0,14327.0,14327.0,14333.0,14337
EbRWZHEqLLY,11466.0,11466.0,11466.0,11468.0,11470.0,11471.0,11471.0,11471.0,11472.0,11472.0,11473.0,11476.0,11477.0,11477.0,11477.0,11478.0,11479.0,11482.0,11486.0,11486.0,11486.0,11486.0,11489.0,11491.0,11492.0,11492.0,11492.0,11494.0,11494.0,11494.0,11497.0,11498.0,11499.0,11499.0,11499.0,11500.0,11501.0,11502.0,11503.0,11505.0,11506.0,11508.0,11510.0,11511.0,11514.0,11514.0,11515.0,11516.0,11517.0,11520.0,11523.0,11525.0,11526.0,11529.0,11530.0,11531.0,11531.0,11531.0,11532.0,11532.0,11532.0,11532.0,11532.0,11533.0,11533.0,11533.0,11534.0,11535.0,11535.0,11535.0,11538.0,11539.0,11540.0,11541.0,11542.0,11543.0,11544.0,11543.0,11545.0,11545.0,11547.0,11549.0,11550.0,11550.0,11550.0,11551.0,11551.0,11552.0,11558.0,11559.0,11559.0,11560.0,11563.0,11565.0,11565.0,11566.0,11567.0,11567.0,11568.0,11568.0,11568.0,11568.0,11571.0,11574.0,11574.0,11575.0,11577.0,11577.0,11581.0,11581.0,11583.0,11586.0,11588.0,11592.0,11592.0,11594.0,11597.0,11600.0,11602.0,11605.0,11605.0,11606.0,11607.0,11610.0,11614.0,11615.0,11618.0,11619.0,11620.0,11620.0,11622.0,11623.0,11623.0,11623.0,,,,,,,,,11640.0,11645.0,11646.0,11647.0,11649.0,11650.0,11650.0,11651.0,11651.0,11653.0,11653.0,11654.0,11655.0,11658.0,11658.0,11661.0,11661.0,11661.0,11662.0,11663.0,11665.0,11665.0,11667.0,11669.0,11669.0,11671.0,11671.0,11676.0,11679.0,11682.0,11686.0,11688.0,11689.0,11692.0,11693.0,11693.0,11695.0,11696.0,11696.0,11697.0,11697.0,11696.0,11697.0,11699.0,11700.0,11702.0,11702.0,11702.0,11702.0,11702.0,11702.0,11704.0,11704.0,11705.0,11706.0,11708.0,11708.0,11709.0,11709.0,11712.0,11712.0,11713.0,11714.0,11715.0,11716.0,11718.0,11718.0,11718.0,11718.0,11720.0,11722.0,11722
xzBweeQ8Oro,67320.0,67321.0,67323.0,67323.0,67325.0,67327.0,67331.0,67333.0,67336.0,67338.0,67338.0,67339.0,67340.0,67343.0,67342.0,67343.0,67345.0,67348.0,67350.0,67352.0,67355.0,67355.0,67358.0,67358.0,67363.0,67366.0,67372.0,67373.0,67381.0,67384.0,67394.0,67397.0,67400.0,67402.0,67404.0,67406.0,67410.0,67411.0,67414.0,67417.0,67420.0,67424.0,67432.0,67435.0,67439.0,67444.0,67459.0,67472.0,67485.0,67487.0,67494.0,67501.0,67508.0,67516.0,67515.0,67516.0,67519.0,67520.0,67528.0,67541.0,67556.0,67566.0,67570.0,67581.0,67584.0,67592.0,67605.0,67610.0,67612.0,67614.0,67620.0,67621.0,67625.0,67626.0,67628.0,67630.0,67633.0,67640.0,67646.0,67648.0,67648.0,67651.0,67654.0,67661.0,67663.0,67666.0,67667.0,67670.0,67672.0,67673.0,67683.0,67690.0,67704.0,67712.0,67722.0,67733.0,67735.0,67739.0,67741.0,67742.0,67744.0,67745.0,67746.0,67750.0,67751.0,67754.0,67757.0,67759.0,67761.0,67762.0,67764.0,67766.0,67769.0,67770.0,67769.0,67771.0,67774.0,67775.0,67778.0,67779.0,67780.0,67781.0,67781.0,67788.0,67788.0,67788.0,67790.0,67791.0,67792.0,67794.0,67796.0,67798.0,67798.0,67799.0,,,,,,,,,67808.0,67809.0,67810.0,67812.0,67812.0,67816.0,67819.0,67819.0,67819.0,67819.0,67825.0,67830.0,67832.0,67831.0,67834.0,67836.0,67839.0,67841.0,67841.0,67843.0,67846.0,67846.0,67847.0,67849.0,67850.0,67859.0,67863.0,67865.0,67865.0,67865.0,67867.0,67872.0,67873.0,67876.0,67878.0,67879.0,67881.0,67885.0,67886.0,67890.0,67891.0,67892.0,67895.0,67897.0,67897.0,67898.0,67901.0,67901.0,67902.0,67903.0,67903.0,67904.0,67907.0,67908.0,67910.0,67911.0,67914.0,67915.0,67916.0,67918.0,67919.0,67920.0,67921.0,67923.0,67924.0,67931.0,67933.0,67935.0,67935.0,67938.0,67939.0,67942
SWaiByLXAkA,14089.0,14089.0,14089.0,14092.0,14094.0,14094.0,14096.0,14096.0,14096.0,14096.0,14096.0,14096.0,14097.0,14099.0,14100.0,14100.0,14100.0,14101.0,14101.0,14101.0,14101.0,14103.0,14103.0,14103.0,14103.0,14103.0,14104.0,14105.0,14106.0,14107.0,14107.0,14107.0,14110.0,14110.0,14112.0,14113.0,14113.0,14113.0,14113.0,14116.0,14117.0,14117.0,14118.0,14119.0,14121.0,14121.0,14122.0,14122.0,14126.0,14127.0,14127.0,14130.0,14132.0,14135.0,14136.0,14137.0,14136.0,14137.0,14138.0,14140.0,14145.0,14145.0,14149.0,14157.0,14157.0,14159.0,14160.0,14163.0,14163.0,14164.0,14166.0,14167.0,14168.0,14170.0,14172.0,14172.0,14175.0,14176.0,14178.0,14180.0,14182.0,14182.0,14184.0,14185.0,14187.0,14188.0,14190.0,14190.0,14191.0,14192.0,14193.0,14193.0,14193.0,14194.0,14195.0,14195.0,14195.0,14195.0,14195.0,14196.0,14196.0,14197.0,14197.0,14198.0,14200.0,14202.0,14203.0,14204.0,14208.0,14209.0,14209.0,14209.0,14212.0,14218.0,14220.0,14220.0,14220.0,14221.0,14221.0,14221.0,14221.0,14226.0,14226.0,14230.0,14231.0,14234.0,14234.0,14234.0,14236.0,14237.0,14237.0,14237.0,14237.0,14237.0,,,,,,,,,14246.0,14250.0,14250.0,14250.0,14250.0,14250.0,14252.0,14253.0,14253.0,14254.0,14254.0,14255.0,14257.0,14258.0,14258.0,14258.0,14260.0,14260.0,14261.0,14261.0,14262.0,14262.0,14262.0,14262.0,14263.0,14263.0,14263.0,14263.0,14263.0,14263.0,14264.0,14264.0,14265.0,14265.0,14265.0,14266.0,14266.0,14268.0,14268.0,14270.0,14270.0,14272.0,14272.0,14274.0,14275.0,14275.0,14275.0,14277.0,14278.0,14281.0,14281.0,14281.0,14281.0,14282.0,14283.0,14283.0,14283.0,14283.0,14284.0,14285.0,14285.0,14286.0,14287.0,14287.0,14288.0,14290.0,14292.0,14294.0,14295.0,14295.0,14295.0,14295
Ctylaa-B9eY,212786.0,212850.0,212937.0,213053.0,213148.0,213260.0,213337.0,213440.0,213550.0,213683.0,213751.0,213834.0,213923.0,214009.0,214134.0,214258.0,214353.0,214427.0,214547.0,214630.0,214729.0,214812.0,214890.0,214976.0,215040.0,215118.0,215190.0,215261.0,215332.0,215427.0,215493.0,215540.0,215613.0,215689.0,215771.0,215853.0,215943.0,216014.0,216072.0,216130.0,216189.0,216257.0,216324.0,216396.0,216461.0,216502.0,216564.0,216607.0,216652.0,216728.0,216823.0,216892.0,216957.0,217042.0,217116.0,217172.0,217241.0,217314.0,217377.0,217443.0,217531.0,217651.0,217744.0,217813.0,217895.0,217981.0,218054.0,218138.0,218232.0,218337.0,218422.0,218499.0,218591.0,218649.0,218713.0,218823.0,218916.0,218994.0,219057.0,219152.0,219227.0,219297.0,219357.0,219415.0,219470.0,219541.0,219612.0,219678.0,219747.0,219820.0,219884.0,219954.0,220045.0,220103.0,220158.0,220213.0,220281.0,220363.0,220458.0,220510.0,220577.0,220643.0,220728.0,220804.0,220906.0,220981.0,221092.0,221159.0,221234.0,221292.0,221389.0,221481.0,221555.0,221638.0,221714.0,221779.0,221860.0,221931.0,222003.0,222097.0,222175.0,222242.0,222322.0,222405.0,222531.0,222601.0,222697.0,222834.0,222930.0,222992.0,223077.0,223147.0,223239.0,223329.0,,,,,,,,,224128.0,224208.0,224283.0,224370.0,224451.0,224529.0,224586.0,224640.0,224724.0,224822.0,224920.0,225033.0,225144.0,225268.0,225363.0,225443.0,225544.0,225650.0,225761.0,225851.0,225930.0,225979.0,226043.0,226094.0,226144.0,226192.0,226260.0,226319.0,226385.0,226419.0,226480.0,226551.0,226607.0,226664.0,226727.0,226791.0,226846.0,226911.0,226982.0,227052.0,227096.0,227152.0,227217.0,227280.0,227348.0,227434.0,227501.0,227572.0,227661.0,227750.0,227817.0,227891.0,227982.0,228067.0,228140.0,228203.0,228275.0,228331.0,228404.0,228473.0,228542.0,228595.0,228657.0,228717.0,228778.0,228841.0,228957.0,229044.0,229110.0,229217.0,229312.0,229391
8WXiFzebIxs,33757185.0,33757880.0,33758652.0,33759421.0,33760121.0,33760857.0,33761657.0,33762433.0,33763210.0,33763977.0,33764758.0,33765503.0,33766306.0,33767107.0,33767993.0,33768889.0,33769607.0,33770441.0,33771188.0,33771897.0,33772648.0,33773489.0,33774403.0,33775407.0,33776394.0,33777381.0,33778308.0,33779350.0,33780315.0,33781254.0,33782225.0,33783094.0,33783909.0,33784788.0,33785648.0,33786541.0,33787459.0,33788411.0,33789311.0,33790189.0,33791087.0,33791892.0,33792799.0,33793651.0,33794473.0,33795321.0,33796089.0,33796928.0,33797711.0,33798511.0,33799380.0,33800274.0,33801193.0,33801902.0,33802705.0,33803552.0,33804395.0,33805207.0,33806055.0,33806844.0,33807624.0,33808366.0,33809120.0,33809959.0,33810743.0,33811472.0,33812260.0,33812997.0,33813784.0,33814642.0,33815354.0,33816199.0,33817037.0,33817818.0,33818615.0,33819431.0,33820271.0,33821088.0,33821904.0,33822708.0,33823513.0,33824269.0,33825073.0,33825857.0,33826634.0,33827405.0,33828131.0,33828835.0,33829508.0,33830258.0,33830824.0,33831582.0,33832260.0,33832979.0,33833738.0,33834477.0,33835163.0,33835771.0,33836538.0,33837194.0,33837849.0,33838599.0,33839252.0,33840014.0,33840728.0,33841505.0,33842218.0,33842901.0,33843537.0,33844293.0,33844927.0,33845680.0,33846376.0,33847065.0,33847905.0,33848676.0,33849388.0,33850150.0,33850925.0,33851662.0,33852411.0,33853174.0,33853941.0,33854635.0,33855332.0,33856002.0,33856729.0,33857576.0,33858383.0,33859127.0,33859843.0,33860566.0,33861295.0,33861889.0,,,,,,,,,33868111.0,33868825.0,33869503.0,33870101.0,33870740.0,33871319.0,33871920.0,33872538.0,33873271.0,33873926.0,33874597.0,33875277.0,33875952.0,33876644.0,33877383.0,33878176.0,33878850.0,33879591.0,33880236.0,33880821.0,33881440.0,33882098.0,33882768.0,33883454.0,33884080.0,33884720.0,33885419.0,33886074.0,33886776.0,33887461.0,33888097.0,33888714.0,33889358.0,33889922.0,33890574.0,33891188.0,33891782.0,33892356.0,33893023.0,33893618.0,33894260.0,33894920.0,33895542.0,33896201.0,33896788.0,33897418.0,33898032.0,33898617.0,33899269.0,33899889.0,33900491.0,33901142.0,33901645.0,33902270.0,33902845.0,33903516.0,33904119.0,33904721.0,33905340.0,33905953.0,33906523.0,33907125.0,33907686.0,33908219.0,33908840.0,33909476.0,33910110.0,33910729.0,33911326.0,33911857.0,33912457.0,33913054
aZ_H-2CDBnI,13115.0,13116.0,13119.0,13122.0,13124.0,13124.0,13126.0,13128.0,13131.0,13131.0,13131.0,13134.0,13135.0,13135.0,13138.0,13140.0,13142.0,13145.0,13146.0,13150.0,13154.0,13163.0,13171.0,13175.0,13179.0,13182.0,13186.0,13191.0,13195.0,13196.0,13201.0,13205.0,13209.0,13218.0,13221.0,13225.0,13229.0,13229.0,13230.0,13234.0,13238.0,13240.0,13243.0,13247.0,13251.0,13252.0,13256.0,13258.0,13261.0,13265.0,13269.0,13270.0,13273.0,13276.0,13279.0,13284.0,13286.0,13287.0,13288.0,13290.0,13290.0,13295.0,13297.0,13300.0,13304.0,13307.0,13308.0,13313.0,13313.0,13314.0,13315.0,13317.0,13317.0,13320.0,13328.0,13330.0,13330.0,13332.0,13338.0,13342.0,13343.0,13344.0,13347.0,13350.0,13351.0,13354.0,13357.0,13360.0,13364.0,13366.0,13366.0,13369.0,13369.0,13370.0,13371.0,13379.0,13382.0,13383.0,13386.0,13387.0,13388.0,13394.0,13396.0,13401.0,13402.0,13402.0,13402.0,13406.0,13407.0,13409.0,13410.0,13413.0,13418.0,13419.0,13422.0,13426.0,13428.0,13431.0,13436.0,13437.0,13439.0,13441.0,13446.0,13447.0,13449.0,13449.0,13452.0,13454.0,13458.0,13459.0,13462.0,13464.0,13466.0,13466.0,,,,,,,,,13476.0,13482.0,13482.0,13487.0,13490.0,13493.0,13499.0,13504.0,13509.0,13512.0,13517.0,13519.0,13520.0,13523.0,13526.0,13529.0,13530.0,13532.0,13532.0,13534.0,13537.0,13542.0,13546.0,13550.0,13552.0,13559.0,13562.0,13563.0,13567.0,13568.0,13568.0,13570.0,13571.0,13572.0,13576.0,13577.0,13577.0,13579.0,13579.0,13579.0,13583.0,13589.0,13591.0,13592.0,13593.0,13595.0,13595.0,13598.0,13604.0,13605.0,13609.0,13613.0,13617.0,13617.0,13618.0,13621.0,13623.0,13625.0,13626.0,13634.0,13637.0,13638.0,13639.0,13643.0,13645.0,13651.0,13656.0,13659.0,13661.0,13666.0,13668.0,13672
pYLw1Pz2tK4,319536.0,319561.0,319586.0,319616.0,319642.0,319660.0,319678.0,319698.0,319724.0,319762.0,319795.0,319819.0,319843.0,319864.0,319887.0,319913.0,319933.0,319962.0,319983.0,320004.0,320028.0,320041.0,320073.0,320093.0,320127.0,320162.0,320195.0,320221.0,320250.0,320282.0,320309.0,320349.0,320373.0,320410.0,320431.0,320462.0,320494.0,320532.0,320574.0,320613.0,320647.0,320666.0,320700.0,320741.0,320765.0,320791.0,320820.0,320850.0,320877.0,320899.0,320936.0,320958.0,320980.0,321010.0,321034.0,321065.0,321121.0,321174.0,321211.0,321249.0,321283.0,321318.0,321358.0,321395.0,321420.0,321452.0,321485.0,321517.0,321532.0,321580.0,321617.0,321650.0,321696.0,321724.0,321762.0,321792.0,321811.0,321829.0,321860.0,321880.0,321911.0,321936.0,321950.0,321973.0,321999.0,322017.0,322051.0,322086.0,322121.0,322141.0,322175.0,322198.0,322222.0,322248.0,322275.0,322299.0,322321.0,322345.0,322369.0,322390.0,322414.0,322453.0,322471.0,322499.0,322522.0,322556.0,322581.0,322613.0,322634.0,322675.0,322704.0,322727.0,322751.0,322772.0,322797.0,322827.0,322858.0,322885.0,322909.0,322944.0,322959.0,322982.0,323011.0,323045.0,323071.0,323104.0,323140.0,323167.0,323193.0,323231.0,323257.0,323292.0,323316.0,323351.0,,,,,,,,,323609.0,323643.0,323677.0,323716.0,323750.0,323795.0,323830.0,323893.0,323968.0,324003.0,324039.0,324067.0,324089.0,324122.0,324144.0,324180.0,324203.0,324222.0,324254.0,324285.0,324303.0,324334.0,324354.0,324385.0,324416.0,324427.0,324452.0,324476.0,324498.0,324521.0,324539.0,324568.0,324592.0,324619.0,324642.0,324667.0,324701.0,324721.0,324746.0,324766.0,324789.0,324799.0,324826.0,324844.0,324868.0,324896.0,324914.0,324937.0,324955.0,324980.0,324995.0,325020.0,325048.0,325084.0,325110.0,325137.0,325158.0,325193.0,325216.0,325240.0,325262.0,325286.0,325310.0,325337.0,325356.0,325374.0,325398.0,325418.0,325436.0,325468.0,325493.0,325521
id6q2EP2UqE,3052833.0,3053060.0,3053366.0,3053715.0,3054081.0,3054415.0,3054741.0,3055138.0,3055440.0,3055863.0,3056206.0,3056545.0,3056868.0,3057215.0,3057560.0,3057929.0,3058241.0,3058539.0,3058903.0,3059200.0,3059535.0,3059858.0,3060278.0,3060648.0,3060977.0,3061380.0,3061753.0,3062126.0,3062448.0,3062794.0,3063174.0,3063537.0,3063898.0,3064264.0,3064593.0,3064904.0,3065257.0,3065577.0,3065895.0,3066206.0,3066493.0,3066841.0,3067194.0,3067477.0,3067780.0,3068069.0,3068370.0,3068677.0,3068922.0,3069237.0,3069535.0,3069865.0,3070221.0,3070525.0,3070818.0,3071062.0,3071359.0,3071650.0,3071981.0,3072341.0,3072658.0,3073018.0,3073373.0,3073681.0,3074023.0,3074365.0,3074705.0,3075064.0,3075342.0,3075705.0,3076069.0,3076388.0,3076684.0,3076978.0,3077226.0,3077531.0,3077838.0,3078153.0,3078514.0,3078798.0,3079112.0,3079360.0,3079659.0,3079968.0,3080224.0,3080475.0,3080816.0,3081123.0,3081359.0,3081627.0,3082036.0,3082330.0,3082622.0,3082946.0,3083246.0,3083523.0,3083802.0,3084084.0,3084392.0,3084706.0,3084999.0,3085291.0,3085587.0,3085817.0,3086088.0,3086359.0,3086649.0,3086923.0,3087186.0,3087438.0,3087757.0,3088039.0,3088329.0,3088585.0,3088881.0,3089198.0,3089440.0,3089732.0,3090005.0,3090229.0,3090529.0,3090787.0,3091084.0,3091370.0,3091671.0,3091939.0,3092275.0,3092642.0,3092969.0,3093276.0,3093627.0,3093947.0,3094234.0,3094488.0,,,,,,,,,3096999.0,3097330.0,3097623.0,3097871.0,3098222.0,3098525.0,3098838.0,3099235.0,3099529.0,3099761.0,3100004.0,3100270.0,3100567.0,3100814.0,3101122.0,3101373.0,3101621.0,3101875.0,3102192.0,3102405.0,3102638.0,3102967.0,3103265.0,3103491.0,3103758.0,3104035.0,3104285.0,3104565.0,3104801.0,3105068.0,3105335.0,3105581.0,3105841.0,3106076.0,3106364.0,3106679.0,3106966.0,3107207.0,3107482.0,3107731.0,3107989.0,3108250.0,3108545.0,3108844.0,3109096.0,3109345.0,3109642.0,3109896.0,3110211.0,3110457.0,3110771.0,3111081.0,3111359.0,3111702.0,3111963.0,3112256.0,3112551.0,3112863.0,3113144.0,3113465.0,3113760.0,3114011.0,3114248.0,3114515.0,3114740.0,3115056.0,3115297.0,3115593.0,3115857.0,3116125.0,3116407.0,3116685
k8KiRtiS48g,260477.0,260482.0,260487.0,260490.0,260493.0,260495.0,260503.0,260514.0,260523.0,260529.0,260538.0,260540.0,260540.0,260550.0,260559.0,260572.0,260581.0,260584.0,260589.0,260594.0,260596.0,260598.0,260602.0,260611.0,260617.0,260617.0,260618.0,260618.0,260620.0,260624.0,260629.0,260631.0,260634.0,260633.0,260637.0,260638.0,260639.0,260641.0,260653.0,260654.0,260660.0,260663.0,260665.0,260670.0,260674.0,260678.0,260683.0,260690.0,260699.0,260702.0,260705.0,260710.0,260712.0,260715.0,260717.0,260724.0,260730.0,260732.0,260735.0,260737.0,260743.0,260747.0,260748.0,260752.0,260754.0,260761.0,260763.0,260765.0,260768.0,260772.0,260775.0,260781.0,260785.0,260785.0,260785.0,260788.0,260793.0,260796.0,260798.0,260805.0,260807.0,260810.0,260815.0,260818.0,260825.0,260826.0,260829.0,260837.0,260848.0,260852.0,260870.0,260875.0,260884.0,260891.0,260912.0,260915.0,260918.0,260925.0,260932.0,260935.0,260939.0,260939.0,260942.0,260951.0,260953.0,260959.0,260962.0,260963.0,260968.0,260968.0,260971.0,260979.0,260982.0,260982.0,260983.0,260989.0,260990.0,260992.0,260996.0,261002.0,261006.0,261013.0,261017.0,261026.0,261027.0,261034.0,261039.0,261043.0,261052.0,261056.0,261062.0,261063.0,261068.0,261074.0,,,,,,,,,261116.0,261124.0,261131.0,261141.0,261145.0,261155.0,261188.0,261206.0,261213.0,261218.0,261225.0,261236.0,261248.0,261252.0,261257.0,261269.0,261281.0,261286.0,261290.0,261291.0,261294.0,261294.0,261297.0,261302.0,261305.0,261305.0,261312.0,261322.0,261325.0,261334.0,261339.0,261342.0,261344.0,261347.0,261352.0,261357.0,261360.0,261362.0,261368.0,261369.0,261375.0,261380.0,261385.0,261393.0,261399.0,261406.0,261409.0,261412.0,261413.0,261415.0,261418.0,261424.0,261431.0,261436.0,261442.0,261443.0,261449.0,261451.0,261454.0,261457.0,261460.0,261461.0,261462.0,261463.0,261466.0,261476.0,261479.0,261482.0,261483.0,261484.0,261487.0,261488
G5QLfV1OqCw,21607.0,21613.0,21615.0,21617.0,21622.0,21623.0,21625.0,21629.0,21632.0,21633.0,21634.0,21637.0,21640.0,21642.0,21642.0,21645.0,21649.0,21650.0,21654.0,21656.0,21658.0,21659.0,21664.0,21668.0,21671.0,21673.0,21676.0,21683.0,21690.0,21694.0,21705.0,21712.0,21717.0,21719.0,21721.0,21730.0,21732.0,21736.0,21738.0,21739.0,21741.0,21743.0,21747.0,21753.0,21755.0,21757.0,21759.0,21763.0,21766.0,21768.0,21770.0,21771.0,21773.0,21780.0,21782.0,21789.0,21792.0,21797.0,21798.0,21804.0,21807.0,21810.0,21814.0,21816.0,21821.0,21824.0,21828.0,21833.0,21836.0,21840.0,21843.0,21847.0,21848.0,21850.0,21851.0,21855.0,21856.0,21858.0,21861.0,21861.0,21863.0,21864.0,21868.0,21874.0,21885.0,21887.0,21888.0,21889.0,21890.0,21893.0,21893.0,21894.0,21896.0,21899.0,21900.0,21902.0,21904.0,21905.0,21907.0,21913.0,21916.0,21920.0,21926.0,21929.0,21933.0,21935.0,21940.0,21941.0,21947.0,21953.0,21955.0,21957.0,21958.0,21964.0,21965.0,21973.0,21976.0,21982.0,21986.0,21991.0,21995.0,21998.0,22004.0,22004.0,22005.0,22007.0,22013.0,22014.0,22023.0,22024.0,22027.0,22029.0,22032.0,22032.0,,,,,,,,,22048.0,22049.0,22049.0,22050.0,22054.0,22057.0,22058.0,22061.0,22062.0,22064.0,22064.0,22067.0,22071.0,22072.0,22076.0,22079.0,22084.0,22087.0,22088.0,22095.0,22101.0,22106.0,22110.0,22113.0,22118.0,22120.0,22121.0,22124.0,22126.0,22129.0,22132.0,22135.0,22136.0,22137.0,22138.0,22139.0,22141.0,22144.0,22146.0,22149.0,22153.0,22157.0,22162.0,22166.0,22168.0,22172.0,22175.0,22185.0,22190.0,22191.0,22193.0,22199.0,22205.0,22209.0,22211.0,22216.0,22219.0,22222.0,22226.0,22230.0,22233.0,22235.0,22236.0,22238.0,22241.0,22242.0,22245.0,22246.0,22250.0,22252.0,22255.0,22256
bGZ-Mpq1QiY,14635.0,14637.0,14645.0,14653.0,14658.0,14663.0,14668.0,14674.0,14683.0,14688.0,14696.0,14708.0,14715.0,14727.0,14741.0,14757.0,14774.0,14782.0,14790.0,14786.0,14797.0,14807.0,14814.0,14819.0,14823.0,14829.0,14838.0,14849.0,14858.0,14861.0,14865.0,14873.0,14878.0,14881.0,14889.0,14891.0,14901.0,14905.0,14906.0,14909.0,14911.0,14916.0,14920.0,14926.0,14931.0,14939.0,14940.0,14943.0,14946.0,14948.0,14949.0,14954.0,14958.0,14960.0,14966.0,14969.0,14974.0,14979.0,14981.0,14989.0,14992.0,14997.0,15000.0,15003.0,15004.0,15006.0,15006.0,15010.0,15015.0,15021.0,15024.0,15023.0,15026.0,15027.0,15031.0,15033.0,15038.0,15038.0,15039.0,15042.0,15046.0,15048.0,15048.0,15053.0,15055.0,15059.0,15060.0,15061.0,15064.0,15064.0,15065.0,15069.0,15070.0,15072.0,15074.0,15078.0,15081.0,15082.0,15086.0,15087.0,15088.0,15091.0,15097.0,15105.0,15116.0,15120.0,15124.0,15125.0,15128.0,15129.0,15132.0,15136.0,15142.0,15146.0,15147.0,15148.0,15150.0,15156.0,15162.0,15165.0,15169.0,15175.0,15179.0,15181.0,15184.0,15189.0,15192.0,15196.0,15199.0,15203.0,15206.0,15214.0,15215.0,15216.0,,,,,,,,,15243.0,15249.0,15250.0,15252.0,15255.0,15258.0,15261.0,15263.0,15265.0,15266.0,15272.0,15274.0,15281.0,15282.0,15282.0,15290.0,15292.0,15295.0,15298.0,15301.0,15304.0,15310.0,15313.0,15315.0,15318.0,15320.0,15322.0,15326.0,15327.0,15328.0,15332.0,15334.0,15336.0,15338.0,15339.0,15344.0,15348.0,15348.0,15356.0,15358.0,15361.0,15364.0,15366.0,15367.0,15370.0,15370.0,15372.0,15380.0,15384.0,15387.0,15389.0,15393.0,15393.0,15396.0,15396.0,15399.0,15401.0,15403.0,15408.0,15412.0,15414.0,15416.0,15418.0,15421.0,15424.0,15429.0,15430.0,15433.0,15433.0,15435.0,15440.0,15441
9u_E4vSUMPU,3958785.0,3958907.0,3959064.0,3959238.0,3959379.0,3959559.0,3959743.0,3959875.0,3960037.0,3960206.0,3960387.0,3960493.0,3960616.0,3960750.0,3960902.0,3961056.0,3961250.0,3961417.0,3961563.0,3961714.0,3961833.0,3961989.0,3962155.0,3962306.0,3962447.0,3962576.0,3962699.0,3962809.0,3962940.0,3963054.0,3963184.0,3963323.0,3963444.0,3963540.0,3963664.0,3963770.0,3963921.0,3964095.0,3964223.0,3964351.0,3964495.0,3964623.0,3964745.0,3964889.0,3965019.0,3965136.0,3965264.0,3965356.0,3965496.0,3965608.0,3965763.0,3965874.0,3966082.0,3966215.0,3966342.0,3966496.0,3966646.0,3966765.0,3966886.0,3967036.0,3967195.0,3967307.0,3967440.0,3967566.0,3967756.0,3967939.0,3968079.0,3968216.0,3968354.0,3968529.0,3968692.0,3968817.0,3968970.0,3969102.0,3969227.0,3969344.0,3969465.0,3969611.0,3969779.0,3969918.0,3970074.0,3970207.0,3970320.0,3970432.0,3970572.0,3970718.0,3970838.0,3970953.0,3971056.0,3971178.0,3971292.0,3971373.0,3971501.0,3971617.0,3971758.0,3971862.0,3971973.0,3972087.0,3972192.0,3972312.0,3972494.0,3972637.0,3972784.0,3972920.0,3973001.0,3973103.0,3973243.0,3973373.0,3973524.0,3973643.0,3973799.0,3973923.0,3974043.0,3974208.0,3974357.0,3974525.0,3974633.0,3974733.0,3974837.0,3974985.0,3975109.0,3975236.0,3975364.0,3975484.0,3975604.0,3975700.0,3975795.0,3975925.0,3976057.0,3976170.0,3976287.0,3976383.0,3976492.0,3976586.0,,,,,,,,,3977474.0,3977595.0,3977681.0,3977775.0,3977856.0,3977964.0,3978051.0,3978149.0,3978258.0,3978336.0,3978546.0,3978698.0,3978812.0,3978934.0,3979050.0,3979168.0,3979256.0,3979363.0,3979453.0,3979517.0,3979599.0,3979686.0,3979812.0,3979904.0,3980018.0,3980123.0,3980233.0,3980373.0,3980519.0,3980666.0,3980840.0,3980979.0,3981120.0,3981268.0,3981354.0,3981536.0,3981695.0,3981793.0,3981888.0,3982013.0,3982134.0,3982254.0,3982406.0,3982528.0,3982655.0,3982749.0,3982846.0,3982954.0,3983045.0,3983139.0,3983258.0,3983361.0,3983471.0,3983584.0,3983715.0,3983841.0,3983987.0,3984144.0,3984265.0,3984395.0,3984506.0,3984615.0,3984753.0,3984880.0,3985004.0,3985125.0,3985254.0,3985386.0,3985520.0,3985599.0,3985701.0,3985805
SVAanmEfmIc,155225.0,155238.0,155253.0,155265.0,155270.0,155284.0,155309.0,155324.0,155337.0,155346.0,155360.0,155376.0,155391.0,155408.0,155421.0,155434.0,155461.0,155463.0,155478.0,155488.0,155500.0,155517.0,155531.0,155539.0,155550.0,155562.0,155572.0,155589.0,155600.0,155615.0,155631.0,155641.0,155650.0,155657.0,155670.0,155688.0,155694.0,155706.0,155723.0,155737.0,155749.0,155761.0,155766.0,155775.0,155787.0,155806.0,155822.0,155839.0,155848.0,155860.0,155873.0,155888.0,155898.0,155912.0,155925.0,155945.0,155960.0,155972.0,155979.0,155988.0,156005.0,156016.0,156027.0,156043.0,156053.0,156067.0,156081.0,156096.0,156107.0,156123.0,156133.0,156150.0,156159.0,156175.0,156182.0,156197.0,156206.0,156217.0,156226.0,156235.0,156242.0,156250.0,156256.0,156267.0,156275.0,156282.0,156286.0,156293.0,156301.0,156316.0,156326.0,156333.0,156340.0,156347.0,156354.0,156359.0,156366.0,156375.0,156383.0,156395.0,156413.0,156423.0,156434.0,156443.0,156451.0,156457.0,156464.0,156473.0,156478.0,156487.0,156491.0,156500.0,156512.0,156518.0,156529.0,156543.0,156549.0,156559.0,156570.0,156580.0,156589.0,156598.0,156608.0,156615.0,156625.0,156635.0,156646.0,156650.0,156666.0,156679.0,156690.0,156695.0,156699.0,156702.0,,,,,,,,,156770.0,156779.0,156782.0,156786.0,156792.0,156797.0,156799.0,156805.0,156815.0,156826.0,156833.0,156841.0,156848.0,156855.0,156865.0,156872.0,156879.0,156893.0,156900.0,156910.0,156917.0,156922.0,156938.0,156945.0,156951.0,156958.0,156973.0,156984.0,157000.0,157009.0,157033.0,157042.0,157052.0,157065.0,157076.0,157081.0,157089.0,157104.0,157117.0,157128.0,157140.0,157146.0,157162.0,157176.0,157181.0,157187.0,157196.0,157198.0,157201.0,157208.0,157213.0,157220.0,157223.0,157230.0,157234.0,157242.0,157255.0,157273.0,157276.0,157283.0,157293.0,157303.0,157316.0,157328.0,157334.0,157341.0,157347.0,157352.0,157358.0,157360.0,157366.0,157366
4z7ns3tm1Zc,734.0,734.0,735.0,736.0,736.0,736.0,736.0,736.0,736.0,736.0,738.0,738.0,739.0,739.0,741.0,741.0,742.0,743.0,744.0,744.0,744.0,744.0,744.0,745.0,746.0,746.0,746.0,746.0,746.0,747.0,747.0,747.0,747.0,747.0,747.0,748.0,748.0,749.0,749.0,749.0,750.0,750.0,750.0,751.0,751.0,752.0,752.0,752.0,753.0,755.0,758.0,758.0,758.0,759.0,759.0,759.0,759.0,759.0,759.0,760.0,760.0,760.0,762.0,762.0,762.0,762.0,762.0,762.0,762.0,763.0,763.0,763.0,763.0,763.0,764.0,764.0,764.0,763.0,763.0,763.0,765.0,766.0,767.0,768.0,771.0,772.0,772.0,773.0,773.0,773.0,774.0,774.0,774.0,774.0,774.0,775.0,775.0,775.0,775.0,776.0,776.0,777.0,778.0,780.0,780.0,781.0,781.0,782.0,783.0,783.0,784.0,784.0,784.0,784.0,784.0,784.0,785.0,785.0,785.0,786.0,786.0,786.0,786.0,786.0,786.0,786.0,786.0,787.0,787.0,788.0,795.0,797.0,797.0,797.0,,,,,,,,,807.0,808.0,808.0,809.0,809.0,809.0,809.0,810.0,811.0,811.0,811.0,811.0,812.0,813.0,815.0,816.0,816.0,816.0,818.0,823.0,824.0,824.0,825.0,825.0,826.0,826.0,826.0,826.0,826.0,826.0,826.0,827.0,828.0,828.0,828.0,828.0,828.0,828.0,829.0,830.0,830.0,830.0,830.0,831.0,832.0,833.0,833.0,833.0,833.0,833.0,833.0,834.0,834.0,834.0,837.0,837.0,837.0,837.0,837.0,837.0,838.0,838.0,839.0,840.0,841.0,842.0,842.0,842.0,843.0,843.0,843.0,843
gf4fyMwYlp4,8868.0,8869.0,8871.0,8872.0,8872.0,8873.0,8874.0,8875.0,8876.0,8877.0,8878.0,8880.0,8880.0,8882.0,8883.0,8883.0,8883.0,8883.0,8883.0,8883.0,8883.0,8883.0,8885.0,8886.0,8886.0,8886.0,8886.0,8886.0,8887.0,8888.0,8888.0,8890.0,8892.0,8895.0,8895.0,8894.0,8896.0,8896.0,8897.0,8897.0,8899.0,8901.0,8901.0,8901.0,8901.0,8902.0,8903.0,8908.0,8910.0,8910.0,8910.0,8911.0,8911.0,8912.0,8912.0,8914.0,8914.0,8915.0,8915.0,8915.0,8915.0,8915.0,8915.0,8917.0,8917.0,8917.0,8918.0,8918.0,8919.0,8920.0,8921.0,8924.0,8924.0,8924.0,8924.0,8924.0,8926.0,8926.0,8930.0,8931.0,8931.0,8933.0,8936.0,8941.0,8944.0,8947.0,8950.0,8952.0,8953.0,8959.0,8960.0,8961.0,8962.0,8962.0,8962.0,8962.0,8963.0,8964.0,8964.0,8964.0,8966.0,8968.0,8970.0,8971.0,8972.0,8973.0,8973.0,8973.0,8975.0,8975.0,8975.0,8975.0,8975.0,8975.0,8977.0,8979.0,8981.0,8981.0,8983.0,8986.0,8987.0,8987.0,8988.0,8988.0,8988.0,8988.0,8989.0,8989.0,8989.0,8993.0,8993.0,8997.0,8999.0,9001.0,,,,,,,,,9016.0,9019.0,9021.0,9022.0,9023.0,9023.0,9025.0,9032.0,9033.0,9033.0,9033.0,9033.0,9033.0,9034.0,9034.0,9034.0,9034.0,9035.0,9036.0,9036.0,9036.0,9037.0,9038.0,9038.0,9038.0,9038.0,9040.0,9043.0,9044.0,9045.0,9045.0,9046.0,9048.0,9049.0,9052.0,9053.0,9053.0,9055.0,9056.0,9060.0,9067.0,9070.0,9072.0,9074.0,9079.0,9081.0,9083.0,9083.0,9082.0,9084.0,9086.0,9086.0,9085.0,9085.0,9086.0,9088.0,9088.0,9088.0,9088.0,9089.0,9090.0,9091.0,9093.0,9095.0,9096.0,9096.0,9096.0,9098.0,9098.0,9100.0,9101.0,9101
5Go-_eGuuSM,58815.0,58874.0,58935.0,58986.0,59050.0,59092.0,59154.0,59215.0,59255.0,59325.0,59360.0,59408.0,59454.0,59511.0,59573.0,59621.0,59653.0,59706.0,59744.0,59806.0,59871.0,59962.0,60012.0,60065.0,60134.0,60202.0,60255.0,60304.0,60378.0,60422.0,60459.0,60483.0,60553.0,60610.0,60691.0,60755.0,60815.0,60857.0,60912.0,60964.0,61009.0,61056.0,61116.0,61160.0,61200.0,61237.0,61269.0,61308.0,61346.0,61385.0,61418.0,61464.0,61493.0,61523.0,61560.0,61605.0,61636.0,61707.0,61749.0,61781.0,61827.0,61896.0,61941.0,61971.0,62032.0,62090.0,62120.0,62159.0,62199.0,62251.0,62304.0,62342.0,62377.0,62411.0,62451.0,62484.0,62536.0,62574.0,62612.0,62657.0,62691.0,62725.0,62763.0,62808.0,62847.0,62888.0,62909.0,62940.0,62985.0,63021.0,63059.0,63097.0,63137.0,63180.0,63211.0,63247.0,63292.0,63336.0,63398.0,63465.0,63493.0,63521.0,63547.0,63600.0,63649.0,63695.0,63742.0,63778.0,63823.0,63868.0,63910.0,63957.0,64002.0,64037.0,64072.0,64098.0,64142.0,64189.0,64238.0,64294.0,64340.0,64375.0,64411.0,64437.0,64473.0,64511.0,64541.0,64586.0,64620.0,64651.0,64685.0,64717.0,64751.0,64794.0,,,,,,,,,65125.0,65165.0,65202.0,65242.0,65279.0,65319.0,65365.0,65399.0,65438.0,65461.0,65502.0,65540.0,65590.0,65625.0,65659.0,65689.0,65730.0,65777.0,65818.0,65858.0,65886.0,65924.0,65967.0,65994.0,66041.0,66086.0,66130.0,66191.0,66263.0,66296.0,66344.0,66384.0,66418.0,66459.0,66500.0,66535.0,66568.0,66598.0,66644.0,66684.0,66716.0,66761.0,66804.0,66832.0,66898.0,66929.0,66985.0,67023.0,67067.0,67095.0,67116.0,67151.0,67176.0,67206.0,67238.0,67274.0,67311.0,67345.0,67381.0,67437.0,67476.0,67495.0,67534.0,67567.0,67603.0,67636.0,67670.0,67706.0,67739.0,67777.0,67810.0,67845
Dna1oZHSjvs,1314.0,1318.0,1318.0,1318.0,1318.0,1319.0,1319.0,1320.0,1320.0,1320.0,1321.0,1321.0,1321.0,1321.0,1321.0,1321.0,1321.0,1322.0,1322.0,1322.0,1322.0,1322.0,1322.0,1322.0,1323.0,1323.0,1324.0,1324.0,1325.0,1325.0,1325.0,1325.0,1325.0,1325.0,1326.0,1326.0,1326.0,1326.0,1327.0,1328.0,1328.0,1329.0,1330.0,1330.0,1330.0,1330.0,1331.0,1332.0,1332.0,1332.0,1332.0,1332.0,1332.0,1332.0,1332.0,1332.0,1332.0,1332.0,1332.0,1332.0,1332.0,1332.0,1333.0,1333.0,1333.0,1333.0,1333.0,1335.0,1335.0,1335.0,1335.0,1338.0,1338.0,1338.0,1338.0,1339.0,1339.0,1339.0,1339.0,1340.0,1341.0,1341.0,1343.0,1344.0,1345.0,1345.0,1345.0,1345.0,1345.0,1345.0,1345.0,1345.0,1345.0,1345.0,1345.0,1345.0,1345.0,1345.0,1345.0,1345.0,1345.0,1345.0,1345.0,1345.0,1347.0,1347.0,1347.0,1348.0,1348.0,1348.0,1348.0,1348.0,1348.0,1348.0,1348.0,1348.0,1348.0,1348.0,1348.0,1348.0,1348.0,1348.0,1348.0,1348.0,1348.0,1348.0,1348.0,1348.0,1348.0,1349.0,1349.0,1349.0,1349.0,1349.0,,,,,,,,,1354.0,1354.0,1354.0,1354.0,1354.0,1354.0,1354.0,1354.0,1354.0,1354.0,1354.0,1354.0,1354.0,1354.0,1354.0,1355.0,1355.0,1355.0,1355.0,1355.0,1355.0,1355.0,1355.0,1355.0,1355.0,1355.0,1355.0,1355.0,1355.0,1355.0,1356.0,1357.0,1357.0,1357.0,1357.0,1357.0,1357.0,1357.0,1357.0,1357.0,1357.0,1357.0,1357.0,1357.0,1357.0,1357.0,1357.0,1357.0,1357.0,1358.0,1358.0,1358.0,1359.0,1359.0,1359.0,1359.0,1360.0,1360.0,1362.0,1362.0,1362.0,1362.0,1362.0,1362.0,1362.0,1362.0,1362.0,1362.0,1362.0,1362.0,1362.0,1362
toqgHNn_0_g,306826.0,306855.0,306873.0,306902.0,306923.0,306942.0,306963.0,306983.0,307008.0,307031.0,307063.0,307091.0,307123.0,307144.0,307167.0,307202.0,307229.0,307250.0,307283.0,307302.0,307319.0,307337.0,307356.0,307375.0,307409.0,307435.0,307466.0,307487.0,307508.0,307538.0,307569.0,307593.0,307613.0,307639.0,307675.0,307698.0,307727.0,307774.0,307789.0,307821.0,307851.0,307872.0,307902.0,307923.0,307954.0,307999.0,308032.0,308063.0,308095.0,308116.0,308142.0,308157.0,308178.0,308194.0,308217.0,308242.0,308258.0,308280.0,308303.0,308337.0,308367.0,308433.0,308493.0,308550.0,308592.0,308642.0,308679.0,308711.0,308739.0,308775.0,308805.0,308844.0,308876.0,308916.0,308953.0,308999.0,309037.0,309065.0,309092.0,309124.0,309149.0,309170.0,309204.0,309233.0,309275.0,309320.0,309349.0,309375.0,309416.0,309451.0,309480.0,309500.0,309546.0,309565.0,309594.0,309623.0,309644.0,309664.0,309684.0,309704.0,309726.0,309752.0,309779.0,309795.0,309809.0,309835.0,309863.0,309885.0,309922.0,309948.0,309969.0,309994.0,310021.0,310048.0,310091.0,310118.0,310156.0,310178.0,310194.0,310214.0,310242.0,310275.0,310306.0,310337.0,310363.0,310378.0,310398.0,310437.0,310462.0,310494.0,310527.0,310558.0,310581.0,310603.0,,,,,,,,,310774.0,310794.0,310815.0,310839.0,310858.0,310880.0,310890.0,310916.0,310932.0,310945.0,310963.0,310977.0,310990.0,311008.0,311017.0,311038.0,311050.0,311064.0,311079.0,311102.0,311112.0,311137.0,311153.0,311171.0,311188.0,311207.0,311218.0,311241.0,311263.0,311287.0,311308.0,311331.0,311350.0,311368.0,311391.0,311418.0,311442.0,311458.0,311480.0,311498.0,311512.0,311536.0,311552.0,311584.0,311600.0,311624.0,311642.0,311655.0,311668.0,311686.0,311701.0,311717.0,311732.0,311747.0,311755.0,311764.0,311780.0,311801.0,311816.0,311834.0,311845.0,311865.0,311883.0,311897.0,311914.0,311931.0,311953.0,311970.0,311985.0,311995.0,312015.0,312033
yaqW3Q0ilR0,338874.0,338910.0,338939.0,338965.0,338993.0,339016.0,339033.0,339052.0,339072.0,339092.0,339116.0,339137.0,339159.0,339183.0,339203.0,339230.0,339243.0,339265.0,339291.0,339317.0,339345.0,339371.0,339389.0,339416.0,339434.0,339452.0,339491.0,339515.0,339533.0,339562.0,339587.0,339614.0,339633.0,339658.0,339677.0,339692.0,339721.0,339752.0,339772.0,339794.0,339815.0,339826.0,339860.0,339885.0,339919.0,339956.0,339989.0,340031.0,340067.0,340082.0,340098.0,340120.0,340140.0,340159.0,340182.0,340205.0,340219.0,340233.0,340258.0,340286.0,340323.0,340386.0,340451.0,340503.0,340531.0,340565.0,340597.0,340633.0,340653.0,340690.0,340724.0,340741.0,340773.0,340808.0,340833.0,340869.0,340899.0,340929.0,340952.0,340977.0,340991.0,341020.0,341044.0,341068.0,341095.0,341112.0,341128.0,341138.0,341171.0,341210.0,341251.0,341280.0,341313.0,341343.0,341364.0,341384.0,341406.0,341418.0,341461.0,341480.0,341490.0,341513.0,341531.0,341553.0,341562.0,341589.0,341616.0,341638.0,341666.0,341701.0,341711.0,341732.0,341759.0,341785.0,341813.0,341838.0,341858.0,341887.0,341915.0,341941.0,341961.0,341992.0,342008.0,342033.0,342062.0,342088.0,342101.0,342119.0,342136.0,342166.0,342200.0,342238.0,342260.0,342275.0,,,,,,,,,342464.0,342491.0,342517.0,342526.0,342545.0,342572.0,342592.0,342610.0,342631.0,342651.0,342667.0,342685.0,342705.0,342732.0,342753.0,342768.0,342779.0,342793.0,342818.0,342844.0,342865.0,342897.0,342918.0,342947.0,342961.0,342982.0,343007.0,343022.0,343043.0,343068.0,343085.0,343105.0,343117.0,343133.0,343151.0,343168.0,343190.0,343207.0,343224.0,343238.0,343248.0,343269.0,343292.0,343321.0,343336.0,343355.0,343364.0,343375.0,343401.0,343418.0,343436.0,343447.0,343466.0,343476.0,343494.0,343506.0,343522.0,343537.0,343554.0,343568.0,343589.0,343612.0,343630.0,343652.0,343661.0,343674.0,343691.0,343711.0,343726.0,343736.0,343753.0,343775
H443QD07Y0E,135438.0,135440.0,135440.0,135440.0,135440.0,135442.0,135443.0,135443.0,135444.0,135444.0,135444.0,135444.0,135445.0,135446.0,135446.0,135447.0,135449.0,135449.0,135449.0,135449.0,135449.0,135449.0,135449.0,135451.0,135451.0,135451.0,135452.0,135452.0,135452.0,135452.0,135452.0,135452.0,135453.0,135453.0,135453.0,135453.0,135454.0,135458.0,135459.0,135459.0,135459.0,135460.0,135460.0,135460.0,135460.0,135460.0,135460.0,135461.0,135461.0,135462.0,135462.0,135462.0,135463.0,135463.0,135464.0,135465.0,135465.0,135465.0,135466.0,135466.0,135469.0,135471.0,135471.0,135471.0,135471.0,135471.0,135471.0,135471.0,135471.0,135472.0,135473.0,135473.0,135473.0,135473.0,135474.0,135475.0,135476.0,135476.0,135477.0,135477.0,135479.0,135479.0,135480.0,135480.0,135480.0,135480.0,135481.0,135481.0,135482.0,135482.0,135482.0,135483.0,135483.0,135483.0,135484.0,135486.0,135488.0,135489.0,135489.0,135489.0,135489.0,135489.0,135489.0,135490.0,135490.0,135490.0,135490.0,135491.0,135491.0,135492.0,135492.0,135493.0,135494.0,135494.0,135496.0,135496.0,135496.0,135497.0,135497.0,135497.0,135497.0,135498.0,135498.0,135498.0,135498.0,135498.0,135499.0,135499.0,135500.0,135500.0,135500.0,135500.0,135500.0,135500.0,,,,,,,,,135504.0,135505.0,135505.0,135505.0,135506.0,135506.0,135506.0,135506.0,135506.0,135506.0,135506.0,135506.0,135506.0,135506.0,135506.0,135506.0,135507.0,135507.0,135507.0,135508.0,135508.0,135509.0,135509.0,135509.0,135510.0,135511.0,135511.0,135511.0,135512.0,135512.0,135512.0,135512.0,135512.0,135512.0,135512.0,135512.0,135512.0,135512.0,135512.0,135512.0,135512.0,135512.0,135513.0,135513.0,135513.0,135513.0,135513.0,135513.0,135513.0,135513.0,135513.0,135513.0,135514.0,135514.0,135515.0,135515.0,135515.0,135515.0,135515.0,135515.0,135515.0,135517.0,135517.0,135519.0,135519.0,135519.0,135521.0,135522.0,135522.0,135522.0,135522.0,135522
UZMbaY1SBZ8,157550.0,157576.0,157629.0,157668.0,157710.0,157739.0,157766.0,157785.0,157813.0,157848.0,157882.0,157911.0,157946.0,157967.0,158001.0,158030.0,158067.0,158127.0,158154.0,158185.0,158210.0,158233.0,158273.0,158314.0,158348.0,158381.0,158406.0,158441.0,158480.0,158503.0,158528.0,158561.0,158590.0,158616.0,158639.0,158672.0,158690.0,158728.0,158768.0,158983.0,159056.0,159089.0,159113.0,159141.0,159173.0,159203.0,159241.0,159269.0,159294.0,159327.0,159554.0,159596.0,159617.0,159648.0,159695.0,159727.0,159760.0,159785.0,159806.0,159837.0,159867.0,159898.0,159936.0,159955.0,160000.0,160023.0,160043.0,160083.0,160110.0,160145.0,160180.0,160208.0,160249.0,160278.0,160291.0,160315.0,160350.0,160364.0,160385.0,160407.0,160435.0,160461.0,160485.0,160512.0,160553.0,160586.0,160631.0,160662.0,160683.0,160706.0,160730.0,160762.0,160787.0,160816.0,160845.0,160875.0,160887.0,160911.0,160934.0,160951.0,160979.0,161006.0,161026.0,161044.0,161058.0,161076.0,161093.0,161121.0,161148.0,161164.0,161182.0,161201.0,161224.0,161244.0,161263.0,161288.0,161307.0,161320.0,161341.0,161356.0,161380.0,161399.0,161422.0,161449.0,161469.0,161500.0,161510.0,161543.0,161558.0,161588.0,161603.0,161623.0,161641.0,161665.0,,,,,,,,,163661.0,163882.0,163977.0,164071.0,164156.0,164204.0,164250.0,164358.0,164558.0,164699.0,164779.0,164822.0,164867.0,164913.0,164985.0,165013.0,165063.0,165098.0,165130.0,165173.0,165289.0,165378.0,165415.0,165474.0,165507.0,165544.0,165589.0,165624.0,165654.0,165680.0,165710.0,165737.0,165768.0,165795.0,165831.0,165888.0,165915.0,165949.0,165980.0,166011.0,166039.0,166064.0,166088.0,166127.0,166167.0,166203.0,166233.0,166259.0,166291.0,166320.0,166379.0,166415.0,166465.0,166504.0,166535.0,166583.0,166637.0,166690.0,166729.0,166775.0,166819.0,166848.0,166888.0,166932.0,166971.0,167014.0,167098.0,167192.0,167266.0,167312.0,167352.0,167401
pitlrnbtzpQ,33100.0,33102.0,33109.0,33112.0,33113.0,33118.0,33123.0,33127.0,33132.0,33135.0,33141.0,33147.0,33155.0,33155.0,33162.0,33166.0,33171.0,33177.0,33182.0,33185.0,33188.0,33190.0,33192.0,33199.0,33204.0,33207.0,33211.0,33214.0,33221.0,33231.0,33235.0,33246.0,33252.0,33260.0,33263.0,33270.0,33276.0,33286.0,33287.0,33295.0,33300.0,33303.0,33309.0,33314.0,33320.0,33322.0,33328.0,33334.0,33336.0,33339.0,33346.0,33350.0,33354.0,33358.0,33366.0,33371.0,33378.0,33383.0,33384.0,33388.0,33391.0,33394.0,33396.0,33400.0,33408.0,33409.0,33413.0,33416.0,33422.0,33426.0,33429.0,33432.0,33434.0,33434.0,33439.0,33443.0,33449.0,33451.0,33453.0,33453.0,33457.0,33463.0,33469.0,33476.0,33489.0,33499.0,33506.0,33508.0,33512.0,33513.0,33513.0,33517.0,33518.0,33523.0,33531.0,33535.0,33537.0,33542.0,33544.0,33549.0,33553.0,33560.0,33564.0,33565.0,33568.0,33575.0,33583.0,33590.0,33592.0,33593.0,33594.0,33598.0,33605.0,33608.0,33613.0,33618.0,33619.0,33620.0,33623.0,33631.0,33634.0,33640.0,33645.0,33651.0,33655.0,33662.0,33664.0,33669.0,33676.0,33682.0,33684.0,33690.0,33694.0,33697.0,,,,,,,,,33864.0,33897.0,33901.0,33906.0,33917.0,33922.0,33928.0,33931.0,33944.0,33963.0,33973.0,33976.0,33985.0,33991.0,33996.0,34001.0,34005.0,34008.0,34013.0,34019.0,34024.0,34028.0,34034.0,34045.0,34050.0,34056.0,34059.0,34063.0,34066.0,34072.0,34078.0,34084.0,34097.0,34103.0,34107.0,34113.0,34121.0,34124.0,34129.0,34135.0,34138.0,34142.0,34148.0,34156.0,34163.0,34164.0,34167.0,34169.0,34172.0,34178.0,34184.0,34190.0,34193.0,34196.0,34200.0,34206.0,34213.0,34220.0,34224.0,34229.0,34236.0,34239.0,34245.0,34251.0,34254.0,34259.0,34273.0,34293.0,34298.0,34302.0,34308.0,34311
N0pGnRX1mb8,4796330.0,4796352.0,4796372.0,4796390.0,4796415.0,4796431.0,4796446.0,4796463.0,4796487.0,4796509.0,4796525.0,4796543.0,4796559.0,4796582.0,4796599.0,4796615.0,4796633.0,4796647.0,4796660.0,4796673.0,4796689.0,4796703.0,4796719.0,4796732.0,4796755.0,4796777.0,4796793.0,4796815.0,4796830.0,4796842.0,4796861.0,4796872.0,4796887.0,4796926.0,4796954.0,4797002.0,4797029.0,4797055.0,4797079.0,4797104.0,4797127.0,4797150.0,4797176.0,4797202.0,4797223.0,4797253.0,4797275.0,4797308.0,4797340.0,4797361.0,4797371.0,4797391.0,4797423.0,4797438.0,4797466.0,4797492.0,4797523.0,4797555.0,4797586.0,4797641.0,4797684.0,4797742.0,4797780.0,4797844.0,4797948.0,4797995.0,4798043.0,4798078.0,4798122.0,4798168.0,4798216.0,4798248.0,4798285.0,4798315.0,4798338.0,4798365.0,4798398.0,4798420.0,4798449.0,4798484.0,4798515.0,4798539.0,4798581.0,4798628.0,4798659.0,4798679.0,4798708.0,4798730.0,4798748.0,4798773.0,4798793.0,4798824.0,4798854.0,4798876.0,4798891.0,4798914.0,4798932.0,4798950.0,4798968.0,4798992.0,4799013.0,4799030.0,4799051.0,4799073.0,4799086.0,4799100.0,4799113.0,4799136.0,4799154.0,4799176.0,4799199.0,4799216.0,4799232.0,4799256.0,4799279.0,4799303.0,4799312.0,4799331.0,4799350.0,4799362.0,4799380.0,4799396.0,4799413.0,4799423.0,4799431.0,4799457.0,4799474.0,4799488.0,4799505.0,4799523.0,4799532.0,4799541.0,4799559.0,4799565.0,,,,,,,,,4799698.0,4799717.0,4799731.0,4799745.0,4799768.0,4799780.0,4799793.0,4799802.0,4799815.0,4799833.0,4799849.0,4799865.0,4799884.0,4799900.0,4799921.0,4799933.0,4799942.0,4799959.0,4799977.0,4799999.0,4800018.0,4800035.0,4800045.0,4800064.0,4800082.0,4800115.0,4800149.0,4800183.0,4800221.0,4800256.0,4800288.0,4800329.0,4800355.0,4800396.0,4800421.0,4800450.0,4800475.0,4800509.0,4800532.0,4800567.0,4800604.0,4800629.0,4800651.0,4800675.0,4800717.0,4800745.0,4800770.0,4800801.0,4800834.0,4800865.0,4800890.0,4800912.0,4800945.0,4800975.0,4801002.0,4801028.0,4801057.0,4801084.0,4801113.0,4801143.0,4801173.0,4801194.0,4801215.0,4801245.0,4801269.0,4801294.0,4801326.0,4801353.0,4801376.0,4801402.0,4801420.0,4801435
R9At2ICm4LQ,85337427.0,85349236.0,85362573.0,85375910.0,85389803.0,85402965.0,85415617.0,85428660.0,85442449.0,85455941.0,85470029.0,85482932.0,85496213.0,85509659.0,85524704.0,85538306.0,85551439.0,85563950.0,85576978.0,85590830.0,85604623.0,85619333.0,85636028.0,85652219.0,85667353.0,85682399.0,85696399.0,85710400.0,85724304.0,85737319.0,85749795.0,85762303.0,85774818.0,85787183.0,85800635.0,85814128.0,85828759.0,85842737.0,85856926.0,85872146.0,85887014.0,85900374.0,85913026.0,85925969.0,85938981.0,85951942.0,85964527.0,85977237.0,85989598.0,86002202.0,86014151.0,86026619.0,86039001.0,86052399.0,86067821.0,86081954.0,86096076.0,86109617.0,86122591.0,86135571.0,86147905.0,86162068.0,86175998.0,86189800.0,86201892.0,86212804.0,86223897.0,86236212.0,86247550.0,86261526.0,86274707.0,86286692.0,86298693.0,86310165.0,86321569.0,86333823.0,86346961.0,86360503.0,86374164.0,86386939.0,86398618.0,86410359.0,86422486.0,86434838.0,86446915.0,86459721.0,86472107.0,86484230.0,86495363.0,86506129.0,86517148.0,86528303.0,86541546.0,86554558.0,86566324.0,86577036.0,86587812.0,86598036.0,86609011.0,86620382.0,86632132.0,86644170.0,86656073.0,86666865.0,86677828.0,86688424.0,86698332.0,86708458.0,86718935.0,86730196.0,86742186.0,86754897.0,86768686.0,86782185.0,86793828.0,86804589.0,86815212.0,86825714.0,86836182.0,86846078.0,86856434.0,86866771.0,86876904.0,86887477.0,86897986.0,86908805.0,86920384.0,86931531.0,86942811.0,86953721.0,86964196.0,86974829.0,86985412.0,86996427.0,,,,,,,,,87113781.0,87126665.0,87139381.0,87151818.0,87166471.0,87179898.0,87193397.0,87210056.0,87231581.0,87252696.0,87271695.0,87289681.0,87311938.0,87333020.0,87352366.0,87371055.0,87388542.0,87402134.0,87419905.0,87434437.0,87445819.0,87457058.0,87468081.0,87479722.0,87491509.0,87502842.0,87514839.0,87526944.0,87538100.0,87549242.0,87560903.0,87572518.0,87584022.0,87595687.0,87606994.0,87618551.0,87629839.0,87641196.0,87653651.0,87666140.0,87678041.0,87689936.0,87701952.0,87712781.0,87723938.0,87735334.0,87746875.0,87758742.0,87770418.0,87781469.0,87792230.0,87803315.0,87814623.0,87827158.0,87838935.0,87851094.0,87862475.0,87873327.0,87885224.0,87897810.0,87910241.0,87921470.0,87932589.0,87943793.0,87954549.0,87966677.0,87979397.0,87990971.0,88001615.0,88012743.0,88023553.0,88034608
M_nUKUoItu4,643798.0,644067.0,644337.0,644655.0,644922.0,645194.0,645453.0,645761.0,646063.0,646331.0,646563.0,646862.0,647101.0,647450.0,647785.0,648117.0,648426.0,648718.0,649084.0,649457.0,649789.0,650089.0,650406.0,650676.0,650914.0,651172.0,651409.0,651685.0,651946.0,652215.0,652454.0,652719.0,652990.0,653264.0,653583.0,653904.0,654182.0,654473.0,654659.0,654925.0,655196.0,655456.0,655721.0,655999.0,656257.0,656485.0,656736.0,657005.0,657296.0,657633.0,657963.0,658201.0,658477.0,658785.0,659088.0,659386.0,659661.0,660005.0,660290.0,660533.0,660859.0,661140.0,661423.0,661650.0,661931.0,662179.0,662438.0,662698.0,662933.0,663242.0,663564.0,663824.0,664047.0,664290.0,664534.0,664791.0,665129.0,665441.0,665741.0,666051.0,666304.0,666534.0,666829.0,667193.0,667509.0,667805.0,668081.0,668357.0,668613.0,668875.0,669153.0,669446.0,669795.0,670105.0,670392.0,670664.0,670960.0,671207.0,671468.0,671731.0,671954.0,672160.0,672456.0,672727.0,672983.0,673302.0,673523.0,673740.0,673959.0,674224.0,674498.0,674805.0,675039.0,675347.0,675614.0,675874.0,676095.0,676335.0,676594.0,676830.0,677095.0,677345.0,677602.0,677861.0,678167.0,678428.0,678743.0,679087.0,679370.0,679680.0,679978.0,680242.0,680516.0,680803.0,,,,,,,,,683248.0,683516.0,683778.0,684055.0,684376.0,684692.0,685033.0,685276.0,685553.0,685827.0,686163.0,686411.0,686747.0,687083.0,687337.0,687596.0,687816.0,688060.0,688338.0,688591.0,688866.0,689127.0,689382.0,689647.0,689956.0,690184.0,690456.0,690695.0,691007.0,691277.0,691519.0,691811.0,692062.0,692361.0,692631.0,692854.0,693078.0,693358.0,693646.0,693908.0,694202.0,694516.0,694768.0,695050.0,695361.0,695596.0,695875.0,696141.0,696392.0,696706.0,696945.0,697191.0,697485.0,697818.0,698094.0,698367.0,698638.0,698944.0,699239.0,699601.0,699944.0,700211.0,700474.0,700733.0,700995.0,701314.0,701669.0,701980.0,702228.0,702502.0,702771.0,703076
Ut1OzEVUiM4,36427964.0,36429581.0,36431376.0,36433171.0,36434996.0,36436630.0,36438276.0,36440034.0,36441893.0,36443824.0,36445676.0,36447262.0,36448883.0,36450494.0,36452061.0,36453716.0,36455265.0,36456710.0,36458154.0,36459643.0,36461146.0,36462727.0,36464280.0,36465834.0,36467330.0,36468841.0,36471859.0,36473323.0,36474663.0,36476042.0,36477461.0,36478911.0,36480307.0,36481769.0,36483279.0,36484837.0,36486374.0,36487954.0,36489613.0,36491218.0,36492693.0,36494112.0,36495536.0,36497083.0,36498695.0,36500319.0,36501812.0,36503534.0,36505035.0,36506456.0,36507834.0,36509308.0,36510643.0,36512038.0,36513551.0,36515039.0,36516497.0,36518001.0,36519462.0,36520980.0,36522399.0,36523926.0,36525491.0,36527001.0,36528461.0,36529845.0,36531253.0,36532736.0,36533977.0,36535618.0,36537006.0,36538675.0,36540222.0,36541622.0,36543038.0,36544503.0,36545852.0,36547277.0,36548862.0,36550149.0,36551647.0,36553042.0,36554370.0,36555800.0,36557182.0,36558704.0,36560097.0,36561466.0,36562854.0,36564169.0,36565516.0,36566857.0,36568365.0,36569906.0,36571483.0,36572928.0,36574264.0,36575516.0,36576801.0,36578133.0,36579399.0,36580679.0,36582133.0,36583302.0,36584545.0,36585774.0,36587025.0,36588240.0,36589520.0,36590813.0,36592079.0,36593389.0,36594734.0,36596243.0,36597714.0,36599083.0,36600341.0,36601596.0,36602819.0,36604016.0,36605176.0,36606379.0,36607581.0,36608757.0,36609962.0,36611214.0,36612589.0,36613983.0,36615368.0,36616651.0,36617894.0,36619063.0,36620195.0,36621280.0,,,,,,,,,36632303.0,36633673.0,36634946.0,36636240.0,36637549.0,36638813.0,36640113.0,36641559.0,36643054.0,36644391.0,36645695.0,36646908.0,36648329.0,36649678.0,36651084.0,36652538.0,36654011.0,36655466.0,36656957.0,36658420.0,36659748.0,36661135.0,36662496.0,36663811.0,36665032.0,36666352.0,36667609.0,36668925.0,36670353.0,36671629.0,36673420.0,36674899.0,36676153.0,36677413.0,36678974.0,36680525.0,36681919.0,36683145.0,36684563.0,36685929.0,36687233.0,36688572.0,36690048.0,36691259.0,36692600.0,36693803.0,36695068.0,36696411.0,36697735.0,36699052.0,36700335.0,36701615.0,36702822.0,36704098.0,36705309.0,36706519.0,36707773.0,36708991.0,36710284.0,36711557.0,36712901.0,36714162.0,36715359.0,36716664.0,36717880.0,36719179.0,36720389.0,36721627.0,36722856.0,36724066.0,36725311.0,36726660
V8Tj4A2Xqkg,670810.0,670810.0,670810.0,670810.0,670811.0,670812.0,670812.0,670813.0,670813.0,670814.0,670814.0,670814.0,670814.0,670818.0,670821.0,670821.0,670823.0,670823.0,670823.0,670825.0,670832.0,670833.0,670835.0,670835.0,670835.0,670836.0,670836.0,670837.0,670839.0,670840.0,670839.0,670840.0,670840.0,670840.0,670840.0,670841.0,670843.0,670843.0,670844.0,670844.0,670844.0,670845.0,670845.0,670846.0,670846.0,670847.0,670847.0,670847.0,670848.0,670849.0,670850.0,670850.0,670851.0,670851.0,670851.0,670852.0,670854.0,670854.0,670854.0,670855.0,670855.0,670855.0,670856.0,670857.0,670858.0,670859.0,670859.0,670860.0,670860.0,670861.0,670862.0,670862.0,670862.0,670862.0,670865.0,670866.0,670869.0,670870.0,670871.0,670871.0,670871.0,670871.0,670871.0,670871.0,670871.0,670871.0,670871.0,670872.0,670872.0,670873.0,670874.0,670874.0,670875.0,670877.0,670877.0,670878.0,670878.0,670878.0,670881.0,670881.0,670881.0,670884.0,670884.0,670884.0,670884.0,670884.0,670884.0,670884.0,670884.0,670886.0,670886.0,670887.0,670888.0,670888.0,670888.0,670888.0,670889.0,670889.0,670889.0,670890.0,670892.0,670893.0,670893.0,670893.0,670897.0,670899.0,670899.0,670900.0,670900.0,670900.0,670900.0,670901.0,670901.0,670902.0,,,,,,,,,670909.0,670909.0,670911.0,670911.0,670911.0,670914.0,670914.0,670914.0,670914.0,670916.0,670917.0,670917.0,670917.0,670917.0,670918.0,670918.0,670919.0,670919.0,670921.0,670921.0,670921.0,670921.0,670922.0,670922.0,670923.0,670924.0,670924.0,670924.0,670924.0,670924.0,670924.0,670927.0,670929.0,670930.0,670932.0,670932.0,670933.0,670938.0,670939.0,670939.0,670939.0,670939.0,670940.0,670941.0,670942.0,670943.0,670943.0,670944.0,670944.0,670944.0,670944.0,670945.0,670947.0,670947.0,670947.0,670947.0,670947.0,670948.0,670950.0,670951.0,670952.0,670954.0,670956.0,670956.0,670956.0,670957.0,670958.0,670960.0,670960.0,670960.0,670960.0,670961
50qKe8gZPgI,243910.0,243910.0,243911.0,243911.0,243912.0,243912.0,243913.0,243915.0,243916.0,243918.0,243919.0,243920.0,243920.0,243921.0,243923.0,243923.0,243925.0,243926.0,243929.0,243932.0,243934.0,243940.0,243940.0,243940.0,243941.0,243941.0,243943.0,243943.0,243943.0,243944.0,243947.0,243950.0,243953.0,243954.0,243954.0,243954.0,243955.0,243956.0,243956.0,243957.0,243958.0,243961.0,243963.0,243963.0,243965.0,243965.0,243965.0,243967.0,243969.0,243969.0,243970.0,243970.0,243972.0,243972.0,243973.0,243974.0,243975.0,243975.0,243975.0,243976.0,243977.0,243978.0,243981.0,243981.0,243983.0,243984.0,243984.0,243985.0,243986.0,243986.0,243986.0,243986.0,243987.0,243988.0,243989.0,243990.0,243993.0,243996.0,243998.0,243999.0,243999.0,243999.0,243999.0,244000.0,244000.0,244000.0,244000.0,244000.0,244000.0,244001.0,244002.0,244005.0,244005.0,244003.0,244003.0,244004.0,244005.0,244005.0,244007.0,244008.0,244010.0,244010.0,244011.0,244011.0,244011.0,244012.0,244013.0,244013.0,244013.0,244013.0,244016.0,244017.0,244017.0,244017.0,244019.0,244021.0,244021.0,244022.0,244024.0,244026.0,244026.0,244026.0,244027.0,244028.0,244032.0,244033.0,244033.0,244034.0,244034.0,244034.0,244034.0,244035.0,244035.0,244039.0,,,,,,,,,244064.0,244066.0,244067.0,244069.0,244071.0,244074.0,244074.0,244074.0,244075.0,244079.0,244080.0,244081.0,244081.0,244081.0,244081.0,244084.0,244085.0,244086.0,244088.0,244090.0,244094.0,244098.0,244098.0,244100.0,244101.0,244101.0,244107.0,244111.0,244113.0,244114.0,244115.0,244116.0,244116.0,244119.0,244121.0,244126.0,244128.0,244131.0,244135.0,244137.0,244140.0,244146.0,244149.0,244151.0,244153.0,244154.0,244158.0,244163.0,244169.0,244170.0,244171.0,244174.0,244175.0,244176.0,244180.0,244184.0,244187.0,244191.0,244199.0,244204.0,244208.0,244211.0,244215.0,244217.0,244217.0,244222.0,244224.0,244226.0,244228.0,244229.0,244229.0,244233
lUqQ2Yeh250,58155.0,58158.0,58167.0,58174.0,58180.0,58187.0,58197.0,58213.0,58216.0,58219.0,58224.0,58229.0,58238.0,58246.0,58250.0,58256.0,58259.0,58266.0,58268.0,58275.0,58286.0,58290.0,58294.0,58296.0,58307.0,58311.0,58319.0,58327.0,58332.0,58345.0,58352.0,58355.0,58362.0,58365.0,58376.0,58381.0,58390.0,58398.0,58400.0,58406.0,58415.0,58423.0,58431.0,58435.0,58443.0,58445.0,58452.0,58456.0,58460.0,58470.0,58475.0,58480.0,58484.0,58489.0,58495.0,58501.0,58513.0,58515.0,58520.0,58520.0,58521.0,58529.0,58536.0,58540.0,58548.0,58549.0,58559.0,58565.0,58567.0,58577.0,58582.0,58590.0,58595.0,58599.0,58602.0,58604.0,58610.0,58610.0,58612.0,58624.0,58634.0,58643.0,58641.0,58649.0,58650.0,58656.0,58665.0,58672.0,58678.0,58684.0,58691.0,58695.0,58699.0,58706.0,58708.0,58713.0,58719.0,58728.0,58735.0,58741.0,58749.0,58750.0,58754.0,58760.0,58766.0,58768.0,58770.0,58774.0,58778.0,58780.0,58788.0,58789.0,58794.0,58804.0,58813.0,58820.0,58830.0,58842.0,58849.0,58854.0,58866.0,58872.0,58878.0,58882.0,58882.0,58886.0,58893.0,58899.0,58906.0,58913.0,58921.0,58923.0,58929.0,58941.0,,,,,,,,,58979.0,58983.0,58984.0,58987.0,58997.0,59003.0,59010.0,59016.0,59021.0,59024.0,59028.0,59035.0,59039.0,59049.0,59052.0,59061.0,59065.0,59067.0,59075.0,59079.0,59091.0,59099.0,59103.0,59106.0,59111.0,59114.0,59118.0,59122.0,59126.0,59130.0,59140.0,59142.0,59157.0,59163.0,59171.0,59176.0,59184.0,59190.0,59193.0,59201.0,59210.0,59215.0,59224.0,59228.0,59233.0,59242.0,59246.0,59251.0,59255.0,59266.0,59271.0,59274.0,59281.0,59290.0,59295.0,59299.0,59310.0,59318.0,59326.0,59333.0,59351.0,59356.0,59356.0,59364.0,59374.0,59378.0,59391.0,59399.0,59403.0,59409.0,59415.0,59420
dTX-6WdiXx8,599562.0,599619.0,599670.0,599718.0,599771.0,599830.0,599894.0,599942.0,599997.0,600063.0,600110.0,600161.0,600210.0,600245.0,600295.0,600344.0,600396.0,600454.0,600500.0,600564.0,600622.0,600666.0,600725.0,600767.0,600817.0,600857.0,600906.0,600968.0,601035.0,601090.0,601149.0,601203.0,601260.0,601305.0,601376.0,601431.0,601485.0,601553.0,601604.0,601664.0,601733.0,601798.0,601863.0,601928.0,601995.0,602064.0,602111.0,602170.0,602221.0,602285.0,602330.0,602373.0,602437.0,602489.0,602559.0,602598.0,602655.0,602719.0,602764.0,602814.0,602872.0,602917.0,602960.0,603043.0,603097.0,603171.0,603223.0,603285.0,603350.0,603435.0,603491.0,603547.0,603611.0,603672.0,603723.0,603797.0,603866.0,603921.0,603982.0,604036.0,604086.0,604143.0,604206.0,604264.0,604318.0,604378.0,604424.0,604482.0,604550.0,604602.0,604666.0,604750.0,604816.0,604876.0,604936.0,604994.0,605045.0,605105.0,605171.0,605233.0,605285.0,605325.0,605385.0,605424.0,605482.0,605538.0,605595.0,605641.0,605689.0,605735.0,605784.0,605833.0,605900.0,605957.0,606019.0,606058.0,606117.0,606169.0,606235.0,606294.0,606348.0,606388.0,606448.0,606515.0,606559.0,606626.0,606679.0,606744.0,606803.0,606864.0,606937.0,606975.0,607050.0,607085.0,,,,,,,,,607864.0,608085.0,608324.0,608578.0,608784.0,609269.0,609726.0,610096.0,610322.0,610393.0,610471.0,610544.0,610605.0,610695.0,610787.0,610868.0,610914.0,610954.0,611005.0,611063.0,611115.0,611165.0,611233.0,611293.0,611358.0,611423.0,611492.0,611564.0,611638.0,611706.0,611800.0,611876.0,611940.0,612009.0,612079.0,612135.0,612205.0,612267.0,612341.0,612393.0,612454.0,612527.0,612619.0,612680.0,612717.0,612782.0,612839.0,612908.0,612990.0,613060.0,613129.0,613191.0,613254.0,613326.0,613401.0,613464.0,613520.0,613588.0,613660.0,613728.0,613803.0,613855.0,613908.0,613978.0,614048.0,614123.0,614181.0,614254.0,614319.0,614381.0,614442.0,614505
oAbhfMWvcZs,6043636.0,6044007.0,6044531.0,6044961.0,6045525.0,6045973.0,6046487.0,6046915.0,6047598.0,6048333.0,6049311.0,6049940.0,6050493.0,6051110.0,6052214.0,6054621.0,6056605.0,6058275.0,6059788.0,6061855.0,6064854.0,6067587.0,6070241.0,6071808.0,6073212.0,6074608.0,6076959.0,6078979.0,6081431.0,6083892.0,6086012.0,6088436.0,6090578.0,6092254.0,6094227.0,6096181.0,6097945.0,6099156.0,6100243.0,6101753.0,6103527.0,6104752.0,6105710.0,6106614.0,6108437.0,6110169.0,6111177.0,6112431.0,6113642.0,6114705.0,6115560.0,6116647.0,6117685.0,6119280.0,6120928.0,6122409.0,6123957.0,6126116.0,6128340.0,6130310.0,6132339.0,6134295.0,6136986.0,6139247.0,6141440.0,6143137.0,6144437.0,6146006.0,6147874.0,6150255.0,6152183.0,6153691.0,6155484.0,6157118.0,6158703.0,6160335.0,6162066.0,6163960.0,6165574.0,6167334.0,6169087.0,6171238.0,6173683.0,6176083.0,6178062.0,6180241.0,6182228.0,6183943.0,6185928.0,6188176.0,6190234.0,6192050.0,6194425.0,6196259.0,6197965.0,6199982.0,6201903.0,6203854.0,6205991.0,6208005.0,6209930.0,6211675.0,6213619.0,6215617.0,6217729.0,6219673.0,6222031.0,6223734.0,6225206.0,6227105.0,6228902.0,6230758.0,6232636.0,6234581.0,6236235.0,6237569.0,6239156.0,6240875.0,6242846.0,6244673.0,6246045.0,6247961.0,6249696.0,6250945.0,6252179.0,6254119.0,6255779.0,6257529.0,6259270.0,6260781.0,6262073.0,6263778.0,6265394.0,6266621.0,,,,,,,,,6277406.0,6278589.0,6279667.0,6280906.0,6281909.0,6282920.0,6283928.0,6284962.0,6285700.0,6286263.0,6286777.0,6287355.0,6287868.0,6288284.0,6288743.0,6289091.0,6289531.0,6289908.0,6290287.0,6290907.0,6291833.0,6292685.0,6293552.0,6294741.0,6295746.0,6297027.0,6298465.0,6300031.0,6301427.0,6302653.0,6304039.0,6305400.0,6306842.0,6308248.0,6309412.0,6310631.0,6311814.0,6312941.0,6313987.0,6315106.0,6316548.0,6317781.0,6318966.0,6320129.0,6321449.0,6322861.0,6324222.0,6325542.0,6326751.0,6327940.0,6328958.0,6330333.0,6331678.0,6332841.0,6333935.0,6335219.0,6336407.0,6337553.0,6338662.0,6340007.0,6341103.0,6342063.0,6343313.0,6344371.0,6345882.0,6347198.0,6348786.0,6350227.0,6351191.0,6352479.0,6353919.0,6355159
XQX8bttrfpc,757872.0,757959.0,758052.0,758155.0,758252.0,758345.0,758432.0,758530.0,758620.0,758708.0,758799.0,758870.0,758948.0,759030.0,759117.0,759211.0,759324.0,759425.0,759504.0,759617.0,759717.0,759821.0,759919.0,759990.0,760062.0,760142.0,760229.0,760333.0,760431.0,760522.0,760625.0,760715.0,760816.0,760906.0,760999.0,761094.0,761201.0,761305.0,761399.0,761478.0,761565.0,761661.0,761768.0,761859.0,761955.0,762050.0,762149.0,762223.0,762326.0,762422.0,762504.0,762611.0,762713.0,762811.0,762901.0,762985.0,763084.0,763181.0,763255.0,763328.0,763436.0,763508.0,763607.0,763713.0,763804.0,763889.0,763963.0,764039.0,764143.0,764242.0,764341.0,764434.0,764548.0,764631.0,764707.0,764799.0,764894.0,764983.0,765072.0,765180.0,765261.0,765356.0,765429.0,765529.0,765653.0,765767.0,765857.0,765941.0,766068.0,766151.0,766219.0,766305.0,766390.0,766503.0,766586.0,766671.0,766732.0,766792.0,766858.0,766938.0,767042.0,767126.0,767193.0,767277.0,767360.0,767453.0,767527.0,767626.0,767686.0,767758.0,767844.0,767917.0,768005.0,768098.0,768182.0,768254.0,768345.0,768433.0,768515.0,768595.0,768671.0,768752.0,768827.0,768913.0,768981.0,769058.0,769138.0,769234.0,769312.0,769376.0,769459.0,769555.0,769638.0,769722.0,,,,,,,,,770422.0,770572.0,770759.0,770988.0,771161.0,771332.0,771498.0,771676.0,771932.0,772037.0,772136.0,772236.0,772337.0,772427.0,772520.0,772611.0,772665.0,772722.0,772801.0,772864.0,772943.0,773007.0,773097.0,773169.0,773265.0,773347.0,773444.0,773555.0,773649.0,773731.0,773848.0,773946.0,774039.0,774173.0,774272.0,774362.0,774464.0,774553.0,774667.0,774754.0,774829.0,774911.0,774989.0,775080.0,775180.0,775290.0,775380.0,775464.0,775557.0,775650.0,775748.0,775822.0,775894.0,776020.0,776126.0,776223.0,776305.0,776394.0,776478.0,776566.0,776648.0,776723.0,776792.0,776864.0,776939.0,777004.0,777100.0,777177.0,777264.0,777361.0,777443.0,777517
ALpWogWxT-E,10732607.0,10732629.0,10732637.0,10732657.0,10732676.0,10732695.0,10732708.0,10732720.0,10732741.0,10732759.0,10732789.0,10732800.0,10732820.0,10732828.0,10732848.0,10732863.0,10732884.0,10732900.0,10732913.0,10732932.0,10732956.0,10732974.0,10732994.0,10733014.0,10733021.0,10733036.0,10733052.0,10733061.0,10733076.0,10733091.0,10733109.0,10733131.0,10733145.0,10733164.0,10733183.0,10733203.0,10733217.0,10733226.0,10733249.0,10733255.0,10733267.0,10733276.0,10733293.0,10733309.0,10733323.0,10733340.0,10733363.0,10733380.0,10733390.0,10733403.0,10733416.0,10733434.0,10733443.0,10733460.0,10733469.0,10733486.0,10733500.0,10733519.0,10733529.0,10733542.0,10733559.0,10733566.0,10733580.0,10733594.0,10733621.0,10733633.0,10733645.0,10733656.0,10733668.0,10733673.0,10733686.0,10733698.0,10733707.0,10733713.0,10733731.0,10733736.0,10733745.0,10733753.0,10733764.0,10733784.0,10733807.0,10733824.0,10733838.0,10733848.0,10733861.0,10733879.0,10733896.0,10733911.0,10733924.0,10733932.0,10733949.0,10733964.0,10733973.0,10733986.0,10733999.0,10734009.0,10734026.0,10734041.0,10734052.0,10734062.0,10734079.0,10734090.0,10734100.0,10734107.0,10734118.0,10734127.0,10734142.0,10734151.0,10734163.0,10734171.0,10734181.0,10734188.0,10734201.0,10734210.0,10734224.0,10734240.0,10734254.0,10734272.0,10734277.0,10734292.0,10734302.0,10734323.0,10734339.0,10734352.0,10734366.0,10734375.0,10734384.0,10734395.0,10734404.0,10734421.0,10734427.0,10734440.0,10734453.0,10734458.0,,,,,,,,,10734556.0,10734567.0,10734579.0,10734593.0,10734605.0,10734620.0,10734633.0,10734651.0,10734668.0,10734682.0,10734691.0,10734710.0,10734726.0,10734740.0,10734756.0,10734765.0,10734774.0,10734784.0,10734805.0,10734811.0,10734826.0,10734836.0,10734849.0,10734857.0,10734870.0,10734878.0,10734892.0,10734909.0,10734919.0,10734929.0,10734941.0,10734957.0,10734970.0,10734988.0,10734993.0,10735011.0,10735030.0,10735041.0,10735056.0,10735064.0,10735079.0,10735094.0,10735102.0,10735112.0,10735122.0,10735127.0,10735136.0,10735141.0,10735158.0,10735167.0,10735173.0,10735178.0,10735193.0,10735206.0,10735214.0,10735223.0,10735228.0,10735240.0,10735248.0,10735255.0,10735265.0,10735275.0,10735283.0,10735293.0,10735313.0,10735324.0,10735332.0,10735339.0,10735347.0,10735362.0,10735376.0,10735391
arXoQLId0dk,12031334.0,12031354.0,12031379.0,12031403.0,12031419.0,12031434.0,12031451.0,12031467.0,12031485.0,12031503.0,12031524.0,12031540.0,12031557.0,12031581.0,12031600.0,12031608.0,12031623.0,12031644.0,12031665.0,12031689.0,12031714.0,12031732.0,12031748.0,12031763.0,12031788.0,12031805.0,12031825.0,12031849.0,12031861.0,12031875.0,12031888.0,12031910.0,12031928.0,12031950.0,12031966.0,12031985.0,12032008.0,12032019.0,12032026.0,12032041.0,12032056.0,12032076.0,12032096.0,12032115.0,12032129.0,12032155.0,12032176.0,12032198.0,12032215.0,12032226.0,12032239.0,12032250.0,12032270.0,12032293.0,12032307.0,12032328.0,12032340.0,12032357.0,12032376.0,12032403.0,12032417.0,12032433.0,12032463.0,12032485.0,12032508.0,12032527.0,12032544.0,12032560.0,12032571.0,12032593.0,12032609.0,12032628.0,12032638.0,12032655.0,12032680.0,12032702.0,12032727.0,12032750.0,12032776.0,12032803.0,12032836.0,12032864.0,12032883.0,12032918.0,12032947.0,12032976.0,12032998.0,12033025.0,12033046.0,12033075.0,12033111.0,12033126.0,12033151.0,12033174.0,12033189.0,12033202.0,12033218.0,12033232.0,12033250.0,12033294.0,12033315.0,12033333.0,12033349.0,12033380.0,12033393.0,12033405.0,12033422.0,12033430.0,12033459.0,12033473.0,12033492.0,12033508.0,12033516.0,12033530.0,12033544.0,12033563.0,12033575.0,12033596.0,12033601.0,12033617.0,12033630.0,12033634.0,12033647.0,12033673.0,12033685.0,12033699.0,12033712.0,12033721.0,12033732.0,12033749.0,12033759.0,12033773.0,12033788.0,12033794.0,,,,,,,,,12033927.0,12033942.0,12033952.0,12033970.0,12033995.0,12034015.0,12034044.0,12034079.0,12034108.0,12034134.0,12034158.0,12034188.0,12034207.0,12034230.0,12034254.0,12034271.0,12034289.0,12034323.0,12034343.0,12034366.0,12034383.0,12034411.0,12034425.0,12034437.0,12034457.0,12034470.0,12034489.0,12034502.0,12034517.0,12034533.0,12034544.0,12034556.0,12034569.0,12034583.0,12034601.0,12034623.0,12034640.0,12034653.0,12034664.0,12034675.0,12034684.0,12034699.0,12034714.0,12034723.0,12034742.0,12034754.0,12034765.0,12034784.0,12034799.0,12034821.0,12034829.0,12034845.0,12034856.0,12034875.0,12034894.0,12034908.0,12034927.0,12034942.0,12034964.0,12034974.0,12034980.0,12034995.0,12035007.0,12035027.0,12035043.0,12035061.0,12035080.0,12035095.0,12035110.0,12035129.0,12035139.0,12035155
_6Xxlz0H-I0,524135.0,524411.0,524671.0,524946.0,525200.0,525423.0,525715.0,525979.0,526215.0,526502.0,526819.0,527030.0,527273.0,527530.0,527805.0,528044.0,528295.0,528512.0,528698.0,528899.0,529092.0,529301.0,529595.0,529812.0,530029.0,530239.0,530456.0,530678.0,530901.0,531143.0,531347.0,531613.0,531893.0,532125.0,532354.0,532637.0,532861.0,533089.0,533315.0,533563.0,533800.0,533991.0,534226.0,534452.0,534689.0,534954.0,535190.0,535414.0,535630.0,535831.0,536091.0,536280.0,536491.0,536700.0,536985.0,537194.0,537397.0,537651.0,537956.0,538228.0,538449.0,538668.0,538906.0,539127.0,539335.0,539549.0,539761.0,539968.0,540214.0,540447.0,540654.0,540837.0,541097.0,541325.0,541510.0,541741.0,541947.0,542154.0,542373.0,542560.0,542777.0,542949.0,543136.0,543348.0,543553.0,543776.0,543958.0,544154.0,544376.0,544582.0,544760.0,544941.0,545142.0,545326.0,545548.0,545768.0,545996.0,546202.0,546412.0,546629.0,546826.0,547046.0,547235.0,547414.0,547600.0,547799.0,547987.0,548338.0,548532.0,548704.0,548887.0,549083.0,549309.0,549495.0,549693.0,549888.0,550073.0,550265.0,550452.0,550679.0,550874.0,551077.0,551277.0,551478.0,551667.0,551892.0,552077.0,552270.0,552481.0,552663.0,552903.0,553124.0,553313.0,553488.0,,,,,,,,,555550.0,555764.0,556010.0,556240.0,556446.0,556680.0,556903.0,557118.0,557386.0,557639.0,557886.0,558080.0,558322.0,558617.0,558875.0,559116.0,559308.0,559559.0,559803.0,560056.0,560248.0,560524.0,560766.0,560973.0,561238.0,561427.0,561688.0,561928.0,562137.0,562330.0,562549.0,562753.0,562961.0,563180.0,563364.0,563544.0,563751.0,563939.0,564155.0,564321.0,564505.0,564684.0,564886.0,565067.0,565255.0,565448.0,565613.0,565764.0,565966.0,566179.0,566370.0,566595.0,566813.0,567042.0,567235.0,567468.0,567703.0,567872.0,568077.0,568256.0,568511.0,568729.0,568882.0,569069.0,569303.0,569589.0,569921.0,570266.0,570530.0,570813.0,571063.0,571284
tEjf_oy30yM,55086.0,55093.0,55096.0,55099.0,55108.0,55112.0,55118.0,55123.0,55127.0,55132.0,55135.0,55145.0,55149.0,55157.0,55164.0,55169.0,55180.0,55181.0,55187.0,55191.0,55200.0,55211.0,55216.0,55225.0,55238.0,55246.0,55248.0,55259.0,55267.0,55275.0,55284.0,55290.0,55293.0,55303.0,55306.0,55321.0,55325.0,55332.0,55340.0,55346.0,55352.0,55365.0,55376.0,55383.0,55386.0,55395.0,55403.0,55411.0,55418.0,55419.0,55423.0,55427.0,55434.0,55449.0,55454.0,55458.0,55461.0,55466.0,55471.0,55473.0,55478.0,55480.0,55488.0,55494.0,55499.0,55504.0,55509.0,55511.0,55513.0,55516.0,55521.0,55524.0,55532.0,55541.0,55543.0,55548.0,55555.0,55564.0,55568.0,55573.0,55577.0,55582.0,55586.0,55588.0,55590.0,55597.0,55601.0,55610.0,55617.0,55619.0,55621.0,55625.0,55629.0,55634.0,55638.0,55642.0,55646.0,55651.0,55654.0,55657.0,55662.0,55670.0,55675.0,55675.0,55680.0,55687.0,55691.0,55694.0,55697.0,55700.0,55703.0,55705.0,55709.0,55715.0,55717.0,55720.0,55727.0,55733.0,55737.0,55741.0,55743.0,55748.0,55752.0,55760.0,55765.0,55773.0,55774.0,55786.0,55794.0,55799.0,55802.0,55802.0,55808.0,55810.0,,,,,,,,,55843.0,55848.0,55849.0,55859.0,55864.0,55866.0,55872.0,55883.0,55898.0,55912.0,55922.0,55926.0,55930.0,55935.0,55937.0,55941.0,55942.0,55945.0,55950.0,55955.0,55963.0,55968.0,55974.0,55977.0,55983.0,55990.0,55994.0,55995.0,56002.0,56007.0,56010.0,56011.0,56013.0,56016.0,56021.0,56021.0,56027.0,56032.0,56036.0,56036.0,56040.0,56043.0,56044.0,56047.0,56052.0,56056.0,56062.0,56063.0,56067.0,56069.0,56073.0,56077.0,56081.0,56085.0,56091.0,56092.0,56094.0,56095.0,56100.0,56106.0,56116.0,56119.0,56120.0,56124.0,56127.0,56127.0,56132.0,56135.0,56138.0,56142.0,56143.0,56148
utChMM6U33Y,34233.0,34264.0,34292.0,34310.0,34334.0,34367.0,34392.0,34412.0,34437.0,34482.0,34500.0,34524.0,34546.0,34587.0,34619.0,34643.0,34668.0,34680.0,34712.0,34745.0,34772.0,34797.0,34813.0,34838.0,34861.0,34887.0,34904.0,34922.0,34949.0,34979.0,34999.0,35030.0,35056.0,35069.0,35094.0,35116.0,35142.0,35159.0,35183.0,35204.0,35224.0,35236.0,35260.0,35287.0,35307.0,35333.0,35359.0,35384.0,35407.0,35432.0,35454.0,35482.0,35502.0,35532.0,35561.0,35587.0,35617.0,35647.0,35679.0,35698.0,35724.0,35762.0,35785.0,35811.0,35830.0,35848.0,35867.0,35898.0,35907.0,35944.0,35975.0,36006.0,36046.0,36066.0,36097.0,36123.0,36147.0,36178.0,36204.0,36233.0,36250.0,36277.0,36308.0,36341.0,36371.0,36398.0,36418.0,36438.0,36460.0,36483.0,36502.0,36528.0,36555.0,36571.0,36595.0,36617.0,36646.0,36680.0,36701.0,36724.0,36747.0,36768.0,36799.0,36818.0,36836.0,36855.0,36883.0,36908.0,36925.0,36941.0,36965.0,36991.0,37017.0,37059.0,37080.0,37097.0,37125.0,37141.0,37164.0,37193.0,37217.0,37229.0,37244.0,37261.0,37271.0,37272.0,37272.0,37272.0,37272.0,37272.0,37272.0,37272.0,37272.0,37272.0,,,,,,,,,37272.0,37272.0,37272.0,37272.0,37272.0,37272.0,37272.0,37272.0,37272.0,37272.0,37272.0,37272.0,37272.0,37272.0,37272.0,37272.0,37272.0,37272.0,37272.0,37272.0,37272.0,37272.0,37272.0,37272.0,37272.0,37272.0,37272.0,37272.0,37272.0,37272.0,37272.0,37272.0,37272.0,37272.0,37272.0,37272.0,37272.0,37272.0,37272.0,37272.0,37272.0,37272.0,37272.0,37272.0,37272.0,37272.0,37272.0,37272.0,37272.0,37272.0,37272.0,37272.0,37272.0,37272.0,37272.0,37272.0,37272.0,37272.0,37272.0,37272.0,37272.0,37272.0,37272.0,37272.0,37272.0,37272.0,37272.0,37272.0,37272.0,37272.0,37272.0,37272
DDy4e7-u3iA,45785.0,45799.0,45816.0,45828.0,45848.0,45859.0,45884.0,45912.0,45926.0,45949.0,45966.0,45980.0,45990.0,46005.0,46023.0,46037.0,46075.0,46105.0,46125.0,46135.0,46145.0,46160.0,46180.0,46198.0,46213.0,46228.0,46240.0,46259.0,46276.0,46296.0,46318.0,46332.0,46341.0,46360.0,46376.0,46394.0,46402.0,46415.0,46429.0,46443.0,46454.0,46475.0,46491.0,46494.0,46519.0,46535.0,46555.0,46570.0,46585.0,46601.0,46614.0,46630.0,46658.0,46673.0,46688.0,46698.0,46718.0,46735.0,46750.0,46760.0,46781.0,46795.0,46812.0,46830.0,46843.0,46856.0,46887.0,46911.0,46926.0,46942.0,46958.0,46977.0,46995.0,47010.0,47029.0,47039.0,47060.0,47074.0,47102.0,47118.0,47139.0,47154.0,47166.0,47189.0,47206.0,47220.0,47239.0,47254.0,47275.0,47286.0,47303.0,47325.0,47345.0,47365.0,47382.0,47399.0,47409.0,47420.0,47442.0,47455.0,47479.0,47510.0,47531.0,47555.0,47565.0,47576.0,47591.0,47602.0,47611.0,47629.0,47642.0,47649.0,47661.0,47678.0,47690.0,47698.0,47714.0,47726.0,47740.0,47754.0,47766.0,47781.0,47797.0,47821.0,47839.0,47845.0,47864.0,47876.0,47903.0,47917.0,47933.0,47944.0,47964.0,47977.0,,,,,,,,,48120.0,48130.0,48152.0,48175.0,48195.0,48207.0,48233.0,48259.0,48297.0,48315.0,48328.0,48354.0,48372.0,48396.0,48426.0,48468.0,48489.0,48528.0,48562.0,48582.0,48603.0,48628.0,48648.0,48666.0,48686.0,48700.0,48718.0,48739.0,48746.0,48758.0,48768.0,48785.0,48806.0,48826.0,48836.0,48847.0,48866.0,48887.0,48899.0,48925.0,48957.0,48974.0,48983.0,48997.0,49021.0,49033.0,49046.0,49064.0,49078.0,49100.0,49119.0,49139.0,49167.0,49181.0,49205.0,49228.0,49245.0,49260.0,49276.0,49297.0,49315.0,49322.0,49339.0,49365.0,49380.0,49403.0,49429.0,49470.0,49495.0,49514.0,49537.0,49559
QP5Xh4kF9-g,359642.0,359683.0,359753.0,359798.0,359835.0,359875.0,359904.0,359933.0,359973.0,360013.0,360051.0,360082.0,360109.0,360147.0,360175.0,360204.0,360241.0,360275.0,360300.0,360315.0,360356.0,360390.0,360418.0,360460.0,360488.0,360512.0,360547.0,360567.0,360601.0,360629.0,360657.0,360682.0,360718.0,360740.0,360756.0,360771.0,360792.0,360816.0,360843.0,360862.0,360873.0,360898.0,360930.0,361016.0,361115.0,361192.0,361238.0,361293.0,361335.0,361385.0,361418.0,361451.0,361484.0,361509.0,361537.0,361566.0,361588.0,361612.0,361646.0,361680.0,361705.0,361726.0,361743.0,361770.0,361805.0,361831.0,361846.0,361869.0,361884.0,361931.0,361961.0,361987.0,362013.0,362045.0,362059.0,362085.0,362120.0,362139.0,362166.0,362189.0,362220.0,362249.0,362280.0,362296.0,362320.0,362336.0,362350.0,362369.0,362385.0,362403.0,362423.0,362440.0,362459.0,362474.0,362491.0,362503.0,362519.0,362533.0,362555.0,362576.0,362599.0,362617.0,362633.0,362655.0,362668.0,362683.0,362701.0,362721.0,362743.0,362759.0,362785.0,362819.0,362841.0,362854.0,362874.0,362892.0,362904.0,362924.0,362930.0,362939.0,362945.0,362959.0,362965.0,362982.0,363005.0,363021.0,363041.0,363060.0,363070.0,363082.0,363096.0,363108.0,363125.0,363134.0,,,,,,,,,363251.0,363263.0,363274.0,363288.0,363300.0,363312.0,363324.0,363341.0,363354.0,363368.0,363385.0,363399.0,363419.0,363435.0,363458.0,363475.0,363485.0,363498.0,363515.0,363534.0,363546.0,363561.0,363577.0,363590.0,363619.0,363635.0,363651.0,363667.0,363677.0,363688.0,363702.0,363712.0,363718.0,363732.0,363744.0,363764.0,363778.0,363793.0,363798.0,363807.0,363812.0,363817.0,363828.0,363849.0,363858.0,363879.0,363894.0,363924.0,363942.0,363959.0,363975.0,363993.0,364010.0,364029.0,364039.0,364048.0,364062.0,364078.0,364098.0,364114.0,364131.0,364156.0,364173.0,364183.0,364199.0,364212.0,364222.0,364238.0,364243.0,364251.0,364268.0,364282
UgD6sapMxH8,684382.0,684389.0,684396.0,684405.0,684414.0,684430.0,684440.0,684448.0,684453.0,684463.0,684470.0,684475.0,684488.0,684493.0,684504.0,684515.0,684518.0,684528.0,684537.0,684548.0,684555.0,684567.0,684577.0,684586.0,684598.0,684611.0,684614.0,684620.0,684630.0,684634.0,684646.0,684651.0,684657.0,684660.0,684660.0,684668.0,684674.0,684687.0,684690.0,684697.0,684706.0,684712.0,684724.0,684733.0,684748.0,684760.0,684768.0,684775.0,684783.0,684790.0,684799.0,684809.0,684814.0,684822.0,684833.0,684837.0,684847.0,684853.0,684863.0,684865.0,684871.0,684876.0,684887.0,684892.0,684897.0,684904.0,684913.0,684919.0,684927.0,684931.0,684938.0,684947.0,684954.0,684962.0,684972.0,684978.0,684984.0,684990.0,684995.0,685004.0,685012.0,685018.0,685026.0,685037.0,685044.0,685049.0,685055.0,685057.0,685061.0,685068.0,685073.0,685077.0,685083.0,685100.0,685106.0,685113.0,685125.0,685132.0,685136.0,685143.0,685152.0,685155.0,685161.0,685172.0,685169.0,685179.0,685193.0,685200.0,685208.0,685212.0,685219.0,685226.0,685233.0,685249.0,685261.0,685271.0,685280.0,685284.0,685296.0,685299.0,685303.0,685306.0,685318.0,685323.0,685328.0,685335.0,685341.0,685347.0,685352.0,685353.0,685356.0,685358.0,685361.0,685371.0,,,,,,,,,685408.0,685414.0,685420.0,685425.0,685434.0,685435.0,685442.0,685448.0,685449.0,685451.0,685454.0,685460.0,685463.0,685466.0,685466.0,685472.0,685474.0,685475.0,685476.0,685480.0,685488.0,685493.0,685500.0,685502.0,685508.0,685513.0,685520.0,685529.0,685534.0,685537.0,685543.0,685546.0,685549.0,685552.0,685559.0,685562.0,685565.0,685572.0,685575.0,685578.0,685580.0,685584.0,685587.0,685585.0,685590.0,685598.0,685604.0,685606.0,685612.0,685615.0,685621.0,685625.0,685627.0,685632.0,685635.0,685637.0,685641.0,685644.0,685646.0,685652.0,685659.0,685667.0,685670.0,685673.0,685674.0,685680.0,685689.0,685695.0,685703.0,685708.0,685714.0,685717
sv3fw1Bp0UY,19294531.0,19295055.0,19295684.0,19296309.0,19296984.0,19297633.0,19298223.0,19298883.0,19299569.0,19300228.0,19300975.0,19301646.0,19302390.0,19303095.0,19303947.0,19304818.0,19305684.0,19306508.0,19307311.0,19308012.0,19308960.0,19309743.0,19310623.0,19311420.0,19312171.0,19312826.0,19313457.0,19314119.0,19314804.0,19315466.0,19316299.0,19317003.0,19317595.0,19318282.0,19318878.0,19319564.0,19320350.0,19321080.0,19321770.0,19322406.0,19323063.0,19323703.0,19324353.0,19325027.0,19325692.0,19326295.0,19326860.0,19327441.0,19328062.0,19328694.0,19329294.0,19329972.0,19330685.0,19331315.0,19331965.0,19332554.0,19333157.0,19333757.0,19334344.0,19334983.0,19335720.0,19336461.0,19337127.0,19337804.0,19338418.0,19339151.0,19339835.0,19340534.0,19341307.0,19343504.0,19345407.0,19347167.0,19348726.0,19349998.0,19351396.0,19355693.0,19359443.0,19362197.0,19364516.0,19366428.0,19368166.0,19369577.0,19370913.0,19372186.0,19373417.0,19374520.0,19375628.0,19376568.0,19377439.0,19378258.0,19379116.0,19380035.0,19380868.0,19381790.0,19382662.0,19383315.0,19384136.0,19384826.0,19385459.0,19386152.0,19386811.0,19387492.0,19388160.0,19388762.0,19389356.0,19390040.0,19390705.0,19391372.0,19392077.0,19392655.0,19393202.0,19393899.0,19394599.0,19395281.0,19395925.0,19396549.0,19397196.0,19397831.0,19398425.0,19399147.0,19399819.0,19400408.0,19401044.0,19401593.0,19402218.0,19402862.0,19403466.0,19404152.0,19404736.0,19405282.0,19405878.0,19406487.0,19407067.0,19407595.0,,,,,,,,,19415271.0,19416818.0,19418062.0,19419533.0,19421257.0,19423280.0,19425579.0,19428080.0,19430132.0,19431519.0,19432853.0,19434178.0,19435347.0,19436668.0,19437834.0,19439033.0,19439911.0,19440845.0,19441800.0,19442536.0,19443158.0,19443710.0,19444264.0,19444981.0,19445634.0,19446328.0,19447128.0,19447832.0,19448606.0,19449308.0,19449903.0,19450488.0,19451215.0,19451812.0,19452410.0,19453048.0,19453578.0,19454099.0,19454667.0,19455284.0,19455769.0,19456348.0,19456909.0,19457449.0,19458001.0,19458513.0,19459084.0,19459632.0,19460231.0,19461182.0,19462100.0,19462971.0,19463895.0,19464789.0,19465654.0,19466495.0,19467287.0,19467947.0,19468959.0,19469997.0,19470835.0,19471532.0,19472207.0,19472976.0,19473641.0,19474321.0,19475068.0,19475825.0,19476427.0,19477046.0,19477802.0,19478511
hJ9mG_17S8s,11014264.0,11014665.0,11015165.0,11015608.0,11016153.0,11016662.0,11017100.0,11017620.0,11018189.0,11018760.0,11019311.0,11019809.0,11020296.0,11020906.0,11021815.0,11022798.0,11023780.0,11024603.0,11025381.0,11026294.0,11026977.0,11027829.0,11028542.0,11029273.0,11029909.0,11030487.0,11031103.0,11031949.0,11032637.0,11033139.0,11033842.0,11034415.0,11034918.0,11035486.0,11036109.0,11036680.0,11037301.0,11037940.0,11038525.0,11039234.0,11039917.0,11040494.0,11041069.0,11041627.0,11042169.0,11042736.0,11043409.0,11044063.0,11044779.0,11045290.0,11045832.0,11046418.0,11046975.0,11047631.0,11048332.0,11048854.0,11049393.0,11049953.0,11050526.0,11051041.0,11051574.0,11052139.0,11052679.0,11053133.0,11053654.0,11054191.0,11054689.0,11055163.0,11055717.0,11057220.0,11058629.0,11059946.0,11061204.0,11062093.0,11063064.0,11065954.0,11068402.0,11070315.0,11072015.0,11073428.0,11074697.0,11075701.0,11076544.0,11077439.0,11078402.0,11079323.0,11080194.0,11081002.0,11081731.0,11082437.0,11083064.0,11083831.0,11084535.0,11085261.0,11085960.0,11086443.0,11087074.0,11087650.0,11088154.0,11088612.0,11089192.0,11089763.0,11090258.0,11090661.0,11091176.0,11091595.0,11091988.0,11092405.0,11092839.0,11093197.0,11093702.0,11094315.0,11095001.0,11095601.0,11096060.0,11096537.0,11096954.0,11097474.0,11097898.0,11098352.0,11098735.0,11099126.0,11099528.0,11099878.0,11100291.0,11100693.0,11101117.0,11101532.0,11101877.0,11102297.0,11102684.0,11103125.0,11103500.0,11103830.0,,,,,,,,,11108006.0,11108566.0,11109119.0,11109644.0,11110063.0,11110544.0,11110930.0,11111344.0,11111811.0,11112279.0,11112683.0,11113124.0,11113552.0,11113992.0,11114375.0,11114732.0,11115101.0,11115449.0,11115917.0,11116365.0,11116776.0,11117132.0,11117612.0,11117957.0,11118327.0,11118757.0,11119322.0,11119868.0,11120336.0,11120753.0,11121164.0,11121610.0,11122077.0,11122516.0,11122971.0,11123380.0,11123690.0,11124115.0,11124523.0,11124879.0,11125217.0,11125636.0,11126063.0,11126343.0,11126661.0,11127025.0,11127343.0,11127634.0,11128073.0,11128726.0,11129255.0,11129769.0,11130266.0,11130840.0,11131435.0,11131974.0,11132466.0,11132906.0,11133666.0,11134318.0,11134890.0,11135376.0,11135852.0,11136380.0,11136845.0,11137328.0,11137751.0,11138315.0,11138643.0,11139059.0,11139559.0,11140018
bTtNV6hgDno,60091907.0,60106899.0,60123739.0,60142557.0,60161171.0,60177878.0,60192278.0,60209932.0,60228843.0,60249114.0,60268867.0,60286753.0,60303313.0,60320680.0,60338229.0,60354182.0,60369621.0,60385501.0,60402428.0,60418277.0,60433911.0,60453211.0,60472999.0,60491352.0,60508775.0,60524777.0,60542568.0,60561703.0,60581791.0,60602008.0,60622165.0,60640180.0,60656888.0,60672627.0,60688359.0,60705560.0,60724697.0,60744732.0,60763769.0,60781065.0,60798012.0,60814891.0,60832653.0,60849032.0,60866479.0,60883926.0,60899244.0,60914480.0,60928850.0,60941563.0,60954500.0,60971430.0,60987199.0,61003382.0,61018488.0,61032638.0,61046829.0,61061380.0,61076870.0,61092039.0,61106620.0,61121691.0,61136741.0,61150146.0,61163265.0,61176437.0,61189495.0,61203882.0,61216227.0,61231569.0,61245196.0,61257777.0,61270564.0,61283231.0,61296144.0,61309458.0,61323609.0,61337242.0,61350343.0,61363074.0,61376469.0,61389985.0,61403299.0,61416949.0,61430577.0,61443993.0,61457218.0,61469247.0,61481518.0,61494064.0,61507044.0,61519993.0,61533471.0,61548071.0,61563445.0,61575337.0,61587515.0,61599988.0,61613060.0,61626386.0,61640796.0,61655780.0,61669850.0,61683014.0,61696531.0,61710240.0,61723013.0,61737546.0,61752734.0,61767647.0,61783061.0,61798887.0,61813869.0,61828105.0,61842176.0,61856319.0,61870889.0,61885040.0,61899369.0,61911766.0,61925081.0,61938339.0,61951812.0,61966035.0,61978844.0,61992608.0,62006146.0,62019190.0,62032805.0,62046060.0,62058814.0,62071322.0,62083726.0,62096496.0,,,,,,,,,62224269.0,62239138.0,62252950.0,62266570.0,62279557.0,62292188.0,62304573.0,62316741.0,62329170.0,62340685.0,62352075.0,62362925.0,62375142.0,62386887.0,62398442.0,62409841.0,62420286.0,62431840.0,62443697.0,62455178.0,62466354.0,62478433.0,62489982.0,62501216.0,62512628.0,62524668.0,62536599.0,62548399.0,62559790.0,62571201.0,62583151.0,62595156.0,62608036.0,62620089.0,62631717.0,62643647.0,62656265.0,62668005.0,62679863.0,62691730.0,62703741.0,62715038.0,62726726.0,62737996.0,62749597.0,62760649.0,62771872.0,62783314.0,62794818.0,62806046.0,62817334.0,62830150.0,62842440.0,62854202.0,62865188.0,62876164.0,62887264.0,62897670.0,62908212.0,62919098.0,62930116.0,62940312.0,62949846.0,62959405.0,62968966.0,62979098.0,62989410.0,62999433.0,63008158.0,63016586.0,63025654.0,63034859
bTtNV6hgDno,60091907.0,60106899.0,60123739.0,60142557.0,60161171.0,60177878.0,60192278.0,60209932.0,60228843.0,60249114.0,60268867.0,60286753.0,60303313.0,60320680.0,60338229.0,60354182.0,60369621.0,60385501.0,60402428.0,60418277.0,60433911.0,60453211.0,60472999.0,60491352.0,60508775.0,60524777.0,60542568.0,60561703.0,60581791.0,60602008.0,60622165.0,60640180.0,60656888.0,60672627.0,60688359.0,60705560.0,60724697.0,60744732.0,60763769.0,60781065.0,60798012.0,60814891.0,60832653.0,60849032.0,60866479.0,60883926.0,60899244.0,60914480.0,60928850.0,60941563.0,60954500.0,60971430.0,60987199.0,61003382.0,61018488.0,61032638.0,61046829.0,61061380.0,61076870.0,61092039.0,61106620.0,61121691.0,61136741.0,61150146.0,61163265.0,61176437.0,61189495.0,61203882.0,61216227.0,61231569.0,61245196.0,61257777.0,61270564.0,61283231.0,61296144.0,61309458.0,61323609.0,61337242.0,61350343.0,61363074.0,61376469.0,61389985.0,61403299.0,61416949.0,61430577.0,61443993.0,61457218.0,61469247.0,61481518.0,61494064.0,61507044.0,61519993.0,61533471.0,61548071.0,61563445.0,61575337.0,61587515.0,61599988.0,61613060.0,61626386.0,61640796.0,61655780.0,61669850.0,61683014.0,61696531.0,61710240.0,61723013.0,61737546.0,61752734.0,61767647.0,61783061.0,61798887.0,61813869.0,61828105.0,61842176.0,61856319.0,61870889.0,61885040.0,61899369.0,61911766.0,61925081.0,61938339.0,61951812.0,61966035.0,61978844.0,61992608.0,62006146.0,62019190.0,62032805.0,62046060.0,62058814.0,62071322.0,62083726.0,62096496.0,,,,,,,,,62224269.0,62239138.0,62252950.0,62266570.0,62279557.0,62292188.0,62304573.0,62316741.0,62329170.0,62340685.0,62352075.0,62362925.0,62375142.0,62386887.0,62398442.0,62409841.0,62420286.0,62431840.0,62443697.0,62455178.0,62466354.0,62478433.0,62489982.0,62501216.0,62512628.0,62524668.0,62536599.0,62548399.0,62559790.0,62571201.0,62583151.0,62595156.0,62608036.0,62620089.0,62631717.0,62643647.0,62656265.0,62668005.0,62679863.0,62691730.0,62703741.0,62715038.0,62726726.0,62737996.0,62749597.0,62760649.0,62771872.0,62783314.0,62794818.0,62806046.0,62817334.0,62830150.0,62842440.0,62854202.0,62865188.0,62876164.0,62887264.0,62897670.0,62908212.0,62919098.0,62930116.0,62940312.0,62949846.0,62959405.0,62968966.0,62979098.0,62989410.0,62999433.0,63008158.0,63016586.0,63025654.0,63034859
b1NgvwOKMR8,11837732.0,11845109.0,11853129.0,11860917.0,11869587.0,11878530.0,11886663.0,11894806.0,11903732.0,11911307.0,11918696.0,11927265.0,11937292.0,11947137.0,11956722.0,11966369.0,11975139.0,11983891.0,11994593.0,12004906.0,12015575.0,12025880.0,12035232.0,12042733.0,12049706.0,12057371.0,12065181.0,12072648.0,12080038.0,12087615.0,12094022.0,12100328.0,12107515.0,12114559.0,12121829.0,12128969.0,12136258.0,12142420.0,12148529.0,12155427.0,12162700.0,12169895.0,12177146.0,12184597.0,12191731.0,12198695.0,12206260.0,12213828.0,12220870.0,12227733.0,12234613.0,12240562.0,12245968.0,12252271.0,12258967.0,12265688.0,12272728.0,12279809.0,12285800.0,12291569.0,12298369.0,12305275.0,12312167.0,12319132.0,12326237.0,12332436.0,12338312.0,12345221.0,12351734.0,12359576.0,12366195.0,12372324.0,12378339.0,12383618.0,12389881.0,12396509.0,12404032.0,12411211.0,12418629.0,12425123.0,12431174.0,12438165.0,12444720.0,12451434.0,12458284.0,12464832.0,12470551.0,12475857.0,12482077.0,12488191.0,12494509.0,12500602.0,12506714.0,12512207.0,12517411.0,12523568.0,12529657.0,12535632.0,12541886.0,12548290.0,12554631.0,12560033.0,12566392.0,12572636.0,12579242.0,12586411.0,12593238.0,12599230.0,12604972.0,12611322.0,12617464.0,12623800.0,12630173.0,12636327.0,12642706.0,12648924.0,12655719.0,12662121.0,12668173.0,12674124.0,12679480.0,12684444.0,12689039.0,12694135.0,12699446.0,12705169.0,12710795.0,12716704.0,12722094.0,12727428.0,12733360.0,12739749.0,12746147.0,12751868.0,,,,,,,,,12801410.0,12806209.0,12811962.0,12817793.0,12823242.0,12829098.0,12834061.0,12838513.0,12843279.0,12848448.0,12853654.0,12859009.0,12865011.0,12870661.0,12875607.0,12880317.0,12885867.0,12891420.0,12897352.0,12903097.0,12908651.0,12914018.0,12919219.0,12924814.0,12930667.0,12936567.0,12942756.0,12949177.0,12955086.0,12960693.0,12966993.0,12973141.0,12979415.0,12985447.0,12991360.0,12996912.0,13002412.0,13008945.0,13015493.0,13021857.0,13028006.0,13034172.0,13039446.0,13044229.0,13050031.0,13055838.0,13061818.0,13068167.0,13074548.0,13080119.0,13085377.0,13091507.0,13097509.0,13104018.0,13110248.0,13116621.0,13122400.0,13127753.0,13134576.0,13141064.0,13147695.0,13152905.0,13158944.0,13164439.0,13170043.0,13176593.0,13183048.0,13189150.0,13194092.0,13199686.0,13205049.0,13210368
B-EHWw2TOp4,2318422.0,2319207.0,2319813.0,2320531.0,2321400.0,2322559.0,2323130.0,2323637.0,2324441.0,2325831.0,2326465.0,2327276.0,2328351.0,2328836.0,2329692.0,2330696.0,2331876.0,2332829.0,2334307.0,2335749.0,2336868.0,2337696.0,2338467.0,2339526.0,2340448.0,2341464.0,2342400.0,2343221.0,2344440.0,2345880.0,2347390.0,2348536.0,2350395.0,2352865.0,2354774.0,2358123.0,2360992.0,2363128.0,2364478.0,2366371.0,2368131.0,2369416.0,2370264.0,2370977.0,2371841.0,2372665.0,2373409.0,2373948.0,2374292.0,2374549.0,2374873.0,2375321.0,2375838.0,2376310.0,2376700.0,2377079.0,2377392.0,2377875.0,2378247.0,2378665.0,2378941.0,2379393.0,2379894.0,2380194.0,2380484.0,2380732.0,2381085.0,2381452.0,2381688.0,2382061.0,2382627.0,2383010.0,2383214.0,2383430.0,2383797.0,2384133.0,2384453.0,2384861.0,2385507.0,2385964.0,2386314.0,2386753.0,2387123.0,2387449.0,2387747.0,2388034.0,2388310.0,2388691.0,2389011.0,2389324.0,2389600.0,2389957.0,2390234.0,2390513.0,2390826.0,2391167.0,2391495.0,2391860.0,2392114.0,2392447.0,2392719.0,2392932.0,2393170.0,2393429.0,2393732.0,2393999.0,2394389.0,2394880.0,2395395.0,2395649.0,2395916.0,2396244.0,2396558.0,2396859.0,2397058.0,2397233.0,2397474.0,2397743.0,2398013.0,2398191.0,2398378.0,2398538.0,2398748.0,2398949.0,2399114.0,2399290.0,2399419.0,2399602.0,2399720.0,2399842.0,2399973.0,2400080.0,2400199.0,2400341.0,,,,,,,,,2402553.0,2402744.0,2402990.0,2403241.0,2403627.0,2403931.0,2404431.0,2404939.0,2405388.0,2405934.0,2406394.0,2406934.0,2407560.0,2408042.0,2408782.0,2409309.0,2410064.0,2411007.0,2411963.0,2412521.0,2413007.0,2413458.0,2413839.0,2414323.0,2414776.0,2415189.0,2415575.0,2416029.0,2416368.0,2416760.0,2417189.0,2417704.0,2418207.0,2418843.0,2419345.0,2419674.0,2420013.0,2420461.0,2420932.0,2421355.0,2421796.0,2422224.0,2422862.0,2423284.0,2423711.0,2424317.0,2424883.0,2425485.0,2426020.0,2426373.0,2426629.0,2427087.0,2427517.0,2427938.0,2428364.0,2428777.0,2429182.0,2429468.0,2429901.0,2430257.0,2430635.0,2430969.0,2431256.0,2431577.0,2431850.0,2432200.0,2432558.0,2432950.0,2433241.0,2433584.0,2433929.0,2434283
6H8QHeC_VPs,17454354.0,17457743.0,17461356.0,17464958.0,17468432.0,17471636.0,17474655.0,17477759.0,17481125.0,17484477.0,17488009.0,17491344.0,17494463.0,17497865.0,17501413.0,17504837.0,17508236.0,17511475.0,17514966.0,17518548.0,17522163.0,17526499.0,17530853.0,17534949.0,17538786.0,17542349.0,17545936.0,17549930.0,17553595.0,17556792.0,17559674.0,17562549.0,17565365.0,17568486.0,17571650.0,17574918.0,17578489.0,17581934.0,17585127.0,17588659.0,17592039.0,17595525.0,17599592.0,17603122.0,17606488.0,17609836.0,17612720.0,17615775.0,17618720.0,17621758.0,17624916.0,17628690.0,17632317.0,17635640.0,17639183.0,17642654.0,17645841.0,17649349.0,17652804.0,17656999.0,17660413.0,17663370.0,17666271.0,17669453.0,17672510.0,17675359.0,17678248.0,17681853.0,17685032.0,17688624.0,17691793.0,17694835.0,17697631.0,17700335.0,17703359.0,17706159.0,17709242.0,17712263.0,17715039.0,17717754.0,17720456.0,17723173.0,17726187.0,17729097.0,17732017.0,17734620.0,17737213.0,17739713.0,17742311.0,17744977.0,17747785.0,17750451.0,17753032.0,17755641.0,17758382.0,17761160.0,17763977.0,17766584.0,17769131.0,17771669.0,17774342.0,17776896.0,17779620.0,17782434.0,17785446.0,17788400.0,17791027.0,17793921.0,17796532.0,17799139.0,17801900.0,17804433.0,17806931.0,17809469.0,17811945.0,17814289.0,17817210.0,17820519.0,17823391.0,17825944.0,17828389.0,17831498.0,17834334.0,17836912.0,17839397.0,17842046.0,17844836.0,17847870.0,17850594.0,17853353.0,17856301.0,17859200.0,17862204.0,17864942.0,,,,,,,,,17888997.0,17891570.0,17894112.0,17896446.0,17898973.0,17901255.0,17903600.0,17905808.0,17908181.0,17910474.0,17912617.0,17914578.0,17916705.0,17918814.0,17921301.0,17923630.0,17925734.0,17928127.0,17930747.0,17933311.0,17935686.0,17938204.0,17940730.0,17942929.0,17945549.0,17947968.0,17950406.0,17952789.0,17955130.0,17957498.0,17959963.0,17962477.0,17965195.0,17968040.0,17970902.0,17973675.0,17976605.0,17979496.0,17982338.0,17985350.0,17988361.0,17991241.0,17994182.0,17997386.0,18000347.0,18003229.0,18006042.0,18009010.0,18011853.0,18015068.0,18018493.0,18022269.0,18025455.0,18028705.0,18031874.0,18034899.0,18038005.0,18041320.0,18044459.0,18047481.0,18050507.0,18053548.0,18056759.0,18059841.0,18062911.0,18066098.0,18069436.0,18072583.0,18075178.0,18077775.0,18080680.0,18083724
les_IGEbX4k,123747.0,123778.0,123817.0,123843.0,123875.0,123908.0,123934.0,123963.0,123985.0,124013.0,124044.0,124074.0,124099.0,124134.0,124172.0,124211.0,124251.0,124277.0,124313.0,124342.0,124374.0,124412.0,124435.0,124458.0,124473.0,124519.0,124555.0,124579.0,124610.0,124635.0,124665.0,124689.0,124721.0,124736.0,124766.0,124796.0,124827.0,124863.0,124894.0,124923.0,124943.0,124975.0,125011.0,125065.0,125104.0,125147.0,125193.0,125217.0,125257.0,125287.0,125323.0,125345.0,125361.0,125381.0,125403.0,125427.0,125463.0,125487.0,125515.0,125544.0,125571.0,125591.0,125622.0,125661.0,125686.0,125702.0,125732.0,125752.0,125769.0,125805.0,125840.0,125868.0,125885.0,125904.0,125925.0,125960.0,125985.0,126010.0,126039.0,126056.0,126089.0,126104.0,126139.0,126168.0,126194.0,126233.0,126261.0,126287.0,126328.0,126390.0,126435.0,126409.0,126440.0,126465.0,126489.0,126519.0,126545.0,126580.0,126612.0,126640.0,126683.0,126711.0,126732.0,126759.0,126779.0,126810.0,126835.0,126857.0,126874.0,126897.0,126928.0,126960.0,127000.0,127042.0,127064.0,127094.0,127104.0,127132.0,127166.0,127201.0,127226.0,127246.0,127285.0,127317.0,127333.0,127353.0,127386.0,127420.0,127444.0,127480.0,127510.0,127526.0,127547.0,127560.0,,,,,,,,,127818.0,127848.0,127871.0,127915.0,127963.0,128004.0,128045.0,128073.0,128106.0,128151.0,128190.0,128237.0,128286.0,128354.0,128416.0,128453.0,128490.0,128530.0,128557.0,128580.0,128624.0,128657.0,128677.0,128720.0,128757.0,128799.0,128847.0,128887.0,128923.0,128963.0,128994.0,129018.0,129046.0,129083.0,129108.0,129126.0,129146.0,129170.0,129185.0,129212.0,129234.0,129260.0,129289.0,129314.0,129334.0,129363.0,129377.0,129398.0,129411.0,129438.0,129460.0,129481.0,129517.0,129543.0,129569.0,129595.0,129615.0,129641.0,129661.0,129683.0,129702.0,129713.0,129738.0,129751.0,129771.0,129789.0,129824.0,129846.0,129869.0,129889.0,129913.0,129946
mvk4SnE2Tmo,5062738.0,5062923.0,5063122.0,5063347.0,5063557.0,5063751.0,5063972.0,5064181.0,5064396.0,5064573.0,5064759.0,5064936.0,5065095.0,5065306.0,5065521.0,5065732.0,5065927.0,5066109.0,5066297.0,5066486.0,5066664.0,5066886.0,5067096.0,5067272.0,5067466.0,5067630.0,5067789.0,5067984.0,5068164.0,5068329.0,5068493.0,5068685.0,5068874.0,5069048.0,5069224.0,5069400.0,5069596.0,5069777.0,5069977.0,5070166.0,5070361.0,5070546.0,5070731.0,5070909.0,5071120.0,5071336.0,5071538.0,5071740.0,5071989.0,5072189.0,5072407.0,5072619.0,5072822.0,5072980.0,5073197.0,5073366.0,5073563.0,5073750.0,5073978.0,5074163.0,5074389.0,5074580.0,5074764.0,5074973.0,5075180.0,5075359.0,5075558.0,5075718.0,5075906.0,5076102.0,5076295.0,5076489.0,5076666.0,5076871.0,5077042.0,5077262.0,5077419.0,5077611.0,5077789.0,5077985.0,5078149.0,5078329.0,5078508.0,5078703.0,5078894.0,5079058.0,5079260.0,5079441.0,5079608.0,5079772.0,5079957.0,5080111.0,5080259.0,5080452.0,5080663.0,5080846.0,5081042.0,5081278.0,5081513.0,5081695.0,5081897.0,5082054.0,5082270.0,5082455.0,5082624.0,5082818.0,5083051.0,5083257.0,5083444.0,5083667.0,5083843.0,5083993.0,5084179.0,5084386.0,5084567.0,5084729.0,5084929.0,5085121.0,5085337.0,5085508.0,5085677.0,5085860.0,5086073.0,5086300.0,5086506.0,5086731.0,5086963.0,5087145.0,5087325.0,5087566.0,5087742.0,5087866.0,5088064.0,5088243.0,,,,,,,,,5089869.0,5090030.0,5090210.0,5090374.0,5090560.0,5090724.0,5090902.0,5091087.0,5091250.0,5091429.0,5091572.0,5091741.0,5091919.0,5092068.0,5092246.0,5092417.0,5092586.0,5092735.0,5092907.0,5093083.0,5093255.0,5093423.0,5093569.0,5093720.0,5093873.0,5094025.0,5094185.0,5094348.0,5094496.0,5094662.0,5094800.0,5094926.0,5095081.0,5095246.0,5095385.0,5095515.0,5095661.0,5095780.0,5095933.0,5096118.0,5096266.0,5096419.0,5096572.0,5096696.0,5096842.0,5096959.0,5097103.0,5097253.0,5097397.0,5097566.0,5097692.0,5097814.0,5097989.0,5098152.0,5098307.0,5098447.0,5098586.0,5098732.0,5098884.0,5099023.0,5099192.0,5099350.0,5099466.0,5099611.0,5099781.0,5099924.0,5100070.0,5100197.0,5100346.0,5100451.0,5100601.0,5100742
SMBjdBsBDvg,37970.0,37984.0,37989.0,37997.0,38004.0,38014.0,38028.0,38040.0,38055.0,38068.0,38075.0,38082.0,38093.0,38126.0,38141.0,38149.0,38157.0,38162.0,38168.0,38176.0,38189.0,38202.0,38214.0,38226.0,38239.0,38260.0,38275.0,38282.0,38318.0,38351.0,38367.0,38384.0,38401.0,38418.0,38434.0,38449.0,38465.0,38481.0,38500.0,38508.0,38529.0,38544.0,38563.0,38575.0,38586.0,38599.0,38604.0,38616.0,38638.0,38650.0,38663.0,38674.0,38689.0,38699.0,38713.0,38725.0,38739.0,38750.0,38757.0,38765.0,38777.0,38790.0,38809.0,38819.0,38831.0,38842.0,38855.0,38870.0,38880.0,38897.0,38909.0,38921.0,38928.0,38936.0,38948.0,38957.0,38975.0,38985.0,38999.0,39009.0,39018.0,39035.0,39040.0,39057.0,39068.0,39073.0,39080.0,39084.0,39099.0,39107.0,39118.0,39126.0,39141.0,39150.0,39163.0,39174.0,39186.0,39200.0,39211.0,39221.0,39229.0,39238.0,39253.0,39265.0,39272.0,39277.0,39288.0,39311.0,39320.0,39334.0,39343.0,39350.0,39367.0,39377.0,39383.0,39394.0,39401.0,39406.0,39412.0,39420.0,39428.0,39439.0,39448.0,39455.0,39462.0,39466.0,39472.0,39478.0,39486.0,39495.0,39504.0,39510.0,39524.0,39537.0,,,,,,,,,39617.0,39620.0,39623.0,39634.0,39639.0,39645.0,39657.0,39670.0,39675.0,39681.0,39686.0,39700.0,39709.0,39718.0,39722.0,39730.0,39736.0,39747.0,39758.0,39761.0,39763.0,39771.0,39780.0,39783.0,39793.0,39800.0,39818.0,39825.0,39829.0,39834.0,39840.0,39846.0,39853.0,39857.0,39865.0,39875.0,39881.0,39895.0,39902.0,39910.0,39912.0,39914.0,39919.0,39927.0,39930.0,39939.0,39947.0,39952.0,39956.0,39959.0,39963.0,39970.0,39982.0,39988.0,40000.0,40008.0,40017.0,40023.0,40027.0,40035.0,40039.0,40046.0,40051.0,40056.0,40062.0,40070.0,40075.0,40080.0,40085.0,40088.0,40095.0,40101
pes_X2XNokk,445173.0,445211.0,445236.0,445281.0,445327.0,445360.0,445396.0,445423.0,445482.0,445513.0,445546.0,445582.0,445631.0,445688.0,445749.0,445805.0,445856.0,445894.0,445955.0,446003.0,446060.0,446117.0,446163.0,446209.0,446257.0,446287.0,446331.0,446372.0,446401.0,446429.0,446477.0,446513.0,446546.0,446578.0,446599.0,446631.0,446676.0,446716.0,446745.0,446765.0,446795.0,446825.0,446861.0,446904.0,446941.0,446988.0,447027.0,447059.0,447098.0,447138.0,447167.0,447215.0,447255.0,447290.0,447319.0,447343.0,447377.0,447413.0,447448.0,447473.0,447504.0,447544.0,447578.0,447632.0,447667.0,447693.0,447724.0,447750.0,447781.0,447822.0,447854.0,447904.0,447933.0,447977.0,448036.0,448078.0,448119.0,448163.0,448199.0,448253.0,448324.0,448361.0,448395.0,448449.0,448498.0,448541.0,448586.0,448626.0,448666.0,448704.0,448749.0,448789.0,448837.0,448880.0,448917.0,448958.0,448998.0,449058.0,449097.0,449132.0,449171.0,449202.0,449233.0,449272.0,449304.0,449339.0,449365.0,449387.0,449416.0,449455.0,449482.0,449510.0,449550.0,449575.0,449604.0,449636.0,449664.0,449694.0,449739.0,449773.0,449809.0,449839.0,449862.0,449883.0,449914.0,449937.0,449961.0,450002.0,450036.0,450082.0,450100.0,450130.0,450161.0,450196.0,,,,,,,,,450571.0,450602.0,450630.0,450659.0,450733.0,450805.0,450890.0,450978.0,451093.0,451194.0,451314.0,451425.0,451574.0,451742.0,451870.0,451969.0,452078.0,452129.0,452174.0,452217.0,452252.0,452282.0,452313.0,452341.0,452384.0,452435.0,452476.0,452499.0,452535.0,452568.0,452591.0,452622.0,452661.0,452692.0,452716.0,452752.0,452789.0,452825.0,452865.0,452901.0,452949.0,452981.0,453020.0,453056.0,453083.0,453117.0,453149.0,453185.0,453211.0,453246.0,453270.0,453292.0,453322.0,453348.0,453377.0,453409.0,453435.0,453471.0,453494.0,453511.0,453538.0,453576.0,453595.0,453630.0,453666.0,453699.0,453724.0,453755.0,453775.0,453801.0,453827.0,453845
oi1IGsVOnTs,463720.0,465129.0,466823.0,468333.0,470156.0,472412.0,474834.0,476990.0,479031.0,481028.0,483092.0,485438.0,487931.0,490648.0,493433.0,496412.0,498570.0,499846.0,502482.0,504785.0,508924.0,512102.0,515299.0,517605.0,520728.0,523867.0,526839.0,529201.0,532328.0,535311.0,538161.0,540036.0,542958.0,546140.0,549540.0,552411.0,555395.0,557735.0,559706.0,562036.0,564503.0,566945.0,568804.0,570077.0,572029.0,573795.0,575479.0,577937.0,580432.0,585056.0,589593.0,592072.0,594520.0,597973.0,602410.0,607555.0,614191.0,620227.0,624697.0,627896.0,630747.0,633722.0,637014.0,642582.0,648023.0,653593.0,657658.0,661386.0,664595.0,668664.0,671768.0,675100.0,679249.0,683785.0,689373.0,694244.0,699064.0,702799.0,707760.0,711206.0,716576.0,722539.0,729072.0,733481.0,737252.0,740826.0,743560.0,746355.0,752704.0,759339.0,763996.0,767371.0,770217.0,772425.0,774290.0,778464.0,783344.0,788921.0,793646.0,797466.0,800369.0,803277.0,807728.0,813879.0,820246.0,826552.0,832604.0,836541.0,840440.0,844144.0,847764.0,851088.0,853760.0,856487.0,859713.0,862922.0,868140.0,873879.0,880430.0,886308.0,890372.0,893964.0,895709.0,896948.0,898582.0,900129.0,901690.0,904210.0,906466.0,908405.0,911799.0,914668.0,917725.0,920305.0,,,,,,,,,943776.0,946236.0,949397.0,952214.0,955123.0,958191.0,961314.0,963845.0,966468.0,970034.0,973487.0,976948.0,980436.0,984449.0,987144.0,989845.0,993670.0,997193.0,1000736.0,1004116.0,1007375.0,1009790.0,1011759.0,1014892.0,1017264.0,1019771.0,1022400.0,1025397.0,1027797.0,1029985.0,1032831.0,1035460.0,1038170.0,1040850.0,1043371.0,1045557.0,1047204.0,1049616.0,1052143.0,1054392.0,1056627.0,1059181.0,1061158.0,1062940.0,1065490.0,1067781.0,1070189.0,1072285.0,1074452.0,1075907.0,1077283.0,1079424.0,1081575.0,1083722.0,1085890.0,1088026.0,1089771.0,1091045.0,1093118.0,1095090.0,1096859.0,1098774.0,1100497.0,1101909.0,1102881.0,1104564.0,1106271.0,1108150.0,1109388.0,1110946.0,1112096.0,1112974
IsRVjFxYWN8,478100.0,479729.0,481403.0,482927.0,484472.0,486065.0,487324.0,488984.0,490598.0,492016.0,493164.0,494488.0,496108.0,497701.0,499232.0,500720.0,502022.0,502961.0,504372.0,505750.0,506908.0,507973.0,509342.0,510769.0,512053.0,513326.0,514727.0,516037.0,517453.0,519133.0,520724.0,522057.0,523431.0,524638.0,525926.0,527590.0,529491.0,531316.0,533063.0,534835.0,536633.0,538770.0,540816.0,542747.0,544589.0,546783.0,549553.0,552289.0,554871.0,557384.0,560257.0,563274.0,566914.0,571291.0,576046.0,580146.0,584291.0,589419.0,595222.0,599837.0,605859.0,612340.0,618885.0,625561.0,632268.0,638311.0,644041.0,649463.0,653610.0,660638.0,666467.0,672308.0,678059.0,683068.0,688943.0,694565.0,699672.0,704235.0,708242.0,712969.0,716048.0,719839.0,723179.0,726954.0,731044.0,734898.0,738820.0,741989.0,746006.0,749167.0,752863.0,757176.0,761468.0,765905.0,769241.0,774965.0,779130.0,783755.0,788386.0,793076.0,797564.0,801966.0,806579.0,810507.0,813873.0,817476.0,821025.0,825584.0,829584.0,834206.0,837941.0,841117.0,844120.0,847344.0,850531.0,852902.0,855947.0,858702.0,861411.0,864077.0,866633.0,869314.0,871508.0,874275.0,877701.0,881718.0,884917.0,889962.0,894416.0,897677.0,901209.0,905846.0,910709.0,914479.0,,,,,,,,,948819.0,951939.0,954658.0,956808.0,958855.0,960826.0,962557.0,964097.0,965974.0,968022.0,970128.0,972301.0,974910.0,977961.0,980920.0,983932.0,986669.0,989330.0,991625.0,993432.0,994764.0,995995.0,997086.0,998326.0,999387.0,1000718.0,1001981.0,1003251.0,1004410.0,1005335.0,1006504.0,1007539.0,1008719.0,1009667.0,1010789.0,1011703.0,1012586.0,1013581.0,1014546.0,1015377.0,1016300.0,1017406.0,1018236.0,1019006.0,1019965.0,1020868.0,1021644.0,1022534.0,1023373.0,1024016.0,1024607.0,1025441.0,1026232.0,1027024.0,1027682.0,1028428.0,1029105.0,1029602.0,1030362.0,1030999.0,1031721.0,1032188.0,1032809.0,1033373.0,1033880.0,1034510.0,1035243.0,1036012.0,1036560.0,1037192.0,1037817.0,1038329
grG41kS4MUA,71334446.0,71339910.0,71345749.0,71352218.0,71358522.0,71364702.0,71371028.0,71377404.0,71384001.0,71390639.0,71397543.0,71403929.0,71410489.0,71417210.0,71424169.0,71431279.0,71438212.0,71444693.0,71450846.0,71457715.0,71464522.0,71471789.0,71479018.0,71485949.0,71492486.0,71498647.0,71505502.0,71513074.0,71520531.0,71527726.0,71534318.0,71540934.0,71548391.0,71556394.0,71563853.0,71571612.0,71579709.0,71587903.0,71596939.0,71605042.0,71612825.0,71621358.0,71629662.0,71637670.0,71646764.0,71655675.0,71664386.0,71675596.0,71685633.0,71694962.0,71703850.0,71713306.0,71721608.0,71730326.0,71740673.0,71750227.0,71759112.0,71768108.0,71776807.0,71785743.0,71794681.0,71804475.0,71814193.0,71823685.0,71832840.0,71841210.0,71849782.0,71857040.0,71863550.0,71871939.0,71879852.0,71887698.0,71895562.0,71904061.0,71912020.0,71919372.0,71927001.0,71935052.0,71943821.0,71952608.0,71961322.0,71969266.0,71977289.0,71985976.0,71994375.0,72003510.0,72012438.0,72020873.0,72029154.0,72036885.0,72044566.0,72052251.0,72060772.0,72069928.0,72079058.0,72086992.0,72094309.0,72102025.0,72109439.0,72117489.0,72125602.0,72134737.0,72143266.0,72150809.0,72158379.0,72166270.0,72174057.0,72181888.0,72190202.0,72198735.0,72206472.0,72214756.0,72223292.0,72231753.0,72239909.0,72247432.0,72254841.0,72262285.0,72269851.0,72277207.0,72284522.0,72292029.0,72299816.0,72306978.0,72313921.0,72320925.0,72327967.0,72334980.0,72342288.0,72349488.0,72355773.0,72362414.0,72369106.0,72375349.0,,,,,,,,,72438997.0,72446726.0,72453817.0,72460277.0,72467190.0,72474120.0,72480638.0,72487327.0,72494569.0,72501349.0,72507912.0,72514387.0,72521369.0,72527851.0,72534723.0,72541456.0,72547491.0,72553845.0,72560640.0,72567366.0,72574431.0,72582106.0,72589175.0,72595634.0,72602578.0,72609315.0,72616435.0,72623398.0,72630351.0,72637313.0,72644052.0,72651355.0,72658617.0,72665996.0,72673305.0,72680856.0,72688177.0,72694956.0,72702143.0,72709471.0,72716764.0,72723919.0,72731324.0,72738459.0,72745259.0,72752335.0,72759629.0,72767226.0,72775202.0,72783263.0,72790897.0,72798245.0,72805460.0,72812834.0,72820198.0,72827736.0,72835008.0,72842214.0,72849011.0,72856343.0,72863611.0,72870456.0,72876786.0,72884045.0,72891022.0,72898312.0,72905972.0,72913706.0,72921291.0,72927670.0,72935099.0,72942008
hAwCc8RMzzU,496727.0,496786.0,496865.0,496941.0,497023.0,497088.0,497168.0,497271.0,497356.0,497435.0,497521.0,497588.0,497682.0,497759.0,497835.0,497924.0,497993.0,498073.0,498156.0,498235.0,498310.0,498389.0,498457.0,498538.0,498601.0,498674.0,498734.0,498815.0,498916.0,498986.0,499052.0,499122.0,499207.0,499293.0,499375.0,499469.0,499548.0,499613.0,499675.0,499753.0,499847.0,499929.0,500005.0,500107.0,500198.0,500278.0,500354.0,500429.0,500519.0,500591.0,500651.0,500729.0,500813.0,500883.0,500961.0,501034.0,501119.0,501200.0,501281.0,501337.0,501419.0,501495.0,501558.0,501640.0,501732.0,501801.0,501878.0,501959.0,502017.0,502115.0,502196.0,502276.0,502373.0,502442.0,502514.0,502578.0,502649.0,502764.0,502877.0,502993.0,503060.0,503129.0,503188.0,503247.0,503332.0,503398.0,503474.0,503534.0,503595.0,503668.0,503716.0,503793.0,503848.0,503912.0,503979.0,504030.0,504095.0,504164.0,504219.0,504309.0,504388.0,504446.0,504519.0,504610.0,504685.0,504745.0,504848.0,504938.0,505010.0,505061.0,505117.0,505173.0,505249.0,505298.0,505363.0,505433.0,505494.0,505601.0,505693.0,505750.0,505826.0,505900.0,505974.0,506043.0,506089.0,506186.0,506279.0,506359.0,506430.0,506495.0,506565.0,506637.0,506687.0,506756.0,,,,,,,,,507424.0,507485.0,507544.0,507622.0,507701.0,507771.0,507838.0,507903.0,507946.0,507998.0,508044.0,508103.0,508156.0,508222.0,508276.0,508316.0,508374.0,508423.0,508470.0,508509.0,508548.0,508600.0,508642.0,508675.0,508705.0,508756.0,508820.0,508882.0,508946.0,508999.0,509051.0,509100.0,509157.0,509210.0,509266.0,509323.0,509376.0,509446.0,509503.0,509558.0,509620.0,509667.0,509711.0,509753.0,509805.0,509843.0,509905.0,509950.0,509995.0,510040.0,510074.0,510119.0,510178.0,510219.0,510271.0,510320.0,510384.0,510431.0,510480.0,510527.0,510577.0,510615.0,510658.0,510701.0,510759.0,510811.0,510872.0,510938.0,510979.0,511025.0,511081.0,511126
juQvizeZJFM,47499300.0,47501602.0,47504336.0,47507238.0,47510108.0,47512712.0,47515312.0,47518008.0,47520897.0,47523908.0,47527083.0,47530113.0,47532993.0,47535894.0,47538959.0,47541942.0,47544875.0,47547916.0,47550699.0,47553637.0,47556743.0,47559794.0,47563175.0,47566652.0,47570148.0,47573276.0,47576404.0,47579512.0,47582803.0,47586154.0,47589550.0,47592723.0,47595850.0,47599212.0,47602632.0,47606260.0,47609936.0,47613528.0,47617049.0,47620430.0,47623840.0,47627126.0,47630824.0,47634583.0,47638372.0,47642040.0,47645801.0,47650824.0,47655124.0,47659229.0,47663215.0,47668292.0,47672979.0,47677141.0,47681279.0,47684991.0,47688856.0,47693389.0,47698813.0,47703837.0,47708358.0,47712220.0,47716254.0,47720305.0,47723899.0,47727426.0,47730921.0,47734482.0,47737705.0,47741767.0,47744949.0,47747867.0,47751270.0,47755315.0,47759087.0,47762888.0,47766634.0,47770303.0,47774026.0,47777794.0,47781566.0,47785844.0,47790727.0,47795400.0,47800140.0,47804049.0,47807134.0,47810476.0,47814048.0,47818042.0,47821865.0,47825257.0,47828506.0,47831928.0,47835206.0,47838642.0,47841834.0,47845274.0,47848868.0,47852175.0,47855567.0,47859272.0,47862603.0,47865950.0,47869382.0,47872918.0,47876361.0,47879965.0,47883593.0,47886669.0,47889748.0,47892829.0,47896279.0,47899624.0,47903125.0,47906559.0,47909666.0,47913427.0,47917120.0,47920723.0,47924542.0,47927954.0,47931380.0,47934526.0,47937733.0,47940962.0,47944340.0,47947767.0,47951045.0,47954227.0,47957300.0,47960529.0,47963864.0,47966991.0,,,,,,,,,47996485.0,48000097.0,48003460.0,48006761.0,48010192.0,48014383.0,48018489.0,48022891.0,48027423.0,48030700.0,48034461.0,48038910.0,48043213.0,48047902.0,48052507.0,48056400.0,48059463.0,48062744.0,48066093.0,48069196.0,48072540.0,48076025.0,48079321.0,48082662.0,48086022.0,48089275.0,48092679.0,48096181.0,48099505.0,48102890.0,48106300.0,48109908.0,48113413.0,48116809.0,48119899.0,48122946.0,48125860.0,48128784.0,48132049.0,48135233.0,48138273.0,48141429.0,48144527.0,48147645.0,48150697.0,48153711.0,48156883.0,48160100.0,48163223.0,48166429.0,48169488.0,48172564.0,48175627.0,48178743.0,48181754.0,48184790.0,48187685.0,48190448.0,48193370.0,48196381.0,48199364.0,48202111.0,48204518.0,48207421.0,48210129.0,48213031.0,48216103.0,48219261.0,48222139.0,48224905.0,48227792.0,48230758
YkZvwVf7F9k,12178238.0,12180386.0,12182833.0,12185389.0,12187656.0,12190093.0,12192136.0,12194213.0,12196352.0,12198588.0,12200816.0,12202824.0,12204884.0,12207041.0,12209450.0,12211610.0,12213852.0,12215998.0,12218125.0,12220322.0,12222571.0,12224838.0,12227014.0,12229406.0,12231871.0,12234008.0,12236211.0,12238557.0,12241043.0,12243379.0,12245854.0,12248265.0,12250632.0,12253093.0,12255445.0,12257789.0,12260203.0,12262359.0,12264662.0,12266546.0,12268569.0,12270447.0,12272412.0,12274428.0,12276550.0,12278706.0,12280842.0,12283465.0,12285792.0,12287927.0,12290112.0,12292284.0,12294336.0,12296269.0,12298463.0,12300487.0,12302680.0,12304907.0,12307208.0,12309418.0,12311579.0,12313826.0,12315963.0,12318093.0,12320108.0,12322150.0,12324116.0,12326153.0,12327827.0,12330035.0,12332038.0,12333943.0,12336054.0,12337967.0,12339899.0,12342006.0,12343915.0,12346108.0,12348408.0,12350528.0,12352526.0,12354353.0,12356180.0,12357774.0,12359596.0,12361676.0,12363549.0,12365275.0,12367080.0,12368956.0,12370774.0,12372603.0,12374538.0,12376840.0,12379097.0,12380966.0,12382908.0,12384710.0,12386536.0,12388282.0,12390217.0,12392281.0,12394113.0,12395899.0,12397684.0,12399586.0,12401482.0,12403558.0,12405701.0,12407644.0,12409664.0,12411486.0,12413609.0,12415684.0,12418045.0,12420253.0,12422010.0,12423850.0,12425685.0,12427643.0,12429775.0,12431862.0,12434095.0,12435989.0,12437659.0,12439380.0,12441147.0,12442954.0,12444862.0,12446723.0,12448413.0,12450089.0,12451720.0,12453285.0,,,,,,,,,12469223.0,12470975.0,12472672.0,12474364.0,12476047.0,12477640.0,12479212.0,12480762.0,12482516.0,12484123.0,12485637.0,12486943.0,12488674.0,12490378.0,12492097.0,12493838.0,12495345.0,12496786.0,12498188.0,12499630.0,12501169.0,12502832.0,12504561.0,12506088.0,12507673.0,12509230.0,12510802.0,12512336.0,12513953.0,12515528.0,12517058.0,12518787.0,12520520.0,12522174.0,12523811.0,12525571.0,12527280.0,12528886.0,12530551.0,12532217.0,12533884.0,12535752.0,12537599.0,12539328.0,12541012.0,12542661.0,12544336.0,12545956.0,12547595.0,12549278.0,12550957.0,12552564.0,12554163.0,12555891.0,12557510.0,12559150.0,12560801.0,12562370.0,12563845.0,12565503.0,12567146.0,12568736.0,12570173.0,12571772.0,12573436.0,12575178.0,12576970.0,12578521.0,12580142.0,12581653.0,12583221.0,12584789
pM-jOfy_1jM,132115117.0,132168468.0,132231590.0,132301728.0,132366838.0,132425608.0,132491694.0,132554006.0,132615545.0,132682947.0,132750143.0,132805206.0,132860863.0,132916190.0,132974142.0,133030428.0,133090543.0,133150405.0,133206152.0,133259727.0,133318930.0,133380168.0,133440576.0,133504112.0,133568897.0,133631203.0,133694674.0,133758309.0,133826416.0,133897187.0,133973583.0,134048301.0,134112763.0,134180585.0,134246752.0,134312540.0,134382638.0,134457142.0,134525998.0,134585589.0,134646472.0,134709901.0,134775903.0,134842761.0,134914164.0,134987541.0,135055755.0,135129960.0,135202206.0,135273994.0,135347489.0,135426355.0,135504222.0,135579662.0,135656324.0,135734593.0,135811091.0,135885482.0,135966942.0,136048937.0,136122526.0,136194660.0,136266162.0,136338871.0,136413986.0,136491910.0,136567809.0,136639362.0,136704581.0,136789947.0,136865320.0,136935249.0,137006891.0,137082533.0,137155179.0,137230512.0,137307508.0,137380063.0,137465192.0,137555105.0,137639819.0,137721061.0,137799821.0,137881109.0,137962009.0,138040353.0,138116120.0,138188398.0,138259090.0,138324378.0,138390136.0,138456624.0,138527961.0,138606807.0,138682276.0,138744288.0,138801118.0,138860274.0,138921001.0,138985093.0,139053593.0,139127297.0,139189202.0,139243218.0,139297569.0,139353293.0,139410527.0,139473906.0,139544965.0,139606787.0,139663047.0,139720730.0,139776344.0,139831416.0,139896297.0,139967039.0,140027941.0,140084686.0,140142429.0,140200344.0,140260592.0,140323622.0,140391497.0,140454533.0,140516601.0,140581419.0,140648600.0,140712247.0,140783430.0,140854978.0,140913792.0,140970262.0,141026549.0,141081361.0,,,,,,,,,141651211.0,141723250.0,141786134.0,141845826.0,141903724.0,141960312.0,142016632.0,142074055.0,142141473.0,142199220.0,142255507.0,142306699.0,142362216.0,142417550.0,142477910.0,142541173.0,142597006.0,142652786.0,142709944.0,142769330.0,142831316.0,142910295.0,142984983.0,143050872.0,143112962.0,143174053.0,143237517.0,143311135.0,143395867.0,143477231.0,143546792.0,143614441.0,143679881.0,143743051.0,143810464.0,143881756.0,143952560.0,144013052.0,144073721.0,144135195.0,144196365.0,144255991.0,144319654.0,144385714.0,144443910.0,144500112.0,144557832.0,144614910.0,144671465.0,144736476.0,144801743.0,144857019.0,144914063.0,144975805.0,145035686.0,145098166.0,145163103.0,145226319.0,145285053.0,145353291.0,145421226.0,145489275.0,145541679.0,145600026.0,145656975.0,145716464.0,145781456.0,145846593.0,145913467.0,145964948.0,146026985.0,146085338
ukIGxgdbqqI,19362515.0,19368005.0,19374741.0,19381799.0,19388116.0,19394095.0,19401140.0,19408741.0,19416075.0,19423629.0,19430788.0,19437333.0,19443580.0,19449421.0,19456212.0,19463281.0,19470802.0,19478446.0,19485521.0,19492330.0,19499149.0,19506606.0,19514129.0,19521597.0,19528563.0,19534773.0,19540841.0,19547177.0,19554556.0,19561205.0,19567910.0,19575199.0,19582273.0,19589024.0,19595658.0,19602178.0,19608858.0,19615627.0,19622431.0,19628704.0,19634873.0,19640715.0,19646236.0,19652022.0,19658192.0,19664811.0,19671272.0,19678007.0,19684480.0,19690084.0,19695717.0,19702023.0,19708184.0,19714313.0,19720235.0,19726053.0,19732063.0,19739291.0,19746860.0,19753563.0,19759900.0,19766204.0,19772335.0,19778309.0,19784430.0,19790199.0,19795633.0,19800861.0,19805610.0,19811923.0,19818287.0,19824071.0,19829350.0,19834854.0,19840408.0,19845920.0,19851424.0,19856903.0,19865828.0,19874947.0,19881421.0,19886731.0,19891178.0,19896352.0,19901515.0,19907145.0,19912761.0,19918012.0,19923662.0,19927745.0,19932241.0,19936488.0,19941227.0,19948969.0,19956339.0,19961218.0,19965510.0,19969595.0,19973855.0,19978353.0,19983028.0,19988246.0,19993028.0,19997285.0,20001804.0,20005974.0,20010165.0,20014877.0,20019999.0,20025121.0,20029749.0,20034265.0,20038953.0,20043696.0,20048740.0,20053862.0,20058364.0,20062467.0,20066586.0,20070440.0,20074587.0,20078845.0,20083215.0,20087561.0,20091737.0,20095852.0,20099985.0,20104157.0,20108753.0,20113481.0,20118069.0,20122572.0,20126984.0,20130876.0,,,,,,,,,20172540.0,20177693.0,20182641.0,20186996.0,20191537.0,20196000.0,20200523.0,20205384.0,20211813.0,20217308.0,20222487.0,20227567.0,20233029.0,20238349.0,20244065.0,20250672.0,20256313.0,20261410.0,20267139.0,20272093.0,20276218.0,20281160.0,20285845.0,20290330.0,20294979.0,20299326.0,20303557.0,20308970.0,20315191.0,20321082.0,20325841.0,20330604.0,20335033.0,20339394.0,20346115.0,20350992.0,20356073.0,20360443.0,20364956.0,20369662.0,20374071.0,20377820.0,20381937.0,20386275.0,20390405.0,20394472.0,20398728.0,20403045.0,20407226.0,20411574.0,20415830.0,20419807.0,20424037.0,20428213.0,20432124.0,20436503.0,20441162.0,20445590.0,20449835.0,20454580.0,20459345.0,20464108.0,20467869.0,20471968.0,20476212.0,20480535.0,20485049.0,20489640.0,20494000.0,20497472.0,20501610.0,20505919
jYSlpC6Ud2A,206494792.0,206580143.0,206677832.0,206780662.0,206873141.0,206964534.0,207061462.0,207160914.0,207257943.0,207357808.0,207466893.0,207559845.0,207652669.0,207739747.0,207831004.0,207922240.0,208019804.0,208116869.0,208205435.0,208290730.0,208379739.0,208472253.0,208566569.0,208667977.0,208769292.0,208863612.0,208954532.0,209046489.0,209138022.0,209230801.0,209324658.0,209418328.0,209508537.0,209607514.0,209705165.0,209795343.0,209890503.0,209992795.0,210101704.0,210203858.0,210305594.0,210404077.0,210502812.0,210604960.0,210708569.0,210812972.0,210910700.0,211021965.0,211134709.0,211243843.0,211353011.0,211467356.0,211578846.0,211685370.0,211804711.0,211919995.0,212030879.0,212136212.0,212244924.0,212359332.0,212467646.0,212582067.0,212697088.0,212822729.0,212955892.0,213075141.0,213187001.0,213297513.0,213396795.0,213522357.0,213636984.0,213756009.0,213879523.0,214005292.0,214125518.0,214241098.0,214357079.0,214467572.0,214602520.0,214741988.0,214887173.0,215010972.0,215123479.0,215237508.0,215355954.0,215477721.0,215608198.0,215742367.0,215860111.0,215966998.0,216065654.0,216162127.0,216271270.0,216398793.0,216535578.0,216643328.0,216737379.0,216828760.0,216922428.0,217027154.0,217142371.0,217271702.0,217382609.0,217479351.0,217575189.0,217673132.0,217773873.0,217881644.0,217999837.0,218106331.0,218200360.0,218302839.0,218408247.0,218512411.0,218631013.0,218752212.0,218852541.0,218947407.0,219043810.0,219139919.0,219239233.0,219345632.0,219463740.0,219564771.0,219659214.0,219753571.0,219854212.0,219954118.0,220068911.0,220190034.0,220291855.0,220387172.0,220485116.0,220578141.0,,,,,,,,,221529676.0,221649350.0,221752550.0,221849104.0,221945095.0,222040692.0,222133352.0,222229274.0,222338842.0,222429783.0,222517064.0,222602780.0,222695390.0,222785104.0,222885536.0,222990103.0,223079160.0,223164483.0,223250934.0,223336998.0,223422879.0,223527248.0,223636631.0,223725993.0,223809859.0,223894888.0,223985597.0,224094800.0,224232344.0,224360703.0,224466906.0,224566929.0,224662900.0,224759513.0,224860767.0,224973753.0,225084923.0,225177486.0,225268795.0,225361225.0,225452355.0,225543852.0,225646085.0,225751921.0,225843346.0,225929609.0,226019888.0,226113037.0,226206909.0,226310730.0,226414828.0,226505711.0,226596920.0,226696006.0,226793104.0,226891007.0,226996873.0,227096612.0,227190078.0,227294883.0,227403286.0,227520633.0,227608282.0,227707896.0,227802292.0,227898092.0,227999816.0,228104057.0,228216398.0,228297798.0,228395854.0,228486978
jW-bkbSWb4A,133068933.0,133122670.0,133184685.0,133252988.0,133317521.0,133381114.0,133456806.0,133532496.0,133603130.0,133673407.0,133746015.0,133808412.0,133872901.0,133933615.0,133996755.0,134057097.0,134120744.0,134185423.0,134244200.0,134300697.0,134363066.0,134428313.0,134491939.0,134560047.0,134627774.0,134688522.0,134750848.0,134816156.0,134884729.0,134947828.0,135012978.0,135074180.0,135131205.0,135194211.0,135257696.0,135315800.0,135374560.0,135437501.0,135499770.0,135553913.0,135612362.0,135673189.0,135734563.0,135799103.0,135865433.0,135929859.0,135990269.0,136058412.0,136124901.0,136194675.0,136264374.0,136334225.0,136399300.0,136459690.0,136529093.0,136599558.0,136670651.0,136739713.0,136812513.0,136877443.0,136934874.0,136999524.0,137064150.0,137134182.0,137208822.0,137278458.0,137346996.0,137412665.0,137470003.0,137541818.0,137607495.0,137670615.0,137736636.0,137807823.0,137877273.0,137944728.0,138011437.0,138075149.0,138147949.0,138226598.0,138311970.0,138386485.0,138453417.0,138522184.0,138590343.0,138656927.0,138723847.0,138792424.0,138857592.0,138918594.0,138976629.0,139032079.0,139088706.0,139150361.0,139216157.0,139273028.0,139325966.0,139380094.0,139434392.0,139489767.0,139547446.0,139613276.0,139670498.0,139725918.0,139783844.0,139842435.0,139901617.0,139966415.0,140036105.0,140096307.0,140151044.0,140206320.0,140259236.0,140314554.0,140376986.0,140442169.0,140496100.0,140548836.0,140602713.0,140656881.0,140713060.0,140771954.0,140837144.0,140892840.0,140945878.0,141000208.0,141057792.0,141120249.0,141188078.0,141259037.0,141323155.0,141380463.0,141437922.0,141494709.0,,,,,,,,,142013101.0,142076620.0,142131123.0,142183621.0,142236870.0,142287851.0,142336644.0,142386705.0,142443759.0,142492533.0,142539387.0,142582884.0,142628878.0,142674456.0,142726191.0,142779919.0,142825491.0,142870911.0,142917995.0,142966751.0,143016056.0,143076980.0,143138109.0,143189694.0,143238605.0,143286210.0,143336074.0,143396348.0,143462459.0,143527377.0,143583233.0,143635777.0,143687693.0,143743590.0,143804169.0,143865422.0,143924870.0,143973516.0,144024275.0,144075895.0,144129571.0,144183039.0,144241551.0,144304514.0,144360459.0,144414435.0,144469379.0,144524304.0,144578586.0,144637786.0,144695799.0,144745875.0,144795651.0,144849956.0,144904520.0,144960004.0,145018722.0,145073966.0,145127246.0,145188015.0,145251681.0,145315829.0,145361319.0,145414211.0,145464992.0,145516328.0,145572406.0,145629864.0,145689414.0,145732757.0,145785714.0,145837853
pNIVcEVdjqc,8170144.0,8171670.0,8173789.0,8175991.0,8177822.0,8179662.0,8181843.0,8184067.0,8186448.0,8189125.0,8192277.0,8194488.0,8196889.0,8199224.0,8202019.0,8204316.0,8207160.0,8209876.0,8211843.0,8213736.0,8215653.0,8217626.0,8219666.0,8221910.0,8224345.0,8226214.0,8227936.0,8229702.0,8231559.0,8233327.0,8235394.0,8237398.0,8238944.0,8240610.0,8242241.0,8243820.0,8245594.0,8247537.0,8249467.0,8251142.0,8252802.0,8254423.0,8256076.0,8257796.0,8259666.0,8261493.0,8263184.0,8264904.0,8266629.0,8268412.0,8270232.0,8272122.0,8273971.0,8275564.0,8277378.0,8279241.0,8280940.0,8282615.0,8284486.0,8286316.0,8288076.0,8289926.0,8291533.0,8293196.0,8294968.0,8296669.0,8298382.0,8299987.0,8301317.0,8303271.0,8305164.0,8307135.0,8309059.0,8311069.0,8312838.0,8314457.0,8316105.0,8317782.0,8319646.0,8321559.0,8323408.0,8325046.0,8326501.0,8328084.0,8329566.0,8331090.0,8332765.0,8334517.0,8335915.0,8337277.0,8338597.0,8339950.0,8341366.0,8343051.0,8344895.0,8346322.0,8347615.0,8348819.0,8350059.0,8351345.0,8352909.0,8354488.0,8356075.0,8357381.0,8358849.0,8360181.0,8361523.0,8363109.0,8364729.0,8366148.0,8367625.0,8368998.0,8370331.0,8371761.0,8373408.0,8375287.0,8376713.0,8378050.0,8379307.0,8380565.0,8381820.0,8383323.0,8385027.0,8386391.0,8387716.0,8389190.0,8390587.0,8392153.0,8393836.0,8395507.0,8397029.0,8398279.0,8399536.0,8400765.0,,,,,,,,,8412698.0,8414231.0,8415494.0,8416738.0,8417914.0,8419079.0,8420201.0,8421555.0,8423055.0,8424435.0,8425551.0,8426580.0,8427722.0,8428911.0,8430254.0,8431807.0,8432919.0,8433987.0,8435039.0,8436033.0,8436986.0,8438282.0,8439549.0,8440655.0,8441616.0,8442689.0,8443755.0,8444949.0,8446131.0,8447364.0,8448565.0,8449617.0,8450663.0,8451759.0,8452881.0,8454238.0,8455454.0,8456508.0,8457699.0,8458918.0,8460071.0,8461199.0,8462613.0,8463964.0,8465139.0,8466164.0,8467284.0,8468587.0,8469811.0,8471242.0,8472637.0,8473768.0,8475025.0,8476323.0,8477595.0,8478966.0,8480456.0,8481855.0,8483026.0,8484259.0,8485661.0,8487184.0,8488741.0,8490379.0,8492169.0,8494310.0,8496254.0,8498282.0,8499984.0,8501561.0,8503228.0,8504900
D8WwqWS2E6E,9306945.0,9309578.0,9312674.0,9315960.0,9319565.0,9322695.0,9326357.0,9330288.0,9335320.0,9340735.0,9345619.0,9349622.0,9353631.0,9356900.0,9360153.0,9363350.0,9366399.0,9369655.0,9372556.0,9375244.0,9377831.0,9380514.0,9383104.0,9385776.0,9388570.0,9390995.0,9393546.0,9396110.0,9398728.0,9401327.0,9403988.0,9406773.0,9409658.0,9412514.0,9415234.0,9417999.0,9420855.0,9423645.0,9426543.0,9429396.0,9432443.0,9435255.0,9438246.0,9441385.0,9444357.0,9447167.0,9449781.0,9452854.0,9455833.0,9458881.0,9462170.0,9465626.0,9468930.0,9472230.0,9475774.0,9479423.0,9482897.0,9486269.0,9489683.0,9492979.0,9496157.0,9499307.0,9502323.0,9505413.0,9508688.0,9511972.0,9515204.0,9518360.0,9521235.0,9524832.0,9528315.0,9531540.0,9535083.0,9538315.0,9541866.0,9544916.0,9548235.0,9551317.0,9555865.0,9559947.0,9563277.0,9566360.0,9569036.0,9571618.0,9574226.0,9576900.0,9579575.0,9582313.0,9584911.0,9587442.0,9590442.0,9593408.0,9596392.0,9599761.0,9603456.0,9606321.0,9609069.0,9611507.0,9613918.0,9616272.0,9619028.0,9622353.0,9625196.0,9627885.0,9630590.0,9633082.0,9635444.0,9638254.0,9641253.0,9643856.0,9646346.0,9648975.0,9651613.0,9654363.0,9657340.0,9660513.0,9663332.0,9665806.0,9668518.0,9671027.0,9673749.0,9676614.0,9680077.0,9683009.0,9685675.0,9688170.0,9690637.0,9693207.0,9696076.0,9699250.0,9702011.0,9704767.0,9707515.0,9710107.0,,,,,,,,,9736112.0,9739506.0,9742420.0,9745193.0,9748100.0,9750654.0,9753257.0,9756239.0,9759746.0,9762684.0,9765394.0,9768117.0,9770915.0,9773727.0,9776759.0,9780142.0,9783102.0,9785870.0,9788344.0,9790711.0,9793077.0,9796049.0,9799208.0,9802041.0,9804618.0,9807292.0,9809686.0,9812853.0,9816186.0,9819429.0,9822293.0,9825010.0,9827428.0,9829931.0,9832440.0,9835300.0,9838169.0,9840703.0,9843204.0,9845708.0,9848040.0,9850418.0,9852932.0,9855465.0,9857947.0,9860293.0,9862796.0,9865510.0,9868034.0,9870761.0,9873502.0,9876103.0,9878649.0,9881413.0,9883942.0,9886665.0,9889568.0,9892679.0,9895990.0,9899485.0,9902901.0,9906067.0,9908835.0,9911888.0,9914984.0,9918390.0,9922197.0,9925873.0,9929383.0,9932362.0,9935845.0,9939221
i74J9TKRYSw,4432932.0,4433321.0,4433707.0,4434086.0,4434473.0,4434952.0,4435419.0,4435963.0,4436569.0,4437110.0,4437610.0,4438072.0,4438568.0,4439142.0,4439654.0,4440136.0,4440577.0,4440928.0,4441370.0,4441833.0,4442308.0,4442779.0,4443282.0,4443760.0,4444113.0,4444532.0,4445024.0,4445506.0,4445994.0,4446511.0,4446942.0,4447432.0,4447983.0,4448569.0,4449432.0,4450200.0,4450914.0,4451682.0,4452405.0,4453169.0,4454033.0,4455620.0,4457315.0,4458893.0,4460024.0,4461126.0,4462358.0,4463534.0,4464736.0,4465818.0,4466887.0,4467901.0,4468878.0,4469877.0,4471061.0,4472193.0,4473246.0,4474282.0,4475191.0,4476165.0,4477217.0,4478381.0,4479538.0,4480627.0,4481608.0,4482451.0,4483336.0,4484342.0,4485443.0,4486733.0,4488030.0,4489119.0,4490050.0,4490872.0,4491892.0,4493084.0,4494304.0,4495564.0,4496749.0,4497636.0,4498434.0,4499540.0,4500638.0,4501853.0,4503166.0,4504388.0,4505471.0,4506419.0,4507471.0,4508539.0,4509749.0,4510993.0,4512078.0,4513164.0,4514115.0,4515258.0,4516275.0,4517502.0,4518613.0,4519636.0,4520568.0,4521503.0,4522619.0,4523732.0,4524895.0,4526002.0,4527047.0,4527990.0,4528877.0,4530155.0,4531533.0,4532990.0,4534338.0,4535563.0,4536703.0,4537688.0,4538683.0,4539923.0,4540976.0,4542013.0,4543089.0,4544085.0,4545037.0,4546086.0,4547325.0,4548514.0,4549644.0,4550824.0,4551895.0,4552913.0,4554102.0,4555192.0,4556420.0,4557554.0,,,,,,,,,4567323.0,4568299.0,4569391.0,4570471.0,4571572.0,4572651.0,4573677.0,4574589.0,4575487.0,4576535.0,4577560.0,4578635.0,4579869.0,4580931.0,4581954.0,4582923.0,4584038.0,4585247.0,4586423.0,4587659.0,4588831.0,4590076.0,4591134.0,4592352.0,4593794.0,4595193.0,4596651.0,4598079.0,4599313.0,4600550.0,4601821.0,4603223.0,4604665.0,4606006.0,4607314.0,4608313.0,4609549.0,4610823.0,4612187.0,4613670.0,4615007.0,4616294.0,4617405.0,4618535.0,4620000.0,4621717.0,4623224.0,4624642.0,4625946.0,4627109.0,4628282.0,4629632.0,4630902.0,4632230.0,4633500.0,4634709.0,4635723.0,4636631.0,4637988.0,4639347.0,4640698.0,4641850.0,4642905.0,4644060.0,4644966.0,4645985.0,4647160.0,4648223.0,4649113.0,4650065.0,4650886.0,4651737
I02ULETFESI,21950969.0,21953372.0,21955903.0,21958323.0,21960841.0,21963364.0,21966113.0,21969110.0,21972529.0,21975672.0,21978869.0,21981695.0,21984685.0,21987575.0,21990736.0,21993914.0,21996752.0,21999668.0,22002354.0,22005103.0,22008100.0,22011239.0,22014510.0,22017474.0,22020391.0,22023179.0,22026024.0,22028887.0,22031956.0,22035047.0,22037921.0,22040718.0,22043549.0,22049245.0,22061627.0,22072250.0,22083773.0,22092500.0,22100256.0,22109407.0,22117951.0,22127994.0,22136887.0,22145082.0,22152671.0,22159386.0,22165720.0,22172401.0,22178690.0,22184625.0,22190129.0,22196533.0,22202320.0,22208019.0,22213817.0,22219365.0,22224574.0,22229621.0,22234773.0,22240059.0,22245878.0,22251727.0,22257607.0,22263833.0,22269979.0,22275422.0,22280464.0,22285777.0,22290732.0,22297712.0,22304299.0,22310485.0,22316251.0,22321152.0,22326235.0,22331623.0,22336989.0,22342477.0,22347778.0,22352594.0,22356920.0,22361838.0,22367018.0,22372333.0,22378258.0,22384168.0,22389710.0,22394598.0,22399434.0,22404076.0,22408993.0,22414109.0,22419139.0,22424269.0,22429304.0,22434166.0,22438980.0,22443412.0,22448282.0,22453021.0,22457664.0,22462210.0,22466685.0,22471034.0,22475327.0,22479800.0,22484368.0,22488717.0,22492966.0,22497442.0,22501883.0,22506204.0,22510584.0,22515126.0,22519314.0,22523212.0,22527209.0,22531432.0,22535588.0,22540092.0,22544633.0,22548839.0,22553172.0,22557370.0,22561902.0,22566467.0,22571123.0,22576118.0,22580710.0,22585264.0,22590009.0,22594735.0,22599485.0,22603994.0,,,,,,,,,22645541.0,22649648.0,22653755.0,22657877.0,22662322.0,22666708.0,22670888.0,22674754.0,22678559.0,22682375.0,22686598.0,22690649.0,22695457.0,22699959.0,22704204.0,22708340.0,22712510.0,22717011.0,22721445.0,22726153.0,22731140.0,22736418.0,22741273.0,22746594.0,22752031.0,22757260.0,22762624.0,22768230.0,22773173.0,22778061.0,22783015.0,22787862.0,22792759.0,22797592.0,22802222.0,22807588.0,22812250.0,22816931.0,22821812.0,22826605.0,22831308.0,22835790.0,22840220.0,22844662.0,22849204.0,22853895.0,22858286.0,22862984.0,22867441.0,22871692.0,22875837.0,22880171.0,22884584.0,22889253.0,22893872.0,22898163.0,22902418.0,22906671.0,22910792.0,22915159.0,22919493.0,22923465.0,22926937.0,22930625.0,22933998.0,22937488.0,22941666.0,22945352.0,22948996.0,22952378.0,22955880.0,22959375
4bRuhofxsQ4,2735227.0,2735584.0,2735980.0,2736358.0,2736675.0,2737093.0,2737487.0,2737968.0,2738594.0,2739062.0,2739546.0,2739961.0,2740418.0,2740840.0,2741360.0,2741846.0,2742186.0,2742566.0,2743006.0,2743474.0,2743970.0,2744426.0,2744874.0,2745291.0,2745687.0,2746057.0,2746508.0,2746921.0,2747388.0,2747736.0,2748077.0,2748471.0,2748893.0,2749632.0,2750998.0,2752130.0,2753069.0,2753731.0,2754446.0,2755230.0,2756160.0,2757068.0,2757769.0,2758552.0,2759149.0,2759752.0,2760358.0,2761024.0,2761714.0,2762219.0,2762815.0,2763313.0,2763803.0,2764266.0,2764843.0,2765328.0,2765842.0,2766290.0,2766719.0,2767124.0,2767675.0,2768182.0,2768682.0,2769240.0,2769679.0,2770059.0,2770380.0,2770832.0,2771280.0,2771848.0,2772485.0,2773053.0,2773526.0,2773999.0,2774532.0,2775075.0,2775631.0,2776293.0,2776846.0,2777242.0,2777660.0,2778269.0,2778832.0,2779397.0,2780041.0,2780614.0,2781140.0,2781625.0,2782169.0,2782691.0,2783359.0,2783952.0,2784420.0,2784968.0,2785420.0,2785936.0,2786499.0,2786989.0,2787560.0,2788104.0,2788573.0,2788998.0,2789508.0,2789950.0,2790508.0,2790969.0,2791419.0,2791781.0,2792191.0,2792688.0,2793240.0,2793699.0,2794130.0,2794685.0,2795181.0,2795593.0,2796066.0,2796650.0,2797181.0,2797751.0,2798237.0,2798702.0,2799154.0,2799628.0,2800187.0,2800703.0,2801264.0,2801792.0,2802299.0,2802753.0,2803283.0,2803870.0,2804407.0,2804982.0,,,,,,,,,2809846.0,2810322.0,2810953.0,2811439.0,2812048.0,2812645.0,2813320.0,2813888.0,2814516.0,2815240.0,2816051.0,2816741.0,2817527.0,2818278.0,2818965.0,2819627.0,2820442.0,2821302.0,2822059.0,2822887.0,2823523.0,2824347.0,2825023.0,2825868.0,2826853.0,2827868.0,2828842.0,2829799.0,2830628.0,2831548.0,2832728.0,2833752.0,2834884.0,2835885.0,2836814.0,2837787.0,2838711.0,2839878.0,2841178.0,2842494.0,2843793.0,2845028.0,2846115.0,2847214.0,2848497.0,2850040.0,2851394.0,2852684.0,2853963.0,2855109.0,2856248.0,2857596.0,2858917.0,2860321.0,2861682.0,2863095.0,2864297.0,2865518.0,2866865.0,2868330.0,2870285.0,2873696.0,2875581.0,2876741.0,2877676.0,2878826.0,2879758.0,2880910.0,2881857.0,2882730.0,2883624.0,2884445
FkGXSXvwh0g,1827218.0,1827358.0,1827526.0,1827668.0,1827804.0,1827934.0,1828087.0,1828284.0,1828490.0,1828653.0,1828840.0,1829019.0,1829192.0,1829388.0,1829578.0,1829789.0,1829981.0,1830194.0,1830401.0,1830640.0,1830863.0,1831107.0,1831370.0,1831576.0,1831784.0,1831935.0,1832119.0,1832273.0,1832467.0,1832647.0,1832821.0,1832992.0,1833173.0,1833359.0,1833552.0,1833711.0,1833890.0,1834041.0,1834214.0,1834363.0,1834545.0,1834710.0,1834862.0,1835021.0,1835199.0,1835390.0,1835543.0,1835698.0,1835870.0,1836063.0,1836201.0,1836370.0,1836503.0,1836624.0,1836734.0,1836883.0,1837028.0,1837175.0,1837336.0,1837521.0,1837675.0,1837879.0,1838039.0,1838198.0,1838381.0,1838529.0,1838694.0,1838823.0,1838953.0,1839104.0,1839242.0,1839396.0,1839536.0,1839674.0,1839842.0,1839975.0,1840124.0,1840262.0,1840431.0,1840576.0,1840721.0,1840875.0,1841012.0,1841180.0,1841338.0,1841536.0,1841731.0,1841946.0,1842135.0,1842310.0,1842464.0,1842610.0,1842757.0,1842939.0,1843091.0,1843247.0,1843378.0,1843531.0,1843650.0,1843748.0,1843871.0,1844003.0,1844108.0,1844215.0,1844357.0,1844482.0,1844631.0,1844777.0,1844903.0,1845021.0,1845140.0,1845265.0,1845412.0,1845552.0,1845730.0,1845898.0,1846039.0,1846158.0,1846285.0,1846386.0,1846524.0,1846694.0,1846819.0,1846933.0,1847061.0,1847168.0,1847302.0,1847428.0,1847563.0,1847699.0,1847815.0,1847941.0,1848071.0,1848207.0,,,,,,,,,1849375.0,1849516.0,1849638.0,1849759.0,1849852.0,1849968.0,1850066.0,1850177.0,1850318.0,1850453.0,1850557.0,1850658.0,1850775.0,1850874.0,1850975.0,1851082.0,1851176.0,1851308.0,1851420.0,1851521.0,1851636.0,1851741.0,1851868.0,1851982.0,1852087.0,1852195.0,1852315.0,1852412.0,1852552.0,1852667.0,1852784.0,1852910.0,1853018.0,1853105.0,1853221.0,1853329.0,1853455.0,1853584.0,1853690.0,1853818.0,1853959.0,1854066.0,1854174.0,1854295.0,1854428.0,1854569.0,1854697.0,1854822.0,1854958.0,1855096.0,1855212.0,1855307.0,1855430.0,1855564.0,1855706.0,1855819.0,1855949.0,1856050.0,1856186.0,1856319.0,1856449.0,1856564.0,1856660.0,1856768.0,1856897.0,1857042.0,1857183.0,1857318.0,1857421.0,1857512.0,1857629.0,1857746
X-_WpwqmMQU,15726.0,15726.0,15732.0,15736.0,15740.0,15743.0,15749.0,15750.0,15754.0,15756.0,15758.0,15759.0,15761.0,15762.0,15770.0,15774.0,15781.0,15785.0,15790.0,15793.0,15801.0,15805.0,15807.0,15808.0,15811.0,15816.0,15818.0,15821.0,15823.0,15824.0,15826.0,15829.0,15832.0,15834.0,15832.0,15834.0,15838.0,15846.0,15849.0,15853.0,15862.0,15868.0,15873.0,15880.0,15884.0,15893.0,15899.0,15906.0,15908.0,15913.0,15914.0,15914.0,15917.0,15922.0,15925.0,15930.0,15936.0,15942.0,15946.0,15953.0,15954.0,15962.0,15972.0,15975.0,15982.0,15986.0,15987.0,15990.0,15992.0,15996.0,16005.0,16011.0,16013.0,16017.0,16018.0,16022.0,16027.0,16032.0,16035.0,16049.0,16057.0,16061.0,16066.0,16069.0,16075.0,16082.0,16088.0,16096.0,16101.0,16103.0,16106.0,16112.0,16120.0,16124.0,16126.0,16130.0,16133.0,16135.0,16139.0,16145.0,16147.0,16149.0,16150.0,16153.0,16156.0,16156.0,16161.0,16167.0,16169.0,16170.0,16182.0,16187.0,16195.0,16204.0,16205.0,16210.0,16210.0,16211.0,16213.0,16214.0,16219.0,16224.0,16229.0,16231.0,16234.0,16238.0,16246.0,16249.0,16255.0,16261.0,16270.0,16275.0,16285.0,16291.0,,,,,,,,,16352.0,16353.0,16355.0,16358.0,16361.0,16367.0,16372.0,16383.0,16388.0,16395.0,16403.0,16409.0,16419.0,16423.0,16433.0,16434.0,16435.0,16441.0,16447.0,16454.0,16460.0,16462.0,16467.0,16470.0,16472.0,16476.0,16480.0,16483.0,16489.0,16498.0,16507.0,16514.0,16516.0,16518.0,16523.0,16530.0,16533.0,16537.0,16547.0,16553.0,16562.0,16570.0,16577.0,16582.0,16587.0,16595.0,16601.0,16611.0,16616.0,16619.0,16625.0,16631.0,16635.0,16639.0,16641.0,16644.0,16645.0,16647.0,16651.0,16653.0,16655.0,16657.0,16661.0,16668.0,16672.0,16675.0,16679.0,16683.0,16688.0,16692.0,16694.0,16697
j23UVBzZFik,12492.0,12498.0,12500.0,12505.0,12509.0,12513.0,12524.0,12528.0,12530.0,12531.0,12536.0,12540.0,12542.0,12543.0,12547.0,12550.0,12558.0,12566.0,12571.0,12576.0,12585.0,12591.0,12594.0,12594.0,12599.0,12601.0,12604.0,12607.0,12613.0,12614.0,12618.0,12619.0,12621.0,12624.0,12626.0,12629.0,12631.0,12634.0,12638.0,12641.0,12645.0,12649.0,12651.0,12655.0,12660.0,12663.0,12664.0,12667.0,12670.0,12676.0,12683.0,12687.0,12691.0,12701.0,12705.0,12710.0,12712.0,12718.0,12720.0,12722.0,12727.0,12733.0,12735.0,12750.0,12755.0,12756.0,12759.0,12763.0,12765.0,12774.0,12777.0,12778.0,12781.0,12785.0,12787.0,12789.0,12792.0,12796.0,12799.0,12802.0,12803.0,12805.0,12811.0,12817.0,12821.0,12828.0,12830.0,12832.0,12835.0,12836.0,12840.0,12843.0,12846.0,12846.0,12849.0,12850.0,12854.0,12856.0,12859.0,12861.0,12862.0,12865.0,12866.0,12872.0,12878.0,12878.0,12880.0,12880.0,12883.0,12885.0,12886.0,12887.0,12894.0,12896.0,12897.0,12903.0,12905.0,12910.0,12914.0,12918.0,12920.0,12920.0,12922.0,12923.0,12928.0,12933.0,12940.0,12949.0,12951.0,12955.0,12961.0,12969.0,12976.0,12979.0,,,,,,,,,13029.0,13029.0,13041.0,13042.0,13044.0,13049.0,13049.0,13055.0,13058.0,13061.0,13066.0,13067.0,13070.0,13071.0,13073.0,13074.0,13077.0,13080.0,13082.0,13087.0,13093.0,13094.0,13095.0,13096.0,13096.0,13098.0,13102.0,13105.0,13111.0,13114.0,13117.0,13120.0,13128.0,13131.0,13135.0,13141.0,13147.0,13154.0,13161.0,13174.0,13176.0,13187.0,13197.0,13199.0,13206.0,13209.0,13216.0,13219.0,13223.0,13233.0,13240.0,13245.0,13253.0,13259.0,13260.0,13260.0,13263.0,13267.0,13271.0,13273.0,13274.0,13276.0,13278.0,13281.0,13283.0,13287.0,13292.0,13295.0,13297.0,13299.0,13303.0,13310
cr80yAQnQxE,3923797.0,3923939.0,3924083.0,3924258.0,3924399.0,3924543.0,3924699.0,3924892.0,3925044.0,3925198.0,3925329.0,3925477.0,3925636.0,3925791.0,3925947.0,3926121.0,3926272.0,3926422.0,3926565.0,3926730.0,3926898.0,3927033.0,3927150.0,3927288.0,3927417.0,3927554.0,3927696.0,3927850.0,3928018.0,3928151.0,3928330.0,3928452.0,3928570.0,3928697.0,3928880.0,3929018.0,3929150.0,3929310.0,3929454.0,3929594.0,3929770.0,3929909.0,3930057.0,3930203.0,3930342.0,3930489.0,3930640.0,3930784.0,3930919.0,3931055.0,3931191.0,3931336.0,3931491.0,3931617.0,3931754.0,3931889.0,3931995.0,3932113.0,3932248.0,3932358.0,3932499.0,3932624.0,3932754.0,3932898.0,3933060.0,3933167.0,3933301.0,3933425.0,3933551.0,3933670.0,3933777.0,3933914.0,3934038.0,3934155.0,3934263.0,3934377.0,3934481.0,3934605.0,3934721.0,3934829.0,3934960.0,3935065.0,3935187.0,3935296.0,3935418.0,3935553.0,3935666.0,3935782.0,3935894.0,3936027.0,3936161.0,3936277.0,3936451.0,3936598.0,3936723.0,3936858.0,3936971.0,3937073.0,3937199.0,3937327.0,3937450.0,3937621.0,3937730.0,3937863.0,3937966.0,3938091.0,3938213.0,3938342.0,3938475.0,3938621.0,3938758.0,3938884.0,3939024.0,3939197.0,3939338.0,3939522.0,3939649.0,3939806.0,3939966.0,3940097.0,3940230.0,3940349.0,3940458.0,3940578.0,3940682.0,3940803.0,3940942.0,3941063.0,3941177.0,3941293.0,3941402.0,3941547.0,3941647.0,3941759.0,,,,,,,,,3942795.0,3942932.0,3943032.0,3943142.0,3943240.0,3943345.0,3943472.0,3943546.0,3943677.0,3943783.0,3943901.0,3944013.0,3944108.0,3944268.0,3944402.0,3944545.0,3944661.0,3944801.0,3944916.0,3945011.0,3945101.0,3945198.0,3945328.0,3945454.0,3945533.0,3945623.0,3945693.0,3945812.0,3945911.0,3945994.0,3946118.0,3946240.0,3946351.0,3946462.0,3946573.0,3946690.0,3946842.0,3946947.0,3947066.0,3947186.0,3947284.0,3947417.0,3947513.0,3947622.0,3947723.0,3947833.0,3947918.0,3948044.0,3948163.0,3948258.0,3948376.0,3948489.0,3948580.0,3948714.0,3948810.0,3948913.0,3949017.0,3949087.0,3949183.0,3949290.0,3949379.0,3949473.0,3949554.0,3949640.0,3949765.0,3949876.0,3949964.0,3950052.0,3950170.0,3950263.0,3950355.0,3950448
pY2FC_HDn40,4967563.0,4967603.0,4967657.0,4967699.0,4967782.0,4967833.0,4967889.0,4967939.0,4967978.0,4968039.0,4968097.0,4968154.0,4968190.0,4968252.0,4968319.0,4968368.0,4968446.0,4968505.0,4968561.0,4968609.0,4968666.0,4968717.0,4968765.0,4968799.0,4968855.0,4968892.0,4968937.0,4968993.0,4969046.0,4969090.0,4969146.0,4969203.0,4969242.0,4969294.0,4969340.0,4969395.0,4969443.0,4969505.0,4969555.0,4969612.0,4969666.0,4969715.0,4969768.0,4969804.0,4969856.0,4969905.0,4969962.0,4970016.0,4970070.0,4970109.0,4970164.0,4970225.0,4970276.0,4970335.0,4970377.0,4970440.0,4970480.0,4970522.0,4970559.0,4970610.0,4970665.0,4970732.0,4970780.0,4970823.0,4970880.0,4970911.0,4970955.0,4970999.0,4971041.0,4971086.0,4971124.0,4971174.0,4971226.0,4971273.0,4971318.0,4971353.0,4971438.0,4971481.0,4971518.0,4971565.0,4971601.0,4971649.0,4971693.0,4971731.0,4971770.0,4971816.0,4971852.0,4971919.0,4971967.0,4972008.0,4972052.0,4972096.0,4972154.0,4972211.0,4972262.0,4972314.0,4972353.0,4972398.0,4972433.0,4972471.0,4972510.0,4972539.0,4972570.0,4972618.0,4972652.0,4972700.0,4972738.0,4972791.0,4972829.0,4972863.0,4972892.0,4972938.0,4972977.0,4973028.0,4973063.0,4973106.0,4973132.0,4973167.0,4973209.0,4973237.0,4973266.0,4973316.0,4973362.0,4973396.0,4973442.0,4973475.0,4973509.0,4973543.0,4973576.0,4973615.0,4973658.0,4973706.0,4973748.0,4973782.0,,,,,,,,,4974113.0,4974145.0,4974179.0,4974228.0,4974262.0,4974302.0,4974338.0,4974375.0,4974423.0,4974487.0,4974527.0,4974566.0,4974611.0,4974659.0,4974700.0,4974751.0,4974790.0,4974824.0,4974862.0,4974896.0,4974922.0,4974955.0,4974991.0,4975019.0,4975054.0,4975088.0,4975121.0,4975150.0,4975196.0,4975239.0,4975267.0,4975312.0,4975339.0,4975363.0,4975376.0,4975407.0,4975445.0,4975473.0,4975505.0,4975535.0,4975563.0,4975594.0,4975622.0,4975655.0,4975670.0,4975701.0,4975727.0,4975743.0,4975767.0,4975796.0,4975832.0,4975853.0,4975880.0,4975895.0,4975918.0,4975940.0,4975965.0,4975987.0,4976022.0,4976038.0,4976051.0,4976074.0,4976098.0,4976121.0,4976137.0,4976163.0,4976185.0,4976204.0,4976230.0,4976265.0,4976304.0,4976342
93AztUvkPfQ,5496397.0,5496507.0,5496601.0,5496721.0,5496867.0,5496973.0,5497105.0,5497243.0,5497369.0,5497490.0,5497607.0,5497729.0,5497814.0,5497922.0,5498034.0,5498161.0,5498286.0,5498386.0,5498504.0,5498607.0,5498705.0,5498799.0,5498908.0,5499006.0,5499093.0,5499182.0,5499306.0,5499418.0,5499527.0,5499648.0,5499757.0,5499858.0,5499975.0,5500078.0,5500236.0,5500371.0,5500481.0,5500581.0,5500707.0,5500819.0,5500952.0,5501081.0,5501208.0,5501328.0,5501482.0,5501614.0,5501723.0,5501861.0,5502003.0,5502154.0,5502299.0,5502423.0,5502582.0,5502686.0,5502808.0,5502949.0,5503089.0,5503198.0,5503314.0,5503430.0,5503548.0,5503683.0,5503817.0,5503926.0,5504035.0,5504134.0,5504232.0,5504333.0,5504441.0,5504579.0,5504696.0,5504817.0,5504921.0,5505055.0,5505174.0,5505302.0,5505434.0,5505581.0,5505775.0,5505943.0,5506085.0,5506217.0,5506349.0,5506499.0,5506622.0,5506833.0,5507028.0,5507210.0,5507346.0,5507479.0,5507613.0,5507759.0,5507886.0,5508019.0,5508168.0,5508306.0,5508421.0,5508537.0,5508654.0,5508769.0,5508881.0,5509024.0,5509178.0,5509298.0,5509440.0,5509589.0,5509690.0,5509800.0,5509898.0,5510016.0,5510145.0,5510307.0,5510512.0,5510665.0,5510798.0,5510922.0,5511057.0,5511170.0,5511308.0,5511440.0,5511576.0,5511717.0,5511829.0,5511949.0,5512089.0,5512230.0,5512366.0,5512471.0,5512589.0,5512678.0,5512808.0,5512980.0,5513125.0,5513232.0,,,,,,,,,5514304.0,5514391.0,5514468.0,5514557.0,5514677.0,5514808.0,5514916.0,5515012.0,5515161.0,5515313.0,5515450.0,5515576.0,5515708.0,5515843.0,5515957.0,5516087.0,5516216.0,5516363.0,5516561.0,5516708.0,5516839.0,5516973.0,5517118.0,5517280.0,5517371.0,5517500.0,5517627.0,5517739.0,5517855.0,5517982.0,5518090.0,5518203.0,5518329.0,5518439.0,5518543.0,5518660.0,5518815.0,5518942.0,5519083.0,5519207.0,5519377.0,5519643.0,5519750.0,5519884.0,5520017.0,5520118.0,5520294.0,5520470.0,5520693.0,5520879.0,5521037.0,5521243.0,5521457.0,5521721.0,5521973.0,5522264.0,5522653.0,5522960.0,5523396.0,5523730.0,5524060.0,5524387.0,5524795.0,5525181.0,5525645.0,5525991.0,5526365.0,5526766.0,5527103.0,5527502.0,5527827.0,5528099
0utfT0nbuTA,11989404.0,11992495.0,11996174.0,12000187.0,12003960.0,12007439.0,12010692.0,12014151.0,12017668.0,12021570.0,12025671.0,12029076.0,12032477.0,12035685.0,12038972.0,12042043.0,12045417.0,12048972.0,12052214.0,12055576.0,12058826.0,12062009.0,12064984.0,12068203.0,12071449.0,12074354.0,12077021.0,12079727.0,12082668.0,12085679.0,12088647.0,12091640.0,12094727.0,12097657.0,12100475.0,12103352.0,12106269.0,12109171.0,12112248.0,12115141.0,12117851.0,12120540.0,12123422.0,12126208.0,12128871.0,12132046.0,12135202.0,12138194.0,12140950.0,12143513.0,12146001.0,12148817.0,12151652.0,12154477.0,12157462.0,12160493.0,12163503.0,12166438.0,12169300.0,12172180.0,12175063.0,12177969.0,12180882.0,12183969.0,12186952.0,12189797.0,12192493.0,12195228.0,12197632.0,12200883.0,12203766.0,12206703.0,12209596.0,12212376.0,12215192.0,12218248.0,12221069.0,12223892.0,12226743.0,12229653.0,12232400.0,12234973.0,12237475.0,12240235.0,12243052.0,12245805.0,12248728.0,12252059.0,12255050.0,12258220.0,12261234.0,12264511.0,12267594.0,12270728.0,12273888.0,12276842.0,12279599.0,12282195.0,12284863.0,12287497.0,12290285.0,12293464.0,12296395.0,12299204.0,12301915.0,12304603.0,12307297.0,12310419.0,12313625.0,12316664.0,12319834.0,12322859.0,12325606.0,12328145.0,12330958.0,12334075.0,12336765.0,12339110.0,12341426.0,12343977.0,12346459.0,12348911.0,12351766.0,12354377.0,12357023.0,12359581.0,12362307.0,12364843.0,12367525.0,12370324.0,12373121.0,12375667.0,12378182.0,12380376.0,,,,,,,,,12403210.0,12406567.0,12411988.0,12418708.0,12423561.0,12428234.0,12432361.0,12436390.0,12441075.0,12445501.0,12449601.0,12453376.0,12456927.0,12460078.0,12463117.0,12466202.0,12469092.0,12472084.0,12474964.0,12477816.0,12480952.0,12484373.0,12487715.0,12490710.0,12493625.0,12496580.0,12499455.0,12502405.0,12505489.0,12508640.0,12511561.0,12514399.0,12517273.0,12519971.0,12522565.0,12525408.0,12528322.0,12530988.0,12533788.0,12536673.0,12539460.0,12542152.0,12545012.0,12548372.0,12551364.0,12553911.0,12556470.0,12559039.0,12561694.0,12564413.0,12567442.0,12570099.0,12572731.0,12575584.0,12578224.0,12581083.0,12583989.0,12586752.0,12589486.0,12592413.0,12595291.0,12598018.0,12600561.0,12603341.0,12606159.0,12609156.0,12612273.0,12615590.0,12618984.0,12622053.0,12625412.0,12628932
0utfT0nbuTA,11989404.0,11992495.0,11996174.0,12000187.0,12003960.0,12007439.0,12010692.0,12014151.0,12017668.0,12021570.0,12025671.0,12029076.0,12032477.0,12035685.0,12038972.0,12042043.0,12045417.0,12048972.0,12052214.0,12055576.0,12058826.0,12062009.0,12064984.0,12068203.0,12071449.0,12074354.0,12077021.0,12079727.0,12082668.0,12085679.0,12088647.0,12091640.0,12094727.0,12097657.0,12100475.0,12103352.0,12106269.0,12109171.0,12112248.0,12115141.0,12117851.0,12120540.0,12123422.0,12126208.0,12128871.0,12132046.0,12135202.0,12138194.0,12140950.0,12143513.0,12146001.0,12148817.0,12151652.0,12154477.0,12157462.0,12160493.0,12163503.0,12166438.0,12169300.0,12172180.0,12175063.0,12177969.0,12180882.0,12183969.0,12186952.0,12189797.0,12192493.0,12195228.0,12197632.0,12200883.0,12203766.0,12206703.0,12209596.0,12212376.0,12215192.0,12218248.0,12221069.0,12223892.0,12226743.0,12229653.0,12232400.0,12234973.0,12237475.0,12240235.0,12243052.0,12245805.0,12248728.0,12252059.0,12255050.0,12258220.0,12261234.0,12264511.0,12267594.0,12270728.0,12273888.0,12276842.0,12279599.0,12282195.0,12284863.0,12287497.0,12290285.0,12293366.0,12296395.0,12299204.0,12301915.0,12304603.0,12307297.0,12310419.0,12313625.0,12316664.0,12319834.0,12322859.0,12325606.0,12328145.0,12330958.0,12334075.0,12336765.0,12339110.0,12341426.0,12343977.0,12346459.0,12348911.0,12351766.0,12354377.0,12357023.0,12359581.0,12362307.0,12364843.0,12367525.0,12370324.0,12373121.0,12375667.0,12378182.0,12380376.0,,,,,,,,,12403210.0,12406567.0,12411988.0,12418708.0,12423561.0,12428234.0,12432361.0,12436390.0,12441075.0,12445501.0,12449601.0,12453376.0,12456927.0,12460078.0,12463117.0,12466202.0,12469092.0,12472084.0,12474964.0,12477816.0,12480952.0,12484373.0,12487715.0,12490710.0,12493625.0,12496580.0,12499455.0,12502405.0,12505489.0,12508640.0,12511561.0,12514399.0,12517273.0,12519971.0,12522565.0,12525408.0,12528322.0,12530988.0,12533788.0,12536673.0,12539460.0,12542152.0,12545012.0,12548372.0,12551364.0,12553911.0,12556470.0,12559039.0,12561694.0,12564413.0,12567442.0,12570099.0,12572731.0,12575584.0,12578224.0,12581083.0,12583989.0,12586752.0,12589486.0,12592413.0,12595291.0,12598018.0,12600561.0,12603341.0,12606159.0,12609156.0,12612273.0,12615590.0,12618984.0,12622053.0,12625412.0,12628932
5_pzOIhE478,19740200.0,19740482.0,19740852.0,19741219.0,19741543.0,19741899.0,19742271.0,19742611.0,19743106.0,19743537.0,19743941.0,19744385.0,19744899.0,19745359.0,19745860.0,19746445.0,19747820.0,19748736.0,19749517.0,19750217.0,19750931.0,19751588.0,19752200.0,19752747.0,19753228.0,19753686.0,19754141.0,19754608.0,19755113.0,19755580.0,19756032.0,19756392.0,19756875.0,19757292.0,19757724.0,19758120.0,19758598.0,19759039.0,19759500.0,19759922.0,19760297.0,19760701.0,19761087.0,19761443.0,19761890.0,19762270.0,19762679.0,19763047.0,19763477.0,19763910.0,19764207.0,19764570.0,19764920.0,19765354.0,19765735.0,19766097.0,19766482.0,19766842.0,19767253.0,19767614.0,19767997.0,19768314.0,19768736.0,19769142.0,19769513.0,19769904.0,19770222.0,19770613.0,19770931.0,19771357.0,19771731.0,19772063.0,19772421.0,19772764.0,19773112.0,19773466.0,19773793.0,19774115.0,19774477.0,19774790.0,19775122.0,19775508.0,19775858.0,19776284.0,19776685.0,19777067.0,19777358.0,19777726.0,19778059.0,19778403.0,19778747.0,19779070.0,19779356.0,19779845.0,19780259.0,19780558.0,19780879.0,19781164.0,19781591.0,19781988.0,19782365.0,19782755.0,19783095.0,19783454.0,19783745.0,19784101.0,19784471.0,19784872.0,19785269.0,19785605.0,19785915.0,19786275.0,19786569.0,19786953.0,19787312.0,19787680.0,19788031.0,19788399.0,19788684.0,19789063.0,19789397.0,19789713.0,19790024.0,19790338.0,19790649.0,19790970.0,19791249.0,19791598.0,19791950.0,19792246.0,19792557.0,19792881.0,19793163.0,19793464.0,,,,,,,,,19796366.0,19796703.0,19797106.0,19797580.0,19798061.0,19798584.0,19799009.0,19799418.0,19799990.0,19800397.0,19800782.0,19801119.0,19801530.0,19801905.0,19802203.0,19802570.0,19802940.0,19803225.0,19803584.0,19803884.0,19804216.0,19804540.0,19804838.0,19805178.0,19805487.0,19805809.0,19806091.0,19806397.0,19806718.0,19807026.0,19807298.0,19807554.0,19807809.0,19808061.0,19808318.0,19808642.0,19808943.0,19809189.0,19809502.0,19809786.0,19810078.0,19810400.0,19810800.0,19811129.0,19811385.0,19811670.0,19811956.0,19812212.0,19812511.0,19812843.0,19813160.0,19813422.0,19813731.0,19813975.0,19814248.0,19814478.0,19814749.0,19815010.0,19815341.0,19815591.0,19815873.0,19816103.0,19816298.0,19816607.0,19816862.0,19817101.0,19817369.0,19817639.0,19817868.0,19818125.0,19818413.0,19818783
a5XbqYn8Q50,1005243.0,1005487.0,1005706.0,1005884.0,1006147.0,1006434.0,1006654.0,1006860.0,1007162.0,1007466.0,1007728.0,1008007.0,1008292.0,1008566.0,1008779.0,1009085.0,1009366.0,1009591.0,1009920.0,1010305.0,1010633.0,1010903.0,1011174.0,1011434.0,1011677.0,1011918.0,1012138.0,1012382.0,1012679.0,1012915.0,1013135.0,1013350.0,1013578.0,1013826.0,1014081.0,1014291.0,1014550.0,1014796.0,1014987.0,1015215.0,1015406.0,1015609.0,1015850.0,1016060.0,1016280.0,1016477.0,1016672.0,1016922.0,1017173.0,1017433.0,1017675.0,1017891.0,1018090.0,1018340.0,1018528.0,1018740.0,1018952.0,1019163.0,1019417.0,1019637.0,1019854.0,1020032.0,1020246.0,1020496.0,1020671.0,1020886.0,1021077.0,1021312.0,1021474.0,1021711.0,1021910.0,1022082.0,1022280.0,1022455.0,1022633.0,1022846.0,1023026.0,1023189.0,1023376.0,1023549.0,1023733.0,1023926.0,1024097.0,1024264.0,1024422.0,1024599.0,1024794.0,1024960.0,1025129.0,1025318.0,1025509.0,1025663.0,1025827.0,1025990.0,1026172.0,1026320.0,1026474.0,1026678.0,1026825.0,1027020.0,1027177.0,1027348.0,1027491.0,1027665.0,1027828.0,1027998.0,1028161.0,1028359.0,1028547.0,1028725.0,1028894.0,1029044.0,1029228.0,1029422.0,1029573.0,1029807.0,1029943.0,1030132.0,1030288.0,1030472.0,1030622.0,1030769.0,1030947.0,1031114.0,1031252.0,1031413.0,1031593.0,1031746.0,1031895.0,1032051.0,1032204.0,1032365.0,1032512.0,1032664.0,,,,,,,,,1034478.0,1034630.0,1034910.0,1035256.0,1035539.0,1035824.0,1036103.0,1036311.0,1036549.0,1036742.0,1036924.0,1037064.0,1037224.0,1037382.0,1037536.0,1037674.0,1037823.0,1038022.0,1038165.0,1038328.0,1038507.0,1038693.0,1038868.0,1039046.0,1039206.0,1039387.0,1039522.0,1039658.0,1039812.0,1039945.0,1040118.0,1040281.0,1040423.0,1040611.0,1040793.0,1041007.0,1041209.0,1041388.0,1041542.0,1041711.0,1041910.0,1042060.0,1042222.0,1042386.0,1042536.0,1042692.0,1042850.0,1043052.0,1043221.0,1043390.0,1043564.0,1043752.0,1043937.0,1044123.0,1044268.0,1044400.0,1044556.0,1044696.0,1044877.0,1045059.0,1045244.0,1045369.0,1045516.0,1045670.0,1045801.0,1045927.0,1046047.0,1046222.0,1046370.0,1046483.0,1046631.0,1046813
hKYPo3d3TmE,261361.0,261518.0,261683.0,261869.0,262039.0,262211.0,262393.0,262596.0,262759.0,262948.0,263154.0,263320.0,263492.0,263698.0,263856.0,264050.0,264189.0,264331.0,264454.0,264622.0,264767.0,264892.0,265083.0,265200.0,265322.0,265493.0,265643.0,265822.0,265973.0,266156.0,266309.0,266473.0,266612.0,266833.0,267045.0,267189.0,267359.0,267503.0,267626.0,267777.0,267919.0,268079.0,268215.0,268350.0,268456.0,268542.0,268680.0,268847.0,269020.0,269169.0,269330.0,269491.0,269624.0,269772.0,269930.0,270072.0,270196.0,270360.0,270482.0,270613.0,270736.0,270860.0,271033.0,271180.0,271318.0,271465.0,271572.0,271719.0,271835.0,271997.0,272156.0,272304.0,272429.0,272581.0,272738.0,272904.0,273129.0,273417.0,273754.0,273987.0,274210.0,274476.0,274765.0,275077.0,275307.0,275570.0,275770.0,275970.0,276233.0,276498.0,276784.0,277060.0,277329.0,277541.0,277707.0,277908.0,278125.0,278295.0,278454.0,278661.0,278801.0,278939.0,279122.0,279321.0,279476.0,279673.0,279816.0,279926.0,280056.0,280228.0,280373.0,280526.0,280737.0,280944.0,281103.0,281188.0,281307.0,281422.0,281515.0,281643.0,281739.0,281827.0,281925.0,282030.0,282141.0,282230.0,282325.0,282456.0,282545.0,282635.0,282715.0,282810.0,282904.0,282988.0,,,,,,,,,283939.0,284032.0,284168.0,284349.0,284500.0,284666.0,284822.0,284958.0,285138.0,285259.0,285427.0,285541.0,285654.0,285764.0,285837.0,285913.0,285983.0,286055.0,286156.0,286231.0,286322.0,286417.0,286490.0,286552.0,286621.0,286694.0,286784.0,286882.0,286952.0,287013.0,287107.0,287191.0,287287.0,287398.0,287481.0,287569.0,287655.0,287745.0,287859.0,287969.0,288077.0,288165.0,288249.0,288389.0,288491.0,288608.0,288748.0,288873.0,288990.0,289055.0,289144.0,289221.0,289318.0,289432.0,289534.0,289647.0,289717.0,289817.0,289897.0,290007.0,290104.0,290192.0,290278.0,290381.0,290468.0,290575.0,290715.0,290829.0,290913.0,291034.0,291136.0,291239
hcDslkVftIE,1470235.0,1470243.0,1470262.0,1470280.0,1470303.0,1470321.0,1470343.0,1470360.0,1470372.0,1470385.0,1470422.0,1470446.0,1470458.0,1470475.0,1470497.0,1470512.0,1470523.0,1470532.0,1470544.0,1470557.0,1470572.0,1470582.0,1470592.0,1470601.0,1470610.0,1470625.0,1470641.0,1470651.0,1470665.0,1470689.0,1470701.0,1470716.0,1470725.0,1470733.0,1470740.0,1470759.0,1470777.0,1470793.0,1470812.0,1470821.0,1470836.0,1470853.0,1470872.0,1470884.0,1470899.0,1470920.0,1470941.0,1470955.0,1470970.0,1470985.0,1470997.0,1471013.0,1471019.0,1471037.0,1471049.0,1471072.0,1471087.0,1471103.0,1471113.0,1471128.0,1471141.0,1471154.0,1471171.0,1471181.0,1471194.0,1471207.0,1471224.0,1471241.0,1471255.0,1471268.0,1471293.0,1471314.0,1471339.0,1471354.0,1471368.0,1471381.0,1471416.0,1471435.0,1471453.0,1471448.0,1471458.0,1471473.0,1471487.0,1471499.0,1471514.0,1471525.0,1471544.0,1471569.0,1471599.0,1471616.0,1471635.0,1471652.0,1471668.0,1471688.0,1471699.0,1471706.0,1471720.0,1471727.0,1471739.0,1471744.0,1471756.0,1471774.0,1471783.0,1471794.0,1471813.0,1471825.0,1471837.0,1471845.0,1471862.0,1471873.0,1471885.0,1471898.0,1471907.0,1471916.0,1471928.0,1471939.0,1471948.0,1471960.0,1471973.0,1471981.0,1471989.0,1472004.0,1472029.0,1472042.0,1472064.0,1472074.0,1472086.0,1472105.0,1472120.0,1472134.0,1472142.0,1472150.0,1472161.0,1472167.0,,,,,,,,,1472274.0,1472284.0,1472297.0,1472314.0,1472319.0,1472330.0,1472340.0,1472354.0,1472365.0,1472371.0,1472378.0,1472389.0,1472398.0,1472405.0,1472417.0,1472423.0,1472429.0,1472445.0,1472457.0,1472470.0,1472484.0,1472495.0,1472508.0,1472519.0,1472532.0,1472543.0,1472561.0,1472571.0,1472582.0,1472594.0,1472615.0,1472625.0,1472639.0,1472656.0,1472667.0,1472682.0,1472720.0,1472746.0,1472760.0,1472775.0,1472793.0,1472807.0,1472826.0,1472860.0,1472881.0,1472904.0,1472925.0,1472937.0,1472954.0,1472969.0,1472988.0,1473004.0,1473007.0,1473015.0,1473028.0,1473044.0,1473050.0,1473060.0,1473076.0,1473094.0,1473103.0,1473110.0,1473126.0,1473138.0,1473149.0,1473163.0,1473173.0,1473188.0,1473202.0,1473216.0,1473224.0,1473236
sDWcO2iNAIs,94967.0,94976.0,94996.0,95018.0,95033.0,95045.0,95059.0,95067.0,95079.0,95085.0,95109.0,95119.0,95132.0,95142.0,95159.0,95177.0,95189.0,95201.0,95217.0,95231.0,95239.0,95250.0,95258.0,95264.0,95270.0,95284.0,95291.0,95298.0,95306.0,95328.0,95340.0,95352.0,95365.0,95376.0,95383.0,95392.0,95406.0,95418.0,95435.0,95442.0,95457.0,95476.0,95489.0,95499.0,95510.0,95521.0,95529.0,95537.0,95550.0,95562.0,95573.0,95581.0,95592.0,95610.0,95619.0,95632.0,95641.0,95653.0,95668.0,95680.0,95685.0,95700.0,95712.0,95723.0,95729.0,95737.0,95747.0,95762.0,95763.0,95779.0,95794.0,95810.0,95820.0,95827.0,95839.0,95854.0,95871.0,95883.0,95897.0,95904.0,95913.0,95919.0,95927.0,95937.0,95951.0,95961.0,95977.0,95990.0,96002.0,96013.0,96025.0,96042.0,96052.0,96066.0,96073.0,96089.0,96101.0,96114.0,96124.0,96140.0,96154.0,96171.0,96182.0,96186.0,96195.0,96208.0,96216.0,96225.0,96230.0,96239.0,96246.0,96255.0,96264.0,96274.0,96283.0,96290.0,96297.0,96304.0,96310.0,96324.0,96330.0,96343.0,96353.0,96363.0,96377.0,96385.0,96396.0,96403.0,96409.0,96422.0,96426.0,96433.0,96442.0,96457.0,,,,,,,,,96543.0,96550.0,96561.0,96573.0,96581.0,96592.0,96607.0,96623.0,96651.0,96662.0,96668.0,96676.0,96691.0,96697.0,96705.0,96713.0,96721.0,96734.0,96744.0,96756.0,96767.0,96778.0,96790.0,96801.0,96807.0,96816.0,96824.0,96840.0,96849.0,96867.0,96873.0,96883.0,96897.0,96901.0,96907.0,96911.0,96920.0,96927.0,96942.0,96955.0,96970.0,96986.0,96997.0,97011.0,97024.0,97041.0,97051.0,97058.0,97073.0,97087.0,97105.0,97122.0,97129.0,97147.0,97157.0,97166.0,97177.0,97187.0,97202.0,97215.0,97219.0,97230.0,97237.0,97250.0,97261.0,97274.0,97282.0,97297.0,97311.0,97322.0,97328.0,97339
pKOdAEgWkO0,162070.0,162079.0,162090.0,162096.0,162100.0,162110.0,162115.0,162120.0,162128.0,162134.0,162143.0,162147.0,162157.0,162163.0,162170.0,162175.0,162185.0,162191.0,162197.0,162201.0,162211.0,162218.0,162224.0,162229.0,162234.0,162241.0,162255.0,162265.0,162275.0,162284.0,162293.0,162303.0,162314.0,162324.0,162329.0,162334.0,162345.0,162356.0,162362.0,162369.0,162378.0,162386.0,162396.0,162406.0,162416.0,162423.0,162430.0,162436.0,162448.0,162458.0,162466.0,162474.0,162477.0,162488.0,162493.0,162498.0,162499.0,162504.0,162509.0,162513.0,162519.0,162523.0,162526.0,162536.0,162543.0,162548.0,162558.0,162565.0,162568.0,162575.0,162582.0,162588.0,162590.0,162597.0,162606.0,162614.0,162621.0,162628.0,162636.0,162642.0,162651.0,162659.0,162667.0,162675.0,162685.0,162697.0,162707.0,162718.0,162726.0,162734.0,162737.0,162740.0,162756.0,162763.0,162772.0,162781.0,162790.0,162800.0,162805.0,162809.0,162819.0,162825.0,162830.0,162839.0,162850.0,162861.0,162863.0,162870.0,162876.0,162885.0,162895.0,162899.0,162912.0,162932.0,162942.0,162955.0,162960.0,162976.0,162984.0,162989.0,162999.0,163002.0,163010.0,163013.0,163016.0,163022.0,163027.0,163035.0,163040.0,163051.0,163053.0,163062.0,163074.0,163077.0,,,,,,,,,163136.0,163145.0,163151.0,163159.0,163168.0,163173.0,163177.0,163186.0,163195.0,163201.0,163216.0,163220.0,163229.0,163234.0,163240.0,163244.0,163245.0,163248.0,163253.0,163261.0,163267.0,163272.0,163279.0,163280.0,163289.0,163294.0,163298.0,163303.0,163306.0,163311.0,163315.0,163318.0,163322.0,163327.0,163329.0,163331.0,163341.0,163348.0,163354.0,163364.0,163372.0,163378.0,163385.0,163395.0,163397.0,163404.0,163413.0,163419.0,163423.0,163438.0,163444.0,163452.0,163457.0,163465.0,163472.0,163475.0,163479.0,163485.0,163493.0,163498.0,163505.0,163510.0,163517.0,163523.0,163528.0,163534.0,163538.0,163542.0,163548.0,163555.0,163556.0,163559
oNnGFBl8LVs,5695868.0,5695977.0,5696075.0,5696171.0,5696257.0,5696339.0,5696416.0,5696511.0,5696597.0,5696688.0,5696777.0,5696848.0,5696944.0,5697030.0,5697150.0,5697274.0,5697366.0,5697455.0,5697542.0,5697633.0,5697725.0,5697842.0,5697945.0,5698058.0,5698173.0,5698256.0,5698348.0,5698436.0,5698523.0,5698608.0,5698695.0,5698800.0,5698880.0,5698988.0,5699088.0,5699177.0,5699284.0,5699386.0,5699493.0,5699606.0,5699695.0,5699805.0,5699896.0,5699995.0,5700085.0,5700187.0,5700258.0,5700355.0,5700456.0,5700553.0,5700646.0,5700759.0,5700854.0,5700967.0,5701047.0,5701143.0,5701223.0,5701304.0,5701398.0,5701509.0,5701613.0,5701684.0,5701769.0,5701870.0,5701960.0,5702054.0,5702134.0,5702215.0,5702314.0,5702433.0,5702543.0,5702631.0,5702746.0,5702831.0,5702915.0,5703000.0,5703091.0,5703177.0,5703260.0,5703333.0,5703419.0,5703487.0,5703576.0,5703653.0,5703743.0,5703843.0,5703926.0,5704035.0,5704123.0,5704198.0,5704294.0,5704388.0,5704491.0,5704572.0,5704680.0,5704759.0,5704832.0,5704913.0,5705000.0,5705090.0,5705164.0,5705260.0,5705339.0,5705431.0,5705518.0,5705634.0,5705715.0,5705817.0,5705904.0,5705988.0,5706094.0,5706172.0,5706257.0,5706334.0,5706428.0,5706524.0,5706626.0,5706708.0,5706775.0,5706857.0,5706959.0,5707062.0,5707148.0,5707243.0,5707320.0,5707403.0,5707487.0,5707568.0,5707641.0,5707720.0,5707800.0,5707863.0,5707945.0,5708032.0,,,,,,,,,5708895.0,5709019.0,5709114.0,5709215.0,5709316.0,5709382.0,5709486.0,5709588.0,5709716.0,5709814.0,5709905.0,5710001.0,5710085.0,5710203.0,5710309.0,5710396.0,5710448.0,5710552.0,5710634.0,5710727.0,5710796.0,5710877.0,5710958.0,5711046.0,5711117.0,5711196.0,5711265.0,5711353.0,5711447.0,5711546.0,5711629.0,5711706.0,5711779.0,5711874.0,5711944.0,5712029.0,5712109.0,5712203.0,5712272.0,5712368.0,5712455.0,5712528.0,5712632.0,5712729.0,5712799.0,5712888.0,5712985.0,5713091.0,5713208.0,5713308.0,5713400.0,5713490.0,5713571.0,5713670.0,5713750.0,5713835.0,5713918.0,5713999.0,5714064.0,5714131.0,5714213.0,5714285.0,5714376.0,5714445.0,5714511.0,5714580.0,5714644.0,5714863.0,5714977.0,5715042.0,5715126.0,5715206
dqV0Nu5TVG0,1288092.0,1288312.0,1288517.0,1288691.0,1288886.0,1289070.0,1289254.0,1289449.0,1289647.0,1289860.0,1290036.0,1290195.0,1290343.0,1290554.0,1290747.0,1290925.0,1291109.0,1291292.0,1291460.0,1291603.0,1291767.0,1291964.0,1292148.0,1292346.0,1292521.0,1292696.0,1292877.0,1293051.0,1293210.0,1293391.0,1293536.0,1293735.0,1293883.0,1294058.0,1294226.0,1294404.0,1294578.0,1294742.0,1294964.0,1295166.0,1295361.0,1295560.0,1295728.0,1295946.0,1296128.0,1296305.0,1296478.0,1296640.0,1296835.0,1297014.0,1297200.0,1297399.0,1297579.0,1297770.0,1297929.0,1298125.0,1298302.0,1298473.0,1298639.0,1298821.0,1298983.0,1299153.0,1299343.0,1299501.0,1299667.0,1299871.0,1300021.0,1300206.0,1300377.0,1300580.0,1300780.0,1300977.0,1301163.0,1301327.0,1301477.0,1301672.0,1301854.0,1302053.0,1302252.0,1302471.0,1302672.0,1302853.0,1303031.0,1303228.0,1303410.0,1303593.0,1303774.0,1303944.0,1304129.0,1304278.0,1304462.0,1304633.0,1304787.0,1304927.0,1305117.0,1305291.0,1305475.0,1305640.0,1305789.0,1305959.0,1306115.0,1306292.0,1306457.0,1306611.0,1306779.0,1306937.0,1307113.0,1307262.0,1307416.0,1307553.0,1307726.0,1307888.0,1307994.0,1308155.0,1308327.0,1308497.0,1308659.0,1308808.0,1309005.0,1309183.0,1309343.0,1309474.0,1309630.0,1309791.0,1309950.0,1310108.0,1310260.0,1310451.0,1310647.0,1310844.0,1311007.0,1311217.0,1311434.0,1311599.0,,,,,,,,,1313220.0,1313397.0,1313568.0,1313736.0,1313884.0,1314062.0,1314226.0,1314384.0,1314574.0,1314750.0,1314886.0,1315045.0,1315203.0,1315346.0,1315534.0,1315688.0,1315819.0,1315950.0,1316116.0,1316302.0,1316486.0,1316627.0,1316805.0,1316948.0,1317084.0,1317245.0,1317400.0,1317554.0,1317697.0,1317857.0,1318005.0,1318130.0,1318273.0,1318418.0,1318558.0,1318701.0,1318860.0,1319014.0,1319176.0,1319337.0,1319525.0,1319679.0,1319910.0,1320112.0,1320313.0,1320502.0,1320692.0,1320827.0,1321009.0,1321171.0,1321324.0,1321462.0,1321620.0,1321812.0,1321974.0,1322151.0,1322269.0,1322434.0,1322612.0,1322785.0,1322940.0,1323098.0,1323269.0,1323414.0,1323586.0,1323736.0,1323892.0,1324034.0,1324225.0,1324375.0,1324551.0,1324733
htRfjArSKKM,110859.0,110862.0,110867.0,110872.0,110878.0,110886.0,110896.0,110900.0,110901.0,110904.0,110911.0,110917.0,110924.0,110929.0,110934.0,110938.0,110948.0,110950.0,110954.0,110959.0,110966.0,110980.0,110993.0,111000.0,111010.0,111022.0,111035.0,111049.0,111061.0,111069.0,111073.0,111079.0,111082.0,111089.0,111094.0,111099.0,111102.0,111106.0,111115.0,111117.0,111119.0,111126.0,111132.0,111143.0,111144.0,111147.0,111150.0,111154.0,111161.0,111164.0,111171.0,111177.0,111181.0,111181.0,111187.0,111193.0,111200.0,111207.0,111212.0,111218.0,111225.0,111234.0,111238.0,111243.0,111249.0,111251.0,111252.0,111258.0,111259.0,111264.0,111267.0,111283.0,111287.0,111291.0,111295.0,111300.0,111303.0,111308.0,111313.0,111316.0,111321.0,111328.0,111337.0,111343.0,111348.0,111355.0,111359.0,111367.0,111383.0,111389.0,111391.0,111397.0,111402.0,111409.0,111410.0,111413.0,111424.0,111431.0,111438.0,111446.0,111448.0,111453.0,111458.0,111460.0,111466.0,111472.0,111477.0,111484.0,111486.0,111489.0,111493.0,111498.0,111506.0,111510.0,111515.0,111521.0,111526.0,111532.0,111544.0,111553.0,111560.0,111566.0,111571.0,111574.0,111582.0,111587.0,111587.0,111589.0,111600.0,111612.0,111643.0,111655.0,111661.0,111668.0,,,,,,,,,111742.0,111745.0,111751.0,111755.0,111761.0,111768.0,111771.0,111773.0,111775.0,111778.0,111781.0,111783.0,111788.0,111791.0,111793.0,111795.0,111797.0,111798.0,111801.0,111802.0,111803.0,111807.0,111816.0,111818.0,111821.0,111825.0,111827.0,111834.0,111844.0,111850.0,111859.0,111864.0,111875.0,111882.0,111887.0,111895.0,111896.0,111898.0,111906.0,111909.0,111919.0,111929.0,111932.0,111935.0,111944.0,111949.0,111952.0,111955.0,111967.0,111975.0,111981.0,111983.0,111986.0,111987.0,111996.0,112002.0,112006.0,112014.0,112020.0,112023.0,112026.0,112036.0,112040.0,112044.0,112057.0,112067.0,112072.0,112078.0,112083.0,112089.0,112101.0,112109
7g9nlJCGatA,240758.0,240762.0,240770.0,240783.0,240788.0,240796.0,240807.0,240818.0,240824.0,240837.0,240844.0,240850.0,240868.0,240883.0,240892.0,240907.0,240918.0,240928.0,240944.0,240959.0,240971.0,240993.0,241005.0,241017.0,241023.0,241035.0,241050.0,241064.0,241073.0,241086.0,241097.0,241102.0,241117.0,241127.0,241138.0,241149.0,241165.0,241170.0,241176.0,241186.0,241195.0,241208.0,241227.0,241235.0,241249.0,241258.0,241265.0,241272.0,241283.0,241293.0,241304.0,241319.0,241332.0,241343.0,241350.0,241360.0,241365.0,241369.0,241376.0,241384.0,241390.0,241399.0,241405.0,241426.0,241436.0,241445.0,241446.0,241463.0,241471.0,241481.0,241492.0,241504.0,241512.0,241520.0,241525.0,241536.0,241546.0,241554.0,241562.0,241572.0,241583.0,241586.0,241590.0,241597.0,241609.0,241619.0,241632.0,241637.0,241645.0,241656.0,241664.0,241674.0,241693.0,241702.0,241715.0,241722.0,241731.0,241744.0,241762.0,241765.0,241778.0,241789.0,241801.0,241811.0,241820.0,241827.0,241837.0,241842.0,241848.0,241859.0,241865.0,241872.0,241882.0,241894.0,241905.0,241912.0,241920.0,241929.0,241934.0,241940.0,241951.0,241960.0,241975.0,241982.0,241987.0,241999.0,242009.0,242020.0,242033.0,242043.0,242055.0,242067.0,242086.0,242094.0,,,,,,,,,242167.0,242181.0,242188.0,242196.0,242202.0,242211.0,242216.0,242222.0,242232.0,242242.0,242248.0,242252.0,242257.0,242266.0,242271.0,242279.0,242285.0,242290.0,242293.0,242297.0,242301.0,242304.0,242307.0,242309.0,242314.0,242318.0,242325.0,242331.0,242334.0,242340.0,242345.0,242351.0,242354.0,242358.0,242363.0,242368.0,242373.0,242378.0,242382.0,242388.0,242392.0,242394.0,242398.0,242401.0,242407.0,242409.0,242414.0,242416.0,242423.0,242423.0,242426.0,242430.0,242432.0,242436.0,242438.0,242450.0,242456.0,242467.0,242477.0,242481.0,242486.0,242498.0,242508.0,242523.0,242529.0,242535.0,242542.0,242549.0,242554.0,242557.0,242563.0,242568
1PDL6MBlJRI,60750.0,60750.0,60750.0,60751.0,60755.0,60758.0,60759.0,60762.0,60764.0,60766.0,60768.0,60768.0,60769.0,60769.0,60769.0,60771.0,60772.0,60774.0,60775.0,60776.0,60776.0,60776.0,60777.0,60777.0,60778.0,60783.0,60788.0,60791.0,60793.0,60794.0,60798.0,60798.0,60803.0,60807.0,60807.0,60809.0,60811.0,60821.0,60830.0,60835.0,60839.0,60844.0,60846.0,60846.0,60847.0,60855.0,60858.0,60860.0,60862.0,60864.0,60873.0,60874.0,60875.0,60876.0,60878.0,60883.0,60887.0,60888.0,60889.0,60890.0,60892.0,60896.0,60899.0,60900.0,60900.0,60905.0,60907.0,60910.0,60910.0,60911.0,60911.0,60912.0,60915.0,60917.0,60919.0,60921.0,60924.0,60924.0,60926.0,60928.0,60928.0,60930.0,60933.0,60934.0,60935.0,60939.0,60942.0,60946.0,60951.0,60952.0,60953.0,60954.0,60954.0,60961.0,60970.0,60971.0,60971.0,60978.0,60982.0,60982.0,60984.0,60985.0,60987.0,60987.0,60988.0,60990.0,60991.0,60991.0,60993.0,60993.0,60995.0,60996.0,60998.0,60998.0,60999.0,61001.0,61001.0,61002.0,61003.0,61003.0,61005.0,61010.0,61014.0,61016.0,61022.0,61025.0,61027.0,61031.0,61032.0,61036.0,61038.0,61040.0,61041.0,61043.0,,,,,,,,,61077.0,61078.0,61082.0,61083.0,61087.0,61087.0,61088.0,61091.0,61091.0,61092.0,61092.0,61095.0,61099.0,61107.0,61119.0,61124.0,61127.0,61130.0,61132.0,61133.0,61134.0,61137.0,61139.0,61144.0,61149.0,61153.0,61157.0,61162.0,61163.0,61166.0,61168.0,61169.0,61171.0,61177.0,61177.0,61180.0,61184.0,61189.0,61191.0,61193.0,61194.0,61196.0,61203.0,61206.0,61209.0,61215.0,61224.0,61228.0,61237.0,61238.0,61243.0,61248.0,61255.0,61256.0,61260.0,61261.0,61264.0,61269.0,61275.0,61277.0,61284.0,61286.0,61289.0,61299.0,61305.0,61312.0,61319.0,61331.0,61339.0,61343.0,61345.0,61348
6UqISByUUP8,6980365.0,6980557.0,6980810.0,6981065.0,6981257.0,6981453.0,6981628.0,6981844.0,6982052.0,6982255.0,6982433.0,6982671.0,6982863.0,6983072.0,6983295.0,6983498.0,6983718.0,6983924.0,6984143.0,6984356.0,6984589.0,6984789.0,6985022.0,6985266.0,6985523.0,6985752.0,6985956.0,6986130.0,6986351.0,6986556.0,6986765.0,6986950.0,6987102.0,6987296.0,6987492.0,6987757.0,6988007.0,6988252.0,6988494.0,6988712.0,6989054.0,6989298.0,6989599.0,6989901.0,6990222.0,6990547.0,6990865.0,6991177.0,6991492.0,6991745.0,6992033.0,6992311.0,6992640.0,6992953.0,6993276.0,6993560.0,6993842.0,6994166.0,6994462.0,6994771.0,6995133.0,6995461.0,6995809.0,6996120.0,6996441.0,6996676.0,6996931.0,6997253.0,6997510.0,6997840.0,6998145.0,6998427.0,6998696.0,6998957.0,6999260.0,6999507.0,6999772.0,7000012.0,7000305.0,7000585.0,7000809.0,7001072.0,7001316.0,7001610.0,7001833.0,7002147.0,7002432.0,7002720.0,7002966.0,7003203.0,7003447.0,7003660.0,7003914.0,7004153.0,7004359.0,7004572.0,7004810.0,7005050.0,7005261.0,7005539.0,7005806.0,7006039.0,7006265.0,7006514.0,7006743.0,7006958.0,7007186.0,7007462.0,7007708.0,7007971.0,7008243.0,7008524.0,7008771.0,7009024.0,7009272.0,7009516.0,7009738.0,7009961.0,7010179.0,7010390.0,7010589.0,7010821.0,7011053.0,7011322.0,7011524.0,7011757.0,7011954.0,7012232.0,7012456.0,7012687.0,7012927.0,7013155.0,7013340.0,7013586.0,,,,,,,,,7015608.0,7015840.0,7016047.0,7016263.0,7016500.0,7016743.0,7016980.0,7017191.0,7017429.0,7017627.0,7017858.0,7018074.0,7018333.0,7018573.0,7018840.0,7019136.0,7019358.0,7019571.0,7019841.0,7020065.0,7020260.0,7020510.0,7020733.0,7020972.0,7021252.0,7021494.0,7021705.0,7021978.0,7022234.0,7022449.0,7022687.0,7022920.0,7023148.0,7023378.0,7023603.0,7023893.0,7024151.0,7024414.0,7024662.0,7024884.0,7025138.0,7025351.0,7025615.0,7025833.0,7026028.0,7026269.0,7026514.0,7026760.0,7026956.0,7027205.0,7027482.0,7027721.0,7027955.0,7028211.0,7028442.0,7028673.0,7028890.0,7029099.0,7029365.0,7029584.0,7029794.0,7030003.0,7030192.0,7030424.0,7030650.0,7030887.0,7031138.0,7031410.0,7031666.0,7031820.0,7032060.0,7032274
rJM6rvz6Ke4,10766098.0,10766518.0,10767081.0,10767648.0,10768102.0,10768509.0,10769008.0,10769454.0,10769929.0,10770372.0,10770892.0,10771299.0,10771818.0,10772307.0,10772898.0,10773347.0,10773793.0,10774238.0,10774692.0,10775116.0,10775515.0,10776024.0,10776469.0,10776949.0,10777469.0,10777955.0,10778466.0,10778933.0,10779394.0,10779878.0,10780324.0,10780755.0,10781243.0,10781694.0,10782126.0,10782487.0,10782979.0,10783378.0,10783816.0,10784226.0,10784688.0,10785060.0,10785507.0,10785934.0,10786339.0,10786805.0,10787219.0,10787630.0,10788102.0,10788526.0,10788997.0,10789462.0,10789914.0,10790385.0,10790966.0,10791401.0,10791854.0,10792353.0,10792766.0,10793254.0,10793699.0,10794135.0,10794542.0,10795031.0,10795568.0,10795976.0,10796406.0,10796816.0,10797214.0,10797725.0,10798156.0,10798691.0,10799178.0,10799633.0,10800010.0,10800400.0,10800814.0,10801217.0,10801618.0,10801966.0,10802386.0,10802819.0,10803205.0,10803594.0,10803975.0,10804364.0,10804871.0,10805324.0,10805776.0,10806195.0,10806559.0,10806951.0,10807325.0,10807677.0,10808124.0,10808512.0,10808905.0,10809205.0,10809518.0,10809927.0,10810330.0,10810683.0,10811052.0,10811405.0,10811772.0,10812140.0,10812424.0,10812829.0,10813196.0,10813525.0,10813899.0,10814287.0,10814649.0,10815029.0,10815435.0,10815838.0,10816226.0,10816638.0,10816989.0,10817446.0,10817841.0,10818280.0,10818811.0,10819299.0,10819715.0,10820155.0,10820584.0,10820969.0,10821495.0,10821933.0,10822424.0,10822887.0,10823281.0,10823626.0,,,,,,,,,10826891.0,10827281.0,10827628.0,10827922.0,10828308.0,10828643.0,10828978.0,10829353.0,10829713.0,10830089.0,10830479.0,10830839.0,10831226.0,10831624.0,10832046.0,10832463.0,10832876.0,10833270.0,10833718.0,10834091.0,10834452.0,10834825.0,10835154.0,10835592.0,10835896.0,10836273.0,10836637.0,10836978.0,10837369.0,10837788.0,10838120.0,10838512.0,10838895.0,10839252.0,10839621.0,10840040.0,10840406.0,10840806.0,10841262.0,10841624.0,10842067.0,10842427.0,10842843.0,10843201.0,10843610.0,10843931.0,10844299.0,10844652.0,10845021.0,10845354.0,10845712.0,10846092.0,10846416.0,10846805.0,10847134.0,10847508.0,10847844.0,10848196.0,10848467.0,10848847.0,10849190.0,10849512.0,10849875.0,10850231.0,10850552.0,10850894.0,10851236.0,10851591.0,10851911.0,10852222.0,10852553.0,10852862
OsHiMny0n-A,,,,,,,,,,,,,,,,,,,,,,,,,,,,,,,,,,,,,,,,,,,,,,,,,,,,,,,,,,,,,,,,,,,,,,,,,,,,,,,,,,,,,,,,,,,,,,,,,,,,,,,,,,,,,,,,,,,,,,,,,,,,,,,,,,,,,,,,,,,,,,,,,,,,,,,,,,,,,,,,,,,,,,,,,,,,,,,,,,,,,,,,,,,,,,,,,,,,,,,,,,,,,,,,,,,,,,
pYRSY1Kv3YY,40492280.0,40492975.0,40493737.0,40494542.0,40495305.0,40496060.0,40496829.0,40497630.0,40498362.0,40499041.0,40499892.0,40500601.0,40501315.0,40502127.0,40503129.0,40503908.0,40504659.0,40505401.0,40506080.0,40506709.0,40507342.0,40508036.0,40508670.0,40509338.0,40509865.0,40510483.0,40511092.0,40511704.0,40512366.0,40513007.0,40513597.0,40514256.0,40514881.0,40515509.0,40516146.0,40516896.0,40517536.0,40518252.0,40518826.0,40519485.0,40520187.0,40520730.0,40521388.0,40522046.0,40522785.0,40523464.0,40524069.0,40524693.0,40525364.0,40525977.0,40526560.0,40527223.0,40527843.0,40528509.0,40529267.0,40529879.0,40530553.0,40531282.0,40532138.0,40532923.0,40533677.0,40534365.0,40535052.0,40535717.0,40536384.0,40537016.0,40537672.0,40538381.0,40538972.0,40539574.0,40540118.0,40540693.0,40541289.0,40541840.0,40542423.0,40542967.0,40543509.0,40544043.0,40544680.0,40545229.0,40545831.0,40546406.0,40546942.0,40547492.0,40548070.0,40548539.0,40549194.0,40549826.0,40550435.0,40550974.0,40551487.0,40552111.0,40552695.0,40553257.0,40553929.0,40554514.0,40555060.0,40555578.0,40556263.0,40556819.0,40557414.0,40557949.0,40558549.0,40559114.0,40559676.0,40560269.0,40560817.0,40561402.0,40561968.0,40562544.0,40563095.0,40563603.0,40564156.0,40564750.0,40565391.0,40565994.0,40566407.0,40566914.0,40567438.0,40567948.0,40568530.0,40569140.0,40569812.0,40570408.0,40570997.0,40571625.0,40572165.0,40572812.0,40573361.0,40573990.0,40574480.0,40574979.0,40575445.0,40575927.0,,,,,,,,,40580308.0,40580881.0,40581314.0,40581837.0,40582272.0,40582730.0,40583199.0,40583684.0,40584161.0,40584644.0,40585134.0,40585643.0,40586158.0,40586707.0,40587221.0,40587792.0,40588372.0,40588917.0,40589476.0,40589983.0,40590522.0,40591134.0,40591734.0,40592286.0,40592825.0,40593341.0,40593845.0,40594295.0,40594827.0,40595419.0,40595946.0,40596455.0,40596976.0,40597460.0,40597921.0,40598441.0,40598929.0,40599444.0,40599911.0,40600268.0,40600822.0,40601334.0,40601826.0,40602326.0,40602784.0,40603250.0,40603724.0,40604152.0,40604679.0,40605182.0,40605658.0,40606090.0,40606548.0,40607026.0,40607444.0,40607885.0,40608365.0,40608780.0,40609226.0,40609728.0,40610195.0,40610561.0,40611000.0,40611457.0,40611908.0,40612359.0,40612792.0,40613391.0,40613789.0,40614253.0,40614685.0,40615200
10xN_NECXW4,165022.0,165145.0,165245.0,165377.0,165473.0,165592.0,165731.0,165893.0,166024.0,166181.0,166323.0,166440.0,166580.0,166716.0,166867.0,167028.0,167170.0,167304.0,167406.0,167566.0,167716.0,167831.0,167964.0,168076.0,168158.0,168264.0,168415.0,168571.0,168748.0,168950.0,169116.0,169267.0,169412.0,169546.0,169707.0,169853.0,170008.0,170151.0,170279.0,170426.0,170582.0,170769.0,170965.0,171129.0,171297.0,171456.0,171665.0,171846.0,172034.0,172177.0,172320.0,172461.0,172598.0,172750.0,172883.0,173009.0,173140.0,173280.0,173394.0,173492.0,173615.0,173752.0,173905.0,174057.0,174181.0,174321.0,174427.0,174561.0,174715.0,174868.0,175022.0,175133.0,175231.0,175373.0,175527.0,175714.0,175891.0,176021.0,176205.0,176369.0,176520.0,176676.0,176862.0,177020.0,177171.0,177351.0,177477.0,177630.0,177800.0,177959.0,178132.0,178309.0,178505.0,178669.0,178792.0,178938.0,179105.0,179277.0,179468.0,179617.0,179811.0,179979.0,180224.0,180419.0,180609.0,180793.0,181012.0,181168.0,181274.0,181419.0,181550.0,181690.0,181818.0,181958.0,182065.0,182183.0,182313.0,182426.0,182541.0,182704.0,182837.0,182978.0,183124.0,183224.0,183346.0,183494.0,183693.0,183856.0,184007.0,184177.0,184390.0,184569.0,184781.0,184989.0,,,,,,,,,186868.0,186998.0,187173.0,187358.0,187560.0,187736.0,187848.0,187969.0,188099.0,188268.0,188484.0,188693.0,188899.0,189150.0,189373.0,189584.0,189809.0,190010.0,190167.0,190298.0,190433.0,190511.0,190612.0,190708.0,190820.0,190933.0,191058.0,191164.0,191250.0,191329.0,191444.0,191527.0,191651.0,191750.0,191836.0,191939.0,192011.0,192122.0,192224.0,192320.0,192407.0,192487.0,192578.0,192647.0,192743.0,192843.0,192948.0,193047.0,193151.0,193244.0,193308.0,193407.0,193489.0,193608.0,193726.0,193816.0,193903.0,193987.0,194075.0,194175.0,194262.0,194336.0,194435.0,194525.0,194609.0,194709.0,194836.0,194939.0,195016.0,195119.0,195209.0,195303
YHQmzncbIds,11104489.0,11104729.0,11105002.0,11105277.0,11105525.0,11105791.0,11106065.0,11106327.0,11106608.0,11106880.0,11107148.0,11107459.0,11107759.0,11108042.0,11108437.0,11108693.0,11108966.0,11109254.0,11109506.0,11109775.0,11110009.0,11110233.0,11110471.0,11110722.0,11110947.0,11111190.0,11111433.0,11111678.0,11111921.0,11112134.0,11112357.0,11112623.0,11112837.0,11113081.0,11113303.0,11113567.0,11113841.0,11114103.0,11114393.0,11114654.0,11114897.0,11115128.0,11115393.0,11115618.0,11115839.0,11116044.0,11116280.0,11116495.0,11116741.0,11116960.0,11117223.0,11117424.0,11117628.0,11117843.0,11118068.0,11118279.0,11118508.0,11118706.0,11118900.0,11119100.0,11119340.0,11119618.0,11119853.0,11120050.0,11120264.0,11120519.0,11120798.0,11121118.0,11121364.0,11121741.0,11122048.0,11122339.0,11122616.0,11122897.0,11123166.0,11123441.0,11123749.0,11124020.0,11124318.0,11124591.0,11124875.0,11125149.0,11125405.0,11125665.0,11125929.0,11126140.0,11126378.0,11126656.0,11126914.0,11127150.0,11127377.0,11127590.0,11127870.0,11128141.0,11128396.0,11128650.0,11128873.0,11129081.0,11129328.0,11129599.0,11129895.0,11130104.0,11130395.0,11130609.0,11130840.0,11131126.0,11131329.0,11131546.0,11131738.0,11132026.0,11132279.0,11132570.0,11132808.0,11133034.0,11133290.0,11133538.0,11133741.0,11133960.0,11134163.0,11134371.0,11134630.0,11134853.0,11135110.0,11135370.0,11135638.0,11135947.0,11136241.0,11136506.0,11136760.0,11137023.0,11137232.0,11137489.0,11137689.0,11137910.0,,,,,,,,,11140038.0,11140266.0,11140479.0,11140690.0,11140943.0,11141173.0,11141438.0,11141655.0,11141919.0,11142173.0,11142476.0,11142703.0,11142979.0,11143248.0,11143634.0,11143970.0,11144298.0,11144589.0,11144972.0,11145285.0,11145592.0,11145935.0,11146211.0,11146546.0,11146912.0,11147264.0,11147638.0,11147950.0,11148312.0,11148673.0,11148980.0,11149379.0,11149797.0,11150109.0,11150450.0,11150824.0,11151209.0,11151575.0,11152023.0,11152372.0,11152815.0,11153142.0,11153656.0,11154025.0,11154383.0,11154820.0,11155159.0,11155579.0,11155915.0,11156206.0,11156473.0,11156797.0,11157062.0,11157356.0,11157573.0,11157838.0,11158117.0,11158364.0,11158634.0,11158974.0,11159301.0,11159625.0,11159922.0,11160165.0,11160424.0,11160703.0,11161007.0,11161272.0,11161543.0,11161797.0,11162067.0,11162332
JV41T_IANMk,46954.0,46982.0,47047.0,47064.0,47086.0,47111.0,47135.0,47160.0,47182.0,47198.0,47225.0,47242.0,47270.0,47298.0,47324.0,47348.0,47370.0,47400.0,47423.0,47451.0,47483.0,47517.0,47569.0,47596.0,47630.0,47663.0,47704.0,47735.0,47758.0,47779.0,47808.0,47839.0,47860.0,47896.0,47945.0,47971.0,47989.0,48020.0,48056.0,48086.0,48117.0,48135.0,48167.0,48201.0,48225.0,48243.0,48278.0,48306.0,48350.0,48382.0,48422.0,48466.0,48479.0,48489.0,48513.0,48545.0,48570.0,48603.0,48635.0,48662.0,48694.0,48729.0,48762.0,48792.0,48809.0,48832.0,48848.0,48870.0,48898.0,48928.0,48965.0,49015.0,49032.0,49058.0,49090.0,49128.0,49166.0,49208.0,49241.0,49261.0,49343.0,49710.0,49744.0,49767.0,49812.0,49846.0,49867.0,49884.0,49917.0,49969.0,49999.0,50021.0,50059.0,50105.0,50148.0,50188.0,50223.0,50255.0,50275.0,50316.0,50333.0,50366.0,50389.0,50415.0,50442.0,50470.0,50496.0,50524.0,50552.0,50580.0,50605.0,50627.0,50651.0,50688.0,50709.0,50733.0,50766.0,50796.0,50820.0,50860.0,50886.0,50911.0,50939.0,50963.0,50988.0,51002.0,51193.0,51274.0,51301.0,51331.0,51360.0,51379.0,51405.0,51432.0,,,,,,,,,51696.0,51717.0,51748.0,51770.0,51794.0,51815.0,51840.0,51884.0,51917.0,51941.0,51973.0,52004.0,52030.0,52058.0,52090.0,52104.0,52128.0,52159.0,52181.0,52205.0,52225.0,52249.0,52273.0,52300.0,52314.0,52334.0,52347.0,52372.0,52393.0,52413.0,52424.0,52443.0,52463.0,52469.0,52500.0,52513.0,52530.0,52544.0,52566.0,52579.0,52591.0,52608.0,52626.0,52639.0,52651.0,52682.0,52700.0,52720.0,52739.0,52757.0,52781.0,52799.0,52814.0,52826.0,52835.0,52846.0,52873.0,52893.0,52904.0,52925.0,52946.0,52965.0,52994.0,53006.0,53010.0,53028.0,53041.0,53064.0,53078.0,53090.0,53113.0,53127
--1DEeTcC5E,34090.0,34099.0,34109.0,34119.0,34133.0,34149.0,34164.0,34174.0,34190.0,34203.0,34210.0,34222.0,34226.0,34235.0,34245.0,34254.0,34270.0,34277.0,34286.0,34295.0,34308.0,34318.0,34336.0,34348.0,34366.0,34373.0,34393.0,34402.0,34418.0,34438.0,34444.0,34453.0,34466.0,34474.0,34486.0,34502.0,34508.0,34515.0,34525.0,34535.0,34548.0,34565.0,34583.0,34606.0,34619.0,34635.0,34652.0,34668.0,34690.0,34698.0,34708.0,34718.0,34726.0,34739.0,34749.0,34765.0,34778.0,34783.0,34787.0,34795.0,34804.0,34809.0,34820.0,34831.0,34840.0,34851.0,34861.0,34877.0,34893.0,34908.0,34923.0,34938.0,34949.0,34957.0,34969.0,34980.0,34998.0,35013.0,35020.0,35033.0,35043.0,35060.0,35078.0,35087.0,35098.0,35108.0,35114.0,35121.0,35136.0,35151.0,35165.0,35175.0,35188.0,35193.0,35200.0,35209.0,35219.0,35230.0,35249.0,35262.0,35270.0,35285.0,35303.0,35314.0,35327.0,35338.0,35355.0,35376.0,35384.0,35395.0,35406.0,35425.0,35439.0,35456.0,35468.0,35484.0,35516.0,35527.0,35540.0,35565.0,35586.0,35594.0,35599.0,35614.0,35630.0,35644.0,35652.0,35664.0,35676.0,35687.0,35696.0,35706.0,35711.0,35721.0,,,,,,,,,35837.0,35854.0,35859.0,35874.0,35883.0,35896.0,35908.0,35913.0,35920.0,35933.0,35942.0,35953.0,35965.0,35979.0,35994.0,35999.0,36002.0,36013.0,36026.0,36039.0,36048.0,36062.0,36068.0,36079.0,36095.0,36101.0,36109.0,36121.0,36128.0,36134.0,36147.0,36161.0,36177.0,36184.0,36190.0,36209.0,36223.0,36246.0,36263.0,36292.0,36317.0,36337.0,36346.0,36354.0,36362.0,36381.0,36391.0,36401.0,36411.0,36423.0,36429.0,36439.0,36449.0,36462.0,36468.0,36478.0,36483.0,36490.0,36502.0,36511.0,36518.0,36522.0,36539.0,36558.0,36569.0,36580.0,36592.0,36600.0,36611.0,36612.0,36624.0,36630
hLD4gua9rGg,29954.0,29963.0,29970.0,29978.0,29992.0,30002.0,30014.0,30020.0,30031.0,30039.0,30046.0,30055.0,30060.0,30070.0,30079.0,30083.0,30091.0,30100.0,30114.0,30121.0,30131.0,30142.0,30158.0,30165.0,30177.0,30181.0,30189.0,30194.0,30203.0,30207.0,30214.0,30221.0,30229.0,30239.0,30248.0,30257.0,30268.0,30274.0,30277.0,30289.0,30297.0,30304.0,30308.0,30317.0,30336.0,30349.0,30360.0,30376.0,30392.0,30401.0,30412.0,30420.0,30431.0,30440.0,30451.0,30468.0,30479.0,30486.0,30491.0,30501.0,30505.0,30510.0,30519.0,30531.0,30542.0,30548.0,30565.0,30579.0,30587.0,30598.0,30609.0,30620.0,30633.0,30641.0,30650.0,30654.0,30654.0,30661.0,30669.0,30679.0,30689.0,30699.0,30708.0,30718.0,30724.0,30731.0,30740.0,30748.0,30756.0,30767.0,30779.0,30791.0,30801.0,30812.0,30826.0,30835.0,30850.0,30858.0,30874.0,30886.0,30890.0,30900.0,30905.0,30916.0,30923.0,30933.0,30946.0,30953.0,30962.0,30977.0,30986.0,30996.0,31011.0,31030.0,31036.0,31048.0,31062.0,31073.0,31083.0,31093.0,31112.0,31125.0,31135.0,31145.0,31156.0,31162.0,31169.0,31178.0,31186.0,31192.0,31198.0,31201.0,31211.0,31222.0,,,,,,,,,31289.0,31297.0,31303.0,31311.0,31325.0,31330.0,31341.0,31350.0,31357.0,31364.0,31366.0,31376.0,31386.0,31399.0,31406.0,31410.0,31412.0,31420.0,31426.0,31438.0,31444.0,31449.0,31452.0,31459.0,31467.0,31473.0,31479.0,31482.0,31493.0,31496.0,31505.0,31516.0,31525.0,31533.0,31537.0,31548.0,31554.0,31559.0,31567.0,31575.0,31580.0,31584.0,31590.0,31599.0,31604.0,31616.0,31636.0,31644.0,31654.0,31663.0,31671.0,31675.0,31681.0,31686.0,31694.0,31697.0,31714.0,31720.0,31731.0,31738.0,31745.0,31749.0,31761.0,31775.0,31782.0,31791.0,31799.0,31810.0,31819.0,31822.0,31826.0,31832
VOFuHFf3nSo,87484.0,87625.0,87822.0,88050.0,88227.0,88414.0,88583.0,88766.0,88939.0,89099.0,89269.0,89477.0,89676.0,89852.0,90060.0,90265.0,90490.0,90687.0,90883.0,91105.0,91357.0,91844.0,92301.0,92583.0,93005.0,93362.0,93968.0,94437.0,94948.0,95377.0,95760.0,96239.0,96560.0,96881.0,97290.0,97871.0,98648.0,99270.0,99782.0,100386.0,100937.0,101426.0,101915.0,102331.0,102978.0,103411.0,103831.0,104189.0,104426.0,104627.0,104791.0,105010.0,105238.0,105451.0,105686.0,105883.0,106052.0,106256.0,106469.0,106682.0,106862.0,107044.0,107278.0,107472.0,107667.0,107806.0,107968.0,108157.0,108317.0,108491.0,108730.0,108952.0,109165.0,109404.0,109553.0,109723.0,109900.0,110093.0,110307.0,110528.0,110734.0,110965.0,111196.0,111440.0,111701.0,111989.0,112219.0,112394.0,112626.0,112825.0,113007.0,113253.0,113508.0,113704.0,113891.0,114184.0,114405.0,114696.0,114999.0,115289.0,115560.0,115765.0,116016.0,116316.0,116565.0,116831.0,117079.0,117326.0,117638.0,117927.0,118206.0,118459.0,118710.0,118962.0,119177.0,119381.0,119655.0,119882.0,120158.0,120395.0,120624.0,120884.0,121129.0,121416.0,121659.0,121896.0,122182.0,122486.0,122698.0,122977.0,123223.0,123456.0,123691.0,123953.0,,,,,,,,,126163.0,126371.0,126665.0,126910.0,127141.0,127409.0,127604.0,127891.0,128290.0,128617.0,128976.0,129247.0,129610.0,129865.0,130101.0,130393.0,130718.0,131021.0,131318.0,131611.0,131835.0,132006.0,132208.0,132441.0,132644.0,132849.0,133046.0,133256.0,133466.0,133666.0,133916.0,134135.0,134349.0,134609.0,134832.0,135029.0,135221.0,135402.0,135656.0,135939.0,136156.0,136374.0,136586.0,136793.0,137025.0,137245.0,137456.0,137652.0,137888.0,138127.0,138345.0,138561.0,138807.0,139043.0,139258.0,139457.0,139638.0,139862.0,140113.0,140379.0,140606.0,140763.0,140964.0,141179.0,141419.0,141665.0,141951.0,142193.0,142391.0,142657.0,142890.0,143129
UHJmMYAp518,8149188.0,8151067.0,8153131.0,8155199.0,8157193.0,8159050.0,8161004.0,8162981.0,8165492.0,8167533.0,8169506.0,8171326.0,8173392.0,8175506.0,8177875.0,8180288.0,8182514.0,8184554.0,8186624.0,8188994.0,8191160.0,8193302.0,8195468.0,8197595.0,8199687.0,8201776.0,8204031.0,8206633.0,8209122.0,8211583.0,8214021.0,8216304.0,8218971.0,8221561.0,8223915.0,8226393.0,8228641.0,8230823.0,8232784.0,8234889.0,8237132.0,8239426.0,8241659.0,8243752.0,8246013.0,8248245.0,8250612.0,8253131.0,8255512.0,8257494.0,8259531.0,8262132.0,8264394.0,8266493.0,8268796.0,8270905.0,8272897.0,8274990.0,8277122.0,8279248.0,8281430.0,8283937.0,8286446.0,8288863.0,8291076.0,8293266.0,8295542.0,8297855.0,8300335.0,8303307.0,8305909.0,8308328.0,8310713.0,8312880.0,8314970.0,8317377.0,8319845.0,8322164.0,8324641.0,8326986.0,8329150.0,8331184.0,8333520.0,8336100.0,8338580.0,8341799.0,8345433.0,8348288.0,8350924.0,8353677.0,8356442.0,8358922.0,8361391.0,8363381.0,8365200.0,8367101.0,8369270.0,8371388.0,8373562.0,8375685.0,8378110.0,8380383.0,8382580.0,8384861.0,8387068.0,8389252.0,8391468.0,8393518.0,8395436.0,8397344.0,8399500.0,8401832.0,8404303.0,8406731.0,8409254.0,8411611.0,8414008.0,8416553.0,8419040.0,8421424.0,8423623.0,8425542.0,8427527.0,8429515.0,8431852.0,8434157.0,8436542.0,8438875.0,8441101.0,8443046.0,8445181.0,8447426.0,8449633.0,8451625.0,,,,,,,,,8469846.0,8471670.0,8473658.0,8475885.0,8478170.0,8480582.0,8483095.0,8485262.0,8487557.0,8490194.0,8492898.0,8495473.0,8498295.0,8501593.0,8504298.0,8506819.0,8509319.0,8512225.0,8515032.0,8517544.0,8519726.0,8521663.0,8523404.0,8525177.0,8527212.0,8529172.0,8531187.0,8533249.0,8535024.0,8536763.0,8538612.0,8540516.0,8542401.0,8544222.0,8546018.0,8547670.0,8549183.0,8550851.0,8552805.0,8554691.0,8556556.0,8558466.0,8560308.0,8561927.0,8563554.0,8565364.0,8567170.0,8569102.0,8570962.0,8572557.0,8574047.0,8575701.0,8577468.0,8579173.0,8580869.0,8582549.0,8584033.0,8585330.0,8586739.0,8588326.0,8589897.0,8591270.0,8592384.0,8593727.0,8595048.0,8596439.0,8598074.0,8599542.0,8600820.0,8601957.0,8603251.0,8604431
t15fRjrgjgg,249931.0,250018.0,250126.0,250233.0,250358.0,250459.0,250534.0,250615.0,250714.0,250784.0,250858.0,250944.0,251024.0,251103.0,251189.0,251261.0,251321.0,251393.0,251468.0,251541.0,251620.0,251689.0,251760.0,251834.0,251896.0,251954.0,252032.0,252099.0,252190.0,252260.0,252335.0,252410.0,252482.0,252555.0,252622.0,252696.0,252778.0,252852.0,252923.0,253007.0,253119.0,253206.0,253315.0,253404.0,253524.0,253599.0,253686.0,253777.0,253859.0,253925.0,253993.0,254065.0,254136.0,254205.0,254269.0,254379.0,254468.0,254546.0,254627.0,254730.0,254805.0,254886.0,254979.0,255070.0,255138.0,255237.0,255324.0,255415.0,255495.0,255599.0,255681.0,255757.0,255830.0,255911.0,255998.0,256086.0,256193.0,256300.0,256391.0,256482.0,256560.0,256652.0,256736.0,256832.0,256914.0,257019.0,257107.0,257221.0,257320.0,257405.0,257470.0,257550.0,257615.0,257685.0,257758.0,257834.0,257906.0,257986.0,258064.0,258115.0,258181.0,258254.0,258312.0,258380.0,258459.0,258514.0,258584.0,258644.0,258714.0,258772.0,258838.0,258904.0,258961.0,259036.0,259114.0,259189.0,259251.0,259304.0,259361.0,259423.0,259479.0,259541.0,259593.0,259647.0,259712.0,259777.0,259842.0,259897.0,259950.0,260013.0,260082.0,260142.0,260202.0,260254.0,,,,,,,,,260793.0,260854.0,260895.0,260955.0,261013.0,261058.0,261111.0,261169.0,261239.0,261299.0,261357.0,261428.0,261493.0,261553.0,261633.0,261685.0,261741.0,261811.0,261869.0,261942.0,262004.0,262068.0,262109.0,262148.0,262215.0,262257.0,262298.0,262347.0,262399.0,262460.0,262518.0,262550.0,262603.0,262641.0,262740.0,262791.0,262835.0,262886.0,262947.0,263006.0,263058.0,263111.0,263162.0,263222.0,263275.0,263319.0,263392.0,263436.0,263527.0,263575.0,263624.0,263660.0,263709.0,263751.0,263801.0,263849.0,263887.0,263930.0,263957.0,263997.0,264036.0,264080.0,264115.0,264164.0,264200.0,264262.0,264297.0,264337.0,264400.0,264419.0,264455.0,264496
jbm6XBGz5MI,126432.0,126475.0,126505.0,126519.0,126538.0,126566.0,126592.0,126623.0,126661.0,126695.0,126741.0,126776.0,126802.0,126855.0,126894.0,126930.0,126989.0,127019.0,127062.0,127095.0,127117.0,127141.0,127173.0,127191.0,127223.0,127241.0,127264.0,127284.0,127302.0,127330.0,127351.0,127366.0,127382.0,127412.0,127434.0,127456.0,127487.0,127514.0,127529.0,127551.0,127568.0,127598.0,127625.0,127658.0,127676.0,127704.0,127720.0,127743.0,127773.0,127814.0,127847.0,127875.0,127896.0,127923.0,127950.0,127974.0,127998.0,128014.0,128037.0,128061.0,128094.0,128130.0,128151.0,128178.0,128202.0,128215.0,128230.0,128265.0,128285.0,128307.0,128331.0,128360.0,128384.0,128405.0,128432.0,128454.0,128488.0,128531.0,128558.0,128588.0,128619.0,128648.0,128683.0,128700.0,128725.0,128749.0,128765.0,128790.0,128824.0,128852.0,128873.0,128891.0,128915.0,128934.0,128963.0,128993.0,129025.0,129046.0,129074.0,129098.0,129113.0,129133.0,129170.0,129179.0,129201.0,129228.0,129257.0,129278.0,129300.0,129321.0,129358.0,129375.0,129392.0,129428.0,129448.0,129475.0,129504.0,129523.0,129561.0,129586.0,129615.0,129644.0,129661.0,129681.0,129699.0,129721.0,129754.0,129788.0,129815.0,129839.0,129864.0,129891.0,129924.0,129948.0,,,,,,,,,130184.0,130208.0,130236.0,130269.0,130296.0,130326.0,130363.0,130401.0,130438.0,130465.0,130494.0,130535.0,130592.0,130616.0,130637.0,130663.0,130694.0,130722.0,130753.0,130780.0,130812.0,130850.0,130882.0,130920.0,130944.0,130976.0,131017.0,131046.0,131066.0,131091.0,131115.0,131163.0,131187.0,131213.0,131235.0,131263.0,131286.0,131305.0,131332.0,131358.0,131388.0,131417.0,131453.0,131474.0,131497.0,131527.0,131549.0,131583.0,131614.0,131637.0,131655.0,131671.0,131694.0,131721.0,131742.0,131767.0,131782.0,131797.0,131817.0,131829.0,131844.0,131866.0,131878.0,131899.0,131920.0,131952.0,131963.0,131987.0,132009.0,132021.0,132046.0,132091
qjDAJB5Okwk,4338.0,4338.0,4338.0,4338.0,4338.0,4339.0,4339.0,4339.0,4339.0,4340.0,4339.0,4339.0,4339.0,4339.0,4339.0,4339.0,4340.0,4340.0,4340.0,4341.0,4341.0,4341.0,4342.0,4342.0,4342.0,4343.0,4343.0,4344.0,4344.0,4345.0,4345.0,4345.0,4345.0,4346.0,4346.0,4346.0,4347.0,4347.0,4347.0,4347.0,4346.0,4346.0,4346.0,4346.0,4346.0,4346.0,4346.0,4347.0,4347.0,4347.0,4347.0,4347.0,4347.0,4347.0,4347.0,4347.0,4347.0,4347.0,4347.0,4347.0,4348.0,4348.0,4349.0,4349.0,4349.0,4349.0,4349.0,4349.0,4349.0,4349.0,4350.0,4350.0,4350.0,4351.0,4351.0,4352.0,4352.0,4352.0,4352.0,4352.0,4352.0,4352.0,4352.0,4352.0,4352.0,4352.0,4352.0,4352.0,4352.0,4353.0,4354.0,4354.0,4354.0,4354.0,4354.0,4355.0,4356.0,4356.0,4356.0,4357.0,4357.0,4357.0,4357.0,4357.0,4357.0,4357.0,4357.0,4357.0,4357.0,4357.0,4357.0,4358.0,4360.0,4360.0,4360.0,4360.0,4361.0,4362.0,4362.0,4362.0,4362.0,4362.0,4362.0,4362.0,4362.0,4363.0,4364.0,4364.0,4364.0,4364.0,4364.0,4365.0,4365.0,4365.0,,,,,,,,,4368.0,4369.0,4369.0,4369.0,4369.0,4369.0,4370.0,4370.0,4370.0,4370.0,4370.0,4370.0,4371.0,4371.0,4371.0,4371.0,4372.0,4372.0,4372.0,4372.0,4372.0,4372.0,4372.0,4372.0,4372.0,4372.0,4372.0,4372.0,4373.0,4373.0,4373.0,4373.0,4373.0,4373.0,4374.0,4374.0,4375.0,4376.0,4376.0,4376.0,4376.0,4376.0,4376.0,4376.0,4376.0,4377.0,4377.0,4378.0,4378.0,4378.0,4378.0,4378.0,4378.0,4378.0,4378.0,4380.0,4380.0,4380.0,4380.0,4379.0,4379.0,4379.0,4379.0,4379.0,4379.0,4379.0,4379.0,4379.0,4380.0,4380.0,4380.0,4380
TpmVcXk5c4k,2577.0,2578.0,2578.0,2578.0,2578.0,2578.0,2578.0,2579.0,2579.0,2579.0,2579.0,2579.0,2579.0,2579.0,2579.0,2579.0,2579.0,2579.0,2579.0,2579.0,2579.0,2579.0,2579.0,2579.0,2579.0,2579.0,2579.0,2581.0,2581.0,2581.0,2582.0,2583.0,2583.0,2583.0,2583.0,2583.0,2583.0,2583.0,2583.0,2583.0,2583.0,2583.0,2584.0,2584.0,2584.0,2584.0,2584.0,2585.0,2585.0,2585.0,2585.0,2586.0,2586.0,2586.0,2586.0,2586.0,2586.0,2586.0,2586.0,2586.0,2587.0,2587.0,2587.0,2587.0,2587.0,2587.0,2587.0,2587.0,2587.0,2587.0,2587.0,2587.0,2587.0,2587.0,2587.0,2587.0,2587.0,2587.0,2587.0,2587.0,2587.0,2587.0,2587.0,2587.0,2587.0,2587.0,2587.0,2587.0,2587.0,2587.0,2587.0,2587.0,2587.0,2588.0,2588.0,2588.0,2588.0,2588.0,2588.0,2588.0,2588.0,2588.0,2588.0,2589.0,2589.0,2589.0,2589.0,2590.0,2590.0,2590.0,2590.0,2591.0,2591.0,2591.0,2591.0,2591.0,2591.0,2591.0,2591.0,2591.0,2591.0,2591.0,2591.0,2591.0,2591.0,2591.0,2591.0,2591.0,2591.0,2591.0,2591.0,2591.0,2593.0,2593.0,,,,,,,,,2595.0,2595.0,2595.0,2595.0,2595.0,2595.0,2595.0,2595.0,2595.0,2595.0,2595.0,2595.0,2595.0,2595.0,2595.0,2595.0,2599.0,2603.0,2605.0,2608.0,2610.0,2611.0,2612.0,2612.0,2612.0,2614.0,2616.0,2617.0,2617.0,2617.0,2618.0,2619.0,2620.0,2620.0,2620.0,2619.0,2620.0,2620.0,2620.0,2620.0,2620.0,2620.0,2621.0,2621.0,2621.0,2621.0,2621.0,2623.0,2623.0,2623.0,2624.0,2624.0,2625.0,2625.0,2625.0,2625.0,2625.0,2626.0,2627.0,2627.0,2627.0,2628.0,2628.0,2628.0,2629.0,2628.0,2628.0,2628.0,2629.0,2629.0,2629.0,2630
Hf1Q7hIiXrg,157262.0,157262.0,157262.0,157262.0,157262.0,157262.0,157262.0,157262.0,157262.0,157262.0,157262.0,157262.0,157262.0,157262.0,157262.0,157262.0,157262.0,157262.0,157262.0,157262.0,157262.0,157262.0,157262.0,157262.0,157262.0,157262.0,157262.0,157262.0,157262.0,157262.0,157262.0,157262.0,157262.0,157262.0,157262.0,157262.0,157262.0,157262.0,157262.0,157262.0,157262.0,157262.0,157262.0,157262.0,157262.0,157262.0,157262.0,157262.0,157262.0,157262.0,157262.0,157262.0,157262.0,157262.0,157262.0,157262.0,157262.0,157262.0,157262.0,157262.0,157262.0,157262.0,157262.0,157262.0,157262.0,157262.0,157262.0,157262.0,157262.0,157262.0,157262.0,157262.0,157262.0,157262.0,157262.0,157262.0,157262.0,157262.0,157262.0,157262.0,157262.0,157262.0,157262.0,157262.0,157262.0,157262.0,157262.0,157262.0,157262.0,157262.0,157262.0,157262.0,157262.0,157262.0,157262.0,157262.0,157262.0,157262.0,157262.0,157262.0,157262.0,157262.0,157262.0,157262.0,157262.0,157262.0,157262.0,157262.0,157262.0,157262.0,157262.0,157262.0,157262.0,157262.0,157262.0,157262.0,157262.0,157262.0,157262.0,157262.0,157262.0,157262.0,157262.0,157262.0,157262.0,157262.0,157262.0,157262.0,157262.0,157262.0,157262.0,157262.0,157262.0,157262.0,,,,,,,,,157262.0,157262.0,157262.0,157262.0,157262.0,157262.0,157262.0,157262.0,157262.0,157262.0,157262.0,157262.0,157262.0,157262.0,157262.0,157262.0,157262.0,157262.0,157262.0,157262.0,157262.0,157262.0,157262.0,157262.0,157262.0,157262.0,157262.0,157262.0,157262.0,157262.0,157262.0,157262.0,157262.0,157262.0,157262.0,157262.0,157262.0,157262.0,157262.0,157262.0,157262.0,157262.0,157262.0,157262.0,157262.0,157262.0,157262.0,157262.0,157262.0,157262.0,157262.0,157262.0,157262.0,157262.0,157262.0,157262.0,157262.0,157262.0,157262.0,157262.0,157262.0,157262.0,157262.0,157262.0,157262.0,157262.0,157262.0,157262.0,157262.0,157262.0,157262.0,157262
cL0HKm0sIAE,13947.0,13948.0,13953.0,13962.0,13962.0,13966.0,13970.0,13976.0,13979.0,13986.0,13989.0,13997.0,14000.0,14005.0,14014.0,14020.0,14023.0,14029.0,14033.0,14037.0,14041.0,14046.0,14052.0,14057.0,14059.0,14061.0,14063.0,14069.0,14073.0,14076.0,14080.0,14082.0,14088.0,14094.0,14097.0,14099.0,14102.0,14109.0,14111.0,14118.0,14126.0,14128.0,14131.0,14132.0,14136.0,14142.0,14148.0,14155.0,14159.0,14162.0,14167.0,14172.0,14178.0,14183.0,14197.0,14204.0,14212.0,14219.0,14231.0,14239.0,14248.0,14257.0,14262.0,14270.0,14271.0,14274.0,14277.0,14278.0,14279.0,14282.0,14285.0,14287.0,14290.0,14293.0,14295.0,14297.0,14299.0,14303.0,14305.0,14311.0,14319.0,14326.0,14331.0,14333.0,14337.0,14337.0,14337.0,14340.0,14344.0,14349.0,14352.0,14356.0,14359.0,14360.0,14361.0,14363.0,14369.0,14370.0,14373.0,14376.0,14381.0,14383.0,14386.0,14388.0,14392.0,14392.0,14393.0,14401.0,14406.0,14409.0,14410.0,14412.0,14419.0,14422.0,14426.0,14428.0,14435.0,14439.0,14443.0,14448.0,14453.0,14458.0,14460.0,14465.0,14469.0,14475.0,14480.0,14485.0,14487.0,14493.0,14498.0,14502.0,14507.0,14515.0,,,,,,,,,14559.0,14563.0,14568.0,14574.0,14578.0,14587.0,14591.0,14595.0,14605.0,14609.0,14611.0,14617.0,14627.0,14632.0,14638.0,14642.0,14651.0,14657.0,14667.0,14674.0,14677.0,14684.0,14695.0,14702.0,14710.0,14716.0,14717.0,14719.0,14724.0,14729.0,14731.0,14734.0,14741.0,14746.0,14750.0,14758.0,14772.0,14779.0,14782.0,14787.0,14791.0,14796.0,14803.0,14807.0,14813.0,14820.0,14837.0,14840.0,14841.0,14845.0,14854.0,14862.0,14866.0,14876.0,14883.0,14891.0,14891.0,14895.0,14900.0,14907.0,14913.0,14916.0,14922.0,14926.0,14929.0,14937.0,14944.0,14952.0,14959.0,14962.0,14965.0,14969
XrjJ1rI0964,10653.0,10654.0,10654.0,10653.0,10653.0,10653.0,10653.0,10654.0,10654.0,10654.0,10655.0,10655.0,10655.0,10655.0,10659.0,10659.0,10659.0,10659.0,10659.0,10662.0,10667.0,10667.0,10667.0,10667.0,10668.0,10669.0,10670.0,10671.0,10671.0,10671.0,10672.0,10672.0,10672.0,10672.0,10673.0,10673.0,10673.0,10674.0,10674.0,10674.0,10674.0,10675.0,10676.0,10677.0,10677.0,10682.0,10684.0,10684.0,10684.0,10684.0,10685.0,10685.0,10687.0,10688.0,10690.0,10690.0,10692.0,10696.0,10699.0,10702.0,10704.0,10707.0,10713.0,10713.0,10714.0,10714.0,10719.0,10719.0,10720.0,10721.0,10721.0,10722.0,10723.0,10724.0,10724.0,10725.0,10726.0,10728.0,10728.0,10728.0,10729.0,10729.0,10729.0,10729.0,10729.0,10730.0,10731.0,10732.0,10732.0,10732.0,10733.0,10734.0,10734.0,10734.0,10734.0,10735.0,10736.0,10737.0,10737.0,10737.0,10737.0,10737.0,10738.0,10738.0,10738.0,10738.0,10738.0,10738.0,10739.0,10739.0,10739.0,10739.0,10739.0,10739.0,10739.0,10739.0,10739.0,10739.0,10739.0,10741.0,10741.0,10742.0,10744.0,10744.0,10745.0,10745.0,10747.0,10748.0,10748.0,10748.0,10750.0,10750.0,10751.0,10751.0,,,,,,,,,10754.0,10754.0,10754.0,10754.0,10754.0,10754.0,10754.0,10754.0,10755.0,10755.0,10755.0,10756.0,10756.0,10756.0,10756.0,10756.0,10758.0,10758.0,10758.0,10758.0,10758.0,10759.0,10759.0,10759.0,10759.0,10759.0,10759.0,10759.0,10759.0,10759.0,10759.0,10760.0,10760.0,10761.0,10761.0,10762.0,10762.0,10762.0,10762.0,10762.0,10763.0,10763.0,10763.0,10763.0,10763.0,10763.0,10763.0,10764.0,10766.0,10767.0,10767.0,10768.0,10768.0,10768.0,10770.0,10770.0,10773.0,10773.0,10773.0,10773.0,10773.0,10773.0,10775.0,10775.0,10775.0,10776.0,10776.0,10776.0,10776.0,10776.0,10778.0,10778
FfB_gH3P4_E,595465.0,595651.0,595910.0,596137.0,596375.0,596562.0,596853.0,597060.0,597265.0,597490.0,597663.0,597829.0,598050.0,598269.0,598488.0,598680.0,598855.0,599011.0,599161.0,599323.0,599510.0,599663.0,599836.0,599996.0,600181.0,600328.0,600531.0,600734.0,600908.0,601053.0,601243.0,601397.0,601539.0,601795.0,601894.0,602026.0,602193.0,602373.0,602535.0,602665.0,602765.0,602897.0,603057.0,603226.0,603364.0,603477.0,603603.0,603760.0,603866.0,603989.0,604095.0,604183.0,604275.0,604422.0,604545.0,604658.0,604787.0,604876.0,604998.0,605138.0,605249.0,605363.0,605474.0,605565.0,605692.0,605813.0,605928.0,606047.0,606147.0,606292.0,606433.0,606545.0,606683.0,606820.0,606916.0,607021.0,607151.0,607286.0,607400.0,607523.0,607647.0,607751.0,607862.0,608010.0,608107.0,608256.0,608410.0,608527.0,608634.0,608760.0,608874.0,609012.0,609116.0,609217.0,609319.0,609451.0,609558.0,609674.0,609771.0,609909.0,610005.0,610110.0,610209.0,610293.0,610412.0,610506.0,610615.0,610718.0,610846.0,610951.0,611072.0,611199.0,611291.0,611414.0,611492.0,611592.0,611680.0,611803.0,611909.0,612006.0,612115.0,612239.0,612352.0,612434.0,612549.0,612654.0,612726.0,612832.0,612953.0,613072.0,613177.0,613310.0,613424.0,613532.0,,,,,,,,,614475.0,614587.0,614700.0,614796.0,614869.0,614957.0,615033.0,615128.0,615205.0,615267.0,615319.0,615385.0,615465.0,615530.0,615651.0,615766.0,615861.0,615949.0,616046.0,616123.0,616237.0,616342.0,616416.0,616510.0,616595.0,616678.0,616780.0,616875.0,616950.0,617031.0,617138.0,617215.0,617289.0,617367.0,617442.0,617522.0,617586.0,617687.0,617757.0,617824.0,617877.0,617954.0,618034.0,618100.0,618179.0,618245.0,618330.0,618397.0,618476.0,618571.0,618634.0,618701.0,618769.0,618837.0,618906.0,618977.0,619047.0,619119.0,619179.0,619242.0,619309.0,619377.0,619449.0,619500.0,619562.0,619623.0,619675.0,619728.0,619778.0,619839.0,619885.0,619939
RuzWBug-JLQ,196441.0,196561.0,196726.0,196900.0,197056.0,197224.0,197380.0,197506.0,197685.0,197843.0,198019.0,198144.0,198336.0,198518.0,198690.0,198843.0,198980.0,199120.0,199235.0,199404.0,199582.0,199732.0,199919.0,200067.0,200224.0,200379.0,200507.0,200631.0,200776.0,200911.0,201026.0,201179.0,201316.0,201425.0,201530.0,201666.0,201808.0,201918.0,202072.0,202217.0,202314.0,202444.0,202570.0,202730.0,202861.0,202976.0,203101.0,203216.0,203315.0,203430.0,203526.0,203623.0,203719.0,203854.0,203952.0,204066.0,204157.0,204284.0,204400.0,204504.0,204615.0,204714.0,204814.0,204942.0,205031.0,205189.0,205339.0,205495.0,205602.0,205749.0,205881.0,206041.0,206148.0,206307.0,206415.0,206516.0,206652.0,206740.0,206852.0,206954.0,207111.0,207220.0,207322.0,207470.0,207575.0,207692.0,207820.0,207929.0,208033.0,208159.0,208272.0,208403.0,208552.0,208706.0,208816.0,208924.0,209008.0,209125.0,209238.0,209334.0,209448.0,209534.0,209635.0,209742.0,209836.0,209935.0,209988.0,210080.0,210160.0,210278.0,210370.0,210469.0,210551.0,210657.0,210759.0,210834.0,210948.0,211034.0,211148.0,211247.0,211343.0,211452.0,211544.0,211643.0,211768.0,211891.0,211999.0,212108.0,212192.0,212352.0,212445.0,212562.0,212661.0,212759.0,,,,,,,,,213585.0,213662.0,213767.0,213865.0,213951.0,214021.0,214106.0,214176.0,214233.0,214317.0,214385.0,214438.0,214489.0,214561.0,214637.0,214701.0,214769.0,214835.0,214895.0,214966.0,215031.0,215092.0,215172.0,215232.0,215308.0,215365.0,215440.0,215507.0,215585.0,215634.0,215702.0,215767.0,215831.0,215897.0,215953.0,216023.0,216077.0,216137.0,216219.0,216272.0,216349.0,216408.0,216473.0,216547.0,216608.0,216674.0,216727.0,216803.0,216848.0,216906.0,216959.0,217026.0,217083.0,217135.0,217206.0,217285.0,217349.0,217411.0,217458.0,217509.0,217563.0,217599.0,217655.0,217716.0,217772.0,217845.0,217897.0,217965.0,218004.0,218068.0,218130.0,218182
5d7XkcA9WVI,73304.0,73335.0,73359.0,73402.0,73454.0,73507.0,73536.0,73565.0,73598.0,73651.0,73704.0,73728.0,73775.0,73816.0,73858.0,73893.0,73918.0,73938.0,73956.0,73998.0,74044.0,74080.0,74117.0,74160.0,74192.0,74224.0,74257.0,74282.0,74312.0,74348.0,74386.0,74412.0,74438.0,74464.0,74488.0,74521.0,74560.0,74599.0,74625.0,74658.0,74683.0,74707.0,74738.0,74771.0,74795.0,74817.0,74835.0,74875.0,74904.0,74935.0,74959.0,74991.0,75023.0,75047.0,75069.0,75085.0,75107.0,75142.0,75163.0,75197.0,75231.0,75260.0,75277.0,75309.0,75331.0,75356.0,75376.0,75408.0,75436.0,75464.0,75487.0,75521.0,75557.0,75588.0,75609.0,75637.0,75668.0,75704.0,75741.0,75774.0,75813.0,75844.0,75871.0,75906.0,75938.0,75965.0,76003.0,76043.0,76064.0,76077.0,76106.0,76134.0,76173.0,76212.0,76235.0,76264.0,76284.0,76313.0,76339.0,76363.0,76389.0,76409.0,76431.0,76450.0,76473.0,76500.0,76531.0,76564.0,76591.0,76611.0,76638.0,76671.0,76692.0,76715.0,76735.0,76761.0,76791.0,76815.0,76836.0,76858.0,76868.0,76884.0,76896.0,76904.0,76919.0,76943.0,76973.0,76997.0,77011.0,77031.0,77052.0,77065.0,77089.0,77103.0,,,,,,,,,77301.0,77320.0,77334.0,77351.0,77365.0,77384.0,77405.0,77424.0,77442.0,77455.0,77471.0,77488.0,77501.0,77519.0,77533.0,77541.0,77557.0,77567.0,77584.0,77602.0,77621.0,77646.0,77659.0,77675.0,77686.0,77698.0,77710.0,77722.0,77735.0,77750.0,77757.0,77768.0,77773.0,77786.0,77794.0,77807.0,77813.0,77825.0,77840.0,77862.0,77878.0,77896.0,77914.0,77930.0,77944.0,77959.0,77974.0,77990.0,78010.0,78024.0,78038.0,78050.0,78064.0,78073.0,78080.0,78095.0,78106.0,78114.0,78122.0,78136.0,78146.0,78152.0,78164.0,78168.0,78177.0,78190.0,78198.0,78205.0,78217.0,78221.0,78230.0,78244
l0d-ZyuAbtM,161479.0,161568.0,161737.0,162334.0,163064.0,163514.0,163854.0,164210.0,164604.0,164953.0,165299.0,165606.0,165897.0,166200.0,166459.0,166683.0,166951.0,167179.0,167448.0,167704.0,168021.0,168257.0,168528.0,168747.0,168964.0,169134.0,169387.0,169578.0,169820.0,169986.0,170171.0,170328.0,170495.0,170642.0,170800.0,170979.0,171146.0,171313.0,171492.0,171674.0,171815.0,171956.0,172117.0,172316.0,172561.0,172771.0,172975.0,173182.0,173331.0,173462.0,173604.0,173815.0,173988.0,174179.0,174321.0,174473.0,174636.0,174798.0,175002.0,175170.0,175340.0,175516.0,175638.0,175827.0,176009.0,176185.0,176334.0,176479.0,176605.0,176781.0,176911.0,177080.0,177195.0,177297.0,177410.0,177544.0,177669.0,177842.0,177947.0,178136.0,178281.0,178419.0,178566.0,178757.0,178937.0,179117.0,179299.0,179457.0,179570.0,179706.0,179836.0,179986.0,180171.0,180384.0,180522.0,180666.0,180789.0,180930.0,181079.0,181249.0,181441.0,181593.0,181717.0,181831.0,181981.0,182158.0,182311.0,182429.0,182570.0,182726.0,182910.0,183182.0,183445.0,183585.0,183751.0,183862.0,184000.0,184123.0,184233.0,184361.0,184493.0,184646.0,184775.0,184922.0,185051.0,185265.0,185462.0,185637.0,185796.0,186003.0,186205.0,186540.0,187448.0,187993.0,,,,,,,,,191397.0,191711.0,191971.0,192287.0,192534.0,192770.0,193001.0,193219.0,193389.0,193599.0,193820.0,194044.0,194248.0,194479.0,194688.0,194886.0,195127.0,195326.0,195581.0,195820.0,196104.0,196351.0,196603.0,196895.0,197180.0,197387.0,197601.0,197826.0,198051.0,198291.0,198553.0,198756.0,198936.0,199151.0,199407.0,199575.0,199766.0,200004.0,200175.0,200394.0,200561.0,200730.0,200888.0,201017.0,201199.0,201381.0,201560.0,201744.0,201948.0,202125.0,202301.0,202439.0,202551.0,202696.0,202839.0,202982.0,203120.0,203343.0,203521.0,203646.0,203747.0,203880.0,204005.0,204131.0,204286.0,204404.0,204555.0,204664.0,204814.0,204930.0,205058.0,205178
B7jKZCgvliM,298349.0,298578.0,298779.0,299112.0,299380.0,299683.0,299967.0,300161.0,300449.0,300759.0,301065.0,301326.0,301595.0,301870.0,302099.0,302379.0,302597.0,302843.0,303039.0,303266.0,303497.0,303716.0,304004.0,304254.0,304484.0,304720.0,304941.0,305107.0,305340.0,305551.0,305757.0,305944.0,306097.0,306232.0,306401.0,306573.0,306781.0,306970.0,307107.0,307308.0,307517.0,307686.0,307887.0,308117.0,308289.0,308473.0,308634.0,308795.0,308985.0,309192.0,309400.0,309632.0,309844.0,310023.0,310180.0,310355.0,310532.0,310716.0,310917.0,311098.0,311305.0,311487.0,311627.0,311796.0,311931.0,312109.0,312301.0,312491.0,312609.0,312841.0,313030.0,313239.0,313436.0,313616.0,313814.0,313988.0,314196.0,314352.0,314552.0,314713.0,314919.0,315128.0,315304.0,315476.0,315658.0,315869.0,316064.0,316280.0,316439.0,316592.0,316811.0,316944.0,317117.0,317299.0,317454.0,317635.0,317795.0,317946.0,318118.0,318279.0,318443.0,318598.0,318746.0,318919.0,319085.0,319228.0,319393.0,319568.0,319733.0,319910.0,320040.0,320203.0,320325.0,320467.0,320547.0,320716.0,320848.0,320976.0,321119.0,321253.0,321345.0,321474.0,321579.0,321706.0,321853.0,322013.0,322167.0,322283.0,322431.0,322555.0,322670.0,322797.0,322942.0,323072.0,,,,,,,,,324449.0,324606.0,324721.0,324868.0,324991.0,325112.0,325225.0,325323.0,325447.0,325522.0,325618.0,325720.0,325816.0,325939.0,326061.0,326143.0,326251.0,326378.0,326518.0,326652.0,326795.0,326944.0,327117.0,327250.0,327374.0,327537.0,327657.0,327805.0,327949.0,328076.0,328201.0,328290.0,328475.0,328609.0,328735.0,328875.0,328994.0,329125.0,329274.0,329365.0,329494.0,329595.0,329734.0,329861.0,329973.0,330094.0,330208.0,330325.0,330429.0,330567.0,330684.0,330821.0,330929.0,331055.0,331204.0,331304.0,331409.0,331524.0,331615.0,331722.0,331798.0,331895.0,332009.0,332103.0,332199.0,332320.0,332410.0,332528.0,332631.0,332750.0,332860.0,332976
ZJaKdBBzUYk,146507596.0,146522152.0,146539574.0,146556286.0,146575208.0,146593455.0,146610209.0,146626812.0,146644621.0,146664009.0,146684229.0,146701953.0,146719585.0,146737125.0,146754700.0,146771781.0,146790160.0,146809086.0,146829597.0,146849710.0,146872397.0,146897071.0,146922498.0,146948429.0,146973284.0,146995528.0,147020150.0,147045159.0,147071351.0,147098425.0,147126047.0,147149563.0,147173094.0,147197133.0,147221185.0,147244135.0,147269820.0,147298253.0,147324372.0,147345458.0,147366626.0,147387893.0,147409778.0,147433705.0,147455631.0,147476080.0,147495969.0,147518064.0,147540249.0,147562910.0,147585110.0,147609246.0,147627914.0,147646287.0,147671035.0,147693707.0,147716135.0,147738680.0,147761266.0,147784568.0,147808501.0,147831062.0,147852996.0,147875977.0,147897643.0,147919383.0,147941736.0,147960869.0,147978889.0,148002391.0,148022350.0,148041526.0,148060528.0,148079692.0,148100948.0,148122993.0,148146085.0,148167523.0,148191016.0,148213996.0,148237161.0,148258947.0,148281073.0,148303487.0,148325721.0,148347383.0,148368629.0,148389143.0,148412159.0,148443624.0,148469928.0,148494276.0,148515707.0,148539290.0,148562822.0,148583532.0,148603080.0,148622820.0,148642026.0,148660491.0,148679776.0,148698701.0,148716203.0,148733554.0,148751733.0,148770163.0,148790678.0,148810290.0,148829596.0,148848090.0,148866897.0,148885576.0,148904082.0,148922764.0,148942803.0,148963185.0,148981583.0,148999773.0,149017426.0,149034714.0,149051580.0,149070182.0,149087420.0,149103419.0,149119787.0,149136926.0,149153970.0,149172260.0,149191598.0,149209596.0,149225953.0,149243694.0,149261366.0,149280147.0,,,,,,,,,149457046.0,149479160.0,149498827.0,149519188.0,149539151.0,149559414.0,149578779.0,149597925.0,149618000.0,149635868.0,149653649.0,149670971.0,149690474.0,149708941.0,149727046.0,149744293.0,149759751.0,149776743.0,149794276.0,149812394.0,149830848.0,149851349.0,149871767.0,149890871.0,149910158.0,149931455.0,149952175.0,149972783.0,149993332.0,150014584.0,150034909.0,150055297.0,150075727.0,150096219.0,150115295.0,150136795.0,150158407.0,150178351.0,150198768.0,150219256.0,150239837.0,150260061.0,150281790.0,150303190.0,150323576.0,150343327.0,150362392.0,150382698.0,150403014.0,150424405.0,150445498.0,150465399.0,150484909.0,150505094.0,150524834.0,150544893.0,150564218.0,150582204.0,150600771.0,150620586.0,150640162.0,150657795.0,150676671.0,150695785.0,150713383.0,150732879.0,150753797.0,150774306.0,150792517.0,150811968.0,150832485.0,150852128
aPd9exmH17o,90336218.0,90348115.0,90362309.0,90377623.0,90393135.0,90408518.0,90422053.0,90435914.0,90450809.0,90466980.0,90483952.0,90498521.0,90512614.0,90525613.0,90539748.0,90555129.0,90571158.0,90587042.0,90604181.0,90621325.0,90640919.0,90661453.0,90681155.0,90702712.0,90722257.0,90739942.0,90759955.0,90782522.0,90806194.0,90829561.0,90852083.0,90871843.0,90892209.0,90914714.0,90936988.0,90959141.0,90984153.0,91009135.0,91033209.0,91053218.0,91072754.0,91091941.0,91109892.0,91129069.0,91148437.0,91166868.0,91183487.0,91201544.0,91219459.0,91236982.0,91253631.0,91274198.0,91292932.0,91310280.0,91328494.0,91348838.0,91370312.0,91400555.0,91423630.0,91447754.0,91472470.0,91494947.0,91516358.0,91536483.0,91553299.0,91569754.0,91587009.0,91604122.0,91618442.0,91635759.0,91650546.0,91664496.0,91679291.0,91693186.0,91708014.0,91724874.0,91742321.0,91758299.0,91773358.0,91788677.0,91804690.0,91821362.0,91838249.0,91855096.0,91871486.0,91886568.0,91901840.0,91916184.0,91936247.0,91964713.0,91990096.0,92012597.0,92029393.0,92047435.0,92065769.0,92084480.0,92102088.0,92120318.0,92139936.0,92156525.0,92173071.0,92189443.0,92204090.0,92219943.0,92235893.0,92252110.0,92270284.0,92287909.0,92304490.0,92318316.0,92332456.0,92346765.0,92360539.0,92373705.0,92386660.0,92399358.0,92411641.0,92423744.0,92435859.0,92447873.0,92459467.0,92471098.0,92482432.0,92493158.0,92503831.0,92513930.0,92524807.0,92536340.0,92548665.0,92560547.0,92571700.0,92582923.0,92593991.0,92604926.0,,,,,,,,,92709865.0,92724065.0,92736096.0,92747416.0,92759456.0,92771213.0,92782397.0,92793910.0,92805992.0,92817107.0,92828243.0,92839088.0,92851355.0,92863069.0,92874841.0,92886427.0,92896806.0,92908285.0,92920277.0,92932789.0,92944585.0,92957710.0,92971567.0,92983469.0,92996547.0,93010306.0,93022731.0,93035555.0,93048368.0,93061398.0,93073856.0,93085757.0,93097720.0,93109984.0,93120955.0,93133317.0,93146118.0,93158134.0,93169901.0,93181926.0,93193999.0,93205576.0,93218372.0,93230978.0,93242531.0,93253818.0,93265158.0,93277180.0,93289082.0,93301210.0,93313453.0,93325116.0,93337166.0,93349450.0,93361179.0,93373748.0,93385868.0,93396894.0,93407816.0,93419355.0,93430675.0,93441068.0,93451858.0,93462978.0,93472904.0,93484049.0,93495749.0,93507936.0,93520943.0,93532083.0,93543662.0,93554750
v3SQVaG7ej0,2271383.0,2271703.0,2272056.0,2272481.0,2272873.0,2273222.0,2273597.0,2273997.0,2274351.0,2274814.0,2275220.0,2275539.0,2275852.0,2276223.0,2276592.0,2276963.0,2277334.0,2277627.0,2277985.0,2278332.0,2278654.0,2279023.0,2279427.0,2279830.0,2280211.0,2280512.0,2280821.0,2281109.0,2281456.0,2281819.0,2282205.0,2282527.0,2282821.0,2283173.0,2283466.0,2283843.0,2284235.0,2284608.0,2285000.0,2285402.0,2285716.0,2286033.0,2286407.0,2286768.0,2287098.0,2287457.0,2287855.0,2288190.0,2288486.0,2288849.0,2289162.0,2289493.0,2289781.0,2290125.0,2290415.0,2290779.0,2291110.0,2291421.0,2291729.0,2292069.0,2292398.0,2292687.0,2293007.0,2293266.0,2293596.0,2293855.0,2294187.0,2294487.0,2294763.0,2295092.0,2295402.0,2295671.0,2295909.0,2296201.0,2296561.0,2296959.0,2297314.0,2297612.0,2297900.0,2298214.0,2298499.0,2298793.0,2299061.0,2299348.0,2299663.0,2299956.0,2300243.0,2300521.0,2300790.0,2301030.0,2301276.0,2301507.0,2301749.0,2301980.0,2302181.0,2302404.0,2302595.0,2302788.0,2303028.0,2303234.0,2303478.0,2303726.0,2303955.0,2304167.0,2304349.0,2304571.0,2304825.0,2305036.0,2305256.0,2305517.0,2305694.0,2305884.0,2306091.0,2306266.0,2306545.0,2306775.0,2306965.0,2307172.0,2307330.0,2307549.0,2307730.0,2307925.0,2308174.0,2308397.0,2308615.0,2308821.0,2308982.0,2309209.0,2309420.0,2309630.0,2309877.0,2310031.0,2310300.0,2310462.0,,,,,,,,,2312597.0,2312913.0,2313108.0,2313336.0,2313577.0,2313774.0,2313998.0,2314260.0,2314489.0,2314728.0,2314988.0,2315216.0,2315449.0,2315737.0,2316023.0,2316336.0,2316632.0,2316933.0,2317195.0,2317514.0,2317804.0,2318154.0,2318442.0,2318683.0,2318903.0,2319230.0,2319493.0,2319756.0,2320062.0,2320326.0,2320610.0,2320895.0,2321174.0,2321495.0,2321793.0,2322025.0,2322257.0,2322537.0,2322784.0,2322997.0,2323252.0,2323456.0,2323805.0,2324061.0,2324289.0,2324494.0,2324709.0,2324930.0,2325186.0,2325441.0,2325700.0,2326041.0,2326303.0,2326620.0,2326894.0,2327182.0,2327458.0,2327747.0,2327968.0,2328237.0,2328495.0,2328749.0,2329034.0,2329252.0,2329504.0,2329723.0,2330000.0,2330276.0,2330494.0,2330752.0,2330982.0,2331294
hwsCrnxABMI,497324.0,497455.0,497578.0,497720.0,497827.0,497928.0,498032.0,498135.0,498217.0,498331.0,498400.0,498478.0,498560.0,498640.0,498727.0,498812.0,498869.0,498919.0,498982.0,499021.0,499082.0,499139.0,499187.0,499234.0,499286.0,499331.0,499375.0,499414.0,499472.0,499516.0,499551.0,499592.0,499629.0,499666.0,499709.0,499760.0,499811.0,499850.0,499890.0,499940.0,499979.0,500031.0,500071.0,500108.0,500136.0,500174.0,500222.0,500265.0,500309.0,500348.0,500367.0,500404.0,500425.0,500462.0,500496.0,500537.0,500578.0,500615.0,500648.0,500684.0,500725.0,500773.0,500823.0,500868.0,500907.0,500937.0,500962.0,500989.0,501032.0,501078.0,501119.0,501174.0,501204.0,501238.0,501264.0,501299.0,501343.0,501387.0,501423.0,501463.0,501480.0,501503.0,501524.0,501569.0,501599.0,501625.0,501654.0,501693.0,501737.0,501788.0,501825.0,501861.0,501891.0,501927.0,501964.0,501994.0,502038.0,502074.0,502097.0,502136.0,502180.0,502216.0,502249.0,502274.0,502308.0,502359.0,502413.0,502454.0,502491.0,502536.0,502587.0,502624.0,502658.0,502698.0,502743.0,502778.0,502816.0,502846.0,502900.0,502940.0,502982.0,503033.0,503076.0,503114.0,503148.0,503176.0,503225.0,503262.0,503299.0,503338.0,503413.0,503438.0,503475.0,503505.0,,,,,,,,,503789.0,503848.0,503888.0,503937.0,504000.0,504043.0,504082.0,504128.0,504194.0,504255.0,504299.0,504340.0,504378.0,504435.0,504489.0,504537.0,504583.0,504632.0,504699.0,504745.0,504787.0,504853.0,504914.0,504956.0,505026.0,505102.0,505161.0,505206.0,505247.0,505293.0,505359.0,505426.0,505473.0,505536.0,505569.0,505602.0,505650.0,505683.0,505713.0,505762.0,505804.0,505839.0,505877.0,505921.0,505964.0,506004.0,506042.0,506074.0,506099.0,506135.0,506159.0,506189.0,506221.0,506255.0,506298.0,506340.0,506385.0,506433.0,506458.0,506492.0,506529.0,506556.0,506586.0,506612.0,506643.0,506673.0,506701.0,506743.0,506782.0,506812.0,506838.0,506876
XpW6BddM_eA,31148.0,31209.0,31295.0,31365.0,31415.0,31479.0,31547.0,31636.0,31710.0,31778.0,31831.0,31908.0,31972.0,32044.0,32127.0,32220.0,32293.0,32351.0,32417.0,32486.0,32547.0,32619.0,32688.0,32739.0,32792.0,32873.0,32952.0,33022.0,33084.0,33164.0,33233.0,33283.0,33345.0,33410.0,33459.0,33529.0,33589.0,33659.0,33706.0,33750.0,33803.0,33887.0,33949.0,34014.0,34063.0,34122.0,34180.0,34253.0,34316.0,34384.0,34446.0,34518.0,34595.0,34672.0,34770.0,34828.0,34886.0,34945.0,35006.0,35066.0,35131.0,35195.0,35245.0,35316.0,35363.0,35413.0,35457.0,35515.0,35567.0,35633.0,35683.0,35741.0,35818.0,35860.0,35913.0,35972.0,36047.0,36127.0,36199.0,36292.0,36346.0,36407.0,36479.0,36552.0,36632.0,36700.0,36783.0,36872.0,36914.0,36978.0,37050.0,37120.0,37188.0,37274.0,37375.0,37469.0,37561.0,37635.0,37714.0,37789.0,37852.0,37928.0,37983.0,38052.0,38121.0,38176.0,38279.0,38358.0,38436.0,38535.0,38644.0,38742.0,38815.0,38908.0,39014.0,39086.0,39203.0,39301.0,39402.0,39493.0,39577.0,39637.0,39713.0,39773.0,39853.0,39938.0,40019.0,40102.0,40173.0,40238.0,40315.0,40403.0,40472.0,40556.0,,,,,,,,,41261.0,41331.0,41418.0,41523.0,41663.0,41780.0,41888.0,41963.0,42085.0,42203.0,42319.0,42450.0,42622.0,42742.0,42878.0,42988.0,43114.0,43210.0,43328.0,43435.0,43500.0,43572.0,43656.0,43735.0,43835.0,43937.0,44016.0,44093.0,44162.0,44249.0,44328.0,44416.0,44494.0,44582.0,44660.0,44732.0,44789.0,44876.0,44952.0,45017.0,45095.0,45162.0,45213.0,45258.0,45312.0,45378.0,45436.0,45507.0,45567.0,45616.0,45666.0,45713.0,45751.0,45805.0,45858.0,45913.0,45959.0,45999.0,46042.0,46082.0,46130.0,46170.0,46203.0,46231.0,46265.0,46307.0,46355.0,46394.0,46428.0,46472.0,46508.0,46540
8uT8GjfZXGs,15446.0,15468.0,15496.0,15510.0,15533.0,15570.0,15594.0,15623.0,15647.0,15661.0,15672.0,15692.0,15705.0,15715.0,15727.0,15743.0,15762.0,15765.0,15780.0,15796.0,15807.0,15820.0,15825.0,15842.0,15856.0,15863.0,15877.0,15888.0,15907.0,15926.0,15937.0,15950.0,15968.0,15982.0,15998.0,16020.0,16032.0,16042.0,16056.0,16063.0,16073.0,16085.0,16100.0,16120.0,16132.0,16141.0,16162.0,16185.0,16197.0,16211.0,16225.0,16239.0,16250.0,16271.0,16306.0,16320.0,16330.0,16357.0,16365.0,16381.0,16389.0,16399.0,16415.0,16425.0,16430.0,16437.0,16449.0,16455.0,16459.0,16470.0,16482.0,16495.0,16515.0,16523.0,16532.0,16542.0,16553.0,16567.0,16578.0,16585.0,16588.0,16591.0,16600.0,16611.0,16625.0,16636.0,16650.0,16663.0,16672.0,16680.0,16693.0,16715.0,16727.0,16740.0,16755.0,16770.0,16777.0,16786.0,16793.0,16801.0,16809.0,16815.0,16820.0,16839.0,16858.0,16862.0,16877.0,16893.0,16909.0,16916.0,16927.0,16937.0,16943.0,16949.0,16964.0,16974.0,16989.0,17001.0,17015.0,17027.0,17046.0,17057.0,17071.0,17080.0,17088.0,17097.0,17111.0,17125.0,17147.0,17169.0,17182.0,17189.0,17195.0,17210.0,,,,,,,,,17290.0,17303.0,17314.0,17325.0,17343.0,17357.0,17381.0,17393.0,17409.0,17425.0,17441.0,17458.0,17479.0,17488.0,17498.0,17505.0,17522.0,17533.0,17553.0,17574.0,17592.0,17614.0,17643.0,17673.0,17705.0,17748.0,17784.0,17815.0,17844.0,17871.0,17892.0,17920.0,17944.0,17958.0,17975.0,17991.0,18025.0,18046.0,18073.0,18107.0,18129.0,18152.0,18157.0,18168.0,18185.0,18209.0,18245.0,18264.0,18290.0,18320.0,18342.0,18360.0,18401.0,18421.0,18453.0,18534.0,18595.0,18666.0,18729.0,18774.0,18832.0,18876.0,18915.0,18971.0,19020.0,19065.0,19136.0,19232.0,19280.0,19336.0,19375.0,19434
VlbNwPMFlo8,271300.0,271331.0,271349.0,271372.0,271398.0,271431.0,271470.0,271493.0,271512.0,271557.0,271597.0,271637.0,271671.0,271700.0,271725.0,271754.0,271770.0,271799.0,271822.0,271838.0,271863.0,271879.0,271909.0,271923.0,271940.0,271963.0,271975.0,272015.0,272030.0,272088.0,272131.0,272152.0,272170.0,272178.0,272193.0,272215.0,272231.0,272251.0,272289.0,272319.0,272337.0,272365.0,272383.0,272399.0,272415.0,272429.0,272448.0,272469.0,272496.0,272507.0,272521.0,272533.0,272556.0,272576.0,272590.0,272618.0,272641.0,272654.0,272677.0,272698.0,272719.0,272733.0,272759.0,272781.0,272816.0,272839.0,272869.0,272896.0,272913.0,272941.0,272962.0,272981.0,273001.0,273019.0,273039.0,273051.0,273071.0,273086.0,273099.0,273117.0,273136.0,273146.0,273166.0,273184.0,273200.0,273218.0,273237.0,273257.0,273272.0,273293.0,273308.0,273324.0,273343.0,273371.0,273390.0,273406.0,273416.0,273434.0,273450.0,273460.0,273477.0,273505.0,273523.0,273537.0,273554.0,273569.0,273588.0,273606.0,273622.0,273632.0,273644.0,273654.0,273684.0,273698.0,273720.0,273740.0,273754.0,,,,,,,,,,,,,,,,,,,,,,,,,,,,,,,,,,,,,,,,,,,,,,,,,,,,,,,,,,,,,,,,,,,,,,,,,,,,,,,,,,,,,,,,,,,,,,,,,
5UdoUmvu_n8,32876725.0,32878808.0,32881222.0,32883654.0,32885964.0,32888189.0,32890330.0,32892808.0,32895105.0,32897603.0,32900205.0,32902457.0,32904776.0,32907200.0,32909709.0,32912104.0,32914636.0,32916989.0,32919243.0,32921474.0,32923704.0,32925831.0,32928095.0,32930352.0,32932789.0,32934768.0,32936618.0,32938441.0,32940452.0,32942497.0,32944695.0,32946719.0,32948598.0,32950667.0,32952723.0,32954856.0,32957140.0,32959167.0,32961221.0,32963049.0,32964949.0,32966761.0,32968775.0,32970813.0,32973059.0,32975240.0,32977323.0,32979534.0,32981593.0,32983599.0,32985508.0,32987705.0,32989813.0,32991836.0,32993826.0,32995916.0,32997923.0,33000151.0,33002537.0,33004812.0,33006949.0,33009212.0,33011435.0,33013388.0,33015327.0,33017416.0,33019436.0,33021401.0,33023229.0,33025552.0,33027723.0,33029884.0,33032140.0,33034348.0,33036566.0,33038668.0,33040825.0,33042924.0,33045066.0,33047279.0,33049310.0,33051327.0,33053164.0,33055106.0,33057085.0,33058923.0,33060836.0,33062742.0,33064578.0,33066299.0,33068047.0,33069729.0,33071528.0,33073465.0,33075405.0,33077293.0,33078919.0,33080494.0,33082124.0,33083752.0,33085538.0,33087361.0,33089069.0,33090781.0,33092601.0,33094493.0,33096181.0,33098001.0,33099853.0,33101678.0,33103362.0,33105125.0,33106883.0,33108734.0,33110949.0,33113075.0,33114861.0,33116549.0,33118315.0,33119991.0,33121857.0,33123787.0,33125765.0,33127508.0,33129075.0,33130723.0,33132538.0,33134339.0,33136190.0,33138036.0,33139747.0,33141408.0,33143054.0,33144701.0,,,,,,,,,33160147.0,33161920.0,33163533.0,33165158.0,33166702.0,33168062.0,33169442.0,33170899.0,33172431.0,33173654.0,33175010.0,33176275.0,33177628.0,33178902.0,33180523.0,33182054.0,33183434.0,33184938.0,33186491.0,33187924.0,33189535.0,33191196.0,33192788.0,33194234.0,33195703.0,33197352.0,33198917.0,33200411.0,33201877.0,33203380.0,33204720.0,33206089.0,33207448.0,33208819.0,33210218.0,33211698.0,33213222.0,33214695.0,33216170.0,33217660.0,33219138.0,33220698.0,33222297.0,33223897.0,33225425.0,33226914.0,33228457.0,33229991.0,33231615.0,33233356.0,33235006.0,33236470.0,33237967.0,33239467.0,33241232.0,33242927.0,33244577.0,33246240.0,33247778.0,33249448.0,33251107.0,33252478.0,33253773.0,33255241.0,33256782.0,33258275.0,33259857.0,33261498.0,33262950.0,33264282.0,33265866.0,33267351
2h2yo6voPPc,4190.0,4191.0,4191.0,4194.0,4196.0,4196.0,4197.0,4199.0,4200.0,4200.0,4200.0,4200.0,4201.0,4201.0,4202.0,4203.0,4203.0,4203.0,4203.0,4203.0,4203.0,4203.0,4204.0,4204.0,4204.0,4205.0,4205.0,4205.0,4206.0,4209.0,4210.0,4215.0,4217.0,4219.0,4218.0,4219.0,4219.0,4221.0,4222.0,4222.0,4227.0,4228.0,4230.0,4230.0,4231.0,4231.0,4232.0,4233.0,4233.0,4233.0,4234.0,4236.0,4236.0,4236.0,4236.0,4236.0,4236.0,4236.0,4236.0,4236.0,4236.0,4237.0,4237.0,4239.0,4239.0,4240.0,4241.0,4242.0,4242.0,4242.0,4242.0,4242.0,4242.0,4242.0,4242.0,4243.0,4243.0,4244.0,4246.0,4246.0,4246.0,4247.0,4249.0,4250.0,4256.0,4256.0,4258.0,4260.0,4262.0,4263.0,4264.0,4264.0,4267.0,4268.0,4271.0,4273.0,4278.0,4279.0,4286.0,4288.0,4289.0,4291.0,4292.0,4294.0,4295.0,4295.0,4298.0,4298.0,4298.0,4298.0,4300.0,4301.0,4303.0,4304.0,4305.0,4305.0,4305.0,4306.0,4307.0,4306.0,4306.0,4306.0,4307.0,4307.0,4308.0,4313.0,4318.0,4318.0,4323.0,4328.0,4332.0,4332.0,4334.0,4336.0,,,,,,,,,4345.0,4348.0,4349.0,4350.0,4351.0,4353.0,4353.0,4354.0,4354.0,4356.0,4357.0,4359.0,4360.0,4360.0,4360.0,4360.0,4360.0,4360.0,4360.0,4362.0,4361.0,4361.0,4363.0,4363.0,4364.0,4365.0,4367.0,4370.0,4371.0,4375.0,4375.0,4377.0,4377.0,4377.0,4378.0,4378.0,4378.0,4378.0,4378.0,4378.0,4379.0,4379.0,4379.0,4382.0,4382.0,4383.0,4383.0,4383.0,4384.0,4384.0,4385.0,4385.0,4386.0,4386.0,4386.0,4386.0,4386.0,4386.0,4386.0,4386.0,4386.0,4388.0,4389.0,4389.0,4389.0,4389.0,4391.0,4392.0,4392.0,4392.0,4392.0,4393
vdec9LXFg-o,2802856.0,2803409.0,2803987.0,2804530.0,2805083.0,2805620.0,2806275.0,2806899.0,2807434.0,2808173.0,2808753.0,2809238.0,2809772.0,2810356.0,2810927.0,2811483.0,2812027.0,2812620.0,2813144.0,2813617.0,2814108.0,2814588.0,2815051.0,2815536.0,2816100.0,2816487.0,2817012.0,2817557.0,2817996.0,2818417.0,2818854.0,2819386.0,2819795.0,2820353.0,2820850.0,2821314.0,2821762.0,2822228.0,2822659.0,2823061.0,2823475.0,2823995.0,2824448.0,2824915.0,2825355.0,2825788.0,2826259.0,2826851.0,2827323.0,2827757.0,2828151.0,2828682.0,2829085.0,2829529.0,2829965.0,2830310.0,2830773.0,2831086.0,2831557.0,2831980.0,2832438.0,2832819.0,2833243.0,2833589.0,2833983.0,2834362.0,2834731.0,2835091.0,2835431.0,2835803.0,2836203.0,2836586.0,2836897.0,2837182.0,2837484.0,2837846.0,2838233.0,2838624.0,2838996.0,2839414.0,2839774.0,2840135.0,2840484.0,2840917.0,2841321.0,2841669.0,2842074.0,2842391.0,2842789.0,2843152.0,2843593.0,2843921.0,2844321.0,2844677.0,2845013.0,2845339.0,2845662.0,2846028.0,2846378.0,2846718.0,2847098.0,2847464.0,2847810.0,2848178.0,2848593.0,2849044.0,2849463.0,2849919.0,2850303.0,2850648.0,2851095.0,2851559.0,2851972.0,2852293.0,2852687.0,2853125.0,2853504.0,2853903.0,2854323.0,2854703.0,2855145.0,2855532.0,2855873.0,2856251.0,2856600.0,2857048.0,2857475.0,2857989.0,2858417.0,2858835.0,2859315.0,2859800.0,2860383.0,2860882.0,,,,,,,,,2864829.0,2865236.0,2865655.0,2866030.0,2866433.0,2866765.0,2867185.0,2867517.0,2867939.0,2868355.0,2868810.0,2869213.0,2869759.0,2870268.0,2870717.0,2871070.0,2871539.0,2871931.0,2872309.0,2872714.0,2873130.0,2873647.0,2874030.0,2874422.0,2874793.0,2875151.0,2875640.0,2876005.0,2876479.0,2876979.0,2877443.0,2877979.0,2878459.0,2878972.0,2879456.0,2879929.0,2880377.0,2880815.0,2881185.0,2881589.0,2882032.0,2882427.0,2882844.0,2883353.0,2883747.0,2884118.0,2884615.0,2885134.0,2885612.0,2886123.0,2886583.0,2887010.0,2887442.0,2887915.0,2888361.0,2888786.0,2889216.0,2889665.0,2890090.0,2890562.0,2890995.0,2891408.0,2891734.0,2892226.0,2892592.0,2893011.0,2893478.0,2893889.0,2894236.0,2894573.0,2894872.0,2895176
GNhDuQvCifk,1128212.0,1128325.0,1128430.0,1128578.0,1128680.0,1128777.0,1128881.0,1129001.0,1129089.0,1129182.0,1129290.0,1129355.0,1129450.0,1129544.0,1129644.0,1129746.0,1129848.0,1129943.0,1130060.0,1130148.0,1130239.0,1130375.0,1130461.0,1130549.0,1130648.0,1130750.0,1130845.0,1130929.0,1131026.0,1131104.0,1131185.0,1131285.0,1131399.0,1131515.0,1131614.0,1131714.0,1131785.0,1131874.0,1131944.0,1132039.0,1132102.0,1132177.0,1132251.0,1132326.0,1132408.0,1132509.0,1132619.0,1132688.0,1132767.0,1132891.0,1132988.0,1133108.0,1133230.0,1133313.0,1133413.0,1133498.0,1133607.0,1133693.0,1133801.0,1133918.0,1133997.0,1134089.0,1134178.0,1134265.0,1134361.0,1134432.0,1134525.0,1134594.0,1134658.0,1134741.0,1134839.0,1134937.0,1135007.0,1135088.0,1135187.0,1135269.0,1135362.0,1135424.0,1135517.0,1135609.0,1135707.0,1135760.0,1135848.0,1135920.0,1135998.0,1136097.0,1136186.0,1136273.0,1136390.0,1136488.0,1136594.0,1136687.0,1136775.0,1136870.0,1136959.0,1137041.0,1137108.0,1137197.0,1137278.0,1137358.0,1137442.0,1137517.0,1137605.0,1137708.0,1137812.0,1137909.0,1138001.0,1138101.0,1138179.0,1138274.0,1138369.0,1138463.0,1138534.0,1138626.0,1138733.0,1138824.0,1138921.0,1139004.0,1139120.0,1139199.0,1139289.0,1139369.0,1139437.0,1139519.0,1139606.0,1139708.0,1139797.0,1139874.0,1139977.0,1140076.0,1140187.0,1140256.0,1140358.0,1140451.0,,,,,,,,,1141471.0,1141540.0,1141617.0,1141705.0,1141783.0,1141856.0,1141924.0,1142016.0,1142139.0,1142228.0,1142320.0,1142399.0,1142475.0,1142556.0,1142638.0,1142722.0,1142781.0,1142858.0,1142933.0,1142999.0,1143074.0,1143127.0,1143187.0,1143265.0,1143312.0,1143380.0,1143461.0,1143524.0,1143620.0,1143696.0,1143766.0,1143844.0,1143914.0,1144004.0,1144078.0,1144193.0,1144265.0,1144336.0,1144412.0,1144506.0,1144568.0,1144654.0,1144718.0,1144804.0,1144889.0,1144952.0,1145018.0,1145104.0,1145197.0,1145288.0,1145359.0,1145441.0,1145517.0,1145614.0,1145702.0,1145797.0,1145896.0,1145963.0,1146022.0,1146134.0,1146232.0,1146317.0,1146389.0,1146466.0,1146555.0,1146645.0,1146735.0,1146810.0,1146883.0,1146953.0,1146999.0,1147050
HeJKIcgWPgE,1217684.0,1217991.0,1218278.0,1218621.0,1218943.0,1219286.0,1219596.0,1219894.0,1220268.0,1220623.0,1220910.0,1221227.0,1221599.0,1221901.0,1222205.0,1222521.0,1222822.0,1223104.0,1223437.0,1223727.0,1224053.0,1224374.0,1224709.0,1225008.0,1225319.0,1225598.0,1225947.0,1226260.0,1226623.0,1226991.0,1227340.0,1227637.0,1227907.0,1228285.0,1228576.0,1228917.0,1229219.0,1229531.0,1229791.0,1230151.0,1230460.0,1230745.0,1231079.0,1231386.0,1231691.0,1232028.0,1232330.0,1232644.0,1232936.0,1233308.0,1233685.0,1233997.0,1234317.0,1234669.0,1235025.0,1235325.0,1235669.0,1236020.0,1236326.0,1236609.0,1236935.0,1237242.0,1237604.0,1237928.0,1238263.0,1238580.0,1238895.0,1239224.0,1239483.0,1239902.0,1240190.0,1240504.0,1240779.0,1241115.0,1241433.0,1241768.0,1242103.0,1242409.0,1242775.0,1243060.0,1243365.0,1243684.0,1243982.0,1244345.0,1244656.0,1244983.0,1245312.0,1245643.0,1245952.0,1246254.0,1246577.0,1246867.0,1247192.0,1247558.0,1247891.0,1248219.0,1248566.0,1248908.0,1249210.0,1249480.0,1249798.0,1250143.0,1250428.0,1250823.0,1251148.0,1251512.0,1251840.0,1252164.0,1252444.0,1252748.0,1253094.0,1253432.0,1253760.0,1254126.0,1254477.0,1254800.0,1255098.0,1255427.0,1255720.0,1256078.0,1256381.0,1256717.0,1257057.0,1257342.0,1257642.0,1257949.0,1258284.0,1258615.0,1258958.0,1259254.0,1259579.0,1259837.0,1260174.0,1260475.0,,,,,,,,,1263303.0,1263594.0,1263911.0,1264228.0,1264560.0,1264895.0,1265254.0,1265601.0,1265960.0,1266317.0,1266654.0,1266902.0,1267278.0,1267621.0,1267978.0,1268305.0,1268604.0,1268861.0,1269215.0,1269512.0,1269767.0,1270058.0,1270312.0,1270550.0,1270803.0,1271041.0,1271292.0,1271574.0,1271859.0,1272081.0,1272421.0,1272690.0,1272991.0,1273263.0,1273508.0,1273837.0,1274066.0,1274375.0,1274636.0,1274890.0,1275177.0,1275449.0,1275697.0,1275949.0,1276258.0,1276502.0,1276795.0,1277043.0,1277325.0,1277571.0,1277817.0,1278092.0,1278350.0,1278674.0,1278939.0,1279248.0,1279493.0,1279737.0,1280009.0,1280323.0,1280612.0,1280891.0,1281131.0,1281365.0,1281616.0,1281853.0,1282133.0,1282358.0,1282516.0,1282729.0,1282952.0,1283163
fMIn43MiwG8,83992640.0,84007884.0,84025464.0,84043159.0,84060701.0,84079601.0,84097343.0,84115581.0,84134759.0,84155630.0,84177254.0,84194480.0,84212110.0,84230600.0,84249057.0,84267931.0,84288705.0,84308972.0,84326984.0,84345475.0,84365849.0,84387000.0,84408900.0,84432623.0,84454468.0,84472997.0,84492961.0,84512605.0,84534724.0,84555892.0,84579844.0,84601591.0,84620239.0,84639708.0,84659804.0,84681376.0,84711434.0,84737871.0,84759814.0,84781648.0,84804293.0,84825928.0,84848822.0,84872234.0,84894590.0,84915205.0,84934033.0,84953550.0,84972374.0,84990138.0,85008034.0,85030911.0,85047555.0,85062294.0,85080176.0,85102995.0,85124553.0,85148538.0,85172045.0,85193062.0,85210965.0,85229436.0,85247813.0,85266811.0,85284912.0,85303853.0,85324420.0,85343273.0,85360587.0,85381078.0,85398894.0,85414989.0,85430955.0,85449257.0,85467166.0,85484932.0,85505334.0,85524143.0,85541547.0,85558583.0,85576623.0,85594524.0,85612682.0,85632067.0,85650883.0,85669171.0,85687043.0,85704981.0,85722358.0,85740058.0,85758674.0,85776594.0,85792915.0,85811112.0,85828464.0,85844210.0,85860866.0,85877931.0,85895190.0,85911990.0,85929445.0,85946009.0,85962128.0,85977909.0,85995138.0,86012294.0,86030094.0,86050040.0,86068834.0,86085490.0,86103838.0,86120814.0,86137471.0,86155380.0,86176057.0,86196556.0,86214944.0,86233146.0,86251912.0,86270504.0,86289352.0,86309861.0,86330338.0,86348594.0,86367142.0,86385971.0,86404845.0,86425940.0,86447733.0,86467958.0,86487926.0,86505086.0,86521561.0,86537866.0,,,,,,,,,86695062.0,86713847.0,86730988.0,86748373.0,86765548.0,86784433.0,86803544.0,86824215.0,86845992.0,86863633.0,86879580.0,86895408.0,86911666.0,86927040.0,86944215.0,86960104.0,86974078.0,86988693.0,87002619.0,87016311.0,87031076.0,87047746.0,87063424.0,87077767.0,87091903.0,87106185.0,87121451.0,87137319.0,87154962.0,87172157.0,87188717.0,87204031.0,87219716.0,87235641.0,87251315.0,87268174.0,87283786.0,87297740.0,87312658.0,87327085.0,87341782.0,87355876.0,87371385.0,87385890.0,87399312.0,87412328.0,87425644.0,87439188.0,87452688.0,87467214.0,87481237.0,87493857.0,87506817.0,87520831.0,87534758.0,87548790.0,87563268.0,87577129.0,87590134.0,87604116.0,87618301.0,87632922.0,87646779.0,87660910.0,87674099.0,87687722.0,87701330.0,87714248.0,87726132.0,87737097.0,87748875.0,87760739
k6jqx9kZgPM,202809336.0,202848077.0,202887568.0,202929675.0,202975342.0,203023661.0,203066019.0,203107979.0,203149892.0,203191132.0,203235697.0,203277542.0,203322008.0,203365772.0,203408774.0,203448634.0,203492458.0,203538844.0,203584192.0,203626198.0,203669066.0,203721734.0,203781702.0,203836691.0,203883028.0,203927172.0,203980063.0,204030423.0,204084020.0,204141947.0,204196974.0,204243512.0,204286115.0,204334771.0,204383813.0,204434629.0,204532009.0,204613497.0,204669261.0,204721076.0,204773795.0,204829981.0,204897674.0,204968353.0,205028510.0,205084535.0,205135588.0,205188118.0,205240713.0,205299972.0,205358676.0,205428621.0,205482272.0,205532627.0,205581465.0,205633331.0,205688783.0,205750936.0,205811545.0,205865037.0,205915081.0,205966036.0,206016177.0,206066643.0,206116504.0,206178593.0,206235613.0,206293452.0,206341798.0,206398115.0,206442334.0,206483538.0,206526103.0,206575864.0,206622080.0,206670397.0,206724820.0,206768475.0,206813956.0,206857342.0,206901430.0,206949182.0,207000782.0,207048911.0,207094160.0,207136880.0,207175559.0,207214547.0,207254568.0,207301965.0,207348891.0,207392326.0,207431106.0,207471539.0,207511995.0,207554562.0,207600417.0,207650007.0,207695949.0,207737885.0,207779074.0,207820115.0,207857289.0,207900565.0,207945622.0,207993049.0,208035106.0,208079593.0,208125562.0,208166235.0,208205615.0,208245421.0,208285191.0,208323816.0,208365573.0,208408639.0,208452170.0,208497157.0,208542803.0,208585917.0,208628151.0,208672453.0,208714161.0,208751330.0,208786791.0,208822352.0,208861611.0,208909632.0,208961466.0,209011522.0,209059097.0,209111027.0,209160711.0,209206359.0,,,,,,,,,209637844.0,209692871.0,209742145.0,209788938.0,209832267.0,209870292.0,209905836.0,209941130.0,209977505.0,210011184.0,210045067.0,210082252.0,210122899.0,210161487.0,210201305.0,210239214.0,210272280.0,210306126.0,210336406.0,210367631.0,210402467.0,210443541.0,210482828.0,210518012.0,210553545.0,210590220.0,210627989.0,210669278.0,210711753.0,210755042.0,210796225.0,210837324.0,210876868.0,210918019.0,210956693.0,210997501.0,211035293.0,211071227.0,211108207.0,211145780.0,211184538.0,211222786.0,211263706.0,211302948.0,211338979.0,211374208.0,211410451.0,211447122.0,211483395.0,211521020.0,211556876.0,211591101.0,211627863.0,211668820.0,211709229.0,211750653.0,211791604.0,211829352.0,211865931.0,211904068.0,211942794.0,211980295.0,212014789.0,212052140.0,212086711.0,212123360.0,212161325.0,212199478.0,212236560.0,212268340.0,212303938.0,212337757
7LBqr_sjsys,2104256.0,2104494.0,2104719.0,2105020.0,2105271.0,2105525.0,2105766.0,2106125.0,2106394.0,2106665.0,2106941.0,2107182.0,2107404.0,2107723.0,2108031.0,2108347.0,2108669.0,2108951.0,2109276.0,2109568.0,2109875.0,2110203.0,2110530.0,2110885.0,2111244.0,2111518.0,2111851.0,2112131.0,2112464.0,2112753.0,2113065.0,2113372.0,2113644.0,2113999.0,2114330.0,2114595.0,2114907.0,2115185.0,2115478.0,2115700.0,2116008.0,2116249.0,2116553.0,2116783.0,2117052.0,2117294.0,2117537.0,2117845.0,2118094.0,2118378.0,2118633.0,2118926.0,2119212.0,2119493.0,2119763.0,2119998.0,2120292.0,2120549.0,2120847.0,2121119.0,2121401.0,2121725.0,2121991.0,2122280.0,2122556.0,2122849.0,2123080.0,2123347.0,2123591.0,2123879.0,2124136.0,2124385.0,2124640.0,2124880.0,2125117.0,2125367.0,2125696.0,2125953.0,2126206.0,2126490.0,2126752.0,2127058.0,2127303.0,2127540.0,2127775.0,2128018.0,2128256.0,2128510.0,2128744.0,2128986.0,2129213.0,2129450.0,2129712.0,2129953.0,2130179.0,2130447.0,2130675.0,2130907.0,2131142.0,2131386.0,2131671.0,2131913.0,2132144.0,2132368.0,2132626.0,2132871.0,2133114.0,2133357.0,2133609.0,2133836.0,2134082.0,2134379.0,2134611.0,2134866.0,2135159.0,2135405.0,2135628.0,2135902.0,2136194.0,2136429.0,2136702.0,2136937.0,2137226.0,2137467.0,2137760.0,2138046.0,2138308.0,2138544.0,2138808.0,2139035.0,2139251.0,2139458.0,2139716.0,2139899.0,,,,,,,,,2142128.0,2142377.0,2142600.0,2142807.0,2143054.0,2143337.0,2143632.0,2143875.0,2144171.0,2144476.0,2144713.0,2144973.0,2145273.0,2145541.0,2145775.0,2146052.0,2146265.0,2146531.0,2146821.0,2147087.0,2147326.0,2147597.0,2147849.0,2148153.0,2148395.0,2148698.0,2148974.0,2149199.0,2149454.0,2149693.0,2149935.0,2150178.0,2150439.0,2150714.0,2150943.0,2151192.0,2151483.0,2151722.0,2151968.0,2152304.0,2152610.0,2153004.0,2153375.0,2153732.0,2154063.0,2154457.0,2154856.0,2155191.0,2155643.0,2156013.0,2156441.0,2156749.0,2157089.0,2157504.0,2157817.0,2158188.0,2158488.0,2158861.0,2159150.0,2159426.0,2159763.0,2160073.0,2160376.0,2160719.0,2161036.0,2161333.0,2161672.0,2161957.0,2162247.0,2162535.0,2162926.0,2163261
3bEAQmFy5Xw,13371432.0,13377336.0,13383655.0,13389470.0,13395332.0,13402362.0,13408448.0,13414315.0,13420410.0,13425869.0,13431305.0,13437065.0,13443553.0,13449727.0,13456890.0,13463314.0,13469110.0,13474598.0,13480467.0,13486740.0,13492999.0,13499444.0,13505504.0,13511400.0,13516763.0,13522111.0,13528083.0,13534373.0,13540791.0,13546786.0,13552420.0,13557657.0,13563190.0,13569064.0,13575206.0,13581626.0,13587702.0,13593140.0,13598036.0,13603276.0,13608826.0,13614168.0,13619654.0,13625340.0,13630838.0,13636282.0,13642170.0,13648491.0,13654406.0,13659909.0,13665387.0,13671435.0,13676835.0,13682616.0,13688960.0,13695025.0,13701507.0,13708018.0,13714211.0,13720191.0,13726564.0,13732925.0,13739250.0,13745393.0,13751559.0,13757544.0,13762974.0,13768536.0,13773803.0,13780930.0,13786843.0,13792008.0,13797609.0,13803484.0,13809996.0,13816402.0,13824225.0,13831513.0,13838521.0,13845223.0,13851709.0,13858314.0,13864985.0,13872319.0,13879525.0,13886227.0,13891814.0,13897014.0,13903314.0,13909826.0,13916502.0,13923573.0,13930844.0,13937202.0,13943248.0,13949572.0,13955934.0,13962263.0,13969192.0,13975599.0,13981722.0,13988354.0,13994189.0,14000169.0,14005978.0,14012028.0,14017831.0,14023282.0,14028487.0,14034406.0,14040707.0,14047181.0,14053662.0,14059772.0,14065450.0,14070636.0,14076783.0,14083190.0,14089748.0,14096338.0,14102988.0,14108958.0,14114763.0,14120730.0,14127038.0,14133644.0,14140511.0,14147392.0,14154060.0,14160795.0,14168088.0,14174623.0,14181317.0,14188033.0,,,,,,,,,14245231.0,14250963.0,14256801.0,14262458.0,14268320.0,14274168.0,14279543.0,14284016.0,14289233.0,14293969.0,14298980.0,14305032.0,14311013.0,14316723.0,14321831.0,14327005.0,14332838.0,14338862.0,14344170.0,14350025.0,14355888.0,14361550.0,14367144.0,14373201.0,14378991.0,14385140.0,14391873.0,14398001.0,14403613.0,14409179.0,14415002.0,14421026.0,14427071.0,14433129.0,14438796.0,14444057.0,14448908.0,14454850.0,14460872.0,14466904.0,14472691.0,14478576.0,14484101.0,14489261.0,14494629.0,14500542.0,14506699.0,14512915.0,14518835.0,14524209.0,14529108.0,14534885.0,14540943.0,14547058.0,14553324.0,14559822.0,14565918.0,14571706.0,14578345.0,14585782.0,14592896.0,14598837.0,14604556.0,14610863.0,14616899.0,14623863.0,14631014.0,14637707.0,14643433.0,14649016.0,14655614.0,14661933
MlQlMRJT27w,4774188.0,4774829.0,4775514.0,4776217.0,4776923.0,4777677.0,4778353.0,4779204.0,4780024.0,4780761.0,4781597.0,4782357.0,4783063.0,4783735.0,4784442.0,4785114.0,4785865.0,4786495.0,4787099.0,4787789.0,4788505.0,4789218.0,4789945.0,4790695.0,4791478.0,4792150.0,4792908.0,4793694.0,4794516.0,4795294.0,4796136.0,4796868.0,4797587.0,4798279.0,4798876.0,4799554.0,4800369.0,4801121.0,4801875.0,4802569.0,4803274.0,4803834.0,4804531.0,4805327.0,4806067.0,4806830.0,4807542.0,4808284.0,4808874.0,4809432.0,4809984.0,4810609.0,4811205.0,4811762.0,4812381.0,4813022.0,4813644.0,4814288.0,4814938.0,4815510.0,4816148.0,4816852.0,4817469.0,4818033.0,4818600.0,4819217.0,4819785.0,4820382.0,4820976.0,4821713.0,4822296.0,4822792.0,4823353.0,4823846.0,4824347.0,4824873.0,4825384.0,4825960.0,4826481.0,4827005.0,4827517.0,4828011.0,4828502.0,4828969.0,4829428.0,4829951.0,4830387.0,4830882.0,4831343.0,4831809.0,4832303.0,4832739.0,4833225.0,4833726.0,4834224.0,4834686.0,4835115.0,4835565.0,4836035.0,4836508.0,4837013.0,4837562.0,4838034.0,4838466.0,4838884.0,4839316.0,4839752.0,4840244.0,4840819.0,4841250.0,4841830.0,4842408.0,4842911.0,4843407.0,4843891.0,4844364.0,4844941.0,4845453.0,4846012.0,4846517.0,4847023.0,4847502.0,4848038.0,4848564.0,4849033.0,4849535.0,4850031.0,4850541.0,4851006.0,4851526.0,4852025.0,4852490.0,4853047.0,4853501.0,,,,,,,,,4858035.0,4858569.0,4858979.0,4859398.0,4859865.0,4860367.0,4860796.0,4861208.0,4861706.0,4862151.0,4862622.0,4863062.0,4863526.0,4864076.0,4864536.0,4865020.0,4865394.0,4865844.0,4866194.0,4866654.0,4867039.0,4867430.0,4867857.0,4868237.0,4868675.0,4869048.0,4869415.0,4869838.0,4870283.0,4870760.0,4871176.0,4871554.0,4871970.0,4872448.0,4872844.0,4874069.0,4874584.0,4875098.0,4875573.0,4876111.0,4876586.0,4876988.0,4877450.0,4877850.0,4878265.0,4878724.0,4879187.0,4879635.0,4880184.0,4880702.0,4881162.0,4881583.0,4882041.0,4882521.0,4882991.0,4883456.0,4883888.0,4884355.0,4884840.0,4885304.0,4885742.0,4886170.0,4886515.0,4886944.0,4887321.0,4887726.0,4888154.0,4888629.0,4889094.0,4889433.0,4889854.0,4890272
i5I7Aowm29w,3454566.0,3455596.0,3456543.0,3457506.0,3458448.0,3459442.0,3460263.0,3461243.0,3462192.0,3463223.0,3464280.0,3465298.0,3466233.0,3467198.0,3468265.0,3469313.0,3470423.0,3471476.0,3472453.0,3473399.0,3474519.0,3475674.0,3476791.0,3477797.0,3478981.0,3480005.0,3481100.0,3482304.0,3483373.0,3484465.0,3485365.0,3486354.0,3487452.0,3488634.0,3489693.0,3490815.0,3491824.0,3492890.0,3493825.0,3494797.0,3495840.0,3496868.0,3497805.0,3498840.0,3499849.0,3500801.0,3501755.0,3502741.0,3503854.0,3504822.0,3505760.0,3506681.0,3507441.0,3508294.0,3509183.0,3510046.0,3510986.0,3511873.0,3512677.0,3513668.0,3514655.0,3515627.0,3516603.0,3517592.0,3518469.0,3519302.0,3520030.0,3520753.0,3521553.0,3522433.0,3523115.0,3523942.0,3524657.0,3525307.0,3526103.0,3526800.0,3527644.0,3528489.0,3529324.0,3530135.0,3530913.0,3531718.0,3532540.0,3533321.0,3534282.0,3535128.0,3535904.0,3536685.0,3537522.0,3538324.0,3539177.0,3540016.0,3540840.0,3541676.0,3542481.0,3543264.0,3544175.0,3544997.0,3545798.0,3546573.0,3547318.0,3548166.0,3549213.0,3550270.0,3551322.0,3552315.0,3553180.0,3554113.0,3555013.0,3555976.0,3556997.0,3557977.0,3558912.0,3559845.0,3560780.0,3561713.0,3562629.0,3563559.0,3564508.0,3565392.0,3566316.0,3567152.0,3568053.0,3568901.0,3569740.0,3570662.0,3571524.0,3572277.0,3573189.0,3573972.0,3574836.0,3575680.0,3576503.0,3577310.0,,,,,,,,,3584614.0,3585463.0,3586290.0,3587046.0,3587890.0,3588637.0,3589408.0,3589997.0,3590791.0,3591508.0,3592234.0,3592884.0,3593627.0,3594348.0,3595085.0,3595761.0,3596401.0,3597040.0,3597826.0,3598569.0,3599371.0,3600182.0,3600984.0,3601818.0,3602719.0,3603582.0,3604357.0,3605211.0,3605999.0,3606773.0,3607516.0,3608370.0,3609245.0,3610051.0,3610794.0,3611500.0,3612219.0,3612949.0,3613819.0,3614597.0,3615507.0,3616376.0,3617140.0,3617979.0,3618819.0,3619662.0,3620520.0,3621393.0,3622315.0,3623108.0,3623800.0,3624604.0,3625388.0,3626165.0,3626919.0,3627638.0,3628402.0,3629042.0,3629852.0,3630603.0,3631362.0,3632091.0,3632772.0,3633475.0,3634345.0,3635421.0,3636362.0,3637101.0,3637681.0,3638374.0,3639073.0,3639851
MECll48h_8o,1578287.0,1578445.0,1578599.0,1578779.0,1578987.0,1579168.0,1579337.0,1579522.0,1579763.0,1580012.0,1580254.0,1580460.0,1580730.0,1580977.0,1581214.0,1581477.0,1581756.0,1581993.0,1582220.0,1582460.0,1582723.0,1583064.0,1583458.0,1583771.0,1584531.0,1585397.0,1586412.0,1587188.0,1587870.0,1588464.0,1588918.0,1589329.0,1589768.0,1590219.0,1590580.0,1590920.0,1591205.0,1591598.0,1591933.0,1592302.0,1592605.0,1592880.0,1593170.0,1593445.0,1593761.0,1594024.0,1594341.0,1594895.0,1595585.0,1596108.0,1596517.0,1596906.0,1597266.0,1597622.0,1597882.0,1598144.0,1598394.0,1598619.0,1598830.0,1599042.0,1599237.0,1599448.0,1599622.0,1599796.0,1600018.0,1600216.0,1600383.0,1600537.0,1600678.0,1600868.0,1601047.0,1601202.0,1601347.0,1601502.0,1601680.0,1601893.0,1602079.0,1602271.0,1602413.0,1602546.0,1602728.0,1602927.0,1603086.0,1603271.0,1603431.0,1603609.0,1603755.0,1603922.0,1604061.0,1604230.0,1604403.0,1604543.0,1604673.0,1604873.0,1605008.0,1605163.0,1605300.0,1605458.0,1605608.0,1605777.0,1605906.0,1606090.0,1606244.0,1606398.0,1606555.0,1606702.0,1606824.0,1606955.0,1607108.0,1607269.0,1607391.0,1607525.0,1607669.0,1607803.0,1607967.0,1608109.0,1608247.0,1608422.0,1608573.0,1608724.0,1608843.0,1608985.0,1609163.0,1609297.0,1609476.0,1609637.0,1609773.0,1609931.0,1610085.0,1610228.0,1610352.0,1610498.0,1610654.0,1610776.0,,,,,,,,,1612060.0,1612174.0,1612293.0,1612425.0,1612557.0,1612661.0,1612804.0,1612935.0,1613093.0,1613232.0,1613350.0,1613505.0,1613634.0,1613834.0,1613984.0,1614153.0,1614270.0,1614413.0,1614550.0,1614688.0,1614794.0,1614923.0,1615068.0,1615227.0,1615388.0,1615539.0,1615648.0,1615825.0,1615978.0,1616140.0,1616303.0,1616461.0,1616595.0,1616705.0,1616842.0,1616949.0,1617062.0,1617190.0,1617352.0,1617476.0,1617610.0,1617744.0,1617885.0,1617995.0,1618129.0,1618264.0,1618404.0,1618555.0,1618691.0,1618840.0,1618980.0,1619088.0,1619214.0,1619392.0,1619537.0,1619678.0,1619782.0,1619919.0,1620043.0,1620176.0,1620301.0,1620413.0,1620521.0,1620631.0,1620756.0,1620907.0,1621058.0,1621201.0,1621298.0,1621410.0,1621524.0,1621645
EgBg5kIeN30,6324402.0,6325625.0,6327325.0,6328782.0,6329816.0,6330824.0,6331773.0,6332981.0,6334202.0,6335482.0,6336791.0,6337997.0,6339259.0,6340333.0,6341453.0,6342547.0,6343795.0,6345117.0,6346594.0,6348209.0,6349853.0,6351391.0,6353119.0,6354911.0,6356911.0,6358582.0,6360391.0,6362351.0,6363577.0,6364730.0,6365707.0,6366841.0,6367900.0,6369178.0,6370286.0,6371329.0,6372348.0,6373490.0,6374729.0,6375877.0,6377034.0,6378086.0,6379063.0,6380047.0,6381394.0,6383303.0,6385073.0,6387456.0,6389241.0,6390491.0,6391908.0,6393316.0,6394941.0,6396500.0,6397851.0,6399027.0,6400078.0,6401154.0,6402399.0,6403602.0,6404866.0,6406103.0,6407378.0,6408346.0,6409204.0,6410173.0,6411168.0,6412076.0,6412874.0,6414012.0,6414954.0,6415951.0,6416989.0,6417869.0,6418702.0,6419503.0,6420382.0,6421327.0,6422239.0,6423259.0,6424147.0,6425152.0,6426027.0,6427006.0,6427903.0,6428925.0,6430126.0,6431232.0,6432141.0,6432958.0,6433870.0,6434757.0,6435652.0,6436614.0,6437546.0,6438353.0,6439112.0,6439919.0,6440630.0,6441340.0,6442187.0,6443063.0,6443798.0,6444541.0,6445256.0,6445923.0,6446559.0,6447300.0,6448126.0,6448876.0,6449637.0,6450415.0,6451186.0,6451841.0,6452656.0,6453462.0,6454201.0,6454917.0,6455584.0,6456239.0,6456847.0,6457429.0,6458053.0,6458736.0,6459309.0,6459807.0,6460337.0,6460891.0,6461436.0,6461979.0,6462551.0,6463172.0,6463748.0,6464244.0,,,,,,,,,6471602.0,6472500.0,6473281.0,6474142.0,6474932.0,6475845.0,6476731.0,6477612.0,6478791.0,6479648.0,6480432.0,6481203.0,6482008.0,6482866.0,6483743.0,6484619.0,6485384.0,6486169.0,6486969.0,6487804.0,6488526.0,6489361.0,6490223.0,6491054.0,6491762.0,6492566.0,6493416.0,6494194.0,6494986.0,6495691.0,6496574.0,6497399.0,6498169.0,6498923.0,6499766.0,6500508.0,6501459.0,6502215.0,6503022.0,6503789.0,6504523.0,6505199.0,6506032.0,6506796.0,6507565.0,6508215.0,6508912.0,6509625.0,6510383.0,6511125.0,6511798.0,6512525.0,6513186.0,6513935.0,6514729.0,6515488.0,6516171.0,6516793.0,6517542.0,6518356.0,6519079.0,6519763.0,6520360.0,6521004.0,6521668.0,6522340.0,6523118.0,6523786.0,6524361.0,6524915.0,6525560.0,6526194
0TC1skf94iA,2595.0,2599.0,2601.0,2605.0,2607.0,2611.0,2612.0,2613.0,2616.0,2617.0,2618.0,2622.0,2625.0,2625.0,2627.0,2631.0,2631.0,2634.0,2638.0,2640.0,2640.0,2644.0,2648.0,2651.0,2651.0,2654.0,2657.0,2660.0,2664.0,2666.0,2669.0,2671.0,2673.0,2674.0,2678.0,2684.0,2697.0,2704.0,2706.0,2711.0,2717.0,2723.0,2731.0,2739.0,2743.0,2746.0,2756.0,2766.0,2771.0,2776.0,2783.0,2790.0,2798.0,2806.0,2812.0,2816.0,2823.0,2831.0,2841.0,2846.0,2859.0,2869.0,2876.0,2884.0,2887.0,2891.0,2895.0,2900.0,2905.0,2908.0,2915.0,2919.0,2923.0,2927.0,2935.0,2944.0,2954.0,2971.0,2981.0,2995.0,2999.0,3001.0,3007.0,3017.0,3024.0,3030.0,3034.0,3041.0,3044.0,3058.0,3068.0,3071.0,3079.0,3088.0,3096.0,3102.0,3109.0,3123.0,3138.0,3143.0,3152.0,3156.0,3162.0,3174.0,3183.0,3188.0,3199.0,3213.0,3218.0,3223.0,3226.0,3235.0,3244.0,3251.0,3264.0,3267.0,3271.0,3277.0,3279.0,3288.0,3296.0,3301.0,3303.0,3307.0,3310.0,3316.0,3318.0,3324.0,3329.0,3335.0,3337.0,3340.0,3345.0,3355.0,,,,,,,,,3393.0,3397.0,3402.0,3410.0,3420.0,3433.0,3439.0,3453.0,3471.0,3488.0,3498.0,3515.0,3522.0,3526.0,3530.0,3539.0,3547.0,3555.0,3560.0,3569.0,3575.0,3582.0,3590.0,3596.0,3600.0,3604.0,3606.0,3610.0,3619.0,3628.0,3629.0,3633.0,3638.0,3643.0,3653.0,3658.0,3663.0,3671.0,3675.0,3683.0,3684.0,3692.0,3703.0,3710.0,3710.0,3714.0,3722.0,3726.0,3732.0,3740.0,3741.0,3750.0,3758.0,3766.0,3775.0,3783.0,3787.0,3796.0,3802.0,3809.0,3815.0,3815.0,3822.0,3830.0,3835.0,3843.0,3850.0,3863.0,3876.0,3882.0,3895.0,3905
qtRAzVDyXqk,193166.0,193176.0,193196.0,193206.0,193217.0,193228.0,193241.0,193250.0,193257.0,193283.0,193297.0,193310.0,193319.0,193331.0,193342.0,193352.0,193364.0,193377.0,193390.0,193403.0,193418.0,193429.0,193439.0,193448.0,193464.0,193486.0,193496.0,193514.0,193533.0,193540.0,193559.0,193564.0,193576.0,193590.0,193599.0,193610.0,193619.0,193631.0,193644.0,193662.0,193675.0,193692.0,193703.0,193715.0,193737.0,193748.0,193760.0,193777.0,193784.0,193802.0,193819.0,193832.0,193846.0,193860.0,193882.0,193888.0,193898.0,193914.0,193932.0,193946.0,193960.0,193972.0,193991.0,194006.0,194029.0,194047.0,194064.0,194073.0,194086.0,194093.0,194102.0,194109.0,194125.0,194134.0,194145.0,194161.0,194174.0,194190.0,194202.0,194221.0,194237.0,194246.0,194255.0,194262.0,194281.0,194304.0,194314.0,194326.0,194346.0,194357.0,194372.0,194378.0,194394.0,194404.0,194418.0,194424.0,194441.0,194458.0,194469.0,194481.0,194504.0,194519.0,194539.0,194546.0,194563.0,194576.0,194590.0,194609.0,194626.0,194642.0,194651.0,194663.0,194679.0,194690.0,194699.0,194708.0,194711.0,194717.0,194727.0,194741.0,194748.0,194762.0,194777.0,194782.0,194789.0,194805.0,194816.0,194831.0,194841.0,194849.0,194854.0,194864.0,194873.0,194880.0,,,,,,,,,194971.0,194984.0,194992.0,195002.0,195009.0,195021.0,195033.0,195044.0,195059.0,195068.0,195078.0,195083.0,195095.0,195112.0,195130.0,195146.0,195165.0,195177.0,195183.0,195197.0,195208.0,195219.0,195227.0,195237.0,195249.0,195266.0,195273.0,195280.0,195286.0,195297.0,195308.0,195317.0,195329.0,195334.0,195338.0,195351.0,195355.0,195366.0,195380.0,195386.0,195398.0,195404.0,195408.0,195423.0,195428.0,195444.0,195448.0,195456.0,195463.0,195469.0,195476.0,195489.0,195493.0,195504.0,195505.0,195511.0,195519.0,195539.0,195542.0,195556.0,195562.0,195573.0,195584.0,195598.0,195604.0,195609.0,195622.0,195628.0,195637.0,195643.0,195653.0,195658
7EzdHowEvDc,18598.0,18599.0,18600.0,18602.0,18604.0,18605.0,18609.0,18609.0,18612.0,18612.0,18613.0,18617.0,18618.0,18620.0,18621.0,18621.0,18622.0,18623.0,18624.0,18625.0,18626.0,18631.0,18633.0,18635.0,18637.0,18639.0,18641.0,18643.0,18643.0,18643.0,18644.0,18647.0,18648.0,18650.0,18650.0,18653.0,18654.0,18655.0,18657.0,18660.0,18662.0,18664.0,18665.0,18665.0,18667.0,18668.0,18672.0,18673.0,18678.0,18685.0,18685.0,18687.0,18686.0,18690.0,18695.0,18696.0,18700.0,18702.0,18704.0,18707.0,18710.0,18714.0,18716.0,18718.0,18722.0,18724.0,18727.0,18728.0,18731.0,18735.0,18738.0,18741.0,18743.0,18745.0,18744.0,18746.0,18748.0,18749.0,18753.0,18755.0,18755.0,18757.0,18759.0,18761.0,18762.0,18765.0,18765.0,18768.0,18770.0,18774.0,18775.0,18775.0,18775.0,18775.0,18776.0,18778.0,18781.0,18789.0,18793.0,18798.0,18801.0,18804.0,18807.0,18808.0,18813.0,18818.0,18818.0,18821.0,18823.0,18825.0,18825.0,18826.0,18829.0,18832.0,18835.0,18837.0,18838.0,18840.0,18843.0,18846.0,18848.0,18850.0,18853.0,18858.0,18860.0,18860.0,18863.0,18866.0,18867.0,18873.0,18875.0,18875.0,18881.0,18884.0,,,,,,,,,18921.0,18923.0,18926.0,18928.0,18933.0,18937.0,18940.0,18942.0,18951.0,18957.0,18962.0,18968.0,18975.0,18979.0,18986.0,18993.0,18996.0,19003.0,19006.0,19010.0,19013.0,19015.0,19017.0,19019.0,19022.0,19025.0,19026.0,19031.0,19039.0,19043.0,19046.0,19048.0,19048.0,19048.0,19053.0,19053.0,19055.0,19056.0,19058.0,19064.0,19066.0,19068.0,19071.0,19077.0,19086.0,19089.0,19091.0,19098.0,19099.0,19101.0,19101.0,19101.0,19103.0,19107.0,19113.0,19115.0,19116.0,19118.0,19119.0,19123.0,19123.0,19128.0,19131.0,19131.0,19132.0,19136.0,19139.0,19139.0,19142.0,19143.0,19144.0,19145
-F3UrzcJ2FM,27172.0,27220.0,27264.0,27293.0,27320.0,27378.0,27431.0,27497.0,27571.0,27628.0,27671.0,27739.0,27810.0,27897.0,28004.0,28093.0,28180.0,28240.0,28321.0,28416.0,28502.0,28604.0,28721.0,28770.0,28822.0,28902.0,29012.0,29079.0,29174.0,29269.0,29355.0,29403.0,29456.0,29524.0,29588.0,29637.0,29693.0,29741.0,29783.0,29835.0,29887.0,29970.0,30053.0,30110.0,30165.0,30196.0,30243.0,30298.0,30346.0,30413.0,30458.0,30504.0,30555.0,30605.0,30639.0,30708.0,30771.0,30815.0,30859.0,30893.0,30943.0,31004.0,31074.0,31133.0,31178.0,31206.0,31247.0,31296.0,31328.0,31404.0,31454.0,31493.0,31543.0,31580.0,31631.0,31686.0,31730.0,31791.0,31841.0,31891.0,31927.0,31968.0,32014.0,32072.0,32123.0,32187.0,32240.0,32288.0,32332.0,32379.0,32426.0,32472.0,32537.0,32591.0,32627.0,32670.0,32750.0,32802.0,32863.0,32927.0,32990.0,33035.0,33106.0,33184.0,33251.0,33326.0,33406.0,33465.0,33525.0,33595.0,33661.0,33746.0,33806.0,33870.0,33941.0,33980.0,34058.0,34134.0,34225.0,34311.0,34406.0,34476.0,34530.0,34609.0,34696.0,34764.0,34841.0,34917.0,34965.0,35023.0,35073.0,35117.0,35174.0,35219.0,,,,,,,,,35720.0,35768.0,35808.0,35863.0,35941.0,36046.0,36151.0,36235.0,36314.0,36371.0,36475.0,36544.0,36740.0,36862.0,36975.0,37079.0,37184.0,37249.0,37359.0,37459.0,37531.0,37581.0,37636.0,37683.0,37772.0,37850.0,37917.0,37987.0,38053.0,38116.0,38176.0,38216.0,38278.0,38342.0,38414.0,38486.0,38548.0,38612.0,38705.0,38762.0,38816.0,38895.0,38952.0,39010.0,39101.0,39178.0,39275.0,39377.0,39436.0,39496.0,39549.0,39609.0,39681.0,39759.0,39829.0,39893.0,39955.0,39994.0,40059.0,40132.0,40184.0,40262.0,40591.0,40896.0,40930.0,41004.0,41071.0,41130.0,41183.0,41252.0,41292.0,41341
YYZasVquVIw,41867.0,41872.0,41882.0,41892.0,41903.0,41910.0,41928.0,41933.0,41951.0,41963.0,41969.0,41976.0,41984.0,41996.0,42004.0,42012.0,42024.0,42034.0,42060.0,42065.0,42070.0,42076.0,42084.0,42089.0,42094.0,42101.0,42103.0,42111.0,42117.0,42131.0,42140.0,42148.0,42154.0,42165.0,42173.0,42182.0,42188.0,42194.0,42205.0,42212.0,42219.0,42233.0,42245.0,42259.0,42270.0,42274.0,42284.0,42295.0,42304.0,42317.0,42327.0,42336.0,42344.0,42352.0,42357.0,42368.0,42382.0,42391.0,42393.0,42400.0,42408.0,42419.0,42424.0,42440.0,42461.0,42470.0,42476.0,42477.0,42487.0,42497.0,42506.0,42512.0,42524.0,42531.0,42539.0,42549.0,42555.0,42563.0,42569.0,42581.0,42587.0,42591.0,42604.0,42615.0,42625.0,42630.0,42637.0,42646.0,42658.0,42659.0,42671.0,42677.0,42684.0,42695.0,42705.0,42711.0,42718.0,42726.0,42737.0,42742.0,42751.0,42758.0,42766.0,42776.0,42787.0,42798.0,42806.0,42820.0,42835.0,42851.0,42876.0,42890.0,42913.0,42926.0,42931.0,42939.0,42960.0,42970.0,42981.0,42996.0,43004.0,43011.0,43030.0,43045.0,43049.0,43054.0,43058.0,43063.0,43069.0,43076.0,43091.0,43101.0,43116.0,43122.0,,,,,,,,,43181.0,43193.0,43198.0,43200.0,43212.0,43220.0,43227.0,43239.0,43248.0,43254.0,43265.0,43274.0,43295.0,43322.0,43339.0,43348.0,43363.0,43371.0,43381.0,43395.0,43402.0,43408.0,43414.0,43422.0,43434.0,43444.0,43455.0,43458.0,43462.0,43471.0,43482.0,43490.0,43497.0,43501.0,43507.0,43511.0,43515.0,43520.0,43524.0,43529.0,43539.0,43543.0,43548.0,43551.0,43564.0,43572.0,43593.0,43598.0,43605.0,43610.0,43613.0,43619.0,43621.0,43627.0,43639.0,43645.0,43654.0,43662.0,43672.0,43681.0,43683.0,43689.0,43694.0,43697.0,43704.0,43709.0,43721.0,43724.0,43729.0,43737.0,43742.0,43744
A-wxvuvTTos,34745.0,34756.0,34766.0,34770.0,34778.0,34784.0,34791.0,34798.0,34801.0,34808.0,34814.0,34822.0,34827.0,34833.0,34841.0,34848.0,34857.0,34859.0,34864.0,34870.0,34880.0,34887.0,34894.0,34902.0,34910.0,34913.0,34920.0,34923.0,34932.0,34936.0,34949.0,34959.0,34968.0,34984.0,34994.0,35002.0,35013.0,35018.0,35021.0,35024.0,35031.0,35034.0,35042.0,35051.0,35058.0,35062.0,35063.0,35072.0,35075.0,35082.0,35086.0,35092.0,35097.0,35107.0,35110.0,35117.0,35125.0,35138.0,35154.0,35163.0,35178.0,35188.0,35197.0,35249.0,35258.0,35271.0,35273.0,35290.0,35295.0,35303.0,35310.0,35329.0,35343.0,35349.0,35358.0,35367.0,35372.0,35382.0,35387.0,35389.0,35398.0,35402.0,35407.0,35411.0,35420.0,35428.0,35432.0,35434.0,35437.0,35442.0,35452.0,35459.0,35461.0,35464.0,35467.0,35477.0,35488.0,35495.0,35506.0,35514.0,35521.0,35530.0,35538.0,35540.0,35551.0,35568.0,35583.0,35592.0,35610.0,35621.0,35628.0,35641.0,35658.0,35668.0,35676.0,35682.0,35691.0,35695.0,35707.0,35719.0,35740.0,35745.0,35752.0,35755.0,35761.0,35773.0,35787.0,35795.0,35807.0,35817.0,35825.0,35836.0,35846.0,35855.0,,,,,,,,,35957.0,35965.0,35978.0,35985.0,35993.0,35999.0,36012.0,36018.0,36025.0,36032.0,36043.0,36057.0,36065.0,36073.0,36085.0,36098.0,36104.0,36111.0,36117.0,36130.0,36141.0,36151.0,36158.0,36166.0,36168.0,36179.0,36191.0,36197.0,36210.0,36216.0,36226.0,36234.0,36242.0,36247.0,36259.0,36267.0,36271.0,36281.0,36288.0,36297.0,36305.0,36308.0,36316.0,36321.0,36332.0,36343.0,36350.0,36363.0,36370.0,36375.0,36381.0,36391.0,36398.0,36408.0,36414.0,36419.0,36430.0,36440.0,36450.0,36457.0,36462.0,36471.0,36480.0,36483.0,36485.0,36494.0,36508.0,36519.0,36525.0,36534.0,36548.0,36556
eI3AMRf8RWQ,304.0,304.0,304.0,305.0,305.0,305.0,305.0,305.0,305.0,305.0,305.0,305.0,305.0,305.0,305.0,305.0,305.0,305.0,305.0,305.0,305.0,305.0,305.0,305.0,305.0,306.0,307.0,307.0,307.0,307.0,307.0,307.0,309.0,309.0,310.0,310.0,310.0,311.0,311.0,311.0,311.0,311.0,312.0,312.0,312.0,312.0,312.0,312.0,312.0,313.0,313.0,313.0,313.0,313.0,313.0,313.0,313.0,313.0,313.0,313.0,313.0,313.0,313.0,314.0,314.0,314.0,314.0,316.0,317.0,317.0,317.0,318.0,318.0,318.0,319.0,320.0,320.0,321.0,322.0,322.0,322.0,322.0,322.0,323.0,323.0,323.0,323.0,323.0,323.0,323.0,323.0,323.0,323.0,323.0,323.0,323.0,323.0,323.0,323.0,323.0,323.0,323.0,323.0,323.0,324.0,324.0,324.0,324.0,324.0,326.0,326.0,327.0,330.0,336.0,338.0,341.0,344.0,344.0,345.0,347.0,347.0,349.0,349.0,353.0,353.0,354.0,356.0,359.0,363.0,370.0,377.0,378.0,383.0,387.0,,,,,,,,,429.0,433.0,434.0,437.0,443.0,445.0,445.0,445.0,451.0,451.0,453.0,454.0,455.0,455.0,456.0,457.0,458.0,460.0,460.0,462.0,463.0,463.0,463.0,463.0,464.0,465.0,465.0,465.0,468.0,468.0,469.0,470.0,470.0,471.0,472.0,472.0,472.0,472.0,473.0,475.0,475.0,474.0,475.0,475.0,475.0,475.0,475.0,476.0,477.0,477.0,477.0,478.0,479.0,480.0,481.0,481.0,481.0,481.0,481.0,481.0,483.0,483.0,483.0,483.0,483.0,483.0,483.0,483.0,484.0,485.0,485.0,485
xCSUrZ0ZHBY,510159.0,510200.0,510254.0,510297.0,510353.0,510417.0,510470.0,510530.0,510583.0,510630.0,510671.0,510711.0,510820.0,510890.0,510926.0,510978.0,511021.0,511091.0,511142.0,511208.0,511310.0,511397.0,511499.0,511570.0,511628.0,511691.0,511750.0,511820.0,511930.0,511981.0,512042.0,512101.0,512163.0,512234.0,512331.0,512404.0,512486.0,512583.0,512647.0,512697.0,512777.0,512828.0,512878.0,512933.0,513003.0,513069.0,513148.0,513216.0,513283.0,513351.0,513409.0,513485.0,513553.0,513621.0,513710.0,513776.0,513829.0,513884.0,513949.0,514015.0,514068.0,514149.0,514204.0,514278.0,514344.0,514394.0,514469.0,514517.0,514560.0,514626.0,514682.0,514749.0,514829.0,514885.0,514934.0,514994.0,515043.0,515092.0,515149.0,515204.0,515288.0,515329.0,515380.0,515441.0,515508.0,515574.0,515642.0,515692.0,515747.0,515792.0,515839.0,515901.0,515953.0,516019.0,516072.0,516113.0,516156.0,516200.0,516247.0,516304.0,516364.0,516415.0,516461.0,516514.0,516558.0,516611.0,516700.0,516756.0,516800.0,516847.0,516896.0,516976.0,517040.0,517079.0,517137.0,517182.0,517217.0,517276.0,517338.0,517387.0,517456.0,517531.0,517578.0,517635.0,517684.0,517740.0,517815.0,517885.0,517963.0,518015.0,518073.0,518128.0,518192.0,518253.0,,,,,,,,,518774.0,518833.0,518873.0,518950.0,519012.0,519064.0,519123.0,519185.0,519259.0,519326.0,519383.0,519436.0,519512.0,519572.0,519647.0,519698.0,519786.0,519884.0,519972.0,520034.0,520077.0,520143.0,520195.0,520237.0,520284.0,520329.0,520360.0,520403.0,520465.0,520494.0,520540.0,520599.0,520637.0,520675.0,520716.0,520765.0,520814.0,520862.0,520921.0,520966.0,521024.0,521076.0,521120.0,521157.0,521192.0,521241.0,521295.0,521356.0,521399.0,521440.0,521485.0,521525.0,521562.0,521623.0,521669.0,521716.0,521765.0,521796.0,521837.0,521885.0,521912.0,521947.0,521986.0,522042.0,522082.0,522155.0,522213.0,522258.0,522323.0,522388.0,522433.0,522490
EUMeWvOugVY,11830486.0,11830570.0,11830793.0,11831043.0,11831225.0,11831394.0,11831543.0,11831692.0,11831890.0,11832116.0,11832296.0,11832522.0,11832663.0,11832789.0,11832969.0,11833134.0,11833280.0,11833492.0,11833646.0,11833737.0,11833880.0,11834019.0,11834113.0,11834245.0,11834426.0,11834548.0,11834669.0,11834775.0,11834899.0,11834995.0,11835094.0,11835213.0,11835297.0,11835400.0,11835517.0,11835651.0,11835769.0,11835882.0,11836023.0,11836133.0,11836245.0,11836370.0,11836464.0,11836640.0,11836843.0,11837045.0,11837265.0,11837490.0,11837673.0,11837835.0,11838031.0,11838217.0,11838413.0,11838549.0,11838713.0,11838872.0,11839052.0,11839249.0,11839438.0,11839633.0,11839831.0,11840035.0,11840264.0,11840474.0,11840636.0,11840837.0,11841066.0,11841303.0,11841483.0,11841736.0,11841948.0,11842136.0,11842326.0,11842533.0,11842839.0,11843058.0,11843310.0,11843528.0,11843730.0,11843965.0,11844213.0,11844439.0,11844642.0,11844867.0,11845038.0,11845193.0,11845408.0,11845597.0,11845810.0,11845994.0,11846175.0,11846352.0,11846538.0,11846773.0,11847011.0,11847197.0,11847416.0,11847624.0,11847859.0,11848029.0,11848214.0,11848441.0,11848648.0,11848865.0,11849070.0,11849248.0,11849469.0,11849766.0,11850088.0,11850336.0,11850595.0,11850858.0,11851105.0,11851622.0,11852226.0,11852811.0,11853269.0,11853728.0,11854119.0,11854489.0,11854892.0,11855298.0,11855709.0,11856122.0,11856484.0,11856771.0,11857140.0,11857448.0,11857751.0,11858092.0,11858426.0,11858759.0,11859049.0,11859338.0,,,,,,,,,11863164.0,11863563.0,11863944.0,11864234.0,11864600.0,11864945.0,11865241.0,11865525.0,11865878.0,11866153.0,11866383.0,11866679.0,11866909.0,11867188.0,11867502.0,11867778.0,11868044.0,11868341.0,11868575.0,11868882.0,11869171.0,11869490.0,11869754.0,11870033.0,11870358.0,11870623.0,11870935.0,11871170.0,11871485.0,11871773.0,11872150.0,11872460.0,11872772.0,11873089.0,11873370.0,11873656.0,11873929.0,11874385.0,11875060.0,11875530.0,11875934.0,11876311.0,11876639.0,11876981.0,11877282.0,11877542.0,11877808.0,11878098.0,11878342.0,11878606.0,11878901.0,11879244.0,11879527.0,11879829.0,11880129.0,11880408.0,11880645.0,11880849.0,11881082.0,11881327.0,11881542.0,11881797.0,11882008.0,11882267.0,11882506.0,11882815.0,11883002.0,11883204.0,11883357.0,11883543.0,11883728.0,11883940
MVozmWZC7iU,107719.0,107755.0,107795.0,107830.0,107871.0,107921.0,107970.0,108007.0,108053.0,108090.0,108137.0,108191.0,108242.0,108287.0,108333.0,108380.0,108410.0,108445.0,108487.0,108527.0,108570.0,108617.0,108665.0,108698.0,108735.0,108771.0,108827.0,108865.0,108916.0,108961.0,109007.0,109044.0,109084.0,109129.0,109162.0,109214.0,109252.0,109300.0,109377.0,109450.0,109557.0,109625.0,109663.0,109719.0,109754.0,109787.0,109845.0,109891.0,109919.0,109958.0,109993.0,110026.0,110050.0,110081.0,110112.0,110138.0,110172.0,110230.0,110256.0,110297.0,110346.0,110384.0,110430.0,110489.0,110552.0,110595.0,110670.0,110737.0,110794.0,110855.0,110917.0,110954.0,110998.0,111025.0,111078.0,111125.0,111173.0,111223.0,111280.0,111324.0,111384.0,111425.0,111478.0,111531.0,111586.0,111633.0,111688.0,111734.0,111787.0,111824.0,111879.0,111922.0,111974.0,112028.0,112074.0,112110.0,112163.0,112208.0,112260.0,112308.0,112340.0,112378.0,112420.0,112454.0,112501.0,112552.0,112603.0,112670.0,112716.0,112757.0,112798.0,112841.0,112887.0,112964.0,113039.0,113107.0,113195.0,113269.0,113350.0,113419.0,113483.0,113542.0,113592.0,113646.0,113705.0,113767.0,113831.0,113895.0,113961.0,114019.0,114140.0,114221.0,114281.0,114373.0,,,,,,,,,115369.0,115450.0,115538.0,115625.0,115713.0,115809.0,115915.0,115979.0,116064.0,116157.0,116237.0,116324.0,116419.0,116523.0,116635.0,116742.0,116863.0,116975.0,117077.0,117157.0,117237.0,117315.0,117398.0,117458.0,117562.0,117650.0,117752.0,117825.0,117916.0,118002.0,118103.0,118192.0,118253.0,118338.0,118415.0,118489.0,118555.0,118656.0,118762.0,118844.0,118917.0,119009.0,119090.0,119156.0,119226.0,119315.0,119410.0,119524.0,119605.0,119677.0,119767.0,119891.0,119972.0,120077.0,120155.0,120245.0,120307.0,120369.0,120450.0,120510.0,120587.0,120651.0,120700.0,120762.0,120816.0,120887.0,120952.0,121018.0,121074.0,121137.0,121195.0,121256
XfYsh2nEaRQ,90709.0,90725.0,90742.0,90763.0,90784.0,90810.0,90833.0,90860.0,90880.0,90926.0,90950.0,90968.0,90993.0,91010.0,91041.0,91077.0,91121.0,91149.0,91172.0,91205.0,91221.0,91236.0,91256.0,91287.0,91321.0,91354.0,91386.0,91407.0,91431.0,91452.0,91480.0,91504.0,91537.0,91551.0,91565.0,91594.0,91620.0,91648.0,91664.0,91688.0,91716.0,91746.0,91777.0,91820.0,91864.0,91893.0,91932.0,91945.0,91959.0,91981.0,92002.0,92026.0,92038.0,92055.0,92072.0,92082.0,92098.0,92115.0,92138.0,92162.0,92205.0,92253.0,92295.0,92335.0,92360.0,92382.0,92403.0,92435.0,92457.0,92491.0,92522.0,92558.0,92579.0,92605.0,92638.0,92661.0,92690.0,92724.0,92744.0,92768.0,92791.0,92817.0,92847.0,92865.0,92883.0,92904.0,92938.0,92969.0,93003.0,93034.0,93065.0,93091.0,93121.0,93144.0,93185.0,93211.0,93244.0,93272.0,93298.0,93319.0,93366.0,93398.0,93436.0,93479.0,93510.0,93543.0,93577.0,93608.0,93644.0,93694.0,93722.0,93758.0,93780.0,93853.0,93964.0,94065.0,94167.0,94264.0,94346.0,94422.0,94511.0,94587.0,94668.0,94758.0,94826.0,94908.0,95009.0,95103.0,95194.0,95266.0,95364.0,95446.0,95538.0,95609.0,,,,,,,,,96305.0,96409.0,96487.0,96563.0,96640.0,96700.0,96774.0,96834.0,96905.0,96997.0,97061.0,97116.0,97179.0,97256.0,97322.0,97400.0,97475.0,97536.0,97613.0,97664.0,97722.0,97773.0,97834.0,97908.0,97968.0,98020.0,98097.0,98152.0,98214.0,98304.0,98391.0,98469.0,98556.0,98621.0,98671.0,98765.0,98826.0,98928.0,99034.0,99137.0,99219.0,99288.0,99369.0,99431.0,99489.0,99522.0,99578.0,99624.0,99667.0,99716.0,99771.0,99836.0,99900.0,99976.0,100034.0,100073.0,100117.0,100175.0,100205.0,100255.0,100306.0,100348.0,100398.0,100424.0,100460.0,100496.0,100540.0,100583.0,100615.0,100649.0,100681.0,100713
bmy6D1KoFsg,10918215.0,10918252.0,10918331.0,10918442.0,10918534.0,10918628.0,10918715.0,10918800.0,10918904.0,10919035.0,10919132.0,10919216.0,10919297.0,10919378.0,10919451.0,10919509.0,10919575.0,10919625.0,10919696.0,10919772.0,10919824.0,10919870.0,10919929.0,10919995.0,10920056.0,10920124.0,10920190.0,10920251.0,10920309.0,10920349.0,10920400.0,10920462.0,10920518.0,10920575.0,10920660.0,10920730.0,10920776.0,10920815.0,10920861.0,10920898.0,10920947.0,10920992.0,10921037.0,10921149.0,10921256.0,10921331.0,10921415.0,10921504.0,10921605.0,10921692.0,10921783.0,10921891.0,10921991.0,10922082.0,10922156.0,10922258.0,10922317.0,10922403.0,10922525.0,10922642.0,10922764.0,10922864.0,10922970.0,10923083.0,10923159.0,10923296.0,10923444.0,10923600.0,10923688.0,10923841.0,10923995.0,10924120.0,10924316.0,10924531.0,10924740.0,10924937.0,10925143.0,10925327.0,10925494.0,10925659.0,10925868.0,10926066.0,10926307.0,10926488.0,10926635.0,10926775.0,10926981.0,10927176.0,10927402.0,10927590.0,10927766.0,10927922.0,10928075.0,10928240.0,10928395.0,10928582.0,10928712.0,10928864.0,10929046.0,10929182.0,10929408.0,10929636.0,10929845.0,10930008.0,10930249.0,10930410.0,10930565.0,10930811.0,10931085.0,10931288.0,10931472.0,10931667.0,10931868.0,10932470.0,10933182.0,10933822.0,10934366.0,10934870.0,10935301.0,10935700.0,10936043.0,10936474.0,10936903.0,10937313.0,10937652.0,10937927.0,10938313.0,10938707.0,10939082.0,10939485.0,10939856.0,10940191.0,10940489.0,10940805.0,,,,,,,,,10944210.0,10944550.0,10944946.0,10945222.0,10945575.0,10945862.0,10946137.0,10946437.0,10946706.0,10947008.0,10947285.0,10947508.0,10947848.0,10948102.0,10948414.0,10948711.0,10948969.0,10949299.0,10949608.0,10949923.0,10950225.0,10950544.0,10950797.0,10951081.0,10951342.0,10951613.0,10951930.0,10952157.0,10952409.0,10952687.0,10953032.0,10953354.0,10953674.0,10953987.0,10954261.0,10954543.0,10954808.0,10955480.0,10956456.0,10957098.0,10957555.0,10957923.0,10958274.0,10958630.0,10958975.0,10959267.0,10959573.0,10959828.0,10960057.0,10960352.0,10960601.0,10960863.0,10961122.0,10961421.0,10961639.0,10961908.0,10962096.0,10962251.0,10962452.0,10962630.0,10962844.0,10963042.0,10963226.0,10963478.0,10963651.0,10963871.0,10964053.0,10964265.0,10964399.0,10964538.0,10964688.0,10964896
DMJ7E5r1yB4,17311370.0,17311439.0,17311529.0,17311644.0,17311739.0,17311815.0,17311923.0,17312032.0,17312118.0,17312209.0,17312305.0,17312383.0,17312450.0,17312539.0,17312624.0,17312724.0,17312812.0,17312911.0,17313005.0,17313090.0,17313188.0,17313282.0,17313395.0,17313493.0,17313567.0,17313664.0,17313771.0,17313866.0,17313965.0,17314055.0,17314149.0,17314232.0,17314303.0,17314401.0,17314478.0,17314570.0,17314668.0,17314758.0,17314858.0,17314926.0,17315008.0,17315098.0,17315199.0,17315313.0,17315389.0,17315477.0,17315563.0,17315658.0,17315743.0,17315828.0,17315915.0,17315998.0,17316094.0,17316180.0,17316249.0,17316327.0,17316396.0,17316465.0,17316557.0,17316647.0,17316734.0,17316822.0,17316890.0,17316941.0,17317024.0,17317094.0,17317176.0,17317254.0,17317346.0,17317445.0,17317538.0,17317608.0,17317679.0,17317769.0,17317843.0,17317920.0,17318001.0,17318070.0,17318140.0,17318216.0,17318304.0,17318379.0,17318448.0,17318576.0,17318656.0,17318749.0,17318802.0,17318880.0,17318953.0,17319035.0,17319102.0,17319189.0,17319249.0,17319311.0,17319383.0,17319474.0,17319557.0,17319615.0,17319690.0,17319752.0,17319823.0,17319893.0,17319953.0,17320016.0,17320085.0,17320146.0,17320222.0,17320287.0,17320371.0,17320436.0,17320512.0,17320584.0,17320650.0,17320709.0,17320779.0,17320869.0,17320930.0,17321012.0,17321091.0,17321169.0,17321242.0,17321330.0,17321408.0,17321471.0,17321543.0,17321618.0,17321675.0,17321759.0,17321830.0,17321908.0,17321983.0,17322065.0,17322136.0,17322206.0,,,,,,,,,17322875.0,17322925.0,17322990.0,17323039.0,17323106.0,17323170.0,17323242.0,17323301.0,17323376.0,17323446.0,17323506.0,17323574.0,17323655.0,17323724.0,17323791.0,17323854.0,17323925.0,17323987.0,17324071.0,17324156.0,17324212.0,17324293.0,17324351.0,17324414.0,17324481.0,17324544.0,17324608.0,17324658.0,17324723.0,17324789.0,17324864.0,17324915.0,17324981.0,17325040.0,17325103.0,17325167.0,17325260.0,17325322.0,17325387.0,17325436.0,17325503.0,17325563.0,17325620.0,17325689.0,17325751.0,17325812.0,17325871.0,17325930.0,17325998.0,17326067.0,17326139.0,17326204.0,17326274.0,17326337.0,17326419.0,17326479.0,17326548.0,17326621.0,17326687.0,17326753.0,17326814.0,17326870.0,17326922.0,17326987.0,17327048.0,17327115.0,17327198.0,17327273.0,17327350.0,17327415.0,17327480.0,17327559
03e45pNssf4,1722101.0,1722668.0,1723372.0,1724237.0,1725063.0,1725918.0,1726598.0,1727582.0,1728132.0,1728706.0,1729140.0,1729775.0,1730424.0,1731045.0,1731631.0,1732201.0,1732734.0,1733210.0,1733743.0,1734357.0,1735078.0,1735783.0,1736509.0,1737096.0,1737682.0,1738329.0,1739109.0,1739800.0,1740411.0,1740966.0,1741659.0,1742181.0,1742792.0,1743334.0,1743999.0,1744684.0,1745277.0,1745999.0,1746556.0,1747138.0,1747896.0,1748614.0,1749184.0,1749843.0,1750437.0,1750998.0,1751565.0,1752259.0,1752893.0,1753492.0,1754057.0,1754697.0,1755262.0,1755856.0,1756583.0,1757184.0,1757841.0,1758487.0,1759170.0,1759754.0,1760383.0,1761228.0,1762089.0,1762943.0,1763679.0,1764302.0,1764856.0,1765470.0,1766014.0,1766755.0,1767391.0,1767939.0,1768408.0,1768939.0,1769523.0,1770157.0,1770739.0,1771307.0,1771955.0,1772507.0,1772972.0,1773567.0,1774189.0,1774752.0,1775365.0,1775947.0,1776458.0,1777001.0,1777608.0,1778255.0,1778769.0,1779387.0,1780038.0,1780577.0,1781084.0,1781666.0,1782149.0,1782681.0,1783221.0,1783754.0,1784276.0,1784759.0,1785301.0,1785889.0,1786410.0,1786977.0,1787537.0,1788075.0,1788523.0,1789083.0,1789753.0,1790340.0,1790959.0,1791616.0,1792161.0,1792734.0,1793299.0,1793963.0,1794572.0,1795206.0,1795875.0,1796653.0,1797401.0,1798137.0,1798814.0,1799447.0,1800071.0,1800765.0,1801404.0,1802002.0,1802510.0,1803208.0,1803903.0,1804453.0,,,,,,,,,1810448.0,1810996.0,1811645.0,1812261.0,1812867.0,1813489.0,1814015.0,1814515.0,1815072.0,1815653.0,1816316.0,1816909.0,1817544.0,1818099.0,1818784.0,1819433.0,1820145.0,1820805.0,1821476.0,1822039.0,1822594.0,1823263.0,1823873.0,1824399.0,1825091.0,1825771.0,1826416.0,1827014.0,1827472.0,1828102.0,1828762.0,1829373.0,1830022.0,1830637.0,1831175.0,1831660.0,1832268.0,1832998.0,1833591.0,1834224.0,1834945.0,1835526.0,1836096.0,1836632.0,1837300.0,1837887.0,1838554.0,1839154.0,1839820.0,1840359.0,1840919.0,1841498.0,1842055.0,1842620.0,1843191.0,1843771.0,1844206.0,1844710.0,1845253.0,1845894.0,1846415.0,1846916.0,1847419.0,1847943.0,1848464.0,1849017.0,1849615.0,1850243.0,1850750.0,1851291.0,1851866.0,1852446
OqVgOyrJsng,18178608.0,18178872.0,18179219.0,18179594.0,18179954.0,18180305.0,18180711.0,18181076.0,18181474.0,18181828.0,18182153.0,18182518.0,18182875.0,18183213.0,18183588.0,18183919.0,18184206.0,18184505.0,18184855.0,18185171.0,18185555.0,18185864.0,18186227.0,18186556.0,18186903.0,18187285.0,18187642.0,18187988.0,18188325.0,18188672.0,18189022.0,18189341.0,18189608.0,18189933.0,18190250.0,18190547.0,18190884.0,18191217.0,18191544.0,18191864.0,18192162.0,18192441.0,18192761.0,18193124.0,18193450.0,18193804.0,18194135.0,18194449.0,18194813.0,18195134.0,18195467.0,18195765.0,18196067.0,18196355.0,18196662.0,18196971.0,18197327.0,18197656.0,18197949.0,18198276.0,18198587.0,18198928.0,18199237.0,18199569.0,18199889.0,18200192.0,18200488.0,18200758.0,18201052.0,18201330.0,18201649.0,18201912.0,18202229.0,18202542.0,18202845.0,18203140.0,18203435.0,18203725.0,18204054.0,18204344.0,18204619.0,18204905.0,18205186.0,18205519.0,18205849.0,18206125.0,18206427.0,18206674.0,18207013.0,18207285.0,18207583.0,18207858.0,18208159.0,18208452.0,18208709.0,18209025.0,18209321.0,18209642.0,18209902.0,18210163.0,18210451.0,18210744.0,18211016.0,18211315.0,18211587.0,18211852.0,18212109.0,18212372.0,18212621.0,18212907.0,18213189.0,18213457.0,18213717.0,18214014.0,18214303.0,18214566.0,18214863.0,18215113.0,18215421.0,18215724.0,18215978.0,18216253.0,18216509.0,18216736.0,18217036.0,18217322.0,18217600.0,18217904.0,18218170.0,18218478.0,18218743.0,18219061.0,18219306.0,18219562.0,,,,,,,,,18221867.0,18222163.0,18222383.0,18222631.0,18222879.0,18223101.0,18223350.0,18223552.0,18223747.0,18224014.0,18224249.0,18224537.0,18224837.0,18225104.0,18225333.0,18225573.0,18225778.0,18226013.0,18226279.0,18226556.0,18226795.0,18227060.0,18227344.0,18227606.0,18227862.0,18228102.0,18228372.0,18228621.0,18228843.0,18229074.0,18229334.0,18229561.0,18229795.0,18230033.0,18230251.0,18230513.0,18230759.0,18230991.0,18231214.0,18231412.0,18231671.0,18231912.0,18232131.0,18232311.0,18232560.0,18232849.0,18233079.0,18233335.0,18233581.0,18233819.0,18234072.0,18234312.0,18234541.0,18234810.0,18235093.0,18235376.0,18235632.0,18235860.0,18236132.0,18236387.0,18236663.0,18236905.0,18237081.0,18237329.0,18237575.0,18237815.0,18238117.0,18238408.0,18238663.0,18238884.0,18239109.0,18239316
Fnm0YD1uDaM,11893347.0,11893535.0,11893724.0,11893913.0,11894141.0,11894336.0,11894530.0,11894797.0,11895015.0,11895209.0,11895436.0,11895643.0,11895825.0,11896017.0,11896172.0,11896372.0,11896571.0,11896783.0,11896972.0,11897176.0,11897382.0,11897593.0,11897773.0,11897951.0,11898130.0,11898322.0,11898513.0,11898688.0,11898883.0,11899058.0,11899255.0,11899440.0,11899602.0,11899811.0,11900015.0,11900198.0,11900394.0,11900595.0,11900786.0,11900962.0,11901171.0,11901352.0,11901521.0,11901714.0,11901911.0,11902112.0,11902323.0,11902546.0,11902754.0,11902974.0,11903166.0,11903342.0,11903536.0,11903717.0,11903880.0,11904091.0,11904302.0,11904507.0,11904672.0,11904890.0,11905075.0,11905280.0,11905460.0,11905641.0,11905802.0,11905978.0,11906148.0,11906329.0,11906500.0,11906711.0,11906937.0,11907112.0,11907299.0,11907512.0,11907723.0,11907890.0,11908067.0,11908227.0,11908395.0,11908585.0,11908751.0,11908939.0,11909129.0,11909334.0,11909487.0,11909635.0,11909830.0,11910008.0,11910205.0,11910367.0,11910545.0,11910715.0,11910897.0,11911081.0,11911254.0,11911421.0,11911589.0,11911745.0,11911915.0,11912081.0,11912291.0,11912466.0,11912627.0,11912810.0,11912967.0,11913140.0,11913315.0,11913486.0,11913694.0,11913884.0,11914060.0,11914227.0,11914392.0,11914552.0,11914726.0,11914966.0,11915136.0,11915320.0,11915523.0,11915711.0,11915869.0,11916034.0,11916197.0,11916344.0,11916494.0,11916638.0,11916807.0,11917002.0,11917128.0,11917337.0,11917501.0,11917697.0,11917846.0,11917987.0,,,,,,,,,11919410.0,11919585.0,11919755.0,11919936.0,11920093.0,11920234.0,11920400.0,11920559.0,11920733.0,11920887.0,11921048.0,11921242.0,11921402.0,11921576.0,11921726.0,11921884.0,11922048.0,11922209.0,11922395.0,11922556.0,11922729.0,11922933.0,11923119.0,11923286.0,11923418.0,11923573.0,11923721.0,11923844.0,11923985.0,11924142.0,11924302.0,11924436.0,11924593.0,11924746.0,11924885.0,11925019.0,11925193.0,11925337.0,11925507.0,11925664.0,11925806.0,11925985.0,11926121.0,11926251.0,11926394.0,11926540.0,11926694.0,11926831.0,11926966.0,11927108.0,11927279.0,11927412.0,11927561.0,11927693.0,11927816.0,11927987.0,11928132.0,11928278.0,11928421.0,11928595.0,11928759.0,11928885.0,11929003.0,11929127.0,11929261.0,11929380.0,11929515.0,11929651.0,11929804.0,11929915.0,11930066.0,11930209
kXx46aJoMzc,307690.0,307690.0,307690.0,307690.0,307690.0,307690.0,307690.0,307690.0,307690.0,307690.0,307690.0,307690.0,307690.0,307690.0,307690.0,307690.0,307690.0,307690.0,307690.0,307690.0,307690.0,307690.0,307690.0,307690.0,307690.0,307690.0,307690.0,307690.0,307690.0,307690.0,307690.0,307690.0,307690.0,307690.0,307690.0,307690.0,307690.0,307690.0,307690.0,307690.0,307690.0,307690.0,307690.0,307690.0,307690.0,307690.0,307690.0,307690.0,307690.0,307690.0,307690.0,307690.0,307690.0,307690.0,307690.0,307690.0,307690.0,307690.0,307690.0,307690.0,307690.0,307690.0,307690.0,307690.0,307690.0,307690.0,307690.0,307690.0,307690.0,307690.0,307690.0,307690.0,307690.0,307690.0,307690.0,307690.0,307690.0,307690.0,307690.0,307690.0,307690.0,307690.0,307690.0,307690.0,307690.0,307690.0,307690.0,307690.0,307690.0,307690.0,307690.0,307690.0,307690.0,307690.0,307690.0,307690.0,307690.0,307690.0,307690.0,307690.0,307690.0,307690.0,307690.0,307690.0,307690.0,307690.0,307690.0,307690.0,307690.0,307690.0,307690.0,307690.0,307690.0,307690.0,307690.0,307690.0,307690.0,307690.0,307690.0,307690.0,307690.0,307690.0,307690.0,307690.0,307690.0,307690.0,307690.0,307690.0,307690.0,307690.0,307690.0,307690.0,307690.0,307690.0,,,,,,,,,307690.0,307690.0,307690.0,307690.0,307690.0,307690.0,307690.0,307690.0,307690.0,307690.0,307690.0,307690.0,307690.0,307690.0,307690.0,307690.0,307690.0,307690.0,307690.0,307690.0,307690.0,307690.0,307690.0,307690.0,307690.0,307690.0,307690.0,307690.0,307690.0,307690.0,307690.0,307690.0,307690.0,307690.0,307690.0,307690.0,307690.0,307690.0,307690.0,307690.0,307690.0,307690.0,307690.0,307690.0,307690.0,307690.0,307690.0,307690.0,307690.0,307690.0,307690.0,307690.0,307690.0,307690.0,307690.0,307690.0,307690.0,307690.0,307690.0,307690.0,307690.0,307690.0,307690.0,307690.0,307690.0,307690.0,307690.0,307690.0,307690.0,307690.0,307690.0,307690
fCQdbI0XLe4,823279.0,823677.0,824007.0,824207.0,824503.0,824910.0,825411.0,825936.0,826392.0,826659.0,827019.0,827378.0,827745.0,828123.0,828592.0,828989.0,829406.0,829700.0,830099.0,830607.0,831031.0,831263.0,831564.0,831924.0,832237.0,832546.0,832844.0,833135.0,833481.0,833812.0,834348.0,834685.0,835156.0,835693.0,836153.0,836673.0,837126.0,837415.0,837637.0,837940.0,838276.0,838674.0,838976.0,839331.0,839668.0,839909.0,840253.0,840593.0,840995.0,841340.0,841694.0,842030.0,842248.0,842419.0,842695.0,843001.0,843339.0,843710.0,843977.0,844260.0,844603.0,844853.0,845206.0,845501.0,845833.0,846127.0,846383.0,846640.0,846816.0,847165.0,847430.0,847714.0,847939.0,848117.0,848297.0,848538.0,848795.0,849078.0,849381.0,849691.0,849906.0,850232.0,850556.0,850885.0,851170.0,851387.0,851678.0,851891.0,852147.0,852420.0,852675.0,852966.0,853205.0,853445.0,853682.0,853894.0,854167.0,854421.0,854752.0,854994.0,855181.0,855384.0,855663.0,855898.0,856196.0,856485.0,856761.0,856974.0,857166.0,857443.0,857675.0,857959.0,858276.0,858571.0,858844.0,859092.0,859359.0,859605.0,859924.0,860221.0,860531.0,860787.0,861000.0,861228.0,861445.0,861656.0,861900.0,862152.0,862448.0,862732.0,863003.0,863271.0,863612.0,863878.0,,,,,,,,,866428.0,866681.0,867004.0,867309.0,867685.0,868012.0,868360.0,868678.0,869132.0,869589.0,869988.0,870489.0,871104.0,871651.0,872160.0,872618.0,873118.0,873598.0,874131.0,874556.0,874922.0,875274.0,875565.0,875853.0,876157.0,876490.0,876818.0,877208.0,877511.0,877764.0,878059.0,878368.0,878776.0,879083.0,879424.0,879701.0,880038.0,880321.0,880696.0,881093.0,881375.0,881683.0,881964.0,882219.0,882528.0,882837.0,883163.0,883482.0,883817.0,884109.0,884377.0,884645.0,884894.0,885138.0,885430.0,885801.0,886042.0,886207.0,886434.0,886679.0,886922.0,887124.0,887330.0,887520.0,887700.0,887916.0,888198.0,888452.0,888689.0,888933.0,889127.0,889313
7oGRnWulYCI,6019900.0,6020742.0,6021836.0,6022898.0,6023892.0,6025013.0,6025912.0,6027013.0,6028040.0,6028976.0,6030041.0,6030961.0,6031976.0,6033054.0,6034165.0,6035257.0,6036441.0,6037411.0,6038573.0,6039706.0,6040838.0,6041946.0,6043019.0,6044003.0,6044943.0,6045862.0,6046891.0,6047849.0,6048855.0,6049891.0,6051002.0,6051972.0,6052981.0,6054264.0,6055986.0,6057304.0,6058576.0,6059797.0,6061005.0,6062074.0,6063026.0,6063929.0,6064811.0,6065627.0,6066509.0,6067418.0,6068345.0,6069351.0,6070336.0,6071163.0,6071903.0,6072736.0,6073553.0,6074328.0,6075232.0,6076087.0,6076929.0,6077808.0,6078723.0,6079604.0,6080539.0,6081448.0,6082315.0,6083186.0,6084090.0,6085005.0,6085848.0,6086749.0,6087484.0,6088372.0,6089232.0,6090102.0,6090971.0,6091783.0,6092600.0,6093460.0,6094262.0,6095073.0,6095949.0,6096751.0,6097545.0,6098345.0,6099104.0,6100073.0,6100926.0,6101741.0,6102655.0,6103473.0,6104208.0,6105019.0,6105785.0,6106593.0,6107577.0,6108566.0,6109627.0,6110455.0,6111222.0,6112098.0,6112922.0,6113820.0,6114593.0,6115506.0,6116322.0,6117131.0,6118053.0,6118857.0,6119659.0,6120505.0,6121315.0,6122148.0,6122948.0,6123794.0,6124685.0,6125720.0,6126675.0,6127559.0,6128363.0,6129248.0,6130068.0,6130862.0,6131752.0,6132527.0,6133324.0,6134118.0,6135077.0,6135950.0,6136903.0,6137872.0,6138711.0,6139538.0,6140475.0,6141377.0,6142273.0,6143107.0,,,,,,,,,6150524.0,6151276.0,6152073.0,6153042.0,6153913.0,6154740.0,6155543.0,6156228.0,6157144.0,6157951.0,6158756.0,6159539.0,6160300.0,6161127.0,6161781.0,6162566.0,6163352.0,6164157.0,6164890.0,6165564.0,6166155.0,6166735.0,6167377.0,6167960.0,6168592.0,6169188.0,6169845.0,6170447.0,6171058.0,6171677.0,6172270.0,6172931.0,6173604.0,6174195.0,6174752.0,6175400.0,6176015.0,6176602.0,6177338.0,6178074.0,6178599.0,6179322.0,6180053.0,6180666.0,6181377.0,6182016.0,6182725.0,6183432.0,6184174.0,6184844.0,6185501.0,6186124.0,6186793.0,6187432.0,6188037.0,6188682.0,6189269.0,6189914.0,6190518.0,6191170.0,6191798.0,6192377.0,6192970.0,6193621.0,6194196.0,6194916.0,6195589.0,6196311.0,6196919.0,6197491.0,6198215.0,6198973
PJIDqwvg2yo,2279069.0,2279399.0,2279808.0,2280227.0,2280598.0,2280983.0,2281325.0,2281780.0,2282155.0,2282585.0,2282955.0,2283359.0,2283751.0,2284161.0,2284616.0,2285012.0,2285450.0,2285782.0,2286157.0,2286563.0,2286986.0,2287379.0,2287815.0,2288254.0,2288636.0,2289062.0,2289455.0,2289876.0,2290313.0,2290699.0,2291203.0,2291632.0,2292007.0,2292476.0,2293114.0,2293739.0,2294285.0,2294816.0,2295275.0,2295719.0,2296207.0,2296785.0,2297339.0,2297798.0,2298237.0,2298710.0,2299264.0,2299786.0,2300292.0,2300784.0,2301194.0,2301595.0,2301989.0,2302385.0,2302852.0,2303276.0,2303698.0,2304079.0,2304492.0,2304878.0,2305272.0,2305645.0,2306067.0,2306478.0,2306897.0,2307353.0,2307766.0,2308092.0,2308401.0,2308807.0,2309217.0,2309613.0,2309940.0,2310334.0,2310644.0,2310980.0,2311295.0,2311627.0,2312054.0,2312389.0,2312730.0,2313046.0,2313379.0,2313732.0,2314045.0,2314411.0,2314729.0,2315063.0,2315428.0,2315770.0,2316130.0,2316524.0,2316895.0,2317301.0,2317707.0,2318033.0,2318375.0,2318748.0,2319068.0,2319450.0,2319783.0,2320120.0,2320483.0,2320885.0,2321248.0,2321673.0,2321993.0,2322403.0,2322690.0,2323036.0,2323402.0,2323763.0,2324146.0,2324514.0,2324964.0,2325405.0,2325744.0,2326129.0,2326473.0,2326893.0,2327364.0,2327852.0,2328306.0,2328686.0,2329081.0,2329450.0,2329826.0,2330238.0,2330528.0,2330848.0,2331172.0,2331545.0,2331879.0,2332154.0,,,,,,,,,2334934.0,2335232.0,2335589.0,2335924.0,2336287.0,2336600.0,2336928.0,2337214.0,2337568.0,2337780.0,2337998.0,2338279.0,2338605.0,2338855.0,2339100.0,2339351.0,2339617.0,2339908.0,2340156.0,2340411.0,2340725.0,2340955.0,2341242.0,2341494.0,2341773.0,2342046.0,2342331.0,2342630.0,2342889.0,2343143.0,2343397.0,2343635.0,2343879.0,2344154.0,2344448.0,2344726.0,2345000.0,2345269.0,2345560.0,2345843.0,2346076.0,2346367.0,2346627.0,2346920.0,2347174.0,2347453.0,2347788.0,2348132.0,2348489.0,2348799.0,2349064.0,2349390.0,2349679.0,2350024.0,2350372.0,2350731.0,2351082.0,2351426.0,2351793.0,2352099.0,2352447.0,2352766.0,2353152.0,2353496.0,2353916.0,2354342.0,2354691.0,2355033.0,2355303.0,2355636.0,2355955.0,2356313
1P6jZGCopFk,497282.0,497933.0,498401.0,498863.0,499446.0,500081.0,500561.0,501232.0,501815.0,502372.0,502767.0,503341.0,503908.0,504543.0,505248.0,505933.0,506364.0,506867.0,507448.0,508187.0,508825.0,509397.0,509919.0,510380.0,510737.0,511217.0,511692.0,512190.0,512651.0,513196.0,513759.0,514200.0,514605.0,515214.0,515923.0,516508.0,517005.0,517536.0,517951.0,518532.0,519108.0,519695.0,520312.0,520902.0,521417.0,521901.0,522327.0,522930.0,523437.0,524001.0,524639.0,525078.0,525467.0,525949.0,526513.0,526983.0,527411.0,527968.0,528462.0,528836.0,529342.0,529858.0,530394.0,530909.0,531426.0,531860.0,532288.0,532748.0,533176.0,533618.0,534142.0,534623.0,535037.0,535454.0,535880.0,536409.0,536946.0,537445.0,537987.0,538417.0,538889.0,539426.0,540078.0,540665.0,541272.0,541840.0,542207.0,542709.0,543259.0,543746.0,544254.0,544769.0,545286.0,545729.0,546075.0,546589.0,547100.0,547589.0,548155.0,548806.0,549270.0,549759.0,550443.0,551079.0,551677.0,552262.0,552758.0,553235.0,553557.0,554046.0,554559.0,555078.0,555622.0,556052.0,556483.0,556818.0,557338.0,557749.0,558300.0,558846.0,559295.0,559692.0,560018.0,560483.0,560854.0,561298.0,561704.0,562159.0,562541.0,562957.0,563562.0,564052.0,564454.0,564968.0,,,,,,,,,570088.0,570545.0,571003.0,571516.0,572114.0,572679.0,573172.0,573552.0,574027.0,574629.0,575160.0,575671.0,576294.0,576946.0,577442.0,577932.0,578447.0,579009.0,579453.0,579924.0,580414.0,580774.0,581182.0,581660.0,582150.0,582677.0,583308.0,583958.0,584543.0,585026.0,585743.0,586463.0,587105.0,587764.0,588479.0,588993.0,589452.0,590044.0,590627.0,591209.0,591762.0,592375.0,592854.0,593287.0,593868.0,594370.0,594964.0,595588.0,596188.0,596605.0,596966.0,597625.0,598147.0,598744.0,599269.0,599826.0,600344.0,600905.0,601551.0,602350.0,603055.0,603735.0,604381.0,604953.0,605372.0,605972.0,606618.0,607245.0,607661.0,608221.0,608819.0,609283
yZHcIW94D6c,9720.0,9725.0,9729.0,9731.0,9735.0,9735.0,9737.0,9738.0,9740.0,9741.0,9742.0,9745.0,9749.0,9749.0,9753.0,9755.0,9755.0,9759.0,9760.0,9761.0,9763.0,9765.0,9766.0,9768.0,9769.0,9770.0,9770.0,9770.0,9772.0,9772.0,9773.0,9774.0,9774.0,9774.0,9775.0,9782.0,9801.0,9801.0,9836.0,9838.0,9838.0,9839.0,9841.0,9841.0,9845.0,9849.0,9850.0,9851.0,9852.0,9855.0,9857.0,9862.0,9865.0,9867.0,9868.0,9869.0,9872.0,9873.0,9874.0,9875.0,9875.0,9877.0,9877.0,9877.0,9877.0,9878.0,9879.0,9879.0,9885.0,9902.0,9909.0,9913.0,9915.0,9925.0,9931.0,9939.0,9942.0,9943.0,9948.0,9954.0,9957.0,9957.0,9959.0,9964.0,9971.0,9973.0,9975.0,9979.0,9980.0,9983.0,9984.0,9986.0,9986.0,9986.0,9988.0,9989.0,9991.0,9992.0,9994.0,9996.0,9998.0,9998.0,10000.0,10003.0,10005.0,10006.0,10007.0,10009.0,10009.0,10013.0,10016.0,10018.0,10021.0,10025.0,10029.0,10036.0,10038.0,10039.0,10042.0,10044.0,10046.0,10048.0,10049.0,10053.0,10058.0,10059.0,10063.0,10066.0,10066.0,10066.0,10066.0,10069.0,10073.0,10074.0,,,,,,,,,10089.0,10089.0,10092.0,10094.0,10095.0,10095.0,10098.0,10099.0,10099.0,10099.0,10099.0,10099.0,10099.0,10099.0,10099.0,10099.0,10099.0,10099.0,10099.0,10099.0,10099.0,10099.0,10099.0,10099.0,10099.0,10099.0,10099.0,10099.0,10099.0,10099.0,10099.0,10099.0,10099.0,10099.0,10099.0,10099.0,10099.0,10099.0,10099.0,10099.0,10099.0,10099.0,10099.0,10099.0,10099.0,10099.0,10099.0,10099.0,10099.0,10099.0,10099.0,10099.0,10099.0,10099.0,10099.0,10099.0,10099.0,10099.0,10099.0,10099.0,10099.0,10099.0,10099.0,10099.0,10099.0,10099.0,10099.0,10099.0,10099.0,10099.0,10099.0,10099
TI1DU3kAp1Q,145.0,145.0,145.0,145.0,145.0,145.0,145.0,145.0,145.0,145.0,145.0,145.0,145.0,145.0,145.0,145.0,145.0,145.0,145.0,145.0,145.0,145.0,145.0,145.0,145.0,145.0,145.0,145.0,145.0,145.0,145.0,145.0,145.0,145.0,145.0,145.0,145.0,145.0,145.0,145.0,145.0,145.0,145.0,145.0,145.0,145.0,145.0,145.0,145.0,145.0,145.0,145.0,145.0,145.0,145.0,145.0,145.0,145.0,145.0,145.0,145.0,145.0,145.0,145.0,145.0,145.0,145.0,145.0,145.0,145.0,145.0,145.0,145.0,145.0,145.0,145.0,145.0,145.0,145.0,145.0,145.0,145.0,145.0,145.0,145.0,146.0,146.0,146.0,146.0,146.0,146.0,146.0,146.0,146.0,146.0,146.0,146.0,146.0,146.0,146.0,146.0,146.0,146.0,146.0,146.0,146.0,146.0,146.0,146.0,146.0,146.0,146.0,146.0,146.0,146.0,146.0,146.0,146.0,146.0,146.0,146.0,146.0,146.0,146.0,146.0,146.0,146.0,146.0,146.0,146.0,146.0,146.0,146.0,146.0,,,,,,,,,147.0,147.0,147.0,147.0,148.0,148.0,148.0,148.0,148.0,148.0,148.0,148.0,148.0,148.0,148.0,148.0,148.0,148.0,148.0,148.0,148.0,148.0,148.0,148.0,148.0,148.0,148.0,148.0,148.0,148.0,148.0,148.0,148.0,148.0,148.0,148.0,148.0,148.0,148.0,148.0,148.0,148.0,148.0,148.0,148.0,148.0,148.0,148.0,148.0,148.0,148.0,148.0,148.0,148.0,148.0,148.0,148.0,148.0,148.0,148.0,148.0,148.0,148.0,148.0,148.0,148.0,148.0,148.0,148.0,148.0,148.0,148
mSnz7g0J-eA,13740027.0,13740196.0,13740333.0,13740493.0,13740688.0,13740838.0,13740998.0,13741144.0,13741273.0,13741460.0,13741621.0,13741813.0,13742036.0,13742204.0,13742381.0,13742535.0,13742701.0,13742855.0,13742999.0,13743173.0,13743324.0,13743452.0,13743606.0,13743739.0,13743852.0,13743985.0,13744117.0,13744282.0,13744401.0,13744539.0,13744672.0,13744832.0,13744967.0,13745135.0,13745291.0,13745461.0,13745630.0,13745782.0,13745928.0,13746127.0,13746316.0,13746468.0,13746619.0,13746786.0,13746913.0,13747054.0,13747209.0,13747393.0,13747510.0,13747669.0,13747822.0,13748074.0,13748265.0,13748502.0,13748750.0,13749017.0,13749314.0,13749566.0,13749858.0,13750134.0,13750419.0,13750690.0,13750995.0,13751398.0,13751830.0,13752238.0,13752625.0,13752913.0,13753124.0,13753473.0,13753728.0,13753964.0,13754178.0,13754363.0,13754545.0,13754721.0,13754864.0,13755042.0,13755210.0,13755391.0,13755550.0,13755702.0,13755876.0,13756076.0,13756225.0,13756390.0,13756551.0,13756715.0,13756849.0,13756996.0,13757132.0,13757283.0,13757450.0,13757620.0,13757783.0,13757907.0,13758029.0,13758169.0,13758329.0,13758454.0,13758617.0,13758755.0,13758907.0,13759035.0,13759193.0,13759387.0,13759561.0,13759737.0,13759911.0,13760091.0,13760255.0,13760413.0,13760611.0,13760809.0,13760997.0,13761252.0,13761470.0,13761711.0,13761931.0,13762133.0,13762430.0,13762628.0,13762817.0,13763002.0,13763155.0,13763340.0,13763499.0,13763699.0,13763851.0,13764018.0,13764159.0,13764287.0,13764463.0,13764622.0,,,,,,,,,13765976.0,13766106.0,13766262.0,13766384.0,13766542.0,13766684.0,13766818.0,13766973.0,13767108.0,13767302.0,13767442.0,13767593.0,13767746.0,13767869.0,13768035.0,13768154.0,13768283.0,13768403.0,13768535.0,13768692.0,13768845.0,13769026.0,13769167.0,13769340.0,13769508.0,13769700.0,13769884.0,13770052.0,13770234.0,13770409.0,13770590.0,13770756.0,13770938.0,13771083.0,13771251.0,13771416.0,13771583.0,13771717.0,13771896.0,13772052.0,13772257.0,13772399.0,13772527.0,13772682.0,13772844.0,13773001.0,13773161.0,13773304.0,13773501.0,13773666.0,13773835.0,13774007.0,13774198.0,13774341.0,13774502.0,13774644.0,13774809.0,13774970.0,13775129.0,13775277.0,13775434.0,13775565.0,13775699.0,13775834.0,13775994.0,13776164.0,13776364.0,13776505.0,13777240.0,13778294.0,13779207.0,13780010
6tqFCcERhoQ,528260.0,528861.0,529398.0,529953.0,530494.0,531005.0,531618.0,532187.0,532866.0,533394.0,534114.0,534736.0,535265.0,535834.0,536382.0,536982.0,537540.0,538067.0,538498.0,539030.0,539588.0,540099.0,540668.0,541159.0,541679.0,542166.0,542691.0,543139.0,543750.0,544345.0,545006.0,545563.0,546161.0,546678.0,547088.0,547675.0,548329.0,548905.0,549409.0,550082.0,550658.0,551256.0,551874.0,552524.0,553143.0,553838.0,554384.0,554962.0,555595.0,556252.0,556826.0,557502.0,558060.0,558681.0,559256.0,559799.0,560294.0,560797.0,561359.0,561894.0,562413.0,563006.0,563532.0,564104.0,564663.0,565228.0,565797.0,566374.0,566898.0,567546.0,568113.0,568629.0,569155.0,569732.0,570312.0,570943.0,571530.0,572089.0,572582.0,573040.0,573500.0,573958.0,574484.0,575013.0,575541.0,576090.0,576572.0,577081.0,577587.0,578139.0,578748.0,579377.0,579941.0,580586.0,581181.0,581785.0,582414.0,583037.0,583685.0,584291.0,584771.0,585411.0,586072.0,586654.0,587326.0,587916.0,588509.0,589142.0,589724.0,590528.0,591326.0,591992.0,592601.0,593200.0,593899.0,594444.0,595104.0,595712.0,596274.0,596989.0,597531.0,598064.0,598574.0,599060.0,599624.0,600201.0,600819.0,601391.0,601969.0,602476.0,602953.0,603536.0,604120.0,604575.0,,,,,,,,,608570.0,608939.0,609356.0,609769.0,610197.0,610596.0,610946.0,611206.0,611577.0,611931.0,612392.0,612721.0,613101.0,613497.0,613839.0,614144.0,614445.0,614879.0,615299.0,615711.0,616170.0,616590.0,616975.0,617301.0,617745.0,618199.0,618607.0,619049.0,619457.0,619913.0,620348.0,620807.0,621226.0,621582.0,621957.0,622347.0,622718.0,623198.0,623636.0,624060.0,624531.0,624997.0,625461.0,625869.0,626305.0,626693.0,627074.0,627501.0,627966.0,628424.0,628817.0,629184.0,629534.0,629926.0,630272.0,630690.0,631085.0,631530.0,631957.0,632356.0,632782.0,633196.0,633526.0,633858.0,634206.0,634588.0,634999.0,635373.0,635753.0,636141.0,636498.0,636917
xao-4NA7PM0,3718623.0,3718623.0,3718623.0,3718623.0,3718624.0,3718623.0,3718623.0,3718624.0,3718625.0,3718625.0,3718625.0,3718625.0,3718625.0,3718627.0,3718627.0,3718628.0,3718628.0,3718629.0,3718630.0,3718627.0,3718628.0,3718628.0,3718628.0,3718628.0,3718628.0,3718628.0,3718629.0,3718630.0,3718631.0,3718632.0,3718631.0,3718630.0,3718631.0,3718631.0,3718631.0,3718631.0,3718631.0,3718631.0,3718632.0,3718632.0,3718633.0,3718633.0,3718633.0,3718633.0,3718633.0,3718634.0,3718634.0,3718635.0,3718634.0,3718634.0,3718634.0,3718635.0,3718635.0,3718636.0,3718637.0,3718636.0,3718636.0,3718636.0,3718636.0,3718637.0,3718637.0,3718638.0,3718639.0,3718640.0,3718639.0,3718639.0,3718639.0,3718639.0,3718639.0,3718639.0,3718639.0,3718639.0,3718639.0,3718639.0,3718640.0,3718640.0,3718640.0,3718640.0,3718640.0,3718640.0,3718640.0,3718641.0,3718642.0,3718642.0,3718642.0,3718642.0,3718642.0,3718642.0,3718642.0,3718642.0,3718642.0,3718642.0,3718642.0,3718643.0,3718643.0,3718644.0,3718644.0,3718645.0,3718645.0,3718645.0,3718645.0,3718646.0,3718646.0,3718647.0,3718646.0,3718646.0,3718646.0,3718647.0,3718648.0,3718649.0,3718649.0,3718648.0,3718648.0,3718649.0,3718650.0,3718650.0,3718651.0,3718652.0,3718652.0,3718652.0,3718653.0,3718651.0,3718652.0,3718652.0,3718653.0,3718652.0,3718652.0,3718653.0,3718653.0,3718653.0,3718654.0,3718655.0,3718656.0,3718656.0,,,,,,,,,3718659.0,3718659.0,3718660.0,3718660.0,3718660.0,3718660.0,3718661.0,3718661.0,3718661.0,3718662.0,3718661.0,3718661.0,3718661.0,3718661.0,3718662.0,3718662.0,3718663.0,3718664.0,3718664.0,3718664.0,3718665.0,3718664.0,3718666.0,3718666.0,3718666.0,3718667.0,3718666.0,3718666.0,3718667.0,3718666.0,3718667.0,3718668.0,3718668.0,3718669.0,3718670.0,3718670.0,3718670.0,3718669.0,3718669.0,3718669.0,3718670.0,3718670.0,3718670.0,3718668.0,3718669.0,3718669.0,3718669.0,3718670.0,3718671.0,3718670.0,3718670.0,3718670.0,3718671.0,3718672.0,3718672.0,3718672.0,3718671.0,3718671.0,3718672.0,3718672.0,3718672.0,3718672.0,3718672.0,3718672.0,3718672.0,3718673.0,3718673.0,3718673.0,3718674.0,3718674.0,3718674.0,3718674
_1NuPFnuvEc,10343996.0,10345404.0,10347007.0,10348615.0,10350249.0,10351904.0,10353560.0,10355297.0,10357002.0,10358636.0,10360275.0,10361802.0,10363479.0,10365114.0,10366714.0,10368217.0,10369816.0,10371470.0,10373048.0,10374595.0,10376187.0,10377955.0,10379724.0,10381425.0,10383097.0,10384717.0,10386460.0,10388059.0,10389782.0,10391396.0,10393102.0,10394700.0,10396359.0,10398160.0,10400006.0,10401851.0,10403558.0,10405432.0,10407255.0,10408996.0,10410947.0,10412709.0,10414418.0,10416921.0,10419463.0,10421725.0,10424147.0,10426569.0,10428636.0,10430772.0,10432797.0,10435065.0,10437006.0,10438963.0,10440977.0,10442747.0,10444499.0,10446319.0,10448503.0,10450621.0,10452882.0,10455150.0,10457197.0,10459233.0,10461428.0,10463489.0,10465569.0,10467807.0,10469614.0,10471963.0,10473971.0,10475999.0,10477821.0,10479550.0,10481353.0,10483263.0,10485200.0,10487183.0,10489204.0,10491236.0,10493378.0,10495346.0,10497116.0,10498999.0,10500922.0,10502802.0,10504798.0,10506810.0,10508790.0,10510673.0,10512461.0,10514421.0,10516529.0,10518674.0,10520760.0,10522516.0,10524327.0,10526156.0,10527904.0,10529740.0,10531857.0,10533939.0,10536177.0,10538030.0,10539982.0,10541774.0,10543563.0,10545515.0,10547347.0,10549213.0,10551105.0,10552966.0,10554616.0,10556247.0,10557978.0,10559641.0,10561369.0,10563185.0,10565033.0,10566827.0,10568616.0,10570462.0,10572387.0,10574271.0,10576040.0,10577934.0,10579802.0,10581839.0,10583830.0,10585865.0,10587978.0,10590173.0,10592380.0,10594196.0,,,,,,,,,10609810.0,10611758.0,10613502.0,10615237.0,10616971.0,10618527.0,10620042.0,10621618.0,10623278.0,10624771.0,10626258.0,10627667.0,10629111.0,10630496.0,10632014.0,10633574.0,10635000.0,10636467.0,10637940.0,10639446.0,10640888.0,10642401.0,10643907.0,10645407.0,10646906.0,10648379.0,10649934.0,10651377.0,10652821.0,10654412.0,10655889.0,10657257.0,10658716.0,10660216.0,10661657.0,10663227.0,10664949.0,10666438.0,10668095.0,10669757.0,10671353.0,10672957.0,10674666.0,10676403.0,10678532.0,10681023.0,10682998.0,10684953.0,10686924.0,10688745.0,10690514.0,10692317.0,10694080.0,10695903.0,10697614.0,10699421.0,10701188.0,10702923.0,10704526.0,10706190.0,10708010.0,10709622.0,10711211.0,10712806.0,10714360.0,10716232.0,10718085.0,10719841.0,10721383.0,10722813.0,10724316.0,10725904
OAuvigciYR8,88318.0,88326.0,88345.0,88359.0,88367.0,88377.0,88389.0,88412.0,88421.0,88428.0,88442.0,88453.0,88470.0,88485.0,88500.0,88510.0,88528.0,88542.0,88560.0,88574.0,88584.0,88601.0,88619.0,88630.0,88652.0,88662.0,88682.0,88693.0,88709.0,88721.0,88735.0,88747.0,88761.0,88778.0,88791.0,88795.0,88814.0,88827.0,88834.0,88845.0,88854.0,88869.0,88881.0,88894.0,88912.0,88925.0,88934.0,88949.0,88957.0,88971.0,88988.0,89009.0,89026.0,89035.0,89050.0,89063.0,89074.0,89092.0,89107.0,89123.0,89140.0,89146.0,89157.0,89169.0,89181.0,89194.0,89206.0,89218.0,89223.0,89238.0,89249.0,89255.0,89260.0,89271.0,89283.0,89298.0,89460.0,89520.0,89540.0,89558.0,89571.0,89578.0,89590.0,89602.0,89611.0,89629.0,89641.0,89659.0,89669.0,89675.0,89689.0,89700.0,89711.0,89720.0,89728.0,89735.0,89745.0,89758.0,89766.0,89781.0,89793.0,89802.0,89810.0,89820.0,89834.0,89839.0,89847.0,89866.0,89879.0,89891.0,89899.0,89906.0,89910.0,89920.0,89933.0,89933.0,89936.0,89955.0,89970.0,89980.0,89991.0,90001.0,90013.0,90024.0,90031.0,90044.0,90049.0,90062.0,90073.0,90078.0,90088.0,90097.0,90106.0,90116.0,,,,,,,,,90219.0,90239.0,90253.0,90265.0,90279.0,90294.0,90307.0,90323.0,90341.0,90350.0,90360.0,90377.0,90392.0,90415.0,90441.0,90451.0,90464.0,90482.0,90488.0,90505.0,90512.0,90528.0,90537.0,90543.0,90555.0,90572.0,90582.0,90592.0,90606.0,90630.0,90647.0,90663.0,90671.0,90681.0,90690.0,90698.0,90706.0,90717.0,90726.0,90742.0,90757.0,90771.0,90781.0,90791.0,90797.0,90805.0,90811.0,90815.0,90825.0,90833.0,90840.0,90847.0,90858.0,90867.0,90874.0,90883.0,90893.0,90908.0,90918.0,90925.0,90940.0,90951.0,90959.0,90970.0,90984.0,90989.0,90996.0,91000.0,91003.0,91012.0,91023.0,91032
F_sOWEje2mE,27068705.0,27069098.0,27069469.0,27069831.0,27070222.0,27070529.0,27070924.0,27071291.0,27071664.0,27071999.0,27072406.0,27072751.0,27073087.0,27073454.0,27073877.0,27074237.0,27074628.0,27075020.0,27075336.0,27075654.0,27076013.0,27076389.0,27076748.0,27077092.0,27077411.0,27077749.0,27078019.0,27078400.0,27078699.0,27079003.0,27079326.0,27079653.0,27079981.0,27080332.0,27080621.0,27080939.0,27081277.0,27081725.0,27082156.0,27082504.0,27082881.0,27083233.0,27083587.0,27083933.0,27084389.0,27084750.0,27085077.0,27085470.0,27085841.0,27086182.0,27086564.0,27086941.0,27087365.0,27087741.0,27088115.0,27088478.0,27088905.0,27089246.0,27089674.0,27090116.0,27090621.0,27091118.0,27091651.0,27092186.0,27092794.0,27093318.0,27093797.0,27094253.0,27094636.0,27095144.0,27095555.0,27095966.0,27096331.0,27096693.0,27097116.0,27097496.0,27097892.0,27098304.0,27098726.0,27099039.0,27099420.0,27099781.0,27100118.0,27100482.0,27100874.0,27101197.0,27101546.0,27101961.0,27102342.0,27102685.0,27103068.0,27103478.0,27103861.0,27104251.0,27104677.0,27105010.0,27105333.0,27105668.0,27105985.0,27106309.0,27106654.0,27107041.0,27107388.0,27107712.0,27108044.0,27108349.0,27108691.0,27108995.0,27109344.0,27109751.0,27110026.0,27110394.0,27110664.0,27111046.0,27111450.0,27111849.0,27112202.0,27112556.0,27112868.0,27113231.0,27113619.0,27113958.0,27114344.0,27114687.0,27115022.0,27115404.0,27115714.0,27116053.0,27116483.0,27116854.0,27117204.0,27117515.0,27117882.0,27118373.0,,,,,,,,,27121469.0,27121836.0,27122198.0,27122507.0,27122825.0,27123114.0,27123373.0,27123695.0,27124021.0,27124315.0,27124584.0,27124870.0,27125194.0,27125503.0,27125837.0,27126158.0,27126486.0,27126803.0,27127113.0,27127405.0,27127764.0,27128033.0,27128357.0,27128641.0,27128924.0,27129251.0,27129573.0,27129834.0,27130087.0,27130412.0,27130709.0,27130953.0,27131271.0,27131543.0,27131820.0,27132110.0,27132397.0,27132712.0,27133036.0,27133328.0,27133594.0,27133902.0,27134219.0,27134543.0,27134816.0,27135103.0,27135412.0,27135689.0,27136000.0,27136326.0,27136616.0,27136900.0,27137297.0,27137699.0,27138058.0,27138361.0,27138620.0,27138930.0,27139276.0,27139582.0,27139947.0,27140251.0,27140528.0,27140888.0,27141163.0,27141477.0,27141853.0,27142194.0,27142503.0,27142850.0,27143246.0,27143599
VACXoKdmofo,399029.0,399092.0,399146.0,399200.0,399274.0,399342.0,399385.0,399449.0,399501.0,399566.0,399640.0,399695.0,399738.0,399795.0,399847.0,399914.0,399978.0,400035.0,400089.0,400121.0,400178.0,400235.0,400284.0,400338.0,400386.0,400446.0,400487.0,400519.0,400555.0,400617.0,400704.0,400721.0,400807.0,400816.0,400879.0,400936.0,401000.0,401074.0,401159.0,401231.0,401280.0,401352.0,401407.0,401443.0,401503.0,401540.0,401627.0,401673.0,401733.0,401783.0,401825.0,401886.0,401937.0,401981.0,402034.0,402079.0,402133.0,402181.0,402223.0,402270.0,402332.0,402398.0,402451.0,402511.0,402567.0,402620.0,402670.0,402711.0,402747.0,402808.0,402859.0,402921.0,402967.0,403016.0,403066.0,403132.0,403215.0,403268.0,403321.0,403376.0,403412.0,403444.0,403479.0,403535.0,403599.0,403647.0,403683.0,403734.0,403793.0,403843.0,403890.0,403946.0,403992.0,404044.0,404098.0,404158.0,404207.0,404259.0,404307.0,404368.0,404392.0,404434.0,404495.0,404540.0,404579.0,404642.0,404724.0,404776.0,404821.0,404861.0,404920.0,404971.0,405026.0,405084.0,405141.0,405187.0,405243.0,405293.0,405342.0,405379.0,405427.0,405475.0,405509.0,405560.0,405614.0,405658.0,405697.0,405748.0,405796.0,405848.0,405909.0,405952.0,405990.0,406039.0,,,,,,,,,406469.0,406518.0,406579.0,406634.0,406677.0,406738.0,406787.0,406841.0,406879.0,406921.0,406953.0,406997.0,407033.0,407079.0,407136.0,407187.0,407230.0,407277.0,407347.0,407399.0,407441.0,407489.0,407545.0,407598.0,407630.0,407667.0,407702.0,407753.0,407793.0,407862.0,407942.0,408011.0,408061.0,408105.0,408160.0,408208.0,408259.0,408314.0,408399.0,408446.0,408499.0,408560.0,408625.0,408663.0,408720.0,408767.0,408836.0,408883.0,408944.0,408994.0,409054.0,409100.0,409145.0,409188.0,409221.0,409304.0,409390.0,409465.0,409531.0,409590.0,409638.0,409678.0,409739.0,409813.0,409871.0,409919.0,409969.0,410015.0,410065.0,410118.0,410181.0,410246
xpH69uV9Ge0,859450.0,859451.0,859453.0,859454.0,859459.0,859461.0,859463.0,859465.0,859466.0,859467.0,859469.0,859471.0,859473.0,859474.0,859475.0,859476.0,859478.0,859483.0,859485.0,859485.0,859485.0,859487.0,859489.0,859490.0,859490.0,859491.0,859492.0,859492.0,859493.0,859496.0,859501.0,859504.0,859506.0,859508.0,859510.0,859510.0,859510.0,859512.0,859514.0,859514.0,859514.0,859515.0,859515.0,859516.0,859518.0,859519.0,859519.0,859520.0,859520.0,859521.0,859521.0,859522.0,859525.0,859526.0,859527.0,859528.0,859530.0,859530.0,859531.0,859534.0,859536.0,859536.0,859537.0,859537.0,859538.0,859539.0,859540.0,859542.0,859542.0,859545.0,859547.0,859549.0,859549.0,859551.0,859551.0,859552.0,859553.0,859553.0,859555.0,859557.0,859561.0,859564.0,859564.0,859564.0,859564.0,859564.0,859564.0,859567.0,859568.0,859568.0,859568.0,859570.0,859573.0,859575.0,859578.0,859578.0,859578.0,859579.0,859580.0,859580.0,859581.0,859581.0,859587.0,859591.0,859593.0,859595.0,859597.0,859598.0,859604.0,859608.0,859610.0,859612.0,859614.0,859614.0,859616.0,859617.0,859617.0,859618.0,859620.0,859623.0,859624.0,859627.0,859630.0,859633.0,859637.0,859638.0,859639.0,859642.0,859644.0,859647.0,859650.0,859652.0,859653.0,859653.0,,,,,,,,,859674.0,859676.0,859681.0,859681.0,859683.0,859684.0,859688.0,859690.0,859694.0,859696.0,859696.0,859700.0,859703.0,859705.0,859707.0,859711.0,859713.0,859714.0,859715.0,859717.0,859727.0,859730.0,859730.0,859732.0,859739.0,859739.0,859739.0,859742.0,859744.0,859747.0,859751.0,859755.0,859757.0,859764.0,859767.0,859769.0,859773.0,859780.0,859783.0,859787.0,859792.0,859797.0,859800.0,859809.0,859810.0,859814.0,859821.0,859835.0,859843.0,859851.0,859855.0,859864.0,859868.0,859875.0,859882.0,859889.0,859896.0,859905.0,859913.0,859922.0,859936.0,859949.0,859954.0,859961.0,859969.0,859977.0,859982.0,859985.0,859991.0,859999.0,859999.0,859999
EUdrE3Y_87g,173883.0,174017.0,174158.0,174311.0,174441.0,174613.0,174815.0,174979.0,175189.0,175386.0,175539.0,175764.0,175946.0,176131.0,176336.0,176534.0,176704.0,176826.0,176983.0,177161.0,177334.0,177520.0,177700.0,177838.0,177954.0,178131.0,178319.0,178469.0,178630.0,178896.0,179054.0,179203.0,179384.0,179538.0,179750.0,179950.0,180182.0,180367.0,180491.0,180662.0,180799.0,180968.0,181100.0,181266.0,181398.0,181514.0,181666.0,181819.0,181982.0,182194.0,182364.0,182532.0,182727.0,182962.0,183197.0,183487.0,183744.0,184002.0,184237.0,184416.0,184643.0,184989.0,185292.0,185543.0,185812.0,186102.0,186375.0,186643.0,186886.0,187320.0,187743.0,188062.0,188327.0,188636.0,189049.0,189463.0,189806.0,190157.0,190446.0,190660.0,190888.0,191097.0,191375.0,191692.0,192011.0,192288.0,192550.0,192846.0,193135.0,193420.0,193688.0,193958.0,194195.0,194435.0,194689.0,194879.0,195109.0,195334.0,195553.0,195790.0,196027.0,196268.0,196558.0,196797.0,197104.0,197396.0,197719.0,197990.0,198227.0,198588.0,198842.0,199130.0,199490.0,199822.0,200133.0,200462.0,200941.0,201311.0,201584.0,201856.0,202174.0,202466.0,202853.0,203171.0,203479.0,203883.0,204258.0,204857.0,205220.0,205602.0,205952.0,206466.0,206997.0,207380.0,,,,,,,,,210090.0,210275.0,210539.0,210748.0,211203.0,211681.0,212066.0,212395.0,212961.0,213250.0,213553.0,213879.0,214206.0,214601.0,214894.0,215172.0,215385.0,215578.0,215836.0,216026.0,216215.0,216361.0,216560.0,216734.0,216915.0,217101.0,217311.0,217513.0,217660.0,217811.0,218029.0,218211.0,218435.0,218636.0,218863.0,219059.0,219237.0,219434.0,219689.0,219971.0,220217.0,220429.0,220652.0,220839.0,221019.0,221238.0,221448.0,221699.0,221948.0,222158.0,222288.0,222496.0,222719.0,223020.0,223243.0,223539.0,223766.0,223921.0,224140.0,224351.0,224550.0,224716.0,224887.0,225057.0,225250.0,225429.0,225634.0,225823.0,225932.0,226062.0,226176.0,226294
BeeFLXAjeKg,304646.0,304984.0,305346.0,305655.0,306016.0,306351.0,306708.0,307063.0,307394.0,307646.0,307897.0,308257.0,308531.0,308801.0,309110.0,309395.0,309627.0,309817.0,310076.0,310312.0,310568.0,310884.0,311170.0,311395.0,311584.0,311863.0,312129.0,312432.0,312743.0,313102.0,313378.0,313603.0,313893.0,314192.0,314577.0,314889.0,315166.0,315457.0,315697.0,315977.0,316208.0,316458.0,316758.0,317000.0,317301.0,317498.0,317810.0,318116.0,318437.0,318733.0,319076.0,319414.0,319706.0,320115.0,320509.0,320900.0,321259.0,321622.0,321912.0,322216.0,322530.0,322965.0,323359.0,323805.0,324186.0,324510.0,324841.0,325240.0,325627.0,326045.0,326419.0,326802.0,327127.0,327382.0,327726.0,328106.0,328497.0,328979.0,329475.0,329905.0,330334.0,330805.0,331278.0,331779.0,332340.0,332880.0,333311.0,333681.0,334117.0,334525.0,334936.0,335368.0,335720.0,336158.0,336529.0,336860.0,337283.0,337701.0,338202.0,338606.0,339010.0,339456.0,340053.0,340513.0,340946.0,341547.0,342082.0,342377.0,342671.0,343100.0,343613.0,344160.0,344696.0,345173.0,345599.0,345935.0,346359.0,346805.0,347300.0,347774.0,348275.0,348678.0,349125.0,349510.0,350017.0,350417.0,350924.0,351371.0,351721.0,352173.0,352599.0,353009.0,353446.0,353815.0,,,,,,,,,356905.0,357188.0,357499.0,357844.0,358180.0,358545.0,358834.0,359091.0,359485.0,359791.0,360118.0,360486.0,360807.0,361184.0,361460.0,361771.0,362159.0,362422.0,362629.0,362892.0,363155.0,363371.0,363656.0,363990.0,364227.0,364538.0,364849.0,365146.0,365391.0,365669.0,365923.0,366216.0,366475.0,366831.0,367151.0,367388.0,367663.0,367905.0,368184.0,368488.0,368711.0,369009.0,369266.0,369501.0,369806.0,370084.0,370370.0,370661.0,370929.0,371147.0,371385.0,371655.0,371900.0,372181.0,372432.0,372689.0,372938.0,373175.0,373469.0,373741.0,374004.0,374235.0,374466.0,374718.0,374945.0,375173.0,375414.0,375653.0,375822.0,375997.0,376219.0,376420
tesgZnPBw1Q,705920.0,705950.0,705987.0,706027.0,706060.0,706085.0,706125.0,706162.0,706195.0,706229.0,706268.0,706313.0,706362.0,706421.0,706461.0,706508.0,706547.0,706581.0,706609.0,706641.0,706683.0,706721.0,706743.0,706771.0,706805.0,706833.0,706875.0,706900.0,706923.0,706952.0,706991.0,707028.0,707060.0,707073.0,707109.0,707123.0,707154.0,707170.0,707198.0,707229.0,707253.0,707290.0,707320.0,707341.0,707372.0,707403.0,707426.0,707459.0,707481.0,707512.0,707544.0,707571.0,707615.0,707652.0,707707.0,707758.0,707789.0,707846.0,707874.0,707924.0,707957.0,708008.0,708054.0,708093.0,708145.0,708194.0,708247.0,708292.0,708347.0,708394.0,708446.0,708498.0,708562.0,708633.0,708677.0,708721.0,708781.0,708834.0,708899.0,708965.0,709032.0,709104.0,709161.0,709221.0,709257.0,709302.0,709358.0,709445.0,709503.0,709555.0,709634.0,709674.0,709716.0,709763.0,709801.0,709856.0,709922.0,709976.0,710021.0,710052.0,710104.0,710165.0,710218.0,710278.0,710329.0,710378.0,710420.0,710479.0,710552.0,710610.0,710696.0,710761.0,710801.0,710875.0,710948.0,711032.0,711086.0,711145.0,711228.0,711272.0,711359.0,711419.0,711513.0,711570.0,711628.0,711679.0,711731.0,711793.0,711851.0,711912.0,711988.0,712065.0,712131.0,712204.0,,,,,,,,,712714.0,712795.0,712853.0,712914.0,712979.0,713068.0,713134.0,713197.0,713262.0,713351.0,713407.0,713477.0,713543.0,713616.0,713680.0,713757.0,713802.0,713854.0,713928.0,713977.0,714013.0,714070.0,714126.0,714199.0,714244.0,714311.0,714381.0,714434.0,714489.0,714571.0,714635.0,714692.0,714753.0,714785.0,714838.0,714892.0,714949.0,715040.0,715143.0,715224.0,715304.0,715446.0,715544.0,715628.0,715753.0,715829.0,715907.0,715988.0,716070.0,716152.0,716249.0,716316.0,716398.0,716488.0,716589.0,716667.0,716761.0,716865.0,716950.0,717058.0,717294.0,717687.0,717854.0,717954.0,718038.0,718102.0,718175.0,718222.0,718271.0,718313.0,718372.0,718415
JjH-4XRWZAk,406162.0,406175.0,406195.0,406214.0,406244.0,406258.0,406272.0,406286.0,406300.0,406325.0,406343.0,406358.0,406378.0,406403.0,406425.0,406437.0,406452.0,406470.0,406488.0,406500.0,406507.0,406517.0,406531.0,406540.0,406556.0,406568.0,406577.0,406597.0,406608.0,406618.0,406637.0,406654.0,406669.0,406680.0,406693.0,406710.0,406727.0,406735.0,406758.0,406767.0,406776.0,406790.0,406798.0,406818.0,406838.0,406850.0,406874.0,406893.0,406905.0,406919.0,406927.0,406957.0,406980.0,406995.0,407007.0,407024.0,407041.0,407065.0,407084.0,407100.0,407122.0,407134.0,407140.0,407154.0,407165.0,407174.0,407190.0,407205.0,407211.0,407229.0,407240.0,407253.0,407271.0,407288.0,407308.0,407323.0,407341.0,407354.0,407362.0,407381.0,407390.0,407405.0,407414.0,407431.0,407447.0,407454.0,407481.0,407492.0,407506.0,407515.0,407524.0,407541.0,407557.0,407573.0,407582.0,407593.0,407607.0,407615.0,407640.0,407655.0,407665.0,407681.0,407702.0,407724.0,407729.0,407746.0,407755.0,407769.0,407786.0,407800.0,407815.0,407829.0,407857.0,407883.0,407911.0,407932.0,407953.0,407975.0,407994.0,408017.0,408042.0,408068.0,408093.0,408114.0,408134.0,408144.0,408165.0,408186.0,408209.0,408227.0,408247.0,408266.0,408287.0,408317.0,,,,,,,,,408465.0,408476.0,408491.0,408510.0,408534.0,408557.0,408583.0,408598.0,408621.0,408643.0,408645.0,408650.0,408665.0,408691.0,408700.0,408710.0,408725.0,408728.0,408744.0,408762.0,408772.0,408773.0,408781.0,408789.0,408804.0,408816.0,408828.0,408841.0,408852.0,408864.0,408866.0,408876.0,408883.0,408900.0,408907.0,408916.0,408924.0,408931.0,408946.0,408949.0,408973.0,408983.0,408992.0,409000.0,409010.0,409023.0,409029.0,409039.0,409059.0,409075.0,409083.0,409096.0,409111.0,409124.0,409147.0,409161.0,409175.0,409192.0,409202.0,409217.0,409234.0,409250.0,409270.0,409287.0,409301.0,409324.0,409337.0,409351.0,409355.0,409366.0,409376.0,409388
15iz4nMUokc,215119.0,215240.0,215349.0,215429.0,215539.0,215687.0,215834.0,215970.0,216121.0,216228.0,216329.0,216445.0,216572.0,216696.0,216832.0,216964.0,217090.0,217197.0,217317.0,217471.0,217612.0,217740.0,217863.0,217963.0,218062.0,218204.0,218306.0,218438.0,218562.0,218728.0,218854.0,218962.0,219113.0,219279.0,219437.0,219581.0,219768.0,219946.0,220082.0,220272.0,220417.0,220579.0,220718.0,220868.0,220995.0,221100.0,221232.0,221391.0,221530.0,221675.0,221815.0,221935.0,222043.0,222181.0,222340.0,222464.0,222619.0,222766.0,222933.0,223058.0,223194.0,223391.0,223483.0,223649.0,223772.0,223897.0,223976.0,224104.0,224200.0,224334.0,224444.0,224535.0,224647.0,224745.0,224839.0,224944.0,225050.0,225159.0,225308.0,225408.0,225503.0,225618.0,225734.0,225843.0,225960.0,226049.0,226132.0,226214.0,226323.0,226434.0,226562.0,226674.0,226790.0,226865.0,226932.0,227020.0,227081.0,227173.0,227268.0,227346.0,227434.0,227502.0,227625.0,227701.0,227782.0,227883.0,227952.0,228052.0,228120.0,228228.0,228328.0,228407.0,228497.0,228589.0,228684.0,228726.0,228800.0,228882.0,228941.0,229006.0,229076.0,229143.0,229187.0,229259.0,229339.0,229400.0,229486.0,229592.0,229649.0,229712.0,229770.0,229842.0,229908.0,229986.0,,,,,,,,,230926.0,231003.0,231087.0,231187.0,231275.0,231380.0,231450.0,231552.0,231645.0,231777.0,231883.0,231978.0,231985.0,231985.0,231984.0,231984.0,231984.0,231984.0,231984.0,231984.0,231984.0,231984.0,231984.0,231984.0,231984.0,231984.0,231984.0,231984.0,231984.0,231984.0,231984.0,231984.0,231984.0,231984.0,231984.0,231984.0,231984.0,231984.0,231984.0,231984.0,231984.0,231984.0,231984.0,231984.0,231984.0,231984.0,231984.0,231984.0,231984.0,231984.0,231984.0,231984.0,231984.0,231984.0,231984.0,231984.0,231984.0,231984.0,231984.0,231984.0,231984.0,231984.0,231984.0,231984.0,231984.0,231984.0,231984.0,231984.0,231984.0,231984.0,231984.0,231984
Xy54I0yJTeU,17628.0,17628.0,17628.0,17628.0,17628.0,17628.0,17628.0,17628.0,17628.0,17628.0,17628.0,17628.0,17628.0,17628.0,17628.0,17628.0,17628.0,17628.0,17628.0,17628.0,17628.0,17628.0,17628.0,17628.0,17628.0,17628.0,17628.0,17628.0,17628.0,17628.0,17628.0,17628.0,17628.0,17628.0,17628.0,17628.0,17628.0,17628.0,17628.0,17628.0,17628.0,17628.0,17628.0,17628.0,17628.0,17628.0,17628.0,17628.0,17628.0,17628.0,17628.0,17628.0,17628.0,17628.0,17628.0,17628.0,17628.0,17628.0,17628.0,17628.0,17628.0,17628.0,17628.0,17628.0,17628.0,17628.0,17628.0,17628.0,17628.0,17628.0,17628.0,17628.0,17628.0,17628.0,17628.0,17628.0,17628.0,17628.0,17628.0,17628.0,17628.0,17628.0,17628.0,17628.0,17628.0,17628.0,17628.0,17628.0,17628.0,17628.0,17628.0,17628.0,17628.0,17628.0,17628.0,17628.0,17628.0,17628.0,17628.0,17628.0,17628.0,17628.0,17628.0,17628.0,17628.0,17628.0,17628.0,17628.0,17628.0,17628.0,17628.0,17628.0,17628.0,17628.0,17628.0,17628.0,17628.0,17628.0,17628.0,17628.0,17628.0,17628.0,17628.0,17628.0,17628.0,17628.0,17628.0,17628.0,17628.0,17628.0,17628.0,17628.0,17628.0,17628.0,,,,,,,,,17628.0,17628.0,17628.0,17628.0,17628.0,17628.0,17628.0,17628.0,17628.0,17628.0,17628.0,17628.0,17628.0,17628.0,17628.0,17628.0,17628.0,17628.0,17628.0,17628.0,17628.0,17628.0,17628.0,17628.0,17628.0,17628.0,17628.0,17628.0,17628.0,17628.0,17628.0,17628.0,17628.0,17628.0,17628.0,17628.0,17628.0,17628.0,17628.0,17628.0,17628.0,17628.0,17628.0,17628.0,17628.0,17628.0,17628.0,17628.0,17628.0,17628.0,17628.0,17628.0,17628.0,17628.0,17628.0,17628.0,17628.0,17628.0,17628.0,17628.0,17628.0,17628.0,17628.0,17628.0,17628.0,17628.0,17628.0,17628.0,17628.0,17628.0,17628.0,17628
uW1w91xWXfQ,40477.0,40479.0,40481.0,40482.0,40482.0,40483.0,40484.0,40484.0,40484.0,40486.0,40491.0,40491.0,40491.0,40493.0,40495.0,40496.0,40499.0,40503.0,40505.0,40508.0,40511.0,40513.0,40513.0,40515.0,40519.0,40524.0,40526.0,40527.0,40528.0,40528.0,40532.0,40533.0,40533.0,40534.0,40535.0,40536.0,40538.0,40538.0,40541.0,40543.0,40546.0,40552.0,40554.0,40560.0,40560.0,40561.0,40561.0,40564.0,40566.0,40567.0,40568.0,40574.0,40575.0,40575.0,40576.0,40578.0,40578.0,40578.0,40578.0,40579.0,40580.0,40582.0,40584.0,40587.0,40590.0,40595.0,40595.0,40597.0,40601.0,40601.0,40603.0,40604.0,40604.0,40605.0,40606.0,40608.0,40609.0,40609.0,40611.0,40613.0,40616.0,40618.0,40620.0,40622.0,40627.0,40629.0,40630.0,40632.0,40632.0,40633.0,40633.0,40634.0,40636.0,40638.0,40642.0,40642.0,40642.0,40644.0,40647.0,40652.0,40652.0,40655.0,40659.0,40663.0,40667.0,40670.0,40671.0,40673.0,40675.0,40675.0,40681.0,40681.0,40682.0,40683.0,40684.0,40685.0,40687.0,40688.0,40691.0,40693.0,40696.0,40698.0,40700.0,40704.0,40705.0,40708.0,40715.0,40719.0,40722.0,40725.0,40726.0,40729.0,40732.0,40735.0,,,,,,,,,40756.0,40761.0,40763.0,40764.0,40767.0,40767.0,40768.0,40770.0,40774.0,40775.0,40777.0,40778.0,40779.0,40780.0,40781.0,40781.0,40781.0,40781.0,40785.0,40787.0,40788.0,40789.0,40790.0,40794.0,40795.0,40796.0,40798.0,40800.0,40800.0,40808.0,40808.0,40809.0,40810.0,40814.0,40819.0,40823.0,40825.0,40826.0,40828.0,40830.0,40834.0,40834.0,40834.0,40836.0,40839.0,40840.0,40841.0,40842.0,40843.0,40844.0,40847.0,40849.0,40853.0,40853.0,40858.0,40861.0,40861.0,40862.0,40862.0,40865.0,40865.0,40868.0,40871.0,40872.0,40874.0,40874.0,40875.0,40877.0,40878.0,40879.0,40881.0,40884
UVGT9860-y0,22803.0,22810.0,22811.0,22813.0,22817.0,22825.0,22827.0,22829.0,22835.0,22836.0,22842.0,22845.0,22848.0,22853.0,22858.0,22861.0,22866.0,22870.0,22874.0,22876.0,22879.0,22882.0,22884.0,22890.0,22895.0,22902.0,22906.0,22909.0,22912.0,22915.0,22915.0,22918.0,22920.0,22925.0,22932.0,22937.0,22944.0,22954.0,22956.0,22960.0,22966.0,22973.0,22972.0,22974.0,22974.0,22975.0,22979.0,22990.0,22992.0,22994.0,22996.0,23000.0,23000.0,23007.0,23009.0,23015.0,23021.0,23024.0,23026.0,23032.0,23034.0,23039.0,23041.0,23042.0,23044.0,23049.0,23058.0,23065.0,23067.0,23074.0,23075.0,23078.0,23082.0,23092.0,23095.0,23103.0,23106.0,23107.0,23117.0,23123.0,23126.0,23126.0,23135.0,23138.0,23143.0,23149.0,23159.0,23165.0,23169.0,23172.0,23175.0,23182.0,23188.0,23198.0,23204.0,23211.0,23216.0,23220.0,23223.0,23225.0,23226.0,23228.0,23231.0,23233.0,23240.0,23248.0,23250.0,23256.0,23257.0,23258.0,23265.0,23268.0,23276.0,23283.0,23285.0,23287.0,23290.0,23295.0,23302.0,23313.0,23322.0,23327.0,23327.0,23329.0,23330.0,23333.0,23335.0,23335.0,23339.0,23343.0,23347.0,23350.0,23354.0,23358.0,,,,,,,,,23395.0,23399.0,23404.0,23411.0,23416.0,23424.0,23435.0,23443.0,23445.0,23450.0,23453.0,23462.0,23468.0,23472.0,23476.0,23484.0,23489.0,23491.0,23497.0,23500.0,23501.0,23505.0,23508.0,23513.0,23521.0,23525.0,23529.0,23531.0,23538.0,23543.0,23549.0,23555.0,23559.0,23565.0,23567.0,23572.0,23578.0,23584.0,23586.0,23592.0,23593.0,23595.0,23596.0,23598.0,23601.0,23604.0,23609.0,23612.0,23613.0,23622.0,23623.0,23628.0,23629.0,23635.0,23644.0,23650.0,23653.0,23658.0,23659.0,23665.0,23673.0,23676.0,23677.0,23680.0,23689.0,23690.0,23692.0,23699.0,23703.0,23706.0,23707.0,23709
waMAVn2hHBM,22195328.0,22196029.0,22196882.0,22197817.0,22198659.0,22199614.0,22200542.0,22201384.0,22202314.0,22203195.0,22204110.0,22204963.0,22205918.0,22206834.0,22207815.0,22208689.0,22209625.0,22210469.0,22211412.0,22212287.0,22213085.0,22214114.0,22215071.0,22215999.0,22216925.0,22217854.0,22218810.0,22219785.0,22220702.0,22221534.0,22222488.0,22223271.0,22224027.0,22225034.0,22225911.0,22226900.0,22227904.0,22228835.0,22229668.0,22230492.0,22231336.0,22232072.0,22232952.0,22233857.0,22234679.0,22235436.0,22236290.0,22237191.0,22238069.0,22238984.0,22239849.0,22240806.0,22241712.0,22242635.0,22243669.0,22244558.0,22245524.0,22246466.0,22247523.0,22248423.0,22249345.0,22250266.0,22251132.0,22251963.0,22252790.0,22253717.0,22254543.0,22255268.0,22256048.0,22256980.0,22257744.0,22258613.0,22259399.0,22260211.0,22261067.0,22261989.0,22262849.0,22263768.0,22264546.0,22265525.0,22266347.0,22267135.0,22267999.0,22268889.0,22269834.0,22270733.0,22271604.0,22272426.0,22273486.0,22274597.0,22275615.0,22276595.0,22277550.0,22278416.0,22279238.0,22280076.0,22280921.0,22281726.0,22282597.0,22283426.0,22284162.0,22284891.0,22285679.0,22286374.0,22287034.0,22287831.0,22288573.0,22289247.0,22289894.0,22290528.0,22291217.0,22291924.0,22292631.0,22293387.0,22294157.0,22294945.0,22295728.0,22296579.0,22297453.0,22298173.0,22299041.0,22299762.0,22300466.0,22301209.0,22301888.0,22302645.0,22303396.0,22304183.0,22304898.0,22305547.0,22306156.0,22306834.0,22307525.0,22308105.0,,,,,,,,,22313641.0,22314278.0,22314981.0,22315674.0,22316368.0,22317020.0,22317600.0,22318305.0,22318874.0,22319606.0,22320457.0,22321226.0,22322000.0,22322742.0,22323410.0,22324046.0,22324623.0,22325284.0,22325939.0,22326614.0,22327248.0,22327803.0,22328397.0,22328983.0,22329629.0,22330167.0,22330757.0,22331316.0,22331932.0,22332503.0,22333134.0,22333786.0,22334427.0,22335090.0,22335669.0,22336192.0,22336786.0,22337320.0,22337899.0,22338442.0,22338994.0,22339583.0,22340120.0,22340597.0,22341128.0,22341609.0,22342233.0,22342871.0,22343475.0,22344100.0,22344661.0,22345205.0,22345789.0,22346324.0,22346874.0,22347397.0,22347880.0,22348502.0,22349004.0,22349612.0,22350159.0,22350690.0,22351219.0,22351701.0,22352218.0,22352669.0,22353234.0,22353781.0,22354301.0,22354754.0,22355306.0,22355832
VAtLckm9Q-g,3112.0,3112.0,3112.0,3114.0,3115.0,3115.0,3115.0,3115.0,3116.0,3116.0,3116.0,3116.0,3117.0,3117.0,3117.0,3117.0,3117.0,3117.0,3117.0,3117.0,3117.0,3117.0,3119.0,3119.0,3119.0,3121.0,3121.0,3121.0,3121.0,3121.0,3124.0,3124.0,3124.0,3125.0,3125.0,3125.0,3125.0,3125.0,3126.0,3126.0,3126.0,3126.0,3126.0,3126.0,3126.0,3127.0,3127.0,3127.0,3127.0,3127.0,3128.0,3128.0,3128.0,3130.0,3131.0,3132.0,3132.0,3133.0,3133.0,3135.0,3135.0,3135.0,3136.0,3136.0,3136.0,3136.0,3136.0,3136.0,3136.0,3136.0,3137.0,3137.0,3137.0,3137.0,3137.0,3137.0,3139.0,3140.0,3142.0,3142.0,3142.0,3142.0,3142.0,3143.0,3144.0,3144.0,3144.0,3144.0,3144.0,3147.0,3147.0,3147.0,3147.0,3147.0,3147.0,3147.0,3147.0,3147.0,3147.0,3147.0,3147.0,3147.0,3149.0,3149.0,3149.0,3149.0,3151.0,3151.0,3151.0,3151.0,3151.0,3152.0,3152.0,3153.0,3154.0,3154.0,3155.0,3155.0,3155.0,3155.0,3155.0,3155.0,3156.0,3158.0,3158.0,3158.0,3158.0,3159.0,3159.0,3159.0,3159.0,3159.0,3159.0,3159.0,,,,,,,,,3160.0,3160.0,3160.0,3160.0,3160.0,3160.0,3160.0,3160.0,3160.0,3160.0,3160.0,3162.0,3162.0,3162.0,3162.0,3162.0,3162.0,3162.0,3162.0,3163.0,3164.0,3165.0,3165.0,3165.0,3165.0,3165.0,3165.0,3165.0,3167.0,3167.0,3167.0,3167.0,3167.0,3167.0,3167.0,3167.0,3167.0,3167.0,3167.0,3167.0,3167.0,3167.0,3167.0,3167.0,3167.0,3167.0,3167.0,3167.0,3169.0,3169.0,3169.0,3169.0,3170.0,3170.0,3170.0,3170.0,3170.0,3170.0,3170.0,3170.0,3170.0,3170.0,3170.0,3170.0,3170.0,3170.0,3170.0,3170.0,3170.0,3170.0,3170.0,3171
39q0vTihZPM,9736.0,9736.0,9737.0,9737.0,9737.0,9738.0,9738.0,9738.0,9738.0,9740.0,9740.0,9743.0,9743.0,9744.0,9744.0,9745.0,9745.0,9745.0,9746.0,9746.0,9748.0,9748.0,9748.0,9748.0,9748.0,9748.0,9748.0,9749.0,9750.0,9751.0,9751.0,9751.0,9751.0,9752.0,9752.0,9752.0,9753.0,9753.0,9755.0,9755.0,9755.0,9755.0,9755.0,9757.0,9757.0,9758.0,9758.0,9762.0,9762.0,9762.0,9763.0,9764.0,9765.0,9765.0,9766.0,9769.0,9769.0,9768.0,9768.0,9768.0,9768.0,9770.0,9770.0,9770.0,9771.0,9771.0,9771.0,9772.0,9772.0,9772.0,9773.0,9774.0,9775.0,9775.0,9776.0,9776.0,9776.0,9776.0,9776.0,9776.0,9776.0,9776.0,9776.0,9776.0,9778.0,9778.0,9780.0,9781.0,9781.0,9780.0,9782.0,9781.0,9784.0,9784.0,9785.0,9785.0,9785.0,9785.0,9785.0,9785.0,9785.0,9785.0,9786.0,9787.0,9787.0,9787.0,9787.0,9787.0,9787.0,9787.0,9787.0,9787.0,9788.0,9788.0,9790.0,9790.0,9791.0,9791.0,9793.0,9793.0,9793.0,9793.0,9793.0,9793.0,9793.0,9793.0,9793.0,9793.0,9793.0,9794.0,9794.0,9795.0,9795.0,9796.0,,,,,,,,,9798.0,9798.0,9800.0,9800.0,9800.0,9800.0,9800.0,9801.0,9801.0,9801.0,9801.0,9801.0,9801.0,9804.0,9806.0,9807.0,9807.0,9807.0,9808.0,9808.0,9809.0,9810.0,9810.0,9811.0,9813.0,9813.0,9813.0,9813.0,9814.0,9815.0,9815.0,9816.0,9816.0,9816.0,9816.0,9816.0,9816.0,9816.0,9816.0,9818.0,9819.0,9819.0,9819.0,9819.0,9819.0,9820.0,9820.0,9820.0,9821.0,9821.0,9821.0,9821.0,9821.0,9821.0,9822.0,9823.0,9823.0,9823.0,9823.0,9824.0,9824.0,9824.0,9825.0,9825.0,9826.0,9827.0,9829.0,9829.0,9830.0,9831.0,9832.0,9832
WB3IYiREzIw,121734.0,121745.0,121747.0,121758.0,121770.0,121777.0,121784.0,121795.0,121803.0,121815.0,121822.0,121838.0,121844.0,121861.0,121872.0,121883.0,121890.0,121911.0,121920.0,121937.0,121947.0,121956.0,121964.0,121973.0,121985.0,121994.0,122002.0,122013.0,122023.0,122029.0,122039.0,122044.0,122053.0,122061.0,122071.0,122077.0,122093.0,122110.0,122124.0,122138.0,122149.0,122157.0,122170.0,122179.0,122192.0,122199.0,122209.0,122214.0,122226.0,122234.0,122246.0,122253.0,122265.0,122275.0,122280.0,122288.0,122292.0,122299.0,122310.0,122323.0,122329.0,122334.0,122345.0,122355.0,122363.0,122373.0,122381.0,122389.0,122395.0,122401.0,122419.0,122429.0,122439.0,122452.0,122460.0,122465.0,122470.0,122481.0,122486.0,122503.0,122512.0,122521.0,122531.0,122541.0,122550.0,122555.0,122562.0,122567.0,122578.0,122584.0,122591.0,122600.0,122607.0,122612.0,122622.0,122629.0,122631.0,122633.0,122644.0,122649.0,122656.0,122657.0,122661.0,122669.0,122677.0,122681.0,122686.0,122689.0,122696.0,122702.0,122706.0,122715.0,122736.0,122742.0,122760.0,122770.0,122783.0,122793.0,122801.0,122806.0,122813.0,122825.0,122838.0,122856.0,122870.0,122879.0,122886.0,122902.0,122923.0,122964.0,122993.0,123006.0,123029.0,123063.0,,,,,,,,,123248.0,123267.0,123273.0,123292.0,123314.0,123328.0,123343.0,123358.0,123378.0,123392.0,123406.0,123417.0,123426.0,123437.0,123453.0,123473.0,123478.0,123487.0,123502.0,123519.0,123539.0,123554.0,123569.0,123590.0,123605.0,123614.0,123623.0,123638.0,123651.0,123659.0,123666.0,123675.0,123685.0,123699.0,123708.0,123720.0,123730.0,123735.0,123746.0,123753.0,123761.0,123789.0,123799.0,123811.0,123816.0,123825.0,123844.0,123858.0,123866.0,123871.0,123884.0,123893.0,123909.0,123926.0,123938.0,123947.0,123956.0,123967.0,123980.0,123992.0,124003.0,124008.0,124014.0,124025.0,124035.0,124044.0,124055.0,124066.0,124068.0,124081.0,124085.0,124093
z0YLZmcARRU,12333648.0,12334711.0,12335836.0,12337175.0,12338304.0,12339387.0,12340449.0,12341506.0,12342721.0,12343877.0,12345092.0,12346093.0,12347291.0,12348436.0,12349637.0,12350810.0,12351893.0,12353006.0,12354052.0,12355077.0,12356080.0,12357454.0,12358783.0,12360130.0,12361425.0,12362603.0,12363655.0,12364889.0,12365989.0,12367329.0,12368623.0,12369740.0,12370900.0,12372162.0,12373390.0,12374635.0,12376054.0,12377307.0,12378373.0,12379498.0,12380535.0,12381600.0,12382763.0,12383893.0,12385075.0,12386225.0,12387473.0,12388806.0,12390007.0,12391190.0,12392304.0,12393325.0,12394493.0,12395447.0,12396524.0,12397487.0,12398560.0,12399565.0,12400622.0,12401713.0,12402525.0,12403610.0,12404650.0,12405586.0,12406593.0,12407600.0,12408513.0,12409416.0,12410402.0,12411558.0,12412601.0,12413617.0,12414544.0,12415461.0,12416409.0,12417319.0,12418232.0,12419140.0,12420121.0,12421047.0,12421835.0,12422622.0,12423531.0,12424367.0,12425478.0,12426338.0,12427128.0,12427799.0,12428665.0,12429485.0,12430350.0,12431110.0,12432007.0,12432986.0,12433919.0,12434829.0,12435729.0,12436838.0,12437886.0,12438950.0,12440006.0,12441143.0,12442201.0,12443258.0,12444364.0,12445370.0,12446608.0,12447791.0,12449002.0,12450200.0,12451329.0,12452857.0,12454299.0,12455682.0,12457135.0,12458530.0,12459886.0,12461098.0,12462314.0,12463481.0,12464599.0,12465892.0,12467137.0,12468308.0,12469334.0,12470521.0,12471599.0,12472807.0,12473849.0,12474883.0,12475767.0,12476764.0,12477665.0,12478608.0,,,,,,,,,12488117.0,12489395.0,12490683.0,12492139.0,12493666.0,12495557.0,12497406.0,12499193.0,12500843.0,12502079.0,12503107.0,12504486.0,12505690.0,12506788.0,12507807.0,12508934.0,12509891.0,12510800.0,12511650.0,12512545.0,12513480.0,12514464.0,12515439.0,12516429.0,12517266.0,12518216.0,12519181.0,12520225.0,12521121.0,12522206.0,12523088.0,12524200.0,12525157.0,12526127.0,12527242.0,12528258.0,12529209.0,12530211.0,12531192.0,12532237.0,12533296.0,12534349.0,12535341.0,12536335.0,12537233.0,12538250.0,12539115.0,12540086.0,12540997.0,12541923.0,12542863.0,12543735.0,12544703.0,12545643.0,12546683.0,12547679.0,12548637.0,12549502.0,12550418.0,12551498.0,12552561.0,12553445.0,12554313.0,12555297.0,12556270.0,12557344.0,12558439.0,12559624.0,12560964.0,12562026.0,12563108.0,12564165
vo2p352SOaM,5924232.0,5924533.0,5924941.0,5925315.0,5925624.0,5925906.0,5926211.0,5926516.0,5926843.0,5927196.0,5927560.0,5927846.0,5928146.0,5928415.0,5928725.0,5928984.0,5929295.0,5929584.0,5929888.0,5930176.0,5930430.0,5930778.0,5931096.0,5931448.0,5931757.0,5932083.0,5932378.0,5932670.0,5933086.0,5933444.0,5933821.0,5934168.0,5934441.0,5934739.0,5935087.0,5935402.0,5935691.0,5936046.0,5936389.0,5936661.0,5936909.0,5937217.0,5937547.0,5937835.0,5938173.0,5938470.0,5938735.0,5939052.0,5939336.0,5939652.0,5939920.0,5940282.0,5940638.0,5940970.0,5941343.0,5941671.0,5942040.0,5942351.0,5942706.0,5943040.0,5943355.0,5943645.0,5943957.0,5944226.0,5944551.0,5944872.0,5945210.0,5945526.0,5945759.0,5946105.0,5946358.0,5946693.0,5946993.0,5947293.0,5947649.0,5947898.0,5948152.0,5948423.0,5948706.0,5948967.0,5949241.0,5949479.0,5949698.0,5949905.0,5950111.0,5950323.0,5950562.0,5950833.0,5951070.0,5951327.0,5951555.0,5951803.0,5952104.0,5952415.0,5952692.0,5952933.0,5953263.0,5953892.0,5954511.0,5955117.0,5955738.0,5956341.0,5956897.0,5957429.0,5958077.0,5958682.0,5959212.0,5959814.0,5960437.0,5960931.0,5961538.0,5962318.0,5963128.0,5963911.0,5964607.0,5965258.0,5965816.0,5966361.0,5966870.0,5967359.0,5967916.0,5968592.0,5969144.0,5969765.0,5970290.0,5970853.0,5971617.0,5972240.0,5972839.0,5973336.0,5973902.0,5974319.0,5974653.0,5975039.0,,,,,,,,,5978177.0,5978561.0,5978822.0,5979176.0,5979506.0,5979806.0,5980083.0,5980401.0,5980686.0,5980981.0,5981289.0,5981522.0,5981795.0,5982142.0,5982415.0,5982719.0,5982971.0,5983166.0,5983444.0,5983716.0,5983994.0,5984318.0,5984607.0,5984901.0,5985154.0,5985490.0,5985809.0,5986134.0,5986484.0,5986774.0,5987088.0,5987446.0,5987726.0,5988051.0,5988396.0,5988722.0,5989044.0,5989309.0,5989649.0,5989941.0,5990236.0,5990500.0,5990788.0,5991039.0,5991249.0,5991502.0,5991783.0,5992034.0,5992275.0,5992612.0,5992880.0,5993164.0,5993432.0,5993687.0,5993948.0,5994209.0,5994500.0,5994781.0,5995076.0,5995360.0,5995590.0,5995829.0,5996071.0,5996355.0,5996659.0,5996928.0,5997214.0,5997508.0,5997807.0,5998087.0,5998413.0,5998682
g5B6zCSMrcc,7196190.0,7196491.0,7196883.0,7197332.0,7197717.0,7198147.0,7198485.0,7198860.0,7199236.0,7199547.0,7199926.0,7200255.0,7200591.0,7200965.0,7201438.0,7201851.0,7202295.0,7202679.0,7203102.0,7203515.0,7203960.0,7204387.0,7204852.0,7205308.0,7205741.0,7206178.0,7206557.0,7206984.0,7207375.0,7207824.0,7208197.0,7208602.0,7208992.0,7209348.0,7209772.0,7210193.0,7210617.0,7211133.0,7211528.0,7211929.0,7212310.0,7212764.0,7213228.0,7213677.0,7214072.0,7214457.0,7214886.0,7215359.0,7215772.0,7216237.0,7216734.0,7217224.0,7217655.0,7218120.0,7218553.0,7219053.0,7219462.0,7219831.0,7220317.0,7220779.0,7221213.0,7221686.0,7222145.0,7222620.0,7223050.0,7223501.0,7223857.0,7224296.0,7224692.0,7225206.0,7225636.0,7226078.0,7226437.0,7226839.0,7227167.0,7227571.0,7227973.0,7228346.0,7228869.0,7229240.0,7229661.0,7230126.0,7230562.0,7230889.0,7231226.0,7231692.0,7232211.0,7232634.0,7233103.0,7233578.0,7234081.0,7234628.0,7235258.0,7235762.0,7236211.0,7236605.0,7236997.0,7237373.0,7237751.0,7238153.0,7238535.0,7238928.0,7239285.0,7239644.0,7240012.0,7240378.0,7240710.0,7241094.0,7241450.0,7241790.0,7242109.0,7242475.0,7242836.0,7243154.0,7243572.0,7243940.0,7244280.0,7244604.0,7245011.0,7245355.0,7245631.0,7245972.0,7246295.0,7246658.0,7246964.0,7247317.0,7247650.0,7248061.0,7248399.0,7248739.0,7249082.0,7249419.0,7249693.0,7249990.0,,,,,,,,,7252806.0,7253119.0,7253430.0,7253762.0,7254009.0,7254337.0,7254592.0,7254880.0,7255160.0,7255440.0,7255796.0,7256084.0,7256393.0,7256732.0,7256984.0,7257345.0,7257689.0,7257982.0,7258262.0,7258598.0,7258935.0,7259181.0,7259453.0,7259763.0,7260069.0,7260398.0,7260688.0,7260971.0,7261228.0,7261503.0,7261795.0,7262068.0,7262336.0,7262616.0,7262875.0,7263152.0,7263431.0,7263746.0,7263995.0,7264273.0,7264596.0,7264898.0,7265205.0,7265459.0,7265717.0,7265976.0,7266237.0,7266487.0,7266766.0,7267112.0,7267417.0,7267631.0,7267933.0,7268244.0,7268592.0,7268880.0,7269178.0,7269451.0,7269741.0,7270086.0,7270370.0,7270637.0,7270908.0,7271257.0,7271575.0,7271883.0,7272212.0,7272563.0,7272856.0,7273231.0,7273530.0,7273824
_X9720wjipE,11725481.0,11725896.0,11726356.0,11726843.0,11727357.0,11727875.0,11728325.0,11728819.0,11729282.0,11729724.0,11730192.0,11730610.0,11731077.0,11731508.0,11731994.0,11732469.0,11732938.0,11733396.0,11733836.0,11734349.0,11734869.0,11735316.0,11735829.0,11736332.0,11736837.0,11737261.0,11737709.0,11738211.0,11738632.0,11739075.0,11739445.0,11739941.0,11740443.0,11740875.0,11741380.0,11741777.0,11742230.0,11742623.0,11743089.0,11743559.0,11743969.0,11744442.0,11744855.0,11745325.0,11745758.0,11746171.0,11746641.0,11747152.0,11747569.0,11747956.0,11748350.0,11748823.0,11749221.0,11749624.0,11750108.0,11750566.0,11751077.0,11751596.0,11752168.0,11752663.0,11753125.0,11753590.0,11754167.0,11754736.0,11755263.0,11755768.0,11756260.0,11756697.0,11757064.0,11757654.0,11758115.0,11758655.0,11759187.0,11759622.0,11760125.0,11760699.0,11761278.0,11761780.0,11762407.0,11762857.0,11763394.0,11763969.0,11764440.0,11764865.0,11765237.0,11765711.0,11766181.0,11766717.0,11767214.0,11767760.0,11768630.0,11769429.0,11770219.0,11770951.0,11771668.0,11772218.0,11772754.0,11773230.0,11773752.0,11774280.0,11774833.0,11775356.0,11775770.0,11776206.0,11776679.0,11777060.0,11777470.0,11777937.0,11778343.0,11778741.0,11779127.0,11779503.0,11779882.0,11780340.0,11780743.0,11781114.0,11781436.0,11781774.0,11782194.0,11782548.0,11782958.0,11783320.0,11783706.0,11784122.0,11784503.0,11784940.0,11785344.0,11785791.0,11786216.0,11786651.0,11787064.0,11787467.0,11787804.0,11788189.0,,,,,,,,,11791687.0,11792104.0,11792529.0,11793042.0,11793540.0,11794126.0,11794696.0,11795386.0,11796033.0,11796517.0,11797008.0,11797423.0,11797839.0,11798204.0,11798745.0,11799244.0,11799767.0,11800225.0,11800765.0,11801180.0,11801548.0,11801906.0,11802235.0,11802583.0,11803001.0,11803336.0,11803701.0,11804069.0,11804457.0,11804810.0,11805170.0,11805514.0,11805835.0,11806198.0,11806556.0,11806913.0,11807246.0,11807597.0,11807899.0,11808273.0,11808565.0,11808875.0,11809236.0,11809564.0,11809858.0,11810233.0,11810553.0,11810873.0,11811184.0,11811563.0,11811903.0,11812174.0,11812449.0,11812782.0,11813125.0,11813428.0,11813798.0,11814074.0,11814414.0,11814733.0,11815065.0,11815400.0,11815688.0,11816082.0,11816434.0,11816756.0,11817238.0,11817611.0,11817952.0,11818323.0,11818669.0,11819006
KkyUE7TcBcs,7305187.0,7305830.0,7306519.0,7307176.0,7307758.0,7308370.0,7309008.0,7309593.0,7310210.0,7310855.0,7311451.0,7312043.0,7312531.0,7313196.0,7313800.0,7314372.0,7314957.0,7315534.0,7316037.0,7316565.0,7317143.0,7317780.0,7318342.0,7319042.0,7319654.0,7320179.0,7320781.0,7321379.0,7321969.0,7322590.0,7323209.0,7323813.0,7324445.0,7325058.0,7325607.0,7326199.0,7326818.0,7327460.0,7328061.0,7328664.0,7329250.0,7329798.0,7330376.0,7330957.0,7331462.0,7332100.0,7332725.0,7333384.0,7333908.0,7334380.0,7334977.0,7335623.0,7336211.0,7336809.0,7337386.0,7338062.0,7338681.0,7339403.0,7339967.0,7340612.0,7341267.0,7341973.0,7342705.0,7343429.0,7344141.0,7344835.0,7345431.0,7346102.0,7346639.0,7347339.0,7348014.0,7348644.0,7349372.0,7349916.0,7350525.0,7351093.0,7351674.0,7352343.0,7352991.0,7353605.0,7354111.0,7354836.0,7355502.0,7356041.0,7356545.0,7357187.0,7357849.0,7358341.0,7359006.0,7359676.0,7360677.0,7361580.0,7362471.0,7363289.0,7364047.0,7364682.0,7365314.0,7365930.0,7366599.0,7367218.0,7367854.0,7368534.0,7369113.0,7369751.0,7370337.0,7370891.0,7371658.0,7372256.0,7372840.0,7373506.0,7374078.0,7374677.0,7375181.0,7375822.0,7376407.0,7377025.0,7377535.0,7378110.0,7378649.0,7379171.0,7379675.0,7380177.0,7380760.0,7381409.0,7382025.0,7382590.0,7383222.0,7383891.0,7384468.0,7385100.0,7385653.0,7386191.0,7386678.0,7387265.0,,,,,,,,,7392596.0,7393160.0,7393732.0,7394308.0,7394828.0,7395360.0,7395885.0,7396388.0,7396910.0,7397426.0,7397856.0,7398296.0,7398709.0,7399173.0,7399671.0,7400145.0,7400617.0,7401126.0,7401651.0,7402156.0,7402698.0,7403291.0,7403851.0,7404373.0,7404877.0,7405368.0,7405983.0,7406518.0,7407031.0,7407582.0,7408131.0,7408644.0,7409214.0,7409788.0,7410305.0,7410795.0,7411321.0,7411847.0,7412413.0,7412947.0,7413479.0,7414016.0,7414605.0,7415165.0,7415665.0,7416212.0,7416689.0,7417304.0,7417862.0,7418423.0,7418953.0,7419543.0,7420053.0,7420577.0,7421121.0,7421680.0,7422256.0,7422782.0,7423312.0,7423915.0,7424379.0,7424873.0,7425397.0,7425947.0,7426494.0,7427073.0,7427648.0,7428200.0,7428806.0,7429354.0,7429925.0,7430450
tt_DvI2svDU,3302.0,3305.0,3306.0,3307.0,3308.0,3308.0,3309.0,3310.0,3312.0,3315.0,3316.0,3316.0,3318.0,3319.0,3320.0,3331.0,3335.0,3338.0,3340.0,3342.0,3346.0,3350.0,3352.0,3352.0,3352.0,3353.0,3355.0,3358.0,3358.0,3361.0,3362.0,3362.0,3363.0,3364.0,3364.0,3365.0,3365.0,3365.0,3365.0,3367.0,3367.0,3367.0,3367.0,3367.0,3368.0,3370.0,3370.0,3372.0,3374.0,3376.0,3378.0,3380.0,3381.0,3382.0,3382.0,3382.0,3384.0,3384.0,3385.0,3386.0,3386.0,3386.0,3386.0,3386.0,3388.0,3388.0,3389.0,3390.0,3390.0,3392.0,3393.0,3395.0,3396.0,3397.0,3397.0,3397.0,3400.0,3401.0,3401.0,3402.0,3402.0,3403.0,3403.0,3404.0,3406.0,3410.0,3410.0,3411.0,3415.0,3416.0,3416.0,3417.0,3417.0,3418.0,3418.0,3419.0,3419.0,3420.0,3423.0,3426.0,3427.0,3427.0,3428.0,3428.0,3428.0,3429.0,3431.0,3431.0,3432.0,3433.0,3433.0,3433.0,3434.0,3434.0,3435.0,3436.0,3437.0,3438.0,3438.0,3439.0,3443.0,3444.0,3446.0,3447.0,3447.0,3449.0,3450.0,3451.0,3452.0,3452.0,3452.0,3452.0,3453.0,3453.0,,,,,,,,,3462.0,3463.0,3463.0,3465.0,3465.0,3466.0,3466.0,3467.0,3471.0,3471.0,3472.0,3473.0,3473.0,3474.0,3474.0,3476.0,3476.0,3476.0,3476.0,3477.0,3478.0,3480.0,3480.0,3481.0,3482.0,3482.0,3483.0,3484.0,3484.0,3484.0,3486.0,3486.0,3488.0,3490.0,3491.0,3492.0,3492.0,3493.0,3494.0,3494.0,3494.0,3495.0,3496.0,3496.0,3497.0,3497.0,3498.0,3498.0,3498.0,3498.0,3498.0,3498.0,3499.0,3501.0,3505.0,3506.0,3507.0,3508.0,3508.0,3508.0,3510.0,3511.0,3512.0,3512.0,3513.0,3515.0,3516.0,3518.0,3518.0,3519.0,3519.0,3520
Nx3h23xCsbA,59591919.0,59610753.0,59628483.0,59646707.0,59666566.0,59686762.0,59706750.0,59728451.0,59751692.0,59771519.0,59788259.0,59807892.0,59827061.0,59845608.0,59864721.0,59886889.0,59908632.0,59926285.0,59944597.0,59963194.0,59982305.0,60002474.0,60025883.0,60047177.0,60069569.0,60090633.0,60109834.0,60132090.0,60155119.0,60177973.0,60201864.0,60223111.0,60246569.0,60267747.0,60288515.0,60310816.0,60333501.0,60355527.0,60374808.0,60394734.0,60415299.0,60434945.0,60455058.0,60477539.0,60496163.0,60514433.0,60533817.0,60553914.0,60574392.0,60592592.0,60611129.0,60631419.0,60649848.0,60668532.0,60688500.0,60709947.0,60730042.0,60748626.0,60768594.0,60787389.0,60805310.0,60823057.0,60840575.0,60859852.0,60880747.0,60898518.0,60914171.0,60930491.0,60944792.0,60962000.0,60980210.0,60998491.0,61016412.0,61032948.0,61050813.0,61070139.0,61088543.0,61107070.0,61126849.0,61146772.0,61166428.0,61186131.0,61203994.0,61222967.0,61241445.0,61261635.0,61287409.0,61309361.0,61330055.0,61351912.0,61374861.0,61401898.0,61431089.0,61461171.0,61487610.0,61511285.0,61535570.0,61560933.0,61586717.0,61611806.0,61639020.0,61659212.0,61681254.0,61702048.0,61722042.0,61743407.0,61765643.0,61787443.0,61806339.0,61826816.0,61846240.0,61865976.0,61887300.0,61910720.0,61933802.0,61952522.0,61972385.0,61992396.0,62015825.0,62039584.0,62059313.0,62077199.0,62094383.0,62111692.0,62128768.0,62146707.0,62164063.0,62181760.0,62199700.0,62214773.0,62232311.0,62249740.0,62267564.0,62284942.0,,,,,,,,,62442547.0,62457370.0,62472393.0,62487978.0,62504438.0,62520871.0,62537483.0,62553495.0,62568276.0,62583179.0,62598601.0,62615481.0,62631367.0,62647935.0,62664963.0,62679683.0,62697948.0,62718911.0,62736764.0,62752880.0,62776351.0,62801355.0,62823104.0,62848421.0,62874218.0,62899851.0,62925277.0,62952100.0,62978817.0,63001956.0,63025730.0,63050461.0,63076519.0,63103287.0,63131922.0,63157000.0,63178580.0,63200214.0,63224176.0,63246315.0,63269681.0,63295083.0,63321443.0,63344532.0,63366210.0,63387735.0,63408747.0,63431068.0,63456981.0,63478842.0,63499800.0,63523980.0,63548705.0,63574264.0,63598226.0,63622594.0,63645288.0,63665611.0,63685978.0,63706338.0,63729714.0,63749034.0,63771249.0,63793615.0,63811939.0,63834170.0,63852183.0,63869830.0,63883050.0,63897903.0,63911680.0,63924497
LRR7-c0L_DU,354783.0,354891.0,354978.0,355060.0,355141.0,355246.0,355372.0,355511.0,355625.0,355724.0,355813.0,355910.0,356016.0,356139.0,356232.0,356326.0,356422.0,356496.0,356582.0,356685.0,356794.0,356933.0,357046.0,357147.0,357241.0,357327.0,357431.0,357557.0,357684.0,357787.0,357853.0,357967.0,358045.0,358128.0,358224.0,358340.0,358442.0,358541.0,358621.0,358719.0,358807.0,358902.0,358973.0,359063.0,359170.0,359253.0,359347.0,359433.0,359536.0,359607.0,359695.0,359785.0,359831.0,359924.0,360001.0,360090.0,360168.0,360258.0,360302.0,360371.0,360475.0,360569.0,360676.0,360781.0,360855.0,360957.0,361038.0,361123.0,361192.0,361317.0,361426.0,361508.0,361577.0,361638.0,361717.0,361830.0,361915.0,362016.0,362143.0,362225.0,362319.0,362429.0,362500.0,362604.0,362680.0,362785.0,362862.0,362928.0,363046.0,363176.0,363253.0,363350.0,363466.0,363545.0,363643.0,363728.0,363826.0,363920.0,364014.0,364123.0,364245.0,364321.0,364425.0,364546.0,364626.0,364714.0,364818.0,364901.0,364967.0,365039.0,365144.0,365226.0,365351.0,365444.0,365524.0,365627.0,365717.0,365817.0,365903.0,365987.0,366064.0,366139.0,366199.0,366276.0,366358.0,366453.0,366548.0,366616.0,366689.0,366776.0,366901.0,367009.0,367087.0,367220.0,,,,,,,,,368160.0,368231.0,368347.0,368428.0,368550.0,368672.0,368761.0,368861.0,368955.0,369054.0,369144.0,369249.0,369346.0,369453.0,369531.0,369605.0,369730.0,369843.0,369997.0,370111.0,370199.0,370286.0,370344.0,370424.0,370487.0,370590.0,370720.0,370804.0,370884.0,370981.0,371070.0,371165.0,371271.0,371379.0,371502.0,371576.0,371654.0,371761.0,371871.0,371972.0,372074.0,372183.0,372290.0,372383.0,372504.0,372608.0,372706.0,372805.0,372909.0,373008.0,373081.0,373206.0,373310.0,373414.0,373520.0,373639.0,373714.0,373801.0,373909.0,374019.0,374109.0,374202.0,374295.0,374411.0,374491.0,374624.0,374734.0,374852.0,374912.0,375006.0,375088.0,375180
kVagTDK4XF4,5331940.0,5332467.0,5332990.0,5333428.0,5334040.0,5334649.0,5335234.0,5335848.0,5336485.0,5337091.0,5337664.0,5338270.0,5338829.0,5339515.0,5340196.0,5340930.0,5341627.0,5342206.0,5342752.0,5343375.0,5344017.0,5344690.0,5345439.0,5346187.0,5346770.0,5347367.0,5347951.0,5348451.0,5348951.0,5349587.0,5350282.0,5350774.0,5351420.0,5352026.0,5352605.0,5353200.0,5353845.0,5354447.0,5355030.0,5355635.0,5356309.0,5356950.0,5357459.0,5358142.0,5358705.0,5359283.0,5359959.0,5360619.0,5361235.0,5361902.0,5362577.0,5363171.0,5363729.0,5364238.0,5364923.0,5365735.0,5366409.0,5366960.0,5367530.0,5368140.0,5368717.0,5369422.0,5369981.0,5370647.0,5371249.0,5371810.0,5372199.0,5372717.0,5373113.0,5373739.0,5374302.0,5374906.0,5375529.0,5376002.0,5376488.0,5376977.0,5377699.0,5378273.0,5378988.0,5379557.0,5380137.0,5380598.0,5381126.0,5381583.0,5382057.0,5382469.0,5383029.0,5383478.0,5383861.0,5384332.0,5384822.0,5385259.0,5385772.0,5386296.0,5386732.0,5387167.0,5387641.0,5388076.0,5388561.0,5389104.0,5389528.0,5390029.0,5390403.0,5390863.0,5391216.0,5391705.0,5392126.0,5392539.0,5392951.0,5393386.0,5393791.0,5394261.0,5394845.0,5395489.0,5395992.0,5396431.0,5396854.0,5397396.0,5397835.0,5398360.0,5398968.0,5399442.0,5399943.0,5400387.0,5400803.0,5401340.0,5401751.0,5402100.0,5402607.0,5402923.0,5403228.0,5403570.0,5403968.0,5404403.0,,,,,,,,,5407986.0,5408369.0,5408812.0,5409130.0,5409507.0,5409944.0,5410282.0,5410693.0,5411054.0,5411329.0,5411649.0,5412008.0,5412348.0,5412696.0,5413136.0,5413440.0,5413747.0,5414083.0,5414453.0,5414796.0,5415256.0,5415831.0,5416301.0,5416770.0,5417193.0,5417634.0,5418142.0,5418646.0,5419057.0,5419486.0,5419857.0,5420243.0,5420657.0,5421029.0,5421456.0,5421878.0,5422223.0,5422646.0,5423012.0,5423388.0,5423700.0,5424091.0,5424414.0,5424756.0,5425018.0,5425334.0,5425728.0,5426102.0,5426413.0,5426705.0,5427080.0,5427423.0,5427764.0,5428077.0,5428453.0,5428784.0,5429186.0,5429465.0,5429809.0,5430071.0,5430473.0,5430801.0,5431149.0,5431576.0,5431931.0,5432285.0,5432792.0,5433096.0,5433479.0,5433884.0,5434291.0,5434567
QrHnLcr970E,35706.0,35713.0,35717.0,35724.0,35731.0,35736.0,35742.0,35742.0,35744.0,35748.0,35752.0,35759.0,35765.0,35771.0,35772.0,35774.0,35779.0,35780.0,35782.0,35787.0,35790.0,35790.0,35792.0,35798.0,35797.0,35801.0,35804.0,35804.0,35807.0,35808.0,35811.0,35819.0,35822.0,35825.0,35827.0,35830.0,35832.0,35837.0,35843.0,35844.0,35851.0,35857.0,35858.0,35858.0,35870.0,35875.0,35878.0,35883.0,35885.0,35887.0,35890.0,35896.0,35899.0,35904.0,35907.0,35908.0,35911.0,35916.0,35921.0,35923.0,35922.0,35923.0,35929.0,35932.0,35932.0,35936.0,35939.0,35940.0,35943.0,35945.0,35945.0,35948.0,35950.0,35951.0,35951.0,35953.0,35958.0,35962.0,35962.0,35963.0,35968.0,35970.0,35974.0,35982.0,35984.0,35987.0,35989.0,35992.0,35993.0,35999.0,36003.0,36004.0,36006.0,36006.0,36006.0,36008.0,36010.0,36012.0,36015.0,36016.0,36018.0,36018.0,36020.0,36025.0,36029.0,36029.0,36035.0,36041.0,36046.0,36046.0,36049.0,36052.0,36053.0,36056.0,36058.0,36065.0,36069.0,36070.0,36069.0,36075.0,36075.0,36081.0,36085.0,36085.0,36090.0,36095.0,36102.0,36107.0,36110.0,36116.0,36122.0,36129.0,36132.0,36135.0,,,,,,,,,36175.0,36178.0,36179.0,36182.0,36185.0,36187.0,36189.0,36192.0,36192.0,36195.0,36197.0,36201.0,36208.0,36215.0,36215.0,36216.0,36216.0,36218.0,36221.0,36222.0,36224.0,36228.0,36228.0,36230.0,36232.0,36238.0,36243.0,36245.0,36247.0,36249.0,36251.0,36253.0,36254.0,36259.0,36260.0,36263.0,36264.0,36267.0,36269.0,36270.0,36279.0,36291.0,36299.0,36305.0,36306.0,36310.0,36314.0,36318.0,36321.0,36324.0,36326.0,36331.0,36337.0,36343.0,36346.0,36350.0,36351.0,36354.0,36356.0,36363.0,36367.0,36371.0,36375.0,36379.0,36387.0,36391.0,36400.0,36409.0,36411.0,36415.0,36424.0,36428
Q7ukmQ2lfF4,1364007.0,1364153.0,1364206.0,1364261.0,1364286.0,1364322.0,1364371.0,1364410.0,1364431.0,1364464.0,1364509.0,1364543.0,1364582.0,1364613.0,1364654.0,1364685.0,1364710.0,1364737.0,1364767.0,1364787.0,1364816.0,1364848.0,1364874.0,1364915.0,1364938.0,1364964.0,1364994.0,1365019.0,1365050.0,1365081.0,1365122.0,1365155.0,1365190.0,1365215.0,1365264.0,1365297.0,1365328.0,1365354.0,1365389.0,1365416.0,1365436.0,1365456.0,1365497.0,1365524.0,1365548.0,1365575.0,1365618.0,1365645.0,1365691.0,1365732.0,1365763.0,1365804.0,1365823.0,1365847.0,1365877.0,1365913.0,1365949.0,1365978.0,1365998.0,1366029.0,1366052.0,1366080.0,1366125.0,1366152.0,1366183.0,1366211.0,1366253.0,1366276.0,1366302.0,1366347.0,1366377.0,1366412.0,1366435.0,1366461.0,1366522.0,1366542.0,1366560.0,1366580.0,1366619.0,1366652.0,1366683.0,1366716.0,1366748.0,1366781.0,1366814.0,1366847.0,1366887.0,1366912.0,1366945.0,1366981.0,1367013.0,1367044.0,1367058.0,1367087.0,1367113.0,1367151.0,1367185.0,1367225.0,1367251.0,1367287.0,1367317.0,1367339.0,1367380.0,1367407.0,1367423.0,1367445.0,1367474.0,1367504.0,1367545.0,1367563.0,1367581.0,1367612.0,1367633.0,1367654.0,1367673.0,1367701.0,1367725.0,1367761.0,1367785.0,1367809.0,1367834.0,1367858.0,1367889.0,1367907.0,1367927.0,1367949.0,1367967.0,1367991.0,1368010.0,1368024.0,1368050.0,1368072.0,1368093.0,1368111.0,,,,,,,,,1368282.0,1368301.0,1368321.0,1368335.0,1368351.0,1368371.0,1368386.0,1368403.0,1368427.0,1368444.0,1368466.0,1368475.0,1368502.0,1368514.0,1368542.0,1368568.0,1368600.0,1368633.0,1368654.0,1368685.0,1368712.0,1368728.0,1368754.0,1368767.0,1368786.0,1368814.0,1368827.0,1368848.0,1368869.0,1368890.0,1368907.0,1368926.0,1368956.0,1368976.0,1369008.0,1369032.0,1369049.0,1369063.0,1369087.0,1369100.0,1369116.0,1369128.0,1369142.0,1369167.0,1369197.0,1369215.0,1369229.0,1369240.0,1369253.0,1369273.0,1369284.0,1369292.0,1369302.0,1369318.0,1369330.0,1369339.0,1369357.0,1369366.0,1369386.0,1369402.0,1369414.0,1369431.0,1369445.0,1369460.0,1369476.0,1369499.0,1369510.0,1369530.0,1369553.0,1369570.0,1369586.0,1369603
CL6wr7jozs8,6216084.0,6216944.0,6217909.0,6218896.0,6219948.0,6220972.0,6221917.0,6222928.0,6223927.0,6224890.0,6225893.0,6226832.0,6227821.0,6228744.0,6229666.0,6230662.0,6231627.0,6232622.0,6233586.0,6234560.0,6235592.0,6236602.0,6237595.0,6238511.0,6239434.0,6240268.0,6241039.0,6241931.0,6242761.0,6243617.0,6244479.0,6245405.0,6246359.0,6247651.0,6248780.0,6249845.0,6251012.0,6252282.0,6253442.0,6254572.0,6255566.0,6256467.0,6257533.0,6258607.0,6259692.0,6260716.0,6261741.0,6262759.0,6263729.0,6264665.0,6265619.0,6266546.0,6267436.0,6268300.0,6269250.0,6270143.0,6271057.0,6271898.0,6272782.0,6273749.0,6274550.0,6275401.0,6276287.0,6277112.0,6277981.0,6278846.0,6279721.0,6280574.0,6281371.0,6282365.0,6283274.0,6284192.0,6285080.0,6286025.0,6286852.0,6287654.0,6288473.0,6289363.0,6290270.0,6291214.0,6292029.0,6292790.0,6293609.0,6294377.0,6295197.0,6295993.0,6296795.0,6297652.0,6298482.0,6299184.0,6299947.0,6300665.0,6301355.0,6302140.0,6302987.0,6303746.0,6304419.0,6305054.0,6305716.0,6306491.0,6307234.0,6308041.0,6308759.0,6309517.0,6310313.0,6311161.0,6311935.0,6312666.0,6313517.0,6314314.0,6314959.0,6315759.0,6316451.0,6317138.0,6317841.0,6318584.0,6319223.0,6319905.0,6320579.0,6321251.0,6321951.0,6322723.0,6323454.0,6324267.0,6325035.0,6325847.0,6326621.0,6327449.0,6328255.0,6329168.0,6330037.0,6330761.0,6331564.0,6332258.0,,,,,,,,,6340337.0,6341569.0,6342773.0,6343915.0,6345029.0,6346144.0,6347271.0,6348527.0,6349818.0,6350919.0,6351981.0,6353100.0,6354243.0,6355308.0,6356375.0,6357423.0,6358516.0,6359561.0,6360605.0,6361613.0,6362505.0,6363470.0,6364467.0,6365343.0,6366222.0,6367080.0,6368036.0,6368990.0,6369850.0,6370899.0,6371840.0,6372784.0,6373665.0,6374589.0,6375417.0,6376338.0,6377303.0,6378165.0,6379016.0,6379859.0,6380649.0,6381467.0,6382489.0,6383429.0,6384347.0,6385196.0,6386053.0,6386932.0,6387809.0,6388636.0,6389564.0,6390386.0,6391226.0,6392111.0,6392970.0,6393761.0,6394589.0,6395363.0,6396117.0,6396971.0,6397860.0,6398666.0,6399350.0,6400195.0,6401064.0,6401912.0,6402748.0,6403680.0,6404425.0,6405135.0,6406007.0,6406832
OPCZ-AZ2j7s,1711744.0,1712862.0,1714032.0,1715124.0,1716446.0,1717933.0,1719311.0,1720606.0,1721892.0,1722993.0,1724110.0,1725410.0,1726887.0,1728369.0,1730027.0,1731446.0,1732504.0,1733635.0,1735112.0,1736333.0,1737828.0,1739091.0,1740319.0,1741369.0,1742324.0,1743564.0,1744700.0,1746011.0,1747179.0,1748809.0,1750327.0,1751585.0,1752869.0,1754134.0,1755510.0,1757126.0,1758655.0,1759813.0,1760832.0,1762090.0,1763335.0,1764526.0,1765769.0,1766969.0,1768099.0,1769298.0,1770492.0,1771764.0,1773067.0,1774256.0,1775439.0,1776462.0,1777440.0,1778616.0,1779734.0,1780893.0,1782080.0,1783242.0,1784131.0,1785125.0,1786194.0,1787360.0,1788507.0,1789728.0,1790815.0,1791936.0,1792836.0,1793892.0,1794993.0,1796197.0,1797363.0,1798330.0,1799214.0,1800190.0,1801365.0,1802561.0,1803701.0,1804785.0,1805846.0,1806704.0,1807581.0,1808585.0,1809612.0,1810740.0,1811838.0,1812931.0,1813873.0,1814641.0,1815771.0,1816760.0,1817837.0,1818974.0,1820022.0,1820941.0,1821845.0,1822891.0,1823972.0,1824888.0,1825848.0,1826823.0,1827671.0,1828682.0,1829748.0,1830775.0,1831860.0,1833007.0,1834049.0,1835018.0,1835937.0,1836974.0,1837953.0,1838959.0,1839966.0,1841020.0,1841900.0,1842773.0,1843795.0,1844888.0,1845978.0,1846963.0,1847965.0,1848847.0,1849714.0,1850517.0,1851366.0,1852269.0,1853205.0,1854225.0,1855171.0,1856079.0,1857057.0,1858045.0,1859108.0,1860174.0,,,,,,,,,1870248.0,1871409.0,1872665.0,1873909.0,1875201.0,1876416.0,1877577.0,1878624.0,1879843.0,1881181.0,1882576.0,1883969.0,1885650.0,1887202.0,1888564.0,1889752.0,1891245.0,1892701.0,1894079.0,1895362.0,1896537.0,1897634.0,1898641.0,1899827.0,1901052.0,1902390.0,1903804.0,1905307.0,1906647.0,1908007.0,1909674.0,1911440.0,1913217.0,1914790.0,1916417.0,1917899.0,1919220.0,1920713.0,1922283.0,1923834.0,1925461.0,1927328.0,1928753.0,1930114.0,1931797.0,1933339.0,1934902.0,1936581.0,1938199.0,1939720.0,1941009.0,1942829.0,1944522.0,1946017.0,1947399.0,1949088.0,1950322.0,1951493.0,1952871.0,1954113.0,1955366.0,1956394.0,1957541.0,1958491.0,1959506.0,1960761.0,1961971.0,1963061.0,1963888.0,1965049.0,1966513.0,1968373
7bONJFH9A9A,33706891.0,33712960.0,33719944.0,33726707.0,33733263.0,33740655.0,33747210.0,33754106.0,33761127.0,33768267.0,33775274.0,33782140.0,33792955.0,33802605.0,33812087.0,33820777.0,33830300.0,33839226.0,33847157.0,33855328.0,33863655.0,33872709.0,33882168.0,33890924.0,33899539.0,33907229.0,33915182.0,33923250.0,33932182.0,33940582.0,33949518.0,33957651.0,33964167.0,33971319.0,33978542.0,33986272.0,33994734.0,34003618.0,34011974.0,34019139.0,34026798.0,34033970.0,34040409.0,34046733.0,34053713.0,34060389.0,34066402.0,34072646.0,34078904.0,34085072.0,34090785.0,34096706.0,34102443.0,34107701.0,34113269.0,34118671.0,34124308.0,34130355.0,34137064.0,34143031.0,34148181.0,34153413.0,34158882.0,34164204.0,34169435.0,34174570.0,34179300.0,34184252.0,34188623.0,34194197.0,34199075.0,34203485.0,34208036.0,34212778.0,34217281.0,34221964.0,34226727.0,34231461.0,34236317.0,34241096.0,34245921.0,34250510.0,34255265.0,34260120.0,34264922.0,34269813.0,34274877.0,34279908.0,34284929.0,34289572.0,34294348.0,34298920.0,34303954.0,34309597.0,34315043.0,34319686.0,34324770.0,34329849.0,34335165.0,34340496.0,34346142.0,34351416.0,34356383.0,34361165.0,34365997.0,34370661.0,34377299.0,34388922.0,34398245.0,34405695.0,34413518.0,34420797.0,34428663.0,34435927.0,34443635.0,34450813.0,34457251.0,34463964.0,34470357.0,34476254.0,34482928.0,34490701.0,34496921.0,34502510.0,34508145.0,34514008.0,34519851.0,34525621.0,34531369.0,34536962.0,34542376.0,34547352.0,34552330.0,34556999.0,,,,,,,,,34606615.0,34612300.0,34617546.0,34622309.0,34627188.0,34631850.0,34636301.0,34640963.0,34645527.0,34649843.0,34653945.0,34657904.0,34662150.0,34667011.0,34671586.0,34675727.0,34679804.0,34683876.0,34688086.0,34692646.0,34697401.0,34702595.0,34707427.0,34711778.0,34716747.0,34721624.0,34726275.0,34731367.0,34736316.0,34741268.0,34745729.0,34749902.0,34754202.0,34758560.0,34762715.0,34767284.0,34771399.0,34775196.0,34779286.0,34783410.0,34787632.0,34791735.0,34797371.0,34803066.0,34808152.0,34813048.0,34817739.0,34822572.0,34827077.0,34831984.0,34836461.0,34840360.0,34844434.0,34849074.0,34853819.0,34858293.0,34862854.0,34867040.0,34870981.0,34875229.0,34879871.0,34884649.0,34888767.0,34893130.0,34897223.0,34901496.0,34906047.0,34910511.0,34914286.0,34917841.0,34921879.0,34925875
aVatpxBTfZs,61002134.0,61018610.0,61038188.0,61057500.0,61077740.0,61101249.0,61119090.0,61139122.0,61156731.0,61175290.0,61193807.0,61211666.0,61240240.0,61266149.0,61290247.0,61312323.0,61336608.0,61359921.0,61381258.0,61402176.0,61425407.0,61449502.0,61475254.0,61501593.0,61525184.0,61545057.0,61564439.0,61583511.0,61605180.0,61626037.0,61649066.0,61667823.0,61684119.0,61701745.0,61719794.0,61737307.0,61755601.0,61772676.0,61788592.0,61806432.0,61826411.0,61844365.0,61861157.0,61877707.0,61893703.0,61908551.0,61923830.0,61939247.0,61954770.0,61969649.0,61983847.0,61999513.0,62013101.0,62025585.0,62040816.0,62055090.0,62069315.0,62083797.0,62098811.0,62113046.0,62126365.0,62140100.0,62154065.0,62168080.0,62181204.0,62193554.0,62205749.0,62218470.0,62230612.0,62244340.0,62257479.0,62269259.0,62282331.0,62293329.0,62304011.0,62315177.0,62327630.0,62340533.0,62353236.0,62365922.0,62378197.0,62390405.0,62402323.0,62414737.0,62426937.0,62438951.0,62451160.0,62463214.0,62474576.0,62485603.0,62496790.0,62508079.0,62519717.0,62532296.0,62544024.0,62554390.0,62565706.0,62577212.0,62588525.0,62600543.0,62613504.0,62625423.0,62636045.0,62646270.0,62656672.0,62667044.0,62679568.0,62697702.0,62713907.0,62728723.0,62744054.0,62758386.0,62776295.0,62792975.0,62810414.0,62826028.0,62840815.0,62856373.0,62871340.0,62885047.0,62900038.0,62916535.0,62931182.0,62943301.0,62955595.0,62968322.0,62980911.0,62993982.0,63007393.0,63020512.0,63033178.0,63046153.0,63058868.0,63071064.0,,,,,,,,,63199462.0,63214722.0,63227931.0,63240874.0,63253101.0,63265375.0,63276872.0,63289411.0,63301603.0,63312973.0,63323990.0,63334148.0,63346081.0,63357466.0,63369618.0,63380599.0,63391071.0,63401724.0,63412675.0,63423593.0,63434519.0,63446886.0,63458265.0,63468440.0,63479419.0,63490557.0,63501327.0,63513749.0,63526751.0,63538991.0,63549745.0,63559751.0,63569990.0,63580560.0,63591044.0,63602115.0,63612236.0,63621168.0,63630498.0,63640241.0,63650129.0,63660697.0,63676702.0,63692664.0,63706007.0,63718410.0,63730447.0,63742851.0,63754497.0,63767067.0,63778858.0,63788983.0,63799052.0,63810055.0,63821877.0,63833128.0,63844359.0,63854638.0,63864029.0,63873966.0,63884299.0,63894602.0,63904597.0,63915418.0,63925475.0,63936000.0,63946457.0,63956509.0,63964921.0,63973298.0,63982176.0,63991103
ccvhy8stSC0,170991.0,171145.0,171294.0,171443.0,171556.0,171712.0,171892.0,172070.0,172189.0,172340.0,172491.0,172654.0,172846.0,173030.0,173195.0,173355.0,173522.0,173692.0,173887.0,174022.0,174188.0,174331.0,174515.0,174670.0,174828.0,175020.0,175176.0,175329.0,175491.0,175629.0,175805.0,175952.0,176112.0,176243.0,176377.0,176502.0,176643.0,176785.0,176903.0,177054.0,177217.0,177394.0,177547.0,177682.0,177821.0,177978.0,178098.0,178262.0,178386.0,178507.0,178631.0,178780.0,178883.0,179030.0,179151.0,179293.0,179399.0,179519.0,179620.0,179725.0,179891.0,180044.0,180146.0,180265.0,180398.0,180512.0,180627.0,180751.0,180832.0,180997.0,181120.0,181245.0,181359.0,181481.0,181618.0,181729.0,181842.0,181978.0,182079.0,182203.0,182335.0,182496.0,182614.0,182772.0,182921.0,183076.0,183205.0,183370.0,183507.0,183673.0,183847.0,183989.0,184158.0,184342.0,184469.0,184626.0,184765.0,184907.0,185033.0,185192.0,185328.0,185475.0,185662.0,185838.0,185976.0,186154.0,186348.0,186502.0,186623.0,186820.0,186981.0,187124.0,187284.0,187424.0,187556.0,187689.0,187785.0,187958.0,188114.0,188259.0,188432.0,188561.0,188669.0,188803.0,188916.0,189053.0,189171.0,189313.0,189455.0,189615.0,189760.0,189922.0,190091.0,190208.0,,,,,,,,,191450.0,191611.0,191776.0,191918.0,192076.0,192240.0,192375.0,192508.0,192616.0,192789.0,192897.0,193001.0,193195.0,193313.0,193428.0,193552.0,193690.0,193811.0,193919.0,194039.0,194180.0,194311.0,194507.0,194666.0,194809.0,194907.0,195063.0,195191.0,195313.0,195479.0,195620.0,195755.0,195920.0,196033.0,196178.0,196329.0,196417.0,196569.0,196705.0,196825.0,196980.0,197101.0,197256.0,197380.0,197554.0,197693.0,197838.0,197968.0,198146.0,198287.0,198486.0,198654.0,198781.0,198923.0,199047.0,199206.0,199350.0,199478.0,199638.0,199777.0,199895.0,200000.0,200123.0,200248.0,200391.0,200524.0,200704.0,200840.0,200979.0,201083.0,201211.0,201317
48ho34boIgA,357115.0,358688.0,360410.0,361667.0,363609.0,365825.0,367373.0,369013.0,370422.0,371710.0,372858.0,374091.0,375339.0,376640.0,378192.0,379438.0,380730.0,381942.0,383347.0,384488.0,385832.0,386917.0,388125.0,389025.0,389958.0,391016.0,392244.0,393458.0,394797.0,396202.0,397259.0,398220.0,399394.0,400341.0,401478.0,402507.0,403521.0,404553.0,405441.0,406592.0,407655.0,408535.0,409431.0,410366.0,411358.0,412170.0,413143.0,414168.0,415185.0,416162.0,417059.0,417777.0,418464.0,419214.0,420170.0,420935.0,421752.0,422436.0,423167.0,423705.0,424327.0,425473.0,426727.0,428008.0,428904.0,429608.0,430315.0,431154.0,431888.0,432778.0,433728.0,434449.0,435184.0,436029.0,436946.0,437769.0,438591.0,439472.0,440324.0,441115.0,441774.0,442501.0,443279.0,444087.0,444822.0,445684.0,446603.0,447433.0,448303.0,449129.0,450103.0,450945.0,451983.0,452869.0,453850.0,454793.0,455755.0,456727.0,457572.0,458728.0,459519.0,460357.0,461525.0,462912.0,464272.0,465496.0,466799.0,467883.0,468879.0,470126.0,471125.0,472127.0,473257.0,474352.0,475228.0,476032.0,476963.0,477854.0,478773.0,479733.0,480485.0,481221.0,481810.0,482418.0,483042.0,483761.0,484417.0,485131.0,485941.0,486668.0,487262.0,488041.0,488753.0,489348.0,,,,,,,,,496350.0,496905.0,497495.0,498224.0,498833.0,499680.0,500352.0,500987.0,501757.0,502738.0,503618.0,504562.0,505537.0,506269.0,507134.0,507832.0,508663.0,509566.0,510717.0,511483.0,512458.0,513393.0,514389.0,515450.0,516340.0,517161.0,518020.0,518874.0,519601.0,520290.0,521063.0,521872.0,522816.0,523668.0,524489.0,525285.0,526011.0,526833.0,527597.0,528387.0,529306.0,530342.0,531278.0,532060.0,532831.0,533689.0,534674.0,535455.0,536593.0,537191.0,537860.0,538694.0,539531.0,540359.0,541027.0,541911.0,542563.0,543170.0,543831.0,544499.0,545256.0,545706.0,546333.0,546859.0,547353.0,548025.0,548778.0,549486.0,549988.0,550572.0,551202.0,551742
C3FCI9GbeCo,389971.0,391018.0,392006.0,392759.0,393689.0,394597.0,395565.0,396609.0,398061.0,399401.0,400585.0,401753.0,403314.0,404743.0,406036.0,407406.0,408869.0,410053.0,411314.0,412746.0,414284.0,415946.0,417524.0,418366.0,419310.0,420131.0,421131.0,422139.0,422955.0,424241.0,425424.0,426194.0,427414.0,428262.0,429153.0,430168.0,431244.0,432105.0,432849.0,433704.0,434443.0,435364.0,436116.0,436892.0,437710.0,438383.0,439134.0,439888.0,440596.0,441217.0,441876.0,442478.0,443018.0,443581.0,444217.0,444867.0,445411.0,446002.0,446543.0,446958.0,447583.0,448047.0,448658.0,449159.0,449741.0,450297.0,450710.0,451313.0,451726.0,452410.0,452905.0,453432.0,453901.0,454358.0,455017.0,455670.0,456327.0,456893.0,457530.0,457990.0,458517.0,459079.0,459710.0,460302.0,460902.0,461650.0,462334.0,462935.0,463742.0,464487.0,465149.0,465939.0,466618.0,467230.0,467705.0,468503.0,469469.0,470244.0,471051.0,472118.0,472720.0,473397.0,474134.0,474960.0,475702.0,476466.0,477245.0,477943.0,478638.0,479479.0,480302.0,481200.0,482187.0,483055.0,483786.0,484495.0,485224.0,486150.0,487146.0,487971.0,488521.0,489111.0,489651.0,490283.0,490856.0,491350.0,491865.0,492551.0,493244.0,493913.0,494665.0,495284.0,496012.0,496722.0,,,,,,,,,503114.0,503684.0,504246.0,504882.0,505467.0,506003.0,506646.0,507170.0,507751.0,508353.0,509020.0,509592.0,510293.0,510981.0,511605.0,512152.0,512976.0,513699.0,514582.0,515333.0,516066.0,516848.0,517594.0,518275.0,518924.0,519714.0,520357.0,520996.0,521584.0,522113.0,522690.0,523381.0,524053.0,524775.0,525411.0,525871.0,526364.0,527055.0,527694.0,528466.0,529146.0,530028.0,530585.0,531242.0,532029.0,532747.0,533364.0,533991.0,534636.0,535190.0,535643.0,536353.0,536903.0,537446.0,537972.0,538544.0,539041.0,539458.0,539955.0,540510.0,541073.0,541479.0,541875.0,542361.0,542788.0,543223.0,543668.0,544173.0,544505.0,545022.0,545391.0,545808
IMeBUARmGqk,116854.0,116922.0,116992.0,117052.0,117113.0,117190.0,117252.0,117311.0,117389.0,117475.0,117544.0,117599.0,117657.0,117725.0,117797.0,117874.0,117942.0,118026.0,118092.0,118145.0,118209.0,118286.0,118344.0,118431.0,118509.0,118562.0,118606.0,118661.0,118704.0,118795.0,118857.0,118912.0,118972.0,119022.0,119078.0,119132.0,119181.0,119236.0,119288.0,119345.0,119392.0,119434.0,119485.0,119546.0,119580.0,119614.0,119660.0,119711.0,119768.0,119816.0,119865.0,119918.0,119945.0,119980.0,120037.0,120102.0,120143.0,120199.0,120237.0,120271.0,120322.0,120363.0,120411.0,120467.0,120513.0,120562.0,120605.0,120641.0,120665.0,120717.0,120762.0,120814.0,120876.0,120947.0,121021.0,121089.0,121156.0,121225.0,121268.0,121327.0,121425.0,121486.0,121547.0,121593.0,121664.0,121726.0,121781.0,121838.0,121876.0,121915.0,121962.0,122015.0,122077.0,122133.0,122193.0,122251.0,122307.0,122356.0,122402.0,122448.0,122487.0,122541.0,122582.0,122637.0,122673.0,122717.0,122775.0,122818.0,122881.0,122939.0,122992.0,123048.0,123081.0,123126.0,123187.0,123264.0,123328.0,123392.0,123460.0,123503.0,123568.0,123604.0,123652.0,123699.0,123728.0,123770.0,123830.0,123892.0,123963.0,124050.0,124095.0,124148.0,124204.0,124242.0,,,,,,,,,124908.0,124995.0,125093.0,125150.0,125211.0,125279.0,125344.0,125401.0,125465.0,125518.0,125551.0,125610.0,125661.0,125695.0,125752.0,125804.0,125853.0,125936.0,125979.0,126029.0,126064.0,126122.0,126177.0,126232.0,126303.0,126359.0,126422.0,126468.0,126511.0,126562.0,126611.0,126657.0,126699.0,126748.0,126814.0,126864.0,126926.0,126969.0,127025.0,127086.0,127149.0,127211.0,127268.0,127335.0,127400.0,127456.0,127506.0,127566.0,127631.0,127689.0,127755.0,127803.0,127849.0,127886.0,127927.0,127983.0,128031.0,128082.0,128134.0,128179.0,128217.0,128269.0,128306.0,128353.0,128405.0,128440.0,128482.0,128512.0,128592.0,128645.0,128702.0,128758
RtHguD_tGKk,400472.0,400780.0,401123.0,401488.0,401870.0,402250.0,402583.0,402965.0,403265.0,403614.0,403974.0,404293.0,404633.0,404956.0,405248.0,405563.0,405882.0,406160.0,406415.0,406638.0,406970.0,407334.0,407618.0,407864.0,408165.0,408421.0,408738.0,409010.0,409368.0,409657.0,409947.0,410195.0,410431.0,410700.0,410965.0,411263.0,411543.0,411857.0,412130.0,412437.0,412682.0,412951.0,413247.0,413539.0,413799.0,414058.0,414330.0,414595.0,414849.0,415111.0,415352.0,415600.0,415875.0,416146.0,416411.0,416629.0,416847.0,417089.0,417337.0,417638.0,417885.0,418141.0,418409.0,418647.0,418894.0,419153.0,419399.0,419705.0,419892.0,420188.0,420496.0,420779.0,421063.0,421274.0,421573.0,421834.0,422093.0,422330.0,422592.0,422839.0,423082.0,423373.0,423611.0,423835.0,424098.0,424289.0,424493.0,424757.0,424983.0,425241.0,425456.0,425709.0,425997.0,426241.0,426510.0,426777.0,427104.0,427364.0,427646.0,427896.0,428149.0,428363.0,428543.0,428764.0,428968.0,429209.0,429453.0,429714.0,429899.0,430200.0,430413.0,430681.0,430919.0,431139.0,431341.0,431553.0,431711.0,431889.0,432119.0,432322.0,432577.0,432785.0,432988.0,433181.0,433370.0,433602.0,433819.0,434018.0,434218.0,434473.0,434644.0,434873.0,435084.0,435341.0,,,,,,,,,437715.0,437933.0,438149.0,438390.0,438611.0,438854.0,439024.0,439243.0,439434.0,439650.0,439865.0,440036.0,440260.0,440497.0,440721.0,440870.0,441067.0,441268.0,441496.0,441693.0,441956.0,442206.0,442412.0,442693.0,442923.0,443122.0,443321.0,443574.0,443779.0,443980.0,444174.0,444318.0,444575.0,444755.0,444992.0,445159.0,445401.0,445557.0,445690.0,445900.0,446071.0,446250.0,446402.0,446563.0,446739.0,446942.0,447188.0,447354.0,447541.0,447682.0,447891.0,448046.0,448227.0,448452.0,448644.0,448857.0,448947.0,449091.0,449260.0,449438.0,449594.0,449756.0,449956.0,450118.0,450282.0,450465.0,450627.0,450797.0,450933.0,451089.0,451278.0,451461
af9wACzsXk4,77934.0,77996.0,78061.0,78120.0,78172.0,78237.0,78287.0,78329.0,78383.0,78453.0,78528.0,78572.0,78613.0,78654.0,78719.0,78754.0,78798.0,78832.0,78881.0,78924.0,78970.0,79026.0,79080.0,79124.0,79163.0,79197.0,79226.0,79267.0,79307.0,79353.0,79399.0,79433.0,79468.0,79488.0,79526.0,79563.0,79626.0,79687.0,79730.0,79774.0,79834.0,79888.0,79943.0,79997.0,80038.0,80077.0,80115.0,80156.0,80212.0,80249.0,80280.0,80318.0,80357.0,80406.0,80451.0,80489.0,80532.0,80583.0,80628.0,80660.0,80701.0,80755.0,80793.0,80831.0,80868.0,80915.0,80950.0,80982.0,81008.0,81051.0,81110.0,81168.0,81201.0,81240.0,81288.0,81332.0,81380.0,81418.0,81474.0,81510.0,81553.0,81602.0,81643.0,81689.0,81717.0,81755.0,81792.0,81835.0,81865.0,81912.0,81967.0,82015.0,82065.0,82116.0,82155.0,82210.0,82252.0,82300.0,82355.0,82418.0,82491.0,82536.0,82597.0,82644.0,82692.0,82740.0,82790.0,82831.0,82899.0,82946.0,83001.0,83059.0,83127.0,83175.0,83223.0,83274.0,83313.0,83369.0,83419.0,83465.0,83505.0,83552.0,83593.0,83616.0,83647.0,83693.0,83744.0,83776.0,83815.0,83854.0,83896.0,83938.0,83975.0,84030.0,,,,,,,,,84411.0,84447.0,84482.0,84525.0,84547.0,84585.0,84620.0,84651.0,84676.0,84706.0,84729.0,84742.0,84768.0,84794.0,84833.0,84858.0,84884.0,84915.0,84941.0,84978.0,85002.0,85031.0,85080.0,85120.0,85159.0,85181.0,85208.0,85252.0,85303.0,85333.0,85368.0,85412.0,85456.0,85483.0,85512.0,85530.0,85557.0,85584.0,85612.0,85636.0,85673.0,85702.0,85750.0,85779.0,85800.0,85830.0,85861.0,85894.0,85916.0,85935.0,85963.0,85986.0,86012.0,86029.0,86057.0,86089.0,86107.0,86128.0,86165.0,86205.0,86233.0,86251.0,86279.0,86294.0,86314.0,86342.0,86371.0,86395.0,86417.0,86448.0,86472.0,86503
b4g_Ows9PhA,473419.0,473840.0,474346.0,474829.0,475284.0,475787.0,476254.0,476694.0,477122.0,477544.0,477943.0,478374.0,478755.0,479094.0,479496.0,479880.0,480220.0,480560.0,480887.0,481203.0,481554.0,481932.0,482281.0,482636.0,482977.0,483335.0,483763.0,484151.0,484582.0,484945.0,485332.0,485646.0,485993.0,486307.0,486610.0,486910.0,487228.0,487633.0,487928.0,488249.0,488497.0,488804.0,489184.0,489532.0,489797.0,490100.0,490416.0,490716.0,491061.0,491372.0,491669.0,491938.0,492170.0,492499.0,492783.0,493084.0,493372.0,493750.0,493970.0,494259.0,494544.0,494856.0,495154.0,495424.0,495702.0,496013.0,496310.0,496675.0,496915.0,497358.0,497654.0,497996.0,498289.0,498567.0,498862.0,499185.0,499478.0,499712.0,500038.0,500247.0,500569.0,500832.0,501106.0,501376.0,501749.0,502088.0,502437.0,502716.0,502967.0,503357.0,503565.0,503943.0,504322.0,504660.0,504932.0,505289.0,505618.0,505908.0,506234.0,506606.0,506965.0,507209.0,507524.0,507859.0,508277.0,508569.0,508865.0,509196.0,509616.0,510007.0,510391.0,510828.0,511255.0,511639.0,511920.0,512168.0,512541.0,512801.0,513083.0,513475.0,513780.0,514116.0,514441.0,514675.0,515022.0,515360.0,515692.0,515987.0,516254.0,516630.0,516918.0,517193.0,517532.0,517840.0,,,,,,,,,520480.0,520793.0,521066.0,521344.0,521589.0,521888.0,522071.0,522316.0,522529.0,522815.0,523068.0,523285.0,523593.0,523856.0,524112.0,524333.0,524542.0,524817.0,525075.0,525330.0,525607.0,525882.0,526193.0,526514.0,526801.0,527160.0,527440.0,527836.0,528169.0,528429.0,528731.0,529033.0,529314.0,529579.0,529888.0,530129.0,530438.0,530698.0,530982.0,531226.0,531484.0,531758.0,532052.0,532325.0,532564.0,532787.0,533098.0,533373.0,533654.0,533894.0,534110.0,534336.0,534547.0,534771.0,534999.0,535249.0,535466.0,535694.0,535939.0,536167.0,536375.0,536586.0,536765.0,537018.0,537207.0,537387.0,537619.0,537850.0,538050.0,538268.0,538478.0,538700
b8ezAbI4H-M,1810788.0,1812550.0,1814846.0,1816880.0,1818612.0,1820508.0,1822502.0,1824342.0,1826295.0,1828406.0,1830443.0,1832251.0,1834373.0,1836420.0,1838312.0,1840204.0,1841976.0,1843657.0,1845249.0,1846749.0,1848505.0,1850240.0,1851999.0,1853648.0,1855103.0,1856519.0,1857884.0,1859226.0,1860748.0,1862455.0,1864348.0,1865898.0,1867148.0,1868544.0,1869856.0,1871177.0,1872791.0,1874394.0,1875880.0,1877187.0,1878468.0,1879761.0,1881085.0,1882321.0,1883632.0,1884887.0,1885995.0,1887327.0,1888579.0,1889773.0,1891024.0,1892265.0,1893470.0,1894789.0,1896085.0,1897327.0,1898476.0,1899564.0,1900649.0,1901925.0,1903201.0,1904413.0,1905527.0,1906551.0,1907554.0,1908725.0,1909750.0,1910709.0,1911445.0,1912494.0,1913409.0,1914375.0,1915389.0,1916264.0,1917187.0,1918232.0,1919203.0,1920333.0,1921398.0,1922295.0,1923075.0,1923774.0,1924733.0,1925514.0,1926259.0,1927116.0,1927984.0,1928622.0,1929335.0,1930041.0,1930798.0,1931352.0,1932252.0,1933088.0,1933861.0,1934505.0,1935353.0,1936046.0,1936778.0,1937590.0,1938386.0,1939080.0,1939783.0,1940498.0,1941312.0,1942145.0,1943009.0,1943863.0,1944677.0,1945478.0,1946205.0,1946786.0,1947413.0,1948102.0,1948837.0,1949516.0,1950168.0,1950853.0,1951601.0,1952224.0,1952885.0,1953570.0,1954241.0,1954966.0,1955599.0,1956260.0,1956844.0,1957371.0,1958023.0,1958646.0,1959260.0,1959847.0,1960541.0,1961157.0,,,,,,,,,1967444.0,1967992.0,1968587.0,1969132.0,1969610.0,1970138.0,1970572.0,1971107.0,1971588.0,1972009.0,1972477.0,1972942.0,1973472.0,1974038.0,1974584.0,1975063.0,1975507.0,1975886.0,1976371.0,1976834.0,1977372.0,1978071.0,1978587.0,1978988.0,1979465.0,1979893.0,1980350.0,1980924.0,1981416.0,1981924.0,1982421.0,1982804.0,1983241.0,1983652.0,1984146.0,1984635.0,1984983.0,1985375.0,1985788.0,1986180.0,1986638.0,1987035.0,1987434.0,1987839.0,1988247.0,1988671.0,1989095.0,1989588.0,1989979.0,1990356.0,1990848.0,1991258.0,1991686.0,1992134.0,1992530.0,1992979.0,1993384.0,1993796.0,1994182.0,1994553.0,1994892.0,1995178.0,1995548.0,1995833.0,1996107.0,1996532.0,1996885.0,1997244.0,1997681.0,1998103.0,1998483.0,1998833
flxnMzwJfp8,109376.0,109442.0,109598.0,109676.0,109749.0,109809.0,109889.0,109949.0,110012.0,110080.0,110165.0,110251.0,110332.0,110397.0,110450.0,110503.0,110574.0,110641.0,110711.0,110769.0,110877.0,110998.0,111081.0,111157.0,111231.0,111309.0,111366.0,111427.0,111502.0,111556.0,111604.0,111659.0,111732.0,111839.0,111891.0,111966.0,112060.0,112138.0,112189.0,112248.0,112301.0,112393.0,112457.0,112513.0,112580.0,112637.0,112688.0,112735.0,112780.0,112838.0,112886.0,112948.0,113003.0,113057.0,113127.0,113167.0,113209.0,113257.0,113311.0,113354.0,113410.0,113460.0,113507.0,113561.0,113619.0,113681.0,113729.0,113774.0,113823.0,113886.0,113930.0,113983.0,114046.0,114099.0,114163.0,114213.0,114275.0,114318.0,114370.0,114405.0,114468.0,114536.0,114605.0,114668.0,114721.0,114783.0,114831.0,114876.0,114928.0,114994.0,115040.0,115104.0,115176.0,115241.0,115296.0,115339.0,115395.0,115436.0,115481.0,115533.0,115604.0,115639.0,115676.0,115725.0,115769.0,115817.0,115886.0,115935.0,115970.0,116018.0,116051.0,116094.0,116144.0,116183.0,116234.0,116267.0,116309.0,116366.0,116441.0,116496.0,116565.0,116625.0,116679.0,116729.0,116777.0,116826.0,116878.0,116923.0,116969.0,117028.0,117078.0,117108.0,117167.0,117225.0,,,,,,,,,117646.0,117688.0,117719.0,117760.0,117793.0,117823.0,117845.0,117882.0,117922.0,117951.0,117970.0,117998.0,118029.0,118082.0,118114.0,118141.0,118167.0,118206.0,118245.0,118279.0,118323.0,118369.0,118414.0,118465.0,118528.0,118584.0,118644.0,118692.0,118744.0,118794.0,118834.0,118887.0,118941.0,118989.0,119034.0,119084.0,119134.0,119186.0,119233.0,119265.0,119320.0,119355.0,119381.0,119422.0,119457.0,119503.0,119531.0,119584.0,119610.0,119640.0,119662.0,119704.0,119727.0,119759.0,119795.0,119829.0,119852.0,119873.0,119905.0,119918.0,119934.0,119959.0,119994.0,120031.0,120064.0,120094.0,120122.0,120156.0,120193.0,120235.0,120261.0,120288
0HHyWLoHLkQ,28000.0,28003.0,28008.0,28018.0,28030.0,28040.0,28054.0,28067.0,28080.0,28088.0,28102.0,28114.0,28127.0,28132.0,28139.0,28150.0,28159.0,28171.0,28176.0,28185.0,28193.0,28209.0,28225.0,28233.0,28241.0,28246.0,28260.0,28263.0,28280.0,28287.0,28294.0,28307.0,28317.0,28327.0,28337.0,28354.0,28369.0,28387.0,28398.0,28411.0,28428.0,28438.0,28448.0,28460.0,28469.0,28479.0,28497.0,28504.0,28512.0,28532.0,28548.0,28562.0,28574.0,28585.0,28603.0,28615.0,28629.0,28642.0,28649.0,28670.0,28681.0,28706.0,28722.0,28742.0,28759.0,28775.0,28783.0,28792.0,28803.0,28825.0,28839.0,28854.0,28869.0,28887.0,28902.0,28918.0,28935.0,28955.0,28964.0,28973.0,28982.0,29006.0,29018.0,29038.0,29050.0,29065.0,29077.0,29094.0,29106.0,29122.0,29136.0,29155.0,29163.0,29176.0,29184.0,29197.0,29214.0,29225.0,29242.0,29260.0,29271.0,29281.0,29289.0,29298.0,29311.0,29319.0,29328.0,29343.0,29366.0,29373.0,29385.0,29398.0,29418.0,29430.0,29438.0,29458.0,29475.0,29487.0,29494.0,29506.0,29515.0,29526.0,29539.0,29547.0,29551.0,29571.0,29589.0,29605.0,29618.0,29633.0,29637.0,29647.0,29656.0,29660.0,,,,,,,,,29727.0,29739.0,29753.0,29760.0,29775.0,29792.0,29815.0,29826.0,29835.0,29844.0,29858.0,29873.0,29881.0,29892.0,29908.0,29918.0,29925.0,29938.0,29950.0,29960.0,29974.0,29982.0,29994.0,30011.0,30018.0,30025.0,30032.0,30039.0,30048.0,30054.0,30066.0,30077.0,30084.0,30093.0,30102.0,30113.0,30122.0,30140.0,30146.0,30155.0,30169.0,30178.0,30183.0,30196.0,30207.0,30219.0,30231.0,30248.0,30252.0,30262.0,30268.0,30279.0,30290.0,30306.0,30316.0,30330.0,30343.0,30351.0,30361.0,30370.0,30390.0,30398.0,30402.0,30411.0,30418.0,30432.0,30449.0,30457.0,30465.0,30475.0,30496.0,30507
Vp6Br6EgU80,13809.0,13813.0,13815.0,13819.0,13822.0,13828.0,13831.0,13835.0,13841.0,13847.0,13854.0,13860.0,13864.0,13865.0,13870.0,13872.0,13880.0,13883.0,13886.0,13893.0,13895.0,13898.0,13902.0,13905.0,13911.0,13914.0,13915.0,13917.0,13918.0,13921.0,13925.0,13927.0,13929.0,13932.0,13934.0,13940.0,13942.0,13946.0,13950.0,13958.0,13961.0,13964.0,13967.0,13972.0,13974.0,13978.0,13984.0,13992.0,13997.0,14000.0,14007.0,14008.0,14012.0,14018.0,14023.0,14029.0,14032.0,14045.0,14047.0,14053.0,14060.0,14066.0,14071.0,14081.0,14091.0,14096.0,14099.0,14106.0,14111.0,14122.0,14129.0,14143.0,14150.0,14161.0,14171.0,14185.0,14197.0,14206.0,14215.0,14222.0,14223.0,14230.0,14237.0,14249.0,14252.0,14260.0,14264.0,14268.0,14272.0,14277.0,14280.0,14282.0,14284.0,14287.0,14291.0,14293.0,14297.0,14303.0,14306.0,14314.0,14318.0,14327.0,14331.0,14334.0,14339.0,14339.0,14342.0,14344.0,14349.0,14359.0,14361.0,14366.0,14371.0,14374.0,14376.0,14379.0,14384.0,14386.0,14390.0,14393.0,14396.0,14397.0,14400.0,14404.0,14407.0,14409.0,14419.0,14424.0,14431.0,14433.0,14434.0,14436.0,14437.0,14441.0,,,,,,,,,14464.0,14470.0,14475.0,14477.0,14479.0,14487.0,14494.0,14500.0,14509.0,14510.0,14513.0,14514.0,14515.0,14519.0,14522.0,14524.0,14527.0,14537.0,14540.0,14545.0,14546.0,14551.0,14556.0,14564.0,14566.0,14568.0,14573.0,14577.0,14580.0,14584.0,14587.0,14587.0,14589.0,14596.0,14599.0,14600.0,14601.0,14602.0,14607.0,14611.0,14619.0,14623.0,14625.0,14627.0,14627.0,14637.0,14641.0,14646.0,14647.0,14651.0,14655.0,14656.0,14662.0,14666.0,14667.0,14670.0,14671.0,14676.0,14683.0,14690.0,14693.0,14693.0,14696.0,14704.0,14704.0,14709.0,14714.0,14722.0,14728.0,14737.0,14746.0,14750
u-SKVefEXWI,14998.0,15000.0,15004.0,15010.0,15014.0,15022.0,15029.0,15031.0,15039.0,15044.0,15048.0,15058.0,15071.0,15075.0,15079.0,15092.0,15103.0,15105.0,15106.0,15112.0,15113.0,15121.0,15126.0,15130.0,15139.0,15142.0,15144.0,15149.0,15155.0,15162.0,15167.0,15174.0,15180.0,15185.0,15192.0,15202.0,15207.0,15219.0,15223.0,15229.0,15240.0,15241.0,15251.0,15256.0,15261.0,15268.0,15279.0,15286.0,15292.0,15301.0,15312.0,15317.0,15321.0,15333.0,15344.0,15354.0,15359.0,15366.0,15372.0,15381.0,15392.0,15397.0,15406.0,15415.0,15428.0,15438.0,15444.0,15451.0,15461.0,15474.0,15483.0,15494.0,15504.0,15521.0,15533.0,15544.0,15557.0,15565.0,15572.0,15579.0,15585.0,15594.0,15598.0,15607.0,15614.0,15619.0,15624.0,15629.0,15637.0,15645.0,15648.0,15655.0,15657.0,15660.0,15667.0,15671.0,15679.0,15684.0,15691.0,15696.0,15700.0,15705.0,15706.0,15708.0,15712.0,15716.0,15721.0,15722.0,15727.0,15732.0,15738.0,15747.0,15748.0,15750.0,15754.0,15763.0,15768.0,15769.0,15776.0,15781.0,15784.0,15786.0,15793.0,15799.0,15812.0,15820.0,15825.0,15834.0,15847.0,15856.0,15861.0,15869.0,15872.0,15878.0,,,,,,,,,15936.0,15937.0,15943.0,15947.0,15952.0,15962.0,15970.0,15976.0,15985.0,15989.0,15992.0,15996.0,16008.0,16015.0,16020.0,16027.0,16031.0,16034.0,16041.0,16046.0,16049.0,16052.0,16053.0,16057.0,16057.0,16065.0,16072.0,16078.0,16080.0,16081.0,16084.0,16086.0,16092.0,16101.0,16103.0,16104.0,16107.0,16113.0,16115.0,16118.0,16125.0,16126.0,16128.0,16134.0,16138.0,16140.0,16143.0,16145.0,16151.0,16156.0,16160.0,16161.0,16167.0,16172.0,16175.0,16181.0,16185.0,16189.0,16192.0,16196.0,16196.0,16202.0,16205.0,16206.0,16209.0,16212.0,16221.0,16225.0,16229.0,16230.0,16232.0,16237
