Video link,250605,250606,250607,250608,250609,250610,250611,250612,250613,250614,250615,250616,250617,250618,250619,250620,250621,250622,250623,250624,250625,250626,250627,250628,250629,250630,250701,250702,250703,250704,250705,250706,250707,250708,250709,250710,250711,250712,250713,250714,250715,250716,250717,250718,250719,250720,250721,250722,250723,250724,250725,250726,250727,250728,250729,250730,250731,250801,250802,250803,250804,250805,250806,250807,250808,250809,250810,250811,250812,250813,250814,250815,250816,250817,250818,250819,250820,250821,250822,250823,250824,250825,250826,250827,250828,250829,250830,250831,250901,250902,250903,250904,250905,250906,250907,250908,250909,250910,250911,250912,250913,250914,250915,250916,250917,250918,250919,250920,250921,250922,250923,250924,250925,250926,250927,250928,250929,250930,251001,251002,251003,251004,251005,251006,251007,251008,251009,251010,251011,251012,251013,251014,251015,251016,251017,251018,251019,251020,251021,251022,251023,251024,251025,251026,251027,251028,251029,251030,251031,251101,251102,251103,251104,251105,251106,251107,251108,251109,251110,251111,251112,251113,251114,251115,251116,251117,251118,251119,251120,251121,251122,251123,251124,251125,251126,251127,251128,251129,251130,251201,251202,251203,251204,251205,251206,251207,251208,251209,251210,251211,251212,251213,251214,251215,251216,251217,251218,251219,251220,251221,251222,251223,251224,251225,251226,251227,251228,251229,251230,251231,260101,260102,260103,260104,260105,260106,260107,260108,260109,260110,260111,260112,260113,260114,260115,260116,260117,260118,260119,260120,260121,260122,260123,260124,260125,260126,260127,260128,260129,260130,260131,260201,260202,260203,260204,260205,260206,260207,260208,260209,260210,260211,260212,260213,260214,260215,260216,260217,260218,260219,260220,260221,260222,260223,260224,260225,260226,260227,260228,260301,260302,260303,260304,260305,260306,260307,260308,260309,260310,260311,260312,260313,260314,260315,260316,260317,260318,260319,260320,260321,260322,260323,260324,260325,260326,260327,260328,260329,260330,260331,260401,260402,260403,260404,260405,260406,260407,260408,260409,260410,260411,260412,260413,260414,260415,260416,260417,260418,260419,260420,260421,260422,260423,260424,260425,260426,260427,260428,260429,260430,260501,260502,260503,260504,260505,260506,260507,260508,260509,260510,260511,260512,260513,260514,260515,260516,260517,260518,260519,260520,260521,260522,260523,260524,260525,260526,260527,260528,260529,260530,260531,260601,260602,260603,260604,260605,260606,260607,260608,260609,260610,260611,260612,260613,260614,260615,260616,260617
G1-hEWKvfwk,309.0,309.0,309.0,309.0,309.0,309.0,309.0,309.0,309.0,309.0,309.0,309.0,309.0,309.0,310.0,310.0,310.0,310.0,310.0,310.0,310.0,310.0,310.0,310.0,310.0,310.0,310.0,310.0,310.0,310.0,310.0,310.0,310.0,310.0,310.0,310.0,310.0,310.0,310.0,310.0,310.0,310.0,310.0,310.0,310.0,310.0,310.0,310.0,310.0,310.0,310.0,310.0,310.0,310.0,310.0,310.0,310.0,310.0,310.0,310.0,310.0,310.0,310.0,310.0,310.0,310.0,310.0,310.0,310.0,310.0,310.0,310.0,310.0,310.0,310.0,310.0,310.0,310.0,310.0,310.0,310.0,310.0,310.0,310.0,310.0,310.0,310.0,310.0,310.0,310.0,310.0,310.0,310.0,310.0,310.0,310.0,310.0,310.0,310.0,310.0,310.0,310.0,310.0,310.0,311.0,311.0,311.0,311.0,311.0,311.0,311.0,311.0,311.0,311.0,311.0,311.0,311.0,311.0,311.0,311.0,311.0,312.0,312.0,312.0,312.0,312.0,312.0,312.0,312.0,312.0,312.0,312.0,312.0,312.0,,,,,,,,,312.0,312.0,312.0,312.0,312.0,312.0,312.0,312.0,312.0,312.0,312.0,312.0,312.0,312.0,312.0,312.0,312.0,312.0,312.0,312.0,314.0,314.0,315.0,315.0,315.0,315.0,315.0,315.0,315.0,315.0,315.0,315.0,315.0,315.0,315.0,315.0,315.0,315.0,315.0,315.0,315.0,315.0,315.0,315.0,315.0,315.0,315.0,315.0,315.0,315.0,315.0,315.0,315.0,315.0,315.0,315.0,315.0,315.0,315.0,315.0,315.0,315.0,315.0,315.0,315.0,315.0,315.0,316.0,316.0,316.0,316.0,316.0,316.0,316.0,316.0,316.0,316.0,316.0,316.0,316.0,316.0,316.0,316.0,316.0,316.0,316.0,316.0,316.0,316.0,316.0,316.0,316.0,316.0,316.0,316.0,316.0,316.0,316.0,316.0,316.0,316.0,316.0,316.0,316.0,316.0,316.0,316.0,316.0,316.0,316.0,316.0,316.0,316.0,316.0,316.0,316.0,316.0,316.0,316.0,317.0,317.0,,318.0,318.0,318.0,318.0,318.0,318.0,318.0,318.0,318.0,318.0,318.0,318.0,318.0,318.0,318.0,318.0,318.0,318.0,318.0,318.0,318.0,318.0,318.0,318.0,318.0,318.0,318.0,318.0,318.0,318.0,318.0,318.0,318.0,318.0,318.0,318.0,318.0,318.0,318.0,318.0,318.0,318.0,318.0,318.0,318.0,318.0,318.0,318.0,318.0,318.0,318.0,318.0,318.0,318.0,318.0,318.0,318.0,318.0,318.0,318.0,318.0,318.0,318.0,318.0,318.0,318.0,318.0,318.0,318.0,318.0,318.0,318.0,318.0,318.0,318.0,318.0,318.0,318.0,318.0,318.0,318.0,318.0,318.0,318.0,318.0,318.0,318.0,318.0,318.0,318.0,318.0,318.0,318.0,318.0,318.0,318.0,318.0,318.0,318.0,319.0,319.0,319.0,319.0,319.0,319.0,319.0,319.0,319.0,319.0,319.0,319.0,319.0,319.0,319
viRImKTOuEU,85.0,85.0,85.0,85.0,85.0,85.0,85.0,85.0,85.0,85.0,85.0,85.0,85.0,85.0,85.0,85.0,85.0,85.0,85.0,86.0,86.0,86.0,86.0,86.0,86.0,86.0,86.0,86.0,86.0,86.0,86.0,86.0,86.0,86.0,86.0,86.0,86.0,86.0,86.0,86.0,86.0,86.0,86.0,86.0,86.0,86.0,86.0,86.0,86.0,86.0,86.0,86.0,86.0,86.0,86.0,86.0,86.0,86.0,86.0,86.0,86.0,86.0,86.0,86.0,86.0,86.0,86.0,86.0,86.0,86.0,86.0,86.0,86.0,86.0,86.0,86.0,86.0,86.0,86.0,87.0,87.0,87.0,87.0,87.0,88.0,88.0,88.0,88.0,88.0,88.0,88.0,88.0,88.0,88.0,88.0,88.0,88.0,88.0,88.0,88.0,88.0,88.0,88.0,88.0,88.0,88.0,88.0,88.0,88.0,88.0,88.0,88.0,88.0,88.0,88.0,88.0,88.0,88.0,88.0,88.0,89.0,89.0,89.0,89.0,89.0,89.0,89.0,89.0,89.0,89.0,89.0,89.0,89.0,89.0,,,,,,,,,89.0,89.0,89.0,89.0,89.0,89.0,89.0,89.0,89.0,89.0,89.0,89.0,89.0,89.0,89.0,89.0,89.0,89.0,89.0,89.0,91.0,91.0,91.0,91.0,91.0,91.0,91.0,91.0,91.0,91.0,92.0,92.0,92.0,92.0,92.0,92.0,92.0,92.0,92.0,93.0,93.0,93.0,93.0,93.0,93.0,94.0,94.0,94.0,94.0,94.0,94.0,94.0,94.0,94.0,94.0,94.0,94.0,94.0,94.0,94.0,94.0,94.0,94.0,94.0,94.0,94.0,94.0,94.0,94.0,94.0,94.0,94.0,94.0,94.0,94.0,94.0,94.0,94.0,94.0,94.0,94.0,94.0,94.0,94.0,94.0,94.0,94.0,94.0,94.0,97.0,97.0,97.0,97.0,97.0,97.0,97.0,97.0,97.0,97.0,97.0,97.0,97.0,97.0,97.0,98.0,98.0,98.0,98.0,98.0,98.0,98.0,98.0,98.0,98.0,98.0,99.0,100.0,100.0,100.0,100.0,100.0,,100.0,100.0,100.0,100.0,100.0,100.0,100.0,100.0,100.0,100.0,100.0,100.0,100.0,100.0,100.0,100.0,100.0,100.0,100.0,100.0,100.0,100.0,100.0,100.0,100.0,100.0,100.0,100.0,100.0,100.0,100.0,100.0,100.0,100.0,100.0,100.0,100.0,100.0,100.0,100.0,100.0,100.0,100.0,100.0,100.0,100.0,100.0,100.0,100.0,100.0,100.0,100.0,100.0,100.0,101.0,101.0,101.0,101.0,101.0,101.0,101.0,101.0,101.0,101.0,101.0,101.0,101.0,101.0,101.0,101.0,101.0,101.0,101.0,101.0,101.0,101.0,101.0,101.0,101.0,101.0,101.0,101.0,101.0,101.0,101.0,101.0,101.0,101.0,101.0,101.0,101.0,101.0,101.0,101.0,101.0,101.0,101.0,101.0,101.0,102.0,102.0,102.0,102.0,102.0,102.0,102.0,102.0,102.0,102.0,102.0,102.0,102.0,102.0,102
68OVEcyaKgc,909.0,909.0,909.0,910.0,910.0,911.0,912.0,912.0,912.0,912.0,912.0,912.0,912.0,912.0,912.0,912.0,912.0,912.0,912.0,912.0,912.0,912.0,912.0,912.0,913.0,913.0,913.0,913.0,913.0,913.0,913.0,913.0,913.0,913.0,913.0,913.0,913.0,913.0,914.0,914.0,914.0,914.0,914.0,914.0,915.0,915.0,915.0,916.0,916.0,916.0,916.0,916.0,916.0,916.0,916.0,916.0,917.0,917.0,917.0,917.0,917.0,918.0,918.0,918.0,918.0,918.0,918.0,918.0,918.0,918.0,919.0,919.0,919.0,919.0,919.0,919.0,919.0,919.0,919.0,919.0,920.0,920.0,920.0,920.0,920.0,920.0,920.0,920.0,920.0,921.0,921.0,921.0,922.0,923.0,923.0,925.0,925.0,925.0,925.0,925.0,925.0,925.0,925.0,925.0,925.0,925.0,925.0,925.0,925.0,925.0,925.0,925.0,925.0,925.0,925.0,925.0,925.0,926.0,927.0,927.0,927.0,927.0,927.0,927.0,927.0,927.0,928.0,928.0,928.0,928.0,928.0,928.0,928.0,928.0,,,,,,,,,929.0,929.0,929.0,929.0,929.0,929.0,929.0,929.0,929.0,929.0,929.0,929.0,929.0,929.0,929.0,929.0,929.0,929.0,929.0,929.0,929.0,929.0,929.0,929.0,929.0,929.0,930.0,930.0,930.0,930.0,930.0,930.0,930.0,930.0,931.0,931.0,931.0,931.0,931.0,931.0,931.0,931.0,931.0,931.0,931.0,931.0,931.0,931.0,931.0,931.0,931.0,931.0,931.0,931.0,931.0,931.0,931.0,931.0,931.0,931.0,931.0,931.0,931.0,931.0,931.0,931.0,931.0,931.0,931.0,931.0,931.0,931.0,931.0,931.0,931.0,931.0,931.0,931.0,931.0,931.0,931.0,931.0,931.0,931.0,931.0,931.0,931.0,935.0,935.0,935.0,935.0,935.0,935.0,935.0,935.0,935.0,935.0,935.0,935.0,935.0,935.0,935.0,935.0,936.0,936.0,936.0,936.0,936.0,937.0,937.0,938.0,938.0,938.0,938.0,938.0,938.0,938.0,939.0,940.0,940.0,940.0,,941.0,942.0,942.0,942.0,942.0,942.0,942.0,942.0,942.0,942.0,942.0,942.0,942.0,942.0,942.0,942.0,942.0,942.0,942.0,942.0,942.0,942.0,942.0,943.0,943.0,943.0,943.0,943.0,943.0,943.0,943.0,943.0,943.0,943.0,943.0,943.0,943.0,943.0,943.0,943.0,943.0,943.0,943.0,943.0,943.0,943.0,943.0,943.0,943.0,943.0,943.0,943.0,944.0,944.0,944.0,945.0,946.0,946.0,946.0,947.0,948.0,948.0,948.0,948.0,948.0,948.0,948.0,948.0,948.0,948.0,948.0,948.0,948.0,948.0,948.0,948.0,948.0,948.0,948.0,948.0,949.0,949.0,949.0,951.0,952.0,952.0,957.0,956.0,956.0,956.0,956.0,963.0,963.0,963.0,964.0,964.0,964.0,964.0,964.0,964.0,964.0,964.0,964.0,965.0,965.0,965.0,965.0,966.0,966.0,966.0,966.0,966.0,966.0,968
KFlbcABV3O8,479.0,479.0,479.0,479.0,479.0,479.0,479.0,479.0,479.0,480.0,480.0,480.0,480.0,480.0,480.0,480.0,480.0,480.0,480.0,480.0,480.0,480.0,480.0,480.0,480.0,480.0,480.0,480.0,480.0,480.0,483.0,483.0,483.0,484.0,484.0,484.0,484.0,484.0,484.0,484.0,484.0,484.0,484.0,484.0,484.0,485.0,485.0,485.0,485.0,485.0,485.0,485.0,485.0,485.0,485.0,485.0,485.0,485.0,485.0,485.0,485.0,485.0,485.0,485.0,485.0,485.0,485.0,485.0,485.0,485.0,485.0,485.0,485.0,485.0,485.0,485.0,485.0,485.0,486.0,486.0,486.0,487.0,487.0,487.0,487.0,487.0,487.0,487.0,488.0,488.0,488.0,488.0,488.0,488.0,488.0,488.0,488.0,488.0,488.0,488.0,488.0,489.0,490.0,490.0,490.0,490.0,490.0,490.0,490.0,490.0,491.0,491.0,491.0,491.0,491.0,491.0,491.0,491.0,491.0,491.0,493.0,493.0,495.0,495.0,495.0,495.0,495.0,495.0,495.0,495.0,495.0,495.0,495.0,495.0,,,,,,,,,496.0,496.0,496.0,496.0,496.0,496.0,496.0,496.0,496.0,496.0,496.0,496.0,496.0,497.0,497.0,497.0,497.0,497.0,497.0,497.0,497.0,497.0,497.0,497.0,497.0,498.0,498.0,498.0,498.0,498.0,498.0,498.0,498.0,498.0,498.0,498.0,498.0,498.0,498.0,498.0,498.0,498.0,499.0,499.0,499.0,499.0,499.0,499.0,499.0,499.0,499.0,499.0,499.0,499.0,499.0,499.0,499.0,499.0,499.0,499.0,500.0,500.0,501.0,501.0,501.0,501.0,501.0,501.0,501.0,501.0,502.0,502.0,502.0,502.0,502.0,502.0,502.0,502.0,502.0,502.0,502.0,502.0,502.0,502.0,502.0,502.0,502.0,503.0,503.0,503.0,503.0,503.0,503.0,503.0,503.0,503.0,503.0,504.0,504.0,504.0,504.0,504.0,504.0,504.0,504.0,504.0,504.0,504.0,504.0,504.0,504.0,504.0,504.0,504.0,504.0,504.0,504.0,504.0,504.0,505.0,505.0,,505.0,505.0,505.0,505.0,506.0,506.0,506.0,506.0,506.0,506.0,506.0,506.0,506.0,506.0,506.0,506.0,506.0,507.0,507.0,507.0,508.0,508.0,508.0,508.0,508.0,508.0,508.0,508.0,508.0,508.0,508.0,508.0,508.0,508.0,508.0,508.0,508.0,508.0,508.0,508.0,510.0,510.0,510.0,510.0,510.0,510.0,510.0,510.0,510.0,510.0,510.0,510.0,511.0,511.0,511.0,511.0,511.0,511.0,511.0,511.0,511.0,511.0,511.0,511.0,511.0,511.0,511.0,511.0,511.0,511.0,511.0,511.0,511.0,511.0,511.0,511.0,511.0,511.0,511.0,511.0,511.0,511.0,511.0,511.0,511.0,512.0,513.0,514.0,514.0,514.0,514.0,514.0,514.0,514.0,515.0,515.0,515.0,515.0,515.0,515.0,515.0,515.0,515.0,515.0,516.0,516.0,516.0,516.0,516.0,516.0,516.0,516.0,516.0,516
KFlbcABV3O8,479.0,479.0,479.0,479.0,479.0,479.0,479.0,479.0,479.0,480.0,480.0,480.0,480.0,480.0,480.0,480.0,480.0,480.0,480.0,480.0,480.0,480.0,480.0,480.0,480.0,480.0,480.0,480.0,480.0,480.0,483.0,483.0,483.0,484.0,484.0,484.0,484.0,484.0,484.0,484.0,484.0,484.0,484.0,484.0,484.0,485.0,485.0,485.0,485.0,485.0,485.0,485.0,485.0,485.0,485.0,485.0,485.0,485.0,485.0,485.0,485.0,485.0,485.0,485.0,485.0,485.0,485.0,485.0,485.0,485.0,485.0,485.0,485.0,485.0,485.0,485.0,485.0,485.0,486.0,486.0,486.0,487.0,487.0,487.0,487.0,487.0,487.0,487.0,488.0,488.0,488.0,488.0,488.0,488.0,488.0,488.0,488.0,488.0,488.0,488.0,488.0,489.0,490.0,490.0,490.0,490.0,490.0,490.0,490.0,490.0,491.0,491.0,491.0,491.0,491.0,491.0,491.0,491.0,491.0,491.0,493.0,493.0,495.0,495.0,495.0,495.0,495.0,495.0,495.0,495.0,495.0,495.0,495.0,495.0,,,,,,,,,496.0,496.0,496.0,496.0,496.0,496.0,496.0,496.0,496.0,496.0,496.0,496.0,496.0,497.0,497.0,497.0,497.0,497.0,497.0,497.0,497.0,497.0,497.0,497.0,497.0,498.0,498.0,498.0,498.0,498.0,498.0,498.0,498.0,498.0,498.0,498.0,498.0,498.0,498.0,498.0,498.0,498.0,499.0,499.0,499.0,499.0,499.0,499.0,499.0,499.0,499.0,499.0,499.0,499.0,499.0,499.0,499.0,499.0,499.0,499.0,500.0,500.0,501.0,501.0,501.0,501.0,501.0,501.0,501.0,501.0,502.0,502.0,502.0,502.0,502.0,502.0,502.0,502.0,502.0,502.0,502.0,502.0,502.0,502.0,502.0,502.0,502.0,503.0,503.0,503.0,503.0,503.0,503.0,503.0,503.0,503.0,503.0,504.0,504.0,504.0,504.0,504.0,504.0,504.0,504.0,504.0,504.0,504.0,504.0,504.0,504.0,504.0,504.0,504.0,504.0,504.0,504.0,504.0,504.0,505.0,505.0,,505.0,505.0,505.0,505.0,506.0,506.0,506.0,506.0,506.0,506.0,506.0,506.0,506.0,506.0,506.0,506.0,506.0,507.0,507.0,507.0,508.0,508.0,508.0,508.0,508.0,508.0,508.0,508.0,508.0,508.0,508.0,508.0,508.0,508.0,508.0,508.0,508.0,508.0,508.0,508.0,510.0,510.0,510.0,510.0,510.0,510.0,510.0,510.0,510.0,510.0,510.0,510.0,511.0,511.0,511.0,511.0,511.0,511.0,511.0,511.0,511.0,511.0,511.0,511.0,511.0,511.0,511.0,511.0,511.0,511.0,511.0,511.0,511.0,511.0,511.0,511.0,511.0,511.0,511.0,511.0,511.0,511.0,511.0,511.0,511.0,512.0,513.0,514.0,514.0,514.0,514.0,514.0,514.0,514.0,515.0,515.0,515.0,515.0,515.0,515.0,515.0,515.0,515.0,515.0,516.0,516.0,516.0,516.0,516.0,516.0,516.0,516.0,516.0,516
-ZXeR31b4PE,692.0,692.0,692.0,692.0,692.0,692.0,692.0,692.0,692.0,692.0,692.0,692.0,692.0,692.0,692.0,693.0,693.0,693.0,693.0,693.0,693.0,695.0,695.0,695.0,706.0,707.0,707.0,707.0,707.0,707.0,707.0,709.0,709.0,709.0,709.0,709.0,709.0,709.0,709.0,709.0,709.0,709.0,709.0,709.0,710.0,711.0,711.0,711.0,711.0,712.0,712.0,714.0,714.0,715.0,715.0,715.0,715.0,715.0,715.0,715.0,715.0,715.0,715.0,715.0,715.0,715.0,716.0,716.0,716.0,716.0,719.0,720.0,720.0,721.0,721.0,722.0,722.0,723.0,724.0,724.0,724.0,724.0,724.0,724.0,724.0,724.0,724.0,724.0,724.0,724.0,725.0,725.0,725.0,726.0,726.0,726.0,726.0,726.0,726.0,726.0,726.0,726.0,726.0,726.0,727.0,728.0,728.0,728.0,728.0,728.0,728.0,728.0,728.0,728.0,728.0,728.0,728.0,729.0,729.0,729.0,729.0,729.0,729.0,729.0,730.0,730.0,730.0,730.0,730.0,730.0,730.0,730.0,730.0,730.0,,,,,,,,,732.0,733.0,733.0,733.0,733.0,733.0,733.0,733.0,733.0,733.0,733.0,733.0,733.0,733.0,733.0,733.0,733.0,733.0,733.0,733.0,733.0,733.0,733.0,733.0,734.0,734.0,734.0,734.0,734.0,734.0,734.0,734.0,734.0,734.0,734.0,734.0,734.0,734.0,734.0,734.0,734.0,734.0,734.0,734.0,734.0,734.0,734.0,734.0,734.0,734.0,734.0,734.0,734.0,734.0,734.0,734.0,734.0,734.0,734.0,734.0,734.0,735.0,735.0,735.0,735.0,735.0,735.0,735.0,735.0,735.0,735.0,735.0,735.0,735.0,735.0,735.0,735.0,735.0,735.0,735.0,735.0,735.0,735.0,735.0,735.0,735.0,735.0,735.0,735.0,735.0,735.0,735.0,735.0,735.0,735.0,736.0,736.0,736.0,737.0,737.0,737.0,740.0,741.0,746.0,746.0,747.0,748.0,748.0,748.0,749.0,749.0,749.0,749.0,749.0,749.0,749.0,749.0,749.0,749.0,749.0,749.0,,750.0,750.0,750.0,750.0,750.0,750.0,750.0,750.0,750.0,750.0,750.0,750.0,750.0,750.0,750.0,750.0,750.0,750.0,750.0,750.0,750.0,750.0,750.0,750.0,750.0,750.0,750.0,750.0,750.0,750.0,750.0,750.0,750.0,751.0,752.0,752.0,752.0,752.0,752.0,752.0,752.0,752.0,752.0,752.0,752.0,752.0,752.0,752.0,752.0,752.0,752.0,752.0,752.0,752.0,752.0,752.0,752.0,752.0,752.0,752.0,752.0,752.0,752.0,752.0,752.0,752.0,752.0,752.0,752.0,752.0,752.0,752.0,752.0,752.0,752.0,752.0,752.0,752.0,753.0,753.0,753.0,753.0,753.0,753.0,753.0,753.0,753.0,753.0,753.0,753.0,753.0,753.0,753.0,753.0,753.0,754.0,754.0,755.0,755.0,755.0,755.0,755.0,755.0,756.0,756.0,757.0,757.0,757.0,757.0,757.0,757.0,757.0,757.0,757
nwFtBlhbS9A,5467.0,5467.0,5467.0,5470.0,5471.0,5473.0,5475.0,5479.0,5482.0,5485.0,5486.0,5489.0,5494.0,5496.0,5499.0,5503.0,5504.0,5505.0,5507.0,5511.0,5513.0,5513.0,5513.0,5516.0,5517.0,5520.0,5520.0,5520.0,5522.0,5522.0,5526.0,5527.0,5527.0,5531.0,5534.0,5535.0,5537.0,5541.0,5542.0,5547.0,5549.0,5552.0,5554.0,5557.0,5557.0,5562.0,5566.0,5569.0,5571.0,5574.0,5576.0,5577.0,5580.0,5581.0,5583.0,5585.0,5592.0,5597.0,5597.0,5602.0,5612.0,5614.0,5634.0,5640.0,5643.0,5649.0,5654.0,5666.0,5669.0,5672.0,5677.0,5678.0,5681.0,5689.0,5697.0,5701.0,5705.0,5706.0,5708.0,5708.0,5714.0,5716.0,5719.0,5721.0,5723.0,5725.0,5725.0,5726.0,5728.0,5729.0,5730.0,5731.0,5731.0,5732.0,5735.0,5735.0,5736.0,5739.0,5740.0,5742.0,5744.0,5747.0,5749.0,5752.0,5754.0,5754.0,5756.0,5755.0,5758.0,5760.0,5763.0,5767.0,5767.0,5768.0,5770.0,5770.0,5770.0,5773.0,5776.0,5776.0,5779.0,5787.0,5792.0,5792.0,5794.0,5796.0,5798.0,5798.0,5800.0,5803.0,5804.0,5805.0,5807.0,5808.0,,,,,,,,,5823.0,5827.0,5831.0,5831.0,5835.0,5835.0,5839.0,5842.0,5846.0,5848.0,5849.0,5852.0,5855.0,5859.0,5860.0,5863.0,5868.0,5871.0,5874.0,5878.0,5881.0,5885.0,5886.0,5888.0,5890.0,5892.0,5893.0,5893.0,5896.0,5901.0,5902.0,5904.0,5904.0,5904.0,5906.0,5906.0,5907.0,5910.0,5914.0,5915.0,5916.0,5918.0,5921.0,5922.0,5922.0,5923.0,5922.0,5924.0,5926.0,5928.0,5928.0,5929.0,5931.0,5931.0,5934.0,5934.0,5935.0,5936.0,5938.0,5940.0,5940.0,5942.0,5944.0,5946.0,5946.0,5947.0,5952.0,5953.0,5957.0,5959.0,5960.0,5962.0,5962.0,5963.0,5965.0,5967.0,5975.0,5975.0,5980.0,5984.0,5989.0,5993.0,5994.0,5995.0,6000.0,6006.0,6014.0,6017.0,6019.0,6021.0,6023.0,6027.0,6028.0,6029.0,6034.0,6037.0,6037.0,6038.0,6039.0,6041.0,6041.0,6042.0,6044.0,6044.0,6044.0,6046.0,6049.0,6050.0,6050.0,6050.0,6051.0,6052.0,6054.0,6054.0,6055.0,6055.0,6057.0,6059.0,6062.0,6066.0,6068.0,,6070.0,6071.0,6071.0,6075.0,6079.0,6082.0,6085.0,6090.0,6091.0,6093.0,6095.0,6101.0,6104.0,6104.0,6106.0,6106.0,6106.0,6111.0,6115.0,6118.0,6125.0,6127.0,6131.0,6133.0,6135.0,6138.0,6139.0,6140.0,6140.0,6143.0,6144.0,6148.0,6149.0,6152.0,6152.0,6152.0,6154.0,6157.0,6157.0,6158.0,6158.0,6161.0,6163.0,6164.0,6167.0,6169.0,6170.0,6178.0,6184.0,6185.0,6185.0,6185.0,6187.0,6188.0,6190.0,6191.0,6194.0,6196.0,6196.0,6196.0,6196.0,6198.0,6200.0,6204.0,6205.0,6207.0,6207.0,6211.0,6211.0,6212.0,6212.0,6213.0,6213.0,6213.0,6214.0,6215.0,6220.0,6221.0,6227.0,6228.0,6229.0,6230.0,6232.0,6232.0,6233.0,6235.0,6236.0,6237.0,6237.0,6238.0,6240.0,6245.0,6251.0,6255.0,6256.0,6261.0,6262.0,6262.0,6268.0,6275.0,6280.0,6282.0,6284.0,6287.0,6290.0,6294.0,6298.0,6300.0,6302.0,6306.0,6309.0,6312.0,6314.0,6317
y2VvUccAdCw,405554.0,406107.0,406632.0,407250.0,407776.0,408403.0,408881.0,409405.0,409953.0,410500.0,410992.0,411477.0,411895.0,412405.0,412893.0,413341.0,413780.0,414270.0,414765.0,415230.0,415649.0,416143.0,416602.0,417095.0,417469.0,417963.0,418480.0,418954.0,419403.0,419844.0,420311.0,420688.0,421161.0,421577.0,421956.0,422509.0,422935.0,423535.0,423996.0,424522.0,425034.0,425517.0,426010.0,426491.0,426918.0,427394.0,427927.0,428513.0,429007.0,429530.0,429966.0,430399.0,430803.0,431342.0,431931.0,432417.0,432940.0,433474.0,433905.0,434352.0,434877.0,435427.0,435990.0,436506.0,436926.0,437436.0,437869.0,438367.0,438714.0,439293.0,439686.0,440226.0,440584.0,441042.0,441500.0,441965.0,442402.0,442886.0,443394.0,443888.0,444234.0,444725.0,445161.0,445574.0,445965.0,446302.0,446729.0,447079.0,447514.0,447952.0,448380.0,448843.0,449288.0,449722.0,450209.0,450598.0,451135.0,451507.0,451917.0,452397.0,452853.0,453263.0,453654.0,454055.0,454418.0,454766.0,455136.0,455525.0,455940.0,456367.0,456830.0,457275.0,457690.0,458096.0,458470.0,458851.0,459224.0,459566.0,459971.0,460339.0,460722.0,461065.0,461400.0,461738.0,462132.0,462506.0,462962.0,463398.0,463802.0,464150.0,464648.0,465047.0,465592.0,465966.0,,,,,,,,,470082.0,470458.0,470974.0,471334.0,471848.0,472309.0,472716.0,473142.0,473617.0,474109.0,474556.0,474999.0,475407.0,475930.0,476309.0,476749.0,477214.0,477635.0,478136.0,478568.0,478962.0,479372.0,479806.0,480234.0,480822.0,481366.0,481828.0,482382.0,482903.0,483539.0,484151.0,484734.0,485273.0,485791.0,486390.0,486911.0,487408.0,487948.0,488416.0,488955.0,489519.0,489977.0,490534.0,491038.0,491554.0,492121.0,492577.0,493196.0,493790.0,494299.0,494913.0,495564.0,496094.0,496785.0,497326.0,497879.0,498353.0,498801.0,499380.0,499814.0,500352.0,500760.0,501204.0,501592.0,502114.0,502580.0,503098.0,503551.0,503941.0,504404.0,504928.0,505476.0,505922.0,506473.0,506873.0,507446.0,507951.0,508523.0,509002.0,509545.0,510083.0,510560.0,511149.0,511655.0,512119.0,512588.0,513095.0,513603.0,514137.0,514534.0,515011.0,515507.0,515970.0,516459.0,516883.0,517243.0,517706.0,518119.0,518544.0,518996.0,519415.0,519803.0,520278.0,520686.0,521115.0,521560.0,521971.0,522391.0,522804.0,523237.0,523650.0,524048.0,524469.0,524799.0,525194.0,525499.0,525905.0,526297.0,526683.0,527038.0,527456.0,,528355.0,528779.0,529299.0,529780.0,530275.0,530702.0,531089.0,531501.0,531889.0,532288.0,532744.0,533154.0,533492.0,533891.0,534288.0,534704.0,535091.0,535466.0,535891.0,536326.0,536729.0,537060.0,537500.0,537848.0,538245.0,538664.0,539141.0,539531.0,540018.0,540560.0,540956.0,541406.0,541904.0,542307.0,542763.0,543265.0,543723.0,544140.0,544615.0,544977.0,545380.0,545803.0,546223.0,546689.0,547139.0,547485.0,547898.0,548264.0,548622.0,549046.0,549453.0,549848.0,550310.0,550657.0,551041.0,551462.0,551804.0,552124.0,552546.0,552960.0,553322.0,553688.0,554065.0,554435.0,554819.0,555154.0,555502.0,555872.0,556203.0,556584.0,557029.0,557423.0,557853.0,558217.0,558597.0,558978.0,559389.0,559844.0,560239.0,560657.0,561093.0,561532.0,561956.0,562410.0,562885.0,563399.0,564001.0,564524.0,565013.0,565471.0,565977.0,566484.0,566963.0,567457.0,567874.0,568326.0,568800.0,569227.0,569657.0,570092.0,570492.0,570991.0,571372.0,571888.0,572241.0,572668.0,573116.0,573542.0,573923.0,574353.0,574792.0,575134.0,575638.0,575972
jHYL2yKgWb8,4651.0,4653.0,4653.0,4655.0,4655.0,4655.0,4656.0,4657.0,4658.0,4658.0,4659.0,4659.0,4661.0,4661.0,4662.0,4663.0,4663.0,4664.0,4664.0,4664.0,4665.0,4665.0,4665.0,4667.0,4671.0,4672.0,4673.0,4677.0,4679.0,4679.0,4680.0,4680.0,4681.0,4687.0,4688.0,4694.0,4697.0,4698.0,4698.0,4698.0,4699.0,4703.0,4705.0,4706.0,4708.0,4709.0,4710.0,4710.0,4712.0,4722.0,4723.0,4726.0,4726.0,4727.0,4730.0,4732.0,4733.0,4734.0,4736.0,4737.0,4738.0,4738.0,4740.0,4741.0,4744.0,4747.0,4749.0,4751.0,4751.0,4754.0,4756.0,4758.0,4758.0,4759.0,4760.0,4761.0,4762.0,4763.0,4764.0,4764.0,4764.0,4764.0,4765.0,4766.0,4766.0,4767.0,4771.0,4775.0,4776.0,4776.0,4779.0,4782.0,4782.0,4783.0,4783.0,4783.0,4786.0,4786.0,4787.0,4789.0,4790.0,4791.0,4793.0,4795.0,4796.0,4800.0,4800.0,4801.0,4803.0,4804.0,4806.0,4807.0,4809.0,4811.0,4811.0,4811.0,4811.0,4813.0,4814.0,4818.0,4819.0,4821.0,4821.0,4822.0,4823.0,4825.0,4825.0,4829.0,4829.0,4830.0,4831.0,4832.0,4833.0,4835.0,,,,,,,,,4854.0,4855.0,4858.0,4863.0,4876.0,4891.0,4900.0,4912.0,4924.0,4929.0,4935.0,4943.0,4947.0,4949.0,4955.0,4959.0,4960.0,4966.0,4967.0,4968.0,4969.0,4970.0,4973.0,4973.0,4974.0,4975.0,4976.0,4976.0,4977.0,4980.0,4981.0,4983.0,4989.0,4990.0,4990.0,4991.0,4991.0,4992.0,4995.0,4996.0,4997.0,4997.0,5000.0,5000.0,5001.0,5001.0,5002.0,5002.0,5003.0,5004.0,5006.0,5007.0,5007.0,5008.0,5008.0,5008.0,5008.0,5009.0,5009.0,5009.0,5009.0,5010.0,5010.0,5010.0,5010.0,5010.0,5010.0,5010.0,5011.0,5011.0,5011.0,5011.0,5011.0,5011.0,5011.0,5013.0,5013.0,5013.0,5013.0,5014.0,5014.0,5014.0,5014.0,5014.0,5014.0,5015.0,5015.0,5017.0,5017.0,5017.0,5017.0,5017.0,5017.0,5017.0,5017.0,5017.0,5017.0,5018.0,5018.0,5018.0,5018.0,5018.0,5018.0,5018.0,5018.0,5019.0,5020.0,5022.0,5022.0,5023.0,5026.0,5026.0,5027.0,5028.0,5031.0,5031.0,5033.0,5034.0,5034.0,5034.0,5035.0,,5038.0,5039.0,5039.0,5039.0,5039.0,5039.0,5039.0,5039.0,5039.0,5039.0,5041.0,5041.0,5041.0,5041.0,5041.0,5041.0,5041.0,5041.0,5042.0,5042.0,5043.0,5043.0,5045.0,5045.0,5045.0,5045.0,5045.0,5045.0,5048.0,5048.0,5048.0,5048.0,5048.0,5048.0,5048.0,5048.0,5048.0,5048.0,5048.0,5048.0,5049.0,5052.0,5053.0,5053.0,5054.0,5054.0,5055.0,5055.0,5056.0,5056.0,5057.0,5058.0,5059.0,5062.0,5062.0,5064.0,5066.0,5067.0,5068.0,5070.0,5073.0,5074.0,5074.0,5074.0,5076.0,5077.0,5080.0,5081.0,5082.0,5086.0,5087.0,5088.0,5088.0,5090.0,5090.0,5090.0,5092.0,5096.0,5096.0,5096.0,5098.0,5100.0,5100.0,5102.0,5102.0,5102.0,5103.0,5103.0,5103.0,5104.0,5105.0,5107.0,5108.0,5108.0,5109.0,5110.0,5110.0,5112.0,5113.0,5113.0,5113.0,5113.0,5113.0,5116.0,5117.0,5118.0,5119.0,5119.0,5119.0,5120.0,5122.0,5126.0,5127.0,5129
oRfZ52cUIVI,71934.0,71956.0,71984.0,72036.0,72067.0,72092.0,72145.0,72175.0,72204.0,72228.0,72276.0,72307.0,72333.0,72355.0,72406.0,72441.0,72485.0,72510.0,72543.0,72590.0,72639.0,72688.0,72735.0,72752.0,72773.0,72806.0,72839.0,72877.0,72917.0,72969.0,72992.0,73015.0,73047.0,73103.0,73150.0,73181.0,73217.0,73248.0,73276.0,73313.0,73349.0,73386.0,73412.0,73441.0,73462.0,73482.0,73513.0,73543.0,73573.0,73608.0,73631.0,73646.0,73670.0,73692.0,73717.0,73735.0,73751.0,73777.0,73798.0,73822.0,73837.0,73860.0,73888.0,73916.0,73930.0,73947.0,73967.0,73993.0,74014.0,74041.0,74064.0,74080.0,74092.0,74105.0,74124.0,74147.0,74175.0,74200.0,74229.0,74244.0,74266.0,74289.0,74306.0,74339.0,74372.0,74406.0,74430.0,74450.0,74477.0,74507.0,74533.0,74563.0,74582.0,74599.0,74626.0,74649.0,74664.0,74690.0,74721.0,74746.0,74777.0,74798.0,74832.0,74854.0,74878.0,74896.0,74926.0,74946.0,74962.0,74984.0,75015.0,75038.0,75071.0,75117.0,75147.0,75173.0,75191.0,75224.0,75259.0,75286.0,75308.0,75327.0,75358.0,75375.0,75402.0,75421.0,75454.0,75481.0,75504.0,75525.0,75547.0,75570.0,75607.0,75655.0,,,,,,,,,75971.0,75991.0,76024.0,76049.0,76077.0,76119.0,76163.0,76198.0,76240.0,76272.0,76308.0,76357.0,76399.0,76444.0,76468.0,76502.0,76552.0,76579.0,76618.0,76651.0,76669.0,76682.0,76702.0,76725.0,76760.0,76800.0,76832.0,76864.0,76906.0,76935.0,76964.0,76995.0,77045.0,77078.0,77113.0,77141.0,77169.0,77207.0,77253.0,77292.0,77334.0,77374.0,77419.0,77453.0,77510.0,77566.0,77609.0,77654.0,77689.0,77722.0,77749.0,77781.0,77819.0,77853.0,77883.0,77931.0,77964.0,78008.0,78053.0,78095.0,78148.0,78187.0,78222.0,78262.0,78289.0,78333.0,78370.0,78422.0,78450.0,78490.0,78523.0,78555.0,78596.0,78641.0,78681.0,78753.0,78808.0,78865.0,78906.0,78957.0,78997.0,79044.0,79082.0,79121.0,79161.0,79179.0,79206.0,79248.0,79284.0,79323.0,79366.0,79385.0,79408.0,79439.0,79467.0,79502.0,79536.0,79568.0,79605.0,79632.0,79655.0,79717.0,79758.0,79787.0,79819.0,79852.0,79878.0,79909.0,79947.0,79982.0,80026.0,80055.0,80068.0,80092.0,80118.0,80127.0,80149.0,80179.0,80200.0,80212.0,80223.0,,80268.0,80286.0,80307.0,80325.0,80335.0,80356.0,80373.0,80396.0,80423.0,80440.0,80459.0,80476.0,80484.0,80513.0,80536.0,80565.0,80595.0,80624.0,80657.0,80674.0,80700.0,80734.0,80778.0,80813.0,80856.0,80882.0,80890.0,80917.0,80941.0,80964.0,80981.0,81009.0,81030.0,81040.0,81060.0,81084.0,81114.0,81137.0,81156.0,81170.0,81190.0,81208.0,81237.0,81258.0,81284.0,81311.0,81337.0,81358.0,81397.0,81436.0,81455.0,81488.0,81528.0,81550.0,81577.0,81603.0,81645.0,81668.0,81692.0,81717.0,81739.0,81763.0,81790.0,81823.0,81847.0,81875.0,81920.0,81961.0,81985.0,82032.0,82074.0,82142.0,82206.0,82246.0,82283.0,82311.0,82346.0,82383.0,82426.0,82471.0,82531.0,82577.0,82608.0,82652.0,82682.0,82730.0,82763.0,82796.0,82829.0,82853.0,82866.0,82888.0,82921.0,82954.0,82992.0,83014.0,83056.0,83089.0,83132.0,83161.0,83193.0,83222.0,83250.0,83281.0,83312.0,83343.0,83387.0,83427.0,83461.0,83497.0,83525.0,83562.0,83594.0,83621
Nd4ZVPAZGGY,207670.0,207706.0,207746.0,207784.0,207817.0,207850.0,207894.0,207929.0,207965.0,208020.0,208092.0,208122.0,208170.0,208242.0,208316.0,208382.0,208447.0,208499.0,208565.0,208614.0,208660.0,208715.0,208762.0,208818.0,208881.0,208934.0,208977.0,209022.0,209068.0,209111.0,209160.0,209208.0,209244.0,209297.0,209338.0,209378.0,209418.0,209453.0,209483.0,209530.0,209580.0,209625.0,209679.0,209720.0,209763.0,209790.0,209828.0,209888.0,209935.0,209977.0,210012.0,210050.0,210089.0,210140.0,210181.0,210215.0,210279.0,210330.0,210372.0,210414.0,210461.0,210506.0,210544.0,210571.0,210605.0,210648.0,210691.0,210739.0,210786.0,210837.0,210896.0,210935.0,210977.0,211033.0,211076.0,211115.0,211155.0,211190.0,211222.0,211244.0,211286.0,211317.0,211356.0,211382.0,211396.0,211432.0,211474.0,211509.0,211541.0,211571.0,211590.0,211630.0,211673.0,211707.0,211741.0,211805.0,211841.0,211869.0,211904.0,211934.0,211965.0,212028.0,212077.0,212117.0,212150.0,212196.0,212245.0,212278.0,212330.0,212374.0,212413.0,212466.0,212507.0,212554.0,212584.0,212639.0,212683.0,212722.0,212761.0,212802.0,212839.0,212875.0,212908.0,212945.0,212981.0,213018.0,213056.0,213099.0,213130.0,213162.0,213193.0,213224.0,213259.0,213294.0,,,,,,,,,213623.0,213666.0,213695.0,213734.0,213783.0,213818.0,213862.0,213894.0,213945.0,213979.0,214012.0,214043.0,214078.0,214107.0,214134.0,214152.0,214180.0,214213.0,214259.0,214283.0,214318.0,214353.0,214419.0,214481.0,214508.0,214557.0,214590.0,214645.0,214679.0,214719.0,214751.0,214801.0,214841.0,214887.0,214914.0,214952.0,214995.0,215040.0,215079.0,215124.0,215168.0,215206.0,215245.0,215286.0,215335.0,215381.0,215418.0,215463.0,215493.0,215539.0,215577.0,215612.0,215650.0,215684.0,215713.0,215730.0,215767.0,215792.0,215825.0,215851.0,215874.0,215911.0,215944.0,215968.0,215996.0,216027.0,216073.0,216101.0,216129.0,216162.0,216193.0,216231.0,216267.0,216303.0,216355.0,216401.0,216441.0,216472.0,216507.0,216544.0,216591.0,216612.0,216658.0,216720.0,216753.0,216766.0,216794.0,216833.0,216864.0,216904.0,216948.0,216969.0,217006.0,217031.0,217069.0,217104.0,217184.0,217212.0,217232.0,217265.0,217285.0,217312.0,217328.0,217359.0,217382.0,217431.0,217458.0,217483.0,217508.0,217537.0,217577.0,217618.0,217655.0,217696.0,217725.0,217755.0,217787.0,217827.0,217864.0,217922.0,217959.0,,218062.0,218085.0,218105.0,218125.0,218151.0,218188.0,218211.0,218242.0,218271.0,218298.0,218326.0,218357.0,218428.0,218464.0,218492.0,218520.0,218553.0,218583.0,218627.0,218671.0,218699.0,218733.0,218774.0,218800.0,218828.0,218881.0,218908.0,218952.0,218996.0,219040.0,219074.0,219128.0,219162.0,219215.0,219268.0,219303.0,219340.0,219366.0,219401.0,219427.0,219473.0,219506.0,219545.0,219591.0,219616.0,219657.0,219696.0,219724.0,219757.0,219792.0,219827.0,219855.0,219883.0,219919.0,219952.0,219994.0,220031.0,220075.0,220115.0,220153.0,220185.0,220221.0,220241.0,220266.0,220287.0,220316.0,220342.0,220373.0,220415.0,220455.0,220489.0,220519.0,220547.0,220575.0,220608.0,220646.0,220664.0,220698.0,220726.0,220742.0,220770.0,220793.0,220820.0,220854.0,220877.0,220897.0,220918.0,220940.0,220958.0,220982.0,221010.0,221041.0,221075.0,221104.0,221134.0,221150.0,221171.0,221194.0,221211.0,221235.0,221254.0,221294.0,221308.0,221330.0,221342.0,221365.0,221378.0,221397.0,221439.0,221457.0,221483.0,221498.0,221518.0,221541
jniLjLYjbB0,40918.0,40929.0,40937.0,40950.0,40962.0,40972.0,40984.0,40999.0,41015.0,41028.0,41047.0,41056.0,41066.0,41086.0,41104.0,41118.0,41135.0,41148.0,41160.0,41173.0,41193.0,41205.0,41220.0,41233.0,41244.0,41255.0,41263.0,41269.0,41284.0,41302.0,41316.0,41327.0,41332.0,41342.0,41355.0,41368.0,41385.0,41403.0,41415.0,41427.0,41449.0,41470.0,41491.0,41510.0,41523.0,41534.0,41547.0,41562.0,41575.0,41594.0,41604.0,41617.0,41627.0,41636.0,41651.0,41662.0,41679.0,41690.0,41700.0,41708.0,41716.0,41730.0,41747.0,41766.0,41790.0,41814.0,41841.0,41853.0,41869.0,41886.0,41891.0,41910.0,41919.0,41928.0,41949.0,41966.0,41981.0,41998.0,42013.0,42026.0,42035.0,42047.0,42074.0,42090.0,42111.0,42125.0,42139.0,42155.0,42171.0,42191.0,42207.0,42229.0,42239.0,42257.0,42268.0,42271.0,42292.0,42305.0,42316.0,42329.0,42338.0,42352.0,42369.0,42383.0,42399.0,42420.0,42433.0,42446.0,42456.0,42466.0,42473.0,42480.0,42491.0,42502.0,42508.0,42513.0,42525.0,42534.0,42545.0,42554.0,42566.0,42577.0,42588.0,42595.0,42607.0,42618.0,42630.0,42642.0,42645.0,42653.0,42667.0,42677.0,42681.0,42691.0,,,,,,,,,42782.0,42788.0,42798.0,42801.0,42821.0,42840.0,42859.0,42871.0,42885.0,42901.0,42914.0,42929.0,42945.0,42956.0,42965.0,42984.0,42997.0,43011.0,43026.0,43038.0,43050.0,43061.0,43071.0,43088.0,43100.0,43114.0,43122.0,43129.0,43144.0,43148.0,43153.0,43160.0,43162.0,43171.0,43181.0,43189.0,43205.0,43225.0,43239.0,43247.0,43262.0,43274.0,43290.0,43298.0,43307.0,43314.0,43324.0,43342.0,43354.0,43370.0,43376.0,43385.0,43394.0,43398.0,43410.0,43418.0,43418.0,43425.0,43431.0,43438.0,43452.0,43464.0,43481.0,43497.0,43511.0,43517.0,43524.0,43525.0,43538.0,43552.0,43563.0,43566.0,43573.0,43590.0,43596.0,43603.0,43609.0,43626.0,43636.0,43653.0,43674.0,43688.0,43697.0,43704.0,43713.0,43720.0,43735.0,43748.0,43762.0,43777.0,43787.0,43797.0,43805.0,43818.0,43832.0,43843.0,43861.0,43871.0,43882.0,43895.0,43898.0,43909.0,43919.0,43923.0,43933.0,43949.0,43955.0,43964.0,43978.0,43985.0,43996.0,44004.0,44012.0,44016.0,44020.0,44025.0,44035.0,44041.0,44052.0,44059.0,44074.0,,44091.0,44103.0,44110.0,44119.0,44136.0,44152.0,44161.0,44168.0,44176.0,44189.0,44194.0,44199.0,44206.0,44221.0,44225.0,44232.0,44245.0,44260.0,44270.0,44274.0,44279.0,44289.0,44300.0,44308.0,44318.0,44325.0,44334.0,44345.0,44369.0,44384.0,44398.0,44403.0,44407.0,44416.0,44424.0,44438.0,44444.0,44451.0,44464.0,44475.0,44486.0,44504.0,44514.0,44526.0,44542.0,44557.0,44575.0,44581.0,44592.0,44603.0,44610.0,44621.0,44628.0,44638.0,44648.0,44655.0,44669.0,44676.0,44683.0,44694.0,44698.0,44703.0,44711.0,44719.0,44725.0,44736.0,44747.0,44760.0,44781.0,44814.0,44843.0,44869.0,44897.0,44930.0,44946.0,44957.0,44972.0,44993.0,45019.0,45047.0,45064.0,45081.0,45098.0,45106.0,45120.0,45134.0,45154.0,45172.0,45184.0,45195.0,45206.0,45220.0,45229.0,45240.0,45246.0,45256.0,45268.0,45286.0,45312.0,45330.0,45342.0,45349.0,45364.0,45374.0,45382.0,45408.0,45424.0,45438.0,45458.0,45467.0,45483.0,45493.0,45507.0,45517
1kiT_Dg3MCY,101542.0,101568.0,101586.0,101618.0,101649.0,101678.0,101708.0,101731.0,101768.0,101803.0,101843.0,101858.0,101890.0,101925.0,101958.0,101995.0,102028.0,102064.0,102085.0,102119.0,102145.0,102178.0,102217.0,102253.0,102284.0,102307.0,102331.0,102358.0,102374.0,102390.0,102426.0,102444.0,102478.0,102509.0,102533.0,102554.0,102575.0,102598.0,102621.0,102649.0,102670.0,102682.0,102697.0,102725.0,102750.0,102779.0,102795.0,102820.0,102840.0,102862.0,102907.0,102943.0,102965.0,102996.0,103026.0,103055.0,103082.0,103106.0,103141.0,103169.0,103200.0,103234.0,103265.0,103300.0,103361.0,103387.0,103428.0,103449.0,103466.0,103497.0,103520.0,103543.0,103561.0,103592.0,103601.0,103621.0,103643.0,103675.0,103700.0,103718.0,103733.0,103754.0,103784.0,103807.0,103827.0,103852.0,103892.0,103915.0,103944.0,103972.0,103988.0,104006.0,104023.0,104044.0,104065.0,104087.0,104101.0,104113.0,104126.0,104156.0,104180.0,104192.0,104208.0,104221.0,104245.0,104262.0,104285.0,104318.0,104343.0,104363.0,104385.0,104405.0,104426.0,104443.0,104464.0,104486.0,104509.0,104533.0,104559.0,104572.0,104582.0,104605.0,104636.0,104655.0,104676.0,104693.0,104704.0,104723.0,104745.0,104773.0,104798.0,104811.0,104820.0,104843.0,,,,,,,,,105016.0,105043.0,105086.0,105116.0,105144.0,105170.0,105190.0,105207.0,105233.0,105262.0,105286.0,105304.0,105334.0,105360.0,105395.0,105435.0,105450.0,105475.0,105497.0,105526.0,105542.0,105572.0,105594.0,105609.0,105631.0,105659.0,105677.0,105695.0,105724.0,105767.0,105788.0,105813.0,105844.0,105871.0,105895.0,105912.0,105934.0,105945.0,105963.0,105980.0,106002.0,106034.0,106057.0,106087.0,106105.0,106118.0,106136.0,106147.0,106166.0,106188.0,106208.0,106227.0,106240.0,106251.0,106269.0,106304.0,106328.0,106348.0,106365.0,106386.0,106397.0,106414.0,106437.0,106452.0,106472.0,106492.0,106504.0,106523.0,106547.0,106570.0,106594.0,106619.0,106636.0,106664.0,106685.0,106711.0,106734.0,106756.0,106773.0,106794.0,106814.0,106822.0,106844.0,106880.0,106898.0,106932.0,106955.0,106976.0,107006.0,107039.0,107069.0,107085.0,107108.0,107143.0,107181.0,107237.0,107267.0,107305.0,107350.0,107385.0,107432.0,107470.0,107514.0,107558.0,107607.0,107638.0,107674.0,107719.0,107765.0,107797.0,107833.0,107866.0,107896.0,107931.0,107955.0,107985.0,108016.0,108052.0,108081.0,108111.0,108130.0,,108180.0,108201.0,108220.0,108255.0,108278.0,108304.0,108322.0,108357.0,108379.0,108405.0,108437.0,108462.0,108483.0,108503.0,108529.0,108557.0,108574.0,108603.0,108637.0,108658.0,108703.0,108734.0,108750.0,108782.0,108802.0,108830.0,108851.0,108872.0,108893.0,108925.0,108946.0,108971.0,108992.0,109012.0,109038.0,109063.0,109098.0,109125.0,109156.0,109176.0,109211.0,109226.0,109267.0,109306.0,109356.0,109390.0,109416.0,109445.0,109471.0,109495.0,109528.0,109543.0,109578.0,109619.0,109641.0,109665.0,109683.0,109716.0,109732.0,109760.0,109800.0,109834.0,109867.0,109890.0,109909.0,109926.0,109947.0,109967.0,109992.0,110016.0,110041.0,110074.0,110121.0,110142.0,110171.0,110221.0,110254.0,110281.0,110318.0,110352.0,110377.0,110404.0,110426.0,110450.0,110482.0,110508.0,110533.0,110558.0,110578.0,110597.0,110621.0,110650.0,110666.0,110691.0,110715.0,110737.0,110767.0,110784.0,110818.0,110864.0,110898.0,110926.0,110959.0,110991.0,111011.0,111027.0,111047.0,111061.0,111082.0,111106.0,111123.0,111142.0,111160.0,111177
2VAs2QEneOo,52414.0,52469.0,52538.0,52590.0,52656.0,52715.0,52772.0,52843.0,52892.0,52937.0,52976.0,53074.0,53286.0,53402.0,53492.0,53577.0,53626.0,53686.0,53782.0,53871.0,53968.0,54041.0,54125.0,54180.0,54240.0,54305.0,54380.0,54472.0,54551.0,54625.0,54683.0,54726.0,54776.0,54825.0,54886.0,54933.0,55015.0,55073.0,55111.0,55171.0,55238.0,55294.0,55356.0,55418.0,55466.0,55505.0,55558.0,55640.0,55687.0,55737.0,55792.0,55836.0,55878.0,55939.0,56004.0,56065.0,56146.0,56212.0,56268.0,56301.0,56368.0,56445.0,56509.0,56576.0,56625.0,56677.0,56733.0,56801.0,56854.0,56926.0,56981.0,57041.0,57105.0,57157.0,57220.0,57292.0,57353.0,57438.0,57504.0,57567.0,57614.0,57680.0,57753.0,57821.0,57906.0,57958.0,58010.0,58051.0,58095.0,58149.0,58204.0,58256.0,58304.0,58364.0,58397.0,58447.0,58496.0,58535.0,58596.0,58656.0,58703.0,58737.0,58781.0,58826.0,58873.0,58937.0,58995.0,59033.0,59070.0,59114.0,59159.0,59218.0,59276.0,59310.0,59351.0,59383.0,59423.0,59458.0,59500.0,59538.0,59568.0,59610.0,59648.0,59684.0,59729.0,59778.0,59811.0,59860.0,59905.0,59944.0,59989.0,60045.0,60084.0,60113.0,,,,,,,,,60630.0,60675.0,60736.0,60794.0,60860.0,60946.0,60992.0,61045.0,61104.0,61181.0,61268.0,61372.0,61463.0,61559.0,61601.0,61660.0,61731.0,61813.0,61855.0,61903.0,61940.0,61962.0,61989.0,62017.0,62057.0,62091.0,62130.0,62168.0,62207.0,62242.0,62271.0,62303.0,62342.0,62373.0,62410.0,62434.0,62453.0,62505.0,62536.0,62573.0,62611.0,62669.0,62730.0,62770.0,62807.0,62857.0,62908.0,62969.0,63003.0,63027.0,63058.0,63089.0,63128.0,63157.0,63201.0,63234.0,63264.0,63284.0,63305.0,63328.0,63355.0,63377.0,63401.0,63422.0,63444.0,63479.0,63515.0,63554.0,63573.0,63611.0,63655.0,63684.0,63726.0,63781.0,63807.0,63840.0,63876.0,63908.0,63931.0,63970.0,63994.0,64030.0,64069.0,64108.0,64127.0,64150.0,64175.0,64218.0,64249.0,64284.0,64331.0,64362.0,64397.0,64440.0,64487.0,64540.0,64609.0,64655.0,64694.0,64718.0,64751.0,64819.0,64863.0,64906.0,64967.0,65018.0,65052.0,65086.0,65116.0,65154.0,65190.0,65229.0,65266.0,65282.0,65314.0,65339.0,65374.0,65424.0,65468.0,65481.0,65492.0,,65572.0,65654.0,65696.0,65724.0,65751.0,65760.0,65774.0,65786.0,65808.0,65826.0,65831.0,65844.0,65855.0,65874.0,65885.0,65898.0,65908.0,65920.0,65936.0,65945.0,65957.0,65965.0,65971.0,65981.0,65994.0,66009.0,66023.0,66041.0,66050.0,66059.0,66075.0,66086.0,66101.0,66110.0,66128.0,66141.0,66152.0,66163.0,66186.0,66202.0,66210.0,66223.0,66248.0,66263.0,66283.0,66296.0,66333.0,66359.0,66377.0,66420.0,66463.0,66494.0,66526.0,66554.0,66568.0,66583.0,66618.0,66632.0,66663.0,66679.0,66699.0,66716.0,66729.0,66751.0,66776.0,66805.0,66844.0,66879.0,66908.0,66948.0,66985.0,67028.0,67060.0,67091.0,67128.0,67162.0,67198.0,67238.0,67277.0,67315.0,67394.0,67419.0,67440.0,67457.0,67475.0,67491.0,67506.0,67529.0,67538.0,67556.0,67565.0,67595.0,67623.0,67665.0,67692.0,67723.0,67741.0,67765.0,67798.0,67822.0,67867.0,67926.0,67957.0,68001.0,68069.0,68113.0,68168.0,68207.0,68240.0,68270.0,68295.0,68341.0,68379.0,68400
BKMeEn7AdpM,163.0,164.0,164.0,164.0,164.0,165.0,165.0,165.0,166.0,166.0,166.0,166.0,166.0,166.0,166.0,166.0,166.0,166.0,166.0,166.0,166.0,166.0,166.0,166.0,166.0,166.0,166.0,166.0,166.0,166.0,166.0,166.0,166.0,166.0,166.0,166.0,166.0,166.0,166.0,166.0,166.0,166.0,166.0,166.0,166.0,166.0,166.0,166.0,166.0,166.0,167.0,167.0,167.0,167.0,167.0,167.0,167.0,167.0,167.0,167.0,167.0,167.0,167.0,167.0,167.0,167.0,167.0,167.0,167.0,167.0,167.0,167.0,167.0,167.0,167.0,167.0,167.0,167.0,167.0,167.0,167.0,167.0,167.0,167.0,167.0,168.0,168.0,168.0,168.0,168.0,168.0,168.0,168.0,168.0,168.0,168.0,169.0,169.0,169.0,169.0,169.0,169.0,169.0,169.0,169.0,169.0,169.0,169.0,169.0,169.0,169.0,169.0,169.0,169.0,169.0,169.0,169.0,169.0,169.0,169.0,169.0,169.0,169.0,169.0,169.0,169.0,169.0,169.0,169.0,169.0,169.0,169.0,169.0,169.0,,,,,,,,,170.0,170.0,170.0,170.0,170.0,170.0,170.0,170.0,170.0,170.0,170.0,170.0,170.0,170.0,170.0,170.0,170.0,170.0,170.0,170.0,170.0,170.0,170.0,170.0,170.0,170.0,170.0,170.0,170.0,170.0,170.0,170.0,170.0,170.0,170.0,170.0,170.0,170.0,170.0,170.0,170.0,170.0,170.0,170.0,170.0,171.0,171.0,171.0,171.0,171.0,171.0,171.0,171.0,171.0,172.0,172.0,172.0,172.0,172.0,172.0,172.0,172.0,172.0,172.0,172.0,172.0,172.0,172.0,172.0,172.0,172.0,172.0,172.0,174.0,175.0,175.0,175.0,175.0,175.0,175.0,175.0,175.0,175.0,175.0,175.0,175.0,175.0,176.0,176.0,176.0,176.0,176.0,176.0,176.0,176.0,176.0,176.0,176.0,176.0,176.0,176.0,176.0,176.0,176.0,176.0,176.0,176.0,176.0,176.0,176.0,176.0,176.0,176.0,176.0,177.0,177.0,177.0,177.0,177.0,177.0,177.0,,177.0,177.0,177.0,177.0,177.0,178.0,178.0,178.0,178.0,178.0,178.0,178.0,178.0,178.0,178.0,178.0,178.0,178.0,178.0,179.0,179.0,180.0,180.0,180.0,180.0,180.0,180.0,181.0,181.0,181.0,181.0,181.0,181.0,181.0,181.0,181.0,181.0,182.0,182.0,182.0,183.0,183.0,183.0,183.0,183.0,183.0,183.0,183.0,185.0,185.0,185.0,185.0,185.0,185.0,185.0,185.0,185.0,185.0,185.0,185.0,185.0,185.0,185.0,185.0,185.0,185.0,185.0,185.0,185.0,185.0,185.0,185.0,185.0,186.0,186.0,186.0,186.0,186.0,186.0,186.0,186.0,186.0,186.0,186.0,187.0,187.0,187.0,187.0,187.0,187.0,187.0,187.0,187.0,187.0,187.0,187.0,187.0,187.0,187.0,187.0,187.0,187.0,187.0,187.0,187.0,188.0,188.0,188.0,188.0,188.0,188.0,188.0,188.0,188
ATql1JgG1VY,579.0,579.0,580.0,580.0,581.0,581.0,582.0,583.0,583.0,584.0,584.0,585.0,585.0,587.0,590.0,591.0,593.0,594.0,597.0,599.0,601.0,603.0,607.0,608.0,611.0,613.0,615.0,617.0,621.0,625.0,626.0,627.0,630.0,633.0,634.0,635.0,635.0,636.0,637.0,639.0,641.0,643.0,644.0,646.0,647.0,649.0,649.0,650.0,650.0,651.0,654.0,656.0,657.0,657.0,658.0,658.0,659.0,661.0,661.0,661.0,662.0,663.0,664.0,664.0,664.0,667.0,667.0,667.0,668.0,667.0,669.0,670.0,670.0,672.0,673.0,675.0,675.0,676.0,677.0,678.0,679.0,679.0,680.0,680.0,680.0,681.0,682.0,683.0,683.0,683.0,685.0,685.0,686.0,686.0,687.0,687.0,688.0,690.0,691.0,692.0,693.0,693.0,693.0,693.0,694.0,695.0,696.0,697.0,697.0,699.0,699.0,700.0,702.0,702.0,704.0,704.0,705.0,706.0,706.0,706.0,706.0,707.0,707.0,709.0,710.0,711.0,711.0,712.0,712.0,712.0,712.0,712.0,712.0,712.0,,,,,,,,,722.0,722.0,722.0,722.0,722.0,723.0,723.0,726.0,729.0,733.0,735.0,735.0,737.0,738.0,745.0,747.0,751.0,753.0,758.0,769.0,775.0,777.0,780.0,783.0,788.0,793.0,796.0,797.0,798.0,798.0,798.0,798.0,798.0,799.0,799.0,799.0,800.0,800.0,800.0,800.0,800.0,801.0,801.0,801.0,802.0,803.0,803.0,803.0,803.0,803.0,804.0,804.0,804.0,805.0,805.0,805.0,806.0,806.0,806.0,807.0,809.0,810.0,810.0,810.0,814.0,817.0,818.0,818.0,818.0,818.0,820.0,820.0,821.0,821.0,823.0,824.0,827.0,828.0,828.0,828.0,828.0,829.0,830.0,831.0,831.0,833.0,835.0,836.0,837.0,837.0,837.0,837.0,837.0,838.0,838.0,839.0,839.0,840.0,840.0,840.0,841.0,842.0,842.0,844.0,846.0,847.0,847.0,851.0,854.0,855.0,856.0,860.0,860.0,860.0,884.0,886.0,886.0,892.0,895.0,896.0,897.0,,899.0,901.0,904.0,904.0,904.0,905.0,906.0,906.0,908.0,909.0,912.0,912.0,916.0,916.0,919.0,920.0,920.0,920.0,920.0,924.0,924.0,924.0,925.0,925.0,926.0,928.0,928.0,928.0,928.0,928.0,928.0,930.0,930.0,931.0,932.0,933.0,935.0,936.0,937.0,937.0,938.0,942.0,942.0,944.0,944.0,944.0,944.0,944.0,946.0,953.0,952.0,947.0,948.0,948.0,948.0,951.0,953.0,954.0,957.0,959.0,959.0,959.0,960.0,960.0,961.0,961.0,963.0,963.0,967.0,971.0,971.0,972.0,974.0,976.0,978.0,978.0,979.0,979.0,980.0,982.0,983.0,983.0,984.0,984.0,985.0,986.0,986.0,986.0,986.0,986.0,986.0,986.0,988.0,989.0,991.0,991.0,994.0,996.0,997.0,998.0,998.0,1002.0,1004.0,1004.0,1006.0,1007.0,1007.0,1008.0,1008.0,1009.0,1009.0,1010.0,1010.0,1011
DpZ0pHyw0S8,10356.0,10362.0,10364.0,10373.0,10375.0,10377.0,10378.0,10382.0,10385.0,10389.0,10393.0,10396.0,10398.0,10403.0,10405.0,10406.0,10408.0,10410.0,10411.0,10414.0,10415.0,10418.0,10423.0,10426.0,10428.0,10434.0,10435.0,10441.0,10441.0,10444.0,10448.0,10450.0,10454.0,10458.0,10464.0,10466.0,10468.0,10470.0,10470.0,10472.0,10475.0,10477.0,10478.0,10488.0,10495.0,10498.0,10504.0,10507.0,10506.0,10514.0,10519.0,10520.0,10521.0,10522.0,10525.0,10534.0,10536.0,10538.0,10544.0,10548.0,10551.0,10553.0,10555.0,10555.0,10557.0,10561.0,10564.0,10566.0,10568.0,10570.0,10574.0,10576.0,10577.0,10579.0,10580.0,10582.0,10585.0,10585.0,10587.0,10588.0,10590.0,10592.0,10596.0,10596.0,10600.0,10603.0,10605.0,10608.0,10609.0,10615.0,10619.0,10622.0,10623.0,10624.0,10625.0,10627.0,10632.0,10635.0,10638.0,10641.0,10642.0,10642.0,10645.0,10646.0,10649.0,10652.0,10652.0,10654.0,10655.0,10656.0,10659.0,10660.0,10667.0,10667.0,10671.0,10674.0,10675.0,10679.0,10682.0,10686.0,10687.0,10688.0,10690.0,10692.0,10694.0,10695.0,10696.0,10697.0,10702.0,10705.0,10706.0,10707.0,10710.0,10713.0,,,,,,,,,11463.0,11533.0,11609.0,11688.0,11748.0,11827.0,11875.0,11924.0,11998.0,12048.0,12092.0,12139.0,12174.0,12240.0,12279.0,12316.0,12345.0,12375.0,12402.0,12441.0,12474.0,12503.0,12542.0,12566.0,12581.0,12598.0,12625.0,12648.0,12678.0,12697.0,12711.0,12729.0,12748.0,12767.0,12784.0,12798.0,12813.0,12831.0,12856.0,12873.0,12900.0,12919.0,12942.0,12960.0,12972.0,12981.0,12995.0,13008.0,13017.0,13026.0,13032.0,13037.0,13045.0,13050.0,13059.0,13066.0,13071.0,13078.0,13083.0,13090.0,13093.0,13100.0,13104.0,13112.0,13123.0,13132.0,13141.0,13145.0,13151.0,13155.0,13165.0,13168.0,13176.0,13185.0,13199.0,13207.0,13214.0,13219.0,13225.0,13233.0,13240.0,13244.0,13255.0,13264.0,13270.0,13279.0,13286.0,13293.0,13302.0,13308.0,13313.0,13317.0,13322.0,13332.0,13336.0,13341.0,13347.0,13356.0,13364.0,13369.0,13378.0,13385.0,13392.0,13402.0,13405.0,13408.0,13413.0,13419.0,13426.0,13432.0,13435.0,13442.0,13449.0,13451.0,13453.0,13458.0,13469.0,13474.0,13480.0,13483.0,13490.0,,13495.0,13498.0,13505.0,13512.0,13512.0,13514.0,13518.0,13519.0,13527.0,13532.0,13533.0,13535.0,13538.0,13540.0,13546.0,13550.0,13556.0,13560.0,13564.0,13568.0,13570.0,13572.0,13576.0,13576.0,13578.0,13578.0,13580.0,13582.0,13583.0,13588.0,13593.0,13596.0,13597.0,13599.0,13602.0,13604.0,13605.0,13608.0,13610.0,13612.0,13615.0,13621.0,13626.0,13627.0,13630.0,13632.0,13636.0,13641.0,13647.0,13651.0,13656.0,13667.0,13668.0,13669.0,13673.0,13675.0,13680.0,13682.0,13685.0,13690.0,13691.0,13694.0,13695.0,13700.0,13702.0,13704.0,13717.0,13725.0,13743.0,13765.0,13786.0,13804.0,13832.0,13858.0,13870.0,13879.0,13922.0,13971.0,14022.0,14061.0,14104.0,14146.0,14179.0,14200.0,14224.0,14242.0,14257.0,14269.0,14287.0,14301.0,14317.0,14330.0,14354.0,14372.0,14398.0,14406.0,14420.0,14440.0,14460.0,14475.0,14485.0,14497.0,14507.0,14518.0,14538.0,14550.0,14565.0,14584.0,14608.0,14625.0,14636.0,14652.0,14664.0,14677
vQBWxyZgcZw,822.0,823.0,826.0,827.0,829.0,832.0,835.0,837.0,840.0,842.0,843.0,843.0,845.0,847.0,847.0,862.0,882.0,900.0,920.0,938.0,956.0,984.0,1001.0,1022.0,1040.0,1059.0,1075.0,1093.0,1114.0,1138.0,1160.0,1176.0,1250.0,1288.0,1320.0,1344.0,1371.0,1385.0,1396.0,1408.0,1424.0,1441.0,1463.0,1496.0,1529.0,1551.0,1579.0,1606.0,1629.0,1662.0,1692.0,1720.0,1745.0,1769.0,1792.0,1808.0,1834.0,1865.0,1881.0,1886.0,1905.0,1939.0,1958.0,1985.0,2001.0,2024.0,2038.0,2044.0,2053.0,2065.0,2074.0,2080.0,2096.0,2107.0,2121.0,2134.0,2147.0,2165.0,2176.0,2187.0,2197.0,2204.0,2214.0,2225.0,2243.0,2254.0,2270.0,2278.0,2289.0,2308.0,2321.0,2334.0,2341.0,2352.0,2361.0,2373.0,2381.0,2389.0,2397.0,2406.0,2415.0,2423.0,2430.0,2433.0,2442.0,2451.0,2459.0,2475.0,2482.0,2489.0,2498.0,2506.0,2518.0,2532.0,2542.0,2548.0,2551.0,2564.0,2577.0,2590.0,2596.0,2601.0,2607.0,2618.0,2630.0,2632.0,2637.0,2659.0,2685.0,2734.0,2745.0,2769.0,2785.0,2799.0,,,,,,,,,2880.0,2886.0,2895.0,2898.0,2909.0,2930.0,2945.0,2954.0,2969.0,2975.0,2993.0,3010.0,3020.0,3042.0,3054.0,3063.0,3082.0,3103.0,3117.0,3133.0,3139.0,3144.0,3149.0,3155.0,3157.0,3164.0,3171.0,3180.0,3190.0,3192.0,3193.0,3197.0,3207.0,3214.0,3227.0,3238.0,3250.0,3261.0,3275.0,3288.0,3296.0,3306.0,3311.0,3319.0,3331.0,3344.0,3352.0,3362.0,3372.0,3379.0,3384.0,3390.0,3406.0,3412.0,3423.0,3432.0,3436.0,3440.0,3444.0,3451.0,3458.0,3461.0,3468.0,3480.0,3486.0,3499.0,3513.0,3518.0,3522.0,3526.0,3532.0,3535.0,3544.0,3558.0,3562.0,3569.0,3570.0,3576.0,3579.0,3586.0,3591.0,3595.0,3601.0,3607.0,3610.0,3613.0,3615.0,3618.0,3624.0,3629.0,3631.0,3632.0,3635.0,3636.0,3636.0,3639.0,3640.0,3643.0,3645.0,3649.0,3652.0,3656.0,3659.0,3669.0,3673.0,3675.0,3677.0,3683.0,3693.0,3698.0,3703.0,3710.0,3715.0,3718.0,3724.0,3733.0,3737.0,3744.0,3750.0,3752.0,3754.0,,3758.0,3761.0,3763.0,3767.0,3773.0,3775.0,3782.0,3788.0,3793.0,3795.0,3797.0,3797.0,3798.0,3799.0,3801.0,3801.0,3801.0,3801.0,3803.0,3808.0,3809.0,3813.0,3813.0,3816.0,3818.0,3819.0,3821.0,3823.0,3825.0,3827.0,3834.0,3848.0,3849.0,3850.0,3855.0,3862.0,3867.0,3870.0,3873.0,3873.0,3876.0,3878.0,3879.0,3883.0,3887.0,3888.0,3893.0,3894.0,3897.0,3904.0,3908.0,3909.0,3915.0,3915.0,3917.0,3923.0,3929.0,3936.0,3944.0,3947.0,3953.0,3959.0,3961.0,3967.0,3974.0,3977.0,3980.0,3984.0,3993.0,4001.0,4008.0,4015.0,4026.0,4033.0,4039.0,4046.0,4056.0,4059.0,4063.0,4069.0,4074.0,4076.0,4081.0,4085.0,4088.0,4093.0,4098.0,4098.0,4100.0,4103.0,4106.0,4108.0,4116.0,4120.0,4125.0,4127.0,4128.0,4129.0,4131.0,4138.0,4140.0,4147.0,4150.0,4150.0,4153.0,4156.0,4157.0,4158.0,4159.0,4159.0,4163.0,4164.0,4165.0,4167
5SGwn8336iU,3094448.0,3094459.0,3094465.0,3094482.0,3094497.0,3094514.0,3094531.0,3094541.0,3094552.0,3094562.0,3094579.0,3094589.0,3094601.0,3094607.0,3094618.0,3094634.0,3094648.0,3094656.0,3094662.0,3094672.0,3094684.0,3094692.0,3094702.0,3094720.0,3094735.0,3094748.0,3094762.0,3094776.0,3094791.0,3094799.0,3094809.0,3094826.0,3094840.0,3094845.0,3094851.0,3094861.0,3094875.0,3094880.0,3094897.0,3094909.0,3094920.0,3094930.0,3094934.0,3094944.0,3094957.0,3094963.0,3094977.0,3094986.0,3094993.0,3095006.0,3095016.0,3095024.0,3095031.0,3095039.0,3095044.0,3095066.0,3095075.0,3095094.0,3095108.0,3095115.0,3095123.0,3095132.0,3095142.0,3095151.0,3095163.0,3095175.0,3095191.0,3095201.0,3095216.0,3095225.0,3095235.0,3095245.0,3095256.0,3095269.0,3095287.0,3095297.0,3095306.0,3095318.0,3095329.0,3095344.0,3095351.0,3095352.0,3095363.0,3095372.0,3095390.0,3095399.0,3095403.0,3095408.0,3095421.0,3095433.0,3095440.0,3095451.0,3095467.0,3095471.0,3095480.0,3095494.0,3095505.0,3095512.0,3095516.0,3095522.0,3095531.0,3095544.0,3095558.0,3095563.0,3095571.0,3095577.0,3095588.0,3095597.0,3095612.0,3095623.0,3095630.0,3095636.0,3095644.0,3095652.0,3095661.0,3095670.0,3095678.0,3095681.0,3095696.0,3095701.0,3095711.0,3095723.0,3095732.0,3095739.0,3095744.0,3095750.0,3095759.0,3095768.0,3095773.0,3095782.0,3095786.0,3095789.0,3095797.0,3095807.0,,,,,,,,,3095878.0,3095884.0,3095892.0,3095905.0,3095917.0,3095924.0,3095936.0,3095945.0,3095957.0,3095969.0,3095974.0,3095978.0,3095981.0,3095993.0,3095999.0,3096013.0,3096016.0,3096022.0,3096039.0,3096051.0,3096062.0,3096067.0,3096073.0,3096076.0,3096085.0,3096089.0,3096093.0,3096103.0,3096114.0,3096119.0,3096130.0,3096140.0,3096144.0,3096149.0,3096161.0,3096170.0,3096180.0,3096187.0,3096188.0,3096195.0,3096202.0,3096214.0,3096221.0,3096227.0,3096232.0,3096234.0,3096239.0,3096248.0,3096252.0,3096263.0,3096271.0,3096275.0,3096283.0,3096288.0,3096291.0,3096297.0,3096300.0,3096305.0,3096318.0,3096330.0,3096335.0,3096346.0,3096353.0,3096360.0,3096370.0,3096372.0,3096381.0,3096389.0,3096399.0,3096409.0,3096416.0,3096424.0,3096430.0,3096437.0,3096444.0,3096454.0,3096462.0,3096476.0,3096484.0,3096494.0,3096501.0,3096510.0,3096520.0,3096524.0,3096531.0,3096550.0,3096558.0,3096562.0,3096567.0,3096576.0,3096587.0,3096594.0,3096598.0,3096604.0,3096615.0,3096625.0,3096632.0,3096637.0,3096650.0,3096663.0,3096673.0,3096689.0,3096698.0,3096708.0,3096713.0,3096720.0,3096729.0,3096735.0,3096747.0,3096755.0,3096766.0,3096772.0,3096779.0,3096784.0,3096793.0,3096801.0,3096812.0,3096822.0,3096834.0,3096850.0,3096857.0,,3096871.0,3096877.0,3096881.0,3096891.0,3096905.0,3096912.0,3096922.0,3096933.0,3096941.0,3096947.0,3096956.0,3096966.0,3096974.0,3096983.0,3096986.0,3096993.0,3097001.0,3097011.0,3097022.0,3097028.0,3097039.0,3097049.0,3097055.0,3097060.0,3097071.0,3097077.0,3097085.0,3097095.0,3097102.0,3097115.0,3097127.0,3097136.0,3097145.0,3097155.0,3097169.0,3097181.0,3097191.0,3097199.0,3097220.0,3097232.0,3097246.0,3097254.0,3097259.0,3097265.0,3097269.0,3097280.0,3097286.0,3097291.0,3097295.0,3097302.0,3097317.0,3097327.0,3097331.0,3097336.0,3097341.0,3097350.0,3097355.0,3097369.0,3097386.0,3097388.0,3097394.0,3097400.0,3097402.0,3097407.0,3097416.0,3097423.0,3097428.0,3097432.0,3097441.0,3097445.0,3097452.0,3097460.0,3097469.0,3097471.0,3097477.0,3097482.0,3097487.0,3097492.0,3097496.0,3097499.0,3097504.0,3097508.0,3097513.0,3097521.0,3097529.0,3097537.0,3097540.0,3097551.0,3097557.0,3097561.0,3097566.0,3097572.0,3097579.0,3097588.0,3097595.0,3097607.0,3097612.0,3097617.0,3097622.0,3097631.0,3097640.0,3097649.0,3097656.0,3097668.0,3097677.0,3097682.0,3097693.0,3097698.0,3097709.0,3097713.0,3097721.0,3097732.0,3097740.0,3097749
CTWMY3dm8KU,92081.0,92211.0,92355.0,92515.0,92665.0,92827.0,92971.0,93112.0,93322.0,93476.0,93590.0,93736.0,93894.0,94136.0,94335.0,94576.0,94812.0,94993.0,95215.0,95478.0,95742.0,96001.0,96223.0,96401.0,96568.0,96782.0,96964.0,97167.0,97324.0,97502.0,97679.0,97847.0,98025.0,98203.0,98363.0,98536.0,98710.0,98848.0,98941.0,99073.0,99217.0,99375.0,99522.0,99631.0,99782.0,99917.0,100036.0,100191.0,100335.0,100447.0,100595.0,100792.0,100920.0,101069.0,101225.0,101368.0,101498.0,101626.0,101789.0,101882.0,102028.0,102148.0,102317.0,102549.0,102761.0,102999.0,103143.0,103313.0,103468.0,103679.0,103843.0,104030.0,104170.0,104341.0,104519.0,104679.0,104874.0,105052.0,105233.0,105385.0,105525.0,105730.0,105887.0,106044.0,106197.0,106357.0,106529.0,106658.0,106796.0,106932.0,107099.0,107298.0,107482.0,107686.0,107848.0,108022.0,108205.0,108363.0,108535.0,108690.0,108835.0,109000.0,109223.0,109443.0,109687.0,109908.0,110128.0,110315.0,110496.0,110720.0,110937.0,111112.0,111322.0,111583.0,111879.0,112052.0,112311.0,112543.0,112795.0,112968.0,113204.0,113391.0,113597.0,113813.0,113993.0,114262.0,114529.0,114917.0,115337.0,115640.0,116025.0,116311.0,116862.0,117408.0,,,,,,,,,120230.0,120562.0,120890.0,121283.0,121522.0,121733.0,121932.0,122111.0,122277.0,122448.0,122602.0,122797.0,123058.0,123217.0,123312.0,123405.0,123478.0,123555.0,123645.0,123770.0,123899.0,124079.0,124196.0,124370.0,124526.0,124666.0,124808.0,124991.0,125142.0,125243.0,125388.0,125554.0,125708.0,125905.0,126093.0,126285.0,126394.0,126584.0,126760.0,126908.0,127122.0,127370.0,127565.0,127747.0,127934.0,128119.0,128309.0,128524.0,128743.0,128926.0,129075.0,129258.0,129439.0,129674.0,129874.0,130090.0,130267.0,130398.0,130588.0,130766.0,130956.0,131075.0,131216.0,131335.0,131451.0,131632.0,131818.0,131994.0,132116.0,132320.0,132508.0,132631.0,132842.0,133054.0,133198.0,133387.0,133533.0,133691.0,133827.0,133984.0,134118.0,134263.0,134427.0,134625.0,134787.0,134964.0,135125.0,135324.0,135462.0,135641.0,135875.0,136107.0,136294.0,136506.0,136741.0,136894.0,137114.0,137294.0,137507.0,137649.0,137813.0,138058.0,138294.0,138499.0,138771.0,139002.0,139151.0,139336.0,139575.0,139835.0,140061.0,140354.0,140578.0,140708.0,140859.0,141062.0,141179.0,141333.0,141508.0,141625.0,141714.0,,141967.0,142206.0,142382.0,142497.0,142603.0,142701.0,142796.0,142902.0,143021.0,143135.0,143255.0,143351.0,143463.0,143556.0,143657.0,143776.0,143879.0,143991.0,144102.0,144157.0,144258.0,144383.0,144485.0,144589.0,144675.0,144796.0,144867.0,144945.0,145043.0,145165.0,145256.0,145349.0,145419.0,145483.0,145560.0,145646.0,145734.0,145856.0,145954.0,146036.0,146126.0,146215.0,146324.0,146423.0,146534.0,146647.0,146814.0,146946.0,147126.0,147274.0,147440.0,147586.0,147709.0,147914.0,148017.0,148116.0,148233.0,148330.0,148414.0,148543.0,148674.0,148752.0,148841.0,148956.0,149087.0,149230.0,149400.0,149588.0,149740.0,149934.0,150112.0,150323.0,150601.0,150839.0,151034.0,151151.0,151306.0,151494.0,151683.0,151838.0,151978.0,152119.0,152255.0,152375.0,152500.0,152652.0,152778.0,152932.0,153054.0,153164.0,153296.0,153430.0,153591.0,153794.0,154001.0,154190.0,154381.0,154567.0,154724.0,154919.0,155084.0,155230.0,155372.0,155498.0,155623.0,155809.0,155972.0,156166.0,156318.0,156428.0,156567.0,156716.0,156905.0,157131
evSYBzaPCSo,1038.0,1038.0,1038.0,1038.0,1038.0,1038.0,1041.0,1043.0,1045.0,1046.0,1046.0,1046.0,1046.0,1047.0,1047.0,1047.0,1047.0,1049.0,1049.0,1049.0,1049.0,1049.0,1049.0,1049.0,1049.0,1049.0,1049.0,1049.0,1049.0,1049.0,1050.0,1050.0,1050.0,1051.0,1052.0,1052.0,1052.0,1052.0,1052.0,1053.0,1053.0,1054.0,1054.0,1054.0,1054.0,1054.0,1054.0,1054.0,1054.0,1055.0,1055.0,1055.0,1055.0,1055.0,1055.0,1055.0,1056.0,1056.0,1056.0,1056.0,1056.0,1056.0,1056.0,1056.0,1056.0,1056.0,1056.0,1056.0,1056.0,1059.0,1060.0,1060.0,1060.0,1060.0,1060.0,1060.0,1060.0,1060.0,1060.0,1061.0,1061.0,1061.0,1061.0,1061.0,1061.0,1061.0,1061.0,1064.0,1064.0,1065.0,1065.0,1067.0,1067.0,1068.0,1068.0,1068.0,1068.0,1068.0,1068.0,1069.0,1069.0,1069.0,1069.0,1070.0,1070.0,1070.0,1070.0,1070.0,1071.0,1070.0,1072.0,1072.0,1072.0,1072.0,1072.0,1072.0,1072.0,1072.0,1072.0,1073.0,1073.0,1073.0,1073.0,1073.0,1073.0,1073.0,1073.0,1073.0,1073.0,1074.0,1074.0,1074.0,1075.0,1076.0,,,,,,,,,1087.0,1087.0,1087.0,1088.0,1088.0,1088.0,1089.0,1089.0,1089.0,1089.0,1090.0,1091.0,1091.0,1091.0,1091.0,1091.0,1091.0,1091.0,1091.0,1091.0,1092.0,1093.0,1093.0,1093.0,1094.0,1094.0,1094.0,1094.0,1094.0,1094.0,1095.0,1096.0,1097.0,1098.0,1098.0,1099.0,1099.0,1100.0,1100.0,1100.0,1101.0,1100.0,1103.0,1104.0,1105.0,1106.0,1107.0,1107.0,1107.0,1107.0,1107.0,1107.0,1107.0,1107.0,1107.0,1108.0,1108.0,1108.0,1108.0,1108.0,1109.0,1109.0,1109.0,1109.0,1109.0,1109.0,1109.0,1109.0,1111.0,1112.0,1112.0,1112.0,1114.0,1114.0,1115.0,1115.0,1116.0,1116.0,1116.0,1117.0,1117.0,1117.0,1117.0,1117.0,1117.0,1118.0,1120.0,1120.0,1120.0,1121.0,1122.0,1122.0,1122.0,1122.0,1122.0,1123.0,1123.0,1123.0,1123.0,1123.0,1123.0,1123.0,1123.0,1123.0,1123.0,1124.0,1124.0,1124.0,1125.0,1126.0,1126.0,1126.0,1126.0,1127.0,1127.0,1127.0,1127.0,1127.0,1127.0,1127.0,1128.0,,1128.0,1129.0,1131.0,1133.0,1133.0,1133.0,1133.0,1133.0,1133.0,1133.0,1134.0,1134.0,1134.0,1134.0,1134.0,1134.0,1134.0,1134.0,1134.0,1134.0,1134.0,1134.0,1134.0,1134.0,1134.0,1134.0,1136.0,1136.0,1136.0,1136.0,1136.0,1136.0,1136.0,1136.0,1136.0,1137.0,1137.0,1138.0,1140.0,1141.0,1141.0,1141.0,1141.0,1141.0,1141.0,1141.0,1141.0,1141.0,1141.0,1141.0,1141.0,1141.0,1141.0,1141.0,1141.0,1143.0,1143.0,1143.0,1144.0,1144.0,1144.0,1145.0,1146.0,1146.0,1146.0,1146.0,1146.0,1146.0,1146.0,1146.0,1146.0,1146.0,1146.0,1146.0,1146.0,1146.0,1146.0,1146.0,1146.0,1146.0,1146.0,1146.0,1146.0,1146.0,1147.0,1147.0,1148.0,1148.0,1148.0,1148.0,1148.0,1148.0,1148.0,1148.0,1148.0,1148.0,1148.0,1148.0,1148.0,1148.0,1148.0,1148.0,1148.0,1149.0,1150.0,1150.0,1150.0,1150.0,1150.0,1150.0,1150.0,1150.0,1150.0,1150
7dQIn4MkLko,978836.0,979708.0,980706.0,981558.0,982473.0,983591.0,984513.0,985598.0,986999.0,987939.0,988815.0,990219.0,991704.0,993169.0,994775.0,996146.0,997554.0,998517.0,1000033.0,1002006.0,1003703.0,1005513.0,1007091.0,1008283.0,1009316.0,1010338.0,1011259.0,1012341.0,1013368.0,1014484.0,1015575.0,1016356.0,1017335.0,1018210.0,1019457.0,1020989.0,1022297.0,1023401.0,1024247.0,1027404.0,1030658.0,1034602.0,1037755.0,1040632.0,1042932.0,1044615.0,1046717.0,1049153.0,1051135.0,1053828.0,1055463.0,1056882.0,1057731.0,1058988.0,1060136.0,1061159.0,1062096.0,1063148.0,1064053.0,1064753.0,1065634.0,1066608.0,1067691.0,1068761.0,1070166.0,1071331.0,1072347.0,1074498.0,1076558.0,1079002.0,1081104.0,1082604.0,1083776.0,1084690.0,1085959.0,1087052.0,1088196.0,1089335.0,1090505.0,1091367.0,1092079.0,1093251.0,1094351.0,1095633.0,1096863.0,1098022.0,1099003.0,1099924.0,1100935.0,1102262.0,1103551.0,1104773.0,1105887.0,1106989.0,1107974.0,1109386.0,1111243.0,1112865.0,1114343.0,1115852.0,1117079.0,1118296.0,1119539.0,1120834.0,1121969.0,1123182.0,1124343.0,1125338.0,1126371.0,1127588.0,1128720.0,1129950.0,1131209.0,1132437.0,1133706.0,1134564.0,1135690.0,1136892.0,1137845.0,1139198.0,1140287.0,1141115.0,1142005.0,1143053.0,1143955.0,1144804.0,1145834.0,1146996.0,1148030.0,1148964.0,1149985.0,1150966.0,1151959.0,1153061.0,,,,,,,,,1162248.0,1162819.0,1163497.0,1164239.0,1164894.0,1165643.0,1166315.0,1166857.0,1167392.0,1168062.0,1168759.0,1169600.0,1170544.0,1171536.0,1172244.0,1172821.0,1173649.0,1174608.0,1175593.0,1176458.0,1177202.0,1177893.0,1178517.0,1179341.0,1180085.0,1180875.0,1181626.0,1182449.0,1183113.0,1183797.0,1184548.0,1185549.0,1186490.0,1187462.0,1188338.0,1189012.0,1189649.0,1190302.0,1190901.0,1191589.0,1192251.0,1193003.0,1193558.0,1194021.0,1194700.0,1195391.0,1196077.0,1196797.0,1197613.0,1198193.0,1198645.0,1199438.0,1200138.0,1200882.0,1201504.0,1202201.0,1202810.0,1203312.0,1203966.0,1204753.0,1205501.0,1206038.0,1206705.0,1207297.0,1207765.0,1208517.0,1209240.0,1209992.0,1210532.0,1211109.0,1211741.0,1212221.0,1213007.0,1213831.0,1214724.0,1215521.0,1216311.0,1216977.0,1217558.0,1218304.0,1219081.0,1219788.0,1220556.0,1221196.0,1221665.0,1222137.0,1222636.0,1223220.0,1223758.0,1224351.0,1224863.0,1225347.0,1225737.0,1226388.0,1227015.0,1227671.0,1228414.0,1229213.0,1229821.0,1230306.0,1230936.0,1231644.0,1232370.0,1233202.0,1233976.0,1234486.0,1234882.0,1235511.0,1236105.0,1236663.0,1237282.0,1237957.0,1238492.0,1238915.0,1239298.0,1239707.0,1240070.0,1240532.0,1241049.0,1241434.0,1241722.0,,1242421.0,1242772.0,1243138.0,1243532.0,1243885.0,1244111.0,1244394.0,1244693.0,1245039.0,1245462.0,1245812.0,1246106.0,1246339.0,1246693.0,1246986.0,1247368.0,1247741.0,1248120.0,1248565.0,1248978.0,1249649.0,1250379.0,1250980.0,1251420.0,1251793.0,1252103.0,1252391.0,1252691.0,1253077.0,1253448.0,1253844.0,1254213.0,1254510.0,1254697.0,1255004.0,1255294.0,1255602.0,1255922.0,1256262.0,1256595.0,1256902.0,1257304.0,1257672.0,1258045.0,1258402.0,1258858.0,1259435.0,1260009.0,1260725.0,1261481.0,1262185.0,1262926.0,1263644.0,1264409.0,1265046.0,1265697.0,1266590.0,1267620.0,1268370.0,1269188.0,1270015.0,1270581.0,1271390.0,1272781.0,1274126.0,1275485.0,1276454.0,1277234.0,1278085.0,1279053.0,1280179.0,1281592.0,1283021.0,1284567.0,1285777.0,1286765.0,1287939.0,1289218.0,1290548.0,1291821.0,1293091.0,1293945.0,1294632.0,1295493.0,1296405.0,1297266.0,1298184.0,1299029.0,1299687.0,1300334.0,1300999.0,1301768.0,1302496.0,1303172.0,1303984.0,1304622.0,1305110.0,1305705.0,1306382.0,1306949.0,1307593.0,1308197.0,1308779.0,1309269.0,1309900.0,1310688.0,1311639.0,1312599.0,1313375.0,1314072.0,1314678.0,1315379.0,1316179.0,1316965
zl2rHiDXI5k,68094.0,68310.0,68500.0,68764.0,68846.0,68870.0,68888.0,68898.0,68913.0,68931.0,68946.0,68958.0,68975.0,68996.0,69022.0,69054.0,69071.0,69089.0,69103.0,69122.0,69144.0,69160.0,69175.0,69184.0,69194.0,69206.0,69221.0,69233.0,69249.0,69266.0,69289.0,69300.0,69315.0,69327.0,69354.0,69376.0,69395.0,69406.0,69869.0,70394.0,71220.0,71963.0,72493.0,73155.0,73494.0,73812.0,74161.0,74452.0,74645.0,,,,,,,,,,,,,,,,,,,,,,,,,,,,,,,,,,,,,,,,,,,,,,,,,,,,,,,,,,,,,,,,,,,,,,,,,,,,,,,,,,,,,,,,,,,,,,,,,,,,,,,,,,,,,,,,,,,,,,,,,,,,,,,,,,,,,,,,,,,,,,,,,,,,,,,,,,,,,,,,,,,,,,,,,,,,,,,,,,,,,,,,,,,,,,,,,,,,,,,,,,,,,,,,,,,,,,,,,,,,,,,,,,,,,,,,,,,,,,,,,,,,,,,,,,,,,,,,,,,,,,,,,,,,,,,,,,,,,,,,,,,,,,,,,,,,,,,,,,,,,,,,,,,,,,,,,,,,,,,,,,,,,,,,,
ayRc_PZxBdE,131862.0,131907.0,131953.0,131982.0,132011.0,132052.0,132100.0,132131.0,132176.0,132203.0,132233.0,132264.0,132294.0,132323.0,132369.0,132412.0,132455.0,132482.0,132516.0,132578.0,132628.0,132666.0,132709.0,132744.0,132783.0,132834.0,132889.0,132944.0,132987.0,133032.0,133064.0,133108.0,133138.0,133180.0,133222.0,133267.0,133317.0,133346.0,133377.0,133398.0,133415.0,133453.0,133488.0,133524.0,133561.0,133596.0,133632.0,133665.0,133704.0,133751.0,133793.0,133822.0,133860.0,133894.0,133934.0,133956.0,133968.0,134001.0,134029.0,134056.0,134092.0,134116.0,134138.0,134169.0,134199.0,134222.0,134235.0,134255.0,134276.0,134299.0,134336.0,134367.0,134390.0,134418.0,134461.0,134486.0,134513.0,134551.0,134573.0,134609.0,134628.0,134649.0,134680.0,134707.0,134739.0,134777.0,134822.0,134843.0,134863.0,134895.0,134923.0,134950.0,134978.0,135009.0,135036.0,135076.0,135104.0,135143.0,135166.0,135197.0,135232.0,135259.0,135287.0,135307.0,135322.0,135350.0,135379.0,135403.0,135433.0,135452.0,135467.0,135480.0,135504.0,135531.0,135563.0,135577.0,135592.0,135614.0,135640.0,135662.0,135682.0,135699.0,135717.0,135738.0,135760.0,135784.0,135809.0,135827.0,135848.0,135861.0,135883.0,135901.0,135915.0,135940.0,,,,,,,,,136161.0,136188.0,136206.0,136228.0,136250.0,136267.0,136285.0,136297.0,136358.0,136391.0,136447.0,136489.0,136489.0,136490.0,136490.0,136490.0,136490.0,136490.0,136490.0,136490.0,136490.0,136490.0,136490.0,136490.0,136490.0,136490.0,136490.0,136490.0,136490.0,136490.0,136490.0,136490.0,136490.0,136490.0,136490.0,136490.0,136490.0,136490.0,136490.0,136490.0,136490.0,136490.0,136490.0,136490.0,136490.0,136490.0,136490.0,136490.0,136490.0,136490.0,136490.0,136490.0,136490.0,136490.0,136490.0,136490.0,136490.0,136490.0,136490.0,136490.0,136490.0,136490.0,136490.0,136490.0,136490.0,136490.0,136490.0,136490.0,136490.0,136490.0,136490.0,136490.0,136490.0,136490.0,136490.0,136490.0,136490.0,136490.0,136490.0,136490.0,136490.0,136490.0,136490.0,136490.0,136490.0,136490.0,136490.0,136490.0,136490.0,136490.0,136490.0,136490.0,136490.0,136490.0,136490.0,136490.0,136490.0,136490.0,136490.0,136490.0,136490.0,136490.0,136490.0,136490.0,136490.0,136490.0,136490.0,136490.0,136490.0,136490.0,136490.0,136490.0,136490.0,136490.0,136490.0,136490.0,136490.0,136490.0,136490.0,136490.0,136490.0,,136490.0,136490.0,136490.0,136490.0,136490.0,136490.0,136490.0,136490.0,136490.0,136490.0,136490.0,136490.0,136490.0,136490.0,136490.0,136490.0,136490.0,136490.0,136490.0,136490.0,136490.0,136490.0,136490.0,136490.0,136490.0,136490.0,136490.0,136490.0,136490.0,136490.0,136490.0,136490.0,136490.0,136490.0,136490.0,136490.0,136490.0,136490.0,136490.0,136490.0,136490.0,136490.0,136490.0,136490.0,136490.0,136490.0,136490.0,136490.0,136490.0,136490.0,136490.0,136490.0,136490.0,136490.0,136490.0,136490.0,136490.0,136490.0,136490.0,136490.0,136490.0,136490.0,136490.0,136490.0,136490.0,136490.0,136490.0,136490.0,136490.0,136490.0,136490.0,136490.0,136490.0,136490.0,136490.0,136490.0,136490.0,136490.0,136490.0,136490.0,136490.0,136490.0,136490.0,136490.0,136490.0,136490.0,136490.0,136490.0,136490.0,136490.0,136490.0,136490.0,136490.0,136490.0,136490.0,136490.0,136490.0,136490.0,136490.0,136490.0,136490.0,136490.0,136490.0,136490.0,136490.0,136490.0,136490.0,136490.0,136490.0,136490.0,136490.0,136490.0,136490.0,136490
BYWVCpi0x2g,686710.0,686870.0,687068.0,687262.0,687459.0,687605.0,687774.0,687943.0,688081.0,688252.0,688387.0,688535.0,688687.0,688805.0,688945.0,689070.0,689199.0,689324.0,689433.0,689571.0,689714.0,689835.0,689963.0,690122.0,690244.0,690405.0,690560.0,690709.0,690845.0,691009.0,691159.0,691293.0,691470.0,691665.0,691868.0,692030.0,692223.0,692398.0,692552.0,692718.0,692842.0,692977.0,693118.0,693285.0,693437.0,693582.0,693701.0,693868.0,694027.0,694151.0,694326.0,694473.0,694581.0,694715.0,694846.0,695004.0,695133.0,695264.0,695386.0,695535.0,695665.0,695840.0,695978.0,696119.0,696239.0,696342.0,696482.0,696606.0,696745.0,697004.0,697190.0,697354.0,697501.0,697640.0,697771.0,697908.0,698051.0,698185.0,698321.0,698451.0,698577.0,698713.0,698835.0,698971.0,699129.0,699266.0,699391.0,699505.0,699607.0,699713.0,699821.0,699950.0,700040.0,700168.0,700286.0,700432.0,700546.0,700646.0,700759.0,700866.0,700961.0,701064.0,701190.0,701289.0,701402.0,701511.0,701617.0,701723.0,701849.0,701956.0,702053.0,702152.0,702292.0,702419.0,702510.0,702632.0,702775.0,702919.0,703027.0,703149.0,703244.0,703358.0,703450.0,703586.0,703722.0,703866.0,703996.0,704112.0,704219.0,704314.0,704417.0,704513.0,704637.0,704777.0,,,,,,,,,705770.0,705868.0,705954.0,706054.0,706176.0,706299.0,706412.0,706540.0,706650.0,706759.0,706859.0,706975.0,707095.0,707231.0,707345.0,707443.0,707589.0,707717.0,707861.0,707974.0,708098.0,708202.0,708307.0,708422.0,708551.0,708652.0,708766.0,708868.0,708984.0,709087.0,709186.0,709300.0,709420.0,709550.0,709667.0,709800.0,709904.0,710012.0,710110.0,710252.0,710375.0,710468.0,710587.0,710670.0,710793.0,710869.0,710983.0,711157.0,711290.0,711422.0,711547.0,711669.0,711777.0,711885.0,712008.0,712108.0,712221.0,712325.0,712433.0,712529.0,712664.0,712753.0,712838.0,712948.0,713045.0,713169.0,713276.0,713406.0,713503.0,713607.0,713716.0,713814.0,713909.0,714008.0,714117.0,714220.0,714359.0,714517.0,714611.0,714715.0,714829.0,714951.0,715078.0,715183.0,715281.0,715373.0,715472.0,715592.0,715702.0,715830.0,715933.0,716089.0,716189.0,716281.0,716392.0,716510.0,716611.0,716734.0,716846.0,716936.0,717029.0,717157.0,717271.0,717424.0,717559.0,717716.0,717815.0,717929.0,718079.0,718215.0,718319.0,718444.0,718531.0,718653.0,718754.0,718852.0,718944.0,719051.0,719151.0,719275.0,719393.0,,719632.0,719752.0,719852.0,719954.0,720083.0,720180.0,720283.0,720421.0,720543.0,720664.0,720795.0,720958.0,721066.0,721211.0,721331.0,721491.0,721617.0,721763.0,721871.0,721996.0,722121.0,722284.0,722426.0,722529.0,722655.0,722758.0,722879.0,722999.0,723099.0,723220.0,723366.0,723460.0,723601.0,723725.0,723836.0,724006.0,724153.0,724281.0,724404.0,724513.0,724595.0,724673.0,724778.0,724892.0,725038.0,725155.0,725267.0,725340.0,725461.0,725567.0,725700.0,725800.0,725891.0,725991.0,726105.0,726210.0,726322.0,726425.0,726503.0,726639.0,726742.0,726853.0,726971.0,727084.0,727230.0,727372.0,727488.0,727600.0,727697.0,727804.0,727914.0,728023.0,728153.0,728278.0,728397.0,728498.0,728629.0,728750.0,728856.0,728978.0,729066.0,729180.0,729274.0,729380.0,729495.0,729619.0,729734.0,729862.0,729952.0,730060.0,730158.0,730272.0,730394.0,730511.0,730613.0,730752.0,730853.0,730963.0,731078.0,731222.0,731339.0,731451.0,731536.0,731653.0,731740.0,731873.0,731969.0,732079.0,732210.0,732297.0,732378.0,732465.0,732567.0,732676
1wZUlOUjEvg,9130038.0,9141201.0,9154119.0,9166263.0,9178210.0,9190567.0,9202398.0,9214543.0,9227493.0,9239358.0,9250065.0,9260366.0,9271835.0,9284318.0,9296242.0,9308222.0,9319197.0,9329320.0,9339777.0,9350676.0,9362380.0,9374155.0,9385911.0,9396884.0,9407479.0,9418561.0,9430666.0,9442276.0,9453614.0,9464559.0,9474221.0,9482869.0,9491885.0,9501877.0,9511906.0,9522018.0,9532080.0,9540956.0,9549687.0,9558564.0,9568179.0,9577323.0,9586319.0,9595589.0,9604639.0,9613230.0,9622212.0,9632263.0,9642177.0,9650853.0,9659077.0,9667686.0,9676403.0,9686133.0,9695924.0,9705598.0,9714892.0,9723608.0,9731760.0,9740174.0,9749002.0,9758401.0,9767814.0,9775943.0,9783648.0,9790477.0,9796883.0,9802786.0,9809239.0,9817789.0,9825622.0,9833195.0,9840530.0,9847239.0,9853997.0,9861314.0,9868860.0,9876186.0,9883729.0,9891335.0,9898146.0,9905021.0,9912414.0,9919979.0,9927356.0,9935141.0,9942514.0,9948964.0,9955706.0,9962834.0,9970174.0,9977387.0,9984849.0,9992076.0,9998881.0,10005334.0,10012604.0,10019748.0,10026998.0,10034440.0,10041652.0,10048416.0,10055219.0,10062297.0,10069973.0,10077581.0,10085015.0,10092032.0,10098317.0,10105652.0,10113811.0,10122872.0,10131655.0,10140536.0,10148539.0,10155449.0,10162463.0,10170663.0,10178687.0,10186207.0,10193580.0,10200035.0,10205803.0,10212017.0,10219332.0,10226392.0,10233663.0,10240919.0,10247533.0,10253254.0,10259683.0,10266377.0,10273282.0,10280586.0,,,,,,,,,10338421.0,10344051.0,10349904.0,10356344.0,10362846.0,10369347.0,10375411.0,10381192.0,10386886.0,10392392.0,10398394.0,10404509.0,10411303.0,10417534.0,10423214.0,10428605.0,10434334.0,10440624.0,10446904.0,10453253.0,10459462.0,10465501.0,10470886.0,10476909.0,10483581.0,10490327.0,10497228.0,10504111.0,10510192.0,10516028.0,10522245.0,10529109.0,10535866.0,10542366.0,10548631.0,10554567.0,10560051.0,10565678.0,10572380.0,10578858.0,10585055.0,10591430.0,10597316.0,10602658.0,10608482.0,10614870.0,10621211.0,10627704.0,10634063.0,10640118.0,10645622.0,10651615.0,10657963.0,10664661.0,10671085.0,10677382.0,10682899.0,10688001.0,10693382.0,10699535.0,10705692.0,10710768.0,10715567.0,10720417.0,10724986.0,10730225.0,10735902.0,10741039.0,10745251.0,10749493.0,10754191.0,10758671.0,10763845.0,10769527.0,10775347.0,10780978.0,10787116.0,10792694.0,10797889.0,10803171.0,10809252.0,10815118.0,10821832.0,10828108.0,10833711.0,10838937.0,10844724.0,10851115.0,10857556.0,10864080.0,10870681.0,10876604.0,10882224.0,10888509.0,10895219.0,10902174.0,10909067.0,10916093.0,10922543.0,10928149.0,10934467.0,10941320.0,10948086.0,10955088.0,10961528.0,10967465.0,10973161.0,10979043.0,10985399.0,10992171.0,10998551.0,11005126.0,11011186.0,11016678.0,11022207.0,11028111.0,11034048.0,11040035.0,11046484.0,11052548.0,11058207.0,,11071779.0,11078856.0,11086147.0,11092899.0,11099514.0,11105378.0,11111952.0,11119015.0,11126094.0,11133454.0,11140599.0,11147333.0,11153659.0,11160250.0,11167595.0,11175353.0,11182874.0,11190810.0,11197886.0,11204462.0,11211718.0,11219501.0,11227278.0,11234498.0,11241326.0,11247228.0,11252835.0,11258973.0,11265550.0,11272615.0,11279490.0,11286825.0,11293294.0,11298962.0,11305522.0,11312773.0,11319666.0,11326809.0,11333137.0,11338590.0,11344113.0,11350281.0,11357227.0,11364263.0,11371402.0,11378337.0,11384768.0,11390648.0,11396905.0,11404081.0,11411199.0,11418202.0,11425412.0,11432069.0,11437950.0,11444231.0,11451322.0,11458644.0,11465830.0,11472917.0,11479159.0,11485164.0,11491731.0,11499109.0,11506656.0,11513975.0,11520672.0,11527015.0,11532452.0,11539058.0,11546073.0,11553264.0,11560211.0,11567406.0,11573911.0,11579605.0,11585968.0,11593240.0,11600701.0,11607914.0,11615600.0,11622225.0,11628218.0,11634877.0,11641541.0,11648609.0,11655701.0,11662617.0,11668953.0,11674625.0,11680656.0,11686835.0,11693423.0,11699940.0,11706487.0,11712722.0,11718205.0,11723995.0,11730463.0,11737021.0,11743704.0,11750240.0,11756086.0,11761369.0,11767134.0,11773559.0,11780143.0,11786514.0,11792514.0,11798109.0,11803086.0,11808410.0,11814595.0,11820716
G0JknhjSRB0,47437.0,47453.0,47477.0,47501.0,47508.0,47531.0,47551.0,47569.0,47595.0,47606.0,47620.0,47632.0,47649.0,47665.0,47681.0,47704.0,47735.0,47746.0,47766.0,47777.0,47792.0,47811.0,47838.0,47848.0,47870.0,47889.0,47907.0,47924.0,47942.0,47959.0,47979.0,47996.0,48000.0,48009.0,48030.0,48040.0,48063.0,48080.0,48093.0,48103.0,48117.0,48132.0,48147.0,48159.0,48173.0,48187.0,48193.0,48202.0,48213.0,48235.0,48253.0,48267.0,48281.0,48291.0,48307.0,48321.0,48341.0,48349.0,48357.0,48377.0,48389.0,48400.0,48410.0,48422.0,48434.0,48450.0,48462.0,48471.0,48480.0,48489.0,48502.0,48517.0,48530.0,48544.0,48560.0,48580.0,48596.0,48620.0,48639.0,48659.0,48669.0,48686.0,48695.0,48712.0,48719.0,48730.0,48741.0,48749.0,48754.0,48761.0,48764.0,48775.0,48783.0,48792.0,48804.0,48811.0,48823.0,48837.0,48845.0,48855.0,48863.0,48873.0,48882.0,48892.0,48900.0,48906.0,48917.0,48923.0,48932.0,48943.0,48948.0,48958.0,48973.0,48979.0,48991.0,48999.0,49006.0,49017.0,49028.0,49042.0,49054.0,49068.0,49082.0,49091.0,49108.0,49123.0,49134.0,49151.0,49155.0,49161.0,49166.0,49174.0,49181.0,49184.0,,,,,,,,,49270.0,49275.0,49285.0,49290.0,49299.0,49305.0,49314.0,49324.0,49332.0,49338.0,49356.0,49371.0,49379.0,49393.0,49397.0,49408.0,49415.0,49424.0,49429.0,49433.0,49439.0,49448.0,49457.0,49467.0,49472.0,49478.0,49484.0,49492.0,49496.0,49509.0,49515.0,49521.0,49532.0,49548.0,49558.0,49562.0,49568.0,49569.0,49576.0,49582.0,49591.0,49601.0,49610.0,49618.0,49624.0,49635.0,49654.0,49663.0,49670.0,49677.0,49681.0,49687.0,49699.0,49704.0,49706.0,49715.0,49722.0,49727.0,49735.0,49741.0,49742.0,49750.0,49757.0,49765.0,49779.0,49784.0,49794.0,49797.0,49804.0,49808.0,49813.0,49821.0,49825.0,49831.0,49843.0,49854.0,49865.0,49875.0,49887.0,49897.0,49908.0,49918.0,49928.0,49936.0,49952.0,49961.0,49971.0,49982.0,49989.0,49995.0,50004.0,50010.0,50018.0,50026.0,50032.0,50043.0,50049.0,50056.0,50067.0,50076.0,50092.0,50103.0,50114.0,50130.0,50148.0,50160.0,50167.0,50186.0,50201.0,50211.0,50218.0,50229.0,50243.0,50256.0,50271.0,50275.0,50282.0,50296.0,50307.0,50316.0,50327.0,,50349.0,50364.0,50371.0,50385.0,50390.0,50397.0,50403.0,50406.0,50418.0,50429.0,50435.0,50440.0,50444.0,50448.0,50457.0,50463.0,50480.0,50505.0,50528.0,50555.0,50575.0,50603.0,50616.0,50632.0,50646.0,50661.0,50669.0,50693.0,50701.0,50710.0,50722.0,50734.0,50745.0,50758.0,50771.0,50791.0,50808.0,50815.0,50831.0,50838.0,50846.0,50860.0,50871.0,50890.0,50901.0,50923.0,50936.0,50954.0,50969.0,50981.0,50990.0,51003.0,51018.0,51028.0,51044.0,51056.0,51070.0,51079.0,51093.0,51100.0,51110.0,51131.0,51144.0,51157.0,51169.0,51184.0,51194.0,51202.0,51215.0,51241.0,51255.0,51273.0,51289.0,51309.0,51323.0,51334.0,51352.0,51366.0,51382.0,51415.0,51441.0,51450.0,51468.0,51483.0,51502.0,51526.0,51551.0,51572.0,51597.0,51626.0,51666.0,51701.0,51754.0,51785.0,51812.0,51833.0,51849.0,51872.0,51893.0,51916.0,51925.0,51941.0,51955.0,51975.0,51989.0,52005.0,52026.0,52047.0,52067.0,52087.0,52110.0,52128.0,52144.0,52161
kPdB6iGYBBc,3498078.0,3499830.0,3502098.0,3504115.0,3506989.0,3509990.0,3512270.0,3514792.0,3517821.0,3520101.0,3522417.0,3525386.0,3528484.0,3531593.0,3534699.0,3538583.0,3540838.0,3542946.0,3545717.0,3548185.0,3550747.0,3554039.0,3557081.0,3559444.0,3561453.0,3564163.0,3566546.0,3569235.0,3571916.0,3574339.0,3576562.0,3578483.0,3581307.0,3584092.0,3587156.0,3590227.0,3593510.0,3595759.0,3597880.0,3601088.0,3604081.0,3607042.0,3609930.0,3612654.0,3614976.0,3617543.0,3620201.0,3622803.0,3625443.0,3627651.0,3630737.0,3632808.0,3634865.0,3637285.0,3639845.0,3642165.0,3644241.0,3646379.0,3648586.0,3650548.0,3652624.0,3655097.0,3657308.0,3659740.0,3661936.0,3664175.0,3665813.0,3668225.0,3670371.0,3673094.0,3675506.0,3677256.0,3679097.0,3680786.0,3682981.0,3685492.0,3687796.0,3690105.0,3692335.0,3694180.0,3695909.0,3697793.0,3699893.0,3702017.0,3704321.0,3706455.0,3708435.0,3710107.0,3712199.0,3714328.0,3716545.0,3718883.0,3721225.0,3723052.0,3725005.0,3727038.0,3729412.0,3731640.0,3733959.0,3736088.0,3738213.0,3740098.0,3742511.0,3744843.0,3747135.0,3749607.0,3751860.0,3753677.0,3755480.0,3757789.0,3760245.0,3762339.0,3764612.0,3766796.0,3768595.0,3770107.0,3772203.0,3774318.0,3776503.0,3778882.0,3780715.0,3782697.0,3784425.0,3786363.0,3787982.0,3789691.0,3791326.0,3793145.0,3794916.0,3796482.0,3798502.0,3800232.0,3802152.0,3804103.0,,,,,,,,,3821346.0,3822831.0,3824915.0,3826742.0,3828556.0,3830542.0,3832416.0,3834030.0,3835672.0,3837553.0,3839411.0,3841406.0,3843357.0,3845245.0,3846657.0,3847978.0,3849848.0,3851907.0,3853773.0,3855458.0,3857312.0,3858934.0,3860540.0,3862307.0,3864235.0,3866151.0,3868033.0,3869925.0,3871543.0,3873082.0,3874882.0,3876761.0,3878570.0,3880378.0,3882151.0,3883788.0,3885220.0,3887197.0,3889128.0,3891216.0,3893153.0,3894992.0,3896588.0,3898000.0,3899800.0,3901785.0,3903690.0,3905546.0,3907339.0,3908968.0,3910248.0,3911855.0,3913509.0,3915164.0,3916929.0,3918715.0,3920153.0,3921610.0,3923464.0,3925217.0,3926896.0,3928192.0,3929747.0,3931223.0,3932667.0,3934189.0,3935888.0,3937600.0,3938891.0,3940415.0,3941950.0,3943323.0,3944957.0,3946665.0,3948475.0,3950044.0,3952047.0,3953719.0,3955173.0,3956962.0,3958720.0,3960328.0,3962350.0,3964453.0,3966045.0,3967586.0,3969371.0,3971243.0,3973038.0,3974794.0,3976545.0,3978046.0,3979443.0,3981108.0,3982600.0,3984272.0,3985853.0,3987679.0,3989179.0,3990621.0,3992310.0,3994005.0,3995744.0,3997335.0,3999196.0,4000627.0,4001922.0,4003593.0,4005264.0,4007000.0,4008679.0,4010408.0,4011966.0,4013449.0,4014837.0,4016320.0,4017672.0,4019212.0,4020789.0,4022397.0,4023648.0,,4027021.0,4028677.0,4030395.0,4032168.0,4033843.0,4035387.0,4036801.0,4038466.0,4040390.0,4042358.0,4044141.0,4045727.0,4047103.0,4048882.0,4050416.0,4052082.0,4053777.0,4055549.0,4056965.0,4058585.0,4060351.0,4062105.0,4063885.0,4065660.0,4067696.0,4069380.0,4070916.0,4072895.0,4074502.0,4076285.0,4078181.0,4080038.0,4081635.0,4083122.0,4084831.0,4086673.0,4088423.0,4090282.0,4092206.0,4093800.0,4095459.0,4097215.0,4098925.0,4100829.0,4102507.0,4104192.0,4106002.0,4107622.0,4109643.0,4111654.0,4113602.0,4115812.0,4118246.0,4120477.0,4122441.0,4125064.0,4127495.0,4130067.0,4132724.0,4135412.0,4137536.0,4139585.0,4142069.0,4144094.0,4146076.0,4148071.0,4149452.0,4150747.0,4151913.0,4153494.0,4154800.0,4156559.0,4158121.0,4159827.0,4161385.0,4162725.0,4164452.0,4166111.0,4167871.0,4169549.0,4171194.0,4172540.0,4173954.0,4175876.0,4177734.0,4179472.0,4181282.0,4183006.0,4184800.0,4186157.0,4187543.0,4189510.0,4191185.0,4192880.0,4194706.0,4196250.0,4197682.0,4199422.0,4201382.0,4202940.0,4204891.0,4206664.0,4208051.0,4209488.0,4211102.0,4212760.0,4214468.0,4216257.0,4217774.0,4219207.0,4220507.0,4222120.0,4223991.0,4225597
ajDAmJYPQ-U,7855755.0,7865575.0,7876388.0,7886474.0,7900274.0,7912517.0,7923449.0,7935144.0,7948563.0,7959950.0,7971553.0,7984330.0,7997804.0,8010784.0,8023894.0,8037690.0,8048641.0,8058325.0,8071571.0,8084372.0,8096988.0,8110059.0,8123832.0,8134943.0,8144372.0,8156719.0,8168856.0,8180515.0,8190851.0,8201128.0,8210061.0,8218223.0,8230203.0,8240590.0,8251670.0,8261887.0,8272630.0,8282052.0,8290437.0,8302353.0,8313933.0,8324834.0,8335285.0,8345219.0,8354612.0,8363652.0,8374854.0,8385297.0,8395403.0,8406304.0,8417658.0,8428178.0,8437942.0,8450261.0,8462196.0,8473774.0,8484575.0,8496871.0,8507579.0,8516920.0,8529356.0,8541096.0,8553316.0,8565178.0,8576922.0,8587244.0,8596061.0,8608316.0,8619498.0,8632870.0,8644933.0,8656382.0,8667453.0,8677038.0,8688641.0,8700434.0,8712069.0,8724249.0,8736300.0,8746610.0,8756511.0,8768536.0,8779589.0,8790718.0,8801578.0,8813643.0,8824272.0,8833348.0,8844352.0,8854912.0,8864570.0,8875338.0,8886521.0,8896354.0,8904935.0,8916309.0,8927424.0,8937256.0,8947763.0,8959726.0,8970064.0,8979646.0,8991791.0,9002914.0,9014951.0,9025778.0,9037484.0,9047272.0,9056523.0,9068313.0,9080543.0,9093702.0,9107603.0,9120346.0,9130379.0,9139462.0,9151172.0,9162960.0,9174519.0,9185999.0,9197149.0,9205964.0,9215216.0,9224543.0,9233178.0,9240930.0,9248947.0,9257722.0,9265891.0,9273202.0,9282008.0,9290520.0,9299589.0,9308293.0,,,,,,,,,9392149.0,9400648.0,9410358.0,9420008.0,9429745.0,9440263.0,9449862.0,9458951.0,9467148.0,9476601.0,9485790.0,9494974.0,9505339.0,9514633.0,9522266.0,9530516.0,9539919.0,9549531.0,9560530.0,9570431.0,9581369.0,9591644.0,9601158.0,9612168.0,9623497.0,9635026.0,9645898.0,9656865.0,9665873.0,9674164.0,9684676.0,9695276.0,9705479.0,9715330.0,9726346.0,9734776.0,9742861.0,9753619.0,9764692.0,9775042.0,9785390.0,9796158.0,9804838.0,9812609.0,9822651.0,9832628.0,9842248.0,9851756.0,9861198.0,9869324.0,9876822.0,9886819.0,9896887.0,9907295.0,9916957.0,9927757.0,9937991.0,9946569.0,9956828.0,9966822.0,9976874.0,9985810.0,9996917.0,10008093.0,10016994.0,10027272.0,10037700.0,10047442.0,10055555.0,10065007.0,10073852.0,10081740.0,10091321.0,10101381.0,10111645.0,10121580.0,10131692.0,10140703.0,10149121.0,10158880.0,10169023.0,10178342.0,10188127.0,10198953.0,10207664.0,10215533.0,10225261.0,10235133.0,10244443.0,10253817.0,10263389.0,10271845.0,10279711.0,10289346.0,10299498.0,10309226.0,10319589.0,10329561.0,10338659.0,10346478.0,10356470.0,10365954.0,10375602.0,10385466.0,10394826.0,10403003.0,10410525.0,10420209.0,10429793.0,10439161.0,10449344.0,10460051.0,10469368.0,10477778.0,10486245.0,10495044.0,10503089.0,10513047.0,10523728.0,10533062.0,10541212.0,,10562495.0,10573439.0,10584262.0,10595066.0,10604759.0,10613910.0,10623076.0,10633613.0,10644438.0,10654793.0,10665228.0,10674640.0,10683301.0,10693577.0,10703425.0,10714012.0,10724383.0,10734465.0,10743372.0,10751910.0,10761897.0,10772150.0,10782028.0,10792338.0,10802759.0,10812386.0,10820443.0,10830255.0,10839572.0,10848820.0,10858017.0,10867554.0,10876440.0,10884129.0,10894219.0,10903921.0,10913803.0,10924204.0,10934179.0,10943167.0,10952000.0,10962177.0,10972016.0,10981633.0,10990232.0,10999152.0,11008187.0,11016061.0,11025664.0,11034784.0,11044276.0,11054342.0,11064785.0,11074755.0,11084825.0,11096625.0,11108603.0,11120665.0,11132486.0,11143499.0,11153375.0,11163176.0,11175470.0,11186690.0,11197410.0,11208521.0,11216684.0,11224646.0,11232089.0,11241122.0,11248535.0,11256935.0,11265158.0,11273429.0,11280479.0,11287220.0,11295121.0,11303326.0,11311816.0,11320794.0,11329232.0,11336367.0,11343516.0,11352178.0,11360195.0,11368260.0,11377005.0,11386151.0,11393897.0,11401451.0,11409212.0,11417690.0,11426278.0,11434617.0,11443565.0,11451548.0,11458665.0,11467599.0,11476765.0,11484855.0,11493275.0,11502072.0,11510101.0,11517183.0,11525965.0,11534554.0,11542656.0,11551431.0,11559542.0,11567531.0,11574516.0,11582768.0,11591249.0,11599544
xRS27tW9rIM,81.0,81.0,82.0,82.0,83.0,84.0,84.0,84.0,84.0,84.0,84.0,84.0,84.0,84.0,85.0,86.0,86.0,87.0,87.0,87.0,87.0,87.0,87.0,87.0,87.0,88.0,88.0,88.0,88.0,88.0,88.0,88.0,89.0,89.0,89.0,91.0,91.0,91.0,91.0,92.0,92.0,92.0,92.0,92.0,92.0,93.0,93.0,93.0,93.0,95.0,95.0,95.0,95.0,95.0,95.0,95.0,95.0,95.0,97.0,98.0,98.0,98.0,98.0,98.0,98.0,98.0,98.0,98.0,98.0,98.0,99.0,99.0,101.0,103.0,103.0,103.0,104.0,104.0,104.0,104.0,104.0,106.0,106.0,106.0,106.0,107.0,107.0,107.0,107.0,107.0,107.0,108.0,108.0,108.0,108.0,108.0,108.0,108.0,108.0,108.0,108.0,108.0,108.0,108.0,108.0,108.0,109.0,109.0,109.0,109.0,110.0,113.0,113.0,113.0,113.0,113.0,113.0,113.0,113.0,113.0,113.0,113.0,113.0,113.0,113.0,113.0,113.0,113.0,113.0,113.0,113.0,113.0,113.0,113.0,,,,,,,,,114.0,114.0,114.0,114.0,114.0,114.0,114.0,114.0,116.0,116.0,116.0,116.0,116.0,116.0,116.0,116.0,116.0,116.0,116.0,116.0,116.0,117.0,117.0,117.0,118.0,118.0,118.0,118.0,118.0,118.0,118.0,119.0,120.0,120.0,120.0,120.0,120.0,120.0,120.0,120.0,120.0,120.0,120.0,120.0,120.0,120.0,120.0,120.0,120.0,120.0,120.0,120.0,120.0,120.0,120.0,120.0,120.0,120.0,120.0,120.0,120.0,120.0,120.0,121.0,121.0,121.0,121.0,121.0,121.0,121.0,121.0,121.0,121.0,121.0,121.0,121.0,121.0,121.0,122.0,122.0,122.0,122.0,123.0,124.0,124.0,124.0,124.0,124.0,124.0,124.0,124.0,124.0,124.0,124.0,124.0,124.0,124.0,124.0,124.0,124.0,124.0,124.0,124.0,124.0,124.0,124.0,124.0,124.0,124.0,124.0,124.0,124.0,124.0,124.0,124.0,124.0,126.0,126.0,126.0,126.0,126.0,,126.0,126.0,126.0,126.0,126.0,126.0,126.0,126.0,126.0,126.0,126.0,126.0,126.0,126.0,126.0,126.0,126.0,126.0,126.0,126.0,126.0,126.0,126.0,126.0,126.0,126.0,126.0,126.0,126.0,126.0,126.0,126.0,126.0,126.0,126.0,126.0,126.0,126.0,126.0,126.0,126.0,127.0,127.0,127.0,127.0,127.0,127.0,127.0,127.0,127.0,127.0,127.0,127.0,127.0,127.0,127.0,127.0,127.0,127.0,127.0,127.0,127.0,127.0,127.0,127.0,127.0,127.0,127.0,127.0,127.0,127.0,127.0,128.0,128.0,128.0,128.0,128.0,128.0,128.0,128.0,128.0,128.0,128.0,128.0,128.0,128.0,128.0,128.0,128.0,128.0,128.0,128.0,128.0,128.0,128.0,128.0,128.0,128.0,129.0,129.0,129.0,129.0,129.0,129.0,129.0,129.0,129.0,129.0,129.0,129.0,129.0,129.0,129.0,129
hoZ9_W0yRao,1285.0,1285.0,1284.0,1285.0,1285.0,1286.0,1286.0,1286.0,1286.0,1286.0,1286.0,1286.0,1287.0,1288.0,1290.0,1290.0,1291.0,1291.0,1291.0,1291.0,1291.0,1291.0,1292.0,1292.0,1293.0,1293.0,1293.0,1293.0,1293.0,1293.0,1293.0,1293.0,1293.0,1293.0,1294.0,1294.0,1294.0,1294.0,1294.0,1295.0,1295.0,1295.0,1295.0,1295.0,1295.0,1295.0,1296.0,1296.0,1296.0,1296.0,1296.0,1296.0,1296.0,1297.0,1297.0,1298.0,1299.0,1299.0,1299.0,1300.0,1300.0,1300.0,1300.0,1300.0,1300.0,1300.0,1301.0,1301.0,1301.0,1301.0,1303.0,1303.0,1303.0,1303.0,1304.0,1304.0,1304.0,1305.0,1308.0,1310.0,1310.0,1310.0,1312.0,1312.0,1312.0,1313.0,1313.0,1314.0,1315.0,1319.0,1319.0,1323.0,1325.0,1325.0,1326.0,1327.0,1327.0,1328.0,1329.0,1330.0,1330.0,1331.0,1332.0,1332.0,1332.0,1333.0,1335.0,1335.0,1335.0,1336.0,1336.0,1336.0,1336.0,1336.0,1336.0,1336.0,1337.0,1338.0,1340.0,1340.0,1340.0,1342.0,1344.0,1344.0,1344.0,1348.0,1348.0,1348.0,1349.0,1349.0,1349.0,1351.0,1351.0,1353.0,,,,,,,,,1359.0,1360.0,1359.0,1359.0,1360.0,1361.0,1361.0,1362.0,1364.0,1364.0,1364.0,1364.0,1366.0,1367.0,1370.0,1371.0,1372.0,1374.0,1376.0,1379.0,1379.0,1379.0,1379.0,1380.0,1381.0,1381.0,1381.0,1381.0,1381.0,1381.0,1381.0,1381.0,1381.0,1382.0,1382.0,1382.0,1382.0,1382.0,1382.0,1382.0,1382.0,1382.0,1383.0,1384.0,1385.0,1387.0,1388.0,1388.0,1389.0,1390.0,1391.0,1391.0,1393.0,1393.0,1393.0,1396.0,1396.0,1397.0,1398.0,1401.0,1401.0,1402.0,1402.0,1402.0,1402.0,1402.0,1402.0,1402.0,1402.0,1402.0,1402.0,1402.0,1402.0,1402.0,1402.0,1403.0,1406.0,1406.0,1406.0,1406.0,1406.0,1406.0,1406.0,1406.0,1406.0,1406.0,1406.0,1406.0,1406.0,1406.0,1409.0,1409.0,1410.0,1410.0,1410.0,1410.0,1410.0,1410.0,1411.0,1411.0,1414.0,1414.0,1414.0,1414.0,1417.0,1417.0,1417.0,1419.0,1419.0,1419.0,1419.0,1419.0,1420.0,1420.0,1421.0,1421.0,1421.0,1421.0,1421.0,1421.0,1421.0,,1422.0,1422.0,1422.0,1422.0,1422.0,1422.0,1422.0,1422.0,1422.0,1423.0,1424.0,1426.0,1425.0,1425.0,1425.0,1425.0,1425.0,1425.0,1425.0,1429.0,1429.0,1429.0,1429.0,1429.0,1429.0,1429.0,1429.0,1429.0,1429.0,1429.0,1429.0,1431.0,1431.0,1431.0,1431.0,1431.0,1431.0,1431.0,1431.0,1431.0,1432.0,1432.0,1434.0,1434.0,1434.0,1434.0,1435.0,1436.0,1437.0,1437.0,1437.0,1437.0,1438.0,1438.0,1439.0,1439.0,1439.0,1439.0,1439.0,1439.0,1439.0,1439.0,1439.0,1439.0,1440.0,1440.0,1440.0,1440.0,1440.0,1440.0,1441.0,1442.0,1442.0,1442.0,1442.0,1442.0,1442.0,1442.0,1443.0,1442.0,1442.0,1443.0,1444.0,1445.0,1445.0,1445.0,1445.0,1445.0,1446.0,1446.0,1446.0,1446.0,1446.0,1446.0,1446.0,1446.0,1446.0,1447.0,1447.0,1447.0,1448.0,1448.0,1448.0,1448.0,1448.0,1448.0,1449.0,1449.0,1449.0,1449.0,1449.0,1449.0,1449.0,1450
cVbISTnsCUs,71970.0,71970.0,71970.0,71970.0,71970.0,71970.0,71970.0,71970.0,71970.0,71970.0,71970.0,71970.0,71970.0,71970.0,71970.0,71970.0,71970.0,71970.0,71970.0,71970.0,71970.0,71970.0,71970.0,71970.0,71970.0,71970.0,71970.0,71970.0,71970.0,71970.0,71970.0,71970.0,71970.0,71970.0,71970.0,71970.0,71970.0,71970.0,71970.0,71970.0,71970.0,71970.0,71970.0,71970.0,71970.0,71970.0,71970.0,71970.0,71970.0,71970.0,71970.0,71970.0,71970.0,71970.0,71970.0,71970.0,71970.0,71970.0,71970.0,71970.0,71970.0,71970.0,71970.0,71970.0,71970.0,71970.0,71970.0,71970.0,71970.0,71970.0,71970.0,71970.0,71970.0,71970.0,71970.0,71970.0,71970.0,71970.0,71970.0,71970.0,71970.0,71970.0,71970.0,71970.0,71970.0,71970.0,71970.0,71970.0,71970.0,71970.0,71970.0,71970.0,71970.0,71970.0,71970.0,71970.0,71970.0,71970.0,71970.0,71970.0,71970.0,71970.0,71970.0,71970.0,71970.0,71970.0,71970.0,71970.0,71970.0,71970.0,71970.0,71970.0,71970.0,71970.0,71970.0,71970.0,71970.0,71970.0,71970.0,71970.0,71970.0,71970.0,71970.0,71970.0,71970.0,71970.0,71970.0,71970.0,71970.0,71970.0,71970.0,71970.0,71970.0,71970.0,,,,,,,,,71970.0,71970.0,71970.0,71970.0,71970.0,71970.0,71970.0,71970.0,71970.0,71970.0,71970.0,71970.0,71970.0,71970.0,71970.0,71970.0,71970.0,71970.0,71970.0,71970.0,71970.0,71970.0,71970.0,71970.0,71970.0,71970.0,71970.0,71970.0,71970.0,71970.0,71970.0,71970.0,71970.0,71970.0,71970.0,71970.0,71970.0,71970.0,71970.0,71970.0,71970.0,71970.0,71970.0,71970.0,71970.0,71970.0,71970.0,71970.0,71970.0,71970.0,71970.0,71970.0,71970.0,71970.0,71970.0,71970.0,71970.0,71970.0,71970.0,71970.0,71970.0,71970.0,71970.0,71970.0,71970.0,71970.0,71970.0,71970.0,71970.0,71970.0,71970.0,71970.0,71970.0,71970.0,71970.0,71970.0,71970.0,71970.0,71970.0,71970.0,71970.0,71970.0,71970.0,71970.0,71970.0,71970.0,71970.0,71970.0,71970.0,71970.0,71970.0,71970.0,71970.0,71970.0,71970.0,71970.0,71970.0,71970.0,71970.0,71970.0,71970.0,71970.0,71970.0,71970.0,71970.0,71970.0,71970.0,71970.0,71970.0,71970.0,71970.0,71970.0,71970.0,71970.0,71970.0,71970.0,71970.0,71970.0,71970.0,71970.0,71970.0,,71970.0,71970.0,71970.0,71970.0,71970.0,71970.0,71970.0,71970.0,71970.0,71970.0,71970.0,71970.0,71970.0,71970.0,71970.0,71970.0,71970.0,71970.0,71970.0,71970.0,71970.0,71970.0,71970.0,71970.0,71970.0,71970.0,71970.0,71970.0,71970.0,71970.0,71970.0,71970.0,71970.0,71970.0,71970.0,71970.0,71970.0,71970.0,71970.0,71970.0,71970.0,71970.0,71970.0,71970.0,71970.0,71970.0,71970.0,71970.0,71970.0,71970.0,71970.0,71970.0,71970.0,71970.0,71970.0,71970.0,71970.0,71970.0,71970.0,71970.0,71970.0,71970.0,71970.0,71970.0,71970.0,71970.0,71970.0,71970.0,71970.0,71970.0,71970.0,71970.0,71970.0,71970.0,71970.0,71970.0,71970.0,71970.0,71970.0,71970.0,71970.0,71970.0,71970.0,71970.0,71970.0,71970.0,71970.0,71970.0,71970.0,71970.0,71970.0,71970.0,71970.0,71970.0,71970.0,71970.0,71970.0,71970.0,71970.0,71970.0,71970.0,71970.0,71970.0,71970.0,71970.0,71970.0,71970.0,71970.0,71970.0,71970.0,71970.0,71970.0,71970.0,71970
8sfI8iDHhYY,453.0,453.0,453.0,453.0,453.0,453.0,453.0,453.0,453.0,453.0,453.0,453.0,453.0,454.0,454.0,454.0,454.0,454.0,454.0,454.0,454.0,454.0,454.0,454.0,454.0,454.0,455.0,455.0,455.0,455.0,455.0,455.0,455.0,455.0,455.0,455.0,455.0,455.0,455.0,455.0,455.0,455.0,456.0,456.0,456.0,456.0,456.0,456.0,456.0,456.0,456.0,456.0,456.0,456.0,456.0,456.0,456.0,456.0,456.0,456.0,456.0,456.0,456.0,456.0,456.0,456.0,456.0,456.0,456.0,456.0,456.0,456.0,456.0,456.0,456.0,456.0,456.0,456.0,456.0,456.0,456.0,456.0,456.0,456.0,456.0,456.0,456.0,456.0,456.0,456.0,456.0,456.0,456.0,456.0,456.0,457.0,457.0,457.0,457.0,457.0,457.0,457.0,457.0,457.0,457.0,457.0,457.0,457.0,457.0,457.0,457.0,457.0,457.0,457.0,457.0,457.0,457.0,457.0,457.0,457.0,457.0,457.0,457.0,457.0,457.0,457.0,457.0,457.0,457.0,457.0,457.0,457.0,457.0,457.0,,,,,,,,,458.0,458.0,458.0,458.0,458.0,458.0,458.0,458.0,458.0,458.0,458.0,458.0,458.0,459.0,459.0,459.0,460.0,460.0,460.0,460.0,460.0,460.0,460.0,460.0,460.0,460.0,460.0,460.0,460.0,460.0,460.0,460.0,460.0,460.0,460.0,460.0,460.0,460.0,460.0,460.0,460.0,460.0,460.0,461.0,461.0,462.0,462.0,463.0,463.0,463.0,463.0,463.0,463.0,463.0,463.0,463.0,463.0,463.0,463.0,463.0,463.0,463.0,463.0,463.0,463.0,463.0,463.0,463.0,463.0,463.0,463.0,463.0,463.0,463.0,463.0,463.0,463.0,463.0,463.0,463.0,463.0,463.0,465.0,465.0,465.0,465.0,465.0,465.0,465.0,465.0,465.0,465.0,465.0,465.0,465.0,465.0,465.0,465.0,465.0,465.0,465.0,465.0,465.0,465.0,465.0,465.0,465.0,465.0,465.0,465.0,465.0,465.0,465.0,465.0,465.0,465.0,465.0,465.0,466.0,466.0,466.0,,466.0,466.0,466.0,466.0,466.0,466.0,466.0,466.0,466.0,467.0,467.0,467.0,467.0,467.0,467.0,467.0,467.0,467.0,467.0,467.0,467.0,467.0,467.0,467.0,467.0,467.0,467.0,467.0,467.0,467.0,467.0,467.0,467.0,467.0,467.0,468.0,468.0,468.0,468.0,468.0,468.0,468.0,468.0,468.0,468.0,468.0,468.0,468.0,468.0,468.0,468.0,468.0,468.0,468.0,468.0,468.0,468.0,468.0,468.0,468.0,468.0,468.0,468.0,468.0,468.0,468.0,468.0,468.0,468.0,468.0,468.0,468.0,468.0,468.0,468.0,469.0,469.0,470.0,470.0,470.0,474.0,474.0,475.0,475.0,475.0,475.0,475.0,475.0,475.0,475.0,475.0,476.0,476.0,476.0,476.0,476.0,476.0,476.0,476.0,476.0,476.0,476.0,476.0,476.0,476.0,476.0,476.0,476.0,476.0,476.0,476.0,476.0,476.0,476
4ffdJKAGuDU,249.0,249.0,249.0,249.0,249.0,249.0,249.0,249.0,249.0,249.0,249.0,249.0,249.0,250.0,250.0,250.0,250.0,250.0,250.0,250.0,250.0,250.0,250.0,250.0,250.0,250.0,250.0,250.0,250.0,250.0,250.0,250.0,250.0,251.0,251.0,252.0,252.0,252.0,252.0,252.0,252.0,252.0,252.0,252.0,252.0,252.0,252.0,252.0,252.0,252.0,253.0,253.0,253.0,253.0,253.0,253.0,253.0,253.0,253.0,253.0,253.0,253.0,253.0,253.0,253.0,253.0,253.0,253.0,253.0,253.0,254.0,254.0,254.0,254.0,254.0,254.0,254.0,254.0,254.0,254.0,254.0,254.0,254.0,254.0,255.0,256.0,256.0,256.0,257.0,257.0,257.0,257.0,257.0,257.0,257.0,257.0,257.0,259.0,260.0,260.0,260.0,260.0,260.0,260.0,260.0,261.0,261.0,261.0,261.0,263.0,263.0,263.0,263.0,263.0,263.0,263.0,263.0,263.0,263.0,263.0,263.0,264.0,264.0,265.0,265.0,265.0,265.0,265.0,266.0,266.0,266.0,266.0,266.0,266.0,,,,,,,,,267.0,267.0,267.0,267.0,267.0,268.0,268.0,268.0,268.0,268.0,268.0,268.0,268.0,268.0,268.0,268.0,268.0,268.0,268.0,268.0,268.0,268.0,270.0,270.0,270.0,270.0,270.0,270.0,270.0,270.0,270.0,270.0,270.0,270.0,270.0,270.0,270.0,270.0,270.0,270.0,271.0,272.0,272.0,272.0,272.0,272.0,272.0,272.0,272.0,272.0,272.0,272.0,273.0,274.0,275.0,275.0,275.0,275.0,275.0,275.0,275.0,275.0,275.0,275.0,275.0,276.0,276.0,276.0,276.0,276.0,276.0,276.0,276.0,276.0,276.0,276.0,276.0,276.0,276.0,276.0,276.0,276.0,277.0,278.0,278.0,278.0,278.0,278.0,278.0,278.0,278.0,278.0,278.0,278.0,278.0,278.0,278.0,278.0,278.0,278.0,278.0,278.0,278.0,278.0,278.0,278.0,278.0,278.0,278.0,278.0,278.0,278.0,278.0,280.0,280.0,280.0,280.0,280.0,280.0,280.0,281.0,,282.0,282.0,282.0,282.0,282.0,282.0,283.0,283.0,284.0,285.0,285.0,285.0,285.0,285.0,285.0,285.0,285.0,285.0,285.0,285.0,286.0,286.0,286.0,286.0,287.0,287.0,287.0,287.0,287.0,287.0,288.0,288.0,288.0,288.0,288.0,288.0,288.0,288.0,288.0,288.0,288.0,288.0,288.0,288.0,289.0,289.0,289.0,289.0,289.0,289.0,289.0,289.0,289.0,290.0,290.0,290.0,290.0,290.0,290.0,290.0,291.0,291.0,291.0,291.0,291.0,291.0,291.0,291.0,291.0,291.0,291.0,291.0,291.0,291.0,291.0,291.0,291.0,291.0,291.0,291.0,291.0,291.0,291.0,291.0,291.0,291.0,291.0,291.0,291.0,291.0,291.0,291.0,291.0,291.0,291.0,291.0,291.0,291.0,291.0,291.0,291.0,291.0,291.0,291.0,291.0,291.0,291.0,291.0,291.0,291.0,291.0,291.0,291.0,291
waaxJ5oOdhs,64469.0,64479.0,64488.0,64506.0,64521.0,64538.0,64540.0,64555.0,64573.0,64585.0,64596.0,64606.0,64622.0,64633.0,64642.0,64656.0,64673.0,64684.0,64694.0,64703.0,64722.0,64733.0,64745.0,64759.0,64768.0,64781.0,64795.0,64810.0,64824.0,64851.0,64863.0,64877.0,64886.0,64902.0,64912.0,64928.0,64944.0,64954.0,64973.0,64983.0,64998.0,65010.0,65021.0,65036.0,65056.0,65070.0,65077.0,65087.0,65101.0,65111.0,65127.0,65139.0,65152.0,65163.0,65185.0,65198.0,65210.0,65222.0,65239.0,65247.0,65259.0,65276.0,65285.0,65302.0,65325.0,65349.0,65369.0,65380.0,65392.0,65409.0,65423.0,65445.0,65466.0,65478.0,65492.0,65499.0,65511.0,65520.0,65541.0,65550.0,65558.0,65572.0,65580.0,65589.0,65603.0,65612.0,65623.0,65640.0,65649.0,65662.0,65680.0,65699.0,65715.0,65721.0,65728.0,65739.0,65750.0,65761.0,65778.0,65793.0,65811.0,65827.0,65838.0,65850.0,65858.0,65868.0,65874.0,65880.0,65891.0,65903.0,65917.0,65926.0,65935.0,65953.0,65967.0,65978.0,65996.0,66006.0,66028.0,66044.0,66049.0,66064.0,66074.0,66085.0,66096.0,66101.0,66113.0,66117.0,66130.0,66137.0,66151.0,66168.0,66177.0,66192.0,,,,,,,,,66297.0,66310.0,66324.0,66330.0,66339.0,66344.0,66357.0,66364.0,66372.0,66377.0,66390.0,66404.0,66412.0,66422.0,66427.0,66432.0,66439.0,66449.0,66459.0,66460.0,66471.0,66478.0,66489.0,66492.0,66497.0,66504.0,66512.0,66523.0,66527.0,66534.0,66544.0,66555.0,66570.0,66573.0,66578.0,66581.0,66586.0,66596.0,66606.0,66620.0,66626.0,66635.0,66648.0,66660.0,66670.0,66682.0,66692.0,66700.0,66713.0,66729.0,66740.0,66745.0,66763.0,66775.0,66787.0,66797.0,66804.0,66815.0,66822.0,66831.0,66836.0,66841.0,66846.0,66858.0,66864.0,66872.0,66879.0,66887.0,66895.0,66900.0,66908.0,66917.0,66926.0,66937.0,66948.0,66952.0,66962.0,66969.0,66975.0,66983.0,66988.0,66995.0,67000.0,67010.0,67018.0,67022.0,67033.0,67041.0,67048.0,67054.0,67061.0,67067.0,67076.0,67088.0,67096.0,67113.0,67128.0,67137.0,67146.0,67151.0,67159.0,67171.0,67182.0,67191.0,67204.0,67218.0,67232.0,67248.0,67257.0,67265.0,67276.0,67287.0,67296.0,67305.0,67322.0,67331.0,67339.0,67355.0,67361.0,67371.0,67379.0,,67390.0,67408.0,67418.0,67425.0,67431.0,67440.0,67452.0,67462.0,67471.0,67478.0,67480.0,67486.0,67493.0,67506.0,67518.0,67526.0,67536.0,67548.0,67561.0,67568.0,67579.0,67594.0,67607.0,67620.0,67635.0,67646.0,67655.0,67661.0,67673.0,67680.0,67684.0,67693.0,67699.0,67703.0,67715.0,67725.0,67739.0,67744.0,67760.0,67773.0,67781.0,67791.0,67799.0,67806.0,67810.0,67824.0,67831.0,67846.0,67855.0,67865.0,67871.0,67882.0,67893.0,67905.0,67915.0,67923.0,67930.0,67939.0,67947.0,67953.0,67963.0,67972.0,67976.0,67982.0,67996.0,68002.0,68016.0,68023.0,68029.0,68036.0,68049.0,68061.0,68070.0,68079.0,68091.0,68101.0,68109.0,68118.0,68128.0,68136.0,68141.0,68145.0,68152.0,68161.0,68176.0,68181.0,68194.0,68200.0,68205.0,68213.0,68225.0,68236.0,68245.0,68256.0,68264.0,68273.0,68280.0,68289.0,68296.0,68305.0,68311.0,68321.0,68332.0,68344.0,68359.0,68372.0,68383.0,68389.0,68399.0,68407.0,68418.0,68434.0,68453.0,68475
ePzrl5taIiQ,22.0,22.0,22.0,22.0,22.0,22.0,22.0,22.0,22.0,22.0,22.0,22.0,22.0,22.0,22.0,22.0,22.0,22.0,22.0,22.0,22.0,22.0,22.0,22.0,22.0,23.0,23.0,23.0,23.0,23.0,23.0,24.0,24.0,24.0,24.0,24.0,24.0,24.0,24.0,24.0,24.0,24.0,24.0,24.0,24.0,24.0,24.0,24.0,24.0,24.0,24.0,24.0,24.0,24.0,24.0,24.0,24.0,24.0,24.0,24.0,24.0,24.0,24.0,24.0,24.0,24.0,24.0,24.0,24.0,24.0,24.0,24.0,24.0,24.0,24.0,24.0,24.0,24.0,24.0,24.0,24.0,24.0,24.0,24.0,24.0,24.0,24.0,24.0,24.0,24.0,24.0,24.0,24.0,24.0,24.0,24.0,24.0,24.0,24.0,24.0,24.0,24.0,24.0,24.0,24.0,24.0,24.0,24.0,24.0,24.0,24.0,24.0,24.0,24.0,24.0,24.0,24.0,24.0,24.0,24.0,24.0,24.0,24.0,24.0,24.0,24.0,24.0,24.0,24.0,24.0,24.0,24.0,24.0,24.0,,,,,,,,,24.0,24.0,24.0,24.0,24.0,24.0,24.0,24.0,24.0,24.0,24.0,24.0,24.0,24.0,24.0,24.0,24.0,24.0,24.0,24.0,24.0,24.0,24.0,24.0,24.0,24.0,24.0,24.0,24.0,24.0,24.0,24.0,24.0,24.0,24.0,24.0,24.0,24.0,24.0,24.0,24.0,24.0,24.0,24.0,24.0,24.0,24.0,24.0,24.0,24.0,24.0,24.0,24.0,24.0,24.0,24.0,24.0,24.0,24.0,24.0,24.0,24.0,24.0,24.0,24.0,24.0,24.0,24.0,24.0,24.0,24.0,24.0,24.0,24.0,24.0,24.0,24.0,24.0,24.0,24.0,24.0,24.0,24.0,24.0,24.0,24.0,24.0,24.0,24.0,24.0,24.0,24.0,24.0,24.0,24.0,24.0,24.0,24.0,24.0,24.0,24.0,24.0,24.0,24.0,24.0,24.0,24.0,24.0,24.0,24.0,24.0,24.0,24.0,24.0,24.0,24.0,24.0,24.0,24.0,24.0,24.0,,24.0,24.0,24.0,24.0,24.0,24.0,24.0,24.0,24.0,24.0,24.0,24.0,24.0,24.0,24.0,24.0,24.0,24.0,24.0,24.0,24.0,24.0,24.0,24.0,24.0,24.0,24.0,24.0,24.0,24.0,24.0,24.0,24.0,24.0,24.0,24.0,24.0,24.0,24.0,24.0,24.0,24.0,24.0,24.0,24.0,24.0,24.0,24.0,24.0,24.0,24.0,24.0,24.0,24.0,24.0,24.0,24.0,24.0,24.0,24.0,24.0,24.0,24.0,24.0,24.0,24.0,24.0,24.0,24.0,24.0,24.0,24.0,24.0,24.0,24.0,24.0,24.0,24.0,24.0,24.0,24.0,24.0,24.0,24.0,24.0,24.0,24.0,24.0,24.0,24.0,24.0,24.0,24.0,24.0,24.0,24.0,24.0,24.0,24.0,24.0,24.0,24.0,24.0,24.0,24.0,24.0,24.0,24.0,24.0,24.0,24.0,24.0,24.0,24
ox2ph070diE,307.0,307.0,307.0,307.0,310.0,310.0,310.0,310.0,310.0,310.0,310.0,311.0,311.0,311.0,311.0,311.0,312.0,312.0,312.0,313.0,313.0,313.0,313.0,314.0,315.0,315.0,315.0,316.0,316.0,317.0,318.0,318.0,318.0,319.0,321.0,322.0,324.0,324.0,325.0,326.0,326.0,326.0,327.0,327.0,327.0,328.0,329.0,329.0,329.0,329.0,329.0,331.0,331.0,332.0,332.0,332.0,334.0,334.0,334.0,336.0,336.0,336.0,338.0,338.0,338.0,338.0,338.0,338.0,338.0,339.0,340.0,340.0,340.0,340.0,340.0,340.0,340.0,340.0,340.0,341.0,341.0,341.0,341.0,342.0,343.0,344.0,344.0,344.0,344.0,344.0,344.0,344.0,344.0,344.0,344.0,345.0,345.0,345.0,345.0,345.0,346.0,346.0,346.0,347.0,347.0,347.0,347.0,348.0,348.0,349.0,350.0,352.0,352.0,356.0,357.0,359.0,359.0,359.0,361.0,361.0,361.0,362.0,362.0,362.0,362.0,362.0,362.0,362.0,362.0,362.0,362.0,363.0,363.0,363.0,,,,,,,,,364.0,364.0,364.0,364.0,364.0,365.0,365.0,365.0,365.0,366.0,366.0,369.0,369.0,369.0,369.0,369.0,371.0,371.0,371.0,372.0,374.0,374.0,374.0,374.0,374.0,374.0,376.0,377.0,377.0,378.0,378.0,379.0,379.0,379.0,379.0,379.0,379.0,380.0,382.0,382.0,382.0,382.0,383.0,383.0,383.0,384.0,384.0,384.0,384.0,384.0,384.0,384.0,384.0,384.0,384.0,384.0,384.0,384.0,384.0,384.0,384.0,384.0,384.0,384.0,384.0,384.0,384.0,384.0,384.0,384.0,384.0,385.0,385.0,385.0,385.0,385.0,385.0,386.0,386.0,386.0,386.0,386.0,386.0,388.0,388.0,388.0,390.0,390.0,390.0,390.0,390.0,390.0,391.0,391.0,391.0,391.0,391.0,391.0,391.0,391.0,392.0,392.0,393.0,393.0,393.0,393.0,393.0,393.0,394.0,394.0,394.0,395.0,395.0,395.0,395.0,395.0,395.0,395.0,395.0,395.0,395.0,,396.0,397.0,400.0,401.0,401.0,401.0,401.0,401.0,401.0,401.0,401.0,401.0,402.0,402.0,402.0,402.0,402.0,402.0,403.0,403.0,403.0,404.0,404.0,405.0,406.0,406.0,406.0,406.0,406.0,406.0,407.0,407.0,407.0,408.0,408.0,408.0,408.0,408.0,408.0,408.0,408.0,408.0,408.0,408.0,408.0,408.0,408.0,408.0,408.0,408.0,410.0,408.0,408.0,408.0,411.0,411.0,411.0,411.0,411.0,411.0,411.0,411.0,411.0,411.0,411.0,411.0,411.0,411.0,411.0,411.0,411.0,411.0,413.0,413.0,413.0,413.0,413.0,413.0,413.0,417.0,418.0,418.0,418.0,421.0,423.0,423.0,423.0,423.0,423.0,423.0,423.0,423.0,423.0,424.0,424.0,424.0,424.0,424.0,424.0,424.0,425.0,425.0,425.0,428.0,428.0,428.0,432.0,433.0,433.0,433.0,433.0,433.0,433.0,433
XvFYaip9kaA,230.0,234.0,235.0,235.0,236.0,238.0,238.0,238.0,240.0,240.0,240.0,240.0,240.0,240.0,240.0,240.0,240.0,240.0,240.0,240.0,241.0,241.0,241.0,241.0,241.0,241.0,242.0,242.0,242.0,242.0,242.0,242.0,244.0,244.0,244.0,244.0,244.0,244.0,244.0,244.0,244.0,244.0,244.0,244.0,245.0,245.0,245.0,246.0,247.0,247.0,247.0,247.0,247.0,253.0,258.0,258.0,259.0,259.0,259.0,261.0,261.0,261.0,261.0,261.0,261.0,261.0,261.0,261.0,261.0,262.0,262.0,262.0,263.0,263.0,263.0,263.0,263.0,263.0,263.0,263.0,263.0,263.0,263.0,264.0,265.0,265.0,265.0,265.0,265.0,265.0,265.0,265.0,265.0,266.0,266.0,266.0,266.0,266.0,267.0,267.0,267.0,267.0,267.0,267.0,267.0,267.0,267.0,267.0,267.0,268.0,268.0,278.0,284.0,285.0,285.0,286.0,286.0,286.0,286.0,286.0,286.0,286.0,286.0,287.0,287.0,289.0,289.0,289.0,289.0,289.0,289.0,290.0,290.0,290.0,,,,,,,,,291.0,291.0,291.0,291.0,291.0,291.0,291.0,291.0,291.0,291.0,291.0,292.0,292.0,292.0,292.0,292.0,292.0,292.0,292.0,292.0,292.0,292.0,292.0,292.0,292.0,292.0,292.0,292.0,292.0,292.0,292.0,293.0,293.0,293.0,293.0,293.0,293.0,293.0,293.0,293.0,294.0,293.0,294.0,294.0,294.0,294.0,294.0,294.0,295.0,295.0,295.0,296.0,296.0,296.0,296.0,296.0,296.0,296.0,296.0,296.0,296.0,296.0,296.0,297.0,297.0,297.0,297.0,297.0,297.0,297.0,297.0,299.0,299.0,299.0,299.0,299.0,299.0,299.0,299.0,299.0,299.0,300.0,300.0,301.0,301.0,301.0,301.0,301.0,301.0,301.0,301.0,301.0,301.0,301.0,301.0,301.0,301.0,301.0,301.0,301.0,301.0,301.0,301.0,301.0,302.0,302.0,302.0,302.0,302.0,302.0,302.0,302.0,302.0,302.0,302.0,302.0,302.0,302.0,302.0,302.0,302.0,,302.0,302.0,303.0,303.0,303.0,303.0,303.0,303.0,303.0,303.0,303.0,303.0,303.0,303.0,303.0,303.0,303.0,303.0,303.0,303.0,303.0,303.0,303.0,304.0,306.0,306.0,306.0,306.0,306.0,306.0,306.0,306.0,306.0,306.0,306.0,306.0,306.0,307.0,307.0,307.0,307.0,307.0,307.0,308.0,308.0,308.0,311.0,313.0,313.0,313.0,316.0,316.0,316.0,317.0,319.0,321.0,321.0,322.0,322.0,323.0,324.0,325.0,326.0,326.0,326.0,326.0,326.0,326.0,326.0,326.0,326.0,326.0,328.0,328.0,328.0,328.0,329.0,329.0,329.0,330.0,330.0,330.0,330.0,330.0,331.0,332.0,333.0,332.0,333.0,333.0,333.0,333.0,333.0,333.0,333.0,333.0,333.0,333.0,333.0,333.0,333.0,333.0,333.0,334.0,334.0,334.0,335.0,335.0,335.0,335.0,335.0,335.0,335.0,336
BUPYteV_Odg,12387.0,12396.0,12409.0,12419.0,12427.0,12437.0,12444.0,12453.0,12465.0,12473.0,12484.0,12495.0,12502.0,12511.0,12513.0,12520.0,12528.0,12531.0,12534.0,12537.0,12547.0,12554.0,12562.0,12568.0,12579.0,12584.0,12591.0,12600.0,12604.0,12612.0,12616.0,12623.0,12630.0,12637.0,12644.0,12652.0,12665.0,12676.0,12680.0,12686.0,12706.0,12710.0,12716.0,12724.0,12733.0,12742.0,12753.0,12759.0,12765.0,12771.0,12778.0,12784.0,12788.0,12790.0,12797.0,12802.0,12803.0,12815.0,12823.0,12838.0,12842.0,12846.0,12862.0,12872.0,12879.0,12888.0,12895.0,12905.0,12912.0,12918.0,12926.0,12932.0,12936.0,12947.0,12954.0,12964.0,12974.0,12989.0,12997.0,13002.0,13004.0,13010.0,13017.0,13027.0,13045.0,13065.0,13078.0,13092.0,13098.0,13109.0,13119.0,13127.0,13146.0,13161.0,13173.0,13185.0,13212.0,13236.0,13254.0,13280.0,13295.0,13311.0,13334.0,13357.0,13373.0,13384.0,13399.0,13412.0,13419.0,13422.0,13432.0,13442.0,13447.0,13460.0,13466.0,13473.0,13477.0,13491.0,13498.0,13509.0,13529.0,13536.0,13548.0,13554.0,13565.0,13573.0,13587.0,13601.0,13623.0,13629.0,13638.0,13651.0,13667.0,13674.0,,,,,,,,,13761.0,13766.0,13770.0,13778.0,13784.0,13793.0,13804.0,13815.0,13822.0,13827.0,13836.0,13843.0,13853.0,13861.0,13869.0,13874.0,13878.0,13886.0,13894.0,13899.0,13904.0,13908.0,13916.0,13925.0,13929.0,13934.0,13940.0,13946.0,13991.0,14012.0,14029.0,14039.0,14052.0,14057.0,14067.0,14079.0,14086.0,14092.0,14098.0,14106.0,14111.0,14125.0,14129.0,14137.0,14139.0,14148.0,14156.0,14170.0,14176.0,14182.0,14185.0,14191.0,14198.0,14203.0,14210.0,14222.0,14225.0,14231.0,14240.0,14250.0,14255.0,14260.0,14263.0,14271.0,14274.0,14283.0,14293.0,14300.0,14306.0,14313.0,14323.0,14331.0,14334.0,14342.0,14355.0,14372.0,14387.0,14400.0,14409.0,14420.0,14429.0,14436.0,14448.0,14453.0,14461.0,14465.0,14474.0,14480.0,14491.0,14496.0,14502.0,14506.0,14511.0,14515.0,14519.0,14526.0,14539.0,14543.0,14555.0,14566.0,14570.0,14571.0,14584.0,14595.0,14605.0,14612.0,14629.0,14635.0,14639.0,14648.0,14654.0,14661.0,14668.0,14675.0,14678.0,14688.0,14697.0,14706.0,14719.0,14728.0,14737.0,,14754.0,14764.0,14771.0,14778.0,14785.0,14794.0,14806.0,14820.0,14832.0,14845.0,14861.0,14873.0,14884.0,14898.0,14913.0,14923.0,14932.0,14948.0,14955.0,14964.0,14973.0,14990.0,15012.0,15030.0,15053.0,15071.0,15086.0,15100.0,15124.0,15137.0,15147.0,15159.0,15173.0,15180.0,15194.0,15212.0,15224.0,15238.0,15254.0,15268.0,15276.0,15291.0,15302.0,15306.0,15319.0,15329.0,15344.0,15355.0,15370.0,15378.0,15382.0,15387.0,15394.0,15397.0,15406.0,15416.0,15427.0,15441.0,15446.0,15454.0,15461.0,15469.0,15482.0,15487.0,15490.0,15499.0,15508.0,15512.0,15520.0,15526.0,15536.0,15553.0,15561.0,15574.0,15579.0,15587.0,15603.0,15615.0,15623.0,15640.0,15665.0,15687.0,15696.0,15711.0,15728.0,15746.0,15765.0,15780.0,15800.0,15813.0,15827.0,15844.0,15858.0,15872.0,15897.0,15924.0,15947.0,15969.0,15994.0,16032.0,16064.0,16080.0,16102.0,16118.0,16140.0,16174.0,16215.0,16240.0,16279.0,16331.0,16369.0,16406.0,16439.0,16482
UJ5DO9mUnR0,5243.0,5246.0,5254.0,5255.0,5259.0,5261.0,5268.0,5271.0,5274.0,5280.0,5283.0,5287.0,5290.0,5293.0,5298.0,5303.0,5307.0,5312.0,5318.0,5322.0,5330.0,5334.0,5337.0,5339.0,5340.0,5347.0,5350.0,5353.0,5362.0,5364.0,5369.0,5371.0,5372.0,5375.0,5380.0,5384.0,5389.0,5398.0,5405.0,5412.0,5414.0,5421.0,5425.0,5426.0,5428.0,5434.0,5438.0,5445.0,5451.0,5452.0,5456.0,5459.0,5464.0,5470.0,5474.0,5480.0,5486.0,5489.0,5498.0,5506.0,5513.0,5519.0,5522.0,5537.0,5543.0,5551.0,5562.0,5568.0,5577.0,5584.0,5592.0,5599.0,5611.0,5614.0,5615.0,5619.0,5629.0,5637.0,5642.0,5653.0,5655.0,5661.0,5667.0,5671.0,5676.0,5680.0,5684.0,5691.0,5698.0,5702.0,5708.0,5710.0,5716.0,5722.0,5731.0,5732.0,5737.0,5742.0,5749.0,5760.0,5771.0,5777.0,5783.0,5789.0,5801.0,5813.0,5818.0,5825.0,5830.0,5834.0,5842.0,5852.0,5861.0,5871.0,5881.0,5885.0,5891.0,5899.0,5907.0,5911.0,5923.0,5933.0,5941.0,5949.0,5953.0,5958.0,5963.0,5971.0,5975.0,5978.0,5982.0,5986.0,5989.0,5999.0,,,,,,,,,6050.0,6054.0,6060.0,6069.0,6070.0,6075.0,6084.0,6092.0,6095.0,6099.0,6107.0,6113.0,6113.0,6113.0,6113.0,6113.0,6113.0,6113.0,6113.0,6113.0,6113.0,6113.0,6113.0,6113.0,6113.0,6113.0,6113.0,6113.0,6113.0,6113.0,6113.0,6113.0,6113.0,6113.0,6113.0,6113.0,6113.0,6113.0,6113.0,6113.0,6113.0,6113.0,6113.0,6113.0,6113.0,6113.0,6113.0,6113.0,6113.0,6113.0,6113.0,6113.0,6113.0,6113.0,6113.0,6113.0,6113.0,6113.0,6113.0,6113.0,6113.0,6113.0,6113.0,6113.0,6113.0,6113.0,6113.0,6113.0,6113.0,6113.0,6113.0,6113.0,6113.0,6113.0,6113.0,6113.0,6113.0,6113.0,6113.0,6113.0,6113.0,6113.0,6113.0,6113.0,6113.0,6113.0,6113.0,6113.0,6113.0,6113.0,6113.0,6113.0,6113.0,6113.0,6113.0,6113.0,6113.0,6113.0,6113.0,6113.0,6113.0,6113.0,6113.0,6113.0,6113.0,6113.0,6113.0,6113.0,6113.0,6113.0,6113.0,6113.0,6113.0,6113.0,6113.0,6113.0,6113.0,6113.0,6113.0,6113.0,6113.0,,6113.0,6113.0,6113.0,6113.0,6113.0,6113.0,6113.0,6113.0,6113.0,6113.0,6113.0,6113.0,6113.0,6113.0,6113.0,6113.0,6113.0,6113.0,6113.0,6113.0,6113.0,6113.0,6113.0,6113.0,6113.0,6113.0,6113.0,6113.0,6113.0,6113.0,6113.0,6113.0,6113.0,6113.0,6113.0,6113.0,6113.0,6113.0,6113.0,6113.0,6113.0,6113.0,6113.0,6113.0,6113.0,6113.0,6113.0,6113.0,6113.0,6113.0,6113.0,6113.0,6113.0,6113.0,6113.0,6113.0,6113.0,6113.0,6113.0,6113.0,6113.0,6113.0,6113.0,6113.0,6113.0,6113.0,6113.0,6113.0,6113.0,6113.0,6113.0,6113.0,6113.0,6113.0,6113.0,6113.0,6113.0,6113.0,6113.0,6113.0,6113.0,6113.0,6113.0,6113.0,6113.0,6113.0,6113.0,6113.0,6113.0,6113.0,6113.0,6113.0,6113.0,6113.0,6113.0,6113.0,6113.0,6113.0,6113.0,6113.0,6113.0,6113.0,6113.0,6113.0,6113.0,6113.0,6113.0,6113.0,6113.0,6113.0,6113.0,6113.0,6113.0,6113
UJ5DO9mUnR0,5243.0,5246.0,5254.0,5255.0,5259.0,5261.0,5268.0,5271.0,5274.0,5280.0,5283.0,5287.0,5290.0,5293.0,5298.0,5303.0,5307.0,5312.0,5318.0,5322.0,5330.0,5334.0,5337.0,5339.0,5340.0,5347.0,5350.0,5353.0,5362.0,5364.0,5369.0,5371.0,5372.0,5375.0,5380.0,5384.0,5389.0,5398.0,5405.0,5412.0,5414.0,5421.0,5425.0,5426.0,5428.0,5434.0,5438.0,5445.0,5451.0,5452.0,5456.0,5459.0,5464.0,5470.0,5474.0,5480.0,5486.0,5489.0,5498.0,5506.0,5513.0,5519.0,5522.0,5537.0,5543.0,5551.0,5562.0,5568.0,5577.0,5584.0,5592.0,5599.0,5611.0,5614.0,5615.0,5619.0,5629.0,5637.0,5642.0,5653.0,5655.0,5661.0,5667.0,5671.0,5676.0,5680.0,5684.0,5691.0,5698.0,5702.0,5708.0,5710.0,5716.0,5722.0,5731.0,5732.0,5737.0,5742.0,5749.0,5760.0,5771.0,5777.0,5783.0,5789.0,5801.0,5813.0,5818.0,5825.0,5830.0,5834.0,5842.0,5852.0,5861.0,5871.0,5881.0,5885.0,5891.0,5899.0,5907.0,5911.0,5923.0,5933.0,5941.0,5949.0,5953.0,5958.0,5963.0,5971.0,5975.0,5978.0,5982.0,5986.0,5989.0,5999.0,,,,,,,,,6050.0,6054.0,6060.0,6069.0,6070.0,6075.0,6084.0,6092.0,6095.0,6099.0,6107.0,6113.0,6113.0,6113.0,6113.0,6113.0,6113.0,6113.0,6113.0,6113.0,6113.0,6113.0,6113.0,6113.0,6113.0,6113.0,6113.0,6113.0,6113.0,6113.0,6113.0,6113.0,6113.0,6113.0,6113.0,6113.0,6113.0,6113.0,6113.0,6113.0,6113.0,6113.0,6113.0,6113.0,6113.0,6113.0,6113.0,6113.0,6113.0,6113.0,6113.0,6113.0,6113.0,6113.0,6113.0,6113.0,6113.0,6113.0,6113.0,6113.0,6113.0,6113.0,6113.0,6113.0,6113.0,6113.0,6113.0,6113.0,6113.0,6113.0,6113.0,6113.0,6113.0,6113.0,6113.0,6113.0,6113.0,6113.0,6113.0,6113.0,6113.0,6113.0,6113.0,6113.0,6113.0,6113.0,6113.0,6113.0,6113.0,6113.0,6113.0,6113.0,6113.0,6113.0,6113.0,6113.0,6113.0,6113.0,6113.0,6113.0,6113.0,6113.0,6113.0,6113.0,6113.0,6113.0,6113.0,6113.0,6113.0,6113.0,6113.0,6113.0,6113.0,6113.0,6113.0,6113.0,6113.0,6113.0,6113.0,6113.0,6113.0,,6113.0,6113.0,6113.0,6113.0,6113.0,6113.0,6113.0,6113.0,6113.0,6113.0,6113.0,6113.0,6113.0,6113.0,6113.0,6113.0,6113.0,6113.0,6113.0,6113.0,6113.0,6113.0,6113.0,6113.0,6113.0,6113.0,6113.0,6113.0,6113.0,6113.0,6113.0,6113.0,6113.0,6113.0,6113.0,6113.0,6113.0,6113.0,6113.0,6113.0,6113.0,6113.0,6113.0,6113.0,6113.0,6113.0,6113.0,6113.0,6113.0,6113.0,6113.0,6113.0,6113.0,6113.0,6113.0,6113.0,6113.0,6113.0,6113.0,6113.0,6113.0,6113.0,6113.0,6113.0,6113.0,6113.0,6113.0,6113.0,6113.0,6113.0,6113.0,6113.0,6113.0,6113.0,6113.0,6113.0,6113.0,6113.0,6113.0,6113.0,6113.0,6113.0,6113.0,6113.0,6113.0,6113.0,6113.0,6113.0,6113.0,6113.0,6113.0,6113.0,6113.0,6113.0,6113.0,6113.0,6113.0,6113.0,6113.0,6113.0,6113.0,6113.0,6113.0,6113.0,6113.0,6113.0,6113.0,6113.0,6113.0,6113.0,6113.0,6113.0,6113.0,6113
9j_ZtzzFvoY,154371.0,154386.0,154403.0,154430.0,154452.0,154465.0,154487.0,154514.0,154530.0,154552.0,154591.0,154608.0,154623.0,154650.0,154668.0,154685.0,154707.0,154727.0,154746.0,154768.0,154790.0,154809.0,154828.0,154846.0,154859.0,154880.0,154899.0,154912.0,154936.0,154951.0,154970.0,154993.0,155008.0,155021.0,155036.0,155064.0,155094.0,155123.0,155158.0,155174.0,155201.0,155213.0,155231.0,155246.0,155260.0,155278.0,155291.0,155310.0,155334.0,155357.0,155375.0,155395.0,155413.0,155428.0,155451.0,155474.0,155499.0,155519.0,155537.0,155556.0,155569.0,155592.0,155613.0,155647.0,155684.0,155737.0,155759.0,155788.0,155801.0,155819.0,155835.0,155859.0,155888.0,155901.0,155915.0,155937.0,155959.0,155980.0,155999.0,156018.0,156028.0,156041.0,156048.0,156067.0,156081.0,156099.0,156107.0,156118.0,156122.0,156138.0,156152.0,156169.0,156189.0,156198.0,156208.0,156213.0,156225.0,156243.0,156258.0,156270.0,156289.0,156308.0,156332.0,156365.0,156382.0,156418.0,156454.0,156493.0,156492.0,156521.0,156544.0,156560.0,156581.0,156603.0,156621.0,156652.0,156672.0,156700.0,156724.0,156746.0,156759.0,156783.0,156805.0,156827.0,156857.0,156878.0,156894.0,156918.0,156936.0,156951.0,156974.0,156993.0,157007.0,157024.0,,,,,,,,,157192.0,157210.0,157226.0,157247.0,157264.0,157284.0,157308.0,157318.0,157334.0,157364.0,157389.0,157421.0,157448.0,157463.0,157492.0,157511.0,157528.0,157545.0,157562.0,157578.0,157588.0,157614.0,157633.0,157651.0,157663.0,157672.0,157686.0,157697.0,157718.0,157738.0,157750.0,157760.0,157766.0,157781.0,157797.0,157812.0,157829.0,157838.0,157858.0,157876.0,157893.0,157915.0,157929.0,157949.0,157965.0,157980.0,158000.0,158013.0,158031.0,158043.0,158064.0,158081.0,158092.0,158103.0,158108.0,158123.0,158137.0,158155.0,158171.0,158186.0,158199.0,158216.0,158231.0,158246.0,158263.0,158274.0,158288.0,158332.0,158360.0,158384.0,158400.0,158420.0,158439.0,158449.0,158462.0,158477.0,158486.0,158507.0,158520.0,158531.0,158546.0,158559.0,158582.0,158600.0,158607.0,158639.0,158661.0,158678.0,158701.0,158718.0,158744.0,158784.0,158806.0,158819.0,158845.0,158867.0,158886.0,158902.0,158911.0,158938.0,158952.0,158975.0,158990.0,159003.0,159031.0,159048.0,159066.0,159087.0,159105.0,159118.0,159140.0,159154.0,159166.0,159186.0,159200.0,159216.0,159249.0,159274.0,159293.0,159319.0,159331.0,,159369.0,159390.0,159410.0,159442.0,159472.0,159485.0,159591.0,159681.0,159717.0,159740.0,159777.0,159807.0,159833.0,159848.0,159885.0,159913.0,159945.0,159984.0,160082.0,160078.0,160111.0,160133.0,160149.0,160176.0,160198.0,160219.0,160230.0,160248.0,160272.0,160292.0,160313.0,160358.0,160377.0,160392.0,160411.0,160432.0,160459.0,160482.0,160501.0,160517.0,160527.0,160561.0,160584.0,160596.0,160618.0,160647.0,160668.0,160696.0,160718.0,160751.0,160794.0,160840.0,160891.0,160932.0,160983.0,161021.0,161066.0,161105.0,161146.0,161198.0,161236.0,161288.0,161337.0,161392.0,161441.0,161482.0,161512.0,161547.0,161568.0,161601.0,161616.0,161636.0,161654.0,161671.0,161684.0,161707.0,161730.0,161749.0,161782.0,161805.0,161826.0,161843.0,161854.0,161879.0,161891.0,161914.0,161923.0,161939.0,161958.0,161973.0,161986.0,162013.0,162036.0,162055.0,162073.0,162093.0,162110.0,162127.0,162149.0,162170.0,162193.0,162210.0,162228.0,162249.0,162269.0,162283.0,162298.0,162318.0,162342.0,162358.0,162373.0,162399.0,162425.0,162441
wK6hmnt5n7I,78314.0,78349.0,78389.0,78429.0,78467.0,78538.0,78568.0,78598.0,78630.0,78664.0,78697.0,78733.0,78769.0,78805.0,78841.0,78889.0,78931.0,78960.0,78998.0,79034.0,79079.0,79129.0,79172.0,79204.0,79230.0,79259.0,79302.0,79350.0,79390.0,79439.0,79473.0,79512.0,79558.0,79613.0,79660.0,79706.0,79738.0,79775.0,79811.0,79851.0,79899.0,79941.0,79982.0,80034.0,80079.0,80116.0,80171.0,80220.0,80264.0,80307.0,80348.0,80379.0,80408.0,80429.0,80451.0,80487.0,80530.0,80560.0,80590.0,80631.0,80667.0,80701.0,80736.0,80761.0,80789.0,80831.0,80876.0,80918.0,80961.0,81009.0,81047.0,81090.0,81120.0,81156.0,81209.0,81253.0,81292.0,81333.0,81363.0,81391.0,81427.0,81455.0,81476.0,81520.0,81542.0,81590.0,81627.0,81669.0,81701.0,81743.0,81788.0,81822.0,81855.0,81891.0,81933.0,81966.0,82021.0,82076.0,82114.0,82151.0,82185.0,82220.0,82251.0,82295.0,82331.0,82373.0,82420.0,82463.0,82505.0,82536.0,82573.0,82607.0,82647.0,82691.0,82746.0,82812.0,82843.0,82891.0,82933.0,82949.0,82985.0,83017.0,83046.0,83068.0,83109.0,83136.0,83168.0,83195.0,83234.0,83276.0,83303.0,83348.0,83377.0,83401.0,,,,,,,,,83695.0,83721.0,83767.0,83813.0,83846.0,83881.0,83921.0,83942.0,84013.0,84059.0,84089.0,84147.0,84220.0,84268.0,84311.0,84337.0,84377.0,84411.0,84435.0,84465.0,84495.0,84519.0,84544.0,84582.0,84606.0,84640.0,84667.0,84690.0,84721.0,84763.0,84793.0,84821.0,84855.0,84878.0,84913.0,84942.0,84970.0,85005.0,85035.0,85061.0,85082.0,85116.0,85159.0,85198.0,85213.0,85248.0,85289.0,85304.0,85342.0,85364.0,85390.0,85421.0,85443.0,85464.0,85492.0,85514.0,85541.0,85575.0,85590.0,85608.0,85624.0,85649.0,85660.0,85695.0,85713.0,85746.0,85774.0,85811.0,85840.0,85866.0,85887.0,85907.0,85935.0,85959.0,85989.0,86008.0,86039.0,86076.0,86113.0,86152.0,86184.0,86214.0,86258.0,86301.0,86343.0,86383.0,86425.0,86456.0,86488.0,86518.0,86558.0,86595.0,86634.0,86673.0,86702.0,86723.0,86774.0,86805.0,86834.0,86849.0,86871.0,86899.0,86935.0,86972.0,86996.0,87023.0,87048.0,87072.0,87110.0,87132.0,87157.0,87184.0,87206.0,87234.0,87261.0,87285.0,87308.0,87339.0,87366.0,87399.0,87437.0,,87509.0,87566.0,87615.0,87652.0,87696.0,87736.0,87782.0,87826.0,87869.0,87902.0,87938.0,87992.0,88023.0,88057.0,88097.0,88144.0,88173.0,88204.0,88244.0,88269.0,88309.0,88349.0,88388.0,88431.0,88470.0,88502.0,88537.0,88576.0,88603.0,88646.0,88678.0,88710.0,88737.0,88756.0,88785.0,88843.0,88896.0,88938.0,88974.0,89015.0,89043.0,89081.0,89134.0,89189.0,89243.0,89292.0,89330.0,89369.0,89411.0,89448.0,89488.0,89530.0,89574.0,89615.0,89649.0,89688.0,89728.0,89772.0,89815.0,89871.0,89955.0,90012.0,90115.0,90189.0,90259.0,90323.0,90396.0,90456.0,90518.0,90568.0,90636.0,90688.0,90742.0,90802.0,90846.0,90887.0,90956.0,91022.0,91076.0,91137.0,91179.0,91234.0,91271.0,91314.0,91375.0,91428.0,91489.0,91545.0,91598.0,91638.0,91703.0,91750.0,91804.0,91849.0,91904.0,91955.0,92009.0,92049.0,92090.0,92143.0,92206.0,92262.0,92321.0,92361.0,92404.0,92464.0,92513.0,92555.0,92614.0,92648.0,92690.0,92742.0,92794.0,92841
PC8hO2OFw3s,195201.0,195226.0,195268.0,195298.0,195347.0,195378.0,195408.0,195429.0,195452.0,195496.0,195519.0,195551.0,195588.0,195614.0,195649.0,195676.0,195720.0,195744.0,195763.0,195782.0,195805.0,195828.0,195848.0,195865.0,195881.0,195903.0,195924.0,195940.0,195959.0,195973.0,195991.0,196011.0,196034.0,196052.0,196082.0,196104.0,196122.0,196161.0,196181.0,196199.0,196232.0,196254.0,196270.0,196294.0,196323.0,196337.0,196378.0,196396.0,196418.0,196448.0,196472.0,196489.0,196507.0,196526.0,196542.0,196552.0,196573.0,196599.0,196610.0,196629.0,196660.0,196676.0,196695.0,196714.0,196732.0,196752.0,196768.0,196785.0,196799.0,196817.0,196838.0,196850.0,196864.0,196877.0,196893.0,196906.0,196916.0,196930.0,196957.0,196979.0,196995.0,197010.0,197024.0,197046.0,197056.0,197075.0,197094.0,197115.0,197128.0,197146.0,197152.0,197159.0,197176.0,197194.0,197212.0,197224.0,197240.0,197262.0,197273.0,197290.0,197297.0,197303.0,197313.0,197327.0,197343.0,197350.0,197405.0,197455.0,197479.0,197502.0,197526.0,197544.0,197560.0,197574.0,197595.0,197613.0,197632.0,197668.0,197691.0,197707.0,197723.0,197737.0,197754.0,197770.0,197789.0,197810.0,197822.0,197837.0,197848.0,197860.0,197872.0,197883.0,197896.0,197919.0,,,,,,,,,198056.0,198077.0,198089.0,198107.0,198121.0,198143.0,198155.0,198167.0,198176.0,198192.0,198205.0,198217.0,198228.0,198240.0,198253.0,198269.0,198277.0,198293.0,198304.0,198312.0,198323.0,198334.0,198346.0,198360.0,198371.0,198393.0,198401.0,198415.0,198428.0,198444.0,198458.0,198471.0,198477.0,198486.0,198497.0,198505.0,198521.0,198532.0,198551.0,198560.0,198567.0,198575.0,198592.0,198605.0,198613.0,198624.0,198636.0,198645.0,198650.0,198661.0,198675.0,198693.0,198707.0,198719.0,198739.0,198752.0,198767.0,198781.0,198791.0,198804.0,198826.0,198837.0,198859.0,198872.0,198879.0,198891.0,198903.0,198923.0,198941.0,198956.0,198975.0,198990.0,199014.0,199034.0,199040.0,199051.0,199068.0,199091.0,199099.0,199118.0,199138.0,199148.0,199168.0,199184.0,199204.0,199217.0,199231.0,199250.0,199264.0,199285.0,199311.0,199341.0,199354.0,199378.0,199387.0,199400.0,199414.0,199436.0,199448.0,199461.0,199472.0,199492.0,199506.0,199521.0,199529.0,199552.0,199566.0,199577.0,199587.0,199599.0,199613.0,199629.0,199643.0,199660.0,199671.0,199683.0,199698.0,199712.0,199739.0,199761.0,199774.0,,199798.0,199807.0,199818.0,199830.0,199845.0,199858.0,199870.0,199885.0,199912.0,199927.0,199941.0,199954.0,199968.0,199972.0,199988.0,199997.0,200008.0,200026.0,200042.0,200055.0,200074.0,200086.0,200105.0,200121.0,200138.0,200149.0,200166.0,200176.0,200191.0,200202.0,200217.0,200232.0,200243.0,200254.0,200270.0,200276.0,200291.0,200309.0,200326.0,200338.0,200344.0,200361.0,200383.0,200398.0,200419.0,200431.0,200446.0,200461.0,200479.0,200489.0,200502.0,200511.0,200527.0,200539.0,200550.0,200560.0,200583.0,200603.0,200652.0,200735.0,200819.0,200969.0,201119.0,201226.0,201376.0,201561.0,201669.0,201789.0,201915.0,202051.0,202151.0,202260.0,202378.0,202516.0,202627.0,202739.0,202833.0,202966.0,203087.0,203199.0,203300.0,203379.0,203485.0,203596.0,203716.0,203790.0,203864.0,203958.0,204042.0,204143.0,204237.0,204324.0,204418.0,204493.0,204568.0,204644.0,204716.0,204795.0,204849.0,204925.0,204982.0,205034.0,205092.0,205139.0,205182.0,205236.0,205303.0,205350.0,205407.0,205452.0,205490.0,205547.0,205610.0,205646
qd2czmsJbMs,544.0,544.0,544.0,544.0,544.0,544.0,544.0,544.0,544.0,544.0,544.0,544.0,544.0,544.0,546.0,546.0,546.0,546.0,546.0,546.0,546.0,546.0,546.0,546.0,546.0,546.0,546.0,546.0,546.0,546.0,546.0,546.0,546.0,546.0,546.0,546.0,546.0,546.0,547.0,547.0,547.0,547.0,547.0,547.0,547.0,547.0,547.0,547.0,547.0,547.0,547.0,547.0,547.0,547.0,547.0,547.0,547.0,547.0,547.0,548.0,548.0,548.0,548.0,548.0,548.0,548.0,548.0,548.0,548.0,548.0,548.0,548.0,548.0,548.0,548.0,548.0,548.0,548.0,548.0,548.0,548.0,548.0,548.0,548.0,548.0,548.0,548.0,548.0,548.0,548.0,548.0,548.0,548.0,548.0,548.0,548.0,548.0,548.0,548.0,548.0,548.0,548.0,548.0,548.0,548.0,549.0,549.0,549.0,549.0,549.0,550.0,550.0,551.0,551.0,551.0,551.0,552.0,552.0,552.0,552.0,552.0,552.0,552.0,552.0,552.0,552.0,552.0,552.0,552.0,552.0,552.0,552.0,553.0,553.0,,,,,,,,,554.0,554.0,554.0,554.0,554.0,554.0,554.0,554.0,554.0,554.0,554.0,554.0,554.0,554.0,554.0,556.0,556.0,556.0,556.0,556.0,556.0,556.0,556.0,556.0,556.0,556.0,556.0,556.0,556.0,556.0,556.0,556.0,556.0,556.0,556.0,557.0,557.0,557.0,557.0,557.0,557.0,557.0,557.0,557.0,557.0,557.0,557.0,557.0,557.0,557.0,557.0,557.0,557.0,557.0,557.0,557.0,558.0,558.0,558.0,559.0,559.0,559.0,559.0,559.0,559.0,559.0,559.0,559.0,559.0,559.0,559.0,559.0,559.0,560.0,560.0,560.0,560.0,560.0,560.0,560.0,560.0,560.0,560.0,561.0,561.0,561.0,561.0,561.0,562.0,562.0,562.0,562.0,562.0,562.0,562.0,562.0,562.0,562.0,565.0,565.0,565.0,565.0,565.0,565.0,565.0,565.0,565.0,565.0,565.0,565.0,565.0,565.0,565.0,565.0,565.0,565.0,565.0,565.0,565.0,565.0,565.0,,565.0,565.0,565.0,565.0,565.0,565.0,565.0,565.0,565.0,565.0,566.0,566.0,566.0,566.0,566.0,566.0,566.0,566.0,566.0,566.0,566.0,566.0,566.0,566.0,566.0,566.0,566.0,566.0,566.0,566.0,566.0,568.0,568.0,568.0,568.0,568.0,568.0,568.0,568.0,568.0,568.0,568.0,568.0,568.0,569.0,569.0,569.0,569.0,569.0,569.0,569.0,569.0,569.0,569.0,569.0,569.0,569.0,569.0,569.0,569.0,569.0,569.0,569.0,570.0,570.0,570.0,570.0,570.0,570.0,570.0,570.0,570.0,570.0,570.0,570.0,570.0,570.0,570.0,570.0,570.0,570.0,570.0,570.0,570.0,570.0,570.0,570.0,570.0,570.0,570.0,570.0,570.0,570.0,570.0,570.0,570.0,570.0,571.0,571.0,571.0,571.0,572.0,572.0,572.0,572.0,572.0,572.0,572.0,572.0,572.0,572.0,572.0,572.0,572
Wbw6xF-KkZI,1585712.0,1586467.0,1587313.0,1588268.0,1589567.0,1590824.0,1591969.0,1593222.0,1594326.0,1595422.0,1596347.0,1597220.0,1598169.0,1599078.0,1600101.0,1601085.0,1601935.0,1602600.0,1603572.0,1604621.0,1605842.0,1607049.0,1608135.0,1608967.0,1609628.0,1610562.0,1611526.0,1612447.0,1613399.0,1614602.0,1615419.0,1616208.0,1617266.0,1618250.0,1619408.0,1620441.0,1621803.0,1622652.0,1623350.0,1624246.0,1625241.0,1626310.0,1627340.0,1628384.0,1629285.0,1630079.0,1630860.0,1631865.0,1632732.0,1633683.0,1634758.0,1635550.0,1636122.0,1636955.0,1638005.0,1638732.0,1639586.0,1640724.0,1641505.0,1642171.0,1642878.0,1643628.0,1644403.0,1645191.0,1646002.0,1646769.0,1647380.0,1648248.0,1649103.0,1650120.0,1651083.0,1651960.0,1652854.0,1653538.0,1654382.0,1655282.0,1656147.0,1656955.0,1657848.0,1658646.0,1659159.0,1660084.0,1660858.0,1661817.0,1662793.0,1664459.0,1667193.0,1669155.0,1671185.0,1673294.0,1675153.0,1676843.0,1678738.0,1680497.0,1681735.0,1683402.0,1684696.0,1685816.0,1687119.0,1688157.0,1689222.0,1690171.0,1691584.0,1692790.0,1693958.0,1695283.0,1696659.0,1698097.0,1699126.0,1700268.0,1701390.0,1702597.0,1703726.0,1704797.0,1705954.0,1706856.0,1707934.0,1709045.0,1710117.0,1711015.0,1712165.0,1712973.0,1713853.0,1714680.0,1715587.0,1716506.0,1717388.0,1718572.0,1719595.0,1720173.0,1721095.0,1722018.0,1722868.0,1723996.0,,,,,,,,,1733284.0,1733983.0,1734874.0,1735776.0,1736686.0,1737521.0,1738243.0,1738843.0,1739595.0,1740566.0,1741478.0,1742477.0,1743591.0,1744866.0,1745654.0,1746450.0,1747606.0,1748674.0,1749827.0,1750935.0,1751878.0,1752785.0,1753534.0,1754473.0,1755567.0,1756640.0,1757658.0,1758669.0,1759567.0,1760620.0,1761640.0,1762629.0,1763714.0,1764575.0,1765576.0,1766485.0,1767206.0,1768242.0,1769152.0,1770050.0,1770886.0,1771717.0,1772512.0,1773123.0,1773904.0,1774900.0,1775706.0,1776687.0,1777609.0,1778273.0,1778792.0,1779446.0,1780151.0,1780922.0,1781768.0,1782538.0,1783254.0,1784064.0,1785069.0,1785851.0,1786586.0,1787186.0,1787874.0,1788472.0,1789069.0,1789747.0,1790616.0,1791402.0,1791986.0,1792621.0,1793344.0,1793955.0,1794763.0,1795724.0,1796679.0,1797550.0,1798436.0,1799010.0,1799612.0,1800495.0,1801396.0,1802219.0,1803176.0,1804200.0,1804771.0,1805449.0,1806245.0,1807170.0,1808050.0,1808931.0,1809825.0,1810738.0,1811596.0,1812470.0,1813336.0,1814341.0,1815265.0,1816232.0,1817143.0,1817857.0,1818663.0,1819589.0,1820726.0,1821940.0,1823111.0,1823946.0,1824562.0,1825482.0,1826387.0,1827315.0,1828191.0,1829213.0,1829901.0,1830487.0,1830972.0,1831551.0,1832146.0,1832731.0,1833414.0,1833966.0,1834351.0,,1835412.0,1836000.0,1836604.0,1837176.0,1837654.0,1838030.0,1838438.0,1838891.0,1839301.0,1839861.0,1840374.0,1840838.0,1841195.0,1841632.0,1842150.0,1842703.0,1843231.0,1843773.0,1844193.0,1844613.0,1845116.0,1845664.0,1846223.0,1846730.0,1847283.0,1847799.0,1848250.0,1848770.0,1849375.0,1849936.0,1850501.0,1851064.0,1851537.0,1851886.0,1852308.0,1852800.0,1853296.0,1853900.0,1854493.0,1855107.0,1855549.0,1856167.0,1856751.0,1857379.0,1857907.0,1858697.0,1859552.0,1860241.0,1860999.0,1861993.0,1863023.0,1864069.0,1865190.0,1866425.0,1867150.0,1868379.0,1869565.0,1870935.0,1872399.0,1873898.0,1875667.0,1876894.0,1878650.0,1880929.0,1883194.0,1885506.0,1887044.0,1888682.0,1889800.0,1891088.0,1892373.0,1893989.0,1895711.0,1897753.0,1899470.0,1900940.0,1902955.0,1904968.0,1906991.0,1908917.0,1910831.0,1912564.0,1913784.0,1915327.0,1916908.0,1918431.0,1919980.0,1921783.0,1923180.0,1924330.0,1925487.0,1926730.0,1928026.0,1929149.0,1930396.0,1931421.0,1932246.0,1933300.0,1934457.0,1935365.0,1936535.0,1937706.0,1938721.0,1939666.0,1940953.0,1942662.0,1944883.0,1947123.0,1949325.0,1951027.0,1952324.0,1953652.0,1955219.0,1956958
Vt5wBoB12sY,542234.0,542648.0,543087.0,543541.0,543995.0,544413.0,544891.0,545457.0,545980.0,546316.0,546625.0,547092.0,547599.0,548108.0,548675.0,549208.0,549666.0,550030.0,550548.0,551180.0,551767.0,552345.0,552831.0,553246.0,553627.0,554178.0,554651.0,555142.0,555668.0,556384.0,556838.0,557217.0,557785.0,558289.0,558835.0,559301.0,559829.0,560251.0,560550.0,560920.0,561328.0,561769.0,562178.0,562692.0,563042.0,563425.0,563774.0,564137.0,564559.0,564981.0,565446.0,565740.0,566050.0,566382.0,567325.0,568463.0,569933.0,571323.0,572671.0,573501.0,574331.0,575096.0,575842.0,576613.0,577268.0,577900.0,578363.0,578979.0,579559.0,580207.0,580927.0,581409.0,581910.0,582311.0,582866.0,583363.0,583869.0,584446.0,585066.0,585531.0,585963.0,586535.0,587177.0,587729.0,588451.0,589208.0,589840.0,590366.0,591008.0,591676.0,592356.0,592961.0,593639.0,594195.0,594697.0,595345.0,595882.0,596505.0,597193.0,597873.0,598373.0,598738.0,599298.0,599898.0,600465.0,600973.0,601671.0,602279.0,602787.0,603413.0,603983.0,604555.0,605253.0,606081.0,606751.0,607360.0,608058.0,608716.0,609502.0,610247.0,610869.0,611477.0,612057.0,612657.0,613145.0,613574.0,614100.0,614583.0,614994.0,615350.0,615812.0,616321.0,616806.0,617405.0,,,,,,,,,622954.0,623403.0,624044.0,624575.0,625247.0,626690.0,627462.0,628231.0,628766.0,629381.0,630026.0,630702.0,631401.0,632381.0,633044.0,633550.0,634297.0,634970.0,635674.0,636718.0,637928.0,638864.0,639798.0,641003.0,642142.0,643017.0,644185.0,645359.0,646245.0,646963.0,647939.0,648863.0,649760.0,650729.0,651717.0,652483.0,653057.0,653754.0,654573.0,655371.0,656305.0,657109.0,657806.0,658473.0,659241.0,660021.0,660691.0,661496.0,662250.0,662741.0,663123.0,663628.0,664337.0,664927.0,665433.0,665968.0,666371.0,666767.0,667205.0,667782.0,668269.0,668674.0,669067.0,669387.0,669707.0,670158.0,670712.0,671164.0,671544.0,671996.0,672380.0,672703.0,673096.0,673566.0,673960.0,674463.0,674899.0,675249.0,675519.0,675921.0,676386.0,676712.0,677180.0,677654.0,678005.0,678323.0,678715.0,679151.0,679616.0,680016.0,680542.0,680988.0,681331.0,681797.0,682254.0,682761.0,683270.0,683778.0,684256.0,684603.0,685039.0,685490.0,686020.0,686504.0,687022.0,687383.0,687665.0,688045.0,688417.0,688804.0,689206.0,689678.0,689956.0,690312.0,690564.0,690928.0,691176.0,691437.0,691811.0,692072.0,692279.0,,692773.0,693084.0,693333.0,693637.0,693831.0,694011.0,694173.0,694385.0,694601.0,694850.0,695080.0,695273.0,695408.0,695603.0,695839.0,696060.0,696314.0,696493.0,696708.0,696837.0,697040.0,697274.0,697492.0,697781.0,698036.0,698262.0,698414.0,698654.0,698946.0,699201.0,699468.0,699730.0,699936.0,700073.0,700262.0,700478.0,700682.0,700897.0,701116.0,701366.0,701589.0,701884.0,702174.0,702461.0,702728.0,703075.0,703520.0,703979.0,704623.0,705326.0,706046.0,706824.0,707531.0,708401.0,708950.0,709582.0,710348.0,711086.0,711743.0,712574.0,713345.0,714119.0,714887.0,715843.0,716941.0,718316.0,719163.0,720036.0,720748.0,721641.0,722501.0,723585.0,724572.0,725685.0,726691.0,727470.0,728507.0,729745.0,730871.0,731901.0,732961.0,733933.0,734617.0,735404.0,736321.0,737234.0,738173.0,739146.0,739937.0,740617.0,741202.0,741834.0,742609.0,743366.0,744166.0,744821.0,745373.0,746035.0,746686.0,747359.0,748084.0,748886.0,749434.0,749937.0,750801.0,751744.0,752841.0,753897.0,754886.0,755818.0,756411.0,757188.0,758087.0,759050
f831GuNyGRs,19144187.0,19151666.0,19158700.0,19165626.0,19175107.0,19185310.0,19195355.0,19205034.0,19215106.0,19223601.0,19231313.0,19239889.0,19249327.0,19258198.0,19266660.0,19275203.0,19283016.0,19289850.0,19297534.0,19305266.0,19312340.0,19319736.0,19328485.0,19338498.0,19347030.0,19355786.0,19364345.0,19372361.0,19380822.0,19389526.0,19397393.0,19404646.0,19412795.0,19420681.0,19428768.0,19436265.0,19444054.0,19451247.0,19458072.0,19465693.0,19473346.0,19481278.0,19489453.0,19497809.0,19506004.0,19513750.0,19522333.0,19530834.0,19539506.0,19547468.0,19555556.0,19563472.0,19570786.0,19578869.0,19586660.0,19594327.0,19601946.0,19609790.0,19616992.0,19623828.0,19630723.0,19638357.0,19646131.0,19654877.0,19664672.0,19672564.0,19678462.0,19686498.0,19693998.0,19703470.0,19712018.0,19719687.0,19727473.0,19734949.0,19744149.0,19753611.0,19763161.0,19773272.0,19783690.0,19792394.0,19799492.0,19808479.0,19817392.0,19827030.0,19836186.0,19845153.0,19853140.0,19861071.0,19869961.0,19878568.0,19887200.0,19896052.0,19905676.0,19914216.0,19922091.0,19930667.0,19940627.0,19950815.0,19960567.0,19970516.0,19979718.0,19996200.0,20006724.0,20016096.0,20025803.0,20035912.0,20047282.0,20058359.0,20067105.0,20076240.0,20085936.0,20096181.0,20106214.0,20117089.0,20126401.0,20135318.0,20145232.0,20155743.0,20166100.0,20177681.0,20188349.0,20199079.0,20207762.0,20215843.0,20223798.0,20232388.0,20240366.0,20248837.0,20256747.0,20264539.0,20273822.0,20282341.0,20290988.0,20300414.0,,,,,,,,,20389774.0,20399749.0,20409226.0,20418164.0,20427148.0,20436322.0,20444819.0,20454242.0,20464287.0,20475142.0,20485670.0,20496186.0,20506839.0,20516797.0,20526359.0,20534224.0,20543661.0,20555563.0,20570075.0,20582503.0,20596032.0,20609562.0,20621049.0,20633515.0,20645323.0,20657319.0,20669708.0,20683426.0,20695764.0,20707708.0,20720445.0,20733505.0,20746654.0,20758771.0,20771388.0,20782861.0,20793084.0,20804694.0,20816920.0,20828599.0,20840941.0,20854457.0,20867107.0,20878533.0,20890230.0,20902186.0,20913653.0,20925806.0,20938204.0,20948739.0,20958295.0,20970315.0,20983207.0,20995499.0,21007131.0,21019801.0,21031877.0,21042343.0,21054009.0,21066129.0,21078617.0,21088019.0,21099605.0,21110420.0,21120289.0,21131991.0,21142383.0,21152407.0,21160867.0,21170840.0,21180472.0,21189108.0,21199036.0,21208967.0,21218974.0,21228398.0,21238760.0,21246905.0,21253772.0,21262174.0,21270527.0,21278429.0,21287430.0,21297775.0,21306144.0,21313713.0,21322905.0,21332594.0,21342319.0,21352090.0,21363267.0,21372935.0,21381000.0,21391070.0,21401758.0,21412436.0,21422734.0,21433300.0,21443429.0,21452673.0,21463659.0,21475037.0,21486735.0,21497910.0,21509575.0,21520188.0,21529007.0,21540297.0,21551343.0,21563035.0,21574232.0,21586003.0,21595411.0,21603781.0,21612037.0,21620192.0,21627600.0,21635386.0,21643821.0,21650769.0,21656649.0,,21669851.0,21677082.0,21684771.0,21692472.0,21698869.0,21704287.0,21709585.0,21715298.0,21721172.0,21727280.0,21733744.0,21739678.0,21744393.0,21750854.0,21756878.0,21763211.0,21769599.0,21775837.0,21781857.0,21787342.0,21793579.0,21799977.0,21806614.0,21813251.0,21820324.0,21827018.0,21832794.0,21839377.0,21845970.0,21852346.0,21858691.0,21865391.0,21871347.0,21876262.0,21882112.0,21887549.0,21893213.0,21898954.0,21905305.0,21911121.0,21916734.0,21922845.0,21928974.0,21935254.0,21940974.0,21947607.0,21955034.0,21961682.0,21969802.0,21978361.0,21986681.0,21994776.0,22003157.0,22010802.0,22018169.0,22026625.0,22035250.0,22044145.0,22053146.0,22062261.0,22070183.0,22078013.0,22087517.0,22096876.0,22105677.0,22115018.0,22123654.0,22132094.0,22139725.0,22148675.0,22156575.0,22165533.0,22174573.0,22183694.0,22192182.0,22199849.0,22208689.0,22217423.0,22226014.0,22234248.0,22243297.0,22251335.0,22259049.0,22268037.0,22277103.0,22286368.0,22296173.0,22305687.0,22314003.0,22322013.0,22329447.0,22337003.0,22344953.0,22353588.0,22362316.0,22369919.0,22376107.0,22383236.0,22390756.0,22397385.0,22404817.0,22413056.0,22420318.0,22426783.0,22435424.0,22444687.0,22454052.0,22462183.0,22470032.0,22477236.0,22482987.0,22489466.0,22496068.0,22503722
qrBMbvNII9s,629248.0,629429.0,629630.0,629844.0,630047.0,630216.0,630494.0,630792.0,631103.0,631349.0,631561.0,631857.0,632128.0,632342.0,632545.0,632786.0,633005.0,633167.0,633297.0,633461.0,633639.0,633843.0,634013.0,634187.0,634337.0,634514.0,634721.0,634876.0,635081.0,635290.0,635447.0,635578.0,635684.0,635840.0,635979.0,636119.0,636316.0,636451.0,636598.0,636743.0,636901.0,637047.0,637239.0,637407.0,637605.0,637754.0,637892.0,638044.0,638188.0,638378.0,638522.0,638723.0,638875.0,639019.0,639191.0,639352.0,639517.0,639688.0,639816.0,639970.0,640126.0,640270.0,640420.0,640572.0,640708.0,640874.0,641016.0,641183.0,641333.0,641530.0,641697.0,641884.0,642032.0,642174.0,642308.0,642503.0,642656.0,642856.0,643067.0,643281.0,643438.0,643585.0,643741.0,643960.0,644157.0,644332.0,644514.0,644634.0,644796.0,644939.0,645076.0,645216.0,645348.0,645482.0,645602.0,645736.0,645873.0,646018.0,646166.0,646303.0,646433.0,646529.0,646690.0,646845.0,646983.0,647210.0,647404.0,647556.0,647671.0,647822.0,647929.0,648036.0,648160.0,648289.0,648390.0,648500.0,648618.0,648730.0,648886.0,649051.0,649192.0,649335.0,649445.0,649594.0,649744.0,649861.0,649973.0,650119.0,650240.0,650343.0,650459.0,650583.0,650749.0,650918.0,,,,,,,,,652489.0,652624.0,652749.0,652909.0,653043.0,653235.0,653429.0,653588.0,653769.0,653939.0,654085.0,654227.0,654421.0,654568.0,654717.0,654841.0,655008.0,655194.0,655363.0,655536.0,655699.0,655862.0,656015.0,656205.0,656350.0,656504.0,656654.0,656846.0,657057.0,657266.0,657549.0,657822.0,658065.0,658249.0,658438.0,658642.0,658803.0,658960.0,659103.0,659280.0,659400.0,659568.0,659702.0,659849.0,660050.0,660212.0,660386.0,660588.0,660789.0,660935.0,661066.0,661198.0,661316.0,661459.0,661574.0,661723.0,661872.0,661968.0,662123.0,662252.0,662404.0,662516.0,662661.0,662804.0,662911.0,663059.0,663195.0,663364.0,663471.0,663585.0,663686.0,663790.0,663915.0,664062.0,664179.0,664301.0,664437.0,664545.0,664660.0,664775.0,664874.0,664989.0,665131.0,665286.0,665392.0,665509.0,665619.0,665751.0,665854.0,665953.0,666054.0,666186.0,666296.0,666389.0,666481.0,666581.0,666704.0,666812.0,666936.0,667016.0,667136.0,667239.0,667354.0,667471.0,667585.0,667710.0,667798.0,667894.0,668022.0,668189.0,668314.0,668433.0,668545.0,668657.0,668739.0,668816.0,668936.0,669076.0,669199.0,669352.0,669487.0,,669874.0,670159.0,670380.0,670588.0,670776.0,670913.0,671032.0,671227.0,671414.0,671656.0,671864.0,672064.0,672227.0,672445.0,672633.0,672842.0,673024.0,673202.0,673365.0,673485.0,673640.0,673786.0,673949.0,674105.0,674281.0,674444.0,674561.0,674697.0,674834.0,674967.0,675118.0,675251.0,675372.0,675485.0,675608.0,675763.0,675916.0,676083.0,676221.0,676382.0,676501.0,676628.0,676780.0,676954.0,677115.0,677275.0,677442.0,677575.0,677721.0,677844.0,677959.0,678101.0,678248.0,678425.0,678551.0,678685.0,678834.0,678976.0,679141.0,679285.0,679458.0,679615.0,679796.0,679999.0,680205.0,680373.0,680477.0,680593.0,680701.0,680802.0,680935.0,681072.0,681198.0,681338.0,681441.0,681536.0,681659.0,681831.0,681991.0,682201.0,682409.0,682549.0,682680.0,682856.0,683018.0,683169.0,683324.0,683509.0,683666.0,683792.0,683923.0,684092.0,684242.0,684391.0,684560.0,684700.0,684823.0,684979.0,685251.0,685470.0,685669.0,685822.0,686008.0,686144.0,686333.0,686546.0,686733.0,686945.0,687096.0,687295.0,687446.0,687621.0,687791.0,688000
jv_uolrknjA,184777.0,184925.0,185090.0,185225.0,185367.0,185535.0,185680.0,185856.0,186075.0,186195.0,186326.0,186461.0,186601.0,186695.0,186802.0,186915.0,187011.0,187077.0,187167.0,187233.0,187313.0,187410.0,187510.0,187573.0,187638.0,187710.0,187781.0,187863.0,187949.0,188049.0,188106.0,188164.0,188253.0,188388.0,188504.0,188571.0,188675.0,188730.0,188789.0,188877.0,188953.0,189054.0,189130.0,189209.0,189294.0,189333.0,189398.0,189481.0,189662.0,189802.0,189912.0,189998.0,190060.0,190149.0,190229.0,190292.0,190353.0,190458.0,190525.0,190580.0,190640.0,190713.0,190816.0,190882.0,190954.0,191034.0,191094.0,191150.0,191211.0,191294.0,191377.0,191425.0,191464.0,191514.0,191558.0,191638.0,191686.0,191763.0,191839.0,191918.0,191979.0,192025.0,192074.0,192139.0,192194.0,192253.0,192301.0,192352.0,192397.0,192457.0,192522.0,192584.0,192664.0,192709.0,192762.0,192818.0,192885.0,192942.0,193009.0,193075.0,193140.0,193195.0,193244.0,193303.0,193365.0,193438.0,193498.0,193559.0,193602.0,193658.0,193733.0,193795.0,193847.0,193922.0,193986.0,194049.0,194117.0,194206.0,194281.0,194351.0,194422.0,194494.0,194550.0,194597.0,194645.0,194693.0,194764.0,194828.0,194874.0,194930.0,195009.0,195077.0,195126.0,195199.0,,,,,,,,,195844.0,195904.0,195965.0,196028.0,196107.0,196196.0,196252.0,196317.0,196397.0,196487.0,196560.0,196638.0,196700.0,196799.0,196893.0,196961.0,197030.0,197111.0,197195.0,197268.0,197331.0,197384.0,197448.0,197500.0,197545.0,197600.0,197648.0,197717.0,197773.0,197819.0,197878.0,197954.0,198022.0,198079.0,198147.0,198196.0,198243.0,198295.0,198346.0,198403.0,198469.0,198528.0,198586.0,198615.0,198655.0,198729.0,198780.0,198839.0,198892.0,198933.0,198971.0,199033.0,199085.0,199146.0,199195.0,199237.0,199283.0,199325.0,199383.0,199448.0,199521.0,199571.0,199619.0,199670.0,199696.0,199760.0,199841.0,199923.0,199981.0,200047.0,200105.0,200161.0,200216.0,200295.0,200381.0,200448.0,200517.0,200579.0,200629.0,200712.0,200785.0,200846.0,200945.0,201054.0,201121.0,201179.0,201262.0,201348.0,201440.0,201502.0,201594.0,201690.0,201751.0,201807.0,201878.0,201943.0,202059.0,202148.0,202215.0,202259.0,202321.0,202394.0,202473.0,202543.0,202598.0,202646.0,202699.0,202757.0,202815.0,202886.0,202968.0,203074.0,203164.0,203246.0,203342.0,203400.0,203483.0,203566.0,203680.0,203752.0,203820.0,,203985.0,204043.0,204121.0,204208.0,204267.0,204316.0,204372.0,204445.0,204520.0,204592.0,204669.0,204733.0,204790.0,204853.0,204913.0,204966.0,205020.0,205076.0,205125.0,205175.0,205223.0,205301.0,205383.0,205443.0,205498.0,205555.0,205590.0,205646.0,205713.0,205776.0,205852.0,205917.0,205982.0,206010.0,206071.0,206150.0,206239.0,206311.0,206394.0,206451.0,206505.0,206584.0,206639.0,206717.0,206813.0,206958.0,207122.0,207295.0,207496.0,207813.0,208287.0,208895.0,209640.0,210280.0,210740.0,211231.0,211728.0,212171.0,212448.0,212787.0,213039.0,213334.0,213562.0,213857.0,214151.0,214515.0,214967.0,215315.0,215637.0,216068.0,216531.0,216989.0,217495.0,218025.0,218452.0,218736.0,219133.0,219590.0,220063.0,220421.0,220875.0,221182.0,221412.0,221759.0,222208.0,222768.0,223337.0,223742.0,224069.0,224285.0,224569.0,224842.0,225241.0,225604.0,226087.0,226420.0,226662.0,226988.0,227310.0,227495.0,227751.0,228013.0,228252.0,228447.0,228728.0,229036.0,229373.0,229727.0,230033.0,230353.0,230593.0,230820.0,231121.0,231364
Ydhinj6NEjo,6869530.0,6872250.0,6875518.0,6878215.0,6881509.0,6884675.0,6887804.0,6890956.0,6893857.0,6896904.0,6899279.0,6902165.0,6905201.0,6907814.0,6910787.0,6913438.0,6915367.0,6917393.0,6919402.0,6921585.0,6923640.0,6926435.0,6929648.0,6932444.0,6935634.0,6938655.0,6941736.0,6944366.0,6947199.0,6950701.0,6953239.0,6956015.0,6959451.0,6962724.0,6966037.0,6969172.0,6972233.0,6974481.0,6976791.0,6979472.0,6981843.0,6984795.0,6987420.0,6990318.0,6992556.0,6995213.0,6997694.0,7000000.0,7002881.0,7005166.0,7008064.0,7010172.0,7012137.0,7014587.0,7017257.0,7019633.0,7021772.0,7024195.0,7026577.0,7028654.0,7030741.0,7032956.0,7035536.0,7038175.0,7040876.0,7043047.0,7044744.0,7047440.0,7049871.0,7052997.0,7055406.0,7057548.0,7059504.0,7061454.0,7064413.0,7067405.0,7069784.0,7072112.0,7074383.0,7076340.0,7078586.0,7081573.0,7084700.0,7087902.0,7090727.0,7093576.0,7095807.0,7098050.0,7100706.0,7103282.0,7105882.0,7108500.0,7111526.0,7114121.0,7116456.0,7119286.0,7121864.0,7124495.0,7127098.0,7129965.0,7132079.0,7134252.0,7136730.0,7139486.0,7141743.0,7143921.0,7146382.0,7148394.0,7150068.0,7152240.0,7154724.0,7156703.0,7158723.0,7160873.0,7162715.0,7164371.0,7167843.0,7171234.0,7174441.0,7176831.0,7178482.0,7180057.0,7181653.0,7183232.0,7184770.0,7186260.0,7187811.0,7189591.0,7191311.0,7192571.0,7194468.0,7196129.0,7197798.0,7199497.0,,,,,,,,,7215976.0,7217586.0,7219312.0,7221000.0,7222725.0,7224555.0,7226203.0,7227834.0,7229367.0,7231009.0,7232875.0,7235057.0,7237207.0,7239306.0,7241203.0,7242732.0,7244630.0,7246909.0,7249019.0,7251089.0,7253120.0,7255225.0,7257264.0,7259370.0,7261448.0,7263674.0,7265830.0,7268424.0,7270378.0,7272412.0,7274744.0,7277237.0,7279495.0,7281622.0,7283828.0,7285668.0,7287374.0,7287409.0,7287413.0,7287415.0,7287418.0,7287418.0,7287418.0,7287418.0,7287417.0,7287419.0,7287418.0,7287419.0,7287421.0,7287420.0,7287420.0,7287421.0,7287421.0,7287423.0,7287423.0,7287423.0,7287424.0,7287423.0,7287424.0,7287424.0,7287424.0,7287424.0,7287426.0,7287426.0,7287426.0,7287426.0,7287426.0,7287427.0,7287426.0,7287426.0,7287426.0,7287426.0,7287428.0,7287428.0,7287428.0,7287430.0,7287429.0,7287429.0,7287429.0,7287428.0,7287430.0,7287430.0,7287430.0,7287430.0,7287429.0,7287429.0,7287429.0,7287429.0,7287429.0,7287429.0,7287429.0,7287429.0,7287429.0,7287429.0,7287429.0,7287429.0,7287429.0,7287429.0,7287429.0,7287429.0,7287429.0,7287429.0,7287429.0,7287429.0,7287429.0,7287429.0,7287429.0,7287429.0,7287429.0,7287429.0,7287429.0,7287429.0,7287429.0,7287429.0,7287429.0,7287429.0,7287429.0,7287429.0,7287429.0,7287429.0,7287429.0,,7287429.0,7287429.0,7287429.0,7287429.0,7287429.0,7287429.0,7287429.0,7287429.0,7287429.0,7287429.0,7287429.0,7287429.0,7287429.0,7287429.0,7287429.0,7287429.0,7287429.0,7287429.0,7287429.0,7287429.0,7287429.0,7287429.0,7287429.0,7287429.0,7287429.0,7287429.0,7287429.0,7287429.0,7287429.0,7287429.0,7287429.0,7287429.0,7287429.0,7287429.0,7287429.0,7287429.0,7287429.0,7287429.0,7287429.0,7287429.0,7287429.0,7287429.0,7287429.0,7287429.0,7287429.0,7287429.0,7287429.0,7287429.0,7287429.0,7287429.0,7287429.0,7287429.0,7287429.0,7287429.0,7287429.0,7287429.0,7287429.0,7287429.0,7287429.0,7287429.0,7287429.0,7287429.0,7287429.0,7287429.0,7287429.0,7287429.0,7287429.0,7287429.0,7287429.0,7287429.0,7287429.0,7287429.0,7287429.0,7287429.0,7287429.0,7287429.0,7287429.0,7287429.0,7287429.0,7287429.0,7287429.0,7287429.0,7287429.0,7287429.0,7287429.0,7287429.0,7287429.0,7287429.0,7287429.0,7287429.0,7287429.0,7287429.0,7287429.0,7287429.0,7287429.0,7287429.0,7287429.0,7287429.0,7287429.0,7287429.0,7287429.0,7287429.0,7287429.0,7287429.0,7287429.0,7287429.0,7287429.0,7287429.0,7287429.0,7287429.0,7287429.0,7287429.0,7287429.0,7287429
HqKXkjJwrvM,611813.0,612307.0,612852.0,613220.0,613839.0,614357.0,614985.0,615809.0,616398.0,616986.0,617503.0,618033.0,618777.0,619587.0,620393.0,621028.0,621558.0,622094.0,622631.0,623225.0,623890.0,624749.0,625507.0,626069.0,626524.0,627185.0,627800.0,628525.0,629111.0,629732.0,630185.0,630704.0,631268.0,631947.0,632513.0,633005.0,633605.0,634096.0,634471.0,634928.0,635416.0,635849.0,636336.0,636918.0,637406.0,637782.0,638171.0,638599.0,639146.0,639600.0,640155.0,640531.0,640840.0,641329.0,641747.0,642180.0,642566.0,643016.0,643341.0,643644.0,644013.0,644484.0,644958.0,645352.0,645745.0,646072.0,646374.0,646686.0,647059.0,647469.0,647902.0,648258.0,648602.0,648856.0,649207.0,649525.0,649956.0,650360.0,650761.0,651123.0,651439.0,651898.0,652286.0,652681.0,653096.0,653590.0,653972.0,654233.0,654571.0,654930.0,655379.0,655702.0,656094.0,656487.0,656753.0,657189.0,657564.0,658060.0,658484.0,658974.0,659348.0,659633.0,660033.0,660439.0,660832.0,661239.0,661709.0,662097.0,662428.0,662781.0,663245.0,663623.0,664065.0,664485.0,664770.0,665074.0,665492.0,665861.0,666242.0,666564.0,666861.0,667169.0,667424.0,667664.0,668029.0,668341.0,668637.0,669008.0,669345.0,669673.0,670080.0,670404.0,670766.0,671120.0,,,,,,,,,674511.0,674768.0,675151.0,675568.0,675917.0,676290.0,676649.0,676963.0,677272.0,677583.0,677962.0,678326.0,678819.0,679344.0,679711.0,680010.0,680415.0,680883.0,681315.0,681648.0,681975.0,682264.0,682537.0,682880.0,683241.0,683564.0,683871.0,684327.0,684660.0,684891.0,685235.0,685680.0,686085.0,686430.0,686832.0,687120.0,687387.0,687403.0,687403.0,687404.0,687404.0,687404.0,687405.0,687405.0,687405.0,687405.0,687406.0,687406.0,687406.0,687406.0,687406.0,687407.0,687407.0,687407.0,687407.0,687408.0,687408.0,687408.0,687408.0,687409.0,687409.0,687409.0,687409.0,687409.0,687409.0,687410.0,687410.0,687410.0,687410.0,687411.0,687411.0,687411.0,687411.0,687411.0,687412.0,687412.0,687412.0,687413.0,687413.0,687413.0,687413.0,687413.0,687414.0,687414.0,687414.0,687414.0,687414.0,687414.0,687414.0,687414.0,687414.0,687414.0,687414.0,687414.0,687414.0,687414.0,687414.0,687414.0,687414.0,687414.0,687414.0,687414.0,687414.0,687414.0,687414.0,687414.0,687414.0,687414.0,687414.0,687414.0,687414.0,687414.0,687414.0,687414.0,687414.0,687414.0,687414.0,687414.0,687414.0,687414.0,687414.0,,687414.0,687414.0,687414.0,687414.0,687414.0,687414.0,687414.0,687414.0,687414.0,687414.0,687414.0,687414.0,687414.0,687414.0,687414.0,687414.0,687414.0,687414.0,687414.0,687414.0,687414.0,687414.0,687414.0,687414.0,687414.0,687414.0,687414.0,687414.0,687414.0,687414.0,687414.0,687414.0,687414.0,687414.0,687414.0,687414.0,687414.0,687414.0,687414.0,687414.0,687414.0,687414.0,687414.0,687414.0,687414.0,687414.0,687414.0,687414.0,687414.0,687414.0,687414.0,687414.0,687414.0,687414.0,687414.0,687414.0,687414.0,687414.0,687414.0,687414.0,687414.0,687414.0,687414.0,687414.0,687414.0,687414.0,687414.0,687414.0,687414.0,687414.0,687414.0,687414.0,687414.0,687414.0,687414.0,687414.0,687414.0,687414.0,687414.0,687414.0,687414.0,687414.0,687414.0,687414.0,687414.0,687414.0,687414.0,687414.0,687414.0,687414.0,687414.0,687414.0,687414.0,687414.0,687414.0,687414.0,687414.0,687414.0,687414.0,687414.0,687414.0,687414.0,687414.0,687414.0,687414.0,687414.0,687414.0,687414.0,687414.0,687414.0,687414.0,687414.0,687414.0,687414
PPVfgIJ4XYw,427084.0,427084.0,427085.0,427085.0,427085.0,427085.0,427085.0,427086.0,427088.0,427088.0,427089.0,427090.0,427091.0,427093.0,427094.0,427095.0,427095.0,427095.0,427095.0,427095.0,427095.0,427102.0,427102.0,427102.0,427104.0,427104.0,427104.0,427105.0,427105.0,427105.0,427105.0,427105.0,427105.0,427105.0,427108.0,427108.0,427109.0,427110.0,427112.0,427112.0,427113.0,427113.0,427115.0,427117.0,427117.0,427118.0,427118.0,427118.0,427119.0,427120.0,427120.0,427120.0,427120.0,427120.0,427120.0,427121.0,427123.0,427123.0,427123.0,427124.0,427125.0,427128.0,427128.0,427128.0,427128.0,427129.0,427130.0,427130.0,427130.0,427132.0,427132.0,427133.0,427134.0,427136.0,427138.0,427138.0,427139.0,427140.0,427141.0,427141.0,427141.0,427141.0,427141.0,427142.0,427143.0,427144.0,427144.0,427144.0,427144.0,427144.0,427144.0,427144.0,427144.0,427144.0,427144.0,427144.0,427144.0,427145.0,427145.0,427146.0,427148.0,427148.0,427149.0,427149.0,427149.0,427149.0,427149.0,427150.0,427151.0,427151.0,427153.0,427153.0,427155.0,427156.0,427156.0,427157.0,427157.0,427157.0,427157.0,427157.0,427158.0,427158.0,427158.0,427159.0,427160.0,427160.0,427160.0,427160.0,427160.0,427161.0,427162.0,427163.0,427163.0,427166.0,,,,,,,,,427170.0,427171.0,427172.0,427174.0,427175.0,427176.0,427177.0,427177.0,427177.0,427178.0,427178.0,427178.0,427178.0,427179.0,427181.0,427181.0,427181.0,427181.0,427182.0,427182.0,427182.0,427182.0,427182.0,427182.0,427183.0,427184.0,427187.0,427187.0,427193.0,427194.0,427194.0,427198.0,427198.0,427198.0,427198.0,427198.0,427198.0,427198.0,427198.0,427198.0,427198.0,427198.0,427198.0,427199.0,427200.0,427200.0,427200.0,427201.0,427201.0,427201.0,427201.0,427206.0,427206.0,427207.0,427208.0,427209.0,427211.0,427212.0,427214.0,427216.0,427216.0,427217.0,427217.0,427221.0,427221.0,427222.0,427224.0,427225.0,427226.0,427227.0,427229.0,427229.0,427230.0,427232.0,427232.0,427234.0,427236.0,427238.0,427238.0,427239.0,427241.0,427241.0,427242.0,427244.0,427245.0,427247.0,427248.0,427250.0,427250.0,427252.0,427252.0,427254.0,427256.0,427256.0,427256.0,427256.0,427256.0,427256.0,427256.0,427257.0,427257.0,427260.0,427260.0,427260.0,427260.0,427260.0,427261.0,427262.0,427262.0,427262.0,427263.0,427265.0,427266.0,427267.0,427267.0,427267.0,427268.0,427268.0,427268.0,427270.0,427270.0,,427270.0,427270.0,427271.0,427271.0,427273.0,427274.0,427274.0,427274.0,427275.0,427276.0,427277.0,427277.0,427278.0,427278.0,427278.0,427278.0,427279.0,427280.0,427281.0,427281.0,427282.0,427282.0,427282.0,427282.0,427282.0,427283.0,427283.0,427283.0,427283.0,427283.0,427284.0,427284.0,427285.0,427285.0,427285.0,427285.0,427285.0,427285.0,427286.0,427286.0,427286.0,427288.0,427288.0,427290.0,427290.0,427293.0,427294.0,427294.0,427294.0,427296.0,427299.0,427301.0,427301.0,427301.0,427301.0,427303.0,427304.0,427305.0,427305.0,427305.0,427307.0,427307.0,427307.0,427308.0,427308.0,427309.0,427311.0,427311.0,427311.0,427312.0,427312.0,427314.0,427314.0,427314.0,427314.0,427314.0,427314.0,427314.0,427315.0,427315.0,427315.0,427315.0,427315.0,427315.0,427315.0,427315.0,427315.0,427315.0,427317.0,427317.0,427317.0,427317.0,427317.0,427317.0,427317.0,427318.0,427318.0,427318.0,427318.0,427318.0,427318.0,427319.0,427319.0,427319.0,427319.0,427319.0,427319.0,427319.0,427319.0,427320.0,427321.0,427321.0,427321.0,427321
NYT3Opelerg,3714413.0,3715329.0,3716301.0,3717363.0,3718472.0,3719545.0,3720564.0,3721709.0,3722779.0,3724033.0,3725211.0,3726320.0,3727439.0,3728549.0,3729682.0,3730970.0,3732421.0,3734072.0,3735406.0,3736624.0,3737881.0,3739185.0,3740521.0,3741968.0,3743249.0,3744554.0,3745822.0,3747016.0,3748168.0,3749255.0,3750412.0,3751430.0,3752415.0,3753431.0,3754430.0,3755477.0,3756683.0,3757862.0,3759027.0,3759989.0,3761074.0,3762199.0,3763317.0,3764450.0,3765544.0,3766617.0,3767647.0,3768583.0,3769695.0,3770681.0,3771713.0,3772844.0,3773853.0,3774830.0,3775981.0,3776983.0,3777901.0,3778844.0,3779895.0,3780861.0,3781829.0,3782785.0,3783819.0,3784734.0,3785623.0,3786523.0,3787525.0,3788384.0,3789207.0,3790956.0,3792278.0,3793776.0,3795118.0,3796518.0,3797807.0,3799196.0,3800557.0,3801890.0,3803147.0,3804490.0,3805746.0,3806820.0,3807823.0,3808912.0,3810000.0,3811069.0,3812029.0,3813085.0,3813960.0,3814786.0,3815762.0,3816596.0,3817482.0,3818392.0,3819350.0,3820334.0,3821168.0,3822084.0,3822930.0,3823761.0,3824797.0,3825751.0,3826604.0,3827500.0,3828370.0,3829257.0,3830164.0,3831095.0,3832162.0,3833030.0,3833916.0,3834831.0,3835673.0,3836521.0,3837496.0,3838468.0,3839419.0,3840342.0,3841259.0,3842145.0,3843185.0,3844154.0,3845422.0,3846602.0,3847661.0,3848620.0,3849584.0,3850504.0,3851448.0,3852267.0,3853173.0,3853985.0,3854815.0,3855657.0,,,,,,,,,3864041.0,3865265.0,3866214.0,3867150.0,3868210.0,3869165.0,3870146.0,3871180.0,3872291.0,3873156.0,3874176.0,3875206.0,3876853.0,3878741.0,3880619.0,3882441.0,3884002.0,3885175.0,3886706.0,3888038.0,3889189.0,3890301.0,3891328.0,3892450.0,3893760.0,3894813.0,3895965.0,3897096.0,3898150.0,3899043.0,3899971.0,3900846.0,3901801.0,3902707.0,3903548.0,3904456.0,3905325.0,3906149.0,3907106.0,3907946.0,3908891.0,3909816.0,3910705.0,3911601.0,3912469.0,3913346.0,3914281.0,3915261.0,3916105.0,3916985.0,3917829.0,3918668.0,3919446.0,3920366.0,3921259.0,3922172.0,3922995.0,3923908.0,3924815.0,3925808.0,3926742.0,3927629.0,3928621.0,3929757.0,3930903.0,3932049.0,3933320.0,3934664.0,3935961.0,3937062.0,3938335.0,3939453.0,3940545.0,3941592.0,3942811.0,3943989.0,3945175.0,3946271.0,3947621.0,3948973.0,3950418.0,3951839.0,3953304.0,3955610.0,3957952.0,3960538.0,3962648.0,3964505.0,3966437.0,3968343.0,3970281.0,3972068.0,3973799.0,3975501.0,3977027.0,3978580.0,3980084.0,3981693.0,3983306.0,3984718.0,3986203.0,3987610.0,3988992.0,3990797.0,3992505.0,3994443.0,3996285.0,3997759.0,3999017.0,4000286.0,4001588.0,4003106.0,4004571.0,4005949.0,4007293.0,4008571.0,4010105.0,4011575.0,4012937.0,4014638.0,4016547.0,,4020018.0,4021661.0,4023199.0,4024484.0,4025936.0,4027474.0,4028846.0,4030072.0,4031418.0,4032829.0,4034356.0,4035889.0,4037469.0,4038838.0,4040263.0,4041685.0,4043222.0,4044734.0,4046457.0,4048375.0,4050040.0,4051728.0,4053420.0,4055073.0,4056680.0,4058237.0,4059962.0,4061606.0,4063190.0,4064744.0,4066129.0,4067889.0,4069456.0,4070901.0,4072247.0,4073823.0,4075323.0,4076929.0,4078573.0,4080093.0,4081852.0,4083299.0,4084753.0,4086153.0,4087548.0,4088754.0,4090252.0,4091606.0,4092987.0,4094251.0,4095511.0,4096828.0,4098257.0,4099699.0,4101251.0,4102727.0,4104303.0,4105735.0,4106999.0,4108215.0,4109467.0,4110729.0,4111887.0,4113071.0,4114134.0,4115557.0,4116983.0,4118338.0,4119670.0,4120768.0,4122046.0,4123200.0,4124281.0,4125454.0,4126834.0,4128198.0,4129326.0,4130361.0,4131303.0,4132300.0,4133284.0,4134319.0,4135403.0,4136386.0,4137379.0,4138302.0,4139149.0,4140176.0,4141247.0,4142298.0,4143303.0,4144236.0,4145263.0,4146205.0,4147130.0,4148152.0,4148996.0,4150011.0,4150926.0,4151982.0,4152996.0,4154003.0,4155105.0,4156122.0,4157033.0,4158148.0,4159486.0,4160670.0,4161747.0,4162884.0,4163896.0,4164819.0,4165702.0,4166779
TZjPrZxhB0I,4591369.0,4597207.0,4603516.0,4609109.0,4615825.0,4622079.0,4627479.0,4633128.0,4639165.0,4644709.0,4649758.0,4655274.0,4660467.0,4665676.0,4671082.0,4675661.0,4680660.0,4685128.0,4690602.0,4695831.0,4701314.0,4706653.0,4712228.0,4717038.0,4722095.0,4727336.0,4732653.0,4737610.0,4742970.0,4749100.0,4753762.0,4758266.0,4764122.0,4769014.0,4774318.0,4779604.0,4785084.0,4790665.0,4795401.0,4799978.0,4804776.0,4809312.0,4813882.0,4818524.0,4822678.0,4826619.0,4831390.0,4836297.0,4841821.0,4848805.0,4854991.0,4860863.0,4865772.0,4871219.0,4876048.0,4880371.0,4884782.0,4889772.0,4894824.0,4899620.0,4904898.0,4910549.0,4916275.0,4921565.0,4926749.0,4931723.0,4936095.0,4941503.0,4946144.0,4952086.0,4958100.0,4963233.0,4968078.0,4972312.0,4977185.0,4982332.0,4987845.0,4992907.0,4998358.0,5003281.0,5008136.0,5016705.0,5023055.0,5029439.0,5035413.0,5041032.0,5046540.0,5052022.0,5058422.0,5064514.0,5070610.0,5077257.0,5083978.0,5090109.0,5095867.0,5103031.0,5110025.0,5116650.0,5123256.0,5129912.0,5135209.0,5140653.0,5146828.0,5153061.0,5159160.0,5166922.0,5174222.0,5180083.0,5185395.0,5191284.0,5197284.0,5202996.0,5208661.0,5214741.0,5221121.0,5227086.0,5233732.0,5240062.0,5246756.0,5256122.0,5264438.0,5271111.0,5276953.0,5282851.0,5288442.0,5294126.0,5299406.0,5305009.0,5311167.0,5316633.0,5323251.0,5329117.0,5335156.0,5341255.0,,,,,,,,,5392644.0,5397642.0,5402645.0,5408859.0,5414854.0,5421406.0,5427005.0,5432009.0,5437012.0,5442559.0,5448275.0,5453848.0,5460605.0,5467404.0,5473086.0,5479070.0,5487333.0,5494379.0,5500987.0,5507783.0,5515023.0,5521738.0,5527711.0,5534278.0,5540307.0,5546427.0,5553546.0,5560440.0,5566390.0,5571796.0,5578652.0,5585535.0,5592469.0,5599269.0,5605852.0,5611383.0,5616865.0,5623083.0,5629339.0,5635172.0,5641178.0,5647402.0,5652796.0,5657637.0,5663638.0,5669155.0,5674960.0,5680896.0,5687213.0,5693407.0,5699143.0,5706008.0,5712349.0,5718563.0,5724276.0,5730515.0,5736214.0,5741223.0,5747125.0,5752895.0,5758653.0,5763378.0,5768098.0,5773345.0,5777995.0,5783299.0,5788174.0,5793342.0,5797387.0,5802067.0,5806902.0,5811572.0,5816765.0,5821910.0,5827040.0,5832161.0,5837541.0,5842321.0,5846700.0,5851883.0,5857546.0,5862430.0,5868369.0,5873658.0,5878370.0,5882410.0,5886814.0,5891141.0,5896941.0,5901995.0,5907872.0,5912800.0,5917694.0,5923533.0,5929596.0,5935402.0,5940834.0,5946248.0,5951034.0,5955674.0,5961057.0,5966829.0,5972552.0,5977931.0,5983472.0,5988138.0,5992176.0,5997216.0,6002250.0,6007841.0,6012400.0,6018009.0,6022743.0,6027222.0,6031488.0,6035845.0,6040577.0,6046319.0,6051984.0,6056658.0,6060657.0,,6069891.0,6074879.0,6079906.0,6084441.0,6088562.0,6092474.0,6096097.0,6100553.0,6105138.0,6109919.0,6114460.0,6118535.0,6122475.0,6126871.0,6132309.0,6137658.0,6142498.0,6147509.0,6151859.0,6155779.0,6160782.0,6166077.0,6171211.0,6176583.0,6181593.0,6185826.0,6189367.0,6193352.0,6197686.0,6202204.0,6206535.0,6210713.0,6214542.0,6218206.0,6222698.0,6227183.0,6231320.0,6235561.0,6240429.0,6245030.0,6249886.0,6254728.0,6259578.0,6264509.0,6269880.0,6275594.0,6281063.0,6286265.0,6291508.0,6298061.0,6303833.0,6310203.0,6318322.0,6326736.0,6334017.0,6343181.0,6353531.0,6362983.0,6373231.0,6382459.0,6390620.0,6397626.0,6406545.0,6417576.0,6429167.0,6440421.0,6448121.0,6454843.0,6460514.0,6467207.0,6474957.0,6484390.0,6493651.0,6505113.0,6515848.0,6525128.0,6535465.0,6545342.0,6555743.0,6565438.0,6574498.0,6582334.0,6589519.0,6599614.0,6610652.0,6620722.0,6630982.0,6642539.0,6653721.0,6663576.0,6673168.0,6683272.0,6692396.0,6700880.0,6711084.0,6719601.0,6726551.0,6735087.0,6744049.0,6751879.0,6761079.0,6771565.0,6780052.0,6788058.0,6797797.0,6807886.0,6818119.0,6829670.0,6839815.0,6848990.0,6856577.0,6865163.0,6873808.0,6881419
-E8rHkAlHmQ,20447923.0,20479645.0,20512886.0,20540921.0,20574574.0,20606329.0,20640541.0,20674786.0,20705881.0,20737611.0,20768863.0,20800935.0,20836175.0,20874339.0,20904855.0,20932999.0,20960497.0,20986552.0,21016335.0,21042820.0,21072289.0,21102292.0,21131985.0,21159915.0,21185950.0,21211942.0,21238712.0,21264801.0,21289695.0,21318354.0,21342164.0,21365271.0,21388936.0,21412770.0,21435983.0,21462806.0,21490829.0,21510910.0,21527844.0,21550546.0,21571526.0,21590256.0,21612975.0,21636845.0,21656482.0,21674137.0,21694584.0,21717116.0,21740779.0,21766028.0,21791586.0,21816938.0,21835622.0,21857473.0,21880277.0,21903771.0,21927980.0,21953088.0,21977361.0,21997208.0,22017673.0,22037654.0,22058495.0,22083434.0,22107457.0,22128846.0,22150042.0,22173899.0,22194763.0,22223593.0,22246748.0,22267167.0,22291188.0,22314802.0,22337217.0,22359749.0,22386809.0,22412592.0,22438839.0,22461556.0,22479642.0,22499369.0,22520342.0,22543429.0,22565220.0,22587260.0,22608076.0,22627790.0,22649569.0,22672872.0,22698978.0,22727259.0,22754883.0,22780873.0,22803872.0,22829849.0,22856235.0,22881293.0,22907208.0,22932635.0,22953193.0,22969742.0,22988977.0,23011494.0,23034203.0,23057478.0,23082062.0,23106621.0,23127954.0,23149688.0,23172993.0,23195373.0,23217761.0,23243039.0,23270001.0,23292827.0,23318367.0,23344957.0,23372022.0,23395505.0,23416359.0,23436029.0,23456248.0,23485157.0,23518594.0,23551299.0,23580317.0,23604332.0,23622566.0,23639602.0,23660095.0,23678534.0,23697289.0,23717746.0,,,,,,,,,23903320.0,23923785.0,23944744.0,23964867.0,23985637.0,24008657.0,24028471.0,24050531.0,24072742.0,24096265.0,24119814.0,24144181.0,24169552.0,24195448.0,24218236.0,24239364.0,24263819.0,24292938.0,24321738.0,24348192.0,24372239.0,24397506.0,24420533.0,24443952.0,24467123.0,24490418.0,24513185.0,24537452.0,24559295.0,24579330.0,24602538.0,24625319.0,24647487.0,24669173.0,24691902.0,24713899.0,24733777.0,24757496.0,24782111.0,24805946.0,24831542.0,24857956.0,24883196.0,24905997.0,24930265.0,24955544.0,24980425.0,25003411.0,25026208.0,25050536.0,25072786.0,25096332.0,25119582.0,25143944.0,25168184.0,25192111.0,25214028.0,25233973.0,25256000.0,25278640.0,25301774.0,25321377.0,25343693.0,25365956.0,25385952.0,25409503.0,25432155.0,25454209.0,25473499.0,25496449.0,25518868.0,25539398.0,25561342.0,25583687.0,25606466.0,25629356.0,25652071.0,25672491.0,25691107.0,25712240.0,25733282.0,25752100.0,25776608.0,25799679.0,25820763.0,25839295.0,25859804.0,25879265.0,25899582.0,25919432.0,25938573.0,25955976.0,25971523.0,25988546.0,26006216.0,26024508.0,26043656.0,26063723.0,26082415.0,26099494.0,26118181.0,26136649.0,26155270.0,26173493.0,26192803.0,26211092.0,26227440.0,26246568.0,26264596.0,26284381.0,26304480.0,26324274.0,26341675.0,26358474.0,26375263.0,26391621.0,26407511.0,26425499.0,26444838.0,26461241.0,26475252.0,,26508434.0,26525463.0,26543253.0,26561116.0,26577390.0,26591775.0,26605133.0,26619913.0,26635174.0,26650956.0,26665785.0,26679864.0,26692972.0,26706967.0,26721332.0,26735995.0,26750925.0,26766892.0,26781987.0,26795005.0,26809584.0,26824292.0,26838593.0,26852928.0,26866735.0,26880277.0,26891965.0,26904707.0,26918132.0,26931095.0,26944124.0,26956662.0,26968510.0,26979068.0,26990685.0,27002099.0,27013726.0,27025836.0,27039145.0,27053398.0,27067115.0,27080456.0,27093217.0,27105606.0,27118184.0,27131345.0,27144358.0,27156176.0,27168972.0,27182633.0,27196585.0,27210922.0,27226186.0,27244319.0,27263168.0,27282488.0,27300915.0,27321219.0,27341005.0,27363173.0,27384360.0,27403919.0,27426064.0,27447960.0,27468524.0,27487286.0,27499027.0,27512347.0,27524810.0,27538835.0,27553573.0,27569996.0,27586790.0,27606811.0,27624741.0,27641339.0,27659919.0,27677742.0,27695366.0,27713782.0,27733197.0,27750628.0,27767668.0,27790294.0,27813571.0,27836436.0,27859942.0,27884339.0,27907334.0,27930041.0,27951575.0,27974202.0,27995597.0,28016740.0,28039780.0,28061729.0,28079527.0,28100168.0,28120246.0,28139803.0,28160066.0,28182860.0,28203508.0,28223151.0,28246419.0,28269603.0,28290652.0,28311339.0,28330481.0,28348652.0,28367134.0,28387324.0,28407852.0,28426903
dP8gC3FYpis,25550551.0,25580013.0,25607907.0,25635720.0,25664883.0,25691870.0,25721714.0,25750729.0,25781450.0,25809635.0,25837971.0,25869112.0,25902156.0,25934269.0,25962572.0,25991642.0,26019860.0,26044801.0,26074430.0,26103853.0,26135391.0,26164552.0,26193855.0,26221605.0,26246216.0,26272020.0,26300245.0,26326079.0,26353697.0,26383709.0,26411852.0,26437234.0,26465825.0,26496128.0,26525098.0,26554349.0,26587017.0,26613498.0,26637454.0,26664184.0,26692006.0,26717767.0,26744526.0,26774681.0,26802051.0,26828700.0,26857536.0,26886061.0,26913305.0,26942520.0,26972102.0,27000593.0,27026491.0,27054741.0,27084574.0,27110041.0,27136646.0,27164544.0,27191674.0,27218901.0,27246406.0,27273188.0,27300213.0,27325401.0,27351043.0,27374440.0,27395415.0,27424076.0,27449287.0,27480899.0,27506790.0,27530689.0,27554755.0,27576155.0,27599388.0,27624194.0,27652573.0,27676869.0,27703375.0,27729831.0,27753510.0,27781263.0,27808692.0,27837530.0,27865046.0,27892971.0,27919194.0,27947974.0,27980059.0,28010307.0,28037758.0,28063197.0,28090441.0,28112751.0,28133851.0,28159777.0,28185715.0,28211369.0,28238310.0,28264137.0,28289155.0,28312685.0,28337515.0,28361228.0,28385769.0,28410911.0,28435048.0,28460188.0,28485735.0,28514037.0,28541328.0,28565883.0,28590687.0,28617283.0,28644019.0,28667662.0,28693060.0,28719720.0,28746847.0,28773086.0,28796684.0,28819877.0,28841759.0,28863744.0,28886839.0,28910809.0,28932849.0,28955753.0,28977605.0,28996510.0,29018889.0,29041962.0,29065691.0,29089030.0,,,,,,,,,29298890.0,29321059.0,29344552.0,29376188.0,29407956.0,29439852.0,29482522.0,29515246.0,29539051.0,29565598.0,29591577.0,29618687.0,29647421.0,29675021.0,29699653.0,29721012.0,29747023.0,29774955.0,29803642.0,29832132.0,29859347.0,29884710.0,29908359.0,29933252.0,29957738.0,29982422.0,30006993.0,30033423.0,30057402.0,30079687.0,30105230.0,30129970.0,30153643.0,30177957.0,30201965.0,30223160.0,30242696.0,30265411.0,30289519.0,30313416.0,30338079.0,30363087.0,30385351.0,30406371.0,30431539.0,30457760.0,30483237.0,30507136.0,30531534.0,30555540.0,30578110.0,30603385.0,30628448.0,30653458.0,30677391.0,30701706.0,30723226.0,30743973.0,30766671.0,30789815.0,30812908.0,30831812.0,30853570.0,30873946.0,30892849.0,30914437.0,30937144.0,30960391.0,30978724.0,31001381.0,31023016.0,31042920.0,31065881.0,31089454.0,31112188.0,31135047.0,31158239.0,31178446.0,31195893.0,31216907.0,31237580.0,31257429.0,31280454.0,31306138.0,31326763.0,31344873.0,31364386.0,31384936.0,31405418.0,31424422.0,31445953.0,31464817.0,31482520.0,31503783.0,31524980.0,31546890.0,31568249.0,31589487.0,31610587.0,31629128.0,31650382.0,31671996.0,31693996.0,31715943.0,31737432.0,31757284.0,31776272.0,31799128.0,31822084.0,31845594.0,31868857.0,31891875.0,31912172.0,31931168.0,31950090.0,31968758.0,31986713.0,32007746.0,32029489.0,32049294.0,32066308.0,,32104598.0,32124840.0,32145811.0,32165897.0,32184674.0,32202211.0,32217227.0,32234768.0,32253488.0,32272511.0,32291399.0,32309004.0,32324269.0,32341680.0,32360238.0,32379192.0,32400644.0,32423334.0,32442254.0,32459418.0,32480137.0,32501626.0,32521960.0,32542210.0,32562311.0,32581101.0,32596758.0,32614567.0,32634051.0,32654371.0,32673887.0,32693346.0,32711655.0,32725958.0,32743029.0,32760524.0,32777652.0,32796800.0,32817040.0,32836818.0,32855830.0,32875767.0,32895376.0,32915884.0,32938196.0,32962184.0,32985198.0,33005832.0,33027097.0,33049731.0,33071574.0,33096519.0,33124623.0,33156215.0,33187385.0,33221765.0,33257638.0,33292584.0,33327752.0,33361759.0,33394314.0,33424000.0,33457461.0,33492115.0,33524846.0,33556197.0,33579842.0,33603773.0,33625446.0,33651212.0,33678755.0,33708743.0,33737825.0,33772273.0,33803855.0,33832188.0,33862431.0,33890567.0,33919023.0,33948369.0,33978587.0,34006831.0,34034838.0,34069865.0,34102165.0,34133484.0,34167653.0,34203688.0,34238860.0,34272408.0,34305506.0,34338638.0,34367804.0,34394823.0,34426102.0,34455751.0,34479994.0,34508742.0,34538555.0,34566915.0,34596692.0,34630262.0,34659692.0,34685478.0,34714754.0,34745039.0,34777823.0,34810880.0,34843262.0,34875002.0,34902245.0,34930605.0,34958861.0,34986744
TYoxtnr-_0Q,10724647.0,10750985.0,10773250.0,10795540.0,10823563.0,10849816.0,10875826.0,10908053.0,10931594.0,10953500.0,10970972.0,11000781.0,11033830.0,11061269.0,11085396.0,11106706.0,11127864.0,11149072.0,11174906.0,11198431.0,11225502.0,11243040.0,11261042.0,11283361.0,11305039.0,11328496.0,11347111.0,11363833.0,11382608.0,11405328.0,11423963.0,11440888.0,11461461.0,11482938.0,11504022.0,11523773.0,11546166.0,11569216.0,11589131.0,11604199.0,11620451.0,11643133.0,11665211.0,11687580.0,11705308.0,11721832.0,11739917.0,11761001.0,11783804.0,11810538.0,11834548.0,11855526.0,11876194.0,11899278.0,11914611.0,11934043.0,11955299.0,11972619.0,11986237.0,12002958.0,12022027.0,12042079.0,12062085.0,12077328.0,12097918.0,12117526.0,12134190.0,12153427.0,12174358.0,12201690.0,12221725.0,12239043.0,12258427.0,12275698.0,12295509.0,12316550.0,12337775.0,12354937.0,12379892.0,12401968.0,12421649.0,12444831.0,12464872.0,12485716.0,12504686.0,12525070.0,12545012.0,12566316.0,12587855.0,12610098.0,12630742.0,12652312.0,12673742.0,12692118.0,12708993.0,12728274.0,12747185.0,12765535.0,12785217.0,12805680.0,12825277.0,12841833.0,12860862.0,12879905.0,12899097.0,12918799.0,12937517.0,12954670.0,12972765.0,12995496.0,13015694.0,13034014.0,13052619.0,13073161.0,13091779.0,13108711.0,13129217.0,13149595.0,13170432.0,13190080.0,13207883.0,13225288.0,13242154.0,13262520.0,13285192.0,13308363.0,13329031.0,13348467.0,13363379.0,13377262.0,13395492.0,13411455.0,13427777.0,13443205.0,,,,,,,,,13590774.0,13605487.0,13622726.0,13640411.0,13657998.0,13676991.0,13692380.0,13709339.0,13726027.0,13744422.0,13762005.0,13778682.0,13797544.0,13815293.0,13830935.0,13845061.0,13862091.0,13879113.0,13897500.0,13916798.0,13936317.0,13956140.0,13973965.0,13993192.0,14009307.0,14025959.0,14043590.0,14061816.0,14078420.0,14093926.0,14112541.0,14131145.0,14148159.0,14164224.0,14180822.0,14197053.0,14211828.0,14228357.0,14246498.0,14264263.0,14281331.0,14298608.0,14314303.0,14328427.0,14346488.0,14363852.0,14381346.0,14398752.0,14416579.0,14434448.0,14451087.0,14468601.0,14485197.0,14501540.0,14517310.0,14534317.0,14549868.0,14564484.0,14581064.0,14597461.0,14613132.0,14625763.0,14640247.0,14653980.0,14666959.0,14682349.0,14697877.0,14713205.0,14725724.0,14740429.0,14754343.0,14767330.0,14782817.0,14798392.0,14814187.0,14829756.0,14845724.0,14859099.0,14870927.0,14885844.0,14900664.0,14913995.0,14930352.0,14945619.0,14960058.0,14972946.0,14987281.0,15001373.0,15015256.0,15029072.0,15044064.0,15057315.0,15069177.0,15082857.0,15097562.0,15112135.0,15126237.0,15141218.0,15156074.0,15169079.0,15184447.0,15199508.0,15214836.0,15229723.0,15243780.0,15256965.0,15269232.0,15284525.0,15298535.0,15312255.0,15325872.0,15338749.0,15350527.0,15361824.0,15373167.0,15384213.0,15394986.0,15406969.0,15419499.0,15429442.0,15437766.0,,15456486.0,15467170.0,15478223.0,15489079.0,15498158.0,15506676.0,15514568.0,15522827.0,15532155.0,15541610.0,15550791.0,15558461.0,15566396.0,15575326.0,15584325.0,15593534.0,15602554.0,15612153.0,15621200.0,15629363.0,15638851.0,15649463.0,15659986.0,15670630.0,15681178.0,15691447.0,15699742.0,15709190.0,15719211.0,15729254.0,15738825.0,15748360.0,15757076.0,15764880.0,15773676.0,15782365.0,15790317.0,15798900.0,15808414.0,15818203.0,15827786.0,15837400.0,15847170.0,15857015.0,15866769.0,15878908.0,15892319.0,15905919.0,15920870.0,15936849.0,15952183.0,15968181.0,15986491.0,16004285.0,16021306.0,16040540.0,16062420.0,16081701.0,16102549.0,16121259.0,16140936.0,16160028.0,16181228.0,16201129.0,16219490.0,16236621.0,16250621.0,16264518.0,16276912.0,16291448.0,16305966.0,16322072.0,16338074.0,16356444.0,16373864.0,16389713.0,16406332.0,16421618.0,16437719.0,16452016.0,16467707.0,16481239.0,16493604.0,16508907.0,16523887.0,16539095.0,16555136.0,16573390.0,16591020.0,16606933.0,16622065.0,16637262.0,16651566.0,16664497.0,16678758.0,16692990.0,16704706.0,16718594.0,16732920.0,16746531.0,16760129.0,16774727.0,16788458.0,16801516.0,16817452.0,16832074.0,16847531.0,16863080.0,16877659.0,16892306.0,16905424.0,16919993.0,16933678.0,16946863
DBpu1IXxZD4,4906.0,4906.0,4906.0,4907.0,4913.0,4916.0,4919.0,4921.0,4926.0,4928.0,4932.0,4934.0,4935.0,4937.0,4940.0,4949.0,4952.0,4954.0,4958.0,4966.0,4966.0,4969.0,4970.0,4970.0,4973.0,4975.0,4977.0,4980.0,4982.0,4983.0,4989.0,4997.0,5001.0,5003.0,5014.0,5017.0,5019.0,5021.0,5025.0,5028.0,5028.0,5032.0,5034.0,5035.0,5042.0,5043.0,5044.0,5046.0,5049.0,5053.0,5052.0,5052.0,5054.0,5055.0,5060.0,5061.0,5061.0,5062.0,5065.0,5065.0,5066.0,5071.0,5074.0,5076.0,5078.0,5079.0,5084.0,5085.0,5088.0,5090.0,5093.0,5093.0,5095.0,5100.0,5105.0,5106.0,5107.0,5108.0,5109.0,5113.0,5116.0,5119.0,5120.0,5122.0,5123.0,5125.0,5126.0,5130.0,5132.0,5133.0,5136.0,5138.0,5138.0,5143.0,5146.0,5147.0,5147.0,5148.0,5148.0,5151.0,5154.0,5156.0,5156.0,5156.0,5157.0,5159.0,5161.0,5163.0,5165.0,5168.0,5168.0,5169.0,5170.0,5172.0,5172.0,5175.0,5178.0,5179.0,5179.0,5181.0,5182.0,5183.0,5185.0,5187.0,5191.0,5191.0,5193.0,5193.0,5195.0,5196.0,5196.0,5196.0,5197.0,5198.0,,,,,,,,,5210.0,5215.0,5217.0,5221.0,5225.0,5232.0,5235.0,5238.0,5241.0,5246.0,5246.0,5249.0,5253.0,5254.0,5256.0,5258.0,5259.0,5261.0,5263.0,5263.0,5263.0,5264.0,5264.0,5264.0,5264.0,5264.0,5264.0,5264.0,5265.0,5266.0,5266.0,5266.0,5266.0,5267.0,5268.0,5268.0,5270.0,5272.0,5275.0,5276.0,5278.0,5282.0,5283.0,5285.0,5286.0,5288.0,5288.0,5292.0,5295.0,5296.0,5296.0,5297.0,5297.0,5298.0,5302.0,5305.0,5305.0,5306.0,5309.0,5311.0,5313.0,5314.0,5314.0,5316.0,5317.0,5320.0,5323.0,5324.0,5324.0,5326.0,5329.0,5330.0,5332.0,5336.0,5338.0,5338.0,5340.0,5343.0,5344.0,5346.0,5347.0,5349.0,5351.0,5351.0,5353.0,5354.0,5356.0,5358.0,5362.0,5364.0,5367.0,5367.0,5367.0,5367.0,5367.0,5368.0,5372.0,5375.0,5375.0,5377.0,5377.0,5378.0,5378.0,5380.0,5385.0,5391.0,5391.0,5392.0,5394.0,5399.0,5402.0,5404.0,5406.0,5409.0,5415.0,5417.0,5422.0,5425.0,5427.0,5428.0,5428.0,,5430.0,5438.0,5443.0,5446.0,5453.0,5454.0,5458.0,5464.0,5467.0,5470.0,5472.0,5476.0,5478.0,5483.0,5485.0,5492.0,5508.0,5515.0,5518.0,5518.0,5522.0,5525.0,5526.0,5527.0,5532.0,5535.0,5540.0,5570.0,5630.0,5644.0,5647.0,5660.0,5666.0,5666.0,5669.0,5673.0,5677.0,5679.0,5688.0,5693.0,5696.0,5700.0,5705.0,5708.0,5745.0,5793.0,5799.0,5803.0,5806.0,5809.0,5814.0,5814.0,5822.0,5824.0,5828.0,5830.0,5831.0,5835.0,5840.0,5841.0,5842.0,5844.0,5846.0,5847.0,5849.0,5853.0,5855.0,5859.0,5866.0,5871.0,5876.0,5879.0,5883.0,5893.0,5899.0,5899.0,5903.0,5905.0,5905.0,5908.0,5914.0,5919.0,5921.0,5924.0,5925.0,5926.0,5929.0,5930.0,5938.0,5943.0,5957.0,5962.0,5964.0,5978.0,5982.0,5989.0,5993.0,6001.0,6008.0,6014.0,6018.0,6022.0,6029.0,6037.0,6041.0,6045.0,6050.0,6058.0,6065.0,6071.0,6075.0,6077.0,6081.0,6084
dHmoE5c9Bnk,5494.0,5494.0,5494.0,5494.0,5494.0,5496.0,5496.0,5497.0,5498.0,5498.0,5498.0,5498.0,5499.0,5500.0,5500.0,5501.0,5501.0,5503.0,5503.0,5503.0,5504.0,5504.0,5508.0,5509.0,5509.0,5510.0,5510.0,5511.0,5512.0,5512.0,5514.0,5519.0,5522.0,5523.0,5526.0,5529.0,5532.0,5532.0,5532.0,5533.0,5533.0,5536.0,5536.0,5537.0,5544.0,5545.0,5547.0,5549.0,5550.0,5550.0,5550.0,5553.0,5552.0,5552.0,5553.0,5553.0,5554.0,5556.0,5557.0,5557.0,5557.0,5556.0,5558.0,5559.0,5559.0,5559.0,5560.0,5560.0,5560.0,5560.0,5562.0,5562.0,5564.0,5565.0,5565.0,5566.0,5566.0,5566.0,5566.0,5566.0,5566.0,5567.0,5568.0,5569.0,5569.0,5570.0,5570.0,5570.0,5570.0,5570.0,5572.0,5573.0,5573.0,5573.0,5573.0,5574.0,5574.0,5574.0,5574.0,5574.0,5576.0,5576.0,5576.0,5576.0,5578.0,5578.0,5578.0,5579.0,5580.0,5580.0,5580.0,5582.0,5582.0,5582.0,5582.0,5582.0,5583.0,5583.0,5584.0,5584.0,5585.0,5585.0,5585.0,5585.0,5585.0,5585.0,5585.0,5585.0,5585.0,5585.0,5585.0,5585.0,5585.0,5586.0,,,,,,,,,5591.0,5591.0,5591.0,5592.0,5594.0,5596.0,5596.0,5596.0,5596.0,5596.0,5597.0,5597.0,5598.0,5598.0,5598.0,5598.0,5598.0,5599.0,5600.0,5601.0,5601.0,5601.0,5602.0,5602.0,5603.0,5603.0,5605.0,5605.0,5605.0,5605.0,5606.0,5606.0,5606.0,5606.0,5607.0,5609.0,5613.0,5613.0,5614.0,5614.0,5615.0,5614.0,5615.0,5615.0,5615.0,5615.0,5615.0,5617.0,5619.0,5619.0,5619.0,5619.0,5619.0,5619.0,5621.0,5621.0,5621.0,5621.0,5621.0,5621.0,5621.0,5621.0,5621.0,5621.0,5621.0,5621.0,5621.0,5621.0,5621.0,5621.0,5622.0,5622.0,5622.0,5623.0,5623.0,5623.0,5623.0,5623.0,5624.0,5624.0,5625.0,5625.0,5626.0,5626.0,5626.0,5630.0,5630.0,5630.0,5630.0,5632.0,5632.0,5633.0,5633.0,5633.0,5633.0,5633.0,5633.0,5633.0,5633.0,5634.0,5634.0,5636.0,5636.0,5636.0,5636.0,5636.0,5636.0,5636.0,5636.0,5636.0,5637.0,5637.0,5637.0,5637.0,5638.0,5638.0,5638.0,5638.0,5638.0,5638.0,5638.0,,5638.0,5639.0,5640.0,5639.0,5639.0,5639.0,5642.0,5642.0,5643.0,5643.0,5643.0,5643.0,5643.0,5643.0,5643.0,5643.0,5646.0,5646.0,5646.0,5646.0,5647.0,5647.0,5648.0,5648.0,5648.0,5648.0,5648.0,5649.0,5649.0,5649.0,5649.0,5649.0,5650.0,5652.0,5652.0,5652.0,5653.0,5653.0,5654.0,5654.0,5655.0,5657.0,5658.0,5658.0,5658.0,5659.0,5659.0,5659.0,5659.0,5659.0,5659.0,5660.0,5660.0,5662.0,5662.0,5663.0,5663.0,5664.0,5665.0,5665.0,5666.0,5666.0,5666.0,5666.0,5666.0,5666.0,5666.0,5666.0,5666.0,5666.0,5667.0,5667.0,5667.0,5667.0,5667.0,5667.0,5667.0,5667.0,5668.0,5668.0,5667.0,5667.0,5667.0,5668.0,5667.0,5667.0,5667.0,5667.0,5667.0,5667.0,5667.0,5667.0,5667.0,5667.0,5667.0,5667.0,5667.0,5667.0,5667.0,5668.0,5669.0,5669.0,5669.0,5671.0,5671.0,5671.0,5671.0,5671.0,5672.0,5673.0,5674.0,5674.0,5674.0,5674
MCDZY6Oa7Lg,9447.0,9453.0,9459.0,9466.0,9472.0,9479.0,9490.0,9495.0,9497.0,9502.0,9505.0,9515.0,9522.0,9538.0,9546.0,9560.0,9568.0,9575.0,9582.0,9596.0,9603.0,9614.0,9621.0,9626.0,9631.0,9634.0,9635.0,9641.0,9646.0,9650.0,9653.0,9654.0,9658.0,9662.0,9666.0,9673.0,9677.0,9683.0,9685.0,9691.0,9694.0,9698.0,9701.0,9711.0,9717.0,9725.0,9734.0,9740.0,9753.0,9768.0,9784.0,9796.0,9810.0,9821.0,9838.0,9852.0,9862.0,9864.0,9880.0,9889.0,9897.0,9912.0,9925.0,9936.0,9948.0,9956.0,9973.0,9986.0,9993.0,10005.0,10016.0,10026.0,10036.0,10045.0,10056.0,10067.0,10075.0,10083.0,10094.0,10104.0,10117.0,10135.0,10147.0,10162.0,10172.0,10185.0,10191.0,10199.0,10213.0,10216.0,10225.0,10234.0,10246.0,10257.0,10272.0,10281.0,10292.0,10297.0,10308.0,10322.0,10332.0,10340.0,10347.0,10361.0,10371.0,10380.0,10390.0,10403.0,10416.0,10424.0,10436.0,10448.0,10460.0,10468.0,10476.0,10485.0,10496.0,10504.0,10512.0,10518.0,10525.0,10532.0,10549.0,10554.0,10564.0,10571.0,10576.0,10584.0,10592.0,10606.0,10622.0,10631.0,10636.0,10644.0,,,,,,,,,10730.0,10741.0,10750.0,10755.0,10763.0,10768.0,10773.0,10782.0,10791.0,10796.0,10803.0,10808.0,10818.0,10821.0,10825.0,10829.0,10838.0,10844.0,10847.0,10850.0,10857.0,10862.0,10864.0,10872.0,10873.0,10880.0,10892.0,10899.0,10912.0,10919.0,10922.0,10930.0,10935.0,10942.0,10953.0,10960.0,10967.0,10976.0,10980.0,10980.0,10986.0,10992.0,10999.0,11006.0,11014.0,11020.0,11027.0,11031.0,11035.0,11040.0,11046.0,11049.0,11052.0,11055.0,11062.0,11070.0,11075.0,11080.0,11082.0,11088.0,11093.0,11097.0,11100.0,11107.0,11111.0,11121.0,11131.0,11137.0,11141.0,11144.0,11155.0,11160.0,11172.0,11176.0,11184.0,11194.0,11209.0,11220.0,11231.0,11243.0,11252.0,11256.0,11267.0,11276.0,11292.0,11306.0,11314.0,11321.0,11332.0,11338.0,11348.0,11354.0,11366.0,11373.0,11380.0,11386.0,11393.0,11400.0,11404.0,11410.0,11417.0,11429.0,11433.0,11445.0,11453.0,11459.0,11466.0,11474.0,11488.0,11496.0,11507.0,11523.0,11526.0,11531.0,11534.0,11540.0,11543.0,11552.0,11556.0,11564.0,11568.0,,11576.0,11581.0,11583.0,11588.0,11589.0,11594.0,11597.0,11601.0,11601.0,11606.0,11610.0,11614.0,11615.0,11619.0,11621.0,11623.0,11626.0,11628.0,11634.0,11637.0,11638.0,11643.0,11645.0,11650.0,11654.0,11660.0,11664.0,11669.0,11676.0,11677.0,11680.0,11684.0,11688.0,11690.0,11693.0,11699.0,11704.0,11707.0,11715.0,11722.0,11723.0,11728.0,11735.0,11740.0,11745.0,11750.0,11756.0,11759.0,11764.0,11772.0,11776.0,11777.0,11780.0,11784.0,11789.0,11792.0,11795.0,11796.0,11798.0,11801.0,11805.0,11805.0,11812.0,11816.0,11817.0,11819.0,11821.0,11828.0,11832.0,11833.0,11836.0,11840.0,11845.0,11851.0,11857.0,11860.0,11865.0,11870.0,11875.0,11882.0,11883.0,11886.0,11895.0,11895.0,11895.0,11899.0,11904.0,11907.0,11910.0,11917.0,11929.0,11938.0,11940.0,11945.0,11948.0,11955.0,11957.0,11960.0,11963.0,11968.0,11970.0,11973.0,11974.0,11980.0,11980.0,11984.0,11985.0,11988.0,11991.0,11996.0,11997.0,12001.0,12008.0,12009
pkypi5nXSYM,5897471.0,5899117.0,5900912.0,5902808.0,5904817.0,5906730.0,5908475.0,5910609.0,5912514.0,5914780.0,5917191.0,5919093.0,5921153.0,5923204.0,5925350.0,5927581.0,5930085.0,5932483.0,5934749.0,5936928.0,5938924.0,5941089.0,5943290.0,5946059.0,5948602.0,5950788.0,5953265.0,5955665.0,5957928.0,5959990.0,5962252.0,5964318.0,5966370.0,5968149.0,5970261.0,5972155.0,5974410.0,5976748.0,5978626.0,5980535.0,5982287.0,5984345.0,5986458.0,5988450.0,5990199.0,5991942.0,5993749.0,5996103.0,5998058.0,6000219.0,6002511.0,6004714.0,6006687.0,6008812.0,6011144.0,6013364.0,6015368.0,6017587.0,6019661.0,6022040.0,6024334.0,6026240.0,6028395.0,6030723.0,6033235.0,6035066.0,6036833.0,6038841.0,6040918.0,6043203.0,6045459.0,6047341.0,6049047.0,6051030.0,6053049.0,6055160.0,6057273.0,6059384.0,6061300.0,6063515.0,6065486.0,6067642.0,6069844.0,6071914.0,6073922.0,6075936.0,6077983.0,6079911.0,6081995.0,6084295.0,6086357.0,6088025.0,6090146.0,6092344.0,6094424.0,6096708.0,6098644.0,6100798.0,6103055.0,6104958.0,6107418.0,6109472.0,6111504.0,6113667.0,6116012.0,6118429.0,6120851.0,6122810.0,6125047.0,6127430.0,6129615.0,6131864.0,6134226.0,6136631.0,6138868.0,6140844.0,6143217.0,6145487.0,6147938.0,6150166.0,6152361.0,6154651.0,6157057.0,6159083.0,6161225.0,6163071.0,6165505.0,6167909.0,6170139.0,6172739.0,6175210.0,6177422.0,6179333.0,6181241.0,,,,,,,,,6199487.0,6201521.0,6203450.0,6205311.0,6206948.0,6208593.0,6210287.0,6212030.0,6214033.0,6215834.0,6217592.0,6219450.0,6221284.0,6223277.0,6225009.0,6226570.0,6228694.0,6230576.0,6233409.0,6236865.0,6239439.0,6241976.0,6244108.0,6246069.0,6248266.0,6250232.0,6252265.0,6254127.0,6256137.0,6257970.0,6259964.0,6261949.0,6263636.0,6265373.0,6267565.0,6269763.0,6271825.0,6273927.0,6275868.0,6277650.0,6279738.0,6281856.0,6283763.0,6285540.0,6287170.0,6289000.0,6290930.0,6292874.0,6294896.0,6296764.0,6298511.0,6300430.0,6302073.0,6303935.0,6305543.0,6307195.0,6309369.0,6311278.0,6313049.0,6314774.0,6316566.0,6318326.0,6320279.0,6322338.0,6323925.0,6325829.0,6327848.0,6330090.0,6332073.0,6333954.0,6335882.0,6337709.0,6339801.0,6341640.0,6343583.0,6345470.0,6347440.0,6349537.0,6351318.0,6353182.0,6355468.0,6357327.0,6359706.0,6361867.0,6363708.0,6365501.0,6367632.0,6369672.0,6371663.0,6373847.0,6375861.0,6377877.0,6379631.0,6381667.0,6383573.0,6385960.0,6387916.0,6390093.0,6392283.0,6394365.0,6396496.0,6398710.0,6401134.0,6403465.0,6405515.0,6407770.0,6409954.0,6412245.0,6414509.0,6416814.0,6419153.0,6421696.0,6424112.0,6426415.0,6428701.0,6430872.0,6433045.0,6435614.0,6438390.0,6440920.0,6443318.0,,6448682.0,6451353.0,6454041.0,6456526.0,6458991.0,6461179.0,6463321.0,6465476.0,6467482.0,6469571.0,6471976.0,6474201.0,6476380.0,6478634.0,6480464.0,6482503.0,6485022.0,6487181.0,6489579.0,6491552.0,6493799.0,6496056.0,6497955.0,6500109.0,6502360.0,6504743.0,6506835.0,6509286.0,6511264.0,6513739.0,6516017.0,6518252.0,6520645.0,6522734.0,6524911.0,6527191.0,6529342.0,6531374.0,6533449.0,6535717.0,6537942.0,6540056.0,6542271.0,6544285.0,6546317.0,6548368.0,6550544.0,6552629.0,6554797.0,6557265.0,6559802.0,6562396.0,6564991.0,6567673.0,6570256.0,6573082.0,6575835.0,6578762.0,6581549.0,6584565.0,6587247.0,6589497.0,6591904.0,6594425.0,6596954.0,6599277.0,6602011.0,6604396.0,6606545.0,6608969.0,6611269.0,6613760.0,6615979.0,6618268.0,6620767.0,6623072.0,6625631.0,6627878.0,6630308.0,6632658.0,6635466.0,6638823.0,6641408.0,6644634.0,6647492.0,6649857.0,6652495.0,6655414.0,6658433.0,6661263.0,6663656.0,6666221.0,6668745.0,6671023.0,6673274.0,6675395.0,6677985.0,6680419.0,6683090.0,6686034.0,6688504.0,6690960.0,6693294.0,6695585.0,6698230.0,6700941.0,6703205.0,6705462.0,6707858.0,6710265.0,6712795.0,6715319.0,6717911.0,6720345
erFX6YKDpCk,282206.0,282400.0,282603.0,282758.0,282981.0,283256.0,283507.0,283830.0,284109.0,284308.0,284477.0,284700.0,284911.0,285093.0,285279.0,285480.0,285637.0,285770.0,285950.0,286123.0,286253.0,286511.0,286769.0,287013.0,287225.0,287457.0,287676.0,287858.0,288104.0,288284.0,288495.0,288639.0,288821.0,288986.0,289194.0,289351.0,289487.0,289601.0,289696.0,289821.0,289958.0,290071.0,290196.0,290345.0,290467.0,290597.0,290714.0,290838.0,290976.0,291086.0,291235.0,291377.0,291509.0,291637.0,291766.0,291893.0,292021.0,292152.0,292273.0,292368.0,292516.0,292647.0,292772.0,292952.0,293082.0,293229.0,293349.0,293523.0,293635.0,293800.0,293930.0,294060.0,294213.0,294339.0,294509.0,294680.0,294845.0,294969.0,295109.0,295231.0,295345.0,295522.0,295629.0,295815.0,295934.0,296082.0,296213.0,296385.0,296528.0,296691.0,296846.0,296965.0,297089.0,297231.0,297341.0,297477.0,297610.0,297709.0,297822.0,297948.0,298066.0,298150.0,298281.0,298401.0,298489.0,298584.0,298705.0,298837.0,298953.0,299074.0,299199.0,299355.0,299464.0,299560.0,299662.0,299778.0,299875.0,299972.0,300086.0,300190.0,300284.0,300368.0,300438.0,300518.0,300610.0,300690.0,300765.0,300838.0,300906.0,300995.0,301092.0,301182.0,301279.0,301373.0,,,,,,,,,302273.0,302362.0,302462.0,302575.0,302664.0,302756.0,302836.0,302916.0,302984.0,303093.0,303211.0,303322.0,303472.0,303592.0,303672.0,303726.0,303812.0,303922.0,303995.0,304078.0,304134.0,304178.0,304242.0,304304.0,304363.0,304418.0,304472.0,304543.0,304598.0,304654.0,304698.0,304757.0,304825.0,304876.0,304928.0,304992.0,305034.0,305084.0,305136.0,305206.0,305271.0,305341.0,305398.0,305448.0,305513.0,305565.0,305625.0,305678.0,305744.0,305798.0,305853.0,305909.0,305946.0,306013.0,306078.0,306142.0,306201.0,306238.0,306286.0,306346.0,306413.0,306469.0,306515.0,306557.0,306610.0,306668.0,306713.0,306781.0,306830.0,306884.0,306944.0,306992.0,307041.0,307096.0,307166.0,307250.0,307321.0,307380.0,307444.0,307543.0,307619.0,307715.0,307786.0,307890.0,307965.0,308027.0,308096.0,308182.0,308248.0,308308.0,308403.0,308476.0,308524.0,308595.0,308644.0,308706.0,308768.0,308848.0,308899.0,308954.0,309020.0,309086.0,309161.0,309235.0,309309.0,309399.0,309494.0,309525.0,309525.0,309525.0,309525.0,309525.0,309525.0,309525.0,309525.0,309525.0,309525.0,309525.0,309525.0,309526.0,309526.0,,309526.0,309526.0,309526.0,309526.0,309526.0,309526.0,309526.0,309526.0,309526.0,309526.0,309526.0,309526.0,309526.0,309526.0,309526.0,309526.0,309526.0,309526.0,309526.0,309526.0,309526.0,309526.0,309526.0,309526.0,309526.0,309526.0,309526.0,309526.0,309526.0,309526.0,309526.0,309526.0,309526.0,309526.0,309526.0,309526.0,309526.0,309526.0,309526.0,309526.0,309526.0,309526.0,309526.0,309526.0,309526.0,309526.0,309526.0,309526.0,309526.0,309526.0,309526.0,309526.0,309526.0,309526.0,309526.0,309526.0,309526.0,309526.0,309526.0,309526.0,309526.0,309526.0,309526.0,309526.0,309526.0,309526.0,309526.0,309526.0,309526.0,309526.0,309526.0,309526.0,309526.0,309526.0,309526.0,309526.0,309526.0,309526.0,309526.0,309526.0,309526.0,309526.0,309526.0,309526.0,309526.0,309526.0,309526.0,309526.0,309526.0,309526.0,309526.0,309526.0,309526.0,309526.0,309526.0,309526.0,309526.0,309526.0,309526.0,309526.0,309526.0,309526.0,309526.0,309526.0,309526.0,309526.0,309526.0,309526.0,309526.0,309526.0,309526.0,309526.0,309526.0,309526
WaM-_uYTmBA,290903.0,291008.0,291089.0,291175.0,291275.0,291354.0,291441.0,291539.0,291603.0,291664.0,291731.0,291794.0,291860.0,291916.0,291978.0,292042.0,292115.0,292173.0,292245.0,292298.0,292365.0,292435.0,292503.0,292537.0,292589.0,292650.0,292694.0,292750.0,292806.0,292892.0,292943.0,293011.0,293080.0,293145.0,293215.0,293288.0,293374.0,293438.0,293478.0,293538.0,293601.0,293644.0,293708.0,293775.0,293842.0,293906.0,293983.0,294027.0,294080.0,294130.0,294225.0,294298.0,294372.0,294454.0,294525.0,294581.0,294649.0,294715.0,294792.0,294856.0,294913.0,294983.0,295091.0,295165.0,295240.0,295313.0,295376.0,295470.0,295558.0,295691.0,295774.0,295887.0,296001.0,296105.0,296242.0,296344.0,296462.0,296555.0,296712.0,296819.0,296911.0,297020.0,297135.0,297252.0,297393.0,297505.0,297598.0,297693.0,297809.0,297929.0,298026.0,298132.0,298226.0,298308.0,298404.0,298492.0,298573.0,298663.0,298767.0,298870.0,298952.0,299036.0,299117.0,299184.0,299269.0,299370.0,299469.0,299546.0,299626.0,299752.0,299865.0,299978.0,300112.0,300214.0,300312.0,300420.0,300504.0,300601.0,300698.0,300790.0,300870.0,300939.0,301002.0,301074.0,301189.0,301269.0,301352.0,301430.0,301508.0,301581.0,301691.0,301777.0,301878.0,301959.0,,,,,,,,,302874.0,302936.0,303007.0,303095.0,303164.0,303262.0,303338.0,303403.0,303482.0,303573.0,303646.0,303731.0,303842.0,303946.0,304019.0,304081.0,304184.0,304277.0,304361.0,304449.0,304526.0,304595.0,304678.0,304757.0,304856.0,304939.0,305023.0,305142.0,305212.0,305284.0,305366.0,305437.0,305519.0,305592.0,305673.0,305748.0,305828.0,305916.0,306017.0,306198.0,306273.0,306350.0,306433.0,306524.0,306599.0,306679.0,306762.0,306829.0,306950.0,307049.0,307134.0,307203.0,307272.0,307357.0,307437.0,307515.0,307582.0,307665.0,307766.0,307846.0,307948.0,308007.0,308076.0,308141.0,308200.0,308278.0,308339.0,308423.0,308479.0,308564.0,308635.0,308718.0,308795.0,308921.0,308997.0,309076.0,309167.0,309250.0,309329.0,309398.0,309487.0,309554.0,309642.0,309730.0,309790.0,309858.0,309935.0,310022.0,310131.0,310227.0,310312.0,310380.0,310459.0,310545.0,310633.0,310717.0,310811.0,310892.0,310969.0,311049.0,311126.0,311180.0,311268.0,311375.0,311459.0,311568.0,311668.0,311789.0,311914.0,312041.0,312150.0,312252.0,312317.0,312408.0,312495.0,312588.0,312684.0,312766.0,312830.0,312915.0,313003.0,,313222.0,313320.0,313429.0,313523.0,313615.0,313691.0,313808.0,313913.0,314042.0,314131.0,314225.0,314347.0,314454.0,314561.0,314650.0,314780.0,314912.0,315015.0,315114.0,315231.0,315371.0,315483.0,315603.0,315719.0,315861.0,315956.0,316024.0,316122.0,316240.0,316333.0,316458.0,316564.0,316664.0,316729.0,316850.0,316970.0,317077.0,317164.0,317275.0,317355.0,317447.0,317569.0,317676.0,317781.0,317888.0,317980.0,318069.0,318182.0,318284.0,318356.0,318457.0,318545.0,318639.0,318746.0,318831.0,318939.0,319032.0,319120.0,319225.0,319309.0,319413.0,319497.0,319578.0,319662.0,319794.0,319897.0,319986.0,320078.0,320145.0,320263.0,320352.0,320449.0,320557.0,320639.0,320730.0,320835.0,320939.0,321040.0,321137.0,321244.0,321343.0,321430.0,321521.0,321639.0,321719.0,321839.0,321948.0,322040.0,322113.0,322173.0,322269.0,322375.0,322453.0,322528.0,322617.0,322677.0,322763.0,322858.0,322950.0,323010.0,323086.0,323168.0,323240.0,323314.0,323404.0,323497.0,323608.0,323679.0,323767.0,323846.0,323921.0,324000.0,324080.0,324147
MvV3-L20tLE,193009.0,193149.0,193287.0,193457.0,193625.0,193806.0,193952.0,194057.0,194242.0,194401.0,194574.0,194714.0,194866.0,195011.0,195186.0,195372.0,195513.0,195640.0,195782.0,195939.0,196130.0,196308.0,196449.0,196605.0,196727.0,196869.0,197045.0,197251.0,197431.0,197619.0,197861.0,198066.0,198272.0,198461.0,198649.0,198865.0,199087.0,199187.0,199308.0,199485.0,199692.0,200013.0,200263.0,200420.0,200630.0,200791.0,200956.0,201156.0,201346.0,201476.0,201663.0,201845.0,202058.0,202244.0,202410.0,202588.0,202791.0,202956.0,203114.0,203312.0,203497.0,203736.0,203953.0,204282.0,204515.0,204713.0,204959.0,205187.0,205358.0,205584.0,205803.0,206096.0,206385.0,206652.0,206938.0,207199.0,207552.0,207820.0,208107.0,208389.0,208615.0,208850.0,209116.0,209425.0,209740.0,210034.0,210284.0,210536.0,210852.0,211108.0,211378.0,211604.0,211909.0,212194.0,212452.0,212691.0,212942.0,213186.0,213423.0,213684.0,213915.0,214105.0,214271.0,214464.0,214808.0,215053.0,215286.0,215452.0,215593.0,215809.0,216060.0,216285.0,216488.0,216667.0,216902.0,217129.0,217346.0,217547.0,217746.0,217994.0,218261.0,218458.0,218655.0,218865.0,219050.0,219329.0,219572.0,219852.0,220126.0,220349.0,220552.0,220797.0,221026.0,221279.0,,,,,,,,,223756.0,223988.0,224225.0,224485.0,224767.0,225020.0,225232.0,225380.0,225576.0,225801.0,226059.0,226300.0,226591.0,226870.0,227096.0,227253.0,227454.0,227675.0,227902.0,228054.0,228234.0,228364.0,228514.0,228664.0,228821.0,228974.0,229155.0,229365.0,229525.0,229680.0,229843.0,229985.0,230117.0,230294.0,230450.0,230575.0,230712.0,230871.0,231025.0,231202.0,231396.0,231597.0,231763.0,231887.0,232058.0,232228.0,232403.0,232586.0,232781.0,232946.0,233079.0,233223.0,233378.0,233584.0,233790.0,234000.0,234203.0,234396.0,234609.0,234831.0,235031.0,235181.0,235345.0,235513.0,235665.0,235828.0,236024.0,236237.0,236388.0,236570.0,236776.0,236911.0,237137.0,237362.0,237577.0,237852.0,238085.0,238296.0,238539.0,238804.0,239068.0,239317.0,239593.0,239929.0,240176.0,240355.0,240530.0,240794.0,241090.0,241424.0,241685.0,241878.0,242040.0,242229.0,242442.0,242635.0,242847.0,243091.0,243282.0,243426.0,243598.0,243779.0,243963.0,244143.0,244371.0,244582.0,244741.0,244936.0,245162.0,245358.0,245547.0,245780.0,245961.0,246119.0,246268.0,246470.0,246624.0,246807.0,247014.0,247230.0,247424.0,,247880.0,248073.0,248304.0,248551.0,248790.0,249002.0,249272.0,249524.0,249779.0,250032.0,250343.0,250586.0,250764.0,251003.0,251246.0,251508.0,251712.0,251978.0,252192.0,252397.0,252603.0,252814.0,253027.0,253289.0,253505.0,253694.0,253895.0,254195.0,254470.0,254763.0,255080.0,255404.0,255688.0,255904.0,256128.0,256403.0,256665.0,257018.0,257293.0,257567.0,257822.0,258111.0,258370.0,258661.0,258957.0,259291.0,259634.0,259923.0,260222.0,260637.0,260981.0,261272.0,261542.0,261855.0,262060.0,262384.0,262712.0,263008.0,263272.0,263550.0,263848.0,264105.0,264355.0,264730.0,265124.0,265494.0,265876.0,266211.0,266534.0,266836.0,267190.0,267572.0,267970.0,268393.0,268753.0,269099.0,269485.0,269856.0,270206.0,270571.0,271028.0,271402.0,271712.0,272031.0,272364.0,272642.0,272896.0,273107.0,273305.0,273480.0,273667.0,273857.0,274067.0,274277.0,274506.0,274709.0,274908.0,275142.0,275342.0,275551.0,275734.0,275927.0,276126.0,276313.0,276515.0,276698.0,276901.0,277102.0,277323.0,277534.0,277709.0,277874.0,278116.0,278364
DDsuDUu0uv0,2922167.0,2923123.0,2924221.0,2925408.0,2926480.0,2927626.0,2928755.0,2929789.0,2930828.0,2931796.0,2932817.0,2933842.0,2934826.0,2935904.0,2937026.0,2938094.0,2939039.0,2939955.0,2940910.0,2941910.0,2942956.0,2944114.0,2945157.0,2946108.0,2947058.0,2947978.0,2948939.0,2949829.0,2950694.0,2951801.0,2952819.0,2953705.0,2954593.0,2955521.0,2956371.0,2957415.0,2958492.0,2959429.0,2960264.0,2961136.0,2961939.0,2962784.0,2963673.0,2964557.0,2965451.0,2966318.0,2967237.0,2968203.0,2969168.0,2970117.0,2971083.0,2972161.0,2973197.0,2974059.0,2975004.0,2975894.0,2976860.0,2977900.0,2978884.0,2979938.0,2980976.0,2981918.0,2982898.0,2983935.0,2984943.0,2986013.0,2986910.0,2988026.0,2988967.0,2990195.0,2991292.0,2992360.0,2993472.0,2994703.0,2996049.0,2997418.0,2998814.0,3000099.0,3001403.0,3002489.0,3003829.0,3005291.0,3006671.0,3008008.0,3009411.0,3010769.0,3012014.0,3013242.0,3014499.0,3015815.0,3017096.0,3018384.0,3019627.0,3020835.0,3022040.0,3023137.0,3024514.0,3025751.0,3027137.0,3028441.0,3029647.0,3030854.0,3032088.0,3033323.0,3034529.0,3035846.0,3037244.0,3038424.0,3039520.0,3040641.0,3041915.0,3043194.0,3044303.0,3045416.0,3046454.0,3047381.0,3048540.0,3049553.0,3050604.0,3051685.0,3052575.0,3053406.0,3054187.0,3055261.0,3056189.0,3057202.0,3058314.0,3059392.0,3060269.0,3061125.0,3062103.0,3063122.0,3064109.0,3064966.0,,,,,,,,,3073096.0,3073901.0,3074759.0,3075678.0,3076607.0,3077474.0,3078174.0,3078953.0,3079586.0,3080251.0,3080997.0,3081703.0,3082575.0,3083311.0,3083981.0,3084653.0,3085248.0,3085903.0,3086620.0,3087378.0,3088118.0,3088839.0,3089492.0,3090303.0,3091282.0,3092082.0,3092985.0,3093807.0,3094465.0,3095282.0,3096014.0,3096796.0,3097546.0,3098366.0,3099027.0,3099791.0,3100536.0,3101399.0,3102231.0,3102970.0,3103862.0,3104669.0,3105431.0,3106109.0,3106783.0,3107631.0,3108439.0,3109256.0,3110074.0,3110822.0,3111431.0,3112110.0,3112793.0,3113589.0,3114203.0,3115000.0,3115689.0,3116377.0,3117111.0,3117883.0,3118674.0,3119254.0,3119985.0,3120678.0,3121269.0,3121984.0,3122621.0,3123431.0,3124014.0,3124619.0,3125251.0,3125877.0,3126774.0,3127612.0,3128478.0,3129293.0,3130089.0,3130955.0,3131765.0,3132621.0,3133487.0,3134204.0,3135050.0,3135878.0,3136611.0,3137195.0,3137941.0,3138704.0,3139544.0,3140311.0,3141013.0,3141724.0,3142488.0,3143244.0,3144118.0,3144922.0,3145765.0,3146561.0,3147322.0,3148098.0,3148941.0,3149822.0,3150692.0,3151580.0,3152461.0,3153356.0,3154348.0,3155384.0,3156409.0,3157464.0,3158538.0,3159449.0,3160407.0,3161227.0,3162198.0,3162993.0,3163884.0,3164654.0,3165385.0,3166144.0,3166710.0,,3168357.0,3169295.0,3170105.0,3170845.0,3171539.0,3172290.0,3173206.0,3174089.0,3174989.0,3176060.0,3177023.0,3177861.0,3178714.0,3179611.0,3180444.0,3181405.0,3182367.0,3183404.0,3184337.0,3185092.0,3186076.0,3187172.0,3188137.0,3188983.0,3190023.0,3190762.0,3191510.0,3192456.0,3193368.0,3194307.0,3195106.0,3196074.0,3196946.0,3197732.0,3198566.0,3199459.0,3200406.0,3201275.0,3202227.0,3203035.0,3203718.0,3204542.0,3205418.0,3206220.0,3206981.0,3207782.0,3208516.0,3209104.0,3209841.0,3210616.0,3211334.0,3212035.0,3212730.0,3213374.0,3214049.0,3214757.0,3215423.0,3216074.0,3216822.0,3217528.0,3218210.0,3218856.0,3219506.0,3220167.0,3220978.0,3221626.0,3222337.0,3222833.0,3223287.0,3223892.0,3224523.0,3225100.0,3225712.0,3226412.0,3227061.0,3227624.0,3228293.0,3228927.0,3229642.0,3230261.0,3230929.0,3231670.0,3232207.0,3232963.0,3233790.0,3234485.0,3235271.0,3236055.0,3236637.0,3237287.0,3237940.0,3238604.0,3239295.0,3239920.0,3240625.0,3241272.0,3241935.0,3242600.0,3243217.0,3243957.0,3244681.0,3245355.0,3246015.0,3246631.0,3247207.0,3247973.0,3248618.0,3249265.0,3249977.0,3250536.0,3251156.0,3251840.0,3252411.0,3253101
Gv8MJjQisUQ,34625.0,34630.0,34635.0,34637.0,34644.0,34650.0,34656.0,34662.0,34668.0,34682.0,34689.0,34698.0,34704.0,34711.0,34718.0,34729.0,34735.0,34740.0,34752.0,34757.0,34767.0,34775.0,34777.0,34783.0,34788.0,34793.0,34798.0,34806.0,34816.0,34822.0,34829.0,34851.0,34861.0,34865.0,34877.0,34885.0,34892.0,34895.0,34900.0,34907.0,34911.0,34913.0,34921.0,34929.0,34937.0,34940.0,34947.0,34951.0,34956.0,34962.0,34966.0,34969.0,34978.0,34982.0,34996.0,35003.0,35009.0,35012.0,35015.0,35020.0,35024.0,35032.0,35036.0,35037.0,35045.0,35047.0,35052.0,35059.0,35061.0,35065.0,35067.0,35072.0,35074.0,35080.0,35084.0,35089.0,35099.0,35104.0,35117.0,35127.0,35134.0,35140.0,35144.0,35147.0,35154.0,35158.0,35166.0,35170.0,35175.0,35178.0,35182.0,35183.0,35187.0,35191.0,35196.0,35199.0,35205.0,35213.0,35216.0,35224.0,35227.0,35232.0,35242.0,35249.0,35256.0,35262.0,35274.0,35280.0,35285.0,35294.0,35303.0,35316.0,35322.0,35326.0,35327.0,35330.0,35338.0,35345.0,35349.0,35354.0,35359.0,35361.0,35367.0,35372.0,35379.0,35384.0,35390.0,35396.0,35400.0,35404.0,35409.0,35412.0,35418.0,35420.0,,,,,,,,,35472.0,35485.0,35493.0,35498.0,35509.0,35516.0,35523.0,35537.0,35551.0,35562.0,35571.0,35578.0,35588.0,35591.0,35598.0,35599.0,35604.0,35610.0,35615.0,35618.0,35622.0,35627.0,35635.0,35636.0,35645.0,35647.0,35652.0,35660.0,35668.0,35670.0,35680.0,35684.0,35687.0,35690.0,35700.0,35703.0,35709.0,35721.0,35733.0,35741.0,35743.0,35750.0,35756.0,35762.0,35767.0,35772.0,35775.0,35775.0,35781.0,35786.0,35789.0,35797.0,35806.0,35807.0,35810.0,35813.0,35814.0,35818.0,35821.0,35823.0,35828.0,35830.0,35830.0,35834.0,35840.0,35842.0,35843.0,35848.0,35853.0,35860.0,35868.0,35871.0,35874.0,35875.0,35877.0,35884.0,35889.0,35890.0,35898.0,35906.0,35913.0,35916.0,35920.0,35925.0,35927.0,35936.0,35937.0,35940.0,35944.0,35952.0,35956.0,35961.0,35966.0,35967.0,35970.0,35979.0,35986.0,35992.0,36000.0,36009.0,36015.0,36028.0,36036.0,36045.0,36049.0,36053.0,36060.0,36068.0,36077.0,36081.0,36088.0,36094.0,36099.0,36112.0,36113.0,36117.0,36122.0,36127.0,36128.0,36139.0,36145.0,,36155.0,36160.0,36164.0,36167.0,36169.0,36171.0,36176.0,36186.0,36189.0,36193.0,36198.0,36204.0,36206.0,36215.0,36222.0,36224.0,36234.0,36236.0,36242.0,36245.0,36248.0,36251.0,36257.0,36261.0,36267.0,36275.0,36281.0,36283.0,36287.0,36288.0,36291.0,36296.0,36298.0,36304.0,36309.0,36315.0,36321.0,36323.0,36328.0,36329.0,36333.0,36338.0,36343.0,36346.0,36356.0,36364.0,36370.0,36373.0,36375.0,36382.0,36384.0,36389.0,36393.0,36396.0,36404.0,36405.0,36406.0,36415.0,36427.0,36429.0,36439.0,36443.0,36447.0,36450.0,36454.0,36457.0,36458.0,36460.0,36463.0,36466.0,36470.0,36477.0,36482.0,36485.0,36488.0,36497.0,36505.0,36510.0,36515.0,36524.0,36532.0,36536.0,36537.0,36544.0,36549.0,36551.0,36555.0,36556.0,36563.0,36562.0,36566.0,36570.0,36579.0,36584.0,36590.0,36591.0,36595.0,36597.0,36601.0,36602.0,36603.0,36608.0,36614.0,36629.0,36631.0,36639.0,36643.0,36646.0,36652.0,36655.0,36660.0,36667.0,36671.0,36676
sCgEK1TCR1w,304281.0,304292.0,304308.0,304331.0,304354.0,304364.0,304384.0,304407.0,304420.0,304436.0,304455.0,304472.0,304490.0,304512.0,304535.0,304548.0,304561.0,304579.0,304602.0,304622.0,304640.0,304657.0,304672.0,304688.0,304709.0,304731.0,304748.0,304762.0,304772.0,304782.0,304793.0,304805.0,304819.0,304838.0,304849.0,304858.0,304878.0,304894.0,304908.0,304922.0,304938.0,304958.0,304969.0,304984.0,304997.0,305008.0,305022.0,305032.0,305047.0,305059.0,305078.0,305098.0,305113.0,305127.0,305142.0,305165.0,305174.0,305185.0,305202.0,305215.0,305228.0,305254.0,305268.0,305285.0,305295.0,305306.0,305320.0,305338.0,305354.0,305369.0,305379.0,305402.0,305411.0,305433.0,305444.0,305454.0,305466.0,305486.0,305502.0,305510.0,305518.0,305530.0,305550.0,305566.0,305579.0,305597.0,305609.0,305624.0,305641.0,305651.0,305663.0,305679.0,305694.0,305703.0,305722.0,305740.0,305759.0,305777.0,305793.0,305809.0,305827.0,305843.0,305859.0,305871.0,305885.0,305908.0,305935.0,305970.0,305995.0,306016.0,306038.0,306064.0,306087.0,306114.0,306127.0,306146.0,306171.0,306191.0,306216.0,306291.0,306378.0,306438.0,306505.0,306562.0,306599.0,306655.0,306698.0,306739.0,306781.0,306830.0,306865.0,306896.0,306931.0,306963.0,,,,,,,,,307190.0,307261.0,307349.0,307431.0,307492.0,307534.0,307574.0,307607.0,307644.0,307687.0,307717.0,307755.0,307789.0,307820.0,307841.0,307866.0,307892.0,307917.0,307947.0,307963.0,307996.0,308025.0,308065.0,308102.0,308138.0,308154.0,308175.0,308199.0,308233.0,308288.0,308324.0,308375.0,308433.0,308465.0,308498.0,308520.0,308552.0,308575.0,308600.0,308621.0,308644.0,308679.0,308710.0,308732.0,308754.0,308786.0,308819.0,308863.0,308890.0,308930.0,308947.0,308976.0,309022.0,309054.0,309094.0,309124.0,309152.0,309172.0,309220.0,309260.0,309288.0,309326.0,309363.0,309413.0,309446.0,309483.0,309532.0,309648.0,309966.0,310062.0,310142.0,310217.0,310278.0,310381.0,310440.0,310529.0,310585.0,310637.0,310671.0,310719.0,310758.0,310781.0,310857.0,310895.0,310917.0,310944.0,311008.0,311044.0,311083.0,311140.0,311176.0,311215.0,311246.0,311277.0,311300.0,311329.0,311350.0,311378.0,311410.0,311432.0,311457.0,311474.0,311505.0,311538.0,311568.0,311593.0,311618.0,311633.0,311651.0,311679.0,311713.0,311745.0,311764.0,311794.0,311825.0,311864.0,311876.0,311904.0,311927.0,311973.0,311996.0,,312053.0,312087.0,312119.0,312146.0,312183.0,312212.0,312242.0,312255.0,312278.0,312300.0,312338.0,312374.0,312402.0,312419.0,312453.0,312482.0,312517.0,312557.0,312592.0,312621.0,312665.0,312706.0,312735.0,312762.0,312800.0,312840.0,312869.0,312897.0,312930.0,312956.0,313000.0,313033.0,313060.0,313080.0,313112.0,313147.0,313178.0,313210.0,313227.0,313247.0,313262.0,313278.0,313310.0,313343.0,313378.0,313410.0,313432.0,313452.0,313471.0,313490.0,313512.0,313528.0,313543.0,313570.0,313588.0,313602.0,313617.0,313635.0,313661.0,313681.0,313716.0,313732.0,313744.0,313765.0,313796.0,313818.0,313851.0,313887.0,313917.0,313962.0,313991.0,314006.0,314035.0,314071.0,314101.0,314128.0,314155.0,314185.0,314224.0,314247.0,314270.0,314288.0,314311.0,314339.0,314369.0,314394.0,314409.0,314428.0,314463.0,314474.0,314497.0,314524.0,314547.0,314577.0,314596.0,314626.0,314643.0,314667.0,314690.0,314707.0,314724.0,314738.0,314770.0,314785.0,314816.0,314834.0,314863.0,314879.0,314907.0,314937.0,314958.0,314978.0,314994.0,315022
YsX6ijPcgG4,12278.0,12283.0,12286.0,12288.0,12295.0,12297.0,12300.0,12300.0,12302.0,12307.0,12309.0,12313.0,12315.0,12319.0,12320.0,12323.0,12327.0,12329.0,12332.0,12334.0,12340.0,12346.0,12351.0,12354.0,12355.0,12357.0,12362.0,12365.0,12368.0,12373.0,12375.0,12378.0,12379.0,12386.0,12389.0,12391.0,12393.0,12394.0,12398.0,12402.0,12408.0,12414.0,12419.0,12421.0,12424.0,12428.0,12429.0,12432.0,12437.0,12442.0,12443.0,12444.0,12447.0,12450.0,12456.0,12462.0,12464.0,12466.0,12466.0,12470.0,12473.0,12476.0,12480.0,12482.0,12485.0,12491.0,12495.0,12507.0,12511.0,12515.0,12525.0,12530.0,12531.0,12532.0,12537.0,12540.0,12545.0,12553.0,12556.0,12559.0,12560.0,12562.0,12566.0,12569.0,12573.0,12577.0,12578.0,12583.0,12585.0,12588.0,12588.0,12589.0,12594.0,12596.0,12598.0,12603.0,12604.0,12608.0,12613.0,12615.0,12619.0,12622.0,12629.0,12629.0,12634.0,12637.0,12640.0,12641.0,12646.0,12647.0,12651.0,12654.0,12656.0,12657.0,12659.0,12661.0,12662.0,12663.0,12667.0,12670.0,12672.0,12676.0,12677.0,12680.0,12682.0,12683.0,12685.0,12687.0,12688.0,12689.0,12692.0,12692.0,12692.0,12692.0,,,,,,,,,12714.0,12719.0,12723.0,12726.0,12731.0,12732.0,12732.0,12732.0,12732.0,12732.0,12733.0,12734.0,12737.0,12738.0,12739.0,12741.0,12742.0,12743.0,12744.0,12744.0,12745.0,12746.0,12750.0,12750.0,12751.0,12753.0,12755.0,12755.0,12757.0,12758.0,12758.0,12761.0,12761.0,12762.0,12762.0,12763.0,12764.0,12768.0,12769.0,12771.0,12773.0,12773.0,12777.0,12777.0,12778.0,12779.0,12780.0,12781.0,12784.0,12785.0,12787.0,12788.0,12791.0,12793.0,12795.0,12799.0,12800.0,12802.0,12805.0,12806.0,12807.0,12809.0,12810.0,12812.0,12815.0,12817.0,12817.0,12823.0,12823.0,12825.0,12825.0,12825.0,12828.0,12830.0,12831.0,12833.0,12835.0,12835.0,12836.0,12840.0,12844.0,12844.0,12846.0,12846.0,12848.0,12849.0,12849.0,12849.0,12852.0,12853.0,12855.0,12856.0,12858.0,12860.0,12861.0,12866.0,12869.0,12873.0,12878.0,12881.0,12884.0,12890.0,12893.0,12895.0,12897.0,12897.0,12900.0,12902.0,12904.0,12906.0,12908.0,12910.0,12911.0,12914.0,12917.0,12918.0,12918.0,12918.0,12920.0,12920.0,12920.0,,12920.0,12923.0,12924.0,12924.0,12927.0,12928.0,12929.0,12930.0,12932.0,12935.0,12937.0,12937.0,12937.0,12941.0,12942.0,12942.0,12944.0,12946.0,12946.0,12948.0,12948.0,12951.0,12952.0,12954.0,12956.0,12959.0,12961.0,12966.0,12967.0,12971.0,12977.0,12977.0,12979.0,12982.0,12983.0,12985.0,12991.0,12995.0,12999.0,13002.0,13003.0,13003.0,13005.0,13007.0,13011.0,13015.0,13019.0,13019.0,13023.0,13023.0,13023.0,13023.0,13024.0,13024.0,13024.0,13027.0,13028.0,13034.0,13038.0,13039.0,13041.0,13043.0,13049.0,13051.0,13057.0,13059.0,13059.0,13063.0,13068.0,13069.0,13070.0,13070.0,13071.0,13071.0,13072.0,13072.0,13072.0,13072.0,13072.0,13076.0,13076.0,13077.0,13077.0,13077.0,13077.0,13078.0,13084.0,13085.0,13089.0,13092.0,13097.0,13100.0,13104.0,13108.0,13114.0,13119.0,13125.0,13128.0,13132.0,13138.0,13144.0,13149.0,13154.0,13157.0,13159.0,13163.0,13171.0,13173.0,13174.0,13178.0,13183.0,13188.0,13192.0,13202
0AucSv2oQ1k,775153.0,775308.0,775560.0,775806.0,776072.0,776295.0,776481.0,776727.0,776949.0,777239.0,777494.0,777765.0,778006.0,778235.0,778470.0,778696.0,778966.0,779170.0,779446.0,779742.0,780052.0,780292.0,780564.0,780806.0,781076.0,781348.0,781657.0,781885.0,782106.0,782345.0,782661.0,782957.0,783270.0,783552.0,783898.0,784179.0,784526.0,784873.0,785171.0,785403.0,785690.0,785923.0,786137.0,786400.0,786678.0,786966.0,787218.0,787474.0,787707.0,787982.0,788295.0,788613.0,788908.0,789118.0,789371.0,789615.0,789824.0,790018.0,790254.0,790458.0,790696.0,790897.0,791124.0,791322.0,791590.0,791762.0,791944.0,792168.0,792344.0,792582.0,792760.0,792968.0,793168.0,793377.0,793575.0,793762.0,793932.0,794093.0,794310.0,794543.0,794782.0,794992.0,795212.0,795402.0,795570.0,795827.0,796061.0,796256.0,796471.0,796654.0,796842.0,796993.0,797194.0,797389.0,797542.0,797704.0,797886.0,798047.0,798177.0,798338.0,798513.0,798665.0,798788.0,798907.0,799031.0,799164.0,799304.0,799442.0,799542.0,799684.0,799814.0,799978.0,800123.0,800249.0,800402.0,800541.0,800685.0,800848.0,800987.0,801122.0,801303.0,801461.0,801568.0,801723.0,801851.0,802027.0,802197.0,802339.0,802501.0,802651.0,802787.0,802939.0,803103.0,803287.0,,,,,,,,,804779.0,805061.0,805229.0,805412.0,805606.0,805806.0,806001.0,806191.0,806400.0,806592.0,806773.0,806976.0,807150.0,807364.0,807505.0,807675.0,807855.0,808041.0,808208.0,808408.0,808583.0,808756.0,808915.0,809081.0,809235.0,809399.0,809540.0,809675.0,809823.0,809962.0,810106.0,810222.0,810337.0,810482.0,810623.0,810798.0,810931.0,811071.0,811201.0,811323.0,811456.0,811614.0,811743.0,811883.0,811991.0,812127.0,812245.0,812358.0,812471.0,812592.0,812711.0,812840.0,812967.0,813068.0,813242.0,813376.0,813512.0,813655.0,813751.0,813860.0,813990.0,814088.0,814217.0,814341.0,814454.0,814608.0,814739.0,814853.0,814962.0,815096.0,815216.0,815359.0,815475.0,815587.0,815698.0,815809.0,815942.0,816037.0,816128.0,816263.0,816367.0,816441.0,816543.0,816666.0,816789.0,816901.0,816997.0,817109.0,817220.0,817331.0,817480.0,817608.0,817720.0,817834.0,817935.0,818058.0,818174.0,818293.0,818404.0,818536.0,818690.0,818853.0,818989.0,819108.0,819221.0,819349.0,819465.0,819578.0,819709.0,819877.0,819993.0,820111.0,820239.0,820362.0,820462.0,820556.0,820653.0,820759.0,820889.0,821013.0,821134.0,,821371.0,821488.0,821611.0,821722.0,821825.0,821944.0,822047.0,822167.0,822281.0,822373.0,822480.0,822585.0,822690.0,822768.0,822895.0,822994.0,823079.0,823234.0,823386.0,823527.0,823634.0,823751.0,823872.0,824046.0,824199.0,824321.0,824446.0,824560.0,824683.0,824820.0,824959.0,825084.0,825204.0,825324.0,825453.0,825607.0,825778.0,825944.0,826125.0,826251.0,826413.0,826543.0,826687.0,826858.0,827049.0,827242.0,827428.0,827615.0,827774.0,827929.0,828052.0,828216.0,828370.0,828518.0,828676.0,828801.0,828959.0,829068.0,829220.0,829386.0,829540.0,829726.0,829902.0,830038.0,830205.0,830363.0,830524.0,830694.0,830833.0,830947.0,831078.0,831216.0,831371.0,831531.0,831672.0,831820.0,831981.0,832113.0,832239.0,832372.0,832530.0,832669.0,832788.0,832914.0,833048.0,833131.0,833245.0,833370.0,833500.0,833672.0,833819.0,833948.0,834095.0,834216.0,834380.0,834582.0,834736.0,834881.0,835033.0,835212.0,835385.0,835567.0,835709.0,835884.0,836011.0,836166.0,836308.0,836444.0,836609.0,836788.0,836982.0,837122.0,837263.0,837412
oCwgkBrRivI,216013.0,216057.0,216116.0,216152.0,216203.0,216246.0,216289.0,216321.0,216354.0,216386.0,216431.0,216471.0,216512.0,216548.0,216593.0,216632.0,216679.0,216727.0,216757.0,216802.0,216837.0,216854.0,216880.0,216916.0,216959.0,216993.0,217036.0,217073.0,217134.0,217204.0,217277.0,217341.0,217421.0,217495.0,217553.0,217611.0,217664.0,217728.0,217781.0,217832.0,217886.0,217934.0,217987.0,218051.0,218107.0,218155.0,218215.0,218281.0,218313.0,218355.0,218403.0,218458.0,218491.0,218538.0,218593.0,218657.0,218717.0,218785.0,218822.0,218883.0,218945.0,219000.0,219062.0,219133.0,219193.0,219264.0,219319.0,219379.0,219431.0,219506.0,219577.0,219640.0,219689.0,219731.0,219780.0,219828.0,219878.0,219929.0,219992.0,220024.0,220079.0,220163.0,220205.0,220272.0,220332.0,220379.0,220450.0,220508.0,220576.0,220615.0,220660.0,220708.0,220764.0,220811.0,220896.0,220946.0,220980.0,221020.0,221067.0,221093.0,221127.0,221172.0,221220.0,221260.0,221308.0,221347.0,221405.0,221451.0,221493.0,221526.0,221574.0,221612.0,221648.0,221682.0,221725.0,221751.0,221783.0,221814.0,221853.0,221895.0,221926.0,221950.0,221986.0,222023.0,222052.0,222091.0,222129.0,222161.0,222188.0,222235.0,222265.0,222297.0,222336.0,222353.0,,,,,,,,,222618.0,222646.0,222676.0,222712.0,222745.0,222778.0,222807.0,222832.0,222878.0,222913.0,222955.0,222977.0,223003.0,223028.0,223059.0,223079.0,223112.0,223140.0,223181.0,223220.0,223258.0,223291.0,223335.0,223372.0,223406.0,223448.0,223481.0,223507.0,223529.0,223570.0,223608.0,223643.0,223680.0,223715.0,223735.0,223766.0,223802.0,223827.0,223885.0,223921.0,223972.0,224011.0,224042.0,224094.0,224129.0,224170.0,224217.0,224269.0,224320.0,224369.0,224400.0,224462.0,224513.0,224571.0,224617.0,224680.0,224733.0,224769.0,224820.0,224881.0,224928.0,224964.0,225008.0,225061.0,225111.0,225149.0,225200.0,225242.0,225292.0,225339.0,225397.0,225459.0,225497.0,225536.0,225577.0,225624.0,225668.0,225702.0,225735.0,225792.0,225832.0,225866.0,225903.0,225952.0,225990.0,226024.0,226066.0,226110.0,226142.0,226164.0,226199.0,226223.0,226250.0,226281.0,226314.0,226358.0,226379.0,226418.0,226450.0,226476.0,226506.0,226536.0,226581.0,226624.0,226671.0,226697.0,226729.0,226755.0,226785.0,226826.0,226874.0,226901.0,226943.0,226975.0,226998.0,227030.0,227065.0,227098.0,227128.0,227161.0,227196.0,,227265.0,227298.0,227344.0,227380.0,227413.0,227428.0,227452.0,227485.0,227512.0,227545.0,227578.0,227603.0,227628.0,227667.0,227698.0,227727.0,227759.0,227790.0,227821.0,227851.0,227883.0,227914.0,227939.0,227963.0,228001.0,228035.0,228062.0,228102.0,228142.0,228182.0,228232.0,228255.0,228287.0,228306.0,228336.0,228369.0,228397.0,228443.0,228482.0,228511.0,228538.0,228573.0,228607.0,228643.0,228671.0,228708.0,228743.0,228762.0,228795.0,228828.0,228852.0,228870.0,228902.0,228955.0,228988.0,229019.0,229049.0,229071.0,229095.0,229126.0,229151.0,229190.0,229221.0,229241.0,229280.0,229319.0,229354.0,229384.0,229415.0,229439.0,229473.0,229512.0,229554.0,229602.0,229650.0,229703.0,229736.0,229763.0,229800.0,229841.0,229894.0,229924.0,229955.0,229987.0,230027.0,230071.0,230107.0,230134.0,230174.0,230217.0,230260.0,230317.0,230364.0,230407.0,230444.0,230487.0,230527.0,230562.0,230599.0,230636.0,230681.0,230702.0,230739.0,230775.0,230816.0,230859.0,230918.0,230973.0,231032.0,231072.0,231127.0,231165.0,231224.0,231270
KqyaMidL3EQ,92118.0,92147.0,92184.0,92223.0,92321.0,92368.0,92463.0,92511.0,92556.0,92599.0,92646.0,92686.0,92728.0,92774.0,92825.0,92851.0,92887.0,92933.0,92987.0,93057.0,93135.0,93207.0,93281.0,93344.0,93407.0,93471.0,93552.0,93607.0,93666.0,93866.0,94189.0,94365.0,94536.0,94679.0,94956.0,95158.0,95322.0,95408.0,95444.0,95514.0,95564.0,95614.0,95667.0,95734.0,95772.0,95802.0,95839.0,95873.0,95905.0,95944.0,95989.0,96015.0,96030.0,96059.0,96089.0,96116.0,96132.0,96161.0,96179.0,96202.0,96229.0,96264.0,96292.0,96305.0,96325.0,96341.0,96370.0,96392.0,96405.0,96429.0,96451.0,96471.0,96508.0,96533.0,96554.0,96580.0,96593.0,96630.0,96647.0,96677.0,96694.0,96730.0,96757.0,96790.0,96819.0,96856.0,96875.0,96903.0,96937.0,96960.0,96990.0,97007.0,97032.0,97057.0,97077.0,97095.0,97128.0,97158.0,97226.0,97253.0,97289.0,97318.0,97342.0,97366.0,97385.0,97412.0,97439.0,97462.0,97495.0,97519.0,97532.0,97557.0,97579.0,97617.0,97644.0,97665.0,97688.0,97706.0,97733.0,97754.0,97782.0,97805.0,97823.0,97843.0,97860.0,97874.0,97891.0,97907.0,97919.0,97932.0,97955.0,97966.0,97982.0,97997.0,,,,,,,,,98276.0,98303.0,98329.0,98360.0,98393.0,98424.0,98442.0,98456.0,98468.0,98481.0,98504.0,98549.0,98586.0,98621.0,98644.0,98665.0,98696.0,98716.0,98741.0,98794.0,98817.0,98849.0,98872.0,98914.0,98930.0,98951.0,98978.0,99015.0,99032.0,99047.0,99074.0,99083.0,99107.0,99130.0,99152.0,99179.0,99192.0,99210.0,99229.0,99266.0,99297.0,99325.0,99332.0,99349.0,99359.0,99377.0,99397.0,99413.0,99439.0,99452.0,99471.0,99489.0,99515.0,99529.0,99543.0,99564.0,99575.0,99595.0,99614.0,99639.0,99658.0,99667.0,99686.0,99697.0,99710.0,99727.0,99751.0,99765.0,99776.0,99790.0,99809.0,99822.0,99840.0,99854.0,99875.0,99913.0,99931.0,99951.0,99955.0,99976.0,100002.0,100020.0,100042.0,100071.0,100084.0,100097.0,100113.0,100126.0,100144.0,100170.0,100191.0,100205.0,100219.0,100232.0,100260.0,100278.0,100299.0,100326.0,100340.0,100348.0,100375.0,100399.0,100423.0,100443.0,100463.0,100493.0,100509.0,100521.0,100541.0,100566.0,100596.0,100623.0,100640.0,100657.0,100677.0,100695.0,100707.0,100720.0,100727.0,100740.0,100750.0,,100792.0,100806.0,100827.0,100842.0,100857.0,100870.0,100884.0,100891.0,100909.0,100924.0,100948.0,100959.0,100973.0,100983.0,101001.0,101016.0,101033.0,101050.0,101070.0,101091.0,101103.0,101122.0,101142.0,101157.0,101169.0,101184.0,101191.0,101201.0,101214.0,101225.0,101237.0,101267.0,101274.0,101277.0,101287.0,101305.0,101320.0,101333.0,101344.0,101360.0,101369.0,101388.0,101402.0,101432.0,101455.0,101472.0,101491.0,101511.0,101531.0,101557.0,101593.0,101627.0,101648.0,101671.0,101686.0,101705.0,101718.0,101740.0,101757.0,101778.0,101792.0,101829.0,101848.0,101873.0,101911.0,101942.0,101962.0,101987.0,102014.0,102046.0,102089.0,102127.0,102178.0,102218.0,102257.0,102289.0,102338.0,102377.0,102423.0,102453.0,102499.0,102530.0,102549.0,102565.0,102581.0,102601.0,102618.0,102638.0,102650.0,102664.0,102678.0,102709.0,102718.0,102740.0,102759.0,102782.0,102794.0,102828.0,102850.0,102862.0,102874.0,102895.0,102906.0,103002.0,103077.0,103148.0,103231.0,103272.0,103296.0,103308.0,103335.0,103358.0,103389.0,103436
8p-W4r5fBQE,138071.0,138074.0,138079.0,138089.0,138091.0,138093.0,138101.0,138109.0,138115.0,138122.0,138130.0,138135.0,138142.0,138148.0,138151.0,138155.0,138163.0,138172.0,138175.0,138177.0,138183.0,138187.0,138195.0,138198.0,138203.0,138207.0,138211.0,138219.0,138225.0,138232.0,138233.0,138235.0,138236.0,138239.0,138241.0,138246.0,138249.0,138252.0,138253.0,138256.0,138259.0,138265.0,138270.0,138276.0,138279.0,138279.0,138284.0,138286.0,138291.0,138294.0,138303.0,138312.0,138315.0,138319.0,138322.0,138325.0,138331.0,138334.0,138339.0,138343.0,138350.0,138352.0,138357.0,138369.0,138374.0,138381.0,138388.0,138393.0,138397.0,138401.0,138406.0,138410.0,138413.0,138419.0,138431.0,138432.0,138437.0,138438.0,138440.0,138445.0,138447.0,138454.0,138457.0,138460.0,138464.0,138466.0,138467.0,138470.0,138474.0,138480.0,138489.0,138495.0,138497.0,138504.0,138507.0,138510.0,138513.0,138517.0,138523.0,138525.0,138529.0,138531.0,138532.0,138534.0,138532.0,138536.0,138540.0,138543.0,138546.0,138551.0,138560.0,138566.0,138571.0,138575.0,138577.0,138580.0,138584.0,138586.0,138590.0,138595.0,138598.0,138602.0,138602.0,138609.0,138613.0,138618.0,138621.0,138626.0,138633.0,138636.0,138645.0,138654.0,138654.0,138660.0,,,,,,,,,138702.0,138707.0,138713.0,138718.0,138724.0,138732.0,138738.0,138738.0,138747.0,138759.0,138767.0,138774.0,138777.0,138782.0,138793.0,138797.0,138801.0,138804.0,138809.0,138814.0,138821.0,138821.0,138834.0,138841.0,138843.0,138849.0,138855.0,138859.0,138869.0,138874.0,138877.0,138882.0,138891.0,138896.0,138899.0,138905.0,138906.0,138909.0,138912.0,138922.0,138925.0,138930.0,138937.0,138941.0,138946.0,138949.0,138952.0,138958.0,138961.0,138963.0,138964.0,138969.0,138972.0,138975.0,138977.0,138980.0,138982.0,138985.0,138989.0,138991.0,138995.0,138999.0,139008.0,139011.0,139016.0,139016.0,139018.0,139020.0,139021.0,139025.0,139031.0,139036.0,139042.0,139047.0,139055.0,139057.0,139064.0,139069.0,139072.0,139077.0,139082.0,139085.0,139093.0,139100.0,139105.0,139109.0,139118.0,139122.0,139128.0,139131.0,139136.0,139140.0,139143.0,139149.0,139151.0,139154.0,139162.0,139167.0,139173.0,139179.0,139181.0,139185.0,139190.0,139195.0,139199.0,139207.0,139214.0,139216.0,139222.0,139226.0,139228.0,139232.0,139235.0,139240.0,139242.0,139249.0,139254.0,139261.0,139266.0,139272.0,139273.0,,139283.0,139291.0,139296.0,139300.0,139301.0,139307.0,139308.0,139312.0,139313.0,139319.0,139324.0,139328.0,139331.0,139333.0,139339.0,139343.0,139348.0,139355.0,139358.0,139363.0,139367.0,139375.0,139376.0,139377.0,139379.0,139384.0,139388.0,139391.0,139395.0,139396.0,139398.0,139401.0,139407.0,139411.0,139413.0,139414.0,139419.0,139423.0,139428.0,139431.0,139433.0,139439.0,139443.0,139447.0,139455.0,139462.0,139467.0,139471.0,139474.0,139482.0,139485.0,139491.0,139500.0,139502.0,139508.0,139512.0,139516.0,139517.0,139522.0,139526.0,139531.0,139536.0,139538.0,139546.0,139548.0,139551.0,139555.0,139559.0,139563.0,139569.0,139583.0,139591.0,139597.0,139599.0,139602.0,139607.0,139615.0,139621.0,139628.0,139632.0,139645.0,139651.0,139657.0,139661.0,139666.0,139673.0,139678.0,139681.0,139684.0,139686.0,139693.0,139693.0,139695.0,139701.0,139705.0,139707.0,139711.0,139718.0,139726.0,139727.0,139730.0,139732.0,139734.0,139737.0,139738.0,139739.0,139739.0,139741.0,139744.0,139746.0,139746.0,139751.0,139756.0,139761
zWXjQaskiaI,34029.0,34037.0,34042.0,34050.0,34062.0,34075.0,34082.0,34093.0,34101.0,34107.0,34121.0,34128.0,34140.0,34147.0,34158.0,34171.0,34178.0,34189.0,34199.0,34208.0,34215.0,34222.0,34235.0,34245.0,34261.0,34272.0,34276.0,34277.0,34281.0,34290.0,34296.0,34304.0,34305.0,34310.0,34314.0,34319.0,34327.0,34331.0,34337.0,34346.0,34356.0,34363.0,34370.0,34373.0,34374.0,34382.0,34395.0,34401.0,34407.0,34412.0,34416.0,34421.0,34430.0,34440.0,34445.0,34452.0,34457.0,34461.0,34464.0,34466.0,34474.0,34484.0,34494.0,34503.0,34510.0,34519.0,34527.0,34533.0,34542.0,34548.0,34553.0,34561.0,34572.0,34589.0,34593.0,34599.0,34606.0,34612.0,34624.0,34633.0,34638.0,34650.0,34662.0,34671.0,34680.0,34693.0,34697.0,34709.0,34715.0,34719.0,34728.0,34732.0,34737.0,34740.0,34743.0,34748.0,34761.0,34764.0,34772.0,34777.0,34788.0,34793.0,34798.0,34803.0,34804.0,34807.0,34812.0,34819.0,34826.0,34831.0,34838.0,34847.0,34866.0,34877.0,34883.0,34893.0,34901.0,34908.0,34914.0,34923.0,34931.0,34945.0,34959.0,34965.0,34972.0,34986.0,34994.0,35010.0,35029.0,35039.0,35049.0,35059.0,35065.0,35068.0,,,,,,,,,35135.0,35143.0,35157.0,35167.0,35171.0,35175.0,35183.0,35186.0,35196.0,35207.0,35215.0,35216.0,35221.0,35226.0,35231.0,35236.0,35239.0,35243.0,35249.0,35259.0,35266.0,35273.0,35281.0,35286.0,35295.0,35307.0,35314.0,35329.0,35338.0,35352.0,35358.0,35362.0,35368.0,35373.0,35380.0,35388.0,35399.0,35407.0,35411.0,35415.0,35423.0,35430.0,35436.0,35439.0,35439.0,35443.0,35451.0,35456.0,35461.0,35476.0,35482.0,35487.0,35491.0,35498.0,35506.0,35516.0,35534.0,35553.0,35566.0,35576.0,35582.0,35591.0,35592.0,35594.0,35599.0,35606.0,35610.0,35621.0,35631.0,35642.0,35648.0,35657.0,35663.0,35671.0,35675.0,35686.0,35695.0,35705.0,35712.0,35717.0,35726.0,35733.0,35740.0,35749.0,35760.0,35764.0,35773.0,35780.0,35784.0,35797.0,35802.0,35806.0,35816.0,35825.0,35833.0,35846.0,35849.0,35852.0,35857.0,35866.0,35873.0,35878.0,35881.0,35886.0,35895.0,35904.0,35917.0,35922.0,35927.0,35939.0,35944.0,35947.0,35955.0,35960.0,35964.0,35966.0,35973.0,35979.0,35980.0,35984.0,35989.0,,36001.0,36011.0,36022.0,36033.0,36045.0,36055.0,36062.0,36070.0,36078.0,36083.0,36087.0,36093.0,36095.0,36100.0,36108.0,36118.0,36128.0,36135.0,36140.0,36151.0,36161.0,36171.0,36178.0,36185.0,36188.0,36193.0,36198.0,36202.0,36208.0,36213.0,36219.0,36224.0,36232.0,36237.0,36240.0,36243.0,36250.0,36254.0,36258.0,36262.0,36267.0,36270.0,36273.0,36276.0,36278.0,36283.0,36285.0,36290.0,36294.0,36298.0,36301.0,36304.0,36308.0,36309.0,36313.0,36315.0,36319.0,36325.0,36328.0,36330.0,36333.0,36337.0,36341.0,36345.0,36347.0,36350.0,36352.0,36356.0,36359.0,36363.0,36364.0,36366.0,36366.0,36367.0,36369.0,36371.0,36374.0,36382.0,36385.0,36387.0,36389.0,36391.0,36392.0,36399.0,36400.0,36401.0,36404.0,36405.0,36409.0,36411.0,36412.0,36414.0,36417.0,36417.0,36422.0,36423.0,36423.0,36425.0,36429.0,36431.0,36432.0,36436.0,36437.0,36438.0,36440.0,36443.0,36445.0,36446.0,36449.0,36449.0,36451.0,36451.0,36456.0,36457
khs5uwH2vbY,358001.0,358117.0,358242.0,358325.0,358456.0,358552.0,358657.0,358769.0,358857.0,358955.0,359080.0,359197.0,359301.0,359392.0,359490.0,359569.0,359641.0,359704.0,359778.0,359838.0,359902.0,359990.0,360062.0,360128.0,360220.0,360290.0,360372.0,360437.0,360516.0,360615.0,360717.0,360778.0,360856.0,360931.0,361006.0,361081.0,361132.0,361179.0,361247.0,361340.0,361425.0,361489.0,361562.0,361644.0,361719.0,361797.0,361901.0,361986.0,362052.0,362141.0,362232.0,362285.0,362344.0,362408.0,362478.0,362560.0,362642.0,362711.0,362773.0,362817.0,362895.0,362986.0,363072.0,363175.0,363263.0,363331.0,363394.0,363464.0,363518.0,363591.0,363662.0,363731.0,363795.0,363867.0,363967.0,364069.0,364145.0,364213.0,364293.0,364356.0,364419.0,364515.0,364587.0,364671.0,364753.0,364830.0,364905.0,364959.0,365034.0,365122.0,365216.0,365280.0,365372.0,365434.0,365513.0,365590.0,365665.0,365756.0,365833.0,365948.0,366176.0,366395.0,366755.0,367018.0,367337.0,367633.0,367950.0,368328.0,368584.0,368772.0,368949.0,369070.0,369213.0,369334.0,369457.0,369583.0,369690.0,369801.0,369898.0,370023.0,370130.0,370255.0,370359.0,370459.0,370560.0,370654.0,370756.0,370843.0,371030.0,371237.0,371400.0,371587.0,371810.0,372027.0,,,,,,,,,373519.0,373626.0,373751.0,373873.0,373992.0,374110.0,374197.0,374283.0,374391.0,374528.0,374655.0,374837.0,374968.0,375073.0,375164.0,375279.0,375381.0,375512.0,375621.0,375768.0,375906.0,376005.0,376129.0,376248.0,376348.0,376476.0,376575.0,376735.0,376993.0,377238.0,377417.0,377583.0,377730.0,377895.0,378018.0,378164.0,378262.0,378356.0,378450.0,378519.0,378596.0,378682.0,378755.0,378841.0,378923.0,379022.0,379126.0,379238.0,379323.0,379403.0,379517.0,379618.0,379716.0,379809.0,379914.0,379990.0,380073.0,380156.0,380229.0,380317.0,380409.0,380498.0,380573.0,380627.0,380699.0,380778.0,380841.0,380899.0,380967.0,381028.0,381084.0,381165.0,381249.0,381322.0,381379.0,381444.0,381514.0,381584.0,381631.0,381710.0,381781.0,381836.0,381895.0,381947.0,381997.0,382049.0,382096.0,382152.0,382225.0,382284.0,382336.0,382394.0,382433.0,382496.0,382559.0,382632.0,382696.0,382749.0,382802.0,382847.0,382886.0,382960.0,383005.0,383065.0,383124.0,383172.0,383233.0,383289.0,383352.0,383423.0,383472.0,383538.0,383589.0,383647.0,383714.0,383786.0,383849.0,383921.0,383984.0,384028.0,384086.0,,384198.0,384268.0,384341.0,384399.0,384444.0,384486.0,384543.0,384607.0,384669.0,384733.0,384795.0,384848.0,384914.0,384980.0,385046.0,385116.0,385178.0,385231.0,385275.0,385333.0,385399.0,385456.0,385524.0,385590.0,385658.0,385727.0,385777.0,385846.0,385904.0,385982.0,386079.0,386184.0,386274.0,386345.0,386424.0,386489.0,386579.0,386680.0,386758.0,386861.0,386943.0,387026.0,387123.0,387229.0,387296.0,387376.0,387453.0,387522.0,387633.0,387737.0,387829.0,387911.0,388008.0,388151.0,388230.0,388331.0,388422.0,388504.0,388589.0,388698.0,388795.0,388888.0,388985.0,389083.0,389193.0,389342.0,389529.0,389740.0,389885.0,390010.0,390238.0,390561.0,390853.0,391031.0,391272.0,391482.0,391729.0,391993.0,392364.0,392544.0,392773.0,392994.0,393139.0,393229.0,393369.0,393470.0,393592.0,393709.0,393785.0,393851.0,393945.0,394012.0,394085.0,394165.0,394227.0,394286.0,394354.0,394411.0,394468.0,394539.0,394608.0,394691.0,394765.0,394824.0,394877.0,394945.0,395027.0,395107.0,395183.0,395266.0,395333.0,395409.0,395488.0,395565
-MMdeSk5Dt4,12766.0,12780.0,12797.0,12811.0,12827.0,12840.0,12855.0,12877.0,12896.0,12909.0,12925.0,12944.0,12959.0,12975.0,13004.0,13041.0,13058.0,13069.0,13108.0,13130.0,13160.0,13180.0,13205.0,13229.0,13239.0,13266.0,13302.0,13332.0,13365.0,13391.0,13410.0,13423.0,13442.0,13460.0,13480.0,13499.0,13518.0,13548.0,13564.0,13594.0,13612.0,13630.0,13653.0,13675.0,13694.0,13712.0,13734.0,13774.0,13800.0,13825.0,13867.0,13898.0,13920.0,14000.0,14112.0,14134.0,14150.0,14178.0,14195.0,14208.0,14220.0,14236.0,14255.0,14269.0,14287.0,14354.0,14462.0,14502.0,14534.0,14575.0,14603.0,14621.0,14649.0,14661.0,14692.0,14716.0,14733.0,14753.0,14774.0,14787.0,14797.0,14810.0,14827.0,14840.0,14849.0,14863.0,14885.0,14893.0,14907.0,14924.0,14937.0,14952.0,14961.0,14989.0,15011.0,15025.0,15040.0,15061.0,15080.0,15092.0,15104.0,15114.0,15129.0,15144.0,15159.0,15180.0,15219.0,15249.0,15280.0,15319.0,15348.0,15377.0,15406.0,15430.0,15444.0,15459.0,15482.0,15498.0,15517.0,15538.0,15554.0,15575.0,15589.0,15604.0,15620.0,15636.0,15645.0,15666.0,15709.0,15768.0,15786.0,15795.0,15807.0,15817.0,,,,,,,,,16026.0,16041.0,16053.0,16071.0,16091.0,16113.0,16144.0,16162.0,16183.0,16218.0,16248.0,16273.0,16306.0,16327.0,16353.0,16377.0,16400.0,16421.0,16458.0,16475.0,16492.0,16513.0,16530.0,16545.0,16562.0,16572.0,16595.0,16608.0,16618.0,16634.0,16649.0,16671.0,16684.0,16704.0,16724.0,16737.0,16797.0,16822.0,16862.0,16884.0,16916.0,16904.0,16927.0,16937.0,16970.0,16997.0,17037.0,17072.0,17118.0,17136.0,17129.0,17147.0,17209.0,17241.0,17274.0,17310.0,17325.0,17354.0,17387.0,17424.0,17448.0,17462.0,17483.0,17495.0,17507.0,17521.0,17535.0,17561.0,17572.0,17588.0,17598.0,17606.0,17628.0,17642.0,17657.0,17678.0,17693.0,17710.0,17730.0,17747.0,17766.0,17775.0,17785.0,17799.0,17812.0,17848.0,17865.0,17875.0,17863.0,17884.0,17899.0,17917.0,17927.0,17934.0,17944.0,17954.0,17961.0,17978.0,17986.0,17993.0,18005.0,18016.0,18024.0,18033.0,18036.0,18053.0,18064.0,18075.0,18087.0,18098.0,18104.0,18112.0,18123.0,18130.0,18139.0,18151.0,18158.0,18169.0,18188.0,18203.0,18209.0,,18238.0,18251.0,18260.0,18268.0,18301.0,18316.0,18331.0,18358.0,18372.0,18386.0,18401.0,18405.0,18412.0,18420.0,18427.0,18438.0,18447.0,18454.0,18460.0,18464.0,18470.0,18477.0,18487.0,18495.0,18500.0,18507.0,18519.0,18545.0,18556.0,18562.0,18584.0,18598.0,18606.0,18619.0,18628.0,18641.0,18655.0,18669.0,18679.0,18694.0,18707.0,18717.0,18726.0,18749.0,18766.0,18777.0,18785.0,18808.0,18822.0,18844.0,18865.0,18880.0,18898.0,18908.0,18912.0,18916.0,18919.0,18926.0,18933.0,18944.0,18959.0,18965.0,18974.0,18990.0,18997.0,19009.0,19027.0,19052.0,19079.0,19097.0,19110.0,19128.0,19147.0,19165.0,19190.0,19209.0,19245.0,19289.0,19356.0,19407.0,19441.0,19480.0,19507.0,19520.0,19533.0,19547.0,19567.0,19590.0,19599.0,19612.0,19631.0,19654.0,19683.0,19709.0,19726.0,19747.0,19763.0,19783.0,19798.0,19813.0,19825.0,19833.0,19844.0,19862.0,19874.0,19882.0,19889.0,19901.0,19912.0,19923.0,19938.0,19944.0,19957.0,19970
4ztUJm0H9wo,12840.0,12857.0,12874.0,12885.0,12898.0,12918.0,12927.0,12936.0,12953.0,12964.0,12972.0,12993.0,13014.0,13027.0,13047.0,13068.0,13100.0,13117.0,13146.0,13166.0,13198.0,13230.0,13255.0,13271.0,13281.0,13298.0,13318.0,13359.0,13395.0,13420.0,13449.0,13475.0,13494.0,13500.0,13520.0,13553.0,13577.0,13602.0,13623.0,13654.0,13686.0,13710.0,13731.0,13757.0,13779.0,13801.0,13826.0,13850.0,13876.0,13901.0,13925.0,13943.0,13957.0,13973.0,13998.0,14018.0,14032.0,14060.0,14079.0,14095.0,14108.0,14127.0,14136.0,14153.0,14177.0,14196.0,14224.0,14245.0,14258.0,14296.0,14325.0,14336.0,14358.0,14365.0,14388.0,14411.0,14430.0,14455.0,14480.0,14492.0,14508.0,14518.0,14538.0,14559.0,14573.0,14592.0,14605.0,14613.0,14630.0,14652.0,14663.0,14678.0,14692.0,14711.0,14735.0,14762.0,14780.0,14791.0,14803.0,14816.0,14824.0,14831.0,14843.0,14853.0,14861.0,14872.0,14887.0,14914.0,14925.0,14934.0,14945.0,14953.0,14962.0,14973.0,14987.0,14996.0,15007.0,15030.0,15034.0,15037.0,15039.0,15052.0,15065.0,15069.0,15081.0,15093.0,15105.0,15138.0,15158.0,15169.0,15175.0,15189.0,15201.0,15211.0,,,,,,,,,15301.0,15305.0,15312.0,15319.0,15331.0,15342.0,15351.0,15358.0,15365.0,15372.0,15381.0,15390.0,15394.0,15400.0,15411.0,15417.0,15421.0,15428.0,15444.0,15450.0,15455.0,15462.0,15468.0,15473.0,15477.0,15482.0,15483.0,15487.0,15490.0,15495.0,15500.0,15507.0,15514.0,15523.0,15531.0,15534.0,15537.0,15548.0,15557.0,15565.0,15570.0,15581.0,15588.0,15596.0,15607.0,15615.0,15643.0,15651.0,15660.0,15673.0,15678.0,15682.0,15694.0,15698.0,15702.0,15716.0,15725.0,15735.0,15743.0,15754.0,15764.0,15766.0,15779.0,15793.0,15796.0,15801.0,15806.0,15815.0,15818.0,15829.0,15837.0,15849.0,15851.0,15859.0,15866.0,15877.0,15884.0,15887.0,15894.0,15900.0,15906.0,15910.0,15915.0,15920.0,15925.0,15931.0,15940.0,15949.0,15954.0,15959.0,15963.0,15973.0,15976.0,15981.0,15986.0,15989.0,15991.0,15998.0,16005.0,16011.0,16016.0,16022.0,16028.0,16033.0,16040.0,16054.0,16062.0,16065.0,16073.0,16079.0,16087.0,16094.0,16099.0,16100.0,16107.0,16119.0,16125.0,16134.0,16147.0,16160.0,16164.0,,16188.0,16198.0,16208.0,16216.0,16231.0,16241.0,16251.0,16264.0,16280.0,16293.0,16304.0,16314.0,16320.0,16324.0,16329.0,16342.0,16355.0,16365.0,16376.0,16382.0,16386.0,16395.0,16408.0,16422.0,16433.0,16442.0,16447.0,16464.0,16477.0,16484.0,16489.0,16497.0,16506.0,16509.0,16517.0,16525.0,16540.0,16544.0,16555.0,16559.0,16567.0,16589.0,16599.0,16607.0,16611.0,16620.0,16633.0,16658.0,16665.0,16677.0,16683.0,16695.0,16703.0,16715.0,16721.0,16732.0,16743.0,16752.0,16761.0,16774.0,16800.0,16846.0,16853.0,16862.0,16870.0,16883.0,16894.0,16916.0,16932.0,16965.0,16985.0,17010.0,17038.0,17055.0,17067.0,17075.0,17084.0,17094.0,17101.0,17107.0,17112.0,17120.0,17131.0,17140.0,17157.0,17167.0,17184.0,17201.0,17208.0,17219.0,17234.0,17248.0,17265.0,17275.0,17291.0,17307.0,17327.0,17336.0,17342.0,17352.0,17358.0,17366.0,17383.0,17400.0,17414.0,17426.0,17438.0,17453.0,17479.0,17498.0,17520.0,17541.0,17565.0,17573
HnQ4oMwLTDk,1842379.0,1842648.0,1842929.0,1843238.0,1843524.0,1843842.0,1844210.0,1844504.0,1844812.0,1845091.0,1845406.0,1845712.0,1846078.0,1846463.0,1846825.0,1847147.0,1847463.0,1847774.0,1848136.0,1848473.0,1848811.0,1849186.0,1849490.0,1849813.0,1850096.0,1850335.0,1850633.0,1850923.0,1851267.0,1851609.0,1851896.0,1852152.0,1852410.0,1852719.0,1852976.0,1853297.0,1853574.0,1853952.0,1854228.0,1854589.0,1854879.0,1855135.0,1855456.0,1855715.0,1856016.0,1856304.0,1856600.0,1856894.0,1857159.0,1857460.0,1857722.0,1857985.0,1858216.0,1858460.0,1858701.0,1859000.0,1859256.0,1859517.0,1859779.0,1860037.0,1860339.0,1860636.0,1860911.0,1861176.0,1861402.0,1861644.0,1861873.0,1862145.0,1862391.0,1862664.0,1862951.0,1863201.0,1863477.0,1863698.0,1863929.0,1864241.0,1864526.0,1864783.0,1865050.0,1865287.0,1865526.0,1865769.0,1866060.0,1866341.0,1866609.0,1866888.0,1867108.0,1867322.0,1867589.0,1867876.0,1868133.0,1868447.0,1868685.0,1868966.0,1869198.0,1869491.0,1869711.0,1869950.0,1870255.0,1870579.0,1870918.0,1871190.0,1871432.0,1871679.0,1871947.0,1872201.0,1872430.0,1872693.0,1872950.0,1873217.0,1873470.0,1873699.0,1873955.0,1874239.0,1874543.0,1874827.0,1875112.0,1875410.0,1875709.0,1876006.0,1876284.0,1876581.0,1876858.0,1877114.0,1877373.0,1877671.0,1877953.0,1878259.0,1878513.0,1878760.0,1878968.0,1879189.0,1879516.0,1879807.0,,,,,,,,,1882379.0,1882633.0,1882882.0,1883165.0,1883439.0,1883673.0,1883944.0,1884180.0,1884437.0,1884700.0,1884922.0,1885168.0,1885480.0,1885725.0,1885943.0,1886180.0,1886385.0,1886680.0,1886931.0,1887256.0,1887542.0,1887852.0,1888153.0,1888482.0,1888855.0,1889143.0,1889413.0,1889689.0,1889897.0,1890128.0,1890401.0,1890690.0,1890921.0,1891131.0,1891329.0,1891541.0,1891772.0,1891988.0,1892288.0,1892605.0,1892902.0,1893125.0,1893351.0,1893579.0,1893901.0,1894221.0,1894470.0,1894763.0,1895016.0,1895276.0,1895526.0,1895838.0,1896120.0,1896406.0,1896710.0,1897028.0,1897274.0,1897520.0,1897798.0,1898116.0,1898395.0,1898624.0,1898834.0,1899074.0,1899294.0,1899502.0,1899768.0,1899994.0,1900160.0,1900402.0,1900582.0,1900794.0,1900997.0,1901255.0,1901476.0,1901711.0,1901985.0,1902265.0,1902493.0,1902768.0,1903024.0,1903308.0,1903566.0,1903802.0,1904037.0,1904250.0,1904475.0,1904778.0,1905075.0,1905336.0,1905646.0,1905917.0,1906152.0,1906419.0,1906658.0,1906899.0,1907127.0,1907355.0,1907545.0,1907752.0,1907966.0,1908158.0,1908414.0,1908608.0,1908809.0,1908992.0,1909186.0,1909416.0,1909692.0,1909913.0,1910135.0,1910352.0,1910568.0,1910743.0,1910933.0,1911110.0,1911301.0,1911467.0,1911702.0,1911930.0,1912137.0,,1912535.0,1912774.0,1912968.0,1913181.0,1913354.0,1913518.0,1913732.0,1913948.0,1914156.0,1914369.0,1914609.0,1914801.0,1914987.0,1915196.0,1915446.0,1915730.0,1915979.0,1916261.0,1916570.0,1916800.0,1917023.0,1917301.0,1917557.0,1917804.0,1918025.0,1918219.0,1918412.0,1918596.0,1918772.0,1919045.0,1919266.0,1919474.0,1919659.0,1919837.0,1920063.0,1920267.0,1920494.0,1920664.0,1920870.0,1921045.0,1921248.0,1921431.0,1921659.0,1921849.0,1922058.0,1922230.0,1922392.0,1922570.0,1922754.0,1922891.0,1923081.0,1923273.0,1923456.0,1923654.0,1923855.0,1924024.0,1924212.0,1924369.0,1924557.0,1924752.0,1924935.0,1925081.0,1925305.0,1925491.0,1925687.0,1925884.0,1926089.0,1926263.0,1926455.0,1926637.0,1926790.0,1926958.0,1927159.0,1927352.0,1927539.0,1927743.0,1927955.0,1928156.0,1928312.0,1928517.0,1928739.0,1928926.0,1929121.0,1929328.0,1929500.0,1929677.0,1929897.0,1930135.0,1930325.0,1930502.0,1930698.0,1930861.0,1931043.0,1931234.0,1931382.0,1931522.0,1931684.0,1931837.0,1931992.0,1932185.0,1932362.0,1932532.0,1932681.0,1932870.0,1933055.0,1933212.0,1933381.0,1933548.0,1933720.0,1933867.0,1934035.0,1934182.0,1934391.0,1934572
reu_QSVykhw,5072165.0,5072523.0,5072867.0,5073259.0,5073674.0,5074158.0,5074643.0,5075172.0,5075692.0,5076152.0,5076669.0,5077217.0,5077770.0,5078366.0,5079014.0,5079518.0,5080076.0,5080548.0,5081069.0,5081577.0,5082171.0,5082782.0,5083291.0,5083809.0,5084302.0,5084782.0,5085361.0,5085921.0,5086454.0,5087005.0,5087500.0,5087906.0,5088411.0,5088893.0,5089319.0,5089803.0,5090244.0,5090741.0,5091111.0,5091638.0,5092117.0,5092583.0,5093047.0,5093544.0,5094016.0,5094469.0,5094876.0,5095405.0,5095853.0,5096302.0,5096738.0,5097142.0,5097513.0,5097916.0,5098242.0,5098674.0,5099167.0,5099592.0,5099931.0,5100313.0,5100719.0,5101100.0,5101603.0,5102017.0,5102483.0,5102841.0,5103231.0,5103612.0,5103971.0,5104448.0,5104936.0,5105405.0,5105782.0,5106187.0,5106605.0,5107067.0,5107531.0,5108029.0,5108459.0,5108861.0,5109277.0,5109700.0,5110118.0,5110538.0,5110884.0,5111335.0,5111705.0,5112041.0,5112547.0,5113059.0,5113540.0,5114043.0,5114375.0,5114817.0,5115138.0,5115460.0,5115860.0,5116213.0,5116614.0,5117003.0,5117446.0,5117769.0,5118134.0,5118486.0,5118875.0,5119165.0,5119624.0,5119971.0,5120421.0,5120761.0,5121186.0,5121621.0,5121961.0,5122449.0,5123003.0,5123553.0,5124038.0,5124537.0,5125119.0,5125752.0,5126333.0,5126847.0,5127352.0,5127785.0,5128291.0,5128798.0,5129195.0,5129656.0,5130095.0,5130466.0,5130860.0,5131187.0,5131643.0,5132047.0,,,,,,,,,5135926.0,5136334.0,5136730.0,5137167.0,5137672.0,5138133.0,5138671.0,5139236.0,5139843.0,5140466.0,5141028.0,5141678.0,5142270.0,5142942.0,5143425.0,5144041.0,5144432.0,5144956.0,5145433.0,5145869.0,5146379.0,5146939.0,5147434.0,5147970.0,5148477.0,5148970.0,5149490.0,5149960.0,5150395.0,5150869.0,5151354.0,5151852.0,5152321.0,5152750.0,5153183.0,5153570.0,5153948.0,5154358.0,5154870.0,5155302.0,5155749.0,5156146.0,5156554.0,5156976.0,5157400.0,5157824.0,5158215.0,5158658.0,5159038.0,5159416.0,5159752.0,5160177.0,5160548.0,5160907.0,5161276.0,5161642.0,5161940.0,5162268.0,5162641.0,5163033.0,5163466.0,5163828.0,5164169.0,5164453.0,5164780.0,5165163.0,5165510.0,5165835.0,5166072.0,5166363.0,5166647.0,5166940.0,5167267.0,5167584.0,5167940.0,5168276.0,5168620.0,5168953.0,5169273.0,5169600.0,5169935.0,5170281.0,5170630.0,5170986.0,5171264.0,5171584.0,5171882.0,5172250.0,5172577.0,5172894.0,5173232.0,5173546.0,5173891.0,5174149.0,5174501.0,5174812.0,5175116.0,5175470.0,5175726.0,5176089.0,5176397.0,5176723.0,5177049.0,5177355.0,5177670.0,5177949.0,5178266.0,5178572.0,5178864.0,5179106.0,5179400.0,5179678.0,5179919.0,5180162.0,5180476.0,5180765.0,5181026.0,5181315.0,5181624.0,5181881.0,5182129.0,,5182611.0,5182876.0,5183146.0,5183385.0,5183611.0,5183854.0,5184135.0,5184364.0,5184652.0,5184957.0,5185244.0,5185518.0,5185686.0,5185935.0,5186203.0,5186557.0,5186914.0,5187250.0,5187556.0,5187889.0,5188219.0,5188550.0,5188922.0,5189227.0,5189541.0,5189781.0,5189998.0,5190246.0,5190560.0,5190820.0,5191123.0,5191415.0,5191653.0,5191921.0,5192206.0,5192423.0,5192704.0,5192998.0,5193258.0,5193535.0,5193869.0,5194192.0,5194482.0,5194771.0,5195070.0,5195391.0,5195715.0,5196011.0,5196307.0,5196571.0,5196849.0,5197071.0,5197364.0,5197693.0,5197974.0,5198257.0,5198599.0,5198922.0,5199200.0,5199478.0,5199701.0,5199951.0,5200210.0,5200509.0,5200804.0,5201100.0,5201354.0,5201594.0,5201855.0,5202127.0,5202380.0,5202623.0,5202861.0,5203112.0,5203361.0,5203641.0,5203878.0,5204181.0,5204469.0,5204723.0,5205023.0,5205289.0,5205512.0,5205751.0,5206021.0,5206278.0,5206527.0,5206773.0,5206987.0,5207183.0,5207414.0,5207619.0,5207812.0,5208032.0,5208218.0,5208371.0,5208530.0,5208750.0,5209034.0,5209280.0,5209527.0,5209736.0,5209960.0,5210162.0,5210340.0,5210524.0,5210757.0,5210960.0,5211149.0,5211323.0,5211517.0,5211677.0,5211861.0,5212100
KwiaIdH5eV4,189172.0,189250.0,189342.0,189424.0,189488.0,189548.0,189615.0,189697.0,189771.0,189847.0,189903.0,189967.0,190032.0,190138.0,190205.0,190300.0,190378.0,190436.0,190510.0,190574.0,190653.0,190723.0,190814.0,190881.0,190951.0,191037.0,191113.0,191179.0,191269.0,191358.0,191425.0,191526.0,191610.0,191677.0,191786.0,191865.0,191938.0,192005.0,192070.0,192158.0,192219.0,192291.0,192366.0,192445.0,192487.0,192524.0,192586.0,192649.0,192738.0,192810.0,192867.0,192919.0,192980.0,193028.0,193099.0,193185.0,193246.0,193311.0,193359.0,193417.0,193485.0,193547.0,193620.0,193683.0,193736.0,193783.0,193827.0,193876.0,193916.0,193981.0,194059.0,194114.0,194178.0,194261.0,194324.0,194410.0,194488.0,194543.0,194608.0,194676.0,194755.0,194834.0,194897.0,194983.0,195046.0,195116.0,195176.0,195258.0,195316.0,195390.0,195481.0,195574.0,195651.0,195730.0,195777.0,195852.0,195918.0,195989.0,196079.0,196148.0,196222.0,196284.0,196348.0,196411.0,196466.0,196525.0,196584.0,196612.0,196661.0,196709.0,196780.0,196857.0,196934.0,197009.0,197061.0,197100.0,197153.0,197219.0,197280.0,197350.0,197431.0,197492.0,197552.0,197607.0,197679.0,197738.0,197789.0,197850.0,197895.0,197932.0,197987.0,198048.0,198108.0,198178.0,,,,,,,,,198883.0,198936.0,198990.0,199058.0,199204.0,199355.0,199482.0,199611.0,199750.0,199951.0,200138.0,200334.0,200534.0,200855.0,201047.0,201259.0,201471.0,201605.0,201743.0,201824.0,201912.0,201969.0,202054.0,202127.0,202183.0,202235.0,202300.0,202380.0,202441.0,202504.0,202570.0,202636.0,202685.0,202737.0,202800.0,202844.0,202903.0,202966.0,203043.0,203117.0,203188.0,203240.0,203302.0,203365.0,203416.0,203491.0,203567.0,203660.0,203734.0,203800.0,203864.0,203924.0,204009.0,204106.0,204175.0,204238.0,204292.0,204363.0,204452.0,204541.0,204605.0,204664.0,204728.0,204786.0,204853.0,204931.0,205017.0,205096.0,205165.0,205243.0,205316.0,205389.0,205458.0,205540.0,205627.0,205730.0,205837.0,205934.0,206001.0,206077.0,206144.0,206193.0,206244.0,206310.0,206367.0,206426.0,206492.0,206561.0,206619.0,206707.0,206782.0,206837.0,206899.0,206962.0,207037.0,207103.0,207161.0,207214.0,207276.0,207341.0,207399.0,207445.0,207514.0,207571.0,207623.0,207688.0,207738.0,207804.0,207862.0,207939.0,207999.0,208048.0,208095.0,208135.0,208182.0,208221.0,208264.0,208311.0,208359.0,208396.0,208443.0,,208548.0,208607.0,208663.0,208725.0,208769.0,208816.0,208865.0,208909.0,208946.0,208988.0,209038.0,209075.0,209116.0,209155.0,209196.0,209231.0,209290.0,209336.0,209378.0,209424.0,209489.0,209533.0,209591.0,209651.0,209703.0,209760.0,209811.0,209851.0,209910.0,209952.0,209997.0,210042.0,210105.0,210141.0,210183.0,210229.0,210282.0,210339.0,210376.0,210416.0,210459.0,210508.0,210557.0,210615.0,210677.0,210724.0,210766.0,210795.0,210823.0,210854.0,210887.0,210919.0,210963.0,211000.0,211033.0,211069.0,211101.0,211144.0,211177.0,211207.0,211236.0,211262.0,211294.0,211336.0,211369.0,211405.0,211440.0,211472.0,211509.0,211556.0,211590.0,211614.0,211646.0,211700.0,211750.0,211786.0,211858.0,211967.0,212070.0,212174.0,212267.0,212362.0,212466.0,212554.0,212637.0,212727.0,212800.0,212881.0,212966.0,213057.0,213156.0,213246.0,213322.0,213392.0,213482.0,213572.0,213676.0,213746.0,213829.0,213898.0,213971.0,214054.0,214164.0,214277.0,214462.0,214602.0,214747.0,214868.0,214974.0,215080.0,215184.0,215256.0,215341.0,215431
s2ud__lLgU0,8867.0,8867.0,8868.0,8868.0,8869.0,8870.0,8870.0,8872.0,8876.0,8876.0,8876.0,8877.0,8877.0,8877.0,8877.0,8877.0,8877.0,8878.0,8878.0,8878.0,8878.0,8878.0,8878.0,8879.0,8880.0,8880.0,8880.0,8880.0,8880.0,8880.0,8881.0,8881.0,8881.0,8881.0,8883.0,8883.0,8883.0,8884.0,8885.0,8885.0,8885.0,8885.0,8885.0,8885.0,8885.0,8885.0,8885.0,8885.0,8885.0,8886.0,8886.0,8886.0,8886.0,8886.0,8886.0,8888.0,8888.0,8889.0,8889.0,8890.0,8890.0,8890.0,8890.0,8891.0,8891.0,8892.0,8892.0,8892.0,8892.0,8892.0,8892.0,8893.0,8893.0,8894.0,8895.0,8895.0,8895.0,8895.0,8895.0,8895.0,8895.0,8895.0,8895.0,8895.0,8895.0,8895.0,8895.0,8895.0,8896.0,8896.0,8897.0,8897.0,8897.0,8897.0,8898.0,8899.0,8899.0,8899.0,8900.0,8900.0,8903.0,8903.0,8907.0,8908.0,8908.0,8909.0,8910.0,8910.0,8910.0,8910.0,8911.0,8911.0,8911.0,8912.0,8913.0,8913.0,8914.0,8914.0,8914.0,8915.0,8915.0,8916.0,8917.0,8917.0,8917.0,8917.0,8917.0,8917.0,8918.0,8920.0,8920.0,8920.0,8920.0,8920.0,,,,,,,,,8923.0,8923.0,8923.0,8923.0,8923.0,8923.0,8923.0,8925.0,8924.0,8924.0,8924.0,8924.0,8925.0,8925.0,8925.0,8925.0,8925.0,8926.0,8927.0,8927.0,8927.0,8927.0,8927.0,8927.0,8927.0,8927.0,8927.0,8927.0,8927.0,8927.0,8927.0,8928.0,8929.0,8930.0,8931.0,8931.0,8931.0,8931.0,8932.0,8932.0,8932.0,8932.0,8932.0,8932.0,8932.0,8932.0,8932.0,8932.0,8932.0,8932.0,8932.0,8932.0,8932.0,8932.0,8932.0,8932.0,8932.0,8932.0,8932.0,8932.0,8933.0,8933.0,8933.0,8933.0,8933.0,8933.0,8933.0,8933.0,8933.0,8935.0,8935.0,8935.0,8936.0,8936.0,8936.0,8936.0,8936.0,8936.0,8936.0,8936.0,8936.0,8936.0,8936.0,8936.0,8937.0,8937.0,8937.0,8937.0,8937.0,8937.0,8937.0,8937.0,8937.0,8937.0,8937.0,8937.0,8937.0,8937.0,8937.0,8937.0,8938.0,8938.0,8938.0,8940.0,8940.0,8940.0,8940.0,8940.0,8940.0,8941.0,8941.0,8941.0,8943.0,8943.0,8943.0,8943.0,8943.0,8943.0,8943.0,8944.0,8946.0,,8946.0,8946.0,8947.0,8949.0,8949.0,8949.0,8949.0,8950.0,8950.0,8952.0,8952.0,8952.0,8952.0,8952.0,8952.0,8952.0,8952.0,8952.0,8952.0,8953.0,8954.0,8954.0,8954.0,8955.0,8955.0,8955.0,8955.0,8955.0,8955.0,8956.0,8956.0,8956.0,8956.0,8957.0,8958.0,8959.0,8959.0,8959.0,8959.0,8959.0,8959.0,8960.0,8960.0,8960.0,8960.0,8960.0,8961.0,8961.0,8962.0,8962.0,8962.0,8963.0,8963.0,8965.0,8965.0,8965.0,8965.0,8965.0,8965.0,8967.0,8967.0,8967.0,8967.0,8967.0,8968.0,8972.0,8972.0,8972.0,8972.0,8973.0,8975.0,8975.0,8975.0,8975.0,8975.0,8975.0,8975.0,8975.0,8976.0,8977.0,8977.0,8977.0,8978.0,8978.0,8980.0,8980.0,8980.0,8980.0,8980.0,8980.0,8980.0,8980.0,8980.0,8981.0,8984.0,8986.0,8986.0,8986.0,8987.0,8988.0,8990.0,8990.0,8991.0,8991.0,8991.0,8991.0,8992.0,8992.0,8992.0,8992.0,8993.0,8994.0,8996.0,8998
IjTc_6KVq6g,1513533.0,1513533.0,1513533.0,1513533.0,1513533.0,1513533.0,1513533.0,1513533.0,1513533.0,1513533.0,1513533.0,1513533.0,1513533.0,1513533.0,1513533.0,1513533.0,1513533.0,1513533.0,1513533.0,1513533.0,1513533.0,1513533.0,1513533.0,1513533.0,1513533.0,1513533.0,1513533.0,1513533.0,1513533.0,1513533.0,1513533.0,1513533.0,1513533.0,1513533.0,1513533.0,1513533.0,1513533.0,1513533.0,1513533.0,1513533.0,1513533.0,1513533.0,1513533.0,1513533.0,1513533.0,1513533.0,1513533.0,1513533.0,1513533.0,1513533.0,1513533.0,1513533.0,1513533.0,1513533.0,1513533.0,1513533.0,1513533.0,1513533.0,1513533.0,1513533.0,1513533.0,1513533.0,1513533.0,1513533.0,1513533.0,1513533.0,1513533.0,1513533.0,1513533.0,1513533.0,1513533.0,1513533.0,1513533.0,1513533.0,1513533.0,1513533.0,1513533.0,1513533.0,1513533.0,1513533.0,1513533.0,1513533.0,1513533.0,1513533.0,1513533.0,1513533.0,1513533.0,1513533.0,1513533.0,1513533.0,1513533.0,1513533.0,1513533.0,1513533.0,1513533.0,1513533.0,1513533.0,1513533.0,1513533.0,1513533.0,1513533.0,1513533.0,1513533.0,1513533.0,1513533.0,1513533.0,1513533.0,1513533.0,1513533.0,1513533.0,1513533.0,1513533.0,1513533.0,1513533.0,1513533.0,1513533.0,1513533.0,1513533.0,1513533.0,1513533.0,1513533.0,1513533.0,1513533.0,1513533.0,1513533.0,1513533.0,1513533.0,1513533.0,1513533.0,1513533.0,1513533.0,1513533.0,1513533.0,1513533.0,,,,,,,,,1513533.0,1513533.0,1513533.0,1513533.0,1513533.0,1513533.0,1513533.0,1513533.0,1513533.0,1513533.0,1513533.0,1513533.0,1513533.0,1513533.0,1513533.0,1513533.0,1513533.0,1513533.0,1513533.0,1513533.0,1513533.0,1513533.0,1513533.0,1513533.0,1513533.0,1513533.0,1513533.0,1513533.0,1513533.0,1513533.0,1513533.0,1513533.0,1513533.0,1513533.0,1513533.0,1513533.0,1513533.0,1513533.0,1513533.0,1513533.0,1513533.0,1513533.0,1513533.0,1513533.0,1513533.0,1513533.0,1513533.0,1513533.0,1513533.0,1513533.0,1513533.0,1513533.0,1513533.0,1513533.0,1513533.0,1513533.0,1513533.0,1513533.0,1513533.0,1513533.0,1513533.0,1513533.0,1513533.0,1513533.0,1513533.0,1513533.0,1513533.0,1513533.0,1513533.0,1513533.0,1513533.0,1513533.0,1513533.0,1513533.0,1513533.0,1513533.0,1513533.0,1513533.0,1513533.0,1513533.0,1513533.0,1513533.0,1513533.0,1513533.0,1513533.0,1513533.0,1513533.0,1513533.0,1513533.0,1513533.0,1513533.0,1513533.0,1513533.0,1513533.0,1513533.0,1513533.0,1513533.0,1513533.0,1513533.0,1513533.0,1513533.0,1513533.0,1513533.0,1513533.0,1513533.0,1513533.0,1513533.0,1513533.0,1513533.0,1513533.0,1513533.0,1513533.0,1513533.0,1513533.0,1513533.0,1513533.0,1513533.0,1513533.0,1513533.0,1513533.0,1513533.0,,1513533.0,1513533.0,1513533.0,1513533.0,1513533.0,1513533.0,1513533.0,1513533.0,1513533.0,1513533.0,1513533.0,1513533.0,1513533.0,1513533.0,1513533.0,1513533.0,1513533.0,1513533.0,1513533.0,1513533.0,1513533.0,1513533.0,1513533.0,1513533.0,1513533.0,1513533.0,1513533.0,1513533.0,1513533.0,1513533.0,1513533.0,1513533.0,1513533.0,1513533.0,1513533.0,1513533.0,1513533.0,1513533.0,1513533.0,1513533.0,1513533.0,1513533.0,1513533.0,1513533.0,1513533.0,1513533.0,1513533.0,1513533.0,1513533.0,1513533.0,1513533.0,1513533.0,1513533.0,1513533.0,1513533.0,1513533.0,1513533.0,1513533.0,1513533.0,1513533.0,1513533.0,1513533.0,1513533.0,1513533.0,1513533.0,1513533.0,1513533.0,1513533.0,1513533.0,1513533.0,1513533.0,1513533.0,1513533.0,1513533.0,1513533.0,1513533.0,1513533.0,1513533.0,1513533.0,1513533.0,1513533.0,1513533.0,1513533.0,1513533.0,1513533.0,1513533.0,1513533.0,1513533.0,1513533.0,1513533.0,1513533.0,1513533.0,1513533.0,1513533.0,1513533.0,1513533.0,1513533.0,1513533.0,1513533.0,1513533.0,1513533.0,1513533.0,1513533.0,1513533.0,1513533.0,1513533.0,1513533.0,1513533.0,1513533.0,1513533.0,1513533.0,1513533.0,1513533.0,1513533
n1b74Poei_M,1576919.0,1576919.0,1576919.0,1576919.0,1576919.0,1576919.0,1576919.0,1576919.0,1576919.0,1576919.0,1576919.0,1576919.0,1576919.0,1576919.0,1576919.0,1576919.0,1576919.0,1576919.0,1576919.0,1576919.0,1576919.0,1576919.0,1576919.0,1576919.0,1576919.0,1576919.0,1576919.0,1576919.0,1576919.0,1576919.0,1576919.0,1576919.0,1576919.0,1576919.0,1576919.0,1576919.0,1576919.0,1576919.0,1576919.0,1576919.0,1576919.0,1576919.0,1576919.0,1576919.0,1576919.0,1576919.0,1576919.0,1576919.0,1576919.0,1576919.0,1576919.0,1576919.0,1576919.0,1576919.0,1576919.0,1576919.0,1576919.0,1576919.0,1576919.0,1576919.0,1576919.0,1576919.0,1576919.0,1576919.0,1576919.0,1576919.0,1576919.0,1576919.0,1576919.0,1576919.0,1576919.0,1576919.0,1576919.0,1576919.0,1576919.0,1576919.0,1576919.0,1576919.0,1576919.0,1576919.0,1576919.0,1576919.0,1576919.0,1576919.0,1576919.0,1576919.0,1576919.0,1576919.0,1576919.0,1576919.0,1576919.0,1576919.0,1576919.0,1576919.0,1576919.0,1576919.0,1576919.0,1576919.0,1576919.0,1576919.0,1576919.0,1576919.0,1576919.0,1576919.0,1576919.0,1576919.0,1576919.0,1576919.0,1576919.0,1576919.0,1576919.0,1576919.0,1576919.0,1576919.0,1576919.0,1576919.0,1576919.0,1576919.0,1576919.0,1576919.0,1576919.0,1576919.0,1576919.0,1576919.0,1576919.0,1576919.0,1576919.0,1576919.0,1576919.0,1576919.0,1576919.0,1576919.0,1576919.0,1576919.0,,,,,,,,,1576919.0,1576919.0,1576919.0,1576919.0,1576919.0,1576919.0,1576919.0,1576919.0,1576919.0,1576919.0,1576919.0,1576919.0,1576919.0,1576919.0,1576919.0,1576919.0,1576919.0,1576919.0,1576919.0,1576919.0,1576919.0,1576919.0,1576919.0,1576919.0,1576919.0,1576919.0,1576919.0,1576919.0,1576919.0,1576919.0,1576919.0,1576919.0,1576919.0,1576919.0,1576919.0,1576919.0,1576919.0,1576919.0,1576919.0,1576919.0,1576919.0,1576919.0,1576919.0,1576919.0,1576919.0,1576919.0,1576919.0,1576919.0,1576919.0,1576919.0,1576919.0,1576919.0,1576919.0,1576919.0,1576919.0,1576919.0,1576919.0,1576919.0,1576919.0,1576919.0,1576919.0,1576919.0,1576919.0,1576919.0,1576919.0,1576919.0,1576919.0,1576919.0,1576919.0,1576919.0,1576919.0,1576919.0,1576919.0,1576919.0,1576919.0,1576919.0,1576919.0,1576919.0,1576919.0,1576919.0,1576919.0,1576919.0,1576919.0,1576919.0,1576919.0,1576919.0,1576919.0,1576919.0,1576919.0,1576919.0,1576919.0,1576919.0,1576919.0,1576919.0,1576919.0,1576919.0,1576919.0,1576919.0,1576919.0,1576919.0,1576919.0,1576919.0,1576919.0,1576919.0,1576919.0,1576919.0,1576919.0,1576919.0,1576919.0,1576919.0,1576919.0,1576919.0,1576919.0,1576919.0,1576919.0,1576919.0,1576919.0,1576919.0,1576919.0,1576919.0,1576919.0,,1576919.0,1576919.0,1576919.0,1576919.0,1576919.0,1576919.0,1576919.0,1576919.0,1576919.0,1576919.0,1576919.0,1576919.0,1576919.0,1576919.0,1576919.0,1576919.0,1576919.0,1576919.0,1576919.0,1576919.0,1576919.0,1576919.0,1576919.0,1576919.0,1576919.0,1576919.0,1576919.0,1576919.0,1576919.0,1576919.0,1576919.0,1576919.0,1576919.0,1576919.0,1576919.0,1576919.0,1576919.0,1576919.0,1576919.0,1576919.0,1576919.0,1576919.0,1576919.0,1576919.0,1576919.0,1576919.0,1576919.0,1576919.0,1576919.0,1576919.0,1576919.0,1576919.0,1576919.0,1576919.0,1576919.0,1576919.0,1576919.0,1576919.0,1576919.0,1576919.0,1576919.0,1576919.0,1576919.0,1576919.0,1576919.0,1576919.0,1576919.0,1576919.0,1576919.0,1576919.0,1576919.0,1576919.0,1576919.0,1576919.0,1576919.0,1576919.0,1576919.0,1576919.0,1576919.0,1576919.0,1576919.0,1576919.0,1576919.0,1576919.0,1576919.0,1576919.0,1576919.0,1576919.0,1576919.0,1576919.0,1576919.0,1576919.0,1576919.0,1576919.0,1576919.0,1576919.0,1576919.0,1576919.0,1576919.0,1576919.0,1576919.0,1576919.0,1576919.0,1576919.0,1576919.0,1576919.0,1576919.0,1576919.0,1576919.0,1576919.0,1576919.0,1576919.0,1576919.0,1576919
ef4hQSqHR8c,8164433.0,8169756.0,8175674.0,8181108.0,8188265.0,8194774.0,8201093.0,8208331.0,8216281.0,8223728.0,8230705.0,8237421.0,8245147.0,8252847.0,8260322.0,8267834.0,8275440.0,8282201.0,8290024.0,8297752.0,8305497.0,8313433.0,8322378.0,8329703.0,8336168.0,8342668.0,8349006.0,8355729.0,8362044.0,8368715.0,8375907.0,8382189.0,8389709.0,8397053.0,8404400.0,8410783.0,8417996.0,8424827.0,8430407.0,8436595.0,8442542.0,8448701.0,8454762.0,8461360.0,8468031.0,8473726.0,8479725.0,8486096.0,8492268.0,8498696.0,8505073.0,8511512.0,8517549.0,8523414.0,8529015.0,8534685.0,8540382.0,8546347.0,8552908.0,8558573.0,8564124.0,8569754.0,8575741.0,8581575.0,8587580.0,8593284.0,8598435.0,8604265.0,8609442.0,8615856.0,8621985.0,8627842.0,8633359.0,8638656.0,8645141.0,8651294.0,8657450.0,8663295.0,8669560.0,8675578.0,8680931.0,8686771.0,8693085.0,8699794.0,8705990.0,8711962.0,8717533.0,8722270.0,8727475.0,8732850.0,8738671.0,8745201.0,8752268.0,8758940.0,8765039.0,8772030.0,8778578.0,8784614.0,8790632.0,8797020.0,8802245.0,8807164.0,8812305.0,8816913.0,8821380.0,8825637.0,8829706.0,8833495.0,8836994.0,8841266.0,8845780.0,8850243.0,8854726.0,8859011.0,8863344.0,8867079.0,8871799.0,8876548.0,8881935.0,8887568.0,8892344.0,8896910.0,8900718.0,8904871.0,8909075.0,8913700.0,8917910.0,8922575.0,8926638.0,8930332.0,8934084.0,8937849.0,8941914.0,8946562.0,,,,,,,,,8983016.0,8986454.0,8989593.0,8993206.0,8996778.0,9000360.0,9003883.0,9007344.0,9010801.0,9014142.0,9017726.0,9021270.0,9025588.0,9030015.0,9033564.0,9036414.0,9040734.0,9045052.0,9048576.0,9052279.0,9056370.0,9060420.0,9064185.0,9068118.0,9071844.0,9075614.0,9079545.0,9083681.0,9087502.0,9091086.0,9095395.0,9099608.0,9103754.0,9107529.0,9111601.0,9115190.0,9118520.0,9122110.0,9126102.0,9129823.0,9133859.0,9138082.0,9141922.0,9145158.0,9149066.0,9152925.0,9157004.0,9161136.0,9165482.0,9169281.0,9172608.0,9176455.0,9180267.0,9184254.0,9188094.0,9191948.0,9195637.0,9199001.0,9203036.0,9206751.0,9210485.0,9213551.0,9216924.0,9220167.0,9223289.0,9227145.0,9231139.0,9235143.0,9238014.0,9241611.0,9245151.0,9248348.0,9252182.0,9256192.0,9260029.0,9264045.0,9268372.0,9271987.0,9275227.0,9279156.0,9282955.0,9286131.0,9289843.0,9294099.0,9297682.0,9300864.0,9304307.0,9307764.0,9311285.0,9314880.0,9318521.0,9321939.0,9325460.0,9330422.0,9334870.0,9339452.0,9343695.0,9347833.0,9352072.0,9355706.0,9359850.0,9364067.0,9368627.0,9372858.0,9376767.0,9380561.0,9383838.0,9387777.0,9391757.0,9395766.0,9399490.0,9403373.0,9406506.0,9409494.0,9412350.0,9415204.0,9417719.0,9421032.0,9424404.0,9427017.0,9429430.0,,9434810.0,9437816.0,9440824.0,9443735.0,9446478.0,9449076.0,9451448.0,9454089.0,9457087.0,9459921.0,9462837.0,9465419.0,9467754.0,9470409.0,9472810.0,9475953.0,9478886.0,9481802.0,9484539.0,9486972.0,9489902.0,9492826.0,9495787.0,9498658.0,9501611.0,9504149.0,9506535.0,9509121.0,9511708.0,9514501.0,9516830.0,9519710.0,9522113.0,9524082.0,9526256.0,9528841.0,9531247.0,9533946.0,9536459.0,9538914.0,9541356.0,9543852.0,9546619.0,9549524.0,9551845.0,9555177.0,9558376.0,9561304.0,9564343.0,9567947.0,9571497.0,9575162.0,9579255.0,9583657.0,9587531.0,9591510.0,9595528.0,9599808.0,9603843.0,9608334.0,9612494.0,9616306.0,9621005.0,9626044.0,9631191.0,9636027.0,9639821.0,9643745.0,9647189.0,9651189.0,9654776.0,9659187.0,9663666.0,9668642.0,9673688.0,9678279.0,9683196.0,9687973.0,9692819.0,9698101.0,9703193.0,9707843.0,9711964.0,9716727.0,9721462.0,9725753.0,9730041.0,9734993.0,9739762.0,9744052.0,9748278.0,9752810.0,9756897.0,9760873.0,9765491.0,9769472.0,9772812.0,9776875.0,9780838.0,9784368.0,9788312.0,9792541.0,9796364.0,9799704.0,9803580.0,9807687.0,9811747.0,9816127.0,9820088.0,9824122.0,9827417.0,9831076.0,9835123.0,9839003
f-FIRwhC7Go,3144506.0,3144697.0,3144933.0,3145266.0,3145624.0,3146023.0,3146378.0,3146774.0,3147192.0,3147567.0,3148000.0,3148360.0,3148790.0,3149201.0,3149717.0,3150178.0,3150655.0,3151101.0,3151589.0,3152093.0,3152607.0,3153067.0,3153505.0,3154057.0,3154557.0,3155046.0,3155553.0,3156017.0,3156513.0,3157089.0,3157714.0,3158296.0,3158797.0,3159240.0,3159747.0,3160226.0,3160752.0,3161363.0,3162004.0,3162463.0,3163242.0,3163780.0,3164348.0,3164992.0,3165533.0,3166080.0,3166630.0,3167143.0,3167711.0,3168350.0,3168928.0,3169445.0,3169782.0,3170193.0,3170519.0,3170964.0,3171349.0,3171781.0,3172167.0,3172624.0,3173034.0,3173487.0,3173974.0,3174452.0,3174846.0,3175354.0,3175756.0,3176191.0,3176674.0,3177277.0,3177758.0,3178278.0,3178615.0,3179098.0,3179479.0,3179822.0,3180232.0,3180667.0,3181317.0,3181847.0,3182289.0,3182606.0,3182916.0,3183317.0,3183626.0,3183918.0,3184263.0,3184578.0,3184859.0,3185222.0,3185488.0,3185873.0,3186198.0,3186580.0,3186960.0,3187430.0,3187726.0,3188042.0,3188295.0,3188589.0,3188878.0,3189225.0,3189494.0,3189711.0,3189971.0,3190212.0,3190528.0,3190778.0,3191087.0,3191312.0,3191584.0,3191911.0,3192156.0,3192492.0,3192801.0,3193128.0,3193424.0,3193788.0,3194158.0,3194500.0,3194804.0,3195117.0,3195456.0,3195748.0,3196096.0,3196524.0,3196847.0,3197292.0,3197654.0,3197993.0,3198318.0,3198576.0,3198845.0,3199168.0,,,,,,,,,3202408.0,3202776.0,3203167.0,3203527.0,3203982.0,3204314.0,3204736.0,3205130.0,3205845.0,3206495.0,3207042.0,3207719.0,3208299.0,3208899.0,3209768.0,3210530.0,3211527.0,3212653.0,3213828.0,3214491.0,3214880.0,3215356.0,3215768.0,3216254.0,3216778.0,3217143.0,3217704.0,3218317.0,3218887.0,3219481.0,3220092.0,3220614.0,3221081.0,3221677.0,3222206.0,3222826.0,3223366.0,3223868.0,3224366.0,3224817.0,3225373.0,3225849.0,3226436.0,3226928.0,3227401.0,3227953.0,3228314.0,3228793.0,3229213.0,3229670.0,3230065.0,3230418.0,3230823.0,3231226.0,3231637.0,3232028.0,3232448.0,3232879.0,3233250.0,3233622.0,3234093.0,3234450.0,3234797.0,3235217.0,3235657.0,3236008.0,3236410.0,3236773.0,3237220.0,3237667.0,3238111.0,3238489.0,3238836.0,3239305.0,3239806.0,3240169.0,3240719.0,3241285.0,3241675.0,3242106.0,3242610.0,3242873.0,3243298.0,3243691.0,3244072.0,3244414.0,3244718.0,3245061.0,3245391.0,3245824.0,3246180.0,3246530.0,3246839.0,3247162.0,3247519.0,3247852.0,3248227.0,3248561.0,3248893.0,3249259.0,3249615.0,3249918.0,3250221.0,3250576.0,3250902.0,3251129.0,3251431.0,3251742.0,3252060.0,3252351.0,3252608.0,3252886.0,3253181.0,3253487.0,3253822.0,3254105.0,3254385.0,3254746.0,3255038.0,3255352.0,3255609.0,,3256195.0,3256458.0,3256744.0,3257058.0,3257346.0,3257622.0,3257943.0,3258207.0,3258436.0,3258620.0,3258893.0,3259198.0,3259441.0,3259740.0,3260044.0,3260285.0,3260606.0,3260883.0,3261169.0,3261431.0,3261695.0,3261911.0,3262191.0,3262466.0,3262685.0,3262965.0,3263205.0,3263429.0,3263680.0,3263884.0,3264136.0,3264394.0,3264701.0,3264919.0,3265184.0,3265424.0,3265657.0,3265829.0,3266073.0,3266326.0,3266575.0,3266792.0,3266984.0,3267193.0,3267412.0,3267621.0,3267855.0,3268096.0,3268331.0,3268597.0,3268835.0,3269103.0,3269413.0,3269774.0,3270073.0,3270330.0,3270637.0,3270925.0,3271215.0,3271496.0,3271786.0,3271991.0,3272263.0,3272487.0,3272700.0,3272939.0,3273271.0,3273530.0,3273808.0,3274139.0,3274403.0,3274623.0,3274908.0,3275254.0,3275666.0,3275997.0,3276310.0,3276627.0,3276945.0,3277223.0,3277492.0,3277803.0,3278129.0,3278415.0,3278680.0,3278985.0,3279280.0,3279605.0,3279959.0,3280250.0,3280565.0,3280862.0,3281135.0,3281360.0,3281654.0,3281922.0,3282171.0,3282474.0,3282743.0,3283016.0,3283274.0,3283519.0,3283739.0,3284045.0,3284271.0,3284524.0,3284825.0,3285048.0,3285288.0,3285499.0,3285752.0,3285973.0,3286226.0,3286405
X7Jisf8DhDo,30340.0,30343.0,30349.0,30360.0,30364.0,30374.0,30378.0,30383.0,30386.0,30392.0,30398.0,30401.0,30410.0,30413.0,30419.0,30423.0,30427.0,30429.0,30434.0,30438.0,30443.0,30444.0,30449.0,30453.0,30455.0,30462.0,30470.0,30472.0,30476.0,30481.0,30488.0,30492.0,30495.0,30498.0,30502.0,30508.0,30522.0,30529.0,30538.0,30543.0,30549.0,30556.0,30566.0,30568.0,30576.0,30580.0,30585.0,30589.0,30595.0,30602.0,30616.0,30627.0,30630.0,30637.0,30643.0,30645.0,30647.0,30655.0,30663.0,30671.0,30677.0,30679.0,30685.0,30689.0,30694.0,30699.0,30706.0,30716.0,30722.0,30727.0,30729.0,30743.0,30745.0,30750.0,30754.0,30757.0,30763.0,30766.0,30770.0,30774.0,30781.0,30786.0,30792.0,30796.0,30797.0,30801.0,30808.0,30816.0,30818.0,30822.0,30822.0,30829.0,30837.0,30839.0,30844.0,30847.0,30850.0,30854.0,30861.0,30862.0,30868.0,30870.0,30871.0,30874.0,30878.0,30883.0,30892.0,30901.0,30908.0,30919.0,30921.0,30927.0,30928.0,30932.0,30938.0,30946.0,30949.0,30952.0,30955.0,30957.0,30960.0,30969.0,30974.0,30977.0,30978.0,30979.0,30981.0,30985.0,30989.0,30991.0,30992.0,30993.0,30999.0,31001.0,,,,,,,,,31038.0,31043.0,31048.0,31051.0,31054.0,31062.0,31063.0,31072.0,31073.0,31076.0,31079.0,31080.0,31082.0,31084.0,31087.0,31091.0,31094.0,31095.0,31096.0,31100.0,31105.0,31107.0,31110.0,31110.0,31111.0,31114.0,31117.0,31124.0,31128.0,31133.0,31136.0,31143.0,31154.0,31158.0,31163.0,31168.0,31171.0,31172.0,31176.0,31179.0,31183.0,31187.0,31190.0,31192.0,31193.0,31193.0,31194.0,31199.0,31209.0,31212.0,31215.0,31217.0,31224.0,31225.0,31231.0,31235.0,31238.0,31241.0,31245.0,31246.0,31247.0,31249.0,31252.0,31254.0,31261.0,31265.0,31267.0,31270.0,31273.0,31278.0,31285.0,31288.0,31291.0,31298.0,31303.0,31307.0,31310.0,31313.0,31320.0,31324.0,31329.0,31332.0,31336.0,31345.0,31350.0,31356.0,31360.0,31365.0,31370.0,31374.0,31382.0,31388.0,31392.0,31393.0,31396.0,31397.0,31399.0,31403.0,31409.0,31413.0,31417.0,31427.0,31431.0,31432.0,31436.0,31439.0,31473.0,31475.0,31477.0,31457.0,31461.0,31466.0,31471.0,31475.0,31477.0,31486.0,31489.0,31490.0,31498.0,31500.0,31502.0,,31512.0,31518.0,31520.0,31523.0,31526.0,31530.0,31530.0,31533.0,31534.0,31538.0,31541.0,31544.0,31544.0,31548.0,31552.0,31555.0,31558.0,31561.0,31572.0,31574.0,31579.0,31581.0,31583.0,31586.0,31588.0,31593.0,31594.0,31597.0,31601.0,31604.0,31606.0,31607.0,31613.0,31618.0,31621.0,31623.0,31623.0,31625.0,31627.0,31630.0,31634.0,31636.0,31639.0,31640.0,31644.0,31649.0,31651.0,31654.0,31659.0,31666.0,31675.0,31680.0,31688.0,31692.0,31696.0,31700.0,31701.0,31705.0,31706.0,31710.0,31713.0,31720.0,31722.0,31724.0,31727.0,31730.0,31732.0,31734.0,31737.0,31739.0,31741.0,31744.0,31744.0,31748.0,31752.0,31754.0,31756.0,31758.0,31764.0,31766.0,31770.0,31772.0,31774.0,31779.0,31780.0,31783.0,31783.0,31785.0,31785.0,31789.0,31793.0,31796.0,31799.0,31803.0,31806.0,31813.0,31815.0,31818.0,31820.0,31826.0,31827.0,31827.0,31829.0,31837.0,31837.0,31838.0,31840.0,31842.0,31844.0,31847.0,31848.0,31852.0,31855.0,31855
T2CIz6r1gDU,61550.0,61553.0,61557.0,61557.0,61561.0,61561.0,61563.0,61566.0,61568.0,61569.0,61569.0,61571.0,61574.0,61576.0,61580.0,61581.0,61582.0,61587.0,61591.0,61593.0,61594.0,61599.0,61603.0,61608.0,61611.0,61612.0,61615.0,61617.0,61618.0,61618.0,61619.0,61620.0,61621.0,61625.0,61627.0,61630.0,61631.0,61633.0,61634.0,61634.0,61635.0,61639.0,61641.0,61644.0,61646.0,61648.0,61652.0,61655.0,61659.0,61661.0,61663.0,61666.0,61670.0,61671.0,61675.0,61679.0,61680.0,61683.0,61686.0,61688.0,61688.0,61688.0,61690.0,61695.0,61697.0,61699.0,61702.0,61702.0,61703.0,61708.0,61708.0,61716.0,61718.0,61718.0,61724.0,61725.0,61729.0,61731.0,61734.0,61734.0,61738.0,61742.0,61751.0,61755.0,61758.0,61762.0,61763.0,61767.0,61775.0,61784.0,61789.0,61799.0,61802.0,61803.0,61806.0,61807.0,61810.0,61811.0,61817.0,61826.0,61829.0,61833.0,61834.0,61840.0,61842.0,61846.0,61853.0,61859.0,61866.0,61870.0,61873.0,61877.0,61879.0,61880.0,61883.0,61888.0,61895.0,61897.0,61897.0,61899.0,61899.0,61902.0,61902.0,61905.0,61906.0,61908.0,61910.0,61911.0,61914.0,61917.0,61919.0,61921.0,61924.0,61926.0,,,,,,,,,61948.0,61950.0,61952.0,61953.0,61954.0,61960.0,61961.0,61962.0,61967.0,61967.0,61968.0,61969.0,61969.0,61973.0,61976.0,61976.0,61978.0,61979.0,61980.0,61985.0,61987.0,61992.0,61994.0,61994.0,61995.0,61996.0,61996.0,61996.0,61999.0,61999.0,62001.0,62002.0,62004.0,62005.0,62006.0,62006.0,62010.0,62010.0,62011.0,62011.0,62012.0,62016.0,62016.0,62018.0,62021.0,62022.0,62022.0,62022.0,62025.0,62027.0,62027.0,62029.0,62034.0,62034.0,62036.0,62037.0,62039.0,62040.0,62040.0,62040.0,62041.0,62043.0,62043.0,62043.0,62048.0,62049.0,62052.0,62053.0,62054.0,62055.0,62057.0,62058.0,62059.0,62059.0,62059.0,62061.0,62062.0,62062.0,62063.0,62065.0,62067.0,62069.0,62070.0,62074.0,62074.0,62076.0,62080.0,62081.0,62083.0,62086.0,62087.0,62089.0,62093.0,62094.0,62094.0,62094.0,62094.0,62095.0,62100.0,62102.0,62103.0,62106.0,62111.0,62112.0,62116.0,62117.0,62117.0,62119.0,62121.0,62124.0,62125.0,62126.0,62127.0,62129.0,62129.0,62131.0,62133.0,62133.0,62135.0,62140.0,62144.0,,62147.0,62149.0,62152.0,62158.0,62162.0,62162.0,62163.0,62164.0,62165.0,62166.0,62166.0,62166.0,62169.0,62172.0,62172.0,62173.0,62174.0,62175.0,62178.0,62178.0,62178.0,62179.0,62180.0,62180.0,62181.0,62182.0,62182.0,62183.0,62185.0,62186.0,62187.0,62187.0,62188.0,62189.0,62192.0,62195.0,62199.0,62204.0,62205.0,62207.0,62207.0,62207.0,62207.0,62207.0,62210.0,62212.0,62213.0,62216.0,62216.0,62216.0,62219.0,62222.0,62222.0,62223.0,62226.0,62228.0,62230.0,62230.0,62230.0,62230.0,62231.0,62232.0,62233.0,62234.0,62236.0,62236.0,62236.0,62236.0,62237.0,62240.0,62242.0,62243.0,62244.0,62244.0,62245.0,62247.0,62249.0,62250.0,62251.0,62252.0,62253.0,62254.0,62256.0,62257.0,62262.0,62264.0,62267.0,62267.0,62268.0,62271.0,62273.0,62273.0,62277.0,62276.0,62276.0,62276.0,62277.0,62281.0,62281.0,62284.0,62288.0,62291.0,62293.0,62295.0,62296.0,62297.0,62298.0,62301.0,62305.0,62306.0,62307.0,62311.0,62311.0,62312
X65Gl7y4jKM,17913.0,17934.0,17962.0,17978.0,18010.0,18042.0,18073.0,18113.0,18151.0,18176.0,18198.0,18230.0,18267.0,18299.0,18323.0,18357.0,18419.0,18454.0,18480.0,18517.0,18564.0,18594.0,18646.0,18675.0,18699.0,18734.0,18795.0,18869.0,18954.0,19035.0,19100.0,19176.0,19264.0,19353.0,19418.0,19449.0,19539.0,19626.0,19681.0,19764.0,19802.0,19889.0,19967.0,20047.0,20124.0,20183.0,20225.0,20254.0,20330.0,20372.0,20395.0,20425.0,20450.0,20487.0,20511.0,20549.0,20584.0,20606.0,20639.0,20669.0,20704.0,20736.0,20763.0,20790.0,20809.0,20848.0,20896.0,20942.0,20977.0,21019.0,21054.0,21082.0,21099.0,21126.0,21141.0,21176.0,21203.0,21212.0,21237.0,21273.0,21295.0,21328.0,21397.0,21423.0,21462.0,21508.0,21530.0,21564.0,21610.0,21642.0,21674.0,21711.0,21739.0,21783.0,21834.0,21864.0,21902.0,21939.0,21968.0,22005.0,22041.0,22079.0,22105.0,22137.0,22187.0,22221.0,22247.0,22276.0,22310.0,22342.0,22375.0,22412.0,22432.0,22458.0,22481.0,22500.0,22527.0,22549.0,22582.0,22615.0,22628.0,22652.0,22681.0,22705.0,22736.0,22755.0,22773.0,22792.0,22811.0,22837.0,22858.0,22879.0,22901.0,22929.0,,,,,,,,,23140.0,23148.0,23167.0,23193.0,23245.0,23276.0,23299.0,23336.0,23360.0,23366.0,23392.0,23408.0,23424.0,23450.0,23472.0,23489.0,23497.0,23512.0,23524.0,23533.0,23545.0,23558.0,23571.0,23591.0,23605.0,23619.0,23641.0,23661.0,23675.0,23689.0,23706.0,23721.0,23738.0,23751.0,23760.0,23772.0,23788.0,23802.0,23823.0,23847.0,23873.0,23886.0,23894.0,23915.0,23931.0,23948.0,23965.0,23980.0,24000.0,24023.0,24036.0,24053.0,24071.0,24097.0,24114.0,24138.0,24153.0,24169.0,24190.0,24210.0,24231.0,24244.0,24256.0,24281.0,24305.0,24319.0,24336.0,24355.0,24365.0,24378.0,24389.0,24421.0,24437.0,24457.0,24469.0,24478.0,24494.0,24509.0,24519.0,24532.0,24547.0,24563.0,24578.0,24601.0,24622.0,24638.0,24659.0,24683.0,24706.0,24731.0,24759.0,24774.0,24791.0,24810.0,24836.0,24870.0,24894.0,24924.0,24946.0,24976.0,25000.0,25040.0,25078.0,25114.0,25143.0,25160.0,25182.0,25213.0,25235.0,25266.0,25286.0,25304.0,25328.0,25336.0,25366.0,25381.0,25406.0,25430.0,25462.0,25484.0,25506.0,,25573.0,25591.0,25614.0,25636.0,25664.0,25673.0,25697.0,25723.0,25763.0,25791.0,25817.0,25837.0,25857.0,25875.0,25898.0,25919.0,25937.0,25960.0,25980.0,25997.0,26014.0,26064.0,26089.0,26107.0,26131.0,26162.0,26182.0,26213.0,26237.0,26260.0,26288.0,26322.0,26348.0,26367.0,26377.0,26400.0,26423.0,26444.0,26466.0,26495.0,26506.0,26530.0,26542.0,26563.0,26576.0,26600.0,26624.0,26639.0,26655.0,26680.0,26708.0,26736.0,26760.0,26785.0,26801.0,26810.0,26828.0,26842.0,26858.0,26874.0,26896.0,26919.0,26936.0,26960.0,26990.0,27017.0,27045.0,27069.0,27091.0,27123.0,27145.0,27171.0,27204.0,27229.0,27259.0,27287.0,27315.0,27335.0,27360.0,27382.0,27405.0,27425.0,27448.0,27468.0,27495.0,27522.0,27547.0,27572.0,27591.0,27614.0,27627.0,27658.0,27680.0,27709.0,27749.0,27786.0,27806.0,27827.0,27861.0,27901.0,27944.0,27991.0,28017.0,28044.0,28077.0,28125.0,28170.0,28212.0,28247.0,28278.0,28305.0,28345.0,28383.0,28427
lwA9uIPCiPs,114277.0,114279.0,114281.0,114285.0,114286.0,114290.0,114290.0,114292.0,114293.0,114294.0,114295.0,114298.0,114298.0,114300.0,114302.0,114304.0,114305.0,114307.0,114308.0,114308.0,114309.0,114312.0,114313.0,114317.0,114319.0,114323.0,114323.0,114327.0,114330.0,114333.0,114334.0,114336.0,114336.0,114338.0,114341.0,114343.0,114346.0,114349.0,114349.0,114350.0,114350.0,114353.0,114359.0,114364.0,114366.0,114368.0,114370.0,114373.0,114376.0,114378.0,114382.0,114383.0,114385.0,114387.0,114387.0,114387.0,114388.0,114394.0,114398.0,114401.0,114403.0,114407.0,114408.0,114412.0,114413.0,114415.0,114419.0,114422.0,114424.0,114426.0,114428.0,114439.0,114439.0,114440.0,114441.0,114442.0,114443.0,114445.0,114452.0,114453.0,114453.0,114453.0,114457.0,114459.0,114459.0,114460.0,114461.0,114464.0,114465.0,114468.0,114470.0,114474.0,114477.0,114478.0,114478.0,114479.0,114479.0,114480.0,114486.0,114487.0,114487.0,114487.0,114487.0,114487.0,114493.0,114497.0,114502.0,114505.0,114510.0,114516.0,114520.0,114526.0,114526.0,114528.0,114530.0,114532.0,114532.0,114533.0,114537.0,114540.0,114541.0,114544.0,114545.0,114546.0,114546.0,114546.0,114547.0,114548.0,114550.0,114551.0,114555.0,114559.0,114567.0,114568.0,,,,,,,,,114575.0,114577.0,114577.0,114577.0,114577.0,114583.0,114586.0,114586.0,114589.0,114589.0,114590.0,114594.0,114594.0,114595.0,114596.0,114597.0,114597.0,114597.0,114597.0,114601.0,114601.0,114602.0,114603.0,114603.0,114603.0,114604.0,114604.0,114605.0,114605.0,114606.0,114608.0,114610.0,114613.0,114614.0,114616.0,114616.0,114618.0,114618.0,114618.0,114621.0,114624.0,114626.0,114627.0,114632.0,114635.0,114636.0,114637.0,114639.0,114643.0,114644.0,114646.0,114650.0,114652.0,114652.0,114654.0,114657.0,114658.0,114661.0,114664.0,114663.0,114664.0,114665.0,114666.0,114666.0,114667.0,114669.0,114672.0,114673.0,114676.0,114677.0,114678.0,114678.0,114678.0,114681.0,114681.0,114682.0,114682.0,114684.0,114684.0,114686.0,114689.0,114690.0,114690.0,114691.0,114692.0,114694.0,114695.0,114697.0,114698.0,114698.0,114700.0,114703.0,114708.0,114710.0,114711.0,114712.0,114712.0,114712.0,114716.0,114717.0,114720.0,114722.0,114727.0,114728.0,114729.0,114729.0,114731.0,114732.0,114732.0,114732.0,114733.0,114734.0,114735.0,114735.0,114736.0,114739.0,114742.0,114747.0,114750.0,114754.0,114756.0,,114764.0,114765.0,114766.0,114767.0,114770.0,114772.0,114773.0,114776.0,114778.0,114779.0,114780.0,114784.0,114785.0,114791.0,114794.0,114797.0,114801.0,114806.0,114811.0,114814.0,114815.0,114816.0,114817.0,114820.0,114822.0,114823.0,114824.0,114824.0,114829.0,114830.0,114833.0,114835.0,114839.0,114840.0,114840.0,114841.0,114843.0,114845.0,114846.0,114850.0,114853.0,114854.0,114856.0,114858.0,114863.0,114864.0,114866.0,114868.0,114868.0,114871.0,114879.0,114883.0,114887.0,114890.0,114895.0,114898.0,114902.0,114903.0,114906.0,114908.0,114910.0,114910.0,114913.0,114914.0,114916.0,114920.0,114921.0,114926.0,114932.0,114934.0,114939.0,114940.0,114942.0,114946.0,114948.0,114950.0,114952.0,114958.0,114961.0,114963.0,114964.0,114965.0,114966.0,114968.0,114969.0,114975.0,114975.0,114977.0,114979.0,114984.0,114987.0,114987.0,114992.0,114995.0,114996.0,115001.0,115004.0,115007.0,115007.0,115009.0,115012.0,115013.0,115015.0,115019.0,115019.0,115023.0,115024.0,115029.0,115032.0,115034.0,115038.0,115040.0,115044.0,115047
bXwx8r774oA,22158.0,22158.0,22158.0,22158.0,22161.0,22165.0,22168.0,22168.0,22170.0,22172.0,22173.0,22176.0,22178.0,22180.0,22181.0,22181.0,22182.0,22188.0,22191.0,22191.0,22190.0,22190.0,22193.0,22194.0,22196.0,22198.0,22198.0,22197.0,22197.0,22197.0,22199.0,22199.0,22199.0,22201.0,22201.0,22203.0,22204.0,22207.0,22210.0,22210.0,22211.0,22213.0,22214.0,22216.0,22217.0,22219.0,22221.0,22223.0,22224.0,22224.0,22226.0,22227.0,22227.0,22227.0,22227.0,22230.0,22230.0,22231.0,22231.0,22234.0,22240.0,22241.0,22240.0,22242.0,22242.0,22245.0,22246.0,22247.0,22251.0,22253.0,22254.0,22256.0,22256.0,22258.0,22256.0,22259.0,22261.0,22260.0,22260.0,22261.0,22265.0,22268.0,22269.0,22271.0,22273.0,22273.0,22273.0,22276.0,22275.0,22275.0,22277.0,22276.0,22276.0,22278.0,22279.0,22279.0,22279.0,22278.0,22278.0,22280.0,22282.0,22282.0,22282.0,22284.0,22284.0,22288.0,22288.0,22288.0,22291.0,22291.0,22291.0,22290.0,22290.0,22292.0,22293.0,22294.0,22296.0,22297.0,22298.0,22299.0,22300.0,22300.0,22300.0,22301.0,22301.0,22301.0,22302.0,22306.0,22306.0,22308.0,22310.0,22312.0,22313.0,22315.0,,,,,,,,,22325.0,22327.0,22327.0,22328.0,22328.0,22329.0,22330.0,22333.0,22336.0,22337.0,22338.0,22338.0,22338.0,22339.0,22342.0,22344.0,22344.0,22345.0,22345.0,22344.0,22344.0,22345.0,22346.0,22346.0,22347.0,22348.0,22348.0,22348.0,22348.0,22349.0,22349.0,22349.0,22349.0,22351.0,22351.0,22352.0,22353.0,22353.0,22354.0,22356.0,22357.0,22358.0,22358.0,22358.0,22358.0,22359.0,22359.0,22360.0,22362.0,22364.0,22366.0,22368.0,22371.0,22371.0,22372.0,22372.0,22372.0,22372.0,22372.0,22373.0,22374.0,22374.0,22374.0,22381.0,22383.0,22384.0,22385.0,22386.0,22386.0,22387.0,22387.0,22390.0,22390.0,22391.0,22393.0,22395.0,22395.0,22398.0,22398.0,22398.0,22402.0,22404.0,22404.0,22405.0,22405.0,22408.0,22410.0,22411.0,22412.0,22413.0,22413.0,22413.0,22413.0,22413.0,22413.0,22413.0,22413.0,22415.0,22415.0,22415.0,22419.0,22420.0,22423.0,22423.0,22423.0,22423.0,22423.0,22424.0,22423.0,22423.0,22424.0,22424.0,22426.0,22427.0,22427.0,22428.0,22428.0,22430.0,22430.0,22430.0,22430.0,,22430.0,22433.0,22435.0,22435.0,22437.0,22436.0,22438.0,22446.0,22447.0,22450.0,22452.0,22453.0,22454.0,22455.0,22459.0,22462.0,22462.0,22465.0,22469.0,22469.0,22471.0,22473.0,22473.0,22473.0,22474.0,22477.0,22477.0,22477.0,22478.0,22479.0,22481.0,22484.0,22485.0,22489.0,22489.0,22489.0,22491.0,22493.0,22494.0,22495.0,22495.0,22496.0,22496.0,22496.0,22498.0,22499.0,22500.0,22500.0,22500.0,22502.0,22502.0,22505.0,22506.0,22506.0,22506.0,22507.0,22507.0,22508.0,22509.0,22510.0,22510.0,22511.0,22511.0,22513.0,22514.0,22514.0,22515.0,22516.0,22516.0,22517.0,22517.0,22519.0,22519.0,22520.0,22521.0,22523.0,22523.0,22524.0,22527.0,22528.0,22529.0,22532.0,22534.0,22533.0,22535.0,22535.0,22539.0,22539.0,22541.0,22548.0,22548.0,22550.0,22550.0,22552.0,22553.0,22554.0,22555.0,22556.0,22559.0,22560.0,22562.0,22562.0,22563.0,22564.0,22564.0,22565.0,22569.0,22570.0,22572.0,22574.0,22574.0,22575.0,22575.0,22575
9GV2IFWbxKI,21568.0,21572.0,21572.0,21573.0,21576.0,21580.0,21584.0,21585.0,21587.0,21592.0,21595.0,21596.0,21600.0,21602.0,21603.0,21605.0,21605.0,21609.0,21611.0,21615.0,21615.0,21619.0,21623.0,21628.0,21633.0,21638.0,21641.0,21643.0,21647.0,21649.0,21652.0,21655.0,21655.0,21659.0,21661.0,21665.0,21667.0,21669.0,21669.0,21670.0,21672.0,21675.0,21678.0,21681.0,21684.0,21685.0,21688.0,21693.0,21694.0,21698.0,21698.0,21702.0,21705.0,21705.0,21707.0,21709.0,21711.0,21714.0,21715.0,21718.0,21721.0,21722.0,21725.0,21726.0,21730.0,21730.0,21730.0,21730.0,21734.0,21737.0,21737.0,21737.0,21739.0,21749.0,21759.0,21763.0,21768.0,21770.0,21774.0,21776.0,21778.0,21778.0,21780.0,21782.0,21782.0,21784.0,21787.0,21788.0,21790.0,21791.0,21792.0,21793.0,21794.0,21797.0,21799.0,21800.0,21803.0,21805.0,21806.0,21808.0,21810.0,21815.0,21816.0,21821.0,21821.0,21827.0,21833.0,21840.0,21845.0,21850.0,21850.0,21855.0,21857.0,21861.0,21865.0,21868.0,21868.0,21868.0,21870.0,21871.0,21877.0,21879.0,21882.0,21882.0,21884.0,21887.0,21888.0,21897.0,21899.0,21900.0,21902.0,21906.0,21907.0,21909.0,,,,,,,,,21932.0,21937.0,21936.0,21938.0,21942.0,21945.0,21947.0,21952.0,21953.0,21955.0,21961.0,21964.0,21985.0,21991.0,21997.0,21997.0,21998.0,22001.0,22004.0,22008.0,22009.0,22013.0,22014.0,22022.0,22024.0,22024.0,22024.0,22026.0,22030.0,22031.0,22032.0,22034.0,22036.0,22036.0,22039.0,22040.0,22045.0,22047.0,22047.0,22048.0,22050.0,22051.0,22054.0,22059.0,22059.0,22060.0,22066.0,22068.0,22070.0,22074.0,22076.0,22079.0,22081.0,22090.0,22091.0,22094.0,22096.0,22098.0,22100.0,22104.0,22106.0,22110.0,22112.0,22117.0,22120.0,22121.0,22123.0,22125.0,22126.0,22128.0,22136.0,22139.0,22144.0,22146.0,22149.0,22156.0,22160.0,22166.0,22170.0,22175.0,22176.0,22182.0,22183.0,22185.0,22187.0,22192.0,22194.0,22197.0,22202.0,22205.0,22207.0,22207.0,22208.0,22209.0,22212.0,22221.0,22224.0,22227.0,22233.0,22236.0,22247.0,22252.0,22256.0,22261.0,22262.0,22265.0,22267.0,22270.0,22275.0,22278.0,22281.0,22284.0,22288.0,22290.0,22292.0,22297.0,22297.0,22301.0,22303.0,22304.0,22305.0,,22311.0,22312.0,22314.0,22315.0,22319.0,22321.0,22325.0,22334.0,22336.0,22337.0,22338.0,22343.0,22344.0,22347.0,22347.0,22353.0,22357.0,22359.0,22363.0,22368.0,22371.0,22376.0,22382.0,22385.0,22388.0,22391.0,22393.0,22395.0,22401.0,22403.0,22408.0,22411.0,22413.0,22414.0,22416.0,22419.0,22422.0,22429.0,22430.0,22434.0,22436.0,22442.0,22442.0,22444.0,22449.0,22451.0,22453.0,22454.0,22454.0,22457.0,22457.0,22460.0,22464.0,22468.0,22469.0,22477.0,22479.0,22479.0,22481.0,22484.0,22488.0,22493.0,22496.0,22498.0,22501.0,22505.0,22510.0,22512.0,22515.0,22515.0,22516.0,22519.0,22520.0,22522.0,22524.0,22525.0,22528.0,22530.0,22534.0,22537.0,22540.0,22546.0,22546.0,22550.0,22554.0,22558.0,22561.0,22562.0,22564.0,22566.0,22567.0,22568.0,22570.0,22574.0,22575.0,22577.0,22579.0,22582.0,22582.0,22584.0,22584.0,22585.0,22587.0,22591.0,22602.0,22602.0,22604.0,22605.0,22610.0,22612.0,22614.0,22614.0,22614.0,22617
ymtidte8hqc,1701223.0,1701396.0,1701531.0,1701658.0,1701792.0,1701925.0,1702046.0,1702170.0,1702318.0,1702445.0,1702583.0,1702737.0,1702862.0,1702999.0,1703120.0,1703259.0,1703383.0,1703512.0,1703665.0,1703785.0,1703908.0,1704044.0,1704197.0,1704308.0,1704432.0,1704540.0,1704648.0,1704771.0,1704918.0,1705068.0,1705198.0,1705324.0,1705450.0,1705548.0,1705693.0,1705849.0,1706016.0,1706185.0,1706295.0,1706420.0,1706561.0,1706703.0,1706835.0,1706991.0,1707120.0,1707280.0,1707393.0,1707523.0,1707662.0,1707812.0,1707932.0,1708042.0,1708144.0,1708243.0,1708345.0,1708470.0,1708592.0,1708693.0,1708802.0,1708945.0,1709063.0,1709178.0,1709270.0,1709353.0,1709446.0,1709539.0,1709633.0,1709752.0,1709866.0,1709995.0,1710095.0,1710185.0,1710289.0,1710416.0,1710549.0,1710652.0,1710776.0,1710902.0,1711010.0,1711130.0,1711228.0,1711337.0,1711452.0,1711564.0,1711670.0,1711803.0,1711907.0,1712058.0,1712169.0,1712299.0,1712399.0,1712531.0,1712627.0,1712742.0,1712867.0,1712986.0,1713139.0,1713261.0,1713371.0,1713491.0,1713580.0,1713680.0,1713797.0,1713896.0,1714031.0,1714147.0,1714291.0,1714409.0,1714541.0,1714660.0,1714767.0,1714895.0,1715023.0,1715158.0,1715276.0,1715411.0,1715526.0,1715633.0,1715755.0,1715883.0,1716013.0,1716175.0,1716302.0,1716409.0,1716519.0,1716624.0,1716756.0,1716874.0,1716992.0,1717086.0,1717200.0,1717293.0,1717389.0,1717470.0,,,,,,,,,1718369.0,1718485.0,1718594.0,1718682.0,1718789.0,1718901.0,1719007.0,1719136.0,1719286.0,1719428.0,1719549.0,1719702.0,1719821.0,1719925.0,1720024.0,1720113.0,1720207.0,1720307.0,1720404.0,1720498.0,1720584.0,1720673.0,1720773.0,1720851.0,1720959.0,1721073.0,1721185.0,1721263.0,1721352.0,1721455.0,1721570.0,1721670.0,1721750.0,1721830.0,1721938.0,1722047.0,1722131.0,1722214.0,1722293.0,1722392.0,1722505.0,1722631.0,1722788.0,1722917.0,1723023.0,1723122.0,1723243.0,1723361.0,1723467.0,1723571.0,1723645.0,1723723.0,1723823.0,1723923.0,1724035.0,1724120.0,1724203.0,1724287.0,1724392.0,1724499.0,1724573.0,1724673.0,1724749.0,1724832.0,1724935.0,1725008.0,1725106.0,1725181.0,1725278.0,1725364.0,1725443.0,1725550.0,1725643.0,1725756.0,1725843.0,1725959.0,1726041.0,1726158.0,1726262.0,1726343.0,1726453.0,1726548.0,1726670.0,1726815.0,1726908.0,1727028.0,1727103.0,1727209.0,1727335.0,1727438.0,1727557.0,1727688.0,1727805.0,1727955.0,1728078.0,1728205.0,1728306.0,1728394.0,1728490.0,1728586.0,1728695.0,1728805.0,1728904.0,1729021.0,1729133.0,1729245.0,1729339.0,1729455.0,1729567.0,1729659.0,1729764.0,1729868.0,1729954.0,1730090.0,1730246.0,1730357.0,1730476.0,1730590.0,1730723.0,1730879.0,1731010.0,,1731322.0,1731518.0,1731704.0,1731853.0,1732002.0,1732161.0,1732322.0,1732493.0,1732645.0,1732798.0,1732975.0,1733136.0,1733254.0,1733435.0,1733579.0,1733727.0,1733877.0,1734028.0,1734190.0,1734360.0,1734551.0,1734760.0,1734914.0,1735059.0,1735244.0,1735393.0,1735540.0,1735700.0,1735912.0,1736105.0,1736276.0,1736449.0,1736641.0,1736795.0,1736950.0,1737149.0,1737317.0,1737472.0,1737644.0,1737791.0,1737913.0,1738081.0,1738253.0,1738414.0,1738542.0,1738668.0,1738829.0,1738971.0,1739120.0,1739247.0,1739393.0,1739576.0,1739707.0,1739856.0,1740005.0,1740118.0,1740284.0,1740439.0,1740556.0,1740697.0,1740898.0,1741086.0,1741283.0,1741470.0,1741681.0,1741926.0,1742155.0,1742302.0,1742452.0,1742639.0,1742864.0,1743114.0,1743350.0,1743575.0,1743830.0,1744047.0,1744279.0,1744498.0,1744683.0,1744888.0,1745076.0,1745309.0,1745473.0,1745660.0,1745861.0,1746078.0,1746319.0,1746569.0,1746840.0,1747075.0,1747305.0,1747617.0,1747895.0,1748185.0,1748418.0,1748671.0,1748903.0,1749145.0,1749337.0,1749514.0,1749740.0,1749933.0,1750195.0,1750386.0,1750575.0,1750873.0,1751165.0,1751473.0,1751712.0,1752016.0,1752264.0,1752487.0,1752764.0,1752972
Uta7Qawk0hM,4845878.0,4846303.0,4846784.0,4847256.0,4847795.0,4848193.0,4848734.0,4849330.0,4849980.0,4850714.0,4851469.0,4851901.0,4852343.0,4852742.0,4853208.0,4853646.0,4854023.0,4854348.0,4854670.0,4855025.0,4855367.0,4855651.0,4855951.0,4856220.0,4856466.0,4856715.0,4856959.0,4857243.0,4857503.0,4857774.0,4857995.0,4858287.0,4858583.0,4858854.0,4859116.0,4859423.0,4859831.0,4860147.0,4860542.0,4860876.0,4861282.0,4861618.0,4861954.0,4862320.0,4862728.0,4863205.0,4863787.0,4864302.0,4864800.0,4865218.0,4865550.0,4865864.0,4866280.0,4866663.0,4867025.0,4867448.0,4867834.0,4868178.0,4868568.0,4868905.0,4869270.0,4869850.0,4870422.0,4870783.0,4871148.0,4871437.0,4871718.0,4871983.0,4872340.0,4872787.0,4873189.0,4873500.0,4873793.0,4874107.0,4874422.0,4874753.0,4875084.0,4875381.0,4875805.0,4876127.0,4876444.0,4876771.0,4877075.0,4877436.0,4877838.0,4878203.0,4878525.0,4878878.0,4879204.0,4879498.0,4879876.0,4880290.0,4880661.0,4881150.0,4881592.0,4882023.0,4882377.0,4882739.0,4883101.0,4883409.0,4883752.0,4884093.0,4884433.0,4884757.0,4885081.0,4885485.0,4885862.0,4886230.0,4886578.0,4886880.0,4887333.0,4887737.0,4888103.0,4888485.0,4888886.0,4889262.0,4889624.0,4889990.0,4890275.0,4890567.0,4890847.0,4891188.0,4891474.0,4891756.0,4892039.0,4892330.0,4892634.0,4892921.0,4893200.0,4893416.0,4893705.0,4893977.0,4894286.0,4894607.0,,,,,,,,,4897466.0,4897732.0,4898005.0,4898255.0,4898585.0,4898907.0,4899186.0,4899516.0,4899814.0,4900150.0,4900490.0,4900787.0,4901064.0,4901403.0,4901719.0,4902025.0,4902303.0,4902606.0,4902864.0,4903135.0,4903378.0,4903563.0,4903863.0,4904136.0,4904410.0,4904697.0,4904984.0,4905309.0,4905625.0,4905924.0,4906318.0,4906708.0,4907038.0,4907381.0,4907658.0,4907972.0,4908326.0,4908706.0,4909150.0,4909480.0,4909785.0,4910051.0,4910310.0,4910555.0,4910800.0,4911114.0,4911404.0,4911701.0,4911962.0,4912249.0,4912446.0,4912701.0,4912894.0,4913070.0,4913265.0,4913506.0,4913737.0,4913900.0,4914124.0,4914343.0,4914564.0,4914748.0,4914931.0,4915104.0,4915273.0,4915447.0,4915627.0,4915784.0,4915967.0,4916145.0,4916349.0,4916601.0,4916820.0,4917032.0,4917269.0,4917529.0,4917766.0,4917979.0,4918157.0,4918353.0,4918535.0,4918805.0,4919015.0,4919219.0,4919397.0,4919565.0,4919726.0,4919872.0,4920070.0,4920230.0,4920362.0,4920511.0,4920692.0,4920863.0,4921019.0,4921189.0,4921341.0,4921516.0,4921664.0,4921811.0,4921930.0,4922084.0,4922220.0,4922375.0,4922548.0,4922682.0,4922838.0,4922963.0,4923091.0,4923221.0,4923325.0,4923447.0,4923554.0,4923656.0,4923759.0,4923881.0,4923979.0,4924114.0,4924279.0,4924413.0,4924569.0,,4924852.0,4924955.0,4925072.0,4925202.0,4925349.0,4925464.0,4925608.0,4925783.0,4925957.0,4926109.0,4926283.0,4926446.0,4926640.0,4926815.0,4926982.0,4927132.0,4927286.0,4927436.0,4927597.0,4927734.0,4927893.0,4928044.0,4928187.0,4928309.0,4928454.0,4928602.0,4928766.0,4928937.0,4929104.0,4929284.0,4929469.0,4929632.0,4929789.0,4929916.0,4930092.0,4930236.0,4930406.0,4930568.0,4930756.0,4930913.0,4931030.0,4931189.0,4931331.0,4931463.0,4931638.0,4931786.0,4932005.0,4932204.0,4932433.0,4932669.0,4932894.0,4933159.0,4933389.0,4933547.0,4933750.0,4933966.0,4934236.0,4934508.0,4934749.0,4934987.0,4935192.0,4935379.0,4935614.0,4935790.0,4935994.0,4936133.0,4936339.0,4936521.0,4936700.0,4936916.0,4937117.0,4937271.0,4937462.0,4937642.0,4937826.0,4937991.0,4938179.0,4938370.0,4938618.0,4938830.0,4939084.0,4939285.0,4939476.0,4939657.0,4939869.0,4940270.0,4940897.0,4941528.0,4941927.0,4942375.0,4942801.0,4943156.0,4943430.0,4943702.0,4943951.0,4944161.0,4944391.0,4944604.0,4944770.0,4944962.0,4945180.0,4945380.0,4945592.0,4945763.0,4945942.0,4946194.0,4946386.0,4946578.0,4946763.0,4946938.0,4947118.0,4947327.0,4947508.0,4947690
jP5R-DLou08,1288861.0,1288912.0,1288976.0,1289036.0,1289083.0,1289136.0,1289174.0,1289228.0,1289266.0,1289322.0,1289379.0,1289423.0,1289478.0,1289513.0,1289548.0,1289583.0,1289628.0,1289677.0,1289719.0,1289762.0,1289801.0,1289849.0,1289902.0,1289948.0,1289993.0,1290031.0,1290069.0,1290114.0,1290165.0,1290207.0,1290278.0,1290327.0,1290369.0,1290405.0,1290436.0,1290489.0,1290530.0,1290574.0,1290615.0,1290648.0,1290692.0,1290742.0,1290779.0,1290838.0,1290883.0,1290933.0,1290987.0,1291024.0,1291088.0,1291137.0,1291186.0,1291234.0,1291269.0,1291309.0,1291348.0,1291407.0,1291447.0,1291488.0,1291536.0,1291568.0,1291601.0,1291634.0,1291674.0,1291724.0,1291761.0,1291800.0,1291829.0,1291861.0,1291897.0,1291935.0,1291974.0,1292013.0,1292058.0,1292087.0,1292123.0,1292162.0,1292195.0,1292237.0,1292270.0,1292321.0,1292358.0,1292391.0,1292435.0,1292485.0,1292521.0,1292554.0,1292601.0,1292648.0,1292694.0,1292734.0,1292769.0,1292801.0,1292831.0,1292851.0,1292886.0,1292914.0,1292961.0,1292999.0,1293033.0,1293079.0,1293114.0,1293148.0,1293180.0,1293225.0,1293256.0,1293292.0,1293329.0,1293352.0,1293376.0,1293407.0,1293453.0,1293495.0,1293542.0,1293581.0,1293629.0,1293713.0,1293772.0,1293825.0,1293867.0,1293905.0,1293960.0,1294006.0,1294045.0,1294088.0,1294120.0,1294162.0,1294197.0,1294235.0,1294281.0,1294325.0,1294358.0,1294392.0,1294436.0,1294461.0,,,,,,,,,1294771.0,1294810.0,1294836.0,1294864.0,1294894.0,1294919.0,1294960.0,1294993.0,1295030.0,1295059.0,1295080.0,1295122.0,1295164.0,1295205.0,1295247.0,1295278.0,1295310.0,1295339.0,1295369.0,1295400.0,1295451.0,1295476.0,1295509.0,1295555.0,1295602.0,1295639.0,1295681.0,1295733.0,1295778.0,1295822.0,1295848.0,1295896.0,1295937.0,1295966.0,1296003.0,1296032.0,1296064.0,1296101.0,1296123.0,1296143.0,1296176.0,1296212.0,1296255.0,1296296.0,1296341.0,1296382.0,1296406.0,1296445.0,1296477.0,1296514.0,1296540.0,1296583.0,1296616.0,1296652.0,1296687.0,1296769.0,1296843.0,1296938.0,1297029.0,1297131.0,1297232.0,1297312.0,1297387.0,1297505.0,1297615.0,1297711.0,1297793.0,1297890.0,1297961.0,1298036.0,1298116.0,1298213.0,1298336.0,1298440.0,1298536.0,1298682.0,1298785.0,1298895.0,1299018.0,1299114.0,1299245.0,1299387.0,1299516.0,1299710.0,1299876.0,1300041.0,1300200.0,1300357.0,1300476.0,1300651.0,1300796.0,1301006.0,1301195.0,1301404.0,1301606.0,1301860.0,1302100.0,1302338.0,1302521.0,1302688.0,1302885.0,1303109.0,1303314.0,1303560.0,1303807.0,1304011.0,1304243.0,1304442.0,1304654.0,1304848.0,1305023.0,1305272.0,1305491.0,1305709.0,1305894.0,1306084.0,1306280.0,1306446.0,1306606.0,1306786.0,1306969.0,,1307383.0,1307907.0,1308258.0,1308478.0,1308738.0,1308948.0,1309178.0,1309372.0,1309660.0,1309917.0,1310111.0,1310295.0,1310472.0,1310597.0,1310766.0,1310933.0,1311068.0,1311216.0,1311348.0,1311505.0,1311659.0,1311783.0,1311925.0,1312039.0,1312189.0,1312301.0,1312428.0,1312563.0,1312700.0,1312802.0,1312947.0,1313072.0,1313206.0,1313309.0,1313428.0,1313546.0,1313655.0,1313778.0,1313888.0,1313991.0,1314103.0,1314226.0,1314333.0,1314455.0,1314567.0,1314698.0,1314858.0,1314991.0,1315142.0,1315278.0,1315413.0,1315565.0,1315681.0,1315829.0,1315957.0,1316079.0,1316211.0,1316325.0,1316459.0,1316598.0,1316720.0,1316862.0,1316994.0,1317094.0,1317214.0,1317329.0,1317459.0,1317611.0,1317750.0,1317918.0,1318054.0,1318335.0,1318574.0,1318718.0,1318944.0,1319179.0,1319352.0,1319532.0,1319709.0,1319934.0,1320112.0,1320279.0,1320421.0,1320619.0,1320786.0,1320969.0,1321205.0,1321399.0,1321607.0,1321804.0,1322004.0,1322178.0,1322347.0,1322526.0,1322704.0,1322896.0,1323060.0,1323240.0,1323392.0,1323562.0,1323738.0,1323889.0,1324061.0,1324246.0,1324426.0,1324656.0,1324884.0,1325103.0,1325281.0,1325541.0,1325796.0,1326086.0,1326285.0,1326574
p3zMfZqcfMU,496334.0,496450.0,496538.0,496628.0,496717.0,496818.0,496927.0,497036.0,497140.0,497239.0,497338.0,497428.0,497533.0,497603.0,497704.0,497858.0,497953.0,498062.0,498165.0,498265.0,498372.0,498493.0,498606.0,498727.0,498835.0,499007.0,499155.0,499318.0,499451.0,499579.0,499708.0,499829.0,499932.0,500047.0,500187.0,500308.0,500463.0,500572.0,500666.0,500799.0,500890.0,500978.0,501121.0,501219.0,501296.0,501367.0,501483.0,501579.0,501696.0,501783.0,501899.0,502023.0,502111.0,502236.0,502358.0,502448.0,502562.0,502662.0,502747.0,502880.0,502985.0,503153.0,503271.0,503378.0,503488.0,503608.0,503700.0,503793.0,503908.0,504065.0,504153.0,504253.0,504343.0,504464.0,504597.0,504749.0,504868.0,505018.0,505138.0,505223.0,505320.0,505427.0,505546.0,505638.0,505736.0,505818.0,505926.0,505996.0,506124.0,506239.0,506334.0,506437.0,506555.0,506668.0,506753.0,506859.0,506977.0,507083.0,507172.0,507290.0,507397.0,507508.0,507650.0,507793.0,507911.0,508025.0,508178.0,508274.0,508370.0,508482.0,508607.0,508719.0,508812.0,508891.0,509003.0,509080.0,509178.0,509279.0,509373.0,509456.0,509575.0,509697.0,509772.0,509862.0,509962.0,510066.0,510153.0,510254.0,510385.0,510500.0,510603.0,510703.0,510816.0,510904.0,,,,,,,,,511842.0,511946.0,512039.0,512140.0,512242.0,512339.0,512417.0,512468.0,512554.0,512657.0,512752.0,512850.0,512953.0,513058.0,513142.0,513200.0,513261.0,513326.0,513391.0,513460.0,513535.0,513631.0,513718.0,513794.0,513873.0,513963.0,514032.0,514110.0,514183.0,514243.0,514336.0,514396.0,514469.0,514543.0,514609.0,514675.0,514751.0,514810.0,514898.0,514978.0,515059.0,515147.0,515208.0,515282.0,515349.0,515437.0,515526.0,515614.0,515678.0,515754.0,515816.0,515896.0,515966.0,516055.0,516174.0,516300.0,516365.0,516435.0,516545.0,516668.0,516767.0,516858.0,516961.0,517026.0,517097.0,517181.0,517234.0,517310.0,517402.0,517485.0,517567.0,517642.0,517756.0,517875.0,517993.0,518054.0,518115.0,518166.0,518227.0,518299.0,518395.0,518475.0,518520.0,518613.0,518696.0,518793.0,518860.0,518923.0,518995.0,519068.0,519139.0,519218.0,519310.0,519376.0,519448.0,519523.0,519607.0,519705.0,519800.0,519874.0,519954.0,520030.0,520126.0,520221.0,520298.0,520368.0,520445.0,520524.0,520615.0,520703.0,520808.0,520905.0,520997.0,521072.0,521144.0,521225.0,521299.0,521371.0,521450.0,521531.0,521625.0,,521800.0,521888.0,521963.0,522028.0,522118.0,522183.0,522251.0,522333.0,522405.0,522467.0,522566.0,522640.0,522722.0,522778.0,522877.0,522961.0,523058.0,523139.0,523210.0,523282.0,523356.0,523439.0,523503.0,523586.0,523673.0,523755.0,523818.0,523917.0,523973.0,524036.0,524098.0,524161.0,524236.0,524287.0,524338.0,524415.0,524484.0,524562.0,524635.0,524701.0,524787.0,524856.0,524926.0,525000.0,525070.0,525149.0,525231.0,525333.0,525432.0,525520.0,525619.0,525763.0,525886.0,526006.0,526076.0,526157.0,526280.0,526376.0,526459.0,526556.0,526647.0,526745.0,526835.0,526931.0,527033.0,527143.0,527226.0,527297.0,527382.0,527456.0,527544.0,527627.0,527711.0,527808.0,527917.0,528010.0,528118.0,528208.0,528301.0,528389.0,528493.0,528577.0,528642.0,528740.0,528824.0,528962.0,529065.0,529166.0,529272.0,529363.0,529443.0,529553.0,529654.0,529761.0,529876.0,529940.0,530026.0,530092.0,530173.0,530255.0,530329.0,530422.0,530484.0,530557.0,530646.0,530744.0,530856.0,530988.0,531105.0,531213.0,531287.0,531357.0,531434.0,531511
j7PZv7Ni7pk,765555.0,765672.0,765778.0,765889.0,766001.0,766093.0,766216.0,766306.0,766430.0,766583.0,766682.0,766785.0,766900.0,766988.0,767116.0,767230.0,767345.0,767470.0,767599.0,767714.0,767856.0,767977.0,768148.0,768284.0,768438.0,768551.0,768661.0,768799.0,768959.0,769074.0,769237.0,769332.0,769449.0,769543.0,769675.0,769854.0,769999.0,770117.0,770223.0,770374.0,770516.0,770607.0,770779.0,770932.0,771075.0,771181.0,771333.0,771446.0,771599.0,771726.0,771869.0,772001.0,772151.0,772265.0,772436.0,772569.0,772703.0,772842.0,772994.0,773176.0,773303.0,773499.0,773674.0,773851.0,774027.0,774184.0,774305.0,774438.0,774557.0,774725.0,774879.0,775010.0,775128.0,775225.0,775367.0,775521.0,775654.0,775760.0,775893.0,776015.0,776137.0,776269.0,776379.0,776485.0,776618.0,776727.0,776820.0,776942.0,777052.0,777124.0,777250.0,777350.0,777474.0,777570.0,777664.0,777760.0,777851.0,777946.0,778030.0,778134.0,778233.0,778344.0,778445.0,778559.0,778668.0,778826.0,778980.0,779117.0,779295.0,779430.0,779601.0,779818.0,779964.0,780143.0,780324.0,780464.0,780630.0,780850.0,780977.0,781176.0,781343.0,781484.0,781631.0,781777.0,781877.0,782009.0,782134.0,782245.0,782376.0,782474.0,782594.0,782701.0,782822.0,782965.0,,,,,,,,,784266.0,784426.0,784581.0,784801.0,784987.0,785175.0,785336.0,785486.0,785632.0,785752.0,785890.0,786092.0,786262.0,786430.0,786558.0,786698.0,786868.0,787032.0,787199.0,787340.0,787520.0,787668.0,787882.0,788046.0,788219.0,788377.0,788561.0,788701.0,788837.0,788987.0,789134.0,789345.0,789508.0,789689.0,789861.0,790009.0,790167.0,790329.0,790471.0,790666.0,790820.0,790996.0,791138.0,791265.0,791424.0,791561.0,791749.0,791955.0,792121.0,792238.0,792420.0,792615.0,792751.0,792940.0,793118.0,793220.0,793381.0,793552.0,793686.0,793846.0,794004.0,794136.0,794289.0,794436.0,794583.0,794738.0,794913.0,795091.0,795237.0,795390.0,795519.0,795679.0,795882.0,796073.0,796272.0,796475.0,796628.0,796791.0,796961.0,797146.0,797301.0,797439.0,797687.0,797864.0,798060.0,798252.0,798471.0,798671.0,798861.0,799057.0,799221.0,799362.0,799496.0,799631.0,799840.0,799998.0,800183.0,800342.0,800480.0,800649.0,800808.0,800920.0,801114.0,801276.0,801410.0,801523.0,801630.0,801861.0,801994.0,802106.0,802243.0,802395.0,802558.0,802675.0,802771.0,802895.0,803006.0,803149.0,803257.0,803364.0,803472.0,,803690.0,803831.0,803966.0,804104.0,804212.0,804327.0,804418.0,804521.0,804610.0,804690.0,804804.0,804945.0,805050.0,805161.0,805251.0,805390.0,805521.0,805629.0,805777.0,805911.0,806052.0,806233.0,806389.0,806537.0,806756.0,806935.0,807103.0,807278.0,807462.0,807639.0,807834.0,808029.0,808213.0,808392.0,808560.0,808757.0,808935.0,809101.0,809284.0,809455.0,809622.0,809780.0,809960.0,810108.0,810287.0,810428.0,810630.0,810751.0,810918.0,811050.0,811200.0,811365.0,811507.0,811624.0,811798.0,811939.0,812091.0,812200.0,812316.0,812434.0,812566.0,812678.0,812796.0,812928.0,813044.0,813149.0,813224.0,813301.0,813372.0,813445.0,813533.0,813618.0,813716.0,813812.0,813897.0,813979.0,814098.0,814186.0,814280.0,814394.0,814506.0,814604.0,814682.0,814785.0,814903.0,815006.0,815119.0,815219.0,815310.0,815411.0,815524.0,815609.0,815710.0,815825.0,815923.0,816027.0,816111.0,816192.0,816278.0,816352.0,816451.0,816527.0,816613.0,816672.0,816740.0,816845.0,816946.0,817015.0,817125.0,817227.0,817311.0,817425.0,817528.0,817654
mev609MxcRE,1045575.0,1045821.0,1046128.0,1046390.0,1046684.0,1046997.0,1047273.0,1047556.0,1047842.0,1048200.0,1048449.0,1048793.0,1049117.0,1049409.0,1049800.0,1050139.0,1050461.0,1050720.0,1050990.0,1051262.0,1051564.0,1051915.0,1052224.0,1052540.0,1052813.0,1053123.0,1053419.0,1053810.0,1054136.0,1054404.0,1054770.0,1055100.0,1055431.0,1055757.0,1056109.0,1056437.0,1056818.0,1057111.0,1057429.0,1057688.0,1058030.0,1058358.0,1058647.0,1058922.0,1059222.0,1059453.0,1059790.0,1060091.0,1060431.0,1060689.0,1060920.0,1061210.0,1061420.0,1061711.0,1061982.0,1062284.0,1062591.0,1062814.0,1063057.0,1063288.0,1063520.0,1063742.0,1063951.0,1064201.0,1064449.0,1064678.0,1064871.0,1065120.0,1065322.0,1065636.0,1065893.0,1066117.0,1066360.0,1066594.0,1066805.0,1066961.0,1067184.0,1067387.0,1067634.0,1067914.0,1068115.0,1068412.0,1068645.0,1068882.0,1069094.0,1069366.0,1069625.0,1069856.0,1070063.0,1070348.0,1070555.0,1070848.0,1071350.0,1071636.0,1071956.0,1072201.0,1072493.0,1072733.0,1073018.0,1073323.0,1073616.0,1073925.0,1074201.0,1074511.0,1074916.0,1075199.0,1075449.0,1075686.0,1075903.0,1076161.0,1076457.0,1076716.0,1076979.0,1077240.0,1077508.0,1077733.0,1077930.0,1078156.0,1078368.0,1078581.0,1078845.0,1079049.0,1079213.0,1079401.0,1079645.0,1079826.0,1080025.0,1080186.0,1080385.0,1080613.0,1080790.0,1081005.0,1081194.0,1081402.0,,,,,,,,,1083356.0,1083570.0,1083812.0,1084047.0,1084258.0,1084441.0,1084656.0,1084844.0,1085017.0,1085232.0,1085401.0,1085609.0,1085785.0,1086010.0,1086235.0,1086430.0,1086635.0,1086862.0,1087045.0,1087225.0,1087418.0,1087608.0,1087818.0,1088000.0,1088193.0,1088394.0,1088585.0,1088765.0,1088979.0,1089159.0,1089392.0,1089587.0,1089775.0,1089964.0,1090173.0,1090335.0,1090520.0,1090732.0,1090926.0,1091127.0,1091327.0,1091497.0,1091696.0,1091910.0,1092085.0,1092273.0,1092520.0,1092708.0,1092943.0,1093126.0,1093323.0,1093534.0,1093730.0,1093963.0,1094162.0,1094309.0,1094486.0,1094645.0,1094817.0,1094959.0,1095162.0,1095307.0,1095480.0,1095615.0,1095788.0,1095988.0,1096159.0,1096402.0,1096605.0,1096817.0,1097041.0,1097195.0,1097428.0,1097646.0,1097815.0,1098013.0,1098199.0,1098412.0,1098583.0,1098730.0,1098943.0,1099227.0,1099413.0,1099661.0,1099821.0,1100028.0,1100233.0,1100407.0,1100604.0,1100822.0,1101033.0,1101182.0,1101379.0,1101599.0,1101790.0,1101981.0,1102155.0,1102385.0,1102559.0,1102751.0,1102933.0,1103135.0,1103356.0,1103560.0,1103775.0,1103952.0,1104143.0,1104308.0,1104496.0,1104705.0,1104951.0,1105165.0,1105423.0,1105641.0,1105853.0,1105986.0,1106174.0,1106364.0,1106554.0,1106720.0,1106915.0,,1107328.0,1107528.0,1107761.0,1107957.0,1108153.0,1108339.0,1108540.0,1108734.0,1108928.0,1109131.0,1109372.0,1109596.0,1109868.0,1110080.0,1110280.0,1110472.0,1110671.0,1110830.0,1111022.0,1111198.0,1111392.0,1111552.0,1111747.0,1111930.0,1112132.0,1112326.0,1112496.0,1112657.0,1112814.0,1113006.0,1113185.0,1113384.0,1113581.0,1113798.0,1114005.0,1114227.0,1114451.0,1114627.0,1114898.0,1115150.0,1115378.0,1115581.0,1115803.0,1116055.0,1116311.0,1116522.0,1116736.0,1116940.0,1117192.0,1117438.0,1117646.0,1118065.0,1118343.0,1118643.0,1118941.0,1119151.0,1119386.0,1119657.0,1119887.0,1120089.0,1120281.0,1120494.0,1120739.0,1120883.0,1121068.0,1121248.0,1121442.0,1121620.0,1121786.0,1121947.0,1122138.0,1122309.0,1122481.0,1122647.0,1122809.0,1123017.0,1123225.0,1123394.0,1123574.0,1123768.0,1123948.0,1124108.0,1124279.0,1124476.0,1124659.0,1124816.0,1124971.0,1125130.0,1125287.0,1125465.0,1125646.0,1125800.0,1125959.0,1126098.0,1126277.0,1126425.0,1126559.0,1126726.0,1126882.0,1127036.0,1127182.0,1127328.0,1127457.0,1127613.0,1127773.0,1127882.0,1128054.0,1128210.0,1128372.0,1128546.0,1128727.0,1128862.0,1129032.0,1129202
2temfTF6FAA,2877856.0,2878451.0,2879039.0,2879631.0,2880182.0,2880908.0,2881761.0,2882488.0,2883226.0,2883943.0,2884661.0,2885371.0,2886187.0,2887064.0,2888250.0,2889355.0,2890359.0,2891270.0,2892258.0,2893110.0,2893999.0,2894805.0,2895572.0,2896297.0,2896937.0,2897563.0,2898258.0,2899055.0,2899913.0,2900815.0,2901677.0,2902478.0,2903252.0,2904169.0,2904858.0,2905489.0,2906296.0,2907038.0,2907804.0,2908580.0,2909465.0,2910197.0,2910973.0,2911687.0,2912470.0,2913146.0,2913728.0,2914274.0,2914860.0,2915358.0,2915856.0,2916351.0,2916823.0,2917282.0,2917771.0,2918379.0,2918868.0,2919333.0,2919853.0,2920321.0,2920865.0,2921325.0,2921851.0,2922323.0,2922732.0,2923186.0,2923693.0,2924185.0,2924572.0,2925062.0,2925493.0,2926023.0,2926453.0,2926853.0,2927287.0,2927751.0,2928309.0,2928802.0,2929323.0,2929909.0,2930389.0,2930821.0,2931290.0,2931793.0,2932175.0,2932612.0,2933060.0,2933508.0,2933915.0,2934336.0,2934786.0,2935255.0,2935717.0,2936209.0,2936562.0,2937060.0,2937422.0,2937819.0,2938230.0,2938648.0,2939141.0,2939529.0,2940000.0,2940426.0,2940909.0,2941418.0,2941877.0,2942295.0,2942883.0,2943281.0,2943711.0,2944229.0,2944703.0,2945178.0,2945713.0,2946271.0,2946754.0,2947293.0,2947814.0,2948262.0,2948694.0,2949136.0,2949556.0,2949918.0,2950395.0,2950945.0,2951386.0,2951947.0,2952412.0,2952968.0,2953439.0,2953885.0,2954427.0,2954935.0,,,,,,,,,2959292.0,2959722.0,2960085.0,2960513.0,2960977.0,2961461.0,2961946.0,2962393.0,2962868.0,2963211.0,2963681.0,2964083.0,2964497.0,2964932.0,2965355.0,2965761.0,2966203.0,2966659.0,2967112.0,2967606.0,2968109.0,2968624.0,2969116.0,2969638.0,2970201.0,2970738.0,2971347.0,2971871.0,2972386.0,2972856.0,2973339.0,2973831.0,2974347.0,2974819.0,2975272.0,2975747.0,2976261.0,2976712.0,2977189.0,2977733.0,2978213.0,2978762.0,2979209.0,2979704.0,2980121.0,2980550.0,2981066.0,2981677.0,2982203.0,2982714.0,2983205.0,2983657.0,2984082.0,2984498.0,2984868.0,2985278.0,2985659.0,2986072.0,2986504.0,2986991.0,2987449.0,2987803.0,2988137.0,2988490.0,2988859.0,2989192.0,2989647.0,2990053.0,2990308.0,2990610.0,2991005.0,2991331.0,2991751.0,2992217.0,2992620.0,2993083.0,2993529.0,2993978.0,2994366.0,2994857.0,2995275.0,2995686.0,2996056.0,2996560.0,2996944.0,2997317.0,2997744.0,2998169.0,2998573.0,2999007.0,2999433.0,2999892.0,3000343.0,3000716.0,3001199.0,3001731.0,3002192.0,3002622.0,3003010.0,3003432.0,3003839.0,3004257.0,3004647.0,3005063.0,3005474.0,3005848.0,3006281.0,3006656.0,3007158.0,3007545.0,3007979.0,3008460.0,3008807.0,3009122.0,3009524.0,3009897.0,3010289.0,3010724.0,3011235.0,3011687.0,3012162.0,,3013149.0,3013687.0,3014198.0,3014651.0,3015067.0,3015450.0,3015914.0,3016431.0,3016895.0,3017405.0,3017922.0,3018534.0,3018985.0,3019468.0,3019928.0,3020494.0,3021002.0,3021475.0,3021958.0,3022420.0,3022922.0,3023433.0,3023920.0,3024424.0,3024808.0,3025222.0,3025609.0,3026020.0,3026466.0,3026906.0,3027378.0,3027800.0,3028210.0,3028612.0,3029072.0,3029606.0,3030047.0,3030511.0,3031009.0,3031507.0,3031964.0,3032458.0,3032973.0,3033457.0,3033931.0,3034401.0,3034832.0,3035298.0,3035711.0,3036116.0,3036463.0,3036927.0,3037322.0,3037741.0,3038127.0,3038575.0,3039009.0,3039447.0,3039813.0,3040197.0,3040571.0,3040937.0,3041336.0,3041727.0,3042093.0,3042495.0,3042821.0,3043197.0,3043585.0,3044078.0,3044441.0,3044814.0,3045176.0,3045534.0,3045932.0,3046319.0,3046725.0,3047061.0,3047369.0,3047713.0,3048061.0,3048407.0,3048707.0,3049035.0,3049358.0,3049723.0,3050081.0,3050431.0,3050732.0,3051047.0,3051420.0,3051826.0,3052111.0,3052475.0,3052815.0,3053132.0,3053412.0,3053782.0,3054103.0,3054417.0,3054797.0,3055059.0,3055345.0,3055605.0,3055958.0,3056243.0,3056539.0,3056891.0,3057182.0,3057413.0,3057695.0,3057979.0,3058282.0,3058573
RW0caiL9CG0,481.0,481.0,481.0,481.0,481.0,481.0,481.0,481.0,481.0,481.0,481.0,481.0,481.0,481.0,481.0,481.0,481.0,481.0,481.0,481.0,481.0,481.0,481.0,481.0,481.0,481.0,481.0,481.0,481.0,481.0,481.0,481.0,481.0,481.0,481.0,481.0,481.0,481.0,481.0,481.0,481.0,481.0,481.0,481.0,481.0,481.0,481.0,481.0,481.0,481.0,481.0,481.0,481.0,481.0,481.0,481.0,481.0,481.0,481.0,481.0,481.0,481.0,481.0,481.0,481.0,481.0,481.0,481.0,481.0,481.0,481.0,481.0,481.0,481.0,481.0,481.0,481.0,481.0,481.0,481.0,481.0,481.0,481.0,481.0,481.0,481.0,481.0,481.0,481.0,481.0,481.0,481.0,481.0,481.0,481.0,481.0,481.0,481.0,481.0,481.0,481.0,481.0,481.0,481.0,481.0,481.0,481.0,481.0,481.0,481.0,481.0,481.0,481.0,481.0,481.0,481.0,481.0,481.0,481.0,481.0,481.0,481.0,481.0,481.0,481.0,481.0,481.0,481.0,481.0,481.0,481.0,481.0,481.0,481.0,,,,,,,,,481.0,481.0,481.0,481.0,481.0,481.0,481.0,481.0,481.0,481.0,481.0,481.0,481.0,481.0,481.0,481.0,481.0,481.0,481.0,481.0,481.0,481.0,481.0,481.0,481.0,481.0,481.0,481.0,481.0,481.0,481.0,481.0,481.0,481.0,481.0,481.0,481.0,481.0,481.0,481.0,481.0,481.0,481.0,481.0,481.0,481.0,481.0,481.0,481.0,481.0,481.0,481.0,481.0,481.0,481.0,481.0,481.0,481.0,481.0,481.0,481.0,481.0,481.0,481.0,481.0,481.0,481.0,481.0,481.0,481.0,481.0,481.0,481.0,481.0,481.0,481.0,481.0,481.0,481.0,481.0,481.0,481.0,481.0,481.0,481.0,481.0,481.0,481.0,481.0,481.0,481.0,481.0,481.0,481.0,481.0,481.0,481.0,481.0,481.0,481.0,481.0,481.0,481.0,481.0,481.0,481.0,481.0,481.0,481.0,481.0,481.0,481.0,481.0,481.0,481.0,481.0,481.0,481.0,481.0,481.0,481.0,,481.0,481.0,481.0,481.0,481.0,481.0,481.0,481.0,481.0,481.0,481.0,481.0,481.0,481.0,481.0,481.0,481.0,481.0,481.0,481.0,481.0,481.0,481.0,481.0,481.0,481.0,481.0,481.0,481.0,481.0,481.0,481.0,481.0,481.0,481.0,481.0,481.0,481.0,481.0,481.0,481.0,481.0,481.0,481.0,481.0,481.0,481.0,481.0,481.0,481.0,481.0,481.0,481.0,481.0,481.0,481.0,481.0,481.0,481.0,481.0,481.0,481.0,481.0,481.0,481.0,481.0,481.0,481.0,481.0,481.0,481.0,481.0,481.0,481.0,481.0,481.0,481.0,481.0,481.0,481.0,481.0,481.0,481.0,481.0,481.0,481.0,481.0,481.0,481.0,481.0,481.0,481.0,481.0,481.0,481.0,481.0,481.0,481.0,481.0,481.0,481.0,481.0,481.0,481.0,481.0,481.0,481.0,481.0,481.0,481.0,481.0,481.0,481.0,481
_YlaLIsKgS4,147.0,147.0,147.0,147.0,147.0,147.0,147.0,147.0,147.0,147.0,147.0,147.0,147.0,147.0,147.0,147.0,147.0,147.0,147.0,147.0,147.0,147.0,147.0,147.0,147.0,147.0,147.0,147.0,147.0,147.0,147.0,147.0,147.0,147.0,147.0,147.0,147.0,147.0,147.0,147.0,147.0,147.0,147.0,147.0,147.0,147.0,147.0,147.0,147.0,147.0,147.0,147.0,147.0,147.0,147.0,147.0,147.0,147.0,147.0,147.0,147.0,147.0,147.0,147.0,147.0,147.0,147.0,147.0,147.0,147.0,147.0,147.0,147.0,147.0,147.0,147.0,147.0,147.0,147.0,147.0,147.0,147.0,147.0,147.0,147.0,147.0,147.0,147.0,147.0,147.0,147.0,147.0,147.0,147.0,147.0,147.0,147.0,147.0,147.0,147.0,147.0,147.0,147.0,147.0,147.0,147.0,147.0,147.0,147.0,147.0,147.0,147.0,147.0,147.0,147.0,147.0,147.0,147.0,147.0,147.0,147.0,147.0,147.0,147.0,147.0,147.0,147.0,147.0,147.0,147.0,147.0,147.0,147.0,147.0,,,,,,,,,147.0,147.0,147.0,147.0,147.0,147.0,147.0,147.0,147.0,147.0,147.0,147.0,147.0,147.0,147.0,147.0,147.0,147.0,147.0,147.0,147.0,147.0,147.0,147.0,147.0,147.0,147.0,147.0,147.0,147.0,147.0,147.0,147.0,147.0,147.0,147.0,147.0,147.0,147.0,147.0,147.0,147.0,147.0,147.0,147.0,147.0,147.0,147.0,147.0,147.0,147.0,147.0,147.0,147.0,147.0,147.0,147.0,147.0,147.0,147.0,147.0,147.0,147.0,147.0,147.0,147.0,147.0,147.0,147.0,147.0,147.0,147.0,147.0,147.0,147.0,147.0,147.0,147.0,147.0,147.0,147.0,147.0,147.0,147.0,147.0,147.0,147.0,147.0,147.0,147.0,147.0,147.0,147.0,147.0,147.0,147.0,147.0,147.0,147.0,147.0,147.0,147.0,147.0,147.0,147.0,147.0,147.0,147.0,147.0,147.0,147.0,147.0,147.0,147.0,147.0,147.0,147.0,147.0,147.0,147.0,147.0,,147.0,147.0,147.0,147.0,147.0,147.0,147.0,147.0,147.0,147.0,147.0,147.0,147.0,147.0,147.0,147.0,147.0,147.0,147.0,147.0,147.0,147.0,147.0,147.0,147.0,147.0,147.0,147.0,147.0,147.0,147.0,147.0,147.0,147.0,147.0,147.0,147.0,147.0,147.0,147.0,147.0,147.0,147.0,147.0,147.0,147.0,147.0,147.0,147.0,147.0,147.0,147.0,147.0,147.0,147.0,147.0,147.0,147.0,147.0,147.0,147.0,147.0,147.0,147.0,147.0,147.0,147.0,147.0,147.0,147.0,147.0,147.0,147.0,147.0,147.0,147.0,147.0,147.0,147.0,147.0,147.0,147.0,147.0,147.0,147.0,147.0,147.0,147.0,147.0,147.0,147.0,147.0,147.0,147.0,147.0,147.0,147.0,147.0,147.0,147.0,147.0,147.0,147.0,147.0,147.0,147.0,147.0,147.0,147.0,147.0,147.0,147.0,147.0,147
7wdd5n4d40c,4307.0,4307.0,4307.0,4307.0,4307.0,4307.0,4307.0,4307.0,4307.0,4307.0,4310.0,4313.0,4313.0,4313.0,4313.0,4313.0,4313.0,4314.0,4314.0,4326.0,4334.0,4335.0,4335.0,4336.0,4338.0,4339.0,4341.0,4347.0,4347.0,4347.0,4347.0,4349.0,4355.0,4355.0,4355.0,4356.0,4356.0,4356.0,4357.0,4358.0,4358.0,4358.0,4358.0,4358.0,4358.0,4360.0,4361.0,4361.0,4361.0,4361.0,4361.0,4361.0,4361.0,4361.0,4362.0,4362.0,4362.0,4362.0,4362.0,4363.0,4363.0,4363.0,4363.0,4363.0,4363.0,4363.0,4363.0,4364.0,4364.0,4364.0,4364.0,4365.0,4365.0,4365.0,4365.0,4365.0,4365.0,4365.0,4366.0,4366.0,4367.0,4367.0,4367.0,4368.0,4368.0,4368.0,4368.0,4368.0,4368.0,4368.0,4368.0,4368.0,4368.0,4368.0,4370.0,4370.0,4370.0,4370.0,4370.0,4370.0,4370.0,4371.0,4371.0,4372.0,4373.0,4373.0,4373.0,4373.0,4373.0,4373.0,4373.0,4373.0,4373.0,4374.0,4374.0,4374.0,4374.0,4374.0,4374.0,4374.0,4374.0,4376.0,4376.0,4376.0,4376.0,4376.0,4376.0,4376.0,4376.0,4376.0,4376.0,4376.0,4376.0,4376.0,,,,,,,,,4379.0,4379.0,4379.0,4379.0,4379.0,4380.0,4381.0,4381.0,4381.0,4381.0,4381.0,4381.0,4381.0,4381.0,4381.0,4382.0,4383.0,4383.0,4383.0,4383.0,4384.0,4384.0,4384.0,4384.0,4384.0,4384.0,4384.0,4384.0,4384.0,4384.0,4384.0,4385.0,4386.0,4386.0,4386.0,4386.0,4387.0,4387.0,4387.0,4387.0,4388.0,4388.0,4388.0,4388.0,4389.0,4390.0,4390.0,4390.0,4390.0,4390.0,4390.0,4390.0,4390.0,4391.0,4391.0,4391.0,4391.0,4391.0,4391.0,4391.0,4391.0,4391.0,4392.0,4392.0,4392.0,4392.0,4392.0,4392.0,4392.0,4392.0,4392.0,4392.0,4392.0,4392.0,4392.0,4392.0,4392.0,4392.0,4392.0,4393.0,4393.0,4393.0,4393.0,4394.0,4395.0,4395.0,4395.0,4395.0,4395.0,4395.0,4395.0,4395.0,4395.0,4395.0,4395.0,4395.0,4395.0,4395.0,4395.0,4395.0,4395.0,4395.0,4395.0,4395.0,4395.0,4395.0,4395.0,4395.0,4396.0,4396.0,4396.0,4396.0,4396.0,4396.0,4396.0,4397.0,4397.0,4397.0,4397.0,4397.0,4397.0,,4398.0,4398.0,4398.0,4398.0,4398.0,4403.0,4403.0,4403.0,4403.0,4403.0,4403.0,4403.0,4403.0,4403.0,4403.0,4403.0,4404.0,4404.0,4404.0,4404.0,4404.0,4404.0,4404.0,4405.0,4405.0,4405.0,4405.0,4405.0,4406.0,4406.0,4406.0,4406.0,4406.0,4406.0,4406.0,4406.0,4406.0,4406.0,4406.0,4406.0,4406.0,4406.0,4406.0,4406.0,4406.0,4406.0,4406.0,4406.0,4406.0,4406.0,4406.0,4406.0,4406.0,4406.0,4406.0,4406.0,4406.0,4406.0,4406.0,4406.0,4407.0,4407.0,4407.0,4407.0,4408.0,4409.0,4409.0,4409.0,4409.0,4409.0,4409.0,4409.0,4409.0,4409.0,4409.0,4409.0,4409.0,4409.0,4409.0,4409.0,4409.0,4409.0,4409.0,4410.0,4410.0,4410.0,4410.0,4410.0,4410.0,4412.0,4412.0,4412.0,4412.0,4412.0,4412.0,4413.0,4413.0,4413.0,4413.0,4415.0,4415.0,4415.0,4416.0,4416.0,4417.0,4417.0,4417.0,4417.0,4417.0,4417.0,4417.0,4417.0,4417.0,4417
oDGIBEzSHd8,1759.0,1761.0,1761.0,1761.0,1761.0,1762.0,1762.0,1762.0,1762.0,1764.0,1764.0,1766.0,1766.0,1767.0,1767.0,1767.0,1768.0,1768.0,1770.0,1773.0,1773.0,1773.0,1773.0,1775.0,1775.0,1775.0,1776.0,1777.0,1778.0,1778.0,1778.0,1778.0,1784.0,1785.0,1786.0,1786.0,1788.0,1788.0,1788.0,1789.0,1789.0,1790.0,1790.0,1791.0,1795.0,1795.0,1795.0,1795.0,1795.0,1796.0,1796.0,1798.0,1799.0,1800.0,1800.0,1803.0,1803.0,1803.0,1803.0,1804.0,1806.0,1806.0,1809.0,1810.0,1810.0,1810.0,1810.0,1810.0,1811.0,1812.0,1813.0,1815.0,1815.0,1815.0,1815.0,1817.0,1818.0,1819.0,1819.0,1819.0,1819.0,1819.0,1820.0,1820.0,1821.0,1823.0,1823.0,1824.0,1824.0,1825.0,1826.0,1826.0,1826.0,1829.0,1829.0,1829.0,1830.0,1831.0,1833.0,1833.0,1834.0,1834.0,1835.0,1836.0,1836.0,1836.0,1837.0,1839.0,1840.0,1842.0,1843.0,1844.0,1844.0,1845.0,1846.0,1847.0,1850.0,1851.0,1851.0,1852.0,1853.0,1854.0,1854.0,1854.0,1854.0,1855.0,1855.0,1855.0,1855.0,1856.0,1857.0,1858.0,1858.0,1858.0,,,,,,,,,1873.0,1874.0,1876.0,1877.0,1879.0,1882.0,1882.0,1883.0,1885.0,1886.0,1889.0,1890.0,1890.0,1893.0,1894.0,1895.0,1895.0,1895.0,1896.0,1897.0,1898.0,1898.0,1899.0,1899.0,1899.0,1899.0,1900.0,1900.0,1901.0,1901.0,1901.0,1902.0,1902.0,1904.0,1904.0,1904.0,1904.0,1904.0,1905.0,1905.0,1906.0,1907.0,1907.0,1907.0,1911.0,1912.0,1912.0,1912.0,1912.0,1912.0,1913.0,1913.0,1913.0,1914.0,1916.0,1917.0,1917.0,1917.0,1917.0,1920.0,1920.0,1921.0,1923.0,1923.0,1924.0,1924.0,1925.0,1925.0,1927.0,1927.0,1929.0,1929.0,1929.0,1930.0,1930.0,1930.0,1931.0,1931.0,1931.0,1931.0,1932.0,1933.0,1934.0,1937.0,1937.0,1937.0,1938.0,1938.0,1939.0,1940.0,1940.0,1940.0,1942.0,1942.0,1942.0,1942.0,1943.0,1945.0,1945.0,1946.0,1946.0,1946.0,1947.0,1947.0,1947.0,1947.0,1947.0,1947.0,1947.0,1947.0,1947.0,1948.0,1950.0,1951.0,1951.0,1952.0,1952.0,1953.0,1953.0,1954.0,1954.0,,1956.0,1958.0,1958.0,1958.0,1959.0,1960.0,1960.0,1961.0,1963.0,1963.0,1966.0,1967.0,1967.0,1968.0,1968.0,1968.0,1969.0,1970.0,1970.0,1970.0,1970.0,1970.0,1970.0,1971.0,1971.0,1972.0,1976.0,1977.0,1979.0,1982.0,1982.0,1982.0,1982.0,1984.0,1984.0,1987.0,1989.0,1990.0,1990.0,1990.0,1993.0,1994.0,1994.0,1994.0,1995.0,1998.0,1999.0,1999.0,1999.0,2000.0,2000.0,2002.0,2003.0,2004.0,2005.0,2006.0,2006.0,2006.0,2006.0,2009.0,2009.0,2010.0,2010.0,2012.0,2013.0,2013.0,2014.0,2014.0,2014.0,2015.0,2017.0,2020.0,2020.0,2020.0,2020.0,2021.0,2023.0,2023.0,2023.0,2026.0,2027.0,2027.0,2028.0,2028.0,2028.0,2028.0,2028.0,2028.0,2028.0,2031.0,2033.0,2033.0,2032.0,2032.0,2032.0,2033.0,2034.0,2034.0,2035.0,2036.0,2037.0,2037.0,2037.0,2037.0,2037.0,2039.0,2039.0,2039.0,2040.0,2041.0,2041.0,2042.0,2042.0,2043
K_ximYMd8cM,13978.0,13979.0,13987.0,13993.0,13989.0,13990.0,13993.0,13998.0,14007.0,14004.0,14007.0,14011.0,14020.0,14022.0,14026.0,14030.0,14032.0,14032.0,14039.0,14045.0,14042.0,14051.0,14049.0,14054.0,14053.0,14056.0,14063.0,14065.0,14064.0,14065.0,14066.0,14068.0,14071.0,14073.0,14073.0,14075.0,14080.0,14087.0,14090.0,14095.0,14101.0,14109.0,14111.0,14114.0,14123.0,14126.0,14133.0,14137.0,14141.0,14147.0,14150.0,14158.0,14163.0,14169.0,14171.0,14175.0,14181.0,14186.0,14190.0,14191.0,14199.0,14206.0,14213.0,14226.0,14231.0,14233.0,14236.0,14237.0,14239.0,14240.0,14244.0,14249.0,14258.0,14260.0,14263.0,14279.0,14282.0,14290.0,14292.0,14297.0,14297.0,14298.0,14299.0,14302.0,14304.0,14307.0,14309.0,14312.0,14313.0,14321.0,14327.0,14331.0,14336.0,14337.0,14339.0,14341.0,14343.0,14349.0,14352.0,14354.0,14357.0,14365.0,14368.0,14371.0,14380.0,14389.0,14392.0,14396.0,14401.0,14410.0,14415.0,14417.0,14420.0,14422.0,14428.0,14431.0,14434.0,14436.0,14439.0,14441.0,14445.0,14449.0,14451.0,14457.0,14458.0,14463.0,14467.0,14470.0,14470.0,14476.0,14479.0,14481.0,14482.0,14486.0,,,,,,,,,14514.0,14518.0,14521.0,14522.0,14528.0,14534.0,14535.0,14539.0,14543.0,14548.0,14551.0,14556.0,14558.0,14561.0,14563.0,14564.0,14566.0,14566.0,14571.0,14571.0,14571.0,14572.0,14577.0,14578.0,14579.0,14583.0,14584.0,14587.0,14591.0,14591.0,14592.0,14595.0,14597.0,14598.0,14598.0,14599.0,14610.0,14620.0,14623.0,14632.0,14634.0,14635.0,14638.0,14641.0,14643.0,14643.0,14644.0,14646.0,14651.0,14655.0,14657.0,14661.0,14665.0,14666.0,14674.0,14673.0,14674.0,14676.0,14678.0,14679.0,14679.0,14683.0,14684.0,14684.0,14685.0,14686.0,14686.0,14687.0,14688.0,14691.0,14691.0,14694.0,14696.0,14698.0,14698.0,14703.0,14707.0,14710.0,14711.0,14713.0,14714.0,14716.0,14716.0,14718.0,14719.0,14722.0,14722.0,14725.0,14727.0,14728.0,14730.0,14733.0,14734.0,14735.0,14737.0,14737.0,14739.0,14740.0,14744.0,14746.0,14747.0,14747.0,14749.0,14750.0,14751.0,14753.0,14753.0,14753.0,14754.0,14755.0,14758.0,14758.0,14759.0,14760.0,14760.0,14761.0,14762.0,14763.0,14762.0,14762.0,14762.0,,14764.0,14766.0,14768.0,14769.0,14770.0,14770.0,14773.0,14777.0,14781.0,14784.0,14786.0,14789.0,14793.0,14798.0,14799.0,14800.0,14804.0,14818.0,14823.0,14825.0,14828.0,14829.0,14830.0,14834.0,14836.0,14840.0,14841.0,14842.0,14846.0,14850.0,14852.0,14855.0,14857.0,14861.0,14862.0,14863.0,14866.0,14868.0,14869.0,14870.0,14871.0,14873.0,14874.0,14877.0,14877.0,14879.0,14879.0,14882.0,14883.0,14884.0,14884.0,14887.0,14889.0,14893.0,14896.0,14898.0,14898.0,14899.0,14901.0,14902.0,14904.0,14907.0,14908.0,14912.0,14913.0,14914.0,14915.0,14916.0,14918.0,14921.0,14922.0,14922.0,14922.0,14923.0,14925.0,14927.0,14928.0,14932.0,14934.0,14936.0,14936.0,14938.0,14938.0,14939.0,14940.0,14941.0,14944.0,14945.0,14946.0,14947.0,14948.0,14949.0,14948.0,14948.0,14949.0,14952.0,14952.0,14955.0,14957.0,14961.0,14961.0,14962.0,14964.0,14967.0,14968.0,14970.0,14972.0,14972.0,14974.0,14977.0,14978.0,14978.0,14978.0,14979
z6zeu_J9jWA,11206.0,11206.0,11206.0,11206.0,11206.0,11206.0,11207.0,11207.0,11207.0,11207.0,11207.0,11207.0,11207.0,11207.0,11208.0,11208.0,11209.0,11209.0,11210.0,11210.0,11210.0,11211.0,11211.0,11211.0,11211.0,11211.0,11212.0,11212.0,11212.0,11212.0,11212.0,11214.0,11214.0,11214.0,11214.0,11214.0,11214.0,11214.0,11214.0,11214.0,11216.0,11216.0,11216.0,11218.0,11218.0,11218.0,11218.0,11218.0,11218.0,11219.0,11219.0,11219.0,11219.0,11220.0,11221.0,11221.0,11221.0,11222.0,11223.0,11223.0,11224.0,11225.0,11226.0,11226.0,11226.0,11227.0,11227.0,11228.0,11228.0,11228.0,11228.0,11228.0,11228.0,11228.0,11229.0,11231.0,11231.0,11231.0,11232.0,11232.0,11233.0,11234.0,11235.0,11235.0,11235.0,11235.0,11235.0,11235.0,11235.0,11235.0,11235.0,11235.0,11236.0,11236.0,11236.0,11236.0,11236.0,11237.0,11237.0,11237.0,11237.0,11238.0,11238.0,11238.0,11238.0,11238.0,11238.0,11238.0,11238.0,11238.0,11239.0,11239.0,11240.0,11241.0,11241.0,11241.0,11241.0,11241.0,11241.0,11241.0,11242.0,11242.0,11242.0,11242.0,11242.0,11242.0,11242.0,11243.0,11243.0,11243.0,11244.0,11244.0,11245.0,11246.0,,,,,,,,,11251.0,11252.0,11253.0,11253.0,11254.0,11254.0,11254.0,11255.0,11255.0,11255.0,11255.0,11255.0,11255.0,11255.0,11255.0,11255.0,11255.0,11255.0,11255.0,11255.0,11255.0,11255.0,11255.0,11256.0,11257.0,11257.0,11257.0,11257.0,11257.0,11257.0,11257.0,11257.0,11257.0,11257.0,11257.0,11257.0,11257.0,11257.0,11257.0,11257.0,11257.0,11258.0,11258.0,11258.0,11259.0,11259.0,11259.0,11259.0,11259.0,11260.0,11260.0,11260.0,11260.0,11260.0,11260.0,11260.0,11260.0,11260.0,11260.0,11260.0,11260.0,11260.0,11260.0,11260.0,11260.0,11261.0,11261.0,11261.0,11261.0,11261.0,11262.0,11263.0,11263.0,11263.0,11264.0,11265.0,11266.0,11266.0,11267.0,11267.0,11269.0,11271.0,11271.0,11271.0,11271.0,11271.0,11271.0,11271.0,11272.0,11273.0,11273.0,11273.0,11274.0,11274.0,11274.0,11275.0,11275.0,11275.0,11275.0,11275.0,11275.0,11275.0,11275.0,11275.0,11275.0,11275.0,11275.0,11275.0,11276.0,11276.0,11277.0,11277.0,11278.0,11278.0,11280.0,11280.0,11280.0,11280.0,11280.0,11280.0,11280.0,,11280.0,11281.0,11282.0,11283.0,11283.0,11284.0,11284.0,11284.0,11284.0,11284.0,11285.0,11286.0,11286.0,11286.0,11286.0,11286.0,11286.0,11286.0,11286.0,11286.0,11286.0,11286.0,11286.0,11286.0,11286.0,11286.0,11287.0,11287.0,11288.0,11288.0,11289.0,11290.0,11290.0,11290.0,11290.0,11291.0,11292.0,11292.0,11292.0,11292.0,11292.0,11292.0,11293.0,11293.0,11293.0,11293.0,11293.0,11293.0,11293.0,11293.0,11293.0,11294.0,11294.0,11294.0,11294.0,11294.0,11294.0,11294.0,11294.0,11294.0,11296.0,11297.0,11297.0,11297.0,11297.0,11298.0,11298.0,11298.0,11298.0,11298.0,11299.0,11299.0,11299.0,11299.0,11299.0,11299.0,11299.0,11299.0,11299.0,11299.0,11299.0,11299.0,11299.0,11299.0,11299.0,11299.0,11299.0,11299.0,11299.0,11299.0,11299.0,11299.0,11299.0,11299.0,11299.0,11299.0,11299.0,11299.0,11301.0,11301.0,11301.0,11301.0,11301.0,11301.0,11301.0,11301.0,11301.0,11301.0,11301.0,11301.0,11301.0,11301.0,11301.0,11302
bANUtXcWpYg,945464.0,945754.0,946137.0,946468.0,946839.0,947207.0,947535.0,947881.0,948248.0,948629.0,949012.0,949300.0,949748.0,950155.0,950546.0,951010.0,951383.0,951775.0,952383.0,952926.0,953479.0,953938.0,954438.0,954921.0,955381.0,955730.0,956131.0,956614.0,957183.0,957607.0,958059.0,958480.0,958815.0,959178.0,959505.0,959894.0,960277.0,960628.0,960980.0,961297.0,961686.0,962041.0,962373.0,962776.0,963060.0,963472.0,963800.0,964148.0,964442.0,964790.0,965127.0,965502.0,965930.0,966302.0,966666.0,967058.0,967454.0,967845.0,968191.0,968556.0,968998.0,969325.0,969713.0,970086.0,970530.0,970955.0,971373.0,971789.0,972157.0,972576.0,972942.0,973357.0,973762.0,974131.0,974486.0,974789.0,975123.0,975468.0,975786.0,976190.0,976517.0,976808.0,977131.0,977522.0,977834.0,978175.0,978538.0,978933.0,979299.0,979694.0,980013.0,980363.0,980705.0,981047.0,981384.0,981707.0,982030.0,982365.0,982721.0,983054.0,983379.0,983721.0,984013.0,984348.0,984682.0,984975.0,985333.0,985617.0,985905.0,986180.0,986438.0,986773.0,987068.0,987346.0,987655.0,987975.0,988273.0,988520.0,988855.0,989202.0,989583.0,989964.0,990325.0,990653.0,990947.0,991315.0,991623.0,991977.0,992296.0,992556.0,992824.0,993137.0,993482.0,993814.0,,,,,,,,,997341.0,997678.0,998049.0,998425.0,998783.0,999081.0,999430.0,999727.0,1000048.0,1000336.0,1000639.0,1000953.0,1001262.0,1001567.0,1001823.0,1002105.0,1002390.0,1002665.0,1002929.0,1003256.0,1003513.0,1003868.0,1004172.0,1004481.0,1004783.0,1005067.0,1005362.0,1005713.0,1005969.0,1006263.0,1006560.0,1006846.0,1007185.0,1007496.0,1007836.0,1008138.0,1008460.0,1008761.0,1009101.0,1009421.0,1009793.0,1010206.0,1010570.0,1010936.0,1011300.0,1011685.0,1011985.0,1012338.0,1012667.0,1012961.0,1013287.0,1013611.0,1013974.0,1014272.0,1014638.0,1014947.0,1015287.0,1015575.0,1015889.0,1016171.0,1016437.0,1016698.0,1016958.0,1017186.0,1017480.0,1017770.0,1018064.0,1018389.0,1018692.0,1018922.0,1019174.0,1019441.0,1019666.0,1019951.0,1020292.0,1020613.0,1020897.0,1021208.0,1021500.0,1021782.0,1022031.0,1022350.0,1022617.0,1022917.0,1023195.0,1023446.0,1023690.0,1023922.0,1024209.0,1024432.0,1024725.0,1025011.0,1025285.0,1025579.0,1025854.0,1026172.0,1026562.0,1026984.0,1027367.0,1027743.0,1028030.0,1028326.0,1028680.0,1029029.0,1029322.0,1029627.0,1029992.0,1030288.0,1030631.0,1030992.0,1031328.0,1031659.0,1031966.0,1032268.0,1032530.0,1032906.0,1033255.0,1033591.0,1033909.0,1034223.0,1034578.0,,1035285.0,1035668.0,1035980.0,1036320.0,1036645.0,1036949.0,1037205.0,1037498.0,1037810.0,1038088.0,1038419.0,1038746.0,1039055.0,1039338.0,1039633.0,1039933.0,1040273.0,1040598.0,1040903.0,1041170.0,1041402.0,1041661.0,1041958.0,1042186.0,1042493.0,1042786.0,1043076.0,1043396.0,1043738.0,1044062.0,1044404.0,1044696.0,1044993.0,1045264.0,1045560.0,1045887.0,1046250.0,1046591.0,1046919.0,1047245.0,1047539.0,1047865.0,1048142.0,1048444.0,1048721.0,1049066.0,1049419.0,1049713.0,1050006.0,1050285.0,1050590.0,1050945.0,1051253.0,1051596.0,1051882.0,1052206.0,1052478.0,1052771.0,1053073.0,1053416.0,1053743.0,1054044.0,1054326.0,1054648.0,1054959.0,1055257.0,1055520.0,1055781.0,1056062.0,1056305.0,1056566.0,1056816.0,1057119.0,1057369.0,1057662.0,1057946.0,1058217.0,1058523.0,1058834.0,1059076.0,1059328.0,1059611.0,1059879.0,1060105.0,1060420.0,1060688.0,1060992.0,1061284.0,1061579.0,1061883.0,1062143.0,1062408.0,1062680.0,1062952.0,1063239.0,1063544.0,1063796.0,1064046.0,1064328.0,1064597.0,1064850.0,1065080.0,1065383.0,1065627.0,1065865.0,1066127.0,1066392.0,1066636.0,1066883.0,1067113.0,1067343.0,1067588.0,1067828.0,1068085
bYyGkQjhwjs,8719.0,8719.0,8722.0,8723.0,8726.0,8727.0,8729.0,8730.0,8732.0,8732.0,8733.0,8737.0,8738.0,8741.0,8742.0,8743.0,8744.0,8745.0,8745.0,8746.0,8747.0,8747.0,8749.0,8749.0,8750.0,8752.0,8752.0,8752.0,8753.0,8754.0,8755.0,8756.0,8758.0,8759.0,8760.0,8759.0,8760.0,8760.0,8760.0,8760.0,8760.0,8762.0,8763.0,8764.0,8765.0,8766.0,8768.0,8769.0,8770.0,8771.0,8773.0,8776.0,8777.0,8778.0,8780.0,8781.0,8782.0,8782.0,8784.0,8783.0,8786.0,8790.0,8791.0,8792.0,8794.0,8795.0,8796.0,8796.0,8796.0,8796.0,8798.0,8798.0,8801.0,8804.0,8807.0,8810.0,8812.0,8819.0,8820.0,8823.0,8829.0,8829.0,8830.0,8832.0,8834.0,8835.0,8835.0,8837.0,8839.0,8840.0,8841.0,8842.0,8844.0,8844.0,8845.0,8846.0,8847.0,8847.0,8848.0,8850.0,8852.0,8852.0,8854.0,8855.0,8856.0,8859.0,8860.0,8861.0,8861.0,8861.0,8862.0,8864.0,8865.0,8868.0,8870.0,8870.0,8874.0,8876.0,8878.0,8878.0,8879.0,8879.0,8879.0,8881.0,8881.0,8886.0,8886.0,8887.0,8886.0,8885.0,8885.0,8885.0,8885.0,8889.0,,,,,,,,,8898.0,8898.0,8900.0,8902.0,8903.0,8905.0,8907.0,8914.0,8914.0,8914.0,8914.0,8916.0,8918.0,8918.0,8918.0,8920.0,8920.0,8921.0,8922.0,8923.0,8924.0,8924.0,8925.0,8926.0,8928.0,8930.0,8935.0,8935.0,8936.0,8938.0,8938.0,8939.0,8940.0,8941.0,8944.0,8946.0,8947.0,8948.0,8948.0,8948.0,8951.0,8952.0,8952.0,8958.0,8958.0,8959.0,8960.0,8962.0,8961.0,8963.0,8966.0,8966.0,8967.0,8967.0,8968.0,8968.0,8969.0,8969.0,8971.0,8971.0,8973.0,8972.0,8972.0,8977.0,8977.0,8980.0,8981.0,8984.0,8989.0,8991.0,8991.0,8992.0,8992.0,8993.0,8994.0,8994.0,8995.0,8997.0,8996.0,8998.0,8999.0,9000.0,9000.0,9001.0,9001.0,9005.0,9007.0,9008.0,9006.0,9006.0,9006.0,9006.0,9006.0,9008.0,9008.0,9009.0,9012.0,9013.0,9014.0,9016.0,9017.0,9017.0,9017.0,9018.0,9019.0,9019.0,9019.0,9020.0,9020.0,9020.0,9021.0,9022.0,9023.0,9023.0,9024.0,9024.0,9027.0,9027.0,9028.0,9029.0,9030.0,,9031.0,9031.0,9031.0,9032.0,9032.0,9034.0,9034.0,9036.0,9036.0,9036.0,9036.0,9037.0,9039.0,9039.0,9039.0,9041.0,9042.0,9044.0,9045.0,9047.0,9047.0,9050.0,9052.0,9053.0,9054.0,9055.0,9055.0,9055.0,9055.0,9056.0,9057.0,9058.0,9060.0,9062.0,9062.0,9063.0,9063.0,9064.0,9066.0,9068.0,9072.0,9079.0,9081.0,9081.0,9083.0,9085.0,9087.0,9091.0,9092.0,9092.0,9094.0,9095.0,9097.0,9100.0,9100.0,9101.0,9104.0,9106.0,9107.0,9108.0,9109.0,9109.0,9110.0,9110.0,9113.0,9115.0,9118.0,9121.0,9122.0,9122.0,9124.0,9124.0,9124.0,9127.0,9127.0,9128.0,9128.0,9129.0,9129.0,9130.0,9133.0,9136.0,9137.0,9139.0,9141.0,9142.0,9148.0,9153.0,9158.0,9161.0,9164.0,9166.0,9168.0,9173.0,9172.0,9173.0,9176.0,9178.0,9179.0,9180.0,9182.0,9185.0,9188.0,9189.0,9189.0,9190.0,9192.0,9192.0,9192.0,9192.0,9192.0,9193.0,9192.0,9194
SsUhXv2kY8o,11848.0,11849.0,11852.0,11852.0,11853.0,11853.0,11854.0,11855.0,11855.0,11858.0,11860.0,11862.0,11863.0,11865.0,11865.0,11866.0,11866.0,11866.0,11867.0,11868.0,11868.0,11868.0,11868.0,11868.0,11870.0,11870.0,11872.0,11873.0,11873.0,11875.0,11875.0,11877.0,11879.0,11880.0,11880.0,11881.0,11882.0,11882.0,11883.0,11884.0,11884.0,11884.0,11884.0,11885.0,11888.0,11890.0,11891.0,11894.0,11894.0,11895.0,11906.0,11907.0,11911.0,11912.0,11912.0,11913.0,11916.0,11917.0,11920.0,11922.0,11926.0,11926.0,11926.0,11927.0,11928.0,11928.0,11929.0,11929.0,11929.0,11929.0,11929.0,11929.0,11929.0,11931.0,11933.0,11935.0,11935.0,11935.0,11936.0,11937.0,11938.0,11938.0,11939.0,11939.0,11940.0,11942.0,11943.0,11944.0,11945.0,11947.0,11948.0,11948.0,11948.0,11949.0,11950.0,11950.0,11952.0,11952.0,11953.0,11953.0,11953.0,11953.0,11953.0,11961.0,11962.0,11963.0,11964.0,11964.0,11964.0,11964.0,11965.0,11966.0,11966.0,11966.0,11966.0,11967.0,11967.0,11969.0,11970.0,11971.0,11973.0,11973.0,11974.0,11975.0,11976.0,11976.0,11976.0,11976.0,11976.0,11977.0,11980.0,11980.0,11980.0,11983.0,,,,,,,,,11996.0,11998.0,12002.0,12012.0,12036.0,12048.0,12085.0,12118.0,12130.0,12136.0,12154.0,12166.0,12174.0,12180.0,12184.0,12187.0,12194.0,12200.0,12204.0,12207.0,12207.0,12209.0,12210.0,12210.0,12210.0,12213.0,12213.0,12213.0,12213.0,12213.0,12213.0,12213.0,12214.0,12214.0,12214.0,12214.0,12215.0,12219.0,12220.0,12221.0,12221.0,12221.0,12221.0,12222.0,12223.0,12223.0,12223.0,12224.0,12224.0,12224.0,12224.0,12224.0,12224.0,12224.0,12224.0,12224.0,12224.0,12224.0,12224.0,12226.0,12227.0,12228.0,12228.0,12228.0,12229.0,12229.0,12229.0,12229.0,12229.0,12229.0,12229.0,12230.0,12230.0,12231.0,12232.0,12233.0,12233.0,12234.0,12235.0,12235.0,12235.0,12235.0,12236.0,12237.0,12237.0,12238.0,12237.0,12240.0,12240.0,12240.0,12240.0,12241.0,12241.0,12242.0,12243.0,12243.0,12243.0,12243.0,12244.0,12244.0,12244.0,12244.0,12244.0,12245.0,12245.0,12245.0,12245.0,12245.0,12245.0,12245.0,12246.0,12246.0,12246.0,12246.0,12246.0,12246.0,12246.0,12247.0,12247.0,12249.0,12250.0,,12250.0,12251.0,12251.0,12251.0,12254.0,12254.0,12254.0,12254.0,12254.0,12254.0,12254.0,12255.0,12255.0,12255.0,12255.0,12255.0,12257.0,12257.0,12257.0,12257.0,12258.0,12259.0,12260.0,12260.0,12260.0,12260.0,12260.0,12260.0,12260.0,12260.0,12260.0,12261.0,12261.0,12261.0,12261.0,12263.0,12263.0,12263.0,12264.0,12265.0,12265.0,12265.0,12265.0,12265.0,12265.0,12265.0,12265.0,12265.0,12265.0,12265.0,12265.0,12265.0,12265.0,12265.0,12266.0,12267.0,12267.0,12267.0,12267.0,12268.0,12268.0,12268.0,12270.0,12270.0,12270.0,12272.0,12272.0,12272.0,12272.0,12272.0,12272.0,12272.0,12272.0,12272.0,12272.0,12273.0,12274.0,12274.0,12274.0,12274.0,12274.0,12275.0,12276.0,12276.0,12276.0,12276.0,12276.0,12276.0,12277.0,12279.0,12279.0,12279.0,12279.0,12279.0,12280.0,12282.0,12282.0,12284.0,12284.0,12284.0,12284.0,12284.0,12284.0,12285.0,12285.0,12286.0,12286.0,12287.0,12287.0,12287.0,12287.0,12287.0,12287.0,12287
-KqNpjK44y0,7090866.0,7091101.0,7091339.0,7091569.0,7091797.0,7092051.0,7092318.0,7092563.0,7092792.0,7093061.0,7093242.0,7093502.0,7093763.0,7094019.0,7094313.0,7094635.0,7094949.0,7095148.0,7095385.0,7095603.0,7095931.0,7096353.0,7096723.0,7097062.0,7097341.0,7097696.0,7097982.0,7098338.0,7098639.0,7098959.0,7099329.0,7099614.0,7099848.0,7100080.0,7100347.0,7100678.0,7100913.0,7101180.0,7101440.0,7101734.0,7102014.0,7102312.0,7102587.0,7102876.0,7103146.0,7103392.0,7103647.0,7103891.0,7104130.0,7104404.0,7104708.0,7104970.0,7105238.0,7105481.0,7105752.0,7106031.0,7106326.0,7106619.0,7106880.0,7107109.0,7107336.0,7107620.0,7107852.0,7108150.0,7108432.0,7108816.0,7109253.0,7109990.0,7110876.0,7112253.0,7113069.0,7113630.0,7114089.0,7114518.0,7114967.0,7115323.0,7115727.0,7116122.0,7116432.0,7116718.0,7116989.0,7117265.0,7117582.0,7117868.0,7118130.0,7118431.0,7118676.0,7118898.0,7119130.0,7119407.0,7119642.0,7119888.0,7120185.0,7120474.0,7120771.0,7121073.0,7121316.0,7121545.0,7121764.0,7121978.0,7122198.0,7122436.0,7122666.0,7122921.0,7123144.0,7123390.0,7123601.0,7123813.0,7124085.0,7124315.0,7124527.0,7124771.0,7124978.0,7125198.0,7125432.0,7125657.0,7125924.0,7126156.0,7126411.0,7126665.0,7126918.0,7127121.0,7127291.0,7127521.0,7127745.0,7128016.0,7128231.0,7128435.0,7128599.0,7128780.0,7129001.0,7129187.0,7129432.0,7129642.0,,,,,,,,,7131720.0,7131959.0,7132195.0,7132388.0,7132601.0,7132769.0,7132966.0,7133178.0,7133363.0,7133522.0,7133719.0,7133955.0,7134215.0,7134443.0,7134638.0,7134845.0,7135001.0,7135239.0,7135437.0,7135616.0,7135798.0,7135963.0,7136126.0,7136275.0,7136488.0,7136704.0,7136865.0,7137027.0,7137202.0,7137397.0,7137575.0,7137775.0,7137970.0,7138143.0,7138300.0,7138460.0,7138664.0,7138825.0,7139033.0,7139234.0,7139429.0,7139610.0,7139797.0,7140004.0,7140191.0,7140412.0,7140627.0,7140791.0,7140972.0,7141167.0,7141356.0,7141531.0,7141693.0,7141845.0,7142006.0,7142157.0,7142366.0,7142573.0,7142761.0,7142997.0,7143233.0,7143440.0,7143614.0,7143796.0,7143955.0,7144128.0,7144307.0,7144498.0,7144699.0,7144870.0,7145089.0,7145304.0,7145503.0,7145749.0,7145955.0,7146173.0,7146421.0,7146657.0,7146829.0,7147001.0,7147260.0,7147490.0,7147736.0,7147955.0,7148168.0,7148367.0,7148604.0,7148845.0,7149051.0,7149265.0,7149494.0,7149729.0,7149932.0,7150180.0,7150413.0,7150658.0,7150839.0,7151067.0,7151286.0,7151470.0,7151674.0,7151840.0,7152082.0,7152265.0,7152499.0,7152720.0,7152913.0,7153151.0,7153378.0,7153605.0,7153825.0,7154058.0,7154289.0,7154537.0,7154739.0,7154920.0,7155152.0,7155357.0,7155544.0,7155750.0,7155894.0,,7156313.0,7156520.0,7156706.0,7156947.0,7157133.0,7157359.0,7157617.0,7157818.0,7158048.0,7158231.0,7158416.0,7158600.0,7158811.0,7159060.0,7159272.0,7159548.0,7159789.0,7160054.0,7160312.0,7160578.0,7160848.0,7161081.0,7161385.0,7161686.0,7162019.0,7162351.0,7162658.0,7163011.0,7163660.0,7164108.0,7164456.0,7164854.0,7165183.0,7165452.0,7165761.0,7166068.0,7166353.0,7166638.0,7166923.0,7167159.0,7167401.0,7167648.0,7167903.0,7168106.0,7168368.0,7168590.0,7168867.0,7169111.0,7169343.0,7169622.0,7169824.0,7170078.0,7170314.0,7170530.0,7170749.0,7170986.0,7171223.0,7171410.0,7171628.0,7171857.0,7172105.0,7172344.0,7172595.0,7172805.0,7173036.0,7173239.0,7173451.0,7173685.0,7173908.0,7174103.0,7174338.0,7174604.0,7174835.0,7175110.0,7175428.0,7175697.0,7175945.0,7176157.0,7176362.0,7176571.0,7176766.0,7176972.0,7177170.0,7177361.0,7177578.0,7177746.0,7177930.0,7178126.0,7178319.0,7178537.0,7178784.0,7179007.0,7179206.0,7179430.0,7179678.0,7179906.0,7180143.0,7180387.0,7180621.0,7180863.0,7181072.0,7181321.0,7181504.0,7181670.0,7181825.0,7182012.0,7182210.0,7182397.0,7182597.0,7182749.0,7182923.0,7183089.0,7183251.0,7183433
DX8sssS3Gnc,920321.0,920529.0,920767.0,921012.0,921255.0,921486.0,921792.0,922096.0,922302.0,922611.0,922851.0,923133.0,923419.0,923714.0,923967.0,924205.0,924517.0,924765.0,924997.0,925249.0,925496.0,925774.0,926027.0,926329.0,926611.0,926852.0,927137.0,927353.0,927616.0,927921.0,928205.0,928437.0,928658.0,928928.0,929189.0,929472.0,929738.0,930000.0,930249.0,930514.0,930804.0,931078.0,931401.0,931709.0,932008.0,932223.0,932509.0,932788.0,933029.0,933305.0,933594.0,933836.0,934051.0,934298.0,934583.0,934835.0,935061.0,935329.0,935522.0,935773.0,936008.0,936255.0,936469.0,936729.0,936928.0,937211.0,937506.0,937678.0,937924.0,938316.0,938504.0,938665.0,938870.0,939114.0,939330.0,939530.0,939809.0,940067.0,940323.0,940570.0,940815.0,941080.0,941368.0,941594.0,941844.0,942127.0,942362.0,942588.0,942841.0,943109.0,943306.0,943554.0,943752.0,943969.0,944182.0,944463.0,944713.0,944929.0,945136.0,945386.0,945596.0,945787.0,946033.0,946249.0,946451.0,946701.0,946925.0,947167.0,947359.0,947563.0,947758.0,947953.0,948234.0,948475.0,948692.0,948908.0,949175.0,949416.0,949599.0,949829.0,950036.0,950267.0,950521.0,950717.0,950897.0,951113.0,951368.0,951629.0,951873.0,952093.0,952398.0,952658.0,952924.0,953271.0,,,,,,,,,955348.0,955561.0,955760.0,955947.0,956152.0,956384.0,956570.0,956738.0,956955.0,957155.0,957324.0,957528.0,957751.0,957969.0,958247.0,958436.0,958615.0,958811.0,959005.0,959201.0,959370.0,959549.0,959735.0,959913.0,960110.0,960315.0,960474.0,960649.0,960849.0,961037.0,961270.0,961473.0,961687.0,961874.0,962084.0,962276.0,962461.0,962636.0,962827.0,963058.0,963245.0,963482.0,963708.0,963911.0,964101.0,964340.0,964504.0,964732.0,964953.0,965172.0,965376.0,965606.0,965819.0,966020.0,966213.0,966427.0,966639.0,966868.0,967094.0,967332.0,967553.0,967750.0,967914.0,968104.0,968293.0,968509.0,968712.0,968931.0,969113.0,969304.0,969548.0,969794.0,970087.0,970368.0,970628.0,970841.0,971077.0,971303.0,971523.0,971766.0,971999.0,972199.0,972553.0,972845.0,973117.0,973364.0,973569.0,973833.0,974061.0,974355.0,974613.0,974855.0,975065.0,975326.0,975647.0,975946.0,976230.0,976511.0,976811.0,977077.0,977338.0,977600.0,977925.0,978187.0,978405.0,978726.0,979007.0,979236.0,979514.0,979813.0,980096.0,980377.0,980678.0,980934.0,981166.0,981414.0,981657.0,981906.0,982090.0,982333.0,982520.0,,982925.0,983143.0,983375.0,983648.0,983847.0,984071.0,984317.0,984566.0,984737.0,985015.0,985245.0,985476.0,985716.0,985965.0,986160.0,986433.0,986682.0,986951.0,987162.0,987392.0,987648.0,987895.0,988189.0,988466.0,988814.0,989153.0,989442.0,989822.0,990417.0,990821.0,991246.0,991586.0,991947.0,992228.0,992576.0,992934.0,993281.0,993636.0,994003.0,994328.0,994633.0,994928.0,995197.0,995459.0,995768.0,996065.0,996319.0,996609.0,996894.0,997156.0,997421.0,997631.0,997841.0,998087.0,998288.0,998484.0,998715.0,998943.0,999128.0,999322.0,999547.0,999754.0,1000007.0,1000231.0,1000457.0,1000680.0,1000903.0,1001088.0,1001343.0,1001555.0,1001764.0,1001983.0,1002231.0,1002447.0,1002740.0,1002995.0,1003265.0,1003645.0,1003948.0,1004200.0,1004449.0,1004674.0,1004929.0,1005206.0,1005488.0,1005759.0,1006026.0,1006334.0,1006610.0,1006841.0,1007060.0,1007314.0,1007575.0,1007829.0,1008066.0,1008355.0,1008614.0,1008823.0,1009086.0,1009395.0,1009699.0,1010000.0,1010355.0,1010583.0,1010812.0,1011117.0,1011401.0,1011671.0,1011948.0,1012233.0,1012479.0,1012730.0,1012980.0,1013223
h-TC5WMnx08,4081.0,4087.0,4092.0,4098.0,4102.0,4102.0,4106.0,4109.0,4113.0,4118.0,4122.0,4126.0,4127.0,4132.0,4137.0,4142.0,4146.0,4151.0,4155.0,4158.0,4163.0,4168.0,4173.0,4177.0,4181.0,4184.0,4184.0,4188.0,4192.0,4196.0,4200.0,4206.0,4210.0,4210.0,4217.0,4221.0,4221.0,4221.0,4221.0,4221.0,4221.0,4221.0,4222.0,4227.0,4232.0,4235.0,4238.0,4238.0,4241.0,4246.0,4250.0,4255.0,4259.0,4264.0,4264.0,4269.0,4273.0,4276.0,4280.0,4284.0,4290.0,4290.0,4290.0,4291.0,4291.0,4291.0,4291.0,4294.0,4294.0,4296.0,4297.0,4301.0,4305.0,4309.0,4312.0,4314.0,4317.0,4320.0,4322.0,4325.0,4327.0,4331.0,4331.0,4334.0,4337.0,4340.0,4345.0,4351.0,4355.0,4356.0,4361.0,4364.0,4367.0,4370.0,4373.0,4376.0,4376.0,4381.0,4384.0,4387.0,4391.0,4395.0,4398.0,4398.0,4402.0,4405.0,4409.0,4413.0,4416.0,4419.0,4419.0,4423.0,4426.0,4430.0,4434.0,4437.0,4440.0,4440.0,4444.0,4448.0,4454.0,4458.0,4458.0,4458.0,4458.0,4458.0,4463.0,4466.0,4470.0,4474.0,4478.0,4478.0,4481.0,4482.0,,,,,,,,,4508.0,4511.0,4514.0,4514.0,4517.0,4521.0,4524.0,4527.0,4529.0,4534.0,4534.0,4539.0,4542.0,4546.0,4550.0,4555.0,4559.0,4559.0,4564.0,4569.0,4572.0,4576.0,4579.0,4582.0,4582.0,4586.0,4589.0,4593.0,4596.0,4600.0,4604.0,4604.0,4607.0,4610.0,4613.0,4616.0,4620.0,4623.0,4623.0,4627.0,4630.0,4634.0,4639.0,4644.0,4648.0,4648.0,4651.0,4654.0,4657.0,4657.0,4663.0,4666.0,4666.0,4670.0,4673.0,4676.0,4679.0,4682.0,4685.0,4685.0,4688.0,4692.0,4695.0,4699.0,4703.0,4708.0,4709.0,4713.0,4718.0,4725.0,4731.0,4735.0,4740.0,4740.0,4745.0,4750.0,4754.0,4758.0,4761.0,4765.0,4765.0,4769.0,4773.0,4777.0,4783.0,4787.0,4792.0,4792.0,4797.0,4801.0,4804.0,4804.0,4810.0,4815.0,4815.0,4819.0,4823.0,4826.0,4829.0,4834.0,4837.0,4837.0,4842.0,4846.0,4849.0,4854.0,4858.0,4862.0,4862.0,4866.0,4869.0,4872.0,4876.0,4876.0,4876.0,4876.0,4876.0,4880.0,4885.0,4890.0,4895.0,,4900.0,4905.0,4908.0,4913.0,4919.0,4924.0,4928.0,4928.0,4932.0,4936.0,4939.0,4944.0,4947.0,4951.0,4951.0,4954.0,4958.0,4961.0,4965.0,4968.0,4972.0,4972.0,4975.0,4979.0,4982.0,4985.0,4989.0,4993.0,4993.0,4998.0,5002.0,5005.0,5009.0,5013.0,5017.0,5017.0,5023.0,5027.0,5031.0,5035.0,5040.0,5044.0,5044.0,5048.0,5052.0,5059.0,5063.0,5066.0,5070.0,5070.0,5070.0,5070.0,5070.0,5070.0,5070.0,5070.0,5070.0,5070.0,5074.0,5077.0,5081.0,5084.0,5087.0,5087.0,5091.0,5095.0,5098.0,5101.0,5104.0,5107.0,5107.0,5110.0,5113.0,5116.0,5119.0,5122.0,5126.0,5126.0,5129.0,5133.0,5136.0,5140.0,5143.0,5147.0,5147.0,5151.0,5154.0,5157.0,5160.0,5165.0,5168.0,5168.0,5172.0,5176.0,5179.0,5183.0,5187.0,5191.0,5191.0,5195.0,5198.0,5201.0,5205.0,5209.0,5217.0,5217.0,5221.0,5225.0,5229.0,5233.0,5236.0,5239.0,5239.0,5242
w3oSvIU24RU,11942.0,11948.0,11956.0,11964.0,11970.0,11977.0,11980.0,11988.0,11997.0,12001.0,12004.0,12010.0,12019.0,12019.0,12032.0,12044.0,12047.0,12050.0,12059.0,12069.0,12074.0,12078.0,12085.0,12091.0,12098.0,12103.0,12109.0,12113.0,12123.0,12132.0,12142.0,12150.0,12157.0,12164.0,12177.0,12184.0,12187.0,12193.0,12198.0,12202.0,12207.0,12212.0,12223.0,12229.0,12238.0,12238.0,12243.0,12250.0,12259.0,12269.0,12275.0,12279.0,12282.0,12285.0,12294.0,12305.0,12313.0,12320.0,12329.0,12340.0,12346.0,12353.0,12358.0,12361.0,12368.0,12376.0,12379.0,12384.0,12389.0,12399.0,12403.0,12408.0,12413.0,12423.0,12438.0,12446.0,12451.0,12459.0,12468.0,12475.0,12479.0,12494.0,12503.0,12511.0,12519.0,12528.0,12534.0,12540.0,12551.0,12553.0,12561.0,12565.0,12575.0,12579.0,12585.0,12590.0,12594.0,12605.0,12613.0,12619.0,12626.0,12632.0,12636.0,12639.0,12643.0,12647.0,12654.0,12657.0,12664.0,12676.0,12683.0,12691.0,12697.0,12709.0,12719.0,12722.0,12727.0,12732.0,12743.0,12749.0,12755.0,12764.0,12765.0,12772.0,12777.0,12786.0,12791.0,12798.0,12806.0,12807.0,12816.0,12819.0,12824.0,12832.0,,,,,,,,,12886.0,12890.0,12896.0,12900.0,12909.0,12917.0,12919.0,12922.0,12929.0,12932.0,12939.0,12946.0,12954.0,12962.0,12969.0,12973.0,12982.0,12994.0,13004.0,13018.0,13031.0,13036.0,13042.0,13045.0,13054.0,13063.0,13075.0,13083.0,13092.0,13100.0,13107.0,13118.0,13118.0,13127.0,13140.0,13146.0,13151.0,13159.0,13176.0,13180.0,13191.0,13203.0,13211.0,13221.0,13231.0,13244.0,13256.0,13263.0,13275.0,13281.0,13287.0,13292.0,13301.0,13307.0,13311.0,13322.0,13327.0,13329.0,13338.0,13346.0,13352.0,13361.0,13374.0,13380.0,13392.0,13398.0,13405.0,13412.0,13417.0,13427.0,13432.0,13437.0,13446.0,13454.0,13467.0,13481.0,13493.0,13508.0,13508.0,13511.0,13518.0,13526.0,13530.0,13538.0,13542.0,13548.0,13557.0,13564.0,13571.0,13576.0,13584.0,13588.0,13595.0,13603.0,13610.0,13613.0,13618.0,13624.0,13626.0,13637.0,13650.0,13659.0,13665.0,13674.0,13680.0,13686.0,13694.0,13700.0,13710.0,13718.0,13727.0,13737.0,13747.0,13755.0,13761.0,13764.0,13773.0,13779.0,13783.0,13790.0,13796.0,,13809.0,13814.0,13824.0,13835.0,13837.0,13844.0,13848.0,13853.0,13862.0,13870.0,13877.0,13883.0,13886.0,13893.0,13900.0,13902.0,13905.0,13909.0,13915.0,13923.0,13930.0,13942.0,13945.0,13950.0,13959.0,13967.0,13971.0,13975.0,13977.0,13984.0,13996.0,14003.0,14010.0,14016.0,14027.0,14034.0,14041.0,14052.0,14063.0,14068.0,14075.0,14081.0,14092.0,14099.0,14111.0,14118.0,14132.0,14136.0,14144.0,14161.0,14172.0,14180.0,14187.0,14197.0,14204.0,14218.0,14220.0,14224.0,14231.0,14242.0,14250.0,14258.0,14271.0,14278.0,14294.0,14303.0,14311.0,14318.0,14322.0,14333.0,14344.0,14351.0,14368.0,14373.0,14388.0,14393.0,14403.0,14411.0,14421.0,14434.0,14447.0,14453.0,14455.0,14462.0,14467.0,14474.0,14484.0,14492.0,14508.0,14518.0,14523.0,14528.0,14533.0,14549.0,14558.0,14560.0,14566.0,14578.0,14586.0,14589.0,14596.0,14612.0,14626.0,14639.0,14652.0,14659.0,14672.0,14680.0,14687.0,14699.0,14709.0,14721.0,14739.0,14762
k4YP7ri2D-I,102009.0,102040.0,102092.0,102129.0,102178.0,102215.0,102265.0,102300.0,102335.0,102373.0,102412.0,102449.0,102509.0,102559.0,102594.0,102646.0,102682.0,102706.0,102736.0,102770.0,102793.0,102812.0,102846.0,102872.0,102913.0,102956.0,102992.0,103030.0,103072.0,103102.0,103132.0,103155.0,103181.0,103211.0,103242.0,103277.0,103306.0,103335.0,103371.0,103400.0,103450.0,103485.0,103525.0,103555.0,103595.0,103618.0,103640.0,103674.0,103710.0,103736.0,103780.0,103811.0,103846.0,103878.0,103918.0,103969.0,104010.0,104043.0,104083.0,104116.0,104156.0,104194.0,104219.0,104254.0,104303.0,104349.0,104391.0,104433.0,104482.0,104528.0,104564.0,104602.0,104628.0,104661.0,104692.0,104727.0,104770.0,104814.0,104859.0,104903.0,104934.0,104980.0,105022.0,105067.0,105106.0,105143.0,105191.0,105240.0,105281.0,105315.0,105345.0,105383.0,105422.0,105463.0,105500.0,105545.0,105574.0,105616.0,105668.0,105722.0,105769.0,105807.0,105862.0,105903.0,105926.0,105967.0,106005.0,106040.0,106071.0,106108.0,106134.0,106167.0,106197.0,106229.0,106266.0,106292.0,106325.0,106361.0,106399.0,106428.0,106456.0,106484.0,106516.0,106556.0,106596.0,106625.0,106671.0,106710.0,106752.0,106788.0,106834.0,106887.0,106934.0,106987.0,,,,,,,,,107305.0,107327.0,107360.0,107396.0,107433.0,107484.0,107527.0,107564.0,107629.0,107685.0,107734.0,107781.0,107835.0,107898.0,107978.0,108043.0,108100.0,108153.0,108198.0,108256.0,108295.0,108326.0,108355.0,108390.0,108438.0,108480.0,108527.0,108570.0,108598.0,108644.0,108670.0,108701.0,108731.0,108756.0,108799.0,108831.0,108857.0,108878.0,108905.0,108929.0,108961.0,108988.0,109011.0,109045.0,109069.0,109100.0,109142.0,109190.0,109224.0,109248.0,109272.0,109310.0,109356.0,109383.0,109405.0,109447.0,109471.0,109498.0,109520.0,109556.0,109571.0,109591.0,109619.0,109635.0,109656.0,109689.0,109721.0,109744.0,109777.0,109806.0,109824.0,109857.0,109890.0,109919.0,109954.0,109987.0,110003.0,110024.0,110049.0,110073.0,110100.0,110133.0,110157.0,110187.0,110205.0,110243.0,110280.0,110305.0,110328.0,110347.0,110372.0,110401.0,110427.0,110441.0,110473.0,110502.0,110524.0,110556.0,110581.0,110606.0,110653.0,110679.0,110724.0,110757.0,110777.0,110802.0,110831.0,110863.0,110891.0,110919.0,110949.0,110976.0,111005.0,111034.0,111063.0,111095.0,111120.0,111153.0,111195.0,111221.0,111247.0,,111291.0,111328.0,111364.0,111415.0,111443.0,111490.0,111526.0,111557.0,111585.0,111624.0,111670.0,111706.0,111736.0,111775.0,111834.0,111879.0,111924.0,111969.0,112014.0,112043.0,112079.0,112120.0,112172.0,112205.0,112241.0,112281.0,112316.0,112348.0,112383.0,112426.0,112465.0,112511.0,112534.0,112557.0,112580.0,112612.0,112657.0,112692.0,112723.0,112762.0,112786.0,112807.0,112848.0,112903.0,112943.0,112990.0,113057.0,113111.0,113166.0,113206.0,113247.0,113288.0,113322.0,113357.0,113385.0,113425.0,113464.0,113499.0,113533.0,113572.0,113608.0,113653.0,113698.0,113746.0,113796.0,113838.0,113881.0,113905.0,113938.0,113986.0,114030.0,114072.0,114119.0,114150.0,114197.0,114243.0,114298.0,114352.0,114393.0,114448.0,114498.0,114550.0,114597.0,114643.0,114706.0,114750.0,114803.0,114838.0,114868.0,114903.0,114953.0,114989.0,115035.0,115087.0,115140.0,115176.0,115210.0,115255.0,115295.0,115336.0,115364.0,115408.0,115452.0,115486.0,115525.0,115567.0,115612.0,115668.0,115710.0,115751.0,115800.0,115842.0,115888.0,115926
ZccoVC0_9SE,15662.0,15668.0,15675.0,15685.0,15691.0,15700.0,15708.0,15729.0,15743.0,15755.0,15769.0,15774.0,15788.0,15806.0,15820.0,15832.0,15843.0,15856.0,15868.0,15873.0,15881.0,15893.0,15901.0,15912.0,15924.0,15939.0,15947.0,15953.0,15977.0,15995.0,16023.0,16034.0,16040.0,16052.0,16062.0,16077.0,16085.0,16098.0,16110.0,16123.0,16137.0,16147.0,16172.0,16178.0,16188.0,16191.0,16200.0,16204.0,16209.0,16221.0,16227.0,16257.0,16273.0,16274.0,16276.0,16287.0,16291.0,16302.0,16309.0,16316.0,16323.0,16327.0,16332.0,16335.0,16339.0,16344.0,16346.0,16349.0,16355.0,16363.0,16365.0,16399.0,16409.0,16416.0,16428.0,16438.0,16451.0,16459.0,16467.0,16473.0,16478.0,16484.0,16489.0,16493.0,16501.0,16511.0,16519.0,16531.0,16536.0,16545.0,16552.0,16558.0,16572.0,16580.0,16588.0,16595.0,16601.0,16609.0,16618.0,16629.0,16633.0,16642.0,16650.0,16656.0,16663.0,16676.0,16682.0,16684.0,16693.0,16700.0,16712.0,16723.0,16728.0,16734.0,16741.0,16745.0,16751.0,16764.0,16769.0,16779.0,16788.0,16820.0,16828.0,16832.0,16838.0,16846.0,16855.0,16864.0,16874.0,16883.0,16889.0,16902.0,16910.0,16921.0,,,,,,,,,16981.0,16987.0,16991.0,16997.0,17010.0,17019.0,17026.0,17031.0,17035.0,17041.0,17050.0,17056.0,17065.0,17077.0,17092.0,17096.0,17114.0,17126.0,17144.0,17152.0,17168.0,17176.0,17184.0,17188.0,17197.0,17205.0,17211.0,17221.0,17224.0,17248.0,17256.0,17262.0,17268.0,17277.0,17283.0,17284.0,17287.0,17289.0,17293.0,17301.0,17305.0,17313.0,17319.0,17325.0,17359.0,17367.0,17373.0,17380.0,17385.0,17389.0,17389.0,17394.0,17401.0,17407.0,17412.0,17415.0,17418.0,17419.0,17424.0,17429.0,17434.0,17439.0,17442.0,17446.0,17471.0,17476.0,17486.0,17492.0,17501.0,17509.0,17511.0,17514.0,17518.0,17520.0,17528.0,17539.0,17544.0,17550.0,17556.0,17559.0,17563.0,17563.0,17568.0,17577.0,17582.0,17586.0,17591.0,17598.0,17600.0,17604.0,17612.0,17686.0,17692.0,17695.0,17699.0,17708.0,17712.0,17718.0,17723.0,17730.0,17735.0,17742.0,17750.0,17753.0,17756.0,17760.0,17762.0,17768.0,17772.0,17777.0,17781.0,17784.0,17789.0,17793.0,17794.0,17798.0,17800.0,17805.0,17812.0,17818.0,17822.0,,17832.0,17836.0,17840.0,17844.0,17845.0,17847.0,17849.0,17855.0,17861.0,17864.0,17865.0,17870.0,17878.0,17882.0,17893.0,17901.0,17909.0,17915.0,17919.0,17921.0,17932.0,17933.0,17940.0,17945.0,17947.0,17950.0,17954.0,17959.0,17963.0,17966.0,17969.0,17976.0,17982.0,17982.0,17985.0,17988.0,17994.0,18000.0,18003.0,18009.0,18013.0,18020.0,18023.0,18030.0,18031.0,18033.0,18038.0,18041.0,18041.0,18043.0,18050.0,18055.0,18060.0,18066.0,18066.0,18072.0,18076.0,18079.0,18082.0,18086.0,18090.0,18096.0,18101.0,18105.0,18110.0,18111.0,18119.0,18125.0,18128.0,18133.0,18136.0,18141.0,18147.0,18150.0,18155.0,18162.0,18169.0,18179.0,18183.0,18189.0,18198.0,18200.0,18204.0,18210.0,18215.0,18226.0,18233.0,18235.0,18239.0,18248.0,18253.0,18258.0,18261.0,18268.0,18274.0,18275.0,18280.0,18285.0,18288.0,18290.0,18295.0,18299.0,18303.0,18306.0,18308.0,18312.0,18326.0,18330.0,18333.0,18335.0,18342.0,18346.0,18351.0,18359
mLRExjKuQwc,82292.0,82332.0,82383.0,82433.0,82481.0,82532.0,82570.0,82604.0,82645.0,82702.0,82742.0,82788.0,82842.0,82900.0,82953.0,83010.0,83041.0,83088.0,83143.0,83201.0,83257.0,83326.0,83375.0,83425.0,83464.0,83507.0,83563.0,83620.0,83669.0,83710.0,83757.0,83803.0,83834.0,83890.0,83937.0,83992.0,84039.0,84100.0,84155.0,84261.0,84327.0,84412.0,84482.0,84545.0,84608.0,84667.0,84721.0,84771.0,84842.0,84906.0,84980.0,85034.0,85104.0,85155.0,85227.0,85306.0,85367.0,85431.0,85481.0,85534.0,85588.0,85641.0,85696.0,85750.0,85819.0,85875.0,85925.0,85975.0,86037.0,86108.0,86169.0,86209.0,86260.0,86305.0,86361.0,86410.0,86469.0,86531.0,86614.0,86663.0,86728.0,86802.0,86854.0,86914.0,86984.0,87048.0,87096.0,87150.0,87199.0,87260.0,87325.0,87394.0,87462.0,87513.0,87560.0,87606.0,87673.0,87720.0,87768.0,87823.0,87859.0,87904.0,87954.0,88008.0,88066.0,88115.0,88176.0,88220.0,88254.0,88308.0,88342.0,88386.0,88438.0,88474.0,88504.0,88529.0,88570.0,88631.0,88698.0,88740.0,88784.0,88825.0,88867.0,88903.0,88929.0,88966.0,89015.0,89064.0,89103.0,89144.0,89182.0,89218.0,89262.0,89296.0,,,,,,,,,89627.0,89672.0,89720.0,89758.0,89803.0,89855.0,89884.0,89918.0,89945.0,89973.0,90013.0,90032.0,90074.0,90104.0,90143.0,90178.0,90212.0,90248.0,90300.0,90334.0,90375.0,90415.0,90458.0,90500.0,90551.0,90597.0,90629.0,90675.0,90714.0,90753.0,90784.0,90817.0,90844.0,90875.0,90907.0,90947.0,90979.0,91017.0,91057.0,91094.0,91126.0,91165.0,91200.0,91230.0,91285.0,91331.0,91395.0,91444.0,91492.0,91539.0,91572.0,91614.0,91676.0,91712.0,91749.0,91806.0,91833.0,91874.0,91919.0,91957.0,92005.0,92059.0,92100.0,92143.0,92195.0,92256.0,92313.0,92371.0,92401.0,92445.0,92476.0,92518.0,92578.0,92622.0,92653.0,92692.0,92727.0,92762.0,92794.0,92827.0,92869.0,92904.0,92949.0,93010.0,93043.0,93105.0,93165.0,93244.0,93312.0,93365.0,93420.0,93467.0,93503.0,93551.0,93595.0,93636.0,93664.0,93704.0,93760.0,93788.0,93826.0,93860.0,93908.0,93947.0,93988.0,94022.0,94065.0,94103.0,94139.0,94172.0,94215.0,94251.0,94292.0,94318.0,94348.0,94379.0,94409.0,94432.0,94463.0,94511.0,94532.0,,94605.0,94640.0,94693.0,94723.0,94753.0,94783.0,94812.0,94841.0,94870.0,94917.0,94951.0,94985.0,95017.0,95058.0,95097.0,95118.0,95154.0,95177.0,95202.0,95223.0,95246.0,95258.0,95286.0,95322.0,95355.0,95382.0,95410.0,95445.0,95483.0,95512.0,95540.0,95563.0,95592.0,95613.0,95633.0,95668.0,95690.0,95724.0,95751.0,95791.0,95824.0,95849.0,95880.0,95909.0,95937.0,95967.0,95991.0,96063.0,96123.0,96151.0,96181.0,96217.0,96251.0,96288.0,96317.0,96346.0,96380.0,96410.0,96444.0,96466.0,96481.0,96507.0,96541.0,96559.0,96591.0,96613.0,96642.0,96672.0,96705.0,96736.0,96758.0,96783.0,96818.0,96840.0,96873.0,96905.0,96942.0,96979.0,97011.0,97052.0,97084.0,97129.0,97160.0,97182.0,97211.0,97245.0,97276.0,97308.0,97337.0,97366.0,97400.0,97431.0,97467.0,97495.0,97523.0,97551.0,97579.0,97601.0,97630.0,97663.0,97693.0,97718.0,97744.0,97772.0,97796.0,97823.0,97847.0,97883.0,97906.0,97946.0,97985.0,98026.0,98069.0,98106
utEbFzfkQd8,2992036.0,2996633.0,3001285.0,3004682.0,3009173.0,3013349.0,3017867.0,3022253.0,3026863.0,3030786.0,3034414.0,3037998.0,3042237.0,3046339.0,3050400.0,3054790.0,3059094.0,3062852.0,3067407.0,3071922.0,3077106.0,3081313.0,3085790.0,3089817.0,3093463.0,3097449.0,3101087.0,3104877.0,3108472.0,3112505.0,3115840.0,3119168.0,3123343.0,3127260.0,3131354.0,3135352.0,3139484.0,3142762.0,3145623.0,3148660.0,3152251.0,3155638.0,3158894.0,3162533.0,3165768.0,3168783.0,3172139.0,3175724.0,3179511.0,3183364.0,3187477.0,3190676.0,3193641.0,3197367.0,3200971.0,3204265.0,3207478.0,3210983.0,3214092.0,3216986.0,3220570.0,3224429.0,3228242.0,3231739.0,3235172.0,3237943.0,3240355.0,3243323.0,3245980.0,3249354.0,3252474.0,3255390.0,3258352.0,3261137.0,3265045.0,3269017.0,3272751.0,3276294.0,3280389.0,3283723.0,3286272.0,3289668.0,3292951.0,3296535.0,3299941.0,3303712.0,3306893.0,3309405.0,3312280.0,3315157.0,3318203.0,3321360.0,3324724.0,3327574.0,3329909.0,3332899.0,3335817.0,3338542.0,3341472.0,3344688.0,3347548.0,3350098.0,3353138.0,3356288.0,3359256.0,3362368.0,3365494.0,3368139.0,3370512.0,3373550.0,3376603.0,3379737.0,3382820.0,3385716.0,3388624.0,3391190.0,3394515.0,3397970.0,3401421.0,3404799.0,3407407.0,3409776.0,3412513.0,3415656.0,3418699.0,3421954.0,3424923.0,3428154.0,3431273.0,3433718.0,3436631.0,3439766.0,3443060.0,3446018.0,,,,,,,,,3475518.0,3478278.0,3481697.0,3485039.0,3488249.0,3491477.0,3494048.0,3496606.0,3498837.0,3501491.0,3504788.0,3507929.0,3511439.0,3514859.0,3517691.0,3519990.0,3523356.0,3526048.0,3529087.0,3532227.0,3535402.0,3538399.0,3540906.0,3543727.0,3546805.0,3549974.0,3553479.0,3557305.0,3560731.0,3563863.0,3567996.0,3572378.0,3576084.0,3579411.0,3582933.0,3585705.0,3588020.0,3590817.0,3593469.0,3595962.0,3598453.0,3600902.0,3603277.0,3605624.0,3609062.0,3611928.0,3614741.0,3617877.0,3621149.0,3623516.0,3625666.0,3628482.0,3631006.0,3633414.0,3636213.0,3639172.0,3641813.0,3644112.0,3647844.0,3651369.0,3654986.0,3657562.0,3660403.0,3662539.0,3665079.0,3667950.0,3670951.0,3673881.0,3676394.0,3679087.0,3681599.0,3683944.0,3687052.0,3690104.0,3693289.0,3696421.0,3699804.0,3701996.0,3704154.0,3706436.0,3709455.0,3711937.0,3714696.0,3717713.0,3720042.0,3722027.0,3724396.0,3726886.0,3729608.0,3732352.0,3735128.0,3737867.0,3740004.0,3742658.0,3745373.0,3748423.0,3751568.0,3754776.0,3757383.0,3759575.0,3762281.0,3765199.0,3768132.0,3770810.0,3773561.0,3776036.0,3777763.0,3780259.0,3783101.0,3785719.0,3788703.0,3791684.0,3793891.0,3795714.0,3797498.0,3799437.0,3801397.0,3803581.0,3805781.0,3807401.0,3808621.0,,3811970.0,3813737.0,3815533.0,3817392.0,3818830.0,3820055.0,3821084.0,3822442.0,3823947.0,3825542.0,3827007.0,3828359.0,3829331.0,3830815.0,3832279.0,3833754.0,3835296.0,3836789.0,3838306.0,3839376.0,3840849.0,3842539.0,3844145.0,3845929.0,3847664.0,3849218.0,3850377.0,3851986.0,3853637.0,3855236.0,3856739.0,3858040.0,3859415.0,3860434.0,3861629.0,3862883.0,3864246.0,3865681.0,3867232.0,3869002.0,3870656.0,3872517.0,3874359.0,3875960.0,3877572.0,3879451.0,3882533.0,3884913.0,3887891.0,3891473.0,3894225.0,3897296.0,3901548.0,3905822.0,3909085.0,3912847.0,3916487.0,3920608.0,3924590.0,3929092.0,3932962.0,3936606.0,3941012.0,3945781.0,3950491.0,3954801.0,3957983.0,3961107.0,3963556.0,3966497.0,3969531.0,3973675.0,3977539.0,3981612.0,3985354.0,3988433.0,3992415.0,3996554.0,4000440.0,4003972.0,4007455.0,4010674.0,4013449.0,4017102.0,4020937.0,4024619.0,4028029.0,4031714.0,4034816.0,4037812.0,4040657.0,4043951.0,4047211.0,4050225.0,4053448.0,4056248.0,4058404.0,4061257.0,4064123.0,4066456.0,4069244.0,4072369.0,4075272.0,4077645.0,4080590.0,4083927.0,4087286.0,4090593.0,4093913.0,4097173.0,4100011.0,4103245.0,4106574.0,4109557
IRcageqDSkI,3022094.0,3025285.0,3028798.0,3031822.0,3035393.0,3038852.0,3042370.0,3046056.0,3049499.0,3053321.0,3056414.0,3059748.0,3063813.0,3067838.0,3071855.0,3075521.0,3078694.0,3081493.0,3084671.0,3087839.0,3091509.0,3094536.0,3097796.0,3101224.0,3104206.0,3107337.0,3110935.0,3114235.0,3117630.0,3121121.0,3124064.0,3127168.0,3129994.0,3132860.0,3135713.0,3139059.0,3142579.0,3145451.0,3148093.0,3151035.0,3154120.0,3157239.0,3160683.0,3164168.0,3167362.0,3170261.0,3173517.0,3176718.0,3180032.0,3183287.0,3186444.0,3189290.0,3191983.0,3194807.0,3197903.0,3201011.0,3203638.0,3206731.0,3209250.0,3211514.0,3214376.0,3216992.0,3219674.0,3222371.0,3225212.0,3227683.0,3229973.0,3233012.0,3235114.0,3238843.0,3241823.0,3244372.0,3246935.0,3249300.0,3251910.0,3254525.0,3257252.0,3260495.0,3263984.0,3266875.0,3269616.0,3272791.0,3275868.0,3278877.0,3282064.0,3285189.0,3288408.0,3291129.0,3294092.0,3297008.0,3299886.0,3303098.0,3306340.0,3309270.0,3312212.0,3315684.0,3319335.0,3322521.0,3325844.0,3329515.0,3332854.0,3335707.0,3339079.0,3342196.0,3345509.0,3348875.0,3352217.0,3355153.0,3358295.0,3361873.0,3365289.0,3368941.0,3372393.0,3376047.0,3379035.0,3381859.0,3384665.0,3387910.0,3390669.0,3393973.0,3396871.0,3399601.0,3402151.0,3404494.0,3406895.0,3409301.0,3411354.0,3413674.0,3415894.0,3417949.0,3420230.0,3422265.0,3424542.0,3426798.0,,,,,,,,,3450278.0,3452685.0,3455241.0,3458421.0,3461532.0,3465333.0,3468896.0,3471784.0,3474536.0,3477616.0,3480633.0,3483415.0,3486442.0,3489615.0,3492454.0,3495044.0,3498125.0,3501758.0,3506027.0,3509432.0,3512346.0,3515315.0,3517952.0,3521091.0,3524203.0,3527736.0,3531139.0,3534499.0,3537555.0,3540528.0,3544054.0,3547421.0,3550808.0,3553968.0,3557189.0,3560048.0,3562867.0,3565861.0,3568552.0,3571451.0,3574455.0,3577366.0,3580112.0,3582575.0,3585445.0,3588206.0,3591118.0,3594221.0,3597403.0,3600142.0,3602581.0,3605473.0,3607972.0,3610401.0,3612904.0,3615545.0,3618099.0,3620741.0,3624516.0,3628585.0,3632505.0,3635591.0,3639190.0,3642454.0,3645505.0,3649265.0,3653053.0,3656561.0,3659475.0,3662901.0,3666097.0,3669228.0,3672687.0,3676283.0,3679627.0,3683511.0,3687319.0,3689949.0,3692209.0,3694809.0,3697444.0,3699689.0,3702629.0,3705292.0,3707425.0,3709427.0,3711611.0,3713943.0,3716349.0,3718648.0,3721103.0,3723307.0,3725475.0,3728152.0,3730992.0,3733958.0,3737075.0,3739537.0,3742724.0,3745131.0,3748021.0,3750659.0,3753293.0,3755838.0,3758343.0,3760649.0,3762693.0,3765219.0,3767876.0,3770775.0,3773653.0,3776267.0,3778340.0,3780524.0,3782604.0,3784510.0,3786482.0,3788728.0,3791282.0,3793071.0,3794760.0,,3798354.0,3800510.0,3802362.0,3804410.0,3806231.0,3807696.0,3809419.0,3811273.0,3812975.0,3814903.0,3816838.0,3818477.0,3820153.0,3821917.0,3823581.0,3825225.0,3826841.0,3828442.0,3830285.0,3831698.0,3833573.0,3835303.0,3837414.0,3839295.0,3841095.0,3842868.0,3844441.0,3845876.0,3847706.0,3849370.0,3850678.0,3852217.0,3853689.0,3855058.0,3856572.0,3857786.0,3859340.0,3860892.0,3862448.0,3864020.0,3865432.0,3867091.0,3868757.0,3870331.0,3872081.0,3874292.0,3876867.0,3879420.0,3882298.0,3884940.0,3887491.0,3890182.0,3892856.0,3895500.0,3897605.0,3900021.0,3902900.0,3906195.0,3909229.0,3911892.0,3914167.0,3916380.0,3918746.0,3922069.0,3924966.0,3927879.0,3930419.0,3932540.0,3934572.0,3936746.0,3938718.0,3941019.0,3943481.0,3946090.0,3948432.0,3950529.0,3953168.0,3955680.0,3958348.0,3960623.0,3962854.0,3964977.0,3966844.0,3968933.0,3970957.0,3972906.0,3974995.0,3977118.0,3979109.0,3981155.0,3983369.0,3985635.0,3988060.0,3990293.0,3992349.0,3994155.0,3995763.0,3997793.0,3999615.0,4001279.0,4003085.0,4004946.0,4006775.0,4008496.0,4010989.0,4013120.0,4015667.0,4017804.0,4020101.0,4022132.0,4023885.0,4025798.0,4027606.0,4029645
DEy_LR1nslI,71404.0,71485.0,71576.0,71661.0,71747.0,71812.0,71892.0,71996.0,72087.0,72183.0,72253.0,72344.0,72455.0,72545.0,72629.0,72717.0,72811.0,72884.0,72942.0,73027.0,73099.0,73187.0,73294.0,73355.0,73411.0,73483.0,73571.0,73651.0,73711.0,73785.0,73877.0,73974.0,74029.0,74072.0,74137.0,74197.0,74276.0,74333.0,74385.0,74450.0,74507.0,74568.0,74673.0,74758.0,74813.0,74879.0,74937.0,74995.0,75063.0,75143.0,75222.0,75283.0,75343.0,75393.0,75475.0,75540.0,75594.0,75658.0,75711.0,75767.0,75839.0,75900.0,75986.0,76045.0,76128.0,76200.0,76258.0,76342.0,76429.0,76520.0,76649.0,76749.0,76837.0,76952.0,77054.0,77152.0,77269.0,77383.0,77494.0,77613.0,77705.0,77830.0,77975.0,78084.0,78424.0,78823.0,79153.0,79486.0,79910.0,80450.0,81041.0,81618.0,82254.0,82770.0,83199.0,83653.0,84199.0,84784.0,85659.0,86337.0,86941.0,87339.0,87867.0,88347.0,88888.0,89528.0,90202.0,90863.0,91464.0,92056.0,92558.0,93133.0,93596.0,94004.0,94520.0,94889.0,95371.0,95858.0,96373.0,96815.0,97284.0,97633.0,98058.0,98478.0,98978.0,99506.0,99984.0,100478.0,100842.0,101133.0,101500.0,101907.0,102308.0,102901.0,,,,,,,,,107457.0,107824.0,108209.0,108592.0,108979.0,109405.0,109801.0,110175.0,110446.0,110781.0,111163.0,111470.0,111827.0,112175.0,112415.0,112705.0,112965.0,113296.0,113607.0,113958.0,114288.0,114577.0,114878.0,115225.0,115596.0,115895.0,116169.0,116576.0,116861.0,117123.0,117471.0,117848.0,118197.0,118470.0,118787.0,119128.0,119430.0,119735.0,120126.0,120499.0,120861.0,121321.0,121721.0,122000.0,122440.0,122869.0,123267.0,123731.0,124146.0,124564.0,124885.0,125340.0,125798.0,126391.0,126993.0,127520.0,128002.0,128404.0,129059.0,129828.0,130489.0,130874.0,131446.0,131910.0,132425.0,132940.0,133568.0,134204.0,134651.0,135198.0,135689.0,136206.0,136823.0,137460.0,138054.0,138661.0,139267.0,139861.0,140361.0,141023.0,141609.0,142298.0,142981.0,143716.0,144266.0,144776.0,145382.0,146032.0,146683.0,147307.0,148063.0,148538.0,149054.0,149537.0,150102.0,150731.0,151301.0,151879.0,152272.0,152721.0,153227.0,153746.0,154245.0,154724.0,155126.0,155563.0,155948.0,156459.0,156906.0,157379.0,157749.0,158156.0,158574.0,158927.0,159357.0,159770.0,160198.0,160746.0,161278.0,161741.0,162154.0,,163073.0,163569.0,164120.0,164595.0,165157.0,165594.0,166086.0,166570.0,167037.0,167622.0,168117.0,168526.0,168892.0,169394.0,169858.0,170244.0,170656.0,171221.0,171592.0,171980.0,172387.0,172881.0,173319.0,173812.0,174267.0,174746.0,175182.0,175680.0,176238.0,176794.0,177378.0,177927.0,178399.0,178720.0,179144.0,179640.0,180139.0,180604.0,181120.0,181611.0,182037.0,182593.0,183076.0,183514.0,183983.0,184493.0,184878.0,185253.0,185668.0,186171.0,186645.0,187111.0,187583.0,188005.0,188441.0,188848.0,189317.0,189840.0,190305.0,190845.0,191246.0,191610.0,192077.0,192600.0,193098.0,193601.0,193962.0,194247.0,194508.0,194817.0,195144.0,195502.0,195876.0,196251.0,196584.0,196877.0,197239.0,197592.0,198007.0,198364.0,198760.0,199111.0,199441.0,199845.0,200263.0,200748.0,201285.0,201786.0,202191.0,202529.0,202916.0,203295.0,203663.0,204034.0,204444.0,204793.0,205027.0,205368.0,205724.0,206108.0,206548.0,206991.0,207343.0,207617.0,208003.0,208409.0,208794.0,209303.0,209749.0,210082.0,210377.0,210730.0,211095.0,211518
y6gzFYZyHgQ,25476.0,25485.0,25493.0,25502.0,25505.0,25508.0,25514.0,25522.0,25530.0,25534.0,25544.0,25550.0,25559.0,25568.0,25577.0,25586.0,25597.0,25608.0,25622.0,25635.0,25643.0,25652.0,25657.0,25669.0,25680.0,25683.0,25689.0,25701.0,25709.0,25715.0,25718.0,25725.0,25733.0,25740.0,25742.0,25749.0,25759.0,25774.0,25782.0,25793.0,25800.0,25808.0,25814.0,25830.0,25838.0,25861.0,25866.0,25877.0,25886.0,25896.0,25912.0,25930.0,25933.0,25941.0,25951.0,25961.0,25981.0,26007.0,26035.0,26059.0,26076.0,26089.0,26105.0,26121.0,26140.0,26166.0,26186.0,26210.0,26224.0,26232.0,26247.0,26266.0,26280.0,26290.0,26301.0,26316.0,26328.0,26336.0,26348.0,26367.0,26374.0,26400.0,26418.0,26432.0,26443.0,26463.0,26477.0,26493.0,26508.0,26530.0,26539.0,26548.0,26587.0,26629.0,26646.0,26665.0,26682.0,26696.0,26703.0,26719.0,26736.0,26745.0,26761.0,26771.0,26781.0,26792.0,26800.0,26812.0,26816.0,26819.0,26832.0,26839.0,26852.0,26871.0,26906.0,26925.0,26938.0,26961.0,26981.0,26991.0,27011.0,27025.0,27034.0,27041.0,27047.0,27064.0,27075.0,27089.0,27097.0,27110.0,27116.0,27129.0,27133.0,27139.0,,,,,,,,,27216.0,27222.0,27230.0,27238.0,27244.0,27249.0,27257.0,27264.0,27269.0,27273.0,27279.0,27283.0,27284.0,27292.0,27296.0,27303.0,27311.0,27318.0,27334.0,27339.0,27346.0,27348.0,27354.0,27358.0,27361.0,27365.0,27375.0,27381.0,27390.0,27396.0,27406.0,27411.0,27417.0,27421.0,27431.0,27444.0,27451.0,27455.0,27458.0,27466.0,27469.0,27474.0,27481.0,27488.0,27492.0,27499.0,27505.0,27509.0,27510.0,27516.0,27524.0,27528.0,27535.0,27539.0,27545.0,27550.0,27553.0,27556.0,27564.0,27568.0,27576.0,27582.0,27588.0,27595.0,27598.0,27602.0,27612.0,27617.0,27617.0,27622.0,27629.0,27643.0,27646.0,27649.0,27652.0,27658.0,27661.0,27662.0,27667.0,27670.0,27673.0,27676.0,27681.0,27687.0,27697.0,27709.0,27713.0,27721.0,27723.0,27727.0,27734.0,27741.0,27750.0,27755.0,27763.0,27772.0,27774.0,27780.0,27784.0,27791.0,27794.0,27806.0,27808.0,27816.0,27822.0,27832.0,27839.0,27843.0,27855.0,27859.0,27869.0,27882.0,27891.0,27901.0,27909.0,27914.0,27915.0,27919.0,27930.0,27940.0,27949.0,,27962.0,27968.0,27974.0,27986.0,27999.0,28007.0,28012.0,28017.0,28026.0,28036.0,28040.0,28048.0,28056.0,28065.0,28073.0,28082.0,28087.0,28094.0,28099.0,28119.0,28126.0,28133.0,28136.0,28136.0,28146.0,28160.0,28172.0,28186.0,28209.0,28222.0,28236.0,28244.0,28262.0,28277.0,28282.0,28296.0,28304.0,28308.0,28321.0,28334.0,28342.0,28348.0,28360.0,28367.0,28377.0,28392.0,28406.0,28413.0,28425.0,28431.0,28437.0,28445.0,28451.0,28461.0,28474.0,28478.0,28487.0,28491.0,28499.0,28510.0,28519.0,28529.0,28544.0,28556.0,28565.0,28574.0,28581.0,28593.0,28604.0,28616.0,28625.0,28634.0,28638.0,28656.0,28664.0,28675.0,28680.0,28692.0,28706.0,28719.0,28735.0,28749.0,28761.0,28789.0,28804.0,28818.0,28824.0,28836.0,28844.0,28852.0,28863.0,28872.0,28881.0,28893.0,28902.0,28907.0,28912.0,28931.0,28937.0,28954.0,28968.0,28978.0,28993.0,28999.0,29011.0,29025.0,29054.0,29072.0,29088.0,29112.0,29126.0,29137.0,29159.0,29174
3WRHwEBAsUQ,236914.0,237033.0,237124.0,237237.0,237310.0,237438.0,237574.0,237664.0,237751.0,237848.0,237972.0,238067.0,238181.0,238308.0,238421.0,238518.0,238631.0,238754.0,238873.0,238999.0,239105.0,239214.0,239321.0,239443.0,239533.0,239658.0,239802.0,239949.0,240108.0,240232.0,240369.0,240466.0,240563.0,240697.0,240818.0,240940.0,241059.0,241175.0,241270.0,241397.0,241507.0,241625.0,241740.0,241852.0,241941.0,242034.0,242118.0,242239.0,242360.0,242481.0,242603.0,242734.0,242841.0,242938.0,243049.0,243160.0,243300.0,243422.0,243527.0,243624.0,243751.0,243884.0,244011.0,244132.0,244262.0,244370.0,244466.0,244575.0,244657.0,244762.0,244870.0,244964.0,245081.0,245163.0,245255.0,245372.0,245476.0,245566.0,245700.0,245812.0,245913.0,246028.0,246121.0,246228.0,246328.0,246461.0,246571.0,246644.0,246726.0,246844.0,246933.0,247056.0,247143.0,247260.0,247344.0,247441.0,247546.0,247635.0,247709.0,247807.0,247912.0,247992.0,248124.0,248233.0,248344.0,248457.0,248565.0,248654.0,248744.0,248833.0,248926.0,249031.0,249162.0,249251.0,249337.0,249421.0,249553.0,249641.0,249734.0,249821.0,249921.0,250007.0,250113.0,250206.0,250291.0,250393.0,250489.0,250597.0,250703.0,250792.0,250886.0,251020.0,251144.0,251260.0,,,,,,,,,252151.0,252263.0,252349.0,252460.0,252581.0,252686.0,252790.0,252861.0,252943.0,253020.0,253105.0,253212.0,253332.0,253444.0,253551.0,253638.0,253739.0,253832.0,253962.0,254044.0,254159.0,254248.0,254337.0,254404.0,254489.0,254569.0,254669.0,254771.0,254880.0,254970.0,255040.0,255131.0,255223.0,255318.0,255404.0,255526.0,255588.0,255665.0,255774.0,255893.0,255970.0,256041.0,256113.0,256218.0,256289.0,256405.0,256515.0,256611.0,256690.0,256741.0,256801.0,256882.0,256964.0,257034.0,257108.0,257185.0,257250.0,257323.0,257384.0,257462.0,257550.0,257621.0,257672.0,257731.0,257797.0,257854.0,257926.0,257997.0,258040.0,258223.0,258398.0,258464.0,258518.0,258581.0,258648.0,258721.0,258789.0,258862.0,258950.0,259024.0,259130.0,259205.0,259324.0,259426.0,259540.0,259638.0,259714.0,259802.0,259873.0,259960.0,260045.0,260139.0,260200.0,260277.0,260352.0,260416.0,260501.0,260605.0,260697.0,260785.0,260875.0,260957.0,261051.0,261129.0,261231.0,261317.0,261390.0,261458.0,261531.0,261610.0,261696.0,261783.0,261876.0,261945.0,262050.0,262116.0,262222.0,262297.0,262350.0,262428.0,262499.0,,262644.0,262715.0,262780.0,262877.0,262936.0,263019.0,263070.0,263166.0,263225.0,263273.0,263334.0,263410.0,263478.0,263544.0,263636.0,263729.0,263833.0,263928.0,264034.0,264096.0,264183.0,264268.0,264355.0,264459.0,264541.0,264641.0,264733.0,264823.0,264925.0,265023.0,265123.0,265187.0,265277.0,265358.0,265428.0,265503.0,265589.0,265664.0,265767.0,265862.0,265952.0,266045.0,266138.0,266267.0,266352.0,266456.0,266567.0,266653.0,266751.0,266854.0,266948.0,267056.0,267147.0,267226.0,267322.0,267446.0,267544.0,267656.0,267729.0,267863.0,267934.0,268026.0,268113.0,268201.0,268283.0,268406.0,268496.0,268568.0,268686.0,268760.0,268859.0,268948.0,269036.0,269134.0,269235.0,269317.0,269409.0,269489.0,269561.0,269641.0,269735.0,269840.0,269909.0,269976.0,270073.0,270170.0,270260.0,270357.0,270450.0,270523.0,270644.0,270729.0,270814.0,270901.0,270988.0,271072.0,271126.0,271220.0,271349.0,271483.0,271571.0,271671.0,271768.0,271844.0,271922.0,272019.0,272123.0,272228.0,272323.0,272430.0,272519.0,272600.0,272693.0,272794
UXTwN3_QAHk,70061.0,70140.0,70229.0,70312.0,70427.0,70541.0,70649.0,70724.0,70800.0,70865.0,70927.0,71008.0,71099.0,71186.0,71274.0,71371.0,71454.0,71506.0,71591.0,71673.0,71773.0,71868.0,71961.0,72063.0,72132.0,72221.0,72297.0,72375.0,72457.0,72540.0,72622.0,72682.0,72752.0,72832.0,72923.0,72998.0,73060.0,73124.0,73176.0,73230.0,73300.0,73365.0,73445.0,73522.0,73591.0,73642.0,73721.0,73775.0,73842.0,73919.0,73991.0,74064.0,74115.0,74183.0,74266.0,74338.0,74403.0,74472.0,74521.0,74560.0,74630.0,74741.0,74815.0,74884.0,74943.0,75002.0,75064.0,75124.0,75183.0,75241.0,75335.0,75383.0,75430.0,75519.0,75630.0,75706.0,75808.0,75878.0,75973.0,76044.0,76099.0,76192.0,76268.0,76366.0,76462.0,76551.0,76634.0,76707.0,76781.0,76858.0,76933.0,77025.0,77110.0,77187.0,77242.0,77328.0,77422.0,77508.0,77600.0,77678.0,77751.0,77819.0,77897.0,77965.0,78047.0,78137.0,78215.0,78277.0,78346.0,78420.0,78504.0,78577.0,78673.0,78755.0,78827.0,78888.0,78985.0,79084.0,79178.0,79286.0,79376.0,79447.0,79503.0,79576.0,79640.0,79694.0,79748.0,79817.0,79887.0,79951.0,80018.0,80087.0,80153.0,80223.0,,,,,,,,,81201.0,81358.0,81565.0,81755.0,82007.0,82253.0,82414.0,82546.0,82654.0,82778.0,82911.0,83044.0,83168.0,83291.0,83409.0,83500.0,83590.0,83656.0,83749.0,83850.0,83925.0,83988.0,84053.0,84142.0,84221.0,84287.0,84388.0,84471.0,84564.0,84631.0,84707.0,84814.0,84918.0,85002.0,85089.0,85144.0,85204.0,85277.0,85369.0,85478.0,85578.0,85680.0,85771.0,85835.0,85938.0,86041.0,86154.0,86275.0,86391.0,86479.0,86560.0,86624.0,86725.0,86839.0,86958.0,87073.0,87172.0,87289.0,87451.0,87655.0,87866.0,87986.0,88138.0,88238.0,88325.0,88462.0,88641.0,88788.0,88902.0,89027.0,89153.0,89270.0,89440.0,89624.0,89819.0,90027.0,90244.0,90414.0,90612.0,90813.0,91108.0,91282.0,91492.0,91785.0,92029.0,92231.0,92436.0,92687.0,92899.0,93109.0,93356.0,93481.0,93568.0,93698.0,93846.0,94033.0,94191.0,94334.0,94452.0,94548.0,94691.0,94828.0,95023.0,95173.0,95328.0,95483.0,95596.0,95721.0,95897.0,96067.0,96215.0,96381.0,96549.0,96657.0,96784.0,96915.0,97040.0,97192.0,97364.0,97502.0,97619.0,,97898.0,98037.0,98246.0,98444.0,98639.0,98838.0,99045.0,99295.0,99582.0,99916.0,100214.0,100420.0,100630.0,100893.0,101193.0,101477.0,101682.0,101926.0,102094.0,102262.0,102474.0,102641.0,102891.0,103149.0,103400.0,103637.0,103857.0,104070.0,104396.0,104710.0,104938.0,105253.0,105522.0,105742.0,106047.0,106367.0,106693.0,107022.0,107247.0,107442.0,107639.0,107817.0,108025.0,108215.0,108438.0,108634.0,108795.0,108928.0,109149.0,109318.0,109510.0,109761.0,110009.0,110233.0,110403.0,110603.0,110807.0,111024.0,111237.0,111479.0,111683.0,111847.0,112090.0,112355.0,112673.0,113003.0,113256.0,113478.0,113622.0,113808.0,113995.0,114197.0,114422.0,114626.0,114807.0,114981.0,115192.0,115468.0,115760.0,115992.0,116236.0,116400.0,116537.0,116711.0,116944.0,117160.0,117366.0,117601.0,117810.0,117951.0,118125.0,118324.0,118572.0,118824.0,119059.0,119239.0,119411.0,119607.0,119853.0,120061.0,120273.0,120477.0,120652.0,120802.0,121005.0,121268.0,121600.0,121907.0,122235.0,122475.0,122710.0,122954.0,123289.0,123553
NVw8LBbmfJo,28485.0,28491.0,28505.0,28513.0,28521.0,28533.0,28542.0,28551.0,28562.0,28568.0,28572.0,28577.0,28588.0,28596.0,28608.0,28616.0,28627.0,28635.0,28640.0,28651.0,28668.0,28679.0,28698.0,28717.0,28730.0,28745.0,28759.0,28771.0,28779.0,28789.0,28799.0,28810.0,28822.0,28830.0,28839.0,28846.0,28861.0,28871.0,28880.0,28887.0,28894.0,28902.0,28909.0,28916.0,28933.0,28940.0,28956.0,28966.0,28971.0,28980.0,28984.0,28998.0,29001.0,29004.0,29008.0,29009.0,29019.0,29024.0,29033.0,29038.0,29040.0,29045.0,29053.0,29064.0,29073.0,29082.0,29094.0,29105.0,29112.0,29123.0,29137.0,29154.0,29166.0,29179.0,29186.0,29197.0,29210.0,29223.0,29239.0,29244.0,29256.0,29266.0,29280.0,29294.0,29298.0,29301.0,29306.0,29316.0,29321.0,29327.0,29336.0,29348.0,29353.0,29360.0,29366.0,29371.0,29377.0,29382.0,29392.0,29398.0,29399.0,29402.0,29410.0,29420.0,29427.0,29435.0,29446.0,29453.0,29459.0,29465.0,29471.0,29479.0,29490.0,29502.0,29515.0,29522.0,29524.0,29527.0,29531.0,29535.0,29540.0,29546.0,29550.0,29556.0,29563.0,29570.0,29575.0,29582.0,29587.0,29594.0,29602.0,29613.0,29616.0,29628.0,,,,,,,,,29733.0,29744.0,29755.0,29768.0,29783.0,29795.0,29817.0,29836.0,29857.0,29866.0,29883.0,29888.0,29895.0,29905.0,29911.0,29918.0,29925.0,29929.0,29939.0,29941.0,29948.0,29961.0,29967.0,29974.0,29978.0,29987.0,29996.0,30000.0,30003.0,30011.0,30015.0,30025.0,30026.0,30036.0,30041.0,30050.0,30056.0,30074.0,30086.0,30092.0,30101.0,30107.0,30121.0,30136.0,30145.0,30157.0,30172.0,30178.0,30180.0,30186.0,30199.0,30200.0,30208.0,30222.0,30229.0,30236.0,30248.0,30254.0,30259.0,30263.0,30275.0,30282.0,30289.0,30295.0,30303.0,30318.0,30333.0,30341.0,30346.0,30353.0,30365.0,30378.0,30388.0,30404.0,30414.0,30422.0,30434.0,30445.0,30449.0,30454.0,30460.0,30468.0,30476.0,30482.0,30496.0,30499.0,30506.0,30512.0,30519.0,30525.0,30536.0,30552.0,30565.0,30582.0,30601.0,30623.0,30645.0,30667.0,30683.0,30692.0,30710.0,30720.0,30729.0,30746.0,30757.0,30770.0,30783.0,30797.0,30806.0,30819.0,30828.0,30834.0,30851.0,30867.0,30881.0,30901.0,30908.0,30920.0,30930.0,30947.0,30954.0,,30969.0,30975.0,30988.0,30998.0,31008.0,31017.0,31024.0,31034.0,31042.0,31051.0,31063.0,31070.0,31077.0,31083.0,31088.0,31097.0,31113.0,31131.0,31142.0,31147.0,31154.0,31158.0,31168.0,31181.0,31186.0,31200.0,31214.0,31226.0,31238.0,31244.0,31253.0,31266.0,31273.0,31282.0,31297.0,31309.0,31316.0,31323.0,31329.0,31341.0,31346.0,31351.0,31364.0,31382.0,31386.0,31396.0,31414.0,31425.0,31432.0,31441.0,31454.0,31465.0,31472.0,31480.0,31492.0,31498.0,31506.0,31511.0,31518.0,31528.0,31535.0,31541.0,31552.0,31562.0,31569.0,31579.0,31589.0,31600.0,31606.0,31614.0,31624.0,31627.0,31634.0,31644.0,31655.0,31663.0,31668.0,31672.0,31685.0,31698.0,31709.0,31740.0,31781.0,31797.0,31816.0,31834.0,31838.0,31865.0,31889.0,31916.0,31936.0,31964.0,31989.0,32013.0,32020.0,32026.0,32032.0,32041.0,32053.0,32064.0,32076.0,32082.0,32099.0,32108.0,32125.0,32137.0,32153.0,32163.0,32176.0,32192.0,32203.0,32218.0,32235.0,32248
XLtIl1ekgAY,9586.0,9590.0,9599.0,9605.0,9607.0,9611.0,9612.0,9614.0,9618.0,9624.0,9625.0,9627.0,9628.0,9631.0,9637.0,9641.0,9648.0,9649.0,9651.0,9654.0,9656.0,9661.0,9665.0,9668.0,9671.0,9677.0,9679.0,9681.0,9686.0,9691.0,9695.0,9701.0,9706.0,9709.0,9714.0,9718.0,9721.0,9727.0,9730.0,9734.0,9736.0,9739.0,9744.0,9748.0,9748.0,9748.0,9753.0,9757.0,9763.0,9766.0,9767.0,9768.0,9771.0,9775.0,9775.0,9781.0,9786.0,9788.0,9792.0,9794.0,9796.0,9797.0,9803.0,9804.0,9809.0,9812.0,9815.0,9816.0,9822.0,9824.0,9828.0,9833.0,9835.0,9838.0,9847.0,9853.0,9854.0,9856.0,9857.0,9861.0,9861.0,9864.0,9867.0,9869.0,9871.0,9873.0,9873.0,9874.0,9878.0,9879.0,9881.0,9883.0,9884.0,9886.0,9889.0,9889.0,9891.0,9895.0,9898.0,9899.0,9901.0,9903.0,9906.0,9909.0,9912.0,9913.0,9914.0,9916.0,9916.0,9917.0,9919.0,9923.0,9925.0,9932.0,9934.0,9939.0,9941.0,9945.0,9946.0,9955.0,9960.0,9969.0,9972.0,9980.0,9987.0,9994.0,9997.0,10001.0,10004.0,10012.0,10028.0,10033.0,10037.0,10042.0,,,,,,,,,10082.0,10084.0,10084.0,10085.0,10088.0,10094.0,10096.0,10098.0,10102.0,10105.0,10108.0,10111.0,10113.0,10115.0,10120.0,10123.0,10126.0,10128.0,10129.0,10130.0,10135.0,10139.0,10140.0,10142.0,10144.0,10146.0,10147.0,10149.0,10152.0,10155.0,10155.0,10159.0,10161.0,10162.0,10162.0,10164.0,10166.0,10169.0,10175.0,10177.0,10180.0,10182.0,10183.0,10187.0,10190.0,10192.0,10197.0,10201.0,10203.0,10205.0,10207.0,10208.0,10209.0,10210.0,10212.0,10215.0,10217.0,10218.0,10220.0,10224.0,10228.0,10232.0,10235.0,10236.0,10239.0,10242.0,10245.0,10246.0,10249.0,10253.0,10256.0,10258.0,10261.0,10265.0,10265.0,10266.0,10268.0,10271.0,10273.0,10273.0,10274.0,10275.0,10279.0,10281.0,10282.0,10283.0,10286.0,10287.0,10288.0,10290.0,10296.0,10300.0,10300.0,10304.0,10307.0,10310.0,10313.0,10322.0,10326.0,10328.0,10330.0,10332.0,10333.0,10336.0,10338.0,10341.0,10341.0,10341.0,10342.0,10344.0,10345.0,10346.0,10349.0,10351.0,10355.0,10359.0,10364.0,10367.0,10368.0,10372.0,10376.0,,10382.0,10385.0,10389.0,10397.0,10399.0,10397.0,10402.0,10406.0,10407.0,10409.0,10411.0,10416.0,10418.0,10422.0,10424.0,10428.0,10430.0,10439.0,10443.0,10447.0,10448.0,10455.0,10461.0,10464.0,10468.0,10472.0,10475.0,10479.0,10482.0,10484.0,10488.0,10495.0,10500.0,10504.0,10508.0,10514.0,10520.0,10522.0,10524.0,10529.0,10532.0,10535.0,10540.0,10542.0,10546.0,10558.0,10561.0,10564.0,10571.0,10581.0,10586.0,10591.0,10595.0,10601.0,10600.0,10605.0,10612.0,10615.0,10618.0,10621.0,10626.0,10628.0,10629.0,10633.0,10637.0,10639.0,10642.0,10643.0,10647.0,10651.0,10655.0,10659.0,10665.0,10671.0,10673.0,10677.0,10678.0,10681.0,10683.0,10687.0,10689.0,10690.0,10691.0,10692.0,10694.0,10698.0,10701.0,10703.0,10705.0,10706.0,10709.0,10712.0,10716.0,10723.0,10726.0,10732.0,10734.0,10739.0,10739.0,10747.0,10754.0,10758.0,10761.0,10763.0,10765.0,10766.0,10776.0,10779.0,10781.0,10787.0,10789.0,10791.0,10792.0,10793
eTvZTElNvuQ,17165.0,17170.0,17178.0,17188.0,17207.0,17221.0,17235.0,17247.0,17258.0,17271.0,17281.0,17291.0,17306.0,17314.0,17323.0,17330.0,17341.0,17351.0,17364.0,17377.0,17386.0,17393.0,17402.0,17411.0,17421.0,17427.0,17434.0,17442.0,17454.0,17460.0,17468.0,17477.0,17487.0,17496.0,17502.0,17510.0,17521.0,17530.0,17543.0,17553.0,17563.0,17574.0,17582.0,17591.0,17606.0,17614.0,17622.0,17635.0,17648.0,17656.0,17666.0,17671.0,17680.0,17684.0,17692.0,17709.0,17718.0,17724.0,17728.0,17736.0,17745.0,17748.0,17756.0,17770.0,17782.0,17791.0,17794.0,17804.0,17812.0,17815.0,17821.0,17833.0,17838.0,17841.0,17845.0,17852.0,17863.0,17873.0,17885.0,17898.0,17905.0,17914.0,17917.0,17946.0,17957.0,17969.0,17983.0,17994.0,18002.0,18009.0,18012.0,18019.0,18029.0,18035.0,18037.0,18041.0,18051.0,18060.0,18069.0,18078.0,18095.0,18113.0,18131.0,18138.0,18147.0,18151.0,18160.0,18166.0,18170.0,18176.0,18185.0,18194.0,18197.0,18197.0,18202.0,18206.0,18211.0,18216.0,18222.0,18233.0,18243.0,18254.0,18255.0,18259.0,18264.0,18275.0,18290.0,18298.0,18306.0,18314.0,18317.0,18328.0,18338.0,18352.0,,,,,,,,,18430.0,18439.0,18455.0,18463.0,18474.0,18483.0,18489.0,18490.0,18499.0,18510.0,18520.0,18523.0,18534.0,18542.0,18548.0,18555.0,18562.0,18564.0,18569.0,18580.0,18584.0,18589.0,18600.0,18612.0,18625.0,18631.0,18640.0,18651.0,18657.0,18672.0,18709.0,18732.0,18750.0,18758.0,18769.0,18787.0,18801.0,18809.0,18818.0,18824.0,18836.0,18846.0,18853.0,18865.0,18871.0,18880.0,18891.0,18898.0,18908.0,18911.0,18921.0,18934.0,18945.0,18958.0,18970.0,18990.0,18995.0,19001.0,19004.0,19008.0,19014.0,19021.0,19024.0,19030.0,19040.0,19052.0,19071.0,19083.0,19095.0,19103.0,19110.0,19118.0,19128.0,19137.0,19140.0,19148.0,19157.0,19165.0,19173.0,19179.0,19187.0,19195.0,19203.0,19220.0,19228.0,19236.0,19250.0,19262.0,19267.0,19279.0,19288.0,19295.0,19307.0,19312.0,19324.0,19344.0,19357.0,19371.0,19390.0,19405.0,19423.0,19431.0,19449.0,19460.0,19471.0,19484.0,19491.0,19511.0,19528.0,19541.0,19549.0,19566.0,19583.0,19593.0,19597.0,19601.0,19615.0,19641.0,19671.0,19691.0,19716.0,,19734.0,19750.0,19766.0,19783.0,19792.0,19802.0,19811.0,19819.0,19829.0,19840.0,19855.0,19863.0,19887.0,19906.0,19920.0,19927.0,19937.0,19948.0,19953.0,19967.0,19979.0,19990.0,20004.0,20020.0,20036.0,20046.0,20059.0,20083.0,20093.0,20107.0,20123.0,20133.0,20144.0,20155.0,20177.0,20193.0,20205.0,20217.0,20223.0,20239.0,20249.0,20264.0,20277.0,20291.0,20301.0,20311.0,20319.0,20326.0,20347.0,20361.0,20374.0,20381.0,20398.0,20413.0,20418.0,20428.0,20431.0,20437.0,20446.0,20455.0,20461.0,20468.0,20478.0,20485.0,20498.0,20505.0,20519.0,20526.0,20540.0,20555.0,20566.0,20577.0,20586.0,20599.0,20611.0,20621.0,20632.0,20639.0,20647.0,20663.0,20677.0,20688.0,20698.0,20706.0,20719.0,20739.0,20750.0,20766.0,20777.0,20784.0,20793.0,20804.0,20809.0,20819.0,20834.0,20844.0,20853.0,20861.0,20867.0,20880.0,20891.0,20902.0,20913.0,20925.0,20932.0,20940.0,20948.0,20959.0,20976.0,20989.0,20998.0,21010.0,21027.0,21044
vi8Y5ZMgktE,105984.0,106104.0,106266.0,106406.0,106598.0,106762.0,106927.0,107092.0,107237.0,107352.0,107500.0,107629.0,107779.0,107936.0,108149.0,108339.0,108504.0,108639.0,108815.0,109065.0,109264.0,109370.0,109503.0,109633.0,109775.0,109887.0,110034.0,110181.0,110328.0,110505.0,110651.0,110761.0,110908.0,111108.0,111278.0,111466.0,111789.0,112118.0,112426.0,112664.0,112887.0,113087.0,113342.0,113584.0,113740.0,113880.0,114066.0,114262.0,114475.0,114661.0,114832.0,114985.0,115133.0,115323.0,115485.0,115645.0,115804.0,115974.0,116118.0,116240.0,116366.0,116534.0,116663.0,116799.0,116952.0,117129.0,117203.0,117376.0,117485.0,117661.0,117801.0,117942.0,118054.0,118157.0,118291.0,118452.0,118651.0,118836.0,119106.0,119314.0,119480.0,119645.0,119849.0,120046.0,120214.0,120396.0,120542.0,120670.0,120801.0,120921.0,121016.0,121164.0,121294.0,121421.0,121552.0,121676.0,121776.0,121899.0,122043.0,122189.0,122312.0,122472.0,122672.0,123038.0,123290.0,123474.0,123668.0,123810.0,123935.0,124062.0,124191.0,124447.0,124945.0,125425.0,125636.0,125825.0,126002.0,126204.0,126437.0,126621.0,126772.0,126921.0,127053.0,127180.0,127363.0,127482.0,127626.0,127804.0,127977.0,128132.0,128303.0,128494.0,128746.0,128943.0,,,,,,,,,131550.0,131809.0,132030.0,132341.0,132568.0,132771.0,132974.0,133105.0,133289.0,133439.0,133616.0,133805.0,134027.0,134236.0,134386.0,134541.0,134710.0,134876.0,135076.0,135224.0,135365.0,135530.0,135635.0,135809.0,135957.0,136102.0,136233.0,136366.0,136497.0,136589.0,136761.0,136873.0,136992.0,137117.0,137243.0,137353.0,137438.0,137560.0,137691.0,137793.0,137913.0,138040.0,138181.0,138278.0,138398.0,138546.0,138672.0,138804.0,139019.0,139142.0,139252.0,139383.0,139522.0,139667.0,139838.0,139971.0,140093.0,140214.0,140384.0,140565.0,140688.0,140812.0,140921.0,141049.0,141194.0,141331.0,141458.0,141598.0,141698.0,141837.0,141978.0,142098.0,142215.0,142379.0,142548.0,142682.0,142849.0,143006.0,143119.0,143250.0,143385.0,143504.0,143638.0,143795.0,143919.0,144057.0,144208.0,144386.0,144529.0,144685.0,144860.0,144958.0,145051.0,145159.0,145270.0,145388.0,145519.0,145661.0,145753.0,145826.0,145928.0,146089.0,146241.0,146346.0,146460.0,146544.0,146631.0,146707.0,146809.0,146875.0,146967.0,147051.0,147132.0,147197.0,147256.0,147318.0,147414.0,147514.0,147607.0,147690.0,147749.0,,147932.0,148018.0,148112.0,148189.0,148271.0,148321.0,148384.0,148458.0,148514.0,148576.0,148648.0,148705.0,148746.0,148795.0,148870.0,148936.0,149000.0,149074.0,149119.0,149156.0,149212.0,149275.0,149340.0,149396.0,149464.0,149513.0,149560.0,149612.0,149700.0,149765.0,149819.0,149884.0,149949.0,150001.0,150053.0,150102.0,150156.0,150214.0,150265.0,150311.0,150367.0,150426.0,150474.0,150536.0,150610.0,150706.0,150809.0,150926.0,151057.0,151199.0,151339.0,151497.0,151619.0,151726.0,151797.0,151889.0,151996.0,152080.0,152171.0,152285.0,152349.0,152404.0,152504.0,152597.0,152678.0,152804.0,152911.0,153023.0,153117.0,153202.0,153279.0,153392.0,153508.0,153618.0,153725.0,153795.0,153931.0,154083.0,154228.0,154360.0,154472.0,154569.0,154637.0,154725.0,154816.0,154933.0,155076.0,155171.0,155294.0,155414.0,155497.0,155597.0,155723.0,155837.0,155939.0,156019.0,156106.0,156227.0,156328.0,156402.0,156489.0,156590.0,156673.0,156749.0,156843.0,156947.0,157065.0,157198.0,157326.0,157416.0,157528.0,157605.0,157703.0,157812
0f5qM3W8QCE,16708.0,16710.0,16711.0,16711.0,16712.0,16713.0,16714.0,16714.0,16714.0,16715.0,16715.0,16717.0,16718.0,16722.0,16729.0,16732.0,16738.0,16740.0,16743.0,16751.0,16755.0,16761.0,16767.0,16772.0,16776.0,16778.0,16785.0,16787.0,16789.0,16795.0,16798.0,16799.0,16802.0,16806.0,16807.0,16810.0,16815.0,16817.0,16819.0,16824.0,16833.0,16840.0,16842.0,16848.0,16850.0,16851.0,16858.0,16862.0,16869.0,16870.0,16874.0,16875.0,16876.0,16881.0,16886.0,16898.0,16906.0,16909.0,16914.0,16915.0,16918.0,16925.0,16928.0,16932.0,16934.0,16939.0,16942.0,16943.0,16947.0,16951.0,16956.0,16962.0,16969.0,16972.0,16977.0,16981.0,16987.0,16991.0,16996.0,17000.0,17000.0,17003.0,17008.0,17013.0,17021.0,17025.0,17030.0,17031.0,17037.0,17039.0,17039.0,17042.0,17044.0,17047.0,17052.0,17054.0,17055.0,17058.0,17060.0,17062.0,17063.0,17065.0,17066.0,17066.0,17068.0,17071.0,17075.0,17076.0,17078.0,17079.0,17080.0,17083.0,17084.0,17085.0,17085.0,17085.0,17087.0,17093.0,17098.0,17102.0,17104.0,17107.0,17110.0,17112.0,17114.0,17114.0,17120.0,17121.0,17125.0,17127.0,17129.0,17129.0,17129.0,17132.0,,,,,,,,,17154.0,17158.0,17162.0,17171.0,17173.0,17181.0,17187.0,17192.0,17198.0,17202.0,17205.0,17208.0,17211.0,17211.0,17213.0,17213.0,17214.0,17219.0,17220.0,17220.0,17223.0,17224.0,17225.0,17225.0,17226.0,17226.0,17228.0,17228.0,17229.0,17233.0,17242.0,17243.0,17260.0,17266.0,17270.0,17275.0,17278.0,17281.0,17282.0,17285.0,17290.0,17297.0,17298.0,17301.0,17303.0,17305.0,17306.0,17307.0,17309.0,17309.0,17311.0,17313.0,17315.0,17316.0,17318.0,17320.0,17321.0,17322.0,17322.0,17323.0,17327.0,17329.0,17330.0,17330.0,17330.0,17332.0,17332.0,17333.0,17333.0,17334.0,17334.0,17335.0,17336.0,17336.0,17336.0,17337.0,17337.0,17338.0,17339.0,17340.0,17340.0,17340.0,17340.0,17341.0,17342.0,17343.0,17345.0,17347.0,17348.0,17348.0,17349.0,17350.0,17350.0,17352.0,17353.0,17356.0,17357.0,17357.0,17358.0,17358.0,17361.0,17363.0,17366.0,17368.0,17369.0,17370.0,17371.0,17373.0,17374.0,17376.0,17378.0,17379.0,17379.0,17381.0,17381.0,17381.0,17381.0,17382.0,17383.0,17383.0,17384.0,,17386.0,17392.0,17392.0,17396.0,17399.0,17401.0,17403.0,17404.0,17404.0,17405.0,17405.0,17406.0,17406.0,17407.0,17407.0,17413.0,17414.0,17415.0,17416.0,17419.0,17421.0,17422.0,17423.0,17424.0,17425.0,17425.0,17427.0,17428.0,17430.0,17431.0,17433.0,17434.0,17434.0,17434.0,17435.0,17437.0,17437.0,17437.0,17438.0,17439.0,17439.0,17440.0,17440.0,17442.0,17442.0,17443.0,17443.0,17446.0,17449.0,17449.0,17450.0,17452.0,17452.0,17453.0,17458.0,17460.0,17461.0,17462.0,17463.0,17465.0,17470.0,17469.0,17470.0,17472.0,17476.0,17478.0,17479.0,17480.0,17480.0,17482.0,17482.0,17483.0,17486.0,17487.0,17488.0,17489.0,17490.0,17493.0,17494.0,17494.0,17494.0,17494.0,17495.0,17496.0,17500.0,17500.0,17502.0,17503.0,17504.0,17504.0,17506.0,17507.0,17509.0,17509.0,17509.0,17510.0,17511.0,17511.0,17512.0,17514.0,17515.0,17516.0,17516.0,17518.0,17518.0,17518.0,17518.0,17518.0,17519.0,17519.0,17519.0,17519.0,17519.0,17519
Y1TCap_3V5w,109183.0,109211.0,109244.0,109266.0,109296.0,109318.0,109335.0,109362.0,109392.0,109416.0,109435.0,109455.0,109473.0,109488.0,109501.0,109538.0,109560.0,109596.0,109618.0,109635.0,109654.0,109681.0,109694.0,109729.0,109756.0,109786.0,109827.0,109851.0,109878.0,109920.0,109954.0,109986.0,110011.0,110052.0,110086.0,110123.0,110151.0,110185.0,110208.0,110246.0,110275.0,110314.0,110341.0,110359.0,110383.0,110411.0,110430.0,110463.0,110484.0,110512.0,110539.0,110571.0,110598.0,110624.0,110653.0,110683.0,110719.0,110737.0,110777.0,110805.0,110835.0,110863.0,110884.0,110907.0,110945.0,110965.0,110986.0,110998.0,111018.0,111039.0,111067.0,111088.0,111099.0,111115.0,111140.0,111160.0,111183.0,111205.0,111224.0,111253.0,111272.0,111297.0,111317.0,111344.0,111372.0,111402.0,111427.0,111444.0,111470.0,111497.0,111529.0,111558.0,111585.0,111612.0,111626.0,111648.0,111677.0,111700.0,111742.0,111770.0,111806.0,111825.0,111843.0,111869.0,111895.0,111916.0,111944.0,111964.0,111976.0,112001.0,112017.0,112036.0,112059.0,112089.0,112110.0,112125.0,112158.0,112188.0,112205.0,112233.0,112252.0,112269.0,112292.0,112312.0,112338.0,112371.0,112403.0,112435.0,112455.0,112486.0,112521.0,112546.0,112573.0,112603.0,,,,,,,,,112906.0,112926.0,112952.0,112988.0,113013.0,113039.0,113065.0,113100.0,113118.0,113140.0,113160.0,113179.0,113211.0,113233.0,113265.0,113296.0,113310.0,113339.0,113382.0,113409.0,113433.0,113449.0,113476.0,113502.0,113517.0,113534.0,113549.0,113569.0,113574.0,113595.0,113613.0,113626.0,113642.0,113664.0,113678.0,113685.0,113696.0,113721.0,113736.0,113756.0,113774.0,113788.0,113804.0,113821.0,113839.0,113852.0,113871.0,113888.0,113907.0,113925.0,113945.0,113955.0,113966.0,113980.0,113997.0,114018.0,114034.0,114055.0,114064.0,114084.0,114094.0,114108.0,114119.0,114140.0,114162.0,114187.0,114207.0,114220.0,114238.0,114253.0,114259.0,114269.0,114283.0,114299.0,114314.0,114339.0,114352.0,114365.0,114378.0,114390.0,114406.0,114431.0,114444.0,114472.0,114480.0,114496.0,114513.0,114529.0,114548.0,114574.0,114591.0,114609.0,114620.0,114653.0,114662.0,114672.0,114679.0,114690.0,114703.0,114718.0,114726.0,114755.0,114774.0,114784.0,114800.0,114814.0,114830.0,114841.0,114854.0,114866.0,114875.0,114887.0,114896.0,114907.0,114924.0,114940.0,114955.0,114977.0,114988.0,115002.0,115018.0,,115042.0,115053.0,115071.0,115094.0,115116.0,115134.0,115148.0,115156.0,115177.0,115200.0,115222.0,115244.0,115264.0,115277.0,115293.0,115304.0,115319.0,115341.0,115358.0,115381.0,115395.0,115405.0,115421.0,115437.0,115456.0,115480.0,115500.0,115511.0,115528.0,115539.0,115565.0,115608.0,115637.0,115656.0,115672.0,115696.0,115714.0,115730.0,115752.0,115762.0,115776.0,115790.0,115805.0,115821.0,115837.0,115858.0,115867.0,115877.0,115890.0,115898.0,115912.0,115930.0,115942.0,115951.0,115964.0,115974.0,115985.0,116005.0,116020.0,116035.0,116045.0,116052.0,116069.0,116089.0,116103.0,116122.0,116130.0,116143.0,116150.0,116163.0,116174.0,116183.0,116193.0,116201.0,116213.0,116229.0,116237.0,116253.0,116285.0,116328.0,116348.0,116373.0,116394.0,116415.0,116425.0,116441.0,116457.0,116472.0,116496.0,116517.0,116534.0,116549.0,116561.0,116573.0,116592.0,116614.0,116639.0,116664.0,116686.0,116710.0,116724.0,116739.0,116757.0,116778.0,116796.0,116813.0,116840.0,116857.0,116883.0,116904.0,116923.0,116933.0,116951.0,116961
hN27e5i8s5U,25488.0,25496.0,25506.0,25516.0,25523.0,25530.0,25535.0,25542.0,25545.0,25552.0,25553.0,25557.0,25562.0,25569.0,25576.0,25578.0,25583.0,25587.0,25593.0,25597.0,25605.0,25606.0,25615.0,25619.0,25624.0,25636.0,25640.0,25649.0,25656.0,25660.0,25670.0,25681.0,25694.0,25705.0,25727.0,25747.0,25755.0,25762.0,25769.0,25781.0,25796.0,25805.0,25813.0,25826.0,25835.0,25843.0,25850.0,25867.0,25878.0,25894.0,25903.0,25919.0,25931.0,25943.0,25959.0,25974.0,25987.0,25999.0,26008.0,26015.0,26026.0,26035.0,26046.0,26063.0,26074.0,26091.0,26105.0,26121.0,26134.0,26152.0,26158.0,26170.0,26179.0,26192.0,26204.0,26213.0,26222.0,26227.0,26237.0,26251.0,26262.0,26277.0,26284.0,26291.0,26303.0,26316.0,26331.0,26343.0,26358.0,26369.0,26381.0,26392.0,26404.0,26419.0,26427.0,26442.0,26458.0,26470.0,26485.0,26496.0,26506.0,26513.0,26526.0,26536.0,26545.0,26552.0,26562.0,26571.0,26584.0,26589.0,26594.0,26603.0,26610.0,26617.0,26619.0,26625.0,26630.0,26640.0,26648.0,26657.0,26667.0,26672.0,26677.0,26684.0,26689.0,26693.0,26697.0,26707.0,26713.0,26726.0,26738.0,26758.0,26770.0,26787.0,,,,,,,,,26882.0,26884.0,26893.0,26911.0,26918.0,26932.0,26938.0,26945.0,26953.0,26960.0,26969.0,26970.0,26979.0,26987.0,26991.0,26997.0,27008.0,27011.0,27016.0,27022.0,27025.0,27030.0,27037.0,27045.0,27056.0,27058.0,27063.0,27068.0,27075.0,27081.0,27087.0,27096.0,27102.0,27108.0,27116.0,27124.0,27130.0,27135.0,27143.0,27151.0,27165.0,27171.0,27177.0,27182.0,27187.0,27193.0,27203.0,27213.0,27214.0,27218.0,27221.0,27228.0,27236.0,27238.0,27249.0,27256.0,27264.0,27271.0,27278.0,27286.0,27295.0,27304.0,27315.0,27322.0,27328.0,27336.0,27348.0,27355.0,27366.0,27385.0,27388.0,27400.0,27405.0,27412.0,27419.0,27430.0,27448.0,27456.0,27467.0,27482.0,27499.0,27507.0,27517.0,27528.0,27537.0,27549.0,27557.0,27569.0,27579.0,27586.0,27592.0,27601.0,27612.0,27615.0,27621.0,27629.0,27635.0,27640.0,27647.0,27656.0,27662.0,27671.0,27680.0,27692.0,27701.0,27714.0,27721.0,27729.0,27739.0,27747.0,27759.0,27770.0,27776.0,27789.0,27803.0,27814.0,27827.0,27837.0,27846.0,27851.0,27856.0,,27862.0,27867.0,27871.0,27875.0,27888.0,27892.0,27899.0,27907.0,27910.0,27915.0,27921.0,27928.0,27933.0,27938.0,27945.0,27950.0,27956.0,27958.0,27964.0,27974.0,27980.0,27988.0,27997.0,28002.0,28004.0,28009.0,28013.0,28015.0,28021.0,28024.0,28026.0,28037.0,28040.0,28047.0,28059.0,28063.0,28073.0,28082.0,28099.0,28105.0,28112.0,28118.0,28122.0,28134.0,28149.0,28161.0,28166.0,28173.0,28178.0,28186.0,28191.0,28202.0,28207.0,28212.0,28217.0,28223.0,28228.0,28233.0,28241.0,28246.0,28252.0,28258.0,28270.0,28282.0,28285.0,28292.0,28302.0,28312.0,28320.0,28344.0,28348.0,28356.0,28362.0,28373.0,28384.0,28399.0,28405.0,28413.0,28422.0,28439.0,28451.0,28457.0,28461.0,28464.0,28470.0,28476.0,28483.0,28492.0,28496.0,28500.0,28510.0,28518.0,28524.0,28535.0,28544.0,28554.0,28562.0,28572.0,28580.0,28594.0,28598.0,28605.0,28608.0,28611.0,28616.0,28623.0,28631.0,28636.0,28644.0,28652.0,28661.0,28664.0,28667.0,28670
TfK_tPLwX3k,8742.0,8743.0,8744.0,8745.0,8746.0,8746.0,8748.0,8748.0,8751.0,8751.0,8751.0,8752.0,8752.0,8752.0,8753.0,8753.0,8753.0,8753.0,8754.0,8758.0,8761.0,8762.0,8766.0,8767.0,8768.0,8770.0,8774.0,8781.0,8784.0,8786.0,8787.0,8789.0,8793.0,8793.0,8796.0,8799.0,8802.0,8803.0,8803.0,8806.0,8807.0,8808.0,8809.0,8811.0,8811.0,8813.0,8814.0,8814.0,8815.0,8814.0,8815.0,8815.0,8815.0,8815.0,8817.0,8817.0,8817.0,8816.0,8816.0,8817.0,8817.0,8817.0,8818.0,8818.0,8822.0,8824.0,8824.0,8825.0,8826.0,8827.0,8828.0,8829.0,8829.0,8831.0,8831.0,8831.0,8832.0,8834.0,8834.0,8837.0,8839.0,8841.0,8841.0,8843.0,8844.0,8844.0,8847.0,8847.0,8848.0,8848.0,8849.0,8850.0,8851.0,8851.0,8851.0,8855.0,8857.0,8857.0,8858.0,8859.0,8860.0,8860.0,8862.0,8862.0,8863.0,8863.0,8863.0,8865.0,8867.0,8868.0,8869.0,8871.0,8871.0,8872.0,8873.0,8873.0,8873.0,8873.0,8875.0,8886.0,8886.0,8889.0,8890.0,8890.0,8890.0,8891.0,8892.0,8894.0,8895.0,8896.0,8896.0,8898.0,8899.0,8901.0,,,,,,,,,8910.0,8910.0,8911.0,8912.0,8913.0,8913.0,8913.0,8915.0,8915.0,8917.0,8917.0,8917.0,8917.0,8918.0,8920.0,8920.0,8920.0,8922.0,8922.0,8928.0,8931.0,8936.0,8937.0,8940.0,8942.0,8948.0,8950.0,8956.0,8960.0,8965.0,8965.0,8969.0,8971.0,8972.0,8973.0,8973.0,8974.0,8976.0,8976.0,8980.0,8982.0,8979.0,8983.0,8984.0,8985.0,8987.0,8991.0,8992.0,8993.0,8994.0,8997.0,8997.0,9000.0,9000.0,9002.0,9007.0,9008.0,9009.0,9011.0,9012.0,9013.0,9014.0,9015.0,9015.0,9015.0,9018.0,9020.0,9020.0,9020.0,9023.0,9023.0,9028.0,9029.0,9029.0,9030.0,9031.0,9032.0,9032.0,9032.0,9032.0,9032.0,9033.0,9033.0,9035.0,9037.0,9037.0,9039.0,9039.0,9039.0,9041.0,9041.0,9041.0,9041.0,9041.0,9041.0,9041.0,9042.0,9042.0,9042.0,9042.0,9042.0,9042.0,9042.0,9043.0,9043.0,9043.0,9043.0,9043.0,9043.0,9043.0,9043.0,9043.0,9043.0,9043.0,9044.0,9046.0,9049.0,9051.0,9052.0,9053.0,9055.0,,9058.0,9060.0,9061.0,9062.0,9063.0,9063.0,9067.0,9068.0,9069.0,9070.0,9070.0,9071.0,9074.0,9076.0,9077.0,9078.0,9079.0,9079.0,9079.0,9079.0,9079.0,9079.0,9081.0,9082.0,9082.0,9082.0,9082.0,9083.0,9084.0,9084.0,9084.0,9084.0,9088.0,9088.0,9088.0,9092.0,9093.0,9094.0,9095.0,9095.0,9096.0,9096.0,9096.0,9097.0,9098.0,9098.0,9099.0,9100.0,9102.0,9102.0,9103.0,9105.0,9106.0,9108.0,9108.0,9108.0,9108.0,9110.0,9111.0,9111.0,9114.0,9114.0,9115.0,9115.0,9116.0,9116.0,9117.0,9118.0,9119.0,9122.0,9122.0,9123.0,9125.0,9125.0,9126.0,9126.0,9127.0,9128.0,9129.0,9131.0,9131.0,9132.0,9133.0,9133.0,9136.0,9138.0,9139.0,9140.0,9141.0,9141.0,9141.0,9141.0,9145.0,9146.0,9146.0,9146.0,9148.0,9150.0,9151.0,9151.0,9152.0,9153.0,9156.0,9157.0,9160.0,9161.0,9161.0,9161.0,9163.0,9163.0,9163.0,9163.0,9163.0,9164
0-wtc2xB2YU,1893997.0,1894620.0,1895446.0,1896276.0,1896979.0,1897787.0,1898590.0,1899306.0,1899956.0,1900800.0,1901529.0,1902172.0,1902974.0,1903725.0,1904498.0,1905256.0,1906040.0,1906705.0,1907365.0,1907911.0,1908679.0,1909397.0,1910103.0,1910843.0,1911534.0,1912255.0,1913013.0,1913805.0,1914477.0,1915393.0,1916155.0,1916796.0,1917444.0,1918050.0,1918676.0,1919475.0,1920360.0,1921158.0,1921896.0,1922532.0,1923201.0,1923829.0,1924491.0,1925166.0,1925915.0,1926656.0,1927342.0,1928021.0,1928710.0,1929490.0,1930259.0,1931073.0,1931762.0,1932376.0,1933066.0,1933719.0,1934320.0,1935079.0,1935844.0,1936572.0,1937274.0,1937908.0,1938572.0,1939284.0,1939946.0,1940601.0,1941191.0,1941939.0,1942587.0,1943310.0,1944028.0,1944723.0,1945428.0,1946129.0,1946768.0,1947568.0,1948263.0,1949063.0,1949730.0,1950516.0,1951134.0,1951989.0,1952808.0,1953575.0,1954376.0,1955169.0,1955881.0,1956690.0,1957431.0,1957994.0,1958822.0,1959520.0,1960360.0,1961058.0,1961878.0,1962590.0,1963346.0,1964102.0,1964855.0,1965559.0,1966322.0,1966994.0,1967633.0,1968396.0,1969186.0,1969916.0,1970718.0,1971567.0,1972365.0,1973000.0,1973799.0,1974559.0,1975320.0,1975941.0,1976760.0,1977474.0,1978156.0,1978951.0,1979737.0,1980545.0,1981277.0,1981873.0,1982603.0,1983238.0,1983801.0,1984622.0,1985413.0,1986155.0,1986778.0,1987519.0,1988105.0,1988844.0,1989475.0,1990081.0,,,,,,,,,1996108.0,1996691.0,1997458.0,1998192.0,1998776.0,1999423.0,2000131.0,2000774.0,2001498.0,2002180.0,2002893.0,2003678.0,2004616.0,2005435.0,2006127.0,2006731.0,2007407.0,2008110.0,2008668.0,2009370.0,2009985.0,2010650.0,2011389.0,2011899.0,2012617.0,2013233.0,2013892.0,2014506.0,2015216.0,2015860.0,2016588.0,2017343.0,2017982.0,2018605.0,2019265.0,2019929.0,2020628.0,2021228.0,2021905.0,2022503.0,2023183.0,2023791.0,2024403.0,2025016.0,2025747.0,2026334.0,2027122.0,2027853.0,2028588.0,2029277.0,2029918.0,2030468.0,2031089.0,2031690.0,2032289.0,2032980.0,2033685.0,2034312.0,2035007.0,2035584.0,2036350.0,2036979.0,2037589.0,2038102.0,2038698.0,2039266.0,2039838.0,2040480.0,2041013.0,2041774.0,2042362.0,2042878.0,2043465.0,2044019.0,2044536.0,2045170.0,2045794.0,2046452.0,2047057.0,2047553.0,2048190.0,2048732.0,2049312.0,2049932.0,2050683.0,2051284.0,2051924.0,2052515.0,2053062.0,2053770.0,2054503.0,2055161.0,2055797.0,2056462.0,2057233.0,2057988.0,2058688.0,2059483.0,2060207.0,2060982.0,2061765.0,2062535.0,2063324.0,2064034.0,2064844.0,2065582.0,2066187.0,2066885.0,2067622.0,2068251.0,2069051.0,2069706.0,2070415.0,2071175.0,2071937.0,2072620.0,2073274.0,2073994.0,2074630.0,2075381.0,2076033.0,,2078099.0,2079168.0,2080200.0,2081185.0,2082079.0,2083056.0,2083997.0,2084949.0,2085918.0,2086882.0,2087930.0,2088870.0,2089797.0,2090651.0,2091476.0,2092446.0,2093401.0,2094416.0,2095422.0,2096276.0,2097239.0,2098147.0,2098981.0,2099960.0,2100769.0,2101649.0,2102470.0,2103353.0,2104149.0,2105173.0,2106099.0,2107024.0,2107856.0,2108607.0,2109362.0,2110195.0,2110985.0,2111707.0,2112655.0,2113389.0,2114159.0,2114886.0,2115625.0,2116356.0,2117117.0,2117854.0,2118714.0,2119425.0,2120220.0,2120986.0,2121752.0,2122565.0,2123324.0,2124143.0,2124819.0,2125563.0,2126334.0,2127007.0,2127832.0,2128495.0,2129275.0,2130013.0,2130652.0,2131450.0,2132243.0,2132945.0,2133577.0,2134467.0,2135128.0,2135807.0,2136599.0,2137419.0,2138190.0,2138957.0,2139734.0,2140665.0,2141472.0,2142343.0,2143100.0,2143902.0,2144750.0,2145575.0,2146430.0,2147380.0,2148230.0,2149232.0,2150212.0,2151163.0,2151970.0,2152936.0,2153842.0,2154853.0,2155761.0,2156757.0,2157762.0,2158717.0,2159586.0,2160562.0,2161616.0,2162646.0,2163615.0,2164604.0,2165438.0,2166296.0,2167147.0,2168062.0,2168960.0,2169941.0,2170829.0,2171733.0,2172469.0,2173232.0,2173948.0,2174810
ffgGkQCC3bA,152301.0,152364.0,152458.0,152533.0,152624.0,152719.0,152815.0,152885.0,152970.0,153142.0,153237.0,153367.0,153476.0,153595.0,153697.0,153785.0,153868.0,153967.0,154061.0,154141.0,154228.0,154304.0,154401.0,154463.0,154543.0,154613.0,154686.0,154756.0,154818.0,154920.0,154995.0,155049.0,155126.0,155219.0,155293.0,155364.0,155477.0,155558.0,155651.0,155742.0,155831.0,155928.0,155994.0,156069.0,156138.0,156240.0,156335.0,156441.0,156571.0,156648.0,156736.0,156831.0,156930.0,156996.0,157085.0,157176.0,157251.0,157339.0,157436.0,157518.0,157608.0,157692.0,157800.0,157873.0,157984.0,158050.0,158125.0,158195.0,158268.0,158368.0,158459.0,158537.0,158606.0,158670.0,158786.0,158855.0,158967.0,159036.0,159129.0,159205.0,159292.0,159393.0,159509.0,159632.0,159753.0,159867.0,159946.0,160116.0,160763.0,161276.0,161776.0,162248.0,162718.0,163192.0,163626.0,164090.0,164556.0,165112.0,165662.0,166173.0,166557.0,167005.0,167424.0,167874.0,168335.0,168818.0,169224.0,169568.0,169866.0,170208.0,170510.0,170773.0,170984.0,171250.0,171584.0,171818.0,172155.0,172392.0,172697.0,173101.0,173375.0,173661.0,173863.0,174080.0,174344.0,174596.0,174817.0,175039.0,175266.0,175481.0,175673.0,175914.0,176110.0,176354.0,,,,,,,,,178400.0,178557.0,178771.0,179034.0,179249.0,179433.0,179600.0,179785.0,179922.0,180094.0,180278.0,180480.0,180683.0,180841.0,180979.0,181109.0,181272.0,181450.0,181620.0,181854.0,182100.0,182306.0,182518.0,182740.0,182953.0,183183.0,183420.0,183633.0,183850.0,184088.0,184293.0,184542.0,184752.0,184975.0,185283.0,185557.0,185768.0,186031.0,186286.0,186617.0,186876.0,187108.0,187362.0,187622.0,187854.0,188112.0,188373.0,188663.0,188902.0,189161.0,189450.0,189735.0,190056.0,190328.0,190575.0,190799.0,190971.0,191212.0,191413.0,191622.0,191827.0,192069.0,192285.0,192484.0,192722.0,192941.0,193157.0,193359.0,193556.0,193780.0,193969.0,194181.0,194371.0,194644.0,194899.0,195107.0,195335.0,195538.0,195783.0,195977.0,196183.0,196397.0,196607.0,196941.0,197135.0,197285.0,197504.0,197768.0,197972.0,198177.0,198391.0,198640.0,198842.0,199131.0,199407.0,199674.0,199923.0,200227.0,200449.0,200713.0,200983.0,201236.0,201474.0,201730.0,202025.0,202309.0,202583.0,202832.0,203082.0,203429.0,203660.0,203978.0,204245.0,204514.0,204740.0,204989.0,205242.0,205522.0,205829.0,206072.0,206290.0,,206932.0,207229.0,207541.0,207930.0,208171.0,208471.0,208738.0,209057.0,209307.0,209635.0,209935.0,210275.0,210524.0,210844.0,211150.0,211463.0,211821.0,212093.0,212395.0,212658.0,212939.0,213445.0,214164.0,214941.0,215754.0,216285.0,216964.0,217523.0,218030.0,218503.0,219037.0,219586.0,219967.0,220439.0,220862.0,221430.0,221971.0,222504.0,222981.0,223495.0,223962.0,224513.0,225047.0,225622.0,226188.0,226630.0,226919.0,227197.0,227435.0,227771.0,228031.0,228348.0,228617.0,228868.0,229169.0,229446.0,229823.0,230161.0,230507.0,230784.0,231090.0,231295.0,231613.0,231858.0,232184.0,232453.0,232745.0,232975.0,233182.0,233447.0,233736.0,234073.0,234427.0,234760.0,235045.0,235332.0,235650.0,235862.0,236109.0,236641.0,237308.0,237939.0,238491.0,239111.0,239727.0,240212.0,240833.0,241393.0,241846.0,242353.0,242862.0,243426.0,243936.0,244406.0,244979.0,245522.0,246006.0,246462.0,246856.0,247340.0,247908.0,248475.0,248994.0,249528.0,250046.0,250610.0,251271.0,251960.0,252552.0,253148.0,253668.0,254294.0,254901.0,255463
GA-r6xMbRTM,170167.0,170201.0,170264.0,170310.0,170352.0,170422.0,170459.0,170538.0,170597.0,170644.0,170706.0,170752.0,170784.0,170830.0,170886.0,170945.0,170994.0,171038.0,171095.0,171158.0,171213.0,171254.0,171313.0,171356.0,171397.0,171441.0,171501.0,171535.0,171565.0,171601.0,171652.0,171690.0,171730.0,171766.0,171819.0,171884.0,171985.0,172050.0,172132.0,172224.0,172288.0,172359.0,172423.0,172484.0,172584.0,172645.0,172711.0,172796.0,172895.0,172983.0,173075.0,173176.0,173253.0,173334.0,173401.0,173462.0,173558.0,173644.0,173723.0,173811.0,173889.0,173955.0,174037.0,174112.0,174187.0,174281.0,174368.0,174426.0,174500.0,174608.0,174681.0,174735.0,174811.0,174888.0,174962.0,175039.0,175106.0,175170.0,175227.0,175278.0,175334.0,175400.0,175476.0,175542.0,175604.0,175660.0,175715.0,175770.0,175848.0,175923.0,175980.0,176038.0,176126.0,176193.0,176256.0,176342.0,176425.0,176476.0,176539.0,176615.0,176683.0,176757.0,176822.0,176895.0,176956.0,177008.0,177067.0,177148.0,177209.0,177275.0,177344.0,177422.0,177489.0,177575.0,177649.0,177714.0,177788.0,177850.0,177943.0,178004.0,178081.0,178140.0,178196.0,178243.0,178311.0,178401.0,178459.0,178517.0,178580.0,178647.0,178728.0,178790.0,178831.0,178919.0,,,,,,,,,179501.0,179577.0,179639.0,179716.0,179785.0,179866.0,179917.0,179991.0,180090.0,180173.0,180248.0,180304.0,180370.0,180438.0,180516.0,180581.0,180633.0,180716.0,180775.0,180866.0,180977.0,181033.0,181099.0,181165.0,181243.0,181316.0,181403.0,181478.0,181563.0,181661.0,181753.0,181841.0,181952.0,182051.0,182185.0,182289.0,182424.0,182530.0,182674.0,182818.0,183033.0,183639.0,184483.0,185157.0,186393.0,187718.0,189239.0,190596.0,192068.0,193310.0,194349.0,195551.0,197031.0,198359.0,199731.0,200997.0,202044.0,203103.0,204433.0,205544.0,206820.0,207923.0,209052.0,210264.0,211171.0,212372.0,213636.0,214871.0,215916.0,217287.0,218445.0,219453.0,221226.0,223202.0,225113.0,226970.0,228828.0,230176.0,231287.0,232633.0,234213.0,235528.0,236944.0,238302.0,239334.0,240330.0,241782.0,243418.0,245162.0,246695.0,248146.0,249280.0,250266.0,251513.0,252727.0,254215.0,255556.0,256797.0,257742.0,258643.0,259705.0,261040.0,262124.0,263241.0,264475.0,265442.0,266192.0,267198.0,268084.0,268958.0,269786.0,270729.0,271395.0,272021.0,272609.0,273134.0,273761.0,274638.0,275563.0,276316.0,277007.0,,278659.0,279474.0,280237.0,280922.0,281719.0,282327.0,282990.0,283706.0,284368.0,285087.0,285764.0,286409.0,286995.0,287616.0,288212.0,288865.0,289607.0,290668.0,291380.0,292041.0,292827.0,293799.0,294599.0,295530.0,296454.0,297134.0,298002.0,298916.0,299613.0,300261.0,300918.0,301458.0,302084.0,302716.0,303659.0,304784.0,305656.0,306675.0,307917.0,308794.0,309780.0,310930.0,312104.0,313325.0,314573.0,315679.0,316633.0,317424.0,318445.0,319512.0,320602.0,321770.0,322996.0,324033.0,325005.0,326183.0,327382.0,328484.0,329665.0,331014.0,332149.0,333441.0,334793.0,336206.0,337590.0,338716.0,339567.0,340409.0,341150.0,342102.0,343081.0,344572.0,346185.0,347705.0,349089.0,350500.0,351893.0,353253.0,354602.0,355670.0,356839.0,357748.0,358548.0,359663.0,360945.0,362344.0,363993.0,365676.0,366872.0,367946.0,368936.0,369866.0,370919.0,372016.0,373091.0,374004.0,374746.0,375684.0,376912.0,378451.0,380066.0,381315.0,382376.0,383470.0,384496.0,385806.0,386946.0,388070.0,389333.0,390421.0,391284.0,392532.0,393860.0,395286
wS9ocqALvjI,2055.0,2056.0,2056.0,2056.0,2056.0,2057.0,2058.0,2058.0,2058.0,2058.0,2058.0,2058.0,2058.0,2058.0,2058.0,2058.0,2059.0,2059.0,2059.0,2059.0,2059.0,2060.0,2060.0,2061.0,2063.0,2063.0,2066.0,2066.0,2066.0,2067.0,2067.0,2067.0,2068.0,2070.0,2070.0,2070.0,2070.0,2070.0,2071.0,2071.0,2071.0,2071.0,2071.0,2071.0,2072.0,2072.0,2074.0,2074.0,2074.0,2074.0,2074.0,2074.0,2074.0,2074.0,2074.0,2075.0,2078.0,2080.0,2083.0,2084.0,2084.0,2087.0,2090.0,2090.0,2093.0,2093.0,2093.0,2093.0,2094.0,2094.0,2094.0,2094.0,2097.0,2097.0,2097.0,2097.0,2098.0,2099.0,2099.0,2099.0,2099.0,2101.0,2102.0,2102.0,2102.0,2103.0,2106.0,2106.0,2107.0,2108.0,2108.0,2108.0,2108.0,2108.0,2108.0,2108.0,2108.0,2108.0,2108.0,2108.0,2109.0,2110.0,2110.0,2110.0,2110.0,2111.0,2112.0,2112.0,2114.0,2114.0,2114.0,2115.0,2115.0,2115.0,2115.0,2117.0,2117.0,2118.0,2119.0,2120.0,2121.0,2122.0,2123.0,2123.0,2124.0,2124.0,2124.0,2124.0,2125.0,2125.0,2125.0,2125.0,2125.0,2126.0,,,,,,,,,2131.0,2133.0,2134.0,2134.0,2134.0,2137.0,2137.0,2138.0,2139.0,2143.0,2143.0,2143.0,2145.0,2145.0,2145.0,2145.0,2145.0,2145.0,2145.0,2145.0,2146.0,2148.0,2148.0,2149.0,2150.0,2151.0,2151.0,2151.0,2153.0,2153.0,2153.0,2154.0,2154.0,2154.0,2154.0,2157.0,2157.0,2157.0,2157.0,2157.0,2160.0,2157.0,2160.0,2160.0,2160.0,2160.0,2160.0,2161.0,2161.0,2161.0,2161.0,2162.0,2165.0,2165.0,2165.0,2165.0,2165.0,2166.0,2166.0,2166.0,2166.0,2166.0,2166.0,2166.0,2166.0,2167.0,2167.0,2168.0,2168.0,2170.0,2171.0,2173.0,2173.0,2175.0,2176.0,2176.0,2176.0,2177.0,2177.0,2178.0,2178.0,2181.0,2183.0,2183.0,2183.0,2184.0,2184.0,2185.0,2185.0,2185.0,2185.0,2186.0,2186.0,2186.0,2186.0,2188.0,2191.0,2191.0,2192.0,2192.0,2192.0,2192.0,2194.0,2194.0,2195.0,2197.0,2199.0,2200.0,2199.0,2200.0,2201.0,2202.0,2202.0,2202.0,2203.0,2204.0,2205.0,2206.0,2206.0,2206.0,2206.0,,2208.0,2209.0,2209.0,2209.0,2209.0,2209.0,2212.0,2213.0,2215.0,2215.0,2215.0,2215.0,2215.0,2219.0,2220.0,2220.0,2220.0,2220.0,2221.0,2221.0,2221.0,2221.0,2221.0,2222.0,2222.0,2222.0,2222.0,2222.0,2224.0,2224.0,2225.0,2226.0,2226.0,2226.0,2226.0,2226.0,2226.0,2227.0,2227.0,2227.0,2227.0,2228.0,2229.0,2229.0,2233.0,2234.0,2234.0,2234.0,2237.0,2238.0,2238.0,2238.0,2239.0,2241.0,2242.0,2243.0,2243.0,2244.0,2245.0,2245.0,2245.0,2245.0,2245.0,2245.0,2245.0,2247.0,2251.0,2251.0,2254.0,2263.0,2263.0,2268.0,2270.0,2272.0,2272.0,2273.0,2274.0,2275.0,2277.0,2277.0,2278.0,2280.0,2280.0,2281.0,2282.0,2283.0,2283.0,2283.0,2283.0,2284.0,2284.0,2284.0,2284.0,2285.0,2285.0,2286.0,2286.0,2287.0,2287.0,2288.0,2288.0,2288.0,2288.0,2289.0,2289.0,2289.0,2289.0,2289.0,2289.0,2289.0,2290.0,2291.0,2291.0,2291
Li0GPnhAXOk,1469.0,1470.0,1470.0,1470.0,1470.0,1470.0,1470.0,1472.0,1472.0,1472.0,1472.0,1472.0,1472.0,1472.0,1473.0,1473.0,1473.0,1473.0,1479.0,1479.0,1479.0,1480.0,1480.0,1481.0,1511.0,1511.0,1511.0,1511.0,1511.0,1511.0,1511.0,1512.0,1512.0,1512.0,1512.0,1512.0,1512.0,1512.0,1512.0,1512.0,1512.0,1512.0,1513.0,1513.0,1514.0,1515.0,1515.0,1515.0,1518.0,1519.0,1521.0,1521.0,1522.0,1522.0,1522.0,1522.0,1523.0,1523.0,1523.0,1523.0,1523.0,1523.0,1523.0,1523.0,1523.0,1523.0,1523.0,1524.0,1524.0,1524.0,1524.0,1525.0,1525.0,1525.0,1526.0,1526.0,1526.0,1526.0,1527.0,1527.0,1527.0,1529.0,1529.0,1529.0,1529.0,1529.0,1530.0,1530.0,1530.0,1530.0,1530.0,1530.0,1530.0,1530.0,1530.0,1530.0,1530.0,1530.0,1530.0,1530.0,1530.0,1530.0,1530.0,1530.0,1530.0,1530.0,1530.0,1530.0,1530.0,1530.0,1530.0,1530.0,1530.0,1530.0,1530.0,1530.0,1530.0,1530.0,1532.0,1532.0,1532.0,1532.0,1532.0,1532.0,1532.0,1533.0,1533.0,1533.0,1533.0,1533.0,1533.0,1533.0,1533.0,1533.0,,,,,,,,,1537.0,1538.0,1538.0,1538.0,1539.0,1539.0,1539.0,1539.0,1539.0,1540.0,1540.0,1540.0,1540.0,1540.0,1540.0,1540.0,1540.0,1540.0,1540.0,1540.0,1540.0,1540.0,1540.0,1540.0,1540.0,1540.0,1540.0,1540.0,1540.0,1540.0,1540.0,1541.0,1541.0,1541.0,1541.0,1541.0,1541.0,1541.0,1541.0,1541.0,1541.0,1541.0,1541.0,1541.0,1541.0,1541.0,1541.0,1541.0,1541.0,1541.0,1541.0,1541.0,1541.0,1547.0,1548.0,1549.0,1550.0,1550.0,1550.0,1550.0,1550.0,1550.0,1550.0,1550.0,1550.0,1550.0,1550.0,1551.0,1551.0,1551.0,1551.0,1551.0,1551.0,1551.0,1551.0,1551.0,1551.0,1551.0,1551.0,1551.0,1551.0,1551.0,1551.0,1551.0,1551.0,1551.0,1551.0,1551.0,1551.0,1551.0,1551.0,1551.0,1551.0,1552.0,1552.0,1552.0,1552.0,1552.0,1552.0,1552.0,1552.0,1552.0,1552.0,1552.0,1552.0,1552.0,1552.0,1552.0,1552.0,1552.0,1553.0,1553.0,1553.0,1553.0,1553.0,1553.0,1553.0,1553.0,1553.0,1553.0,1553.0,,1554.0,1554.0,1554.0,1554.0,1554.0,1554.0,1554.0,1554.0,1555.0,1555.0,1556.0,1556.0,1556.0,1556.0,1556.0,1556.0,1556.0,1556.0,1557.0,1557.0,1557.0,1557.0,1557.0,1557.0,1557.0,1557.0,1559.0,1559.0,1559.0,1559.0,1559.0,1559.0,1559.0,1559.0,1559.0,1559.0,1559.0,1559.0,1560.0,1560.0,1560.0,1561.0,1561.0,1561.0,1561.0,1561.0,1561.0,1561.0,1561.0,1562.0,1562.0,1562.0,1562.0,1562.0,1562.0,1562.0,1562.0,1562.0,1562.0,1562.0,1562.0,1562.0,1562.0,1562.0,1563.0,1563.0,1563.0,1564.0,1565.0,1565.0,1565.0,1565.0,1566.0,1566.0,1566.0,1566.0,1566.0,1566.0,1566.0,1566.0,1566.0,1566.0,1567.0,1567.0,1567.0,1567.0,1567.0,1567.0,1567.0,1567.0,1567.0,1567.0,1567.0,1567.0,1567.0,1567.0,1567.0,1567.0,1567.0,1567.0,1567.0,1569.0,1571.0,1571.0,1571.0,1571.0,1571.0,1571.0,1571.0,1571.0,1571.0,1571.0,1571.0,1572
HQnMZq4DMdE,634452.0,635324.0,636104.0,636846.0,637541.0,638465.0,639333.0,640308.0,641257.0,642096.0,642778.0,643512.0,644317.0,645101.0,645812.0,646544.0,647186.0,647766.0,648354.0,648945.0,649561.0,650308.0,651011.0,651686.0,652308.0,652991.0,653677.0,654447.0,655224.0,656054.0,656696.0,657281.0,657900.0,658586.0,659384.0,660198.0,661062.0,661861.0,662630.0,663414.0,664285.0,665154.0,666141.0,666949.0,667781.0,668596.0,669375.0,670246.0,671090.0,671859.0,672744.0,673438.0,674104.0,674874.0,675749.0,676554.0,677334.0,678008.0,678716.0,679364.0,680077.0,680745.0,681483.0,682225.0,682925.0,683598.0,684083.0,684820.0,685459.0,686332.0,687134.0,687941.0,688741.0,689449.0,690072.0,690875.0,691646.0,692465.0,693274.0,693972.0,694648.0,695240.0,696025.0,696779.0,697562.0,698229.0,698925.0,699526.0,700162.0,700834.0,701493.0,702168.0,702784.0,703386.0,703904.0,704516.0,705138.0,705837.0,706487.0,707088.0,707637.0,708273.0,708867.0,709558.0,710241.0,710921.0,711603.0,712322.0,712918.0,713538.0,714194.0,714833.0,715441.0,716052.0,716634.0,717257.0,717813.0,718474.0,719223.0,719846.0,720582.0,721177.0,721768.0,722352.0,722967.0,723584.0,724202.0,724825.0,725395.0,725913.0,726460.0,727119.0,727742.0,728381.0,,,,,,,,,734217.0,734760.0,735377.0,736016.0,736678.0,737280.0,737852.0,738374.0,738908.0,739465.0,740032.0,740727.0,741356.0,741981.0,742592.0,743112.0,743615.0,744250.0,744922.0,745575.0,746172.0,746776.0,747489.0,748131.0,748760.0,749399.0,749997.0,750884.0,751568.0,752270.0,752842.0,753492.0,754087.0,754705.0,755362.0,755978.0,756491.0,757011.0,757687.0,758348.0,759009.0,759632.0,760202.0,760740.0,761289.0,761934.0,762541.0,763166.0,763832.0,764410.0,764904.0,765384.0,765930.0,766593.0,767227.0,767864.0,768490.0,769062.0,769573.0,770125.0,770719.0,771218.0,771699.0,772180.0,772638.0,773125.0,773682.0,774258.0,774677.0,775104.0,775589.0,776080.0,776662.0,777183.0,777816.0,778423.0,779024.0,779645.0,780219.0,780756.0,781418.0,781853.0,782551.0,783170.0,783709.0,784192.0,784779.0,785443.0,786052.0,786660.0,787265.0,787788.0,788322.0,788851.0,789494.0,790142.0,790844.0,791468.0,792035.0,792534.0,793035.0,793630.0,794195.0,794673.0,795258.0,795803.0,796263.0,796747.0,797237.0,797811.0,798329.0,798836.0,799327.0,799894.0,800412.0,800911.0,801473.0,801948.0,802441.0,802964.0,803483.0,,804565.0,805106.0,805766.0,806313.0,806809.0,807280.0,807860.0,808450.0,809075.0,809682.0,810281.0,810869.0,811419.0,811980.0,812573.0,813276.0,813944.0,814643.0,815221.0,815738.0,816245.0,816856.0,817468.0,818150.0,818710.0,819238.0,819680.0,820218.0,820819.0,821422.0,822050.0,822618.0,823166.0,823630.0,824159.0,824758.0,825261.0,825809.0,826320.0,826777.0,827234.0,827715.0,828293.0,828864.0,829508.0,830105.0,830718.0,831271.0,831925.0,832637.0,833296.0,833969.0,834636.0,835241.0,835818.0,836458.0,837073.0,837646.0,838338.0,839053.0,839692.0,840342.0,841001.0,841761.0,842554.0,843292.0,844125.0,844870.0,845490.0,846106.0,846962.0,847939.0,848859.0,849778.0,850647.0,851286.0,852045.0,852819.0,853580.0,854414.0,855161.0,855871.0,856467.0,857223.0,857986.0,858930.0,859854.0,860698.0,861408.0,862206.0,863025.0,863857.0,864765.0,865626.0,866485.0,867289.0,868095.0,868830.0,869587.0,870294.0,871104.0,871882.0,872699.0,873452.0,874214.0,875077.0,875836.0,876622.0,877397.0,878128.0,878774.0,879480.0,880217.0,880984
3ZdSyUc8rBA,644.0,644.0,644.0,644.0,644.0,644.0,644.0,644.0,644.0,644.0,644.0,644.0,644.0,644.0,645.0,645.0,645.0,646.0,646.0,646.0,646.0,646.0,646.0,646.0,646.0,646.0,646.0,646.0,646.0,646.0,647.0,647.0,647.0,647.0,647.0,647.0,647.0,647.0,647.0,647.0,647.0,647.0,647.0,647.0,647.0,647.0,647.0,647.0,648.0,648.0,648.0,648.0,648.0,648.0,648.0,648.0,648.0,648.0,648.0,648.0,648.0,648.0,648.0,648.0,648.0,648.0,648.0,649.0,649.0,649.0,649.0,649.0,649.0,649.0,649.0,649.0,649.0,649.0,649.0,649.0,649.0,649.0,649.0,649.0,649.0,649.0,649.0,649.0,649.0,649.0,650.0,650.0,650.0,650.0,650.0,650.0,650.0,650.0,650.0,650.0,650.0,650.0,650.0,650.0,650.0,650.0,650.0,650.0,650.0,650.0,650.0,650.0,650.0,650.0,650.0,651.0,651.0,651.0,651.0,651.0,651.0,651.0,651.0,651.0,652.0,652.0,652.0,652.0,652.0,652.0,652.0,652.0,655.0,656.0,,,,,,,,,679.0,679.0,680.0,682.0,683.0,684.0,684.0,685.0,687.0,688.0,688.0,688.0,688.0,688.0,688.0,688.0,688.0,688.0,689.0,689.0,690.0,690.0,690.0,690.0,690.0,692.0,692.0,694.0,694.0,695.0,695.0,695.0,696.0,696.0,696.0,696.0,697.0,697.0,697.0,700.0,700.0,700.0,700.0,700.0,700.0,700.0,701.0,702.0,704.0,704.0,704.0,704.0,704.0,704.0,705.0,705.0,705.0,705.0,705.0,705.0,705.0,705.0,706.0,706.0,717.0,722.0,722.0,722.0,723.0,724.0,724.0,725.0,725.0,726.0,726.0,735.0,735.0,739.0,739.0,739.0,739.0,739.0,740.0,741.0,741.0,741.0,743.0,743.0,744.0,746.0,748.0,751.0,753.0,753.0,753.0,753.0,754.0,754.0,754.0,754.0,755.0,755.0,756.0,756.0,756.0,756.0,756.0,756.0,756.0,756.0,756.0,756.0,756.0,757.0,758.0,758.0,758.0,758.0,758.0,758.0,758.0,,759.0,759.0,759.0,759.0,759.0,759.0,759.0,759.0,759.0,759.0,759.0,760.0,760.0,760.0,760.0,760.0,763.0,764.0,765.0,765.0,767.0,767.0,768.0,768.0,768.0,768.0,768.0,769.0,769.0,769.0,769.0,769.0,769.0,769.0,774.0,782.0,788.0,791.0,793.0,795.0,796.0,796.0,796.0,796.0,797.0,797.0,798.0,798.0,798.0,799.0,799.0,799.0,799.0,799.0,799.0,799.0,799.0,799.0,799.0,800.0,800.0,800.0,800.0,800.0,800.0,801.0,801.0,801.0,801.0,801.0,801.0,801.0,801.0,801.0,802.0,804.0,804.0,804.0,804.0,806.0,806.0,806.0,806.0,806.0,806.0,807.0,807.0,807.0,807.0,808.0,808.0,808.0,808.0,808.0,808.0,808.0,808.0,810.0,810.0,810.0,810.0,810.0,810.0,810.0,810.0,810.0,810.0,810.0,810.0,810.0,810.0,810.0,810.0,810
ERAIUMrjxF8,,,,,,,,,,,,,,,,,,,,,,,,,,,,,,,,,,,,,,,,,,,,,,,,,,,,,,,,,,,,,,,,,,,,,,,,,,,,,,,,,,,,,,,,,,,,,,,,,,,,,,,,,,,,,,,,,,,,,,,,,,,,,,,,,,,,,,,,,,,,,,,,,,,,,,,,,,,,,,,,,,,,,,,,,,,,,,,,,,,,,,,,,,,,,,,,,,,,,,,,,,,,,,,,,,,,,,,,,,,,,,,,,,,,,,,,,,,,,,,,,,,,,,,,,,,,,,,,,,,,,,,,,,,,,,,,,,,,,,,,,,,,,,,,,,,,,,,,,,,,,,,,,,,,,,,,,,,,,,,,,,,,,,,,,,,,,,,,,,,,,,,,,,,,,,,,,,,,,,,,,,,,,,,,,,,,,,,,,,
tsIrnYcHcvA,213346.0,213560.0,213742.0,213922.0,214187.0,214467.0,214664.0,214939.0,215167.0,215363.0,215522.0,215713.0,215943.0,216177.0,216476.0,216765.0,216970.0,217170.0,217437.0,217698.0,217994.0,218318.0,218618.0,218776.0,218904.0,219073.0,219299.0,219551.0,219753.0,219985.0,220159.0,220318.0,220566.0,220839.0,221091.0,221343.0,221601.0,221793.0,221941.0,222111.0,222315.0,222496.0,222645.0,222841.0,223003.0,223181.0,223452.0,223676.0,223882.0,224084.0,224297.0,224464.0,224647.0,224839.0,225017.0,225214.0,225444.0,225626.0,225784.0,225899.0,226050.0,226203.0,226362.0,226506.0,226670.0,226802.0,226920.0,227084.0,227225.0,227405.0,227566.0,227702.0,227831.0,228002.0,228175.0,228364.0,228563.0,228736.0,228909.0,229088.0,229225.0,229405.0,229598.0,229821.0,230109.0,230355.0,230511.0,230681.0,230839.0,231048.0,231233.0,231450.0,231688.0,231894.0,232046.0,232271.0,232534.0,232721.0,232965.0,233239.0,233424.0,233607.0,233812.0,234023.0,234278.0,234512.0,234801.0,235098.0,235324.0,235517.0,235760.0,235995.0,236293.0,236611.0,236855.0,237022.0,237318.0,237585.0,237901.0,238175.0,238428.0,238605.0,238803.0,238967.0,239118.0,239302.0,239431.0,239650.0,239809.0,239933.0,240121.0,240352.0,240555.0,240718.0,,,,,,,,,242839.0,243032.0,243236.0,243564.0,243995.0,244294.0,244544.0,244735.0,244990.0,245275.0,245734.0,246189.0,246570.0,246981.0,247385.0,247604.0,247922.0,248246.0,248610.0,248873.0,249124.0,249356.0,249528.0,249734.0,249935.0,250232.0,250429.0,250701.0,250892.0,250948.0,251258.0,251495.0,251713.0,251897.0,252078.0,252256.0,252403.0,252646.0,252832.0,253049.0,253220.0,253425.0,253592.0,253779.0,253988.0,254197.0,254379.0,254683.0,255196.0,255581.0,255797.0,256111.0,256401.0,256677.0,256959.0,257197.0,257397.0,257541.0,257752.0,257949.0,258175.0,258313.0,258488.0,258601.0,258727.0,258892.0,259047.0,259203.0,259323.0,259466.0,259624.0,259749.0,259897.0,260096.0,260259.0,260454.0,260633.0,260740.0,260873.0,261059.0,261231.0,261414.0,261605.0,261806.0,261982.0,262124.0,262309.0,262519.0,262735.0,262956.0,263172.0,263346.0,263479.0,263684.0,263888.0,264083.0,264251.0,264462.0,264624.0,264747.0,264907.0,265120.0,265320.0,265529.0,265757.0,265933.0,266104.0,266273.0,266441.0,266626.0,266810.0,267038.0,267187.0,267340.0,267455.0,267621.0,267742.0,267893.0,268049.0,268183.0,268286.0,,268598.0,268771.0,268933.0,269088.0,269271.0,269400.0,269507.0,269640.0,269809.0,269975.0,270158.0,270281.0,270392.0,270552.0,270721.0,270902.0,271068.0,271251.0,271362.0,271477.0,271632.0,271797.0,271923.0,272094.0,272256.0,272416.0,272650.0,272890.0,273103.0,273297.0,273471.0,273642.0,273760.0,273855.0,273998.0,274158.0,274369.0,274536.0,274682.0,274855.0,275008.0,275181.0,275310.0,275492.0,275624.0,275782.0,275983.0,276141.0,276407.0,276666.0,276944.0,277191.0,277495.0,277803.0,278023.0,278235.0,278501.0,278710.0,278995.0,279341.0,279612.0,279854.0,280199.0,280580.0,280996.0,281453.0,281878.0,282184.0,282405.0,282658.0,282927.0,283288.0,283620.0,283979.0,284273.0,284551.0,284861.0,285171.0,285505.0,285808.0,286122.0,286329.0,286543.0,286787.0,287037.0,287278.0,287517.0,287764.0,287961.0,288133.0,288300.0,288527.0,288777.0,289015.0,289271.0,289525.0,289700.0,289951.0,290157.0,290358.0,290591.0,290810.0,290972.0,291165.0,291400.0,291639.0,291817.0,292003.0,292198.0,292345.0,292492.0,292681.0,292863.0,293055
MFrL8KmLoc8,27545297.0,27552271.0,27559051.0,27565453.0,27573235.0,27581704.0,27590324.0,27598641.0,27608292.0,27616479.0,27623587.0,27631448.0,27640496.0,27648952.0,27657913.0,27667318.0,27675918.0,27683394.0,27691847.0,27700321.0,27707695.0,27717683.0,27727576.0,27736569.0,27744486.0,27751797.0,27759983.0,27768604.0,27776422.0,27783741.0,27790788.0,27797757.0,27805797.0,27813546.0,27821439.0,27829180.0,27837425.0,27844811.0,27851706.0,27859872.0,27868772.0,27878209.0,27886508.0,27895923.0,27903880.0,27911254.0,27919164.0,27927254.0,27935436.0,27942998.0,27950715.0,27958836.0,27966128.0,27974851.0,27983799.0,27992791.0,28001032.0,28009467.0,28016735.0,28023205.0,28030053.0,28037593.0,28045117.0,28053570.0,28063225.0,28071168.0,28077690.0,28085383.0,28092306.0,28101231.0,28108956.0,28115717.0,28122371.0,28128655.0,28136132.0,28143526.0,28150967.0,28158508.0,28166677.0,28173846.0,28180356.0,28188192.0,28197179.0,28207569.0,28218294.0,28230597.0,28242163.0,28251746.0,28263278.0,28275924.0,28289121.0,28300280.0,28311236.0,28321407.0,28330984.0,28342502.0,28353582.0,28363714.0,28373144.0,28383397.0,28392851.0,28400082.0,28408598.0,28417246.0,28426323.0,28435170.0,28443979.0,28451335.0,28458179.0,28466202.0,28474267.0,28482356.0,28490825.0,28499724.0,28507278.0,28514894.0,28523113.0,28532988.0,28541537.0,28549612.0,28557306.0,28565656.0,28573004.0,28581610.0,28589266.0,28597665.0,28605727.0,28617198.0,28630203.0,28641099.0,28651534.0,28665191.0,28679136.0,28688561.0,,,,,,,,,28755154.0,28761743.0,28768636.0,28775226.0,28782354.0,28789977.0,28796712.0,28803496.0,28810345.0,28818374.0,28827035.0,28835214.0,28843135.0,28850461.0,28857282.0,28862915.0,28868659.0,28875019.0,28881487.0,28888769.0,28896279.0,28904774.0,28911571.0,28918217.0,28924411.0,28931527.0,28939625.0,28948506.0,28956734.0,28963565.0,28971518.0,28979711.0,28987643.0,28995368.0,29003677.0,29011067.0,29017487.0,29024765.0,29032733.0,29039798.0,29046994.0,29054619.0,29062027.0,29069674.0,29077266.0,29084838.0,29093092.0,29102229.0,29113718.0,29124081.0,29133917.0,29144967.0,29155747.0,29167045.0,29178242.0,29191858.0,29205472.0,29215919.0,29230902.0,29242616.0,29253621.0,29261999.0,29272185.0,29282442.0,29291577.0,29301974.0,29312003.0,29321883.0,29329967.0,29338977.0,29347828.0,29355907.0,29365426.0,29374679.0,29384101.0,29393836.0,29404740.0,29414149.0,29421976.0,29431144.0,29442056.0,29451877.0,29465007.0,29476220.0,29485588.0,29493693.0,29502209.0,29510564.0,29518401.0,29526286.0,29534964.0,29542245.0,29548363.0,29555385.0,29562181.0,29569711.0,29577575.0,29585964.0,29593931.0,29600703.0,29609502.0,29618363.0,29627228.0,29635705.0,29644850.0,29653526.0,29661208.0,29670422.0,29678596.0,29686885.0,29695432.0,29704168.0,29711985.0,29718176.0,29723907.0,29729887.0,29734779.0,29740491.0,29747195.0,29752931.0,29757435.0,,29769055.0,29776062.0,29783678.0,29790827.0,29797224.0,29802663.0,29807324.0,29812931.0,29818889.0,29824387.0,29830342.0,29834698.0,29838622.0,29843673.0,29848605.0,29853732.0,29858880.0,29864254.0,29868900.0,29873043.0,29878444.0,29884133.0,29889874.0,29895482.0,29901096.0,29905751.0,29910238.0,29915363.0,29920677.0,29925881.0,29930698.0,29935599.0,29939798.0,29943251.0,29947440.0,29951583.0,29955674.0,29959913.0,29964906.0,29969845.0,29974491.0,29979503.0,29984566.0,29989493.0,29993934.0,29998702.0,30003738.0,30007725.0,30013375.0,30018671.0,30023989.0,30029271.0,30034581.0,30039969.0,30044782.0,30051402.0,30057368.0,30063282.0,30069657.0,30077068.0,30083149.0,30088567.0,30094964.0,30100677.0,30106612.0,30113058.0,30118789.0,30124743.0,30130071.0,30136933.0,30143076.0,30149919.0,30157450.0,30165187.0,30173175.0,30180353.0,30188370.0,30196497.0,30204793.0,30213425.0,30221493.0,30229804.0,30237748.0,30246065.0,30254627.0,30262882.0,30271617.0,30280265.0,30288114.0,30295886.0,30303202.0,30310456.0,30318770.0,30327307.0,30336451.0,30345450.0,30351333.0,30358425.0,30365464.0,30371142.0,30378046.0,30386541.0,30394221.0,30400934.0,30409401.0,30418737.0,30427710.0,30435805.0,30444070.0,30453284.0,30461196.0,30468929.0,30476777.0,30486695
0mXh8LbSuw4,66964.0,66996.0,67014.0,67043.0,67079.0,67104.0,67148.0,67180.0,67210.0,67241.0,67264.0,67303.0,67330.0,67361.0,67407.0,67441.0,67484.0,67513.0,67558.0,67591.0,67622.0,67656.0,67707.0,67754.0,67797.0,67875.0,67954.0,68018.0,68116.0,68211.0,68266.0,68303.0,68368.0,68416.0,68467.0,68519.0,68575.0,68626.0,68682.0,68749.0,68809.0,68885.0,68953.0,69001.0,69046.0,69104.0,69159.0,69210.0,69249.0,69304.0,69349.0,69400.0,69451.0,69498.0,69542.0,69577.0,69628.0,69686.0,69741.0,69807.0,69853.0,69907.0,69958.0,70016.0,70073.0,70131.0,70212.0,70283.0,70335.0,70430.0,70487.0,70556.0,70604.0,70640.0,70703.0,70758.0,70814.0,70856.0,70908.0,70965.0,71004.0,71044.0,71112.0,71174.0,71233.0,71302.0,71343.0,71398.0,71461.0,71509.0,71572.0,71632.0,71686.0,71771.0,71826.0,71897.0,71963.0,72009.0,72060.0,72106.0,72146.0,72186.0,72232.0,72303.0,72345.0,72395.0,72465.0,72515.0,72574.0,72624.0,72692.0,72755.0,72809.0,72853.0,72908.0,72955.0,73000.0,73039.0,73065.0,73121.0,73167.0,73197.0,73244.0,73294.0,73345.0,73397.0,73443.0,73505.0,73571.0,73637.0,73686.0,73748.0,73833.0,73902.0,,,,,,,,,74494.0,74562.0,74622.0,74690.0,74769.0,74840.0,74923.0,75006.0,75121.0,75228.0,75324.0,75385.0,75444.0,75485.0,75553.0,75654.0,75712.0,75783.0,75843.0,75890.0,75928.0,75959.0,76006.0,76052.0,76097.0,76131.0,76193.0,76252.0,76304.0,76377.0,76433.0,76490.0,76559.0,76643.0,76691.0,76750.0,76798.0,76849.0,76899.0,76948.0,76977.0,77037.0,77074.0,77120.0,77163.0,77221.0,77275.0,77342.0,77400.0,77449.0,77497.0,77554.0,77609.0,77665.0,77715.0,77773.0,77820.0,77875.0,77937.0,78016.0,78054.0,78093.0,78151.0,78197.0,78240.0,78306.0,78367.0,78416.0,78456.0,78525.0,78589.0,78641.0,78695.0,78755.0,78831.0,78916.0,79011.0,79096.0,79151.0,79221.0,79299.0,79365.0,79448.0,79519.0,79566.0,79609.0,79689.0,79750.0,79805.0,79854.0,79919.0,79966.0,80016.0,80067.0,80122.0,80174.0,80220.0,80270.0,80322.0,80383.0,80438.0,80515.0,80584.0,80657.0,80727.0,80775.0,80822.0,80874.0,80930.0,80988.0,81054.0,81107.0,81158.0,81199.0,81232.0,81274.0,81319.0,81376.0,81454.0,81508.0,81552.0,,81671.0,81731.0,81790.0,81840.0,81890.0,81939.0,81982.0,82020.0,82085.0,82140.0,82194.0,82244.0,82278.0,82328.0,82380.0,82434.0,82472.0,82516.0,82566.0,82623.0,82679.0,82725.0,82784.0,82838.0,82884.0,82937.0,83015.0,83089.0,83143.0,83204.0,83248.0,83312.0,83357.0,83402.0,83476.0,83550.0,83643.0,83718.0,83802.0,83870.0,83934.0,84028.0,84089.0,84151.0,84250.0,84310.0,84387.0,84496.0,84598.0,84681.0,84767.0,84846.0,84913.0,84994.0,85056.0,85125.0,85184.0,85230.0,85292.0,85358.0,85404.0,85466.0,85522.0,85585.0,85646.0,85706.0,85769.0,85835.0,85900.0,85990.0,86068.0,86153.0,86252.0,86312.0,86374.0,86423.0,86504.0,86579.0,86636.0,86688.0,86772.0,86819.0,86858.0,86931.0,87000.0,87079.0,87164.0,87256.0,87335.0,87400.0,87452.0,87534.0,87618.0,87694.0,87752.0,87798.0,87840.0,87897.0,87942.0,87989.0,88051.0,88109.0,88175.0,88237.0,88317.0,88389.0,88463.0,88529.0,88581.0,88636.0,88719.0,88821.0,88883.0,88956
mVj5yiaAe2U,5353565.0,5353738.0,5353894.0,5354040.0,5354225.0,5354470.0,5354830.0,5355219.0,5355571.0,5355904.0,5356250.0,5356594.0,5356914.0,5357200.0,5357496.0,5357748.0,5357994.0,5358320.0,5358632.0,5358935.0,5359230.0,5359416.0,5359700.0,5359900.0,5360131.0,5360299.0,5360503.0,5360685.0,5360835.0,5361061.0,5361283.0,5361472.0,5361695.0,5361956.0,5362223.0,5362526.0,5362783.0,5363065.0,5363277.0,5363525.0,5363772.0,5364001.0,5364268.0,5364480.0,5364727.0,5364932.0,5365143.0,5365404.0,5365683.0,5365919.0,5366116.0,5366314.0,5366519.0,5366735.0,5366930.0,5367148.0,5367336.0,5367572.0,5367757.0,5368004.0,5368212.0,5368430.0,5368635.0,5368819.0,5368997.0,5369147.0,5369335.0,5369529.0,5369674.0,5369867.0,5370101.0,5370275.0,5370460.0,5370612.0,5370823.0,5370994.0,5371212.0,5371383.0,5371604.0,5371773.0,5371932.0,5372108.0,5372245.0,5372385.0,5372532.0,5372679.0,5372867.0,5373021.0,5373163.0,5373312.0,5373483.0,5373650.0,5373789.0,5373912.0,5374019.0,5374133.0,5374290.0,5374430.0,5374553.0,5374690.0,5374822.0,5374964.0,5375103.0,5375218.0,5375367.0,5375508.0,5375678.0,5375827.0,5375946.0,5376083.0,5376225.0,5376358.0,5376495.0,5376604.0,5376705.0,5376873.0,5377022.0,5377127.0,5377263.0,5377402.0,5377546.0,5377655.0,5377771.0,5377901.0,5377997.0,5378090.0,5378213.0,5378355.0,5378470.0,5378554.0,5378699.0,5378846.0,5378953.0,5379057.0,,,,,,,,,5380159.0,5380270.0,5380376.0,5380518.0,5380634.0,5380749.0,5380874.0,5380988.0,5381085.0,5381195.0,5381344.0,5381492.0,5381634.0,5381800.0,5381928.0,5382066.0,5382171.0,5382313.0,5382448.0,5382583.0,5382684.0,5382790.0,5382944.0,5383064.0,5383216.0,5383341.0,5383471.0,5383626.0,5383754.0,5383876.0,5384026.0,5384172.0,5384355.0,5384484.0,5384598.0,5384729.0,5384892.0,5385009.0,5385116.0,5385248.0,5385379.0,5385510.0,5385631.0,5385766.0,5385889.0,5386041.0,5386181.0,5386306.0,5386431.0,5386564.0,5386679.0,5386806.0,5386946.0,5387085.0,5387224.0,5387358.0,5387468.0,5387562.0,5387730.0,5387908.0,5388125.0,5388276.0,5388423.0,5388569.0,5388687.0,5388809.0,5388933.0,5389055.0,5389172.0,5389326.0,5389468.0,5389663.0,5389786.0,5389893.0,5390028.0,5390133.0,5390255.0,5390390.0,5390505.0,5390603.0,5390708.0,5390824.0,5390917.0,5391038.0,5391150.0,5391255.0,5391340.0,5391461.0,5391583.0,5391688.0,5391797.0,5391914.0,5392021.0,5392122.0,5392230.0,5392323.0,5392405.0,5392523.0,5392617.0,5392746.0,5392843.0,5392942.0,5393055.0,5393155.0,5393257.0,5393352.0,5393459.0,5393600.0,5393710.0,5393813.0,5393912.0,5394030.0,5394155.0,5394252.0,5394355.0,5394456.0,5394570.0,5394688.0,5394821.0,5394955.0,5395112.0,,5395448.0,5395598.0,5395751.0,5395861.0,5396023.0,5396160.0,5396279.0,5396437.0,5396597.0,5396745.0,5396867.0,5397006.0,5397095.0,5397221.0,5397358.0,5397484.0,5397671.0,5397804.0,5397974.0,5398091.0,5398256.0,5398382.0,5398505.0,5398649.0,5398829.0,5398975.0,5399121.0,5399245.0,5399396.0,5399540.0,5399744.0,5399883.0,5400062.0,5400208.0,5400355.0,5400532.0,5400671.0,5400826.0,5401084.0,5401271.0,5401475.0,5401661.0,5401840.0,5402020.0,5402199.0,5402415.0,5402575.0,5402755.0,5402909.0,5403073.0,5403228.0,5403376.0,5403534.0,5403683.0,5403832.0,5403985.0,5404152.0,5404291.0,5404429.0,5404586.0,5404723.0,5404855.0,5404980.0,5405155.0,5405292.0,5405497.0,5405649.0,5405888.0,5406054.0,5406208.0,5406337.0,5406440.0,5406579.0,5406715.0,5406866.0,5406992.0,5407131.0,5407274.0,5407412.0,5407585.0,5407748.0,5407887.0,5408087.0,5408285.0,5408445.0,5408619.0,5408792.0,5408988.0,5409155.0,5409358.0,5409527.0,5409665.0,5409815.0,5409970.0,5410119.0,5410283.0,5410434.0,5410552.0,5410720.0,5410880.0,5411001.0,5411114.0,5411217.0,5411320.0,5411443.0,5411561.0,5411686.0,5411811.0,5411923.0,5412080.0,5412207.0,5412325.0,5412421.0,5412526
VpE6dvEg6Bw,1389569.0,1390501.0,1391580.0,1392693.0,1393694.0,1394671.0,1395419.0,1396364.0,1397300.0,1398275.0,1399254.0,1400143.0,1400979.0,1401861.0,1402806.0,1403797.0,1404897.0,1405875.0,1406700.0,1407521.0,1408461.0,1409426.0,1410446.0,1411502.0,1412556.0,1413430.0,1414357.0,1415412.0,1416345.0,1417220.0,1418176.0,1419062.0,1419883.0,1420647.0,1421566.0,1422534.0,1423497.0,1424524.0,1425472.0,1426339.0,1427221.0,1427950.0,1428872.0,1429638.0,1430560.0,1431470.0,1432380.0,1433192.0,1433898.0,1434579.0,1435181.0,1436005.0,1436620.0,1437364.0,1438091.0,1438738.0,1439404.0,1440068.0,1440826.0,1441590.0,1442194.0,1442943.0,1443678.0,1444397.0,1445076.0,1445779.0,1446776.0,1447945.0,1448971.0,1450449.0,1451633.0,1452498.0,1453423.0,1454389.0,1455364.0,1456343.0,1457307.0,1458232.0,1459130.0,1459992.0,1460828.0,1461585.0,1462394.0,1463192.0,1463946.0,1464782.0,1465547.0,1466268.0,1466998.0,1467669.0,1468385.0,1469240.0,1470067.0,1470848.0,1471716.0,1472436.0,1473209.0,1473941.0,1474816.0,1475701.0,1476530.0,1477417.0,1478277.0,1479014.0,1479733.0,1480717.0,1481544.0,1482445.0,1483362.0,1484170.0,1485038.0,1485817.0,1486642.0,1487341.0,1488107.0,1488881.0,1489521.0,1490204.0,1490962.0,1491794.0,1492556.0,1493360.0,1494256.0,1495023.0,1495616.0,1496459.0,1497096.0,1497960.0,1498771.0,1499571.0,1500376.0,1501119.0,1501688.0,1502455.0,,,,,,,,,1509254.0,1509940.0,1510673.0,1511324.0,1511987.0,1512801.0,1513584.0,1514285.0,1515143.0,1515859.0,1516504.0,1517153.0,1517884.0,1518560.0,1519268.0,1519954.0,1520568.0,1521174.0,1521862.0,1522492.0,1523251.0,1524056.0,1524617.0,1525367.0,1526065.0,1526673.0,1527384.0,1528004.0,1528642.0,1529205.0,1529815.0,1530334.0,1531011.0,1531568.0,1532141.0,1532694.0,1533317.0,1533889.0,1534391.0,1535045.0,1535663.0,1536283.0,1536876.0,1537445.0,1537997.0,1538471.0,1539026.0,1539631.0,1540200.0,1540917.0,1541509.0,1542059.0,1542480.0,1543041.0,1543593.0,1544117.0,1544662.0,1545260.0,1545773.0,1546309.0,1546843.0,1547294.0,1547783.0,1548350.0,1548866.0,1549454.0,1550063.0,1550654.0,1551209.0,1551800.0,1552440.0,1553296.0,1554057.0,1554825.0,1555650.0,1556524.0,1557275.0,1558290.0,1559199.0,1560137.0,1560941.0,1561759.0,1562765.0,1563832.0,1565024.0,1566014.0,1566947.0,1567761.0,1568522.0,1569393.0,1570063.0,1570916.0,1571765.0,1572425.0,1573168.0,1573888.0,1574580.0,1575276.0,1576067.0,1576679.0,1577449.0,1578115.0,1578815.0,1579578.0,1580244.0,1581237.0,1581997.0,1582861.0,1583660.0,1584585.0,1585476.0,1586287.0,1587161.0,1588140.0,1589335.0,1590367.0,1591399.0,1592506.0,1593531.0,1594528.0,1595620.0,,1597470.0,1598446.0,1599339.0,1600225.0,1601151.0,1602097.0,1602998.0,1603845.0,1604756.0,1605766.0,1606578.0,1607477.0,1608598.0,1609451.0,1610391.0,1611158.0,1612029.0,1612848.0,1613860.0,1614737.0,1615550.0,1616356.0,1617145.0,1617965.0,1618730.0,1619611.0,1620371.0,1621037.0,1621894.0,1622699.0,1623589.0,1624392.0,1625088.0,1625782.0,1626428.0,1627212.0,1627961.0,1628729.0,1629478.0,1630320.0,1630986.0,1631903.0,1632775.0,1633535.0,1634260.0,1635343.0,1636467.0,1637291.0,1638046.0,1638797.0,1639696.0,1640552.0,1641358.0,1642204.0,1642868.0,1643629.0,1644297.0,1645004.0,1645722.0,1646421.0,1647130.0,1647882.0,1648603.0,1649288.0,1650037.0,1650742.0,1651407.0,1652146.0,1652789.0,1653507.0,1654114.0,1654790.0,1655358.0,1656033.0,1656791.0,1657505.0,1658160.0,1658880.0,1659548.0,1660306.0,1661029.0,1661790.0,1662441.0,1663138.0,1663913.0,1664665.0,1665433.0,1666188.0,1666911.0,1667666.0,1668377.0,1669071.0,1669742.0,1670336.0,1670917.0,1671596.0,1672259.0,1672873.0,1673466.0,1674077.0,1674627.0,1675254.0,1675898.0,1676588.0,1677083.0,1677737.0,1678388.0,1679118.0,1679759.0,1680406.0,1680993.0,1681506.0,1682113.0,1682688
aVWH64edNe4,1525888.0,1531904.0,1537852.0,1543414.0,1548912.0,1554497.0,1560070.0,1566794.0,1572882.0,1578721.0,1584066.0,1589395.0,1594533.0,1599635.0,1605263.0,1610653.0,1615392.0,1620774.0,1625830.0,1630732.0,1635522.0,1640450.0,1645435.0,1650411.0,1654833.0,1659559.0,1664286.0,1669273.0,1674456.0,1679828.0,1684673.0,1688688.0,1693776.0,1698958.0,1704129.0,1708810.0,1713539.0,1717866.0,1721870.0,1726257.0,1730121.0,1734355.0,1738470.0,1742756.0,1747851.0,1753898.0,1759822.0,1765651.0,1771348.0,1777167.0,1782984.0,1787961.0,1791978.0,1796160.0,1801774.0,1806980.0,1812582.0,1818145.0,1823024.0,1827389.0,1831560.0,1836044.0,1840516.0,1845034.0,1849570.0,1854140.0,1858054.0,1861859.0,1865352.0,1869985.0,1874308.0,1878464.0,1882455.0,1886455.0,1890780.0,1894894.0,1898913.0,1903358.0,1908202.0,1912558.0,1916739.0,1921332.0,1926342.0,1931220.0,1936278.0,1941288.0,1945793.0,1949781.0,1954012.0,1958408.0,1963238.0,1967484.0,1971700.0,1976150.0,1980304.0,1984442.0,1988535.0,1992586.0,1996720.0,2001243.0,2005999.0,2010110.0,2014186.0,2018396.0,2022665.0,2027105.0,2031730.0,2036209.0,2040471.0,2045037.0,2049629.0,2054389.0,2059223.0,2064017.0,2068399.0,2072450.0,2076573.0,2080880.0,2085089.0,2089379.0,2093766.0,2098058.0,2101891.0,2106057.0,2110452.0,2114764.0,2119172.0,2123752.0,2128116.0,2132326.0,2136610.0,2140941.0,2146858.0,2152125.0,,,,,,,,,2196358.0,2200803.0,2204927.0,2209421.0,2213436.0,2217633.0,2221955.0,2226254.0,2230863.0,2234982.0,2239140.0,2243138.0,2247057.0,2250932.0,2254852.0,2258463.0,2262975.0,2267554.0,2271246.0,2275034.0,2279300.0,2283716.0,2288135.0,2292467.0,2296421.0,2300612.0,2304909.0,2309351.0,2313381.0,2317392.0,2321336.0,2325435.0,2329422.0,2333472.0,2337788.0,2341840.0,2345811.0,2349656.0,2353780.0,2357631.0,2361955.0,2366291.0,2370618.0,2374413.0,2378649.0,2382442.0,2386802.0,2391267.0,2395786.0,2400132.0,2403872.0,2407766.0,2411815.0,2416039.0,2420100.0,2424331.0,2428358.0,2431882.0,2435750.0,2439859.0,2443659.0,2447467.0,2451942.0,2456327.0,2460387.0,2464635.0,2468827.0,2472721.0,2476324.0,2480421.0,2484900.0,2489681.0,2494894.0,2500223.0,2505595.0,2511205.0,2517319.0,2522881.0,2528229.0,2533295.0,2538796.0,2544814.0,2550938.0,2557657.0,2563005.0,2567956.0,2572792.0,2577794.0,2582892.0,2588069.0,2593036.0,2597837.0,2602337.0,2606993.0,2611588.0,2616348.0,2621289.0,2626499.0,2631533.0,2636368.0,2641675.0,2647229.0,2652990.0,2658797.0,2664109.0,2669409.0,2674129.0,2679145.0,2684375.0,2689094.0,2694278.0,2699457.0,2704392.0,2708858.0,2713928.0,2719358.0,2724965.0,2730455.0,2735963.0,2741088.0,2746018.0,,2755209.0,2759561.0,2764170.0,2769116.0,2773687.0,2777964.0,2782220.0,2786448.0,2790767.0,2795128.0,2799310.0,2803691.0,2807779.0,2811875.0,2815932.0,2821662.0,2826007.0,2830307.0,2834413.0,2838149.0,2842032.0,2846096.0,2850242.0,2854321.0,2858330.0,2861994.0,2865500.0,2869203.0,2872926.0,2876591.0,2880323.0,2884283.0,2888205.0,2891475.0,2894866.0,2898319.0,2901715.0,2904952.0,2908196.0,2911418.0,2914426.0,2917696.0,2920993.0,2924244.0,2927651.0,2931022.0,2935186.0,2939029.0,2942989.0,2946957.0,2950696.0,2954526.0,2958377.0,2962122.0,2965594.0,2969021.0,2972654.0,2976314.0,2979880.0,2983465.0,2987036.0,2990565.0,2994149.0,2998248.0,3001963.0,3005615.0,3009392.0,3012999.0,3016153.0,3019416.0,3022653.0,3025689.0,3028692.0,3031732.0,3034988.0,3037992.0,3041327.0,3044767.0,3048131.0,3051532.0,3054861.0,3057950.0,3061135.0,3064376.0,3067854.0,3071420.0,3074917.0,3078414.0,3081756.0,3084923.0,3088238.0,3091383.0,3094664.0,3097867.0,3100980.0,3104071.0,3106918.0,3109762.0,3112715.0,3115445.0,3118534.0,3121734.0,3124875.0,3127697.0,3130578.0,3133582.0,3136658.0,3139686.0,3142705.0,3145794.0,3148511.0,3151162.0,3153983.0,3156894
Y7M7NSUwiCI,11597554.0,11606088.0,11616662.0,11626047.0,11634713.0,11645282.0,11654963.0,11665207.0,11675879.0,11687979.0,11699169.0,11708458.0,11717873.0,11726389.0,11735274.0,11744114.0,11754309.0,11763860.0,11773300.0,11783675.0,11792897.0,11802289.0,11811080.0,11821610.0,11831358.0,11840045.0,11848475.0,11857543.0,11866822.0,11876860.0,11888313.0,11898854.0,11908877.0,11919730.0,11931384.0,11942311.0,11952788.0,11963971.0,11974323.0,11983555.0,11996127.0,12007763.0,12019054.0,12030961.0,12043859.0,12056003.0,12067136.0,12077836.0,12088033.0,12098002.0,12107523.0,12119167.0,12129338.0,12138550.0,12148155.0,12156774.0,12165777.0,12174346.0,12183547.0,12192577.0,12201651.0,12210689.0,12219740.0,12228658.0,12237165.0,12245590.0,12253836.0,12261620.0,12268258.0,12277517.0,12285647.0,12293482.0,12300916.0,12308813.0,12316511.0,12323960.0,12331757.0,12339557.0,12347636.0,12355691.0,12362993.0,12370570.0,12378119.0,12385956.0,12393609.0,12401837.0,12410284.0,12417496.0,12423997.0,12430418.0,12437165.0,12443850.0,12451098.0,12459728.0,12467841.0,12474871.0,12483377.0,12491553.0,12499490.0,12509371.0,12521812.0,12532996.0,12543273.0,12552058.0,12560900.0,12569520.0,12578635.0,12589061.0,12598947.0,12608057.0,12618197.0,12626820.0,12634840.0,12643178.0,12652245.0,12660413.0,12667390.0,12674525.0,12681903.0,12689106.0,12696290.0,12703804.0,12711436.0,12717931.0,12724564.0,12731246.0,12738083.0,12744749.0,12752022.0,12758882.0,12765671.0,12773105.0,12780144.0,12786790.0,,,,,,,,,12866514.0,12875018.0,12882494.0,12889442.0,12896550.0,12903222.0,12909615.0,12917458.0,12925482.0,12932314.0,12938249.0,12944007.0,12950867.0,12957231.0,12964051.0,12970713.0,12976478.0,12982231.0,12989156.0,12996374.0,13004839.0,13014645.0,13023428.0,13030965.0,13039025.0,13046502.0,13054070.0,13061892.0,13069950.0,13077905.0,13085257.0,13091849.0,13098542.0,13105652.0,13112535.0,13120378.0,13127784.0,13133966.0,13140849.0,13147748.0,13154396.0,13161006.0,13169502.0,13177268.0,13184393.0,13191404.0,13198539.0,13205642.0,13212636.0,13220485.0,13227905.0,13234253.0,13240498.0,13247044.0,13253482.0,13260396.0,13268115.0,13274783.0,13280611.0,13286767.0,13292958.0,13299231.0,13305603.0,13312233.0,13318826.0,13325944.0,13333255.0,13342043.0,13351072.0,13360958.0,13371367.0,13382740.0,13393878.0,13405827.0,13417276.0,13429436.0,13441187.0,13454246.0,13467048.0,13478977.0,13489669.0,13499558.0,13512865.0,13526799.0,13540692.0,13553195.0,13563466.0,13574156.0,13584602.0,13595514.0,13606191.0,13618101.0,13629121.0,13638563.0,13647643.0,13656934.0,13666424.0,13676307.0,13687846.0,13698192.0,13707677.0,13717530.0,13727559.0,13737669.0,13747611.0,13758261.0,13768314.0,13777292.0,13786160.0,13796171.0,13804940.0,13813876.0,13823338.0,13834172.0,13845566.0,13856381.0,13866962.0,13877479.0,13887548.0,13898611.0,13908997.0,,13928110.0,13936798.0,13945960.0,13955159.0,13965209.0,13975031.0,13983957.0,13992813.0,14002026.0,14011113.0,14019530.0,14029405.0,14038573.0,14046630.0,14054638.0,14063701.0,14072088.0,14080353.0,14089476.0,14097646.0,14105053.0,14112468.0,14119754.0,14127321.0,14135581.0,14143292.0,14150610.0,14157858.0,14165657.0,14174416.0,14182390.0,14189961.0,14197807.0,14204996.0,14212550.0,14220216.0,14228050.0,14235995.0,14244164.0,14251933.0,14259520.0,14266527.0,14273346.0,14280117.0,14286583.0,14293926.0,14302331.0,14309792.0,14316120.0,14321974.0,14328105.0,14334380.0,14340651.0,14347946.0,14354809.0,14360923.0,14367213.0,14373552.0,14379895.0,14386288.0,14393229.0,14400145.0,14405766.0,14411626.0,14418183.0,14424500.0,14430583.0,14436869.0,14442965.0,14449011.0,14454962.0,14460688.0,14465681.0,14471047.0,14476972.0,14482602.0,14487774.0,14493276.0,14499150.0,14505021.0,14511137.0,14518086.0,14524537.0,14530192.0,14535968.0,14541928.0,14548064.0,14554403.0,14561175.0,14567542.0,14573164.0,14578538.0,14584085.0,14589398.0,14594870.0,14601153.0,14606648.0,14611621.0,14616788.0,14622063.0,14627379.0,14633038.0,14639216.0,14645206.0,14650229.0,14655388.0,14660532.0,14665518.0,14670396.0,14675928.0,14681422.0,14686218.0,14691314.0,14696438
XheywAlX-58,755450.0,756560.0,757784.0,758994.0,760271.0,761745.0,763120.0,764553.0,765923.0,767232.0,768525.0,769826.0,771086.0,772419.0,773813.0,775183.0,776511.0,777775.0,779043.0,780335.0,781564.0,782921.0,784227.0,785644.0,786883.0,788159.0,789785.0,791109.0,792384.0,793739.0,794979.0,796234.0,797616.0,799304.0,800641.0,801952.0,803377.0,804591.0,805867.0,807086.0,808184.0,809404.0,810369.0,811728.0,812843.0,813992.0,815182.0,816617.0,817891.0,819044.0,820404.0,821482.0,822408.0,823367.0,824781.0,826030.0,827289.0,828548.0,829568.0,830534.0,831612.0,832728.0,833827.0,834961.0,836174.0,837158.0,838132.0,839135.0,840027.0,841223.0,842230.0,843135.0,844061.0,844998.0,846138.0,847386.0,848729.0,849893.0,851228.0,852312.0,853723.0,855176.0,856376.0,857872.0,859305.0,860771.0,862186.0,863325.0,864727.0,866008.0,867563.0,868833.0,870353.0,871690.0,872904.0,874515.0,876093.0,877690.0,879150.0,880822.0,882514.0,884268.0,886020.0,887824.0,889702.0,891629.0,893281.0,895193.0,896987.0,898926.0,900905.0,902607.0,904297.0,906021.0,907989.0,909647.0,911085.0,912709.0,914345.0,916096.0,917840.0,919451.0,921034.0,922752.0,924483.0,926190.0,927766.0,929512.0,931185.0,932734.0,934345.0,936117.0,938006.0,939841.0,,,,,,,,,956618.0,958024.0,959652.0,961173.0,962567.0,964316.0,965966.0,967504.0,968826.0,970030.0,971406.0,972819.0,974166.0,975718.0,977094.0,978174.0,979652.0,981218.0,982837.0,984351.0,986221.0,988160.0,989875.0,991843.0,993818.0,995818.0,998109.0,1000363.0,1002167.0,1003872.0,1005821.0,1007636.0,1009313.0,1010878.0,1012744.0,1014335.0,1016043.0,1018322.0,1020936.0,1023374.0,1025790.0,1028066.0,1030293.0,1032025.0,1034351.0,1036407.0,1038671.0,1040990.0,1043264.0,1045163.0,1046862.0,1048856.0,1050655.0,1052646.0,1054784.0,1056821.0,1058542.0,1060062.0,1061727.0,1063427.0,1065216.0,1066803.0,1068445.0,1070057.0,1071376.0,1072825.0,1074666.0,1076222.0,1077516.0,1079020.0,1080758.0,1082265.0,1084226.0,1086059.0,1087981.0,1090120.0,1092178.0,1094188.0,1095731.0,1097571.0,1099531.0,1101513.0,1104012.0,1106925.0,1109283.0,1112462.0,1114712.0,1116849.0,1119138.0,1121644.0,1123969.0,1126245.0,1128299.0,1130234.0,1132272.0,1134146.0,1135924.0,1137895.0,1139790.0,1141274.0,1143250.0,1145018.0,1147039.0,1149191.0,1151286.0,1153186.0,1154726.0,1156539.0,1158688.0,1160644.0,1162721.0,1164808.0,1166419.0,1168032.0,1170207.0,1172481.0,1174942.0,1177437.0,1179693.0,1181902.0,1183999.0,,1188111.0,1190272.0,1192191.0,1194102.0,1196174.0,1198175.0,1199994.0,1201897.0,1204107.0,1206277.0,1208532.0,1210595.0,1212430.0,1214554.0,1216509.0,1218837.0,1221173.0,1223675.0,1225835.0,1227531.0,1229771.0,1231963.0,1234034.0,1236603.0,1238745.0,1240900.0,1242570.0,1244585.0,1246447.0,1248506.0,1250523.0,1252573.0,1254376.0,1256129.0,1257884.0,1259643.0,1261383.0,1263205.0,1265141.0,1266884.0,1268370.0,1269958.0,1271613.0,1273158.0,1274645.0,1276281.0,1277802.0,1279026.0,1280679.0,1282003.0,1283740.0,1285353.0,1286852.0,1288225.0,1289490.0,1290827.0,1292259.0,1293828.0,1295423.0,1297150.0,1298736.0,1300140.0,1301758.0,1303632.0,1305078.0,1306763.0,1308319.0,1309734.0,1311024.0,1312286.0,1313580.0,1314966.0,1316327.0,1317742.0,1319075.0,1320319.0,1321701.0,1323047.0,1324416.0,1325748.0,1327158.0,1328582.0,1329650.0,1330924.0,1332257.0,1333510.0,1334857.0,1336329.0,1337509.0,1338661.0,1339911.0,1341260.0,1342545.0,1343832.0,1345071.0,1346321.0,1347470.0,1348631.0,1349763.0,1350835.0,1351954.0,1353331.0,1354575.0,1355599.0,1356661.0,1358017.0,1359268.0,1360559.0,1361735.0,1362918.0,1363779.0,1364827.0,1366090.0,1367178
Ib1Bhg5ymAY,6023064.0,6024901.0,6027064.0,6029068.0,6031736.0,6034289.0,6036567.0,6039188.0,6041987.0,6044891.0,6047318.0,6049371.0,6051269.0,6053186.0,6055100.0,6056900.0,6058772.0,6060564.0,6062482.0,6064373.0,6066317.0,6068544.0,6070508.0,6072343.0,6073843.0,6075630.0,6077673.0,6079679.0,6081839.0,6083623.0,6085292.0,6086843.0,6088716.0,6090915.0,6092982.0,6095085.0,6097209.0,6099134.0,6100740.0,6102704.0,6104396.0,6106130.0,6107998.0,6109778.0,6111407.0,6113175.0,6115068.0,6117028.0,6118689.0,6120350.0,6121901.0,6123685.0,6125303.0,6126958.0,6128663.0,6130400.0,6132034.0,6133585.0,6135178.0,6136771.0,6138687.0,6140609.0,6142617.0,6144495.0,6146262.0,6147854.0,6149303.0,6150948.0,6152608.0,6154867.0,6156886.0,6158826.0,6160538.0,6162116.0,6163885.0,6165808.0,6167752.0,6170079.0,6173270.0,6175727.0,6178515.0,6181996.0,6186350.0,6189719.0,6193010.0,6195853.0,6198257.0,6200477.0,6203187.0,6205791.0,6208494.0,6210847.0,6212827.0,6214799.0,6216716.0,6218917.0,6221130.0,6223293.0,6225461.0,6227595.0,6229521.0,6231272.0,6233264.0,6235144.0,6237129.0,6239062.0,6240856.0,6242776.0,6244622.0,6246658.0,6249098.0,6251196.0,6253136.0,6255215.0,6256927.0,6258482.0,6260406.0,6262472.0,6264215.0,6265908.0,6267550.0,6268916.0,6270207.0,6271708.0,6273474.0,6275385.0,6277234.0,6279039.0,6280640.0,6282032.0,6283645.0,6285547.0,6287396.0,6289245.0,,,,,,,,,6304080.0,6305400.0,6307002.0,6308647.0,6310266.0,6311670.0,6312996.0,6314295.0,6315816.0,6317279.0,6318790.0,6320337.0,6321943.0,6323388.0,6324865.0,6326222.0,6327680.0,6329465.0,6331153.0,6332716.0,6334056.0,6335495.0,6336794.0,6338342.0,6339839.0,6341324.0,6342742.0,6344153.0,6345540.0,6346910.0,6348502.0,6350013.0,6351644.0,6353332.0,6354827.0,6356287.0,6357638.0,6359202.0,6360869.0,6362546.0,6364137.0,6365612.0,6367151.0,6368517.0,6370038.0,6371617.0,6373290.0,6374909.0,6376533.0,6377945.0,6381251.0,6384543.0,6387476.0,6390863.0,6393760.0,6396420.0,6398574.0,6400871.0,6403375.0,6405739.0,6407802.0,6409319.0,6410741.0,6412108.0,6413410.0,6415103.0,6416735.0,6418257.0,6419434.0,6420844.0,6422347.0,6423762.0,6425661.0,6427788.0,6429496.0,6431253.0,6433262.0,6434862.0,6436360.0,6438114.0,6440056.0,6441865.0,6443805.0,6445569.0,6447052.0,6448742.0,6451178.0,6455491.0,6458183.0,6460404.0,6462678.0,6464630.0,6466724.0,6469061.0,6471297.0,6473436.0,6475503.0,6477544.0,6479321.0,6481079.0,6483043.0,6484927.0,6486752.0,6488543.0,6490275.0,6491783.0,6493260.0,6494926.0,6496713.0,6498385.0,6500205.0,6501908.0,6503380.0,6504696.0,6506131.0,6507524.0,6509242.0,6510885.0,6512428.0,6513846.0,6515117.0,,6518106.0,6519779.0,6521387.0,6522864.0,6524314.0,6525695.0,6527382.0,6529130.0,6530739.0,6532155.0,6533618.0,6535018.0,6536332.0,6537784.0,6539399.0,6540963.0,6542509.0,6543988.0,6545382.0,6546583.0,6548140.0,6549655.0,6551205.0,6552612.0,6553918.0,6554965.0,6555942.0,6557131.0,6558478.0,6559757.0,6561098.0,6562446.0,6563851.0,6564876.0,6566215.0,6567693.0,6569161.0,6570584.0,6571817.0,6573169.0,6574493.0,6575964.0,6577797.0,6579298.0,6580935.0,6582513.0,6583898.0,6585111.0,6586585.0,6587991.0,6589522.0,6591256.0,6592740.0,6594105.0,6595271.0,6596717.0,6598129.0,6599544.0,6601073.0,6602571.0,6603862.0,6605241.0,6606799.0,6608601.0,6610391.0,6611937.0,6613194.0,6614583.0,6615808.0,6617277.0,6618664.0,6620102.0,6621641.0,6623168.0,6624602.0,6625869.0,6627481.0,6629172.0,6630757.0,6632178.0,6633769.0,6635246.0,6636654.0,6638257.0,6639875.0,6641457.0,6643151.0,6644896.0,6646315.0,6647803.0,6649324.0,6650872.0,6652101.0,6653605.0,6654977.0,6656284.0,6657521.0,6658815.0,6660249.0,6661898.0,6663396.0,6664848.0,6666167.0,6667378.0,6668899.0,6670408.0,6671935.0,6673583.0,6675057.0,6676453.0,6677735.0,6679246.0,6680868.0,6682529
pxp-XGRMBkg,21027.0,21028.0,21032.0,21037.0,21043.0,21044.0,21045.0,21046.0,21048.0,21053.0,21055.0,21058.0,21058.0,21064.0,21071.0,21078.0,21080.0,21085.0,21091.0,21097.0,21100.0,21104.0,21111.0,21114.0,21117.0,21118.0,21121.0,21124.0,21130.0,21134.0,21136.0,21137.0,21141.0,21143.0,21148.0,21150.0,21158.0,21162.0,21164.0,21167.0,21170.0,21171.0,21172.0,21175.0,21178.0,21179.0,21187.0,21191.0,21197.0,21202.0,21203.0,21209.0,21211.0,21214.0,21218.0,21218.0,21223.0,21224.0,21231.0,21232.0,21237.0,21240.0,21244.0,21249.0,21255.0,21262.0,21262.0,21263.0,21267.0,21269.0,21270.0,21273.0,21274.0,21277.0,21277.0,21279.0,21280.0,21283.0,21287.0,21295.0,21310.0,21318.0,21331.0,21334.0,21338.0,21342.0,21345.0,21348.0,21350.0,21355.0,21360.0,21363.0,21367.0,21369.0,21370.0,21375.0,21377.0,21380.0,21383.0,21383.0,21387.0,21388.0,21389.0,21391.0,21400.0,21418.0,21431.0,21444.0,21451.0,21454.0,21462.0,21467.0,21468.0,21470.0,21473.0,21474.0,21477.0,21479.0,21488.0,21500.0,21505.0,21511.0,21512.0,21515.0,21517.0,21519.0,21523.0,21532.0,21535.0,21535.0,21538.0,21541.0,21546.0,21549.0,,,,,,,,,21574.0,21576.0,21579.0,21579.0,21587.0,21590.0,21591.0,21594.0,21595.0,21599.0,21602.0,21605.0,21608.0,21607.0,21611.0,21615.0,21618.0,21619.0,21624.0,21627.0,21628.0,21628.0,21631.0,21632.0,21632.0,21637.0,21637.0,21637.0,21637.0,21641.0,21644.0,21644.0,21645.0,21648.0,21650.0,21652.0,21656.0,21656.0,21658.0,21661.0,21662.0,21663.0,21671.0,21677.0,21680.0,21684.0,21687.0,21690.0,21694.0,21696.0,21698.0,21702.0,21704.0,21705.0,21706.0,21712.0,21715.0,21718.0,21727.0,21732.0,21740.0,21746.0,21747.0,21751.0,21756.0,21759.0,21760.0,21763.0,21767.0,21770.0,21771.0,21773.0,21776.0,21778.0,21782.0,21782.0,21782.0,21785.0,21786.0,21786.0,21787.0,21786.0,21788.0,21792.0,21793.0,21794.0,21794.0,21807.0,21817.0,21820.0,21821.0,21822.0,21823.0,21827.0,21831.0,21831.0,21831.0,21833.0,21836.0,21839.0,21839.0,21839.0,21840.0,21842.0,21843.0,21844.0,21846.0,21846.0,21847.0,21848.0,21849.0,21852.0,21854.0,21858.0,21859.0,21861.0,21863.0,21865.0,21868.0,21871.0,21872.0,,21873.0,21879.0,21887.0,21889.0,21890.0,21893.0,21897.0,21898.0,21900.0,21902.0,21904.0,21905.0,21907.0,21908.0,21910.0,21913.0,21913.0,21914.0,21915.0,21918.0,21922.0,21924.0,21925.0,21928.0,21929.0,21931.0,21933.0,21933.0,21933.0,21938.0,21939.0,21942.0,21943.0,21944.0,21945.0,21946.0,21949.0,21950.0,21953.0,21953.0,21956.0,21958.0,21959.0,21959.0,21961.0,21962.0,21965.0,21967.0,21969.0,21970.0,21972.0,21976.0,21977.0,21979.0,21980.0,21984.0,21989.0,21994.0,21994.0,21997.0,22000.0,22002.0,22003.0,22008.0,22012.0,22014.0,22015.0,22018.0,22020.0,22021.0,22025.0,22025.0,22026.0,22031.0,22032.0,22033.0,22034.0,22035.0,22036.0,22040.0,22042.0,22046.0,22051.0,22057.0,22060.0,22067.0,22076.0,22077.0,22081.0,22086.0,22089.0,22094.0,22099.0,22102.0,22102.0,22105.0,22108.0,22111.0,22112.0,22113.0,22119.0,22120.0,22120.0,22121.0,22125.0,22126.0,22128.0,22131.0,22131.0,22133.0,22133.0,22133.0,22134.0,22135
YciioBKqGzk,44739.0,44782.0,44826.0,44880.0,44920.0,44975.0,45025.0,45066.0,45124.0,45166.0,45199.0,45231.0,45280.0,45332.0,45371.0,45413.0,45452.0,45491.0,45541.0,45587.0,45646.0,45682.0,45742.0,45799.0,45840.0,45875.0,45917.0,45960.0,45997.0,46029.0,46067.0,46097.0,46130.0,46164.0,46210.0,46251.0,46297.0,46343.0,46383.0,46431.0,46496.0,46564.0,46622.0,46663.0,46736.0,46782.0,46844.0,46898.0,46950.0,46999.0,47078.0,47128.0,47171.0,47228.0,47275.0,47333.0,47392.0,47449.0,47497.0,47537.0,47582.0,47649.0,47697.0,47752.0,47809.0,47846.0,47884.0,47928.0,47966.0,48032.0,48090.0,48129.0,48161.0,48212.0,48295.0,48399.0,48490.0,48607.0,48692.0,48783.0,48876.0,48980.0,49049.0,49158.0,49229.0,49313.0,49382.0,49457.0,49537.0,49611.0,49666.0,49736.0,49813.0,49857.0,49906.0,49974.0,50040.0,50099.0,50163.0,50211.0,50281.0,50334.0,50412.0,50488.0,50562.0,50653.0,50723.0,50776.0,50851.0,50914.0,50958.0,51014.0,51051.0,51102.0,51143.0,51194.0,51285.0,51352.0,51426.0,51485.0,51521.0,51585.0,51646.0,51712.0,51772.0,51821.0,51903.0,51983.0,52026.0,52076.0,52135.0,52195.0,52250.0,52308.0,,,,,,,,,52853.0,52908.0,52958.0,53012.0,53057.0,53108.0,53157.0,53215.0,53265.0,53322.0,53385.0,53445.0,53502.0,53580.0,53629.0,53655.0,53697.0,53731.0,53771.0,53811.0,53856.0,53909.0,53956.0,54007.0,54048.0,54093.0,54146.0,54202.0,54246.0,54277.0,54331.0,54375.0,54415.0,54469.0,54535.0,54578.0,54619.0,54677.0,54726.0,54800.0,54872.0,54950.0,55015.0,55103.0,55227.0,55352.0,55467.0,55597.0,55728.0,55854.0,55953.0,56051.0,56146.0,56257.0,56486.0,56714.0,56896.0,57087.0,57281.0,57519.0,57770.0,57976.0,58171.0,58376.0,58567.0,58759.0,59003.0,59185.0,59351.0,59532.0,59667.0,59805.0,59972.0,60166.0,60399.0,60602.0,60795.0,60943.0,61104.0,61375.0,61590.0,61821.0,62070.0,62363.0,62620.0,62805.0,63053.0,63253.0,63452.0,63698.0,63893.0,64055.0,64220.0,64405.0,64642.0,64846.0,65038.0,65244.0,65398.0,65543.0,65723.0,65909.0,66099.0,66289.0,66469.0,66590.0,66718.0,66861.0,67032.0,67194.0,67374.0,67524.0,67709.0,67872.0,68010.0,68177.0,68309.0,68488.0,68623.0,68781.0,68948.0,,69323.0,69504.0,69698.0,69878.0,70003.0,70157.0,70304.0,70445.0,70626.0,70791.0,70995.0,71186.0,71343.0,71552.0,71765.0,72003.0,72183.0,72414.0,72604.0,72802.0,73030.0,73179.0,73359.0,73529.0,73719.0,73926.0,74077.0,74248.0,74434.0,74641.0,74798.0,74944.0,75091.0,75219.0,75484.0,75676.0,75880.0,76018.0,76203.0,76397.0,76543.0,76688.0,76828.0,76998.0,77206.0,77383.0,77554.0,77682.0,77875.0,78034.0,78190.0,78329.0,78462.0,78578.0,78723.0,78870.0,79036.0,79214.0,79471.0,79680.0,79846.0,80021.0,80255.0,80503.0,80737.0,80912.0,81093.0,81246.0,81373.0,81539.0,81684.0,81855.0,82012.0,82158.0,82311.0,82468.0,82651.0,82829.0,82983.0,83131.0,83269.0,83394.0,83537.0,83678.0,83843.0,84031.0,84259.0,84452.0,84589.0,84711.0,84861.0,85021.0,85183.0,85330.0,85464.0,85590.0,85756.0,85915.0,86078.0,86215.0,86368.0,86504.0,86638.0,86798.0,86918.0,87086.0,87263.0,87541.0,87759.0,87956.0,88065.0,88197.0,88362.0,88533
2kQDRvTIHUE,40569.0,40583.0,40595.0,40608.0,40620.0,40629.0,40636.0,40660.0,40680.0,40687.0,40697.0,40713.0,40721.0,40731.0,40742.0,40756.0,40762.0,40773.0,40782.0,40791.0,40802.0,40813.0,40828.0,40838.0,40861.0,40874.0,40894.0,40908.0,40923.0,40938.0,40948.0,40960.0,40971.0,40987.0,40999.0,41019.0,41033.0,41050.0,41065.0,41086.0,41098.0,41116.0,41134.0,41151.0,41163.0,41171.0,41178.0,41190.0,41204.0,41212.0,41221.0,41240.0,41255.0,41272.0,41288.0,41311.0,41352.0,41371.0,41386.0,41408.0,41421.0,41438.0,41458.0,41469.0,41480.0,41495.0,41519.0,41540.0,41559.0,41578.0,41596.0,41611.0,41626.0,41646.0,41663.0,41681.0,41692.0,41700.0,41718.0,41734.0,41746.0,41759.0,41774.0,41785.0,41796.0,41804.0,41815.0,41826.0,41836.0,41844.0,41853.0,41869.0,41885.0,41897.0,41908.0,41923.0,41932.0,41942.0,41947.0,41959.0,41966.0,41972.0,41982.0,41992.0,41998.0,42004.0,42016.0,42026.0,42035.0,42043.0,42049.0,42061.0,42077.0,42088.0,42096.0,42109.0,42121.0,42130.0,42141.0,42153.0,42168.0,42184.0,42193.0,42199.0,42216.0,42241.0,42260.0,42272.0,42275.0,42283.0,42301.0,42319.0,42331.0,42345.0,,,,,,,,,42466.0,42479.0,42488.0,42504.0,42521.0,42531.0,42535.0,42544.0,42557.0,42562.0,42567.0,42574.0,42576.0,42585.0,42595.0,42609.0,42628.0,42638.0,42649.0,42659.0,42666.0,42672.0,42675.0,42681.0,42696.0,42706.0,42711.0,42718.0,42725.0,42737.0,42740.0,42744.0,42752.0,42764.0,42772.0,42791.0,42803.0,42818.0,42823.0,42836.0,42847.0,42859.0,42876.0,42891.0,42910.0,42927.0,42938.0,42950.0,42959.0,42970.0,42982.0,42994.0,43010.0,43022.0,43041.0,43054.0,43064.0,43076.0,43085.0,43094.0,43109.0,43122.0,43131.0,43140.0,43157.0,43172.0,43190.0,43208.0,43218.0,43230.0,43238.0,43253.0,43265.0,43282.0,43297.0,43308.0,43319.0,43330.0,43344.0,43353.0,43381.0,43396.0,43412.0,43429.0,43449.0,43463.0,43480.0,43503.0,43519.0,43539.0,43557.0,43572.0,43586.0,43600.0,43609.0,43627.0,43646.0,43660.0,43667.0,43682.0,43701.0,43724.0,43743.0,43758.0,43776.0,43788.0,43801.0,43818.0,43835.0,43844.0,43861.0,43871.0,43881.0,43895.0,43911.0,43925.0,43941.0,43955.0,43964.0,43997.0,44010.0,,44043.0,44062.0,44078.0,44092.0,44104.0,44121.0,44145.0,44158.0,44176.0,44196.0,44222.0,44233.0,44245.0,44258.0,44274.0,44287.0,44300.0,44317.0,44322.0,44329.0,44340.0,44355.0,44373.0,44380.0,44386.0,44391.0,44398.0,44412.0,44416.0,44435.0,44464.0,44480.0,44487.0,44493.0,44507.0,44521.0,44534.0,44541.0,44557.0,44568.0,44575.0,44588.0,44601.0,44627.0,44643.0,44651.0,44658.0,44667.0,44677.0,44690.0,44698.0,44712.0,44723.0,44733.0,44742.0,44747.0,44753.0,44758.0,44763.0,44772.0,44783.0,44793.0,44801.0,44816.0,44833.0,44842.0,44851.0,44858.0,44860.0,44871.0,44884.0,44895.0,44902.0,44916.0,44933.0,44936.0,44941.0,44952.0,44970.0,44980.0,44995.0,44999.0,45010.0,45017.0,45031.0,45046.0,45056.0,45069.0,45081.0,45087.0,45094.0,45106.0,45113.0,45122.0,45137.0,45155.0,45168.0,45178.0,45201.0,45211.0,45231.0,45248.0,45257.0,45275.0,45292.0,45301.0,45314.0,45334.0,45342.0,45356.0,45372.0,45378.0,45392.0,45408
8kAIfSg7rJg,339493.0,339592.0,339676.0,339753.0,339861.0,339978.0,340082.0,340196.0,340310.0,340403.0,340488.0,340593.0,340686.0,340809.0,340931.0,341074.0,341150.0,341247.0,341355.0,341477.0,341651.0,341842.0,342032.0,342190.0,342296.0,342415.0,342516.0,342695.0,342814.0,342926.0,343068.0,343188.0,343329.0,343451.0,343618.0,343784.0,343986.0,344110.0,344206.0,344354.0,344481.0,344656.0,344801.0,344968.0,345104.0,345236.0,345355.0,345479.0,345618.0,345791.0,345943.0,346094.0,346208.0,346324.0,346432.0,346548.0,346670.0,346770.0,346902.0,347001.0,347102.0,347210.0,347321.0,347431.0,347563.0,347682.0,347771.0,347887.0,348028.0,348172.0,348277.0,348372.0,348472.0,348546.0,348657.0,348789.0,348896.0,349024.0,349132.0,349217.0,349317.0,349393.0,349481.0,349587.0,349706.0,349831.0,349954.0,350052.0,350142.0,350264.0,350396.0,350489.0,350588.0,350680.0,350764.0,350865.0,350956.0,351079.0,351161.0,351269.0,351368.0,351450.0,351564.0,351703.0,351806.0,351902.0,351974.0,352075.0,352162.0,352231.0,352319.0,352430.0,352516.0,352607.0,352696.0,352757.0,352829.0,352890.0,352973.0,353034.0,353093.0,353160.0,353208.0,353268.0,353325.0,353375.0,353443.0,353508.0,353597.0,353664.0,353748.0,353841.0,353948.0,354037.0,,,,,,,,,354821.0,354898.0,354978.0,355062.0,355152.0,355233.0,355313.0,355385.0,355464.0,355577.0,355661.0,355763.0,355878.0,355974.0,356080.0,356169.0,356263.0,356346.0,356442.0,356530.0,356615.0,356687.0,356751.0,356825.0,356889.0,356963.0,357039.0,357150.0,357229.0,357303.0,357383.0,357488.0,357565.0,357639.0,357716.0,357778.0,357837.0,357904.0,357951.0,358011.0,358085.0,358162.0,358222.0,358263.0,358334.0,358410.0,358479.0,358557.0,358636.0,358705.0,358758.0,358828.0,358909.0,358991.0,359053.0,359136.0,359221.0,359280.0,359375.0,359455.0,359550.0,359604.0,359691.0,359767.0,359825.0,359898.0,359980.0,360066.0,360125.0,360173.0,360231.0,360276.0,360356.0,360445.0,360554.0,360638.0,360714.0,360796.0,360886.0,360981.0,361085.0,361173.0,361267.0,361399.0,361492.0,361566.0,361662.0,361767.0,361887.0,362014.0,362121.0,362210.0,362295.0,362368.0,362435.0,362512.0,362588.0,362663.0,362739.0,362790.0,362866.0,362934.0,363014.0,363078.0,363171.0,363208.0,363263.0,363326.0,363399.0,363458.0,363540.0,363603.0,363649.0,363703.0,363737.0,363775.0,363813.0,363858.0,363924.0,363978.0,364034.0,,364122.0,364181.0,364220.0,364266.0,364314.0,364340.0,364387.0,364431.0,364481.0,364529.0,364585.0,364615.0,364648.0,364693.0,364740.0,364789.0,364829.0,364873.0,364921.0,364969.0,365019.0,365060.0,365095.0,365136.0,365191.0,365228.0,365263.0,365293.0,365334.0,365385.0,365433.0,365475.0,365523.0,365554.0,365598.0,365635.0,365662.0,365712.0,365749.0,365794.0,365821.0,365849.0,365886.0,365930.0,365975.0,366041.0,366115.0,366178.0,366259.0,366368.0,366467.0,366567.0,366659.0,366763.0,366830.0,366904.0,366969.0,367040.0,367133.0,367228.0,367286.0,367348.0,367433.0,367524.0,367600.0,367698.0,367764.0,367878.0,367958.0,368054.0,368135.0,368225.0,368329.0,368434.0,368518.0,368605.0,368710.0,368816.0,368908.0,368982.0,369054.0,369116.0,369169.0,369205.0,369261.0,369324.0,369376.0,369481.0,369620.0,369735.0,369839.0,369961.0,370135.0,370301.0,370457.0,370585.0,370690.0,370803.0,370919.0,371015.0,371124.0,371218.0,371307.0,371378.0,371466.0,371540.0,371641.0,371712.0,371798.0,371849.0,371895.0,371966.0,372045.0,372097
JaPW83rcnOs,605424.0,605695.0,605950.0,606193.0,606467.0,606748.0,607007.0,607353.0,607653.0,607920.0,608136.0,608408.0,608645.0,608957.0,609213.0,609549.0,609771.0,609974.0,610253.0,610485.0,610736.0,611010.0,611300.0,611505.0,611698.0,611939.0,612187.0,612407.0,612640.0,612851.0,613172.0,613353.0,613612.0,613916.0,614191.0,614459.0,614777.0,615024.0,615204.0,615446.0,615691.0,615953.0,616211.0,616441.0,616634.0,616820.0,617045.0,617345.0,617676.0,617988.0,618276.0,618550.0,618755.0,619010.0,619292.0,619568.0,619849.0,620170.0,620488.0,620731.0,620983.0,621259.0,621541.0,621835.0,622147.0,622393.0,622662.0,622992.0,623297.0,623621.0,623883.0,624154.0,624360.0,624654.0,624880.0,625222.0,625591.0,625914.0,626288.0,626611.0,626807.0,627076.0,627370.0,627607.0,627889.0,628151.0,628419.0,628611.0,628970.0,629289.0,629534.0,629840.0,630131.0,630390.0,630567.0,630759.0,631024.0,631336.0,631579.0,631871.0,632096.0,632255.0,632520.0,632779.0,633010.0,633282.0,633550.0,633743.0,633918.0,634155.0,634391.0,634622.0,634882.0,635096.0,635294.0,635442.0,635708.0,636031.0,636263.0,636479.0,636696.0,636916.0,637116.0,637261.0,637456.0,637613.0,637773.0,637953.0,638101.0,638278.0,638454.0,638643.0,638839.0,639018.0,,,,,,,,,640531.0,640705.0,640864.0,641051.0,641221.0,641418.0,641591.0,641722.0,641864.0,642093.0,642303.0,642501.0,642726.0,642959.0,643133.0,643295.0,643536.0,643764.0,643993.0,644197.0,644354.0,644492.0,644622.0,644788.0,644986.0,645153.0,645327.0,645514.0,645664.0,645806.0,645949.0,646160.0,646372.0,646570.0,646784.0,646978.0,647141.0,647373.0,647581.0,647817.0,647988.0,648142.0,648297.0,648476.0,648631.0,648813.0,648973.0,649171.0,649423.0,649577.0,649730.0,649884.0,650077.0,650261.0,650443.0,650633.0,650819.0,650966.0,651163.0,651367.0,651629.0,651831.0,652018.0,652215.0,652383.0,652514.0,652740.0,652934.0,653053.0,653220.0,653406.0,653571.0,653847.0,654086.0,654310.0,654536.0,654764.0,654952.0,655130.0,655356.0,655579.0,655763.0,655942.0,656205.0,656474.0,656665.0,656874.0,657137.0,657355.0,657561.0,657765.0,657962.0,658117.0,658364.0,658599.0,658803.0,659013.0,659262.0,659459.0,659632.0,659872.0,660073.0,660298.0,660484.0,660706.0,660903.0,661098.0,661323.0,661560.0,661817.0,662056.0,662379.0,662588.0,662789.0,662964.0,663111.0,663245.0,663430.0,663622.0,663753.0,663871.0,,664200.0,664366.0,664492.0,664645.0,664785.0,664891.0,664984.0,665102.0,665202.0,665317.0,665431.0,665580.0,665692.0,665799.0,665924.0,666034.0,666177.0,666360.0,666471.0,666545.0,666663.0,666777.0,666907.0,667018.0,667133.0,667224.0,667327.0,667476.0,667637.0,667813.0,667994.0,668185.0,668406.0,668645.0,668890.0,669185.0,669441.0,669701.0,669929.0,670166.0,670418.0,670601.0,670794.0,671048.0,671212.0,671383.0,671627.0,671869.0,672150.0,672491.0,672807.0,673134.0,673496.0,673814.0,674067.0,674281.0,674551.0,674790.0,675026.0,675340.0,675560.0,675808.0,676053.0,676381.0,676707.0,676981.0,677330.0,677603.0,677868.0,678172.0,678436.0,678764.0,679083.0,679429.0,679712.0,680017.0,680383.0,680769.0,681132.0,681386.0,681696.0,681986.0,682200.0,682444.0,682728.0,682990.0,683280.0,683536.0,683747.0,683996.0,684180.0,684460.0,684724.0,685050.0,685329.0,685493.0,685648.0,685850.0,686057.0,686221.0,686405.0,686611.0,686793.0,686952.0,687188.0,687485.0,687858.0,688126.0,688466.0,688747.0,688993.0,689228.0,689517.0,689779
A42vMDskVQQ,395657.0,395743.0,395845.0,395980.0,396088.0,396212.0,396322.0,396478.0,396617.0,396761.0,396871.0,396978.0,397132.0,397260.0,397392.0,397499.0,397608.0,397689.0,397769.0,397886.0,398008.0,398142.0,398273.0,398346.0,398428.0,398562.0,398668.0,398793.0,398914.0,399022.0,399122.0,399220.0,399329.0,399457.0,399579.0,399697.0,399800.0,399909.0,400020.0,400106.0,400207.0,400305.0,400427.0,400535.0,400637.0,400737.0,400845.0,400956.0,401055.0,401166.0,401306.0,401426.0,401544.0,401669.0,401818.0,401964.0,402084.0,402195.0,402315.0,402432.0,402548.0,402704.0,402844.0,402968.0,403084.0,403190.0,403272.0,403388.0,403465.0,403613.0,403751.0,403856.0,403929.0,404041.0,404168.0,404269.0,404386.0,404494.0,404623.0,404744.0,404836.0,404952.0,405050.0,405161.0,405277.0,405396.0,405545.0,405650.0,405790.0,405912.0,406015.0,406148.0,406282.0,406385.0,406495.0,406611.0,406709.0,406840.0,406948.0,407084.0,407206.0,407290.0,407432.0,407551.0,407672.0,407789.0,407893.0,407976.0,408068.0,408195.0,408307.0,408435.0,408569.0,408682.0,408806.0,408933.0,409070.0,409252.0,409393.0,409532.0,409632.0,409732.0,409811.0,409918.0,410029.0,410143.0,410260.0,410364.0,410448.0,410538.0,410663.0,410826.0,410941.0,411079.0,,,,,,,,,412076.0,412173.0,412276.0,412393.0,412504.0,412635.0,412750.0,412821.0,412926.0,413040.0,413153.0,413268.0,413379.0,413513.0,413600.0,413691.0,413786.0,413895.0,414024.0,414145.0,414267.0,414366.0,414497.0,414623.0,414741.0,414830.0,414940.0,415054.0,415164.0,415238.0,415341.0,415464.0,415614.0,415771.0,415884.0,415994.0,416113.0,416374.0,416587.0,416727.0,416859.0,417008.0,417136.0,417254.0,417388.0,417526.0,417655.0,417820.0,417953.0,418052.0,418162.0,418284.0,418439.0,418617.0,418778.0,418931.0,419058.0,419191.0,419361.0,419564.0,419717.0,419826.0,419950.0,420087.0,420229.0,420386.0,420526.0,420719.0,420842.0,420968.0,421101.0,421267.0,421442.0,421605.0,421749.0,421914.0,422089.0,422204.0,422314.0,422421.0,422556.0,422713.0,422891.0,423062.0,423168.0,423281.0,423419.0,423544.0,423692.0,423812.0,423926.0,424057.0,424199.0,424369.0,424508.0,424618.0,424772.0,424899.0,425006.0,425102.0,425241.0,425378.0,425528.0,425660.0,425762.0,425955.0,426094.0,426219.0,426352.0,426474.0,426597.0,426698.0,426773.0,426874.0,426963.0,427040.0,427147.0,427263.0,427382.0,427493.0,427598.0,,427832.0,427983.0,428203.0,428331.0,428480.0,428601.0,428764.0,428967.0,429174.0,429323.0,429447.0,429591.0,429708.0,429848.0,429982.0,430101.0,430232.0,430417.0,430546.0,430692.0,430838.0,431060.0,431253.0,431394.0,431580.0,431738.0,431843.0,431995.0,432185.0,432338.0,432506.0,432659.0,432842.0,432963.0,433111.0,433281.0,433419.0,433581.0,433706.0,433866.0,434023.0,434150.0,434295.0,434441.0,434902.0,435100.0,435287.0,435434.0,435721.0,436133.0,436426.0,436581.0,436735.0,436903.0,437064.0,437231.0,437408.0,437547.0,437696.0,437844.0,437931.0,438015.0,438132.0,438275.0,438442.0,438720.0,438838.0,438946.0,439104.0,439220.0,439506.0,439764.0,440001.0,440222.0,440390.0,440522.0,440708.0,440856.0,441069.0,441295.0,441575.0,441738.0,441993.0,442216.0,442409.0,442627.0,442833.0,443057.0,443216.0,443378.0,443531.0,443713.0,443874.0,444050.0,444228.0,444380.0,444540.0,444766.0,444974.0,445167.0,445308.0,445446.0,445584.0,445690.0,445815.0,445948.0,446134.0,446339.0,446521.0,446687.0,446820.0,447024.0,447189.0,447372
JIDsCM5_ccA,55928.0,55941.0,55954.0,55970.0,55987.0,56000.0,56020.0,56038.0,56049.0,56069.0,56078.0,56091.0,56110.0,56133.0,56155.0,56173.0,56185.0,56202.0,56217.0,56230.0,56242.0,56259.0,56279.0,56293.0,56305.0,56311.0,56324.0,56340.0,56361.0,56378.0,56394.0,56402.0,56419.0,56429.0,56441.0,56453.0,56466.0,56483.0,56500.0,56504.0,56515.0,56529.0,56543.0,56557.0,56573.0,56588.0,56600.0,56623.0,56640.0,56655.0,56667.0,56681.0,56696.0,56708.0,56724.0,56741.0,56753.0,56768.0,56791.0,56802.0,56821.0,56836.0,56851.0,56869.0,56884.0,56900.0,56906.0,56924.0,56934.0,56953.0,56966.0,56982.0,56993.0,57010.0,57032.0,57050.0,57068.0,57078.0,57096.0,57114.0,57136.0,57146.0,57163.0,57173.0,57197.0,57211.0,57224.0,57241.0,57262.0,57276.0,57290.0,57304.0,57316.0,57326.0,57339.0,57370.0,57398.0,57423.0,57439.0,57468.0,57501.0,57522.0,57533.0,57551.0,57576.0,57597.0,57623.0,57647.0,57667.0,57686.0,57713.0,57726.0,57747.0,57771.0,57793.0,57814.0,57838.0,57886.0,57921.0,57957.0,57983.0,58010.0,58034.0,58060.0,58078.0,58108.0,58128.0,58161.0,58183.0,58198.0,58218.0,58240.0,58255.0,58273.0,,,,,,,,,58436.0,58448.0,58471.0,58483.0,58500.0,58514.0,58535.0,58543.0,58556.0,58568.0,58581.0,58607.0,58624.0,58638.0,58652.0,58675.0,58702.0,58723.0,58743.0,58764.0,58784.0,58805.0,58816.0,58836.0,58853.0,58868.0,58878.0,58894.0,58919.0,58928.0,58936.0,58950.0,58967.0,58978.0,58999.0,59020.0,59035.0,59046.0,59059.0,59076.0,59092.0,59109.0,59127.0,59140.0,59152.0,59165.0,59186.0,59199.0,59219.0,59235.0,59249.0,59256.0,59278.0,59305.0,59322.0,59338.0,59360.0,59371.0,59391.0,59399.0,59419.0,59439.0,59447.0,59463.0,59471.0,59479.0,59490.0,59501.0,59508.0,59516.0,59530.0,59556.0,59582.0,59604.0,59626.0,59643.0,59671.0,59682.0,59702.0,59715.0,59738.0,59757.0,59780.0,59794.0,59809.0,59824.0,59838.0,59858.0,59881.0,59889.0,59901.0,59927.0,59946.0,59955.0,59964.0,59980.0,59996.0,60019.0,60038.0,60046.0,60067.0,60091.0,60109.0,60128.0,60144.0,60158.0,60171.0,60184.0,60190.0,60210.0,60225.0,60242.0,60252.0,60264.0,60279.0,60298.0,60319.0,60331.0,60347.0,60363.0,60376.0,,60401.0,60429.0,60456.0,60471.0,60480.0,60496.0,60512.0,60523.0,60536.0,60551.0,60559.0,60570.0,60577.0,60592.0,60612.0,60624.0,60641.0,60660.0,60679.0,60701.0,60716.0,60739.0,60753.0,60766.0,60779.0,60798.0,60814.0,60828.0,60843.0,60855.0,60868.0,60875.0,60882.0,60899.0,60914.0,60927.0,60943.0,60954.0,60968.0,60989.0,60995.0,61007.0,61014.0,61032.0,61052.0,61066.0,61077.0,61089.0,61106.0,61119.0,61129.0,61143.0,61159.0,61171.0,61183.0,61198.0,61212.0,61223.0,61234.0,61242.0,61254.0,61267.0,61282.0,61290.0,61305.0,61321.0,61333.0,61344.0,61358.0,61370.0,61375.0,61385.0,61396.0,61409.0,61423.0,61434.0,61444.0,61457.0,61470.0,61478.0,61493.0,61508.0,61518.0,61528.0,61549.0,61569.0,61584.0,61602.0,61615.0,61628.0,61639.0,61649.0,61673.0,61692.0,61710.0,61728.0,61741.0,61750.0,61759.0,61780.0,61799.0,61808.0,61823.0,61838.0,61851.0,61861.0,61872.0,61880.0,61883.0,61892.0,61903.0,61915.0,61923.0,61936
YZFeFDpEIFA,14296.0,14296.0,14296.0,14296.0,14296.0,14296.0,14296.0,14296.0,14296.0,14296.0,14296.0,14296.0,14296.0,14296.0,14296.0,14296.0,14296.0,14296.0,14296.0,14296.0,14296.0,14296.0,14296.0,14296.0,14296.0,14296.0,14296.0,14296.0,14296.0,14296.0,14296.0,14296.0,14296.0,14296.0,14296.0,14296.0,14296.0,14296.0,14296.0,14296.0,14296.0,14296.0,14296.0,14296.0,14296.0,14296.0,14296.0,14296.0,14296.0,14296.0,14296.0,14296.0,14296.0,14296.0,14296.0,14296.0,14296.0,14296.0,14296.0,14296.0,14296.0,14296.0,14296.0,14296.0,14296.0,14296.0,14296.0,14296.0,14296.0,14296.0,14296.0,14296.0,14296.0,14296.0,14296.0,14296.0,14296.0,14296.0,14296.0,14296.0,14296.0,14296.0,14296.0,14296.0,14296.0,14296.0,14296.0,14296.0,14296.0,14296.0,14296.0,14296.0,14296.0,14296.0,14296.0,14296.0,14296.0,14296.0,14296.0,14296.0,14296.0,14296.0,14296.0,14296.0,14296.0,14296.0,14296.0,14296.0,14296.0,14296.0,14296.0,14296.0,14296.0,14296.0,14296.0,14296.0,14296.0,14296.0,14296.0,14296.0,14296.0,14296.0,14296.0,14296.0,14296.0,14296.0,14296.0,14296.0,14296.0,14296.0,14296.0,14296.0,14296.0,14296.0,,,,,,,,,14296.0,14296.0,14296.0,14296.0,14296.0,14296.0,14296.0,14296.0,14296.0,14296.0,14296.0,14296.0,14296.0,14296.0,14296.0,14296.0,14296.0,14296.0,14296.0,14296.0,14296.0,14296.0,14296.0,14296.0,14296.0,14296.0,14296.0,14296.0,14296.0,14296.0,14296.0,14296.0,14296.0,14296.0,14296.0,14296.0,14296.0,14296.0,14296.0,14296.0,14296.0,14296.0,14296.0,14296.0,14296.0,14296.0,14296.0,14296.0,14296.0,14296.0,14296.0,14296.0,14296.0,14296.0,14296.0,14296.0,14296.0,14296.0,14296.0,14296.0,14296.0,14296.0,14296.0,14296.0,14296.0,14296.0,14296.0,14296.0,14296.0,14296.0,14296.0,14296.0,14296.0,14296.0,14296.0,14296.0,14296.0,14296.0,14296.0,14296.0,14296.0,14296.0,14296.0,14296.0,14296.0,14296.0,14296.0,14296.0,14296.0,14296.0,14296.0,14296.0,14296.0,14296.0,14296.0,14296.0,14296.0,14296.0,14296.0,14296.0,14296.0,14296.0,14296.0,14296.0,14296.0,14296.0,14296.0,14296.0,14296.0,14296.0,14296.0,14296.0,14296.0,14296.0,14296.0,14296.0,14296.0,14296.0,14296.0,14296.0,14296.0,,14296.0,14296.0,14296.0,14296.0,14296.0,14296.0,14296.0,14296.0,14296.0,14296.0,14296.0,14296.0,14296.0,14296.0,14296.0,14296.0,14296.0,14296.0,14296.0,14296.0,14296.0,14296.0,14296.0,14296.0,14296.0,14296.0,14296.0,14296.0,14296.0,14296.0,14296.0,14296.0,14296.0,14296.0,14296.0,14296.0,14296.0,14296.0,14296.0,14296.0,14296.0,14296.0,14296.0,14296.0,14296.0,14296.0,14296.0,14296.0,14296.0,14296.0,14296.0,14296.0,14296.0,14296.0,14296.0,14296.0,14296.0,14296.0,14296.0,14296.0,14296.0,14296.0,14296.0,14296.0,14296.0,14296.0,14296.0,14296.0,14296.0,14296.0,14296.0,14296.0,14296.0,14296.0,14296.0,14296.0,14296.0,14296.0,14296.0,14296.0,14296.0,14296.0,14296.0,14296.0,14296.0,14296.0,14296.0,14296.0,14296.0,14296.0,14296.0,14296.0,14296.0,14296.0,14296.0,14296.0,14296.0,14296.0,14296.0,14296.0,14296.0,14296.0,14296.0,14296.0,14296.0,14296.0,14296.0,14296.0,14296.0,14296.0,14296.0,14296.0,14296.0,14296
fHxgLsPTzDY,1020.0,1020.0,1020.0,1020.0,1020.0,1020.0,1020.0,1020.0,1020.0,1020.0,1020.0,1020.0,1020.0,1020.0,1020.0,1020.0,1020.0,1020.0,1020.0,1021.0,1021.0,1021.0,1021.0,1021.0,1021.0,1021.0,1021.0,1021.0,1021.0,1021.0,1021.0,1021.0,1021.0,1021.0,1021.0,1021.0,1021.0,1021.0,1021.0,1022.0,1022.0,1022.0,1022.0,1022.0,1022.0,1023.0,1023.0,1023.0,1023.0,1023.0,1023.0,1023.0,1023.0,1023.0,1024.0,1024.0,1024.0,1024.0,1024.0,1024.0,1024.0,1024.0,1024.0,1024.0,1024.0,1024.0,1024.0,1024.0,1025.0,1025.0,1025.0,1025.0,1025.0,1025.0,1026.0,1026.0,1026.0,1026.0,1026.0,1026.0,1026.0,1026.0,1026.0,1026.0,1026.0,1026.0,1026.0,1026.0,1026.0,1026.0,1026.0,1026.0,1026.0,1026.0,1026.0,1026.0,1026.0,1026.0,1026.0,1026.0,1026.0,1026.0,1026.0,1026.0,1027.0,1027.0,1027.0,1027.0,1027.0,1027.0,1027.0,1027.0,1027.0,1027.0,1027.0,1027.0,1027.0,1027.0,1027.0,1027.0,1028.0,1028.0,1028.0,1028.0,1028.0,1028.0,1028.0,1028.0,1028.0,1028.0,1028.0,1029.0,1029.0,1029.0,,,,,,,,,1029.0,1029.0,1029.0,1029.0,1029.0,1029.0,1029.0,1029.0,1029.0,1029.0,1029.0,1029.0,1030.0,1030.0,1030.0,1030.0,1030.0,1030.0,1030.0,1030.0,1030.0,1030.0,1030.0,1030.0,1030.0,1030.0,1030.0,1030.0,1030.0,1030.0,1030.0,1030.0,1030.0,1031.0,1031.0,1031.0,1031.0,1031.0,1031.0,1031.0,1031.0,1031.0,1032.0,1032.0,1033.0,1033.0,1033.0,1033.0,1033.0,1033.0,1033.0,1033.0,1033.0,1033.0,1033.0,1033.0,1033.0,1033.0,1033.0,1033.0,1033.0,1033.0,1033.0,1033.0,1033.0,1033.0,1033.0,1033.0,1033.0,1033.0,1033.0,1033.0,1034.0,1034.0,1034.0,1034.0,1034.0,1034.0,1034.0,1034.0,1034.0,1034.0,1034.0,1034.0,1034.0,1034.0,1034.0,1035.0,1035.0,1035.0,1035.0,1035.0,1035.0,1035.0,1035.0,1036.0,1036.0,1036.0,1036.0,1036.0,1037.0,1037.0,1037.0,1037.0,1037.0,1037.0,1037.0,1037.0,1037.0,1037.0,1037.0,1037.0,1037.0,1037.0,1037.0,1037.0,1037.0,1037.0,1037.0,1037.0,1037.0,,1037.0,1040.0,1040.0,1040.0,1040.0,1040.0,1040.0,1040.0,1040.0,1040.0,1040.0,1040.0,1040.0,1040.0,1040.0,1040.0,1040.0,1040.0,1041.0,1041.0,1041.0,1041.0,1041.0,1041.0,1041.0,1041.0,1041.0,1041.0,1041.0,1041.0,1041.0,1041.0,1041.0,1041.0,1041.0,1041.0,1041.0,1041.0,1041.0,1041.0,1041.0,1041.0,1041.0,1041.0,1041.0,1041.0,1041.0,1041.0,1041.0,1041.0,1041.0,1041.0,1041.0,1041.0,1041.0,1041.0,1041.0,1041.0,1041.0,1041.0,1041.0,1041.0,1041.0,1041.0,1041.0,1041.0,1041.0,1041.0,1041.0,1041.0,1041.0,1041.0,1041.0,1041.0,1041.0,1041.0,1041.0,1041.0,1041.0,1041.0,1042.0,1043.0,1043.0,1043.0,1042.0,1042.0,1043.0,1043.0,1043.0,1043.0,1043.0,1043.0,1043.0,1043.0,1043.0,1043.0,1043.0,1043.0,1043.0,1043.0,1043.0,1043.0,1043.0,1044.0,1044.0,1044.0,1044.0,1044.0,1044.0,1044.0,1044.0,1044.0,1044.0,1044
RbrmEinA84k,210035.0,210129.0,210225.0,210319.0,210397.0,210493.0,210566.0,210631.0,210714.0,210822.0,210913.0,210998.0,211103.0,211202.0,211307.0,211419.0,211503.0,211628.0,211741.0,211862.0,211999.0,212149.0,212295.0,212474.0,212628.0,212778.0,212901.0,213065.0,213255.0,213438.0,213588.0,213779.0,213927.0,214090.0,214289.0,214458.0,214677.0,214836.0,215019.0,215174.0,215325.0,215494.0,215642.0,215799.0,215972.0,216108.0,216262.0,216428.0,216584.0,216740.0,216940.0,217095.0,217264.0,217402.0,217572.0,217744.0,217910.0,218106.0,218289.0,218423.0,218566.0,218715.0,218878.0,219019.0,219169.0,219324.0,219482.0,219633.0,219744.0,219895.0,220031.0,220171.0,220355.0,220510.0,220634.0,220746.0,220876.0,221003.0,221152.0,221285.0,221424.0,221560.0,221729.0,221843.0,221965.0,222078.0,222231.0,222363.0,222478.0,222596.0,222687.0,222814.0,222931.0,223096.0,223250.0,223370.0,223475.0,223569.0,223670.0,223789.0,223917.0,224058.0,224160.0,224245.0,224344.0,224455.0,224555.0,224647.0,224751.0,224838.0,224934.0,225021.0,225121.0,225212.0,225351.0,225472.0,225578.0,225679.0,225767.0,225873.0,225976.0,226083.0,226174.0,226257.0,226349.0,226432.0,226537.0,226640.0,226745.0,226821.0,226894.0,226964.0,227040.0,227107.0,,,,,,,,,227966.0,228063.0,228120.0,228206.0,228271.0,228350.0,228434.0,228507.0,228597.0,228689.0,228768.0,228856.0,228931.0,229024.0,229107.0,229197.0,229267.0,229369.0,229459.0,229561.0,229648.0,229746.0,229852.0,229930.0,230013.0,230087.0,230175.0,230253.0,230324.0,230442.0,230509.0,230589.0,230667.0,230776.0,230856.0,230967.0,231074.0,231172.0,231232.0,231309.0,231423.0,231539.0,231676.0,231796.0,231905.0,231985.0,232126.0,232228.0,232328.0,232415.0,232506.0,232598.0,232681.0,232783.0,232862.0,232980.0,233070.0,233162.0,233274.0,233372.0,233468.0,233557.0,233658.0,233743.0,233804.0,233883.0,233976.0,234077.0,234170.0,234249.0,234364.0,234460.0,234560.0,234642.0,234753.0,234856.0,234969.0,235077.0,235181.0,235258.0,235332.0,235409.0,235484.0,235742.0,235931.0,236062.0,236216.0,236488.0,236822.0,237015.0,237204.0,237380.0,237572.0,237728.0,237881.0,238054.0,238242.0,239009.0,239467.0,239801.0,240041.0,240360.0,240585.0,240854.0,241262.0,241513.0,241761.0,241979.0,242149.0,242332.0,242599.0,242904.0,243115.0,243262.0,243396.0,243572.0,243714.0,243897.0,244172.0,244362.0,244621.0,,245369.0,245619.0,245826.0,246024.0,246187.0,246403.0,246592.0,246732.0,246857.0,247000.0,247112.0,247250.0,247385.0,247471.0,247551.0,247633.0,247709.0,247800.0,247866.0,248007.0,248095.0,248175.0,248266.0,248348.0,248446.0,248567.0,248665.0,248735.0,248801.0,248871.0,248950.0,249020.0,249093.0,249173.0,249248.0,249319.0,249414.0,249470.0,249557.0,249650.0,249717.0,249798.0,249870.0,249932.0,250001.0,250067.0,250136.0,250227.0,250277.0,250340.0,250404.0,250459.0,250523.0,250584.0,250672.0,250760.0,250828.0,250900.0,250963.0,251027.0,251092.0,251163.0,251238.0,251307.0,251383.0,251453.0,251533.0,251599.0,251668.0,251741.0,251799.0,251842.0,251909.0,251972.0,252047.0,252101.0,252165.0,252232.0,252293.0,252355.0,252425.0,252489.0,252542.0,252590.0,252633.0,252684.0,252737.0,252788.0,252839.0,252899.0,252964.0,253025.0,253069.0,253116.0,253157.0,253202.0,253252.0,253293.0,253325.0,253361.0,253415.0,253467.0,253508.0,253558.0,253606.0,253676.0,253787.0,253885.0,253960.0,254031.0,254128.0,254174.0,254230.0,254312
9Av9EKYhTes,1176307.0,1177510.0,1178994.0,1180430.0,1181606.0,1182737.0,1183807.0,1184992.0,1186107.0,1187360.0,1188684.0,1190017.0,1191457.0,1192885.0,1194387.0,1195852.0,1197316.0,1198642.0,1199876.0,1201183.0,1202521.0,1203900.0,1205462.0,1207306.0,1208751.0,1210174.0,1211469.0,1212770.0,1214198.0,1215549.0,1216842.0,1217909.0,1219002.0,1220189.0,1221295.0,1222366.0,1223415.0,1224420.0,1225592.0,1226532.0,1227557.0,1228624.0,1229537.0,1230653.0,1231799.0,1232881.0,1233999.0,1235208.0,1236247.0,1237247.0,1238417.0,1239648.0,1240690.0,1241680.0,1242787.0,1244064.0,1245297.0,1246628.0,1247917.0,1249108.0,1250235.0,1251403.0,1252864.0,1254181.0,1255643.0,1256842.0,1257864.0,1258732.0,1259569.0,1260603.0,1261669.0,1262737.0,1263782.0,1264716.0,1265431.0,1266340.0,1267305.0,1268339.0,1269314.0,1270418.0,1271649.0,1272720.0,1273724.0,1274721.0,1275641.0,1276654.0,1277727.0,1278803.0,1279756.0,1280511.0,1281256.0,1282058.0,1282857.0,1283799.0,1284972.0,1285858.0,1286667.0,1287405.0,1288165.0,1289313.0,1290434.0,1291591.0,1292455.0,1293110.0,1294200.0,1295261.0,1296219.0,1297128.0,1297904.0,1298570.0,1299284.0,1300060.0,1300749.0,1301465.0,1302346.0,1303441.0,1304189.0,1304895.0,1305593.0,1306362.0,1307107.0,1307783.0,1308453.0,1309041.0,1309550.0,1310133.0,1310789.0,1311653.0,1312403.0,1313124.0,1313711.0,1314305.0,1314859.0,1315421.0,,,,,,,,,1322053.0,1322926.0,1323556.0,1324185.0,1324747.0,1325316.0,1325969.0,1326661.0,1327583.0,1328456.0,1329245.0,1329905.0,1330591.0,1331331.0,1332108.0,1332795.0,1333443.0,1334011.0,1334655.0,1335210.0,1335712.0,1336303.0,1337036.0,1337612.0,1338248.0,1338884.0,1339450.0,1340057.0,1340696.0,1341399.0,1342031.0,1342614.0,1343293.0,1343971.0,1344552.0,1345162.0,1345934.0,1346657.0,1347302.0,1347994.0,1348738.0,1349454.0,1350168.0,1350894.0,1351471.0,1352065.0,1352805.0,1353645.0,1354421.0,1355092.0,1355788.0,1356398.0,1357046.0,1357670.0,1358338.0,1359158.0,1359897.0,1360750.0,1361426.0,1362019.0,1362664.0,1363216.0,1363826.0,1364518.0,1365045.0,1365621.0,1366224.0,1366903.0,1367532.0,1368198.0,1368907.0,1369593.0,1370355.0,1371137.0,1371946.0,1372752.0,1373594.0,1374581.0,1375546.0,1376398.0,1377137.0,1377759.0,1378603.0,1380534.0,1382074.0,1383308.0,1384459.0,1385860.0,1387295.0,1388624.0,1389798.0,1391027.0,1392280.0,1393331.0,1394317.0,1395248.0,1396688.0,1401665.0,1405119.0,1407534.0,1409739.0,1411823.0,1413873.0,1416041.0,1418465.0,1420535.0,1422400.0,1424082.0,1425609.0,1427095.0,1428736.0,1430674.0,1432287.0,1433728.0,1435116.0,1436422.0,1437613.0,1438921.0,1440484.0,1441884.0,1443509.0,,1447340.0,1448935.0,1450287.0,1451603.0,1453011.0,1454339.0,1455753.0,1456855.0,1457839.0,1458831.0,1459840.0,1461071.0,1462217.0,1463106.0,1463979.0,1464755.0,1465578.0,1466369.0,1467336.0,1468214.0,1468893.0,1469603.0,1470371.0,1471149.0,1471922.0,1472893.0,1473814.0,1474716.0,1475509.0,1476279.0,1477093.0,1477802.0,1478631.0,1479295.0,1480065.0,1480739.0,1481351.0,1482062.0,1482784.0,1483657.0,1484530.0,1485297.0,1485921.0,1486576.0,1487229.0,1487860.0,1488531.0,1489270.0,1489890.0,1490518.0,1491157.0,1491859.0,1492587.0,1493334.0,1494156.0,1494936.0,1495685.0,1496378.0,1497016.0,1497690.0,1498376.0,1499092.0,1499696.0,1500366.0,1501001.0,1501580.0,1502335.0,1503049.0,1503753.0,1504365.0,1504885.0,1505440.0,1505993.0,1506473.0,1507083.0,1507824.0,1508418.0,1508902.0,1509403.0,1509859.0,1510354.0,1510901.0,1511434.0,1511961.0,1512529.0,1513068.0,1513589.0,1514092.0,1514665.0,1515276.0,1515864.0,1516384.0,1516840.0,1517280.0,1517716.0,1518251.0,1518757.0,1519211.0,1519588.0,1520026.0,1520405.0,1520920.0,1521365.0,1521758.0,1522206.0,1522705.0,1523305.0,1523892.0,1524381.0,1525004.0,1525474.0,1525965.0,1526409.0,1526941
l5pXEAlolXo,38188.0,38198.0,38221.0,38240.0,38252.0,38261.0,38272.0,38298.0,38310.0,38323.0,38326.0,38336.0,38349.0,38360.0,38368.0,38381.0,38398.0,38409.0,38418.0,38434.0,38445.0,38453.0,38466.0,38481.0,38495.0,38501.0,38513.0,38527.0,38545.0,38564.0,38581.0,38603.0,38617.0,38630.0,38645.0,38667.0,38681.0,38692.0,38704.0,38724.0,38752.0,38769.0,38781.0,38796.0,38811.0,38824.0,38839.0,38858.0,38884.0,38900.0,38919.0,38938.0,38944.0,38960.0,38980.0,38993.0,39011.0,39054.0,39074.0,39095.0,39117.0,39133.0,39150.0,39179.0,39197.0,39220.0,39229.0,39252.0,39264.0,39286.0,39312.0,39320.0,39329.0,39343.0,39350.0,39361.0,39382.0,39397.0,39419.0,39439.0,39458.0,39465.0,39487.0,39497.0,39511.0,39531.0,39546.0,39558.0,39580.0,39595.0,39608.0,39627.0,39646.0,39665.0,39679.0,39689.0,39701.0,39718.0,39742.0,39766.0,39795.0,39808.0,39826.0,39845.0,39867.0,39891.0,39922.0,39945.0,39963.0,39985.0,39998.0,40011.0,40033.0,40062.0,40099.0,40121.0,40152.0,40177.0,40230.0,40250.0,40263.0,40281.0,40268.0,40282.0,40306.0,40318.0,40341.0,40357.0,40368.0,40387.0,40405.0,40422.0,40437.0,40457.0,,,,,,,,,40658.0,40684.0,40718.0,40767.0,40798.0,40831.0,40864.0,40903.0,40929.0,40955.0,40982.0,41004.0,41027.0,41038.0,41056.0,41078.0,41098.0,41111.0,41124.0,41136.0,41152.0,41161.0,41174.0,41188.0,41201.0,41225.0,41249.0,41275.0,41293.0,41305.0,41330.0,41341.0,41353.0,41371.0,41389.0,41407.0,41415.0,41428.0,41442.0,41461.0,41477.0,41489.0,41509.0,41523.0,41538.0,41548.0,41564.0,41582.0,41604.0,41627.0,41640.0,41665.0,41684.0,41699.0,41714.0,41732.0,41745.0,41753.0,41770.0,41791.0,41802.0,41810.0,41820.0,41832.0,41849.0,41877.0,41897.0,41913.0,41925.0,41949.0,41959.0,41972.0,41992.0,42011.0,42027.0,42044.0,42060.0,42075.0,42086.0,42102.0,42121.0,42143.0,42158.0,42174.0,42184.0,42198.0,42211.0,42223.0,42239.0,42254.0,42278.0,42308.0,42341.0,42369.0,42420.0,42449.0,42480.0,42515.0,42544.0,42589.0,42624.0,42658.0,42708.0,42745.0,42778.0,42805.0,42826.0,42850.0,42868.0,42897.0,42929.0,42958.0,42995.0,43024.0,43052.0,43085.0,43111.0,43134.0,43154.0,43174.0,43190.0,,43227.0,43249.0,43268.0,43286.0,43292.0,43305.0,43316.0,43332.0,43346.0,43367.0,43386.0,43402.0,43421.0,43436.0,43451.0,43477.0,43483.0,43495.0,43511.0,43527.0,43536.0,43544.0,43558.0,43572.0,43580.0,43590.0,43597.0,43604.0,43615.0,43624.0,43633.0,43652.0,43673.0,43689.0,43693.0,43709.0,43733.0,43749.0,43768.0,43778.0,43794.0,43807.0,43827.0,43850.0,43877.0,43896.0,43916.0,43938.0,43960.0,43979.0,44006.0,44040.0,44073.0,44096.0,44113.0,44143.0,44163.0,44184.0,44212.0,44228.0,44250.0,44267.0,44300.0,44322.0,44343.0,44362.0,44398.0,44441.0,44493.0,44551.0,44579.0,44602.0,44640.0,44666.0,44686.0,44720.0,44753.0,44783.0,44802.0,44829.0,44850.0,44863.0,44873.0,44883.0,44896.0,44910.0,44921.0,44937.0,44949.0,44958.0,44965.0,44974.0,44982.0,44998.0,45010.0,45023.0,45046.0,45061.0,45075.0,45090.0,45099.0,45111.0,45128.0,45146.0,45173.0,45183.0,45198.0,45215.0,45230.0,45245.0,45260.0,45279.0,45310.0,45354
9xxULb5Mz5Y,18951.0,18957.0,18968.0,18977.0,18983.0,18991.0,19006.0,19024.0,19041.0,19051.0,19060.0,19074.0,19084.0,19096.0,19103.0,19109.0,19123.0,19133.0,19158.0,19177.0,19192.0,19200.0,19211.0,19222.0,19237.0,19244.0,19250.0,19264.0,19279.0,19288.0,19294.0,19301.0,19315.0,19323.0,19336.0,19354.0,19365.0,19383.0,19388.0,19398.0,19409.0,19422.0,19430.0,19440.0,19451.0,19462.0,19470.0,19485.0,19495.0,19505.0,19511.0,19520.0,19526.0,19535.0,19538.0,19547.0,19565.0,19576.0,19579.0,19586.0,19590.0,19599.0,19611.0,19630.0,19636.0,19641.0,19644.0,19647.0,19658.0,19663.0,19671.0,19680.0,19683.0,19691.0,19697.0,19705.0,19715.0,19721.0,19728.0,19731.0,19738.0,19748.0,19758.0,19767.0,19780.0,19785.0,19789.0,19794.0,19803.0,19804.0,19811.0,19820.0,19826.0,19836.0,19851.0,19863.0,19870.0,19880.0,19890.0,19902.0,19921.0,19930.0,19944.0,19951.0,19960.0,19966.0,19971.0,19978.0,19983.0,19989.0,19992.0,19998.0,20004.0,20005.0,20010.0,20013.0,20017.0,20023.0,20025.0,20029.0,20032.0,20040.0,20042.0,20045.0,20051.0,20055.0,20058.0,20066.0,20075.0,20079.0,20091.0,20092.0,20097.0,20101.0,,,,,,,,,20158.0,20162.0,20168.0,20179.0,20184.0,20193.0,20203.0,20208.0,20217.0,20226.0,20234.0,20239.0,20249.0,20254.0,20261.0,20267.0,20279.0,20293.0,20299.0,20305.0,20317.0,20322.0,20326.0,20332.0,20336.0,20342.0,20346.0,20351.0,20361.0,20365.0,20369.0,20371.0,20381.0,20386.0,20388.0,20392.0,20396.0,20399.0,20412.0,20415.0,20417.0,20427.0,20435.0,20443.0,20448.0,20454.0,20462.0,20464.0,20466.0,20477.0,20484.0,20493.0,20498.0,20499.0,20506.0,20512.0,20520.0,20528.0,20536.0,20546.0,20551.0,20554.0,20558.0,20561.0,20565.0,20566.0,20575.0,20581.0,20583.0,20588.0,20589.0,20594.0,20599.0,20607.0,20616.0,20621.0,20628.0,20634.0,20648.0,20659.0,20664.0,20674.0,20678.0,20685.0,20693.0,20699.0,20704.0,20713.0,20722.0,20730.0,20738.0,20746.0,20751.0,20760.0,20765.0,20769.0,20776.0,20779.0,20784.0,20789.0,20794.0,20802.0,20813.0,20826.0,20841.0,20848.0,20853.0,20855.0,20860.0,20864.0,20871.0,20879.0,20885.0,20887.0,20893.0,20902.0,20905.0,20912.0,20920.0,20933.0,20944.0,,20957.0,20969.0,20978.0,20980.0,20987.0,20994.0,20999.0,21001.0,21013.0,21023.0,21026.0,21037.0,21042.0,21052.0,21059.0,21065.0,21076.0,21084.0,21094.0,21098.0,21100.0,21108.0,21113.0,21120.0,21124.0,21128.0,21141.0,21147.0,21156.0,21165.0,21173.0,21181.0,21193.0,21203.0,21214.0,21223.0,21230.0,21243.0,21252.0,21255.0,21268.0,21284.0,21289.0,21298.0,21301.0,21314.0,21318.0,21322.0,21326.0,21336.0,21347.0,21351.0,21359.0,21365.0,21372.0,21381.0,21389.0,21400.0,21408.0,21410.0,21433.0,21433.0,21440.0,21441.0,21448.0,21456.0,21461.0,21465.0,21470.0,21481.0,21485.0,21498.0,21506.0,21510.0,21522.0,21531.0,21537.0,21542.0,21545.0,21550.0,21561.0,21564.0,21571.0,21579.0,21582.0,21587.0,21595.0,21598.0,21603.0,21611.0,21614.0,21616.0,21617.0,21620.0,21623.0,21624.0,21627.0,21635.0,21641.0,21658.0,21660.0,21665.0,21672.0,21677.0,21689.0,21706.0,21717.0,21722.0,21730.0,21740.0,21751.0,21756.0,21760.0,21767
4Mt-a_EQFn4,27664.0,27682.0,27697.0,27720.0,27743.0,27764.0,27788.0,27801.0,27819.0,27837.0,27858.0,27866.0,27879.0,27891.0,27916.0,27933.0,27946.0,27959.0,27978.0,27994.0,28014.0,28033.0,28052.0,28079.0,28098.0,28129.0,28141.0,28164.0,28177.0,28202.0,28222.0,28240.0,28263.0,28292.0,28318.0,28338.0,28359.0,28376.0,28391.0,28409.0,28428.0,28452.0,28468.0,28491.0,28518.0,28537.0,28563.0,28591.0,28614.0,28639.0,28657.0,28682.0,28694.0,28707.0,28725.0,28738.0,28750.0,28760.0,28771.0,28790.0,28809.0,28844.0,28865.0,28876.0,28890.0,28915.0,28928.0,28938.0,28955.0,28975.0,28991.0,29001.0,29014.0,29022.0,29048.0,29064.0,29084.0,29100.0,29116.0,29135.0,29145.0,29159.0,29175.0,29198.0,29214.0,29222.0,29239.0,29241.0,29256.0,29274.0,29294.0,29308.0,29320.0,29338.0,29353.0,29364.0,29387.0,29405.0,29425.0,29442.0,29459.0,29472.0,29475.0,29479.0,29487.0,29496.0,29505.0,29519.0,29529.0,29539.0,29549.0,29552.0,29564.0,29576.0,29587.0,29593.0,29612.0,29622.0,29634.0,29648.0,29657.0,29672.0,29689.0,29698.0,29714.0,29726.0,29735.0,29747.0,29760.0,29774.0,29786.0,29820.0,29842.0,29860.0,,,,,,,,,30005.0,30015.0,30035.0,30047.0,30059.0,30066.0,30074.0,30091.0,30109.0,30135.0,30147.0,30159.0,30176.0,30195.0,30202.0,30211.0,30223.0,30240.0,30260.0,30278.0,30290.0,30305.0,30325.0,30338.0,30351.0,30359.0,30374.0,30400.0,30413.0,30423.0,30438.0,30452.0,30472.0,30489.0,30508.0,30522.0,30534.0,30551.0,30570.0,30586.0,30603.0,30620.0,30637.0,30653.0,30666.0,30688.0,30704.0,30734.0,30758.0,30767.0,30784.0,30806.0,30828.0,30847.0,30864.0,30884.0,30897.0,30907.0,30942.0,30968.0,30988.0,31015.0,31032.0,31048.0,31064.0,31086.0,31103.0,31115.0,31130.0,31146.0,31168.0,31183.0,31208.0,31234.0,31253.0,31283.0,31307.0,31329.0,31343.0,31358.0,31380.0,31395.0,31414.0,31430.0,31453.0,31471.0,31499.0,31521.0,31539.0,31555.0,31580.0,31607.0,31642.0,31661.0,31681.0,31704.0,31720.0,31739.0,31756.0,31772.0,31785.0,31797.0,31815.0,31835.0,31849.0,31866.0,31881.0,31898.0,31917.0,31938.0,31949.0,31962.0,31992.0,32008.0,32023.0,32039.0,32053.0,32067.0,32077.0,32092.0,32103.0,,32126.0,32145.0,32156.0,32170.0,32181.0,32190.0,32209.0,32229.0,32249.0,32267.0,32277.0,32313.0,32336.0,32376.0,32396.0,32422.0,32440.0,32464.0,32487.0,32515.0,32541.0,32561.0,32601.0,32618.0,32665.0,32715.0,32747.0,32776.0,32798.0,32835.0,32872.0,32904.0,32935.0,32947.0,32980.0,33014.0,33041.0,33068.0,33100.0,33127.0,33146.0,33176.0,33216.0,33241.0,33276.0,33304.0,33323.0,33351.0,33375.0,33424.0,33449.0,33474.0,33494.0,33519.0,33534.0,33556.0,33581.0,33599.0,33621.0,33637.0,33649.0,33672.0,33689.0,33706.0,33727.0,33757.0,33777.0,33799.0,33813.0,33830.0,33851.0,33873.0,33893.0,33917.0,33930.0,33943.0,33963.0,33982.0,34014.0,34033.0,34063.0,34083.0,34101.0,34115.0,34138.0,34158.0,34183.0,34210.0,34230.0,34247.0,34262.0,34287.0,34309.0,34324.0,34363.0,34399.0,34428.0,34460.0,34489.0,34506.0,34525.0,34546.0,34564.0,34583.0,34612.0,34635.0,34650.0,34683.0,34712.0,34737.0,34763.0,34790.0,34816.0,34834
-L0SFkRTkkM,8085.0,8089.0,8096.0,8101.0,8114.0,8126.0,8130.0,8141.0,8147.0,8151.0,8158.0,8164.0,8169.0,8174.0,8181.0,8184.0,8188.0,8191.0,8193.0,8199.0,8206.0,8208.0,8216.0,8220.0,8225.0,8229.0,8230.0,8244.0,8248.0,8250.0,8259.0,8262.0,8267.0,8268.0,8269.0,8273.0,8278.0,8286.0,8289.0,8290.0,8296.0,8299.0,8301.0,8305.0,8313.0,8321.0,8324.0,8330.0,8334.0,8342.0,8345.0,8350.0,8349.0,8355.0,8355.0,8366.0,8373.0,8377.0,8385.0,8391.0,8396.0,8401.0,8405.0,8410.0,8417.0,8425.0,8431.0,8437.0,8449.0,8450.0,8458.0,8455.0,8460.0,8464.0,8475.0,8483.0,8486.0,8489.0,8494.0,8498.0,8505.0,8510.0,8513.0,8518.0,8518.0,8522.0,8531.0,8534.0,8543.0,8547.0,8548.0,8549.0,8558.0,8564.0,8569.0,8574.0,8582.0,8586.0,8587.0,8588.0,8596.0,8599.0,8601.0,8601.0,8602.0,8605.0,8608.0,8611.0,8615.0,8619.0,8621.0,8623.0,8627.0,8633.0,8635.0,8637.0,8639.0,8645.0,8653.0,8670.0,8679.0,8687.0,8691.0,8694.0,8695.0,8699.0,8706.0,8713.0,8720.0,8726.0,8726.0,8728.0,8742.0,8749.0,,,,,,,,,8793.0,8797.0,8797.0,8805.0,8816.0,8824.0,8830.0,8834.0,8841.0,8849.0,8858.0,8865.0,8870.0,8875.0,8877.0,8878.0,8883.0,8885.0,8892.0,8898.0,8901.0,8904.0,8909.0,8909.0,8913.0,8913.0,8920.0,8927.0,8929.0,8932.0,8933.0,8936.0,8940.0,8945.0,8952.0,8955.0,8957.0,8959.0,8964.0,8968.0,8971.0,8976.0,8985.0,8988.0,9002.0,9011.0,9022.0,9032.0,9038.0,9042.0,9053.0,9062.0,9070.0,9081.0,9096.0,9104.0,9108.0,9116.0,9131.0,9142.0,9154.0,9161.0,9171.0,9176.0,9185.0,9194.0,9201.0,9213.0,9218.0,9223.0,9230.0,9231.0,9238.0,9238.0,9244.0,9254.0,9257.0,9263.0,9267.0,9272.0,9275.0,9278.0,9286.0,9312.0,9321.0,9323.0,9328.0,9333.0,9334.0,9340.0,9350.0,9358.0,9361.0,9376.0,9383.0,9385.0,9389.0,9394.0,9395.0,9397.0,9402.0,9406.0,9414.0,9424.0,9432.0,9435.0,9439.0,9443.0,9451.0,9455.0,9457.0,9465.0,9467.0,9471.0,9478.0,9482.0,9488.0,9498.0,9510.0,9517.0,9522.0,,9534.0,9540.0,9545.0,9547.0,9559.0,9562.0,9573.0,9578.0,9588.0,9594.0,9598.0,9603.0,9611.0,9613.0,9620.0,9622.0,9628.0,9633.0,9637.0,9645.0,9650.0,9652.0,9659.0,9662.0,9667.0,9681.0,9686.0,9691.0,9700.0,9708.0,9724.0,9735.0,9741.0,9748.0,9754.0,9763.0,9775.0,9791.0,9804.0,9811.0,9815.0,9826.0,9837.0,9848.0,9858.0,9868.0,9878.0,9884.0,9889.0,9894.0,9902.0,9904.0,9906.0,9939.0,9942.0,9952.0,9962.0,9969.0,9975.0,9987.0,9991.0,10000.0,10005.0,10010.0,10018.0,10026.0,10037.0,10044.0,10052.0,10060.0,10065.0,10075.0,10079.0,10084.0,10092.0,10094.0,10102.0,10111.0,10116.0,10124.0,10132.0,10134.0,10139.0,10146.0,10150.0,10164.0,10173.0,10180.0,10190.0,10192.0,10197.0,10205.0,10214.0,10224.0,10233.0,10237.0,10240.0,10245.0,10253.0,10258.0,10271.0,10280.0,10284.0,10289.0,10301.0,10312.0,10326.0,10346.0,10353.0,10357.0,10364.0,10365.0,10373.0,10380
n3hSM8nyWew,8495.0,8497.0,8500.0,8512.0,8524.0,8529.0,8539.0,8546.0,8555.0,8564.0,8573.0,8575.0,8599.0,8608.0,8614.0,8616.0,8619.0,8623.0,8624.0,8628.0,8632.0,8641.0,8647.0,8653.0,8658.0,8668.0,8672.0,8675.0,8678.0,8682.0,8691.0,8691.0,8696.0,8698.0,8703.0,8704.0,8707.0,8714.0,8721.0,8728.0,8735.0,8740.0,8748.0,8753.0,8759.0,8767.0,8776.0,8780.0,8783.0,8786.0,8791.0,8790.0,8793.0,8798.0,8803.0,8808.0,8812.0,8814.0,8825.0,8835.0,8840.0,8841.0,8850.0,8851.0,8862.0,8868.0,8874.0,8879.0,8883.0,8893.0,8900.0,8905.0,8911.0,8914.0,8917.0,8921.0,8922.0,8925.0,8930.0,8934.0,8938.0,8940.0,8941.0,8946.0,8950.0,8960.0,8962.0,8967.0,8972.0,8977.0,8985.0,8986.0,8995.0,8997.0,9000.0,9004.0,9006.0,9007.0,9011.0,9016.0,9021.0,9025.0,9032.0,9038.0,9042.0,9050.0,9055.0,9057.0,9059.0,9062.0,9065.0,9073.0,9077.0,9085.0,9090.0,9093.0,9099.0,9102.0,9111.0,9122.0,9137.0,9142.0,9154.0,9158.0,9163.0,9171.0,9172.0,9177.0,9186.0,9192.0,9195.0,9197.0,9199.0,9203.0,,,,,,,,,9250.0,9255.0,9260.0,9267.0,9276.0,9287.0,9294.0,9307.0,9316.0,9326.0,9332.0,9347.0,9351.0,9359.0,9364.0,9368.0,9370.0,9376.0,9389.0,9398.0,9402.0,9403.0,9405.0,9411.0,9416.0,9419.0,9422.0,9426.0,9428.0,9432.0,9436.0,9439.0,9445.0,9450.0,9460.0,9465.0,9471.0,9471.0,9475.0,9482.0,9489.0,9494.0,9500.0,9504.0,9511.0,9517.0,9524.0,9533.0,9543.0,9548.0,9562.0,9569.0,9574.0,9583.0,9593.0,9597.0,9600.0,9609.0,9619.0,9624.0,9636.0,9644.0,9652.0,9663.0,9674.0,9680.0,9684.0,9688.0,9692.0,9702.0,9709.0,9714.0,9722.0,9731.0,9739.0,9748.0,9753.0,9757.0,9764.0,9768.0,9774.0,9782.0,9786.0,9795.0,9797.0,9807.0,9818.0,9827.0,9836.0,9852.0,9858.0,9872.0,9890.0,9904.0,9912.0,9922.0,9933.0,9938.0,9944.0,9952.0,9963.0,9966.0,9974.0,9985.0,9993.0,9998.0,10005.0,10011.0,10021.0,10029.0,10036.0,10042.0,10048.0,10053.0,10055.0,10061.0,10064.0,10073.0,10084.0,10089.0,10094.0,,10109.0,10115.0,10124.0,10127.0,10138.0,10147.0,10159.0,10162.0,10168.0,10173.0,10184.0,10199.0,10211.0,10227.0,10247.0,10254.0,10261.0,10267.0,10278.0,10282.0,10287.0,10298.0,10308.0,10320.0,10325.0,10336.0,10344.0,10358.0,10372.0,10377.0,10401.0,10416.0,10433.0,10442.0,10447.0,10456.0,10470.0,10484.0,10498.0,10508.0,10528.0,10533.0,10539.0,10545.0,10561.0,10573.0,10579.0,10592.0,10602.0,10609.0,10617.0,10630.0,10641.0,10654.0,10662.0,10676.0,10685.0,10690.0,10695.0,10699.0,10706.0,10710.0,10716.0,10724.0,10728.0,10739.0,10751.0,10763.0,10775.0,10781.0,10793.0,10803.0,10810.0,10816.0,10819.0,10826.0,10833.0,10842.0,10851.0,10859.0,10869.0,10876.0,10885.0,10895.0,10900.0,10907.0,10913.0,10927.0,10941.0,10950.0,10956.0,10962.0,10972.0,10982.0,10991.0,10997.0,11005.0,11014.0,11021.0,11031.0,11033.0,11040.0,11044.0,11049.0,11056.0,11060.0,11067.0,11071.0,11078.0,11082.0,11092.0,11097.0,11110.0,11114
XWGyIT6lOBA,17496.0,17497.0,17499.0,17500.0,17503.0,17506.0,17508.0,17512.0,17512.0,17515.0,17516.0,17516.0,17521.0,17522.0,17523.0,17522.0,17523.0,17526.0,17526.0,17529.0,17532.0,17534.0,17536.0,17538.0,17539.0,17540.0,17544.0,17547.0,17548.0,17551.0,17563.0,17564.0,17568.0,17569.0,17570.0,17571.0,17572.0,17574.0,17575.0,17581.0,17584.0,17586.0,17590.0,17596.0,17597.0,17598.0,17598.0,17604.0,17609.0,17611.0,17611.0,17613.0,17617.0,17618.0,17618.0,17619.0,17619.0,17620.0,17621.0,17622.0,17623.0,17625.0,17625.0,17627.0,17628.0,17630.0,17632.0,17635.0,17635.0,17639.0,17642.0,17645.0,17647.0,17654.0,17653.0,17655.0,17657.0,17659.0,17661.0,17661.0,17661.0,17664.0,17664.0,17665.0,17669.0,17670.0,17670.0,17670.0,17670.0,17673.0,17676.0,17676.0,17676.0,17680.0,17681.0,17683.0,17685.0,17684.0,17686.0,17686.0,17689.0,17689.0,17694.0,17696.0,17699.0,17700.0,17701.0,17701.0,17705.0,17702.0,17704.0,17706.0,17706.0,17709.0,17710.0,17710.0,17713.0,17714.0,17715.0,17715.0,17718.0,17718.0,17719.0,17723.0,17726.0,17726.0,17726.0,17728.0,17730.0,17731.0,17730.0,17734.0,17734.0,17735.0,,,,,,,,,17753.0,17753.0,17755.0,17755.0,17756.0,17757.0,17757.0,17760.0,17760.0,17759.0,17760.0,17762.0,17763.0,17763.0,17765.0,17765.0,17768.0,17769.0,17770.0,17771.0,17771.0,17772.0,17772.0,17773.0,17775.0,17776.0,17776.0,17778.0,17779.0,17783.0,17784.0,17784.0,17785.0,17786.0,17788.0,17789.0,17789.0,17791.0,17791.0,17793.0,17793.0,17792.0,17793.0,17796.0,17796.0,17796.0,17800.0,17801.0,17802.0,17802.0,17802.0,17802.0,17803.0,17809.0,17810.0,17810.0,17811.0,17812.0,17814.0,17815.0,17815.0,17815.0,17815.0,17817.0,17817.0,17817.0,17818.0,17820.0,17821.0,17821.0,17822.0,17822.0,17825.0,17825.0,17825.0,17825.0,17825.0,17825.0,17825.0,17825.0,17825.0,17826.0,17829.0,17831.0,17831.0,17831.0,17832.0,17835.0,17837.0,17837.0,17837.0,17837.0,17838.0,17838.0,17838.0,17838.0,17838.0,17839.0,17839.0,17839.0,17841.0,17842.0,17842.0,17842.0,17843.0,17843.0,17843.0,17843.0,17844.0,17845.0,17845.0,17845.0,17851.0,17857.0,17861.0,17862.0,17863.0,17865.0,17868.0,17868.0,17868.0,,17872.0,17872.0,17872.0,17872.0,17874.0,17874.0,17875.0,17874.0,17876.0,17876.0,17879.0,17879.0,17882.0,17883.0,17884.0,17884.0,17885.0,17885.0,17888.0,17889.0,17893.0,17896.0,17896.0,17896.0,17896.0,17896.0,17896.0,17898.0,17899.0,17900.0,17901.0,17901.0,17901.0,17902.0,17903.0,17904.0,17904.0,17906.0,17906.0,17906.0,17906.0,17906.0,17907.0,17907.0,17908.0,17909.0,17911.0,17911.0,17913.0,17913.0,17913.0,17913.0,17914.0,17915.0,17915.0,17915.0,17917.0,17918.0,17918.0,17918.0,17919.0,17920.0,17921.0,17922.0,17923.0,17924.0,17925.0,17928.0,17930.0,17932.0,17932.0,17932.0,17935.0,17936.0,17939.0,17940.0,17941.0,17941.0,17942.0,17945.0,17946.0,17946.0,17946.0,17946.0,17947.0,17949.0,17949.0,17949.0,17950.0,17952.0,17954.0,17957.0,17957.0,17957.0,17957.0,17957.0,17958.0,17959.0,17961.0,17961.0,17963.0,17964.0,17964.0,17964.0,17965.0,17966.0,17967.0,17968.0,17970.0,17971.0,17971.0,17971.0,17971.0,17972
FuvWkug12_s,480920.0,481627.0,482350.0,482932.0,483632.0,484556.0,485348.0,486099.0,486981.0,487808.0,488487.0,489125.0,489930.0,490487.0,491343.0,492132.0,493145.0,494058.0,495019.0,496174.0,497221.0,498226.0,499111.0,499932.0,500507.0,501258.0,502127.0,502821.0,503496.0,504280.0,504898.0,505345.0,506084.0,506640.0,507234.0,507778.0,508433.0,509008.0,509532.0,510166.0,510802.0,511560.0,512217.0,513126.0,513753.0,514315.0,515028.0,515689.0,516360.0,517074.0,517798.0,518437.0,519203.0,519837.0,520467.0,521011.0,521574.0,522173.0,522638.0,522996.0,523561.0,524185.0,524892.0,525533.0,526311.0,526929.0,527378.0,528034.0,528541.0,529394.0,530154.0,530858.0,531595.0,532300.0,533068.0,533989.0,534803.0,535579.0,536302.0,536965.0,537473.0,538202.0,538963.0,539640.0,540232.0,540904.0,541567.0,542211.0,542870.0,543609.0,544281.0,544839.0,545548.0,546311.0,547118.0,547832.0,548468.0,549028.0,549767.0,550509.0,551202.0,551728.0,552483.0,553239.0,553856.0,554652.0,555306.0,555960.0,556465.0,557193.0,558016.0,558911.0,559789.0,560711.0,561375.0,562085.0,562872.0,563658.0,564580.0,565503.0,566374.0,567020.0,567682.0,568339.0,569149.0,570113.0,571186.0,572150.0,573003.0,573722.0,574596.0,575485.0,576210.0,577100.0,,,,,,,,,584058.0,584573.0,585228.0,585870.0,586540.0,587130.0,587737.0,588210.0,588913.0,589585.0,590212.0,590967.0,591768.0,592504.0,593082.0,593564.0,594359.0,595179.0,595869.0,596616.0,597241.0,597778.0,598420.0,599044.0,599705.0,600382.0,601043.0,601638.0,602191.0,602663.0,603266.0,603958.0,604615.0,605458.0,606255.0,607027.0,607432.0,608293.0,609086.0,609841.0,610555.0,611338.0,611940.0,612472.0,613247.0,613922.0,614705.0,615430.0,616029.0,616605.0,617174.0,617908.0,618641.0,619342.0,619955.0,620580.0,621064.0,621545.0,622165.0,622831.0,623379.0,623835.0,624423.0,624875.0,625411.0,626020.0,626764.0,627362.0,627834.0,628413.0,628924.0,629431.0,629971.0,630628.0,631277.0,631796.0,632469.0,632982.0,633611.0,634199.0,634751.0,635318.0,636070.0,636706.0,637247.0,637756.0,638307.0,639004.0,639514.0,640065.0,640689.0,641364.0,641938.0,642760.0,643676.0,644565.0,645497.0,646432.0,647334.0,648109.0,649089.0,649969.0,650670.0,651439.0,652187.0,652848.0,653422.0,654220.0,655132.0,655901.0,656609.0,657396.0,657871.0,658294.0,658770.0,659210.0,659601.0,660116.0,660589.0,660862.0,661099.0,,661682.0,661996.0,662313.0,662651.0,662877.0,663136.0,663356.0,663597.0,663846.0,664169.0,664436.0,664627.0,664836.0,665054.0,665359.0,665659.0,665933.0,666212.0,666455.0,666656.0,666885.0,667115.0,667348.0,667591.0,667774.0,668005.0,668176.0,668404.0,668615.0,668847.0,669031.0,669266.0,669480.0,669639.0,669868.0,670108.0,670394.0,670635.0,670824.0,671093.0,671323.0,671602.0,671897.0,672138.0,672391.0,672725.0,673150.0,673702.0,674304.0,674952.0,675418.0,675944.0,676436.0,676915.0,677279.0,677692.0,678157.0,678490.0,678916.0,679281.0,679650.0,679963.0,680397.0,680863.0,681399.0,681858.0,682362.0,682909.0,683471.0,684044.0,684543.0,685118.0,685711.0,686315.0,686843.0,687373.0,687991.0,688534.0,689079.0,689505.0,690009.0,690381.0,690728.0,691064.0,691447.0,691811.0,692173.0,692586.0,692925.0,693216.0,693537.0,693850.0,694215.0,694581.0,694904.0,695157.0,695467.0,695838.0,696177.0,696449.0,696822.0,697193.0,697499.0,697820.0,698160.0,698529.0,699018.0,699409.0,699735.0,700115.0,700406.0,700779.0,701268.0,701675
Hx0ffb7VZ3Y,21099.0,21134.0,21176.0,21217.0,21235.0,21270.0,21295.0,21322.0,21354.0,21385.0,21441.0,21476.0,21506.0,21530.0,21590.0,21638.0,21668.0,21712.0,21738.0,21774.0,21817.0,21847.0,21892.0,21933.0,21963.0,22000.0,22039.0,22077.0,22113.0,22137.0,22172.0,22194.0,22235.0,22267.0,22297.0,22324.0,22379.0,22418.0,22460.0,22489.0,22528.0,22549.0,22590.0,22610.0,22655.0,22684.0,22709.0,22748.0,22771.0,22803.0,22826.0,22853.0,22874.0,22889.0,22918.0,22943.0,22982.0,23025.0,23052.0,23075.0,23110.0,23136.0,23163.0,23186.0,23220.0,23264.0,23292.0,23321.0,23356.0,23396.0,23437.0,23464.0,23484.0,23507.0,23528.0,23562.0,23598.0,23623.0,23646.0,23661.0,23680.0,23700.0,23717.0,23748.0,23771.0,23807.0,23830.0,23842.0,23863.0,23894.0,23933.0,23964.0,24013.0,24043.0,24074.0,24111.0,24142.0,24176.0,24211.0,24257.0,24300.0,24339.0,24376.0,24414.0,24444.0,24496.0,24522.0,24553.0,24586.0,24632.0,24681.0,24719.0,24754.0,24805.0,24857.0,24886.0,24922.0,24961.0,25000.0,25056.0,25109.0,25141.0,25163.0,25197.0,25211.0,25239.0,25271.0,25309.0,25335.0,25365.0,25410.0,25448.0,25488.0,25530.0,,,,,,,,,25862.0,25893.0,25921.0,25957.0,26001.0,26025.0,26066.0,26101.0,26134.0,26155.0,26187.0,26221.0,26251.0,26270.0,26290.0,26310.0,26324.0,26348.0,26374.0,26419.0,26448.0,26486.0,26505.0,26521.0,26550.0,26560.0,26580.0,26598.0,26618.0,26642.0,26666.0,26694.0,26724.0,26763.0,26798.0,26820.0,26842.0,26874.0,26927.0,26957.0,27004.0,27049.0,27076.0,27099.0,27137.0,27172.0,27222.0,27258.0,27295.0,27319.0,27351.0,27394.0,27436.0,27478.0,27518.0,27566.0,27601.0,27635.0,27668.0,27703.0,27736.0,27783.0,27809.0,27839.0,27854.0,27882.0,27916.0,27957.0,27973.0,28004.0,28033.0,28066.0,28106.0,28159.0,28177.0,28207.0,28238.0,28262.0,28287.0,28322.0,28355.0,28388.0,28421.0,28455.0,28485.0,28514.0,28543.0,28569.0,28590.0,28610.0,28670.0,28704.0,28732.0,28772.0,28792.0,28814.0,28846.0,28864.0,28891.0,28921.0,28935.0,28955.0,28980.0,29008.0,29020.0,29050.0,29064.0,29100.0,29153.0,29184.0,29222.0,29246.0,29268.0,29292.0,29321.0,29337.0,29361.0,29392.0,29418.0,29435.0,29525.0,,29607.0,29627.0,29654.0,29672.0,29703.0,29729.0,29749.0,29770.0,29801.0,29840.0,29869.0,29894.0,29931.0,29961.0,29982.0,30010.0,30032.0,30060.0,30094.0,30127.0,30160.0,30178.0,30220.0,30235.0,30273.0,30305.0,30333.0,30364.0,30408.0,30436.0,30484.0,30514.0,30553.0,30582.0,30617.0,30650.0,30689.0,30714.0,30742.0,30764.0,30801.0,30830.0,30850.0,30873.0,30906.0,30928.0,30952.0,30971.0,31005.0,31034.0,31054.0,31079.0,31100.0,31122.0,31151.0,31188.0,31212.0,31243.0,31270.0,31293.0,31318.0,31337.0,31358.0,31383.0,31418.0,31439.0,31459.0,31478.0,31497.0,31510.0,31531.0,31569.0,31605.0,31634.0,31656.0,31684.0,31704.0,31722.0,31743.0,31759.0,31782.0,31799.0,31818.0,31841.0,31854.0,31875.0,31911.0,31934.0,31961.0,31983.0,32002.0,32028.0,32061.0,32086.0,32114.0,32136.0,32162.0,32188.0,32227.0,32245.0,32262.0,32275.0,32297.0,32307.0,32329.0,32358.0,32397.0,32436.0,32472.0,32505.0,32531.0,32554.0,32589.0,32614
vWcLRvoTKnQ,228386.0,228641.0,229036.0,229424.0,229748.0,230094.0,230413.0,230838.0,231306.0,231746.0,232180.0,232561.0,232991.0,233421.0,233833.0,234294.0,234626.0,234980.0,235329.0,235690.0,236093.0,236565.0,237024.0,237366.0,237747.0,238187.0,238558.0,238988.0,239375.0,239767.0,240109.0,240544.0,240988.0,241381.0,241833.0,242343.0,242817.0,243183.0,243665.0,244063.0,244461.0,244847.0,245286.0,245728.0,246138.0,246604.0,247011.0,247350.0,247728.0,248125.0,248451.0,248748.0,249032.0,249340.0,249617.0,249897.0,250166.0,250454.0,250790.0,251070.0,251496.0,251860.0,252196.0,252502.0,252879.0,253196.0,253516.0,253942.0,254260.0,254770.0,255244.0,255620.0,255933.0,256196.0,256542.0,256918.0,257355.0,257754.0,258219.0,258596.0,258975.0,259353.0,259793.0,260246.0,260715.0,261225.0,261622.0,261985.0,262455.0,262962.0,263512.0,264002.0,264646.0,265115.0,265594.0,266058.0,266593.0,267223.0,267788.0,268402.0,268951.0,269356.0,269921.0,270362.0,270909.0,271451.0,271978.0,272517.0,273100.0,273621.0,274259.0,274870.0,275362.0,276048.0,276562.0,277081.0,277661.0,278299.0,278791.0,279483.0,279964.0,280435.0,280918.0,281320.0,281831.0,282473.0,283016.0,283496.0,283953.0,284375.0,284919.0,285355.0,285849.0,286336.0,,,,,,,,,291178.0,291583.0,292106.0,292640.0,293169.0,293624.0,294094.0,294486.0,294915.0,295395.0,295953.0,296348.0,296882.0,297278.0,297648.0,298024.0,298375.0,298781.0,299114.0,299606.0,300095.0,300561.0,300958.0,301581.0,302140.0,302847.0,303479.0,304137.0,304695.0,305246.0,305840.0,306517.0,307050.0,307643.0,308316.0,308908.0,309381.0,309890.0,310473.0,311173.0,311801.0,312371.0,312981.0,313612.0,314175.0,314799.0,315431.0,316189.0,316759.0,317355.0,317817.0,318446.0,319056.0,319623.0,320254.0,320876.0,321409.0,321957.0,322735.0,323454.0,324179.0,324748.0,325383.0,325990.0,326699.0,327511.0,328250.0,328914.0,329536.0,330182.0,330783.0,331336.0,332108.0,332742.0,333465.0,334153.0,334769.0,335483.0,335983.0,336637.0,337202.0,337716.0,338484.0,339229.0,339824.0,340298.0,341017.0,341599.0,342283.0,342916.0,343510.0,343992.0,344465.0,344941.0,345587.0,346151.0,346648.0,347173.0,347638.0,348057.0,348521.0,348983.0,349418.0,349938.0,350418.0,350806.0,351205.0,351801.0,352487.0,353127.0,353801.0,354518.0,355058.0,355476.0,356039.0,356518.0,357050.0,357637.0,358396.0,358957.0,359572.0,,360912.0,361561.0,362136.0,362694.0,363336.0,363957.0,364721.0,365477.0,366315.0,366999.0,367771.0,368458.0,369085.0,369901.0,370621.0,371125.0,371774.0,372366.0,372844.0,373361.0,373970.0,374545.0,375136.0,375877.0,376523.0,376998.0,377563.0,378060.0,378719.0,379417.0,380086.0,380789.0,381348.0,381809.0,382438.0,383118.0,383936.0,384481.0,385091.0,385561.0,385950.0,386524.0,387096.0,387605.0,388196.0,388810.0,389212.0,389761.0,390325.0,390737.0,391220.0,391627.0,392163.0,392511.0,392885.0,393393.0,393947.0,394476.0,394952.0,395441.0,395870.0,396264.0,396840.0,397325.0,397898.0,398363.0,398779.0,399156.0,399472.0,399933.0,400395.0,400829.0,401318.0,401855.0,402389.0,402911.0,403503.0,404089.0,404785.0,405412.0,406082.0,406717.0,407322.0,407980.0,408680.0,409452.0,410247.0,411129.0,411835.0,412525.0,413259.0,414024.0,414775.0,415537.0,416246.0,416858.0,417404.0,418073.0,418718.0,419439.0,420341.0,421228.0,421939.0,422839.0,423695.0,424637.0,425395.0,426502.0,427170.0,427850.0,428411.0,429242.0,430119.0,430969
p9l7rRaPKho,402283.0,402598.0,402856.0,403093.0,403360.0,403666.0,403919.0,404217.0,404587.0,404882.0,405156.0,405423.0,405735.0,406032.0,406306.0,406589.0,406829.0,407109.0,407364.0,407701.0,408034.0,408398.0,408754.0,409044.0,409308.0,409637.0,409991.0,410301.0,410590.0,410918.0,411149.0,411372.0,411994.0,412290.0,412598.0,412827.0,413073.0,413308.0,413532.0,413856.0,414126.0,414454.0,414749.0,415006.0,415283.0,415567.0,415865.0,416140.0,416415.0,416703.0,416995.0,417221.0,417470.0,417682.0,417934.0,418131.0,418373.0,418606.0,418811.0,419027.0,419308.0,419635.0,420079.0,420433.0,420737.0,421002.0,421333.0,421648.0,421870.0,422222.0,422594.0,422861.0,423028.0,423231.0,423445.0,423723.0,423985.0,424269.0,424574.0,424866.0,425077.0,425379.0,425735.0,426103.0,426362.0,426660.0,426910.0,427271.0,427609.0,427946.0,428362.0,428792.0,429186.0,429547.0,429806.0,430114.0,430501.0,430799.0,431180.0,431543.0,431829.0,432123.0,432385.0,432731.0,433018.0,433368.0,433731.0,434011.0,434299.0,434617.0,434931.0,435252.0,435619.0,436013.0,436309.0,436594.0,436899.0,437230.0,437503.0,437790.0,438109.0,438369.0,438637.0,438862.0,439084.0,439309.0,439555.0,439816.0,440058.0,440282.0,440549.0,440788.0,441041.0,441271.0,,,,,,,,,444066.0,444360.0,444661.0,445007.0,445362.0,445771.0,446109.0,446423.0,446752.0,447177.0,447572.0,448040.0,448461.0,448814.0,449098.0,449386.0,449774.0,450131.0,450495.0,450759.0,450974.0,451156.0,451368.0,451601.0,451894.0,452114.0,452378.0,452670.0,452902.0,453164.0,453513.0,453800.0,454074.0,454342.0,454645.0,454902.0,455097.0,455439.0,455685.0,455927.0,456233.0,456537.0,456732.0,456939.0,457227.0,457451.0,457751.0,458026.0,458318.0,458518.0,458737.0,459028.0,459284.0,459541.0,459825.0,460080.0,460350.0,460564.0,460878.0,461123.0,461433.0,461640.0,461888.0,462117.0,462381.0,462651.0,462938.0,463142.0,463359.0,463583.0,463805.0,464041.0,464348.0,464660.0,464967.0,465240.0,465493.0,465710.0,465900.0,466136.0,466409.0,466675.0,466924.0,467198.0,467482.0,467755.0,468016.0,468247.0,468454.0,468696.0,468942.0,469167.0,469402.0,469673.0,469939.0,470137.0,470397.0,470624.0,470823.0,471019.0,471250.0,471458.0,471719.0,471958.0,472172.0,472366.0,472604.0,472872.0,473140.0,473411.0,473583.0,473839.0,474000.0,474179.0,474400.0,474606.0,474816.0,475048.0,475280.0,475477.0,475706.0,,476135.0,476401.0,476629.0,476858.0,477065.0,477283.0,477499.0,477723.0,477965.0,478216.0,478485.0,478671.0,478866.0,479066.0,479279.0,479460.0,479653.0,479849.0,480053.0,480244.0,480460.0,480684.0,480906.0,481150.0,481430.0,481695.0,481875.0,482099.0,482382.0,482692.0,483008.0,483304.0,483570.0,483796.0,484020.0,484292.0,484559.0,484840.0,485114.0,485341.0,485621.0,485880.0,486142.0,486374.0,486674.0,487015.0,487279.0,487497.0,487800.0,488033.0,488310.0,488548.0,488813.0,489018.0,489198.0,489506.0,489792.0,490043.0,490328.0,490563.0,490841.0,491096.0,491331.0,491618.0,491918.0,492144.0,492376.0,492595.0,492762.0,493008.0,493273.0,493558.0,493862.0,494149.0,494410.0,494687.0,495018.0,495406.0,495776.0,496169.0,496537.0,496850.0,497130.0,497521.0,497860.0,498282.0,498704.0,499153.0,499528.0,499874.0,500225.0,500571.0,500949.0,501301.0,501694.0,501996.0,502284.0,502648.0,503017.0,503378.0,503788.0,504132.0,504416.0,504707.0,505046.0,505360.0,505699.0,506054.0,506414.0,506691.0,506899.0,507247.0,507588.0,507943
iemhilDMfT8,45794.0,45804.0,45809.0,45817.0,45825.0,45831.0,45843.0,45852.0,45862.0,45873.0,45881.0,45890.0,45906.0,45919.0,45932.0,45942.0,45963.0,45979.0,45992.0,46005.0,46013.0,46027.0,46037.0,46044.0,46055.0,46066.0,46078.0,46088.0,46100.0,46110.0,46124.0,46134.0,46143.0,46153.0,46168.0,46181.0,46192.0,46205.0,46221.0,46233.0,46248.0,46263.0,46278.0,46292.0,46302.0,46315.0,46323.0,46335.0,46362.0,46380.0,46396.0,46419.0,46431.0,46451.0,46463.0,46476.0,46488.0,46505.0,46523.0,46539.0,46560.0,46580.0,46596.0,46616.0,46628.0,46636.0,46642.0,46664.0,46683.0,46704.0,46731.0,46743.0,46753.0,46766.0,46782.0,46788.0,46804.0,46815.0,46836.0,46853.0,46874.0,46889.0,46911.0,46928.0,46939.0,46961.0,46978.0,46987.0,47002.0,47017.0,47032.0,47061.0,47091.0,47103.0,47128.0,47145.0,47167.0,47180.0,47193.0,47213.0,47218.0,47229.0,47238.0,47245.0,47262.0,47283.0,47299.0,47312.0,47328.0,47347.0,47355.0,47364.0,47378.0,47393.0,47402.0,47416.0,47435.0,47459.0,47474.0,47488.0,47508.0,47524.0,47550.0,47573.0,47592.0,47615.0,47641.0,47667.0,47687.0,47706.0,47727.0,47748.0,47761.0,47783.0,,,,,,,,,47940.0,47966.0,47993.0,48011.0,48034.0,48052.0,48062.0,48071.0,48091.0,48102.0,48109.0,48122.0,48136.0,48153.0,48164.0,48177.0,48186.0,48193.0,48209.0,48226.0,48238.0,48244.0,48268.0,48280.0,48289.0,48305.0,48318.0,48331.0,48339.0,48350.0,48370.0,48388.0,48407.0,48422.0,48434.0,48448.0,48462.0,48476.0,48488.0,48501.0,48512.0,48519.0,48523.0,48536.0,48545.0,48553.0,48561.0,48573.0,48577.0,48588.0,48600.0,48613.0,48625.0,48636.0,48645.0,48671.0,48687.0,48701.0,48711.0,48717.0,48727.0,48732.0,48734.0,48740.0,48749.0,48762.0,48775.0,48781.0,48792.0,48803.0,48812.0,48816.0,48823.0,48833.0,48843.0,48863.0,48882.0,48899.0,48909.0,48927.0,48935.0,48950.0,48965.0,48980.0,48994.0,49012.0,49023.0,49044.0,49066.0,49087.0,49102.0,49112.0,49133.0,49154.0,49167.0,49177.0,49193.0,49211.0,49219.0,49231.0,49250.0,49264.0,49273.0,49279.0,49289.0,49299.0,49312.0,49323.0,49333.0,49346.0,49365.0,49379.0,49388.0,49405.0,49407.0,49416.0,49430.0,49438.0,49451.0,49471.0,49487.0,,49525.0,49537.0,49550.0,49559.0,49573.0,49585.0,49599.0,49616.0,49635.0,49646.0,49665.0,49680.0,49692.0,49702.0,49717.0,49725.0,49742.0,49753.0,49763.0,49779.0,49788.0,49801.0,49820.0,49841.0,49860.0,49874.0,49885.0,49901.0,49912.0,49932.0,49946.0,49960.0,49971.0,49987.0,50000.0,50017.0,50039.0,50057.0,50072.0,50087.0,50109.0,50124.0,50147.0,50163.0,50184.0,50210.0,50227.0,50249.0,50275.0,50298.0,50320.0,50347.0,50370.0,50392.0,50401.0,50413.0,50433.0,50455.0,50477.0,50495.0,50512.0,50535.0,50550.0,50565.0,50573.0,50587.0,50607.0,50627.0,50644.0,50650.0,50662.0,50668.0,50682.0,50699.0,50726.0,50747.0,50764.0,50778.0,50789.0,50811.0,50826.0,50841.0,50852.0,50867.0,50878.0,50891.0,50918.0,50938.0,50956.0,50975.0,50985.0,51009.0,51031.0,51056.0,51072.0,51081.0,51096.0,51117.0,51141.0,51146.0,51163.0,51177.0,51196.0,51212.0,51223.0,51237.0,51250.0,51257.0,51274.0,51282.0,51296.0,51307.0,51318.0,51329
KYVyFt3dffE,243999.0,244140.0,244244.0,244387.0,244540.0,244678.0,244833.0,245012.0,245174.0,245276.0,245413.0,245538.0,245679.0,245826.0,245969.0,246107.0,246217.0,246356.0,246485.0,246605.0,246738.0,246847.0,246967.0,247087.0,247217.0,247312.0,247446.0,247576.0,247720.0,247860.0,248025.0,248121.0,248285.0,248422.0,248583.0,248729.0,248881.0,249022.0,249160.0,249334.0,249467.0,249611.0,249752.0,249900.0,249984.0,250121.0,250226.0,250378.0,250515.0,250657.0,250799.0,250918.0,251016.0,251120.0,251240.0,251372.0,251507.0,251632.0,251758.0,251873.0,252012.0,252152.0,252289.0,252427.0,252561.0,252726.0,252859.0,253004.0,253199.0,253402.0,253613.0,253764.0,253908.0,254048.0,254163.0,254331.0,254490.0,254636.0,254819.0,254961.0,255060.0,255221.0,255349.0,255507.0,255685.0,255847.0,255975.0,256080.0,256243.0,256429.0,256584.0,256737.0,256883.0,257020.0,257159.0,257309.0,257478.0,257657.0,257814.0,257979.0,258174.0,258321.0,258493.0,258724.0,258927.0,259132.0,259345.0,259532.0,259689.0,259867.0,260031.0,260200.0,260377.0,260556.0,260718.0,260853.0,261032.0,261229.0,261409.0,261599.0,261755.0,261981.0,262136.0,262303.0,262473.0,262654.0,262839.0,263029.0,263178.0,263319.0,263450.0,263603.0,263728.0,263876.0,,,,,,,,,265440.0,265598.0,265768.0,265959.0,266130.0,266296.0,266452.0,266544.0,266680.0,266809.0,266928.0,267039.0,267173.0,267321.0,267448.0,267547.0,267666.0,267793.0,267901.0,268047.0,268200.0,268315.0,268434.0,268583.0,268738.0,268867.0,269040.0,269189.0,269350.0,269476.0,269681.0,269828.0,269986.0,270135.0,270320.0,270495.0,270618.0,270779.0,270918.0,271100.0,271278.0,271460.0,271585.0,271747.0,271906.0,272076.0,272232.0,272368.0,272576.0,272720.0,272852.0,272986.0,273137.0,273309.0,273470.0,273638.0,273773.0,273919.0,274049.0,274226.0,274369.0,274513.0,274650.0,274777.0,274903.0,275063.0,275223.0,275376.0,275484.0,275664.0,275777.0,275919.0,276091.0,276260.0,276431.0,276577.0,276723.0,276859.0,276968.0,277094.0,277241.0,277370.0,277492.0,277647.0,277789.0,277927.0,278067.0,278291.0,278462.0,278684.0,278875.0,279028.0,279225.0,279396.0,279557.0,279724.0,279882.0,280072.0,280207.0,280346.0,280477.0,280627.0,280807.0,280984.0,281114.0,281238.0,281355.0,281480.0,281624.0,281796.0,281907.0,282058.0,282151.0,282230.0,282357.0,282457.0,282561.0,282674.0,282794.0,282909.0,283026.0,,283278.0,283428.0,283581.0,283696.0,283821.0,283925.0,284048.0,284211.0,284356.0,284485.0,284661.0,284809.0,284937.0,285074.0,285195.0,285331.0,285475.0,285677.0,285842.0,285968.0,286114.0,286325.0,286537.0,286760.0,286980.0,287226.0,287391.0,287646.0,287835.0,288022.0,288334.0,288555.0,288710.0,288845.0,289010.0,289190.0,289391.0,289600.0,289774.0,289926.0,290097.0,290308.0,290504.0,290668.0,290931.0,291161.0,291332.0,291470.0,291599.0,291786.0,292109.0,292361.0,292509.0,292674.0,292868.0,293054.0,293188.0,293355.0,293521.0,293739.0,294018.0,294194.0,294430.0,294692.0,294941.0,295167.0,295357.0,295497.0,295619.0,295765.0,295944.0,296131.0,296349.0,296584.0,296796.0,296999.0,297250.0,297482.0,297713.0,297966.0,298194.0,298410.0,298628.0,298904.0,299165.0,299432.0,299677.0,299910.0,300107.0,300281.0,300458.0,300681.0,300953.0,301218.0,301474.0,301687.0,301928.0,302133.0,302399.0,302648.0,302894.0,303178.0,303423.0,303706.0,303987.0,304265.0,304533.0,304929.0,305213.0,305441.0,305675.0,305829.0,306059.0,306275
SbFU0HS3hYM,20507.0,20509.0,20518.0,20524.0,20536.0,20543.0,20549.0,20553.0,20562.0,20567.0,20572.0,20578.0,20583.0,20589.0,20596.0,20600.0,20604.0,20614.0,20620.0,20623.0,20625.0,20627.0,20633.0,20636.0,20638.0,20644.0,20648.0,20651.0,20650.0,20654.0,20659.0,20664.0,20669.0,20673.0,20676.0,20681.0,20683.0,20684.0,20686.0,20687.0,20689.0,20693.0,20697.0,20700.0,20706.0,20711.0,20712.0,20721.0,20724.0,20726.0,20729.0,20732.0,20736.0,20742.0,20748.0,20752.0,20754.0,20757.0,20765.0,20767.0,20773.0,20777.0,20777.0,20779.0,20782.0,20786.0,20790.0,20794.0,20795.0,20802.0,20806.0,20808.0,20811.0,20813.0,20817.0,20819.0,20819.0,20822.0,20824.0,20825.0,20835.0,20839.0,20844.0,20848.0,20855.0,20859.0,20865.0,20867.0,20869.0,20869.0,20871.0,20875.0,20875.0,20879.0,20882.0,20887.0,20892.0,20894.0,20900.0,20904.0,20906.0,20916.0,20920.0,20922.0,20923.0,20929.0,20933.0,20937.0,20943.0,20946.0,20948.0,20951.0,20955.0,20959.0,20964.0,20965.0,20968.0,20971.0,20975.0,20977.0,20981.0,20983.0,20986.0,20991.0,20995.0,20997.0,21002.0,21003.0,21005.0,21006.0,21012.0,21015.0,21022.0,21025.0,,,,,,,,,21053.0,21057.0,21059.0,21061.0,21067.0,21074.0,21079.0,21087.0,21092.0,21101.0,21105.0,21106.0,21110.0,21113.0,21119.0,21124.0,21126.0,21126.0,21129.0,21131.0,21135.0,21137.0,21143.0,21143.0,21147.0,21147.0,21151.0,21152.0,21155.0,21156.0,21160.0,21163.0,21167.0,21169.0,21171.0,21171.0,21172.0,21182.0,21187.0,21195.0,21201.0,21206.0,21207.0,21209.0,21216.0,21219.0,21223.0,21230.0,21231.0,21232.0,21234.0,21238.0,21240.0,21241.0,21241.0,21242.0,21244.0,21247.0,21253.0,21262.0,21264.0,21269.0,21272.0,21276.0,21281.0,21285.0,21290.0,21294.0,21299.0,21303.0,21308.0,21318.0,21326.0,21329.0,21332.0,21336.0,21343.0,21353.0,21358.0,21364.0,21367.0,21370.0,21377.0,21378.0,21384.0,21387.0,21391.0,21395.0,21401.0,21405.0,21411.0,21420.0,21422.0,21428.0,21432.0,21440.0,21450.0,21464.0,21469.0,21473.0,21475.0,21477.0,21483.0,21487.0,21500.0,21506.0,21511.0,21515.0,21523.0,21531.0,21542.0,21548.0,21554.0,21556.0,21558.0,21563.0,21566.0,21570.0,21572.0,21572.0,21571.0,,21580.0,21583.0,21586.0,21587.0,21591.0,21600.0,21606.0,21613.0,21620.0,21625.0,21629.0,21631.0,21635.0,21636.0,21639.0,21645.0,21646.0,21653.0,21655.0,21665.0,21695.0,21708.0,21716.0,21725.0,21730.0,21745.0,21746.0,21750.0,21755.0,21760.0,21762.0,21767.0,21770.0,21772.0,21773.0,21775.0,21782.0,21782.0,21783.0,21785.0,21787.0,21795.0,21804.0,21809.0,21812.0,21815.0,21816.0,21822.0,21826.0,21832.0,21838.0,21842.0,21846.0,21848.0,21853.0,21859.0,21866.0,21867.0,21869.0,21871.0,21873.0,21877.0,21878.0,21883.0,21886.0,21887.0,21913.0,21918.0,21918.0,21919.0,21919.0,21921.0,21926.0,21930.0,21933.0,21937.0,21940.0,21941.0,21942.0,21943.0,21946.0,21946.0,21950.0,21954.0,21957.0,21964.0,21967.0,21969.0,21974.0,21982.0,21983.0,21985.0,21988.0,21991.0,21993.0,22003.0,22006.0,22013.0,22018.0,22023.0,22027.0,22035.0,22041.0,22050.0,22056.0,22055.0,22062.0,22066.0,22070.0,22072.0,22073.0,22074.0,22080.0,22082
ym0-JnCyz40,283969.0,284305.0,284621.0,284998.0,285417.0,286003.0,286574.0,288469.0,290205.0,291172.0,291890.0,292843.0,293556.0,294312.0,295118.0,295879.0,296550.0,297016.0,297532.0,298106.0,298732.0,299565.0,300535.0,301344.0,301869.0,302479.0,303093.0,303653.0,304206.0,304717.0,305124.0,305478.0,305846.0,306275.0,306765.0,307204.0,307670.0,308133.0,308527.0,308938.0,309449.0,310048.0,310513.0,310992.0,311648.0,312132.0,312817.0,313462.0,314057.0,314584.0,315105.0,315649.0,316179.0,316755.0,317341.0,317803.0,318243.0,318727.0,319068.0,319347.0,319818.0,320188.0,320692.0,321230.0,321780.0,322162.0,322482.0,323116.0,323697.0,324425.0,325058.0,325631.0,326176.0,326559.0,327097.0,327529.0,327914.0,328451.0,329199.0,329821.0,330283.0,330803.0,331344.0,331797.0,332299.0,332989.0,333555.0,334109.0,335115.0,336087.0,337374.0,338817.0,340287.0,341539.0,342641.0,344560.0,346183.0,347164.0,348158.0,349209.0,350302.0,351203.0,352142.0,353277.0,354796.0,357570.0,361476.0,364704.0,367939.0,372017.0,375963.0,379969.0,384235.0,387610.0,389825.0,392006.0,395024.0,398342.0,401115.0,403261.0,405392.0,407841.0,409762.0,412536.0,416289.0,419756.0,422567.0,426478.0,429481.0,431787.0,435390.0,438369.0,440944.0,444237.0,,,,,,,,,483414.0,487332.0,491483.0,495772.0,500210.0,503658.0,506603.0,509203.0,512015.0,514532.0,517122.0,519805.0,522702.0,525450.0,527800.0,529608.0,531806.0,533854.0,536572.0,539445.0,542547.0,545812.0,548454.0,551393.0,554484.0,557109.0,559823.0,562644.0,565069.0,567425.0,569963.0,572320.0,574793.0,577223.0,579793.0,581383.0,582784.0,584407.0,586403.0,588281.0,590441.0,592858.0,594870.0,596737.0,599200.0,601378.0,603464.0,606082.0,608600.0,610752.0,612616.0,614983.0,617180.0,619148.0,621070.0,623054.0,624530.0,625848.0,627313.0,628707.0,630154.0,631254.0,632647.0,633856.0,634928.0,636299.0,637645.0,638888.0,639657.0,640853.0,641835.0,642880.0,644204.0,645462.0,646834.0,648061.0,649211.0,650256.0,651174.0,652482.0,653780.0,655001.0,656054.0,657484.0,658275.0,659070.0,660194.0,661220.0,662719.0,663763.0,664628.0,665310.0,665897.0,666615.0,667295.0,668157.0,668945.0,669872.0,670569.0,671114.0,671831.0,672566.0,673299.0,673933.0,674507.0,675154.0,675607.0,676255.0,676771.0,677462.0,678136.0,678736.0,679184.0,679528.0,680043.0,680426.0,680861.0,681445.0,682079.0,682487.0,682808.0,,683835.0,684268.0,684758.0,685294.0,685608.0,685863.0,686187.0,686612.0,686983.0,687347.0,687788.0,688121.0,688436.0,688867.0,689234.0,689627.0,689904.0,690247.0,690566.0,690857.0,691149.0,691448.0,691816.0,692179.0,692483.0,692734.0,692982.0,693281.0,693620.0,693889.0,694169.0,694391.0,694632.0,694823.0,695034.0,695356.0,695661.0,695986.0,696270.0,696522.0,696731.0,697124.0,697485.0,697779.0,698138.0,698476.0,698989.0,699433.0,700008.0,700519.0,701034.0,701592.0,702069.0,702441.0,702783.0,703198.0,703581.0,704000.0,704397.0,704760.0,705140.0,705441.0,705835.0,706279.0,706771.0,707344.0,708167.0,708782.0,709386.0,710169.0,710920.0,711850.0,712633.0,713364.0,713985.0,714505.0,715211.0,715910.0,716605.0,717356.0,718202.0,718917.0,719566.0,720186.0,720804.0,721384.0,721903.0,722442.0,722836.0,723237.0,723669.0,724172.0,724729.0,725331.0,725871.0,726402.0,726840.0,727434.0,728023.0,728485.0,729170.0,729732.0,730268.0,730608.0,731090.0,731709.0,732235.0,732809.0,733241.0,733725.0,734111.0,734438.0,734781.0,735217
V0h5N3Kswps,19591837.0,19613976.0,19637326.0,19658955.0,19682844.0,19707238.0,19730385.0,19754457.0,19780369.0,19805259.0,19828719.0,19853302.0,19876492.0,19898420.0,19921805.0,19946683.0,19969522.0,19991078.0,20016244.0,20041223.0,20064447.0,20088842.0,20111846.0,20134051.0,20153738.0,20176512.0,20198475.0,20219443.0,20242196.0,20266197.0,20284483.0,20300471.0,20320273.0,20341103.0,20362099.0,20382155.0,20405553.0,20426376.0,20446630.0,20469499.0,20493492.0,20518335.0,20543735.0,20570969.0,20593033.0,20612346.0,20636715.0,20661406.0,20685342.0,20710637.0,20734402.0,20753730.0,20770130.0,20788847.0,20806955.0,20824204.0,20841157.0,20858182.0,20876200.0,20893788.0,20913825.0,20934310.0,20955304.0,20975309.0,20994643.0,21011852.0,21027197.0,21045999.0,21063098.0,21085378.0,21106155.0,21124571.0,21143392.0,21161623.0,21182261.0,21202709.0,21224378.0,21246012.0,21268763.0,21289859.0,21311117.0,21335778.0,21360138.0,21386532.0,21412348.0,21437877.0,21461912.0,21485435.0,21511584.0,21537172.0,21564312.0,21590132.0,21615822.0,21641438.0,21665950.0,21694286.0,21721660.0,21745607.0,21771763.0,21798462.0,21825020.0,21846577.0,21871733.0,21896062.0,21920670.0,21945975.0,21971885.0,22007236.0,22041145.0,22078656.0,22114306.0,22148933.0,22180910.0,22213128.0,22239191.0,22262954.0,22292589.0,22321507.0,22350831.0,22385182.0,22417764.0,22446650.0,22472868.0,22497220.0,22519011.0,22541818.0,22563860.0,22589609.0,22612305.0,22633636.0,22660243.0,22689226.0,22718287.0,22747417.0,,,,,,,,,22998660.0,23025807.0,23054688.0,23081526.0,23110322.0,23141388.0,23168181.0,23196011.0,23229079.0,23263464.0,23296953.0,23328809.0,23358708.0,23386722.0,23411618.0,23433864.0,23461602.0,23491702.0,23523310.0,23553065.0,23581358.0,23607887.0,23633806.0,23663944.0,23689021.0,23716185.0,23742970.0,23770691.0,23796008.0,23818935.0,23846824.0,23875813.0,23903764.0,23929682.0,23954974.0,23976355.0,23996565.0,24019700.0,24041650.0,24064154.0,24085745.0,24106575.0,24125221.0,24141889.0,24163487.0,24185074.0,24206491.0,24227452.0,24248107.0,24267427.0,24284826.0,24304911.0,24325148.0,24345649.0,24367445.0,24389100.0,24408902.0,24426978.0,24449491.0,24472153.0,24493638.0,24509427.0,24531196.0,24552079.0,24571362.0,24594217.0,24616344.0,24637633.0,24654296.0,24673759.0,24692329.0,24709548.0,24728983.0,24749625.0,24769170.0,24789001.0,24810349.0,24830902.0,24848699.0,24870540.0,24892392.0,24911398.0,24932300.0,24957979.0,24980828.0,25001214.0,25025687.0,25049173.0,25071862.0,25094874.0,25119470.0,25139709.0,25158915.0,25185320.0,25212506.0,25240240.0,25265404.0,25287667.0,25306528.0,25322325.0,25342476.0,25362038.0,25380912.0,25400410.0,25419244.0,25435172.0,25449294.0,25467069.0,25487174.0,25507106.0,25527386.0,25548427.0,25566766.0,25583293.0,25599584.0,25619936.0,25639939.0,25664543.0,25689426.0,25711983.0,25733103.0,,25777134.0,25798884.0,25817779.0,25836178.0,25853802.0,25870368.0,25887785.0,25908333.0,25927408.0,25946373.0,25966467.0,25985378.0,26004007.0,26026067.0,26050145.0,26072997.0,26095079.0,26117849.0,26137694.0,26156479.0,26180352.0,26206531.0,26233487.0,26257317.0,26281973.0,26303914.0,26321374.0,26340409.0,26361432.0,26383574.0,26407055.0,26428600.0,26446452.0,26463018.0,26484847.0,26505451.0,26524683.0,26544641.0,26563582.0,26580800.0,26596307.0,26615027.0,26633976.0,26653969.0,26676498.0,26698116.0,26715250.0,26730526.0,26746645.0,26762451.0,26778763.0,26796832.0,26817163.0,26833495.0,26848884.0,26867536.0,26888325.0,26911838.0,26935871.0,26957192.0,26976379.0,26994496.0,27016945.0,27042705.0,27066068.0,27087600.0,27104209.0,27120089.0,27135619.0,27154056.0,27170765.0,27187872.0,27205789.0,27224547.0,27241655.0,27257392.0,27278175.0,27300516.0,27322986.0,27341806.0,27359746.0,27375893.0,27391274.0,27409112.0,27426376.0,27445845.0,27467564.0,27489790.0,27509465.0,27528693.0,27549873.0,27571005.0,27591402.0,27609761.0,27628325.0,27646322.0,27661926.0,27680478.0,27700127.0,27716962.0,27735144.0,27754025.0,27770151.0,27785797.0,27804627.0,27823664.0,27842355.0,27861442.0,27880112.0,27898556.0,27914966.0,27932833.0,27951236.0,27969241
jWYFI10cZfw,8520033.0,8534732.0,8550541.0,8565393.0,8582056.0,8597906.0,8613024.0,8629376.0,8646653.0,8661517.0,8676057.0,8692513.0,8707951.0,8724103.0,8740279.0,8756776.0,8772604.0,8788464.0,8807186.0,8825169.0,8843669.0,8862081.0,8881194.0,8895058.0,8908027.0,8924056.0,8941285.0,8956722.0,8970455.0,8984512.0,8997285.0,9009098.0,9021750.0,9033876.0,9045599.0,9057189.0,9070274.0,9081257.0,9091745.0,9106651.0,9121910.0,9135588.0,9149546.0,9164493.0,9177145.0,9188940.0,9202845.0,9215714.0,9228258.0,9241164.0,9252893.0,9265004.0,9276308.0,9289486.0,9301811.0,9312240.0,9322609.0,9333435.0,9344257.0,9354514.0,9367137.0,9379279.0,9391725.0,9403442.0,9415150.0,9427957.0,9440138.0,9455047.0,9468277.0,9485076.0,9499596.0,9512088.0,9523769.0,9537460.0,9553305.0,9568873.0,9585877.0,9604154.0,9620357.0,9635017.0,9648303.0,9663115.0,9678003.0,9693858.0,9708723.0,9723763.0,9737910.0,9751092.0,9765914.0,9781125.0,9797665.0,9815614.0,9834395.0,9850862.0,9866488.0,9884929.0,9902856.0,9919531.0,9935466.0,9952781.0,9969457.0,9986702.0,10006455.0,10023922.0,10041915.0,10062061.0,10081112.0,10103926.0,10127490.0,10154980.0,10180307.0,10202485.0,10224485.0,10247874.0,10269305.0,10289178.0,10310910.0,10332473.0,10353741.0,10384558.0,10411849.0,10438274.0,10462466.0,10481679.0,10497216.0,10513741.0,10530022.0,10548959.0,10567911.0,10585165.0,10606561.0,10626528.0,10646510.0,10666574.0,,,,,,,,,10858930.0,10878864.0,10900983.0,10921964.0,10942591.0,10962074.0,10978601.0,10995177.0,11011308.0,11028233.0,11044706.0,11059773.0,11076144.0,11092096.0,11106758.0,11119892.0,11135339.0,11150206.0,11167914.0,11191073.0,11215739.0,11240727.0,11263048.0,11288801.0,11310319.0,11332181.0,11356141.0,11379078.0,11399337.0,11417004.0,11437351.0,11458675.0,11478916.0,11498039.0,11516659.0,11532650.0,11546922.0,11564103.0,11581314.0,11598885.0,11615452.0,11631179.0,11646330.0,11660130.0,11678282.0,11696529.0,11714855.0,11733125.0,11750808.0,11766014.0,11780382.0,11798887.0,11817338.0,11835485.0,11854868.0,11873804.0,11891410.0,11907627.0,11927083.0,11946148.0,11964446.0,11977985.0,11994816.0,12010281.0,12025680.0,12045137.0,12063707.0,12082663.0,12097387.0,12115684.0,12131590.0,12147102.0,12166366.0,12184849.0,12202626.0,12221549.0,12240985.0,12258510.0,12273888.0,12293027.0,12311824.0,12328685.0,12349891.0,12375140.0,12395841.0,12414052.0,12436699.0,12459636.0,12483904.0,12504774.0,12525543.0,12544020.0,12560158.0,12579335.0,12598199.0,12617420.0,12635513.0,12654435.0,12671502.0,12686482.0,12705533.0,12724543.0,12743652.0,12764516.0,12784220.0,12800694.0,12814774.0,12834180.0,12853605.0,12874834.0,12896292.0,12917787.0,12936074.0,12952649.0,12969077.0,12987737.0,13005967.0,13025978.0,13047022.0,13067031.0,13085481.0,,13132228.0,13155485.0,13177276.0,13197687.0,13219107.0,13238432.0,13256754.0,13281068.0,13304288.0,13327913.0,13353214.0,13375498.0,13394944.0,13418223.0,13443853.0,13470665.0,13497650.0,13525272.0,13552038.0,13574036.0,13601410.0,13630847.0,13658467.0,13685454.0,13711976.0,13736686.0,13758549.0,13783491.0,13810190.0,13839649.0,13872149.0,13896946.0,13918881.0,13937295.0,13961242.0,13986122.0,14010656.0,14036820.0,14060896.0,14083768.0,14105071.0,14129231.0,14150460.0,14173635.0,14197712.0,14220432.0,14235721.0,14248706.0,14262736.0,14275358.0,14288204.0,14303045.0,14318796.0,14332998.0,14346725.0,14362026.0,14377728.0,14394434.0,14414271.0,14433444.0,14451175.0,14467411.0,14487023.0,14509094.0,14529480.0,14546878.0,14557332.0,14567460.0,14576774.0,14587648.0,14598334.0,14609741.0,14621426.0,14634779.0,14647944.0,14660002.0,14676820.0,14695759.0,14713944.0,14730375.0,14746733.0,14761291.0,14776087.0,14797008.0,14817088.0,14837130.0,14857593.0,14880002.0,14900735.0,14921153.0,14941647.0,14962007.0,14980800.0,14997956.0,15014840.0,15031423.0,15049616.0,15075125.0,15102517.0,15130381.0,15170370.0,15221277.0,15265341.0,15306122.0,15359615.0,15415863.0,15475000.0,15535792.0,15598317.0,15657427.0,15709550.0,15772561.0,15834328.0,15898609
uA4mwgffO9k,1151.0,1154.0,1154.0,1161.0,1177.0,1180.0,1184.0,1187.0,1192.0,1195.0,1198.0,1201.0,1201.0,1202.0,1206.0,1210.0,1211.0,1215.0,1216.0,1218.0,1220.0,1221.0,1223.0,1223.0,1224.0,1227.0,1229.0,1232.0,1233.0,1233.0,1235.0,1235.0,1235.0,1238.0,1239.0,1241.0,1244.0,1244.0,1246.0,1247.0,1248.0,1250.0,1253.0,1255.0,1256.0,1257.0,1257.0,1258.0,1260.0,1260.0,1261.0,1262.0,1263.0,1264.0,1265.0,1266.0,1266.0,1267.0,1267.0,1267.0,1271.0,1272.0,1275.0,1275.0,1278.0,1279.0,1280.0,1283.0,1284.0,1284.0,1292.0,1293.0,1295.0,1296.0,1298.0,1298.0,1300.0,1302.0,1305.0,1313.0,1317.0,1328.0,1340.0,1355.0,1364.0,1367.0,1371.0,1375.0,1377.0,1380.0,1384.0,1389.0,1397.0,1399.0,1399.0,1403.0,1407.0,1412.0,1418.0,1422.0,1428.0,1435.0,1444.0,1446.0,1454.0,1466.0,1471.0,1486.0,1492.0,1502.0,1507.0,1512.0,1521.0,1531.0,1553.0,1565.0,1571.0,1584.0,1591.0,1601.0,1607.0,1619.0,1625.0,1635.0,1637.0,1639.0,1644.0,1655.0,1661.0,1663.0,1668.0,1673.0,1681.0,1686.0,,,,,,,,,1770.0,1773.0,1778.0,1784.0,1796.0,1804.0,1812.0,1824.0,1829.0,1839.0,1843.0,1854.0,1865.0,1877.0,1888.0,1895.0,1908.0,1923.0,1943.0,1951.0,1957.0,1966.0,1972.0,1981.0,1989.0,1990.0,1997.0,2004.0,2008.0,2015.0,2022.0,2037.0,2047.0,2066.0,2077.0,2079.0,2089.0,2100.0,2107.0,2122.0,2135.0,2150.0,2156.0,2167.0,2176.0,2185.0,2194.0,2203.0,2207.0,2211.0,2217.0,2223.0,2227.0,2227.0,2229.0,2235.0,2241.0,2242.0,2246.0,2248.0,2252.0,2257.0,2264.0,2268.0,2271.0,2277.0,2282.0,2285.0,2292.0,2300.0,2305.0,2314.0,2321.0,2324.0,2328.0,2332.0,2336.0,2340.0,2342.0,2344.0,2346.0,2349.0,2352.0,2359.0,2361.0,2363.0,2368.0,2371.0,2376.0,2380.0,2385.0,2392.0,2398.0,2406.0,2414.0,2422.0,2445.0,2450.0,2458.0,2462.0,2470.0,2481.0,2492.0,2498.0,2504.0,2512.0,2517.0,2522.0,2530.0,2535.0,2540.0,2547.0,2553.0,2559.0,2561.0,2564.0,2568.0,2571.0,2575.0,2578.0,2580.0,,2599.0,2605.0,2613.0,2615.0,2617.0,2621.0,2622.0,2624.0,2626.0,2632.0,2632.0,2633.0,2634.0,2635.0,2635.0,2638.0,2638.0,2639.0,2642.0,2645.0,2646.0,2646.0,2650.0,2651.0,2652.0,2653.0,2657.0,2657.0,2659.0,2667.0,2674.0,2681.0,2683.0,2692.0,2699.0,2703.0,2707.0,2709.0,2714.0,2717.0,2719.0,2725.0,2731.0,2737.0,2745.0,2752.0,2756.0,2765.0,2783.0,2791.0,2792.0,2794.0,2794.0,2798.0,2800.0,2807.0,2808.0,2815.0,2816.0,2821.0,2824.0,2827.0,2829.0,2835.0,2837.0,2841.0,2850.0,2854.0,2859.0,2865.0,2865.0,2870.0,2874.0,2879.0,2883.0,2885.0,2896.0,2918.0,2932.0,2948.0,2957.0,2960.0,2964.0,2971.0,2976.0,2983.0,2988.0,2992.0,2996.0,2996.0,2998.0,3003.0,3008.0,3013.0,3020.0,3027.0,3029.0,3036.0,3039.0,3048.0,3054.0,3058.0,3062.0,3067.0,3073.0,3076.0,3081.0,3085.0,3089.0,3092.0,3096.0,3104.0,3110.0,3114
qf5nKTI39LE,2577.0,2581.0,2586.0,2591.0,2591.0,2597.0,2601.0,2603.0,2607.0,2608.0,2608.0,2613.0,2618.0,2620.0,2621.0,2623.0,2628.0,2629.0,2632.0,2636.0,2639.0,2644.0,2648.0,2650.0,2650.0,2650.0,2653.0,2656.0,2660.0,2664.0,2670.0,2672.0,2674.0,2675.0,2678.0,2681.0,2684.0,2686.0,2688.0,2691.0,2699.0,2702.0,2704.0,2707.0,2709.0,2710.0,2711.0,2715.0,2717.0,2718.0,2720.0,2723.0,2726.0,2730.0,2734.0,2734.0,2734.0,2740.0,2742.0,2743.0,2745.0,2749.0,2753.0,2755.0,2758.0,2760.0,2763.0,2765.0,2769.0,2771.0,2773.0,2774.0,2775.0,2778.0,2779.0,2785.0,2787.0,2788.0,2794.0,2795.0,2798.0,2801.0,2806.0,2809.0,2811.0,2814.0,2819.0,2820.0,2824.0,2826.0,2832.0,2835.0,2839.0,2841.0,2842.0,2847.0,2851.0,2856.0,2858.0,2860.0,2864.0,2867.0,2872.0,2875.0,2877.0,2879.0,2886.0,2895.0,2897.0,2905.0,2909.0,2915.0,2916.0,2918.0,2922.0,2925.0,2929.0,2933.0,2935.0,2937.0,2939.0,2943.0,2948.0,2952.0,2953.0,2956.0,2962.0,2963.0,2963.0,2964.0,2968.0,2971.0,2974.0,2977.0,,,,,,,,,2998.0,2999.0,3002.0,3003.0,3004.0,3007.0,3008.0,3010.0,3012.0,3014.0,3013.0,3014.0,3017.0,3019.0,3022.0,3025.0,3026.0,3028.0,3031.0,3032.0,3032.0,3032.0,3033.0,3037.0,3039.0,3040.0,3040.0,3042.0,3043.0,3045.0,3049.0,3051.0,3052.0,3056.0,3060.0,3064.0,3066.0,3068.0,3072.0,3076.0,3080.0,3082.0,3086.0,3088.0,3089.0,3094.0,3098.0,3101.0,3103.0,3105.0,3105.0,3105.0,3113.0,3112.0,3117.0,3120.0,3121.0,3127.0,3131.0,3132.0,3137.0,3140.0,3145.0,3148.0,3152.0,3155.0,3157.0,3160.0,3163.0,3168.0,3172.0,3177.0,3181.0,3184.0,3187.0,3190.0,3196.0,3206.0,3208.0,3210.0,3210.0,3213.0,3217.0,3225.0,3228.0,3233.0,3240.0,3243.0,3247.0,3247.0,3247.0,3254.0,3258.0,3259.0,3260.0,3266.0,3268.0,3271.0,3272.0,3273.0,3274.0,3279.0,3282.0,3287.0,3292.0,3295.0,3298.0,3299.0,3301.0,3302.0,3308.0,3309.0,3314.0,3314.0,3316.0,3321.0,3321.0,3326.0,3329.0,3330.0,3331.0,,3336.0,3339.0,3344.0,3348.0,3350.0,3354.0,3356.0,3360.0,3364.0,3367.0,3368.0,3373.0,3375.0,3377.0,3381.0,3383.0,3384.0,3387.0,3394.0,3399.0,3400.0,3401.0,3403.0,3404.0,3405.0,3406.0,3408.0,3410.0,3413.0,3414.0,3416.0,3423.0,3424.0,3424.0,3429.0,3434.0,3442.0,3444.0,3451.0,3456.0,3457.0,3461.0,3465.0,3470.0,3480.0,3485.0,3490.0,3492.0,3497.0,3501.0,3506.0,3511.0,3516.0,3522.0,3522.0,3525.0,3526.0,3527.0,3529.0,3530.0,3531.0,3532.0,3532.0,3537.0,3546.0,3551.0,3555.0,3557.0,3561.0,3561.0,3562.0,3567.0,3568.0,3571.0,3571.0,3572.0,3573.0,3573.0,3575.0,3579.0,3582.0,3582.0,3589.0,3590.0,3594.0,3595.0,3596.0,3597.0,3597.0,3598.0,3600.0,3600.0,3603.0,3603.0,3605.0,3609.0,3610.0,3611.0,3613.0,3617.0,3620.0,3622.0,3623.0,3624.0,3626.0,3629.0,3632.0,3636.0,3638.0,3641.0,3641.0,3644.0,3644.0,3646
i9AcBnW2JCY,322.0,322.0,322.0,322.0,322.0,322.0,322.0,322.0,322.0,322.0,322.0,322.0,323.0,323.0,323.0,323.0,323.0,323.0,323.0,323.0,323.0,323.0,323.0,323.0,323.0,323.0,323.0,323.0,323.0,323.0,323.0,323.0,323.0,323.0,323.0,323.0,325.0,325.0,325.0,326.0,327.0,327.0,327.0,327.0,327.0,327.0,327.0,327.0,327.0,327.0,327.0,327.0,327.0,327.0,327.0,327.0,328.0,328.0,328.0,328.0,328.0,328.0,328.0,328.0,328.0,328.0,328.0,329.0,329.0,329.0,330.0,330.0,330.0,330.0,330.0,331.0,333.0,333.0,333.0,334.0,334.0,334.0,334.0,334.0,335.0,335.0,335.0,336.0,336.0,337.0,337.0,337.0,337.0,337.0,337.0,338.0,338.0,338.0,339.0,339.0,339.0,339.0,339.0,339.0,340.0,340.0,340.0,340.0,340.0,341.0,341.0,341.0,341.0,341.0,341.0,341.0,341.0,341.0,342.0,344.0,344.0,344.0,344.0,344.0,344.0,344.0,344.0,344.0,344.0,344.0,344.0,344.0,344.0,344.0,,,,,,,,,346.0,347.0,347.0,347.0,347.0,348.0,348.0,348.0,349.0,349.0,351.0,351.0,351.0,351.0,351.0,351.0,351.0,352.0,352.0,352.0,353.0,354.0,354.0,354.0,354.0,354.0,354.0,354.0,354.0,354.0,354.0,354.0,354.0,354.0,354.0,354.0,355.0,355.0,356.0,357.0,357.0,358.0,359.0,359.0,359.0,359.0,359.0,359.0,359.0,359.0,359.0,359.0,359.0,359.0,359.0,359.0,359.0,361.0,361.0,361.0,361.0,361.0,362.0,362.0,362.0,362.0,363.0,363.0,364.0,365.0,365.0,365.0,365.0,365.0,366.0,366.0,366.0,366.0,367.0,367.0,367.0,369.0,369.0,369.0,369.0,369.0,369.0,369.0,369.0,369.0,369.0,370.0,371.0,371.0,373.0,375.0,377.0,377.0,379.0,379.0,379.0,379.0,379.0,379.0,380.0,381.0,381.0,382.0,383.0,384.0,384.0,385.0,385.0,385.0,386.0,386.0,386.0,386.0,386.0,386.0,387.0,,387.0,387.0,387.0,387.0,387.0,387.0,387.0,387.0,388.0,389.0,389.0,389.0,389.0,389.0,389.0,390.0,391.0,391.0,391.0,391.0,392.0,392.0,392.0,393.0,395.0,397.0,398.0,398.0,399.0,399.0,399.0,401.0,401.0,401.0,401.0,403.0,403.0,404.0,405.0,405.0,405.0,406.0,406.0,407.0,408.0,408.0,408.0,408.0,410.0,410.0,411.0,413.0,416.0,416.0,416.0,418.0,418.0,419.0,420.0,420.0,421.0,423.0,424.0,426.0,426.0,426.0,427.0,428.0,429.0,430.0,430.0,430.0,431.0,431.0,431.0,432.0,432.0,434.0,435.0,439.0,440.0,443.0,447.0,450.0,460.0,460.0,462.0,470.0,477.0,478.0,485.0,486.0,491.0,496.0,502.0,506.0,510.0,519.0,519.0,519.0,524.0,528.0,533.0,536.0,540.0,545.0,554.0,560.0,565.0,567.0,571.0,576.0,582.0,582
_9Iw39l-UxU,2815.0,2817.0,2821.0,2826.0,2832.0,2839.0,2843.0,2846.0,2856.0,2861.0,2864.0,2870.0,2872.0,2874.0,2876.0,2879.0,2879.0,2880.0,2886.0,2889.0,2902.0,2906.0,2909.0,2911.0,2913.0,2914.0,2917.0,2933.0,2941.0,2946.0,2950.0,2959.0,2974.0,2978.0,2979.0,2988.0,2994.0,2998.0,3004.0,3012.0,3018.0,3022.0,3025.0,3029.0,3034.0,3036.0,3044.0,3050.0,3054.0,3067.0,3075.0,3082.0,3086.0,3090.0,3099.0,3101.0,3105.0,3111.0,3120.0,3121.0,3125.0,3130.0,3135.0,3142.0,3142.0,3147.0,3156.0,3157.0,3161.0,3165.0,3169.0,3172.0,3176.0,3180.0,3184.0,3187.0,3196.0,3205.0,3212.0,3216.0,3220.0,3226.0,3233.0,3242.0,3246.0,3247.0,3251.0,3252.0,3257.0,3261.0,3267.0,3277.0,3285.0,3295.0,3303.0,3310.0,3318.0,3328.0,3332.0,3339.0,3345.0,3349.0,3356.0,3358.0,3367.0,3369.0,3380.0,3385.0,3397.0,3402.0,3405.0,3414.0,3419.0,3425.0,3431.0,3435.0,3443.0,3450.0,3452.0,3455.0,3458.0,3461.0,3462.0,3464.0,3468.0,3476.0,3483.0,3486.0,3488.0,3494.0,3499.0,3503.0,3508.0,3514.0,,,,,,,,,3542.0,3546.0,3558.0,3573.0,3582.0,3587.0,3597.0,3602.0,3608.0,3608.0,3611.0,3616.0,3618.0,3620.0,3626.0,3631.0,3634.0,3637.0,3638.0,3641.0,3644.0,3646.0,3648.0,3648.0,3650.0,3653.0,3655.0,3658.0,3665.0,3667.0,3668.0,3671.0,3674.0,3682.0,3690.0,3692.0,3695.0,3699.0,3705.0,3705.0,3711.0,3712.0,3718.0,3723.0,3729.0,3735.0,3740.0,3740.0,3744.0,3748.0,3753.0,3756.0,3759.0,3768.0,3769.0,3772.0,3774.0,3778.0,3784.0,3789.0,3797.0,3800.0,3808.0,3828.0,3839.0,3846.0,3860.0,3865.0,3868.0,3871.0,3876.0,3879.0,3881.0,3887.0,3891.0,3899.0,3906.0,3911.0,3914.0,3917.0,3917.0,3921.0,3922.0,3931.0,3937.0,3941.0,3943.0,3945.0,3948.0,3949.0,3950.0,3953.0,3961.0,3965.0,3971.0,3974.0,3979.0,3980.0,3982.0,3984.0,3984.0,3986.0,3988.0,3989.0,3991.0,3993.0,3997.0,3997.0,3999.0,4002.0,4003.0,4005.0,4008.0,4011.0,4014.0,4017.0,4025.0,4030.0,4036.0,4038.0,4040.0,,4047.0,4052.0,4058.0,4060.0,4063.0,4064.0,4071.0,4074.0,4075.0,4078.0,4084.0,4087.0,4089.0,4091.0,4093.0,4097.0,4097.0,4099.0,4100.0,4106.0,4111.0,4116.0,4122.0,4128.0,4134.0,4138.0,4145.0,4146.0,4146.0,4152.0,4155.0,4155.0,4160.0,4161.0,4162.0,4169.0,4177.0,4179.0,4182.0,4183.0,4185.0,4191.0,4195.0,4198.0,4207.0,4212.0,4214.0,4217.0,4222.0,4229.0,4232.0,4236.0,4242.0,4245.0,4250.0,4254.0,4260.0,4264.0,4268.0,4273.0,4275.0,4278.0,4279.0,4285.0,4288.0,4289.0,4295.0,4298.0,4300.0,4305.0,4307.0,4314.0,4321.0,4324.0,4333.0,4334.0,4338.0,4341.0,4341.0,4346.0,4347.0,4348.0,4349.0,4350.0,4353.0,4355.0,4357.0,4360.0,4367.0,4369.0,4372.0,4378.0,4382.0,4384.0,4386.0,4388.0,4390.0,4394.0,4397.0,4402.0,4405.0,4406.0,4408.0,4412.0,4414.0,4416.0,4419.0,4423.0,4428.0,4432.0,4438.0,4443.0,4447.0,4452
dF9_PfNVwbI,8609.0,8612.0,8622.0,8639.0,8655.0,8668.0,8675.0,8684.0,8692.0,8700.0,8710.0,8718.0,8723.0,8727.0,8733.0,8743.0,8754.0,8761.0,8775.0,8786.0,8793.0,8802.0,8814.0,8822.0,8826.0,8837.0,8843.0,8847.0,8855.0,8861.0,8871.0,8878.0,8881.0,8888.0,8892.0,8897.0,8901.0,8910.0,8919.0,8928.0,8936.0,8939.0,8946.0,8953.0,8957.0,8964.0,8973.0,8976.0,8981.0,8987.0,8990.0,8996.0,8998.0,9009.0,9022.0,9032.0,9048.0,9058.0,9064.0,9066.0,9072.0,9084.0,9094.0,9103.0,9116.0,9125.0,9138.0,9149.0,9154.0,9169.0,9177.0,9197.0,9207.0,9220.0,9233.0,9244.0,9258.0,9266.0,9279.0,9282.0,9287.0,9296.0,9308.0,9319.0,9329.0,9344.0,9351.0,9358.0,9370.0,9378.0,9387.0,9399.0,9410.0,9424.0,9435.0,9442.0,9451.0,9462.0,9472.0,9479.0,9491.0,9505.0,9511.0,9521.0,9530.0,9537.0,9551.0,9559.0,9571.0,9585.0,9603.0,9617.0,9627.0,9647.0,9658.0,9665.0,9673.0,9680.0,9688.0,9704.0,9708.0,9712.0,9715.0,9719.0,9721.0,9727.0,9735.0,9742.0,9751.0,9756.0,9764.0,9773.0,9779.0,9785.0,,,,,,,,,9837.0,9840.0,9846.0,9855.0,9858.0,9864.0,9868.0,9875.0,9879.0,9887.0,9891.0,9896.0,9898.0,9903.0,9903.0,9910.0,9913.0,9916.0,9922.0,9927.0,9933.0,9937.0,9941.0,9944.0,9949.0,9949.0,9953.0,9957.0,9961.0,9966.0,9967.0,9969.0,9973.0,9977.0,9983.0,9992.0,9998.0,10002.0,10008.0,10015.0,10022.0,10026.0,10032.0,10040.0,10044.0,10056.0,10063.0,10069.0,10077.0,10093.0,10099.0,10101.0,10106.0,10108.0,10115.0,10120.0,10123.0,10131.0,10136.0,10138.0,10140.0,10146.0,10151.0,10157.0,10160.0,10163.0,10168.0,10177.0,10181.0,10189.0,10193.0,10196.0,10204.0,10216.0,10226.0,10230.0,10238.0,10247.0,10251.0,10259.0,10273.0,10287.0,10296.0,10312.0,10326.0,10337.0,10344.0,10353.0,10369.0,10376.0,10389.0,10398.0,10410.0,10420.0,10432.0,10444.0,10451.0,10457.0,10464.0,10467.0,10474.0,10492.0,10509.0,10519.0,10531.0,10539.0,10549.0,10561.0,10575.0,10583.0,10591.0,10606.0,10618.0,10622.0,10632.0,10639.0,10649.0,10662.0,10674.0,10680.0,10687.0,,10706.0,10721.0,10731.0,10745.0,10764.0,10774.0,10785.0,10792.0,10801.0,10811.0,10820.0,10834.0,10847.0,10852.0,10868.0,10879.0,10892.0,10905.0,10908.0,10921.0,10928.0,10936.0,10946.0,10955.0,10962.0,10974.0,10990.0,11003.0,11012.0,11027.0,11042.0,11065.0,11083.0,11089.0,11099.0,11107.0,11120.0,11132.0,11149.0,11160.0,11168.0,11176.0,11184.0,11201.0,11220.0,11234.0,11247.0,11257.0,11267.0,11276.0,11289.0,11295.0,11300.0,11312.0,11318.0,11326.0,11329.0,11335.0,11342.0,11347.0,11352.0,11360.0,11369.0,11377.0,11382.0,11398.0,11407.0,11417.0,11429.0,11434.0,11444.0,11448.0,11457.0,11467.0,11473.0,11484.0,11500.0,11510.0,11520.0,11533.0,11545.0,11549.0,11561.0,11566.0,11579.0,11593.0,11601.0,11613.0,11625.0,11630.0,11637.0,11646.0,11662.0,11669.0,11681.0,11687.0,11695.0,11701.0,11714.0,11720.0,11728.0,11739.0,11751.0,11766.0,11770.0,11780.0,11796.0,11810.0,11819.0,11830.0,11848.0,11859.0,11866.0,11876
KkN5ixPWC8w,30698.0,30718.0,30736.0,30754.0,30772.0,30791.0,30823.0,30854.0,30882.0,30908.0,30936.0,30964.0,30984.0,31010.0,31029.0,31060.0,31088.0,31106.0,31143.0,31160.0,31178.0,31197.0,31218.0,31238.0,31251.0,31268.0,31284.0,31299.0,31318.0,31330.0,31340.0,31356.0,31375.0,31390.0,31404.0,31418.0,31438.0,31457.0,31469.0,31486.0,31504.0,31516.0,31524.0,31540.0,31561.0,31574.0,31588.0,31602.0,31617.0,31627.0,31638.0,31648.0,31656.0,31669.0,31685.0,31699.0,31712.0,31723.0,31735.0,31740.0,31754.0,31761.0,31768.0,31779.0,31801.0,31816.0,31823.0,31838.0,31853.0,31864.0,31869.0,31879.0,31888.0,31901.0,31910.0,31922.0,31951.0,31970.0,31983.0,32004.0,32014.0,32027.0,32038.0,32055.0,32064.0,32076.0,32082.0,32086.0,32105.0,32119.0,32134.0,32139.0,32148.0,32153.0,32164.0,32167.0,32176.0,32192.0,32201.0,32207.0,32220.0,32232.0,32242.0,32248.0,32257.0,32262.0,32288.0,32309.0,32330.0,32338.0,32348.0,32360.0,32371.0,32387.0,32407.0,32420.0,32429.0,32439.0,32447.0,32461.0,32472.0,32484.0,32494.0,32501.0,32514.0,32529.0,32542.0,32558.0,32569.0,32583.0,32599.0,32610.0,32626.0,32647.0,,,,,,,,,32787.0,32800.0,32816.0,32825.0,32836.0,32853.0,32870.0,32879.0,32887.0,32893.0,32901.0,32914.0,32926.0,32938.0,32945.0,32952.0,32962.0,32968.0,32974.0,32981.0,32986.0,32996.0,33002.0,33008.0,33017.0,33022.0,33032.0,33041.0,33045.0,33048.0,33051.0,33055.0,33059.0,33070.0,33079.0,33084.0,33087.0,33091.0,33100.0,33107.0,33114.0,33123.0,33132.0,33138.0,33144.0,33154.0,33158.0,33170.0,33176.0,33185.0,33197.0,33205.0,33208.0,33217.0,33220.0,33230.0,33234.0,33242.0,33258.0,33269.0,33285.0,33292.0,33298.0,33303.0,33308.0,33318.0,33322.0,33329.0,33336.0,33341.0,33348.0,33354.0,33359.0,33364.0,33375.0,33381.0,33391.0,33396.0,33403.0,33409.0,33419.0,33428.0,33437.0,33447.0,33453.0,33473.0,33478.0,33485.0,33493.0,33501.0,33509.0,33516.0,33526.0,33530.0,33533.0,33549.0,33558.0,33570.0,33576.0,33580.0,33587.0,33592.0,33602.0,33613.0,33615.0,33624.0,33627.0,33631.0,33632.0,33644.0,33658.0,33685.0,33698.0,33706.0,33711.0,33726.0,33734.0,33749.0,33763.0,33773.0,33779.0,,33803.0,33808.0,33824.0,33832.0,33843.0,33850.0,33857.0,33872.0,33879.0,33894.0,33905.0,33927.0,33936.0,33945.0,33964.0,33983.0,33989.0,33995.0,34010.0,34018.0,34030.0,34042.0,34050.0,34058.0,34066.0,34075.0,34085.0,34095.0,34099.0,34109.0,34126.0,34137.0,34159.0,34169.0,34178.0,34191.0,34213.0,34226.0,34232.0,34244.0,34254.0,34261.0,34271.0,34284.0,34290.0,34306.0,34319.0,34332.0,34345.0,34356.0,34364.0,34369.0,34377.0,34382.0,34397.0,34405.0,34412.0,34416.0,34426.0,34432.0,34440.0,34447.0,34462.0,34474.0,34484.0,34497.0,34518.0,34529.0,34537.0,34544.0,34561.0,34580.0,34596.0,34606.0,34621.0,34636.0,34645.0,34660.0,34676.0,34692.0,34707.0,34714.0,34719.0,34734.0,34747.0,34756.0,34767.0,34776.0,34793.0,34798.0,34820.0,34847.0,34863.0,34902.0,34926.0,34949.0,34967.0,34986.0,35000.0,35013.0,35027.0,35038.0,35053.0,35063.0,35072.0,35085.0,35112.0,35141.0,35165.0,35186.0,35191.0,35211.0,35221.0,35236
yp3O8nU8HlI,1061381.0,1061706.0,1062080.0,1062386.0,1062701.0,1063208.0,1063575.0,1063981.0,1064317.0,1064617.0,1064870.0,1065176.0,1065513.0,1065868.0,1066309.0,1066690.0,1067074.0,1067358.0,1067716.0,1068164.0,1068540.0,1068997.0,1069495.0,1069883.0,1070282.0,1070657.0,1070751.0,1070747.0,1070747.0,1070747.0,1070749.0,1070749.0,1070749.0,1070749.0,1070750.0,1070750.0,1070750.0,1070751.0,1070751.0,1070751.0,1070752.0,1070752.0,1070752.0,1070752.0,1070752.0,1070752.0,1070752.0,1070752.0,1070752.0,1070752.0,1070752.0,1070752.0,1070752.0,1070752.0,1070752.0,1070752.0,1070752.0,1070752.0,1070752.0,1070752.0,1070752.0,1070752.0,1070752.0,1070752.0,1070752.0,1070752.0,1070752.0,1070752.0,1070752.0,1070752.0,1070752.0,1070752.0,1070752.0,1070752.0,1070752.0,1070752.0,1070752.0,1070752.0,1070752.0,1070752.0,1070752.0,1070752.0,1070752.0,1070752.0,1070752.0,1070752.0,1070752.0,1070752.0,1070752.0,1070752.0,1070752.0,1070752.0,1070752.0,1070752.0,1070752.0,1070752.0,1070752.0,1070752.0,1070752.0,1070752.0,1070752.0,1070752.0,1070752.0,1070752.0,1070752.0,1070752.0,1070752.0,1070752.0,1070752.0,1070752.0,1070752.0,1070752.0,1070752.0,1070752.0,1070752.0,1070752.0,1070752.0,1070752.0,1070752.0,1070752.0,1070752.0,1070752.0,1070752.0,1070752.0,1070752.0,1070752.0,1070752.0,1070752.0,1070752.0,1070752.0,1070752.0,1070752.0,1070752.0,1070752.0,,,,,,,,,1070752.0,1070752.0,1070752.0,1070752.0,1070752.0,1070752.0,1070752.0,1070752.0,1070752.0,1070752.0,1070752.0,1070752.0,1070752.0,1070752.0,1070752.0,1070752.0,1070752.0,1070752.0,1070752.0,1070752.0,1070752.0,1070752.0,1070752.0,1070752.0,1070752.0,1070752.0,1070752.0,1070752.0,1070752.0,1070752.0,1070752.0,1070752.0,1070752.0,1070752.0,1070752.0,1070752.0,1070752.0,1070752.0,1070752.0,1070752.0,1070752.0,1070752.0,1070752.0,1070752.0,1070752.0,1070752.0,1070752.0,1070752.0,1070752.0,1070752.0,1070752.0,1070752.0,1070752.0,1070752.0,1070752.0,1070752.0,1070752.0,1070752.0,1070752.0,1070752.0,1070752.0,1070752.0,1070752.0,1070752.0,1070752.0,1070752.0,1070752.0,1070752.0,1070752.0,1070752.0,1070752.0,1070752.0,1070752.0,1070752.0,1070752.0,1070752.0,1070752.0,1070752.0,1070752.0,1070752.0,1070752.0,1070752.0,1070752.0,1070752.0,1070752.0,1070752.0,1070752.0,1070752.0,1070752.0,1070752.0,1070752.0,1070752.0,1070752.0,1070752.0,1070752.0,1070752.0,1070752.0,1070752.0,1070752.0,1070752.0,1070752.0,1070752.0,1070752.0,1070752.0,1070752.0,1070752.0,1070752.0,1070752.0,1070752.0,1070752.0,1070752.0,1070752.0,1070752.0,1070752.0,1070752.0,1070752.0,1070752.0,1070752.0,1070752.0,1070752.0,1070752.0,,1070752.0,1070752.0,1070752.0,1070752.0,1070752.0,1070752.0,1070752.0,1070752.0,1070752.0,1070752.0,1070752.0,1070752.0,1070752.0,1070752.0,1070752.0,1070752.0,1070752.0,1070752.0,1070752.0,1070752.0,1070752.0,1070752.0,1070752.0,1070752.0,1070752.0,1070752.0,1070752.0,1070752.0,1070752.0,1070752.0,1070752.0,1070752.0,1070752.0,1070752.0,1070752.0,1070752.0,1070752.0,1070752.0,1070752.0,1070752.0,1070752.0,1070752.0,1070752.0,1070752.0,1070752.0,1070752.0,1070752.0,1070752.0,1070752.0,1070752.0,1070752.0,1070752.0,1070752.0,1070752.0,1070752.0,1070752.0,1070752.0,1070752.0,1070752.0,1070752.0,1070752.0,1070752.0,1070752.0,1070752.0,1070752.0,1070752.0,1070752.0,1070752.0,1070752.0,1070752.0,1070752.0,1070752.0,1070752.0,1070752.0,1070752.0,1070752.0,1070752.0,1070752.0,1070752.0,1070752.0,1070752.0,1070752.0,1070752.0,1070752.0,1070752.0,1070752.0,1070752.0,1070752.0,1070752.0,1070752.0,1070752.0,1070752.0,1070752.0,1070752.0,1070752.0,1070752.0,1070752.0,1070752.0,1070752.0,1070752.0,1070752.0,1070752.0,1070752.0,1070752.0,1070752.0,1070752.0,1070752.0,1070752.0,1070752.0,1070752.0,1070752.0,1070752.0,1070752.0,1070752
LMiRBb0_LzA,2632992.0,2634012.0,2634948.0,2635881.0,2636999.0,2638229.0,2639432.0,2640635.0,2641884.0,2642852.0,2643796.0,2644723.0,2645628.0,2646394.0,2647282.0,2648305.0,2649315.0,2650185.0,2651160.0,2652073.0,2653073.0,2653973.0,2654857.0,2655742.0,2656527.0,2657199.0,2658190.0,2658991.0,2659862.0,2660692.0,2661636.0,2662499.0,2663450.0,2664198.0,2665262.0,2666207.0,2667062.0,2668107.0,2668868.0,2669893.0,2670792.0,2671692.0,2672697.0,2673549.0,2674449.0,2675330.0,2676188.0,2677220.0,2678304.0,2679520.0,2680749.0,2681809.0,2682693.0,2683717.0,2684811.0,2686103.0,2687386.0,2688909.0,2690123.0,2691158.0,2692304.0,2693427.0,2694454.0,2695537.0,2696626.0,2697610.0,2698412.0,2699499.0,2700405.0,2701617.0,2702780.0,2704218.0,2705634.0,2707251.0,2708733.0,2710004.0,2711261.0,2712618.0,2714018.0,2715283.0,2716267.0,2717237.0,2718419.0,2719464.0,2720512.0,2721426.0,2722317.0,2723188.0,2724092.0,2725001.0,2725950.0,2726957.0,2727878.0,2728893.0,2729740.0,2730658.0,2731561.0,2732451.0,2733415.0,2734378.0,2735112.0,2735964.0,2736921.0,2737756.0,2738729.0,2739687.0,2740619.0,2741396.0,2742380.0,2743190.0,2744140.0,2745037.0,2745911.0,2746844.0,2747589.0,2748414.0,2749217.0,2750181.0,2751058.0,2751868.0,2752661.0,2753374.0,2754082.0,2754717.0,2755460.0,2756274.0,2756970.0,2757827.0,2758638.0,2759355.0,2760286.0,2761035.0,2761847.0,2762610.0,,,,,,,,,2770494.0,2771261.0,2772063.0,2772855.0,2773635.0,2774389.0,2775144.0,2775818.0,2776530.0,2777210.0,2777965.0,2778730.0,2779533.0,2780323.0,2781009.0,2781556.0,2782188.0,2782814.0,2783336.0,2783967.0,2784704.0,2785412.0,2786122.0,2786950.0,2787652.0,2788452.0,2789264.0,2790160.0,2791098.0,2791935.0,2792873.0,2793796.0,2794647.0,2795508.0,2796363.0,2797181.0,2797852.0,2798518.0,2799216.0,2800044.0,2800891.0,2801715.0,2802748.0,2803940.0,2805215.0,2806323.0,2807297.0,2808294.0,2809371.0,2810455.0,2811389.0,2812392.0,2813711.0,2814975.0,2816080.0,2817055.0,2817878.0,2818578.0,2819489.0,2820355.0,2821306.0,2822066.0,2822973.0,2823872.0,2824647.0,2825528.0,2826411.0,2827362.0,2828081.0,2829049.0,2829951.0,2830788.0,2831834.0,2832883.0,2833924.0,2835179.0,2836616.0,2837766.0,2838912.0,2840425.0,2841668.0,2842813.0,2844075.0,2845487.0,2846570.0,2847509.0,2848524.0,2849573.0,2850771.0,2851980.0,2853031.0,2853995.0,2854801.0,2855900.0,2856808.0,2857847.0,2858732.0,2859924.0,2860741.0,2861478.0,2862501.0,2863677.0,2864717.0,2865979.0,2867097.0,2868231.0,2869154.0,2870571.0,2871771.0,2873367.0,2875056.0,2876925.0,2878784.0,2879919.0,2880978.0,2882021.0,2882877.0,2884123.0,2885404.0,2886108.0,2886839.0,,2888421.0,2889397.0,2890305.0,2891208.0,2892091.0,2892757.0,2893410.0,2894518.0,2895623.0,2896836.0,2897976.0,2898862.0,2899607.0,2900559.0,2901613.0,2902467.0,2903358.0,2904424.0,2905364.0,2906013.0,2907030.0,2908020.0,2909126.0,2910717.0,2912452.0,2913874.0,2915010.0,2916325.0,2917608.0,2918856.0,2920120.0,2921218.0,2922221.0,2922882.0,2924161.0,2925675.0,2927212.0,2929060.0,2931326.0,2933091.0,2934421.0,2935812.0,2936959.0,2938368.0,2939842.0,2941396.0,2942792.0,2943920.0,2946316.0,2948792.0,2951388.0,2954430.0,2956818.0,2958941.0,2960540.0,2962093.0,2963945.0,2965762.0,2967265.0,2969326.0,2970824.0,2972149.0,2973744.0,2975372.0,2977047.0,2979097.0,2980802.0,2982223.0,2983546.0,2985299.0,2987003.0,2988807.0,2990630.0,2992765.0,2994652.0,2996330.0,2998767.0,3001249.0,3004070.0,3007030.0,3009874.0,3012937.0,3015530.0,3018084.0,3021717.0,3025090.0,3028106.0,3031338.0,3033583.0,3035311.0,3037226.0,3039240.0,3041442.0,3043755.0,3046157.0,3048009.0,3049431.0,3051240.0,3053448.0,3055098.0,3057096.0,3059137.0,3060998.0,3062531.0,3064691.0,3067307.0,3070260.0,3074042.0,3076855.0,3079532.0,3081515.0,3083837.0,3086280.0,3088499
ZBl48MK17cI,17521025.0,17521519.0,17522070.0,17522665.0,17523242.0,17523880.0,17524450.0,17525065.0,17525739.0,17526444.0,17527200.0,17527816.0,17528490.0,17529108.0,17529818.0,17530433.0,17531043.0,17531615.0,17532238.0,17532870.0,17533397.0,17533918.0,17534453.0,17535019.0,17535614.0,17536163.0,17536860.0,17537450.0,17538062.0,17538648.0,17539233.0,17539798.0,17540317.0,17540832.0,17541372.0,17541921.0,17542485.0,17543069.0,17543608.0,17544176.0,17544720.0,17545250.0,17545789.0,17546315.0,17546837.0,17547419.0,17547821.0,17548367.0,17548903.0,17549393.0,17549904.0,17550431.0,17550949.0,17551434.0,17551939.0,17552456.0,17552909.0,17553411.0,17553956.0,17554394.0,17554938.0,17555450.0,17555969.0,17556521.0,17557043.0,17557534.0,17558069.0,17558551.0,17559071.0,17559677.0,17560236.0,17560762.0,17561238.0,17561719.0,17562200.0,17562689.0,17563153.0,17563658.0,17564252.0,17564790.0,17565285.0,17565782.0,17566274.0,17566740.0,17567247.0,17567730.0,17568186.0,17568670.0,17569195.0,17569786.0,17570352.0,17570902.0,17571678.0,17572331.0,17573019.0,17573584.0,17574236.0,17574704.0,17575364.0,17575911.0,17576505.0,17577023.0,17577511.0,17577996.0,17578488.0,17579026.0,17579506.0,17579962.0,17580431.0,17580957.0,17581449.0,17581939.0,17582428.0,17582871.0,17583370.0,17583819.0,17584357.0,17584852.0,17585425.0,17585921.0,17586357.0,17586781.0,17587182.0,17587558.0,17588003.0,17588339.0,17588751.0,17589161.0,17589560.0,17589942.0,17590299.0,17590664.0,17591050.0,17591353.0,,,,,,,,,17594867.0,17595267.0,17595650.0,17596061.0,17596451.0,17596839.0,17597247.0,17597623.0,17598028.0,17598493.0,17598893.0,17599277.0,17599634.0,17600004.0,17600400.0,17600764.0,17601142.0,17601451.0,17601825.0,17602179.0,17602534.0,17602909.0,17603289.0,17603654.0,17604121.0,17604529.0,17604958.0,17605393.0,17605797.0,17606217.0,17606677.0,17607169.0,17607688.0,17608138.0,17608561.0,17608991.0,17609492.0,17609965.0,17610492.0,17610951.0,17611417.0,17611884.0,17612355.0,17612798.0,17613231.0,17613695.0,17614149.0,17614608.0,17615062.0,17615536.0,17616008.0,17616508.0,17616933.0,17617353.0,17617731.0,17618191.0,17618572.0,17618981.0,17619385.0,17619781.0,17620173.0,17620527.0,17620871.0,17621247.0,17621627.0,17622020.0,17622457.0,17622936.0,17623336.0,17623749.0,17624177.0,17624651.0,17625134.0,17625699.0,17626387.0,17627268.0,17628048.0,17628876.0,17629663.0,17630426.0,17631275.0,17632028.0,17632954.0,17633792.0,17634609.0,17635312.0,17635960.0,17636823.0,17637534.0,17638209.0,17638853.0,17639522.0,17640160.0,17640837.0,17641683.0,17642503.0,17643322.0,17644004.0,17644604.0,17645210.0,17645789.0,17646430.0,17647118.0,17647819.0,17648471.0,17649117.0,17649775.0,17650385.0,17650989.0,17651517.0,17652069.0,17652604.0,17653063.0,17653519.0,17654045.0,17654440.0,17654913.0,17655359.0,17655947.0,17656383.0,17656773.0,,17657622.0,17658041.0,17658602.0,17659097.0,17659647.0,17660182.0,17660691.0,17661235.0,17661722.0,17662235.0,17662809.0,17663348.0,17663916.0,17664430.0,17664969.0,17665476.0,17666041.0,17666613.0,17667218.0,17667728.0,17668261.0,17668772.0,17669270.0,17669720.0,17670128.0,17670548.0,17670862.0,17671315.0,17671714.0,17672131.0,17672556.0,17672965.0,17673362.0,17673718.0,17674192.0,17674562.0,17674994.0,17675362.0,17675810.0,17676206.0,17676650.0,17677008.0,17677451.0,17677801.0,17678183.0,17678590.0,17678988.0,17679416.0,17679790.0,17680190.0,17680528.0,17680890.0,17681251.0,17681651.0,17682021.0,17682427.0,17682827.0,17683183.0,17683552.0,17683860.0,17684254.0,17684574.0,17684895.0,17685234.0,17685592.0,17685903.0,17686254.0,17686616.0,17686980.0,17687385.0,17687726.0,17688082.0,17688470.0,17688856.0,17689240.0,17689644.0,17690056.0,17690411.0,17690847.0,17691238.0,17691620.0,17691996.0,17692347.0,17692721.0,17693114.0,17693454.0,17693840.0,17694197.0,17694555.0,17694892.0,17695253.0,17695584.0,17695901.0,17696254.0,17696589.0,17696936.0,17697263.0,17697653.0,17697955.0,17698314.0,17698639.0,17698931.0,17699261.0,17699623.0,17699908.0,17700236.0,17700609.0,17700934.0,17701243.0,17701588.0,17701925.0,17702311.0,17702592.0,17702899
cmCP6hKGkaY,509943.0,510063.0,510183.0,510286.0,510423.0,510559.0,510717.0,510828.0,510935.0,511039.0,511134.0,511267.0,511371.0,511482.0,511581.0,511700.0,511812.0,511916.0,512058.0,512195.0,512305.0,512447.0,512558.0,512667.0,512784.0,512920.0,513030.0,513138.0,513270.0,513390.0,513516.0,513622.0,513742.0,513892.0,514036.0,514155.0,514295.0,514419.0,514509.0,514621.0,514721.0,514850.0,514951.0,515092.0,515202.0,515313.0,515445.0,515602.0,515752.0,515924.0,516053.0,516198.0,516313.0,516452.0,516634.0,516809.0,517007.0,517188.0,517367.0,517475.0,517667.0,517840.0,517997.0,518174.0,518332.0,518478.0,518606.0,518770.0,518955.0,519169.0,519361.0,519533.0,519724.0,519929.0,520108.0,520343.0,520563.0,520782.0,521034.0,521300.0,521477.0,521684.0,521890.0,522123.0,522298.0,522487.0,522658.0,522825.0,522987.0,523158.0,523330.0,523509.0,523704.0,523899.0,524104.0,524322.0,524516.0,524716.0,525007.0,525308.0,525488.0,525698.0,525932.0,526164.0,526369.0,526591.0,526758.0,526930.0,527055.0,527207.0,527344.0,527509.0,527656.0,527840.0,527979.0,528092.0,528277.0,528443.0,528646.0,528845.0,528986.0,529124.0,529264.0,529407.0,529540.0,529668.0,529844.0,529996.0,530138.0,530282.0,530416.0,530571.0,530685.0,530834.0,,,,,,,,,532375.0,532561.0,532710.0,532913.0,533110.0,533300.0,533514.0,533685.0,533887.0,534110.0,534369.0,534585.0,534820.0,535070.0,535301.0,535489.0,535721.0,535914.0,536104.0,536327.0,536489.0,536681.0,536856.0,537049.0,537243.0,537444.0,537638.0,537827.0,537991.0,538132.0,538278.0,538461.0,538622.0,538757.0,538898.0,539037.0,539144.0,539276.0,539408.0,539544.0,539705.0,539886.0,540052.0,540223.0,540461.0,540614.0,540840.0,541046.0,541300.0,541491.0,541665.0,541850.0,542036.0,542232.0,542392.0,542554.0,542684.0,542793.0,542942.0,543145.0,543408.0,543599.0,543779.0,543998.0,544153.0,544339.0,544514.0,544786.0,544988.0,545188.0,545387.0,545527.0,545697.0,545956.0,546251.0,546521.0,546891.0,547180.0,547418.0,547663.0,547954.0,548220.0,548529.0,548874.0,549112.0,549366.0,549619.0,549850.0,550121.0,550400.0,550670.0,550919.0,551096.0,551266.0,551485.0,551693.0,551911.0,552123.0,552366.0,552548.0,552828.0,553076.0,553328.0,553570.0,553827.0,554044.0,554241.0,554477.0,554741.0,555024.0,555275.0,555586.0,555811.0,555998.0,556166.0,556350.0,556553.0,556785.0,556997.0,557135.0,557294.0,,557720.0,557886.0,558055.0,558263.0,558437.0,558611.0,558747.0,558943.0,559115.0,559273.0,559447.0,559607.0,559760.0,559925.0,560076.0,560280.0,560440.0,560639.0,560797.0,560902.0,561079.0,561246.0,561444.0,561634.0,561806.0,561968.0,562104.0,562261.0,562451.0,562607.0,562798.0,562934.0,563099.0,563224.0,563372.0,563550.0,563723.0,563939.0,564153.0,564321.0,564463.0,564636.0,564841.0,565031.0,565248.0,565477.0,565840.0,566151.0,566532.0,567195.0,568216.0,569795.0,572405.0,575511.0,577369.0,579597.0,581340.0,582545.0,583587.0,584433.0,585056.0,585508.0,586168.0,586799.0,587605.0,588406.0,589079.0,589635.0,590075.0,590587.0,591159.0,591941.0,592977.0,593956.0,594795.0,595675.0,597184.0,598934.0,601128.0,604142.0,606432.0,608007.0,609544.0,611155.0,612842.0,614473.0,615883.0,617243.0,618040.0,618763.0,619515.0,620434.0,621662.0,622841.0,623918.0,624659.0,625197.0,625876.0,626702.0,627328.0,628126.0,629014.0,629683.0,630286.0,631352.0,632326.0,633728.0,635241.0,636997.0,638423.0,639627.0,641060.0,642527.0,644129
Zqzl62koc4E,273856.0,274125.0,274355.0,274535.0,274822.0,275082.0,275318.0,275518.0,275720.0,275901.0,276078.0,276287.0,276457.0,276696.0,276903.0,277087.0,277233.0,277389.0,277548.0,277727.0,277913.0,278097.0,278303.0,278495.0,278616.0,278805.0,278928.0,279065.0,279250.0,279404.0,279579.0,279709.0,279846.0,279981.0,280120.0,280281.0,280425.0,280561.0,280681.0,280854.0,281017.0,281160.0,281354.0,281484.0,281609.0,281749.0,281930.0,282124.0,282351.0,282603.0,282824.0,283073.0,283250.0,283569.0,283957.0,284193.0,284510.0,286117.0,287395.0,289153.0,291245.0,293448.0,295655.0,298693.0,300934.0,302263.0,303999.0,308923.0,312843.0,316570.0,319332.0,321304.0,322792.0,324425.0,326437.0,328735.0,331034.0,333107.0,334605.0,335835.0,336899.0,338410.0,340991.0,343068.0,344605.0,346134.0,347356.0,348359.0,349871.0,351412.0,352760.0,354505.0,356364.0,358163.0,359466.0,361006.0,362594.0,366517.0,371932.0,376005.0,378948.0,381317.0,383773.0,385968.0,388039.0,390102.0,391947.0,393777.0,395041.0,396278.0,397494.0,398514.0,399518.0,400713.0,401903.0,402888.0,404210.0,405444.0,406810.0,407917.0,408988.0,409962.0,410695.0,411832.0,413294.0,414583.0,415401.0,416337.0,417465.0,418187.0,419146.0,420253.0,421438.0,422555.0,,,,,,,,,437153.0,438440.0,440406.0,442675.0,444628.0,446462.0,447920.0,449131.0,450446.0,451648.0,452963.0,454310.0,455541.0,457321.0,458678.0,459678.0,460869.0,461886.0,463009.0,464155.0,465716.0,466966.0,468047.0,469670.0,471938.0,473539.0,475107.0,476739.0,477961.0,479043.0,480452.0,481803.0,483185.0,484479.0,485910.0,486937.0,487988.0,489199.0,490733.0,492662.0,494782.0,496408.0,497818.0,498981.0,500667.0,502101.0,503582.0,505097.0,506549.0,507702.0,508694.0,510100.0,511417.0,513006.0,514410.0,515880.0,516803.0,517682.0,519115.0,520564.0,521785.0,522790.0,523966.0,524938.0,525823.0,526954.0,528215.0,529661.0,530650.0,531947.0,533035.0,534015.0,535452.0,537620.0,539611.0,541639.0,543790.0,545143.0,546438.0,548372.0,550572.0,552277.0,554047.0,556015.0,557383.0,558405.0,559757.0,561252.0,562794.0,564356.0,565641.0,566823.0,567619.0,568735.0,570007.0,571464.0,572800.0,574285.0,575320.0,576138.0,577460.0,579041.0,580458.0,581741.0,583237.0,584274.0,585078.0,586215.0,588375.0,589926.0,591414.0,592765.0,593571.0,594347.0,595054.0,595793.0,596546.0,597464.0,598459.0,599175.0,599716.0,,601575.0,602536.0,603545.0,604337.0,604990.0,605601.0,606144.0,606752.0,607498.0,608262.0,609156.0,609883.0,610462.0,611108.0,611777.0,612792.0,614611.0,616026.0,616936.0,617584.0,618483.0,619467.0,620472.0,621586.0,622549.0,623206.0,623837.0,624648.0,625475.0,626152.0,626995.0,627809.0,628348.0,628845.0,629437.0,630301.0,630994.0,631659.0,632663.0,633542.0,634241.0,634971.0,635821.0,636715.0,637584.0,638812.0,640678.0,642394.0,644738.0,646992.0,649167.0,651173.0,653082.0,654826.0,655957.0,657410.0,659235.0,660986.0,662487.0,664406.0,665741.0,666636.0,668362.0,671437.0,674382.0,676646.0,679222.0,681267.0,682802.0,685219.0,686986.0,689059.0,691140.0,693175.0,694883.0,696250.0,697991.0,699935.0,701917.0,703332.0,704845.0,706003.0,706784.0,707839.0,708961.0,710261.0,711600.0,713042.0,714075.0,714963.0,715857.0,716962.0,718232.0,719589.0,720891.0,722000.0,722968.0,724165.0,725469.0,726507.0,727759.0,729164.0,730362.0,731288.0,732454.0,733735.0,735194.0,736621.0,738064.0,739080.0,740065.0,741295.0,742786.0,744054
EZVfJhrfnwY,1363.0,1364.0,1365.0,1365.0,1366.0,1366.0,1366.0,1366.0,1367.0,1367.0,1369.0,1369.0,1370.0,1370.0,1370.0,1370.0,1371.0,1378.0,1383.0,1382.0,1382.0,1384.0,1384.0,1385.0,1385.0,1385.0,1385.0,1387.0,1388.0,1388.0,1388.0,1388.0,1389.0,1389.0,1390.0,1390.0,1390.0,1390.0,1391.0,1391.0,1394.0,1398.0,1400.0,1402.0,1402.0,1402.0,1403.0,1403.0,1403.0,1403.0,1403.0,1403.0,1403.0,1403.0,1403.0,1403.0,1405.0,1407.0,1408.0,1408.0,1408.0,1410.0,1410.0,1410.0,1410.0,1411.0,1412.0,1412.0,1412.0,1412.0,1411.0,1412.0,1411.0,1411.0,1411.0,1411.0,1411.0,1411.0,1411.0,1411.0,1411.0,1411.0,1411.0,1411.0,1414.0,1414.0,1414.0,1417.0,1418.0,1418.0,1418.0,1419.0,1419.0,1419.0,1419.0,1420.0,1420.0,1420.0,1420.0,1421.0,1421.0,1421.0,1421.0,1421.0,1421.0,1421.0,1422.0,1422.0,1424.0,1424.0,1426.0,1426.0,1426.0,1426.0,1429.0,1429.0,1429.0,1429.0,1429.0,1429.0,1429.0,1429.0,1429.0,1430.0,1430.0,1430.0,1430.0,1430.0,1430.0,1430.0,1430.0,1430.0,1430.0,1430.0,,,,,,,,,1432.0,1433.0,1434.0,1434.0,1434.0,1434.0,1434.0,1434.0,1434.0,1434.0,1434.0,1434.0,1434.0,1434.0,1434.0,1434.0,1434.0,1434.0,1434.0,1435.0,1435.0,1435.0,1436.0,1438.0,1438.0,1438.0,1438.0,1438.0,1438.0,1438.0,1438.0,1438.0,1438.0,1438.0,1438.0,1438.0,1438.0,1439.0,1439.0,1439.0,1439.0,1439.0,1439.0,1440.0,1440.0,1440.0,1440.0,1440.0,1440.0,1440.0,1440.0,1440.0,1441.0,1441.0,1442.0,1444.0,1444.0,1444.0,1445.0,1445.0,1446.0,1446.0,1446.0,1447.0,1447.0,1448.0,1448.0,1448.0,1448.0,1448.0,1448.0,1450.0,1450.0,1450.0,1450.0,1450.0,1450.0,1450.0,1450.0,1450.0,1450.0,1450.0,1450.0,1450.0,1450.0,1450.0,1450.0,1451.0,1451.0,1451.0,1452.0,1452.0,1453.0,1457.0,1459.0,1531.0,1667.0,1721.0,1760.0,1785.0,1809.0,1825.0,1840.0,1851.0,1868.0,1872.0,1877.0,1882.0,1896.0,1898.0,1900.0,1903.0,1905.0,1911.0,1915.0,1921.0,1923.0,1925.0,1927.0,1929.0,1931.0,,1939.0,1941.0,1941.0,1945.0,1945.0,1945.0,1947.0,1948.0,1949.0,1949.0,1955.0,1955.0,1958.0,1959.0,1959.0,1960.0,1960.0,1962.0,1965.0,1968.0,1972.0,1974.0,1975.0,1976.0,1976.0,1978.0,1978.0,1982.0,1982.0,1985.0,1987.0,1988.0,1990.0,1992.0,1993.0,1993.0,1993.0,1995.0,1997.0,1997.0,1998.0,2002.0,2003.0,2006.0,2008.0,2012.0,2013.0,2013.0,2014.0,2014.0,2016.0,2016.0,2017.0,2017.0,2018.0,2018.0,2018.0,2018.0,2019.0,2020.0,2021.0,2024.0,2026.0,2027.0,2027.0,2027.0,2029.0,2031.0,2032.0,2033.0,2037.0,2038.0,2038.0,2040.0,2041.0,2042.0,2044.0,2046.0,2047.0,2049.0,2049.0,2050.0,2050.0,2050.0,2050.0,2050.0,2050.0,2050.0,2052.0,2053.0,2053.0,2053.0,2054.0,2054.0,2054.0,2054.0,2054.0,2055.0,2055.0,2055.0,2057.0,2058.0,2059.0,2060.0,2062.0,2062.0,2065.0,2067.0,2067.0,2068.0,2070.0,2070.0,2070.0,2071
VmCGHuBRqos,5248.0,5248.0,5248.0,5248.0,5248.0,5248.0,5248.0,5249.0,5249.0,5249.0,5250.0,5251.0,5251.0,5251.0,5251.0,5251.0,5251.0,5251.0,5251.0,5251.0,5252.0,5253.0,5254.0,5254.0,5254.0,5254.0,5254.0,5255.0,5255.0,5255.0,5255.0,5255.0,5255.0,5255.0,5255.0,5255.0,5255.0,5255.0,5255.0,5255.0,5255.0,5257.0,5258.0,5259.0,5260.0,5261.0,5260.0,5260.0,5260.0,5260.0,5260.0,5260.0,5260.0,5260.0,5260.0,5260.0,5260.0,5260.0,5261.0,5261.0,5261.0,5261.0,5261.0,5262.0,5262.0,5262.0,5262.0,5262.0,5262.0,5263.0,5263.0,5263.0,5263.0,5263.0,5263.0,5263.0,5263.0,5263.0,5263.0,5263.0,5263.0,5263.0,5263.0,5263.0,5263.0,5263.0,5263.0,5263.0,5263.0,5263.0,5263.0,5263.0,5263.0,5263.0,5264.0,5264.0,5264.0,5265.0,5265.0,5266.0,5266.0,5266.0,5266.0,5266.0,5267.0,5267.0,5267.0,5267.0,5267.0,5267.0,5268.0,5268.0,5269.0,5269.0,5269.0,5270.0,5271.0,5271.0,5271.0,5271.0,5271.0,5271.0,5271.0,5271.0,5271.0,5271.0,5271.0,5274.0,5274.0,5274.0,5274.0,5275.0,5275.0,5275.0,,,,,,,,,5276.0,5276.0,5277.0,5277.0,5277.0,5277.0,5277.0,5277.0,5277.0,5277.0,5277.0,5277.0,5277.0,5277.0,5277.0,5277.0,5277.0,5278.0,5278.0,5279.0,5280.0,5280.0,5280.0,5281.0,5282.0,5282.0,5283.0,5283.0,5283.0,5285.0,5285.0,5287.0,5289.0,5289.0,5290.0,5291.0,5291.0,5291.0,5292.0,5292.0,5293.0,5293.0,5293.0,5294.0,5294.0,5295.0,5295.0,5295.0,5295.0,5295.0,5295.0,5295.0,5295.0,5295.0,5295.0,5295.0,5296.0,5296.0,5296.0,5296.0,5297.0,5297.0,5297.0,5297.0,5297.0,5297.0,5297.0,5297.0,5297.0,5297.0,5297.0,5297.0,5297.0,5297.0,5297.0,5297.0,5297.0,5297.0,5297.0,5297.0,5297.0,5297.0,5297.0,5297.0,5297.0,5302.0,5301.0,5299.0,5298.0,5298.0,5298.0,5298.0,5299.0,5301.0,5301.0,5301.0,5301.0,5301.0,5301.0,5303.0,5303.0,5304.0,5305.0,5305.0,5305.0,5305.0,5305.0,5305.0,5305.0,5305.0,5305.0,5306.0,5307.0,5307.0,5306.0,5307.0,5307.0,5307.0,5307.0,5308.0,5309.0,,5309.0,5309.0,5309.0,5309.0,5309.0,5309.0,5309.0,5309.0,5310.0,5310.0,5311.0,5310.0,5310.0,5310.0,5310.0,5310.0,5310.0,5310.0,5310.0,5310.0,5310.0,5310.0,5310.0,5310.0,5310.0,5311.0,5311.0,5311.0,5311.0,5311.0,5311.0,5311.0,5311.0,5311.0,5311.0,5311.0,5311.0,5311.0,5311.0,5311.0,5311.0,5311.0,5311.0,5311.0,5311.0,5311.0,5311.0,5311.0,5311.0,5311.0,5311.0,5311.0,5311.0,5311.0,5311.0,5311.0,5311.0,5311.0,5311.0,5311.0,5311.0,5312.0,5312.0,5313.0,5313.0,5313.0,5313.0,5313.0,5313.0,5313.0,5313.0,5313.0,5313.0,5313.0,5314.0,5314.0,5314.0,5314.0,5314.0,5314.0,5314.0,5314.0,5314.0,5314.0,5314.0,5314.0,5314.0,5314.0,5314.0,5314.0,5314.0,5314.0,5314.0,5314.0,5314.0,5314.0,5314.0,5314.0,5314.0,5314.0,5314.0,5314.0,5314.0,5314.0,5314.0,5314.0,5314.0,5314.0,5315.0,5315.0,5315.0,5315.0,5315.0,5315
NgFP27knB6E,2361.0,2363.0,2364.0,2366.0,2367.0,2367.0,2367.0,2367.0,2367.0,2367.0,2371.0,2375.0,2377.0,2380.0,2384.0,2385.0,2387.0,2387.0,2390.0,2391.0,2392.0,2394.0,2394.0,2395.0,2396.0,2396.0,2396.0,2398.0,2399.0,2400.0,2400.0,2400.0,2402.0,2404.0,2405.0,2405.0,2406.0,2407.0,2408.0,2409.0,2410.0,2412.0,2413.0,2415.0,2414.0,2415.0,2416.0,2417.0,2417.0,2418.0,2418.0,2418.0,2419.0,2420.0,2421.0,2423.0,2424.0,2424.0,2425.0,2425.0,2426.0,2429.0,2431.0,2435.0,2441.0,2444.0,2445.0,2446.0,2450.0,2454.0,2454.0,2456.0,2459.0,2461.0,2469.0,2470.0,2479.0,2483.0,2489.0,2497.0,2499.0,2505.0,2508.0,2510.0,2517.0,2520.0,2524.0,2527.0,2532.0,2533.0,2534.0,2538.0,2541.0,2541.0,2542.0,2548.0,2551.0,2551.0,2552.0,2553.0,2553.0,2555.0,2565.0,2572.0,2576.0,2580.0,2584.0,2588.0,2590.0,2592.0,2593.0,2594.0,2596.0,2599.0,2605.0,2608.0,2612.0,2619.0,2623.0,2624.0,2633.0,2637.0,2648.0,2653.0,2656.0,2658.0,2661.0,2663.0,2667.0,2670.0,2673.0,2674.0,2677.0,2679.0,,,,,,,,,2696.0,2702.0,2704.0,2705.0,2709.0,2710.0,2711.0,2714.0,2720.0,2720.0,2722.0,2727.0,2729.0,2732.0,2736.0,2736.0,2737.0,2738.0,2738.0,2743.0,2745.0,2747.0,2749.0,2751.0,2751.0,2755.0,2756.0,2760.0,2762.0,2763.0,2766.0,2766.0,2767.0,2769.0,2773.0,2774.0,2775.0,2778.0,2780.0,2784.0,2784.0,2786.0,2789.0,2794.0,2798.0,2797.0,2801.0,2802.0,2803.0,2805.0,2808.0,2812.0,2817.0,2817.0,2817.0,2817.0,2820.0,2821.0,2822.0,2823.0,2823.0,2824.0,2824.0,2826.0,2826.0,2826.0,2827.0,2829.0,2830.0,2831.0,2831.0,2835.0,2836.0,2840.0,2842.0,2844.0,2846.0,2848.0,2849.0,2851.0,2852.0,2854.0,2855.0,2859.0,2859.0,2860.0,2862.0,2865.0,2865.0,2866.0,2867.0,2873.0,2874.0,2877.0,2880.0,2881.0,2883.0,2884.0,2887.0,2889.0,2892.0,2894.0,2896.0,2900.0,2901.0,2903.0,2903.0,2904.0,2905.0,2906.0,2908.0,2909.0,2909.0,2914.0,2915.0,2916.0,2917.0,2919.0,2920.0,2923.0,2925.0,,2930.0,2931.0,2931.0,2931.0,2932.0,2932.0,2932.0,2933.0,2935.0,2936.0,2938.0,2940.0,2941.0,2941.0,2941.0,2941.0,2943.0,2943.0,2943.0,2943.0,2943.0,2943.0,2945.0,2945.0,2945.0,2945.0,2945.0,2946.0,2947.0,2949.0,2951.0,2951.0,2951.0,2951.0,2953.0,2953.0,2953.0,2953.0,2953.0,2955.0,2954.0,2954.0,2954.0,2954.0,2954.0,2956.0,2956.0,2957.0,2957.0,2957.0,2957.0,2958.0,2958.0,2960.0,2960.0,2961.0,2962.0,2962.0,2963.0,2963.0,2964.0,2964.0,2965.0,2968.0,2969.0,2997.0,2997.0,2997.0,2997.0,2999.0,2999.0,2999.0,2999.0,2999.0,2999.0,3000.0,3001.0,3002.0,3004.0,3006.0,3008.0,3008.0,3009.0,3009.0,3010.0,3010.0,3012.0,3011.0,3013.0,3014.0,3016.0,3016.0,3017.0,3018.0,3019.0,3019.0,3020.0,3021.0,3022.0,3023.0,3024.0,3025.0,3026.0,3027.0,3027.0,3027.0,3027.0,3028.0,3029.0,3030.0,3031.0,3032.0,3032.0,3034
8ekOhgjEU1I,3004.0,3004.0,3005.0,3008.0,3008.0,3010.0,3010.0,3014.0,3017.0,3020.0,3022.0,3028.0,3029.0,3032.0,3036.0,3039.0,3039.0,3040.0,3042.0,3045.0,3047.0,3048.0,3048.0,3049.0,3054.0,3055.0,3056.0,3059.0,3060.0,3061.0,3062.0,3063.0,3067.0,3067.0,3067.0,3068.0,3071.0,3074.0,3076.0,3078.0,3080.0,3086.0,3088.0,3091.0,3092.0,3093.0,3095.0,3096.0,3097.0,3098.0,3098.0,3099.0,3101.0,3105.0,3107.0,3109.0,3110.0,3111.0,3115.0,3115.0,3116.0,3118.0,3119.0,3120.0,3124.0,3127.0,3128.0,3129.0,3131.0,3133.0,3136.0,3140.0,3141.0,3145.0,3148.0,3150.0,3153.0,3156.0,3157.0,3162.0,3164.0,3168.0,3169.0,3169.0,3172.0,3173.0,3174.0,3175.0,3176.0,3177.0,3178.0,3180.0,3181.0,3182.0,3183.0,3184.0,3185.0,3186.0,3187.0,3189.0,3189.0,3189.0,3195.0,3202.0,3209.0,3213.0,3218.0,3223.0,3228.0,3230.0,3231.0,3234.0,3236.0,3236.0,3238.0,3239.0,3243.0,3244.0,3245.0,3248.0,3249.0,3252.0,3262.0,3266.0,3271.0,3273.0,3275.0,3279.0,3281.0,3281.0,3284.0,3287.0,3289.0,3290.0,,,,,,,,,3306.0,3307.0,3307.0,3307.0,3309.0,3310.0,3311.0,3314.0,3315.0,3316.0,3318.0,3318.0,3318.0,3320.0,3322.0,3324.0,3324.0,3326.0,3327.0,3329.0,3333.0,3335.0,3336.0,3336.0,3336.0,3340.0,3343.0,3346.0,3348.0,3350.0,3351.0,3353.0,3353.0,3353.0,3355.0,3360.0,3361.0,3362.0,3366.0,3367.0,3367.0,3371.0,3372.0,3375.0,3379.0,3381.0,3386.0,3386.0,3388.0,3391.0,3391.0,3393.0,3399.0,3401.0,3402.0,3402.0,3407.0,3408.0,3410.0,3411.0,3412.0,3413.0,3414.0,3417.0,3420.0,3421.0,3424.0,3426.0,3427.0,3427.0,3427.0,3431.0,3435.0,3436.0,3437.0,3439.0,3441.0,3443.0,3443.0,3443.0,3447.0,3448.0,3449.0,3449.0,3450.0,3450.0,3452.0,3455.0,3456.0,3459.0,3460.0,3467.0,3471.0,3477.0,3488.0,3491.0,3497.0,3506.0,3516.0,3523.0,3525.0,3532.0,3538.0,3543.0,3546.0,3546.0,3547.0,3550.0,3551.0,3552.0,3555.0,3563.0,3565.0,3568.0,3570.0,3575.0,3575.0,3577.0,3581.0,3585.0,3586.0,,3590.0,3592.0,3593.0,3593.0,3599.0,3599.0,3600.0,3600.0,3605.0,3606.0,3609.0,3610.0,3613.0,3616.0,3616.0,3616.0,3618.0,3619.0,3619.0,3619.0,3619.0,3620.0,3620.0,3622.0,3623.0,3624.0,3627.0,3629.0,3630.0,3631.0,3633.0,3633.0,3634.0,3634.0,3634.0,3636.0,3636.0,3636.0,3637.0,3638.0,3643.0,3645.0,3645.0,3647.0,3648.0,3648.0,3649.0,3649.0,3649.0,3649.0,3649.0,3649.0,3649.0,3650.0,3652.0,3657.0,3657.0,3658.0,3662.0,3665.0,3665.0,3665.0,3666.0,3667.0,3668.0,3673.0,3673.0,3675.0,3676.0,3679.0,3684.0,3687.0,3691.0,3692.0,3692.0,3692.0,3693.0,3695.0,3695.0,3700.0,3704.0,3706.0,3708.0,3709.0,3711.0,3712.0,3715.0,3716.0,3720.0,3720.0,3722.0,3723.0,3723.0,3724.0,3725.0,3726.0,3726.0,3728.0,3728.0,3728.0,3730.0,3730.0,3730.0,3730.0,3731.0,3733.0,3738.0,3740.0,3740.0,3741.0,3742.0,3743.0,3746.0,3747
ZIv1xsb_dO4,20992.0,20993.0,20994.0,20995.0,20996.0,20998.0,20999.0,21001.0,21003.0,21005.0,21006.0,21007.0,21009.0,21009.0,21011.0,21011.0,21016.0,21017.0,21020.0,21020.0,21021.0,21021.0,21022.0,21025.0,21028.0,21028.0,21028.0,21028.0,21028.0,21028.0,21028.0,21029.0,21030.0,21032.0,21032.0,21032.0,21037.0,21040.0,21044.0,21048.0,21049.0,21051.0,21051.0,21051.0,21052.0,21052.0,21053.0,21054.0,21054.0,21054.0,21054.0,21054.0,21054.0,21054.0,21058.0,21058.0,21059.0,21059.0,21060.0,21063.0,21062.0,21063.0,21064.0,21064.0,21068.0,21070.0,21073.0,21073.0,21074.0,21076.0,21077.0,21077.0,21077.0,21077.0,21077.0,21078.0,21078.0,21081.0,21085.0,21086.0,21086.0,21087.0,21089.0,21089.0,21090.0,21092.0,21092.0,21092.0,21093.0,21094.0,21094.0,21095.0,21095.0,21095.0,21096.0,21096.0,21096.0,21097.0,21098.0,21100.0,21101.0,21102.0,21105.0,21106.0,21107.0,21107.0,21107.0,21107.0,21109.0,21110.0,21111.0,21111.0,21113.0,21113.0,21113.0,21114.0,21114.0,21114.0,21113.0,21114.0,21114.0,21115.0,21115.0,21115.0,21115.0,21116.0,21117.0,21119.0,21120.0,21122.0,21123.0,21124.0,21125.0,21126.0,,,,,,,,,21134.0,21134.0,21135.0,21135.0,21135.0,21135.0,21135.0,21135.0,21138.0,21140.0,21141.0,21143.0,21145.0,21144.0,21144.0,21144.0,21146.0,21148.0,21148.0,21149.0,21149.0,21149.0,21149.0,21150.0,21150.0,21152.0,21152.0,21153.0,21155.0,21158.0,21158.0,21160.0,21160.0,21162.0,21163.0,21163.0,21166.0,21167.0,21168.0,21168.0,21170.0,21171.0,21177.0,21185.0,21187.0,21187.0,21187.0,21190.0,21191.0,21192.0,21193.0,21194.0,21195.0,21198.0,21198.0,21199.0,21199.0,21201.0,21205.0,21205.0,21206.0,21206.0,21207.0,21206.0,21207.0,21208.0,21210.0,21210.0,21212.0,21213.0,21213.0,21216.0,21217.0,21217.0,21217.0,21218.0,21221.0,21221.0,21221.0,21221.0,21221.0,21222.0,21222.0,21223.0,21223.0,21223.0,21226.0,21227.0,21229.0,21229.0,21230.0,21231.0,21233.0,21236.0,21238.0,21239.0,21242.0,21243.0,21244.0,21246.0,21246.0,21246.0,21246.0,21246.0,21246.0,21246.0,21247.0,21247.0,21250.0,21250.0,21252.0,21253.0,21253.0,21255.0,21255.0,21255.0,21257.0,21257.0,21258.0,21258.0,21260.0,,21264.0,21264.0,21264.0,21267.0,21268.0,21271.0,21271.0,21272.0,21272.0,21273.0,21275.0,21275.0,21275.0,21275.0,21275.0,21275.0,21276.0,21276.0,21276.0,21276.0,21277.0,21277.0,21277.0,21277.0,21277.0,21277.0,21278.0,21279.0,21282.0,21283.0,21283.0,21283.0,21283.0,21283.0,21283.0,21283.0,21283.0,21283.0,21283.0,21283.0,21283.0,21283.0,21283.0,21283.0,21284.0,21285.0,21285.0,21285.0,21285.0,21286.0,21286.0,21286.0,21288.0,21288.0,21288.0,21288.0,21288.0,21288.0,21288.0,21290.0,21291.0,21291.0,21291.0,21292.0,21294.0,21295.0,21296.0,21296.0,21297.0,21297.0,21299.0,21299.0,21300.0,21300.0,21301.0,21302.0,21303.0,21303.0,21303.0,21303.0,21303.0,21303.0,21303.0,21303.0,21303.0,21303.0,21303.0,21304.0,21304.0,21304.0,21304.0,21306.0,21306.0,21306.0,21307.0,21307.0,21307.0,21307.0,21308.0,21309.0,21308.0,21308.0,21308.0,21310.0,21311.0,21312.0,21312.0,21312.0,21313.0,21313.0,21313.0,21314.0,21314.0,21314
ckq8gmg-Xr0,3799.0,3799.0,3801.0,3801.0,3801.0,3801.0,3802.0,3803.0,3803.0,3803.0,3803.0,3803.0,3804.0,3805.0,3805.0,3805.0,3805.0,3806.0,3806.0,3806.0,3809.0,3809.0,3811.0,3811.0,3812.0,3812.0,3812.0,3814.0,3814.0,3815.0,3815.0,3816.0,3817.0,3818.0,3820.0,3821.0,3823.0,3824.0,3824.0,3825.0,3826.0,3827.0,3829.0,3832.0,3839.0,3841.0,3843.0,3844.0,3844.0,3847.0,3848.0,3848.0,3850.0,3850.0,3850.0,3850.0,3851.0,3851.0,3851.0,3851.0,3851.0,3852.0,3853.0,3853.0,3853.0,3853.0,3853.0,3856.0,3858.0,3858.0,3858.0,3858.0,3859.0,3860.0,3861.0,3861.0,3861.0,3862.0,3862.0,3865.0,3866.0,3867.0,3867.0,3868.0,3868.0,3870.0,3872.0,3871.0,3873.0,3873.0,3873.0,3873.0,3874.0,3874.0,3875.0,3875.0,3876.0,3876.0,3879.0,3879.0,3881.0,3881.0,3883.0,3883.0,3885.0,3885.0,3888.0,3888.0,3888.0,3890.0,3893.0,3895.0,3899.0,3900.0,3906.0,3908.0,3909.0,3909.0,3909.0,3909.0,3911.0,3915.0,3915.0,3915.0,3916.0,3916.0,3918.0,3918.0,3918.0,3918.0,3918.0,3918.0,3918.0,3918.0,,,,,,,,,3921.0,3922.0,3922.0,3923.0,3923.0,3923.0,3923.0,3923.0,3925.0,3925.0,3926.0,3927.0,3929.0,3929.0,3929.0,3929.0,3929.0,3929.0,3929.0,3930.0,3930.0,3931.0,3932.0,3932.0,3933.0,3935.0,3935.0,3936.0,3936.0,3937.0,3937.0,3937.0,3940.0,3941.0,3941.0,3941.0,3941.0,3941.0,3941.0,3941.0,3944.0,3944.0,3944.0,3944.0,3945.0,3945.0,3945.0,3945.0,3945.0,3947.0,3948.0,3948.0,3948.0,3951.0,3953.0,3954.0,3954.0,3955.0,3956.0,3957.0,3957.0,3957.0,3957.0,3959.0,3959.0,3960.0,3963.0,3963.0,3963.0,3964.0,3964.0,3964.0,3964.0,3964.0,3964.0,3965.0,3966.0,3966.0,3966.0,3966.0,3966.0,3967.0,3967.0,3967.0,3967.0,3968.0,3968.0,3970.0,3971.0,3973.0,3973.0,3973.0,3973.0,3974.0,3974.0,3974.0,3974.0,3975.0,3977.0,3977.0,3978.0,3979.0,3979.0,3980.0,3981.0,3984.0,3984.0,3989.0,3993.0,3994.0,3999.0,3999.0,3999.0,4001.0,4004.0,4008.0,4008.0,4009.0,4011.0,4011.0,4012.0,,4012.0,4012.0,4013.0,4013.0,4014.0,4014.0,4014.0,4015.0,4015.0,4014.0,4015.0,4015.0,4017.0,4018.0,4018.0,4018.0,4018.0,4019.0,4019.0,4019.0,4019.0,4021.0,4021.0,4021.0,4021.0,4021.0,4021.0,4023.0,4023.0,4023.0,4024.0,4024.0,4025.0,4026.0,4027.0,4028.0,4028.0,4029.0,4029.0,4032.0,4032.0,4033.0,4033.0,4034.0,4035.0,4036.0,4036.0,4037.0,4037.0,4038.0,4038.0,4038.0,4038.0,4039.0,4042.0,4042.0,4043.0,4043.0,4043.0,4044.0,4044.0,4044.0,4044.0,4045.0,4045.0,4045.0,4046.0,4046.0,4046.0,4046.0,4046.0,4046.0,4046.0,4047.0,4047.0,4047.0,4047.0,4048.0,4048.0,4053.0,4053.0,4053.0,4054.0,4055.0,4057.0,4057.0,4058.0,4058.0,4058.0,4058.0,4058.0,4059.0,4061.0,4060.0,4061.0,4060.0,4060.0,4061.0,4062.0,4062.0,4062.0,4062.0,4063.0,4063.0,4064.0,4064.0,4064.0,4064.0,4064.0,4064.0,4065.0,4066.0,4067.0,4067
744TCmRpIt4,336549.0,336656.0,336780.0,336913.0,337072.0,337177.0,337302.0,337412.0,337553.0,337683.0,337798.0,337939.0,338061.0,338190.0,338290.0,338413.0,338499.0,338606.0,338713.0,338836.0,338955.0,339093.0,339207.0,339318.0,339459.0,339556.0,339697.0,339795.0,339879.0,339974.0,340041.0,340104.0,340202.0,340290.0,340388.0,340491.0,340608.0,340695.0,340776.0,340862.0,340962.0,341089.0,341191.0,341306.0,341444.0,341556.0,341714.0,341831.0,341971.0,342071.0,342182.0,342313.0,342414.0,342543.0,342652.0,342778.0,342891.0,342993.0,343103.0,343226.0,343331.0,343436.0,343544.0,343635.0,343732.0,343849.0,343930.0,344051.0,344148.0,344270.0,344381.0,344482.0,344591.0,344706.0,344801.0,344928.0,345027.0,345140.0,345263.0,345374.0,345454.0,345541.0,345658.0,345790.0,345889.0,346012.0,346126.0,346225.0,346353.0,346476.0,346602.0,346702.0,346850.0,346962.0,347106.0,347210.0,347318.0,347457.0,347558.0,347676.0,347756.0,347876.0,347998.0,348088.0,348204.0,348299.0,348398.0,348501.0,348613.0,348720.0,348817.0,348942.0,349053.0,349143.0,349215.0,349313.0,349434.0,349521.0,349625.0,349728.0,349810.0,349902.0,349984.0,350040.0,350133.0,350241.0,350340.0,350413.0,350474.0,350536.0,350628.0,350706.0,350783.0,350888.0,,,,,,,,,351788.0,351899.0,351995.0,352117.0,352202.0,352306.0,352402.0,352468.0,352578.0,352671.0,352755.0,352834.0,352945.0,353025.0,353102.0,353197.0,353264.0,353354.0,353442.0,353529.0,353602.0,353694.0,353748.0,353827.0,353899.0,353986.0,354069.0,354140.0,354203.0,354278.0,354355.0,354431.0,354517.0,354595.0,354691.0,354790.0,354851.0,354952.0,355030.0,355112.0,355192.0,355260.0,355343.0,355430.0,355487.0,355570.0,355662.0,355726.0,355800.0,355890.0,355976.0,356043.0,356129.0,356191.0,356265.0,356344.0,356407.0,356482.0,356553.0,356621.0,356693.0,356769.0,356849.0,356917.0,356991.0,357068.0,357146.0,357203.0,357260.0,357332.0,357409.0,357481.0,357548.0,357623.0,357689.0,357776.0,357853.0,357917.0,358003.0,358075.0,358162.0,358276.0,358387.0,358466.0,358549.0,358627.0,358729.0,358846.0,358958.0,359069.0,359149.0,359247.0,359337.0,359400.0,359476.0,359535.0,359607.0,359675.0,359739.0,359806.0,359860.0,359941.0,360012.0,360092.0,360155.0,360245.0,360308.0,360405.0,360493.0,360571.0,360657.0,360768.0,360835.0,360920.0,360994.0,361058.0,361129.0,361200.0,361278.0,361354.0,361437.0,,361576.0,361669.0,361724.0,361795.0,361838.0,361896.0,361991.0,362062.0,362132.0,362220.0,362326.0,362381.0,362460.0,362547.0,362616.0,362692.0,362763.0,362839.0,362933.0,363008.0,363096.0,363200.0,363273.0,363358.0,363454.0,363537.0,363608.0,363685.0,363767.0,363843.0,363920.0,364012.0,364075.0,364130.0,364212.0,364277.0,364406.0,364484.0,364546.0,364625.0,364696.0,364779.0,364857.0,364952.0,365080.0,365156.0,365260.0,365356.0,365476.0,365578.0,365676.0,365760.0,365840.0,365930.0,366023.0,366109.0,366205.0,366290.0,366364.0,366451.0,366547.0,366629.0,366720.0,366834.0,366934.0,367047.0,367159.0,367242.0,367372.0,367526.0,367630.0,367778.0,367925.0,368057.0,368170.0,368276.0,368396.0,368549.0,368710.0,368905.0,369072.0,369238.0,369392.0,369587.0,369799.0,369992.0,370243.0,370534.0,370732.0,370904.0,371078.0,371240.0,371399.0,371589.0,371773.0,371912.0,372032.0,372244.0,372431.0,372589.0,372809.0,373008.0,373192.0,373361.0,373580.0,373771.0,373973.0,374177.0,374340.0,374500.0,374637.0,374828.0,374996.0,375176
CGOLKBRv0MI,18360527.0,18388020.0,18416409.0,18446301.0,18478323.0,18511404.0,18544536.0,18576457.0,18605841.0,18633721.0,18664153.0,18697950.0,18734251.0,18768421.0,18802229.0,18835524.0,18866520.0,18898119.0,18932210.0,18969261.0,19007779.0,19048923.0,19088650.0,19120896.0,19151929.0,19187624.0,19223772.0,19259856.0,19297005.0,19334129.0,19370563.0,19406014.0,19443057.0,19484262.0,19529739.0,19568282.0,19607990.0,19646034.0,19678916.0,19718961.0,19765177.0,19811854.0,19857471.0,19902051.0,19941641.0,19979646.0,20019519.0,20065520.0,20113916.0,20163964.0,20212287.0,20266614.0,20316029.0,20364013.0,20410540.0,20454237.0,20499441.0,20541828.0,20580696.0,20618724.0,20659131.0,20705303.0,20751699.0,20796927.0,20840138.0,20874273.0,20906874.0,20944807.0,20977026.0,21015568.0,21049534.0,21082368.0,21116654.0,21148800.0,21183970.0,21220906.0,21257703.0,21291565.0,21325925.0,21358635.0,21393043.0,21428138.0,21463622.0,21501277.0,21543036.0,21582746.0,21618411.0,21655308.0,21697119.0,21741454.0,21784944.0,21825841.0,21867403.0,21911709.0,21957602.0,22011323.0,22078415.0,22143035.0,22214099.0,22276235.0,22331051.0,22382530.0,22435112.0,22489335.0,22542418.0,22597138.0,22651604.0,22692611.0,22731218.0,22781148.0,22831842.0,22887417.0,22939375.0,22983212.0,23022574.0,23059586.0,23105545.0,23151749.0,23197158.0,23240247.0,23283134.0,23321727.0,23355547.0,23392073.0,23431567.0,23472759.0,23514419.0,23558699.0,23599730.0,23643256.0,23688192.0,23735553.0,23783079.0,23825658.0,,,,,,,,,24232252.0,24275141.0,24319438.0,24364889.0,24406810.0,24446326.0,24485262.0,24520971.0,24555198.0,24592009.0,24631148.0,24670265.0,24707203.0,24742944.0,24774624.0,24804621.0,24838117.0,24876537.0,24914879.0,24950851.0,24986604.0,25023201.0,25056677.0,25091632.0,25128131.0,25161725.0,25196527.0,25229634.0,25259241.0,25288790.0,25319956.0,25351589.0,25383987.0,25414110.0,25443747.0,25471387.0,25496457.0,25524257.0,25555365.0,25585452.0,25616924.0,25648392.0,25678291.0,25705886.0,25736169.0,25769307.0,25800858.0,25831346.0,25861215.0,25889400.0,25917345.0,25948341.0,25980772.0,26013850.0,26045509.0,26075851.0,26102140.0,26127649.0,26154875.0,26185295.0,26215584.0,26242592.0,26269761.0,26297139.0,26323081.0,26353917.0,26384979.0,26414407.0,26439519.0,26465439.0,26493065.0,26521933.0,26553770.0,26586602.0,26621398.0,26653921.0,26687515.0,26717487.0,26745524.0,26774900.0,26805509.0,26834972.0,26868201.0,26899670.0,26928669.0,26957458.0,26987313.0,27020530.0,27055079.0,27087051.0,27119405.0,27149366.0,27179042.0,27212466.0,27248436.0,27286753.0,27323137.0,27358436.0,27390397.0,27421303.0,27456537.0,27490616.0,27525336.0,27558704.0,27589916.0,27618618.0,27647185.0,27677921.0,27708287.0,27737329.0,27766998.0,27795243.0,27819661.0,27844442.0,27868745.0,27893060.0,27919075.0,27944563.0,27969508.0,27990543.0,28010611.0,,28054921.0,28077950.0,28101308.0,28123190.0,28143926.0,28164021.0,28185819.0,28208343.0,28232149.0,28255724.0,28277600.0,28298299.0,28318595.0,28341331.0,28364203.0,28388275.0,28412429.0,28435300.0,28457032.0,28478034.0,28500869.0,28524708.0,28548440.0,28571608.0,28594094.0,28612998.0,28632154.0,28652993.0,28674730.0,28696870.0,28717447.0,28736276.0,28754858.0,28772342.0,28791048.0,28810884.0,28830363.0,28849974.0,28868599.0,28887040.0,28906349.0,28927307.0,28949726.0,28971478.0,28993590.0,29015258.0,29037776.0,29060318.0,29082984.0,29105808.0,29128584.0,29152250.0,29175135.0,29195477.0,29214549.0,29236166.0,29259911.0,29283490.0,29306819.0,29328857.0,29348976.0,29368919.0,29391926.0,29416064.0,29441750.0,29465803.0,29486619.0,29507321.0,29528817.0,29553487.0,29578351.0,29604654.0,29631141.0,29658385.0,29683871.0,29709303.0,29736196.0,29764150.0,29791147.0,29816639.0,29844005.0,29868174.0,29892224.0,29918329.0,29945579.0,29971794.0,29998108.0,30023678.0,30046987.0,30069241.0,30093834.0,30118832.0,30141746.0,30163239.0,30185892.0,30209421.0,30231433.0,30254341.0,30277783.0,30300018.0,30321518.0,30343927.0,30365021.0,30384679.0,30407000.0,30431229.0,30457075.0,30483422.0,30509107.0,30534129.0,30556076.0,30581222.0,30606285.0,30631796
VXVnbi1kdoQ,223521.0,223710.0,223860.0,224126.0,224371.0,224611.0,224816.0,225024.0,225197.0,225401.0,225556.0,225724.0,225884.0,226058.0,226215.0,226405.0,226552.0,226684.0,226852.0,226971.0,227175.0,227342.0,227485.0,227623.0,227741.0,227877.0,228024.0,228153.0,228331.0,228534.0,228676.0,228834.0,228998.0,229151.0,229348.0,229559.0,229766.0,229960.0,230056.0,230198.0,230352.0,230549.0,230749.0,230949.0,231215.0,231410.0,231598.0,231783.0,231985.0,232213.0,232467.0,232666.0,232883.0,233140.0,233344.0,233577.0,233759.0,233934.0,234119.0,234299.0,234514.0,234770.0,234980.0,235191.0,235373.0,235603.0,235795.0,236002.0,236239.0,236553.0,236822.0,237014.0,237198.0,237375.0,237566.0,237768.0,237957.0,238140.0,238316.0,238484.0,238623.0,238741.0,238888.0,239022.0,239157.0,239308.0,239435.0,239586.0,239737.0,239890.0,240051.0,240237.0,240419.0,240606.0,240763.0,240912.0,241053.0,241199.0,241352.0,241461.0,241563.0,241666.0,241822.0,241986.0,242115.0,242276.0,242428.0,242573.0,242716.0,242855.0,242997.0,243139.0,243321.0,243463.0,243640.0,243787.0,243983.0,244136.0,244331.0,244524.0,244706.0,244823.0,244904.0,245009.0,245117.0,245219.0,245318.0,245448.0,245584.0,245710.0,245870.0,246063.0,246233.0,246364.0,,,,,,,,,247631.0,247749.0,247860.0,247999.0,248128.0,248244.0,248361.0,248473.0,248571.0,248736.0,248875.0,249054.0,249202.0,249340.0,249481.0,249639.0,249791.0,249944.0,250169.0,250351.0,250490.0,250734.0,250923.0,251111.0,251293.0,251465.0,251622.0,251829.0,251982.0,252130.0,252283.0,252454.0,252604.0,252731.0,252869.0,252993.0,253164.0,253336.0,253476.0,253634.0,253769.0,253914.0,254043.0,254180.0,254346.0,254521.0,254696.0,254863.0,254988.0,255107.0,255233.0,255334.0,255461.0,255593.0,255724.0,255848.0,255976.0,256086.0,256219.0,256352.0,256468.0,256566.0,256683.0,256780.0,256930.0,257061.0,257185.0,257334.0,257469.0,257585.0,257702.0,257817.0,257985.0,258115.0,258243.0,258381.0,258511.0,258636.0,258827.0,259018.0,259196.0,259358.0,259491.0,259649.0,259753.0,259847.0,260019.0,260166.0,260325.0,260543.0,260692.0,260888.0,261000.0,261124.0,261246.0,261359.0,261497.0,261609.0,261703.0,261797.0,261895.0,261994.0,262123.0,262222.0,262338.0,262439.0,262512.0,262628.0,262749.0,262841.0,262949.0,263036.0,263128.0,263226.0,263325.0,263398.0,263489.0,263579.0,263668.0,263739.0,263818.0,,263989.0,264077.0,264177.0,264288.0,264417.0,264508.0,264604.0,264697.0,264779.0,264867.0,264975.0,265094.0,265178.0,265303.0,265400.0,265525.0,265641.0,265744.0,265866.0,265963.0,266078.0,266189.0,266277.0,266395.0,266502.0,266608.0,266707.0,266827.0,266964.0,267111.0,267251.0,267380.0,267491.0,267586.0,267663.0,267785.0,267908.0,268042.0,268155.0,268232.0,268318.0,268433.0,268530.0,268658.0,268747.0,268823.0,268905.0,268964.0,269064.0,269153.0,269237.0,269319.0,269383.0,269441.0,269492.0,269572.0,269654.0,269729.0,269805.0,269908.0,269987.0,270055.0,270195.0,270294.0,270461.0,270602.0,270719.0,270810.0,270882.0,270961.0,271043.0,271133.0,271216.0,271318.0,271404.0,271505.0,271646.0,271788.0,271900.0,272029.0,272158.0,272266.0,272419.0,272563.0,272744.0,272911.0,273058.0,273220.0,273357.0,273481.0,273594.0,273752.0,273914.0,274104.0,274288.0,274441.0,274599.0,274771.0,274900.0,275032.0,275160.0,275284.0,275404.0,275504.0,275637.0,275806.0,276013.0,276188.0,276335.0,276474.0,276573.0,276728.0,276879.0,276989
8sNNgPpwOyk,1430573.0,1430653.0,1430730.0,1430798.0,1430869.0,1430952.0,1431041.0,1431144.0,1431246.0,1431394.0,1431514.0,1431665.0,1431820.0,1431952.0,1432149.0,1432352.0,1432518.0,1432735.0,1432903.0,1433113.0,1433269.0,1433452.0,1433595.0,1433799.0,1433936.0,1434096.0,1434246.0,1434427.0,1434594.0,1434749.0,1434860.0,1434967.0,1435094.0,1435202.0,1435332.0,1435488.0,1435642.0,1435808.0,1435937.0,1436061.0,1436221.0,1436366.0,1436522.0,1436677.0,1436854.0,1436999.0,1437141.0,1437275.0,1437416.0,1437575.0,1437729.0,1437872.0,1437988.0,1438109.0,1438227.0,1438357.0,1438478.0,1438613.0,1438717.0,1438854.0,1438964.0,1439094.0,1439216.0,1439349.0,1439469.0,1439553.0,1439664.0,1439793.0,1439883.0,1440056.0,1440195.0,1440327.0,1440442.0,1440543.0,1440662.0,1440791.0,1440943.0,1441079.0,1441230.0,1441357.0,1441492.0,1441612.0,1441751.0,1441897.0,1442027.0,1442157.0,1442262.0,1442371.0,1442466.0,1442574.0,1442682.0,1442802.0,1442936.0,1443045.0,1443177.0,1443271.0,1443404.0,1443499.0,1443619.0,1443697.0,1443792.0,1443859.0,1443961.0,1444058.0,1444160.0,1444277.0,1444370.0,1444482.0,1444593.0,1444703.0,1444785.0,1444887.0,1444982.0,1445112.0,1445205.0,1445292.0,1445423.0,1445553.0,1445716.0,1445883.0,1446104.0,1446300.0,1446460.0,1446640.0,1446815.0,1447012.0,1447289.0,1447512.0,1447775.0,1448004.0,1448303.0,1448557.0,1448849.0,1449147.0,,,,,,,,,1452291.0,1452653.0,1453034.0,1453350.0,1453671.0,1453968.0,1454302.0,1454651.0,1455040.0,1455380.0,1455725.0,1456127.0,1456512.0,1456920.0,1457236.0,1457542.0,1457948.0,1458358.0,1458761.0,1459102.0,1459403.0,1459700.0,1459945.0,1460301.0,1460617.0,1461002.0,1461327.0,1461740.0,1462068.0,1462354.0,1462728.0,1463137.0,1463479.0,1463921.0,1464440.0,1464883.0,1465303.0,1465874.0,1466628.0,1467229.0,1467720.0,1468229.0,1468742.0,1469245.0,1469863.0,1470411.0,1470887.0,1471320.0,1471675.0,1472009.0,1472317.0,1472578.0,1472900.0,1473190.0,1473448.0,1473702.0,1474009.0,1474246.0,1474529.0,1474800.0,1475137.0,1475329.0,1475511.0,1475728.0,1475915.0,1476113.0,1476288.0,1476498.0,1476680.0,1476853.0,1477011.0,1477231.0,1477406.0,1477599.0,1477796.0,1477989.0,1478180.0,1478343.0,1478519.0,1478754.0,1478956.0,1479144.0,1479332.0,1479570.0,1479753.0,1479892.0,1480090.0,1480277.0,1480472.0,1480614.0,1480787.0,1480956.0,1481087.0,1481303.0,1481471.0,1481629.0,1481801.0,1481950.0,1482147.0,1482287.0,1482451.0,1482579.0,1482786.0,1482953.0,1483127.0,1483318.0,1483473.0,1483623.0,1483782.0,1483930.0,1484096.0,1484310.0,1484467.0,1484666.0,1484809.0,1484961.0,1485118.0,1485281.0,1485450.0,1485629.0,1485786.0,,1486066.0,1486229.0,1486388.0,1486575.0,1486724.0,1486893.0,1487032.0,1487184.0,1487359.0,1487529.0,1487649.0,1487801.0,1487953.0,1488119.0,1488237.0,1488400.0,1488513.0,1488688.0,1488857.0,1488985.0,1489207.0,1489377.0,1489529.0,1489688.0,1489894.0,1490085.0,1490237.0,1490410.0,1490628.0,1490821.0,1490993.0,1491178.0,1491350.0,1491497.0,1491658.0,1491837.0,1492054.0,1492229.0,1492438.0,1492621.0,1492795.0,1492962.0,1493123.0,1493286.0,1493475.0,1493675.0,1493850.0,1494017.0,1494171.0,1494319.0,1494486.0,1494699.0,1494955.0,1495163.0,1495324.0,1495505.0,1495689.0,1495862.0,1496038.0,1496195.0,1496377.0,1496553.0,1496714.0,1496847.0,1497036.0,1497181.0,1497372.0,1497552.0,1497696.0,1497862.0,1498027.0,1498225.0,1498431.0,1498652.0,1498849.0,1499071.0,1499302.0,1499478.0,1499645.0,1499826.0,1500039.0,1500245.0,1500409.0,1500574.0,1500733.0,1500928.0,1501141.0,1501354.0,1501496.0,1501618.0,1501763.0,1501922.0,1502095.0,1502262.0,1502451.0,1502640.0,1502799.0,1502934.0,1503071.0,1503217.0,1503391.0,1503549.0,1503677.0,1503787.0,1503911.0,1504075.0,1504191.0,1504350.0,1504495.0,1504639.0,1504772.0,1504897.0,1505048.0,1505164
pruaOTMos74,37893.0,37905.0,37916.0,37923.0,37930.0,37950.0,37972.0,37994.0,38015.0,38037.0,38053.0,38068.0,38109.0,38132.0,38164.0,38195.0,38228.0,38275.0,38317.0,38363.0,38396.0,38428.0,38454.0,38473.0,38496.0,38533.0,38558.0,38589.0,38626.0,38650.0,38683.0,38702.0,38723.0,38744.0,38772.0,38792.0,38821.0,38852.0,38876.0,38897.0,38931.0,38956.0,38978.0,39003.0,39031.0,39057.0,39092.0,39119.0,39151.0,39186.0,39220.0,39261.0,39282.0,39307.0,39334.0,39363.0,39397.0,39421.0,39440.0,39476.0,39509.0,39526.0,39555.0,39582.0,39621.0,39654.0,39678.0,39709.0,39734.0,39769.0,39794.0,39815.0,39833.0,39847.0,39877.0,39902.0,39922.0,39946.0,39982.0,40013.0,40038.0,40064.0,40095.0,40123.0,40156.0,40184.0,40203.0,40219.0,40253.0,40268.0,40310.0,40328.0,40357.0,40379.0,40404.0,40438.0,40464.0,40484.0,40516.0,40543.0,40560.0,40573.0,40593.0,40623.0,40649.0,40673.0,40695.0,40711.0,40732.0,40746.0,40763.0,40782.0,40799.0,40820.0,40841.0,40852.0,40875.0,40892.0,40909.0,40938.0,40961.0,40976.0,40987.0,41000.0,41016.0,41028.0,41042.0,41059.0,41084.0,41097.0,41120.0,41133.0,41149.0,41165.0,,,,,,,,,41315.0,41343.0,41360.0,41381.0,41397.0,41413.0,41430.0,41459.0,41475.0,41489.0,41513.0,41524.0,41537.0,41552.0,41567.0,41587.0,41604.0,41627.0,41643.0,41658.0,41677.0,41695.0,41706.0,41719.0,41741.0,41758.0,41797.0,41818.0,41838.0,41855.0,41877.0,41895.0,41917.0,41936.0,41957.0,41985.0,42011.0,42027.0,42045.0,42079.0,42106.0,42127.0,42153.0,42168.0,42181.0,42200.0,42224.0,42237.0,42257.0,42271.0,42289.0,42304.0,42325.0,42338.0,42355.0,42377.0,42387.0,42403.0,42421.0,42444.0,42465.0,42480.0,42495.0,42512.0,42535.0,42564.0,42583.0,42613.0,42632.0,42649.0,42660.0,42673.0,42689.0,42715.0,42729.0,42742.0,42757.0,42779.0,42792.0,42813.0,42842.0,42860.0,42878.0,42904.0,42917.0,42932.0,42955.0,42978.0,42996.0,43012.0,43023.0,43043.0,43054.0,43080.0,43099.0,43112.0,43132.0,43150.0,43162.0,43171.0,43183.0,43205.0,43225.0,43237.0,43264.0,43300.0,43329.0,43358.0,43391.0,43405.0,43432.0,43460.0,43490.0,43516.0,43538.0,43563.0,43587.0,43611.0,43639.0,43662.0,43677.0,,43717.0,43733.0,43748.0,43769.0,43790.0,43811.0,43829.0,43853.0,43878.0,43923.0,43945.0,43959.0,43977.0,43993.0,44006.0,44019.0,44048.0,44067.0,44085.0,44096.0,44112.0,44129.0,44140.0,44155.0,44176.0,44190.0,44198.0,44205.0,44229.0,44242.0,44262.0,44285.0,44299.0,44320.0,44335.0,44369.0,44390.0,44405.0,44425.0,44442.0,44458.0,44470.0,44486.0,44496.0,44507.0,44525.0,44546.0,44562.0,44580.0,44589.0,44601.0,44608.0,44623.0,44640.0,44657.0,44672.0,44682.0,44691.0,44703.0,44720.0,44731.0,44741.0,44752.0,44769.0,44785.0,44799.0,44827.0,44842.0,44862.0,44885.0,44901.0,44905.0,44920.0,44944.0,44970.0,44988.0,45003.0,45018.0,45027.0,45042.0,45061.0,45080.0,45101.0,45114.0,45126.0,45144.0,45161.0,45173.0,45180.0,45193.0,45223.0,45258.0,45271.0,45281.0,45288.0,45309.0,45332.0,45347.0,45360.0,45374.0,45392.0,45409.0,45419.0,45431.0,45445.0,45464.0,45476.0,45493.0,45511.0,45525.0,45551.0,45572.0,45586.0,45605
0NRP_tHi1YM,144004.0,144027.0,144036.0,144047.0,144070.0,144087.0,144110.0,144141.0,144161.0,144197.0,144224.0,144265.0,144324.0,144370.0,144432.0,144488.0,144546.0,144621.0,144682.0,144738.0,144801.0,144852.0,144922.0,144973.0,145004.0,145068.0,145119.0,145162.0,145217.0,145264.0,145310.0,145342.0,145373.0,145422.0,145464.0,145513.0,145560.0,145602.0,145643.0,145678.0,145702.0,145741.0,145767.0,145799.0,145825.0,145861.0,145907.0,145945.0,145992.0,146053.0,146094.0,146138.0,146167.0,146200.0,146236.0,146275.0,146319.0,146346.0,146380.0,146409.0,146450.0,146480.0,146523.0,146549.0,146597.0,146639.0,146661.0,146691.0,146714.0,146760.0,146807.0,146844.0,146866.0,146883.0,146912.0,146933.0,146965.0,146981.0,147019.0,147048.0,147068.0,147102.0,147140.0,147165.0,147193.0,147221.0,147248.0,147274.0,147308.0,147339.0,147383.0,147403.0,147458.0,147493.0,147538.0,147577.0,147601.0,147634.0,147664.0,147683.0,147713.0,147731.0,147755.0,147780.0,147804.0,147835.0,147860.0,147878.0,147895.0,147914.0,147943.0,147974.0,147998.0,148024.0,148043.0,148072.0,148095.0,148111.0,148131.0,148152.0,148187.0,148205.0,148216.0,148233.0,148245.0,148250.0,148290.0,148311.0,148332.0,148348.0,148369.0,148387.0,148418.0,148439.0,,,,,,,,,148657.0,148687.0,148716.0,148735.0,148763.0,148782.0,148812.0,148835.0,148853.0,148882.0,148908.0,148940.0,148986.0,149013.0,149039.0,149082.0,149109.0,149135.0,149166.0,149189.0,149212.0,149243.0,149263.0,149289.0,149317.0,149354.0,149404.0,149441.0,149471.0,149512.0,149551.0,149579.0,149607.0,149635.0,149666.0,149695.0,149719.0,149746.0,149773.0,149808.0,149833.0,149849.0,149875.0,149888.0,149910.0,149945.0,149981.0,150005.0,150020.0,150036.0,150060.0,150085.0,150127.0,150147.0,150165.0,150191.0,150211.0,150226.0,150247.0,150274.0,150297.0,150308.0,150329.0,150342.0,150362.0,150373.0,150395.0,150416.0,150435.0,150464.0,150472.0,150484.0,150504.0,150524.0,150543.0,150555.0,150569.0,150589.0,150605.0,150629.0,150655.0,150682.0,150714.0,150735.0,150746.0,150779.0,150821.0,150875.0,150888.0,150920.0,150943.0,150977.0,151003.0,151016.0,151036.0,151061.0,151079.0,151091.0,151106.0,151127.0,151145.0,151175.0,151203.0,151232.0,151260.0,151283.0,151304.0,151326.0,151349.0,151377.0,151401.0,151431.0,151463.0,151501.0,151525.0,151556.0,151579.0,151607.0,151634.0,151659.0,151680.0,,151719.0,151743.0,151763.0,151774.0,151794.0,151807.0,151828.0,151847.0,151866.0,151881.0,151904.0,151929.0,151951.0,151966.0,151986.0,152012.0,152035.0,152067.0,152084.0,152103.0,152126.0,152140.0,152155.0,152174.0,152191.0,152211.0,152219.0,152233.0,152255.0,152277.0,152298.0,152323.0,152340.0,152352.0,152375.0,152398.0,152418.0,152442.0,152463.0,152478.0,152507.0,152524.0,152544.0,152568.0,152585.0,152609.0,152628.0,152649.0,152670.0,152684.0,152712.0,152731.0,152758.0,152779.0,152809.0,152832.0,152851.0,152874.0,152897.0,152928.0,152953.0,152975.0,152998.0,153021.0,153038.0,153057.0,153077.0,153101.0,153124.0,153158.0,153187.0,153209.0,153230.0,153255.0,153285.0,153319.0,153344.0,153365.0,153387.0,153409.0,153429.0,153453.0,153479.0,153496.0,153517.0,153532.0,153555.0,153587.0,153609.0,153621.0,153649.0,153674.0,153697.0,153714.0,153733.0,153761.0,153786.0,153801.0,153816.0,153840.0,153863.0,153878.0,153891.0,153906.0,153917.0,153936.0,153954.0,153967.0,153985.0,154016.0,154030.0,154064.0,154083.0,154110
mi4XZKpcHpQ,281982.0,282031.0,282074.0,282128.0,282186.0,282237.0,282322.0,282381.0,282460.0,282567.0,282647.0,282725.0,282800.0,282878.0,282940.0,283035.0,283137.0,283236.0,283335.0,283411.0,283496.0,283597.0,283696.0,283785.0,283911.0,284040.0,284162.0,284271.0,284409.0,284566.0,284699.0,284800.0,284951.0,285057.0,285165.0,285250.0,285352.0,285468.0,285578.0,285676.0,285777.0,285887.0,285983.0,286092.0,286179.0,286263.0,286359.0,286432.0,286527.0,286615.0,286703.0,286779.0,286845.0,286911.0,287029.0,287123.0,287221.0,287311.0,287395.0,287475.0,287552.0,287654.0,287727.0,287823.0,287931.0,288009.0,288065.0,288154.0,288202.0,288276.0,288365.0,288450.0,288501.0,288566.0,288616.0,288694.0,288788.0,288875.0,288952.0,289036.0,289091.0,289149.0,289215.0,289292.0,289356.0,289430.0,289477.0,289537.0,289599.0,289658.0,289732.0,289781.0,289856.0,289947.0,290017.0,290096.0,290182.0,290243.0,290321.0,290380.0,290448.0,290493.0,290555.0,290625.0,290680.0,290750.0,290819.0,290879.0,290943.0,290991.0,291037.0,291085.0,291142.0,291198.0,291256.0,291307.0,291389.0,291450.0,291503.0,291556.0,291615.0,291658.0,291705.0,291754.0,291792.0,291833.0,291889.0,291936.0,291988.0,292037.0,292096.0,292135.0,292179.0,292226.0,,,,,,,,,292824.0,292931.0,293025.0,293149.0,293244.0,293434.0,293611.0,293796.0,293937.0,294087.0,294237.0,294400.0,294554.0,294706.0,294849.0,295013.0,295208.0,295335.0,295505.0,295625.0,295736.0,295826.0,295916.0,296031.0,296137.0,296261.0,296373.0,296505.0,296599.0,296738.0,296902.0,297038.0,297166.0,297304.0,297432.0,297543.0,297636.0,297752.0,297856.0,297973.0,298095.0,298199.0,298280.0,298361.0,298435.0,298537.0,298632.0,298741.0,298819.0,298907.0,298975.0,299055.0,299126.0,299206.0,299260.0,299348.0,299431.0,299483.0,299564.0,299620.0,299695.0,299764.0,299840.0,299906.0,299982.0,300063.0,300135.0,300212.0,300272.0,300323.0,300382.0,300462.0,300528.0,300619.0,300766.0,300850.0,300933.0,301030.0,301117.0,301189.0,301251.0,301330.0,301419.0,301534.0,301605.0,301674.0,301755.0,301889.0,301999.0,302106.0,302196.0,302301.0,302367.0,302456.0,302552.0,302650.0,302775.0,302867.0,302981.0,303093.0,303182.0,303272.0,303366.0,303467.0,303556.0,303666.0,303736.0,303828.0,303935.0,304037.0,304137.0,304235.0,304324.0,304412.0,304490.0,304618.0,304681.0,304787.0,304900.0,305019.0,305118.0,,305286.0,305438.0,305570.0,305696.0,305788.0,305892.0,306003.0,306112.0,306216.0,306317.0,306420.0,306559.0,306670.0,306786.0,306882.0,307005.0,307127.0,307238.0,307340.0,307433.0,307590.0,307701.0,307799.0,307913.0,308022.0,308143.0,308236.0,308307.0,308452.0,308563.0,308683.0,308880.0,309000.0,309108.0,309215.0,309351.0,309485.0,309634.0,309758.0,309899.0,310013.0,310107.0,310250.0,310397.0,310483.0,310629.0,310736.0,310824.0,310923.0,311046.0,311178.0,311276.0,311362.0,311492.0,311581.0,311687.0,311789.0,311920.0,312048.0,312189.0,312308.0,312415.0,312530.0,312639.0,312761.0,312846.0,312949.0,313048.0,313138.0,313240.0,313326.0,313423.0,313525.0,313609.0,313711.0,313810.0,313935.0,314032.0,314143.0,314267.0,314400.0,314521.0,314604.0,314714.0,314820.0,314923.0,315012.0,315138.0,315221.0,315293.0,315379.0,315461.0,315554.0,315662.0,315773.0,315895.0,316006.0,316115.0,316221.0,316309.0,316406.0,316492.0,316586.0,316682.0,316782.0,316907.0,317015.0,317071.0,317181.0,317292.0,317387.0,317472.0,317586.0,317693
0k7C8dFPzEI,248162.0,248210.0,248256.0,248305.0,248365.0,248412.0,248470.0,248510.0,248574.0,248629.0,248686.0,248738.0,248794.0,248858.0,248911.0,248962.0,249030.0,249094.0,249156.0,249208.0,249276.0,249328.0,249377.0,249420.0,249468.0,249533.0,249587.0,249650.0,249708.0,249766.0,249828.0,249882.0,249937.0,250006.0,250062.0,250114.0,250169.0,250214.0,250253.0,250298.0,250348.0,250407.0,250469.0,250535.0,250593.0,250659.0,250721.0,250770.0,250840.0,250897.0,250959.0,251018.0,251061.0,251124.0,251173.0,251250.0,251319.0,251375.0,251438.0,251498.0,251561.0,251627.0,251704.0,251771.0,251831.0,251891.0,251944.0,252004.0,252085.0,252156.0,252210.0,252272.0,252337.0,252406.0,252466.0,252539.0,252609.0,252689.0,252734.0,252808.0,252875.0,252955.0,253033.0,253088.0,253162.0,253233.0,253309.0,253391.0,253457.0,253544.0,253632.0,253708.0,253804.0,253875.0,253977.0,254063.0,254155.0,254268.0,254349.0,254433.0,254497.0,254574.0,254658.0,254719.0,254801.0,254860.0,254941.0,255018.0,255072.0,255161.0,255252.0,255350.0,255441.0,255544.0,255692.0,255813.0,255925.0,256033.0,256160.0,256288.0,256390.0,256504.0,256572.0,256684.0,256812.0,256928.0,257073.0,257220.0,257355.0,257443.0,257546.0,257716.0,257854.0,257985.0,,,,,,,,,259177.0,259312.0,259417.0,259509.0,259621.0,259765.0,259931.0,260048.0,260280.0,260574.0,260847.0,261103.0,261317.0,261549.0,261710.0,261890.0,262046.0,262239.0,262349.0,262475.0,262591.0,262678.0,262765.0,262894.0,263005.0,263089.0,263197.0,263281.0,263352.0,263385.0,263527.0,263602.0,263676.0,263747.0,263812.0,263873.0,263928.0,264014.0,264100.0,264197.0,264288.0,264384.0,264464.0,264538.0,264632.0,264745.0,264852.0,264943.0,265022.0,265110.0,265181.0,265266.0,265364.0,265445.0,265521.0,265614.0,265672.0,265752.0,265855.0,265926.0,266016.0,266086.0,266170.0,266271.0,266384.0,266500.0,266597.0,266724.0,266813.0,266915.0,267005.0,267090.0,267191.0,267290.0,267371.0,267468.0,267575.0,267648.0,267731.0,267805.0,267881.0,267957.0,268042.0,268131.0,268193.0,268266.0,268348.0,268426.0,268492.0,268598.0,268674.0,268786.0,268865.0,268957.0,269051.0,269131.0,269209.0,269290.0,269367.0,269428.0,269483.0,269566.0,269621.0,269699.0,269752.0,269807.0,269860.0,269921.0,270001.0,270075.0,270138.0,270220.0,270308.0,270380.0,270468.0,270530.0,270598.0,270665.0,270733.0,270808.0,270873.0,,271012.0,271072.0,271149.0,271241.0,271300.0,271359.0,271406.0,271467.0,271514.0,271563.0,271609.0,271675.0,271732.0,271834.0,271897.0,271970.0,272044.0,272123.0,272174.0,272229.0,272281.0,272353.0,272424.0,272477.0,272514.0,272570.0,272608.0,272649.0,272698.0,272749.0,272807.0,272841.0,272888.0,272933.0,272965.0,273018.0,273063.0,273103.0,273143.0,273199.0,273252.0,273312.0,273359.0,273411.0,273470.0,273530.0,273591.0,273657.0,273709.0,273759.0,273821.0,273863.0,273930.0,273997.0,274044.0,274101.0,274160.0,274199.0,274237.0,274298.0,274334.0,274383.0,274437.0,274493.0,274548.0,274584.0,274640.0,274688.0,274724.0,274772.0,274811.0,274853.0,274905.0,274979.0,275033.0,275068.0,275123.0,275201.0,275259.0,275306.0,275361.0,275409.0,275458.0,275520.0,275577.0,275643.0,275712.0,275762.0,275803.0,275840.0,275909.0,275963.0,276005.0,276051.0,276106.0,276151.0,276205.0,276260.0,276307.0,276348.0,276391.0,276425.0,276468.0,276517.0,276569.0,276628.0,276675.0,276731.0,276773.0,276827.0,276878.0,276911.0,276957.0,277016
RnZXQEePIHg,150350.0,150350.0,150350.0,150350.0,150350.0,150350.0,150350.0,150350.0,150350.0,150350.0,150350.0,150350.0,150350.0,150350.0,150350.0,150350.0,150350.0,150350.0,150350.0,150350.0,150350.0,150350.0,150350.0,150350.0,150350.0,150350.0,150350.0,150350.0,150350.0,150350.0,150350.0,150350.0,150350.0,150350.0,150350.0,150350.0,150350.0,150350.0,150350.0,150350.0,150350.0,150350.0,150350.0,150350.0,150350.0,150350.0,150350.0,150350.0,150350.0,150350.0,150350.0,150350.0,150350.0,150350.0,150350.0,150350.0,150350.0,150350.0,150350.0,150350.0,150350.0,150350.0,150350.0,150350.0,150350.0,150350.0,150350.0,150350.0,150350.0,150350.0,150350.0,150350.0,150350.0,150350.0,150350.0,150350.0,150350.0,150350.0,150350.0,150350.0,150350.0,150350.0,150350.0,150350.0,150350.0,150350.0,150350.0,150350.0,150350.0,150350.0,150350.0,150350.0,150350.0,150350.0,150350.0,150350.0,150350.0,150350.0,150350.0,150350.0,150350.0,150350.0,150350.0,150350.0,150350.0,150350.0,150350.0,150350.0,150350.0,150350.0,150350.0,150350.0,150350.0,150350.0,150350.0,150350.0,150350.0,150350.0,150350.0,150350.0,150350.0,150350.0,150350.0,150350.0,150350.0,150350.0,150350.0,150350.0,150350.0,150350.0,150350.0,150350.0,150350.0,150350.0,,,,,,,,,150350.0,150350.0,150350.0,150350.0,150350.0,150350.0,150350.0,150350.0,150350.0,150350.0,150350.0,150350.0,150350.0,150350.0,150350.0,150350.0,150350.0,150350.0,150350.0,150350.0,150350.0,150350.0,150350.0,150350.0,150350.0,150350.0,150350.0,150350.0,150350.0,150350.0,150350.0,150350.0,150350.0,150350.0,150350.0,150350.0,150350.0,150350.0,150350.0,150350.0,150350.0,150350.0,150350.0,150350.0,150350.0,150350.0,150350.0,150350.0,150350.0,150350.0,150350.0,150350.0,150350.0,150350.0,150350.0,150350.0,150350.0,150350.0,150350.0,150350.0,150350.0,150350.0,150350.0,150350.0,150350.0,150350.0,150350.0,150350.0,150350.0,150350.0,150350.0,150350.0,150350.0,150350.0,150350.0,150350.0,150350.0,150350.0,150350.0,150350.0,150350.0,150350.0,150350.0,150350.0,150350.0,150350.0,150350.0,150350.0,150350.0,150350.0,150350.0,150350.0,150350.0,150350.0,150350.0,150350.0,150350.0,150350.0,150350.0,150350.0,150350.0,150350.0,150350.0,150350.0,150350.0,150350.0,150350.0,150350.0,150350.0,150350.0,150350.0,150350.0,150350.0,150350.0,150350.0,150350.0,150350.0,150350.0,150350.0,150350.0,150350.0,,150350.0,150350.0,150350.0,150350.0,150350.0,150350.0,150350.0,150350.0,150350.0,150350.0,150350.0,150350.0,150350.0,150350.0,150350.0,150350.0,150350.0,150350.0,150350.0,150350.0,150350.0,150350.0,150350.0,150350.0,150350.0,150350.0,150350.0,150350.0,150350.0,150350.0,150350.0,150350.0,150350.0,150350.0,150350.0,150350.0,150350.0,150350.0,150350.0,150350.0,150350.0,150350.0,150350.0,150350.0,150350.0,150350.0,150350.0,150350.0,150350.0,150350.0,150350.0,150350.0,150350.0,150350.0,150350.0,150350.0,150350.0,150350.0,150350.0,150350.0,150350.0,150350.0,150350.0,150350.0,150350.0,150350.0,150350.0,150350.0,150350.0,150350.0,150350.0,150350.0,150350.0,150350.0,150350.0,150350.0,150350.0,150350.0,150350.0,150350.0,150350.0,150350.0,150350.0,150350.0,150350.0,150350.0,150350.0,150350.0,150350.0,150350.0,150350.0,150350.0,150350.0,150350.0,150350.0,150350.0,150350.0,150350.0,150350.0,150350.0,150350.0,150350.0,150350.0,150350.0,150350.0,150350.0,150350.0,150350.0,150350.0,150350.0,150350.0,150350.0,150350.0,150350
cEMO-4gQagM,41245.0,41287.0,41307.0,41336.0,41386.0,41422.0,41449.0,41471.0,41499.0,41523.0,41548.0,41585.0,41609.0,41630.0,41657.0,41681.0,41702.0,41724.0,41740.0,41760.0,41792.0,41821.0,41857.0,41876.0,41899.0,41921.0,41949.0,41971.0,42003.0,42031.0,42051.0,42073.0,42126.0,42182.0,42227.0,42266.0,42301.0,42340.0,42375.0,42408.0,42437.0,42467.0,42483.0,42512.0,42538.0,42551.0,42574.0,42593.0,42617.0,42635.0,42653.0,42680.0,42692.0,42722.0,42738.0,42766.0,42794.0,42824.0,42849.0,42879.0,42904.0,42938.0,42969.0,43004.0,43053.0,43105.0,43148.0,43176.0,43202.0,43237.0,43275.0,43303.0,43333.0,43368.0,43395.0,43431.0,43468.0,43490.0,43534.0,43564.0,43590.0,43638.0,43678.0,43708.0,43731.0,43765.0,43804.0,43829.0,43892.0,43923.0,43971.0,43994.0,44027.0,44062.0,44088.0,44127.0,44161.0,44197.0,44239.0,44267.0,44295.0,44336.0,44364.0,44395.0,44429.0,44457.0,44483.0,44502.0,44529.0,44556.0,44585.0,44610.0,44630.0,44655.0,44681.0,44707.0,44740.0,44759.0,44782.0,44807.0,44824.0,44857.0,44872.0,44893.0,44926.0,44948.0,44982.0,44999.0,45019.0,45039.0,45060.0,45075.0,45103.0,45115.0,,,,,,,,,45441.0,45460.0,45483.0,45520.0,45530.0,45559.0,45582.0,45611.0,45623.0,45645.0,45657.0,45681.0,45705.0,45733.0,45756.0,45768.0,45775.0,45790.0,45808.0,45821.0,45830.0,45848.0,45860.0,45876.0,45912.0,45925.0,45933.0,45958.0,45972.0,45992.0,46009.0,46020.0,46043.0,46061.0,46071.0,46087.0,46102.0,46118.0,46138.0,46154.0,46169.0,46189.0,46206.0,46218.0,46233.0,46254.0,46275.0,46295.0,46320.0,46335.0,46354.0,46374.0,46396.0,46411.0,46440.0,46464.0,46483.0,46520.0,46553.0,46569.0,46586.0,46605.0,46618.0,46642.0,46667.0,46685.0,46713.0,46737.0,46748.0,46763.0,46777.0,46794.0,46816.0,46840.0,46860.0,46882.0,46907.0,46923.0,46938.0,46960.0,46991.0,47015.0,47038.0,47057.0,47082.0,47105.0,47126.0,47147.0,47168.0,47194.0,47209.0,47228.0,47246.0,47263.0,47284.0,47304.0,47325.0,47355.0,47368.0,47391.0,47407.0,47431.0,47437.0,47450.0,47468.0,47492.0,47503.0,47538.0,47560.0,47584.0,47614.0,47663.0,47676.0,47688.0,47729.0,47758.0,47781.0,47802.0,47820.0,47844.0,47868.0,,47901.0,47929.0,47967.0,47984.0,48015.0,48042.0,48055.0,48077.0,48099.0,48131.0,48148.0,48172.0,48199.0,48229.0,48247.0,48264.0,48285.0,48304.0,48329.0,48353.0,48376.0,48406.0,48432.0,48451.0,48499.0,48589.0,48660.0,48722.0,48762.0,48804.0,48845.0,48875.0,48891.0,48915.0,48948.0,48971.0,49002.0,49034.0,49055.0,49082.0,49117.0,49139.0,49158.0,49176.0,49204.0,49228.0,49247.0,49269.0,49285.0,49312.0,49332.0,49352.0,49387.0,49414.0,49441.0,49470.0,49506.0,49533.0,49547.0,49586.0,49618.0,49635.0,49653.0,49686.0,49716.0,49738.0,49760.0,49777.0,49801.0,49819.0,49838.0,49859.0,49882.0,49920.0,49948.0,49970.0,50004.0,50039.0,50068.0,50120.0,50161.0,50197.0,50243.0,50334.0,50399.0,50458.0,50524.0,50577.0,50613.0,50660.0,50695.0,50740.0,50785.0,50848.0,50903.0,50955.0,51008.0,51061.0,51123.0,51181.0,51224.0,51277.0,51337.0,51374.0,51449.0,51494.0,51558.0,51631.0,51717.0,51766.0,51813.0,51850.0,51916.0,51997
H2tuUNd8Miw,8484.0,8484.0,8485.0,8489.0,8489.0,8490.0,8495.0,8499.0,8502.0,8505.0,8510.0,8517.0,8522.0,8526.0,8534.0,8541.0,8549.0,8552.0,8555.0,8558.0,8562.0,8564.0,8567.0,8569.0,8572.0,8576.0,8579.0,8584.0,8585.0,8586.0,8589.0,8590.0,8591.0,8593.0,8596.0,8597.0,8597.0,8600.0,8600.0,8602.0,8603.0,8604.0,8608.0,8608.0,8612.0,8617.0,8621.0,8624.0,8627.0,8632.0,8635.0,8636.0,8639.0,8643.0,8646.0,8647.0,8651.0,8656.0,8657.0,8657.0,8660.0,8667.0,8672.0,8677.0,8693.0,8696.0,8702.0,8707.0,8711.0,8719.0,8720.0,8724.0,8727.0,8728.0,8729.0,8732.0,8733.0,8734.0,8740.0,8740.0,8740.0,8740.0,8743.0,8744.0,8746.0,8747.0,8753.0,8757.0,8766.0,8773.0,8780.0,8787.0,8793.0,8798.0,8805.0,8809.0,8810.0,8816.0,8821.0,8826.0,8834.0,8839.0,8843.0,8846.0,8855.0,8859.0,8861.0,8863.0,8872.0,8877.0,8879.0,8880.0,8885.0,8887.0,8888.0,8893.0,8898.0,8901.0,8908.0,8916.0,8919.0,8921.0,8923.0,8925.0,8926.0,8927.0,8928.0,8930.0,8932.0,8931.0,8931.0,8932.0,8936.0,8942.0,,,,,,,,,8994.0,9000.0,9002.0,9005.0,9008.0,9013.0,9015.0,9019.0,9019.0,9022.0,9027.0,9030.0,9032.0,9036.0,9047.0,9063.0,9066.0,9067.0,9069.0,9071.0,9073.0,9078.0,9081.0,9084.0,9084.0,9084.0,9088.0,9091.0,9096.0,9099.0,9102.0,9103.0,9105.0,9112.0,9118.0,9121.0,9126.0,9129.0,9131.0,9134.0,9138.0,9139.0,9142.0,9142.0,9143.0,9144.0,9146.0,9151.0,9153.0,9155.0,9157.0,9159.0,9160.0,9163.0,9166.0,9169.0,9169.0,9173.0,9181.0,9186.0,9188.0,9190.0,9193.0,9195.0,9196.0,9198.0,9202.0,9203.0,9204.0,9206.0,9207.0,9211.0,9217.0,9222.0,9224.0,9227.0,9230.0,9231.0,9232.0,9232.0,9235.0,9237.0,9240.0,9242.0,9247.0,9247.0,9249.0,9250.0,9252.0,9253.0,9253.0,9254.0,9255.0,9257.0,9257.0,9258.0,9259.0,9263.0,9265.0,9270.0,9273.0,9274.0,9275.0,9278.0,9281.0,9283.0,9291.0,9299.0,9304.0,9309.0,9315.0,9327.0,9331.0,9335.0,9341.0,9345.0,9347.0,9349.0,9352.0,9357.0,9368.0,,9378.0,9383.0,9386.0,9391.0,9392.0,9392.0,9392.0,9395.0,9397.0,9401.0,9405.0,9407.0,9408.0,9411.0,9417.0,9422.0,9425.0,9429.0,9433.0,9435.0,9439.0,9438.0,9442.0,9443.0,9447.0,9450.0,9454.0,9455.0,9459.0,9462.0,9465.0,9468.0,9470.0,9474.0,9476.0,9484.0,9490.0,9498.0,9504.0,9508.0,9512.0,9516.0,9518.0,9522.0,9530.0,9533.0,9537.0,9542.0,9547.0,9548.0,9549.0,9552.0,9555.0,9557.0,9559.0,9564.0,9564.0,9564.0,9564.0,9566.0,9567.0,9569.0,9572.0,9572.0,9574.0,9574.0,9578.0,9582.0,9584.0,9589.0,9591.0,9592.0,9595.0,9599.0,9603.0,9613.0,9618.0,9626.0,9628.0,9637.0,9643.0,9646.0,9649.0,9652.0,9657.0,9661.0,9664.0,9667.0,9675.0,9676.0,9681.0,9692.0,9703.0,9704.0,9711.0,9713.0,9720.0,9725.0,9729.0,9731.0,9733.0,9736.0,9738.0,9739.0,9744.0,9750.0,9755.0,9760.0,9763.0,9763.0,9763.0,9764.0,9769.0,9772
YjlxvB4oeBs,10479.0,10483.0,10488.0,10490.0,10490.0,10493.0,10494.0,10495.0,10497.0,10499.0,10505.0,10507.0,10511.0,10514.0,10519.0,10523.0,10525.0,10528.0,10528.0,10527.0,10528.0,10532.0,10537.0,10539.0,10540.0,10545.0,10547.0,10553.0,10554.0,10554.0,10557.0,10560.0,10566.0,10569.0,10570.0,10572.0,10580.0,10587.0,10593.0,10601.0,10607.0,10616.0,10624.0,10635.0,10641.0,10651.0,10656.0,10657.0,10660.0,10663.0,10673.0,10678.0,10680.0,10686.0,10692.0,10695.0,10699.0,10714.0,10718.0,10720.0,10724.0,10728.0,10734.0,10738.0,10740.0,10747.0,10753.0,10756.0,10758.0,10759.0,10764.0,10770.0,10772.0,10775.0,10777.0,10778.0,10780.0,10782.0,10788.0,10792.0,10797.0,10802.0,10806.0,10813.0,10816.0,10819.0,10821.0,10822.0,10824.0,10827.0,10828.0,10829.0,10830.0,10835.0,10835.0,10839.0,10844.0,10845.0,10850.0,10854.0,10858.0,10860.0,10861.0,10865.0,10866.0,10868.0,10871.0,10874.0,10876.0,10878.0,10883.0,10886.0,10890.0,10896.0,10898.0,10899.0,10901.0,10905.0,10910.0,10912.0,10913.0,10916.0,10919.0,10920.0,10935.0,10950.0,10952.0,10958.0,10969.0,10977.0,10988.0,10992.0,10995.0,11000.0,,,,,,,,,11044.0,11049.0,11052.0,11058.0,11067.0,11071.0,11072.0,11074.0,11079.0,11079.0,11081.0,11086.0,11091.0,11092.0,11096.0,11096.0,11097.0,11100.0,11101.0,11105.0,11105.0,11108.0,11110.0,11111.0,11113.0,11121.0,11125.0,11129.0,11134.0,11139.0,11142.0,11146.0,11150.0,11151.0,11156.0,11157.0,11162.0,11169.0,11174.0,11179.0,11181.0,11182.0,11183.0,11189.0,11193.0,11197.0,11199.0,11205.0,11212.0,11216.0,11219.0,11222.0,11223.0,11225.0,11230.0,11233.0,11239.0,11239.0,11243.0,11244.0,11246.0,11249.0,11251.0,11253.0,11254.0,11257.0,11261.0,11264.0,11266.0,11269.0,11274.0,11277.0,11278.0,11280.0,11284.0,11289.0,11294.0,11299.0,11300.0,11303.0,11311.0,11319.0,11321.0,11327.0,11331.0,11331.0,11334.0,11345.0,11350.0,11352.0,11358.0,11366.0,11373.0,11377.0,11379.0,11386.0,11391.0,11396.0,11403.0,11411.0,11427.0,11437.0,11450.0,11462.0,11470.0,11478.0,11483.0,11488.0,11495.0,11506.0,11515.0,11521.0,11526.0,11532.0,11537.0,11541.0,11544.0,11553.0,11565.0,11575.0,11580.0,,11592.0,11595.0,11601.0,11605.0,11606.0,11609.0,11610.0,11613.0,11615.0,11616.0,11618.0,11624.0,11629.0,11631.0,11637.0,11646.0,11652.0,11656.0,11659.0,11664.0,11669.0,11672.0,11681.0,11685.0,11692.0,11699.0,11714.0,11723.0,11728.0,11732.0,11734.0,11737.0,11740.0,11744.0,11749.0,11752.0,11759.0,11760.0,11764.0,11768.0,11775.0,11783.0,11791.0,11797.0,11805.0,11816.0,11818.0,11819.0,11822.0,11828.0,11828.0,11834.0,11836.0,11839.0,11841.0,11849.0,11858.0,11863.0,11878.0,11884.0,11893.0,11888.0,11890.0,11898.0,11910.0,11912.0,11916.0,11922.0,11929.0,11936.0,11940.0,11943.0,11948.0,11952.0,11955.0,11956.0,11961.0,11963.0,11972.0,11981.0,11988.0,11988.0,11997.0,12004.0,12006.0,12016.0,12024.0,12025.0,12029.0,12035.0,12038.0,12040.0,12044.0,12060.0,12076.0,12087.0,12097.0,12105.0,12108.0,12114.0,12118.0,12124.0,12130.0,12133.0,12138.0,12141.0,12146.0,12154.0,12162.0,12166.0,12171.0,12174.0,12179.0,12183
rJMd2bFqhnk,635814.0,636012.0,636238.0,636400.0,636600.0,636799.0,637011.0,637215.0,637400.0,637607.0,637784.0,637987.0,638169.0,638382.0,638575.0,638762.0,638947.0,639089.0,639277.0,639472.0,639668.0,639888.0,640088.0,640237.0,640373.0,640544.0,640698.0,640915.0,641093.0,641284.0,641436.0,641577.0,641731.0,641938.0,642146.0,642347.0,642554.0,642702.0,642838.0,643025.0,643191.0,643378.0,643560.0,643724.0,643883.0,644017.0,644201.0,644416.0,644574.0,644746.0,644906.0,645063.0,645199.0,645374.0,645582.0,645734.0,645908.0,646088.0,646255.0,646374.0,646507.0,646684.0,646876.0,647051.0,647236.0,647445.0,647593.0,647784.0,647936.0,648181.0,648331.0,648507.0,648688.0,648876.0,649051.0,649272.0,649431.0,649679.0,649919.0,650123.0,650323.0,650510.0,650727.0,650948.0,651223.0,651492.0,651804.0,651986.0,652274.0,652623.0,652930.0,653274.0,653554.0,653797.0,654026.0,654266.0,654527.0,654786.0,655050.0,655273.0,655503.0,655741.0,655997.0,656300.0,656567.0,656959.0,657294.0,657558.0,657843.0,658176.0,658453.0,658690.0,658943.0,659203.0,659479.0,659649.0,659935.0,660184.0,660450.0,660702.0,660922.0,661142.0,661331.0,661504.0,661666.0,661909.0,662039.0,662250.0,662445.0,662633.0,662834.0,663053.0,663301.0,663508.0,,,,,,,,,665440.0,665660.0,665852.0,666120.0,666332.0,666559.0,666774.0,666953.0,667092.0,667251.0,667397.0,667490.0,667491.0,667491.0,667491.0,667491.0,667491.0,667491.0,667491.0,667491.0,667491.0,667491.0,667491.0,667491.0,667491.0,667491.0,667491.0,667491.0,667491.0,667491.0,667491.0,667491.0,667491.0,667491.0,667491.0,667491.0,667491.0,667491.0,667491.0,667491.0,667491.0,667491.0,667491.0,667491.0,667491.0,667491.0,667491.0,667491.0,667491.0,667491.0,667491.0,667491.0,667491.0,667491.0,667491.0,667491.0,667491.0,667491.0,667491.0,667491.0,667491.0,667491.0,667491.0,667491.0,667491.0,667491.0,667491.0,667491.0,667491.0,667491.0,667491.0,667491.0,667491.0,667491.0,667491.0,667491.0,667491.0,667491.0,667491.0,667491.0,667491.0,667491.0,667491.0,667491.0,667491.0,667491.0,667491.0,667491.0,667491.0,667491.0,667491.0,667491.0,667491.0,667491.0,667491.0,667491.0,667491.0,667491.0,667491.0,667491.0,667491.0,667491.0,667491.0,667491.0,667491.0,667491.0,667491.0,667491.0,667491.0,667491.0,667491.0,667491.0,667491.0,667491.0,667491.0,667491.0,667491.0,667491.0,667491.0,667491.0,667491.0,,667491.0,667491.0,667491.0,667491.0,667491.0,667491.0,667491.0,667491.0,667491.0,667491.0,667491.0,667491.0,667491.0,667491.0,667491.0,667491.0,667491.0,667491.0,667491.0,667491.0,667491.0,667491.0,667491.0,667491.0,667491.0,667491.0,667491.0,667491.0,667491.0,667491.0,667491.0,667491.0,667491.0,667491.0,667491.0,667491.0,667491.0,667491.0,667491.0,667491.0,667491.0,667491.0,667491.0,667491.0,667491.0,667491.0,667491.0,667491.0,667491.0,667491.0,667491.0,667491.0,667491.0,667491.0,667491.0,667491.0,667491.0,667491.0,667491.0,667491.0,667491.0,667491.0,667491.0,667491.0,667491.0,667491.0,667491.0,667491.0,667491.0,667491.0,667491.0,667491.0,667491.0,667491.0,667491.0,667491.0,667491.0,667491.0,667491.0,667491.0,667491.0,667491.0,667491.0,667491.0,667491.0,667491.0,667491.0,667491.0,667491.0,667491.0,667491.0,667491.0,667491.0,667491.0,667491.0,667491.0,667491.0,667491.0,667491.0,667491.0,667491.0,667491.0,667491.0,667491.0,667491.0,667491.0,667491.0,667491.0,667491.0,667491.0,667491.0,667491.0,667491.0,667491
5vmJ_wq2NeA,8057443.0,8062237.0,8067399.0,8073845.0,8080471.0,8086562.0,8092109.0,8097119.0,8102560.0,8109060.0,8115568.0,8120325.0,8124578.0,8129073.0,8134333.0,8139928.0,8144748.0,8148823.0,8153441.0,8158462.0,8163721.0,8169391.0,8174697.0,8180423.0,8185042.0,8189918.0,8195218.0,8200210.0,8205675.0,8210631.0,8214949.0,8219051.0,8223564.0,8228538.0,8233248.0,8238656.0,8244073.0,8248891.0,8252823.0,8257066.0,8261231.0,8265429.0,8269862.0,8274412.0,8278438.0,8282094.0,8286356.0,8291032.0,8295491.0,8300354.0,8304978.0,8310186.0,8314800.0,8319611.0,8324916.0,8330015.0,8334956.0,8340113.0,8345569.0,8350492.0,8355643.0,8361266.0,8366739.0,8372022.0,8376940.0,8382257.0,8387128.0,8392646.0,8397134.0,8403387.0,8408735.0,8413460.0,8417874.0,8422544.0,8427725.0,8432770.0,8438012.0,8442388.0,8446696.0,8451388.0,8456227.0,8461382.0,8466435.0,8471714.0,8476535.0,8481152.0,8485361.0,8489379.0,8494589.0,8499930.0,8505313.0,8510255.0,8514266.0,8518197.0,8521866.0,8526708.0,8531491.0,8536816.0,8541593.0,8545619.0,8549639.0,8553421.0,8557629.0,8561960.0,8566717.0,8571644.0,8576321.0,8581059.0,8585507.0,8589918.0,8594449.0,8598741.0,8603042.0,8607395.0,8611472.0,8615153.0,8619431.0,8623825.0,8628420.0,8632747.0,8636750.0,8640545.0,8643866.0,8647868.0,8651885.0,8655880.0,8660048.0,8664391.0,8668712.0,8672781.0,8677497.0,8682078.0,8687047.0,8691392.0,,,,,,,,,8731496.0,8736094.0,8740746.0,8745507.0,8750327.0,8754499.0,8758631.0,8762590.0,8766719.0,8771330.0,8775996.0,8781107.0,8786035.0,8790767.0,8795036.0,8799512.0,8805245.0,8812284.0,8818099.0,8823703.0,8829074.0,8834343.0,8839968.0,8845719.0,8851193.0,8856701.0,8862853.0,8868972.0,8875487.0,8881236.0,8887933.0,8895107.0,8901884.0,8908502.0,8915005.0,8920981.0,8927230.0,8934238.0,8941594.0,8948649.0,8956306.0,8964433.0,8972274.0,8979147.0,8986678.0,8994307.0,9002246.0,9010526.0,9018458.0,9026612.0,9035414.0,9045940.0,9056534.0,9066994.0,9076311.0,9087180.0,9097358.0,9107807.0,9119671.0,9130854.0,9141954.0,9153004.0,9162390.0,9171465.0,9180463.0,9190096.0,9199329.0,9208824.0,9217227.0,9225997.0,9233986.0,9242011.0,9250707.0,9258290.0,9265618.0,9272792.0,9280470.0,9287586.0,9293893.0,9300740.0,9307617.0,9314175.0,9321614.0,9327886.0,9333394.0,9338450.0,9344710.0,9352052.0,9358607.0,9365114.0,9371450.0,9377614.0,9383048.0,9389554.0,9395630.0,9401880.0,9407692.0,9413188.0,9418237.0,9423033.0,9428644.0,9433681.0,9438937.0,9444069.0,9449099.0,9454034.0,9458709.0,9464698.0,9470282.0,9476306.0,9482477.0,9488305.0,9493915.0,9499513.0,9505406.0,9511155.0,9516786.0,9522394.0,9528481.0,9534994.0,9541002.0,,9553637.0,9560451.0,9567463.0,9574511.0,9581709.0,9588177.0,9594000.0,9599710.0,9605816.0,9612227.0,9618170.0,9623827.0,9629123.0,9634678.0,9640080.0,9646508.0,9652548.0,9657955.0,9664081.0,9669414.0,9675304.0,9681212.0,9687046.0,9693012.0,9700058.0,9707717.0,9713383.0,9719583.0,9726248.0,9733402.0,9740635.0,9747180.0,9753972.0,9759654.0,9765700.0,9772159.0,9778029.0,9784692.0,9791669.0,9798693.0,9805179.0,9814083.0,9822060.0,9828496.0,9835340.0,9841576.0,9846606.0,9850483.0,9854792.0,9859189.0,9863625.0,9868202.0,9872527.0,9877392.0,9881319.0,9885646.0,9890014.0,9894418.0,9899091.0,9903740.0,9908714.0,9913320.0,9918030.0,9923372.0,9928988.0,9934055.0,9937931.0,9941502.0,9944809.0,9948684.0,9952823.0,9957041.0,9961237.0,9965773.0,9969796.0,9973916.0,9978504.0,9982777.0,9987142.0,9991330.0,9995951.0,10000129.0,10004179.0,10008887.0,10014472.0,10019575.0,10024500.0,10030402.0,10036140.0,10041336.0,10047050.0,10052946.0,10057978.0,10062853.0,10068166.0,10073515.0,10078306.0,10083097.0,10088276.0,10093484.0,10097974.0,10102572.0,10107089.0,10111101.0,10115856.0,10120466.0,10125211.0,10129760.0,10134206.0,10138900.0,10142991.0,10147339.0,10151632.0,10156442
jNYVbmVIP4A,11912507.0,11916994.0,11921789.0,11926614.0,11931720.0,11936640.0,11941387.0,11946430.0,11951776.0,11957581.0,11962679.0,11967445.0,11972491.0,11977661.0,11983354.0,11988179.0,11992738.0,11996726.0,12001475.0,12006320.0,12011348.0,12016369.0,12020932.0,12025755.0,12029926.0,12034558.0,12039719.0,12045117.0,12050725.0,12055398.0,12059639.0,12063613.0,12068878.0,12075011.0,12080149.0,12085058.0,12089599.0,12093664.0,12097590.0,12102644.0,12107250.0,12111225.0,12115210.0,12119062.0,12123283.0,12127540.0,12132229.0,12137118.0,12141576.0,12145293.0,12148786.0,12152347.0,12155853.0,12159663.0,12163934.0,12167899.0,12171444.0,12174886.0,12178188.0,12181417.0,12185567.0,12190042.0,12194399.0,12198256.0,12201802.0,12205089.0,12208278.0,12211783.0,12215094.0,12219218.0,12223167.0,12226689.0,12230236.0,12233320.0,12236760.0,12240290.0,12243749.0,12247395.0,12251134.0,12254840.0,12257900.0,12261244.0,12264826.0,12268766.0,12272590.0,12276282.0,12279911.0,12283517.0,12287642.0,12292230.0,12296466.0,12300420.0,12303872.0,12307218.0,12310280.0,12313797.0,12317175.0,12320587.0,12323951.0,12327237.0,12330386.0,12333669.0,12337440.0,12340997.0,12344905.0,12348973.0,12352462.0,12355843.0,12359176.0,12362884.0,12366631.0,12370333.0,12373844.0,12377538.0,12380733.0,12383492.0,12386765.0,12389996.0,12393181.0,12396185.0,12399104.0,12401714.0,12404264.0,12407220.0,12410715.0,12414275.0,12417770.0,12421073.0,12424063.0,12426794.0,12430143.0,12433928.0,12437877.0,12441262.0,,,,,,,,,12475006.0,12478606.0,12482685.0,12486360.0,12490217.0,12493777.0,12497257.0,12500436.0,12504006.0,12508133.0,12512018.0,12515767.0,12519580.0,12523146.0,12526694.0,12530153.0,12534064.0,12538331.0,12542496.0,12546440.0,12550051.0,12553341.0,12556637.0,12560659.0,12564923.0,12569053.0,12573217.0,12577592.0,12581705.0,12585752.0,12590515.0,12595396.0,12600313.0,12605148.0,12610037.0,12614591.0,12618922.0,12623966.0,12629423.0,12634536.0,12639693.0,12644482.0,12649278.0,12653696.0,12658893.0,12663873.0,12669083.0,12674444.0,12679867.0,12684493.0,12691772.0,12699368.0,12706349.0,12712546.0,12718273.0,12723754.0,12728288.0,12733255.0,12738896.0,12745024.0,12750826.0,12755581.0,12760413.0,12764884.0,12769289.0,12774558.0,12780013.0,12784960.0,12788884.0,12793368.0,12797995.0,12802395.0,12807651.0,12813294.0,12818727.0,12823768.0,12829250.0,12834015.0,12838414.0,12843854.0,12849454.0,12854696.0,12860021.0,12865517.0,12870031.0,12874426.0,12880182.0,12887741.0,12893623.0,12899027.0,12904090.0,12908536.0,12912695.0,12917407.0,12922252.0,12926786.0,12931394.0,12935675.0,12939589.0,12943296.0,12947552.0,12951823.0,12956071.0,12960328.0,12964269.0,12967750.0,12971153.0,12975149.0,12979109.0,12983296.0,12987142.0,12990959.0,12994145.0,12997240.0,13000613.0,13003742.0,13007027.0,13010264.0,13013606.0,13016629.0,13019337.0,,13026316.0,13029974.0,13033400.0,13036648.0,13039661.0,13042381.0,13045493.0,13048726.0,13051971.0,13055250.0,13058146.0,13060915.0,13063600.0,13066548.0,13069760.0,13073092.0,13076341.0,13079701.0,13082704.0,13085459.0,13088689.0,13091842.0,13094858.0,13097788.0,13100569.0,13102938.0,13105138.0,13107747.0,13110693.0,13113872.0,13117040.0,13119919.0,13122712.0,13125356.0,13128551.0,13131871.0,13135163.0,13138577.0,13141622.0,13144508.0,13147322.0,13150771.0,13154367.0,13158111.0,13161904.0,13165249.0,13168325.0,13171378.0,13174996.0,13178396.0,13182338.0,13186140.0,13189775.0,13193110.0,13196027.0,13199437.0,13203046.0,13206624.0,13210136.0,13213452.0,13216608.0,13219531.0,13223015.0,13226462.0,13230082.0,13233699.0,13236745.0,13239843.0,13242589.0,13245726.0,13248992.0,13252105.0,13255273.0,13258393.0,13261636.0,13264503.0,13268023.0,13274247.0,13279472.0,13283328.0,13287043.0,13290218.0,13293111.0,13296599.0,13299970.0,13303584.0,13307085.0,13310573.0,13313490.0,13316210.0,13319279.0,13322170.0,13324514.0,13327198.0,13329852.0,13332426.0,13334599.0,13337050.0,13339661.0,13342365.0,13345209.0,13347841.0,13350208.0,13352486.0,13355070.0,13357618.0,13360426.0,13363109.0,13365605.0,13367845.0,13370023.0,13372647.0,13375107.0,13377768
bE23GSUvTb4,802.0,804.0,804.0,805.0,806.0,806.0,806.0,807.0,807.0,807.0,808.0,808.0,808.0,808.0,811.0,811.0,813.0,814.0,814.0,814.0,816.0,816.0,818.0,818.0,818.0,819.0,819.0,819.0,821.0,821.0,821.0,821.0,821.0,821.0,822.0,822.0,822.0,822.0,822.0,823.0,824.0,826.0,826.0,826.0,827.0,827.0,827.0,827.0,832.0,832.0,832.0,832.0,832.0,832.0,833.0,833.0,833.0,833.0,834.0,835.0,835.0,835.0,835.0,836.0,836.0,837.0,837.0,840.0,840.0,841.0,841.0,841.0,842.0,843.0,843.0,844.0,844.0,844.0,845.0,845.0,846.0,846.0,846.0,846.0,846.0,846.0,846.0,847.0,847.0,848.0,849.0,851.0,852.0,853.0,853.0,853.0,855.0,855.0,855.0,855.0,856.0,856.0,857.0,858.0,858.0,859.0,859.0,859.0,860.0,861.0,861.0,862.0,862.0,863.0,863.0,865.0,865.0,865.0,865.0,865.0,865.0,866.0,866.0,867.0,867.0,867.0,867.0,868.0,868.0,868.0,868.0,868.0,868.0,869.0,,,,,,,,,886.0,888.0,888.0,889.0,895.0,901.0,912.0,919.0,929.0,937.0,959.0,968.0,975.0,979.0,983.0,992.0,996.0,996.0,999.0,1001.0,1002.0,1003.0,1006.0,1008.0,1009.0,1010.0,1011.0,1012.0,1013.0,1014.0,1014.0,1016.0,1016.0,1016.0,1017.0,1017.0,1017.0,1018.0,1019.0,1021.0,1021.0,1021.0,1024.0,1026.0,1026.0,1028.0,1028.0,1028.0,1029.0,1029.0,1030.0,1030.0,1030.0,1030.0,1031.0,1033.0,1033.0,1033.0,1033.0,1035.0,1035.0,1035.0,1035.0,1037.0,1037.0,1038.0,1038.0,1040.0,1040.0,1041.0,1043.0,1043.0,1044.0,1044.0,1047.0,1048.0,1049.0,1050.0,1050.0,1052.0,1053.0,1053.0,1054.0,1054.0,1055.0,1056.0,1057.0,1057.0,1057.0,1057.0,1057.0,1057.0,1061.0,1061.0,1061.0,1062.0,1066.0,1067.0,1067.0,1068.0,1069.0,1069.0,1069.0,1071.0,1071.0,1071.0,1072.0,1073.0,1073.0,1076.0,1077.0,1078.0,1081.0,1081.0,1081.0,1081.0,1081.0,1081.0,1082.0,1083.0,1084.0,,1084.0,1085.0,1085.0,1086.0,1086.0,1086.0,1086.0,1086.0,1088.0,1090.0,1091.0,1094.0,1094.0,1095.0,1095.0,1096.0,1096.0,1097.0,1100.0,1100.0,1100.0,1101.0,1102.0,1104.0,1106.0,1107.0,1107.0,1107.0,1107.0,1107.0,1107.0,1109.0,1110.0,1111.0,1113.0,1113.0,1113.0,1113.0,1114.0,1115.0,1115.0,1115.0,1115.0,1117.0,1120.0,1120.0,1123.0,1123.0,1124.0,1124.0,1124.0,1124.0,1126.0,1126.0,1126.0,1129.0,1130.0,1131.0,1133.0,1134.0,1134.0,1134.0,1134.0,1135.0,1135.0,1136.0,1138.0,1138.0,1138.0,1138.0,1138.0,1139.0,1140.0,1141.0,1141.0,1141.0,1141.0,1141.0,1141.0,1142.0,1142.0,1143.0,1144.0,1145.0,1146.0,1146.0,1146.0,1147.0,1147.0,1147.0,1147.0,1148.0,1148.0,1149.0,1149.0,1149.0,1150.0,1150.0,1150.0,1150.0,1151.0,1151.0,1152.0,1152.0,1153.0,1154.0,1155.0,1155.0,1156.0,1158.0,1158.0,1160.0,1161.0,1161
e5k9KesPltU,46456.0,46665.0,46914.0,47116.0,47373.0,47604.0,47792.0,47917.0,48052.0,48188.0,48348.0,48774.0,49359.0,49921.0,50522.0,50879.0,51181.0,51465.0,51713.0,52054.0,52353.0,52695.0,53024.0,53345.0,53638.0,53989.0,54412.0,54927.0,55345.0,55766.0,56051.0,56297.0,56584.0,56783.0,57012.0,57217.0,57401.0,57624.0,57793.0,57993.0,58134.0,58291.0,58454.0,58592.0,58732.0,58849.0,59029.0,59174.0,59327.0,59490.0,59631.0,59728.0,59834.0,59941.0,60052.0,60157.0,60269.0,60372.0,60489.0,60596.0,60707.0,60844.0,61062.0,61320.0,61499.0,61656.0,61806.0,61934.0,62107.0,62331.0,62528.0,62756.0,62933.0,63103.0,63274.0,63578.0,63951.0,64344.0,64763.0,65241.0,65761.0,66247.0,66806.0,67547.0,68209.0,69050.0,69934.0,70470.0,71344.0,72070.0,72857.0,73796.0,74643.0,75236.0,75802.0,76445.0,76981.0,77672.0,78433.0,78972.0,79459.0,79971.0,80575.0,81232.0,81874.0,82490.0,83166.0,83996.0,84653.0,85217.0,85740.0,86192.0,86559.0,86933.0,87326.0,87586.0,87913.0,88236.0,88728.0,89153.0,89576.0,89955.0,90232.0,90582.0,90919.0,91318.0,91638.0,91955.0,92246.0,92455.0,92779.0,93110.0,93570.0,94077.0,,,,,,,,,97695.0,98204.0,98743.0,99576.0,100185.0,100826.0,101478.0,102047.0,102849.0,103437.0,104400.0,105469.0,106457.0,107492.0,108062.0,108530.0,109021.0,109537.0,109980.0,110670.0,111293.0,111772.0,112331.0,112843.0,113493.0,114149.0,114717.0,115345.0,115775.0,116153.0,116995.0,119263.0,122330.0,124892.0,127307.0,129104.0,130670.0,132921.0,134630.0,136164.0,137835.0,139276.0,140245.0,141180.0,142323.0,143700.0,145151.0,146708.0,148050.0,149180.0,150276.0,151558.0,152933.0,154386.0,155645.0,156873.0,158045.0,158952.0,160021.0,161047.0,162053.0,162994.0,163907.0,164799.0,165617.0,166701.0,168040.0,169141.0,169938.0,170821.0,171696.0,172520.0,173522.0,174511.0,175512.0,176742.0,178085.0,179064.0,179826.0,180728.0,182325.0,183653.0,184730.0,185647.0,186477.0,187180.0,188100.0,188958.0,189896.0,190575.0,191319.0,191867.0,192290.0,192754.0,193410.0,194071.0,194921.0,195767.0,196449.0,197069.0,197788.0,198590.0,199402.0,200098.0,200814.0,201362.0,201914.0,202507.0,203049.0,203733.0,204253.0,204806.0,205200.0,205613.0,206012.0,206298.0,206647.0,206994.0,207418.0,207717.0,207986.0,,208440.0,208780.0,209110.0,209397.0,209710.0,209950.0,210173.0,210404.0,210641.0,210920.0,211166.0,211396.0,211573.0,211803.0,211997.0,212248.0,212573.0,212881.0,213069.0,213231.0,213465.0,213674.0,213864.0,214158.0,214344.0,214499.0,214677.0,214877.0,215144.0,215358.0,215562.0,215770.0,215919.0,216043.0,216185.0,216393.0,216585.0,216776.0,216960.0,217178.0,217340.0,217586.0,217966.0,218476.0,218870.0,219324.0,220076.0,220600.0,221391.0,222136.0,222940.0,223662.0,224327.0,224966.0,225398.0,225833.0,226412.0,226809.0,227292.0,227708.0,228137.0,228442.0,228809.0,229150.0,229608.0,230160.0,231429.0,232360.0,233083.0,234047.0,234999.0,236262.0,237412.0,238681.0,239441.0,239973.0,240478.0,241137.0,241782.0,242500.0,243412.0,244007.0,244469.0,245009.0,245614.0,246240.0,246762.0,247380.0,247972.0,248480.0,248959.0,249511.0,250320.0,251067.0,251751.0,252387.0,252988.0,253730.0,254581.0,255405.0,256195.0,257012.0,257588.0,258190.0,258821.0,259687.0,260449.0,261264.0,261939.0,262640.0,263275.0,263997.0,264675.0,265441
eWMK7EImKrs,794.0,794.0,794.0,794.0,794.0,794.0,794.0,794.0,795.0,795.0,795.0,795.0,795.0,797.0,797.0,797.0,797.0,797.0,797.0,797.0,797.0,797.0,797.0,797.0,797.0,797.0,797.0,797.0,797.0,797.0,797.0,797.0,798.0,799.0,799.0,799.0,799.0,800.0,800.0,800.0,800.0,800.0,800.0,800.0,800.0,800.0,800.0,800.0,800.0,800.0,801.0,801.0,802.0,802.0,802.0,802.0,802.0,802.0,802.0,802.0,802.0,803.0,803.0,804.0,806.0,806.0,806.0,807.0,807.0,807.0,807.0,807.0,807.0,807.0,807.0,807.0,807.0,807.0,807.0,807.0,807.0,807.0,807.0,807.0,807.0,807.0,807.0,807.0,807.0,807.0,807.0,807.0,808.0,808.0,808.0,808.0,808.0,808.0,808.0,808.0,808.0,808.0,808.0,808.0,808.0,808.0,808.0,808.0,808.0,808.0,808.0,808.0,808.0,808.0,808.0,808.0,808.0,808.0,808.0,808.0,808.0,809.0,809.0,809.0,809.0,809.0,809.0,809.0,809.0,809.0,809.0,809.0,809.0,809.0,,,,,,,,,809.0,809.0,809.0,809.0,809.0,809.0,809.0,809.0,809.0,809.0,809.0,809.0,809.0,809.0,809.0,809.0,809.0,809.0,809.0,809.0,809.0,809.0,809.0,809.0,809.0,809.0,809.0,809.0,809.0,809.0,809.0,809.0,809.0,809.0,809.0,809.0,809.0,809.0,809.0,809.0,809.0,809.0,809.0,809.0,809.0,809.0,809.0,809.0,809.0,809.0,809.0,809.0,809.0,809.0,809.0,809.0,809.0,809.0,809.0,809.0,809.0,809.0,809.0,809.0,809.0,809.0,809.0,809.0,809.0,809.0,809.0,809.0,809.0,809.0,809.0,809.0,809.0,809.0,809.0,810.0,810.0,810.0,810.0,810.0,810.0,810.0,810.0,810.0,810.0,810.0,810.0,810.0,810.0,810.0,810.0,810.0,810.0,810.0,810.0,810.0,810.0,810.0,810.0,810.0,810.0,810.0,810.0,810.0,810.0,810.0,810.0,810.0,810.0,810.0,810.0,810.0,810.0,810.0,810.0,810.0,810.0,,810.0,810.0,810.0,810.0,810.0,811.0,811.0,811.0,811.0,811.0,811.0,811.0,811.0,811.0,811.0,811.0,811.0,811.0,811.0,811.0,811.0,811.0,811.0,811.0,811.0,811.0,811.0,811.0,811.0,811.0,811.0,811.0,811.0,811.0,811.0,811.0,811.0,811.0,811.0,811.0,811.0,811.0,811.0,811.0,811.0,811.0,811.0,811.0,811.0,811.0,811.0,811.0,811.0,811.0,811.0,811.0,811.0,811.0,811.0,811.0,811.0,811.0,811.0,811.0,811.0,812.0,812.0,812.0,812.0,812.0,812.0,812.0,812.0,812.0,812.0,812.0,812.0,812.0,812.0,812.0,812.0,812.0,812.0,812.0,812.0,812.0,812.0,812.0,812.0,812.0,812.0,812.0,812.0,812.0,812.0,812.0,812.0,812.0,812.0,812.0,812.0,812.0,812.0,812.0,812.0,812.0,812.0,812.0,812.0,812.0,812.0,812.0,812.0,812
AaPnuL9VzkI,3355762.0,3355954.0,3356140.0,3356396.0,3356593.0,3356757.0,3356962.0,3357174.0,3357387.0,3357609.0,3357826.0,3358077.0,3358303.0,3358511.0,3358719.0,3358935.0,3359085.0,3359266.0,3359447.0,3359651.0,3359803.0,3359998.0,3360186.0,3360402.0,3360587.0,3360819.0,3361054.0,3361248.0,3361444.0,3361667.0,3361878.0,3362102.0,3362316.0,3362504.0,3362733.0,3362971.0,3363225.0,3363441.0,3363616.0,3363788.0,3364037.0,3364285.0,3364569.0,3364803.0,3365007.0,3365231.0,3365456.0,3365666.0,3365949.0,3366215.0,3366508.0,3366725.0,3366973.0,3367187.0,3367441.0,3367698.0,3367941.0,3368161.0,3368428.0,3368663.0,3368894.0,3369106.0,3369337.0,3369567.0,3369754.0,3369949.0,3370131.0,3370424.0,3370625.0,3370890.0,3371084.0,3371268.0,3371408.0,3371607.0,3371775.0,3372008.0,3372197.0,3372361.0,3372588.0,3372851.0,3373052.0,3373250.0,3373468.0,3373719.0,3373974.0,3374196.0,3374475.0,3374696.0,3374936.0,3375231.0,3375456.0,3375711.0,3375957.0,3376185.0,3376374.0,3376634.0,3376831.0,3377009.0,3377186.0,3377375.0,3377576.0,3377723.0,3377886.0,3378048.0,3378257.0,3378458.0,3378647.0,3378856.0,3379051.0,3379238.0,3379436.0,3379606.0,3379806.0,3380009.0,3380158.0,3380328.0,3380472.0,3380671.0,3380899.0,3381080.0,3381297.0,3381438.0,3381621.0,3381800.0,3381958.0,3382143.0,3382336.0,3382494.0,3382660.0,3382832.0,3383036.0,3383250.0,3383431.0,3383638.0,,,,,,,,,3385262.0,3385417.0,3385604.0,3385801.0,3385982.0,3386152.0,3386322.0,3386468.0,3386668.0,3386859.0,3387084.0,3387276.0,3387454.0,3387668.0,3387845.0,3388003.0,3388216.0,3388415.0,3388714.0,3388957.0,3389156.0,3389351.0,3389544.0,3389747.0,3389989.0,3390222.0,3390419.0,3390643.0,3390869.0,3391101.0,3391373.0,3391600.0,3391798.0,3391965.0,3392141.0,3392325.0,3392508.0,3392677.0,3392889.0,3393093.0,3393347.0,3393546.0,3393729.0,3393898.0,3394090.0,3394284.0,3394602.0,3395137.0,3395461.0,3395732.0,3395986.0,3396232.0,3396466.0,3396713.0,3396923.0,3397102.0,3397254.0,3397416.0,3397626.0,3397806.0,3397951.0,3398095.0,3398228.0,3398375.0,3398486.0,3398627.0,3398796.0,3398961.0,3399076.0,3399194.0,3399329.0,3399449.0,3399600.0,3399769.0,3399906.0,3400033.0,3400209.0,3400351.0,3400502.0,3400692.0,3400862.0,3401028.0,3401218.0,3401383.0,3401529.0,3401676.0,3401832.0,3401957.0,3402114.0,3402282.0,3402442.0,3402586.0,3402741.0,3402906.0,3403118.0,3403263.0,3403435.0,3403590.0,3403799.0,3403984.0,3404186.0,3404402.0,3404631.0,3404797.0,3404986.0,3405118.0,3405295.0,3405471.0,3405601.0,3405740.0,3405876.0,3406025.0,3406158.0,3406292.0,3406415.0,3406533.0,3406640.0,3406759.0,3406871.0,3406982.0,3407093.0,,3407319.0,3407440.0,3407614.0,3407740.0,3407855.0,3407947.0,3408065.0,3408165.0,3408303.0,3408403.0,3408505.0,3408630.0,3408741.0,3408861.0,3408962.0,3409098.0,3409222.0,3409359.0,3409514.0,3409630.0,3409780.0,3409914.0,3410059.0,3410220.0,3410364.0,3410503.0,3410622.0,3410748.0,3410863.0,3410972.0,3411085.0,3411230.0,3411347.0,3411456.0,3411608.0,3411729.0,3411873.0,3412018.0,3412148.0,3412287.0,3412412.0,3412538.0,3412675.0,3412836.0,3412981.0,3413148.0,3413301.0,3413434.0,3413626.0,3413799.0,3413976.0,3414176.0,3414397.0,3414593.0,3414777.0,3414963.0,3415165.0,3415328.0,3415500.0,3415683.0,3415827.0,3416142.0,3416494.0,3416707.0,3416937.0,3417146.0,3417342.0,3417537.0,3417697.0,3417906.0,3418096.0,3418323.0,3418544.0,3418742.0,3418928.0,3419082.0,3419287.0,3419495.0,3419688.0,3419880.0,3420051.0,3420238.0,3420386.0,3420556.0,3420736.0,3420897.0,3421062.0,3421258.0,3421401.0,3421560.0,3421720.0,3421909.0,3422077.0,3422250.0,3422410.0,3422592.0,3422701.0,3422854.0,3423034.0,3423183.0,3423335.0,3423511.0,3423636.0,3423767.0,3423893.0,3424033.0,3424217.0,3424375.0,3424520.0,3424671.0,3424788.0,3424895.0,3425015.0,3425152
Aa8UvaYgpd8,70871.0,70955.0,71033.0,71120.0,71201.0,71293.0,71389.0,71466.0,71549.0,71638.0,71717.0,71794.0,71877.0,71986.0,72094.0,72181.0,72269.0,72375.0,72458.0,72552.0,72639.0,72735.0,72831.0,72957.0,73068.0,73179.0,73284.0,73367.0,73478.0,73573.0,73672.0,73764.0,73840.0,73921.0,74028.0,74107.0,74212.0,74358.0,74440.0,74539.0,74640.0,74759.0,74861.0,74970.0,75037.0,75137.0,75222.0,75325.0,75435.0,75554.0,75671.0,75782.0,75871.0,75980.0,76059.0,76144.0,76242.0,76318.0,76431.0,76526.0,76600.0,76694.0,76793.0,76871.0,76956.0,77014.0,77066.0,77121.0,77169.0,77249.0,77329.0,77394.0,77447.0,77537.0,77588.0,77648.0,77735.0,77814.0,77901.0,77965.0,78036.0,78108.0,78177.0,78279.0,78360.0,78435.0,78509.0,78587.0,78654.0,78722.0,78790.0,78855.0,78924.0,78990.0,79042.0,79109.0,79168.0,79239.0,79312.0,79396.0,79459.0,79531.0,79580.0,79683.0,79766.0,79819.0,79902.0,79990.0,80060.0,80158.0,80247.0,80312.0,80384.0,80447.0,80515.0,80568.0,80637.0,80681.0,80763.0,80854.0,80922.0,80980.0,81045.0,81097.0,81158.0,81202.0,81295.0,81351.0,81393.0,81435.0,81494.0,81551.0,81594.0,81661.0,,,,,,,,,82242.0,82304.0,82359.0,82450.0,82530.0,82614.0,82690.0,82768.0,82852.0,82954.0,83055.0,83147.0,83251.0,83347.0,83425.0,83496.0,83586.0,83693.0,83777.0,83866.0,83927.0,84008.0,84064.0,84132.0,84200.0,84263.0,84366.0,84428.0,84492.0,84551.0,84636.0,84708.0,84792.0,84863.0,84926.0,85001.0,85069.0,85133.0,85196.0,85263.0,85344.0,85417.0,85484.0,85531.0,85602.0,85670.0,85761.0,85861.0,85949.0,86025.0,86076.0,86147.0,86219.0,86306.0,86386.0,86490.0,86547.0,86600.0,86682.0,86763.0,86815.0,86875.0,86991.0,87084.0,87182.0,87289.0,87399.0,87495.0,87588.0,87707.0,87828.0,87927.0,88031.0,88143.0,88238.0,88315.0,88396.0,88463.0,88538.0,88614.0,88685.0,88772.0,88834.0,88922.0,88998.0,89046.0,89113.0,89151.0,89222.0,89283.0,89331.0,89392.0,89451.0,89511.0,89554.0,89634.0,89692.0,89763.0,89831.0,89892.0,89973.0,90047.0,90106.0,90162.0,90224.0,90285.0,90337.0,90401.0,90467.0,90526.0,90599.0,90672.0,90737.0,90785.0,90847.0,90919.0,90963.0,91015.0,91077.0,91132.0,91183.0,,91297.0,91356.0,91410.0,91480.0,91540.0,91572.0,91620.0,91666.0,91720.0,91773.0,91845.0,91898.0,91952.0,92003.0,92064.0,92122.0,92162.0,92235.0,92285.0,92353.0,92403.0,92459.0,92516.0,92579.0,92623.0,92685.0,92727.0,92775.0,92830.0,92876.0,92930.0,93005.0,93049.0,93105.0,93137.0,93169.0,93220.0,93256.0,93308.0,93346.0,93396.0,93451.0,93492.0,93551.0,93603.0,93653.0,93713.0,93774.0,93879.0,94052.0,94237.0,94443.0,94609.0,94745.0,94823.0,94959.0,95080.0,95203.0,95297.0,95451.0,95572.0,95662.0,95779.0,95872.0,95989.0,96115.0,96279.0,96473.0,96666.0,96821.0,96980.0,97130.0,97294.0,97446.0,97618.0,97747.0,97860.0,97991.0,98122.0,98263.0,98385.0,98494.0,98579.0,98674.0,98743.0,98818.0,98893.0,98983.0,99074.0,99152.0,99226.0,99323.0,99423.0,99508.0,99586.0,99678.0,99762.0,99821.0,99891.0,99985.0,100047.0,100122.0,100197.0,100240.0,100304.0,100361.0,100432.0,100498.0,100564.0,100643.0,100693.0,100766.0,100823.0,100891
CFCgLU31x1I,4051.0,4054.0,4057.0,4060.0,4064.0,4067.0,4068.0,4068.0,4073.0,4073.0,4073.0,4073.0,4077.0,4077.0,4078.0,4080.0,4080.0,4080.0,4081.0,4083.0,4084.0,4086.0,4091.0,4094.0,4099.0,4098.0,4098.0,4102.0,4103.0,4105.0,4110.0,4115.0,4120.0,4122.0,4122.0,4123.0,4124.0,4126.0,4127.0,4131.0,4132.0,4134.0,4136.0,4138.0,4140.0,4140.0,4140.0,4142.0,4144.0,4147.0,4149.0,4153.0,4153.0,4155.0,4157.0,4160.0,4163.0,4165.0,4166.0,4169.0,4170.0,4171.0,4172.0,4175.0,4176.0,4178.0,4178.0,4180.0,4180.0,4181.0,4181.0,4183.0,4183.0,4184.0,4184.0,4185.0,4186.0,4186.0,4190.0,4193.0,4196.0,4205.0,4206.0,4209.0,4215.0,4218.0,4220.0,4221.0,4224.0,4225.0,4227.0,4229.0,4231.0,4235.0,4238.0,4239.0,4240.0,4240.0,4241.0,4241.0,4242.0,4243.0,4245.0,4246.0,4246.0,4250.0,4252.0,4254.0,4255.0,4255.0,4257.0,4259.0,4260.0,4262.0,4263.0,4263.0,4264.0,4267.0,4268.0,4269.0,4270.0,4274.0,4276.0,4277.0,4279.0,4280.0,4283.0,4284.0,4285.0,4286.0,4286.0,4288.0,4290.0,4291.0,,,,,,,,,4303.0,4305.0,4311.0,4314.0,4320.0,4324.0,4327.0,4327.0,4329.0,4331.0,4331.0,4332.0,4335.0,4336.0,4336.0,4339.0,4339.0,4339.0,4341.0,4344.0,4345.0,4346.0,4346.0,4348.0,4348.0,4349.0,4350.0,4351.0,4352.0,4353.0,4353.0,4354.0,4355.0,4359.0,4360.0,4361.0,4362.0,4363.0,4363.0,4363.0,4363.0,4365.0,4365.0,4368.0,4372.0,4375.0,4379.0,4381.0,4384.0,4387.0,4389.0,4396.0,4401.0,4403.0,4410.0,4413.0,4414.0,4416.0,4419.0,4423.0,4424.0,4426.0,4429.0,4433.0,4433.0,4441.0,4444.0,4451.0,4454.0,4457.0,4462.0,4463.0,4465.0,4466.0,4477.0,4480.0,4484.0,4485.0,4485.0,4489.0,4492.0,4497.0,4499.0,4502.0,4504.0,4505.0,4507.0,4509.0,4510.0,4511.0,4514.0,4515.0,4517.0,4520.0,4524.0,4525.0,4529.0,4537.0,4538.0,4541.0,4545.0,4547.0,4551.0,4555.0,4556.0,4560.0,4561.0,4564.0,4566.0,4573.0,4579.0,4584.0,4591.0,4599.0,4601.0,4605.0,4611.0,4613.0,4617.0,4619.0,4624.0,,4629.0,4630.0,4632.0,4635.0,4638.0,4641.0,4642.0,4646.0,4648.0,4650.0,4657.0,4658.0,4661.0,4665.0,4668.0,4671.0,4677.0,4683.0,4686.0,4688.0,4689.0,4694.0,4701.0,4702.0,4708.0,4711.0,4716.0,4721.0,4726.0,4730.0,4733.0,4737.0,4740.0,4742.0,4744.0,4747.0,4748.0,4753.0,4761.0,4763.0,4767.0,4771.0,4772.0,4776.0,4780.0,4787.0,4794.0,4798.0,4802.0,4807.0,4809.0,4815.0,4818.0,4824.0,4825.0,4826.0,4836.0,4844.0,4846.0,4854.0,4861.0,4867.0,4874.0,4875.0,4878.0,4881.0,4890.0,4899.0,4910.0,4916.0,4928.0,4937.0,4947.0,4960.0,4963.0,4969.0,4974.0,4980.0,4989.0,4993.0,4998.0,5008.0,5013.0,5017.0,5021.0,5024.0,5026.0,5033.0,5035.0,5039.0,5045.0,5049.0,5053.0,5055.0,5057.0,5065.0,5068.0,5075.0,5081.0,5086.0,5090.0,5090.0,5095.0,5100.0,5105.0,5110.0,5114.0,5120.0,5123.0,5133.0,5137.0,5138.0,5144.0,5148
O_ZttwwaQkE,647.0,647.0,648.0,648.0,648.0,648.0,648.0,648.0,648.0,648.0,648.0,648.0,648.0,648.0,648.0,648.0,648.0,648.0,648.0,648.0,649.0,649.0,654.0,654.0,654.0,654.0,654.0,654.0,654.0,654.0,654.0,654.0,654.0,654.0,654.0,654.0,655.0,655.0,655.0,655.0,655.0,655.0,655.0,655.0,655.0,656.0,656.0,656.0,656.0,656.0,657.0,658.0,658.0,658.0,659.0,660.0,660.0,660.0,660.0,660.0,663.0,663.0,663.0,664.0,667.0,668.0,675.0,682.0,685.0,687.0,691.0,692.0,693.0,694.0,695.0,695.0,696.0,700.0,700.0,700.0,700.0,700.0,700.0,700.0,700.0,701.0,701.0,701.0,701.0,702.0,702.0,702.0,704.0,705.0,708.0,710.0,710.0,710.0,712.0,712.0,712.0,713.0,716.0,719.0,719.0,720.0,722.0,722.0,724.0,724.0,725.0,726.0,729.0,730.0,731.0,733.0,738.0,740.0,740.0,741.0,746.0,748.0,748.0,750.0,750.0,753.0,753.0,754.0,754.0,754.0,754.0,755.0,755.0,755.0,,,,,,,,,763.0,765.0,767.0,767.0,769.0,770.0,770.0,771.0,771.0,771.0,772.0,773.0,774.0,776.0,777.0,781.0,783.0,783.0,784.0,784.0,784.0,785.0,786.0,786.0,786.0,787.0,787.0,787.0,787.0,788.0,788.0,788.0,788.0,788.0,788.0,790.0,797.0,798.0,799.0,800.0,801.0,800.0,801.0,801.0,804.0,805.0,805.0,805.0,805.0,806.0,806.0,808.0,809.0,809.0,809.0,809.0,809.0,810.0,812.0,812.0,815.0,815.0,816.0,817.0,818.0,821.0,821.0,821.0,822.0,822.0,822.0,823.0,827.0,827.0,831.0,833.0,835.0,835.0,837.0,838.0,845.0,847.0,863.0,879.0,879.0,885.0,886.0,888.0,889.0,889.0,890.0,892.0,893.0,894.0,894.0,895.0,895.0,895.0,896.0,897.0,898.0,898.0,898.0,898.0,899.0,899.0,900.0,900.0,901.0,902.0,902.0,902.0,902.0,902.0,903.0,903.0,903.0,903.0,903.0,903.0,903.0,,903.0,903.0,903.0,903.0,905.0,905.0,905.0,906.0,908.0,909.0,910.0,910.0,910.0,910.0,911.0,911.0,911.0,911.0,911.0,911.0,911.0,911.0,911.0,911.0,911.0,911.0,911.0,911.0,911.0,911.0,913.0,914.0,914.0,915.0,915.0,915.0,915.0,915.0,915.0,915.0,915.0,915.0,915.0,915.0,915.0,915.0,918.0,918.0,918.0,919.0,919.0,919.0,920.0,921.0,921.0,921.0,921.0,921.0,921.0,921.0,922.0,922.0,922.0,923.0,923.0,923.0,924.0,925.0,925.0,927.0,931.0,932.0,933.0,934.0,936.0,936.0,936.0,936.0,936.0,936.0,937.0,938.0,938.0,938.0,938.0,939.0,939.0,940.0,940.0,940.0,941.0,941.0,941.0,941.0,941.0,941.0,941.0,941.0,941.0,941.0,941.0,941.0,941.0,941.0,943.0,943.0,943.0,943.0,943.0,943.0,943.0,943.0,943.0,944
WsXTlNKK3vw,1199.0,1200.0,1200.0,1200.0,1200.0,1200.0,1200.0,1200.0,1200.0,1200.0,1200.0,1200.0,1200.0,1200.0,1200.0,1200.0,1200.0,1200.0,1200.0,1200.0,1200.0,1200.0,1200.0,1200.0,1200.0,1200.0,1200.0,1201.0,1201.0,1201.0,1201.0,1201.0,1201.0,1201.0,1201.0,1201.0,1201.0,1201.0,1201.0,1201.0,1201.0,1202.0,1202.0,1204.0,1204.0,1204.0,1204.0,1204.0,1204.0,1204.0,1204.0,1204.0,1206.0,1206.0,1206.0,1206.0,1206.0,1206.0,1206.0,1206.0,1206.0,1206.0,1206.0,1206.0,1206.0,1206.0,1206.0,1206.0,1206.0,1206.0,1206.0,1206.0,1206.0,1206.0,1206.0,1206.0,1206.0,1206.0,1206.0,1206.0,1206.0,1206.0,1207.0,1207.0,1207.0,1207.0,1207.0,1207.0,1208.0,1208.0,1210.0,1211.0,1211.0,1211.0,1211.0,1211.0,1211.0,1211.0,1211.0,1211.0,1211.0,1211.0,1211.0,1211.0,1211.0,1211.0,1212.0,1212.0,1212.0,1212.0,1212.0,1212.0,1212.0,1212.0,1212.0,1212.0,1212.0,1212.0,1212.0,1213.0,1213.0,1213.0,1213.0,1214.0,1214.0,1214.0,1214.0,1214.0,1214.0,1214.0,1214.0,1214.0,1214.0,1214.0,,,,,,,,,1214.0,1214.0,1214.0,1214.0,1214.0,1215.0,1215.0,1215.0,1215.0,1215.0,1215.0,1215.0,1215.0,1215.0,1215.0,1215.0,1215.0,1215.0,1215.0,1215.0,1215.0,1215.0,1215.0,1215.0,1215.0,1215.0,1215.0,1215.0,1215.0,1215.0,1215.0,1215.0,1215.0,1215.0,1215.0,1216.0,1216.0,1216.0,1216.0,1216.0,1216.0,1216.0,1216.0,1216.0,1216.0,1216.0,1216.0,1216.0,1216.0,1216.0,1216.0,1216.0,1216.0,1216.0,1217.0,1217.0,1217.0,1217.0,1217.0,1217.0,1217.0,1217.0,1217.0,1217.0,1217.0,1217.0,1217.0,1217.0,1217.0,1217.0,1217.0,1217.0,1217.0,1217.0,1217.0,1217.0,1217.0,1217.0,1217.0,1217.0,1217.0,1217.0,1217.0,1217.0,1218.0,1218.0,1218.0,1218.0,1218.0,1218.0,1218.0,1218.0,1218.0,1218.0,1218.0,1218.0,1218.0,1218.0,1218.0,1218.0,1218.0,1218.0,1218.0,1218.0,1218.0,1218.0,1218.0,1218.0,1218.0,1218.0,1219.0,1219.0,1219.0,1220.0,1220.0,1220.0,1220.0,1220.0,1220.0,1220.0,1220.0,,1220.0,1221.0,1221.0,1221.0,1222.0,1222.0,1222.0,1222.0,1222.0,1222.0,1222.0,1224.0,1224.0,1224.0,1224.0,1224.0,1224.0,1224.0,1224.0,1224.0,1224.0,1224.0,1224.0,1224.0,1224.0,1224.0,1224.0,1224.0,1224.0,1224.0,1224.0,1224.0,1224.0,1224.0,1224.0,1224.0,1224.0,1224.0,1224.0,1224.0,1224.0,1224.0,1224.0,1224.0,1224.0,1224.0,1224.0,1224.0,1224.0,1224.0,1224.0,1224.0,1224.0,1224.0,1224.0,1224.0,1224.0,1224.0,1224.0,1224.0,1224.0,1224.0,1224.0,1224.0,1224.0,1224.0,1224.0,1224.0,1224.0,1225.0,1226.0,1226.0,1226.0,1226.0,1226.0,1226.0,1228.0,1228.0,1229.0,1230.0,1230.0,1230.0,1230.0,1230.0,1230.0,1230.0,1230.0,1230.0,1231.0,1231.0,1231.0,1231.0,1231.0,1231.0,1231.0,1231.0,1231.0,1231.0,1231.0,1231.0,1231.0,1231.0,1231.0,1231.0,1231.0,1231.0,1232.0,1232.0,1232.0,1232.0,1232.0,1232.0,1233.0,1233
3B_7ZlWf490,187927.0,188008.0,188098.0,188188.0,188287.0,188382.0,188472.0,188563.0,188654.0,188745.0,188830.0,188925.0,189009.0,189096.0,189191.0,189294.0,189379.0,189459.0,189534.0,189616.0,189688.0,189768.0,189866.0,189957.0,190050.0,190144.0,190229.0,190297.0,190390.0,190496.0,190587.0,190664.0,190746.0,190838.0,190945.0,191041.0,191146.0,191248.0,191322.0,191442.0,191555.0,191644.0,191751.0,191857.0,191969.0,192078.0,192185.0,192281.0,192415.0,192534.0,192664.0,192788.0,192888.0,192990.0,193117.0,193224.0,193353.0,193472.0,193593.0,193704.0,193832.0,193974.0,194096.0,194255.0,194372.0,194502.0,194594.0,194708.0,194820.0,194960.0,195104.0,195217.0,195328.0,195439.0,195539.0,195664.0,195790.0,195873.0,195975.0,196068.0,196194.0,196315.0,196422.0,196548.0,196654.0,196734.0,196816.0,196925.0,197037.0,197148.0,197276.0,197382.0,197490.0,197588.0,197698.0,197802.0,197901.0,197974.0,198079.0,198179.0,198299.0,198401.0,198518.0,198654.0,198765.0,198899.0,199020.0,199126.0,199226.0,199337.0,199475.0,199604.0,199734.0,199861.0,199973.0,200099.0,200272.0,200445.0,200662.0,200830.0,201013.0,201169.0,201341.0,201533.0,201769.0,202016.0,202223.0,202381.0,202483.0,202609.0,202724.0,202875.0,203017.0,203172.0,,,,,,,,,204447.0,204551.0,204674.0,204784.0,204908.0,205010.0,205117.0,205207.0,205337.0,205459.0,205569.0,205655.0,205778.0,205885.0,205980.0,206092.0,206177.0,206283.0,206378.0,206487.0,206612.0,206707.0,206802.0,206916.0,207017.0,207102.0,207215.0,207343.0,207433.0,207508.0,207603.0,207717.0,207797.0,207898.0,208027.0,208128.0,208207.0,208309.0,208443.0,208552.0,208645.0,208721.0,208841.0,208936.0,209053.0,209145.0,209266.0,209357.0,209454.0,209556.0,209650.0,209747.0,209857.0,209981.0,210075.0,210174.0,210253.0,210332.0,210424.0,210537.0,210663.0,210731.0,210846.0,210932.0,211036.0,211132.0,211232.0,211330.0,211415.0,211509.0,211606.0,211690.0,211778.0,211872.0,211979.0,212082.0,212197.0,212295.0,212371.0,212508.0,212609.0,212704.0,212801.0,212925.0,213001.0,213103.0,213213.0,213309.0,213418.0,213521.0,213612.0,213709.0,213794.0,213908.0,214066.0,214194.0,214359.0,214500.0,214606.0,214689.0,214834.0,214995.0,215162.0,215275.0,215391.0,215449.0,215549.0,215645.0,215775.0,215874.0,216003.0,216137.0,216276.0,216388.0,216468.0,216566.0,216670.0,216793.0,216919.0,217029.0,217135.0,,217371.0,217477.0,217575.0,217685.0,217784.0,217872.0,217982.0,218098.0,218181.0,218274.0,218393.0,218486.0,218564.0,218633.0,218718.0,218806.0,218910.0,219044.0,219154.0,219271.0,219370.0,219471.0,219578.0,219687.0,219785.0,219859.0,219981.0,220076.0,220182.0,220314.0,220431.0,220521.0,220647.0,220746.0,220884.0,221051.0,221188.0,221304.0,221420.0,221586.0,221687.0,221829.0,221941.0,222080.0,222216.0,222350.0,222460.0,222564.0,222654.0,222769.0,222867.0,222968.0,223079.0,223151.0,223232.0,223293.0,223394.0,223471.0,223579.0,223658.0,223763.0,223819.0,223923.0,224030.0,224131.0,224233.0,224325.0,224409.0,224500.0,224590.0,224692.0,224773.0,224861.0,224974.0,225090.0,225212.0,225343.0,225459.0,225592.0,225699.0,225814.0,225937.0,226053.0,226188.0,226304.0,226427.0,226547.0,226685.0,226808.0,226916.0,227029.0,227131.0,227259.0,227350.0,227479.0,227582.0,227695.0,227809.0,227948.0,228069.0,228212.0,228320.0,228465.0,228587.0,228702.0,228826.0,228956.0,229079.0,229224.0,229357.0,229464.0,229571.0,229715.0,229860
RGcLOR35xu0,5621.0,5622.0,5625.0,5625.0,5625.0,5625.0,5626.0,5626.0,5626.0,5626.0,5627.0,5627.0,5627.0,5627.0,5627.0,5627.0,5627.0,5627.0,5627.0,5627.0,5628.0,5629.0,5630.0,5631.0,5634.0,5634.0,5635.0,5636.0,5636.0,5636.0,5636.0,5636.0,5637.0,5637.0,5637.0,5637.0,5638.0,5638.0,5639.0,5639.0,5639.0,5640.0,5641.0,5641.0,5642.0,5643.0,5643.0,5643.0,5643.0,5643.0,5643.0,5643.0,5643.0,5645.0,5645.0,5645.0,5646.0,5646.0,5647.0,5647.0,5647.0,5648.0,5649.0,5650.0,5650.0,5650.0,5650.0,5651.0,5651.0,5651.0,5651.0,5651.0,5651.0,5653.0,5653.0,5653.0,5654.0,5655.0,5656.0,5656.0,5656.0,5656.0,5659.0,5661.0,5661.0,5661.0,5661.0,5661.0,5661.0,5661.0,5661.0,5662.0,5663.0,5663.0,5663.0,5663.0,5663.0,5665.0,5665.0,5665.0,5665.0,5665.0,5665.0,5666.0,5667.0,5668.0,5668.0,5669.0,5670.0,5671.0,5671.0,5672.0,5672.0,5672.0,5672.0,5674.0,5674.0,5674.0,5674.0,5678.0,5678.0,5678.0,5678.0,5680.0,5680.0,5682.0,5684.0,5684.0,5684.0,5684.0,5684.0,5684.0,5684.0,5685.0,,,,,,,,,5687.0,5687.0,5687.0,5687.0,5687.0,5688.0,5688.0,5688.0,5688.0,5688.0,5688.0,5688.0,5688.0,5688.0,5688.0,5688.0,5688.0,5688.0,5688.0,5688.0,5688.0,5688.0,5688.0,5688.0,5688.0,5688.0,5688.0,5688.0,5688.0,5688.0,5688.0,5688.0,5688.0,5688.0,5688.0,5688.0,5688.0,5688.0,5688.0,5688.0,5688.0,5688.0,5688.0,5688.0,5688.0,5688.0,5688.0,5688.0,5688.0,5688.0,5688.0,5688.0,5688.0,5688.0,5688.0,5688.0,5688.0,5688.0,5688.0,5688.0,5688.0,5688.0,5688.0,5688.0,5688.0,5688.0,5688.0,5688.0,5688.0,5688.0,5688.0,5688.0,5688.0,5688.0,5688.0,5688.0,5688.0,5688.0,5688.0,5688.0,5688.0,5688.0,5688.0,5688.0,5688.0,5688.0,5688.0,5688.0,5688.0,5688.0,5688.0,5688.0,5688.0,5688.0,5688.0,5688.0,5688.0,5688.0,5688.0,5688.0,5688.0,5688.0,5688.0,5688.0,5688.0,5688.0,5688.0,5688.0,5688.0,5688.0,5688.0,5688.0,5688.0,5688.0,5688.0,5688.0,5688.0,5688.0,5688.0,5688.0,5688.0,,5688.0,5688.0,5688.0,5688.0,5688.0,5688.0,5688.0,5688.0,5688.0,5688.0,5688.0,5688.0,5688.0,5688.0,5688.0,5688.0,5688.0,5688.0,5688.0,5688.0,5688.0,5688.0,5688.0,5688.0,5688.0,5688.0,5688.0,5688.0,5688.0,5688.0,5688.0,5688.0,5688.0,5688.0,5688.0,5688.0,5688.0,5688.0,5688.0,5688.0,5688.0,5688.0,5688.0,5688.0,5688.0,5688.0,5688.0,5688.0,5688.0,5688.0,5688.0,5688.0,5688.0,5688.0,5688.0,5688.0,5688.0,5688.0,5688.0,5688.0,5688.0,5688.0,5688.0,5688.0,5688.0,5688.0,5688.0,5688.0,5688.0,5688.0,5688.0,5688.0,5688.0,5688.0,5688.0,5688.0,5688.0,5688.0,5688.0,5688.0,5688.0,5688.0,5688.0,5688.0,5688.0,5688.0,5688.0,5688.0,5688.0,5688.0,5688.0,5688.0,5688.0,5688.0,5688.0,5688.0,5688.0,5688.0,5688.0,5688.0,5688.0,5688.0,5688.0,5688.0,5688.0,5688.0,5688.0,5688.0,5688.0,5688.0,5688.0,5688.0,5688.0,5688
_Ux0hoTS0jk,74316.0,74326.0,74336.0,74349.0,74369.0,74379.0,74384.0,74391.0,74400.0,74412.0,74425.0,74438.0,74450.0,74455.0,74462.0,74469.0,74480.0,74492.0,74504.0,74508.0,74515.0,74525.0,74539.0,74545.0,74551.0,74559.0,74569.0,74579.0,74595.0,74598.0,74619.0,74628.0,74636.0,74646.0,74660.0,74678.0,74687.0,74693.0,74699.0,74704.0,74712.0,74727.0,74735.0,74743.0,74750.0,74755.0,74768.0,74777.0,74789.0,74799.0,74807.0,74813.0,74820.0,74831.0,74839.0,74840.0,74849.0,74855.0,74865.0,74878.0,74885.0,74894.0,74902.0,74919.0,74927.0,74932.0,74941.0,74948.0,74950.0,74956.0,74966.0,74979.0,74983.0,74987.0,74996.0,75013.0,75019.0,75032.0,75042.0,75048.0,75060.0,75070.0,75079.0,75086.0,75093.0,75102.0,75114.0,75123.0,75129.0,75139.0,75153.0,75161.0,75166.0,75177.0,75191.0,75211.0,75215.0,75223.0,75230.0,75236.0,75248.0,75260.0,75267.0,75278.0,75288.0,75302.0,75305.0,75313.0,75318.0,75327.0,75337.0,75339.0,75350.0,75362.0,75372.0,75377.0,75388.0,75397.0,75407.0,75413.0,75419.0,75429.0,75432.0,75441.0,75442.0,75451.0,75455.0,75462.0,75467.0,75473.0,75476.0,75478.0,75485.0,75490.0,,,,,,,,,75529.0,75534.0,75536.0,75541.0,75546.0,75553.0,75558.0,75560.0,75565.0,75568.0,75575.0,75580.0,75584.0,75587.0,75594.0,75604.0,75607.0,75613.0,75615.0,75619.0,75627.0,75635.0,75642.0,75647.0,75649.0,75651.0,75653.0,75656.0,75661.0,75664.0,75669.0,75676.0,75680.0,75685.0,75686.0,75686.0,75695.0,75698.0,75712.0,75715.0,75724.0,75730.0,75736.0,75744.0,75750.0,75755.0,75762.0,75770.0,75775.0,75785.0,75794.0,75800.0,75804.0,75810.0,75819.0,75825.0,75835.0,75841.0,75850.0,75855.0,75861.0,75869.0,75878.0,75885.0,75891.0,75897.0,75908.0,75913.0,75922.0,75927.0,75932.0,75937.0,75940.0,75947.0,75949.0,75960.0,75968.0,75975.0,75977.0,75985.0,75989.0,75993.0,76001.0,76007.0,76017.0,76030.0,76046.0,76053.0,76063.0,76081.0,76087.0,76097.0,76111.0,76118.0,76128.0,76138.0,76148.0,76160.0,76169.0,76178.0,76191.0,76198.0,76200.0,76205.0,76209.0,76216.0,76221.0,76225.0,76226.0,76227.0,76232.0,76236.0,76239.0,76251.0,76258.0,76265.0,76275.0,76283.0,76294.0,76305.0,76314.0,,76326.0,76332.0,76337.0,76350.0,76352.0,76358.0,76372.0,76381.0,76385.0,76389.0,76399.0,76408.0,76413.0,76420.0,76424.0,76435.0,76444.0,76452.0,76459.0,76487.0,76494.0,76503.0,76507.0,76513.0,76523.0,76529.0,76534.0,76545.0,76552.0,76558.0,76564.0,76575.0,76586.0,76592.0,76599.0,76610.0,76621.0,76630.0,76637.0,76650.0,76658.0,76662.0,76668.0,76673.0,76679.0,76688.0,76698.0,76704.0,76708.0,76712.0,76715.0,76718.0,76721.0,76725.0,76735.0,76740.0,76744.0,76752.0,76759.0,76766.0,76772.0,76785.0,76793.0,76801.0,76811.0,76817.0,76833.0,76838.0,76845.0,76852.0,76861.0,76867.0,76873.0,76876.0,76884.0,76897.0,76899.0,76907.0,76916.0,76920.0,76926.0,76931.0,76937.0,76947.0,76960.0,76962.0,76977.0,76998.0,77014.0,77026.0,77036.0,77045.0,77049.0,77056.0,77063.0,77068.0,77076.0,77079.0,77084.0,77090.0,77098.0,77106.0,77111.0,77119.0,77125.0,77136.0,77143.0,77154.0,77159.0,77166.0,77171.0,77178.0,77183.0,77188
VLY8zPddIgE,485664.0,485977.0,486246.0,486500.0,486821.0,487147.0,487416.0,487899.0,488320.0,488614.0,488941.0,489249.0,489597.0,489971.0,490344.0,490772.0,491204.0,491556.0,492070.0,492652.0,493362.0,494435.0,495244.0,496251.0,496922.0,497521.0,498133.0,498923.0,499772.0,501811.0,503637.0,505497.0,508190.0,510868.0,513655.0,515620.0,516647.0,517823.0,518748.0,519874.0,520448.0,520919.0,521293.0,521714.0,522104.0,522409.0,522745.0,523163.0,523575.0,523994.0,524445.0,524758.0,525088.0,525501.0,525870.0,526243.0,526554.0,526992.0,527277.0,527523.0,527820.0,528106.0,528347.0,528673.0,529021.0,529283.0,529486.0,529698.0,529891.0,530189.0,530483.0,530707.0,530897.0,531095.0,531309.0,531514.0,531761.0,531967.0,532248.0,532447.0,532638.0,532878.0,533092.0,533311.0,533507.0,533750.0,533937.0,534095.0,534306.0,534489.0,534724.0,534989.0,535336.0,535609.0,535874.0,536191.0,536529.0,536826.0,537190.0,537543.0,537840.0,538070.0,538336.0,538696.0,538999.0,539323.0,539646.0,539974.0,540228.0,540550.0,540919.0,541221.0,541511.0,541900.0,542228.0,542482.0,542789.0,543206.0,543533.0,543999.0,544366.0,544673.0,544897.0,545132.0,545400.0,545672.0,545995.0,546382.0,546680.0,546935.0,547331.0,547715.0,548171.0,548609.0,,,,,,,,,551649.0,551901.0,552129.0,552395.0,552690.0,553040.0,553274.0,553533.0,553874.0,554200.0,554532.0,554855.0,555236.0,555607.0,555862.0,556119.0,556395.0,556794.0,557147.0,557484.0,557683.0,557942.0,558110.0,558315.0,558560.0,558778.0,559089.0,559331.0,559550.0,559783.0,560083.0,560313.0,560530.0,560814.0,561030.0,561216.0,561404.0,561630.0,561819.0,562022.0,562224.0,562540.0,562833.0,563079.0,563426.0,563726.0,564056.0,564348.0,564579.0,564841.0,564975.0,565139.0,565358.0,565579.0,565773.0,566044.0,566235.0,566398.0,566633.0,566897.0,567103.0,567259.0,567446.0,567649.0,567793.0,568005.0,568242.0,568435.0,568615.0,568806.0,569030.0,569171.0,569350.0,569575.0,569792.0,569979.0,570213.0,570389.0,570556.0,570746.0,570983.0,571144.0,571394.0,571661.0,571867.0,572151.0,572424.0,572964.0,573566.0,574210.0,574972.0,575632.0,576113.0,576708.0,577326.0,578121.0,578696.0,579365.0,580030.0,580714.0,581263.0,582132.0,582951.0,583880.0,584772.0,585448.0,585914.0,586468.0,586942.0,587498.0,588322.0,589169.0,589821.0,590341.0,590862.0,591366.0,591794.0,592172.0,592641.0,593183.0,593493.0,,594252.0,594768.0,595256.0,595885.0,596363.0,596760.0,597288.0,597760.0,598254.0,598786.0,599284.0,599628.0,599904.0,600333.0,600781.0,601288.0,601771.0,602265.0,602598.0,602925.0,603320.0,603721.0,604105.0,604607.0,605096.0,605488.0,605843.0,606218.0,606579.0,606882.0,607132.0,607438.0,607710.0,607874.0,608095.0,608346.0,608588.0,608901.0,609091.0,609312.0,609548.0,609739.0,610056.0,610277.0,610489.0,610741.0,611042.0,611307.0,611637.0,612143.0,612569.0,613067.0,613514.0,614048.0,614494.0,614896.0,615338.0,615726.0,616146.0,616676.0,617274.0,617787.0,618270.0,618811.0,619312.0,619787.0,620155.0,620530.0,620913.0,621405.0,621854.0,622367.0,622830.0,623274.0,623653.0,623987.0,624416.0,624948.0,625428.0,625953.0,626477.0,626940.0,627312.0,627746.0,628289.0,628737.0,629208.0,629777.0,630192.0,630532.0,630902.0,631378.0,631819.0,632328.0,632844.0,633300.0,633660.0,634100.0,634523.0,634889.0,635246.0,635594.0,635925.0,636206.0,636526.0,636949.0,637270.0,637591.0,637972.0,638327.0,638631.0,638955.0,639311.0,639674
QIeceNkzC1g,671066.0,671096.0,671125.0,671148.0,671169.0,671188.0,671219.0,671244.0,671272.0,671303.0,671341.0,671381.0,671429.0,671465.0,671486.0,671514.0,671545.0,671587.0,671618.0,671642.0,671678.0,671717.0,671753.0,671782.0,671798.0,671830.0,671868.0,671907.0,671935.0,671958.0,671973.0,671990.0,672010.0,672041.0,672068.0,672095.0,672128.0,672166.0,672197.0,672227.0,672267.0,672305.0,672340.0,672354.0,672376.0,672419.0,672442.0,672471.0,672501.0,672532.0,672569.0,672599.0,672626.0,672643.0,672686.0,672715.0,672741.0,672780.0,672829.0,672874.0,672913.0,672956.0,672989.0,673025.0,673057.0,673105.0,673140.0,673183.0,673222.0,673246.0,673274.0,673303.0,673335.0,673365.0,673389.0,673419.0,673447.0,673471.0,673487.0,673510.0,673537.0,673561.0,673579.0,673599.0,673621.0,673642.0,673676.0,673709.0,673750.0,673775.0,673806.0,673841.0,673865.0,673898.0,673912.0,673956.0,674017.0,674047.0,674092.0,674136.0,674173.0,674221.0,674256.0,674298.0,674349.0,674393.0,674449.0,674510.0,674586.0,674632.0,674693.0,674749.0,674800.0,674851.0,674890.0,674952.0,674997.0,675061.0,675108.0,675152.0,675219.0,675268.0,675333.0,675401.0,675441.0,675498.0,675566.0,675622.0,675690.0,675766.0,675825.0,675871.0,675913.0,675957.0,,,,,,,,,676389.0,676450.0,676502.0,676557.0,676591.0,676629.0,676691.0,676728.0,676763.0,676807.0,676831.0,676875.0,676910.0,676943.0,676971.0,677008.0,677043.0,677084.0,677110.0,677147.0,677165.0,677191.0,677220.0,677245.0,677274.0,677301.0,677333.0,677360.0,677389.0,677424.0,677457.0,677480.0,677507.0,677554.0,677592.0,677621.0,677645.0,677672.0,677700.0,677723.0,677743.0,677774.0,677803.0,677847.0,677881.0,677907.0,677943.0,677959.0,677990.0,678013.0,678051.0,678080.0,678101.0,678121.0,678135.0,678147.0,678171.0,678195.0,678219.0,678238.0,678246.0,678269.0,678300.0,678313.0,678340.0,678359.0,678384.0,678407.0,678433.0,678458.0,678485.0,678511.0,678539.0,678557.0,678576.0,678598.0,678623.0,678642.0,678671.0,678705.0,678724.0,678750.0,678785.0,678820.0,678849.0,678869.0,678922.0,678952.0,679000.0,679056.0,679089.0,679127.0,679173.0,679213.0,679261.0,679299.0,679344.0,679378.0,679422.0,679478.0,679517.0,679559.0,679607.0,679649.0,679697.0,679758.0,679833.0,679921.0,679975.0,680048.0,680094.0,680167.0,680250.0,680346.0,680426.0,680516.0,680586.0,680658.0,680741.0,680844.0,680906.0,,681029.0,681119.0,681184.0,681257.0,681323.0,681398.0,681493.0,681552.0,681584.0,681638.0,681719.0,681771.0,681820.0,681855.0,681902.0,681950.0,681980.0,682033.0,682089.0,682143.0,682183.0,682236.0,682287.0,682335.0,682382.0,682421.0,682481.0,682531.0,682578.0,682618.0,682659.0,682708.0,682766.0,682809.0,682861.0,682913.0,682952.0,682983.0,683039.0,683085.0,683129.0,683153.0,683193.0,683228.0,683262.0,683297.0,683337.0,683370.0,683392.0,683425.0,683456.0,683520.0,683592.0,683738.0,683910.0,684083.0,684207.0,684371.0,684501.0,684598.0,684746.0,684978.0,685164.0,685291.0,685407.0,685535.0,685667.0,685780.0,685898.0,685995.0,686081.0,686139.0,686200.0,686250.0,686301.0,686357.0,686409.0,686442.0,686488.0,686517.0,686557.0,686593.0,686635.0,686666.0,686700.0,686738.0,686773.0,686797.0,686846.0,686890.0,686910.0,686941.0,686958.0,686987.0,687023.0,687054.0,687077.0,687113.0,687148.0,687186.0,687200.0,687227.0,687244.0,687268.0,687318.0,687348.0,687371.0,687404.0,687433.0,687470.0,687491.0,687512.0,687535.0,687556
ho0d4rf1LwY,18508830.0,18513437.0,18518460.0,18523542.0,18527995.0,18532252.0,18536551.0,18541280.0,18546110.0,18551529.0,18556956.0,18561267.0,18565721.0,18569860.0,18574222.0,18578558.0,18583341.0,18587544.0,18591140.0,18594976.0,18598810.0,18603008.0,18606876.0,18611326.0,18615604.0,18619482.0,18623780.0,18627924.0,18631800.0,18635985.0,18640832.0,18645553.0,18649761.0,18653799.0,18658059.0,18662151.0,18666906.0,18671615.0,18676462.0,18680951.0,18685402.0,18689963.0,18694271.0,18699436.0,18705290.0,18710781.0,18715529.0,18719970.0,18724246.0,18728428.0,18732628.0,18737040.0,18741220.0,18745303.0,18749363.0,18753332.0,18757523.0,18761734.0,18766015.0,18770378.0,18774328.0,18778415.0,18782018.0,18785170.0,18788574.0,18792267.0,18795625.0,18798895.0,18801713.0,18805710.0,18809031.0,18812816.0,18816612.0,18820228.0,18823396.0,18826605.0,18830039.0,18833757.0,18837315.0,18840823.0,18844401.0,18847260.0,18849963.0,18852818.0,18855682.0,18858566.0,18861773.0,18864742.0,18867418.0,18870211.0,18872982.0,18875786.0,18878662.0,18882022.0,18885446.0,18888118.0,18890666.0,18893019.0,18895531.0,18898243.0,18901402.0,18904587.0,18907238.0,18909785.0,18912445.0,18915201.0,18917953.0,18921173.0,18924486.0,18927145.0,18929849.0,18932905.0,18935934.0,18939318.0,18943027.0,18946639.0,18949932.0,18953109.0,18956368.0,18959568.0,18963402.0,18966906.0,18970478.0,18974272.0,18978359.0,18982373.0,18985792.0,18989340.0,18993031.0,18996530.0,18999617.0,19002826.0,19005775.0,19008863.0,,,,,,,,,19037807.0,19041323.0,19044647.0,19048603.0,19052938.0,19057516.0,19062233.0,19066734.0,19071671.0,19075841.0,19080105.0,19084940.0,19090253.0,19096176.0,19102324.0,19108470.0,19113085.0,19118581.0,19123237.0,19126617.0,19129539.0,19132757.0,19135902.0,19138469.0,19141184.0,19143962.0,19146807.0,19149607.0,19152844.0,19155926.0,19158749.0,19161541.0,19164031.0,19166645.0,19169246.0,19172241.0,19175152.0,19177843.0,19180725.0,19183476.0,19186087.0,19188704.0,19191913.0,19195108.0,19197852.0,19200610.0,19203533.0,19206678.0,19209869.0,19213395.0,19216608.0,19219347.0,19222057.0,19225016.0,19227698.0,19230340.0,19233364.0,19236160.0,19238519.0,19241260.0,19243907.0,19246420.0,19248873.0,19251471.0,19253939.0,19261074.0,19268940.0,19275273.0,19280231.0,19284515.0,19289251.0,19293728.0,19298007.0,19302025.0,19306139.0,19310232.0,19314754.0,19319583.0,19323978.0,19330019.0,19336484.0,19341089.0,19345692.0,19351184.0,19356207.0,19360954.0,19365126.0,19368742.0,19372479.0,19375873.0,19379357.0,19383054.0,19387009.0,19390378.0,19393903.0,19397201.0,19400823.0,19404278.0,19408252.0,19411781.0,19415127.0,19418445.0,19422113.0,19425749.0,19429197.0,19432396.0,19435803.0,19438951.0,19441922.0,19444697.0,19447617.0,19450654.0,19454038.0,19457209.0,19460228.0,19463156.0,19466078.0,19468936.0,19472015.0,19475120.0,19478176.0,,19483987.0,19487137.0,19490161.0,19493142.0,19496277.0,19499291.0,19502158.0,19504932.0,19507792.0,19510568.0,19513335.0,19516770.0,19519891.0,19522512.0,19524862.0,19527407.0,19530149.0,19532991.0,19536416.0,19539802.0,19542821.0,19545613.0,19548661.0,19551548.0,19554693.0,19558117.0,19561527.0,19564775.0,19567836.0,19571408.0,19575214.0,19579000.0,19583044.0,19586735.0,19590403.0,19594155.0,19597856.0,19601386.0,19604765.0,19608446.0,19611948.0,19615062.0,19618335.0,19621449.0,19624565.0,19627690.0,19631306.0,19634898.0,19637966.0,19641071.0,19644099.0,19646928.0,19649918.0,19653103.0,19656233.0,19659147.0,19662220.0,19665133.0,19667898.0,19670549.0,19673523.0,19676319.0,19679013.0,19681512.0,19684117.0,19687007.0,19690156.0,19693188.0,19696239.0,19698843.0,19701374.0,19703867.0,19706204.0,19708606.0,19711533.0,19714637.0,19717309.0,19720178.0,19723028.0,19725858.0,19728819.0,19731848.0,19734822.0,19737676.0,19740531.0,19743508.0,19746550.0,19749609.0,19752605.0,19755843.0,19758685.0,19761215.0,19763922.0,19766657.0,19769161.0,19772185.0,19774929.0,19777719.0,19780306.0,19783108.0,19785624.0,19788500.0,19791589.0,19794665.0,19797538.0,19800479.0,19803736.0,19807014.0,19810325.0,19813782.0,19817349.0,19821066.0,19824733.0,19828483
ejdqUXXy1Rc,5889327.0,5889584.0,5889909.0,5890225.0,5890482.0,5890738.0,5890978.0,5891241.0,5891543.0,5891797.0,5892111.0,5892322.0,5892662.0,5893007.0,5893354.0,5893680.0,5893925.0,5894272.0,5894575.0,5894883.0,5895230.0,5895577.0,5895873.0,5896226.0,5896599.0,5896878.0,5897195.0,5897488.0,5897780.0,5898120.0,5898478.0,5898869.0,5899216.0,5899699.0,5900099.0,5900506.0,5901033.0,5901503.0,5901914.0,5902287.0,5902652.0,5902954.0,5903340.0,5903716.0,5904206.0,5904624.0,5905012.0,5905361.0,5905736.0,5906084.0,5906416.0,5906705.0,5907018.0,5907295.0,5907588.0,5907920.0,5908212.0,5908514.0,5908835.0,5909130.0,5909478.0,5909766.0,5910088.0,5910382.0,5910673.0,5910966.0,5911230.0,5911508.0,5911731.0,5912086.0,5912367.0,5912628.0,5912938.0,5913228.0,5913476.0,5913740.0,5914035.0,5914356.0,5914666.0,5915003.0,5915295.0,5915567.0,5915855.0,5916127.0,5916447.0,5916705.0,5916969.0,5917212.0,5917422.0,5917677.0,5917938.0,5918184.0,5918459.0,5918752.0,5918997.0,5919289.0,5919525.0,5919754.0,5919963.0,5920168.0,5920434.0,5920678.0,5920895.0,5921131.0,5921419.0,5921689.0,5921895.0,5922152.0,5922418.0,5922630.0,5922877.0,5923153.0,5923407.0,5923691.0,5923933.0,5924203.0,5924479.0,5924753.0,5924978.0,5925334.0,5925591.0,5925831.0,5926093.0,5926443.0,5926769.0,5927081.0,5927354.0,5927653.0,5927953.0,5928178.0,5928409.0,5928633.0,5928872.0,5929096.0,,,,,,,,,5931439.0,5931820.0,5932309.0,5932814.0,5933189.0,5933659.0,5934070.0,5934479.0,5934892.0,5935199.0,5935546.0,5935849.0,5936169.0,5936427.0,5936752.0,5937119.0,5937367.0,5937601.0,5938091.0,5938412.0,5938687.0,5938959.0,5939234.0,5939512.0,5939744.0,5939953.0,5940164.0,5940426.0,5940727.0,5941051.0,5941378.0,5941656.0,5941870.0,5942119.0,5942326.0,5942624.0,5942910.0,5943134.0,5943359.0,5943606.0,5943811.0,5944024.0,5944233.0,5944433.0,5944616.0,5944816.0,5945101.0,5945331.0,5945548.0,5945755.0,5945915.0,5946122.0,5946342.0,5946549.0,5946769.0,5946996.0,5947182.0,5947384.0,5947597.0,5947834.0,5948004.0,5948213.0,5948395.0,5948641.0,5948841.0,5949069.0,5949273.0,5949511.0,5949734.0,5949983.0,5950200.0,5950427.0,5950610.0,5950812.0,5951052.0,5951258.0,5951461.0,5951686.0,5951847.0,5952036.0,5952247.0,5952435.0,5952647.0,5952863.0,5953088.0,5953281.0,5953459.0,5953643.0,5953854.0,5954063.0,5954257.0,5954451.0,5954670.0,5954839.0,5955052.0,5955268.0,5955475.0,5955672.0,5955851.0,5956068.0,5956280.0,5956449.0,5956652.0,5956902.0,5957080.0,5957276.0,5957473.0,5957661.0,5957823.0,5958016.0,5958208.0,5958385.0,5958569.0,5958755.0,5958948.0,5959132.0,5959277.0,5959469.0,5959645.0,5959863.0,5960042.0,,5960421.0,5960670.0,5960909.0,5961162.0,5961347.0,5961701.0,5961902.0,5962167.0,5962498.0,5962861.0,5963178.0,5963478.0,5963714.0,5963921.0,5964108.0,5964326.0,5964519.0,5964746.0,5965007.0,5965220.0,5965389.0,5965570.0,5965733.0,5965940.0,5966131.0,5966298.0,5966519.0,5966799.0,5967034.0,5967346.0,5967589.0,5967806.0,5968035.0,5968228.0,5968428.0,5968612.0,5968815.0,5968995.0,5969178.0,5969380.0,5969550.0,5969744.0,5969931.0,5970109.0,5970286.0,5970474.0,5970725.0,5970953.0,5971207.0,5971477.0,5971773.0,5972442.0,5973310.0,5973934.0,5974326.0,5974580.0,5974839.0,5975080.0,5975286.0,5975507.0,5975679.0,5975840.0,5976020.0,5976210.0,5976373.0,5976553.0,5976752.0,5976943.0,5977094.0,5977301.0,5977500.0,5977714.0,5977968.0,5978266.0,5978515.0,5978757.0,5978961.0,5979197.0,5979411.0,5979645.0,5979875.0,5980126.0,5980265.0,5980474.0,5980670.0,5980856.0,5981034.0,5981218.0,5981454.0,5981665.0,5981854.0,5982035.0,5982236.0,5982415.0,5982623.0,5982793.0,5982949.0,5983131.0,5983283.0,5983454.0,5983641.0,5983807.0,5984031.0,5984247.0,5984439.0,5984684.0,5984921.0,5985138.0,5985327.0,5985543.0,5985740.0,5986205.0,5986712.0,5987093
yyrKLHNCbq0,6727944.0,6730672.0,6733366.0,6735970.0,6738517.0,6741554.0,6744447.0,6747354.0,6750138.0,6752876.0,6755580.0,6758343.0,6761474.0,6764456.0,6767875.0,6771403.0,6774920.0,6778042.0,6781355.0,6784654.0,6787768.0,6791172.0,6794741.0,6797465.0,6800354.0,6803130.0,6806206.0,6809197.0,6812271.0,6815278.0,6818207.0,6820925.0,6823527.0,6826395.0,6829093.0,6832141.0,6835278.0,6838445.0,6841267.0,6844035.0,6846715.0,6849158.0,6852159.0,6855261.0,6858288.0,6860849.0,6863328.0,6865900.0,6868481.0,6871200.0,6873651.0,6875852.0,6877889.0,6880076.0,6882441.0,6884607.0,6886806.0,6889047.0,6891166.0,6893307.0,6895636.0,6898186.0,6900711.0,6903140.0,6905717.0,6908136.0,6910445.0,6913134.0,6915644.0,6918996.0,6921938.0,6924504.0,6927084.0,6929838.0,6932622.0,6935674.0,6938608.0,6941351.0,6944232.0,6946927.0,6949581.0,6952355.0,6955124.0,6957938.0,6960582.0,6963246.0,6965758.0,6968055.0,6971037.0,6973888.0,6976659.0,6979582.0,6982336.0,6985149.0,6987655.0,6990754.0,6993624.0,6996340.0,6999272.0,7002407.0,7005291.0,7007642.0,7010258.0,7012878.0,7015504.0,7018248.0,7020790.0,7023119.0,7025751.0,7028507.0,7031576.0,7034579.0,7037473.0,7040681.0,7043612.0,7046272.0,7049073.0,7052026.0,7055393.0,7058853.0,7061997.0,7064717.0,7067468.0,7069989.0,7072511.0,7075368.0,7078184.0,7081250.0,7084516.0,7087772.0,7091489.0,7094979.0,7098580.0,7102159.0,,,,,,,,,7140770.0,7144942.0,7149086.0,7153025.0,7158802.0,7164444.0,7169573.0,7176464.0,7183698.0,7191330.0,7199537.0,7207769.0,7218255.0,7231110.0,7243707.0,7253969.0,7263463.0,7269020.0,7276793.0,7282821.0,7287773.0,7292232.0,7296097.0,7300358.0,7304630.0,7308507.0,7312174.0,7315820.0,7319204.0,7322619.0,7326613.0,7330568.0,7334716.0,7338966.0,7343253.0,7347651.0,7351838.0,7356135.0,7360670.0,7365438.0,7370055.0,7374711.0,7378987.0,7383196.0,7387922.0,7392965.0,7398209.0,7403433.0,7408751.0,7413320.0,7417483.0,7422440.0,7427285.0,7432052.0,7436895.0,7442129.0,7446890.0,7451131.0,7455564.0,7460261.0,7464847.0,7468853.0,7472872.0,7476915.0,7480733.0,7485148.0,7489851.0,7494305.0,7497911.0,7501927.0,7505894.0,7509594.0,7513926.0,7518366.0,7522528.0,7527179.0,7532058.0,7536419.0,7540785.0,7545274.0,7549762.0,7553978.0,7558968.0,7563672.0,7567862.0,7571655.0,7575573.0,7579666.0,7583619.0,7587695.0,7591705.0,7595621.0,7599450.0,7603603.0,7608034.0,7612296.0,7616617.0,7621156.0,7625646.0,7629780.0,7634159.0,7638301.0,7642270.0,7646408.0,7650667.0,7654619.0,7658093.0,7661529.0,7665555.0,7669977.0,7674653.0,7679498.0,7684048.0,7688162.0,7692192.0,7695718.0,7699003.0,7702697.0,7706385.0,7709855.0,7713485.0,,7721589.0,7725879.0,7730562.0,7735616.0,7740017.0,7743916.0,7748180.0,7752496.0,7756409.0,7760486.0,7764543.0,7768347.0,7771707.0,7775407.0,7779716.0,7783801.0,7788126.0,7792860.0,7797490.0,7801472.0,7805607.0,7810265.0,7814802.0,7819120.0,7823016.0,7826654.0,7830233.0,7834376.0,7838207.0,7842263.0,7846073.0,7850048.0,7853733.0,7856618.0,7860720.0,7864410.0,7868063.0,7871493.0,7874862.0,7878016.0,7881339.0,7884913.0,7888367.0,7891587.0,7894615.0,7897583.0,7900439.0,7902922.0,7905973.0,7909338.0,7912485.0,7915082.0,7917850.0,7920408.0,7923471.0,7926688.0,7929522.0,7931866.0,7934173.0,7936771.0,7939294.0,7941564.0,7944072.0,7946644.0,7949197.0,7951917.0,7954521.0,7956829.0,7958872.0,7961228.0,7963662.0,7966301.0,7968866.0,7971261.0,7973703.0,7976327.0,7979290.0,7982210.0,7985031.0,7987797.0,7990505.0,7993547.0,7995951.0,7998677.0,8001427.0,8004208.0,8006977.0,8009879.0,8012509.0,8015007.0,8017596.0,8020258.0,8022816.0,8025542.0,8028216.0,8030835.0,8033152.0,8035636.0,8038239.0,8040519.0,8042668.0,8045056.0,8047268.0,8049295.0,8051561.0,8053835.0,8056185.0,8058522.0,8060687.0,8062818.0,8064824.0,8066992.0,8069055.0,8071275
owZ0zIlhCqo,746104.0,746356.0,746642.0,746940.0,747238.0,747554.0,747865.0,748177.0,748561.0,748852.0,749138.0,749419.0,749714.0,750021.0,750326.0,750617.0,750926.0,751239.0,751579.0,751890.0,752145.0,752419.0,752719.0,753032.0,753286.0,753600.0,753906.0,754201.0,754490.0,754817.0,755076.0,755310.0,755605.0,755893.0,756141.0,756428.0,756679.0,757033.0,757438.0,757912.0,758259.0,758606.0,758937.0,759562.0,760052.0,760419.0,760790.0,761136.0,761434.0,761791.0,762118.0,762475.0,762731.0,763078.0,763464.0,763757.0,764047.0,764323.0,764633.0,764948.0,765240.0,765571.0,765833.0,766121.0,766411.0,766733.0,767063.0,767394.0,767688.0,768429.0,769527.0,770403.0,771031.0,771532.0,772083.0,772616.0,773149.0,773516.0,773932.0,774297.0,774678.0,774995.0,775310.0,775559.0,775870.0,776216.0,776540.0,776823.0,777131.0,777427.0,777750.0,777975.0,778298.0,778572.0,778864.0,779208.0,779551.0,779860.0,780192.0,780548.0,780866.0,781192.0,781461.0,781825.0,782159.0,782484.0,782832.0,783148.0,783424.0,783753.0,784072.0,784403.0,784760.0,785076.0,785417.0,785712.0,786005.0,786335.0,786628.0,787007.0,787270.0,787568.0,787794.0,788082.0,788394.0,788704.0,789011.0,789293.0,789569.0,789830.0,790167.0,790457.0,790736.0,791034.0,,,,,,,,,793506.0,793783.0,794042.0,794288.0,794547.0,794832.0,795101.0,795338.0,795600.0,795876.0,796124.0,796357.0,796639.0,796874.0,797099.0,797288.0,797609.0,797964.0,798307.0,798722.0,799066.0,799379.0,799748.0,800102.0,800421.0,800779.0,801073.0,801404.0,801703.0,801997.0,802298.0,802564.0,802848.0,803086.0,803342.0,803595.0,803832.0,804104.0,804359.0,804646.0,804890.0,805139.0,805418.0,805673.0,805947.0,806249.0,806522.0,806750.0,807047.0,807267.0,807465.0,807729.0,808000.0,808292.0,808571.0,808805.0,809100.0,809310.0,809529.0,809795.0,810028.0,810208.0,810383.0,810537.0,810709.0,810873.0,811099.0,811309.0,811478.0,811655.0,811824.0,812053.0,812272.0,812504.0,812684.0,812923.0,813167.0,813404.0,813629.0,813915.0,814130.0,814397.0,814656.0,814944.0,815185.0,815393.0,815644.0,815877.0,816069.0,816336.0,816528.0,816768.0,817020.0,817276.0,817554.0,817827.0,818096.0,818455.0,818752.0,819004.0,819237.0,819491.0,819707.0,819961.0,820187.0,820432.0,820636.0,820874.0,821082.0,821334.0,821602.0,821830.0,822034.0,822275.0,822524.0,822736.0,822933.0,823145.0,823354.0,823548.0,823736.0,,824130.0,824335.0,824560.0,824753.0,824948.0,825118.0,825350.0,825557.0,825754.0,825933.0,826146.0,826310.0,826504.0,826690.0,826912.0,827139.0,827349.0,827602.0,827805.0,827976.0,828193.0,828407.0,828612.0,828820.0,829039.0,829218.0,829405.0,829606.0,829823.0,830022.0,830231.0,830422.0,830606.0,830758.0,830924.0,831121.0,831339.0,831533.0,831679.0,831828.0,832005.0,832197.0,832365.0,832538.0,832709.0,832866.0,833070.0,833227.0,833400.0,833611.0,833798.0,833963.0,834147.0,834293.0,834446.0,834602.0,834741.0,834953.0,835131.0,835276.0,835434.0,835581.0,835728.0,835895.0,836083.0,836317.0,836470.0,836629.0,836805.0,836938.0,837157.0,837309.0,837481.0,837645.0,837832.0,838004.0,838225.0,838395.0,838594.0,838803.0,839045.0,839245.0,839455.0,839652.0,839831.0,840028.0,840211.0,840444.0,840638.0,840841.0,841002.0,841181.0,841354.0,841556.0,841739.0,841888.0,842027.0,842194.0,842389.0,842565.0,842724.0,842905.0,843047.0,843189.0,843335.0,843549.0,843727.0,843906.0,844046.0,844186.0,844301.0,844454.0,844602.0,844758
gE36GXSY6o4,5802113.0,5808638.0,5817095.0,5825145.0,5833857.0,5842880.0,5850628.0,5859570.0,5869187.0,5878000.0,5886904.0,5895251.0,5903396.0,5913129.0,5922789.0,5932552.0,5942545.0,5951641.0,5960934.0,5971241.0,5982039.0,5994806.0,6007648.0,6017582.0,6027057.0,6036055.0,6048233.0,6060791.0,6073988.0,6085565.0,6099074.0,6111004.0,6122628.0,6135174.0,6148557.0,6161238.0,6173931.0,6184243.0,6194610.0,6205041.0,6216578.0,6227373.0,6238035.0,6248735.0,6257634.0,6265700.0,6274628.0,6284845.0,6294953.0,6304033.0,6312556.0,6321679.0,6329572.0,6338640.0,6350626.0,6360562.0,6369558.0,6378138.0,6385751.0,6393206.0,6401014.0,6410319.0,6419517.0,6428126.0,6436226.0,6443608.0,6450797.0,6458562.0,6466009.0,6475171.0,6484469.0,6493061.0,6501083.0,6508744.0,6516827.0,6524820.0,6533241.0,6541831.0,6549851.0,6557486.0,6564674.0,6572084.0,6580252.0,6588651.0,6596865.0,6604778.0,6611720.0,6617689.0,6624499.0,6631948.0,6640173.0,6648176.0,6655936.0,6663436.0,6670089.0,6677609.0,6685696.0,6693760.0,6702061.0,6709909.0,6717452.0,6724210.0,6731424.0,6739226.0,6747182.0,6755091.0,6762853.0,6770993.0,6778582.0,6786934.0,6795663.0,6803689.0,6811367.0,6819375.0,6826875.0,6834343.0,6842813.0,6852680.0,6862361.0,6871494.0,6879995.0,6887221.0,6894233.0,6901988.0,6911325.0,6920372.0,6929794.0,6938765.0,6947045.0,6954609.0,6963164.0,6973171.0,6983214.0,6992963.0,,,,,,,,,7080094.0,7089809.0,7099664.0,7109820.0,7120592.0,7131239.0,7140694.0,7149145.0,7157902.0,7166899.0,7176600.0,7186196.0,7196698.0,7206150.0,7214871.0,7222828.0,7231515.0,7240781.0,7249977.0,7259488.0,7269774.0,7278806.0,7286946.0,7296002.0,7306031.0,7315917.0,7326044.0,7336090.0,7344718.0,7353082.0,7361808.0,7371848.0,7381591.0,7391331.0,7400674.0,7409859.0,7418099.0,7427277.0,7437512.0,7447664.0,7457008.0,7465952.0,7474278.0,7482002.0,7490743.0,7499805.0,7508824.0,7518515.0,7528490.0,7537718.0,7546260.0,7555628.0,7565891.0,7576555.0,7586405.0,7595519.0,7603556.0,7611519.0,7620071.0,7629260.0,7637908.0,7644764.0,7651353.0,7658335.0,7664863.0,7672615.0,7680810.0,7688299.0,7694149.0,7699943.0,7706076.0,7712044.0,7718553.0,7726861.0,7734728.0,7742751.0,7751564.0,7759736.0,7767152.0,7774828.0,7783249.0,7791361.0,7799877.0,7809190.0,7816736.0,7823854.0,7831891.0,7840720.0,7850119.0,7859777.0,7869246.0,7878081.0,7886107.0,7895154.0,7904848.0,7914694.0,7924489.0,7934067.0,7942396.0,7949936.0,7958545.0,7967306.0,7976186.0,7985123.0,7993969.0,8002176.0,8009602.0,8017553.0,8026264.0,8035349.0,8043954.0,8052440.0,8060161.0,8067202.0,8074197.0,8081389.0,8088497.0,8095760.0,8102871.0,8108894.0,8114577.0,,8128705.0,8136089.0,8143121.0,8149886.0,8157122.0,8163433.0,8170718.0,8178230.0,8186053.0,8194091.0,8201844.0,8208922.0,8215073.0,8221841.0,8228814.0,8236099.0,8243507.0,8250739.0,8257334.0,8263389.0,8270051.0,8277200.0,8284640.0,8292074.0,8299026.0,8305263.0,8311075.0,8317671.0,8325110.0,8332675.0,8339976.0,8347436.0,8354613.0,8360935.0,8367462.0,8373934.0,8380628.0,8387114.0,8392776.0,8397607.0,8403034.0,8409153.0,8416261.0,8423417.0,8430439.0,8437293.0,8443189.0,8448775.0,8454718.0,8460806.0,8467008.0,8473686.0,8480231.0,8485926.0,8490905.0,8496654.0,8503043.0,8509671.0,8516421.0,8522807.0,8528485.0,8533707.0,8539578.0,8546077.0,8552366.0,8558434.0,8563978.0,8569369.0,8575056.0,8581694.0,8588487.0,8595266.0,8602064.0,8609211.0,8615431.0,8621761.0,8628708.0,8635906.0,8642852.0,8649878.0,8657150.0,8663913.0,8669869.0,8676185.0,8682759.0,8689668.0,8696367.0,8702797.0,8708552.0,8714040.0,8719889.0,8725764.0,8731927.0,8737945.0,8744030.0,8749912.0,8754861.0,8759852.0,8765583.0,8771755.0,8777772.0,8783835.0,8788989.0,8793579.0,8798576.0,8804293.0,8809952.0,8815483.0,8820760.0,8825690.0,8830377.0,8835294.0,8840618.0,8846192
EbI6yr1fbHg,48174.0,48180.0,48187.0,48202.0,48211.0,48217.0,48224.0,48228.0,48234.0,48243.0,48252.0,48259.0,48269.0,48274.0,48284.0,48297.0,48309.0,48318.0,48327.0,48336.0,48344.0,48351.0,48360.0,48369.0,48381.0,48386.0,48395.0,48403.0,48411.0,48416.0,48429.0,48442.0,48452.0,48456.0,48462.0,48482.0,48491.0,48497.0,48502.0,48507.0,48513.0,48517.0,48522.0,48533.0,48539.0,48546.0,48553.0,48565.0,48569.0,48583.0,48591.0,48603.0,48608.0,48619.0,48626.0,48630.0,48634.0,48640.0,48643.0,48650.0,48655.0,48666.0,48674.0,48678.0,48685.0,48692.0,48696.0,48702.0,48707.0,48718.0,48724.0,48729.0,48732.0,48740.0,48745.0,48752.0,48759.0,48765.0,48775.0,48778.0,48786.0,48793.0,48800.0,48809.0,48813.0,48819.0,48826.0,48830.0,48836.0,48842.0,48848.0,48852.0,48855.0,48858.0,48865.0,48874.0,48879.0,48888.0,48893.0,48903.0,48907.0,48914.0,48918.0,48924.0,48933.0,48937.0,48942.0,48947.0,48950.0,48957.0,48965.0,48971.0,48975.0,48984.0,48990.0,48997.0,49000.0,49010.0,49012.0,49021.0,49026.0,49030.0,49032.0,49040.0,49049.0,49052.0,49054.0,49056.0,49059.0,49063.0,49072.0,49079.0,49080.0,49089.0,,,,,,,,,49145.0,49149.0,49157.0,49160.0,49167.0,49173.0,49178.0,49183.0,49190.0,49194.0,49208.0,49212.0,49216.0,49226.0,49238.0,49242.0,49247.0,49251.0,49252.0,49258.0,49262.0,49270.0,49277.0,49282.0,49286.0,49298.0,49307.0,49315.0,49319.0,49326.0,49331.0,49337.0,49344.0,49348.0,49351.0,49356.0,49362.0,49367.0,49373.0,49383.0,49390.0,49398.0,49409.0,49416.0,49423.0,49430.0,49435.0,49441.0,49446.0,49453.0,49457.0,49461.0,49463.0,49470.0,49481.0,49486.0,49492.0,49500.0,49510.0,49518.0,49524.0,49531.0,49533.0,49536.0,49542.0,49546.0,49553.0,49564.0,49575.0,49578.0,49584.0,49586.0,49590.0,49598.0,49609.0,49612.0,49612.0,49615.0,49617.0,49626.0,49630.0,49633.0,49641.0,49644.0,49647.0,49655.0,49670.0,49674.0,49684.0,49689.0,49693.0,49698.0,49704.0,49713.0,49719.0,49723.0,49732.0,49741.0,49748.0,49756.0,49760.0,49769.0,49789.0,49800.0,49809.0,49817.0,49826.0,49835.0,49840.0,49846.0,49853.0,49862.0,49872.0,49878.0,49887.0,49898.0,49902.0,49908.0,49914.0,49923.0,49929.0,,49940.0,49946.0,49957.0,49962.0,49965.0,49972.0,49980.0,49987.0,50008.0,50017.0,50021.0,50024.0,50034.0,50041.0,50046.0,50061.0,50072.0,50077.0,50082.0,50088.0,50097.0,50100.0,50109.0,50115.0,50122.0,50125.0,50132.0,50137.0,50148.0,50164.0,50170.0,50178.0,50186.0,50191.0,50195.0,50200.0,50208.0,50216.0,50219.0,50223.0,50230.0,50239.0,50247.0,50259.0,50261.0,50269.0,50280.0,50282.0,50286.0,50293.0,50298.0,50300.0,50303.0,50306.0,50310.0,50311.0,50314.0,50318.0,50321.0,50327.0,50333.0,50336.0,50341.0,50344.0,50346.0,50347.0,50351.0,50354.0,50359.0,50367.0,50370.0,50371.0,50376.0,50379.0,50389.0,50395.0,50399.0,50406.0,50407.0,50412.0,50414.0,50422.0,50427.0,50432.0,50442.0,50447.0,50458.0,50462.0,50465.0,50469.0,50472.0,50476.0,50481.0,50485.0,50489.0,50494.0,50496.0,50503.0,50505.0,50515.0,50519.0,50522.0,50526.0,50529.0,50533.0,50537.0,50541.0,50550.0,50552.0,50564.0,50569.0,50570.0,50576.0,50580
f09oTPk4hTY,1460761.0,1461292.0,1461760.0,1462272.0,1462755.0,1463303.0,1463830.0,1464450.0,1465029.0,1465541.0,1466035.0,1466588.0,1467128.0,1467597.0,1468130.0,1468746.0,1469230.0,1469729.0,1470210.0,1470764.0,1471288.0,1471778.0,1472336.0,1472875.0,1473319.0,1473819.0,1474456.0,1474962.0,1475588.0,1476028.0,1476458.0,1476945.0,1477385.0,1477816.0,1478302.0,1478845.0,1479396.0,1479888.0,1480322.0,1480833.0,1481346.0,1481915.0,1482483.0,1483030.0,1483524.0,1484028.0,1484502.0,1484998.0,1485537.0,1485973.0,1486503.0,1487094.0,1487529.0,1488142.0,1488680.0,1489198.0,1489695.0,1490275.0,1490771.0,1491240.0,1491763.0,1492317.0,1492835.0,1493271.0,1493842.0,1494416.0,1494892.0,1495378.0,1495792.0,1496461.0,1496945.0,1497450.0,1497949.0,1498333.0,1498875.0,1499333.0,1499773.0,1500351.0,1500905.0,1501385.0,1501782.0,1502255.0,1502721.0,1503219.0,1503716.0,1504227.0,1504642.0,1505201.0,1505741.0,1506246.0,1506733.0,1507264.0,1507747.0,1508252.0,1508739.0,1509220.0,1509690.0,1510068.0,1510569.0,1511211.0,1511735.0,1512168.0,1512666.0,1513089.0,1513657.0,1514088.0,1514536.0,1514979.0,1515454.0,1515927.0,1516471.0,1517030.0,1517482.0,1517977.0,1518406.0,1518922.0,1519415.0,1519913.0,1520366.0,1520733.0,1521210.0,1521656.0,1522129.0,1522560.0,1523015.0,1523490.0,1523914.0,1524341.0,1524717.0,1525133.0,1525534.0,1525939.0,1526360.0,1526709.0,,,,,,,,,1530480.0,1530993.0,1531494.0,1531896.0,1532385.0,1532756.0,1533135.0,1533491.0,1533939.0,1534379.0,1534789.0,1535206.0,1535650.0,1536092.0,1536482.0,1536955.0,1537386.0,1537811.0,1538299.0,1538821.0,1539229.0,1539715.0,1540142.0,1540531.0,1541006.0,1541450.0,1541901.0,1542400.0,1542811.0,1543299.0,1543748.0,1544269.0,1544750.0,1545201.0,1545614.0,1546113.0,1546620.0,1547021.0,1547451.0,1547825.0,1548329.0,1548739.0,1549263.0,1549698.0,1550137.0,1550464.0,1550889.0,1551384.0,1551838.0,1552190.0,1552558.0,1552914.0,1553344.0,1553824.0,1554226.0,1554765.0,1555132.0,1555586.0,1555952.0,1556363.0,1556780.0,1557061.0,1557492.0,1557846.0,1558210.0,1558532.0,1558922.0,1559290.0,1559659.0,1559967.0,1560329.0,1560757.0,1561175.0,1561514.0,1561916.0,1562219.0,1562652.0,1562950.0,1563331.0,1563744.0,1564140.0,1564488.0,1564985.0,1565433.0,1565779.0,1566217.0,1566599.0,1566940.0,1567324.0,1567699.0,1568096.0,1568483.0,1568860.0,1569210.0,1569645.0,1569989.0,1570451.0,1570889.0,1571272.0,1571625.0,1571997.0,1572339.0,1572713.0,1573078.0,1573541.0,1573866.0,1574261.0,1574634.0,1575010.0,1575437.0,1575825.0,1576220.0,1576575.0,1577022.0,1577414.0,1577765.0,1578099.0,1578480.0,1578843.0,1579201.0,1579637.0,,1580555.0,1581087.0,1581489.0,1581978.0,1582386.0,1582845.0,1583215.0,1583592.0,1583964.0,1584345.0,1584752.0,1585111.0,1585479.0,1585930.0,1586413.0,1586864.0,1587309.0,1587816.0,1588275.0,1588714.0,1589149.0,1589618.0,1590013.0,1590426.0,1590927.0,1591325.0,1591752.0,1592123.0,1592578.0,1592954.0,1593417.0,1593747.0,1594204.0,1594543.0,1594971.0,1595417.0,1595834.0,1596304.0,1596750.0,1597236.0,1597644.0,1598077.0,1598532.0,1598991.0,1599472.0,1599920.0,1600329.0,1600733.0,1601219.0,1601619.0,1602146.0,1602723.0,1603247.0,1603778.0,1604298.0,1604781.0,1605319.0,1605851.0,1606395.0,1606934.0,1607472.0,1607850.0,1608419.0,1609008.0,1609538.0,1610033.0,1610460.0,1610850.0,1611235.0,1611633.0,1612054.0,1612444.0,1612838.0,1613257.0,1613741.0,1614181.0,1614591.0,1615068.0,1615520.0,1615948.0,1616389.0,1616792.0,1617228.0,1617712.0,1618152.0,1618573.0,1618968.0,1619425.0,1619894.0,1620353.0,1620822.0,1621312.0,1621715.0,1622171.0,1622603.0,1623087.0,1623554.0,1624003.0,1624422.0,1624870.0,1625270.0,1625749.0,1626199.0,1626715.0,1627177.0,1627629.0,1628207.0,1628629.0,1628976.0,1629473.0,1629856.0,1630334.0,1630735.0,1631194
A_s_ifAnI80,892593.0,892715.0,892874.0,892978.0,893135.0,893346.0,893485.0,893665.0,893800.0,893975.0,894170.0,894370.0,894540.0,894698.0,894839.0,895031.0,895169.0,895347.0,895549.0,895718.0,895957.0,896155.0,896347.0,896543.0,896723.0,896919.0,897091.0,897253.0,897478.0,897636.0,897805.0,897980.0,898135.0,898279.0,898459.0,898631.0,898770.0,898914.0,899072.0,899260.0,899485.0,899659.0,899820.0,899980.0,900142.0,900313.0,900482.0,900633.0,900796.0,900934.0,901115.0,901309.0,901439.0,901610.0,901763.0,901933.0,902122.0,902385.0,902623.0,902847.0,903055.0,903312.0,903538.0,903816.0,904023.0,904255.0,904546.0,904742.0,904960.0,905125.0,905290.0,905460.0,905623.0,905771.0,905958.0,906134.0,906393.0,906554.0,906714.0,906941.0,907142.0,907324.0,907523.0,907756.0,907960.0,908105.0,908281.0,908469.0,908623.0,908780.0,908975.0,909152.0,909366.0,909534.0,909700.0,909912.0,910066.0,910260.0,910433.0,910608.0,910753.0,910907.0,911096.0,911240.0,911395.0,911572.0,911749.0,911977.0,912165.0,912349.0,912491.0,912645.0,912839.0,913044.0,913203.0,913376.0,913562.0,913747.0,913909.0,914092.0,914227.0,914349.0,914479.0,914599.0,914719.0,914862.0,915009.0,915139.0,915287.0,915440.0,915577.0,915700.0,915838.0,915988.0,,,,,,,,,917255.0,917432.0,917606.0,917788.0,917961.0,918151.0,918296.0,918444.0,918628.0,918801.0,918958.0,919083.0,919208.0,919366.0,919493.0,919656.0,919812.0,919995.0,920182.0,920368.0,920499.0,920633.0,920767.0,920937.0,921089.0,921230.0,921374.0,921551.0,921688.0,921813.0,921981.0,922142.0,922339.0,922470.0,922610.0,922732.0,922888.0,923003.0,923155.0,923272.0,923393.0,923529.0,923670.0,923816.0,923950.0,924066.0,924264.0,924417.0,924577.0,924702.0,924829.0,924955.0,925081.0,925266.0,925401.0,925531.0,925691.0,925825.0,925955.0,926099.0,926227.0,926339.0,926475.0,926619.0,926774.0,926924.0,927063.0,927222.0,927345.0,927490.0,927632.0,927754.0,927872.0,928019.0,928164.0,928325.0,928445.0,928567.0,928672.0,928792.0,928947.0,929051.0,929181.0,929346.0,929495.0,929636.0,929777.0,929932.0,930061.0,930194.0,930354.0,930496.0,930658.0,930803.0,930975.0,931122.0,931272.0,931393.0,931546.0,931691.0,931815.0,931948.0,932116.0,932275.0,932421.0,932534.0,932697.0,932840.0,932997.0,933191.0,933314.0,933470.0,933600.0,933781.0,933960.0,934117.0,934284.0,934430.0,934571.0,934767.0,934942.0,,935398.0,935639.0,935827.0,935986.0,936185.0,936348.0,936527.0,936696.0,936888.0,937030.0,937186.0,937363.0,937535.0,937711.0,937865.0,938088.0,938290.0,938495.0,938725.0,938955.0,939220.0,939452.0,939707.0,939960.0,940144.0,940383.0,940573.0,940778.0,940980.0,941183.0,941374.0,941569.0,941764.0,941978.0,942194.0,942460.0,942720.0,942992.0,943188.0,943383.0,943553.0,943807.0,944048.0,944317.0,944544.0,944725.0,944901.0,945088.0,945313.0,945524.0,945732.0,945982.0,946188.0,946408.0,946637.0,946894.0,947126.0,947351.0,947598.0,947858.0,948091.0,948381.0,948613.0,948930.0,949272.0,949542.0,949684.0,949860.0,950045.0,950221.0,950426.0,950600.0,950802.0,951002.0,951238.0,951462.0,951684.0,951945.0,952177.0,952427.0,952683.0,952859.0,953048.0,953315.0,953661.0,953969.0,954271.0,954694.0,955014.0,955364.0,955672.0,956018.0,956238.0,956665.0,956995.0,957312.0,957560.0,957856.0,958093.0,958296.0,958603.0,958904.0,959141.0,959417.0,959666.0,959935.0,960305.0,960637.0,961021.0,961384.0,961629.0,961961.0,962249.0,962524
APynYFzPh6A,1258174.0,1258380.0,1258583.0,1258751.0,1258952.0,1259196.0,1259376.0,1259561.0,1259761.0,1260009.0,1260243.0,1260468.0,1260665.0,1260886.0,1261053.0,1261311.0,1261507.0,1261712.0,1261919.0,1262085.0,1262263.0,1262464.0,1262664.0,1262861.0,1263048.0,1263224.0,1263448.0,1263626.0,1263848.0,1264059.0,1264259.0,1264448.0,1264646.0,1264836.0,1265009.0,1265243.0,1265423.0,1265627.0,1265881.0,1266123.0,1266339.0,1266521.0,1266754.0,1266927.0,1267167.0,1267325.0,1267520.0,1267752.0,1267936.0,1268130.0,1268321.0,1268522.0,1268708.0,1268936.0,1269166.0,1269394.0,1269644.0,1269914.0,1270190.0,1270396.0,1270683.0,1270997.0,1271282.0,1271543.0,1271798.0,1272017.0,1272253.0,1272497.0,1272720.0,1272994.0,1273266.0,1273502.0,1273764.0,1273941.0,1274131.0,1274363.0,1274561.0,1274830.0,1275104.0,1275436.0,1275698.0,1275957.0,1276211.0,1276465.0,1276771.0,1277034.0,1277256.0,1277567.0,1277796.0,1278078.0,1278304.0,1278678.0,1279050.0,1279318.0,1279581.0,1279912.0,1280186.0,1280487.0,1280719.0,1281026.0,1281314.0,1281559.0,1281835.0,1282059.0,1282318.0,1282559.0,1282824.0,1283095.0,1283309.0,1283586.0,1283841.0,1284208.0,1284565.0,1284863.0,1285151.0,1285413.0,1285745.0,1286015.0,1286315.0,1286631.0,1286920.0,1287154.0,1287429.0,1287644.0,1287915.0,1288223.0,1288477.0,1288727.0,1288955.0,1289177.0,1289392.0,1289611.0,1289789.0,1290021.0,,,,,,,,,1292794.0,1293176.0,1293556.0,1293843.0,1294161.0,1294489.0,1294779.0,1295075.0,1295424.0,1295846.0,1296168.0,1296459.0,1296699.0,1297009.0,1297336.0,1297611.0,1297875.0,1298197.0,1298531.0,1298796.0,1299110.0,1299388.0,1299620.0,1299911.0,1300177.0,1300445.0,1300730.0,1301029.0,1301262.0,1301575.0,1301828.0,1302085.0,1302333.0,1302539.0,1302763.0,1303047.0,1303289.0,1303567.0,1303810.0,1304047.0,1304273.0,1304513.0,1304775.0,1304995.0,1305228.0,1305434.0,1305677.0,1305984.0,1306225.0,1306407.0,1306649.0,1306890.0,1307142.0,1307365.0,1307584.0,1307759.0,1307992.0,1308176.0,1308359.0,1308595.0,1308788.0,1309025.0,1309231.0,1309442.0,1309619.0,1309846.0,1310034.0,1310311.0,1310479.0,1310682.0,1310823.0,1311020.0,1311213.0,1311438.0,1311697.0,1311939.0,1312165.0,1312360.0,1312596.0,1312802.0,1313034.0,1313246.0,1313546.0,1313792.0,1314027.0,1314304.0,1314575.0,1314833.0,1315134.0,1315393.0,1315618.0,1315832.0,1316055.0,1316283.0,1316527.0,1316766.0,1317001.0,1317231.0,1317502.0,1317748.0,1317990.0,1318184.0,1318440.0,1318727.0,1318967.0,1319224.0,1319490.0,1319712.0,1320027.0,1320301.0,1320554.0,1320829.0,1321117.0,1321380.0,1321664.0,1321891.0,1322110.0,1322331.0,1322577.0,1322794.0,1323085.0,,1323637.0,1323914.0,1324138.0,1324369.0,1324617.0,1324860.0,1325053.0,1325300.0,1325520.0,1325762.0,1325995.0,1326252.0,1326522.0,1326773.0,1327000.0,1327240.0,1327490.0,1327720.0,1327955.0,1328190.0,1328508.0,1328760.0,1328987.0,1329295.0,1329541.0,1329749.0,1329972.0,1330245.0,1330487.0,1330681.0,1330969.0,1331229.0,1331520.0,1331749.0,1331987.0,1332279.0,1332586.0,1332815.0,1333089.0,1333333.0,1333616.0,1333918.0,1334161.0,1334393.0,1334688.0,1334948.0,1335192.0,1335506.0,1335804.0,1336163.0,1336438.0,1336692.0,1337014.0,1337273.0,1337534.0,1337782.0,1338069.0,1338339.0,1338621.0,1338923.0,1339223.0,1339492.0,1339725.0,1340032.0,1340316.0,1340602.0,1340839.0,1341082.0,1341360.0,1341630.0,1341910.0,1342143.0,1342380.0,1342614.0,1342852.0,1343082.0,1343338.0,1343601.0,1343868.0,1344103.0,1344353.0,1344591.0,1344835.0,1345121.0,1345446.0,1345726.0,1345962.0,1346287.0,1346617.0,1346925.0,1347251.0,1347525.0,1347803.0,1348082.0,1348349.0,1348616.0,1348873.0,1349161.0,1349401.0,1349648.0,1349878.0,1350121.0,1350337.0,1350621.0,1350819.0,1351082.0,1351305.0,1351547.0,1351766.0,1351983.0,1352235.0,1352429.0,1352657.0,1352889
OPtzlSnH6Ss,1720839.0,1721561.0,1722344.0,1723008.0,1723804.0,1724597.0,1725345.0,1726091.0,1726757.0,1727546.0,1728427.0,1729154.0,1730090.0,1730910.0,1731730.0,1732483.0,1733131.0,1733693.0,1734305.0,1734912.0,1735482.0,1736240.0,1736934.0,1737745.0,1738469.0,1739243.0,1739917.0,1740675.0,1741422.0,1742159.0,1742813.0,1743529.0,1744155.0,1744957.0,1745852.0,1746628.0,1747432.0,1748109.0,1748797.0,1749449.0,1750391.0,1751218.0,1751965.0,1752709.0,1753433.0,1754168.0,1755016.0,1755876.0,1756722.0,1757516.0,1758298.0,1759041.0,1759751.0,1760421.0,1761160.0,1761929.0,1762777.0,1763570.0,1764362.0,1765165.0,1765937.0,1766820.0,1767580.0,1768272.0,1768951.0,1769677.0,1770350.0,1770942.0,1771531.0,1772249.0,1772820.0,1773326.0,1774009.0,1774597.0,1775262.0,1775974.0,1776720.0,1777387.0,1778154.0,1778779.0,1779505.0,1780236.0,1780951.0,1781676.0,1782422.0,1783150.0,1783885.0,1784655.0,1785288.0,1786011.0,1786605.0,1787243.0,1787960.0,1788608.0,1789166.0,1789865.0,1790445.0,1791131.0,1791753.0,1792349.0,1792962.0,1793588.0,1794185.0,1794747.0,1795395.0,1795955.0,1796584.0,1797086.0,1797711.0,1798268.0,1798829.0,1799415.0,1800132.0,1800784.0,1801418.0,1802061.0,1802682.0,1803382.0,1804017.0,1804670.0,1805296.0,1805868.0,1806371.0,1806882.0,1807448.0,1808135.0,1808754.0,1809374.0,1809877.0,1810470.0,1810983.0,1811542.0,1812073.0,1812573.0,,,,,,,,,1816980.0,1817578.0,1818162.0,1818703.0,1819353.0,1819894.0,1820420.0,1820930.0,1821716.0,1822284.0,1822776.0,1823420.0,1824076.0,1824635.0,1825106.0,1825656.0,1826147.0,1826809.0,1827446.0,1828055.0,1828726.0,1829302.0,1830014.0,1830681.0,1831383.0,1832035.0,1832692.0,1833396.0,1834085.0,1834710.0,1835522.0,1836308.0,1837076.0,1837800.0,1838398.0,1839057.0,1839704.0,1840361.0,1841023.0,1841719.0,1842436.0,1843172.0,1843801.0,1844485.0,1845285.0,1845928.0,1846543.0,1847124.0,1847877.0,1848503.0,1848976.0,1849653.0,1850244.0,1850871.0,1851489.0,1852211.0,1852935.0,1853713.0,1854398.0,1855118.0,1855933.0,1856569.0,1857211.0,1857841.0,1858367.0,1858928.0,1859561.0,1860134.0,1860723.0,1861261.0,1861789.0,1862524.0,1863225.0,1863810.0,1864495.0,1865138.0,1865776.0,1866400.0,1867024.0,1867682.0,1868220.0,1868780.0,1869439.0,1870257.0,1870863.0,1871518.0,1872110.0,1872826.0,1873416.0,1874035.0,1874652.0,1875330.0,1875958.0,1876695.0,1877447.0,1878064.0,1878788.0,1879502.0,1880155.0,1880623.0,1881234.0,1881862.0,1882380.0,1883064.0,1883674.0,1884295.0,1884838.0,1885353.0,1885997.0,1886656.0,1887285.0,1887872.0,1888537.0,1889138.0,1889673.0,1890235.0,1890842.0,1891447.0,1892033.0,1892767.0,1893509.0,,1895089.0,1895868.0,1896460.0,1897198.0,1897828.0,1898566.0,1899266.0,1899858.0,1900595.0,1901268.0,1901852.0,1902583.0,1903267.0,1903899.0,1904640.0,1905299.0,1905995.0,1906732.0,1907378.0,1908185.0,1908937.0,1909705.0,1910397.0,1911070.0,1911788.0,1912426.0,1913054.0,1913691.0,1914286.0,1914925.0,1915545.0,1916229.0,1916785.0,1917434.0,1918092.0,1918659.0,1919412.0,1920056.0,1920664.0,1921250.0,1921864.0,1922495.0,1923059.0,1923550.0,1924162.0,1924643.0,1925295.0,1925936.0,1926551.0,1927167.0,1927768.0,1928398.0,1929039.0,1929610.0,1930227.0,1930832.0,1931459.0,1932249.0,1932950.0,1933586.0,1934205.0,1934847.0,1935542.0,1936410.0,1937165.0,1937809.0,1938426.0,1938987.0,1939532.0,1940038.0,1940593.0,1941201.0,1941689.0,1942283.0,1942887.0,1943420.0,1944035.0,1944624.0,1945203.0,1945755.0,1946366.0,1946921.0,1947436.0,1948094.0,1948752.0,1949377.0,1950054.0,1950742.0,1951312.0,1951882.0,1952523.0,1953110.0,1953762.0,1954392.0,1955034.0,1955699.0,1956330.0,1956941.0,1957516.0,1958099.0,1958747.0,1959368.0,1960017.0,1960638.0,1961257.0,1961844.0,1962474.0,1963090.0,1963621.0,1964287.0,1964901.0,1965506.0,1966111.0,1966900
xM-tlje7_w8,2765188.0,2766978.0,2768934.0,2770806.0,2772552.0,2774394.0,2776272.0,2778009.0,2779822.0,2781451.0,2783107.0,2785089.0,2786867.0,2788422.0,2790331.0,2792214.0,2794084.0,2795899.0,2797779.0,2799628.0,2801515.0,2803467.0,2805638.0,2807561.0,2809109.0,2811240.0,2813071.0,2814777.0,2816595.0,2818449.0,2819987.0,2821737.0,2823370.0,2825022.0,2827026.0,2828952.0,2830817.0,2832636.0,2834559.0,2836291.0,2838052.0,2839820.0,2841565.0,2843227.0,2844829.0,2846788.0,2848830.0,2850810.0,2852807.0,2854719.0,2856424.0,2858391.0,2860152.0,2861973.0,2863849.0,2865726.0,2867795.0,2869883.0,2871773.0,2873492.0,2875844.0,2878042.0,2880065.0,2882094.0,2883885.0,2885689.0,2887525.0,2889478.0,2891198.0,2893464.0,2895396.0,2896983.0,2898770.0,2900537.0,2902693.0,2905011.0,2906988.0,2909124.0,2910917.0,2912734.0,2914707.0,2916884.0,2918991.0,2921171.0,2923442.0,2925274.0,2927263.0,2928943.0,2930791.0,2932647.0,2934583.0,2936587.0,2938615.0,2940653.0,2942611.0,2944917.0,2947362.0,2949943.0,2952066.0,2954244.0,2956172.0,2958117.0,2960203.0,2962418.0,2964691.0,2966946.0,2969113.0,2971052.0,2973301.0,2975162.0,2976952.0,2979128.0,2981089.0,2983098.0,2985240.0,2987160.0,2989456.0,2991677.0,2993824.0,2996039.0,2998092.0,2999866.0,3001641.0,3003667.0,3005461.0,3007341.0,3009185.0,3011164.0,3012874.0,3014506.0,3016645.0,3018611.0,3020698.0,3022541.0,,,,,,,,,3042109.0,3044081.0,3046132.0,3048077.0,3050775.0,3053333.0,3055954.0,3059059.0,3062679.0,3066515.0,3070511.0,3074318.0,3078101.0,3082927.0,3087166.0,3090875.0,3094944.0,3097704.0,3100868.0,3103621.0,3105640.0,3107837.0,3109623.0,3111745.0,3113722.0,3115721.0,3117616.0,3119725.0,3121495.0,3123368.0,3125477.0,3127431.0,3129370.0,3131405.0,3133393.0,3135458.0,3137078.0,3138907.0,3141068.0,3143162.0,3145147.0,3147126.0,3148907.0,3150656.0,3152513.0,3154263.0,3156255.0,3158072.0,3159910.0,3161570.0,3163262.0,3165075.0,3166768.0,3168617.0,3170430.0,3172560.0,3174374.0,3176027.0,3177824.0,3179553.0,3181332.0,3182891.0,3184668.0,3186418.0,3187924.0,3189922.0,3191804.0,3193450.0,3194876.0,3196286.0,3197980.0,3199675.0,3201747.0,3203528.0,3205267.0,3207105.0,3209055.0,3210532.0,3212027.0,3213765.0,3215291.0,3217014.0,3218565.0,3220368.0,3222255.0,3223853.0,3225535.0,3227377.0,3229002.0,3230452.0,3232307.0,3233924.0,3235383.0,3237023.0,3238654.0,3240275.0,3242106.0,3243796.0,3245551.0,3247043.0,3248733.0,3250383.0,3252023.0,3253895.0,3255644.0,3257405.0,3259027.0,3260930.0,3262746.0,3264535.0,3266291.0,3268265.0,3269980.0,3271539.0,3273141.0,3274700.0,3276105.0,3277892.0,3279573.0,3281144.0,3282864.0,,3286701.0,3288561.0,3290625.0,3292480.0,3293972.0,3295748.0,3297613.0,3299133.0,3300741.0,3302414.0,3304201.0,3305836.0,3307389.0,3308976.0,3310816.0,3312695.0,3314688.0,3316468.0,3318365.0,3319923.0,3321724.0,3323441.0,3325300.0,3327131.0,3328885.0,3330504.0,3331987.0,3333724.0,3335391.0,3337313.0,3339172.0,3340853.0,3342404.0,3344047.0,3345919.0,3347753.0,3349481.0,3351048.0,3352766.0,3354313.0,3355777.0,3357587.0,3359266.0,3361023.0,3362837.0,3364466.0,3366070.0,3367475.0,3369068.0,3370948.0,3372723.0,3374612.0,3376582.0,3378303.0,3380069.0,3382170.0,3384014.0,3386090.0,3388232.0,3390209.0,3391937.0,3393739.0,3395562.0,3397584.0,3399340.0,3401145.0,3402622.0,3404387.0,3405900.0,3407573.0,3409101.0,3410694.0,3412350.0,3414196.0,3415682.0,3417195.0,3418948.0,3420791.0,3422707.0,3424598.0,3426287.0,3427934.0,3430034.0,3432069.0,3434004.0,3435940.0,3437918.0,3439904.0,3441580.0,3443425.0,3445369.0,3447183.0,3449137.0,3450765.0,3452653.0,3454127.0,3455669.0,3457502.0,3459277.0,3460889.0,3462692.0,3464467.0,3466248.0,3468034.0,3469887.0,3471644.0,3473473.0,3475255.0,3476977.0,3478681.0,3480287.0,3482077.0,3484242.0,3486519
0d3rehA2qUo,1060216.0,1060490.0,1060895.0,1061239.0,1061565.0,1061939.0,1062282.0,1062630.0,1062972.0,1063374.0,1063739.0,1064127.0,1064552.0,1064914.0,1065247.0,1065526.0,1065918.0,1066275.0,1066624.0,1066951.0,1067308.0,1067697.0,1068035.0,1068427.0,1068783.0,1069204.0,1069610.0,1069969.0,1070372.0,1070735.0,1071028.0,1071385.0,1071712.0,1071980.0,1072329.0,1072685.0,1072978.0,1073363.0,1073720.0,1074059.0,1074456.0,1074819.0,1075213.0,1075608.0,1075968.0,1076302.0,1076621.0,1077014.0,1077329.0,1077689.0,1078055.0,1078502.0,1078869.0,1079261.0,1079625.0,1080045.0,1080455.0,1080879.0,1081251.0,1081608.0,1082038.0,1082444.0,1082794.0,1083144.0,1083562.0,1083978.0,1084366.0,1084728.0,1085010.0,1085469.0,1085813.0,1086122.0,1086501.0,1086832.0,1087201.0,1087541.0,1087887.0,1088253.0,1088674.0,1089035.0,1089473.0,1089907.0,1090367.0,1090765.0,1091146.0,1091548.0,1091993.0,1092351.0,1092659.0,1093063.0,1093450.0,1093896.0,1094249.0,1094664.0,1095073.0,1095442.0,1095851.0,1096266.0,1096644.0,1097018.0,1097367.0,1097672.0,1098009.0,1098398.0,1098745.0,1099141.0,1099518.0,1099873.0,1100270.0,1100576.0,1100951.0,1101355.0,1101822.0,1102187.0,1102572.0,1102954.0,1103369.0,1103723.0,1104126.0,1104477.0,1104902.0,1105208.0,1105586.0,1105841.0,1106122.0,1106490.0,1106849.0,1107222.0,1107539.0,1107835.0,1108155.0,1108487.0,1108829.0,1109148.0,,,,,,,,,1112320.0,1112741.0,1113042.0,1113417.0,1113778.0,1114104.0,1114439.0,1114825.0,1115310.0,1115649.0,1115960.0,1116292.0,1116631.0,1116979.0,1117276.0,1117637.0,1117931.0,1118344.0,1118725.0,1119113.0,1119485.0,1119929.0,1120272.0,1120633.0,1121086.0,1121452.0,1121820.0,1122192.0,1122514.0,1122885.0,1123295.0,1123749.0,1124106.0,1124484.0,1124836.0,1125231.0,1125599.0,1125952.0,1126347.0,1126728.0,1127074.0,1127435.0,1127861.0,1128193.0,1128476.0,1128841.0,1129197.0,1129538.0,1129853.0,1130216.0,1130557.0,1130871.0,1131184.0,1131520.0,1131815.0,1132217.0,1132553.0,1132868.0,1133214.0,1133522.0,1133855.0,1134154.0,1134443.0,1134741.0,1135060.0,1135333.0,1135622.0,1135937.0,1136202.0,1136401.0,1136680.0,1136940.0,1137256.0,1137556.0,1137932.0,1138277.0,1138587.0,1138906.0,1139256.0,1139538.0,1139888.0,1140204.0,1140598.0,1140926.0,1141291.0,1141639.0,1141964.0,1142397.0,1142729.0,1143045.0,1143363.0,1143690.0,1144055.0,1144424.0,1144734.0,1145090.0,1145423.0,1145701.0,1145986.0,1146369.0,1146735.0,1147041.0,1147413.0,1147780.0,1148118.0,1148490.0,1148829.0,1149255.0,1149586.0,1149936.0,1150287.0,1150666.0,1150962.0,1151247.0,1151539.0,1151854.0,1152172.0,1152464.0,1152801.0,1153136.0,1153469.0,,1154224.0,1154593.0,1154882.0,1155236.0,1155600.0,1155968.0,1156349.0,1156687.0,1157041.0,1157422.0,1157791.0,1158125.0,1158435.0,1158734.0,1159074.0,1159402.0,1159749.0,1160072.0,1160399.0,1160738.0,1161063.0,1161396.0,1161700.0,1162031.0,1162400.0,1162727.0,1163076.0,1163347.0,1163709.0,1164077.0,1164461.0,1164828.0,1165174.0,1165490.0,1165878.0,1166234.0,1166661.0,1167086.0,1167467.0,1167849.0,1168167.0,1168532.0,1168994.0,1169359.0,1169702.0,1170070.0,1170404.0,1170772.0,1171100.0,1171499.0,1171863.0,1172268.0,1172658.0,1173001.0,1173349.0,1173664.0,1174020.0,1174392.0,1174768.0,1175084.0,1175409.0,1175769.0,1176077.0,1176480.0,1176867.0,1177242.0,1177514.0,1177813.0,1178133.0,1178414.0,1178742.0,1179006.0,1179280.0,1179617.0,1179914.0,1180183.0,1180552.0,1180897.0,1181215.0,1181528.0,1181870.0,1182184.0,1182477.0,1182755.0,1183092.0,1183406.0,1183738.0,1184155.0,1184600.0,1184951.0,1185297.0,1185641.0,1185992.0,1186332.0,1186621.0,1186967.0,1187276.0,1187634.0,1187981.0,1188339.0,1188698.0,1189042.0,1189392.0,1189706.0,1190047.0,1190378.0,1190686.0,1191014.0,1191389.0,1191689.0,1192129.0,1192432.0,1192764.0,1193144
HbBPw-EPebM,1452075.0,1452835.0,1453704.0,1454527.0,1455415.0,1456373.0,1457290.0,1458157.0,1458968.0,1459926.0,1460887.0,1461723.0,1462581.0,1463373.0,1464336.0,1465189.0,1466049.0,1467051.0,1468056.0,1468863.0,1469969.0,1470866.0,1471669.0,1472724.0,1473601.0,1474438.0,1475360.0,1476255.0,1477059.0,1478032.0,1478916.0,1479725.0,1480442.0,1481201.0,1481949.0,1482855.0,1483723.0,1484643.0,1485571.0,1486427.0,1487260.0,1488238.0,1489102.0,1490126.0,1490989.0,1491846.0,1492710.0,1493635.0,1494456.0,1495419.0,1496306.0,1497284.0,1498180.0,1498983.0,1499899.0,1500768.0,1501765.0,1502676.0,1503601.0,1504507.0,1505554.0,1506467.0,1507495.0,1508307.0,1509234.0,1510140.0,1511037.0,1512053.0,1512810.0,1513924.0,1514766.0,1515642.0,1516465.0,1517249.0,1518067.0,1518909.0,1519823.0,1520894.0,1522060.0,1522986.0,1523773.0,1524644.0,1525540.0,1526366.0,1527159.0,1527959.0,1528770.0,1529502.0,1530353.0,1531039.0,1531946.0,1532660.0,1533424.0,1534346.0,1535060.0,1535927.0,1536698.0,1537492.0,1538215.0,1538908.0,1539674.0,1540420.0,1541230.0,1542029.0,1542764.0,1543473.0,1544202.0,1544897.0,1545700.0,1546344.0,1546986.0,1547780.0,1548595.0,1549498.0,1550368.0,1551341.0,1552254.0,1553123.0,1554047.0,1554810.0,1555587.0,1556432.0,1557263.0,1557881.0,1558681.0,1559383.0,1560078.0,1560805.0,1561525.0,1562317.0,1563084.0,1563784.0,1564554.0,1565142.0,,,,,,,,,1572119.0,1573079.0,1574064.0,1574957.0,1575938.0,1576765.0,1577589.0,1578402.0,1579467.0,1580459.0,1581522.0,1582577.0,1583556.0,1584511.0,1585333.0,1586219.0,1587206.0,1588282.0,1589240.0,1590109.0,1590919.0,1591950.0,1592735.0,1593576.0,1594427.0,1595203.0,1596071.0,1596916.0,1597607.0,1598546.0,1599471.0,1600187.0,1601157.0,1601945.0,1602698.0,1603377.0,1604167.0,1604936.0,1605805.0,1606590.0,1607396.0,1608224.0,1609018.0,1609730.0,1610411.0,1611141.0,1611947.0,1612813.0,1613615.0,1614331.0,1615143.0,1615950.0,1616784.0,1617603.0,1618381.0,1619201.0,1619865.0,1620677.0,1621347.0,1622185.0,1622856.0,1623715.0,1624498.0,1625233.0,1625911.0,1626767.0,1627507.0,1628300.0,1628975.0,1629558.0,1630251.0,1630995.0,1631732.0,1632446.0,1633300.0,1634015.0,1634780.0,1635417.0,1636295.0,1636989.0,1637728.0,1638395.0,1639149.0,1639944.0,1640616.0,1641376.0,1642134.0,1642821.0,1643561.0,1644182.0,1644713.0,1645343.0,1645999.0,1646640.0,1647240.0,1647947.0,1648552.0,1649111.0,1649671.0,1650218.0,1650722.0,1651322.0,1651943.0,1652564.0,1653077.0,1653663.0,1654130.0,1654863.0,1655484.0,1656109.0,1656658.0,1657317.0,1657964.0,1658568.0,1659176.0,1659812.0,1660498.0,1661132.0,1661762.0,1662488.0,1663176.0,,1664649.0,1665351.0,1666025.0,1666555.0,1667239.0,1667919.0,1668627.0,1669263.0,1669855.0,1670448.0,1671101.0,1671799.0,1672471.0,1673085.0,1673749.0,1674392.0,1675104.0,1675806.0,1676421.0,1677250.0,1677938.0,1678816.0,1679684.0,1680371.0,1681289.0,1681988.0,1682753.0,1683438.0,1684233.0,1684994.0,1685667.0,1686530.0,1687241.0,1687927.0,1688564.0,1689429.0,1690155.0,1690819.0,1691516.0,1692230.0,1692841.0,1693790.0,1694600.0,1695385.0,1696186.0,1696841.0,1697523.0,1698278.0,1698959.0,1699592.0,1700242.0,1701050.0,1701672.0,1702408.0,1703151.0,1703954.0,1704756.0,1705696.0,1706560.0,1707351.0,1708073.0,1708970.0,1709906.0,1710719.0,1711549.0,1712282.0,1712933.0,1713584.0,1714204.0,1714883.0,1715570.0,1716254.0,1716911.0,1717551.0,1718228.0,1718940.0,1719703.0,1720532.0,1721388.0,1722144.0,1722960.0,1723681.0,1724476.0,1725435.0,1726314.0,1727197.0,1728028.0,1728950.0,1729840.0,1730803.0,1731693.0,1732609.0,1733552.0,1734543.0,1735358.0,1736302.0,1737097.0,1737985.0,1738867.0,1739717.0,1740549.0,1741398.0,1742237.0,1743115.0,1744102.0,1745018.0,1746018.0,1746904.0,1747745.0,1748758.0,1749576.0,1750362.0,1751223.0,1752369
SctIHP5dPyM,5925111.0,5928807.0,5932469.0,5935990.0,5939849.0,5943537.0,5947170.0,5950579.0,5954310.0,5958039.0,5961458.0,5965251.0,5969102.0,5972824.0,5976588.0,5980102.0,5983222.0,5986123.0,5989175.0,5992548.0,5996078.0,6000146.0,6004173.0,6007540.0,6010821.0,6014225.0,6017773.0,6021342.0,6025036.0,6028909.0,6032797.0,6036401.0,6040156.0,6043974.0,6047690.0,6051665.0,6055536.0,6059608.0,6063328.0,6066886.0,6070753.0,6074438.0,6078187.0,6081968.0,6085554.0,6089267.0,6092965.0,6096789.0,6100395.0,6103681.0,6106725.0,6110250.0,6113823.0,6117505.0,6120850.0,6123970.0,6127231.0,6130942.0,6134567.0,6138577.0,6143115.0,6147778.0,6152237.0,6156463.0,6160665.0,6164580.0,6168165.0,6172090.0,6176090.0,6181230.0,6185169.0,6188649.0,6192005.0,6195891.0,6199824.0,6203620.0,6207605.0,6211683.0,6215868.0,6219660.0,6223039.0,6226480.0,6229891.0,6233499.0,6237359.0,6240994.0,6244169.0,6247516.0,6250976.0,6254319.0,6258132.0,6261764.0,6265306.0,6268693.0,6271992.0,6275392.0,6278924.0,6282302.0,6285629.0,6288906.0,6292462.0,6295546.0,6298851.0,6302405.0,6306041.0,6309417.0,6312829.0,6315992.0,6319397.0,6323437.0,6327649.0,6332175.0,6336349.0,6340373.0,6343991.0,6347722.0,6351667.0,6355367.0,6359338.0,6363408.0,6367196.0,6370865.0,6374281.0,6377856.0,6381676.0,6385629.0,6389615.0,6393692.0,6397557.0,6401401.0,6405428.0,6409107.0,6413439.0,6417044.0,,,,,,,,,6449741.0,6453213.0,6456816.0,6460617.0,6464299.0,6467786.0,6471206.0,6474326.0,6477691.0,6480974.0,6484123.0,6487608.0,6491050.0,6494833.0,6497906.0,6500890.0,6503820.0,6507050.0,6510362.0,6513976.0,6517576.0,6521061.0,6524497.0,6527930.0,6531365.0,6535006.0,6538754.0,6542327.0,6545434.0,6548614.0,6551909.0,6555391.0,6558726.0,6561917.0,6565008.0,6568005.0,6570950.0,6574046.0,6577235.0,6580306.0,6583436.0,6586359.0,6589350.0,6592297.0,6595320.0,6598528.0,6601676.0,6604861.0,6608162.0,6611038.0,6613744.0,6616758.0,6619684.0,6622648.0,6625650.0,6628746.0,6631535.0,6634217.0,6637117.0,6640251.0,6643331.0,6646099.0,6648472.0,6651226.0,6653823.0,6656775.0,6659733.0,6662607.0,6664906.0,6667406.0,6670243.0,6672895.0,6675779.0,6678777.0,6681505.0,6684229.0,6687433.0,6690232.0,6692852.0,6695733.0,6698689.0,6701441.0,6704741.0,6707829.0,6710825.0,6713565.0,6716442.0,6719551.0,6722641.0,6725785.0,6728747.0,6731508.0,6734058.0,6736811.0,6739584.0,6742399.0,6745353.0,6748236.0,6750870.0,6753578.0,6756416.0,6759158.0,6761963.0,6764814.0,6767785.0,6770277.0,6772850.0,6775443.0,6778373.0,6781113.0,6783745.0,6786442.0,6789023.0,6791628.0,6794146.0,6796561.0,6798896.0,6801337.0,6803829.0,6806259.0,6808605.0,,6814185.0,6817377.0,6820254.0,6823010.0,6825774.0,6828347.0,6831234.0,6833883.0,6836765.0,6839704.0,6842486.0,6845336.0,6847959.0,6850698.0,6853405.0,6856418.0,6859519.0,6862763.0,6865869.0,6868987.0,6872279.0,6875491.0,6878858.0,6882088.0,6885224.0,6888119.0,6891221.0,6894210.0,6897247.0,6900531.0,6903804.0,6907030.0,6909962.0,6912937.0,6916046.0,6919368.0,6922657.0,6925807.0,6928924.0,6931999.0,6935162.0,6938264.0,6941313.0,6944258.0,6947308.0,6950073.0,6952619.0,6955078.0,6957742.0,6960374.0,6962973.0,6965525.0,6968145.0,6970581.0,6973017.0,6975660.0,6978283.0,6980940.0,6983617.0,6986170.0,6988495.0,6990925.0,6993496.0,6996238.0,6999320.0,7002111.0,7004436.0,7006622.0,7008892.0,7011212.0,7013681.0,7016209.0,7018821.0,7021882.0,7025078.0,7028146.0,7031224.0,7034268.0,7037257.0,7040338.0,7043373.0,7046220.0,7048921.0,7051940.0,7054924.0,7057975.0,7061102.0,7064443.0,7067409.0,7070292.0,7073335.0,7076239.0,7079126.0,7081934.0,7084931.0,7087880.0,7090554.0,7093429.0,7096272.0,7099092.0,7101607.0,7104461.0,7107144.0,7109706.0,7112363.0,7115018.0,7117799.0,7120633.0,7123385.0,7126282.0,7128818.0,7131375.0,7133913.0,7136505
pRXsI4Eiqhw,70709.0,70745.0,70774.0,70812.0,70866.0,70899.0,70935.0,70967.0,70998.0,71039.0,71074.0,71115.0,71144.0,71189.0,71225.0,71254.0,71286.0,71328.0,71354.0,71390.0,71433.0,71471.0,71507.0,71542.0,71574.0,71608.0,71644.0,71668.0,71695.0,71725.0,71758.0,71789.0,71819.0,71851.0,71896.0,71918.0,71968.0,71992.0,72017.0,72050.0,72085.0,72111.0,72143.0,72184.0,72209.0,72253.0,72285.0,72301.0,72326.0,72395.0,72454.0,72523.0,72554.0,72599.0,72633.0,72673.0,72701.0,72739.0,72783.0,72808.0,72854.0,72899.0,72940.0,72978.0,73023.0,73058.0,73083.0,73113.0,73144.0,73189.0,73233.0,73272.0,73310.0,73346.0,73377.0,73413.0,73446.0,73487.0,73526.0,73577.0,73632.0,73671.0,73717.0,73764.0,73801.0,73827.0,73849.0,73884.0,73917.0,73935.0,73967.0,73991.0,74016.0,74038.0,74065.0,74082.0,74101.0,74126.0,74171.0,74202.0,74236.0,74273.0,74308.0,74336.0,74375.0,74403.0,74423.0,74449.0,74477.0,74501.0,74514.0,74539.0,74565.0,74591.0,74611.0,74641.0,74668.0,74707.0,74742.0,74766.0,74789.0,74825.0,74862.0,74889.0,74927.0,74951.0,74972.0,75003.0,75049.0,75083.0,75109.0,75145.0,75181.0,75213.0,,,,,,,,,75558.0,75597.0,75639.0,75664.0,75707.0,75737.0,75763.0,75783.0,75815.0,75848.0,75886.0,75911.0,75965.0,76005.0,76036.0,76067.0,76117.0,76159.0,76211.0,76258.0,76284.0,76308.0,76338.0,76366.0,76388.0,76413.0,76459.0,76487.0,76512.0,76533.0,76568.0,76590.0,76613.0,76635.0,76658.0,76690.0,76718.0,76749.0,76771.0,76803.0,76827.0,76853.0,76878.0,76898.0,76931.0,76958.0,76977.0,77002.0,77026.0,77054.0,77068.0,77086.0,77109.0,77141.0,77172.0,77199.0,77215.0,77235.0,77254.0,77274.0,77288.0,77303.0,77321.0,77353.0,77376.0,77399.0,77427.0,77445.0,77458.0,77474.0,77488.0,77505.0,77526.0,77546.0,77564.0,77587.0,77608.0,77626.0,77639.0,77653.0,77680.0,77704.0,77723.0,77752.0,77771.0,77790.0,77820.0,77850.0,77879.0,77911.0,77928.0,77970.0,78001.0,78034.0,78051.0,78078.0,78107.0,78137.0,78166.0,78191.0,78220.0,78249.0,78278.0,78306.0,78331.0,78369.0,78389.0,78411.0,78446.0,78466.0,78485.0,78501.0,78529.0,78552.0,78577.0,78592.0,78609.0,78632.0,78659.0,78685.0,78706.0,,78749.0,78766.0,78789.0,78806.0,78828.0,78854.0,78884.0,78907.0,78929.0,78949.0,78985.0,79000.0,79026.0,79052.0,79070.0,79097.0,79124.0,79137.0,79174.0,79193.0,79211.0,79233.0,79265.0,79286.0,79308.0,79329.0,79355.0,79364.0,79388.0,79413.0,79441.0,79475.0,79502.0,79545.0,79568.0,79608.0,79642.0,79672.0,79692.0,79715.0,79737.0,79763.0,79792.0,79822.0,79850.0,79874.0,79905.0,79928.0,79958.0,79986.0,80006.0,80028.0,80054.0,80073.0,80085.0,80108.0,80129.0,80147.0,80174.0,80195.0,80220.0,80241.0,80265.0,80291.0,80313.0,80338.0,80362.0,80393.0,80415.0,80433.0,80448.0,80474.0,80501.0,80518.0,80542.0,80558.0,80588.0,80612.0,80637.0,80669.0,80692.0,80723.0,80758.0,80789.0,80817.0,80835.0,80863.0,80894.0,80922.0,80948.0,80981.0,81020.0,81054.0,81075.0,81102.0,81121.0,81151.0,81179.0,81208.0,81235.0,81276.0,81310.0,81336.0,81355.0,81375.0,81399.0,81416.0,81442.0,81465.0,81485.0,81508.0,81535.0,81555.0,81581
FWU9ly1PrUM,100525.0,100543.0,100572.0,100605.0,100640.0,100678.0,100711.0,100746.0,100774.0,100827.0,100870.0,100923.0,100956.0,101002.0,101050.0,101104.0,101134.0,101168.0,101222.0,101265.0,101338.0,101392.0,101460.0,101526.0,101588.0,101663.0,101729.0,101809.0,101911.0,102001.0,102082.0,102149.0,102241.0,102367.0,102469.0,102587.0,102678.0,102784.0,102844.0,102921.0,103002.0,103055.0,103110.0,103151.0,103184.0,103226.0,103263.0,103303.0,103345.0,103385.0,103418.0,103451.0,103479.0,103536.0,103576.0,103628.0,103656.0,103703.0,103740.0,103769.0,103816.0,103855.0,103880.0,103918.0,103961.0,103993.0,104023.0,104056.0,104093.0,104137.0,104173.0,104229.0,104258.0,104287.0,104312.0,104353.0,104402.0,104454.0,104498.0,104528.0,104559.0,104607.0,104646.0,104696.0,104749.0,104788.0,104818.0,104855.0,104886.0,104927.0,104969.0,105000.0,105037.0,105064.0,105097.0,105121.0,105154.0,105195.0,105233.0,105266.0,105318.0,105352.0,105389.0,105426.0,105476.0,105506.0,105548.0,105577.0,105611.0,105633.0,105664.0,105697.0,105725.0,105751.0,105787.0,105827.0,105854.0,105886.0,105912.0,105961.0,105995.0,106024.0,106050.0,106073.0,106100.0,106133.0,106165.0,106190.0,106216.0,106242.0,106271.0,106296.0,106344.0,106377.0,,,,,,,,,106648.0,106679.0,106697.0,106728.0,106762.0,106795.0,106826.0,106849.0,106890.0,106925.0,106966.0,107012.0,107056.0,107084.0,107139.0,107170.0,107207.0,107256.0,107329.0,107415.0,107468.0,107506.0,107544.0,107569.0,107609.0,107641.0,107676.0,107719.0,107757.0,107778.0,107811.0,107841.0,107866.0,107890.0,107915.0,107932.0,107958.0,107978.0,108020.0,108048.0,108095.0,108136.0,108160.0,108193.0,108225.0,108254.0,108283.0,108309.0,108345.0,108366.0,108391.0,108420.0,108454.0,108490.0,108506.0,108536.0,108566.0,108576.0,108600.0,108626.0,108658.0,108678.0,108702.0,108725.0,108753.0,108777.0,108811.0,108830.0,108861.0,108874.0,108900.0,108926.0,108950.0,108968.0,108994.0,109031.0,109066.0,109101.0,109122.0,109153.0,109188.0,109213.0,109241.0,109277.0,109300.0,109326.0,109376.0,109403.0,109426.0,109461.0,109488.0,109517.0,109533.0,109562.0,109580.0,109610.0,109643.0,109666.0,109689.0,109713.0,109745.0,109766.0,109801.0,109830.0,109857.0,109884.0,109900.0,109922.0,109940.0,109973.0,109997.0,110024.0,110054.0,110074.0,110094.0,110120.0,110151.0,110180.0,110210.0,110241.0,110254.0,,110299.0,110324.0,110348.0,110372.0,110399.0,110428.0,110457.0,110481.0,110509.0,110547.0,110594.0,110620.0,110634.0,110652.0,110684.0,110715.0,110742.0,110772.0,110807.0,110836.0,110873.0,110910.0,110948.0,111006.0,111028.0,111062.0,111091.0,111122.0,111147.0,111185.0,111208.0,111256.0,111284.0,111299.0,111323.0,111354.0,111388.0,111413.0,111437.0,111474.0,111507.0,111531.0,111559.0,111584.0,111620.0,111675.0,111729.0,111761.0,111802.0,111853.0,111880.0,111927.0,111990.0,112039.0,112066.0,112112.0,112148.0,112190.0,112222.0,112256.0,112291.0,112326.0,112361.0,112398.0,112446.0,112483.0,112536.0,112588.0,112618.0,112665.0,112714.0,112765.0,112808.0,112851.0,112909.0,112956.0,113010.0,113060.0,113122.0,113179.0,113225.0,113276.0,113310.0,113353.0,113385.0,113428.0,113473.0,113507.0,113540.0,113566.0,113592.0,113623.0,113659.0,113697.0,113738.0,113779.0,113816.0,113851.0,113896.0,113947.0,113992.0,114025.0,114063.0,114101.0,114130.0,114174.0,114217.0,114269.0,114304.0,114337.0,114374.0,114414.0,114476.0,114538
IfGx0Cwb3vI,27027.0,27034.0,27036.0,27038.0,27044.0,27052.0,27062.0,27067.0,27070.0,27080.0,27092.0,27103.0,27104.0,27108.0,27110.0,27117.0,27120.0,27125.0,27130.0,27138.0,27149.0,27153.0,27156.0,27160.0,27167.0,27172.0,27177.0,27182.0,27185.0,27190.0,27194.0,27197.0,27202.0,27209.0,27212.0,27219.0,27226.0,27229.0,27234.0,27236.0,27239.0,27245.0,27248.0,27251.0,27253.0,27257.0,27262.0,27267.0,27271.0,27274.0,27278.0,27284.0,27287.0,27289.0,27294.0,27300.0,27308.0,27311.0,27315.0,27315.0,27320.0,27324.0,27325.0,27334.0,27338.0,27341.0,27346.0,27351.0,27353.0,27357.0,27360.0,27364.0,27370.0,27373.0,27379.0,27383.0,27385.0,27388.0,27393.0,27397.0,27401.0,27405.0,27408.0,27412.0,27415.0,27418.0,27419.0,27420.0,27425.0,27428.0,27434.0,27443.0,27445.0,27447.0,27448.0,27452.0,27455.0,27457.0,27464.0,27470.0,27477.0,27482.0,27488.0,27492.0,27492.0,27495.0,27499.0,27501.0,27504.0,27506.0,27507.0,27510.0,27512.0,27517.0,27520.0,27524.0,27529.0,27534.0,27536.0,27543.0,27545.0,27551.0,27554.0,27557.0,27560.0,27568.0,27574.0,27575.0,27579.0,27585.0,27591.0,27594.0,27597.0,27604.0,,,,,,,,,27655.0,27658.0,27663.0,27672.0,27680.0,27684.0,27690.0,27699.0,27705.0,27719.0,27745.0,27764.0,27776.0,27797.0,27811.0,27826.0,27839.0,27854.0,27873.0,27888.0,27903.0,27916.0,27930.0,27941.0,27960.0,27972.0,27991.0,28009.0,28024.0,28034.0,28047.0,28059.0,28070.0,28084.0,28102.0,28110.0,28132.0,28157.0,28183.0,28202.0,28233.0,28284.0,28306.0,28330.0,28374.0,28396.0,28418.0,28443.0,28462.0,28486.0,28513.0,28535.0,28556.0,28587.0,28614.0,28639.0,28675.0,28694.0,28715.0,28749.0,28800.0,28865.0,28886.0,28899.0,28905.0,28919.0,28929.0,28936.0,28937.0,28939.0,28944.0,28947.0,28950.0,28952.0,28956.0,28958.0,28964.0,28969.0,28973.0,28977.0,28983.0,28984.0,28989.0,28990.0,28996.0,29000.0,29003.0,29004.0,29006.0,29013.0,29013.0,29015.0,29017.0,29019.0,29020.0,29026.0,29028.0,29029.0,29029.0,29029.0,29030.0,29031.0,29035.0,29037.0,29040.0,29041.0,29046.0,29048.0,29050.0,29053.0,29053.0,29055.0,29056.0,29056.0,29057.0,29060.0,29061.0,29066.0,29068.0,29070.0,29073.0,,29075.0,29078.0,29079.0,29082.0,29082.0,29085.0,29089.0,29089.0,29095.0,29100.0,29111.0,29113.0,29116.0,29117.0,29122.0,29126.0,29131.0,29132.0,29134.0,29137.0,29140.0,29144.0,29149.0,29150.0,29151.0,29153.0,29157.0,29161.0,29162.0,29164.0,29166.0,29167.0,29169.0,29172.0,29177.0,29178.0,29179.0,29182.0,29184.0,29188.0,29189.0,29192.0,29195.0,29196.0,29198.0,29200.0,29206.0,29209.0,29212.0,29214.0,29215.0,29223.0,29232.0,29233.0,29239.0,29240.0,29244.0,29245.0,29252.0,29251.0,29254.0,29258.0,29263.0,29265.0,29268.0,29271.0,29277.0,29280.0,29283.0,29289.0,29298.0,29301.0,29307.0,29311.0,29315.0,29323.0,29328.0,29330.0,29332.0,29337.0,29341.0,29343.0,29344.0,29349.0,29351.0,29356.0,29360.0,29363.0,29369.0,29372.0,29373.0,29373.0,29375.0,29379.0,29386.0,29387.0,29388.0,29391.0,29396.0,29397.0,29400.0,29404.0,29407.0,29412.0,29414.0,29415.0,29420.0,29422.0,29421.0,29423.0,29424.0,29424.0,29429.0,29430
NGrJOk_Oeac,10491.0,10501.0,10510.0,10515.0,10521.0,10526.0,10533.0,10536.0,10542.0,10551.0,10553.0,10558.0,10565.0,10571.0,10574.0,10578.0,10582.0,10584.0,10587.0,10590.0,10592.0,10593.0,10601.0,10605.0,10610.0,10613.0,10624.0,10632.0,10638.0,10643.0,10648.0,10653.0,10656.0,10665.0,10671.0,10674.0,10684.0,10687.0,10688.0,10689.0,10692.0,10694.0,10695.0,10698.0,10699.0,10703.0,10705.0,10709.0,10713.0,10718.0,10724.0,10728.0,10730.0,10734.0,10739.0,10743.0,10747.0,10751.0,10755.0,10757.0,10759.0,10762.0,10769.0,10771.0,10777.0,10780.0,10788.0,10793.0,10798.0,10804.0,10810.0,10814.0,10819.0,10827.0,10832.0,10836.0,10842.0,10842.0,10844.0,10844.0,10846.0,10850.0,10854.0,10858.0,10859.0,10865.0,10868.0,10869.0,10873.0,10878.0,10880.0,10885.0,10888.0,10889.0,10892.0,10893.0,10893.0,10896.0,10897.0,10900.0,10902.0,10905.0,10907.0,10910.0,10914.0,10916.0,10917.0,10923.0,10929.0,10932.0,10934.0,10939.0,10940.0,10943.0,10944.0,10946.0,10947.0,10950.0,10951.0,10953.0,10959.0,10962.0,10964.0,10967.0,10968.0,10970.0,10975.0,10977.0,10978.0,10981.0,10981.0,10982.0,10984.0,10985.0,,,,,,,,,11069.0,11076.0,11081.0,11093.0,11106.0,11116.0,11127.0,11131.0,11134.0,11141.0,11148.0,11163.0,11171.0,11182.0,11195.0,11214.0,11225.0,11241.0,11251.0,11262.0,11270.0,11279.0,11293.0,11297.0,11311.0,11318.0,11334.0,11349.0,11378.0,11389.0,11427.0,11482.0,11545.0,11614.0,11695.0,11784.0,11858.0,11960.0,12040.0,12176.0,12295.0,12397.0,12497.0,12582.0,12685.0,12793.0,12926.0,13010.0,13092.0,13180.0,13246.0,13321.0,13406.0,13505.0,13566.0,13653.0,13700.0,13750.0,13823.0,13924.0,13993.0,14046.0,14094.0,14146.0,14189.0,14244.0,14309.0,14377.0,14413.0,14494.0,14545.0,14586.0,14626.0,14683.0,14755.0,14823.0,14923.0,14969.0,15016.0,15067.0,15126.0,15167.0,15202.0,15245.0,15288.0,15337.0,15380.0,15423.0,15458.0,15501.0,15551.0,15586.0,15621.0,15657.0,15724.0,15800.0,15890.0,15992.0,16075.0,16173.0,16293.0,16438.0,16545.0,16696.0,16832.0,17001.0,17172.0,17242.0,17293.0,17345.0,17380.0,17424.0,17459.0,17505.0,17542.0,17573.0,17610.0,17638.0,17661.0,17709.0,17740.0,,17799.0,17827.0,17865.0,17885.0,17918.0,17943.0,17969.0,17999.0,18037.0,18085.0,18121.0,18157.0,18183.0,18207.0,18231.0,18262.0,18299.0,18318.0,18358.0,18395.0,18436.0,18470.0,18502.0,18529.0,18558.0,18576.0,18603.0,18622.0,18644.0,18689.0,18716.0,18750.0,18784.0,18810.0,18835.0,18872.0,18911.0,18934.0,18972.0,18986.0,19021.0,19048.0,19088.0,19121.0,19180.0,19207.0,19234.0,19248.0,19276.0,19298.0,19320.0,19334.0,19350.0,19366.0,19380.0,19393.0,19406.0,19417.0,19428.0,19442.0,19450.0,19458.0,19480.0,19496.0,19524.0,19552.0,19581.0,19598.0,19617.0,19626.0,19640.0,19657.0,19674.0,19697.0,19715.0,19736.0,19755.0,19766.0,19786.0,19809.0,19825.0,19840.0,19850.0,19853.0,19862.0,19871.0,19885.0,19905.0,19914.0,19924.0,19935.0,19950.0,19964.0,19978.0,19994.0,20003.0,20012.0,20024.0,20027.0,20038.0,20045.0,20058.0,20076.0,20087.0,20097.0,20105.0,20112.0,20125.0,20137.0,20148.0,20159.0,20170.0,20175.0,20186
6QqXh7pBjM4,5270.0,5278.0,5283.0,5285.0,5294.0,5296.0,5301.0,5306.0,5311.0,5314.0,5325.0,5333.0,5335.0,5337.0,5344.0,5349.0,5353.0,5358.0,5361.0,5363.0,5366.0,5368.0,5376.0,5382.0,5384.0,5387.0,5390.0,5402.0,5406.0,5411.0,5413.0,5421.0,5424.0,5432.0,5437.0,5446.0,5453.0,5456.0,5456.0,5464.0,5465.0,5466.0,5467.0,5468.0,5472.0,5474.0,5474.0,5474.0,5475.0,5476.0,5477.0,5479.0,5480.0,5481.0,5483.0,5484.0,5485.0,5489.0,5489.0,5491.0,5494.0,5495.0,5495.0,5495.0,5496.0,5496.0,5498.0,5499.0,5499.0,5502.0,5503.0,5507.0,5509.0,5511.0,5512.0,5515.0,5520.0,5523.0,5526.0,5529.0,5531.0,5531.0,5531.0,5533.0,5535.0,5536.0,5536.0,5541.0,5543.0,5543.0,5545.0,5549.0,5550.0,5550.0,5551.0,5553.0,5553.0,5554.0,5554.0,5555.0,5558.0,5561.0,5561.0,5562.0,5567.0,5569.0,5571.0,5572.0,5572.0,5572.0,5574.0,5575.0,5575.0,5576.0,5578.0,5579.0,5579.0,5579.0,5579.0,5580.0,5580.0,5581.0,5581.0,5581.0,5581.0,5583.0,5585.0,5586.0,5588.0,5589.0,5589.0,5589.0,5589.0,5589.0,,,,,,,,,5609.0,5611.0,5613.0,5616.0,5619.0,5619.0,5622.0,5623.0,5625.0,5625.0,5628.0,5630.0,5631.0,5632.0,5634.0,5636.0,5637.0,5638.0,5640.0,5641.0,5642.0,5643.0,5647.0,5654.0,5655.0,5660.0,5662.0,5666.0,5669.0,5670.0,5670.0,5673.0,5675.0,5675.0,5675.0,5676.0,5677.0,5678.0,5678.0,5679.0,5680.0,5681.0,5682.0,5682.0,5683.0,5683.0,5683.0,5683.0,5683.0,5683.0,5685.0,5686.0,5686.0,5686.0,5687.0,5689.0,5690.0,5693.0,5695.0,5696.0,5700.0,5700.0,5700.0,5700.0,5712.0,5715.0,5715.0,5716.0,5716.0,5716.0,5717.0,5721.0,5723.0,5725.0,5726.0,5727.0,5730.0,5730.0,5730.0,5732.0,5734.0,5734.0,5734.0,5734.0,5735.0,5737.0,5737.0,5737.0,5737.0,5737.0,5739.0,5741.0,5742.0,5745.0,5747.0,5748.0,5749.0,5750.0,5751.0,5751.0,5752.0,5754.0,5755.0,5755.0,5755.0,5755.0,5764.0,5764.0,5766.0,5768.0,5768.0,5773.0,5773.0,5773.0,5774.0,5777.0,5777.0,5780.0,5786.0,5790.0,5791.0,,5793.0,5795.0,5795.0,5798.0,5801.0,5802.0,5807.0,5810.0,5810.0,5815.0,5819.0,5820.0,5821.0,5823.0,5826.0,5827.0,5830.0,5831.0,5832.0,5834.0,5836.0,5838.0,5837.0,5837.0,5839.0,5840.0,5841.0,5843.0,5845.0,5845.0,5846.0,5847.0,5848.0,5849.0,5850.0,5852.0,5853.0,5855.0,5858.0,5860.0,5860.0,5861.0,5862.0,5863.0,5864.0,5865.0,5867.0,5869.0,5870.0,5871.0,5873.0,5873.0,5873.0,5875.0,5875.0,5876.0,5876.0,5888.0,5894.0,5895.0,5895.0,5897.0,5898.0,5899.0,5900.0,5900.0,5901.0,5906.0,5908.0,5909.0,5911.0,5912.0,5913.0,5916.0,5919.0,5923.0,5924.0,5928.0,5940.0,5941.0,5947.0,5944.0,5944.0,5940.0,5941.0,5944.0,5945.0,5945.0,5945.0,5949.0,5951.0,5953.0,5954.0,5957.0,5962.0,5962.0,5968.0,5976.0,5979.0,5982.0,5987.0,5990.0,6007.0,6008.0,6010.0,6010.0,6010.0,6012.0,6013.0,6014.0,6016.0,6018.0,6018.0,6020
cu2cMo5F-Qs,73.0,73.0,73.0,74.0,74.0,74.0,74.0,74.0,74.0,74.0,74.0,74.0,74.0,74.0,75.0,75.0,75.0,75.0,75.0,75.0,75.0,75.0,75.0,75.0,75.0,75.0,75.0,75.0,75.0,75.0,75.0,75.0,75.0,75.0,75.0,75.0,75.0,75.0,75.0,75.0,75.0,75.0,75.0,75.0,75.0,75.0,75.0,75.0,75.0,75.0,75.0,75.0,75.0,75.0,76.0,76.0,76.0,76.0,76.0,76.0,76.0,77.0,77.0,77.0,77.0,77.0,77.0,77.0,77.0,78.0,79.0,79.0,79.0,79.0,79.0,79.0,79.0,79.0,79.0,79.0,79.0,79.0,79.0,79.0,79.0,79.0,79.0,79.0,79.0,79.0,79.0,79.0,79.0,79.0,79.0,79.0,80.0,80.0,80.0,80.0,80.0,80.0,87.0,87.0,88.0,88.0,89.0,89.0,90.0,90.0,90.0,90.0,92.0,92.0,92.0,93.0,93.0,93.0,93.0,93.0,93.0,93.0,93.0,93.0,93.0,93.0,93.0,94.0,94.0,94.0,95.0,95.0,95.0,95.0,,,,,,,,,95.0,95.0,95.0,95.0,95.0,95.0,95.0,95.0,95.0,95.0,95.0,96.0,96.0,96.0,96.0,97.0,97.0,97.0,97.0,97.0,97.0,97.0,97.0,97.0,97.0,97.0,98.0,98.0,98.0,98.0,98.0,98.0,98.0,98.0,98.0,98.0,98.0,98.0,98.0,98.0,98.0,98.0,98.0,98.0,98.0,98.0,98.0,98.0,98.0,98.0,98.0,98.0,98.0,98.0,98.0,98.0,100.0,100.0,100.0,100.0,100.0,100.0,100.0,100.0,100.0,100.0,100.0,100.0,100.0,101.0,101.0,101.0,101.0,101.0,104.0,104.0,105.0,106.0,106.0,108.0,108.0,108.0,108.0,108.0,110.0,111.0,111.0,111.0,111.0,113.0,114.0,114.0,114.0,114.0,115.0,115.0,116.0,116.0,116.0,116.0,116.0,116.0,116.0,116.0,117.0,117.0,117.0,120.0,120.0,120.0,120.0,120.0,120.0,120.0,120.0,120.0,120.0,120.0,120.0,120.0,121.0,,121.0,121.0,121.0,121.0,121.0,121.0,121.0,121.0,122.0,122.0,122.0,122.0,122.0,122.0,123.0,123.0,124.0,124.0,124.0,124.0,124.0,124.0,124.0,124.0,124.0,124.0,124.0,124.0,124.0,124.0,124.0,124.0,124.0,124.0,124.0,124.0,124.0,124.0,124.0,124.0,124.0,124.0,124.0,125.0,126.0,126.0,126.0,127.0,127.0,128.0,128.0,128.0,128.0,128.0,128.0,129.0,129.0,129.0,129.0,129.0,129.0,129.0,129.0,129.0,129.0,129.0,129.0,129.0,129.0,129.0,129.0,129.0,131.0,131.0,132.0,132.0,132.0,132.0,132.0,132.0,132.0,133.0,133.0,133.0,133.0,133.0,133.0,133.0,133.0,133.0,133.0,134.0,134.0,134.0,134.0,134.0,134.0,134.0,134.0,134.0,134.0,134.0,134.0,134.0,134.0,134.0,134.0,134.0,134.0,134.0,134.0,134.0,134.0,134
IGY1B2T5tGo,93471.0,93492.0,93523.0,93563.0,93602.0,93632.0,93659.0,93689.0,93710.0,93745.0,93779.0,93803.0,93839.0,93875.0,93909.0,93936.0,93953.0,93977.0,94012.0,94066.0,94106.0,94154.0,94201.0,94231.0,94257.0,94284.0,94310.0,94350.0,94388.0,94418.0,94466.0,94495.0,94528.0,94563.0,94605.0,94654.0,94688.0,94740.0,94777.0,94818.0,94865.0,94921.0,94950.0,95002.0,95044.0,95079.0,95115.0,95151.0,95185.0,95226.0,95252.0,95279.0,95310.0,95345.0,95371.0,95405.0,95444.0,95477.0,95507.0,95529.0,95564.0,95593.0,95630.0,95660.0,95689.0,95713.0,95741.0,95778.0,95822.0,95866.0,95913.0,95946.0,95968.0,95992.0,96024.0,96050.0,96109.0,96137.0,96165.0,96185.0,96208.0,96229.0,96276.0,96300.0,96321.0,96363.0,96393.0,96432.0,96465.0,96505.0,96532.0,96563.0,96587.0,96625.0,96661.0,96688.0,96708.0,96730.0,96762.0,96788.0,96811.0,96835.0,96871.0,96909.0,96947.0,96967.0,96992.0,97018.0,97042.0,97073.0,97097.0,97144.0,97178.0,97230.0,97276.0,97315.0,97345.0,97370.0,97394.0,97418.0,97444.0,97466.0,97496.0,97532.0,97562.0,97585.0,97626.0,97667.0,97712.0,97750.0,97797.0,97862.0,97917.0,97968.0,,,,,,,,,98340.0,98365.0,98393.0,98430.0,98465.0,98500.0,98539.0,98573.0,98614.0,98647.0,98680.0,98711.0,98755.0,98798.0,98829.0,98865.0,98896.0,98935.0,98961.0,98985.0,99002.0,99020.0,99047.0,99076.0,99093.0,99124.0,99155.0,99172.0,99208.0,99235.0,99254.0,99279.0,99306.0,99323.0,99347.0,99385.0,99411.0,99443.0,99479.0,99498.0,99525.0,99566.0,99606.0,99637.0,99657.0,99684.0,99711.0,99737.0,99770.0,99805.0,99826.0,99852.0,99868.0,99900.0,99926.0,99941.0,99970.0,99988.0,100010.0,100039.0,100066.0,100086.0,100118.0,100138.0,100159.0,100180.0,100209.0,100229.0,100247.0,100268.0,100320.0,100340.0,100355.0,100373.0,100401.0,100431.0,100452.0,100468.0,100488.0,100519.0,100544.0,100577.0,100613.0,100636.0,100662.0,100686.0,100716.0,100755.0,100781.0,100802.0,100823.0,100848.0,100865.0,100891.0,100925.0,100949.0,100967.0,100997.0,101020.0,101038.0,101058.0,101090.0,101116.0,101146.0,101169.0,101197.0,101214.0,101240.0,101298.0,101322.0,101363.0,101399.0,101429.0,101460.0,101473.0,101493.0,101520.0,101558.0,101593.0,101624.0,101655.0,,101725.0,101761.0,101797.0,101839.0,101880.0,101912.0,101938.0,101971.0,101998.0,102038.0,102062.0,102090.0,102108.0,102141.0,102165.0,102188.0,102221.0,102245.0,102266.0,102299.0,102330.0,102370.0,102403.0,102462.0,102497.0,102523.0,102560.0,102585.0,102611.0,102637.0,102683.0,102712.0,102736.0,102772.0,102802.0,102830.0,102881.0,102929.0,102966.0,102996.0,103031.0,103087.0,103120.0,103160.0,103195.0,103219.0,103261.0,103304.0,103328.0,103352.0,103382.0,103413.0,103451.0,103479.0,103511.0,103545.0,103575.0,103604.0,103639.0,103675.0,103698.0,103735.0,103780.0,103810.0,103844.0,103892.0,103919.0,103952.0,103989.0,104021.0,104064.0,104099.0,104139.0,104183.0,104217.0,104251.0,104278.0,104315.0,104349.0,104402.0,104436.0,104465.0,104485.0,104532.0,104575.0,104617.0,104661.0,104700.0,104738.0,104778.0,104822.0,104858.0,104921.0,104981.0,105020.0,105062.0,105091.0,105124.0,105166.0,105198.0,105226.0,105253.0,105296.0,105319.0,105341.0,105376.0,105418.0,105475.0,105520.0,105572.0,105601.0,105631.0,105676.0,105713
7v1Sts1mSP8,221307.0,221370.0,221435.0,221500.0,221572.0,221619.0,221696.0,221777.0,221836.0,221938.0,221986.0,222049.0,222103.0,222164.0,222255.0,222312.0,222363.0,222428.0,222490.0,222577.0,222654.0,222717.0,222809.0,222914.0,222985.0,223083.0,223139.0,223213.0,223276.0,223367.0,223440.0,223512.0,223593.0,223672.0,223729.0,223785.0,223862.0,223927.0,223984.0,224065.0,224141.0,224223.0,224289.0,224355.0,224406.0,224478.0,224522.0,224613.0,224678.0,224742.0,224816.0,224888.0,224943.0,225009.0,225079.0,225141.0,225210.0,225298.0,225358.0,225439.0,225494.0,225548.0,225621.0,225684.0,225750.0,225805.0,225870.0,225937.0,225984.0,226063.0,226127.0,226193.0,226254.0,226309.0,226377.0,226444.0,226524.0,226590.0,226660.0,226721.0,226788.0,226850.0,226911.0,226994.0,227061.0,227105.0,227174.0,227212.0,227303.0,227373.0,227440.0,227514.0,227563.0,227639.0,227686.0,227760.0,227823.0,227883.0,227960.0,228042.0,228110.0,228175.0,228268.0,228328.0,228393.0,228489.0,228559.0,228631.0,228680.0,228781.0,228857.0,228938.0,229018.0,229095.0,229187.0,229238.0,229316.0,229387.0,229469.0,229547.0,229611.0,229685.0,229739.0,229809.0,229856.0,229899.0,229946.0,230016.0,230067.0,230109.0,230177.0,230258.0,230340.0,230411.0,,,,,,,,,230982.0,231027.0,231078.0,231135.0,231197.0,231257.0,231303.0,231355.0,231424.0,231499.0,231571.0,231646.0,231745.0,231803.0,231880.0,231943.0,232025.0,232099.0,232205.0,232278.0,232358.0,232419.0,232485.0,232561.0,232643.0,232713.0,232794.0,232847.0,232914.0,232955.0,233021.0,233071.0,233138.0,233200.0,233265.0,233305.0,233347.0,233395.0,233450.0,233501.0,233561.0,233633.0,233702.0,233750.0,233809.0,233858.0,233922.0,233985.0,234060.0,234110.0,234164.0,234247.0,234331.0,234430.0,234497.0,234566.0,234645.0,234700.0,234768.0,234816.0,234892.0,234964.0,235016.0,235075.0,235112.0,235163.0,235225.0,235282.0,235327.0,235375.0,235421.0,235470.0,235519.0,235605.0,235652.0,235722.0,235795.0,235838.0,235891.0,235959.0,236012.0,236056.0,236121.0,236180.0,236237.0,236280.0,236349.0,236408.0,236493.0,236570.0,236641.0,236699.0,236774.0,236873.0,237024.0,237129.0,237227.0,237336.0,237412.0,237515.0,237622.0,237711.0,237816.0,237942.0,238074.0,238171.0,238256.0,238350.0,238470.0,238560.0,238660.0,238749.0,238825.0,238890.0,238961.0,239056.0,239144.0,239215.0,239328.0,239438.0,239534.0,,239757.0,239889.0,240003.0,240105.0,240222.0,240319.0,240398.0,240513.0,240647.0,240753.0,240858.0,240941.0,241008.0,241118.0,241214.0,241330.0,241437.0,241536.0,241653.0,241732.0,241851.0,241961.0,242053.0,242156.0,242245.0,242337.0,242417.0,242535.0,242622.0,242716.0,242823.0,242938.0,243013.0,243102.0,243188.0,243279.0,243377.0,243462.0,243571.0,243685.0,243776.0,243853.0,243976.0,244085.0,244223.0,244350.0,244464.0,244554.0,244677.0,244783.0,244912.0,245018.0,245132.0,245246.0,245338.0,245439.0,245539.0,245631.0,245739.0,245824.0,245926.0,245988.0,246104.0,246189.0,246333.0,246465.0,246614.0,246735.0,246839.0,247005.0,247113.0,247244.0,247359.0,247478.0,247575.0,247670.0,247797.0,247914.0,248032.0,248134.0,248250.0,248354.0,248419.0,248488.0,248557.0,248711.0,248835.0,248911.0,248986.0,249084.0,249272.0,249436.0,249587.0,249770.0,249880.0,250015.0,250092.0,250179.0,250285.0,250370.0,250465.0,250553.0,250647.0,250719.0,250821.0,250902.0,250965.0,251071.0,251165.0,251240.0,251300.0,251384.0,251495.0,251576
ctAGZ9a5Mdk,3618.0,3618.0,3619.0,3619.0,3619.0,3619.0,3619.0,3620.0,3620.0,3620.0,3620.0,3620.0,3620.0,3620.0,3620.0,3620.0,3620.0,3622.0,3622.0,3622.0,3622.0,3626.0,3626.0,3628.0,3628.0,3628.0,3630.0,3631.0,3631.0,3631.0,3632.0,3632.0,3632.0,3637.0,3637.0,3637.0,3637.0,3639.0,3641.0,3641.0,3641.0,3641.0,3641.0,3643.0,3643.0,3644.0,3644.0,3644.0,3645.0,3646.0,3647.0,3648.0,3648.0,3649.0,3649.0,3649.0,3649.0,3650.0,3650.0,3650.0,3650.0,3652.0,3652.0,3653.0,3653.0,3654.0,3655.0,3657.0,3658.0,3658.0,3659.0,3661.0,3661.0,3662.0,3663.0,3663.0,3663.0,3663.0,3663.0,3663.0,3663.0,3663.0,3666.0,3667.0,3667.0,3667.0,3667.0,3667.0,3667.0,3667.0,3667.0,3667.0,3667.0,3667.0,3669.0,3669.0,3671.0,3671.0,3671.0,3672.0,3672.0,3674.0,3674.0,3674.0,3674.0,3676.0,3676.0,3676.0,3677.0,3677.0,3677.0,3678.0,3680.0,3680.0,3680.0,3680.0,3680.0,3680.0,3680.0,3680.0,3680.0,3681.0,3681.0,3681.0,3681.0,3681.0,3681.0,3681.0,3681.0,3681.0,3681.0,3681.0,3683.0,3683.0,,,,,,,,,3690.0,3691.0,3691.0,3691.0,3693.0,3694.0,3695.0,3695.0,3695.0,3695.0,3695.0,3698.0,3698.0,3699.0,3700.0,3700.0,3700.0,3701.0,3701.0,3701.0,3701.0,3702.0,3702.0,3702.0,3702.0,3704.0,3704.0,3704.0,3705.0,3706.0,3706.0,3709.0,3709.0,3709.0,3709.0,3709.0,3709.0,3710.0,3710.0,3710.0,3711.0,3711.0,3711.0,3712.0,3712.0,3713.0,3715.0,3715.0,3715.0,3715.0,3715.0,3716.0,3717.0,3718.0,3719.0,3720.0,3721.0,3721.0,3721.0,3721.0,3722.0,3722.0,3722.0,3722.0,3722.0,3722.0,3723.0,3723.0,3723.0,3725.0,3726.0,3727.0,3727.0,3728.0,3729.0,3729.0,3729.0,3734.0,3734.0,3737.0,3737.0,3737.0,3738.0,3738.0,3739.0,3739.0,3739.0,3740.0,3740.0,3740.0,3740.0,3740.0,3741.0,3741.0,3741.0,3745.0,3746.0,3746.0,3747.0,3747.0,3747.0,3747.0,3747.0,3747.0,3747.0,3747.0,3747.0,3747.0,3747.0,3747.0,3747.0,3747.0,3748.0,3748.0,3749.0,3749.0,3749.0,3751.0,3751.0,3751.0,3752.0,,3753.0,3753.0,3753.0,3753.0,3753.0,3753.0,3754.0,3755.0,3755.0,3756.0,3756.0,3758.0,3758.0,3759.0,3761.0,3761.0,3761.0,3763.0,3763.0,3763.0,3763.0,3763.0,3763.0,3763.0,3763.0,3763.0,3763.0,3763.0,3763.0,3765.0,3765.0,3765.0,3765.0,3765.0,3766.0,3768.0,3768.0,3772.0,3772.0,3773.0,3773.0,3773.0,3773.0,3773.0,3774.0,3774.0,3774.0,3774.0,3774.0,3774.0,3774.0,3774.0,3775.0,3775.0,3775.0,3775.0,3775.0,3777.0,3777.0,3777.0,3777.0,3777.0,3777.0,3777.0,3777.0,3777.0,3777.0,3778.0,3778.0,3778.0,3778.0,3780.0,3780.0,3780.0,3781.0,3781.0,3781.0,3782.0,3782.0,3782.0,3782.0,3782.0,3782.0,3782.0,3782.0,3782.0,3782.0,3783.0,3783.0,3783.0,3784.0,3786.0,3786.0,3786.0,3786.0,3786.0,3786.0,3786.0,3786.0,3786.0,3786.0,3786.0,3786.0,3786.0,3786.0,3786.0,3786.0,3786.0,3786.0,3786.0,3786.0,3786.0,3786.0,3786
3Ruc6uLmiBE,1854988.0,1856233.0,1857593.0,1859079.0,1860712.0,1862363.0,1863825.0,1865238.0,1867021.0,1868585.0,1870234.0,1871863.0,1873444.0,1875156.0,1877061.0,1878825.0,1880578.0,1882033.0,1883894.0,1885940.0,1887724.0,1889608.0,1891367.0,1892998.0,1894467.0,1895945.0,1897532.0,1899127.0,1900577.0,1902026.0,1903234.0,1904706.0,1906130.0,1907697.0,1909239.0,1910813.0,1912330.0,1913593.0,1914774.0,1916106.0,1917582.0,1918825.0,1920013.0,1921394.0,1922566.0,1923644.0,1924814.0,1926125.0,1927443.0,1928699.0,1929979.0,1931288.0,1932685.0,1934295.0,1935895.0,1937342.0,1938684.0,1940024.0,1941222.0,1942449.0,1943802.0,1945244.0,1946628.0,1947922.0,1949073.0,1950315.0,1951512.0,1953030.0,1954328.0,1955959.0,1957304.0,1958649.0,1960015.0,1961083.0,1962541.0,1963725.0,1964804.0,1966095.0,1967204.0,1968279.0,1969288.0,1970433.0,1971631.0,1972869.0,1973958.0,1975224.0,1976408.0,1977362.0,1978553.0,1979587.0,1980771.0,1981914.0,1982962.0,1984186.0,1985224.0,1986492.0,1987676.0,1988846.0,1990072.0,1991132.0,1992045.0,1992984.0,1993902.0,1995021.0,1996065.0,1997120.0,1998092.0,1999004.0,1999964.0,2001016.0,2001982.0,2003197.0,2004567.0,2005959.0,2007051.0,2008167.0,2009328.0,2010520.0,2011758.0,2012978.0,2014218.0,2015395.0,2016538.0,2017664.0,2018946.0,2020367.0,2021561.0,2022930.0,2024012.0,2025049.0,2026458.0,2027751.0,2029148.0,2030273.0,,,,,,,,,2039913.0,2040851.0,2041901.0,2042966.0,2043929.0,2044841.0,2045637.0,2046411.0,2047191.0,2048082.0,2048929.0,2049794.0,2050679.0,2051357.0,2052190.0,2052957.0,2053844.0,2054838.0,2055913.0,2056879.0,2057778.0,2058594.0,2059360.0,2060296.0,2061209.0,2062071.0,2062946.0,2063793.0,2064552.0,2065308.0,2066117.0,2066922.0,2067804.0,2068540.0,2069320.0,2070096.0,2070864.0,2071669.0,2072573.0,2073440.0,2074170.0,2074895.0,2075592.0,2076272.0,2077052.0,2077841.0,2078690.0,2079516.0,2080243.0,2081006.0,2081701.0,2082634.0,2083490.0,2084318.0,2085104.0,2085973.0,2086737.0,2087475.0,2088450.0,2089338.0,2090161.0,2090767.0,2091551.0,2092165.0,2092893.0,2093763.0,2094711.0,2095515.0,2096227.0,2096987.0,2097611.0,2098292.0,2099103.0,2100040.0,2100958.0,2101757.0,2102662.0,2103438.0,2104032.0,2104731.0,2105515.0,2106124.0,2106915.0,2107591.0,2108227.0,2108770.0,2109420.0,2110012.0,2110629.0,2111211.0,2111800.0,2112335.0,2112785.0,2113246.0,2113811.0,2114396.0,2115001.0,2115530.0,2116044.0,2116572.0,2117138.0,2117616.0,2118184.0,2118713.0,2119199.0,2119743.0,2120179.0,2120717.0,2121167.0,2121850.0,2122505.0,2123059.0,2123572.0,2124071.0,2124563.0,2125014.0,2125436.0,2125990.0,2126605.0,2127177.0,2127776.0,,2129110.0,2129813.0,2130526.0,2131160.0,2131732.0,2132319.0,2132981.0,2133700.0,2134360.0,2135077.0,2135714.0,2136336.0,2136993.0,2137612.0,2138260.0,2138975.0,2139498.0,2140130.0,2140820.0,2141434.0,2141969.0,2142685.0,2143359.0,2143921.0,2144647.0,2145197.0,2145742.0,2146312.0,2146951.0,2147577.0,2148162.0,2148712.0,2149150.0,2149587.0,2150076.0,2150641.0,2151147.0,2151657.0,2152086.0,2152481.0,2152950.0,2153448.0,2153973.0,2154508.0,2155017.0,2155502.0,2155972.0,2156404.0,2156872.0,2157402.0,2157884.0,2158366.0,2158909.0,2159375.0,2159835.0,2160406.0,2160914.0,2161505.0,2162105.0,2162681.0,2163236.0,2163764.0,2164339.0,2164983.0,2165627.0,2166161.0,2166655.0,2167144.0,2167595.0,2168224.0,2168749.0,2169363.0,2169946.0,2170538.0,2171083.0,2171508.0,2172153.0,2172744.0,2173392.0,2174002.0,2174560.0,2175058.0,2175610.0,2176223.0,2176909.0,2177548.0,2178141.0,2178731.0,2179236.0,2179722.0,2180183.0,2180715.0,2181274.0,2181782.0,2182330.0,2182804.0,2183253.0,2183748.0,2184280.0,2184857.0,2185377.0,2185872.0,2186383.0,2186776.0,2187284.0,2187865.0,2188402.0,2188906.0,2189460.0,2189880.0,2190315.0,2190802.0,2191239.0,2191678
J--BukW5BfQ,6449781.0,6453062.0,6456517.0,6460099.0,6463994.0,6467505.0,6470818.0,6474633.0,6478787.0,6483078.0,6486951.0,6491050.0,6494580.0,6497949.0,6501359.0,6504690.0,6507888.0,6510894.0,6513984.0,6517045.0,6520272.0,6523529.0,6527189.0,6531012.0,6534248.0,6537614.0,6541097.0,6544364.0,6547649.0,6550677.0,6553574.0,6556350.0,6559434.0,6562871.0,6566065.0,6569538.0,6573775.0,6577301.0,6580491.0,6583665.0,6586703.0,6589961.0,6593753.0,6597116.0,6600283.0,6603244.0,6606197.0,6608892.0,6611084.0,6613601.0,6616519.0,6620093.0,6623262.0,6626400.0,6629725.0,6632992.0,6636209.0,6639451.0,6642596.0,6645795.0,6649014.0,6652317.0,6655491.0,6658453.0,6661413.0,6664140.0,6667110.0,6670286.0,6672871.0,6676072.0,6678874.0,6681667.0,6684424.0,6687276.0,6690143.0,6692799.0,6695564.0,6698608.0,6701373.0,6704046.0,6706772.0,6709870.0,6712854.0,6715507.0,6718049.0,6720674.0,6723241.0,6725792.0,6728418.0,6730947.0,6734205.0,6736940.0,6739745.0,6742366.0,6744972.0,6747885.0,6750612.0,6753587.0,6756356.0,6758940.0,6761686.0,6763971.0,6766437.0,6768982.0,6771622.0,6774259.0,6776896.0,6779718.0,6782571.0,6785276.0,6788245.0,6791501.0,6794674.0,6797342.0,6800074.0,6803026.0,6806503.0,6810907.0,6814507.0,6817530.0,6820455.0,6823379.0,6826218.0,6829213.0,6831862.0,6834702.0,6837430.0,6840367.0,6843026.0,6845533.0,6848150.0,6851040.0,6853821.0,6856328.0,,,,,,,,,6879134.0,6881560.0,6883933.0,6886643.0,6889418.0,6892108.0,6894745.0,6897131.0,6899555.0,6901843.0,6904079.0,6906363.0,6908682.0,6911020.0,6913349.0,6915567.0,6917759.0,6920546.0,6923351.0,6925848.0,6928271.0,6930698.0,6933286.0,6935735.0,6937992.0,6940307.0,6942568.0,6944975.0,6947214.0,6949617.0,6952053.0,6954596.0,6957206.0,6959691.0,6962348.0,6964362.0,6966413.0,6968583.0,6970710.0,6972875.0,6974851.0,6976810.0,6978754.0,6980727.0,6982709.0,6984718.0,6986720.0,6988725.0,6990670.0,6992606.0,6994517.0,6996733.0,6998828.0,7000970.0,7003095.0,7005251.0,7007343.0,7009298.0,7011391.0,7013330.0,7015330.0,7016996.0,7018721.0,7020500.0,7022312.0,7024317.0,7026628.0,7028930.0,7030958.0,7032980.0,7035101.0,7037293.0,7039451.0,7041412.0,7043465.0,7045398.0,7047347.0,7049151.0,7051055.0,7053102.0,7055298.0,7057145.0,7059236.0,7061185.0,7062843.0,7064453.0,7066283.0,7068144.0,7069890.0,7071679.0,7073445.0,7075227.0,7077008.0,7078892.0,7080683.0,7082474.0,7084170.0,7085701.0,7087353.0,7088889.0,7090547.0,7092176.0,7093731.0,7095290.0,7096888.0,7098458.0,7099982.0,7101533.0,7103169.0,7105457.0,7107403.0,7109030.0,7110535.0,7112022.0,7113449.0,7114804.0,7116139.0,7117755.0,7119482.0,7121231.0,7122811.0,,7126476.0,7128443.0,7130326.0,7131944.0,7133900.0,7135710.0,7137630.0,7139476.0,7141273.0,7143037.0,7144706.0,7146417.0,7148204.0,7149829.0,7151190.0,7152599.0,7154101.0,7155776.0,7157652.0,7159467.0,7161300.0,7163100.0,7164729.0,7166314.0,7167914.0,7169519.0,7170938.0,7172433.0,7173923.0,7175450.0,7176967.0,7178525.0,7180058.0,7181360.0,7182939.0,7184573.0,7186100.0,7187676.0,7189305.0,7190825.0,7192738.0,7194379.0,7195987.0,7197567.0,7199099.0,7200697.0,7202227.0,7203723.0,7205048.0,7206303.0,7207613.0,7208973.0,7210324.0,7211682.0,7212937.0,7214274.0,7215573.0,7216802.0,7218081.0,7219443.0,7220730.0,7222032.0,7223285.0,7224457.0,7225780.0,7227166.0,7228407.0,7229637.0,7230894.0,7232275.0,7233477.0,7234649.0,7235815.0,7236962.0,7238105.0,7239338.0,7240989.0,7242668.0,7244226.0,7245704.0,7247431.0,7248893.0,7250389.0,7251955.0,7253473.0,7254765.0,7256123.0,7257531.0,7258845.0,7260211.0,7261624.0,7262992.0,7264388.0,7265822.0,7267185.0,7268766.0,7270282.0,7272169.0,7273817.0,7275537.0,7277056.0,7278428.0,7279773.0,7280987.0,7282389.0,7283979.0,7285291.0,7286686.0,7288011.0,7289230.0,7290401.0,7291659.0,7292966.0,7294367
ftEOWXnEtH0,4362.0,4364.0,4367.0,4368.0,4370.0,4373.0,4375.0,4378.0,4378.0,4380.0,4383.0,4384.0,4385.0,4385.0,4385.0,4387.0,4389.0,4389.0,4393.0,4393.0,4394.0,4394.0,4395.0,4395.0,4395.0,4396.0,4397.0,4397.0,4398.0,4398.0,4398.0,4401.0,4402.0,4402.0,4403.0,4405.0,4405.0,4407.0,4408.0,4409.0,4412.0,4413.0,4414.0,4417.0,4419.0,4418.0,4419.0,4419.0,4420.0,4420.0,4420.0,4425.0,4426.0,4426.0,4426.0,4427.0,4428.0,4428.0,4428.0,4429.0,4430.0,4432.0,4433.0,4434.0,4434.0,4434.0,4434.0,4438.0,4439.0,4439.0,4440.0,4440.0,4443.0,4444.0,4444.0,4444.0,4444.0,4446.0,4446.0,4446.0,4446.0,4446.0,4446.0,4448.0,4448.0,4448.0,4449.0,4450.0,4458.0,4458.0,4459.0,4461.0,4461.0,4462.0,4463.0,4464.0,4465.0,4470.0,4471.0,4474.0,4475.0,4476.0,4476.0,4477.0,4479.0,4480.0,4481.0,4486.0,4487.0,4488.0,4488.0,4489.0,4490.0,4490.0,4491.0,4496.0,4496.0,4497.0,4497.0,4497.0,4501.0,4502.0,4502.0,4502.0,4502.0,4504.0,4507.0,4508.0,4508.0,4508.0,4511.0,4511.0,4518.0,4527.0,,,,,,,,,,,,,,,,,,,,,,,,,,,,,,,,,,,,,,,,,,,,,,,,,,,,,,,,,,,,,,,,,,,,,,,,,,,,,,,,,,,,,,,,,,,,,,,,,,,,,,,,,,,,,,,,,,,,,,,,,,,,,,,,,,,,,,,,,,,,,,,,,,,4536.0,4537.0,4539.0,4542.0,4544.0,4546.0,4547.0,4547.0,4550.0,4551.0,4554.0,4556.0,4557.0,4560.0,4561.0,4562.0,4563.0,4563.0,4563.0,4564.0,4566.0,4566.0,4567.0,4567.0,4567.0,4569.0,4570.0,4570.0,4570.0,4570.0,4570.0,4570.0,4570.0,4570.0,4571.0,4573.0,4573.0,4573.0,4574.0,4574.0,4577.0,4577.0,4577.0,4577.0,4578.0,4578.0,4580.0,4580.0,4582.0,4582.0,4582.0,4583.0,4583.0,4583.0,4583.0,4584.0,4587.0,4588.0,4588.0,4588.0,4588.0,4588.0,4591.0,4591.0,4592.0,4595.0,4595.0,4595.0,4595.0,4595.0,4596.0,4600.0,4601.0,4601.0,4601.0,4602.0,4602.0,4603.0,4604.0,4605.0,4606.0,4606.0,4607.0,4607.0,4607.0,4607.0,4608.0,4608.0,4608.0,4608.0,4608.0,4610.0,4610.0,4611.0,4611.0,4611.0,4611.0,4612
OE-Z8hvHQHw,6127.0,6127.0,6127.0,6128.0,6129.0,6130.0,6132.0,6133.0,6133.0,6133.0,6134.0,6133.0,6135.0,6134.0,6134.0,6135.0,6135.0,6139.0,6140.0,6143.0,6148.0,6153.0,6155.0,6157.0,6160.0,6161.0,6165.0,6166.0,6167.0,6167.0,6168.0,6169.0,6172.0,6172.0,6172.0,6173.0,6173.0,6173.0,6174.0,6176.0,6178.0,6181.0,6184.0,6185.0,6189.0,6195.0,6196.0,6196.0,6196.0,6196.0,6196.0,6196.0,6196.0,6200.0,6205.0,6206.0,6208.0,6210.0,6211.0,6211.0,6213.0,6214.0,6217.0,6218.0,6221.0,6222.0,6222.0,6223.0,6223.0,6225.0,6225.0,6225.0,6227.0,6232.0,6233.0,6233.0,6233.0,6236.0,6239.0,6240.0,6240.0,6240.0,6240.0,6247.0,6248.0,6251.0,6254.0,6257.0,6257.0,6260.0,6262.0,6262.0,6264.0,6265.0,6266.0,6267.0,6270.0,6270.0,6272.0,6272.0,6274.0,6275.0,6276.0,6276.0,6277.0,6279.0,6280.0,6280.0,6283.0,6284.0,6286.0,6286.0,6288.0,6288.0,6289.0,6290.0,6290.0,6291.0,6291.0,6291.0,6291.0,6292.0,6292.0,6293.0,6296.0,6311.0,6313.0,6313.0,6313.0,6314.0,6314.0,6315.0,6316.0,6317.0,,,,,,,,,6335.0,6336.0,6336.0,6338.0,6340.0,6342.0,6342.0,6342.0,6342.0,6346.0,6347.0,6347.0,6348.0,6349.0,6351.0,6352.0,6353.0,6353.0,6353.0,6353.0,6355.0,6357.0,6357.0,6357.0,6359.0,6359.0,6361.0,6361.0,6361.0,6361.0,6361.0,6361.0,6361.0,6361.0,6364.0,6365.0,6366.0,6367.0,6367.0,6367.0,6368.0,6367.0,6369.0,6369.0,6372.0,6373.0,6373.0,6375.0,6376.0,6377.0,6377.0,6378.0,6378.0,6378.0,6379.0,6380.0,6380.0,6380.0,6381.0,6381.0,6385.0,6386.0,6386.0,6387.0,6388.0,6389.0,6390.0,6392.0,6394.0,6395.0,6395.0,6395.0,6396.0,6398.0,6399.0,6407.0,6412.0,6415.0,6415.0,6416.0,6416.0,6417.0,6419.0,6423.0,6425.0,6426.0,6427.0,6431.0,6433.0,6436.0,6436.0,6436.0,6437.0,6438.0,6440.0,6442.0,6443.0,6445.0,6449.0,6455.0,6458.0,6458.0,6462.0,6463.0,6465.0,6466.0,6467.0,6467.0,6467.0,6467.0,6468.0,6469.0,6473.0,6473.0,6473.0,6477.0,6477.0,6477.0,6478.0,6478.0,6482.0,,6483.0,6484.0,6484.0,6485.0,6485.0,6485.0,6486.0,6486.0,6486.0,6486.0,6488.0,6489.0,6491.0,6491.0,6493.0,6493.0,6493.0,6494.0,6495.0,6497.0,6501.0,6503.0,6507.0,6508.0,6509.0,6511.0,6511.0,6512.0,6516.0,6515.0,6516.0,6517.0,6517.0,6517.0,6519.0,6522.0,6524.0,6524.0,6526.0,6529.0,6531.0,6531.0,6532.0,6535.0,6536.0,6536.0,6539.0,6543.0,6543.0,6544.0,6544.0,6545.0,6547.0,6547.0,6547.0,6547.0,6548.0,6548.0,6548.0,6548.0,6549.0,6549.0,6549.0,6550.0,6554.0,6554.0,6554.0,6555.0,6556.0,6560.0,6564.0,6565.0,6565.0,6568.0,6572.0,6572.0,6573.0,6578.0,6582.0,6583.0,6583.0,6584.0,6584.0,6585.0,6589.0,6589.0,6590.0,6593.0,6595.0,6596.0,6600.0,6603.0,6604.0,6608.0,6613.0,6616.0,6617.0,6618.0,6620.0,6621.0,6621.0,6623.0,6623.0,6625.0,6625.0,6627.0,6633.0,6633.0,6640.0,6650.0,6651.0,6652.0,6659.0,6666
bQCxEc3eWK4,4538.0,4539.0,4539.0,4539.0,4541.0,4542.0,4543.0,4543.0,4543.0,4545.0,4545.0,4545.0,4545.0,4546.0,4546.0,4547.0,4548.0,4549.0,4549.0,4551.0,4551.0,4551.0,4551.0,4551.0,4551.0,4551.0,4552.0,4552.0,4552.0,4552.0,4552.0,4553.0,4553.0,4553.0,4553.0,4553.0,4553.0,4553.0,4553.0,4554.0,4555.0,4556.0,4557.0,4559.0,4559.0,4560.0,4560.0,4562.0,4563.0,4565.0,4565.0,4565.0,4567.0,4568.0,4568.0,4569.0,4570.0,4570.0,4571.0,4570.0,4570.0,4572.0,4572.0,4572.0,4573.0,4575.0,4575.0,4575.0,4575.0,4575.0,4576.0,4577.0,4579.0,4580.0,4583.0,4583.0,4584.0,4584.0,4585.0,4585.0,4585.0,4585.0,4585.0,4587.0,4588.0,4588.0,4588.0,4589.0,4590.0,4590.0,4590.0,4591.0,4591.0,4592.0,4593.0,4593.0,4593.0,4594.0,4596.0,4596.0,4596.0,4598.0,4599.0,4599.0,4599.0,4599.0,4599.0,4601.0,4601.0,4601.0,4601.0,4604.0,4605.0,4607.0,4608.0,4610.0,4611.0,4612.0,4612.0,4615.0,4615.0,4617.0,4618.0,4620.0,4620.0,4620.0,4621.0,4621.0,4621.0,4622.0,4623.0,4624.0,4624.0,4625.0,,,,,,,,,4637.0,4640.0,4641.0,4643.0,4645.0,4647.0,4651.0,4651.0,4651.0,4651.0,4655.0,4658.0,4663.0,4665.0,4666.0,4668.0,4668.0,4668.0,4669.0,4672.0,4674.0,4675.0,4677.0,4678.0,4679.0,4681.0,4681.0,4681.0,4682.0,4682.0,4684.0,4685.0,4686.0,4686.0,4687.0,4688.0,4688.0,4689.0,4691.0,4696.0,4697.0,4700.0,4703.0,4704.0,4707.0,4709.0,4711.0,4715.0,4718.0,4720.0,4722.0,4723.0,4723.0,4725.0,4725.0,4727.0,4727.0,4730.0,4730.0,4735.0,4736.0,4737.0,4737.0,4739.0,4741.0,4741.0,4741.0,4742.0,4743.0,4744.0,4745.0,4746.0,4747.0,4748.0,4748.0,4752.0,4753.0,4753.0,4755.0,4755.0,4759.0,4760.0,4763.0,4763.0,4764.0,4767.0,4768.0,4768.0,4768.0,4773.0,4775.0,4776.0,4777.0,4779.0,4780.0,4782.0,4786.0,4788.0,4789.0,4791.0,4794.0,4793.0,4793.0,4795.0,4797.0,4797.0,4797.0,4800.0,4801.0,4803.0,4804.0,4806.0,4807.0,4807.0,4808.0,4808.0,4808.0,4808.0,4809.0,4811.0,4812.0,,4815.0,4816.0,4818.0,4820.0,4823.0,4823.0,4824.0,4825.0,4826.0,4831.0,4832.0,4834.0,4836.0,4838.0,4837.0,4841.0,4847.0,4849.0,4850.0,4852.0,4854.0,4856.0,4858.0,4859.0,4860.0,4861.0,4861.0,4861.0,4862.0,4864.0,4865.0,4865.0,4865.0,4865.0,4866.0,4868.0,4869.0,4870.0,4874.0,4875.0,4875.0,4875.0,4878.0,4880.0,4880.0,4881.0,4882.0,4883.0,4884.0,4885.0,4886.0,4887.0,4888.0,4888.0,4888.0,4888.0,4889.0,4890.0,4891.0,4892.0,4892.0,4894.0,4896.0,4897.0,4897.0,4898.0,4900.0,4901.0,4902.0,4902.0,4902.0,4902.0,4902.0,4903.0,4904.0,4904.0,4904.0,4907.0,4907.0,4907.0,4908.0,4911.0,4911.0,4912.0,4913.0,4913.0,4913.0,4914.0,4914.0,4915.0,4916.0,4916.0,4916.0,4919.0,4920.0,4920.0,4921.0,4921.0,4922.0,4921.0,4922.0,4922.0,4922.0,4924.0,4925.0,4925.0,4926.0,4927.0,4927.0,4927.0,4928.0,4928.0,4928.0,4928
tiaV_-g9DwI,11043.0,11126.0,11193.0,11261.0,11299.0,11355.0,11408.0,11475.0,11542.0,11582.0,11623.0,11675.0,11734.0,11813.0,11873.0,11920.0,11967.0,11998.0,12036.0,12091.0,12146.0,12201.0,12259.0,12303.0,12362.0,12422.0,12507.0,12576.0,12657.0,12733.0,12773.0,12825.0,12886.0,12954.0,13016.0,13086.0,13155.0,13205.0,13252.0,13305.0,13374.0,13455.0,13512.0,13562.0,13624.0,13693.0,13759.0,13836.0,13893.0,13958.0,14007.0,14050.0,14086.0,14128.0,14172.0,14233.0,14291.0,14357.0,14408.0,14450.0,14487.0,14545.0,14607.0,14663.0,14726.0,14772.0,14815.0,14875.0,14923.0,14998.0,15066.0,15124.0,15169.0,15203.0,15263.0,15313.0,15363.0,15397.0,15433.0,15476.0,15503.0,15557.0,15598.0,15653.0,15714.0,15767.0,15810.0,15852.0,15920.0,15983.0,16035.0,16083.0,16140.0,16207.0,16264.0,16307.0,16372.0,16451.0,16506.0,16570.0,16661.0,16714.0,16767.0,16817.0,16857.0,16898.0,16959.0,17023.0,17087.0,17128.0,17184.0,17223.0,17261.0,17324.0,17358.0,17394.0,17422.0,17455.0,17488.0,17521.0,17536.0,17568.0,17601.0,17630.0,17665.0,17697.0,17726.0,17766.0,17803.0,17840.0,17870.0,17903.0,17938.0,17973.0,,,,,,,,,18467.0,18509.0,18557.0,18596.0,18629.0,18654.0,18688.0,18712.0,18734.0,18754.0,18779.0,18800.0,18813.0,18839.0,18854.0,18866.0,18881.0,18889.0,18906.0,18923.0,18932.0,18946.0,18956.0,18976.0,18997.0,19016.0,19033.0,19062.0,19082.0,19093.0,19109.0,19132.0,19155.0,19179.0,19202.0,19225.0,19238.0,19253.0,19267.0,19291.0,19314.0,19337.0,19355.0,19374.0,19401.0,19417.0,19446.0,19471.0,19499.0,19517.0,19538.0,19569.0,19592.0,19615.0,19658.0,19699.0,19720.0,19744.0,19774.0,19800.0,19819.0,19836.0,19849.0,19866.0,19875.0,19901.0,19927.0,19956.0,19972.0,19994.0,20002.0,20020.0,20034.0,20062.0,20081.0,20107.0,20125.0,20150.0,20171.0,20193.0,20211.0,20241.0,20264.0,20291.0,20311.0,20330.0,20352.0,20385.0,20412.0,20443.0,20472.0,20498.0,20522.0,20536.0,20555.0,20584.0,20608.0,20629.0,20650.0,20662.0,20676.0,20695.0,20703.0,20719.0,20739.0,20753.0,20764.0,20775.0,20797.0,20813.0,20826.0,20852.0,20866.0,20881.0,20894.0,20900.0,20917.0,20940.0,20953.0,20965.0,20968.0,,20994.0,21012.0,21029.0,21041.0,21061.0,21072.0,21088.0,21103.0,21108.0,21124.0,21138.0,21155.0,21173.0,21194.0,21217.0,21238.0,21293.0,21343.0,21380.0,21406.0,21430.0,21462.0,21489.0,21506.0,21541.0,21565.0,21579.0,21606.0,21637.0,21666.0,21697.0,21729.0,21762.0,21784.0,21817.0,21838.0,21864.0,21902.0,21938.0,21957.0,21983.0,22012.0,22061.0,22101.0,22120.0,22135.0,22160.0,22182.0,22219.0,22259.0,22282.0,22306.0,22331.0,22347.0,22364.0,22379.0,22394.0,22407.0,22416.0,22427.0,22443.0,22452.0,22468.0,22493.0,22510.0,22527.0,22556.0,22591.0,22619.0,22658.0,22681.0,22703.0,22729.0,22765.0,22787.0,22808.0,22834.0,22870.0,22894.0,22914.0,22950.0,23013.0,23065.0,23093.0,23127.0,23152.0,23171.0,23196.0,23213.0,23225.0,23246.0,23265.0,23286.0,23311.0,23341.0,23363.0,23375.0,23395.0,23419.0,23442.0,23466.0,23475.0,23494.0,23515.0,23542.0,23570.0,23602.0,23647.0,23674.0,23693.0,23720.0,23759.0,23797.0,23827
a8dWP7FcEZY,10776.0,10781.0,10785.0,10789.0,10793.0,10796.0,10802.0,10806.0,10809.0,10817.0,10822.0,10825.0,10835.0,10838.0,10843.0,10845.0,10848.0,10849.0,10852.0,10853.0,10860.0,10865.0,10867.0,10875.0,10881.0,10886.0,10893.0,10895.0,10898.0,10899.0,10903.0,10904.0,10910.0,10912.0,10915.0,10917.0,10918.0,10922.0,10924.0,10930.0,10935.0,10939.0,10942.0,10945.0,10947.0,10949.0,10956.0,10959.0,10962.0,10967.0,10969.0,10972.0,10973.0,10973.0,10975.0,10978.0,10984.0,10987.0,10991.0,10994.0,10998.0,11001.0,11002.0,11005.0,11008.0,11011.0,11013.0,11018.0,11021.0,11023.0,11027.0,11031.0,11036.0,11042.0,11047.0,11050.0,11055.0,11055.0,11056.0,11059.0,11062.0,11069.0,11077.0,11081.0,11087.0,11090.0,11095.0,11101.0,11103.0,11104.0,11105.0,11113.0,11118.0,11122.0,11127.0,11128.0,11129.0,11135.0,11141.0,11147.0,11153.0,11155.0,11158.0,11161.0,11166.0,11170.0,11171.0,11181.0,11184.0,11191.0,11193.0,11197.0,11202.0,11206.0,11209.0,11212.0,11216.0,11223.0,11226.0,11235.0,11243.0,11249.0,11255.0,11260.0,11268.0,11277.0,11284.0,11287.0,11292.0,11300.0,11304.0,11310.0,11315.0,11323.0,,,,,,,,,11375.0,11376.0,11380.0,11386.0,11394.0,11411.0,11413.0,11421.0,11428.0,11433.0,11439.0,11447.0,11452.0,11456.0,11460.0,11463.0,11466.0,11470.0,11474.0,11480.0,11484.0,11485.0,11487.0,11489.0,11490.0,11495.0,11497.0,11498.0,11504.0,11507.0,11509.0,11510.0,11512.0,11515.0,11516.0,11519.0,11520.0,11521.0,11523.0,11526.0,11532.0,11536.0,11538.0,11540.0,11550.0,11553.0,11558.0,11565.0,11568.0,11572.0,11575.0,11575.0,11577.0,11577.0,11580.0,11585.0,11588.0,11589.0,11591.0,11593.0,11594.0,11597.0,11601.0,11603.0,11604.0,11607.0,11613.0,11617.0,11619.0,11622.0,11631.0,11638.0,11640.0,11642.0,11645.0,11647.0,11650.0,11651.0,11652.0,11654.0,11657.0,11662.0,11663.0,11665.0,11672.0,11674.0,11674.0,11677.0,11679.0,11681.0,11683.0,11694.0,11694.0,11699.0,11700.0,11701.0,11705.0,11707.0,11710.0,11711.0,11715.0,11717.0,11718.0,11725.0,11731.0,11735.0,11744.0,11757.0,11767.0,11767.0,11769.0,11772.0,11776.0,11780.0,11785.0,11787.0,11792.0,11793.0,11795.0,11798.0,11799.0,,11807.0,11811.0,11812.0,11813.0,11813.0,11817.0,11825.0,11831.0,11837.0,11843.0,11848.0,11848.0,11849.0,11852.0,11855.0,11859.0,11859.0,11866.0,11868.0,11871.0,11875.0,11878.0,11881.0,11883.0,11883.0,11885.0,11889.0,11892.0,11895.0,11896.0,11898.0,11903.0,11905.0,11913.0,11918.0,11920.0,11923.0,11929.0,11932.0,11935.0,11935.0,11938.0,11942.0,11950.0,11953.0,11955.0,11958.0,11960.0,11963.0,11963.0,11967.0,11969.0,11970.0,11971.0,11973.0,11976.0,11980.0,11984.0,11986.0,11990.0,11990.0,11990.0,11992.0,11993.0,11994.0,11996.0,11996.0,11998.0,11998.0,12003.0,12004.0,12008.0,12017.0,12021.0,12025.0,12028.0,12029.0,12034.0,12034.0,12034.0,12038.0,12039.0,12043.0,12046.0,12046.0,12046.0,12049.0,12050.0,12054.0,12056.0,12058.0,12061.0,12063.0,12067.0,12069.0,12070.0,12071.0,12071.0,12072.0,12073.0,12075.0,12080.0,12083.0,12085.0,12089.0,12091.0,12093.0,12096.0,12097.0,12100.0,12101.0,12102.0,12103.0,12105
L3AarH7ePsQ,8241604.0,8241632.0,8241660.0,8241698.0,8241721.0,8241768.0,8241806.0,8241846.0,8241887.0,8241919.0,8241955.0,8242005.0,8242065.0,8242108.0,8242157.0,8242210.0,8242249.0,8242297.0,8242330.0,8242370.0,8242413.0,8242459.0,8242489.0,8242539.0,8242583.0,8242625.0,8242666.0,8242698.0,8242730.0,8242766.0,8242791.0,8242817.0,8242841.0,8242871.0,8242915.0,8242950.0,8242991.0,8243027.0,8243062.0,8243097.0,8243133.0,8243173.0,8243211.0,8243257.0,8243293.0,8243332.0,8243374.0,8243408.0,8243462.0,8243495.0,8243540.0,8243590.0,8243626.0,8243668.0,8243696.0,8243740.0,8243804.0,8243848.0,8243906.0,8243944.0,8243989.0,8244027.0,8244065.0,8244101.0,8244140.0,8244171.0,8244204.0,8244243.0,8244274.0,8244311.0,8244348.0,8244367.0,8244405.0,8244432.0,8244474.0,8244515.0,8244542.0,8244574.0,8244610.0,8244637.0,8244669.0,8244705.0,8244734.0,8244789.0,8244814.0,8244850.0,8244873.0,8244898.0,8244919.0,8244940.0,8244967.0,8245002.0,8245030.0,8245059.0,8245080.0,8245114.0,8245142.0,8245157.0,8245181.0,8245200.0,8245217.0,8245235.0,8245258.0,8245284.0,8245319.0,8245344.0,8245379.0,8245417.0,8245444.0,8245474.0,8245509.0,8245540.0,8245564.0,8245592.0,8245621.0,8245650.0,8245678.0,8245701.0,8245734.0,8245773.0,8245799.0,8245815.0,8245839.0,8245856.0,8245886.0,8245916.0,8245935.0,8245956.0,8245986.0,8246011.0,8246051.0,8246082.0,8246108.0,8246134.0,,,,,,,,,8246392.0,8246414.0,8246459.0,8246482.0,8246512.0,8246552.0,8246585.0,8246612.0,8246651.0,8246699.0,8246735.0,8246765.0,8246782.0,8246799.0,8246824.0,8246861.0,8246890.0,8246922.0,8246944.0,8246968.0,8246990.0,8247010.0,8247034.0,8247064.0,8247086.0,8247105.0,8247123.0,8247146.0,8247168.0,8247196.0,8247218.0,8247248.0,8247270.0,8247295.0,8247317.0,8247334.0,8247358.0,8247371.0,8247392.0,8247413.0,8247438.0,8247465.0,8247496.0,8247514.0,8247529.0,8247545.0,8247565.0,8247589.0,8247608.0,8247625.0,8247661.0,8247681.0,8247699.0,8247717.0,8247737.0,8247756.0,8247772.0,8247792.0,8247811.0,8247827.0,8247849.0,8247875.0,8247897.0,8247918.0,8247944.0,8247967.0,8247985.0,8248007.0,8248038.0,8248068.0,8248082.0,8248110.0,8248138.0,8248174.0,8248194.0,8248222.0,8248254.0,8248277.0,8248308.0,8248328.0,8248374.0,8248403.0,8248427.0,8248454.0,8248469.0,8248495.0,8248526.0,8248551.0,8248578.0,8248597.0,8248628.0,8248664.0,8248692.0,8248719.0,8248732.0,8248762.0,8248779.0,8248812.0,8248840.0,8248868.0,8248894.0,8248920.0,8248947.0,8248977.0,8249011.0,8249028.0,8249058.0,8249083.0,8249104.0,8249127.0,8249154.0,8249171.0,8249186.0,8249219.0,8249237.0,8249263.0,8249289.0,8249307.0,8249330.0,8249356.0,8249378.0,,8249425.0,8249452.0,8249476.0,8249503.0,8249521.0,8249539.0,8249565.0,8249579.0,8249597.0,8249619.0,8249637.0,8249652.0,8249667.0,8249688.0,8249704.0,8249731.0,8249762.0,8249794.0,8249832.0,8249862.0,8249895.0,8249926.0,8249947.0,8249965.0,8249983.0,8250010.0,8250040.0,8250072.0,8250094.0,8250124.0,8250150.0,8250172.0,8250193.0,8250215.0,8250237.0,8250250.0,8250269.0,8250284.0,8250311.0,8250333.0,8250353.0,8250377.0,8250398.0,8250421.0,8250440.0,8250458.0,8250483.0,8250507.0,8250538.0,8250581.0,8250612.0,8250636.0,8250663.0,8250692.0,8250722.0,8250751.0,8250774.0,8250789.0,8250808.0,8250831.0,8250849.0,8250886.0,8250904.0,8250934.0,8250965.0,8250991.0,8251035.0,8251070.0,8251104.0,8251125.0,8251167.0,8251209.0,8251256.0,8251293.0,8251329.0,8251370.0,8251406.0,8251437.0,8251470.0,8251503.0,8251534.0,8251562.0,8251583.0,8251616.0,8251640.0,8251674.0,8251710.0,8251742.0,8251765.0,8251806.0,8251843.0,8251881.0,8251917.0,8251945.0,8251971.0,8251998.0,8252044.0,8252066.0,8252092.0,8252123.0,8252153.0,8252177.0,8252203.0,8252244.0,8252269.0,8252275.0,8252323.0,8252352.0,8252397.0,8252435.0,8252472.0,8252502.0,8252519.0,8252557
VU3DwsZ0_g8,39208.0,39208.0,39208.0,39208.0,39208.0,39208.0,39208.0,39208.0,39208.0,39208.0,39208.0,39208.0,39208.0,39208.0,39208.0,39208.0,39208.0,39208.0,39208.0,39208.0,39208.0,39208.0,39208.0,39208.0,39208.0,39208.0,39208.0,39208.0,39208.0,39208.0,39208.0,39208.0,39208.0,39208.0,39208.0,39208.0,39208.0,39208.0,39208.0,39208.0,39208.0,39208.0,39208.0,39208.0,39208.0,39208.0,39208.0,39208.0,39208.0,39208.0,39208.0,39208.0,39208.0,39208.0,39208.0,39208.0,39208.0,39208.0,39208.0,39208.0,39208.0,39208.0,39208.0,39208.0,39208.0,39208.0,39208.0,39208.0,39208.0,39208.0,39208.0,39208.0,39208.0,39208.0,39208.0,39208.0,39208.0,39208.0,39208.0,39208.0,39208.0,39208.0,39208.0,39208.0,39208.0,39208.0,39208.0,39208.0,39208.0,39208.0,39208.0,39208.0,39208.0,39208.0,39208.0,39208.0,39208.0,39208.0,39208.0,39208.0,39208.0,39208.0,39208.0,39208.0,39208.0,39208.0,39208.0,39208.0,39208.0,39208.0,39208.0,39208.0,39208.0,39208.0,39208.0,39208.0,39208.0,39208.0,39208.0,39208.0,39208.0,39208.0,39208.0,39208.0,39208.0,39208.0,39208.0,39208.0,39208.0,39208.0,39208.0,39208.0,39208.0,39208.0,,,,,,,,,39208.0,39208.0,39208.0,39208.0,39208.0,39208.0,39208.0,39208.0,39208.0,39208.0,39208.0,39208.0,39208.0,39208.0,39208.0,39208.0,39208.0,39208.0,39208.0,39208.0,39208.0,39208.0,39208.0,39208.0,39208.0,39208.0,39208.0,39208.0,39208.0,39208.0,39208.0,39208.0,39208.0,39208.0,39208.0,39208.0,39208.0,39208.0,39208.0,39208.0,39208.0,39208.0,39208.0,39208.0,39208.0,39208.0,39208.0,39208.0,39208.0,39208.0,39208.0,39208.0,39208.0,39208.0,39208.0,39208.0,39208.0,39208.0,39208.0,39208.0,39208.0,39208.0,39208.0,39208.0,39208.0,39208.0,39208.0,39208.0,39208.0,39208.0,39208.0,39208.0,39208.0,39208.0,39208.0,39208.0,39208.0,39208.0,39208.0,39208.0,39208.0,39208.0,39208.0,39208.0,39208.0,39208.0,39208.0,39208.0,39208.0,39208.0,39208.0,39208.0,39208.0,39208.0,39208.0,39208.0,39208.0,39208.0,39208.0,39208.0,39208.0,39208.0,39208.0,39208.0,39208.0,39208.0,39208.0,39208.0,39208.0,39208.0,39208.0,39208.0,39208.0,39208.0,39208.0,39208.0,39208.0,39208.0,39208.0,39208.0,39208.0,,39208.0,39208.0,39208.0,39208.0,39208.0,39208.0,39208.0,39208.0,39208.0,39208.0,39208.0,39208.0,39208.0,39208.0,39208.0,39208.0,39208.0,39208.0,39208.0,39208.0,39208.0,39208.0,39208.0,39208.0,39208.0,39208.0,39208.0,39208.0,39208.0,39208.0,39208.0,39208.0,39208.0,39208.0,39208.0,39208.0,39208.0,39208.0,39208.0,39208.0,39208.0,39208.0,39208.0,39208.0,39208.0,39208.0,39208.0,39208.0,39208.0,39208.0,39208.0,39208.0,39208.0,39208.0,39208.0,39208.0,39208.0,39208.0,39208.0,39208.0,39208.0,39208.0,39208.0,39208.0,39208.0,39208.0,39208.0,39208.0,39208.0,39208.0,39208.0,39208.0,39208.0,39208.0,39208.0,39208.0,39208.0,39208.0,39208.0,39208.0,39208.0,39208.0,39208.0,39208.0,39208.0,39208.0,39208.0,39208.0,39208.0,39208.0,39208.0,39208.0,39208.0,39208.0,39208.0,39208.0,39208.0,39208.0,39208.0,39208.0,39208.0,39208.0,39208.0,39208.0,39208.0,39208.0,39208.0,39208.0,39208.0,39208.0,39208.0,39208.0,39208.0,39208
0f6RebgBlGU,28558.0,28559.0,28567.0,28576.0,28578.0,28583.0,28594.0,28603.0,28608.0,28614.0,28621.0,28628.0,28629.0,28633.0,28641.0,28650.0,28658.0,28662.0,28663.0,28668.0,28677.0,28686.0,28688.0,28694.0,28699.0,28703.0,28709.0,28718.0,28722.0,28726.0,28730.0,28738.0,28751.0,28763.0,28771.0,28777.0,28783.0,28792.0,28797.0,28804.0,28809.0,28813.0,28825.0,28837.0,28846.0,28853.0,28859.0,28866.0,28868.0,28878.0,28887.0,28898.0,28903.0,28909.0,28914.0,28920.0,28929.0,28936.0,28941.0,28946.0,28949.0,28954.0,28960.0,28964.0,28967.0,28973.0,28979.0,28985.0,28989.0,28995.0,28997.0,29010.0,29017.0,29029.0,29032.0,29036.0,29042.0,29051.0,29060.0,29064.0,29074.0,29076.0,29083.0,29089.0,29093.0,29097.0,29100.0,29105.0,29110.0,29113.0,29115.0,29122.0,29130.0,29134.0,29136.0,29140.0,29145.0,29146.0,29146.0,29148.0,29152.0,29158.0,29163.0,29168.0,29175.0,29181.0,29183.0,29187.0,29189.0,29192.0,29203.0,29207.0,29212.0,29216.0,29224.0,29226.0,29229.0,29238.0,29242.0,29247.0,29253.0,29259.0,29260.0,29266.0,29271.0,29273.0,29278.0,29284.0,29289.0,29292.0,29293.0,29294.0,29295.0,29297.0,,,,,,,,,29351.0,29354.0,29359.0,29362.0,29366.0,29379.0,29391.0,29398.0,29405.0,29420.0,29427.0,29435.0,29438.0,29444.0,29451.0,29458.0,29460.0,29462.0,29468.0,29471.0,29478.0,29480.0,29482.0,29485.0,29489.0,29491.0,29493.0,29500.0,29507.0,29521.0,29527.0,29532.0,29538.0,29542.0,29550.0,29553.0,29558.0,29567.0,29567.0,29572.0,29573.0,29574.0,29579.0,29581.0,29585.0,29589.0,29598.0,29605.0,29610.0,29617.0,29622.0,29625.0,29629.0,29635.0,29639.0,29644.0,29649.0,29654.0,29662.0,29673.0,29674.0,29680.0,29690.0,29701.0,29721.0,29733.0,29746.0,29752.0,29759.0,29766.0,29773.0,29779.0,29781.0,29783.0,29786.0,29790.0,29795.0,29801.0,29808.0,29815.0,29821.0,29826.0,29829.0,29839.0,29844.0,29847.0,29848.0,29854.0,29857.0,29860.0,29863.0,29867.0,29871.0,29875.0,29885.0,29888.0,29890.0,29892.0,29893.0,29898.0,29903.0,29905.0,29906.0,29908.0,29913.0,29918.0,29921.0,29923.0,29928.0,29930.0,29933.0,29935.0,29937.0,29941.0,29945.0,29948.0,29952.0,29954.0,29957.0,29961.0,29969.0,,29990.0,30001.0,30005.0,30018.0,30021.0,30025.0,30028.0,30030.0,30034.0,30035.0,30038.0,30042.0,30048.0,30048.0,30052.0,30053.0,30061.0,30076.0,30085.0,30091.0,30096.0,30100.0,30104.0,30107.0,30110.0,30114.0,30118.0,30120.0,30124.0,30125.0,30127.0,30129.0,30134.0,30162.0,30177.0,30184.0,30189.0,30193.0,30200.0,30204.0,30212.0,30220.0,30226.0,30231.0,30236.0,30241.0,30243.0,30247.0,30248.0,30254.0,30255.0,30261.0,30264.0,30267.0,30269.0,30273.0,30278.0,30286.0,30290.0,30295.0,30305.0,30305.0,30306.0,30308.0,30311.0,30315.0,30320.0,30320.0,30322.0,30324.0,30325.0,30330.0,30333.0,30337.0,30344.0,30351.0,30354.0,30365.0,30368.0,30370.0,30377.0,30380.0,30387.0,30399.0,30402.0,30407.0,30409.0,30411.0,30411.0,30416.0,30424.0,30429.0,30433.0,30439.0,30442.0,30445.0,30448.0,30455.0,30459.0,30463.0,30469.0,30474.0,30475.0,30478.0,30483.0,30484.0,30486.0,30490.0,30493.0,30495.0,30497.0,30499.0,30499.0,30503
JT6ZdTb4eI4,9306.0,9310.0,9313.0,9321.0,9328.0,9334.0,9338.0,9343.0,9350.0,9355.0,9360.0,9372.0,9375.0,9384.0,9392.0,9403.0,9414.0,9421.0,9431.0,9439.0,9447.0,9457.0,9469.0,9473.0,9480.0,9491.0,9507.0,9519.0,9528.0,9537.0,9542.0,9549.0,9557.0,9565.0,9577.0,9586.0,9592.0,9602.0,9606.0,9612.0,9614.0,9622.0,9629.0,9636.0,9642.0,9647.0,9652.0,9661.0,9667.0,9680.0,9690.0,9695.0,9698.0,9705.0,9715.0,9720.0,9724.0,9735.0,9737.0,9743.0,9748.0,9752.0,9755.0,9767.0,9773.0,9777.0,9783.0,9795.0,9805.0,9810.0,9818.0,9824.0,9831.0,9839.0,9844.0,9851.0,9857.0,9862.0,9863.0,9871.0,9875.0,9885.0,9891.0,9904.0,9921.0,9932.0,9939.0,9945.0,9956.0,9960.0,9966.0,9972.0,9978.0,9981.0,9984.0,9992.0,10001.0,10017.0,10035.0,10044.0,10053.0,10066.0,10072.0,10076.0,10082.0,10089.0,10097.0,10101.0,10106.0,10116.0,10117.0,10123.0,10133.0,10138.0,10138.0,10140.0,10147.0,10150.0,10154.0,10156.0,10161.0,10168.0,10173.0,10177.0,10181.0,10195.0,10207.0,10213.0,10219.0,10220.0,10221.0,10229.0,10236.0,10245.0,,,,,,,,,10308.0,10313.0,10323.0,10340.0,10357.0,10365.0,10371.0,10385.0,10388.0,10397.0,10404.0,10410.0,10414.0,10427.0,10435.0,10443.0,10455.0,10462.0,10470.0,10486.0,10492.0,10496.0,10506.0,10514.0,10522.0,10529.0,10535.0,10540.0,10548.0,10560.0,10571.0,10575.0,10579.0,10589.0,10595.0,10599.0,10606.0,10609.0,10614.0,10624.0,10628.0,10640.0,10652.0,10665.0,10666.0,10673.0,10677.0,10681.0,10688.0,10697.0,10704.0,10710.0,10714.0,10721.0,10733.0,10744.0,10749.0,10756.0,10768.0,10786.0,10795.0,10807.0,10812.0,10823.0,10829.0,10836.0,10843.0,10855.0,10861.0,10874.0,10884.0,10889.0,10896.0,10904.0,10919.0,10925.0,10927.0,10936.0,10943.0,10949.0,10958.0,10965.0,10976.0,10987.0,10992.0,10999.0,11000.0,11008.0,11015.0,11026.0,11036.0,11049.0,11066.0,11080.0,11097.0,11121.0,11140.0,11166.0,11186.0,11204.0,11222.0,11253.0,11280.0,11300.0,11315.0,11340.0,11351.0,11361.0,11378.0,11400.0,11416.0,11434.0,11455.0,11472.0,11491.0,11508.0,11522.0,11547.0,11561.0,11572.0,11587.0,,11613.0,11633.0,11642.0,11657.0,11666.0,11681.0,11690.0,11704.0,11713.0,11723.0,11748.0,11759.0,11774.0,11783.0,11792.0,11807.0,11816.0,11838.0,11848.0,11854.0,11864.0,11875.0,11895.0,11915.0,11920.0,11932.0,11942.0,11953.0,11975.0,12013.0,12040.0,12065.0,12098.0,12125.0,12144.0,12158.0,12177.0,12197.0,12223.0,12258.0,12280.0,12297.0,12327.0,12340.0,12364.0,12397.0,12407.0,12418.0,12424.0,12430.0,12441.0,12453.0,12461.0,12472.0,12481.0,12491.0,12508.0,12524.0,12537.0,12559.0,12581.0,12590.0,12608.0,12633.0,12653.0,12680.0,12696.0,12710.0,12722.0,12736.0,12745.0,12755.0,12769.0,12784.0,12793.0,12808.0,12818.0,12833.0,12849.0,12862.0,12882.0,12895.0,12907.0,12931.0,12942.0,12954.0,12970.0,12988.0,13000.0,13026.0,13045.0,13063.0,13075.0,13097.0,13125.0,13141.0,13162.0,13190.0,13218.0,13229.0,13254.0,13267.0,13299.0,13321.0,13341.0,13361.0,13382.0,13407.0,13430.0,13452.0,13477.0,13496.0,13511.0,13519
3_-wYvhnfIE,49582.0,49649.0,49697.0,49741.0,49814.0,49885.0,49956.0,50038.0,50104.0,50195.0,50256.0,50336.0,50409.0,50488.0,50534.0,50618.0,50676.0,50743.0,50828.0,50909.0,50966.0,51034.0,51124.0,51189.0,51248.0,51303.0,51361.0,51415.0,51482.0,51544.0,51590.0,51635.0,51682.0,51730.0,51784.0,51834.0,51880.0,51944.0,51997.0,52053.0,52107.0,52159.0,52208.0,52268.0,52358.0,52409.0,52463.0,52507.0,52575.0,52631.0,52682.0,52748.0,52793.0,52859.0,52926.0,52987.0,53069.0,53146.0,53198.0,53241.0,53299.0,53351.0,53425.0,53494.0,53549.0,53602.0,53683.0,53745.0,53802.0,53884.0,53957.0,54017.0,54083.0,54161.0,54236.0,54284.0,54337.0,54390.0,54450.0,54517.0,54569.0,54624.0,54678.0,54742.0,54784.0,54847.0,54897.0,54984.0,55061.0,55136.0,55194.0,55260.0,55310.0,55358.0,55410.0,55459.0,55522.0,55583.0,55643.0,55703.0,55769.0,55836.0,55900.0,55963.0,56027.0,56106.0,56161.0,56207.0,56276.0,56356.0,56416.0,56493.0,56575.0,56643.0,56709.0,56773.0,56836.0,56909.0,56979.0,57051.0,57126.0,57208.0,57277.0,57348.0,57418.0,57531.0,57592.0,57667.0,57738.0,57799.0,57878.0,57955.0,58031.0,58102.0,,,,,,,,,58874.0,58936.0,59021.0,59100.0,59165.0,59238.0,59347.0,59421.0,59511.0,59596.0,59674.0,59755.0,59851.0,59932.0,59996.0,60058.0,60123.0,60232.0,60309.0,60398.0,60462.0,60536.0,60617.0,60673.0,60752.0,60841.0,60928.0,61018.0,61109.0,61211.0,61314.0,61419.0,61512.0,61591.0,61681.0,61784.0,61884.0,62013.0,62119.0,62211.0,62343.0,62454.0,62553.0,62665.0,62782.0,62865.0,62946.0,63046.0,63164.0,63250.0,63354.0,63448.0,63563.0,63684.0,63809.0,63909.0,64015.0,64107.0,64236.0,64361.0,64467.0,64577.0,64673.0,64794.0,64890.0,64963.0,65096.0,65220.0,65329.0,65447.0,65570.0,65688.0,65800.0,65915.0,66030.0,66131.0,66270.0,66377.0,66571.0,66724.0,66935.0,67118.0,67306.0,67574.0,67742.0,67969.0,68171.0,68337.0,68531.0,68729.0,68897.0,69095.0,69291.0,69508.0,69806.0,70162.0,70684.0,71512.0,72261.0,72866.0,73446.0,74300.0,75175.0,76097.0,76883.0,77675.0,78409.0,79119.0,79880.0,80475.0,81206.0,81808.0,82469.0,83109.0,83596.0,84134.0,84610.0,85247.0,85863.0,86418.0,87008.0,,88290.0,89016.0,89688.0,90347.0,90949.0,91518.0,92193.0,92918.0,93618.0,94339.0,95001.0,95574.0,96175.0,96811.0,97358.0,97923.0,98487.0,99146.0,99765.0,100294.0,100856.0,101380.0,102122.0,102645.0,103292.0,103866.0,104357.0,104926.0,105570.0,106258.0,106978.0,107515.0,108126.0,108662.0,109214.0,109754.0,110389.0,110917.0,111406.0,111942.0,112442.0,112997.0,113598.0,114112.0,114658.0,115154.0,115701.0,116065.0,116445.0,116944.0,117348.0,117701.0,118226.0,118643.0,119054.0,119512.0,119939.0,120481.0,120916.0,121342.0,121751.0,122219.0,122680.0,123093.0,123594.0,124022.0,124355.0,124677.0,125003.0,125337.0,125646.0,126030.0,126342.0,126663.0,126977.0,127286.0,127652.0,128022.0,128375.0,128757.0,129174.0,129557.0,129897.0,130351.0,130780.0,131293.0,131727.0,132151.0,132556.0,132965.0,133334.0,133725.0,134125.0,134517.0,134959.0,135382.0,135736.0,136082.0,136447.0,136738.0,137142.0,137540.0,137870.0,138205.0,138622.0,139056.0,139439.0,139983.0,140386.0,140734.0,141242.0,141712.0,142207.0,142606
HhEC-t6dT_Y,21453.0,21479.0,21500.0,21521.0,21546.0,21570.0,21599.0,21621.0,21651.0,21683.0,21714.0,21740.0,21775.0,21809.0,21836.0,21862.0,21894.0,21916.0,21949.0,21987.0,22014.0,22040.0,22084.0,22114.0,22130.0,22165.0,22193.0,22227.0,22251.0,22269.0,22292.0,22318.0,22346.0,22368.0,22404.0,22430.0,22456.0,22475.0,22506.0,22529.0,22555.0,22577.0,22598.0,22618.0,22631.0,22657.0,22693.0,22717.0,22733.0,22760.0,22784.0,22825.0,22851.0,22880.0,22934.0,22980.0,23022.0,23053.0,23075.0,23093.0,23122.0,23155.0,23217.0,23256.0,23291.0,23315.0,23337.0,23371.0,23400.0,23436.0,23464.0,23490.0,23517.0,23545.0,23572.0,23594.0,23604.0,23629.0,23651.0,23681.0,23702.0,23734.0,23784.0,23816.0,23843.0,23870.0,23906.0,23934.0,23963.0,23998.0,24025.0,24053.0,24085.0,24104.0,24120.0,24141.0,24171.0,24213.0,24250.0,24278.0,24303.0,24326.0,24335.0,24366.0,24398.0,24432.0,24450.0,24474.0,24503.0,24527.0,24552.0,24571.0,24594.0,24621.0,24643.0,24662.0,24690.0,24707.0,24741.0,24777.0,24803.0,24829.0,24849.0,24871.0,24892.0,24922.0,24959.0,24987.0,25015.0,25042.0,25092.0,25132.0,25159.0,25192.0,,,,,,,,,25515.0,25541.0,25581.0,25619.0,25652.0,25678.0,25710.0,25748.0,25770.0,25809.0,25844.0,25863.0,25898.0,25935.0,25961.0,25984.0,26028.0,26055.0,26084.0,26128.0,26166.0,26190.0,26221.0,26245.0,26281.0,26311.0,26344.0,26393.0,26416.0,26448.0,26482.0,26516.0,26557.0,26589.0,26634.0,26674.0,26720.0,26762.0,26805.0,26858.0,26901.0,26961.0,27002.0,27049.0,27080.0,27128.0,27174.0,27216.0,27269.0,27324.0,27371.0,27400.0,27433.0,27472.0,27526.0,27574.0,27625.0,27667.0,27718.0,27784.0,27850.0,27919.0,27972.0,28054.0,28102.0,28144.0,28201.0,28241.0,28293.0,28354.0,28401.0,28454.0,28504.0,28563.0,28628.0,28697.0,28793.0,28850.0,28914.0,28984.0,29083.0,29149.0,29225.0,29310.0,29379.0,29471.0,29556.0,29628.0,29713.0,29780.0,29859.0,29930.0,29995.0,30070.0,30154.0,30231.0,30291.0,30398.0,30499.0,30576.0,30663.0,30768.0,30901.0,31023.0,31158.0,31248.0,31342.0,31460.0,31594.0,31714.0,31846.0,31964.0,32078.0,32182.0,32286.0,32388.0,32498.0,32640.0,32775.0,32892.0,33012.0,,33270.0,33436.0,33559.0,33695.0,33854.0,33975.0,34119.0,34296.0,34415.0,34538.0,34664.0,34785.0,34904.0,35014.0,35108.0,35243.0,35337.0,35458.0,35564.0,35722.0,35863.0,36015.0,36133.0,36236.0,36383.0,36476.0,36580.0,36682.0,36816.0,36935.0,37036.0,37171.0,37259.0,37373.0,37488.0,37605.0,37736.0,37864.0,38003.0,38118.0,38214.0,38347.0,38452.0,38574.0,38691.0,38781.0,38883.0,38941.0,39004.0,39101.0,39190.0,39270.0,39337.0,39417.0,39501.0,39584.0,39680.0,39772.0,39869.0,39952.0,40042.0,40138.0,40251.0,40332.0,40454.0,40548.0,40621.0,40687.0,40737.0,40814.0,40868.0,40957.0,41037.0,41108.0,41171.0,41223.0,41285.0,41361.0,41442.0,41514.0,41578.0,41653.0,41738.0,41816.0,41906.0,42012.0,42129.0,42227.0,42319.0,42413.0,42503.0,42595.0,42679.0,42766.0,42932.0,43028.0,43085.0,43195.0,43336.0,43409.0,43511.0,43610.0,43723.0,43812.0,43921.0,44017.0,44139.0,44263.0,44363.0,44463.0,44526.0,44646.0,44757.0,44865
mSLTaGkDkUY,119504.0,119697.0,119946.0,120203.0,120468.0,120789.0,121057.0,121304.0,121528.0,121784.0,121982.0,122223.0,122470.0,122738.0,123035.0,123293.0,123543.0,123753.0,124063.0,124324.0,124668.0,124993.0,125341.0,125635.0,125915.0,126186.0,126421.0,126715.0,126990.0,127264.0,127604.0,127808.0,128130.0,128350.0,128593.0,128856.0,129113.0,129355.0,129552.0,129779.0,130056.0,130315.0,130623.0,130888.0,131139.0,131394.0,131649.0,131912.0,132172.0,132416.0,132670.0,132898.0,133088.0,133306.0,133542.0,133756.0,133964.0,134190.0,134431.0,134621.0,134853.0,135117.0,135367.0,135680.0,136025.0,136242.0,136497.0,136749.0,136928.0,137331.0,137683.0,137987.0,138247.0,138492.0,138793.0,139088.0,139351.0,139629.0,139887.0,140133.0,140360.0,140626.0,140873.0,141154.0,141477.0,141750.0,142069.0,142325.0,142671.0,142976.0,143299.0,143583.0,143909.0,144178.0,144456.0,144736.0,144967.0,145288.0,145553.0,145842.0,146075.0,146262.0,146509.0,146743.0,147024.0,147319.0,147581.0,147777.0,147986.0,148242.0,148517.0,148805.0,149092.0,149365.0,149653.0,149890.0,150185.0,150485.0,150763.0,151017.0,151284.0,151565.0,151863.0,152112.0,152437.0,152752.0,153012.0,153310.0,153622.0,153891.0,154239.0,154608.0,154878.0,155155.0,,,,,,,,,157918.0,158187.0,158522.0,158806.0,159116.0,159424.0,159724.0,160004.0,160257.0,160607.0,160872.0,161238.0,161546.0,161940.0,162366.0,162692.0,163053.0,163380.0,163700.0,164050.0,164487.0,164855.0,165200.0,165603.0,165972.0,166395.0,166745.0,167209.0,167684.0,168109.0,168549.0,169134.0,169683.0,170210.0,170727.0,171146.0,171574.0,172142.0,172771.0,173307.0,173861.0,174481.0,174918.0,175350.0,175911.0,176271.0,176831.0,177365.0,177915.0,178303.0,178709.0,179191.0,179694.0,180326.0,180891.0,181413.0,181943.0,182475.0,183055.0,183574.0,184161.0,184616.0,185132.0,185587.0,186053.0,186513.0,186989.0,187575.0,188046.0,188520.0,189033.0,189544.0,189982.0,190554.0,191120.0,191587.0,192283.0,192685.0,193063.0,193621.0,194291.0,194768.0,195191.0,195744.0,196167.0,196503.0,196808.0,197177.0,197553.0,197935.0,198307.0,198580.0,198908.0,199275.0,199716.0,200180.0,200669.0,201166.0,201658.0,202011.0,202451.0,203013.0,203548.0,204101.0,204683.0,205131.0,205558.0,206136.0,206664.0,207234.0,207717.0,208326.0,208834.0,209311.0,209726.0,210088.0,210423.0,210907.0,211366.0,211700.0,211944.0,,212653.0,213039.0,213455.0,213908.0,214225.0,214528.0,214822.0,215207.0,215579.0,215970.0,216407.0,216823.0,217121.0,217517.0,217930.0,218346.0,218728.0,219201.0,219569.0,219859.0,220270.0,220741.0,221171.0,221714.0,222117.0,222513.0,222754.0,223093.0,223484.0,223854.0,224259.0,224620.0,224934.0,225202.0,225486.0,225817.0,226141.0,226591.0,226998.0,227357.0,227702.0,228063.0,228506.0,228866.0,229185.0,229701.0,230372.0,231092.0,231983.0,232745.0,233546.0,234182.0,234862.0,235586.0,236224.0,236956.0,237829.0,238727.0,239743.0,240661.0,241564.0,242252.0,242944.0,243859.0,244753.0,245836.0,246760.0,247423.0,248058.0,248659.0,249252.0,249827.0,250384.0,250972.0,251479.0,252065.0,252682.0,253360.0,254102.0,254672.0,255226.0,255792.0,256232.0,256938.0,257563.0,258289.0,259004.0,259507.0,260057.0,260519.0,260985.0,261556.0,262154.0,262804.0,263362.0,263805.0,264147.0,264561.0,264926.0,265270.0,265728.0,266233.0,266765.0,267380.0,268077.0,268819.0,269558.0,270560.0,271452.0,272345.0,272875.0,273381.0,273888.0,274447
bS1OwDF5WAI,24214.0,24341.0,24488.0,24593.0,24764.0,24923.0,25066.0,25202.0,25356.0,25461.0,25619.0,25760.0,25908.0,26072.0,26219.0,26384.0,26536.0,26719.0,26881.0,27055.0,27216.0,27353.0,27488.0,27612.0,27734.0,27836.0,28001.0,28153.0,28274.0,28430.0,28602.0,28698.0,28826.0,28945.0,29069.0,29173.0,29293.0,29403.0,29513.0,29630.0,29716.0,29834.0,29916.0,30037.0,30139.0,30264.0,30401.0,30521.0,30641.0,30759.0,30945.0,31148.0,31306.0,31435.0,31608.0,31768.0,31930.0,32069.0,32208.0,32315.0,32410.0,32566.0,32724.0,32846.0,33022.0,33186.0,33332.0,33471.0,33567.0,33734.0,33852.0,34020.0,34153.0,34297.0,34420.0,34552.0,34651.0,34834.0,34948.0,35099.0,35254.0,35399.0,35552.0,35705.0,35847.0,36024.0,36133.0,36259.0,36366.0,36487.0,36590.0,36710.0,36827.0,36909.0,37025.0,37141.0,37274.0,37363.0,37466.0,37588.0,37696.0,37802.0,37908.0,38044.0,38145.0,38281.0,38427.0,38580.0,38675.0,38803.0,38904.0,39010.0,39158.0,39273.0,39354.0,39482.0,39575.0,39682.0,39844.0,39994.0,40177.0,40339.0,40543.0,40699.0,40884.0,41178.0,41434.0,41667.0,41935.0,42146.0,42354.0,42559.0,42749.0,42921.0,,,,,,,,,44533.0,44691.0,44823.0,45014.0,45160.0,45330.0,45535.0,45651.0,45808.0,45964.0,46108.0,46253.0,46404.0,46574.0,46689.0,46816.0,46928.0,47117.0,47266.0,47428.0,47590.0,47746.0,47941.0,48095.0,48262.0,48470.0,48646.0,48813.0,49033.0,49224.0,49407.0,49614.0,49758.0,49938.0,50185.0,50387.0,50564.0,50790.0,50993.0,51205.0,51438.0,51685.0,51861.0,52031.0,52235.0,52477.0,52744.0,52977.0,53262.0,53529.0,53777.0,54060.0,54312.0,54555.0,54827.0,55020.0,55318.0,55592.0,55838.0,56152.0,56482.0,56739.0,57063.0,57379.0,57639.0,57946.0,58330.0,58733.0,59183.0,59605.0,60136.0,60494.0,60960.0,61441.0,61806.0,62245.0,62615.0,63050.0,63433.0,63808.0,64214.0,64552.0,64927.0,65333.0,65624.0,65997.0,66372.0,66807.0,67221.0,67636.0,68165.0,68569.0,69052.0,69562.0,70083.0,70450.0,70891.0,71284.0,71703.0,72048.0,72422.0,72892.0,73243.0,73768.0,74184.0,74680.0,75088.0,75492.0,75990.0,76493.0,76876.0,77356.0,77921.0,78314.0,78795.0,79319.0,79713.0,80275.0,80718.0,81273.0,81711.0,,83033.0,83636.0,84159.0,84861.0,85435.0,86001.0,86422.0,86915.0,87380.0,87876.0,88325.0,88737.0,89142.0,89572.0,89976.0,90405.0,90813.0,91241.0,91733.0,92090.0,92531.0,92969.0,93471.0,93937.0,94415.0,94728.0,95106.0,95590.0,96051.0,96492.0,96992.0,97485.0,97873.0,98258.0,98648.0,99021.0,99504.0,99918.0,100338.0,100785.0,101159.0,101647.0,102161.0,102673.0,103167.0,103581.0,103931.0,104231.0,104548.0,104863.0,105253.0,105557.0,105957.0,106292.0,106652.0,106981.0,107342.0,107630.0,108013.0,108343.0,108731.0,109183.0,109592.0,109925.0,110252.0,110568.0,110892.0,111161.0,111384.0,111643.0,111965.0,112362.0,112698.0,113002.0,113370.0,113713.0,114052.0,114350.0,114661.0,114991.0,115351.0,115716.0,116088.0,116465.0,116839.0,117236.0,117643.0,118038.0,118377.0,118742.0,119132.0,119532.0,119941.0,120374.0,120816.0,121176.0,121508.0,121888.0,122298.0,122593.0,122929.0,123231.0,123618.0,123983.0,124423.0,124826.0,125233.0,125643.0,126032.0,126332.0,126707.0,127026.0,127406.0,127782
t_GA2DalK44,2085.0,2085.0,2085.0,2088.0,2089.0,2092.0,2092.0,2093.0,2094.0,2095.0,2101.0,2103.0,2104.0,2104.0,2105.0,2105.0,2106.0,2108.0,2109.0,2111.0,2113.0,2113.0,2113.0,2114.0,2116.0,2118.0,2118.0,2119.0,2120.0,2122.0,2122.0,2122.0,2122.0,2122.0,2124.0,2124.0,2125.0,2125.0,2125.0,2127.0,2128.0,2128.0,2128.0,2129.0,2130.0,2131.0,2131.0,2133.0,2135.0,2137.0,2137.0,2142.0,2143.0,2145.0,2146.0,2150.0,2150.0,2152.0,2153.0,2154.0,2155.0,2156.0,2156.0,2157.0,2162.0,2164.0,2166.0,2166.0,2170.0,2171.0,2174.0,2175.0,2177.0,2179.0,2179.0,2180.0,2184.0,2186.0,2191.0,2193.0,2192.0,2194.0,2196.0,2196.0,2196.0,2199.0,2200.0,2200.0,2200.0,2201.0,2202.0,2202.0,2202.0,2206.0,2206.0,2208.0,2209.0,2217.0,2222.0,2228.0,2231.0,2235.0,2238.0,2239.0,2240.0,2242.0,2246.0,2248.0,2249.0,2250.0,2252.0,2255.0,2257.0,2257.0,2260.0,2264.0,2268.0,2270.0,2271.0,2272.0,2275.0,2276.0,2279.0,2281.0,2283.0,2283.0,2284.0,2286.0,2290.0,2291.0,2291.0,2293.0,2293.0,2294.0,,,,,,,,,2310.0,2316.0,2317.0,2319.0,2321.0,2323.0,2323.0,2325.0,2325.0,2325.0,2325.0,2325.0,2334.0,2334.0,2338.0,2341.0,2346.0,2349.0,2349.0,2350.0,2351.0,2351.0,2352.0,2352.0,2354.0,2357.0,2360.0,2361.0,2361.0,2364.0,2366.0,2366.0,2366.0,2369.0,2372.0,2373.0,2373.0,2374.0,2375.0,2378.0,2380.0,2381.0,2382.0,2382.0,2383.0,2383.0,2385.0,2387.0,2390.0,2393.0,2393.0,2395.0,2395.0,2395.0,2399.0,2400.0,2403.0,2406.0,2409.0,2413.0,2414.0,2417.0,2419.0,2422.0,2423.0,2426.0,2429.0,2431.0,2434.0,2440.0,2443.0,2447.0,2449.0,2450.0,2457.0,2461.0,2467.0,2469.0,2470.0,2475.0,2477.0,2480.0,2481.0,2486.0,2490.0,2493.0,2493.0,2496.0,2501.0,2502.0,2504.0,2505.0,2509.0,2511.0,2514.0,2518.0,2519.0,2525.0,2532.0,2536.0,2537.0,2542.0,2547.0,2550.0,2553.0,2557.0,2563.0,2565.0,2572.0,2578.0,2580.0,2583.0,2588.0,2597.0,2603.0,2610.0,2614.0,2620.0,2624.0,2632.0,2635.0,,2642.0,2647.0,2653.0,2657.0,2660.0,2660.0,2665.0,2667.0,2674.0,2679.0,2683.0,2686.0,2687.0,2688.0,2688.0,2688.0,2691.0,2697.0,2699.0,2699.0,2700.0,2706.0,2708.0,2715.0,2717.0,2718.0,2721.0,2722.0,2725.0,2728.0,2729.0,2730.0,2730.0,2730.0,2730.0,2732.0,2733.0,2737.0,2742.0,2743.0,2744.0,2746.0,2748.0,2751.0,2762.0,2766.0,2768.0,2768.0,2769.0,2772.0,2774.0,2776.0,2776.0,2779.0,2781.0,2782.0,2784.0,2786.0,2786.0,2789.0,2793.0,2797.0,2798.0,2798.0,2805.0,2810.0,2812.0,2813.0,2817.0,2818.0,2820.0,2822.0,2822.0,2826.0,2826.0,2827.0,2830.0,2830.0,2830.0,2830.0,2835.0,2835.0,2835.0,2836.0,2837.0,2838.0,2840.0,2841.0,2843.0,2843.0,2844.0,2858.0,2871.0,2890.0,2901.0,2913.0,2924.0,2938.0,2946.0,2949.0,2956.0,2959.0,2960.0,2966.0,2971.0,2975.0,2978.0,2981.0,2981.0,2982.0,2982.0,2982.0,2987.0,2989
qtXgezgFGec,158711.0,158724.0,158737.0,158750.0,158766.0,158777.0,158788.0,158803.0,158807.0,158827.0,158844.0,158856.0,158866.0,158874.0,158885.0,158898.0,158926.0,158977.0,158982.0,159003.0,159016.0,159026.0,159044.0,159055.0,159077.0,159084.0,159098.0,159115.0,159133.0,159140.0,159151.0,159157.0,159166.0,159180.0,159193.0,159203.0,159225.0,159243.0,159257.0,159274.0,159291.0,159317.0,159347.0,159375.0,159400.0,159422.0,159447.0,159469.0,159502.0,159531.0,159546.0,159559.0,159575.0,159594.0,159610.0,159632.0,159658.0,159678.0,159692.0,159705.0,159717.0,159728.0,159740.0,159762.0,159775.0,159790.0,159817.0,159828.0,159854.0,159888.0,159908.0,159923.0,159945.0,159967.0,159984.0,159995.0,160006.0,160025.0,160038.0,160056.0,160074.0,160095.0,160122.0,160147.0,160165.0,160178.0,160197.0,160210.0,160231.0,160249.0,160270.0,160285.0,160302.0,160320.0,160342.0,160358.0,160373.0,160398.0,160411.0,160423.0,160441.0,160455.0,160469.0,160482.0,160509.0,160517.0,160534.0,160543.0,160562.0,160574.0,160584.0,160604.0,160614.0,160636.0,160646.0,160664.0,160681.0,160701.0,160714.0,160731.0,160741.0,160755.0,160771.0,160779.0,160795.0,160806.0,160824.0,160841.0,160866.0,160886.0,160897.0,160908.0,160931.0,160952.0,,,,,,,,,161127.0,161139.0,161151.0,161165.0,161175.0,161188.0,161209.0,161225.0,161246.0,161255.0,161266.0,161272.0,161287.0,161304.0,161316.0,161322.0,161326.0,161334.0,161351.0,161370.0,161380.0,161396.0,161409.0,161419.0,161433.0,161449.0,161463.0,161470.0,161487.0,161508.0,161522.0,161538.0,161556.0,161568.0,161583.0,161622.0,161656.0,161673.0,161692.0,161710.0,161731.0,161749.0,161763.0,161777.0,161790.0,161801.0,161819.0,161829.0,161836.0,161850.0,161860.0,161874.0,161893.0,161908.0,161927.0,161943.0,161962.0,161968.0,161988.0,162002.0,162015.0,162034.0,162045.0,162053.0,162060.0,162074.0,162087.0,162102.0,162119.0,162136.0,162143.0,162161.0,162177.0,162194.0,162210.0,162228.0,162245.0,162263.0,162285.0,162300.0,162316.0,162333.0,162345.0,162363.0,162372.0,162382.0,162389.0,162412.0,162437.0,162447.0,162464.0,162478.0,162490.0,162502.0,162514.0,162534.0,162553.0,162574.0,162592.0,162609.0,162619.0,162635.0,162653.0,162668.0,162691.0,162708.0,162724.0,162742.0,162760.0,162777.0,162794.0,162805.0,162827.0,162847.0,162857.0,162870.0,162890.0,162903.0,162922.0,162938.0,162957.0,,162996.0,163028.0,163048.0,163064.0,163088.0,163114.0,163150.0,163174.0,163200.0,163225.0,163244.0,163262.0,163275.0,163289.0,163311.0,163336.0,163345.0,163364.0,163385.0,163411.0,163433.0,163456.0,163478.0,163497.0,163511.0,163521.0,163536.0,163556.0,163583.0,163596.0,163618.0,163637.0,163652.0,163665.0,163695.0,163719.0,163736.0,163761.0,163795.0,163816.0,163843.0,163862.0,163899.0,163962.0,163994.0,164023.0,164053.0,164072.0,164095.0,164115.0,164139.0,164165.0,164202.0,164231.0,164247.0,164279.0,164338.0,164376.0,164425.0,164474.0,164513.0,164557.0,164614.0,164644.0,164693.0,164740.0,164768.0,164787.0,164806.0,164861.0,164881.0,164905.0,164932.0,164957.0,164984.0,165003.0,165015.0,165034.0,165051.0,165060.0,165083.0,165105.0,165124.0,165151.0,165175.0,165216.0,165253.0,165286.0,165313.0,165362.0,165388.0,165414.0,165452.0,165493.0,165560.0,165588.0,165616.0,165655.0,165698.0,165746.0,165798.0,165833.0,165865.0,165890.0,165929.0,165994.0,166033.0,166065.0,166095.0,166118.0,166151.0,166243.0,166295.0,166341
_4JXMd2NK-8,1812.0,1812.0,1812.0,1814.0,1814.0,1814.0,1814.0,1814.0,1814.0,1816.0,1816.0,1817.0,1817.0,1817.0,1817.0,1818.0,1819.0,1820.0,1821.0,1823.0,1824.0,1825.0,1825.0,1828.0,1828.0,1828.0,1829.0,1829.0,1829.0,1829.0,1829.0,1829.0,1830.0,1831.0,1831.0,1831.0,1832.0,1834.0,1834.0,1838.0,1841.0,1842.0,1842.0,1842.0,1842.0,1842.0,1842.0,1842.0,1842.0,1843.0,1843.0,1844.0,1844.0,1844.0,1844.0,1845.0,1845.0,1846.0,1847.0,1847.0,1847.0,1847.0,1848.0,1848.0,1850.0,1850.0,1850.0,1852.0,1852.0,1852.0,1852.0,1852.0,1852.0,1852.0,1852.0,1852.0,1852.0,1853.0,1853.0,1855.0,1855.0,1855.0,1855.0,1855.0,1855.0,1855.0,1855.0,1855.0,1856.0,1856.0,1856.0,1856.0,1856.0,1856.0,1856.0,1857.0,1858.0,1858.0,1861.0,1861.0,1861.0,1861.0,1861.0,1861.0,1862.0,1863.0,1863.0,1864.0,1865.0,1866.0,1866.0,1870.0,1870.0,1870.0,1870.0,1870.0,1870.0,1871.0,1873.0,1873.0,1874.0,1874.0,1874.0,1874.0,1875.0,1876.0,1876.0,1877.0,1880.0,1881.0,1881.0,1882.0,1884.0,1884.0,,,,,,,,,1888.0,1889.0,1890.0,1891.0,1891.0,1892.0,1893.0,1893.0,1894.0,1895.0,1895.0,1895.0,1895.0,1895.0,1896.0,1896.0,1897.0,1897.0,1897.0,1898.0,1898.0,1898.0,1899.0,1899.0,1899.0,1899.0,1899.0,1899.0,1899.0,1899.0,1899.0,1899.0,1899.0,1900.0,1900.0,1900.0,1900.0,1901.0,1901.0,1901.0,1902.0,1902.0,1902.0,1902.0,1903.0,1905.0,1907.0,1907.0,1908.0,1908.0,1908.0,1911.0,1911.0,1911.0,1911.0,1912.0,1912.0,1913.0,1913.0,1913.0,1913.0,1913.0,1913.0,1913.0,1913.0,1914.0,1914.0,1914.0,1914.0,1914.0,1914.0,1914.0,1914.0,1915.0,1915.0,1915.0,1916.0,1918.0,1918.0,1918.0,1918.0,1918.0,1918.0,1919.0,1919.0,1919.0,1919.0,1920.0,1920.0,1921.0,1921.0,1921.0,1923.0,1923.0,1923.0,1923.0,1924.0,1924.0,1924.0,1925.0,1925.0,1925.0,1925.0,1925.0,1925.0,1926.0,1928.0,1928.0,1928.0,1928.0,1928.0,1928.0,1928.0,1928.0,1928.0,1928.0,1928.0,1928.0,1929.0,1930.0,1930.0,,1930.0,1930.0,1930.0,1930.0,1931.0,1931.0,1931.0,1931.0,1931.0,1931.0,1931.0,1931.0,1931.0,1931.0,1931.0,1932.0,1932.0,1932.0,1933.0,1934.0,1934.0,1934.0,1934.0,1934.0,1934.0,1934.0,1934.0,1934.0,1934.0,1934.0,1934.0,1934.0,1934.0,1934.0,1934.0,1934.0,1934.0,1934.0,1934.0,1935.0,1935.0,1935.0,1935.0,1935.0,1935.0,1936.0,1938.0,1938.0,1939.0,1939.0,1940.0,1940.0,1941.0,1942.0,1946.0,1946.0,1946.0,1948.0,1949.0,1949.0,1950.0,1953.0,1955.0,1955.0,1955.0,1955.0,1955.0,1955.0,1956.0,1958.0,1959.0,1960.0,1961.0,1962.0,1962.0,1963.0,1963.0,1964.0,1964.0,1964.0,1964.0,1965.0,1966.0,1966.0,1966.0,1966.0,1967.0,1967.0,1967.0,1967.0,1967.0,1967.0,1967.0,1967.0,1967.0,1969.0,1969.0,1969.0,1969.0,1970.0,1970.0,1970.0,1970.0,1970.0,1970.0,1970.0,1971.0,1971.0,1971.0,1971.0,1972.0,1972.0,1972.0,1972
RMshYRtwaXE,16232.0,16232.0,16232.0,16233.0,16233.0,16233.0,16233.0,16234.0,16234.0,16234.0,16234.0,16234.0,16234.0,16234.0,16234.0,16234.0,16234.0,16235.0,16236.0,16237.0,16237.0,16237.0,16237.0,16237.0,16237.0,16237.0,16237.0,16237.0,16237.0,16237.0,16238.0,16238.0,16238.0,16238.0,16238.0,16238.0,16238.0,16238.0,16238.0,16238.0,16238.0,16238.0,16238.0,16238.0,16238.0,16238.0,16238.0,16238.0,16239.0,16239.0,16239.0,16239.0,16240.0,16240.0,16240.0,16241.0,16241.0,16241.0,16241.0,16241.0,16241.0,16241.0,16241.0,16241.0,16241.0,16241.0,16241.0,16241.0,16243.0,16243.0,16243.0,16244.0,16244.0,16244.0,16246.0,16246.0,16246.0,16246.0,16249.0,16250.0,16252.0,16253.0,16253.0,16253.0,16254.0,16255.0,16255.0,16255.0,16256.0,16256.0,16256.0,16256.0,16257.0,16259.0,16259.0,16260.0,16261.0,16263.0,16264.0,16264.0,16264.0,16266.0,16267.0,16268.0,16269.0,16270.0,16270.0,16270.0,16270.0,16271.0,16272.0,16272.0,16275.0,16278.0,16280.0,16283.0,16285.0,16287.0,16291.0,16292.0,16294.0,16296.0,16297.0,16298.0,16299.0,16299.0,16300.0,16302.0,16302.0,16303.0,16303.0,16303.0,16303.0,16304.0,,,,,,,,,16308.0,16308.0,16308.0,16308.0,16308.0,16308.0,16308.0,16308.0,16308.0,16308.0,16308.0,16308.0,16308.0,16308.0,16309.0,16309.0,16309.0,16309.0,16310.0,16310.0,16310.0,16310.0,16311.0,16311.0,16311.0,16311.0,16311.0,16312.0,16312.0,16312.0,16313.0,16313.0,16313.0,16313.0,16313.0,16313.0,16313.0,16313.0,16314.0,16314.0,16314.0,16314.0,16314.0,16314.0,16314.0,16314.0,16314.0,16314.0,16314.0,16314.0,16314.0,16314.0,16314.0,16315.0,16315.0,16315.0,16315.0,16315.0,16315.0,16316.0,16319.0,16319.0,16320.0,16320.0,16321.0,16321.0,16321.0,16321.0,16321.0,16321.0,16322.0,16322.0,16323.0,16323.0,16323.0,16323.0,16324.0,16324.0,16325.0,16325.0,16325.0,16325.0,16325.0,16327.0,16327.0,16327.0,16329.0,16329.0,16329.0,16329.0,16329.0,16329.0,16329.0,16329.0,16329.0,16329.0,16329.0,16330.0,16330.0,16330.0,16330.0,16330.0,16330.0,16331.0,16331.0,16331.0,16332.0,16332.0,16332.0,16332.0,16332.0,16332.0,16332.0,16332.0,16332.0,16332.0,16332.0,16332.0,16332.0,16332.0,16332.0,,16332.0,16332.0,16333.0,16333.0,16333.0,16333.0,16333.0,16333.0,16333.0,16333.0,16334.0,16335.0,16335.0,16335.0,16335.0,16335.0,16335.0,16335.0,16335.0,16335.0,16335.0,16335.0,16336.0,16336.0,16338.0,16338.0,16338.0,16338.0,16338.0,16338.0,16338.0,16338.0,16338.0,16338.0,16338.0,16339.0,16339.0,16339.0,16339.0,16339.0,16339.0,16339.0,16339.0,16339.0,16339.0,16339.0,16339.0,16339.0,16339.0,16339.0,16339.0,16339.0,16339.0,16339.0,16339.0,16340.0,16340.0,16340.0,16340.0,16340.0,16341.0,16341.0,16341.0,16341.0,16341.0,16341.0,16342.0,16343.0,16343.0,16344.0,16346.0,16346.0,16346.0,16347.0,16347.0,16347.0,16349.0,16349.0,16349.0,16349.0,16349.0,16349.0,16349.0,16349.0,16349.0,16349.0,16349.0,16349.0,16349.0,16349.0,16349.0,16349.0,16349.0,16349.0,16349.0,16350.0,16350.0,16351.0,16351.0,16351.0,16351.0,16351.0,16351.0,16351.0,16351.0,16351.0,16351.0,16351.0,16351.0,16352.0,16352.0,16353.0,16353.0,16353
BM0PLqqNg0g,575026.0,575262.0,575515.0,575754.0,575984.0,576212.0,576406.0,576665.0,576870.0,577138.0,577355.0,577583.0,577827.0,578027.0,578220.0,578506.0,578771.0,579010.0,579318.0,579443.0,579580.0,579681.0,579869.0,580038.0,580188.0,580382.0,580591.0,580747.0,580963.0,581147.0,581329.0,581549.0,581749.0,581940.0,582146.0,582347.0,582572.0,582798.0,582996.0,583204.0,583364.0,583573.0,583791.0,584038.0,584244.0,584489.0,584660.0,584838.0,585071.0,585284.0,585540.0,585751.0,585939.0,586145.0,586375.0,586606.0,586807.0,587025.0,587220.0,587420.0,587641.0,587878.0,588082.0,588254.0,588446.0,588661.0,588829.0,589028.0,589228.0,589467.0,589702.0,589887.0,590073.0,590275.0,590475.0,590717.0,590974.0,591184.0,591375.0,591570.0,591783.0,592032.0,592272.0,592501.0,592744.0,592934.0,593096.0,593314.0,593553.0,593784.0,594026.0,594232.0,594478.0,594683.0,594876.0,595059.0,595304.0,595525.0,595749.0,595976.0,596164.0,596441.0,596692.0,596985.0,597227.0,597480.0,597750.0,597995.0,598216.0,598461.0,598707.0,599009.0,599326.0,599627.0,599914.0,600115.0,600407.0,600710.0,600968.0,601234.0,601478.0,601748.0,601950.0,602170.0,602411.0,602649.0,602923.0,603189.0,603393.0,603597.0,603823.0,604035.0,604294.0,604531.0,,,,,,,,,606334.0,606500.0,606694.0,606919.0,607134.0,607285.0,607443.0,607598.0,607778.0,607944.0,608081.0,608261.0,608411.0,608547.0,608708.0,608838.0,608976.0,609161.0,609329.0,609514.0,609699.0,609842.0,610025.0,610248.0,610414.0,610594.0,610794.0,610946.0,611094.0,611255.0,611411.0,611598.0,611762.0,611946.0,612120.0,612300.0,612465.0,612638.0,612797.0,612946.0,613100.0,613295.0,613455.0,613613.0,613797.0,613986.0,614116.0,614300.0,614481.0,614643.0,614758.0,614876.0,615030.0,615171.0,615328.0,615508.0,615642.0,615798.0,615932.0,616111.0,616261.0,616414.0,616534.0,616703.0,616866.0,616997.0,617128.0,617287.0,617394.0,617493.0,617620.0,617735.0,617864.0,618010.0,618147.0,618301.0,618494.0,618642.0,618784.0,619030.0,619227.0,619378.0,619581.0,619819.0,620045.0,620221.0,620395.0,620586.0,620812.0,620943.0,621113.0,621258.0,621399.0,621546.0,621688.0,621844.0,622020.0,622213.0,622371.0,622508.0,622668.0,622849.0,623021.0,623199.0,623396.0,623528.0,623682.0,623822.0,624013.0,624146.0,624319.0,624472.0,624667.0,624813.0,624972.0,625116.0,625290.0,625445.0,625628.0,625818.0,626029.0,,626611.0,626820.0,627018.0,627231.0,627416.0,627592.0,627809.0,627996.0,628152.0,628319.0,628518.0,628712.0,628880.0,629112.0,629322.0,629553.0,629798.0,630046.0,630281.0,630517.0,630731.0,631006.0,631295.0,631551.0,631760.0,631950.0,632152.0,632318.0,632542.0,632761.0,632976.0,633215.0,633392.0,633591.0,633808.0,633998.0,634197.0,634410.0,634587.0,634773.0,634980.0,635200.0,635386.0,635621.0,635804.0,636020.0,636209.0,636409.0,636593.0,636754.0,636954.0,637122.0,637310.0,637486.0,637628.0,637847.0,638017.0,638210.0,638432.0,638613.0,638785.0,638947.0,639112.0,639349.0,639584.0,639795.0,640016.0,640263.0,640467.0,640660.0,640936.0,641253.0,641597.0,641858.0,642160.0,642375.0,642726.0,643047.0,643315.0,643646.0,643956.0,644223.0,644498.0,644785.0,645049.0,645281.0,645529.0,645747.0,645997.0,646222.0,646455.0,646691.0,646911.0,647143.0,647383.0,647576.0,647772.0,647984.0,648165.0,648374.0,648588.0,648772.0,648950.0,649131.0,649345.0,649543.0,649784.0,649982.0,650156.0,650329.0,650504.0,650708.0,650969.0,651184
SCnjInkb8Hc,,,,,,,,,,,,,,,,,,,,,,,,,,,,,,,,,,,,,,,,,,,,,,,,,,,,,,,,,,,,,,,,,,,,,,,,,,,,,,,,,,,,,,,,,,,,,,,,,,,,,,,,,,,,,,,,,,,,,,,,,,,,,,,,,,,,,,,,,,,,,,,,,,,,,,,,,,,,,,,,,,,,,,,,,,,,,,,,,,,,,,,,,,,,,,,,,,,,,,,,,,,,,,,,,,,,,,,,,,,,,,,,,,,,,,,,,,,,,,,,,,,,,,,,,,,,,,,,,,,,,,,,,,,,,,,,,,,,,,,,,,,,,,,,,,,,,,,,,,,,,,,,,,,,,,,,,,,,,,,,,,,,,,,,,,,,,,,,,,,,,,,,,,,,,,,,,,,,,,,,,,,,,,,,,,,,,,,,,,
WJTNqiO_Esk,425775.0,426214.0,426613.0,426980.0,427482.0,427935.0,428405.0,428827.0,429329.0,429724.0,430090.0,430431.0,430899.0,431354.0,431834.0,432273.0,432687.0,433219.0,433772.0,434349.0,434982.0,435576.0,436132.0,436640.0,437028.0,437573.0,438010.0,438492.0,438946.0,439470.0,439863.0,440262.0,440661.0,441098.0,441540.0,441965.0,442406.0,442799.0,443099.0,443583.0,443981.0,444407.0,444833.0,445233.0,445682.0,446045.0,446406.0,446861.0,447270.0,447684.0,448111.0,448520.0,448847.0,449228.0,449625.0,449977.0,450388.0,450744.0,451088.0,451388.0,451746.0,452152.0,452588.0,452946.0,453359.0,453668.0,453966.0,454351.0,454674.0,455148.0,455548.0,455925.0,456267.0,456577.0,456918.0,457313.0,457661.0,457994.0,458365.0,458754.0,459044.0,459371.0,459764.0,460125.0,460559.0,460916.0,461287.0,461599.0,461929.0,462300.0,462730.0,463122.0,463526.0,463873.0,464201.0,464527.0,464879.0,465283.0,465647.0,465998.0,466350.0,466652.0,466944.0,467315.0,467670.0,468109.0,468524.0,468913.0,469231.0,469622.0,470039.0,470477.0,470914.0,471321.0,471689.0,472034.0,472358.0,472768.0,473151.0,473571.0,473979.0,474380.0,474670.0,474994.0,475440.0,475889.0,476344.0,476809.0,477197.0,477544.0,477984.0,478332.0,478763.0,479233.0,,,,,,,,,482892.0,483234.0,483613.0,483983.0,484378.0,484740.0,485130.0,485506.0,485854.0,486197.0,486635.0,487036.0,487452.0,487887.0,488253.0,488563.0,488888.0,489312.0,489694.0,490046.0,490421.0,490627.0,490991.0,491302.0,491620.0,492008.0,492360.0,492672.0,492981.0,493254.0,493566.0,493903.0,494264.0,494621.0,494982.0,495292.0,495599.0,495986.0,496311.0,496746.0,497130.0,497503.0,497844.0,498142.0,498504.0,498931.0,499313.0,499644.0,499981.0,500297.0,500575.0,500926.0,501255.0,501628.0,502062.0,502464.0,502810.0,503073.0,503421.0,503740.0,503999.0,504243.0,504457.0,504731.0,504968.0,505268.0,505575.0,505894.0,506132.0,506384.0,506642.0,506919.0,507155.0,507495.0,507800.0,508178.0,508546.0,508885.0,509158.0,509423.0,509787.0,510064.0,510402.0,510693.0,510966.0,511238.0,511549.0,511854.0,512191.0,512527.0,512874.0,513168.0,513430.0,513716.0,514053.0,514423.0,514769.0,515103.0,515391.0,515701.0,516089.0,516473.0,516855.0,517237.0,517596.0,517918.0,518191.0,518463.0,518817.0,519118.0,519449.0,519776.0,520154.0,520408.0,520692.0,521046.0,521407.0,521738.0,522106.0,522494.0,522791.0,,523708.0,524191.0,524656.0,525116.0,525542.0,525890.0,526218.0,526741.0,527160.0,527711.0,528181.0,528585.0,528970.0,529310.0,529806.0,530251.0,530725.0,531189.0,531605.0,531930.0,532377.0,532819.0,533326.0,533850.0,534303.0,534719.0,535047.0,535402.0,535843.0,536212.0,536576.0,536984.0,537359.0,537698.0,538119.0,538543.0,538997.0,539422.0,539956.0,540649.0,541297.0,541900.0,542718.0,543500.0,544093.0,544736.0,545344.0,545818.0,546413.0,546984.0,547684.0,548313.0,548812.0,549387.0,549939.0,550517.0,551138.0,551753.0,552379.0,553036.0,553659.0,554222.0,554723.0,555387.0,556108.0,556855.0,557542.0,558235.0,558875.0,559534.0,560352.0,561416.0,562355.0,563036.0,563735.0,564309.0,564927.0,565698.0,566446.0,567103.0,567664.0,568209.0,568668.0,569140.0,569710.0,570329.0,570901.0,571428.0,571893.0,572294.0,572794.0,573341.0,573872.0,574577.0,575265.0,575943.0,576529.0,577242.0,577959.0,578679.0,579331.0,580157.0,580934.0,581567.0,582262.0,583217.0,584064.0,584852.0,585627.0,586430.0,587069.0,587807.0,588525.0,589245
Zy7AKPn-wes,2332312.0,2332357.0,2332397.0,2332436.0,2332480.0,2332520.0,2332564.0,2332594.0,2332643.0,2332685.0,2332741.0,2332771.0,2332812.0,2332852.0,2332882.0,2332926.0,2332954.0,2332977.0,2333008.0,2333036.0,2333067.0,2333096.0,2333130.0,2333161.0,2333195.0,2333234.0,2333274.0,2333318.0,2333358.0,2333394.0,2333428.0,2333473.0,2333531.0,2333565.0,2333590.0,2333628.0,2333662.0,2333691.0,2333730.0,2333783.0,2333833.0,2333874.0,2333906.0,2333955.0,2334000.0,2334048.0,2334076.0,2334107.0,2334134.0,2334172.0,2334216.0,2334253.0,2334287.0,2334317.0,2334346.0,2334378.0,2334414.0,2334444.0,2334485.0,2334517.0,2334559.0,2334582.0,2334614.0,2334645.0,2334698.0,2334758.0,2334779.0,2334817.0,2334843.0,2334880.0,2334921.0,2334974.0,2335005.0,2335045.0,2335108.0,2335152.0,2335209.0,2335241.0,2335294.0,2335324.0,2335356.0,2335396.0,2335429.0,2335475.0,2335522.0,2335553.0,2335577.0,2335608.0,2335648.0,2335683.0,2335726.0,2335768.0,2335800.0,2335834.0,2335876.0,2335914.0,2335941.0,2335976.0,2336009.0,2336047.0,2336077.0,2336109.0,2336140.0,2336180.0,2336220.0,2336250.0,2336288.0,2336326.0,2336352.0,2336377.0,2336414.0,2336444.0,2336463.0,2336491.0,2336525.0,2336569.0,2336614.0,2336648.0,2336682.0,2336715.0,2336758.0,2336799.0,2336844.0,2336879.0,2336923.0,2336969.0,2337003.0,2337045.0,2337072.0,2337101.0,2337137.0,2337171.0,2337215.0,2337232.0,,,,,,,,,2337537.0,2337574.0,2337607.0,2337643.0,2337687.0,2337730.0,2337772.0,2337794.0,2337831.0,2337855.0,2337889.0,2337917.0,2337951.0,2337979.0,2338017.0,2338057.0,2338086.0,2338114.0,2338149.0,2338171.0,2338191.0,2338221.0,2338258.0,2338287.0,2338315.0,2338351.0,2338380.0,2338408.0,2338432.0,2338463.0,2338494.0,2338514.0,2338541.0,2338571.0,2338593.0,2338615.0,2338640.0,2338669.0,2338696.0,2338715.0,2338739.0,2338771.0,2338807.0,2338830.0,2338856.0,2338883.0,2338919.0,2338943.0,2338971.0,2338986.0,2339010.0,2339023.0,2339043.0,2339068.0,2339100.0,2339133.0,2339160.0,2339186.0,2339210.0,2339233.0,2339253.0,2339275.0,2339297.0,2339330.0,2339360.0,2339381.0,2339414.0,2339439.0,2339459.0,2339479.0,2339510.0,2339532.0,2339561.0,2339585.0,2339612.0,2339636.0,2339653.0,2339673.0,2339702.0,2339724.0,2339742.0,2339773.0,2339801.0,2339817.0,2339833.0,2339859.0,2339889.0,2339915.0,2339937.0,2339958.0,2339986.0,2340012.0,2340030.0,2340048.0,2340071.0,2340098.0,2340130.0,2340153.0,2340181.0,2340197.0,2340230.0,2340243.0,2340270.0,2340299.0,2340324.0,2340353.0,2340369.0,2340393.0,2340423.0,2340451.0,2340480.0,2340508.0,2340539.0,2340559.0,2340595.0,2340616.0,2340646.0,2340678.0,2340719.0,2340741.0,2340774.0,,2340821.0,2340840.0,2340878.0,2340898.0,2340927.0,2340963.0,2340992.0,2341023.0,2341052.0,2341082.0,2341116.0,2341138.0,2341178.0,2341209.0,2341244.0,2341289.0,2341324.0,2341360.0,2341400.0,2341426.0,2341458.0,2341491.0,2341517.0,2341535.0,2341565.0,2341603.0,2341624.0,2341645.0,2341664.0,2341691.0,2341718.0,2341751.0,2341768.0,2341788.0,2341818.0,2341845.0,2341873.0,2341903.0,2341934.0,2341972.0,2342002.0,2342028.0,2342062.0,2342085.0,2342114.0,2342129.0,2342144.0,2342162.0,2342178.0,2342196.0,2342227.0,2342248.0,2342272.0,2342300.0,2342319.0,2342336.0,2342374.0,2342402.0,2342430.0,2342459.0,2342484.0,2342510.0,2342536.0,2342564.0,2342602.0,2342640.0,2342674.0,2342705.0,2342729.0,2342755.0,2342790.0,2342814.0,2342846.0,2342880.0,2342912.0,2342942.0,2342989.0,2343018.0,2343054.0,2343081.0,2343110.0,2343147.0,2343178.0,2343202.0,2343235.0,2343256.0,2343282.0,2343314.0,2343342.0,2343364.0,2343383.0,2343404.0,2343426.0,2343443.0,2343464.0,2343492.0,2343516.0,2343551.0,2343584.0,2343613.0,2343632.0,2343650.0,2343666.0,2343710.0,2343731.0,2343746.0,2343765.0,2343795.0,2343815.0,2343832.0,2343863.0,2343881.0,2343910.0,2343937
AX75FKQIflc,4020.0,4020.0,4020.0,4023.0,4023.0,4023.0,4023.0,4023.0,4023.0,4023.0,4023.0,4023.0,4024.0,4025.0,4025.0,4025.0,4026.0,4026.0,4027.0,4027.0,4027.0,4027.0,4027.0,4027.0,4027.0,4027.0,4027.0,4027.0,4027.0,4027.0,4027.0,4027.0,4028.0,4029.0,4029.0,4029.0,4029.0,4030.0,4030.0,4030.0,4030.0,4030.0,4031.0,4032.0,4032.0,4032.0,4032.0,4032.0,4032.0,4032.0,4032.0,4032.0,4032.0,4032.0,4032.0,4032.0,4032.0,4033.0,4034.0,4035.0,4035.0,4035.0,4035.0,4037.0,4038.0,4038.0,4038.0,4038.0,4042.0,4043.0,4043.0,4043.0,4043.0,4044.0,4044.0,4044.0,4044.0,4045.0,4046.0,4046.0,4046.0,4046.0,4046.0,4046.0,4046.0,4046.0,4046.0,4047.0,4051.0,4051.0,4054.0,4057.0,4057.0,4057.0,4057.0,4058.0,4060.0,4060.0,4060.0,4060.0,4061.0,4061.0,4061.0,4062.0,4062.0,4062.0,4062.0,4062.0,4062.0,4063.0,4063.0,4063.0,4063.0,4063.0,4063.0,4063.0,4064.0,4064.0,4064.0,4064.0,4064.0,4064.0,4064.0,4064.0,4064.0,4065.0,4065.0,4065.0,4066.0,4066.0,4066.0,4066.0,4066.0,4066.0,,,,,,,,,4069.0,4069.0,4069.0,4069.0,4069.0,4069.0,4070.0,4071.0,4071.0,4071.0,4071.0,4072.0,4072.0,4072.0,4072.0,4073.0,4072.0,4072.0,4072.0,4073.0,4075.0,4075.0,4075.0,4075.0,4075.0,4075.0,4075.0,4075.0,4075.0,4075.0,4075.0,4076.0,4076.0,4076.0,4076.0,4076.0,4077.0,4077.0,4077.0,4077.0,4077.0,4077.0,4078.0,4079.0,4079.0,4079.0,4080.0,4080.0,4081.0,4081.0,4083.0,4083.0,4084.0,4084.0,4084.0,4084.0,4084.0,4084.0,4084.0,4084.0,4084.0,4084.0,4085.0,4085.0,4085.0,4085.0,4085.0,4085.0,4085.0,4085.0,4085.0,4085.0,4085.0,4085.0,4085.0,4085.0,4086.0,4086.0,4086.0,4086.0,4087.0,4087.0,4087.0,4087.0,4088.0,4089.0,4089.0,4089.0,4089.0,4089.0,4089.0,4089.0,4089.0,4089.0,4089.0,4089.0,4089.0,4089.0,4089.0,4089.0,4089.0,4089.0,4089.0,4089.0,4089.0,4089.0,4089.0,4089.0,4089.0,4089.0,4089.0,4089.0,4089.0,4090.0,4091.0,4092.0,4092.0,4092.0,4092.0,4092.0,4092.0,,4092.0,4092.0,4092.0,4092.0,4092.0,4092.0,4092.0,4092.0,4092.0,4092.0,4092.0,4093.0,4093.0,4093.0,4093.0,4093.0,4094.0,4095.0,4095.0,4095.0,4095.0,4095.0,4095.0,4095.0,4095.0,4095.0,4095.0,4095.0,4095.0,4095.0,4095.0,4097.0,4097.0,4097.0,4097.0,4097.0,4097.0,4097.0,4098.0,4098.0,4099.0,4099.0,4099.0,4099.0,4099.0,4099.0,4099.0,4099.0,4099.0,4100.0,4100.0,4100.0,4100.0,4100.0,4100.0,4101.0,4102.0,4102.0,4102.0,4102.0,4102.0,4102.0,4102.0,4102.0,4102.0,4102.0,4102.0,4102.0,4102.0,4102.0,4102.0,4102.0,4102.0,4102.0,4102.0,4102.0,4105.0,4105.0,4105.0,4106.0,4106.0,4106.0,4106.0,4107.0,4107.0,4107.0,4107.0,4107.0,4108.0,4108.0,4108.0,4108.0,4108.0,4108.0,4108.0,4110.0,4111.0,4111.0,4111.0,4111.0,4111.0,4111.0,4111.0,4111.0,4111.0,4111.0,4111.0,4111.0,4111.0,4111.0,4115.0,4115.0,4115.0,4115
7mSkL0pKYbE,1836.0,1836.0,1836.0,1836.0,1836.0,1836.0,1836.0,1836.0,1836.0,1836.0,1836.0,1836.0,1836.0,1836.0,1836.0,1836.0,1836.0,1836.0,1836.0,1836.0,1836.0,1836.0,1836.0,1836.0,1836.0,1836.0,1836.0,1836.0,1836.0,1836.0,1836.0,1836.0,1837.0,1837.0,1837.0,1837.0,1837.0,1837.0,1837.0,1837.0,1837.0,1837.0,1837.0,1837.0,1837.0,1837.0,1837.0,1837.0,1837.0,1837.0,1837.0,1837.0,1837.0,1837.0,1837.0,1837.0,1837.0,1838.0,1838.0,1838.0,1838.0,1838.0,1838.0,1839.0,1839.0,1839.0,1839.0,1839.0,1839.0,1839.0,1839.0,1839.0,1840.0,1840.0,1840.0,1840.0,1840.0,1840.0,1840.0,1840.0,1840.0,1840.0,1840.0,1840.0,1840.0,1840.0,1840.0,1840.0,1841.0,1841.0,1841.0,1841.0,1841.0,1841.0,1841.0,1841.0,1841.0,1841.0,1841.0,1841.0,1841.0,1841.0,1841.0,1841.0,1841.0,1841.0,1841.0,1841.0,1841.0,1841.0,1841.0,1841.0,1841.0,1841.0,1841.0,1841.0,1841.0,1841.0,1841.0,1841.0,1841.0,1841.0,1841.0,1842.0,1842.0,1842.0,1842.0,1842.0,1842.0,1842.0,1842.0,1842.0,1842.0,1842.0,,,,,,,,,1843.0,1843.0,1843.0,1843.0,1843.0,1843.0,1843.0,1843.0,1843.0,1844.0,1844.0,1844.0,1846.0,1846.0,1846.0,1846.0,1846.0,1846.0,1847.0,1847.0,1848.0,1848.0,1848.0,1848.0,1848.0,1848.0,1848.0,1848.0,1848.0,1850.0,1850.0,1850.0,1850.0,1850.0,1850.0,1850.0,1851.0,1851.0,1851.0,1851.0,1852.0,1853.0,1853.0,1853.0,1853.0,1854.0,1854.0,1854.0,1854.0,1854.0,1854.0,1854.0,1854.0,1855.0,1855.0,1855.0,1855.0,1855.0,1855.0,1855.0,1855.0,1855.0,1855.0,1855.0,1855.0,1855.0,1855.0,1855.0,1855.0,1855.0,1857.0,1857.0,1857.0,1857.0,1857.0,1857.0,1857.0,1858.0,1858.0,1858.0,1858.0,1858.0,1858.0,1858.0,1858.0,1858.0,1858.0,1858.0,1858.0,1858.0,1858.0,1858.0,1858.0,1858.0,1858.0,1858.0,1859.0,1859.0,1859.0,1859.0,1859.0,1859.0,1859.0,1859.0,1859.0,1859.0,1859.0,1859.0,1859.0,1859.0,1860.0,1860.0,1860.0,1860.0,1860.0,1860.0,1860.0,1860.0,1860.0,1860.0,1860.0,,1860.0,1860.0,1860.0,1860.0,1860.0,1860.0,1860.0,1860.0,1860.0,1860.0,1860.0,1860.0,1860.0,1860.0,1860.0,1860.0,1860.0,1860.0,1860.0,1860.0,1860.0,1860.0,1860.0,1860.0,1860.0,1860.0,1860.0,1860.0,1860.0,1860.0,1860.0,1860.0,1860.0,,,,,,,,,,,,,,,,,,,,,,,,,,,,,,,,,,,,,,,,,,,,,,,,,,,,,,,,,,,,,,,,,,,,,,,,,,,,,,,,,
zBcTLRPkUxg,59714.0,59730.0,59737.0,59751.0,59766.0,59781.0,59800.0,59813.0,59834.0,59843.0,59849.0,59865.0,59879.0,59893.0,59914.0,59931.0,59941.0,59953.0,59963.0,59972.0,59991.0,59994.0,60013.0,60035.0,60055.0,60074.0,60101.0,60122.0,60143.0,60165.0,60182.0,60193.0,60210.0,60239.0,60264.0,60299.0,60317.0,60333.0,60347.0,60355.0,60376.0,60392.0,60407.0,60426.0,60440.0,60456.0,60494.0,60518.0,60542.0,60571.0,60595.0,60603.0,60615.0,60632.0,60659.0,60678.0,60691.0,60703.0,60718.0,60731.0,60743.0,60754.0,60777.0,60790.0,60801.0,60815.0,60827.0,60848.0,60858.0,60883.0,60893.0,60907.0,60912.0,60921.0,60940.0,60949.0,60969.0,60984.0,60996.0,61008.0,61016.0,61030.0,61047.0,61055.0,61069.0,61086.0,61101.0,61116.0,61132.0,61147.0,61162.0,61178.0,61195.0,61209.0,61222.0,61241.0,61260.0,61277.0,61294.0,61313.0,61321.0,61333.0,61347.0,61364.0,61377.0,61406.0,61423.0,61443.0,61455.0,61464.0,61476.0,61494.0,61513.0,61530.0,61543.0,61563.0,61584.0,61613.0,61630.0,61641.0,61663.0,61678.0,61699.0,61713.0,61735.0,61751.0,61763.0,61778.0,61799.0,61812.0,61824.0,61847.0,61856.0,61899.0,,,,,,,,,62079.0,62090.0,62112.0,62122.0,62136.0,62161.0,62170.0,62180.0,62197.0,62219.0,62241.0,62259.0,62276.0,62297.0,62318.0,62345.0,62369.0,62382.0,62396.0,62441.0,62472.0,62488.0,62512.0,62538.0,62570.0,62603.0,62648.0,62692.0,62714.0,62749.0,62783.0,62803.0,62829.0,62850.0,62866.0,62879.0,62896.0,62902.0,62919.0,62933.0,62961.0,62981.0,63007.0,63026.0,63045.0,63061.0,63080.0,63101.0,63119.0,63126.0,63157.0,63173.0,63185.0,63203.0,63219.0,63229.0,63247.0,63257.0,63271.0,63284.0,63296.0,63302.0,63314.0,63323.0,63333.0,63343.0,63347.0,63357.0,63363.0,63367.0,63375.0,63387.0,63397.0,63403.0,63417.0,63422.0,63434.0,63439.0,63450.0,63456.0,63463.0,63472.0,63482.0,63498.0,63510.0,63522.0,63534.0,63545.0,63558.0,63572.0,63582.0,63596.0,63604.0,63612.0,63616.0,63626.0,63634.0,63640.0,63649.0,63657.0,63669.0,63680.0,63696.0,63707.0,63719.0,63729.0,63735.0,63746.0,63755.0,63766.0,63771.0,63780.0,63792.0,63796.0,63807.0,63819.0,63828.0,63837.0,63854.0,63870.0,63876.0,,63896.0,63905.0,63915.0,63924.0,63930.0,63930.0,63941.0,63955.0,63972.0,63990.0,64004.0,64011.0,64022.0,64027.0,64037.0,64052.0,64059.0,64070.0,64077.0,64082.0,64091.0,64108.0,64119.0,64130.0,64143.0,64157.0,64165.0,64178.0,64188.0,64205.0,64217.0,64226.0,64233.0,64243.0,64261.0,64271.0,64287.0,64294.0,64305.0,64310.0,64319.0,64331.0,64341.0,64352.0,64376.0,64390.0,64400.0,64409.0,64419.0,64428.0,64443.0,64456.0,64473.0,64484.0,64499.0,64514.0,64530.0,64543.0,64552.0,64570.0,64588.0,64595.0,64612.0,64623.0,64650.0,64652.0,64663.0,64669.0,64674.0,64686.0,64713.0,64723.0,64740.0,64737.0,64747.0,64753.0,64763.0,64772.0,64786.0,64800.0,64813.0,64827.0,64837.0,64854.0,64868.0,64890.0,64902.0,64910.0,64920.0,64929.0,64933.0,64943.0,64953.0,64965.0,64972.0,64983.0,64997.0,65005.0,65019.0,65029.0,65041.0,65051.0,65062.0,65069.0,65077.0,65088.0,65099.0,65107.0,65115.0,65121.0,65127.0,65139.0,65144.0,65155
hwJ1TN65efk,34391.0,34407.0,34424.0,34434.0,34453.0,34476.0,34491.0,34505.0,34522.0,34530.0,34538.0,34558.0,34573.0,34586.0,34611.0,34622.0,34642.0,34661.0,34672.0,34687.0,34705.0,34714.0,34737.0,34756.0,34771.0,34799.0,34820.0,34845.0,34870.0,34895.0,34918.0,34937.0,34968.0,34993.0,35021.0,35048.0,35067.0,35084.0,35100.0,35113.0,35126.0,35142.0,35163.0,35183.0,35199.0,35217.0,35234.0,35255.0,35272.0,35299.0,35322.0,35338.0,35348.0,35364.0,35390.0,35417.0,35437.0,35453.0,35470.0,35488.0,35500.0,35519.0,35542.0,35563.0,35584.0,35594.0,35618.0,35641.0,35652.0,35671.0,35687.0,35702.0,35714.0,35729.0,35744.0,35757.0,35765.0,35777.0,35790.0,35802.0,35810.0,35820.0,35832.0,35842.0,35853.0,35867.0,35882.0,35898.0,35915.0,35928.0,35935.0,35943.0,35956.0,35966.0,35974.0,36020.0,36040.0,36048.0,36071.0,36089.0,36103.0,36116.0,36127.0,36143.0,36168.0,36183.0,36202.0,36214.0,36227.0,36239.0,36254.0,36270.0,36288.0,36308.0,36323.0,36338.0,36347.0,36368.0,36380.0,36395.0,36411.0,36421.0,36429.0,36439.0,36454.0,36464.0,36480.0,36491.0,36506.0,36517.0,36531.0,36549.0,36562.0,36588.0,,,,,,,,,36749.0,36761.0,36780.0,36805.0,36823.0,36841.0,36853.0,36871.0,36882.0,36895.0,36911.0,36921.0,36939.0,36959.0,36978.0,37004.0,37020.0,37046.0,37065.0,37103.0,37135.0,37161.0,37188.0,37214.0,37239.0,37272.0,37310.0,37363.0,37387.0,37412.0,37448.0,37468.0,37488.0,37505.0,37523.0,37541.0,37559.0,37570.0,37585.0,37603.0,37621.0,37645.0,37670.0,37687.0,37702.0,37717.0,37729.0,37749.0,37759.0,37770.0,37791.0,37804.0,37816.0,37833.0,37854.0,37864.0,37883.0,37896.0,37907.0,37921.0,37932.0,37937.0,37947.0,37959.0,37971.0,37983.0,37994.0,38000.0,38008.0,38016.0,38025.0,38034.0,38036.0,38058.0,38066.0,38071.0,38086.0,38091.0,38098.0,38104.0,38118.0,38127.0,38146.0,38156.0,38166.0,38172.0,38183.0,38189.0,38195.0,38206.0,38209.0,38221.0,38226.0,38237.0,38245.0,38252.0,38258.0,38267.0,38273.0,38278.0,38287.0,38297.0,38304.0,38316.0,38328.0,38338.0,38346.0,38355.0,38362.0,38369.0,38377.0,38381.0,38390.0,38393.0,38397.0,38409.0,38423.0,38432.0,38446.0,38453.0,38456.0,,38471.0,38482.0,38490.0,38496.0,38500.0,38507.0,38517.0,38528.0,38547.0,38554.0,38563.0,38568.0,38572.0,38583.0,38589.0,38598.0,38607.0,38617.0,38624.0,38636.0,38639.0,38641.0,38646.0,38653.0,38661.0,38667.0,38672.0,38682.0,38697.0,38702.0,38709.0,38710.0,38713.0,38723.0,38732.0,38737.0,38747.0,38752.0,38759.0,38763.0,38772.0,38776.0,38784.0,38800.0,38807.0,38814.0,38820.0,38826.0,38829.0,38836.0,38843.0,38858.0,38865.0,38876.0,38885.0,38895.0,38903.0,38909.0,38916.0,38924.0,38935.0,38940.0,38952.0,38956.0,38964.0,38978.0,38985.0,38991.0,38994.0,39000.0,39006.0,39015.0,39023.0,39031.0,39040.0,39054.0,39068.0,39081.0,39089.0,39092.0,39106.0,39114.0,39118.0,39124.0,39134.0,39145.0,39152.0,39163.0,39173.0,39179.0,39187.0,39200.0,39206.0,39218.0,39227.0,39236.0,39243.0,39256.0,39268.0,39272.0,39284.0,39291.0,39299.0,39309.0,39317.0,39332.0,39344.0,39353.0,39364.0,39368.0,39375.0,39386.0,39393.0,39401
gCTBlEzDSio,191042.0,191099.0,191137.0,191185.0,191243.0,191292.0,191347.0,191395.0,191482.0,191539.0,191610.0,191656.0,191711.0,191750.0,191803.0,191853.0,191913.0,191963.0,192014.0,192066.0,192122.0,192179.0,192230.0,192289.0,192338.0,192387.0,192460.0,192521.0,192578.0,192630.0,192675.0,192738.0,192780.0,192832.0,192888.0,192953.0,193009.0,193091.0,193148.0,193206.0,193258.0,193313.0,193365.0,193421.0,193499.0,193556.0,193606.0,193654.0,193691.0,193743.0,193797.0,193842.0,193898.0,193930.0,193987.0,194037.0,194076.0,194122.0,194191.0,194254.0,194316.0,194369.0,194418.0,194465.0,194515.0,194564.0,194608.0,194645.0,194671.0,194734.0,194787.0,194851.0,194905.0,194964.0,195016.0,195063.0,195132.0,195175.0,195229.0,195285.0,195350.0,195407.0,195462.0,195515.0,195576.0,195618.0,195681.0,195729.0,195769.0,195815.0,195862.0,195944.0,196001.0,196064.0,196113.0,196148.0,196189.0,196241.0,196289.0,196333.0,196376.0,196429.0,196470.0,196507.0,196546.0,196591.0,196652.0,196692.0,196748.0,196795.0,196853.0,196905.0,196956.0,197004.0,197069.0,197125.0,197157.0,197202.0,197249.0,197300.0,197357.0,197407.0,197457.0,197501.0,197541.0,197581.0,197631.0,197691.0,197724.0,197783.0,197833.0,197883.0,197952.0,198009.0,,,,,,,,,198504.0,198555.0,198594.0,198653.0,198727.0,198790.0,198862.0,198927.0,199036.0,199173.0,199297.0,199402.0,199520.0,199702.0,199886.0,200029.0,200153.0,200298.0,200453.0,200523.0,200591.0,200650.0,200712.0,200786.0,200847.0,200917.0,200987.0,201047.0,201096.0,201150.0,201203.0,201251.0,201303.0,201358.0,201432.0,201502.0,201552.0,201606.0,201682.0,201752.0,201810.0,201866.0,201927.0,201987.0,202061.0,202121.0,202186.0,202237.0,202300.0,202354.0,202437.0,202494.0,202531.0,202598.0,202663.0,202709.0,202764.0,202818.0,202866.0,202917.0,202954.0,203005.0,203053.0,203099.0,203144.0,203189.0,203231.0,203272.0,203323.0,203368.0,203412.0,203456.0,203515.0,203556.0,203595.0,203642.0,203685.0,203751.0,203818.0,203871.0,203918.0,203959.0,204002.0,204059.0,204123.0,204178.0,204214.0,204265.0,204304.0,204350.0,204387.0,204435.0,204475.0,204521.0,204574.0,204627.0,204686.0,204741.0,204812.0,204876.0,204915.0,204960.0,205003.0,205055.0,205097.0,205144.0,205174.0,205211.0,205257.0,205294.0,205337.0,205384.0,205434.0,205460.0,205488.0,205521.0,205562.0,205618.0,205653.0,205692.0,205722.0,,205804.0,205844.0,205896.0,205932.0,205973.0,206007.0,206042.0,206090.0,206131.0,206183.0,206236.0,206267.0,206313.0,206353.0,206419.0,206465.0,206527.0,206580.0,206632.0,206692.0,206757.0,206809.0,206862.0,206910.0,206949.0,207003.0,207069.0,207116.0,207186.0,207238.0,207295.0,207350.0,207414.0,207470.0,207520.0,207571.0,207634.0,207692.0,207744.0,207784.0,207814.0,207898.0,207942.0,207998.0,208047.0,208103.0,208158.0,208208.0,208270.0,208318.0,208355.0,208405.0,208458.0,208523.0,208561.0,208631.0,208672.0,208723.0,208773.0,208810.0,208848.0,208892.0,208942.0,208987.0,209033.0,209084.0,209128.0,209199.0,209243.0,209298.0,209352.0,209413.0,209478.0,209549.0,209596.0,209646.0,209701.0,209748.0,209799.0,209842.0,209896.0,209944.0,209980.0,210024.0,210064.0,210108.0,210145.0,210189.0,210242.0,210287.0,210343.0,210385.0,210429.0,210468.0,210514.0,210548.0,210599.0,210631.0,210675.0,210710.0,210751.0,210799.0,210842.0,210895.0,210946.0,211020.0,211086.0,211172.0,211237.0,211296.0,211378.0,211449.0,211526.0,211598
sh2ufhM30TY,12286.0,12333.0,12379.0,12417.0,12451.0,12477.0,12505.0,12529.0,12553.0,12579.0,12596.0,12620.0,12648.0,12669.0,12688.0,12724.0,12748.0,12761.0,12774.0,12787.0,12795.0,12808.0,12818.0,12823.0,12841.0,12857.0,12877.0,12891.0,12905.0,12916.0,12920.0,12924.0,12930.0,12937.0,12942.0,12949.0,12950.0,12955.0,12961.0,12964.0,12967.0,12974.0,12981.0,12991.0,12993.0,12995.0,12999.0,13002.0,13012.0,13019.0,13020.0,13029.0,13035.0,13042.0,13048.0,13057.0,13075.0,13081.0,13089.0,13095.0,13110.0,13124.0,13133.0,13138.0,13147.0,13155.0,13160.0,13178.0,13190.0,13203.0,13205.0,13217.0,13225.0,13233.0,13249.0,13254.0,13263.0,13271.0,13282.0,13286.0,13297.0,13302.0,13310.0,13318.0,13331.0,13337.0,13351.0,13361.0,13374.0,13387.0,13410.0,13429.0,13457.0,13475.0,13485.0,13504.0,13523.0,13535.0,13554.0,13571.0,13576.0,13592.0,13606.0,13614.0,13625.0,13634.0,13724.0,13751.0,13771.0,13787.0,13797.0,13808.0,13823.0,13831.0,13838.0,13847.0,13856.0,13875.0,13884.0,13902.0,13918.0,13930.0,13940.0,13953.0,13973.0,13988.0,14000.0,14015.0,14029.0,14044.0,14066.0,14079.0,14096.0,14111.0,,,,,,,,,14310.0,14330.0,14352.0,14368.0,14396.0,14412.0,14422.0,14432.0,14449.0,14471.0,14487.0,14505.0,14523.0,14539.0,14550.0,14564.0,14585.0,14603.0,14620.0,14628.0,14635.0,14644.0,14652.0,14664.0,14675.0,14689.0,14696.0,14706.0,14716.0,14721.0,14733.0,14756.0,14767.0,14785.0,14792.0,14813.0,14821.0,14833.0,14848.0,14864.0,14875.0,14889.0,14898.0,14909.0,14925.0,14943.0,14961.0,14971.0,14985.0,15007.0,15018.0,15034.0,15047.0,15060.0,15080.0,15100.0,15121.0,15146.0,15164.0,15195.0,15205.0,15221.0,15253.0,15277.0,15299.0,15322.0,15363.0,15382.0,15407.0,15432.0,15461.0,15483.0,15509.0,15544.0,15571.0,15587.0,15610.0,15642.0,15665.0,15683.0,15717.0,15728.0,15738.0,15753.0,15759.0,15765.0,15770.0,15776.0,15784.0,15789.0,15793.0,15796.0,15799.0,15805.0,15809.0,15815.0,15824.0,15835.0,15845.0,15849.0,15854.0,15857.0,15860.0,15868.0,15868.0,15871.0,15874.0,15875.0,15876.0,15879.0,15881.0,15883.0,15885.0,15887.0,15888.0,15899.0,15903.0,15907.0,15915.0,15920.0,15926.0,,15931.0,15933.0,15937.0,15940.0,15946.0,15947.0,15950.0,15950.0,15958.0,15959.0,15960.0,15962.0,15963.0,15963.0,15964.0,15969.0,15969.0,15974.0,15980.0,15980.0,15986.0,15990.0,15992.0,15996.0,16004.0,16013.0,16027.0,16035.0,16046.0,16049.0,16063.0,16071.0,16091.0,16107.0,16117.0,16124.0,16146.0,16152.0,16170.0,16185.0,16195.0,16211.0,16226.0,16239.0,16250.0,16264.0,16276.0,16293.0,16308.0,16317.0,16322.0,16344.0,16359.0,16370.0,16381.0,16391.0,16395.0,16408.0,16417.0,16433.0,16444.0,16453.0,16459.0,16465.0,16470.0,16472.0,16480.0,16487.0,16497.0,16512.0,16515.0,16521.0,16532.0,16541.0,16552.0,16562.0,16577.0,16589.0,16596.0,16615.0,16625.0,16633.0,16647.0,16653.0,16662.0,16674.0,16683.0,16692.0,16706.0,16718.0,16735.0,16747.0,16755.0,16776.0,16782.0,16790.0,16797.0,16809.0,16822.0,16831.0,16839.0,16842.0,16856.0,16879.0,16904.0,16924.0,16944.0,16963.0,16969.0,16981.0,16997.0,17002.0,17012.0,17023
0O6iSOjLfDc,19131.0,19132.0,19133.0,19134.0,19137.0,19141.0,19141.0,19142.0,19145.0,19147.0,19150.0,19150.0,19153.0,19156.0,19157.0,19158.0,19159.0,19162.0,19164.0,19168.0,19168.0,19172.0,19177.0,19180.0,19185.0,19187.0,19189.0,19192.0,19192.0,19193.0,19194.0,19196.0,19197.0,19200.0,19203.0,19205.0,19205.0,19207.0,19210.0,19212.0,19215.0,19219.0,19222.0,19224.0,19228.0,19235.0,19237.0,19242.0,19245.0,19248.0,19251.0,19256.0,19262.0,19265.0,19271.0,19271.0,19281.0,19286.0,19288.0,19294.0,19297.0,19298.0,19303.0,19311.0,19318.0,19322.0,19323.0,19325.0,19327.0,19328.0,19332.0,19334.0,19337.0,19338.0,19343.0,19345.0,19347.0,19351.0,19353.0,19354.0,19358.0,19363.0,19365.0,19369.0,19371.0,19374.0,19378.0,19379.0,19380.0,19381.0,19386.0,19386.0,19389.0,19390.0,19392.0,19393.0,19393.0,19395.0,19396.0,19398.0,19400.0,19403.0,19406.0,19407.0,19409.0,19410.0,19410.0,19413.0,19415.0,19416.0,19418.0,19420.0,19421.0,19421.0,19425.0,19427.0,19427.0,19427.0,19428.0,19433.0,19434.0,19435.0,19437.0,19440.0,19441.0,19441.0,19444.0,19447.0,19449.0,19452.0,19453.0,19456.0,19456.0,19457.0,,,,,,,,,19482.0,19488.0,19490.0,19491.0,19495.0,19500.0,19501.0,19502.0,19504.0,19511.0,19512.0,19516.0,19521.0,19521.0,19526.0,19531.0,19535.0,19537.0,19546.0,19551.0,19554.0,19554.0,19556.0,19559.0,19560.0,19560.0,19560.0,19563.0,19564.0,19565.0,19566.0,19572.0,19577.0,19577.0,19579.0,19582.0,19585.0,19588.0,19588.0,19589.0,19591.0,19592.0,19595.0,19594.0,19597.0,19598.0,19598.0,19599.0,19600.0,19602.0,19602.0,19604.0,19606.0,19607.0,19608.0,19609.0,19608.0,19610.0,19611.0,19614.0,19614.0,19615.0,19617.0,19617.0,19617.0,19617.0,19617.0,19618.0,19618.0,19621.0,19624.0,19627.0,19627.0,19628.0,19629.0,19630.0,19633.0,19636.0,19638.0,19639.0,19639.0,19640.0,19640.0,19642.0,19642.0,19646.0,19647.0,19649.0,19651.0,19651.0,19652.0,19655.0,19671.0,19671.0,19674.0,19675.0,19676.0,19682.0,19685.0,19687.0,19689.0,19690.0,19694.0,19695.0,19697.0,19697.0,19697.0,19698.0,19698.0,19699.0,19700.0,19700.0,19701.0,19705.0,19705.0,19707.0,19707.0,19707.0,19709.0,19709.0,19710.0,,19711.0,19712.0,19713.0,19716.0,19722.0,19726.0,19730.0,19735.0,19743.0,19747.0,19749.0,19753.0,19754.0,19754.0,19756.0,19757.0,19757.0,19757.0,19759.0,19762.0,19763.0,19764.0,19766.0,19769.0,19769.0,19769.0,19771.0,19772.0,19774.0,19774.0,19775.0,19777.0,19778.0,19779.0,19779.0,19781.0,19784.0,19784.0,19786.0,19787.0,19791.0,19791.0,19792.0,19796.0,19798.0,19800.0,19800.0,19800.0,19801.0,19802.0,19808.0,19817.0,19819.0,19819.0,19819.0,19822.0,19825.0,19831.0,19835.0,19838.0,19839.0,19841.0,19843.0,19844.0,19846.0,19848.0,19851.0,19852.0,19853.0,19853.0,19854.0,19856.0,19858.0,19861.0,19863.0,19865.0,19867.0,19867.0,19869.0,19870.0,19872.0,19874.0,19875.0,19878.0,19878.0,19881.0,19884.0,19884.0,19886.0,19886.0,19887.0,19888.0,19888.0,19888.0,19892.0,19893.0,19893.0,19894.0,19894.0,19895.0,19900.0,19900.0,19900.0,19901.0,19902.0,19905.0,19906.0,19909.0,19910.0,19912.0,19914.0,19915.0,19918.0,19919
vEvlnXYZr0Q,322045.0,322190.0,322302.0,322408.0,322598.0,322780.0,322913.0,323076.0,323604.0,325120.0,326661.0,327680.0,328555.0,329522.0,330451.0,331055.0,331595.0,332071.0,332600.0,332995.0,333287.0,333740.0,334234.0,334680.0,335033.0,335245.0,335459.0,335642.0,335859.0,336047.0,336201.0,336387.0,336545.0,336711.0,336846.0,336983.0,337170.0,337492.0,337732.0,338032.0,338265.0,338598.0,338813.0,339118.0,339413.0,339627.0,339801.0,340044.0,340235.0,340437.0,340586.0,340848.0,341023.0,341190.0,341357.0,341558.0,341724.0,341887.0,342113.0,342318.0,342509.0,342658.0,342811.0,342957.0,343116.0,343284.0,343435.0,343566.0,343676.0,343860.0,343993.0,344132.0,344301.0,344445.0,344556.0,344705.0,344841.0,344975.0,345111.0,345243.0,345390.0,345492.0,345623.0,345739.0,345881.0,346043.0,346176.0,346302.0,346428.0,346535.0,346659.0,346803.0,346944.0,347128.0,347257.0,347372.0,347455.0,347584.0,347723.0,347851.0,348000.0,348182.0,348338.0,348493.0,348641.0,348763.0,348874.0,349056.0,349174.0,349304.0,349449.0,349630.0,349800.0,350011.0,350155.0,350319.0,350448.0,350604.0,351016.0,351333.0,351637.0,351957.0,352232.0,352441.0,352704.0,352991.0,353271.0,353483.0,353741.0,354172.0,354413.0,354663.0,354959.0,355377.0,,,,,,,,,358009.0,358374.0,358622.0,358860.0,359137.0,359363.0,359525.0,359791.0,360057.0,360271.0,360497.0,360867.0,361221.0,361531.0,361885.0,362132.0,362313.0,362487.0,362734.0,363080.0,363350.0,363624.0,363874.0,364081.0,364271.0,364505.0,364767.0,364976.0,365234.0,365440.0,365679.0,365912.0,366289.0,366512.0,366756.0,366968.0,367165.0,367312.0,367515.0,367706.0,367876.0,368053.0,368238.0,368377.0,368536.0,368677.0,368890.0,369040.0,369264.0,369497.0,369697.0,369842.0,369977.0,370117.0,370267.0,370385.0,370521.0,370612.0,370733.0,370839.0,370979.0,371102.0,371213.0,371332.0,371413.0,371520.0,371647.0,371797.0,371948.0,372068.0,372215.0,372379.0,372504.0,372618.0,372728.0,372809.0,372894.0,372983.0,373072.0,373171.0,373247.0,373339.0,373450.0,373567.0,373628.0,373701.0,373775.0,373859.0,373953.0,374034.0,374134.0,374223.0,374315.0,374399.0,374498.0,374609.0,374724.0,374833.0,374936.0,375034.0,375105.0,375213.0,375323.0,375442.0,375581.0,375725.0,375804.0,375910.0,376002.0,376104.0,376187.0,376288.0,376437.0,376528.0,376635.0,376736.0,376857.0,376947.0,377049.0,377134.0,377222.0,,377369.0,377437.0,377510.0,377574.0,377675.0,377730.0,377802.0,377875.0,377951.0,378063.0,378129.0,378206.0,378285.0,378344.0,378406.0,378508.0,378591.0,378685.0,378799.0,378890.0,379020.0,379125.0,379240.0,379364.0,379497.0,379608.0,379698.0,379791.0,379885.0,379991.0,380113.0,380230.0,380338.0,380444.0,380549.0,380662.0,380774.0,380896.0,381000.0,381125.0,381197.0,381308.0,381440.0,381548.0,381683.0,381793.0,381949.0,382035.0,382155.0,382270.0,382376.0,382456.0,382546.0,382672.0,382776.0,382902.0,383006.0,383108.0,383211.0,383296.0,383397.0,383495.0,383595.0,383692.0,383788.0,383875.0,384018.0,384133.0,384246.0,384350.0,384436.0,384510.0,384604.0,384689.0,384768.0,384838.0,384941.0,385026.0,385104.0,385175.0,385268.0,385369.0,385497.0,385595.0,385684.0,385786.0,385863.0,385953.0,386028.0,386105.0,386200.0,386278.0,386357.0,386439.0,386541.0,386654.0,386751.0,386836.0,386940.0,387034.0,387119.0,387193.0,387309.0,387408.0,387499.0,387597.0,387703.0,387815.0,387918.0,388002.0,388108.0,388197.0,388292.0,388425
aDWxC_gcwi4,648917.0,649051.0,649172.0,649310.0,649427.0,649543.0,649664.0,649767.0,649905.0,650065.0,650220.0,650374.0,650497.0,650668.0,650802.0,650968.0,651131.0,651291.0,651423.0,651578.0,651765.0,651928.0,652085.0,652231.0,652400.0,652557.0,652697.0,652864.0,653028.0,653184.0,653319.0,653444.0,653588.0,653729.0,653870.0,654013.0,654141.0,654299.0,654435.0,654600.0,654753.0,654932.0,655093.0,655265.0,655432.0,655579.0,655715.0,655864.0,655984.0,656107.0,656230.0,656376.0,656485.0,656574.0,656664.0,656790.0,656921.0,657041.0,657161.0,657316.0,657430.0,657528.0,657654.0,657775.0,657895.0,658002.0,658116.0,658220.0,658310.0,658452.0,658527.0,658645.0,658790.0,658914.0,659005.0,659105.0,659242.0,659388.0,659525.0,659639.0,659766.0,659855.0,659949.0,660095.0,660217.0,660380.0,660515.0,660601.0,660715.0,660825.0,660974.0,661109.0,661253.0,661401.0,661501.0,661611.0,661754.0,661897.0,661986.0,662252.0,662565.0,662808.0,663006.0,663177.0,663357.0,663520.0,663658.0,663828.0,663979.0,664119.0,664286.0,664455.0,664618.0,664761.0,664931.0,665096.0,665210.0,665345.0,665519.0,665659.0,665824.0,665962.0,666084.0,666201.0,666363.0,666566.0,666697.0,666892.0,666993.0,667143.0,667235.0,667341.0,667498.0,667644.0,,,,,,,,,668954.0,669105.0,669245.0,669348.0,669459.0,669560.0,669691.0,669796.0,669933.0,670047.0,670117.0,670241.0,670358.0,670443.0,670560.0,670677.0,670778.0,670888.0,670993.0,671158.0,671294.0,671430.0,671531.0,671617.0,671729.0,671834.0,671964.0,672079.0,672230.0,672369.0,672472.0,672595.0,672679.0,672804.0,672908.0,673002.0,673102.0,673213.0,673332.0,673453.0,673583.0,673737.0,673839.0,673950.0,674041.0,674169.0,674284.0,674390.0,674489.0,674599.0,674699.0,674792.0,674916.0,675023.0,675148.0,675259.0,675350.0,675461.0,675552.0,675620.0,675744.0,675824.0,675894.0,676031.0,676121.0,676192.0,676287.0,676409.0,676557.0,676693.0,676842.0,676956.0,677124.0,677231.0,677308.0,677442.0,677540.0,677624.0,677725.0,677820.0,677928.0,678050.0,678149.0,678270.0,678390.0,678510.0,678598.0,678733.0,678865.0,678973.0,679118.0,679235.0,679338.0,679464.0,679577.0,679712.0,679838.0,679963.0,680070.0,680184.0,680281.0,680376.0,680520.0,680647.0,680760.0,680874.0,681025.0,681183.0,681310.0,681410.0,681538.0,681672.0,681806.0,681908.0,682049.0,682181.0,682286.0,682393.0,682484.0,682618.0,682756.0,,682969.0,683066.0,683155.0,683279.0,683398.0,683502.0,683622.0,683745.0,683827.0,683946.0,684068.0,684173.0,684264.0,684402.0,684516.0,684638.0,684753.0,684893.0,685019.0,685169.0,685272.0,685404.0,685503.0,685608.0,685747.0,685899.0,686000.0,686097.0,686177.0,686265.0,686366.0,686474.0,686609.0,686730.0,686832.0,686969.0,687075.0,687186.0,687307.0,687432.0,687564.0,687665.0,687765.0,687885.0,688020.0,688108.0,688228.0,688331.0,688409.0,688506.0,688598.0,688679.0,688764.0,688855.0,688935.0,689005.0,689117.0,689201.0,689301.0,689398.0,689483.0,689564.0,689631.0,689698.0,689793.0,689879.0,689977.0,690076.0,690166.0,690237.0,690327.0,690415.0,690489.0,690578.0,690674.0,690775.0,690863.0,690953.0,691038.0,691134.0,691210.0,691299.0,691398.0,691483.0,691570.0,691655.0,691741.0,691841.0,691929.0,692015.0,692105.0,692218.0,692300.0,692390.0,692479.0,692585.0,692667.0,692755.0,692828.0,692901.0,692995.0,693109.0,693200.0,693292.0,693369.0,693439.0,693537.0,693623.0,693689.0,693776.0,693860.0,693935.0,694023.0,694134
1lr0HThC-ko,500806.0,502850.0,504446.0,505996.0,507142.0,508096.0,508957.0,509769.0,510515.0,511475.0,512286.0,513021.0,513816.0,514459.0,514930.0,515327.0,515771.0,516131.0,516614.0,517077.0,517580.0,518213.0,518831.0,519399.0,520151.0,520726.0,521409.0,522079.0,522634.0,523200.0,523801.0,524334.0,524749.0,525263.0,525718.0,526123.0,526678.0,527127.0,527510.0,528033.0,528469.0,529088.0,529505.0,529876.0,530349.0,530723.0,531123.0,531476.0,531859.0,532219.0,532628.0,533004.0,533382.0,533717.0,534099.0,534413.0,534777.0,535171.0,535548.0,536083.0,536446.0,536816.0,537242.0,537752.0,538051.0,538351.0,538653.0,538951.0,539196.0,539688.0,540075.0,540485.0,540903.0,541378.0,541880.0,542364.0,543008.0,543656.0,544269.0,544889.0,545514.0,546149.0,546813.0,547421.0,548209.0,549133.0,550088.0,550938.0,551506.0,552007.0,552580.0,553018.0,553675.0,554198.0,554641.0,554908.0,555228.0,555528.0,555817.0,556190.0,556507.0,556855.0,557104.0,557372.0,557767.0,558161.0,558503.0,558851.0,559218.0,559562.0,559862.0,560167.0,560529.0,560916.0,561216.0,561535.0,561823.0,562095.0,562384.0,562758.0,563132.0,563399.0,563696.0,563981.0,564318.0,564587.0,564932.0,565222.0,565489.0,565829.0,566093.0,566431.0,566849.0,567367.0,,,,,,,,,573005.0,573527.0,573877.0,574229.0,574709.0,575173.0,575695.0,576149.0,576678.0,576969.0,577379.0,577906.0,578613.0,579287.0,579911.0,580240.0,580732.0,581196.0,581795.0,582345.0,582961.0,583489.0,583838.0,584151.0,584469.0,584833.0,585165.0,585674.0,586108.0,586454.0,586907.0,587264.0,587792.0,588217.0,588579.0,588937.0,589254.0,589603.0,589997.0,590313.0,590685.0,591011.0,591310.0,591628.0,591868.0,592313.0,592774.0,593223.0,593593.0,594148.0,594529.0,594832.0,595168.0,595472.0,595793.0,595985.0,596272.0,596523.0,596747.0,597081.0,597373.0,597618.0,597849.0,598145.0,598381.0,598632.0,598890.0,599160.0,599429.0,599731.0,600109.0,600481.0,600697.0,600935.0,601173.0,601474.0,601746.0,602043.0,602266.0,602605.0,602881.0,603133.0,603449.0,603605.0,603856.0,604006.0,604307.0,604589.0,604811.0,605163.0,605402.0,605662.0,605918.0,606156.0,606443.0,606738.0,607037.0,607326.0,607595.0,607801.0,608003.0,608287.0,608540.0,608807.0,609042.0,609235.0,609473.0,609727.0,609912.0,610136.0,610344.0,610560.0,610785.0,611051.0,611284.0,611489.0,611754.0,612073.0,612348.0,612726.0,613018.0,,613672.0,614031.0,614300.0,614606.0,614998.0,615264.0,615605.0,615839.0,616112.0,616393.0,616782.0,617074.0,617367.0,617595.0,617830.0,618090.0,618366.0,618745.0,619076.0,619428.0,619690.0,619993.0,620327.0,620670.0,621018.0,621392.0,621646.0,621965.0,622270.0,622537.0,622743.0,623059.0,623283.0,623566.0,623768.0,624011.0,624280.0,624569.0,624879.0,625237.0,625530.0,625732.0,626064.0,626335.0,626666.0,626899.0,627242.0,627521.0,627795.0,628107.0,628392.0,628749.0,629040.0,629282.0,629557.0,629822.0,630000.0,630232.0,630469.0,630773.0,631043.0,631338.0,631575.0,631791.0,632032.0,632255.0,632496.0,632809.0,633074.0,633341.0,633606.0,633856.0,634133.0,634390.0,634662.0,634885.0,635189.0,635396.0,635689.0,636012.0,636353.0,636666.0,636974.0,637259.0,637512.0,637793.0,638042.0,638316.0,638634.0,638946.0,639285.0,639577.0,639913.0,640190.0,640465.0,640744.0,641039.0,641325.0,641615.0,641932.0,642179.0,642433.0,642662.0,642965.0,643214.0,643712.0,644109.0,644421.0,644714.0,645111.0,645389.0,645670.0,646014.0,646316
6chn9x06DNw,25820.0,25833.0,25855.0,25880.0,25897.0,25921.0,25937.0,25955.0,25965.0,25973.0,25988.0,26002.0,26012.0,26033.0,26046.0,26059.0,26070.0,26076.0,26087.0,26094.0,26108.0,26121.0,26131.0,26145.0,26154.0,26170.0,26186.0,26194.0,26202.0,26212.0,26221.0,26234.0,26239.0,26249.0,26266.0,26274.0,26288.0,26297.0,26311.0,26317.0,26333.0,26345.0,26354.0,26366.0,26379.0,26382.0,26392.0,26417.0,26424.0,26430.0,26440.0,26446.0,26458.0,26472.0,26485.0,26499.0,26503.0,26509.0,26515.0,26526.0,26530.0,26538.0,26550.0,26567.0,26582.0,26600.0,26607.0,26618.0,26628.0,26645.0,26663.0,26667.0,26677.0,26688.0,26697.0,26707.0,26713.0,26725.0,26732.0,26741.0,26747.0,26754.0,26760.0,26765.0,26769.0,26778.0,26794.0,26803.0,26815.0,26819.0,26823.0,26827.0,26839.0,26847.0,26858.0,26871.0,26885.0,26895.0,26902.0,26907.0,26909.0,26918.0,26924.0,26932.0,26942.0,26952.0,26966.0,26977.0,26989.0,26990.0,26996.0,26998.0,27006.0,27012.0,27017.0,27021.0,27026.0,27033.0,27039.0,27045.0,27049.0,27058.0,27065.0,27072.0,27077.0,27091.0,27103.0,27110.0,27116.0,27148.0,27176.0,27201.0,27236.0,27250.0,,,,,,,,,27365.0,27371.0,27377.0,27379.0,27379.0,27379.0,27379.0,27379.0,27379.0,27379.0,27379.0,27379.0,27379.0,27379.0,27379.0,27379.0,27379.0,27379.0,27379.0,27379.0,27379.0,27379.0,27379.0,27379.0,27379.0,27379.0,27379.0,27379.0,27379.0,27379.0,27379.0,27379.0,27379.0,27379.0,27379.0,27379.0,27379.0,27379.0,27379.0,27379.0,27379.0,27379.0,27379.0,27379.0,27379.0,27379.0,27379.0,27379.0,27379.0,27379.0,27379.0,27379.0,27379.0,27379.0,27379.0,27379.0,27379.0,27379.0,27379.0,27379.0,27379.0,27379.0,27379.0,27379.0,27379.0,27379.0,27379.0,27379.0,27379.0,27379.0,27379.0,27379.0,27379.0,27379.0,27379.0,27379.0,27379.0,27379.0,27379.0,27379.0,27379.0,27379.0,27379.0,27379.0,27379.0,27379.0,27379.0,27379.0,27379.0,27379.0,27379.0,27379.0,27379.0,27379.0,27379.0,27379.0,27379.0,27379.0,27379.0,27379.0,27379.0,27379.0,27379.0,27379.0,27379.0,27379.0,27379.0,27379.0,27379.0,27379.0,27379.0,27379.0,27379.0,27379.0,27379.0,27379.0,27379.0,27379.0,27379.0,27379.0,27379.0,,27379.0,27379.0,27379.0,27379.0,27379.0,27379.0,27379.0,27379.0,27379.0,27379.0,27379.0,27379.0,27379.0,27379.0,27379.0,27379.0,27379.0,27379.0,27379.0,27379.0,27379.0,27379.0,27379.0,27379.0,27379.0,27379.0,27379.0,27379.0,27379.0,27379.0,27379.0,27379.0,27379.0,27379.0,27379.0,27379.0,27379.0,27379.0,27379.0,27379.0,27379.0,27379.0,27379.0,27379.0,27379.0,27379.0,27379.0,27379.0,27379.0,27379.0,27379.0,27379.0,27379.0,27379.0,27379.0,27379.0,27379.0,27379.0,27379.0,27379.0,27379.0,27379.0,27379.0,27379.0,27379.0,27379.0,27379.0,27379.0,27379.0,27379.0,27379.0,27379.0,27379.0,27379.0,27379.0,27379.0,27379.0,27379.0,27379.0,27379.0,27379.0,27379.0,27379.0,27379.0,27379.0,27379.0,27379.0,27379.0,27379.0,27379.0,27379.0,27379.0,27379.0,27379.0,27379.0,27379.0,27379.0,27379.0,27379.0,27379.0,27379.0,27379.0,27379.0,27379.0,27379.0,27379.0,27379.0,27379.0,27379.0,27379.0,27379.0,27379.0,27379.0,27379
N476Q3aD18Y,11340.0,11342.0,11343.0,11347.0,11347.0,11349.0,11350.0,11353.0,11357.0,11359.0,11361.0,11366.0,11368.0,11372.0,11375.0,11378.0,11380.0,11382.0,11385.0,11386.0,11388.0,11389.0,11391.0,11391.0,11392.0,11392.0,11394.0,11397.0,11398.0,11405.0,11406.0,11410.0,11414.0,11416.0,11421.0,11425.0,11428.0,11434.0,11436.0,11439.0,11441.0,11442.0,11442.0,11442.0,11445.0,11445.0,11447.0,11453.0,11454.0,11457.0,11461.0,11462.0,11477.0,11481.0,11484.0,11496.0,11502.0,11506.0,11512.0,11520.0,11525.0,11529.0,11539.0,11542.0,11544.0,11547.0,11549.0,11549.0,11550.0,11555.0,11563.0,11566.0,11568.0,11571.0,11573.0,11575.0,11580.0,11583.0,11594.0,11597.0,11604.0,11607.0,11609.0,11611.0,11613.0,11615.0,11623.0,11628.0,11631.0,11633.0,11640.0,11643.0,11647.0,11651.0,11654.0,11658.0,11660.0,11660.0,11667.0,11669.0,11671.0,11671.0,11674.0,11676.0,11678.0,11679.0,11681.0,11684.0,11688.0,11690.0,11690.0,11697.0,11703.0,11709.0,11712.0,11713.0,11717.0,11722.0,11727.0,11730.0,11739.0,11744.0,11747.0,11749.0,11753.0,11754.0,11756.0,11758.0,11760.0,11760.0,11760.0,11762.0,11770.0,11776.0,,,,,,,,,11801.0,11804.0,11805.0,11811.0,11815.0,11818.0,11825.0,11835.0,11837.0,11840.0,11843.0,11846.0,11852.0,11852.0,11853.0,11854.0,11858.0,11860.0,11861.0,11864.0,11867.0,11868.0,11869.0,11871.0,11872.0,11874.0,11875.0,11879.0,11879.0,11879.0,11879.0,11880.0,11882.0,11885.0,11886.0,11887.0,11887.0,11891.0,11895.0,11897.0,11899.0,11901.0,11903.0,11905.0,11909.0,11910.0,11911.0,11912.0,11912.0,11912.0,11915.0,11915.0,11915.0,11917.0,11919.0,11921.0,11921.0,11922.0,11925.0,11933.0,11933.0,11934.0,11941.0,11946.0,11948.0,11948.0,11954.0,11954.0,11957.0,11958.0,11960.0,11960.0,11960.0,11965.0,11967.0,11968.0,11970.0,11970.0,11971.0,11973.0,11976.0,11979.0,11982.0,11981.0,11982.0,11985.0,11989.0,11996.0,12000.0,12001.0,12003.0,12006.0,12010.0,12014.0,12016.0,12024.0,12026.0,12027.0,12028.0,12029.0,12031.0,12031.0,12033.0,12033.0,12038.0,12040.0,12041.0,12043.0,12046.0,12049.0,12049.0,12050.0,12050.0,12050.0,12051.0,12056.0,12067.0,12077.0,12086.0,12090.0,12093.0,,12098.0,12103.0,12106.0,12107.0,12109.0,12112.0,12113.0,12115.0,12121.0,12123.0,12125.0,12129.0,12129.0,12130.0,12134.0,12136.0,12136.0,12138.0,12140.0,12142.0,12144.0,12145.0,12148.0,12149.0,12150.0,12152.0,12153.0,12155.0,12159.0,12160.0,12161.0,12165.0,12166.0,12167.0,12170.0,12173.0,12176.0,12177.0,12181.0,12182.0,12182.0,12182.0,12182.0,12183.0,12185.0,12186.0,12190.0,12194.0,12199.0,12199.0,12201.0,12202.0,12202.0,12204.0,12206.0,12206.0,12208.0,12211.0,12213.0,12215.0,12216.0,12218.0,12240.0,12242.0,12242.0,12244.0,12248.0,12248.0,12251.0,12251.0,12254.0,12255.0,12255.0,12256.0,12259.0,12265.0,12267.0,12269.0,12269.0,12269.0,12271.0,12273.0,12275.0,12277.0,12278.0,12281.0,12282.0,12285.0,12288.0,12289.0,12289.0,12289.0,12289.0,12290.0,12292.0,12294.0,12296.0,12295.0,12296.0,12299.0,12300.0,12301.0,12301.0,12301.0,12304.0,12304.0,12304.0,12306.0,12307.0,12308.0,12310.0,12311.0,12313.0,12314
qKYR3w_AjSU,5562.0,5564.0,5570.0,5571.0,5573.0,5575.0,5580.0,5581.0,5581.0,5583.0,5585.0,5586.0,5587.0,5591.0,5593.0,5594.0,5595.0,5597.0,5598.0,5600.0,5600.0,5605.0,5609.0,5610.0,5614.0,5616.0,5619.0,5620.0,5622.0,5625.0,5625.0,5625.0,5626.0,5627.0,5628.0,5629.0,5632.0,5637.0,5640.0,5642.0,5644.0,5647.0,5649.0,5653.0,5656.0,5659.0,5660.0,5664.0,5665.0,5668.0,5673.0,5674.0,5676.0,5679.0,5681.0,5681.0,5684.0,5684.0,5686.0,5693.0,5694.0,5695.0,5696.0,5696.0,5699.0,5703.0,5708.0,5708.0,5709.0,5713.0,5721.0,5724.0,5725.0,5728.0,5728.0,5731.0,5731.0,5732.0,5736.0,5738.0,5741.0,5744.0,5748.0,5749.0,5750.0,5751.0,5751.0,5758.0,5760.0,5763.0,5763.0,5763.0,5764.0,5766.0,5767.0,5767.0,5768.0,5771.0,5772.0,5775.0,5777.0,5777.0,5777.0,5777.0,5780.0,5782.0,5782.0,5783.0,5783.0,5784.0,5785.0,5786.0,5790.0,5792.0,5794.0,5795.0,5795.0,5795.0,5802.0,5806.0,5813.0,5817.0,5818.0,5819.0,5821.0,5822.0,5825.0,5829.0,5830.0,5832.0,5833.0,5834.0,5837.0,5839.0,,,,,,,,,5850.0,5850.0,5850.0,5852.0,5852.0,5853.0,5855.0,5862.0,5863.0,5863.0,5863.0,5864.0,5867.0,5870.0,5871.0,5871.0,5871.0,5871.0,5872.0,5873.0,5876.0,5876.0,5878.0,5880.0,5880.0,5885.0,5887.0,5887.0,5887.0,5891.0,5892.0,5892.0,5894.0,5895.0,5895.0,5896.0,5897.0,5899.0,5899.0,5902.0,5902.0,5904.0,5904.0,5905.0,5905.0,5907.0,5907.0,5908.0,5909.0,5913.0,5914.0,5915.0,5917.0,5918.0,5920.0,5921.0,5921.0,5921.0,5921.0,5922.0,5924.0,5924.0,5925.0,5925.0,5925.0,5926.0,5931.0,5933.0,5934.0,5935.0,5935.0,5939.0,5940.0,5943.0,5944.0,5944.0,5944.0,5944.0,5946.0,5947.0,5950.0,5950.0,5953.0,5953.0,5953.0,5953.0,5954.0,5954.0,5954.0,5954.0,5956.0,5959.0,5961.0,5962.0,5962.0,5964.0,5964.0,5966.0,5966.0,5968.0,5971.0,5971.0,5971.0,5974.0,5986.0,5991.0,5992.0,6001.0,6003.0,6010.0,6011.0,6013.0,6015.0,6015.0,6016.0,6016.0,6018.0,6021.0,6029.0,6030.0,6032.0,,6035.0,6038.0,6039.0,6042.0,6043.0,6045.0,6046.0,6047.0,6048.0,6049.0,6050.0,6052.0,6057.0,6058.0,6058.0,6062.0,6063.0,6063.0,6066.0,6067.0,6068.0,6068.0,6069.0,6071.0,6071.0,6072.0,6072.0,6073.0,6073.0,6074.0,6076.0,6078.0,6079.0,6081.0,6081.0,6083.0,6083.0,6083.0,6083.0,6084.0,6084.0,6085.0,6086.0,6086.0,6086.0,6087.0,6088.0,6088.0,6088.0,6090.0,6091.0,6092.0,6094.0,6095.0,6095.0,6095.0,6095.0,6095.0,6095.0,6097.0,6097.0,6097.0,6098.0,6098.0,6099.0,6100.0,6100.0,6100.0,6102.0,6102.0,6104.0,6106.0,6106.0,6106.0,6107.0,6107.0,6108.0,6109.0,6112.0,6115.0,6116.0,6118.0,6120.0,6121.0,6122.0,6123.0,6124.0,6127.0,6128.0,6128.0,6130.0,6132.0,6133.0,6133.0,6138.0,6141.0,6142.0,6144.0,6147.0,6147.0,6148.0,6149.0,6150.0,6151.0,6151.0,6154.0,6157.0,6158.0,6159.0,6162.0,6164.0,6165.0,6168.0,6171
ObQul_COk10,1935.0,1935.0,1935.0,1935.0,1935.0,1935.0,1935.0,1935.0,1935.0,1935.0,1935.0,1935.0,1935.0,1936.0,1936.0,1936.0,1936.0,1936.0,1936.0,1936.0,1936.0,1936.0,1936.0,1936.0,1936.0,1936.0,1936.0,1936.0,1936.0,1936.0,1936.0,1936.0,1936.0,1936.0,1936.0,1936.0,1936.0,1936.0,1936.0,1936.0,1936.0,1936.0,1936.0,1936.0,1936.0,1936.0,1936.0,1936.0,1936.0,1936.0,1936.0,1936.0,1936.0,1936.0,1936.0,1936.0,1936.0,1936.0,1936.0,1937.0,1937.0,1937.0,1937.0,1937.0,1937.0,1937.0,1937.0,1937.0,1937.0,1937.0,1937.0,1937.0,1937.0,1937.0,1937.0,1937.0,1937.0,1937.0,1937.0,1937.0,1937.0,1937.0,1937.0,1937.0,1937.0,1937.0,1938.0,1939.0,1939.0,1939.0,1939.0,1939.0,1939.0,1939.0,1939.0,1939.0,1939.0,1939.0,1939.0,1939.0,1939.0,1939.0,1939.0,1939.0,1939.0,1939.0,1939.0,1940.0,1941.0,1941.0,1941.0,1941.0,1941.0,1941.0,1941.0,1942.0,1942.0,1943.0,1943.0,1943.0,1943.0,1944.0,1944.0,1944.0,1945.0,1945.0,1945.0,1945.0,1945.0,1945.0,1945.0,1945.0,1945.0,1945.0,,,,,,,,,1946.0,1946.0,1946.0,1946.0,1946.0,1946.0,1946.0,1946.0,1946.0,1946.0,1946.0,1946.0,1946.0,1947.0,1947.0,1947.0,1947.0,1948.0,1949.0,1949.0,1949.0,1949.0,1949.0,1949.0,1949.0,1950.0,1950.0,1950.0,1950.0,1950.0,1950.0,1950.0,1950.0,1950.0,1950.0,1950.0,1950.0,1950.0,1950.0,1950.0,1950.0,1950.0,1950.0,1950.0,1950.0,1950.0,1951.0,1951.0,1951.0,1951.0,1951.0,1951.0,1951.0,1951.0,1951.0,1951.0,1951.0,1952.0,1953.0,1953.0,1953.0,1953.0,1953.0,1953.0,1953.0,1953.0,1953.0,1953.0,1953.0,1953.0,1953.0,1953.0,1953.0,1953.0,1953.0,1953.0,1953.0,1953.0,1953.0,1953.0,1953.0,1965.0,1970.0,1971.0,1974.0,1974.0,1974.0,1974.0,1974.0,1974.0,1975.0,1975.0,1975.0,1976.0,1976.0,1976.0,1976.0,1976.0,1977.0,1977.0,1978.0,1978.0,1978.0,1978.0,1978.0,1978.0,1978.0,1978.0,1978.0,1978.0,1978.0,1978.0,1978.0,1978.0,1978.0,1978.0,1978.0,1979.0,1979.0,1979.0,1979.0,,1979.0,1979.0,1979.0,1979.0,1979.0,1979.0,1979.0,1979.0,1979.0,1979.0,1979.0,1979.0,1980.0,1980.0,1980.0,1980.0,1980.0,1980.0,1981.0,1981.0,1983.0,1983.0,1983.0,1983.0,1984.0,1984.0,1984.0,1984.0,1984.0,1984.0,1985.0,1985.0,1985.0,1986.0,1986.0,1986.0,1986.0,1987.0,1987.0,1987.0,1987.0,1987.0,1987.0,1987.0,1987.0,1988.0,1988.0,1988.0,1988.0,1988.0,1989.0,1989.0,1989.0,1991.0,1991.0,1991.0,1991.0,1991.0,1991.0,1991.0,1992.0,1992.0,1992.0,1992.0,1992.0,1992.0,1992.0,1993.0,1993.0,1994.0,1995.0,1995.0,1995.0,1995.0,1995.0,1995.0,1995.0,1995.0,1995.0,1995.0,1995.0,1995.0,1995.0,1995.0,1996.0,1996.0,1996.0,1996.0,1997.0,1998.0,1998.0,1998.0,1998.0,1998.0,1998.0,1998.0,1998.0,1998.0,1998.0,1998.0,1998.0,1998.0,1998.0,1998.0,1998.0,1998.0,1998.0,1998.0,1999.0,1999.0,1999.0,1999.0,1999.0,1999
NWNbZRnRkRM,562283.0,562308.0,562325.0,562349.0,562370.0,562389.0,562413.0,562438.0,562457.0,562474.0,562506.0,562520.0,562561.0,562583.0,562607.0,562633.0,562666.0,562693.0,562721.0,562751.0,562773.0,562805.0,562835.0,562856.0,562879.0,562902.0,562932.0,562953.0,562983.0,563013.0,563030.0,563049.0,563071.0,563101.0,563124.0,563146.0,563170.0,563202.0,563212.0,563240.0,563276.0,563300.0,563318.0,563349.0,563377.0,563394.0,563412.0,563438.0,563470.0,563495.0,563522.0,563555.0,563579.0,563609.0,563626.0,563654.0,563685.0,563701.0,563727.0,563756.0,563792.0,563820.0,563846.0,563873.0,563896.0,563933.0,563952.0,563974.0,563998.0,564035.0,564055.0,564092.0,564120.0,564148.0,564167.0,564182.0,564206.0,564224.0,564250.0,564272.0,564285.0,564306.0,564324.0,564345.0,564363.0,564388.0,564414.0,564439.0,564466.0,564489.0,564519.0,564540.0,564555.0,564576.0,564598.0,564617.0,564634.0,564658.0,564673.0,564698.0,564719.0,564732.0,564770.0,564795.0,564825.0,564843.0,564880.0,564908.0,564933.0,564952.0,564971.0,564992.0,565022.0,565038.0,565069.0,565088.0,565118.0,565143.0,565160.0,565174.0,565191.0,565215.0,565229.0,565255.0,565277.0,565298.0,565325.0,565359.0,565373.0,565397.0,565429.0,565467.0,565488.0,565514.0,,,,,,,,,565723.0,565735.0,565756.0,565775.0,565784.0,565809.0,565836.0,565850.0,565875.0,565900.0,565917.0,565936.0,565952.0,565964.0,565995.0,566015.0,566036.0,566062.0,566079.0,566102.0,566124.0,566146.0,566158.0,566173.0,566190.0,566211.0,566229.0,566243.0,566255.0,566285.0,566303.0,566321.0,566338.0,566355.0,566378.0,566402.0,566420.0,566439.0,566466.0,566486.0,566506.0,566522.0,566541.0,566563.0,566581.0,566602.0,566623.0,566640.0,566666.0,566688.0,566707.0,566725.0,566742.0,566761.0,566786.0,566805.0,566829.0,566847.0,566865.0,566888.0,566912.0,566923.0,566938.0,566953.0,566966.0,566976.0,567004.0,567023.0,567037.0,567052.0,567070.0,567099.0,567118.0,567144.0,567167.0,567200.0,567224.0,567243.0,567257.0,567279.0,567295.0,567326.0,567353.0,567375.0,567400.0,567427.0,567447.0,567469.0,567494.0,567515.0,567533.0,567563.0,567585.0,567601.0,567627.0,567651.0,567664.0,567681.0,567699.0,567727.0,567755.0,567776.0,567799.0,567812.0,567823.0,567843.0,567865.0,567887.0,567909.0,567932.0,567954.0,567972.0,567987.0,568005.0,568031.0,568055.0,568074.0,568088.0,568114.0,568145.0,568165.0,,568202.0,568220.0,568253.0,568283.0,568304.0,568321.0,568345.0,568364.0,568413.0,568451.0,568487.0,568520.0,568554.0,568591.0,568628.0,568662.0,568693.0,568724.0,568752.0,568779.0,568810.0,568836.0,568858.0,568884.0,568922.0,568957.0,568977.0,569005.0,569030.0,569047.0,569078.0,569108.0,569122.0,569141.0,569163.0,569182.0,569199.0,569214.0,569228.0,569255.0,569267.0,569288.0,569315.0,569332.0,569353.0,569366.0,569385.0,569404.0,569422.0,569440.0,569457.0,569476.0,569492.0,569512.0,569526.0,569535.0,569556.0,569572.0,569587.0,569607.0,569626.0,569651.0,569674.0,569696.0,569711.0,569736.0,569767.0,569790.0,569806.0,569819.0,569835.0,569852.0,569873.0,569896.0,569920.0,569949.0,569975.0,569991.0,570003.0,570020.0,570037.0,570059.0,570084.0,570104.0,570121.0,570149.0,570171.0,570200.0,570214.0,570230.0,570251.0,570266.0,570282.0,570293.0,570314.0,570343.0,570364.0,570377.0,570397.0,570416.0,570430.0,570448.0,570471.0,570498.0,570530.0,570555.0,570577.0,570600.0,570622.0,570650.0,570662.0,570672.0,570687.0,570709
3JOIb6i-UtI,61540.0,61571.0,61612.0,61642.0,61677.0,61697.0,61734.0,61779.0,61817.0,61861.0,61891.0,61921.0,61954.0,61989.0,62041.0,62084.0,62110.0,62138.0,62185.0,62215.0,62253.0,62276.0,62302.0,62329.0,62356.0,62382.0,62413.0,62443.0,62465.0,62515.0,62564.0,62611.0,62636.0,62667.0,62709.0,62753.0,62783.0,62817.0,62851.0,62895.0,62944.0,62995.0,63031.0,63071.0,63109.0,63147.0,63185.0,63225.0,63256.0,63294.0,63331.0,63367.0,63403.0,63433.0,63475.0,63512.0,63552.0,63597.0,63639.0,63672.0,63705.0,63750.0,63794.0,63825.0,63873.0,63917.0,63959.0,63995.0,64040.0,64080.0,64121.0,64164.0,64219.0,64251.0,64277.0,64322.0,64361.0,64392.0,64435.0,64479.0,64514.0,64542.0,64585.0,64623.0,64661.0,64692.0,64725.0,64776.0,64811.0,64844.0,64887.0,64915.0,64951.0,64986.0,65011.0,65037.0,65068.0,65103.0,65136.0,65168.0,65198.0,65226.0,65255.0,65277.0,65312.0,65336.0,65362.0,65391.0,65421.0,65441.0,65471.0,65502.0,65535.0,65560.0,65594.0,65623.0,65658.0,65695.0,65728.0,65759.0,65800.0,65844.0,65874.0,65908.0,65963.0,65987.0,66028.0,66066.0,66091.0,66120.0,66154.0,66175.0,66202.0,66234.0,,,,,,,,,66505.0,66520.0,66547.0,66583.0,66622.0,66653.0,66681.0,66708.0,66725.0,66743.0,66761.0,66807.0,66838.0,66872.0,66913.0,66931.0,66946.0,66973.0,66993.0,67021.0,67042.0,67062.0,67094.0,67133.0,67167.0,67195.0,67236.0,67270.0,67304.0,67330.0,67358.0,67397.0,67445.0,67481.0,67514.0,67537.0,67563.0,67588.0,67610.0,67634.0,67680.0,67708.0,67729.0,67757.0,67779.0,67808.0,67856.0,67882.0,67899.0,67926.0,67944.0,67961.0,67982.0,68013.0,68035.0,68066.0,68099.0,68132.0,68162.0,68198.0,68221.0,68230.0,68245.0,68267.0,68286.0,68302.0,68321.0,68338.0,68366.0,68383.0,68405.0,68426.0,68457.0,68495.0,68536.0,68561.0,68587.0,68612.0,68635.0,68663.0,68695.0,68716.0,68745.0,68792.0,68828.0,68857.0,68870.0,68888.0,68918.0,68944.0,68977.0,69005.0,69024.0,69042.0,69063.0,69081.0,69102.0,69130.0,69149.0,69174.0,69188.0,69226.0,69252.0,69289.0,69315.0,69344.0,69370.0,69395.0,69420.0,69444.0,69481.0,69511.0,69543.0,69577.0,69605.0,69638.0,69665.0,69690.0,69734.0,69775.0,69813.0,,69885.0,69922.0,69966.0,70005.0,70057.0,70089.0,70126.0,70161.0,70215.0,70263.0,70310.0,70365.0,70415.0,70438.0,70469.0,70504.0,70546.0,70574.0,70619.0,70651.0,70690.0,70724.0,70763.0,70790.0,70817.0,70866.0,70917.0,70966.0,71006.0,71030.0,71054.0,71091.0,71127.0,71147.0,71182.0,71213.0,71238.0,71278.0,71320.0,71342.0,71360.0,71393.0,71418.0,71457.0,71484.0,71518.0,71529.0,71553.0,71575.0,71604.0,71635.0,71665.0,71690.0,71729.0,71753.0,71777.0,71816.0,71845.0,71874.0,71906.0,71938.0,71984.0,72010.0,72037.0,72064.0,72091.0,72117.0,72143.0,72164.0,72177.0,72199.0,72241.0,72278.0,72313.0,72343.0,72374.0,72401.0,72430.0,72460.0,72487.0,72529.0,72561.0,72599.0,72627.0,72658.0,72697.0,72721.0,72762.0,72788.0,72816.0,72835.0,72854.0,72883.0,72915.0,72951.0,72975.0,72999.0,73031.0,73056.0,73084.0,73107.0,73126.0,73154.0,73178.0,73210.0,73238.0,73271.0,73296.0,73333.0,73364.0,73399.0,73417.0,73446.0,73469
LPj7pylEonQ,12466.0,12468.0,12471.0,12472.0,12473.0,12473.0,12477.0,12480.0,12482.0,12483.0,12484.0,12485.0,12486.0,12489.0,12490.0,12491.0,12494.0,12495.0,12496.0,12499.0,12499.0,12500.0,12501.0,12502.0,12502.0,12503.0,12505.0,12506.0,12508.0,12508.0,12511.0,12511.0,12513.0,12515.0,12515.0,12516.0,12517.0,12521.0,12521.0,12521.0,12526.0,12527.0,12528.0,12528.0,12530.0,12531.0,12536.0,12537.0,12540.0,12541.0,12543.0,12544.0,12546.0,12549.0,12552.0,12556.0,12559.0,12558.0,12559.0,12561.0,12567.0,12568.0,12572.0,12572.0,12572.0,12575.0,12579.0,12581.0,12583.0,12585.0,12586.0,12588.0,12589.0,12591.0,12595.0,12597.0,12599.0,12600.0,12601.0,12607.0,12609.0,12612.0,12613.0,12614.0,12616.0,12617.0,12617.0,12618.0,12619.0,12620.0,12621.0,12622.0,12623.0,12627.0,12628.0,12628.0,12631.0,12634.0,12635.0,12637.0,12641.0,12642.0,12645.0,12648.0,12651.0,12655.0,12657.0,12659.0,12660.0,12662.0,12663.0,12665.0,12668.0,12676.0,12679.0,12680.0,12681.0,12685.0,12689.0,12690.0,12691.0,12693.0,12693.0,12695.0,12695.0,12698.0,12698.0,12702.0,12703.0,12706.0,12706.0,12706.0,12707.0,12710.0,,,,,,,,,12728.0,12731.0,12732.0,12732.0,12734.0,12734.0,12735.0,12735.0,12738.0,12739.0,12740.0,12742.0,12745.0,12749.0,12749.0,12752.0,12755.0,12756.0,12757.0,12759.0,12762.0,12763.0,12765.0,12765.0,12767.0,12768.0,12771.0,12775.0,12776.0,12778.0,12778.0,12782.0,12789.0,12793.0,12794.0,12796.0,12799.0,12801.0,12803.0,12806.0,12807.0,12809.0,12810.0,12812.0,12814.0,12816.0,12818.0,12819.0,12821.0,12823.0,12824.0,12825.0,12828.0,12829.0,12832.0,12834.0,12834.0,12835.0,12836.0,12836.0,12839.0,12840.0,12841.0,12844.0,12845.0,12847.0,12851.0,12855.0,12860.0,12862.0,12864.0,12865.0,12868.0,12872.0,12874.0,12876.0,12877.0,12879.0,12882.0,12882.0,12882.0,12885.0,12885.0,12886.0,12886.0,12886.0,12888.0,12888.0,12888.0,12890.0,12896.0,12898.0,12900.0,12903.0,12906.0,12907.0,12910.0,12917.0,12919.0,12924.0,12925.0,12928.0,12932.0,12934.0,12937.0,12938.0,12938.0,12945.0,12949.0,12951.0,12953.0,12954.0,12954.0,12956.0,12956.0,12962.0,12962.0,12964.0,12964.0,12966.0,12971.0,,12976.0,12977.0,12977.0,12982.0,12986.0,12986.0,12987.0,12987.0,12988.0,12991.0,12995.0,12996.0,12999.0,13002.0,13004.0,13007.0,13007.0,13007.0,13009.0,13012.0,13013.0,13015.0,13016.0,13016.0,13016.0,13017.0,13018.0,13019.0,13021.0,13024.0,13026.0,13028.0,13032.0,13036.0,13042.0,13044.0,13050.0,13053.0,13056.0,13058.0,13061.0,13062.0,13063.0,13063.0,13063.0,13065.0,13065.0,13066.0,13067.0,13067.0,13071.0,13071.0,13074.0,13075.0,13076.0,13078.0,13079.0,13080.0,13080.0,13081.0,13084.0,13084.0,13085.0,13085.0,13086.0,13089.0,13091.0,13092.0,13095.0,13096.0,13097.0,13098.0,13098.0,13103.0,13103.0,13107.0,13108.0,13110.0,13114.0,13118.0,13123.0,13124.0,13125.0,13127.0,13129.0,13132.0,13136.0,13141.0,13141.0,13142.0,13143.0,13143.0,13144.0,13144.0,13147.0,13147.0,13149.0,13151.0,13151.0,13152.0,13153.0,13154.0,13156.0,13156.0,13160.0,13160.0,13163.0,13164.0,13165.0,13170.0,13172.0,13174.0,13175.0,13177
Hz2aCKe8G8A,8129241.0,8129821.0,8130584.0,8131433.0,8132242.0,8132955.0,8133766.0,8134637.0,8135541.0,8136498.0,8137289.0,8138185.0,8139101.0,8139970.0,8140886.0,8141638.0,8142387.0,8143088.0,8143768.0,8144600.0,8145298.0,8146038.0,8146754.0,8147433.0,8148202.0,8148911.0,8149698.0,8150370.0,8151066.0,8151986.0,8152783.0,8153675.0,8155840.0,8158234.0,8160242.0,8162146.0,8163759.0,8165271.0,8166522.0,8167795.0,8169027.0,8170203.0,8171336.0,8172425.0,8173677.0,8174932.0,8176131.0,8177324.0,8178608.0,8179672.0,8180872.0,8182047.0,8183082.0,8184275.0,8185521.0,8186604.0,8187596.0,8188691.0,8189738.0,8190788.0,8191882.0,8192895.0,8193841.0,8194847.0,8195763.0,8196667.0,8197560.0,8198474.0,8199369.0,8200375.0,8201271.0,8202175.0,8202911.0,8203900.0,8204756.0,8205647.0,8206378.0,8207155.0,8207999.0,8208944.0,8209717.0,8210638.0,8211453.0,8212313.0,8213160.0,8213971.0,8214718.0,8215556.0,8216342.0,8216997.0,8217990.0,8218732.0,8219439.0,8220255.0,8220971.0,8221661.0,8222378.0,8223030.0,8223768.0,8224395.0,8225139.0,8225797.0,8226445.0,8227132.0,8227843.0,8228469.0,8229139.0,8229901.0,8230548.0,8231159.0,8231764.0,8232420.0,8233024.0,8233661.0,8234506.0,8235308.0,8235951.0,8236749.0,8237502.0,8238182.0,8238872.0,8239595.0,8240255.0,8240893.0,8241602.0,8242233.0,8242946.0,8243711.0,8244343.0,8244988.0,8245683.0,8246355.0,8246949.0,8247600.0,,,,,,,,,8253378.0,8254077.0,8254944.0,8255820.0,8256652.0,8257646.0,8258704.0,8259840.0,8260958.0,8261741.0,8262630.0,8263439.0,8264234.0,8265036.0,8265797.0,8266498.0,8267067.0,8267640.0,8268151.0,8268697.0,8269223.0,8269755.0,8270278.0,8270835.0,8271371.0,8271949.0,8272510.0,8273105.0,8273719.0,8274293.0,8274921.0,8275562.0,8276140.0,8276654.0,8277290.0,8277899.0,8278485.0,8279009.0,8279572.0,8280044.0,8280654.0,8281277.0,8281864.0,8282456.0,8283028.0,8283623.0,8284188.0,8284839.0,8285495.0,8286073.0,8286660.0,8287292.0,8287813.0,8288404.0,8289029.0,8289611.0,8290246.0,8290835.0,8291433.0,8292021.0,8292682.0,8293317.0,8293907.0,8294408.0,8294970.0,8295520.0,8296101.0,8296808.0,8297462.0,8298134.0,8298795.0,8299332.0,8299927.0,8300751.0,8301449.0,8302083.0,8302760.0,8303423.0,8304107.0,8304744.0,8305373.0,8305965.0,8306594.0,8307184.0,8307853.0,8308550.0,8309179.0,8309810.0,8310328.0,8311010.0,8311598.0,8312306.0,8312992.0,8313614.0,8314224.0,8314906.0,8315559.0,8316198.0,8316833.0,8317432.0,8318005.0,8318627.0,8319254.0,8319895.0,8320548.0,8321152.0,8321821.0,8322378.0,8323005.0,8323641.0,8324236.0,8324872.0,8325555.0,8326186.0,8326761.0,8327344.0,8327877.0,8328575.0,8329236.0,8329911.0,8330518.0,,8331856.0,8332485.0,8333086.0,8333709.0,8334317.0,8334896.0,8335627.0,8336233.0,8336879.0,8337442.0,8338065.0,8338750.0,8339334.0,8339982.0,8340596.0,8341224.0,8341881.0,8342616.0,8343325.0,8344054.0,8344735.0,8345413.0,8346144.0,8346749.0,8347408.0,8348017.0,8348642.0,8349328.0,8349967.0,8350552.0,8351226.0,8351947.0,8352667.0,8353252.0,8353912.0,8354596.0,8355251.0,8355879.0,8356600.0,8357278.0,8357877.0,8358545.0,8359321.0,8360099.0,8360791.0,8361460.0,8362148.0,8362764.0,8363477.0,8364144.0,8364732.0,8365414.0,8366086.0,8366738.0,8367294.0,8367884.0,8368541.0,8369183.0,8369802.0,8370458.0,8371093.0,8371650.0,8372225.0,8372788.0,8373388.0,8373956.0,8374560.0,8375134.0,8375719.0,8376359.0,8376811.0,8377401.0,8377956.0,8378546.0,8379180.0,8379793.0,8380415.0,8381040.0,8381741.0,8382422.0,8383165.0,8383792.0,8384535.0,8385093.0,8385839.0,8386546.0,8387251.0,8387881.0,8388596.0,8389176.0,8389749.0,8390408.0,8391043.0,8391670.0,8392356.0,8393026.0,8393774.0,8394440.0,8395126.0,8395703.0,8396389.0,8397165.0,8397961.0,8398558.0,8399114.0,8399832.0,8400512.0,8401176.0,8401915.0,8402542.0,8403191.0,8403718.0,8404394.0,8404983
ty0b7eUVqP0,334490.0,334559.0,334625.0,334702.0,334777.0,334848.0,334926.0,335004.0,335084.0,335171.0,335248.0,335333.0,335434.0,335512.0,335585.0,335688.0,335773.0,335852.0,335918.0,335983.0,336070.0,336150.0,336245.0,336336.0,336430.0,336538.0,336642.0,336708.0,336812.0,336904.0,336974.0,337077.0,337291.0,337445.0,337610.0,337741.0,337869.0,338023.0,338146.0,338274.0,338406.0,338505.0,338615.0,338736.0,338834.0,338912.0,339024.0,339117.0,339200.0,339276.0,339340.0,339421.0,339480.0,339579.0,339639.0,339725.0,339816.0,339895.0,339967.0,340042.0,340154.0,340208.0,340286.0,340381.0,340440.0,340520.0,340593.0,340669.0,340735.0,340825.0,340911.0,341000.0,341095.0,341167.0,341265.0,341355.0,341449.0,341539.0,341654.0,341744.0,341829.0,341916.0,342019.0,342115.0,342182.0,342260.0,342341.0,342405.0,342487.0,342564.0,342633.0,342739.0,342834.0,342950.0,343033.0,343119.0,343203.0,343289.0,343377.0,343451.0,343528.0,343586.0,343664.0,343752.0,343829.0,343898.0,343980.0,344059.0,344138.0,344209.0,344284.0,344344.0,344400.0,344461.0,344536.0,344613.0,344688.0,344752.0,344812.0,344878.0,344940.0,345022.0,345068.0,345124.0,345182.0,345239.0,345319.0,345385.0,345452.0,345499.0,345553.0,345622.0,345691.0,345746.0,,,,,,,,,346336.0,346390.0,346462.0,346526.0,346666.0,346716.0,346820.0,346883.0,346942.0,347008.0,347069.0,347125.0,347185.0,347240.0,347308.0,347369.0,347441.0,347501.0,347556.0,347614.0,347673.0,347729.0,347780.0,347833.0,347885.0,347943.0,347991.0,348042.0,348093.0,348164.0,348227.0,348341.0,348405.0,348468.0,348527.0,348586.0,348655.0,348717.0,348805.0,348875.0,348929.0,348985.0,349044.0,349121.0,349182.0,349243.0,349310.0,349396.0,349458.0,349517.0,349570.0,349632.0,349699.0,349774.0,349823.0,349885.0,349935.0,350003.0,350064.0,350130.0,350199.0,350252.0,350313.0,350381.0,350433.0,350501.0,350550.0,350606.0,350830.0,351009.0,351123.0,351269.0,351370.0,351455.0,351547.0,351635.0,351728.0,351793.0,351905.0,351984.0,352066.0,352128.0,352193.0,352267.0,352351.0,352413.0,352498.0,352559.0,352651.0,352722.0,352788.0,352872.0,352936.0,353013.0,353076.0,353141.0,353224.0,353301.0,353376.0,353423.0,353491.0,353566.0,353652.0,353738.0,353812.0,353890.0,353953.0,354042.0,354103.0,354162.0,354224.0,354318.0,354406.0,354488.0,354566.0,354650.0,354722.0,354825.0,354932.0,355013.0,355096.0,,355273.0,355388.0,355477.0,355575.0,355677.0,355772.0,355879.0,355973.0,356064.0,356162.0,356278.0,356414.0,356542.0,356638.0,356716.0,356810.0,356899.0,357021.0,357133.0,357230.0,357332.0,357448.0,357545.0,357633.0,357700.0,357769.0,357861.0,357949.0,358049.0,358142.0,358225.0,358312.0,358411.0,358486.0,358556.0,358637.0,358731.0,358830.0,358911.0,358990.0,359072.0,359162.0,359258.0,359356.0,359459.0,359524.0,359623.0,359721.0,359801.0,359877.0,359951.0,360014.0,360073.0,360117.0,360178.0,360236.0,360284.0,360342.0,360388.0,360450.0,360516.0,360576.0,360642.0,360681.0,360762.0,360843.0,360947.0,361038.0,361105.0,361175.0,361241.0,361328.0,361416.0,361489.0,361567.0,361627.0,361701.0,361748.0,361831.0,361889.0,361958.0,362008.0,362068.0,362119.0,362194.0,362254.0,362315.0,362379.0,362439.0,362493.0,362552.0,362605.0,362658.0,362733.0,362805.0,362872.0,362921.0,362981.0,363059.0,363120.0,363179.0,363220.0,363271.0,363330.0,363373.0,363430.0,363482.0,363542.0,363605.0,363663.0,363726.0,363793.0,363847.0,363900
zP2uc21z4_Q,28537.0,28575.0,28614.0,28645.0,28682.0,28704.0,28736.0,28761.0,28794.0,28804.0,28829.0,28862.0,28888.0,28926.0,28962.0,28985.0,29010.0,29036.0,29060.0,29092.0,29129.0,29168.0,29196.0,29212.0,29243.0,29287.0,29320.0,29361.0,29391.0,29429.0,29459.0,29485.0,29531.0,29608.0,29680.0,29762.0,29820.0,29866.0,29904.0,29954.0,29985.0,30027.0,30070.0,30104.0,30144.0,30177.0,30205.0,30256.0,30294.0,30321.0,30351.0,30382.0,30408.0,30436.0,30468.0,30502.0,30543.0,30573.0,30603.0,30613.0,30638.0,30669.0,30697.0,30733.0,30763.0,30793.0,30827.0,30858.0,30875.0,30929.0,30960.0,30995.0,31023.0,31046.0,31106.0,31148.0,31199.0,31234.0,31269.0,31314.0,31352.0,31378.0,31412.0,31451.0,31494.0,31532.0,31572.0,31602.0,31637.0,31671.0,31706.0,31739.0,31771.0,31807.0,31830.0,31853.0,31887.0,31917.0,31949.0,31977.0,32004.0,32021.0,32054.0,32090.0,32121.0,32153.0,32183.0,32221.0,32244.0,32268.0,32291.0,32330.0,32367.0,32410.0,32449.0,32465.0,32487.0,32504.0,32531.0,32551.0,32581.0,32611.0,32633.0,32650.0,32688.0,32723.0,32750.0,32780.0,32809.0,32826.0,32856.0,32881.0,32918.0,32949.0,,,,,,,,,33262.0,33279.0,33311.0,33348.0,33364.0,33394.0,33421.0,33436.0,33464.0,33497.0,33519.0,33559.0,33585.0,33613.0,33635.0,33651.0,33678.0,33706.0,33738.0,33759.0,33771.0,33792.0,33808.0,33826.0,33845.0,33863.0,33886.0,33901.0,33920.0,33946.0,33973.0,33999.0,34031.0,34046.0,34075.0,34084.0,34097.0,34113.0,34125.0,34137.0,34151.0,34169.0,34178.0,34193.0,34205.0,34223.0,34249.0,34270.0,34292.0,34303.0,34312.0,34329.0,34341.0,34351.0,34370.0,34387.0,34408.0,34426.0,34524.0,34548.0,34578.0,34597.0,34614.0,34631.0,34643.0,34675.0,34686.0,34715.0,34728.0,34751.0,34771.0,34782.0,34809.0,34836.0,34865.0,34897.0,34928.0,34951.0,34969.0,34987.0,35000.0,35023.0,35050.0,35076.0,35092.0,35115.0,35134.0,35156.0,35185.0,35201.0,35223.0,35276.0,35318.0,35376.0,35440.0,35494.0,35571.0,35652.0,35709.0,35762.0,35827.0,35922.0,36006.0,36111.0,36188.0,36246.0,36319.0,36367.0,36420.0,36472.0,36517.0,36576.0,36618.0,36653.0,36699.0,36729.0,36761.0,36807.0,36860.0,36887.0,36916.0,,36998.0,37030.0,37066.0,37096.0,37128.0,37154.0,37175.0,37195.0,37221.0,37243.0,37260.0,37287.0,37310.0,37336.0,37356.0,37376.0,37402.0,37419.0,37446.0,37462.0,37481.0,37507.0,37542.0,37573.0,37596.0,37615.0,37639.0,37659.0,37682.0,37705.0,37733.0,37757.0,37772.0,37784.0,37812.0,37831.0,37851.0,37880.0,37907.0,37926.0,37944.0,37962.0,37978.0,38011.0,38031.0,38062.0,38121.0,38167.0,38243.0,38308.0,38353.0,38403.0,38449.0,38483.0,38513.0,38547.0,38591.0,38619.0,38656.0,38696.0,38715.0,38742.0,38772.0,38815.0,38855.0,38907.0,38994.0,39081.0,39144.0,39209.0,39243.0,39292.0,39353.0,39408.0,39452.0,39493.0,39531.0,39596.0,39647.0,39682.0,39730.0,39764.0,39786.0,39817.0,39842.0,39887.0,39932.0,39963.0,39994.0,40014.0,40043.0,40076.0,40100.0,40137.0,40174.0,40201.0,40231.0,40257.0,40286.0,40307.0,40345.0,40376.0,40430.0,40469.0,40509.0,40555.0,40597.0,40632.0,40670.0,40715.0,40734.0,40787.0,40830.0,40854
MCvE7vR1be4,472491.0,472823.0,473129.0,473376.0,473756.0,474168.0,474534.0,474887.0,475264.0,475634.0,476012.0,476397.0,476765.0,477217.0,477693.0,478103.0,478524.0,478833.0,479097.0,479406.0,479672.0,479954.0,480278.0,480534.0,480719.0,480997.0,481244.0,481484.0,481713.0,481930.0,482123.0,482318.0,482502.0,482689.0,482848.0,483024.0,483200.0,483395.0,483510.0,483682.0,483868.0,484044.0,484245.0,484443.0,484598.0,484741.0,484912.0,485124.0,485316.0,485509.0,485710.0,485889.0,486052.0,486237.0,486417.0,486615.0,486826.0,487101.0,487281.0,487445.0,487642.0,487862.0,488066.0,488312.0,488562.0,488843.0,489023.0,489220.0,489371.0,489568.0,489749.0,489993.0,490175.0,490364.0,490611.0,490806.0,491016.0,491274.0,491480.0,491632.0,491802.0,491972.0,492126.0,492322.0,492485.0,492651.0,492800.0,492918.0,493065.0,493226.0,493338.0,493468.0,493610.0,493750.0,493876.0,494022.0,494162.0,494349.0,494509.0,494654.0,494818.0,494999.0,495254.0,495414.0,495580.0,495722.0,495894.0,496038.0,496155.0,496362.0,496562.0,496800.0,497008.0,497233.0,497450.0,497639.0,497818.0,497966.0,498121.0,498341.0,498533.0,498680.0,498780.0,498886.0,498972.0,499074.0,499221.0,499334.0,499428.0,499519.0,499618.0,499740.0,499862.0,499991.0,,,,,,,,,501414.0,501525.0,501662.0,501817.0,502002.0,502151.0,502289.0,502396.0,502558.0,502720.0,502872.0,503023.0,503228.0,503395.0,503543.0,503642.0,503768.0,503897.0,504049.0,504186.0,504309.0,504461.0,504552.0,504704.0,504825.0,504942.0,505061.0,505199.0,505317.0,505406.0,505501.0,505603.0,505705.0,505839.0,505943.0,506038.0,506145.0,506262.0,506383.0,506469.0,506563.0,506684.0,506783.0,506887.0,506996.0,507099.0,507227.0,507330.0,507441.0,507547.0,507614.0,507713.0,507830.0,507959.0,508073.0,508195.0,508283.0,508381.0,508497.0,508630.0,508761.0,508850.0,508971.0,509067.0,509183.0,509301.0,509446.0,509557.0,509643.0,509757.0,509878.0,509974.0,510080.0,510203.0,510314.0,510420.0,510548.0,510643.0,510778.0,510921.0,511075.0,511186.0,511317.0,511470.0,511565.0,511639.0,511755.0,511875.0,511999.0,512137.0,512275.0,512389.0,512499.0,512619.0,512733.0,512924.0,513137.0,513320.0,513462.0,513564.0,513713.0,513859.0,514004.0,514158.0,514317.0,514423.0,514534.0,514644.0,514756.0,514892.0,515030.0,515147.0,515297.0,515400.0,515487.0,515589.0,515659.0,515752.0,515888.0,516036.0,516157.0,,516455.0,516623.0,516761.0,516930.0,517101.0,517452.0,517778.0,518213.0,518785.0,519388.0,519887.0,520522.0,521060.0,521738.0,522341.0,523002.0,523515.0,524113.0,524642.0,525107.0,525635.0,526360.0,526955.0,527703.0,528392.0,529109.0,529614.0,530358.0,531105.0,531741.0,532649.0,533470.0,534270.0,535020.0,535820.0,536836.0,537851.0,538849.0,539958.0,541070.0,542239.0,543094.0,544234.0,545113.0,545948.0,546891.0,548004.0,549075.0,550470.0,551508.0,552369.0,553376.0,554432.0,555243.0,555984.0,556715.0,557562.0,558423.0,559308.0,560168.0,561141.0,561947.0,562795.0,563699.0,564582.0,565433.0,566517.0,567487.0,568193.0,569178.0,569994.0,571129.0,572106.0,573131.0,574167.0,575016.0,576002.0,576981.0,577907.0,578784.0,579642.0,580380.0,581067.0,581660.0,582364.0,582986.0,583582.0,584195.0,584667.0,585113.0,585541.0,585998.0,586555.0,587087.0,587575.0,587990.0,588423.0,588826.0,589207.0,589558.0,589902.0,590279.0,590595.0,590869.0,591242.0,591612.0,592054.0,592470.0,592813.0,593131.0,593443.0,593789.0,594124.0,594406
qL-1zS9LV8k,18202.0,18202.0,18203.0,18204.0,18209.0,18210.0,18211.0,18211.0,18211.0,18212.0,18219.0,18222.0,18224.0,18226.0,18225.0,18225.0,18227.0,18227.0,18229.0,18233.0,18234.0,18236.0,18236.0,18237.0,18237.0,18237.0,18238.0,18238.0,18238.0,18239.0,18243.0,18247.0,18247.0,18247.0,18247.0,18248.0,18250.0,18250.0,18251.0,18253.0,18253.0,18254.0,18256.0,18257.0,18257.0,18260.0,18260.0,18260.0,18262.0,18262.0,18262.0,18264.0,18264.0,18264.0,18266.0,18268.0,18268.0,18272.0,18272.0,18272.0,18276.0,18276.0,18276.0,18276.0,18276.0,18278.0,18280.0,18280.0,18281.0,18281.0,18281.0,18282.0,18283.0,18283.0,18283.0,18284.0,18287.0,18288.0,18289.0,18290.0,18291.0,18292.0,18292.0,18293.0,18294.0,18294.0,18294.0,18295.0,18295.0,18298.0,18298.0,18299.0,18299.0,18300.0,18300.0,18300.0,18300.0,18302.0,18303.0,18304.0,18306.0,18307.0,18309.0,18311.0,18311.0,18312.0,18314.0,18314.0,18315.0,18317.0,18317.0,18317.0,18319.0,18319.0,18319.0,18320.0,18322.0,18322.0,18323.0,18324.0,18325.0,18326.0,18327.0,18331.0,18333.0,18334.0,18334.0,18336.0,18337.0,18338.0,18339.0,18339.0,18339.0,18344.0,,,,,,,,,18353.0,18354.0,18355.0,18355.0,18356.0,18358.0,18360.0,18361.0,18361.0,18362.0,18366.0,18366.0,18366.0,18367.0,18367.0,18367.0,18370.0,18370.0,18371.0,18371.0,18371.0,18372.0,18372.0,18372.0,18372.0,18372.0,18372.0,18372.0,18373.0,18374.0,18375.0,18375.0,18375.0,18375.0,18375.0,18377.0,18378.0,18378.0,18378.0,18379.0,18379.0,18379.0,18383.0,18383.0,18383.0,18383.0,18384.0,18385.0,18385.0,18387.0,18387.0,18387.0,18388.0,18389.0,18389.0,18392.0,18392.0,18393.0,18395.0,18396.0,18396.0,18396.0,18396.0,18397.0,18397.0,18398.0,18400.0,18401.0,18402.0,18403.0,18403.0,18403.0,18403.0,18403.0,18405.0,18405.0,18405.0,18406.0,18406.0,18408.0,18408.0,18408.0,18408.0,18408.0,18408.0,18408.0,18408.0,18408.0,18408.0,18411.0,18411.0,18411.0,18412.0,18412.0,18412.0,18412.0,18413.0,18413.0,18414.0,18414.0,18416.0,18416.0,18417.0,18417.0,18417.0,18420.0,18420.0,18420.0,18421.0,18422.0,18422.0,18423.0,18423.0,18423.0,18424.0,18424.0,18424.0,18424.0,18424.0,18425.0,18426.0,,18426.0,18427.0,18427.0,18427.0,18428.0,18428.0,18428.0,18428.0,18428.0,18428.0,18428.0,18428.0,18429.0,18429.0,18429.0,18429.0,18429.0,18429.0,18430.0,18430.0,18430.0,18430.0,18430.0,18430.0,18430.0,18430.0,18430.0,18430.0,18431.0,18432.0,18432.0,18433.0,18434.0,18434.0,18436.0,18436.0,18436.0,18436.0,18438.0,18440.0,18442.0,18443.0,18453.0,18453.0,18453.0,18454.0,18455.0,18457.0,18457.0,18458.0,18463.0,18463.0,18463.0,18463.0,18465.0,18465.0,18467.0,18467.0,18469.0,18471.0,18472.0,18472.0,18473.0,18475.0,18476.0,18477.0,18477.0,18478.0,18479.0,18479.0,18479.0,18479.0,18481.0,18482.0,18483.0,18487.0,18488.0,18488.0,18488.0,18488.0,18488.0,18490.0,18492.0,18494.0,18495.0,18496.0,18497.0,18500.0,18500.0,18500.0,18501.0,18501.0,18502.0,18503.0,18505.0,18506.0,18507.0,18507.0,18507.0,18507.0,18507.0,18507.0,18507.0,18507.0,18507.0,18507.0,18508.0,18508.0,18509.0,18509.0,18510.0,18510.0,18510.0,18510
t_VrFL7Nm9w,19818.0,19829.0,19835.0,19842.0,19848.0,19852.0,19854.0,19856.0,19865.0,19875.0,19878.0,19880.0,19884.0,19886.0,19893.0,19896.0,19898.0,19902.0,19904.0,19907.0,19908.0,19913.0,19914.0,19915.0,19923.0,19928.0,19931.0,19934.0,19938.0,19938.0,19944.0,19945.0,19949.0,19952.0,19956.0,19964.0,19967.0,19972.0,19976.0,19983.0,19987.0,19991.0,19995.0,20004.0,20008.0,20014.0,20016.0,20019.0,20025.0,20026.0,20031.0,20034.0,20035.0,20040.0,20044.0,20048.0,20051.0,20059.0,20060.0,20064.0,20069.0,20075.0,20079.0,20086.0,20090.0,20097.0,20102.0,20104.0,20107.0,20113.0,20116.0,20121.0,20124.0,20126.0,20131.0,20138.0,20140.0,20144.0,20150.0,20157.0,20162.0,20168.0,20171.0,20173.0,20176.0,20183.0,20186.0,20189.0,20192.0,20196.0,20206.0,20209.0,20213.0,20219.0,20223.0,20237.0,20240.0,20242.0,20251.0,20256.0,20261.0,20268.0,20272.0,20276.0,20282.0,20287.0,20291.0,20296.0,20304.0,20309.0,20316.0,20326.0,20332.0,20343.0,20346.0,20367.0,20373.0,20379.0,20387.0,20387.0,20401.0,20406.0,20410.0,20411.0,20415.0,20417.0,20419.0,20421.0,20425.0,20435.0,20437.0,20439.0,20441.0,20448.0,,,,,,,,,20472.0,20475.0,20477.0,20479.0,20488.0,20490.0,20500.0,20503.0,20508.0,20514.0,20524.0,20523.0,20531.0,20536.0,20542.0,20545.0,20553.0,20558.0,20560.0,20561.0,20565.0,20569.0,20574.0,20580.0,20584.0,20587.0,20593.0,20595.0,20597.0,20601.0,20603.0,20605.0,20607.0,20609.0,20611.0,20613.0,20614.0,20618.0,20618.0,20622.0,20627.0,20630.0,20634.0,20636.0,20639.0,20643.0,20645.0,20649.0,20654.0,20657.0,20658.0,20663.0,20667.0,20670.0,20674.0,20679.0,20683.0,20683.0,20688.0,20693.0,20694.0,20698.0,20702.0,20705.0,20711.0,20713.0,20711.0,20714.0,20717.0,20717.0,20720.0,20722.0,20724.0,20729.0,20731.0,20734.0,20738.0,20741.0,20744.0,20748.0,20753.0,20754.0,20757.0,20764.0,20770.0,20775.0,20779.0,20782.0,20787.0,20791.0,20793.0,20799.0,20802.0,20814.0,20826.0,20837.0,20851.0,20856.0,20866.0,20869.0,20875.0,20882.0,20888.0,20892.0,20897.0,20904.0,20906.0,20917.0,20921.0,20929.0,20934.0,20941.0,20946.0,20949.0,20955.0,20959.0,20965.0,20970.0,20977.0,20981.0,20983.0,,20988.0,20990.0,20995.0,20999.0,21006.0,21007.0,21012.0,21013.0,21020.0,21023.0,21029.0,21034.0,21035.0,21036.0,21044.0,21047.0,21047.0,21049.0,21056.0,21062.0,21064.0,21066.0,21067.0,21067.0,21070.0,21072.0,21075.0,21082.0,21082.0,21090.0,21099.0,21107.0,21111.0,21115.0,21118.0,21125.0,21130.0,21140.0,21148.0,21152.0,21157.0,21164.0,21171.0,21176.0,21182.0,21189.0,21198.0,21206.0,21217.0,21222.0,21227.0,21236.0,21243.0,21253.0,21258.0,21260.0,21267.0,21269.0,21272.0,21274.0,21275.0,21274.0,21279.0,21282.0,21284.0,21285.0,21292.0,21295.0,21303.0,21306.0,21308.0,21313.0,21320.0,21327.0,21329.0,21338.0,21347.0,21355.0,21358.0,21361.0,21364.0,21373.0,21378.0,21383.0,21384.0,21390.0,21398.0,21405.0,21414.0,21421.0,21425.0,21430.0,21433.0,21441.0,21447.0,21453.0,21459.0,21461.0,21463.0,21465.0,21466.0,21469.0,21472.0,21474.0,21477.0,21477.0,21485.0,21488.0,21488.0,21491.0,21493.0,21494.0,21500.0,21505
BPASupkerAs,91165.0,91236.0,91297.0,91344.0,91389.0,91451.0,91523.0,91570.0,91660.0,91755.0,91812.0,91900.0,92005.0,92097.0,92202.0,92318.0,92408.0,92461.0,92552.0,92686.0,92771.0,92885.0,92997.0,93092.0,93169.0,93289.0,93425.0,93605.0,93741.0,93875.0,93970.0,94063.0,94188.0,94289.0,94405.0,94537.0,94692.0,94802.0,94875.0,94967.0,95070.0,95159.0,95247.0,95336.0,95449.0,95543.0,95616.0,95714.0,95821.0,95930.0,96018.0,96096.0,96141.0,96230.0,96326.0,96407.0,96480.0,96534.0,96581.0,96618.0,96654.0,96709.0,96770.0,96848.0,96921.0,96973.0,97013.0,97078.0,97137.0,97220.0,97300.0,97380.0,97439.0,97498.0,97577.0,97665.0,97753.0,97802.0,97868.0,97924.0,97984.0,98063.0,98140.0,98205.0,98270.0,98363.0,98439.0,98516.0,98608.0,98691.0,98798.0,98889.0,98968.0,99040.0,99126.0,99184.0,99282.0,99381.0,99501.0,99611.0,99719.0,99817.0,99914.0,100048.0,100157.0,100244.0,100370.0,100433.0,100502.0,100589.0,100684.0,100753.0,100872.0,100992.0,101074.0,101135.0,101292.0,101527.0,101710.0,101901.0,102016.0,102160.0,102328.0,102539.0,102742.0,102896.0,103100.0,103333.0,103504.0,103676.0,103833.0,104062.0,104308.0,104572.0,,,,,,,,,106430.0,106567.0,106716.0,106969.0,107196.0,107355.0,107491.0,107578.0,107691.0,107849.0,108029.0,108196.0,108411.0,108558.0,108679.0,108753.0,108884.0,109027.0,109173.0,109296.0,109405.0,109475.0,109557.0,109699.0,109821.0,109928.0,110025.0,110127.0,110225.0,110296.0,110418.0,110522.0,110638.0,110762.0,110878.0,110957.0,111017.0,111120.0,111229.0,111317.0,111422.0,111580.0,111672.0,111744.0,111837.0,111941.0,112075.0,112193.0,112319.0,112393.0,112462.0,112561.0,112696.0,112820.0,112913.0,113017.0,113103.0,113192.0,113271.0,113362.0,113458.0,113542.0,113627.0,113692.0,113741.0,113823.0,113920.0,114015.0,114083.0,114186.0,114236.0,114295.0,114369.0,114493.0,114610.0,114696.0,114792.0,114893.0,114960.0,115070.0,115171.0,115291.0,115388.0,115490.0,115575.0,115642.0,115724.0,115811.0,115914.0,115982.0,116098.0,116197.0,116271.0,116355.0,116445.0,116540.0,116649.0,116790.0,116912.0,116981.0,117090.0,117217.0,117327.0,117463.0,117562.0,117653.0,117710.0,117796.0,117868.0,117950.0,118034.0,118135.0,118184.0,118233.0,118283.0,118321.0,118360.0,118402.0,118463.0,118512.0,118551.0,,118639.0,118685.0,118734.0,118807.0,118840.0,118880.0,118918.0,118955.0,119012.0,119059.0,119098.0,119169.0,119199.0,119243.0,119295.0,119347.0,119410.0,119476.0,119531.0,119565.0,119608.0,119660.0,119722.0,119782.0,119831.0,119877.0,119909.0,119936.0,119970.0,120010.0,120042.0,120087.0,120110.0,120126.0,120152.0,120178.0,120203.0,120233.0,120278.0,120316.0,120344.0,120379.0,120426.0,120464.0,120494.0,120539.0,120615.0,120721.0,120950.0,121137.0,121297.0,121403.0,121518.0,121607.0,121658.0,121702.0,121777.0,121842.0,121918.0,122002.0,122071.0,122115.0,122177.0,122227.0,122290.0,122364.0,122463.0,122567.0,122651.0,122766.0,122851.0,122940.0,123019.0,123097.0,123175.0,123225.0,123312.0,123414.0,123562.0,123652.0,123737.0,123796.0,123849.0,123905.0,123962.0,124019.0,124078.0,124143.0,124188.0,124222.0,124263.0,124314.0,124377.0,124435.0,124506.0,124577.0,124626.0,124672.0,124731.0,124779.0,124836.0,124897.0,124946.0,124999.0,125040.0,125100.0,125186.0,125239.0,125274.0,125323.0,125366.0,125418.0,125478.0,125572
GDFhK_Go4ME,2044.0,2044.0,2044.0,2044.0,2046.0,2047.0,2047.0,2047.0,2047.0,2047.0,2047.0,2047.0,2047.0,2047.0,2047.0,2047.0,2047.0,2047.0,2047.0,2049.0,2051.0,2052.0,2052.0,2052.0,2052.0,2053.0,2054.0,2055.0,2057.0,2057.0,2057.0,2057.0,2057.0,2057.0,2057.0,2057.0,2057.0,2057.0,2057.0,2057.0,2058.0,2058.0,2059.0,2059.0,2059.0,2060.0,2060.0,2060.0,2060.0,2060.0,2060.0,2060.0,2060.0,2060.0,2060.0,2060.0,2060.0,2061.0,2062.0,2062.0,2062.0,2062.0,2062.0,2062.0,2062.0,2062.0,2062.0,2062.0,2062.0,2063.0,2063.0,2063.0,2063.0,2063.0,2063.0,2065.0,2065.0,2065.0,2065.0,2066.0,2066.0,2066.0,2066.0,2066.0,2066.0,2066.0,2067.0,2067.0,2068.0,2069.0,2069.0,2069.0,2069.0,2069.0,2069.0,2069.0,2069.0,2069.0,2069.0,2069.0,2069.0,2069.0,2069.0,2069.0,2069.0,2069.0,2069.0,2069.0,2069.0,2069.0,2069.0,2069.0,2069.0,2069.0,2069.0,2072.0,2072.0,2072.0,2074.0,2074.0,2074.0,2074.0,2074.0,2074.0,2074.0,2074.0,2074.0,2074.0,2074.0,2074.0,2075.0,2075.0,2075.0,2075.0,,,,,,,,,2076.0,2076.0,2076.0,2077.0,2077.0,2078.0,2078.0,2078.0,2078.0,2078.0,2079.0,2079.0,2079.0,2079.0,2079.0,2080.0,2080.0,2080.0,2080.0,2080.0,2082.0,2083.0,2083.0,2083.0,2083.0,2083.0,2083.0,2083.0,2083.0,2083.0,2083.0,2083.0,2083.0,2083.0,2083.0,2083.0,2083.0,2083.0,2083.0,2083.0,2084.0,2083.0,2085.0,2085.0,2085.0,2085.0,2085.0,2085.0,2085.0,2087.0,2087.0,2087.0,2087.0,2087.0,2088.0,2088.0,2088.0,2089.0,2090.0,2091.0,2091.0,2093.0,2093.0,2093.0,2093.0,2093.0,2093.0,2095.0,2095.0,2095.0,2095.0,2095.0,2095.0,2096.0,2096.0,2096.0,2096.0,2098.0,2098.0,2098.0,2099.0,2099.0,2099.0,2099.0,2099.0,2099.0,2099.0,2099.0,2099.0,2101.0,2101.0,2101.0,2101.0,2101.0,2101.0,2101.0,2101.0,2101.0,2101.0,2101.0,2101.0,2101.0,2101.0,2101.0,2101.0,2101.0,2101.0,2101.0,2101.0,2101.0,2101.0,2101.0,2101.0,2101.0,2102.0,2102.0,2102.0,2103.0,2103.0,2105.0,2105.0,,2107.0,2107.0,2107.0,2107.0,2107.0,2107.0,2107.0,2107.0,2107.0,2107.0,2107.0,2107.0,2107.0,2107.0,2107.0,2108.0,2108.0,2108.0,2108.0,2108.0,2108.0,2108.0,2108.0,2108.0,2108.0,2108.0,2108.0,2108.0,2108.0,2108.0,2108.0,2108.0,2108.0,2108.0,2108.0,2108.0,2109.0,2109.0,2109.0,2110.0,2110.0,2110.0,2113.0,2113.0,2113.0,2113.0,2113.0,2113.0,2113.0,2113.0,2113.0,2115.0,2115.0,2115.0,2115.0,2115.0,2115.0,2115.0,2115.0,2116.0,2117.0,2117.0,2117.0,2117.0,2117.0,2118.0,2119.0,2119.0,2119.0,2120.0,2120.0,2120.0,2120.0,2120.0,2120.0,2121.0,2121.0,2121.0,2121.0,2121.0,2121.0,2121.0,2121.0,2121.0,2123.0,2124.0,2124.0,2127.0,2128.0,2128.0,2128.0,2128.0,2128.0,2128.0,2128.0,2128.0,2128.0,2128.0,2128.0,2128.0,2128.0,2128.0,2128.0,2129.0,2129.0,2129.0,2129.0,2129.0,2129.0,2129.0,2129.0,2129.0,2129.0,2129
nrDkKYxpDRA,792315.0,792430.0,792563.0,792667.0,792870.0,793032.0,793223.0,793369.0,793553.0,793715.0,793853.0,794027.0,794223.0,794366.0,794552.0,794697.0,794871.0,795002.0,795149.0,795319.0,795500.0,795754.0,795983.0,796184.0,796317.0,796525.0,796731.0,796902.0,797025.0,797175.0,797336.0,797441.0,797616.0,797784.0,797964.0,798154.0,798299.0,798426.0,798548.0,798740.0,798906.0,799070.0,799247.0,799399.0,799570.0,799726.0,799901.0,800051.0,800227.0,800386.0,800534.0,800697.0,800812.0,800962.0,801133.0,801283.0,801435.0,801571.0,801717.0,801830.0,802006.0,802135.0,802283.0,802419.0,802548.0,802712.0,802838.0,803015.0,803152.0,803345.0,803533.0,803720.0,803852.0,804027.0,804206.0,804358.0,804490.0,804645.0,804794.0,804907.0,804996.0,805105.0,805229.0,805367.0,805489.0,805603.0,805699.0,805805.0,805926.0,806036.0,806168.0,806306.0,806438.0,806555.0,806716.0,806856.0,807002.0,807112.0,807245.0,807376.0,807532.0,807668.0,807809.0,807926.0,808042.0,808175.0,808298.0,808428.0,808569.0,808691.0,808818.0,808926.0,809052.0,809223.0,809353.0,809453.0,809586.0,809684.0,809827.0,809944.0,810072.0,810172.0,810294.0,810394.0,810510.0,810692.0,810840.0,810984.0,811122.0,811254.0,811374.0,811548.0,811705.0,811864.0,,,,,,,,,813219.0,813352.0,813493.0,813607.0,813719.0,813814.0,813900.0,813995.0,814084.0,814158.0,814227.0,814301.0,814373.0,814503.0,814596.0,814660.0,814732.0,814836.0,814934.0,815026.0,815126.0,815209.0,815299.0,815423.0,815524.0,815648.0,815782.0,815936.0,816063.0,816194.0,816255.0,816278.0,816349.0,816447.0,816553.0,816630.0,816712.0,816817.0,816914.0,817011.0,817140.0,817251.0,817362.0,817463.0,817591.0,817725.0,817852.0,817986.0,818114.0,818198.0,818316.0,818438.0,818554.0,818655.0,818772.0,818894.0,818988.0,819084.0,819172.0,819262.0,819367.0,819421.0,819535.0,819630.0,819742.0,819843.0,819957.0,820057.0,820143.0,820217.0,820298.0,820388.0,820491.0,820572.0,820701.0,820794.0,820916.0,821030.0,821141.0,821238.0,821342.0,821451.0,821552.0,821672.0,821758.0,821864.0,821976.0,822101.0,822227.0,822353.0,822497.0,822593.0,822699.0,822803.0,822920.0,823005.0,823089.0,823226.0,823364.0,823446.0,823525.0,823630.0,823710.0,823814.0,823908.0,823989.0,824072.0,824182.0,824283.0,824380.0,824453.0,824531.0,824622.0,824704.0,824792.0,824867.0,824950.0,825061.0,825172.0,825281.0,825348.0,,825579.0,825712.0,825835.0,825942.0,826035.0,826148.0,826251.0,826342.0,826435.0,826522.0,826598.0,826693.0,826783.0,826928.0,827056.0,827189.0,827338.0,827477.0,827600.0,827714.0,827827.0,827935.0,828031.0,828148.0,828261.0,828395.0,828483.0,828577.0,828696.0,828818.0,828933.0,829057.0,829168.0,829252.0,829372.0,829473.0,829583.0,829726.0,829841.0,829935.0,830026.0,830145.0,830278.0,830411.0,830533.0,830643.0,830747.0,830857.0,830987.0,831081.0,831181.0,831294.0,831413.0,831520.0,831625.0,831709.0,831808.0,831919.0,832022.0,832121.0,832189.0,832256.0,832346.0,832444.0,832529.0,832602.0,832671.0,832740.0,832816.0,832896.0,832972.0,833056.0,833148.0,833253.0,833364.0,833434.0,833542.0,833635.0,833711.0,833797.0,833878.0,833991.0,834110.0,834207.0,834303.0,834411.0,834500.0,834593.0,834683.0,834782.0,834872.0,834973.0,835072.0,835165.0,835260.0,835372.0,835457.0,835565.0,835661.0,835757.0,835870.0,835953.0,836019.0,836124.0,836225.0,836327.0,836424.0,836525.0,836606.0,836688.0,836758.0,836841.0,836955.0,837033
uRGhqrkN9H8,384431.0,384836.0,385176.0,385551.0,385953.0,386282.0,386619.0,387023.0,387315.0,387640.0,387916.0,388241.0,388670.0,389122.0,389587.0,390006.0,390424.0,390707.0,391116.0,391525.0,391915.0,392293.0,392664.0,392917.0,393178.0,393514.0,393804.0,394205.0,394482.0,394822.0,395070.0,395339.0,395573.0,395867.0,396130.0,396425.0,396782.0,397086.0,397431.0,397734.0,398081.0,398490.0,398904.0,399276.0,399563.0,399829.0,400104.0,400385.0,400631.0,400937.0,401199.0,401535.0,401726.0,402004.0,402266.0,402551.0,402876.0,403146.0,403424.0,403695.0,404000.0,404443.0,404745.0,405036.0,405298.0,405586.0,405799.0,406132.0,406418.0,406787.0,407100.0,407412.0,407774.0,408046.0,408368.0,408678.0,409065.0,409434.0,409818.0,410069.0,410324.0,410642.0,411012.0,411318.0,411759.0,412241.0,412754.0,413352.0,414007.0,414864.0,415722.0,416756.0,417517.0,418392.0,419145.0,419800.0,420482.0,421088.0,421680.0,422297.0,422854.0,423376.0,423875.0,424530.0,425169.0,425782.0,426406.0,426887.0,427409.0,428124.0,428846.0,429537.0,430073.0,430705.0,431224.0,431663.0,432076.0,432649.0,433106.0,433614.0,434126.0,434583.0,435120.0,435464.0,435955.0,436377.0,436834.0,437396.0,437853.0,438343.0,438848.0,439284.0,439734.0,440190.0,,,,,,,,,445045.0,445496.0,446144.0,446754.0,447446.0,448945.0,449517.0,449972.0,451437.0,451862.0,452357.0,452805.0,453356.0,453779.0,454220.0,454566.0,454987.0,455403.0,455800.0,456209.0,456568.0,456890.0,457232.0,457611.0,457993.0,458413.0,458749.0,459188.0,459492.0,459748.0,460172.0,460549.0,460937.0,461266.0,461730.0,462048.0,462321.0,462646.0,462984.0,463335.0,463689.0,464069.0,464396.0,464736.0,465126.0,465494.0,465878.0,466259.0,466830.0,467174.0,467510.0,467877.0,468179.0,468437.0,468725.0,469026.0,469256.0,469506.0,469752.0,470021.0,470280.0,470518.0,470798.0,471169.0,471383.0,471698.0,472092.0,472356.0,472571.0,472789.0,473008.0,473199.0,473417.0,473652.0,473877.0,474130.0,474404.0,474605.0,474896.0,475198.0,475477.0,475726.0,476039.0,476365.0,476633.0,476917.0,477190.0,477507.0,477853.0,478137.0,478432.0,478656.0,478838.0,479170.0,479476.0,479721.0,479997.0,480339.0,480637.0,480910.0,481236.0,481562.0,481909.0,482200.0,482534.0,482807.0,483028.0,483325.0,483671.0,483944.0,484237.0,484492.0,484744.0,484980.0,485232.0,485441.0,485633.0,485835.0,486132.0,486295.0,486497.0,,486948.0,487197.0,487511.0,487855.0,488138.0,488344.0,488621.0,488916.0,489189.0,489521.0,489804.0,490126.0,490331.0,490642.0,490902.0,491327.0,491631.0,491906.0,492189.0,492427.0,492704.0,493045.0,493364.0,493669.0,493915.0,494128.0,494313.0,494569.0,494796.0,495017.0,495247.0,495448.0,495632.0,495810.0,496014.0,496210.0,496439.0,496683.0,496867.0,497083.0,497315.0,497521.0,497821.0,498074.0,498375.0,498653.0,499104.0,499569.0,500197.0,500756.0,501297.0,501856.0,502421.0,502931.0,503329.0,503715.0,504206.0,504717.0,505137.0,505586.0,505976.0,506305.0,506598.0,507125.0,507663.0,508286.0,509173.0,510000.0,510752.0,511706.0,512329.0,513008.0,513697.0,514432.0,515066.0,515676.0,516352.0,517130.0,517887.0,518554.0,519282.0,519861.0,520312.0,520748.0,521187.0,521648.0,522080.0,522531.0,522922.0,523247.0,523594.0,523940.0,524314.0,524746.0,525138.0,525587.0,526115.0,526841.0,528396.0,530754.0,532316.0,532901.0,533323.0,533707.0,534259.0,534799.0,535337.0,535888.0,536398.0,536893.0,537276.0,537782.0,538303.0,538691
3eGk3gxnZbI,6257.0,6269.0,6290.0,6302.0,6307.0,6312.0,6326.0,6341.0,6354.0,6366.0,6375.0,6385.0,6395.0,6399.0,6410.0,6415.0,6423.0,6429.0,6440.0,6449.0,6460.0,6467.0,6475.0,6480.0,6487.0,6495.0,6512.0,6524.0,6536.0,6554.0,6563.0,6570.0,6583.0,6601.0,6609.0,6623.0,6634.0,6641.0,6658.0,6672.0,6685.0,6711.0,6738.0,6767.0,6787.0,6805.0,6822.0,6835.0,6852.0,6866.0,6879.0,6891.0,6899.0,6911.0,6920.0,6932.0,6948.0,6968.0,6992.0,7004.0,7011.0,7032.0,7041.0,7049.0,7068.0,7074.0,7083.0,7094.0,7110.0,7124.0,7136.0,7144.0,7157.0,7164.0,7175.0,7191.0,7203.0,7216.0,7226.0,7233.0,7245.0,7257.0,7276.0,7291.0,7300.0,7319.0,7326.0,7339.0,7359.0,7369.0,7382.0,7400.0,7407.0,7420.0,7424.0,7440.0,7462.0,7472.0,7484.0,7499.0,7517.0,7531.0,7544.0,7559.0,7575.0,7586.0,7597.0,7610.0,7615.0,7631.0,7646.0,7664.0,7690.0,7700.0,7708.0,7712.0,7722.0,7730.0,7736.0,7747.0,7754.0,7764.0,7770.0,7776.0,7783.0,7786.0,7788.0,7796.0,7809.0,7819.0,7831.0,7844.0,7857.0,7877.0,,,,,,,,,8039.0,8046.0,8059.0,8066.0,8080.0,8097.0,8106.0,8116.0,8124.0,8134.0,8146.0,8158.0,8171.0,8185.0,8203.0,8211.0,8225.0,8237.0,8247.0,8253.0,8264.0,8267.0,8270.0,8273.0,8279.0,8283.0,8293.0,8299.0,8307.0,8311.0,8317.0,8325.0,8330.0,8335.0,8339.0,8349.0,8354.0,8358.0,8369.0,8380.0,8387.0,8395.0,8402.0,8407.0,8415.0,8426.0,8438.0,8445.0,8454.0,8457.0,8459.0,8466.0,8474.0,8478.0,8480.0,8483.0,8484.0,8487.0,8493.0,8496.0,8498.0,8502.0,8506.0,8510.0,8514.0,8516.0,8520.0,8522.0,8523.0,8527.0,8532.0,8533.0,8539.0,8541.0,8548.0,8550.0,8559.0,8560.0,8563.0,8566.0,8568.0,8571.0,8577.0,8582.0,8586.0,8593.0,8594.0,8599.0,8604.0,8604.0,8610.0,8612.0,8614.0,8619.0,8622.0,8625.0,8626.0,8630.0,8630.0,8631.0,8633.0,8638.0,8639.0,8642.0,8644.0,8645.0,8646.0,8649.0,8650.0,8652.0,8653.0,8653.0,8654.0,8655.0,8655.0,8655.0,8657.0,8659.0,8660.0,8661.0,8662.0,,8666.0,8667.0,8668.0,8669.0,8669.0,8672.0,8674.0,8675.0,8676.0,8679.0,8680.0,8680.0,8681.0,8683.0,8684.0,8687.0,8689.0,8691.0,8691.0,8695.0,8695.0,8699.0,8700.0,8703.0,8704.0,8706.0,8710.0,8710.0,8710.0,8713.0,8717.0,8719.0,8719.0,8721.0,8724.0,8727.0,8730.0,8731.0,8733.0,8736.0,8737.0,8739.0,8745.0,8748.0,8750.0,8751.0,8752.0,8754.0,8761.0,8766.0,8771.0,8775.0,8785.0,8787.0,8789.0,8791.0,8793.0,8801.0,8806.0,8807.0,8811.0,8811.0,8813.0,8813.0,8813.0,8814.0,8822.0,8825.0,8834.0,8840.0,8845.0,8846.0,8853.0,8860.0,8863.0,8864.0,8866.0,8866.0,8867.0,8869.0,8871.0,8874.0,8876.0,8877.0,8879.0,8881.0,8884.0,8884.0,8886.0,8886.0,8887.0,8889.0,8891.0,8893.0,8896.0,8896.0,8897.0,8899.0,8904.0,8905.0,8908.0,8908.0,8908.0,8908.0,8908.0,8908.0,8909.0,8910.0,8910.0,8910.0,8911.0,8911.0,8912.0,8912
U20JsM5l_AI,212420.0,212446.0,212471.0,212476.0,212500.0,212510.0,212536.0,212581.0,212613.0,212612.0,212629.0,212640.0,212665.0,212672.0,212688.0,212714.0,212722.0,212740.0,212758.0,212774.0,212786.0,212797.0,212800.0,212808.0,212816.0,212832.0,212839.0,212854.0,212864.0,212875.0,212884.0,212896.0,212901.0,212913.0,212925.0,212937.0,212954.0,212970.0,212982.0,212995.0,213004.0,213017.0,213034.0,213046.0,213067.0,213078.0,213087.0,213098.0,213111.0,213120.0,213126.0,213137.0,213149.0,213163.0,213178.0,213192.0,213210.0,213217.0,213230.0,213243.0,213263.0,213271.0,213283.0,213290.0,213297.0,213308.0,213323.0,213333.0,213344.0,213360.0,213379.0,213395.0,213406.0,213416.0,213427.0,213436.0,213454.0,213470.0,213481.0,213489.0,213507.0,213520.0,213530.0,213540.0,213598.0,213644.0,213643.0,213651.0,213673.0,213647.0,213663.0,213689.0,213705.0,213717.0,213740.0,213751.0,213780.0,213786.0,213798.0,213809.0,213818.0,213834.0,213845.0,213852.0,213862.0,213871.0,213884.0,213892.0,213904.0,213917.0,213926.0,213933.0,213939.0,213947.0,213955.0,213963.0,213976.0,213988.0,213997.0,214008.0,214021.0,214029.0,214036.0,214045.0,214049.0,214062.0,214068.0,214078.0,214085.0,214099.0,214116.0,214121.0,214136.0,214144.0,,,,,,,,,214236.0,214238.0,214249.0,214256.0,214262.0,214270.0,214281.0,214291.0,214300.0,214305.0,214315.0,214326.0,214332.0,214339.0,214348.0,214361.0,214371.0,214386.0,214400.0,214405.0,214416.0,214419.0,214430.0,214439.0,214453.0,214462.0,214474.0,214483.0,214486.0,214492.0,214496.0,214503.0,214510.0,214518.0,214523.0,214532.0,214541.0,214551.0,214557.0,214566.0,214582.0,214588.0,214601.0,214617.0,214629.0,214638.0,214644.0,214651.0,214662.0,214672.0,214681.0,214693.0,214704.0,214714.0,214721.0,214736.0,214751.0,214767.0,214775.0,214783.0,214789.0,214793.0,214801.0,214813.0,214818.0,214829.0,214837.0,214843.0,214855.0,214865.0,214872.0,214880.0,214891.0,214900.0,214911.0,214921.0,214934.0,214947.0,214959.0,214970.0,214979.0,214986.0,214997.0,215006.0,215010.0,215014.0,215020.0,215022.0,215034.0,215041.0,215047.0,215056.0,215063.0,215074.0,215087.0,215096.0,215111.0,215120.0,215132.0,215148.0,215162.0,215174.0,215181.0,215192.0,215203.0,215209.0,215216.0,215229.0,215241.0,215248.0,215260.0,215265.0,215275.0,215287.0,215297.0,215303.0,215310.0,215318.0,215327.0,215343.0,215351.0,,215380.0,215386.0,215396.0,215410.0,215432.0,215439.0,215445.0,215453.0,215463.0,215475.0,215483.0,215492.0,215506.0,215516.0,215520.0,215534.0,215540.0,215549.0,215553.0,215565.0,215577.0,215586.0,215599.0,215608.0,215616.0,215626.0,215634.0,215641.0,215654.0,215662.0,215670.0,215678.0,215687.0,215694.0,215705.0,215712.0,215724.0,215734.0,215739.0,215748.0,215755.0,215760.0,215767.0,215778.0,215785.0,215790.0,215795.0,215805.0,215815.0,215821.0,215828.0,215834.0,215848.0,215854.0,215860.0,215863.0,215869.0,215871.0,215874.0,215880.0,215889.0,215895.0,215897.0,215901.0,215908.0,215910.0,215917.0,215920.0,215933.0,215943.0,215952.0,215960.0,215965.0,215972.0,215983.0,215991.0,215994.0,216004.0,216011.0,216022.0,216028.0,216035.0,216041.0,216046.0,216054.0,216060.0,216066.0,216076.0,216081.0,216084.0,216086.0,216093.0,216101.0,216109.0,216122.0,216128.0,216135.0,216141.0,216151.0,216163.0,216173.0,216179.0,216187.0,216193.0,216198.0,216204.0,216212.0,216217.0,216221.0,216225.0,216231.0,216235.0,216239.0,216245
epeTj6IfrK8,387.0,387.0,387.0,387.0,387.0,388.0,388.0,388.0,389.0,390.0,390.0,390.0,390.0,390.0,390.0,390.0,390.0,390.0,390.0,390.0,390.0,390.0,390.0,390.0,391.0,392.0,393.0,394.0,394.0,394.0,394.0,395.0,396.0,396.0,397.0,398.0,398.0,398.0,398.0,401.0,401.0,401.0,401.0,402.0,402.0,402.0,402.0,402.0,403.0,404.0,406.0,407.0,408.0,409.0,409.0,410.0,410.0,410.0,410.0,410.0,412.0,414.0,414.0,414.0,414.0,415.0,415.0,415.0,415.0,417.0,419.0,420.0,422.0,422.0,424.0,425.0,428.0,430.0,432.0,433.0,434.0,437.0,437.0,438.0,438.0,438.0,438.0,439.0,440.0,440.0,442.0,444.0,445.0,447.0,449.0,453.0,456.0,459.0,459.0,460.0,461.0,461.0,466.0,467.0,469.0,470.0,472.0,475.0,477.0,479.0,479.0,480.0,483.0,484.0,484.0,486.0,489.0,490.0,494.0,496.0,496.0,496.0,497.0,497.0,498.0,500.0,501.0,501.0,501.0,502.0,507.0,509.0,509.0,509.0,,,,,,,,,518.0,520.0,520.0,522.0,523.0,523.0,523.0,524.0,529.0,529.0,529.0,529.0,529.0,529.0,529.0,529.0,529.0,529.0,529.0,529.0,529.0,529.0,529.0,529.0,529.0,529.0,529.0,529.0,529.0,529.0,529.0,529.0,529.0,529.0,529.0,529.0,529.0,529.0,529.0,529.0,529.0,529.0,529.0,529.0,529.0,529.0,529.0,529.0,529.0,529.0,529.0,529.0,529.0,529.0,529.0,529.0,529.0,529.0,529.0,529.0,529.0,529.0,529.0,529.0,529.0,529.0,529.0,529.0,529.0,529.0,529.0,529.0,529.0,529.0,529.0,529.0,529.0,529.0,529.0,529.0,529.0,529.0,529.0,529.0,529.0,529.0,529.0,529.0,529.0,529.0,529.0,529.0,529.0,529.0,529.0,529.0,529.0,529.0,529.0,529.0,529.0,529.0,529.0,529.0,529.0,529.0,529.0,529.0,529.0,529.0,529.0,529.0,529.0,529.0,529.0,529.0,529.0,529.0,529.0,529.0,529.0,,529.0,529.0,529.0,529.0,529.0,529.0,529.0,529.0,529.0,529.0,529.0,529.0,529.0,529.0,529.0,529.0,529.0,529.0,529.0,529.0,529.0,529.0,529.0,529.0,529.0,529.0,529.0,529.0,529.0,529.0,529.0,529.0,529.0,529.0,529.0,529.0,529.0,529.0,529.0,529.0,529.0,529.0,529.0,529.0,529.0,529.0,529.0,529.0,529.0,529.0,529.0,529.0,529.0,529.0,529.0,529.0,529.0,529.0,529.0,529.0,529.0,529.0,529.0,529.0,529.0,529.0,529.0,529.0,529.0,529.0,529.0,529.0,529.0,529.0,529.0,529.0,529.0,529.0,529.0,529.0,529.0,529.0,529.0,529.0,529.0,529.0,529.0,529.0,529.0,529.0,529.0,529.0,529.0,529.0,529.0,529.0,529.0,529.0,529.0,529.0,529.0,529.0,529.0,529.0,529.0,529.0,529.0,529.0,529.0,529.0,529.0,529.0,529.0,529
FyvhTnGFvVg,6286.0,6286.0,6288.0,6289.0,6291.0,6293.0,6295.0,6295.0,6298.0,6298.0,6299.0,6300.0,6304.0,6304.0,6305.0,6310.0,6313.0,6315.0,6322.0,6324.0,6326.0,6330.0,6335.0,6336.0,6343.0,6345.0,6345.0,6348.0,6352.0,6354.0,6357.0,6358.0,6364.0,6367.0,6370.0,6371.0,6374.0,6378.0,6381.0,6382.0,6383.0,6383.0,6388.0,6393.0,6402.0,6404.0,6405.0,6407.0,6411.0,6413.0,6415.0,6419.0,6419.0,6421.0,6424.0,6424.0,6424.0,6424.0,6424.0,6425.0,6426.0,6426.0,6426.0,6429.0,6429.0,6430.0,6430.0,6431.0,6432.0,6432.0,6433.0,6434.0,6436.0,6436.0,6437.0,6438.0,6438.0,6439.0,6440.0,6441.0,6492.0,6492.0,6493.0,6493.0,6493.0,6493.0,6495.0,6496.0,6498.0,6498.0,6498.0,6498.0,6498.0,6499.0,6499.0,6499.0,6500.0,6501.0,6502.0,6504.0,6504.0,6504.0,6506.0,6506.0,6506.0,6506.0,6506.0,6507.0,6507.0,6508.0,6509.0,6510.0,6511.0,6511.0,6512.0,6512.0,6512.0,6512.0,6512.0,6513.0,6513.0,6513.0,6513.0,6514.0,6514.0,6514.0,6515.0,6515.0,6517.0,6517.0,6518.0,6518.0,6520.0,6520.0,,,,,,,,,6525.0,6526.0,6527.0,6529.0,6530.0,6532.0,6533.0,6533.0,6533.0,6533.0,6534.0,6535.0,6536.0,6536.0,6537.0,6538.0,6539.0,6539.0,6543.0,6543.0,6545.0,6547.0,6548.0,6551.0,6553.0,6554.0,6556.0,6558.0,6559.0,6560.0,6562.0,6563.0,6565.0,6565.0,6567.0,6570.0,6571.0,6574.0,6574.0,6575.0,6575.0,6579.0,6580.0,6580.0,6580.0,6582.0,6584.0,6585.0,6588.0,6589.0,6591.0,6591.0,6592.0,6592.0,6596.0,6597.0,6597.0,6598.0,6599.0,6603.0,6607.0,6607.0,6608.0,6608.0,6609.0,6609.0,6611.0,6614.0,6615.0,6615.0,6615.0,6616.0,6616.0,6616.0,6617.0,6617.0,6617.0,6617.0,6617.0,6617.0,6618.0,6618.0,6619.0,6619.0,6619.0,6620.0,6621.0,6621.0,6623.0,6623.0,6624.0,6624.0,6626.0,6626.0,6626.0,6627.0,6628.0,6629.0,6629.0,6629.0,6629.0,6629.0,6629.0,6631.0,6631.0,6632.0,6635.0,6636.0,6637.0,6638.0,6639.0,6641.0,6643.0,6644.0,6645.0,6645.0,6647.0,6650.0,6652.0,6654.0,6656.0,,6658.0,6658.0,6658.0,6658.0,6660.0,6661.0,6662.0,6662.0,6665.0,6665.0,6666.0,6667.0,6667.0,6667.0,6668.0,6668.0,6675.0,6681.0,6686.0,6687.0,6688.0,6692.0,6697.0,6700.0,6701.0,6702.0,6702.0,6704.0,6705.0,6706.0,6707.0,6707.0,6709.0,6715.0,6717.0,6720.0,6722.0,6724.0,6725.0,6725.0,6726.0,6727.0,6728.0,6732.0,6733.0,6735.0,6735.0,6737.0,6737.0,6737.0,6740.0,6741.0,6741.0,6743.0,6744.0,6744.0,6745.0,6745.0,6747.0,6748.0,6748.0,6749.0,6749.0,6749.0,6749.0,6749.0,6749.0,6749.0,6750.0,6750.0,6751.0,6756.0,6759.0,6763.0,6767.0,6773.0,6775.0,6780.0,6785.0,6790.0,6794.0,6796.0,6796.0,6801.0,6805.0,6811.0,6819.0,6823.0,6826.0,6832.0,6835.0,6840.0,6846.0,6855.0,6866.0,6872.0,6883.0,6896.0,6912.0,6922.0,6938.0,6952.0,6961.0,6968.0,6976.0,6985.0,6988.0,6999.0,7008.0,7018.0,7029.0,7036.0,7038.0,7044
5LVfJ11H1bI,217.0,217.0,217.0,217.0,217.0,217.0,217.0,217.0,217.0,217.0,217.0,217.0,217.0,217.0,217.0,217.0,217.0,217.0,217.0,217.0,217.0,217.0,217.0,217.0,217.0,217.0,217.0,217.0,217.0,217.0,217.0,217.0,217.0,217.0,217.0,217.0,217.0,217.0,217.0,217.0,217.0,217.0,217.0,217.0,217.0,217.0,217.0,217.0,217.0,217.0,217.0,217.0,217.0,217.0,218.0,218.0,219.0,219.0,219.0,219.0,219.0,219.0,219.0,219.0,219.0,219.0,219.0,219.0,219.0,219.0,219.0,219.0,219.0,219.0,219.0,219.0,219.0,219.0,219.0,219.0,219.0,219.0,219.0,219.0,219.0,219.0,219.0,219.0,219.0,219.0,219.0,219.0,219.0,219.0,219.0,219.0,219.0,219.0,219.0,219.0,219.0,219.0,219.0,219.0,219.0,219.0,219.0,219.0,219.0,219.0,219.0,219.0,219.0,219.0,219.0,219.0,219.0,219.0,219.0,219.0,219.0,219.0,219.0,219.0,219.0,219.0,219.0,219.0,219.0,219.0,219.0,219.0,219.0,219.0,,,,,,,,,219.0,219.0,219.0,219.0,219.0,219.0,219.0,219.0,219.0,219.0,219.0,219.0,219.0,219.0,219.0,219.0,219.0,219.0,219.0,219.0,219.0,219.0,219.0,219.0,219.0,219.0,219.0,219.0,219.0,219.0,219.0,219.0,219.0,219.0,219.0,219.0,219.0,219.0,219.0,219.0,219.0,219.0,219.0,219.0,219.0,219.0,219.0,219.0,219.0,219.0,219.0,219.0,219.0,219.0,219.0,219.0,219.0,219.0,219.0,219.0,219.0,219.0,219.0,219.0,219.0,219.0,219.0,219.0,219.0,219.0,219.0,219.0,219.0,219.0,219.0,219.0,219.0,219.0,219.0,219.0,219.0,219.0,219.0,219.0,219.0,219.0,219.0,219.0,219.0,219.0,219.0,219.0,219.0,219.0,219.0,219.0,219.0,219.0,219.0,219.0,219.0,219.0,219.0,219.0,219.0,219.0,219.0,219.0,219.0,219.0,219.0,219.0,219.0,219.0,219.0,219.0,219.0,219.0,219.0,219.0,219.0,,219.0,219.0,219.0,219.0,219.0,219.0,219.0,219.0,219.0,219.0,219.0,219.0,219.0,219.0,219.0,219.0,219.0,219.0,219.0,219.0,219.0,219.0,219.0,219.0,219.0,219.0,219.0,219.0,219.0,219.0,219.0,219.0,219.0,219.0,219.0,219.0,219.0,219.0,219.0,219.0,219.0,220.0,220.0,220.0,220.0,220.0,220.0,220.0,220.0,220.0,220.0,220.0,220.0,220.0,220.0,220.0,220.0,220.0,220.0,220.0,220.0,220.0,220.0,220.0,220.0,220.0,220.0,220.0,220.0,220.0,220.0,220.0,220.0,220.0,220.0,220.0,220.0,220.0,220.0,220.0,220.0,220.0,220.0,220.0,220.0,220.0,220.0,220.0,220.0,220.0,220.0,220.0,220.0,220.0,220.0,220.0,220.0,220.0,220.0,220.0,220.0,220.0,220.0,220.0,220.0,220.0,220.0,220.0,220.0,220.0,220.0,220.0,220.0,220
FaeCD4fCjgo,7758.0,7759.0,7759.0,7760.0,7762.0,7762.0,7762.0,7762.0,7762.0,7763.0,7765.0,7765.0,7766.0,7768.0,7770.0,7770.0,7770.0,7771.0,7771.0,7772.0,7773.0,7773.0,7775.0,7776.0,7776.0,7776.0,7776.0,7776.0,7776.0,7777.0,7777.0,7778.0,7778.0,7779.0,7779.0,7781.0,7781.0,7782.0,7782.0,7783.0,7783.0,7784.0,7787.0,7788.0,7790.0,7789.0,7790.0,7791.0,7793.0,7794.0,7795.0,7799.0,7800.0,7804.0,7804.0,7804.0,7804.0,7805.0,7806.0,7807.0,7809.0,7811.0,7812.0,7812.0,7812.0,7812.0,7812.0,7813.0,7814.0,7819.0,7821.0,7822.0,7822.0,7824.0,7825.0,7826.0,7826.0,7826.0,7827.0,7827.0,7828.0,7828.0,7828.0,7829.0,7829.0,7831.0,7831.0,7832.0,7833.0,7834.0,7834.0,7835.0,7835.0,7835.0,7835.0,7836.0,7837.0,7840.0,7841.0,7844.0,7845.0,7845.0,7845.0,7845.0,7845.0,7847.0,7848.0,7848.0,7848.0,7848.0,7849.0,7849.0,7850.0,7850.0,7851.0,7851.0,7851.0,7852.0,7853.0,7853.0,7854.0,7855.0,7855.0,7855.0,7855.0,7856.0,7857.0,7858.0,7858.0,7859.0,7860.0,7860.0,7861.0,7861.0,,,,,,,,,7863.0,7863.0,7863.0,7864.0,7864.0,7864.0,7864.0,7864.0,7867.0,7868.0,7868.0,7869.0,7870.0,7870.0,7870.0,7871.0,7872.0,7873.0,7874.0,7875.0,7875.0,7877.0,7877.0,7877.0,7878.0,7879.0,7879.0,7881.0,7882.0,7883.0,7883.0,7883.0,7883.0,7884.0,7885.0,7886.0,7886.0,7886.0,7887.0,7887.0,7887.0,7887.0,7887.0,7888.0,7890.0,7890.0,7891.0,7893.0,7893.0,7893.0,7894.0,7894.0,7895.0,7896.0,7898.0,7898.0,7898.0,7899.0,7900.0,7900.0,7900.0,7901.0,7902.0,7902.0,7902.0,7902.0,7902.0,7904.0,7904.0,7905.0,7905.0,7906.0,7907.0,7907.0,7907.0,7907.0,7908.0,7909.0,7910.0,7912.0,7913.0,7913.0,7918.0,7918.0,7919.0,7921.0,7924.0,7926.0,7926.0,7927.0,7927.0,7927.0,7928.0,7929.0,7929.0,7929.0,7929.0,7929.0,7929.0,7929.0,7930.0,7930.0,7933.0,7933.0,7935.0,7935.0,7935.0,7937.0,7939.0,7939.0,7939.0,7939.0,7939.0,7940.0,7941.0,7942.0,7942.0,7942.0,7942.0,7942.0,7945.0,,7946.0,7956.0,7958.0,7963.0,7963.0,7963.0,7959.0,7960.0,7960.0,7962.0,7962.0,7964.0,7964.0,7964.0,7965.0,7966.0,7966.0,7966.0,7967.0,7967.0,7968.0,7969.0,7970.0,7972.0,7972.0,7973.0,7975.0,7975.0,7976.0,7977.0,7978.0,7978.0,7978.0,7978.0,7979.0,7980.0,7980.0,7983.0,7989.0,7989.0,7989.0,7990.0,7991.0,7991.0,7991.0,7992.0,7995.0,7996.0,7997.0,7997.0,7999.0,8002.0,8004.0,8004.0,8004.0,8009.0,8013.0,8014.0,8014.0,8018.0,8020.0,8023.0,8026.0,8027.0,8036.0,8047.0,8049.0,8052.0,8057.0,8062.0,8065.0,8067.0,8073.0,8075.0,8078.0,8078.0,8083.0,8083.0,8083.0,8086.0,8088.0,8089.0,8089.0,8090.0,8091.0,8091.0,8093.0,8095.0,8096.0,8096.0,8097.0,8098.0,8098.0,8099.0,8099.0,8099.0,8103.0,8103.0,8104.0,8104.0,8105.0,8107.0,8107.0,8108.0,8108.0,8111.0,8116.0,8116.0,8116.0,8116.0,8119.0,8119.0,8119.0,8120
rIsC8b9TX_o,3163.0,3163.0,3165.0,3165.0,3165.0,3167.0,3167.0,3168.0,3170.0,3172.0,3172.0,3175.0,3177.0,3177.0,3178.0,3178.0,3180.0,3182.0,3183.0,3183.0,3184.0,3184.0,3185.0,3187.0,3187.0,3187.0,3187.0,3187.0,3187.0,3188.0,3188.0,3188.0,3191.0,3193.0,3194.0,3193.0,3193.0,3194.0,3194.0,3194.0,3195.0,3197.0,3198.0,3200.0,3202.0,3203.0,3203.0,3203.0,3204.0,3204.0,3204.0,3204.0,3205.0,3208.0,3209.0,3209.0,3209.0,3213.0,3214.0,3214.0,3214.0,3215.0,3216.0,3218.0,3218.0,3218.0,3219.0,3224.0,3225.0,3225.0,3227.0,3227.0,3229.0,3229.0,3229.0,3230.0,3232.0,3233.0,3234.0,3234.0,3234.0,3234.0,3237.0,3238.0,3240.0,3240.0,3240.0,3242.0,3242.0,3243.0,3244.0,3245.0,3247.0,3247.0,3248.0,3248.0,3249.0,3250.0,3250.0,3250.0,3252.0,3252.0,3252.0,3253.0,3253.0,3253.0,3253.0,3255.0,3256.0,3257.0,3258.0,3258.0,3260.0,3260.0,3260.0,3260.0,3260.0,3261.0,3262.0,3263.0,3263.0,3264.0,3264.0,3265.0,3265.0,3265.0,3265.0,3265.0,3265.0,3266.0,3266.0,3268.0,3271.0,3271.0,,,,,,,,,3278.0,3279.0,3282.0,3282.0,3282.0,3283.0,3284.0,3284.0,3286.0,3286.0,3288.0,3288.0,3288.0,3288.0,3288.0,3289.0,3289.0,3290.0,3290.0,3291.0,3292.0,3293.0,3293.0,3293.0,3295.0,3295.0,3295.0,3295.0,3295.0,3295.0,3295.0,3295.0,3295.0,3295.0,3296.0,3297.0,3299.0,3300.0,3301.0,3304.0,3305.0,3306.0,3306.0,3307.0,3307.0,3308.0,3309.0,3312.0,3312.0,3313.0,3314.0,3315.0,3315.0,3315.0,3315.0,3315.0,3316.0,3316.0,3316.0,3317.0,3318.0,3318.0,3319.0,3319.0,3320.0,3320.0,3320.0,3320.0,3320.0,3321.0,3321.0,3321.0,3321.0,3323.0,3323.0,3323.0,3323.0,3324.0,3325.0,3325.0,3326.0,3326.0,3327.0,3327.0,3327.0,3328.0,3328.0,3329.0,3329.0,3330.0,3330.0,3330.0,3330.0,3330.0,3331.0,3332.0,3333.0,3333.0,3333.0,3333.0,3333.0,3333.0,3334.0,3334.0,3335.0,3334.0,3334.0,3334.0,3335.0,3335.0,3335.0,3335.0,3336.0,3336.0,3337.0,3337.0,3337.0,3337.0,3338.0,3338.0,3338.0,,3339.0,3340.0,3340.0,3340.0,3340.0,3340.0,3340.0,3340.0,3340.0,3340.0,3341.0,3341.0,3341.0,3341.0,3341.0,3342.0,3342.0,3344.0,3344.0,3344.0,3346.0,3347.0,3347.0,3348.0,3348.0,3348.0,3349.0,3349.0,3349.0,3349.0,3350.0,3351.0,3351.0,3351.0,3351.0,3351.0,3351.0,3353.0,3355.0,3354.0,3354.0,3354.0,3354.0,3354.0,3354.0,3354.0,3355.0,3355.0,3355.0,3355.0,3355.0,3355.0,3355.0,3355.0,3355.0,3355.0,3355.0,3355.0,3356.0,3356.0,3356.0,3356.0,3357.0,3357.0,3357.0,3357.0,3357.0,3357.0,3357.0,3359.0,3360.0,3360.0,3360.0,3360.0,3360.0,3361.0,3361.0,3361.0,3361.0,3361.0,3361.0,3361.0,3361.0,3361.0,3361.0,3361.0,3361.0,3362.0,3362.0,3362.0,3364.0,3364.0,3365.0,3365.0,3365.0,3366.0,3367.0,3367.0,3367.0,3367.0,3367.0,3367.0,3367.0,3367.0,3367.0,3367.0,3367.0,3367.0,3367.0,3367.0,3367.0,3367.0,3367.0,3367
AaW53fbXO_U,1207.0,1208.0,1209.0,1210.0,1212.0,1219.0,1221.0,1223.0,1225.0,1228.0,1228.0,1229.0,1231.0,1232.0,1235.0,1235.0,1238.0,1240.0,1249.0,1251.0,1254.0,1258.0,1260.0,1261.0,1266.0,1270.0,1275.0,1285.0,1288.0,1289.0,1289.0,1292.0,1293.0,1294.0,1294.0,1294.0,1298.0,1299.0,1299.0,1302.0,1305.0,1309.0,1310.0,1311.0,1311.0,1311.0,1312.0,1314.0,1316.0,1323.0,1323.0,1326.0,1329.0,1332.0,1333.0,1337.0,1338.0,1338.0,1338.0,1338.0,1338.0,1338.0,1338.0,1338.0,1341.0,1343.0,1344.0,1349.0,1352.0,1353.0,1356.0,1357.0,1360.0,1365.0,1367.0,1370.0,1372.0,1376.0,1377.0,1380.0,1382.0,1384.0,1385.0,1386.0,1390.0,1394.0,1396.0,1398.0,1400.0,1403.0,1403.0,1404.0,1406.0,1406.0,1406.0,1408.0,1408.0,1408.0,1409.0,1415.0,1416.0,1418.0,1418.0,1422.0,1424.0,1428.0,1428.0,1432.0,1433.0,1434.0,1436.0,1438.0,1438.0,1440.0,1441.0,1442.0,1445.0,1445.0,1446.0,1448.0,1450.0,1450.0,1451.0,1451.0,1452.0,1452.0,1452.0,1452.0,1452.0,1452.0,1452.0,1452.0,1452.0,1452.0,,,,,,,,,1452.0,1452.0,1452.0,1452.0,1452.0,1452.0,1452.0,1452.0,1452.0,1452.0,1452.0,1452.0,1452.0,1452.0,1452.0,1452.0,1452.0,1452.0,1452.0,1452.0,1452.0,1452.0,1452.0,1452.0,1452.0,1452.0,1452.0,1452.0,1452.0,1452.0,1452.0,1452.0,1452.0,1452.0,1452.0,1452.0,1452.0,1452.0,1452.0,1452.0,1452.0,1452.0,1452.0,1452.0,1452.0,1452.0,1452.0,1452.0,1452.0,1452.0,1452.0,1452.0,1452.0,1452.0,1452.0,1452.0,1452.0,1452.0,1452.0,1452.0,1452.0,1452.0,1452.0,1452.0,1452.0,1452.0,1452.0,1452.0,1452.0,1452.0,1452.0,1452.0,1452.0,1452.0,1452.0,1452.0,1452.0,1452.0,1452.0,1452.0,1452.0,1452.0,1452.0,1452.0,1452.0,1452.0,1452.0,1452.0,1452.0,1452.0,1452.0,1452.0,1452.0,1452.0,1452.0,1452.0,1452.0,1452.0,1452.0,1452.0,1452.0,1452.0,1452.0,1452.0,1452.0,1452.0,1452.0,1452.0,1452.0,1452.0,1452.0,1452.0,1452.0,1452.0,1452.0,1452.0,1452.0,1452.0,1452.0,1452.0,1452.0,,1452.0,1452.0,1452.0,1452.0,1452.0,1452.0,1452.0,1452.0,1452.0,1452.0,1452.0,1452.0,1452.0,1452.0,1452.0,1452.0,1452.0,1452.0,1452.0,1452.0,1452.0,1452.0,1452.0,1452.0,1452.0,1452.0,1452.0,1452.0,1452.0,1452.0,1452.0,1452.0,1452.0,1452.0,1452.0,1452.0,1452.0,1452.0,1452.0,1452.0,1452.0,1452.0,1452.0,1452.0,1452.0,1452.0,1452.0,1452.0,1452.0,1452.0,1452.0,1452.0,1452.0,1452.0,1452.0,1452.0,1452.0,1452.0,1452.0,1452.0,1452.0,1452.0,1452.0,1452.0,1452.0,1452.0,1452.0,1452.0,1452.0,1452.0,1452.0,1452.0,1452.0,1452.0,1452.0,1452.0,1452.0,1452.0,1452.0,1452.0,1452.0,1452.0,1452.0,1452.0,1452.0,1452.0,1452.0,1452.0,1452.0,1452.0,1452.0,1452.0,1452.0,1452.0,1452.0,1452.0,1452.0,1452.0,1452.0,1452.0,1452.0,1452.0,1452.0,1452.0,1452.0,1452.0,1452.0,1452.0,1452.0,1452.0,1452.0,1452.0,1452.0,1452
VN7iOPzLENw,329214.0,329575.0,329902.0,330280.0,330602.0,330920.0,331217.0,331497.0,331783.0,332172.0,332511.0,332784.0,333054.0,333368.0,333724.0,334120.0,334505.0,334845.0,335204.0,335520.0,335867.0,336241.0,336787.0,337177.0,337581.0,337995.0,338433.0,338875.0,339255.0,339560.0,339937.0,340323.0,340687.0,341036.0,341380.0,341872.0,342366.0,342783.0,343115.0,343429.0,343776.0,344075.0,344385.0,344733.0,345051.0,345326.0,345631.0,345907.0,346169.0,346434.0,346656.0,346914.0,347193.0,347427.0,347662.0,347933.0,348223.0,348530.0,348921.0,349256.0,349607.0,349939.0,350296.0,350584.0,350929.0,351310.0,351624.0,351881.0,352168.0,352474.0,352738.0,353089.0,353445.0,353745.0,353997.0,354271.0,354574.0,354866.0,355166.0,355454.0,355744.0,355984.0,356245.0,356459.0,356701.0,356938.0,357126.0,357342.0,357530.0,357773.0,358042.0,358359.0,358579.0,358821.0,359146.0,359333.0,359575.0,359828.0,360089.0,360377.0,360628.0,360885.0,361100.0,361328.0,361566.0,361773.0,362008.0,362269.0,362534.0,362720.0,362972.0,363160.0,363388.0,363628.0,363890.0,364136.0,364372.0,364654.0,364884.0,365188.0,365428.0,365735.0,365985.0,366254.0,366517.0,366857.0,367161.0,367479.0,367705.0,367975.0,368225.0,368519.0,368778.0,369024.0,,,,,,,,,371926.0,372178.0,372454.0,372837.0,373140.0,373641.0,374376.0,375064.0,375758.0,376283.0,376846.0,377525.0,378053.0,378660.0,379160.0,379732.0,380096.0,380537.0,380982.0,381291.0,381558.0,381754.0,381963.0,382150.0,382396.0,382622.0,382803.0,383052.0,383287.0,383481.0,383712.0,383908.0,384079.0,384304.0,384484.0,384710.0,384875.0,385081.0,385301.0,385505.0,385687.0,385913.0,386134.0,386336.0,386526.0,386740.0,386984.0,387205.0,387379.0,387615.0,387836.0,388055.0,388259.0,388493.0,388679.0,388877.0,389058.0,389264.0,389478.0,389723.0,389918.0,390129.0,390290.0,390458.0,390607.0,390809.0,391015.0,391225.0,391389.0,391533.0,391695.0,391885.0,392080.0,392305.0,392556.0,392806.0,393082.0,393369.0,393663.0,393956.0,394242.0,394485.0,394827.0,395206.0,395514.0,395779.0,396062.0,396403.0,396708.0,396970.0,397270.0,397466.0,397708.0,397863.0,398112.0,398367.0,398606.0,398850.0,399070.0,399324.0,399570.0,399750.0,399954.0,400167.0,400400.0,400657.0,400867.0,401028.0,401244.0,401421.0,401613.0,401787.0,401986.0,402195.0,402367.0,402544.0,402726.0,402918.0,403084.0,403286.0,403470.0,,403879.0,404067.0,404231.0,404391.0,404570.0,404787.0,404981.0,405228.0,405454.0,405644.0,405882.0,406089.0,406284.0,406511.0,406694.0,406887.0,407088.0,407291.0,407487.0,407688.0,407869.0,408046.0,408214.0,408401.0,408583.0,408753.0,408922.0,409094.0,409263.0,409501.0,409728.0,409955.0,410180.0,410358.0,410584.0,410806.0,411013.0,411212.0,411398.0,411604.0,411793.0,411948.0,412166.0,412387.0,412607.0,412832.0,413020.0,413242.0,413416.0,413561.0,413725.0,413866.0,414027.0,414189.0,414356.0,414497.0,414681.0,414841.0,414998.0,415140.0,415303.0,415470.0,415618.0,415735.0,415900.0,416016.0,416172.0,416318.0,416462.0,416618.0,416714.0,416839.0,416954.0,417107.0,417237.0,417307.0,417395.0,417462.0,417551.0,417627.0,417693.0,417773.0,417840.0,417917.0,417990.0,418058.0,418130.0,418210.0,418271.0,418340.0,418426.0,418480.0,418551.0,418622.0,418691.0,418758.0,418822.0,418897.0,418955.0,419023.0,419118.0,419206.0,419306.0,419373.0,419442.0,419501.0,419574.0,419650.0,419729.0,419822.0,419893.0,419961.0,420034.0,420112
BkpHnGzeCTo,686597.0,686703.0,686834.0,686966.0,687111.0,687265.0,687385.0,687525.0,687665.0,687857.0,687979.0,688068.0,688223.0,688349.0,688463.0,688582.0,688708.0,688838.0,688954.0,689060.0,689171.0,689320.0,689465.0,689585.0,689731.0,689842.0,689960.0,690098.0,690192.0,690301.0,690426.0,690561.0,690690.0,690802.0,690915.0,691036.0,691182.0,691320.0,691442.0,691563.0,691709.0,691828.0,691954.0,692078.0,692203.0,692314.0,692448.0,692561.0,692727.0,692833.0,692949.0,693076.0,693171.0,693275.0,693392.0,693482.0,693604.0,693691.0,693803.0,693915.0,694047.0,694187.0,694296.0,694382.0,694526.0,694639.0,694780.0,694890.0,694977.0,695084.0,695192.0,695295.0,695391.0,695494.0,695580.0,695688.0,695779.0,695863.0,695957.0,696062.0,696158.0,696257.0,696352.0,696443.0,696526.0,696600.0,696671.0,696743.0,696825.0,696896.0,696971.0,697053.0,697135.0,697228.0,697328.0,697418.0,697526.0,697606.0,697700.0,697806.0,697915.0,698017.0,698100.0,698194.0,698274.0,698372.0,698449.0,698552.0,698640.0,698735.0,698821.0,698923.0,699019.0,699143.0,699255.0,699361.0,699480.0,699597.0,699689.0,699841.0,699972.0,700111.0,700245.0,700328.0,700428.0,700529.0,700643.0,700735.0,700856.0,700974.0,701052.0,701133.0,701198.0,701270.0,,,,,,,,,701834.0,701909.0,701980.0,702046.0,702095.0,702155.0,702235.0,702293.0,702368.0,702429.0,702492.0,702544.0,702599.0,702656.0,702708.0,702756.0,702802.0,702861.0,702905.0,702947.0,703005.0,703059.0,703107.0,703170.0,703219.0,703258.0,703304.0,703358.0,703401.0,703460.0,703521.0,703571.0,703638.0,703684.0,703726.0,703775.0,703823.0,703870.0,703942.0,703990.0,704052.0,704087.0,704145.0,704195.0,704251.0,704306.0,704371.0,704453.0,704511.0,704584.0,704633.0,704686.0,704745.0,704805.0,704865.0,704929.0,704987.0,705042.0,705106.0,705175.0,705228.0,705274.0,705333.0,705379.0,705428.0,705519.0,705590.0,705672.0,705749.0,705816.0,705896.0,705951.0,706018.0,706098.0,706187.0,706272.0,706371.0,706448.0,706535.0,706616.0,706698.0,706776.0,706870.0,706977.0,707066.0,707154.0,707229.0,707305.0,707372.0,707439.0,707500.0,707579.0,707639.0,707707.0,707774.0,707839.0,707913.0,708005.0,708071.0,708157.0,708238.0,708315.0,708402.0,708487.0,708561.0,708654.0,708733.0,708814.0,708908.0,709005.0,709074.0,709153.0,709219.0,709287.0,709356.0,709411.0,709488.0,709565.0,709642.0,709709.0,709790.0,,709930.0,710010.0,710059.0,710134.0,710211.0,710282.0,710367.0,710451.0,710532.0,710622.0,710712.0,710827.0,710903.0,710980.0,711039.0,711119.0,711182.0,711240.0,711324.0,711402.0,711483.0,711589.0,711680.0,711758.0,711842.0,711924.0,712006.0,712073.0,712151.0,712254.0,712365.0,712479.0,712587.0,712695.0,712812.0,712907.0,713016.0,713113.0,713195.0,713281.0,713378.0,713466.0,713543.0,713614.0,713714.0,713784.0,713884.0,713989.0,714085.0,714150.0,714245.0,714319.0,714416.0,714514.0,714627.0,714715.0,714817.0,714932.0,715028.0,715138.0,715251.0,715354.0,715432.0,715516.0,715602.0,715689.0,715768.0,715863.0,715948.0,716025.0,716088.0,716177.0,716238.0,716297.0,716372.0,716448.0,716510.0,716585.0,716636.0,716709.0,716767.0,716826.0,716909.0,716969.0,717026.0,717073.0,717120.0,717173.0,717224.0,717291.0,717347.0,717401.0,717451.0,717502.0,717553.0,717618.0,717670.0,717726.0,717782.0,717831.0,717906.0,717997.0,718061.0,718125.0,718198.0,718264.0,718339.0,718403.0,718456.0,718530.0,718610.0,718728.0,718796.0,718867
eCjgH4Ed3BA,5206.0,5211.0,5219.0,5230.0,5246.0,5258.0,5276.0,5285.0,5296.0,5306.0,5322.0,5331.0,5342.0,5347.0,5359.0,5372.0,5388.0,5394.0,5407.0,5416.0,5428.0,5447.0,5457.0,5467.0,5473.0,5482.0,5491.0,5501.0,5508.0,5521.0,5533.0,5543.0,5552.0,5557.0,5565.0,5577.0,5588.0,5597.0,5610.0,5623.0,5646.0,5670.0,5686.0,5696.0,5715.0,5732.0,5751.0,5776.0,5798.0,5836.0,5873.0,5912.0,5935.0,5962.0,5999.0,6021.0,6044.0,6086.0,6104.0,6121.0,6147.0,6179.0,6206.0,6225.0,6244.0,6263.0,6276.0,6292.0,6306.0,6326.0,6339.0,6358.0,6370.0,6375.0,6387.0,6410.0,6429.0,6446.0,6459.0,6472.0,6479.0,6498.0,6524.0,6538.0,6562.0,6573.0,6582.0,6586.0,6595.0,6611.0,6629.0,6650.0,6674.0,6679.0,6696.0,6702.0,6716.0,6729.0,6744.0,6768.0,6784.0,6796.0,6805.0,6819.0,6825.0,6846.0,6861.0,6875.0,6891.0,6904.0,6913.0,6935.0,6949.0,6981.0,7009.0,7038.0,7064.0,7094.0,7125.0,7162.0,7214.0,7244.0,7275.0,7306.0,7322.0,7348.0,7375.0,7394.0,7425.0,7445.0,7462.0,7484.0,7497.0,7510.0,,,,,,,,,7672.0,7689.0,7707.0,7735.0,7750.0,7783.0,7810.0,7835.0,7860.0,7880.0,7908.0,7934.0,7958.0,7988.0,8010.0,8039.0,8062.0,8090.0,8115.0,8133.0,8143.0,8153.0,8167.0,8177.0,8187.0,8203.0,8223.0,8242.0,8262.0,8280.0,8295.0,8317.0,8329.0,8349.0,8361.0,8375.0,8385.0,8395.0,8417.0,8427.0,8458.0,8476.0,8507.0,8519.0,8539.0,8563.0,8585.0,8596.0,8615.0,8637.0,8656.0,8671.0,8708.0,8735.0,8744.0,8759.0,8769.0,8777.0,8790.0,8800.0,8819.0,8832.0,8842.0,8858.0,8869.0,8887.0,8908.0,8916.0,8927.0,8943.0,8958.0,8971.0,8992.0,9019.0,9038.0,9058.0,9086.0,9103.0,9118.0,9139.0,9157.0,9170.0,9194.0,9221.0,9239.0,9259.0,9280.0,9305.0,9324.0,9350.0,9364.0,9376.0,9387.0,9401.0,9428.0,9443.0,9461.0,9471.0,9486.0,9500.0,9511.0,9523.0,9534.0,9552.0,9573.0,9595.0,9614.0,9634.0,9654.0,9674.0,9686.0,9718.0,9737.0,9745.0,9759.0,9770.0,9773.0,9797.0,9807.0,9819.0,9824.0,,9847.0,9863.0,9879.0,9886.0,9896.0,9906.0,9925.0,9940.0,9948.0,9958.0,9976.0,9985.0,9994.0,10014.0,10030.0,10048.0,10065.0,10077.0,10085.0,10094.0,10113.0,10142.0,10159.0,10176.0,10185.0,10190.0,10197.0,10214.0,10234.0,10245.0,10267.0,10284.0,10304.0,10311.0,10325.0,10350.0,10367.0,10379.0,10394.0,10406.0,10417.0,10428.0,10440.0,10455.0,10464.0,10484.0,10502.0,10533.0,10550.0,10574.0,10596.0,10633.0,10651.0,10662.0,10680.0,10693.0,10711.0,10728.0,10750.0,10767.0,10776.0,10787.0,10799.0,10816.0,10838.0,10866.0,10902.0,10942.0,10967.0,10986.0,11006.0,11026.0,11050.0,11067.0,11078.0,11088.0,11109.0,11125.0,11143.0,11159.0,11174.0,11192.0,11204.0,11210.0,11216.0,11228.0,11239.0,11259.0,11265.0,11271.0,11285.0,11294.0,11305.0,11314.0,11328.0,11343.0,11352.0,11355.0,11364.0,11374.0,11390.0,11415.0,11448.0,11465.0,11477.0,11493.0,11514.0,11526.0,11535.0,11555.0,11566.0,11577.0,11600.0,11610
AWuTbCIHTS8,288827.0,288858.0,288900.0,288940.0,289001.0,289066.0,289123.0,289178.0,289228.0,289290.0,289341.0,289393.0,289442.0,289486.0,289535.0,289577.0,289621.0,289679.0,289728.0,289776.0,289827.0,289875.0,289926.0,289963.0,290011.0,290106.0,290164.0,290214.0,290259.0,290319.0,290370.0,290407.0,290475.0,290519.0,290581.0,290618.0,290692.0,290757.0,290796.0,290843.0,290875.0,290914.0,290948.0,290993.0,291028.0,291068.0,291114.0,291146.0,291174.0,291202.0,291240.0,291269.0,291286.0,291323.0,291370.0,291397.0,291440.0,291477.0,291512.0,291563.0,291601.0,291635.0,291672.0,291710.0,291748.0,291782.0,291809.0,291843.0,291873.0,291902.0,291940.0,291982.0,292004.0,292044.0,292096.0,292137.0,292185.0,292215.0,292254.0,292295.0,292347.0,292389.0,292425.0,292462.0,292495.0,292534.0,292567.0,292590.0,292620.0,292647.0,292676.0,292719.0,292756.0,292798.0,292826.0,292862.0,292898.0,292928.0,292968.0,293004.0,293035.0,293064.0,293092.0,293132.0,293160.0,293178.0,293204.0,293242.0,293266.0,293305.0,293334.0,293370.0,293418.0,293461.0,293499.0,293525.0,293555.0,293593.0,293631.0,293658.0,293680.0,293704.0,293744.0,293769.0,293788.0,293813.0,293836.0,293870.0,293897.0,293927.0,293952.0,293971.0,293992.0,294025.0,,,,,,,,,294312.0,294352.0,294388.0,294413.0,294434.0,294455.0,294486.0,294518.0,294552.0,294588.0,294615.0,294647.0,294678.0,294707.0,294729.0,294748.0,294775.0,294806.0,294857.0,294885.0,294904.0,294935.0,294957.0,294978.0,295005.0,295028.0,295061.0,295084.0,295122.0,295140.0,295172.0,295200.0,295226.0,295249.0,295276.0,295297.0,295310.0,295324.0,295340.0,295368.0,295390.0,295411.0,295439.0,295464.0,295493.0,295521.0,295548.0,295574.0,295604.0,295625.0,295648.0,295679.0,295703.0,295743.0,295765.0,295796.0,295819.0,295844.0,295886.0,295923.0,295956.0,295991.0,296017.0,296050.0,296083.0,296129.0,296155.0,296180.0,296201.0,296214.0,296234.0,296269.0,296295.0,296315.0,296343.0,296375.0,296415.0,296443.0,296461.0,296502.0,296546.0,296568.0,296590.0,296622.0,296647.0,296683.0,296713.0,296746.0,296785.0,296814.0,296837.0,296860.0,296885.0,296909.0,296934.0,296952.0,296985.0,297010.0,297042.0,297077.0,297111.0,297134.0,297174.0,297196.0,297214.0,297237.0,297255.0,297272.0,297291.0,297317.0,297347.0,297380.0,297404.0,297431.0,297453.0,297476.0,297517.0,297548.0,297584.0,297620.0,297645.0,,297710.0,297732.0,297752.0,297776.0,297799.0,297819.0,297841.0,297870.0,297895.0,297920.0,297951.0,297975.0,298011.0,298040.0,298071.0,298099.0,298137.0,298166.0,298191.0,298227.0,298277.0,298330.0,298368.0,298404.0,298439.0,298473.0,298492.0,298524.0,298564.0,298594.0,298630.0,298657.0,298681.0,298701.0,298730.0,298765.0,298791.0,298820.0,298850.0,298879.0,298908.0,298932.0,298961.0,298994.0,299020.0,299052.0,299076.0,299103.0,299125.0,299155.0,299175.0,299201.0,299220.0,299242.0,299255.0,299279.0,299325.0,299352.0,299372.0,299399.0,299411.0,299427.0,299467.0,299491.0,299518.0,299542.0,299573.0,299589.0,299605.0,299631.0,299648.0,299678.0,299703.0,299724.0,299748.0,299778.0,299810.0,299839.0,299871.0,299903.0,299941.0,299975.0,300000.0,300021.0,300054.0,300071.0,300102.0,300137.0,300153.0,300180.0,300204.0,300222.0,300242.0,300266.0,300287.0,300316.0,300337.0,300359.0,300386.0,300415.0,300445.0,300460.0,300491.0,300517.0,300541.0,300569.0,300596.0,300617.0,300647.0,300669.0,300689.0,300726.0,300766.0,300793
m8eoU9SvPe8,146374.0,146386.0,146401.0,146419.0,146449.0,146481.0,146510.0,146523.0,146542.0,146583.0,146611.0,146633.0,146652.0,146674.0,146695.0,146713.0,146731.0,146754.0,146771.0,146790.0,146812.0,146832.0,146856.0,146868.0,146883.0,146898.0,146911.0,146922.0,146934.0,146949.0,146967.0,146978.0,146990.0,147006.0,147024.0,147048.0,147072.0,147104.0,147125.0,147146.0,147161.0,147185.0,147202.0,147225.0,147239.0,147253.0,147272.0,147292.0,147306.0,147323.0,147341.0,147364.0,147390.0,147409.0,147435.0,147452.0,147476.0,147506.0,147541.0,147578.0,147596.0,147627.0,147646.0,147672.0,147704.0,147721.0,147740.0,147774.0,147796.0,147825.0,147838.0,147860.0,147880.0,147908.0,147931.0,147955.0,147986.0,148012.0,148030.0,148057.0,148082.0,148112.0,148142.0,148168.0,148186.0,148258.0,148329.0,148367.0,148400.0,148425.0,148454.0,148487.0,148505.0,148531.0,148550.0,148568.0,148600.0,148625.0,148654.0,148678.0,148697.0,148724.0,148748.0,148764.0,148805.0,148833.0,148851.0,148871.0,148904.0,148925.0,148941.0,148967.0,148990.0,149020.0,149042.0,149063.0,149090.0,149107.0,149139.0,149159.0,149181.0,149214.0,149234.0,149264.0,149293.0,149325.0,149359.0,149396.0,149427.0,149450.0,149483.0,149512.0,149555.0,149607.0,,,,,,,,,149920.0,149950.0,149991.0,150048.0,150105.0,150135.0,150172.0,150207.0,150241.0,150281.0,150320.0,150354.0,150381.0,150409.0,150433.0,150449.0,150484.0,150520.0,150543.0,150564.0,150592.0,150616.0,150639.0,150665.0,150699.0,150712.0,150735.0,150767.0,150794.0,150810.0,150838.0,150868.0,150903.0,150931.0,150956.0,150979.0,151000.0,151026.0,151044.0,151081.0,151119.0,151155.0,151175.0,151212.0,151238.0,151279.0,151305.0,151340.0,151369.0,151393.0,151421.0,151454.0,151476.0,151506.0,151520.0,151556.0,151577.0,151603.0,151627.0,151650.0,151671.0,151708.0,151725.0,151755.0,151781.0,151804.0,151833.0,151858.0,151870.0,151881.0,151892.0,151905.0,151925.0,151935.0,151953.0,151964.0,151985.0,152000.0,152010.0,152027.0,152046.0,152060.0,152069.0,152088.0,152115.0,152127.0,152150.0,152176.0,152192.0,152209.0,152235.0,152269.0,152309.0,152365.0,152399.0,152459.0,152502.0,152526.0,152573.0,152611.0,152643.0,152688.0,152728.0,152770.0,152809.0,152845.0,152877.0,152896.0,152939.0,152974.0,153000.0,153033.0,153061.0,153098.0,153130.0,153163.0,153195.0,153221.0,153266.0,153310.0,153338.0,,153393.0,153418.0,153441.0,153471.0,153501.0,153525.0,153547.0,153575.0,153604.0,153656.0,153687.0,153718.0,153748.0,153780.0,153814.0,153856.0,153884.0,153922.0,153955.0,153983.0,154016.0,154054.0,154098.0,154129.0,154167.0,154180.0,154195.0,154227.0,154256.0,154288.0,154333.0,154366.0,154397.0,154434.0,154475.0,154503.0,154529.0,154558.0,154580.0,154598.0,154626.0,154666.0,154692.0,154729.0,154745.0,154774.0,154804.0,154831.0,154865.0,154897.0,154920.0,154948.0,154966.0,154987.0,155010.0,155032.0,155059.0,155092.0,155105.0,155134.0,155151.0,155169.0,155192.0,155212.0,155242.0,155264.0,155290.0,155316.0,155332.0,155359.0,155385.0,155412.0,155443.0,155458.0,155477.0,155514.0,155564.0,155581.0,155602.0,155622.0,155650.0,155672.0,155689.0,155715.0,155739.0,155770.0,155784.0,155800.0,155818.0,155829.0,155841.0,155863.0,155887.0,155909.0,155929.0,155946.0,155974.0,155988.0,156003.0,156022.0,156047.0,156069.0,156086.0,156107.0,156120.0,156148.0,156175.0,156193.0,156218.0,156248.0,156260.0,156289.0,156344.0,156369
lq66TmNRGuU,405837.0,405949.0,406028.0,406107.0,406287.0,406436.0,406562.0,406701.0,406799.0,406951.0,407067.0,407182.0,407303.0,407421.0,407535.0,407637.0,407720.0,407814.0,407889.0,407991.0,408113.0,408205.0,408346.0,408467.0,408551.0,408669.0,408770.0,408874.0,408996.0,409088.0,409177.0,409269.0,409347.0,409433.0,409524.0,409605.0,409706.0,409829.0,409938.0,410026.0,410122.0,410225.0,410317.0,410422.0,410535.0,410616.0,410734.0,410841.0,410952.0,411041.0,411130.0,411242.0,411340.0,411432.0,411522.0,411611.0,411720.0,411863.0,411967.0,412083.0,412190.0,412267.0,412373.0,412457.0,412562.0,412633.0,412715.0,412809.0,412875.0,412984.0,413083.0,413202.0,413308.0,413374.0,413464.0,413555.0,413658.0,413740.0,413851.0,413934.0,414026.0,414113.0,414187.0,414268.0,414355.0,414436.0,414532.0,414611.0,414685.0,414766.0,414839.0,414924.0,415000.0,415092.0,415179.0,415258.0,415346.0,415405.0,415483.0,415573.0,415673.0,415742.0,415812.0,415881.0,415950.0,416028.0,416109.0,416190.0,416283.0,416364.0,416453.0,416530.0,416632.0,416724.0,416829.0,416903.0,417015.0,417100.0,417233.0,417348.0,417423.0,417512.0,417578.0,417673.0,417791.0,417885.0,417978.0,418098.0,418188.0,418286.0,418373.0,418442.0,418519.0,418591.0,,,,,,,,,419493.0,419634.0,419840.0,420121.0,420388.0,420720.0,421048.0,421319.0,421549.0,421769.0,421939.0,422085.0,422216.0,422368.0,422490.0,422606.0,422713.0,422823.0,422959.0,423052.0,423138.0,423206.0,423266.0,423340.0,423422.0,423508.0,423594.0,423671.0,423771.0,423874.0,423956.0,424038.0,424117.0,424196.0,424288.0,424362.0,424428.0,424488.0,424571.0,424660.0,424758.0,424833.0,424907.0,424978.0,425039.0,425116.0,425187.0,425290.0,425405.0,425476.0,425563.0,425656.0,425770.0,425878.0,425961.0,426039.0,426094.0,426177.0,426257.0,426332.0,426394.0,426484.0,426583.0,426659.0,426741.0,426835.0,426928.0,427018.0,427100.0,427164.0,427217.0,427279.0,427338.0,427442.0,427491.0,427588.0,427699.0,427758.0,427835.0,427947.0,428037.0,428118.0,428209.0,428294.0,428375.0,428450.0,428528.0,428613.0,428694.0,428772.0,428876.0,428959.0,429046.0,429123.0,429226.0,429325.0,429409.0,429487.0,429579.0,429644.0,429732.0,429819.0,429900.0,429978.0,430077.0,430152.0,430206.0,430254.0,430342.0,430421.0,430488.0,430554.0,430627.0,430676.0,430749.0,430822.0,430921.0,430983.0,431074.0,431169.0,431247.0,,431425.0,431532.0,431638.0,431726.0,431813.0,431887.0,431962.0,432043.0,432145.0,432238.0,432335.0,432426.0,432531.0,432632.0,432741.0,432856.0,432957.0,433055.0,433165.0,433265.0,433369.0,433471.0,433573.0,433648.0,433735.0,433817.0,433893.0,433969.0,434064.0,434144.0,434209.0,434319.0,434397.0,434463.0,434548.0,434641.0,434705.0,434808.0,434888.0,434973.0,435048.0,435143.0,435202.0,435302.0,435403.0,435467.0,435587.0,435660.0,435754.0,435839.0,435903.0,435976.0,436053.0,436118.0,436194.0,436292.0,436388.0,436488.0,436580.0,436666.0,436747.0,436829.0,436907.0,436994.0,437069.0,437126.0,437191.0,437279.0,437353.0,437413.0,437464.0,437539.0,437602.0,437677.0,437741.0,437810.0,437870.0,437961.0,438040.0,438130.0,438217.0,438304.0,438368.0,438453.0,438523.0,438598.0,438654.0,438740.0,438818.0,438883.0,438944.0,439013.0,439087.0,439165.0,439238.0,439312.0,439381.0,439457.0,439524.0,439587.0,439646.0,439697.0,439756.0,439818.0,439899.0,439954.0,440046.0,440120.0,440201.0,440283.0,440345.0,440442.0,440504.0,440564
hjEypN9Vr8U,1951820.0,1952981.0,1954044.0,1955332.0,1956534.0,1957915.0,1958953.0,1960245.0,1961508.0,1962877.0,1963933.0,1964905.0,1966016.0,1967044.0,1968301.0,1969539.0,1970631.0,1971809.0,1972831.0,1973995.0,1975325.0,1976506.0,1977665.0,1978992.0,1980211.0,1981310.0,1982484.0,1983589.0,1984675.0,1985776.0,1986722.0,1987763.0,1988752.0,1989825.0,1990928.0,1992071.0,1993197.0,1994369.0,1995543.0,1996502.0,1997710.0,1998739.0,1999911.0,2000963.0,2002101.0,2002974.0,2004010.0,2005244.0,2006292.0,2007338.0,2008329.0,2009328.0,2010069.0,2010937.0,2011857.0,2012766.0,2013628.0,2014531.0,2015397.0,2016341.0,2017224.0,2018135.0,2019108.0,2020124.0,2021152.0,2022115.0,2023150.0,2024081.0,2025143.0,2026187.0,2027402.0,2028406.0,2029318.0,2030361.0,2031398.0,2032412.0,2033491.0,2034514.0,2035637.0,2036715.0,2037808.0,2038725.0,2039960.0,2041213.0,2042444.0,2043643.0,2044772.0,2045910.0,2046999.0,2048139.0,2049259.0,2050522.0,2051820.0,2052968.0,2053982.0,2055136.0,2056219.0,2057379.0,2058566.0,2059739.0,2060869.0,2061862.0,2062766.0,2063974.0,2065153.0,2066256.0,2067409.0,2068423.0,2069288.0,2070283.0,2071354.0,2072473.0,2073691.0,2074741.0,2075694.0,2076461.0,2077286.0,2078421.0,2079421.0,2080409.0,2081421.0,2082333.0,2083272.0,2084150.0,2085369.0,2086400.0,2087540.0,2088673.0,2089497.0,2090496.0,2091434.0,2092641.0,2093645.0,2094670.0,,,,,,,,,2104675.0,2105972.0,2107018.0,2108260.0,2109462.0,2110609.0,2111709.0,2112698.0,2113649.0,2114622.0,2115732.0,2116657.0,2117756.0,2118887.0,2119878.0,2120854.0,2121772.0,2122862.0,2123909.0,2124932.0,2125943.0,2127095.0,2128153.0,2129153.0,2130367.0,2131491.0,2132502.0,2133585.0,2134592.0,2135533.0,2136506.0,2137586.0,2138492.0,2139805.0,2140897.0,2141932.0,2142900.0,2143862.0,2144998.0,2146033.0,2147058.0,2148121.0,2149031.0,2149916.0,2150872.0,2151834.0,2152776.0,2153792.0,2154786.0,2155781.0,2156540.0,2157593.0,2158438.0,2159487.0,2160523.0,2161458.0,2162364.0,2163278.0,2164110.0,2165168.0,2166063.0,2166959.0,2167686.0,2168452.0,2169222.0,2170157.0,2171067.0,2171965.0,2172772.0,2173472.0,2174148.0,2175002.0,2175839.0,2176706.0,2177573.0,2178509.0,2179391.0,2180434.0,2181308.0,2182072.0,2183046.0,2183939.0,2184894.0,2185941.0,2186750.0,2187788.0,2188728.0,2189679.0,2190619.0,2191583.0,2192609.0,2193586.0,2194512.0,2195480.0,2196529.0,2197587.0,2198522.0,2199673.0,2200749.0,2201659.0,2202627.0,2203723.0,2204821.0,2205854.0,2206987.0,2207908.0,2208791.0,2209611.0,2210646.0,2211744.0,2212731.0,2213774.0,2214735.0,2215611.0,2216480.0,2217435.0,2218241.0,2219189.0,2220024.0,2221000.0,2222060.0,,2224163.0,2225159.0,2226267.0,2227242.0,2228189.0,2229004.0,2230164.0,2231080.0,2232147.0,2233104.0,2234122.0,2235128.0,2236007.0,2236968.0,2237943.0,2238847.0,2239890.0,2240819.0,2241833.0,2242718.0,2243507.0,2244321.0,2245205.0,2246117.0,2247063.0,2247941.0,2248884.0,2249780.0,2250791.0,2251750.0,2252812.0,2253694.0,2254609.0,2255366.0,2256304.0,2257287.0,2258264.0,2259133.0,2260112.0,2260994.0,2261816.0,2262712.0,2263711.0,2264656.0,2265577.0,2266639.0,2267637.0,2268514.0,2269383.0,2270318.0,2271222.0,2272175.0,2273208.0,2274224.0,2275149.0,2276139.0,2277115.0,2277982.0,2278941.0,2279873.0,2280842.0,2281732.0,2282585.0,2283559.0,2284526.0,2285489.0,2286373.0,2287397.0,2288346.0,2289383.0,2290449.0,2291387.0,2292409.0,2293467.0,2294361.0,2295418.0,2296401.0,2297572.0,2298707.0,2299788.0,2300829.0,2301778.0,2302701.0,2303727.0,2304809.0,2305846.0,2306988.0,2308063.0,2309090.0,2309914.0,2310895.0,2311944.0,2312849.0,2313969.0,2315028.0,2316026.0,2316932.0,2317809.0,2318950.0,2320007.0,2320978.0,2322008.0,2322943.0,2323874.0,2324781.0,2325684.0,2326702.0,2327669.0,2328580.0,2329451.0,2330250.0,2331039.0,2331979.0,2332894
HMAEgBrz7FM,1119.0,1132.0,1142.0,1156.0,1167.0,1171.0,1176.0,1179.0,1189.0,1192.0,1192.0,1198.0,1206.0,1208.0,1211.0,1213.0,1218.0,1229.0,1236.0,1238.0,1247.0,1249.0,1257.0,1260.0,1265.0,1269.0,1276.0,1282.0,1290.0,1295.0,1301.0,1307.0,1314.0,1319.0,1325.0,1332.0,1339.0,1346.0,1353.0,1358.0,1363.0,1365.0,1373.0,1375.0,1380.0,1389.0,1397.0,1408.0,1413.0,1417.0,1424.0,1426.0,1427.0,1434.0,1439.0,1443.0,1447.0,1449.0,1460.0,1463.0,1466.0,1469.0,1475.0,1480.0,1484.0,1490.0,1496.0,1507.0,1510.0,1517.0,1524.0,1525.0,1526.0,1530.0,1535.0,1539.0,1539.0,1542.0,1547.0,1548.0,1550.0,1554.0,1558.0,1560.0,1567.0,1575.0,1577.0,1588.0,1591.0,1592.0,1597.0,1601.0,1601.0,1605.0,1607.0,1612.0,1614.0,1617.0,1622.0,1627.0,1630.0,1631.0,1634.0,1634.0,1636.0,1640.0,1646.0,1648.0,1652.0,1655.0,1664.0,1665.0,1668.0,1676.0,1681.0,1686.0,1690.0,1695.0,1700.0,1701.0,1703.0,1705.0,1708.0,1710.0,1713.0,1713.0,1715.0,1717.0,1721.0,1724.0,1730.0,1732.0,1733.0,1735.0,,,,,,,,,1774.0,1779.0,1785.0,1792.0,1797.0,1802.0,1808.0,1814.0,1821.0,1822.0,1825.0,1830.0,1835.0,1841.0,1844.0,1844.0,1849.0,1852.0,1857.0,1861.0,1862.0,1864.0,1870.0,1871.0,1872.0,1872.0,1872.0,1875.0,1878.0,1881.0,1886.0,1888.0,1891.0,1896.0,1899.0,1902.0,1906.0,1908.0,1910.0,1918.0,1923.0,1926.0,1928.0,1934.0,1936.0,1941.0,1946.0,1952.0,1952.0,1961.0,1962.0,1969.0,1975.0,1980.0,1984.0,1986.0,1988.0,1993.0,1999.0,2003.0,2008.0,2015.0,2016.0,2023.0,2024.0,2032.0,2037.0,2052.0,2061.0,2069.0,2073.0,2077.0,2085.0,2095.0,2101.0,2103.0,2107.0,2111.0,2113.0,2116.0,2119.0,2123.0,2127.0,2130.0,2133.0,2136.0,2138.0,2140.0,2142.0,2142.0,2147.0,2151.0,2162.0,2166.0,2170.0,2173.0,2178.0,2181.0,2185.0,2187.0,2195.0,2199.0,2206.0,2212.0,2221.0,2227.0,2238.0,2245.0,2249.0,2252.0,2254.0,2258.0,2264.0,2267.0,2273.0,2279.0,2287.0,2290.0,2292.0,2298.0,2303.0,,2316.0,2326.0,2337.0,2343.0,2345.0,2346.0,2349.0,2351.0,2357.0,2359.0,2364.0,2368.0,2375.0,2377.0,2381.0,2387.0,2391.0,2394.0,2402.0,2402.0,2405.0,2408.0,2413.0,2419.0,2424.0,2432.0,2438.0,2445.0,2449.0,2455.0,2456.0,2461.0,2462.0,2467.0,2469.0,2475.0,2478.0,2488.0,2497.0,2501.0,2507.0,2512.0,2516.0,2523.0,2532.0,2542.0,2559.0,2572.0,2580.0,2599.0,2608.0,2619.0,2627.0,2635.0,2642.0,2655.0,2665.0,2677.0,2685.0,2692.0,2704.0,2710.0,2719.0,2736.0,2743.0,2757.0,2767.0,2780.0,2793.0,2799.0,2809.0,2816.0,2821.0,2832.0,2838.0,2842.0,2846.0,2849.0,2854.0,2861.0,2870.0,2876.0,2884.0,2890.0,2898.0,2903.0,2904.0,2909.0,2918.0,2919.0,2924.0,2929.0,2934.0,2940.0,2946.0,2951.0,2960.0,2965.0,2972.0,3026.0,3033.0,3037.0,3043.0,3047.0,3053.0,3057.0,3061.0,3062.0,3064.0,3070.0,3080.0,3085.0,3088.0,3091
6XEeBk7_9vQ,10153.0,10158.0,10164.0,10172.0,10177.0,10184.0,10196.0,10206.0,10210.0,10214.0,10219.0,10226.0,10234.0,10241.0,10248.0,10254.0,10267.0,10273.0,10280.0,10286.0,10292.0,10302.0,10307.0,10312.0,10317.0,10322.0,10333.0,10344.0,10354.0,10359.0,10362.0,10373.0,10376.0,10377.0,10384.0,10388.0,10393.0,10400.0,10404.0,10411.0,10418.0,10421.0,10424.0,10429.0,10431.0,10436.0,10438.0,10444.0,10447.0,10453.0,10457.0,10463.0,10468.0,10473.0,10477.0,10479.0,10488.0,10489.0,10496.0,10501.0,10503.0,10507.0,10511.0,10516.0,10522.0,10526.0,10529.0,10532.0,10537.0,10541.0,10545.0,10550.0,10553.0,10560.0,10572.0,10581.0,10585.0,10594.0,10595.0,10603.0,10605.0,10605.0,10612.0,10618.0,10622.0,10627.0,10631.0,10643.0,10646.0,10649.0,10656.0,10662.0,10667.0,10674.0,10678.0,10681.0,10687.0,10697.0,10702.0,10708.0,10710.0,10717.0,10723.0,10729.0,10736.0,10741.0,10749.0,10758.0,10761.0,10765.0,10773.0,10779.0,10782.0,10789.0,10795.0,10801.0,10808.0,10811.0,10814.0,10819.0,10825.0,10831.0,10834.0,10835.0,10839.0,10842.0,10846.0,10850.0,10854.0,10856.0,10861.0,10865.0,10869.0,10869.0,,,,,,,,,10914.0,10918.0,10920.0,10925.0,10933.0,10938.0,10945.0,10954.0,10962.0,10970.0,10972.0,10979.0,10984.0,10991.0,10992.0,10995.0,10999.0,11001.0,11008.0,11012.0,11016.0,11019.0,11022.0,11024.0,11025.0,11030.0,11030.0,11032.0,11032.0,11033.0,11034.0,11037.0,11040.0,11044.0,11049.0,11052.0,11055.0,11057.0,11061.0,11069.0,11071.0,11075.0,11078.0,11079.0,11085.0,11092.0,11099.0,11112.0,11122.0,11128.0,11133.0,11139.0,11142.0,11146.0,11150.0,11152.0,11161.0,11164.0,11169.0,11173.0,11177.0,11178.0,11181.0,11183.0,11184.0,11187.0,11190.0,11197.0,11201.0,11209.0,11213.0,11214.0,11218.0,11219.0,11222.0,11223.0,11227.0,11234.0,11236.0,11237.0,11242.0,11242.0,11246.0,11249.0,11254.0,11255.0,11257.0,11258.0,11265.0,11273.0,11279.0,11286.0,11290.0,11298.0,11304.0,11305.0,11310.0,11312.0,11318.0,11323.0,11327.0,11329.0,11333.0,11340.0,11346.0,11351.0,11353.0,11358.0,11360.0,11362.0,11364.0,11371.0,11375.0,11379.0,11380.0,11383.0,11386.0,11393.0,11396.0,11397.0,11402.0,,11408.0,11413.0,11419.0,11425.0,11425.0,11435.0,11438.0,11440.0,11446.0,11447.0,11450.0,11453.0,11458.0,11463.0,11464.0,11467.0,11469.0,11473.0,11476.0,11478.0,11480.0,11483.0,11485.0,11490.0,11498.0,11504.0,11508.0,11509.0,11515.0,11519.0,11523.0,11526.0,11531.0,11534.0,11544.0,11547.0,11550.0,11552.0,11556.0,11559.0,11559.0,11565.0,11569.0,11572.0,11576.0,11577.0,11580.0,11582.0,11584.0,11585.0,11587.0,11589.0,11590.0,11593.0,11595.0,11596.0,11600.0,11602.0,11604.0,11605.0,11609.0,11615.0,11617.0,11620.0,11622.0,11624.0,11630.0,11631.0,11632.0,11634.0,11638.0,11645.0,11648.0,11651.0,11653.0,11658.0,11663.0,11668.0,11672.0,11674.0,11675.0,11679.0,11681.0,11686.0,11688.0,11691.0,11696.0,11696.0,11700.0,11702.0,11703.0,11703.0,11707.0,11715.0,11715.0,11716.0,11719.0,11721.0,11723.0,11726.0,11727.0,11727.0,11731.0,11732.0,11734.0,11739.0,11743.0,11746.0,11749.0,11750.0,11750.0,11751.0,11754.0,11755
1Hva0Brkmlg,28218.0,28228.0,28236.0,28249.0,28263.0,28276.0,28286.0,28292.0,28302.0,28311.0,28322.0,28329.0,28336.0,28349.0,28361.0,28370.0,28382.0,28393.0,28408.0,28416.0,28436.0,28458.0,28463.0,28469.0,28480.0,28491.0,28496.0,28499.0,28510.0,28514.0,28527.0,28531.0,28540.0,28552.0,28562.0,28571.0,28576.0,28584.0,28596.0,28613.0,28629.0,28634.0,28645.0,28659.0,28677.0,28684.0,28692.0,28709.0,28720.0,28729.0,28737.0,28748.0,28756.0,28761.0,28770.0,28777.0,28786.0,28795.0,28809.0,28822.0,28832.0,28838.0,28850.0,28863.0,28866.0,28871.0,28877.0,28881.0,28883.0,28894.0,28899.0,28905.0,28912.0,28922.0,28928.0,28932.0,28941.0,28944.0,28947.0,28954.0,28959.0,28968.0,28974.0,28980.0,28991.0,29008.0,29014.0,29025.0,29033.0,29035.0,29039.0,29045.0,29054.0,29062.0,29071.0,29079.0,29088.0,29099.0,29107.0,29110.0,29117.0,29122.0,29129.0,29134.0,29140.0,29147.0,29156.0,29166.0,29179.0,29188.0,29194.0,29198.0,29210.0,29222.0,29233.0,29243.0,29257.0,29266.0,29316.0,29354.0,29371.0,29412.0,29443.0,29488.0,29521.0,29548.0,29589.0,29631.0,29656.0,29671.0,29686.0,29706.0,29732.0,29744.0,,,,,,,,,29975.0,29986.0,29999.0,30015.0,30022.0,30035.0,30051.0,30059.0,30077.0,30081.0,30089.0,30097.0,30112.0,30124.0,30140.0,30152.0,30162.0,30173.0,30190.0,30196.0,30206.0,30213.0,30223.0,30232.0,30238.0,30242.0,30250.0,30259.0,30267.0,30273.0,30281.0,30289.0,30296.0,30308.0,30329.0,30342.0,30349.0,30364.0,30377.0,30381.0,30399.0,30413.0,30420.0,30427.0,30435.0,30439.0,30441.0,30446.0,30455.0,30466.0,30469.0,30477.0,30480.0,30486.0,30492.0,30500.0,30512.0,30519.0,30525.0,30536.0,30540.0,30547.0,30554.0,30557.0,30565.0,30570.0,30588.0,30592.0,30599.0,30609.0,30615.0,30620.0,30620.0,30622.0,30627.0,30645.0,30651.0,30658.0,30660.0,30661.0,30667.0,30674.0,30680.0,30686.0,30698.0,30704.0,30709.0,30713.0,30718.0,30725.0,30727.0,30733.0,30740.0,30741.0,30751.0,30767.0,30775.0,30789.0,30797.0,30803.0,30805.0,30806.0,30811.0,30815.0,30823.0,30827.0,30833.0,30838.0,30846.0,30850.0,30854.0,30866.0,30870.0,30873.0,30879.0,30881.0,30885.0,30891.0,30896.0,30898.0,30904.0,,30910.0,30918.0,30923.0,30925.0,30936.0,30943.0,30952.0,30955.0,30961.0,30966.0,30981.0,30994.0,31001.0,31009.0,31015.0,31024.0,31030.0,31035.0,31048.0,31052.0,31057.0,31065.0,31074.0,31083.0,31087.0,31095.0,31107.0,31113.0,31120.0,31126.0,31132.0,31141.0,31146.0,31153.0,31164.0,31175.0,31187.0,31193.0,31202.0,31206.0,31216.0,31224.0,31230.0,31232.0,31237.0,31239.0,31242.0,31249.0,31253.0,31255.0,31263.0,31265.0,31268.0,31276.0,31280.0,31286.0,31289.0,31296.0,31299.0,31303.0,31309.0,31339.0,31347.0,31359.0,31374.0,31381.0,31392.0,31404.0,31413.0,31433.0,31440.0,31445.0,31451.0,31462.0,31469.0,31477.0,31486.0,31494.0,31501.0,31505.0,31516.0,31518.0,31528.0,31539.0,31549.0,31555.0,31559.0,31565.0,31575.0,31577.0,31582.0,31585.0,31593.0,31599.0,31604.0,31610.0,31616.0,31621.0,31625.0,31629.0,31634.0,31638.0,31646.0,31655.0,31661.0,31666.0,31670.0,31673.0,31681.0,31685.0,31694.0,31697.0,31706.0,31713
_k2yo9F4nqE,112385.0,112455.0,112535.0,112583.0,112622.0,112668.0,112716.0,112771.0,112829.0,112879.0,112922.0,112959.0,113012.0,113049.0,113094.0,113134.0,113169.0,113208.0,113231.0,113278.0,113329.0,113370.0,113413.0,113445.0,113496.0,113552.0,113603.0,113648.0,113688.0,113753.0,113812.0,113877.0,113921.0,113979.0,114022.0,114076.0,114114.0,114171.0,114207.0,114261.0,114294.0,114336.0,114385.0,114435.0,114483.0,114521.0,114567.0,114608.0,114658.0,114706.0,114757.0,114808.0,114851.0,114896.0,114941.0,114991.0,115040.0,115088.0,115136.0,115185.0,115227.0,115260.0,115307.0,115342.0,115372.0,115421.0,115450.0,115497.0,115552.0,115594.0,115632.0,115677.0,115725.0,115768.0,115803.0,115853.0,115877.0,115940.0,115999.0,116044.0,116088.0,116123.0,116152.0,116176.0,116201.0,116234.0,116267.0,116310.0,116337.0,116371.0,116408.0,116444.0,116481.0,116518.0,116552.0,116583.0,116627.0,116658.0,116700.0,116728.0,116763.0,116799.0,116824.0,116854.0,116917.0,116945.0,116969.0,116988.0,117023.0,117058.0,117086.0,117113.0,117142.0,117195.0,117229.0,117263.0,117295.0,117325.0,117368.0,117421.0,117467.0,117512.0,117547.0,117577.0,117615.0,117645.0,117674.0,117706.0,117747.0,117776.0,117805.0,117840.0,117879.0,117921.0,,,,,,,,,118307.0,118362.0,118410.0,118449.0,118485.0,118512.0,118551.0,118577.0,118610.0,118662.0,118698.0,118738.0,118771.0,118798.0,118824.0,118870.0,118893.0,118913.0,118959.0,118989.0,119018.0,119046.0,119080.0,119115.0,119150.0,119174.0,119200.0,119232.0,119267.0,119293.0,119324.0,119353.0,119386.0,119436.0,119451.0,119480.0,119507.0,119546.0,119575.0,119607.0,119660.0,119691.0,119724.0,119758.0,119805.0,119836.0,119881.0,119923.0,119963.0,119993.0,120024.0,120059.0,120104.0,120140.0,120197.0,120234.0,120284.0,120339.0,120389.0,120422.0,120462.0,120470.0,120508.0,120540.0,120570.0,120603.0,120650.0,120685.0,120714.0,120742.0,120773.0,120815.0,120856.0,120885.0,120914.0,120938.0,120970.0,120991.0,121019.0,121043.0,121082.0,121114.0,121152.0,121190.0,121227.0,121260.0,121296.0,121329.0,121373.0,121402.0,121436.0,121469.0,121503.0,121550.0,121584.0,121620.0,121663.0,121686.0,121719.0,121742.0,121783.0,121814.0,121841.0,121889.0,121926.0,121957.0,121993.0,122034.0,122077.0,122113.0,122151.0,122180.0,122217.0,122243.0,122266.0,122290.0,122306.0,122322.0,122343.0,122377.0,122422.0,,122490.0,122527.0,122575.0,122647.0,122718.0,122766.0,122811.0,122857.0,122917.0,122949.0,123001.0,123035.0,123077.0,123122.0,123164.0,123206.0,123255.0,123298.0,123343.0,123391.0,123430.0,123480.0,123521.0,123565.0,123606.0,123650.0,123687.0,123738.0,123774.0,123814.0,123871.0,123913.0,123956.0,123986.0,124041.0,124065.0,124096.0,124131.0,124162.0,124198.0,124228.0,124262.0,124301.0,124334.0,124370.0,124405.0,124439.0,124470.0,124503.0,124537.0,124575.0,124606.0,124647.0,124679.0,124716.0,124736.0,124767.0,124797.0,124832.0,124876.0,124905.0,124958.0,124996.0,125040.0,125082.0,125109.0,125170.0,125207.0,125253.0,125303.0,125333.0,125365.0,125414.0,125452.0,125494.0,125536.0,125565.0,125591.0,125615.0,125639.0,125667.0,125704.0,125733.0,125778.0,125811.0,125840.0,125877.0,125911.0,125944.0,125972.0,126012.0,126057.0,126088.0,126123.0,126153.0,126195.0,126216.0,126239.0,126268.0,126302.0,126338.0,126365.0,126403.0,126431.0,126473.0,126496.0,126525.0,126559.0,126594.0,126627.0,126650.0,126692.0,126723.0,126771
_k2yo9F4nqE,112385.0,112455.0,112534.0,112576.0,112620.0,112668.0,112716.0,112764.0,112829.0,112879.0,112921.0,112959.0,113012.0,113049.0,113094.0,113134.0,113169.0,113208.0,113237.0,113278.0,113329.0,113370.0,113413.0,113445.0,113496.0,113552.0,113603.0,113648.0,113687.0,113753.0,113812.0,113877.0,113921.0,113979.0,114022.0,114076.0,114115.0,114171.0,114207.0,114261.0,114294.0,114337.0,114385.0,114435.0,114483.0,114521.0,114567.0,114604.0,114658.0,114706.0,114757.0,114808.0,114851.0,114896.0,114941.0,114991.0,115040.0,115088.0,115136.0,115185.0,115227.0,115258.0,115307.0,115346.0,115372.0,115421.0,115450.0,115504.0,115550.0,115594.0,115632.0,115677.0,115725.0,115768.0,115802.0,115853.0,115875.0,115940.0,115999.0,116036.0,116088.0,116123.0,116152.0,116177.0,116201.0,116234.0,116267.0,116310.0,116337.0,116371.0,116408.0,116446.0,116481.0,116518.0,116551.0,116583.0,116627.0,116658.0,116700.0,116728.0,116762.0,116799.0,116824.0,116854.0,116917.0,116945.0,116969.0,116988.0,117023.0,117058.0,117086.0,117116.0,117142.0,117195.0,117229.0,117263.0,117295.0,117325.0,117368.0,117421.0,117468.0,117514.0,117547.0,117576.0,117615.0,117645.0,117674.0,117706.0,117747.0,117776.0,117807.0,117840.0,117879.0,117921.0,,,,,,,,,118307.0,118358.0,118410.0,118449.0,118483.0,118512.0,118551.0,118578.0,118609.0,118662.0,118698.0,118738.0,118771.0,118798.0,118824.0,118870.0,118893.0,118913.0,118959.0,118995.0,119018.0,119045.0,119080.0,119118.0,119147.0,119174.0,119200.0,119234.0,119267.0,119293.0,119324.0,119353.0,119386.0,119436.0,119451.0,119480.0,119510.0,119546.0,119580.0,119616.0,119660.0,119691.0,119722.0,119758.0,119805.0,119836.0,119881.0,119924.0,119963.0,119993.0,120024.0,120061.0,120104.0,120140.0,120197.0,120234.0,120284.0,120339.0,120389.0,120422.0,120462.0,120470.0,120510.0,120540.0,120570.0,120603.0,120650.0,120685.0,120714.0,120742.0,120773.0,120815.0,120856.0,120885.0,120914.0,120938.0,120970.0,120991.0,121019.0,121043.0,121082.0,121122.0,121152.0,121190.0,121227.0,121260.0,121297.0,121329.0,121372.0,121402.0,121437.0,121469.0,121503.0,121550.0,121584.0,121620.0,121663.0,121686.0,121719.0,121742.0,121783.0,121814.0,121842.0,121890.0,121926.0,121957.0,121992.0,122034.0,122077.0,122113.0,122151.0,122180.0,122219.0,122245.0,122267.0,122290.0,122307.0,122322.0,122343.0,122377.0,122422.0,,122490.0,122527.0,122593.0,122647.0,122718.0,122767.0,122811.0,122850.0,122918.0,122949.0,123001.0,123035.0,123082.0,123122.0,123164.0,123206.0,123255.0,123298.0,123343.0,123390.0,123429.0,123479.0,123514.0,123563.0,123606.0,123650.0,123687.0,123738.0,123774.0,123814.0,123873.0,123913.0,123956.0,123986.0,124041.0,124065.0,124096.0,124131.0,124162.0,124198.0,124228.0,124262.0,124303.0,124334.0,124370.0,124405.0,124439.0,124470.0,124503.0,124537.0,124577.0,124606.0,124647.0,124679.0,124716.0,124736.0,124767.0,124797.0,124832.0,124876.0,124905.0,124958.0,124995.0,125040.0,125083.0,125109.0,125170.0,125207.0,125253.0,125303.0,125334.0,125366.0,125414.0,125452.0,125490.0,125536.0,125565.0,125592.0,125615.0,125638.0,125667.0,125705.0,125733.0,125778.0,125811.0,125838.0,125877.0,125911.0,125944.0,125972.0,126010.0,126057.0,126088.0,126123.0,126155.0,126194.0,126214.0,126239.0,126271.0,126302.0,126335.0,126365.0,126403.0,126430.0,126473.0,126496.0,126527.0,126559.0,126594.0,126627.0,126656.0,126692.0,126723.0,126771
vJKX-3J9EdE,204977.0,205126.0,205234.0,205355.0,205542.0,205697.0,205851.0,206021.0,206147.0,206272.0,206394.0,206623.0,206791.0,206982.0,207130.0,207311.0,207450.0,207643.0,207778.0,207953.0,208093.0,208251.0,208408.0,208550.0,208704.0,208835.0,209016.0,209171.0,209303.0,209438.0,209583.0,209732.0,209850.0,209994.0,210147.0,210310.0,210511.0,210632.0,210817.0,210987.0,211186.0,211335.0,211497.0,211644.0,211782.0,211957.0,212107.0,212257.0,212511.0,212675.0,212823.0,212941.0,213046.0,213156.0,213320.0,213430.0,213594.0,213705.0,213810.0,213956.0,214101.0,214210.0,214316.0,214442.0,214562.0,214692.0,214807.0,214915.0,215030.0,215176.0,215340.0,215451.0,215560.0,215666.0,215810.0,215943.0,216071.0,216232.0,216432.0,216525.0,216642.0,216800.0,216969.0,217126.0,217308.0,217458.0,217568.0,217693.0,217823.0,217972.0,218120.0,218261.0,218396.0,218503.0,218594.0,218709.0,218914.0,219070.0,219228.0,219445.0,219578.0,219689.0,219838.0,219993.0,220146.0,220334.0,220526.0,220691.0,220848.0,220982.0,221123.0,221314.0,221424.0,221566.0,221676.0,221796.0,221902.0,222075.0,222215.0,222357.0,222510.0,222639.0,222765.0,222886.0,223096.0,223261.0,223355.0,223500.0,223592.0,223794.0,223975.0,224132.0,224257.0,224436.0,,,,,,,,,225728.0,225838.0,226035.0,226243.0,226393.0,226553.0,226685.0,226785.0,226885.0,227016.0,227169.0,227318.0,227456.0,227587.0,227700.0,227804.0,227927.0,228069.0,228218.0,228388.0,228492.0,228625.0,228743.0,228878.0,229012.0,229160.0,229315.0,229520.0,229631.0,229720.0,229860.0,230039.0,230209.0,230381.0,230517.0,230656.0,230832.0,230988.0,231154.0,231381.0,231600.0,231833.0,231983.0,232172.0,232423.0,232583.0,232761.0,232913.0,233087.0,233205.0,233381.0,233526.0,233686.0,233863.0,234013.0,234131.0,234270.0,234403.0,234538.0,234701.0,234821.0,234930.0,235032.0,235135.0,235263.0,235391.0,235514.0,235642.0,235769.0,235880.0,235990.0,236130.0,236302.0,236430.0,236613.0,236808.0,236946.0,237082.0,237192.0,237307.0,237437.0,237561.0,237679.0,237823.0,237930.0,238049.0,238169.0,238277.0,238391.0,238525.0,238649.0,238760.0,238847.0,238987.0,239143.0,239276.0,239448.0,239593.0,239717.0,239832.0,240014.0,240245.0,240485.0,240671.0,240874.0,241019.0,241197.0,241365.0,241572.0,241779.0,242006.0,242259.0,242437.0,242568.0,242718.0,242852.0,243046.0,243248.0,243425.0,243574.0,243743.0,,244086.0,244259.0,244518.0,244705.0,244857.0,244974.0,245089.0,245236.0,245435.0,245596.0,245793.0,246009.0,246139.0,246399.0,246642.0,246999.0,247368.0,247866.0,248207.0,248449.0,248733.0,249059.0,249449.0,249769.0,250037.0,250207.0,250351.0,250557.0,250805.0,250996.0,251215.0,251372.0,251517.0,251614.0,251758.0,251907.0,252060.0,252253.0,252453.0,252594.0,252732.0,252932.0,253139.0,253392.0,253696.0,253968.0,254176.0,254455.0,254780.0,255179.0,255442.0,255763.0,256058.0,256350.0,256649.0,256984.0,257291.0,257586.0,257980.0,258414.0,258834.0,259154.0,259570.0,259990.0,260691.0,261444.0,261932.0,262319.0,262713.0,263153.0,263533.0,264140.0,264711.0,265225.0,265757.0,266167.0,266617.0,267123.0,267659.0,268072.0,268494.0,268854.0,269173.0,269556.0,270055.0,270524.0,270938.0,271413.0,271841.0,272214.0,272645.0,273169.0,273777.0,274313.0,274789.0,275151.0,275516.0,275850.0,276183.0,276468.0,276804.0,277146.0,277440.0,277799.0,278215.0,278724.0,279108.0,279594.0,279928.0,280336.0,280624.0,280988.0,281538.0,281920
itaLdnU_Pig,252519.0,253138.0,254104.0,254955.0,256107.0,257141.0,258295.0,259647.0,261077.0,262464.0,263796.0,264744.0,265718.0,266437.0,267220.0,268214.0,269011.0,269612.0,270191.0,270970.0,271796.0,272600.0,273421.0,274192.0,275005.0,275597.0,276454.0,277170.0,277823.0,278432.0,278967.0,279472.0,279950.0,280460.0,280973.0,281538.0,282060.0,282544.0,282965.0,283475.0,284128.0,284751.0,285491.0,286278.0,286979.0,287676.0,288806.0,289822.0,290703.0,291521.0,292321.0,292925.0,293532.0,294199.0,294492.0,294843.0,295290.0,295762.0,296174.0,296595.0,297056.0,297555.0,298078.0,298367.0,298623.0,298842.0,299074.0,299263.0,299475.0,299699.0,299937.0,300158.0,300361.0,300500.0,300625.0,300789.0,300960.0,301183.0,301375.0,301512.0,301702.0,301828.0,302006.0,302183.0,302385.0,302569.0,302747.0,302926.0,303120.0,303327.0,303531.0,303719.0,303889.0,304064.0,304229.0,304440.0,304601.0,304795.0,305017.0,305237.0,305402.0,305588.0,305746.0,305931.0,306101.0,306268.0,306451.0,306637.0,306820.0,306995.0,307168.0,307361.0,307553.0,307704.0,307847.0,307970.0,308114.0,308284.0,308420.0,308571.0,308729.0,308868.0,308988.0,309101.0,309206.0,309338.0,309475.0,309597.0,309711.0,309843.0,309963.0,310069.0,310194.0,310317.0,,,,,,,,,311486.0,311631.0,311745.0,311884.0,312028.0,312159.0,312286.0,312413.0,312550.0,312648.0,312772.0,312925.0,313060.0,313201.0,313339.0,313461.0,313635.0,313795.0,313940.0,314113.0,314242.0,314375.0,314477.0,314637.0,314783.0,314945.0,315077.0,315224.0,315379.0,315502.0,315646.0,315824.0,315952.0,316101.0,316207.0,316367.0,316520.0,316729.0,316912.0,317070.0,317227.0,317404.0,317570.0,317736.0,317881.0,318074.0,318277.0,318429.0,318581.0,318710.0,318838.0,318976.0,319118.0,319303.0,319458.0,319586.0,319745.0,319869.0,320015.0,320160.0,320328.0,320451.0,320574.0,320693.0,320788.0,320946.0,321088.0,321220.0,321341.0,321462.0,321590.0,321713.0,321891.0,322048.0,322208.0,322360.0,322509.0,322663.0,322767.0,322964.0,323118.0,323270.0,323445.0,323626.0,323740.0,323852.0,324002.0,324142.0,324322.0,324451.0,324838.0,325009.0,325190.0,325326.0,325451.0,325558.0,325708.0,325837.0,325940.0,326047.0,326178.0,326304.0,326412.0,326521.0,326642.0,326740.0,326816.0,326949.0,327068.0,327191.0,327317.0,327449.0,327556.0,327668.0,327775.0,327873.0,327992.0,328090.0,328207.0,328304.0,328384.0,,328610.0,328726.0,328846.0,328935.0,329053.0,329138.0,329215.0,329330.0,329419.0,329529.0,329629.0,329751.0,329855.0,329926.0,330039.0,330173.0,330322.0,330433.0,330566.0,330699.0,330817.0,330944.0,331095.0,331217.0,331341.0,331423.0,331521.0,331666.0,331773.0,331881.0,331992.0,332122.0,332238.0,332360.0,332475.0,332592.0,332742.0,332862.0,332993.0,333112.0,333194.0,333316.0,333437.0,333546.0,333660.0,333787.0,333926.0,334029.0,334117.0,334245.0,334337.0,334454.0,334607.0,334706.0,334820.0,334956.0,335069.0,335193.0,335287.0,335396.0,335507.0,335616.0,335700.0,335855.0,335990.0,336078.0,336184.0,336291.0,336399.0,336509.0,336632.0,336731.0,336846.0,336960.0,337063.0,337175.0,337304.0,337409.0,337532.0,337664.0,337781.0,337889.0,337987.0,338095.0,338235.0,338350.0,338474.0,338610.0,338721.0,338845.0,338957.0,339082.0,339209.0,339306.0,339414.0,339524.0,339610.0,339718.0,339849.0,339950.0,340055.0,340148.0,340264.0,340369.0,340457.0,340572.0,340672.0,340796.0,340901.0,341004.0,341092.0,341210.0,341322.0,341467
HgNpZL1XVs8,1141253.0,1142138.0,1142935.0,1143786.0,1144553.0,1145580.0,1146794.0,1148088.0,1149189.0,1150073.0,1150730.0,1151245.0,1151717.0,1152224.0,1152651.0,1153045.0,1153432.0,1153788.0,1154095.0,1154453.0,1154852.0,1155335.0,1155819.0,1156163.0,1156506.0,1156882.0,1157204.0,1157650.0,1158023.0,1158334.0,1158714.0,1159103.0,1159474.0,1159837.0,1160218.0,1160657.0,1161008.0,1161304.0,1161637.0,1161997.0,1162317.0,1162674.0,1163015.0,1163370.0,1163714.0,1163987.0,1164305.0,1164583.0,1164849.0,1165213.0,1165624.0,1166037.0,1166383.0,1166712.0,1167042.0,1167394.0,1167695.0,1168071.0,1168428.0,1168799.0,1169098.0,1169414.0,1169702.0,1170058.0,1170401.0,1170764.0,1171083.0,1171361.0,1171667.0,1172059.0,1172466.0,1172819.0,1173209.0,1173532.0,1173896.0,1174222.0,1174614.0,1174997.0,1175333.0,1175680.0,1175993.0,1176352.0,1176650.0,1177017.0,1177375.0,1177750.0,1178055.0,1178391.0,1178717.0,1179102.0,1179526.0,1179991.0,1180394.0,1180928.0,1181374.0,1181753.0,1182140.0,1182457.0,1182822.0,1183209.0,1183640.0,1184039.0,1184392.0,1184665.0,1184987.0,1185333.0,1185714.0,1186134.0,1186495.0,1186826.0,1187161.0,1187590.0,1187999.0,1188493.0,1188920.0,1189402.0,1189884.0,1190457.0,1190960.0,1191527.0,1192009.0,1192518.0,1192903.0,1193483.0,1194089.0,1194699.0,1195372.0,1196030.0,1196697.0,1197199.0,1197765.0,1198293.0,1198792.0,1199224.0,,,,,,,,,1202870.0,1203277.0,1203709.0,1204050.0,1204430.0,1204782.0,1205264.0,1205719.0,1206166.0,1206591.0,1207074.0,1207634.0,1208231.0,1208750.0,1209236.0,1209600.0,1210013.0,1210433.0,1210776.0,1211131.0,1211404.0,1211712.0,1212030.0,1212426.0,1212805.0,1213179.0,1213684.0,1214179.0,1214751.0,1215211.0,1215627.0,1216096.0,1216554.0,1217025.0,1217579.0,1218103.0,1218613.0,1219040.0,1219452.0,1219917.0,1220349.0,1220773.0,1221146.0,1221516.0,1221837.0,1222183.0,1222562.0,1222920.0,1223334.0,1223699.0,1224087.0,1224429.0,1224821.0,1225191.0,1225633.0,1226182.0,1226680.0,1227135.0,1227606.0,1228060.0,1228384.0,1228738.0,1229058.0,1229398.0,1229719.0,1230049.0,1230462.0,1230885.0,1231276.0,1231649.0,1232009.0,1232339.0,1232720.0,1233186.0,1233708.0,1234276.0,1234733.0,1235194.0,1235537.0,1235834.0,1236182.0,1236516.0,1236824.0,1237264.0,1237714.0,1238107.0,1238493.0,1238833.0,1239099.0,1239454.0,1239870.0,1240223.0,1240558.0,1240938.0,1241337.0,1241838.0,1242331.0,1242881.0,1243457.0,1243988.0,1244439.0,1244896.0,1245371.0,1245875.0,1246444.0,1247140.0,1247651.0,1248063.0,1248505.0,1248928.0,1249330.0,1249745.0,1250116.0,1250524.0,1250923.0,1251325.0,1251718.0,1252155.0,1252513.0,1253020.0,1253516.0,,1254458.0,1254952.0,1255513.0,1255982.0,1256467.0,1256934.0,1257376.0,1257828.0,1258241.0,1258685.0,1259142.0,1259606.0,1260043.0,1260362.0,1260753.0,1261133.0,1261517.0,1262012.0,1262514.0,1262977.0,1263311.0,1263718.0,1264119.0,1264507.0,1264908.0,1265216.0,1265624.0,1265966.0,1266375.0,1266672.0,1267076.0,1267456.0,1267734.0,1268126.0,1268485.0,1268878.0,1269220.0,1269628.0,1269984.0,1270368.0,1270656.0,1271033.0,1271334.0,1271658.0,1271997.0,1272286.0,1272594.0,1272942.0,1273229.0,1273513.0,1273798.0,1274117.0,1274429.0,1274772.0,1275094.0,1275418.0,1275704.0,1276082.0,1276349.0,1276742.0,1277051.0,1277314.0,1277613.0,1277960.0,1278256.0,1278560.0,1278797.0,1279064.0,1279311.0,1279574.0,1279857.0,1280102.0,1280445.0,1280814.0,1281117.0,1281417.0,1281718.0,1282000.0,1282309.0,1282590.0,1282847.0,1283216.0,1283510.0,1283808.0,1284152.0,1284486.0,1284798.0,1285179.0,1285485.0,1285775.0,1286086.0,1286404.0,1286702.0,1286996.0,1287276.0,1287572.0,1287898.0,1288192.0,1288481.0,1288781.0,1289054.0,1289321.0,1289596.0,1289868.0,1290156.0,1290514.0,1290826.0,1291144.0,1291449.0,1291738.0,1292064.0,1292326.0,1292655.0,1292915
r46zvGfTJsE,1238539.0,1238595.0,1238675.0,1238731.0,1238798.0,1238856.0,1238932.0,1239750.0,1240850.0,1242354.0,1243747.0,1245431.0,1246891.0,1248779.0,1250564.0,1252179.0,1253680.0,1255364.0,1257204.0,1258838.0,1260289.0,1261283.0,1261343.0,1261411.0,1261454.0,1261492.0,1261564.0,1261638.0,1261708.0,1261779.0,1261830.0,1261881.0,1261947.0,1262020.0,1262100.0,1262169.0,1262290.0,1262417.0,1262558.0,1262647.0,1262738.0,1262838.0,1262925.0,1263027.0,1263110.0,1263174.0,1263249.0,1263323.0,1263397.0,1263463.0,1263537.0,1263613.0,1263685.0,1263746.0,1263820.0,1263889.0,1263963.0,1264019.0,1264069.0,1264133.0,1264209.0,1264290.0,1264384.0,1264482.0,1264665.0,1264775.0,1264904.0,1265030.0,1265123.0,1265253.0,1265342.0,1265462.0,1265540.0,1265633.0,1265716.0,1265794.0,1265875.0,1265974.0,1266082.0,1266201.0,1266347.0,1266467.0,1266570.0,1266655.0,1266759.0,1266899.0,1267022.0,1267149.0,1267223.0,1267321.0,1267416.0,1267511.0,1267595.0,1267687.0,1267798.0,1267893.0,1267957.0,1268027.0,1268134.0,1268231.0,1268313.0,1268387.0,1268481.0,1268562.0,1268645.0,1268707.0,1268778.0,1268859.0,1268907.0,1268972.0,1269043.0,1269109.0,1269190.0,1269262.0,1269335.0,1269396.0,1269442.0,1269497.0,1269558.0,1269613.0,1269652.0,1269702.0,1269755.0,1269804.0,1269837.0,1269870.0,1269915.0,1269976.0,1270029.0,1270078.0,1270114.0,1270170.0,1270214.0,1270259.0,,,,,,,,,1270622.0,1270680.0,1270736.0,1270811.0,1270866.0,1270944.0,1271018.0,1271072.0,1271150.0,1271204.0,1271272.0,1271322.0,1271370.0,1271435.0,1271500.0,1271566.0,1271621.0,1271673.0,1271717.0,1271769.0,1271833.0,1271910.0,1271963.0,1272029.0,1272092.0,1272139.0,1272202.0,1272246.0,1272285.0,1272340.0,1272395.0,1272447.0,1272497.0,1272550.0,1272611.0,1272658.0,1272721.0,1272769.0,1272808.0,1272870.0,1272925.0,1272967.0,1273025.0,1273098.0,1273156.0,1273202.0,1273296.0,1273414.0,1273527.0,1273628.0,1273774.0,1273905.0,1274097.0,1274303.0,1274524.0,1274750.0,1274995.0,1275204.0,1275406.0,1275604.0,1275717.0,1275775.0,1275849.0,1275924.0,1276000.0,1276082.0,1276156.0,1276211.0,1276244.0,1276296.0,1276352.0,1276411.0,1276468.0,1276516.0,1276567.0,1276616.0,1276684.0,1276733.0,1276802.0,1276837.0,1276862.0,1276899.0,1276937.0,1276983.0,1277010.0,1277044.0,1277105.0,1277176.0,1277225.0,1277290.0,1277351.0,1277405.0,1277459.0,1277533.0,1277568.0,1277623.0,1277687.0,1277741.0,1277788.0,1277822.0,1277860.0,1277934.0,1277992.0,1278028.0,1278066.0,1278099.0,1278146.0,1278178.0,1278231.0,1278277.0,1278328.0,1278368.0,1278407.0,1278437.0,1278501.0,1278571.0,1278625.0,1278668.0,1278736.0,1278803.0,1278853.0,,1278988.0,1279059.0,1279145.0,1279213.0,1279277.0,1279372.0,1279466.0,1279542.0,1279615.0,1279718.0,1279815.0,1279887.0,1279970.0,1280049.0,1280162.0,1280211.0,1280284.0,1280336.0,1280414.0,1280460.0,1280511.0,1280571.0,1280621.0,1280684.0,1280733.0,1280784.0,1280833.0,1280928.0,1280986.0,1281031.0,1281088.0,1281144.0,1281191.0,1281230.0,1281273.0,1281338.0,1281385.0,1281425.0,1281484.0,1281524.0,1281561.0,1281595.0,1281648.0,1281686.0,1281725.0,1281764.0,1281805.0,1281843.0,1281879.0,1281914.0,1281959.0,1281994.0,1282053.0,1282096.0,1282139.0,1282188.0,1282240.0,1282297.0,1282353.0,1282389.0,1282437.0,1282474.0,1282510.0,1282559.0,1282611.0,1282647.0,1282691.0,1282737.0,1282782.0,1282817.0,1282849.0,1282886.0,1282924.0,1282971.0,1283014.0,1283051.0,1283091.0,1283132.0,1283160.0,1283198.0,1283231.0,1283274.0,1283322.0,1283368.0,1283403.0,1283459.0,1283529.0,1283587.0,1283630.0,1283677.0,1283731.0,1283788.0,1283829.0,1283887.0,1283927.0,1283972.0,1284008.0,1284048.0,1284077.0,1284113.0,1284158.0,1284204.0,1284241.0,1284285.0,1284321.0,1284378.0,1284424.0,1284505.0,1284604.0,1284717.0,1284834.0,1284981.0,1285077.0,1285177
IwW4lkBqmcM,532727.0,532737.0,532745.0,532754.0,532763.0,532775.0,532780.0,532788.0,532796.0,532802.0,532810.0,532818.0,532827.0,532833.0,532845.0,532866.0,532881.0,532892.0,532901.0,532913.0,532928.0,532939.0,532946.0,532951.0,532956.0,532961.0,532972.0,532979.0,532985.0,532991.0,532992.0,533002.0,533014.0,533026.0,533041.0,533059.0,533075.0,533085.0,533096.0,533107.0,533122.0,533143.0,533156.0,533176.0,533187.0,533199.0,533205.0,533213.0,533237.0,533243.0,533256.0,533264.0,533272.0,533283.0,533290.0,533301.0,533317.0,533325.0,533333.0,533343.0,533349.0,533361.0,533381.0,533398.0,533425.0,533451.0,533469.0,533487.0,533505.0,533518.0,533530.0,533552.0,533562.0,533576.0,533586.0,533601.0,533619.0,533635.0,533650.0,533668.0,533686.0,533698.0,533712.0,533721.0,533733.0,533753.0,533775.0,533791.0,533807.0,533817.0,533828.0,533838.0,533845.0,533854.0,533864.0,533878.0,533889.0,533903.0,533910.0,533919.0,533933.0,533943.0,533957.0,533972.0,533981.0,533991.0,534006.0,534016.0,534019.0,534026.0,534034.0,534051.0,534058.0,534070.0,534076.0,534079.0,534087.0,534092.0,534097.0,534106.0,534111.0,534120.0,534126.0,534131.0,534135.0,534145.0,534150.0,534157.0,534163.0,534169.0,534171.0,534180.0,534181.0,534189.0,,,,,,,,,534230.0,534235.0,534241.0,534248.0,534254.0,534259.0,534266.0,534266.0,534274.0,534282.0,534291.0,534294.0,534304.0,534308.0,534316.0,534325.0,534329.0,534337.0,534339.0,534343.0,534346.0,534352.0,534355.0,534363.0,534365.0,534370.0,534374.0,534383.0,534384.0,534393.0,534400.0,534412.0,534416.0,534420.0,534427.0,534431.0,534439.0,534445.0,534450.0,534456.0,534461.0,534472.0,534485.0,534488.0,534496.0,534500.0,534510.0,534515.0,534521.0,534527.0,534533.0,534539.0,534545.0,534553.0,534565.0,534567.0,534570.0,534579.0,534590.0,534596.0,534605.0,534608.0,534614.0,534624.0,534628.0,534631.0,534638.0,534648.0,534650.0,534658.0,534663.0,534674.0,534679.0,534683.0,534688.0,534696.0,534703.0,534706.0,534712.0,534721.0,534724.0,534730.0,534733.0,534737.0,534745.0,534749.0,534758.0,534767.0,534775.0,534780.0,534787.0,534794.0,534806.0,534816.0,534820.0,534822.0,534829.0,534835.0,534844.0,534847.0,534853.0,534860.0,534872.0,534876.0,534883.0,534892.0,534896.0,534899.0,534903.0,534909.0,534914.0,534924.0,534933.0,534942.0,534949.0,534964.0,534977.0,534983.0,535001.0,535015.0,535030.0,,535046.0,535056.0,535060.0,535066.0,535077.0,535086.0,535094.0,535105.0,535114.0,535120.0,535133.0,535154.0,535171.0,535192.0,535212.0,535221.0,535229.0,535239.0,535251.0,535254.0,535258.0,535270.0,535279.0,535284.0,535289.0,535294.0,535299.0,535311.0,535315.0,535321.0,535331.0,535341.0,535350.0,535351.0,535356.0,535366.0,535373.0,535376.0,535386.0,535392.0,535397.0,535401.0,535409.0,535414.0,535418.0,535425.0,535436.0,535451.0,535460.0,535463.0,535472.0,535476.0,535486.0,535493.0,535499.0,535506.0,535514.0,535517.0,535525.0,535535.0,535544.0,535546.0,535552.0,535559.0,535563.0,535567.0,535571.0,535575.0,535582.0,535587.0,535596.0,535601.0,535606.0,535611.0,535618.0,535626.0,535632.0,535636.0,535638.0,535648.0,535654.0,535658.0,535664.0,535676.0,535681.0,535685.0,535692.0,535702.0,535711.0,535718.0,535720.0,535724.0,535732.0,535741.0,535743.0,535750.0,535758.0,535764.0,535765.0,535770.0,535775.0,535780.0,535785.0,535787.0,535792.0,535799.0,535805.0,535815.0,535825.0,535832.0,535856.0,535875.0,535891.0,535897
wWhn1B-RoZI,475902.0,475923.0,475948.0,475974.0,476005.0,476024.0,476044.0,476074.0,476104.0,476127.0,476152.0,476176.0,476195.0,476217.0,476247.0,476274.0,476312.0,476349.0,476380.0,476414.0,476445.0,476473.0,476504.0,476528.0,476546.0,476579.0,476599.0,476619.0,476639.0,476668.0,476717.0,476746.0,476780.0,476810.0,476836.0,476866.0,476895.0,476933.0,476972.0,476996.0,477026.0,477058.0,477081.0,477114.0,477144.0,477171.0,477204.0,477231.0,477252.0,477280.0,477298.0,477321.0,477350.0,477366.0,477385.0,477407.0,477426.0,477453.0,477472.0,477498.0,477528.0,477545.0,477580.0,477631.0,477678.0,477718.0,477773.0,477843.0,477886.0,477936.0,477968.0,478020.0,478052.0,478079.0,478117.0,478142.0,478179.0,478207.0,478245.0,478274.0,478328.0,478366.0,478401.0,478445.0,478484.0,478530.0,478576.0,478615.0,478646.0,478680.0,478722.0,478755.0,478795.0,478836.0,478863.0,478896.0,478917.0,478938.0,478970.0,479015.0,479042.0,479058.0,479085.0,479114.0,479132.0,479154.0,479186.0,479204.0,479219.0,479241.0,479252.0,479268.0,479288.0,479305.0,479337.0,479354.0,479369.0,479381.0,479393.0,479408.0,479417.0,479433.0,479453.0,479466.0,479477.0,479483.0,479499.0,479514.0,479528.0,479542.0,479554.0,479570.0,479585.0,479597.0,,,,,,,,,479699.0,479711.0,479720.0,479740.0,479750.0,479761.0,479776.0,479785.0,479801.0,479808.0,479829.0,479841.0,479856.0,479871.0,479884.0,479899.0,479909.0,479929.0,479947.0,479969.0,479990.0,480034.0,480066.0,480105.0,480128.0,480152.0,480181.0,480202.0,480228.0,480262.0,480284.0,480309.0,480330.0,480357.0,480385.0,480400.0,480418.0,480435.0,480453.0,480489.0,480520.0,480550.0,480569.0,480603.0,480619.0,480631.0,480648.0,480671.0,480694.0,480718.0,480745.0,480763.0,480774.0,480801.0,480828.0,480847.0,480866.0,480884.0,480901.0,480924.0,480944.0,480964.0,480984.0,480989.0,481021.0,481046.0,481076.0,481102.0,481122.0,481146.0,481169.0,481176.0,481196.0,481219.0,481237.0,481259.0,481275.0,481287.0,481304.0,481317.0,481327.0,481337.0,481349.0,481360.0,481381.0,481399.0,481414.0,481427.0,481435.0,481456.0,481468.0,481486.0,481510.0,481525.0,481531.0,481541.0,481553.0,481562.0,481584.0,481597.0,481611.0,481625.0,481638.0,481654.0,481662.0,481675.0,481687.0,481703.0,481716.0,481728.0,481745.0,481755.0,,,,,,,,,,,,,,,,,,,,,,,,,,,,,,,,,,,,,,,,,,,,,,,,,,,,,,,,,,,,,,,,,,,,,,,,,,,,,,,,,,,,,,,,,,,,,,,,,,,,,,,,,,,,,,,,,,,,,,,,,,,,
f0dk9OWQhDg,30193.0,30212.0,30237.0,30257.0,30280.0,30321.0,30341.0,30377.0,30398.0,30422.0,30444.0,30464.0,30488.0,30524.0,30548.0,30571.0,30591.0,30603.0,30624.0,30648.0,30669.0,30701.0,30724.0,30756.0,30784.0,30808.0,30825.0,30839.0,30858.0,30882.0,30907.0,30930.0,30944.0,30960.0,30986.0,31007.0,31030.0,31040.0,31054.0,31070.0,31094.0,31118.0,31138.0,31158.0,31177.0,31193.0,31211.0,31227.0,31239.0,31252.0,31264.0,31275.0,31288.0,31299.0,31320.0,31339.0,31357.0,31371.0,31390.0,31398.0,31416.0,31434.0,31452.0,31472.0,31486.0,31503.0,31515.0,31531.0,31549.0,31586.0,31596.0,31607.0,31621.0,31637.0,31661.0,31677.0,31695.0,31710.0,31728.0,31748.0,31765.0,31787.0,31802.0,31820.0,31837.0,31851.0,31863.0,31880.0,31896.0,31918.0,31935.0,31949.0,31959.0,31965.0,31978.0,31993.0,32006.0,32025.0,32045.0,32067.0,32079.0,32090.0,32113.0,32143.0,32164.0,32189.0,32213.0,32234.0,32250.0,32269.0,32288.0,32305.0,32319.0,32336.0,32350.0,32360.0,32372.0,32388.0,32411.0,32431.0,32447.0,32459.0,32478.0,32496.0,32504.0,32519.0,32529.0,32550.0,32557.0,32572.0,32583.0,32598.0,32622.0,32639.0,,,,,,,,,32798.0,32809.0,32824.0,32838.0,32870.0,32885.0,32908.0,32918.0,32928.0,32949.0,32954.0,32972.0,32986.0,33012.0,33029.0,33042.0,33059.0,33074.0,33088.0,33104.0,33114.0,33125.0,33136.0,33150.0,33168.0,33193.0,33211.0,33237.0,33243.0,33256.0,33276.0,33296.0,33314.0,33329.0,33344.0,33355.0,33364.0,33383.0,33431.0,33455.0,33481.0,33505.0,33520.0,33536.0,33543.0,33559.0,33581.0,33593.0,33606.0,33617.0,33633.0,33643.0,33660.0,33680.0,33703.0,33725.0,33743.0,33762.0,33782.0,33797.0,33808.0,33828.0,33847.0,33873.0,33888.0,33907.0,33932.0,33953.0,33973.0,33991.0,34010.0,34034.0,34056.0,34082.0,34106.0,34156.0,34176.0,34199.0,34220.0,34249.0,34271.0,34292.0,34313.0,34331.0,34343.0,34359.0,34371.0,34388.0,34406.0,34424.0,34443.0,34461.0,34475.0,34495.0,34511.0,34555.0,34575.0,34591.0,34600.0,34608.0,34625.0,34650.0,34672.0,34692.0,34713.0,34727.0,34742.0,34755.0,34769.0,34796.0,34820.0,34850.0,34875.0,34906.0,34939.0,34964.0,34989.0,35017.0,35052.0,35110.0,35138.0,,35185.0,35224.0,35260.0,35299.0,35333.0,35353.0,35377.0,35415.0,35460.0,35506.0,35539.0,35558.0,35588.0,35619.0,35659.0,35689.0,35723.0,35767.0,35798.0,35837.0,35893.0,35960.0,36021.0,36071.0,36107.0,36149.0,36194.0,36244.0,36299.0,36367.0,36428.0,36484.0,36536.0,36576.0,36638.0,36694.0,36762.0,36817.0,36898.0,36951.0,37012.0,37060.0,37155.0,37217.0,37263.0,37329.0,37419.0,37504.0,37618.0,37714.0,37785.0,37885.0,37952.0,38076.0,38200.0,38363.0,38474.0,38587.0,38700.0,38849.0,39053.0,39191.0,39334.0,39581.0,39901.0,40194.0,40356.0,40623.0,40819.0,41095.0,41366.0,41784.0,42074.0,42282.0,42495.0,42722.0,43035.0,43437.0,43750.0,44200.0,44608.0,45080.0,45489.0,45682.0,45861.0,46040.0,46203.0,46321.0,46397.0,46469.0,46608.0,46731.0,46840.0,46966.0,47060.0,47147.0,47201.0,47304.0,47435.0,47554.0,47705.0,47848.0,47943.0,48007.0,48122.0,48238.0,48335.0,48401.0,48476.0,48536.0,48614.0,48715.0,48806.0,48933
yqI-xuYz9xU,8087.0,8087.0,8087.0,8088.0,8091.0,8094.0,8096.0,8098.0,8098.0,8098.0,8102.0,8106.0,8114.0,8118.0,8120.0,8123.0,8125.0,8126.0,8129.0,8132.0,8132.0,8134.0,8135.0,8139.0,8143.0,8145.0,8147.0,8150.0,8151.0,8153.0,8155.0,8157.0,8158.0,8158.0,8160.0,8162.0,8165.0,8165.0,8167.0,8171.0,8174.0,8176.0,8177.0,8179.0,8180.0,8183.0,8185.0,8186.0,8188.0,8192.0,8192.0,8191.0,8194.0,8195.0,8197.0,8198.0,8198.0,8199.0,8200.0,8200.0,8204.0,8205.0,8208.0,8210.0,8212.0,8212.0,8212.0,8213.0,8216.0,8218.0,8220.0,8224.0,8227.0,8229.0,8230.0,8234.0,8234.0,8234.0,8235.0,8235.0,8235.0,8235.0,8240.0,8240.0,8240.0,8240.0,8241.0,8243.0,8246.0,8249.0,8250.0,8251.0,8251.0,8253.0,8256.0,8256.0,8256.0,8257.0,8258.0,8258.0,8259.0,8260.0,8263.0,8264.0,8267.0,8269.0,8270.0,8272.0,8274.0,8274.0,8278.0,8282.0,8285.0,8286.0,8286.0,8288.0,8291.0,8297.0,8297.0,8297.0,8298.0,8298.0,8300.0,8302.0,8304.0,8304.0,8305.0,8307.0,8306.0,8307.0,8310.0,8312.0,8314.0,8314.0,,,,,,,,,8325.0,8325.0,8325.0,8327.0,8327.0,8328.0,8330.0,8331.0,8331.0,8332.0,8339.0,8340.0,8341.0,8344.0,8345.0,8345.0,8345.0,8345.0,8346.0,8346.0,8346.0,8347.0,8348.0,8347.0,8347.0,8347.0,8347.0,8347.0,8347.0,8347.0,8347.0,8348.0,8349.0,8352.0,8354.0,8354.0,8354.0,8355.0,8356.0,8357.0,8358.0,8360.0,8362.0,8363.0,8363.0,8365.0,8366.0,8366.0,8366.0,8368.0,8369.0,8371.0,8372.0,8374.0,8374.0,8377.0,8377.0,8379.0,8380.0,8385.0,8387.0,8387.0,8388.0,8388.0,8389.0,8390.0,8390.0,8390.0,8391.0,8392.0,8392.0,8392.0,8392.0,8392.0,8394.0,8396.0,8398.0,8401.0,8402.0,8404.0,8404.0,8405.0,8406.0,8406.0,8406.0,8408.0,8409.0,8413.0,8416.0,8418.0,8418.0,8423.0,8426.0,8427.0,8429.0,8429.0,8430.0,8431.0,8431.0,8431.0,8433.0,8433.0,8436.0,8437.0,8438.0,8439.0,8441.0,8442.0,8443.0,8444.0,8444.0,8447.0,8447.0,8448.0,8449.0,8449.0,8450.0,8451.0,8452.0,8452.0,8452.0,,8452.0,8453.0,8453.0,8455.0,8456.0,8456.0,8458.0,8458.0,8458.0,8459.0,8460.0,8460.0,8460.0,8460.0,8460.0,8460.0,8461.0,8462.0,8463.0,8464.0,8464.0,8464.0,8465.0,8468.0,8470.0,8470.0,8472.0,8472.0,8472.0,8472.0,8474.0,8474.0,8474.0,8474.0,8475.0,8479.0,8479.0,8480.0,8481.0,8484.0,8484.0,8484.0,8484.0,8485.0,8487.0,8489.0,8492.0,8496.0,8498.0,8499.0,8499.0,8501.0,8501.0,8501.0,8501.0,8501.0,8501.0,8502.0,8502.0,8504.0,8504.0,8505.0,8505.0,8506.0,8507.0,8508.0,8508.0,8510.0,8515.0,8516.0,8517.0,8520.0,8521.0,8523.0,8524.0,8526.0,8528.0,8530.0,8532.0,8533.0,8534.0,8534.0,8537.0,8539.0,8538.0,8541.0,8548.0,8550.0,8550.0,8551.0,8552.0,8551.0,8553.0,8554.0,8554.0,8554.0,8556.0,8556.0,8557.0,8558.0,8559.0,8562.0,8561.0,8563.0,8566.0,8573.0,8580.0,8582.0,8583.0,8585.0,8586.0,8588.0,8590.0,8590
Hq_hgudsbQI,714.0,715.0,715.0,715.0,715.0,715.0,720.0,723.0,724.0,725.0,725.0,726.0,730.0,735.0,738.0,745.0,747.0,748.0,752.0,753.0,754.0,756.0,757.0,758.0,759.0,762.0,764.0,764.0,765.0,766.0,766.0,766.0,766.0,766.0,766.0,767.0,768.0,768.0,768.0,769.0,771.0,773.0,776.0,776.0,776.0,778.0,781.0,782.0,785.0,787.0,787.0,787.0,788.0,788.0,788.0,788.0,789.0,791.0,792.0,793.0,794.0,796.0,799.0,801.0,801.0,804.0,805.0,809.0,811.0,811.0,812.0,814.0,815.0,817.0,820.0,822.0,827.0,830.0,834.0,838.0,839.0,841.0,843.0,843.0,843.0,843.0,844.0,846.0,847.0,849.0,851.0,854.0,856.0,858.0,859.0,862.0,863.0,864.0,866.0,867.0,867.0,869.0,872.0,875.0,877.0,878.0,881.0,882.0,885.0,886.0,887.0,889.0,889.0,892.0,892.0,893.0,897.0,902.0,907.0,910.0,912.0,916.0,918.0,919.0,921.0,921.0,927.0,929.0,933.0,939.0,940.0,946.0,954.0,957.0,,,,,,,,,978.0,980.0,982.0,983.0,983.0,985.0,985.0,985.0,985.0,985.0,986.0,987.0,987.0,987.0,987.0,987.0,987.0,987.0,987.0,990.0,990.0,992.0,993.0,995.0,995.0,995.0,995.0,997.0,999.0,999.0,999.0,1001.0,1001.0,1005.0,1006.0,1008.0,1011.0,1012.0,1019.0,1023.0,1025.0,1027.0,1028.0,1032.0,1038.0,1041.0,1043.0,1052.0,1054.0,1056.0,1062.0,1064.0,1065.0,1067.0,1073.0,1080.0,1082.0,1084.0,1084.0,1085.0,1087.0,1087.0,1089.0,1090.0,1091.0,1095.0,1098.0,1098.0,1099.0,1099.0,1100.0,1102.0,1104.0,1110.0,1116.0,1121.0,1124.0,1126.0,1129.0,1131.0,1133.0,1135.0,1140.0,1147.0,1153.0,1155.0,1156.0,1161.0,1163.0,1165.0,1170.0,1173.0,1174.0,1177.0,1180.0,1180.0,1186.0,1187.0,1190.0,1192.0,1198.0,1201.0,1202.0,1204.0,1208.0,1211.0,1213.0,1215.0,1219.0,1219.0,1220.0,1222.0,1223.0,1223.0,1224.0,1226.0,1227.0,1227.0,1228.0,1229.0,1231.0,,1233.0,1233.0,1233.0,1233.0,1233.0,1233.0,1233.0,1233.0,1233.0,1233.0,1233.0,1234.0,1236.0,1237.0,1239.0,1239.0,1239.0,1239.0,1241.0,1241.0,1242.0,1242.0,1242.0,1244.0,1244.0,1245.0,1245.0,1245.0,1245.0,1245.0,1245.0,1245.0,1245.0,1245.0,1246.0,1247.0,1247.0,1247.0,1247.0,1248.0,1248.0,1249.0,1249.0,1249.0,1250.0,1251.0,1251.0,1252.0,1252.0,1252.0,1254.0,1254.0,1257.0,1258.0,1259.0,1262.0,1262.0,1262.0,1263.0,1263.0,1263.0,1263.0,1263.0,1264.0,1266.0,1266.0,1269.0,1270.0,1272.0,1274.0,1278.0,1281.0,1285.0,1288.0,1290.0,1290.0,1293.0,1295.0,1296.0,1296.0,1297.0,1301.0,1302.0,1302.0,1303.0,1303.0,1304.0,1305.0,1306.0,1307.0,1308.0,1309.0,1314.0,1315.0,1317.0,1318.0,1319.0,1322.0,1323.0,1324.0,1327.0,1327.0,1327.0,1329.0,1330.0,1331.0,1335.0,1338.0,1340.0,1341.0,1341.0,1341.0,1342.0,1342
hY-Zyc3eWso,717.0,719.0,720.0,721.0,721.0,721.0,722.0,722.0,722.0,723.0,723.0,723.0,723.0,723.0,724.0,725.0,725.0,726.0,727.0,727.0,727.0,727.0,727.0,727.0,727.0,727.0,728.0,728.0,728.0,728.0,729.0,729.0,729.0,729.0,729.0,729.0,730.0,730.0,731.0,731.0,731.0,732.0,732.0,732.0,732.0,733.0,735.0,736.0,737.0,737.0,737.0,740.0,740.0,740.0,740.0,741.0,742.0,743.0,743.0,743.0,743.0,743.0,745.0,745.0,745.0,746.0,746.0,748.0,755.0,755.0,757.0,759.0,759.0,759.0,761.0,761.0,761.0,761.0,763.0,765.0,765.0,767.0,768.0,768.0,769.0,769.0,769.0,769.0,770.0,770.0,772.0,774.0,775.0,776.0,776.0,777.0,779.0,779.0,783.0,783.0,782.0,784.0,786.0,786.0,789.0,789.0,790.0,790.0,791.0,792.0,792.0,793.0,793.0,793.0,793.0,793.0,795.0,795.0,796.0,798.0,798.0,798.0,798.0,798.0,798.0,798.0,799.0,800.0,800.0,800.0,800.0,800.0,800.0,800.0,,,,,,,,,808.0,808.0,808.0,808.0,809.0,816.0,817.0,817.0,817.0,817.0,817.0,817.0,818.0,818.0,818.0,818.0,818.0,818.0,818.0,819.0,819.0,821.0,821.0,822.0,822.0,822.0,823.0,823.0,823.0,823.0,823.0,824.0,824.0,824.0,824.0,824.0,825.0,825.0,825.0,826.0,826.0,826.0,826.0,827.0,827.0,827.0,827.0,828.0,828.0,828.0,828.0,828.0,828.0,828.0,829.0,829.0,830.0,831.0,832.0,832.0,832.0,832.0,833.0,833.0,833.0,834.0,834.0,834.0,834.0,834.0,834.0,835.0,836.0,836.0,836.0,837.0,839.0,840.0,840.0,840.0,840.0,840.0,841.0,842.0,842.0,845.0,850.0,853.0,856.0,864.0,865.0,867.0,869.0,870.0,871.0,874.0,879.0,883.0,888.0,892.0,894.0,895.0,896.0,897.0,901.0,904.0,905.0,905.0,907.0,911.0,914.0,916.0,917.0,917.0,919.0,922.0,922.0,923.0,925.0,927.0,928.0,,932.0,933.0,935.0,936.0,938.0,941.0,942.0,944.0,945.0,947.0,947.0,950.0,951.0,953.0,953.0,953.0,953.0,953.0,953.0,954.0,955.0,955.0,955.0,956.0,956.0,957.0,957.0,957.0,958.0,958.0,958.0,959.0,960.0,960.0,961.0,961.0,961.0,962.0,962.0,964.0,965.0,965.0,965.0,965.0,965.0,965.0,966.0,966.0,967.0,968.0,971.0,973.0,974.0,975.0,978.0,978.0,978.0,978.0,978.0,979.0,979.0,979.0,979.0,979.0,979.0,981.0,984.0,986.0,991.0,992.0,992.0,995.0,997.0,998.0,998.0,1000.0,1002.0,1002.0,1002.0,1002.0,1002.0,1003.0,1003.0,1003.0,1003.0,1003.0,1003.0,1003.0,1003.0,1004.0,1004.0,1005.0,1005.0,1005.0,1005.0,1005.0,1006.0,1006.0,1006.0,1006.0,1007.0,1007.0,1008.0,1009.0,1009.0,1010.0,1011.0,1013.0,1013.0,1013.0,1014.0,1014.0,1015.0,1016
VjTtyXZOt9Y,837858.0,838126.0,838394.0,838601.0,838887.0,839155.0,839431.0,839694.0,839947.0,840189.0,840365.0,840599.0,840840.0,841114.0,841430.0,841770.0,842023.0,842244.0,842551.0,842786.0,843056.0,843352.0,843597.0,843853.0,844065.0,844240.0,844464.0,844638.0,844832.0,845031.0,845215.0,845387.0,845571.0,845772.0,845979.0,846249.0,846466.0,846697.0,846882.0,847080.0,847233.0,847433.0,847627.0,847819.0,847960.0,848117.0,848296.0,848494.0,848666.0,848844.0,849037.0,849187.0,849332.0,849485.0,849650.0,849846.0,850049.0,850207.0,850388.0,850526.0,850672.0,850865.0,851011.0,851178.0,851341.0,851490.0,851661.0,851860.0,852077.0,852340.0,852494.0,852669.0,852836.0,852975.0,853112.0,853315.0,853497.0,853691.0,853907.0,854077.0,854220.0,854418.0,854634.0,854809.0,854964.0,855205.0,855390.0,855556.0,855749.0,855965.0,856132.0,856321.0,856555.0,856752.0,856938.0,857165.0,857377.0,857581.0,857750.0,857976.0,858191.0,858380.0,858618.0,858828.0,859003.0,859188.0,859406.0,859620.0,859782.0,860032.0,860232.0,860467.0,860678.0,860913.0,861115.0,861281.0,861498.0,861731.0,862004.0,862252.0,862456.0,862662.0,862809.0,863000.0,863177.0,863359.0,863504.0,863686.0,863859.0,864014.0,864202.0,864396.0,864632.0,864844.0,,,,,,,,,866869.0,867056.0,867268.0,867480.0,867687.0,867947.0,868235.0,868463.0,868647.0,868875.0,869094.0,869326.0,869568.0,869803.0,870017.0,870228.0,870452.0,870695.0,870942.0,871159.0,871387.0,871595.0,871784.0,871980.0,872183.0,872420.0,872602.0,872802.0,872991.0,873161.0,873309.0,873497.0,873688.0,873855.0,874012.0,874161.0,874298.0,874469.0,874538.0,874809.0,874948.0,875102.0,875231.0,875360.0,875514.0,875662.0,875837.0,876002.0,876128.0,876285.0,876392.0,876540.0,876674.0,876828.0,877010.0,877197.0,877381.0,877550.0,877700.0,877851.0,877997.0,878141.0,878276.0,878402.0,878496.0,878623.0,878784.0,878936.0,879040.0,879144.0,879274.0,879392.0,879514.0,879679.0,879828.0,879982.0,880119.0,880281.0,880414.0,880579.0,880733.0,880889.0,881075.0,881354.0,881579.0,881773.0,881940.0,882206.0,882391.0,882605.0,882821.0,882951.0,883060.0,883254.0,883456.0,883664.0,883828.0,884043.0,884226.0,884402.0,884593.0,884765.0,884982.0,885204.0,885393.0,885582.0,885706.0,885953.0,886157.0,886412.0,886615.0,886812.0,886978.0,887161.0,887324.0,887493.0,887706.0,887926.0,888126.0,888343.0,888534.0,,888951.0,889140.0,889363.0,889551.0,889764.0,889927.0,890092.0,890306.0,890500.0,890671.0,890863.0,891056.0,891244.0,891496.0,891715.0,891961.0,892204.0,892450.0,892742.0,892929.0,893114.0,893356.0,893561.0,893740.0,893968.0,894164.0,894336.0,894516.0,894691.0,894832.0,895005.0,895215.0,895399.0,895523.0,895727.0,895893.0,896137.0,896304.0,896484.0,896687.0,896865.0,897052.0,897251.0,897473.0,897634.0,897824.0,898018.0,898236.0,898393.0,898617.0,898809.0,899016.0,899204.0,899374.0,899537.0,899702.0,899899.0,900087.0,900280.0,900477.0,900624.0,900794.0,900992.0,901215.0,901425.0,901607.0,901810.0,901979.0,902125.0,902313.0,902475.0,902685.0,902898.0,903098.0,903273.0,903494.0,903738.0,903964.0,904200.0,904421.0,904678.0,904860.0,905012.0,905194.0,905364.0,905536.0,905715.0,905894.0,906051.0,906186.0,906348.0,906511.0,906659.0,906810.0,906975.0,907099.0,907233.0,907364.0,907588.0,907741.0,907915.0,908061.0,908270.0,908415.0,908591.0,908768.0,908950.0,909124.0,909303.0,909497.0,909647.0,909826.0,910062.0,910207
en-BlbPHl50,582458.0,582635.0,582888.0,583115.0,583305.0,583543.0,583760.0,583984.0,584250.0,584516.0,584718.0,585054.0,585329.0,585571.0,585861.0,586319.0,586653.0,586880.0,587182.0,587503.0,587748.0,588033.0,588359.0,588558.0,588790.0,588994.0,589211.0,589396.0,589606.0,589783.0,590006.0,590194.0,590381.0,590603.0,590833.0,591051.0,591246.0,591480.0,591689.0,591927.0,592175.0,592499.0,592847.0,593125.0,593389.0,593603.0,593800.0,594035.0,594278.0,594482.0,594709.0,594900.0,595037.0,595205.0,595342.0,595507.0,595661.0,595859.0,596005.0,596182.0,596363.0,596539.0,596707.0,596943.0,597108.0,597294.0,597599.0,597794.0,597974.0,598250.0,598410.0,598618.0,598820.0,599001.0,599199.0,599403.0,599653.0,599944.0,600202.0,600510.0,600765.0,601057.0,601421.0,601734.0,602034.0,602334.0,602625.0,602904.0,603258.0,603592.0,603880.0,604246.0,604596.0,604906.0,605165.0,605427.0,605751.0,606083.0,606385.0,606696.0,607066.0,607308.0,607590.0,607916.0,608275.0,608585.0,608892.0,609185.0,609413.0,609674.0,609961.0,610221.0,610510.0,610813.0,611077.0,611348.0,611653.0,611993.0,612383.0,612735.0,613130.0,613530.0,613851.0,614302.0,614749.0,615091.0,615409.0,615816.0,616264.0,616585.0,617162.0,617626.0,617993.0,618406.0,,,,,,,,,622032.0,622312.0,622618.0,622882.0,623202.0,623559.0,623841.0,624097.0,624437.0,624870.0,625263.0,625698.0,626033.0,626453.0,626822.0,627138.0,627498.0,627923.0,628311.0,628701.0,629022.0,629320.0,629665.0,630012.0,630277.0,630478.0,630730.0,630973.0,631199.0,631373.0,631606.0,631867.0,632106.0,632372.0,632629.0,632851.0,633031.0,633322.0,633570.0,633791.0,633999.0,634268.0,634516.0,634740.0,634970.0,635214.0,635443.0,635690.0,635997.0,636277.0,636506.0,636766.0,636998.0,637253.0,637474.0,637720.0,637950.0,638205.0,638419.0,638712.0,638947.0,639114.0,639327.0,639541.0,639735.0,639941.0,640170.0,640383.0,640597.0,640775.0,640974.0,641123.0,641333.0,641606.0,641821.0,642072.0,642294.0,642513.0,642663.0,642877.0,643107.0,643349.0,643557.0,643817.0,644013.0,644189.0,644419.0,644668.0,644882.0,645136.0,645357.0,645574.0,645717.0,645872.0,645990.0,646124.0,646302.0,646485.0,646612.0,646745.0,646892.0,647056.0,647235.0,647418.0,647591.0,647749.0,647919.0,648090.0,648306.0,648521.0,648754.0,648909.0,649062.0,649183.0,649288.0,649354.0,649473.0,649599.0,649721.0,649814.0,649879.0,,650057.0,650144.0,650262.0,650343.0,650423.0,650500.0,650573.0,650663.0,650769.0,650870.0,650954.0,651049.0,651101.0,651215.0,651305.0,651376.0,651464.0,651582.0,651661.0,651725.0,651832.0,651932.0,652014.0,652106.0,652195.0,652280.0,652356.0,652444.0,652566.0,652677.0,652806.0,652946.0,653074.0,653171.0,653263.0,653362.0,653450.0,653542.0,653640.0,653748.0,653821.0,653890.0,653962.0,654059.0,654181.0,654294.0,654466.0,654617.0,654773.0,654956.0,655152.0,655316.0,655487.0,655634.0,655770.0,655895.0,656029.0,656208.0,656370.0,656560.0,656705.0,656811.0,656934.0,657111.0,657290.0,657480.0,657643.0,657832.0,657963.0,658180.0,658362.0,658584.0,658800.0,658986.0,659207.0,659373.0,659559.0,659742.0,659918.0,660082.0,660254.0,660400.0,660539.0,660659.0,660787.0,660931.0,661058.0,661221.0,661364.0,661504.0,661643.0,661775.0,661900.0,662060.0,662233.0,662368.0,662472.0,662615.0,662742.0,662863.0,662996.0,663141.0,663270.0,663370.0,663527.0,663683.0,663809.0,663952.0,664088.0,664224.0,664343.0,664466.0,664614.0,664756
FYaq55R1TDI,178581.0,178620.0,178654.0,178701.0,178764.0,178799.0,178853.0,178908.0,178937.0,178991.0,179061.0,179104.0,179152.0,179201.0,179232.0,179283.0,179328.0,179381.0,179421.0,179457.0,179495.0,179542.0,179580.0,179610.0,179661.0,179728.0,179785.0,179828.0,179872.0,179917.0,179961.0,180016.0,180060.0,180110.0,180158.0,180192.0,180243.0,180303.0,180343.0,180381.0,180423.0,180469.0,180517.0,180575.0,180628.0,180658.0,180712.0,180748.0,180773.0,180833.0,180865.0,180902.0,180932.0,180986.0,181024.0,181049.0,181086.0,181130.0,181167.0,181205.0,181257.0,181297.0,181350.0,181390.0,181456.0,181505.0,181535.0,181585.0,181639.0,181685.0,181739.0,181783.0,181836.0,181883.0,181934.0,181972.0,182025.0,182053.0,182085.0,182152.0,182208.0,182272.0,182340.0,182393.0,182437.0,182497.0,182568.0,182615.0,182663.0,182699.0,182754.0,182792.0,182851.0,182897.0,182964.0,182999.0,183031.0,183076.0,183130.0,183179.0,183231.0,183270.0,183317.0,183369.0,183426.0,183488.0,183550.0,183629.0,183671.0,183717.0,183781.0,183824.0,183883.0,183933.0,183986.0,184021.0,184076.0,184141.0,184198.0,184246.0,184300.0,184344.0,184393.0,184426.0,184465.0,184529.0,184568.0,184633.0,184694.0,184740.0,184788.0,184833.0,184906.0,184964.0,,,,,,,,,185499.0,185548.0,185605.0,185644.0,185723.0,185812.0,185898.0,185978.0,186078.0,186206.0,186310.0,186441.0,186567.0,186732.0,186859.0,186966.0,187084.0,187152.0,187222.0,187326.0,187382.0,187433.0,187497.0,187553.0,187594.0,187654.0,187693.0,187744.0,187802.0,187876.0,187936.0,187992.0,188045.0,188096.0,188153.0,188208.0,188259.0,188305.0,188361.0,188405.0,188457.0,188523.0,188567.0,188604.0,188645.0,188705.0,188742.0,188793.0,188836.0,188894.0,188922.0,188980.0,189027.0,189071.0,189116.0,189144.0,189185.0,189228.0,189265.0,189299.0,189333.0,189362.0,189396.0,189432.0,189463.0,189500.0,189531.0,189570.0,189601.0,189639.0,189674.0,189711.0,189744.0,189790.0,189830.0,189868.0,189898.0,189937.0,189971.0,190034.0,190071.0,190119.0,190165.0,190194.0,190262.0,190336.0,190409.0,190473.0,190553.0,190632.0,190688.0,190730.0,190768.0,190820.0,190868.0,190913.0,190956.0,191000.0,191048.0,191098.0,191145.0,191197.0,191226.0,191265.0,191314.0,191351.0,191375.0,191413.0,191442.0,191467.0,191500.0,191523.0,191552.0,191595.0,191634.0,191653.0,191686.0,191712.0,191753.0,191796.0,191833.0,,191897.0,191928.0,191964.0,192009.0,192043.0,192081.0,192120.0,192140.0,192175.0,192237.0,192262.0,192286.0,192318.0,192354.0,192385.0,192424.0,192471.0,192518.0,192561.0,192593.0,192643.0,192685.0,192721.0,192761.0,192801.0,192838.0,192863.0,192904.0,192935.0,192970.0,193007.0,193050.0,193092.0,193132.0,193173.0,193215.0,193253.0,193286.0,193314.0,193361.0,193411.0,193484.0,193542.0,193590.0,193651.0,193683.0,193716.0,193748.0,193770.0,193833.0,193866.0,193902.0,193940.0,193974.0,194003.0,194033.0,194074.0,194103.0,194146.0,194197.0,194225.0,194273.0,194320.0,194357.0,194401.0,194443.0,194515.0,194571.0,194672.0,194818.0,194908.0,194968.0,195025.0,195091.0,195151.0,195193.0,195262.0,195335.0,195402.0,195462.0,195520.0,195583.0,195626.0,195675.0,195732.0,195784.0,195835.0,195881.0,195916.0,195967.0,196013.0,196056.0,196097.0,196146.0,196196.0,196249.0,196293.0,196340.0,196387.0,196425.0,196466.0,196508.0,196534.0,196564.0,196597.0,196640.0,196687.0,196715.0,196755.0,196791.0,196818.0,196852.0,196891.0,196941
BQWDeX3OI2w,65219.0,65270.0,65291.0,65313.0,65336.0,65373.0,65398.0,65418.0,65470.0,65539.0,65569.0,65608.0,65645.0,65669.0,65700.0,65732.0,65766.0,65797.0,65829.0,65864.0,65896.0,65934.0,65969.0,65997.0,66024.0,66044.0,66118.0,66141.0,66169.0,66199.0,66226.0,66246.0,66266.0,66295.0,66329.0,66363.0,66402.0,66426.0,66450.0,66475.0,66501.0,66541.0,66577.0,66616.0,66642.0,66673.0,66696.0,66720.0,66745.0,66781.0,66811.0,66829.0,66861.0,66888.0,66963.0,67001.0,67031.0,67064.0,67086.0,67109.0,67129.0,67150.0,67173.0,67207.0,67232.0,67256.0,67285.0,67307.0,67335.0,67365.0,67393.0,67424.0,67444.0,67471.0,67504.0,67541.0,67572.0,67600.0,67636.0,67667.0,67695.0,67721.0,67754.0,67783.0,67814.0,67834.0,67854.0,67875.0,67903.0,67933.0,67984.0,68006.0,68037.0,68062.0,68089.0,68117.0,68144.0,68174.0,68220.0,68254.0,68281.0,68314.0,68346.0,68372.0,68413.0,68445.0,68482.0,68507.0,68522.0,68541.0,68573.0,68594.0,68614.0,68631.0,68662.0,68685.0,68719.0,68744.0,68762.0,68798.0,68817.0,68848.0,68877.0,68901.0,68933.0,68963.0,68990.0,69016.0,69036.0,69056.0,69088.0,69113.0,69162.0,69197.0,,,,,,,,,69436.0,69460.0,69484.0,69509.0,69536.0,69560.0,69585.0,69608.0,69631.0,69657.0,69694.0,69716.0,69744.0,69772.0,69808.0,69821.0,69835.0,69865.0,69889.0,69908.0,69917.0,69934.0,69959.0,69983.0,70001.0,70024.0,70050.0,70076.0,70091.0,70117.0,70141.0,70169.0,70198.0,70212.0,70231.0,70252.0,70271.0,70290.0,70302.0,70323.0,70348.0,70372.0,70393.0,70417.0,70440.0,70461.0,70485.0,70518.0,70542.0,70579.0,70621.0,70650.0,70675.0,70695.0,70719.0,70748.0,70784.0,70816.0,70842.0,70858.0,70885.0,70907.0,70946.0,70967.0,70988.0,71010.0,71047.0,71071.0,71086.0,71096.0,71118.0,71136.0,71167.0,71190.0,71215.0,71239.0,71259.0,71280.0,71301.0,71325.0,71351.0,71362.0,71386.0,71417.0,71448.0,71479.0,71512.0,71548.0,71580.0,71602.0,71629.0,71645.0,71675.0,71707.0,71732.0,71756.0,71771.0,71799.0,71816.0,71844.0,71859.0,71884.0,71910.0,71929.0,71953.0,71965.0,71990.0,72006.0,72025.0,72036.0,72053.0,72074.0,72093.0,72125.0,72142.0,72161.0,72178.0,72195.0,72223.0,72237.0,72252.0,,72295.0,72318.0,72348.0,72370.0,72398.0,72415.0,72428.0,72463.0,72478.0,72500.0,72517.0,72536.0,72560.0,72577.0,72593.0,72610.0,72624.0,72651.0,72665.0,72677.0,72702.0,72719.0,72736.0,72762.0,72778.0,72799.0,72814.0,72840.0,72858.0,72875.0,72910.0,72926.0,72946.0,72958.0,72975.0,72993.0,73022.0,73040.0,73062.0,73079.0,73094.0,73120.0,73143.0,73156.0,73178.0,73199.0,73222.0,73244.0,73285.0,73303.0,73328.0,73360.0,73388.0,73417.0,73438.0,73463.0,73487.0,73508.0,73530.0,73567.0,73595.0,73615.0,73633.0,73657.0,73681.0,73701.0,73732.0,73761.0,73787.0,73806.0,73828.0,73845.0,73872.0,73888.0,73915.0,73939.0,73960.0,73995.0,74017.0,74050.0,74077.0,74111.0,74135.0,74155.0,74172.0,74198.0,74224.0,74248.0,74279.0,74302.0,74325.0,74356.0,74385.0,74410.0,74436.0,74463.0,74487.0,74512.0,74535.0,74561.0,74598.0,74624.0,74643.0,74658.0,74695.0,74734.0,74767.0,74790.0,74821.0,74840.0,74872.0,74900.0,74928.0,74959
yziMZ4K2vko,148791.0,148842.0,148915.0,148973.0,149021.0,149090.0,149158.0,149225.0,149292.0,149352.0,149416.0,149465.0,149533.0,149573.0,149636.0,149681.0,149733.0,149781.0,149820.0,149888.0,149931.0,149979.0,150033.0,150074.0,150135.0,150203.0,150282.0,150364.0,150421.0,150482.0,150542.0,150615.0,150665.0,150714.0,150763.0,150812.0,150857.0,150906.0,150968.0,151024.0,151082.0,151152.0,151289.0,151373.0,151468.0,151538.0,151616.0,151695.0,151765.0,151810.0,151870.0,151928.0,151980.0,152032.0,152107.0,152158.0,152222.0,152278.0,152350.0,152413.0,152490.0,152568.0,152638.0,152704.0,152763.0,152811.0,152888.0,152944.0,153013.0,153096.0,153147.0,153230.0,153294.0,153358.0,153430.0,153520.0,153576.0,153641.0,153703.0,153792.0,153873.0,153961.0,154041.0,154124.0,154198.0,154275.0,154339.0,154400.0,154500.0,154573.0,154646.0,154760.0,154829.0,154949.0,155033.0,155122.0,155234.0,155331.0,155448.0,155549.0,155652.0,155767.0,155887.0,156035.0,156199.0,156343.0,156528.0,156777.0,157057.0,157340.0,157629.0,157909.0,158218.0,158465.0,158706.0,158958.0,159205.0,159459.0,159717.0,159981.0,160259.0,160440.0,160603.0,160822.0,161062.0,161262.0,161420.0,161645.0,161832.0,161992.0,162187.0,162394.0,162647.0,162874.0,,,,,,,,,164728.0,164955.0,165158.0,165374.0,165619.0,165872.0,166076.0,166298.0,166663.0,167033.0,167365.0,167662.0,167936.0,168316.0,168532.0,168906.0,169298.0,169447.0,169626.0,169781.0,169933.0,170043.0,170180.0,170300.0,170453.0,170616.0,170764.0,170914.0,171019.0,171151.0,171315.0,171472.0,171619.0,171786.0,171922.0,172052.0,172157.0,172334.0,172533.0,172703.0,172878.0,173051.0,173177.0,173286.0,173425.0,173555.0,173706.0,173852.0,174085.0,174243.0,174350.0,174508.0,174627.0,174743.0,174817.0,174973.0,175055.0,175174.0,175299.0,175413.0,175542.0,175639.0,175768.0,175873.0,175982.0,176101.0,176255.0,176372.0,176460.0,176591.0,176675.0,176789.0,176866.0,176929.0,176984.0,177038.0,177095.0,177145.0,177213.0,177266.0,177330.0,177390.0,177463.0,177532.0,177592.0,177683.0,177826.0,177885.0,177955.0,178050.0,178114.0,178170.0,178245.0,178295.0,178351.0,178410.0,178453.0,178502.0,178549.0,178604.0,178676.0,178726.0,178771.0,178809.0,178882.0,178936.0,179003.0,179045.0,179077.0,179118.0,179166.0,179206.0,179251.0,179296.0,179352.0,179383.0,179431.0,179468.0,179511.0,179557.0,179618.0,,179715.0,179757.0,179801.0,179855.0,179910.0,179967.0,180017.0,180052.0,180094.0,180122.0,180152.0,180210.0,180268.0,180329.0,180376.0,180418.0,180455.0,180520.0,180572.0,180613.0,180687.0,180737.0,180789.0,180827.0,180875.0,180929.0,180969.0,181005.0,181053.0,181096.0,181151.0,181187.0,181229.0,181275.0,181322.0,181367.0,181422.0,181465.0,181505.0,181556.0,181591.0,181634.0,181674.0,181734.0,181770.0,181810.0,181853.0,181903.0,181957.0,182004.0,182058.0,182091.0,182129.0,182177.0,182218.0,182258.0,182299.0,182329.0,182368.0,182409.0,182438.0,182465.0,182505.0,182536.0,182589.0,182630.0,182669.0,182700.0,182737.0,182767.0,182816.0,182850.0,182895.0,182922.0,182954.0,182987.0,183025.0,183049.0,183077.0,183113.0,183152.0,183180.0,183217.0,183257.0,183298.0,183332.0,183377.0,183406.0,183426.0,183460.0,183501.0,183528.0,183567.0,183598.0,183624.0,183663.0,183708.0,183741.0,183765.0,183794.0,183827.0,183859.0,183894.0,183930.0,183956.0,183989.0,184015.0,184041.0,184062.0,184098.0,184133.0,184158.0,184182.0,184204
jzaukF0BWds,120850.0,120850.0,120852.0,120860.0,120861.0,120872.0,120873.0,120879.0,120883.0,120888.0,120890.0,120893.0,120899.0,120903.0,120908.0,120915.0,120921.0,120928.0,120933.0,120943.0,120950.0,120954.0,120962.0,120968.0,120970.0,120979.0,120984.0,120995.0,121000.0,121005.0,121009.0,121013.0,121017.0,121021.0,121025.0,121030.0,121036.0,121043.0,121046.0,121048.0,121057.0,121064.0,121069.0,121075.0,121085.0,121089.0,121095.0,121100.0,121103.0,121106.0,121112.0,121121.0,121128.0,121136.0,121140.0,121143.0,121145.0,121150.0,121154.0,121161.0,121165.0,121172.0,121180.0,121190.0,121195.0,121197.0,121204.0,121205.0,121210.0,121216.0,121220.0,121226.0,121229.0,121237.0,121246.0,121249.0,121256.0,121260.0,121263.0,121267.0,121273.0,121279.0,121281.0,121294.0,121302.0,121303.0,121311.0,121317.0,121321.0,121324.0,121330.0,121337.0,121339.0,121344.0,121349.0,121352.0,121357.0,121363.0,121368.0,121371.0,121376.0,121385.0,121389.0,121393.0,121397.0,121400.0,121400.0,121404.0,121411.0,121413.0,121415.0,121417.0,121422.0,121425.0,121431.0,121435.0,121438.0,121441.0,121446.0,121451.0,121451.0,121454.0,121460.0,121461.0,121468.0,121476.0,121483.0,121490.0,121494.0,121503.0,121505.0,121519.0,121532.0,121540.0,,,,,,,,,121628.0,121637.0,121650.0,121658.0,121667.0,121677.0,121685.0,121707.0,121723.0,121744.0,121760.0,121776.0,121786.0,121802.0,121817.0,121825.0,121842.0,121853.0,121864.0,121877.0,121895.0,121907.0,121914.0,121927.0,121936.0,121950.0,121975.0,121993.0,122009.0,122028.0,122043.0,122063.0,122075.0,122089.0,122107.0,122124.0,122142.0,122166.0,122178.0,122190.0,122207.0,122222.0,122257.0,122301.0,122333.0,122369.0,122394.0,122427.0,122451.0,122484.0,122501.0,122541.0,122562.0,122599.0,122629.0,122655.0,122675.0,122696.0,122714.0,122736.0,122771.0,122808.0,122834.0,122862.0,122882.0,122927.0,122959.0,122971.0,122995.0,123005.0,123017.0,123025.0,123030.0,123040.0,123050.0,123059.0,123067.0,123073.0,123088.0,123100.0,123109.0,123117.0,123121.0,123132.0,123141.0,123171.0,123203.0,123255.0,123281.0,123311.0,123339.0,123350.0,123362.0,123369.0,123384.0,123398.0,123410.0,123416.0,123420.0,123431.0,123444.0,123455.0,123463.0,123470.0,123475.0,123486.0,123497.0,123508.0,123516.0,123524.0,123535.0,123540.0,123548.0,123558.0,123564.0,123566.0,123574.0,123578.0,123582.0,123587.0,123590.0,,123608.0,123616.0,123623.0,123628.0,123637.0,123648.0,123656.0,123663.0,123681.0,123699.0,123705.0,123713.0,123727.0,123733.0,123737.0,123741.0,123745.0,123754.0,123763.0,123771.0,123776.0,123787.0,123793.0,123797.0,123805.0,123813.0,123814.0,123821.0,123827.0,123831.0,123837.0,123845.0,123855.0,123856.0,123856.0,123861.0,123866.0,123873.0,123880.0,123883.0,123887.0,123889.0,123897.0,123906.0,123914.0,123918.0,123923.0,123924.0,123930.0,123938.0,123944.0,123949.0,123953.0,123960.0,123966.0,123976.0,123986.0,123989.0,123994.0,124000.0,124003.0,124009.0,124015.0,124024.0,124031.0,124033.0,124040.0,124044.0,124050.0,124055.0,124069.0,124075.0,124079.0,124084.0,124086.0,124091.0,124099.0,124109.0,124125.0,124132.0,124140.0,124143.0,124149.0,124153.0,124161.0,124178.0,124184.0,124195.0,124206.0,124210.0,124221.0,124232.0,124249.0,124262.0,124275.0,124284.0,124298.0,124310.0,124321.0,124330.0,124338.0,124354.0,124359.0,124365.0,124371.0,124375.0,124380.0,124390.0,124398.0,124403.0,124415.0,124420.0,124430.0,124437
ZyZBs9DZoxQ,1188.0,1188.0,1188.0,1188.0,1188.0,1189.0,1189.0,1189.0,1189.0,1189.0,1189.0,1189.0,1190.0,1190.0,1190.0,1190.0,1190.0,1190.0,1190.0,1191.0,1191.0,1191.0,1191.0,1191.0,1191.0,1191.0,1191.0,1193.0,1193.0,1193.0,1193.0,1193.0,1193.0,1193.0,1193.0,1193.0,1193.0,1193.0,1194.0,1194.0,1194.0,1194.0,1194.0,1194.0,1194.0,1194.0,1194.0,1194.0,1194.0,1194.0,1194.0,1194.0,1195.0,1196.0,1196.0,1196.0,1196.0,1197.0,1197.0,1197.0,1197.0,1197.0,1197.0,1197.0,1198.0,1198.0,1198.0,1198.0,1198.0,1199.0,1199.0,1199.0,1199.0,1199.0,1199.0,1199.0,1199.0,1199.0,1200.0,1200.0,1200.0,1200.0,1200.0,1200.0,1200.0,1200.0,1200.0,1200.0,1200.0,1200.0,1200.0,1200.0,1200.0,1200.0,1200.0,1200.0,1200.0,1200.0,1201.0,1201.0,1201.0,1201.0,1202.0,1202.0,1202.0,1202.0,1202.0,1202.0,1202.0,1202.0,1202.0,1202.0,1202.0,1202.0,1202.0,1202.0,1202.0,1202.0,1202.0,1203.0,1203.0,1203.0,1202.0,1202.0,1202.0,1202.0,1202.0,1202.0,1202.0,1203.0,1203.0,1203.0,1203.0,1203.0,,,,,,,,,1203.0,1203.0,1203.0,1203.0,1203.0,1203.0,1203.0,1203.0,1203.0,1203.0,1203.0,1203.0,1203.0,1203.0,1203.0,1203.0,1203.0,1203.0,1203.0,1203.0,1203.0,1203.0,1203.0,1203.0,1203.0,1203.0,1203.0,1203.0,1203.0,1203.0,1203.0,1203.0,1203.0,1203.0,1203.0,1203.0,1203.0,1203.0,1203.0,1203.0,1203.0,1203.0,1203.0,1203.0,1203.0,1203.0,1204.0,1204.0,1204.0,1204.0,1204.0,1204.0,1204.0,1204.0,1205.0,1205.0,1205.0,1205.0,1205.0,1205.0,1205.0,1205.0,1205.0,1205.0,1205.0,1205.0,1205.0,1205.0,1205.0,1207.0,1207.0,1208.0,1211.0,1213.0,1214.0,1214.0,1215.0,1215.0,1215.0,1215.0,1215.0,1215.0,1215.0,1215.0,1215.0,1215.0,1215.0,1215.0,1215.0,1216.0,1216.0,1216.0,1216.0,1218.0,1218.0,1218.0,1218.0,1218.0,1218.0,1218.0,1218.0,1218.0,1218.0,1218.0,1219.0,1219.0,1219.0,1219.0,1219.0,1219.0,1219.0,1219.0,1219.0,1219.0,1219.0,1219.0,1219.0,1219.0,1219.0,1219.0,1219.0,,1219.0,1219.0,1219.0,1219.0,1219.0,1219.0,1219.0,1219.0,1219.0,1219.0,1219.0,1219.0,1219.0,1219.0,1219.0,1219.0,1219.0,1219.0,1219.0,1219.0,1219.0,1219.0,1219.0,1219.0,1219.0,1219.0,1219.0,1219.0,1219.0,1219.0,1219.0,1219.0,1219.0,1219.0,1219.0,1219.0,1220.0,1221.0,1223.0,1224.0,1226.0,1227.0,1227.0,1227.0,1227.0,1227.0,1227.0,1227.0,1228.0,1228.0,1228.0,1229.0,1229.0,1229.0,1230.0,1230.0,1231.0,1232.0,1232.0,1233.0,1233.0,1233.0,1233.0,1234.0,1234.0,1235.0,1235.0,1235.0,1236.0,1236.0,1239.0,1239.0,1239.0,1239.0,1239.0,1239.0,1239.0,1239.0,1239.0,1239.0,1239.0,1239.0,1239.0,1240.0,1240.0,1240.0,1240.0,1240.0,1240.0,1240.0,1240.0,1240.0,1240.0,1240.0,1240.0,1240.0,1241.0,1241.0,1241.0,1241.0,1241.0,1241.0,1241.0,1241.0,1241.0,1241.0,1241.0,1241.0,1241.0,1241.0,1241.0,1241.0,1241.0,1241
M5ysgqh3LJM,1046.0,1047.0,1047.0,1047.0,1047.0,1047.0,1047.0,1047.0,1047.0,1047.0,1047.0,1047.0,1047.0,1047.0,1047.0,1047.0,1047.0,1047.0,1047.0,1047.0,1047.0,1047.0,1047.0,1047.0,1047.0,1047.0,1047.0,1047.0,1047.0,1047.0,1048.0,1049.0,1049.0,1049.0,1049.0,1049.0,1049.0,1049.0,1049.0,1049.0,1049.0,1049.0,1049.0,1050.0,1050.0,1050.0,1050.0,1050.0,1051.0,1051.0,1051.0,1051.0,1051.0,1051.0,1051.0,1051.0,1051.0,1051.0,1051.0,1051.0,1051.0,1051.0,1051.0,1051.0,1052.0,1052.0,1053.0,1053.0,1053.0,1053.0,1053.0,1053.0,1053.0,1053.0,1053.0,1054.0,1054.0,1054.0,1054.0,1054.0,1054.0,1056.0,1056.0,1056.0,1056.0,1056.0,1056.0,1056.0,1056.0,1056.0,1056.0,1056.0,1056.0,1056.0,1056.0,1056.0,1056.0,1056.0,1056.0,1056.0,1056.0,1056.0,1056.0,1058.0,1058.0,1058.0,1058.0,1058.0,1058.0,1058.0,1058.0,1058.0,1059.0,1059.0,1059.0,1059.0,1059.0,1059.0,1059.0,1060.0,1060.0,1060.0,1059.0,1059.0,1062.0,1062.0,1062.0,1062.0,1062.0,1062.0,1062.0,1062.0,1062.0,1062.0,,,,,,,,,1062.0,1062.0,1062.0,1062.0,1062.0,1063.0,1064.0,1064.0,1064.0,1065.0,1065.0,1065.0,1065.0,1065.0,1065.0,1065.0,1065.0,1065.0,1065.0,1065.0,1065.0,1065.0,1065.0,1065.0,1065.0,1065.0,1065.0,1065.0,1065.0,1065.0,1065.0,1065.0,1065.0,1065.0,1065.0,1065.0,1065.0,1065.0,1065.0,1065.0,1065.0,1065.0,1066.0,1066.0,1066.0,1067.0,1067.0,1068.0,1068.0,1068.0,1068.0,1068.0,1068.0,1068.0,1069.0,1069.0,1069.0,1069.0,1069.0,1069.0,1069.0,1069.0,1069.0,1069.0,1069.0,1069.0,1069.0,1069.0,1069.0,1069.0,1069.0,1069.0,1069.0,1069.0,1069.0,1069.0,1069.0,1069.0,1069.0,1069.0,1069.0,1069.0,1069.0,1069.0,1069.0,1069.0,1069.0,1069.0,1069.0,1069.0,1069.0,1069.0,1069.0,1069.0,1070.0,1070.0,1070.0,1070.0,1071.0,1071.0,1071.0,1071.0,1071.0,1071.0,1071.0,1071.0,1071.0,1071.0,1071.0,1071.0,1071.0,1071.0,1071.0,1071.0,1071.0,1071.0,1071.0,1072.0,1072.0,1072.0,1072.0,,1072.0,1072.0,1072.0,1073.0,1073.0,1073.0,1073.0,1074.0,1074.0,1076.0,1076.0,1076.0,1076.0,1076.0,1076.0,1076.0,1076.0,1076.0,1076.0,1076.0,1076.0,1076.0,1076.0,1076.0,1076.0,1076.0,1076.0,1076.0,1077.0,1077.0,1078.0,1078.0,1079.0,1079.0,1080.0,1080.0,1080.0,1080.0,1080.0,1080.0,1080.0,1080.0,1080.0,1080.0,1080.0,1080.0,1080.0,1080.0,1080.0,1080.0,1080.0,1080.0,1080.0,1080.0,1080.0,1080.0,1080.0,1080.0,1080.0,1080.0,1080.0,1080.0,1080.0,1080.0,1080.0,1080.0,1080.0,1080.0,1080.0,1080.0,1080.0,1080.0,1080.0,1080.0,1080.0,1080.0,1080.0,1080.0,1080.0,1080.0,1080.0,1080.0,1080.0,1080.0,1080.0,1080.0,1080.0,1080.0,1080.0,1081.0,1081.0,1081.0,1081.0,1081.0,1081.0,1081.0,1081.0,1081.0,1081.0,1081.0,1081.0,1081.0,1081.0,1081.0,1081.0,1081.0,1081.0,1081.0,1081.0,1081.0,1081.0,1081.0,1081.0,1081
xE8mPbH7PgY,1269.0,1270.0,1270.0,1270.0,1272.0,1272.0,1328.0,1309.0,1311.0,1315.0,1317.0,1334.0,1335.0,1337.0,1343.0,1344.0,1347.0,1347.0,1349.0,1350.0,1352.0,1357.0,1364.0,1364.0,1365.0,1368.0,1372.0,1373.0,1374.0,1374.0,1375.0,1376.0,1376.0,1379.0,1380.0,1382.0,1386.0,1387.0,1391.0,1391.0,1391.0,1393.0,1395.0,1395.0,1397.0,1398.0,1401.0,1401.0,1403.0,1403.0,1404.0,1404.0,1405.0,1406.0,1406.0,1406.0,1407.0,1410.0,1412.0,1415.0,1416.0,1417.0,1417.0,1418.0,1421.0,1422.0,1425.0,1426.0,1430.0,1431.0,1435.0,1435.0,1436.0,1438.0,1438.0,1439.0,1439.0,1440.0,1444.0,1445.0,1448.0,1449.0,1449.0,1449.0,1450.0,1451.0,1452.0,1452.0,1453.0,1454.0,1455.0,1455.0,1455.0,1457.0,1457.0,1458.0,1458.0,1461.0,1461.0,1461.0,1461.0,1461.0,1461.0,1461.0,1461.0,1461.0,1461.0,1463.0,1463.0,1463.0,1464.0,1465.0,1465.0,1465.0,1467.0,1468.0,1470.0,1471.0,1473.0,1475.0,1475.0,1476.0,1476.0,1478.0,1478.0,1479.0,1482.0,1482.0,1483.0,1484.0,1486.0,1487.0,1487.0,1491.0,,,,,,,,,1508.0,1508.0,1517.0,1519.0,1522.0,1522.0,1522.0,1524.0,1526.0,1527.0,1528.0,1534.0,1537.0,1538.0,1542.0,1543.0,1544.0,1544.0,1544.0,1545.0,1547.0,1549.0,1549.0,1550.0,1552.0,1554.0,1559.0,1561.0,1563.0,1571.0,1574.0,1576.0,1577.0,1579.0,1582.0,1584.0,1584.0,1591.0,1592.0,1598.0,1598.0,1599.0,1603.0,1603.0,1604.0,1607.0,1608.0,1609.0,1612.0,1612.0,1613.0,1613.0,1616.0,1616.0,1624.0,1634.0,1636.0,1640.0,1647.0,1670.0,1672.0,1676.0,1681.0,1685.0,1687.0,1689.0,1690.0,1691.0,1692.0,1693.0,1698.0,1702.0,1705.0,1707.0,1716.0,1721.0,1728.0,1731.0,1732.0,1736.0,1740.0,1745.0,1751.0,1758.0,1766.0,1767.0,1775.0,1777.0,1780.0,1785.0,1787.0,1790.0,1792.0,1798.0,1801.0,1802.0,1804.0,1806.0,1806.0,1808.0,1810.0,1812.0,1813.0,1815.0,1817.0,1818.0,1822.0,1826.0,1829.0,1832.0,1833.0,1837.0,1852.0,1854.0,1855.0,1858.0,1865.0,1866.0,1869.0,1873.0,1878.0,,1887.0,1895.0,1898.0,1902.0,1905.0,1905.0,1908.0,1914.0,1918.0,1920.0,1920.0,1920.0,1922.0,1923.0,1924.0,1927.0,1927.0,1927.0,1929.0,1931.0,1933.0,1934.0,1935.0,1942.0,1942.0,1952.0,1954.0,1956.0,1956.0,1960.0,1964.0,1967.0,1968.0,1969.0,1969.0,1973.0,1975.0,1979.0,1985.0,1988.0,1989.0,1990.0,1993.0,1995.0,1998.0,1999.0,2001.0,2005.0,2010.0,2012.0,2017.0,2020.0,2028.0,2032.0,2036.0,2041.0,2044.0,2044.0,2048.0,2051.0,2054.0,2057.0,2059.0,2063.0,2069.0,2084.0,2108.0,2115.0,2128.0,2147.0,2180.0,2221.0,2256.0,2300.0,2321.0,2344.0,2364.0,2386.0,2404.0,2428.0,2461.0,2480.0,2504.0,2515.0,2523.0,2538.0,2544.0,2559.0,2565.0,2570.0,2579.0,2589.0,2603.0,2619.0,2638.0,2653.0,2656.0,2660.0,2663.0,2670.0,2669.0,2671.0,2674.0,2677.0,2685.0,2703.0,2720.0,2733.0,2745.0,2777.0,2797.0,2828.0,2839.0,2853
8JRPfmfeS9M,461.0,461.0,461.0,461.0,461.0,461.0,461.0,461.0,465.0,466.0,466.0,466.0,467.0,467.0,467.0,468.0,468.0,468.0,468.0,468.0,468.0,468.0,468.0,469.0,469.0,469.0,469.0,470.0,470.0,470.0,470.0,470.0,470.0,472.0,472.0,472.0,472.0,474.0,474.0,474.0,474.0,474.0,475.0,475.0,476.0,479.0,479.0,479.0,479.0,480.0,480.0,480.0,480.0,480.0,480.0,481.0,482.0,482.0,482.0,482.0,482.0,482.0,482.0,482.0,483.0,484.0,484.0,484.0,484.0,484.0,485.0,485.0,485.0,485.0,485.0,485.0,485.0,485.0,486.0,487.0,487.0,487.0,487.0,487.0,487.0,487.0,487.0,487.0,487.0,487.0,487.0,487.0,487.0,487.0,487.0,487.0,487.0,488.0,488.0,488.0,488.0,488.0,488.0,488.0,488.0,488.0,488.0,488.0,489.0,489.0,490.0,490.0,490.0,490.0,490.0,490.0,490.0,490.0,490.0,490.0,490.0,490.0,490.0,490.0,490.0,490.0,490.0,490.0,490.0,490.0,491.0,491.0,491.0,491.0,,,,,,,,,494.0,494.0,494.0,495.0,495.0,495.0,495.0,495.0,496.0,496.0,496.0,497.0,497.0,497.0,498.0,498.0,500.0,500.0,500.0,500.0,501.0,501.0,501.0,501.0,502.0,502.0,502.0,503.0,503.0,503.0,504.0,504.0,504.0,505.0,505.0,506.0,509.0,509.0,509.0,510.0,510.0,510.0,510.0,511.0,511.0,511.0,511.0,512.0,513.0,513.0,513.0,514.0,514.0,516.0,519.0,519.0,519.0,520.0,522.0,522.0,522.0,523.0,523.0,523.0,523.0,523.0,525.0,525.0,525.0,525.0,526.0,526.0,526.0,526.0,526.0,526.0,526.0,526.0,526.0,526.0,526.0,526.0,526.0,526.0,527.0,527.0,527.0,527.0,527.0,527.0,527.0,527.0,527.0,527.0,527.0,527.0,527.0,528.0,528.0,528.0,528.0,528.0,528.0,529.0,530.0,530.0,530.0,530.0,531.0,532.0,532.0,533.0,533.0,533.0,533.0,533.0,533.0,533.0,533.0,533.0,533.0,,533.0,533.0,534.0,534.0,534.0,534.0,534.0,535.0,535.0,535.0,536.0,536.0,536.0,537.0,537.0,537.0,537.0,537.0,537.0,537.0,537.0,537.0,537.0,538.0,538.0,538.0,538.0,539.0,540.0,541.0,541.0,541.0,541.0,541.0,541.0,541.0,541.0,541.0,541.0,541.0,541.0,542.0,542.0,542.0,542.0,543.0,543.0,543.0,543.0,543.0,543.0,543.0,543.0,543.0,543.0,543.0,543.0,544.0,545.0,545.0,545.0,545.0,545.0,546.0,546.0,546.0,546.0,546.0,546.0,546.0,546.0,546.0,546.0,547.0,547.0,549.0,551.0,551.0,551.0,551.0,551.0,551.0,551.0,551.0,551.0,552.0,552.0,552.0,552.0,552.0,552.0,552.0,552.0,552.0,552.0,552.0,554.0,554.0,554.0,555.0,555.0,555.0,555.0,555.0,555.0,555.0,556.0,556.0,557.0,557.0,558.0,559.0,559.0,559
_b78tiWKsHM,7797.0,7809.0,7822.0,7832.0,7861.0,7866.0,7877.0,7911.0,7923.0,7929.0,7941.0,7970.0,8004.0,8014.0,8038.0,8056.0,8065.0,8086.0,8112.0,8150.0,8179.0,8213.0,8237.0,8257.0,8284.0,8304.0,8330.0,8360.0,8400.0,8437.0,8452.0,8472.0,8479.0,8491.0,8499.0,8510.0,8541.0,8558.0,8576.0,8600.0,8610.0,8620.0,8638.0,8656.0,8668.0,8677.0,8682.0,8689.0,8709.0,8726.0,8736.0,8750.0,8759.0,8767.0,8769.0,8774.0,8790.0,8802.0,8816.0,8822.0,8832.0,8847.0,8855.0,8870.0,8890.0,8897.0,8913.0,8927.0,8931.0,8941.0,8954.0,8978.0,8998.0,9001.0,9019.0,9053.0,9078.0,9081.0,9116.0,9156.0,9185.0,9214.0,9249.0,9292.0,9320.0,9344.0,9356.0,9366.0,9384.0,9396.0,9407.0,9416.0,9425.0,9445.0,9456.0,9478.0,9490.0,9508.0,9526.0,9533.0,9543.0,9563.0,9578.0,9587.0,9600.0,9607.0,9618.0,9632.0,9637.0,9649.0,9663.0,9688.0,9708.0,9708.0,9711.0,9726.0,9745.0,9780.0,9813.0,9816.0,9819.0,9825.0,9837.0,9848.0,9857.0,9864.0,9885.0,9908.0,9910.0,9914.0,9926.0,9944.0,9957.0,9959.0,,,,,,,,,10200.0,10234.0,10270.0,10304.0,10337.0,10376.0,10402.0,10428.0,10480.0,10507.0,10518.0,10540.0,10561.0,10571.0,10585.0,10602.0,10619.0,10641.0,10648.0,10659.0,10674.0,10682.0,10691.0,10702.0,10711.0,10722.0,10733.0,10744.0,10762.0,10767.0,10771.0,10784.0,10791.0,10798.0,10805.0,10815.0,10824.0,10829.0,10847.0,10857.0,10870.0,10883.0,10889.0,10900.0,10905.0,10919.0,10927.0,10937.0,10941.0,10955.0,10963.0,10971.0,10984.0,10994.0,11001.0,11006.0,11013.0,11021.0,11028.0,11036.0,11043.0,11046.0,11053.0,11060.0,11068.0,11075.0,11083.0,11094.0,11103.0,11108.0,11118.0,11130.0,11137.0,11144.0,11150.0,11158.0,11160.0,11167.0,11172.0,11181.0,11190.0,11206.0,11212.0,11220.0,11224.0,11229.0,11233.0,11242.0,11248.0,11260.0,11272.0,11284.0,11293.0,11300.0,11315.0,11328.0,11337.0,11348.0,11359.0,11366.0,11370.0,11377.0,11386.0,11390.0,11398.0,11404.0,11415.0,11419.0,11425.0,11435.0,11441.0,11448.0,11458.0,11466.0,11470.0,11476.0,11480.0,11487.0,11497.0,11513.0,11520.0,,11533.0,11539.0,11544.0,11551.0,11559.0,11562.0,11568.0,11576.0,11581.0,11586.0,11592.0,11596.0,11601.0,11603.0,11608.0,11609.0,11618.0,11624.0,11627.0,11630.0,11632.0,11640.0,11646.0,11650.0,11656.0,11656.0,11665.0,11669.0,11674.0,11676.0,11684.0,11691.0,11701.0,11706.0,11711.0,11713.0,11721.0,11727.0,11728.0,11734.0,11739.0,11742.0,11750.0,11754.0,11759.0,11765.0,11774.0,11780.0,11795.0,11799.0,11806.0,11817.0,11835.0,11845.0,11858.0,11865.0,11873.0,11882.0,11900.0,11907.0,11918.0,11930.0,11941.0,11950.0,11956.0,11964.0,11974.0,11984.0,11992.0,12000.0,12006.0,12025.0,12040.0,12049.0,12059.0,12070.0,12080.0,12086.0,12089.0,12092.0,12096.0,12109.0,12123.0,12126.0,12130.0,12135.0,12138.0,12142.0,12145.0,12151.0,12160.0,12175.0,12180.0,12183.0,12194.0,12201.0,12204.0,12204.0,12206.0,12213.0,12230.0,12239.0,12247.0,12260.0,12268.0,12278.0,12286.0,12292.0,12298.0,12303.0,12307.0,12310.0,12311.0,12315
oL23DdVpAUk,1254.0,1256.0,1256.0,1259.0,1261.0,1261.0,1264.0,1270.0,1272.0,1276.0,1277.0,1278.0,1279.0,1286.0,1286.0,1292.0,1293.0,1295.0,1297.0,1298.0,1300.0,1301.0,1308.0,1309.0,1311.0,1311.0,1314.0,1317.0,1319.0,1320.0,1321.0,1321.0,1323.0,1324.0,1326.0,1326.0,1328.0,1332.0,1332.0,1332.0,1332.0,1333.0,1334.0,1338.0,1341.0,1344.0,1345.0,1347.0,1348.0,1350.0,1352.0,1355.0,1356.0,1357.0,1363.0,1364.0,1365.0,1365.0,1366.0,1368.0,1370.0,1370.0,1370.0,1372.0,1374.0,1378.0,1381.0,1384.0,1387.0,1388.0,1395.0,1395.0,1399.0,1402.0,1403.0,1404.0,1410.0,1413.0,1417.0,1418.0,1420.0,1420.0,1422.0,1424.0,1429.0,1431.0,1432.0,1432.0,1434.0,1436.0,1436.0,1437.0,1437.0,1438.0,1439.0,1440.0,1441.0,1444.0,1445.0,1446.0,1446.0,1450.0,1452.0,1453.0,1455.0,1455.0,1456.0,1462.0,1463.0,1464.0,1465.0,1465.0,1466.0,1470.0,1470.0,1471.0,1477.0,1480.0,1485.0,1488.0,1489.0,1498.0,1500.0,1504.0,1505.0,1505.0,1506.0,1508.0,1508.0,1509.0,1510.0,1511.0,1513.0,1513.0,,,,,,,,,1529.0,1530.0,1532.0,1532.0,1534.0,1537.0,1542.0,1545.0,1555.0,1556.0,1560.0,1562.0,1564.0,1573.0,1575.0,1579.0,1586.0,1597.0,1608.0,1608.0,1610.0,1614.0,1616.0,1618.0,1619.0,1623.0,1624.0,1624.0,1626.0,1628.0,1628.0,1632.0,1634.0,1636.0,1641.0,1643.0,1648.0,1651.0,1656.0,1661.0,1664.0,1661.0,1664.0,1664.0,1668.0,1672.0,1674.0,1676.0,1680.0,1680.0,1682.0,1682.0,1682.0,1683.0,1688.0,1687.0,1689.0,1691.0,1693.0,1696.0,1701.0,1701.0,1702.0,1704.0,1705.0,1707.0,1708.0,1709.0,1709.0,1709.0,1709.0,1710.0,1712.0,1715.0,1717.0,1719.0,1721.0,1723.0,1724.0,1724.0,1725.0,1726.0,1727.0,1728.0,1730.0,1730.0,1730.0,1732.0,1732.0,1733.0,1735.0,1735.0,1736.0,1740.0,1745.0,1748.0,1750.0,1753.0,1755.0,1755.0,1755.0,1757.0,1758.0,1758.0,1759.0,1762.0,1764.0,1767.0,1771.0,1772.0,1775.0,1775.0,1777.0,1778.0,1780.0,1781.0,1784.0,1787.0,1788.0,1789.0,1789.0,,1791.0,1791.0,1792.0,1792.0,1792.0,1793.0,1794.0,1794.0,1794.0,1795.0,1797.0,1798.0,1799.0,1798.0,1798.0,1799.0,1799.0,1800.0,1803.0,1804.0,1804.0,1806.0,1806.0,1812.0,1812.0,1813.0,1813.0,1813.0,1815.0,1815.0,1816.0,1820.0,1822.0,1823.0,1823.0,1823.0,1823.0,1824.0,1825.0,1827.0,1828.0,1831.0,1832.0,1832.0,1832.0,1832.0,1833.0,1833.0,1834.0,1834.0,1834.0,1834.0,1834.0,1836.0,1836.0,1836.0,1836.0,1836.0,1838.0,1839.0,1841.0,1841.0,1842.0,1842.0,1842.0,1842.0,1844.0,1847.0,1848.0,1849.0,1850.0,1852.0,1853.0,1854.0,1855.0,1859.0,1862.0,1866.0,1867.0,1870.0,1871.0,1871.0,1871.0,1871.0,1873.0,1874.0,1875.0,1875.0,1876.0,1876.0,1880.0,1881.0,1882.0,1883.0,1884.0,1885.0,1888.0,1892.0,1896.0,1900.0,1900.0,1901.0,1904.0,1904.0,1906.0,1907.0,1909.0,1910.0,1913.0,1914.0,1915.0,1916.0,1917.0,1918
rHecPZFBvGQ,693536.0,693734.0,693964.0,694193.0,694489.0,694715.0,694947.0,695197.0,695416.0,695663.0,695890.0,696164.0,696465.0,696729.0,696979.0,697251.0,697450.0,697621.0,697890.0,698097.0,698336.0,698528.0,698735.0,698931.0,699137.0,699361.0,699567.0,699766.0,699967.0,700186.0,700358.0,700537.0,700754.0,700980.0,701160.0,701352.0,701559.0,701733.0,701948.0,702196.0,702423.0,702644.0,702851.0,703074.0,703321.0,703528.0,703713.0,703899.0,704126.0,704360.0,704585.0,704775.0,704943.0,705137.0,705383.0,705586.0,705834.0,706086.0,706317.0,706549.0,706787.0,707038.0,707314.0,707574.0,707802.0,708097.0,708324.0,708604.0,708826.0,709199.0,709509.0,709764.0,709993.0,710238.0,710463.0,710802.0,711038.0,711313.0,711549.0,711826.0,712045.0,712285.0,712537.0,712873.0,713138.0,713377.0,713615.0,713820.0,714008.0,714231.0,714479.0,714746.0,714972.0,715200.0,715400.0,715642.0,715860.0,716162.0,716457.0,716708.0,716899.0,717160.0,717398.0,717620.0,717863.0,718131.0,718371.0,718620.0,718943.0,719217.0,719468.0,719755.0,720040.0,720321.0,720614.0,720895.0,721192.0,721475.0,721782.0,722087.0,722346.0,722584.0,722836.0,723170.0,723496.0,723863.0,724109.0,724357.0,724577.0,724825.0,725058.0,725288.0,725581.0,725830.0,,,,,,,,,728050.0,728266.0,728437.0,728664.0,728882.0,729069.0,729261.0,729414.0,729604.0,729828.0,730030.0,730251.0,730452.0,730654.0,730829.0,730999.0,731167.0,731351.0,731525.0,731718.0,731943.0,732142.0,732346.0,732580.0,732796.0,733024.0,733256.0,733502.0,733694.0,733874.0,734124.0,734326.0,734552.0,734785.0,734985.0,735155.0,735348.0,735571.0,735781.0,736090.0,736318.0,736525.0,736712.0,736940.0,737160.0,737342.0,737560.0,737838.0,738113.0,738329.0,738601.0,738826.0,739113.0,739372.0,739643.0,739883.0,740095.0,740295.0,740529.0,740765.0,741025.0,741216.0,741465.0,741660.0,741857.0,742039.0,742309.0,742575.0,742778.0,743033.0,743242.0,743464.0,743667.0,743880.0,744095.0,744377.0,744614.0,744787.0,744975.0,745209.0,745425.0,745668.0,745923.0,746126.0,746296.0,746513.0,746743.0,746956.0,747218.0,747445.0,747671.0,747885.0,748048.0,748299.0,748517.0,748772.0,748997.0,749247.0,749489.0,749697.0,749905.0,750096.0,750318.0,750573.0,750768.0,750996.0,751253.0,751480.0,751748.0,751956.0,752177.0,752423.0,752708.0,752971.0,753253.0,753431.0,753660.0,753894.0,754100.0,754300.0,754526.0,,754976.0,755311.0,755610.0,755883.0,756148.0,756446.0,756733.0,757063.0,757338.0,757651.0,757904.0,758168.0,758446.0,758666.0,758891.0,759187.0,759426.0,759700.0,759896.0,760141.0,760357.0,760626.0,760898.0,761189.0,761476.0,761696.0,761926.0,762088.0,762327.0,762554.0,762810.0,763062.0,763351.0,763573.0,763819.0,764140.0,764375.0,764697.0,764921.0,765127.0,765386.0,765639.0,765982.0,766268.0,766604.0,766947.0,767221.0,767481.0,767752.0,768100.0,768405.0,768724.0,768999.0,769234.0,769456.0,769732.0,769965.0,770238.0,770509.0,770796.0,771080.0,771367.0,771633.0,771956.0,772267.0,772531.0,772797.0,773048.0,773248.0,773498.0,773788.0,774123.0,774540.0,774919.0,775232.0,775490.0,775778.0,776142.0,776448.0,776760.0,777085.0,777338.0,777619.0,777960.0,778257.0,778596.0,778876.0,779181.0,779458.0,779735.0,779999.0,780290.0,780576.0,780842.0,781108.0,781366.0,781596.0,781825.0,782147.0,782443.0,782765.0,783040.0,783311.0,783622.0,783947.0,784233.0,784493.0,784760.0,785073.0,785314.0,785533.0,785820.0,786143.0,786401
Zcn8SBCyenc,1940.0,1940.0,1949.0,1950.0,1951.0,1951.0,1951.0,1952.0,1953.0,1953.0,1953.0,1955.0,1956.0,1956.0,1958.0,1960.0,1960.0,1960.0,1960.0,1964.0,1966.0,1966.0,1969.0,1970.0,1970.0,1974.0,1974.0,1974.0,1974.0,1974.0,1974.0,1974.0,1974.0,1975.0,1975.0,1978.0,1981.0,1982.0,1982.0,1982.0,1983.0,1984.0,1984.0,1984.0,1984.0,1985.0,1985.0,1985.0,1985.0,1992.0,1993.0,1993.0,1993.0,1995.0,1996.0,1997.0,1998.0,1998.0,1998.0,1998.0,1999.0,2000.0,2000.0,2003.0,2003.0,2005.0,2005.0,2005.0,2006.0,2006.0,2007.0,2008.0,2009.0,2012.0,2012.0,2013.0,2013.0,2013.0,2014.0,2014.0,2015.0,2015.0,2015.0,2017.0,2017.0,2017.0,2017.0,2017.0,2017.0,2017.0,2017.0,2017.0,2017.0,2018.0,2021.0,2022.0,2022.0,2022.0,2024.0,2025.0,2025.0,2025.0,2026.0,2027.0,2028.0,2028.0,2029.0,2029.0,2029.0,2029.0,2029.0,2029.0,2029.0,2029.0,2031.0,2031.0,2031.0,2031.0,2031.0,2032.0,2032.0,2032.0,2032.0,2034.0,2038.0,2038.0,2038.0,2039.0,2040.0,2040.0,2041.0,2041.0,2042.0,2042.0,,,,,,,,,2046.0,2046.0,2046.0,2046.0,2048.0,2048.0,2048.0,2048.0,2048.0,2049.0,2050.0,2050.0,2050.0,2050.0,2050.0,2050.0,2050.0,2051.0,2052.0,2052.0,2052.0,2052.0,2052.0,2052.0,2052.0,2053.0,2054.0,2054.0,2055.0,2055.0,2055.0,2056.0,2056.0,2056.0,2061.0,2065.0,2065.0,2066.0,2066.0,2068.0,2070.0,2071.0,2072.0,2073.0,2075.0,2079.0,2079.0,2080.0,2080.0,2080.0,2080.0,2080.0,2080.0,2080.0,2080.0,2080.0,2081.0,2081.0,2081.0,2081.0,2082.0,2083.0,2083.0,2083.0,2083.0,2083.0,2083.0,2085.0,2085.0,2085.0,2086.0,2086.0,2086.0,2086.0,2086.0,2086.0,2086.0,2086.0,2086.0,2086.0,2086.0,2088.0,2088.0,2088.0,2088.0,2088.0,2088.0,2088.0,2089.0,2090.0,2091.0,2092.0,2092.0,2095.0,2095.0,2097.0,2097.0,2100.0,2100.0,2100.0,2100.0,2100.0,2100.0,2100.0,2100.0,2100.0,2100.0,2101.0,2101.0,2101.0,2102.0,2105.0,2105.0,2106.0,2108.0,2108.0,2108.0,2110.0,2110.0,2110.0,2110.0,,2110.0,2110.0,2110.0,2110.0,2110.0,2111.0,2111.0,2112.0,2113.0,2113.0,2114.0,2114.0,2114.0,2114.0,2114.0,2115.0,2115.0,2115.0,2115.0,2115.0,2115.0,2115.0,2115.0,2115.0,2115.0,2116.0,2116.0,2117.0,2118.0,2118.0,2118.0,2118.0,2118.0,2118.0,2118.0,2118.0,2118.0,2118.0,2118.0,2118.0,2119.0,2119.0,2119.0,2119.0,2120.0,2120.0,2120.0,2120.0,2120.0,2120.0,2120.0,2120.0,2120.0,2121.0,2121.0,2121.0,2121.0,2121.0,2121.0,2121.0,2122.0,2122.0,2122.0,2122.0,2122.0,2122.0,2122.0,2122.0,2122.0,2123.0,2123.0,2124.0,2124.0,2124.0,2124.0,2125.0,2125.0,2125.0,2125.0,2125.0,2125.0,2125.0,2126.0,2127.0,2127.0,2127.0,2127.0,2133.0,2133.0,2133.0,2133.0,2133.0,2134.0,2134.0,2135.0,2135.0,2136.0,2137.0,2186.0,2169.0,2170.0,2174.0,2174.0,2174.0,2174.0,2177.0,2178.0,2184.0,2190.0,2195.0,2197.0,2199.0,2201.0,2209
q6gKgpIuCnE,1011.0,1013.0,1013.0,1013.0,1013.0,1014.0,1015.0,1015.0,1015.0,1016.0,1017.0,1018.0,1019.0,1019.0,1019.0,1019.0,1020.0,1020.0,1020.0,1023.0,1024.0,1024.0,1026.0,1027.0,1027.0,1027.0,1027.0,1027.0,1027.0,1028.0,1030.0,1032.0,1032.0,1035.0,1035.0,1036.0,1036.0,1036.0,1037.0,1038.0,1038.0,1038.0,1039.0,1039.0,1039.0,1040.0,1042.0,1043.0,1043.0,1043.0,1043.0,1045.0,1045.0,1046.0,1046.0,1047.0,1047.0,1047.0,1047.0,1047.0,1048.0,1049.0,1049.0,1051.0,1051.0,1051.0,1051.0,1051.0,1051.0,1051.0,1051.0,1051.0,1052.0,1052.0,1053.0,1053.0,1053.0,1053.0,1053.0,1053.0,1053.0,1053.0,1053.0,1053.0,1054.0,1054.0,1055.0,1055.0,1055.0,1055.0,1055.0,1055.0,1058.0,1058.0,1060.0,1063.0,1064.0,1064.0,1073.0,1079.0,1080.0,1080.0,1082.0,1082.0,1082.0,1083.0,1087.0,1088.0,1089.0,1089.0,1089.0,1089.0,1089.0,1089.0,1090.0,1091.0,1091.0,1091.0,1091.0,1092.0,1093.0,1094.0,1094.0,1096.0,1104.0,1104.0,1104.0,1104.0,1104.0,1105.0,1105.0,1105.0,1106.0,1106.0,,,,,,,,,1107.0,1107.0,1107.0,1107.0,1107.0,1107.0,1108.0,1108.0,1108.0,1108.0,1109.0,1109.0,1109.0,1109.0,1109.0,1109.0,1109.0,1110.0,1110.0,1110.0,1110.0,1110.0,1110.0,1110.0,1110.0,1112.0,1112.0,1112.0,1114.0,1114.0,1115.0,1115.0,1115.0,1115.0,1117.0,1118.0,1118.0,1120.0,1120.0,1121.0,1123.0,1121.0,1123.0,1124.0,1124.0,1124.0,1124.0,1124.0,1125.0,1125.0,1125.0,1126.0,1126.0,1126.0,1126.0,1127.0,1127.0,1127.0,1127.0,1127.0,1127.0,1127.0,1127.0,1127.0,1127.0,1127.0,1127.0,1128.0,1128.0,1128.0,1130.0,1131.0,1131.0,1131.0,1131.0,1131.0,1131.0,1131.0,1131.0,1131.0,1131.0,1131.0,1132.0,1132.0,1132.0,1133.0,1133.0,1133.0,1133.0,1133.0,1133.0,1134.0,1134.0,1134.0,1134.0,1134.0,1134.0,1134.0,1134.0,1134.0,1134.0,1134.0,1134.0,1134.0,1134.0,1134.0,1134.0,1134.0,1135.0,1135.0,1135.0,1138.0,1138.0,1138.0,1138.0,1138.0,1138.0,1138.0,1138.0,1138.0,1138.0,,1139.0,1139.0,1139.0,1139.0,1139.0,1139.0,1139.0,1139.0,1140.0,1140.0,1140.0,1141.0,1141.0,1141.0,1141.0,1143.0,1144.0,1144.0,1144.0,1145.0,1145.0,1145.0,1145.0,1146.0,1146.0,1147.0,1148.0,1148.0,1148.0,1148.0,1148.0,1148.0,1148.0,1148.0,1148.0,1148.0,1148.0,1148.0,1149.0,1150.0,1150.0,1150.0,1150.0,1152.0,1152.0,1152.0,1152.0,1152.0,1152.0,1152.0,1152.0,1152.0,1152.0,1152.0,1153.0,1153.0,1153.0,1153.0,1153.0,1154.0,1154.0,1155.0,1155.0,1155.0,1155.0,1155.0,1155.0,1155.0,1155.0,1155.0,1155.0,1155.0,1155.0,1155.0,1155.0,1155.0,1155.0,1155.0,1155.0,1155.0,1155.0,1155.0,1155.0,1155.0,1155.0,1155.0,1155.0,1156.0,1156.0,1156.0,1156.0,1157.0,1157.0,1157.0,1157.0,1157.0,1157.0,1157.0,1158.0,1158.0,1158.0,1158.0,1159.0,1161.0,1161.0,1161.0,1162.0,1163.0,1163.0,1164.0,1164.0,1164.0,1166.0,1166
c7DdnoWPEwI,1039.0,1040.0,1041.0,1042.0,1042.0,1042.0,1042.0,1044.0,1044.0,1044.0,1046.0,1047.0,1048.0,1048.0,1048.0,1050.0,1050.0,1051.0,1051.0,1051.0,1053.0,1053.0,1054.0,1054.0,1054.0,1056.0,1056.0,1056.0,1056.0,1060.0,1061.0,1062.0,1062.0,1062.0,1062.0,1063.0,1063.0,1063.0,1063.0,1063.0,1063.0,1063.0,1063.0,1063.0,1063.0,1065.0,1065.0,1065.0,1066.0,1068.0,1069.0,1069.0,1069.0,1069.0,1069.0,1069.0,1070.0,1071.0,1071.0,1071.0,1071.0,1071.0,1071.0,1072.0,1072.0,1072.0,1072.0,1072.0,1072.0,1072.0,1073.0,1075.0,1076.0,1077.0,1077.0,1077.0,1077.0,1077.0,1077.0,1077.0,1077.0,1077.0,1077.0,1078.0,1078.0,1078.0,1078.0,1078.0,1078.0,1078.0,1079.0,1079.0,1079.0,1079.0,1079.0,1081.0,1082.0,1082.0,1084.0,1087.0,1088.0,1088.0,1088.0,1088.0,1090.0,1091.0,1091.0,1091.0,1091.0,1091.0,1091.0,1091.0,1091.0,1091.0,1091.0,1091.0,1091.0,1091.0,1091.0,1092.0,1092.0,1092.0,1092.0,1094.0,1099.0,1099.0,1099.0,1099.0,1100.0,1100.0,1101.0,1101.0,1101.0,1102.0,,,,,,,,,1108.0,1108.0,1108.0,1108.0,1108.0,1108.0,1108.0,1108.0,1108.0,1109.0,1110.0,1110.0,1110.0,1110.0,1110.0,1110.0,1111.0,1111.0,1111.0,1111.0,1111.0,1111.0,1111.0,1113.0,1113.0,1113.0,1113.0,1114.0,1116.0,1116.0,1116.0,1117.0,1117.0,1117.0,1125.0,1127.0,1127.0,1128.0,1128.0,1130.0,1135.0,1130.0,1135.0,1137.0,1138.0,1138.0,1138.0,1138.0,1138.0,1138.0,1138.0,1138.0,1138.0,1138.0,1138.0,1138.0,1140.0,1140.0,1140.0,1140.0,1140.0,1140.0,1140.0,1140.0,1140.0,1140.0,1140.0,1140.0,1140.0,1140.0,1141.0,1142.0,1142.0,1142.0,1142.0,1142.0,1142.0,1142.0,1142.0,1142.0,1142.0,1142.0,1143.0,1143.0,1143.0,1143.0,1143.0,1143.0,1144.0,1144.0,1144.0,1145.0,1147.0,1148.0,1149.0,1150.0,1150.0,1151.0,1151.0,1151.0,1151.0,1151.0,1151.0,1151.0,1151.0,1151.0,1151.0,1151.0,1152.0,1152.0,1152.0,1154.0,1154.0,1154.0,1154.0,1154.0,1154.0,1154.0,1155.0,1156.0,1156.0,,1156.0,1156.0,1156.0,1156.0,1156.0,1156.0,1156.0,1157.0,1158.0,1158.0,1158.0,1158.0,1158.0,1158.0,1158.0,1158.0,1158.0,1158.0,1158.0,1158.0,1158.0,1159.0,1159.0,1159.0,1159.0,1160.0,1161.0,1161.0,1161.0,1161.0,1161.0,1161.0,1161.0,1162.0,1162.0,1162.0,1162.0,1162.0,1162.0,1162.0,1162.0,1162.0,1162.0,1162.0,1162.0,1162.0,1162.0,1162.0,1163.0,1163.0,1163.0,1163.0,1163.0,1163.0,1163.0,1163.0,1163.0,1164.0,1164.0,1164.0,1164.0,1164.0,1164.0,1165.0,1165.0,1165.0,1165.0,1165.0,1165.0,1165.0,1165.0,1166.0,1166.0,1166.0,1166.0,1166.0,1166.0,1166.0,1166.0,1167.0,1167.0,1167.0,1167.0,1167.0,1167.0,1167.0,1167.0,1168.0,1168.0,1169.0,1169.0,1169.0,1169.0,1169.0,1169.0,1169.0,1169.0,1169.0,1169.0,1169.0,1169.0,1170.0,1170.0,1170.0,1170.0,1170.0,1172.0,1173.0,1174.0,1176.0,1176.0,1176.0,1176.0,1176
hyfpJuwWKIo,60128.0,60146.0,60165.0,60185.0,60211.0,60224.0,60240.0,60262.0,60292.0,60315.0,60325.0,60343.0,60371.0,60406.0,60419.0,60428.0,60448.0,60471.0,60495.0,60518.0,60529.0,60556.0,60568.0,60583.0,60595.0,60606.0,60616.0,60628.0,60643.0,60656.0,60675.0,60689.0,60702.0,60717.0,60731.0,60755.0,60772.0,60790.0,60801.0,60828.0,60844.0,60866.0,60879.0,60912.0,60927.0,60944.0,60954.0,60981.0,61011.0,61042.0,61061.0,61082.0,61095.0,61116.0,61123.0,61134.0,61147.0,61162.0,61172.0,61175.0,61192.0,61207.0,61221.0,61241.0,61267.0,61277.0,61298.0,61319.0,61336.0,61357.0,61371.0,61393.0,61412.0,61434.0,61446.0,61467.0,61486.0,61506.0,61519.0,61529.0,61548.0,61561.0,61573.0,61585.0,61599.0,61616.0,61629.0,61639.0,61653.0,61671.0,61696.0,61723.0,61740.0,61752.0,61763.0,61777.0,61790.0,61805.0,61823.0,61837.0,61848.0,61858.0,61868.0,61887.0,61901.0,61916.0,61930.0,61938.0,61943.0,61967.0,61980.0,61992.0,62004.0,62023.0,62038.0,62057.0,62069.0,62081.0,62085.0,62093.0,62101.0,62116.0,62130.0,62148.0,62165.0,62183.0,62199.0,62213.0,62226.0,62235.0,62252.0,62266.0,62289.0,62301.0,,,,,,,,,62472.0,62490.0,62510.0,62528.0,62552.0,62578.0,62601.0,62615.0,62638.0,62664.0,62685.0,62698.0,62711.0,62733.0,62755.0,62768.0,62777.0,62790.0,62807.0,62815.0,62833.0,62843.0,62855.0,62868.0,62882.0,62894.0,62901.0,62912.0,62925.0,62946.0,62954.0,62968.0,62978.0,62992.0,63004.0,63014.0,63028.0,63041.0,63047.0,63061.0,63076.0,63086.0,63095.0,63107.0,63121.0,63130.0,63147.0,63158.0,63164.0,63178.0,63195.0,63209.0,63219.0,63240.0,63248.0,63255.0,63264.0,63278.0,63291.0,63301.0,63310.0,63320.0,63328.0,63335.0,63342.0,63364.0,63380.0,63390.0,63395.0,63401.0,63409.0,63420.0,63425.0,63431.0,63447.0,63455.0,63463.0,63475.0,63482.0,63496.0,63517.0,63528.0,63539.0,63551.0,63557.0,63564.0,63574.0,63586.0,63601.0,63611.0,63622.0,63634.0,63647.0,63656.0,63670.0,63688.0,63699.0,63717.0,63728.0,63735.0,63751.0,63765.0,63780.0,63803.0,63820.0,63833.0,63843.0,63855.0,63864.0,63878.0,63890.0,63906.0,63919.0,63930.0,63937.0,63949.0,63958.0,63969.0,63979.0,63994.0,64006.0,,64033.0,64053.0,64071.0,64085.0,64098.0,64104.0,64129.0,64145.0,64160.0,64174.0,64188.0,64204.0,64228.0,64244.0,64256.0,64266.0,64274.0,64283.0,64295.0,64305.0,64318.0,64333.0,64347.0,64362.0,64380.0,64392.0,64404.0,64415.0,64426.0,64437.0,64448.0,64462.0,64475.0,64491.0,64502.0,64513.0,64518.0,64529.0,64543.0,64554.0,64562.0,64572.0,64584.0,64593.0,64603.0,64614.0,64618.0,64626.0,64635.0,64644.0,64653.0,64661.0,64668.0,64671.0,64677.0,64684.0,64689.0,64694.0,64704.0,64710.0,64722.0,64731.0,64740.0,64749.0,64758.0,64763.0,64769.0,64772.0,64782.0,64787.0,64790.0,64801.0,64806.0,64811.0,64814.0,64822.0,64826.0,64830.0,64847.0,64858.0,64873.0,64886.0,64897.0,64911.0,64922.0,64937.0,64948.0,64954.0,64961.0,64970.0,64981.0,64990.0,64997.0,65005.0,65015.0,65023.0,65035.0,65038.0,65045.0,65051.0,65059.0,65061.0,65069.0,65073.0,65082.0,65091.0,65097.0,65106.0,65111.0,65120.0,65128.0,65130.0,65133.0,65139
RNL3BXM8Nn4,131485.0,131569.0,131645.0,131731.0,131825.0,131889.0,131971.0,132058.0,132185.0,132273.0,132339.0,132412.0,132502.0,132591.0,132682.0,132772.0,132897.0,132980.0,133071.0,133138.0,133240.0,133334.0,133411.0,133500.0,133574.0,133650.0,133732.0,133811.0,133874.0,133949.0,134020.0,134089.0,134175.0,134282.0,134359.0,134440.0,134508.0,134567.0,134647.0,134724.0,134801.0,134893.0,134998.0,135093.0,135175.0,135262.0,135335.0,135421.0,135500.0,135577.0,135671.0,135741.0,135800.0,135884.0,135954.0,136053.0,136115.0,136196.0,136279.0,136352.0,136426.0,136501.0,136597.0,136687.0,136765.0,136834.0,136878.0,136929.0,136994.0,137069.0,137145.0,137216.0,137268.0,137345.0,137412.0,137469.0,137552.0,137626.0,137699.0,137762.0,137828.0,137896.0,137948.0,138020.0,138073.0,138142.0,138200.0,138258.0,138325.0,138393.0,138468.0,138551.0,138633.0,138697.0,138758.0,138833.0,138918.0,138963.0,139027.0,139106.0,139166.0,139225.0,139277.0,139333.0,139379.0,139424.0,139484.0,139528.0,139585.0,139647.0,139708.0,139762.0,139816.0,139865.0,139907.0,139951.0,139986.0,140033.0,140084.0,140134.0,140196.0,140247.0,140304.0,140355.0,140401.0,140458.0,140514.0,140569.0,140637.0,140687.0,140759.0,140819.0,140870.0,140918.0,,,,,,,,,141440.0,141492.0,141539.0,141589.0,141645.0,141716.0,141777.0,141828.0,141907.0,141973.0,142047.0,142100.0,142148.0,142190.0,142239.0,142294.0,142345.0,142387.0,142465.0,142521.0,142575.0,142643.0,142684.0,142739.0,142778.0,142847.0,142898.0,142961.0,143016.0,143061.0,143095.0,143141.0,143193.0,143239.0,143277.0,143320.0,143363.0,143406.0,143472.0,143528.0,143596.0,143653.0,143698.0,143751.0,143800.0,143835.0,143891.0,143957.0,144017.0,144073.0,144131.0,144176.0,144240.0,144308.0,144355.0,144406.0,144456.0,144500.0,144552.0,144614.0,144674.0,144731.0,144783.0,144834.0,144890.0,144937.0,144982.0,145024.0,145075.0,145120.0,145177.0,145232.0,145260.0,145320.0,145355.0,145428.0,145504.0,145573.0,145625.0,145683.0,145762.0,145809.0,145884.0,145934.0,145982.0,146048.0,146085.0,146134.0,146196.0,146232.0,146276.0,146314.0,146354.0,146388.0,146431.0,146488.0,146542.0,146597.0,146652.0,146699.0,146737.0,146797.0,146838.0,146895.0,146956.0,147004.0,147040.0,147072.0,147115.0,147156.0,147199.0,147240.0,147280.0,147304.0,147332.0,147358.0,147409.0,147451.0,147505.0,147541.0,147582.0,,147689.0,147746.0,147796.0,147832.0,147870.0,147918.0,147965.0,147991.0,148037.0,148083.0,148141.0,148210.0,148275.0,148344.0,148418.0,148492.0,148587.0,148659.0,148710.0,148789.0,148852.0,148925.0,149002.0,149060.0,149148.0,149193.0,149272.0,149348.0,149392.0,149436.0,149492.0,149563.0,149619.0,149681.0,149740.0,149810.0,149873.0,149940.0,149974.0,150034.0,150095.0,150131.0,150196.0,150255.0,150303.0,150344.0,150386.0,150431.0,150473.0,150526.0,150576.0,150619.0,150671.0,150710.0,150740.0,150805.0,150858.0,150902.0,150944.0,150979.0,151020.0,151069.0,151129.0,151179.0,151235.0,151279.0,151328.0,151367.0,151406.0,151441.0,151477.0,151528.0,151566.0,151615.0,151652.0,151702.0,151749.0,151801.0,151857.0,151901.0,151949.0,151989.0,152025.0,152063.0,152114.0,152164.0,152213.0,152257.0,152302.0,152336.0,152382.0,152418.0,152474.0,152525.0,152585.0,152649.0,152697.0,152743.0,152794.0,152842.0,152897.0,152954.0,153019.0,153069.0,153102.0,153148.0,153202.0,153241.0,153273.0,153310.0,153351.0,153394.0,153420.0,153479
5Q58SY35Z7I,914421.0,915543.0,916707.0,917794.0,919209.0,920506.0,921817.0,923274.0,924608.0,925677.0,926717.0,927876.0,929131.0,930500.0,931742.0,932848.0,933678.0,934546.0,935531.0,936633.0,937750.0,938920.0,940245.0,941346.0,942197.0,943097.0,944054.0,945011.0,946102.0,947287.0,948303.0,949357.0,950701.0,951901.0,953093.0,954074.0,955450.0,956644.0,957546.0,958605.0,959578.0,960783.0,961932.0,963056.0,964032.0,965026.0,966218.0,967499.0,968526.0,969582.0,970659.0,971458.0,972158.0,972913.0,973703.0,974439.0,975122.0,975974.0,976603.0,977271.0,977886.0,978544.0,979437.0,980107.0,980834.0,981601.0,982194.0,983057.0,983639.0,984836.0,985844.0,986527.0,987405.0,988071.0,988940.0,989799.0,990564.0,991290.0,992036.0,992685.0,993333.0,994138.0,994982.0,995712.0,996395.0,997201.0,997958.0,998621.0,999459.0,1000489.0,1001273.0,1001992.0,1002631.0,1003496.0,1004172.0,1005164.0,1006214.0,1007148.0,1008188.0,1009070.0,1009909.0,1010686.0,1011655.0,1012545.0,1013458.0,1014211.0,1015007.0,1015689.0,1016350.0,1017091.0,1018019.0,1018776.0,1019705.0,1020729.0,1021542.0,1022227.0,1023090.0,1024000.0,1024829.0,1025409.0,1025990.0,1026489.0,1026996.0,1027462.0,1027989.0,1028582.0,1029134.0,1029917.0,1030731.0,1031581.0,1032361.0,1033186.0,1033922.0,1034675.0,,,,,,,,,1041206.0,1041743.0,1042471.0,1043096.0,1043684.0,1044294.0,1044926.0,1045506.0,1046405.0,1047325.0,1048185.0,1049072.0,1049857.0,1050607.0,1051281.0,1051901.0,1052793.0,1053343.0,1053994.0,1054838.0,1055551.0,1056164.0,1056864.0,1057514.0,1058215.0,1059018.0,1059835.0,1060659.0,1061308.0,1061980.0,1062747.0,1063468.0,1064354.0,1065107.0,1065926.0,1066583.0,1067261.0,1068013.0,1068708.0,1069485.0,1070092.0,1070746.0,1071327.0,1072032.0,1072621.0,1073212.0,1073880.0,1074603.0,1075297.0,1075903.0,1076530.0,1077076.0,1077832.0,1078629.0,1079339.0,1079920.0,1080467.0,1080919.0,1081632.0,1082298.0,1082902.0,1083374.0,1083927.0,1084500.0,1084975.0,1085663.0,1086355.0,1087048.0,1087631.0,1088219.0,1088850.0,1089436.0,1090377.0,1091230.0,1091998.0,1092823.0,1093751.0,1094369.0,1095059.0,1095997.0,1096922.0,1097647.0,1098599.0,1099572.0,1100390.0,1100968.0,1101634.0,1102337.0,1102991.0,1103741.0,1104315.0,1104938.0,1105473.0,1106427.0,1107238.0,1108190.0,1109100.0,1110102.0,1110912.0,1111610.0,1112572.0,1113503.0,1114370.0,1115110.0,1116094.0,1116854.0,1117620.0,1118440.0,1119330.0,1120140.0,1120990.0,1121805.0,1122492.0,1123176.0,1123747.0,1124352.0,1125013.0,1125690.0,1126456.0,1127024.0,1127429.0,,1128649.0,1129276.0,1129928.0,1130531.0,1131121.0,1131528.0,1132015.0,1132544.0,1133254.0,1133834.0,1134440.0,1134908.0,1135317.0,1135873.0,1136411.0,1136960.0,1137480.0,1138128.0,1138572.0,1139093.0,1139652.0,1140221.0,1140885.0,1141521.0,1142193.0,1142756.0,1143373.0,1143997.0,1144603.0,1145191.0,1145735.0,1146320.0,1146852.0,1147274.0,1147828.0,1148358.0,1148878.0,1149415.0,1150048.0,1150715.0,1151415.0,1152364.0,1153459.0,1154480.0,1155485.0,1156591.0,1157870.0,1159083.0,1160928.0,1162361.0,1163738.0,1164909.0,1166070.0,1167410.0,1168407.0,1169404.0,1170735.0,1171916.0,1173057.0,1174348.0,1175382.0,1176501.0,1177789.0,1179195.0,1180762.0,1182425.0,1184103.0,1185510.0,1186515.0,1187845.0,1188977.0,1190298.0,1191721.0,1193139.0,1194605.0,1195930.0,1197708.0,1199387.0,1201092.0,1202523.0,1204004.0,1205228.0,1206177.0,1207477.0,1208899.0,1210352.0,1211740.0,1213202.0,1214246.0,1215151.0,1216057.0,1217113.0,1218160.0,1219186.0,1220111.0,1220979.0,1221650.0,1222513.0,1223423.0,1224174.0,1225186.0,1226320.0,1227237.0,1228023.0,1228936.0,1230075.0,1231114.0,1232183.0,1233363.0,1234275.0,1235068.0,1236186.0,1237246.0,1238216
PaEkWz-Bwho,198033.0,198105.0,198173.0,198237.0,198331.0,198433.0,198550.0,198644.0,198741.0,198854.0,198965.0,199062.0,199155.0,199259.0,199342.0,199429.0,199505.0,199596.0,199693.0,199767.0,199864.0,199951.0,200022.0,200118.0,200217.0,200294.0,200387.0,200487.0,200582.0,200655.0,200747.0,200834.0,200942.0,201021.0,201143.0,201215.0,201333.0,201426.0,201516.0,201601.0,201717.0,201842.0,201927.0,202018.0,202081.0,202180.0,202265.0,202348.0,202428.0,202506.0,202595.0,202680.0,202754.0,202830.0,202909.0,202999.0,203092.0,203147.0,203244.0,203333.0,203428.0,203533.0,203625.0,203708.0,203785.0,203872.0,203960.0,204045.0,204132.0,204268.0,204381.0,204472.0,204574.0,204647.0,204726.0,204790.0,204853.0,204939.0,205040.0,205117.0,205199.0,205287.0,205378.0,205468.0,205576.0,205689.0,205741.0,205805.0,205885.0,205968.0,206064.0,206147.0,206226.0,206318.0,206428.0,206548.0,206668.0,206781.0,206891.0,206979.0,207076.0,207162.0,207240.0,207331.0,207415.0,207514.0,207616.0,207702.0,207796.0,207915.0,208007.0,208085.0,208166.0,208267.0,208346.0,208409.0,208491.0,208563.0,208639.0,208715.0,208763.0,208837.0,208894.0,208951.0,209039.0,209135.0,209223.0,209320.0,209389.0,209460.0,209518.0,209627.0,209703.0,209781.0,,,,,,,,,210538.0,210627.0,210704.0,210815.0,210905.0,210989.0,211080.0,211156.0,211232.0,211339.0,211442.0,211515.0,211607.0,211702.0,211810.0,211898.0,212004.0,212112.0,212216.0,212357.0,212430.0,212514.0,212604.0,212657.0,212758.0,212832.0,212927.0,213036.0,213102.0,213182.0,213251.0,213334.0,213400.0,213466.0,213546.0,213634.0,213718.0,213773.0,213857.0,213952.0,214041.0,214114.0,214203.0,214261.0,214347.0,214405.0,214499.0,214566.0,214635.0,214683.0,214746.0,214843.0,214917.0,214980.0,215072.0,215135.0,215184.0,215237.0,215329.0,215393.0,215472.0,215529.0,215616.0,215679.0,215757.0,215847.0,215916.0,215994.0,216057.0,216136.0,216210.0,216289.0,216360.0,216417.0,216503.0,216584.0,216667.0,216726.0,216797.0,216907.0,216993.0,217088.0,217192.0,217277.0,217370.0,217442.0,217531.0,217612.0,217695.0,217775.0,217830.0,217908.0,217979.0,218045.0,218121.0,218201.0,218274.0,218356.0,218421.0,218490.0,218569.0,218669.0,218746.0,218819.0,218892.0,218943.0,218989.0,219048.0,219118.0,219204.0,219257.0,219333.0,219400.0,219461.0,219520.0,219594.0,219673.0,219758.0,219815.0,219894.0,219930.0,,220061.0,220137.0,220211.0,220271.0,220317.0,220363.0,220420.0,220484.0,220562.0,220624.0,220684.0,220757.0,220808.0,220867.0,220931.0,220987.0,221064.0,221143.0,221207.0,221271.0,221344.0,221411.0,221493.0,221576.0,221640.0,221698.0,221741.0,221795.0,221858.0,221916.0,222006.0,222082.0,222147.0,222222.0,222302.0,222368.0,222445.0,222510.0,222579.0,222657.0,222706.0,222772.0,222848.0,222925.0,223007.0,223107.0,223194.0,223257.0,223312.0,223412.0,223469.0,223556.0,223648.0,223749.0,223841.0,223942.0,224050.0,224122.0,224257.0,224354.0,224438.0,224551.0,224634.0,224742.0,224840.0,224961.0,225073.0,225152.0,225218.0,225292.0,225405.0,225522.0,225605.0,225698.0,225779.0,225865.0,225967.0,226076.0,226178.0,226289.0,226389.0,226466.0,226549.0,226617.0,226696.0,226793.0,226878.0,226928.0,226998.0,227092.0,227182.0,227261.0,227333.0,227414.0,227488.0,227568.0,227630.0,227710.0,227791.0,227878.0,227933.0,228001.0,228066.0,228131.0,228208.0,228302.0,228378.0,228449.0,228531.0,228608.0,228690.0,228777.0,228845.0,228926
sGYputhUvl4,25240.0,25246.0,25249.0,25255.0,25257.0,25259.0,25260.0,25261.0,25263.0,25265.0,25271.0,25273.0,25280.0,25284.0,25286.0,25287.0,25289.0,25292.0,25293.0,25295.0,25299.0,25302.0,25304.0,25307.0,25312.0,25315.0,25319.0,25324.0,25327.0,25329.0,25333.0,25334.0,25335.0,25338.0,25341.0,25343.0,25345.0,25351.0,25356.0,25361.0,25364.0,25368.0,25371.0,25385.0,25391.0,25394.0,25401.0,25409.0,25413.0,25419.0,25422.0,25423.0,25425.0,25428.0,25432.0,25434.0,25436.0,25440.0,25446.0,25448.0,25454.0,25458.0,25463.0,25468.0,25475.0,25477.0,25477.0,25477.0,25478.0,25482.0,25485.0,25489.0,25490.0,25495.0,25498.0,25499.0,25501.0,25502.0,25505.0,25509.0,25513.0,25514.0,25515.0,25518.0,25521.0,25525.0,25530.0,25533.0,25539.0,25543.0,25547.0,25552.0,25555.0,25558.0,25560.0,25564.0,25565.0,25567.0,25570.0,25575.0,25580.0,25581.0,25589.0,25595.0,25599.0,25603.0,25605.0,25609.0,25614.0,25616.0,25620.0,25625.0,25629.0,25631.0,25639.0,25647.0,25650.0,25651.0,25655.0,25659.0,25661.0,25663.0,25666.0,25667.0,25671.0,25673.0,25677.0,25685.0,25689.0,25690.0,25692.0,25700.0,25703.0,25706.0,,,,,,,,,25737.0,25738.0,25740.0,25746.0,25748.0,25753.0,25756.0,25758.0,25760.0,25764.0,25768.0,25770.0,25775.0,25776.0,25779.0,25781.0,25785.0,25785.0,25788.0,25791.0,25792.0,25796.0,25799.0,25800.0,25805.0,25808.0,25809.0,25816.0,25819.0,25821.0,25822.0,25825.0,25830.0,25833.0,25835.0,25839.0,25845.0,25845.0,25845.0,25846.0,25846.0,25848.0,25848.0,25850.0,25852.0,25853.0,25855.0,25855.0,25857.0,25861.0,25861.0,25863.0,25863.0,25867.0,25869.0,25871.0,25871.0,25871.0,25873.0,25876.0,25878.0,25879.0,25879.0,25882.0,25886.0,25891.0,25894.0,25904.0,25908.0,25914.0,25915.0,25919.0,25920.0,25923.0,25925.0,25927.0,25930.0,25932.0,25935.0,25935.0,25940.0,25942.0,25945.0,25952.0,25954.0,25955.0,25955.0,25958.0,25961.0,25962.0,25964.0,25967.0,25968.0,25973.0,25976.0,25977.0,25979.0,25979.0,25988.0,25988.0,25992.0,25994.0,25996.0,25996.0,25998.0,25999.0,26002.0,26003.0,26004.0,26006.0,26008.0,26009.0,26012.0,26016.0,26017.0,26018.0,26020.0,26021.0,26027.0,26028.0,26031.0,,26041.0,26043.0,26046.0,26048.0,26052.0,26053.0,26055.0,26060.0,26065.0,26068.0,26069.0,26070.0,26070.0,26071.0,26071.0,26074.0,26075.0,26075.0,26075.0,26078.0,26080.0,26080.0,26080.0,26086.0,26086.0,26088.0,26092.0,26093.0,26094.0,26097.0,26098.0,26099.0,26100.0,26104.0,26105.0,26111.0,26115.0,26119.0,26120.0,26120.0,26124.0,26128.0,26132.0,26134.0,26137.0,26140.0,26140.0,26140.0,26144.0,26147.0,26148.0,26151.0,26151.0,26156.0,26158.0,26159.0,26163.0,26168.0,26173.0,26180.0,26183.0,26185.0,26190.0,26190.0,26193.0,26194.0,26198.0,26205.0,26209.0,26211.0,26216.0,26219.0,26221.0,26224.0,26228.0,26233.0,26241.0,26244.0,26247.0,26247.0,26248.0,26253.0,26258.0,26259.0,26266.0,26270.0,26277.0,26284.0,26288.0,26298.0,26304.0,26309.0,26319.0,26326.0,26332.0,26333.0,26334.0,26335.0,26338.0,26341.0,26346.0,26347.0,26351.0,26356.0,26356.0,26360.0,26366.0,26369.0,26373.0,26377.0,26378.0,26383.0,26389.0,26395
BOHzWTluOPE,55648.0,55658.0,55680.0,55690.0,55710.0,55729.0,55746.0,55770.0,55781.0,55793.0,55819.0,55833.0,55843.0,55856.0,55865.0,55879.0,55892.0,55901.0,55912.0,55924.0,55942.0,55961.0,55974.0,55983.0,55992.0,56002.0,56014.0,56028.0,56039.0,56049.0,56063.0,56080.0,56092.0,56105.0,56114.0,56129.0,56142.0,56152.0,56162.0,56168.0,56176.0,56186.0,56199.0,56205.0,56219.0,56228.0,56236.0,56240.0,56253.0,56260.0,56284.0,56296.0,56312.0,56328.0,56340.0,56347.0,56354.0,56367.0,56387.0,56399.0,56408.0,56419.0,56428.0,56441.0,56451.0,56456.0,56468.0,56474.0,56477.0,56487.0,56501.0,56514.0,56521.0,56525.0,56548.0,56566.0,56587.0,56593.0,56611.0,56612.0,56618.0,56629.0,56635.0,56657.0,56681.0,56694.0,56701.0,56708.0,56730.0,56745.0,56753.0,56767.0,56773.0,56783.0,56790.0,56798.0,56810.0,56817.0,56834.0,56844.0,56863.0,56872.0,56890.0,56903.0,56914.0,56925.0,56930.0,56943.0,56952.0,56964.0,56977.0,56994.0,57005.0,57010.0,57019.0,57027.0,57034.0,57041.0,57053.0,57059.0,57072.0,57078.0,57084.0,57090.0,57100.0,57111.0,57121.0,57135.0,57142.0,57156.0,57168.0,57175.0,57187.0,57198.0,,,,,,,,,57317.0,57327.0,57339.0,57345.0,57352.0,57370.0,57375.0,57380.0,57393.0,57408.0,57416.0,57431.0,57445.0,57457.0,57466.0,57474.0,57483.0,57495.0,57503.0,57508.0,57515.0,57526.0,57539.0,57546.0,57560.0,57571.0,57579.0,57587.0,57594.0,57597.0,57610.0,57621.0,57633.0,57644.0,57649.0,57660.0,57669.0,57680.0,57691.0,57697.0,57714.0,57720.0,57734.0,57742.0,57758.0,57766.0,57778.0,57789.0,57809.0,57829.0,57837.0,57848.0,57859.0,57871.0,57880.0,57890.0,57894.0,57904.0,57925.0,57937.0,57947.0,57942.0,57947.0,57954.0,57965.0,57975.0,57986.0,57995.0,58010.0,58031.0,58052.0,58062.0,58080.0,58092.0,58098.0,58112.0,58122.0,58126.0,58135.0,58139.0,58150.0,58155.0,58163.0,58168.0,58179.0,58184.0,58197.0,58206.0,58217.0,58222.0,58235.0,58247.0,58256.0,58272.0,58282.0,58298.0,58309.0,58321.0,58333.0,58343.0,58349.0,58356.0,58374.0,58382.0,58400.0,58415.0,58423.0,58442.0,58449.0,58470.0,58487.0,58500.0,58513.0,58520.0,58534.0,58542.0,58552.0,58572.0,58587.0,58601.0,58608.0,,58649.0,58660.0,58678.0,58687.0,58702.0,58716.0,58735.0,58747.0,58762.0,58776.0,58792.0,58803.0,58823.0,58845.0,58858.0,58873.0,58884.0,58897.0,58916.0,58921.0,58930.0,58950.0,58964.0,58979.0,59003.0,59024.0,59049.0,59076.0,59109.0,59154.0,59178.0,59210.0,59233.0,59264.0,59281.0,59299.0,59327.0,59356.0,59379.0,59398.0,59434.0,59455.0,59482.0,59503.0,59522.0,59547.0,59570.0,59589.0,59615.0,59643.0,59661.0,59683.0,59709.0,59727.0,59745.0,59769.0,59780.0,59789.0,59804.0,59823.0,59839.0,59845.0,59862.0,59875.0,59889.0,59911.0,59931.0,59947.0,59960.0,59989.0,60006.0,60013.0,60027.0,60040.0,60051.0,60072.0,60094.0,60118.0,60129.0,60147.0,60153.0,60168.0,60181.0,60196.0,60209.0,60216.0,60237.0,60250.0,60255.0,60266.0,60278.0,60288.0,60310.0,60327.0,60339.0,60359.0,60368.0,60383.0,60407.0,60413.0,60426.0,60439.0,60454.0,60462.0,60473.0,60482.0,60493.0,60499.0,60512.0,60526.0,60539.0,60558.0,60595.0,60607
QdXvbqBUCAE,97922.0,97922.0,97922.0,97922.0,97922.0,97922.0,97922.0,97922.0,97922.0,97922.0,97922.0,97922.0,97922.0,97922.0,97922.0,97922.0,97922.0,97922.0,97922.0,97922.0,97922.0,97922.0,97922.0,97922.0,97922.0,97922.0,97922.0,97922.0,97922.0,97922.0,97922.0,97922.0,97922.0,97922.0,97922.0,97922.0,97922.0,97922.0,97922.0,97922.0,97922.0,97922.0,97922.0,97922.0,97922.0,97922.0,97922.0,97922.0,97922.0,97922.0,97922.0,97922.0,97922.0,97922.0,97922.0,97922.0,97922.0,97922.0,97922.0,97922.0,97922.0,97922.0,97922.0,97922.0,97922.0,97922.0,97922.0,97922.0,97922.0,97922.0,97922.0,97922.0,97922.0,97922.0,97922.0,97922.0,97922.0,97922.0,97922.0,97922.0,97922.0,97922.0,97922.0,97922.0,97922.0,97922.0,97922.0,97922.0,97922.0,97922.0,97922.0,97922.0,97922.0,97922.0,97922.0,97922.0,97922.0,97922.0,97922.0,97922.0,97922.0,97922.0,97922.0,97922.0,97922.0,97922.0,97922.0,97922.0,97922.0,97922.0,97922.0,97922.0,97922.0,97922.0,97922.0,97922.0,97922.0,97922.0,97922.0,97922.0,97922.0,97922.0,97922.0,97922.0,97922.0,97922.0,97922.0,97922.0,97922.0,97922.0,97922.0,97922.0,97922.0,97922.0,,,,,,,,,97922.0,97922.0,97922.0,97922.0,97922.0,97922.0,97922.0,97922.0,97922.0,97922.0,97922.0,97922.0,97922.0,97922.0,97922.0,97922.0,97922.0,97922.0,97922.0,97922.0,97922.0,97922.0,97922.0,97922.0,97922.0,97922.0,97922.0,97922.0,97922.0,97922.0,97922.0,97922.0,97922.0,97922.0,97922.0,97922.0,97922.0,97922.0,97922.0,97922.0,97922.0,97922.0,97922.0,97922.0,97922.0,97922.0,97922.0,97922.0,97922.0,97922.0,97922.0,97922.0,97922.0,97922.0,97922.0,97922.0,97922.0,97922.0,97922.0,97922.0,97922.0,97922.0,97922.0,97922.0,97922.0,97922.0,97922.0,97922.0,97922.0,97922.0,97922.0,97922.0,97922.0,97922.0,97922.0,97922.0,97922.0,97922.0,97922.0,97922.0,97922.0,97922.0,97922.0,97922.0,97922.0,97922.0,97922.0,97922.0,97922.0,97922.0,97922.0,97922.0,97922.0,97922.0,97922.0,97922.0,97922.0,97922.0,97922.0,97922.0,97922.0,97922.0,97922.0,97922.0,97922.0,97922.0,97922.0,97922.0,97922.0,97922.0,97922.0,97922.0,97922.0,97922.0,97922.0,97922.0,97922.0,97922.0,97922.0,97922.0,97922.0,,97922.0,97922.0,97922.0,97922.0,97922.0,97922.0,97922.0,97922.0,97922.0,97922.0,97922.0,97922.0,97922.0,97922.0,97922.0,97922.0,97922.0,97922.0,97922.0,97922.0,97922.0,97922.0,97922.0,97922.0,97922.0,97922.0,97922.0,97922.0,97922.0,97922.0,97922.0,97922.0,97922.0,97922.0,97922.0,97922.0,97922.0,97922.0,97922.0,97922.0,97922.0,97922.0,97922.0,97922.0,97922.0,97922.0,97922.0,97922.0,97922.0,97922.0,97922.0,97922.0,97922.0,97922.0,97922.0,97922.0,97922.0,97922.0,97922.0,97922.0,97922.0,97922.0,97922.0,97922.0,97922.0,97922.0,97922.0,97922.0,97922.0,97922.0,97922.0,97922.0,97922.0,97922.0,97922.0,97922.0,97922.0,97922.0,97922.0,97922.0,97922.0,97922.0,97922.0,97922.0,97922.0,97922.0,97922.0,97922.0,97922.0,97922.0,97922.0,97922.0,97922.0,97922.0,97922.0,97922.0,97922.0,97922.0,97922.0,97922.0,97922.0,97922.0,97922.0,97922.0,97922.0,97922.0,97922.0,97922.0,97922.0,97922.0,97922.0,97922.0,97922.0,97922
ZfSHqNji5mI,14208.0,14209.0,14210.0,14210.0,14210.0,14210.0,14210.0,14210.0,14211.0,14211.0,14211.0,14213.0,14214.0,14216.0,14216.0,14216.0,14216.0,14216.0,14217.0,14217.0,14217.0,14219.0,14219.0,14219.0,14220.0,14221.0,14221.0,14221.0,14222.0,14222.0,14222.0,14227.0,14227.0,14229.0,14231.0,14232.0,14233.0,14234.0,14234.0,14234.0,14235.0,14236.0,14236.0,14236.0,14235.0,14236.0,14237.0,14238.0,14242.0,14242.0,14242.0,14242.0,14243.0,14245.0,14247.0,14247.0,14247.0,14248.0,14250.0,14250.0,14250.0,14250.0,14252.0,14253.0,14253.0,14255.0,14256.0,14260.0,14262.0,14264.0,14265.0,14265.0,14266.0,14267.0,14267.0,14267.0,14268.0,14269.0,14270.0,14270.0,14271.0,14271.0,14271.0,14272.0,14273.0,14273.0,14273.0,14274.0,14275.0,14276.0,14277.0,14277.0,14277.0,14277.0,14277.0,14283.0,14285.0,14286.0,14287.0,14289.0,14290.0,14294.0,14294.0,14296.0,14296.0,14296.0,14298.0,14299.0,14304.0,14304.0,14304.0,14305.0,14306.0,14306.0,14306.0,14307.0,14308.0,14308.0,14309.0,14310.0,14311.0,14311.0,14313.0,14315.0,14315.0,14315.0,14316.0,14317.0,14317.0,14317.0,14318.0,14318.0,14319.0,14321.0,,,,,,,,,14330.0,14330.0,14330.0,14331.0,14331.0,14332.0,14334.0,14335.0,14335.0,14335.0,14338.0,14339.0,14339.0,14340.0,14343.0,14345.0,14346.0,14347.0,14347.0,14347.0,14348.0,14349.0,14350.0,14352.0,14352.0,14353.0,14353.0,14355.0,14356.0,14359.0,14360.0,14360.0,14360.0,14360.0,14361.0,14364.0,14365.0,14366.0,14366.0,14367.0,14367.0,14368.0,14369.0,14370.0,14372.0,14371.0,14374.0,14374.0,14375.0,14375.0,14375.0,14375.0,14376.0,14376.0,14376.0,14377.0,14378.0,14378.0,14380.0,14380.0,14382.0,14383.0,14386.0,14385.0,14386.0,14390.0,14389.0,14389.0,14390.0,14390.0,14390.0,14391.0,14391.0,14393.0,14393.0,14394.0,14394.0,14395.0,14395.0,14396.0,14396.0,14398.0,14399.0,14400.0,14400.0,14400.0,14401.0,14402.0,14402.0,14403.0,14403.0,14405.0,14405.0,14406.0,14406.0,14406.0,14406.0,14407.0,14407.0,14407.0,14410.0,14411.0,14411.0,14412.0,14413.0,14413.0,14414.0,14416.0,14417.0,14418.0,14420.0,14420.0,14420.0,14420.0,14420.0,14420.0,14421.0,14421.0,14422.0,14424.0,14424.0,,14427.0,14427.0,14428.0,14430.0,14431.0,14432.0,14433.0,14433.0,14438.0,14439.0,14440.0,14440.0,14441.0,14443.0,14443.0,14445.0,14448.0,14448.0,14451.0,14451.0,14453.0,14455.0,14455.0,14457.0,14458.0,14460.0,14461.0,14461.0,14464.0,14468.0,14468.0,14469.0,14469.0,14469.0,14469.0,14469.0,14470.0,14472.0,14473.0,14474.0,14474.0,14474.0,14476.0,14478.0,14478.0,14479.0,14480.0,14480.0,14481.0,14484.0,14485.0,14485.0,14487.0,14487.0,14488.0,14488.0,14488.0,14490.0,14490.0,14491.0,14492.0,14493.0,14494.0,14494.0,14495.0,14497.0,14497.0,14497.0,14497.0,14497.0,14497.0,14498.0,14498.0,14499.0,14499.0,14500.0,14500.0,14500.0,14500.0,14500.0,14500.0,14500.0,14501.0,14503.0,14505.0,14506.0,14506.0,14506.0,14508.0,14508.0,14508.0,14508.0,14510.0,14512.0,14514.0,14515.0,14515.0,14516.0,14517.0,14517.0,14517.0,14517.0,14517.0,14518.0,14518.0,14520.0,14522.0,14522.0,14522.0,14522.0,14522.0,14522.0,14523.0,14523
7XoX6HxmZgM,78459.0,78459.0,78459.0,78462.0,78462.0,78464.0,78465.0,78466.0,78468.0,78468.0,78468.0,78468.0,78468.0,78468.0,78468.0,78468.0,78469.0,78469.0,78469.0,78469.0,78469.0,78469.0,78469.0,78469.0,78469.0,78469.0,78469.0,78470.0,78470.0,78470.0,78470.0,78470.0,78470.0,78470.0,78470.0,78470.0,78470.0,78470.0,78470.0,78470.0,78471.0,78471.0,78471.0,78471.0,78471.0,78471.0,78471.0,78471.0,78472.0,78472.0,78472.0,78472.0,78472.0,78472.0,78472.0,78472.0,78472.0,78473.0,78474.0,78475.0,78475.0,78475.0,78475.0,78476.0,78479.0,78479.0,78479.0,78479.0,78479.0,78479.0,78479.0,78479.0,78479.0,78479.0,78481.0,78481.0,78482.0,78482.0,78482.0,78482.0,78484.0,78487.0,78489.0,78489.0,78489.0,78489.0,78489.0,78489.0,78489.0,78489.0,78489.0,78489.0,78489.0,78489.0,78490.0,78491.0,78491.0,78491.0,78491.0,78492.0,78492.0,78494.0,78494.0,78494.0,78492.0,78493.0,78493.0,78493.0,78493.0,78493.0,78493.0,78493.0,78494.0,78495.0,78496.0,78497.0,78497.0,78497.0,78497.0,78497.0,78497.0,78498.0,78498.0,78498.0,78498.0,78498.0,78498.0,78498.0,78498.0,78498.0,78498.0,78498.0,78498.0,78499.0,,,,,,,,,78515.0,78515.0,78516.0,78517.0,78517.0,78517.0,78517.0,78517.0,78519.0,78519.0,78519.0,78520.0,78520.0,78520.0,78520.0,78520.0,78522.0,78522.0,78524.0,78526.0,78528.0,78528.0,78528.0,78529.0,78533.0,78533.0,78533.0,78533.0,78533.0,78536.0,78537.0,78537.0,78539.0,78540.0,78542.0,78542.0,78545.0,78545.0,78546.0,78546.0,78546.0,78546.0,78548.0,78549.0,78552.0,78552.0,78552.0,78552.0,78552.0,78553.0,78553.0,78553.0,78554.0,78554.0,78555.0,78555.0,78555.0,78555.0,78555.0,78555.0,78555.0,78557.0,78557.0,78558.0,78558.0,78559.0,78559.0,78559.0,78559.0,78560.0,78560.0,78560.0,78560.0,78562.0,78562.0,78563.0,78564.0,78564.0,78564.0,78563.0,78566.0,78567.0,78567.0,78567.0,78567.0,78567.0,78568.0,78569.0,78570.0,78570.0,78570.0,78570.0,78570.0,78572.0,78572.0,78572.0,78572.0,78574.0,78575.0,78575.0,78576.0,78577.0,78577.0,78578.0,78578.0,78578.0,78578.0,78578.0,78578.0,78578.0,78579.0,78579.0,78582.0,78584.0,78586.0,78586.0,78587.0,78587.0,78587.0,78587.0,78587.0,,78591.0,78591.0,78591.0,78591.0,78591.0,78591.0,78591.0,78591.0,78591.0,78591.0,78592.0,78592.0,78594.0,78594.0,78594.0,78595.0,78596.0,78596.0,78596.0,78596.0,78597.0,78597.0,78598.0,78599.0,78599.0,78599.0,78599.0,78601.0,78602.0,78603.0,78604.0,78604.0,78604.0,78604.0,78605.0,78606.0,78606.0,78606.0,78608.0,78608.0,78609.0,78609.0,78609.0,78609.0,78609.0,78609.0,78610.0,78610.0,78610.0,78611.0,78611.0,78612.0,78613.0,78613.0,78613.0,78613.0,78614.0,78614.0,78614.0,78614.0,78615.0,78615.0,78616.0,78616.0,78616.0,78615.0,78615.0,78616.0,78616.0,78616.0,78616.0,78616.0,78617.0,78618.0,78619.0,78620.0,78620.0,78620.0,78620.0,78620.0,78622.0,78623.0,78623.0,78623.0,78623.0,78623.0,78626.0,78626.0,78626.0,78627.0,78627.0,78628.0,78629.0,78629.0,78630.0,78631.0,78632.0,78632.0,78633.0,78635.0,78636.0,78638.0,78639.0,78643.0,78645.0,78645.0,78645.0,78646.0,78646.0,78647.0,78648.0,78650.0,78650.0,78651
xjm7FtUmw_8,7668.0,7668.0,7668.0,7669.0,7669.0,7670.0,7671.0,7671.0,7671.0,7671.0,7671.0,7674.0,7674.0,7675.0,7675.0,7675.0,7676.0,7677.0,7677.0,7677.0,7677.0,7678.0,7678.0,7678.0,7679.0,7680.0,7680.0,7680.0,7680.0,7681.0,7683.0,7686.0,7689.0,7691.0,7692.0,7692.0,7692.0,7693.0,7696.0,7696.0,7696.0,7696.0,7699.0,7699.0,7700.0,7701.0,7701.0,7703.0,7705.0,7706.0,7707.0,7708.0,7709.0,7710.0,7711.0,7713.0,7715.0,7715.0,7715.0,7715.0,7717.0,7720.0,7721.0,7721.0,7721.0,7721.0,7722.0,7723.0,7723.0,7726.0,7727.0,7728.0,7728.0,7731.0,7729.0,7729.0,7730.0,7730.0,7730.0,7732.0,7732.0,7735.0,7736.0,7737.0,7737.0,7737.0,7738.0,7738.0,7739.0,7739.0,7739.0,7739.0,7739.0,7740.0,7740.0,7743.0,7743.0,7743.0,7743.0,7752.0,7757.0,7765.0,7773.0,7777.0,7779.0,7780.0,7782.0,7785.0,7785.0,7787.0,7790.0,7796.0,7797.0,7798.0,7798.0,7801.0,7801.0,7801.0,7802.0,7803.0,7805.0,7807.0,7809.0,7809.0,7810.0,7810.0,7812.0,7814.0,7814.0,7815.0,7815.0,7815.0,7819.0,7821.0,,,,,,,,,7835.0,7835.0,7835.0,7835.0,7835.0,7836.0,7837.0,7838.0,7841.0,7841.0,7844.0,7844.0,7845.0,7850.0,7850.0,7854.0,7856.0,7862.0,7864.0,7866.0,7867.0,7868.0,7871.0,7875.0,7880.0,7882.0,7883.0,7884.0,7884.0,7884.0,7885.0,7887.0,7889.0,7890.0,7890.0,7890.0,7891.0,7897.0,7899.0,7902.0,7902.0,7903.0,7907.0,7908.0,7909.0,7910.0,7910.0,7910.0,7911.0,7912.0,7913.0,7913.0,7915.0,7915.0,7917.0,7919.0,7925.0,7925.0,7925.0,7925.0,7925.0,7925.0,7925.0,7926.0,7927.0,7930.0,7930.0,7931.0,7932.0,7933.0,7933.0,7934.0,7936.0,7938.0,7938.0,7938.0,7939.0,7939.0,7940.0,7941.0,7942.0,7943.0,7943.0,7943.0,7943.0,7943.0,7943.0,7945.0,7945.0,7947.0,7947.0,7948.0,7949.0,7949.0,7949.0,7950.0,7951.0,7953.0,7953.0,7953.0,7953.0,7953.0,7957.0,7957.0,7961.0,7961.0,7961.0,7961.0,7964.0,7964.0,7964.0,7964.0,7964.0,7964.0,7964.0,7964.0,7964.0,7964.0,7964.0,7964.0,7965.0,,7965.0,7966.0,7966.0,7966.0,7966.0,7966.0,7966.0,7966.0,7967.0,7968.0,7968.0,7968.0,7968.0,7968.0,7968.0,7968.0,7970.0,7970.0,7970.0,7971.0,7971.0,7971.0,7971.0,7971.0,7971.0,7972.0,7972.0,7972.0,7972.0,7972.0,7972.0,7972.0,7973.0,7975.0,7975.0,7975.0,7976.0,7977.0,7978.0,7978.0,7978.0,7978.0,7978.0,7979.0,7982.0,7982.0,7984.0,7984.0,7984.0,7984.0,7984.0,7984.0,7985.0,7986.0,7986.0,7986.0,7986.0,7987.0,7987.0,7987.0,7988.0,7988.0,7989.0,7989.0,7989.0,7989.0,7993.0,7994.0,7996.0,7997.0,7997.0,7997.0,7996.0,7997.0,7998.0,7999.0,7999.0,8000.0,8000.0,8000.0,8001.0,8001.0,8005.0,8006.0,8006.0,8006.0,8006.0,8006.0,8006.0,8006.0,8006.0,8007.0,8008.0,8008.0,8008.0,8008.0,8009.0,8009.0,8009.0,8010.0,8011.0,8012.0,8012.0,8012.0,8012.0,8013.0,8013.0,8013.0,8015.0,8015.0,8015.0,8016.0,8016.0,8017
DQqdNwWKUO8,4135897.0,4135897.0,4135897.0,4135897.0,4135897.0,4135897.0,4135897.0,4135897.0,4135897.0,4135897.0,4135897.0,4135897.0,4135897.0,4135897.0,4135897.0,4135897.0,4135897.0,4135897.0,4135897.0,4135897.0,4135897.0,4135897.0,4135897.0,4135897.0,4135897.0,4135897.0,4135897.0,4135897.0,4135897.0,4135897.0,4135897.0,4135897.0,4135897.0,4135897.0,4135897.0,4135897.0,4135897.0,4135897.0,4135897.0,4135897.0,4135897.0,4135897.0,4135897.0,4135897.0,4135897.0,4135897.0,4135897.0,4135897.0,4135897.0,4135897.0,4135897.0,4135897.0,4135897.0,4135897.0,4135897.0,4135897.0,4135897.0,4135897.0,4135897.0,4135897.0,4135897.0,4135897.0,4135897.0,4135897.0,4135897.0,4135897.0,4135897.0,4135897.0,4135897.0,4135897.0,4135897.0,4135897.0,4135897.0,4135897.0,4135897.0,4135897.0,4135897.0,4135897.0,4135897.0,4135897.0,4135897.0,4135897.0,4135897.0,4135897.0,4135897.0,4135897.0,4135897.0,4135897.0,4135897.0,4135897.0,4135897.0,4135897.0,4135897.0,4135897.0,4135897.0,4135897.0,4135897.0,4135897.0,4135897.0,4135897.0,4135897.0,4135897.0,4135897.0,4135897.0,4135897.0,4135897.0,4135897.0,4135897.0,4135897.0,4135897.0,4135897.0,4135897.0,4135897.0,4135897.0,4135897.0,4135897.0,4135897.0,4135897.0,4135897.0,4135897.0,4135897.0,4135897.0,4135897.0,4135897.0,4135897.0,4135897.0,4135897.0,4135897.0,4135897.0,4135897.0,4135897.0,4135897.0,4135897.0,4135897.0,,,,,,,,,4135897.0,4135897.0,4135897.0,4135897.0,4135897.0,4135897.0,4135897.0,4135897.0,4135897.0,4135897.0,4135897.0,4135897.0,4135897.0,4135897.0,4135897.0,4135897.0,4135897.0,4135897.0,4135897.0,4135897.0,4135897.0,4135897.0,4135897.0,4135897.0,4135897.0,4135897.0,4135897.0,4135897.0,4135897.0,4135897.0,4135897.0,4135897.0,4135897.0,4135897.0,4135897.0,4135897.0,4135897.0,4135897.0,4135897.0,4135897.0,4135897.0,4135897.0,4135897.0,4135897.0,4135897.0,4135897.0,4135897.0,4135897.0,4135897.0,4135897.0,4135897.0,4135897.0,4135897.0,4135897.0,4135897.0,4135897.0,4135897.0,4135897.0,4135897.0,4135897.0,4135897.0,4135897.0,4135897.0,4135897.0,4135897.0,4135897.0,4135897.0,4135897.0,4135897.0,4135897.0,4135897.0,4135897.0,4135897.0,4135897.0,4135897.0,4135897.0,4135897.0,4135897.0,4135897.0,4135897.0,4135897.0,4135897.0,4135897.0,4135897.0,4135897.0,4135897.0,4135897.0,4135897.0,4135897.0,4135897.0,4135897.0,4135897.0,4135897.0,4135897.0,4135897.0,4135897.0,4135897.0,4135897.0,4135897.0,4135897.0,4135897.0,4135897.0,4135897.0,4135897.0,4135897.0,4135897.0,4135897.0,4135897.0,4135897.0,4135897.0,4135897.0,4135897.0,4135897.0,4135897.0,4135897.0,4135897.0,4135897.0,4135897.0,4135897.0,4135897.0,4135897.0,,4135897.0,4135897.0,4135897.0,4135897.0,4135897.0,4135897.0,4135897.0,4135897.0,4135897.0,4135897.0,4135897.0,4135897.0,4135897.0,4135897.0,4135897.0,4135897.0,4135897.0,4135897.0,4135897.0,4135897.0,4135897.0,4135897.0,4135897.0,4135897.0,4135897.0,4135897.0,4135897.0,4135897.0,4135897.0,4135897.0,4135897.0,4135897.0,4135897.0,4135897.0,4135897.0,4135897.0,4135897.0,4135897.0,4135897.0,4135897.0,4135897.0,4135897.0,4135897.0,4135897.0,4135897.0,4135897.0,4135897.0,4135897.0,4135897.0,4135897.0,4135897.0,4135897.0,4135897.0,4135897.0,4135897.0,4135897.0,4135897.0,4135897.0,4135897.0,4135897.0,4135897.0,4135897.0,4135897.0,4135897.0,4135897.0,4135897.0,4135897.0,4135897.0,4135897.0,4135897.0,4135897.0,4135897.0,4135897.0,4135897.0,4135897.0,4135897.0,4135897.0,4135897.0,4135897.0,4135897.0,4135897.0,4135897.0,4135897.0,4135897.0,4135897.0,4135897.0,4135897.0,4135897.0,4135897.0,4135897.0,4135897.0,4135897.0,4135897.0,4135897.0,4135897.0,4135897.0,4135897.0,4135897.0,4135897.0,4135897.0,4135897.0,4135897.0,4135897.0,4135897.0,4135897.0,4135897.0,4135897.0,4135897.0,4135897.0,4135897.0,4135897.0,4135897.0,4135897.0,4135897
lgmI47a1e7w,31252.0,31268.0,31291.0,31312.0,31338.0,31360.0,31393.0,31433.0,31457.0,31480.0,31506.0,31530.0,31558.0,31579.0,31608.0,31644.0,31673.0,31701.0,31732.0,31756.0,31791.0,31818.0,31857.0,31869.0,31897.0,31935.0,31987.0,32031.0,32067.0,32113.0,32153.0,32201.0,32265.0,32308.0,32364.0,32405.0,32447.0,32490.0,32525.0,32562.0,32612.0,32656.0,32687.0,32716.0,32745.0,32775.0,32821.0,32865.0,32913.0,32941.0,32973.0,32989.0,33014.0,33055.0,33092.0,33116.0,33135.0,33163.0,33189.0,33203.0,33240.0,33276.0,33314.0,33347.0,33381.0,33425.0,33455.0,33482.0,33498.0,33529.0,33560.0,33584.0,33599.0,33614.0,33634.0,33660.0,33674.0,33710.0,33737.0,33760.0,33779.0,33812.0,33834.0,33863.0,33891.0,33916.0,33953.0,33978.0,34025.0,34066.0,34097.0,34129.0,34156.0,34186.0,34214.0,34235.0,34265.0,34301.0,34331.0,34367.0,34404.0,34438.0,34469.0,34492.0,34511.0,34523.0,34558.0,34593.0,34621.0,34641.0,34666.0,34694.0,34737.0,34764.0,34790.0,34802.0,34816.0,34831.0,34852.0,34864.0,34874.0,34890.0,34903.0,34920.0,34941.0,34957.0,34974.0,34998.0,35016.0,35032.0,35049.0,35051.0,35062.0,35072.0,,,,,,,,,35205.0,35217.0,35227.0,35237.0,35252.0,35273.0,35293.0,35305.0,35323.0,35336.0,35353.0,35371.0,35394.0,35423.0,35439.0,35467.0,35496.0,35518.0,35541.0,35557.0,35570.0,35583.0,35599.0,35612.0,35625.0,35640.0,35652.0,35672.0,35693.0,35712.0,35728.0,35767.0,35801.0,35841.0,35875.0,35933.0,35952.0,35966.0,35986.0,36012.0,36031.0,36044.0,36062.0,36075.0,36093.0,36106.0,36126.0,36151.0,36175.0,36187.0,36203.0,36232.0,36254.0,36272.0,36282.0,36310.0,36339.0,36356.0,36375.0,36400.0,36417.0,36426.0,36443.0,36453.0,36465.0,36482.0,36493.0,36507.0,36519.0,36532.0,36545.0,36563.0,36574.0,36585.0,36606.0,36619.0,36634.0,36642.0,36658.0,36671.0,36682.0,36694.0,36709.0,36720.0,36725.0,36729.0,36739.0,36754.0,36760.0,36768.0,36781.0,36785.0,36799.0,36806.0,36817.0,36830.0,36843.0,36858.0,36873.0,36878.0,36890.0,36900.0,36910.0,36922.0,36936.0,36945.0,36956.0,36970.0,36976.0,36986.0,37001.0,37018.0,37030.0,37041.0,37056.0,37068.0,37080.0,37085.0,37103.0,37113.0,37127.0,,37151.0,37165.0,37179.0,37196.0,37210.0,37218.0,37238.0,37255.0,37264.0,37272.0,37289.0,37308.0,37318.0,37336.0,37347.0,37359.0,37375.0,37389.0,37403.0,37419.0,37435.0,37455.0,37476.0,37500.0,37524.0,37535.0,37546.0,37566.0,37579.0,37611.0,37629.0,37641.0,37647.0,37662.0,37679.0,37691.0,37715.0,37727.0,37747.0,37759.0,37773.0,37791.0,37805.0,37821.0,37835.0,37858.0,37890.0,37927.0,37966.0,38028.0,38063.0,38108.0,38141.0,38173.0,38198.0,38237.0,38273.0,38305.0,38333.0,38383.0,38416.0,38461.0,38489.0,38573.0,38630.0,38698.0,38761.0,38831.0,38899.0,38981.0,39062.0,39147.0,39261.0,39347.0,39423.0,39494.0,39592.0,39706.0,39823.0,39923.0,40013.0,40084.0,40139.0,40181.0,40217.0,40250.0,40287.0,40309.0,40325.0,40334.0,40354.0,40375.0,40403.0,40424.0,40447.0,40460.0,40475.0,40496.0,40515.0,40531.0,40549.0,40577.0,40591.0,40604.0,40621.0,40646.0,40667.0,40683.0,40692.0,40710.0,40734.0,40751.0,40777.0,40801
weWi7tBTwFA,12320.0,12322.0,12323.0,12324.0,12328.0,12330.0,12333.0,12333.0,12337.0,12339.0,12344.0,12346.0,12346.0,12348.0,12349.0,12352.0,12358.0,12359.0,12361.0,12364.0,12370.0,12370.0,12372.0,12374.0,12377.0,12381.0,12382.0,12384.0,12384.0,12390.0,12396.0,12399.0,12400.0,12400.0,12404.0,12405.0,12407.0,12409.0,12414.0,12414.0,12417.0,12422.0,12423.0,12426.0,12429.0,12431.0,12434.0,12438.0,12439.0,12442.0,12443.0,12445.0,12446.0,12447.0,12448.0,12451.0,12453.0,12455.0,12454.0,12454.0,12457.0,12459.0,12459.0,12463.0,12463.0,12463.0,12464.0,12465.0,12468.0,12472.0,12474.0,12476.0,12475.0,12475.0,12476.0,12477.0,12478.0,12480.0,12483.0,12484.0,12485.0,12486.0,12486.0,12486.0,12488.0,12491.0,12492.0,12494.0,12496.0,12499.0,12501.0,12503.0,12504.0,12505.0,12509.0,12512.0,12514.0,12515.0,12519.0,12521.0,12523.0,12523.0,12523.0,12525.0,12528.0,12532.0,12535.0,12541.0,12545.0,12548.0,12550.0,12558.0,12565.0,12566.0,12569.0,12574.0,12578.0,12580.0,12583.0,12588.0,12591.0,12591.0,12591.0,12592.0,12594.0,12596.0,12598.0,12600.0,12600.0,12600.0,12601.0,12604.0,12605.0,12607.0,,,,,,,,,12632.0,12635.0,12637.0,12639.0,12642.0,12643.0,12644.0,12647.0,12648.0,12651.0,12653.0,12654.0,12654.0,12659.0,12662.0,12665.0,12666.0,12672.0,12679.0,12685.0,12687.0,12692.0,12694.0,12697.0,12701.0,12705.0,12708.0,12709.0,12711.0,12714.0,12717.0,12719.0,12721.0,12725.0,12727.0,12728.0,12729.0,12736.0,12740.0,12742.0,12743.0,12744.0,12748.0,12750.0,12753.0,12754.0,12754.0,12758.0,12759.0,12762.0,12765.0,12768.0,12769.0,12773.0,12773.0,12776.0,12779.0,12779.0,12787.0,12788.0,12788.0,12788.0,12789.0,12797.0,12800.0,12800.0,12804.0,12804.0,12806.0,12810.0,12810.0,12811.0,12812.0,12813.0,12815.0,12817.0,12819.0,12820.0,12822.0,12824.0,12825.0,12825.0,12825.0,12828.0,12828.0,12829.0,12832.0,12834.0,12837.0,12837.0,12839.0,12840.0,12841.0,12841.0,12842.0,12842.0,12842.0,12844.0,12844.0,12845.0,12847.0,12852.0,12857.0,12857.0,12855.0,12857.0,12858.0,12858.0,12858.0,12860.0,12860.0,12863.0,12866.0,12868.0,12869.0,12870.0,12870.0,12872.0,12874.0,12875.0,12876.0,,12880.0,12885.0,12885.0,12885.0,12885.0,12885.0,12885.0,12886.0,12888.0,12890.0,12891.0,12892.0,12893.0,12894.0,12894.0,12896.0,12898.0,12899.0,12902.0,12902.0,12906.0,12907.0,12908.0,12909.0,12910.0,12911.0,12912.0,12913.0,12915.0,12916.0,12918.0,12918.0,12920.0,12922.0,12923.0,12933.0,12938.0,12940.0,12941.0,12941.0,12944.0,12945.0,12946.0,12948.0,12948.0,12948.0,12948.0,12949.0,12950.0,12952.0,12953.0,12953.0,12954.0,12959.0,12963.0,12972.0,12977.0,12979.0,12981.0,12983.0,12984.0,12984.0,12985.0,12986.0,12986.0,12988.0,12989.0,12994.0,12995.0,12996.0,12997.0,12999.0,13001.0,13004.0,13005.0,13005.0,13012.0,13021.0,13024.0,13025.0,13027.0,13027.0,13029.0,13032.0,13034.0,13034.0,13035.0,13037.0,13039.0,13043.0,13046.0,13047.0,13048.0,13049.0,13050.0,13051.0,13053.0,13053.0,13053.0,13056.0,13058.0,13060.0,13063.0,13063.0,13064.0,13067.0,13067.0,13071.0,13072.0,13072.0,13074.0,13074.0,13075.0,13075
fcQo_GKHj1M,91193.0,91245.0,91296.0,91354.0,91398.0,91445.0,91500.0,91545.0,91635.0,91710.0,91792.0,91866.0,91929.0,92025.0,92081.0,92168.0,92249.0,92344.0,92433.0,92508.0,92584.0,92643.0,92712.0,92774.0,92855.0,92952.0,93082.0,93171.0,93257.0,93329.0,93404.0,93521.0,93641.0,93741.0,93809.0,93893.0,94001.0,94061.0,94113.0,94171.0,94227.0,94297.0,94350.0,94394.0,94437.0,94489.0,94548.0,94594.0,94648.0,94711.0,94762.0,94803.0,94850.0,94887.0,94938.0,94988.0,95072.0,95139.0,95194.0,95242.0,95299.0,95374.0,95437.0,95513.0,95576.0,95650.0,95691.0,95749.0,95809.0,95884.0,95972.0,96013.0,96066.0,96115.0,96182.0,96277.0,96492.0,96563.0,96643.0,96732.0,96794.0,96858.0,96927.0,96971.0,97078.0,97134.0,97188.0,97267.0,97342.0,97420.0,97505.0,97559.0,97632.0,97687.0,97724.0,97779.0,97883.0,97955.0,98027.0,98091.0,98216.0,98324.0,98415.0,98482.0,98544.0,98593.0,98666.0,98743.0,98810.0,98884.0,98933.0,98987.0,99072.0,99147.0,99228.0,99268.0,99340.0,99397.0,99441.0,99529.0,99631.0,99723.0,99780.0,99853.0,99902.0,99978.0,100063.0,100116.0,100162.0,100219.0,100280.0,100314.0,100378.0,100422.0,,,,,,,,,101098.0,101177.0,101319.0,101600.0,101746.0,101871.0,101986.0,102080.0,102185.0,102242.0,102299.0,102362.0,102448.0,102505.0,102596.0,102672.0,102707.0,102744.0,102787.0,102840.0,102885.0,102942.0,102996.0,103058.0,103101.0,103167.0,103230.0,103285.0,103340.0,103389.0,103433.0,103455.0,103500.0,103548.0,103593.0,103625.0,103670.0,103715.0,103744.0,103778.0,103816.0,103882.0,103963.0,104054.0,104135.0,104180.0,104237.0,104288.0,104338.0,104424.0,104476.0,104533.0,104591.0,104655.0,104701.0,104745.0,104801.0,104839.0,104876.0,104915.0,104975.0,105011.0,105046.0,105087.0,105106.0,105156.0,105201.0,105249.0,105273.0,105304.0,105343.0,105374.0,105431.0,105495.0,105526.0,105560.0,105609.0,105647.0,105679.0,105709.0,105743.0,105778.0,105815.0,105846.0,105866.0,105892.0,105922.0,105989.0,106032.0,106075.0,106111.0,106143.0,106170.0,106212.0,106243.0,106274.0,106324.0,106385.0,106438.0,106473.0,106536.0,106571.0,106589.0,106616.0,106650.0,106687.0,106728.0,106759.0,106812.0,106845.0,106878.0,106899.0,106931.0,106952.0,106966.0,106998.0,107019.0,107034.0,107058.0,107081.0,107106.0,,107151.0,107179.0,107199.0,107244.0,107281.0,107309.0,107339.0,107361.0,107390.0,107422.0,107473.0,107500.0,107520.0,107555.0,107587.0,107617.0,107645.0,107669.0,107696.0,107726.0,107749.0,107777.0,107799.0,107817.0,107845.0,107865.0,107881.0,107898.0,107925.0,107942.0,107978.0,108019.0,108043.0,108073.0,108096.0,108117.0,108145.0,108185.0,108225.0,108247.0,108277.0,108308.0,108347.0,108369.0,108389.0,108425.0,108465.0,108495.0,108520.0,108557.0,108597.0,108644.0,108674.0,108755.0,108798.0,108842.0,108882.0,108919.0,108970.0,109011.0,109042.0,109068.0,109113.0,109145.0,109190.0,109228.0,109275.0,109335.0,109371.0,109421.0,109460.0,109497.0,109525.0,109550.0,109583.0,109614.0,109632.0,109658.0,109687.0,109726.0,109756.0,109789.0,109811.0,109840.0,109869.0,109891.0,109921.0,109945.0,109975.0,110001.0,110026.0,110057.0,110086.0,110118.0,110166.0,110200.0,110234.0,110277.0,110315.0,110355.0,110382.0,110417.0,110442.0,110472.0,110506.0,110543.0,110586.0,110620.0,110673.0,110701.0,110738.0,110776.0,110836.0,110884
rLYUIlweuls,1537.0,1537.0,1538.0,1542.0,1542.0,1543.0,1546.0,1547.0,1547.0,1547.0,1547.0,1547.0,1548.0,1548.0,1548.0,1549.0,1550.0,1550.0,1551.0,1551.0,1551.0,1551.0,1551.0,1551.0,1551.0,1551.0,1551.0,1552.0,1553.0,1553.0,1553.0,1553.0,1553.0,1554.0,1554.0,1554.0,1554.0,1554.0,1554.0,1555.0,1557.0,1557.0,1557.0,1557.0,1557.0,1557.0,1557.0,1558.0,1558.0,1558.0,1558.0,1558.0,1558.0,1558.0,1558.0,1558.0,1558.0,1558.0,1558.0,1558.0,1558.0,1559.0,1559.0,1559.0,1559.0,1559.0,1559.0,1559.0,1559.0,1559.0,1559.0,1560.0,1560.0,1560.0,1560.0,1560.0,1560.0,1561.0,1561.0,1561.0,1561.0,1561.0,1562.0,1562.0,1563.0,1563.0,1563.0,1566.0,1566.0,1566.0,1566.0,1566.0,1566.0,1566.0,1566.0,1566.0,1566.0,1567.0,1567.0,1568.0,1568.0,1568.0,1568.0,1568.0,1569.0,1569.0,1569.0,1570.0,1571.0,1572.0,1573.0,1573.0,1573.0,1573.0,1575.0,1576.0,1577.0,1577.0,1581.0,1585.0,1590.0,1592.0,1594.0,1594.0,1596.0,1597.0,1597.0,1599.0,1599.0,1599.0,1599.0,1600.0,1601.0,1602.0,,,,,,,,,1610.0,1610.0,1610.0,1610.0,1610.0,1610.0,1610.0,1610.0,1611.0,1612.0,1612.0,1612.0,1613.0,1613.0,1614.0,1614.0,1614.0,1614.0,1615.0,1615.0,1615.0,1615.0,1615.0,1615.0,1615.0,1615.0,1616.0,1616.0,1616.0,1616.0,1616.0,1616.0,1616.0,1616.0,1620.0,1620.0,1623.0,1623.0,1624.0,1624.0,1625.0,1627.0,1627.0,1628.0,1628.0,1631.0,1631.0,1633.0,1635.0,1636.0,1639.0,1639.0,1639.0,1640.0,1641.0,1641.0,1641.0,1641.0,1642.0,1642.0,1643.0,1646.0,1647.0,1648.0,1648.0,1649.0,1649.0,1655.0,1655.0,1656.0,1656.0,1656.0,1656.0,1657.0,1657.0,1659.0,1659.0,1659.0,1660.0,1660.0,1661.0,1661.0,1661.0,1661.0,1662.0,1662.0,1663.0,1663.0,1665.0,1665.0,1666.0,1666.0,1667.0,1667.0,1667.0,1667.0,1667.0,1668.0,1669.0,1669.0,1670.0,1670.0,1670.0,1672.0,1673.0,1673.0,1673.0,1673.0,1673.0,1673.0,1673.0,1673.0,1673.0,1673.0,1674.0,1674.0,1674.0,1674.0,1675.0,1675.0,1675.0,,1675.0,1679.0,1680.0,1680.0,1680.0,1680.0,1680.0,1680.0,1680.0,1680.0,1680.0,1680.0,1680.0,1680.0,1680.0,1681.0,1682.0,1682.0,1682.0,1682.0,1682.0,1682.0,1683.0,1683.0,1683.0,1683.0,1683.0,1683.0,1684.0,1684.0,1684.0,1684.0,1684.0,1684.0,1684.0,1685.0,1685.0,1685.0,1685.0,1685.0,1685.0,1685.0,1685.0,1686.0,1686.0,1686.0,1686.0,1686.0,1686.0,1687.0,1687.0,1687.0,1687.0,1687.0,1687.0,1687.0,1687.0,1687.0,1687.0,1687.0,1687.0,1689.0,1689.0,1689.0,1689.0,1691.0,1691.0,1691.0,1691.0,1691.0,1691.0,1691.0,1691.0,1691.0,1691.0,1691.0,1691.0,1691.0,1691.0,1691.0,1691.0,1692.0,1693.0,1693.0,1693.0,1693.0,1693.0,1693.0,1693.0,1696.0,1697.0,1697.0,1697.0,1697.0,1697.0,1699.0,1700.0,1700.0,1700.0,1700.0,1700.0,1700.0,1700.0,1703.0,1703.0,1703.0,1704.0,1704.0,1705.0,1707.0,1707.0,1707.0,1707.0,1707
ggEyqTS7V70,30021.0,30033.0,30048.0,30067.0,30087.0,30120.0,30137.0,30147.0,30167.0,30196.0,30216.0,30246.0,30262.0,30284.0,30299.0,30319.0,30336.0,30358.0,30369.0,30384.0,30399.0,30407.0,30433.0,30443.0,30455.0,30484.0,30505.0,30521.0,30534.0,30548.0,30567.0,30578.0,30591.0,30600.0,30625.0,30636.0,30646.0,30664.0,30678.0,30686.0,30702.0,30722.0,30734.0,30754.0,30763.0,30779.0,30795.0,30824.0,30847.0,30863.0,30894.0,30923.0,30955.0,30997.0,31038.0,31068.0,31115.0,31142.0,31198.0,31229.0,31264.0,31321.0,31366.0,31405.0,31462.0,31499.0,31547.0,31590.0,31638.0,31685.0,31729.0,31778.0,31854.0,31921.0,31981.0,32042.0,32113.0,32182.0,32241.0,32315.0,32371.0,32436.0,32508.0,32566.0,32649.0,32720.0,32784.0,32902.0,33013.0,33079.0,33152.0,33214.0,33278.0,33380.0,33493.0,33595.0,33718.0,33852.0,33958.0,34024.0,34159.0,34349.0,34513.0,34720.0,34971.0,35160.0,35402.0,35696.0,35955.0,36132.0,36322.0,36492.0,36620.0,36775.0,36997.0,37214.0,37418.0,37611.0,37809.0,38012.0,38217.0,38406.0,38586.0,38777.0,38937.0,39117.0,39272.0,39467.0,39666.0,39811.0,39959.0,40132.0,40271.0,40431.0,,,,,,,,,41656.0,41751.0,41840.0,41981.0,42092.0,42164.0,42271.0,42340.0,42407.0,42472.0,42548.0,42611.0,42677.0,42730.0,42783.0,42819.0,42874.0,42936.0,42969.0,43008.0,43058.0,43097.0,43154.0,43200.0,43229.0,43274.0,43323.0,43374.0,43409.0,43458.0,43512.0,43552.0,43611.0,43653.0,43701.0,43740.0,43787.0,43833.0,43896.0,43963.0,44025.0,44078.0,44130.0,44183.0,44278.0,44330.0,44377.0,44422.0,44479.0,44535.0,44587.0,44638.0,44683.0,44731.0,44781.0,44816.0,44866.0,44940.0,44989.0,45036.0,45083.0,45123.0,45161.0,45196.0,45234.0,45279.0,45321.0,45368.0,45391.0,45439.0,45462.0,45489.0,45532.0,45576.0,45613.0,45661.0,45697.0,45738.0,45766.0,45803.0,45848.0,45865.0,45886.0,45918.0,45945.0,45961.0,45998.0,46040.0,46079.0,46134.0,46174.0,46221.0,46266.0,46304.0,46343.0,46401.0,46449.0,46503.0,46545.0,46573.0,46611.0,46641.0,46674.0,46696.0,46730.0,46777.0,46802.0,46841.0,46872.0,46894.0,46917.0,46941.0,46973.0,47003.0,47028.0,47068.0,47103.0,47131.0,47160.0,47183.0,47219.0,,47283.0,47312.0,47349.0,47391.0,47423.0,47460.0,47498.0,47530.0,47566.0,47613.0,47646.0,47662.0,47702.0,47741.0,47774.0,47820.0,47854.0,47907.0,47933.0,47955.0,47984.0,48013.0,48046.0,48078.0,48107.0,48125.0,48144.0,48180.0,48227.0,48270.0,48306.0,48350.0,48397.0,48427.0,48488.0,48539.0,48582.0,48624.0,48644.0,48673.0,48701.0,48747.0,48779.0,48821.0,48849.0,48876.0,48903.0,48929.0,48955.0,48981.0,49007.0,49022.0,49034.0,49057.0,49083.0,49106.0,49124.0,49142.0,49159.0,49183.0,49210.0,49239.0,49256.0,49280.0,49315.0,49333.0,49358.0,49377.0,49384.0,49405.0,49424.0,49436.0,49450.0,49470.0,49486.0,49498.0,49524.0,49558.0,49585.0,49609.0,49639.0,49670.0,49696.0,49750.0,49795.0,49820.0,49868.0,49909.0,49948.0,49978.0,50006.0,50027.0,50066.0,50099.0,50139.0,50167.0,50195.0,50224.0,50259.0,50279.0,50308.0,50332.0,50350.0,50371.0,50399.0,50420.0,50454.0,50485.0,50520.0,50548.0,50579.0,50604.0,50632.0,50651
KjYsE5Cn3gE,3323.0,3324.0,3324.0,3324.0,3325.0,3325.0,3325.0,3325.0,3325.0,3325.0,3326.0,3326.0,3326.0,3327.0,3327.0,3328.0,3328.0,3329.0,3329.0,3329.0,3329.0,3329.0,3330.0,3330.0,3330.0,3330.0,3330.0,3330.0,3330.0,3330.0,3331.0,3331.0,3334.0,3334.0,3334.0,3335.0,3335.0,3335.0,3336.0,3336.0,3336.0,3336.0,3338.0,3338.0,3340.0,3341.0,3341.0,3341.0,3342.0,3342.0,3342.0,3342.0,3342.0,3342.0,3342.0,3342.0,3342.0,3343.0,3343.0,3344.0,3344.0,3345.0,3345.0,3345.0,3347.0,3347.0,3347.0,3347.0,3347.0,3347.0,3348.0,3349.0,3351.0,3351.0,3351.0,3351.0,3351.0,3351.0,3351.0,3351.0,3351.0,3351.0,3351.0,3351.0,3352.0,3352.0,3353.0,3355.0,3356.0,3356.0,3356.0,3356.0,3357.0,3357.0,3357.0,3357.0,3357.0,3357.0,3357.0,3357.0,3357.0,3357.0,3357.0,3357.0,3357.0,3357.0,3357.0,3357.0,3357.0,3357.0,3357.0,3357.0,3357.0,3357.0,3357.0,3359.0,3359.0,3359.0,3359.0,3359.0,3359.0,3360.0,3360.0,3360.0,3360.0,3361.0,3361.0,3361.0,3361.0,3361.0,3361.0,3361.0,3362.0,3362.0,,,,,,,,,3364.0,3364.0,3364.0,3364.0,3365.0,3366.0,3366.0,3366.0,3367.0,3368.0,3368.0,3368.0,3368.0,3369.0,3370.0,3370.0,3370.0,3372.0,3372.0,3373.0,3374.0,3374.0,3375.0,3376.0,3376.0,3376.0,3376.0,3376.0,3376.0,3377.0,3378.0,3378.0,3378.0,3378.0,3378.0,3378.0,3379.0,3379.0,3379.0,3380.0,3380.0,3379.0,3380.0,3381.0,3381.0,3381.0,3381.0,3381.0,3381.0,3381.0,3382.0,3382.0,3382.0,3382.0,3382.0,3382.0,3382.0,3382.0,3382.0,3383.0,3383.0,3383.0,3384.0,3386.0,3386.0,3387.0,3387.0,3387.0,3389.0,3390.0,3390.0,3390.0,3391.0,3392.0,3392.0,3393.0,3393.0,3393.0,3393.0,3393.0,3394.0,3395.0,3395.0,3395.0,3395.0,3395.0,3402.0,3402.0,3402.0,3398.0,3398.0,3398.0,3398.0,3399.0,3400.0,3402.0,3403.0,3403.0,3404.0,3404.0,3405.0,3405.0,3408.0,3409.0,3409.0,3410.0,3410.0,3410.0,3410.0,3410.0,3410.0,3410.0,3411.0,3411.0,3411.0,3411.0,3411.0,3411.0,3411.0,3411.0,3411.0,,3411.0,3411.0,3411.0,3411.0,3412.0,3412.0,3413.0,3413.0,3414.0,3414.0,3414.0,3415.0,3416.0,3416.0,3417.0,3417.0,3417.0,3417.0,3419.0,3419.0,3419.0,3420.0,3420.0,3421.0,3421.0,3421.0,3421.0,3421.0,3421.0,3421.0,3421.0,3421.0,3421.0,3421.0,3421.0,3421.0,3421.0,3422.0,3422.0,3422.0,3422.0,3422.0,3422.0,3422.0,3422.0,3422.0,3422.0,3422.0,3422.0,3422.0,3422.0,3422.0,3423.0,3423.0,3423.0,3423.0,3423.0,3423.0,3425.0,3428.0,3428.0,3428.0,3428.0,3428.0,3428.0,3428.0,3428.0,3429.0,3429.0,3429.0,3429.0,3429.0,3429.0,3429.0,3429.0,3429.0,3429.0,3429.0,3429.0,3431.0,3431.0,3431.0,3431.0,3431.0,3431.0,3431.0,3431.0,3431.0,3431.0,3431.0,3431.0,3432.0,3433.0,3434.0,3434.0,3435.0,3435.0,3435.0,3435.0,3435.0,3435.0,3436.0,3436.0,3436.0,3436.0,3436.0,3436.0,3436.0,3436.0,3436.0,3436.0,3436.0,3436.0,3436
EfGu-uJWXUc,4086.0,4089.0,4091.0,4093.0,4096.0,4096.0,4097.0,4100.0,4101.0,4102.0,4105.0,4106.0,4107.0,4108.0,4109.0,4110.0,4111.0,4111.0,4111.0,4111.0,4112.0,4114.0,4114.0,4116.0,4116.0,4117.0,4118.0,4118.0,4119.0,4120.0,4120.0,4121.0,4124.0,4126.0,4131.0,4132.0,4135.0,4136.0,4137.0,4138.0,4141.0,4144.0,4149.0,4149.0,4150.0,4152.0,4154.0,4154.0,4154.0,4156.0,4158.0,4160.0,4163.0,4163.0,4168.0,4175.0,4175.0,4175.0,4175.0,4178.0,4179.0,4182.0,4184.0,4185.0,4187.0,4188.0,4191.0,4191.0,4192.0,4195.0,4195.0,4197.0,4199.0,4200.0,4201.0,4201.0,4205.0,4207.0,4207.0,4208.0,4208.0,4212.0,4214.0,4215.0,4218.0,4220.0,4220.0,4220.0,4220.0,4221.0,4223.0,4224.0,4225.0,4225.0,4228.0,4228.0,4228.0,4229.0,4231.0,4232.0,4235.0,4236.0,4237.0,4238.0,4240.0,4241.0,4242.0,4244.0,4245.0,4245.0,4245.0,4246.0,4247.0,4249.0,4251.0,4255.0,4257.0,4258.0,4261.0,4262.0,4265.0,4267.0,4267.0,4268.0,4271.0,4273.0,4274.0,4275.0,4278.0,4286.0,4287.0,4290.0,4290.0,4292.0,,,,,,,,,4348.0,4351.0,4354.0,4359.0,4386.0,4409.0,4430.0,4443.0,4476.0,4513.0,4537.0,4570.0,4603.0,4625.0,4656.0,4683.0,4725.0,4751.0,4788.0,4822.0,4824.0,4824.0,4826.0,4829.0,4829.0,4836.0,4839.0,4845.0,4848.0,4863.0,4868.0,4870.0,4873.0,4879.0,4880.0,4880.0,4881.0,4882.0,4884.0,4889.0,4891.0,4895.0,4895.0,4898.0,4898.0,4898.0,4901.0,4903.0,4906.0,4908.0,4914.0,4915.0,4918.0,4918.0,4918.0,4920.0,4922.0,4927.0,4930.0,4935.0,4937.0,4939.0,4941.0,4943.0,4944.0,4950.0,4954.0,4957.0,4957.0,4958.0,4961.0,4961.0,4962.0,4965.0,4968.0,4972.0,4975.0,4978.0,4978.0,4984.0,4988.0,4989.0,4991.0,4994.0,4997.0,5003.0,5004.0,5013.0,5017.0,5022.0,5026.0,5027.0,5030.0,5033.0,5036.0,5042.0,5045.0,5048.0,5052.0,5052.0,5054.0,5057.0,5060.0,5064.0,5065.0,5067.0,5069.0,5070.0,5074.0,5078.0,5080.0,5084.0,5086.0,5092.0,5097.0,5101.0,5103.0,5107.0,5109.0,5113.0,5115.0,,5124.0,5132.0,5140.0,5148.0,5150.0,5155.0,5157.0,5161.0,5166.0,5173.0,5179.0,5184.0,5186.0,5190.0,5191.0,5198.0,5203.0,5207.0,5208.0,5208.0,5211.0,5216.0,5223.0,5227.0,5234.0,5242.0,5245.0,5251.0,5258.0,5259.0,5262.0,5268.0,5273.0,5279.0,5281.0,5285.0,5287.0,5295.0,5302.0,5304.0,5310.0,5312.0,5324.0,5332.0,5340.0,5346.0,5356.0,5368.0,5379.0,5398.0,5424.0,5434.0,5441.0,5453.0,5462.0,5468.0,5483.0,5498.0,5515.0,5528.0,5551.0,5575.0,5594.0,5616.0,5645.0,5672.0,5708.0,5743.0,5768.0,5813.0,5834.0,5863.0,5888.0,5915.0,5935.0,5954.0,5971.0,5986.0,6000.0,6014.0,6040.0,6057.0,6070.0,6087.0,6098.0,6108.0,6116.0,6139.0,6162.0,6173.0,6184.0,6213.0,6245.0,6269.0,6290.0,6306.0,6338.0,6355.0,6369.0,6395.0,6430.0,6458.0,6477.0,6497.0,6520.0,6537.0,6565.0,6583.0,6604.0,6634.0,6650.0,6671.0,6691.0,6729
EegnFGoHQN8,8983.0,9001.0,9026.0,9049.0,9076.0,9104.0,9121.0,9155.0,9189.0,9213.0,9230.0,9248.0,9265.0,9286.0,9311.0,9333.0,9368.0,9389.0,9428.0,9460.0,9485.0,9507.0,9523.0,9542.0,9561.0,9574.0,9591.0,9603.0,9617.0,9632.0,9655.0,9682.0,9706.0,9722.0,9739.0,9753.0,9776.0,9800.0,9820.0,9847.0,9857.0,9886.0,9910.0,9940.0,9962.0,9989.0,10008.0,10019.0,10040.0,10061.0,10103.0,10125.0,10144.0,10162.0,10190.0,10228.0,10269.0,10301.0,10343.0,10359.0,10397.0,10431.0,10460.0,10492.0,10533.0,10564.0,10590.0,10608.0,10626.0,10666.0,10695.0,10728.0,10769.0,10790.0,10836.0,10883.0,10922.0,10942.0,10963.0,10991.0,11012.0,11044.0,11073.0,11097.0,11125.0,11156.0,11179.0,11210.0,11231.0,11252.0,11271.0,11299.0,11336.0,11354.0,11364.0,11376.0,11396.0,11424.0,11440.0,11458.0,11475.0,11492.0,11505.0,11526.0,11548.0,11565.0,11583.0,11608.0,11631.0,11645.0,11667.0,11690.0,11706.0,11728.0,11751.0,11776.0,11794.0,11817.0,11854.0,11893.0,11940.0,11973.0,12002.0,12026.0,12049.0,12066.0,12083.0,12103.0,12127.0,12149.0,12167.0,12183.0,12208.0,12214.0,,,,,,,,,12573.0,12610.0,12650.0,12696.0,12713.0,12765.0,12800.0,12832.0,12890.0,12987.0,13030.0,13064.0,13099.0,13135.0,13153.0,13178.0,13196.0,13206.0,13241.0,13293.0,13334.0,13366.0,13395.0,13414.0,13437.0,13462.0,13488.0,13509.0,13543.0,13582.0,13603.0,13631.0,13654.0,13697.0,13725.0,13757.0,13782.0,13805.0,13823.0,13846.0,13859.0,13877.0,13895.0,13912.0,13936.0,13963.0,13984.0,14008.0,14027.0,14043.0,14063.0,14074.0,14087.0,14112.0,14134.0,14147.0,14158.0,14172.0,14189.0,14204.0,14220.0,14237.0,14250.0,14274.0,14283.0,14292.0,14305.0,14326.0,14356.0,14380.0,14393.0,14404.0,14427.0,14433.0,14442.0,14461.0,14479.0,14503.0,14513.0,14530.0,14546.0,14563.0,14578.0,14598.0,14618.0,14641.0,14658.0,14679.0,14702.0,14719.0,14729.0,14748.0,14759.0,14772.0,14790.0,14800.0,14809.0,14823.0,14837.0,14853.0,14871.0,14885.0,14899.0,14909.0,14918.0,14927.0,14932.0,14947.0,14963.0,14980.0,14985.0,14997.0,15013.0,15032.0,15044.0,15055.0,15067.0,15077.0,15084.0,15103.0,15114.0,,15133.0,15141.0,15147.0,15159.0,15171.0,15179.0,15187.0,15193.0,15198.0,15210.0,15223.0,15242.0,15246.0,15251.0,15260.0,15268.0,15277.0,15282.0,15295.0,15300.0,15303.0,15314.0,15321.0,15327.0,15341.0,15346.0,15357.0,15362.0,15368.0,15377.0,15384.0,15392.0,15395.0,15403.0,15407.0,15409.0,15412.0,15417.0,15426.0,15436.0,15446.0,15450.0,15459.0,15470.0,15477.0,15484.0,15499.0,15509.0,15517.0,15533.0,15556.0,15573.0,15588.0,15599.0,15607.0,15615.0,15625.0,15635.0,15641.0,15671.0,15698.0,15709.0,15719.0,15725.0,15735.0,15791.0,15883.0,15900.0,15915.0,15938.0,15962.0,15977.0,15999.0,16021.0,16043.0,16082.0,16113.0,16152.0,16194.0,16214.0,16231.0,16249.0,16256.0,16266.0,16273.0,16286.0,16295.0,16303.0,16308.0,16314.0,16321.0,16335.0,16349.0,16360.0,16383.0,16399.0,16407.0,16414.0,16426.0,16442.0,16460.0,16477.0,16489.0,16500.0,16518.0,16545.0,16568.0,16592.0,16604.0,16623.0,16638.0,16653.0,16670.0,16688
z77XaI8vTF8,3738.0,3739.0,3739.0,3742.0,3743.0,3745.0,3755.0,3764.0,3769.0,3769.0,3770.0,3772.0,3775.0,3778.0,3779.0,3780.0,3780.0,3780.0,3780.0,3780.0,3781.0,3782.0,3785.0,3785.0,3788.0,3789.0,3789.0,3790.0,3791.0,3792.0,3792.0,3793.0,3793.0,3795.0,3798.0,3798.0,3802.0,3802.0,3802.0,3802.0,3802.0,3803.0,3803.0,3805.0,3807.0,3807.0,3807.0,3808.0,3810.0,3811.0,3815.0,3818.0,3822.0,3823.0,3823.0,3825.0,3825.0,3826.0,3826.0,3827.0,3827.0,3829.0,3831.0,3832.0,3832.0,3832.0,3834.0,3835.0,3835.0,3837.0,3837.0,3840.0,3844.0,3844.0,3844.0,3844.0,3845.0,3846.0,3848.0,3848.0,3848.0,3850.0,3853.0,3854.0,3855.0,3856.0,3857.0,3857.0,3857.0,3859.0,3860.0,3862.0,3864.0,3865.0,3868.0,3868.0,3868.0,3869.0,3874.0,3874.0,3875.0,3875.0,3875.0,3875.0,3875.0,3875.0,3879.0,3880.0,3881.0,3883.0,3883.0,3886.0,3887.0,3887.0,3888.0,3894.0,3897.0,3900.0,3905.0,3909.0,3911.0,3916.0,3921.0,3922.0,3926.0,3931.0,3932.0,3933.0,3936.0,3938.0,3939.0,3940.0,3940.0,3940.0,,,,,,,,,3974.0,3975.0,3980.0,3983.0,3984.0,3986.0,3988.0,3991.0,3992.0,3994.0,3996.0,3996.0,3996.0,3996.0,3996.0,3997.0,3998.0,3999.0,4000.0,4001.0,4002.0,4002.0,4004.0,4005.0,4006.0,4006.0,4006.0,4007.0,4010.0,4015.0,4020.0,4022.0,4024.0,4028.0,4029.0,4029.0,4031.0,4032.0,4035.0,4040.0,4041.0,4042.0,4044.0,4046.0,4048.0,4048.0,4049.0,4052.0,4053.0,4053.0,4056.0,4056.0,4056.0,4059.0,4059.0,4059.0,4060.0,4060.0,4060.0,4061.0,4063.0,4063.0,4063.0,4063.0,4065.0,4067.0,4068.0,4068.0,4068.0,4069.0,4069.0,4070.0,4072.0,4073.0,4075.0,4075.0,4078.0,4079.0,4081.0,4083.0,4085.0,4087.0,4089.0,4089.0,4089.0,4091.0,4091.0,4092.0,4093.0,4093.0,4093.0,4094.0,4094.0,4094.0,4095.0,4095.0,4097.0,4097.0,4099.0,4101.0,4105.0,4105.0,4106.0,4107.0,4107.0,4108.0,4108.0,4108.0,4108.0,4108.0,4108.0,4109.0,4112.0,4115.0,4115.0,4115.0,4115.0,4115.0,4115.0,4116.0,4116.0,,4117.0,4119.0,4120.0,4122.0,4122.0,4123.0,4124.0,4125.0,4125.0,4126.0,4126.0,4130.0,4131.0,4134.0,4134.0,4136.0,4138.0,4139.0,4139.0,4139.0,4139.0,4139.0,4140.0,4140.0,4143.0,4145.0,4145.0,4146.0,4146.0,4147.0,4147.0,4149.0,4149.0,4150.0,4150.0,4151.0,4151.0,4154.0,4154.0,4155.0,4157.0,4158.0,4161.0,4161.0,4161.0,4163.0,4163.0,4163.0,4163.0,4164.0,4166.0,4169.0,4173.0,4177.0,4185.0,4186.0,4190.0,4191.0,4192.0,4194.0,4197.0,4199.0,4200.0,4204.0,4201.0,4201.0,4203.0,4204.0,4206.0,4206.0,4208.0,4209.0,4210.0,4211.0,4211.0,4213.0,4213.0,4217.0,4218.0,4220.0,4230.0,4233.0,4234.0,4239.0,4240.0,4241.0,4242.0,4242.0,4243.0,4244.0,4244.0,4245.0,4247.0,4248.0,4251.0,4252.0,4254.0,4256.0,4259.0,4263.0,4263.0,4264.0,4266.0,4268.0,4273.0,4276.0,4276.0,4280.0,4281.0,4284.0,4290.0,4293.0,4297.0,4300
2EMgY5E5Ook,313501.0,314034.0,314571.0,315183.0,315714.0,316276.0,316878.0,317476.0,318069.0,318659.0,319179.0,319776.0,320412.0,320968.0,321624.0,322350.0,322954.0,323463.0,324059.0,324753.0,325511.0,326127.0,326759.0,327440.0,327957.0,328587.0,329189.0,329668.0,330256.0,330859.0,331571.0,332200.0,332887.0,333458.0,334219.0,334833.0,335602.0,336347.0,337124.0,337837.0,338707.0,339455.0,340052.0,340877.0,341559.0,342345.0,343068.0,343746.0,344425.0,345009.0,345567.0,346041.0,346434.0,346900.0,347428.0,347955.0,348363.0,348889.0,349276.0,349780.0,350281.0,350862.0,351334.0,351936.0,352481.0,352936.0,353471.0,353997.0,354559.0,355316.0,355979.0,356571.0,357050.0,357683.0,358277.0,358968.0,359681.0,360423.0,361148.0,361784.0,362441.0,363165.0,363837.0,364482.0,365042.0,365734.0,366361.0,366964.0,367579.0,368224.0,368830.0,369462.0,370124.0,370843.0,371615.0,372265.0,372853.0,373391.0,374135.0,374880.0,375625.0,376468.0,377285.0,377895.0,378604.0,379208.0,379904.0,380515.0,381165.0,381970.0,382748.0,383556.0,384333.0,385203.0,385862.0,386670.0,387398.0,387903.0,388568.0,389212.0,389854.0,390403.0,391140.0,391783.0,392622.0,393522.0,394339.0,395194.0,396214.0,397197.0,398165.0,399136.0,400077.0,400946.0,,,,,,,,,409923.0,411094.0,412300.0,413572.0,414980.0,417030.0,418971.0,420948.0,422563.0,423867.0,425143.0,426816.0,428550.0,430555.0,432365.0,433884.0,435137.0,436404.0,437710.0,438982.0,440173.0,441328.0,442452.0,443698.0,444886.0,446026.0,447182.0,448538.0,449769.0,451101.0,452674.0,454148.0,455495.0,456676.0,458134.0,459390.0,460695.0,462107.0,463399.0,464861.0,466059.0,467574.0,468941.0,470345.0,471880.0,473404.0,474939.0,476307.0,477828.0,479132.0,480544.0,481948.0,483342.0,484718.0,485954.0,487293.0,488670.0,490058.0,491396.0,492756.0,493940.0,495074.0,496248.0,497534.0,498668.0,499674.0,500824.0,501974.0,503075.0,503997.0,505286.0,506504.0,507667.0,508757.0,510019.0,511060.0,512136.0,513340.0,514383.0,515245.0,516584.0,517694.0,518958.0,520201.0,521329.0,522435.0,523608.0,524818.0,525828.0,526939.0,528078.0,529323.0,530338.0,531388.0,532493.0,533458.0,534442.0,535477.0,536468.0,537456.0,538497.0,539551.0,540713.0,541631.0,542790.0,543746.0,544552.0,545481.0,546503.0,547575.0,548509.0,549306.0,550074.0,550903.0,551605.0,552260.0,553022.0,553875.0,554803.0,555617.0,556695.0,,558813.0,559870.0,560675.0,561636.0,562678.0,563600.0,564622.0,565693.0,566827.0,568018.0,569154.0,570339.0,571330.0,572467.0,573474.0,574416.0,575452.0,576300.0,577538.0,578569.0,579736.0,580732.0,581975.0,583057.0,584140.0,585194.0,586277.0,587490.0,588664.0,589870.0,591369.0,592673.0,594153.0,595445.0,596828.0,598509.0,600046.0,601790.0,603219.0,604473.0,605586.0,606712.0,608169.0,609616.0,611077.0,612915.0,614510.0,615835.0,617175.0,618399.0,619607.0,620702.0,621826.0,622857.0,623794.0,625035.0,626388.0,627945.0,629213.0,630877.0,632200.0,633913.0,635410.0,636852.0,638217.0,639605.0,640865.0,642223.0,643540.0,645044.0,646238.0,647247.0,648350.0,649721.0,650807.0,651821.0,652936.0,654135.0,655313.0,656472.0,657788.0,659103.0,660282.0,661725.0,663114.0,664535.0,666009.0,667512.0,669059.0,670396.0,671786.0,673150.0,674577.0,675893.0,677249.0,678588.0,679887.0,681141.0,682419.0,683766.0,684944.0,686302.0,687426.0,689064.0,690453.0,691835.0,693041.0,694537.0,696023.0,697308.0,698700.0,700162.0,701747.0,703191
JyoltvsJ9Fw,318771.0,319209.0,319743.0,320258.0,320789.0,321357.0,321981.0,322544.0,323122.0,323799.0,324393.0,324946.0,325505.0,326097.0,326704.0,327338.0,327917.0,328423.0,328979.0,329531.0,330106.0,330651.0,331194.0,331900.0,332456.0,333020.0,333718.0,334286.0,334962.0,335657.0,336289.0,336983.0,337647.0,338350.0,339090.0,339817.0,340519.0,341200.0,341931.0,342693.0,343436.0,344081.0,344736.0,345404.0,345999.0,346534.0,347084.0,347744.0,348316.0,349041.0,349523.0,350222.0,350768.0,351316.0,351839.0,352435.0,353065.0,353630.0,354225.0,354879.0,355682.0,356453.0,357346.0,358070.0,358657.0,359237.0,359806.0,360620.0,361090.0,361983.0,362680.0,363402.0,364156.0,364789.0,365421.0,366080.0,366738.0,367476.0,368215.0,368872.0,369477.0,370138.0,370738.0,371340.0,371954.0,372428.0,373100.0,373667.0,374255.0,374822.0,375371.0,375964.0,376621.0,377296.0,377914.0,378473.0,379029.0,379636.0,380365.0,381711.0,383099.0,384517.0,385850.0,387284.0,388697.0,390252.0,392029.0,393794.0,395517.0,397335.0,399360.0,401326.0,403116.0,404951.0,406681.0,408354.0,410141.0,411882.0,413680.0,415544.0,417334.0,419008.0,420509.0,422186.0,424192.0,426268.0,428502.0,430749.0,432975.0,435271.0,437510.0,439656.0,441874.0,444020.0,,,,,,,,,463612.0,465792.0,468099.0,470215.0,472207.0,474049.0,475500.0,477062.0,478979.0,480881.0,482837.0,484649.0,486499.0,488512.0,490237.0,491940.0,493717.0,495363.0,497239.0,499193.0,501087.0,503032.0,505101.0,507137.0,509368.0,511538.0,513958.0,516542.0,519009.0,521708.0,524415.0,527182.0,529817.0,532811.0,535724.0,538824.0,541664.0,544554.0,547524.0,550487.0,553236.0,556046.0,558865.0,561586.0,564434.0,567336.0,570188.0,572885.0,575802.0,578902.0,582063.0,584937.0,587733.0,590632.0,593486.0,596178.0,598874.0,601496.0,604222.0,607045.0,609652.0,612066.0,614736.0,617296.0,619804.0,622585.0,625483.0,628360.0,631337.0,634328.0,637331.0,640681.0,643901.0,647178.0,650469.0,654060.0,657661.0,661380.0,664534.0,668288.0,671980.0,675319.0,679349.0,683207.0,686714.0,690231.0,694227.0,698137.0,702009.0,705847.0,709721.0,713469.0,716893.0,720360.0,724040.0,727671.0,731004.0,734329.0,737668.0,740779.0,744430.0,748061.0,751923.0,755669.0,759314.0,762793.0,766371.0,770287.0,773994.0,777800.0,781664.0,785501.0,789082.0,792555.0,795787.0,799065.0,802441.0,806103.0,810006.0,813781.0,817369.0,,825956.0,830213.0,834313.0,838466.0,842644.0,846963.0,851398.0,856005.0,860905.0,866019.0,870876.0,876198.0,881216.0,886435.0,891570.0,897177.0,902466.0,907588.0,912975.0,918315.0,923830.0,929155.0,934582.0,939959.0,945223.0,950292.0,955556.0,961123.0,966702.0,971977.0,977321.0,982271.0,986938.0,991316.0,996778.0,1003385.0,1009369.0,1015878.0,1022218.0,1028172.0,1034077.0,1040175.0,1045683.0,1051082.0,1056218.0,1061196.0,1065480.0,1069939.0,1074559.0,1078908.0,1083536.0,1088317.0,1093128.0,1098016.0,1102293.0,1106624.0,1111255.0,1116288.0,1120972.0,1125996.0,1130995.0,1136062.0,1141713.0,1147071.0,1152101.0,1156923.0,1161479.0,1165598.0,1169526.0,1173808.0,1177262.0,1180487.0,1183892.0,1187656.0,1191545.0,1195089.0,1198857.0,1202734.0,1207154.0,1211108.0,1215298.0,1220453.0,1224612.0,1229036.0,1233625.0,1238462.0,1243629.0,1249138.0,1254248.0,1259045.0,1263761.0,1268237.0,1272728.0,1276837.0,1281219.0,1285828.0,1289947.0,1295072.0,1299809.0,1304655.0,1309875.0,1315966.0,1321658.0,1326619.0,1331512.0,1336148.0,1340566.0,1345508.0,1350006.0,1354109.0,1358003.0,1362167.0,1366454.0,1370599
OmHl_zuoD1k,533911.0,535520.0,537243.0,538931.0,541227.0,543277.0,545525.0,547636.0,550247.0,552369.0,554469.0,556825.0,559118.0,561540.0,564187.0,566866.0,569112.0,571431.0,573688.0,575809.0,578226.0,580712.0,582953.0,584938.0,586705.0,588750.0,591280.0,593433.0,595592.0,597962.0,600158.0,602248.0,604439.0,606499.0,608805.0,611181.0,613763.0,616197.0,618380.0,620654.0,623006.0,625290.0,627640.0,630209.0,632449.0,634596.0,636774.0,638903.0,641120.0,643576.0,646109.0,649289.0,651958.0,654726.0,657200.0,659283.0,661537.0,664040.0,666848.0,669691.0,672759.0,676324.0,680201.0,683907.0,687615.0,691173.0,694659.0,699067.0,703011.0,707753.0,712080.0,715741.0,719383.0,723101.0,727273.0,731493.0,735816.0,739609.0,743491.0,746584.0,749998.0,754005.0,757803.0,761417.0,764947.0,768365.0,771400.0,774690.0,778708.0,782882.0,786906.0,790809.0,794770.0,798138.0,801591.0,805657.0,811058.0,816764.0,821970.0,826235.0,830607.0,834403.0,838839.0,843278.0,847803.0,852479.0,857467.0,862710.0,867689.0,873040.0,878232.0,882596.0,886779.0,891094.0,895482.0,899863.0,904300.0,908626.0,913320.0,919772.0,925038.0,930782.0,935691.0,940928.0,945913.0,951357.0,956414.0,961318.0,965873.0,969960.0,974426.0,978911.0,983292.0,987588.0,,,,,,,,,1030210.0,1034778.0,1039999.0,1044547.0,1049322.0,1053942.0,1058149.0,1062162.0,1066120.0,1070273.0,1074582.0,1078377.0,1082695.0,1086128.0,1089451.0,1092890.0,1098242.0,1103513.0,1107983.0,1113417.0,1119125.0,1124488.0,1129486.0,1136139.0,1141869.0,1147877.0,1154678.0,1161796.0,1168487.0,1176221.0,1184863.0,1193505.0,1201939.0,1209816.0,1218227.0,1225843.0,1232680.0,1240914.0,1249050.0,1256721.0,1264117.0,1271468.0,1277956.0,1284076.0,1291279.0,1298464.0,1305500.0,1312253.0,1319854.0,1326574.0,1332660.0,1339641.0,1346586.0,1353614.0,1360685.0,1368349.0,1374899.0,1381626.0,1389820.0,1397577.0,1405369.0,1411351.0,1417988.0,1424468.0,1430778.0,1438309.0,1446126.0,1454302.0,1461034.0,1468471.0,1475862.0,1483403.0,1491405.0,1498931.0,1506610.0,1513861.0,1521983.0,1529819.0,1536719.0,1545357.0,1553854.0,1562112.0,1571616.0,1579884.0,1587030.0,1593669.0,1601857.0,1610201.0,1618072.0,1626318.0,1635211.0,1642087.0,1648558.0,1656205.0,1663560.0,1671722.0,1679173.0,1686346.0,1693880.0,1700103.0,1708048.0,1715673.0,1723819.0,1731038.0,1738341.0,1744762.0,1751791.0,1759674.0,1767672.0,1776061.0,1784409.0,1794133.0,1801758.0,1808465.0,1815199.0,1822838.0,1830879.0,1839650.0,1849389.0,1858109.0,1864939.0,,1879657.0,1887508.0,1895517.0,1903099.0,1910110.0,1916752.0,1923069.0,1931037.0,1938979.0,1946864.0,1954922.0,1964215.0,1971233.0,1978953.0,1987425.0,1996047.0,2005297.0,2014820.0,2022324.0,2029268.0,2037083.0,2045147.0,2052783.0,2060125.0,2067603.0,2074986.0,2081600.0,2088700.0,2095448.0,2101805.0,2108316.0,2115002.0,2121155.0,2126787.0,2133357.0,2140515.0,2147118.0,2154547.0,2164747.0,2173590.0,2182010.0,2190479.0,2198993.0,2208089.0,2217617.0,2227884.0,2241382.0,2255726.0,2269371.0,2283024.0,2295778.0,2307318.0,2321077.0,2336252.0,2348874.0,2362597.0,2374983.0,2386320.0,2400115.0,2414107.0,2427744.0,2440390.0,2454504.0,2470571.0,2486087.0,2501615.0,2515380.0,2527429.0,2537233.0,2548381.0,2559596.0,2571784.0,2584520.0,2600110.0,2614904.0,2628819.0,2645426.0,2662396.0,2678625.0,2692924.0,2707167.0,2721192.0,2735041.0,2754773.0,2779500.0,2799564.0,2816538.0,2836503.0,2853626.0,2869613.0,2884724.0,2902009.0,2918592.0,2934394.0,2949390.0,2963431.0,2974224.0,2986329.0,2998273.0,3008944.0,3021232.0,3034885.0,3046667.0,3057194.0,3069240.0,3083509.0,3098652.0,3111746.0,3124596.0,3137693.0,3148753.0,3159634.0,3170104.0,3180325
ss_WdwNGawM,85272.0,85387.0,85480.0,85590.0,85692.0,85788.0,85883.0,86004.0,86106.0,86196.0,86287.0,86368.0,86459.0,86574.0,86675.0,86796.0,86890.0,86983.0,87075.0,87180.0,87302.0,87393.0,87511.0,87629.0,87783.0,87925.0,88050.0,88157.0,88258.0,88391.0,88514.0,88785.0,89088.0,89330.0,89538.0,89659.0,89812.0,90004.0,90141.0,90317.0,90487.0,90653.0,90812.0,90998.0,91162.0,91336.0,91552.0,91758.0,91939.0,92094.0,92253.0,92424.0,92637.0,92864.0,93080.0,93336.0,93551.0,93774.0,94040.0,94430.0,95117.0,95788.0,96470.0,96989.0,97378.0,97692.0,98112.0,98595.0,98888.0,99294.0,99802.0,100557.0,101273.0,101808.0,102556.0,103331.0,104060.0,104821.0,105635.0,106199.0,107019.0,107728.0,108398.0,109085.0,109876.0,110836.0,111618.0,112382.0,113055.0,113769.0,114436.0,115085.0,115989.0,116855.0,117803.0,118609.0,119330.0,120032.0,120869.0,121820.0,122661.0,123576.0,124487.0,125331.0,126134.0,126965.0,127632.0,128314.0,129106.0,130081.0,130907.0,131905.0,132862.0,133884.0,134829.0,135729.0,136743.0,137703.0,138681.0,139605.0,140603.0,141598.0,142507.0,143266.0,144221.0,145130.0,146103.0,147213.0,148007.0,149031.0,149888.0,150823.0,151548.0,152386.0,,,,,,,,,163211.0,164317.0,165462.0,166853.0,168228.0,169927.0,172000.0,173736.0,175682.0,177591.0,179685.0,182450.0,184747.0,187178.0,189213.0,191434.0,193746.0,196066.0,198182.0,199480.0,200432.0,201352.0,202318.0,203355.0,204453.0,205471.0,206587.0,207846.0,208935.0,210172.0,211384.0,212674.0,213872.0,214932.0,216138.0,217374.0,218400.0,219583.0,220734.0,221939.0,223288.0,224340.0,225534.0,226841.0,228161.0,229643.0,231245.0,232752.0,234428.0,235980.0,237660.0,239259.0,240650.0,242128.0,243425.0,244575.0,245677.0,246669.0,247698.0,248749.0,249602.0,250596.0,251687.0,252798.0,253812.0,254810.0,255920.0,256996.0,258102.0,259109.0,260119.0,261124.0,262433.0,263614.0,264876.0,266189.0,267416.0,268414.0,269398.0,270549.0,271779.0,272886.0,274113.0,275452.0,276375.0,277537.0,278769.0,279977.0,281248.0,282488.0,283717.0,284616.0,285759.0,286738.0,287831.0,288789.0,289741.0,290618.0,291383.0,292253.0,293303.0,294299.0,295208.0,296232.0,297243.0,298226.0,299019.0,300022.0,300973.0,301810.0,302696.0,303400.0,304252.0,305092.0,305919.0,306694.0,307495.0,308391.0,309268.0,310078.0,310849.0,,312634.0,313648.0,314520.0,315438.0,316285.0,317202.0,318383.0,319403.0,320523.0,321830.0,323073.0,324436.0,325534.0,326635.0,327760.0,329082.0,330356.0,331591.0,332496.0,333885.0,334877.0,335895.0,337149.0,338383.0,339511.0,340619.0,341796.0,343031.0,344353.0,345791.0,347086.0,348491.0,349760.0,351015.0,352692.0,355138.0,357270.0,359552.0,361221.0,362673.0,364157.0,365509.0,366834.0,368084.0,369472.0,370602.0,371707.0,372968.0,374373.0,375575.0,376624.0,377822.0,378932.0,380182.0,381425.0,382586.0,383763.0,385071.0,386315.0,387369.0,388451.0,389529.0,390827.0,391985.0,393071.0,394001.0,394937.0,395732.0,396627.0,397503.0,398352.0,399192.0,399998.0,400722.0,401552.0,402312.0,402959.0,403681.0,404471.0,405136.0,405869.0,406625.0,407359.0,408307.0,409271.0,410282.0,411486.0,412774.0,414010.0,415030.0,416117.0,417045.0,417920.0,418793.0,419604.0,420441.0,421183.0,421998.0,422869.0,423909.0,424911.0,425957.0,426915.0,427784.0,428684.0,429574.0,430443.0,431258.0,432267.0,433087.0,433916.0,434852.0,435686.0,436662
d9HSgHGOEQg,431679.0,431831.0,431938.0,432070.0,432172.0,432285.0,432390.0,432519.0,432642.0,432778.0,432899.0,433002.0,433098.0,433234.0,433351.0,433470.0,433613.0,433712.0,433821.0,433911.0,434018.0,434146.0,434257.0,434380.0,434508.0,434618.0,434729.0,434829.0,434942.0,435046.0,435184.0,435293.0,435429.0,435553.0,435673.0,435808.0,435945.0,436088.0,436219.0,436347.0,436467.0,436581.0,436708.0,436813.0,436931.0,437060.0,437199.0,437386.0,437572.0,437707.0,437819.0,437933.0,438015.0,438110.0,438204.0,438348.0,438458.0,438569.0,438689.0,438787.0,438862.0,438994.0,439122.0,439253.0,439390.0,439538.0,439663.0,439807.0,439928.0,440095.0,440239.0,440373.0,440505.0,440639.0,440742.0,440841.0,440988.0,441105.0,441237.0,441358.0,441460.0,441567.0,441686.0,441791.0,441931.0,442020.0,442160.0,442303.0,442426.0,442521.0,442596.0,442672.0,442770.0,442913.0,443028.0,443139.0,443238.0,443365.0,443483.0,443607.0,443715.0,443813.0,443892.0,444012.0,444095.0,444210.0,444316.0,444410.0,444511.0,444598.0,444675.0,444806.0,444910.0,445048.0,445169.0,445320.0,445447.0,445585.0,445704.0,445827.0,445967.0,446114.0,446239.0,446332.0,446453.0,446572.0,446694.0,446812.0,446929.0,447021.0,447127.0,447242.0,447350.0,447447.0,,,,,,,,,448291.0,448400.0,448489.0,448588.0,448709.0,448803.0,448875.0,448980.0,449067.0,449163.0,449243.0,449342.0,449459.0,449562.0,449670.0,449760.0,449854.0,449976.0,450072.0,450160.0,450249.0,450368.0,450472.0,450597.0,450743.0,450861.0,450964.0,451095.0,451202.0,451350.0,451465.0,451587.0,451723.0,451829.0,451928.0,452052.0,452198.0,452295.0,452411.0,452523.0,452626.0,452737.0,452843.0,452949.0,453065.0,453194.0,453304.0,453399.0,453540.0,453659.0,453767.0,453845.0,453914.0,454006.0,454100.0,454188.0,454276.0,454365.0,454450.0,454559.0,454612.0,454710.0,454809.0,454882.0,454967.0,455082.0,455202.0,455287.0,455363.0,455437.0,455525.0,455588.0,455664.0,455734.0,455810.0,455913.0,456003.0,456103.0,456231.0,456338.0,456427.0,456525.0,456631.0,456731.0,456822.0,456917.0,457003.0,457099.0,457197.0,457275.0,457402.0,457510.0,457579.0,457674.0,457767.0,457887.0,457997.0,458100.0,458239.0,458315.0,458403.0,458511.0,458615.0,458704.0,458832.0,458919.0,459064.0,459140.0,459235.0,459324.0,459417.0,459523.0,459623.0,459777.0,459909.0,460019.0,460129.0,460268.0,460403.0,460580.0,460747.0,,461009.0,461155.0,461267.0,461430.0,461587.0,461753.0,461866.0,461984.0,462101.0,462239.0,462336.0,462492.0,462619.0,462735.0,462822.0,462934.0,463036.0,463156.0,463296.0,463408.0,463545.0,463661.0,463802.0,463916.0,464041.0,464182.0,464294.0,464418.0,464515.0,464604.0,464711.0,464828.0,464934.0,465038.0,465131.0,465240.0,465328.0,465421.0,465565.0,465742.0,465868.0,466010.0,466124.0,466287.0,466409.0,466538.0,466684.0,466822.0,466958.0,467110.0,467226.0,467374.0,467532.0,467643.0,467764.0,467928.0,468042.0,468157.0,468275.0,468434.0,468559.0,468680.0,468819.0,468968.0,469105.0,469244.0,469380.0,469507.0,469655.0,469809.0,469945.0,470067.0,470174.0,470304.0,470420.0,470557.0,470685.0,470803.0,470933.0,471047.0,471182.0,471299.0,471430.0,471558.0,471682.0,471823.0,471952.0,472115.0,472244.0,472408.0,472530.0,472672.0,472828.0,472946.0,473084.0,473236.0,473346.0,473466.0,473597.0,473700.0,473811.0,473986.0,474115.0,474243.0,474352.0,474452.0,474558.0,474699.0,474817.0,474921.0,475041.0,475133.0,475236.0,475329
g0sGDHiA9l8,136181.0,136219.0,136272.0,136312.0,136351.0,136402.0,136458.0,136534.0,136597.0,136644.0,136692.0,136757.0,136797.0,136837.0,136900.0,136979.0,137034.0,137068.0,137107.0,137185.0,137279.0,137360.0,137463.0,137515.0,137557.0,137600.0,137645.0,137688.0,137739.0,137787.0,137828.0,137854.0,137890.0,137935.0,137964.0,137988.0,138024.0,138057.0,138096.0,138145.0,138187.0,138228.0,138264.0,138311.0,138348.0,138370.0,138419.0,138453.0,138491.0,138531.0,138582.0,138607.0,138626.0,138663.0,138699.0,138726.0,138757.0,138782.0,138801.0,138817.0,138845.0,138870.0,138888.0,138917.0,138948.0,138961.0,138983.0,139022.0,139032.0,139058.0,139084.0,139112.0,139127.0,139150.0,139168.0,139185.0,139214.0,139241.0,139262.0,139278.0,139295.0,139311.0,139332.0,139361.0,139380.0,139404.0,139429.0,139440.0,139465.0,139485.0,139498.0,139528.0,139556.0,139591.0,139610.0,139633.0,139662.0,139685.0,139712.0,139735.0,139752.0,139776.0,139824.0,139850.0,139874.0,139905.0,139936.0,139961.0,140001.0,140026.0,140061.0,140088.0,140120.0,140148.0,140177.0,140201.0,140225.0,140254.0,140302.0,140319.0,140353.0,140381.0,140405.0,140427.0,140448.0,140478.0,140504.0,140529.0,140556.0,140593.0,140626.0,140641.0,140667.0,140694.0,,,,,,,,,141073.0,141132.0,141162.0,141213.0,141246.0,141284.0,141328.0,141370.0,141436.0,141482.0,141532.0,141591.0,141660.0,141743.0,141806.0,141868.0,141917.0,141967.0,142013.0,142046.0,142088.0,142118.0,142160.0,142198.0,142230.0,142275.0,142325.0,142359.0,142389.0,142422.0,142456.0,142494.0,142528.0,142570.0,142603.0,142643.0,142666.0,142711.0,142745.0,142779.0,142830.0,142876.0,142906.0,142960.0,143012.0,143062.0,143104.0,143160.0,143218.0,143260.0,143299.0,143354.0,143409.0,143486.0,143538.0,143596.0,143661.0,143704.0,143768.0,143817.0,143879.0,143931.0,143987.0,144032.0,144082.0,144141.0,144210.0,144255.0,144297.0,144352.0,144395.0,144429.0,144487.0,144548.0,144613.0,144657.0,144697.0,144743.0,144773.0,144828.0,144887.0,144932.0,144996.0,145058.0,145137.0,145196.0,145274.0,145348.0,145426.0,145514.0,145587.0,145676.0,145763.0,145821.0,145870.0,145936.0,146010.0,146079.0,146135.0,146176.0,146244.0,146305.0,146351.0,146388.0,146461.0,146519.0,146571.0,146656.0,146725.0,146775.0,146835.0,146895.0,146939.0,146998.0,147035.0,147074.0,147130.0,147155.0,147204.0,147242.0,147279.0,,147364.0,147410.0,147458.0,147500.0,147527.0,147573.0,147589.0,147613.0,147653.0,147693.0,147742.0,147784.0,147817.0,147840.0,147880.0,147917.0,147962.0,147992.0,148024.0,148060.0,148087.0,148136.0,148193.0,148235.0,148283.0,148313.0,148349.0,148373.0,148404.0,148446.0,148471.0,148500.0,148522.0,148542.0,148575.0,148607.0,148636.0,148677.0,148702.0,148733.0,148756.0,148796.0,148847.0,148888.0,148915.0,148952.0,148997.0,149023.0,149081.0,149146.0,149218.0,149260.0,149283.0,149329.0,149344.0,149376.0,149405.0,149437.0,149479.0,149509.0,149531.0,149555.0,149583.0,149621.0,149660.0,149705.0,149774.0,149824.0,149852.0,149900.0,149940.0,150004.0,150050.0,150119.0,150178.0,150220.0,150298.0,150362.0,150436.0,150488.0,150545.0,150589.0,150637.0,150679.0,150718.0,150757.0,150818.0,150856.0,150894.0,150918.0,150958.0,150990.0,151045.0,151088.0,151125.0,151152.0,151186.0,151219.0,151252.0,151275.0,151302.0,151340.0,151375.0,151403.0,151427.0,151454.0,151483.0,151534.0,151581.0,151616.0,151650.0,151695.0,151745.0,151782
jXHNuRnbmS0,47314.0,47317.0,47330.0,47332.0,47338.0,47349.0,47351.0,47358.0,47370.0,47373.0,47374.0,47383.0,47388.0,47394.0,47403.0,47412.0,47416.0,47418.0,47422.0,47427.0,47431.0,47436.0,47442.0,47454.0,47455.0,47462.0,47465.0,47475.0,47480.0,47486.0,47491.0,47492.0,47494.0,47495.0,47499.0,47506.0,47509.0,47517.0,47518.0,47521.0,47526.0,47528.0,47534.0,47539.0,47544.0,47546.0,47553.0,47552.0,47558.0,47563.0,47564.0,47567.0,47572.0,47576.0,47578.0,47582.0,47584.0,47587.0,47589.0,47591.0,47593.0,47596.0,47609.0,47613.0,47617.0,47624.0,47626.0,47629.0,47631.0,47643.0,47648.0,47648.0,47649.0,47657.0,47658.0,47659.0,47659.0,47662.0,47663.0,47666.0,47671.0,47674.0,47675.0,47675.0,47678.0,47685.0,47685.0,47687.0,47692.0,47693.0,47696.0,47701.0,47705.0,47709.0,47711.0,47712.0,47716.0,47720.0,47723.0,47727.0,47728.0,47732.0,47732.0,47734.0,47737.0,47741.0,47743.0,47746.0,47749.0,47752.0,47753.0,47758.0,47767.0,47769.0,47775.0,47777.0,47777.0,47782.0,47786.0,47789.0,47789.0,47791.0,47794.0,47798.0,47801.0,47804.0,47810.0,47812.0,47815.0,47818.0,47827.0,47830.0,47835.0,47838.0,,,,,,,,,47856.0,47859.0,47865.0,47867.0,47868.0,47871.0,47875.0,47877.0,47883.0,47886.0,47891.0,47895.0,47896.0,47899.0,47905.0,47910.0,47916.0,47922.0,47924.0,47928.0,47936.0,47939.0,47941.0,47944.0,47946.0,47946.0,47949.0,47951.0,47953.0,47959.0,47961.0,47962.0,47964.0,47966.0,47967.0,47974.0,47977.0,47978.0,47984.0,47988.0,47989.0,47992.0,47993.0,47996.0,47999.0,48000.0,48003.0,48010.0,48016.0,48019.0,48023.0,48025.0,48026.0,48028.0,48030.0,48031.0,48032.0,48037.0,48038.0,48039.0,48045.0,48047.0,48052.0,48053.0,48060.0,48064.0,48072.0,48078.0,48081.0,48081.0,48082.0,48082.0,48085.0,48089.0,48094.0,48098.0,48106.0,48107.0,48109.0,48115.0,48117.0,48119.0,48120.0,48124.0,48124.0,48126.0,48127.0,48128.0,48133.0,48136.0,48139.0,48139.0,48140.0,48140.0,48141.0,48142.0,48144.0,48146.0,48147.0,48153.0,48154.0,48156.0,48157.0,48157.0,48165.0,48170.0,48172.0,48173.0,48176.0,48180.0,48180.0,48183.0,48190.0,48194.0,48194.0,48199.0,48206.0,48212.0,48213.0,48216.0,48218.0,,48226.0,48230.0,48232.0,48238.0,48238.0,48240.0,48243.0,48245.0,48247.0,48249.0,48252.0,48252.0,48255.0,48257.0,48260.0,48266.0,48272.0,48277.0,48281.0,48285.0,48288.0,48290.0,48295.0,48299.0,48304.0,48312.0,48319.0,48321.0,48328.0,48331.0,48336.0,48338.0,48340.0,48344.0,48346.0,48348.0,48351.0,48359.0,48362.0,48364.0,48365.0,48367.0,48371.0,48379.0,48385.0,48389.0,48397.0,48405.0,48409.0,48414.0,48423.0,48432.0,48438.0,48444.0,48450.0,48456.0,48461.0,48466.0,48470.0,48470.0,48475.0,48478.0,48486.0,48492.0,48502.0,48513.0,48522.0,48533.0,48540.0,48547.0,48556.0,48567.0,48580.0,48590.0,48600.0,48608.0,48617.0,48630.0,48636.0,48653.0,48665.0,48671.0,48680.0,48684.0,48689.0,48696.0,48698.0,48701.0,48706.0,48708.0,48713.0,48723.0,48731.0,48733.0,48743.0,48760.0,48766.0,48777.0,48784.0,48788.0,48795.0,48800.0,48808.0,48814.0,48821.0,48834.0,48841.0,48848.0,48854.0,48862.0,48867.0,48876.0,48880.0,48887
En85fodLvtQ,23102.0,23104.0,23107.0,23107.0,23110.0,23111.0,23113.0,23115.0,23118.0,23121.0,23122.0,23126.0,23128.0,23129.0,23130.0,23137.0,23139.0,23140.0,23143.0,23146.0,23153.0,23157.0,23158.0,23161.0,23162.0,23165.0,23170.0,23173.0,23175.0,23177.0,23180.0,23181.0,23182.0,23187.0,23189.0,23195.0,23199.0,23203.0,23203.0,23205.0,23208.0,23210.0,23212.0,23217.0,23220.0,23226.0,23227.0,23227.0,23232.0,23232.0,23240.0,23242.0,23242.0,23246.0,23248.0,23250.0,23252.0,23253.0,23258.0,23260.0,23261.0,23262.0,23264.0,23265.0,23266.0,23267.0,23269.0,23271.0,23274.0,23275.0,23277.0,23279.0,23280.0,23283.0,23287.0,23290.0,23294.0,23297.0,23299.0,23303.0,23304.0,23306.0,23306.0,23310.0,23312.0,23316.0,23317.0,23318.0,23320.0,23322.0,23325.0,23328.0,23328.0,23331.0,23332.0,23332.0,23332.0,23333.0,23334.0,23338.0,23338.0,23340.0,23341.0,23342.0,23346.0,23349.0,23353.0,23356.0,23357.0,23358.0,23359.0,23363.0,23365.0,23367.0,23369.0,23371.0,23372.0,23376.0,23378.0,23379.0,23382.0,23383.0,23387.0,23389.0,23389.0,23393.0,23394.0,23394.0,23395.0,23396.0,23398.0,23398.0,23400.0,23401.0,,,,,,,,,23418.0,23418.0,23420.0,23423.0,23425.0,23425.0,23427.0,23428.0,23429.0,23431.0,23433.0,23434.0,23434.0,23437.0,23438.0,23439.0,23440.0,23442.0,23444.0,23446.0,23448.0,23450.0,23454.0,23457.0,23460.0,23461.0,23461.0,23462.0,23463.0,23464.0,23465.0,23466.0,23466.0,23471.0,23472.0,23472.0,23475.0,23476.0,23476.0,23477.0,23477.0,23478.0,23479.0,23480.0,23481.0,23481.0,23484.0,23484.0,23485.0,23487.0,23488.0,23489.0,23490.0,23490.0,23490.0,23490.0,23492.0,23493.0,23493.0,23495.0,23496.0,23497.0,23497.0,23497.0,23498.0,23499.0,23502.0,23504.0,23504.0,23505.0,23506.0,23510.0,23511.0,23512.0,23512.0,23513.0,23518.0,23518.0,23519.0,23519.0,23519.0,23520.0,23522.0,23525.0,23526.0,23527.0,23529.0,23532.0,23534.0,23534.0,23536.0,23537.0,23539.0,23540.0,23540.0,23541.0,23542.0,23542.0,23543.0,23545.0,23547.0,23549.0,23551.0,23552.0,23554.0,23555.0,23555.0,23557.0,23558.0,23558.0,23559.0,23561.0,23562.0,23564.0,23566.0,23566.0,23566.0,23569.0,23571.0,23573.0,23573.0,,23574.0,23574.0,23575.0,23576.0,23576.0,23578.0,23578.0,23579.0,23579.0,23581.0,23583.0,23588.0,23591.0,23592.0,23593.0,23593.0,23597.0,23601.0,23603.0,23606.0,23609.0,23610.0,23610.0,23612.0,23614.0,23614.0,23614.0,23617.0,23617.0,23617.0,23619.0,23620.0,23622.0,23622.0,23622.0,23624.0,23628.0,23628.0,23630.0,23630.0,23631.0,23632.0,23633.0,23635.0,23637.0,23638.0,23638.0,23640.0,23644.0,23646.0,23647.0,23649.0,23649.0,23649.0,23649.0,23650.0,23651.0,23653.0,23655.0,23655.0,23655.0,23656.0,23657.0,23657.0,23658.0,23660.0,23660.0,23663.0,23663.0,23663.0,23663.0,23664.0,23666.0,23670.0,23672.0,23672.0,23675.0,23676.0,23677.0,23678.0,23680.0,23680.0,23681.0,23683.0,23686.0,23687.0,23690.0,23691.0,23697.0,23698.0,23702.0,23703.0,23705.0,23707.0,23710.0,23711.0,23711.0,23712.0,23713.0,23713.0,23715.0,23716.0,23719.0,23719.0,23720.0,23720.0,23721.0,23722.0,23724.0,23726.0,23731.0,23732.0,23733.0,23734
n5vNGexWt1c,154.0,154.0,154.0,154.0,154.0,154.0,154.0,154.0,154.0,154.0,154.0,154.0,155.0,155.0,155.0,155.0,155.0,155.0,155.0,155.0,155.0,155.0,155.0,155.0,155.0,155.0,155.0,155.0,155.0,155.0,155.0,155.0,155.0,156.0,156.0,156.0,156.0,156.0,156.0,156.0,156.0,156.0,156.0,156.0,156.0,156.0,156.0,156.0,156.0,156.0,156.0,156.0,156.0,156.0,156.0,156.0,156.0,156.0,156.0,156.0,156.0,156.0,156.0,157.0,157.0,157.0,157.0,157.0,157.0,157.0,157.0,157.0,157.0,157.0,157.0,157.0,157.0,157.0,157.0,157.0,157.0,157.0,157.0,157.0,157.0,157.0,157.0,157.0,157.0,157.0,157.0,157.0,157.0,157.0,157.0,157.0,157.0,157.0,157.0,157.0,157.0,157.0,157.0,157.0,157.0,157.0,157.0,157.0,157.0,157.0,157.0,157.0,157.0,157.0,158.0,158.0,159.0,159.0,159.0,159.0,159.0,159.0,159.0,159.0,159.0,159.0,159.0,159.0,159.0,159.0,159.0,159.0,159.0,159.0,,,,,,,,,159.0,159.0,159.0,159.0,159.0,159.0,159.0,159.0,159.0,159.0,159.0,159.0,159.0,159.0,159.0,159.0,159.0,159.0,159.0,159.0,159.0,159.0,159.0,159.0,159.0,159.0,159.0,159.0,160.0,160.0,160.0,160.0,160.0,160.0,160.0,160.0,160.0,160.0,160.0,160.0,160.0,160.0,160.0,160.0,160.0,160.0,160.0,160.0,160.0,160.0,160.0,160.0,160.0,160.0,160.0,160.0,160.0,160.0,160.0,160.0,160.0,160.0,160.0,160.0,160.0,160.0,160.0,160.0,160.0,160.0,160.0,160.0,160.0,160.0,160.0,160.0,160.0,161.0,161.0,161.0,161.0,161.0,161.0,161.0,161.0,161.0,161.0,161.0,161.0,161.0,161.0,161.0,161.0,161.0,161.0,161.0,161.0,161.0,161.0,161.0,161.0,161.0,161.0,161.0,161.0,161.0,161.0,161.0,161.0,162.0,162.0,162.0,162.0,162.0,162.0,162.0,162.0,162.0,162.0,162.0,162.0,,162.0,162.0,162.0,162.0,162.0,162.0,162.0,162.0,162.0,162.0,162.0,162.0,162.0,162.0,162.0,162.0,162.0,162.0,162.0,162.0,162.0,162.0,162.0,162.0,162.0,162.0,162.0,162.0,162.0,162.0,162.0,162.0,162.0,162.0,162.0,162.0,162.0,162.0,162.0,162.0,162.0,162.0,164.0,165.0,166.0,166.0,166.0,166.0,166.0,166.0,166.0,166.0,166.0,166.0,166.0,166.0,166.0,166.0,166.0,166.0,166.0,166.0,166.0,166.0,166.0,166.0,166.0,166.0,166.0,166.0,166.0,166.0,166.0,166.0,166.0,166.0,166.0,166.0,166.0,166.0,166.0,166.0,166.0,166.0,166.0,166.0,166.0,166.0,166.0,166.0,166.0,166.0,166.0,166.0,166.0,166.0,166.0,166.0,166.0,166.0,166.0,166.0,166.0,166.0,166.0,166.0,166.0,166.0,166.0,166.0,166.0,166.0,166.0,166
lf9Rtox1gQ4,236.0,236.0,236.0,236.0,236.0,236.0,236.0,237.0,237.0,237.0,237.0,237.0,237.0,238.0,238.0,238.0,238.0,239.0,240.0,240.0,240.0,240.0,240.0,240.0,240.0,240.0,240.0,240.0,240.0,240.0,240.0,240.0,240.0,240.0,240.0,240.0,240.0,240.0,240.0,240.0,240.0,240.0,240.0,240.0,241.0,241.0,241.0,241.0,241.0,241.0,241.0,241.0,243.0,243.0,243.0,243.0,243.0,243.0,243.0,243.0,243.0,243.0,243.0,244.0,244.0,244.0,244.0,244.0,244.0,244.0,244.0,244.0,244.0,244.0,244.0,244.0,244.0,244.0,244.0,244.0,244.0,245.0,247.0,247.0,247.0,247.0,247.0,247.0,248.0,248.0,249.0,249.0,249.0,250.0,250.0,251.0,251.0,251.0,251.0,251.0,254.0,254.0,255.0,255.0,258.0,258.0,258.0,258.0,258.0,259.0,259.0,259.0,259.0,259.0,259.0,259.0,260.0,260.0,260.0,260.0,260.0,260.0,260.0,260.0,260.0,260.0,260.0,260.0,260.0,260.0,260.0,260.0,260.0,260.0,,,,,,,,,261.0,261.0,261.0,261.0,261.0,261.0,261.0,261.0,261.0,261.0,261.0,261.0,261.0,261.0,261.0,262.0,262.0,262.0,262.0,262.0,262.0,262.0,262.0,262.0,262.0,262.0,262.0,262.0,262.0,262.0,262.0,262.0,262.0,262.0,262.0,262.0,262.0,262.0,262.0,262.0,262.0,262.0,262.0,262.0,262.0,262.0,262.0,262.0,262.0,262.0,262.0,262.0,263.0,263.0,263.0,263.0,263.0,264.0,264.0,264.0,264.0,264.0,264.0,264.0,264.0,264.0,264.0,264.0,265.0,265.0,265.0,265.0,265.0,265.0,265.0,265.0,265.0,267.0,267.0,267.0,267.0,267.0,267.0,267.0,267.0,267.0,267.0,267.0,267.0,267.0,267.0,267.0,267.0,267.0,267.0,267.0,267.0,267.0,267.0,267.0,267.0,267.0,267.0,267.0,267.0,267.0,267.0,267.0,267.0,268.0,268.0,268.0,268.0,268.0,268.0,270.0,270.0,270.0,270.0,270.0,270.0,,270.0,270.0,270.0,270.0,270.0,270.0,270.0,270.0,270.0,270.0,270.0,270.0,270.0,270.0,270.0,270.0,270.0,270.0,270.0,270.0,270.0,270.0,270.0,270.0,270.0,270.0,270.0,270.0,270.0,270.0,270.0,270.0,270.0,270.0,270.0,270.0,270.0,270.0,270.0,270.0,270.0,270.0,270.0,270.0,270.0,270.0,270.0,270.0,270.0,270.0,270.0,270.0,270.0,270.0,270.0,270.0,270.0,270.0,270.0,270.0,270.0,270.0,270.0,270.0,270.0,270.0,270.0,270.0,270.0,270.0,270.0,270.0,270.0,270.0,270.0,270.0,270.0,270.0,270.0,270.0,270.0,270.0,270.0,270.0,270.0,270.0,270.0,270.0,270.0,270.0,270.0,270.0,270.0,270.0,270.0,270.0,270.0,270.0,270.0,270.0,270.0,270.0,270.0,270.0,270.0,270.0,270.0,270.0,270.0,270.0,270.0,270.0,270.0,270
FanfDDjFyT8,1651371.0,1651814.0,1652565.0,1653249.0,1654233.0,1655197.0,1656005.0,1657103.0,1658295.0,1659408.0,1660417.0,1661678.0,1663261.0,1665224.0,1667261.0,1668502.0,1669879.0,1670973.0,1671869.0,1672756.0,1673297.0,1673985.0,1674586.0,1675388.0,1676272.0,1677061.0,1677821.0,1678478.0,1679266.0,1679967.0,1680720.0,1681405.0,1681937.0,1682464.0,1682920.0,1683323.0,1683672.0,1684110.0,1684520.0,1684928.0,1685353.0,1685704.0,1686064.0,1686366.0,1686764.0,1687046.0,1687349.0,1687654.0,1687932.0,1688248.0,1688501.0,1688844.0,1689128.0,1689370.0,1689634.0,1689934.0,1690212.0,1690524.0,1690761.0,1691092.0,1691366.0,1691609.0,1691940.0,1692178.0,1692413.0,1692673.0,1692937.0,1693202.0,1693412.0,1693733.0,1693975.0,1694279.0,1694561.0,1694855.0,1695075.0,1695352.0,1695578.0,1695879.0,1696142.0,1696441.0,1696755.0,1696997.0,1697254.0,1697541.0,1697867.0,1698188.0,1698565.0,1698882.0,1699106.0,1699419.0,1699736.0,1700039.0,1700399.0,1700775.0,1701122.0,1701385.0,1701673.0,1701995.0,1702300.0,1702633.0,1702981.0,1703259.0,1703515.0,1703780.0,1704057.0,1704321.0,1704611.0,1704925.0,1705216.0,1705486.0,1705758.0,1706076.0,1706329.0,1706622.0,1706972.0,1707265.0,1707500.0,1707796.0,1708074.0,1708386.0,1708654.0,1708958.0,1709223.0,1709450.0,1709831.0,1710376.0,1710827.0,1711167.0,1711581.0,1711905.0,1712189.0,1712499.0,1712714.0,1713003.0,,,,,,,,,1715821.0,1716139.0,1716384.0,1716690.0,1716934.0,1717186.0,1717478.0,1717865.0,1718302.0,1718653.0,1718953.0,1719352.0,1719730.0,1720033.0,1720401.0,1720677.0,1721067.0,1721341.0,1721721.0,1721997.0,1722224.0,1722504.0,1722750.0,1722947.0,1723218.0,1723511.0,1723858.0,1724123.0,1724468.0,1724770.0,1725038.0,1725331.0,1725682.0,1726033.0,1726634.0,1727113.0,1727492.0,1727819.0,1728201.0,1728621.0,1728890.0,1729193.0,1729540.0,1729851.0,1730136.0,1730472.0,1730795.0,1731102.0,1731550.0,1731969.0,1732317.0,1732631.0,1732955.0,1733319.0,1733626.0,1733878.0,1734228.0,1734491.0,1734797.0,1735029.0,1735327.0,1735632.0,1735899.0,1736157.0,1736467.0,1736757.0,1737026.0,1737355.0,1737704.0,1737960.0,1738292.0,1738599.0,1738869.0,1739174.0,1739503.0,1739773.0,1740068.0,1740351.0,1740644.0,1740913.0,1741237.0,1741487.0,1741719.0,1742078.0,1742336.0,1742633.0,1742874.0,1743171.0,1743391.0,1743589.0,1743907.0,1744186.0,1744370.0,1744622.0,1744877.0,1745150.0,1745427.0,1745791.0,1746079.0,1746365.0,1746610.0,1746877.0,1747135.0,1747404.0,1747660.0,1747887.0,1748173.0,1748403.0,1748649.0,1748876.0,1749135.0,1749380.0,1749662.0,1750002.0,1750226.0,1750447.0,1750721.0,1750966.0,1751256.0,1751518.0,1751756.0,,1752212.0,1752492.0,1752690.0,1752945.0,1753185.0,1753440.0,1753673.0,1753883.0,1754100.0,1754305.0,1754587.0,1754878.0,1755434.0,1755635.0,1755898.0,1756139.0,1756415.0,1756735.0,1757028.0,1757334.0,1757648.0,1757874.0,1758175.0,1758508.0,1758850.0,1759151.0,1759406.0,1759698.0,1760039.0,1760345.0,1760726.0,1761036.0,1761348.0,1761552.0,1761854.0,1762160.0,1762461.0,1762768.0,1763051.0,1763341.0,1763625.0,1763868.0,1764057.0,1764363.0,1764643.0,1764922.0,1765208.0,1765440.0,1765707.0,1765943.0,1766195.0,1766439.0,1766720.0,1766970.0,1767201.0,1767426.0,1767744.0,1767998.0,1768290.0,1768531.0,1768734.0,1768970.0,1769218.0,1769404.0,1769667.0,1769911.0,1770158.0,1770358.0,1770566.0,1770749.0,1770914.0,1771128.0,1771300.0,1771512.0,1771761.0,1771958.0,1772140.0,1772366.0,1772580.0,1773096.0,1773517.0,1773933.0,1774205.0,1774438.0,1774734.0,1775012.0,1775297.0,1775612.0,1775951.0,1776242.0,1776485.0,1776758.0,1776963.0,1777184.0,1777402.0,1777635.0,1777833.0,1778048.0,1778252.0,1778465.0,1778679.0,1778873.0,1779102.0,1779353.0,1779532.0,1779755.0,1779978.0,1780227.0,1780485.0,1780714.0,1780899.0,1781086.0,1781240.0,1781450
qtZQ8icyVdI,26198.0,26199.0,26204.0,26208.0,26210.0,26212.0,26220.0,26226.0,26234.0,26240.0,26244.0,26247.0,26257.0,26262.0,26265.0,26269.0,26273.0,26278.0,26285.0,26289.0,26290.0,26295.0,26302.0,26307.0,26309.0,26310.0,26311.0,26316.0,26321.0,26326.0,26327.0,26329.0,26334.0,26336.0,26337.0,26343.0,26347.0,26349.0,26350.0,26353.0,26358.0,26361.0,26363.0,26371.0,26379.0,26385.0,26390.0,26393.0,26396.0,26399.0,26404.0,26405.0,26409.0,26413.0,26416.0,26421.0,26425.0,26429.0,26432.0,26438.0,26445.0,26449.0,26454.0,26456.0,26458.0,26459.0,26461.0,26463.0,26466.0,26471.0,26478.0,26478.0,26482.0,26490.0,26493.0,26502.0,26504.0,26510.0,26522.0,26528.0,26531.0,26538.0,26540.0,26546.0,26548.0,26551.0,26558.0,26567.0,26568.0,26573.0,26577.0,26581.0,26590.0,26595.0,26598.0,26602.0,26611.0,26613.0,26618.0,26624.0,26631.0,26633.0,26635.0,26638.0,26639.0,26641.0,26644.0,26645.0,26648.0,26648.0,26650.0,26655.0,26659.0,26661.0,26665.0,26672.0,26675.0,26678.0,26681.0,26682.0,26688.0,26692.0,26695.0,26698.0,26702.0,26705.0,26708.0,26710.0,26712.0,26713.0,26716.0,26722.0,26728.0,26729.0,,,,,,,,,26787.0,26789.0,26794.0,26797.0,26799.0,26800.0,26804.0,26806.0,26811.0,26817.0,26817.0,26818.0,26822.0,26827.0,26831.0,26838.0,26838.0,26841.0,26842.0,26846.0,26851.0,26858.0,26862.0,26867.0,26869.0,26872.0,26872.0,26876.0,26877.0,26881.0,26882.0,26885.0,26889.0,26912.0,26965.0,26973.0,26991.0,27015.0,27031.0,27039.0,27047.0,27054.0,27058.0,27063.0,27066.0,27072.0,27077.0,27084.0,27092.0,27100.0,27103.0,27113.0,27117.0,27126.0,27134.0,27141.0,27148.0,27154.0,27162.0,27163.0,27163.0,27168.0,27170.0,27175.0,27183.0,27189.0,27194.0,27202.0,27209.0,27217.0,27225.0,27228.0,27230.0,27234.0,27243.0,27259.0,27261.0,27267.0,27277.0,27279.0,27283.0,27285.0,27289.0,27293.0,27297.0,27300.0,27307.0,27311.0,27313.0,27317.0,27321.0,27324.0,27327.0,27332.0,27336.0,27341.0,27346.0,27351.0,27358.0,27358.0,27361.0,27365.0,27370.0,27378.0,27385.0,27388.0,27390.0,27394.0,27401.0,27405.0,27408.0,27414.0,27418.0,27416.0,27419.0,27422.0,27425.0,27426.0,27432.0,27435.0,27436.0,,27444.0,27445.0,27450.0,27453.0,27456.0,27458.0,27463.0,27464.0,27470.0,27475.0,27475.0,27476.0,27482.0,27485.0,27488.0,27491.0,27497.0,27502.0,27509.0,27512.0,27514.0,27522.0,27523.0,27523.0,27525.0,27526.0,27528.0,27533.0,27535.0,27541.0,27544.0,27547.0,27552.0,27555.0,27560.0,27562.0,27563.0,27567.0,27569.0,27571.0,27573.0,27579.0,27585.0,27587.0,27590.0,27591.0,27597.0,27599.0,27602.0,27605.0,27607.0,27608.0,27609.0,27608.0,27614.0,27615.0,27620.0,27624.0,27631.0,27635.0,27635.0,27645.0,27649.0,27653.0,27658.0,27667.0,27670.0,27672.0,27675.0,27680.0,27684.0,27686.0,27694.0,27698.0,27701.0,27705.0,27710.0,27716.0,27724.0,27728.0,27731.0,27741.0,27747.0,27751.0,27750.0,27754.0,27758.0,27759.0,27765.0,27772.0,27777.0,27781.0,27788.0,27792.0,27796.0,27798.0,27802.0,27807.0,27812.0,27812.0,27818.0,27824.0,27827.0,27830.0,27832.0,27838.0,27843.0,27848.0,27849.0,27850.0,27852.0,27855.0,27855.0,27855
G3Yi0T9CKIE,631081.0,631161.0,631236.0,631332.0,631386.0,631464.0,631531.0,631624.0,631724.0,631813.0,631894.0,631966.0,632068.0,632193.0,632283.0,632364.0,632457.0,632529.0,632612.0,632703.0,632797.0,632894.0,632968.0,633064.0,633134.0,633193.0,633278.0,633355.0,633421.0,633499.0,633596.0,633672.0,633752.0,633857.0,633953.0,634036.0,634135.0,634214.0,634302.0,634378.0,634481.0,634601.0,634678.0,634802.0,634905.0,634988.0,635067.0,635160.0,635257.0,635362.0,635471.0,635563.0,635653.0,635740.0,635872.0,635987.0,636084.0,636164.0,636228.0,636281.0,636355.0,636434.0,636557.0,636660.0,636766.0,636865.0,636948.0,637023.0,637120.0,637198.0,637278.0,637364.0,637437.0,637519.0,637585.0,637645.0,637747.0,637837.0,637938.0,638041.0,638109.0,638191.0,638270.0,638347.0,638420.0,638505.0,638575.0,638630.0,638715.0,638798.0,638877.0,638957.0,639047.0,639121.0,639196.0,639283.0,639377.0,639457.0,639552.0,639620.0,639724.0,639792.0,639889.0,639958.0,640031.0,640126.0,640213.0,640283.0,640344.0,640412.0,640485.0,640548.0,640644.0,640727.0,640829.0,640897.0,640994.0,641075.0,641142.0,641229.0,641340.0,641420.0,641493.0,641561.0,641641.0,641725.0,641813.0,641894.0,641971.0,642056.0,642137.0,642208.0,642289.0,642378.0,,,,,,,,,643147.0,643248.0,643345.0,643424.0,643514.0,643617.0,643699.0,643781.0,643853.0,643952.0,644076.0,644203.0,644326.0,644409.0,644506.0,644576.0,644685.0,644765.0,644856.0,644941.0,645036.0,645110.0,645203.0,645285.0,645430.0,645541.0,645617.0,645714.0,645790.0,645884.0,645956.0,646071.0,646156.0,646236.0,646301.0,646376.0,646452.0,646522.0,646602.0,646672.0,646728.0,646802.0,646872.0,646933.0,647007.0,647069.0,647131.0,647201.0,647279.0,647342.0,647383.0,647455.0,647518.0,647574.0,647628.0,647684.0,647729.0,647785.0,647851.0,647923.0,647981.0,648025.0,648096.0,648148.0,648196.0,648260.0,648334.0,648390.0,648438.0,648483.0,648529.0,648574.0,648630.0,648703.0,648764.0,648825.0,648891.0,648934.0,648987.0,649078.0,649164.0,649227.0,649281.0,649368.0,649422.0,649470.0,649550.0,649629.0,649694.0,649743.0,649801.0,649851.0,649919.0,649971.0,650038.0,650092.0,650167.0,650229.0,650284.0,650320.0,650393.0,650475.0,650546.0,650609.0,650685.0,650747.0,650800.0,650836.0,650901.0,650963.0,651021.0,651076.0,651132.0,651186.0,651251.0,651304.0,651357.0,651414.0,651482.0,651570.0,651617.0,,651754.0,651820.0,651920.0,652021.0,652088.0,652142.0,652222.0,652274.0,652344.0,652407.0,652473.0,652553.0,652595.0,652655.0,652732.0,652813.0,652873.0,652945.0,652990.0,653027.0,653089.0,653163.0,653233.0,653296.0,653355.0,653409.0,653459.0,653507.0,653566.0,653628.0,653684.0,653738.0,653794.0,653856.0,653923.0,654002.0,654074.0,654148.0,654214.0,654276.0,654336.0,654388.0,654433.0,654499.0,654575.0,654649.0,654711.0,654758.0,654826.0,654909.0,655013.0,655084.0,655144.0,655230.0,655297.0,655373.0,655445.0,655534.0,655612.0,655708.0,655804.0,655890.0,655967.0,656060.0,656151.0,656227.0,656279.0,656339.0,656403.0,656467.0,656523.0,656589.0,656652.0,656722.0,656801.0,656878.0,656987.0,657067.0,657148.0,657211.0,657316.0,657392.0,657441.0,657527.0,657612.0,657689.0,657765.0,657840.0,657918.0,657968.0,658017.0,658086.0,658156.0,658205.0,658265.0,658331.0,658378.0,658427.0,658472.0,658543.0,658586.0,658639.0,658711.0,658782.0,658831.0,658894.0,658955.0,659025.0,659077.0,659134.0,659185.0,659237.0,659294.0,659335
GjJEjkKMQPo,1667907.0,1668680.0,1669430.0,1670235.0,1671080.0,1672172.0,1673188.0,1674123.0,1675133.0,1676044.0,1676784.0,1677590.0,1678560.0,1679424.0,1680433.0,1681381.0,1682178.0,1682703.0,1683655.0,1684514.0,1685479.0,1686458.0,1687621.0,1688500.0,1689180.0,1689934.0,1690825.0,1691640.0,1692442.0,1693186.0,1693978.0,1694580.0,1695413.0,1696332.0,1697112.0,1698035.0,1698796.0,1699762.0,1700439.0,1701350.0,1702147.0,1703057.0,1703929.0,1704827.0,1705717.0,1706380.0,1707176.0,1707989.0,1708957.0,1709924.0,1710805.0,1711714.0,1712326.0,1713174.0,1714116.0,1714990.0,1715809.0,1716680.0,1717451.0,1718247.0,1719113.0,1720223.0,1721233.0,1722350.0,1723306.0,1724116.0,1724774.0,1725641.0,1726367.0,1727420.0,1728234.0,1729114.0,1729870.0,1730694.0,1731545.0,1732495.0,1733461.0,1734447.0,1735270.0,1736205.0,1736885.0,1737821.0,1738729.0,1739746.0,1740704.0,1741695.0,1742526.0,1743271.0,1744203.0,1745097.0,1745950.0,1746866.0,1747901.0,1748653.0,1749437.0,1750197.0,1751201.0,1752086.0,1752942.0,1753849.0,1754617.0,1755316.0,1756243.0,1757161.0,1758055.0,1759037.0,1760131.0,1761045.0,1761802.0,1762785.0,1763633.0,1764642.0,1765549.0,1766291.0,1767190.0,1767856.0,1768806.0,1769883.0,1770918.0,1771854.0,1772699.0,1773347.0,1774151.0,1774819.0,1775628.0,1776368.0,1777209.0,1778094.0,1778904.0,1779606.0,1780569.0,1781450.0,1782382.0,1783303.0,,,,,,,,,1792120.0,1792918.0,1793747.0,1794810.0,1795674.0,1796580.0,1797437.0,1798134.0,1798883.0,1799577.0,1800485.0,1801011.0,1801013.0,1800984.0,1800966.0,1800967.0,1800967.0,1800967.0,1800967.0,1800967.0,1800967.0,1800967.0,1800967.0,1800967.0,1800967.0,1800967.0,1800967.0,1800967.0,1800967.0,1800967.0,1800967.0,1800967.0,1800967.0,1800967.0,1800967.0,1800967.0,1800967.0,1800967.0,1800967.0,1800967.0,1800967.0,1800967.0,1800967.0,1800967.0,1800967.0,1800967.0,1800967.0,1800967.0,1800967.0,1800967.0,1800967.0,1800967.0,1800967.0,1800967.0,1800967.0,1800967.0,1800967.0,1800967.0,1800967.0,1800967.0,1800967.0,1800967.0,1800967.0,1800967.0,1800967.0,1800967.0,1800967.0,1800967.0,1800967.0,1800967.0,1800967.0,1800967.0,1800967.0,1800967.0,1800967.0,1800967.0,1800967.0,1800967.0,1800967.0,1800967.0,1800967.0,1800967.0,1800967.0,1800967.0,1800967.0,1800967.0,1800967.0,1800967.0,1800967.0,1800967.0,1800967.0,1800967.0,1800967.0,1800967.0,1800967.0,1800967.0,1800967.0,1800967.0,1800967.0,1800967.0,1800967.0,1800967.0,1800967.0,1800967.0,1800967.0,1800967.0,1800967.0,1800967.0,1800967.0,1800967.0,1800967.0,1800967.0,1800967.0,1800967.0,1800967.0,1800967.0,1800967.0,1800967.0,1800967.0,1800967.0,1800967.0,,1800967.0,1800967.0,1800967.0,1800967.0,1800969.0,1800969.0,1800969.0,1800969.0,1800969.0,1800969.0,1800969.0,1800969.0,1800969.0,1800969.0,1800969.0,1800969.0,1800969.0,1800969.0,1800969.0,1800969.0,1800969.0,1800969.0,1800969.0,1800969.0,1800969.0,1800969.0,1800969.0,1800969.0,1800969.0,1800969.0,1800969.0,1800969.0,1800969.0,1800969.0,1800969.0,1800969.0,1800969.0,1800969.0,1800969.0,1800969.0,1800969.0,1800969.0,1800969.0,1800969.0,1800969.0,1800969.0,1800969.0,1800969.0,1800969.0,1800969.0,1800969.0,1800969.0,1800969.0,1800969.0,1800969.0,1800969.0,1800969.0,1800969.0,1800969.0,1800969.0,1800969.0,1800969.0,1800969.0,1800969.0,1800969.0,1800969.0,1800969.0,1800969.0,1800969.0,1800969.0,1800969.0,1800969.0,1800969.0,1800969.0,1800969.0,1800969.0,1800969.0,1800969.0,1800969.0,1800969.0,1800969.0,1800969.0,1800969.0,1800969.0,1800969.0,1800969.0,1800969.0,1800969.0,1800969.0,1800969.0,1800969.0,1800969.0,1800969.0,1800969.0,1800969.0,1800969.0,1800969.0,1800969.0,1800969.0,1800969.0,1800969.0,1800969.0,1800969.0,1800969.0,1800969.0,1800969.0,1800969.0,1800969.0,1800969.0,1800969.0,1800969.0,1800969.0,1800969.0,1800969
vJjK13cplQ0,252137.0,252180.0,252242.0,252313.0,252375.0,252449.0,252512.0,252589.0,252646.0,252730.0,252791.0,252858.0,252912.0,252964.0,253029.0,253094.0,253151.0,253209.0,253278.0,253332.0,253399.0,253477.0,253535.0,253588.0,253662.0,253715.0,253788.0,253857.0,253911.0,253969.0,254042.0,254108.0,254172.0,254237.0,254289.0,254387.0,254491.0,254581.0,254672.0,254760.0,254844.0,254907.0,254997.0,255074.0,255135.0,255211.0,255279.0,255354.0,255411.0,255483.0,255569.0,255647.0,255712.0,255774.0,255857.0,255937.0,255996.0,256050.0,256112.0,256191.0,256283.0,256387.0,256470.0,256559.0,256625.0,256736.0,256827.0,256917.0,256970.0,257050.0,257114.0,257175.0,257252.0,257338.0,257417.0,257469.0,257518.0,257579.0,257662.0,257724.0,257797.0,257869.0,257928.0,257997.0,258077.0,258127.0,258200.0,258259.0,258315.0,258362.0,258420.0,258480.0,258538.0,258613.0,258683.0,258747.0,258824.0,258868.0,258933.0,259003.0,259062.0,259120.0,259169.0,259205.0,259252.0,259316.0,259382.0,259456.0,259507.0,259545.0,259602.0,259659.0,259718.0,259777.0,259858.0,259927.0,260000.0,260076.0,260146.0,260230.0,260358.0,260454.0,260568.0,260638.0,260731.0,260834.0,260953.0,261046.0,261159.0,261265.0,261351.0,261459.0,261576.0,261667.0,,,,,,,,,262231.0,262291.0,262348.0,262397.0,262441.0,262493.0,262546.0,262592.0,262644.0,262689.0,262727.0,262779.0,262826.0,262882.0,262928.0,262963.0,263004.0,263055.0,263102.0,263133.0,263188.0,263227.0,263274.0,263310.0,263371.0,263418.0,263474.0,263533.0,263590.0,263631.0,263683.0,263721.0,263777.0,263826.0,263886.0,263937.0,263986.0,264028.0,264066.0,264107.0,264134.0,264185.0,264218.0,264265.0,264308.0,264374.0,264445.0,264503.0,264546.0,264585.0,264633.0,264670.0,264710.0,264754.0,264799.0,264865.0,264926.0,264972.0,265021.0,265069.0,265131.0,265193.0,265247.0,265362.0,265445.0,265521.0,265609.0,265669.0,265739.0,265774.0,265825.0,265882.0,265946.0,266022.0,266107.0,266205.0,266302.0,266397.0,266450.0,266518.0,266581.0,266657.0,266741.0,266843.0,266910.0,266983.0,267047.0,267111.0,267195.0,267246.0,267311.0,267365.0,267424.0,267483.0,267551.0,267621.0,267691.0,267768.0,267827.0,267882.0,267947.0,268003.0,268035.0,268088.0,268140.0,268220.0,268281.0,268359.0,268436.0,268514.0,268580.0,268640.0,268722.0,268769.0,268816.0,268866.0,268910.0,268958.0,269009.0,269063.0,269124.0,,269223.0,269285.0,269326.0,269383.0,269424.0,269458.0,269510.0,269560.0,269613.0,269676.0,269745.0,269795.0,269840.0,269891.0,269939.0,270013.0,270067.0,270130.0,270194.0,270250.0,270316.0,270387.0,270453.0,270512.0,270580.0,270638.0,270693.0,270757.0,270816.0,270861.0,270940.0,271028.0,271118.0,271188.0,271267.0,271362.0,271471.0,271539.0,271619.0,271688.0,271752.0,271824.0,271872.0,271930.0,271992.0,272050.0,272131.0,272217.0,272295.0,272362.0,272408.0,272461.0,272525.0,272603.0,272677.0,272759.0,272820.0,272876.0,272925.0,272983.0,273036.0,273108.0,273162.0,273228.0,273297.0,273360.0,273422.0,273480.0,273538.0,273609.0,273648.0,273711.0,273753.0,273805.0,273857.0,273919.0,273995.0,274042.0,274091.0,274143.0,274194.0,274248.0,274314.0,274374.0,274439.0,274512.0,274579.0,274629.0,274689.0,274737.0,274781.0,274817.0,274856.0,274889.0,274931.0,274952.0,274987.0,275041.0,275080.0,275122.0,275162.0,275196.0,275248.0,275292.0,275331.0,275371.0,275407.0,275443.0,275495.0,275529.0,275562.0,275626.0,275665.0,275707
jGCO8edJ1c0,215793.0,215865.0,215957.0,216027.0,216101.0,216180.0,216248.0,216315.0,216363.0,216448.0,216541.0,216604.0,216670.0,216749.0,216812.0,216895.0,216953.0,217027.0,217086.0,217131.0,217193.0,217272.0,217334.0,217401.0,217465.0,217525.0,217603.0,217668.0,217738.0,217791.0,217846.0,217912.0,217969.0,218039.0,218096.0,218167.0,218251.0,218341.0,218433.0,218519.0,218584.0,218651.0,218720.0,218791.0,218844.0,218904.0,218978.0,219040.0,219120.0,219229.0,219307.0,219381.0,219449.0,219528.0,219621.0,219698.0,219768.0,219845.0,219913.0,220023.0,220159.0,220283.0,220364.0,220429.0,220509.0,220620.0,220701.0,220786.0,220868.0,220941.0,221017.0,221086.0,221150.0,221238.0,221311.0,221373.0,221447.0,221516.0,221596.0,221688.0,221792.0,221887.0,221958.0,222017.0,222096.0,222143.0,222220.0,222292.0,222345.0,222395.0,222459.0,222525.0,222578.0,222669.0,222735.0,222798.0,222872.0,222955.0,223017.0,223092.0,223157.0,223202.0,223270.0,223331.0,223384.0,223437.0,223511.0,223574.0,223645.0,223700.0,223769.0,223849.0,223915.0,223998.0,224084.0,224164.0,224246.0,224340.0,224415.0,224519.0,224636.0,224749.0,224862.0,224948.0,225068.0,225203.0,225307.0,225416.0,225528.0,225643.0,225755.0,225866.0,225949.0,226031.0,,,,,,,,,226627.0,226678.0,226732.0,226780.0,226840.0,226886.0,226940.0,226992.0,227050.0,227098.0,227210.0,227656.0,227959.0,228081.0,228125.0,228182.0,228236.0,228296.0,228350.0,228395.0,228441.0,228483.0,228527.0,228560.0,228604.0,228642.0,228694.0,228739.0,228772.0,228802.0,228838.0,228884.0,228929.0,228976.0,229017.0,229052.0,229082.0,229119.0,229157.0,229202.0,229226.0,229288.0,229324.0,229365.0,229411.0,229457.0,229516.0,229565.0,229602.0,229646.0,229688.0,229742.0,229775.0,229807.0,229867.0,229916.0,229959.0,230017.0,230240.0,230305.0,230354.0,230409.0,230455.0,230505.0,230566.0,230630.0,230724.0,230792.0,230845.0,230888.0,230930.0,230973.0,231037.0,231122.0,231191.0,231289.0,231371.0,231467.0,231537.0,231618.0,231683.0,231732.0,231821.0,231902.0,231957.0,232030.0,232090.0,232149.0,232224.0,232276.0,232339.0,232387.0,232442.0,232501.0,232561.0,232626.0,232687.0,232739.0,232809.0,232855.0,232919.0,232970.0,233008.0,233060.0,233128.0,233206.0,233287.0,233361.0,233441.0,233530.0,233595.0,233684.0,233783.0,233834.0,233896.0,233958.0,234025.0,234088.0,234162.0,234234.0,234321.0,,234452.0,234517.0,234579.0,234644.0,234696.0,234769.0,234839.0,234901.0,234961.0,235028.0,235100.0,235182.0,235228.0,235294.0,235344.0,235415.0,235468.0,235545.0,235610.0,235666.0,235743.0,235817.0,235864.0,235937.0,236001.0,236051.0,236112.0,236203.0,236270.0,236346.0,236418.0,236512.0,236609.0,236691.0,236793.0,236882.0,236961.0,237045.0,237135.0,237207.0,237277.0,237349.0,237423.0,237479.0,237552.0,237625.0,237698.0,237792.0,237875.0,237937.0,237998.0,238067.0,238160.0,238258.0,238342.0,238426.0,238499.0,238576.0,238640.0,238687.0,238745.0,238812.0,238889.0,238955.0,239062.0,239133.0,239179.0,239248.0,239329.0,239382.0,239435.0,239492.0,239551.0,239623.0,239684.0,239747.0,239811.0,239872.0,239918.0,239963.0,240004.0,240050.0,240095.0,240140.0,240200.0,240255.0,240304.0,240360.0,240396.0,240447.0,240483.0,240523.0,240568.0,240600.0,240650.0,240689.0,240721.0,240753.0,240778.0,240819.0,240849.0,240894.0,240926.0,240977.0,241019.0,241059.0,241084.0,241107.0,241136.0,241184.0,241208.0,241249.0,241283.0,241320
DzxPmA2b_ms,2277.0,2277.0,2277.0,2277.0,2277.0,2277.0,2277.0,2277.0,2277.0,2277.0,2277.0,2277.0,2277.0,2278.0,2278.0,2278.0,2278.0,2278.0,2278.0,2278.0,2278.0,2278.0,2278.0,2278.0,2278.0,2278.0,2278.0,2279.0,2279.0,2279.0,2279.0,2279.0,2279.0,2279.0,2279.0,2283.0,2283.0,2283.0,2283.0,2283.0,2284.0,2284.0,2284.0,2284.0,2284.0,2284.0,2284.0,2285.0,2286.0,2288.0,2288.0,2291.0,2292.0,2293.0,2295.0,2295.0,2296.0,2296.0,2298.0,2298.0,2299.0,2299.0,2301.0,2301.0,2302.0,2302.0,2302.0,2302.0,2302.0,2303.0,2303.0,2303.0,2303.0,2303.0,2303.0,2303.0,2303.0,2303.0,2305.0,2305.0,2305.0,2305.0,2305.0,2305.0,2305.0,2305.0,2305.0,2306.0,2306.0,2306.0,2306.0,2306.0,2307.0,2307.0,2307.0,2307.0,2307.0,2307.0,2308.0,2308.0,2308.0,2308.0,2308.0,2308.0,2308.0,2309.0,2310.0,2310.0,2310.0,2310.0,2310.0,2310.0,2312.0,2312.0,2313.0,2314.0,2315.0,2316.0,2316.0,2316.0,2319.0,2321.0,2321.0,2322.0,2322.0,2323.0,2326.0,2326.0,2329.0,2329.0,2329.0,2330.0,2331.0,2331.0,,,,,,,,,2335.0,2336.0,2336.0,2336.0,2336.0,2336.0,2336.0,2336.0,2336.0,2337.0,2337.0,2337.0,2337.0,2337.0,2337.0,2337.0,2337.0,2337.0,2337.0,2337.0,2337.0,2337.0,2338.0,2338.0,2338.0,2339.0,2339.0,2340.0,2340.0,2341.0,2341.0,2341.0,2341.0,2343.0,2343.0,2343.0,2343.0,2343.0,2343.0,2344.0,2344.0,2344.0,2344.0,2345.0,2346.0,2346.0,2346.0,2346.0,2346.0,2347.0,2347.0,2348.0,2348.0,2348.0,2349.0,2349.0,2350.0,2350.0,2350.0,2350.0,2350.0,2350.0,2350.0,2352.0,2352.0,2352.0,2353.0,2353.0,2354.0,2354.0,2354.0,2354.0,2355.0,2357.0,2357.0,2357.0,2359.0,2362.0,2363.0,2363.0,2363.0,2363.0,2364.0,2364.0,2364.0,2365.0,2367.0,2370.0,2370.0,2371.0,2371.0,2371.0,2371.0,2373.0,2374.0,2374.0,2375.0,2376.0,2377.0,2377.0,2377.0,2377.0,2377.0,2377.0,2377.0,2379.0,2379.0,2379.0,2379.0,2381.0,2383.0,2383.0,2383.0,2384.0,2384.0,2384.0,2384.0,2384.0,2386.0,2387.0,2387.0,,2389.0,2389.0,2389.0,2389.0,2391.0,2391.0,2391.0,2391.0,2392.0,2394.0,2396.0,2396.0,2396.0,2396.0,2397.0,2398.0,2399.0,2400.0,2403.0,2403.0,2403.0,2405.0,2406.0,2407.0,2408.0,2411.0,2421.0,2423.0,2424.0,2431.0,2439.0,2444.0,2457.0,2462.0,2464.0,2464.0,2465.0,2474.0,2477.0,2481.0,2485.0,2486.0,2489.0,2489.0,2489.0,2491.0,2491.0,2494.0,2495.0,2501.0,2502.0,2503.0,2505.0,2510.0,2510.0,2511.0,2512.0,2516.0,2520.0,2521.0,2522.0,2522.0,2523.0,2524.0,2524.0,2526.0,2527.0,2528.0,2530.0,2531.0,2531.0,2533.0,2536.0,2537.0,2537.0,2537.0,2537.0,2539.0,2539.0,2540.0,2543.0,2546.0,2546.0,2545.0,2546.0,2547.0,2547.0,2547.0,2549.0,2553.0,2556.0,2556.0,2557.0,2555.0,2555.0,2556.0,2556.0,2558.0,2558.0,2560.0,2560.0,2560.0,2560.0,2560.0,2561.0,2561.0,2562.0,2562.0,2562.0,2563.0,2563.0,2564.0,2564.0,2564
eCjgH4Ed3BA,5203.0,5211.0,5219.0,5230.0,5246.0,5258.0,5276.0,5286.0,5296.0,5306.0,5322.0,5331.0,5341.0,5347.0,5359.0,5373.0,5387.0,5394.0,5407.0,5416.0,5431.0,5447.0,5457.0,5467.0,5473.0,5482.0,5491.0,5501.0,5508.0,5518.0,5533.0,5543.0,5552.0,5557.0,5565.0,5577.0,5588.0,5597.0,5610.0,5623.0,5646.0,5672.0,5686.0,5695.0,5715.0,5732.0,5751.0,5776.0,5800.0,5836.0,5873.0,5910.0,5935.0,5971.0,6003.0,6021.0,6044.0,6086.0,6104.0,6118.0,6147.0,6182.0,6204.0,6225.0,6244.0,6263.0,6276.0,6292.0,6308.0,6326.0,6338.0,6358.0,6370.0,6373.0,6388.0,6409.0,6429.0,6447.0,6459.0,6472.0,6481.0,6496.0,6524.0,6538.0,6562.0,6575.0,6582.0,6586.0,6593.0,6611.0,6629.0,6650.0,6674.0,6679.0,6696.0,6702.0,6715.0,6729.0,6744.0,6768.0,6784.0,6796.0,6807.0,6819.0,6825.0,6846.0,6861.0,6876.0,6891.0,6904.0,6913.0,6936.0,6948.0,6981.0,7009.0,7038.0,7064.0,7094.0,7125.0,7163.0,7207.0,7244.0,7275.0,7306.0,7322.0,7345.0,7375.0,7394.0,7425.0,7445.0,7461.0,7484.0,7497.0,7510.0,,,,,,,,,7672.0,7689.0,7707.0,7735.0,7752.0,7783.0,7810.0,7840.0,7860.0,7880.0,7906.0,7934.0,7958.0,7986.0,8010.0,8041.0,8062.0,8090.0,8115.0,8133.0,8144.0,8153.0,8166.0,8177.0,8187.0,8203.0,8226.0,8242.0,8262.0,8279.0,8297.0,8317.0,8330.0,8349.0,8361.0,8375.0,8385.0,8395.0,8417.0,8427.0,8458.0,8478.0,8506.0,8519.0,8539.0,8562.0,8587.0,8596.0,8615.0,8637.0,8656.0,8671.0,8708.0,8734.0,8744.0,8759.0,8769.0,8778.0,8789.0,8800.0,8820.0,8832.0,8842.0,8858.0,8869.0,8887.0,8908.0,8916.0,8926.0,8943.0,8958.0,8971.0,8995.0,9019.0,9038.0,9056.0,9086.0,9102.0,9118.0,9139.0,9157.0,9169.0,9194.0,9221.0,9239.0,9259.0,9280.0,9305.0,9321.0,9350.0,9364.0,9376.0,9387.0,9401.0,9428.0,9443.0,9457.0,9471.0,9486.0,9500.0,9511.0,9523.0,9534.0,9552.0,9573.0,9595.0,9614.0,9631.0,9654.0,9674.0,9686.0,9718.0,9737.0,9745.0,9759.0,9770.0,9773.0,9790.0,9807.0,9821.0,9824.0,,9844.0,9863.0,9875.0,9887.0,9896.0,9906.0,9925.0,9940.0,9948.0,9958.0,9971.0,9986.0,9994.0,10013.0,10030.0,10048.0,10065.0,10077.0,10085.0,10094.0,10113.0,10140.0,10157.0,10179.0,10185.0,10190.0,10197.0,10214.0,10234.0,10246.0,10267.0,10284.0,10301.0,10311.0,10325.0,10350.0,10367.0,10379.0,10394.0,10406.0,10417.0,10428.0,10440.0,10451.0,10463.0,10484.0,10502.0,10531.0,10547.0,10574.0,10596.0,10633.0,10651.0,10662.0,10680.0,10693.0,10711.0,10729.0,10750.0,10767.0,10776.0,10787.0,10799.0,10821.0,10838.0,10866.0,10902.0,10942.0,10967.0,10986.0,11006.0,11026.0,11050.0,11067.0,11078.0,11088.0,11109.0,11125.0,11143.0,11159.0,11174.0,11192.0,11204.0,11210.0,11216.0,11228.0,11239.0,11259.0,11265.0,11271.0,11285.0,11294.0,11305.0,11314.0,11328.0,11343.0,11352.0,11355.0,11364.0,11374.0,11390.0,11415.0,11448.0,11465.0,11479.0,11490.0,11513.0,11526.0,11535.0,11555.0,11566.0,11577.0,11600.0,11610
JTS_8Sy2p0s,2917128.0,2917730.0,2918364.0,2919056.0,2919706.0,2920369.0,2921053.0,2921604.0,2922291.0,2923059.0,2923737.0,2924349.0,2925000.0,2925654.0,2926419.0,2927074.0,2927681.0,2928420.0,2929038.0,2929678.0,2930370.0,2931028.0,2931775.0,2932431.0,2933057.0,2933691.0,2934324.0,2935034.0,2935675.0,2936320.0,2936896.0,2937568.0,2938113.0,2938745.0,2939379.0,2939950.0,2940581.0,2941160.0,2941836.0,2942354.0,2942889.0,2943457.0,2944082.0,2944662.0,2945353.0,2945863.0,2946402.0,2947005.0,2947592.0,2948130.0,2948643.0,2949196.0,2949710.0,2950186.0,2950768.0,2951396.0,2951874.0,2952534.0,2953145.0,2953670.0,2954254.0,2954691.0,2955253.0,2955835.0,2956362.0,2956875.0,2957445.0,2957903.0,2958477.0,2959108.0,2959671.0,2960175.0,2960713.0,2961211.0,2961653.0,2962088.0,2962673.0,2963246.0,2963810.0,2964303.0,2964839.0,2965355.0,2965901.0,2966473.0,2966966.0,2967568.0,2968173.0,2968646.0,2969178.0,2969729.0,2970233.0,2970784.0,2971353.0,2971996.0,2972541.0,2973080.0,2973605.0,2974128.0,2974735.0,2975329.0,2975917.0,2976495.0,2977093.0,2977711.0,2978279.0,2978855.0,2979394.0,2979925.0,2980473.0,2980955.0,2981595.0,2982299.0,2982953.0,2983576.0,2984136.0,2984654.0,2985228.0,2985840.0,2986417.0,2987024.0,2987542.0,2988200.0,2988676.0,2989304.0,2990022.0,2990645.0,2991205.0,2991857.0,2992451.0,2992955.0,2993663.0,2994314.0,2995069.0,2995751.0,,,,,,,,,3002316.0,3002969.0,3003513.0,3004210.0,3004897.0,3005628.0,3006375.0,3006978.0,3007635.0,3008300.0,3008963.0,3009597.0,3010398.0,3011175.0,3011823.0,3012579.0,3013200.0,3013943.0,3014628.0,3015230.0,3015907.0,3016442.0,3017029.0,3017549.0,3018216.0,3018847.0,3019440.0,3020026.0,3020555.0,3021089.0,3021670.0,3022229.0,3022844.0,3023422.0,3024049.0,3024592.0,3025210.0,3026180.0,3027107.0,3027908.0,3028595.0,3029254.0,3029902.0,3030524.0,3031147.0,3031780.0,3032408.0,3033120.0,3033693.0,3034381.0,3034918.0,3035533.0,3036217.0,3036847.0,3037464.0,3038076.0,3038584.0,3039071.0,3039581.0,3040153.0,3040811.0,3041339.0,3041816.0,3042328.0,3042802.0,3043291.0,3043903.0,3044456.0,3044946.0,3045500.0,3046209.0,3046935.0,3047618.0,3048270.0,3049010.0,3049732.0,3050463.0,3051057.0,3051794.0,3052486.0,3053144.0,3053742.0,3054444.0,3055042.0,3055701.0,3056265.0,3056785.0,3057285.0,3057865.0,3058505.0,3059098.0,3059702.0,3060266.0,3060854.0,3061410.0,3061989.0,3062598.0,3063256.0,3063793.0,3064279.0,3064820.0,3065401.0,3065974.0,3066488.0,3067080.0,3067597.0,3068033.0,3068509.0,3068988.0,3069476.0,3070002.0,3070496.0,3071030.0,3071430.0,3071905.0,3072346.0,3072792.0,3073166.0,3073645.0,3074120.0,3074509.0,,3075532.0,3076002.0,3076595.0,3077075.0,3077532.0,3078017.0,3078560.0,3079062.0,3079638.0,3080205.0,3080735.0,3081353.0,3081843.0,3082353.0,3082861.0,3083424.0,3083919.0,3084486.0,3085030.0,3085458.0,3085987.0,3086507.0,3087016.0,3087492.0,3087964.0,3088382.0,3088799.0,3089279.0,3089767.0,3090265.0,3090743.0,3091205.0,3091671.0,3092012.0,3092461.0,3092981.0,3093502.0,3093980.0,3094405.0,3094831.0,3095282.0,3095663.0,3096106.0,3096606.0,3097027.0,3097446.0,3097936.0,3098408.0,3098940.0,3099368.0,3099838.0,3100403.0,3100925.0,3101357.0,3101796.0,3102212.0,3102699.0,3103173.0,3103601.0,3104031.0,3104396.0,3104804.0,3105232.0,3105652.0,3106049.0,3106475.0,3106922.0,3107272.0,3107656.0,3108074.0,3108434.0,3108837.0,3109275.0,3109684.0,3110109.0,3110514.0,3110941.0,3111412.0,3111814.0,3112256.0,3112684.0,3113057.0,3113517.0,3113956.0,3114333.0,3114815.0,3115251.0,3115717.0,3116128.0,3116514.0,3116935.0,3117367.0,3117771.0,3118198.0,3118702.0,3119384.0,3120068.0,3120750.0,3121410.0,3122192.0,3123164.0,3124295.0,3125462.0,3126544.0,3127549.0,3128613.0,3129597.0,3130518.0,3131512.0,3132428.0,3133113.0,3133859.0,3134479.0,3135267
vKj0as_aaZU,2061089.0,2061441.0,2061733.0,2062049.0,2062397.0,2062786.0,2063189.0,2063605.0,2063988.0,2064357.0,2064714.0,2065070.0,2065387.0,2065751.0,2066047.0,2066420.0,2066708.0,2067056.0,2067358.0,2067663.0,2068001.0,2068327.0,2068628.0,2068897.0,2069166.0,2069523.0,2069849.0,2070208.0,2070539.0,2070880.0,2071163.0,2071450.0,2071802.0,2072118.0,2072492.0,2072814.0,2073144.0,2073495.0,2073788.0,2074025.0,2074284.0,2074554.0,2074862.0,2075155.0,2075487.0,2075761.0,2076077.0,2076373.0,2076660.0,2077012.0,2077332.0,2077619.0,2077863.0,2078166.0,2078491.0,2078833.0,2079115.0,2079421.0,2079725.0,2080011.0,2080330.0,2080610.0,2081013.0,2081324.0,2081643.0,2081911.0,2082174.0,2082441.0,2082702.0,2083044.0,2083352.0,2083624.0,2083936.0,2084208.0,2084487.0,2084890.0,2085298.0,2085661.0,2085964.0,2086275.0,2086565.0,2086892.0,2087232.0,2087572.0,2087901.0,2088263.0,2088544.0,2088841.0,2089128.0,2089512.0,2089838.0,2090177.0,2090547.0,2090965.0,2091324.0,2091702.0,2092128.0,2092510.0,2092945.0,2093396.0,2093775.0,2094135.0,2094508.0,2094892.0,2095295.0,2095710.0,2096101.0,2096530.0,2096864.0,2097276.0,2097725.0,2098152.0,2098593.0,2099080.0,2099472.0,2099799.0,2100121.0,2100544.0,2100915.0,2101354.0,2101830.0,2102142.0,2102529.0,2102843.0,2103269.0,2103615.0,2104079.0,2104402.0,2104776.0,2105150.0,2105553.0,2105973.0,2106374.0,2106776.0,,,,,,,,,2110353.0,2110723.0,2111100.0,2111411.0,2111774.0,2112202.0,2112507.0,2112784.0,2113074.0,2113433.0,2113810.0,2114167.0,2114545.0,2114830.0,2115102.0,2115366.0,2115645.0,2116049.0,2116332.0,2116685.0,2117077.0,2117390.0,2117683.0,2118034.0,2118398.0,2118779.0,2119111.0,2119439.0,2119717.0,2119931.0,2120232.0,2120594.0,2120946.0,2121247.0,2121597.0,2121854.0,2122151.0,2122433.0,2122790.0,2123139.0,2123412.0,2123699.0,2123929.0,2124185.0,2124413.0,2124721.0,2124982.0,2125281.0,2125585.0,2125844.0,2126045.0,2126315.0,2126581.0,2126868.0,2127151.0,2127412.0,2127694.0,2127926.0,2128141.0,2128396.0,2128692.0,2128924.0,2129218.0,2129442.0,2129703.0,2129964.0,2130200.0,2130487.0,2130669.0,2130939.0,2131205.0,2131534.0,2131805.0,2132112.0,2132425.0,2132695.0,2132980.0,2133234.0,2133492.0,2133763.0,2134046.0,2134347.0,2134696.0,2135014.0,2135220.0,2135449.0,2135694.0,2135992.0,2136273.0,2136521.0,2136784.0,2137037.0,2137284.0,2137526.0,2137759.0,2137999.0,2138242.0,2138511.0,2138750.0,2138931.0,2139166.0,2139417.0,2139647.0,2139925.0,2140219.0,2140396.0,2140616.0,2140805.0,2140999.0,2141266.0,2141478.0,2141732.0,2141968.0,2142161.0,2142390.0,2142580.0,2142784.0,2143016.0,2143269.0,2143490.0,2143705.0,,2144175.0,2144469.0,2144701.0,2144966.0,2145233.0,2145434.0,2145689.0,2145992.0,2146266.0,2146584.0,2146896.0,2147198.0,2147417.0,2147706.0,2147999.0,2148258.0,2148510.0,2148853.0,2149130.0,2149365.0,2149640.0,2149957.0,2150213.0,2150520.0,2150760.0,2150936.0,2151138.0,2151395.0,2151639.0,2151888.0,2152170.0,2152435.0,2152643.0,2152810.0,2153023.0,2153272.0,2153513.0,2153750.0,2153997.0,2154241.0,2154441.0,2154644.0,2154837.0,2155030.0,2155266.0,2155479.0,2155717.0,2155968.0,2156154.0,2156433.0,2156658.0,2156879.0,2157156.0,2157362.0,2157590.0,2157786.0,2158020.0,2158226.0,2158489.0,2158679.0,2158873.0,2159073.0,2159307.0,2159545.0,2159757.0,2159986.0,2160243.0,2160403.0,2160584.0,2160777.0,2161011.0,2161175.0,2161398.0,2161620.0,2161839.0,2162037.0,2162246.0,2162483.0,2162719.0,2162941.0,2163180.0,2163381.0,2163582.0,2163789.0,2163978.0,2164244.0,2164492.0,2164736.0,2164925.0,2165121.0,2165319.0,2165516.0,2165750.0,2165996.0,2166245.0,2166497.0,2166798.0,2167108.0,2167450.0,2167799.0,2168087.0,2168415.0,2168714.0,2169003.0,2169314.0,2169592.0,2169860.0,2170115.0,2170396.0,2170670.0,2170836.0,2171088.0,2171267.0,2171443
BpzHlpW6Lz4,3094310.0,3094552.0,3094826.0,3095190.0,3095534.0,3095872.0,3096205.0,3096570.0,3096923.0,3097265.0,3097565.0,3097867.0,3098235.0,3098547.0,3098915.0,3099270.0,3099577.0,3099896.0,3100170.0,3100480.0,3100778.0,3101146.0,3101481.0,3101781.0,3102110.0,3102494.0,3102826.0,3103226.0,3103608.0,3103913.0,3104192.0,3104536.0,3104801.0,3105138.0,3105487.0,3105795.0,3106102.0,3106464.0,3106689.0,3106971.0,3107236.0,3107535.0,3107826.0,3108051.0,3108367.0,3108600.0,3108923.0,3109204.0,3109470.0,3109782.0,3110119.0,3110366.0,3110584.0,3110818.0,3111126.0,3111426.0,3111655.0,3111965.0,3112315.0,3112594.0,3112900.0,3113154.0,3113463.0,3113738.0,3114058.0,3114389.0,3114635.0,3114951.0,3115241.0,3115609.0,3115952.0,3116252.0,3116584.0,3116844.0,3117105.0,3117416.0,3117750.0,3118044.0,3118288.0,3118508.0,3118754.0,3118969.0,3119281.0,3119529.0,3119800.0,3120078.0,3120300.0,3120559.0,3120833.0,3121141.0,3121427.0,3121695.0,3121968.0,3122240.0,3122464.0,3122750.0,3123080.0,3123410.0,3123812.0,3124113.0,3124443.0,3124741.0,3125047.0,3125339.0,3125676.0,3125976.0,3126248.0,3126576.0,3126865.0,3127153.0,3127453.0,3127752.0,3128085.0,3128379.0,3128662.0,3128955.0,3129197.0,3129530.0,3129776.0,3130136.0,3130451.0,3130747.0,3131014.0,3131285.0,3131587.0,3131863.0,3132143.0,3132410.0,3132704.0,3132978.0,3133234.0,3133554.0,3133864.0,3134087.0,,,,,,,,,3136368.0,3136605.0,3136870.0,3137136.0,3137445.0,3137769.0,3138073.0,3138350.0,3138683.0,3139041.0,3139322.0,3139619.0,3139936.0,3140213.0,3140470.0,3140688.0,3140926.0,3141213.0,3141469.0,3141693.0,3141930.0,3142167.0,3142410.0,3142622.0,3142849.0,3143096.0,3143315.0,3143524.0,3143707.0,3143927.0,3144151.0,3144402.0,3144643.0,3144894.0,3145127.0,3145305.0,3145455.0,3145685.0,3145951.0,3146200.0,3146442.0,3146686.0,3146916.0,3147125.0,3147324.0,3147558.0,3147756.0,3147983.0,3148206.0,3148418.0,3148631.0,3148823.0,3149069.0,3149280.0,3149486.0,3149721.0,3149886.0,3150044.0,3150229.0,3150426.0,3150624.0,3150816.0,3151011.0,3151168.0,3151340.0,3151499.0,3151727.0,3151893.0,3152087.0,3152261.0,3152467.0,3152712.0,3152958.0,3153179.0,3153372.0,3153615.0,3153855.0,3154030.0,3154242.0,3154493.0,3154715.0,3154904.0,3155167.0,3155368.0,3155569.0,3155771.0,3155953.0,3156138.0,3156318.0,3156505.0,3156674.0,3156834.0,3157003.0,3157204.0,3157361.0,3157560.0,3157743.0,3157936.0,3158155.0,3158306.0,3158515.0,3158695.0,3158898.0,3159047.0,3159264.0,3159427.0,3159596.0,3159747.0,3159931.0,3160101.0,3160321.0,3160491.0,3160743.0,3160934.0,3161088.0,3161273.0,3161460.0,3161626.0,3161799.0,3161996.0,3162213.0,,3162612.0,3162837.0,3163040.0,3163229.0,3163430.0,3163600.0,3163786.0,3163986.0,3164173.0,3164363.0,3164601.0,3164814.0,3164957.0,3165132.0,3165337.0,3165512.0,3165698.0,3165892.0,3166106.0,3166269.0,3166469.0,3166650.0,3166801.0,3167012.0,3167164.0,3167324.0,3167482.0,3167662.0,3167890.0,3168096.0,3168294.0,3168489.0,3168676.0,3168845.0,3169008.0,3169216.0,3169394.0,3169570.0,3169766.0,3169947.0,3170106.0,3170256.0,3170447.0,3170620.0,3170805.0,3170969.0,3171122.0,3171303.0,3171473.0,3171675.0,3171853.0,3172046.0,3172262.0,3172443.0,3172595.0,3172787.0,3172986.0,3173162.0,3173376.0,3173587.0,3173766.0,3173938.0,3174142.0,3174343.0,3174559.0,3174726.0,3174923.0,3175101.0,3175268.0,3175488.0,3175700.0,3175907.0,3176140.0,3176312.0,3176520.0,3176690.0,3176861.0,3177079.0,3177285.0,3177452.0,3177637.0,3177810.0,3177979.0,3178156.0,3178349.0,3178536.0,3178730.0,3178953.0,3179139.0,3179313.0,3179491.0,3179677.0,3179845.0,3180039.0,3180228.0,3180532.0,3180832.0,3181188.0,3181519.0,3181958.0,3182396.0,3182795.0,3183193.0,3183670.0,3184090.0,3184560.0,3184999.0,3185409.0,3185791.0,3186301.0,3186589.0,3186940.0,3187179.0,3187497
Ewi5N90tnbM,513444.0,513833.0,514233.0,514549.0,515035.0,515502.0,516037.0,516556.0,517015.0,517482.0,517868.0,518380.0,518811.0,519276.0,519780.0,520263.0,520644.0,520937.0,521358.0,521902.0,522348.0,522736.0,523174.0,523644.0,524041.0,524459.0,524955.0,525367.0,525834.0,526377.0,526674.0,527072.0,527467.0,527836.0,528279.0,528727.0,529175.0,529527.0,529950.0,530378.0,530943.0,531442.0,531946.0,532423.0,532866.0,533307.0,533755.0,534212.0,534729.0,535204.0,535726.0,536241.0,536611.0,537168.0,537687.0,538165.0,538676.0,539256.0,539680.0,540183.0,540673.0,541190.0,541870.0,542449.0,543078.0,543492.0,543983.0,544623.0,545192.0,545813.0,546373.0,546893.0,547589.0,548219.0,548850.0,549534.0,550721.0,553451.0,556730.0,559365.0,561168.0,564379.0,566808.0,568982.0,571205.0,573494.0,575664.0,577295.0,579236.0,581274.0,583228.0,584904.0,587028.0,589009.0,590530.0,592506.0,594201.0,595703.0,597544.0,599383.0,601223.0,602888.0,604821.0,606874.0,608736.0,610807.0,613128.0,614920.0,616261.0,618276.0,620204.0,622457.0,624746.0,626767.0,628479.0,629991.0,631714.0,633585.0,635267.0,637190.0,638833.0,640439.0,641785.0,643351.0,644739.0,646022.0,647167.0,648695.0,650211.0,651409.0,652929.0,654170.0,655437.0,657058.0,,,,,,,,,671478.0,672496.0,673615.0,674765.0,675932.0,676968.0,677714.0,678503.0,679537.0,680316.0,681222.0,682109.0,683099.0,683969.0,684777.0,685482.0,686342.0,687140.0,688016.0,688927.0,690003.0,690944.0,691864.0,693093.0,694115.0,695297.0,696433.0,697602.0,698465.0,699324.0,700275.0,701365.0,702437.0,703529.0,704716.0,705654.0,706442.0,707408.0,708313.0,709204.0,710061.0,711088.0,711940.0,712625.0,713437.0,714120.0,715053.0,715951.0,716733.0,717593.0,718220.0,718977.0,719828.0,720539.0,721351.0,722147.0,722879.0,723549.0,724332.0,725104.0,725884.0,726579.0,727255.0,728166.0,728845.0,729668.0,730567.0,731352.0,731938.0,732918.0,733625.0,734438.0,735313.0,736218.0,737106.0,738130.0,739072.0,739819.0,740572.0,741585.0,742585.0,743368.0,744249.0,745347.0,746242.0,746999.0,747907.0,749040.0,750093.0,750936.0,752086.0,753164.0,754090.0,754960.0,755678.0,756623.0,757510.0,758243.0,759042.0,759765.0,760574.0,761424.0,762281.0,763221.0,763933.0,764612.0,765208.0,765952.0,766690.0,767372.0,768068.0,768991.0,769497.0,769953.0,770420.0,770944.0,771369.0,771959.0,772560.0,773001.0,773386.0,,774304.0,774740.0,775335.0,775797.0,776197.0,776526.0,776914.0,777273.0,777633.0,778017.0,778434.0,778877.0,779237.0,779653.0,780170.0,780611.0,781040.0,781435.0,781756.0,782057.0,782458.0,782815.0,783226.0,783699.0,784120.0,784523.0,784833.0,785264.0,785647.0,786035.0,786387.0,786834.0,787176.0,787403.0,787748.0,788051.0,788361.0,788652.0,788994.0,789329.0,789702.0,790061.0,790414.0,790748.0,791102.0,791623.0,792196.0,792808.0,793484.0,794263.0,795030.0,795861.0,796556.0,797520.0,798157.0,798700.0,799429.0,800071.0,800904.0,801729.0,802441.0,803197.0,804033.0,805087.0,806211.0,807242.0,808286.0,809175.0,809834.0,810750.0,811564.0,812581.0,813765.0,815298.0,816739.0,817881.0,819333.0,820868.0,822517.0,823623.0,824676.0,826367.0,827572.0,828539.0,829701.0,830715.0,831635.0,832588.0,833386.0,834094.0,834706.0,835822.0,836610.0,837368.0,838222.0,839080.0,839693.0,840503.0,841409.0,842078.0,842834.0,843624.0,844327.0,845168.0,846110.0,846955.0,847905.0,849173.0,850117.0,850868.0,851484.0,852181.0,852921.0,853543
0pwsAYBrsh8,1048159.0,1048216.0,1048273.0,1048323.0,1048377.0,1048415.0,1048464.0,1048523.0,1048580.0,1048624.0,1048661.0,1048718.0,1048755.0,1048810.0,1048843.0,1048885.0,1048941.0,1048994.0,1049070.0,1049126.0,1049188.0,1049255.0,1049317.0,1049384.0,1049434.0,1049490.0,1049554.0,1049611.0,1049658.0,1049700.0,1049746.0,1049798.0,1049851.0,1049890.0,1049942.0,1049977.0,1050019.0,1050070.0,1050114.0,1050149.0,1050190.0,1050260.0,1050296.0,1050335.0,1050384.0,1050438.0,1050484.0,1050540.0,1050597.0,1050646.0,1050675.0,1050709.0,1050748.0,1050788.0,1050838.0,1050891.0,1050923.0,1050952.0,1050984.0,1051032.0,1051088.0,1051140.0,1051193.0,1051232.0,1051281.0,1051319.0,1051355.0,1051401.0,1051443.0,1051488.0,1051533.0,1051577.0,1051609.0,1051652.0,1051688.0,1051725.0,1051765.0,1051810.0,1051855.0,1051893.0,1051925.0,1051976.0,1052024.0,1052068.0,1052108.0,1052153.0,1052206.0,1052254.0,1052296.0,1052346.0,1052386.0,1052431.0,1052478.0,1052509.0,1052560.0,1052596.0,1052629.0,1052670.0,1052716.0,1052751.0,1052789.0,1052832.0,1052875.0,1052910.0,1052956.0,1052982.0,1053018.0,1053050.0,1053097.0,1053137.0,1053172.0,1053223.0,1053266.0,1053314.0,1053362.0,1053414.0,1053459.0,1053501.0,1053544.0,1053589.0,1053626.0,1053659.0,1053697.0,1053735.0,1053758.0,1053783.0,1053829.0,1053866.0,1053901.0,1053932.0,1053950.0,1053982.0,1054013.0,1054044.0,,,,,,,,,1054390.0,1054435.0,1054461.0,1054503.0,1054548.0,1054587.0,1054634.0,1054661.0,1054705.0,1054754.0,1054790.0,1054845.0,1054888.0,1054937.0,1054977.0,1055020.0,1055062.0,1055112.0,1055142.0,1055180.0,1055218.0,1055258.0,1055326.0,1055365.0,1055397.0,1055430.0,1055472.0,1055509.0,1055544.0,1055574.0,1055595.0,1055626.0,1055671.0,1055725.0,1055764.0,1055801.0,1055839.0,1055879.0,1055910.0,1055938.0,1055973.0,1056021.0,1056050.0,1056107.0,1056147.0,1056175.0,1056207.0,1056243.0,1056273.0,1056305.0,1056339.0,1056381.0,1056408.0,1056442.0,1056480.0,1056522.0,1056552.0,1056587.0,1056623.0,1056663.0,1056704.0,1056743.0,1056789.0,1056832.0,1056870.0,1056903.0,1056949.0,1056985.0,1057025.0,1057072.0,1057108.0,1057141.0,1057170.0,1057195.0,1057217.0,1057249.0,1057289.0,1057334.0,1057377.0,1057436.0,1057467.0,1057506.0,1057552.0,1057595.0,1057622.0,1057658.0,1057692.0,1057725.0,1057762.0,1057800.0,1057848.0,1057878.0,1057927.0,1057981.0,1058014.0,1058055.0,1058087.0,1058124.0,1058156.0,1058200.0,1058240.0,1058270.0,1058301.0,1058333.0,1058360.0,1058389.0,1058422.0,1058441.0,1058460.0,1058487.0,1058509.0,1058532.0,1058560.0,1058613.0,1058642.0,1058674.0,1058703.0,1058722.0,1058747.0,1058771.0,1058804.0,,1058876.0,1058899.0,1058933.0,1058965.0,1058996.0,1059033.0,1059069.0,1059117.0,1059158.0,1059187.0,1059228.0,1059266.0,1059302.0,1059332.0,1059359.0,1059384.0,1059406.0,1059442.0,1059478.0,1059504.0,1059557.0,1059593.0,1059636.0,1059666.0,1059696.0,1059741.0,1059771.0,1059808.0,1059825.0,1059862.0,1059904.0,1059928.0,1059959.0,1059982.0,1060011.0,1060048.0,1060067.0,1060106.0,1060130.0,1060180.0,1060223.0,1060244.0,1060270.0,1060290.0,1060318.0,1060347.0,1060383.0,1060420.0,1060462.0,1060490.0,1060519.0,1060547.0,1060575.0,1060602.0,1060633.0,1060672.0,1060699.0,1060721.0,1060749.0,1060771.0,1060801.0,1060833.0,1060861.0,1060886.0,1060922.0,1060943.0,1060980.0,1060995.0,1061028.0,1061043.0,1061063.0,1061097.0,1061121.0,1061151.0,1061177.0,1061219.0,1061263.0,1061288.0,1061319.0,1061348.0,1061381.0,1061404.0,1061442.0,1061465.0,1061504.0,1061538.0,1061561.0,1061597.0,1061619.0,1061664.0,1061682.0,1061709.0,1061731.0,1061763.0,1061802.0,1061834.0,1061861.0,1061905.0,1061940.0,1061977.0,1062006.0,1062038.0,1062074.0,1062114.0,1062162.0,1062188.0,1062224.0,1062250.0,1062287.0,1062316.0,1062340.0,1062371.0,1062405.0,1062433
PnLzYigLYu8,2873930.0,2875004.0,2876123.0,2877234.0,2878345.0,2879595.0,2880516.0,2881740.0,2882791.0,2884184.0,2885451.0,2886615.0,2887775.0,2888770.0,2889839.0,2890872.0,2892295.0,2893351.0,2894640.0,2896010.0,2897987.0,2900281.0,2902032.0,2903752.0,2905068.0,2906985.0,2909319.0,2911516.0,2913312.0,2914783.0,2916716.0,2918605.0,2920551.0,2922199.0,2923600.0,2925541.0,2927332.0,2928676.0,2930339.0,2931927.0,2933319.0,2934757.0,2936060.0,2937507.0,2938976.0,2940448.0,2942414.0,2944269.0,2946249.0,2947975.0,2949886.0,2951839.0,2953738.0,2956778.0,2959190.0,2961016.0,2962668.0,2964379.0,2966150.0,2967839.0,2970344.0,2972874.0,2975304.0,2977066.0,2979205.0,2980991.0,2982185.0,2983957.0,2985562.0,2987537.0,2989307.0,2991114.0,2993222.0,2995066.0,2996744.0,2998638.0,3000432.0,3002759.0,3005149.0,3007274.0,3009267.0,3011495.0,3013350.0,3015352.0,3017310.0,3019333.0,3021230.0,3022826.0,3024821.0,3026751.0,3028654.0,3030571.0,3032766.0,3035257.0,3037086.0,3039582.0,3041468.0,3043394.0,3045441.0,3047594.0,3049416.0,3051448.0,3053858.0,3056293.0,3058099.0,3060586.0,3062854.0,3064977.0,3066778.0,3069033.0,3071128.0,3073296.0,3075631.0,3077745.0,3079662.0,3081201.0,3083219.0,3085087.0,3087149.0,3088807.0,3090719.0,3092486.0,3094018.0,3095227.0,3096472.0,3097466.0,3098786.0,3099872.0,3100959.0,3101912.0,3103079.0,3104462.0,3105567.0,3106837.0,,,,,,,,,3119234.0,3120538.0,3122401.0,3124224.0,3126042.0,3128322.0,3130956.0,3133388.0,3136405.0,3139511.0,3143090.0,3147206.0,3151117.0,3154994.0,3159194.0,3162622.0,3166252.0,3171065.0,3174663.0,3176958.0,3178723.0,3180261.0,3181430.0,3183105.0,3184763.0,3186318.0,3188207.0,3190014.0,3191725.0,3193287.0,3194980.0,3196610.0,3198300.0,3199976.0,3201667.0,3203218.0,3204938.0,3207079.0,3208874.0,3210794.0,3212603.0,3214566.0,3216403.0,3217804.0,3219910.0,3221853.0,3223618.0,3225472.0,3227184.0,3228949.0,3230325.0,3231912.0,3233639.0,3235226.0,3236862.0,3238442.0,3239852.0,3241228.0,3242914.0,3244667.0,3246389.0,3247605.0,3249285.0,3250730.0,3251923.0,3253487.0,3255143.0,3256749.0,3258106.0,3259436.0,3260644.0,3261906.0,3263589.0,3265194.0,3266858.0,3268453.0,3270078.0,3271545.0,3272732.0,3274515.0,3276180.0,3277470.0,3279498.0,3281130.0,3282356.0,3283884.0,3285387.0,3286876.0,3288247.0,3289611.0,3291205.0,3292438.0,3293665.0,3295111.0,3296403.0,3297808.0,3299314.0,3300905.0,3302298.0,3303447.0,3304973.0,3306531.0,3308086.0,3309491.0,3310761.0,3312262.0,3313569.0,3314994.0,3316344.0,3317594.0,3319078.0,3320637.0,3321826.0,3323060.0,3324173.0,3325524.0,3326548.0,3328103.0,3329322.0,3330731.0,3331902.0,,3334882.0,3336254.0,3337695.0,3339033.0,3340198.0,3341400.0,3342437.0,3343671.0,3345008.0,3346261.0,3347718.0,3348927.0,3349983.0,3351326.0,3352587.0,3353824.0,3355072.0,3356671.0,3358066.0,3359383.0,3360829.0,3362558.0,3364105.0,3365634.0,3367032.0,3368336.0,3369590.0,3370986.0,3372265.0,3373558.0,3374649.0,3375824.0,3376956.0,3378250.0,3379817.0,3381101.0,3382458.0,3383643.0,3385104.0,3386335.0,3387465.0,3388780.0,3390047.0,3391310.0,3392513.0,3393707.0,3394904.0,3396100.0,3397573.0,3398821.0,3400133.0,3401503.0,3402882.0,3404457.0,3405780.0,3407264.0,3408702.0,3410107.0,3411353.0,3412562.0,3413717.0,3414575.0,3415900.0,3417205.0,3418402.0,3419701.0,3420994.0,3422055.0,3423334.0,3424572.0,3425806.0,3427252.0,3428604.0,3429915.0,3431135.0,3432206.0,3433286.0,3434644.0,3435806.0,3436873.0,3438313.0,3439433.0,3440684.0,3441829.0,3443236.0,3444413.0,3445534.0,3446794.0,3447845.0,3448924.0,3449873.0,3451151.0,3452388.0,3453703.0,3454857.0,3456155.0,3457278.0,3458510.0,3459659.0,3460941.0,3462034.0,3463003.0,3464037.0,3465380.0,3466513.0,3467977.0,3469142.0,3470485.0,3471857.0,3473355.0,3474633.0,3476042.0,3477284.0,3478560
8jjyvwIMmDU,1094131.0,1094503.0,1094897.0,1095284.0,1095719.0,1096076.0,1096558.0,1096924.0,1097294.0,1097714.0,1098262.0,1098643.0,1099066.0,1099499.0,1099911.0,1100336.0,1100775.0,1101255.0,1101662.0,1101985.0,1102490.0,1102966.0,1103458.0,1103905.0,1104524.0,1104948.0,1105727.0,1106369.0,1106965.0,1107447.0,1108052.0,1108549.0,1109020.0,1109464.0,1109946.0,1110516.0,1111067.0,1111718.0,1112204.0,1112634.0,1113143.0,1113605.0,1114123.0,1114726.0,1115346.0,1115957.0,1116437.0,1116905.0,1117415.0,1118066.0,1118688.0,1119332.0,1119906.0,1120437.0,1121166.0,1121653.0,1122285.0,1122903.0,1123408.0,1123940.0,1124518.0,1125026.0,1125554.0,1126008.0,1126617.0,1127282.0,1127871.0,1128439.0,1128934.0,1129646.0,1130238.0,1130798.0,1131306.0,1131804.0,1132272.0,1132750.0,1133130.0,1133622.0,1134135.0,1134620.0,1135037.0,1135560.0,1136001.0,1136466.0,1136852.0,1137242.0,1137660.0,1138051.0,1138489.0,1138776.0,1139180.0,1139492.0,1139989.0,1140451.0,1140879.0,1141197.0,1141631.0,1142052.0,1142555.0,1143031.0,1143601.0,1144091.0,1144552.0,1144955.0,1145331.0,1145759.0,1146251.0,1146754.0,1147221.0,1147674.0,1148090.0,1148523.0,1149006.0,1149653.0,1150253.0,1150944.0,1151540.0,1152101.0,1152712.0,1153273.0,1153869.0,1154392.0,1154829.0,1155168.0,1155545.0,1155977.0,1156351.0,1156690.0,1157076.0,1157431.0,1157747.0,1158094.0,1158368.0,1158613.0,,,,,,,,,1161002.0,1161299.0,1161535.0,1161751.0,1161920.0,1162168.0,1162347.0,1162582.0,1162847.0,1163007.0,1163209.0,1163437.0,1163656.0,1163884.0,1164182.0,1164396.0,1164589.0,1164796.0,1165040.0,1165259.0,1165470.0,1165727.0,1165921.0,1166130.0,1166304.0,1166502.0,1166677.0,1166883.0,1167151.0,1167403.0,1167579.0,1167794.0,1168053.0,1168238.0,1168426.0,1168673.0,1168916.0,1169136.0,1169323.0,1169587.0,1169807.0,1170016.0,1170254.0,1170490.0,1170723.0,1170986.0,1171232.0,1171440.0,1171690.0,1171868.0,1172112.0,1172345.0,1172547.0,1172734.0,1172924.0,1173161.0,1173385.0,1173607.0,1173805.0,1174016.0,1174199.0,1174374.0,1174594.0,1174797.0,1175013.0,1175223.0,1175431.0,1175655.0,1175854.0,1175998.0,1176190.0,1176374.0,1176585.0,1176755.0,1176918.0,1177098.0,1177304.0,1177491.0,1177641.0,1177879.0,1178095.0,1178331.0,1178578.0,1178869.0,1179077.0,1179425.0,1179655.0,1179928.0,1180162.0,1180457.0,1180840.0,1181204.0,1181486.0,1181942.0,1182338.0,1182715.0,1183080.0,1183553.0,1183939.0,1184344.0,1184902.0,1185435.0,1185890.0,1186267.0,1186764.0,1187163.0,1187471.0,1187853.0,1188204.0,1188624.0,1188961.0,1189407.0,1189788.0,1190054.0,1190415.0,1190726.0,1191035.0,1191379.0,1191823.0,1192176.0,1192586.0,,1193449.0,1193943.0,1194374.0,1194792.0,1195153.0,1195537.0,1195847.0,1196219.0,1196669.0,1197034.0,1197464.0,1197894.0,1198291.0,1198676.0,1199034.0,1199371.0,1199716.0,1200107.0,1200569.0,1201019.0,1201357.0,1201796.0,1202166.0,1202503.0,1202967.0,1203336.0,1203849.0,1204229.0,1204632.0,1205118.0,1205464.0,1205836.0,1206268.0,1206682.0,1207049.0,1207430.0,1207826.0,1208198.0,1208587.0,1209042.0,1209440.0,1209817.0,1210234.0,1210629.0,1211024.0,1211412.0,1211789.0,1212175.0,1212529.0,1212916.0,1213278.0,1213628.0,1213987.0,1214381.0,1214758.0,1215099.0,1215438.0,1215844.0,1216207.0,1216568.0,1216892.0,1217228.0,1217541.0,1217872.0,1218202.0,1218443.0,1218804.0,1219136.0,1219455.0,1219759.0,1220087.0,1220399.0,1220704.0,1220989.0,1221259.0,1221506.0,1221807.0,1222088.0,1222362.0,1222650.0,1222933.0,1223211.0,1223503.0,1223766.0,1224055.0,1224330.0,1224595.0,1224941.0,1225271.0,1225595.0,1225881.0,1226196.0,1226550.0,1226878.0,1227185.0,1227546.0,1227883.0,1228244.0,1228595.0,1228992.0,1229292.0,1229568.0,1229955.0,1230274.0,1230584.0,1230840.0,1231202.0,1231528.0,1231827.0,1232174.0,1232488.0,1232740.0,1233045.0,1233282
AE0-vlnai-0,4224874.0,4225124.0,4225421.0,4225747.0,4226134.0,4226492.0,4226787.0,4227132.0,4227483.0,4227842.0,4228118.0,4228369.0,4228612.0,4228899.0,4229203.0,4229464.0,4229735.0,4230041.0,4230275.0,4230633.0,4230978.0,4231303.0,4231694.0,4231982.0,4232320.0,4232679.0,4232952.0,4233341.0,4233740.0,4234095.0,4234503.0,4234868.0,4235234.0,4235581.0,4235967.0,4236340.0,4236725.0,4237041.0,4237422.0,4237784.0,4238115.0,4238420.0,4238769.0,4239091.0,4239384.0,4239640.0,4239953.0,4240255.0,4240537.0,4240821.0,4241102.0,4241398.0,4241698.0,4241964.0,4242212.0,4242522.0,4242754.0,4242997.0,4243265.0,4243489.0,4243726.0,4243957.0,4244160.0,4244400.0,4244698.0,4244917.0,4245126.0,4245356.0,4245637.0,4245934.0,4246165.0,4246397.0,4246639.0,4246880.0,4247131.0,4247349.0,4247612.0,4247913.0,4248199.0,4248494.0,4248710.0,4248987.0,4249287.0,4249521.0,4249764.0,4250010.0,4250244.0,4250488.0,4250737.0,4250984.0,4251273.0,4251514.0,4251790.0,4252071.0,4252357.0,4252600.0,4252898.0,4253143.0,4253457.0,4253743.0,4254022.0,4254281.0,4254560.0,4254808.0,4255258.0,4255548.0,4255880.0,4256622.0,4257116.0,4257613.0,4258062.0,4258428.0,4258745.0,4259077.0,4259426.0,4259685.0,4259993.0,4260335.0,4260638.0,4260991.0,4261298.0,4261838.0,4262233.0,4262611.0,4262948.0,4263314.0,4263668.0,4264066.0,4264424.0,4264733.0,4265034.0,4265394.0,4265688.0,4266003.0,,,,,,,,,4269603.0,4270000.0,4270520.0,4270992.0,4271360.0,4271716.0,4272071.0,4272440.0,4272820.0,4273142.0,4273539.0,4273888.0,4274243.0,4274633.0,4274997.0,4275293.0,4275552.0,4275831.0,4276133.0,4276376.0,4276650.0,4276893.0,4277144.0,4277480.0,4277918.0,4278279.0,4278634.0,4278981.0,4279457.0,4279805.0,4280214.0,4280560.0,4280938.0,4281233.0,4281628.0,4281894.0,4282139.0,4282558.0,4282940.0,4283270.0,4283648.0,4283985.0,4284322.0,4284631.0,4285007.0,4285335.0,4285619.0,4285938.0,4286281.0,4286565.0,4286876.0,4287159.0,4287464.0,4287991.0,4288390.0,4288781.0,4289093.0,4289435.0,4289757.0,4290080.0,4290454.0,4290767.0,4291058.0,4291731.0,4292129.0,4292456.0,4292853.0,4293177.0,4293510.0,4293830.0,4294410.0,4294907.0,4295338.0,4295800.0,4296172.0,4296587.0,4296943.0,4297275.0,4297613.0,4298117.0,4298488.0,4298830.0,4299133.0,4299451.0,4299782.0,4300051.0,4300337.0,4300626.0,4300914.0,4301210.0,4301551.0,4301841.0,4302104.0,4302320.0,4302685.0,4302986.0,4303301.0,4303627.0,4303975.0,4304290.0,4304637.0,4304982.0,4305365.0,4305730.0,4306194.0,4306579.0,4306890.0,4307192.0,4307494.0,4307751.0,4308043.0,4308313.0,4308530.0,4308762.0,4309029.0,4309329.0,4309536.0,4309749.0,4309983.0,4310235.0,4310478.0,,4310943.0,4311155.0,4311407.0,4311631.0,4311804.0,4312002.0,4312187.0,4312424.0,4312623.0,4312885.0,4313139.0,4313376.0,4313625.0,4313875.0,4314156.0,4314434.0,4314698.0,4315009.0,4315244.0,4315459.0,4315699.0,4316001.0,4316280.0,4316478.0,4316740.0,4316943.0,4317153.0,4317370.0,4317653.0,4317903.0,4318121.0,4318365.0,4318564.0,4318741.0,4318961.0,4319158.0,4319356.0,4319546.0,4319733.0,4319908.0,4320092.0,4320279.0,4320528.0,4320748.0,4320976.0,4321233.0,4321452.0,4321666.0,4321927.0,4322222.0,4322666.0,4323062.0,4323368.0,4323711.0,4323981.0,4324306.0,4324619.0,4324915.0,4325196.0,4325458.0,4325713.0,4325927.0,4326208.0,4326435.0,4326728.0,4326998.0,4327281.0,4327563.0,4327759.0,4328019.0,4328269.0,4328581.0,4328928.0,4329150.0,4329395.0,4329661.0,4330017.0,4330337.0,4330620.0,4330873.0,4331132.0,4331352.0,4331594.0,4331860.0,4332129.0,4332352.0,4332625.0,4332879.0,4333126.0,4333316.0,4333583.0,4333852.0,4334138.0,4334336.0,4334642.0,4334859.0,4335093.0,4335426.0,4335714.0,4335950.0,4336139.0,4336398.0,4336577.0,4336767.0,4336982.0,4337187.0,4337375.0,4337608.0,4337796.0,4338053.0,4338224.0,4338390.0,4338594.0,4338823
1o6ftxt8-mY,148913.0,149052.0,149154.0,149262.0,149422.0,149588.0,149735.0,149898.0,150033.0,150187.0,150290.0,150377.0,150472.0,150610.0,150800.0,150923.0,151052.0,151206.0,151410.0,151666.0,152130.0,152650.0,153189.0,153675.0,154037.0,154467.0,154803.0,155104.0,155369.0,155591.0,155795.0,156042.0,156341.0,156594.0,156827.0,157101.0,157394.0,157668.0,157865.0,158145.0,158452.0,158979.0,159458.0,159842.0,160160.0,160394.0,160671.0,161038.0,161441.0,161791.0,162084.0,162369.0,162614.0,162941.0,163338.0,163650.0,164070.0,164415.0,164699.0,164952.0,165084.0,165289.0,165442.0,165586.0,165692.0,165786.0,165895.0,166020.0,166165.0,166385.0,166541.0,166713.0,166790.0,166881.0,167000.0,167155.0,167303.0,167415.0,167534.0,167663.0,167818.0,168001.0,168169.0,168362.0,168557.0,168836.0,169011.0,169197.0,169390.0,169572.0,169786.0,169981.0,170187.0,170397.0,170564.0,170701.0,170857.0,171044.0,171171.0,171384.0,171511.0,171656.0,171829.0,171993.0,172164.0,172322.0,172513.0,172676.0,172805.0,173014.0,173196.0,173406.0,173597.0,173779.0,173951.0,174105.0,174275.0,174484.0,174633.0,174849.0,175074.0,175211.0,175328.0,175454.0,175608.0,175780.0,175927.0,176075.0,176212.0,176378.0,176525.0,176704.0,176880.0,177027.0,,,,,,,,,178649.0,178790.0,178958.0,179139.0,179338.0,179529.0,179666.0,179775.0,179915.0,180074.0,180281.0,180421.0,180626.0,180844.0,181026.0,181143.0,181294.0,181436.0,181575.0,181745.0,181931.0,182057.0,182210.0,182374.0,182546.0,182705.0,182866.0,183021.0,183164.0,183271.0,183429.0,183591.0,183752.0,183909.0,184057.0,184186.0,184317.0,184428.0,184567.0,184706.0,184841.0,185000.0,185148.0,185263.0,185423.0,185549.0,185702.0,185875.0,186078.0,186205.0,186315.0,186472.0,186610.0,186782.0,186924.0,187114.0,187229.0,187353.0,187489.0,187630.0,187752.0,187844.0,187962.0,188064.0,188149.0,188271.0,188424.0,188570.0,188676.0,188795.0,188938.0,189035.0,189119.0,189204.0,189307.0,189410.0,189510.0,189594.0,189704.0,189783.0,189883.0,189973.0,190067.0,190172.0,190249.0,190331.0,190405.0,190487.0,190563.0,190638.0,190732.0,190795.0,190868.0,190932.0,191019.0,191089.0,191168.0,191261.0,191344.0,191397.0,191479.0,191548.0,191632.0,191714.0,191793.0,191871.0,191950.0,192026.0,192125.0,192220.0,192302.0,192404.0,192474.0,192525.0,192584.0,192647.0,192708.0,192778.0,192836.0,192902.0,192955.0,,193070.0,193143.0,193216.0,193279.0,193332.0,193385.0,193418.0,193465.0,193534.0,193603.0,193684.0,193738.0,193775.0,193824.0,193880.0,193940.0,194003.0,194072.0,194130.0,194169.0,194212.0,194264.0,194311.0,194367.0,194407.0,194470.0,194525.0,194569.0,194630.0,194700.0,194768.0,194831.0,194891.0,194932.0,194984.0,195034.0,195106.0,195169.0,195207.0,195267.0,195306.0,195360.0,195426.0,195478.0,195511.0,195574.0,195660.0,195728.0,195814.0,195892.0,195979.0,196082.0,196170.0,196254.0,196340.0,196433.0,196503.0,196604.0,196704.0,196782.0,196869.0,196955.0,197031.0,197107.0,197212.0,197305.0,197411.0,197542.0,197615.0,197740.0,197867.0,197991.0,198116.0,198254.0,198354.0,198442.0,198625.0,198744.0,198874.0,198993.0,199096.0,199175.0,199242.0,199322.0,199418.0,199502.0,199583.0,199642.0,199705.0,199763.0,199806.0,199867.0,199948.0,200024.0,200082.0,200126.0,200193.0,200263.0,200345.0,200411.0,200468.0,200534.0,200614.0,200676.0,200739.0,200832.0,200921.0,201003.0,201079.0,201150.0,201200.0,201293.0,201377.0,201457
UFVBMfu7s7U,620501.0,620757.0,621124.0,621482.0,621875.0,622256.0,622694.0,623228.0,623679.0,624223.0,624803.0,625309.0,625906.0,626551.0,627181.0,627781.0,628115.0,628451.0,628762.0,629187.0,629507.0,629901.0,630295.0,630766.0,631142.0,631566.0,632019.0,632462.0,632952.0,633357.0,633748.0,634144.0,634631.0,635109.0,635571.0,636007.0,636456.0,637010.0,637486.0,637979.0,638438.0,638913.0,639417.0,639987.0,640445.0,640983.0,641415.0,641882.0,642368.0,642902.0,643444.0,643945.0,644400.0,644863.0,645223.0,645589.0,645904.0,646207.0,646657.0,647054.0,647450.0,647904.0,648242.0,648598.0,648994.0,649332.0,649641.0,650084.0,650393.0,650860.0,651233.0,651685.0,652025.0,652371.0,652693.0,652962.0,653274.0,653600.0,653978.0,654249.0,654526.0,654836.0,655105.0,655382.0,655607.0,655948.0,656231.0,656474.0,656700.0,656963.0,657207.0,657453.0,657746.0,657999.0,658237.0,658511.0,658747.0,658993.0,659193.0,659455.0,659721.0,659964.0,660180.0,660366.0,660649.0,660947.0,661162.0,661451.0,661662.0,661862.0,662071.0,662280.0,662454.0,662632.0,662903.0,663135.0,663476.0,663796.0,664066.0,664368.0,664658.0,664908.0,665114.0,665395.0,665653.0,665871.0,666115.0,666445.0,666729.0,666949.0,667279.0,667611.0,667897.0,668195.0,,,,,,,,,670635.0,671005.0,671274.0,671553.0,671774.0,671964.0,672173.0,672395.0,672552.0,672701.0,672863.0,673015.0,673186.0,673329.0,673475.0,673611.0,673764.0,673918.0,674095.0,674219.0,674407.0,674578.0,674782.0,674961.0,675132.0,675351.0,675562.0,675766.0,675937.0,676053.0,676222.0,676389.0,676574.0,676754.0,676921.0,677113.0,677271.0,677470.0,677643.0,677840.0,678047.0,678254.0,678426.0,678556.0,678744.0,678895.0,679101.0,679234.0,679417.0,679565.0,679671.0,679855.0,680042.0,680263.0,680411.0,680613.0,680794.0,680932.0,681080.0,681234.0,681346.0,681470.0,681688.0,681988.0,682476.0,682959.0,683472.0,683927.0,684169.0,684377.0,684599.0,684786.0,685063.0,685341.0,685589.0,685864.0,686137.0,686367.0,686551.0,686736.0,686912.0,687052.0,687269.0,687493.0,687652.0,687814.0,687987.0,688238.0,688414.0,688621.0,688777.0,688938.0,689080.0,689202.0,689344.0,689468.0,689589.0,689722.0,689828.0,689960.0,690084.0,690197.0,690303.0,690396.0,690551.0,690663.0,690776.0,690917.0,691046.0,691167.0,691307.0,691430.0,691523.0,691630.0,691728.0,691818.0,691926.0,692077.0,692235.0,692394.0,692567.0,,693000.0,693127.0,693274.0,693415.0,693522.0,693667.0,693803.0,693990.0,694139.0,694265.0,694388.0,694483.0,694611.0,694734.0,694873.0,694967.0,695076.0,695153.0,695302.0,695422.0,695568.0,695679.0,695802.0,695916.0,696044.0,696192.0,696328.0,696426.0,696573.0,696791.0,696934.0,697091.0,697216.0,697379.0,697538.0,697682.0,697843.0,697988.0,698187.0,698293.0,698411.0,698591.0,698716.0,698872.0,699036.0,699172.0,699331.0,699462.0,699639.0,699776.0,699939.0,700080.0,700230.0,700384.0,700534.0,700740.0,700922.0,701079.0,701229.0,701437.0,701757.0,702096.0,702494.0,702929.0,703434.0,704089.0,704858.0,705528.0,706132.0,706633.0,707075.0,707479.0,707822.0,708120.0,708412.0,708674.0,708929.0,709189.0,709468.0,709724.0,709989.0,710273.0,710529.0,710768.0,710974.0,711168.0,711361.0,711609.0,711809.0,712036.0,712251.0,712427.0,712644.0,712985.0,713352.0,713768.0,714226.0,714687.0,715174.0,715513.0,715789.0,716105.0,716467.0,716693.0,716981.0,717225.0,717440.0,717641.0,717901.0,718120.0,718370.0,718591.0,718794.0,718967
yyZhMfeInnA,19893.0,19902.0,19908.0,19911.0,19917.0,19922.0,19929.0,19938.0,19949.0,19962.0,19967.0,19971.0,19977.0,19979.0,19989.0,19993.0,19996.0,20002.0,20012.0,20014.0,20029.0,20032.0,20041.0,20042.0,20050.0,20056.0,20064.0,20075.0,20079.0,20082.0,20083.0,20087.0,20093.0,20099.0,20112.0,20124.0,20135.0,20142.0,20143.0,20156.0,20161.0,20172.0,20182.0,20192.0,20198.0,20204.0,20209.0,20216.0,20228.0,20237.0,20242.0,20251.0,20252.0,20263.0,20280.0,20293.0,20306.0,20322.0,20331.0,20339.0,20348.0,20357.0,20367.0,20377.0,20388.0,20393.0,20397.0,20405.0,20417.0,20422.0,20432.0,20434.0,20444.0,20446.0,20447.0,20460.0,20469.0,20474.0,20480.0,20488.0,20493.0,20499.0,20511.0,20518.0,20525.0,20540.0,20544.0,20556.0,20564.0,20571.0,20582.0,20591.0,20601.0,20613.0,20626.0,20639.0,20645.0,20658.0,20668.0,20682.0,20696.0,20703.0,20719.0,20732.0,20739.0,20748.0,20763.0,20772.0,20783.0,20792.0,20806.0,20823.0,20848.0,20866.0,20876.0,20896.0,20906.0,20915.0,20923.0,20937.0,20943.0,20954.0,20962.0,20970.0,20977.0,20980.0,20985.0,20995.0,20997.0,21003.0,21007.0,21014.0,21021.0,21032.0,,,,,,,,,21148.0,21156.0,21163.0,21167.0,21186.0,21198.0,21221.0,21241.0,21268.0,21284.0,21293.0,21307.0,21316.0,21324.0,21337.0,21348.0,21364.0,21384.0,21402.0,21413.0,21425.0,21437.0,21445.0,21450.0,21459.0,21473.0,21483.0,21494.0,21499.0,21507.0,21520.0,21528.0,21533.0,21543.0,21549.0,21560.0,21566.0,21571.0,21583.0,21586.0,21597.0,21607.0,21620.0,21626.0,21633.0,21643.0,21652.0,21666.0,21676.0,21683.0,21692.0,21701.0,21709.0,21716.0,21722.0,21733.0,21743.0,21785.0,21798.0,21810.0,21817.0,21823.0,21832.0,21838.0,21843.0,21857.0,21864.0,21878.0,21887.0,21898.0,21903.0,21910.0,21922.0,21928.0,21935.0,21941.0,21947.0,21954.0,21961.0,21974.0,21984.0,21992.0,21998.0,22001.0,22007.0,22009.0,22015.0,22027.0,22030.0,22032.0,22038.0,22040.0,22047.0,22050.0,22060.0,22075.0,22083.0,22093.0,22097.0,22102.0,22106.0,22113.0,22115.0,22118.0,22126.0,22130.0,22133.0,22145.0,22152.0,22161.0,22168.0,22172.0,22175.0,22181.0,22191.0,22200.0,22205.0,22218.0,22223.0,22227.0,22231.0,,22248.0,22253.0,22260.0,22264.0,22266.0,22271.0,22279.0,22284.0,22287.0,22292.0,22302.0,22308.0,22313.0,22321.0,22327.0,22333.0,22344.0,22349.0,22353.0,22355.0,22358.0,22364.0,22370.0,22375.0,22380.0,22386.0,22389.0,22398.0,22406.0,22409.0,22410.0,22417.0,22423.0,22430.0,22433.0,22439.0,22442.0,22447.0,22454.0,22461.0,22466.0,22469.0,22474.0,22477.0,22482.0,22491.0,22503.0,22512.0,22525.0,22534.0,22547.0,22558.0,22567.0,22578.0,22584.0,22589.0,22605.0,22615.0,22625.0,22637.0,22646.0,22651.0,22656.0,22663.0,22674.0,22691.0,22706.0,22724.0,22737.0,22749.0,22771.0,22794.0,22816.0,22837.0,22864.0,22886.0,22915.0,22941.0,22966.0,22982.0,22997.0,23009.0,23026.0,23036.0,23049.0,23057.0,23068.0,23076.0,23082.0,23091.0,23099.0,23102.0,23111.0,23124.0,23138.0,23150.0,23158.0,23165.0,23174.0,23180.0,23191.0,23200.0,23209.0,23216.0,23224.0,23236.0,23248.0,23268.0,23274.0,23286.0,23287.0,23300.0,23307.0,23321
jUaxE7vd0yc,15030.0,15054.0,15074.0,15095.0,15124.0,15150.0,15161.0,15194.0,15222.0,15249.0,15276.0,15309.0,15325.0,15339.0,15360.0,15373.0,15389.0,15405.0,15427.0,15444.0,15461.0,15478.0,15502.0,15528.0,15544.0,15562.0,15585.0,15597.0,15617.0,15641.0,15655.0,15665.0,15687.0,15703.0,15718.0,15741.0,15757.0,15783.0,15800.0,15813.0,15827.0,15845.0,15852.0,15876.0,15888.0,15896.0,15910.0,15928.0,15941.0,15954.0,15966.0,15975.0,15984.0,15994.0,16001.0,16016.0,16030.0,16047.0,16054.0,16070.0,16089.0,16112.0,16129.0,16147.0,16162.0,16179.0,16189.0,16202.0,16218.0,16236.0,16258.0,16288.0,16304.0,16331.0,16363.0,16383.0,16411.0,16432.0,16454.0,16479.0,16491.0,16534.0,16554.0,16592.0,16628.0,16668.0,16718.0,16755.0,16784.0,16816.0,16836.0,16852.0,16875.0,16904.0,16950.0,16982.0,17016.0,17038.0,17055.0,17072.0,17090.0,17103.0,17122.0,17143.0,17164.0,17182.0,17194.0,17207.0,17223.0,17234.0,17265.0,17274.0,17292.0,17319.0,17330.0,17344.0,17362.0,17383.0,17395.0,17414.0,17428.0,17442.0,17453.0,17468.0,17479.0,17487.0,17496.0,17510.0,17523.0,17533.0,17543.0,17556.0,17565.0,17580.0,,,,,,,,,17704.0,17719.0,17730.0,17735.0,17753.0,17761.0,17792.0,17804.0,17819.0,17834.0,17855.0,17874.0,17891.0,17904.0,17913.0,17919.0,17927.0,17938.0,17953.0,17963.0,17967.0,17978.0,17985.0,17998.0,18007.0,18015.0,18024.0,18040.0,18050.0,18063.0,18071.0,18076.0,18082.0,18092.0,18103.0,18111.0,18123.0,18139.0,18152.0,18161.0,18180.0,18198.0,18216.0,18221.0,18236.0,18243.0,18256.0,18268.0,18279.0,18297.0,18320.0,18359.0,18412.0,18454.0,18482.0,18504.0,18522.0,18545.0,18563.0,18579.0,18590.0,18609.0,18629.0,18643.0,18653.0,18664.0,18678.0,18692.0,18700.0,18720.0,18731.0,18735.0,18741.0,18773.0,18785.0,18796.0,18807.0,18820.0,18826.0,18838.0,18844.0,18848.0,18857.0,18865.0,18874.0,18882.0,18886.0,18905.0,18914.0,18923.0,18933.0,18944.0,18950.0,18955.0,18963.0,18973.0,18978.0,18991.0,19002.0,19009.0,19019.0,19029.0,19037.0,19048.0,19061.0,19066.0,19068.0,19075.0,19084.0,19093.0,19104.0,19112.0,19117.0,19126.0,19133.0,19137.0,19141.0,19149.0,19155.0,19159.0,19162.0,,19168.0,19170.0,19176.0,19180.0,19186.0,19192.0,19200.0,19204.0,19211.0,19219.0,19226.0,19227.0,19229.0,19234.0,19238.0,19244.0,19251.0,19258.0,19263.0,19264.0,19270.0,19275.0,19284.0,19291.0,19297.0,19302.0,19307.0,19315.0,19322.0,19326.0,19331.0,19336.0,19341.0,19345.0,19355.0,19360.0,19364.0,19373.0,19375.0,19379.0,19385.0,19387.0,19398.0,19408.0,19412.0,19422.0,19433.0,19452.0,19464.0,19474.0,19482.0,19488.0,19493.0,19501.0,19506.0,19515.0,19527.0,19537.0,19541.0,19545.0,19555.0,19562.0,19563.0,19563.0,19566.0,19572.0,19579.0,19583.0,19590.0,19596.0,19601.0,19607.0,19616.0,19622.0,19638.0,19646.0,19652.0,19663.0,19675.0,19686.0,19699.0,19709.0,19723.0,19731.0,19735.0,19738.0,19748.0,19752.0,19754.0,19756.0,19760.0,19765.0,19768.0,19773.0,19779.0,19785.0,19789.0,19792.0,19794.0,19795.0,19802.0,19804.0,19805.0,19810.0,19815.0,19825.0,19830.0,19835.0,19838.0,19840.0,19847.0,19856.0,19865.0,19877
9trNIRzbPMc,10642392.0,10643801.0,10645371.0,10646944.0,10648360.0,10649938.0,10651340.0,10652933.0,10654498.0,10656167.0,10657890.0,10659449.0,10661095.0,10662648.0,10664347.0,10665934.0,10667629.0,10669139.0,10670625.0,10672094.0,10673549.0,10674966.0,10676367.0,10677886.0,10679427.0,10680763.0,10682179.0,10683554.0,10684964.0,10686358.0,10687823.0,10689277.0,10690664.0,10692001.0,10693429.0,10694799.0,10696313.0,10698122.0,10699707.0,10701190.0,10702486.0,10703749.0,10705034.0,10706395.0,10707698.0,10708982.0,10710261.0,10711604.0,10713000.0,10714407.0,10715685.0,10717003.0,10718167.0,10719307.0,10720534.0,10721825.0,10723064.0,10724410.0,10725953.0,10727553.0,10729017.0,10730464.0,10731968.0,10733600.0,10735223.0,10736821.0,10738333.0,10739876.0,10741156.0,10742884.0,10744392.0,10745940.0,10747604.0,10749231.0,10750769.0,10752325.0,10753847.0,10755500.0,10757066.0,10758649.0,10760145.0,10761631.0,10763002.0,10764438.0,10765838.0,10767367.0,10768813.0,10770311.0,10771782.0,10773171.0,10774578.0,10775895.0,10777212.0,10778700.0,10780248.0,10781673.0,10782985.0,10784292.0,10785581.0,10786836.0,10788147.0,10789681.0,10791074.0,10792355.0,10793785.0,10795122.0,10796644.0,10798182.0,10799602.0,10800952.0,10802302.0,10803618.0,10804917.0,10806198.0,10807577.0,10809246.0,10810718.0,10812255.0,10813785.0,10815283.0,10816900.0,10818678.0,10820368.0,10821971.0,10823544.0,10825273.0,10826703.0,10828314.0,10829854.0,10831375.0,10832809.0,10834055.0,10835266.0,10836484.0,,,,,,,,,10847730.0,10848854.0,10850013.0,10851057.0,10852155.0,10853165.0,10854142.0,10855144.0,10856328.0,10857373.0,10858379.0,10859291.0,10860308.0,10861497.0,10862620.0,10863747.0,10864838.0,10866078.0,10867324.0,10868612.0,10869803.0,10871245.0,10872631.0,10873881.0,10875199.0,10876446.0,10877808.0,10879182.0,10880423.0,10881765.0,10882945.0,10884069.0,10885239.0,10886386.0,10887588.0,10888777.0,10890071.0,10891275.0,10892620.0,10893957.0,10895224.0,10896463.0,10897623.0,10898806.0,10899954.0,10901146.0,10902510.0,10903824.0,10905128.0,10906425.0,10907659.0,10908853.0,10910137.0,10911384.0,10912631.0,10913900.0,10915219.0,10916296.0,10917366.0,10918484.0,10919571.0,10920537.0,10921534.0,10922549.0,10923616.0,10924700.0,10925847.0,10926986.0,10927839.0,10928849.0,10929815.0,10930881.0,10931923.0,10933089.0,10934328.0,10935513.0,10936949.0,10938345.0,10939778.0,10941115.0,10942458.0,10943731.0,10945298.0,10946695.0,10948053.0,10949374.0,10950568.0,10951819.0,10953075.0,10954777.0,10956391.0,10958058.0,10959660.0,10961172.0,10962503.0,10964043.0,10965628.0,10966942.0,10968368.0,10969696.0,10971030.0,10972278.0,10973574.0,10974931.0,10976277.0,10977580.0,10978830.0,10980089.0,10981283.0,10982405.0,10983600.0,10984891.0,10986179.0,10987392.0,10988554.0,10989685.0,10990824.0,10991898.0,10993006.0,10994213.0,10995354.0,,10997490.0,10998681.0,10999894.0,11001066.0,11002259.0,11003426.0,11004475.0,11005552.0,11006605.0,11007684.0,11008824.0,11010023.0,11011098.0,11012182.0,11013267.0,11014561.0,11015813.0,11017234.0,11018818.0,11020277.0,11021724.0,11023131.0,11024355.0,11025534.0,11026744.0,11027913.0,11028985.0,11030124.0,11031197.0,11032317.0,11033493.0,11034643.0,11035750.0,11036865.0,11037939.0,11039135.0,11040299.0,11041478.0,11042723.0,11043935.0,11045114.0,11046295.0,11047492.0,11048656.0,11049784.0,11050842.0,11051955.0,11053063.0,11054137.0,11055220.0,11056362.0,11057477.0,11058494.0,11059631.0,11060788.0,11061811.0,11062821.0,11063842.0,11064846.0,11065939.0,11067287.0,11068535.0,11069620.0,11070729.0,11072043.0,11073332.0,11074668.0,11075928.0,11077123.0,11078346.0,11079488.0,11080465.0,11081368.0,11082462.0,11083558.0,11084645.0,11085766.0,11086901.0,11088073.0,11089256.0,11090531.0,11091742.0,11092879.0,11094024.0,11095152.0,11096298.0,11097552.0,11098869.0,11100091.0,11101218.0,11102368.0,11103516.0,11104663.0,11105772.0,11106897.0,11108058.0,11109248.0,11110515.0,11111608.0,11112710.0,11113819.0,11114951.0,11116070.0,11117114.0,11118189.0,11119366.0,11120465.0,11121564.0,11122582.0,11123709.0,11124678.0,11125657.0,11126705.0,11127850
SF9qc-I7EeQ,4742220.0,4743711.0,4745255.0,4746614.0,4748039.0,4749385.0,4750779.0,4752254.0,4753691.0,4755121.0,4756691.0,4758132.0,4759482.0,4760824.0,4762229.0,4763799.0,4765243.0,4766582.0,4767976.0,4769412.0,4770823.0,4772455.0,4773754.0,4774954.0,4776089.0,4777211.0,4778369.0,4779614.0,4781049.0,4782388.0,4783606.0,4784787.0,4785966.0,4787163.0,4788466.0,4789806.0,4791446.0,4793318.0,4794924.0,4796438.0,4797988.0,4799469.0,4801233.0,4803067.0,4804738.0,4806366.0,4807708.0,4809132.0,4810628.0,4812112.0,4813617.0,4815143.0,4816577.0,4817884.0,4819266.0,4820531.0,4821895.0,4823164.0,4824586.0,4826029.0,4827367.0,4828661.0,4830054.0,4831404.0,4832645.0,4833939.0,4835170.0,4836350.0,4837497.0,4839038.0,4840381.0,4841786.0,4843150.0,4844566.0,4845997.0,4847451.0,4848812.0,4850181.0,4851596.0,4852905.0,4854199.0,4855716.0,4857053.0,4858431.0,4859706.0,4861023.0,4862421.0,4863790.0,4865056.0,4866112.0,4867161.0,4868419.0,4869591.0,4870830.0,4872067.0,4873396.0,4874596.0,4875820.0,4877074.0,4878177.0,4879332.0,4880530.0,4881708.0,4882896.0,4884240.0,4885486.0,4886651.0,4887756.0,4888804.0,4889867.0,4891021.0,4892225.0,4893440.0,4894610.0,4895657.0,4896783.0,4897834.0,4899163.0,4900418.0,4901579.0,4902764.0,4903874.0,4905032.0,4906193.0,4907568.0,4908976.0,4910375.0,4911661.0,4912845.0,4914000.0,4915132.0,4916329.0,4917444.0,4918590.0,,,,,,,,,4929153.0,4930324.0,4931372.0,4932506.0,4933558.0,4934513.0,4935456.0,4936337.0,4937364.0,4938332.0,4939281.0,4940202.0,4941133.0,4942185.0,4943164.0,4944158.0,4945197.0,4946279.0,4947426.0,4948696.0,4949983.0,4951319.0,4952791.0,4954213.0,4955672.0,4957101.0,4958853.0,4960446.0,4962065.0,4963628.0,4965271.0,4966678.0,4968052.0,4969251.0,4970569.0,4971754.0,4972921.0,4974147.0,4975659.0,4977005.0,4978399.0,4979885.0,4981162.0,4982379.0,4983584.0,4984791.0,4986211.0,4987704.0,4989114.0,4990377.0,4991599.0,4992865.0,4994179.0,4995588.0,4996742.0,4998319.0,4999754.0,5001165.0,5002585.0,5003917.0,5005148.0,5006332.0,5007499.0,5008630.0,5009752.0,5010891.0,5011993.0,5013236.0,5014192.0,5015196.0,5016278.0,5017382.0,5018466.0,5019664.0,5020849.0,5022007.0,5023328.0,5024735.0,5026010.0,5027390.0,5028767.0,5029970.0,5031556.0,5032811.0,5034000.0,5035220.0,5036499.0,5037691.0,5038901.0,5040227.0,5041588.0,5043048.0,5044446.0,5045774.0,5047257.0,5048759.0,5050129.0,5051615.0,5052978.0,5054201.0,5055565.0,5056822.0,5058082.0,5059299.0,5060509.0,5061718.0,5062937.0,5064223.0,5065420.0,5066516.0,5067607.0,5068679.0,5069887.0,5071051.0,5072384.0,5073596.0,5074788.0,5076041.0,5077321.0,5078657.0,5080053.0,,5082913.0,5084331.0,5085667.0,5087028.0,5088267.0,5089521.0,5090879.0,5092091.0,5093388.0,5094774.0,5096147.0,5097458.0,5098809.0,5100074.0,5101230.0,5102309.0,5103525.0,5104829.0,5106222.0,5107559.0,5108824.0,5110139.0,5111438.0,5112742.0,5114056.0,5115453.0,5116588.0,5117698.0,5118727.0,5119891.0,5121213.0,5122362.0,5123466.0,5124522.0,5125674.0,5126850.0,5128051.0,5129383.0,5130672.0,5131818.0,5132980.0,5134169.0,5135384.0,5136602.0,5137791.0,5138948.0,5140175.0,5141290.0,5142425.0,5143468.0,5144481.0,5145438.0,5146364.0,5147318.0,5148356.0,5149446.0,5150522.0,5151591.0,5152769.0,5153935.0,5155071.0,5156148.0,5157260.0,5158431.0,5159679.0,5160690.0,5161739.0,5162521.0,5163284.0,5164110.0,5164967.0,5165805.0,5166686.0,5167647.0,5168588.0,5169588.0,5170609.0,5171692.0,5172744.0,5173746.0,5174784.0,5175666.0,5176665.0,5177597.0,5178626.0,5179556.0,5180641.0,5181841.0,5183015.0,5184156.0,5185266.0,5186310.0,5187424.0,5188430.0,5189469.0,5190460.0,5191492.0,5192580.0,5193619.0,5194695.0,5195628.0,5196583.0,5197438.0,5198347.0,5199358.0,5200499.0,5201517.0,5202651.0,5203654.0,5204640.0,5205445.0,5206256.0,5207148.0,5208018
8ujllTK6w3k,1551890.0,1552255.0,1552705.0,1553147.0,1553625.0,1554115.0,1554562.0,1555060.0,1555514.0,1556005.0,1556530.0,1556948.0,1557423.0,1557880.0,1558211.0,1558644.0,1559090.0,1559503.0,1559881.0,1560315.0,1560705.0,1561109.0,1561512.0,1561942.0,1562333.0,1562790.0,1563249.0,1563714.0,1564189.0,1564619.0,1565025.0,1565449.0,1565818.0,1566273.0,1566727.0,1567038.0,1567581.0,1568125.0,1568589.0,1569030.0,1569533.0,1569936.0,1570374.0,1570844.0,1571217.0,1571623.0,1572065.0,1572501.0,1572966.0,1573479.0,1573947.0,1574434.0,1574880.0,1575315.0,1575879.0,1576363.0,1576869.0,1577366.0,1577915.0,1578455.0,1578916.0,1579458.0,1579979.0,1580476.0,1580958.0,1581452.0,1581897.0,1582284.0,1582664.0,1583213.0,1583890.0,1584411.0,1584920.0,1585363.0,1585812.0,1586252.0,1586639.0,1587029.0,1587433.0,1587824.0,1588148.0,1588568.0,1589104.0,1589479.0,1589900.0,1590324.0,1590695.0,1591066.0,1591477.0,1591842.0,1592224.0,1592650.0,1593067.0,1593596.0,1594023.0,1594452.0,1594813.0,1595189.0,1595561.0,1595957.0,1596361.0,1596734.0,1597134.0,1597520.0,1597951.0,1598343.0,1598726.0,1599138.0,1599574.0,1600039.0,1600500.0,1600944.0,1601365.0,1601767.0,1602176.0,1602604.0,1603019.0,1603489.0,1603904.0,1604275.0,1604680.0,1605132.0,1605483.0,1605852.0,1606232.0,1606779.0,1607214.0,1607650.0,1608064.0,1608550.0,1608963.0,1609358.0,1609700.0,1610027.0,,,,,,,,,1613569.0,1614042.0,1614423.0,1614808.0,1615147.0,1615508.0,1615934.0,1616290.0,1616688.0,1617011.0,1617359.0,1617685.0,1617977.0,1618427.0,1618809.0,1619189.0,1619574.0,1619992.0,1620372.0,1620653.0,1620981.0,1621340.0,1621702.0,1622067.0,1622418.0,1622792.0,1623227.0,1623581.0,1623949.0,1624338.0,1624752.0,1625137.0,1625521.0,1625901.0,1626271.0,1626662.0,1627046.0,1627441.0,1627800.0,1628133.0,1628556.0,1628984.0,1629411.0,1629770.0,1630236.0,1630651.0,1631051.0,1631580.0,1632055.0,1632466.0,1632911.0,1633329.0,1633744.0,1634141.0,1634584.0,1635014.0,1635508.0,1635961.0,1636394.0,1636915.0,1637331.0,1637776.0,1638295.0,1638838.0,1639279.0,1639729.0,1640210.0,1640765.0,1641108.0,1641549.0,1642066.0,1642553.0,1643022.0,1643594.0,1644073.0,1644564.0,1645115.0,1645543.0,1646054.0,1646755.0,1647437.0,1648003.0,1648704.0,1649326.0,1650067.0,1650725.0,1651303.0,1651804.0,1652252.0,1652648.0,1653246.0,1653864.0,1654503.0,1655112.0,1655574.0,1656103.0,1656605.0,1657118.0,1657605.0,1657982.0,1658502.0,1659018.0,1659552.0,1660018.0,1660573.0,1661056.0,1661550.0,1662053.0,1662570.0,1663085.0,1663699.0,1664157.0,1664629.0,1665093.0,1665550.0,1666053.0,1666467.0,1666917.0,1667376.0,1667851.0,1668320.0,,1669108.0,1669586.0,1670144.0,1670607.0,1671127.0,1671611.0,1672107.0,1672473.0,1672923.0,1673385.0,1673872.0,1674348.0,1674785.0,1675244.0,1675690.0,1676147.0,1676538.0,1676945.0,1677338.0,1677792.0,1678250.0,1678666.0,1679149.0,1679572.0,1680028.0,1680442.0,1680833.0,1681168.0,1681563.0,1681914.0,1682350.0,1682694.0,1683006.0,1683344.0,1683673.0,1684073.0,1684444.0,1684879.0,1685360.0,1685801.0,1686262.0,1686646.0,1687100.0,1687577.0,1688064.0,1688440.0,1688970.0,1689547.0,1690040.0,1690483.0,1691024.0,1691429.0,1691792.0,1692147.0,1692562.0,1692944.0,1693347.0,1693725.0,1694130.0,1694499.0,1694839.0,1695218.0,1695583.0,1696001.0,1696492.0,1696913.0,1697377.0,1697766.0,1698213.0,1698637.0,1699003.0,1699432.0,1699759.0,1700151.0,1700560.0,1700829.0,1701184.0,1701578.0,1701939.0,1702303.0,1702649.0,1702957.0,1703284.0,1703594.0,1703963.0,1704292.0,1704579.0,1704961.0,1705274.0,1705590.0,1705901.0,1706186.0,1706521.0,1706905.0,1707219.0,1707555.0,1707866.0,1708215.0,1708556.0,1708899.0,1709199.0,1709486.0,1709822.0,1710119.0,1710379.0,1710788.0,1711204.0,1711554.0,1711893.0,1712277.0,1712564.0,1712852.0,1713161.0,1713476
maY8n18akp4,164452.0,164459.0,164474.0,164488.0,164500.0,164515.0,164532.0,164551.0,164569.0,164580.0,164602.0,164617.0,164640.0,164661.0,164679.0,164731.0,164756.0,164778.0,164795.0,164811.0,164832.0,164850.0,164871.0,164893.0,164918.0,164941.0,164962.0,164981.0,165000.0,165033.0,165058.0,165070.0,165097.0,165118.0,165143.0,165163.0,165187.0,165215.0,165225.0,165239.0,165257.0,165276.0,165299.0,165325.0,165346.0,165360.0,165380.0,165394.0,165403.0,165420.0,165438.0,165461.0,165473.0,165486.0,165494.0,165505.0,165518.0,165529.0,165550.0,165563.0,165576.0,165585.0,165597.0,165612.0,165628.0,165652.0,165662.0,165668.0,165679.0,165690.0,165702.0,165710.0,165723.0,165730.0,165742.0,165750.0,165769.0,165786.0,165797.0,165806.0,165826.0,165842.0,165853.0,165868.0,165883.0,165893.0,165904.0,165911.0,165919.0,165928.0,165941.0,165954.0,165959.0,165972.0,165982.0,165994.0,166005.0,166012.0,166026.0,166033.0,166047.0,166055.0,166066.0,166075.0,166095.0,166118.0,166138.0,166163.0,166176.0,166188.0,166213.0,166223.0,166239.0,166252.0,166261.0,166271.0,166282.0,166299.0,166307.0,166323.0,166329.0,166349.0,166359.0,166371.0,166377.0,166390.0,166407.0,166420.0,166429.0,166440.0,166450.0,166465.0,166473.0,166476.0,,,,,,,,,166561.0,166578.0,166591.0,166605.0,166614.0,166627.0,166631.0,166637.0,166647.0,166655.0,166670.0,166679.0,166692.0,166708.0,166716.0,166730.0,166747.0,166757.0,166777.0,166800.0,166813.0,166819.0,166828.0,166846.0,166862.0,166873.0,166883.0,166889.0,166895.0,166906.0,166919.0,166931.0,166952.0,166972.0,166979.0,166989.0,167000.0,167012.0,167021.0,167032.0,167041.0,167050.0,167060.0,167068.0,167072.0,167077.0,167087.0,167095.0,167103.0,167115.0,167127.0,167141.0,167151.0,167160.0,167173.0,167182.0,167192.0,167211.0,167222.0,167232.0,167240.0,167246.0,167255.0,167260.0,167266.0,167277.0,167282.0,167286.0,167293.0,167303.0,167314.0,167321.0,167327.0,167335.0,167347.0,167349.0,167354.0,167358.0,167365.0,167371.0,167379.0,167384.0,167392.0,167399.0,167411.0,167418.0,167423.0,167426.0,167432.0,167438.0,167444.0,167449.0,167458.0,167464.0,167467.0,167470.0,167473.0,167486.0,167490.0,167499.0,167508.0,167515.0,167520.0,167524.0,167536.0,167540.0,167549.0,167575.0,167579.0,167587.0,167600.0,167604.0,167609.0,167615.0,167617.0,167627.0,167693.0,167705.0,167711.0,167723.0,167730.0,,167752.0,167766.0,167776.0,167785.0,167791.0,167803.0,167812.0,167820.0,167825.0,167835.0,167844.0,167855.0,167874.0,167883.0,167898.0,167903.0,167914.0,167924.0,167936.0,167945.0,167956.0,167963.0,167975.0,167980.0,167989.0,167994.0,168012.0,168025.0,168034.0,168049.0,168057.0,168065.0,168074.0,168082.0,168086.0,168094.0,168114.0,168119.0,168126.0,168132.0,168141.0,168158.0,168172.0,168178.0,168185.0,168187.0,168193.0,168199.0,168205.0,168211.0,168217.0,168228.0,168241.0,168250.0,168258.0,168274.0,168286.0,168298.0,168310.0,168318.0,168327.0,168331.0,168348.0,168381.0,168393.0,168408.0,168426.0,168440.0,168449.0,168455.0,168467.0,168473.0,168487.0,168496.0,168502.0,168510.0,168518.0,168530.0,168548.0,168563.0,168577.0,168588.0,168598.0,168608.0,168619.0,168625.0,168633.0,168642.0,168656.0,168665.0,168671.0,168680.0,168689.0,168701.0,168707.0,168715.0,168725.0,168739.0,168746.0,168752.0,168764.0,168767.0,168772.0,168779.0,168788.0,168793.0,168800.0,168809.0,168820.0,168823.0,168835.0,168842.0,168854.0,168862
X-nlbiNRpI0,1410.0,1410.0,1410.0,1410.0,1410.0,1410.0,1412.0,1412.0,1412.0,1412.0,1414.0,1414.0,1414.0,1414.0,1414.0,1414.0,1414.0,1414.0,1414.0,1415.0,1415.0,1415.0,1415.0,1415.0,1415.0,1416.0,1416.0,1416.0,1416.0,1416.0,1416.0,1417.0,1417.0,1418.0,1418.0,1418.0,1419.0,1419.0,1419.0,1419.0,1419.0,1419.0,1419.0,1419.0,1419.0,1419.0,1419.0,1419.0,1420.0,1420.0,1420.0,1420.0,1420.0,1420.0,1420.0,1420.0,1420.0,1421.0,1421.0,1421.0,1421.0,1421.0,1421.0,1421.0,1422.0,1422.0,1422.0,1422.0,1423.0,1424.0,1424.0,1424.0,1424.0,1424.0,1425.0,1426.0,1426.0,1426.0,1426.0,1426.0,1426.0,1426.0,1426.0,1426.0,1426.0,1426.0,1426.0,1426.0,1426.0,1426.0,1426.0,1426.0,1426.0,1426.0,1426.0,1427.0,1428.0,1428.0,1428.0,1428.0,1428.0,1428.0,1428.0,1429.0,1429.0,1429.0,1429.0,1429.0,1429.0,1429.0,1429.0,1429.0,1429.0,1429.0,1429.0,1430.0,1430.0,1430.0,1430.0,1430.0,1430.0,1430.0,1432.0,1433.0,1433.0,1433.0,1434.0,1434.0,1434.0,1434.0,1434.0,1435.0,1435.0,1435.0,,,,,,,,,1436.0,1437.0,1438.0,1438.0,1438.0,1439.0,1439.0,1439.0,1439.0,1439.0,1439.0,1439.0,1439.0,1439.0,1439.0,1439.0,1439.0,1439.0,1439.0,1439.0,1439.0,1439.0,1440.0,1440.0,1440.0,1442.0,1444.0,1444.0,1444.0,1444.0,1444.0,1444.0,1445.0,1445.0,1445.0,1445.0,1445.0,1445.0,1446.0,1446.0,1446.0,1448.0,1448.0,1448.0,1449.0,1449.0,1449.0,1450.0,1450.0,1450.0,1450.0,1450.0,1450.0,1450.0,1450.0,1451.0,1451.0,1451.0,1451.0,1451.0,1452.0,1452.0,1452.0,1452.0,1452.0,1452.0,1452.0,1452.0,1452.0,1452.0,1453.0,1454.0,1454.0,1455.0,1455.0,1456.0,1457.0,1457.0,1457.0,1457.0,1457.0,1457.0,1457.0,1457.0,1457.0,1457.0,1457.0,1457.0,1458.0,1458.0,1458.0,1458.0,1458.0,1458.0,1458.0,1458.0,1458.0,1458.0,1462.0,1462.0,1463.0,1463.0,1463.0,1463.0,1463.0,1463.0,1464.0,1464.0,1464.0,1464.0,1464.0,1464.0,1464.0,1465.0,1465.0,1465.0,1466.0,1466.0,1466.0,1466.0,1466.0,,1467.0,1467.0,1467.0,1467.0,1468.0,1468.0,1468.0,1469.0,1469.0,1470.0,1472.0,1472.0,1472.0,1472.0,1472.0,1473.0,1473.0,1473.0,1473.0,1474.0,1474.0,1474.0,1474.0,1476.0,1478.0,1478.0,1481.0,1481.0,1481.0,1481.0,1482.0,1482.0,1482.0,1484.0,1485.0,1485.0,1485.0,1485.0,1485.0,1485.0,1485.0,1485.0,1485.0,1485.0,1485.0,1485.0,1486.0,1487.0,1487.0,1488.0,1488.0,1488.0,1488.0,1488.0,1488.0,1488.0,1489.0,1490.0,1491.0,1491.0,1492.0,1492.0,1492.0,1492.0,1492.0,1492.0,1492.0,1492.0,1492.0,1493.0,1494.0,1494.0,1494.0,1495.0,1495.0,1495.0,1495.0,1495.0,1495.0,1495.0,1495.0,1495.0,1496.0,1496.0,1496.0,1496.0,1496.0,1496.0,1496.0,1496.0,1496.0,1496.0,1496.0,1497.0,1498.0,1498.0,1498.0,1498.0,1498.0,1498.0,1498.0,1498.0,1498.0,1498.0,1498.0,1498.0,1498.0,1498.0,1498.0,1498.0,1498.0,1498.0,1499.0,1499
Scr1XLJyFRQ,485.0,485.0,485.0,485.0,487.0,490.0,491.0,492.0,492.0,492.0,493.0,494.0,494.0,495.0,497.0,498.0,499.0,500.0,500.0,501.0,501.0,502.0,502.0,502.0,503.0,503.0,503.0,504.0,505.0,505.0,505.0,505.0,505.0,506.0,506.0,506.0,507.0,507.0,507.0,508.0,508.0,508.0,508.0,508.0,508.0,509.0,511.0,511.0,511.0,511.0,511.0,512.0,512.0,512.0,512.0,512.0,513.0,513.0,513.0,513.0,513.0,514.0,514.0,514.0,516.0,516.0,519.0,519.0,519.0,522.0,522.0,522.0,523.0,524.0,524.0,524.0,524.0,524.0,525.0,525.0,526.0,527.0,527.0,527.0,527.0,529.0,530.0,530.0,530.0,530.0,530.0,531.0,532.0,532.0,534.0,535.0,535.0,537.0,538.0,538.0,538.0,539.0,540.0,540.0,540.0,542.0,543.0,545.0,546.0,548.0,550.0,551.0,552.0,552.0,554.0,555.0,556.0,557.0,558.0,559.0,559.0,559.0,561.0,561.0,562.0,562.0,563.0,563.0,563.0,564.0,565.0,566.0,566.0,567.0,,,,,,,,,570.0,572.0,572.0,572.0,584.0,585.0,586.0,586.0,587.0,587.0,588.0,588.0,589.0,592.0,592.0,592.0,592.0,592.0,593.0,595.0,595.0,595.0,595.0,595.0,598.0,599.0,600.0,601.0,601.0,603.0,603.0,604.0,603.0,604.0,605.0,607.0,607.0,607.0,609.0,609.0,610.0,611.0,611.0,611.0,611.0,612.0,613.0,613.0,613.0,613.0,614.0,614.0,614.0,614.0,614.0,614.0,614.0,614.0,614.0,614.0,614.0,614.0,614.0,614.0,614.0,615.0,616.0,616.0,616.0,616.0,616.0,618.0,618.0,618.0,618.0,619.0,620.0,621.0,621.0,621.0,621.0,621.0,621.0,621.0,621.0,622.0,622.0,622.0,622.0,624.0,625.0,629.0,629.0,630.0,630.0,630.0,631.0,633.0,633.0,633.0,634.0,637.0,638.0,638.0,638.0,638.0,638.0,639.0,639.0,641.0,642.0,643.0,644.0,645.0,645.0,645.0,645.0,645.0,645.0,646.0,646.0,,646.0,646.0,646.0,646.0,646.0,646.0,648.0,651.0,651.0,652.0,652.0,652.0,652.0,652.0,652.0,652.0,652.0,652.0,652.0,652.0,653.0,653.0,653.0,653.0,653.0,653.0,653.0,653.0,653.0,653.0,653.0,653.0,653.0,653.0,653.0,653.0,653.0,653.0,653.0,653.0,653.0,655.0,655.0,655.0,655.0,655.0,655.0,655.0,655.0,655.0,655.0,657.0,657.0,657.0,657.0,658.0,658.0,658.0,658.0,658.0,658.0,658.0,659.0,660.0,661.0,661.0,661.0,663.0,663.0,663.0,663.0,663.0,663.0,663.0,663.0,663.0,664.0,665.0,666.0,667.0,667.0,667.0,667.0,667.0,667.0,667.0,667.0,667.0,667.0,667.0,667.0,667.0,667.0,667.0,667.0,667.0,667.0,667.0,667.0,669.0,670.0,670.0,670.0,671.0,671.0,671.0,671.0,671.0,671.0,671.0,671.0,672.0,673.0,673
MaTg5pDPpCM,301812.0,301944.0,302097.0,302205.0,302330.0,302499.0,302682.0,302905.0,303085.0,303235.0,303382.0,303579.0,303755.0,303927.0,304109.0,304321.0,304515.0,304656.0,304906.0,305145.0,305342.0,305580.0,305757.0,305910.0,306057.0,306219.0,306333.0,306517.0,306698.0,306842.0,306973.0,307070.0,307191.0,307346.0,307478.0,307600.0,307744.0,307842.0,307984.0,308099.0,308253.0,308384.0,308528.0,308634.0,308748.0,308883.0,309024.0,309181.0,309331.0,309495.0,309626.0,309753.0,309872.0,309995.0,310129.0,310275.0,310424.0,310551.0,310669.0,310784.0,310936.0,311083.0,311255.0,311423.0,311587.0,311771.0,311891.0,312002.0,312094.0,312252.0,312364.0,312467.0,312589.0,312710.0,312849.0,312976.0,313120.0,313233.0,313353.0,313472.0,313574.0,313706.0,313842.0,313992.0,314137.0,314308.0,314429.0,314546.0,314662.0,314823.0,314951.0,315078.0,315249.0,315385.0,315509.0,315640.0,315785.0,315893.0,316025.0,316159.0,316292.0,316408.0,316546.0,316685.0,316823.0,316949.0,317057.0,317175.0,317310.0,317459.0,317576.0,317736.0,317893.0,318057.0,318179.0,318302.0,318474.0,318631.0,318791.0,318942.0,319072.0,319187.0,319304.0,319443.0,319559.0,319690.0,319818.0,319981.0,320097.0,320219.0,320339.0,320498.0,320651.0,320816.0,,,,,,,,,322123.0,322229.0,322385.0,322522.0,322664.0,322782.0,322937.0,323050.0,323147.0,323288.0,323434.0,323607.0,323743.0,323912.0,324039.0,324134.0,324261.0,324393.0,324558.0,324669.0,324807.0,324921.0,325012.0,325132.0,325286.0,325436.0,325582.0,325715.0,325816.0,325910.0,326035.0,326178.0,326297.0,326413.0,326525.0,326635.0,326745.0,326843.0,326969.0,327109.0,327228.0,327325.0,327442.0,327556.0,327675.0,327834.0,327965.0,328088.0,328199.0,328311.0,328423.0,328526.0,328679.0,328801.0,328914.0,329041.0,329145.0,329271.0,329423.0,329581.0,329717.0,329824.0,329964.0,330100.0,330206.0,330369.0,330540.0,330644.0,330731.0,330825.0,330928.0,331035.0,331172.0,331307.0,331436.0,331577.0,331689.0,331802.0,331908.0,332024.0,332147.0,332276.0,332410.0,332566.0,332675.0,332765.0,332916.0,333081.0,333249.0,333391.0,333529.0,333645.0,333781.0,333932.0,334087.0,334190.0,334333.0,334466.0,334572.0,334650.0,334778.0,334897.0,335043.0,335195.0,335376.0,335617.0,335809.0,336024.0,336191.0,336370.0,336582.0,336796.0,336953.0,337105.0,337224.0,337369.0,337501.0,337630.0,337779.0,337903.0,338022.0,,338253.0,338361.0,338481.0,338624.0,338731.0,338831.0,338941.0,339094.0,339233.0,339412.0,339562.0,339686.0,339793.0,339930.0,340039.0,340167.0,340276.0,340377.0,340475.0,340567.0,340705.0,340843.0,340942.0,341048.0,341175.0,341282.0,341362.0,341470.0,341602.0,341719.0,341830.0,341927.0,342008.0,342125.0,342239.0,342332.0,342430.0,342544.0,342643.0,342721.0,342815.0,342948.0,343062.0,343213.0,343337.0,343435.0,343565.0,343692.0,343848.0,343999.0,344131.0,344252.0,344405.0,344531.0,344634.0,344775.0,344915.0,345031.0,345162.0,345276.0,345402.0,345482.0,345610.0,345719.0,345848.0,345990.0,346125.0,346290.0,346402.0,346538.0,346650.0,346762.0,346893.0,347003.0,347105.0,347217.0,347343.0,347480.0,347605.0,347735.0,347820.0,347908.0,347976.0,348080.0,348190.0,348270.0,348345.0,348441.0,348518.0,348598.0,348668.0,348740.0,348822.0,348922.0,349016.0,349120.0,349221.0,349314.0,349418.0,349497.0,349598.0,349682.0,349763.0,349847.0,349973.0,350088.0,350203.0,350310.0,350416.0,350496.0,350593.0,350699.0,350799.0,350929
1ya2CM86qsE,134986.0,135046.0,135104.0,135166.0,135200.0,135256.0,135337.0,135390.0,135456.0,135506.0,135565.0,135627.0,135667.0,135721.0,135774.0,135842.0,135909.0,135968.0,136048.0,136097.0,136160.0,136240.0,136343.0,136432.0,136482.0,136544.0,136603.0,136644.0,136715.0,136758.0,136812.0,136845.0,136915.0,136990.0,137053.0,137096.0,137144.0,137197.0,137234.0,137294.0,137337.0,137384.0,137435.0,137486.0,137531.0,137570.0,137628.0,137665.0,137710.0,137759.0,137826.0,137875.0,137919.0,137979.0,138044.0,138099.0,138143.0,138205.0,138239.0,138279.0,138341.0,138388.0,138437.0,138476.0,138538.0,138599.0,138660.0,138714.0,138759.0,138811.0,138856.0,138904.0,138951.0,138985.0,139038.0,139074.0,139121.0,139165.0,139195.0,139234.0,139275.0,139334.0,139379.0,139414.0,139456.0,139501.0,139548.0,139590.0,139635.0,139678.0,139721.0,139769.0,139822.0,139858.0,139891.0,139930.0,139967.0,139997.0,140032.0,140082.0,140110.0,140151.0,140176.0,140217.0,140268.0,140316.0,140356.0,140403.0,140450.0,140499.0,140550.0,140598.0,140668.0,140708.0,140744.0,140790.0,140846.0,140895.0,140934.0,140989.0,141022.0,141051.0,141099.0,141137.0,141186.0,141237.0,141284.0,141330.0,141371.0,141409.0,141451.0,141496.0,141537.0,141574.0,,,,,,,,,141933.0,141974.0,142011.0,142058.0,142095.0,142124.0,142157.0,142188.0,142224.0,142263.0,142295.0,142336.0,142374.0,142414.0,142443.0,142479.0,142524.0,142581.0,142614.0,142649.0,142678.0,142709.0,142745.0,142782.0,142828.0,142861.0,142905.0,142931.0,142959.0,143000.0,143025.0,143042.0,143066.0,143109.0,143145.0,143179.0,143195.0,143217.0,143254.0,143286.0,143336.0,143375.0,143411.0,143449.0,143492.0,143523.0,143570.0,143612.0,143665.0,143710.0,143794.0,143828.0,143886.0,143924.0,143964.0,144011.0,144059.0,144111.0,144168.0,144260.0,144309.0,144349.0,144385.0,144443.0,144477.0,144531.0,144571.0,144615.0,144647.0,144701.0,144726.0,144764.0,144812.0,144867.0,144906.0,144963.0,145026.0,145060.0,145093.0,145130.0,145175.0,145207.0,145277.0,145324.0,145367.0,145405.0,145457.0,145501.0,145550.0,145599.0,145639.0,145691.0,145744.0,145782.0,145830.0,145869.0,145926.0,145981.0,146020.0,146051.0,146100.0,146150.0,146196.0,146247.0,146314.0,146363.0,146408.0,146454.0,146498.0,146559.0,146592.0,146629.0,146663.0,146692.0,146735.0,146767.0,146800.0,146844.0,146878.0,146905.0,146937.0,,147017.0,147067.0,147113.0,147148.0,147180.0,147218.0,147256.0,147295.0,147343.0,147383.0,147418.0,147455.0,147494.0,147532.0,147562.0,147613.0,147667.0,147714.0,147758.0,147796.0,147836.0,147859.0,147879.0,147905.0,147941.0,147969.0,148007.0,148045.0,148073.0,148108.0,148153.0,148182.0,148207.0,148224.0,148253.0,148280.0,148306.0,148337.0,148357.0,148391.0,148423.0,148447.0,148472.0,148493.0,148516.0,148546.0,148570.0,148600.0,148626.0,148668.0,148701.0,148744.0,148776.0,148802.0,148835.0,148854.0,148891.0,148926.0,148966.0,149019.0,149050.0,149092.0,149132.0,149168.0,149200.0,149254.0,149292.0,149318.0,149351.0,149389.0,149425.0,149456.0,149481.0,149506.0,149529.0,149554.0,149591.0,149622.0,149665.0,149702.0,149727.0,149751.0,149776.0,149806.0,149839.0,149875.0,149917.0,149967.0,149993.0,150015.0,150042.0,150078.0,150111.0,150141.0,150166.0,150186.0,150207.0,150234.0,150261.0,150283.0,150367.0,150420.0,150445.0,150468.0,150497.0,150530.0,150569.0,150596.0,150624.0,150651.0,150677.0,150703.0,150747.0,150769
Z4KIukbzkRM,390555.0,390734.0,390956.0,391175.0,391385.0,391716.0,391969.0,392263.0,392554.0,392821.0,393137.0,393412.0,393646.0,393920.0,394194.0,394490.0,394729.0,394951.0,395198.0,395422.0,395678.0,395925.0,396205.0,396451.0,396735.0,397019.0,397271.0,397564.0,397893.0,398235.0,398527.0,398786.0,399110.0,399366.0,399679.0,399966.0,400280.0,400587.0,400859.0,401115.0,401395.0,401695.0,401961.0,402285.0,402530.0,402803.0,403031.0,403267.0,403549.0,403825.0,404127.0,404343.0,404584.0,404800.0,405075.0,405360.0,405699.0,405979.0,406240.0,406485.0,406763.0,407050.0,407341.0,407649.0,407928.0,408281.0,408549.0,408818.0,409093.0,409438.0,409674.0,409988.0,410270.0,410494.0,410739.0,411041.0,411356.0,411616.0,411897.0,412231.0,412539.0,412830.0,413139.0,413435.0,413726.0,413972.0,414187.0,414428.0,414693.0,414912.0,415109.0,415346.0,415594.0,415806.0,415987.0,416226.0,416483.0,416731.0,416972.0,417226.0,417431.0,417621.0,417812.0,418037.0,418240.0,418447.0,418687.0,418857.0,419081.0,419310.0,419566.0,419800.0,420056.0,420371.0,420663.0,420899.0,421240.0,421519.0,421788.0,422084.0,422406.0,422676.0,422934.0,423210.0,423510.0,423724.0,424046.0,424340.0,424608.0,424871.0,425122.0,425419.0,425701.0,425958.0,,,,,,,,,428150.0,428372.0,428627.0,428875.0,429130.0,429350.0,429552.0,429766.0,429991.0,430163.0,430381.0,430596.0,430808.0,431022.0,431189.0,431381.0,431567.0,431801.0,432025.0,432231.0,432460.0,432638.0,432878.0,433101.0,433285.0,433522.0,433753.0,433987.0,434200.0,434390.0,434586.0,434827.0,435066.0,435343.0,435549.0,435809.0,436025.0,436276.0,436490.0,436751.0,437008.0,437266.0,437530.0,437791.0,438071.0,438324.0,438583.0,438790.0,439094.0,439346.0,439565.0,439796.0,440038.0,440290.0,440539.0,440791.0,441014.0,441219.0,441415.0,441694.0,441930.0,442124.0,442307.0,442507.0,442711.0,442892.0,443095.0,443286.0,443431.0,443588.0,443756.0,443917.0,444073.0,444277.0,444486.0,444719.0,444925.0,445113.0,445298.0,445496.0,445684.0,445860.0,446054.0,446298.0,446478.0,446693.0,446920.0,447114.0,447321.0,447528.0,447728.0,447903.0,448090.0,448303.0,448523.0,448768.0,449014.0,449219.0,449421.0,449642.0,449874.0,450163.0,450346.0,450602.0,450835.0,451066.0,451327.0,451512.0,451713.0,451907.0,452112.0,452326.0,452558.0,452732.0,452949.0,453110.0,453269.0,453476.0,453698.0,453934.0,454137.0,,454543.0,454786.0,455006.0,455176.0,455433.0,455626.0,455863.0,456054.0,456270.0,456516.0,456737.0,456981.0,457201.0,457453.0,457678.0,458007.0,458274.0,458635.0,458866.0,459101.0,459419.0,459646.0,459930.0,460233.0,460468.0,460720.0,460907.0,461130.0,461360.0,461569.0,461790.0,461971.0,462180.0,462315.0,462462.0,462663.0,462838.0,463045.0,463251.0,463399.0,463579.0,463747.0,463935.0,464115.0,464282.0,464481.0,464661.0,464818.0,465011.0,465207.0,465364.0,465534.0,465743.0,465892.0,466068.0,466252.0,466416.0,466566.0,466757.0,466935.0,467112.0,467273.0,467433.0,467620.0,467780.0,467942.0,468121.0,468270.0,468435.0,468591.0,468769.0,468933.0,469107.0,469275.0,469431.0,469593.0,469801.0,470002.0,470218.0,470405.0,470591.0,470781.0,470960.0,471130.0,471297.0,471485.0,471686.0,471873.0,472059.0,472247.0,472427.0,472616.0,472813.0,473008.0,473194.0,473418.0,473617.0,473820.0,474007.0,474205.0,474382.0,474529.0,474709.0,474887.0,475063.0,475253.0,475503.0,475754.0,476011.0,476219.0,476355.0,476529.0,476718.0,476885
Cl5EQd3XkD0,37974.0,37988.0,37998.0,38004.0,38017.0,38037.0,38052.0,38069.0,38088.0,38105.0,38117.0,38131.0,38148.0,38169.0,38200.0,38233.0,38263.0,38281.0,38303.0,38314.0,38324.0,38341.0,38355.0,38365.0,38375.0,38387.0,38392.0,38418.0,38435.0,38466.0,38491.0,38505.0,38513.0,38521.0,38530.0,38542.0,38554.0,38573.0,38585.0,38596.0,38612.0,38628.0,38640.0,38654.0,38669.0,38685.0,38695.0,38711.0,38729.0,38752.0,38765.0,38779.0,38797.0,38813.0,38831.0,38847.0,38867.0,38883.0,38900.0,38918.0,38937.0,38955.0,38971.0,38983.0,39000.0,39019.0,39038.0,39059.0,39069.0,39089.0,39111.0,39126.0,39148.0,39160.0,39172.0,39184.0,39198.0,39219.0,39237.0,39255.0,39272.0,39284.0,39300.0,39311.0,39327.0,39342.0,39355.0,39374.0,39388.0,39401.0,39441.0,39469.0,39479.0,39494.0,39510.0,39520.0,39533.0,39547.0,39565.0,39580.0,39594.0,39609.0,39624.0,39645.0,39657.0,39670.0,39685.0,39699.0,39712.0,39727.0,39737.0,39744.0,39757.0,39773.0,39790.0,39790.0,39800.0,39804.0,39817.0,39833.0,39847.0,39867.0,39894.0,39921.0,39944.0,39950.0,39967.0,39996.0,40031.0,40061.0,40080.0,40101.0,40120.0,40136.0,,,,,,,,,40294.0,40312.0,40299.0,40316.0,40333.0,40350.0,40367.0,40386.0,40408.0,40429.0,40445.0,40458.0,40492.0,40526.0,40529.0,40519.0,40540.0,40559.0,40591.0,40618.0,40619.0,40616.0,40617.0,40641.0,40657.0,40684.0,40688.0,40695.0,40692.0,40672.0,40698.0,40700.0,40695.0,40696.0,40699.0,40695.0,40696.0,40696.0,40715.0,40732.0,40732.0,40719.0,40735.0,40742.0,40745.0,40759.0,40766.0,40765.0,40776.0,40781.0,40862.0,40887.0,40880.0,40861.0,40939.0,40939.0,40845.0,40874.0,40850.0,40856.0,40856.0,40866.0,40863.0,40896.0,40862.0,40892.0,40912.0,40926.0,40945.0,40958.0,40955.0,40960.0,40966.0,40987.0,40989.0,40992.0,41009.0,41017.0,41018.0,41030.0,41046.0,41066.0,41059.0,41080.0,41086.0,41086.0,41092.0,41098.0,41102.0,41103.0,41124.0,41126.0,41121.0,41131.0,41140.0,41149.0,41168.0,41191.0,41195.0,41193.0,41206.0,41218.0,41239.0,41241.0,41256.0,41254.0,41269.0,41288.0,41275.0,41287.0,41305.0,41320.0,41340.0,41355.0,41359.0,41358.0,41373.0,41372.0,41391.0,41386.0,41389.0,,41408.0,41427.0,41447.0,41455.0,41458.0,41475.0,41473.0,41497.0,41513.0,41521.0,41543.0,41566.0,41546.0,41568.0,41569.0,41569.0,41590.0,41587.0,41591.0,41614.0,41629.0,41616.0,41621.0,41637.0,41639.0,41654.0,41651.0,41661.0,41676.0,41692.0,41705.0,41719.0,41739.0,41747.0,41762.0,41799.0,41810.0,41883.0,41814.0,41900.0,41896.0,41876.0,41925.0,41916.0,41957.0,42001.0,42040.0,42039.0,42085.0,42116.0,42121.0,42122.0,42150.0,42209.0,42234.0,42265.0,42289.0,42326.0,42327.0,42352.0,42385.0,42431.0,42425.0,42451.0,42454.0,42479.0,42501.0,42523.0,42552.0,42581.0,42605.0,42634.0,42665.0,42692.0,42714.0,42744.0,42774.0,42808.0,42848.0,42875.0,42901.0,42924.0,42950.0,42976.0,43004.0,43023.0,43046.0,43074.0,43107.0,43141.0,43167.0,43197.0,43218.0,43243.0,43263.0,43300.0,43336.0,43370.0,43372.0,43402.0,43437.0,43471.0,43499.0,43529.0,43570.0,43598.0,43627.0,43654.0,43684.0,43710.0,43734.0,43740.0,43770.0,43773
Crq_fRV0O0E,63521089.0,63532227.0,63543710.0,63555299.0,63567339.0,63579531.0,63590965.0,63602684.0,63614600.0,63627976.0,63641486.0,63653626.0,63666155.0,63679493.0,63694459.0,63709246.0,63724748.0,63740383.0,63755140.0,63769614.0,63785753.0,63804786.0,63824638.0,63841696.0,63857471.0,63871566.0,63888592.0,63905356.0,63920274.0,63935746.0,63952056.0,63966306.0,63980459.0,63994936.0,64009004.0,64024395.0,64040508.0,64054887.0,64068078.0,64083404.0,64098938.0,64112130.0,64125497.0,64139420.0,64154302.0,64167832.0,64179799.0,64192571.0,64204806.0,64216235.0,64227378.0,64239471.0,64251172.0,64262533.0,64275820.0,64288467.0,64301498.0,64314193.0,64327900.0,64340695.0,64353139.0,64366067.0,64378753.0,64391410.0,64403615.0,64416123.0,64428854.0,64439650.0,64449057.0,64459699.0,64470350.0,64481705.0,64492693.0,64503842.0,64513956.0,64524102.0,64534739.0,64544968.0,64555671.0,64566796.0,64578509.0,64589608.0,64600956.0,64612492.0,64623805.0,64635358.0,64646657.0,64657557.0,64668082.0,64678862.0,64689919.0,64700530.0,64711667.0,64723106.0,64734570.0,64745024.0,64755359.0,64765744.0,64776095.0,64786786.0,64797519.0,64809081.0,64819141.0,64829239.0,64839753.0,64850260.0,64860206.0,64871939.0,64883250.0,64892410.0,64901373.0,64911109.0,64920851.0,64930755.0,64941988.0,64953490.0,64962974.0,64972433.0,64982002.0,64991575.0,65001416.0,65012759.0,65024194.0,65034554.0,65044942.0,65055021.0,65065451.0,65076113.0,65086999.0,65096999.0,65106535.0,65115904.0,65125887.0,65136609.0,,,,,,,,,65228570.0,65239618.0,65249214.0,65258290.0,65266913.0,65274625.0,65281927.0,65289835.0,65299067.0,65307437.0,65315999.0,65324936.0,65334211.0,65343322.0,65353618.0,65363607.0,65372446.0,65381517.0,65390509.0,65399744.0,65409517.0,65420208.0,65429700.0,65438300.0,65447527.0,65457172.0,65467650.0,65478881.0,65491123.0,65504999.0,65518547.0,65534098.0,65551933.0,65570681.0,65590204.0,65612353.0,65634011.0,65653712.0,65675515.0,65696980.0,65716856.0,65736576.0,65756433.0,65775666.0,65793321.0,65811138.0,65828684.0,65846568.0,65864034.0,65881346.0,65897528.0,65912646.0,65927802.0,65943686.0,65959571.0,65975489.0,65991262.0,66006018.0,66021975.0,66038348.0,66054580.0,66069302.0,66082966.0,66097119.0,66110615.0,66124534.0,66138313.0,66153082.0,66168319.0,66181182.0,66195348.0,66208842.0,66222508.0,66236628.0,66251779.0,66266346.0,66281389.0,66297216.0,66311777.0,66325290.0,66338718.0,66351367.0,66365893.0,66379389.0,66392826.0,66405921.0,66417554.0,66429678.0,66441969.0,66454667.0,66467493.0,66480420.0,66493241.0,66505362.0,66517545.0,66530421.0,66543300.0,66556013.0,66569901.0,66582603.0,66594777.0,66606290.0,66618088.0,66629973.0,66642257.0,66654832.0,66666537.0,66677378.0,66687876.0,66698558.0,66710281.0,66722752.0,66736038.0,66748711.0,66760340.0,66771765.0,66783113.0,66794430.0,66806016.0,66817875.0,66829616.0,,66852610.0,66864440.0,66877416.0,66890946.0,66903920.0,66915622.0,66926289.0,66936150.0,66945913.0,66955969.0,66966483.0,66977191.0,66987467.0,66996795.0,67005634.0,67015213.0,67025591.0,67036413.0,67048038.0,67058500.0,67067849.0,67077527.0,67087310.0,67097583.0,67107917.0,67118060.0,67128130.0,67137569.0,67146838.0,67156635.0,67167172.0,67177316.0,67187265.0,67196556.0,67205535.0,67214631.0,67223925.0,67233715.0,67243605.0,67253709.0,67263803.0,67273271.0,67283419.0,67293271.0,67304026.0,67316331.0,67327361.0,67337484.0,67347356.0,67358014.0,67368466.0,67379094.0,67389712.0,67400013.0,67409828.0,67418946.0,67428068.0,67437381.0,67446517.0,67455730.0,67465599.0,67475100.0,67484038.0,67493020.0,67502549.0,67512478.0,67522762.0,67532284.0,67541249.0,67549750.0,67558302.0,67566813.0,67575736.0,67585222.0,67595275.0,67605830.0,67616516.0,67626964.0,67636619.0,67646115.0,67655935.0,67666057.0,67675226.0,67683918.0,67692518.0,67701295.0,67710120.0,67719969.0,67729473.0,67738973.0,67748267.0,67757413.0,67766626.0,67775427.0,67783902.0,67793362.0,67802225.0,67811074.0,67819533.0,67828797.0,67837649.0,67847323.0,67856731.0,67865726.0,67874946.0,67883811.0,67893320.0,67902489.0,67911511.0,67921015.0,67929738.0,67937781.0,67945948.0,67954199
_cWIJ9FoqMk,24462050.0,24471956.0,24482943.0,24494785.0,24506318.0,24521004.0,24537556.0,24554085.0,24568743.0,24584612.0,24602208.0,24616745.0,24631427.0,24650379.0,24667782.0,24684242.0,24702356.0,24718659.0,24732691.0,24746221.0,24762616.0,24778183.0,24791932.0,24804854.0,24817001.0,24827571.0,24838474.0,24851806.0,24863545.0,24874859.0,24886051.0,24896287.0,24906050.0,24916835.0,24927724.0,24938344.0,24950099.0,24960366.0,24969483.0,24978504.0,24987762.0,24997262.0,25006531.0,25015698.0,25024688.0,25032540.0,25040277.0,25048478.0,25058646.0,25067016.0,25075028.0,25084703.0,25094022.0,25102427.0,25111142.0,25119732.0,25128426.0,25138676.0,25148874.0,25157470.0,25165047.0,25174051.0,25183140.0,25192783.0,25200619.0,25209352.0,25219460.0,25226719.0,25233905.0,25242567.0,25250901.0,25259577.0,25267741.0,25276325.0,25283911.0,25290853.0,25298825.0,25306162.0,25313972.0,25322000.0,25330470.0,25339236.0,25347320.0,25355312.0,25363391.0,25371282.0,25378881.0,25386608.0,25394127.0,25401878.0,25409764.0,25416907.0,25424342.0,25431855.0,25439014.0,25446170.0,25453737.0,25460881.0,25467829.0,25474817.0,25482123.0,25489844.0,25496731.0,25504156.0,25512043.0,25520113.0,25528089.0,25535381.0,25542416.0,25548983.0,25555319.0,25562306.0,25569871.0,25577798.0,25585614.0,25592950.0,25600093.0,25608209.0,25616167.0,25623855.0,25631253.0,25639420.0,25647105.0,25654558.0,25662438.0,25669632.0,25677946.0,25687043.0,25695912.0,25703917.0,25711035.0,25718737.0,25726338.0,25733817.0,,,,,,,,,25806742.0,25815492.0,25823030.0,25830075.0,25836360.0,25842419.0,25847804.0,25853123.0,25858512.0,25863495.0,25868442.0,25873379.0,25878702.0,25883936.0,25889345.0,25894463.0,25899390.0,25904621.0,25910202.0,25916266.0,25922289.0,25928963.0,25935277.0,25940993.0,25946889.0,25952780.0,25958722.0,25964862.0,25971101.0,25977406.0,25983184.0,25990071.0,25997247.0,26004869.0,26012734.0,26021180.0,26029516.0,26037034.0,26045049.0,26052796.0,26060829.0,26068627.0,26076940.0,26084924.0,26092150.0,26099198.0,26106134.0,26113502.0,26120882.0,26128254.0,26135213.0,26141730.0,26148318.0,26155616.0,26162723.0,26169847.0,26177068.0,26184452.0,26190999.0,26198157.0,26205617.0,26212680.0,26219335.0,26226038.0,26232758.0,26239467.0,26246528.0,26253873.0,26261501.0,26268244.0,26275318.0,26281835.0,26288195.0,26294861.0,26301376.0,26307920.0,26315678.0,26323300.0,26330880.0,26337507.0,26344540.0,26351356.0,26358367.0,26365883.0,26373057.0,26380087.0,26386706.0,26393437.0,26400135.0,26406975.0,26414269.0,26421645.0,26428762.0,26435457.0,26441944.0,26448476.0,26455494.0,26462513.0,26470153.0,26477278.0,26483874.0,26490680.0,26497509.0,26504299.0,26510802.0,26517583.0,26523904.0,26530083.0,26536216.0,26542217.0,26548649.0,26555621.0,26562670.0,26569208.0,26575128.0,26581143.0,26587459.0,26593736.0,26600119.0,26607005.0,26613750.0,,26625937.0,26632683.0,26638848.0,26644778.0,26651372.0,26657454.0,26663106.0,26668812.0,26674798.0,26680839.0,26687095.0,26693587.0,26699482.0,26704623.0,26709710.0,26715249.0,26720974.0,26727170.0,26733455.0,26739620.0,26745453.0,26751468.0,26757443.0,26763281.0,26769341.0,26775298.0,26781459.0,26787481.0,26793687.0,26799730.0,26806194.0,26812745.0,26819250.0,26825290.0,26831707.0,26838100.0,26844831.0,26851945.0,26859155.0,26866378.0,26873084.0,26879502.0,26886307.0,26893096.0,26899744.0,26906438.0,26912968.0,26918718.0,26924361.0,26930779.0,26937874.0,26944624.0,26951273.0,26958069.0,26964433.0,26970476.0,26976513.0,26982668.0,26989233.0,26995387.0,27001709.0,27007736.0,27013090.0,27018615.0,27024612.0,27030211.0,27035894.0,27041394.0,27046951.0,27052164.0,27057237.0,27062510.0,27067776.0,27073480.0,27079717.0,27086031.0,27092410.0,27098719.0,27105098.0,27111344.0,27117823.0,27124041.0,27130009.0,27136066.0,27142484.0,27149310.0,27156423.0,27163815.0,27171252.0,27178568.0,27185873.0,27192934.0,27200060.0,27207324.0,27214310.0,27221692.0,27229207.0,27236527.0,27244090.0,27251497.0,27258983.0,27266838.0,27274693.0,27282178.0,27289492.0,27296549.0,27303550.0,27310556.0,27317967.0,27325932.0,27332925.0,27339297.0,27346039.0,27353074
RCxnRwGAEa0,1997.0,1998.0,1999.0,2000.0,2000.0,2000.0,2000.0,2000.0,2000.0,2000.0,2000.0,2000.0,2000.0,2000.0,2000.0,2001.0,2001.0,2001.0,2001.0,2001.0,2001.0,2001.0,2001.0,2001.0,2001.0,2002.0,2002.0,2002.0,2002.0,2002.0,2002.0,2002.0,2002.0,2002.0,2003.0,2004.0,2004.0,2004.0,2004.0,2005.0,2005.0,2006.0,2006.0,2007.0,2008.0,2008.0,2008.0,2008.0,2008.0,2008.0,2008.0,2008.0,2008.0,2008.0,2008.0,2009.0,2009.0,2009.0,2009.0,2009.0,2011.0,2011.0,2012.0,2012.0,2013.0,2014.0,2014.0,2014.0,2014.0,2014.0,2015.0,2014.0,2014.0,2014.0,2014.0,2014.0,2015.0,2016.0,2016.0,2016.0,2017.0,2017.0,2017.0,2017.0,2017.0,2018.0,2018.0,2018.0,2019.0,2019.0,2019.0,2019.0,2020.0,2020.0,2020.0,2022.0,2022.0,2022.0,2022.0,2022.0,2023.0,2023.0,2023.0,2023.0,2023.0,2023.0,2023.0,2023.0,2025.0,2025.0,2025.0,2026.0,2026.0,2026.0,2026.0,2026.0,2026.0,2026.0,2026.0,2026.0,2027.0,2029.0,2031.0,2031.0,2031.0,2032.0,2032.0,2032.0,2033.0,2033.0,2033.0,2033.0,2033.0,2033.0,,,,,,,,,2034.0,2034.0,2034.0,2034.0,2035.0,2035.0,2035.0,2035.0,2035.0,2035.0,2035.0,2035.0,2035.0,2036.0,2036.0,2036.0,2036.0,2036.0,2037.0,2038.0,2039.0,2040.0,2040.0,2041.0,2041.0,2042.0,2042.0,2042.0,2045.0,2045.0,2045.0,2045.0,2045.0,2045.0,2045.0,2045.0,2045.0,2045.0,2045.0,2045.0,2045.0,2045.0,2045.0,2046.0,2046.0,2046.0,2046.0,2046.0,2046.0,2046.0,2046.0,2046.0,2046.0,2047.0,2047.0,2047.0,2047.0,2048.0,2048.0,2048.0,2049.0,2049.0,2050.0,2050.0,2050.0,2050.0,2050.0,2050.0,2050.0,2050.0,2050.0,2050.0,2050.0,2050.0,2050.0,2050.0,2051.0,2051.0,2051.0,2051.0,2051.0,2051.0,2051.0,2051.0,2051.0,2051.0,2051.0,2051.0,2051.0,2051.0,2051.0,2051.0,2051.0,2051.0,2051.0,2051.0,2051.0,2051.0,2051.0,2051.0,2051.0,2051.0,2052.0,2052.0,2052.0,2052.0,2052.0,2052.0,2052.0,2052.0,2052.0,2053.0,2053.0,2053.0,2053.0,2053.0,2053.0,2053.0,2055.0,2056.0,2056.0,,2056.0,2056.0,2056.0,2056.0,2056.0,2056.0,2056.0,2056.0,2056.0,2056.0,2056.0,2056.0,2056.0,2056.0,2056.0,2056.0,2056.0,2056.0,2056.0,2056.0,2056.0,2056.0,2056.0,2056.0,2056.0,2056.0,2056.0,2057.0,2057.0,2057.0,2058.0,2058.0,2058.0,2058.0,2058.0,2058.0,2058.0,2058.0,2058.0,2058.0,2058.0,2058.0,2059.0,2059.0,2059.0,2061.0,2061.0,2061.0,2061.0,2061.0,2061.0,2061.0,2061.0,2061.0,2061.0,2061.0,2061.0,2061.0,2061.0,2061.0,2061.0,2061.0,2061.0,2061.0,2061.0,2061.0,2061.0,2061.0,2061.0,2061.0,2062.0,2062.0,2062.0,2063.0,2063.0,2063.0,2063.0,2063.0,2064.0,2064.0,2064.0,2064.0,2064.0,2064.0,2064.0,2064.0,2064.0,2064.0,2065.0,2065.0,2065.0,2065.0,2065.0,2065.0,2065.0,2065.0,2065.0,2065.0,2065.0,2065.0,2065.0,2065.0,2065.0,2066.0,2066.0,2066.0,2066.0,2066.0,2066.0,2066.0,2066.0,2066.0,2066.0,2066
5PEcivzE5oU,132291.0,132319.0,132350.0,132368.0,132404.0,132436.0,132457.0,132479.0,132506.0,132530.0,132557.0,132583.0,132618.0,132647.0,132672.0,132705.0,132774.0,132811.0,132843.0,132874.0,132908.0,132943.0,132990.0,133024.0,133046.0,133073.0,133123.0,133154.0,133193.0,133220.0,133273.0,133309.0,133356.0,133385.0,133421.0,133477.0,133515.0,133561.0,133582.0,133625.0,133664.0,133692.0,133728.0,133782.0,133822.0,133857.0,133906.0,133940.0,133982.0,134019.0,134055.0,134088.0,134113.0,134158.0,134191.0,134211.0,134246.0,134273.0,134303.0,134327.0,134346.0,134370.0,134404.0,134442.0,134467.0,134493.0,134526.0,134544.0,134574.0,134623.0,134665.0,134700.0,134720.0,134743.0,134782.0,134811.0,134839.0,134886.0,134903.0,134933.0,134957.0,134971.0,135002.0,135022.0,135043.0,135060.0,135074.0,135098.0,135120.0,135141.0,135166.0,135183.0,135201.0,135223.0,135250.0,135280.0,135302.0,135321.0,135342.0,135358.0,135375.0,135391.0,135410.0,135436.0,135452.0,135475.0,135502.0,135514.0,135528.0,135555.0,135580.0,135600.0,135620.0,135641.0,135667.0,135684.0,135698.0,135714.0,135731.0,135770.0,135790.0,135809.0,135809.0,135830.0,135851.0,135880.0,135906.0,135931.0,135965.0,135996.0,136024.0,136042.0,136072.0,136124.0,,,,,,,,,136322.0,136335.0,136348.0,136365.0,136381.0,136397.0,136425.0,136450.0,136471.0,136500.0,136520.0,136550.0,136579.0,136594.0,136626.0,136657.0,136678.0,136704.0,136727.0,136756.0,136773.0,136790.0,136811.0,136836.0,136871.0,136893.0,136923.0,136938.0,136954.0,136976.0,137006.0,137030.0,137057.0,137080.0,137106.0,137124.0,137154.0,137174.0,137196.0,137215.0,137243.0,137265.0,137278.0,137288.0,137302.0,137311.0,137325.0,137345.0,137358.0,137376.0,137395.0,137418.0,137429.0,137446.0,137466.0,137478.0,137494.0,137509.0,137528.0,137550.0,137565.0,137588.0,137605.0,137614.0,137634.0,137646.0,137661.0,137675.0,137687.0,137702.0,137717.0,137730.0,137753.0,137773.0,137796.0,137816.0,137828.0,137847.0,137869.0,137882.0,137904.0,137922.0,137934.0,137955.0,137982.0,137994.0,138017.0,138039.0,138056.0,138082.0,138098.0,138116.0,138142.0,138164.0,138181.0,138203.0,138216.0,138236.0,138252.0,138265.0,138284.0,138302.0,138324.0,138335.0,138341.0,138351.0,138362.0,138379.0,138389.0,138400.0,138410.0,138427.0,138438.0,138449.0,138470.0,138480.0,138496.0,138506.0,138514.0,138527.0,138533.0,,138570.0,138591.0,138600.0,138617.0,138629.0,138645.0,138664.0,138674.0,138693.0,138712.0,138727.0,138744.0,138756.0,138773.0,138795.0,138806.0,138816.0,138827.0,138840.0,138863.0,138882.0,138896.0,138911.0,138929.0,138954.0,138977.0,138995.0,139011.0,139026.0,139048.0,139071.0,139107.0,139132.0,139162.0,139179.0,139200.0,139214.0,139228.0,139250.0,139275.0,139292.0,139306.0,139326.0,139352.0,139375.0,139397.0,139412.0,139432.0,139456.0,139473.0,139488.0,139512.0,139530.0,139544.0,139556.0,139570.0,139608.0,139641.0,139650.0,139680.0,139693.0,139731.0,139773.0,139806.0,139852.0,139852.0,139872.0,139885.0,139915.0,139946.0,139980.0,140016.0,140022.0,140059.0,140082.0,140112.0,140145.0,140161.0,140197.0,140214.0,140268.0,140271.0,140282.0,140294.0,140327.0,140374.0,140406.0,140439.0,140481.0,140494.0,140525.0,140546.0,140577.0,140594.0,140622.0,140633.0,140664.0,140676.0,140712.0,140740.0,140771.0,140784.0,140814.0,140847.0,140855.0,140891.0,140924.0,140956.0,140994.0,141022.0,141036.0,141075.0,141089.0,141122
fNuHfQoJNvo,134120.0,134150.0,134184.0,134209.0,134253.0,134285.0,134305.0,134341.0,134372.0,134399.0,134427.0,134456.0,134494.0,134527.0,134557.0,134585.0,134611.0,134646.0,134687.0,134724.0,134752.0,134788.0,134811.0,134845.0,134863.0,134898.0,134926.0,134949.0,134977.0,135002.0,135035.0,135075.0,135113.0,135146.0,135190.0,135217.0,135253.0,135297.0,135319.0,135365.0,135407.0,135438.0,135471.0,135502.0,135544.0,135569.0,135614.0,135634.0,135672.0,135703.0,135725.0,135744.0,135774.0,135809.0,135847.0,135877.0,135916.0,135948.0,135980.0,136017.0,136050.0,136077.0,136099.0,136143.0,136164.0,136190.0,136221.0,136245.0,136283.0,136328.0,136357.0,136385.0,136425.0,136459.0,136508.0,136554.0,136596.0,136621.0,136657.0,136699.0,136730.0,136749.0,136790.0,136825.0,136851.0,136878.0,136905.0,136928.0,136950.0,136977.0,137010.0,137029.0,137055.0,137094.0,137123.0,137165.0,137197.0,137230.0,137256.0,137282.0,137306.0,137335.0,137365.0,137405.0,137431.0,137457.0,137484.0,137511.0,137541.0,137576.0,137608.0,137639.0,137669.0,137715.0,137742.0,137771.0,137802.0,137827.0,137848.0,137898.0,137920.0,137952.0,137991.0,138035.0,138060.0,138113.0,138138.0,138173.0,138198.0,138230.0,138272.0,138302.0,138350.0,138390.0,,,,,,,,,138628.0,138647.0,138676.0,138708.0,138731.0,138755.0,138785.0,138804.0,138823.0,138863.0,138910.0,138950.0,138972.0,139000.0,139031.0,139071.0,139104.0,139137.0,139167.0,139189.0,139215.0,139243.0,139267.0,139301.0,139337.0,139366.0,139391.0,139424.0,139443.0,139467.0,139504.0,139527.0,139553.0,139579.0,139606.0,139632.0,139674.0,139695.0,139722.0,139750.0,139779.0,139801.0,139828.0,139852.0,139876.0,139901.0,140043.0,140085.0,140115.0,140146.0,140169.0,140202.0,140224.0,140244.0,140267.0,140290.0,140321.0,140345.0,140367.0,140387.0,140418.0,140434.0,140456.0,140473.0,140501.0,140527.0,140563.0,140580.0,140597.0,140609.0,140629.0,140641.0,140660.0,140683.0,140709.0,140733.0,140758.0,140793.0,140819.0,140842.0,140867.0,140896.0,140925.0,140961.0,141003.0,141027.0,141063.0,141108.0,141133.0,141165.0,141195.0,141214.0,141244.0,141278.0,141292.0,141313.0,141333.0,141365.0,141377.0,141404.0,141433.0,141454.0,141477.0,141496.0,141511.0,141537.0,141554.0,141577.0,141600.0,141622.0,141644.0,141671.0,141694.0,141717.0,141731.0,141751.0,141777.0,141798.0,141824.0,141850.0,141868.0,,141916.0,141938.0,141959.0,141983.0,142008.0,142023.0,142046.0,142070.0,142101.0,142119.0,142149.0,142167.0,142186.0,142216.0,142247.0,142252.0,142281.0,142306.0,142332.0,142360.0,142384.0,142414.0,142433.0,142456.0,142467.0,142510.0,142528.0,142556.0,142578.0,142599.0,142633.0,142672.0,142710.0,142740.0,142770.0,142782.0,142797.0,142823.0,142839.0,142863.0,142881.0,142899.0,142924.0,142946.0,142965.0,142983.0,143001.0,143043.0,143069.0,143097.0,143115.0,143136.0,143160.0,143171.0,143188.0,143209.0,143258.0,143295.0,143310.0,143340.0,143360.0,143400.0,143446.0,143496.0,143540.0,143558.0,143590.0,143625.0,143651.0,143688.0,143727.0,143771.0,143813.0,143824.0,143859.0,143910.0,143979.0,144034.0,144052.0,144095.0,144162.0,144179.0,144203.0,144223.0,144267.0,144300.0,144346.0,144386.0,144436.0,144453.0,144485.0,144516.0,144548.0,144561.0,144594.0,144607.0,144652.0,144662.0,144696.0,144739.0,144772.0,144792.0,144832.0,144873.0,144884.0,144927.0,144960.0,144996.0,145045.0,145090.0,145115.0,145150.0,145169.0,145213
JNWMYIWayvc,270619.0,270662.0,270718.0,270792.0,270833.0,270865.0,270901.0,270933.0,270971.0,271019.0,271073.0,271109.0,271158.0,271189.0,271223.0,271267.0,271330.0,271401.0,271437.0,271478.0,271511.0,271541.0,271584.0,271650.0,271717.0,271756.0,271795.0,271838.0,271880.0,271924.0,271986.0,272046.0,272112.0,272173.0,272212.0,272263.0,272302.0,272361.0,272428.0,272462.0,272488.0,272525.0,272554.0,272611.0,272675.0,272731.0,272770.0,272809.0,272858.0,272911.0,272974.0,273036.0,273094.0,273137.0,273192.0,273230.0,273292.0,273335.0,273392.0,273518.0,273615.0,273681.0,273740.0,273784.0,273839.0,273886.0,273933.0,273976.0,274016.0,274071.0,274122.0,274160.0,274213.0,274246.0,274287.0,274350.0,274385.0,274431.0,274473.0,274526.0,274565.0,274601.0,274621.0,274649.0,274667.0,274684.0,274723.0,274754.0,274785.0,274805.0,274824.0,274851.0,274874.0,274906.0,274935.0,274956.0,274979.0,274996.0,275017.0,275045.0,275080.0,275119.0,275141.0,275156.0,275181.0,275201.0,275216.0,275240.0,275269.0,275294.0,275309.0,275331.0,275344.0,275365.0,275394.0,275426.0,275441.0,275467.0,275477.0,275506.0,275534.0,275559.0,275596.0,275620.0,275654.0,275684.0,275706.0,275745.0,275786.0,275818.0,275830.0,275841.0,275863.0,275884.0,,,,,,,,,276051.0,276096.0,276111.0,276125.0,276144.0,276154.0,276173.0,276208.0,276243.0,276256.0,276270.0,276288.0,276316.0,276339.0,276368.0,276411.0,276433.0,276450.0,276476.0,276495.0,276517.0,276531.0,276550.0,276562.0,276571.0,276592.0,276611.0,276622.0,276645.0,276687.0,276711.0,276748.0,276790.0,276810.0,276844.0,276869.0,276907.0,276925.0,276950.0,276968.0,276984.0,277006.0,277028.0,277055.0,277075.0,277102.0,277114.0,277127.0,277142.0,277173.0,277197.0,277212.0,277234.0,277253.0,277277.0,277295.0,277338.0,277366.0,277390.0,277415.0,277440.0,277477.0,277490.0,277530.0,277561.0,277581.0,277594.0,277608.0,277624.0,277649.0,277662.0,277683.0,277703.0,277725.0,277745.0,277770.0,277790.0,277818.0,277846.0,277880.0,277901.0,277928.0,277962.0,277983.0,278019.0,278041.0,278073.0,278115.0,278145.0,278172.0,278199.0,278234.0,278266.0,278302.0,278355.0,278387.0,278422.0,278458.0,278493.0,278516.0,278546.0,278594.0,278620.0,278640.0,278662.0,278676.0,278716.0,278751.0,278785.0,278819.0,278851.0,278891.0,278938.0,279051.0,279146.0,279218.0,279310.0,279427.0,279557.0,279674.0,279770.0,,279949.0,280039.0,280101.0,280182.0,280260.0,280324.0,280395.0,280469.0,280533.0,280592.0,280650.0,280719.0,280832.0,281013.0,281137.0,281258.0,281374.0,281472.0,281579.0,281680.0,281752.0,281805.0,281869.0,281922.0,281966.0,282034.0,282098.0,282133.0,282189.0,282242.0,282281.0,282318.0,282378.0,282456.0,282514.0,282566.0,282618.0,282666.0,282697.0,282751.0,282790.0,282857.0,282903.0,282953.0,283007.0,283049.0,283108.0,283159.0,283204.0,283241.0,283270.0,283302.0,283325.0,283378.0,283425.0,283461.0,283492.0,283525.0,283562.0,283601.0,283656.0,283721.0,283767.0,283798.0,283830.0,283861.0,283893.0,283940.0,283979.0,284017.0,284062.0,284094.0,284133.0,284184.0,284230.0,284301.0,284368.0,284402.0,284433.0,284456.0,284502.0,284561.0,284605.0,284637.0,284676.0,284713.0,284754.0,284791.0,284833.0,284881.0,284922.0,284941.0,284975.0,285004.0,285026.0,285065.0,285101.0,285127.0,285150.0,285196.0,285212.0,285225.0,285254.0,285281.0,285308.0,285330.0,285337.0,285361.0,285394.0,285427.0,285465.0,285500.0,285527.0,285543
NyesaIYVfKc,555536.0,555541.0,555543.0,555544.0,555546.0,555546.0,555548.0,555549.0,555550.0,555551.0,555551.0,555552.0,555553.0,555555.0,555556.0,555558.0,555559.0,555561.0,555562.0,555564.0,555565.0,555565.0,555566.0,555568.0,555568.0,555572.0,555573.0,555577.0,555579.0,555580.0,555580.0,555581.0,555587.0,555589.0,555595.0,555595.0,555597.0,555602.0,555606.0,555606.0,555609.0,555612.0,555614.0,555615.0,555619.0,555620.0,555620.0,555622.0,555622.0,555625.0,555626.0,555628.0,555630.0,555631.0,555633.0,555634.0,555639.0,555640.0,555644.0,555644.0,555648.0,555649.0,555649.0,555654.0,555660.0,555661.0,555662.0,555666.0,555669.0,555671.0,555673.0,555675.0,555680.0,555685.0,555689.0,555692.0,555694.0,555698.0,555700.0,555704.0,555708.0,555712.0,555713.0,555714.0,555715.0,555719.0,555720.0,555721.0,555724.0,555729.0,555733.0,555735.0,555739.0,555752.0,555763.0,555771.0,555775.0,555777.0,555782.0,555786.0,555791.0,555796.0,555798.0,555801.0,555803.0,555807.0,555813.0,555816.0,555819.0,555820.0,555824.0,555830.0,555834.0,555839.0,555840.0,555843.0,555845.0,555856.0,555857.0,555862.0,555864.0,555868.0,555869.0,555872.0,555876.0,555877.0,555883.0,555885.0,555886.0,555887.0,555887.0,555889.0,555889.0,555893.0,,,,,,,,,555923.0,555924.0,555929.0,555929.0,555932.0,555934.0,555937.0,555939.0,555943.0,555947.0,555951.0,555955.0,555956.0,555957.0,555961.0,555963.0,555966.0,555970.0,555977.0,555979.0,555986.0,555989.0,555997.0,556007.0,556011.0,556014.0,556020.0,556021.0,556024.0,556025.0,556030.0,556037.0,556043.0,556046.0,556048.0,556050.0,556055.0,556059.0,556064.0,556071.0,556074.0,556079.0,556083.0,556086.0,556088.0,556091.0,556095.0,556100.0,556102.0,556105.0,556108.0,556113.0,556116.0,556120.0,556125.0,556126.0,556130.0,556133.0,556136.0,556144.0,556149.0,556148.0,556151.0,556152.0,556155.0,556159.0,556162.0,556167.0,556167.0,556168.0,556175.0,556179.0,556181.0,556186.0,556191.0,556194.0,556197.0,556202.0,556204.0,556208.0,556219.0,556222.0,556226.0,556235.0,556238.0,556242.0,556242.0,556245.0,556251.0,556253.0,556259.0,556263.0,556268.0,556275.0,556277.0,556283.0,556286.0,556293.0,556293.0,556296.0,556297.0,556303.0,556305.0,556306.0,556306.0,556306.0,556308.0,556308.0,556312.0,556313.0,556315.0,556319.0,556321.0,556323.0,556326.0,556328.0,556334.0,556335.0,556335.0,556337.0,556339.0,,556339.0,556341.0,556341.0,556341.0,556341.0,556342.0,556345.0,556350.0,556355.0,556360.0,556362.0,556365.0,556368.0,556369.0,556374.0,556376.0,556376.0,556381.0,556386.0,556386.0,556388.0,556389.0,556390.0,556394.0,556395.0,556395.0,556395.0,556397.0,556399.0,556402.0,556404.0,556406.0,556410.0,556413.0,556414.0,556417.0,556418.0,556425.0,556425.0,556425.0,556430.0,556432.0,556435.0,556436.0,556441.0,556444.0,556445.0,556447.0,556449.0,556452.0,556453.0,556454.0,556457.0,556459.0,556462.0,556465.0,556470.0,556471.0,556473.0,556478.0,556481.0,556483.0,556486.0,556488.0,556498.0,556503.0,556506.0,556510.0,556512.0,556521.0,556522.0,556529.0,556533.0,556539.0,556541.0,556543.0,556543.0,556547.0,556551.0,556551.0,556554.0,556555.0,556559.0,556561.0,556564.0,556569.0,556572.0,556572.0,556574.0,556575.0,556584.0,556586.0,556592.0,556594.0,556600.0,556601.0,556604.0,556610.0,556613.0,556616.0,556622.0,556625.0,556627.0,556629.0,556634.0,556638.0,556644.0,556654.0,556656.0,556657.0,556665.0,556669.0,556673.0,556679
0cfedL89Ya0,27359.0,27359.0,27359.0,27359.0,27359.0,27359.0,27359.0,27359.0,27359.0,27359.0,27359.0,27359.0,27359.0,27359.0,27359.0,27359.0,27359.0,27359.0,27359.0,27359.0,27359.0,27359.0,27359.0,27359.0,27359.0,27359.0,27359.0,27359.0,27359.0,27359.0,27359.0,27359.0,27359.0,27359.0,27359.0,27359.0,27359.0,27359.0,27359.0,27359.0,27359.0,27359.0,27359.0,27359.0,27359.0,27359.0,27359.0,27359.0,27359.0,27359.0,27359.0,27359.0,27359.0,27359.0,27359.0,27359.0,27359.0,27359.0,27359.0,27359.0,27359.0,27359.0,27359.0,27359.0,27359.0,27359.0,27359.0,27359.0,27359.0,27359.0,27359.0,27359.0,27359.0,27359.0,27359.0,27359.0,27359.0,27359.0,27359.0,27359.0,27359.0,27359.0,27359.0,27359.0,27359.0,27359.0,27359.0,27359.0,27359.0,27359.0,27359.0,27359.0,27359.0,27359.0,27359.0,27359.0,27359.0,27359.0,27359.0,27359.0,27359.0,27359.0,27359.0,27359.0,27359.0,27359.0,27359.0,27359.0,27359.0,27359.0,27359.0,27359.0,27359.0,27359.0,27359.0,27359.0,27359.0,27359.0,27359.0,27359.0,27359.0,27359.0,27359.0,27359.0,27359.0,27359.0,27359.0,27359.0,27359.0,27359.0,27359.0,27359.0,27359.0,27359.0,,,,,,,,,27359.0,27359.0,27359.0,27359.0,27359.0,27359.0,27359.0,27359.0,27359.0,27359.0,27359.0,27359.0,27359.0,27359.0,27359.0,27359.0,27359.0,27359.0,27359.0,27359.0,27359.0,27359.0,27359.0,27359.0,27359.0,27359.0,27359.0,27359.0,27359.0,27359.0,27359.0,27359.0,27359.0,27359.0,27359.0,27359.0,27359.0,27359.0,27359.0,27359.0,27359.0,27359.0,27359.0,27359.0,27359.0,27359.0,27359.0,27359.0,27359.0,27359.0,27359.0,27359.0,27359.0,27359.0,27359.0,27359.0,27359.0,27359.0,27359.0,27359.0,27359.0,27359.0,27359.0,27359.0,27359.0,27359.0,27359.0,27359.0,27359.0,27359.0,27359.0,27359.0,27359.0,27359.0,27359.0,27359.0,27359.0,27359.0,27359.0,27359.0,27359.0,27359.0,27359.0,27359.0,27359.0,27359.0,27359.0,27359.0,27359.0,27359.0,27359.0,27359.0,27359.0,27359.0,27359.0,27359.0,27359.0,27359.0,27359.0,27359.0,27359.0,27359.0,27359.0,27359.0,27359.0,27359.0,27359.0,27359.0,27359.0,27359.0,27359.0,27359.0,27359.0,27359.0,27359.0,27359.0,27359.0,27359.0,27359.0,27359.0,27359.0,,27359.0,27359.0,27359.0,27359.0,27359.0,27359.0,27359.0,27359.0,27359.0,27359.0,27359.0,27359.0,27359.0,27359.0,27359.0,27359.0,27359.0,27359.0,27359.0,27359.0,27359.0,27359.0,27359.0,27359.0,27359.0,27359.0,27359.0,27359.0,27359.0,27359.0,27359.0,27359.0,27359.0,27359.0,27359.0,27359.0,27359.0,27359.0,27359.0,27359.0,27359.0,27359.0,27359.0,27359.0,27359.0,27359.0,27359.0,27359.0,27359.0,27359.0,27359.0,27359.0,27359.0,27359.0,27359.0,27359.0,27359.0,27359.0,27359.0,27359.0,27359.0,27359.0,27359.0,27359.0,27359.0,27359.0,27359.0,27359.0,27359.0,27359.0,27359.0,27359.0,27359.0,27359.0,27359.0,27359.0,27359.0,27359.0,27359.0,27359.0,27359.0,27359.0,27359.0,27359.0,27359.0,27359.0,27359.0,27359.0,27359.0,27359.0,27359.0,27359.0,27359.0,27359.0,27359.0,27359.0,27359.0,27359.0,27359.0,27359.0,27359.0,27359.0,27359.0,27359.0,27359.0,27359.0,27359.0,27359.0,27359.0,27359.0,27359.0,27359.0,27359.0,27359
nCzOkwqgyqg,36066.0,36066.0,36066.0,36066.0,36066.0,36066.0,36066.0,36066.0,36066.0,36066.0,36066.0,36066.0,36066.0,36066.0,36066.0,36066.0,36066.0,36066.0,36066.0,36066.0,36066.0,36066.0,36066.0,36066.0,36066.0,36066.0,36066.0,36066.0,36066.0,36066.0,36066.0,36066.0,36066.0,36066.0,36066.0,36066.0,36066.0,36066.0,36066.0,36066.0,36066.0,36066.0,36066.0,36066.0,36066.0,36066.0,36066.0,36066.0,36066.0,36066.0,36066.0,36066.0,36066.0,36066.0,36066.0,36066.0,36066.0,36066.0,36066.0,36066.0,36066.0,36066.0,36066.0,36066.0,36066.0,36066.0,36066.0,36066.0,36066.0,36066.0,36066.0,36066.0,36066.0,36066.0,36066.0,36066.0,36066.0,36066.0,36066.0,36066.0,36066.0,36066.0,36066.0,36066.0,36066.0,36066.0,36066.0,36066.0,36066.0,36066.0,36066.0,36066.0,36066.0,36066.0,36066.0,36066.0,36066.0,36066.0,36066.0,36066.0,36066.0,36066.0,36066.0,36066.0,36066.0,36066.0,36066.0,36066.0,36066.0,36066.0,36066.0,36066.0,36066.0,36066.0,36066.0,36066.0,36066.0,36066.0,36066.0,36066.0,36066.0,36066.0,36066.0,36066.0,36066.0,36066.0,36066.0,36066.0,36066.0,36066.0,36066.0,36066.0,36066.0,36066.0,,,,,,,,,36066.0,36066.0,36066.0,36066.0,36066.0,36066.0,36066.0,36066.0,36066.0,36066.0,36066.0,36066.0,36066.0,36066.0,36066.0,36066.0,36066.0,36066.0,36066.0,36066.0,36066.0,36066.0,36066.0,36066.0,36066.0,36066.0,36066.0,36066.0,36066.0,36066.0,36066.0,36066.0,36066.0,36066.0,36066.0,36066.0,36066.0,36066.0,36066.0,36066.0,36066.0,36066.0,36066.0,36066.0,36066.0,36066.0,36066.0,36066.0,36066.0,36066.0,36066.0,36066.0,36066.0,36066.0,36066.0,36066.0,36066.0,36066.0,36066.0,36066.0,36066.0,36066.0,36066.0,36066.0,36066.0,36066.0,36066.0,36066.0,36066.0,36066.0,36066.0,36066.0,36066.0,36066.0,36066.0,36066.0,36066.0,36066.0,36066.0,36066.0,36066.0,36066.0,36066.0,36066.0,36066.0,36066.0,36066.0,36066.0,36066.0,36066.0,36066.0,36066.0,36066.0,36066.0,36066.0,36066.0,36066.0,36066.0,36066.0,36066.0,36066.0,36066.0,36066.0,36066.0,36066.0,36066.0,36066.0,36066.0,36066.0,36066.0,36066.0,36066.0,36066.0,36066.0,36066.0,36066.0,36066.0,36066.0,36066.0,36066.0,36066.0,,36066.0,36066.0,36066.0,36066.0,36066.0,36066.0,36066.0,36066.0,36066.0,36066.0,36066.0,36066.0,36066.0,36066.0,36066.0,36066.0,36066.0,36066.0,36066.0,36066.0,36066.0,36066.0,36066.0,36066.0,36066.0,36066.0,36066.0,36066.0,36066.0,36066.0,36066.0,36066.0,36066.0,36066.0,36066.0,36066.0,36066.0,36066.0,36066.0,36066.0,36066.0,36066.0,36066.0,36066.0,36066.0,36066.0,36066.0,36066.0,36066.0,36066.0,36066.0,36066.0,36066.0,36066.0,36066.0,36066.0,36066.0,36066.0,36066.0,36066.0,36066.0,36066.0,36066.0,36066.0,36066.0,36066.0,36066.0,36066.0,36066.0,36066.0,36066.0,36066.0,36066.0,36066.0,36066.0,36066.0,36066.0,36066.0,36066.0,36066.0,36066.0,36066.0,36066.0,36066.0,36066.0,36066.0,36066.0,36066.0,36066.0,36066.0,36066.0,36066.0,36066.0,36066.0,36066.0,36066.0,36066.0,36066.0,36066.0,36066.0,36066.0,36066.0,36066.0,36066.0,36066.0,36066.0,36066.0,36066.0,36066.0,36066.0,36066.0,36066.0,36066.0,36066
Om5PjqUxWzY,18532.0,18537.0,18541.0,18550.0,18557.0,18560.0,18565.0,18575.0,18585.0,18590.0,18600.0,18607.0,18614.0,18617.0,18622.0,18626.0,18631.0,18634.0,18637.0,18649.0,18664.0,18689.0,18708.0,18724.0,18743.0,18759.0,18773.0,18789.0,18812.0,18834.0,18848.0,18861.0,18881.0,18905.0,18919.0,18934.0,18944.0,18956.0,18969.0,18987.0,18995.0,19017.0,19038.0,19067.0,19097.0,19109.0,19126.0,19145.0,19163.0,19180.0,19197.0,19209.0,19221.0,19237.0,19255.0,19269.0,19283.0,19295.0,19302.0,19314.0,19320.0,19333.0,19342.0,19358.0,19373.0,19383.0,19398.0,19414.0,19423.0,19444.0,19465.0,19479.0,19492.0,19511.0,19526.0,19545.0,19555.0,19570.0,19597.0,19613.0,19629.0,19650.0,19674.0,19701.0,19718.0,19738.0,19757.0,19768.0,19789.0,19808.0,19819.0,19831.0,19838.0,19859.0,19867.0,19885.0,19904.0,19925.0,19940.0,19956.0,19988.0,19997.0,20009.0,20022.0,20034.0,20054.0,20074.0,20084.0,20092.0,20106.0,20125.0,20141.0,20159.0,20171.0,20186.0,20203.0,20213.0,20226.0,20241.0,20263.0,20283.0,20297.0,20307.0,20320.0,20328.0,20343.0,20353.0,20364.0,20385.0,20403.0,20420.0,20432.0,20451.0,20462.0,,,,,,,,,20604.0,20616.0,20627.0,20641.0,20647.0,20660.0,20678.0,20683.0,20693.0,20701.0,20708.0,20718.0,20730.0,20741.0,20745.0,20756.0,20770.0,20780.0,20787.0,20792.0,20800.0,20805.0,20808.0,20812.0,20814.0,20821.0,20829.0,20834.0,20837.0,20842.0,20848.0,20852.0,20860.0,20864.0,20871.0,20875.0,20883.0,20889.0,20897.0,20906.0,20916.0,20927.0,20936.0,20942.0,20947.0,20966.0,20976.0,20992.0,21002.0,21007.0,21012.0,21026.0,21033.0,21049.0,21057.0,21066.0,21076.0,21084.0,21093.0,21101.0,21111.0,21115.0,21126.0,21136.0,21142.0,21151.0,21162.0,21169.0,21177.0,21185.0,21193.0,21205.0,21219.0,21232.0,21241.0,21246.0,21250.0,21261.0,21275.0,21293.0,21308.0,21317.0,21326.0,21333.0,21341.0,21351.0,21361.0,21381.0,21394.0,21407.0,21429.0,21448.0,21466.0,21482.0,21504.0,21538.0,21560.0,21586.0,21607.0,21623.0,21643.0,21675.0,21705.0,21734.0,21759.0,21776.0,21797.0,21818.0,21839.0,21849.0,21856.0,21873.0,21881.0,21891.0,21900.0,21911.0,21922.0,21942.0,21959.0,21972.0,21976.0,,22009.0,22016.0,22033.0,22039.0,22048.0,22053.0,22063.0,22088.0,22113.0,22127.0,22147.0,22169.0,22190.0,22204.0,22219.0,22226.0,22235.0,22242.0,22253.0,22256.0,22268.0,22275.0,22287.0,22300.0,22309.0,22319.0,22329.0,22340.0,22354.0,22370.0,22388.0,22402.0,22417.0,22422.0,22437.0,22447.0,22465.0,22489.0,22495.0,22506.0,22538.0,22592.0,22602.0,22617.0,22645.0,22662.0,22685.0,22704.0,22740.0,22760.0,22780.0,22791.0,22808.0,22824.0,22831.0,22842.0,22856.0,22872.0,22884.0,22891.0,22903.0,22913.0,22927.0,22932.0,22944.0,22961.0,22972.0,22986.0,23004.0,23019.0,23026.0,23035.0,23046.0,23059.0,23072.0,23079.0,23086.0,23091.0,23094.0,23097.0,23103.0,23114.0,23121.0,23128.0,23131.0,23137.0,23145.0,23148.0,23155.0,23161.0,23174.0,23178.0,23180.0,23185.0,23195.0,23211.0,23216.0,23229.0,23242.0,23245.0,23253.0,23260.0,23263.0,23269.0,23271.0,23282.0,23290.0,23299.0,23306.0,23312.0,23316.0,23325.0,23337.0,23339
y2Gd11ieJd4,322315.0,322434.0,322586.0,322751.0,322882.0,323071.0,323203.0,323369.0,323524.0,323649.0,323794.0,323948.0,324101.0,324258.0,324389.0,324521.0,324655.0,324760.0,324860.0,324972.0,325099.0,325213.0,325330.0,325468.0,325597.0,325722.0,325867.0,326014.0,326161.0,326320.0,326470.0,326625.0,326726.0,326851.0,326983.0,327091.0,327235.0,327380.0,327504.0,327634.0,327759.0,327899.0,328039.0,328150.0,328300.0,328423.0,328538.0,328632.0,328748.0,328893.0,329010.0,329114.0,329227.0,329330.0,329450.0,329584.0,329717.0,329832.0,329963.0,330072.0,330184.0,330298.0,330420.0,330563.0,330688.0,330840.0,330990.0,331141.0,331271.0,331478.0,331633.0,331749.0,331880.0,332051.0,332154.0,332281.0,332462.0,332592.0,332766.0,332884.0,333003.0,333167.0,333327.0,333465.0,333611.0,333783.0,333943.0,334104.0,334220.0,334334.0,334479.0,334618.0,334761.0,334913.0,335054.0,335189.0,335360.0,335471.0,335642.0,335777.0,335923.0,336032.0,336154.0,336281.0,336383.0,336500.0,336634.0,336749.0,336886.0,337025.0,337177.0,337286.0,337418.0,337556.0,337667.0,337765.0,337899.0,338037.0,338185.0,338319.0,338460.0,338566.0,338701.0,338801.0,338931.0,339074.0,339199.0,339297.0,339439.0,339563.0,339704.0,339829.0,339936.0,340061.0,,,,,,,,,341378.0,341515.0,341640.0,341780.0,341916.0,342067.0,342211.0,342333.0,342536.0,342753.0,343024.0,343387.0,343867.0,344241.0,344611.0,344879.0,345180.0,345488.0,345772.0,345975.0,346157.0,346294.0,346443.0,346612.0,346780.0,346953.0,347119.0,347303.0,347436.0,347541.0,347686.0,347831.0,347965.0,348081.0,348212.0,348344.0,348476.0,348611.0,348684.0,348853.0,349002.0,349156.0,349306.0,349468.0,349639.0,349782.0,349925.0,350094.0,350217.0,350364.0,350475.0,350619.0,350752.0,350895.0,351055.0,351155.0,351276.0,351393.0,351504.0,351624.0,351755.0,351880.0,351973.0,352097.0,352206.0,352309.0,352412.0,352562.0,352729.0,352863.0,353045.0,353196.0,353318.0,353470.0,353637.0,353781.0,353907.0,354002.0,354133.0,354231.0,354364.0,354467.0,354599.0,354711.0,354820.0,354895.0,355020.0,355136.0,355275.0,355428.0,355553.0,355664.0,355742.0,355848.0,355955.0,356054.0,356163.0,356240.0,356362.0,356433.0,356555.0,356668.0,356772.0,356864.0,357009.0,357129.0,357252.0,357351.0,357459.0,357588.0,357676.0,357787.0,357882.0,357986.0,358086.0,358204.0,358318.0,358460.0,358550.0,358658.0,358797.0,,359051.0,359194.0,359328.0,359441.0,359604.0,359718.0,359852.0,359970.0,360114.0,360277.0,360393.0,360530.0,360651.0,360747.0,360853.0,361006.0,361137.0,361246.0,361337.0,361449.0,361565.0,361652.0,361775.0,361872.0,361964.0,362065.0,362170.0,362275.0,362388.0,362515.0,362608.0,362726.0,362830.0,362928.0,363015.0,363115.0,363217.0,363342.0,363436.0,363554.0,363651.0,363792.0,363892.0,363983.0,364077.0,364195.0,364311.0,364394.0,364478.0,364584.0,364651.0,364753.0,364848.0,364944.0,365019.0,365136.0,365339.0,365497.0,365626.0,365763.0,365932.0,366078.0,366211.0,366337.0,366467.0,366584.0,366683.0,366803.0,366905.0,367017.0,367146.0,367290.0,367441.0,367554.0,367681.0,367805.0,367924.0,368057.0,368195.0,368302.0,368431.0,368570.0,368700.0,368837.0,368994.0,369111.0,369224.0,369383.0,369551.0,369716.0,369844.0,369963.0,370063.0,370163.0,370288.0,370455.0,370582.0,370672.0,370771.0,370853.0,370948.0,371067.0,371178.0,371294.0,371381.0,371494.0,371592.0,371703.0,371818.0,371968.0,372087.0,372160.0,372256.0,372345
IDgUGs0KHl0,566322.0,567149.0,567980.0,568642.0,569299.0,570336.0,571163.0,571968.0,572830.0,573675.0,574514.0,575185.0,575968.0,576703.0,577539.0,578445.0,579187.0,579924.0,580617.0,581436.0,582322.0,583083.0,583962.0,584828.0,585615.0,586393.0,587191.0,587942.0,588685.0,589497.0,590236.0,590981.0,591657.0,592427.0,593324.0,594086.0,594796.0,595578.0,596407.0,597208.0,597819.0,598567.0,599291.0,600108.0,600993.0,601794.0,602481.0,603167.0,603915.0,604743.0,605442.0,606173.0,607139.0,607966.0,608740.0,609441.0,610224.0,610871.0,611669.0,612430.0,613077.0,613880.0,614687.0,615496.0,616260.0,616970.0,617632.0,618301.0,618913.0,619602.0,620227.0,620998.0,621741.0,622321.0,622997.0,623626.0,624210.0,624705.0,625403.0,626095.0,626759.0,627316.0,627818.0,628539.0,629129.0,629816.0,630457.0,631181.0,631849.0,632629.0,633294.0,633920.0,634578.0,635407.0,636123.0,636728.0,637429.0,638024.0,638719.0,639405.0,640165.0,640848.0,641497.0,642159.0,642832.0,643582.0,644268.0,645007.0,645607.0,646294.0,646886.0,647513.0,648135.0,648750.0,649360.0,650057.0,650643.0,651283.0,651898.0,652508.0,653172.0,653741.0,654246.0,654772.0,655346.0,655940.0,656556.0,657157.0,657918.0,658733.0,659378.0,659980.0,660821.0,661475.0,,,,,,,,,667617.0,668191.0,668843.0,669495.0,670042.0,670585.0,671176.0,671675.0,672185.0,672703.0,673189.0,673724.0,674338.0,674948.0,675469.0,675959.0,676555.0,677077.0,677659.0,678273.0,678807.0,679369.0,679825.0,680257.0,680792.0,681256.0,681704.0,682309.0,682850.0,683346.0,683904.0,684417.0,684857.0,685557.0,686144.0,686777.0,687271.0,687862.0,688503.0,689043.0,689657.0,690317.0,690859.0,691332.0,691898.0,692414.0,692959.0,693524.0,694091.0,694678.0,695172.0,695615.0,696170.0,696554.0,697006.0,697430.0,697866.0,698249.0,698684.0,699146.0,699561.0,699959.0,700365.0,700708.0,701094.0,701468.0,701985.0,702463.0,702832.0,703250.0,703772.0,704191.0,704729.0,705122.0,705624.0,706113.0,706522.0,706927.0,707361.0,707814.0,708307.0,708679.0,709176.0,709722.0,710184.0,710587.0,710987.0,711437.0,711792.0,712320.0,712757.0,713216.0,713644.0,713998.0,714427.0,714779.0,715171.0,715576.0,715921.0,716225.0,716569.0,716892.0,717247.0,717665.0,718093.0,718495.0,718792.0,719166.0,719595.0,719968.0,720343.0,720743.0,721231.0,721582.0,721955.0,722288.0,722651.0,723080.0,723506.0,724069.0,724521.0,,725550.0,726056.0,726610.0,727087.0,727486.0,727849.0,728410.0,728806.0,729249.0,729771.0,730267.0,730756.0,731123.0,731624.0,732063.0,732489.0,732873.0,733344.0,733741.0,734100.0,734450.0,734891.0,735285.0,735721.0,736152.0,736544.0,737039.0,737467.0,737934.0,738412.0,738847.0,739284.0,739661.0,740069.0,740450.0,740821.0,741216.0,741619.0,742102.0,742556.0,742891.0,743342.0,743706.0,744159.0,744640.0,745129.0,745472.0,745814.0,746178.0,746593.0,746935.0,747346.0,747744.0,748138.0,748505.0,748879.0,749242.0,749612.0,750089.0,750523.0,750885.0,751303.0,751612.0,751954.0,752310.0,752605.0,752884.0,753190.0,753609.0,753981.0,754329.0,754776.0,755115.0,755444.0,755856.0,756172.0,756505.0,756817.0,757152.0,757480.0,757819.0,758189.0,758490.0,758813.0,759164.0,759488.0,759820.0,760196.0,760591.0,760932.0,761211.0,761485.0,761782.0,762096.0,762440.0,762784.0,763106.0,763420.0,763721.0,764057.0,764293.0,764610.0,764904.0,765257.0,765603.0,765986.0,766329.0,766727.0,767084.0,767520.0,767859.0,768142.0,768426.0,768755
o6qthCV8BS4,2121.0,2122.0,2126.0,2127.0,2132.0,2133.0,2133.0,2134.0,2134.0,2136.0,2137.0,2137.0,2137.0,2138.0,2139.0,2140.0,2140.0,2142.0,2143.0,2144.0,2144.0,2147.0,2149.0,2149.0,2150.0,2150.0,2151.0,2152.0,2153.0,2155.0,2155.0,2156.0,2159.0,2160.0,2162.0,2162.0,2165.0,2165.0,2166.0,2168.0,2168.0,2169.0,2171.0,2171.0,2171.0,2172.0,2175.0,2175.0,2176.0,2176.0,2177.0,2177.0,2177.0,2178.0,2178.0,2179.0,2180.0,2182.0,2183.0,2184.0,2184.0,2185.0,2189.0,2190.0,2191.0,2191.0,2193.0,2195.0,2195.0,2196.0,2197.0,2199.0,2199.0,2202.0,2204.0,2204.0,2204.0,2204.0,2204.0,2205.0,2207.0,2211.0,2212.0,2212.0,2213.0,2213.0,2213.0,2214.0,2215.0,2215.0,2215.0,2215.0,2216.0,2217.0,2217.0,2218.0,2220.0,2224.0,2226.0,2228.0,2232.0,2242.0,2245.0,2254.0,2260.0,2267.0,2268.0,2271.0,2273.0,2276.0,2280.0,2282.0,2289.0,2290.0,2294.0,2296.0,2297.0,2298.0,2300.0,2301.0,2304.0,2306.0,2309.0,2312.0,2312.0,2314.0,2315.0,2315.0,2315.0,2317.0,2317.0,2320.0,2321.0,2323.0,,,,,,,,,2333.0,2335.0,2337.0,2337.0,2338.0,2338.0,2339.0,2339.0,2341.0,2341.0,2342.0,2343.0,2343.0,2343.0,2344.0,2345.0,2345.0,2348.0,2351.0,2353.0,2353.0,2353.0,2353.0,2354.0,2354.0,2356.0,2356.0,2356.0,2356.0,2371.0,2378.0,2379.0,2381.0,2381.0,2381.0,2381.0,2381.0,2381.0,2381.0,2381.0,2382.0,2382.0,2391.0,2392.0,2395.0,2399.0,2409.0,2412.0,2414.0,2416.0,2418.0,2423.0,2426.0,2427.0,2430.0,2430.0,2431.0,2432.0,2435.0,2437.0,2443.0,2445.0,2446.0,2447.0,2450.0,2452.0,2453.0,2455.0,2455.0,2456.0,2458.0,2460.0,2460.0,2464.0,2465.0,2466.0,2468.0,2470.0,2472.0,2474.0,2475.0,2475.0,2475.0,2476.0,2480.0,2480.0,2480.0,2480.0,2480.0,2481.0,2483.0,2483.0,2484.0,2484.0,2485.0,2486.0,2488.0,2489.0,2489.0,2489.0,2496.0,2497.0,2499.0,2501.0,2502.0,2502.0,2502.0,2504.0,2504.0,2506.0,2507.0,2508.0,2508.0,2508.0,2509.0,2510.0,2511.0,2512.0,2512.0,2515.0,2519.0,,2521.0,2522.0,2522.0,2522.0,2522.0,2522.0,2522.0,2525.0,2528.0,2529.0,2531.0,2531.0,2532.0,2532.0,2532.0,2533.0,2535.0,2537.0,2541.0,2543.0,2543.0,2545.0,2545.0,2548.0,2550.0,2552.0,2553.0,2554.0,2556.0,2556.0,2556.0,2556.0,2556.0,2558.0,2561.0,2562.0,2564.0,2571.0,2573.0,2577.0,2580.0,2581.0,2585.0,2588.0,2590.0,2591.0,2591.0,2591.0,2591.0,2591.0,2592.0,2596.0,2599.0,2601.0,2601.0,2602.0,2603.0,2603.0,2604.0,2605.0,2606.0,2609.0,2609.0,2609.0,2610.0,2611.0,2611.0,2615.0,2615.0,2616.0,2616.0,2616.0,2617.0,2619.0,2622.0,2622.0,2624.0,2624.0,2624.0,2625.0,2625.0,2625.0,2625.0,2628.0,2628.0,2628.0,2629.0,2630.0,2631.0,2631.0,2631.0,2632.0,2633.0,2635.0,2635.0,2640.0,2640.0,2642.0,2643.0,2646.0,2646.0,2646.0,2646.0,2648.0,2649.0,2650.0,2651.0,2653.0,2654.0,2655.0,2655.0,2655.0,2655.0,2656
sxqpfQzGDfI,149497.0,149513.0,149550.0,149573.0,149601.0,149640.0,149680.0,149719.0,149757.0,149784.0,149822.0,149864.0,149887.0,149923.0,149970.0,150014.0,150052.0,150088.0,150125.0,150161.0,150203.0,150236.0,150257.0,150295.0,150348.0,150446.0,150521.0,150604.0,150671.0,150764.0,150829.0,150894.0,150962.0,151042.0,151106.0,151202.0,151290.0,151369.0,151436.0,151554.0,151640.0,151724.0,151796.0,151870.0,151913.0,151977.0,152037.0,152125.0,152203.0,152261.0,152307.0,152376.0,152412.0,152463.0,152511.0,152564.0,152593.0,152623.0,152653.0,152677.0,152714.0,152747.0,152801.0,152844.0,152875.0,152929.0,152963.0,153000.0,153031.0,153073.0,153135.0,153184.0,153239.0,153281.0,153342.0,153400.0,153453.0,153494.0,153544.0,153585.0,153644.0,153685.0,153728.0,153785.0,153828.0,153877.0,153918.0,153959.0,154002.0,154034.0,154081.0,154129.0,154170.0,154216.0,154248.0,154295.0,154338.0,154369.0,154400.0,154454.0,154497.0,154529.0,154581.0,154643.0,154689.0,154735.0,154791.0,154844.0,154874.0,154924.0,154970.0,155009.0,155055.0,155097.0,155140.0,155183.0,155219.0,155279.0,155336.0,155381.0,155423.0,155465.0,155510.0,155558.0,155607.0,155658.0,155709.0,155757.0,155799.0,155833.0,155887.0,155925.0,155968.0,156005.0,,,,,,,,,156316.0,156341.0,156369.0,156414.0,156452.0,156481.0,156515.0,156542.0,156570.0,156624.0,156666.0,156707.0,156755.0,156798.0,156845.0,156879.0,156927.0,156966.0,157007.0,157047.0,157091.0,157120.0,157147.0,157176.0,157219.0,157256.0,157304.0,157371.0,157420.0,157444.0,157491.0,157560.0,157619.0,157708.0,157771.0,157823.0,157848.0,157894.0,157932.0,157987.0,158030.0,158095.0,158138.0,158169.0,158215.0,158262.0,158302.0,158346.0,158374.0,158411.0,158441.0,158479.0,158516.0,158557.0,158602.0,158641.0,158679.0,158704.0,158733.0,158757.0,158781.0,158810.0,158843.0,158875.0,158901.0,158923.0,158953.0,158985.0,159021.0,159045.0,159070.0,159098.0,159141.0,159181.0,159210.0,159242.0,159274.0,159301.0,159330.0,159365.0,159399.0,159423.0,159458.0,159503.0,159542.0,159558.0,159596.0,159628.0,159651.0,159678.0,159707.0,159728.0,159748.0,159783.0,159823.0,159854.0,159886.0,159926.0,159954.0,159987.0,160008.0,160042.0,160061.0,160094.0,160132.0,160149.0,160169.0,160195.0,160227.0,160261.0,160299.0,160321.0,160357.0,160382.0,160406.0,160420.0,160446.0,160467.0,160499.0,160527.0,160542.0,,160623.0,160648.0,160675.0,160711.0,160754.0,160798.0,160830.0,160862.0,160894.0,160938.0,160979.0,161022.0,161052.0,161098.0,161155.0,161215.0,161270.0,161320.0,161357.0,161417.0,161481.0,161546.0,161623.0,161688.0,161756.0,161821.0,161873.0,161930.0,161979.0,162037.0,162091.0,162168.0,162210.0,162249.0,162318.0,162371.0,162423.0,162472.0,162526.0,162564.0,162612.0,162662.0,162706.0,162757.0,162829.0,162886.0,162933.0,162969.0,163008.0,163056.0,163091.0,163132.0,163172.0,163206.0,163242.0,163277.0,163335.0,163384.0,163438.0,163493.0,163547.0,163595.0,163639.0,163693.0,163760.0,163801.0,163838.0,163882.0,163922.0,163956.0,163999.0,164054.0,164110.0,164178.0,164231.0,164275.0,164322.0,164370.0,164424.0,164477.0,164527.0,164576.0,164611.0,164668.0,164707.0,164742.0,164774.0,164810.0,164855.0,164903.0,164945.0,164985.0,165019.0,165056.0,165095.0,165121.0,165151.0,165180.0,165206.0,165228.0,165263.0,165294.0,165326.0,165357.0,165382.0,165412.0,165451.0,165490.0,165522.0,165573.0,165606.0,165636.0,165679.0,165710
bChBO5c2LN4,1653386.0,1654075.0,1654842.0,1655606.0,1656260.0,1656907.0,1657509.0,1658153.0,1658845.0,1659479.0,1660006.0,1660521.0,1661006.0,1661566.0,1662151.0,1662982.0,1663665.0,1664229.0,1664805.0,1665358.0,1666014.0,1666714.0,1667432.0,1668046.0,1668650.0,1669207.0,1669892.0,1670586.0,1671240.0,1671931.0,1672609.0,1673172.0,1673743.0,1674409.0,1675037.0,1675641.0,1676402.0,1677135.0,1677831.0,1678433.0,1679003.0,1679709.0,1680399.0,1681084.0,1681719.0,1682357.0,1682924.0,1683613.0,1684245.0,1684853.0,1685630.0,1686331.0,1686852.0,1687394.0,1687933.0,1688607.0,1689169.0,1689818.0,1690403.0,1691062.0,1691658.0,1692313.0,1692996.0,1693611.0,1694418.0,1695127.0,1695761.0,1696334.0,1696892.0,1697591.0,1698190.0,1698913.0,1699421.0,1699959.0,1700619.0,1701280.0,1701946.0,1702564.0,1703282.0,1703884.0,1704468.0,1705084.0,1705689.0,1706334.0,1706933.0,1707531.0,1708239.0,1708740.0,1709252.0,1709945.0,1710562.0,1711192.0,1711926.0,1712465.0,1713033.0,1713488.0,1714080.0,1714736.0,1715496.0,1716113.0,1716769.0,1717345.0,1717900.0,1718614.0,1719270.0,1719967.0,1720740.0,1721411.0,1721914.0,1722575.0,1723202.0,1723980.0,1724775.0,1725477.0,1726155.0,1726738.0,1727305.0,1728114.0,1728960.0,1729720.0,1730656.0,1731328.0,1732001.0,1732694.0,1733488.0,1734274.0,1735106.0,1735905.0,1736652.0,1737302.0,1737938.0,1738719.0,1739506.0,1740248.0,,,,,,,,,1747291.0,1748014.0,1748805.0,1749671.0,1750395.0,1751159.0,1751770.0,1752412.0,1752915.0,1753512.0,1754187.0,1754762.0,1755527.0,1756110.0,1756721.0,1757218.0,1757821.0,1758482.0,1759091.0,1759792.0,1760431.0,1761085.0,1761667.0,1762295.0,1762929.0,1763531.0,1764030.0,1764689.0,1765174.0,1765805.0,1766362.0,1766914.0,1767512.0,1768164.0,1768646.0,1769298.0,1769794.0,1770361.0,1770965.0,1771531.0,1772174.0,1772763.0,1773273.0,1773844.0,1774320.0,1774877.0,1775451.0,1776168.0,1776738.0,1777307.0,1777884.0,1778362.0,1779017.0,1779522.0,1780250.0,1780882.0,1781473.0,1781987.0,1782468.0,1783053.0,1783649.0,1784221.0,1784633.0,1785182.0,1785652.0,1786276.0,1786834.0,1787416.0,1787854.0,1788376.0,1788895.0,1789319.0,1789927.0,1790431.0,1791027.0,1791510.0,1792151.0,1792817.0,1793397.0,1793986.0,1794556.0,1795196.0,1795716.0,1796381.0,1796893.0,1797417.0,1797898.0,1798504.0,1799102.0,1799676.0,1800250.0,1800873.0,1801373.0,1801909.0,1802525.0,1803083.0,1803704.0,1804338.0,1805001.0,1805496.0,1806078.0,1806655.0,1807251.0,1807731.0,1808333.0,1808810.0,1809288.0,1809771.0,1810260.0,1810848.0,1811374.0,1811942.0,1812524.0,1812984.0,1813427.0,1813903.0,1814476.0,1815048.0,1815703.0,1816239.0,1816692.0,,1817763.0,1818267.0,1818888.0,1819497.0,1819990.0,1820497.0,1820971.0,1821486.0,1821947.0,1822585.0,1823092.0,1823658.0,1824112.0,1824562.0,1825068.0,1825582.0,1826117.0,1826710.0,1827223.0,1827831.0,1828308.0,1828808.0,1829337.0,1829840.0,1830263.0,1830783.0,1831212.0,1831734.0,1832233.0,1832859.0,1833345.0,1833899.0,1834456.0,1834862.0,1835337.0,1835937.0,1836364.0,1836859.0,1837494.0,1838006.0,1838469.0,1838915.0,1839463.0,1840020.0,1840555.0,1841199.0,1841768.0,1842248.0,1842790.0,1843350.0,1843953.0,1844421.0,1844995.0,1845543.0,1846035.0,1846560.0,1847199.0,1847747.0,1848196.0,1848800.0,1849343.0,1849913.0,1850494.0,1851122.0,1851746.0,1852288.0,1852834.0,1853298.0,1853738.0,1854253.0,1854821.0,1855381.0,1855913.0,1856397.0,1856911.0,1857305.0,1857748.0,1858233.0,1858729.0,1859189.0,1859688.0,1860157.0,1860655.0,1861140.0,1861677.0,1862148.0,1862652.0,1863091.0,1863683.0,1864141.0,1864569.0,1865073.0,1865622.0,1866198.0,1866852.0,1867418.0,1867965.0,1868456.0,1869052.0,1869683.0,1870221.0,1870755.0,1871305.0,1871813.0,1872256.0,1872839.0,1873444.0,1874067.0,1874553.0,1875094.0,1875571.0,1876001.0,1876505.0,1876999
ZVZombUbzws,625907.0,625992.0,626077.0,626149.0,626208.0,626285.0,626371.0,626439.0,626527.0,626579.0,626658.0,626722.0,626802.0,626885.0,626964.0,627068.0,627161.0,627230.0,627323.0,627435.0,627524.0,627604.0,627676.0,627785.0,627847.0,627918.0,628005.0,628089.0,628169.0,628270.0,628379.0,628508.0,628612.0,628757.0,628889.0,629026.0,629161.0,629314.0,629424.0,629547.0,629648.0,629796.0,629946.0,630056.0,630172.0,630266.0,630381.0,630491.0,630623.0,630734.0,630823.0,630914.0,630975.0,631034.0,631088.0,631185.0,631264.0,631406.0,631587.0,631733.0,631850.0,631992.0,632100.0,632279.0,632447.0,632663.0,632836.0,633301.0,633511.0,633829.0,633988.0,634134.0,634241.0,634314.0,634410.0,634524.0,634636.0,634754.0,634894.0,635042.0,635126.0,635239.0,635300.0,635413.0,635520.0,635631.0,635737.0,635833.0,635940.0,636059.0,636156.0,636290.0,636421.0,636529.0,636635.0,636725.0,636835.0,636925.0,637049.0,637183.0,637267.0,637335.0,637391.0,637471.0,637552.0,637604.0,637687.0,637776.0,637841.0,637938.0,638013.0,638080.0,638152.0,638242.0,638343.0,638399.0,638509.0,638617.0,638713.0,638809.0,638889.0,638973.0,639057.0,639127.0,639204.0,639285.0,639398.0,639504.0,639590.0,639666.0,639765.0,639847.0,639946.0,640032.0,,,,,,,,,640868.0,640966.0,641049.0,641118.0,641225.0,641298.0,641356.0,641415.0,641487.0,641574.0,641652.0,641763.0,641843.0,641921.0,641995.0,642064.0,642131.0,642203.0,642280.0,642350.0,642406.0,642474.0,642542.0,642606.0,642674.0,642748.0,642827.0,642888.0,642945.0,642995.0,643057.0,643114.0,643177.0,643229.0,643288.0,643336.0,643398.0,643448.0,643504.0,643552.0,643615.0,643679.0,643737.0,643780.0,643819.0,643874.0,643926.0,643977.0,644030.0,644101.0,644137.0,644170.0,644227.0,644277.0,644326.0,644395.0,644437.0,644496.0,644566.0,644629.0,644687.0,644733.0,644795.0,644847.0,644912.0,644957.0,645013.0,645076.0,645125.0,645164.0,645218.0,645272.0,645321.0,645381.0,645440.0,645483.0,645544.0,645610.0,645659.0,645714.0,645770.0,645818.0,645877.0,645951.0,646006.0,646051.0,646108.0,646173.0,646248.0,646302.0,646366.0,646433.0,646475.0,646553.0,646621.0,646660.0,646716.0,646762.0,646846.0,646904.0,646947.0,647000.0,647075.0,647129.0,647197.0,647263.0,647320.0,647362.0,647410.0,647462.0,647536.0,647612.0,647669.0,647725.0,647801.0,647861.0,647902.0,647976.0,648058.0,648138.0,648193.0,,648335.0,648401.0,648471.0,648563.0,648649.0,648716.0,648776.0,648850.0,648929.0,648995.0,649059.0,649143.0,649206.0,649278.0,649337.0,649400.0,649475.0,649553.0,649620.0,649697.0,649745.0,649810.0,649876.0,649938.0,650010.0,650083.0,650145.0,650231.0,650306.0,650381.0,650460.0,650532.0,650617.0,650672.0,650737.0,650818.0,650895.0,650968.0,651067.0,651156.0,651232.0,651314.0,651420.0,651509.0,651610.0,651670.0,651741.0,651821.0,651891.0,651967.0,652014.0,652091.0,652204.0,652292.0,652410.0,652495.0,652588.0,652671.0,652770.0,652881.0,652999.0,653084.0,653156.0,653272.0,653373.0,653482.0,653558.0,653638.0,653736.0,653829.0,653912.0,654013.0,654137.0,654220.0,654327.0,654408.0,654513.0,654610.0,654714.0,654816.0,654904.0,655031.0,655123.0,655237.0,655341.0,655473.0,655582.0,655702.0,655816.0,655938.0,656045.0,656158.0,656272.0,656381.0,656504.0,656634.0,656735.0,656850.0,656931.0,657012.0,657112.0,657228.0,657357.0,657428.0,657490.0,657585.0,657687.0,657775.0,657855.0,657983.0,658056.0,658126.0,658197.0,658277
ZVZombUbzws,625904.0,625992.0,626077.0,626149.0,626208.0,626285.0,626371.0,626439.0,626523.0,626578.0,626658.0,626722.0,626802.0,626886.0,626964.0,627068.0,627161.0,627230.0,627323.0,627435.0,627524.0,627602.0,627682.0,627785.0,627847.0,627918.0,628013.0,628089.0,628177.0,628270.0,628375.0,628508.0,628612.0,628757.0,628889.0,629033.0,629161.0,629314.0,629424.0,629523.0,629647.0,629796.0,629926.0,630056.0,630172.0,630270.0,630381.0,630491.0,630623.0,630734.0,630823.0,630918.0,630975.0,631034.0,631088.0,631185.0,631265.0,631396.0,631587.0,631733.0,631859.0,631989.0,632095.0,632281.0,632449.0,632663.0,632836.0,633301.0,633515.0,633829.0,633972.0,634134.0,634241.0,634316.0,634410.0,634524.0,634636.0,634754.0,634894.0,635034.0,635126.0,635231.0,635300.0,635413.0,635520.0,635634.0,635737.0,635833.0,635940.0,636054.0,636156.0,636297.0,636418.0,636529.0,636634.0,636733.0,636835.0,636929.0,637049.0,637183.0,637267.0,637335.0,637391.0,637471.0,637552.0,637604.0,637687.0,637776.0,637851.0,637931.0,638019.0,638081.0,638152.0,638242.0,638346.0,638399.0,638510.0,638617.0,638713.0,638809.0,638889.0,638972.0,639057.0,639127.0,639204.0,639285.0,639398.0,639506.0,639597.0,639666.0,639767.0,639846.0,639946.0,640032.0,,,,,,,,,640868.0,640964.0,641056.0,641118.0,641225.0,641292.0,641356.0,641420.0,641487.0,641568.0,641652.0,641757.0,641836.0,641921.0,641995.0,642065.0,642134.0,642203.0,642285.0,642355.0,642406.0,642474.0,642546.0,642606.0,642676.0,642749.0,642827.0,642880.0,642945.0,642995.0,643057.0,643114.0,643177.0,643229.0,643288.0,643336.0,643398.0,643448.0,643501.0,643552.0,643614.0,643679.0,643737.0,643780.0,643819.0,643874.0,643929.0,643986.0,644030.0,644101.0,644137.0,644173.0,644227.0,644279.0,644326.0,644388.0,644443.0,644496.0,644566.0,644630.0,644689.0,644733.0,644795.0,644847.0,644912.0,644957.0,645009.0,645072.0,645125.0,645167.0,645218.0,645272.0,645324.0,645379.0,645435.0,645485.0,645542.0,645610.0,645659.0,645717.0,645767.0,645821.0,645879.0,645951.0,646006.0,646051.0,646106.0,646188.0,646248.0,646302.0,646366.0,646433.0,646475.0,646553.0,646621.0,646658.0,646708.0,646767.0,646843.0,646904.0,646947.0,647007.0,647075.0,647129.0,647197.0,647263.0,647314.0,647359.0,647410.0,647470.0,647542.0,647612.0,647672.0,647732.0,647800.0,647851.0,647902.0,647976.0,648058.0,648139.0,648194.0,,648335.0,648400.0,648471.0,648563.0,648649.0,648716.0,648776.0,648850.0,648917.0,648995.0,649059.0,649143.0,649206.0,649271.0,649336.0,649400.0,649475.0,649553.0,649622.0,649697.0,649745.0,649810.0,649876.0,649938.0,650010.0,650083.0,650145.0,650231.0,650306.0,650383.0,650454.0,650532.0,650617.0,650672.0,650737.0,650819.0,650908.0,650980.0,651066.0,651149.0,651232.0,651314.0,651420.0,651509.0,651610.0,651675.0,651742.0,651819.0,651891.0,651968.0,652014.0,652091.0,652204.0,652292.0,652410.0,652503.0,652588.0,652671.0,652785.0,652881.0,652999.0,653084.0,653156.0,653272.0,653373.0,653482.0,653558.0,653638.0,653736.0,653827.0,653912.0,654013.0,654137.0,654220.0,654327.0,654408.0,654513.0,654610.0,654714.0,654816.0,654904.0,655031.0,655123.0,655237.0,655341.0,655473.0,655582.0,655702.0,655816.0,655938.0,656045.0,656158.0,656272.0,656381.0,656506.0,656634.0,656735.0,656848.0,656931.0,657012.0,657112.0,657238.0,657357.0,657428.0,657490.0,657585.0,657689.0,657779.0,657855.0,657983.0,658048.0,658115.0,658197.0,658281
Vxv_E6amhNQ,270539.0,270675.0,270780.0,270854.0,270975.0,271089.0,271209.0,271322.0,271476.0,271571.0,271683.0,271800.0,271904.0,272027.0,272140.0,272278.0,272425.0,272541.0,272647.0,272772.0,272906.0,273011.0,273141.0,273219.0,273334.0,273411.0,273515.0,273619.0,273754.0,273875.0,273974.0,274092.0,274181.0,274285.0,274367.0,274476.0,274577.0,274687.0,274802.0,274911.0,275027.0,275146.0,275276.0,275380.0,275465.0,275583.0,275680.0,275761.0,275876.0,275972.0,276088.0,276196.0,276280.0,276366.0,276473.0,276563.0,276646.0,276744.0,276865.0,276949.0,277037.0,277131.0,277265.0,277379.0,277470.0,277558.0,277650.0,277765.0,277851.0,277949.0,278077.0,278164.0,278241.0,278334.0,278430.0,278535.0,278632.0,278773.0,278876.0,279015.0,279135.0,279243.0,279335.0,279475.0,279588.0,279707.0,279820.0,279955.0,280077.0,280203.0,280346.0,280474.0,280611.0,280734.0,280850.0,281011.0,281161.0,281322.0,281457.0,281606.0,281742.0,281850.0,281963.0,282081.0,282205.0,282358.0,282560.0,282712.0,282851.0,282999.0,283168.0,283315.0,283433.0,283560.0,283723.0,283830.0,283924.0,284055.0,284208.0,284353.0,284467.0,284591.0,284703.0,284831.0,284971.0,285100.0,285273.0,285471.0,285658.0,285794.0,285961.0,286121.0,286345.0,286495.0,,,,,,,,,288413.0,288609.0,288818.0,289036.0,289207.0,289375.0,289537.0,289661.0,289828.0,289974.0,290168.0,290382.0,290606.0,290764.0,290941.0,291099.0,291238.0,291399.0,291603.0,291728.0,291916.0,292079.0,292218.0,292430.0,292597.0,292731.0,292863.0,292996.0,293147.0,293260.0,293425.0,293556.0,293714.0,293865.0,294012.0,294138.0,294256.0,294350.0,294516.0,294690.0,294840.0,294985.0,295131.0,295268.0,295403.0,295550.0,295704.0,295867.0,295981.0,296102.0,296212.0,296360.0,296500.0,296646.0,296807.0,296927.0,297038.0,297166.0,297294.0,297436.0,297572.0,297678.0,297791.0,297908.0,298008.0,298134.0,298262.0,298420.0,298512.0,298620.0,298750.0,298864.0,298993.0,299102.0,299243.0,299365.0,299470.0,299596.0,299682.0,299823.0,299928.0,300031.0,300149.0,300293.0,300419.0,300546.0,300661.0,300784.0,300886.0,301047.0,301178.0,301328.0,301458.0,301571.0,301681.0,301829.0,301936.0,302083.0,302173.0,302263.0,302353.0,302470.0,302575.0,302698.0,302797.0,302895.0,302986.0,303104.0,303218.0,303320.0,303451.0,303554.0,303661.0,303756.0,303856.0,303955.0,304035.0,304139.0,304276.0,304410.0,304529.0,,304771.0,304918.0,305038.0,305178.0,305305.0,305443.0,305595.0,305794.0,305970.0,306142.0,306309.0,306452.0,306530.0,306689.0,306819.0,306913.0,307030.0,307150.0,307267.0,307395.0,307522.0,307646.0,307780.0,307906.0,308012.0,308104.0,308214.0,308335.0,308449.0,308571.0,308720.0,308809.0,308940.0,309035.0,309180.0,309301.0,309464.0,309573.0,309718.0,309824.0,309931.0,310078.0,310185.0,310335.0,310478.0,310594.0,310681.0,310795.0,310902.0,310995.0,311075.0,311197.0,311295.0,311377.0,311491.0,311606.0,311701.0,311811.0,311923.0,312021.0,312134.0,312231.0,312344.0,312461.0,312651.0,312740.0,312844.0,312944.0,313046.0,313137.0,313241.0,313331.0,313421.0,313524.0,313640.0,313740.0,313859.0,313967.0,314093.0,314233.0,314378.0,314485.0,314579.0,314704.0,314814.0,314929.0,315035.0,315137.0,315243.0,315346.0,315446.0,315537.0,315621.0,315708.0,315796.0,315930.0,316007.0,316127.0,316221.0,316312.0,316401.0,316480.0,316554.0,316626.0,316742.0,316843.0,316951.0,317043.0,317140.0,317272.0,317378.0,317478.0,317576.0,317664
zT96yJGWIUg,804.0,804.0,804.0,804.0,804.0,805.0,805.0,805.0,805.0,805.0,806.0,807.0,807.0,807.0,807.0,807.0,807.0,807.0,807.0,807.0,808.0,808.0,808.0,808.0,810.0,811.0,811.0,811.0,812.0,812.0,818.0,821.0,821.0,821.0,824.0,825.0,825.0,825.0,826.0,827.0,827.0,829.0,829.0,830.0,830.0,830.0,831.0,832.0,832.0,832.0,833.0,833.0,833.0,833.0,836.0,839.0,839.0,839.0,839.0,841.0,842.0,842.0,842.0,842.0,843.0,843.0,843.0,843.0,843.0,844.0,844.0,844.0,844.0,845.0,845.0,845.0,845.0,845.0,845.0,845.0,845.0,845.0,845.0,845.0,845.0,846.0,846.0,847.0,848.0,848.0,848.0,849.0,849.0,849.0,849.0,849.0,850.0,850.0,850.0,851.0,851.0,852.0,852.0,852.0,852.0,852.0,853.0,853.0,853.0,853.0,855.0,855.0,855.0,855.0,855.0,855.0,855.0,855.0,855.0,855.0,858.0,858.0,858.0,858.0,859.0,859.0,859.0,859.0,859.0,859.0,859.0,859.0,859.0,859.0,,,,,,,,,862.0,862.0,862.0,862.0,862.0,862.0,862.0,862.0,862.0,862.0,862.0,862.0,862.0,862.0,862.0,862.0,862.0,862.0,862.0,862.0,862.0,862.0,862.0,862.0,863.0,863.0,863.0,864.0,864.0,864.0,864.0,864.0,864.0,864.0,864.0,866.0,866.0,866.0,866.0,867.0,867.0,867.0,867.0,867.0,867.0,867.0,867.0,868.0,868.0,868.0,869.0,869.0,869.0,869.0,869.0,869.0,869.0,869.0,869.0,869.0,869.0,869.0,869.0,869.0,869.0,869.0,870.0,870.0,870.0,870.0,870.0,871.0,871.0,871.0,871.0,871.0,871.0,871.0,871.0,871.0,871.0,872.0,872.0,872.0,873.0,873.0,873.0,873.0,873.0,874.0,874.0,874.0,874.0,874.0,874.0,877.0,877.0,877.0,877.0,877.0,878.0,878.0,878.0,878.0,878.0,878.0,878.0,878.0,878.0,878.0,878.0,878.0,878.0,878.0,879.0,880.0,880.0,881.0,881.0,881.0,881.0,,882.0,882.0,882.0,882.0,883.0,883.0,883.0,883.0,883.0,883.0,883.0,884.0,884.0,884.0,886.0,886.0,888.0,890.0,890.0,890.0,890.0,890.0,890.0,891.0,892.0,892.0,892.0,892.0,892.0,893.0,893.0,893.0,893.0,893.0,893.0,894.0,894.0,894.0,895.0,895.0,895.0,895.0,895.0,895.0,895.0,895.0,895.0,895.0,895.0,895.0,895.0,895.0,895.0,895.0,895.0,897.0,897.0,897.0,897.0,897.0,897.0,897.0,897.0,897.0,897.0,897.0,897.0,898.0,898.0,898.0,898.0,898.0,898.0,898.0,898.0,899.0,900.0,900.0,900.0,900.0,900.0,900.0,900.0,900.0,900.0,900.0,900.0,900.0,900.0,900.0,900.0,900.0,900.0,900.0,900.0,900.0,900.0,900.0,900.0,900.0,900.0,900.0,900.0,900.0,900.0,900.0,900.0,900.0,900.0,900.0,900.0,900.0,900.0,901
mgNJ4IA6raY,657.0,657.0,657.0,657.0,659.0,659.0,659.0,659.0,659.0,659.0,659.0,659.0,659.0,659.0,659.0,659.0,659.0,659.0,659.0,659.0,659.0,659.0,659.0,659.0,661.0,661.0,661.0,661.0,661.0,661.0,664.0,666.0,668.0,669.0,672.0,673.0,674.0,674.0,674.0,674.0,674.0,675.0,675.0,676.0,676.0,676.0,677.0,677.0,677.0,678.0,679.0,679.0,679.0,679.0,681.0,681.0,681.0,681.0,682.0,683.0,686.0,686.0,686.0,686.0,687.0,687.0,687.0,687.0,687.0,688.0,688.0,688.0,688.0,689.0,689.0,689.0,689.0,689.0,689.0,689.0,689.0,689.0,689.0,689.0,689.0,690.0,690.0,692.0,692.0,692.0,692.0,692.0,692.0,695.0,695.0,695.0,695.0,695.0,695.0,695.0,695.0,695.0,695.0,695.0,695.0,697.0,698.0,699.0,699.0,700.0,700.0,700.0,700.0,700.0,700.0,702.0,702.0,702.0,702.0,702.0,703.0,703.0,703.0,703.0,703.0,703.0,703.0,704.0,704.0,704.0,704.0,704.0,704.0,704.0,,,,,,,,,704.0,705.0,705.0,705.0,705.0,706.0,707.0,707.0,707.0,707.0,707.0,707.0,707.0,707.0,707.0,707.0,707.0,707.0,707.0,708.0,708.0,708.0,709.0,709.0,709.0,709.0,709.0,709.0,709.0,710.0,710.0,710.0,710.0,710.0,710.0,710.0,710.0,710.0,710.0,721.0,721.0,722.0,722.0,722.0,722.0,722.0,722.0,723.0,723.0,724.0,724.0,724.0,724.0,725.0,725.0,725.0,725.0,726.0,726.0,726.0,726.0,726.0,726.0,726.0,727.0,727.0,727.0,728.0,728.0,728.0,728.0,728.0,728.0,728.0,728.0,728.0,728.0,728.0,728.0,728.0,728.0,730.0,731.0,731.0,731.0,731.0,731.0,731.0,731.0,731.0,731.0,731.0,732.0,732.0,732.0,733.0,733.0,734.0,735.0,735.0,735.0,735.0,735.0,735.0,735.0,735.0,735.0,735.0,735.0,735.0,735.0,735.0,735.0,735.0,735.0,736.0,737.0,737.0,737.0,737.0,737.0,,738.0,738.0,738.0,738.0,738.0,738.0,738.0,738.0,738.0,739.0,739.0,739.0,739.0,739.0,739.0,739.0,739.0,739.0,739.0,740.0,740.0,740.0,740.0,740.0,740.0,740.0,740.0,740.0,740.0,741.0,741.0,741.0,741.0,741.0,741.0,741.0,743.0,743.0,743.0,743.0,743.0,743.0,743.0,743.0,743.0,743.0,743.0,743.0,743.0,743.0,743.0,743.0,743.0,743.0,743.0,743.0,743.0,743.0,743.0,743.0,743.0,743.0,743.0,743.0,744.0,744.0,744.0,744.0,744.0,744.0,744.0,744.0,744.0,744.0,744.0,744.0,744.0,744.0,744.0,744.0,744.0,744.0,744.0,744.0,745.0,745.0,745.0,745.0,745.0,745.0,745.0,745.0,745.0,745.0,745.0,745.0,745.0,745.0,745.0,745.0,745.0,745.0,745.0,745.0,745.0,745.0,745.0,745.0,745.0,745.0,745.0,745.0,745.0,745
B-Ccr_oSTmg,457.0,457.0,457.0,457.0,458.0,458.0,458.0,458.0,458.0,458.0,458.0,458.0,458.0,458.0,458.0,458.0,459.0,460.0,460.0,461.0,462.0,462.0,462.0,462.0,463.0,463.0,464.0,464.0,465.0,465.0,467.0,467.0,469.0,469.0,469.0,469.0,469.0,469.0,469.0,469.0,470.0,471.0,471.0,472.0,472.0,472.0,472.0,472.0,472.0,472.0,472.0,472.0,472.0,472.0,472.0,472.0,474.0,474.0,474.0,474.0,474.0,474.0,474.0,474.0,475.0,475.0,476.0,476.0,476.0,476.0,476.0,476.0,476.0,476.0,476.0,476.0,476.0,476.0,476.0,476.0,476.0,476.0,476.0,476.0,476.0,476.0,476.0,476.0,476.0,476.0,477.0,477.0,477.0,477.0,477.0,477.0,477.0,477.0,477.0,479.0,479.0,479.0,479.0,479.0,479.0,479.0,479.0,480.0,480.0,480.0,480.0,480.0,480.0,480.0,480.0,480.0,480.0,480.0,480.0,480.0,480.0,480.0,480.0,480.0,480.0,480.0,480.0,480.0,480.0,480.0,480.0,480.0,480.0,480.0,,,,,,,,,482.0,482.0,482.0,482.0,482.0,482.0,482.0,482.0,482.0,482.0,482.0,482.0,482.0,482.0,482.0,482.0,482.0,482.0,482.0,482.0,482.0,482.0,482.0,482.0,482.0,482.0,482.0,482.0,482.0,482.0,482.0,482.0,482.0,482.0,482.0,482.0,482.0,482.0,482.0,482.0,482.0,482.0,482.0,482.0,482.0,482.0,482.0,482.0,482.0,482.0,482.0,482.0,482.0,482.0,482.0,482.0,482.0,482.0,482.0,482.0,482.0,482.0,482.0,482.0,482.0,482.0,482.0,482.0,482.0,482.0,482.0,482.0,482.0,482.0,482.0,482.0,482.0,482.0,482.0,482.0,482.0,482.0,482.0,482.0,482.0,482.0,482.0,482.0,482.0,482.0,482.0,482.0,482.0,482.0,482.0,482.0,482.0,482.0,482.0,482.0,482.0,482.0,482.0,482.0,482.0,482.0,482.0,482.0,482.0,482.0,482.0,482.0,482.0,482.0,482.0,482.0,482.0,482.0,482.0,482.0,482.0,,482.0,482.0,482.0,482.0,482.0,482.0,482.0,482.0,482.0,482.0,482.0,482.0,482.0,482.0,482.0,482.0,482.0,482.0,482.0,482.0,482.0,482.0,482.0,482.0,482.0,482.0,482.0,482.0,482.0,482.0,482.0,482.0,482.0,482.0,482.0,482.0,482.0,482.0,482.0,482.0,482.0,482.0,482.0,482.0,482.0,482.0,482.0,482.0,482.0,482.0,482.0,482.0,482.0,482.0,482.0,482.0,482.0,482.0,482.0,482.0,482.0,482.0,482.0,482.0,482.0,482.0,482.0,482.0,482.0,482.0,482.0,482.0,482.0,482.0,482.0,482.0,482.0,482.0,482.0,482.0,482.0,482.0,482.0,482.0,482.0,482.0,482.0,482.0,482.0,482.0,482.0,482.0,482.0,482.0,482.0,482.0,482.0,482.0,482.0,482.0,482.0,482.0,482.0,482.0,482.0,482.0,482.0,482.0,482.0,482.0,482.0,482.0,482.0,482
UCSeGtX3Bfg,505.0,505.0,505.0,505.0,505.0,505.0,505.0,505.0,515.0,515.0,516.0,516.0,516.0,516.0,516.0,516.0,517.0,518.0,518.0,519.0,522.0,522.0,523.0,526.0,526.0,526.0,527.0,527.0,528.0,528.0,530.0,530.0,531.0,531.0,532.0,533.0,533.0,533.0,533.0,533.0,534.0,534.0,534.0,535.0,535.0,535.0,536.0,536.0,536.0,536.0,536.0,536.0,536.0,536.0,536.0,536.0,536.0,536.0,536.0,536.0,536.0,536.0,536.0,536.0,536.0,536.0,537.0,537.0,537.0,537.0,537.0,537.0,537.0,537.0,537.0,537.0,537.0,537.0,537.0,537.0,538.0,538.0,538.0,538.0,538.0,538.0,538.0,539.0,539.0,539.0,539.0,539.0,539.0,539.0,539.0,539.0,539.0,539.0,539.0,539.0,539.0,539.0,539.0,539.0,539.0,539.0,539.0,539.0,539.0,539.0,539.0,539.0,539.0,539.0,540.0,540.0,540.0,540.0,540.0,540.0,540.0,540.0,540.0,540.0,540.0,540.0,540.0,542.0,542.0,542.0,542.0,542.0,543.0,543.0,,,,,,,,,545.0,546.0,546.0,546.0,546.0,546.0,546.0,546.0,546.0,546.0,546.0,546.0,546.0,546.0,546.0,546.0,546.0,546.0,546.0,546.0,546.0,546.0,546.0,546.0,546.0,546.0,546.0,546.0,546.0,546.0,546.0,546.0,546.0,546.0,546.0,546.0,546.0,546.0,546.0,546.0,546.0,546.0,546.0,546.0,546.0,546.0,546.0,546.0,546.0,546.0,546.0,546.0,546.0,546.0,546.0,546.0,546.0,546.0,546.0,546.0,546.0,546.0,546.0,546.0,546.0,546.0,546.0,546.0,546.0,546.0,546.0,546.0,546.0,546.0,546.0,546.0,546.0,546.0,546.0,546.0,546.0,546.0,546.0,546.0,546.0,546.0,546.0,546.0,546.0,546.0,546.0,546.0,546.0,546.0,546.0,546.0,546.0,546.0,546.0,546.0,546.0,546.0,546.0,546.0,546.0,546.0,546.0,546.0,546.0,546.0,546.0,546.0,546.0,546.0,546.0,546.0,546.0,546.0,546.0,546.0,546.0,,546.0,546.0,546.0,546.0,546.0,546.0,546.0,546.0,546.0,546.0,546.0,546.0,546.0,546.0,546.0,546.0,546.0,546.0,546.0,546.0,546.0,546.0,546.0,546.0,546.0,546.0,546.0,546.0,546.0,546.0,546.0,546.0,546.0,546.0,546.0,546.0,546.0,546.0,546.0,546.0,546.0,546.0,546.0,546.0,546.0,546.0,546.0,546.0,546.0,546.0,546.0,546.0,546.0,546.0,546.0,546.0,546.0,546.0,546.0,546.0,546.0,546.0,546.0,546.0,546.0,546.0,546.0,546.0,546.0,546.0,546.0,546.0,546.0,546.0,546.0,546.0,546.0,546.0,546.0,546.0,546.0,546.0,546.0,546.0,546.0,546.0,546.0,546.0,546.0,546.0,546.0,546.0,546.0,546.0,546.0,546.0,546.0,546.0,546.0,546.0,546.0,546.0,546.0,546.0,546.0,546.0,546.0,546.0,546.0,546.0,546.0,546.0,546.0,546
5K4rgH7HN2U,305.0,305.0,305.0,305.0,305.0,305.0,305.0,305.0,305.0,305.0,305.0,305.0,305.0,305.0,305.0,306.0,306.0,306.0,306.0,306.0,306.0,306.0,306.0,306.0,306.0,306.0,306.0,306.0,307.0,307.0,308.0,308.0,308.0,308.0,308.0,308.0,309.0,309.0,309.0,309.0,310.0,310.0,310.0,310.0,310.0,310.0,310.0,310.0,310.0,310.0,310.0,310.0,310.0,310.0,310.0,310.0,310.0,310.0,310.0,310.0,310.0,310.0,310.0,310.0,310.0,310.0,310.0,310.0,310.0,310.0,312.0,312.0,312.0,312.0,312.0,312.0,313.0,313.0,313.0,313.0,313.0,313.0,313.0,313.0,313.0,313.0,313.0,313.0,313.0,313.0,313.0,313.0,313.0,313.0,313.0,313.0,313.0,313.0,313.0,314.0,315.0,315.0,315.0,315.0,316.0,316.0,316.0,316.0,316.0,317.0,317.0,317.0,317.0,318.0,318.0,318.0,318.0,318.0,318.0,318.0,318.0,318.0,318.0,319.0,319.0,319.0,319.0,319.0,319.0,320.0,320.0,320.0,320.0,320.0,,,,,,,,,322.0,322.0,322.0,322.0,322.0,322.0,322.0,323.0,323.0,323.0,323.0,323.0,323.0,323.0,323.0,323.0,323.0,323.0,323.0,323.0,323.0,323.0,323.0,323.0,323.0,323.0,323.0,323.0,323.0,323.0,323.0,323.0,323.0,323.0,323.0,323.0,323.0,323.0,323.0,323.0,323.0,323.0,323.0,323.0,323.0,323.0,323.0,323.0,323.0,323.0,323.0,323.0,323.0,323.0,323.0,323.0,323.0,323.0,323.0,323.0,323.0,323.0,323.0,323.0,323.0,323.0,323.0,323.0,323.0,323.0,323.0,323.0,323.0,323.0,323.0,323.0,323.0,323.0,323.0,323.0,323.0,323.0,323.0,323.0,323.0,323.0,323.0,323.0,323.0,323.0,323.0,323.0,323.0,323.0,323.0,323.0,323.0,323.0,323.0,323.0,323.0,323.0,323.0,323.0,323.0,323.0,323.0,323.0,323.0,323.0,323.0,323.0,323.0,323.0,323.0,323.0,323.0,323.0,323.0,323.0,323.0,,323.0,323.0,323.0,323.0,323.0,323.0,323.0,323.0,323.0,323.0,323.0,323.0,323.0,323.0,323.0,323.0,323.0,323.0,323.0,323.0,323.0,323.0,323.0,323.0,323.0,323.0,323.0,323.0,323.0,323.0,323.0,323.0,323.0,323.0,323.0,323.0,323.0,323.0,323.0,323.0,323.0,323.0,323.0,323.0,323.0,323.0,323.0,323.0,323.0,323.0,323.0,323.0,323.0,323.0,323.0,323.0,323.0,323.0,323.0,323.0,323.0,323.0,323.0,323.0,323.0,323.0,323.0,323.0,323.0,323.0,323.0,323.0,323.0,323.0,323.0,323.0,323.0,323.0,323.0,323.0,323.0,323.0,323.0,323.0,323.0,323.0,323.0,323.0,323.0,323.0,323.0,323.0,323.0,323.0,323.0,323.0,323.0,323.0,323.0,323.0,323.0,323.0,323.0,323.0,323.0,323.0,323.0,323.0,323.0,323.0,323.0,323.0,323.0,323
R49_e4728eE,732.0,732.0,732.0,732.0,732.0,732.0,732.0,732.0,732.0,732.0,732.0,732.0,732.0,732.0,732.0,733.0,734.0,734.0,734.0,735.0,735.0,735.0,736.0,737.0,737.0,738.0,738.0,738.0,739.0,740.0,741.0,741.0,741.0,741.0,741.0,741.0,742.0,742.0,742.0,743.0,744.0,745.0,745.0,747.0,747.0,747.0,747.0,747.0,747.0,747.0,747.0,747.0,747.0,747.0,747.0,747.0,747.0,747.0,748.0,748.0,748.0,748.0,748.0,748.0,748.0,748.0,748.0,749.0,749.0,749.0,749.0,749.0,749.0,749.0,749.0,749.0,749.0,749.0,749.0,749.0,749.0,749.0,749.0,750.0,750.0,750.0,750.0,750.0,750.0,750.0,750.0,750.0,750.0,750.0,750.0,750.0,750.0,750.0,750.0,753.0,753.0,753.0,753.0,753.0,753.0,753.0,753.0,753.0,753.0,753.0,753.0,753.0,753.0,753.0,753.0,753.0,753.0,753.0,753.0,753.0,753.0,753.0,753.0,753.0,753.0,753.0,753.0,753.0,753.0,754.0,754.0,755.0,755.0,755.0,,,,,,,,,756.0,756.0,756.0,756.0,756.0,756.0,756.0,756.0,756.0,756.0,756.0,756.0,756.0,756.0,756.0,756.0,756.0,756.0,756.0,756.0,756.0,756.0,756.0,756.0,756.0,756.0,756.0,756.0,756.0,756.0,756.0,756.0,756.0,756.0,756.0,756.0,756.0,756.0,756.0,756.0,756.0,756.0,756.0,756.0,756.0,756.0,756.0,756.0,756.0,756.0,756.0,756.0,756.0,756.0,756.0,756.0,756.0,756.0,756.0,756.0,756.0,756.0,756.0,756.0,756.0,756.0,756.0,756.0,756.0,756.0,756.0,756.0,756.0,756.0,756.0,756.0,756.0,756.0,756.0,756.0,756.0,756.0,756.0,756.0,756.0,756.0,756.0,756.0,756.0,756.0,756.0,756.0,756.0,756.0,756.0,756.0,756.0,756.0,756.0,756.0,756.0,756.0,756.0,756.0,756.0,756.0,756.0,756.0,756.0,756.0,756.0,756.0,756.0,756.0,756.0,756.0,756.0,756.0,756.0,756.0,756.0,,756.0,756.0,756.0,756.0,756.0,756.0,756.0,756.0,756.0,756.0,756.0,756.0,756.0,756.0,756.0,756.0,756.0,756.0,756.0,756.0,756.0,756.0,756.0,756.0,756.0,756.0,756.0,756.0,756.0,756.0,756.0,756.0,756.0,756.0,756.0,756.0,756.0,756.0,756.0,756.0,756.0,756.0,756.0,756.0,756.0,756.0,756.0,756.0,756.0,756.0,756.0,756.0,756.0,756.0,756.0,756.0,756.0,756.0,756.0,756.0,756.0,756.0,756.0,756.0,756.0,756.0,756.0,756.0,756.0,756.0,756.0,756.0,756.0,756.0,756.0,756.0,756.0,756.0,756.0,756.0,756.0,756.0,756.0,756.0,756.0,756.0,756.0,756.0,756.0,756.0,756.0,756.0,756.0,756.0,756.0,756.0,756.0,756.0,756.0,756.0,756.0,756.0,756.0,756.0,756.0,756.0,756.0,756.0,756.0,756.0,756.0,756.0,756.0,756
f0ATPiPwFqo,188630.0,188702.0,188780.0,188866.0,188941.0,189031.0,189118.0,189209.0,189319.0,189411.0,189488.0,189560.0,189626.0,189712.0,189788.0,189874.0,189949.0,189997.0,190067.0,190156.0,190255.0,190365.0,190457.0,190543.0,190612.0,190678.0,190736.0,190802.0,190876.0,190933.0,191020.0,191076.0,191140.0,191216.0,191289.0,191370.0,191460.0,191528.0,191620.0,191701.0,191803.0,191898.0,191997.0,192112.0,192220.0,192311.0,192395.0,192464.0,192538.0,192642.0,192731.0,192823.0,192889.0,192955.0,193035.0,193113.0,193167.0,193226.0,193294.0,193336.0,193402.0,193462.0,193512.0,193599.0,193680.0,193730.0,193792.0,193863.0,193894.0,193975.0,194056.0,194122.0,194215.0,194288.0,194358.0,194433.0,194532.0,194595.0,194690.0,194786.0,194872.0,194946.0,195019.0,195128.0,195238.0,195359.0,195452.0,195546.0,195651.0,195735.0,195838.0,195934.0,196028.0,196115.0,196185.0,196270.0,196354.0,196440.0,196523.0,196643.0,196733.0,196831.0,196925.0,197095.0,197245.0,197413.0,197546.0,197609.0,197691.0,197762.0,197837.0,197958.0,198101.0,198209.0,198312.0,198378.0,198441.0,198520.0,198597.0,198662.0,198747.0,198790.0,198844.0,198916.0,198954.0,199027.0,199077.0,199139.0,199202.0,199255.0,199335.0,199422.0,199491.0,199559.0,,,,,,,,,200224.0,200279.0,200333.0,200414.0,200517.0,200610.0,200679.0,200750.0,200804.0,200876.0,200943.0,201041.0,201126.0,201205.0,201285.0,201370.0,201444.0,201536.0,201625.0,201703.0,201772.0,201837.0,201913.0,202001.0,202071.0,202133.0,202190.0,202251.0,202321.0,202405.0,202486.0,202586.0,202658.0,202758.0,202828.0,202900.0,202964.0,203051.0,203149.0,203241.0,203322.0,203381.0,203470.0,203531.0,203726.0,203860.0,203999.0,204227.0,204513.0,204718.0,204875.0,205042.0,205183.0,205361.0,205502.0,205721.0,205952.0,206130.0,206295.0,206442.0,206606.0,206781.0,206943.0,207107.0,207218.0,207331.0,207499.0,207663.0,207764.0,207913.0,208022.0,208133.0,208278.0,208382.0,208488.0,208588.0,208696.0,208810.0,208915.0,208988.0,209076.0,209142.0,209200.0,209286.0,209349.0,209397.0,209471.0,209539.0,209590.0,209658.0,209766.0,209834.0,209884.0,209940.0,210001.0,210061.0,210133.0,210200.0,210287.0,210362.0,210449.0,210535.0,210616.0,210718.0,210789.0,210906.0,210992.0,211094.0,211173.0,211479.0,212087.0,212305.0,212498.0,212694.0,213804.0,214594.0,215329.0,215860.0,216554.0,217969.0,218929.0,,221299.0,222138.0,223957.0,225796.0,227044.0,228732.0,230134.0,232252.0,234045.0,235714.0,237272.0,238990.0,240412.0,241952.0,243574.0,245090.0,246170.0,247784.0,249378.0,250863.0,252608.0,254315.0,256038.0,257411.0,258794.0,260071.0,260968.0,261915.0,263242.0,264131.0,265032.0,265802.0,266723.0,267451.0,268588.0,269907.0,271095.0,272089.0,273197.0,273959.0,274944.0,276142.0,277483.0,278313.0,279208.0,280284.0,281015.0,281624.0,282416.0,283251.0,283995.0,284358.0,284838.0,285252.0,285545.0,285748.0,286218.0,286455.0,286674.0,286835.0,286999.0,287136.0,287304.0,287521.0,287737.0,288090.0,288403.0,288662.0,288805.0,288950.0,289116.0,289305.0,289460.0,289622.0,289758.0,289881.0,290043.0,290195.0,290395.0,290575.0,290725.0,290896.0,291060.0,291179.0,291298.0,291410.0,291514.0,291639.0,291771.0,291874.0,291961.0,292103.0,292248.0,292391.0,292540.0,292771.0,292915.0,293078.0,293274.0,293478.0,293627.0,293730.0,293887.0,294056.0,294200.0,294514.0,294870.0,295195.0,295486.0,295822.0,296134.0,296514.0,296854.0,297169
maPxanIs8uo,4768194.0,4769477.0,4770871.0,4772184.0,4773649.0,4775199.0,4776630.0,4778087.0,4779590.0,4781101.0,4782704.0,4784202.0,4785804.0,4787661.0,4789409.0,4791197.0,4792932.0,4794450.0,4795983.0,4797597.0,4799254.0,4800928.0,4802589.0,4804013.0,4805686.0,4807064.0,4808484.0,4810063.0,4811529.0,4813149.0,4814757.0,4816329.0,4817861.0,4819482.0,4820947.0,4822557.0,4824506.0,4826330.0,4828161.0,4829805.0,4831661.0,4833577.0,4835540.0,4837620.0,4839775.0,4841786.0,4843808.0,4846004.0,4848198.0,4850269.0,4852104.0,4853978.0,4855723.0,4857404.0,4859208.0,4860839.0,4862589.0,4864387.0,4866082.0,4867826.0,4869666.0,4871484.0,4873334.0,4875103.0,4876876.0,4878579.0,4880136.0,4881762.0,4883338.0,4885328.0,4887195.0,4888859.0,4890500.0,4892067.0,4893750.0,4895671.0,4897279.0,4898902.0,4900712.0,4902580.0,4904286.0,4905839.0,4907399.0,4909130.0,4910838.0,4912545.0,4914180.0,4915770.0,4917541.0,4919574.0,4921537.0,4923251.0,4925021.0,4926767.0,4928525.0,4930133.0,4931813.0,4933598.0,4935312.0,4937354.0,4939421.0,4941054.0,4942565.0,4944322.0,4945990.0,4947627.0,4949283.0,4950960.0,4952539.0,4954392.0,4956258.0,4958301.0,4960004.0,4961703.0,4963112.0,4964521.0,4966054.0,4967597.0,4969189.0,4971002.0,4972832.0,4974485.0,4976070.0,4977569.0,4979019.0,4980496.0,4981898.0,4983250.0,4984620.0,4985966.0,4987061.0,4988538.0,4990066.0,4991340.0,,,,,,,,,5003678.0,5004949.0,5005974.0,5007138.0,5008162.0,5009175.0,5010119.0,5010861.0,5011943.0,5012944.0,5013980.0,5015042.0,5016429.0,5017743.0,5018960.0,5019965.0,5020945.0,5021977.0,5023094.0,5024253.0,5025445.0,5026671.0,5027773.0,5028892.0,5030252.0,5031632.0,5032968.0,5034391.0,5035625.0,5036983.0,5038402.0,5039844.0,5041140.0,5042500.0,5043856.0,5045168.0,5046478.0,5047692.0,5049097.0,5050540.0,5052106.0,5053594.0,5055174.0,5056479.0,5057920.0,5059358.0,5060729.0,5062170.0,5063631.0,5064939.0,5066128.0,5067361.0,5068607.0,5069876.0,5071100.0,5072562.0,5073788.0,5074952.0,5076101.0,5077418.0,5078605.0,5079848.0,5080901.0,5081985.0,5083067.0,5084188.0,5085360.0,5086471.0,5087724.0,5088789.0,5089934.0,5091045.0,5092146.0,5093188.0,5094321.0,5095339.0,5096456.0,5097526.0,5098541.0,5099527.0,5100626.0,5101684.0,5102789.0,5103928.0,5105228.0,5106182.0,5107125.0,5108149.0,5109200.0,5110358.0,5111436.0,5112511.0,5113494.0,5114509.0,5115693.0,5116873.0,5118051.0,5119301.0,5120451.0,5121504.0,5122655.0,5123808.0,5124950.0,5126049.0,5127166.0,5128346.0,5129380.0,5130682.0,5131786.0,5132960.0,5134187.0,5135428.0,5136660.0,5137712.0,5138736.0,5139772.0,5140857.0,5142096.0,5143395.0,5144644.0,5145795.0,,5148350.0,5149715.0,5150942.0,5152073.0,5153174.0,5154218.0,5155235.0,5156426.0,5157774.0,5159169.0,5160671.0,5162000.0,5163338.0,5164685.0,5166084.0,5167623.0,5169166.0,5170708.0,5172086.0,5173263.0,5174780.0,5176038.0,5177338.0,5178443.0,5179799.0,5181061.0,5182187.0,5183358.0,5184512.0,5185850.0,5187065.0,5188211.0,5189338.0,5190321.0,5191356.0,5192489.0,5193667.0,5194768.0,5195854.0,5197015.0,5198039.0,5199123.0,5200325.0,5201437.0,5202620.0,5203606.0,5204779.0,5205873.0,5206929.0,5208003.0,5209197.0,5210415.0,5211386.0,5212517.0,5213751.0,5214853.0,5216009.0,5217201.0,5218388.0,5219541.0,5220736.0,5221811.0,5223002.0,5224293.0,5225565.0,5226724.0,5227949.0,5229104.0,5230138.0,5231342.0,5232616.0,5233868.0,5235155.0,5236509.0,5237924.0,5239137.0,5240409.0,5241778.0,5243070.0,5244431.0,5245873.0,5247258.0,5248540.0,5249887.0,5251302.0,5252538.0,5253866.0,5255321.0,5256598.0,5257807.0,5259046.0,5260297.0,5261562.0,5262882.0,5264219.0,5265572.0,5266864.0,5268209.0,5269491.0,5270751.0,5272077.0,5273478.0,5274721.0,5275958.0,5277206.0,5278583.0,5279863.0,5281234.0,5282504.0,5283950.0,5285146.0,5286330.0,5287705.0,5288951
VJtuEh2woik,,,,,,,,,,,,,,,,,,,,,,,,,,,,,,,,,,,,,,,,,,,,,,,,,,,,,,,,,,,,,,,,,,,,,,,,,,,,,,,,,,,,,,,,,,,,,,,,,,,,,,,,,,,,,,,,,,,,,,,,,,,,,,,,,,,,,,,,,,,,,,,,,,,,,,,,,,,,,,,,,,,,,,,,,,,,,,,,,,,,,,,,,,,,,,,,,,,,,,,,,,,,,,,,,,,,,,,,,,,,,,,,,,,,,,,,,,,,,,,,,,,,,,,,,,,,,,,,,,,,,,,,,,,,,,,,,,,,,,,,,,,,,,,,,,,,,,,,,,,,,,,,,,,,,,,,,,,,,,,,,,,,,,,,,,,,,,,,,,,,,,,,,,,,,,,,,,,,,,,,,,,,,,,,,,,,,,,,,,
nS6jENpzz3w,2186772.0,2187117.0,2187513.0,2187950.0,2188377.0,2188808.0,2189170.0,2189600.0,2190050.0,2190434.0,2190830.0,2191254.0,2191675.0,2192115.0,2192525.0,2193044.0,2193409.0,2193785.0,2194148.0,2194487.0,2194863.0,2195243.0,2195670.0,2195996.0,2196391.0,2196758.0,2197172.0,2197514.0,2197881.0,2198227.0,2198614.0,2199035.0,2199421.0,2199753.0,2200206.0,2200626.0,2201099.0,2201819.0,2202336.0,2202828.0,2203373.0,2204041.0,2204922.0,2205559.0,2206141.0,2206677.0,2207156.0,2207709.0,2208153.0,2208687.0,2209117.0,2209595.0,2210049.0,2210439.0,2210834.0,2211273.0,2211711.0,2212099.0,2212523.0,2213030.0,2213515.0,2213948.0,2214407.0,2214851.0,2215257.0,2215802.0,2216284.0,2216798.0,2217221.0,2217761.0,2218166.0,2218639.0,2219029.0,2219428.0,2219823.0,2220262.0,2220695.0,2221164.0,2221568.0,2221994.0,2222358.0,2222734.0,2223128.0,2223579.0,2224030.0,2224453.0,2224878.0,2225303.0,2225660.0,2225976.0,2226374.0,2226757.0,2227204.0,2227653.0,2228067.0,2228395.0,2228812.0,2229162.0,2229536.0,2229854.0,2230193.0,2230519.0,2230859.0,2231210.0,2231558.0,2231970.0,2232306.0,2232623.0,2232969.0,2233270.0,2233705.0,2234017.0,2234379.0,2234725.0,2235103.0,2235445.0,2235809.0,2236189.0,2236522.0,2236869.0,2237160.0,2237572.0,2237899.0,2238223.0,2238605.0,2238887.0,2239247.0,2239645.0,2240045.0,2240411.0,2240821.0,2241137.0,2241547.0,2241917.0,,,,,,,,,2245462.0,2245800.0,2246201.0,2246614.0,2246993.0,2247288.0,2247666.0,2248030.0,2248403.0,2248731.0,2249106.0,2249477.0,2249813.0,2250143.0,2250570.0,2250934.0,2251336.0,2251778.0,2252138.0,2252460.0,2252826.0,2253254.0,2253675.0,2253994.0,2254344.0,2254694.0,2255079.0,2255491.0,2255889.0,2256203.0,2256565.0,2256906.0,2257273.0,2257663.0,2258029.0,2258391.0,2258736.0,2259100.0,2259452.0,2259854.0,2260283.0,2260746.0,2261160.0,2261535.0,2261925.0,2262245.0,2262627.0,2263016.0,2263402.0,2263876.0,2264255.0,2264616.0,2264960.0,2265430.0,2265816.0,2266237.0,2266657.0,2267029.0,2267407.0,2267881.0,2268274.0,2268612.0,2268963.0,2269380.0,2269769.0,2270114.0,2270567.0,2270983.0,2271354.0,2271714.0,2272072.0,2272398.0,2272777.0,2273091.0,2273443.0,2273813.0,2274189.0,2274581.0,2274894.0,2275221.0,2275582.0,2275905.0,2276280.0,2276666.0,2277009.0,2277397.0,2277731.0,2278122.0,2278475.0,2278837.0,2279193.0,2279548.0,2279928.0,2280298.0,2280626.0,2280985.0,2281326.0,2281657.0,2282043.0,2282421.0,2282735.0,2283073.0,2283457.0,2283729.0,2284063.0,2284462.0,2284829.0,2285194.0,2285503.0,2285854.0,2286201.0,2286640.0,2287012.0,2287388.0,2287738.0,2288099.0,2288423.0,2288820.0,2289210.0,2289632.0,2289978.0,,2290760.0,2291160.0,2291544.0,2291872.0,2292236.0,2292571.0,2292955.0,2293292.0,2293625.0,2293958.0,2294327.0,2294640.0,2294997.0,2295330.0,2295711.0,2296101.0,2296455.0,2296880.0,2297271.0,2297630.0,2298030.0,2298424.0,2298812.0,2299266.0,2299614.0,2300012.0,2300398.0,2300799.0,2301363.0,2301846.0,2302265.0,2302640.0,2303048.0,2303490.0,2303847.0,2304261.0,2304604.0,2305024.0,2305475.0,2305849.0,2306267.0,2306625.0,2306984.0,2307369.0,2307749.0,2308105.0,2308469.0,2308813.0,2309161.0,2309533.0,2309885.0,2310255.0,2310618.0,2310950.0,2311294.0,2311584.0,2311926.0,2312345.0,2312816.0,2313294.0,2313707.0,2314065.0,2314403.0,2314772.0,2315150.0,2315542.0,2315990.0,2316364.0,2316731.0,2317025.0,2317436.0,2317826.0,2318252.0,2318679.0,2319041.0,2319501.0,2320007.0,2320429.0,2320846.0,2321224.0,2321654.0,2322049.0,2322446.0,2322777.0,2323167.0,2323496.0,2323942.0,2324409.0,2324812.0,2325221.0,2325601.0,2326017.0,2326409.0,2326819.0,2327244.0,2327653.0,2328009.0,2328467.0,2328824.0,2329218.0,2329590.0,2329980.0,2330315.0,2330676.0,2330986.0,2331343.0,2331705.0,2332106.0,2332434.0,2332800.0,2333079.0,2333424.0,2333753.0,2334043
Yv8M-0KHd58,19525.0,19529.0,19529.0,19532.0,19536.0,19540.0,19541.0,19542.0,19543.0,19547.0,19554.0,19557.0,19565.0,19568.0,19573.0,19576.0,19580.0,19584.0,19589.0,19597.0,19603.0,19605.0,19607.0,19610.0,19613.0,19618.0,19621.0,19628.0,19646.0,19653.0,19660.0,19664.0,19668.0,19672.0,19675.0,19680.0,19693.0,19702.0,19719.0,19728.0,19739.0,19750.0,19763.0,19772.0,19781.0,19788.0,19812.0,19842.0,19859.0,19877.0,19886.0,19900.0,19909.0,19914.0,19920.0,19929.0,19935.0,19939.0,19946.0,19955.0,19966.0,19975.0,19982.0,19989.0,19999.0,20009.0,20017.0,20022.0,20026.0,20034.0,20039.0,20045.0,20046.0,20058.0,20069.0,20078.0,20080.0,20086.0,20092.0,20095.0,20103.0,20112.0,20119.0,20124.0,20131.0,20133.0,20135.0,20138.0,20142.0,20145.0,20146.0,20148.0,20150.0,20155.0,20161.0,20171.0,20172.0,20174.0,20176.0,20180.0,20183.0,20187.0,20189.0,20192.0,20195.0,20201.0,20206.0,20215.0,20216.0,20216.0,20220.0,20221.0,20223.0,20228.0,20231.0,20235.0,20237.0,20244.0,20245.0,20253.0,20258.0,20264.0,20268.0,20271.0,20272.0,20274.0,20275.0,20277.0,20280.0,20281.0,20285.0,20286.0,20286.0,20289.0,,,,,,,,,20308.0,20313.0,20316.0,20322.0,20325.0,20327.0,20329.0,20333.0,20340.0,20347.0,20349.0,20355.0,20363.0,20367.0,20367.0,20368.0,20373.0,20376.0,20381.0,20385.0,20386.0,20391.0,20398.0,20401.0,20402.0,20403.0,20405.0,20409.0,20410.0,20415.0,20420.0,20420.0,20420.0,20421.0,20424.0,20427.0,20429.0,20432.0,20437.0,20438.0,20440.0,20441.0,20443.0,20447.0,20452.0,20453.0,20453.0,20453.0,20455.0,20457.0,20459.0,20461.0,20462.0,20463.0,20465.0,20468.0,20472.0,20481.0,20496.0,20517.0,20526.0,20535.0,20537.0,20543.0,20549.0,20554.0,20556.0,20563.0,20568.0,20569.0,20570.0,20572.0,20573.0,20575.0,20577.0,20578.0,20581.0,20588.0,20592.0,20596.0,20596.0,20597.0,20599.0,20602.0,20606.0,20614.0,20628.0,20639.0,20650.0,20652.0,20659.0,20665.0,20668.0,20670.0,20670.0,20671.0,20674.0,20678.0,20681.0,20685.0,20687.0,20691.0,20694.0,20699.0,20702.0,20703.0,20705.0,20710.0,20711.0,20712.0,20712.0,20714.0,20716.0,20725.0,20728.0,20729.0,20730.0,20732.0,20735.0,20737.0,20742.0,,20746.0,20749.0,20754.0,20760.0,20763.0,20766.0,20770.0,20773.0,20775.0,20776.0,20778.0,20780.0,20786.0,20787.0,20791.0,20797.0,20803.0,20819.0,20824.0,20827.0,20836.0,20838.0,20841.0,20845.0,20848.0,20851.0,20853.0,20854.0,20855.0,20858.0,20861.0,20864.0,20864.0,20864.0,20869.0,20873.0,20874.0,20877.0,20880.0,20886.0,20888.0,20890.0,20893.0,20896.0,20898.0,20902.0,20904.0,20908.0,20914.0,20919.0,20921.0,20924.0,20928.0,20931.0,20933.0,20935.0,20940.0,20942.0,20945.0,20945.0,20949.0,20952.0,20957.0,20961.0,20964.0,20970.0,20979.0,20984.0,20989.0,20996.0,20999.0,21007.0,21014.0,21019.0,21021.0,21024.0,21028.0,21034.0,21038.0,21046.0,21054.0,21061.0,21068.0,21075.0,21082.0,21088.0,21093.0,21096.0,21099.0,21100.0,21100.0,21105.0,21111.0,21114.0,21123.0,21125.0,21132.0,21135.0,21138.0,21142.0,21148.0,21149.0,21151.0,21152.0,21160.0,21168.0,21172.0,21176.0,21179.0,21181.0,21185.0,21190.0,21191.0,21193
9mwqw2eLpyA,15698.0,15701.0,15702.0,15705.0,15710.0,15713.0,15715.0,15719.0,15723.0,15732.0,15736.0,15741.0,15745.0,15750.0,15756.0,15759.0,15760.0,15764.0,15769.0,15772.0,15778.0,15785.0,15789.0,15794.0,15799.0,15804.0,15806.0,15809.0,15815.0,15821.0,15828.0,15839.0,15854.0,15861.0,15867.0,15879.0,15880.0,15884.0,15887.0,15894.0,15896.0,15899.0,15906.0,15910.0,15912.0,15913.0,15915.0,15925.0,15927.0,15930.0,15933.0,15936.0,15940.0,15942.0,15947.0,15953.0,15956.0,15962.0,15965.0,15966.0,15970.0,15973.0,15980.0,15985.0,15990.0,15994.0,15996.0,15998.0,16001.0,16006.0,16006.0,16012.0,16014.0,16016.0,16018.0,16023.0,16026.0,16030.0,16033.0,16035.0,16038.0,16040.0,16042.0,16049.0,16051.0,16060.0,16067.0,16070.0,16073.0,16075.0,16075.0,16078.0,16083.0,16088.0,16093.0,16097.0,16101.0,16102.0,16106.0,16109.0,16117.0,16121.0,16125.0,16128.0,16133.0,16137.0,16141.0,16145.0,16147.0,16153.0,16154.0,16158.0,16162.0,16163.0,16164.0,16165.0,16168.0,16173.0,16176.0,16179.0,16181.0,16182.0,16185.0,16187.0,16191.0,16193.0,16195.0,16196.0,16200.0,16203.0,16205.0,16207.0,16215.0,16218.0,,,,,,,,,16250.0,16253.0,16255.0,16258.0,16260.0,16265.0,16270.0,16274.0,16279.0,16282.0,16284.0,16285.0,16289.0,16293.0,16298.0,16305.0,16308.0,16312.0,16315.0,16317.0,16318.0,16322.0,16324.0,16327.0,16331.0,16336.0,16338.0,16341.0,16343.0,16349.0,16354.0,16356.0,16360.0,16362.0,16364.0,16368.0,16373.0,16375.0,16383.0,16391.0,16394.0,16398.0,16399.0,16401.0,16406.0,16409.0,16412.0,16413.0,16414.0,16418.0,16422.0,16431.0,16433.0,16436.0,16438.0,16441.0,16445.0,16449.0,16451.0,16455.0,16456.0,16458.0,16463.0,16467.0,16470.0,16473.0,16475.0,16479.0,16481.0,16485.0,16487.0,16489.0,16491.0,16496.0,16498.0,16499.0,16502.0,16505.0,16508.0,16512.0,16514.0,16518.0,16527.0,16531.0,16540.0,16545.0,16549.0,16551.0,16556.0,16557.0,16561.0,16562.0,16566.0,16568.0,16569.0,16571.0,16573.0,16575.0,16577.0,16578.0,16579.0,16582.0,16583.0,16583.0,16584.0,16585.0,16586.0,16587.0,16589.0,16590.0,16591.0,16591.0,16593.0,16594.0,16596.0,16598.0,16603.0,16605.0,16608.0,16611.0,16613.0,,16671.0,16743.0,16751.0,16754.0,16755.0,16761.0,16763.0,16767.0,16771.0,16777.0,16781.0,16784.0,16790.0,16792.0,16798.0,16799.0,16805.0,16808.0,16810.0,16816.0,16819.0,16825.0,16828.0,16838.0,16840.0,16842.0,16853.0,16857.0,16864.0,16866.0,16870.0,16873.0,16876.0,16881.0,16883.0,16887.0,16889.0,16894.0,16897.0,16904.0,16908.0,16911.0,16913.0,16914.0,16916.0,16923.0,16927.0,16932.0,16938.0,16940.0,16944.0,16946.0,16947.0,16948.0,16950.0,16952.0,16959.0,16961.0,16963.0,16966.0,16974.0,16978.0,16985.0,16987.0,16994.0,16999.0,17003.0,17008.0,17008.0,17014.0,17015.0,17016.0,17018.0,17019.0,17021.0,17025.0,17032.0,17033.0,17036.0,17039.0,17041.0,17044.0,17045.0,17049.0,17054.0,17057.0,17060.0,17063.0,17066.0,17073.0,17076.0,17080.0,17085.0,17086.0,17091.0,17095.0,17097.0,17098.0,17100.0,17102.0,17105.0,17107.0,17110.0,17113.0,17117.0,17120.0,17122.0,17124.0,17125.0,17128.0,17131.0,17133.0,17137.0,17141
HmErrxqvGqo,143774.0,143815.0,143855.0,143896.0,143926.0,143951.0,143990.0,144023.0,144064.0,144099.0,144130.0,144162.0,144191.0,144227.0,144265.0,144299.0,144328.0,144357.0,144390.0,144419.0,144457.0,144483.0,144515.0,144549.0,144574.0,144597.0,144637.0,144668.0,144700.0,144746.0,144774.0,144805.0,144835.0,144878.0,144920.0,144974.0,145016.0,145066.0,145097.0,145138.0,145194.0,145249.0,145309.0,145376.0,145435.0,145475.0,145517.0,145594.0,145650.0,145726.0,145806.0,145877.0,145922.0,145960.0,146019.0,146065.0,146114.0,146161.0,146212.0,146255.0,146294.0,146336.0,146397.0,146470.0,146532.0,146593.0,146637.0,146677.0,146727.0,146775.0,146808.0,146859.0,146901.0,146941.0,146980.0,147028.0,147074.0,147113.0,147157.0,147205.0,147241.0,147263.0,147305.0,147353.0,147400.0,147446.0,147483.0,147508.0,147551.0,147618.0,147675.0,147739.0,147829.0,147912.0,148007.0,148066.0,148171.0,148271.0,148376.0,148494.0,148598.0,148685.0,148772.0,148869.0,148949.0,149043.0,149134.0,149211.0,149302.0,149386.0,149475.0,149563.0,149653.0,149742.0,149819.0,149885.0,149955.0,150041.0,150108.0,150195.0,150267.0,150331.0,150396.0,150467.0,150535.0,150617.0,150668.0,150741.0,150795.0,150857.0,150905.0,150973.0,151050.0,151126.0,,,,,,,,,151580.0,151628.0,151669.0,151724.0,151763.0,151805.0,151845.0,151887.0,151940.0,151975.0,152023.0,152060.0,152100.0,152140.0,152183.0,152216.0,152242.0,152281.0,152324.0,152362.0,152398.0,152432.0,152466.0,152496.0,152538.0,152587.0,152640.0,152690.0,152720.0,152752.0,152787.0,152845.0,152916.0,152965.0,153023.0,153085.0,153123.0,153166.0,153211.0,153268.0,153322.0,153360.0,153404.0,153438.0,153478.0,153532.0,153584.0,153645.0,153704.0,153753.0,153796.0,153859.0,153900.0,153968.0,154022.0,154080.0,154130.0,154165.0,154193.0,154235.0,154269.0,154311.0,154337.0,154362.0,154393.0,154416.0,154460.0,154508.0,154538.0,154561.0,154589.0,154627.0,154660.0,154716.0,154773.0,154809.0,154859.0,154895.0,154931.0,154958.0,155013.0,155047.0,155079.0,155118.0,155167.0,155196.0,155227.0,155282.0,155335.0,155397.0,155452.0,155494.0,155540.0,155584.0,155628.0,155670.0,155713.0,155756.0,155800.0,155847.0,155884.0,155918.0,155958.0,156001.0,156038.0,156077.0,156111.0,156150.0,156203.0,156253.0,156306.0,156354.0,156399.0,156445.0,156482.0,156534.0,156573.0,156615.0,156652.0,156701.0,156738.0,,156830.0,156880.0,156927.0,156971.0,157025.0,157077.0,157130.0,157183.0,157224.0,157259.0,157302.0,157344.0,157361.0,157391.0,157431.0,157483.0,157529.0,157577.0,157634.0,157677.0,157718.0,157762.0,157794.0,157830.0,157885.0,157937.0,157970.0,158017.0,158077.0,158123.0,158194.0,158245.0,158301.0,158351.0,158398.0,158574.0,158672.0,158719.0,158772.0,158820.0,158854.0,158902.0,158947.0,158994.0,159034.0,159090.0,159161.0,159217.0,159269.0,159319.0,159367.0,159408.0,159459.0,159508.0,159544.0,159583.0,159620.0,159665.0,159699.0,159750.0,159787.0,159818.0,159859.0,159889.0,159928.0,159963.0,160004.0,160047.0,160070.0,160098.0,160136.0,160173.0,160197.0,160232.0,160270.0,160302.0,160338.0,160366.0,160397.0,160430.0,160462.0,160493.0,160529.0,160555.0,160575.0,160605.0,160635.0,160660.0,160688.0,160716.0,160742.0,160766.0,160800.0,160826.0,160855.0,160881.0,160901.0,160932.0,160959.0,160987.0,161020.0,161053.0,161082.0,161124.0,161156.0,161190.0,161211.0,161234.0,161261.0,161296.0,161332.0,161358.0,161395.0,161423
L0Ba-Jl4E7g,45810.0,45844.0,45867.0,45898.0,45919.0,45939.0,45958.0,45987.0,46013.0,46038.0,46061.0,46083.0,46106.0,46126.0,46160.0,46189.0,46209.0,46229.0,46251.0,46274.0,46298.0,46317.0,46339.0,46370.0,46405.0,46428.0,46442.0,46460.0,46494.0,46524.0,46545.0,46565.0,46589.0,46615.0,46639.0,46667.0,46687.0,46706.0,46721.0,46740.0,46755.0,46773.0,46791.0,46822.0,46853.0,46880.0,46908.0,46944.0,46968.0,46989.0,47014.0,47027.0,47058.0,47073.0,47096.0,47118.0,47154.0,47182.0,47198.0,47219.0,47235.0,47254.0,47275.0,47296.0,47308.0,47328.0,47350.0,47364.0,47371.0,47385.0,47402.0,47427.0,47449.0,47461.0,47484.0,47508.0,47534.0,47552.0,47576.0,47598.0,47615.0,47635.0,47654.0,47678.0,47696.0,47713.0,47732.0,47754.0,47768.0,47798.0,47830.0,47860.0,47885.0,47918.0,47939.0,47977.0,48005.0,48031.0,48054.0,48073.0,48092.0,48115.0,48139.0,48166.0,48181.0,48206.0,48225.0,48247.0,48261.0,48270.0,48295.0,48323.0,48334.0,48356.0,48375.0,48385.0,48396.0,48416.0,48425.0,48452.0,48467.0,48482.0,48492.0,48518.0,48540.0,48559.0,48572.0,48593.0,48614.0,48628.0,48640.0,48659.0,48671.0,48680.0,,,,,,,,,48853.0,48874.0,48893.0,48910.0,48936.0,48958.0,48978.0,49002.0,49017.0,49046.0,49063.0,49089.0,49108.0,49130.0,49153.0,49174.0,49193.0,49223.0,49236.0,49263.0,49284.0,49296.0,49314.0,49326.0,49357.0,49373.0,49386.0,49412.0,49440.0,49467.0,49482.0,49494.0,49526.0,49533.0,49555.0,49574.0,49598.0,49614.0,49630.0,49650.0,49666.0,49681.0,49700.0,49713.0,49724.0,49734.0,49755.0,49771.0,49792.0,49815.0,49830.0,49837.0,49853.0,49861.0,49871.0,49895.0,49915.0,49930.0,49951.0,49969.0,49988.0,49999.0,50016.0,50032.0,50053.0,50063.0,50083.0,50094.0,50112.0,50129.0,50144.0,50159.0,50179.0,50198.0,50232.0,50244.0,50260.0,50275.0,50290.0,50317.0,50330.0,50342.0,50363.0,50375.0,50397.0,50415.0,50427.0,50451.0,50478.0,50505.0,50525.0,50546.0,50566.0,50588.0,50610.0,50632.0,50651.0,50673.0,50690.0,50701.0,50713.0,50730.0,50750.0,50773.0,50799.0,50821.0,50837.0,50849.0,50870.0,50889.0,50913.0,50927.0,50941.0,50964.0,50984.0,50990.0,51006.0,51034.0,51051.0,51069.0,51098.0,,51139.0,51160.0,51187.0,51216.0,51237.0,51252.0,51271.0,51287.0,51295.0,51314.0,51341.0,51360.0,51368.0,51381.0,51407.0,51421.0,51434.0,51445.0,51460.0,51470.0,51484.0,51497.0,51511.0,51530.0,51548.0,51564.0,51579.0,51597.0,51617.0,51632.0,51652.0,51672.0,51685.0,51699.0,51710.0,51731.0,51744.0,51754.0,51772.0,51782.0,51793.0,51810.0,51817.0,51832.0,51845.0,51861.0,51879.0,51899.0,51921.0,51941.0,51962.0,51984.0,52010.0,52027.0,52054.0,52066.0,52082.0,52108.0,52123.0,52140.0,52149.0,52167.0,52182.0,52198.0,52218.0,52233.0,52251.0,52272.0,52289.0,52307.0,52329.0,52350.0,52375.0,52402.0,52426.0,52440.0,52452.0,52469.0,52492.0,52516.0,52543.0,52567.0,52589.0,52608.0,52627.0,52639.0,52654.0,52666.0,52685.0,52696.0,52709.0,52722.0,52739.0,52756.0,52777.0,52787.0,52798.0,52805.0,52826.0,52844.0,52857.0,52868.0,52877.0,52894.0,52915.0,52936.0,52963.0,52983.0,53008.0,53025.0,53044.0,53061.0,53082.0,53103
t0A-2X5GwAU,11046.0,11047.0,11047.0,11048.0,11048.0,11049.0,11049.0,11050.0,11052.0,11052.0,11053.0,11053.0,11054.0,11054.0,11054.0,11054.0,11054.0,11056.0,11056.0,11056.0,11056.0,11057.0,11058.0,11058.0,11059.0,11059.0,11060.0,11062.0,11063.0,11063.0,11063.0,11063.0,11063.0,11064.0,11066.0,11068.0,11071.0,11073.0,11074.0,11074.0,11075.0,11077.0,11077.0,11079.0,11080.0,11080.0,11080.0,11080.0,11080.0,11080.0,11082.0,11086.0,11087.0,11094.0,11094.0,11095.0,11097.0,11098.0,11098.0,11101.0,11102.0,11104.0,11105.0,11105.0,11105.0,11105.0,11105.0,11106.0,11107.0,11107.0,11107.0,11108.0,11111.0,11111.0,11112.0,11113.0,11114.0,11117.0,11118.0,11120.0,11121.0,11126.0,11127.0,11131.0,11131.0,11134.0,11136.0,11138.0,11138.0,11140.0,11140.0,11142.0,11145.0,11147.0,11149.0,11150.0,11154.0,11155.0,11157.0,11159.0,11160.0,11163.0,11163.0,11164.0,11166.0,11167.0,11167.0,11169.0,11173.0,11177.0,11178.0,11179.0,11182.0,11182.0,11186.0,11187.0,11189.0,11189.0,11190.0,11194.0,11194.0,11194.0,11194.0,11194.0,11194.0,11195.0,11196.0,11197.0,11198.0,11198.0,11198.0,11198.0,11198.0,11198.0,,,,,,,,,11204.0,11204.0,11204.0,11204.0,11204.0,11206.0,11207.0,11208.0,11208.0,11210.0,11214.0,11215.0,11216.0,11217.0,11218.0,11220.0,11222.0,11223.0,11224.0,11224.0,11224.0,11224.0,11224.0,11225.0,11226.0,11228.0,11230.0,11231.0,11231.0,11233.0,11235.0,11236.0,11236.0,11238.0,11238.0,11239.0,11242.0,11243.0,11244.0,11245.0,11245.0,11245.0,11245.0,11245.0,11245.0,11245.0,11245.0,11246.0,11246.0,11249.0,11252.0,11252.0,11254.0,11253.0,11254.0,11254.0,11255.0,11257.0,11258.0,11258.0,11258.0,11258.0,11259.0,11259.0,11261.0,11261.0,11262.0,11262.0,11263.0,11264.0,11265.0,11265.0,11264.0,11264.0,11264.0,11265.0,11265.0,11266.0,11267.0,11267.0,11268.0,11269.0,11269.0,11269.0,11270.0,11270.0,11270.0,11272.0,11272.0,11272.0,11272.0,11273.0,11273.0,11275.0,11275.0,11277.0,11277.0,11277.0,11277.0,11277.0,11278.0,11279.0,11279.0,11279.0,11281.0,11283.0,11286.0,11286.0,11287.0,11287.0,11288.0,11288.0,11290.0,11291.0,11291.0,11291.0,11292.0,11292.0,11292.0,11294.0,11294.0,,11295.0,11300.0,11300.0,11301.0,11300.0,11301.0,11301.0,11302.0,11302.0,11303.0,11303.0,11305.0,11305.0,11308.0,11309.0,11309.0,11310.0,11311.0,11312.0,11314.0,11317.0,11317.0,11321.0,11326.0,11328.0,11331.0,11332.0,11335.0,11335.0,11335.0,11337.0,11338.0,11338.0,11338.0,11341.0,11341.0,11344.0,11345.0,11347.0,11348.0,11348.0,11350.0,11351.0,11351.0,11352.0,11352.0,11353.0,11354.0,11356.0,11357.0,11357.0,11362.0,11363.0,11365.0,11370.0,11373.0,11375.0,11376.0,11377.0,11379.0,11382.0,11384.0,11385.0,11386.0,11386.0,11387.0,11387.0,11387.0,11392.0,11393.0,11393.0,11394.0,11395.0,11395.0,11395.0,11396.0,11400.0,11401.0,11401.0,11401.0,11402.0,11402.0,11404.0,11405.0,11405.0,11405.0,11411.0,11412.0,11415.0,11417.0,11418.0,11419.0,11422.0,11423.0,11425.0,11429.0,11430.0,11430.0,11430.0,11432.0,11433.0,11436.0,11438.0,11440.0,11440.0,11440.0,11440.0,11440.0,11441.0,11441.0,11441.0,11442.0,11443.0,11443
RaxTrz3wb0s,29416.0,29425.0,29438.0,29443.0,29455.0,29462.0,29476.0,29486.0,29493.0,29501.0,29512.0,29520.0,29531.0,29540.0,29549.0,29553.0,29557.0,29569.0,29589.0,29596.0,29605.0,29615.0,29624.0,29633.0,29640.0,29650.0,29660.0,29669.0,29678.0,29683.0,29689.0,29692.0,29696.0,29700.0,29703.0,29714.0,29719.0,29726.0,29730.0,29731.0,29738.0,29745.0,29747.0,29750.0,29754.0,29757.0,29765.0,29768.0,29772.0,29776.0,29781.0,29782.0,29785.0,29794.0,29800.0,29803.0,29813.0,29814.0,29820.0,29827.0,29831.0,29837.0,29858.0,29865.0,29872.0,29879.0,29883.0,29890.0,29897.0,29904.0,29912.0,29916.0,29923.0,29929.0,29937.0,29943.0,29947.0,29955.0,29963.0,29970.0,29974.0,29980.0,29988.0,29994.0,30000.0,30005.0,30009.0,30017.0,30021.0,30027.0,30033.0,30041.0,30045.0,30051.0,30053.0,30058.0,30064.0,30069.0,30074.0,30078.0,30082.0,30084.0,30095.0,30109.0,30115.0,30119.0,30125.0,30128.0,30137.0,30146.0,30151.0,30154.0,30162.0,30167.0,30178.0,30181.0,30187.0,30196.0,30200.0,30209.0,30211.0,30221.0,30222.0,30227.0,30229.0,30236.0,30240.0,30246.0,30253.0,30258.0,30265.0,30274.0,30280.0,30289.0,,,,,,,,,30355.0,30360.0,30367.0,30374.0,30383.0,30390.0,30400.0,30404.0,30410.0,30417.0,30422.0,30431.0,30444.0,30459.0,30468.0,30472.0,30479.0,30485.0,30491.0,30496.0,30502.0,30508.0,30515.0,30522.0,30531.0,30541.0,30546.0,30560.0,30569.0,30580.0,30587.0,30597.0,30607.0,30619.0,30629.0,30640.0,30651.0,30656.0,30666.0,30679.0,30690.0,30705.0,30713.0,30720.0,30732.0,30741.0,30747.0,30756.0,30764.0,30780.0,30790.0,30800.0,30804.0,30806.0,30814.0,30825.0,30833.0,30836.0,30849.0,30858.0,30871.0,30879.0,30894.0,30903.0,30905.0,30919.0,30927.0,30937.0,30940.0,30945.0,30952.0,30958.0,30966.0,30979.0,30992.0,31000.0,31008.0,31014.0,31020.0,31030.0,31040.0,31045.0,31059.0,31070.0,31079.0,31083.0,31096.0,31106.0,31119.0,31128.0,31140.0,31150.0,31158.0,31169.0,31175.0,31182.0,31189.0,31196.0,31202.0,31208.0,31214.0,31221.0,31229.0,31242.0,31248.0,31253.0,31257.0,31268.0,31273.0,31279.0,31286.0,31293.0,31298.0,31306.0,31313.0,31323.0,31333.0,31341.0,31355.0,31373.0,31382.0,,31402.0,31417.0,31429.0,31446.0,31457.0,31467.0,31477.0,31493.0,31504.0,31524.0,31539.0,31564.0,31571.0,31585.0,31600.0,31613.0,31628.0,31635.0,31650.0,31655.0,31667.0,31676.0,31693.0,31705.0,31720.0,31729.0,31731.0,31746.0,31755.0,31762.0,31775.0,31796.0,31805.0,31808.0,31817.0,31824.0,31830.0,31838.0,31847.0,31856.0,31862.0,31872.0,31880.0,31891.0,31900.0,31904.0,31911.0,31917.0,31928.0,31938.0,31951.0,31963.0,31976.0,31985.0,31995.0,32008.0,32014.0,32025.0,32042.0,32051.0,32056.0,32071.0,32088.0,32107.0,32129.0,32157.0,32179.0,32216.0,32235.0,32254.0,32286.0,32323.0,32361.0,32381.0,32391.0,32412.0,32431.0,32454.0,32468.0,32487.0,32507.0,32521.0,32535.0,32556.0,32570.0,32580.0,32597.0,32612.0,32629.0,32636.0,32645.0,32654.0,32665.0,32672.0,32687.0,32696.0,32706.0,32720.0,32734.0,32745.0,32760.0,32775.0,32788.0,32796.0,32807.0,32832.0,32840.0,32859.0,32882.0,32896.0,32910.0,32927.0,32941.0,32963
h_r_Swg4IpM,33627.0,33641.0,33653.0,33660.0,33678.0,33692.0,33707.0,33721.0,33732.0,33739.0,33755.0,33765.0,33778.0,33794.0,33803.0,33818.0,33830.0,33841.0,33855.0,33866.0,33879.0,33891.0,33899.0,33905.0,33909.0,33919.0,33924.0,33930.0,33941.0,33951.0,33957.0,33972.0,33982.0,33990.0,34005.0,34018.0,34026.0,34032.0,34039.0,34044.0,34057.0,34067.0,34078.0,34082.0,34090.0,34098.0,34108.0,34118.0,34123.0,34137.0,34147.0,34154.0,34158.0,34165.0,34178.0,34185.0,34194.0,34200.0,34208.0,34217.0,34228.0,34237.0,34248.0,34256.0,34261.0,34272.0,34277.0,34282.0,34286.0,34295.0,34307.0,34311.0,34314.0,34322.0,34332.0,34345.0,34350.0,34361.0,34375.0,34383.0,34396.0,34400.0,34407.0,34412.0,34428.0,34442.0,34448.0,34461.0,34468.0,34476.0,34493.0,34508.0,34527.0,34544.0,34574.0,34593.0,34609.0,34624.0,34642.0,34652.0,34660.0,34667.0,34687.0,34705.0,34731.0,34750.0,34759.0,34777.0,34786.0,34806.0,34821.0,34841.0,34857.0,34881.0,34894.0,34902.0,34916.0,34931.0,34947.0,34961.0,34971.0,34985.0,34991.0,34997.0,35007.0,35016.0,35028.0,35040.0,35049.0,35053.0,35062.0,35069.0,35078.0,35087.0,,,,,,,,,35186.0,35191.0,35233.0,35241.0,35254.0,35264.0,35275.0,35282.0,35289.0,35303.0,35314.0,35329.0,35341.0,35361.0,35372.0,35377.0,35389.0,35404.0,35421.0,35431.0,35440.0,35447.0,35460.0,35463.0,35476.0,35483.0,35492.0,35504.0,35507.0,35516.0,35527.0,35541.0,35556.0,35575.0,35586.0,35612.0,35627.0,35644.0,35648.0,35658.0,35669.0,35681.0,35685.0,35690.0,35701.0,35709.0,35722.0,35733.0,35739.0,35744.0,35757.0,35765.0,35769.0,35774.0,35785.0,35791.0,35795.0,35800.0,35809.0,35813.0,35823.0,35833.0,35838.0,35848.0,35861.0,35865.0,35875.0,35882.0,35885.0,35889.0,35892.0,35898.0,35910.0,35915.0,35921.0,35935.0,35944.0,35955.0,35960.0,35968.0,35974.0,35978.0,35985.0,35992.0,35999.0,36006.0,36007.0,36015.0,36022.0,36033.0,36040.0,36047.0,36052.0,36062.0,36069.0,36073.0,36085.0,36090.0,36096.0,36100.0,36110.0,36115.0,36117.0,36126.0,36134.0,36143.0,36146.0,36150.0,36160.0,36167.0,36173.0,36180.0,36186.0,36191.0,36193.0,36195.0,36201.0,36209.0,36221.0,36230.0,36239.0,,36259.0,36271.0,36282.0,36293.0,36300.0,36310.0,36314.0,36316.0,36331.0,36347.0,36365.0,36378.0,36390.0,36397.0,36411.0,36414.0,36428.0,36436.0,36437.0,36443.0,36448.0,36461.0,36468.0,36478.0,36495.0,36501.0,36505.0,36506.0,36508.0,36511.0,36513.0,36522.0,36531.0,36532.0,36532.0,36535.0,36541.0,36553.0,36561.0,36565.0,36573.0,36581.0,36592.0,36604.0,36611.0,36618.0,36629.0,36637.0,36639.0,36647.0,36655.0,36670.0,36675.0,36680.0,36684.0,36694.0,36700.0,36717.0,36728.0,36727.0,36730.0,36733.0,36739.0,36743.0,36748.0,36752.0,36759.0,36763.0,36768.0,36774.0,36779.0,36789.0,36793.0,36807.0,36816.0,36825.0,36832.0,36840.0,36841.0,36849.0,36852.0,36855.0,36859.0,36865.0,36871.0,36879.0,36888.0,36892.0,36895.0,36898.0,36900.0,36904.0,36912.0,36920.0,36932.0,36945.0,36959.0,36972.0,36981.0,36987.0,36995.0,37005.0,37017.0,37022.0,37030.0,37040.0,37050.0,37062.0,37065.0,37072.0,37079.0,37084.0,37090.0,37098
RhIPvY49cpQ,123544.0,123774.0,123986.0,124188.0,124430.0,124601.0,124755.0,124958.0,125124.0,125243.0,125347.0,125501.0,125674.0,125815.0,126006.0,126184.0,126323.0,126515.0,126690.0,126910.0,127060.0,127230.0,127397.0,127576.0,127711.0,127862.0,128053.0,128211.0,128386.0,128610.0,128747.0,128872.0,129079.0,129277.0,129441.0,129636.0,129825.0,129997.0,130136.0,130307.0,130522.0,130791.0,131055.0,131266.0,131456.0,131606.0,131847.0,132129.0,132437.0,132648.0,132869.0,133167.0,133448.0,133759.0,134135.0,134431.0,134712.0,135061.0,135336.0,135523.0,135755.0,135966.0,136213.0,136484.0,136666.0,136911.0,137139.0,137551.0,137769.0,138118.0,138371.0,138658.0,138916.0,139150.0,139408.0,139684.0,139949.0,140234.0,140629.0,141027.0,141305.0,141652.0,141964.0,142432.0,142854.0,143240.0,143542.0,143785.0,144155.0,144450.0,144755.0,145002.0,145277.0,145561.0,145771.0,146013.0,146276.0,146486.0,146835.0,147221.0,147582.0,147906.0,148301.0,148731.0,148962.0,149220.0,149543.0,149745.0,149941.0,150182.0,150366.0,150619.0,150826.0,151058.0,151293.0,151489.0,151662.0,151875.0,152043.0,152231.0,152359.0,152541.0,152745.0,152894.0,153029.0,153224.0,153387.0,153586.0,153739.0,153876.0,154091.0,154299.0,154619.0,154811.0,,,,,,,,,156733.0,156858.0,157009.0,157181.0,157447.0,157616.0,157748.0,157859.0,158058.0,158264.0,158497.0,158707.0,158966.0,159275.0,159487.0,159698.0,159933.0,160151.0,160352.0,160564.0,160678.0,160829.0,160936.0,161087.0,161257.0,161387.0,161535.0,161682.0,161793.0,161851.0,162098.0,162276.0,162505.0,162698.0,162892.0,163063.0,163233.0,163443.0,163659.0,163870.0,164080.0,164290.0,164501.0,164679.0,164885.0,165122.0,165390.0,165650.0,165948.0,166146.0,166377.0,166605.0,166952.0,167205.0,167514.0,167788.0,168007.0,168164.0,168389.0,168616.0,168857.0,169078.0,169316.0,169515.0,169725.0,169964.0,170336.0,170586.0,170774.0,171087.0,171280.0,171414.0,171606.0,171851.0,172138.0,172389.0,172634.0,172849.0,173032.0,173315.0,173622.0,173852.0,174168.0,174477.0,174695.0,174869.0,175116.0,175376.0,175636.0,175867.0,176176.0,176499.0,176793.0,177224.0,177659.0,178072.0,178504.0,178947.0,179252.0,179542.0,179842.0,180164.0,180430.0,180834.0,181102.0,181304.0,181494.0,181695.0,181953.0,182155.0,182373.0,182541.0,182707.0,182850.0,182985.0,183088.0,183184.0,183309.0,183446.0,183556.0,183647.0,,183826.0,183924.0,184039.0,184155.0,184246.0,184314.0,184392.0,184461.0,184535.0,184615.0,184704.0,184787.0,184869.0,184966.0,185046.0,185146.0,185227.0,185357.0,185439.0,185484.0,185585.0,185666.0,185750.0,185846.0,185948.0,186024.0,186088.0,186176.0,186251.0,186337.0,186432.0,186520.0,186634.0,186703.0,186802.0,186908.0,187009.0,187157.0,187268.0,187375.0,187485.0,187630.0,187764.0,187872.0,187994.0,188208.0,188665.0,189225.0,189928.0,190552.0,191161.0,191795.0,192265.0,192752.0,193097.0,193437.0,193907.0,194226.0,194610.0,194967.0,195332.0,195611.0,195930.0,196311.0,196722.0,197239.0,197986.0,198598.0,199101.0,199748.0,200237.0,200902.0,201509.0,202143.0,202656.0,203165.0,203717.0,204207.0,204640.0,205226.0,205685.0,206126.0,206464.0,206720.0,206982.0,207166.0,207353.0,207554.0,207749.0,207926.0,208068.0,208271.0,208488.0,208766.0,208994.0,209206.0,209410.0,209603.0,209816.0,209968.0,210139.0,210326.0,210555.0,210726.0,210930.0,211158.0,211361.0,211529.0,211729.0,211901.0,212067.0,212265.0,212487.0,212656
wu0Uftnkssw,5707780.0,5711217.0,5715058.0,5718800.0,5722591.0,5726408.0,5730227.0,5734065.0,5737661.0,5741412.0,5745498.0,5749108.0,5753096.0,5757080.0,5761115.0,5765183.0,5769497.0,5773846.0,5778372.0,5782705.0,5787030.0,5791407.0,5796670.0,5801762.0,5807113.0,5811569.0,5816753.0,5822612.0,5828734.0,5834649.0,5839645.0,5844701.0,5850154.0,5856499.0,5861988.0,5867548.0,5873375.0,5878078.0,5882242.0,5887427.0,5893205.0,5897279.0,5901056.0,5904961.0,5909514.0,5913469.0,5917022.0,5920968.0,5924971.0,5928414.0,5931892.0,5935347.0,5938595.0,5941590.0,5944958.0,5948578.0,5952052.0,5955575.0,5959367.0,5963028.0,5966387.0,5969856.0,5973455.0,5977134.0,5980735.0,5984406.0,5987780.0,5991112.0,5994027.0,5997729.0,6000945.0,6004264.0,6007536.0,6010979.0,6014405.0,6017828.0,6021247.0,6024662.0,6028257.0,6031770.0,6035372.0,6038725.0,6042095.0,6045423.0,6048706.0,6051873.0,6054891.0,6058032.0,6060928.0,6063788.0,6066521.0,6069067.0,6071756.0,6074624.0,6077461.0,6080187.0,6082705.0,6085328.0,6087839.0,6090485.0,6093202.0,6095988.0,6098717.0,6101735.0,6104651.0,6107522.0,6110296.0,6113107.0,6115875.0,6118434.0,6120866.0,6123528.0,6125991.0,6128479.0,6131010.0,6133541.0,6136189.0,6138798.0,6141403.0,6143875.0,6146453.0,6148875.0,6151243.0,6153511.0,6155730.0,6158105.0,6160542.0,6163042.0,6165706.0,6168393.0,6170971.0,6173382.0,6175859.0,6178270.0,,,,,,,,,6200934.0,6203616.0,6206187.0,6208679.0,6210916.0,6213309.0,6215515.0,6217639.0,6220024.0,6222345.0,6224956.0,6227807.0,6230651.0,6233347.0,6236043.0,6238901.0,6241678.0,6244432.0,6247171.0,6249663.0,6252053.0,6254708.0,6257681.0,6260432.0,6263124.0,6265684.0,6268445.0,6271254.0,6274054.0,6276831.0,6279548.0,6282199.0,6284770.0,6287382.0,6289891.0,6292343.0,6294961.0,6297425.0,6300006.0,6302650.0,6305566.0,6308425.0,6311163.0,6313912.0,6316523.0,6319349.0,6322234.0,6325228.0,6328201.0,6331340.0,6334309.0,6337149.0,6340018.0,6343254.0,6346549.0,6349911.0,6353064.0,6356066.0,6358907.0,6362240.0,6365375.0,6368264.0,6370415.0,6372978.0,6375606.0,6378243.0,6381356.0,6384713.0,6387868.0,6390370.0,6393395.0,6396364.0,6399022.0,6401861.0,6404947.0,6408349.0,6411685.0,6415284.0,6418702.0,6421854.0,6424780.0,6427653.0,6430790.0,6434391.0,6437752.0,6441096.0,6444336.0,6447596.0,6450865.0,6454425.0,6458073.0,6461841.0,6465552.0,6468897.0,6472380.0,6476100.0,6479904.0,6483677.0,6487529.0,6491357.0,6495031.0,6498755.0,6502840.0,6506846.0,6510951.0,6514781.0,6518571.0,6522221.0,6525817.0,6529329.0,6532867.0,6536565.0,6540804.0,6545189.0,6549295.0,6553420.0,6557332.0,6561343.0,6565302.0,6569427.0,6573471.0,,6581777.0,6586071.0,6590767.0,6595784.0,6600473.0,6605096.0,6609678.0,6614364.0,6618922.0,6623578.0,6628268.0,6633161.0,6637885.0,6642465.0,6646752.0,6650868.0,6655009.0,6659202.0,6664111.0,6668909.0,6673257.0,6677446.0,6681712.0,6686209.0,6691151.0,6695977.0,6700433.0,6704553.0,6708477.0,6711980.0,6715670.0,6719482.0,6723537.0,6727315.0,6731087.0,6735050.0,6739026.0,6742668.0,6746656.0,6750391.0,6754171.0,6757764.0,6761405.0,6765395.0,6769118.0,6772823.0,6776561.0,6780473.0,6784589.0,6788614.0,6792279.0,6796227.0,6800343.0,6804577.0,6808724.0,6812838.0,6816676.0,6820529.0,6824353.0,6828562.0,6832424.0,6836443.0,6840208.0,6843574.0,6847180.0,6850824.0,6854457.0,6858048.0,6861272.0,6864572.0,6867847.0,6871238.0,6874553.0,6878000.0,6882285.0,6886366.0,6890570.0,6894049.0,6897542.0,6901071.0,6904565.0,6908106.0,6911844.0,6915435.0,6918936.0,6922511.0,6926112.0,6929677.0,6933354.0,6937190.0,6940635.0,6944144.0,6947404.0,6950424.0,6953491.0,6956740.0,6959769.0,6962911.0,6965893.0,6968845.0,6971899.0,6975187.0,6978659.0,6981962.0,6984868.0,6987800.0,6990840.0,6994133.0,6997108.0,7000112.0,7003218.0,7006044.0,7008987.0,7012011
zFnJQ8VFRlk,8065418.0,8065793.0,8066158.0,8066508.0,8066922.0,8067300.0,8067673.0,8068094.0,8068498.0,8068844.0,8069260.0,8069630.0,8070015.0,8070443.0,8070816.0,8071246.0,8071646.0,8072003.0,8072465.0,8072861.0,8073290.0,8073727.0,8074183.0,8074619.0,8075057.0,8075423.0,8075853.0,8076267.0,8076748.0,8077191.0,8077640.0,8078031.0,8078446.0,8078913.0,8079331.0,8079825.0,8080261.0,8080684.0,8081040.0,8081439.0,8081820.0,8082260.0,8082713.0,8083210.0,8083624.0,8084023.0,8084466.0,8084880.0,8085324.0,8085707.0,8086116.0,8086482.0,8086833.0,8087160.0,8087517.0,8087941.0,8088295.0,8088696.0,8089078.0,8089465.0,8089844.0,8090314.0,8090688.0,8091133.0,8091538.0,8091964.0,8092341.0,8092798.0,8093182.0,8093662.0,8094103.0,8094510.0,8094994.0,8095464.0,8095914.0,8096640.0,8097200.0,8097662.0,8098148.0,8098581.0,8099009.0,8099445.0,8099970.0,8100364.0,8100818.0,8101223.0,8101627.0,8102037.0,8102470.0,8102904.0,8103345.0,8103746.0,8104097.0,8104519.0,8104864.0,8105255.0,8105617.0,8106011.0,8106462.0,8106910.0,8107331.0,8107755.0,8108155.0,8108581.0,8108979.0,8109434.0,8109823.0,8110177.0,8110567.0,8110931.0,8111204.0,8111523.0,8111878.0,8112211.0,8112607.0,8112921.0,8113209.0,8113523.0,8113833.0,8114181.0,8114478.0,8114801.0,8115095.0,8115393.0,8115739.0,8116121.0,8116454.0,8116857.0,8117218.0,8117598.0,8117946.0,8118251.0,8118571.0,8118920.0,,,,,,,,,8122320.0,8122658.0,8122999.0,8123300.0,8123654.0,8123970.0,8124328.0,8124605.0,8124948.0,8125257.0,8125594.0,8125938.0,8126316.0,8126651.0,8126939.0,8127219.0,8127516.0,8127795.0,8128138.0,8128401.0,8128756.0,8129197.0,8129555.0,8129828.0,8130161.0,8130446.0,8130833.0,8131138.0,8131442.0,8131770.0,8132045.0,8132440.0,8132829.0,8133180.0,8133621.0,8133915.0,8134254.0,8134606.0,8134971.0,8135303.0,8135647.0,8135948.0,8136321.0,8136663.0,8136990.0,8137384.0,8137775.0,8138168.0,8138543.0,8138922.0,8139323.0,8139656.0,8140062.0,8140417.0,8140811.0,8141171.0,8141488.0,8141819.0,8142126.0,8142508.0,8142815.0,8143121.0,8143476.0,8143792.0,8144141.0,8144469.0,8144839.0,8145186.0,8145470.0,8145723.0,8146060.0,8146360.0,8146720.0,8147178.0,8147601.0,8147913.0,8148310.0,8148705.0,8149031.0,8149394.0,8149734.0,8150114.0,8150427.0,8150806.0,8151153.0,8151463.0,8151759.0,8152113.0,8152474.0,8152823.0,8153162.0,8153529.0,8153897.0,8154348.0,8154768.0,8155128.0,8155550.0,8155951.0,8156329.0,8156670.0,8157029.0,8157407.0,8157818.0,8158235.0,8158631.0,8159005.0,8159317.0,8159619.0,8159977.0,8160295.0,8160616.0,8160929.0,8161274.0,8161577.0,8161914.0,8162213.0,8162522.0,8162796.0,8163112.0,8163439.0,8163782.0,,8164306.0,8164621.0,8164902.0,8165203.0,8165502.0,8165815.0,8166125.0,8166452.0,8166763.0,8167085.0,8167429.0,8167712.0,8168050.0,8168358.0,8168664.0,8168974.0,8169298.0,8169670.0,8169992.0,8170308.0,8170649.0,8170946.0,8171298.0,8171581.0,8171866.0,8172156.0,8172393.0,8172703.0,8172947.0,8173225.0,8173540.0,8173863.0,8174162.0,8174402.0,8174692.0,8174967.0,8175223.0,8175525.0,8175811.0,8176070.0,8176361.0,8176713.0,8177061.0,8177401.0,8177729.0,8178023.0,8178253.0,8178571.0,8178800.0,8179077.0,8179322.0,8179559.0,8179836.0,8180138.0,8180455.0,8180714.0,8180987.0,8181275.0,8181516.0,8181756.0,8182016.0,8182258.0,8182484.0,8182688.0,8182910.0,8183185.0,8183423.0,8183639.0,8183828.0,8184085.0,8184317.0,8184560.0,8184774.0,8184984.0,8185201.0,8185417.0,8185685.0,8185919.0,8186154.0,8186399.0,8186666.0,8186910.0,8187157.0,8187422.0,8187702.0,8187976.0,8188281.0,8188568.0,8188804.0,8189067.0,8189351.0,8189609.0,8189886.0,8190161.0,8190415.0,8190737.0,8190991.0,8191252.0,8191551.0,8191866.0,8192112.0,8192390.0,8192627.0,8192840.0,8193094.0,8193359.0,8193640.0,8193903.0,8194137.0,8194401.0,8194667.0,8194869.0,8195126.0,8195388
EYuTlndx92E,36983.0,36991.0,37001.0,37009.0,37013.0,37020.0,37026.0,37036.0,37049.0,37057.0,37074.0,37085.0,37095.0,37106.0,37115.0,37129.0,37139.0,37151.0,37165.0,37171.0,37180.0,37192.0,37204.0,37232.0,37244.0,37264.0,37273.0,37280.0,37292.0,37301.0,37317.0,37323.0,37334.0,37346.0,37355.0,37367.0,37376.0,37390.0,37397.0,37406.0,37416.0,37425.0,37435.0,37449.0,37457.0,37478.0,37493.0,37501.0,37507.0,37525.0,37539.0,37565.0,37590.0,37600.0,37610.0,37617.0,37629.0,37640.0,37658.0,37673.0,37691.0,37702.0,37716.0,37726.0,37737.0,37752.0,37767.0,37777.0,37786.0,37795.0,37808.0,37821.0,37827.0,37835.0,37848.0,37863.0,37871.0,37886.0,37900.0,37908.0,37924.0,37939.0,37955.0,37957.0,37968.0,37978.0,37987.0,37997.0,38021.0,38032.0,38043.0,38054.0,38071.0,38081.0,38088.0,38099.0,38110.0,38121.0,38130.0,38135.0,38143.0,38152.0,38159.0,38170.0,38184.0,38187.0,38198.0,38205.0,38212.0,38219.0,38224.0,38232.0,38242.0,38248.0,38262.0,38275.0,38292.0,38305.0,38324.0,38337.0,38349.0,38354.0,38356.0,38359.0,38366.0,38377.0,38403.0,38415.0,38433.0,38443.0,38460.0,38469.0,38475.0,38483.0,,,,,,,,,38584.0,38602.0,38611.0,38626.0,38646.0,38659.0,38673.0,38684.0,38697.0,38703.0,38712.0,38723.0,38731.0,38737.0,38742.0,38744.0,38750.0,38754.0,38763.0,38765.0,38771.0,38777.0,38779.0,38787.0,38791.0,38798.0,38803.0,38808.0,38811.0,38818.0,38822.0,38826.0,38829.0,38832.0,38842.0,38851.0,38858.0,38863.0,38875.0,38886.0,38895.0,38904.0,38914.0,38922.0,38936.0,38938.0,38945.0,38948.0,38956.0,38962.0,38970.0,38984.0,38993.0,39003.0,39013.0,39027.0,39039.0,39047.0,39057.0,39065.0,39077.0,39080.0,39090.0,39105.0,39116.0,39128.0,39137.0,39145.0,39156.0,39162.0,39178.0,39187.0,39196.0,39219.0,39238.0,39249.0,39267.0,39279.0,39290.0,39296.0,39302.0,39310.0,39315.0,39323.0,39335.0,39344.0,39354.0,39362.0,39372.0,39382.0,39394.0,39405.0,39417.0,39428.0,39432.0,39443.0,39453.0,39466.0,39481.0,39484.0,39496.0,39505.0,39522.0,39539.0,39558.0,39572.0,39580.0,39587.0,39601.0,39615.0,39629.0,39639.0,39648.0,39659.0,39661.0,39669.0,39674.0,39678.0,39694.0,39700.0,39709.0,,39725.0,39728.0,39741.0,39759.0,39776.0,39786.0,39798.0,39806.0,39816.0,39826.0,39834.0,39849.0,39859.0,39866.0,39872.0,39886.0,39896.0,39907.0,39920.0,39928.0,39939.0,39954.0,39962.0,39972.0,39983.0,39992.0,40006.0,40012.0,40024.0,40037.0,40043.0,40059.0,40075.0,40091.0,40097.0,40101.0,40116.0,40124.0,40132.0,40138.0,40152.0,40179.0,40198.0,40209.0,40212.0,40225.0,40234.0,40243.0,40250.0,40257.0,40263.0,40272.0,40285.0,40295.0,40300.0,40310.0,40315.0,40323.0,40333.0,40335.0,40344.0,40356.0,40363.0,40371.0,40382.0,40392.0,40402.0,40412.0,40420.0,40429.0,40439.0,40451.0,40460.0,40467.0,40476.0,40482.0,40493.0,40503.0,40509.0,40524.0,40536.0,40547.0,40555.0,40574.0,40591.0,40598.0,40608.0,40623.0,40633.0,40638.0,40647.0,40655.0,40660.0,40671.0,40680.0,40690.0,40702.0,40711.0,40716.0,40727.0,40738.0,40746.0,40752.0,40763.0,40774.0,40792.0,40799.0,40813.0,40824.0,40835.0,40844.0,40848.0,40855.0,40859
UjRs7NtbKHs,223021.0,223096.0,223152.0,223188.0,223249.0,223297.0,223345.0,223388.0,223440.0,223472.0,223518.0,223543.0,223594.0,223635.0,223691.0,223735.0,223781.0,223823.0,223869.0,223899.0,223941.0,223992.0,224055.0,224132.0,224198.0,224261.0,224308.0,224349.0,224394.0,224439.0,224499.0,224555.0,224601.0,224652.0,224698.0,224728.0,224783.0,224826.0,224888.0,224944.0,225014.0,225093.0,225144.0,225198.0,225244.0,225288.0,225346.0,225396.0,225421.0,225476.0,225515.0,225556.0,225605.0,225639.0,225676.0,225732.0,225775.0,225826.0,225880.0,225906.0,225947.0,226002.0,226033.0,226073.0,226120.0,226166.0,226216.0,226250.0,226294.0,226375.0,226432.0,226496.0,226546.0,226593.0,226655.0,226702.0,226750.0,226792.0,226836.0,226873.0,226908.0,226937.0,226990.0,227021.0,227050.0,227082.0,227135.0,227188.0,227222.0,227274.0,227311.0,227351.0,227398.0,227435.0,227472.0,227494.0,227524.0,227556.0,227603.0,227626.0,227663.0,227706.0,227768.0,227819.0,227887.0,227932.0,228004.0,228048.0,228101.0,228127.0,228180.0,228226.0,228280.0,228312.0,228354.0,228391.0,228426.0,228471.0,228508.0,228541.0,228580.0,228637.0,228681.0,228726.0,228768.0,228806.0,228861.0,228907.0,228949.0,229011.0,229055.0,229092.0,229122.0,229160.0,,,,,,,,,229429.0,229454.0,229473.0,229501.0,229526.0,229550.0,229581.0,229608.0,229631.0,229658.0,229688.0,229703.0,229733.0,229767.0,229808.0,229839.0,229870.0,229907.0,229937.0,229956.0,229974.0,230000.0,230035.0,230068.0,230094.0,230122.0,230147.0,230165.0,230186.0,230215.0,230239.0,230263.0,230283.0,230308.0,230325.0,230347.0,230366.0,230387.0,230412.0,230434.0,230460.0,230473.0,230489.0,230515.0,230550.0,230568.0,230582.0,230613.0,230639.0,230670.0,230707.0,230741.0,230768.0,230801.0,230819.0,230856.0,230885.0,230896.0,230909.0,230936.0,230952.0,230966.0,230976.0,230997.0,231024.0,231048.0,231071.0,231117.0,231141.0,231165.0,231167.0,231196.0,231210.0,231225.0,231259.0,231279.0,231310.0,231331.0,231353.0,231387.0,231410.0,231430.0,231450.0,231476.0,231493.0,231516.0,231539.0,231567.0,231589.0,231614.0,231663.0,231698.0,231739.0,231767.0,231809.0,231855.0,231914.0,231944.0,231993.0,232045.0,232074.0,232104.0,232145.0,232182.0,232240.0,232297.0,232332.0,232396.0,232441.0,232479.0,232528.0,232602.0,232668.0,232758.0,232824.0,232893.0,232956.0,233023.0,233074.0,233143.0,233205.0,,233321.0,233361.0,233420.0,233493.0,233531.0,233565.0,233590.0,233620.0,233663.0,233721.0,233767.0,233802.0,233847.0,233892.0,233933.0,233969.0,234002.0,234033.0,234083.0,234139.0,234187.0,234235.0,234275.0,234317.0,234368.0,234416.0,234460.0,234556.0,234647.0,234711.0,234752.0,234794.0,234854.0,234929.0,234980.0,235038.0,235075.0,235128.0,235169.0,235248.0,235280.0,235343.0,235384.0,235423.0,235465.0,235499.0,235538.0,235560.0,235591.0,235622.0,235655.0,235702.0,235771.0,235850.0,235971.0,236052.0,236158.0,236238.0,236309.0,236341.0,236397.0,236462.0,236523.0,236563.0,236608.0,236654.0,236698.0,236740.0,236791.0,236832.0,236870.0,236907.0,236938.0,236973.0,237025.0,237069.0,237105.0,237146.0,237169.0,237206.0,237247.0,237274.0,237324.0,237360.0,237398.0,237427.0,237458.0,237489.0,237521.0,237543.0,237574.0,237607.0,237633.0,237698.0,237857.0,238024.0,238157.0,238318.0,238543.0,238712.0,238865.0,239007.0,239131.0,239265.0,239395.0,239508.0,239635.0,239747.0,239855.0,240020.0,240157.0,240245.0,240333.0,240416
GvCcWaDdwzM,16187.0,16197.0,16212.0,16219.0,16224.0,16227.0,16233.0,16235.0,16241.0,16246.0,16251.0,16257.0,16261.0,16261.0,16268.0,16271.0,16276.0,16282.0,16283.0,16288.0,16295.0,16302.0,16306.0,16311.0,16316.0,16320.0,16326.0,16331.0,16337.0,16347.0,16349.0,16351.0,16354.0,16359.0,16363.0,16367.0,16373.0,16378.0,16380.0,16385.0,16385.0,16388.0,16389.0,16393.0,16394.0,16399.0,16404.0,16407.0,16410.0,16415.0,16419.0,16431.0,16436.0,16439.0,16449.0,16454.0,16456.0,16465.0,16470.0,16473.0,16477.0,16483.0,16492.0,16499.0,16501.0,16508.0,16512.0,16525.0,16529.0,16539.0,16541.0,16546.0,16549.0,16550.0,16550.0,16557.0,16563.0,16566.0,16567.0,16570.0,16575.0,16578.0,16584.0,16590.0,16592.0,16595.0,16596.0,16604.0,16606.0,16619.0,16622.0,16623.0,16629.0,16635.0,16636.0,16639.0,16641.0,16643.0,16647.0,16652.0,16655.0,16657.0,16661.0,16662.0,16668.0,16672.0,16675.0,16680.0,16684.0,16689.0,16693.0,16701.0,16707.0,16708.0,16710.0,16712.0,16720.0,16723.0,16729.0,16731.0,16736.0,16739.0,16742.0,16746.0,16750.0,16752.0,16755.0,16757.0,16759.0,16765.0,16769.0,16773.0,16774.0,16776.0,,,,,,,,,16788.0,16790.0,16796.0,16797.0,16797.0,16799.0,16801.0,16805.0,16808.0,16813.0,16816.0,16818.0,16824.0,16826.0,16826.0,16829.0,16830.0,16832.0,16834.0,16836.0,16837.0,16839.0,16844.0,16846.0,16849.0,16852.0,16853.0,16854.0,16859.0,16862.0,16866.0,16868.0,16872.0,16878.0,16884.0,16887.0,16889.0,16891.0,16896.0,16898.0,16900.0,16901.0,16903.0,16905.0,16909.0,16915.0,16916.0,16920.0,16925.0,16931.0,16936.0,16941.0,16945.0,16950.0,16954.0,16960.0,16966.0,16976.0,16976.0,16978.0,16982.0,16983.0,16986.0,16987.0,16987.0,16989.0,16990.0,16991.0,16991.0,16993.0,16996.0,17003.0,17007.0,17011.0,17014.0,17021.0,17023.0,17029.0,17030.0,17034.0,17038.0,17042.0,17043.0,17045.0,17047.0,17050.0,17054.0,17054.0,17055.0,17059.0,17064.0,17072.0,17075.0,17079.0,17079.0,17081.0,17084.0,17086.0,17089.0,17093.0,17095.0,17097.0,17097.0,17105.0,17112.0,17114.0,17117.0,17116.0,17121.0,17122.0,17130.0,17134.0,17141.0,17145.0,17150.0,17153.0,17157.0,17162.0,17167.0,17174.0,17176.0,,17179.0,17185.0,17192.0,17195.0,17198.0,17198.0,17199.0,17203.0,17206.0,17212.0,17215.0,17216.0,17216.0,17219.0,17219.0,17222.0,17222.0,17222.0,17223.0,17225.0,17226.0,17229.0,17231.0,17232.0,17236.0,17238.0,17240.0,17246.0,17246.0,17251.0,17254.0,17255.0,17259.0,17262.0,17262.0,17267.0,17270.0,17272.0,17275.0,17276.0,17276.0,17279.0,17282.0,17286.0,17287.0,17289.0,17292.0,17293.0,17293.0,17296.0,17298.0,17303.0,17312.0,17326.0,17330.0,17331.0,17339.0,17340.0,17341.0,17343.0,17353.0,17357.0,17359.0,17359.0,17360.0,17363.0,17363.0,17364.0,17369.0,17372.0,17374.0,17375.0,17382.0,17382.0,17382.0,17385.0,17387.0,17387.0,17387.0,17389.0,17394.0,17397.0,17403.0,17409.0,17411.0,17413.0,17413.0,17415.0,17415.0,17417.0,17419.0,17421.0,17421.0,17424.0,17430.0,17434.0,17442.0,17449.0,17460.0,17465.0,17473.0,17476.0,17482.0,17487.0,17497.0,17501.0,17503.0,17505.0,17510.0,17512.0,17520.0,17522.0,17530.0,17533
Xn-bM4yzZ-Y,3273.0,3277.0,3282.0,3290.0,3297.0,3309.0,3317.0,3335.0,3347.0,3353.0,3366.0,3374.0,3382.0,3390.0,3397.0,3404.0,3408.0,3414.0,3417.0,3431.0,3437.0,3443.0,3449.0,3451.0,3455.0,3464.0,3470.0,3488.0,3513.0,3530.0,3537.0,3546.0,3555.0,3561.0,3577.0,3587.0,3603.0,3608.0,3616.0,3623.0,3632.0,3637.0,3645.0,3654.0,3658.0,3661.0,3667.0,3672.0,3677.0,3682.0,3687.0,3691.0,3693.0,3704.0,3710.0,3717.0,3721.0,3727.0,3729.0,3731.0,3737.0,3742.0,3749.0,3757.0,3764.0,3767.0,3771.0,3777.0,3779.0,3788.0,3793.0,3804.0,3807.0,3815.0,3819.0,3825.0,3826.0,3829.0,3833.0,3834.0,3838.0,3849.0,3854.0,3857.0,3858.0,3861.0,3867.0,3869.0,3872.0,3873.0,3877.0,3878.0,3882.0,3886.0,3893.0,3898.0,3900.0,3907.0,3912.0,3919.0,3930.0,3940.0,3945.0,3949.0,3950.0,3956.0,3958.0,3963.0,3968.0,3973.0,3979.0,3989.0,3996.0,4003.0,4006.0,4008.0,4015.0,4015.0,4017.0,4021.0,4022.0,4024.0,4028.0,4029.0,4032.0,4034.0,4038.0,4043.0,4045.0,4049.0,4052.0,4054.0,4059.0,4065.0,,,,,,,,,4088.0,4091.0,4092.0,4092.0,4096.0,4097.0,4100.0,4100.0,4102.0,4102.0,4105.0,4106.0,4106.0,4107.0,4108.0,4109.0,4110.0,4112.0,4114.0,4116.0,4118.0,4119.0,4120.0,4122.0,4124.0,4125.0,4126.0,4129.0,4134.0,4136.0,4137.0,4140.0,4144.0,4147.0,4151.0,4156.0,4159.0,4162.0,4162.0,4164.0,4164.0,4165.0,4166.0,4168.0,4168.0,4173.0,4176.0,4177.0,4177.0,4179.0,4187.0,4190.0,4193.0,4197.0,4199.0,4200.0,4202.0,4204.0,4209.0,4210.0,4217.0,4218.0,4220.0,4222.0,4224.0,4226.0,4231.0,4234.0,4235.0,4236.0,4239.0,4241.0,4243.0,4247.0,4248.0,4249.0,4251.0,4252.0,4256.0,4258.0,4264.0,4265.0,4267.0,4272.0,4273.0,4275.0,4278.0,4280.0,4283.0,4283.0,4287.0,4293.0,4295.0,4302.0,4305.0,4308.0,4311.0,4313.0,4319.0,4321.0,4322.0,4327.0,4330.0,4336.0,4338.0,4339.0,4344.0,4348.0,4354.0,4359.0,4363.0,4372.0,4385.0,4394.0,4403.0,4410.0,4415.0,4420.0,4430.0,4442.0,4449.0,,4469.0,4482.0,4496.0,4513.0,4528.0,4536.0,4542.0,4554.0,4563.0,4567.0,4575.0,4581.0,4583.0,4593.0,4610.0,4617.0,4627.0,4633.0,4641.0,4652.0,4662.0,4676.0,4678.0,4688.0,4696.0,4704.0,4710.0,4715.0,4728.0,4733.0,4740.0,4747.0,4752.0,4762.0,4770.0,4782.0,4796.0,4803.0,4808.0,4814.0,4823.0,4828.0,4833.0,4841.0,4848.0,4860.0,4874.0,4879.0,4889.0,4899.0,4910.0,4923.0,4936.0,4942.0,4956.0,4962.0,4974.0,4979.0,4987.0,4991.0,5003.0,5013.0,5016.0,5025.0,5036.0,5063.0,5177.0,5223.0,5237.0,5259.0,5274.0,5306.0,5344.0,5368.0,5376.0,5392.0,5411.0,5440.0,5475.0,5501.0,5517.0,5522.0,5543.0,5553.0,5575.0,5583.0,5594.0,5609.0,5623.0,5633.0,5640.0,5650.0,5670.0,5688.0,5705.0,5716.0,5729.0,5733.0,5743.0,5749.0,5761.0,5777.0,5793.0,5803.0,5815.0,5830.0,5836.0,5843.0,5866.0,5873.0,5879.0,5885.0,5903.0,5917
TmPSJZJn7HE,107707.0,107725.0,107750.0,107765.0,107787.0,107808.0,107826.0,107851.0,107874.0,107892.0,107913.0,107931.0,107957.0,107992.0,108014.0,108055.0,108098.0,108114.0,108163.0,108204.0,108232.0,108251.0,108286.0,108310.0,108335.0,108356.0,108377.0,108406.0,108450.0,108486.0,108502.0,108528.0,108548.0,108574.0,108607.0,108627.0,108666.0,108694.0,108717.0,108735.0,108770.0,108802.0,108829.0,108863.0,108891.0,108910.0,108928.0,108952.0,108982.0,109007.0,109035.0,109055.0,109084.0,109107.0,109127.0,109162.0,109194.0,109233.0,109282.0,109302.0,109339.0,109367.0,109392.0,109419.0,109460.0,109484.0,109512.0,109538.0,109571.0,109600.0,109624.0,109651.0,109676.0,109701.0,109721.0,109739.0,109754.0,109776.0,109798.0,109824.0,109836.0,109853.0,109873.0,109903.0,109930.0,109964.0,109989.0,110009.0,110033.0,110055.0,110079.0,110111.0,110138.0,110170.0,110185.0,110200.0,110230.0,110254.0,110278.0,110297.0,110320.0,110342.0,110361.0,110375.0,110398.0,110422.0,110444.0,110467.0,110487.0,110513.0,110535.0,110555.0,110581.0,110592.0,110616.0,110628.0,110646.0,110665.0,110680.0,110697.0,110709.0,110725.0,110733.0,110748.0,110765.0,110772.0,110783.0,110807.0,110825.0,110860.0,110882.0,110905.0,110935.0,110946.0,,,,,,,,,111134.0,111167.0,111195.0,111227.0,111249.0,111266.0,111316.0,111359.0,111420.0,111462.0,111495.0,111516.0,111530.0,111549.0,111580.0,111607.0,111636.0,111669.0,111699.0,111727.0,111752.0,111767.0,111785.0,111805.0,111829.0,111858.0,111877.0,111907.0,111925.0,111944.0,111969.0,111983.0,111999.0,112016.0,112030.0,112039.0,112048.0,112057.0,112075.0,112090.0,112109.0,112135.0,112167.0,112186.0,112203.0,112224.0,112248.0,112284.0,112326.0,112362.0,112400.0,112430.0,112449.0,112471.0,112487.0,112500.0,112510.0,112527.0,112545.0,112553.0,112563.0,112572.0,112583.0,112596.0,112603.0,112624.0,112639.0,112661.0,112677.0,112688.0,112699.0,112710.0,112719.0,112731.0,112739.0,112748.0,112762.0,112781.0,112798.0,112816.0,112830.0,112837.0,112845.0,112861.0,112872.0,112882.0,112895.0,112907.0,112924.0,112937.0,112948.0,112963.0,112974.0,112980.0,112994.0,113004.0,113016.0,113026.0,113045.0,113063.0,113075.0,113092.0,113107.0,113119.0,113136.0,113147.0,113162.0,113177.0,113190.0,113204.0,113263.0,113287.0,113306.0,113327.0,113343.0,113355.0,113365.0,113375.0,113378.0,113386.0,113400.0,,113416.0,113426.0,113433.0,113444.0,113451.0,113463.0,113477.0,113481.0,113494.0,113510.0,113519.0,113531.0,113539.0,113553.0,113568.0,113578.0,113594.0,113611.0,113621.0,113630.0,113647.0,113657.0,113663.0,113675.0,113686.0,113700.0,113714.0,113719.0,113727.0,113740.0,113751.0,113758.0,113765.0,113773.0,113783.0,113793.0,113809.0,113831.0,113858.0,113869.0,113886.0,113891.0,113898.0,113907.0,113921.0,113933.0,113945.0,113958.0,113976.0,113990.0,114011.0,114021.0,114039.0,114054.0,114069.0,114090.0,114106.0,114120.0,114131.0,114143.0,114161.0,114185.0,114203.0,114224.0,114240.0,114253.0,114279.0,114291.0,114302.0,114314.0,114322.0,114332.0,114346.0,114363.0,114376.0,114387.0,114395.0,114412.0,114428.0,114443.0,114456.0,114468.0,114481.0,114486.0,114495.0,114504.0,114511.0,114520.0,114530.0,114545.0,114552.0,114562.0,114576.0,114587.0,114593.0,114605.0,114610.0,114619.0,114632.0,114642.0,114649.0,114660.0,114672.0,114679.0,114687.0,114691.0,114702.0,114721.0,114732.0,114744.0,114751.0,114762.0,114769.0,114776
YlkmEVxyVVY,38289.0,38310.0,38334.0,38369.0,38392.0,38419.0,38438.0,38467.0,38488.0,38509.0,38532.0,38562.0,38580.0,38612.0,38637.0,38657.0,38687.0,38708.0,38733.0,38755.0,38775.0,38802.0,38833.0,38854.0,38878.0,38911.0,38934.0,38957.0,38987.0,39009.0,39041.0,39061.0,39087.0,39113.0,39148.0,39210.0,39241.0,39270.0,39297.0,39323.0,39362.0,39381.0,39408.0,39433.0,39467.0,39498.0,39523.0,39530.0,39534.0,39562.0,39595.0,39616.0,39642.0,39663.0,39687.0,39707.0,39737.0,39766.0,39790.0,39818.0,39840.0,39866.0,39886.0,39915.0,39936.0,39965.0,40002.0,40019.0,40043.0,40065.0,40096.0,40123.0,40142.0,40179.0,40200.0,40217.0,40244.0,40275.0,40290.0,40325.0,40341.0,40386.0,40416.0,40449.0,40472.0,40504.0,40525.0,40555.0,40582.0,40606.0,40632.0,40658.0,40680.0,40713.0,40730.0,40762.0,40789.0,40812.0,40838.0,40871.0,40905.0,40931.0,40942.0,40972.0,40997.0,41019.0,41048.0,41076.0,41097.0,41128.0,41157.0,41188.0,41221.0,41238.0,41270.0,41296.0,41318.0,41338.0,41370.0,41393.0,41413.0,41435.0,41459.0,41484.0,41514.0,41542.0,41570.0,41596.0,41615.0,41638.0,41666.0,41685.0,41718.0,41743.0,,,,,,,,,41969.0,41999.0,42027.0,42050.0,42070.0,42095.0,42117.0,42140.0,42163.0,42188.0,42214.0,42244.0,42266.0,42297.0,42326.0,42352.0,42372.0,42395.0,42423.0,42450.0,42483.0,42494.0,42524.0,42545.0,42568.0,42589.0,42624.0,42657.0,42669.0,42699.0,42723.0,42743.0,42770.0,42790.0,42816.0,42850.0,42873.0,42906.0,42936.0,42954.0,42986.0,43006.0,43038.0,43061.0,43089.0,43110.0,43138.0,43162.0,43187.0,43212.0,43237.0,43253.0,43280.0,43307.0,43338.0,43359.0,43382.0,43408.0,43432.0,43448.0,43478.0,43495.0,43509.0,43530.0,43559.0,43585.0,43613.0,43636.0,43653.0,43677.0,43703.0,43721.0,43749.0,43767.0,43789.0,43814.0,43835.0,43860.0,43888.0,43911.0,43932.0,43947.0,43972.0,44002.0,44026.0,44049.0,44077.0,44101.0,44123.0,44144.0,44172.0,44199.0,44217.0,44245.0,44267.0,44291.0,44316.0,44332.0,44367.0,44391.0,44414.0,44442.0,44475.0,44504.0,44528.0,44556.0,44574.0,44598.0,44626.0,44655.0,44678.0,44705.0,44731.0,44753.0,44777.0,44797.0,44823.0,44846.0,44864.0,44894.0,44913.0,,44954.0,44984.0,45011.0,45027.0,45053.0,45085.0,45100.0,45131.0,45151.0,45174.0,45204.0,45227.0,45254.0,45275.0,45294.0,45315.0,45344.0,45375.0,45394.0,45418.0,45440.0,45464.0,45489.0,45512.0,45536.0,45552.0,45578.0,45601.0,45622.0,45638.0,45666.0,45683.0,45712.0,45732.0,45751.0,45784.0,45806.0,45833.0,45850.0,45874.0,45902.0,45926.0,45948.0,45973.0,45996.0,46014.0,46037.0,46060.0,46081.0,46105.0,46131.0,46150.0,46171.0,46201.0,46223.0,46245.0,46272.0,46293.0,46314.0,46345.0,46367.0,46389.0,46418.0,46439.0,46464.0,46486.0,46517.0,46545.0,46571.0,46590.0,46617.0,46637.0,46663.0,46680.0,46703.0,46729.0,46754.0,46771.0,46800.0,46829.0,46848.0,46860.0,46880.0,46894.0,46911.0,46935.0,46949.0,46972.0,46991.0,47011.0,47028.0,47054.0,47077.0,47105.0,47121.0,47147.0,47164.0,47186.0,47206.0,47230.0,47249.0,47265.0,47288.0,47296.0,47312.0,47335.0,47356.0,47369.0,47381.0,47403.0,47426.0,47448.0,47474.0,47493
DLvMmdGZeDU,1901.0,1902.0,1905.0,1905.0,1906.0,1907.0,1910.0,1913.0,1914.0,1915.0,1915.0,1916.0,1919.0,1920.0,1922.0,1923.0,1925.0,1927.0,1928.0,1930.0,1932.0,1935.0,1936.0,1937.0,1936.0,1936.0,1936.0,1937.0,1937.0,1938.0,1937.0,1937.0,1937.0,1937.0,1938.0,1939.0,1939.0,1939.0,1940.0,1941.0,1942.0,1942.0,1944.0,1945.0,1945.0,1946.0,1946.0,1947.0,1948.0,1954.0,1957.0,1962.0,1965.0,1966.0,1969.0,1971.0,1973.0,1974.0,1977.0,1978.0,1980.0,1983.0,1985.0,1993.0,1996.0,2004.0,2006.0,2013.0,2015.0,2021.0,2026.0,2026.0,2028.0,2030.0,2032.0,2032.0,2034.0,2034.0,2036.0,2037.0,2039.0,2041.0,2043.0,2045.0,2047.0,2050.0,2050.0,2051.0,2051.0,2051.0,2052.0,2054.0,2056.0,2056.0,2057.0,2058.0,2060.0,2061.0,2064.0,2064.0,2064.0,2065.0,2067.0,2067.0,2067.0,2067.0,2067.0,2068.0,2069.0,2072.0,2073.0,2075.0,2078.0,2078.0,2079.0,2080.0,2080.0,2085.0,2085.0,2085.0,2086.0,2088.0,2092.0,2092.0,2094.0,2094.0,2094.0,2096.0,2096.0,2096.0,2096.0,2098.0,2099.0,2101.0,,,,,,,,,2112.0,2113.0,2113.0,2116.0,2116.0,2117.0,2117.0,2118.0,2120.0,2120.0,2120.0,2120.0,2122.0,2125.0,2125.0,2125.0,2125.0,2125.0,2126.0,2129.0,2129.0,2131.0,2133.0,2133.0,2133.0,2133.0,2134.0,2134.0,2134.0,2135.0,2136.0,2138.0,2139.0,2139.0,2140.0,2140.0,2143.0,2143.0,2145.0,2145.0,2146.0,2148.0,2150.0,2150.0,2150.0,2150.0,2150.0,2151.0,2151.0,2151.0,2151.0,2151.0,2151.0,2153.0,2153.0,2154.0,2155.0,2156.0,2156.0,2159.0,2159.0,2159.0,2160.0,2160.0,2160.0,2160.0,2160.0,2160.0,2163.0,2163.0,2164.0,2164.0,2164.0,2164.0,2165.0,2166.0,2168.0,2168.0,2169.0,2170.0,2170.0,2170.0,2170.0,2171.0,2171.0,2173.0,2175.0,2177.0,2179.0,2179.0,2181.0,2181.0,2181.0,2183.0,2184.0,2184.0,2188.0,2189.0,2189.0,2189.0,2190.0,2190.0,2191.0,2191.0,2192.0,2193.0,2195.0,2198.0,2198.0,2198.0,2199.0,2200.0,2200.0,2200.0,2200.0,2202.0,2202.0,2202.0,2202.0,2205.0,2205.0,,2207.0,2208.0,2209.0,2212.0,2213.0,2214.0,2214.0,2216.0,2218.0,2218.0,2218.0,2220.0,2221.0,2221.0,2224.0,2225.0,2226.0,2227.0,2227.0,2227.0,2227.0,2227.0,2229.0,2231.0,2233.0,2233.0,2233.0,2234.0,2235.0,2236.0,2237.0,2239.0,2239.0,2239.0,2240.0,2242.0,2243.0,2243.0,2244.0,2244.0,2246.0,2247.0,2248.0,2252.0,2252.0,2253.0,2257.0,2257.0,2257.0,2257.0,2258.0,2258.0,2261.0,2263.0,2268.0,2268.0,2269.0,2270.0,2274.0,2278.0,2281.0,2283.0,2284.0,2285.0,2290.0,2290.0,2293.0,2297.0,2297.0,2298.0,2299.0,2299.0,2302.0,2303.0,2304.0,2308.0,2309.0,2309.0,2311.0,2315.0,2316.0,2317.0,2318.0,2320.0,2324.0,2326.0,2330.0,2331.0,2332.0,2332.0,2332.0,2334.0,2335.0,2336.0,2340.0,2341.0,2341.0,2344.0,2346.0,2349.0,2350.0,2351.0,2352.0,2353.0,2354.0,2356.0,2358.0,2360.0,2361.0,2362.0,2363.0,2366.0,2367.0,2369
mbnKjEaq-aM,4145.0,4148.0,4154.0,4159.0,4165.0,4181.0,4187.0,4194.0,4201.0,4206.0,4212.0,4218.0,4223.0,4227.0,4238.0,4240.0,4242.0,4246.0,4253.0,4263.0,4270.0,4274.0,4277.0,4288.0,4300.0,4315.0,4350.0,4368.0,4383.0,4399.0,4406.0,4417.0,4427.0,4435.0,4448.0,4457.0,4466.0,4475.0,4487.0,4495.0,4504.0,4510.0,4517.0,4525.0,4531.0,4540.0,4545.0,4549.0,4555.0,4583.0,4598.0,4608.0,4625.0,4636.0,4652.0,4674.0,4684.0,4703.0,4712.0,4719.0,4732.0,4741.0,4751.0,4763.0,4774.0,4783.0,4794.0,4810.0,4821.0,4840.0,4854.0,4862.0,4872.0,4880.0,4890.0,4906.0,4924.0,4931.0,4940.0,4950.0,4956.0,4970.0,4985.0,4996.0,5008.0,5021.0,5038.0,5048.0,5058.0,5069.0,5078.0,5087.0,5103.0,5109.0,5114.0,5123.0,5148.0,5164.0,5172.0,5181.0,5191.0,5205.0,5214.0,5231.0,5240.0,5258.0,5272.0,5279.0,5290.0,5299.0,5305.0,5321.0,5331.0,5337.0,5342.0,5351.0,5360.0,5366.0,5372.0,5390.0,5403.0,5411.0,5420.0,5427.0,5435.0,5438.0,5442.0,5445.0,5457.0,5467.0,5471.0,5481.0,5491.0,5498.0,,,,,,,,,5552.0,5557.0,5565.0,5570.0,5580.0,5593.0,5606.0,5615.0,5627.0,5639.0,5660.0,5679.0,5695.0,5710.0,5721.0,5729.0,5745.0,5753.0,5764.0,5771.0,5779.0,5793.0,5805.0,5809.0,5823.0,5838.0,5847.0,5859.0,5868.0,5881.0,5892.0,5897.0,5907.0,5921.0,5931.0,5942.0,5944.0,5950.0,5961.0,5974.0,5982.0,5990.0,5998.0,6010.0,6015.0,6020.0,6030.0,6036.0,6044.0,6047.0,6058.0,6063.0,6075.0,6083.0,6091.0,6103.0,6106.0,6111.0,6121.0,6138.0,6144.0,6148.0,6157.0,6169.0,6177.0,6184.0,6193.0,6203.0,6208.0,6213.0,6221.0,6230.0,6238.0,6246.0,6258.0,6268.0,6276.0,6285.0,6286.0,6292.0,6293.0,6305.0,6315.0,6327.0,6340.0,6346.0,6354.0,6362.0,6366.0,6379.0,6386.0,6391.0,6396.0,6404.0,6408.0,6415.0,6424.0,6427.0,6436.0,6440.0,6452.0,6461.0,6462.0,6470.0,6472.0,6477.0,6484.0,6487.0,6494.0,6501.0,6504.0,6508.0,6512.0,6519.0,6528.0,6530.0,6535.0,6541.0,6545.0,6554.0,6558.0,,6569.0,6569.0,6573.0,6582.0,6587.0,6589.0,6594.0,6597.0,6605.0,6612.0,6621.0,6628.0,6638.0,6643.0,6647.0,6658.0,6664.0,6670.0,6672.0,6674.0,6678.0,6682.0,6687.0,6692.0,6698.0,6701.0,6701.0,6705.0,6711.0,6716.0,6717.0,6720.0,6725.0,6728.0,6731.0,6738.0,6747.0,6757.0,6764.0,6767.0,6778.0,6782.0,6790.0,6808.0,6818.0,6829.0,6842.0,6849.0,6858.0,6867.0,6878.0,6886.0,6902.0,6927.0,6940.0,6964.0,6977.0,6986.0,7000.0,7013.0,7021.0,7028.0,7038.0,7051.0,7072.0,7092.0,7118.0,7153.0,7174.0,7192.0,7210.0,7228.0,7253.0,7285.0,7307.0,7317.0,7324.0,7337.0,7345.0,7352.0,7359.0,7366.0,7371.0,7379.0,7391.0,7402.0,7414.0,7422.0,7432.0,7439.0,7442.0,7453.0,7470.0,7479.0,7492.0,7504.0,7510.0,7520.0,7528.0,7545.0,7553.0,7568.0,7582.0,7588.0,7595.0,7610.0,7614.0,7622.0,7632.0,7635.0,7640.0,7650.0,7667.0,7676
jAk3QphGcbs,231980.0,232416.0,232808.0,233264.0,233852.0,234339.0,234897.0,235491.0,235880.0,236400.0,236694.0,237168.0,237683.0,238094.0,238568.0,238991.0,239316.0,239697.0,240178.0,240679.0,241126.0,241489.0,242031.0,242423.0,242766.0,243375.0,243945.0,244460.0,244915.0,245372.0,245794.0,246101.0,246528.0,246862.0,247237.0,247569.0,247948.0,248304.0,248565.0,248850.0,249211.0,249492.0,249799.0,250141.0,250380.0,250647.0,250935.0,251194.0,251508.0,251869.0,252279.0,252553.0,252849.0,253174.0,253501.0,253785.0,254088.0,254434.0,254705.0,254962.0,255294.0,255635.0,255872.0,256141.0,256428.0,256651.0,256815.0,257116.0,257358.0,257673.0,257947.0,258153.0,258396.0,258549.0,258806.0,259059.0,259383.0,259641.0,259873.0,260103.0,260317.0,260510.0,260699.0,260931.0,261193.0,261512.0,261784.0,262013.0,262260.0,262522.0,262898.0,263225.0,263550.0,263884.0,264121.0,264547.0,264847.0,265191.0,265596.0,266047.0,266427.0,266682.0,267027.0,267448.0,267766.0,268099.0,268441.0,268669.0,268926.0,269276.0,269675.0,270037.0,270354.0,270711.0,271074.0,271339.0,271642.0,272037.0,272369.0,272737.0,273028.0,273279.0,273475.0,273725.0,273931.0,274151.0,274323.0,274626.0,274889.0,275084.0,275294.0,275604.0,275930.0,276215.0,,,,,,,,,278742.0,278962.0,279279.0,279538.0,279825.0,280080.0,280333.0,280530.0,280766.0,281009.0,281302.0,281631.0,281925.0,282294.0,282545.0,282774.0,283024.0,283211.0,283398.0,283666.0,283941.0,284190.0,284409.0,284654.0,284925.0,285162.0,285453.0,285706.0,285975.0,286195.0,286482.0,286834.0,287148.0,287427.0,287775.0,288068.0,288353.0,288764.0,289154.0,289389.0,289838.0,290245.0,290585.0,290959.0,291400.0,291749.0,292094.0,292482.0,292860.0,293216.0,293443.0,293739.0,294043.0,294254.0,294503.0,294865.0,295189.0,295417.0,295754.0,296145.0,296598.0,296940.0,297288.0,297628.0,297950.0,298289.0,298694.0,299017.0,299315.0,299675.0,300011.0,300295.0,300609.0,301044.0,301399.0,301767.0,302124.0,302415.0,302621.0,302931.0,303226.0,303502.0,303800.0,304145.0,304387.0,304594.0,304872.0,305179.0,305469.0,305746.0,306023.0,306310.0,306631.0,306944.0,307277.0,307586.0,307956.0,308288.0,308550.0,308788.0,309086.0,309421.0,309754.0,310053.0,310324.0,310536.0,310763.0,311102.0,311411.0,311733.0,312052.0,312417.0,312652.0,312925.0,313142.0,313455.0,313798.0,314144.0,314418.0,314744.0,314907.0,,315334.0,315515.0,315704.0,315901.0,316046.0,316154.0,316294.0,316457.0,316617.0,316771.0,316922.0,317066.0,317190.0,317372.0,317520.0,317679.0,317847.0,317979.0,318167.0,318346.0,318666.0,319076.0,319459.0,319728.0,319919.0,320052.0,320178.0,320317.0,320484.0,320685.0,320869.0,321015.0,321149.0,321249.0,321377.0,321509.0,321650.0,321815.0,321995.0,322151.0,322295.0,322471.0,322662.0,322885.0,323065.0,323374.0,323775.0,324207.0,324761.0,325275.0,325718.0,326150.0,326599.0,326971.0,327294.0,327651.0,328001.0,328441.0,328809.0,329181.0,329508.0,329799.0,330213.0,330616.0,331029.0,331519.0,331994.0,332399.0,332737.0,333236.0,333629.0,334126.0,334571.0,335058.0,335439.0,335833.0,336343.0,336845.0,337349.0,337814.0,338344.0,338761.0,339049.0,339480.0,339908.0,340492.0,341074.0,341553.0,341957.0,342311.0,342681.0,343117.0,343548.0,344006.0,344443.0,344823.0,345203.0,345602.0,345939.0,346221.0,346666.0,347102.0,347521.0,347840.0,348347.0,348899.0,349482.0,350078.0,350485.0,351005.0,351428.0,351874.0,352354.0,352655
a3-BN8-UJ38,1119.0,1119.0,1119.0,1119.0,1119.0,1119.0,1119.0,1119.0,1119.0,1119.0,1119.0,1119.0,1119.0,1119.0,1119.0,1119.0,1119.0,1119.0,1119.0,1119.0,1119.0,1119.0,1119.0,1119.0,1119.0,1119.0,1119.0,1119.0,1119.0,1120.0,1133.0,1146.0,1172.0,1189.0,1228.0,1254.0,1281.0,1295.0,1311.0,1324.0,1329.0,1336.0,1345.0,1360.0,1374.0,1380.0,1386.0,1388.0,1394.0,1397.0,1402.0,1406.0,1410.0,1416.0,1421.0,1422.0,1425.0,1425.0,1428.0,1433.0,1434.0,1436.0,1438.0,1440.0,1441.0,1444.0,1447.0,1449.0,1450.0,1450.0,1451.0,1454.0,1454.0,1456.0,1457.0,1461.0,1462.0,1462.0,1463.0,1463.0,1464.0,1464.0,1464.0,1464.0,1464.0,1465.0,1465.0,1465.0,1465.0,1466.0,1467.0,1470.0,1472.0,1474.0,1475.0,1475.0,1475.0,1478.0,1478.0,1478.0,1479.0,1479.0,1479.0,1479.0,1481.0,1481.0,1481.0,1482.0,1485.0,1487.0,1488.0,1489.0,1489.0,1489.0,1489.0,1489.0,1489.0,1490.0,1490.0,1490.0,1490.0,1491.0,1491.0,1491.0,1492.0,1492.0,1493.0,1494.0,1494.0,1494.0,1494.0,1494.0,1496.0,1497.0,,,,,,,,,1500.0,1500.0,1500.0,1501.0,1502.0,1502.0,1504.0,1504.0,1505.0,1505.0,1505.0,1505.0,1505.0,1505.0,1505.0,1505.0,1505.0,1505.0,1505.0,1505.0,1505.0,1505.0,1506.0,1506.0,1508.0,1508.0,1508.0,1508.0,1508.0,1510.0,1510.0,1510.0,1511.0,1513.0,1513.0,1514.0,1514.0,1515.0,1516.0,1516.0,1516.0,1517.0,1517.0,1522.0,1523.0,1523.0,1523.0,1523.0,1524.0,1524.0,1525.0,1525.0,1527.0,1527.0,1528.0,1528.0,1528.0,1528.0,1530.0,1531.0,1531.0,1531.0,1533.0,1534.0,1534.0,1534.0,1534.0,1534.0,1534.0,1534.0,1534.0,1534.0,1534.0,1535.0,1535.0,1535.0,1535.0,1536.0,1536.0,1536.0,1538.0,1538.0,1538.0,1538.0,1538.0,1538.0,1538.0,1539.0,1539.0,1539.0,1540.0,1540.0,1540.0,1541.0,1542.0,1542.0,1543.0,1543.0,1543.0,1543.0,1543.0,1543.0,1543.0,1544.0,1545.0,1545.0,1547.0,1549.0,1549.0,1549.0,1550.0,1551.0,1553.0,1553.0,1554.0,1556.0,1557.0,1558.0,1559.0,1561.0,1561.0,,1561.0,1561.0,1561.0,1561.0,1564.0,1569.0,1572.0,1581.0,1587.0,1589.0,1590.0,1588.0,1590.0,1594.0,1596.0,1597.0,1598.0,1598.0,1599.0,1602.0,1604.0,1605.0,1607.0,1609.0,1609.0,1612.0,1615.0,1615.0,1615.0,1616.0,1616.0,1616.0,1618.0,1619.0,1621.0,1623.0,1625.0,1627.0,1627.0,1628.0,1630.0,1630.0,1630.0,1630.0,1631.0,1631.0,1631.0,1633.0,1634.0,1637.0,1637.0,1642.0,1644.0,1644.0,1646.0,1646.0,1648.0,1648.0,1650.0,1653.0,1655.0,1660.0,1661.0,1661.0,1661.0,1663.0,1664.0,1665.0,1665.0,1666.0,1666.0,1667.0,1667.0,1667.0,1667.0,1668.0,1668.0,1668.0,1668.0,1668.0,1668.0,1674.0,1674.0,1675.0,1676.0,1676.0,1678.0,1679.0,1680.0,1682.0,1682.0,1682.0,1682.0,1682.0,1682.0,1682.0,1682.0,1682.0,1682.0,1682.0,1683.0,1683.0,1684.0,1684.0,1684.0,1686.0,1687.0,1689.0,1690.0,1690.0,1690.0,1690.0,1692.0,1694
lvIW-_BsJBE,1199.0,1199.0,1199.0,1199.0,1200.0,1200.0,1200.0,1200.0,1200.0,1203.0,1203.0,1203.0,1203.0,1203.0,1203.0,1206.0,1206.0,1206.0,1207.0,1207.0,1207.0,1207.0,1207.0,1207.0,1207.0,1207.0,1207.0,1207.0,1207.0,1208.0,1212.0,1217.0,1230.0,1242.0,1259.0,1273.0,1295.0,1307.0,1317.0,1319.0,1320.0,1327.0,1333.0,1338.0,1344.0,1350.0,1353.0,1353.0,1354.0,1355.0,1356.0,1359.0,1361.0,1365.0,1367.0,1369.0,1372.0,1376.0,1377.0,1378.0,1380.0,1384.0,1384.0,1384.0,1386.0,1390.0,1390.0,1391.0,1391.0,1391.0,1391.0,1391.0,1392.0,1393.0,1393.0,1397.0,1400.0,1401.0,1399.0,1399.0,1399.0,1403.0,1403.0,1405.0,1407.0,1408.0,1408.0,1410.0,1410.0,1411.0,1412.0,1414.0,1418.0,1419.0,1421.0,1421.0,1421.0,1422.0,1422.0,1422.0,1422.0,1422.0,1423.0,1426.0,1431.0,1433.0,1433.0,1438.0,1439.0,1440.0,1440.0,1440.0,1440.0,1441.0,1441.0,1442.0,1442.0,1446.0,1446.0,1447.0,1448.0,1448.0,1450.0,1453.0,1454.0,1455.0,1456.0,1460.0,1460.0,1460.0,1460.0,1461.0,1461.0,1461.0,,,,,,,,,1466.0,1467.0,1468.0,1468.0,1470.0,1471.0,1471.0,1471.0,1473.0,1474.0,1474.0,1474.0,1474.0,1475.0,1475.0,1476.0,1476.0,1476.0,1476.0,1477.0,1477.0,1477.0,1477.0,1477.0,1479.0,1479.0,1479.0,1479.0,1479.0,1481.0,1481.0,1482.0,1483.0,1485.0,1485.0,1487.0,1487.0,1488.0,1488.0,1488.0,1488.0,1490.0,1490.0,1491.0,1493.0,1493.0,1493.0,1494.0,1494.0,1494.0,1494.0,1496.0,1496.0,1496.0,1496.0,1497.0,1497.0,1497.0,1498.0,1499.0,1499.0,1501.0,1501.0,1501.0,1504.0,1506.0,1508.0,1511.0,1511.0,1513.0,1514.0,1514.0,1515.0,1516.0,1517.0,1518.0,1518.0,1520.0,1521.0,1522.0,1524.0,1525.0,1525.0,1525.0,1526.0,1526.0,1526.0,1526.0,1526.0,1526.0,1526.0,1528.0,1529.0,1530.0,1530.0,1530.0,1531.0,1532.0,1532.0,1532.0,1533.0,1535.0,1535.0,1536.0,1536.0,1537.0,1538.0,1542.0,1546.0,1552.0,1553.0,1553.0,1553.0,1554.0,1556.0,1557.0,1557.0,1559.0,1560.0,1561.0,1561.0,,1563.0,1563.0,1564.0,1564.0,1566.0,1568.0,1568.0,1570.0,1572.0,1575.0,1575.0,1575.0,1576.0,1576.0,1576.0,1576.0,1579.0,1581.0,1581.0,1582.0,1582.0,1582.0,1583.0,1584.0,1585.0,1587.0,1589.0,1590.0,1590.0,1590.0,1591.0,1592.0,1592.0,1592.0,1592.0,1592.0,1592.0,1592.0,1593.0,1594.0,1595.0,1595.0,1595.0,1596.0,1597.0,1597.0,1597.0,1597.0,1597.0,1598.0,1600.0,1602.0,1606.0,1606.0,1609.0,1612.0,1615.0,1618.0,1622.0,1623.0,1625.0,1625.0,1626.0,1627.0,1627.0,1627.0,1628.0,1629.0,1630.0,1631.0,1632.0,1632.0,1632.0,1632.0,1632.0,1632.0,1632.0,1632.0,1632.0,1632.0,1632.0,1632.0,1632.0,1634.0,1634.0,1634.0,1634.0,1635.0,1635.0,1636.0,1636.0,1636.0,1638.0,1639.0,1640.0,1645.0,1646.0,1646.0,1646.0,1646.0,1646.0,1646.0,1646.0,1646.0,1646.0,1647.0,1647.0,1647.0,1647.0,1647.0,1647.0,1647.0,1647.0,1647
JTdQ4CJUnJE,286674.0,286676.0,286685.0,286690.0,286695.0,286703.0,286710.0,286715.0,286718.0,286725.0,286731.0,286738.0,286746.0,286751.0,286756.0,286767.0,286776.0,286778.0,286779.0,286784.0,286791.0,286793.0,286793.0,286799.0,286802.0,286806.0,286808.0,286812.0,286815.0,286817.0,286822.0,286823.0,286826.0,286829.0,286831.0,286833.0,286836.0,286837.0,286840.0,286843.0,286846.0,286848.0,286850.0,286850.0,286851.0,286851.0,286851.0,286853.0,286856.0,286859.0,286862.0,286863.0,286864.0,286865.0,286865.0,286867.0,286871.0,286872.0,286875.0,286875.0,286878.0,286881.0,286882.0,286884.0,286888.0,286890.0,286895.0,286897.0,286900.0,286902.0,286904.0,286907.0,286910.0,286912.0,286917.0,286921.0,286925.0,286931.0,286934.0,286935.0,286936.0,286939.0,286942.0,286945.0,286947.0,286949.0,286949.0,286952.0,286957.0,286960.0,286965.0,286968.0,286969.0,286973.0,286974.0,286976.0,286978.0,286984.0,286995.0,287002.0,287009.0,287016.0,287026.0,287032.0,287037.0,287042.0,287049.0,287059.0,287068.0,287072.0,287084.0,287086.0,287092.0,287097.0,287103.0,287106.0,287114.0,287119.0,287127.0,287132.0,287135.0,287142.0,287147.0,287152.0,287154.0,287156.0,287163.0,287165.0,287173.0,287175.0,287184.0,287184.0,287189.0,287195.0,,,,,,,,,287238.0,287241.0,287245.0,287260.0,287262.0,287269.0,287280.0,287291.0,287309.0,287319.0,287330.0,287335.0,287343.0,287349.0,287351.0,287356.0,287359.0,287372.0,287377.0,287380.0,287384.0,287388.0,287394.0,287399.0,287402.0,287406.0,287411.0,287417.0,287419.0,287423.0,287425.0,287430.0,287431.0,287435.0,287441.0,287444.0,287447.0,287455.0,287462.0,287471.0,287470.0,287478.0,287480.0,287483.0,287487.0,287493.0,287500.0,287506.0,287513.0,287518.0,287523.0,287528.0,287534.0,287537.0,287544.0,287546.0,287554.0,287561.0,287564.0,287569.0,287573.0,287580.0,287585.0,287589.0,287589.0,287593.0,287602.0,287623.0,287628.0,287634.0,287642.0,287648.0,287652.0,287656.0,287664.0,287669.0,287671.0,287680.0,287684.0,287688.0,287702.0,287709.0,287722.0,287730.0,287733.0,287734.0,287739.0,287746.0,287752.0,287757.0,287762.0,287767.0,287777.0,287782.0,287789.0,287797.0,287805.0,287813.0,287818.0,287822.0,287825.0,287831.0,287835.0,287837.0,287842.0,287848.0,287865.0,287879.0,287884.0,287892.0,287898.0,287910.0,287920.0,287929.0,287931.0,287941.0,287943.0,287947.0,287948.0,287950.0,287953.0,,287963.0,287969.0,287976.0,287978.0,287979.0,287984.0,287986.0,287988.0,287990.0,287995.0,288003.0,288006.0,288007.0,288009.0,288011.0,288011.0,288016.0,288017.0,288021.0,288027.0,288032.0,288034.0,288039.0,288040.0,288045.0,288046.0,288054.0,288056.0,288056.0,288058.0,288061.0,288066.0,288067.0,288072.0,288076.0,288077.0,288080.0,288083.0,288086.0,288089.0,288092.0,288096.0,288097.0,288100.0,288103.0,288108.0,288112.0,288113.0,288116.0,288120.0,288122.0,288125.0,288127.0,288128.0,288129.0,288132.0,288135.0,288135.0,288136.0,288138.0,288140.0,288141.0,288142.0,288144.0,288144.0,288146.0,288148.0,288150.0,288151.0,288156.0,288160.0,288162.0,288167.0,288168.0,288170.0,288173.0,288179.0,288181.0,288185.0,288187.0,288188.0,288191.0,288193.0,288198.0,288200.0,288204.0,288208.0,288211.0,288219.0,288221.0,288226.0,288227.0,288230.0,288232.0,288235.0,288236.0,288239.0,288241.0,288246.0,288249.0,288250.0,288257.0,288265.0,288267.0,288269.0,288273.0,288283.0,288285.0,288287.0,288289.0,288292.0,288294.0,288294.0,288299
u4Ng8LI2ARI,28447.0,28456.0,28467.0,28478.0,28484.0,28490.0,28498.0,28509.0,28521.0,28528.0,28539.0,28547.0,28550.0,28557.0,28559.0,28564.0,28569.0,28575.0,28578.0,28581.0,28589.0,28593.0,28604.0,28609.0,28614.0,28617.0,28626.0,28635.0,28635.0,28638.0,28643.0,28650.0,28653.0,28656.0,28660.0,28664.0,28665.0,28671.0,28675.0,28677.0,28678.0,28680.0,28682.0,28684.0,28684.0,28689.0,28698.0,28707.0,28708.0,28709.0,28714.0,28719.0,28725.0,28775.0,28824.0,28869.0,28933.0,28957.0,28960.0,28991.0,29041.0,29050.0,29055.0,29058.0,29060.0,29066.0,29068.0,29074.0,29079.0,29086.0,29094.0,29099.0,29102.0,29104.0,29106.0,29110.0,29115.0,29121.0,29131.0,29131.0,29132.0,29132.0,29135.0,29136.0,29141.0,29145.0,29148.0,29150.0,29152.0,29153.0,29161.0,29164.0,29169.0,29176.0,29176.0,29178.0,29187.0,29189.0,29195.0,29200.0,29201.0,29205.0,29206.0,29208.0,29210.0,29212.0,29219.0,29223.0,29225.0,29234.0,29238.0,29242.0,29246.0,29259.0,29265.0,29270.0,29275.0,29278.0,29282.0,29285.0,29287.0,29290.0,29296.0,29302.0,29307.0,29313.0,29316.0,29322.0,29326.0,29329.0,29332.0,29335.0,29341.0,29348.0,,,,,,,,,29400.0,29413.0,29417.0,29422.0,29430.0,29433.0,29441.0,29444.0,29451.0,29452.0,29461.0,29468.0,29472.0,29480.0,29487.0,29498.0,29502.0,29507.0,29514.0,29516.0,29521.0,29527.0,29531.0,29533.0,29539.0,29545.0,29550.0,29556.0,29563.0,29564.0,29566.0,29568.0,29568.0,29570.0,29572.0,29575.0,29580.0,29585.0,29587.0,29593.0,29595.0,29599.0,29604.0,29611.0,29615.0,29619.0,29624.0,29628.0,29628.0,29632.0,29633.0,29637.0,29637.0,29644.0,29647.0,29648.0,29651.0,29654.0,29655.0,29662.0,29666.0,29671.0,29676.0,29680.0,29680.0,29684.0,29687.0,29692.0,29698.0,29701.0,29707.0,29711.0,29715.0,29718.0,29719.0,29729.0,29731.0,29737.0,29740.0,29744.0,29752.0,29761.0,29763.0,29766.0,29772.0,29776.0,29777.0,29777.0,29782.0,29786.0,29791.0,29796.0,29797.0,29801.0,29806.0,29813.0,29820.0,29823.0,29825.0,29826.0,29828.0,29835.0,29841.0,29842.0,29844.0,29846.0,29848.0,29847.0,29849.0,29850.0,29853.0,29856.0,29861.0,29861.0,29862.0,29866.0,29872.0,29878.0,29884.0,29888.0,29894.0,,29909.0,29911.0,29920.0,29926.0,29934.0,29939.0,29940.0,29942.0,29951.0,29956.0,29961.0,29963.0,29966.0,29969.0,29974.0,29976.0,29977.0,29979.0,29981.0,29983.0,29986.0,29989.0,29996.0,29998.0,30001.0,30009.0,30011.0,30013.0,30014.0,30017.0,30022.0,30023.0,30029.0,30034.0,30037.0,30040.0,30044.0,30047.0,30055.0,30060.0,30064.0,30069.0,30071.0,30075.0,30084.0,30091.0,30094.0,30100.0,30101.0,30108.0,30113.0,30119.0,30123.0,30125.0,30127.0,30130.0,30135.0,30138.0,30143.0,30149.0,30154.0,30157.0,30159.0,30161.0,30164.0,30167.0,30171.0,30173.0,30175.0,30176.0,30179.0,30181.0,30184.0,30185.0,30193.0,30197.0,30198.0,30200.0,30202.0,30203.0,30204.0,30206.0,30206.0,30206.0,30207.0,30207.0,30214.0,30216.0,30217.0,30221.0,30227.0,30233.0,30235.0,30240.0,30245.0,30248.0,30256.0,30259.0,30261.0,30267.0,30268.0,30277.0,30285.0,30293.0,30294.0,30298.0,30301.0,30302.0,30307.0,30309.0,30317.0,30321.0,30326.0,30328
Qmyub2mBVFg,19983.0,19984.0,19984.0,19985.0,19985.0,19985.0,19986.0,19986.0,19987.0,19987.0,19989.0,19989.0,19989.0,19990.0,19991.0,19991.0,19991.0,19991.0,19991.0,19991.0,19992.0,19992.0,19992.0,19993.0,19993.0,19993.0,19993.0,19993.0,19993.0,19995.0,19996.0,19997.0,19997.0,19997.0,19998.0,19998.0,19998.0,19998.0,19998.0,19998.0,19998.0,19998.0,19999.0,19999.0,19999.0,20001.0,20002.0,20004.0,20004.0,20004.0,20004.0,20005.0,20006.0,20006.0,20006.0,20006.0,20006.0,20006.0,20006.0,20006.0,20006.0,20007.0,20007.0,20007.0,20007.0,20007.0,20007.0,20007.0,20007.0,20007.0,20007.0,20009.0,20011.0,20011.0,20011.0,20011.0,20012.0,20012.0,20012.0,20012.0,20012.0,20014.0,20014.0,20012.0,20012.0,20012.0,20012.0,20012.0,20013.0,20014.0,20015.0,20015.0,20015.0,20015.0,20015.0,20015.0,20015.0,20015.0,20016.0,20016.0,20016.0,20016.0,20018.0,20021.0,20021.0,20021.0,20024.0,20032.0,20036.0,20036.0,20039.0,20039.0,20040.0,20044.0,20045.0,20046.0,20049.0,20052.0,20054.0,20056.0,20062.0,20064.0,20066.0,20066.0,20066.0,20067.0,20068.0,20069.0,20070.0,20073.0,20074.0,20075.0,20077.0,20077.0,,,,,,,,,20085.0,20087.0,20088.0,20088.0,20091.0,20093.0,20093.0,20093.0,20094.0,20095.0,20095.0,20095.0,20095.0,20096.0,20097.0,20097.0,20099.0,20100.0,20102.0,20104.0,20106.0,20109.0,20109.0,20109.0,20112.0,20112.0,20113.0,20113.0,20114.0,20114.0,20116.0,20117.0,20118.0,20118.0,20119.0,20121.0,20121.0,20121.0,20122.0,20128.0,20133.0,20127.0,20124.0,20125.0,20126.0,20127.0,20127.0,20127.0,20130.0,20131.0,20134.0,20130.0,20131.0,20131.0,20132.0,20137.0,20140.0,20140.0,20149.0,20145.0,20143.0,20144.0,20144.0,20146.0,20146.0,20147.0,20148.0,20149.0,20149.0,20150.0,20151.0,20151.0,20154.0,20155.0,20156.0,20156.0,20157.0,20158.0,20158.0,20159.0,20161.0,20164.0,20165.0,20167.0,20167.0,20168.0,20168.0,20169.0,20169.0,20169.0,20169.0,20171.0,20171.0,20176.0,20176.0,20176.0,20176.0,20177.0,20177.0,20177.0,20177.0,20178.0,20178.0,20178.0,20178.0,20178.0,20178.0,20178.0,20178.0,20179.0,20179.0,20180.0,20181.0,20182.0,20182.0,20182.0,20183.0,20184.0,20184.0,20184.0,20186.0,,20188.0,20188.0,20188.0,20188.0,20188.0,20189.0,20190.0,20190.0,20190.0,20190.0,20190.0,20192.0,20192.0,20192.0,20192.0,20192.0,20192.0,20192.0,20192.0,20194.0,20194.0,20194.0,20194.0,20195.0,20195.0,20196.0,20197.0,20197.0,20199.0,20199.0,20199.0,20199.0,20200.0,20200.0,20200.0,20200.0,20203.0,20205.0,20206.0,20206.0,20207.0,20207.0,20207.0,20207.0,20207.0,20207.0,20207.0,20208.0,20208.0,20210.0,20210.0,20210.0,20211.0,20212.0,20214.0,20216.0,20216.0,20216.0,20216.0,20216.0,20216.0,20216.0,20217.0,20217.0,20217.0,20217.0,20217.0,20217.0,20218.0,20219.0,20220.0,20220.0,20220.0,20220.0,20220.0,20221.0,20221.0,20221.0,20221.0,20221.0,20222.0,20222.0,20223.0,20224.0,20224.0,20225.0,20225.0,20225.0,20225.0,20225.0,20225.0,20225.0,20225.0,20225.0,20225.0,20225.0,20225.0,20225.0,20225.0,20225.0,20225.0,20226.0,20226.0,20227.0,20227.0,20227.0,20227.0,20227.0,20227.0,20228.0,20228.0,20228.0,20229.0,20229
9mHHkB1pRvM,105106.0,105106.0,105109.0,105111.0,105114.0,105118.0,105120.0,105124.0,105128.0,105129.0,105132.0,105134.0,105138.0,105140.0,105142.0,105143.0,105146.0,105148.0,105148.0,105148.0,105152.0,105156.0,105156.0,105158.0,105159.0,105163.0,105168.0,105173.0,105176.0,105177.0,105180.0,105180.0,105181.0,105184.0,105185.0,105189.0,105190.0,105195.0,105203.0,105205.0,105208.0,105208.0,105211.0,105212.0,105213.0,105215.0,105216.0,105217.0,105217.0,105217.0,105220.0,105221.0,105221.0,105221.0,105221.0,105223.0,105225.0,105226.0,105227.0,105228.0,105228.0,105229.0,105230.0,105231.0,105233.0,105233.0,105234.0,105236.0,105236.0,105236.0,105238.0,105238.0,105239.0,105240.0,105242.0,105244.0,105245.0,105245.0,105248.0,105249.0,105249.0,105249.0,105252.0,105252.0,105253.0,105254.0,105255.0,105258.0,105261.0,105265.0,105266.0,105266.0,105271.0,105275.0,105278.0,105279.0,105282.0,105284.0,105287.0,105289.0,105292.0,105296.0,105304.0,105307.0,105312.0,105316.0,105325.0,105332.0,105336.0,105343.0,105354.0,105357.0,105362.0,105368.0,105376.0,105381.0,105382.0,105383.0,105392.0,105396.0,105408.0,105413.0,105418.0,105420.0,105424.0,105429.0,105432.0,105438.0,105448.0,105450.0,105455.0,105457.0,105459.0,105466.0,,,,,,,,,105517.0,105525.0,105528.0,105529.0,105532.0,105533.0,105535.0,105536.0,105536.0,105540.0,105544.0,105544.0,105547.0,105550.0,105555.0,105556.0,105558.0,105559.0,105562.0,105563.0,105567.0,105567.0,105571.0,105573.0,105575.0,105580.0,105580.0,105580.0,105583.0,105584.0,105588.0,105591.0,105594.0,105596.0,105597.0,105601.0,105601.0,105607.0,105610.0,105616.0,105614.0,105617.0,105619.0,105623.0,105628.0,105631.0,105632.0,105637.0,105641.0,105642.0,105644.0,105648.0,105649.0,105655.0,105659.0,105663.0,105669.0,105674.0,105673.0,105677.0,105681.0,105692.0,105692.0,105694.0,105697.0,105698.0,105698.0,105701.0,105702.0,105705.0,105708.0,105709.0,105713.0,105713.0,105718.0,105720.0,105724.0,105726.0,105730.0,105732.0,105735.0,105737.0,105737.0,105737.0,105739.0,105740.0,105741.0,105742.0,105747.0,105748.0,105749.0,105751.0,105751.0,105751.0,105752.0,105753.0,105752.0,105753.0,105753.0,105753.0,105755.0,105755.0,105755.0,105755.0,105756.0,105757.0,105757.0,105757.0,105757.0,105758.0,105759.0,105759.0,105762.0,105762.0,105762.0,105762.0,105763.0,105766.0,105767.0,105767.0,105769.0,,105770.0,105770.0,105771.0,105770.0,105770.0,105770.0,105770.0,105773.0,105774.0,105775.0,105776.0,105776.0,105777.0,105777.0,105778.0,105778.0,105778.0,105778.0,105778.0,105778.0,105778.0,105779.0,105779.0,105779.0,105782.0,105782.0,105784.0,105785.0,105785.0,105785.0,105785.0,105785.0,105785.0,105786.0,105788.0,105788.0,105791.0,105791.0,105791.0,105791.0,105791.0,105792.0,105792.0,105792.0,105792.0,105792.0,105792.0,105792.0,105792.0,105792.0,105792.0,105792.0,105792.0,105793.0,105793.0,105795.0,105795.0,105796.0,105796.0,105798.0,105798.0,105798.0,105798.0,105799.0,105800.0,105800.0,105800.0,105800.0,105801.0,105802.0,105802.0,105803.0,105803.0,105803.0,105803.0,105803.0,105804.0,105807.0,105807.0,105808.0,105808.0,105808.0,105808.0,105808.0,105808.0,105808.0,105808.0,105808.0,105808.0,105808.0,105809.0,105809.0,105809.0,105809.0,105809.0,105809.0,105809.0,105809.0,105809.0,105809.0,105809.0,105810.0,105810.0,105810.0,105812.0,105812.0,105815.0,105815.0,105815.0,105815.0,105816.0,105817.0,105818.0,105818
9grcD109R08,196495.0,196509.0,196522.0,196532.0,196542.0,196553.0,196566.0,196584.0,196600.0,196612.0,196626.0,196635.0,196646.0,196656.0,196659.0,196673.0,196681.0,196685.0,196693.0,196700.0,196709.0,196713.0,196717.0,196720.0,196723.0,196735.0,196745.0,196754.0,196757.0,196762.0,196770.0,196773.0,196776.0,196779.0,196784.0,196792.0,196794.0,196801.0,196807.0,196817.0,196825.0,196837.0,196844.0,196856.0,196867.0,196878.0,196886.0,196892.0,196897.0,196906.0,196913.0,196922.0,196928.0,196934.0,196937.0,196941.0,196951.0,196965.0,196972.0,196975.0,196980.0,196986.0,196996.0,197008.0,197015.0,197025.0,197035.0,197041.0,197048.0,197053.0,197059.0,197068.0,197077.0,197079.0,197084.0,197092.0,197098.0,197106.0,197117.0,197118.0,197123.0,197129.0,197142.0,197149.0,197153.0,197156.0,197162.0,197174.0,197187.0,197195.0,197199.0,197205.0,197212.0,197223.0,197229.0,197237.0,197251.0,197264.0,197275.0,197283.0,197292.0,197304.0,197313.0,197337.0,197356.0,197376.0,197397.0,197412.0,197431.0,197446.0,197458.0,197471.0,197483.0,197498.0,197515.0,197533.0,197548.0,197551.0,197567.0,197584.0,197596.0,197609.0,197617.0,197624.0,197631.0,197647.0,197663.0,197682.0,197698.0,197705.0,197709.0,197720.0,197739.0,197749.0,,,,,,,,,197857.0,197870.0,197880.0,197890.0,197902.0,197923.0,197943.0,197944.0,197953.0,197967.0,197975.0,197983.0,198007.0,198016.0,198027.0,198036.0,198053.0,198068.0,198082.0,198098.0,198127.0,198135.0,198146.0,198158.0,198172.0,198181.0,198190.0,198200.0,198207.0,198221.0,198231.0,198242.0,198251.0,198263.0,198268.0,198273.0,198280.0,198284.0,198298.0,198302.0,198307.0,198318.0,198328.0,198335.0,198344.0,198351.0,198356.0,198364.0,198373.0,198384.0,198389.0,198400.0,198411.0,198422.0,198434.0,198446.0,198457.0,198465.0,198477.0,198489.0,198498.0,198507.0,198515.0,198524.0,198536.0,198549.0,198557.0,198566.0,198579.0,198588.0,198601.0,198615.0,198624.0,198637.0,198647.0,198665.0,198682.0,198699.0,198724.0,198738.0,198755.0,198774.0,198789.0,198803.0,198816.0,198829.0,198840.0,198850.0,198858.0,198873.0,198883.0,198897.0,198906.0,198922.0,198936.0,198946.0,198960.0,198972.0,198980.0,198998.0,199001.0,199006.0,199015.0,199022.0,199038.0,199046.0,199056.0,199071.0,199080.0,199090.0,199098.0,199108.0,199119.0,199130.0,199134.0,199145.0,199149.0,199156.0,199171.0,199177.0,199183.0,,199198.0,199209.0,199216.0,199222.0,199230.0,199240.0,199245.0,199255.0,199277.0,199288.0,199306.0,199323.0,199340.0,199353.0,199370.0,199381.0,199399.0,199410.0,199417.0,199426.0,199434.0,199456.0,199473.0,199479.0,199487.0,199499.0,199510.0,199520.0,199529.0,199543.0,199551.0,199559.0,199570.0,199587.0,199600.0,199614.0,199629.0,199641.0,199652.0,199659.0,199681.0,199694.0,199712.0,199720.0,199742.0,199765.0,199777.0,199797.0,199816.0,199830.0,199845.0,199857.0,199868.0,199881.0,199896.0,199903.0,199915.0,199927.0,199946.0,199959.0,199974.0,199986.0,200002.0,200017.0,200029.0,200039.0,200053.0,200061.0,200079.0,200095.0,200105.0,200117.0,200137.0,200151.0,200172.0,200180.0,200189.0,200203.0,200211.0,200221.0,200233.0,200243.0,200258.0,200265.0,200275.0,200286.0,200300.0,200311.0,200317.0,200329.0,200345.0,200352.0,200359.0,200367.0,200385.0,200389.0,200399.0,200407.0,200420.0,200428.0,200446.0,200462.0,200476.0,200482.0,200499.0,200510.0,200523.0,200537.0,200549.0,200559.0,200568.0,200579.0,200588.0,200609
r6WbbU_lLCA,64781022.0,64794453.0,64809221.0,64823557.0,64836926.0,64850630.0,64863518.0,64877048.0,64897595.0,64923171.0,64947203.0,64968658.0,64991493.0,65013271.0,65033778.0,65052589.0,65069613.0,65084647.0,65098618.0,65113981.0,65129171.0,65143156.0,65156350.0,65169081.0,65180735.0,65193637.0,65206845.0,65220032.0,65233245.0,65246896.0,65260547.0,65273152.0,65285460.0,65297925.0,65309967.0,65322425.0,65334531.0,65345914.0,65357407.0,65368504.0,65380860.0,65392881.0,65404197.0,65415546.0,65427375.0,65439257.0,65450864.0,65462785.0,65473056.0,65483518.0,65494405.0,65506857.0,65519373.0,65531499.0,65545015.0,65557545.0,65570621.0,65584563.0,65598335.0,65611617.0,65624522.0,65638056.0,65651159.0,65663633.0,65676103.0,65687616.0,65698224.0,65709321.0,65719789.0,65732987.0,65745733.0,65757614.0,65770020.0,65781680.0,65792147.0,65802984.0,65814763.0,65826848.0,65839166.0,65850607.0,65861889.0,65872658.0,65883782.0,65895606.0,65907479.0,65920650.0,65933441.0,65945049.0,65955721.0,65967039.0,65979328.0,65991313.0,66003181.0,66014690.0,66026283.0,66036264.0,66046855.0,66057249.0,66067695.0,66078492.0,66088836.0,66100012.0,66110604.0,66120908.0,66131453.0,66142103.0,66152672.0,66163628.0,66174758.0,66185500.0,66196653.0,66208157.0,66219903.0,66231370.0,66242358.0,66252320.0,66262095.0,66272913.0,66283507.0,66293770.0,66303712.0,66313225.0,66322508.0,66331552.0,66341676.0,66352008.0,66362659.0,66373900.0,66384372.0,66394288.0,66404099.0,66414911.0,66426013.0,66436214.0,,,,,,,,,66529167.0,66539580.0,66549011.0,66558927.0,66569152.0,66580265.0,66591315.0,66601722.0,66612301.0,66621527.0,66631288.0,66641001.0,66651725.0,66662373.0,66672870.0,66683431.0,66693656.0,66704915.0,66716290.0,66727285.0,66737736.0,66748248.0,66758164.0,66767398.0,66778111.0,66788316.0,66798607.0,66808976.0,66819287.0,66829330.0,66839051.0,66849572.0,66859933.0,66870191.0,66880180.0,66889491.0,66898752.0,66907840.0,66917520.0,66926983.0,66936515.0,66945879.0,66955096.0,66964178.0,66972914.0,66982046.0,66991544.0,67001055.0,67010511.0,67019446.0,67028188.0,67036569.0,67045189.0,67054473.0,67063514.0,67072680.0,67081933.0,67090373.0,67099031.0,67108727.0,67118965.0,67128510.0,67135894.0,67143903.0,67151723.0,67159597.0,67168278.0,67177232.0,67185804.0,67192449.0,67200444.0,67208557.0,67216811.0,67225867.0,67234959.0,67244050.0,67254031.0,67263498.0,67272516.0,67280920.0,67290045.0,67300299.0,67311237.0,67322741.0,67333231.0,67343498.0,67353017.0,67363301.0,67373639.0,67384413.0,67395512.0,67406575.0,67417613.0,67427817.0,67438693.0,67449858.0,67461382.0,67473128.0,67484586.0,67495167.0,67505904.0,67517414.0,67529183.0,67540905.0,67553278.0,67565016.0,67576467.0,67587569.0,67599021.0,67610722.0,67622266.0,67633839.0,67645015.0,67655601.0,67665522.0,67676358.0,67689682.0,67703000.0,67715888.0,67727907.0,67738971.0,,67760835.0,67772615.0,67784338.0,67795153.0,67807041.0,67818833.0,67830371.0,67842576.0,67854239.0,67865866.0,67876696.0,67887641.0,67898021.0,67907727.0,67917027.0,67926739.0,67936640.0,67947380.0,67957975.0,67967768.0,67977070.0,67987019.0,67997723.0,68008892.0,68027222.0,68047887.0,68061410.0,68073460.0,68085985.0,68099648.0,68111479.0,68122716.0,68133045.0,68143160.0,68152774.0,68163110.0,68173404.0,68186586.0,68197785.0,68207786.0,68218501.0,68229585.0,68240522.0,68254788.0,68266901.0,68277667.0,68289047.0,68298981.0,68308304.0,68317765.0,68327496.0,68337681.0,68347607.0,68357065.0,68366341.0,68375704.0,68386092.0,68396754.0,68407418.0,68418081.0,68428440.0,68438532.0,68447829.0,68457588.0,68467823.0,68477883.0,68487745.0,68497388.0,68506642.0,68515580.0,68524926.0,68533961.0,68543479.0,68553363.0,68563236.0,68572553.0,68582009.0,68592116.0,68601849.0,68611769.0,68622103.0,68631842.0,68640668.0,68650016.0,68659598.0,68669522.0,68679700.0,68690106.0,68699960.0,68709066.0,68718061.0,68727157.0,68736624.0,68746282.0,68755556.0,68765433.0,68775040.0,68784645.0,68794333.0,68804123.0,68813908.0,68823809.0,68833684.0,68842648.0,68851540.0,68860659.0,68869776.0,68879286.0,68889082.0,68899262.0,68907975.0,68916525.0,68926085.0,68935899
HKS7W8xDdpw,1090736.0,1090774.0,1090802.0,1090855.0,1090888.0,1090916.0,1090953.0,1090999.0,1091049.0,1091137.0,1091242.0,1091338.0,1091429.0,1091532.0,1091602.0,1091669.0,1091746.0,1091809.0,1091890.0,1091926.0,1091978.0,1092032.0,1092074.0,1092133.0,1092171.0,1092213.0,1092261.0,1092303.0,1092351.0,1092415.0,1092447.0,1092486.0,1092524.0,1092552.0,1092589.0,1092624.0,1092672.0,1092717.0,1092756.0,1092784.0,1092831.0,1092877.0,1092908.0,1092945.0,1092983.0,1093006.0,1093034.0,1093065.0,1093090.0,1093110.0,1093136.0,1093160.0,1093186.0,1093210.0,1093232.0,1093250.0,1093273.0,1093302.0,1093328.0,1093360.0,1093388.0,1093409.0,1093429.0,1093445.0,1093480.0,1095075.0,1095345.0,1095434.0,1095495.0,1095521.0,1095570.0,1095630.0,1095688.0,1095743.0,1095811.0,1095858.0,1095891.0,1095922.0,1095951.0,1095986.0,1096039.0,1096082.0,1096121.0,1096165.0,1096210.0,1096241.0,1096274.0,1096324.0,1096366.0,1096399.0,1096441.0,1096477.0,1096491.0,1096506.0,1096544.0,1096561.0,1096578.0,1096598.0,1096616.0,1096645.0,1096663.0,1096684.0,1096708.0,1096733.0,1096764.0,1096782.0,1096794.0,1096828.0,1096858.0,1096889.0,1096921.0,1096951.0,1096980.0,1097002.0,1097024.0,1097041.0,1097069.0,1097105.0,1097125.0,1097132.0,1097180.0,1097211.0,1097238.0,1097278.0,1097308.0,1097335.0,1097357.0,1097381.0,1097407.0,1097434.0,1097454.0,1097482.0,1097511.0,1097533.0,,,,,,,,,1097780.0,1097800.0,1097823.0,1097867.0,1097897.0,1097931.0,1097952.0,1097968.0,1097998.0,1098012.0,1098035.0,1098068.0,1098100.0,1098126.0,1098151.0,1098186.0,1098220.0,1098252.0,1098288.0,1098309.0,1098335.0,1098360.0,1098385.0,1098417.0,1098437.0,1098474.0,1098500.0,1098530.0,1098551.0,1098573.0,1098588.0,1098613.0,1098638.0,1098665.0,1098698.0,1098738.0,1098776.0,1098802.0,1098822.0,1098849.0,1098874.0,1098904.0,1098925.0,1098958.0,1098990.0,1099008.0,1099040.0,1099063.0,1099085.0,1099118.0,1099145.0,1099176.0,1099199.0,1099225.0,1099235.0,1099271.0,1099307.0,1099330.0,1099359.0,1099383.0,1099398.0,1099421.0,1099441.0,1099462.0,1099488.0,1099503.0,1099519.0,1099543.0,1099562.0,1099592.0,1099611.0,1099636.0,1099655.0,1099684.0,1099721.0,1099737.0,1099758.0,1099798.0,1099819.0,1099839.0,1099859.0,1099879.0,1099924.0,1099952.0,1099981.0,1100005.0,1100031.0,1100052.0,1100073.0,1100122.0,1100166.0,1100196.0,1100222.0,1100242.0,1100267.0,1100288.0,1100321.0,1100351.0,1100382.0,1100400.0,1100424.0,1100446.0,1100463.0,1100491.0,1100525.0,1100540.0,1100558.0,1100591.0,1100609.0,1100633.0,1100662.0,1100702.0,1100745.0,1100794.0,1100858.0,1100887.0,1100971.0,1101030.0,1101081.0,1101163.0,1101257.0,,1101378.0,1101462.0,1101561.0,1101650.0,1101741.0,1101845.0,1101957.0,1102066.0,1102150.0,1102237.0,1102299.0,1102401.0,1102499.0,1102549.0,1102597.0,1102643.0,1102695.0,1102741.0,1102778.0,1102832.0,1102873.0,1102908.0,1102951.0,1103003.0,1103039.0,1103093.0,1103153.0,1103202.0,1103241.0,1103276.0,1103328.0,1103378.0,1103405.0,1103437.0,1103473.0,1103503.0,1103536.0,1103565.0,1103595.0,1103619.0,1103650.0,1103687.0,1103735.0,1103772.0,1103814.0,1103844.0,1103880.0,1103925.0,1103956.0,1103993.0,1104051.0,1104101.0,1104136.0,1104179.0,1104247.0,1104290.0,1104332.0,1104386.0,1104435.0,1104507.0,1104633.0,1104709.0,1104782.0,1104835.0,1104892.0,1104932.0,1104968.0,1105073.0,1105157.0,1105217.0,1105275.0,1105347.0,1105411.0,1105471.0,1105540.0,1105596.0,1105722.0,1105830.0,1105936.0,1106061.0,1106107.0,1106131.0,1106151.0,1106169.0,1106185.0,1106204.0,1106224.0,1106249.0,1106288.0,1106323.0,1106345.0,1106356.0,1106377.0,1106399.0,1106415.0,1106442.0,1106461.0,1106469.0,1106486.0,1106504.0,1106522.0,1106540.0,1106554.0,1106567.0,1106586.0,1106606.0,1106632.0,1106650.0,1106676.0,1106687.0,1106699.0,1106717.0,1106735.0,1106751
NCFgWex8gJA,1728570.0,1728721.0,1728891.0,1729104.0,1729244.0,1729407.0,1729572.0,1729738.0,1729898.0,1730064.0,1730243.0,1730412.0,1730563.0,1730737.0,1730869.0,1731023.0,1731164.0,1731338.0,1731488.0,1731595.0,1731761.0,1731926.0,1732116.0,1732331.0,1732498.0,1732637.0,1732794.0,1732951.0,1733131.0,1733319.0,1733546.0,1733799.0,1733943.0,1734156.0,1734369.0,1734567.0,1734765.0,1734970.0,1735157.0,1735330.0,1735492.0,1735659.0,1735820.0,1736010.0,1736223.0,1736430.0,1736572.0,1736777.0,1736944.0,1737124.0,1737284.0,1737430.0,1737610.0,1737780.0,1737966.0,1738128.0,1738279.0,1738438.0,1738609.0,1738789.0,1738958.0,1739126.0,1739294.0,1739474.0,1739670.0,1739845.0,1740025.0,1740211.0,1740407.0,1740628.0,1740833.0,1741036.0,1741186.0,1741350.0,1741478.0,1741610.0,1741761.0,1741936.0,1742080.0,1742223.0,1742373.0,1742508.0,1742651.0,1742808.0,1742934.0,1743091.0,1743271.0,1743417.0,1743540.0,1743658.0,1743780.0,1743908.0,1744044.0,1744223.0,1744369.0,1744474.0,1744592.0,1744740.0,1744887.0,1745052.0,1745221.0,1745379.0,1745552.0,1745717.0,1745907.0,1746042.0,1746187.0,1746304.0,1746448.0,1746578.0,1746700.0,1746843.0,1746981.0,1747145.0,1747276.0,1747422.0,1747564.0,1747701.0,1747871.0,1748019.0,1748181.0,1748390.0,1748555.0,1748728.0,1748876.0,1749071.0,1749252.0,1749444.0,1749652.0,1749883.0,1750052.0,1750190.0,1750320.0,1750438.0,,,,,,,,,1751725.0,1751901.0,1752006.0,1752176.0,1752340.0,1752505.0,1752642.0,1752798.0,1752999.0,1753161.0,1753355.0,1753551.0,1753778.0,1754038.0,1754251.0,1754461.0,1754623.0,1754776.0,1754945.0,1755108.0,1755262.0,1755413.0,1755565.0,1755730.0,1755871.0,1756032.0,1756191.0,1756327.0,1756497.0,1756663.0,1756777.0,1756915.0,1757057.0,1757205.0,1757381.0,1757556.0,1757792.0,1757987.0,1758178.0,1758339.0,1758509.0,1758689.0,1758839.0,1758960.0,1759073.0,1759255.0,1759397.0,1759580.0,1759760.0,1759934.0,1760064.0,1760208.0,1760400.0,1760533.0,1760666.0,1760791.0,1760931.0,1761082.0,1761201.0,1761350.0,1761498.0,1761645.0,1761785.0,1761941.0,1762056.0,1762193.0,1762383.0,1762551.0,1762683.0,1762784.0,1762921.0,1763082.0,1763253.0,1763373.0,1763503.0,1763664.0,1763803.0,1763957.0,1764071.0,1764200.0,1764336.0,1764475.0,1764588.0,1764726.0,1764865.0,1764986.0,1765115.0,1765274.0,1765415.0,1765552.0,1765680.0,1765812.0,1765952.0,1766083.0,1766203.0,1766326.0,1766408.0,1766537.0,1766621.0,1766730.0,1766851.0,1766943.0,1767035.0,1767168.0,1767271.0,1767397.0,1767484.0,1767595.0,1767694.0,1767793.0,1767913.0,1767989.0,1768081.0,1768217.0,1768330.0,1768433.0,1768519.0,1768606.0,1768680.0,1768797.0,1768899.0,,1769121.0,1769231.0,1769344.0,1769446.0,1769566.0,1769666.0,1769770.0,1769879.0,1770013.0,1770123.0,1770218.0,1770344.0,1770458.0,1770536.0,1770661.0,1770761.0,1770846.0,1770947.0,1771063.0,1771150.0,1771229.0,1771315.0,1771410.0,1771495.0,1771595.0,1771710.0,1771849.0,1771948.0,1772060.0,1772151.0,1772282.0,1772380.0,1772505.0,1772626.0,1772765.0,1772887.0,1773019.0,1773136.0,1773256.0,1773358.0,1773479.0,1773774.0,1774202.0,1774465.0,1774665.0,1774857.0,1775036.0,1775203.0,1775350.0,1775486.0,1775597.0,1775729.0,1775842.0,1775958.0,1776106.0,1776218.0,1776338.0,1776455.0,1776572.0,1776694.0,1776810.0,1776934.0,1777041.0,1777153.0,1777283.0,1777392.0,1777505.0,1777647.0,1777790.0,1777900.0,1778021.0,1778126.0,1778239.0,1778328.0,1778463.0,1778591.0,1778695.0,1778810.0,1778972.0,1779077.0,1779221.0,1779350.0,1779487.0,1779607.0,1779705.0,1779795.0,1779894.0,1780012.0,1780117.0,1780225.0,1780352.0,1780447.0,1780536.0,1780637.0,1780763.0,1780886.0,1780982.0,1781069.0,1781172.0,1781289.0,1781412.0,1781525.0,1781652.0,1781771.0,1781867.0,1781978.0,1782066.0,1782182.0,1782309.0,1782404.0,1782520.0,1782618.0,1782702.0,1782775
ZCT1bAcdRrQ,17772402.0,17773750.0,17775279.0,17776550.0,17777718.0,17779018.0,17780123.0,17781245.0,17782365.0,17783490.0,17784466.0,17785469.0,17786428.0,17787430.0,17788427.0,17789273.0,17790206.0,17791020.0,17791784.0,17792627.0,17793376.0,17794293.0,17795258.0,17796025.0,17796717.0,17797487.0,17798330.0,17799164.0,17800033.0,17800882.0,17801697.0,17802382.0,17803193.0,17803954.0,17804843.0,17805562.0,17806369.0,17807137.0,17807893.0,17808592.0,17809377.0,17810172.0,17811013.0,17812513.0,17814288.0,17815480.0,17816492.0,17817511.0,17818463.0,17819338.0,17820157.0,17820996.0,17821746.0,17822380.0,17823131.0,17823904.0,17824626.0,17825341.0,17826086.0,17826808.0,17827630.0,17828439.0,17829238.0,17829976.0,17830729.0,17831416.0,17832053.0,17832755.0,17833426.0,17834181.0,17834929.0,17835610.0,17836245.0,17836816.0,17837460.0,17838120.0,17838824.0,17839507.0,17840140.0,17840858.0,17841558.0,17842185.0,17842813.0,17843565.0,17844221.0,17844908.0,17845565.0,17846207.0,17846793.0,17847462.0,17848148.0,17848849.0,17849433.0,17850026.0,17850629.0,17851188.0,17851740.0,17852341.0,17852863.0,17853498.0,17854488.0,17855443.0,17856148.0,17856847.0,17857447.0,17858139.0,17858833.0,17859526.0,17860216.0,17860906.0,17861639.0,17862364.0,17863063.0,17863805.0,17864453.0,17865079.0,17865686.0,17866375.0,17867108.0,17867758.0,17868615.0,17869491.0,17870248.0,17871007.0,17871782.0,17872591.0,17873425.0,17874237.0,17874971.0,17875728.0,17876348.0,17877087.0,17877764.0,17878401.0,,,,,,,,,17883801.0,17884435.0,17885112.0,17885715.0,17886360.0,17886934.0,17887485.0,17888023.0,17888558.0,17889120.0,17889725.0,17890368.0,17891089.0,17891631.0,17892221.0,17892720.0,17893284.0,17893905.0,17894518.0,17895081.0,17895605.0,17896090.0,17896537.0,17896992.0,17897518.0,17897999.0,17898480.0,17898982.0,17899445.0,17899858.0,17900420.0,17900964.0,17901527.0,17901993.0,17902452.0,17903005.0,17903444.0,17903937.0,17904414.0,17904963.0,17905463.0,17906010.0,17906575.0,17907082.0,17907557.0,17908018.0,17908535.0,17909209.0,17909961.0,17910632.0,17911255.0,17911723.0,17912274.0,17912973.0,17913599.0,17914348.0,17914920.0,17915408.0,17915998.0,17916650.0,17917257.0,17917821.0,17918359.0,17918860.0,17919329.0,17919835.0,17920369.0,17920931.0,17921437.0,17921906.0,17922465.0,17923005.0,17923563.0,17924061.0,17924613.0,17925244.0,17925791.0,17926426.0,17926975.0,17927499.0,17928002.0,17928581.0,17929147.0,17929714.0,17930208.0,17930779.0,17931254.0,17931776.0,17932367.0,17932953.0,17933547.0,17934094.0,17934656.0,17935179.0,17935750.0,17936392.0,17937015.0,17937574.0,17938151.0,17938636.0,17939164.0,17939733.0,17940312.0,17940871.0,17941371.0,17941845.0,17942263.0,17942749.0,17943232.0,17943669.0,17944178.0,17944627.0,17945107.0,17945596.0,17946051.0,17946481.0,17946965.0,17947379.0,17947837.0,17948370.0,17948928.0,,17950192.0,17950842.0,17951578.0,17952255.0,17952896.0,17953550.0,17954121.0,17954749.0,17955373.0,17955990.0,17956559.0,17957221.0,17957809.0,17958333.0,17958902.0,17959513.0,17960154.0,17960680.0,17961299.0,17961851.0,17962342.0,17962890.0,17963453.0,17963989.0,17964455.0,17964947.0,17965434.0,17965968.0,17966510.0,17967071.0,17967692.0,17968248.0,17968907.0,17969471.0,17969998.0,17970654.0,17971363.0,17972025.0,17972723.0,17973321.0,17973857.0,17974428.0,17975165.0,17975784.0,17976492.0,17977081.0,17977710.0,17978395.0,17979003.0,17979670.0,17980391.0,17981013.0,17981664.0,17982368.0,17982964.0,17983694.0,17984472.0,17985288.0,17986075.0,17986838.0,17987606.0,17988275.0,17988979.0,17989664.0,17990486.0,17991171.0,17991879.0,17992493.0,17993005.0,17993644.0,17994245.0,17994844.0,17995382.0,17995957.0,17996473.0,17997062.0,17997589.0,17998153.0,17998769.0,17999385.0,17999989.0,18000538.0,18000981.0,18001510.0,18002115.0,18002696.0,18003277.0,18004020.0,18004545.0,18005095.0,18005750.0,18006285.0,18006899.0,18007460.0,18008087.0,18008640.0,18009148.0,18009735.0,18010356.0,18010988.0,18011577.0,18012197.0,18012762.0,18013297.0,18013818.0,18014381.0,18014927.0,18015434.0,18015966.0,18016510.0,18016980.0,18017473.0,18017934.0,18018458
yWL9dLK2meM,19591591.0,19598141.0,19605375.0,19611821.0,19618363.0,19625057.0,19631986.0,19638696.0,19645967.0,19653246.0,19660173.0,19666740.0,19673228.0,19680167.0,19687166.0,19694343.0,19701495.0,19708050.0,19714774.0,19721958.0,19729252.0,19737051.0,19745810.0,19753804.0,19761126.0,19768619.0,19776546.0,19784544.0,19792328.0,19799995.0,19807100.0,19813262.0,19819309.0,19825698.0,19832330.0,19838750.0,19845638.0,19851392.0,19856983.0,19863230.0,19869912.0,19876119.0,19882630.0,19890715.0,19899592.0,19906658.0,19913217.0,19920013.0,19926592.0,19932842.0,19939049.0,19945029.0,19950350.0,19955741.0,19961736.0,19967697.0,19973810.0,19979818.0,19986426.0,19992245.0,19998404.0,20004899.0,20011064.0,20017541.0,20023757.0,20029427.0,20034963.0,20039956.0,20044543.0,20049919.0,20055356.0,20060816.0,20065904.0,20070773.0,20076044.0,20081472.0,20086694.0,20091773.0,20097044.0,20102190.0,20107129.0,20112482.0,20117665.0,20122870.0,20128136.0,20133240.0,20138429.0,20142965.0,20147613.0,20152494.0,20157471.0,20162437.0,20167376.0,20172735.0,20177632.0,20182960.0,20188302.0,20193487.0,20199133.0,20204888.0,20212862.0,20222405.0,20231181.0,20239543.0,20247393.0,20255229.0,20262405.0,20269461.0,20275854.0,20282569.0,20288947.0,20295751.0,20302572.0,20309185.0,20315748.0,20321663.0,20327838.0,20334506.0,20340917.0,20346986.0,20353364.0,20359167.0,20364622.0,20370202.0,20376254.0,20382104.0,20387998.0,20394001.0,20401349.0,20407118.0,20412919.0,20419808.0,20426481.0,20432896.0,,,,,,,,,20484340.0,20489444.0,20494964.0,20500378.0,20505546.0,20510717.0,20515312.0,20519716.0,20524131.0,20528751.0,20533549.0,20538331.0,20543436.0,20548680.0,20553482.0,20557804.0,20562165.0,20566970.0,20571597.0,20576695.0,20582016.0,20587136.0,20591772.0,20596822.0,20601828.0,20606923.0,20612186.0,20617617.0,20622702.0,20627472.0,20632682.0,20638413.0,20643957.0,20649786.0,20655396.0,20660621.0,20665441.0,20670762.0,20676777.0,20682706.0,20688450.0,20694080.0,20699780.0,20705056.0,20710582.0,20716416.0,20721798.0,20728072.0,20734161.0,20739866.0,20744839.0,20750149.0,20755474.0,20761190.0,20767092.0,20772812.0,20778082.0,20782976.0,20788406.0,20794201.0,20800229.0,20805672.0,20810472.0,20815568.0,20820417.0,20825369.0,20830678.0,20835737.0,20840854.0,20845279.0,20850391.0,20855314.0,20860559.0,20866204.0,20871929.0,20877618.0,20883893.0,20890145.0,20895435.0,20900769.0,20906300.0,20911496.0,20917111.0,20923284.0,20928705.0,20933651.0,20938739.0,20944413.0,20950012.0,20955545.0,20960958.0,20966169.0,20970989.0,20975973.0,20981265.0,20986681.0,20992120.0,20997643.0,21003142.0,21008222.0,21013576.0,21018895.0,21024282.0,21029806.0,21035099.0,21039879.0,21044363.0,21049150.0,21054151.0,21059356.0,21064384.0,21069682.0,21074880.0,21079683.0,21084488.0,21089347.0,21094195.0,21099237.0,21104204.0,21109078.0,21113651.0,,21123509.0,21128768.0,21134227.0,21139656.0,21144788.0,21149296.0,21153957.0,21158820.0,21163817.0,21169093.0,21174106.0,21178910.0,21183524.0,21188175.0,21192933.0,21197980.0,21203258.0,21208312.0,21213254.0,21217812.0,21222496.0,21227293.0,21232319.0,21237238.0,21242444.0,21246916.0,21250936.0,21255371.0,21260221.0,21265118.0,21269938.0,21275105.0,21280056.0,21284468.0,21289030.0,21293933.0,21298946.0,21304263.0,21309096.0,21313789.0,21318120.0,21322464.0,21327353.0,21332348.0,21337067.0,21341872.0,21346543.0,21350611.0,21354435.0,21358445.0,21362523.0,21366947.0,21371491.0,21375698.0,21379833.0,21384148.0,21388777.0,21393183.0,21397516.0,21401692.0,21405881.0,21409877.0,21413751.0,21418073.0,21422594.0,21427097.0,21431290.0,21435143.0,21439176.0,21443172.0,21447500.0,21451870.0,21456393.0,21460748.0,21465430.0,21469865.0,21474465.0,21479203.0,21483783.0,21488495.0,21493287.0,21497933.0,21502214.0,21506520.0,21511253.0,21515829.0,21520601.0,21525514.0,21530102.0,21534113.0,21538406.0,21542940.0,21547474.0,21552040.0,21556574.0,21561190.0,21565037.0,21569343.0,21573823.0,21578334.0,21582972.0,21587672.0,21592135.0,21596150.0,21600389.0,21604793.0,21609200.0,21614064.0,21618526.0,21622881.0,21626604.0,21630585.0,21634910.0,21639260
64ar2SbQ8Ho,196339.0,196379.0,196413.0,196450.0,196487.0,196531.0,196571.0,196627.0,196659.0,196700.0,196734.0,196775.0,196816.0,196841.0,196880.0,196900.0,196932.0,196951.0,196981.0,197005.0,197026.0,197056.0,197083.0,197097.0,197112.0,197136.0,197174.0,197195.0,197229.0,197255.0,197275.0,197302.0,197328.0,197355.0,197385.0,197429.0,197460.0,197498.0,197533.0,197586.0,197638.0,197686.0,197714.0,197754.0,197769.0,197797.0,197825.0,197865.0,197927.0,197983.0,198026.0,198068.0,198103.0,198140.0,198175.0,198208.0,198240.0,198259.0,198289.0,198310.0,198332.0,198356.0,198382.0,198410.0,198441.0,198457.0,198480.0,198501.0,198526.0,198564.0,198581.0,198603.0,198626.0,198651.0,198674.0,198687.0,198706.0,198724.0,198759.0,198785.0,198805.0,198824.0,198837.0,198858.0,198885.0,198900.0,198924.0,198935.0,198952.0,198972.0,198980.0,198993.0,199014.0,199035.0,199049.0,199068.0,199082.0,199104.0,199127.0,199150.0,199183.0,199208.0,199238.0,199281.0,199319.0,199350.0,199374.0,199399.0,199414.0,199433.0,199454.0,199482.0,199508.0,199518.0,199531.0,199555.0,199577.0,199597.0,199615.0,199644.0,199669.0,199683.0,199710.0,199730.0,199752.0,199774.0,199801.0,199813.0,199829.0,199846.0,199856.0,199870.0,199890.0,199903.0,,,,,,,,,200095.0,200115.0,200135.0,200163.0,200185.0,200206.0,200257.0,200300.0,200330.0,200357.0,200379.0,200408.0,200432.0,200455.0,200473.0,200489.0,200504.0,200521.0,200535.0,200554.0,200568.0,200589.0,200606.0,200618.0,200638.0,200660.0,200676.0,200694.0,200708.0,200718.0,200731.0,200747.0,200757.0,200771.0,200789.0,200792.0,200814.0,200826.0,200843.0,200854.0,200881.0,200899.0,200914.0,200934.0,200951.0,200964.0,200977.0,200995.0,201007.0,201022.0,201034.0,201049.0,201060.0,201073.0,201088.0,201108.0,201130.0,201152.0,201169.0,201195.0,201227.0,201245.0,201261.0,201283.0,201305.0,201324.0,201336.0,201357.0,201372.0,201389.0,201402.0,201413.0,201430.0,201438.0,201454.0,201468.0,201488.0,201503.0,201515.0,201532.0,201550.0,201563.0,201574.0,201589.0,201597.0,201609.0,201629.0,201659.0,201673.0,201687.0,201702.0,201715.0,201721.0,201736.0,201759.0,201781.0,201804.0,201824.0,201840.0,201851.0,201867.0,201880.0,201895.0,201912.0,201924.0,201942.0,201960.0,201990.0,202005.0,202018.0,202026.0,202046.0,202068.0,202084.0,202100.0,202118.0,202125.0,202141.0,202157.0,202168.0,202178.0,,202223.0,202233.0,202245.0,202269.0,202284.0,202302.0,202321.0,202338.0,202351.0,202378.0,202403.0,202421.0,202431.0,202449.0,202463.0,202472.0,202483.0,202496.0,202511.0,202519.0,202533.0,202548.0,202561.0,202585.0,202605.0,202623.0,202634.0,202647.0,202659.0,202670.0,202689.0,202699.0,202711.0,202723.0,202741.0,202755.0,202768.0,202776.0,202787.0,202797.0,202810.0,202825.0,202842.0,202870.0,202887.0,202911.0,202928.0,202946.0,202957.0,202971.0,202999.0,203015.0,203038.0,203051.0,203059.0,203074.0,203089.0,203105.0,203126.0,203146.0,203162.0,203176.0,203192.0,203216.0,203247.0,203270.0,203290.0,203309.0,203329.0,203347.0,203360.0,203377.0,203398.0,203415.0,203442.0,203465.0,203490.0,203523.0,203543.0,203568.0,203592.0,203607.0,203628.0,203655.0,203671.0,203690.0,203716.0,203731.0,203744.0,203775.0,203825.0,203844.0,203865.0,203895.0,203925.0,203956.0,203992.0,204012.0,204038.0,204063.0,204080.0,204101.0,204120.0,204145.0,204185.0,204229.0,204266.0,204305.0,204341.0,204392.0,204421.0,204480.0,204528.0,204569
1Bepl2FnFJI,11008087.0,11008125.0,11008175.0,11008209.0,11008234.0,11008283.0,11008325.0,11008362.0,11008390.0,11008413.0,11008435.0,11008489.0,11008535.0,11008576.0,11008620.0,11008668.0,11008721.0,11008772.0,11008823.0,11008877.0,11008912.0,11008953.0,11008977.0,11009014.0,11009044.0,11009077.0,11009119.0,11009166.0,11009204.0,11009248.0,11009282.0,11009315.0,11009350.0,11009393.0,11009438.0,11009482.0,11009533.0,11009575.0,11009609.0,11009650.0,11009697.0,11009739.0,11009784.0,11009838.0,11009861.0,11009898.0,11009931.0,11009966.0,11010010.0,11010059.0,11010101.0,11010143.0,11010165.0,11010195.0,11010227.0,11010250.0,11010286.0,11010319.0,11010345.0,11010372.0,11010398.0,11010426.0,11010470.0,11010503.0,11010536.0,11010552.0,11010595.0,11010630.0,11010670.0,11010730.0,11010761.0,11010795.0,11010825.0,11010866.0,11010896.0,11010931.0,11010962.0,11010994.0,11011041.0,11011079.0,11011115.0,11011167.0,11011208.0,11011247.0,11011287.0,11011317.0,11011342.0,11011373.0,11011401.0,11011427.0,11011443.0,11011465.0,11011485.0,11011517.0,11011543.0,11011561.0,11011578.0,11011598.0,11011617.0,11011633.0,11011662.0,11011690.0,11011711.0,11011735.0,11011763.0,11011790.0,11011807.0,11011839.0,11011852.0,11011877.0,11011897.0,11011929.0,11011954.0,11011978.0,11011999.0,11012025.0,11012056.0,11012070.0,11012104.0,11012124.0,11012140.0,11012165.0,11012181.0,11012205.0,11012226.0,11012242.0,11012269.0,11012289.0,11012314.0,11012333.0,11012350.0,11012370.0,11012386.0,11012404.0,,,,,,,,,11012584.0,11012604.0,11012620.0,11012647.0,11012673.0,11012685.0,11012733.0,11012803.0,11012858.0,11012905.0,11012953.0,11012983.0,11013004.0,11013045.0,11013081.0,11013101.0,11013129.0,11013154.0,11013176.0,11013215.0,11013238.0,11013271.0,11013304.0,11013327.0,11013355.0,11013378.0,11013415.0,11013430.0,11013448.0,11013464.0,11013501.0,11013527.0,11013563.0,11013593.0,11013616.0,11013627.0,11013662.0,11013690.0,11013740.0,11013775.0,11013807.0,11013836.0,11013850.0,11013881.0,11013910.0,11013935.0,11013962.0,11013986.0,11014003.0,11014025.0,11014047.0,11014078.0,11014103.0,11014129.0,11014156.0,11014187.0,11014212.0,11014234.0,11014259.0,11014288.0,11014327.0,11014346.0,11014369.0,11014403.0,11014429.0,11014454.0,11014473.0,11014498.0,11014513.0,11014531.0,11014563.0,11014583.0,11014602.0,11014627.0,11014663.0,11014688.0,11014710.0,11014727.0,11014746.0,11014773.0,11014797.0,11014817.0,11014844.0,11014865.0,11014893.0,11014923.0,11014952.0,11014987.0,11015008.0,11015032.0,11015061.0,11015078.0,11015093.0,11015116.0,11015146.0,11015170.0,11015191.0,11015213.0,11015237.0,11015258.0,11015287.0,11015313.0,11015341.0,11015363.0,11015382.0,11015396.0,11015413.0,11015450.0,11015470.0,11015490.0,11015500.0,11015526.0,11015543.0,11015566.0,11015581.0,11015595.0,11015618.0,11015632.0,11015652.0,11015670.0,11015694.0,,11015737.0,11015757.0,11015782.0,11015807.0,11015815.0,11015842.0,11015862.0,11015883.0,11015893.0,11015913.0,11015946.0,11015971.0,11015990.0,11016024.0,11016056.0,11016094.0,11016120.0,11016145.0,11016175.0,11016204.0,11016223.0,11016249.0,11016277.0,11016300.0,11016327.0,11016340.0,11016365.0,11016389.0,11016415.0,11016439.0,11016474.0,11016508.0,11016526.0,11016556.0,11016585.0,11016614.0,11016641.0,11016668.0,11016694.0,11016717.0,11016750.0,11016782.0,11016803.0,11016828.0,11016855.0,11016877.0,11016903.0,11016925.0,11016947.0,11016965.0,11017005.0,11017038.0,11017070.0,11017094.0,11017121.0,11017155.0,11017178.0,11017203.0,11017234.0,11017251.0,11017268.0,11017286.0,11017303.0,11017330.0,11017362.0,11017388.0,11017417.0,11017447.0,11017488.0,11017526.0,11017558.0,11017591.0,11017624.0,11017655.0,11017684.0,11017699.0,11017732.0,11017753.0,11017776.0,11017798.0,11017831.0,11017856.0,11017883.0,11017906.0,11017927.0,11017945.0,11017965.0,11017987.0,11018006.0,11018022.0,11018047.0,11018064.0,11018096.0,11018123.0,11018154.0,11018187.0,11018220.0,11018238.0,11018261.0,11018282.0,11018308.0,11018328.0,11018352.0,11018380.0,11018390.0,11018426.0,11018461.0,11018491.0,11018532.0,11018569.0,11018601.0,11018647.0,11018693.0,11018728
Y6_vy82Vo70,5084283.0,5085864.0,5087532.0,5089207.0,5091186.0,5093257.0,5095177.0,5097229.0,5099267.0,5101273.0,5103252.0,5105160.0,5106832.0,5108587.0,5110232.0,5111808.0,5113191.0,5114542.0,5116045.0,5117434.0,5119101.0,5120710.0,5122371.0,5123835.0,5125243.0,5126764.0,5128342.0,5129858.0,5131338.0,5132794.0,5134200.0,5135623.0,5137110.0,5138574.0,5140083.0,5141335.0,5142638.0,5144065.0,5145422.0,5146863.0,5148357.0,5149673.0,5151005.0,5152419.0,5153790.0,5155287.0,5156974.0,5158502.0,5159887.0,5161256.0,5162648.0,5164055.0,5165369.0,5166861.0,5168546.0,5170114.0,5171527.0,5172923.0,5174291.0,5175724.0,5177265.0,5178956.0,5180574.0,5182082.0,5183803.0,5185212.0,5186368.0,5187658.0,5188875.0,5190724.0,5192416.0,5193972.0,5195328.0,5196606.0,5198038.0,5199369.0,5200749.0,5202374.0,5203952.0,5205412.0,5206703.0,5208172.0,5209604.0,5212202.0,5214344.0,5216495.0,5218330.0,5220064.0,5221902.0,5223732.0,5225559.0,5227384.0,5229076.0,5230730.0,5232379.0,5234065.0,5235724.0,5237257.0,5238668.0,5240018.0,5241416.0,5242812.0,5244359.0,5245675.0,5247245.0,5248637.0,5250022.0,5251355.0,5252682.0,5254334.0,5256103.0,5257985.0,5259629.0,5261206.0,5262473.0,5263683.0,5264946.0,5266133.0,5267445.0,5268578.0,5269768.0,5270798.0,5271959.0,5273212.0,5274439.0,5275776.0,5277082.0,5278407.0,5279550.0,5280629.0,5281666.0,5282996.0,5284411.0,5285689.0,,,,,,,,,5296439.0,5297595.0,5298789.0,5299785.0,5301012.0,5302159.0,5303212.0,5304264.0,5305362.0,5306683.0,5307822.0,5309076.0,5310231.0,5311434.0,5312539.0,5313678.0,5314924.0,5316319.0,5317689.0,5319027.0,5320195.0,5321212.0,5322398.0,5323696.0,5325137.0,5326325.0,5327487.0,5328641.0,5329639.0,5330770.0,5332006.0,5333284.0,5334533.0,5335674.0,5336874.0,5337948.0,5338977.0,5340138.0,5341388.0,5342657.0,5343779.0,5344883.0,5345810.0,5346770.0,5347879.0,5349065.0,5350355.0,5351595.0,5352759.0,5353834.0,5354934.0,5356195.0,5357470.0,5358754.0,5359874.0,5361058.0,5362037.0,5363055.0,5364191.0,5365276.0,5366398.0,5367489.0,5368460.0,5369349.0,5370284.0,5371347.0,5372415.0,5373375.0,5374202.0,5375040.0,5375956.0,5377000.0,5378130.0,5379373.0,5380519.0,5381607.0,5382768.0,5383715.0,5384636.0,5385643.0,5386729.0,5387741.0,5388896.0,5390093.0,5391114.0,5392112.0,5393161.0,5394258.0,5395299.0,5396412.0,5397458.0,5398398.0,5399477.0,5400566.0,5401550.0,5402703.0,5403971.0,5405147.0,5406179.0,5407274.0,5408429.0,5409710.0,5410874.0,5412075.0,5413351.0,5414423.0,5415471.0,5416642.0,5417812.0,5418937.0,5420100.0,5421344.0,5422904.0,5424103.0,5425286.0,5426545.0,5427764.0,5429030.0,5430297.0,5431393.0,5432506.0,,5435300.0,5436556.0,5437710.0,5438805.0,5439896.0,5440912.0,5441968.0,5443025.0,5444183.0,5445262.0,5446376.0,5447493.0,5448534.0,5449682.0,5450764.0,5451829.0,5453030.0,5454197.0,5455312.0,5456398.0,5457499.0,5458593.0,5459714.0,5460583.0,5461758.0,5462684.0,5463608.0,5464642.0,5465805.0,5466931.0,5468039.0,5469070.0,5470100.0,5471039.0,5472176.0,5473378.0,5474522.0,5475518.0,5476589.0,5477726.0,5478674.0,5479813.0,5481040.0,5482233.0,5483310.0,5484386.0,5485403.0,5486460.0,5487475.0,5488422.0,5489472.0,5490639.0,5491726.0,5492730.0,5493724.0,5494889.0,5495979.0,5497120.0,5498284.0,5499426.0,5500479.0,5501619.0,5502831.0,5504109.0,5505425.0,5506668.0,5507833.0,5509110.0,5510696.0,5512590.0,5514702.0,5516702.0,5518652.0,5520367.0,5522164.0,5523721.0,5525634.0,5527374.0,5529055.0,5530745.0,5532926.0,5534821.0,5536271.0,5537971.0,5539595.0,5541246.0,5542907.0,5544484.0,5545868.0,5547128.0,5548483.0,5549754.0,5551006.0,5552261.0,5553452.0,5554596.0,5555759.0,5557047.0,5558328.0,5559536.0,5560902.0,5562385.0,5563917.0,5565843.0,5567958.0,5570015.0,5572075.0,5574093.0,5576014.0,5577646.0,5579155.0,5580986.0,5582777.0,5584566
ILX2uw08jv0,31752.0,31780.0,31814.0,31840.0,31866.0,31893.0,31919.0,31948.0,31967.0,31988.0,32009.0,32039.0,32060.0,32099.0,32140.0,32168.0,32184.0,32200.0,32212.0,32241.0,32278.0,32304.0,32333.0,32360.0,32382.0,32418.0,32455.0,32479.0,32507.0,32547.0,32585.0,32615.0,32648.0,32671.0,32699.0,32725.0,32752.0,32775.0,32803.0,32828.0,32851.0,32891.0,32932.0,32963.0,32994.0,33018.0,33047.0,33070.0,33103.0,33138.0,33166.0,33207.0,33230.0,33251.0,33276.0,33300.0,33318.0,33335.0,33349.0,33360.0,33376.0,33403.0,33427.0,33448.0,33470.0,33495.0,33519.0,33531.0,33555.0,33581.0,33606.0,33615.0,33632.0,33658.0,33674.0,33703.0,33735.0,33757.0,33778.0,33804.0,33816.0,33835.0,33860.0,33887.0,33909.0,33934.0,33956.0,33973.0,33999.0,34017.0,34048.0,34066.0,34097.0,34112.0,34138.0,34154.0,34170.0,34190.0,34214.0,34229.0,34249.0,34274.0,34294.0,34328.0,34355.0,34388.0,34417.0,34438.0,34474.0,34502.0,34522.0,34549.0,34568.0,34581.0,34592.0,34610.0,34626.0,34662.0,34690.0,34710.0,34729.0,34754.0,34774.0,34796.0,34823.0,34837.0,34901.0,34923.0,34953.0,34972.0,34989.0,35003.0,35031.0,35048.0,,,,,,,,,35333.0,35357.0,35372.0,35414.0,35459.0,35516.0,35571.0,35618.0,35645.0,35700.0,35744.0,35803.0,35853.0,35893.0,35952.0,35986.0,36040.0,36096.0,36148.0,36196.0,36238.0,36262.0,36289.0,36319.0,36342.0,36375.0,36401.0,36432.0,36461.0,36481.0,36524.0,36555.0,36585.0,36620.0,36648.0,36676.0,36698.0,36737.0,36770.0,36788.0,36832.0,36859.0,36878.0,36893.0,36976.0,37012.0,37063.0,37090.0,37107.0,37125.0,37145.0,37174.0,37200.0,37240.0,37275.0,37295.0,37331.0,37345.0,37367.0,37402.0,37429.0,37448.0,37468.0,37494.0,37519.0,37543.0,37572.0,37598.0,37617.0,37635.0,37650.0,37679.0,37700.0,37732.0,37784.0,37818.0,37860.0,37880.0,37907.0,37948.0,37991.0,38018.0,38052.0,38088.0,38117.0,38141.0,38170.0,38216.0,38250.0,38297.0,38339.0,38384.0,38409.0,38449.0,38491.0,38524.0,38557.0,38590.0,38618.0,38646.0,38669.0,38713.0,38791.0,38830.0,38865.0,38901.0,38923.0,38960.0,38997.0,39029.0,39046.0,39086.0,39117.0,39136.0,39160.0,39178.0,39210.0,39241.0,39276.0,39304.0,39316.0,,39369.0,39399.0,39429.0,39464.0,39492.0,39522.0,39556.0,39578.0,39629.0,39676.0,39716.0,39750.0,39791.0,39832.0,39863.0,39896.0,39929.0,39962.0,39997.0,40036.0,40071.0,40115.0,40151.0,40179.0,40210.0,40226.0,40247.0,40271.0,40317.0,40341.0,40387.0,40422.0,40454.0,40477.0,40502.0,40526.0,40560.0,40582.0,40603.0,40625.0,40640.0,40684.0,40736.0,40767.0,40792.0,40831.0,40865.0,40914.0,40965.0,41036.0,41086.0,41121.0,41187.0,41242.0,41276.0,41339.0,41388.0,41438.0,41485.0,41534.0,41564.0,41584.0,41617.0,41665.0,41703.0,41748.0,41826.0,41910.0,41977.0,42039.0,42090.0,42168.0,42249.0,42317.0,42380.0,42435.0,42503.0,42556.0,42634.0,42701.0,42759.0,42799.0,42826.0,42873.0,42903.0,42935.0,42982.0,43031.0,43067.0,43095.0,43128.0,43161.0,43192.0,43227.0,43272.0,43299.0,43322.0,43343.0,43369.0,43384.0,43408.0,43441.0,43462.0,43501.0,43541.0,43574.0,43618.0,43650.0,43696.0,43728.0,43763.0,43800.0,43830.0,43882
xcfaXmBHzFw,25572.0,25578.0,25590.0,25601.0,25605.0,25610.0,25620.0,25625.0,25634.0,25642.0,25655.0,25659.0,25673.0,25685.0,25690.0,25697.0,25702.0,25710.0,25716.0,25727.0,25733.0,25742.0,25756.0,25766.0,25774.0,25788.0,25794.0,25804.0,25811.0,25817.0,25828.0,25839.0,25854.0,25860.0,25872.0,25879.0,25889.0,25897.0,25908.0,25918.0,25927.0,25938.0,25950.0,25956.0,25972.0,25980.0,25993.0,26011.0,26024.0,26030.0,26035.0,26041.0,26049.0,26056.0,26065.0,26070.0,26080.0,26089.0,26097.0,26116.0,26129.0,26148.0,26165.0,26174.0,26184.0,26192.0,26201.0,26211.0,26224.0,26228.0,26233.0,26239.0,26248.0,26252.0,26258.0,26264.0,26270.0,26274.0,26279.0,26281.0,26282.0,26285.0,26289.0,26300.0,26303.0,26314.0,26322.0,26332.0,26342.0,26349.0,26355.0,26362.0,26369.0,26376.0,26388.0,26400.0,26410.0,26416.0,26426.0,26436.0,26457.0,26463.0,26470.0,26475.0,26480.0,26489.0,26498.0,26513.0,26518.0,26527.0,26540.0,26548.0,26557.0,26568.0,26578.0,26592.0,26608.0,26620.0,26632.0,26639.0,26647.0,26655.0,26662.0,26666.0,26675.0,26679.0,26691.0,26706.0,26717.0,26733.0,26753.0,26766.0,26778.0,26795.0,,,,,,,,,26898.0,26908.0,26924.0,26937.0,26943.0,26957.0,26980.0,27003.0,27021.0,27046.0,27058.0,27075.0,27089.0,27100.0,27120.0,27132.0,27140.0,27156.0,27171.0,27185.0,27194.0,27208.0,27214.0,27221.0,27225.0,27231.0,27239.0,27245.0,27253.0,27269.0,27277.0,27288.0,27295.0,27310.0,27318.0,27322.0,27332.0,27335.0,27344.0,27352.0,27358.0,27365.0,27372.0,27377.0,27386.0,27393.0,27403.0,27409.0,27420.0,27427.0,27434.0,27442.0,27448.0,27457.0,27461.0,27469.0,27474.0,27486.0,27497.0,27505.0,27515.0,27524.0,27527.0,27538.0,27547.0,27555.0,27560.0,27573.0,27580.0,27583.0,27594.0,27597.0,27605.0,27613.0,27622.0,27629.0,27635.0,27643.0,27650.0,27654.0,27656.0,27668.0,27671.0,27675.0,27683.0,27685.0,27690.0,27697.0,27708.0,27718.0,27726.0,27736.0,27747.0,27755.0,27757.0,27776.0,27789.0,27801.0,27808.0,27814.0,27817.0,27824.0,27829.0,27842.0,27846.0,27853.0,27864.0,27870.0,27880.0,27890.0,27899.0,27907.0,27922.0,27928.0,27931.0,27946.0,27953.0,27967.0,27975.0,27994.0,28007.0,,28036.0,28054.0,28065.0,28082.0,28098.0,28115.0,28144.0,28158.0,28163.0,28170.0,28180.0,28184.0,28193.0,28201.0,28216.0,28230.0,28249.0,28262.0,28272.0,28276.0,28283.0,28292.0,28304.0,28311.0,28323.0,28328.0,28335.0,28338.0,28344.0,28355.0,28356.0,28364.0,28378.0,28385.0,28392.0,28399.0,28404.0,28417.0,28430.0,28432.0,28434.0,28437.0,28446.0,28461.0,28468.0,28474.0,28481.0,28488.0,28494.0,28505.0,28513.0,28520.0,28530.0,28546.0,28558.0,28569.0,28588.0,28596.0,28603.0,28617.0,28627.0,28638.0,28646.0,28658.0,28666.0,28672.0,28689.0,28714.0,28731.0,28739.0,28748.0,28754.0,28762.0,28771.0,28791.0,28803.0,28810.0,28825.0,28834.0,28841.0,28851.0,28864.0,28873.0,28877.0,28887.0,28899.0,28908.0,28919.0,28929.0,28944.0,28956.0,28967.0,28984.0,28996.0,29005.0,29010.0,29019.0,29031.0,29041.0,29051.0,29061.0,29070.0,29085.0,29100.0,29117.0,29129.0,29137.0,29146.0,29163.0,29170.0,29178.0,29183.0,29190.0,29201
YVxeBaIC1mM,9573.0,9573.0,9575.0,9578.0,9578.0,9578.0,9579.0,9579.0,9582.0,9585.0,9586.0,9587.0,9588.0,9591.0,9590.0,9590.0,9593.0,9593.0,9596.0,9601.0,9605.0,9608.0,9614.0,9622.0,9623.0,9623.0,9627.0,9631.0,9632.0,9633.0,9637.0,9643.0,9649.0,9654.0,9662.0,9665.0,9672.0,9676.0,9677.0,9679.0,9686.0,9689.0,9690.0,9695.0,9698.0,9698.0,9698.0,9699.0,9703.0,9705.0,9705.0,9709.0,9709.0,9713.0,9715.0,9721.0,9726.0,9727.0,9728.0,9729.0,9730.0,9733.0,9735.0,9736.0,9736.0,9739.0,9739.0,9742.0,9743.0,9750.0,9754.0,9757.0,9760.0,9763.0,9766.0,9767.0,9767.0,9767.0,9770.0,9776.0,9778.0,9781.0,9782.0,9785.0,9786.0,9786.0,9789.0,9791.0,9792.0,9794.0,9797.0,9801.0,9801.0,9803.0,9804.0,9805.0,9806.0,9806.0,9811.0,9812.0,9815.0,9815.0,9815.0,9817.0,9818.0,9820.0,9821.0,9822.0,9823.0,9825.0,9831.0,9831.0,9832.0,9832.0,9832.0,9833.0,9835.0,9835.0,9835.0,9835.0,9835.0,9836.0,9838.0,9839.0,9842.0,9843.0,9845.0,9852.0,9853.0,9856.0,9860.0,9860.0,9862.0,9869.0,,,,,,,,,9878.0,9878.0,9879.0,9880.0,9885.0,9887.0,9889.0,9891.0,9893.0,9896.0,9896.0,9897.0,9898.0,9901.0,9907.0,9907.0,9908.0,9908.0,9908.0,9908.0,9908.0,9910.0,9911.0,9911.0,9911.0,9911.0,9912.0,9913.0,9914.0,9916.0,9916.0,9916.0,9916.0,9919.0,9921.0,9921.0,9921.0,9922.0,9923.0,9923.0,9928.0,9930.0,9931.0,9935.0,9938.0,9942.0,9943.0,9944.0,9950.0,9954.0,9957.0,9959.0,9960.0,9960.0,9961.0,9963.0,9966.0,9968.0,9969.0,9969.0,9970.0,9971.0,9972.0,9972.0,9974.0,9974.0,9975.0,9978.0,9978.0,9978.0,9978.0,9979.0,9981.0,9981.0,9981.0,9981.0,9983.0,9985.0,9987.0,9988.0,9988.0,9989.0,9990.0,9991.0,9993.0,9994.0,9994.0,9995.0,9996.0,10001.0,10003.0,10005.0,10006.0,10007.0,10008.0,10010.0,10014.0,10018.0,10020.0,10021.0,10023.0,10023.0,10025.0,10028.0,10030.0,10029.0,10030.0,10034.0,10036.0,10041.0,10047.0,10051.0,10056.0,10062.0,10068.0,10073.0,10079.0,10083.0,10091.0,10098.0,10104.0,,10114.0,10119.0,10123.0,10128.0,10195.0,10208.0,10220.0,10229.0,10233.0,10237.0,10245.0,10248.0,10248.0,10254.0,10256.0,10259.0,10261.0,10264.0,10267.0,10267.0,10281.0,10296.0,10318.0,10321.0,10324.0,10326.0,10327.0,10329.0,10333.0,10335.0,10340.0,10344.0,10349.0,10355.0,10358.0,10360.0,10363.0,10365.0,10373.0,10373.0,10376.0,10379.0,10383.0,10387.0,10388.0,10388.0,10390.0,10391.0,10395.0,10396.0,10396.0,10399.0,10401.0,10403.0,10408.0,10412.0,10412.0,10413.0,10414.0,10415.0,10419.0,10420.0,10425.0,10427.0,10428.0,10429.0,10433.0,10433.0,10435.0,10438.0,10438.0,10439.0,10441.0,10441.0,10443.0,10462.0,10476.0,10480.0,10483.0,10485.0,10493.0,10493.0,10494.0,10494.0,10497.0,10498.0,10501.0,10501.0,10506.0,10508.0,10510.0,10512.0,10515.0,10519.0,10519.0,10527.0,10531.0,10536.0,10537.0,10538.0,10540.0,10542.0,10545.0,10550.0,10553.0,10554.0,10554.0,10558.0,10560.0,10562.0,10567.0,10569.0,10571.0,10573
H2UeFvLwb8g,38201.0,38277.0,38346.0,38408.0,38516.0,38611.0,38676.0,38776.0,38874.0,38999.0,39117.0,39210.0,39302.0,39365.0,39448.0,39540.0,39594.0,39671.0,39749.0,39820.0,39927.0,40041.0,40149.0,40246.0,40319.0,40393.0,40469.0,40545.0,40645.0,40715.0,40774.0,40840.0,40910.0,40986.0,41045.0,41118.0,41215.0,41324.0,41400.0,41475.0,41563.0,41673.0,41775.0,41888.0,41959.0,42032.0,42103.0,42155.0,42230.0,42306.0,42364.0,42431.0,42511.0,42589.0,42655.0,42726.0,42801.0,42884.0,42997.0,43041.0,43091.0,43167.0,43226.0,43319.0,43462.0,43559.0,43679.0,43841.0,44020.0,44166.0,44314.0,44448.0,44543.0,44652.0,44758.0,44889.0,45069.0,45184.0,45326.0,45444.0,45526.0,45647.0,45826.0,45991.0,46225.0,46465.0,46718.0,46861.0,47100.0,47330.0,47633.0,47881.0,48089.0,48307.0,48454.0,48660.0,48873.0,49049.0,49243.0,49414.0,49599.0,49741.0,49878.0,50069.0,50235.0,50399.0,50562.0,50763.0,50898.0,51065.0,51265.0,51429.0,51524.0,51687.0,51831.0,51945.0,52058.0,52180.0,52313.0,52450.0,52555.0,52676.0,52798.0,52978.0,53109.0,53241.0,53383.0,53540.0,53706.0,53858.0,54034.0,54223.0,54439.0,54616.0,,,,,,,,,56079.0,56218.0,56353.0,56451.0,56637.0,56810.0,57021.0,57173.0,57353.0,57583.0,57828.0,58140.0,58411.0,58660.0,58892.0,59091.0,59306.0,59544.0,59743.0,59877.0,60034.0,60165.0,60310.0,60439.0,60581.0,60705.0,60852.0,60993.0,61125.0,61271.0,61387.0,61541.0,61677.0,61835.0,61991.0,62129.0,62277.0,62414.0,62576.0,62777.0,62972.0,63165.0,63352.0,63490.0,63654.0,63804.0,63934.0,64114.0,64263.0,64412.0,64526.0,64693.0,64899.0,65078.0,65284.0,65431.0,65555.0,65684.0,65816.0,65950.0,66073.0,66159.0,66273.0,66379.0,66461.0,66564.0,66677.0,66780.0,66849.0,66967.0,67050.0,67147.0,67277.0,67410.0,67525.0,67667.0,67791.0,67921.0,68011.0,68162.0,68319.0,68444.0,68592.0,68777.0,68933.0,69083.0,69278.0,69445.0,69629.0,69806.0,69957.0,70177.0,70294.0,70512.0,70735.0,70933.0,71087.0,71271.0,71446.0,71618.0,71789.0,71977.0,72142.0,72360.0,72554.0,72678.0,72768.0,72916.0,73065.0,73202.0,73335.0,73500.0,73650.0,73770.0,73891.0,74016.0,74153.0,74323.0,74537.0,74727.0,74934.0,,75478.0,75694.0,75968.0,76151.0,76348.0,76524.0,76686.0,76905.0,77075.0,77307.0,77573.0,77742.0,77983.0,78165.0,78414.0,78620.0,78848.0,79092.0,79265.0,79396.0,79615.0,79802.0,80035.0,80281.0,80471.0,80621.0,80755.0,80950.0,81119.0,81297.0,81463.0,81660.0,81793.0,81938.0,82098.0,82258.0,82428.0,82566.0,82760.0,82889.0,83045.0,83207.0,83348.0,83512.0,83649.0,83860.0,84126.0,84352.0,84672.0,84948.0,85228.0,85471.0,85728.0,85939.0,86078.0,86258.0,86432.0,86645.0,86861.0,87045.0,87207.0,87345.0,87530.0,87694.0,87933.0,88106.0,88302.0,88465.0,88647.0,88824.0,88979.0,89229.0,89427.0,89689.0,89891.0,90073.0,90291.0,90513.0,90763.0,90986.0,91218.0,91413.0,91578.0,91727.0,91893.0,92119.0,92322.0,92527.0,92677.0,92785.0,92886.0,93004.0,93147.0,93246.0,93397.0,93511.0,93648.0,93796.0,93913.0,94023.0,94132.0,94262.0,94368.0,94471.0,94566.0,94705.0,94851.0,94966.0,95080.0,95184.0,95268.0,95377.0,95482.0,95602
6AVS-g9ih1k,10057.0,10072.0,10091.0,10111.0,10120.0,10143.0,10166.0,10179.0,10206.0,10219.0,10237.0,10247.0,10258.0,10269.0,10274.0,10284.0,10295.0,10312.0,10322.0,10330.0,10348.0,10371.0,10406.0,10425.0,10441.0,10465.0,10495.0,10525.0,10541.0,10550.0,10564.0,10573.0,10596.0,10604.0,10612.0,10622.0,10651.0,10672.0,10693.0,10710.0,10731.0,10765.0,10792.0,10808.0,10821.0,10833.0,10854.0,10863.0,10876.0,10886.0,10901.0,10909.0,10917.0,10929.0,10939.0,10946.0,10954.0,10961.0,10970.0,10982.0,10990.0,10999.0,11012.0,11029.0,11042.0,11048.0,11063.0,11080.0,11086.0,11107.0,11116.0,11128.0,11136.0,11141.0,11144.0,11158.0,11175.0,11192.0,11205.0,11218.0,11230.0,11246.0,11259.0,11299.0,11333.0,11369.0,11386.0,11398.0,11417.0,11435.0,11447.0,11463.0,11477.0,11494.0,11505.0,11518.0,11525.0,11537.0,11549.0,11559.0,11564.0,11574.0,11586.0,11602.0,11617.0,11625.0,11653.0,11665.0,11670.0,11677.0,11684.0,11690.0,11700.0,11718.0,11730.0,11735.0,11743.0,11753.0,11767.0,11774.0,11780.0,11784.0,11781.0,11795.0,11801.0,11811.0,11823.0,11835.0,11852.0,11865.0,11883.0,11904.0,11917.0,11925.0,,,,,,,,,12008.0,12021.0,12034.0,12044.0,12050.0,12052.0,12061.0,12066.0,12073.0,12086.0,12093.0,12104.0,12116.0,12122.0,12123.0,12134.0,12141.0,12150.0,12162.0,12173.0,12186.0,12195.0,12204.0,12211.0,12222.0,12226.0,12236.0,12252.0,12263.0,12280.0,12294.0,12308.0,12315.0,12325.0,12332.0,12343.0,12351.0,12356.0,12366.0,12373.0,12379.0,12387.0,12391.0,12395.0,12408.0,12416.0,12424.0,12433.0,12442.0,12447.0,12454.0,12466.0,12473.0,12481.0,12492.0,12500.0,12507.0,12517.0,12531.0,12538.0,12547.0,12553.0,12559.0,12562.0,12566.0,12572.0,12579.0,12581.0,12585.0,12592.0,12600.0,12608.0,12613.0,12618.0,12620.0,12625.0,12631.0,12634.0,12640.0,12649.0,12655.0,12663.0,12668.0,12677.0,12685.0,12686.0,12701.0,12710.0,12714.0,12724.0,12734.0,12741.0,12748.0,12754.0,12765.0,12781.0,12787.0,12796.0,12809.0,12817.0,12824.0,12845.0,12856.0,12866.0,12877.0,12883.0,12895.0,12906.0,12921.0,12933.0,12945.0,12962.0,12978.0,12985.0,13003.0,13018.0,13041.0,13075.0,13111.0,13145.0,13172.0,,13241.0,13279.0,13303.0,13320.0,13346.0,13367.0,13391.0,13431.0,13460.0,13493.0,13523.0,13546.0,13560.0,13588.0,13646.0,13677.0,13706.0,13730.0,13747.0,13773.0,13793.0,13823.0,13848.0,13877.0,13905.0,13927.0,13950.0,13969.0,13997.0,14023.0,14048.0,14071.0,14096.0,14119.0,14148.0,14162.0,14195.0,14235.0,14257.0,14279.0,14289.0,14303.0,14322.0,14344.0,14362.0,14389.0,14409.0,14426.0,14462.0,14497.0,14522.0,14546.0,14579.0,14590.0,14611.0,14645.0,14681.0,14716.0,14738.0,14770.0,14789.0,14805.0,14836.0,14868.0,14899.0,14958.0,15043.0,15076.0,15132.0,15177.0,15217.0,15260.0,15300.0,15339.0,15377.0,15398.0,15431.0,15470.0,15541.0,15573.0,15610.0,15642.0,15665.0,15688.0,15720.0,15736.0,15761.0,15788.0,15804.0,15821.0,15838.0,15853.0,15875.0,15897.0,15924.0,15947.0,15958.0,15995.0,16019.0,16039.0,16058.0,16081.0,16093.0,16111.0,16138.0,16169.0,16196.0,16223.0,16241.0,16263.0,16280.0,16308.0,16332.0,16369
xkdPjhgFlHc,58976.0,58983.0,58998.0,59014.0,59030.0,59048.0,59062.0,59070.0,59084.0,59094.0,59098.0,59111.0,59128.0,59144.0,59155.0,59168.0,59175.0,59189.0,59201.0,59247.0,59258.0,59265.0,59284.0,59311.0,59327.0,59334.0,59342.0,59350.0,59361.0,59377.0,59390.0,59395.0,59405.0,59414.0,59422.0,59429.0,59443.0,59460.0,59471.0,59476.0,59486.0,59498.0,59503.0,59518.0,59531.0,59543.0,59555.0,59568.0,59580.0,59587.0,59596.0,59607.0,59615.0,59619.0,59625.0,59636.0,59642.0,59657.0,59670.0,59681.0,59691.0,59707.0,59722.0,59735.0,59745.0,59752.0,59761.0,59777.0,59788.0,59807.0,59820.0,59835.0,59852.0,59857.0,59864.0,59878.0,59891.0,59906.0,59923.0,59930.0,59943.0,59960.0,59970.0,59990.0,59991.0,60003.0,60016.0,60030.0,60043.0,60053.0,60070.0,60082.0,60092.0,60103.0,60111.0,60124.0,60140.0,60153.0,60163.0,60181.0,60192.0,60205.0,60221.0,60234.0,60245.0,60261.0,60276.0,60287.0,60303.0,60315.0,60335.0,60349.0,60358.0,60373.0,60383.0,60388.0,60392.0,60403.0,60421.0,60433.0,60444.0,60457.0,60475.0,60485.0,60499.0,60513.0,60524.0,60537.0,60547.0,60554.0,60565.0,60576.0,60586.0,60606.0,,,,,,,,,60691.0,60702.0,60711.0,60724.0,60737.0,60743.0,60759.0,60764.0,60778.0,60786.0,60796.0,60803.0,60807.0,60816.0,60828.0,60836.0,60855.0,60869.0,60882.0,60896.0,60904.0,60909.0,60922.0,60931.0,60941.0,60950.0,60955.0,60959.0,60968.0,60973.0,60976.0,60991.0,61003.0,61009.0,61017.0,61025.0,61029.0,61039.0,61049.0,61059.0,61060.0,61073.0,61076.0,61090.0,61102.0,61118.0,61127.0,61133.0,61142.0,61152.0,61156.0,61168.0,61176.0,61188.0,61195.0,61205.0,61219.0,61228.0,61234.0,61245.0,61252.0,61261.0,61272.0,61282.0,61371.0,61399.0,61409.0,61422.0,61429.0,61432.0,61437.0,61445.0,61450.0,61461.0,61472.0,61480.0,61486.0,61500.0,61507.0,61522.0,61532.0,61543.0,61551.0,61556.0,61566.0,61575.0,61585.0,61595.0,61605.0,61612.0,61617.0,61624.0,61637.0,61646.0,61662.0,61671.0,61676.0,61684.0,61689.0,61695.0,61701.0,61708.0,61720.0,61734.0,61740.0,61748.0,61753.0,61758.0,61769.0,61782.0,61786.0,61795.0,61797.0,61808.0,61810.0,61817.0,61827.0,61831.0,61836.0,61843.0,61851.0,,61866.0,61874.0,61882.0,61892.0,61902.0,61905.0,61913.0,61925.0,61934.0,61943.0,61957.0,61974.0,61979.0,61989.0,62000.0,62016.0,62023.0,62027.0,62041.0,62050.0,62062.0,62078.0,62089.0,62099.0,62117.0,62130.0,62140.0,62150.0,62161.0,62168.0,62174.0,62189.0,62209.0,62226.0,62240.0,62266.0,62283.0,62304.0,62317.0,62334.0,62345.0,62359.0,62373.0,62393.0,62404.0,62421.0,62433.0,62444.0,62448.0,62462.0,62468.0,62478.0,62495.0,62504.0,62519.0,62526.0,62539.0,62549.0,62557.0,62575.0,62589.0,62602.0,62617.0,62635.0,62645.0,62654.0,62667.0,62675.0,62686.0,62698.0,62708.0,62722.0,62735.0,62744.0,62755.0,62765.0,62772.0,62780.0,62791.0,62809.0,62817.0,62823.0,62829.0,62838.0,62851.0,62868.0,62873.0,62886.0,62890.0,62905.0,62912.0,62924.0,62940.0,62952.0,62967.0,62972.0,62984.0,63009.0,63026.0,63036.0,63047.0,63058.0,63071.0,63080.0,63091.0,63109.0,63123.0,63135.0,63147.0,63162.0,63175.0,63185.0,63197.0,63215
RBs6RaLlqR0,555444.0,555445.0,555450.0,555456.0,555465.0,555469.0,555472.0,555483.0,555488.0,555491.0,555500.0,555506.0,555513.0,555521.0,555523.0,555532.0,555536.0,555542.0,555545.0,555553.0,555565.0,555571.0,555576.0,555583.0,555590.0,555596.0,555598.0,555600.0,555607.0,555610.0,555620.0,555624.0,555625.0,555628.0,555635.0,555640.0,555640.0,555642.0,555646.0,555649.0,555652.0,555656.0,555660.0,555663.0,555669.0,555673.0,555673.0,555674.0,555679.0,555679.0,555683.0,555695.0,555696.0,555701.0,555703.0,555707.0,555713.0,555718.0,555721.0,555726.0,555730.0,555741.0,555747.0,555749.0,555750.0,555753.0,555756.0,555758.0,555760.0,555764.0,555769.0,555777.0,555779.0,555783.0,555785.0,555793.0,555795.0,555801.0,555805.0,555806.0,555806.0,555807.0,555808.0,555809.0,555813.0,555814.0,555816.0,555819.0,555825.0,555829.0,555831.0,555837.0,555840.0,555842.0,555847.0,555853.0,555861.0,555863.0,555870.0,555879.0,555884.0,555889.0,555898.0,555902.0,555911.0,555924.0,555929.0,555936.0,555942.0,555950.0,555953.0,555955.0,555963.0,555966.0,555967.0,555973.0,555976.0,555979.0,555987.0,555990.0,555991.0,555995.0,555998.0,556003.0,556008.0,556012.0,556013.0,556015.0,556018.0,556022.0,556026.0,556030.0,556032.0,556035.0,,,,,,,,,556074.0,556075.0,556078.0,556082.0,556088.0,556089.0,556092.0,556097.0,556098.0,556102.0,556107.0,556109.0,556114.0,556119.0,556124.0,556126.0,556131.0,556134.0,556137.0,556143.0,556145.0,556151.0,556158.0,556161.0,556168.0,556172.0,556177.0,556181.0,556185.0,556192.0,556194.0,556200.0,556207.0,556215.0,556219.0,556219.0,556226.0,556232.0,556244.0,556249.0,556252.0,556258.0,556264.0,556268.0,556273.0,556279.0,556285.0,556303.0,556312.0,556319.0,556325.0,556329.0,556337.0,556346.0,556350.0,556353.0,556360.0,556369.0,556373.0,556376.0,556388.0,556394.0,556402.0,556407.0,556408.0,556416.0,556423.0,556427.0,556431.0,556435.0,556440.0,556443.0,556445.0,556450.0,556451.0,556453.0,556457.0,556462.0,556464.0,556465.0,556468.0,556474.0,556477.0,556478.0,556479.0,556482.0,556485.0,556488.0,556490.0,556495.0,556499.0,556502.0,556505.0,556507.0,556512.0,556514.0,556517.0,556519.0,556521.0,556524.0,556527.0,556530.0,556534.0,556538.0,556542.0,556544.0,556549.0,556551.0,556556.0,556559.0,556562.0,556568.0,556572.0,556576.0,556579.0,556582.0,556584.0,556586.0,556589.0,556589.0,556592.0,,556597.0,556601.0,556604.0,556605.0,556606.0,556615.0,556617.0,556619.0,556622.0,556624.0,556626.0,556633.0,556638.0,556641.0,556643.0,556646.0,556650.0,556655.0,556656.0,556658.0,556662.0,556665.0,556668.0,556673.0,556674.0,556676.0,556680.0,556684.0,556684.0,556687.0,556695.0,556697.0,556702.0,556707.0,556711.0,556713.0,556723.0,556732.0,556738.0,556744.0,556745.0,556748.0,556756.0,556758.0,556762.0,556768.0,556773.0,556780.0,556785.0,556793.0,556796.0,556803.0,556813.0,556815.0,556824.0,556829.0,556833.0,556844.0,556850.0,556861.0,556874.0,556879.0,556887.0,556889.0,556890.0,556895.0,556901.0,556902.0,556911.0,556915.0,556920.0,556925.0,556928.0,556936.0,556946.0,556956.0,556959.0,556963.0,556966.0,556970.0,556973.0,556979.0,556983.0,556999.0,557005.0,557012.0,557023.0,557024.0,557029.0,557031.0,557040.0,557052.0,557056.0,557057.0,557061.0,557066.0,557070.0,557082.0,557087.0,557093.0,557103.0,557117.0,557121.0,557124.0,557137.0,557142.0,557149.0,557156.0,557155.0,557155.0,557159.0,557165.0,557168.0,557170
ktMixngPnMk,1115125.0,1115127.0,1115128.0,1115133.0,1115135.0,1115142.0,1115146.0,1115148.0,1115151.0,1115151.0,1115153.0,1115155.0,1115161.0,1115164.0,1115168.0,1115178.0,1115181.0,1115182.0,1115186.0,1115191.0,1115192.0,1115195.0,1115198.0,1115201.0,1115204.0,1115209.0,1115210.0,1115212.0,1115214.0,1115216.0,1115222.0,1115223.0,1115226.0,1115228.0,1115229.0,1115229.0,1115229.0,1115230.0,1115233.0,1115234.0,1115234.0,1115239.0,1115246.0,1115249.0,1115251.0,1115255.0,1115258.0,1115262.0,1115268.0,1115270.0,1115273.0,1115276.0,1115282.0,1115284.0,1115291.0,1115293.0,1115299.0,1115302.0,1115304.0,1115308.0,1115313.0,1115316.0,1115321.0,1115324.0,1115325.0,1115330.0,1115334.0,1115335.0,1115340.0,1115342.0,1115348.0,1115351.0,1115354.0,1115357.0,1115360.0,1115365.0,1115370.0,1115373.0,1115378.0,1115383.0,1115388.0,1115393.0,1115400.0,1115403.0,1115407.0,1115411.0,1115414.0,1115421.0,1115424.0,1115433.0,1115436.0,1115441.0,1115442.0,1115451.0,1115460.0,1115471.0,1115480.0,1115482.0,1115483.0,1115489.0,1115494.0,1115498.0,1115504.0,1115514.0,1115541.0,1115551.0,1115564.0,1115577.0,1115581.0,1115596.0,1115611.0,1115617.0,1115621.0,1115629.0,1115634.0,1115642.0,1115652.0,1115661.0,1115666.0,1115676.0,1115684.0,1115699.0,1115723.0,1115760.0,1115797.0,1115834.0,1115859.0,1115866.0,1115872.0,1115889.0,1115899.0,1115904.0,1115907.0,1115919.0,,,,,,,,,1115960.0,1115964.0,1115969.0,1115978.0,1115988.0,1115991.0,1115996.0,1116004.0,1116007.0,1116012.0,1116020.0,1116022.0,1116026.0,1116030.0,1116032.0,1116035.0,1116041.0,1116043.0,1116046.0,1116050.0,1116056.0,1116060.0,1116071.0,1116082.0,1116093.0,1116109.0,1116112.0,1116124.0,1116130.0,1116134.0,1116142.0,1116150.0,1116157.0,1116160.0,1116165.0,1116168.0,1116171.0,1116180.0,1116185.0,1116190.0,1116198.0,1116205.0,1116212.0,1116216.0,1116219.0,1116222.0,1116225.0,1116232.0,1116240.0,1116245.0,1116247.0,1116251.0,1116258.0,1116260.0,1116265.0,1116267.0,1116271.0,1116276.0,1116278.0,1116280.0,1116281.0,1116284.0,1116286.0,1116290.0,1116295.0,1116302.0,1116309.0,1116316.0,1116322.0,1116328.0,1116331.0,1116335.0,1116336.0,1116339.0,1116342.0,1116345.0,1116349.0,1116350.0,1116356.0,1116360.0,1116363.0,1116366.0,1116368.0,1116373.0,1116379.0,1116382.0,1116383.0,1116385.0,1116386.0,1116392.0,1116395.0,1116397.0,1116398.0,1116401.0,1116404.0,1116409.0,1116412.0,1116414.0,1116417.0,1116421.0,1116425.0,1116431.0,1116434.0,1116437.0,1116444.0,1116447.0,1116455.0,1116458.0,1116462.0,1116466.0,1116468.0,1116471.0,1116474.0,1116479.0,1116481.0,1116484.0,1116487.0,1116491.0,1116497.0,1116508.0,1116516.0,,1116522.0,1116528.0,1116530.0,1116535.0,1116537.0,1116538.0,1116541.0,1116544.0,1116548.0,1116548.0,1116550.0,1116555.0,1116560.0,1116561.0,1116562.0,1116564.0,1116563.0,1116564.0,1116565.0,1116567.0,1116571.0,1116573.0,1116573.0,1116578.0,1116586.0,1116588.0,1116590.0,1116590.0,1116591.0,1116594.0,1116596.0,1116599.0,1116601.0,1116601.0,1116603.0,1116606.0,1116612.0,1116620.0,1116622.0,1116629.0,1116630.0,1116633.0,1116635.0,1116635.0,1116639.0,1116641.0,1116642.0,1116646.0,1116648.0,1116655.0,1116656.0,1116660.0,1116662.0,1116664.0,1116668.0,1116671.0,1116674.0,1116679.0,1116681.0,1116687.0,1116689.0,1116692.0,1116694.0,1116696.0,1116697.0,1116699.0,1116705.0,1116708.0,1116713.0,1116715.0,1116719.0,1116720.0,1116723.0,1116727.0,1116738.0,1116744.0,1116749.0,1116750.0,1116752.0,1116753.0,1116753.0,1116754.0,1116757.0,1116766.0,1116769.0,1116771.0,1116778.0,1116784.0,1116787.0,1116793.0,1116798.0,1116810.0,1116812.0,1116814.0,1116819.0,1116827.0,1116833.0,1116840.0,1116847.0,1116854.0,1116858.0,1116863.0,1116868.0,1116872.0,1116878.0,1116884.0,1116887.0,1116894.0,1116898.0,1116899.0,1116903.0,1116906.0,1116909.0,1116910
9Rl80KSBs6k,422252.0,422490.0,422748.0,422947.0,423213.0,423578.0,423874.0,424180.0,424491.0,424792.0,425038.0,425332.0,425579.0,425832.0,426110.0,426427.0,426693.0,426914.0,427197.0,427483.0,427731.0,428005.0,428291.0,428538.0,428694.0,428919.0,429147.0,429374.0,429622.0,429880.0,430119.0,430318.0,430551.0,430803.0,431100.0,431338.0,431599.0,431901.0,432170.0,432445.0,432770.0,433086.0,433379.0,433670.0,433887.0,434088.0,434282.0,434508.0,434714.0,434975.0,435181.0,435371.0,435520.0,435738.0,435943.0,436182.0,436400.0,436607.0,436811.0,436987.0,437240.0,437457.0,437701.0,437903.0,438071.0,438237.0,438402.0,438580.0,438743.0,438928.0,439131.0,439314.0,439499.0,439669.0,439829.0,439973.0,440152.0,440331.0,440528.0,440706.0,440876.0,441045.0,441311.0,441566.0,441818.0,442085.0,442267.0,442388.0,442579.0,442787.0,442955.0,443131.0,443343.0,443525.0,443716.0,443915.0,444124.0,444298.0,444525.0,444755.0,444913.0,445064.0,445233.0,445426.0,445672.0,445907.0,446128.0,446338.0,446505.0,446725.0,446954.0,447200.0,447493.0,447741.0,447975.0,448155.0,448413.0,448680.0,449006.0,449434.0,449758.0,450045.0,450243.0,450474.0,450739.0,450974.0,451286.0,451522.0,451744.0,451958.0,452124.0,452378.0,452589.0,452792.0,,,,,,,,,454623.0,454841.0,455082.0,455374.0,455682.0,456107.0,456423.0,456812.0,457215.0,457647.0,458054.0,458360.0,458781.0,459182.0,459476.0,459699.0,460013.0,460303.0,460619.0,460919.0,461151.0,461412.0,461601.0,461903.0,462166.0,462443.0,462698.0,462923.0,463122.0,463290.0,463493.0,463697.0,463940.0,464152.0,464421.0,464663.0,464859.0,465110.0,465397.0,465690.0,465921.0,466145.0,466357.0,466510.0,466725.0,466941.0,467119.0,467306.0,467504.0,467737.0,467913.0,468114.0,468356.0,468540.0,468760.0,468966.0,469143.0,469320.0,469524.0,469691.0,469882.0,470029.0,470177.0,470302.0,470451.0,470630.0,470806.0,471004.0,471098.0,471208.0,471324.0,471462.0,471587.0,471741.0,471903.0,472081.0,472249.0,472371.0,472499.0,472677.0,472841.0,473016.0,473222.0,473396.0,473552.0,473703.0,473876.0,474034.0,474202.0,474362.0,474509.0,474642.0,474766.0,474955.0,475184.0,475398.0,475650.0,475847.0,476046.0,476199.0,476412.0,476619.0,476890.0,477118.0,477308.0,477475.0,477651.0,477854.0,478086.0,478286.0,478496.0,478707.0,478871.0,479055.0,479241.0,479421.0,479570.0,479734.0,479873.0,479979.0,480090.0,,480332.0,480449.0,480593.0,480724.0,480837.0,480947.0,481070.0,481181.0,481378.0,481529.0,481689.0,481828.0,481974.0,482124.0,482271.0,482444.0,482585.0,482742.0,482923.0,483044.0,483209.0,483375.0,483516.0,483680.0,483821.0,483943.0,484048.0,484175.0,484333.0,484457.0,484604.0,484756.0,484871.0,484983.0,485101.0,485243.0,485367.0,485504.0,485615.0,485709.0,485797.0,485897.0,486034.0,486159.0,486284.0,486484.0,486671.0,486900.0,487097.0,487329.0,487554.0,487788.0,488021.0,488204.0,488364.0,488533.0,488716.0,488954.0,489159.0,489408.0,489592.0,489770.0,489985.0,490221.0,490497.0,490777.0,491229.0,491595.0,491859.0,492147.0,492426.0,492737.0,493052.0,493349.0,493636.0,493861.0,494237.0,494621.0,494969.0,495305.0,495663.0,495937.0,496162.0,496460.0,496742.0,496978.0,497210.0,497415.0,497596.0,497738.0,497923.0,498090.0,498281.0,498449.0,498628.0,498787.0,498880.0,499022.0,499188.0,499306.0,499445.0,499614.0,499753.0,499890.0,500061.0,500250.0,500420.0,500654.0,501004.0,501176.0,501370.0,501592.0,501837.0,502076
PYf4TEj1ZAM,513003.0,513047.0,513102.0,513155.0,513211.0,513264.0,513318.0,513366.0,513444.0,513507.0,513559.0,513628.0,513697.0,513780.0,513865.0,513945.0,514032.0,514102.0,514184.0,514284.0,514392.0,514547.0,514707.0,514852.0,515032.0,515182.0,515359.0,515510.0,515685.0,515793.0,515901.0,516032.0,516193.0,516354.0,516497.0,516639.0,516825.0,516961.0,517135.0,517271.0,517411.0,517543.0,517703.0,517849.0,518008.0,518162.0,518334.0,518504.0,518667.0,518838.0,519002.0,519143.0,519279.0,519415.0,519554.0,519685.0,519841.0,519969.0,520129.0,520299.0,520451.0,520615.0,520794.0,520930.0,521100.0,521239.0,521355.0,521510.0,521650.0,521807.0,521967.0,522099.0,522206.0,522329.0,522455.0,522606.0,522728.0,522851.0,523003.0,523147.0,523289.0,523419.0,523511.0,523630.0,523758.0,523925.0,524084.0,524256.0,524378.0,524497.0,524640.0,524782.0,524904.0,525034.0,525169.0,525291.0,525381.0,525510.0,525643.0,525761.0,525869.0,525956.0,526056.0,526159.0,526258.0,526355.0,526452.0,526524.0,526611.0,526711.0,526802.0,526915.0,527060.0,527176.0,527297.0,527379.0,527461.0,527550.0,527655.0,527766.0,527866.0,527969.0,528048.0,528148.0,528237.0,528320.0,528414.0,528504.0,528606.0,528707.0,528827.0,528924.0,529029.0,529129.0,,,,,,,,,530060.0,530164.0,530242.0,530319.0,530418.0,530547.0,530657.0,530771.0,530877.0,530996.0,531140.0,531258.0,531378.0,531468.0,531584.0,531686.0,531747.0,531857.0,531965.0,532058.0,532127.0,532233.0,532326.0,532447.0,532544.0,532642.0,532734.0,532804.0,532900.0,532990.0,533085.0,533188.0,533278.0,533386.0,533479.0,533586.0,533665.0,533776.0,533890.0,534009.0,534150.0,534299.0,534446.0,534618.0,534750.0,534881.0,534999.0,535150.0,535283.0,535426.0,535508.0,535648.0,535808.0,535964.0,536090.0,536213.0,536332.0,536468.0,536568.0,536693.0,536822.0,536930.0,537034.0,537159.0,537287.0,537402.0,537523.0,537649.0,537734.0,537806.0,537884.0,537985.0,538084.0,538176.0,538281.0,538385.0,538511.0,538630.0,538718.0,538812.0,538920.0,539047.0,539199.0,539316.0,539414.0,539490.0,539578.0,539680.0,539790.0,539895.0,540012.0,540093.0,540166.0,540253.0,540321.0,540401.0,540468.0,540543.0,540618.0,540726.0,540798.0,540881.0,540982.0,541045.0,541123.0,541193.0,541248.0,541331.0,541382.0,541429.0,541491.0,541562.0,541632.0,541700.0,541767.0,541828.0,541885.0,541941.0,541998.0,542036.0,542079.0,,542145.0,542201.0,542251.0,542304.0,542358.0,542413.0,542457.0,542517.0,542571.0,542631.0,542752.0,542875.0,542986.0,543048.0,543108.0,543177.0,543243.0,543295.0,543341.0,543392.0,543447.0,543493.0,543545.0,543588.0,543645.0,543693.0,543740.0,543777.0,543827.0,543878.0,543915.0,543964.0,544002.0,544044.0,544105.0,544149.0,544201.0,544258.0,544298.0,544348.0,544390.0,544444.0,544498.0,544546.0,544593.0,544653.0,544710.0,544747.0,544851.0,544913.0,544969.0,545031.0,545109.0,545173.0,545221.0,545269.0,545307.0,545357.0,545396.0,545425.0,545464.0,545500.0,545524.0,545555.0,545594.0,545630.0,545672.0,545703.0,545732.0,545762.0,545792.0,545820.0,545845.0,545892.0,545929.0,545968.0,545995.0,546029.0,546068.0,546108.0,546155.0,546210.0,546244.0,546282.0,546313.0,546343.0,546377.0,546413.0,546444.0,546481.0,546515.0,546548.0,546584.0,546619.0,546661.0,546691.0,546714.0,546752.0,546788.0,546820.0,546877.0,546905.0,546946.0,546993.0,547035.0,547087.0,547118.0,547167.0,547210.0,547236.0,547269.0,547316.0,547353.0,547393
ATuP6CE0vxM,4009329.0,4010047.0,4010782.0,4011470.0,4012150.0,4012884.0,4013607.0,4014359.0,4015118.0,4015877.0,4016739.0,4017556.0,4018434.0,4019289.0,4020260.0,4021262.0,4022198.0,4023081.0,4024164.0,4025297.0,4026434.0,4027568.0,4028744.0,4029738.0,4030695.0,4031434.0,4032497.0,4033516.0,4034511.0,4035470.0,4036422.0,4037209.0,4038058.0,4038988.0,4039909.0,4040866.0,4041861.0,4042808.0,4043875.0,4044649.0,4045505.0,4046230.0,4047131.0,4048089.0,4049114.0,4049950.0,4050819.0,4051706.0,4052511.0,4053182.0,4054091.0,4054901.0,4055726.0,4056460.0,4057287.0,4058184.0,4059130.0,4060093.0,4060975.0,4062095.0,4062994.0,4063911.0,4064862.0,4065682.0,4066399.0,4067115.0,4067710.0,4068479.0,4069179.0,4069886.0,4070659.0,4071345.0,4071968.0,4072540.0,4073182.0,4073938.0,4074797.0,4075653.0,4076548.0,4077298.0,4078040.0,4078997.0,4079794.0,4080701.0,4081464.0,4082277.0,4083017.0,4083766.0,4084466.0,4085185.0,4085945.0,4086700.0,4087424.0,4088129.0,4088763.0,4089339.0,4089901.0,4090613.0,4091290.0,4092128.0,4092877.0,4093578.0,4094329.0,4095028.0,4095767.0,4096446.0,4097218.0,4097894.0,4098705.0,4099466.0,4100164.0,4101023.0,4101826.0,4102475.0,4103234.0,4103930.0,4104682.0,4105423.0,4106244.0,4107007.0,4107731.0,4108451.0,4109096.0,4109793.0,4110580.0,4111336.0,4111999.0,4112736.0,4113376.0,4113986.0,4114657.0,4115281.0,4116004.0,4116803.0,,,,,,,,,4122512.0,4123046.0,4123627.0,4124214.0,4124824.0,4125427.0,4125892.0,4126395.0,4126998.0,4127574.0,4128118.0,4128680.0,4129365.0,4129939.0,4130556.0,4131080.0,4131656.0,4132339.0,4133015.0,4133613.0,4134252.0,4134895.0,4135513.0,4136105.0,4136758.0,4137493.0,4138256.0,4138920.0,4139637.0,4140288.0,4141011.0,4141758.0,4142607.0,4143329.0,4144056.0,4144660.0,4145353.0,4146059.0,4146692.0,4147502.0,4148234.0,4148882.0,4149704.0,4150239.0,4151000.0,4151705.0,4152381.0,4153144.0,4153821.0,4154502.0,4155107.0,4155906.0,4156588.0,4157314.0,4158051.0,4158791.0,4159554.0,4160230.0,4160845.0,4161546.0,4162145.0,4162819.0,4163372.0,4163879.0,4164433.0,4165030.0,4165657.0,4166266.0,4166736.0,4167362.0,4167955.0,4168486.0,4169188.0,4169813.0,4170472.0,4171105.0,4171720.0,4172390.0,4173056.0,4173782.0,4174573.0,4175244.0,4175920.0,4176812.0,4177513.0,4178218.0,4178846.0,4179575.0,4180377.0,4181222.0,4181977.0,4182828.0,4183594.0,4184494.0,4185363.0,4186246.0,4187080.0,4188058.0,4188961.0,4189736.0,4190676.0,4191679.0,4192586.0,4193473.0,4194409.0,4195306.0,4196208.0,4197245.0,4198225.0,4199220.0,4200278.0,4201283.0,4202208.0,4203196.0,4204026.0,4204819.0,4205597.0,4206399.0,4207208.0,4208085.0,4208883.0,,4210904.0,4211992.0,4212997.0,4213963.0,4214962.0,4215898.0,4216763.0,4217721.0,4218602.0,4219652.0,4220897.0,4222001.0,4222966.0,4224140.0,4225116.0,4226220.0,4227332.0,4228417.0,4229364.0,4230249.0,4231302.0,4232383.0,4233360.0,4234406.0,4235332.0,4236350.0,4237160.0,4238101.0,4239030.0,4239948.0,4240956.0,4241833.0,4242700.0,4243450.0,4244338.0,4245281.0,4246328.0,4247381.0,4248456.0,4249379.0,4250261.0,4251162.0,4252051.0,4252946.0,4253818.0,4254634.0,4255482.0,4256312.0,4257139.0,4257935.0,4258787.0,4259587.0,4260342.0,4261141.0,4261959.0,4262746.0,4263640.0,4264459.0,4265692.0,4266628.0,4267598.0,4268489.0,4269466.0,4270496.0,4271408.0,4272365.0,4273300.0,4274241.0,4275123.0,4276110.0,4277209.0,4278239.0,4279489.0,4280703.0,4281795.0,4282751.0,4283887.0,4285060.0,4286164.0,4287242.0,4288319.0,4289460.0,4290347.0,4291355.0,4292407.0,4293550.0,4294608.0,4295650.0,4296731.0,4297662.0,4298726.0,4299642.0,4300613.0,4301519.0,4302489.0,4303508.0,4304280.0,4305172.0,4306190.0,4307087.0,4307988.0,4308906.0,4309705.0,4310589.0,4311560.0,4312507.0,4313518.0,4314590.0,4315506.0,4316425.0,4317257.0,4317994.0,4318888.0,4319763
NgYtTTogbQg,3587361.0,3588046.0,3588812.0,3589678.0,3590521.0,3591304.0,3591942.0,3592813.0,3593620.0,3594466.0,3595238.0,3596034.0,3596874.0,3597686.0,3598599.0,3599463.0,3600383.0,3601215.0,3602066.0,3602827.0,3603668.0,3604555.0,3605399.0,3606252.0,3607014.0,3607745.0,3608491.0,3609178.0,3609952.0,3610781.0,3611494.0,3612229.0,3612953.0,3613714.0,3614470.0,3615305.0,3616279.0,3617142.0,3617830.0,3618693.0,3619410.0,3620181.0,3620951.0,3621758.0,3622660.0,3623545.0,3624426.0,3625332.0,3626254.0,3627161.0,3627950.0,3628854.0,3629788.0,3630552.0,3631635.0,3632643.0,3633630.0,3634420.0,3635265.0,3636079.0,3636898.0,3637808.0,3638637.0,3639475.0,3640332.0,3641166.0,3641896.0,3642641.0,3643206.0,3644098.0,3644805.0,3645550.0,3646318.0,3647045.0,3647726.0,3648512.0,3649216.0,3650022.0,3651008.0,3651950.0,3652743.0,3653691.0,3654564.0,3655464.0,3656264.0,3657127.0,3657935.0,3658686.0,3659490.0,3660291.0,3661043.0,3661752.0,3662610.0,3663461.0,3664243.0,3664976.0,3665704.0,3666384.0,3667176.0,3667854.0,3668629.0,3669278.0,3669969.0,3670696.0,3671383.0,3672054.0,3672661.0,3673519.0,3674214.0,3674896.0,3675545.0,3676321.0,3676998.0,3677759.0,3678515.0,3679173.0,3679847.0,3680611.0,3681447.0,3682214.0,3682939.0,3683652.0,3684356.0,3685022.0,3685837.0,3686661.0,3687353.0,3688145.0,3688841.0,3689488.0,3690167.0,3690862.0,3691599.0,3692367.0,,,,,,,,,3698937.0,3699683.0,3700420.0,3701053.0,3701698.0,3702378.0,3703024.0,3703662.0,3704301.0,3704881.0,3705457.0,3706206.0,3706935.0,3707738.0,3708386.0,3708977.0,3709724.0,3710422.0,3710988.0,3711693.0,3712270.0,3712794.0,3713394.0,3713974.0,3714554.0,3715160.0,3715890.0,3716602.0,3717232.0,3717806.0,3718364.0,3719026.0,3719681.0,3720304.0,3720893.0,3721560.0,3722110.0,3722621.0,3723261.0,3723897.0,3724431.0,3725065.0,3725755.0,3726361.0,3727019.0,3727619.0,3728311.0,3728965.0,3729620.0,3730253.0,3730871.0,3731547.0,3732235.0,3732929.0,3733546.0,3734086.0,3734719.0,3735293.0,3735934.0,3736609.0,3737144.0,3737772.0,3738427.0,3739006.0,3739662.0,3740258.0,3740832.0,3741518.0,3742078.0,3742714.0,3743329.0,3743971.0,3744626.0,3745292.0,3745929.0,3746621.0,3747349.0,3748067.0,3748771.0,3749540.0,3750295.0,3750999.0,3751710.0,3752511.0,3753288.0,3754031.0,3754704.0,3755360.0,3756129.0,3756910.0,3757659.0,3758404.0,3759194.0,3759859.0,3760741.0,3761654.0,3762483.0,3763319.0,3764207.0,3764975.0,3765827.0,3766638.0,3767454.0,3768394.0,3769176.0,3769970.0,3770733.0,3771450.0,3772352.0,3773143.0,3773987.0,3774815.0,3775636.0,3776448.0,3777221.0,3777874.0,3778566.0,3779292.0,3780060.0,3780814.0,3781559.0,,3783213.0,3783991.0,3784798.0,3785543.0,3786343.0,3787072.0,3787792.0,3788569.0,3789263.0,3789892.0,3790702.0,3791493.0,3792212.0,3792888.0,3793569.0,3794302.0,3795038.0,3795758.0,3796561.0,3797605.0,3798565.0,3799376.0,3800279.0,3801082.0,3801815.0,3802562.0,3803282.0,3804052.0,3804781.0,3805585.0,3806376.0,3807093.0,3807978.0,3808663.0,3809339.0,3810170.0,3810892.0,3811763.0,3812563.0,3813370.0,3814129.0,3814870.0,3815720.0,3816528.0,3817364.0,3818211.0,3819064.0,3819944.0,3820788.0,3821524.0,3822322.0,3823158.0,3823994.0,3824859.0,3825617.0,3826367.0,3827173.0,3827906.0,3828703.0,3829501.0,3830263.0,3831083.0,3831829.0,3832500.0,3833239.0,3833887.0,3834593.0,3835276.0,3835887.0,3836554.0,3837107.0,3837823.0,3838589.0,3839384.0,3840105.0,3840884.0,3841677.0,3842418.0,3843133.0,3843851.0,3844521.0,3845392.0,3846226.0,3846910.0,3847655.0,3848487.0,3849347.0,3850197.0,3851051.0,3851950.0,3852723.0,3853501.0,3854265.0,3855016.0,3855701.0,3856351.0,3857067.0,3857689.0,3858410.0,3859158.0,3859810.0,3860545.0,3861241.0,3861897.0,3862505.0,3863144.0,3863767.0,3864400.0,3865082.0,3865688.0,3866350.0,3866983.0,3867588.0,3868199
k3b3wekm7pY,4716508.0,4716676.0,4716839.0,4717047.0,4717214.0,4717419.0,4717622.0,4717830.0,4718029.0,4718254.0,4718475.0,4718680.0,4718875.0,4719081.0,4719287.0,4719511.0,4719734.0,4719898.0,4720100.0,4720271.0,4720462.0,4720688.0,4720926.0,4721116.0,4721324.0,4721472.0,4721651.0,4721839.0,4721979.0,4722137.0,4722368.0,4722541.0,4722689.0,4722868.0,4723028.0,4723223.0,4723385.0,4723564.0,4723738.0,4723913.0,4724074.0,4724239.0,4724442.0,4724619.0,4724814.0,4725048.0,4725239.0,4725402.0,4725645.0,4726047.0,4726511.0,4726899.0,4727234.0,4727602.0,4727967.0,4728275.0,4728650.0,4729122.0,4729454.0,4729729.0,4730042.0,4730371.0,4730611.0,4730857.0,4731040.0,4731297.0,4731513.0,4731738.0,4731981.0,4732247.0,4732486.0,4732678.0,4732824.0,4733039.0,4733223.0,4733483.0,4733750.0,4733959.0,4734191.0,4734435.0,4734640.0,4734872.0,4735116.0,4735330.0,4735520.0,4735722.0,4735962.0,4736217.0,4736475.0,4736730.0,4736957.0,4737195.0,4737388.0,4737592.0,4737752.0,4737937.0,4738109.0,4738285.0,4738448.0,4738609.0,4738769.0,4738883.0,4739050.0,4739210.0,4739380.0,4739524.0,4739708.0,4739872.0,4740048.0,4740228.0,4740379.0,4740569.0,4740705.0,4740862.0,4741120.0,4741325.0,4741524.0,4741709.0,4741884.0,4742054.0,4742202.0,4742347.0,4742466.0,4742595.0,4742720.0,4742849.0,4743008.0,4743160.0,4743322.0,4743465.0,4743587.0,4743736.0,4743847.0,4743946.0,,,,,,,,,4745040.0,4745162.0,4745278.0,4745386.0,4745506.0,4745611.0,4745721.0,4745821.0,4745903.0,4746035.0,4746154.0,4746274.0,4746390.0,4746478.0,4746619.0,4746728.0,4746830.0,4746952.0,4747107.0,4747257.0,4747372.0,4747486.0,4747585.0,4747703.0,4747811.0,4747940.0,4748066.0,4748204.0,4748316.0,4748434.0,4748570.0,4748685.0,4748812.0,4748944.0,4749079.0,4749223.0,4749352.0,4749503.0,4749649.0,4749801.0,4749929.0,4750063.0,4750183.0,4750279.0,4750406.0,4750556.0,4750715.0,4750870.0,4751013.0,4751135.0,4751262.0,4751383.0,4751497.0,4751633.0,4751768.0,4751876.0,4752030.0,4752202.0,4752334.0,4752451.0,4752579.0,4752720.0,4752828.0,4752946.0,4753061.0,4753172.0,4753299.0,4753412.0,4753507.0,4753604.0,4753731.0,4753867.0,4753969.0,4754106.0,4754229.0,4754319.0,4754458.0,4754595.0,4754722.0,4754838.0,4754944.0,4755058.0,4755183.0,4755320.0,4755485.0,4755620.0,4755749.0,4755871.0,4756000.0,4756148.0,4756293.0,4756465.0,4756609.0,4756753.0,4756903.0,4757064.0,4757261.0,4757409.0,4757566.0,4757718.0,4757896.0,4758042.0,4758207.0,4758404.0,4758592.0,4758779.0,4758974.0,4759147.0,4759286.0,4759438.0,4759606.0,4759744.0,4759880.0,4760034.0,4760178.0,4760340.0,4760492.0,4760649.0,4760810.0,4760946.0,4761098.0,,4761385.0,4761544.0,4761679.0,4761832.0,4762003.0,4762190.0,4762355.0,4762569.0,4762723.0,4762878.0,4763027.0,4763200.0,4763388.0,4763524.0,4763685.0,4763892.0,4764052.0,4764268.0,4764468.0,4764628.0,4764804.0,4764988.0,4765170.0,4765353.0,4765551.0,4765697.0,4765868.0,4766054.0,4766224.0,4766385.0,4766543.0,4766741.0,4766924.0,4767107.0,4767323.0,4767524.0,4767690.0,4767879.0,4768069.0,4768274.0,4768423.0,4768604.0,4768768.0,4768965.0,4769168.0,4769348.0,4769577.0,4769833.0,4770024.0,4770171.0,4770355.0,4770584.0,4770903.0,4771147.0,4771308.0,4771539.0,4771749.0,4771974.0,4772199.0,4772426.0,4772672.0,4772839.0,4773034.0,4773297.0,4773545.0,4773720.0,4773930.0,4774130.0,4774334.0,4774545.0,4774770.0,4775044.0,4775314.0,4775547.0,4775810.0,4776060.0,4776361.0,4776662.0,4777020.0,4777319.0,4777614.0,4777899.0,4778204.0,4778466.0,4778832.0,4779137.0,4779380.0,4779699.0,4779921.0,4780185.0,4780463.0,4780784.0,4781059.0,4781284.0,4781545.0,4781841.0,4782135.0,4782430.0,4782690.0,4782976.0,4783259.0,4783500.0,4783771.0,4783999.0,4784241.0,4784494.0,4784736.0,4784939.0,4785183.0,4785399.0,4785625.0,4785834.0,4786028.0,4786198
aFNCqUjz-lM,5658270.0,5658423.0,5658535.0,5658661.0,5658798.0,5658939.0,5659054.0,5659165.0,5659289.0,5659428.0,5659528.0,5659672.0,5659794.0,5659919.0,5660062.0,5660195.0,5660326.0,5660466.0,5660602.0,5660735.0,5660874.0,5661029.0,5661218.0,5661338.0,5661469.0,5661591.0,5661712.0,5661829.0,5661962.0,5662113.0,5662262.0,5662361.0,5662483.0,5662602.0,5662721.0,5662864.0,5662979.0,5663103.0,5663208.0,5663319.0,5663434.0,5663591.0,5663758.0,5663935.0,5664096.0,5664268.0,5664434.0,5664569.0,5664741.0,5665122.0,5665566.0,5665895.0,5666186.0,5666508.0,5666782.0,5666983.0,5667260.0,5667507.0,5667717.0,5667926.0,5668117.0,5668282.0,5668428.0,5668563.0,5668711.0,5668828.0,5668931.0,5669082.0,5669239.0,5669385.0,5669535.0,5669645.0,5669765.0,5669890.0,5670018.0,5670111.0,5670243.0,5670335.0,5670460.0,5670577.0,5670660.0,5670775.0,5670904.0,5671023.0,5671136.0,5671289.0,5671410.0,5671522.0,5671642.0,5671762.0,5671892.0,5672003.0,5672093.0,5672202.0,5672305.0,5672405.0,5672523.0,5672626.0,5672729.0,5672841.0,5672922.0,5673012.0,5673115.0,5673197.0,5673319.0,5673411.0,5673502.0,5673573.0,5673676.0,5673781.0,5673910.0,5674013.0,5674098.0,5674220.0,5674382.0,5674515.0,5674627.0,5674723.0,5674851.0,5674982.0,5675096.0,5675197.0,5675297.0,5675411.0,5675504.0,5675614.0,5675711.0,5675816.0,5675905.0,5675997.0,5676102.0,5676193.0,5676274.0,5676398.0,,,,,,,,,5677205.0,5677288.0,5677365.0,5677466.0,5677573.0,5677664.0,5677778.0,5677842.0,5677931.0,5678041.0,5678123.0,5678226.0,5678331.0,5678414.0,5678515.0,5678601.0,5678691.0,5678773.0,5678866.0,5678946.0,5679017.0,5679082.0,5679148.0,5679250.0,5679322.0,5679400.0,5679477.0,5679544.0,5679627.0,5679717.0,5679811.0,5679898.0,5679992.0,5680060.0,5680122.0,5680206.0,5680315.0,5680428.0,5680529.0,5680610.0,5680676.0,5680758.0,5680823.0,5680884.0,5680940.0,5681028.0,5681102.0,5681174.0,5681254.0,5681343.0,5681401.0,5681468.0,5681530.0,5681594.0,5681669.0,5681741.0,5681803.0,5681856.0,5681926.0,5681993.0,5682059.0,5682121.0,5682198.0,5682260.0,5682302.0,5682371.0,5682428.0,5682502.0,5682558.0,5682618.0,5682692.0,5682752.0,5682820.0,5682894.0,5682963.0,5683035.0,5683116.0,5683173.0,5683233.0,5683316.0,5683409.0,5683469.0,5683550.0,5683633.0,5683703.0,5683783.0,5683840.0,5683927.0,5683992.0,5684075.0,5684175.0,5684277.0,5684358.0,5684449.0,5684541.0,5684616.0,5684719.0,5684784.0,5684858.0,5684923.0,5685014.0,5685094.0,5685204.0,5685292.0,5685381.0,5685467.0,5685543.0,5685623.0,5685702.0,5685777.0,5685841.0,5685931.0,5686012.0,5686083.0,5686160.0,5686226.0,5686289.0,5686374.0,5686425.0,5686482.0,5686532.0,,5686654.0,5686721.0,5686786.0,5686866.0,5686934.0,5687003.0,5687078.0,5687165.0,5687225.0,5687289.0,5687351.0,5687422.0,5687480.0,5687532.0,5687601.0,5687669.0,5687736.0,5687839.0,5687911.0,5687981.0,5688076.0,5688154.0,5688245.0,5688333.0,5688418.0,5688476.0,5688548.0,5688634.0,5688705.0,5688775.0,5688847.0,5688934.0,5689000.0,5689058.0,5689126.0,5689210.0,5689291.0,5689382.0,5689459.0,5689530.0,5689598.0,5689675.0,5689759.0,5689836.0,5689922.0,5690004.0,5690077.0,5690168.0,5690245.0,5690337.0,5690421.0,5690495.0,5690620.0,5690710.0,5690789.0,5690910.0,5691002.0,5691079.0,5691179.0,5691297.0,5691400.0,5691477.0,5691585.0,5691679.0,5691787.0,5691864.0,5691954.0,5692038.0,5692132.0,5692239.0,5692331.0,5692454.0,5692558.0,5692672.0,5692767.0,5692853.0,5692986.0,5693099.0,5693213.0,5693342.0,5693470.0,5693569.0,5693696.0,5693808.0,5693941.0,5694063.0,5694189.0,5694335.0,5694461.0,5694552.0,5694686.0,5694787.0,5694897.0,5695030.0,5695144.0,5695254.0,5695360.0,5695481.0,5695580.0,5695662.0,5695784.0,5695878.0,5695960.0,5696054.0,5696153.0,5696232.0,5696345.0,5696430.0,5696506.0,5696612.0,5696712.0,5696787.0,5696887.0,5696966
RvnGjz9Z594,1923103.0,1923596.0,1923990.0,1924540.0,1925011.0,1925420.0,1925821.0,1926316.0,1926654.0,1927320.0,1927800.0,1928263.0,1928855.0,1929497.0,1930052.0,1930466.0,1931011.0,1931547.0,1932188.0,1932631.0,1933051.0,1933616.0,1933971.0,1934450.0,1935173.0,1935792.0,1936438.0,1936930.0,1937408.0,1937930.0,1938464.0,1938811.0,1939722.0,1940032.0,1940576.0,1941203.0,1941579.0,1942019.0,1942430.0,1943006.0,1943657.0,1944371.0,1945111.0,1945573.0,1946140.0,1946796.0,1947425.0,1948035.0,1948609.0,1949224.0,1949612.0,1950085.0,1950572.0,1951287.0,1951813.0,1952399.0,1952950.0,1953438.0,1953854.0,1954371.0,1954812.0,1955622.0,1956567.0,1957307.0,1958056.0,1958495.0,1959003.0,1959626.0,1960325.0,1960948.0,1961515.0,1961968.0,1962482.0,1963137.0,1963419.0,1964035.0,1964455.0,1964689.0,1965144.0,1965693.0,1966018.0,1966520.0,1966815.0,1967589.0,1967794.0,1968631.0,1969022.0,1969760.0,1970634.0,1971207.0,1971773.0,1972030.0,1972683.0,1973431.0,1973968.0,1974670.0,1975147.0,1975734.0,1976139.0,1976750.0,1977452.0,1978091.0,1979043.0,1980138.0,1981066.0,1981942.0,1982709.0,1983559.0,1984244.0,1985134.0,1986102.0,1986839.0,1987792.0,1988497.0,1989093.0,1989825.0,1990533.0,1991325.0,1992026.0,1992759.0,1993471.0,1994161.0,1994650.0,1995366.0,1996060.0,1996731.0,1997419.0,1998042.0,1998789.0,1999570.0,2000653.0,2002384.0,2003595.0,2005124.0,,,,,,,,,2015142.0,2016321.0,2017409.0,2018470.0,2019647.0,2020790.0,2021858.0,2022873.0,2023862.0,2025108.0,2026127.0,2027177.0,2028039.0,2029090.0,2029849.0,2030753.0,2031731.0,2032715.0,2033776.0,2034771.0,2035777.0,2036713.0,2037772.0,2038592.0,2039433.0,2040245.0,2041131.0,2041958.0,2042666.0,2043245.0,2044045.0,2044837.0,2045680.0,2046442.0,2047177.0,2047797.0,2048416.0,2049112.0,2049840.0,2050519.0,2051278.0,2052015.0,2052577.0,2053235.0,2053956.0,2054706.0,2055442.0,2056077.0,2056719.0,2057265.0,2057973.0,2058540.0,2059196.0,2059867.0,2060371.0,2061022.0,2061565.0,2062204.0,2062778.0,2063386.0,2063946.0,2064554.0,2065104.0,2065687.0,2066283.0,2066812.0,2067575.0,2068044.0,2068403.0,2068897.0,2069313.0,2069817.0,2070341.0,2070902.0,2071381.0,2071904.0,2072450.0,2072914.0,2073353.0,2073967.0,2074422.0,2074882.0,2075407.0,2076050.0,2076509.0,2076949.0,2077463.0,2077991.0,2078432.0,2079005.0,2079454.0,2079953.0,2080428.0,2080952.0,2081480.0,2082036.0,2082479.0,2083026.0,2083590.0,2084066.0,2084565.0,2085118.0,2085732.0,2086220.0,2086608.0,2087002.0,2087327.0,2087759.0,2088263.0,2088835.0,2089309.0,2089727.0,2090153.0,2090605.0,2090966.0,2091303.0,2091739.0,2092396.0,2092925.0,2093312.0,2093805.0,,2094696.0,2095059.0,2095527.0,2096048.0,2096481.0,2096961.0,2097438.0,2097884.0,2098385.0,2098949.0,2099380.0,2099886.0,2100356.0,2100943.0,2101484.0,2102078.0,2102550.0,2103090.0,2103498.0,2104094.0,2104615.0,2105186.0,2105699.0,2106295.0,2106750.0,2107241.0,2107781.0,2108303.0,2109015.0,2109607.0,2110308.0,2111014.0,2111591.0,2112208.0,2112973.0,2113558.0,2114221.0,2114759.0,2115182.0,2115759.0,2116245.0,2116836.0,2117465.0,2118098.0,2118703.0,2119300.0,2119770.0,2120371.0,2120971.0,2121577.0,2122116.0,2122660.0,2123267.0,2123785.0,2124264.0,2124891.0,2125410.0,2125935.0,2126527.0,2126986.0,2127498.0,2128110.0,2128709.0,2129228.0,2129915.0,2130457.0,2131080.0,2131654.0,2132262.0,2132910.0,2133532.0,2134148.0,2134768.0,2135444.0,2136012.0,2136586.0,2137354.0,2137858.0,2138631.0,2139284.0,2139903.0,2140499.0,2141055.0,2141739.0,2142357.0,2143033.0,2143665.0,2144305.0,2144937.0,2145469.0,2146060.0,2146824.0,2147469.0,2147981.0,2148620.0,2149156.0,2149709.0,2150276.0,2150843.0,2151387.0,2151921.0,2152364.0,2152870.0,2153371.0,2153902.0,2154571.0,2155022.0,2155519.0,2155992.0,2156466.0,2156927.0,2157432.0,2157903.0,2158391
RcJMPMH3sw8,2893729.0,2894516.0,2895124.0,2896057.0,2896641.0,2897236.0,2897830.0,2898489.0,2899097.0,2899810.0,2900291.0,2901027.0,2901734.0,2902582.0,2903472.0,2904039.0,2904892.0,2905560.0,2906221.0,2907092.0,2907814.0,2908634.0,2909355.0,2910087.0,2910979.0,2911865.0,2912643.0,2913359.0,2914217.0,2914949.0,2915714.0,2916398.0,2917454.0,2918025.0,2918847.0,2919689.0,2920216.0,2921087.0,2921771.0,2922577.0,2923484.0,2924344.0,2925205.0,2926057.0,2926974.0,2927750.0,2928697.0,2929591.0,2930541.0,2931420.0,2932035.0,2932869.0,2933541.0,2934499.0,2935344.0,2936155.0,2936944.0,2937654.0,2938318.0,2939149.0,2939845.0,2940685.0,2941853.0,2942895.0,2943776.0,2944528.0,2945201.0,2946118.0,2946895.0,2947795.0,2948422.0,2949017.0,2949537.0,2950491.0,2950790.0,2951650.0,2952176.0,2952485.0,2953218.0,2953842.0,2954561.0,2955142.0,2956025.0,2956817.0,2957411.0,2958423.0,2959422.0,2960091.0,2961985.0,2963824.0,2964660.0,2965094.0,2966197.0,2967195.0,2968137.0,2969210.0,2970073.0,2971069.0,2971941.0,2972867.0,2973838.0,2974801.0,2975950.0,2977279.0,2978348.0,2979545.0,2980564.0,2983028.0,2985389.0,2987167.0,2989539.0,2991180.0,2993529.0,2995904.0,2998047.0,3000081.0,3002597.0,3005029.0,3007114.0,3008942.0,3010925.0,3012857.0,3014199.0,3015969.0,3017690.0,3019021.0,3020824.0,3022505.0,3024295.0,3025909.0,3027583.0,3029367.0,3030786.0,3032764.0,,,,,,,,,3047990.0,3049352.0,3050910.0,3052580.0,3054232.0,3056074.0,3057560.0,3058838.0,3060755.0,3062335.0,3063782.0,3065294.0,3066864.0,3068384.0,3069708.0,3071174.0,3072699.0,3074327.0,3075803.0,3077112.0,3078654.0,3080016.0,3081376.0,3082450.0,3083806.0,3085150.0,3086367.0,3087596.0,3088693.0,3089927.0,3091062.0,3092290.0,3093267.0,3094712.0,3095864.0,3096718.0,3097976.0,3099006.0,3100084.0,3101428.0,3102550.0,3103657.0,3104777.0,3105757.0,3106986.0,3108105.0,3109140.0,3110275.0,3111388.0,3112350.0,3113335.0,3114418.0,3115560.0,3116678.0,3117695.0,3118758.0,3119546.0,3120411.0,3121626.0,3122544.0,3123396.0,3124375.0,3125335.0,3126332.0,3127275.0,3128283.0,3129405.0,3130178.0,3130953.0,3131844.0,3132710.0,3133582.0,3134524.0,3135493.0,3136485.0,3137411.0,3138377.0,3139168.0,3139971.0,3140875.0,3141917.0,3142723.0,3143662.0,3144671.0,3145538.0,3146452.0,3147303.0,3148281.0,3149257.0,3150096.0,3151011.0,3151752.0,3152606.0,3153475.0,3154492.0,3155482.0,3156422.0,3157419.0,3158425.0,3159264.0,3160288.0,3161225.0,3162218.0,3163024.0,3164023.0,3164774.0,3165538.0,3166472.0,3167535.0,3171292.0,3174199.0,3176404.0,3178584.0,3180571.0,3182395.0,3184325.0,3185817.0,3187830.0,3189783.0,3191720.0,3193408.0,,3196670.0,3198513.0,3200321.0,3202040.0,3203865.0,3205316.0,3207080.0,3208574.0,3210354.0,3211938.0,3213497.0,3215029.0,3216522.0,3217941.0,3219285.0,3220774.0,3222260.0,3223782.0,3225123.0,3226642.0,3228027.0,3229503.0,3231338.0,3233149.0,3234556.0,3235939.0,3237513.0,3238937.0,3240595.0,3241991.0,3243449.0,3244782.0,3246228.0,3247293.0,3248899.0,3250293.0,3251729.0,3252918.0,3254081.0,3255514.0,3256733.0,3258127.0,3259674.0,3261155.0,3262550.0,3263985.0,3265292.0,3266461.0,3267817.0,3269258.0,3270539.0,3271655.0,3272941.0,3274014.0,3275121.0,3276275.0,3277494.0,3278690.0,3280009.0,3281256.0,3282604.0,3283787.0,3285136.0,3286317.0,3287602.0,3288848.0,3290024.0,3291105.0,3292142.0,3293303.0,3294375.0,3295460.0,3296619.0,3297710.0,3298813.0,3299815.0,3301071.0,3302086.0,3303341.0,3304528.0,3305695.0,3307016.0,3308183.0,3309408.0,3310504.0,3311720.0,3312870.0,3314111.0,3315206.0,3316249.0,3317330.0,3318499.0,3319713.0,3320758.0,3321870.0,3322829.0,3323796.0,3324847.0,3325810.0,3326766.0,3327643.0,3328521.0,3329627.0,3330492.0,3331355.0,3332233.0,3333197.0,3334068.0,3335006.0,3335811.0,3336678.0,3337513.0,3338518.0,3339364
JeSuEyC95r4,20582.0,20582.0,20585.0,20586.0,20586.0,20587.0,20589.0,20589.0,20590.0,20592.0,20596.0,20598.0,20600.0,20602.0,20603.0,20609.0,20609.0,20612.0,20614.0,20616.0,20620.0,20623.0,20623.0,20623.0,20623.0,20624.0,20624.0,20626.0,20631.0,20631.0,20632.0,20634.0,20635.0,20638.0,20641.0,20644.0,20647.0,20650.0,20651.0,20654.0,20657.0,20663.0,20664.0,20667.0,20672.0,20672.0,20675.0,20676.0,20677.0,20681.0,20683.0,20685.0,20685.0,20687.0,20688.0,20690.0,20689.0,20691.0,20692.0,20693.0,20696.0,20698.0,20697.0,20698.0,20705.0,20705.0,20708.0,20710.0,20711.0,20720.0,20724.0,20727.0,20728.0,20730.0,20731.0,20733.0,20735.0,20737.0,20740.0,20743.0,20745.0,20747.0,20750.0,20750.0,20753.0,20758.0,20762.0,20771.0,20772.0,20776.0,20777.0,20780.0,20781.0,20783.0,20785.0,20790.0,20795.0,20801.0,20807.0,20807.0,20811.0,20817.0,20820.0,20821.0,20824.0,20824.0,20829.0,20836.0,20841.0,20844.0,20845.0,20848.0,20850.0,20853.0,20853.0,20855.0,20856.0,20857.0,20859.0,20865.0,20868.0,20872.0,20877.0,20877.0,20879.0,20881.0,20882.0,20888.0,20899.0,20901.0,20904.0,20913.0,20917.0,20920.0,,,,,,,,,20948.0,20952.0,20954.0,20955.0,20958.0,20959.0,20961.0,20963.0,20967.0,20969.0,20972.0,20972.0,20975.0,20976.0,20978.0,20979.0,20982.0,20985.0,20996.0,21001.0,21001.0,21004.0,21005.0,21009.0,21011.0,21011.0,21011.0,21012.0,21016.0,21017.0,21018.0,21019.0,21019.0,21020.0,21020.0,21023.0,21023.0,21023.0,21024.0,21024.0,21026.0,21030.0,21031.0,21032.0,21034.0,21035.0,21036.0,21036.0,21039.0,21040.0,21040.0,21045.0,21049.0,21050.0,21052.0,21058.0,21059.0,21062.0,21062.0,21066.0,21068.0,21068.0,21069.0,21072.0,21074.0,21075.0,21077.0,21079.0,21082.0,21085.0,21087.0,21090.0,21092.0,21093.0,21095.0,21096.0,21097.0,21097.0,21098.0,21098.0,21099.0,21101.0,21102.0,21105.0,21107.0,21109.0,21109.0,21111.0,21113.0,21114.0,21114.0,21115.0,21117.0,21118.0,21119.0,21120.0,21120.0,21120.0,21122.0,21123.0,21125.0,21127.0,21128.0,21131.0,21133.0,21133.0,21135.0,21136.0,21136.0,21138.0,21140.0,21141.0,21141.0,21142.0,21143.0,21144.0,21144.0,21144.0,21146.0,21147.0,21152.0,,21159.0,21160.0,21161.0,21163.0,21164.0,21164.0,21164.0,21165.0,21169.0,21170.0,21171.0,21172.0,21174.0,21174.0,21175.0,21176.0,21178.0,21179.0,21179.0,21181.0,21183.0,21183.0,21184.0,21185.0,21186.0,21187.0,21189.0,21190.0,21191.0,21192.0,21194.0,21195.0,21196.0,21197.0,21198.0,21199.0,21201.0,21203.0,21206.0,21207.0,21209.0,21211.0,21212.0,21213.0,21217.0,21217.0,21220.0,21222.0,21222.0,21225.0,21227.0,21231.0,21235.0,21238.0,21240.0,21243.0,21247.0,21247.0,21248.0,21249.0,21251.0,21257.0,21260.0,21261.0,21264.0,21264.0,21269.0,21270.0,21272.0,21275.0,21277.0,21289.0,21295.0,21304.0,21309.0,21312.0,21319.0,21327.0,21331.0,21335.0,21336.0,21338.0,21345.0,21345.0,21346.0,21350.0,21352.0,21356.0,21357.0,21360.0,21362.0,21364.0,21368.0,21373.0,21377.0,21379.0,21384.0,21390.0,21393.0,21396.0,21400.0,21405.0,21408.0,21411.0,21421.0,21419.0,21420.0,21423.0,21425.0,21428.0,21431.0,21437.0,21440.0,21440
PpnDFnadPwk,26539.0,26545.0,26555.0,26569.0,26579.0,26590.0,26599.0,26608.0,26617.0,26623.0,26632.0,26643.0,26647.0,26659.0,26674.0,26687.0,26700.0,26713.0,26720.0,26728.0,26741.0,26749.0,26760.0,26767.0,26770.0,26779.0,26789.0,26796.0,26804.0,26811.0,26822.0,26830.0,26836.0,26842.0,26847.0,26852.0,26873.0,26889.0,26901.0,26909.0,26913.0,26922.0,26926.0,26928.0,26930.0,26934.0,26935.0,26939.0,26942.0,26945.0,26951.0,26956.0,26961.0,26963.0,26974.0,26979.0,26984.0,26984.0,26990.0,26993.0,26997.0,27003.0,27010.0,27012.0,27016.0,27025.0,27036.0,27038.0,27048.0,27056.0,27064.0,27068.0,27076.0,27084.0,27093.0,27102.0,27117.0,27136.0,27154.0,27165.0,27177.0,27182.0,27188.0,27209.0,27217.0,27220.0,27223.0,27231.0,27240.0,27244.0,27249.0,27256.0,27262.0,27265.0,27269.0,27272.0,27273.0,27277.0,27279.0,27284.0,27288.0,27296.0,27305.0,27316.0,27324.0,27330.0,27337.0,27344.0,27355.0,27361.0,27375.0,27381.0,27387.0,27389.0,27402.0,27408.0,27412.0,27430.0,27435.0,27440.0,27452.0,27462.0,27468.0,27476.0,27483.0,27489.0,27490.0,27493.0,27499.0,27510.0,27513.0,27520.0,27528.0,27531.0,,,,,,,,,27661.0,27732.0,27769.0,27806.0,27825.0,27844.0,27871.0,27893.0,27911.0,27930.0,27945.0,27970.0,27999.0,28021.0,28046.0,28079.0,28112.0,28131.0,28165.0,28183.0,28200.0,28213.0,28234.0,28248.0,28273.0,28296.0,28314.0,28325.0,28338.0,28351.0,28363.0,28374.0,28383.0,28396.0,28425.0,28432.0,28451.0,28465.0,28484.0,28491.0,28526.0,28543.0,28561.0,28569.0,28581.0,28592.0,28598.0,28607.0,28623.0,28633.0,28637.0,28646.0,28651.0,28661.0,28668.0,28678.0,28683.0,28691.0,28707.0,28720.0,28728.0,28741.0,28751.0,28753.0,28764.0,28770.0,28773.0,28780.0,28790.0,28803.0,28811.0,28818.0,28826.0,28833.0,28842.0,28847.0,28855.0,28862.0,28873.0,28883.0,28896.0,28906.0,28921.0,28940.0,28952.0,28962.0,28972.0,28976.0,28989.0,29001.0,29007.0,29016.0,29028.0,29040.0,29050.0,29058.0,29075.0,29079.0,29084.0,29091.0,29100.0,29110.0,29121.0,29132.0,29137.0,29144.0,29154.0,29161.0,29164.0,29167.0,29175.0,29181.0,29187.0,29197.0,29209.0,29214.0,29223.0,29234.0,29240.0,29250.0,29258.0,,29273.0,29275.0,29282.0,29283.0,29288.0,29294.0,29306.0,29310.0,29318.0,29323.0,29336.0,29339.0,29348.0,29352.0,29360.0,29366.0,29376.0,29379.0,29387.0,29393.0,29400.0,29411.0,29418.0,29435.0,29468.0,29482.0,29498.0,29513.0,29521.0,29532.0,29541.0,29552.0,29562.0,29568.0,29574.0,29580.0,29588.0,29599.0,29606.0,29619.0,29627.0,29639.0,29660.0,29668.0,29672.0,29682.0,29695.0,29705.0,29716.0,29727.0,29739.0,29748.0,29753.0,29759.0,29763.0,29766.0,29773.0,29779.0,29783.0,29784.0,29788.0,29796.0,29815.0,29822.0,29827.0,29830.0,29835.0,29842.0,29845.0,29850.0,29859.0,29863.0,29865.0,29867.0,29878.0,29881.0,29881.0,29884.0,29889.0,29895.0,29899.0,29906.0,29910.0,29914.0,29915.0,29921.0,29929.0,29933.0,29937.0,29943.0,29953.0,29956.0,29957.0,29966.0,29974.0,29976.0,29977.0,29989.0,29995.0,30006.0,30015.0,30023.0,30035.0,30043.0,30046.0,30053.0,30062.0,30069.0,30078.0,30083.0,30089.0,30098.0,30108.0,30112
Mx92lTYxrJQ,243588358.0,243805283.0,244054310.0,244294739.0,244519446.0,244751069.0,244985863.0,245247174.0,245511801.0,245766846.0,246012426.0,246245055.0,246499491.0,246743304.0,247004328.0,247268983.0,247533042.0,247779292.0,248011129.0,248261494.0,248515071.0,248767542.0,249015624.0,249282444.0,249532389.0,249780180.0,250026049.0,250292716.0,250555431.0,250812545.0,251054784.0,251283395.0,251518213.0,251759544.0,251999396.0,252233709.0,252464550.0,252730879.0,252972925.0,253195151.0,253425748.0,253670616.0,253911196.0,254156125.0,254399575.0,254633086.0,254846845.0,255092111.0,255340919.0,255595675.0,255853360.0,256114589.0,256365190.0,256598987.0,256842802.0,257087251.0,257323773.0,257566280.0,257819953.0,258078703.0,258315281.0,258554684.0,258789801.0,259033635.0,259280851.0,259552425.0,259790583.0,260034786.0,260250566.0,260525079.0,260766668.0,261003417.0,261251426.0,261490870.0,261718983.0,261953269.0,262187417.0,262434421.0,262677153.0,262930851.0,263155590.0,263379641.0,263606715.0,263850139.0,264087362.0,264332243.0,264585012.0,264819311.0,265029694.0,265243077.0,265466279.0,265679636.0,265909921.0,266152739.0,266393274.0,266610479.0,266835608.0,267060256.0,267302399.0,267558792.0,267826531.0,268080708.0,268303504.0,268533060.0,268759389.0,268987964.0,269231906.0,269498635.0,269758317.0,269985102.0,270212928.0,270451484.0,270690149.0,270929496.0,271183664.0,271432865.0,271661290.0,271896030.0,272124245.0,272333818.0,272546222.0,272765994.0,272989611.0,273197814.0,273425208.0,273648550.0,273875666.0,274105759.0,274355616.0,274600852.0,274855821.0,275108292.0,275359311.0,275626731.0,,,,,,,,,278363261.0,278669605.0,278940448.0,279197148.0,279480075.0,279733731.0,280010381.0,280323177.0,280655347.0,280963354.0,281291725.0,281679582.0,282084554.0,282504574.0,282932056.0,283365068.0,283779096.0,284166137.0,284569209.0,284929882.0,285209497.0,285499041.0,285783017.0,286042178.0,286310995.0,286582295.0,286848163.0,287106179.0,287376141.0,287650728.0,287899645.0,288142911.0,288384734.0,288619991.0,288858282.0,289100246.0,289333563.0,289557765.0,289788255.0,290020918.0,290249845.0,290475457.0,290713272.0,290945239.0,291166144.0,291388709.0,291611202.0,291835332.0,292063283.0,292297493.0,292524012.0,292727601.0,292938438.0,293162805.0,293383078.0,293606000.0,293833977.0,294046719.0,294253206.0,294479218.0,294708770.0,294927071.0,295112463.0,295314873.0,295514150.0,295719462.0,295947031.0,296171795.0,296395061.0,296581085.0,296797545.0,297011673.0,297206795.0,297408933.0,297610536.0,297816294.0,298045341.0,298278539.0,298502931.0,298708391.0,298909739.0,299107666.0,299331518.0,299548720.0,299770365.0,299993825.0,300194804.0,300405652.0,300617817.0,300835387.0,301055326.0,301287110.0,301514499.0,301723868.0,301935109.0,302154790.0,302374983.0,302592561.0,302831806.0,303052590.0,303267368.0,303475259.0,303688709.0,303901381.0,304118558.0,304333109.0,304543475.0,304742249.0,304951084.0,305169410.0,305394332.0,305618702.0,305862820.0,306097656.0,306315843.0,306531226.0,306742708.0,306951569.0,307167126.0,307383977.0,307597445.0,,307998889.0,308207222.0,308415823.0,308619860.0,308840105.0,309056901.0,309277137.0,309493181.0,309727367.0,309958884.0,310186190.0,310429520.0,310672025.0,310889371.0,311111133.0,311333601.0,311579768.0,311827721.0,312074834.0,312313922.0,312537346.0,312773805.0,313018194.0,313263171.0,313511552.0,313757344.0,314000308.0,314237115.0,314471292.0,314703627.0,314939344.0,315177374.0,315428047.0,315699416.0,315956508.0,316204334.0,316447670.0,316692511.0,316935492.0,317184153.0,317435543.0,317676946.0,317927531.0,318165856.0,318417053.0,318658066.0,318889651.0,319137664.0,319367428.0,319594758.0,319842539.0,320089949.0,320343889.0,320594187.0,320829529.0,321074476.0,321315104.0,321556846.0,321795359.0,322041836.0,322290884.0,322535844.0,322764953.0,323003631.0,323244540.0,323480240.0,323733836.0,323997205.0,324272439.0,324537490.0,324805911.0,325078039.0,325361457.0,325628134.0,325906944.0,326185122.0,326452002.0,326722484.0,327005586.0,327279860.0,327563867.0,327845662.0,328129052.0,328397886.0,328669430.0,328952134.0,329244440.0,329542361.0,329849224.0,330146496.0,330432715.0,330714046.0,330985735.0,331249522.0,331522423.0,331802077.0,332062768.0,332314830.0,332582370.0,332861151.0,333125171.0,333406251.0,333693572.0,333963907.0,334223351.0,334533052.0,334866760.0,335221151.0,335601162.0,336014955.0,336405226.0,336777326.0,337147361.0,337506019
eQNHDV7lKgE,219625509.0,219709857.0,219803170.0,219895093.0,219983776.0,220072115.0,220166094.0,220259614.0,220353858.0,220452124.0,220553923.0,220647523.0,220748834.0,220849014.0,220954439.0,221059743.0,221166859.0,221271014.0,221366715.0,221466151.0,221568433.0,221673893.0,221779174.0,221894769.0,222004674.0,222107800.0,222209550.0,222309982.0,222417426.0,222536068.0,222649537.0,222757677.0,222869994.0,222985779.0,223101890.0,223213452.0,223372771.0,223555364.0,223718825.0,223861507.0,223990910.0,224113458.0,224238289.0,224362293.0,224488907.0,224605204.0,224709365.0,224817406.0,224926266.0,225028301.0,225126887.0,225239762.0,225349018.0,225450224.0,225552828.0,225652710.0,225750401.0,225844667.0,225945261.0,226040987.0,226130179.0,226234245.0,226335768.0,226430359.0,226530448.0,226624834.0,226710179.0,226805998.0,226897861.0,227025756.0,227138936.0,227244972.0,227345467.0,227442702.0,227540836.0,227640477.0,227745460.0,227857052.0,227968724.0,228079738.0,228184955.0,228282756.0,228376493.0,228476081.0,228570460.0,228666647.0,228768122.0,228873833.0,228967547.0,229053824.0,229144114.0,229238267.0,229340023.0,229444139.0,229548624.0,229636904.0,229724946.0,229816130.0,229909040.0,230006207.0,230112950.0,230227835.0,230326645.0,230417716.0,230513183.0,230611038.0,230701084.0,230802127.0,230906000.0,231004999.0,231101037.0,231201279.0,231299427.0,231403439.0,231513924.0,231621975.0,231716019.0,231809661.0,231903385.0,231991231.0,232077072.0,232173519.0,232273259.0,232364979.0,232466481.0,232567079.0,232670877.0,232780182.0,232900426.0,233017607.0,233125054.0,233232627.0,233342285.0,233454304.0,,,,,,,,,234541394.0,234655562.0,234758027.0,234866171.0,234974844.0,235081558.0,235177611.0,235276672.0,235398643.0,235509859.0,235627689.0,235767792.0,235891591.0,236010576.0,236131563.0,236257894.0,236371333.0,236489901.0,236590821.0,236678388.0,236764981.0,236861769.0,236952226.0,237029217.0,237107323.0,237186290.0,237271102.0,237358745.0,237446066.0,237541062.0,237618752.0,237697313.0,237775462.0,237856047.0,237940622.0,238038599.0,238135075.0,238222449.0,238313342.0,238405372.0,238496424.0,238586213.0,238683367.0,238780531.0,238866463.0,238950414.0,239036209.0,239124931.0,239212158.0,239306454.0,239397487.0,239478075.0,239559806.0,239648168.0,239734000.0,239827681.0,239933423.0,240044372.0,240145742.0,240259303.0,240374017.0,240483798.0,240586503.0,240697822.0,240802083.0,240907557.0,241021540.0,241135850.0,241243109.0,241340682.0,241449240.0,241552922.0,241643556.0,241735849.0,241830619.0,241922514.0,242016718.0,242113840.0,242208782.0,242296599.0,242385644.0,242475046.0,242569426.0,242675841.0,242778706.0,242881409.0,242972587.0,243067336.0,243159484.0,243252664.0,243345249.0,243444730.0,243543498.0,243633143.0,243725294.0,243818282.0,243913609.0,244007964.0,244111871.0,244212959.0,244303647.0,244394242.0,244486258.0,244576658.0,244664809.0,244754021.0,244842580.0,244922386.0,245003311.0,245090430.0,245180756.0,245270017.0,245367814.0,245460848.0,245545502.0,245630465.0,245711126.0,245794488.0,245881798.0,245972384.0,246064800.0,,246240287.0,246330283.0,246420557.0,246534502.0,246661716.0,246769351.0,246865401.0,246953616.0,247036018.0,247123228.0,247208045.0,247297567.0,247387623.0,247466394.0,247537890.0,247612365.0,247691435.0,247770241.0,247855708.0,247939210.0,248014301.0,248091709.0,248172828.0,248256642.0,248340500.0,248431696.0,248520865.0,248609430.0,248698608.0,248787767.0,248880254.0,248975817.0,249077850.0,249170852.0,249262792.0,249356783.0,249449884.0,249543349.0,249640012.0,249734295.0,249823296.0,249907926.0,249994853.0,250078896.0,250167680.0,250255318.0,250348250.0,250443002.0,250530266.0,250614460.0,250698534.0,250783456.0,250869944.0,250958107.0,251046590.0,251125992.0,251204606.0,251283750.0,251366210.0,251445766.0,251530631.0,251613652.0,251687561.0,251760793.0,251836895.0,251914479.0,252001451.0,252092048.0,252178619.0,252257058.0,252330013.0,252401290.0,252476362.0,252556715.0,252646378.0,252736589.0,252819738.0,252899654.0,252982518.0,253062853.0,253148266.0,253235165.0,253318188.0,253393738.0,253468572.0,253550389.0,253635034.0,253723137.0,253815451.0,253904648.0,253989045.0,254070410.0,254153753.0,254237130.0,254317182.0,254402505.0,254484398.0,254561687.0,254640935.0,254725700.0,254810122.0,254897624.0,254990142.0,255078649.0,255162494.0,255243997.0,255326691.0,255409722.0,255491512.0,255572887.0,255653919.0,255724026.0,255795271.0,255870494
H0Ugx2a_-tw,25387024.0,25389436.0,25391820.0,25394464.0,25397121.0,25399747.0,25402423.0,25404908.0,25407615.0,25410606.0,25413535.0,25416336.0,25419543.0,25422401.0,25425238.0,25427959.0,25430607.0,25433019.0,25435474.0,25438026.0,25440460.0,25443250.0,25446038.0,25448357.0,25450750.0,25453103.0,25455358.0,25457495.0,25459626.0,25461703.0,25463960.0,25465979.0,25468396.0,25471535.0,25473898.0,25476236.0,25479263.0,25482235.0,25484627.0,25486676.0,25488654.0,25490868.0,25493029.0,25495404.0,25497609.0,25499556.0,25501396.0,25503321.0,25505070.0,25507077.0,25508791.0,25510762.0,25512563.0,25514336.0,25516357.0,25518461.0,25520563.0,25522656.0,25524964.0,25527072.0,25529181.0,25531243.0,25533465.0,25535617.0,25537732.0,25539924.0,25541910.0,25544495.0,25547760.0,25551195.0,25553993.0,25556649.0,25559388.0,25562012.0,25564776.0,25567461.0,25570030.0,25572351.0,25574559.0,25576691.0,25578764.0,25580875.0,25583065.0,25585221.0,25587421.0,25589585.0,25591640.0,25593410.0,25595249.0,25597070.0,25599081.0,25600821.0,25602516.0,25604388.0,25606215.0,25607738.0,25609265.0,25610732.0,25612246.0,25613749.0,25615435.0,25617107.0,25618491.0,25619936.0,25621356.0,25622756.0,25624336.0,25625740.0,25627347.0,25628804.0,25630179.0,25631671.0,25633096.0,25634604.0,25636169.0,25637679.0,25639101.0,25640485.0,25641729.0,25643120.0,25644436.0,25645894.0,25647367.0,25648719.0,25649863.0,25651028.0,25652243.0,25653547.0,25654876.0,25656074.0,25657190.0,25658268.0,25659344.0,25660429.0,,,,,,,,,25670366.0,25671541.0,25672590.0,25673645.0,25674668.0,25675700.0,25676645.0,25677694.0,25678736.0,25679639.0,25680689.0,25681744.0,25682897.0,25683944.0,25685113.0,25686270.0,25687268.0,25688229.0,25689247.0,25690331.0,25691369.0,25692626.0,25693786.0,25694834.0,25695865.0,25696858.0,25697896.0,25698972.0,25700042.0,25701054.0,25701975.0,25703025.0,25703985.0,25705009.0,25706024.0,25707075.0,25708102.0,25709004.0,25709933.0,25710932.0,25711963.0,25713019.0,25714159.0,25715279.0,25716471.0,25717542.0,25718558.0,25719686.0,25720707.0,25721802.0,25722898.0,25723874.0,25724933.0,25725998.0,25726999.0,25728107.0,25729172.0,25730218.0,25731300.0,25732478.0,25733573.0,25734601.0,25735611.0,25736682.0,25737696.0,25738916.0,25740194.0,25741492.0,25743121.0,25744283.0,25745513.0,25746808.0,25748097.0,25749324.0,25750451.0,25751609.0,25752873.0,25754162.0,25755510.0,25756796.0,25757979.0,25759118.0,25760453.0,25761692.0,25762859.0,25764047.0,25765257.0,25766333.0,25767489.0,25768763.0,25770042.0,25771418.0,25772721.0,25773985.0,25775342.0,25776649.0,25777851.0,25779389.0,25780685.0,25781860.0,25783027.0,25784249.0,25785511.0,25786709.0,25787996.0,25789261.0,25790516.0,25791532.0,25792701.0,25793710.0,25794738.0,25795997.0,25797293.0,25798444.0,25799656.0,25800781.0,25801990.0,25803200.0,25804359.0,25805594.0,25806694.0,,25808986.0,25810152.0,25811353.0,25812663.0,25814018.0,25815235.0,25816428.0,25817658.0,25818836.0,25820035.0,25821291.0,25822482.0,25823695.0,25824734.0,25825790.0,25826907.0,25827902.0,25829154.0,25830369.0,25831560.0,25832702.0,25833748.0,25834898.0,25836078.0,25837265.0,25838352.0,25839449.0,25840529.0,25841623.0,25842762.0,25843930.0,25845064.0,25846239.0,25847367.0,25848524.0,25849609.0,25850698.0,25851865.0,25853097.0,25854314.0,25855511.0,25856624.0,25857846.0,25859023.0,25860169.0,25861334.0,25862532.0,25863648.0,25864689.0,25865781.0,25866845.0,25868013.0,25869224.0,25870351.0,25871560.0,25872732.0,25873862.0,25875073.0,25876244.0,25877518.0,25878820.0,25880032.0,25881170.0,25882352.0,25883537.0,25884585.0,25885702.0,25886762.0,25887882.0,25888901.0,25889913.0,25890909.0,25891948.0,25893004.0,25894191.0,25895284.0,25896447.0,25897576.0,25898689.0,25899734.0,25900889.0,25902066.0,25903207.0,25904270.0,25905410.0,25906615.0,25907837.0,25909056.0,25910369.0,25911574.0,25912818.0,25914053.0,25915295.0,25916490.0,25917692.0,25918944.0,25920151.0,25921440.0,25922494.0,25923778.0,25924954.0,25926485.0,25927907.0,25929232.0,25930453.0,25931587.0,25932742.0,25933780.0,25934803.0,25935871.0,25936866.0,25937873.0,25938875.0,25939886
cYc0uRxjs3I,1311768.0,1311935.0,1312065.0,1312247.0,1312424.0,1312611.0,1312820.0,1313057.0,1313267.0,1313505.0,1313662.0,1313791.0,1314000.0,1314204.0,1314427.0,1314654.0,1314844.0,1315049.0,1315212.0,1315414.0,1315644.0,1315859.0,1316127.0,1316308.0,1316549.0,1316748.0,1317014.0,1317236.0,1317462.0,1317708.0,1317915.0,1318166.0,1318477.0,1319007.0,1319550.0,1320086.0,1320550.0,1320929.0,1321270.0,1321631.0,1321975.0,1322350.0,1322699.0,1323069.0,1323443.0,1323728.0,1324066.0,1324346.0,1324637.0,1324886.0,1325179.0,1325445.0,1325723.0,1325983.0,1326283.0,1326561.0,1326877.0,1327201.0,1327431.0,1327692.0,1327963.0,1328201.0,1328512.0,1328778.0,1329141.0,1329411.0,1329709.0,1330106.0,1330477.0,1331030.0,1331457.0,1331866.0,1332217.0,1332490.0,1332862.0,1333167.0,1333514.0,1333854.0,1334267.0,1334565.0,1334806.0,1335182.0,1335482.0,1335925.0,1336295.0,1336694.0,1337022.0,1337319.0,1337692.0,1337990.0,1338309.0,1338645.0,1338925.0,1339180.0,1339399.0,1339671.0,1339940.0,1340171.0,1340468.0,1340721.0,1340961.0,1341195.0,1341451.0,1341705.0,1342008.0,1342309.0,1342597.0,1342928.0,1343224.0,1343528.0,1343793.0,1344084.0,1344393.0,1344673.0,1344933.0,1345177.0,1345458.0,1345736.0,1346066.0,1346363.0,1346669.0,1346927.0,1347163.0,1347439.0,1347742.0,1347995.0,1348226.0,1348568.0,1348846.0,1349072.0,1349397.0,1349730.0,1350053.0,1350429.0,,,,,,,,,1353675.0,1354063.0,1354498.0,1354991.0,1355493.0,1356023.0,1356483.0,1356976.0,1357447.0,1358200.0,1358871.0,1359689.0,1360598.0,1361555.0,1362529.0,1363354.0,1364357.0,1365362.0,1366318.0,1367403.0,1368279.0,1369128.0,1369845.0,1370921.0,1372025.0,1373454.0,1374879.0,1376283.0,1377551.0,1378538.0,1380273.0,1382173.0,1384227.0,1386609.0,1389236.0,1391534.0,1393522.0,1396207.0,1399011.0,1402166.0,1405951.0,1410184.0,1414362.0,1417733.0,1420736.0,1423642.0,1426600.0,1429530.0,1432093.0,1434809.0,1436992.0,1439599.0,1442098.0,1444409.0,1446652.0,1448937.0,1451477.0,1453949.0,1456843.0,1460113.0,1465299.0,1471061.0,1473552.0,1475083.0,1476155.0,1477264.0,1478268.0,1479228.0,1480056.0,1480773.0,1481569.0,1482141.0,1482853.0,1483551.0,1484196.0,1484922.0,1485529.0,1486025.0,1486503.0,1486986.0,1487486.0,1487884.0,1488296.0,1488777.0,1489106.0,1489517.0,1489984.0,1490384.0,1490795.0,1491181.0,1491537.0,1491895.0,1492212.0,1492483.0,1492822.0,1493153.0,1493492.0,1493862.0,1494080.0,1494366.0,1494674.0,1494938.0,1495212.0,1495574.0,1495831.0,1496075.0,1496306.0,1496542.0,1496809.0,1497030.0,1497293.0,1497513.0,1497761.0,1497923.0,1498127.0,1498318.0,1498495.0,1498672.0,1498868.0,1499053.0,1499183.0,,1499576.0,1499759.0,1499969.0,1500135.0,1500297.0,1500466.0,1500649.0,1500818.0,1500944.0,1501127.0,1501287.0,1501453.0,1501631.0,1501825.0,1502024.0,1502257.0,1502485.0,1502729.0,1502939.0,1503117.0,1503366.0,1503631.0,1503824.0,1504017.0,1504262.0,1504449.0,1504631.0,1504880.0,1505078.0,1505265.0,1505435.0,1505629.0,1505828.0,1505961.0,1506103.0,1506270.0,1506507.0,1506704.0,1506893.0,1507052.0,1507176.0,1507338.0,1507519.0,1507721.0,1507911.0,1508098.0,1508353.0,1508576.0,1508906.0,1509245.0,1509560.0,1509853.0,1510233.0,1510598.0,1510913.0,1511249.0,1511630.0,1511992.0,1512397.0,1512810.0,1513170.0,1513478.0,1513799.0,1514170.0,1514539.0,1514901.0,1515239.0,1515589.0,1515941.0,1516354.0,1516735.0,1517131.0,1517519.0,1517900.0,1518284.0,1518669.0,1519066.0,1519490.0,1519866.0,1520226.0,1520602.0,1520925.0,1521180.0,1521450.0,1521750.0,1521992.0,1522319.0,1522612.0,1522851.0,1523094.0,1523375.0,1523643.0,1523974.0,1524330.0,1524655.0,1524927.0,1525255.0,1525592.0,1525943.0,1526269.0,1526565.0,1527050.0,1527352.0,1527586.0,1527900.0,1528211.0,1528541.0,1528806.0,1529123.0,1529383.0,1529667.0,1529969.0,1530253.0,1530566
nxR-vo5jzK8,1525.0,1525.0,1525.0,1525.0,1526.0,1526.0,1527.0,1527.0,1527.0,1527.0,1528.0,1529.0,1529.0,1530.0,1530.0,1530.0,1530.0,1530.0,1530.0,1530.0,1530.0,1530.0,1530.0,1530.0,1530.0,1530.0,1530.0,1530.0,1530.0,1530.0,1531.0,1531.0,1537.0,1538.0,1538.0,1538.0,1538.0,1538.0,1538.0,1538.0,1538.0,1539.0,1539.0,1540.0,1541.0,1541.0,1542.0,1543.0,1543.0,1543.0,1543.0,1543.0,1543.0,1544.0,1544.0,1544.0,1544.0,1544.0,1544.0,1544.0,1544.0,1545.0,1545.0,1545.0,1545.0,1545.0,1545.0,1545.0,1546.0,1546.0,1546.0,1547.0,1547.0,1547.0,1547.0,1547.0,1547.0,1548.0,1548.0,1548.0,1548.0,1548.0,1548.0,1548.0,1549.0,1549.0,1549.0,1550.0,1550.0,1550.0,1551.0,1551.0,1551.0,1551.0,1552.0,1555.0,1555.0,1555.0,1555.0,1556.0,1556.0,1557.0,1557.0,1562.0,1562.0,1562.0,1562.0,1562.0,1562.0,1562.0,1562.0,1562.0,1562.0,1563.0,1563.0,1563.0,1563.0,1563.0,1563.0,1563.0,1563.0,1563.0,1566.0,1568.0,1569.0,1571.0,1572.0,1572.0,1572.0,1572.0,1575.0,1576.0,1576.0,1576.0,,,,,,,,,1578.0,1578.0,1578.0,1578.0,1578.0,1579.0,1580.0,1580.0,1581.0,1582.0,1582.0,1582.0,1582.0,1582.0,1583.0,1583.0,1583.0,1583.0,1583.0,1583.0,1583.0,1583.0,1584.0,1584.0,1584.0,1585.0,1585.0,1585.0,1585.0,1585.0,1585.0,1585.0,1585.0,1586.0,1586.0,1586.0,1586.0,1586.0,1586.0,1586.0,1586.0,1587.0,1587.0,1587.0,1589.0,1589.0,1590.0,1590.0,1591.0,1591.0,1592.0,1592.0,1593.0,1593.0,1593.0,1594.0,1594.0,1594.0,1594.0,1594.0,1594.0,1594.0,1595.0,1595.0,1596.0,1596.0,1596.0,1596.0,1596.0,1597.0,1597.0,1597.0,1597.0,1597.0,1597.0,1597.0,1597.0,1597.0,1597.0,1598.0,1598.0,1598.0,1598.0,1598.0,1598.0,1598.0,1598.0,1598.0,1598.0,1598.0,1599.0,1601.0,1601.0,1601.0,1601.0,1601.0,1602.0,1602.0,1602.0,1602.0,1603.0,1603.0,1603.0,1603.0,1603.0,1603.0,1603.0,1603.0,1603.0,1603.0,1603.0,1603.0,1603.0,1603.0,1603.0,1603.0,1603.0,1603.0,1603.0,1603.0,1603.0,,1605.0,1605.0,1605.0,1605.0,1606.0,1606.0,1606.0,1606.0,1606.0,1606.0,1606.0,1606.0,1606.0,1606.0,1606.0,1606.0,1606.0,1606.0,1606.0,1606.0,1606.0,1607.0,1607.0,1607.0,1608.0,1610.0,1610.0,1610.0,1610.0,1610.0,1610.0,1610.0,1610.0,1610.0,1611.0,1611.0,1611.0,1611.0,1611.0,1611.0,1611.0,1611.0,1611.0,1611.0,1611.0,1611.0,1611.0,1611.0,1611.0,1611.0,1611.0,1611.0,1611.0,1611.0,1611.0,1611.0,1611.0,1611.0,1611.0,1611.0,1611.0,1613.0,1613.0,1613.0,1613.0,1613.0,1613.0,1613.0,1613.0,1613.0,1613.0,1613.0,1613.0,1613.0,1613.0,1613.0,1613.0,1613.0,1613.0,1613.0,1613.0,1613.0,1613.0,1613.0,1613.0,1613.0,1613.0,1613.0,1613.0,1613.0,1613.0,1613.0,1613.0,1613.0,1613.0,1613.0,1613.0,1613.0,1613.0,1613.0,1613.0,1613.0,1613.0,1613.0,1615.0,1615.0,1615.0,1615.0,1615.0,1615.0,1615.0,1615.0,1615.0,1616
omYjxO80Whc,2144.0,2144.0,2144.0,2144.0,2144.0,2144.0,2144.0,2145.0,2145.0,2145.0,2146.0,2147.0,2147.0,2147.0,2147.0,2148.0,2148.0,2148.0,2149.0,2149.0,2149.0,2149.0,2149.0,2149.0,2149.0,2150.0,2150.0,2150.0,2151.0,2152.0,2152.0,2152.0,2153.0,2156.0,2157.0,2157.0,2157.0,2157.0,2157.0,2157.0,2157.0,2157.0,2157.0,2158.0,2158.0,2159.0,2159.0,2159.0,2160.0,2160.0,2160.0,2160.0,2160.0,2160.0,2160.0,2162.0,2163.0,2163.0,2163.0,2163.0,2163.0,2163.0,2163.0,2163.0,2164.0,2164.0,2164.0,2164.0,2164.0,2164.0,2165.0,2166.0,2166.0,2166.0,2166.0,2166.0,2166.0,2167.0,2167.0,2167.0,2167.0,2168.0,2168.0,2168.0,2168.0,2168.0,2168.0,2169.0,2171.0,2171.0,2171.0,2171.0,2172.0,2172.0,2172.0,2172.0,2174.0,2174.0,2174.0,2175.0,2176.0,2177.0,2177.0,2177.0,2177.0,2178.0,2179.0,2179.0,2179.0,2180.0,2180.0,2182.0,2183.0,2185.0,2185.0,2186.0,2186.0,2186.0,2187.0,2188.0,2188.0,2188.0,2188.0,2189.0,2190.0,2190.0,2190.0,2190.0,2190.0,2190.0,2190.0,2190.0,2191.0,2191.0,,,,,,,,,2194.0,2194.0,2196.0,2196.0,2197.0,2198.0,2198.0,2201.0,2201.0,2202.0,2202.0,2202.0,2202.0,2202.0,2202.0,2202.0,2202.0,2202.0,2202.0,2203.0,2203.0,2203.0,2204.0,2205.0,2205.0,2205.0,2205.0,2205.0,2205.0,2205.0,2206.0,2206.0,2207.0,2208.0,2209.0,2210.0,2213.0,2213.0,2214.0,2214.0,2214.0,2214.0,2215.0,2215.0,2215.0,2215.0,2215.0,2217.0,2217.0,2218.0,2219.0,2219.0,2220.0,2220.0,2220.0,2220.0,2222.0,2222.0,2223.0,2223.0,2223.0,2223.0,2223.0,2223.0,2223.0,2223.0,2223.0,2223.0,2224.0,2224.0,2224.0,2224.0,2224.0,2225.0,2225.0,2225.0,2225.0,2225.0,2225.0,2225.0,2225.0,2225.0,2226.0,2226.0,2226.0,2226.0,2226.0,2226.0,2227.0,2227.0,2227.0,2227.0,2227.0,2228.0,2228.0,2228.0,2228.0,2228.0,2228.0,2232.0,2232.0,2233.0,2234.0,2235.0,2235.0,2235.0,2235.0,2235.0,2235.0,2236.0,2236.0,2236.0,2236.0,2236.0,2236.0,2236.0,2236.0,2236.0,2236.0,2236.0,2236.0,,2236.0,2236.0,2237.0,2237.0,2238.0,2238.0,2238.0,2238.0,2238.0,2238.0,2238.0,2238.0,2238.0,2238.0,2239.0,2239.0,2239.0,2239.0,2239.0,2239.0,2244.0,2250.0,2252.0,2253.0,2262.0,2267.0,2271.0,2271.0,2273.0,2273.0,2276.0,2278.0,2278.0,2278.0,2279.0,2280.0,2281.0,2282.0,2282.0,2282.0,2284.0,2286.0,2286.0,2287.0,2288.0,2288.0,2288.0,2288.0,2288.0,2288.0,2289.0,2289.0,2289.0,2289.0,2289.0,2289.0,2289.0,2291.0,2292.0,2292.0,2293.0,2293.0,2293.0,2293.0,2293.0,2293.0,2293.0,2294.0,2294.0,2294.0,2294.0,2294.0,2294.0,2294.0,2294.0,2294.0,2294.0,2294.0,2294.0,2294.0,2294.0,2294.0,2294.0,2294.0,2294.0,2295.0,2296.0,2296.0,2297.0,2298.0,2298.0,2297.0,2298.0,2298.0,2298.0,2300.0,2300.0,2300.0,2300.0,2300.0,2300.0,2300.0,2300.0,2300.0,2302.0,2302.0,2314.0,2317.0,2318.0,2320.0,2322.0,2322.0,2322.0,2322
OOYS0FLhSqE,3294704.0,3299450.0,3305011.0,3310972.0,3316360.0,3322166.0,3327579.0,3333739.0,3339904.0,3345993.0,3351955.0,3356948.0,3362152.0,3367419.0,3373482.0,3380053.0,3386387.0,3392125.0,3397999.0,3404250.0,3411122.0,3418330.0,3425694.0,3432204.0,3438105.0,3443150.0,3448874.0,3454591.0,3460179.0,3465957.0,3471840.0,3477092.0,3481589.0,3486445.0,3490879.0,3495993.0,3501392.0,3506032.0,3509927.0,3513901.0,3518286.0,3522279.0,3526412.0,3530724.0,3535132.0,3540055.0,3544151.0,3549188.0,3553987.0,3558636.0,3563319.0,3568537.0,3572626.0,3576817.0,3582326.0,3587752.0,3592958.0,3597787.0,3603111.0,3608156.0,3613598.0,3618690.0,3623600.0,3628598.0,3633518.0,3638284.0,3643188.0,3647687.0,3652744.0,3658175.0,3663272.0,3667792.0,3672108.0,3676165.0,3680439.0,3685194.0,3690119.0,3695008.0,3699729.0,3704641.0,3709208.0,3714310.0,3719652.0,3725134.0,3730335.0,3735184.0,3739128.0,3743294.0,3747215.0,3751991.0,3757434.0,3762743.0,3767743.0,3772450.0,3776405.0,3779379.0,3784421.0,3789413.0,3794559.0,3799843.0,3804721.0,3809016.0,3813395.0,3817772.0,3822196.0,3827067.0,3831793.0,3835771.0,3839271.0,3842961.0,3847011.0,3852129.0,3857107.0,3862099.0,3866768.0,3871171.0,3875419.0,3880346.0,3885246.0,3890636.0,3895733.0,3900469.0,3905032.0,3909665.0,3914834.0,3919611.0,3924616.0,3930533.0,3935322.0,3939513.0,3943701.0,3948953.0,3954553.0,3959554.0,,,,,,,,,4004291.0,4009184.0,4014372.0,4020352.0,4025569.0,4030539.0,4034751.0,4038902.0,4043413.0,4047550.0,4052238.0,4056433.0,4061131.0,4065605.0,4069594.0,4073090.0,4076764.0,4080495.0,4084416.0,4089068.0,4094259.0,4099739.0,4104485.0,4109299.0,4114869.0,4120407.0,4125841.0,4131542.0,4136885.0,4141898.0,4147064.0,4152944.0,4158738.0,4164483.0,4169984.0,4175522.0,4180505.0,4185744.0,4192464.0,4198991.0,4205086.0,4210978.0,4216384.0,4221313.0,4226386.0,4231866.0,4237613.0,4243321.0,4249054.0,4254134.0,4258789.0,4263777.0,4269283.0,4275082.0,4280664.0,4286552.0,4292246.0,4297639.0,4303408.0,4309688.0,4315960.0,4321409.0,4326167.0,4331530.0,4336536.0,4342138.0,4349431.0,4356223.0,4361614.0,4366420.0,4372167.0,4377628.0,4383754.0,4390486.0,4396935.0,4403632.0,4411179.0,4418262.0,4424754.0,4430944.0,4438174.0,4444746.0,4452264.0,4459396.0,4465694.0,4471618.0,4477393.0,4483857.0,4490244.0,4496592.0,4502862.0,4508659.0,4513748.0,4519214.0,4525224.0,4531196.0,4537154.0,4542677.0,4548018.0,4552537.0,4557290.0,4562475.0,4567735.0,4573086.0,4578305.0,4583090.0,4587542.0,4592707.0,4598417.0,4603939.0,4609482.0,4615370.0,4620759.0,4625564.0,4630107.0,4635146.0,4639958.0,4643615.0,4646968.0,4650163.0,4653271.0,,4660256.0,4663736.0,4667214.0,4670292.0,4673558.0,4676482.0,4679453.0,4682625.0,4685774.0,4688894.0,4692034.0,4694978.0,4697620.0,4700243.0,4703656.0,4708265.0,4713162.0,4717937.0,4722918.0,4727327.0,4731688.0,4736604.0,4741743.0,4746709.0,4751531.0,4756062.0,4760091.0,4764311.0,4768878.0,4773176.0,4777382.0,4781640.0,4786003.0,4789510.0,4793460.0,4797768.0,4801863.0,4806000.0,4809998.0,4813460.0,4817000.0,4820962.0,4825772.0,4830468.0,4834819.0,4838919.0,4843202.0,4847184.0,4851438.0,4855954.0,4860038.0,4864308.0,4868398.0,4872329.0,4875899.0,4879607.0,4883757.0,4888373.0,4893078.0,4897478.0,4901732.0,4905828.0,4910011.0,4914628.0,4919137.0,4923085.0,4926609.0,4929815.0,4932757.0,4935657.0,4939333.0,4942891.0,4946502.0,4950250.0,4953419.0,4956626.0,4959718.0,4963202.0,4966824.0,4970233.0,4973812.0,4977327.0,4980706.0,4984079.0,4987912.0,4991694.0,4995411.0,4999467.0,5003113.0,5006575.0,5009884.0,5013761.0,5017651.0,5021624.0,5025522.0,5029249.0,5032551.0,5036105.0,5039850.0,5043612.0,5047452.0,5051415.0,5054786.0,5058208.0,5061487.0,5066147.0,5070626.0,5075089.0,5079172.0,5083042.0,5086535.0,5090108.0,5093966.0,5097917
fyqu7I0U_i0,24902432.0,24907130.0,24912820.0,24918810.0,24924632.0,24930655.0,24936283.0,24941976.0,24947559.0,24953700.0,24959770.0,24965277.0,24970935.0,24976649.0,24982347.0,24988032.0,24993948.0,24999633.0,25004958.0,25010532.0,25016369.0,25024002.0,25033335.0,25042006.0,25049442.0,25056016.0,25062853.0,25069878.0,25076739.0,25083060.0,25089397.0,25095205.0,25100888.0,25106415.0,25112228.0,25118535.0,25125081.0,25130993.0,25136841.0,25142830.0,25148744.0,25154273.0,25159981.0,25165750.0,25171675.0,25176763.0,25181345.0,25186085.0,25190881.0,25195650.0,25200341.0,25205565.0,25210497.0,25214956.0,25219704.0,25224139.0,25228541.0,25233019.0,25237677.0,25242386.0,25247037.0,25251711.0,25256201.0,25260667.0,25265008.0,25269528.0,25273898.0,25277883.0,25281459.0,25286016.0,25290192.0,25294590.0,25298943.0,25303093.0,25307382.0,25312697.0,25318035.0,25323644.0,25329738.0,25335116.0,25339915.0,25344253.0,25348423.0,25352631.0,25357111.0,25361785.0,25366468.0,25370876.0,25374939.0,25378932.0,25383025.0,25386973.0,25390831.0,25395212.0,25399505.0,25403161.0,25406768.0,25410530.0,25414410.0,25418280.0,25422404.0,25426606.0,25430017.0,25433627.0,25437094.0,25440786.0,25444447.0,25448684.0,25452705.0,25456215.0,25459415.0,25463118.0,25466731.0,25470571.0,25474709.0,25478758.0,25482530.0,25486252.0,25489903.0,25493780.0,25497716.0,25501832.0,25505837.0,25509387.0,25512976.0,25516482.0,25519978.0,25523608.0,25527725.0,25531523.0,25534968.0,25538440.0,25541762.0,25544937.0,,,,,,,,,25576463.0,25580380.0,25584002.0,25587384.0,25590815.0,25594006.0,25597209.0,25600497.0,25603904.0,25606816.0,25609784.0,25612965.0,25616325.0,25619583.0,25623011.0,25626245.0,25629271.0,25632437.0,25636667.0,25641908.0,25646787.0,25651910.0,25656608.0,25661075.0,25665159.0,25669617.0,25673976.0,25678462.0,25682744.0,25686895.0,25690708.0,25694585.0,25698435.0,25702444.0,25706352.0,25710288.0,25714028.0,25717567.0,25721061.0,25724857.0,25728579.0,25732339.0,25736214.0,25739768.0,25743053.0,25746353.0,25749890.0,25753657.0,25757284.0,25761016.0,25764392.0,25767707.0,25771065.0,25774743.0,25778241.0,25781929.0,25785659.0,25789456.0,25793032.0,25796750.0,25800417.0,25803632.0,25806644.0,25810036.0,25813193.0,25816303.0,25819783.0,25823283.0,25826458.0,25829520.0,25832917.0,25836158.0,25839252.0,25842447.0,25845662.0,25848784.0,25852141.0,25855690.0,25859127.0,25862330.0,25865525.0,25868655.0,25871972.0,25875424.0,25878868.0,25882166.0,25885203.0,25888313.0,25891390.0,25894390.0,25897383.0,25900537.0,25903661.0,25906684.0,25909685.0,25913040.0,25916386.0,25919818.0,25923433.0,25926900.0,25930216.0,25933301.0,25936623.0,25939903.0,25943188.0,25946526.0,25949866.0,25953121.0,25956344.0,25959415.0,25962642.0,25966099.0,25969561.0,25973215.0,25976664.0,25980095.0,25983627.0,25987230.0,25991192.0,25995618.0,25999888.0,,26007296.0,26011183.0,26014809.0,26018645.0,26022758.0,26026569.0,26029974.0,26033371.0,26036683.0,26040116.0,26043612.0,26047214.0,26050606.0,26053773.0,26056939.0,26060112.0,26063225.0,26066458.0,26070170.0,26073878.0,26077212.0,26080351.0,26083600.0,26086868.0,26090276.0,26093695.0,26097028.0,26100143.0,26103355.0,26106491.0,26109891.0,26113144.0,26116567.0,26119454.0,26122558.0,26125656.0,26128769.0,26132143.0,26135461.0,26138777.0,26142144.0,26145213.0,26148390.0,26151543.0,26154842.0,26158071.0,26161428.0,26164590.0,26167636.0,26170560.0,26173474.0,26176596.0,26179735.0,26182772.0,26185751.0,26188707.0,26191652.0,26194503.0,26197354.0,26200207.0,26203256.0,26206246.0,26209177.0,26211919.0,26214679.0,26217677.0,26220862.0,26223958.0,26226817.0,26229456.0,26232196.0,26235018.0,26237944.0,26240613.0,26243665.0,26246772.0,26249620.0,26252352.0,26255212.0,26258070.0,26261075.0,26264043.0,26267002.0,26269825.0,26272732.0,26275645.0,26278534.0,26281580.0,26284657.0,26287736.0,26290731.0,26293670.0,26296671.0,26299339.0,26302059.0,26305100.0,26307890.0,26310701.0,26313427.0,26316296.0,26319120.0,26322019.0,26324748.0,26327395.0,26329862.0,26332359.0,26334936.0,26337517.0,26340111.0,26342903.0,26345425.0,26347839.0,26350359.0,26353044
phKhloXmj90,,,,,,,,,,,,,,,,,,,,,,,,,,,,,,,,,,,,,,,,,,,,,,,,,,,,,,,,,,,,,,,,,,,,,,,,,,,,,,,,,,,,,,,,,,,,,,,,,,,,,,,,,,,,,,,,,,,,,,,,,,,,,,,,,,,,,,,,,,,,,,,,,,,,,,,,,,,,,,,,,,,,,,,,,,,,,,,,,,,,,,,,,,,,,,,,,,,,,,,,,,,,,,,,,,,,,,,,,,,,,,,,,,,,,,,,,,,,,,,,,,,,,,,,,,,,,,,,,,,,,,,,,,,,,,,,,,,,,,,,,,,,,,,,,,,,,,,,,,,,,,,,,,,,,,,,,,,,,,,,,,,,,,,,,,,,,,,,,,,,,,,,,,,,,,,,,,,,,,,,,,,,,,,,,,,,,,,,,,
4GEsORPb7do,135960.0,136003.0,136066.0,136105.0,136171.0,136238.0,136325.0,136389.0,136445.0,136494.0,136529.0,136681.0,136896.0,137081.0,137288.0,137420.0,137612.0,137761.0,137943.0,138123.0,138528.0,138832.0,139098.0,139287.0,139448.0,139595.0,139753.0,139938.0,140114.0,140303.0,140433.0,140526.0,140633.0,140770.0,140922.0,141047.0,141201.0,141301.0,141386.0,141495.0,141576.0,141703.0,141812.0,141905.0,142016.0,142099.0,142189.0,142279.0,142391.0,142513.0,142602.0,142685.0,142750.0,142837.0,142933.0,143040.0,143123.0,143220.0,143314.0,143413.0,143492.0,143610.0,143718.0,143803.0,143911.0,144001.0,144082.0,144168.0,144258.0,144369.0,144445.0,144509.0,144606.0,144702.0,144757.0,144871.0,144965.0,145093.0,145215.0,145321.0,145406.0,145494.0,145600.0,145700.0,145778.0,145858.0,145937.0,146013.0,146088.0,146158.0,146257.0,146367.0,146482.0,146576.0,146718.0,146843.0,146940.0,147063.0,147174.0,147273.0,147356.0,147444.0,147527.0,147612.0,147668.0,147739.0,147791.0,147867.0,147925.0,147983.0,148062.0,148119.0,148176.0,148247.0,148293.0,148337.0,148382.0,148434.0,148492.0,148547.0,148597.0,148645.0,148674.0,148722.0,148759.0,148798.0,148855.0,148906.0,148951.0,148991.0,149029.0,149081.0,149137.0,149177.0,,,,,,,,,149674.0,149725.0,149775.0,149819.0,149862.0,149911.0,149977.0,150023.0,150076.0,150123.0,150182.0,150224.0,150297.0,150358.0,150397.0,150441.0,150529.0,150583.0,150641.0,150699.0,150745.0,150793.0,150829.0,150880.0,150934.0,150991.0,151026.0,151070.0,151118.0,151159.0,151196.0,151257.0,151318.0,151369.0,151434.0,151476.0,151516.0,151552.0,151619.0,151676.0,151736.0,151794.0,151830.0,151894.0,151956.0,152006.0,152071.0,152140.0,152206.0,152276.0,152328.0,152374.0,152433.0,152495.0,152553.0,152606.0,152665.0,152701.0,152748.0,152803.0,152844.0,152884.0,152935.0,153013.0,153037.0,153080.0,153119.0,153151.0,153187.0,153235.0,153273.0,153315.0,153385.0,153442.0,153502.0,153583.0,153645.0,153717.0,153881.0,154133.0,154257.0,154389.0,154493.0,154615.0,154709.0,154816.0,154920.0,155024.0,155120.0,155192.0,155239.0,155276.0,155335.0,155376.0,155424.0,155477.0,155535.0,155587.0,155645.0,155689.0,155735.0,155786.0,155837.0,155888.0,155939.0,155988.0,156025.0,156066.0,156140.0,156199.0,156258.0,156302.0,156339.0,156370.0,156415.0,156448.0,156496.0,156529.0,156564.0,156593.0,156616.0,,156687.0,156728.0,156777.0,156801.0,156837.0,156871.0,156906.0,156950.0,156991.0,157057.0,157096.0,157133.0,157211.0,157249.0,157300.0,157348.0,157419.0,157481.0,157529.0,157580.0,157633.0,157704.0,157769.0,157815.0,157855.0,157894.0,157919.0,157958.0,158006.0,158037.0,158085.0,158128.0,158151.0,158181.0,158217.0,158251.0,158288.0,158339.0,158385.0,158438.0,158480.0,158512.0,158560.0,158603.0,158654.0,158723.0,158860.0,158936.0,159052.0,159150.0,159249.0,159349.0,159439.0,159534.0,159638.0,159727.0,159821.0,159889.0,159986.0,160080.0,160174.0,160256.0,160331.0,160428.0,160534.0,160641.0,160740.0,160841.0,160928.0,161030.0,161167.0,161334.0,161529.0,161757.0,161965.0,162130.0,162398.0,162715.0,163108.0,163347.0,163642.0,163826.0,163989.0,164108.0,164274.0,164404.0,164586.0,164759.0,164901.0,165019.0,165142.0,165271.0,165433.0,165596.0,165737.0,165871.0,165975.0,166055.0,166150.0,166241.0,166345.0,166418.0,166481.0,166540.0,166604.0,166678.0,166740.0,166815.0,166887.0,166928.0,166996.0,167064.0,167126.0,167205
_CBQHiHz5Bw,115284.0,115656.0,115998.0,116328.0,116676.0,116953.0,117246.0,117558.0,117959.0,118246.0,118494.0,118777.0,118999.0,119228.0,119502.0,119736.0,119998.0,120208.0,120397.0,120662.0,121010.0,121312.0,121579.0,121901.0,122075.0,122333.0,122562.0,122807.0,123094.0,123419.0,123664.0,123848.0,124037.0,124255.0,124546.0,124768.0,125073.0,125312.0,125514.0,125792.0,126054.0,126315.0,126592.0,126903.0,127233.0,127485.0,127767.0,128131.0,128435.0,128765.0,129092.0,129333.0,129561.0,129796.0,130006.0,130219.0,130391.0,130618.0,130841.0,131044.0,131238.0,131423.0,131607.0,131786.0,131945.0,132102.0,132283.0,132461.0,132626.0,132838.0,133074.0,133258.0,133440.0,133598.0,133828.0,134048.0,134276.0,134475.0,134705.0,134901.0,135129.0,135377.0,135579.0,135768.0,135942.0,136161.0,136372.0,136539.0,136769.0,136943.0,137150.0,137375.0,137555.0,137793.0,137955.0,138146.0,138422.0,138687.0,139028.0,139371.0,139573.0,139828.0,140242.0,140607.0,140950.0,141263.0,141649.0,142035.0,142291.0,142512.0,142761.0,143029.0,143257.0,143591.0,143825.0,144057.0,144351.0,144599.0,144884.0,145164.0,145460.0,145727.0,146004.0,146322.0,146583.0,146814.0,147096.0,147279.0,147474.0,147686.0,147923.0,148177.0,148474.0,148760.0,,,,,,,,,151649.0,151882.0,152166.0,152460.0,152727.0,152998.0,153251.0,153433.0,153674.0,153985.0,154226.0,154573.0,155024.0,155533.0,155873.0,156102.0,156424.0,156779.0,157093.0,157386.0,157647.0,157838.0,158023.0,158293.0,158477.0,158663.0,158836.0,159062.0,159218.0,159362.0,159516.0,159704.0,159915.0,160125.0,160329.0,160486.0,160645.0,160814.0,161021.0,161220.0,161480.0,161716.0,161919.0,162071.0,162279.0,162479.0,162682.0,162928.0,163199.0,163390.0,163531.0,163711.0,163911.0,164105.0,164337.0,164592.0,164780.0,164927.0,165111.0,165355.0,165578.0,165730.0,165917.0,166097.0,166261.0,166482.0,166698.0,166937.0,167094.0,167312.0,167523.0,167675.0,167869.0,168125.0,168356.0,168619.0,168852.0,169087.0,169233.0,169486.0,169739.0,169959.0,170155.0,170413.0,170578.0,170719.0,170854.0,171078.0,171279.0,171439.0,171629.0,171819.0,172026.0,172261.0,172521.0,172818.0,173075.0,173400.0,173708.0,173918.0,174191.0,174449.0,174706.0,174976.0,175207.0,175420.0,175529.0,175717.0,175884.0,176054.0,176264.0,176480.0,176595.0,176739.0,176857.0,176964.0,177062.0,177187.0,177343.0,177427.0,177485.0,,177659.0,177738.0,177856.0,177965.0,178030.0,178094.0,178168.0,178257.0,178339.0,178442.0,178541.0,178638.0,178693.0,178765.0,178847.0,178941.0,179035.0,179142.0,179243.0,179305.0,179400.0,179517.0,179647.0,179761.0,179960.0,180101.0,180200.0,180335.0,180519.0,180727.0,180970.0,181187.0,181356.0,181516.0,181663.0,181751.0,181796.0,181863.0,181929.0,181974.0,182033.0,182090.0,182136.0,182208.0,182287.0,182393.0,182558.0,182751.0,182985.0,183324.0,183527.0,183759.0,184031.0,184229.0,184332.0,184433.0,184546.0,184665.0,184778.0,184879.0,185007.0,185070.0,185182.0,185289.0,185406.0,185540.0,185746.0,185934.0,186089.0,186269.0,186390.0,186553.0,186758.0,187019.0,187230.0,187393.0,187568.0,187773.0,187997.0,188165.0,188358.0,188484.0,188582.0,188679.0,188801.0,188907.0,188986.0,189073.0,189156.0,189204.0,189278.0,189368.0,189472.0,189565.0,189656.0,189755.0,189820.0,189889.0,189979.0,190043.0,190121.0,190205.0,190291.0,190357.0,190430.0,190522.0,190634.0,190789.0,190923.0,191045.0,191121.0,191205.0,191309.0,191420
07BuztaLwtI,15172.0,15184.0,15198.0,15211.0,15216.0,15228.0,15244.0,15260.0,15269.0,15275.0,15282.0,15296.0,15310.0,15318.0,15323.0,15338.0,15345.0,15352.0,15360.0,15365.0,15384.0,15397.0,15415.0,15426.0,15437.0,15453.0,15469.0,15489.0,15508.0,15523.0,15545.0,15555.0,15563.0,15571.0,15586.0,15600.0,15611.0,15621.0,15634.0,15644.0,15656.0,15672.0,15687.0,15705.0,15713.0,15724.0,15741.0,15752.0,15761.0,15780.0,15786.0,15801.0,15809.0,15817.0,15826.0,15830.0,15838.0,15841.0,15850.0,15861.0,15872.0,15880.0,15889.0,15893.0,15896.0,15901.0,15909.0,15915.0,15923.0,15930.0,15940.0,15947.0,15956.0,15961.0,15972.0,15987.0,15990.0,16007.0,16017.0,16026.0,16029.0,16043.0,16047.0,16049.0,16057.0,16063.0,16073.0,16079.0,16088.0,16100.0,16114.0,16119.0,16126.0,16132.0,16142.0,16147.0,16156.0,16164.0,16176.0,16181.0,16193.0,16199.0,16207.0,16215.0,16222.0,16233.0,16242.0,16250.0,16266.0,16273.0,16285.0,16297.0,16304.0,16306.0,16315.0,16316.0,16330.0,16343.0,16356.0,16372.0,16386.0,16396.0,16412.0,16420.0,16429.0,16438.0,16453.0,16466.0,16483.0,16493.0,16510.0,16527.0,16550.0,16569.0,,,,,,,,,16724.0,16731.0,16741.0,16752.0,16764.0,16785.0,16800.0,16810.0,16818.0,16834.0,16841.0,16849.0,16858.0,16870.0,16878.0,16885.0,16891.0,16897.0,16905.0,16912.0,16916.0,16921.0,16929.0,16941.0,16945.0,16953.0,16958.0,16970.0,16973.0,16983.0,16990.0,17001.0,17008.0,17016.0,17021.0,17034.0,17045.0,17054.0,17070.0,17087.0,17105.0,17113.0,17125.0,17136.0,17152.0,17166.0,17180.0,17192.0,17205.0,17213.0,17218.0,17233.0,17241.0,17251.0,17261.0,17271.0,17278.0,17285.0,17293.0,17300.0,17308.0,17318.0,17323.0,17326.0,17336.0,17343.0,17358.0,17367.0,17383.0,17398.0,17403.0,17413.0,17421.0,17432.0,17455.0,17465.0,17481.0,17492.0,17502.0,17517.0,17533.0,17546.0,17554.0,17574.0,17583.0,17605.0,17630.0,17640.0,17649.0,17669.0,17680.0,17688.0,17694.0,17700.0,17704.0,17709.0,17716.0,17719.0,17725.0,17732.0,17739.0,17744.0,17747.0,17752.0,17756.0,17761.0,17768.0,17772.0,17778.0,17780.0,17785.0,17785.0,17788.0,17793.0,17797.0,17798.0,17801.0,17806.0,17815.0,17818.0,17822.0,,17835.0,17840.0,17845.0,17850.0,17857.0,17863.0,17866.0,17875.0,17880.0,17888.0,17894.0,17896.0,17899.0,17904.0,17910.0,17916.0,17921.0,17929.0,17932.0,17934.0,17940.0,17949.0,17951.0,17960.0,17965.0,17969.0,17973.0,17978.0,17985.0,17990.0,17995.0,18012.0,18018.0,18023.0,18033.0,18042.0,18047.0,18057.0,18063.0,18067.0,18075.0,18091.0,18104.0,18115.0,18119.0,18125.0,18134.0,18137.0,18142.0,18147.0,18153.0,18158.0,18164.0,18168.0,18173.0,18179.0,18186.0,18193.0,18200.0,18207.0,18211.0,18217.0,18220.0,18226.0,18235.0,18242.0,18249.0,18256.0,18265.0,18267.0,18275.0,18282.0,18289.0,18295.0,18299.0,18305.0,18308.0,18318.0,18321.0,18332.0,18339.0,18344.0,18347.0,18354.0,18366.0,18377.0,18387.0,18394.0,18404.0,18420.0,18427.0,18437.0,18446.0,18453.0,18464.0,18469.0,18475.0,18484.0,18496.0,18501.0,18507.0,18512.0,18517.0,18524.0,18535.0,18537.0,18543.0,18546.0,18560.0,18574.0,18591.0,18599.0,18601.0,18607
Ueka_Ft5ArI,18843.0,18848.0,18853.0,18858.0,18861.0,18867.0,18875.0,18875.0,18883.0,18888.0,18898.0,18911.0,18921.0,18925.0,18932.0,18943.0,18950.0,18956.0,18966.0,18973.0,18979.0,18983.0,18985.0,18990.0,18994.0,18995.0,18999.0,19000.0,19009.0,19011.0,19012.0,19017.0,19021.0,19024.0,19030.0,19032.0,19040.0,19044.0,19047.0,19051.0,19054.0,19056.0,19058.0,19060.0,19065.0,19066.0,19071.0,19073.0,19077.0,19080.0,19085.0,19091.0,19097.0,19099.0,19100.0,19102.0,19102.0,19107.0,19108.0,19112.0,19114.0,19116.0,19117.0,19117.0,19118.0,19123.0,19127.0,19136.0,19143.0,19147.0,19153.0,19157.0,19159.0,19164.0,19166.0,19167.0,19169.0,19173.0,19176.0,19178.0,19180.0,19180.0,19180.0,19183.0,19186.0,19188.0,19190.0,19194.0,19197.0,19198.0,19198.0,19200.0,19203.0,19207.0,19214.0,19216.0,19217.0,19217.0,19223.0,19227.0,19228.0,19229.0,19230.0,19233.0,19240.0,19248.0,19251.0,19253.0,19257.0,19260.0,19262.0,19264.0,19268.0,19270.0,19270.0,19270.0,19271.0,19273.0,19277.0,19284.0,19290.0,19291.0,19296.0,19298.0,19300.0,19304.0,19309.0,19313.0,19316.0,19319.0,19323.0,19325.0,19326.0,19328.0,,,,,,,,,19344.0,19344.0,19349.0,19355.0,19356.0,19356.0,19359.0,19360.0,19361.0,19361.0,19362.0,19365.0,19368.0,19368.0,19369.0,19371.0,19371.0,19375.0,19375.0,19377.0,19377.0,19379.0,19385.0,19387.0,19387.0,19388.0,19388.0,19389.0,19390.0,19392.0,19393.0,19394.0,19395.0,19397.0,19398.0,19398.0,19399.0,19400.0,19401.0,19401.0,19401.0,19401.0,19402.0,19402.0,19402.0,19403.0,19404.0,19404.0,19406.0,19410.0,19412.0,19413.0,19413.0,19413.0,19413.0,19417.0,19420.0,19421.0,19421.0,19421.0,19421.0,19422.0,19423.0,19423.0,19424.0,19426.0,19426.0,19426.0,19426.0,19427.0,19427.0,19431.0,19432.0,19433.0,19433.0,19433.0,19435.0,19436.0,19436.0,19438.0,19438.0,19439.0,19439.0,19440.0,19442.0,19443.0,19444.0,19444.0,19444.0,19446.0,19447.0,19447.0,19447.0,19447.0,19448.0,19450.0,19451.0,19452.0,19452.0,19454.0,19455.0,19456.0,19460.0,19460.0,19462.0,19464.0,19466.0,19468.0,19469.0,19471.0,19474.0,19475.0,19477.0,19478.0,19478.0,19482.0,19483.0,19485.0,19486.0,19487.0,19489.0,,19491.0,19491.0,19492.0,19493.0,19493.0,19493.0,19495.0,19497.0,19500.0,19500.0,19500.0,19502.0,19507.0,19507.0,19508.0,19508.0,19508.0,19509.0,19511.0,19512.0,19517.0,19522.0,19525.0,19528.0,19529.0,19530.0,19533.0,19536.0,19537.0,19538.0,19540.0,19540.0,19541.0,19542.0,19543.0,19544.0,19549.0,19553.0,19556.0,19559.0,19561.0,19562.0,19565.0,19567.0,19567.0,19568.0,19569.0,19570.0,19571.0,19574.0,19574.0,19576.0,19579.0,19579.0,19580.0,19583.0,19584.0,19589.0,19591.0,19592.0,19598.0,19599.0,19600.0,19600.0,19603.0,19603.0,19605.0,19606.0,19607.0,19607.0,19611.0,19613.0,19613.0,19615.0,19615.0,19615.0,19618.0,19621.0,19626.0,19626.0,19628.0,19629.0,19631.0,19632.0,19632.0,19633.0,19635.0,19636.0,19640.0,19642.0,19643.0,19643.0,19644.0,19645.0,19647.0,19648.0,19650.0,19651.0,19656.0,19658.0,19658.0,19659.0,19660.0,19662.0,19662.0,19662.0,19664.0,19666.0,19667.0,19669.0,19670.0,19670.0,19670.0,19670
JvQ5HHh4luU,38233.0,38281.0,38341.0,38397.0,38466.0,38531.0,38608.0,38709.0,38761.0,38808.0,38882.0,38936.0,38997.0,39061.0,39139.0,39231.0,39296.0,39347.0,39403.0,39487.0,39541.0,39585.0,39640.0,39670.0,39717.0,39757.0,39794.0,39841.0,39881.0,39927.0,39984.0,40003.0,40038.0,40072.0,40131.0,40174.0,40224.0,40277.0,40312.0,40357.0,40410.0,40455.0,40519.0,40573.0,40620.0,40648.0,40695.0,40737.0,40776.0,40805.0,40848.0,40878.0,40907.0,40940.0,40992.0,41021.0,41045.0,41091.0,41120.0,41142.0,41164.0,41198.0,41231.0,41268.0,41295.0,41334.0,41361.0,41414.0,41450.0,41508.0,41539.0,41565.0,41595.0,41621.0,41646.0,41693.0,41749.0,41789.0,41854.0,41887.0,41920.0,41950.0,41982.0,42029.0,42081.0,42121.0,42167.0,42206.0,42263.0,42312.0,42357.0,42400.0,42440.0,42486.0,42545.0,42582.0,42636.0,42683.0,42732.0,42779.0,42823.0,42869.0,42907.0,42954.0,42991.0,43039.0,43093.0,43137.0,43181.0,43214.0,43267.0,43308.0,43347.0,43385.0,43425.0,43460.0,43489.0,43535.0,43578.0,43608.0,43650.0,43688.0,43722.0,43737.0,43765.0,43794.0,43819.0,43840.0,43863.0,43890.0,43933.0,43969.0,44016.0,44048.0,,,,,,,,,44439.0,44476.0,44525.0,44581.0,44625.0,44662.0,44698.0,44731.0,44773.0,44812.0,44843.0,44882.0,44917.0,44979.0,45010.0,45035.0,45067.0,45093.0,45118.0,45145.0,45189.0,45215.0,45236.0,45264.0,45297.0,45323.0,45355.0,45391.0,45422.0,45441.0,45471.0,45505.0,45543.0,45576.0,45605.0,45637.0,45663.0,45703.0,45747.0,45781.0,45835.0,45865.0,45919.0,45955.0,45991.0,46034.0,46078.0,46117.0,46152.0,46180.0,46202.0,46244.0,46272.0,46322.0,46375.0,46421.0,46463.0,46506.0,46541.0,46589.0,46619.0,46655.0,46707.0,46765.0,46790.0,46826.0,46869.0,46899.0,46932.0,46971.0,47000.0,47030.0,47070.0,47116.0,47199.0,47274.0,47322.0,47363.0,47395.0,47428.0,47467.0,47511.0,47559.0,47597.0,47652.0,47688.0,47734.0,47791.0,47844.0,47884.0,47938.0,47976.0,48014.0,48071.0,48139.0,48197.0,48259.0,48333.0,48393.0,48449.0,48494.0,48575.0,48658.0,48725.0,48786.0,48842.0,48884.0,48930.0,48982.0,49047.0,49149.0,49227.0,49273.0,49324.0,49375.0,49418.0,49445.0,49492.0,49530.0,49565.0,49583.0,,49655.0,49682.0,49717.0,49739.0,49760.0,49778.0,49787.0,49812.0,49828.0,49857.0,49882.0,49919.0,49931.0,49957.0,49977.0,50000.0,50020.0,50054.0,50081.0,50092.0,50114.0,50141.0,50162.0,50185.0,50209.0,50230.0,50244.0,50265.0,50290.0,50311.0,50333.0,50358.0,50381.0,50404.0,50423.0,50442.0,50470.0,50499.0,50518.0,50538.0,50556.0,50575.0,50600.0,50631.0,50656.0,50697.0,50753.0,50802.0,50879.0,50992.0,51071.0,51137.0,51211.0,51248.0,51282.0,51319.0,51379.0,51407.0,51447.0,51493.0,51533.0,51564.0,51588.0,51620.0,51658.0,51715.0,51984.0,52112.0,52159.0,52267.0,52346.0,52419.0,52528.0,52613.0,52672.0,52724.0,52783.0,52941.0,53094.0,53210.0,53297.0,53483.0,53621.0,53672.0,53739.0,53796.0,53841.0,53879.0,53907.0,53943.0,53978.0,54021.0,54073.0,54134.0,54191.0,54246.0,54312.0,54362.0,54425.0,54471.0,54517.0,54566.0,54606.0,54654.0,54699.0,54753.0,54825.0,54902.0,54961.0,55001.0,55042.0,55103.0,55163.0,55216
jyw_vrI4ySg,32413656.0,32421894.0,32431538.0,32441388.0,32451007.0,32461016.0,32469911.0,32478845.0,32488337.0,32499290.0,32510698.0,32520068.0,32529604.0,32538667.0,32548656.0,32558903.0,32570200.0,32580884.0,32591041.0,32601991.0,32612774.0,32623023.0,32633493.0,32643836.0,32654410.0,32664507.0,32675053.0,32686347.0,32697427.0,32708299.0,32719416.0,32729474.0,32739912.0,32750952.0,32761311.0,32772501.0,32794774.0,32819731.0,32841270.0,32857603.0,32871461.0,32886989.0,32902650.0,32917712.0,32934359.0,32950876.0,32966578.0,32982257.0,32996441.0,33008170.0,33019018.0,33032343.0,33046480.0,33058557.0,33071983.0,33084996.0,33096858.0,33108644.0,33120301.0,33132148.0,33144410.0,33155888.0,33167060.0,33177242.0,33187404.0,33197569.0,33207669.0,33216859.0,33225768.0,33237487.0,33248424.0,33259087.0,33270233.0,33281214.0,33291940.0,33303039.0,33315104.0,33327460.0,33340762.0,33353440.0,33367124.0,33379848.0,33391470.0,33403139.0,33414895.0,33427371.0,33439195.0,33450644.0,33462204.0,33472900.0,33484013.0,33494599.0,33505380.0,33516440.0,33528628.0,33540592.0,33552046.0,33563418.0,33575354.0,33591278.0,33610308.0,33626161.0,33639318.0,33651936.0,33664814.0,33677496.0,33688740.0,33699936.0,33713116.0,33727165.0,33740450.0,33754064.0,33767489.0,33779884.0,33793964.0,33808445.0,33820314.0,33831215.0,33842514.0,33853171.0,33864288.0,33875433.0,33887241.0,33898011.0,33909336.0,33920316.0,33931168.0,33944200.0,33957667.0,33969925.0,33981301.0,33992540.0,34003130.0,34013440.0,,,,,,,,,34106551.0,34117504.0,34127208.0,34137589.0,34148659.0,34159448.0,34171760.0,34184667.0,34197857.0,34210260.0,34222698.0,34233594.0,34244890.0,34258240.0,34270446.0,34284551.0,34296933.0,34309688.0,34321143.0,34331703.0,34342688.0,34354831.0,34365691.0,34374811.0,34383834.0,34392980.0,34402216.0,34412061.0,34422504.0,34432948.0,34443036.0,34453103.0,34462558.0,34471674.0,34480244.0,34488348.0,34496487.0,34503806.0,34510941.0,34518536.0,34525782.0,34533003.0,34540540.0,34548213.0,34555123.0,34561970.0,34568859.0,34576065.0,34583358.0,34590597.0,34598028.0,34604838.0,34611642.0,34618587.0,34625684.0,34633032.0,34640329.0,34647516.0,34654415.0,34661833.0,34669487.0,34676860.0,34683339.0,34690208.0,34697147.0,34704165.0,34711392.0,34718190.0,34724416.0,34729994.0,34736730.0,34743400.0,34750091.0,34757607.0,34764803.0,34772168.0,34780063.0,34787885.0,34795738.0,34803177.0,34810769.0,34817829.0,34825725.0,34835000.0,34843277.0,34851080.0,34858276.0,34865609.0,34872759.0,34879820.0,34887009.0,34894747.0,34902575.0,34909615.0,34916815.0,34924153.0,34931665.0,34939035.0,34946816.0,34955125.0,34962413.0,34969358.0,34976248.0,34983271.0,34989702.0,34996595.0,35003420.0,35009913.0,35016074.0,35022382.0,35028895.0,35035708.0,35042479.0,35048997.0,35054998.0,35060908.0,35066896.0,35073997.0,35081475.0,35088810.0,35096192.0,,35110390.0,35118076.0,35125250.0,35131902.0,35139071.0,35146132.0,35152891.0,35159466.0,35165819.0,35172047.0,35178354.0,35185403.0,35192822.0,35199391.0,35204794.0,35210506.0,35216656.0,35222571.0,35229039.0,35235428.0,35240898.0,35246386.0,35251668.0,35256944.0,35262412.0,35268100.0,35273944.0,35280077.0,35286840.0,35293016.0,35298843.0,35304679.0,35310552.0,35316328.0,35321892.0,35327687.0,35333274.0,35338885.0,35344810.0,35350446.0,35356142.0,35361655.0,35367320.0,35372945.0,35378283.0,35383621.0,35389258.0,35394701.0,35399965.0,35404965.0,35410101.0,35415180.0,35420051.0,35425068.0,35430257.0,35434947.0,35439562.0,35444166.0,35448662.0,35453384.0,35458411.0,35463908.0,35468869.0,35473627.0,35478939.0,35484262.0,35489463.0,35494902.0,35499975.0,35505003.0,35510037.0,35514913.0,35519652.0,35524641.0,35530262.0,35536162.0,35541526.0,35547164.0,35552537.0,35557938.0,35565120.0,35571850.0,35577461.0,35582880.0,35588461.0,35593688.0,35598882.0,35604235.0,35609490.0,35614868.0,35619984.0,35625002.0,35629863.0,35634845.0,35639671.0,35644983.0,35650167.0,35655148.0,35659603.0,35664352.0,35669124.0,35673774.0,35678542.0,35683386.0,35687896.0,35692207.0,35696484.0,35700968.0,35705473.0,35710045.0,35714735.0,35719110.0,35723348.0,35727706
opFsMyQmScw,958129.0,958299.0,958484.0,958662.0,958874.0,959089.0,959285.0,959476.0,959675.0,959861.0,960078.0,960247.0,960450.0,960653.0,960854.0,961027.0,961222.0,961357.0,961511.0,961715.0,961934.0,962120.0,962297.0,962507.0,962684.0,962851.0,963013.0,963195.0,963387.0,963547.0,963737.0,963912.0,964055.0,964221.0,964368.0,964584.0,964813.0,965000.0,965177.0,965373.0,965546.0,965724.0,965908.0,966093.0,966275.0,966456.0,966615.0,966779.0,966955.0,967133.0,967307.0,967529.0,967699.0,967852.0,968029.0,968248.0,968445.0,968618.0,968801.0,969006.0,969154.0,969348.0,969514.0,969687.0,969845.0,970008.0,970148.0,970336.0,970519.0,970680.0,970842.0,970988.0,971158.0,971310.0,971469.0,971644.0,971792.0,971944.0,972103.0,972239.0,972406.0,972559.0,972744.0,972887.0,973023.0,973166.0,973325.0,973460.0,973608.0,973742.0,973887.0,974020.0,974156.0,974301.0,974436.0,974584.0,974702.0,974846.0,974984.0,975142.0,975269.0,975392.0,975525.0,975644.0,975787.0,975938.0,976088.0,976225.0,976376.0,976534.0,976681.0,976818.0,976954.0,977135.0,977295.0,977413.0,977543.0,977686.0,977813.0,977970.0,978074.0,978233.0,978370.0,978489.0,978621.0,978813.0,979012.0,979267.0,979496.0,979681.0,979881.0,980074.0,980540.0,981161.0,,,,,,,,,1049480.0,1067907.0,1090251.0,1105277.0,1115861.0,1121800.0,1129358.0,1136161.0,1142785.0,1149170.0,1155341.0,1161641.0,1167270.0,1172323.0,1178186.0,1183838.0,1189767.0,1193636.0,1196386.0,1198115.0,1199300.0,1201027.0,1205336.0,1208072.0,1209328.0,1210553.0,1211597.0,1212675.0,1214066.0,1215628.0,1217345.0,1219689.0,1222409.0,1225105.0,1227955.0,1231265.0,1234879.0,1238567.0,1241346.0,1244606.0,1247867.0,1251742.0,1255488.0,1260024.0,1266495.0,1270206.0,1274972.0,1279877.0,1286441.0,1296292.0,1304896.0,1313241.0,1321491.0,1331137.0,1343705.0,1364083.0,1386670.0,1404565.0,1431083.0,1450787.0,1469863.0,1489468.0,1513288.0,1536098.0,1560175.0,1583120.0,1608064.0,1636439.0,1662641.0,1692284.0,1715027.0,1739193.0,1766212.0,1781550.0,1798538.0,1816038.0,1831600.0,1846835.0,1858617.0,1869540.0,1880382.0,1887669.0,1896245.0,1906508.0,1917930.0,1928091.0,1938029.0,1947776.0,1957948.0,1969155.0,1979423.0,1991968.0,2002064.0,2011528.0,2022802.0,2035571.0,2048006.0,2060155.0,2073253.0,2084942.0,2097097.0,2109206.0,2123280.0,2133899.0,2144451.0,2155637.0,2163744.0,2174200.0,2181709.0,2190362.0,2202406.0,2211466.0,2218513.0,2225078.0,2229970.0,2235433.0,2240772.0,2245723.0,2250991.0,2254282.0,2256736.0,,2260615.0,2262753.0,2264873.0,2267061.0,2269042.0,2270662.0,2272071.0,2273588.0,2274877.0,2276665.0,2278083.0,2279408.0,2280407.0,2281751.0,2283175.0,2284633.0,2285917.0,2287592.0,2289253.0,2290469.0,2292209.0,2294011.0,2295680.0,2297100.0,2298792.0,2300226.0,2301437.0,2302585.0,2303856.0,2304864.0,2305716.0,2306765.0,2307573.0,2308217.0,2308916.0,2309631.0,2310348.0,2310923.0,2311556.0,2312187.0,2312820.0,2313444.0,2314174.0,2314751.0,2315351.0,2316340.0,2318204.0,2320137.0,2322268.0,2324724.0,2327096.0,2329261.0,2330983.0,2332913.0,2334082.0,2335150.0,2336531.0,2337751.0,2339167.0,2340557.0,2341952.0,2343512.0,2344887.0,2346739.0,2348990.0,2351596.0,2355702.0,2358998.0,2361686.0,2364530.0,2367911.0,2371812.0,2375939.0,2380099.0,2384343.0,2388751.0,2393180.0,2398520.0,2403812.0,2408779.0,2415111.0,2421286.0,2425657.0,2428878.0,2432267.0,2434883.0,2437480.0,2440012.0,2442330.0,2444362.0,2446705.0,2449359.0,2452525.0,2456010.0,2458974.0,2462042.0,2464456.0,2466623.0,2468859.0,2471011.0,2473024.0,2475288.0,2477552.0,2479123.0,2481149.0,2482961.0,2484672.0,2486424.0,2488055.0,2489925.0,2491376.0,2493262.0,2494805.0,2496058
pmOfQHcK4WQ,21201.0,21204.0,21206.0,21209.0,21213.0,21216.0,21222.0,21226.0,21232.0,21235.0,21238.0,21241.0,21244.0,21249.0,21252.0,21256.0,21259.0,21263.0,21263.0,21269.0,21274.0,21280.0,21282.0,21288.0,21299.0,21307.0,21309.0,21317.0,21321.0,21326.0,21333.0,21335.0,21341.0,21346.0,21348.0,21352.0,21358.0,21364.0,21369.0,21377.0,21380.0,21383.0,21388.0,21393.0,21398.0,21399.0,21403.0,21404.0,21411.0,21415.0,21420.0,21422.0,21423.0,21429.0,21433.0,21437.0,21442.0,21448.0,21449.0,21455.0,21457.0,21461.0,21467.0,21472.0,21480.0,21488.0,21488.0,21490.0,21492.0,21499.0,21502.0,21505.0,21510.0,21513.0,21520.0,21529.0,21533.0,21540.0,21547.0,21550.0,21553.0,21559.0,21564.0,21570.0,21574.0,21588.0,21590.0,21593.0,21600.0,21604.0,21607.0,21613.0,21620.0,21626.0,21631.0,21637.0,21640.0,21642.0,21647.0,21650.0,21654.0,21657.0,21698.0,21703.0,21708.0,21709.0,21715.0,21719.0,21722.0,21723.0,21729.0,21734.0,21740.0,21746.0,21748.0,21753.0,21761.0,21769.0,21772.0,21777.0,21783.0,21786.0,21791.0,21795.0,21797.0,21799.0,21804.0,21809.0,21815.0,21820.0,21832.0,21850.0,21862.0,21867.0,,,,,,,,,21924.0,21929.0,21933.0,21942.0,21951.0,21956.0,21959.0,21965.0,21969.0,21976.0,21982.0,21982.0,21982.0,21982.0,21982.0,21982.0,21982.0,21982.0,21982.0,21982.0,21982.0,21982.0,21982.0,21982.0,21982.0,21982.0,21982.0,21982.0,21982.0,21982.0,21982.0,21982.0,21982.0,21982.0,21982.0,21982.0,21982.0,21982.0,21982.0,21982.0,21982.0,21982.0,21982.0,21982.0,21982.0,21982.0,21982.0,21982.0,21982.0,21982.0,21982.0,21982.0,21982.0,21982.0,21982.0,21982.0,21982.0,21982.0,21982.0,21982.0,21982.0,21982.0,21982.0,21982.0,21982.0,21982.0,21982.0,21982.0,21982.0,21982.0,21982.0,21982.0,21982.0,21982.0,21982.0,21982.0,21982.0,21982.0,21982.0,21982.0,21982.0,21982.0,21982.0,21982.0,21982.0,21982.0,21982.0,21982.0,21982.0,21982.0,21982.0,21982.0,21982.0,21982.0,21982.0,21982.0,21982.0,21982.0,21982.0,21982.0,21982.0,21982.0,21982.0,21982.0,21982.0,21982.0,21982.0,21982.0,21982.0,21982.0,21982.0,21982.0,21982.0,21982.0,21982.0,21982.0,21982.0,21982.0,21982.0,21982.0,21982.0,,21982.0,21982.0,21982.0,21982.0,21982.0,21982.0,21982.0,21982.0,21982.0,21982.0,21982.0,21982.0,21982.0,21982.0,21982.0,21982.0,21982.0,21982.0,21982.0,21982.0,21982.0,21982.0,21982.0,21982.0,21982.0,21982.0,21982.0,21982.0,21982.0,21982.0,21982.0,21982.0,21982.0,21982.0,21982.0,21982.0,21982.0,21982.0,21982.0,21982.0,21982.0,21982.0,21982.0,21982.0,21982.0,21982.0,21982.0,21982.0,21982.0,21982.0,21982.0,21982.0,21982.0,21982.0,21982.0,21982.0,21982.0,21982.0,21982.0,21982.0,21982.0,21982.0,21982.0,21982.0,21982.0,21982.0,21982.0,21982.0,21982.0,21982.0,21982.0,21982.0,21982.0,21982.0,21982.0,21982.0,21982.0,21982.0,21982.0,21982.0,21982.0,21982.0,21982.0,21982.0,21982.0,21982.0,21982.0,21982.0,21982.0,21982.0,21982.0,21982.0,21982.0,21982.0,21982.0,21982.0,21982.0,21982.0,21982.0,21982.0,21982.0,21982.0,21982.0,21982.0,21982.0,21982.0,21982.0,21982.0,21982.0,21982.0,21982.0,21982.0,21982.0,21982
UaywgAqcLxI,173235924.0,173281339.0,173333763.0,173386884.0,173437275.0,173488700.0,173547787.0,173606093.0,173672849.0,173744645.0,173819135.0,173887798.0,173960831.0,174032144.0,174102061.0,174167913.0,174235338.0,174300016.0,174358483.0,174418738.0,174479373.0,174537781.0,174594082.0,174646109.0,174697400.0,174751788.0,174806806.0,174861636.0,174917091.0,174973467.0,175031261.0,175084511.0,175136672.0,175191444.0,175248088.0,175306099.0,175364240.0,175422695.0,175478567.0,175529820.0,175586628.0,175644171.0,175701918.0,175760564.0,175820588.0,175879838.0,175931371.0,175989954.0,176043470.0,176086127.0,176134795.0,176187892.0,176239727.0,176286820.0,176339183.0,176389780.0,176439589.0,176488945.0,176540269.0,176593418.0,176643134.0,176695908.0,176748046.0,176797872.0,176847742.0,176898640.0,176949150.0,176999323.0,177045434.0,177104978.0,177159595.0,177212353.0,177264690.0,177317454.0,177368637.0,177423393.0,177478541.0,177533041.0,177589115.0,177643270.0,177698211.0,177752018.0,177806279.0,177863246.0,177917852.0,177973602.0,178027643.0,178081407.0,178132438.0,178184491.0,178240809.0,178296081.0,178347507.0,178399550.0,178450548.0,178499071.0,178549593.0,178600646.0,178653589.0,178707253.0,178759777.0,178811506.0,178859352.0,178907871.0,178957628.0,179008647.0,179058030.0,179107056.0,179157333.0,179205893.0,179254596.0,179305095.0,179356075.0,179406798.0,179456960.0,179505253.0,179551531.0,179599170.0,179648370.0,179698291.0,179751250.0,179802661.0,179853420.0,179903134.0,179954379.0,180005594.0,180058696.0,180108798.0,180159518.0,180210142.0,180260966.0,180310632.0,180357714.0,180406405.0,,,,,,,,,180855795.0,180905390.0,180948848.0,180991730.0,181035169.0,181079785.0,181124462.0,181167864.0,181214024.0,181253506.0,181294789.0,181335717.0,181381892.0,181428364.0,181473812.0,181519006.0,181561835.0,181607766.0,181653078.0,181699640.0,181746010.0,181796713.0,181844689.0,181888064.0,181936157.0,181984126.0,182032523.0,182082696.0,182129222.0,182175640.0,182220005.0,182266422.0,182313147.0,182359830.0,182406245.0,182456262.0,182505131.0,182550684.0,182597612.0,182644598.0,182689441.0,182734074.0,182780705.0,182826194.0,182870008.0,182913734.0,182957860.0,183003383.0,183049503.0,183094748.0,183138954.0,183180928.0,183224058.0,183270467.0,183315725.0,183361632.0,183408629.0,183455709.0,183498946.0,183548099.0,183598624.0,183645025.0,183682333.0,183727070.0,183768693.0,183811685.0,183857652.0,183904249.0,183950195.0,183986435.0,184031390.0,184074816.0,184118415.0,184165826.0,184213468.0,184261668.0,184312220.0,184361109.0,184408245.0,184451732.0,184497170.0,184548590.0,184602959.0,184655381.0,184706807.0,184756793.0,184802087.0,184845158.0,184885832.0,184927857.0,184969822.0,185011567.0,185053969.0,185092008.0,185130299.0,185170269.0,185210858.0,185251045.0,185291964.0,185330352.0,185368121.0,185407456.0,185448283.0,185489036.0,185527708.0,185566050.0,185604429.0,185640327.0,185677367.0,185714914.0,185752801.0,185791061.0,185829776.0,185867694.0,185903658.0,185940770.0,185976303.0,186011217.0,186047160.0,186082137.0,186117386.0,,186187029.0,186223824.0,186260756.0,186297108.0,186336004.0,186372726.0,186407528.0,186442473.0,186479117.0,186516861.0,186553811.0,186590722.0,186627639.0,186661486.0,186695611.0,186732967.0,186771302.0,186809834.0,186849645.0,186888749.0,186927278.0,186968472.0,187012686.0,187056736.0,187119349.0,187186018.0,187236140.0,187281173.0,187330165.0,187377230.0,187423441.0,187467616.0,187506782.0,187544296.0,187579088.0,187617322.0,187654722.0,187702563.0,187746870.0,187787640.0,187829198.0,187871699.0,187916773.0,187976233.0,188025466.0,188070521.0,188120650.0,188169532.0,188211036.0,188255650.0,188302461.0,188348395.0,188392537.0,188433191.0,188472999.0,188513251.0,188552724.0,188590467.0,188628057.0,188665878.0,188704605.0,188743740.0,188778863.0,188813327.0,188851328.0,188890321.0,188927997.0,188967308.0,189004186.0,189038738.0,189074211.0,189109044.0,189144792.0,189180989.0,189219495.0,189258289.0,189294392.0,189332947.0,189373225.0,189413188.0,189452479.0,189491533.0,189529058.0,189564874.0,189602117.0,189640288.0,189679309.0,189719270.0,189761309.0,189802610.0,189841870.0,189881105.0,189922837.0,189964484.0,190007784.0,190055588.0,190097216.0,190136902.0,190178035.0,190222129.0,190268409.0,190321740.0,190371001.0,190416698.0,190457878.0,190499674.0,190541349.0,190582810.0,190624161.0,190665267.0,190705224.0,190741900.0,190779292.0,190816284
cXCBiF67jLM,161328446.0,161354797.0,161384367.0,161415451.0,161444852.0,161477124.0,161508308.0,161541689.0,161577752.0,161616644.0,161657835.0,161693559.0,161730718.0,161767525.0,161806475.0,161845337.0,161884919.0,161921645.0,161957206.0,161993068.0,162031767.0,162072448.0,162110191.0,162141436.0,162173273.0,162204707.0,162237589.0,162272624.0,162308721.0,162345136.0,162381488.0,162412517.0,162443321.0,162476041.0,162509782.0,162543357.0,162578706.0,162612822.0,162644620.0,162675688.0,162709525.0,162744942.0,162782797.0,162821095.0,162855607.0,162886430.0,162915368.0,162947105.0,162977680.0,163009822.0,163040216.0,163074465.0,163105380.0,163134635.0,163166185.0,163199092.0,163233451.0,163268404.0,163303100.0,163335484.0,163364670.0,163396215.0,163427338.0,163458166.0,163488818.0,163518863.0,163547927.0,163578054.0,163606289.0,163642316.0,163673603.0,163703927.0,163735848.0,163769211.0,163800477.0,163832372.0,163865856.0,163896293.0,163928427.0,163958853.0,163989189.0,164018180.0,164049353.0,164081372.0,164111216.0,164141047.0,164169821.0,164198398.0,164226771.0,164257009.0,164288190.0,164319113.0,164348150.0,164376686.0,164404090.0,164431247.0,164461355.0,164491873.0,164522986.0,164553359.0,164582945.0,164610200.0,164636014.0,164664452.0,164693211.0,164722823.0,164754176.0,164785952.0,164816356.0,164842991.0,164869952.0,164899148.0,164927969.0,164955971.0,164984429.0,165012376.0,165040506.0,165070591.0,165100236.0,165129511.0,165159251.0,165187001.0,165214640.0,165239673.0,165267089.0,165294705.0,165321101.0,165350224.0,165379580.0,165407871.0,165436221.0,165465147.0,165492495.0,165520094.0,,,,,,,,,165777300.0,165807953.0,165835084.0,165862747.0,165889847.0,165916705.0,165942863.0,165968239.0,165995035.0,166019781.0,166045639.0,166071431.0,166098813.0,166125658.0,166152699.0,166178639.0,166203087.0,166229164.0,166256898.0,166286974.0,166315790.0,166346235.0,166376057.0,166404227.0,166433258.0,166463048.0,166493467.0,166524377.0,166553495.0,166582369.0,166609699.0,166638699.0,166667187.0,166696694.0,166724186.0,166747923.0,166769218.0,166791026.0,166814091.0,166837209.0,166859329.0,166881062.0,166903314.0,166925076.0,166946106.0,166967664.0,166989704.0,167011894.0,167034176.0,167056517.0,167077468.0,167098336.0,167120232.0,167142608.0,167164137.0,167186466.0,167208911.0,167230071.0,167251124.0,167274162.0,167298263.0,167319719.0,167337450.0,167357438.0,167377557.0,167398868.0,167421071.0,167444111.0,167465786.0,167484630.0,167506473.0,167527121.0,167547776.0,167570238.0,167593383.0,167616302.0,167640451.0,167664474.0,167687619.0,167709360.0,167732911.0,167757997.0,167784023.0,167811704.0,167836540.0,167860387.0,167882686.0,167906282.0,167928841.0,167951774.0,167974128.0,167996541.0,168019628.0,168041596.0,168063836.0,168086956.0,168111847.0,168136216.0,168161169.0,168184362.0,168206428.0,168228353.0,168251219.0,168273872.0,168297527.0,168320187.0,168341910.0,168362564.0,168383713.0,168404950.0,168427239.0,168450414.0,168474193.0,168496332.0,168517456.0,168538439.0,168558118.0,168584502.0,168612312.0,168639949.0,168667389.0,,168722131.0,168751700.0,168780896.0,168811190.0,168842596.0,168871552.0,168899451.0,168926666.0,168956018.0,168986655.0,169015495.0,169043049.0,169070055.0,169095291.0,169115503.0,169136126.0,169158062.0,169181070.0,169203889.0,169224290.0,169244555.0,169266099.0,169288726.0,169311705.0,169341760.0,169374285.0,169401741.0,169428767.0,169452315.0,169478187.0,169504093.0,169530259.0,169553831.0,169577070.0,169598453.0,169621092.0,169644931.0,169675399.0,169703002.0,169727727.0,169752833.0,169777238.0,169801117.0,169827066.0,169850922.0,169873069.0,169895841.0,169917149.0,169937571.0,169960767.0,169985273.0,170010086.0,170034268.0,170058777.0,170082572.0,170105465.0,170128866.0,170152194.0,170176040.0,170200101.0,170224471.0,170247544.0,170269094.0,170291015.0,170313584.0,170335745.0,170357142.0,170378949.0,170400231.0,170420219.0,170441266.0,170461714.0,170482669.0,170503459.0,170525672.0,170546984.0,170567923.0,170589515.0,170611653.0,170634102.0,170657213.0,170682002.0,170704313.0,170726909.0,170750416.0,170773758.0,170797524.0,170821591.0,170845525.0,170869163.0,170891711.0,170914010.0,170936702.0,170960241.0,170982440.0,171006579.0,171028519.0,171049549.0,171071902.0,171093641.0,171114603.0,171136272.0,171156808.0,171175949.0,171193616.0,171212598.0,171232232.0,171251518.0,171271036.0,171291128.0,171309752.0,171328446.0,171348416.0,171368642
TLT_MqzRHfY,15355275.0,15361740.0,15368345.0,15375020.0,15381921.0,15389455.0,15397465.0,15405370.0,15413783.0,15423361.0,15432408.0,15442038.0,15452726.0,15463579.0,15473122.0,15481686.0,15489456.0,15496253.0,15503287.0,15510892.0,15517980.0,15525457.0,15532775.0,15539999.0,15546550.0,15553267.0,15560242.0,15567392.0,15574337.0,15581218.0,15587593.0,15593448.0,15599852.0,15606876.0,15613610.0,15620614.0,15627782.0,15634080.0,15639814.0,15646013.0,15653245.0,15660120.0,15666852.0,15673715.0,15679417.0,15684853.0,15690499.0,15696795.0,15703117.0,15709300.0,15715259.0,15720890.0,15725803.0,15730831.0,15736453.0,15742483.0,15748830.0,15755307.0,15761159.0,15766210.0,15771380.0,15777042.0,15782791.0,15788868.0,15795084.0,15801608.0,15807192.0,15813160.0,15819001.0,15826374.0,15833049.0,15839573.0,15846227.0,15852263.0,15857885.0,15864447.0,15870999.0,15876995.0,15883091.0,15888925.0,15894209.0,15899649.0,15906026.0,15913529.0,15921667.0,15929645.0,15936930.0,15943559.0,15951233.0,15959712.0,15968776.0,15977012.0,15985620.0,15993676.0,16000814.0,16008060.0,16015736.0,16023367.0,16031210.0,16038799.0,16046085.0,16054081.0,16060888.0,16068147.0,16074975.0,16081815.0,16088713.0,16094903.0,16100974.0,16106977.0,16113449.0,16120444.0,16127646.0,16134546.0,16140870.0,16146421.0,16152421.0,16159058.0,16165724.0,16172867.0,16179577.0,16185801.0,16191445.0,16197818.0,16205619.0,16213670.0,16221400.0,16229124.0,16235260.0,16241117.0,16248304.0,16256224.0,16263354.0,16270326.0,,,,,,,,,16330120.0,16335601.0,16341504.0,16347312.0,16353143.0,16358819.0,16364406.0,16369590.0,16375407.0,16381030.0,16387042.0,16393501.0,16400913.0,16407905.0,16413994.0,16419619.0,16425180.0,16431087.0,16437314.0,16443622.0,16449544.0,16455530.0,16460821.0,16466724.0,16473073.0,16479877.0,16486743.0,16493178.0,16498588.0,16503729.0,16509235.0,16515531.0,16521988.0,16528293.0,16534334.0,16540112.0,16545448.0,16551192.0,16558048.0,16564654.0,16570939.0,16577480.0,16583793.0,16589457.0,16595240.0,16601460.0,16607677.0,16614366.0,16621426.0,16627889.0,16633469.0,16639687.0,16646424.0,16653385.0,16660079.0,16666554.0,16672505.0,16678124.0,16683703.0,16690100.0,16696243.0,16701465.0,16705906.0,16711106.0,16715981.0,16721372.0,16726854.0,16732305.0,16736958.0,16741073.0,16746029.0,16750948.0,16757436.0,16764673.0,16772046.0,16779433.0,16786990.0,16793911.0,16800466.0,16807245.0,16814147.0,16822089.0,16831171.0,16840124.0,16848719.0,16856571.0,16864028.0,16869428.0,16874503.0,16879652.0,16884636.0,16889162.0,16893540.0,16898011.0,16903084.0,16908204.0,16913517.0,16918756.0,16923509.0,16927705.0,16932515.0,16937547.0,16942751.0,16947775.0,16952978.0,16957623.0,16961984.0,16966715.0,16972011.0,16977322.0,16982653.0,16988096.0,16993029.0,16997717.0,17002245.0,17006712.0,17011190.0,17015397.0,17019914.0,17024047.0,17027560.0,,17035540.0,17040012.0,17044669.0,17049197.0,17053354.0,17057115.0,17061155.0,17065382.0,17069827.0,17074451.0,17078956.0,17083009.0,17086659.0,17090616.0,17095127.0,17100020.0,17104894.0,17109881.0,17114454.0,17118738.0,17123548.0,17128763.0,17135351.0,17142112.0,17147245.0,17152004.0,17156181.0,17160520.0,17165167.0,17169649.0,17173656.0,17177568.0,17181222.0,17184639.0,17188493.0,17192589.0,17196517.0,17200299.0,17203871.0,17207260.0,17210396.0,17213802.0,17217755.0,17221476.0,17225198.0,17228967.0,17233185.0,17237072.0,17241100.0,17245566.0,17250420.0,17255090.0,17259865.0,17264031.0,17267682.0,17271514.0,17275915.0,17280416.0,17284731.0,17289064.0,17293040.0,17296751.0,17300537.0,17304930.0,17309376.0,17313667.0,17318331.0,17322391.0,17326091.0,17329968.0,17334421.0,17338759.0,17343105.0,17347343.0,17351735.0,17355937.0,17360570.0,17365768.0,17371146.0,17376184.0,17381166.0,17385973.0,17390268.0,17394466.0,17399069.0,17403547.0,17407829.0,17412247.0,17416185.0,17419844.0,17423571.0,17427426.0,17431793.0,17435944.0,17440264.0,17444544.0,17448231.0,17452283.0,17456698.0,17461126.0,17465473.0,17469829.0,17473860.0,17477561.0,17481610.0,17486105.0,17490920.0,17495735.0,17500149.0,17504520.0,17508340.0,17512022.0,17516134.0,17520297
W_sfwQfue3s,3753272.0,3754489.0,3755669.0,3756744.0,3757898.0,3759121.0,3760414.0,3761764.0,3763392.0,3765304.0,3767059.0,3768640.0,3770272.0,3771858.0,3773463.0,3774908.0,3776070.0,3777263.0,3778604.0,3780110.0,3781650.0,3782853.0,3784084.0,3785192.0,3786304.0,3787491.0,3788802.0,3790126.0,3791419.0,3792740.0,3793949.0,3794997.0,3796275.0,3797606.0,3799241.0,3800938.0,3802538.0,3803811.0,3804862.0,3806100.0,3807362.0,3808683.0,3809908.0,3811065.0,3812091.0,3813169.0,3814198.0,3815496.0,3816863.0,3818105.0,3819423.0,3820532.0,3821516.0,3822546.0,3823829.0,3824881.0,3825897.0,3827074.0,3828200.0,3829194.0,3830201.0,3831293.0,3832592.0,3833839.0,3835160.0,3836337.0,3837435.0,3838588.0,3839673.0,3840914.0,3842023.0,3843110.0,3844193.0,3845180.0,3846200.0,3847306.0,3848338.0,3849400.0,3850512.0,3851612.0,3852581.0,3853705.0,3855000.0,3856239.0,3857447.0,3858574.0,3859587.0,3860538.0,3861567.0,3862668.0,3863563.0,3864735.0,3865806.0,3866908.0,3867880.0,3868825.0,3869833.0,3870815.0,3871913.0,3872960.0,3873928.0,3874916.0,3875830.0,3876969.0,3878245.0,3879531.0,3880697.0,3881973.0,3883116.0,3884087.0,3885105.0,3886250.0,3887420.0,3888474.0,3889526.0,3890511.0,3891652.0,3892934.0,3894097.0,3895392.0,3896583.0,3897706.0,3898808.0,3899850.0,3901508.0,3903281.0,3904863.0,3906341.0,3907574.0,3908710.0,3910075.0,3911549.0,3912838.0,3914176.0,,,,,,,,,3925032.0,3926238.0,3927342.0,3928492.0,3929915.0,3931085.0,3932220.0,3933421.0,3934849.0,3935925.0,3937150.0,3938359.0,3939735.0,3941362.0,3942945.0,3944408.0,3946335.0,3948872.0,3950851.0,3952144.0,3953490.0,3954712.0,3955820.0,3956995.0,3958024.0,3959223.0,3960685.0,3961943.0,3963322.0,3964814.0,3966635.0,3969151.0,3971544.0,3973278.0,3974963.0,3976497.0,3978088.0,3979501.0,3980754.0,3981967.0,3983034.0,3984267.0,3985481.0,3986693.0,3988025.0,3989178.0,3990397.0,3991704.0,3993150.0,3994502.0,3995505.0,3996623.0,3997890.0,3999230.0,4000574.0,4001871.0,4003202.0,4004545.0,4005825.0,4007121.0,4008299.0,4009523.0,4010644.0,4011777.0,4013083.0,4014303.0,4015442.0,4016669.0,4017718.0,4018717.0,4019816.0,4020885.0,4021995.0,4023204.0,4024648.0,4025938.0,4027253.0,4028714.0,4029873.0,4031004.0,4032329.0,4033505.0,4034781.0,4036241.0,4037661.0,4039016.0,4040241.0,4041570.0,4043162.0,4044694.0,4046418.0,4048432.0,4050354.0,4052364.0,4054474.0,4056703.0,4058565.0,4060111.0,4061614.0,4062991.0,4064400.0,4065938.0,4067654.0,4069113.0,4070760.0,4072064.0,4072983.0,4074101.0,4075395.0,4077126.0,4078646.0,4080047.0,4081283.0,4082499.0,4083720.0,4084921.0,4086242.0,4087466.0,4088535.0,4089424.0,4090224.0,,4091791.0,4092655.0,4093545.0,4094268.0,4095202.0,4096009.0,4096784.0,4097540.0,4098459.0,4099406.0,4100373.0,4101302.0,4102172.0,4103165.0,4104258.0,4105556.0,4106912.0,4108234.0,4109294.0,4110292.0,4111431.0,4112660.0,4113802.0,4115054.0,4116256.0,4117088.0,4117888.0,4118581.0,4119581.0,4120408.0,4121246.0,4122011.0,4122716.0,4123403.0,4124034.0,4124778.0,4125472.0,4126160.0,4126850.0,4127568.0,4128234.0,4128980.0,4129761.0,4130479.0,4131045.0,4131838.0,4132816.0,4133619.0,4134558.0,4135608.0,4136642.0,4137570.0,4138490.0,4139542.0,4140396.0,4141265.0,4142272.0,4143243.0,4144260.0,4145368.0,4146460.0,4147339.0,4148208.0,4149434.0,4150682.0,4152172.0,4154041.0,4155617.0,4156832.0,4158515.0,4160364.0,4162655.0,4164875.0,4166831.0,4168921.0,4171141.0,4174424.0,4177895.0,4181224.0,4184352.0,4187979.0,4191050.0,4193319.0,4195052.0,4196672.0,4198259.0,4199750.0,4201209.0,4202428.0,4203556.0,4204545.0,4205796.0,4207233.0,4208760.0,4210139.0,4211520.0,4212757.0,4213995.0,4215358.0,4216498.0,4217621.0,4218910.0,4220264.0,4221354.0,4222562.0,4223892.0,4225198.0,4226419.0,4227540.0,4228680.0,4229745.0,4230839.0,4231956.0,4233063
zzKV_T9ybe8,34659921.0,34675246.0,34692713.0,34709799.0,34725657.0,34742940.0,34760581.0,34779192.0,34801111.0,34824510.0,34846213.0,34865945.0,34885790.0,34903620.0,34921732.0,34940121.0,34958115.0,34973808.0,34989424.0,35006068.0,35023906.0,35040604.0,35057090.0,35072926.0,35087968.0,35103601.0,35119978.0,35135807.0,35151960.0,35167668.0,35182728.0,35196401.0,35210621.0,35225637.0,35241311.0,35256258.0,35271402.0,35285607.0,35299210.0,35313505.0,35329331.0,35345423.0,35360471.0,35375532.0,35390795.0,35405842.0,35419217.0,35433195.0,35444213.0,35454572.0,35465000.0,35476236.0,35487220.0,35498230.0,35509445.0,35521010.0,35532370.0,35544078.0,35556171.0,35567872.0,35579722.0,35592922.0,35606208.0,35618751.0,35630298.0,35641661.0,35652807.0,35664529.0,35675701.0,35690626.0,35704584.0,35717604.0,35730831.0,35743727.0,35757020.0,35770980.0,35786034.0,35800988.0,35816789.0,35830527.0,35843848.0,35856751.0,35869419.0,35882964.0,35895952.0,35909611.0,35923366.0,35937045.0,35950128.0,35963718.0,35977487.0,35991447.0,36004325.0,36018157.0,36031326.0,36043289.0,36056126.0,36069067.0,36081531.0,36095132.0,36108671.0,36120997.0,36133024.0,36145506.0,36158449.0,36171849.0,36183856.0,36195679.0,36207545.0,36219734.0,36232415.0,36245954.0,36259866.0,36273021.0,36286059.0,36297432.0,36309213.0,36322431.0,36336143.0,36350367.0,36364237.0,36377447.0,36391005.0,36405735.0,36421971.0,36437475.0,36454133.0,36470858.0,36487420.0,36502666.0,36520009.0,36536353.0,36551412.0,36565313.0,,,,,,,,,36685127.0,36697446.0,36709024.0,36721410.0,36734037.0,36747783.0,36761604.0,36774899.0,36788827.0,36801971.0,36815360.0,36828627.0,36843341.0,36857664.0,36871690.0,36884951.0,36897882.0,36913106.0,36928973.0,36944165.0,36958592.0,36973607.0,36986783.0,36999781.0,37014578.0,37029273.0,37044558.0,37058617.0,37071769.0,37084051.0,37096716.0,37110298.0,37123884.0,37137287.0,37149956.0,37162694.0,37175010.0,37187664.0,37201209.0,37214342.0,37227193.0,37239425.0,37251190.0,37262748.0,37274785.0,37287195.0,37299754.0,37316763.0,37329901.0,37341460.0,37352080.0,37363027.0,37374438.0,37386391.0,37397795.0,37409099.0,37419919.0,37430217.0,37442387.0,37454990.0,37467917.0,37478959.0,37487629.0,37497143.0,37506120.0,37515790.0,37526375.0,37536927.0,37546438.0,37554882.0,37564845.0,37574800.0,37585201.0,37596603.0,37608435.0,37619973.0,37632252.0,37643545.0,37653813.0,37664385.0,37676382.0,37688922.0,37702450.0,37716280.0,37728004.0,37739244.0,37750500.0,37760242.0,37770094.0,37779879.0,37789779.0,37799353.0,37808584.0,37817666.0,37827170.0,37836375.0,37845694.0,37854854.0,37863511.0,37871486.0,37879756.0,37888583.0,37897932.0,37906895.0,37916237.0,37924573.0,37932476.0,37940808.0,37949863.0,37959122.0,37968373.0,37977409.0,37985941.0,37994092.0,38002406.0,38011054.0,38019556.0,38029997.0,38040871.0,38050769.0,38059955.0,,38079787.0,38090306.0,38101062.0,38111396.0,38122177.0,38132559.0,38143158.0,38153726.0,38163874.0,38174811.0,38184982.0,38195114.0,38204799.0,38214126.0,38223573.0,38232111.0,38241316.0,38250131.0,38259146.0,38267930.0,38276708.0,38286243.0,38296555.0,38306759.0,38322594.0,38337611.0,38347655.0,38356842.0,38366685.0,38375976.0,38385014.0,38393710.0,38401591.0,38409263.0,38416926.0,38425795.0,38434452.0,38444862.0,38454073.0,38462282.0,38470341.0,38479034.0,38488255.0,38499348.0,38508165.0,38516213.0,38524707.0,38532608.0,38540242.0,38548075.0,38556584.0,38565162.0,38573183.0,38580124.0,38587316.0,38594893.0,38603546.0,38611953.0,38620494.0,38628594.0,38636532.0,38643643.0,38651098.0,38658763.0,38666676.0,38674392.0,38681902.0,38689299.0,38696243.0,38703377.0,38710840.0,38718231.0,38725763.0,38733145.0,38740574.0,38747337.0,38754122.0,38762060.0,38770698.0,38778890.0,38787168.0,38795111.0,38802302.0,38809679.0,38817654.0,38825566.0,38833783.0,38842115.0,38850375.0,38858152.0,38865701.0,38873662.0,38882016.0,38890512.0,38898585.0,38907074.0,38915240.0,38923373.0,38931802.0,38940504.0,38949174.0,38958044.0,38967343.0,38975556.0,38983633.0,38992180.0,39000985.0,39009906.0,39018922.0,39027813.0,39035401.0,39043374.0,39051675.0,39059878
b4uRSwXJ4uE,168447.0,168532.0,168664.0,168772.0,168881.0,169034.0,169152.0,169280.0,169412.0,169534.0,169643.0,169743.0,169866.0,169959.0,170087.0,170213.0,170339.0,170446.0,170570.0,170683.0,170780.0,170902.0,171042.0,171159.0,171238.0,171346.0,171475.0,171579.0,171727.0,171868.0,171967.0,172064.0,172200.0,172350.0,172505.0,172627.0,172729.0,172847.0,172946.0,173083.0,173212.0,173335.0,173503.0,173611.0,173712.0,173813.0,173939.0,174049.0,174237.0,174378.0,174505.0,174652.0,174825.0,174980.0,175150.0,175291.0,175452.0,175641.0,175808.0,175936.0,176099.0,176279.0,176477.0,176659.0,176799.0,176949.0,177084.0,177221.0,177391.0,177600.0,177757.0,177950.0,178108.0,178273.0,178438.0,178587.0,178779.0,178980.0,179155.0,179346.0,179511.0,179684.0,179898.0,180105.0,180348.0,180525.0,180658.0,180790.0,180960.0,181123.0,181265.0,181453.0,181593.0,181752.0,181954.0,182155.0,182319.0,182586.0,182811.0,183100.0,183326.0,183479.0,183637.0,183829.0,184020.0,184208.0,184338.0,184459.0,184578.0,184708.0,184823.0,184948.0,185162.0,185298.0,185414.0,185529.0,185667.0,185815.0,186010.0,186155.0,186249.0,186393.0,186486.0,186616.0,186748.0,186872.0,186986.0,187113.0,187234.0,187377.0,187514.0,187692.0,187893.0,188073.0,,,,,,,,,189554.0,189690.0,189809.0,189932.0,190071.0,190191.0,190295.0,190383.0,190485.0,190613.0,190744.0,190869.0,190998.0,191121.0,191213.0,191339.0,191439.0,191547.0,191656.0,191743.0,191849.0,191954.0,192029.0,192123.0,192216.0,192332.0,192429.0,192518.0,192625.0,192739.0,192824.0,192933.0,193025.0,193122.0,193231.0,193299.0,193376.0,193489.0,193604.0,193687.0,193761.0,193850.0,193930.0,193993.0,194066.0,194144.0,194227.0,194297.0,194397.0,194477.0,194538.0,194605.0,194671.0,194769.0,194847.0,194933.0,195031.0,195113.0,195196.0,195285.0,195363.0,195434.0,195507.0,195563.0,195617.0,195704.0,195780.0,195858.0,195911.0,195989.0,196094.0,196184.0,196271.0,196348.0,196427.0,196534.0,196636.0,196739.0,196828.0,196939.0,197019.0,197110.0,197205.0,197290.0,197366.0,197442.0,197549.0,197650.0,197749.0,197831.0,197907.0,197966.0,198018.0,198070.0,198141.0,198209.0,198270.0,198339.0,198385.0,198444.0,198488.0,198598.0,198665.0,198740.0,198834.0,198927.0,198982.0,199031.0,199092.0,199181.0,199227.0,199300.0,199374.0,199495.0,199558.0,199625.0,199707.0,199809.0,199895.0,199991.0,200074.0,,200263.0,200374.0,200520.0,200615.0,200755.0,200865.0,200920.0,201002.0,201092.0,201201.0,201287.0,201358.0,201418.0,201471.0,201531.0,201586.0,201652.0,201713.0,201766.0,201813.0,201865.0,201931.0,202024.0,202084.0,202136.0,202181.0,202230.0,202276.0,202322.0,202384.0,202471.0,202546.0,202609.0,202642.0,202709.0,202773.0,202845.0,202919.0,203005.0,203075.0,203123.0,203158.0,203203.0,203264.0,203312.0,203387.0,203453.0,203504.0,203575.0,203635.0,203705.0,203771.0,203848.0,203941.0,203997.0,204062.0,204149.0,204215.0,204332.0,204414.0,204494.0,204552.0,204649.0,204746.0,204839.0,204927.0,205006.0,205084.0,205138.0,205216.0,205295.0,205386.0,205474.0,205547.0,205636.0,205722.0,205831.0,205939.0,206064.0,206184.0,206318.0,206417.0,206521.0,206643.0,206760.0,206851.0,206938.0,207045.0,207098.0,207171.0,207271.0,207354.0,207443.0,207544.0,207640.0,207725.0,207814.0,207920.0,208001.0,208085.0,208183.0,208272.0,208375.0,208439.0,208534.0,208646.0,208817.0,208929.0,209024.0,209111.0,209246.0,209317.0,209461.0,209535
kED0n7yVuLE,384848.0,385276.0,385782.0,386279.0,386670.0,387244.0,387694.0,388138.0,388708.0,389131.0,389650.0,390057.0,390562.0,390990.0,391486.0,391931.0,392412.0,392834.0,393304.0,393746.0,394162.0,394585.0,395018.0,395410.0,395760.0,396147.0,396479.0,396950.0,397354.0,397706.0,398123.0,398564.0,398921.0,399261.0,399656.0,400003.0,400436.0,400811.0,401087.0,401436.0,401714.0,402047.0,402344.0,402738.0,403097.0,403379.0,403670.0,403950.0,404210.0,404563.0,404919.0,405238.0,405557.0,405887.0,406295.0,406601.0,406919.0,407323.0,407702.0,408092.0,408405.0,408768.0,409146.0,409508.0,409794.0,410048.0,410292.0,410513.0,410692.0,410973.0,411223.0,411440.0,411704.0,411954.0,412252.0,412520.0,412729.0,413031.0,413267.0,413550.0,413773.0,414001.0,414274.0,414484.0,414736.0,415003.0,415256.0,415471.0,415760.0,415998.0,416212.0,416462.0,416655.0,416941.0,417203.0,417446.0,417717.0,417948.0,418210.0,418437.0,418691.0,418913.0,419198.0,419444.0,419690.0,419986.0,420232.0,420440.0,420723.0,420967.0,421182.0,421423.0,421651.0,421901.0,422144.0,422376.0,422558.0,422821.0,423068.0,423304.0,423484.0,423731.0,423956.0,424151.0,424433.0,424682.0,424984.0,425242.0,425516.0,425782.0,426007.0,426215.0,426368.0,426559.0,,,,,,,,,428481.0,428680.0,428876.0,429055.0,429250.0,429411.0,429630.0,429810.0,430042.0,430258.0,430445.0,430632.0,430805.0,430989.0,431170.0,431378.0,431529.0,431722.0,431925.0,432110.0,432306.0,432469.0,432660.0,432866.0,433076.0,433273.0,433487.0,433755.0,433958.0,434200.0,434395.0,434637.0,434857.0,435061.0,435257.0,435496.0,435739.0,435977.0,436214.0,436423.0,436674.0,436905.0,437158.0,437420.0,437665.0,437879.0,438150.0,438338.0,438559.0,438794.0,439018.0,439252.0,439421.0,439624.0,439852.0,440109.0,440298.0,440527.0,440752.0,440994.0,441206.0,441432.0,441603.0,441774.0,441935.0,442103.0,442255.0,442460.0,442611.0,442801.0,442972.0,443167.0,443384.0,443580.0,443767.0,443954.0,444137.0,444324.0,444476.0,444694.0,444854.0,445046.0,445223.0,445428.0,445618.0,445726.0,445920.0,446094.0,446251.0,446438.0,446605.0,446792.0,446965.0,447147.0,447345.0,447517.0,447692.0,447832.0,447977.0,448145.0,448318.0,448460.0,448598.0,448739.0,448873.0,449039.0,449212.0,449385.0,449563.0,449710.0,449886.0,450049.0,450243.0,450426.0,450587.0,450709.0,450863.0,450988.0,451154.0,451364.0,451522.0,,451935.0,452136.0,452309.0,452442.0,452614.0,452769.0,452922.0,453089.0,453249.0,453415.0,453605.0,453783.0,453936.0,454137.0,454305.0,454471.0,454635.0,454777.0,454973.0,455162.0,455327.0,455504.0,455696.0,455863.0,456018.0,456175.0,456352.0,456554.0,456766.0,456955.0,457157.0,457308.0,457479.0,457613.0,457789.0,457945.0,458161.0,458334.0,458494.0,458693.0,458844.0,459028.0,459200.0,459361.0,459520.0,459673.0,459836.0,459986.0,460137.0,460292.0,460499.0,460650.0,460799.0,460958.0,461090.0,461250.0,461362.0,461486.0,461629.0,461755.0,461871.0,462014.0,462155.0,462297.0,462435.0,462585.0,462715.0,462857.0,462993.0,463118.0,463247.0,463360.0,463468.0,463613.0,463732.0,463880.0,464039.0,464161.0,464276.0,464386.0,464497.0,464591.0,464717.0,464870.0,465026.0,465194.0,465319.0,465461.0,465609.0,465734.0,465861.0,465981.0,466104.0,466237.0,466367.0,466513.0,466651.0,466784.0,466935.0,467064.0,467203.0,467336.0,467459.0,467580.0,467690.0,467819.0,467924.0,468027.0,468131.0,468238.0,468357.0,468460.0,468567.0,468692
R-MgK-2lgbA,233672.0,233882.0,234097.0,234269.0,234496.0,234768.0,234916.0,235128.0,235343.0,235554.0,235712.0,235862.0,236038.0,236201.0,236384.0,236584.0,236744.0,236921.0,237101.0,237290.0,237432.0,237597.0,237795.0,237964.0,238119.0,238274.0,238463.0,238690.0,238887.0,239101.0,239274.0,239428.0,239594.0,239735.0,239877.0,240041.0,240199.0,240349.0,240486.0,240605.0,240737.0,240936.0,241105.0,241242.0,241399.0,241563.0,241676.0,241811.0,241944.0,242097.0,242260.0,242395.0,242535.0,242666.0,242821.0,242971.0,243111.0,243270.0,243403.0,243559.0,243729.0,243866.0,243994.0,244175.0,244293.0,244509.0,244643.0,244768.0,244871.0,245038.0,245187.0,245341.0,245476.0,245672.0,245802.0,245970.0,246102.0,246269.0,246441.0,246578.0,246701.0,246871.0,247053.0,247225.0,247423.0,247619.0,247833.0,247987.0,248155.0,248284.0,248460.0,248672.0,248875.0,249067.0,249234.0,249428.0,249609.0,249775.0,249976.0,250131.0,250274.0,250453.0,250637.0,250813.0,250987.0,251172.0,251422.0,251665.0,251829.0,251988.0,252165.0,252318.0,252477.0,252725.0,252884.0,253040.0,253228.0,253437.0,253609.0,253798.0,253940.0,254109.0,254282.0,254450.0,254609.0,254799.0,254960.0,255154.0,255323.0,255480.0,255645.0,255829.0,255997.0,256172.0,,,,,,,,,257733.0,257846.0,257990.0,258152.0,258259.0,258420.0,258541.0,258634.0,258789.0,258933.0,259132.0,259302.0,259494.0,259627.0,259748.0,259889.0,260020.0,260185.0,260351.0,260480.0,260625.0,260753.0,260862.0,261030.0,261198.0,261336.0,261498.0,261661.0,261810.0,261912.0,262066.0,262223.0,262380.0,262505.0,262639.0,262760.0,262858.0,262971.0,263097.0,263202.0,263334.0,263473.0,263584.0,263680.0,263806.0,263913.0,264053.0,264168.0,264272.0,264383.0,264486.0,264601.0,264689.0,264825.0,264953.0,265056.0,265168.0,265246.0,265353.0,265458.0,265574.0,265684.0,265777.0,265869.0,265987.0,266113.0,266248.0,266377.0,266478.0,266583.0,266711.0,266811.0,266942.0,267117.0,267299.0,267464.0,267607.0,267742.0,267898.0,268075.0,268261.0,268397.0,268548.0,268674.0,268798.0,268904.0,269037.0,269143.0,269282.0,269403.0,269538.0,269649.0,269732.0,269834.0,269974.0,270109.0,270226.0,270378.0,270507.0,270611.0,270768.0,270884.0,271012.0,271171.0,271288.0,271397.0,271540.0,271659.0,271810.0,271962.0,272056.0,272238.0,272353.0,272432.0,272516.0,272597.0,272664.0,272763.0,272833.0,272920.0,272994.0,,273154.0,273258.0,273352.0,273441.0,273528.0,273591.0,273651.0,273716.0,273790.0,273871.0,273936.0,274009.0,274056.0,274134.0,274191.0,274249.0,274309.0,274369.0,274439.0,274496.0,274552.0,274623.0,274696.0,274773.0,274838.0,274891.0,274961.0,275028.0,275097.0,275173.0,275256.0,275333.0,275404.0,275456.0,275539.0,275609.0,275689.0,275771.0,275848.0,275927.0,276011.0,276114.0,276214.0,276297.0,276373.0,276471.0,276584.0,276695.0,276832.0,276960.0,277083.0,277191.0,277301.0,277446.0,277547.0,277700.0,277845.0,277964.0,278075.0,278193.0,278280.0,278387.0,278500.0,278598.0,278735.0,278849.0,279007.0,279134.0,279237.0,279364.0,279496.0,279651.0,279810.0,279942.0,280084.0,280223.0,280422.0,280600.0,280750.0,280915.0,281068.0,281199.0,281332.0,281483.0,281641.0,281786.0,281931.0,282094.0,282264.0,282396.0,282553.0,282686.0,282871.0,283033.0,283202.0,283339.0,283448.0,283573.0,283720.0,283833.0,283956.0,284115.0,284318.0,284468.0,284609.0,284821.0,284969.0,285182.0,285328.0,285493.0,285602.0,285757.0,285974.0,286133
qzjhaNMzmSY,11795.0,11807.0,11813.0,11816.0,11821.0,11833.0,11841.0,11844.0,11854.0,11863.0,11869.0,11882.0,11891.0,11904.0,11915.0,11927.0,11938.0,11952.0,11961.0,11968.0,11977.0,11993.0,11999.0,12007.0,12015.0,12024.0,12031.0,12044.0,12056.0,12061.0,12070.0,12076.0,12081.0,12083.0,12089.0,12101.0,12106.0,12117.0,12128.0,12134.0,12148.0,12160.0,12171.0,12180.0,12192.0,12198.0,12214.0,12226.0,12241.0,12251.0,12259.0,12272.0,12276.0,12287.0,12295.0,12300.0,12311.0,12317.0,12325.0,12336.0,12360.0,12368.0,12379.0,12386.0,12392.0,12404.0,12415.0,12426.0,12435.0,12447.0,12458.0,12465.0,12478.0,12486.0,12497.0,12519.0,12534.0,12546.0,12551.0,12572.0,12594.0,12613.0,12637.0,12645.0,12654.0,12672.0,12689.0,12700.0,12725.0,12745.0,12761.0,12775.0,12790.0,12809.0,12819.0,12838.0,12849.0,12860.0,12878.0,12895.0,12912.0,12925.0,12945.0,12973.0,12990.0,13004.0,13026.0,13052.0,13072.0,13085.0,13099.0,13115.0,13132.0,13139.0,13156.0,13170.0,13183.0,13199.0,13220.0,13250.0,13265.0,13285.0,13295.0,13311.0,13328.0,13341.0,13358.0,13375.0,13391.0,13412.0,13445.0,13462.0,13491.0,13503.0,,,,,,,,,13707.0,13721.0,13743.0,13758.0,13784.0,13807.0,13824.0,13836.0,13854.0,13867.0,13896.0,13937.0,13958.0,13969.0,13994.0,14019.0,14035.0,14060.0,14087.0,14103.0,14111.0,14124.0,14145.0,14157.0,14173.0,14181.0,14203.0,14222.0,14241.0,14251.0,14267.0,14279.0,14290.0,14308.0,14326.0,14344.0,14356.0,14372.0,14389.0,14410.0,14426.0,14442.0,14447.0,14453.0,14467.0,14472.0,14491.0,14500.0,14517.0,14526.0,14541.0,14551.0,14571.0,14604.0,14625.0,14646.0,14679.0,14706.0,14756.0,14785.0,14816.0,14846.0,14885.0,14927.0,14952.0,14987.0,15013.0,15047.0,15077.0,15105.0,15142.0,15164.0,15196.0,15225.0,15258.0,15286.0,15326.0,15356.0,15381.0,15414.0,15470.0,15485.0,15522.0,15559.0,15583.0,15612.0,15636.0,15655.0,15681.0,15712.0,15744.0,15764.0,15780.0,15807.0,15828.0,15881.0,15908.0,15929.0,15951.0,15972.0,15983.0,16016.0,16069.0,16101.0,16129.0,16147.0,16180.0,16210.0,16240.0,16259.0,16285.0,16320.0,16352.0,16396.0,16478.0,16524.0,16580.0,16625.0,16689.0,16773.0,16859.0,,17205.0,17352.0,17561.0,17733.0,17814.0,17936.0,18021.0,18162.0,18231.0,18291.0,18359.0,18391.0,18418.0,18467.0,18489.0,18517.0,18546.0,18562.0,18579.0,18612.0,18642.0,18678.0,18709.0,18729.0,18783.0,18818.0,18853.0,18875.0,18912.0,18970.0,18996.0,19026.0,19038.0,19055.0,19077.0,19107.0,19128.0,19150.0,19166.0,19176.0,19197.0,19219.0,19249.0,19273.0,19311.0,19350.0,19377.0,19405.0,19440.0,19461.0,19489.0,19521.0,19541.0,19567.0,19593.0,19625.0,19664.0,19695.0,19725.0,19753.0,19766.0,19785.0,19814.0,19845.0,19904.0,19967.0,20013.0,20041.0,20079.0,20125.0,20172.0,20257.0,20366.0,20532.0,20614.0,20667.0,20757.0,20848.0,20918.0,20970.0,21018.0,21058.0,21091.0,21133.0,21171.0,21198.0,21228.0,21257.0,21276.0,21294.0,21323.0,21350.0,21393.0,21429.0,21468.0,21497.0,21518.0,21548.0,21569.0,21604.0,21629.0,21648.0,21668.0,21688.0,21709.0,21731.0,21765.0,21795.0,21821.0,21843.0,21861.0,21889.0,21919.0,21940
KXVQ8myIJTs,79576.0,79668.0,79744.0,79852.0,79983.0,80129.0,80241.0,80363.0,80448.0,80542.0,80619.0,80705.0,80794.0,80873.0,80972.0,81045.0,81111.0,81170.0,81236.0,81329.0,81393.0,81465.0,81522.0,81582.0,81645.0,81723.0,81804.0,81860.0,81916.0,81963.0,82005.0,82079.0,82130.0,82197.0,82253.0,82321.0,82382.0,82460.0,82586.0,82789.0,82969.0,83137.0,83314.0,83454.0,83579.0,83713.0,83812.0,83927.0,84034.0,84167.0,84293.0,84403.0,84506.0,84603.0,84690.0,84792.0,84909.0,84991.0,85087.0,85201.0,85315.0,85458.0,85552.0,85657.0,85745.0,85825.0,85903.0,85981.0,86067.0,86173.0,86268.0,86335.0,86427.0,86475.0,86542.0,86623.0,86691.0,86769.0,86850.0,86937.0,87031.0,87194.0,87308.0,87399.0,87485.0,87590.0,87704.0,87795.0,87909.0,87978.0,88074.0,88167.0,88267.0,88342.0,88426.0,88514.0,88618.0,88711.0,88790.0,88895.0,88981.0,89148.0,89377.0,89500.0,89594.0,89772.0,89909.0,90062.0,90156.0,90316.0,90465.0,90556.0,90649.0,90788.0,90867.0,90973.0,91116.0,91185.0,91308.0,91395.0,91433.0,91509.0,91565.0,91636.0,91696.0,91749.0,91788.0,91829.0,91865.0,91918.0,91960.0,92002.0,92070.0,92109.0,,,,,,,,,92666.0,92762.0,92866.0,92955.0,93026.0,93116.0,93188.0,93233.0,93301.0,93355.0,93451.0,93524.0,93589.0,93635.0,93686.0,93761.0,93825.0,93888.0,93954.0,94003.0,94042.0,94087.0,94119.0,94159.0,94200.0,94249.0,94288.0,94327.0,94366.0,94408.0,94444.0,94495.0,94543.0,94592.0,94633.0,94676.0,94721.0,94777.0,94813.0,94861.0,94911.0,94948.0,95000.0,95033.0,95084.0,95128.0,95165.0,95207.0,95259.0,95293.0,95329.0,95388.0,95448.0,95507.0,95537.0,95577.0,95615.0,95670.0,95719.0,95770.0,95807.0,95847.0,95886.0,95924.0,95953.0,96001.0,96043.0,96107.0,96156.0,96206.0,96240.0,96262.0,96305.0,96358.0,96409.0,96450.0,96494.0,96542.0,96577.0,96610.0,96656.0,96693.0,96734.0,96788.0,96831.0,96882.0,96922.0,96955.0,96996.0,97050.0,97109.0,97169.0,97231.0,97280.0,97339.0,97385.0,97451.0,97509.0,97562.0,97610.0,97672.0,97734.0,97800.0,97963.0,98057.0,98097.0,98140.0,98200.0,98277.0,98360.0,98506.0,98582.0,98652.0,98760.0,98811.0,98876.0,98952.0,99008.0,99086.0,99132.0,99187.0,,99295.0,99362.0,99409.0,99448.0,99503.0,99578.0,99647.0,99699.0,99750.0,99807.0,99859.0,99945.0,100023.0,100079.0,100179.0,100266.0,100319.0,100399.0,100498.0,100577.0,100662.0,100741.0,100823.0,100881.0,100935.0,100974.0,101016.0,101085.0,101114.0,101150.0,101180.0,101226.0,101264.0,101303.0,101334.0,101359.0,101381.0,101412.0,101442.0,101478.0,101525.0,101588.0,101641.0,101674.0,101706.0,101742.0,101790.0,101838.0,101919.0,101983.0,102042.0,102118.0,102248.0,102317.0,102369.0,102431.0,102480.0,102528.0,102578.0,102641.0,102681.0,102738.0,102781.0,102838.0,102901.0,102985.0,103089.0,103187.0,103250.0,103327.0,103402.0,103477.0,103585.0,103682.0,103781.0,103864.0,103967.0,104059.0,104131.0,104198.0,104289.0,104377.0,104434.0,104492.0,104557.0,104619.0,104661.0,104693.0,104727.0,104765.0,104806.0,104854.0,104908.0,104966.0,105014.0,105053.0,105103.0,105161.0,105203.0,105252.0,105303.0,105369.0,105426.0,105463.0,105531.0,105594.0,105671.0,105748.0,105799.0,105838.0,105898.0,105967.0,106044.0,106122
VxCRlPbabw8,433.0,433.0,433.0,433.0,433.0,433.0,435.0,436.0,436.0,438.0,438.0,438.0,438.0,438.0,438.0,440.0,440.0,441.0,441.0,441.0,441.0,441.0,443.0,443.0,443.0,443.0,443.0,443.0,443.0,444.0,445.0,445.0,445.0,445.0,445.0,445.0,445.0,445.0,445.0,445.0,445.0,445.0,446.0,446.0,446.0,446.0,446.0,447.0,447.0,447.0,448.0,448.0,448.0,448.0,448.0,448.0,448.0,448.0,448.0,448.0,448.0,448.0,448.0,448.0,448.0,448.0,448.0,448.0,448.0,448.0,448.0,448.0,448.0,448.0,448.0,449.0,449.0,449.0,449.0,449.0,449.0,449.0,449.0,449.0,449.0,449.0,449.0,449.0,449.0,449.0,449.0,449.0,449.0,449.0,449.0,451.0,452.0,453.0,453.0,453.0,453.0,453.0,454.0,454.0,454.0,454.0,455.0,455.0,455.0,456.0,457.0,457.0,457.0,457.0,457.0,457.0,457.0,457.0,457.0,457.0,457.0,457.0,461.0,461.0,461.0,461.0,461.0,461.0,461.0,461.0,463.0,465.0,465.0,465.0,,,,,,,,,468.0,468.0,469.0,469.0,469.0,469.0,469.0,469.0,469.0,469.0,469.0,469.0,469.0,469.0,469.0,469.0,469.0,469.0,470.0,470.0,471.0,471.0,471.0,471.0,471.0,471.0,471.0,471.0,471.0,471.0,471.0,471.0,471.0,471.0,471.0,471.0,471.0,471.0,471.0,471.0,471.0,471.0,471.0,471.0,471.0,471.0,471.0,471.0,471.0,472.0,472.0,472.0,472.0,472.0,472.0,472.0,472.0,472.0,472.0,472.0,472.0,472.0,472.0,472.0,472.0,472.0,472.0,472.0,472.0,472.0,472.0,472.0,473.0,473.0,473.0,473.0,473.0,473.0,473.0,473.0,473.0,473.0,473.0,473.0,473.0,473.0,473.0,473.0,473.0,474.0,475.0,475.0,475.0,476.0,476.0,476.0,477.0,477.0,477.0,477.0,477.0,478.0,478.0,478.0,478.0,478.0,478.0,478.0,478.0,478.0,478.0,478.0,478.0,478.0,478.0,478.0,478.0,478.0,478.0,478.0,478.0,,478.0,478.0,478.0,479.0,478.0,478.0,478.0,478.0,478.0,478.0,480.0,480.0,480.0,480.0,480.0,480.0,480.0,480.0,480.0,480.0,480.0,480.0,480.0,480.0,481.0,481.0,481.0,482.0,482.0,482.0,482.0,482.0,482.0,482.0,482.0,482.0,482.0,482.0,482.0,482.0,482.0,482.0,482.0,482.0,482.0,482.0,482.0,482.0,482.0,482.0,482.0,482.0,482.0,482.0,482.0,482.0,482.0,482.0,482.0,482.0,482.0,482.0,482.0,482.0,482.0,482.0,482.0,482.0,482.0,482.0,482.0,482.0,482.0,482.0,482.0,482.0,482.0,482.0,482.0,482.0,482.0,483.0,483.0,483.0,483.0,484.0,484.0,485.0,485.0,485.0,485.0,485.0,486.0,487.0,488.0,488.0,488.0,489.0,489.0,489.0,489.0,489.0,489.0,489.0,489.0,489.0,489.0,489.0,489.0,489.0,490.0,490.0,490.0,490
Ffa1mj9DC6I,104.0,104.0,104.0,104.0,104.0,104.0,105.0,105.0,105.0,105.0,106.0,106.0,106.0,106.0,108.0,108.0,108.0,108.0,108.0,108.0,108.0,108.0,108.0,108.0,108.0,108.0,108.0,108.0,108.0,108.0,108.0,108.0,108.0,108.0,108.0,108.0,108.0,108.0,108.0,109.0,109.0,109.0,109.0,109.0,109.0,109.0,109.0,109.0,109.0,109.0,109.0,109.0,109.0,109.0,109.0,109.0,109.0,109.0,109.0,109.0,109.0,109.0,109.0,109.0,109.0,109.0,109.0,109.0,109.0,109.0,109.0,109.0,109.0,109.0,109.0,109.0,109.0,109.0,109.0,109.0,109.0,109.0,109.0,109.0,109.0,109.0,109.0,109.0,109.0,109.0,109.0,109.0,109.0,109.0,109.0,109.0,110.0,111.0,111.0,111.0,111.0,111.0,112.0,112.0,112.0,112.0,112.0,112.0,112.0,113.0,113.0,113.0,113.0,113.0,113.0,113.0,113.0,113.0,113.0,113.0,113.0,113.0,116.0,116.0,116.0,116.0,116.0,116.0,116.0,116.0,118.0,119.0,119.0,119.0,,,,,,,,,122.0,122.0,122.0,123.0,123.0,123.0,123.0,123.0,123.0,123.0,123.0,123.0,123.0,123.0,123.0,123.0,123.0,123.0,123.0,123.0,123.0,123.0,123.0,123.0,123.0,123.0,123.0,123.0,123.0,123.0,123.0,123.0,123.0,123.0,123.0,123.0,123.0,123.0,123.0,123.0,123.0,123.0,123.0,123.0,123.0,123.0,123.0,123.0,123.0,123.0,123.0,123.0,123.0,123.0,123.0,123.0,123.0,124.0,124.0,124.0,124.0,124.0,124.0,124.0,124.0,124.0,124.0,124.0,124.0,124.0,124.0,124.0,124.0,124.0,124.0,124.0,124.0,124.0,124.0,125.0,125.0,125.0,125.0,125.0,126.0,126.0,126.0,127.0,127.0,127.0,127.0,127.0,127.0,127.0,127.0,127.0,127.0,127.0,127.0,128.0,128.0,128.0,128.0,128.0,128.0,128.0,128.0,128.0,128.0,128.0,128.0,128.0,128.0,128.0,128.0,128.0,128.0,128.0,128.0,128.0,128.0,,128.0,128.0,128.0,128.0,128.0,128.0,128.0,128.0,128.0,128.0,128.0,128.0,128.0,128.0,128.0,128.0,128.0,128.0,128.0,128.0,128.0,128.0,128.0,128.0,128.0,128.0,128.0,128.0,128.0,128.0,128.0,128.0,128.0,128.0,128.0,129.0,129.0,129.0,129.0,129.0,129.0,129.0,129.0,129.0,129.0,129.0,129.0,130.0,130.0,130.0,130.0,130.0,130.0,130.0,130.0,130.0,130.0,130.0,130.0,130.0,130.0,130.0,130.0,130.0,130.0,130.0,130.0,130.0,130.0,130.0,130.0,130.0,130.0,130.0,130.0,131.0,131.0,131.0,131.0,131.0,131.0,132.0,132.0,132.0,132.0,132.0,132.0,133.0,133.0,133.0,133.0,133.0,133.0,133.0,133.0,133.0,133.0,133.0,133.0,133.0,133.0,133.0,134.0,134.0,134.0,134.0,134.0,134.0,134.0,134.0,134.0,134.0,134.0,134
8W-kOuUYCEU,352618.0,352986.0,353379.0,353762.0,354207.0,354612.0,354977.0,355401.0,355752.0,356089.0,356406.0,356697.0,357072.0,357482.0,357880.0,358207.0,358531.0,358812.0,359091.0,359402.0,359767.0,360179.0,360550.0,360957.0,361312.0,361642.0,362052.0,362441.0,362902.0,363370.0,363766.0,364078.0,364466.0,364783.0,365264.0,365710.0,366192.0,366596.0,366998.0,367414.0,367812.0,368234.0,368604.0,369085.0,369465.0,369836.0,370249.0,370695.0,371083.0,371544.0,371995.0,372434.0,372776.0,373137.0,373505.0,373910.0,374325.0,374812.0,375214.0,375595.0,376022.0,376471.0,376953.0,377501.0,377948.0,378434.0,378856.0,379318.0,379684.0,380173.0,380609.0,381080.0,381543.0,382029.0,382496.0,383022.0,383445.0,383909.0,384476.0,384923.0,385365.0,385803.0,386235.0,386775.0,387350.0,388177.0,389084.0,389931.0,390958.0,391719.0,392607.0,393369.0,394190.0,394947.0,395554.0,396248.0,396902.0,397605.0,398221.0,398828.0,399411.0,400307.0,401163.0,401799.0,402362.0,402916.0,403493.0,403944.0,404466.0,405027.0,405467.0,405961.0,406525.0,407113.0,407669.0,408189.0,408628.0,409134.0,409581.0,410011.0,410451.0,410952.0,411358.0,411704.0,412087.0,412454.0,412849.0,413356.0,413759.0,414140.0,414519.0,414870.0,415302.0,415658.0,,,,,,,,,418775.0,419097.0,419378.0,419707.0,420060.0,420596.0,420973.0,421334.0,421762.0,422146.0,422551.0,423104.0,423536.0,424002.0,424553.0,425036.0,425848.0,426783.0,427603.0,428198.0,428595.0,429117.0,429582.0,429958.0,430304.0,430690.0,431076.0,431449.0,431791.0,432097.0,432452.0,432800.0,433259.0,433742.0,434186.0,434693.0,435099.0,435523.0,435928.0,436364.0,436848.0,437340.0,437783.0,438126.0,438502.0,438912.0,439260.0,439659.0,440058.0,440459.0,440787.0,441124.0,441528.0,441953.0,442402.0,442805.0,443208.0,443630.0,444037.0,444384.0,444820.0,445134.0,445489.0,445919.0,446288.0,446690.0,447176.0,447683.0,448044.0,448365.0,448725.0,449100.0,449455.0,449812.0,450165.0,450544.0,450844.0,451223.0,451601.0,451949.0,452297.0,452644.0,453002.0,453349.0,453704.0,453991.0,454315.0,454649.0,454991.0,455295.0,455677.0,456002.0,456258.0,456535.0,456796.0,457084.0,457359.0,457680.0,457968.0,458254.0,458513.0,458823.0,459117.0,459409.0,459741.0,460047.0,460260.0,460554.0,460825.0,461087.0,461347.0,461717.0,462221.0,462684.0,462947.0,463200.0,463433.0,463705.0,463986.0,464234.0,464450.0,,464935.0,465200.0,465466.0,465717.0,465996.0,466225.0,466432.0,466699.0,466948.0,467198.0,467459.0,467684.0,467952.0,468197.0,468482.0,468726.0,469007.0,469293.0,469549.0,469847.0,470101.0,470387.0,470550.0,470734.0,470925.0,471117.0,471268.0,471417.0,471641.0,471796.0,471931.0,472099.0,472234.0,472342.0,472490.0,472630.0,472787.0,472929.0,473088.0,473203.0,473334.0,473462.0,473605.0,473730.0,473852.0,473976.0,474132.0,474317.0,474550.0,474745.0,474907.0,475036.0,475234.0,475405.0,475554.0,475718.0,475894.0,476045.0,476171.0,476300.0,476427.0,476553.0,476690.0,476833.0,476984.0,477143.0,477377.0,477580.0,477773.0,477995.0,478204.0,478404.0,478636.0,478872.0,479070.0,479255.0,479792.0,480476.0,481391.0,482241.0,483278.0,484028.0,484481.0,484844.0,485342.0,485758.0,486088.0,486543.0,486848.0,487118.0,487384.0,487665.0,488062.0,488440.0,488812.0,489208.0,489505.0,489868.0,490209.0,490487.0,490864.0,491157.0,491457.0,491731.0,492010.0,492346.0,492735.0,493027.0,493340.0,493629.0,493946.0,494295.0,494638.0,494912
OmTAHhtr68M,638350.0,638559.0,638844.0,639022.0,639150.0,639315.0,639478.0,639655.0,639821.0,639987.0,640130.0,640263.0,640456.0,640630.0,640773.0,640969.0,641109.0,641272.0,641414.0,641590.0,641747.0,641945.0,642103.0,642269.0,642459.0,642637.0,642887.0,643139.0,643374.0,643632.0,643846.0,643987.0,644189.0,644443.0,644658.0,644842.0,645005.0,645184.0,645351.0,645529.0,645702.0,645921.0,646152.0,646341.0,646602.0,646853.0,647037.0,647254.0,647476.0,647690.0,647916.0,648143.0,648340.0,648500.0,648695.0,648854.0,649045.0,649232.0,649397.0,649589.0,649772.0,649982.0,650201.0,650376.0,650581.0,650814.0,651011.0,651194.0,651375.0,651611.0,651877.0,652223.0,652490.0,652731.0,652978.0,653185.0,653383.0,653599.0,653816.0,654024.0,654204.0,654374.0,654573.0,654798.0,654965.0,655175.0,655362.0,655531.0,655683.0,655910.0,656111.0,656301.0,656473.0,656657.0,656840.0,657049.0,657264.0,657480.0,657712.0,657926.0,658076.0,658252.0,658392.0,658594.0,658781.0,659000.0,659187.0,659376.0,659537.0,659675.0,659863.0,660021.0,660160.0,660301.0,660467.0,660619.0,660781.0,660933.0,661116.0,661305.0,661446.0,661604.0,661760.0,661887.0,662099.0,662302.0,662471.0,662675.0,662881.0,663054.0,663197.0,663346.0,663511.0,663637.0,,,,,,,,,665081.0,665213.0,665330.0,665490.0,665640.0,665758.0,665891.0,666035.0,666205.0,666351.0,666494.0,666621.0,666753.0,666905.0,667049.0,667152.0,667276.0,667458.0,667599.0,667754.0,667891.0,668042.0,668172.0,668317.0,668459.0,668609.0,668747.0,668921.0,669059.0,669210.0,669344.0,669517.0,669674.0,669825.0,669960.0,670131.0,670277.0,670426.0,670568.0,670720.0,670904.0,671062.0,671186.0,671290.0,671440.0,671653.0,671873.0,672025.0,672194.0,672364.0,672516.0,672659.0,672816.0,672972.0,673141.0,673289.0,673425.0,673572.0,673689.0,673823.0,673946.0,674067.0,674168.0,674296.0,674428.0,674556.0,674682.0,674835.0,674956.0,675044.0,675183.0,675310.0,675497.0,675639.0,675787.0,675930.0,676065.0,676203.0,676324.0,676442.0,676592.0,676725.0,676885.0,677031.0,677164.0,677290.0,677388.0,677509.0,677618.0,677724.0,677857.0,677979.0,678114.0,678196.0,678314.0,678411.0,678501.0,678641.0,678771.0,678878.0,678975.0,679076.0,679200.0,679287.0,679390.0,679516.0,679588.0,679686.0,679800.0,679910.0,680023.0,680135.0,680224.0,680313.0,680426.0,680552.0,680697.0,680822.0,680935.0,681063.0,681189.0,,681388.0,681487.0,681625.0,681729.0,681862.0,681968.0,682064.0,682157.0,682285.0,682393.0,682540.0,682642.0,682746.0,682841.0,682991.0,683119.0,683235.0,683354.0,683486.0,683657.0,683790.0,683924.0,684056.0,684183.0,684278.0,684394.0,684487.0,684590.0,684688.0,684784.0,684887.0,684992.0,685128.0,685197.0,685269.0,685389.0,685505.0,685609.0,685693.0,685795.0,685875.0,685964.0,686050.0,686130.0,686233.0,686332.0,686416.0,686520.0,686636.0,686762.0,686867.0,686957.0,687077.0,687193.0,687302.0,687400.0,687506.0,687624.0,687737.0,687834.0,687916.0,687997.0,688077.0,688171.0,688300.0,688390.0,688497.0,688604.0,688704.0,688816.0,688931.0,689047.0,689208.0,689312.0,689425.0,689518.0,689633.0,689753.0,689842.0,689946.0,690065.0,690158.0,690259.0,690357.0,690461.0,690550.0,690677.0,690772.0,690857.0,690942.0,691039.0,691146.0,691278.0,691400.0,691514.0,691613.0,691703.0,691781.0,691866.0,691949.0,692036.0,692123.0,692232.0,692313.0,692393.0,692511.0,692613.0,692707.0,692790.0,692865.0,692951.0,693012.0,693109.0,693194
Ym2xu1l4vmo,15310.0,15327.0,15346.0,15359.0,15375.0,15451.0,15475.0,15497.0,15511.0,15530.0,15542.0,15552.0,15579.0,15588.0,15619.0,15639.0,15670.0,15690.0,15713.0,15740.0,15762.0,15779.0,15794.0,15815.0,15826.0,15857.0,15889.0,15907.0,15926.0,15955.0,15984.0,16001.0,16017.0,16037.0,16058.0,16078.0,16112.0,16134.0,16149.0,16176.0,16193.0,16207.0,16232.0,16245.0,16267.0,16286.0,16308.0,16333.0,16359.0,16384.0,16404.0,16430.0,16457.0,16480.0,16506.0,16533.0,16576.0,16631.0,16655.0,16668.0,16687.0,16707.0,16729.0,16752.0,16771.0,16791.0,16807.0,16826.0,16844.0,16864.0,16876.0,16887.0,16903.0,16913.0,16940.0,16953.0,16972.0,16988.0,17017.0,17033.0,17052.0,17062.0,17089.0,17104.0,17135.0,17174.0,17198.0,17211.0,17234.0,17262.0,17280.0,17308.0,17323.0,17340.0,17349.0,17373.0,17387.0,17419.0,17434.0,17461.0,17481.0,17498.0,17511.0,17527.0,17546.0,17571.0,17590.0,17605.0,17611.0,17625.0,17636.0,17657.0,17679.0,17706.0,17719.0,17731.0,17741.0,17748.0,17766.0,17786.0,17801.0,17818.0,17835.0,17852.0,17865.0,17896.0,17909.0,17925.0,17946.0,17961.0,17974.0,17986.0,18004.0,18016.0,,,,,,,,,18209.0,18220.0,18228.0,18241.0,18254.0,18263.0,18279.0,18290.0,18296.0,18304.0,18310.0,18320.0,18326.0,18334.0,18352.0,18377.0,18391.0,18408.0,18417.0,18434.0,18441.0,18452.0,18458.0,18470.0,18478.0,18499.0,18520.0,18544.0,18564.0,18575.0,18584.0,18596.0,18613.0,18631.0,18642.0,18651.0,18658.0,18663.0,18673.0,18683.0,18703.0,18716.0,18732.0,18746.0,18765.0,18776.0,18793.0,18807.0,18820.0,18836.0,18847.0,18856.0,18873.0,18895.0,18916.0,18922.0,18936.0,18950.0,18962.0,18969.0,18982.0,18994.0,19004.0,19018.0,19027.0,19041.0,19052.0,19062.0,19067.0,19073.0,19083.0,19093.0,19105.0,19132.0,19160.0,19178.0,19193.0,19208.0,19228.0,19240.0,19255.0,19269.0,19281.0,19293.0,19304.0,19317.0,19333.0,19348.0,19367.0,19383.0,19404.0,19408.0,19419.0,19435.0,19451.0,19465.0,19510.0,19519.0,19537.0,19557.0,19577.0,19594.0,19605.0,19621.0,19635.0,19647.0,19660.0,19672.0,19677.0,19692.0,19710.0,19730.0,19749.0,19764.0,19770.0,19785.0,19792.0,19810.0,19821.0,19824.0,19836.0,,19858.0,19864.0,19878.0,19883.0,19894.0,19902.0,19908.0,19924.0,19936.0,19940.0,19945.0,19945.0,19954.0,19958.0,19961.0,19966.0,19974.0,19981.0,19992.0,19995.0,20004.0,20018.0,20035.0,20052.0,20060.0,20070.0,20081.0,20082.0,20093.0,20104.0,20114.0,20121.0,20130.0,20137.0,20145.0,20155.0,20160.0,20169.0,20173.0,20179.0,20189.0,20198.0,20205.0,20218.0,20229.0,20249.0,20287.0,20329.0,20375.0,20419.0,20452.0,20478.0,20502.0,20552.0,20574.0,20586.0,20613.0,20631.0,20662.0,20711.0,20748.0,20766.0,20812.0,20877.0,20954.0,21048.0,21156.0,21225.0,21293.0,21369.0,21415.0,21468.0,21526.0,21573.0,21605.0,21645.0,21681.0,21727.0,21777.0,21825.0,21872.0,21917.0,21952.0,21984.0,22024.0,22056.0,22092.0,22125.0,22141.0,22156.0,22184.0,22209.0,22245.0,22276.0,22326.0,22374.0,22400.0,22431.0,22470.0,22491.0,22515.0,22538.0,22549.0,22570.0,22595.0,22619.0,22646.0,22674.0,22693.0,22718.0,22743.0,22767.0,22796.0,22819
d_m9A9DOyO8,346372.0,346762.0,347172.0,347518.0,348091.0,348700.0,349338.0,349906.0,350444.0,351004.0,351505.0,352235.0,352944.0,353725.0,354517.0,355139.0,355770.0,356331.0,357084.0,357911.0,358619.0,359410.0,360292.0,360788.0,361283.0,362041.0,362757.0,363571.0,364446.0,365269.0,365948.0,366383.0,367045.0,367736.0,368456.0,369236.0,370086.0,370719.0,371317.0,371988.0,372699.0,373389.0,374141.0,374829.0,375410.0,375832.0,376493.0,377180.0,377847.0,378408.0,379032.0,379483.0,379841.0,380299.0,380792.0,381313.0,381734.0,382208.0,382553.0,382923.0,383344.0,383829.0,384353.0,384907.0,385418.0,385881.0,386196.0,386651.0,387059.0,387524.0,388165.0,388571.0,388920.0,389305.0,389795.0,390199.0,390673.0,391054.0,391490.0,391896.0,392220.0,392696.0,393076.0,393501.0,393845.0,394382.0,394874.0,395185.0,395676.0,396119.0,396602.0,396981.0,397441.0,397802.0,398112.0,398492.0,399044.0,399475.0,399984.0,400534.0,400866.0,401212.0,401627.0,402088.0,402504.0,402935.0,403412.0,403780.0,404125.0,404576.0,404964.0,405462.0,405935.0,406288.0,406618.0,406900.0,407241.0,407625.0,407983.0,408351.0,408702.0,409026.0,409315.0,409642.0,410049.0,410378.0,410757.0,411140.0,411480.0,411814.0,412181.0,412541.0,412999.0,413409.0,,,,,,,,,416273.0,416563.0,416865.0,417194.0,417585.0,417911.0,418219.0,418473.0,418765.0,419062.0,419449.0,419829.0,420204.0,420517.0,420864.0,421134.0,421405.0,421692.0,422053.0,422317.0,422584.0,422853.0,423075.0,423406.0,423697.0,423973.0,424265.0,424534.0,424744.0,425004.0,425285.0,425553.0,425826.0,426184.0,426531.0,426777.0,427012.0,427240.0,427491.0,427778.0,428046.0,428349.0,428583.0,428762.0,429061.0,429390.0,429704.0,430143.0,430491.0,430774.0,431067.0,431378.0,431696.0,432082.0,432475.0,432834.0,433101.0,433288.0,433582.0,433843.0,434127.0,434360.0,434605.0,434805.0,435009.0,435257.0,435522.0,435768.0,435892.0,436092.0,436267.0,436427.0,436636.0,436829.0,437047.0,437258.0,437497.0,437669.0,437853.0,438079.0,438298.0,438490.0,438702.0,438940.0,439144.0,439308.0,439542.0,439773.0,440021.0,440219.0,440493.0,440663.0,440821.0,441068.0,441326.0,441574.0,441858.0,442135.0,442363.0,442524.0,442751.0,443015.0,443240.0,443480.0,443668.0,443845.0,444003.0,444243.0,444489.0,444690.0,444905.0,445110.0,445302.0,445453.0,445617.0,445767.0,445909.0,446069.0,446235.0,446361.0,446490.0,,446842.0,447031.0,447224.0,447417.0,447562.0,447679.0,447786.0,447897.0,448032.0,448175.0,448311.0,448418.0,448529.0,448665.0,448817.0,448972.0,449128.0,449269.0,449387.0,449523.0,449639.0,449839.0,449980.0,450141.0,450330.0,450507.0,450640.0,450819.0,451038.0,451217.0,451453.0,451649.0,451855.0,452000.0,452194.0,452347.0,452532.0,452692.0,452866.0,453045.0,453193.0,453338.0,453535.0,453686.0,453883.0,454095.0,454389.0,454630.0,454946.0,455254.0,455606.0,455940.0,456287.0,456532.0,456751.0,456986.0,457282.0,457582.0,457831.0,458106.0,458331.0,458536.0,458808.0,459156.0,459575.0,460031.0,460430.0,460803.0,461134.0,461550.0,461946.0,462377.0,462913.0,463414.0,463764.0,464094.0,464547.0,465095.0,465753.0,466886.0,467824.0,468896.0,469889.0,471017.0,471971.0,472806.0,473578.0,474272.0,474810.0,475236.0,475783.0,476317.0,476983.0,477635.0,478418.0,479040.0,479866.0,480890.0,481714.0,482370.0,483159.0,484022.0,484753.0,485362.0,486300.0,487346.0,488180.0,489026.0,489922.0,490603.0,491110.0,491886.0,492660.0,493354
cmM_rCPIsl4,1898.0,1899.0,1899.0,1900.0,1900.0,1901.0,1903.0,1904.0,1905.0,1906.0,1907.0,1907.0,1908.0,1909.0,1911.0,1913.0,1913.0,1915.0,1915.0,1916.0,1917.0,1921.0,1923.0,1923.0,1923.0,1924.0,1925.0,1926.0,1926.0,1928.0,1931.0,1934.0,1934.0,1935.0,1936.0,1938.0,1939.0,1940.0,1941.0,1942.0,1943.0,1943.0,1944.0,1945.0,1945.0,1945.0,1945.0,1947.0,1950.0,1955.0,1955.0,1955.0,1955.0,1955.0,1955.0,1955.0,1957.0,1957.0,1959.0,1959.0,1959.0,1962.0,1963.0,1964.0,1965.0,1967.0,1967.0,1968.0,1968.0,1969.0,1971.0,1975.0,1975.0,1975.0,1975.0,1979.0,1981.0,1987.0,1989.0,1994.0,1997.0,2003.0,2009.0,2013.0,2016.0,2017.0,2017.0,2021.0,2026.0,2031.0,2032.0,2038.0,2043.0,2047.0,2054.0,2062.0,2067.0,2073.0,2079.0,2083.0,2088.0,2091.0,2096.0,2102.0,2104.0,2109.0,2114.0,2119.0,2124.0,2127.0,2131.0,2132.0,2133.0,2140.0,2145.0,2147.0,2149.0,2151.0,2152.0,2153.0,2155.0,2157.0,2157.0,2159.0,2162.0,2162.0,2163.0,2165.0,2165.0,2165.0,2165.0,2165.0,2165.0,2165.0,,,,,,,,,2171.0,2172.0,2174.0,2174.0,2175.0,2175.0,2175.0,2175.0,2175.0,2175.0,2176.0,2177.0,2177.0,2178.0,2180.0,2181.0,2184.0,2184.0,2185.0,2186.0,2186.0,2186.0,2187.0,2187.0,2187.0,2187.0,2187.0,2187.0,2188.0,2189.0,2189.0,2190.0,2190.0,2190.0,2190.0,2191.0,2192.0,2192.0,2193.0,2194.0,2194.0,2194.0,2195.0,2198.0,2198.0,2200.0,2200.0,2203.0,2207.0,2208.0,2208.0,2208.0,2208.0,2209.0,2209.0,2213.0,2213.0,2213.0,2215.0,2215.0,2215.0,2215.0,2216.0,2216.0,2216.0,2216.0,2217.0,2219.0,2220.0,2220.0,2220.0,2221.0,2222.0,2224.0,2226.0,2228.0,2229.0,2230.0,2230.0,2231.0,2231.0,2232.0,2234.0,2237.0,2240.0,2241.0,2241.0,2243.0,2245.0,2246.0,2246.0,2246.0,2246.0,2247.0,2249.0,2249.0,2250.0,2252.0,2253.0,2253.0,2255.0,2254.0,2254.0,2257.0,2257.0,2257.0,2257.0,2257.0,2260.0,2261.0,2261.0,2262.0,2262.0,2263.0,2264.0,2264.0,2265.0,2266.0,2267.0,2267.0,2267.0,,2268.0,2271.0,2272.0,2273.0,2276.0,2276.0,2278.0,2278.0,2278.0,2280.0,2280.0,2282.0,2282.0,2283.0,2283.0,2285.0,2286.0,2288.0,2288.0,2288.0,2288.0,2291.0,2291.0,2295.0,2297.0,2298.0,2298.0,2302.0,2303.0,2304.0,2307.0,2308.0,2309.0,2309.0,2309.0,2310.0,2312.0,2313.0,2315.0,2316.0,2318.0,2319.0,2320.0,2324.0,2325.0,2325.0,2331.0,2331.0,2334.0,2336.0,2341.0,2345.0,2347.0,2350.0,2351.0,2354.0,2358.0,2359.0,2360.0,2363.0,2364.0,2364.0,2364.0,2364.0,2365.0,2367.0,2372.0,2377.0,2389.0,2404.0,2411.0,2418.0,2421.0,2431.0,2435.0,2439.0,2448.0,2463.0,2467.0,2475.0,2481.0,2487.0,2492.0,2496.0,2501.0,2501.0,2506.0,2507.0,2508.0,2510.0,2511.0,2514.0,2522.0,2528.0,2530.0,2535.0,2539.0,2543.0,2546.0,2550.0,2553.0,2556.0,2559.0,2560.0,2567.0,2569.0,2575.0,2579.0,2582.0,2585.0,2586.0,2588.0,2594.0,2596
HbCKY0V3NRk,222366.0,222454.0,222593.0,222701.0,222797.0,222893.0,222985.0,223087.0,223167.0,223253.0,223346.0,223418.0,223514.0,223580.0,223650.0,223762.0,223845.0,223918.0,224013.0,224097.0,224160.0,224242.0,224291.0,224346.0,224405.0,224477.0,224521.0,224583.0,224643.0,224727.0,224791.0,224862.0,224931.0,224996.0,225065.0,225134.0,225217.0,225287.0,225345.0,225398.0,225461.0,225517.0,225570.0,225646.0,225728.0,225774.0,225827.0,225900.0,225978.0,226023.0,226097.0,226166.0,226226.0,226282.0,226340.0,226388.0,226426.0,226490.0,226568.0,226631.0,226705.0,226751.0,226791.0,226841.0,226945.0,227068.0,227121.0,227181.0,227242.0,227317.0,227392.0,227442.0,227479.0,227555.0,227616.0,227672.0,227750.0,227822.0,227887.0,227948.0,228002.0,228073.0,228127.0,228191.0,228228.0,228279.0,228328.0,228390.0,228452.0,228515.0,228594.0,228654.0,228723.0,228768.0,228837.0,228910.0,228972.0,229062.0,229133.0,229196.0,229274.0,229326.0,229381.0,229433.0,229502.0,229557.0,229634.0,229704.0,229752.0,229805.0,229864.0,229918.0,229982.0,230034.0,230096.0,230151.0,230204.0,230282.0,230349.0,230414.0,230479.0,230509.0,230559.0,230612.0,230672.0,230721.0,230782.0,230834.0,230882.0,230939.0,230981.0,231039.0,231105.0,231173.0,,,,,,,,,231675.0,231727.0,231782.0,231836.0,231874.0,231918.0,231990.0,232037.0,232110.0,232158.0,232210.0,232252.0,232305.0,232383.0,232429.0,232483.0,232522.0,232589.0,232641.0,232683.0,232735.0,232778.0,232824.0,232867.0,232908.0,232968.0,233015.0,233075.0,233116.0,233156.0,233190.0,233224.0,233282.0,233325.0,233361.0,233394.0,233432.0,233462.0,233520.0,233565.0,233628.0,233683.0,233734.0,233779.0,233832.0,233858.0,233899.0,233946.0,233995.0,234040.0,234082.0,234157.0,234222.0,234281.0,234334.0,234407.0,234489.0,234553.0,234625.0,234668.0,234703.0,234763.0,234808.0,234859.0,234916.0,234948.0,234999.0,235055.0,235104.0,235154.0,235200.0,235262.0,235311.0,235355.0,235410.0,235464.0,235521.0,235571.0,235618.0,235669.0,235730.0,235776.0,235832.0,235903.0,235961.0,236006.0,236054.0,236106.0,236154.0,236210.0,236262.0,236312.0,236352.0,236401.0,236457.0,236521.0,236591.0,236641.0,236695.0,236727.0,236786.0,236867.0,236926.0,236966.0,237014.0,237070.0,237110.0,237149.0,237203.0,237237.0,237277.0,237335.0,237395.0,237443.0,237484.0,237531.0,237577.0,237632.0,237692.0,237744.0,237792.0,,237916.0,237973.0,238054.0,238099.0,238152.0,238190.0,238251.0,238307.0,238358.0,238412.0,238490.0,238561.0,238625.0,238672.0,238722.0,238775.0,238827.0,238894.0,238946.0,238982.0,239066.0,239137.0,239215.0,239286.0,239380.0,239465.0,239523.0,239586.0,239642.0,239715.0,239790.0,239861.0,239918.0,239981.0,240051.0,240108.0,240161.0,240227.0,240281.0,240348.0,240397.0,240449.0,240510.0,240583.0,240646.0,240704.0,240756.0,240811.0,240875.0,240925.0,240976.0,241034.0,241104.0,241161.0,241215.0,241263.0,241319.0,241379.0,241445.0,241507.0,241586.0,241640.0,241688.0,241770.0,241843.0,241905.0,241953.0,242032.0,242095.0,242138.0,242184.0,242241.0,242298.0,242347.0,242405.0,242454.0,242537.0,242618.0,242680.0,242737.0,242801.0,242875.0,242945.0,243007.0,243065.0,243144.0,243226.0,243319.0,243389.0,243457.0,243536.0,243613.0,243683.0,243759.0,243824.0,243903.0,243976.0,244050.0,244129.0,244212.0,244291.0,244369.0,244444.0,244526.0,244588.0,244673.0,244738.0,244811.0,244893.0,244972.0,245032.0,245084.0,245166.0,245221
YftIXZLdbPM,150055.0,150229.0,150395.0,150586.0,150757.0,150962.0,151116.0,151321.0,151570.0,151721.0,151882.0,152054.0,152213.0,152400.0,152553.0,152721.0,152902.0,153065.0,153234.0,153363.0,153552.0,153739.0,153928.0,154075.0,154224.0,154387.0,154533.0,154706.0,154897.0,155077.0,155254.0,155397.0,155541.0,155726.0,155939.0,156128.0,156308.0,156489.0,156658.0,156815.0,157003.0,157154.0,157387.0,157557.0,157702.0,157829.0,157973.0,158178.0,158357.0,158551.0,158717.0,158855.0,158997.0,159176.0,159333.0,159479.0,159638.0,159775.0,159925.0,160032.0,160131.0,160304.0,160419.0,160558.0,160735.0,160874.0,160978.0,161096.0,161196.0,161323.0,161447.0,161579.0,161672.0,161785.0,161908.0,162041.0,162160.0,162311.0,162444.0,162578.0,162669.0,162801.0,162945.0,163092.0,163242.0,163391.0,163491.0,163580.0,163688.0,163801.0,163919.0,164047.0,164181.0,164283.0,164391.0,164546.0,164655.0,164775.0,164916.0,165008.0,165128.0,165229.0,165323.0,165435.0,165521.0,165606.0,165724.0,165839.0,165940.0,166038.0,166122.0,166197.0,166325.0,166414.0,166504.0,166586.0,166681.0,166793.0,166897.0,167013.0,167105.0,167189.0,167284.0,167355.0,167436.0,167521.0,167593.0,167701.0,167792.0,167877.0,167975.0,168088.0,168219.0,168337.0,,,,,,,,,169822.0,169933.0,170075.0,170237.0,170669.0,171291.0,171654.0,172044.0,172492.0,173176.0,173803.0,174414.0,175417.0,176511.0,177371.0,178206.0,179257.0,179655.0,180080.0,180341.0,180479.0,180566.0,180661.0,180764.0,180884.0,181014.0,181162.0,181307.0,181422.0,181511.0,181627.0,181738.0,181837.0,181955.0,182043.0,182139.0,182195.0,182290.0,182371.0,182463.0,182561.0,182651.0,182752.0,182838.0,182917.0,183029.0,183155.0,183283.0,183422.0,183509.0,183583.0,183669.0,183791.0,183968.0,184080.0,184202.0,184312.0,184408.0,184515.0,184614.0,184726.0,184820.0,184911.0,184990.0,185078.0,185185.0,185285.0,185417.0,185517.0,185614.0,185716.0,185816.0,185914.0,186036.0,186162.0,186271.0,186435.0,186576.0,186686.0,186838.0,186983.0,187143.0,187292.0,187509.0,187666.0,187759.0,187908.0,188058.0,188177.0,188297.0,188430.0,188555.0,188672.0,188811.0,188961.0,189115.0,189264.0,189400.0,189526.0,189608.0,189738.0,189871.0,190039.0,190226.0,190397.0,190551.0,190677.0,190848.0,191004.0,191168.0,191360.0,191595.0,191733.0,191881.0,192053.0,192250.0,192410.0,192571.0,192718.0,192908.0,193118.0,,193593.0,193819.0,194175.0,194533.0,194787.0,195008.0,195212.0,195438.0,195662.0,195850.0,196091.0,196403.0,196607.0,196771.0,196973.0,197216.0,197469.0,197744.0,197972.0,198145.0,198291.0,198511.0,198710.0,198879.0,199044.0,199218.0,199369.0,199524.0,199709.0,199899.0,200097.0,200287.0,200464.0,200585.0,200762.0,200994.0,201168.0,201412.0,201620.0,201831.0,202013.0,202179.0,202351.0,202538.0,202715.0,202841.0,202984.0,203092.0,203221.0,203376.0,203552.0,203757.0,203952.0,204115.0,204271.0,204401.0,204534.0,204672.0,204847.0,204989.0,205142.0,205242.0,205358.0,205473.0,205659.0,205848.0,206019.0,206203.0,206319.0,206469.0,206615.0,206783.0,206942.0,207132.0,207269.0,207387.0,207573.0,207742.0,207930.0,208085.0,208244.0,208424.0,208599.0,208761.0,208954.0,209146.0,209307.0,209461.0,209624.0,209729.0,209883.0,210079.0,210326.0,210579.0,210805.0,211003.0,211234.0,211490.0,211739.0,211939.0,212184.0,212405.0,212595.0,212771.0,213011.0,213256.0,213503.0,213728.0,213915.0,214100.0,214234.0,214411.0,214611.0,214819
nxcJoRLs8D0,27089.0,27095.0,27102.0,27103.0,27110.0,27117.0,27122.0,27127.0,27135.0,27136.0,27143.0,27146.0,27149.0,27159.0,27164.0,27166.0,27167.0,27172.0,27178.0,27181.0,27187.0,27202.0,27205.0,27207.0,27214.0,27219.0,27224.0,27226.0,27234.0,27242.0,27247.0,27251.0,27255.0,27257.0,27259.0,27264.0,27265.0,27274.0,27280.0,27283.0,27287.0,27292.0,27300.0,27307.0,27311.0,27313.0,27316.0,27319.0,27322.0,27329.0,27334.0,27339.0,27341.0,27347.0,27351.0,27355.0,27361.0,27363.0,27365.0,27369.0,27373.0,27376.0,27379.0,27387.0,27390.0,27396.0,27403.0,27406.0,27409.0,27412.0,27422.0,27427.0,27430.0,27433.0,27437.0,27443.0,27451.0,27459.0,27461.0,27466.0,27471.0,27473.0,27482.0,27485.0,27492.0,27500.0,27504.0,27508.0,27509.0,27513.0,27523.0,27529.0,27534.0,27534.0,27539.0,27544.0,27549.0,27555.0,27562.0,27569.0,27577.0,27581.0,27585.0,27592.0,27596.0,27601.0,27607.0,27612.0,27620.0,27622.0,27626.0,27642.0,27644.0,27649.0,27653.0,27661.0,27663.0,27665.0,27670.0,27677.0,27681.0,27687.0,27694.0,27700.0,27705.0,27707.0,27711.0,27716.0,27723.0,27727.0,27731.0,27735.0,27741.0,27756.0,,,,,,,,,27800.0,27803.0,27804.0,27812.0,27824.0,27841.0,27851.0,27856.0,27862.0,27869.0,27872.0,27857.0,27864.0,27871.0,27878.0,27881.0,27886.0,27893.0,27903.0,27913.0,27921.0,27926.0,27933.0,27936.0,27938.0,27944.0,27946.0,27950.0,27955.0,27960.0,27960.0,27967.0,27969.0,27974.0,27978.0,27981.0,27983.0,27987.0,27990.0,27998.0,28006.0,28011.0,28018.0,28024.0,28025.0,28028.0,28038.0,28052.0,28059.0,28066.0,28070.0,28080.0,28086.0,28089.0,28096.0,28100.0,28100.0,28102.0,28111.0,28113.0,28118.0,28122.0,28130.0,28132.0,28137.0,28148.0,28154.0,28155.0,28158.0,28162.0,28168.0,28170.0,28171.0,28178.0,28183.0,28185.0,28191.0,28194.0,28198.0,28202.0,28206.0,28210.0,28215.0,28216.0,28225.0,28230.0,28236.0,28239.0,28241.0,28243.0,28246.0,28249.0,28250.0,28253.0,28254.0,28254.0,28259.0,28265.0,28271.0,28273.0,28277.0,28281.0,28286.0,28292.0,28295.0,28298.0,28304.0,28309.0,28318.0,28318.0,28320.0,28321.0,28324.0,28325.0,28330.0,28338.0,28342.0,28343.0,28347.0,28351.0,28358.0,,28364.0,28365.0,28371.0,28372.0,28374.0,28380.0,28381.0,28384.0,28387.0,28391.0,28395.0,28402.0,28409.0,28415.0,28416.0,28425.0,28427.0,28435.0,28440.0,28444.0,28449.0,28454.0,28462.0,28466.0,28474.0,28476.0,28484.0,28487.0,28496.0,28497.0,28504.0,28514.0,28519.0,28521.0,28528.0,28538.0,28542.0,28546.0,28550.0,28555.0,28558.0,28563.0,28569.0,28572.0,28576.0,28579.0,28584.0,28589.0,28592.0,28599.0,28601.0,28604.0,28606.0,28612.0,28616.0,28617.0,28634.0,28640.0,28644.0,28651.0,28654.0,28658.0,28662.0,28665.0,28671.0,28675.0,28678.0,28681.0,28686.0,28691.0,28700.0,28708.0,28712.0,28716.0,28725.0,28731.0,28739.0,28744.0,28754.0,28761.0,28767.0,28774.0,28779.0,28787.0,28798.0,28812.0,28829.0,28842.0,28846.0,28854.0,28864.0,28868.0,28871.0,28882.0,28895.0,28903.0,28913.0,28919.0,28934.0,28944.0,28948.0,28963.0,28969.0,28981.0,28987.0,28995.0,29001.0,29013.0,29033.0,29043.0,29051.0,29057.0,29065.0,29069
YudHcBIxlYw,599897509.0,600038877.0,600207697.0,600377297.0,600526776.0,600672907.0,600830179.0,600989237.0,601147985.0,601304389.0,601467993.0,601610074.0,601759273.0,601915180.0,602069532.0,602219672.0,602382227.0,602544370.0,602687213.0,602827125.0,602965916.0,603106910.0,603246832.0,603406921.0,603564224.0,603710279.0,603842771.0,603982397.0,604126414.0,604274496.0,604429033.0,604573758.0,604713813.0,604861282.0,605012719.0,605157343.0,605346306.0,605569996.0,605768037.0,605952592.0,606125262.0,606292062.0,606459902.0,606636042.0,606811777.0,606973486.0,607109036.0,607266357.0,607433109.0,607591725.0,607744658.0,607924648.0,608091253.0,608234079.0,608387703.0,608546909.0,608711652.0,608880278.0,609051920.0,609213980.0,609370977.0,609526029.0,609676145.0,609831954.0,609997300.0,610168308.0,610320458.0,610467990.0,610585193.0,610761481.0,610901606.0,611038053.0,611185955.0,611338479.0,611485590.0,611632582.0,611777818.0,611922365.0,612065827.0,612214557.0,612356163.0,612489035.0,612622558.0,612756590.0,612888002.0,613019676.0,613159491.0,613286642.0,613400923.0,613514411.0,613632670.0,613759866.0,613892271.0,614032064.0,614169505.0,614282763.0,614399753.0,614525674.0,614655623.0,614785573.0,614930711.0,615066750.0,615181613.0,615294129.0,615412950.0,615535419.0,615653339.0,615782950.0,615925287.0,616043911.0,616157512.0,616271272.0,616385625.0,616508313.0,616652852.0,616799701.0,616922407.0,617044416.0,617165634.0,617280933.0,617398755.0,617533257.0,617662369.0,617771906.0,617880857.0,617992711.0,618114943.0,618254054.0,618427558.0,618597550.0,618742399.0,618890047.0,619042044.0,619188453.0,,,,,,,,,620458792.0,620610663.0,620740135.0,620867898.0,620993743.0,621112862.0,621235709.0,621377611.0,621555091.0,621688777.0,621835451.0,622021060.0,622199247.0,622372628.0,622558807.0,622758360.0,622917372.0,623077669.0,623230731.0,623360997.0,623485033.0,623621463.0,623759761.0,623874492.0,624001885.0,624124186.0,624247978.0,624374611.0,624515016.0,624658660.0,624774994.0,624885143.0,624996742.0,625104289.0,625217490.0,625349862.0,625479584.0,625591955.0,625703283.0,625815396.0,625926385.0,626039444.0,626162075.0,626285204.0,626395221.0,626505014.0,626615165.0,626725697.0,626839138.0,626965109.0,627084388.0,627191582.0,627299405.0,627414028.0,627522502.0,627637486.0,627763097.0,627893320.0,628009334.0,628135145.0,628264166.0,628395356.0,628522148.0,628660389.0,628791964.0,628919479.0,629048082.0,629174894.0,629301559.0,629417939.0,629546547.0,629665745.0,629781484.0,629901782.0,630020282.0,630141498.0,630278235.0,630422211.0,630560327.0,630687121.0,630805905.0,630923564.0,631047069.0,631186100.0,631326756.0,631466274.0,631583834.0,631704479.0,631829545.0,631956467.0,632089064.0,632234283.0,632376244.0,632499587.0,632622129.0,632751213.0,632877786.0,633000672.0,633140114.0,633276870.0,633402392.0,633521418.0,633644016.0,633772699.0,633908450.0,634048535.0,634188426.0,634304857.0,634422650.0,634543615.0,634663188.0,634786167.0,634922063.0,635049384.0,635165162.0,635283824.0,635401022.0,635515603.0,635634784.0,635766805.0,635900419.0,,636146233.0,636274855.0,636406724.0,636560082.0,636737705.0,636893084.0,637030432.0,637159335.0,637283035.0,637410507.0,637543572.0,637685056.0,637823756.0,637940913.0,638053349.0,638173199.0,638300191.0,638431617.0,638578123.0,638716238.0,638836486.0,638956727.0,639079261.0,639208301.0,639336476.0,639476366.0,639620478.0,639751723.0,639885328.0,640022928.0,640161042.0,640298010.0,640444519.0,640577497.0,640710306.0,640845968.0,640976595.0,641105988.0,641236782.0,641373027.0,641511984.0,641640096.0,641773513.0,641906838.0,642044569.0,642176835.0,642321403.0,642466697.0,642591238.0,642711857.0,642830890.0,642955526.0,643084838.0,643218670.0,643346262.0,643459408.0,643566468.0,643675704.0,643791702.0,643903400.0,644029216.0,644153899.0,644260969.0,644366451.0,644474101.0,644580938.0,644695635.0,644813916.0,644930935.0,645040760.0,645139663.0,645239078.0,645341080.0,645446361.0,645574522.0,645710278.0,645828818.0,645946139.0,646069209.0,646187095.0,646308673.0,646438656.0,646568230.0,646680652.0,646791538.0,646906211.0,647020025.0,647145067.0,647281057.0,647415056.0,647533463.0,647646098.0,647759196.0,647874788.0,647981319.0,648099058.0,648215466.0,648324526.0,648433025.0,648545953.0,648651486.0,648759919.0,648876531.0,648991611.0,649099004.0,649198360.0,649296697.0,649395080.0,649495720.0,649606517.0,649718234.0,649816664.0,649920839.0,650030312
ryw0oDOqh4M,23284.0,23289.0,23293.0,23295.0,23307.0,23309.0,23312.0,23321.0,23328.0,23331.0,23341.0,23355.0,23361.0,23369.0,23375.0,23379.0,23380.0,23388.0,23395.0,23402.0,23407.0,23417.0,23422.0,23432.0,23439.0,23443.0,23448.0,23451.0,23461.0,23474.0,23481.0,23487.0,23492.0,23494.0,23500.0,23507.0,23521.0,23537.0,23540.0,23546.0,23553.0,23560.0,23564.0,23570.0,23578.0,23584.0,23591.0,23591.0,23598.0,23604.0,23619.0,23628.0,23636.0,23649.0,23655.0,23663.0,23668.0,23673.0,23681.0,23689.0,23692.0,23703.0,23710.0,23719.0,23726.0,23731.0,23732.0,23735.0,23741.0,23748.0,23757.0,23761.0,23768.0,23775.0,23783.0,23788.0,23798.0,23803.0,23804.0,23812.0,23821.0,23824.0,23829.0,23832.0,23836.0,23839.0,23847.0,23855.0,23859.0,23864.0,23868.0,23871.0,23875.0,23876.0,23878.0,23883.0,23887.0,23889.0,23892.0,23897.0,23908.0,23912.0,23917.0,23928.0,23937.0,23947.0,23948.0,23952.0,23957.0,23969.0,23978.0,23982.0,23985.0,23992.0,23994.0,24000.0,24008.0,24010.0,24015.0,24022.0,24027.0,24030.0,24033.0,24037.0,24040.0,24044.0,24049.0,24051.0,24055.0,24058.0,24062.0,24066.0,24070.0,24071.0,,,,,,,,,24105.0,24110.0,24115.0,24121.0,24124.0,24130.0,24135.0,24140.0,24145.0,24147.0,24152.0,24152.0,24155.0,24164.0,24167.0,24172.0,24174.0,24178.0,24180.0,24182.0,24186.0,24189.0,24194.0,24201.0,24205.0,24207.0,24212.0,24214.0,24215.0,24222.0,24226.0,24231.0,24237.0,24238.0,24247.0,24251.0,24253.0,24257.0,24274.0,24290.0,24296.0,24308.0,24312.0,24319.0,24324.0,24331.0,24334.0,24340.0,24349.0,24357.0,24366.0,24373.0,24387.0,24398.0,24404.0,24415.0,24425.0,24439.0,24450.0,24463.0,24477.0,24489.0,24495.0,24505.0,24514.0,24525.0,24531.0,24538.0,24553.0,24573.0,24587.0,24604.0,24621.0,24628.0,24637.0,24646.0,24655.0,24658.0,24663.0,24675.0,24684.0,24694.0,24699.0,24709.0,24717.0,24729.0,24734.0,24740.0,24750.0,24764.0,24773.0,24783.0,24789.0,24798.0,24808.0,24822.0,24829.0,24837.0,24848.0,24855.0,24866.0,24879.0,24887.0,24895.0,24906.0,24916.0,24926.0,24936.0,24945.0,24957.0,24970.0,24975.0,24979.0,24983.0,24989.0,25001.0,25005.0,25015.0,25022.0,25030.0,25046.0,,25065.0,25073.0,25086.0,25097.0,25103.0,25116.0,25123.0,25135.0,25141.0,25155.0,25159.0,25168.0,25178.0,25186.0,25200.0,25209.0,25223.0,25233.0,25247.0,25252.0,25263.0,25269.0,25277.0,25290.0,25304.0,25320.0,25331.0,25334.0,25345.0,25355.0,25359.0,25368.0,25371.0,25374.0,25380.0,25389.0,25393.0,25405.0,25410.0,25417.0,25427.0,25436.0,25437.0,25444.0,25459.0,25465.0,25474.0,25484.0,25490.0,25498.0,25506.0,25520.0,25537.0,25549.0,25554.0,25566.0,25578.0,25590.0,25603.0,25615.0,25628.0,25638.0,25645.0,25657.0,25667.0,25682.0,25697.0,25702.0,25712.0,25723.0,25737.0,25758.0,25768.0,25786.0,25796.0,25804.0,25812.0,25822.0,25836.0,25850.0,25859.0,25868.0,25876.0,25885.0,25890.0,25893.0,25900.0,25905.0,25912.0,25919.0,25930.0,25934.0,25938.0,25947.0,25955.0,25984.0,25999.0,26013.0,26019.0,26024.0,26030.0,26038.0,26046.0,26050.0,26053.0,26061.0,26072.0,26076.0,26083.0,26091.0,26098.0,26098.0,26111.0,26115
m48f2ts_XLk,93083.0,93123.0,93147.0,93190.0,93228.0,93265.0,93296.0,93325.0,93352.0,93401.0,93448.0,93484.0,93513.0,93543.0,93573.0,93601.0,93644.0,93683.0,93717.0,93752.0,93786.0,93821.0,93844.0,93888.0,93909.0,93934.0,93964.0,93991.0,94029.0,94054.0,94096.0,94124.0,94163.0,94196.0,94233.0,94274.0,94317.0,94352.0,94383.0,94431.0,94469.0,94516.0,94559.0,94608.0,94657.0,94710.0,94749.0,94783.0,94801.0,94825.0,94861.0,94897.0,94919.0,94945.0,94992.0,95023.0,95070.0,95101.0,95139.0,95168.0,95220.0,95275.0,95305.0,95347.0,95379.0,95415.0,95442.0,95497.0,95540.0,95573.0,95618.0,95655.0,95694.0,95746.0,95793.0,95870.0,95907.0,95942.0,95982.0,96030.0,96080.0,96127.0,96182.0,96238.0,96272.0,96307.0,96364.0,96409.0,96458.0,96498.0,96529.0,96562.0,96605.0,96655.0,96702.0,96746.0,96765.0,96802.0,96831.0,96862.0,96904.0,96938.0,96979.0,97014.0,97059.0,97111.0,97151.0,97200.0,97252.0,97302.0,97346.0,97398.0,97457.0,97505.0,97558.0,97591.0,97641.0,97683.0,97730.0,97769.0,97805.0,97847.0,97907.0,97954.0,97999.0,98029.0,98059.0,98093.0,98143.0,98191.0,98245.0,98283.0,98310.0,98333.0,,,,,,,,,98657.0,98686.0,98719.0,98745.0,98771.0,98800.0,98837.0,98863.0,98904.0,98952.0,98984.0,99007.0,99035.0,99073.0,99109.0,99145.0,99193.0,99243.0,99270.0,99306.0,99331.0,99359.0,99396.0,99421.0,99448.0,99472.0,99492.0,99526.0,99555.0,99591.0,99625.0,99658.0,99684.0,99710.0,99747.0,99793.0,99839.0,99891.0,99943.0,99980.0,100031.0,100077.0,100124.0,100181.0,100212.0,100264.0,100306.0,100343.0,100396.0,100446.0,100492.0,100553.0,100574.0,100633.0,100669.0,100694.0,100736.0,100783.0,100823.0,100858.0,100898.0,100928.0,100966.0,101000.0,101020.0,101073.0,101114.0,101150.0,101181.0,101215.0,101254.0,101287.0,101323.0,101369.0,101405.0,101445.0,101483.0,101551.0,101587.0,101630.0,101694.0,101729.0,101790.0,101827.0,101862.0,101929.0,101984.0,102030.0,102069.0,102120.0,102165.0,102208.0,102265.0,102323.0,102380.0,102440.0,102483.0,102548.0,102605.0,102650.0,102703.0,102758.0,102822.0,102876.0,102949.0,103005.0,103058.0,103124.0,103199.0,103269.0,103324.0,103374.0,103450.0,103556.0,103601.0,103693.0,103760.0,103839.0,103918.0,104001.0,104104.0,,104286.0,104392.0,104484.0,104545.0,104618.0,104675.0,104790.0,104865.0,104941.0,105041.0,105119.0,105194.0,105256.0,105319.0,105393.0,105479.0,105579.0,105681.0,105777.0,105846.0,105918.0,105995.0,106076.0,106174.0,106244.0,106315.0,106382.0,106444.0,106502.0,106571.0,106614.0,106674.0,106743.0,106804.0,106860.0,106915.0,106965.0,107031.0,107121.0,107196.0,107279.0,107361.0,107446.0,107510.0,107580.0,107667.0,107736.0,107825.0,107929.0,108007.0,108069.0,108136.0,108179.0,108227.0,108273.0,108343.0,108407.0,108474.0,108530.0,108581.0,108645.0,108705.0,108752.0,108809.0,108860.0,108911.0,108952.0,109017.0,109093.0,109164.0,109251.0,109321.0,109378.0,109441.0,109503.0,109563.0,109629.0,109691.0,109780.0,109843.0,109905.0,109984.0,110039.0,110104.0,110182.0,110248.0,110313.0,110380.0,110439.0,110497.0,110549.0,110614.0,110675.0,110755.0,110797.0,110871.0,110915.0,110968.0,111010.0,111064.0,111125.0,111176.0,111234.0,111278.0,111325.0,111375.0,111415.0,111461.0,111495.0,111535.0,111576.0,111604.0,111655.0,111701
a6Ll_1u-rq4,577495.0,577816.0,578196.0,578578.0,578949.0,579319.0,579725.0,580107.0,580506.0,581060.0,581556.0,581990.0,582416.0,582872.0,583348.0,583740.0,584218.0,584586.0,584987.0,585447.0,585851.0,586272.0,586782.0,587169.0,587618.0,587979.0,588323.0,588757.0,589212.0,589653.0,590198.0,590683.0,591081.0,591530.0,592183.0,592704.0,593230.0,593857.0,594430.0,595056.0,595600.0,596160.0,596743.0,597424.0,598173.0,598821.0,599398.0,600004.0,600749.0,601397.0,601942.0,602510.0,603058.0,603611.0,604182.0,604690.0,605444.0,606012.0,606759.0,607464.0,608190.0,608862.0,609572.0,610242.0,610757.0,611468.0,612061.0,612675.0,613200.0,614002.0,614654.0,615282.0,615936.0,616579.0,617197.0,617785.0,618355.0,619029.0,619827.0,620527.0,621184.0,621802.0,622378.0,623057.0,623773.0,624450.0,625214.0,625933.0,626570.0,627320.0,627926.0,628504.0,629274.0,630083.0,630899.0,631655.0,632202.0,632856.0,633611.0,634377.0,635075.0,635910.0,636763.0,637591.0,638417.0,639063.0,639847.0,640547.0,641204.0,642019.0,642824.0,643715.0,644507.0,645363.0,646060.0,646736.0,647437.0,648104.0,648876.0,649571.0,650238.0,650737.0,651476.0,652143.0,652849.0,653895.0,654624.0,655322.0,655898.0,656467.0,657318.0,658284.0,658926.0,659587.0,,,,,,,,,665434.0,666069.0,666644.0,667191.0,667750.0,668566.0,669185.0,669823.0,670636.0,671193.0,671744.0,672270.0,672796.0,673270.0,673739.0,674192.0,674594.0,675107.0,675526.0,675980.0,676404.0,676927.0,677434.0,677786.0,678354.0,678765.0,679257.0,679757.0,680280.0,680755.0,681270.0,681755.0,682325.0,682814.0,683398.0,683920.0,684456.0,684992.0,685548.0,686111.0,686663.0,687186.0,687781.0,688399.0,688966.0,689563.0,690168.0,690796.0,691376.0,692041.0,692719.0,693417.0,694033.0,694692.0,695275.0,695858.0,696482.0,697184.0,697731.0,698335.0,698928.0,699413.0,700044.0,700702.0,701336.0,702063.0,702649.0,703283.0,703993.0,704598.0,705322.0,706030.0,706797.0,707610.0,708367.0,709123.0,709839.0,710548.0,711200.0,711845.0,712650.0,713273.0,713941.0,714690.0,715373.0,716031.0,716763.0,717352.0,718097.0,718822.0,719525.0,720223.0,720942.0,721532.0,722138.0,722740.0,723370.0,723962.0,724600.0,725160.0,725820.0,726420.0,727068.0,727709.0,728222.0,728956.0,729527.0,730224.0,730930.0,731574.0,732116.0,732766.0,733424.0,734100.0,734636.0,735192.0,735699.0,736337.0,737050.0,737779.0,738500.0,,740092.0,740856.0,741586.0,742339.0,743074.0,743784.0,744472.0,745067.0,745667.0,746245.0,746786.0,747491.0,748096.0,748854.0,749467.0,750122.0,750823.0,751639.0,752503.0,753357.0,754073.0,754809.0,755614.0,756355.0,757092.0,757899.0,758624.0,759311.0,760003.0,760716.0,761377.0,762038.0,762781.0,763378.0,764194.0,764908.0,765529.0,766170.0,766999.0,767800.0,768680.0,769425.0,770202.0,770913.0,771632.0,772295.0,772981.0,773714.0,774321.0,774786.0,775274.0,775739.0,776220.0,776764.0,777278.0,777705.0,778190.0,778733.0,779245.0,779738.0,780287.0,780802.0,781370.0,781948.0,782442.0,782938.0,783451.0,783889.0,784407.0,784911.0,785421.0,785918.0,786442.0,786909.0,787435.0,787939.0,788389.0,788863.0,789452.0,789975.0,790487.0,790983.0,791483.0,792003.0,792537.0,793049.0,793559.0,794058.0,794615.0,795128.0,795582.0,796127.0,796583.0,797087.0,797490.0,797943.0,798390.0,798839.0,799287.0,799756.0,800177.0,800610.0,801024.0,801527.0,801929.0,802416.0,802843.0,803319.0,803826.0,804298.0,804687.0,805132.0,805551.0,805949
fNi_AjNUpao,49667.0,49678.0,49691.0,49696.0,49703.0,49707.0,49716.0,49732.0,49743.0,49755.0,49763.0,49773.0,49783.0,49791.0,49804.0,49817.0,49823.0,49829.0,49840.0,49845.0,49852.0,49860.0,49873.0,49886.0,49903.0,49918.0,49930.0,49948.0,49967.0,49978.0,49993.0,50024.0,50045.0,50065.0,50078.0,50106.0,50133.0,50162.0,50183.0,50217.0,50261.0,50291.0,50314.0,50340.0,50358.0,50387.0,50406.0,50437.0,50452.0,50464.0,50479.0,50492.0,50512.0,50521.0,50537.0,50554.0,50566.0,50578.0,50591.0,50604.0,50628.0,50649.0,50666.0,50682.0,50699.0,50710.0,50723.0,50740.0,50751.0,50768.0,50781.0,50795.0,50810.0,50823.0,50844.0,50861.0,50870.0,50882.0,50892.0,50906.0,50913.0,50924.0,50938.0,50955.0,50962.0,50970.0,50974.0,50989.0,51015.0,51024.0,51039.0,51048.0,51068.0,51082.0,51103.0,51120.0,51144.0,51173.0,51182.0,51197.0,51206.0,51221.0,51228.0,51241.0,51248.0,51256.0,51271.0,51281.0,51290.0,51300.0,51310.0,51319.0,51329.0,51334.0,51345.0,51353.0,51365.0,51374.0,51382.0,51388.0,51398.0,51407.0,51415.0,51433.0,51442.0,51449.0,51460.0,51471.0,51478.0,51489.0,51499.0,51501.0,51510.0,51512.0,,,,,,,,,51571.0,51579.0,51586.0,51592.0,51598.0,51609.0,51618.0,51623.0,51630.0,51640.0,51641.0,51646.0,51666.0,51671.0,51685.0,51693.0,51702.0,51709.0,51714.0,51721.0,51729.0,51737.0,51741.0,51751.0,51768.0,51772.0,51776.0,51791.0,51800.0,51810.0,51820.0,51823.0,51827.0,51836.0,51847.0,51855.0,51859.0,51868.0,51874.0,51883.0,51888.0,51893.0,51895.0,51904.0,51911.0,51914.0,51918.0,51922.0,51931.0,51930.0,51933.0,51948.0,51952.0,51960.0,51969.0,51975.0,51980.0,51988.0,51995.0,51997.0,52002.0,52008.0,52015.0,52016.0,52022.0,52030.0,52042.0,52056.0,52057.0,52064.0,52071.0,52075.0,52083.0,52092.0,52097.0,52100.0,52102.0,52103.0,52110.0,52121.0,52138.0,52139.0,52145.0,52154.0,52157.0,52162.0,52168.0,52171.0,52177.0,52182.0,52191.0,52199.0,52209.0,52226.0,52230.0,52239.0,52247.0,52252.0,52254.0,52262.0,52274.0,52278.0,52284.0,52292.0,52306.0,52312.0,52318.0,52326.0,52334.0,52335.0,52345.0,52347.0,52354.0,52355.0,52360.0,52362.0,52370.0,52377.0,52377.0,52386.0,52392.0,,52405.0,52410.0,52424.0,52430.0,52435.0,52439.0,52442.0,52448.0,52452.0,52453.0,52457.0,52459.0,52464.0,52470.0,52478.0,52483.0,52492.0,52493.0,52497.0,52497.0,52500.0,52504.0,52510.0,52514.0,52521.0,52526.0,52531.0,52536.0,52543.0,52547.0,52555.0,52556.0,52561.0,52567.0,52576.0,52580.0,52590.0,52596.0,52602.0,52606.0,52611.0,52621.0,52626.0,52630.0,52638.0,52640.0,52647.0,52651.0,52656.0,52661.0,52666.0,52669.0,52677.0,52681.0,52682.0,52686.0,52693.0,52700.0,52705.0,52712.0,52713.0,52719.0,52723.0,52734.0,52739.0,52741.0,52748.0,52748.0,52756.0,52762.0,52765.0,52779.0,52789.0,52791.0,52799.0,52805.0,52810.0,52816.0,52824.0,52832.0,52838.0,52841.0,52846.0,52848.0,52857.0,52857.0,52860.0,52866.0,52867.0,52872.0,52882.0,52884.0,52884.0,52901.0,52904.0,52909.0,52920.0,52926.0,52933.0,52934.0,52936.0,52940.0,52942.0,52947.0,52952.0,52957.0,52961.0,52964.0,52971.0,52975.0,52981.0,52987.0,52993.0,52996
qxcfZ3oVIlI,170953.0,170968.0,170990.0,170998.0,171031.0,171047.0,171075.0,171093.0,171104.0,171118.0,171133.0,171147.0,171161.0,171178.0,171193.0,171217.0,171239.0,171253.0,171274.0,171286.0,171307.0,171328.0,171352.0,171373.0,171389.0,171404.0,171425.0,171446.0,171478.0,171496.0,171505.0,171528.0,171544.0,171563.0,171591.0,171615.0,171639.0,171672.0,171693.0,171713.0,171728.0,171753.0,171775.0,171793.0,171819.0,171832.0,171848.0,171862.0,171873.0,171882.0,171903.0,171908.0,171922.0,171933.0,171947.0,171967.0,171981.0,171989.0,172002.0,172021.0,172042.0,172070.0,172086.0,172109.0,172124.0,172138.0,172153.0,172164.0,172174.0,172186.0,172205.0,172217.0,172225.0,172238.0,172245.0,172255.0,172279.0,172293.0,172318.0,172325.0,172338.0,172348.0,172360.0,172383.0,172401.0,172421.0,172435.0,172449.0,172454.0,172473.0,172490.0,172502.0,172512.0,172524.0,172539.0,172556.0,172570.0,172581.0,172587.0,172596.0,172607.0,172624.0,172638.0,172649.0,172662.0,172672.0,172688.0,172699.0,172718.0,172731.0,172739.0,172751.0,172762.0,172776.0,172788.0,172799.0,172810.0,172818.0,172828.0,172844.0,172859.0,172874.0,172893.0,172909.0,172930.0,172947.0,172959.0,172970.0,172982.0,172994.0,173001.0,173014.0,173023.0,173033.0,,,,,,,,,173153.0,173161.0,173171.0,173181.0,173189.0,173198.0,173212.0,173222.0,173236.0,173255.0,173264.0,173274.0,173287.0,173307.0,173329.0,173344.0,173395.0,173407.0,173417.0,173424.0,173435.0,173448.0,173463.0,173467.0,173481.0,173488.0,173498.0,173507.0,173526.0,173543.0,173557.0,173571.0,173578.0,173592.0,173606.0,173625.0,173635.0,173642.0,173652.0,173670.0,173678.0,173692.0,173705.0,173726.0,173735.0,173745.0,173762.0,173772.0,173783.0,173793.0,173809.0,173817.0,173832.0,173844.0,173852.0,173865.0,173879.0,173886.0,173897.0,173908.0,173917.0,173922.0,173942.0,173947.0,173955.0,173962.0,173971.0,173980.0,173993.0,174004.0,174022.0,174039.0,174048.0,174058.0,174066.0,174078.0,174091.0,174104.0,174117.0,174135.0,174136.0,174141.0,174151.0,174158.0,174172.0,174180.0,174187.0,174197.0,174206.0,174214.0,174218.0,174225.0,174230.0,174243.0,174258.0,174266.0,174274.0,174288.0,174301.0,174311.0,174322.0,174335.0,174345.0,174349.0,174355.0,174361.0,174364.0,174374.0,174389.0,174402.0,174419.0,174427.0,174433.0,174445.0,174456.0,174468.0,174481.0,174487.0,174501.0,174512.0,174527.0,,174562.0,174574.0,174582.0,174592.0,174603.0,174612.0,174626.0,174631.0,174647.0,174655.0,174659.0,174670.0,174679.0,174686.0,174691.0,174701.0,174709.0,174726.0,174734.0,174745.0,174756.0,174763.0,174778.0,174785.0,174787.0,174793.0,174805.0,174810.0,174816.0,174826.0,174833.0,174846.0,174858.0,174870.0,174880.0,174884.0,174894.0,174906.0,174910.0,174919.0,174926.0,174933.0,174945.0,174954.0,174965.0,174980.0,174987.0,175009.0,175019.0,175026.0,175039.0,175046.0,175057.0,175063.0,175079.0,175086.0,175096.0,175103.0,175109.0,175113.0,175129.0,175138.0,175142.0,175147.0,175153.0,175155.0,175161.0,175166.0,175172.0,175177.0,175188.0,175197.0,175205.0,175208.0,175211.0,175226.0,175242.0,175258.0,175272.0,175282.0,175293.0,175309.0,175314.0,175329.0,175336.0,175342.0,175354.0,175358.0,175367.0,175374.0,175382.0,175393.0,175398.0,175407.0,175418.0,175427.0,175438.0,175450.0,175461.0,175465.0,175470.0,175475.0,175483.0,175490.0,175493.0,175500.0,175508.0,175517.0,175525.0,175532.0,175539.0,175549.0,175558.0,175565
a7z28ZjYR10,7247712.0,7251506.0,7255694.0,7260125.0,7264896.0,7269484.0,7273921.0,7278296.0,7283726.0,7289486.0,7295475.0,7300750.0,7305932.0,7311127.0,7316594.0,7322901.0,7328595.0,7333811.0,7339282.0,7345193.0,7351620.0,7358615.0,7365303.0,7371129.0,7377223.0,7383810.0,7390430.0,7396748.0,7404251.0,7411104.0,7418138.0,7424786.0,7432320.0,7440706.0,7448434.0,7456503.0,7464518.0,7469676.0,7474939.0,7481886.0,7489266.0,7495624.0,7502221.0,7508892.0,7515859.0,7523238.0,7531559.0,7539996.0,7547988.0,7554749.0,7560793.0,7567810.0,7574360.0,7581770.0,7590021.0,7597822.0,7605858.0,7614707.0,7622680.0,7630129.0,7638678.0,7647245.0,7655617.0,7663061.0,7669398.0,7674975.0,7681196.0,7686867.0,7691969.0,7698301.0,7704129.0,7709680.0,7715743.0,7721602.0,7726790.0,7732173.0,7738533.0,7744582.0,7750336.0,7755658.0,7761361.0,7767293.0,7773083.0,7779588.0,7785695.0,7791746.0,7797051.0,7802342.0,7808340.0,7814109.0,7819845.0,7825521.0,7830993.0,7836090.0,7841233.0,7846864.0,7852318.0,7857768.0,7863262.0,7868861.0,7874542.0,7880092.0,7885467.0,7890609.0,7895813.0,7901049.0,7906433.0,7911162.0,7916033.0,7921362.0,7926668.0,7931771.0,7936862.0,7942211.0,7947507.0,7952632.0,7957866.0,7963536.0,7969085.0,7974121.0,7979226.0,7984007.0,7989020.0,7994233.0,7999830.0,8004976.0,8010186.0,8015823.0,8020662.0,8025512.0,8031152.0,8038116.0,8044770.0,8050967.0,,,,,,,,,8103827.0,8109081.0,8113980.0,8118903.0,8123957.0,8128473.0,8132509.0,8136366.0,8140446.0,8144378.0,8148503.0,8152699.0,8157608.0,8162175.0,8166520.0,8170800.0,8175001.0,8179442.0,8183736.0,8188098.0,8192387.0,8196733.0,8201167.0,8205514.0,8210078.0,8214488.0,8219208.0,8223790.0,8227932.0,8232353.0,8236759.0,8241259.0,8245662.0,8250154.0,8254428.0,8258723.0,8262845.0,8267090.0,8271832.0,8276364.0,8280695.0,8284772.0,8288733.0,8292860.0,8297307.0,8301564.0,8305583.0,8309886.0,8314289.0,8318245.0,8321771.0,8325390.0,8329121.0,8332979.0,8337039.0,8341153.0,8344939.0,8348556.0,8352251.0,8356254.0,8360216.0,8364103.0,8367676.0,8371228.0,8374855.0,8378572.0,8382432.0,8386158.0,8389546.0,8392780.0,8396369.0,8400168.0,8404323.0,8408408.0,8412889.0,8417312.0,8422136.0,8426580.0,8430953.0,8435491.0,8440026.0,8444345.0,8448835.0,8453915.0,8458194.0,8462296.0,8466460.0,8470783.0,8475120.0,8479561.0,8484019.0,8488402.0,8492924.0,8497514.0,8502020.0,8506910.0,8511823.0,8516728.0,8521391.0,8525902.0,8530805.0,8535809.0,8540705.0,8545565.0,8550189.0,8554591.0,8558778.0,8562955.0,8567239.0,8571830.0,8576371.0,8580521.0,8584655.0,8588764.0,8593212.0,8597201.0,8601036.0,8605125.0,8609296.0,8613281.0,8617293.0,,8626676.0,8631553.0,8635796.0,8639901.0,8644237.0,8648560.0,8653083.0,8657381.0,8662093.0,8666815.0,8671622.0,8676198.0,8680820.0,8685557.0,8690037.0,8694861.0,8699775.0,8704669.0,8709488.0,8714325.0,8719363.0,8724091.0,8728995.0,8733630.0,8738065.0,8742198.0,8746224.0,8750687.0,8755094.0,8759699.0,8764151.0,8768433.0,8772587.0,8776659.0,8780969.0,8785455.0,8789593.0,8793687.0,8797762.0,8801441.0,8805075.0,8808945.0,8813070.0,8816877.0,8820793.0,8824928.0,8828620.0,8832260.0,8835826.0,8839264.0,8842583.0,8846246.0,8849937.0,8853525.0,8857105.0,8860854.0,8864624.0,8868115.0,8871958.0,8875841.0,8879641.0,8883316.0,8886902.0,8890943.0,8895060.0,8899342.0,8903286.0,8907162.0,8910913.0,8914782.0,8918875.0,8923022.0,8927242.0,8931165.0,8935000.0,8938771.0,8943187.0,8947669.0,8951648.0,8955704.0,8959978.0,8964069.0,8968101.0,8972547.0,8977123.0,8981767.0,8986319.0,8990898.0,8994938.0,8999047.0,9003379.0,9007445.0,9011518.0,9015531.0,9019473.0,9023510.0,9027365.0,9031348.0,9035659.0,9040089.0,9044337.0,9048665.0,9052766.0,9056598.0,9060535.0,9064451.0,9068633.0,9072695.0,9076882.0,9080908.0,9084553.0,9088320.0,9092128.0,9096158
7ZJJypOu1sY,1696138.0,1696814.0,1697540.0,1698233.0,1698989.0,1699727.0,1700546.0,1701345.0,1702057.0,1702833.0,1703461.0,1704220.0,1705004.0,1705613.0,1706421.0,1707154.0,1707724.0,1708327.0,1709023.0,1709709.0,1710486.0,1711152.0,1711797.0,1712391.0,1713013.0,1713716.0,1714465.0,1715254.0,1715979.0,1716774.0,1717625.0,1718392.0,1719212.0,1720147.0,1720964.0,1721922.0,1722866.0,1723705.0,1724471.0,1725370.0,1726373.0,1727292.0,1728254.0,1729114.0,1729934.0,1730778.0,1731707.0,1732641.0,1733526.0,1734369.0,1735430.0,1736328.0,1737080.0,1737950.0,1738877.0,1739762.0,1740598.0,1741512.0,1742345.0,1743049.0,1743755.0,1744625.0,1745419.0,1746154.0,1747011.0,1747637.0,1748308.0,1748911.0,1749518.0,1750134.0,1750787.0,1751346.0,1751902.0,1752455.0,1753005.0,1753677.0,1754335.0,1754928.0,1755490.0,1756075.0,1756622.0,1757133.0,1757791.0,1758354.0,1758869.0,1759378.0,1759867.0,1760267.0,1760781.0,1761401.0,1761891.0,1762427.0,1762966.0,1763362.0,1763747.0,1764222.0,1764745.0,1765263.0,1765735.0,1766377.0,1766885.0,1767344.0,1767801.0,1768245.0,1768647.0,1769147.0,1769675.0,1770088.0,1770497.0,1770938.0,1771340.0,1771673.0,1772095.0,1772475.0,1772831.0,1773115.0,1773451.0,1773786.0,1774129.0,1774454.0,1774769.0,1775020.0,1775328.0,1775623.0,1775935.0,1776304.0,1776660.0,1777058.0,1777401.0,1777692.0,1778042.0,1778461.0,1778816.0,1779194.0,,,,,,,,,1782419.0,1782781.0,1783093.0,1783502.0,1783903.0,1784289.0,1784693.0,1784982.0,1785300.0,1785662.0,1786012.0,1786328.0,1786708.0,1787078.0,1787387.0,1787694.0,1787971.0,1788300.0,1788674.0,1789031.0,1789371.0,1789721.0,1790038.0,1790442.0,1790796.0,1791132.0,1791493.0,1791876.0,1792253.0,1792564.0,1793044.0,1793485.0,1793918.0,1794288.0,1794648.0,1794980.0,1795317.0,1795718.0,1796064.0,1796376.0,1796820.0,1797265.0,1797645.0,1797993.0,1798402.0,1798820.0,1799240.0,1799682.0,1800097.0,1800502.0,1800777.0,1801156.0,1801589.0,1802022.0,1802389.0,1802715.0,1803117.0,1803412.0,1803852.0,1804193.0,1804656.0,1805008.0,1805417.0,1805759.0,1806117.0,1806585.0,1807006.0,1807419.0,1807730.0,1808129.0,1808545.0,1808923.0,1809400.0,1809929.0,1810457.0,1810898.0,1811445.0,1811888.0,1812318.0,1812828.0,1813314.0,1813727.0,1814233.0,1814835.0,1815292.0,1815692.0,1816143.0,1816575.0,1817139.0,1817604.0,1818204.0,1818750.0,1819197.0,1819936.0,1820597.0,1821304.0,1822010.0,1822804.0,1823406.0,1824097.0,1824852.0,1825644.0,1826395.0,1827038.0,1827804.0,1828473.0,1829020.0,1829638.0,1830305.0,1830916.0,1831538.0,1832225.0,1832777.0,1833330.0,1833699.0,1834126.0,1834559.0,1835026.0,1835460.0,1835873.0,1836158.0,,1836977.0,1837331.0,1837710.0,1838078.0,1838415.0,1838669.0,1838975.0,1839238.0,1839583.0,1839966.0,1840473.0,1841013.0,1841393.0,1841927.0,1842550.0,1843291.0,1844170.0,1845015.0,1845804.0,1846419.0,1847150.0,1847793.0,1848457.0,1848930.0,1849465.0,1849828.0,1850129.0,1850427.0,1850724.0,1851077.0,1851419.0,1851695.0,1851965.0,1852174.0,1852397.0,1852660.0,1852961.0,1853215.0,1853508.0,1853777.0,1854049.0,1854336.0,1854639.0,1854939.0,1855254.0,1855601.0,1856125.0,1856561.0,1857219.0,1857846.0,1858320.0,1858868.0,1859530.0,1860015.0,1860432.0,1860881.0,1861318.0,1861682.0,1862131.0,1862615.0,1863011.0,1863393.0,1863827.0,1864353.0,1864794.0,1865371.0,1865968.0,1866533.0,1867037.0,1867586.0,1868073.0,1868704.0,1869287.0,1870053.0,1870598.0,1871120.0,1871727.0,1872363.0,1872946.0,1873482.0,1873971.0,1874446.0,1874856.0,1875254.0,1875660.0,1876119.0,1876516.0,1876940.0,1877296.0,1877542.0,1877888.0,1878204.0,1878628.0,1879005.0,1879318.0,1879765.0,1880125.0,1880514.0,1880916.0,1881248.0,1881583.0,1881943.0,1882261.0,1882576.0,1883025.0,1883420.0,1883866.0,1884273.0,1884676.0,1885010.0,1885382.0,1885784.0,1886253.0,1886702
ZpGFolbbeHo,17155425.0,17158756.0,17162683.0,17167259.0,17171007.0,17174542.0,17178109.0,17181687.0,17185264.0,17189339.0,17193533.0,17197292.0,17201433.0,17205440.0,17209745.0,17213802.0,17218021.0,17222011.0,17225597.0,17229345.0,17233145.0,17236840.0,17241416.0,17248910.0,17260615.0,17279248.0,17305358.0,17341227.0,17380197.0,17424646.0,17477154.0,17526127.0,17576388.0,17633471.0,17682072.0,17734084.0,17792715.0,17849948.0,17898158.0,17937634.0,17978458.0,18014271.0,18056306.0,18091788.0,18125010.0,18149510.0,18170555.0,18190817.0,18211058.0,18227846.0,18245229.0,18263811.0,18282167.0,18298012.0,18314858.0,18330558.0,18345975.0,18361723.0,18379488.0,18396806.0,18411685.0,18426898.0,18441944.0,18456108.0,18469993.0,18482950.0,18495379.0,18505684.0,18515140.0,18525990.0,18536110.0,18546095.0,18556740.0,18567336.0,18576914.0,18586685.0,18597041.0,18607446.0,18617705.0,18628601.0,18639089.0,18647796.0,18655842.0,18664358.0,18672558.0,18681272.0,18690383.0,18699154.0,18706504.0,18713053.0,18719796.0,18726306.0,18733189.0,18741284.0,18750088.0,18756652.0,18762452.0,18768246.0,18773831.0,18779383.0,18786151.0,18793237.0,18798572.0,18803686.0,18808721.0,18813503.0,18818153.0,18823898.0,18829547.0,18834459.0,18838945.0,18843387.0,18847524.0,18852229.0,18857944.0,18863431.0,18867767.0,18871789.0,18875570.0,18879478.0,18883680.0,18888729.0,18893691.0,18897872.0,18901739.0,18905650.0,18909665.0,18914127.0,18919139.0,18924135.0,18928130.0,18932052.0,18935800.0,18939296.0,,,,,,,,,18973664.0,18977944.0,18981351.0,18984914.0,18988301.0,18991655.0,18995771.0,19000460.0,19006725.0,19012123.0,19017256.0,19022293.0,19027288.0,19032947.0,19038245.0,19044502.0,19049330.0,19053837.0,19058041.0,19061565.0,19064642.0,19068387.0,19072017.0,19075034.0,19077999.0,19080808.0,19083891.0,19087019.0,19090566.0,19094192.0,19097187.0,19100018.0,19102689.0,19105456.0,19108214.0,19111681.0,19114825.0,19117428.0,19119904.0,19122365.0,19125054.0,19127723.0,19130923.0,19134031.0,19136660.0,19139087.0,19141505.0,19143984.0,19146364.0,19149147.0,19151920.0,19154319.0,19156791.0,19159275.0,19161927.0,19164548.0,19167518.0,19170388.0,19173012.0,19175760.0,19178569.0,19181300.0,19183620.0,19186231.0,19188736.0,19191173.0,19193995.0,19196838.0,19199788.0,19202203.0,19204998.0,19207688.0,19210175.0,19212829.0,19215546.0,19218172.0,19220911.0,19223954.0,19226997.0,19229648.0,19232115.0,19234762.0,19237532.0,19240616.0,19243853.0,19247065.0,19249617.0,19252197.0,19254613.0,19256872.0,19259314.0,19262053.0,19264776.0,19267297.0,19269693.0,19272151.0,19274430.0,19276874.0,19279712.0,19282398.0,19284740.0,19287064.0,19289471.0,19291872.0,19294291.0,19296972.0,19299711.0,19302042.0,19304382.0,19306793.0,19309182.0,19311720.0,19314609.0,19317556.0,19320044.0,19322469.0,19324789.0,19327252.0,19329602.0,19332122.0,19334809.0,,19339189.0,19341282.0,19343390.0,19345500.0,19348041.0,19350624.0,19352848.0,19354828.0,19356747.0,19358743.0,19360827.0,19363175.0,19365590.0,19367513.0,19369365.0,19371237.0,19373258.0,19375381.0,19377905.0,19380453.0,19382456.0,19384344.0,19386291.0,19388152.0,19390114.0,19392444.0,19394871.0,19397076.0,19399318.0,19401332.0,19403394.0,19405442.0,19407846.0,19410195.0,19412345.0,19414505.0,19416586.0,19418829.0,19421239.0,19423437.0,19425662.0,19427571.0,19429532.0,19431461.0,19433354.0,19435330.0,19437695.0,19439872.0,19441845.0,19443899.0,19445820.0,19447778.0,19449724.0,19451900.0,19454101.0,19456008.0,19457886.0,19459772.0,19461585.0,19463284.0,19465229.0,19467192.0,19468930.0,19470466.0,19472127.0,19473802.0,19475807.0,19478164.0,19480388.0,19482415.0,19484187.0,19485746.0,19487267.0,19489046.0,19491103.0,19493308.0,19495300.0,19497355.0,19499201.0,19501061.0,19502963.0,19505235.0,19507573.0,19509475.0,19511192.0,19512875.0,19514705.0,19516613.0,19518711.0,19520795.0,19522638.0,19524458.0,19526177.0,19527803.0,19529579.0,19531751.0,19534012.0,19536027.0,19537965.0,19539936.0,19541903.0,19544023.0,19546456.0,19548821.0,19550913.0,19552858.0,19554938.0,19556831.0,19558751.0,19560813.0,19562866.0,19564493.0,19566070.0,19567676
Rja6GCy1u9M,47674.0,47697.0,47720.0,47737.0,47761.0,47785.0,47805.0,47828.0,47851.0,47870.0,47886.0,47920.0,47942.0,47969.0,47998.0,48021.0,48033.0,48050.0,48069.0,48088.0,48110.0,48138.0,48156.0,48172.0,48195.0,48226.0,48247.0,48284.0,48307.0,48335.0,48377.0,48405.0,48449.0,48496.0,48538.0,48573.0,48609.0,48640.0,48690.0,48736.0,48769.0,48809.0,48855.0,48896.0,48925.0,48953.0,48978.0,49012.0,49050.0,49079.0,49107.0,49128.0,49146.0,49161.0,49184.0,49201.0,49224.0,49253.0,49265.0,49291.0,49314.0,49345.0,49368.0,49394.0,49423.0,49448.0,49464.0,49497.0,49515.0,49536.0,49552.0,49577.0,49613.0,49631.0,49658.0,49676.0,49705.0,49738.0,49775.0,49797.0,49825.0,49849.0,49881.0,49901.0,49937.0,49962.0,49987.0,50002.0,50024.0,50058.0,50086.0,50114.0,50156.0,50183.0,50217.0,50244.0,50269.0,50296.0,50320.0,50343.0,50367.0,50385.0,50411.0,50430.0,50448.0,50463.0,50482.0,50502.0,50520.0,50554.0,50581.0,50604.0,50624.0,50647.0,50675.0,50687.0,50708.0,50737.0,50752.0,50793.0,50806.0,50824.0,50840.0,50853.0,50868.0,50876.0,50889.0,50906.0,50919.0,50933.0,50971.0,50994.0,51018.0,51039.0,,,,,,,,,51245.0,51254.0,51276.0,51289.0,51304.0,51319.0,51334.0,51344.0,51360.0,51379.0,51396.0,51415.0,51435.0,51449.0,51459.0,51469.0,51481.0,51502.0,51526.0,51539.0,51550.0,51564.0,51578.0,51595.0,51612.0,51645.0,51665.0,51681.0,51692.0,51714.0,51741.0,51757.0,51778.0,51792.0,51807.0,51818.0,51831.0,51841.0,51857.0,51880.0,51893.0,51903.0,51912.0,51926.0,51952.0,51967.0,51988.0,52003.0,52019.0,52039.0,52047.0,52062.0,52081.0,52096.0,52112.0,52128.0,52136.0,52149.0,52162.0,52184.0,52207.0,52215.0,52236.0,52245.0,52260.0,52270.0,52287.0,52304.0,52312.0,52316.0,52323.0,52334.0,52356.0,52379.0,52402.0,52419.0,52433.0,52444.0,52458.0,52474.0,52486.0,52496.0,52517.0,52540.0,52551.0,52562.0,52575.0,52583.0,52596.0,52617.0,52640.0,52645.0,52659.0,52677.0,52693.0,52706.0,52721.0,52733.0,52742.0,52759.0,52769.0,52788.0,52804.0,52819.0,52831.0,52843.0,52856.0,52875.0,52886.0,52902.0,52914.0,52940.0,52955.0,52968.0,52992.0,53006.0,53023.0,53036.0,53066.0,53089.0,53112.0,,53167.0,53192.0,53219.0,53247.0,53269.0,53286.0,53304.0,53329.0,53354.0,53381.0,53391.0,53419.0,53460.0,53482.0,53509.0,53529.0,53547.0,53578.0,53604.0,53632.0,53650.0,53672.0,53688.0,53714.0,53729.0,53744.0,53769.0,53792.0,53813.0,53832.0,53855.0,53894.0,54122.0,54379.0,54797.0,55148.0,55286.0,55437.0,55578.0,55770.0,55880.0,56053.0,56224.0,56373.0,56516.0,56678.0,56949.0,57139.0,57354.0,57583.0,57780.0,58031.0,58224.0,58505.0,58731.0,59080.0,59298.0,59547.0,59944.0,60276.0,60550.0,60790.0,61098.0,61457.0,61786.0,62084.0,62223.0,62429.0,62599.0,62774.0,62954.0,63175.0,63390.0,63615.0,63787.0,63955.0,64223.0,64593.0,64950.0,65272.0,65579.0,65812.0,66008.0,66207.0,66393.0,66551.0,66742.0,66929.0,67093.0,67237.0,67352.0,67561.0,67787.0,68030.0,68339.0,68572.0,68802.0,69048.0,69300.0,69526.0,69801.0,70030.0,70274.0,70462.0,70715.0,70967.0,71226.0,71512.0,71739.0,71964.0,72149.0,72436.0,72713.0,72967
isj9fd08CHc,148.0,148.0,148.0,148.0,148.0,148.0,148.0,148.0,148.0,148.0,148.0,148.0,148.0,148.0,148.0,148.0,148.0,148.0,148.0,148.0,148.0,148.0,148.0,148.0,148.0,148.0,148.0,148.0,148.0,148.0,148.0,148.0,148.0,148.0,148.0,148.0,148.0,148.0,148.0,148.0,148.0,148.0,148.0,148.0,148.0,148.0,148.0,148.0,148.0,148.0,148.0,148.0,148.0,148.0,148.0,148.0,148.0,148.0,148.0,148.0,148.0,148.0,148.0,148.0,148.0,148.0,148.0,148.0,148.0,148.0,148.0,148.0,148.0,148.0,148.0,148.0,148.0,148.0,148.0,148.0,148.0,148.0,148.0,148.0,148.0,148.0,148.0,148.0,148.0,148.0,148.0,149.0,149.0,149.0,149.0,149.0,149.0,149.0,149.0,149.0,149.0,149.0,149.0,149.0,149.0,149.0,149.0,149.0,149.0,149.0,149.0,149.0,149.0,149.0,149.0,149.0,149.0,149.0,149.0,149.0,149.0,149.0,149.0,149.0,149.0,149.0,149.0,149.0,149.0,149.0,149.0,149.0,149.0,149.0,,,,,,,,,149.0,149.0,149.0,149.0,149.0,149.0,149.0,149.0,149.0,149.0,149.0,149.0,149.0,149.0,149.0,149.0,149.0,149.0,149.0,149.0,149.0,149.0,149.0,149.0,149.0,149.0,149.0,149.0,149.0,149.0,149.0,149.0,149.0,149.0,149.0,149.0,149.0,149.0,149.0,149.0,149.0,149.0,149.0,149.0,149.0,149.0,149.0,149.0,149.0,149.0,149.0,149.0,149.0,149.0,149.0,149.0,149.0,149.0,149.0,149.0,149.0,149.0,149.0,149.0,149.0,149.0,149.0,149.0,149.0,149.0,149.0,149.0,149.0,149.0,149.0,149.0,149.0,149.0,149.0,149.0,149.0,149.0,149.0,149.0,149.0,149.0,149.0,149.0,149.0,149.0,149.0,149.0,149.0,149.0,149.0,149.0,149.0,149.0,149.0,149.0,149.0,149.0,149.0,149.0,149.0,149.0,149.0,149.0,149.0,149.0,149.0,149.0,149.0,149.0,149.0,149.0,149.0,149.0,149.0,149.0,149.0,,149.0,149.0,149.0,149.0,149.0,149.0,149.0,149.0,149.0,149.0,149.0,149.0,149.0,149.0,149.0,149.0,149.0,149.0,149.0,149.0,149.0,149.0,149.0,149.0,149.0,149.0,149.0,149.0,149.0,149.0,149.0,149.0,149.0,149.0,149.0,149.0,149.0,149.0,149.0,149.0,149.0,149.0,149.0,149.0,149.0,149.0,149.0,149.0,149.0,149.0,149.0,149.0,149.0,149.0,149.0,149.0,149.0,149.0,149.0,149.0,149.0,149.0,149.0,149.0,149.0,149.0,149.0,149.0,150.0,150.0,150.0,150.0,150.0,150.0,150.0,150.0,150.0,150.0,150.0,150.0,150.0,150.0,150.0,150.0,150.0,150.0,150.0,150.0,150.0,150.0,150.0,150.0,150.0,150.0,150.0,150.0,150.0,150.0,150.0,150.0,150.0,150.0,150.0,150.0,150.0,150.0,150.0,150.0,150.0,150.0,150.0,150.0,150.0,150
9tnAmnxsr48,14903.0,14915.0,14930.0,14947.0,14964.0,14978.0,14987.0,14997.0,15006.0,15020.0,15029.0,15040.0,15054.0,15063.0,15070.0,15085.0,15094.0,15105.0,15121.0,15138.0,15156.0,15178.0,15188.0,15197.0,15210.0,15223.0,15250.0,15264.0,15285.0,15305.0,15319.0,15328.0,15341.0,15353.0,15370.0,15380.0,15385.0,15401.0,15421.0,15441.0,15455.0,15470.0,15486.0,15512.0,15538.0,15569.0,15591.0,15626.0,15649.0,15674.0,15690.0,15711.0,15736.0,15751.0,15775.0,15790.0,15811.0,15827.0,15837.0,15858.0,15868.0,15882.0,15896.0,15912.0,15931.0,15945.0,15961.0,15975.0,15992.0,16016.0,16037.0,16050.0,16062.0,16081.0,16097.0,16117.0,16129.0,16141.0,16156.0,16164.0,16176.0,16183.0,16193.0,16209.0,16226.0,16253.0,16277.0,16298.0,16321.0,16339.0,16353.0,16364.0,16383.0,16392.0,16405.0,16423.0,16428.0,16437.0,16445.0,16451.0,16464.0,16486.0,16501.0,16515.0,16530.0,16550.0,16565.0,16574.0,16593.0,16600.0,16613.0,16627.0,16642.0,16657.0,16669.0,16677.0,16692.0,16697.0,16710.0,16722.0,16735.0,16742.0,16753.0,16763.0,16774.0,16781.0,16790.0,16802.0,16814.0,16818.0,16834.0,16861.0,16872.0,16884.0,,,,,,,,,16972.0,16986.0,17009.0,17026.0,17038.0,17048.0,17067.0,17090.0,17111.0,17124.0,17132.0,17136.0,17141.0,17146.0,17153.0,17160.0,17167.0,17184.0,17191.0,17202.0,17208.0,17216.0,17230.0,17243.0,17247.0,17256.0,17259.0,17264.0,17274.0,17281.0,17290.0,17294.0,17302.0,17313.0,17320.0,17327.0,17332.0,17342.0,17348.0,17359.0,17368.0,17381.0,17386.0,17394.0,17400.0,17403.0,17411.0,17421.0,17434.0,17446.0,17453.0,17467.0,17488.0,17503.0,17515.0,17524.0,17534.0,17539.0,17549.0,17560.0,17565.0,17570.0,17575.0,17583.0,17590.0,17594.0,17603.0,17614.0,17619.0,17631.0,17637.0,17641.0,17654.0,17670.0,17678.0,17693.0,17705.0,17718.0,17723.0,17729.0,17737.0,17739.0,17748.0,17754.0,17760.0,17768.0,17770.0,17779.0,17786.0,17795.0,17803.0,17809.0,17817.0,17821.0,17830.0,17836.0,17846.0,17855.0,17866.0,17873.0,17897.0,17903.0,17913.0,17919.0,17934.0,17949.0,17966.0,17980.0,17999.0,18009.0,18024.0,18036.0,18042.0,18050.0,18056.0,18070.0,18074.0,18086.0,18095.0,18103.0,18114.0,,18133.0,18137.0,18144.0,18144.0,18153.0,18160.0,18167.0,18176.0,18185.0,18193.0,18198.0,18202.0,18213.0,18216.0,18220.0,18224.0,18232.0,18241.0,18248.0,18252.0,18260.0,18272.0,18279.0,18281.0,18289.0,18293.0,18299.0,18305.0,18310.0,18316.0,18320.0,18324.0,18331.0,18335.0,18339.0,18348.0,18354.0,18357.0,18363.0,18373.0,18378.0,18384.0,18394.0,18403.0,18409.0,18414.0,18421.0,18428.0,18430.0,18436.0,18444.0,18455.0,18461.0,18473.0,18475.0,18477.0,18477.0,18482.0,18491.0,18500.0,18508.0,18513.0,18517.0,18518.0,18522.0,18531.0,18533.0,18537.0,18545.0,18552.0,18557.0,18567.0,18573.0,18576.0,18580.0,18583.0,18588.0,18593.0,18597.0,18599.0,18603.0,18606.0,18613.0,18620.0,18621.0,18629.0,18640.0,18646.0,18649.0,18651.0,18659.0,18669.0,18679.0,18683.0,18689.0,18696.0,18699.0,18704.0,18709.0,18714.0,18719.0,18723.0,18730.0,18741.0,18750.0,18754.0,18762.0,18771.0,18774.0,18781.0,18787.0,18791.0,18799.0,18807
4vjBPq4elgg,197215.0,197281.0,197354.0,197424.0,197500.0,197552.0,197624.0,197707.0,197814.0,197887.0,197944.0,198018.0,198089.0,198171.0,198262.0,198348.0,198429.0,198507.0,198603.0,198697.0,198762.0,198861.0,198979.0,199056.0,199149.0,199234.0,199301.0,199388.0,199476.0,199591.0,199689.0,199762.0,199867.0,199966.0,200053.0,200145.0,200221.0,200290.0,200372.0,200454.0,200533.0,200618.0,200694.0,200769.0,200861.0,200946.0,201031.0,201105.0,201171.0,201253.0,201328.0,201418.0,201517.0,201599.0,201709.0,201800.0,201908.0,201995.0,202060.0,202169.0,202244.0,202332.0,202414.0,202486.0,202608.0,202689.0,202760.0,202856.0,202925.0,203038.0,203114.0,203178.0,203242.0,203312.0,203364.0,203460.0,203521.0,203570.0,203661.0,203729.0,203805.0,203862.0,203958.0,204041.0,204107.0,204199.0,204255.0,204319.0,204390.0,204467.0,204531.0,204611.0,204671.0,204758.0,204827.0,204898.0,204986.0,205053.0,205116.0,205200.0,205266.0,205331.0,205395.0,205470.0,205536.0,205612.0,205683.0,205745.0,205815.0,205859.0,205926.0,205972.0,206038.0,206115.0,206180.0,206240.0,206295.0,206355.0,206426.0,206488.0,206571.0,206626.0,206699.0,206750.0,206827.0,206893.0,206987.0,207082.0,207147.0,207211.0,207284.0,207363.0,207424.0,207488.0,,,,,,,,,207982.0,208038.0,208097.0,208136.0,208189.0,208239.0,208295.0,208346.0,208410.0,208459.0,208524.0,208571.0,208625.0,208674.0,208733.0,208786.0,208830.0,208876.0,208932.0,208972.0,209025.0,209067.0,209119.0,209164.0,209212.0,209253.0,209311.0,209378.0,209416.0,209464.0,209524.0,209587.0,209653.0,209701.0,209764.0,209798.0,209852.0,209902.0,209950.0,210009.0,210038.0,210092.0,210138.0,210186.0,210243.0,210288.0,210359.0,210420.0,210470.0,210499.0,210525.0,210580.0,210621.0,210676.0,210716.0,210780.0,210825.0,210889.0,210952.0,211010.0,211062.0,211106.0,211167.0,211213.0,211269.0,211367.0,211480.0,211576.0,211635.0,211699.0,211746.0,211830.0,211902.0,211980.0,212053.0,212123.0,212184.0,212246.0,212310.0,212376.0,212420.0,212478.0,212545.0,212617.0,212668.0,212741.0,212796.0,212859.0,212919.0,212988.0,213036.0,213097.0,213157.0,213219.0,213281.0,213345.0,213413.0,213498.0,213565.0,213614.0,213683.0,213765.0,213830.0,213904.0,213964.0,214004.0,214065.0,214123.0,214175.0,214229.0,214309.0,214358.0,214427.0,214485.0,214545.0,214610.0,214662.0,214741.0,214812.0,214896.0,214957.0,,215076.0,215146.0,215219.0,215287.0,215331.0,215393.0,215451.0,215547.0,215617.0,215693.0,215766.0,215820.0,215877.0,215945.0,216003.0,216091.0,216155.0,216233.0,216291.0,216339.0,216406.0,216471.0,216526.0,216572.0,216641.0,216692.0,216741.0,216813.0,216887.0,216942.0,217010.0,217062.0,217121.0,217202.0,217269.0,217370.0,217452.0,217523.0,217608.0,217662.0,217722.0,217764.0,217850.0,217896.0,217965.0,218029.0,218094.0,218165.0,218237.0,218298.0,218366.0,218411.0,218464.0,218528.0,218596.0,218685.0,218745.0,218826.0,218882.0,218961.0,219035.0,219116.0,219175.0,219241.0,219314.0,219393.0,219463.0,219519.0,219594.0,219662.0,219725.0,219795.0,219848.0,219910.0,219998.0,220065.0,220146.0,220224.0,220296.0,220375.0,220454.0,220531.0,220589.0,220653.0,220753.0,220871.0,220977.0,221064.0,221159.0,221241.0,221317.0,221385.0,221497.0,221588.0,221659.0,221752.0,221830.0,221893.0,221971.0,222039.0,222130.0,222186.0,222272.0,222337.0,222396.0,222490.0,222574.0,222650.0,222707.0,222770.0,222827.0,222901.0,222968.0,223029
KB4_1tRqOfU,719742.0,719832.0,719922.0,719977.0,720060.0,720159.0,720239.0,720329.0,720412.0,720485.0,720587.0,720666.0,720755.0,720830.0,720919.0,720990.0,721047.0,721115.0,721180.0,721240.0,721314.0,721399.0,721489.0,721562.0,721645.0,721733.0,721833.0,721912.0,721990.0,722062.0,722144.0,722232.0,722313.0,722386.0,722466.0,722560.0,722645.0,722716.0,722768.0,722841.0,722905.0,722976.0,723047.0,723110.0,723179.0,723257.0,723330.0,723419.0,723498.0,723563.0,723630.0,723711.0,723789.0,723865.0,723947.0,724023.0,724114.0,724181.0,724237.0,724305.0,724364.0,724449.0,724534.0,724622.0,724692.0,724764.0,724837.0,724904.0,724972.0,725039.0,725118.0,725176.0,725243.0,725298.0,725363.0,725439.0,725483.0,725536.0,725606.0,725682.0,725768.0,725833.0,725884.0,725946.0,726008.0,726090.0,726150.0,726215.0,726269.0,726337.0,726403.0,726483.0,726562.0,726621.0,726693.0,726747.0,726801.0,726863.0,726926.0,727001.0,727074.0,727131.0,727202.0,727269.0,727325.0,727379.0,727446.0,727502.0,727565.0,727635.0,727689.0,727745.0,727800.0,727857.0,727931.0,727983.0,728032.0,728103.0,728180.0,728248.0,728298.0,728355.0,728399.0,728477.0,728551.0,728594.0,728673.0,728742.0,728792.0,728844.0,728900.0,728953.0,729005.0,729062.0,,,,,,,,,729622.0,729678.0,729740.0,729819.0,729892.0,729959.0,730009.0,730060.0,730130.0,730201.0,730264.0,730335.0,730403.0,730482.0,730527.0,730587.0,730641.0,730684.0,730721.0,730773.0,730830.0,730882.0,730929.0,730997.0,731030.0,731094.0,731150.0,731192.0,731241.0,731288.0,731337.0,731377.0,731425.0,731485.0,731540.0,731574.0,731618.0,731673.0,731714.0,731767.0,731825.0,731900.0,731963.0,732013.0,732051.0,732106.0,732143.0,732206.0,732258.0,732322.0,732363.0,732403.0,732444.0,732488.0,732536.0,732603.0,732646.0,732695.0,732734.0,732766.0,732826.0,732868.0,732907.0,732964.0,733014.0,733057.0,733098.0,733134.0,733170.0,733211.0,733255.0,733294.0,733344.0,733390.0,733427.0,733471.0,733522.0,733571.0,733607.0,733653.0,733700.0,733747.0,733800.0,733857.0,733902.0,733945.0,733997.0,734041.0,734093.0,734144.0,734205.0,734257.0,734306.0,734355.0,734411.0,734483.0,734550.0,734606.0,734648.0,734690.0,734740.0,734773.0,734812.0,734867.0,734916.0,734961.0,734991.0,735042.0,735105.0,735149.0,735191.0,735240.0,735298.0,735331.0,735360.0,735400.0,735442.0,735477.0,735513.0,735552.0,735588.0,,735684.0,735735.0,735775.0,735807.0,735842.0,735883.0,735926.0,735954.0,735991.0,736032.0,736070.0,736109.0,736158.0,736210.0,736260.0,736318.0,736378.0,736449.0,736517.0,736576.0,736666.0,736721.0,736807.0,736896.0,736985.0,737032.0,737116.0,737180.0,737233.0,737290.0,737329.0,737382.0,737443.0,737486.0,737524.0,737577.0,737616.0,737659.0,737701.0,737767.0,737822.0,737878.0,737940.0,737989.0,738032.0,738079.0,738125.0,738161.0,738219.0,738259.0,738318.0,738359.0,738403.0,738448.0,738487.0,738547.0,738597.0,738647.0,738698.0,738731.0,738776.0,738828.0,738863.0,738907.0,738962.0,739003.0,739039.0,739079.0,739127.0,739162.0,739198.0,739255.0,739301.0,739346.0,739381.0,739426.0,739473.0,739511.0,739547.0,739585.0,739625.0,739676.0,739724.0,739774.0,739815.0,739868.0,739915.0,739956.0,740001.0,740046.0,740083.0,740135.0,740173.0,740219.0,740262.0,740318.0,740364.0,740389.0,740451.0,740498.0,740532.0,740575.0,740614.0,740644.0,740684.0,740727.0,740761.0,740801.0,740837.0,740886.0,740915.0,740949.0,740989.0,741034
kjaUIU4uy1g,97596.0,97643.0,97680.0,97729.0,97769.0,97810.0,97862.0,97910.0,97974.0,98031.0,98085.0,98131.0,98185.0,98245.0,98286.0,98343.0,98391.0,98431.0,98484.0,98561.0,98631.0,98703.0,98770.0,98821.0,98874.0,98932.0,98988.0,99033.0,99096.0,99166.0,99216.0,99248.0,99307.0,99357.0,99409.0,99471.0,99529.0,99588.0,99634.0,99687.0,99738.0,99804.0,99859.0,99941.0,99991.0,100044.0,100118.0,100198.0,100268.0,100333.0,100412.0,100459.0,100509.0,100564.0,100620.0,100664.0,100716.0,100779.0,100853.0,100893.0,100945.0,101009.0,101089.0,101161.0,101250.0,101307.0,101353.0,101409.0,101462.0,101519.0,101576.0,101637.0,101696.0,101744.0,101784.0,101849.0,101898.0,101939.0,101979.0,102021.0,102069.0,102117.0,102191.0,102243.0,102293.0,102350.0,102399.0,102450.0,102495.0,102539.0,102578.0,102623.0,102671.0,102729.0,102769.0,102827.0,102875.0,102921.0,102977.0,103035.0,103085.0,103121.0,103166.0,103206.0,103262.0,103305.0,103358.0,103416.0,103437.0,103474.0,103524.0,103574.0,103631.0,103691.0,103753.0,103781.0,103840.0,103904.0,103967.0,104024.0,104087.0,104128.0,104176.0,104228.0,104288.0,104338.0,104394.0,104456.0,104520.0,104548.0,104588.0,104632.0,104677.0,104739.0,,,,,,,,,105192.0,105225.0,105284.0,105338.0,105380.0,105458.0,105514.0,105556.0,105600.0,105670.0,105783.0,105908.0,106018.0,106118.0,106227.0,106304.0,106370.0,106445.0,106521.0,106596.0,106653.0,106697.0,106753.0,106801.0,106848.0,106897.0,106971.0,107036.0,107078.0,107127.0,107175.0,107219.0,107275.0,107327.0,107372.0,107423.0,107463.0,107532.0,107574.0,107633.0,107701.0,107742.0,107786.0,107853.0,107905.0,107960.0,108022.0,108093.0,108153.0,108195.0,108241.0,108309.0,108356.0,108423.0,108494.0,108566.0,108646.0,108715.0,108816.0,108939.0,109047.0,109108.0,109184.0,109238.0,109312.0,109397.0,109465.0,109521.0,109575.0,109633.0,109680.0,109744.0,109798.0,109888.0,109999.0,110075.0,110174.0,110248.0,110316.0,110378.0,110443.0,110504.0,110567.0,110632.0,110688.0,110733.0,110786.0,110858.0,110909.0,110974.0,111016.0,111064.0,111118.0,111154.0,111228.0,111296.0,111339.0,111397.0,111452.0,111521.0,111574.0,111636.0,111703.0,111756.0,111811.0,111857.0,111889.0,111921.0,111978.0,112016.0,112083.0,112139.0,112185.0,112225.0,112276.0,112323.0,112372.0,112429.0,112484.0,112549.0,112601.0,,112697.0,112745.0,112795.0,112850.0,112899.0,112952.0,113001.0,113061.0,113136.0,113190.0,113249.0,113298.0,113352.0,113411.0,113469.0,113546.0,113600.0,113660.0,113721.0,113765.0,113794.0,113864.0,113934.0,114002.0,114072.0,114128.0,114180.0,114231.0,114279.0,114365.0,114420.0,114483.0,114529.0,114578.0,114629.0,114689.0,114739.0,114790.0,114838.0,114869.0,114911.0,114940.0,114999.0,115049.0,115116.0,115190.0,115309.0,115394.0,115474.0,115595.0,115697.0,115789.0,115885.0,115987.0,116067.0,116130.0,116210.0,116277.0,116380.0,116463.0,116571.0,116654.0,116730.0,116858.0,116955.0,117066.0,117181.0,117276.0,117370.0,117479.0,117649.0,117853.0,118024.0,118165.0,118316.0,118432.0,118586.0,118831.0,119053.0,119265.0,119487.0,119672.0,119806.0,119918.0,120054.0,120169.0,120276.0,120402.0,120632.0,120883.0,121156.0,121510.0,121956.0,122473.0,122960.0,123316.0,123735.0,124071.0,124468.0,124831.0,125212.0,125598.0,125962.0,126256.0,126636.0,127039.0,127482.0,127902.0,128303.0,128667.0,129016.0,129393.0,129740.0,130160
Mencv7Y6d-A,376772.0,377023.0,377298.0,377572.0,377789.0,378082.0,378395.0,378638.0,378901.0,379104.0,379348.0,379581.0,379839.0,380120.0,380419.0,380706.0,381009.0,381269.0,381520.0,381826.0,382163.0,382454.0,382790.0,383047.0,383295.0,383570.0,383849.0,384152.0,384415.0,384740.0,385007.0,385271.0,385549.0,385842.0,386116.0,386426.0,386715.0,386949.0,387231.0,387467.0,387758.0,388069.0,388372.0,388676.0,388987.0,389237.0,389533.0,389820.0,390118.0,390445.0,390740.0,391028.0,391278.0,391578.0,391889.0,392262.0,392574.0,392888.0,393233.0,393505.0,393797.0,394077.0,394360.0,394676.0,395002.0,395302.0,395558.0,395832.0,396063.0,396341.0,396597.0,396871.0,397106.0,397340.0,397570.0,397883.0,398166.0,398453.0,398776.0,399052.0,399306.0,399582.0,399889.0,400203.0,400540.0,400874.0,401157.0,401437.0,401749.0,401989.0,402303.0,402582.0,402888.0,403154.0,403386.0,403693.0,403980.0,404266.0,404530.0,404761.0,404970.0,405251.0,405512.0,405786.0,406037.0,406283.0,406512.0,406750.0,406972.0,407211.0,407416.0,407676.0,407919.0,408144.0,408375.0,408612.0,408837.0,409060.0,409311.0,409575.0,409805.0,410061.0,410317.0,410591.0,410819.0,411062.0,411314.0,411534.0,411782.0,412020.0,412266.0,412498.0,412696.0,412941.0,,,,,,,,,415469.0,415702.0,415943.0,416229.0,416425.0,416676.0,416841.0,417047.0,417255.0,417437.0,417658.0,417875.0,418101.0,418357.0,418582.0,418793.0,419028.0,419239.0,419495.0,419702.0,419881.0,420074.0,420204.0,420408.0,420591.0,420804.0,421055.0,421299.0,421457.0,421677.0,421873.0,422061.0,422306.0,422550.0,422778.0,422997.0,423171.0,423366.0,423587.0,423800.0,424025.0,424307.0,424507.0,424687.0,424909.0,425187.0,425432.0,425698.0,425947.0,426170.0,426378.0,426534.0,426734.0,426956.0,427167.0,427426.0,427603.0,427797.0,427996.0,428229.0,428470.0,428695.0,428886.0,429091.0,429298.0,429534.0,429756.0,430029.0,430255.0,430443.0,430630.0,430873.0,431141.0,431395.0,431664.0,431960.0,432243.0,432502.0,432733.0,432979.0,433265.0,433499.0,433746.0,433993.0,434236.0,434449.0,434683.0,434977.0,435198.0,435457.0,435715.0,435964.0,436208.0,436396.0,436602.0,436842.0,437068.0,437278.0,437494.0,437693.0,437907.0,438109.0,438350.0,438525.0,438755.0,438972.0,439162.0,439339.0,439525.0,439752.0,439992.0,440277.0,440553.0,440796.0,441033.0,441260.0,441459.0,441691.0,441961.0,442234.0,442508.0,,443021.0,443307.0,443593.0,443875.0,444148.0,444360.0,444595.0,444860.0,445128.0,445358.0,445602.0,445818.0,446043.0,446291.0,446557.0,446824.0,447129.0,447415.0,447676.0,447941.0,448138.0,448394.0,448660.0,448932.0,449168.0,449431.0,449660.0,449919.0,450190.0,450447.0,450717.0,450958.0,451201.0,451397.0,451613.0,451858.0,452109.0,452339.0,452555.0,452759.0,452994.0,453233.0,453498.0,453745.0,453987.0,454234.0,454532.0,454793.0,455035.0,455389.0,455765.0,456141.0,456503.0,456872.0,457116.0,457412.0,457750.0,458023.0,458340.0,458661.0,458991.0,459246.0,459507.0,459905.0,460399.0,460923.0,461382.0,461853.0,462293.0,462700.0,463252.0,463967.0,464666.0,465373.0,465970.0,466549.0,467210.0,468012.0,468802.0,469639.0,470449.0,471598.0,472785.0,473536.0,474310.0,474950.0,475580.0,476202.0,476736.0,477198.0,477710.0,478229.0,478772.0,479286.0,480084.0,480879.0,481361.0,481826.0,482617.0,483174.0,483669.0,484099.0,484451.0,484804.0,485243.0,485717.0,486627.0,487342.0,488137.0,488839.0,489655.0,490367.0,491173.0,492047
us4NfXw-VhE,2266225.0,2267342.0,2268457.0,2269607.0,2270890.0,2272276.0,2273581.0,2275042.0,2276446.0,2277500.0,2278430.0,2279515.0,2280500.0,2281661.0,2282825.0,2283895.0,2284863.0,2285676.0,2286740.0,2287656.0,2288781.0,2289951.0,2291119.0,2292056.0,2292889.0,2293834.0,2294706.0,2295713.0,2296610.0,2297637.0,2298750.0,2299670.0,2300612.0,2301825.0,2302795.0,2303786.0,2305085.0,2306055.0,2306947.0,2308002.0,2309015.0,2310289.0,2311305.0,2312473.0,2313418.0,2314391.0,2315454.0,2316571.0,2317888.0,2319062.0,2320257.0,2321405.0,2322187.0,2323304.0,2324249.0,2325109.0,2325983.0,2327001.0,2327908.0,2328619.0,2329569.0,2330550.0,2331560.0,2332373.0,2333441.0,2334291.0,2334948.0,2335788.0,2336432.0,2337537.0,2338356.0,2339187.0,2339914.0,2340560.0,2341483.0,2342523.0,2343590.0,2344609.0,2345828.0,2346727.0,2347544.0,2348557.0,2349642.0,2350677.0,2351704.0,2352625.0,2353403.0,2354124.0,2355076.0,2356103.0,2357173.0,2358283.0,2359331.0,2360295.0,2361208.0,2362164.0,2363143.0,2364181.0,2365173.0,2366419.0,2367357.0,2368082.0,2368892.0,2369885.0,2370811.0,2371699.0,2372767.0,2373649.0,2374415.0,2375479.0,2376557.0,2377525.0,2378651.0,2379742.0,2380625.0,2381352.0,2382142.0,2383139.0,2383867.0,2384697.0,2385408.0,2386128.0,2386724.0,2387327.0,2388030.0,2388685.0,2389453.0,2390172.0,2390956.0,2391568.0,2392458.0,2393250.0,2393983.0,2394719.0,,,,,,,,,2402129.0,2402812.0,2403469.0,2404157.0,2404837.0,2405558.0,2406235.0,2406850.0,2407434.0,2408262.0,2408956.0,2409724.0,2410462.0,2411142.0,2411767.0,2412360.0,2413002.0,2413652.0,2414346.0,2415077.0,2415807.0,2416472.0,2416937.0,2417594.0,2418195.0,2418871.0,2419569.0,2420170.0,2420703.0,2421277.0,2421876.0,2422433.0,2423145.0,2423758.0,2424394.0,2424989.0,2425534.0,2426126.0,2426750.0,2427353.0,2427924.0,2428590.0,2429173.0,2429654.0,2430310.0,2430956.0,2431513.0,2432102.0,2432719.0,2433212.0,2433671.0,2434182.0,2434761.0,2435351.0,2435892.0,2436447.0,2436958.0,2437437.0,2438106.0,2438829.0,2439482.0,2439878.0,2440607.0,2441165.0,2441620.0,2442364.0,2443083.0,2443832.0,2444296.0,2444877.0,2445551.0,2446286.0,2447027.0,2447873.0,2448958.0,2449886.0,2450737.0,2451546.0,2452188.0,2452986.0,2453906.0,2454680.0,2455560.0,2456570.0,2457395.0,2458150.0,2459031.0,2459898.0,2460876.0,2461734.0,2462709.0,2463754.0,2464705.0,2465741.0,2466868.0,2468151.0,2469301.0,2470558.0,2471607.0,2472365.0,2473417.0,2474456.0,2475507.0,2476591.0,2477643.0,2478658.0,2479406.0,2480544.0,2481632.0,2482719.0,2483757.0,2484771.0,2485518.0,2486346.0,2487055.0,2487827.0,2488379.0,2489277.0,2490138.0,2490876.0,2491478.0,,2492936.0,2493799.0,2494586.0,2495524.0,2496344.0,2497482.0,2498426.0,2499863.0,2501269.0,2502790.0,2504077.0,2505451.0,2506742.0,2508298.0,2509651.0,2511048.0,2512270.0,2513657.0,2514978.0,2516085.0,2517501.0,2518944.0,2520282.0,2521587.0,2523178.0,2524924.0,2526421.0,2528047.0,2529655.0,2531269.0,2532898.0,2534790.0,2536734.0,2538377.0,2540279.0,2542275.0,2544659.0,2547375.0,2550011.0,2552676.0,2555368.0,2557972.0,2560467.0,2563302.0,2565495.0,2567682.0,2570746.0,2573279.0,2576071.0,2578706.0,2581142.0,2583610.0,2585982.0,2588218.0,2590238.0,2592360.0,2594708.0,2596936.0,2598997.0,2601129.0,2603221.0,2605062.0,2606774.0,2608957.0,2610908.0,2613122.0,2615238.0,2617197.0,2618777.0,2620676.0,2622352.0,2624288.0,2626044.0,2627822.0,2629850.0,2631369.0,2633164.0,2635125.0,2636962.0,2638556.0,2640433.0,2641983.0,2643336.0,2644647.0,2646038.0,2647438.0,2648838.0,2650444.0,2651730.0,2652877.0,2653996.0,2655235.0,2656474.0,2657777.0,2659032.0,2660119.0,2661027.0,2662214.0,2663376.0,2664325.0,2665395.0,2666449.0,2667282.0,2668029.0,2669282.0,2670402.0,2671600.0,2672821.0,2673852.0,2674984.0,2675742.0,2676844.0,2677917.0,2678892
-vtWo-t2Ymc,1118.0,1120.0,1121.0,1124.0,1124.0,1124.0,1124.0,1124.0,1126.0,1127.0,1128.0,1129.0,1129.0,1130.0,1130.0,1130.0,1135.0,1135.0,1136.0,1136.0,1137.0,1137.0,1141.0,1146.0,1150.0,1152.0,1152.0,1152.0,1152.0,1152.0,1152.0,1153.0,1153.0,1153.0,1154.0,1154.0,1154.0,1154.0,1154.0,1157.0,1159.0,1160.0,1161.0,1161.0,1161.0,1162.0,1163.0,1164.0,1164.0,1165.0,1166.0,1166.0,1166.0,1166.0,1169.0,1169.0,1172.0,1175.0,1175.0,1175.0,1175.0,1176.0,1176.0,1176.0,1176.0,1178.0,1178.0,1179.0,1179.0,1179.0,1179.0,1180.0,1181.0,1181.0,1182.0,1184.0,1187.0,1187.0,1188.0,1189.0,1189.0,1189.0,1189.0,1192.0,1192.0,1194.0,1194.0,1195.0,1195.0,1195.0,1195.0,1199.0,1199.0,1199.0,1199.0,1202.0,1203.0,1204.0,1205.0,1205.0,1206.0,1206.0,1207.0,1207.0,1209.0,1209.0,1211.0,1212.0,1212.0,1214.0,1215.0,1215.0,1215.0,1217.0,1216.0,1216.0,1216.0,1218.0,1218.0,1219.0,1221.0,1221.0,1221.0,1222.0,1222.0,1222.0,1222.0,1222.0,1222.0,1222.0,1222.0,1223.0,1224.0,1225.0,,,,,,,,,1230.0,1230.0,1231.0,1231.0,1232.0,1234.0,1235.0,1236.0,1236.0,1236.0,1237.0,1238.0,1240.0,1242.0,1242.0,1243.0,1244.0,1245.0,1246.0,1246.0,1248.0,1249.0,1250.0,1252.0,1252.0,1255.0,1257.0,1259.0,1259.0,1260.0,1261.0,1262.0,1265.0,1265.0,1267.0,1267.0,1268.0,1268.0,1270.0,1271.0,1271.0,1272.0,1274.0,1275.0,1276.0,1276.0,1276.0,1276.0,1276.0,1277.0,1277.0,1278.0,1278.0,1278.0,1278.0,1279.0,1279.0,1280.0,1280.0,1280.0,1281.0,1281.0,1281.0,1281.0,1282.0,1283.0,1284.0,1287.0,1288.0,1289.0,1292.0,1293.0,1293.0,1294.0,1294.0,1294.0,1296.0,1296.0,1296.0,1296.0,1296.0,1296.0,1296.0,1297.0,1297.0,1297.0,1300.0,1300.0,1300.0,1301.0,1301.0,1301.0,1301.0,1303.0,1305.0,1306.0,1308.0,1310.0,1312.0,1312.0,1314.0,1315.0,1316.0,1316.0,1318.0,1318.0,1318.0,1318.0,1319.0,1320.0,1320.0,1322.0,1324.0,1326.0,1327.0,1328.0,1328.0,1328.0,1331.0,1331.0,1332.0,,1336.0,1342.0,1344.0,1345.0,1349.0,1350.0,1352.0,1354.0,1354.0,1356.0,1357.0,1357.0,1358.0,1358.0,1358.0,1358.0,1359.0,1360.0,1361.0,1361.0,1361.0,1362.0,1362.0,1365.0,1365.0,1365.0,1366.0,1367.0,1367.0,1368.0,1370.0,1371.0,1371.0,1372.0,1372.0,1372.0,1373.0,1374.0,1374.0,1376.0,1376.0,1377.0,1379.0,1379.0,1381.0,1381.0,1381.0,1383.0,1385.0,1386.0,1387.0,1389.0,1389.0,1391.0,1392.0,1394.0,1394.0,1394.0,1394.0,1396.0,1396.0,1397.0,1397.0,1397.0,1397.0,1398.0,1398.0,1398.0,1399.0,1399.0,1403.0,1405.0,1406.0,1406.0,1409.0,1409.0,1411.0,1413.0,1415.0,1416.0,1416.0,1416.0,1416.0,1417.0,1417.0,1417.0,1417.0,1418.0,1420.0,1420.0,1421.0,1422.0,1423.0,1426.0,1426.0,1427.0,1429.0,1429.0,1429.0,1430.0,1430.0,1431.0,1432.0,1435.0,1436.0,1437.0,1439.0,1440.0,1441.0,1442.0,1444.0,1445.0,1446.0,1447
_ovjj-JpgyA,1092.0,1092.0,1092.0,1092.0,1092.0,1092.0,1092.0,1092.0,1092.0,1093.0,1093.0,1095.0,1095.0,1095.0,1095.0,1096.0,1097.0,1097.0,1097.0,1097.0,1097.0,1097.0,1097.0,1097.0,1097.0,1097.0,1098.0,1098.0,1098.0,1098.0,1098.0,1098.0,1098.0,1099.0,1099.0,1099.0,1099.0,1099.0,1099.0,1099.0,1101.0,1101.0,1101.0,1101.0,1101.0,1101.0,1102.0,1102.0,1102.0,1102.0,1102.0,1104.0,1104.0,1104.0,1104.0,1105.0,1106.0,1108.0,1108.0,1108.0,1108.0,1109.0,1109.0,1109.0,1109.0,1109.0,1109.0,1110.0,1110.0,1111.0,1111.0,1111.0,1111.0,1111.0,1111.0,1111.0,1111.0,1111.0,1111.0,1111.0,1111.0,1111.0,1111.0,1111.0,1111.0,1111.0,1111.0,1111.0,1111.0,1111.0,1112.0,1118.0,1118.0,1118.0,1118.0,1119.0,1122.0,1122.0,1122.0,1122.0,1122.0,1122.0,1123.0,1123.0,1123.0,1123.0,1123.0,1123.0,1123.0,1123.0,1123.0,1123.0,1123.0,1123.0,1125.0,1125.0,1125.0,1126.0,1126.0,1129.0,1130.0,1132.0,1133.0,1135.0,1135.0,1135.0,1135.0,1135.0,1135.0,1135.0,1135.0,1135.0,1135.0,1135.0,,,,,,,,,1138.0,1138.0,1138.0,1138.0,1138.0,1138.0,1138.0,1138.0,1138.0,1138.0,1138.0,1138.0,1138.0,1138.0,1138.0,1138.0,1139.0,1139.0,1140.0,1140.0,1142.0,1142.0,1142.0,1142.0,1142.0,1145.0,1146.0,1148.0,1150.0,1150.0,1150.0,1150.0,1151.0,1151.0,1152.0,1154.0,1154.0,1154.0,1155.0,1156.0,1156.0,1156.0,1157.0,1157.0,1157.0,1158.0,1159.0,1159.0,1159.0,1159.0,1159.0,1159.0,1160.0,1160.0,1160.0,1160.0,1160.0,1160.0,1160.0,1160.0,1160.0,1160.0,1160.0,1160.0,1162.0,1163.0,1164.0,1164.0,1164.0,1164.0,1164.0,1164.0,1164.0,1164.0,1164.0,1164.0,1164.0,1164.0,1164.0,1164.0,1164.0,1164.0,1164.0,1165.0,1165.0,1166.0,1166.0,1166.0,1166.0,1167.0,1167.0,1168.0,1168.0,1172.0,1177.0,1181.0,1191.0,1192.0,1194.0,1194.0,1197.0,1199.0,1200.0,1202.0,1205.0,1206.0,1209.0,1211.0,1213.0,1214.0,1215.0,1215.0,1216.0,1218.0,1225.0,1231.0,1232.0,1234.0,1236.0,1237.0,1238.0,,1239.0,1242.0,1244.0,1250.0,1251.0,1256.0,1258.0,1259.0,1262.0,1267.0,1269.0,1273.0,1275.0,1277.0,1279.0,1282.0,1283.0,1284.0,1287.0,1287.0,1288.0,1288.0,1291.0,1292.0,1294.0,1296.0,1298.0,1303.0,1305.0,1305.0,1309.0,1311.0,1314.0,1318.0,1320.0,1324.0,1325.0,1328.0,1328.0,1330.0,1330.0,1330.0,1332.0,1336.0,1338.0,1342.0,1345.0,1351.0,1354.0,1359.0,1366.0,1374.0,1376.0,1378.0,1378.0,1379.0,1381.0,1383.0,1383.0,1384.0,1384.0,1388.0,1391.0,1392.0,1394.0,1398.0,1403.0,1407.0,1408.0,1411.0,1413.0,1414.0,1419.0,1420.0,1421.0,1425.0,1426.0,1428.0,1431.0,1432.0,1435.0,1437.0,1441.0,1442.0,1443.0,1443.0,1446.0,1446.0,1446.0,1449.0,1449.0,1450.0,1456.0,1457.0,1458.0,1458.0,1458.0,1464.0,1467.0,1468.0,1469.0,1473.0,1474.0,1477.0,1479.0,1481.0,1489.0,1489.0,1491.0,1494.0,1501.0,1504.0,1508.0,1510
Ai4R4wDhELA,2881.0,2881.0,2881.0,2881.0,2881.0,2881.0,2881.0,2881.0,2881.0,2881.0,2881.0,2881.0,2881.0,2881.0,2883.0,2893.0,2894.0,2894.0,2894.0,2895.0,2897.0,2897.0,2898.0,2898.0,2900.0,2901.0,2901.0,2901.0,2902.0,2902.0,2902.0,2902.0,2902.0,2902.0,2902.0,2902.0,2902.0,2902.0,2902.0,2907.0,2908.0,2908.0,2909.0,2909.0,2909.0,2910.0,2910.0,2910.0,2910.0,2911.0,2911.0,2912.0,2912.0,2913.0,2913.0,2913.0,2918.0,2919.0,2919.0,2919.0,2919.0,2920.0,2923.0,2925.0,2926.0,2927.0,2927.0,2928.0,2928.0,2929.0,2929.0,2929.0,2930.0,2930.0,2931.0,2931.0,2932.0,2933.0,2933.0,2933.0,2933.0,2933.0,2933.0,2935.0,2936.0,2936.0,2936.0,2936.0,2936.0,2936.0,2936.0,2936.0,2936.0,2937.0,2937.0,2937.0,2940.0,2941.0,2941.0,2941.0,2941.0,2941.0,2941.0,2941.0,2941.0,2941.0,2941.0,2941.0,2941.0,2941.0,2941.0,2941.0,2941.0,2941.0,2941.0,2941.0,2941.0,2941.0,2941.0,2941.0,2942.0,2942.0,2942.0,2944.0,2944.0,2944.0,2944.0,2944.0,2944.0,2944.0,2944.0,2944.0,2944.0,2944.0,,,,,,,,,2948.0,2948.0,2949.0,2949.0,2949.0,2949.0,2949.0,2949.0,2949.0,2949.0,2949.0,2949.0,2949.0,2949.0,2949.0,2949.0,2949.0,2949.0,2949.0,2950.0,2952.0,2952.0,2952.0,2952.0,2952.0,2954.0,2956.0,2957.0,2957.0,2957.0,2957.0,2958.0,2958.0,2958.0,2958.0,2960.0,2961.0,2961.0,2962.0,2962.0,2962.0,2962.0,2964.0,2964.0,2966.0,2966.0,2966.0,2966.0,2966.0,2966.0,2966.0,2966.0,2966.0,2966.0,2967.0,2967.0,2967.0,2967.0,2967.0,2967.0,2967.0,2967.0,2967.0,2967.0,2967.0,2967.0,2968.0,2968.0,2969.0,2970.0,2970.0,2970.0,2970.0,2970.0,2971.0,2971.0,2971.0,2971.0,2971.0,2971.0,2971.0,2971.0,2971.0,2971.0,2971.0,2971.0,2972.0,2972.0,2972.0,2974.0,2974.0,2974.0,2974.0,2974.0,2975.0,2975.0,2975.0,2975.0,2975.0,2975.0,2975.0,2975.0,2975.0,2975.0,2975.0,2975.0,2975.0,2975.0,2976.0,2976.0,2977.0,2977.0,2980.0,2982.0,2982.0,2983.0,2983.0,2984.0,2985.0,2985.0,2985.0,,2985.0,2985.0,2985.0,2985.0,2985.0,2985.0,2985.0,2985.0,2986.0,2986.0,2987.0,2987.0,2987.0,2987.0,2987.0,2988.0,2988.0,2988.0,2988.0,2988.0,2989.0,2989.0,2989.0,2989.0,2989.0,2989.0,2989.0,2989.0,2989.0,2989.0,2989.0,2989.0,2989.0,2992.0,2994.0,2995.0,3000.0,3001.0,3003.0,3004.0,3004.0,3006.0,3009.0,3009.0,3009.0,3009.0,3009.0,3010.0,3012.0,3013.0,3013.0,3013.0,3013.0,3013.0,3014.0,3016.0,3016.0,3017.0,3019.0,3020.0,3020.0,3020.0,3020.0,3020.0,3021.0,3021.0,3021.0,3021.0,3021.0,3021.0,3022.0,3022.0,3022.0,3022.0,3022.0,3022.0,3023.0,3023.0,3023.0,3024.0,3024.0,3024.0,3024.0,3024.0,3024.0,3025.0,3025.0,3026.0,3028.0,3028.0,3028.0,3028.0,3028.0,3028.0,3029.0,3030.0,3031.0,3032.0,3035.0,3036.0,3037.0,3038.0,3038.0,3040.0,3040.0,3040.0,3042.0,3042.0,3042.0,3042.0,3042.0,3042.0,3043.0,3043
fUsHHt83DkM,511.0,511.0,511.0,511.0,511.0,511.0,511.0,511.0,511.0,511.0,511.0,511.0,511.0,511.0,511.0,511.0,511.0,511.0,511.0,511.0,511.0,511.0,511.0,511.0,511.0,511.0,511.0,511.0,511.0,511.0,511.0,511.0,511.0,511.0,511.0,511.0,511.0,511.0,511.0,511.0,511.0,511.0,511.0,511.0,511.0,511.0,511.0,511.0,511.0,511.0,511.0,511.0,511.0,511.0,511.0,511.0,511.0,511.0,511.0,511.0,511.0,511.0,511.0,511.0,511.0,511.0,511.0,511.0,511.0,511.0,511.0,511.0,511.0,511.0,511.0,511.0,511.0,511.0,511.0,511.0,511.0,511.0,511.0,511.0,511.0,511.0,511.0,511.0,511.0,511.0,511.0,511.0,511.0,511.0,511.0,511.0,511.0,511.0,511.0,511.0,511.0,511.0,511.0,511.0,511.0,511.0,511.0,511.0,511.0,511.0,511.0,511.0,511.0,511.0,511.0,511.0,511.0,511.0,511.0,511.0,511.0,511.0,511.0,511.0,511.0,511.0,511.0,511.0,511.0,511.0,511.0,511.0,511.0,511.0,,,,,,,,,511.0,511.0,511.0,511.0,511.0,511.0,511.0,511.0,511.0,511.0,511.0,511.0,511.0,512.0,512.0,512.0,512.0,512.0,512.0,512.0,512.0,512.0,512.0,512.0,512.0,512.0,512.0,512.0,512.0,512.0,512.0,512.0,512.0,512.0,512.0,512.0,512.0,512.0,512.0,512.0,512.0,512.0,512.0,512.0,512.0,512.0,512.0,512.0,512.0,512.0,512.0,512.0,512.0,512.0,512.0,512.0,512.0,512.0,512.0,512.0,512.0,512.0,512.0,512.0,512.0,512.0,512.0,512.0,512.0,512.0,512.0,512.0,512.0,512.0,512.0,512.0,512.0,512.0,512.0,512.0,512.0,512.0,512.0,512.0,512.0,512.0,512.0,512.0,512.0,512.0,512.0,512.0,512.0,512.0,512.0,512.0,512.0,512.0,512.0,512.0,512.0,512.0,512.0,512.0,512.0,512.0,512.0,512.0,512.0,513.0,513.0,513.0,513.0,513.0,513.0,513.0,513.0,513.0,513.0,513.0,513.0,,513.0,513.0,513.0,513.0,514.0,514.0,514.0,514.0,514.0,514.0,514.0,514.0,514.0,514.0,514.0,514.0,514.0,514.0,514.0,514.0,514.0,514.0,514.0,514.0,514.0,514.0,514.0,514.0,514.0,514.0,514.0,514.0,514.0,514.0,514.0,514.0,514.0,514.0,514.0,514.0,514.0,514.0,514.0,514.0,514.0,514.0,514.0,514.0,514.0,514.0,514.0,514.0,514.0,514.0,514.0,514.0,514.0,514.0,514.0,514.0,514.0,514.0,514.0,514.0,514.0,514.0,514.0,514.0,514.0,514.0,514.0,514.0,514.0,514.0,514.0,514.0,514.0,514.0,514.0,514.0,514.0,514.0,514.0,514.0,514.0,514.0,514.0,514.0,514.0,514.0,514.0,514.0,514.0,514.0,514.0,514.0,514.0,514.0,514.0,514.0,514.0,514.0,514.0,514.0,515.0,515.0,515.0,515.0,515.0,515.0,515.0,515.0,515.0,515
9zq9EBwwee0,1120854.0,1122306.0,1123781.0,1125304.0,1126966.0,1128748.0,1130284.0,1131851.0,1133384.0,1134934.0,1136538.0,1138043.0,1139597.0,1141216.0,1142754.0,1144211.0,1145652.0,1147112.0,1148484.0,1149750.0,1151042.0,1152474.0,1153809.0,1155115.0,1156330.0,1157599.0,1158864.0,1160162.0,1161502.0,1162576.0,1163872.0,1165057.0,1166330.0,1167638.0,1168902.0,1170118.0,1171458.0,1172714.0,1174078.0,1175435.0,1176774.0,1178069.0,1179245.0,1180494.0,1181800.0,1183059.0,1184226.0,1185496.0,1186771.0,1188112.0,1189351.0,1190587.0,1191849.0,1193048.0,1194409.0,1195664.0,1196936.0,1198168.0,1199362.0,1200472.0,1201629.0,1202735.0,1203850.0,1205026.0,1206084.0,1207142.0,1208338.0,1209514.0,1210611.0,1212037.0,1213212.0,1214344.0,1215517.0,1216476.0,1217662.0,1218739.0,1219869.0,1220913.0,1222080.0,1223014.0,1224015.0,1225009.0,1225907.0,1226893.0,1227824.0,1228708.0,1229590.0,1230425.0,1231290.0,1232225.0,1233236.0,1234148.0,1235051.0,1236011.0,1236949.0,1237788.0,1238655.0,1239550.0,1240403.0,1241270.0,1242137.0,1243023.0,1243856.0,1244849.0,1245734.0,1246530.0,1247404.0,1248222.0,1249115.0,1249921.0,1250800.0,1251567.0,1252397.0,1253146.0,1253962.0,1254824.0,1255577.0,1256373.0,1257101.0,1257867.0,1258653.0,1259435.0,1260217.0,1260940.0,1261779.0,1262563.0,1263394.0,1264267.0,1265096.0,1266005.0,1266892.0,1267796.0,1268723.0,1269570.0,,,,,,,,,1277325.0,1278161.0,1279038.0,1279980.0,1280802.0,1281642.0,1282466.0,1283250.0,1284117.0,1284985.0,1285788.0,1286520.0,1287379.0,1288207.0,1289087.0,1289902.0,1290698.0,1291488.0,1292365.0,1293169.0,1293952.0,1294764.0,1295735.0,1296679.0,1297618.0,1298632.0,1299789.0,1300807.0,1301930.0,1303095.0,1304221.0,1305320.0,1306419.0,1307433.0,1308683.0,1309834.0,1310935.0,1311967.0,1313057.0,1314032.0,1315164.0,1316048.0,1317199.0,1318179.0,1319122.0,1320063.0,1321087.0,1322167.0,1323200.0,1324210.0,1325282.0,1326265.0,1327284.0,1328172.0,1329087.0,1330035.0,1331001.0,1331931.0,1332815.0,1333783.0,1334731.0,1335547.0,1336368.0,1337268.0,1338241.0,1339186.0,1340197.0,1341201.0,1342044.0,1342952.0,1343915.0,1344941.0,1345867.0,1346819.0,1347813.0,1348773.0,1349813.0,1350791.0,1351779.0,1352689.0,1353573.0,1354486.0,1355594.0,1356659.0,1357663.0,1358643.0,1359579.0,1360672.0,1361712.0,1362757.0,1363755.0,1364811.0,1365701.0,1366803.0,1367742.0,1368686.0,1369699.0,1370744.0,1371772.0,1372791.0,1373816.0,1374758.0,1375766.0,1376769.0,1377818.0,1378766.0,1379791.0,1380790.0,1381878.0,1382882.0,1383818.0,1384787.0,1385753.0,1386717.0,1387615.0,1388516.0,1389422.0,1390379.0,1391299.0,1392220.0,1393108.0,,1395039.0,1396063.0,1396961.0,1397853.0,1398781.0,1399777.0,1400709.0,1401604.0,1402489.0,1403411.0,1404392.0,1405364.0,1406271.0,1407142.0,1408000.0,1408977.0,1409977.0,1410897.0,1411989.0,1412930.0,1413860.0,1414766.0,1415833.0,1416821.0,1417798.0,1418720.0,1419664.0,1420637.0,1421558.0,1422389.0,1423260.0,1424222.0,1425219.0,1426036.0,1427058.0,1428020.0,1428990.0,1429948.0,1430847.0,1431742.0,1432673.0,1433556.0,1434380.0,1435396.0,1436215.0,1437060.0,1437958.0,1438727.0,1439672.0,1440576.0,1441452.0,1442428.0,1443302.0,1444246.0,1445090.0,1445953.0,1446830.0,1447692.0,1448582.0,1449480.0,1450409.0,1451315.0,1452201.0,1453070.0,1454061.0,1454800.0,1455752.0,1456662.0,1457568.0,1458365.0,1459492.0,1460452.0,1461369.0,1462266.0,1463289.0,1464233.0,1465305.0,1466324.0,1467259.0,1468239.0,1469283.0,1470198.0,1471403.0,1472381.0,1473449.0,1474498.0,1475583.0,1476610.0,1477720.0,1478861.0,1479897.0,1481012.0,1482059.0,1483036.0,1484050.0,1485059.0,1485981.0,1486974.0,1487973.0,1489078.0,1490059.0,1491078.0,1492011.0,1492979.0,1493928.0,1494956.0,1496006.0,1496946.0,1497719.0,1498774.0,1499700.0,1500746.0,1501704.0,1502631
uWGEi9kc-Y8,223467.0,223497.0,223518.0,223549.0,223576.0,223593.0,223612.0,223629.0,223642.0,223660.0,223694.0,223712.0,223736.0,223757.0,223791.0,223806.0,223823.0,223846.0,223868.0,223895.0,223919.0,223935.0,223965.0,223988.0,224010.0,224028.0,224058.0,224084.0,224108.0,224124.0,224137.0,224152.0,224169.0,224187.0,224202.0,224214.0,224237.0,224267.0,224296.0,224312.0,224336.0,224363.0,224390.0,224409.0,224429.0,224447.0,224463.0,224494.0,224510.0,224542.0,224559.0,224586.0,224600.0,224629.0,224651.0,224692.0,224717.0,224745.0,224762.0,224786.0,224813.0,224837.0,224863.0,224877.0,224892.0,224905.0,224936.0,224954.0,224979.0,225001.0,225014.0,225040.0,225057.0,225072.0,225091.0,225103.0,225119.0,225131.0,225153.0,225169.0,225194.0,225210.0,225227.0,225251.0,225273.0,225294.0,225315.0,225328.0,225345.0,225364.0,225384.0,225405.0,225432.0,225443.0,225464.0,225487.0,225505.0,225523.0,225533.0,225551.0,225576.0,225592.0,225612.0,225629.0,225641.0,225666.0,225688.0,225721.0,225738.0,225771.0,225804.0,225828.0,225846.0,225868.0,225890.0,225933.0,225958.0,225980.0,226005.0,226035.0,226051.0,226069.0,226089.0,226125.0,226132.0,226154.0,226172.0,226192.0,226212.0,226242.0,226260.0,226272.0,226289.0,226315.0,,,,,,,,,226458.0,226472.0,226488.0,226505.0,226517.0,226525.0,226540.0,226562.0,226585.0,226601.0,226611.0,226626.0,226642.0,226652.0,226668.0,226671.0,226682.0,226689.0,226699.0,226713.0,226731.0,226745.0,226756.0,226763.0,226776.0,226794.0,226808.0,226823.0,226832.0,226844.0,226865.0,226886.0,226899.0,226927.0,226936.0,226947.0,226954.0,226973.0,226998.0,227013.0,227027.0,227041.0,227053.0,227065.0,227076.0,227090.0,227103.0,227116.0,227132.0,227150.0,227161.0,227174.0,227186.0,227202.0,227208.0,227222.0,227243.0,227261.0,227281.0,227294.0,227314.0,227326.0,227340.0,227356.0,227377.0,227395.0,227415.0,227431.0,227446.0,227456.0,227480.0,227493.0,227510.0,227524.0,227535.0,227553.0,227560.0,227575.0,227586.0,227602.0,227620.0,227642.0,227660.0,227669.0,227681.0,227699.0,227712.0,227728.0,227739.0,227759.0,227780.0,227796.0,227819.0,227831.0,227857.0,227872.0,227890.0,227909.0,227920.0,227938.0,227953.0,227968.0,227977.0,227989.0,228003.0,228017.0,228023.0,228032.0,228047.0,228062.0,228077.0,228089.0,228100.0,228119.0,228130.0,228140.0,228149.0,228166.0,228179.0,228189.0,228208.0,,228254.0,228305.0,228341.0,228365.0,228378.0,228394.0,228412.0,228427.0,228446.0,228458.0,228480.0,228500.0,228517.0,228550.0,228578.0,228604.0,228627.0,228641.0,228665.0,228694.0,228713.0,228730.0,228748.0,228763.0,228785.0,228802.0,228826.0,228845.0,228872.0,228899.0,228919.0,228938.0,228962.0,228981.0,229014.0,229038.0,229066.0,229091.0,229113.0,229133.0,229157.0,229179.0,229203.0,229218.0,229244.0,229274.0,229295.0,229328.0,229357.0,229393.0,229420.0,229460.0,229494.0,229545.0,229591.0,229637.0,229655.0,229686.0,229713.0,229755.0,229803.0,229848.0,229891.0,229920.0,229952.0,229977.0,230000.0,230039.0,230064.0,230102.0,230155.0,230182.0,230214.0,230248.0,230289.0,230335.0,230373.0,230405.0,230424.0,230454.0,230496.0,230522.0,230552.0,230589.0,230611.0,230635.0,230658.0,230684.0,230713.0,230729.0,230761.0,230776.0,230795.0,230830.0,230863.0,230880.0,230927.0,230978.0,231003.0,231038.0,231060.0,231075.0,231105.0,231123.0,231154.0,231187.0,231204.0,231226.0,231249.0,231274.0,231289.0,231310.0,231321.0,231342
JZMu6g39I9g,15853.0,15855.0,15857.0,15860.0,15863.0,15862.0,15868.0,15869.0,15869.0,15868.0,15873.0,15872.0,15873.0,15873.0,15876.0,15877.0,15879.0,15887.0,15887.0,15888.0,15893.0,15896.0,15900.0,15902.0,15903.0,15903.0,15905.0,15908.0,15910.0,15911.0,15913.0,15913.0,15913.0,15915.0,15918.0,15921.0,15922.0,15924.0,15927.0,15927.0,15934.0,15936.0,15942.0,15945.0,15946.0,15949.0,15951.0,15952.0,15954.0,15958.0,15959.0,15960.0,15961.0,15966.0,15969.0,15972.0,15973.0,15978.0,15979.0,15982.0,15987.0,15992.0,15994.0,15996.0,15998.0,16000.0,16005.0,16009.0,16010.0,16011.0,16011.0,16015.0,16016.0,16018.0,16019.0,16025.0,16023.0,16028.0,16030.0,16032.0,16034.0,16035.0,16035.0,16039.0,16041.0,16043.0,16043.0,16045.0,16045.0,16045.0,16051.0,16051.0,16053.0,16054.0,16056.0,16057.0,16059.0,16061.0,16064.0,16066.0,16069.0,16071.0,16076.0,16077.0,16078.0,16082.0,16084.0,16090.0,16092.0,16093.0,16091.0,16092.0,16094.0,16098.0,16104.0,16106.0,16106.0,16110.0,16109.0,16114.0,16117.0,16120.0,16123.0,16126.0,16132.0,16132.0,16137.0,16139.0,16142.0,16145.0,16146.0,16148.0,16150.0,16151.0,,,,,,,,,16177.0,16178.0,16181.0,16183.0,16188.0,16193.0,16197.0,16207.0,16210.0,16212.0,16216.0,16215.0,16216.0,16216.0,16221.0,16224.0,16225.0,16227.0,16223.0,16228.0,16228.0,16231.0,16232.0,16233.0,16233.0,16234.0,16240.0,16242.0,16243.0,16244.0,16248.0,16248.0,16248.0,16249.0,16249.0,16251.0,16252.0,16253.0,16252.0,16252.0,16256.0,16257.0,16258.0,16260.0,16262.0,16265.0,16270.0,16272.0,16274.0,16274.0,16276.0,16276.0,16278.0,16279.0,16280.0,16282.0,16286.0,16289.0,16292.0,16292.0,16293.0,16295.0,16294.0,16296.0,16299.0,16302.0,16302.0,16305.0,16306.0,16309.0,16313.0,16316.0,16318.0,16316.0,16318.0,16318.0,16321.0,16323.0,16326.0,16327.0,16328.0,16329.0,16338.0,16345.0,16347.0,16347.0,16349.0,16351.0,16356.0,16362.0,16366.0,16368.0,16368.0,16369.0,16371.0,16374.0,16376.0,16380.0,16382.0,16383.0,16384.0,16387.0,16391.0,16392.0,16396.0,16402.0,16404.0,16405.0,16406.0,16408.0,16410.0,16413.0,16416.0,16417.0,16419.0,16422.0,16424.0,16424.0,16426.0,16428.0,16438.0,,16446.0,16448.0,16449.0,16450.0,16454.0,16458.0,16460.0,16461.0,16461.0,16463.0,16464.0,16466.0,16469.0,16473.0,16475.0,16475.0,16477.0,16478.0,16485.0,16488.0,16490.0,16493.0,16494.0,16494.0,16497.0,16500.0,16502.0,16504.0,16507.0,16508.0,16513.0,16515.0,16517.0,16521.0,16522.0,16523.0,16526.0,16527.0,16528.0,16530.0,16534.0,16538.0,16541.0,16542.0,16545.0,16548.0,16549.0,16550.0,16552.0,16554.0,16557.0,16557.0,16560.0,16561.0,16566.0,16568.0,16572.0,16572.0,16575.0,16576.0,16579.0,16580.0,16581.0,16583.0,16585.0,16586.0,16588.0,16591.0,16592.0,16593.0,16593.0,16594.0,16597.0,16601.0,16604.0,16605.0,16612.0,16613.0,16614.0,16616.0,16618.0,16620.0,16621.0,16622.0,16622.0,16622.0,16623.0,16630.0,16636.0,16638.0,16640.0,16642.0,16647.0,16648.0,16651.0,16652.0,16653.0,16654.0,16656.0,16658.0,16657.0,16658.0,16660.0,16661.0,16664.0,16665.0,16668.0,16671.0,16673.0,16674.0,16674.0,16675.0,16676.0,16679
2UlASdejUZk,10364804.0,10367563.0,10370741.0,10374285.0,10377374.0,10381089.0,10384457.0,10387829.0,10391118.0,10394687.0,10398277.0,10401504.0,10404710.0,10407715.0,10410739.0,10413745.0,10416845.0,10419764.0,10422530.0,10425285.0,10428071.0,10431007.0,10434078.0,10436970.0,10439769.0,10442351.0,10445156.0,10447874.0,10450520.0,10453458.0,10456358.0,10458968.0,10461633.0,10464412.0,10467058.0,10469690.0,10472431.0,10475321.0,10477908.0,10480312.0,10482688.0,10485170.0,10487629.0,10490320.0,10492906.0,10495372.0,10497739.0,10500153.0,10502176.0,10504276.0,10506462.0,10508904.0,10511323.0,10513662.0,10516239.0,10518788.0,10521392.0,10524003.0,10526993.0,10530182.0,10532688.0,10535079.0,10537421.0,10539753.0,10542116.0,10544417.0,10546729.0,10548874.0,10550771.0,10553268.0,10555634.0,10557984.0,10560351.0,10562669.0,10565071.0,10567642.0,10569945.0,10572356.0,10574760.0,10577081.0,10579477.0,10581830.0,10584160.0,10586350.0,10588538.0,10590621.0,10592770.0,10595018.0,10597141.0,10599098.0,10601139.0,10603072.0,10605121.0,10607304.0,10609517.0,10611551.0,10613561.0,10615551.0,10617465.0,10619293.0,10621507.0,10623543.0,10625539.0,10627476.0,10629514.0,10631293.0,10633178.0,10635296.0,10637286.0,10639256.0,10641208.0,10643117.0,10644989.0,10646937.0,10649101.0,10651344.0,10653365.0,10655384.0,10657274.0,10659165.0,10661312.0,10663416.0,10665589.0,10667675.0,10669469.0,10671265.0,10673223.0,10675269.0,10677275.0,10679271.0,10681022.0,10682761.0,10684643.0,10686425.0,,,,,,,,,10702964.0,10704683.0,10706297.0,10707951.0,10709773.0,10711419.0,10713049.0,10714876.0,10716912.0,10718656.0,10720219.0,10721896.0,10723614.0,10725380.0,10727156.0,10729057.0,10730838.0,10732641.0,10734553.0,10736362.0,10737954.0,10739778.0,10741525.0,10743137.0,10744895.0,10746708.0,10748460.0,10750187.0,10751964.0,10753873.0,10755669.0,10757493.0,10759190.0,10760859.0,10762626.0,10764464.0,10766414.0,10768214.0,10770184.0,10772004.0,10773757.0,10775457.0,10777476.0,10779474.0,10781237.0,10782966.0,10784730.0,10786509.0,10788394.0,10790450.0,10792362.0,10794099.0,10795983.0,10797839.0,10799678.0,10801465.0,10803361.0,10805273.0,10807329.0,10809292.0,10811195.0,10812932.0,10814670.0,10816487.0,10818355.0,10820271.0,10822184.0,10824245.0,10826172.0,10827980.0,10829994.0,10831862.0,10833810.0,10835736.0,10837661.0,10839649.0,10841652.0,10843742.0,10845870.0,10847822.0,10849693.0,10851321.0,10853174.0,10855025.0,10856867.0,10858670.0,10860375.0,10862052.0,10863726.0,10865498.0,10867220.0,10868982.0,10870780.0,10872470.0,10874102.0,10875769.0,10877370.0,10878996.0,10880730.0,10882460.0,10884250.0,10885898.0,10887479.0,10889078.0,10890721.0,10892383.0,10894028.0,10895531.0,10896970.0,10898645.0,10900192.0,10901724.0,10903356.0,10905066.0,10906735.0,10908351.0,10909940.0,10911335.0,10912738.0,10914172.0,10915719.0,,10918468.0,10919902.0,10921396.0,10922894.0,10924754.0,10926461.0,10928041.0,10929522.0,10931027.0,10932499.0,10933936.0,10935424.0,10936954.0,10938243.0,10939535.0,10940972.0,10942455.0,10944069.0,10945819.0,10947604.0,10949237.0,10950840.0,10952444.0,10953939.0,10955470.0,10957022.0,10958626.0,10960113.0,10961600.0,10963064.0,10964508.0,10965916.0,10967460.0,10968962.0,10970404.0,10971917.0,10973411.0,10974909.0,10976415.0,10977945.0,10979488.0,10980962.0,10982500.0,10984026.0,10985541.0,10986995.0,10988560.0,10990131.0,10991632.0,10993160.0,10994540.0,10995932.0,10997207.0,10998677.0,11000200.0,11001646.0,11003029.0,11004300.0,11005676.0,11007059.0,11008392.0,11009742.0,11011052.0,11012335.0,11013693.0,11014983.0,11016439.0,11017928.0,11019238.0,11020482.0,11021791.0,11023083.0,11024380.0,11025611.0,11026851.0,11028142.0,11029404.0,11030609.0,11031773.0,11033027.0,11034216.0,11035500.0,11036620.0,11037777.0,11038986.0,11040132.0,11041328.0,11042472.0,11043638.0,11044955.0,11046208.0,11047393.0,11048819.0,11050246.0,11051560.0,11052845.0,11054156.0,11055409.0,11056562.0,11057888.0,11059113.0,11060369.0,11061700.0,11063009.0,11064308.0,11065610.0,11067220.0,11068615.0,11069904.0,11071311.0,11072555.0,11073783.0,11075117.0,11076398
xcNJb-ToIU4,208021.0,208044.0,208063.0,208092.0,208115.0,208146.0,208188.0,208218.0,208258.0,208289.0,208332.0,208366.0,208399.0,208435.0,208461.0,208490.0,208515.0,208555.0,208587.0,208616.0,208645.0,208673.0,208705.0,208738.0,208770.0,208809.0,208831.0,208867.0,208889.0,208927.0,208954.0,208995.0,209030.0,209074.0,209110.0,209140.0,209154.0,209195.0,209241.0,209274.0,209302.0,209334.0,209369.0,209398.0,209441.0,209473.0,209512.0,209542.0,209579.0,209598.0,209627.0,209664.0,209702.0,209742.0,209779.0,209817.0,209854.0,209897.0,209930.0,209962.0,210008.0,210035.0,210069.0,210104.0,210130.0,210177.0,210224.0,210261.0,210292.0,210328.0,210364.0,210399.0,210433.0,210470.0,210511.0,210539.0,210564.0,210592.0,210604.0,210650.0,210694.0,210729.0,210757.0,210786.0,210805.0,210842.0,210864.0,210886.0,210917.0,210957.0,210992.0,211024.0,211061.0,211081.0,211115.0,211153.0,211172.0,211197.0,211239.0,211281.0,211303.0,211328.0,211353.0,211375.0,211406.0,211429.0,211463.0,211494.0,211511.0,211533.0,211551.0,211576.0,211602.0,211631.0,211656.0,211678.0,211702.0,211721.0,211747.0,211766.0,211788.0,211806.0,211826.0,211847.0,211866.0,211883.0,211901.0,211919.0,211941.0,211954.0,211977.0,211997.0,212030.0,212054.0,,,,,,,,,212208.0,212223.0,212254.0,212270.0,212290.0,212310.0,212333.0,212347.0,212376.0,212402.0,212423.0,212452.0,212480.0,212500.0,212526.0,212548.0,212563.0,212581.0,212604.0,212622.0,212645.0,212660.0,212684.0,212713.0,212731.0,212747.0,212762.0,212776.0,212799.0,212815.0,212835.0,212873.0,212919.0,212938.0,212951.0,212966.0,212988.0,213003.0,213022.0,213039.0,213062.0,213095.0,213109.0,213124.0,213138.0,213153.0,213180.0,213202.0,213217.0,213242.0,213261.0,213284.0,213296.0,213310.0,213340.0,213358.0,213378.0,213395.0,213414.0,213432.0,213455.0,213464.0,213475.0,213496.0,213545.0,213564.0,213600.0,213622.0,213632.0,213647.0,213660.0,213675.0,213686.0,213709.0,213729.0,213752.0,213769.0,213789.0,213806.0,213820.0,213831.0,213850.0,213871.0,213889.0,213908.0,213926.0,213958.0,213978.0,214000.0,214018.0,214036.0,214051.0,214064.0,214077.0,214090.0,214113.0,214134.0,214142.0,214163.0,214178.0,214195.0,214216.0,214222.0,214241.0,214255.0,214272.0,214292.0,214313.0,214330.0,214342.0,214367.0,214384.0,214404.0,214423.0,214435.0,214454.0,214468.0,214475.0,214494.0,214514.0,214532.0,,214569.0,214589.0,214606.0,214635.0,214653.0,214669.0,214683.0,214707.0,214725.0,214744.0,214765.0,214787.0,214808.0,214828.0,214842.0,214865.0,214878.0,214898.0,214924.0,214940.0,214954.0,214971.0,214994.0,215012.0,215039.0,215055.0,215069.0,215083.0,215106.0,215123.0,215137.0,215157.0,215180.0,215199.0,215213.0,215232.0,215249.0,215267.0,215287.0,215299.0,215309.0,215321.0,215339.0,215364.0,215385.0,215407.0,215417.0,215443.0,215453.0,215467.0,215488.0,215512.0,215539.0,215559.0,215578.0,215591.0,215609.0,215633.0,215653.0,215668.0,215690.0,215705.0,215736.0,215752.0,215773.0,215789.0,215812.0,215829.0,215844.0,215870.0,215895.0,215906.0,215929.0,215953.0,215975.0,216015.0,216053.0,216086.0,216115.0,216140.0,216165.0,216200.0,216230.0,216251.0,216293.0,216323.0,216352.0,216366.0,216387.0,216427.0,216449.0,216459.0,216475.0,216490.0,216515.0,216544.0,216573.0,216590.0,216618.0,216648.0,216677.0,216691.0,216706.0,216733.0,216759.0,216783.0,216811.0,216843.0,216875.0,216900.0,216929.0,216946.0,216981.0,217000
4MIdvq1O8Q8,1217.0,1217.0,1217.0,1218.0,1221.0,1223.0,1223.0,1223.0,1225.0,1229.0,1229.0,1230.0,1231.0,1231.0,1232.0,1232.0,1232.0,1235.0,1236.0,1237.0,1241.0,1242.0,1243.0,1243.0,1245.0,1245.0,1245.0,1248.0,1249.0,1249.0,1249.0,1249.0,1249.0,1249.0,1251.0,1254.0,1254.0,1256.0,1258.0,1265.0,1276.0,1284.0,1286.0,1286.0,1287.0,1291.0,1291.0,1292.0,1292.0,1294.0,1296.0,1297.0,1299.0,1299.0,1301.0,1306.0,1308.0,1310.0,1310.0,1310.0,1310.0,1310.0,1311.0,1312.0,1313.0,1314.0,1314.0,1318.0,1320.0,1324.0,1325.0,1326.0,1327.0,1330.0,1330.0,1332.0,1334.0,1336.0,1338.0,1338.0,1340.0,1340.0,1341.0,1342.0,1343.0,1344.0,1344.0,1346.0,1347.0,1348.0,1349.0,1349.0,1349.0,1349.0,1350.0,1352.0,1353.0,1353.0,1354.0,1356.0,1356.0,1357.0,1357.0,1357.0,1357.0,1357.0,1357.0,1357.0,1358.0,1358.0,1358.0,1358.0,1359.0,1360.0,1360.0,1360.0,1360.0,1360.0,1361.0,1362.0,1362.0,1365.0,1366.0,1367.0,1367.0,1367.0,1368.0,1368.0,1370.0,1370.0,1371.0,1372.0,1373.0,1374.0,,,,,,,,,1384.0,1384.0,1385.0,1386.0,1386.0,1387.0,1387.0,1387.0,1387.0,1387.0,1387.0,1388.0,1389.0,1389.0,1393.0,1396.0,1398.0,1398.0,1398.0,1401.0,1402.0,1403.0,1404.0,1404.0,1405.0,1405.0,1407.0,1409.0,1410.0,1410.0,1410.0,1410.0,1410.0,1410.0,1410.0,1414.0,1415.0,1416.0,1416.0,1418.0,1419.0,1423.0,1424.0,1427.0,1427.0,1428.0,1430.0,1430.0,1431.0,1432.0,1433.0,1434.0,1434.0,1436.0,1436.0,1438.0,1439.0,1440.0,1441.0,1441.0,1442.0,1443.0,1443.0,1443.0,1444.0,1446.0,1449.0,1450.0,1450.0,1450.0,1454.0,1456.0,1456.0,1451.0,1451.0,1451.0,1451.0,1456.0,1457.0,1459.0,1459.0,1459.0,1459.0,1459.0,1459.0,1460.0,1460.0,1461.0,1462.0,1463.0,1463.0,1464.0,1464.0,1464.0,1464.0,1464.0,1465.0,1465.0,1466.0,1466.0,1467.0,1467.0,1467.0,1467.0,1468.0,1468.0,1469.0,1469.0,1469.0,1469.0,1469.0,1469.0,1471.0,1474.0,1475.0,1477.0,1478.0,1481.0,1482.0,1485.0,1485.0,,1489.0,1491.0,1494.0,1498.0,1499.0,1501.0,1501.0,1501.0,1501.0,1502.0,1502.0,1503.0,1505.0,1507.0,1508.0,1509.0,1509.0,1511.0,1511.0,1518.0,1522.0,1526.0,1530.0,1531.0,1533.0,1533.0,1535.0,1536.0,1539.0,1540.0,1545.0,1545.0,1545.0,1550.0,1551.0,1551.0,1551.0,1554.0,1555.0,1555.0,1556.0,1557.0,1557.0,1557.0,1557.0,1557.0,1558.0,1559.0,1561.0,1562.0,1562.0,1564.0,1565.0,1565.0,1565.0,1565.0,1565.0,1565.0,1565.0,1566.0,1567.0,1567.0,1568.0,1568.0,1569.0,1570.0,1570.0,1571.0,1571.0,1571.0,1571.0,1571.0,1571.0,1572.0,1572.0,1572.0,1573.0,1574.0,1575.0,1575.0,1578.0,1578.0,1578.0,1579.0,1582.0,1582.0,1584.0,1584.0,1584.0,1584.0,1584.0,1584.0,1584.0,1584.0,1584.0,1585.0,1588.0,1589.0,1590.0,1590.0,1592.0,1593.0,1594.0,1594.0,1594.0,1595.0,1595.0,1596.0,1597.0,1597.0,1597.0,1597.0,1598.0,1599
2ivBlFo6rr4,1679.0,1679.0,1679.0,1682.0,1683.0,1683.0,1683.0,1685.0,1687.0,1688.0,1690.0,1690.0,1690.0,1690.0,1690.0,1690.0,1691.0,1691.0,1693.0,1693.0,1693.0,1695.0,1696.0,1697.0,1701.0,1701.0,1702.0,1702.0,1703.0,1705.0,1706.0,1707.0,1707.0,1707.0,1707.0,1707.0,1707.0,1708.0,1713.0,1714.0,1718.0,1722.0,1722.0,1724.0,1724.0,1724.0,1724.0,1724.0,1724.0,1725.0,1726.0,1727.0,1728.0,1728.0,1729.0,1732.0,1733.0,1733.0,1733.0,1733.0,1734.0,1735.0,1736.0,1736.0,1737.0,1737.0,1737.0,1739.0,1739.0,1739.0,1739.0,1740.0,1741.0,1741.0,1741.0,1741.0,1741.0,1741.0,1741.0,1741.0,1741.0,1743.0,1743.0,1743.0,1744.0,1744.0,1744.0,1744.0,1744.0,1746.0,1746.0,1746.0,1746.0,1746.0,1747.0,1747.0,1748.0,1748.0,1748.0,1749.0,1749.0,1749.0,1749.0,1750.0,1752.0,1754.0,1754.0,1754.0,1754.0,1754.0,1754.0,1754.0,1754.0,1754.0,1754.0,1754.0,1754.0,1754.0,1755.0,1756.0,1756.0,1757.0,1757.0,1757.0,1758.0,1758.0,1759.0,1759.0,1759.0,1759.0,1759.0,1759.0,1759.0,1759.0,,,,,,,,,1763.0,1763.0,1764.0,1764.0,1764.0,1764.0,1764.0,1766.0,1767.0,1767.0,1767.0,1768.0,1768.0,1768.0,1770.0,1771.0,1774.0,1775.0,1775.0,1779.0,1779.0,1780.0,1781.0,1781.0,1781.0,1782.0,1782.0,1782.0,1782.0,1782.0,1782.0,1782.0,1782.0,1782.0,1784.0,1787.0,1791.0,1791.0,1794.0,1794.0,1794.0,1798.0,1799.0,1800.0,1801.0,1803.0,1804.0,1804.0,1804.0,1804.0,1804.0,1805.0,1805.0,1805.0,1805.0,1807.0,1808.0,1809.0,1808.0,1808.0,1809.0,1809.0,1810.0,1810.0,1810.0,1810.0,1811.0,1811.0,1811.0,1811.0,1813.0,1814.0,1814.0,1812.0,1812.0,1812.0,1812.0,1812.0,1813.0,1813.0,1813.0,1813.0,1814.0,1814.0,1814.0,1814.0,1814.0,1815.0,1815.0,1815.0,1815.0,1815.0,1815.0,1816.0,1816.0,1816.0,1817.0,1818.0,1819.0,1819.0,1819.0,1820.0,1820.0,1820.0,1820.0,1820.0,1821.0,1821.0,1821.0,1821.0,1821.0,1821.0,1821.0,1821.0,1821.0,1821.0,1821.0,1821.0,1821.0,1822.0,1822.0,,1822.0,1822.0,1822.0,1822.0,1822.0,1825.0,1825.0,1825.0,1825.0,1826.0,1826.0,1827.0,1829.0,1829.0,1831.0,1831.0,1833.0,1834.0,1834.0,1835.0,1836.0,1837.0,1837.0,1837.0,1838.0,1838.0,1839.0,1839.0,1841.0,1841.0,1842.0,1843.0,1843.0,1846.0,1846.0,1846.0,1847.0,1847.0,1848.0,1848.0,1848.0,1850.0,1850.0,1850.0,1851.0,1852.0,1853.0,1858.0,1860.0,1861.0,1861.0,1863.0,1867.0,1867.0,1869.0,1870.0,1871.0,1871.0,1871.0,1872.0,1874.0,1876.0,1877.0,1879.0,1881.0,1884.0,1885.0,1888.0,1888.0,1888.0,1890.0,1890.0,1890.0,1891.0,1891.0,1892.0,1893.0,1894.0,1895.0,1896.0,1898.0,1899.0,1900.0,1900.0,1901.0,1906.0,1907.0,1908.0,1908.0,1908.0,1909.0,1909.0,1909.0,1910.0,1910.0,1911.0,1912.0,1912.0,1912.0,1912.0,1913.0,1914.0,1914.0,1914.0,1914.0,1915.0,1915.0,1915.0,1916.0,1916.0,1916.0,1916.0,1916.0,1917
LA8vb0IE1CY,611.0,611.0,611.0,611.0,612.0,612.0,612.0,612.0,612.0,612.0,612.0,612.0,612.0,612.0,612.0,612.0,612.0,612.0,612.0,612.0,612.0,613.0,613.0,613.0,613.0,613.0,613.0,613.0,614.0,614.0,614.0,614.0,614.0,614.0,614.0,614.0,614.0,614.0,616.0,616.0,618.0,619.0,619.0,619.0,619.0,619.0,619.0,619.0,620.0,621.0,622.0,624.0,624.0,624.0,625.0,626.0,626.0,626.0,626.0,626.0,626.0,626.0,627.0,627.0,628.0,629.0,629.0,630.0,630.0,630.0,630.0,630.0,630.0,630.0,630.0,630.0,630.0,630.0,630.0,631.0,631.0,631.0,631.0,631.0,631.0,632.0,633.0,634.0,634.0,634.0,634.0,634.0,634.0,634.0,634.0,634.0,635.0,635.0,635.0,635.0,635.0,635.0,635.0,635.0,635.0,635.0,635.0,635.0,635.0,635.0,635.0,635.0,635.0,635.0,635.0,635.0,635.0,635.0,635.0,635.0,635.0,636.0,636.0,636.0,636.0,636.0,637.0,637.0,637.0,637.0,637.0,637.0,637.0,637.0,,,,,,,,,641.0,641.0,641.0,641.0,641.0,641.0,641.0,641.0,642.0,642.0,642.0,642.0,642.0,644.0,644.0,644.0,645.0,647.0,647.0,650.0,650.0,652.0,653.0,653.0,653.0,654.0,654.0,654.0,654.0,654.0,654.0,654.0,654.0,654.0,654.0,654.0,654.0,655.0,656.0,656.0,656.0,656.0,656.0,659.0,659.0,660.0,661.0,665.0,663.0,664.0,664.0,663.0,663.0,663.0,664.0,665.0,665.0,666.0,665.0,665.0,665.0,665.0,665.0,665.0,665.0,665.0,666.0,666.0,666.0,666.0,666.0,666.0,666.0,666.0,666.0,666.0,666.0,666.0,667.0,667.0,667.0,667.0,667.0,667.0,667.0,667.0,667.0,667.0,667.0,667.0,667.0,669.0,669.0,669.0,669.0,669.0,670.0,670.0,670.0,670.0,670.0,670.0,670.0,670.0,670.0,670.0,670.0,670.0,670.0,670.0,670.0,670.0,670.0,670.0,670.0,670.0,670.0,670.0,670.0,670.0,670.0,,670.0,670.0,670.0,670.0,670.0,672.0,672.0,672.0,672.0,672.0,672.0,672.0,672.0,672.0,672.0,672.0,672.0,672.0,672.0,672.0,672.0,673.0,673.0,673.0,673.0,673.0,673.0,673.0,673.0,673.0,673.0,673.0,673.0,674.0,675.0,675.0,675.0,676.0,676.0,676.0,676.0,676.0,676.0,676.0,676.0,676.0,676.0,676.0,676.0,677.0,677.0,677.0,677.0,677.0,677.0,677.0,677.0,677.0,677.0,677.0,677.0,677.0,677.0,677.0,677.0,677.0,677.0,677.0,677.0,677.0,677.0,677.0,677.0,677.0,677.0,677.0,677.0,678.0,678.0,678.0,678.0,678.0,678.0,678.0,678.0,679.0,679.0,679.0,679.0,679.0,679.0,679.0,679.0,679.0,679.0,680.0,680.0,680.0,682.0,682.0,682.0,682.0,682.0,682.0,682.0,682.0,682.0,682.0,682.0,682.0,682.0,682.0,682.0,682
58kAs4PpOIo,774.0,774.0,774.0,774.0,774.0,774.0,774.0,774.0,774.0,774.0,775.0,775.0,775.0,775.0,775.0,775.0,775.0,775.0,775.0,775.0,775.0,776.0,776.0,776.0,776.0,776.0,776.0,777.0,777.0,777.0,777.0,777.0,777.0,777.0,777.0,777.0,777.0,777.0,778.0,778.0,781.0,782.0,783.0,783.0,783.0,783.0,783.0,783.0,784.0,785.0,786.0,788.0,788.0,788.0,789.0,790.0,790.0,791.0,791.0,791.0,791.0,791.0,792.0,792.0,793.0,793.0,794.0,795.0,795.0,796.0,796.0,796.0,796.0,796.0,796.0,796.0,796.0,796.0,798.0,799.0,799.0,799.0,799.0,799.0,799.0,800.0,801.0,802.0,802.0,802.0,802.0,802.0,803.0,803.0,803.0,803.0,803.0,803.0,803.0,803.0,803.0,803.0,803.0,803.0,803.0,803.0,803.0,803.0,803.0,803.0,803.0,803.0,803.0,803.0,803.0,803.0,803.0,803.0,803.0,803.0,803.0,805.0,806.0,806.0,806.0,806.0,807.0,807.0,807.0,807.0,807.0,807.0,807.0,807.0,,,,,,,,,811.0,811.0,811.0,811.0,811.0,811.0,811.0,811.0,811.0,811.0,811.0,811.0,811.0,811.0,811.0,811.0,812.0,813.0,813.0,816.0,816.0,818.0,819.0,819.0,819.0,820.0,820.0,820.0,820.0,820.0,820.0,821.0,821.0,821.0,821.0,821.0,821.0,823.0,823.0,823.0,823.0,823.0,823.0,826.0,826.0,827.0,828.0,830.0,829.0,831.0,831.0,831.0,831.0,831.0,831.0,831.0,831.0,832.0,832.0,832.0,832.0,832.0,832.0,832.0,832.0,833.0,834.0,834.0,834.0,834.0,834.0,834.0,834.0,834.0,834.0,834.0,834.0,834.0,835.0,836.0,836.0,836.0,836.0,836.0,836.0,836.0,836.0,836.0,836.0,836.0,837.0,839.0,839.0,839.0,839.0,839.0,839.0,839.0,839.0,839.0,839.0,839.0,839.0,839.0,839.0,839.0,839.0,840.0,840.0,840.0,840.0,840.0,840.0,840.0,840.0,840.0,840.0,840.0,840.0,840.0,840.0,,840.0,840.0,840.0,841.0,842.0,846.0,846.0,846.0,846.0,847.0,847.0,847.0,847.0,847.0,847.0,847.0,847.0,847.0,847.0,847.0,847.0,849.0,849.0,849.0,849.0,849.0,849.0,849.0,849.0,849.0,849.0,849.0,849.0,850.0,851.0,851.0,851.0,852.0,852.0,852.0,852.0,852.0,853.0,853.0,854.0,854.0,855.0,855.0,855.0,855.0,855.0,855.0,855.0,855.0,855.0,855.0,855.0,855.0,855.0,855.0,855.0,855.0,855.0,855.0,855.0,855.0,855.0,855.0,855.0,855.0,855.0,855.0,855.0,855.0,855.0,855.0,855.0,856.0,856.0,856.0,856.0,856.0,856.0,857.0,857.0,857.0,857.0,857.0,857.0,857.0,857.0,857.0,857.0,857.0,857.0,857.0,857.0,857.0,858.0,858.0,858.0,858.0,858.0,858.0,858.0,858.0,858.0,858.0,858.0,858.0,858.0,858.0,858.0,858
zicHfnCTvEQ,6236.0,6236.0,6236.0,6236.0,6237.0,6238.0,6238.0,6238.0,6239.0,6240.0,6240.0,6240.0,6240.0,6240.0,6240.0,6240.0,6240.0,6240.0,6240.0,6240.0,6241.0,6244.0,6245.0,6248.0,6250.0,6251.0,6253.0,6253.0,6253.0,6253.0,6253.0,6255.0,6256.0,6256.0,6256.0,6257.0,6257.0,6258.0,6260.0,6261.0,6266.0,6269.0,6270.0,6271.0,6271.0,6271.0,6271.0,6271.0,6272.0,6273.0,6275.0,6277.0,6278.0,6278.0,6279.0,6282.0,6282.0,6284.0,6284.0,6284.0,6284.0,6284.0,6285.0,6285.0,6286.0,6286.0,6286.0,6286.0,6286.0,6286.0,6287.0,6287.0,6289.0,6291.0,6291.0,6292.0,6292.0,6292.0,6293.0,6294.0,6294.0,6294.0,6294.0,6295.0,6295.0,6296.0,6297.0,6299.0,6299.0,6300.0,6300.0,6300.0,6302.0,6302.0,6302.0,6302.0,6303.0,6303.0,6303.0,6304.0,6304.0,6304.0,6304.0,6305.0,6306.0,6306.0,6306.0,6307.0,6307.0,6307.0,6307.0,6307.0,6308.0,6308.0,6308.0,6308.0,6308.0,6308.0,6308.0,6308.0,6308.0,6310.0,6312.0,6313.0,6313.0,6313.0,6314.0,6314.0,6314.0,6314.0,6314.0,6314.0,6314.0,6314.0,,,,,,,,,6320.0,6320.0,6321.0,6321.0,6321.0,6321.0,6321.0,6321.0,6321.0,6321.0,6321.0,6322.0,6323.0,6323.0,6324.0,6325.0,6332.0,6332.0,6334.0,6336.0,6339.0,6340.0,6341.0,6342.0,6345.0,6346.0,6348.0,6349.0,6349.0,6350.0,6352.0,6353.0,6353.0,6353.0,6354.0,6357.0,6361.0,6362.0,6363.0,6363.0,6366.0,6367.0,6368.0,6369.0,6369.0,6370.0,6372.0,6377.0,6378.0,6381.0,6381.0,6378.0,6380.0,6380.0,6381.0,6382.0,6382.0,6384.0,6382.0,6383.0,6383.0,6383.0,6383.0,6383.0,6383.0,6383.0,6386.0,6386.0,6386.0,6387.0,6388.0,6389.0,6389.0,6387.0,6387.0,6387.0,6387.0,6387.0,6388.0,6388.0,6388.0,6388.0,6388.0,6388.0,6388.0,6388.0,6388.0,6388.0,6389.0,6389.0,6391.0,6393.0,6393.0,6398.0,6398.0,6398.0,6398.0,6399.0,6399.0,6399.0,6399.0,6399.0,6399.0,6399.0,6399.0,6399.0,6399.0,6399.0,6401.0,6402.0,6403.0,6404.0,6404.0,6404.0,6404.0,6405.0,6405.0,6406.0,6406.0,6408.0,6409.0,,6409.0,6409.0,6410.0,6411.0,6411.0,6411.0,6411.0,6414.0,6414.0,6415.0,6416.0,6416.0,6416.0,6416.0,6417.0,6418.0,6418.0,6418.0,6418.0,6419.0,6421.0,6423.0,6424.0,6424.0,6425.0,6425.0,6427.0,6427.0,6429.0,6429.0,6429.0,6430.0,6430.0,6431.0,6432.0,6433.0,6433.0,6434.0,6434.0,6434.0,6435.0,6435.0,6441.0,6441.0,6442.0,6442.0,6442.0,6443.0,6443.0,6443.0,6443.0,6444.0,6445.0,6445.0,6445.0,6445.0,6445.0,6445.0,6446.0,6446.0,6446.0,6446.0,6447.0,6447.0,6447.0,6447.0,6447.0,6447.0,6447.0,6447.0,6447.0,6448.0,6447.0,6447.0,6447.0,6447.0,6447.0,6448.0,6448.0,6448.0,6449.0,6450.0,6450.0,6451.0,6452.0,6453.0,6453.0,6453.0,6454.0,6454.0,6454.0,6454.0,6454.0,6454.0,6455.0,6456.0,6458.0,6458.0,6459.0,6460.0,6460.0,6460.0,6462.0,6462.0,6462.0,6463.0,6463.0,6463.0,6463.0,6463.0,6463.0,6463.0,6463.0,6464
y2X0opZDUlM,1998726.0,2000925.0,2003004.0,2004877.0,2007167.0,2009762.0,2012366.0,2014738.0,2017228.0,2019127.0,2021134.0,2023041.0,2025079.0,2027095.0,2029284.0,2031771.0,2033964.0,2035589.0,2037828.0,2040286.0,2042575.0,2045640.0,2048328.0,2050649.0,2052203.0,2054367.0,2056475.0,2058425.0,2060607.0,2062681.0,2064792.0,2066323.0,2068455.0,2070585.0,2072464.0,2074862.0,2077372.0,2079283.0,2080917.0,2082875.0,2084970.0,2086739.0,2088589.0,2090404.0,2092214.0,2093606.0,2095209.0,2096938.0,2098610.0,2100154.0,2102054.0,2103697.0,2104861.0,2106378.0,2108022.0,2109521.0,2111053.0,2112848.0,2115173.0,2117096.0,2119039.0,2120647.0,2122708.0,2124396.0,2125971.0,2127341.0,2129398.0,2131744.0,2133903.0,2136608.0,2139156.0,2141172.0,2143015.0,2144579.0,2146557.0,2148630.0,2150586.0,2152794.0,2155100.0,2156960.0,2158256.0,2160589.0,2162606.0,2164592.0,2166334.0,2168068.0,2169602.0,2170928.0,2172871.0,2174670.0,2177056.0,2178821.0,2181033.0,2182975.0,2184858.0,2187420.0,2189718.0,2192242.0,2194670.0,2197092.0,2199233.0,2201126.0,2203333.0,2206102.0,2208374.0,2210785.0,2213017.0,2214901.0,2216639.0,2218717.0,2220797.0,2223062.0,2225608.0,2228335.0,2230714.0,2232835.0,2235626.0,2238398.0,2241266.0,2243889.0,2246449.0,2248781.0,2250734.0,2252878.0,2255006.0,2257420.0,2259274.0,2261427.0,2263798.0,2265827.0,2267835.0,2270205.0,2272490.0,2274622.0,,,,,,,,,2292462.0,2293932.0,2295752.0,2297629.0,2299633.0,2303541.0,2306023.0,2308888.0,2313045.0,2318626.0,2324476.0,2330107.0,2336440.0,2342168.0,2346622.0,2350782.0,2356197.0,2361370.0,2366099.0,2370929.0,2375090.0,2378878.0,2382259.0,2386649.0,2390084.0,2393421.0,2396972.0,2400539.0,2403278.0,2405854.0,2409278.0,2413081.0,2416645.0,2419794.0,2423119.0,2425758.0,2427656.0,2430816.0,2433867.0,2436745.0,2439511.0,2443083.0,2446007.0,2448528.0,2451740.0,2454379.0,2457106.0,2459787.0,2462561.0,2464989.0,2467052.0,2469794.0,2472483.0,2474982.0,2477228.0,2479774.0,2481725.0,2483715.0,2486537.0,2489344.0,2491683.0,2493696.0,2496120.0,2498011.0,2500138.0,2502393.0,2504896.0,2507384.0,2509142.0,2511299.0,2513279.0,2514882.0,2517162.0,2519394.0,2521587.0,2524174.0,2526319.0,2528080.0,2529631.0,2532089.0,2534453.0,2536612.0,2538948.0,2541565.0,2543495.0,2545105.0,2547080.0,2549089.0,2551582.0,2553825.0,2555722.0,2557390.0,2558884.0,2560653.0,2562679.0,2564900.0,2566910.0,2568844.0,2570308.0,2571861.0,2573851.0,2576123.0,2578407.0,2580803.0,2583099.0,2584763.0,2586526.0,2588685.0,2590666.0,2592552.0,2594576.0,2596913.0,2598482.0,2599918.0,2601104.0,2602542.0,2603684.0,2605051.0,2606576.0,2607621.0,2608366.0,,2610711.0,2612006.0,2613366.0,2614686.0,2615901.0,2616810.0,2617736.0,2618945.0,2620073.0,2621628.0,2623040.0,2624265.0,2625489.0,2626556.0,2627832.0,2629041.0,2630214.0,2631446.0,2632312.0,2633161.0,2634322.0,2635554.0,2636739.0,2638123.0,2639279.0,2640269.0,2641062.0,2642111.0,2643314.0,2644366.0,2645674.0,2646784.0,2647715.0,2648402.0,2649176.0,2650097.0,2651105.0,2651921.0,2652966.0,2653851.0,2654673.0,2655718.0,2656643.0,2657710.0,2658691.0,2660104.0,2661898.0,2663614.0,2665866.0,2668614.0,2671432.0,2674121.0,2677298.0,2679803.0,2681512.0,2683581.0,2686545.0,2689578.0,2691897.0,2694457.0,2696633.0,2698424.0,2700684.0,2703395.0,2706702.0,2709688.0,2712277.0,2714883.0,2717166.0,2719963.0,2722225.0,2724955.0,2727579.0,2730191.0,2732762.0,2734984.0,2738056.0,2741476.0,2744520.0,2747703.0,2750909.0,2753339.0,2755145.0,2757371.0,2759556.0,2761936.0,2764473.0,2767111.0,2769269.0,2771173.0,2772910.0,2774968.0,2777189.0,2779429.0,2781680.0,2783424.0,2785020.0,2787174.0,2789798.0,2792235.0,2794843.0,2797649.0,2800114.0,2802378.0,2805165.0,2807939.0,2811169.0,2815006.0,2818410.0,2821171.0,2823515.0,2826622.0,2829929.0,2833124
pAtj1AzCuzs,487496.0,487615.0,487776.0,487927.0,488100.0,488258.0,488434.0,488610.0,488785.0,488934.0,489062.0,489195.0,489356.0,489537.0,489699.0,489838.0,489972.0,490093.0,490221.0,490357.0,490487.0,490620.0,490750.0,490913.0,491048.0,491176.0,491322.0,491469.0,491615.0,491769.0,491885.0,492001.0,492154.0,492288.0,492449.0,492608.0,492767.0,492898.0,493047.0,493193.0,493325.0,493543.0,493750.0,493906.0,494067.0,494234.0,494381.0,494547.0,494703.0,494870.0,495050.0,495181.0,495373.0,495548.0,495698.0,495873.0,496104.0,496237.0,496378.0,496501.0,496649.0,496840.0,496995.0,497147.0,497301.0,497426.0,497571.0,497746.0,497887.0,498088.0,498287.0,498454.0,498578.0,498744.0,498870.0,499010.0,499164.0,499325.0,499481.0,499629.0,499781.0,499885.0,500020.0,500180.0,500337.0,500493.0,500616.0,500766.0,500902.0,501048.0,501182.0,501324.0,501462.0,501560.0,501677.0,501817.0,501963.0,502120.0,502274.0,502443.0,502581.0,502706.0,502838.0,502970.0,503119.0,503244.0,503368.0,503509.0,503632.0,503765.0,503912.0,504094.0,504260.0,504408.0,504542.0,504673.0,504805.0,504945.0,505086.0,505307.0,505477.0,505608.0,505750.0,505874.0,506012.0,506139.0,506284.0,506425.0,506558.0,506694.0,506810.0,506951.0,507111.0,507286.0,,,,,,,,,508683.0,508841.0,508980.0,509151.0,509285.0,509427.0,509541.0,509655.0,509763.0,509889.0,510017.0,510142.0,510293.0,510429.0,510547.0,510674.0,510789.0,510927.0,511054.0,511196.0,511330.0,511431.0,511521.0,511630.0,511745.0,511867.0,511990.0,512092.0,512194.0,512288.0,512398.0,512530.0,512686.0,512825.0,512955.0,513064.0,513168.0,513281.0,513419.0,513553.0,513709.0,513806.0,513947.0,514049.0,514160.0,514289.0,514398.0,514515.0,514641.0,514726.0,514816.0,514907.0,515026.0,515153.0,515257.0,515365.0,515438.0,515539.0,515632.0,515763.0,515889.0,516010.0,516097.0,516205.0,516298.0,516401.0,516523.0,516657.0,516745.0,516838.0,516938.0,517031.0,517125.0,517245.0,517339.0,517467.0,517611.0,517715.0,517817.0,517948.0,518084.0,518234.0,518370.0,518499.0,518606.0,518707.0,518823.0,518948.0,519070.0,519198.0,519360.0,519450.0,519538.0,519666.0,519787.0,519939.0,520082.0,520223.0,520367.0,520453.0,520578.0,520683.0,520837.0,520943.0,521089.0,521185.0,521324.0,521441.0,521601.0,521779.0,521903.0,522036.0,522163.0,522268.0,522354.0,522463.0,522581.0,522708.0,522848.0,522984.0,523099.0,,523369.0,523543.0,523703.0,523822.0,523967.0,524088.0,524200.0,524323.0,524472.0,524574.0,524732.0,524890.0,525005.0,525147.0,525301.0,525482.0,525659.0,525795.0,525959.0,526096.0,526240.0,526400.0,526563.0,526719.0,526860.0,526975.0,527107.0,527220.0,527376.0,527523.0,527727.0,527858.0,528029.0,528162.0,528304.0,528473.0,528641.0,528837.0,528981.0,529133.0,529266.0,529438.0,529582.0,529768.0,529897.0,530056.0,530190.0,530356.0,530491.0,530638.0,530788.0,530908.0,531026.0,531168.0,531343.0,531507.0,531676.0,531859.0,532014.0,532132.0,532280.0,532430.0,532552.0,532705.0,532878.0,533057.0,533213.0,533316.0,533441.0,533564.0,533703.0,533854.0,533998.0,534147.0,534270.0,534391.0,534542.0,534686.0,534852.0,534983.0,535171.0,535320.0,535429.0,535578.0,535743.0,535921.0,536066.0,536252.0,536429.0,536544.0,536721.0,536874.0,537078.0,537261.0,537462.0,537624.0,537772.0,537900.0,538071.0,538219.0,538406.0,538541.0,538663.0,538780.0,538918.0,539082.0,539244.0,539418.0,539600.0,539740.0,539846.0,539976.0,540165.0,540357
GWp8KMYZzY0,729897.0,730026.0,730184.0,730325.0,730472.0,730631.0,730881.0,731064.0,731293.0,731456.0,731687.0,731909.0,732096.0,732349.0,732619.0,732865.0,733108.0,733433.0,733671.0,734133.0,734498.0,734933.0,735299.0,735630.0,736013.0,736497.0,736892.0,737235.0,737575.0,737928.0,738245.0,738488.0,738789.0,739034.0,739255.0,739496.0,739737.0,739893.0,740041.0,740218.0,740405.0,740626.0,740778.0,740940.0,741133.0,741317.0,741509.0,741738.0,741917.0,742052.0,742213.0,742419.0,742639.0,742896.0,743141.0,743425.0,743759.0,743983.0,744164.0,744319.0,744650.0,744919.0,745172.0,745391.0,745606.0,745824.0,745943.0,746176.0,746386.0,746640.0,746980.0,747266.0,747520.0,747677.0,747888.0,748060.0,748266.0,748477.0,748644.0,748768.0,748871.0,749059.0,749174.0,749304.0,749439.0,749573.0,749701.0,749803.0,749938.0,750049.0,750196.0,750301.0,750452.0,750556.0,750650.0,750778.0,750901.0,751009.0,751134.0,751265.0,751394.0,751492.0,751618.0,751769.0,751909.0,752047.0,752142.0,752231.0,752310.0,752438.0,752526.0,752640.0,752745.0,752839.0,752919.0,752996.0,753072.0,753138.0,753215.0,753304.0,753383.0,753471.0,753529.0,753611.0,753691.0,753821.0,753926.0,754019.0,754104.0,754172.0,754259.0,754361.0,754447.0,754536.0,,,,,,,,,755450.0,755549.0,755627.0,755709.0,755790.0,755859.0,755954.0,756007.0,756093.0,756163.0,756258.0,756330.0,756434.0,756502.0,756587.0,756674.0,756756.0,756824.0,756942.0,757025.0,757116.0,757168.0,757259.0,757355.0,757443.0,757523.0,757593.0,757698.0,757759.0,757836.0,757911.0,758021.0,758110.0,758185.0,758276.0,758323.0,758389.0,758458.0,758550.0,758611.0,758688.0,758766.0,758845.0,758917.0,759043.0,759157.0,759255.0,759351.0,759437.0,759523.0,759594.0,759698.0,759799.0,759854.0,759954.0,760042.0,760122.0,760194.0,760301.0,760397.0,760471.0,760536.0,760603.0,760663.0,760737.0,760826.0,760894.0,760985.0,761060.0,761123.0,761195.0,761265.0,761374.0,761478.0,761561.0,761672.0,761781.0,761892.0,761960.0,762038.0,762143.0,762242.0,762364.0,762468.0,762566.0,762653.0,762765.0,762866.0,762969.0,763067.0,763163.0,763243.0,763305.0,763364.0,763435.0,763496.0,763564.0,763621.0,763691.0,763749.0,763817.0,763898.0,763960.0,764026.0,764099.0,764160.0,764219.0,764283.0,764332.0,764388.0,764449.0,764536.0,764591.0,764656.0,764694.0,764737.0,764790.0,764863.0,764916.0,764985.0,765088.0,,765252.0,765343.0,765426.0,765532.0,765619.0,765701.0,765768.0,765814.0,765898.0,765975.0,766051.0,766126.0,766216.0,766310.0,766413.0,766492.0,766575.0,766661.0,766751.0,766826.0,766911.0,766989.0,767084.0,767171.0,767252.0,767336.0,767416.0,767477.0,767556.0,767628.0,767733.0,767813.0,767898.0,767990.0,768100.0,768201.0,768312.0,768395.0,768491.0,768593.0,768685.0,768761.0,768853.0,768985.0,769094.0,769228.0,769402.0,769506.0,769602.0,769698.0,769796.0,769895.0,769988.0,770074.0,770155.0,770268.0,770403.0,770531.0,770666.0,770789.0,770898.0,770995.0,771119.0,771233.0,771355.0,771456.0,771544.0,771623.0,771684.0,771763.0,771843.0,771930.0,772011.0,772117.0,772208.0,772286.0,772375.0,772495.0,772600.0,772707.0,772822.0,772932.0,773037.0,773130.0,773247.0,773356.0,773471.0,773603.0,773722.0,773826.0,773901.0,774000.0,774136.0,774251.0,774380.0,774506.0,774603.0,774711.0,774839.0,774958.0,775087.0,775233.0,775360.0,775494.0,775653.0,775796.0,775966.0,776101.0,776273.0,776390.0,776485.0,776606.0,776702.0,776823
FqKbpLvYfyc,70276.0,70290.0,70299.0,70310.0,70322.0,70331.0,70341.0,70351.0,70364.0,70373.0,70381.0,70389.0,70404.0,70412.0,70419.0,70435.0,70449.0,70456.0,70469.0,70482.0,70491.0,70506.0,70523.0,70532.0,70542.0,70555.0,70566.0,70571.0,70582.0,70587.0,70596.0,70603.0,70616.0,70635.0,70650.0,70658.0,70670.0,70685.0,70690.0,70702.0,70714.0,70723.0,70735.0,70751.0,70762.0,70771.0,70788.0,70801.0,70820.0,70832.0,70846.0,70855.0,70864.0,70876.0,70895.0,70913.0,70928.0,70941.0,70954.0,70961.0,70971.0,70981.0,70990.0,71001.0,71013.0,71018.0,71029.0,71038.0,71052.0,71056.0,71066.0,71079.0,71085.0,71094.0,71100.0,71114.0,71127.0,71134.0,71146.0,71163.0,71174.0,71181.0,71192.0,71203.0,71217.0,71224.0,71230.0,71240.0,71250.0,71266.0,71277.0,71288.0,71305.0,71314.0,71325.0,71344.0,71351.0,71361.0,71371.0,71385.0,71398.0,71407.0,71423.0,71439.0,71450.0,71462.0,71480.0,71487.0,71497.0,71515.0,71528.0,71544.0,71555.0,71564.0,71576.0,71589.0,71598.0,71607.0,71618.0,71629.0,71638.0,71652.0,71663.0,71681.0,71702.0,71719.0,71731.0,71749.0,71761.0,71773.0,71789.0,71809.0,71821.0,71828.0,,,,,,,,,71973.0,71989.0,72009.0,72033.0,72049.0,72060.0,72078.0,72085.0,72101.0,72125.0,72143.0,72154.0,72176.0,72187.0,72202.0,72218.0,72232.0,72245.0,72266.0,72283.0,72299.0,72315.0,72333.0,72345.0,72366.0,72376.0,72391.0,72406.0,72417.0,72425.0,72434.0,72447.0,72461.0,72473.0,72486.0,72499.0,72509.0,72521.0,72539.0,72556.0,72567.0,72575.0,72588.0,72598.0,72609.0,72619.0,72633.0,72647.0,72654.0,72663.0,72671.0,72681.0,72689.0,72697.0,72713.0,72720.0,72731.0,72738.0,72742.0,72757.0,72772.0,72782.0,72796.0,72806.0,72835.0,72857.0,72886.0,72898.0,72908.0,72918.0,72928.0,72937.0,72949.0,72963.0,72971.0,72983.0,72988.0,72998.0,73006.0,73019.0,73031.0,73049.0,73062.0,73074.0,73083.0,73096.0,73110.0,73128.0,73151.0,73169.0,73178.0,73188.0,73200.0,73207.0,73220.0,73243.0,73264.0,73276.0,73287.0,73297.0,73309.0,73314.0,73328.0,73348.0,73356.0,73373.0,73386.0,73396.0,73408.0,73424.0,73431.0,73445.0,73452.0,73464.0,73472.0,73480.0,73488.0,73505.0,73512.0,73523.0,73533.0,,73549.0,73561.0,73572.0,73584.0,73592.0,73600.0,73609.0,73619.0,73631.0,73644.0,73655.0,73665.0,73671.0,73680.0,73690.0,73698.0,73715.0,73725.0,73737.0,73748.0,73766.0,73781.0,73785.0,73793.0,73816.0,73830.0,73836.0,73849.0,73862.0,73875.0,73886.0,73893.0,73904.0,73909.0,73925.0,73936.0,73953.0,73965.0,73977.0,73991.0,74004.0,74014.0,74022.0,74039.0,74047.0,74056.0,74069.0,74081.0,74096.0,74110.0,74120.0,74128.0,74149.0,74161.0,74181.0,74194.0,74201.0,74211.0,74227.0,74232.0,74234.0,74246.0,74263.0,74272.0,74290.0,74298.0,74312.0,74322.0,74330.0,74346.0,74355.0,74366.0,74378.0,74390.0,74406.0,74414.0,74425.0,74436.0,74448.0,74463.0,74484.0,74491.0,74503.0,74513.0,74523.0,74535.0,74553.0,74569.0,74582.0,74585.0,74596.0,74602.0,74618.0,74633.0,74645.0,74662.0,74678.0,74690.0,74699.0,74710.0,74736.0,74753.0,74765.0,74787.0,74795.0,74804.0,74815.0,74825.0,74834.0,74850.0,74861.0,74872.0,74879.0,74886
kxIZIj5EAjA,707331.0,707529.0,707721.0,707890.0,708072.0,708263.0,708425.0,708642.0,708829.0,709011.0,709191.0,709362.0,709564.0,709805.0,709998.0,710227.0,710394.0,710557.0,710728.0,710900.0,711102.0,711299.0,711461.0,711629.0,711772.0,711965.0,712155.0,712352.0,712545.0,712732.0,712911.0,713096.0,713294.0,713489.0,713710.0,713937.0,714190.0,714398.0,714601.0,714819.0,714994.0,715228.0,715441.0,715642.0,715799.0,716003.0,716159.0,716372.0,716541.0,716747.0,716965.0,717165.0,717334.0,717543.0,717798.0,718035.0,718245.0,718467.0,718676.0,718928.0,719086.0,719291.0,719488.0,719691.0,719865.0,720024.0,720186.0,720372.0,720555.0,720736.0,720917.0,721103.0,721286.0,721476.0,721649.0,721833.0,722008.0,722211.0,722359.0,722554.0,722699.0,722894.0,723094.0,723259.0,723430.0,723618.0,723799.0,723951.0,724091.0,724297.0,724484.0,724645.0,724803.0,724954.0,725111.0,725309.0,725504.0,725687.0,725893.0,726047.0,726214.0,726386.0,726589.0,726817.0,727058.0,727240.0,727402.0,727597.0,727753.0,727928.0,728122.0,728314.0,728502.0,728672.0,728854.0,729039.0,729211.0,729412.0,729643.0,729834.0,730045.0,730199.0,730346.0,730536.0,730689.0,730837.0,730985.0,731139.0,731252.0,731381.0,731500.0,731652.0,731800.0,731926.0,,,,,,,,,733467.0,733652.0,733775.0,733955.0,734122.0,734322.0,734494.0,734629.0,734821.0,735037.0,735207.0,735427.0,735657.0,735858.0,736026.0,736207.0,736390.0,736622.0,736833.0,737072.0,737255.0,737413.0,737573.0,737779.0,738008.0,738226.0,738428.0,738638.0,738823.0,739026.0,739219.0,739389.0,739564.0,739755.0,739938.0,740138.0,740311.0,740499.0,740696.0,740917.0,741102.0,741280.0,741434.0,741601.0,741793.0,742019.0,742206.0,742394.0,742567.0,742721.0,742873.0,743008.0,743206.0,743369.0,743537.0,743686.0,743846.0,743950.0,744105.0,744252.0,744404.0,744532.0,744639.0,744746.0,744872.0,745031.0,745162.0,745281.0,745421.0,745577.0,745704.0,745847.0,745976.0,746118.0,746264.0,746401.0,746536.0,746692.0,746818.0,746945.0,747067.0,747185.0,747372.0,747547.0,747681.0,747802.0,747946.0,748096.0,748242.0,748350.0,748525.0,748640.0,748736.0,748858.0,749004.0,749151.0,749327.0,749523.0,749677.0,749827.0,749979.0,750187.0,750349.0,750507.0,750682.0,750863.0,751010.0,751159.0,751316.0,751459.0,751608.0,751795.0,751950.0,752089.0,752221.0,752325.0,752460.0,752618.0,752764.0,752926.0,753084.0,,753471.0,753638.0,753841.0,753993.0,754149.0,754267.0,754386.0,754551.0,754708.0,754872.0,755036.0,755196.0,755348.0,755498.0,755671.0,755850.0,756004.0,756190.0,756381.0,756495.0,756686.0,756874.0,757052.0,757219.0,757354.0,757511.0,757639.0,757813.0,758013.0,758212.0,758394.0,758563.0,758712.0,758901.0,759051.0,759206.0,759396.0,759622.0,759769.0,759946.0,760106.0,760255.0,760460.0,760643.0,760816.0,761010.0,761181.0,761302.0,761444.0,761626.0,761783.0,761936.0,762118.0,762288.0,762421.0,762585.0,762771.0,762964.0,763119.0,763300.0,763505.0,763703.0,763880.0,764061.0,764289.0,764456.0,764645.0,764818.0,764975.0,765171.0,765337.0,765543.0,765720.0,765916.0,766067.0,766231.0,766413.0,766616.0,766856.0,767033.0,767202.0,767349.0,767492.0,767687.0,767902.0,768106.0,768339.0,768554.0,768769.0,768964.0,769137.0,769360.0,769537.0,769721.0,769884.0,770039.0,770210.0,770375.0,770570.0,770784.0,770952.0,771142.0,771300.0,771485.0,771638.0,771838.0,772026.0,772206.0,772395.0,772556.0,772697.0,772873.0,773043.0,773222
6TQ1oM_cP8w,317985.0,318077.0,318192.0,318285.0,318411.0,318525.0,318664.0,318754.0,318887.0,319008.0,319134.0,319238.0,319369.0,319490.0,319625.0,319748.0,319883.0,319997.0,320117.0,320230.0,320359.0,320499.0,320618.0,320725.0,320819.0,320900.0,321007.0,321114.0,321197.0,321298.0,321374.0,321470.0,321594.0,321685.0,321810.0,321912.0,322025.0,322107.0,322190.0,322285.0,322386.0,322459.0,322541.0,322609.0,322708.0,322786.0,322896.0,322971.0,323041.0,323115.0,323209.0,323297.0,323368.0,323442.0,323552.0,323659.0,323756.0,323865.0,323942.0,324027.0,324103.0,324193.0,324281.0,324375.0,324468.0,324557.0,324641.0,324735.0,324819.0,324922.0,325030.0,325122.0,325210.0,325304.0,325384.0,325459.0,325553.0,325636.0,325713.0,325790.0,325839.0,325908.0,325978.0,326034.0,326095.0,326180.0,326288.0,326351.0,326436.0,326520.0,326579.0,326688.0,326758.0,326821.0,326883.0,326957.0,327009.0,327077.0,327146.0,327255.0,327338.0,327409.0,327482.0,327554.0,327632.0,327699.0,327796.0,327862.0,327948.0,328010.0,328117.0,328217.0,328310.0,328400.0,328489.0,328571.0,328645.0,328716.0,328783.0,328855.0,328955.0,329037.0,329110.0,329190.0,329275.0,329366.0,329450.0,329540.0,329626.0,329710.0,329767.0,329828.0,329908.0,329988.0,,,,,,,,,330659.0,330728.0,330820.0,330916.0,330988.0,331056.0,331119.0,331158.0,331233.0,331304.0,331370.0,331444.0,331530.0,331613.0,331718.0,331814.0,331904.0,331998.0,332088.0,332154.0,332215.0,332274.0,332335.0,332422.0,332485.0,332580.0,332661.0,332719.0,332789.0,332870.0,332939.0,332996.0,333085.0,333147.0,333223.0,333296.0,333350.0,333439.0,333510.0,333584.0,333670.0,333747.0,333831.0,333935.0,334040.0,334129.0,334225.0,334303.0,334379.0,334450.0,334528.0,334601.0,334666.0,334735.0,334800.0,334855.0,334908.0,334964.0,335026.0,335082.0,335150.0,335233.0,335300.0,335369.0,335439.0,335513.0,335581.0,335655.0,335727.0,335791.0,335879.0,335956.0,336021.0,336095.0,336157.0,336229.0,336316.0,336389.0,336465.0,336561.0,336637.0,336718.0,336790.0,336886.0,336974.0,337018.0,337118.0,337184.0,337270.0,337361.0,337431.0,337502.0,337572.0,337644.0,337717.0,337814.0,337892.0,337964.0,338070.0,338140.0,338218.0,338287.0,338345.0,338416.0,338502.0,338595.0,338660.0,338741.0,338821.0,338909.0,338982.0,339060.0,339140.0,339209.0,339282.0,339325.0,339414.0,339505.0,339597.0,339674.0,339764.0,,339933.0,340009.0,340101.0,340182.0,340249.0,340339.0,340406.0,340485.0,340561.0,340626.0,340718.0,340830.0,340916.0,341005.0,341083.0,341184.0,341290.0,341379.0,341468.0,341540.0,341634.0,341732.0,341820.0,341925.0,342013.0,342099.0,342155.0,342206.0,342289.0,342389.0,342475.0,342558.0,342664.0,342733.0,342828.0,342937.0,343054.0,343152.0,343245.0,343327.0,343410.0,343495.0,343592.0,343687.0,343772.0,343865.0,343941.0,344039.0,344131.0,344222.0,344313.0,344398.0,344490.0,344592.0,344671.0,344735.0,344803.0,344892.0,344957.0,345066.0,345165.0,345254.0,345333.0,345413.0,345492.0,345560.0,345653.0,345736.0,345820.0,345868.0,345926.0,346005.0,346083.0,346150.0,346227.0,346320.0,346418.0,346493.0,346580.0,346687.0,346782.0,346871.0,346960.0,347071.0,347169.0,347267.0,347364.0,347508.0,347610.0,347711.0,347795.0,347892.0,347980.0,348097.0,348182.0,348275.0,348357.0,348448.0,348554.0,348635.0,348714.0,348799.0,348873.0,348955.0,349043.0,349135.0,349219.0,349324.0,349402.0,349468.0,349540.0,349626.0,349706.0,349777
QU9c0053UAU,522601026.0,522852598.0,523141773.0,523428012.0,523704715.0,523988068.0,524303998.0,524645194.0,524983614.0,525319996.0,525668984.0,526031601.0,526420280.0,526763940.0,527114003.0,527463804.0,527822240.0,528172012.0,528506429.0,528836722.0,529157217.0,529485557.0,529793200.0,530105541.0,530426982.0,530746951.0,531065427.0,531378612.0,531690953.0,532010415.0,532326459.0,532621020.0,532912809.0,533219765.0,533528832.0,533830117.0,534166760.0,534540881.0,534884131.0,535213973.0,535551231.0,535896051.0,536226269.0,536554233.0,536871692.0,537186477.0,537483616.0,537806262.0,538106915.0,538407518.0,538722549.0,539027304.0,539318690.0,539596611.0,539914089.0,540231175.0,540539601.0,540839515.0,541138044.0,541437810.0,541721877.0,542012494.0,542288032.0,542581477.0,542893427.0,543209990.0,543469867.0,543741493.0,543974189.0,544278589.0,544558767.0,544843051.0,545139283.0,545424554.0,545707955.0,546000970.0,546288132.0,546595765.0,546886604.0,547168714.0,547469266.0,547743940.0,548014037.0,548279502.0,548536832.0,548797597.0,549069700.0,549345604.0,549602026.0,549850766.0,550098673.0,550343168.0,550586376.0,550830925.0,551072822.0,551308717.0,551542579.0,551778048.0,552014794.0,552260540.0,552532493.0,552806351.0,553052921.0,553299395.0,553541823.0,553791914.0,554039255.0,554301565.0,554569359.0,554799383.0,555029230.0,555261249.0,555491894.0,555728699.0,555990351.0,556256977.0,556497905.0,556736389.0,556965411.0,557185668.0,557415806.0,557645859.0,557883312.0,558103905.0,558334839.0,558566712.0,558818563.0,559099149.0,559402560.0,559693449.0,559949150.0,560203679.0,560455964.0,560703627.0,,,,,,,,,562938334.0,563190639.0,563413913.0,563637546.0,563879777.0,564123405.0,564364820.0,564613242.0,564877102.0,565120550.0,565373331.0,565655465.0,565946397.0,566243306.0,566548428.0,566860787.0,567161117.0,567442297.0,567709667.0,567944735.0,568164668.0,568387552.0,568602560.0,568799080.0,569000130.0,569201963.0,569408582.0,569628058.0,569853888.0,570084661.0,570285904.0,570481536.0,570689184.0,570899430.0,571108448.0,571331444.0,571553461.0,571748131.0,571963101.0,572173258.0,572378414.0,572583945.0,572806230.0,573028353.0,573229879.0,573431987.0,573629811.0,573832723.0,574038259.0,574241413.0,574436553.0,574616891.0,574799453.0,574993576.0,575185438.0,575382038.0,575579326.0,575779099.0,575968899.0,576180150.0,576391852.0,576595877.0,576755065.0,576932871.0,577108015.0,577289638.0,577478806.0,577673284.0,577867570.0,578027434.0,578217405.0,578409478.0,578598775.0,578796138.0,579005673.0,579213336.0,579430729.0,579645186.0,579842634.0,580024987.0,580211950.0,580416793.0,580639666.0,580858814.0,581081578.0,581301688.0,581501915.0,581706342.0,581910291.0,582120374.0,582328358.0,582549697.0,582774475.0,582974259.0,583173091.0,583382578.0,583593729.0,583800503.0,584020521.0,584233754.0,584440766.0,584640732.0,584842066.0,585048404.0,585255664.0,585460299.0,585661560.0,585849481.0,586042834.0,586253357.0,586468352.0,586687436.0,586920625.0,587144335.0,587358172.0,587570654.0,587774133.0,587973789.0,588178044.0,588389026.0,588600872.0,,589000636.0,589210297.0,589410713.0,589606111.0,589823659.0,590036939.0,590240837.0,590442037.0,590638312.0,590836431.0,591031387.0,591235708.0,591440124.0,591630214.0,591823570.0,592016751.0,592203646.0,592388925.0,592592979.0,592797645.0,592982889.0,593173887.0,593373144.0,593583986.0,593849941.0,594163023.0,594455095.0,594724582.0,595017117.0,595310574.0,595598067.0,595888987.0,596217184.0,596514264.0,596804270.0,597092471.0,597369513.0,597683221.0,597982168.0,598289199.0,598594692.0,598887087.0,599193546.0,599505798.0,599806509.0,600092425.0,600394445.0,600695003.0,600951296.0,601211651.0,601463158.0,601716057.0,601975613.0,602238089.0,602495994.0,602745317.0,602990483.0,603240613.0,603507532.0,603774205.0,604052887.0,604328428.0,604572443.0,604806145.0,605041617.0,605275750.0,605515315.0,605744959.0,605965443.0,606181962.0,606406595.0,606630152.0,606862755.0,607122322.0,607385768.0,607633224.0,607859714.0,608089618.0,608322779.0,608558092.0,608806273.0,609061768.0,609307184.0,609534238.0,609768987.0,610011309.0,610260378.0,610530759.0,610816898.0,611107327.0,611376391.0,611627966.0,611889828.0,612156252.0,612418178.0,612704248.0,612982038.0,613246325.0,613519753.0,613803695.0,614080660.0,614375626.0,614683748.0,614975240.0,615255394.0,615529643.0,615806117.0,616084756.0,616368088.0,616653663.0,616942283.0,617200695.0,617469395.0,617749295
BlVSe_5cbFE,1828032.0,1828258.0,1828544.0,1828840.0,1829078.0,1829349.0,1829622.0,1829889.0,1830195.0,1830489.0,1830770.0,1831024.0,1831330.0,1831616.0,1831907.0,1832142.0,1832382.0,1832632.0,1832918.0,1833147.0,1833396.0,1833600.0,1833766.0,1833963.0,1834102.0,1834259.0,1834465.0,1834653.0,1834874.0,1835082.0,1835270.0,1835445.0,1835670.0,1835862.0,1836087.0,1836339.0,1836649.0,1836897.0,1837142.0,1837396.0,1837725.0,1838006.0,1838260.0,1838489.0,1838748.0,1838981.0,1839257.0,1839485.0,1839692.0,1839942.0,1840192.0,1840507.0,1840729.0,1840989.0,1841256.0,1841524.0,1841809.0,1842088.0,1842337.0,1842603.0,1842866.0,1843131.0,1843388.0,1843630.0,1843883.0,1844101.0,1844320.0,1844594.0,1844904.0,1845261.0,1845433.0,1845605.0,1845868.0,1846057.0,1846348.0,1846616.0,1846910.0,1847154.0,1847395.0,1847665.0,1847886.0,1848209.0,1848494.0,1848741.0,1848997.0,1849519.0,1849573.0,1849890.0,1850383.0,1850615.0,1850905.0,1851228.0,1851572.0,1851872.0,1852095.0,1852354.0,1852567.0,1852807.0,1853083.0,1853350.0,1853598.0,1853810.0,1854068.0,1854297.0,1854479.0,1854696.0,1854912.0,1855155.0,1855384.0,1855626.0,1855807.0,1856048.0,1856306.0,1856520.0,1856772.0,1857034.0,1857259.0,1857531.0,1857718.0,1857949.0,1858142.0,1858371.0,1858575.0,1858811.0,1859004.0,1859175.0,1859378.0,1859555.0,1859759.0,1859994.0,1860183.0,1860413.0,1860596.0,1860783.0,,,,,,,,,1862672.0,1862889.0,1863076.0,1863245.0,1863436.0,1863630.0,1863825.0,1864001.0,1864205.0,1864407.0,1864574.0,1864768.0,1864971.0,1865157.0,1865349.0,1865548.0,1865724.0,1865897.0,1866044.0,1866233.0,1866430.0,1866644.0,1866844.0,1867050.0,1867195.0,1867380.0,1867565.0,1867756.0,1867940.0,1868123.0,1868303.0,1868499.0,1868656.0,1868856.0,1869037.0,1869204.0,1869375.0,1869531.0,1869713.0,1869894.0,1870076.0,1870255.0,1870460.0,1870669.0,1870855.0,1871061.0,1871247.0,1871478.0,1871690.0,1871954.0,1872144.0,1872371.0,1872586.0,1872827.0,1873005.0,1873204.0,1873485.0,1873783.0,1874114.0,1874380.0,1874591.0,1874859.0,1875107.0,1875320.0,1875583.0,1875830.0,1876072.0,1876345.0,1876617.0,1876840.0,1877069.0,1877340.0,1877563.0,1877831.0,1878075.0,1878324.0,1878600.0,1878848.0,1879076.0,1879284.0,1879485.0,1879685.0,1880015.0,1880305.0,1880564.0,1880795.0,1881048.0,1881277.0,1881464.0,1881719.0,1881950.0,1882190.0,1882461.0,1882714.0,1882947.0,1883184.0,1883410.0,1883641.0,1883859.0,1884100.0,1884322.0,1884524.0,1884755.0,1884997.0,1885217.0,1885412.0,1885605.0,1885829.0,1886061.0,1886271.0,1886451.0,1886665.0,1886864.0,1887119.0,1887348.0,1887589.0,1887818.0,1888026.0,1888241.0,1888505.0,1888749.0,,1889213.0,1889466.0,1889696.0,1889950.0,1890230.0,1890494.0,1890744.0,1890929.0,1891164.0,1891386.0,1891656.0,1891968.0,1892251.0,1892444.0,1892606.0,1892822.0,1893100.0,1893341.0,1893565.0,1893785.0,1894013.0,1894228.0,1894462.0,1894668.0,1894962.0,1895241.0,1895476.0,1895702.0,1895869.0,1896060.0,1896269.0,1896476.0,1896658.0,1896857.0,1897045.0,1897214.0,1897406.0,1897576.0,1897752.0,1897943.0,1898094.0,1898260.0,1898448.0,1898624.0,1898806.0,1899051.0,1899210.0,1899382.0,1899524.0,1899753.0,1899946.0,1900159.0,1900336.0,1900515.0,1900658.0,1900786.0,1900975.0,1901170.0,1901337.0,1901504.0,1901703.0,1901890.0,1902051.0,1902253.0,1902450.0,1902626.0,1902819.0,1903027.0,1903297.0,1903539.0,1903753.0,1904275.0,1904489.0,1904715.0,1904958.0,1905216.0,1905454.0,1905723.0,1905939.0,1906162.0,1906432.0,1906660.0,1906971.0,1907178.0,1907467.0,1907726.0,1907936.0,1908207.0,1908438.0,1908739.0,1909022.0,1909274.0,1909537.0,1909757.0,1910013.0,1910314.0,1910573.0,1910801.0,1911013.0,1911178.0,1911380.0,1911619.0,1911836.0,1911988.0,1912234.0,1912460.0,1912751.0,1913024.0,1913245.0,1913555.0,1913820.0,1914096.0,1914411.0,1914683
vn4GNjIotSM,4199438.0,4199760.0,4200113.0,4200485.0,4200844.0,4201169.0,4201512.0,4201821.0,4202124.0,4202493.0,4202824.0,4203125.0,4203492.0,4203826.0,4204197.0,4204575.0,4204893.0,4205245.0,4205551.0,4205871.0,4206065.0,4206464.0,4206733.0,4206989.0,4207284.0,4207573.0,4207836.0,4208090.0,4208348.0,4208677.0,4208942.0,4209198.0,4209483.0,4209813.0,4210095.0,4210445.0,4210766.0,4211086.0,4211419.0,4211687.0,4212037.0,4212416.0,4212711.0,4213031.0,4213355.0,4213588.0,4213923.0,4214220.0,4214536.0,4214803.0,4215060.0,4215437.0,4215777.0,4216098.0,4216319.0,4216565.0,4216866.0,4217149.0,4217526.0,4217827.0,4218146.0,4218437.0,4218586.0,4218918.0,4219239.0,4219556.0,4219839.0,4220121.0,4220338.0,4220679.0,4220942.0,4221224.0,4221486.0,4221754.0,4222024.0,4222288.0,4222548.0,4222846.0,4223135.0,4223382.0,4223580.0,4223885.0,4224144.0,4224362.0,4224603.0,4224858.0,4225133.0,4225348.0,4225603.0,4225877.0,4226100.0,4226318.0,4226610.0,4226846.0,4227059.0,4227255.0,4227456.0,4227631.0,4227882.0,4228128.0,4228364.0,4228637.0,4228872.0,4229108.0,4229292.0,4229512.0,4229709.0,4229918.0,4230125.0,4230363.0,4230563.0,4230796.0,4231018.0,4231254.0,4231454.0,4231694.0,4231905.0,4232120.0,4232347.0,4232511.0,4232714.0,4232946.0,4233134.0,4233316.0,4233499.0,4233696.0,4233925.0,4234136.0,4234336.0,4234545.0,4234753.0,4234971.0,4235144.0,4235339.0,,,,,,,,,4237103.0,4237310.0,4237482.0,4237653.0,4237837.0,4238063.0,4238268.0,4238443.0,4238668.0,4238863.0,4239056.0,4239257.0,4239456.0,4239652.0,4239933.0,4240172.0,4240391.0,4240604.0,4240794.0,4240947.0,4241171.0,4241389.0,4241598.0,4241803.0,4241950.0,4242171.0,4242360.0,4242534.0,4242708.0,4242909.0,4243063.0,4243296.0,4243486.0,4243654.0,4243845.0,4244034.0,4244251.0,4244452.0,4244661.0,4244836.0,4244993.0,4245178.0,4245366.0,4245529.0,4245728.0,4245937.0,4246145.0,4246390.0,4246621.0,4246842.0,4247008.0,4247220.0,4247380.0,4247593.0,4247810.0,4247991.0,4248173.0,4248383.0,4248564.0,4248735.0,4248905.0,4249062.0,4249268.0,4249410.0,4249571.0,4249746.0,4249913.0,4250107.0,4250237.0,4250388.0,4250546.0,4250738.0,4250901.0,4251081.0,4251253.0,4251499.0,4251680.0,4251888.0,4252033.0,4252197.0,4252373.0,4252552.0,4252768.0,4252967.0,4253172.0,4253343.0,4253505.0,4253697.0,4253866.0,4254089.0,4254297.0,4254558.0,4254807.0,4255004.0,4255242.0,4255506.0,4255735.0,4255940.0,4256168.0,4256353.0,4256556.0,4256737.0,4256914.0,4257076.0,4257277.0,4257435.0,4257702.0,4257896.0,4258124.0,4258373.0,4258704.0,4259017.0,4259259.0,4259466.0,4259824.0,4260031.0,4260229.0,4260387.0,4260554.0,4260886.0,4261205.0,,4261763.0,4262047.0,4262273.0,4262497.0,4262717.0,4262962.0,4263143.0,4263299.0,4263469.0,4263624.0,4263814.0,4264036.0,4264242.0,4264454.0,4264651.0,4264829.0,4265029.0,4265199.0,4265462.0,4265666.0,4265859.0,4266083.0,4266280.0,4266499.0,4266778.0,4267044.0,4267219.0,4267404.0,4267600.0,4267793.0,4268038.0,4268211.0,4268408.0,4268565.0,4268749.0,4268934.0,4269111.0,4269302.0,4269494.0,4269687.0,4269851.0,4270037.0,4270217.0,4270381.0,4270556.0,4270807.0,4270969.0,4271111.0,4271229.0,4271415.0,4271579.0,4271776.0,4271924.0,4272084.0,4272220.0,4272354.0,4272506.0,4272663.0,4272826.0,4272986.0,4273132.0,4273286.0,4273399.0,4273544.0,4273681.0,4273791.0,4273952.0,4274085.0,4274232.0,4274351.0,4274473.0,4274776.0,4274909.0,4275077.0,4275237.0,4275361.0,4275538.0,4275660.0,4275826.0,4276001.0,4276173.0,4276343.0,4276547.0,4276730.0,4276945.0,4277116.0,4277295.0,4277489.0,4277682.0,4277886.0,4278091.0,4278298.0,4278504.0,4278677.0,4278884.0,4279137.0,4279353.0,4279650.0,4279900.0,4280075.0,4280321.0,4280503.0,4280727.0,4280881.0,4281050.0,4281219.0,4281412.0,4281600.0,4281842.0,4282121.0,4282351.0,4282562.0,4282805.0,4282978
pNRkNbJieNU,2175635.0,2175890.0,2176157.0,2176432.0,2176685.0,2176935.0,2177161.0,2177419.0,2177771.0,2178057.0,2178336.0,2178578.0,2178826.0,2179179.0,2179668.0,2179990.0,2180320.0,2180670.0,2180948.0,2181226.0,2181413.0,2181668.0,2181932.0,2182273.0,2182400.0,2182602.0,2182891.0,2183179.0,2183479.0,2183742.0,2183969.0,2184159.0,2184353.0,2184559.0,2184799.0,2185068.0,2185317.0,2185561.0,2185782.0,2185973.0,2186204.0,2186434.0,2186639.0,2186887.0,2187061.0,2187207.0,2187367.0,2187581.0,2187812.0,2188046.0,2188164.0,2188403.0,2188540.0,2188785.0,2188991.0,2189208.0,2189420.0,2189662.0,2189931.0,2190140.0,2190380.0,2190616.0,2190801.0,2191013.0,2191228.0,2191432.0,2191621.0,2191773.0,2191939.0,2192154.0,2192332.0,2192510.0,2192694.0,2192850.0,2193007.0,2193212.0,2193376.0,2193567.0,2193830.0,2194061.0,2194252.0,2194452.0,2194623.0,2194827.0,2195032.0,2195256.0,2195464.0,2195674.0,2195911.0,2196136.0,2196392.0,2196578.0,2196760.0,2196963.0,2197189.0,2197391.0,2197599.0,2197778.0,2197951.0,2198138.0,2198384.0,2198560.0,2198770.0,2198966.0,2199164.0,2199334.0,2199508.0,2199702.0,2199851.0,2200027.0,2200196.0,2200378.0,2200575.0,2200755.0,2200929.0,2201100.0,2201279.0,2201478.0,2201638.0,2201826.0,2202032.0,2202278.0,2202463.0,2202608.0,2202818.0,2203023.0,2203201.0,2203400.0,2203571.0,2203726.0,2203891.0,2204075.0,2204284.0,2204451.0,,,,,,,,,2206119.0,2206266.0,2206434.0,2206604.0,2206794.0,2207001.0,2207195.0,2207375.0,2207524.0,2207704.0,2207926.0,2208148.0,2208286.0,2208501.0,2208714.0,2208942.0,2209091.0,2209344.0,2209551.0,2209740.0,2209992.0,2210229.0,2210439.0,2210621.0,2210767.0,2210988.0,2211147.0,2211322.0,2211494.0,2211683.0,2211807.0,2211968.0,2212167.0,2212331.0,2212533.0,2212701.0,2212850.0,2212993.0,2213160.0,2213304.0,2213470.0,2213609.0,2213770.0,2213896.0,2214026.0,2214165.0,2214345.0,2214508.0,2214673.0,2214856.0,2215011.0,2215161.0,2215300.0,2215454.0,2215615.0,2215776.0,2215953.0,2216112.0,2216321.0,2216478.0,2216662.0,2216801.0,2216980.0,2217109.0,2217296.0,2217459.0,2217627.0,2217783.0,2217936.0,2218091.0,2218229.0,2218419.0,2218545.0,2218692.0,2218853.0,2218989.0,2219110.0,2219246.0,2219349.0,2219551.0,2219731.0,2219937.0,2220218.0,2220537.0,2220868.0,2221111.0,2221367.0,2221647.0,2221932.0,2222206.0,2222439.0,2222950.0,2223409.0,2223938.0,2224444.0,2225086.0,2225634.0,2226188.0,2226740.0,2227442.0,2228115.0,2228643.0,2229280.0,2229857.0,2230310.0,2230923.0,2231453.0,2232007.0,2232665.0,2233359.0,2234057.0,2235224.0,2235979.0,2236935.0,2237747.0,2238660.0,2239518.0,2240233.0,2241123.0,2241888.0,2242566.0,,2243653.0,2244449.0,2245232.0,2246008.0,2246681.0,2247113.0,2247506.0,2247817.0,2248265.0,2248716.0,2249038.0,2249488.0,2249816.0,2250097.0,2250392.0,2250747.0,2251132.0,2251462.0,2251763.0,2252045.0,2252475.0,2252993.0,2253294.0,2253579.0,2253972.0,2254377.0,2254663.0,2254977.0,2255279.0,2255555.0,2255827.0,2256067.0,2256325.0,2256488.0,2256725.0,2256892.0,2257114.0,2257336.0,2257590.0,2257828.0,2258060.0,2258260.0,2258555.0,2258798.0,2259031.0,2259491.0,2259907.0,2260418.0,2260754.0,2261374.0,2261942.0,2262487.0,2262798.0,2263130.0,2263450.0,2263688.0,2264097.0,2264410.0,2264783.0,2265142.0,2265492.0,2265794.0,2266040.0,2266516.0,2267069.0,2267645.0,2268287.0,2268869.0,2269403.0,2269932.0,2270547.0,2271251.0,2271806.0,2272465.0,2273080.0,2273836.0,2274451.0,2275052.0,2275815.0,2276325.0,2276986.0,2277483.0,2278051.0,2278514.0,2279104.0,2279534.0,2280033.0,2280566.0,2281104.0,2281645.0,2282184.0,2282809.0,2283474.0,2284223.0,2285041.0,2285939.0,2286704.0,2287460.0,2288075.0,2288647.0,2289206.0,2289738.0,2290368.0,2290801.0,2291420.0,2292495.0,2293759.0,2294970.0,2296272.0,2298161.0,2299834.0,2301948.0,2303976.0,2305356
mHNCM-YALSA,236971882.0,237110816.0,237271254.0,237425239.0,237576391.0,237740208.0,237915694.0,238081492.0,238258978.0,238436935.0,238633678.0,238825569.0,239040651.0,239245411.0,239456172.0,239655560.0,239857987.0,240052885.0,240235852.0,240425235.0,240613224.0,240805031.0,240981402.0,241151238.0,241319751.0,241484042.0,241642791.0,241806623.0,241977829.0,242143675.0,242309962.0,242467062.0,242622841.0,242783540.0,242945184.0,243105855.0,243265696.0,243432799.0,243588236.0,243740392.0,243904676.0,244067582.0,244236095.0,244400105.0,244557591.0,244702188.0,244835307.0,244996244.0,245158396.0,245310612.0,245470015.0,245634366.0,245792632.0,245941639.0,246111609.0,246276727.0,246439007.0,246594944.0,246750607.0,246904583.0,247035671.0,247187045.0,247335866.0,247486393.0,247639149.0,247813417.0,247961105.0,248114833.0,248258284.0,248433805.0,248600367.0,248759302.0,248929162.0,249090274.0,249248389.0,249413896.0,249573303.0,249730357.0,249886555.0,250040797.0,250200797.0,250359913.0,250507640.0,250665825.0,250819310.0,250972768.0,251131342.0,251298644.0,251462548.0,251614160.0,251766622.0,251913437.0,252060979.0,252213529.0,252364664.0,252506195.0,252642169.0,252780188.0,252921918.0,253066906.0,253218761.0,253367028.0,253495831.0,253627623.0,253758074.0,253894074.0,254027463.0,254170674.0,254317941.0,254450387.0,254578955.0,254718533.0,254859088.0,254995668.0,255139060.0,255282184.0,255412482.0,255547310.0,255682085.0,255814744.0,255952855.0,256088548.0,256227879.0,256356745.0,256495629.0,256633798.0,256769526.0,256916240.0,257061395.0,257207919.0,257336738.0,257468532.0,257602554.0,257727820.0,,,,,,,,,258902910.0,259047774.0,259170183.0,259289550.0,259409167.0,259529800.0,259648557.0,259769623.0,259898757.0,260010461.0,260127535.0,260245887.0,260372039.0,260494364.0,260615941.0,260736062.0,260845491.0,260956094.0,261071821.0,261195495.0,261317061.0,261449649.0,261580320.0,261698278.0,261821897.0,261943912.0,262067126.0,262192223.0,262315261.0,262440997.0,262555642.0,262673467.0,262790018.0,262902033.0,263016672.0,263131522.0,263245695.0,263350024.0,263460268.0,263572032.0,263683812.0,263792540.0,263906676.0,264019391.0,264123414.0,264225556.0,264329970.0,264436567.0,264543141.0,264649794.0,264755960.0,264852181.0,264953291.0,265061238.0,265166424.0,265272892.0,265383311.0,265489515.0,265589785.0,265702745.0,265820505.0,265934773.0,266024198.0,266129354.0,266232105.0,266337278.0,266445396.0,266557986.0,266676970.0,266762024.0,266868862.0,266974585.0,267079302.0,267190313.0,267305145.0,267421573.0,267537958.0,267653240.0,267762576.0,267860563.0,267965169.0,268085205.0,268202367.0,268324493.0,268442983.0,268561226.0,268666481.0,268779011.0,268889234.0,269000770.0,269112513.0,269230867.0,269354388.0,269463173.0,269572770.0,269683654.0,269798829.0,269913839.0,270032146.0,270145137.0,270251016.0,270357429.0,270465542.0,270575060.0,270684567.0,270792948.0,270901665.0,270999941.0,271103036.0,271207208.0,271318345.0,271429467.0,271541390.0,271649141.0,271747926.0,271849585.0,271944953.0,272043352.0,272143594.0,272246474.0,272352165.0,,272539395.0,272640901.0,272743536.0,272842731.0,272948740.0,273052452.0,273152664.0,273253094.0,273351876.0,273455662.0,273553632.0,273656494.0,273759590.0,273853917.0,273943339.0,274031918.0,274124640.0,274215439.0,274313218.0,274413455.0,274504666.0,274601629.0,274699972.0,274801735.0,274930647.0,275078526.0,275202073.0,275316874.0,275441025.0,275566030.0,275682758.0,275796983.0,275914202.0,276028159.0,276130847.0,276236861.0,276342543.0,276475207.0,276603860.0,276727797.0,276846963.0,276957951.0,277073850.0,277207691.0,277328264.0,277441602.0,277557158.0,277676060.0,277786825.0,277898584.0,278015705.0,278132761.0,278256126.0,278369535.0,278478351.0,278579127.0,278676939.0,278775845.0,278882017.0,278986620.0,279094662.0,279205266.0,279301919.0,279397042.0,279495936.0,279596051.0,279697939.0,279800716.0,279901559.0,279998630.0,280096151.0,280194553.0,280293984.0,280394301.0,280502214.0,280615505.0,280718217.0,280821824.0,280929865.0,281037357.0,281149352.0,281263147.0,281374618.0,281476405.0,281576216.0,281680593.0,281790009.0,281909192.0,282034100.0,282160124.0,282274728.0,282381589.0,282493656.0,282607249.0,282716954.0,282838372.0,282952957.0,283062527.0,283176169.0,283293739.0,283405887.0,283529243.0,283657589.0,283774309.0,283881954.0,283986773.0,284093067.0,284200686.0,284307838.0,284422403.0,284532530.0,284633783.0,284735995.0,284843029
mHNCM-YALSA,236971882.0,237110816.0,237271254.0,237425239.0,237576391.0,237740208.0,237915694.0,238081492.0,238258978.0,238436935.0,238633678.0,238825569.0,239040651.0,239245411.0,239456172.0,239655560.0,239857987.0,240052885.0,240235852.0,240425235.0,240613224.0,240805031.0,240981402.0,241151238.0,241319751.0,241484042.0,241642791.0,241806623.0,241977829.0,242143675.0,242309962.0,242467062.0,242622841.0,242783540.0,242945184.0,243105855.0,243265696.0,243432799.0,243588236.0,243740392.0,243904676.0,244067582.0,244236095.0,244400105.0,244557591.0,244702188.0,244835307.0,244996244.0,245158396.0,245310612.0,245470015.0,245634366.0,245792632.0,245941639.0,246111609.0,246276727.0,246439007.0,246594944.0,246750607.0,246904583.0,247035671.0,247187045.0,247335866.0,247486393.0,247639149.0,247813417.0,247961105.0,248114833.0,248258284.0,248433805.0,248600367.0,248759302.0,248929162.0,249090274.0,249248389.0,249413896.0,249573303.0,249730357.0,249886555.0,250040797.0,250200797.0,250359913.0,250507640.0,250665825.0,250819310.0,250972768.0,251131342.0,251298644.0,251462548.0,251614160.0,251766622.0,251913437.0,252060979.0,252213529.0,252364664.0,252506195.0,252642169.0,252780188.0,252921918.0,253066906.0,253218761.0,253367028.0,253495831.0,253627623.0,253758074.0,253894074.0,254027463.0,254170674.0,254317941.0,254450387.0,254578955.0,254718533.0,254859088.0,254995668.0,255139060.0,255282184.0,255412482.0,255547310.0,255682085.0,255814744.0,255952855.0,256088548.0,256227879.0,256356745.0,256495629.0,256633798.0,256769526.0,256916240.0,257061395.0,257207919.0,257336738.0,257468532.0,257602554.0,257727820.0,,,,,,,,,258902910.0,259047774.0,259170183.0,259289550.0,259409167.0,259529800.0,259648557.0,259769623.0,259898757.0,260010461.0,260127535.0,260245887.0,260372039.0,260494364.0,260615941.0,260736062.0,260845491.0,260956094.0,261071821.0,261195495.0,261317061.0,261449649.0,261580320.0,261698278.0,261821897.0,261943912.0,262067126.0,262192223.0,262315261.0,262440997.0,262555642.0,262673467.0,262790018.0,262902033.0,263016672.0,263131522.0,263245695.0,263350024.0,263460268.0,263572032.0,263683812.0,263792540.0,263906676.0,264019391.0,264123414.0,264225556.0,264329970.0,264436567.0,264543141.0,264649794.0,264755960.0,264852181.0,264953291.0,265061238.0,265166424.0,265272892.0,265383311.0,265489515.0,265589785.0,265702745.0,265820505.0,265934773.0,266024198.0,266129354.0,266232105.0,266337278.0,266445396.0,266557986.0,266676970.0,266762024.0,266868862.0,266974585.0,267079302.0,267190313.0,267305145.0,267421573.0,267537958.0,267653240.0,267762576.0,267860563.0,267965169.0,268085205.0,268202367.0,268324493.0,268442983.0,268561226.0,268666481.0,268779011.0,268889234.0,269000770.0,269112513.0,269230867.0,269354388.0,269463173.0,269572770.0,269683654.0,269798829.0,269913839.0,270032146.0,270145137.0,270251016.0,270357429.0,270465542.0,270575060.0,270684567.0,270792948.0,270901665.0,270999941.0,271103036.0,271207208.0,271318345.0,271429467.0,271541390.0,271649141.0,271747926.0,271849585.0,271944953.0,272043352.0,272143594.0,272246474.0,272352165.0,,272539395.0,272640901.0,272743536.0,272842731.0,272948740.0,273052452.0,273152664.0,273253094.0,273351876.0,273455662.0,273553632.0,273656494.0,273759590.0,273853917.0,273943339.0,274031918.0,274124640.0,274215439.0,274313218.0,274413455.0,274504666.0,274601629.0,274699972.0,274801735.0,274930647.0,275078526.0,275202073.0,275316874.0,275441025.0,275566030.0,275682758.0,275796983.0,275914202.0,276028159.0,276130847.0,276236861.0,276342543.0,276475207.0,276603860.0,276727797.0,276846963.0,276957951.0,277073850.0,277207691.0,277328264.0,277441602.0,277557158.0,277676060.0,277786825.0,277898584.0,278015705.0,278132761.0,278256126.0,278369535.0,278478351.0,278579127.0,278676939.0,278775845.0,278882017.0,278986620.0,279094662.0,279205266.0,279301919.0,279397042.0,279495936.0,279596051.0,279697939.0,279800716.0,279901559.0,279998630.0,280096151.0,280194553.0,280293984.0,280394301.0,280502214.0,280615505.0,280718217.0,280821824.0,280929865.0,281037357.0,281149352.0,281263147.0,281374618.0,281476405.0,281576216.0,281680593.0,281790009.0,281909192.0,282034100.0,282160124.0,282274728.0,282381589.0,282493656.0,282607249.0,282716954.0,282838372.0,282952957.0,283062527.0,283176169.0,283293739.0,283405887.0,283529243.0,283657589.0,283774309.0,283881954.0,283986773.0,284093067.0,284200686.0,284307838.0,284422403.0,284532530.0,284633783.0,284735995.0,284843029
83Lv790h79k,52463907.0,52485743.0,52509939.0,52533639.0,52557302.0,52581367.0,52604111.0,52628560.0,52659233.0,52694736.0,52729607.0,52759027.0,52787532.0,52813671.0,52843154.0,52874129.0,52903606.0,52930232.0,52955990.0,52983539.0,53011172.0,53040541.0,53069774.0,53099001.0,53126568.0,53152527.0,53179534.0,53206937.0,53233703.0,53260407.0,53287964.0,53312826.0,53336022.0,53360649.0,53386873.0,53413060.0,53439206.0,53463990.0,53489200.0,53513359.0,53538106.0,53562325.0,53586791.0,53611985.0,53637407.0,53662374.0,53685996.0,53710479.0,53733753.0,53755974.0,53777839.0,53801487.0,53823058.0,53843949.0,53866002.0,53888399.0,53910729.0,53934720.0,53960355.0,53986627.0,54009636.0,54035593.0,54061615.0,54085020.0,54107119.0,54129247.0,54152173.0,54174252.0,54194096.0,54219825.0,54243768.0,54266230.0,54288749.0,54310222.0,54330842.0,54353431.0,54376446.0,54400306.0,54425605.0,54450512.0,54474399.0,54497125.0,54520309.0,54544887.0,54568565.0,54593295.0,54618272.0,54642075.0,54666129.0,54690216.0,54713964.0,54738144.0,54762345.0,54786845.0,54811612.0,54833168.0,54854733.0,54876429.0,54899502.0,54923527.0,54950533.0,54976257.0,54999320.0,55022478.0,55046466.0,55070945.0,55094756.0,55120224.0,55145701.0,55169323.0,55191903.0,55215824.0,55238898.0,55261215.0,55284456.0,55308688.0,55330586.0,55351337.0,55373170.0,55393772.0,55415757.0,55438192.0,55460718.0,55481769.0,55503072.0,55524919.0,55546803.0,55570142.0,55594208.0,55618740.0,55641512.0,55663660.0,55685572.0,55706441.0,,,,,,,,,55897800.0,55918190.0,55936559.0,55953650.0,55972166.0,55989520.0,56005284.0,56021368.0,56037844.0,56052633.0,56067816.0,56083026.0,56099358.0,56115598.0,56130862.0,56146686.0,56161435.0,56176501.0,56192114.0,56208948.0,56226013.0,56243589.0,56260991.0,56276788.0,56292780.0,56309610.0,56326780.0,56344947.0,56362235.0,56379599.0,56396538.0,56414532.0,56432015.0,56449253.0,56466618.0,56484121.0,56502455.0,56520432.0,56539062.0,56557226.0,56574671.0,56591867.0,56610389.0,56628574.0,56645872.0,56663683.0,56681695.0,56700102.0,56718244.0,56736040.0,56752541.0,56768520.0,56785296.0,56802336.0,56819359.0,56837115.0,56854722.0,56871776.0,56888810.0,56907489.0,56926160.0,56943786.0,56958819.0,56974850.0,56990658.0,57006822.0,57023477.0,57040156.0,57056186.0,57069605.0,57085756.0,57103810.0,57119711.0,57136708.0,57154523.0,57172211.0,57191006.0,57210533.0,57230942.0,57250648.0,57270872.0,57290761.0,57312772.0,57334227.0,57356169.0,57377893.0,57397372.0,57416920.0,57435284.0,57453385.0,57472077.0,57491663.0,57510429.0,57528578.0,57547230.0,57566529.0,57586752.0,57607366.0,57627916.0,57647383.0,57666273.0,57685204.0,57703928.0,57723666.0,57743693.0,57765449.0,57790342.0,57816577.0,57843399.0,57869302.0,57896363.0,57923634.0,57952353.0,57979911.0,58005240.0,58029681.0,58052092.0,58073087.0,58093585.0,58114817.0,58136311.0,,58174906.0,58195391.0,58215565.0,58235443.0,58256451.0,58276650.0,58297133.0,58317441.0,58337762.0,58359398.0,58379813.0,58401214.0,58422752.0,58442373.0,58461035.0,58480894.0,58500481.0,58519644.0,58539611.0,58559067.0,58577421.0,58596248.0,58615565.0,58635707.0,58656799.0,58678548.0,58700000.0,58720177.0,58740273.0,58760568.0,58779911.0,58799359.0,58818122.0,58836021.0,58853298.0,58871146.0,58889409.0,58912414.0,58932021.0,58950512.0,58969109.0,58987580.0,59005637.0,59025992.0,59045170.0,59063591.0,59082141.0,59099707.0,59118328.0,59136849.0,59156659.0,59178966.0,59202682.0,59229287.0,59257312.0,59284002.0,59310464.0,59337147.0,59362991.0,59389183.0,59415980.0,59441367.0,59464440.0,59488287.0,59511062.0,59532815.0,59551922.0,59570817.0,59588652.0,59605201.0,59621098.0,59636638.0,59652247.0,59668193.0,59684237.0,59700018.0,59716088.0,59731862.0,59748303.0,59764626.0,59782166.0,59799000.0,59815557.0,59832339.0,59849254.0,59866860.0,59885383.0,59905258.0,59925375.0,59944870.0,59963393.0,59981247.0,60000148.0,60019342.0,60038361.0,60059168.0,60079789.0,60099768.0,60119605.0,60139966.0,60160037.0,60180134.0,60200705.0,60219795.0,60237863.0,60257014.0,60277779.0,60298706.0,60319498.0,60340229.0,60358912.0,60377003.0,60396143.0,60415949
mHNCM-YALSA,236971882.0,237110816.0,237271254.0,237425239.0,237576391.0,237740208.0,237915694.0,238081492.0,238258978.0,238436935.0,238633678.0,238825569.0,239040651.0,239245411.0,239456172.0,239655560.0,239857987.0,240052885.0,240235852.0,240425235.0,240613224.0,240805031.0,240981402.0,241151238.0,241319751.0,241484042.0,241642791.0,241806623.0,241977829.0,242143675.0,242309962.0,242467062.0,242622841.0,242783540.0,242945184.0,243105855.0,243265696.0,243432799.0,243588236.0,243740392.0,243904676.0,244067582.0,244236095.0,244400105.0,244557591.0,244702188.0,244835307.0,244996244.0,245158396.0,245310612.0,245470015.0,245634366.0,245792632.0,245941639.0,246111609.0,246276727.0,246439007.0,246594944.0,246750607.0,246904583.0,247035671.0,247187045.0,247335866.0,247486393.0,247639149.0,247813417.0,247961105.0,248114833.0,248258284.0,248433805.0,248600367.0,248759302.0,248929162.0,249090274.0,249248389.0,249413896.0,249573303.0,249730357.0,249886555.0,250040797.0,250200797.0,250359913.0,250507640.0,250665825.0,250819310.0,250972768.0,251131342.0,251298644.0,251462548.0,251614160.0,251766622.0,251913437.0,252060979.0,252213529.0,252364664.0,252506195.0,252642169.0,252780188.0,252921918.0,253066906.0,253218761.0,253367028.0,253495831.0,253627623.0,253758074.0,253894074.0,254027463.0,254170674.0,254317941.0,254450387.0,254578955.0,254718533.0,254859088.0,254995668.0,255139060.0,255282184.0,255412482.0,255547310.0,255682085.0,255814744.0,255952855.0,256088548.0,256227879.0,256356745.0,256495629.0,256633798.0,256769526.0,256916240.0,257061395.0,257207919.0,257336738.0,257468532.0,257602554.0,257727820.0,,,,,,,,,258902910.0,259047774.0,259170183.0,259289550.0,259409167.0,259529800.0,259648557.0,259769623.0,259898757.0,260010461.0,260127535.0,260245887.0,260372039.0,260494364.0,260615941.0,260736062.0,260845491.0,260956094.0,261071821.0,261195495.0,261317061.0,261449649.0,261580320.0,261698278.0,261821897.0,261943912.0,262067126.0,262192223.0,262315261.0,262440997.0,262555642.0,262673467.0,262790018.0,262902033.0,263016672.0,263131522.0,263245695.0,263350024.0,263460268.0,263572032.0,263683812.0,263792540.0,263906676.0,264019391.0,264123414.0,264225556.0,264329970.0,264436567.0,264543141.0,264649794.0,264755960.0,264852181.0,264953291.0,265061238.0,265166424.0,265272892.0,265383311.0,265489515.0,265589785.0,265702745.0,265820505.0,265934773.0,266024198.0,266129354.0,266232105.0,266337278.0,266445396.0,266557986.0,266676970.0,266762024.0,266868862.0,266974585.0,267079302.0,267190313.0,267305145.0,267421573.0,267537958.0,267653240.0,267762576.0,267860563.0,267965169.0,268085205.0,268202367.0,268324493.0,268442983.0,268561226.0,268666481.0,268779011.0,268889234.0,269000770.0,269112513.0,269230867.0,269354388.0,269463173.0,269572770.0,269683654.0,269798829.0,269913839.0,270032146.0,270145137.0,270251016.0,270357429.0,270465542.0,270575060.0,270684567.0,270792948.0,270901665.0,270999941.0,271103036.0,271207208.0,271318345.0,271429467.0,271541390.0,271649141.0,271747926.0,271849585.0,271944953.0,272043352.0,272143594.0,272246474.0,272352165.0,,272539395.0,272640901.0,272743536.0,272842731.0,272948740.0,273052452.0,273152664.0,273253094.0,273351876.0,273455662.0,273553632.0,273656494.0,273759590.0,273853917.0,273943339.0,274031918.0,274124640.0,274215439.0,274313218.0,274413455.0,274504666.0,274601629.0,274699972.0,274801735.0,274930647.0,275078526.0,275202073.0,275316874.0,275441025.0,275566030.0,275682758.0,275796983.0,275914202.0,276028159.0,276130847.0,276236861.0,276342543.0,276475207.0,276603860.0,276727797.0,276846963.0,276957951.0,277073850.0,277207691.0,277328264.0,277441602.0,277557158.0,277676060.0,277786825.0,277898584.0,278015705.0,278132761.0,278256126.0,278369535.0,278478351.0,278579127.0,278676939.0,278775845.0,278882017.0,278986620.0,279094662.0,279205266.0,279301919.0,279397042.0,279495936.0,279596051.0,279697939.0,279800716.0,279901559.0,279998630.0,280096151.0,280194553.0,280293984.0,280394301.0,280502214.0,280615505.0,280718217.0,280821824.0,280929865.0,281037357.0,281149352.0,281263147.0,281374618.0,281476405.0,281576216.0,281680593.0,281790009.0,281909192.0,282034100.0,282160124.0,282274728.0,282381589.0,282493656.0,282607249.0,282716954.0,282838372.0,282952957.0,283062527.0,283176169.0,283293739.0,283405887.0,283529243.0,283657589.0,283774309.0,283881954.0,283986773.0,284093067.0,284200686.0,284307838.0,284422403.0,284532530.0,284633783.0,284735995.0,284843029
UNo0TG9LwwI,189822869.0,189944198.0,190080920.0,190218054.0,190342580.0,190471503.0,190616974.0,190766763.0,190925910.0,191086812.0,191242100.0,191389899.0,191549266.0,191701619.0,191855368.0,192005938.0,192156093.0,192302875.0,192439660.0,192576897.0,192715050.0,192855179.0,192988022.0,193118667.0,193247903.0,193372334.0,193498928.0,193629898.0,193764672.0,193898668.0,194032650.0,194156414.0,194278152.0,194403857.0,194527181.0,194656806.0,194791743.0,194926797.0,195058393.0,195180094.0,195308593.0,195435042.0,195564023.0,195698363.0,195826981.0,195954361.0,196073117.0,196200056.0,196313829.0,196423297.0,196531828.0,196656592.0,196777300.0,196886779.0,197011307.0,197137947.0,197261651.0,197379741.0,197498007.0,197621306.0,197742016.0,197865069.0,197981442.0,198097224.0,198222513.0,198345359.0,198461040.0,198573196.0,198674646.0,198805356.0,198925325.0,199046207.0,199170215.0,199282110.0,199390797.0,199504872.0,199621531.0,199744406.0,199865131.0,199985611.0,200116903.0,200237212.0,200353065.0,200466949.0,200576879.0,200690567.0,200800172.0,200913582.0,201023995.0,201129547.0,201232298.0,201331301.0,201430415.0,201533170.0,201636896.0,201731982.0,201828330.0,201922446.0,202016752.0,202112619.0,202211491.0,202313292.0,202402469.0,202495422.0,202587033.0,202678610.0,202773336.0,202873130.0,202978005.0,203070676.0,203162229.0,203256324.0,203350747.0,203447046.0,203546341.0,203644137.0,203735761.0,203826240.0,203916510.0,204006173.0,204099537.0,204195661.0,204289105.0,204377247.0,204466242.0,204554345.0,204646647.0,204742657.0,204845846.0,204950739.0,205040369.0,205136557.0,205233159.0,205326858.0,,,,,,,,,206196144.0,206292813.0,206381286.0,206470223.0,206561923.0,206650385.0,206736793.0,206826679.0,206921976.0,207007980.0,207095429.0,207180244.0,207275233.0,207367653.0,207460919.0,207554838.0,207643061.0,207728653.0,207818784.0,207909249.0,207995792.0,208086637.0,208173940.0,208254134.0,208338386.0,208420383.0,208503294.0,208588074.0,208671116.0,208757898.0,208837729.0,208917659.0,208999952.0,209081517.0,209159911.0,209242182.0,209323153.0,209397204.0,209478538.0,209559523.0,209639149.0,209718817.0,209803759.0,209886753.0,209962900.0,210039694.0,210116830.0,210196440.0,210276291.0,210353839.0,210431060.0,210502706.0,210575358.0,210652301.0,210727997.0,210804421.0,210887535.0,210971518.0,211053862.0,211145653.0,211239806.0,211333751.0,211411565.0,211499526.0,211583442.0,211670439.0,211759271.0,211850978.0,211945314.0,212017012.0,212096205.0,212171075.0,212244686.0,212322648.0,212401730.0,212482498.0,212568463.0,212654058.0,212737754.0,212814598.0,212897109.0,212989371.0,213086997.0,213182555.0,213278458.0,213373086.0,213456925.0,213543770.0,213631131.0,213722445.0,213814458.0,213911592.0,214009729.0,214100582.0,214193346.0,214286480.0,214380371.0,214473250.0,214571093.0,214663229.0,214750269.0,214842844.0,214937173.0,215031471.0,215125863.0,215217188.0,215306840.0,215388372.0,215473858.0,215559153.0,215646462.0,215734902.0,215827340.0,215915561.0,215998603.0,216082638.0,216164230.0,216248246.0,216335177.0,216429034.0,216523908.0,,216702886.0,216798382.0,216889082.0,216979404.0,217074122.0,217164749.0,217254160.0,217343016.0,217431325.0,217521186.0,217613221.0,217706539.0,217798835.0,217879700.0,217954997.0,218034191.0,218119013.0,218204179.0,218293232.0,218380782.0,218462570.0,218548199.0,218642128.0,218739697.0,218885584.0,219075078.0,219232812.0,219366071.0,219513770.0,219663550.0,219808034.0,219947528.0,220093579.0,220212056.0,220325418.0,220441294.0,220562668.0,220710024.0,220855815.0,220995722.0,221138491.0,221268833.0,221406220.0,221562359.0,221705598.0,221836671.0,221974423.0,222105279.0,222224016.0,222342008.0,222456410.0,222569033.0,222688127.0,222810112.0,222926007.0,223035924.0,223144258.0,223252255.0,223361965.0,223469189.0,223578715.0,223688559.0,223786966.0,223881779.0,223976706.0,224070920.0,224166360.0,224263691.0,224355041.0,224445519.0,224538680.0,224631333.0,224729235.0,224834827.0,224939060.0,225039925.0,225131354.0,225226724.0,225323504.0,225424761.0,225528214.0,225633744.0,225735202.0,225827008.0,225924252.0,226021243.0,226121700.0,226226497.0,226333716.0,226441156.0,226537631.0,226630387.0,226729611.0,226827601.0,226925382.0,227030846.0,227128840.0,227225846.0,227329657.0,227437868.0,227543690.0,227658281.0,227775026.0,227882915.0,227976203.0,228075101.0,228174123.0,228273645.0,228375452.0,228478986.0,228577722.0,228670622.0,228771636.0,228874187
XSDEGqG6m3o,8176850.0,8182164.0,8189130.0,8194967.0,8200443.0,8206926.0,8213551.0,8218910.0,8224326.0,8231611.0,8241474.0,8248651.0,8254997.0,8262558.0,8273087.0,8285700.0,8296713.0,8305809.0,8315764.0,8328391.0,8339844.0,8351082.0,8362127.0,8371983.0,8380752.0,8388931.0,8398087.0,8408836.0,8417715.0,8425877.0,8433296.0,8440450.0,8449183.0,8458167.0,8466062.0,8475480.0,8485480.0,8492077.0,8498872.0,8505166.0,8511021.0,8517750.0,8524746.0,8532204.0,8541149.0,8548085.0,8554708.0,8563543.0,8572329.0,8579477.0,8586555.0,8594643.0,8600699.0,8607627.0,8614883.0,8623976.0,8633145.0,8642299.0,8650248.0,8657587.0,8664126.0,8671909.0,8679441.0,8687172.0,8694053.0,8700265.0,8706251.0,8712723.0,8719649.0,8728016.0,8737619.0,8745655.0,8753578.0,8761317.0,8768904.0,8775826.0,8782410.0,8790946.0,8798491.0,8805480.0,8812128.0,8819432.0,8827816.0,8836918.0,8845604.0,8853358.0,8860920.0,8867223.0,8875222.0,8883275.0,8891259.0,8899965.0,8908389.0,8917503.0,8926335.0,8934549.0,8941991.0,8949497.0,8956914.0,8965001.0,8973437.0,8980581.0,8987417.0,8996549.0,9004795.0,9013175.0,9021075.0,9029037.0,9036903.0,9044593.0,9052704.0,9060395.0,9068912.0,9076996.0,9084694.0,9092643.0,9101463.0,9110828.0,9120777.0,9129255.0,9137874.0,9145838.0,9154146.0,9162349.0,9170569.0,9179183.0,9187810.0,9195099.0,9202042.0,9208604.0,9221423.0,9228987.0,9236208.0,9243057.0,,,,,,,,,9312809.0,9320912.0,9328605.0,9335939.0,9342512.0,9348965.0,9354390.0,9359846.0,9366080.0,9371426.0,9377150.0,9382486.0,9387916.0,9393622.0,9398603.0,9402933.0,9407835.0,9413195.0,9418166.0,9424405.0,9431268.0,9437915.0,9443928.0,9450375.0,9457021.0,9463903.0,9472040.0,9479390.0,9485893.0,9492124.0,9498785.0,9506095.0,9513490.0,9521042.0,9528381.0,9535824.0,9542344.0,9549430.0,9556752.0,9563813.0,9570164.0,9577442.0,9584364.0,9591048.0,9597727.0,9604043.0,9611199.0,9618780.0,9626877.0,9634502.0,9641091.0,9647694.0,9654614.0,9660954.0,9668012.0,9675513.0,9683001.0,9689969.0,9698323.0,9706950.0,9715943.0,9723489.0,9729847.0,9736816.0,9743756.0,9751183.0,9758673.0,9766290.0,9773571.0,9779792.0,9787155.0,9795308.0,9804540.0,9814676.0,9824842.0,9834164.0,9844091.0,9852865.0,9859935.0,9867395.0,9875534.0,9884360.0,9894373.0,9904456.0,9913907.0,9922753.0,9931139.0,9938307.0,9945475.0,9953097.0,9960425.0,9967077.0,9973308.0,9979099.0,9986494.0,9994088.0,10001796.0,10008886.0,10015093.0,10020921.0,10027641.0,10035400.0,10042566.0,10049788.0,10057391.0,10063836.0,10069962.0,10076690.0,10083494.0,10091289.0,10098902.0,10107220.0,10114819.0,10121788.0,10128062.0,10133901.0,10140061.0,10148258.0,10157462.0,10165251.0,10173181.0,,10190257.0,10198852.0,10207973.0,10216211.0,10223783.0,10230589.0,10238247.0,10246644.0,10254417.0,10263257.0,10272644.0,10280384.0,10286938.0,10293848.0,10299776.0,10306247.0,10312326.0,10318006.0,10323605.0,10328943.0,10334168.0,10339464.0,10344764.0,10350601.0,10356244.0,10362624.0,10369701.0,10377483.0,10386525.0,10395102.0,10402823.0,10410901.0,10419056.0,10427255.0,10434101.0,10441130.0,10448602.0,10456097.0,10464510.0,10472717.0,10480967.0,10488535.0,10496408.0,10502862.0,10508977.0,10514938.0,10521235.0,10526804.0,10532762.0,10539057.0,10545102.0,10550580.0,10555960.0,10561021.0,10565420.0,10569548.0,10574086.0,10578504.0,10583094.0,10588012.0,10593118.0,10597476.0,10601652.0,10606636.0,10612289.0,10618561.0,10625222.0,10632547.0,10638880.0,10645357.0,10652232.0,10659669.0,10666884.0,10674018.0,10681760.0,10688955.0,10696001.0,10703475.0,10710639.0,10718671.0,10727437.0,10736381.0,10744549.0,10754622.0,10766630.0,10776088.0,10784453.0,10793236.0,10801947.0,10810692.0,10819402.0,10828920.0,10841094.0,10853788.0,10865211.0,10877473.0,10887387.0,10898281.0,10909179.0,10920335.0,10932320.0,10944943.0,10955817.0,10965938.0,10977101.0,10988165.0,10999042.0,11010590.0,11021188.0,11032400.0,11043047.0,11053268.0,11063571.0,11073356
O1d2DYZZrek,68494639.0,68521571.0,68553523.0,68585467.0,68615678.0,68646457.0,68678392.0,68713145.0,68750082.0,68790072.0,68829868.0,68866472.0,68903927.0,68942569.0,68982321.0,69022194.0,69062496.0,69101535.0,69135985.0,69171790.0,69208267.0,69244823.0,69282301.0,69320836.0,69358010.0,69391727.0,69425493.0,69459018.0,69493100.0,69527739.0,69563305.0,69596813.0,69627146.0,69658518.0,69692697.0,69727113.0,69762228.0,69796131.0,69832469.0,69865850.0,69901083.0,69935455.0,69968836.0,70004852.0,70041129.0,70076488.0,70107142.0,70140231.0,70173134.0,70203876.0,70235134.0,70269964.0,70301330.0,70331563.0,70364379.0,70397007.0,70430217.0,70462732.0,70496331.0,70531356.0,70560367.0,70590020.0,70618340.0,70648056.0,70677851.0,70708370.0,70739774.0,70770164.0,70797981.0,70832802.0,70864170.0,70893396.0,70923517.0,70956158.0,70984398.0,71013343.0,71043126.0,71072034.0,71102205.0,71134223.0,71165297.0,71192685.0,71221284.0,71250087.0,71278233.0,71308254.0,71339960.0,71369430.0,71396478.0,71423624.0,71449998.0,71476005.0,71504702.0,71534254.0,71563650.0,71589447.0,71616771.0,71645039.0,71677299.0,71713919.0,71754506.0,71791742.0,71823893.0,71854107.0,71885088.0,71917553.0,71947754.0,71977939.0,72007638.0,72034181.0,72060663.0,72088791.0,72116647.0,72147003.0,72178673.0,72209749.0,72237870.0,72266068.0,72293754.0,72320975.0,72349300.0,72380400.0,72410540.0,72438012.0,72466839.0,72496309.0,72525641.0,72555555.0,72586746.0,72619256.0,72649073.0,72678461.0,72708034.0,72735982.0,,,,,,,,,72985937.0,73013375.0,73038760.0,73063197.0,73087133.0,73109571.0,73131425.0,73154637.0,73179452.0,73201552.0,73222950.0,73243550.0,73266328.0,73289154.0,73313211.0,73337508.0,73359622.0,73382915.0,73406054.0,73430652.0,73454916.0,73480961.0,73507646.0,73530569.0,73554429.0,73578144.0,73602612.0,73627492.0,73652677.0,73678488.0,73701194.0,73724071.0,73749041.0,73774610.0,73801041.0,73827261.0,73852980.0,73875881.0,73899179.0,73922793.0,73946226.0,73970460.0,73996028.0,74021604.0,74045500.0,74068975.0,74092004.0,74115114.0,74139287.0,74164554.0,74189156.0,74211860.0,74235142.0,74258803.0,74282800.0,74306853.0,74333333.0,74360212.0,74385476.0,74413384.0,74442103.0,74472696.0,74496686.0,74523041.0,74548638.0,74573606.0,74599691.0,74625822.0,74656063.0,74677236.0,74701478.0,74725422.0,74749553.0,74774980.0,74801492.0,74829654.0,74861500.0,74897945.0,74934445.0,74965782.0,74999077.0,75034848.0,75073558.0,75112327.0,75153566.0,75192623.0,75225412.0,75259589.0,75293838.0,75328074.0,75363781.0,75401580.0,75439199.0,75472122.0,75505140.0,75538804.0,75574753.0,75611419.0,75650245.0,75686561.0,75721587.0,75758572.0,75795358.0,75832358.0,75868937.0,75905727.0,75940814.0,75972694.0,76005905.0,76039560.0,76073094.0,76105805.0,76139524.0,76170451.0,76199026.0,76227921.0,76253699.0,76280685.0,76308139.0,76337161.0,76367049.0,,76418839.0,76446817.0,76474725.0,76502404.0,76533275.0,76562432.0,76589230.0,76614899.0,76640896.0,76667534.0,76693924.0,76722228.0,76749534.0,76773669.0,76796858.0,76821780.0,76846806.0,76872137.0,76899878.0,76926843.0,76951715.0,76977050.0,77002630.0,77029614.0,77062177.0,77102852.0,77139963.0,77174067.0,77205715.0,77241744.0,77278303.0,77312791.0,77348438.0,77383899.0,77415830.0,77447687.0,77480936.0,77519746.0,77556114.0,77590625.0,77624615.0,77655827.0,77685833.0,77717849.0,77746766.0,77774073.0,77802759.0,77830357.0,77856333.0,77881576.0,77907572.0,77934107.0,77962495.0,77993975.0,78023764.0,78050620.0,78077945.0,78105107.0,78133155.0,78161972.0,78193095.0,78225529.0,78252957.0,78278807.0,78306933.0,78336891.0,78368610.0,78400896.0,78430151.0,78456543.0,78483851.0,78511810.0,78539215.0,78567850.0,78598945.0,78628763.0,78656716.0,78682916.0,78709061.0,78735328.0,78764464.0,78794925.0,78823875.0,78848820.0,78873655.0,78899525.0,78926819.0,78956322.0,78986015.0,79016786.0,79042964.0,79068690.0,79096518.0,79125387.0,79154755.0,79187716.0,79218732.0,79247067.0,79274783.0,79302606.0,79330349.0,79361058.0,79391929.0,79419556.0,79444434.0,79469499.0,79494649.0,79521055.0,79547613.0,79575980.0,79603291.0,79626747.0,79651538.0,79676232
oUBQ7PqN3wY,134277.0,134294.0,134306.0,134318.0,134336.0,134355.0,134372.0,134394.0,134414.0,134441.0,134454.0,134468.0,134488.0,134503.0,134524.0,134534.0,134554.0,134573.0,134587.0,134606.0,134628.0,134653.0,134672.0,134697.0,134717.0,134742.0,134756.0,134780.0,134804.0,134825.0,134840.0,134854.0,134872.0,134891.0,134919.0,134941.0,134959.0,134975.0,134990.0,135009.0,135036.0,135070.0,135090.0,135111.0,135144.0,135156.0,135173.0,135201.0,135221.0,135246.0,135274.0,135292.0,135315.0,135335.0,135351.0,135369.0,135382.0,135395.0,135413.0,135427.0,135444.0,135460.0,135469.0,135485.0,135497.0,135512.0,135527.0,135550.0,135559.0,135572.0,135598.0,135615.0,135626.0,135638.0,135654.0,135672.0,135687.0,135700.0,135712.0,135734.0,135746.0,135760.0,135774.0,135791.0,135811.0,135825.0,135847.0,135859.0,135883.0,135895.0,135911.0,135930.0,135950.0,135961.0,135982.0,135993.0,136000.0,136019.0,136036.0,136052.0,136065.0,136078.0,136098.0,136116.0,136131.0,136144.0,136159.0,136175.0,136188.0,136199.0,136208.0,136221.0,136242.0,136252.0,136266.0,136275.0,136303.0,136316.0,136341.0,136357.0,136381.0,136392.0,136407.0,136416.0,136425.0,136443.0,136461.0,136477.0,136489.0,136500.0,136508.0,136528.0,136545.0,136554.0,,,,,,,,,136655.0,136669.0,136681.0,136693.0,136698.0,136717.0,136726.0,136738.0,136752.0,136764.0,136777.0,136786.0,136789.0,136794.0,136803.0,136810.0,136818.0,136825.0,136827.0,136837.0,136841.0,136846.0,136859.0,136870.0,136876.0,136882.0,136890.0,136897.0,136903.0,136911.0,136919.0,136925.0,136931.0,136936.0,136941.0,136947.0,136952.0,136960.0,136970.0,136978.0,136989.0,136992.0,136999.0,137003.0,137012.0,137018.0,137025.0,137031.0,137036.0,137036.0,137044.0,137048.0,137053.0,137057.0,137060.0,137064.0,137068.0,137074.0,137078.0,137081.0,137085.0,137089.0,137099.0,137101.0,137107.0,137113.0,137118.0,137124.0,137130.0,137137.0,137147.0,137155.0,137162.0,137164.0,137172.0,137178.0,137182.0,137189.0,137194.0,137199.0,137206.0,137211.0,137219.0,137230.0,137234.0,137233.0,137241.0,137244.0,137252.0,137258.0,137260.0,137264.0,137277.0,137284.0,137290.0,137295.0,137297.0,137301.0,137307.0,137308.0,137312.0,137315.0,137320.0,137324.0,137326.0,137328.0,137329.0,137332.0,137335.0,137338.0,137344.0,137347.0,137351.0,137355.0,137359.0,137360.0,137360.0,137365.0,137367.0,137371.0,137375.0,,137385.0,137386.0,137390.0,137395.0,137402.0,137405.0,137407.0,137409.0,137410.0,137411.0,137413.0,137414.0,137416.0,137419.0,137421.0,137423.0,137424.0,137427.0,137433.0,137437.0,137441.0,137448.0,137452.0,137453.0,137461.0,137462.0,137464.0,137468.0,137477.0,137482.0,137487.0,137491.0,137494.0,137496.0,137503.0,137506.0,137508.0,137513.0,137517.0,137524.0,137528.0,137532.0,137535.0,137543.0,137546.0,137547.0,137549.0,137554.0,137558.0,137564.0,137567.0,137571.0,137575.0,137583.0,137586.0,137586.0,137593.0,137594.0,137600.0,137605.0,137610.0,137612.0,137615.0,137618.0,137623.0,137630.0,137633.0,137638.0,137646.0,137652.0,137653.0,137654.0,137665.0,137667.0,137676.0,137687.0,137690.0,137693.0,137694.0,137698.0,137706.0,137710.0,137714.0,137716.0,137720.0,137723.0,137723.0,137723.0,137728.0,137731.0,137735.0,137738.0,137744.0,137747.0,137751.0,137756.0,137760.0,137761.0,137762.0,137763.0,137766.0,137768.0,137769.0,137772.0,137774.0,137773.0,137776.0,137778.0,137782.0,137784.0,137787.0,137789.0,137792.0,137796
GWpbqNko3GI,28063.0,28069.0,28079.0,28081.0,28094.0,28097.0,28103.0,28108.0,28115.0,28117.0,28126.0,28129.0,28130.0,28135.0,28138.0,28144.0,28147.0,28153.0,28154.0,28157.0,28165.0,28167.0,28175.0,28181.0,28186.0,28191.0,28195.0,28204.0,28210.0,28213.0,28216.0,28221.0,28224.0,28236.0,28238.0,28241.0,28241.0,28245.0,28254.0,28258.0,28264.0,28268.0,28275.0,28281.0,28287.0,28291.0,28294.0,28299.0,28302.0,28312.0,28317.0,28322.0,28334.0,28340.0,28341.0,28347.0,28350.0,28358.0,28363.0,28373.0,28376.0,28384.0,28387.0,28392.0,28396.0,28401.0,28410.0,28413.0,28418.0,28425.0,28428.0,28437.0,28442.0,28449.0,28456.0,28466.0,28468.0,28472.0,28475.0,28482.0,28483.0,28488.0,28493.0,28496.0,28504.0,28511.0,28514.0,28517.0,28522.0,28528.0,28532.0,28537.0,28539.0,28545.0,28555.0,28559.0,28565.0,28567.0,28568.0,28574.0,28575.0,28583.0,28584.0,28592.0,28597.0,28603.0,28609.0,28615.0,28619.0,28622.0,28627.0,28633.0,28638.0,28645.0,28648.0,28653.0,28651.0,28654.0,28657.0,28663.0,28666.0,28669.0,28674.0,28677.0,28683.0,28690.0,28695.0,28703.0,28709.0,28712.0,28713.0,28716.0,28719.0,28725.0,,,,,,,,,28754.0,28760.0,28765.0,28769.0,28781.0,28785.0,28792.0,28796.0,28803.0,28805.0,28810.0,28815.0,28820.0,28823.0,28827.0,28830.0,28836.0,28842.0,28846.0,28850.0,28856.0,28868.0,28878.0,28885.0,28896.0,28906.0,28906.0,28909.0,28913.0,28916.0,28919.0,28925.0,28929.0,28938.0,28942.0,28945.0,28945.0,28950.0,28952.0,28959.0,28961.0,28971.0,28979.0,28985.0,28991.0,28994.0,29000.0,29007.0,29015.0,29022.0,29027.0,29029.0,29034.0,29042.0,29044.0,29050.0,29056.0,29064.0,29068.0,29070.0,29078.0,29085.0,29090.0,29092.0,29096.0,29097.0,29103.0,29109.0,29113.0,29117.0,29121.0,29121.0,29127.0,29129.0,29133.0,29135.0,29141.0,29147.0,29151.0,29161.0,29166.0,29172.0,29174.0,29179.0,29185.0,29187.0,29194.0,29203.0,29207.0,29208.0,29210.0,29214.0,29219.0,29221.0,29226.0,29228.0,29231.0,29232.0,29234.0,29237.0,29241.0,29244.0,29248.0,29251.0,29258.0,29260.0,29263.0,29264.0,29266.0,29271.0,29272.0,29275.0,29278.0,29278.0,29281.0,29288.0,29295.0,29302.0,29309.0,29315.0,29322.0,,29332.0,29336.0,29339.0,29341.0,29346.0,29355.0,29356.0,29363.0,29368.0,29374.0,29375.0,29378.0,29384.0,29385.0,29392.0,29397.0,29402.0,29408.0,29413.0,29414.0,29422.0,29427.0,29433.0,29438.0,29441.0,29448.0,29454.0,29456.0,29462.0,29472.0,29477.0,29484.0,29486.0,29488.0,29499.0,29523.0,29529.0,29537.0,29545.0,29552.0,29558.0,29559.0,29564.0,29568.0,29573.0,29577.0,29579.0,29582.0,29585.0,29588.0,29591.0,29594.0,29597.0,29597.0,29601.0,29603.0,29604.0,29608.0,29612.0,29614.0,29618.0,29621.0,29629.0,29632.0,29634.0,29638.0,29643.0,29649.0,29652.0,29653.0,29659.0,29662.0,29665.0,29667.0,29668.0,29672.0,29680.0,29684.0,29687.0,29693.0,29699.0,29702.0,29703.0,29710.0,29719.0,29729.0,29736.0,29750.0,29756.0,29766.0,29770.0,29775.0,29777.0,29778.0,29785.0,29788.0,29789.0,29796.0,29802.0,29806.0,29808.0,29811.0,29812.0,29812.0,29816.0,29817.0,29822.0,29828.0,29831.0,29835.0,29837.0,29841.0,29845.0,29851
MZz6aZBoPh8,11250.0,11251.0,11254.0,11258.0,11260.0,11261.0,11264.0,11265.0,11268.0,11270.0,11274.0,11275.0,11281.0,11287.0,11288.0,11292.0,11294.0,11301.0,11305.0,11306.0,11311.0,11312.0,11314.0,11319.0,11324.0,11324.0,11326.0,11327.0,11331.0,11332.0,11333.0,11335.0,11336.0,11338.0,11339.0,11341.0,11343.0,11346.0,11352.0,11355.0,11365.0,11373.0,11374.0,11374.0,11379.0,11383.0,11387.0,11387.0,11394.0,11397.0,11400.0,11404.0,11414.0,11423.0,11431.0,11435.0,11441.0,11443.0,11450.0,11451.0,11457.0,11462.0,11465.0,11472.0,11480.0,11484.0,11486.0,11489.0,11493.0,11496.0,11498.0,11502.0,11508.0,11509.0,11511.0,11518.0,11523.0,11541.0,11554.0,11565.0,11566.0,11573.0,11579.0,11588.0,11596.0,11604.0,11613.0,11618.0,11623.0,11625.0,11630.0,11633.0,11637.0,11642.0,11649.0,11655.0,11660.0,11663.0,11665.0,11669.0,11673.0,11674.0,11675.0,11678.0,11681.0,11686.0,11691.0,11697.0,11698.0,11699.0,11702.0,11704.0,11706.0,11709.0,11717.0,11718.0,11719.0,11721.0,11725.0,11728.0,11734.0,11738.0,11744.0,11746.0,11752.0,11756.0,11765.0,11769.0,11772.0,11772.0,11774.0,11778.0,11781.0,11784.0,,,,,,,,,11810.0,11813.0,11814.0,11820.0,11829.0,11832.0,11835.0,11841.0,11847.0,11850.0,11853.0,11856.0,11856.0,11859.0,11862.0,11863.0,11865.0,11868.0,11872.0,11876.0,11881.0,11885.0,11887.0,11892.0,11894.0,11896.0,11899.0,11902.0,11903.0,11904.0,11906.0,11907.0,11912.0,11915.0,11915.0,11917.0,11918.0,11918.0,11920.0,11920.0,11923.0,11925.0,11926.0,11929.0,11931.0,11932.0,11934.0,11935.0,11935.0,11936.0,11939.0,11943.0,11947.0,11953.0,11959.0,11963.0,11970.0,11976.0,11979.0,11982.0,11982.0,11983.0,11986.0,11990.0,11995.0,12000.0,12002.0,12006.0,12015.0,12019.0,12023.0,12026.0,12029.0,12030.0,12032.0,12038.0,12043.0,12050.0,12052.0,12056.0,12058.0,12061.0,12067.0,12071.0,12073.0,12075.0,12078.0,12081.0,12084.0,12091.0,12094.0,12095.0,12097.0,12098.0,12102.0,12103.0,12104.0,12106.0,12106.0,12107.0,12108.0,12111.0,12115.0,12117.0,12120.0,12123.0,12123.0,12127.0,12129.0,12134.0,12136.0,12137.0,12138.0,12139.0,12141.0,12142.0,12143.0,12145.0,12146.0,12147.0,12147.0,,12148.0,12150.0,12151.0,12152.0,12152.0,12156.0,12167.0,12168.0,12168.0,12169.0,12171.0,12173.0,12174.0,12176.0,12176.0,12177.0,12177.0,12178.0,12179.0,12180.0,12180.0,12180.0,12182.0,12182.0,12185.0,12189.0,12192.0,12194.0,12197.0,12197.0,12200.0,12202.0,12205.0,12205.0,12207.0,12207.0,12207.0,12207.0,12208.0,12211.0,12211.0,12211.0,12217.0,12220.0,12220.0,12221.0,12223.0,12223.0,12223.0,12223.0,12225.0,12226.0,12227.0,12229.0,12229.0,12230.0,12229.0,12229.0,12230.0,12230.0,12231.0,12234.0,12235.0,12238.0,12241.0,12243.0,12244.0,12244.0,12248.0,12248.0,12250.0,12253.0,12257.0,12257.0,12257.0,12259.0,12260.0,12261.0,12261.0,12261.0,12262.0,12262.0,12262.0,12267.0,12269.0,12270.0,12271.0,12273.0,12276.0,12276.0,12279.0,12280.0,12282.0,12283.0,12283.0,12283.0,12284.0,12286.0,12286.0,12290.0,12291.0,12295.0,12296.0,12296.0,12296.0,12297.0,12298.0,12299.0,12299.0,12299.0,12300.0,12300.0,12302.0,12304
VqzNufl-BeI,88146.0,88263.0,88384.0,88458.0,88573.0,88652.0,88772.0,88853.0,88962.0,89086.0,89192.0,89289.0,89377.0,89468.0,89572.0,89699.0,89826.0,89920.0,90007.0,90093.0,90208.0,90312.0,90423.0,90537.0,90641.0,90735.0,90846.0,90935.0,91021.0,91110.0,91190.0,91330.0,91413.0,91482.0,91601.0,91706.0,91818.0,91925.0,92013.0,92115.0,92206.0,92306.0,92395.0,92515.0,92612.0,92700.0,92827.0,92955.0,93077.0,93186.0,93295.0,93401.0,93492.0,93605.0,93723.0,93804.0,93920.0,94039.0,94153.0,94236.0,94329.0,94415.0,94510.0,94612.0,94725.0,94857.0,94968.0,95078.0,95160.0,95273.0,95385.0,95490.0,95570.0,95662.0,95773.0,95865.0,96039.0,96143.0,96256.0,96356.0,96488.0,96576.0,96702.0,96812.0,96955.0,97135.0,97283.0,97398.0,97511.0,97630.0,97751.0,97859.0,98000.0,98098.0,98214.0,98308.0,98435.0,98542.0,98654.0,98775.0,98916.0,99036.0,99164.0,99273.0,99390.0,99508.0,99619.0,99744.0,99871.0,100011.0,100126.0,100238.0,100386.0,100510.0,100648.0,100756.0,100909.0,101034.0,101141.0,101272.0,101370.0,101492.0,101577.0,101686.0,101775.0,101915.0,102019.0,102123.0,102257.0,102383.0,102490.0,102583.0,102698.0,102847.0,,,,,,,,,104140.0,104264.0,104414.0,104550.0,104658.0,104778.0,104896.0,104987.0,105112.0,105263.0,105386.0,105510.0,105696.0,105845.0,106006.0,106105.0,106344.0,106472.0,106628.0,106791.0,106922.0,107074.0,107173.0,107357.0,107538.0,107690.0,107830.0,107993.0,108163.0,108314.0,108484.0,108687.0,108897.0,109157.0,109477.0,109667.0,109868.0,110123.0,110515.0,110835.0,111202.0,111585.0,111920.0,112287.0,112741.0,113180.0,113806.0,114320.0,114800.0,115205.0,115509.0,115909.0,116289.0,116707.0,117321.0,117782.0,118052.0,118460.0,118990.0,119489.0,119941.0,120226.0,120724.0,121059.0,121384.0,121875.0,122447.0,122999.0,123358.0,123812.0,124238.0,124607.0,125130.0,125695.0,126375.0,127092.0,127777.0,128161.0,128449.0,128673.0,128999.0,129271.0,129598.0,129917.0,130178.0,130383.0,130609.0,130930.0,131185.0,131449.0,131716.0,131959.0,132199.0,132573.0,132949.0,133482.0,134133.0,134904.0,135553.0,136159.0,136950.0,137547.0,138100.0,138657.0,139141.0,139536.0,139940.0,140365.0,140737.0,141160.0,141694.0,142143.0,142504.0,142840.0,143158.0,143498.0,143774.0,144170.0,144544.0,144848.0,145116.0,,145710.0,145932.0,146193.0,146372.0,146505.0,146713.0,146897.0,147078.0,147182.0,147306.0,147407.0,147547.0,147661.0,147750.0,147885.0,148018.0,148112.0,148239.0,148343.0,148476.0,148589.0,148707.0,148797.0,148896.0,148980.0,149063.0,149184.0,149306.0,149419.0,149498.0,149606.0,149716.0,149810.0,149914.0,149981.0,150065.0,150141.0,150227.0,150291.0,150381.0,150489.0,150617.0,150721.0,150807.0,150911.0,151024.0,151188.0,151339.0,151512.0,151619.0,151720.0,151816.0,151938.0,152102.0,152201.0,152318.0,152433.0,152552.0,152672.0,152821.0,152971.0,153068.0,153185.0,153290.0,153457.0,153597.0,153816.0,154024.0,154156.0,154353.0,154515.0,154655.0,154817.0,155023.0,155181.0,155322.0,155453.0,155601.0,155753.0,155860.0,155973.0,156085.0,156159.0,156248.0,156336.0,156451.0,156479.0,156569.0,156687.0,156781.0,156877.0,156954.0,157044.0,157121.0,157217.0,157301.0,157382.0,157465.0,157538.0,157622.0,157707.0,157822.0,157903.0,157978.0,158066.0,158161.0,158279.0,158374.0,158484.0,158569.0,158673.0,158768.0,158862.0,158983
OgQVX8UvEzM,103892.0,103933.0,103973.0,104010.0,104049.0,104071.0,104116.0,104148.0,104164.0,104202.0,104230.0,104268.0,104302.0,104333.0,104365.0,104404.0,104429.0,104447.0,104482.0,104501.0,104522.0,104554.0,104582.0,104606.0,104632.0,104660.0,104685.0,104712.0,104742.0,104775.0,104816.0,104840.0,104881.0,104903.0,104935.0,104969.0,105007.0,105038.0,105065.0,105084.0,105110.0,105136.0,105163.0,105193.0,105219.0,105247.0,105271.0,105296.0,105333.0,105371.0,105399.0,105423.0,105457.0,105484.0,105510.0,105538.0,105572.0,105588.0,105615.0,105637.0,105674.0,105705.0,105726.0,105749.0,105780.0,105806.0,105827.0,105863.0,105887.0,105925.0,105965.0,105992.0,106017.0,106053.0,106080.0,106129.0,106165.0,106225.0,106258.0,106303.0,106335.0,106398.0,106427.0,106473.0,106513.0,106556.0,106596.0,106629.0,106667.0,106713.0,106748.0,106793.0,106832.0,106865.0,106908.0,106944.0,106979.0,107022.0,107058.0,107089.0,107118.0,107157.0,107189.0,107220.0,107246.0,107274.0,107310.0,107347.0,107374.0,107406.0,107441.0,107470.0,107505.0,107546.0,107586.0,107609.0,107654.0,107704.0,107754.0,107800.0,107849.0,107884.0,107920.0,107949.0,107978.0,108010.0,108033.0,108070.0,108109.0,108136.0,108168.0,108201.0,108236.0,108275.0,,,,,,,,,108564.0,108604.0,108641.0,108663.0,108697.0,108733.0,108765.0,108808.0,108843.0,108858.0,108894.0,108943.0,108972.0,108999.0,109028.0,109051.0,109094.0,109127.0,109167.0,109193.0,109222.0,109245.0,109273.0,109305.0,109329.0,109360.0,109386.0,109419.0,109440.0,109464.0,109491.0,109509.0,109533.0,109574.0,109613.0,109649.0,109677.0,109706.0,109743.0,109782.0,109812.0,109849.0,109887.0,109911.0,109951.0,109985.0,110012.0,110048.0,110076.0,110101.0,110133.0,110153.0,110181.0,110207.0,110233.0,110265.0,110298.0,110333.0,110359.0,110393.0,110436.0,110476.0,110510.0,110547.0,110566.0,110603.0,110638.0,110674.0,110698.0,110715.0,110747.0,110771.0,110811.0,110854.0,110883.0,110922.0,110959.0,110993.0,111027.0,111044.0,111073.0,111111.0,111138.0,111166.0,111212.0,111251.0,111271.0,111305.0,111338.0,111364.0,111392.0,111446.0,111489.0,111529.0,111565.0,111602.0,111634.0,111661.0,111693.0,111727.0,111753.0,111792.0,111822.0,111857.0,111884.0,111932.0,111953.0,111980.0,112016.0,112046.0,112074.0,112121.0,112166.0,112214.0,112258.0,112301.0,112344.0,112384.0,112465.0,112522.0,112574.0,,112683.0,112734.0,112778.0,112818.0,112871.0,112910.0,112975.0,113039.0,113094.0,113129.0,113180.0,113226.0,113267.0,113316.0,113366.0,113412.0,113459.0,113488.0,113521.0,113568.0,113597.0,113647.0,113692.0,113723.0,113756.0,113797.0,113839.0,113897.0,113946.0,114024.0,114075.0,114127.0,114181.0,114213.0,114238.0,114285.0,114327.0,114381.0,114417.0,114454.0,114501.0,114562.0,114608.0,114651.0,114694.0,114742.0,114795.0,114827.0,114870.0,114919.0,114950.0,115000.0,115051.0,115108.0,115150.0,115193.0,115238.0,115276.0,115325.0,115393.0,115431.0,115461.0,115509.0,115549.0,115612.0,115658.0,115710.0,115739.0,115781.0,115842.0,115886.0,115933.0,115973.0,116035.0,116088.0,116134.0,116185.0,116234.0,116273.0,116320.0,116393.0,116449.0,116478.0,116517.0,116552.0,116617.0,116666.0,116716.0,116756.0,116790.0,116819.0,116879.0,116919.0,116963.0,117001.0,117045.0,117084.0,117126.0,117156.0,117198.0,117247.0,117277.0,117312.0,117346.0,117385.0,117425.0,117458.0,117505.0,117544.0,117588.0,117630.0,117687.0,117727.0,117782
Qi-z6yAijgg,385645.0,385980.0,386278.0,386574.0,387197.0,387835.0,388221.0,388561.0,388991.0,389664.0,390180.0,390592.0,390944.0,391601.0,392372.0,393340.0,394100.0,394529.0,395046.0,395867.0,396707.0,397606.0,398565.0,399025.0,399337.0,399705.0,400318.0,401448.0,402348.0,402876.0,403397.0,404030.0,404664.0,405052.0,405555.0,406332.0,407005.0,407375.0,407706.0,408043.0,408343.0,408788.0,409202.0,409630.0,410211.0,410665.0,411070.0,411382.0,411669.0,412028.0,412320.0,412680.0,412967.0,413263.0,413565.0,413981.0,414309.0,414644.0,414967.0,415306.0,415654.0,416074.0,416442.0,416996.0,417340.0,417609.0,417901.0,418209.0,418624.0,419071.0,419539.0,419887.0,420343.0,420599.0,420949.0,421275.0,421990.0,422664.0,423224.0,424007.0,424734.0,425403.0,426054.0,427044.0,427768.0,428475.0,429353.0,430222.0,431059.0,431670.0,432493.0,433356.0,434295.0,435159.0,435859.0,436615.0,437248.0,437993.0,438772.0,439629.0,440579.0,441279.0,442185.0,443050.0,444105.0,445055.0,446006.0,446892.0,447694.0,448548.0,449351.0,450062.0,450736.0,451278.0,451930.0,452442.0,453151.0,453941.0,454780.0,455493.0,456139.0,456587.0,457117.0,457743.0,458353.0,458991.0,459552.0,460169.0,460613.0,461150.0,461577.0,462316.0,463070.0,463731.0,,,,,,,,,469761.0,470333.0,471090.0,471789.0,472589.0,473293.0,474000.0,474625.0,475303.0,475905.0,476552.0,477335.0,478112.0,478775.0,479426.0,479878.0,480533.0,481301.0,481961.0,482884.0,483620.0,484397.0,485080.0,485867.0,486700.0,487469.0,488197.0,489111.0,489828.0,490418.0,491205.0,492069.0,492868.0,493687.0,494586.0,495347.0,496063.0,496867.0,497657.0,498452.0,499313.0,500027.0,500667.0,501275.0,502046.0,502806.0,503484.0,504160.0,504858.0,505620.0,506331.0,507110.0,507858.0,508475.0,509131.0,509848.0,510437.0,511021.0,511629.0,512391.0,513153.0,513789.0,514403.0,514916.0,515443.0,516075.0,516826.0,517412.0,517926.0,518447.0,519103.0,519714.0,520495.0,521255.0,521951.0,522761.0,523544.0,524282.0,524861.0,525561.0,526343.0,527203.0,528469.0,529523.0,530319.0,530990.0,531825.0,532819.0,533739.0,534556.0,535303.0,536063.0,536833.0,537693.0,538649.0,539678.0,540643.0,541627.0,542446.0,543445.0,544339.0,545197.0,546024.0,546815.0,547638.0,548286.0,548947.0,549720.0,550592.0,551295.0,552065.0,552834.0,553519.0,554173.0,554914.0,555629.0,556389.0,557166.0,557928.0,558647.0,559282.0,,560657.0,561300.0,562008.0,562518.0,563097.0,563613.0,564267.0,564897.0,565631.0,566407.0,567174.0,567894.0,568508.0,569219.0,569738.0,570402.0,571095.0,571840.0,572587.0,573266.0,574012.0,574638.0,575384.0,576034.0,576780.0,577396.0,577948.0,578580.0,579223.0,580086.0,580729.0,581498.0,582048.0,582531.0,583358.0,584135.0,584867.0,585613.0,586362.0,587021.0,587597.0,588323.0,589110.0,589723.0,590316.0,591064.0,591665.0,592223.0,592788.0,593422.0,593927.0,594520.0,595228.0,595880.0,596480.0,597478.0,598325.0,599021.0,599699.0,600438.0,601100.0,601697.0,602441.0,603088.0,603884.0,604750.0,605434.0,605943.0,606466.0,607176.0,608004.0,608786.0,609547.0,610266.0,610825.0,611290.0,611931.0,612589.0,613233.0,613912.0,614651.0,615304.0,615828.0,616461.0,617262.0,617910.0,618530.0,619313.0,620058.0,620755.0,621478.0,622164.0,622817.0,623446.0,624135.0,624731.0,625377.0,625968.0,626612.0,627161.0,627690.0,628290.0,628679.0,629249.0,629881.0,630441.0,631073.0,631703.0,632356.0,632840.0,633336.0,634080.0,634740.0,635355
w0wmx7pqDC4,109019.0,109071.0,109133.0,109219.0,109275.0,109336.0,109417.0,109471.0,109513.0,109577.0,109650.0,109703.0,109772.0,109845.0,109912.0,109970.0,110028.0,110082.0,110139.0,110201.0,110265.0,110328.0,110400.0,110434.0,110485.0,110548.0,110587.0,110641.0,110709.0,110760.0,110826.0,110875.0,110922.0,110982.0,111063.0,111138.0,111214.0,111296.0,111347.0,111398.0,111460.0,111504.0,111553.0,111627.0,111691.0,111765.0,111822.0,111876.0,111927.0,111998.0,112072.0,112125.0,112199.0,112264.0,112330.0,112404.0,112469.0,112529.0,112596.0,112693.0,112759.0,112840.0,112900.0,112969.0,113045.0,113110.0,113177.0,113260.0,113324.0,113426.0,113486.0,113557.0,113624.0,113686.0,113751.0,113826.0,113907.0,113978.0,114032.0,114109.0,114169.0,114271.0,114377.0,114458.0,114524.0,114583.0,114646.0,114707.0,114788.0,114849.0,114927.0,114985.0,115072.0,115137.0,115201.0,115265.0,115307.0,115379.0,115441.0,115499.0,115551.0,115620.0,115675.0,115741.0,115809.0,115860.0,115929.0,115999.0,116044.0,116099.0,116173.0,116219.0,116287.0,116339.0,116382.0,116419.0,116476.0,116539.0,116588.0,116640.0,116688.0,116725.0,116778.0,116835.0,116893.0,116946.0,117009.0,117073.0,117121.0,117170.0,117220.0,117281.0,117339.0,117415.0,,,,,,,,,118089.0,118163.0,118228.0,118288.0,118358.0,118427.0,118498.0,118545.0,118588.0,118657.0,118726.0,118778.0,118840.0,118898.0,118948.0,118990.0,119046.0,119115.0,119179.0,119232.0,119281.0,119340.0,119388.0,119429.0,119472.0,119544.0,119599.0,119638.0,119688.0,119740.0,119803.0,119868.0,119930.0,120006.0,120064.0,120120.0,120185.0,120259.0,120348.0,120421.0,120502.0,120573.0,120637.0,120710.0,120777.0,120861.0,120942.0,121029.0,121093.0,121159.0,121221.0,121266.0,121312.0,121400.0,121471.0,121529.0,121584.0,121628.0,121705.0,121790.0,121855.0,121918.0,121995.0,122062.0,122116.0,122179.0,122243.0,122302.0,122348.0,122402.0,122482.0,122536.0,122598.0,122665.0,122733.0,122777.0,122839.0,122902.0,122962.0,123009.0,123085.0,123135.0,123203.0,123275.0,123326.0,123366.0,123416.0,123465.0,123525.0,123581.0,123634.0,123684.0,123747.0,123809.0,123866.0,123934.0,123979.0,124040.0,124096.0,124142.0,124186.0,124242.0,124319.0,124390.0,124441.0,124515.0,124573.0,124633.0,124726.0,124801.0,124858.0,124922.0,124975.0,125045.0,125102.0,125159.0,125226.0,125294.0,125354.0,125411.0,125473.0,,125607.0,125678.0,125747.0,125832.0,125912.0,125977.0,126047.0,126170.0,126264.0,126343.0,126418.0,126492.0,126551.0,126625.0,126730.0,126795.0,126883.0,126960.0,127042.0,127122.0,127199.0,127298.0,127364.0,127436.0,127508.0,127570.0,127653.0,127739.0,127827.0,127928.0,128028.0,128130.0,128199.0,128274.0,128370.0,128483.0,128566.0,128655.0,128748.0,128824.0,128912.0,128996.0,129066.0,129146.0,129229.0,129331.0,129403.0,129447.0,129519.0,129561.0,129605.0,129675.0,129728.0,129780.0,129836.0,129891.0,129953.0,130043.0,130114.0,130192.0,130250.0,130308.0,130374.0,130439.0,130530.0,130589.0,130646.0,130692.0,130732.0,130795.0,130880.0,130932.0,131031.0,131084.0,131157.0,131204.0,131261.0,131318.0,131393.0,131476.0,131542.0,131639.0,131688.0,131754.0,131844.0,131921.0,131990.0,132073.0,132160.0,132225.0,132280.0,132341.0,132408.0,132479.0,132554.0,132621.0,132680.0,132738.0,132787.0,132849.0,132903.0,132964.0,133034.0,133087.0,133133.0,133207.0,133265.0,133349.0,133430.0,133532.0,133612.0,133667.0,133734.0,133790
zlTIextYnyQ,94802587.0,94830606.0,94858482.0,94887457.0,94917459.0,94948283.0,94977390.0,95010008.0,95040522.0,95071881.0,95102749.0,95132412.0,95164447.0,95199190.0,95233289.0,95265218.0,95298654.0,95331396.0,95362411.0,95393286.0,95424743.0,95457004.0,95489222.0,95525289.0,95560427.0,95592800.0,95627797.0,95661652.0,95696885.0,95732306.0,95766843.0,95799356.0,95832146.0,95865765.0,95900710.0,95935281.0,95971326.0,96010058.0,96049067.0,96081487.0,96116653.0,96150487.0,96183667.0,96216169.0,96248512.0,96279164.0,96308430.0,96339545.0,96370743.0,96399851.0,96427484.0,96458223.0,96485969.0,96513758.0,96543134.0,96572921.0,96603464.0,96632350.0,96661668.0,96690999.0,96719348.0,96749022.0,96778477.0,96807950.0,96838215.0,96866989.0,96893815.0,96918991.0,96942690.0,96975155.0,97002428.0,97030918.0,97058822.0,97088662.0,97116716.0,97143973.0,97172508.0,97203361.0,97233019.0,97262488.0,97291876.0,97319992.0,97347865.0,97377502.0,97407010.0,97435789.0,97464152.0,97492326.0,97519647.0,97548385.0,97577188.0,97604847.0,97632809.0,97662240.0,97691437.0,97719000.0,97746129.0,97772453.0,97799600.0,97827276.0,97856774.0,97885377.0,97912357.0,97939371.0,97966901.0,97994514.0,98021534.0,98049599.0,98078057.0,98104065.0,98130487.0,98157256.0,98183484.0,98210580.0,98239482.0,98267743.0,98294411.0,98320900.0,98346864.0,98372411.0,98399091.0,98427648.0,98455710.0,98481637.0,98509343.0,98537298.0,98565731.0,98594688.0,98624243.0,98652657.0,98678609.0,98704859.0,98732191.0,98759230.0,,,,,,,,,99006737.0,99036621.0,99062654.0,99087407.0,99112345.0,99137561.0,99161231.0,99185950.0,99211871.0,99234510.0,99257783.0,99282399.0,99308073.0,99332841.0,99358484.0,99384005.0,99407992.0,99431322.0,99456229.0,99483152.0,99509962.0,99538186.0,99566475.0,99591927.0,99617205.0,99642387.0,99668479.0,99695711.0,99723212.0,99751906.0,99778358.0,99806376.0,99834392.0,99861994.0,99888988.0,99919332.0,99948226.0,99975133.0,100005718.0,100035011.0,100062992.0,100091190.0,100119983.0,100147718.0,100174630.0,100201304.0,100227732.0,100256249.0,100284584.0,100312836.0,100341675.0,100368375.0,100395409.0,100423774.0,100451564.0,100479982.0,100508498.0,100538517.0,100568315.0,100599899.0,100632204.0,100661844.0,100688817.0,100717449.0,100746374.0,100774339.0,100802697.0,100831937.0,100859459.0,100884101.0,100911502.0,100937954.0,100964910.0,100992103.0,101020002.0,101048143.0,101077407.0,101107448.0,101137342.0,101164890.0,101192479.0,101218724.0,101245573.0,101275431.0,101304143.0,101332475.0,101358246.0,101386346.0,101413847.0,101440895.0,101466717.0,101492912.0,101519680.0,101545705.0,101571571.0,101597348.0,101623919.0,101650412.0,101677456.0,101704817.0,101731261.0,101757185.0,101782492.0,101807752.0,101832663.0,101858718.0,101883650.0,101907581.0,101931065.0,101954825.0,101979059.0,102003578.0,102029770.0,102054437.0,102077380.0,102100083.0,102122620.0,102144083.0,102166045.0,102188117.0,102210366.0,,102253594.0,102275567.0,102297770.0,102320411.0,102343814.0,102366722.0,102388706.0,102410815.0,102432791.0,102455521.0,102478208.0,102501493.0,102523516.0,102544233.0,102563882.0,102583998.0,102604983.0,102626863.0,102649841.0,102672009.0,102693636.0,102715528.0,102737968.0,102760510.0,102784210.0,102807103.0,102829995.0,102852028.0,102873959.0,102897168.0,102920805.0,102944481.0,102967288.0,102988686.0,103009353.0,103031101.0,103052658.0,103076854.0,103100795.0,103124035.0,103147484.0,103169168.0,103191667.0,103213928.0,103237173.0,103259878.0,103281725.0,103303211.0,103324300.0,103344356.0,103364967.0,103386818.0,103407791.0,103429303.0,103451384.0,103471802.0,103491807.0,103512773.0,103535210.0,103556740.0,103579135.0,103600558.0,103621495.0,103642150.0,103662847.0,103684149.0,103707226.0,103730319.0,103752656.0,103774227.0,103796936.0,103819220.0,103840808.0,103863423.0,103886779.0,103909197.0,103931625.0,103954914.0,103977746.0,104000785.0,104024760.0,104047866.0,104075286.0,104107004.0,104144863.0,104180843.0,104215922.0,104250366.0,104284451.0,104316598.0,104346891.0,104375149.0,104402713.0,104429531.0,104456031.0,104483699.0,104509824.0,104535206.0,104560145.0,104584729.0,104608943.0,104634730.0,104659998.0,104684219.0,104707111.0,104730236.0,104753599.0,104777343.0,104800724.0,104825238.0,104849238.0,104872438.0,104895968.0,104918994
sZHNBcatTRI,750431.0,750673.0,750904.0,751172.0,751409.0,751551.0,751777.0,752035.0,752273.0,752479.0,752690.0,752942.0,753221.0,753513.0,753778.0,754055.0,754327.0,754522.0,754819.0,755051.0,755266.0,755474.0,755710.0,755939.0,756157.0,756365.0,756605.0,756873.0,757108.0,757341.0,757587.0,757813.0,758070.0,758305.0,758590.0,758859.0,759128.0,759396.0,759677.0,759981.0,760300.0,760583.0,760927.0,761271.0,761571.0,761891.0,762267.0,762576.0,762857.0,763103.0,763489.0,763907.0,764292.0,764620.0,765043.0,765424.0,765755.0,766104.0,766489.0,766823.0,767142.0,767484.0,767783.0,768091.0,768430.0,768810.0,769126.0,769561.0,769905.0,770392.0,770784.0,771129.0,771368.0,771607.0,771772.0,771994.0,772234.0,772447.0,772654.0,772830.0,772979.0,773132.0,773298.0,773501.0,773667.0,773861.0,774025.0,774217.0,774370.0,774564.0,774751.0,774969.0,775133.0,775343.0,775525.0,775672.0,775885.0,776031.0,776254.0,776429.0,776604.0,776773.0,776956.0,777108.0,777311.0,777487.0,777711.0,777895.0,778069.0,778275.0,778426.0,778605.0,778828.0,779026.0,779176.0,779301.0,779459.0,779642.0,779800.0,780000.0,780207.0,780402.0,780587.0,780749.0,780897.0,781055.0,781204.0,781424.0,781589.0,781754.0,781886.0,782059.0,782205.0,782344.0,,,,,,,,,783710.0,783851.0,783973.0,784156.0,784316.0,784433.0,784556.0,784657.0,784768.0,784867.0,784958.0,785049.0,785158.0,785296.0,785409.0,785531.0,785630.0,785753.0,785881.0,786014.0,786123.0,786242.0,786356.0,786477.0,786581.0,786691.0,786850.0,787006.0,787130.0,787248.0,787385.0,787523.0,787654.0,787796.0,787953.0,788096.0,788321.0,788505.0,788651.0,788794.0,788912.0,789053.0,789184.0,789304.0,789447.0,789574.0,789762.0,789898.0,790057.0,790214.0,790289.0,790401.0,790513.0,790883.0,791333.0,791674.0,791875.0,792042.0,792195.0,792357.0,792534.0,792685.0,792822.0,792974.0,793150.0,793296.0,793426.0,793582.0,793725.0,793874.0,794047.0,794347.0,794540.0,794694.0,794861.0,795036.0,795215.0,795360.0,795525.0,795677.0,795827.0,795978.0,796102.0,796265.0,796371.0,796515.0,796646.0,796777.0,796962.0,797112.0,797257.0,797399.0,797552.0,797694.0,797857.0,798013.0,798144.0,798318.0,798445.0,798595.0,798748.0,798904.0,799044.0,799237.0,799400.0,799526.0,799648.0,799826.0,799992.0,800139.0,800299.0,800435.0,800575.0,800768.0,800910.0,801057.0,801216.0,801387.0,801583.0,801796.0,801966.0,,802291.0,802454.0,802626.0,802826.0,802950.0,803102.0,803255.0,803412.0,803576.0,803719.0,803853.0,803997.0,804164.0,804314.0,804496.0,804659.0,804815.0,804990.0,805186.0,805335.0,805502.0,805704.0,805901.0,806073.0,806219.0,806337.0,806507.0,806630.0,806792.0,806968.0,807104.0,807267.0,807416.0,807565.0,807702.0,807831.0,807971.0,808109.0,808283.0,808417.0,808574.0,808713.0,808843.0,809021.0,809132.0,809280.0,809409.0,809603.0,809760.0,809937.0,810080.0,810230.0,810383.0,810531.0,810634.0,810768.0,810913.0,811043.0,811162.0,811274.0,811437.0,811568.0,811732.0,811853.0,812003.0,812165.0,812293.0,812447.0,812650.0,812798.0,812927.0,813086.0,813223.0,813362.0,813504.0,813642.0,813783.0,813953.0,814120.0,814260.0,814411.0,814547.0,814683.0,814836.0,814948.0,815096.0,815253.0,815386.0,815542.0,815683.0,815801.0,815948.0,816081.0,816229.0,816377.0,816533.0,816697.0,816836.0,816977.0,817109.0,817247.0,817379.0,817509.0,817637.0,817778.0,817986.0,818127.0,818307.0,818430.0,818598.0,818728.0,818885.0,819015.0,819145
sZHNBcatTRI,750431.0,750673.0,750906.0,751172.0,751409.0,751551.0,751777.0,752035.0,752273.0,752479.0,752690.0,752942.0,753221.0,753513.0,753779.0,754055.0,754327.0,754522.0,754819.0,755052.0,755266.0,755473.0,755710.0,755939.0,756157.0,756366.0,756605.0,756873.0,757108.0,757341.0,757587.0,757813.0,758070.0,758305.0,758590.0,758859.0,759128.0,759396.0,759677.0,759981.0,760300.0,760583.0,760917.0,761271.0,761571.0,761891.0,762267.0,762576.0,762857.0,763103.0,763464.0,763907.0,764292.0,764621.0,765043.0,765424.0,765755.0,766104.0,766489.0,766823.0,767142.0,767484.0,767783.0,768091.0,768430.0,768810.0,769126.0,769561.0,769905.0,770392.0,770784.0,771126.0,771386.0,771607.0,771772.0,771994.0,772234.0,772447.0,772654.0,772830.0,772979.0,773132.0,773298.0,773501.0,773667.0,773861.0,774025.0,774217.0,774370.0,774564.0,774751.0,774969.0,775133.0,775343.0,775525.0,775672.0,775888.0,776031.0,776254.0,776429.0,776604.0,776773.0,776956.0,777107.0,777311.0,777486.0,777711.0,777895.0,778069.0,778275.0,778427.0,778605.0,778828.0,779026.0,779172.0,779301.0,779448.0,779642.0,779800.0,780000.0,780207.0,780402.0,780587.0,780749.0,780897.0,781055.0,781204.0,781424.0,781589.0,781754.0,781886.0,782059.0,782205.0,782344.0,,,,,,,,,783714.0,783851.0,783973.0,784156.0,784316.0,784432.0,784556.0,784657.0,784768.0,784867.0,784958.0,785049.0,785158.0,785294.0,785409.0,785531.0,785630.0,785753.0,785881.0,786017.0,786123.0,786242.0,786356.0,786477.0,786581.0,786691.0,786850.0,787006.0,787130.0,787248.0,787385.0,787523.0,787654.0,787796.0,787953.0,788096.0,788321.0,788505.0,788652.0,788788.0,788912.0,789053.0,789184.0,789304.0,789447.0,789574.0,789762.0,789899.0,790057.0,790214.0,790293.0,790402.0,790513.0,790883.0,791333.0,791674.0,791855.0,792043.0,792187.0,792357.0,792534.0,792685.0,792838.0,792974.0,793150.0,793294.0,793426.0,793582.0,793725.0,793874.0,794047.0,794347.0,794540.0,794694.0,794861.0,795036.0,795215.0,795360.0,795525.0,795677.0,795827.0,795978.0,796108.0,796265.0,796371.0,796515.0,796656.0,796777.0,796962.0,797112.0,797257.0,797399.0,797552.0,797694.0,797857.0,798000.0,798144.0,798318.0,798445.0,798595.0,798748.0,798904.0,799044.0,799243.0,799400.0,799522.0,799648.0,799826.0,799992.0,800139.0,800299.0,800435.0,800575.0,800768.0,800910.0,801057.0,801216.0,801370.0,801583.0,801786.0,801975.0,,802291.0,802454.0,802626.0,802826.0,802950.0,803102.0,803255.0,803412.0,803579.0,803719.0,803852.0,803997.0,804164.0,804314.0,804496.0,804659.0,804815.0,804990.0,805186.0,805335.0,805502.0,805704.0,805881.0,806073.0,806217.0,806344.0,806507.0,806628.0,806792.0,806968.0,807104.0,807267.0,807417.0,807564.0,807702.0,807824.0,807971.0,808096.0,808283.0,808428.0,808574.0,808713.0,808843.0,809021.0,809132.0,809280.0,809410.0,809603.0,809760.0,809935.0,810080.0,810226.0,810383.0,810531.0,810634.0,810771.0,810913.0,811043.0,811162.0,811274.0,811437.0,811602.0,811732.0,811853.0,812015.0,812165.0,812306.0,812447.0,812654.0,812801.0,812927.0,813093.0,813225.0,813359.0,813504.0,813639.0,813783.0,813953.0,814120.0,814260.0,814411.0,814551.0,814683.0,814835.0,814953.0,815096.0,815246.0,815386.0,815549.0,815683.0,815801.0,815948.0,816082.0,816229.0,816377.0,816535.0,816697.0,816833.0,816977.0,817109.0,817247.0,817379.0,817509.0,817637.0,817778.0,817986.0,818127.0,818307.0,818430.0,818598.0,818728.0,818882.0,819015.0,819145
jgxUZgmduUg,812.0,814.0,815.0,816.0,816.0,817.0,817.0,817.0,817.0,817.0,817.0,817.0,817.0,817.0,817.0,817.0,818.0,818.0,818.0,818.0,818.0,818.0,818.0,819.0,819.0,819.0,818.0,818.0,818.0,818.0,819.0,819.0,819.0,820.0,820.0,820.0,820.0,820.0,820.0,821.0,822.0,822.0,822.0,822.0,822.0,823.0,823.0,823.0,823.0,823.0,823.0,823.0,823.0,824.0,824.0,824.0,825.0,824.0,824.0,824.0,824.0,825.0,825.0,825.0,825.0,825.0,827.0,827.0,827.0,828.0,828.0,828.0,829.0,829.0,829.0,829.0,829.0,829.0,829.0,829.0,829.0,830.0,830.0,830.0,830.0,830.0,830.0,830.0,830.0,830.0,830.0,830.0,830.0,831.0,831.0,832.0,832.0,833.0,833.0,833.0,833.0,833.0,833.0,833.0,833.0,833.0,833.0,833.0,833.0,833.0,833.0,833.0,833.0,833.0,833.0,833.0,833.0,833.0,833.0,833.0,833.0,833.0,833.0,833.0,833.0,833.0,833.0,833.0,833.0,833.0,833.0,833.0,833.0,833.0,,,,,,,,,833.0,833.0,833.0,833.0,833.0,833.0,833.0,833.0,833.0,833.0,833.0,833.0,833.0,833.0,833.0,833.0,833.0,833.0,833.0,833.0,833.0,833.0,833.0,833.0,833.0,833.0,833.0,833.0,833.0,833.0,833.0,833.0,833.0,833.0,833.0,833.0,833.0,833.0,833.0,833.0,833.0,833.0,833.0,833.0,833.0,833.0,833.0,833.0,833.0,833.0,833.0,833.0,833.0,833.0,833.0,833.0,833.0,833.0,833.0,833.0,833.0,833.0,833.0,833.0,833.0,833.0,833.0,833.0,833.0,833.0,833.0,833.0,833.0,833.0,833.0,833.0,833.0,833.0,833.0,833.0,833.0,833.0,833.0,833.0,833.0,833.0,833.0,833.0,833.0,833.0,833.0,833.0,833.0,833.0,833.0,833.0,833.0,833.0,833.0,833.0,833.0,833.0,833.0,833.0,833.0,833.0,833.0,833.0,833.0,833.0,833.0,833.0,833.0,833.0,833.0,833.0,833.0,833.0,833.0,833.0,833.0,,833.0,833.0,833.0,833.0,833.0,833.0,833.0,833.0,833.0,833.0,833.0,833.0,833.0,833.0,833.0,833.0,833.0,833.0,833.0,833.0,833.0,833.0,833.0,833.0,833.0,833.0,833.0,833.0,833.0,833.0,833.0,833.0,833.0,833.0,833.0,833.0,833.0,833.0,833.0,833.0,833.0,833.0,833.0,833.0,,833.0,833.0,833.0,833.0,833.0,833.0,833.0,833.0,833.0,833.0,833.0,833.0,833.0,833.0,833.0,833.0,833.0,833.0,833.0,833.0,833.0,833.0,833.0,833.0,833.0,833.0,833.0,833.0,833.0,833.0,833.0,833.0,833.0,833.0,833.0,833.0,833.0,833.0,833.0,833.0,833.0,833.0,833.0,833.0,833.0,833.0,833.0,833.0,833.0,833.0,833.0,833.0,833.0,833.0,833.0,833.0,833.0,833.0,833.0,833.0,833.0,833.0,833.0,833.0,833.0,833.0,833.0,833.0,833
DLEDgMKzEtk,762.0,762.0,762.0,762.0,762.0,763.0,763.0,764.0,764.0,764.0,764.0,764.0,764.0,764.0,764.0,764.0,764.0,765.0,766.0,766.0,766.0,766.0,766.0,766.0,766.0,766.0,766.0,766.0,766.0,766.0,766.0,766.0,766.0,766.0,767.0,768.0,768.0,768.0,768.0,768.0,768.0,768.0,768.0,768.0,768.0,768.0,769.0,769.0,770.0,770.0,770.0,770.0,770.0,771.0,771.0,771.0,771.0,771.0,771.0,771.0,771.0,771.0,771.0,771.0,771.0,772.0,772.0,772.0,772.0,772.0,772.0,772.0,772.0,772.0,772.0,772.0,772.0,772.0,773.0,773.0,773.0,773.0,773.0,773.0,774.0,773.0,773.0,773.0,773.0,773.0,773.0,773.0,773.0,773.0,773.0,773.0,773.0,773.0,774.0,775.0,775.0,776.0,776.0,776.0,776.0,777.0,777.0,777.0,777.0,777.0,777.0,777.0,777.0,777.0,777.0,777.0,777.0,777.0,777.0,778.0,778.0,778.0,778.0,778.0,778.0,778.0,778.0,779.0,779.0,779.0,780.0,780.0,780.0,780.0,,,,,,,,,781.0,781.0,781.0,781.0,781.0,781.0,781.0,781.0,781.0,781.0,781.0,781.0,781.0,781.0,781.0,781.0,781.0,781.0,781.0,781.0,781.0,781.0,781.0,781.0,781.0,781.0,781.0,781.0,781.0,781.0,781.0,781.0,781.0,781.0,781.0,781.0,781.0,781.0,781.0,781.0,781.0,781.0,781.0,781.0,781.0,781.0,781.0,781.0,781.0,781.0,781.0,781.0,781.0,781.0,781.0,781.0,781.0,781.0,781.0,781.0,781.0,781.0,781.0,782.0,782.0,782.0,782.0,782.0,782.0,784.0,784.0,784.0,784.0,784.0,784.0,784.0,784.0,785.0,785.0,785.0,785.0,785.0,785.0,785.0,785.0,785.0,786.0,786.0,786.0,786.0,786.0,786.0,786.0,786.0,786.0,786.0,786.0,786.0,786.0,786.0,786.0,787.0,787.0,788.0,788.0,788.0,789.0,789.0,789.0,789.0,789.0,789.0,790.0,790.0,791.0,791.0,791.0,791.0,791.0,791.0,791.0,,791.0,791.0,791.0,791.0,791.0,791.0,791.0,791.0,791.0,792.0,792.0,792.0,792.0,792.0,792.0,794.0,794.0,795.0,795.0,795.0,796.0,796.0,796.0,796.0,796.0,796.0,797.0,797.0,797.0,800.0,800.0,800.0,800.0,800.0,800.0,800.0,801.0,803.0,803.0,803.0,803.0,803.0,803.0,803.0,803.0,803.0,803.0,803.0,803.0,803.0,803.0,803.0,803.0,803.0,803.0,803.0,803.0,803.0,803.0,803.0,803.0,803.0,803.0,803.0,803.0,803.0,803.0,803.0,803.0,803.0,803.0,803.0,803.0,803.0,803.0,803.0,803.0,803.0,803.0,803.0,803.0,803.0,803.0,803.0,803.0,803.0,803.0,803.0,803.0,803.0,803.0,803.0,804.0,804.0,804.0,804.0,804.0,804.0,805.0,805.0,805.0,805.0,805.0,805.0,805.0,805.0,805.0,805.0,805.0,805.0,805.0,805.0,805.0,805
8QY4oroSUpc,330709.0,330895.0,331060.0,331234.0,331487.0,331654.0,331822.0,331988.0,332131.0,332285.0,332447.0,332623.0,332773.0,332951.0,333169.0,333325.0,333505.0,333670.0,333813.0,333979.0,334181.0,334333.0,334450.0,334616.0,334772.0,334931.0,335097.0,335253.0,335412.0,335569.0,335706.0,335887.0,336033.0,336181.0,336338.0,336467.0,336627.0,336785.0,336885.0,337020.0,337151.0,337315.0,337513.0,337656.0,337842.0,337986.0,338186.0,338389.0,338634.0,338842.0,339111.0,339294.0,339440.0,339589.0,339776.0,339936.0,340094.0,340324.0,340532.0,340682.0,340852.0,341032.0,341202.0,341404.0,341591.0,341731.0,341932.0,342109.0,342264.0,342505.0,342709.0,342877.0,343049.0,343180.0,343425.0,343621.0,343836.0,344039.0,344261.0,344446.0,344592.0,344802.0,344990.0,345195.0,345396.0,345665.0,345844.0,346031.0,346281.0,346465.0,346705.0,346915.0,347134.0,347300.0,347502.0,347784.0,347976.0,348128.0,348307.0,348537.0,348707.0,348889.0,349119.0,349327.0,349550.0,349751.0,349957.0,350099.0,350245.0,350412.0,350601.0,350744.0,350915.0,351104.0,351303.0,351481.0,351662.0,351851.0,352054.0,352260.0,352416.0,352644.0,352818.0,353005.0,353188.0,353414.0,353605.0,353823.0,354085.0,354311.0,354582.0,354838.0,355133.0,355398.0,,,,,,,,,357163.0,357395.0,357623.0,357789.0,357980.0,358190.0,358352.0,358485.0,358672.0,358853.0,359116.0,359393.0,359528.0,359753.0,359975.0,360257.0,360494.0,360765.0,360997.0,361229.0,361405.0,361614.0,361750.0,362017.0,362290.0,362587.0,362863.0,363073.0,363321.0,363493.0,363721.0,363934.0,364175.0,364425.0,364611.0,364823.0,364995.0,365172.0,365413.0,365604.0,365787.0,366024.0,366261.0,366406.0,366573.0,366798.0,366974.0,367158.0,367352.0,367535.0,367699.0,367856.0,368020.0,368157.0,368313.0,368476.0,368610.0,368762.0,368952.0,369071.0,369235.0,369367.0,369495.0,369657.0,369804.0,369950.0,370152.0,370348.0,370470.0,370617.0,370737.0,371064.0,371261.0,371457.0,371630.0,371819.0,371999.0,372161.0,372264.0,372391.0,372629.0,372855.0,373133.0,373327.0,373516.0,373696.0,373905.0,374072.0,374269.0,374473.0,374690.0,374846.0,374984.0,375171.0,375358.0,375526.0,375690.0,375832.0,376018.0,376144.0,376284.0,376491.0,376688.0,376838.0,377009.0,377133.0,377303.0,377465.0,377646.0,377846.0,377981.0,378128.0,378269.0,378401.0,378538.0,378690.0,378874.0,379034.0,379189.0,379387.0,379528.0,,379912.0,380137.0,380328.0,380475.0,380624.0,380773.0,380910.0,381063.0,381198.0,381362.0,381555.0,381689.0,381848.0,382019.0,382232.0,382434.0,382643.0,382810.0,382926.0,383072.0,383254.0,383441.0,383638.0,383786.0,383952.0,384127.0,384246.0,384391.0,384656.0,384969.0,385236.0,385411.0,385583.0,385750.0,385951.0,386144.0,386294.0,386461.0,386624.0,386790.0,386936.0,387122.0,387270.0,387429.0,387580.0,387820.0,388054.0,388306.0,388604.0,388799.0,389013.0,389200.0,389418.0,389601.0,389725.0,389876.0,390026.0,390213.0,390363.0,390508.0,390682.0,390845.0,391002.0,391198.0,391374.0,391554.0,391800.0,391971.0,392182.0,392453.0,392704.0,392953.0,393223.0,393473.0,393666.0,393914.0,394146.0,394372.0,394637.0,394908.0,395158.0,395411.0,395625.0,395805.0,395947.0,396112.0,396288.0,396475.0,396592.0,396712.0,396846.0,396985.0,397162.0,397346.0,397500.0,397617.0,397816.0,397981.0,398102.0,398249.0,398365.0,398491.0,398616.0,398726.0,398854.0,398970.0,399102.0,399231.0,399381.0,399535.0,399683.0,399857.0,400023.0,400249
9rAvM7CEGP4,114141.0,114148.0,114153.0,114161.0,114165.0,114171.0,114177.0,114182.0,114185.0,114189.0,114198.0,114203.0,114215.0,114225.0,114235.0,114237.0,114241.0,114245.0,114253.0,114257.0,114265.0,114274.0,114276.0,114280.0,114282.0,114289.0,114294.0,114301.0,114313.0,114328.0,114339.0,114350.0,114365.0,114380.0,114393.0,114412.0,114421.0,114440.0,114454.0,114471.0,114487.0,114499.0,114506.0,114524.0,114542.0,114550.0,114562.0,114570.0,114582.0,114591.0,114600.0,114604.0,114605.0,114616.0,114625.0,114634.0,114641.0,114652.0,114656.0,114662.0,114671.0,114680.0,114688.0,114696.0,114706.0,114715.0,114720.0,114729.0,114734.0,114743.0,114754.0,114763.0,114773.0,114775.0,114785.0,114791.0,114794.0,114799.0,114807.0,114813.0,114818.0,114833.0,114839.0,114844.0,114853.0,114860.0,114865.0,114867.0,114873.0,114882.0,114887.0,114889.0,114892.0,114901.0,114905.0,114911.0,114916.0,114922.0,114933.0,114937.0,114939.0,114944.0,114949.0,114951.0,114960.0,114967.0,114974.0,114985.0,114997.0,115002.0,115006.0,115016.0,115023.0,115027.0,115032.0,115035.0,115042.0,115053.0,115063.0,115078.0,115086.0,115091.0,115098.0,115107.0,115113.0,115120.0,115126.0,115136.0,115142.0,115147.0,115153.0,115158.0,115167.0,115181.0,,,,,,,,,115239.0,115242.0,115251.0,115261.0,115274.0,115281.0,115288.0,115296.0,115299.0,115301.0,115310.0,115315.0,115318.0,115322.0,115330.0,115343.0,115347.0,115351.0,115360.0,115366.0,115374.0,115385.0,115394.0,115402.0,115408.0,115411.0,115414.0,115427.0,115431.0,115437.0,115443.0,115447.0,115453.0,115463.0,115474.0,115481.0,115489.0,115498.0,115505.0,115514.0,115529.0,115552.0,115569.0,115588.0,115604.0,115625.0,115639.0,115650.0,115662.0,115664.0,115666.0,115677.0,115695.0,115705.0,115718.0,115729.0,115740.0,115751.0,115758.0,115768.0,115777.0,115789.0,115795.0,115799.0,115809.0,115818.0,115825.0,115837.0,115844.0,115846.0,115863.0,115874.0,115883.0,115896.0,115905.0,115913.0,115918.0,115920.0,115922.0,115931.0,115937.0,115942.0,115955.0,115966.0,115972.0,115988.0,116000.0,116021.0,116031.0,116052.0,116068.0,116073.0,116075.0,116084.0,116088.0,116097.0,116107.0,116116.0,116118.0,116120.0,116123.0,116130.0,116140.0,116146.0,116153.0,116157.0,116160.0,116167.0,116172.0,116177.0,116184.0,116192.0,116195.0,116199.0,116204.0,116210.0,116217.0,116226.0,116229.0,116234.0,116243.0,,116268.0,116270.0,116275.0,116291.0,116299.0,116306.0,116316.0,116323.0,116328.0,116332.0,116336.0,116340.0,116343.0,116351.0,116358.0,116374.0,116383.0,116395.0,116402.0,116409.0,116419.0,116425.0,116437.0,116442.0,116448.0,116450.0,116454.0,116461.0,116464.0,116466.0,116471.0,116472.0,116475.0,116478.0,116483.0,116488.0,116491.0,116493.0,116496.0,116497.0,116502.0,116509.0,116519.0,116524.0,116532.0,116535.0,116540.0,116547.0,116551.0,116554.0,116555.0,116560.0,116569.0,116577.0,116581.0,116587.0,116596.0,116602.0,116605.0,116612.0,116615.0,116619.0,116624.0,116635.0,116640.0,116648.0,116655.0,116660.0,116663.0,116670.0,116674.0,116681.0,116684.0,116690.0,116695.0,116701.0,116709.0,116718.0,116722.0,116726.0,116732.0,116737.0,116739.0,116746.0,116752.0,116758.0,116766.0,116768.0,116775.0,116779.0,116781.0,116784.0,116788.0,116792.0,116795.0,116802.0,116808.0,116813.0,116817.0,116819.0,116824.0,116829.0,116833.0,116839.0,116843.0,116848.0,116852.0,116860.0,116867.0,116872.0,116881.0,116888.0,116895.0,116900
p8fG9I2A1uI,91197.0,91218.0,91243.0,91262.0,91278.0,91306.0,91325.0,91347.0,91382.0,91418.0,91443.0,91463.0,91480.0,91495.0,91508.0,91522.0,91540.0,91553.0,91558.0,91569.0,91580.0,91592.0,91614.0,91639.0,91646.0,91656.0,91669.0,91687.0,91709.0,91726.0,91768.0,91783.0,91792.0,91808.0,91828.0,91842.0,91873.0,91905.0,91923.0,91939.0,91965.0,91983.0,92004.0,92021.0,92028.0,92044.0,92053.0,92077.0,92096.0,92119.0,92140.0,92161.0,92181.0,92188.0,92203.0,92218.0,92232.0,92247.0,92264.0,92282.0,92301.0,92317.0,92327.0,92347.0,92362.0,92373.0,92386.0,92406.0,92421.0,92435.0,92447.0,92457.0,92470.0,92488.0,92501.0,92513.0,92523.0,92544.0,92551.0,92566.0,92574.0,92595.0,92609.0,92628.0,92638.0,92654.0,92669.0,92685.0,92709.0,92729.0,92747.0,92769.0,92786.0,92802.0,92820.0,92840.0,92859.0,92870.0,92884.0,92901.0,92909.0,92928.0,92948.0,92951.0,92965.0,92974.0,92987.0,93000.0,93016.0,93032.0,93054.0,93071.0,93086.0,93099.0,93108.0,93117.0,93124.0,93139.0,93156.0,93184.0,93200.0,93208.0,93214.0,93224.0,93242.0,93257.0,93262.0,93275.0,93281.0,93294.0,93305.0,93322.0,93345.0,93353.0,,,,,,,,,93448.0,93455.0,93465.0,93476.0,93496.0,93512.0,93525.0,93538.0,93545.0,93550.0,93557.0,93567.0,93580.0,93596.0,93606.0,93630.0,93635.0,93643.0,93645.0,93655.0,93692.0,93704.0,93712.0,93738.0,93751.0,93775.0,93800.0,93813.0,93842.0,93852.0,93862.0,93870.0,93887.0,93904.0,93929.0,93947.0,93973.0,93986.0,93999.0,94015.0,94026.0,94032.0,94044.0,94061.0,94078.0,94091.0,94105.0,94118.0,94127.0,94147.0,94158.0,94167.0,94186.0,94203.0,94215.0,94224.0,94233.0,94246.0,94260.0,94271.0,94290.0,94307.0,94319.0,94335.0,94340.0,94348.0,94362.0,94371.0,94382.0,94393.0,94396.0,94404.0,94412.0,94425.0,94434.0,94443.0,94458.0,94470.0,94477.0,94484.0,94500.0,94513.0,94522.0,94538.0,94551.0,94572.0,94581.0,94600.0,94609.0,94624.0,94648.0,94668.0,94681.0,94704.0,94714.0,94727.0,94745.0,94759.0,94774.0,94779.0,94788.0,94801.0,94808.0,94823.0,94835.0,94845.0,94863.0,94873.0,94894.0,94909.0,94918.0,94931.0,94952.0,94963.0,94971.0,94976.0,94984.0,94999.0,95019.0,95036.0,95060.0,,95082.0,95087.0,95100.0,95116.0,95128.0,95151.0,95164.0,95178.0,95197.0,95208.0,95232.0,95260.0,95283.0,95300.0,95314.0,95329.0,95333.0,95349.0,95360.0,95379.0,95395.0,95412.0,95422.0,95438.0,95449.0,95468.0,95478.0,95491.0,95502.0,95509.0,95522.0,95531.0,95544.0,95553.0,95565.0,95579.0,95589.0,95600.0,95612.0,95624.0,95635.0,95644.0,95654.0,95665.0,95667.0,95679.0,95691.0,95700.0,95709.0,95715.0,95721.0,95741.0,95758.0,95771.0,95784.0,95791.0,95799.0,95814.0,95824.0,95838.0,95852.0,95860.0,95871.0,95876.0,95886.0,95894.0,95903.0,95906.0,95910.0,95919.0,95929.0,95946.0,95958.0,95973.0,95984.0,95998.0,96006.0,96012.0,96025.0,96037.0,96053.0,96065.0,96081.0,96092.0,96111.0,96127.0,96141.0,96162.0,96173.0,96187.0,96201.0,96212.0,96231.0,96240.0,96254.0,96263.0,96268.0,96282.0,96285.0,96288.0,96291.0,96297.0,96308.0,96314.0,96322.0,96326.0,96332.0,96340.0,96343.0,96350.0,96360.0,96368.0,96381.0,96392
OUub-6bU-io,14198.0,14199.0,14203.0,14209.0,14213.0,14216.0,14223.0,14227.0,14231.0,14234.0,14235.0,14238.0,14239.0,14240.0,14244.0,14246.0,14251.0,14253.0,14255.0,14256.0,14260.0,14262.0,14266.0,14267.0,14268.0,14269.0,14273.0,14273.0,14276.0,14284.0,14288.0,14295.0,14300.0,14303.0,14307.0,14312.0,14321.0,14326.0,14331.0,14335.0,14338.0,14342.0,14345.0,14352.0,14356.0,14359.0,14362.0,14363.0,14365.0,14373.0,14376.0,14380.0,14383.0,14385.0,14389.0,14391.0,14397.0,14399.0,14400.0,14407.0,14415.0,14417.0,14421.0,14427.0,14430.0,14433.0,14437.0,14438.0,14442.0,14445.0,14448.0,14456.0,14458.0,14463.0,14470.0,14477.0,14483.0,14488.0,14492.0,14501.0,14504.0,14507.0,14522.0,14524.0,14530.0,14533.0,14538.0,14539.0,14542.0,14550.0,14553.0,14557.0,14560.0,14562.0,14563.0,14568.0,14573.0,14578.0,14581.0,14587.0,14589.0,14590.0,14596.0,14601.0,14604.0,14606.0,14612.0,14616.0,14619.0,14621.0,14623.0,14624.0,14627.0,14629.0,14632.0,14633.0,14637.0,14642.0,14653.0,14657.0,14660.0,14663.0,14663.0,14665.0,14669.0,14674.0,14677.0,14678.0,14679.0,14684.0,14687.0,14688.0,14693.0,14693.0,,,,,,,,,14719.0,14722.0,14723.0,14726.0,14729.0,14730.0,14730.0,14734.0,14738.0,14739.0,14743.0,14745.0,14746.0,14747.0,14751.0,14753.0,14754.0,14754.0,14756.0,14758.0,14759.0,14759.0,14759.0,14761.0,14764.0,14766.0,14769.0,14772.0,14772.0,14774.0,14775.0,14775.0,14778.0,14782.0,14784.0,14789.0,14793.0,14800.0,14807.0,14813.0,14815.0,14823.0,14829.0,14831.0,14833.0,14839.0,14843.0,14847.0,14849.0,14855.0,14857.0,14860.0,14864.0,14870.0,14870.0,14874.0,14875.0,14878.0,14886.0,14888.0,14890.0,14890.0,14894.0,14896.0,14899.0,14900.0,14905.0,14906.0,14906.0,14907.0,14908.0,14908.0,14909.0,14909.0,14912.0,14914.0,14916.0,14916.0,14917.0,14921.0,14924.0,14929.0,14932.0,14934.0,14936.0,14937.0,14937.0,14940.0,14941.0,14942.0,14945.0,14947.0,14954.0,14957.0,14961.0,14968.0,14971.0,14973.0,14975.0,14975.0,14979.0,14981.0,14982.0,14986.0,14988.0,14990.0,14990.0,14990.0,14992.0,14996.0,14998.0,14999.0,15005.0,15007.0,15010.0,15012.0,15014.0,15020.0,15026.0,15028.0,15028.0,,15030.0,15030.0,15032.0,15037.0,15042.0,15044.0,15044.0,15048.0,15050.0,15055.0,15056.0,15061.0,15062.0,15065.0,15067.0,15070.0,15075.0,15079.0,15081.0,15083.0,15086.0,15089.0,15089.0,15090.0,15091.0,15094.0,15094.0,15095.0,15099.0,15100.0,15103.0,15104.0,15108.0,15108.0,15109.0,15113.0,15114.0,15118.0,15119.0,15121.0,15124.0,15127.0,15133.0,15135.0,15140.0,15145.0,15147.0,15151.0,15155.0,15159.0,15166.0,15172.0,15179.0,15181.0,15184.0,15187.0,15193.0,15197.0,15198.0,15200.0,15201.0,15203.0,15206.0,15209.0,15210.0,15212.0,15213.0,15214.0,15216.0,15216.0,15218.0,15220.0,15222.0,15226.0,15228.0,15228.0,15228.0,15231.0,15234.0,15235.0,15239.0,15240.0,15240.0,15243.0,15244.0,15245.0,15246.0,15246.0,15247.0,15247.0,15248.0,15249.0,15250.0,15251.0,15252.0,15253.0,15255.0,15256.0,15259.0,15260.0,15260.0,15262.0,15262.0,15262.0,15263.0,15263.0,15264.0,15265.0,15265.0,15265.0,15265.0,15265.0,15266.0,15266
7xQb1nbAI3M,98966.0,98984.0,99013.0,99046.0,99072.0,99101.0,99125.0,99150.0,99169.0,99199.0,99228.0,99268.0,99313.0,99359.0,99387.0,99411.0,99435.0,99463.0,99511.0,99544.0,99559.0,99587.0,99623.0,99652.0,99678.0,99711.0,99746.0,99771.0,99797.0,99823.0,99855.0,99868.0,99893.0,99918.0,99936.0,99955.0,99981.0,100011.0,100031.0,100051.0,100067.0,100085.0,100102.0,100132.0,100160.0,100186.0,100220.0,100254.0,100277.0,100310.0,100334.0,100350.0,100382.0,100406.0,100426.0,100454.0,100490.0,100528.0,100563.0,100619.0,100664.0,100689.0,100714.0,100748.0,100781.0,100811.0,100848.0,100871.0,100910.0,100942.0,100977.0,101023.0,101050.0,101108.0,101132.0,101160.0,101193.0,101227.0,101260.0,101308.0,101334.0,101367.0,101388.0,101416.0,101440.0,101467.0,101485.0,101508.0,101531.0,101551.0,101575.0,101599.0,101618.0,101665.0,101708.0,101737.0,101771.0,101788.0,101814.0,101842.0,101874.0,101914.0,101952.0,101989.0,102019.0,102047.0,102076.0,102095.0,102122.0,102156.0,102181.0,102225.0,102247.0,102277.0,102312.0,102339.0,102369.0,102389.0,102414.0,102432.0,102463.0,102491.0,102519.0,102548.0,102570.0,102596.0,102622.0,102657.0,102704.0,102745.0,102792.0,102826.0,102873.0,102895.0,,,,,,,,,103137.0,103186.0,103216.0,103248.0,103282.0,103324.0,103351.0,103393.0,103471.0,103556.0,103620.0,103649.0,103697.0,103728.0,103782.0,103801.0,103839.0,103863.0,103901.0,103924.0,103956.0,103974.0,104003.0,104030.0,104055.0,104076.0,104105.0,104125.0,104145.0,104203.0,104221.0,104235.0,104249.0,104271.0,104290.0,104327.0,104371.0,104393.0,104422.0,104444.0,104462.0,104482.0,104522.0,104548.0,104573.0,104609.0,104635.0,104676.0,104708.0,104733.0,104768.0,104780.0,104810.0,104836.0,104857.0,104887.0,104900.0,104921.0,104946.0,104962.0,104979.0,105010.0,105026.0,105042.0,105052.0,105074.0,105100.0,105125.0,105144.0,105167.0,105261.0,105303.0,105337.0,105384.0,105422.0,105451.0,105474.0,105512.0,105537.0,105580.0,105613.0,105636.0,105672.0,105695.0,105720.0,105744.0,105761.0,105787.0,105798.0,105824.0,105841.0,105909.0,105937.0,105968.0,105988.0,106017.0,106031.0,106054.0,106081.0,106106.0,106134.0,106157.0,106181.0,106201.0,106217.0,106240.0,106275.0,106297.0,106330.0,106361.0,106381.0,106402.0,106435.0,106458.0,106498.0,106509.0,106528.0,106542.0,106560.0,106586.0,106604.0,,106644.0,106677.0,106707.0,106732.0,106755.0,106766.0,106791.0,106817.0,106852.0,106873.0,106885.0,106907.0,106929.0,106942.0,106959.0,106970.0,106991.0,107022.0,107059.0,107078.0,107110.0,107138.0,107162.0,107187.0,107243.0,107284.0,107308.0,107344.0,107370.0,107396.0,107415.0,107440.0,107483.0,107532.0,107566.0,107626.0,107712.0,107792.0,107839.0,107884.0,107922.0,107944.0,107972.0,107997.0,108036.0,108074.0,108119.0,108158.0,108184.0,108207.0,108240.0,108261.0,108289.0,108341.0,108388.0,108425.0,108454.0,108483.0,108517.0,108547.0,108567.0,108597.0,108627.0,108654.0,108686.0,108714.0,108746.0,108777.0,108812.0,108857.0,108895.0,108941.0,108992.0,109042.0,109113.0,109161.0,109200.0,109221.0,109269.0,109296.0,109338.0,109363.0,109413.0,109462.0,109500.0,109519.0,109549.0,109584.0,109620.0,109650.0,109678.0,109713.0,109742.0,109786.0,109813.0,109885.0,109927.0,109964.0,109984.0,110016.0,110042.0,110072.0,110117.0,110148.0,110178.0,110211.0,110225.0,110268.0,110296.0,110321.0,110340.0,110352.0,110381.0,110450
QCkAKnl1rQE,1932623.0,1932874.0,1933191.0,1933633.0,1933877.0,1934196.0,1934488.0,1934859.0,1935221.0,1935691.0,1936170.0,1936403.0,1936635.0,1936893.0,1937134.0,1937476.0,1937844.0,1938299.0,1938598.0,1938850.0,1939204.0,1939589.0,1939904.0,1940294.0,1940626.0,1940930.0,1941161.0,1941495.0,1941787.0,1942090.0,1942396.0,1942699.0,1943047.0,1943334.0,1943595.0,1943874.0,1944106.0,1944424.0,1944747.0,1945021.0,1945325.0,1945588.0,1945749.0,1946032.0,1946442.0,1946954.0,1947210.0,1947406.0,1947640.0,1947866.0,1948112.0,1948427.0,1948755.0,1949192.0,1949502.0,1949786.0,1950127.0,1950537.0,1951245.0,1951888.0,1952435.0,1952878.0,1953264.0,1953598.0,1953907.0,1954252.0,1954570.0,1954843.0,1955125.0,1955571.0,1955952.0,1956255.0,1956564.0,1956839.0,1957066.0,1957241.0,1957508.0,1957787.0,1958231.0,1958643.0,1958914.0,1959294.0,1959583.0,1959898.0,1960204.0,1960642.0,1960978.0,1961194.0,1961434.0,1961736.0,1962042.0,1962332.0,1962694.0,1963119.0,1963369.0,1963637.0,1963929.0,1964189.0,1964429.0,1964742.0,1965068.0,1965304.0,1965575.0,1965753.0,1965959.0,1966265.0,1966510.0,1966849.0,1967112.0,1967384.0,1967716.0,1967985.0,1968251.0,1968519.0,1968833.0,1969109.0,1969407.0,1969558.0,1969831.0,1970037.0,1970318.0,1970568.0,1970868.0,1971102.0,1971473.0,1971804.0,1972158.0,1972482.0,1972726.0,1972971.0,1973223.0,1973367.0,1973586.0,1973770.0,,,,,,,,,1975821.0,1976100.0,1976295.0,1976502.0,1976663.0,1976856.0,1977018.0,1977223.0,1977413.0,1977604.0,1977763.0,1977918.0,1978100.0,1978329.0,1978562.0,1978838.0,1979007.0,1979280.0,1979459.0,1979700.0,1979967.0,1980230.0,1980516.0,1980735.0,1980885.0,1981066.0,1981311.0,1981506.0,1981717.0,1981964.0,1982216.0,1982441.0,1982660.0,1982922.0,1983144.0,1983419.0,1983707.0,1983894.0,1984126.0,1984381.0,1984661.0,1984952.0,1985218.0,1985492.0,1985809.0,1986162.0,1986480.0,1986760.0,1986941.0,1987223.0,1987507.0,1987742.0,1987993.0,1988195.0,1988415.0,1988629.0,1988985.0,1989387.0,1989685.0,1989978.0,1990180.0,1990400.0,1990598.0,1990845.0,1991028.0,1991238.0,1991464.0,1991696.0,1991870.0,1992042.0,1992208.0,1992397.0,1992567.0,1992739.0,1992923.0,1993141.0,1993336.0,1993542.0,1993902.0,1994218.0,1994404.0,1994576.0,1994827.0,1995059.0,1995284.0,1995540.0,1995717.0,1995885.0,1996045.0,1996313.0,1996543.0,1996857.0,1997140.0,1997345.0,1997561.0,1997751.0,1998018.0,1998219.0,1998433.0,1998631.0,1998774.0,1998949.0,1999144.0,1999275.0,1999420.0,1999616.0,1999765.0,1999915.0,2000086.0,2000232.0,2000515.0,2000775.0,2000953.0,2001206.0,2001402.0,2001673.0,2001879.0,2002135.0,2002466.0,2002841.0,2003237.0,,2003783.0,2004064.0,2004269.0,2004486.0,2004708.0,2004864.0,2005043.0,2005265.0,2005445.0,2005635.0,2005875.0,2006123.0,2006317.0,2006497.0,2006633.0,2006821.0,2006996.0,2007199.0,2007397.0,2007614.0,2007941.0,2008180.0,2008546.0,2008811.0,2009056.0,2009347.0,2009559.0,2009777.0,2010038.0,2010222.0,2010484.0,2010813.0,2011055.0,2011309.0,2011494.0,2011763.0,2012105.0,2012374.0,2012584.0,2012834.0,2013165.0,2013412.0,2013609.0,2013798.0,2013976.0,2014242.0,2014484.0,2014734.0,2014949.0,2015151.0,2015309.0,2015566.0,2015815.0,2016067.0,2016249.0,2016421.0,2016601.0,2016797.0,2017010.0,2017182.0,2017421.0,2017666.0,2017843.0,2018006.0,2018198.0,2018359.0,2018566.0,2018787.0,2018991.0,2019286.0,2019495.0,2019725.0,2019917.0,2020124.0,2020337.0,2020571.0,2020804.0,2020985.0,2021177.0,2021325.0,2021520.0,2021749.0,2021904.0,2022083.0,2022257.0,2022373.0,2022537.0,2022720.0,2022929.0,2023153.0,2023359.0,2023586.0,2023985.0,2024569.0,2025012.0,2025639.0,2026245.0,2026690.0,2027222.0,2027683.0,2028043.0,2028476.0,2028899.0,2029254.0,2029451.0,2029858.0,2030179.0,2030489.0,2030887.0,2031226.0,2031604.0,2031880.0,2032258.0,2032682
x213xFzhbDU,26313.0,26337.0,26379.0,26407.0,26427.0,26444.0,26477.0,26505.0,26526.0,26560.0,26581.0,26604.0,26629.0,26646.0,26677.0,26709.0,26743.0,26770.0,26802.0,26829.0,26861.0,26890.0,26925.0,26952.0,26968.0,27000.0,27032.0,27065.0,27086.0,27132.0,27152.0,27171.0,27198.0,27220.0,27237.0,27258.0,27276.0,27295.0,27313.0,27333.0,27360.0,27392.0,27407.0,27439.0,27466.0,27491.0,27517.0,27548.0,27576.0,27600.0,27632.0,27656.0,27684.0,27713.0,27740.0,27782.0,27806.0,27842.0,27861.0,27874.0,27895.0,27921.0,27943.0,27991.0,28024.0,28050.0,28069.0,28095.0,28117.0,28141.0,28168.0,28187.0,28208.0,28238.0,28271.0,28292.0,28326.0,28353.0,28378.0,28400.0,28417.0,28442.0,28469.0,28511.0,28541.0,28568.0,28589.0,28610.0,28634.0,28669.0,28697.0,28713.0,28734.0,28757.0,28788.0,28807.0,28830.0,28864.0,28899.0,28924.0,28953.0,28979.0,28995.0,29022.0,29055.0,29078.0,29100.0,29132.0,29150.0,29179.0,29212.0,29246.0,29274.0,29295.0,29322.0,29354.0,29374.0,29402.0,29423.0,29455.0,29491.0,29522.0,29569.0,29608.0,29655.0,29698.0,29734.0,29772.0,29808.0,29831.0,29850.0,29887.0,29923.0,29950.0,,,,,,,,,30246.0,30263.0,30313.0,30357.0,30390.0,30419.0,30446.0,30484.0,30506.0,30529.0,30553.0,30601.0,30622.0,30649.0,30664.0,30692.0,30719.0,30738.0,30760.0,30798.0,30836.0,30865.0,30895.0,30930.0,30973.0,31002.0,31036.0,31083.0,31131.0,31174.0,31198.0,31233.0,31266.0,31305.0,31348.0,31373.0,31388.0,31418.0,31446.0,31475.0,31515.0,31545.0,31575.0,31606.0,31631.0,31661.0,31709.0,31746.0,31774.0,31793.0,31826.0,31848.0,31867.0,31900.0,31934.0,31964.0,31997.0,32024.0,32059.0,32094.0,32125.0,32157.0,32179.0,32198.0,32225.0,32263.0,32309.0,32334.0,32358.0,32446.0,32490.0,32516.0,32552.0,32603.0,32654.0,32691.0,32718.0,32751.0,32785.0,32822.0,32843.0,32863.0,32888.0,32930.0,32958.0,32990.0,33010.0,33060.0,33080.0,33113.0,33146.0,33172.0,33195.0,33224.0,33254.0,33291.0,33323.0,33361.0,33379.0,33406.0,33434.0,33471.0,33500.0,33524.0,33558.0,33586.0,33613.0,33635.0,33663.0,33690.0,33728.0,33748.0,33779.0,33806.0,33831.0,33851.0,33888.0,33924.0,33950.0,33991.0,34021.0,,34079.0,34108.0,34149.0,34188.0,34209.0,34246.0,34282.0,34307.0,34339.0,34370.0,34399.0,34424.0,34453.0,34493.0,34516.0,34538.0,34561.0,34578.0,34599.0,34619.0,34657.0,34683.0,34714.0,34729.0,34750.0,34763.0,34783.0,34801.0,34825.0,34846.0,34871.0,34907.0,34933.0,34955.0,34983.0,35020.0,35052.0,35093.0,35124.0,35158.0,35191.0,35226.0,35258.0,35299.0,35340.0,35366.0,35404.0,35446.0,35487.0,35533.0,35557.0,35589.0,35627.0,35648.0,35665.0,35671.0,35691.0,35710.0,35732.0,35753.0,35769.0,35792.0,35807.0,35830.0,35846.0,35863.0,35883.0,35897.0,35922.0,35942.0,35979.0,36005.0,36039.0,36065.0,36087.0,36097.0,36123.0,36149.0,36181.0,36204.0,36220.0,36245.0,36273.0,36289.0,36311.0,36330.0,36343.0,36360.0,36374.0,36400.0,36421.0,36441.0,36469.0,36487.0,36510.0,36522.0,36540.0,36564.0,36589.0,36602.0,36619.0,36645.0,36663.0,36678.0,36690.0,36710.0,36729.0,36753.0,36770.0,36786.0,36804.0,36811.0,36826.0,36842
nEfR5b27Oko,94716.0,94736.0,94755.0,94772.0,94793.0,94821.0,94848.0,94863.0,94881.0,94898.0,94915.0,94929.0,94954.0,94969.0,94977.0,95003.0,95020.0,95034.0,95054.0,95068.0,95088.0,95109.0,95127.0,95148.0,95166.0,95182.0,95198.0,95214.0,95239.0,95264.0,95283.0,95302.0,95320.0,95336.0,95355.0,95385.0,95412.0,95434.0,95443.0,95466.0,95490.0,95517.0,95545.0,95572.0,95588.0,95608.0,95634.0,95649.0,95671.0,95694.0,95722.0,95742.0,95758.0,95788.0,95808.0,95831.0,95857.0,95887.0,95908.0,95935.0,95963.0,96012.0,96042.0,96075.0,96113.0,96142.0,96162.0,96186.0,96209.0,96243.0,96273.0,96293.0,96317.0,96335.0,96354.0,96371.0,96378.0,96389.0,96414.0,96432.0,96446.0,96461.0,96479.0,96504.0,96525.0,96544.0,96571.0,96590.0,96609.0,96628.0,96647.0,96668.0,96684.0,96700.0,96724.0,96746.0,96780.0,96793.0,96823.0,96833.0,96848.0,96867.0,96891.0,96908.0,96927.0,96946.0,96961.0,96982.0,97000.0,97012.0,97031.0,97064.0,97093.0,97127.0,97149.0,97166.0,97194.0,97215.0,97236.0,97259.0,97277.0,97283.0,97300.0,97316.0,97330.0,97356.0,97371.0,97396.0,97414.0,97426.0,97447.0,97471.0,97490.0,97502.0,,,,,,,,,97626.0,97638.0,97647.0,97675.0,97690.0,97708.0,97726.0,97746.0,97762.0,97787.0,97801.0,97810.0,97830.0,97842.0,97858.0,97887.0,97909.0,97932.0,97946.0,97958.0,97971.0,97992.0,98010.0,98023.0,98045.0,98066.0,98088.0,98110.0,98126.0,98135.0,98146.0,98156.0,98169.0,98197.0,98216.0,98229.0,98246.0,98256.0,98271.0,98292.0,98315.0,98328.0,98347.0,98362.0,98382.0,98402.0,98424.0,98451.0,98467.0,98483.0,98505.0,98512.0,98531.0,98545.0,98560.0,98578.0,98600.0,98640.0,98682.0,98707.0,98722.0,98742.0,98759.0,98776.0,98805.0,98819.0,98838.0,98859.0,98879.0,98891.0,98905.0,98918.0,98930.0,98945.0,98961.0,98973.0,98983.0,98992.0,99009.0,99026.0,99043.0,99063.0,99081.0,99108.0,99122.0,99133.0,99144.0,99160.0,99175.0,99198.0,99219.0,99235.0,99250.0,99266.0,99284.0,99302.0,99317.0,99333.0,99349.0,99365.0,99376.0,99391.0,99418.0,99454.0,99488.0,99507.0,99520.0,99537.0,99555.0,99564.0,99571.0,99592.0,99603.0,99613.0,99622.0,99635.0,99648.0,99660.0,99677.0,99688.0,99698.0,,99723.0,99739.0,99756.0,99767.0,99779.0,99789.0,99805.0,99823.0,99841.0,99856.0,99877.0,99895.0,99911.0,99920.0,99936.0,99951.0,99965.0,99982.0,100001.0,100014.0,100038.0,100058.0,100074.0,100090.0,100107.0,100127.0,100150.0,100174.0,100205.0,100218.0,100232.0,100250.0,100270.0,100285.0,100304.0,100322.0,100343.0,100360.0,100370.0,100385.0,100396.0,100412.0,100424.0,100439.0,100456.0,100475.0,100487.0,100503.0,100520.0,100532.0,100546.0,100558.0,100576.0,100595.0,100614.0,100641.0,100664.0,100680.0,100691.0,100706.0,100731.0,100745.0,100760.0,100781.0,100803.0,100829.0,100853.0,100873.0,100902.0,100924.0,100939.0,100956.0,100970.0,100995.0,101011.0,101023.0,101042.0,101057.0,101075.0,101089.0,101104.0,101128.0,101152.0,101178.0,101199.0,101221.0,101250.0,101276.0,101289.0,101296.0,101313.0,101329.0,101358.0,101397.0,101422.0,101440.0,101453.0,101474.0,101492.0,101510.0,101524.0,101537.0,101560.0,101580.0,101602.0,101627.0,101646.0,101677.0,101706.0,101730.0,101745.0,101770.0,101788.0,101819
4_zI6wHFJCU,686214.0,686484.0,686759.0,687040.0,687368.0,687766.0,688110.0,688433.0,688844.0,689084.0,689322.0,689610.0,689904.0,690267.0,690553.0,690912.0,691235.0,691501.0,691834.0,692168.0,692396.0,692727.0,692988.0,693236.0,693541.0,693859.0,694250.0,694700.0,695100.0,695496.0,695908.0,696168.0,696497.0,696792.0,697112.0,697440.0,697741.0,697997.0,698221.0,698567.0,698841.0,699122.0,699445.0,699788.0,700064.0,700275.0,700563.0,700869.0,701143.0,701479.0,701812.0,702102.0,702356.0,702606.0,702866.0,703161.0,703409.0,703771.0,704089.0,704304.0,704610.0,704881.0,705218.0,705560.0,705851.0,706171.0,706436.0,706721.0,706933.0,707304.0,707561.0,707836.0,708116.0,708313.0,708582.0,708862.0,709162.0,709480.0,709718.0,709984.0,710260.0,710526.0,710797.0,711042.0,711314.0,711602.0,711852.0,712067.0,712308.0,712594.0,712872.0,713175.0,713417.0,713667.0,713905.0,714150.0,714367.0,714719.0,714957.0,715236.0,715527.0,715737.0,716018.0,716282.0,716555.0,716799.0,717112.0,717389.0,717684.0,718002.0,718332.0,718647.0,718909.0,719176.0,719480.0,719723.0,720048.0,720410.0,720674.0,721068.0,721390.0,721652.0,721915.0,722141.0,722410.0,722655.0,722982.0,723241.0,723510.0,723739.0,724033.0,724280.0,724570.0,724877.0,,,,,,,,,727458.0,727770.0,728023.0,728274.0,728476.0,728700.0,728904.0,729113.0,729331.0,729553.0,729835.0,730058.0,730339.0,730609.0,730832.0,731049.0,731339.0,731577.0,731962.0,732229.0,732476.0,732751.0,733010.0,733279.0,733504.0,733741.0,733991.0,734291.0,734546.0,734759.0,734959.0,735206.0,735437.0,735662.0,735898.0,736149.0,736270.0,736550.0,736802.0,737037.0,737266.0,737487.0,737661.0,737858.0,738091.0,738342.0,738616.0,738836.0,739041.0,739271.0,739451.0,739693.0,739992.0,740257.0,740517.0,740755.0,740963.0,741195.0,741416.0,741650.0,741926.0,742102.0,742310.0,742550.0,742743.0,742980.0,743273.0,743557.0,743734.0,743957.0,744184.0,744392.0,744568.0,744847.0,745106.0,745374.0,745596.0,745859.0,746069.0,746286.0,746493.0,746711.0,746982.0,747225.0,747461.0,747627.0,747867.0,748054.0,748294.0,748540.0,748809.0,749085.0,749304.0,749581.0,749881.0,750187.0,750516.0,750817.0,751097.0,751327.0,751594.0,751874.0,752141.0,752402.0,752652.0,752871.0,753110.0,753296.0,753517.0,753722.0,754027.0,754282.0,754517.0,754772.0,754929.0,755171.0,755372.0,755580.0,755807.0,756079.0,756283.0,,756785.0,757014.0,757258.0,757531.0,757793.0,758058.0,758325.0,758591.0,758849.0,759130.0,759393.0,759669.0,759962.0,760250.0,760503.0,760740.0,760994.0,761229.0,761433.0,761684.0,761879.0,762176.0,762393.0,762680.0,762945.0,763199.0,763447.0,763703.0,763984.0,764284.0,764547.0,764834.0,765098.0,765323.0,765577.0,765809.0,766114.0,766391.0,766723.0,766941.0,767141.0,767405.0,767669.0,767886.0,768102.0,768361.0,768600.0,768814.0,769046.0,769379.0,769680.0,769942.0,770219.0,770531.0,770801.0,771130.0,771375.0,771669.0,772008.0,772339.0,772585.0,772844.0,773097.0,773345.0,773594.0,773891.0,774151.0,774388.0,774612.0,774891.0,775200.0,775543.0,775905.0,776217.0,776509.0,776791.0,777101.0,777425.0,777748.0,778095.0,778429.0,778738.0,779006.0,779343.0,779697.0,780037.0,780449.0,780776.0,781136.0,781440.0,781723.0,782040.0,782338.0,782701.0,783120.0,783494.0,783824.0,784246.0,784718.0,785130.0,785582.0,785977.0,786338.0,786751.0,787187.0,787669.0,788046.0,788513.0,788903.0,789238.0,789577.0,789927.0,790282.0,790719
loLmDjZNJN8,50500.0,50542.0,50608.0,50665.0,50710.0,50766.0,50811.0,50853.0,50906.0,50931.0,50972.0,51016.0,51052.0,51092.0,51132.0,51168.0,51197.0,51215.0,51263.0,51298.0,51331.0,51379.0,51423.0,51449.0,51466.0,51503.0,51552.0,51601.0,51648.0,51684.0,51711.0,51736.0,51777.0,51819.0,51851.0,51900.0,51931.0,51962.0,51975.0,52004.0,52033.0,52064.0,52091.0,52145.0,52174.0,52204.0,52223.0,52250.0,52274.0,52305.0,52333.0,52349.0,52365.0,52387.0,52417.0,52448.0,52479.0,52510.0,52527.0,52554.0,52571.0,52596.0,52622.0,52645.0,52673.0,52692.0,52714.0,52736.0,52764.0,52792.0,52818.0,52844.0,52862.0,52878.0,52895.0,52913.0,52930.0,52963.0,52997.0,53018.0,53031.0,53056.0,53077.0,53108.0,53125.0,53154.0,53168.0,53200.0,53213.0,53246.0,53271.0,53290.0,53314.0,53338.0,53350.0,53364.0,53387.0,53419.0,53440.0,53470.0,53490.0,53503.0,53524.0,53554.0,53575.0,53603.0,53620.0,53631.0,53644.0,53663.0,53680.0,53692.0,53707.0,53731.0,53755.0,53774.0,53783.0,53801.0,53821.0,53838.0,53862.0,53888.0,53907.0,53922.0,53938.0,53954.0,53973.0,53993.0,54010.0,54021.0,54035.0,54056.0,54077.0,54094.0,,,,,,,,,54276.0,54288.0,54301.0,54320.0,54343.0,54371.0,54389.0,54404.0,54429.0,54453.0,54492.0,54513.0,54543.0,54574.0,54599.0,54618.0,54639.0,54676.0,54724.0,54740.0,54757.0,54774.0,54788.0,54805.0,54833.0,54857.0,54874.0,54902.0,54920.0,54934.0,54950.0,54966.0,54978.0,55004.0,55040.0,55057.0,55065.0,55076.0,55089.0,55111.0,55134.0,55157.0,55176.0,55195.0,55214.0,55229.0,55249.0,55271.0,55291.0,55313.0,55334.0,55361.0,55382.0,55406.0,55440.0,55467.0,55494.0,55509.0,55530.0,55558.0,55573.0,55592.0,55616.0,55635.0,55642.0,55678.0,55711.0,55737.0,55757.0,55788.0,55810.0,55827.0,55851.0,55883.0,55913.0,55940.0,55973.0,55987.0,56002.0,56026.0,56052.0,56078.0,56110.0,56129.0,56152.0,56175.0,56196.0,56225.0,56237.0,56267.0,56288.0,56302.0,56326.0,56357.0,56386.0,56430.0,56471.0,56512.0,56545.0,56563.0,56602.0,56636.0,56667.0,56690.0,56717.0,56734.0,56757.0,56777.0,56806.0,56845.0,56872.0,56919.0,56947.0,56972.0,56994.0,57020.0,57053.0,57084.0,57103.0,57116.0,57133.0,,57170.0,57189.0,57213.0,57232.0,57250.0,57267.0,57281.0,57302.0,57316.0,57335.0,57354.0,57375.0,57393.0,57411.0,57434.0,57454.0,57474.0,57498.0,57512.0,57518.0,57543.0,57557.0,57572.0,57598.0,57612.0,57636.0,57649.0,57667.0,57678.0,57703.0,57716.0,57743.0,57758.0,57772.0,57800.0,57830.0,57853.0,57870.0,57895.0,57922.0,57943.0,57961.0,58003.0,58026.0,58051.0,58087.0,58120.0,58159.0,58206.0,58268.0,58327.0,58387.0,58439.0,58483.0,58551.0,58606.0,58667.0,58708.0,58739.0,58796.0,58838.0,58872.0,58926.0,58981.0,59036.0,59123.0,59349.0,59551.0,59666.0,59758.0,59816.0,59900.0,60023.0,60089.0,60191.0,60264.0,60342.0,60416.0,60497.0,60574.0,60648.0,60700.0,60757.0,60816.0,60863.0,60921.0,61008.0,61055.0,61095.0,61121.0,61169.0,61238.0,61267.0,61322.0,61388.0,61426.0,61464.0,61487.0,61521.0,61546.0,61579.0,61610.0,61646.0,61680.0,61724.0,61769.0,61827.0,61880.0,61935.0,61981.0,62026.0,62066.0,62126.0,62172
neIz5O5wwUU,28139.0,28148.0,28155.0,28163.0,28168.0,28175.0,28184.0,28187.0,28195.0,28212.0,28228.0,28238.0,28249.0,28260.0,28281.0,28291.0,28308.0,28329.0,28341.0,28352.0,28362.0,28373.0,28385.0,28397.0,28405.0,28414.0,28419.0,28429.0,28440.0,28448.0,28459.0,28472.0,28476.0,28480.0,28488.0,28494.0,28500.0,28511.0,28521.0,28528.0,28537.0,28549.0,28554.0,28556.0,28565.0,28572.0,28579.0,28583.0,28597.0,28605.0,28616.0,28630.0,28641.0,28653.0,28662.0,28673.0,28681.0,28699.0,28707.0,28719.0,28732.0,28740.0,28748.0,28759.0,28776.0,28793.0,28804.0,28814.0,28824.0,28837.0,28846.0,28858.0,28864.0,28873.0,28881.0,28888.0,28896.0,28898.0,28909.0,28921.0,28933.0,28942.0,28951.0,28960.0,28972.0,28979.0,28989.0,28997.0,29007.0,29013.0,29021.0,29043.0,29063.0,29095.0,29116.0,29137.0,29154.0,29170.0,29181.0,29216.0,29238.0,29254.0,29276.0,29298.0,29327.0,29343.0,29372.0,29390.0,29413.0,29423.0,29450.0,29464.0,29486.0,29491.0,29503.0,29520.0,29534.0,29545.0,29553.0,29560.0,29575.0,29584.0,29593.0,29609.0,29627.0,29631.0,29646.0,29665.0,29671.0,29682.0,29705.0,29729.0,29762.0,29804.0,,,,,,,,,30135.0,30159.0,30170.0,30194.0,30227.0,30234.0,30252.0,30278.0,30305.0,30324.0,30345.0,30372.0,30401.0,30427.0,30464.0,30487.0,30504.0,30516.0,30525.0,30555.0,30572.0,30607.0,30626.0,30642.0,30665.0,30686.0,30704.0,30713.0,30726.0,30743.0,30751.0,30764.0,30777.0,30793.0,30806.0,30822.0,30841.0,30857.0,30872.0,30886.0,30914.0,30931.0,30964.0,30977.0,30995.0,31012.0,31032.0,31046.0,31061.0,31075.0,31082.0,31092.0,31108.0,31136.0,31151.0,31165.0,31183.0,31198.0,31207.0,31224.0,31234.0,31249.0,31263.0,31284.0,31303.0,31318.0,31329.0,31342.0,31347.0,31372.0,31391.0,31403.0,31411.0,31421.0,31435.0,31447.0,31457.0,31463.0,31476.0,31498.0,31514.0,31527.0,31550.0,31579.0,31609.0,31641.0,31668.0,31692.0,31730.0,31789.0,31811.0,31832.0,31877.0,31902.0,31932.0,31956.0,31976.0,32011.0,32039.0,32075.0,32203.0,32280.0,32345.0,32413.0,32458.0,32493.0,32564.0,32617.0,32661.0,32692.0,32724.0,32770.0,32825.0,32867.0,32912.0,32961.0,32985.0,33015.0,33043.0,33080.0,33118.0,,33182.0,33215.0,33231.0,33267.0,33296.0,33321.0,33346.0,33375.0,33397.0,33419.0,33443.0,33473.0,33489.0,33499.0,33515.0,33528.0,33541.0,33557.0,33582.0,33604.0,33622.0,33645.0,33665.0,33682.0,33707.0,33732.0,33753.0,33764.0,33771.0,33789.0,33808.0,33824.0,33839.0,33861.0,33871.0,33889.0,33901.0,33913.0,33936.0,33950.0,33968.0,33981.0,33998.0,34009.0,34022.0,34033.0,34044.0,34054.0,34068.0,34080.0,34087.0,34097.0,34106.0,34129.0,34147.0,34163.0,34172.0,34188.0,34194.0,34208.0,34216.0,34225.0,34234.0,34242.0,34252.0,34259.0,34275.0,34288.0,34301.0,34321.0,34329.0,34340.0,34354.0,34364.0,34383.0,34403.0,34414.0,34421.0,34432.0,34443.0,34449.0,34457.0,34467.0,34470.0,34479.0,34484.0,34492.0,34501.0,34513.0,34524.0,34535.0,34553.0,34560.0,34575.0,34590.0,34598.0,34605.0,34619.0,34633.0,34644.0,34655.0,34668.0,34679.0,34685.0,34705.0,34709.0,34717.0,34730.0,34741.0,34753.0,34763.0,34779.0,34792.0,34798
eskyxkPBrFo,380.0,380.0,380.0,380.0,380.0,380.0,382.0,382.0,382.0,382.0,382.0,382.0,382.0,382.0,382.0,382.0,382.0,382.0,382.0,382.0,382.0,382.0,382.0,382.0,382.0,382.0,382.0,382.0,382.0,382.0,382.0,382.0,382.0,382.0,382.0,382.0,382.0,382.0,382.0,382.0,382.0,383.0,383.0,383.0,383.0,383.0,383.0,383.0,383.0,383.0,383.0,384.0,384.0,385.0,385.0,385.0,385.0,385.0,385.0,385.0,385.0,385.0,385.0,385.0,385.0,385.0,385.0,385.0,385.0,385.0,385.0,385.0,385.0,385.0,385.0,385.0,385.0,385.0,385.0,385.0,385.0,385.0,385.0,385.0,385.0,385.0,385.0,385.0,385.0,385.0,385.0,385.0,385.0,385.0,385.0,385.0,385.0,385.0,385.0,385.0,385.0,385.0,385.0,385.0,385.0,385.0,385.0,385.0,385.0,385.0,385.0,385.0,385.0,385.0,385.0,385.0,385.0,385.0,386.0,386.0,386.0,386.0,386.0,386.0,386.0,386.0,386.0,387.0,387.0,387.0,387.0,387.0,387.0,387.0,,,,,,,,,387.0,387.0,387.0,387.0,388.0,388.0,388.0,388.0,388.0,388.0,388.0,388.0,388.0,388.0,388.0,388.0,388.0,388.0,388.0,388.0,388.0,388.0,388.0,388.0,388.0,388.0,388.0,388.0,388.0,388.0,388.0,388.0,388.0,388.0,388.0,388.0,388.0,388.0,388.0,388.0,388.0,388.0,388.0,388.0,388.0,388.0,388.0,388.0,388.0,388.0,388.0,388.0,388.0,388.0,388.0,388.0,388.0,388.0,388.0,388.0,388.0,388.0,388.0,388.0,388.0,388.0,388.0,388.0,388.0,388.0,388.0,388.0,388.0,388.0,388.0,388.0,388.0,388.0,388.0,388.0,388.0,388.0,388.0,388.0,388.0,388.0,388.0,388.0,388.0,388.0,388.0,389.0,389.0,389.0,389.0,389.0,392.0,392.0,392.0,394.0,394.0,394.0,396.0,396.0,396.0,397.0,397.0,397.0,397.0,397.0,397.0,398.0,398.0,399.0,399.0,399.0,399.0,399.0,399.0,399.0,400.0,,402.0,402.0,402.0,402.0,402.0,402.0,403.0,404.0,405.0,407.0,407.0,409.0,410.0,410.0,411.0,412.0,412.0,412.0,412.0,412.0,412.0,413.0,413.0,413.0,413.0,413.0,413.0,413.0,413.0,413.0,413.0,413.0,413.0,413.0,413.0,413.0,413.0,413.0,413.0,413.0,413.0,413.0,414.0,414.0,414.0,414.0,414.0,414.0,414.0,414.0,414.0,414.0,414.0,414.0,414.0,414.0,414.0,414.0,414.0,414.0,414.0,414.0,414.0,414.0,414.0,414.0,414.0,414.0,414.0,414.0,414.0,414.0,415.0,415.0,415.0,415.0,415.0,415.0,415.0,415.0,415.0,415.0,415.0,415.0,415.0,415.0,415.0,415.0,415.0,415.0,415.0,415.0,415.0,415.0,415.0,415.0,415.0,415.0,415.0,415.0,415.0,415.0,415.0,415.0,415.0,415.0,415.0,415.0,415.0,415.0,415.0,415.0,415.0,415
y7LbPyvIz-0,683.0,683.0,683.0,683.0,683.0,683.0,683.0,683.0,683.0,683.0,683.0,683.0,683.0,684.0,684.0,684.0,684.0,684.0,684.0,684.0,684.0,684.0,684.0,684.0,684.0,684.0,684.0,684.0,684.0,684.0,684.0,684.0,684.0,684.0,684.0,684.0,684.0,684.0,684.0,684.0,684.0,685.0,685.0,685.0,685.0,685.0,685.0,685.0,685.0,685.0,685.0,686.0,686.0,687.0,687.0,687.0,687.0,687.0,687.0,687.0,687.0,687.0,687.0,687.0,687.0,687.0,687.0,687.0,687.0,687.0,687.0,687.0,687.0,687.0,687.0,687.0,687.0,687.0,687.0,687.0,687.0,687.0,687.0,687.0,687.0,687.0,687.0,687.0,687.0,687.0,687.0,687.0,687.0,687.0,687.0,687.0,687.0,687.0,687.0,687.0,687.0,687.0,687.0,687.0,687.0,687.0,687.0,687.0,687.0,687.0,687.0,687.0,687.0,687.0,687.0,687.0,687.0,687.0,688.0,688.0,688.0,688.0,688.0,688.0,688.0,688.0,688.0,688.0,688.0,688.0,688.0,688.0,688.0,688.0,,,,,,,,,688.0,688.0,688.0,688.0,689.0,689.0,689.0,689.0,689.0,689.0,689.0,689.0,689.0,689.0,689.0,689.0,689.0,689.0,689.0,689.0,689.0,689.0,689.0,689.0,689.0,689.0,689.0,689.0,689.0,689.0,689.0,689.0,689.0,689.0,689.0,689.0,689.0,689.0,689.0,689.0,689.0,689.0,689.0,689.0,690.0,691.0,691.0,691.0,691.0,691.0,691.0,691.0,691.0,691.0,691.0,691.0,691.0,691.0,691.0,691.0,691.0,691.0,691.0,691.0,691.0,691.0,691.0,691.0,691.0,691.0,691.0,691.0,691.0,691.0,691.0,691.0,691.0,691.0,691.0,691.0,691.0,691.0,691.0,691.0,691.0,691.0,691.0,691.0,691.0,691.0,691.0,691.0,691.0,691.0,691.0,691.0,692.0,692.0,692.0,692.0,692.0,692.0,692.0,692.0,692.0,692.0,692.0,692.0,692.0,692.0,692.0,692.0,692.0,692.0,692.0,692.0,692.0,692.0,692.0,692.0,692.0,,692.0,692.0,692.0,692.0,692.0,692.0,692.0,692.0,692.0,692.0,692.0,692.0,692.0,692.0,692.0,692.0,692.0,692.0,692.0,692.0,692.0,692.0,692.0,692.0,692.0,692.0,692.0,692.0,692.0,692.0,692.0,692.0,692.0,692.0,692.0,692.0,692.0,692.0,692.0,692.0,692.0,692.0,692.0,692.0,692.0,692.0,692.0,693.0,693.0,693.0,693.0,693.0,693.0,693.0,693.0,693.0,693.0,693.0,693.0,693.0,693.0,693.0,693.0,693.0,693.0,693.0,693.0,693.0,693.0,693.0,693.0,693.0,693.0,693.0,693.0,693.0,693.0,693.0,693.0,693.0,693.0,693.0,693.0,693.0,693.0,693.0,693.0,693.0,693.0,693.0,693.0,693.0,693.0,694.0,694.0,694.0,694.0,694.0,694.0,694.0,694.0,694.0,694.0,694.0,694.0,694.0,694.0,694.0,694.0,694.0,694.0,694.0,694.0,694
dUd_9R_qJSg,8171892.0,8172466.0,8173059.0,8173670.0,8174264.0,8174843.0,8175397.0,8176061.0,8176687.0,8177334.0,8177946.0,8178438.0,8179020.0,8179552.0,8180073.0,8180566.0,8180978.0,8181416.0,8181811.0,8182252.0,8182710.0,8183155.0,8183655.0,8184115.0,8184666.0,8185180.0,8185671.0,8186150.0,8186690.0,8187196.0,8187698.0,8188160.0,8188608.0,8189166.0,8189684.0,8190221.0,8190756.0,8191237.0,8191689.0,8192142.0,8192636.0,8193137.0,8193628.0,8194101.0,8194554.0,8195036.0,8195570.0,8196184.0,8196694.0,8197308.0,8197861.0,8198368.0,8198861.0,8199364.0,8199908.0,8200487.0,8201063.0,8201598.0,8202149.0,8202660.0,8203230.0,8204004.0,8204651.0,8205275.0,8205944.0,8206537.0,8207188.0,8207988.0,8209241.0,8210597.0,8211640.0,8212607.0,8213556.0,8214433.0,8215311.0,8216150.0,8217169.0,8217815.0,8218470.0,8219141.0,8219830.0,8220479.0,8221126.0,8221788.0,8222399.0,8223149.0,8223821.0,8224452.0,8225015.0,8225692.0,8226284.0,8226832.0,8227479.0,8228036.0,8228671.0,8229211.0,8229752.0,8230347.0,8231001.0,8231557.0,8232113.0,8232686.0,8233172.0,8233780.0,8234399.0,8234874.0,8235490.0,8236085.0,8236635.0,8237277.0,8237865.0,8238458.0,8238918.0,8239481.0,8240061.0,8240576.0,8241072.0,8241552.0,8242070.0,8242598.0,8243088.0,8243588.0,8244111.0,8244563.0,8245124.0,8245606.0,8246161.0,8246757.0,8247318.0,8247761.0,8248246.0,8248796.0,8249256.0,8249758.0,,,,,,,,,8254099.0,8254622.0,8255087.0,8255569.0,8256048.0,8256595.0,8257099.0,8257670.0,8258211.0,8258704.0,8259242.0,8259773.0,8260357.0,8260863.0,8261318.0,8261859.0,8262347.0,8262864.0,8263333.0,8263931.0,8264431.0,8264965.0,8265492.0,8265948.0,8266581.0,8267116.0,8267613.0,8268153.0,8268668.0,8269238.0,8269756.0,8270276.0,8270758.0,8271221.0,8271841.0,8272437.0,8273026.0,8273520.0,8274014.0,8274636.0,8275237.0,8275812.0,8276419.0,8276976.0,8277450.0,8277910.0,8278501.0,8279053.0,8279610.0,8280079.0,8280635.0,8281074.0,8281642.0,8282150.0,8282702.0,8283250.0,8283696.0,8284185.0,8284642.0,8285115.0,8285655.0,8286084.0,8286457.0,8286851.0,8287284.0,8287708.0,8288184.0,8288597.0,8289010.0,8289394.0,8289841.0,8290299.0,8290713.0,8291217.0,8291660.0,8292114.0,8292579.0,8293098.0,8293557.0,8293939.0,8294380.0,8294833.0,8295275.0,8295738.0,8296224.0,8296673.0,8297098.0,8297561.0,8297981.0,8298407.0,8298861.0,8299349.0,8299820.0,8300225.0,8300674.0,8301122.0,8301575.0,8302042.0,8302486.0,8302899.0,8303319.0,8303787.0,8304180.0,8304621.0,8305036.0,8305460.0,8305835.0,8306254.0,8306666.0,8307153.0,8307560.0,8308015.0,8308467.0,8308890.0,8309262.0,8309709.0,8310164.0,8310641.0,8311153.0,8311768.0,8312312.0,,8313384.0,8313953.0,8314496.0,8314957.0,8315444.0,8315957.0,8316394.0,8316897.0,8317372.0,8317899.0,8318410.0,8318874.0,8319376.0,8319882.0,8320282.0,8320788.0,8321240.0,8321711.0,8322194.0,8322619.0,8323085.0,8323526.0,8323974.0,8324375.0,8324790.0,8325247.0,8325619.0,8326099.0,8326544.0,8326959.0,8327380.0,8327767.0,8328191.0,8328635.0,8329003.0,8329470.0,8329896.0,8330380.0,8330817.0,8331235.0,8331648.0,8332028.0,8332462.0,8332862.0,8333297.0,8333713.0,8334099.0,8334535.0,8334924.0,8335333.0,8335860.0,8336299.0,8336736.0,8337174.0,8337591.0,8337981.0,8338335.0,8338794.0,8339173.0,8339613.0,8340091.0,8340494.0,8340854.0,8341282.0,8341693.0,8342095.0,8342534.0,8342928.0,8343285.0,8343625.0,8343962.0,8344333.0,8344708.0,8345091.0,8345482.0,8345838.0,8346243.0,8346595.0,8346994.0,8347378.0,8347768.0,8348174.0,8348564.0,8348987.0,8349412.0,8349817.0,8350160.0,8350568.0,8351014.0,8351364.0,8351764.0,8352159.0,8352565.0,8352938.0,8353374.0,8353818.0,8354241.0,8354719.0,8355078.0,8355507.0,8356004.0,8356456.0,8356891.0,8357329.0,8357674.0,8358089.0,8358532.0,8358969.0,8359354.0,8359752.0,8360084.0,8360422.0,8360827.0,8361233
ZYHBKvNUmk0,12107223.0,12107828.0,12108512.0,12109153.0,12109784.0,12110381.0,12111065.0,12111721.0,12112397.0,12113016.0,12113683.0,12114360.0,12114972.0,12115562.0,12116165.0,12116718.0,12117455.0,12118153.0,12118700.0,12119331.0,12119916.0,12120585.0,12121187.0,12121749.0,12122369.0,12122877.0,12123511.0,12124150.0,12124729.0,12125236.0,12125761.0,12126235.0,12126752.0,12127297.0,12127878.0,12128466.0,12129035.0,12129579.0,12130142.0,12130626.0,12131194.0,12131687.0,12132304.0,12132838.0,12133437.0,12133963.0,12134571.0,12135201.0,12135721.0,12136373.0,12136982.0,12137584.0,12138150.0,12138702.0,12139267.0,12139849.0,12140430.0,12141036.0,12141640.0,12142202.0,12142853.0,12143608.0,12144321.0,12145117.0,12145907.0,12146597.0,12147249.0,12148131.0,12149264.0,12150517.0,12151448.0,12152303.0,12153075.0,12153868.0,12154697.0,12155507.0,12156342.0,12157148.0,12157839.0,12158567.0,12159310.0,12160091.0,12160894.0,12161636.0,12162370.0,12163094.0,12163831.0,12164447.0,12165083.0,12165792.0,12166511.0,12167155.0,12167814.0,12168476.0,12169057.0,12169767.0,12170405.0,12170995.0,12171647.0,12172273.0,12172922.0,12173519.0,12174010.0,12174680.0,12175262.0,12175811.0,12176415.0,12177000.0,12177599.0,12178206.0,12178784.0,12179372.0,12179928.0,12180591.0,12181203.0,12181779.0,12182323.0,12182883.0,12183518.0,12184131.0,12184673.0,12185202.0,12185748.0,12186156.0,12186696.0,12187212.0,12187665.0,12188270.0,12188784.0,12189281.0,12189777.0,12190314.0,12190885.0,12191390.0,,,,,,,,,12196162.0,12196720.0,12197188.0,12197661.0,12198166.0,12198756.0,12199249.0,12199756.0,12200276.0,12200687.0,12201241.0,12201733.0,12202325.0,12202839.0,12203418.0,12203920.0,12204470.0,12205030.0,12205581.0,12206065.0,12206615.0,12207109.0,12207565.0,12208012.0,12208602.0,12209063.0,12209549.0,12210051.0,12210540.0,12210994.0,12211503.0,12211977.0,12212545.0,12213042.0,12213601.0,12214143.0,12214749.0,12215296.0,12215905.0,12216475.0,12217072.0,12217663.0,12218272.0,12218847.0,12219372.0,12219857.0,12220415.0,12220973.0,12221472.0,12221929.0,12222401.0,12222881.0,12223405.0,12223886.0,12224380.0,12224933.0,12225397.0,12225868.0,12226321.0,12226781.0,12227178.0,12227631.0,12227952.0,12228328.0,12228673.0,12229017.0,12229447.0,12229859.0,12230378.0,12230703.0,12231061.0,12231446.0,12231760.0,12232133.0,12232571.0,12232992.0,12233426.0,12233853.0,12234211.0,12234602.0,12234959.0,12235341.0,12235712.0,12236171.0,12236526.0,12236899.0,12237241.0,12237648.0,12238029.0,12238372.0,12238784.0,12239214.0,12239586.0,12239957.0,12240279.0,12240633.0,12241071.0,12241444.0,12241836.0,12242213.0,12242606.0,12242917.0,12243352.0,12243724.0,12244125.0,12244446.0,12244819.0,12245153.0,12245485.0,12245897.0,12246196.0,12246564.0,12246925.0,12247268.0,12247572.0,12247916.0,12248313.0,12248680.0,12249060.0,12249474.0,12249861.0,,12250726.0,12251155.0,12251549.0,12251944.0,12252304.0,12252664.0,12253077.0,12253448.0,12253813.0,12254266.0,12254644.0,12255061.0,12255455.0,12255828.0,12256163.0,12256551.0,12256961.0,12257424.0,12257824.0,12258271.0,12258684.0,12259106.0,12259485.0,12259865.0,12260265.0,12260574.0,12260934.0,12261339.0,12261654.0,12262021.0,12262438.0,12262809.0,12263243.0,12263601.0,12263992.0,12264404.0,12264762.0,12265205.0,12265569.0,12265874.0,12266268.0,12266643.0,12267035.0,12267414.0,12267849.0,12268300.0,12268716.0,12269105.0,12269498.0,12269907.0,12270290.0,12270615.0,12271030.0,12271432.0,12271753.0,12272096.0,12272473.0,12272895.0,12273286.0,12273686.0,12274048.0,12274379.0,12274684.0,12275050.0,12275405.0,12275733.0,12276141.0,12276452.0,12276757.0,12277046.0,12277392.0,12277727.0,12278087.0,12278438.0,12278796.0,12279155.0,12279554.0,12279963.0,12280378.0,12280772.0,12281153.0,12281503.0,12281852.0,12282249.0,12282629.0,12282999.0,12283369.0,12283750.0,12284100.0,12284434.0,12284742.0,12285048.0,12285404.0,12285801.0,12286159.0,12286538.0,12286881.0,12287254.0,12287652.0,12288040.0,12288478.0,12288896.0,12289310.0,12289685.0,12290085.0,12290459.0,12290797.0,12291180.0,12291553.0,12291919.0,12292273.0,12292668.0,12292998.0,12293405
NbYoIzjKKqI,1994.0,1994.0,1994.0,1995.0,1995.0,1995.0,1996.0,1996.0,1996.0,1996.0,1996.0,1996.0,1996.0,1996.0,1996.0,1996.0,1996.0,1997.0,1998.0,1998.0,2000.0,2003.0,2003.0,2005.0,2006.0,2008.0,2008.0,2008.0,2007.0,2008.0,2008.0,2009.0,2009.0,2009.0,2009.0,2011.0,2011.0,2012.0,2012.0,2012.0,2012.0,2012.0,2012.0,2012.0,2012.0,2014.0,2014.0,2014.0,2014.0,2014.0,2015.0,2017.0,2017.0,2017.0,2018.0,2019.0,2019.0,2019.0,2020.0,2021.0,2022.0,2022.0,2022.0,2022.0,2024.0,2034.0,2073.0,2091.0,2095.0,2099.0,2099.0,2107.0,2117.0,2118.0,2119.0,2119.0,2120.0,2122.0,2127.0,2128.0,2129.0,2129.0,2129.0,2138.0,2142.0,2144.0,2146.0,2148.0,2151.0,2156.0,2159.0,2162.0,2169.0,2178.0,2180.0,2180.0,2180.0,2180.0,2180.0,2181.0,2181.0,2181.0,2181.0,2182.0,2184.0,2189.0,2197.0,2199.0,2205.0,2209.0,2211.0,2211.0,2211.0,2211.0,2211.0,2211.0,2211.0,2211.0,2211.0,2211.0,2212.0,2212.0,2212.0,2213.0,2213.0,2214.0,2214.0,2215.0,2218.0,2218.0,2218.0,2218.0,2218.0,2219.0,,,,,,,,,2230.0,2233.0,2234.0,2235.0,2238.0,2239.0,2240.0,2240.0,2240.0,2242.0,2244.0,2246.0,2246.0,2248.0,2249.0,2249.0,2251.0,2251.0,2251.0,2252.0,2252.0,2254.0,2258.0,2258.0,2259.0,2261.0,2263.0,2263.0,2263.0,2263.0,2265.0,2265.0,2266.0,2267.0,2271.0,2272.0,2274.0,2274.0,2275.0,2277.0,2278.0,2278.0,2281.0,2283.0,2284.0,2284.0,2285.0,2285.0,2285.0,2288.0,2290.0,2295.0,2296.0,2298.0,2298.0,2299.0,2301.0,2301.0,2301.0,2302.0,2302.0,2303.0,2303.0,2303.0,2303.0,2303.0,2303.0,2304.0,2305.0,2305.0,2305.0,2305.0,2305.0,2307.0,2307.0,2307.0,2307.0,2307.0,2308.0,2309.0,2309.0,2309.0,2309.0,2309.0,2309.0,2311.0,2312.0,2312.0,2312.0,2312.0,2312.0,2313.0,2313.0,2314.0,2318.0,2318.0,2318.0,2318.0,2318.0,2318.0,2319.0,2319.0,2319.0,2320.0,2320.0,2321.0,2321.0,2321.0,2321.0,2321.0,2321.0,2321.0,2321.0,2321.0,2323.0,2323.0,2324.0,2325.0,2325.0,2325.0,2325.0,,2326.0,2326.0,2326.0,2326.0,2326.0,2326.0,2326.0,2326.0,2327.0,2328.0,2328.0,2329.0,2329.0,2329.0,2331.0,2331.0,2331.0,2331.0,2331.0,2331.0,2332.0,2332.0,2333.0,2334.0,2334.0,2334.0,2334.0,2334.0,2334.0,2334.0,2335.0,2335.0,2335.0,2335.0,2335.0,2336.0,2337.0,2338.0,2340.0,2340.0,2340.0,2340.0,2340.0,2340.0,2340.0,2340.0,2340.0,2340.0,2340.0,2340.0,2340.0,2340.0,2340.0,2340.0,2340.0,2340.0,2340.0,2340.0,2340.0,2340.0,2340.0,2340.0,2340.0,2340.0,2340.0,2340.0,2340.0,2340.0,2340.0,2340.0,2340.0,2340.0,2340.0,2340.0,2340.0,2341.0,2341.0,2341.0,2342.0,2342.0,2342.0,2342.0,2342.0,2343.0,2345.0,2345.0,2346.0,2346.0,2347.0,2347.0,2347.0,2347.0,2347.0,2349.0,2349.0,2350.0,2351.0,2353.0,2355.0,2357.0,2359.0,2361.0,2362.0,2362.0,2363.0,2363.0,2365.0,2366.0,2368.0,2370.0,2372.0,2373.0,2373.0,2375
iDNiUkdYCbA,100952.0,101406.0,102058.0,102594.0,103137.0,103525.0,104166.0,104903.0,105477.0,105946.0,106345.0,106801.0,107367.0,108091.0,108952.0,109872.0,110475.0,111113.0,111911.0,112783.0,113492.0,114309.0,115120.0,115779.0,116406.0,117098.0,117967.0,118540.0,119127.0,119894.0,120639.0,121142.0,121690.0,122154.0,122609.0,123222.0,123746.0,124022.0,124343.0,124790.0,125235.0,125628.0,126104.0,126591.0,127023.0,127353.0,127717.0,128076.0,128560.0,129113.0,129620.0,129931.0,130209.0,130501.0,130720.0,130960.0,131172.0,131547.0,131890.0,132125.0,132326.0,132617.0,132957.0,133254.0,133570.0,133782.0,134001.0,134188.0,134351.0,134614.0,134926.0,135180.0,135420.0,135646.0,135840.0,136028.0,136336.0,136627.0,137055.0,137388.0,137574.0,137858.0,138167.0,138442.0,138856.0,139264.0,139682.0,139948.0,140248.0,140570.0,140895.0,141212.0,141602.0,141919.0,142167.0,142517.0,142843.0,143118.0,143412.0,143675.0,143929.0,144098.0,144344.0,144556.0,144831.0,145090.0,145445.0,145689.0,145927.0,146151.0,146450.0,146748.0,147053.0,147337.0,147649.0,147869.0,148262.0,148641.0,148999.0,149315.0,149726.0,149986.0,150304.0,150542.0,150869.0,151086.0,151381.0,151691.0,151914.0,152130.0,152429.0,152796.0,153177.0,153609.0,,,,,,,,,157154.0,157415.0,157677.0,158063.0,158456.0,158882.0,159207.0,159483.0,159725.0,160173.0,160602.0,160973.0,161438.0,161934.0,162369.0,162693.0,163238.0,163779.0,164230.0,164606.0,165005.0,165350.0,165672.0,166114.0,166540.0,166950.0,167393.0,167793.0,168164.0,168518.0,168994.0,169464.0,169879.0,170312.0,170700.0,171063.0,171356.0,171781.0,172232.0,172606.0,173130.0,173609.0,173950.0,174260.0,174638.0,174998.0,175487.0,175915.0,176301.0,176675.0,176977.0,177283.0,177714.0,178157.0,178528.0,178878.0,179145.0,179428.0,179761.0,180103.0,180454.0,180717.0,180999.0,181353.0,181581.0,181881.0,182201.0,182499.0,182720.0,183021.0,183282.0,183500.0,183767.0,184129.0,184563.0,184986.0,185294.0,185577.0,185864.0,186125.0,186533.0,186853.0,187225.0,187668.0,188098.0,188409.0,188779.0,189228.0,189634.0,190120.0,190596.0,191013.0,191335.0,191796.0,192244.0,192648.0,193085.0,193552.0,193845.0,194139.0,194577.0,195014.0,195525.0,196031.0,196599.0,197047.0,197404.0,197824.0,198325.0,198784.0,199281.0,199718.0,200188.0,200530.0,200915.0,201269.0,201617.0,201996.0,202584.0,203023.0,203366.0,,204325.0,204804.0,205300.0,205804.0,206426.0,207035.0,207568.0,208245.0,208953.0,209801.0,210605.0,211142.0,211573.0,212297.0,212894.0,213519.0,214217.0,215193.0,216036.0,216657.0,217684.0,218483.0,219403.0,220263.0,220932.0,221466.0,222102.0,222749.0,223401.0,223944.0,224458.0,225401.0,226137.0,226764.0,227608.0,228527.0,229466.0,230792.0,231997.0,232905.0,233675.0,234381.0,235536.0,236657.0,237490.0,238422.0,238979.0,239398.0,240127.0,240789.0,241606.0,242392.0,243208.0,243943.0,244708.0,245386.0,246305.0,247085.0,248112.0,249146.0,249963.0,250558.0,251330.0,252085.0,253060.0,253973.0,254837.0,255621.0,256216.0,256921.0,257582.0,258458.0,259311.0,260298.0,261527.0,262505.0,263662.0,264688.0,265761.0,266679.0,267473.0,268130.0,268631.0,269197.0,269834.0,270404.0,271089.0,271758.0,272274.0,272665.0,273092.0,273533.0,274079.0,274521.0,274993.0,275450.0,275850.0,276342.0,276840.0,277338.0,277821.0,278311.0,278611.0,278960.0,279354.0,279816.0,280253.0,280671.0,281031.0,281388.0,281706.0,282031.0,282396.0,282740
E-Z9ILwBfNk,251277.0,251315.0,251377.0,251412.0,251468.0,251545.0,251613.0,251703.0,251766.0,251821.0,251868.0,251928.0,251994.0,252057.0,252107.0,252158.0,252210.0,252263.0,252348.0,252424.0,252468.0,252530.0,252607.0,252695.0,252743.0,252855.0,252921.0,252982.0,253063.0,253115.0,253179.0,253227.0,253280.0,253343.0,253388.0,253440.0,253496.0,253558.0,253610.0,253675.0,253728.0,253797.0,253850.0,253912.0,253965.0,254017.0,254075.0,254142.0,254196.0,254267.0,254349.0,254414.0,254469.0,254541.0,254608.0,254676.0,254730.0,254786.0,254865.0,254942.0,255021.0,255103.0,255185.0,255248.0,255328.0,255398.0,255441.0,255533.0,255637.0,255735.0,255795.0,255867.0,255931.0,256017.0,256090.0,256186.0,256268.0,256366.0,256443.0,256499.0,256565.0,256622.0,256698.0,256779.0,256844.0,256916.0,256969.0,257051.0,257114.0,257199.0,257275.0,257360.0,257440.0,257505.0,257577.0,257636.0,257678.0,257748.0,257828.0,257904.0,257961.0,258010.0,258084.0,258154.0,258230.0,258318.0,258398.0,258472.0,258527.0,258608.0,258672.0,258745.0,258801.0,258853.0,258940.0,259009.0,259089.0,259152.0,259208.0,259281.0,259352.0,259418.0,259492.0,259559.0,259645.0,259720.0,259778.0,259867.0,259931.0,259996.0,260065.0,260147.0,260218.0,260285.0,,,,,,,,,260838.0,260893.0,260944.0,260993.0,261050.0,261123.0,261187.0,261258.0,261317.0,261407.0,261460.0,261553.0,261626.0,261702.0,261754.0,261802.0,261855.0,261917.0,261983.0,262045.0,262094.0,262152.0,262210.0,262270.0,262332.0,262384.0,262440.0,262497.0,262549.0,262604.0,262661.0,262697.0,262759.0,262809.0,262846.0,262910.0,262953.0,263009.0,263058.0,263117.0,263188.0,263298.0,263340.0,263383.0,263467.0,263529.0,263611.0,263700.0,263784.0,263875.0,263919.0,263996.0,264082.0,264150.0,264206.0,264275.0,264321.0,264368.0,264416.0,264468.0,264521.0,264575.0,264621.0,264663.0,264700.0,264743.0,264788.0,264834.0,264939.0,264988.0,265030.0,265080.0,265144.0,265199.0,265278.0,265319.0,265368.0,265429.0,265475.0,265526.0,265590.0,265627.0,265675.0,265740.0,265779.0,265816.0,265867.0,265920.0,265992.0,266041.0,266101.0,266166.0,266224.0,266280.0,266347.0,266410.0,266488.0,266533.0,266583.0,266632.0,266691.0,266744.0,266798.0,266832.0,266899.0,266954.0,266997.0,267057.0,267096.0,267131.0,267167.0,267213.0,267266.0,267310.0,267352.0,267393.0,267437.0,267472.0,267512.0,267566.0,267624.0,,267709.0,267770.0,267820.0,267871.0,267914.0,267961.0,268015.0,268055.0,268106.0,268162.0,268217.0,268249.0,268289.0,268334.0,268371.0,268441.0,268500.0,268575.0,268622.0,268677.0,268738.0,268791.0,268845.0,268900.0,268953.0,268995.0,269051.0,269104.0,269172.0,269241.0,269315.0,269371.0,269453.0,269496.0,269549.0,269600.0,269688.0,269753.0,269806.0,269854.0,269899.0,269952.0,270005.0,270059.0,270122.0,270193.0,270258.0,270326.0,270382.0,270460.0,270526.0,270602.0,270657.0,270721.0,270771.0,270841.0,270912.0,270982.0,271048.0,271118.0,271172.0,271238.0,271320.0,271402.0,271470.0,271523.0,271588.0,271646.0,271722.0,271801.0,271889.0,271951.0,272047.0,272122.0,272187.0,272253.0,272316.0,272405.0,272481.0,272547.0,272626.0,272705.0,272780.0,272828.0,272885.0,272957.0,273020.0,273081.0,273132.0,273186.0,273239.0,273308.0,273367.0,273432.0,273508.0,273567.0,273609.0,273662.0,273723.0,273792.0,273850.0,273907.0,273948.0,273986.0,274042.0,274103.0,274171.0,274246.0,274322.0,274360.0,274423.0,274480.0,274541.0,274594
vFwaGV2XACc,2756497.0,2757722.0,2759013.0,2760255.0,2761499.0,2762764.0,2763950.0,2765346.0,2766725.0,2768131.0,2769384.0,2770631.0,2771984.0,2773389.0,2774756.0,2776144.0,2777466.0,2778754.0,2780073.0,2781445.0,2782819.0,2784227.0,2785589.0,2786851.0,2788006.0,2789166.0,2790483.0,2791762.0,2793065.0,2794304.0,2795476.0,2796680.0,2797880.0,2799013.0,2800347.0,2801479.0,2802986.0,2804291.0,2805524.0,2806733.0,2807939.0,2809074.0,2810357.0,2811741.0,2812885.0,2814064.0,2815204.0,2816475.0,2817830.0,2819200.0,2820405.0,2821573.0,2822779.0,2823942.0,2825095.0,2826267.0,2827494.0,2828596.0,2829769.0,2830811.0,2831976.0,2833088.0,2834331.0,2835460.0,2836680.0,2837785.0,2838876.0,2839908.0,2840934.0,2842275.0,2843485.0,2844686.0,2845813.0,2846919.0,2847975.0,2849196.0,2850358.0,2851453.0,2852575.0,2853654.0,2854661.0,2855870.0,2856955.0,2858135.0,2859267.0,2860398.0,2861605.0,2862652.0,2863679.0,2864816.0,2865932.0,2866988.0,2868059.0,2869102.0,2869911.0,2871067.0,2872208.0,2873405.0,2874530.0,2875467.0,2876518.0,2877524.0,2878498.0,2879489.0,2880554.0,2881566.0,2882777.0,2883809.0,2884845.0,2885842.0,2886840.0,2888054.0,2889152.0,2890145.0,2891165.0,2892277.0,2893308.0,2894381.0,2895472.0,2896397.0,2897583.0,2898547.0,2899423.0,2900349.0,2901327.0,2902472.0,2903415.0,2904418.0,2905282.0,2906256.0,2907226.0,2908351.0,2909404.0,2910581.0,,,,,,,,,2919953.0,2920984.0,2921903.0,2922873.0,2923965.0,2924908.0,2925923.0,2926787.0,2927645.0,2928453.0,2929341.0,2930203.0,2931117.0,2931995.0,2932914.0,2933829.0,2934716.0,2935610.0,2936635.0,2937580.0,2938541.0,2939562.0,2940541.0,2941455.0,2942445.0,2943337.0,2944384.0,2945332.0,2946179.0,2947099.0,2947968.0,2948922.0,2949936.0,2950976.0,2951905.0,2952809.0,2953660.0,2954437.0,2955323.0,2956238.0,2957089.0,2957982.0,2958894.0,2959732.0,2960611.0,2961451.0,2962351.0,2963290.0,2964124.0,2964998.0,2965752.0,2966474.0,2967308.0,2968163.0,2969009.0,2969889.0,2970585.0,2971337.0,2972091.0,2972917.0,2973725.0,2974479.0,2975163.0,2975894.0,2976527.0,2977372.0,2978128.0,2978935.0,2979623.0,2980316.0,2981032.0,2981717.0,2982444.0,2983200.0,2983961.0,2984893.0,2985806.0,2986590.0,2987543.0,2988404.0,2989261.0,2990200.0,2990947.0,2991980.0,2992711.0,2993615.0,2994529.0,2995433.0,2996297.0,2997182.0,2998090.0,2998977.0,2999956.0,3000882.0,3001798.0,3002690.0,3003631.0,3004523.0,3005456.0,3006305.0,3007138.0,3008049.0,3008919.0,3009864.0,3010706.0,3011598.0,3012472.0,3013357.0,3014164.0,3014953.0,3015900.0,3016733.0,3017562.0,3018480.0,3019301.0,3020124.0,3020888.0,3021768.0,3022705.0,3023618.0,3024495.0,,3026464.0,3027379.0,3028376.0,3029179.0,3030083.0,3030848.0,3031720.0,3032515.0,3033441.0,3034331.0,3035224.0,3036186.0,3036906.0,3037829.0,3038812.0,3039769.0,3040736.0,3041782.0,3042768.0,3043695.0,3044696.0,3045606.0,3046556.0,3047560.0,3048463.0,3049404.0,3050269.0,3050984.0,3051901.0,3052858.0,3053756.0,3054687.0,3055613.0,3056470.0,3057289.0,3058262.0,3059232.0,3060176.0,3061101.0,3061884.0,3062728.0,3063510.0,3064489.0,3065378.0,3066178.0,3067133.0,3068024.0,3068785.0,3069756.0,3070536.0,3071419.0,3072367.0,3073294.0,3074341.0,3075283.0,3076103.0,3077039.0,3077962.0,3078839.0,3079742.0,3080656.0,3081625.0,3082489.0,3083326.0,3084163.0,3085235.0,3086080.0,3086984.0,3087831.0,3088639.0,3089502.0,3090421.0,3091328.0,3092202.0,3093062.0,3093931.0,3094720.0,3095572.0,3096433.0,3097359.0,3098363.0,3099144.0,3100102.0,3101006.0,3101941.0,3102935.0,3103839.0,3104827.0,3105634.0,3106541.0,3107373.0,3108147.0,3109082.0,3109790.0,3110748.0,3111696.0,3112475.0,3113422.0,3114330.0,3115247.0,3116153.0,3117123.0,3118002.0,3118748.0,3119733.0,3120586.0,3121378.0,3122293.0,3123056.0,3123866.0,3124627.0,3125479.0,3126310.0,3127147
WP0x-TPmkPI,36249.0,36264.0,36288.0,36303.0,36335.0,36374.0,36416.0,36455.0,36486.0,36513.0,36533.0,36562.0,36591.0,36635.0,36667.0,36693.0,36718.0,36743.0,36767.0,36793.0,36822.0,36845.0,36862.0,36887.0,36901.0,36927.0,36957.0,36977.0,36994.0,37016.0,37035.0,37048.0,37072.0,37088.0,37104.0,37130.0,37151.0,37173.0,37185.0,37200.0,37221.0,37253.0,37274.0,37292.0,37309.0,37332.0,37352.0,37370.0,37405.0,37443.0,37470.0,37495.0,37511.0,37538.0,37551.0,37567.0,37584.0,37605.0,37619.0,37636.0,37660.0,37692.0,37727.0,37747.0,37762.0,37789.0,37806.0,37816.0,37828.0,37849.0,37857.0,37876.0,37891.0,37905.0,37923.0,37936.0,37956.0,37969.0,37996.0,38025.0,38034.0,38045.0,38060.0,38077.0,38087.0,38101.0,38112.0,38123.0,38146.0,38161.0,38177.0,38195.0,38205.0,38220.0,38229.0,38254.0,38268.0,38283.0,38292.0,38314.0,38326.0,38345.0,38361.0,38402.0,38424.0,38436.0,38469.0,38485.0,38505.0,38538.0,38552.0,38574.0,38588.0,38610.0,38621.0,38633.0,38647.0,38667.0,38685.0,38701.0,38720.0,38728.0,38751.0,38767.0,38774.0,38786.0,38800.0,38818.0,38826.0,38842.0,38849.0,38860.0,38875.0,38896.0,,,,,,,,,39052.0,39064.0,39083.0,39108.0,39133.0,39151.0,39163.0,39191.0,39215.0,39242.0,39258.0,39274.0,39296.0,39313.0,39336.0,39353.0,39364.0,39380.0,39395.0,39408.0,39421.0,39432.0,39445.0,39460.0,39477.0,39492.0,39500.0,39512.0,39527.0,39545.0,39559.0,39572.0,39590.0,39600.0,39609.0,39629.0,39636.0,39640.0,39652.0,39673.0,39690.0,39715.0,39723.0,39730.0,39739.0,39758.0,39776.0,39799.0,39815.0,39832.0,39844.0,39855.0,39897.0,39930.0,39943.0,39966.0,39985.0,39993.0,40005.0,40015.0,40024.0,40033.0,40041.0,40052.0,40075.0,40090.0,40100.0,40111.0,40125.0,40134.0,40144.0,40151.0,40162.0,40176.0,40184.0,40195.0,40212.0,40230.0,40244.0,40253.0,40265.0,40274.0,40294.0,40309.0,40323.0,40332.0,40343.0,40350.0,40366.0,40376.0,40386.0,40391.0,40399.0,40410.0,40419.0,40431.0,40449.0,40462.0,40471.0,40488.0,40502.0,40515.0,40537.0,40554.0,40570.0,40585.0,40599.0,40612.0,40625.0,40634.0,40656.0,40672.0,40691.0,40703.0,40710.0,40723.0,40731.0,40752.0,40771.0,40783.0,40792.0,,40813.0,40822.0,40832.0,40843.0,40857.0,40872.0,40873.0,40883.0,40899.0,40908.0,40916.0,40924.0,40936.0,40953.0,40971.0,40990.0,41009.0,41028.0,41042.0,41055.0,41072.0,41093.0,41106.0,41119.0,41132.0,41150.0,41159.0,41175.0,41191.0,41201.0,41216.0,41232.0,41249.0,41255.0,41268.0,41274.0,41286.0,41304.0,41321.0,41336.0,41347.0,41357.0,41366.0,41377.0,41390.0,41407.0,41421.0,41432.0,41449.0,41496.0,41524.0,41541.0,41561.0,41584.0,41607.0,41621.0,41638.0,41656.0,41671.0,41690.0,41703.0,41722.0,41740.0,41762.0,41792.0,41820.0,41845.0,41868.0,41891.0,41914.0,41941.0,41964.0,41999.0,42040.0,42079.0,42106.0,42142.0,42170.0,42190.0,42210.0,42228.0,42260.0,42282.0,42304.0,42330.0,42348.0,42368.0,42382.0,42390.0,42403.0,42417.0,42429.0,42441.0,42455.0,42472.0,42483.0,42494.0,42511.0,42530.0,42546.0,42562.0,42574.0,42592.0,42611.0,42631.0,42641.0,42655.0,42665.0,42675.0,42681.0,42684.0,42694.0,42713.0,42719
hcKBTlL_rgE,1247.0,1247.0,1247.0,1247.0,1248.0,1248.0,1248.0,1248.0,1250.0,1250.0,1250.0,1251.0,1251.0,1251.0,1251.0,1251.0,1251.0,1251.0,1252.0,1252.0,1255.0,1255.0,1255.0,1255.0,1257.0,1257.0,1257.0,1257.0,1257.0,1257.0,1257.0,1257.0,1257.0,1257.0,1257.0,1257.0,1258.0,1260.0,1260.0,1260.0,1260.0,1261.0,1261.0,1262.0,1263.0,1263.0,1263.0,1263.0,1263.0,1264.0,1264.0,1264.0,1264.0,1264.0,1264.0,1264.0,1265.0,1266.0,1267.0,1267.0,1267.0,1267.0,1267.0,1267.0,1268.0,1268.0,1270.0,1270.0,1271.0,1272.0,1272.0,1272.0,1272.0,1272.0,1274.0,1274.0,1275.0,1275.0,1275.0,1277.0,1278.0,1278.0,1278.0,1278.0,1278.0,1278.0,1278.0,1278.0,1278.0,1278.0,1278.0,1278.0,1278.0,1278.0,1278.0,1278.0,1278.0,1279.0,1279.0,1279.0,1279.0,1279.0,1288.0,1292.0,1293.0,1296.0,1296.0,1296.0,1296.0,1296.0,1296.0,1297.0,1297.0,1297.0,1299.0,1299.0,1299.0,1299.0,1299.0,1299.0,1299.0,1300.0,1300.0,1300.0,1300.0,1301.0,1302.0,1303.0,1304.0,1304.0,1305.0,1306.0,1306.0,1307.0,,,,,,,,,1312.0,1312.0,1312.0,1312.0,1313.0,1313.0,1313.0,1313.0,1316.0,1317.0,1317.0,1317.0,1317.0,1317.0,1317.0,1317.0,1318.0,1318.0,1318.0,1318.0,1318.0,1318.0,1318.0,1318.0,1319.0,1319.0,1320.0,1320.0,1320.0,1321.0,1321.0,1321.0,1321.0,1321.0,1321.0,1322.0,1322.0,1322.0,1322.0,1322.0,1322.0,1322.0,1322.0,1323.0,1323.0,1323.0,1324.0,1324.0,1324.0,1324.0,1324.0,1325.0,1325.0,1326.0,1327.0,1327.0,1327.0,1327.0,1327.0,1327.0,1328.0,1328.0,1328.0,1328.0,1329.0,1329.0,1330.0,1331.0,1331.0,1331.0,1332.0,1333.0,1334.0,1334.0,1334.0,1334.0,1334.0,1334.0,1334.0,1334.0,1334.0,1335.0,1335.0,1335.0,1336.0,1337.0,1337.0,1337.0,1337.0,1337.0,1338.0,1339.0,1340.0,1340.0,1341.0,1342.0,1346.0,1346.0,1346.0,1347.0,1348.0,1355.0,1355.0,1356.0,1356.0,1357.0,1357.0,1357.0,1358.0,1358.0,1358.0,1358.0,1358.0,1358.0,1359.0,1359.0,1359.0,1360.0,1360.0,1361.0,1361.0,,1361.0,1361.0,1361.0,1361.0,1361.0,1361.0,1361.0,1361.0,1361.0,1361.0,1361.0,1361.0,1361.0,1362.0,1362.0,1362.0,1362.0,1362.0,1362.0,1362.0,1362.0,1363.0,1364.0,1364.0,1364.0,1364.0,1364.0,1364.0,1364.0,1364.0,1364.0,1364.0,1364.0,1364.0,1364.0,1364.0,1364.0,1365.0,1364.0,1368.0,1373.0,1374.0,1376.0,1376.0,1378.0,1379.0,1381.0,1382.0,1384.0,1384.0,1387.0,1389.0,1390.0,1391.0,1392.0,1392.0,1393.0,1394.0,1395.0,1395.0,1397.0,1399.0,1400.0,1400.0,1401.0,1401.0,1403.0,1403.0,1403.0,1403.0,1405.0,1405.0,1405.0,1405.0,1407.0,1407.0,1407.0,1408.0,1408.0,1408.0,1408.0,1408.0,1410.0,1411.0,1411.0,1411.0,1411.0,1411.0,1411.0,1411.0,1413.0,1413.0,1414.0,1414.0,1414.0,1414.0,1414.0,1415.0,1415.0,1415.0,1415.0,1416.0,1416.0,1416.0,1416.0,1416.0,1416.0,1416.0,1417.0,1417.0,1417.0,1418.0,1420.0,1420
CdrofC-BoWE,82331.0,82420.0,82502.0,82558.0,82636.0,82706.0,82806.0,82887.0,82985.0,83068.0,83124.0,83185.0,83274.0,83367.0,83442.0,83548.0,83628.0,83690.0,83779.0,83867.0,83954.0,84080.0,84194.0,84266.0,84331.0,84402.0,84469.0,84567.0,84655.0,84744.0,84823.0,84888.0,84961.0,85044.0,85135.0,85225.0,85322.0,85410.0,85501.0,85592.0,85675.0,85773.0,85849.0,85955.0,86011.0,86073.0,86131.0,86254.0,86330.0,86414.0,86482.0,86559.0,86612.0,86681.0,86754.0,86822.0,86945.0,87020.0,87083.0,87152.0,87239.0,87328.0,87405.0,87494.0,87586.0,87665.0,87731.0,87822.0,87890.0,88002.0,88088.0,88175.0,88260.0,88328.0,88397.0,88488.0,88556.0,88618.0,88701.0,88754.0,88823.0,88897.0,88999.0,89076.0,89159.0,89265.0,89331.0,89402.0,89487.0,89562.0,89657.0,89729.0,89808.0,89885.0,89965.0,90038.0,90122.0,90175.0,90238.0,90309.0,90388.0,90443.0,90510.0,90588.0,90666.0,90759.0,90815.0,90885.0,90944.0,90998.0,91084.0,91143.0,91207.0,91287.0,91348.0,91398.0,91460.0,91526.0,91597.0,91666.0,91721.0,91798.0,91866.0,91954.0,92015.0,92079.0,92165.0,92238.0,92313.0,92383.0,92449.0,92517.0,92611.0,92676.0,,,,,,,,,93431.0,93489.0,93550.0,93614.0,93679.0,93775.0,93837.0,93907.0,93973.0,94057.0,94142.0,94221.0,94342.0,94428.0,94500.0,94556.0,94654.0,94746.0,94843.0,94935.0,95006.0,95064.0,95110.0,95168.0,95231.0,95298.0,95349.0,95441.0,95527.0,95565.0,95627.0,95696.0,95760.0,95838.0,95910.0,95966.0,96020.0,96071.0,96135.0,96199.0,96283.0,96355.0,96404.0,96469.0,96523.0,96573.0,96630.0,96708.0,96778.0,96854.0,96887.0,96969.0,97048.0,97101.0,97172.0,97255.0,97283.0,97352.0,97465.0,97555.0,97628.0,97687.0,97752.0,97817.0,97864.0,97951.0,98036.0,98097.0,98148.0,98204.0,98246.0,98322.0,98383.0,98472.0,98543.0,98614.0,98694.0,98747.0,98785.0,98847.0,98920.0,98972.0,99027.0,99080.0,99130.0,99170.0,99225.0,99294.0,99357.0,99417.0,99482.0,99528.0,99546.0,99589.0,99633.0,99686.0,99739.0,99803.0,99875.0,99918.0,99961.0,100016.0,100062.0,100124.0,100188.0,100232.0,100262.0,100316.0,100351.0,100395.0,100438.0,100489.0,100515.0,100556.0,100589.0,100637.0,100692.0,100738.0,100799.0,100839.0,100876.0,,100967.0,101015.0,101063.0,101102.0,101139.0,101167.0,101187.0,101227.0,101278.0,101343.0,101422.0,101491.0,101547.0,101610.0,101663.0,101718.0,101776.0,101827.0,101882.0,101932.0,101982.0,102039.0,102100.0,102184.0,102249.0,102304.0,102342.0,102413.0,102471.0,102523.0,102574.0,102625.0,102671.0,102685.0,102730.0,102770.0,102817.0,102896.0,102960.0,103037.0,103093.0,103159.0,103229.0,103292.0,103339.0,103393.0,103478.0,103545.0,103629.0,103737.0,103834.0,103931.0,104026.0,104120.0,104269.0,104407.0,104527.0,104653.0,104805.0,104932.0,105063.0,105198.0,105382.0,105573.0,105779.0,105989.0,106105.0,106217.0,106320.0,106432.0,106609.0,106858.0,107153.0,107398.0,107529.0,107698.0,107940.0,108128.0,108336.0,108521.0,108662.0,108799.0,108900.0,109018.0,109173.0,109310.0,109413.0,109544.0,109624.0,109718.0,109799.0,109912.0,110012.0,110159.0,110327.0,110442.0,110530.0,110685.0,110844.0,110932.0,111068.0,111160.0,111258.0,111365.0,111485.0,111606.0,111735.0,111868.0,111988.0,112133.0,112240.0,112322.0,112422.0,112531
d-f3xyFo5aw,25922.0,25922.0,25922.0,25922.0,25922.0,25922.0,25922.0,25922.0,25922.0,25922.0,25922.0,25922.0,25922.0,25922.0,25922.0,25922.0,25922.0,25922.0,25922.0,25922.0,25922.0,25922.0,25922.0,25922.0,25922.0,25922.0,25922.0,25922.0,25922.0,25922.0,25922.0,25922.0,25922.0,25922.0,25922.0,25922.0,25922.0,25922.0,25922.0,25922.0,25922.0,25922.0,25922.0,25922.0,25922.0,25922.0,25922.0,25922.0,25922.0,25922.0,25922.0,25922.0,25922.0,25922.0,25922.0,25922.0,25922.0,25922.0,25922.0,25922.0,25922.0,25922.0,25922.0,25922.0,25922.0,25922.0,25922.0,25922.0,25922.0,25922.0,25922.0,25922.0,25922.0,25922.0,25922.0,25922.0,25922.0,25922.0,25922.0,25922.0,25922.0,25922.0,25922.0,25922.0,25922.0,25922.0,25922.0,25922.0,25922.0,25922.0,25922.0,25922.0,25922.0,25922.0,25922.0,25922.0,25922.0,25922.0,25922.0,25922.0,25922.0,25922.0,25922.0,25922.0,25922.0,25922.0,25922.0,25922.0,25922.0,25922.0,25922.0,25922.0,25922.0,25922.0,25922.0,25922.0,25922.0,25922.0,25922.0,25922.0,25922.0,25922.0,25922.0,25922.0,25922.0,25922.0,25922.0,25922.0,25922.0,25922.0,25922.0,25922.0,25922.0,25922.0,,,,,,,,,25922.0,25922.0,25922.0,25922.0,25922.0,25922.0,25922.0,25922.0,25922.0,25922.0,25922.0,25922.0,25922.0,25922.0,25922.0,25922.0,25922.0,25922.0,25922.0,25922.0,25922.0,25922.0,25922.0,25922.0,25922.0,25922.0,25922.0,25922.0,25922.0,25922.0,25922.0,25922.0,25922.0,25922.0,25922.0,25922.0,25922.0,25922.0,25922.0,25922.0,25922.0,25922.0,25922.0,25922.0,25922.0,25922.0,25922.0,25922.0,25922.0,25922.0,25922.0,25922.0,25922.0,25922.0,25922.0,25922.0,25922.0,25922.0,25922.0,25922.0,25922.0,25922.0,25922.0,25922.0,25922.0,25922.0,25922.0,25922.0,25922.0,25922.0,25922.0,25922.0,25922.0,25922.0,25922.0,25922.0,25922.0,25922.0,25922.0,25922.0,25922.0,25922.0,25922.0,25922.0,25922.0,25922.0,25922.0,25922.0,25922.0,25922.0,25922.0,25922.0,25922.0,25922.0,25922.0,25922.0,25922.0,25922.0,25922.0,25922.0,25922.0,25922.0,25922.0,25922.0,25922.0,25922.0,25922.0,25922.0,25922.0,25922.0,25922.0,25922.0,25922.0,25922.0,25922.0,25922.0,25922.0,25922.0,25922.0,25922.0,25922.0,,25922.0,25922.0,25922.0,25922.0,25922.0,25922.0,25922.0,25922.0,25922.0,25922.0,25922.0,25922.0,25922.0,25922.0,25922.0,25922.0,25922.0,25922.0,25922.0,25922.0,25922.0,25922.0,25922.0,25922.0,25922.0,25922.0,25922.0,25922.0,25922.0,25922.0,25922.0,25922.0,25922.0,25922.0,25922.0,25922.0,25922.0,25922.0,25922.0,25922.0,25922.0,25922.0,25922.0,25922.0,25922.0,25922.0,25922.0,25922.0,25922.0,25922.0,25922.0,25922.0,25922.0,25922.0,25922.0,25922.0,25922.0,25922.0,25922.0,25922.0,25922.0,25922.0,25922.0,25922.0,25922.0,25922.0,25922.0,25922.0,25922.0,25922.0,25922.0,25922.0,25922.0,25922.0,25922.0,25922.0,25922.0,25922.0,25922.0,25922.0,25922.0,25922.0,25922.0,25922.0,25922.0,25922.0,25922.0,25922.0,25922.0,25922.0,25922.0,25922.0,25922.0,25922.0,25922.0,25922.0,25922.0,25922.0,25922.0,25922.0,25922.0,25922.0,25922.0,25922.0,25922.0,25922.0,25922.0,25922.0,25922.0,25922.0,25922.0,25922.0,25922.0,25922
mnWBSIMXZQw,2766.0,2767.0,2767.0,2767.0,2768.0,2768.0,2769.0,2769.0,2771.0,2771.0,2772.0,2773.0,2773.0,2773.0,2774.0,2774.0,2775.0,2776.0,2777.0,2779.0,2779.0,2780.0,2780.0,2780.0,2780.0,2781.0,2782.0,2782.0,2783.0,2783.0,2783.0,2784.0,2784.0,2785.0,2786.0,2787.0,2787.0,2787.0,2788.0,2790.0,2790.0,2792.0,2792.0,2794.0,2795.0,2795.0,2795.0,2795.0,2795.0,2795.0,2796.0,2796.0,2798.0,2801.0,2803.0,2803.0,2804.0,2806.0,2806.0,2806.0,2806.0,2806.0,2807.0,2808.0,2808.0,2809.0,2810.0,2816.0,2818.0,2818.0,2818.0,2818.0,2818.0,2818.0,2818.0,2819.0,2819.0,2819.0,2819.0,2819.0,2819.0,2819.0,2820.0,2820.0,2820.0,2820.0,2820.0,2820.0,2820.0,2821.0,2821.0,2821.0,2821.0,2821.0,2821.0,2821.0,2821.0,2822.0,2822.0,2822.0,2822.0,2822.0,2822.0,2823.0,2823.0,2825.0,2826.0,2826.0,2826.0,2826.0,2826.0,2826.0,2826.0,2826.0,2826.0,2826.0,2828.0,2828.0,2828.0,2828.0,2828.0,2828.0,2828.0,2829.0,2831.0,2831.0,2831.0,2831.0,2832.0,2833.0,2833.0,2833.0,2834.0,2836.0,,,,,,,,,2837.0,2837.0,2837.0,2837.0,2837.0,2837.0,2837.0,2837.0,2837.0,2837.0,2837.0,2837.0,2837.0,2837.0,2837.0,2837.0,2837.0,2839.0,2839.0,2840.0,2842.0,2842.0,2842.0,2842.0,2843.0,2844.0,2844.0,2844.0,2844.0,2844.0,2844.0,2844.0,2844.0,2844.0,2846.0,2847.0,2847.0,2848.0,2848.0,2848.0,2849.0,2849.0,2849.0,2849.0,2849.0,2849.0,2849.0,2850.0,2850.0,2851.0,2851.0,2851.0,2851.0,2851.0,2851.0,2851.0,2851.0,2851.0,2851.0,2851.0,2852.0,2852.0,2852.0,2852.0,2852.0,2854.0,2854.0,2854.0,2854.0,2854.0,2854.0,2854.0,2857.0,2858.0,2858.0,2858.0,2858.0,2859.0,2859.0,2859.0,2859.0,2859.0,2859.0,2860.0,2860.0,2860.0,2860.0,2860.0,2860.0,2860.0,2860.0,2860.0,2861.0,2861.0,2861.0,2862.0,2862.0,2862.0,2862.0,2862.0,2862.0,2862.0,2862.0,2862.0,2862.0,2862.0,2862.0,2862.0,2862.0,2862.0,2862.0,2862.0,2862.0,2862.0,2863.0,2863.0,2863.0,2863.0,2863.0,2863.0,2863.0,,2864.0,2864.0,2867.0,2868.0,2868.0,2868.0,2868.0,2868.0,2868.0,2868.0,2868.0,2869.0,2869.0,2869.0,2870.0,2870.0,2870.0,2870.0,2870.0,2870.0,2870.0,2870.0,2870.0,2870.0,2870.0,2870.0,2870.0,2871.0,2872.0,2872.0,2872.0,2873.0,2873.0,2874.0,2875.0,2875.0,2875.0,2875.0,2876.0,2876.0,2876.0,2876.0,2876.0,2876.0,2876.0,2876.0,2876.0,2876.0,2876.0,2876.0,2876.0,2876.0,2876.0,2876.0,2876.0,2876.0,2876.0,2876.0,2876.0,2877.0,2877.0,2877.0,2877.0,2877.0,2878.0,2878.0,2878.0,2878.0,2878.0,2878.0,2878.0,2878.0,2879.0,2880.0,2880.0,2880.0,2880.0,2880.0,2880.0,2880.0,2880.0,2880.0,2880.0,2881.0,2882.0,2882.0,2883.0,2883.0,2884.0,2885.0,2885.0,2885.0,2885.0,2885.0,2886.0,2886.0,2886.0,2886.0,2889.0,2887.0,2888.0,2890.0,2890.0,2890.0,2890.0,2890.0,2890.0,2890.0,2890.0,2890.0,2890.0,2890.0,2891.0,2891
twbPFrfYgXY,108382.0,108495.0,108623.0,108720.0,108871.0,108979.0,109052.0,109050.0,109050.0,109050.0,109050.0,109050.0,109050.0,109050.0,109050.0,109050.0,109050.0,109050.0,109050.0,109050.0,109050.0,109050.0,109050.0,109050.0,109050.0,109050.0,109050.0,109050.0,109050.0,109050.0,109050.0,109050.0,109050.0,109050.0,109050.0,109050.0,109050.0,109050.0,109050.0,109050.0,109050.0,109050.0,109050.0,109050.0,109050.0,109050.0,109050.0,109050.0,109050.0,109050.0,109050.0,109050.0,109050.0,109050.0,109050.0,109050.0,109050.0,109050.0,109050.0,109050.0,109050.0,109050.0,109050.0,109050.0,109050.0,109050.0,109050.0,109050.0,109050.0,109050.0,109050.0,109050.0,109050.0,109050.0,109050.0,109050.0,109050.0,109050.0,109050.0,109050.0,109050.0,109050.0,109050.0,109050.0,109050.0,109050.0,109050.0,109050.0,109050.0,109050.0,109050.0,109050.0,109050.0,109050.0,109050.0,109050.0,109050.0,109050.0,109050.0,109050.0,109050.0,109050.0,109050.0,109050.0,109050.0,109050.0,109050.0,109050.0,109050.0,109050.0,109050.0,109050.0,109050.0,109050.0,109050.0,109050.0,109050.0,109050.0,109050.0,109050.0,109050.0,109050.0,109050.0,109050.0,109050.0,109050.0,109050.0,109050.0,109050.0,109050.0,109050.0,109050.0,109050.0,109050.0,,,,,,,,,109050.0,109050.0,109050.0,109050.0,109050.0,109050.0,109050.0,109050.0,109050.0,109050.0,109050.0,109050.0,109050.0,109050.0,109050.0,109050.0,109050.0,109050.0,109050.0,109050.0,109050.0,109050.0,109050.0,109050.0,109050.0,109050.0,109050.0,109050.0,109050.0,109050.0,109050.0,109050.0,109050.0,109050.0,109050.0,109050.0,109050.0,109050.0,109050.0,109050.0,109050.0,109050.0,109050.0,109050.0,109050.0,109050.0,109050.0,109050.0,109050.0,109050.0,109050.0,109050.0,109050.0,109050.0,109050.0,109050.0,109050.0,109050.0,109050.0,109050.0,109050.0,109050.0,109050.0,109050.0,109050.0,109050.0,109050.0,109050.0,109050.0,109050.0,109050.0,109050.0,109050.0,109050.0,109050.0,109050.0,109050.0,109050.0,109050.0,109050.0,109050.0,109050.0,109050.0,109050.0,109050.0,109050.0,109050.0,109050.0,109050.0,109050.0,109050.0,109050.0,109050.0,109050.0,109050.0,109050.0,109050.0,109050.0,109050.0,109050.0,109050.0,109050.0,109050.0,109050.0,109050.0,109050.0,109050.0,109050.0,109050.0,109050.0,109050.0,109050.0,109050.0,109050.0,109050.0,109050.0,109050.0,109050.0,109050.0,109050.0,109050.0,,109050.0,109050.0,109050.0,109050.0,109050.0,109050.0,109050.0,109050.0,109050.0,109050.0,109050.0,109050.0,109050.0,109050.0,109050.0,109050.0,109050.0,109050.0,109050.0,109050.0,109050.0,109050.0,109050.0,109050.0,109050.0,109050.0,109050.0,109050.0,109050.0,109050.0,109050.0,109050.0,109050.0,109050.0,109050.0,109050.0,109050.0,109050.0,109050.0,109050.0,109050.0,109050.0,109050.0,109050.0,109050.0,109050.0,109050.0,109050.0,109050.0,109050.0,109050.0,109050.0,109050.0,109050.0,109050.0,109050.0,109050.0,109050.0,109050.0,109050.0,109050.0,109050.0,109050.0,109050.0,109050.0,109050.0,109050.0,109050.0,109050.0,109050.0,109050.0,109050.0,109050.0,109050.0,109050.0,109050.0,109050.0,109050.0,109050.0,109050.0,109050.0,109050.0,109050.0,109050.0,109050.0,109050.0,109050.0,109050.0,109050.0,109050.0,109050.0,109050.0,109050.0,109050.0,109050.0,109050.0,109050.0,109050.0,109050.0,109050.0,109050.0,109050.0,109050.0,109050.0,109050.0,109050.0,109050.0,109050.0,109050.0,109050.0,109050.0,109050.0,109050.0,109050
0WBuJjIR2co,123861.0,123970.0,124110.0,124201.0,124333.0,124482.0,124620.0,124749.0,124903.0,125023.0,125110.0,125231.0,125396.0,125518.0,125668.0,125835.0,125971.0,126146.0,126277.0,126480.0,126601.0,126761.0,126962.0,127142.0,127283.0,127424.0,127637.0,127844.0,128041.0,128199.0,128384.0,128532.0,128693.0,128854.0,129024.0,129202.0,129388.0,129533.0,129633.0,129781.0,129905.0,130049.0,130193.0,130330.0,130483.0,130599.0,130722.0,130843.0,130976.0,131105.0,131230.0,131328.0,131423.0,131569.0,131712.0,131901.0,132000.0,132126.0,132232.0,132331.0,132433.0,132509.0,132607.0,132719.0,132828.0,132893.0,132944.0,133018.0,133103.0,133190.0,133272.0,133374.0,133466.0,133523.0,133650.0,133766.0,133875.0,133981.0,134069.0,134152.0,134246.0,134392.0,134505.0,134618.0,134731.0,134894.0,135018.0,135134.0,135322.0,135491.0,135687.0,135865.0,136047.0,136225.0,136343.0,136558.0,136720.0,136878.0,137119.0,137350.0,137558.0,137705.0,137928.0,138108.0,138279.0,138448.0,138612.0,138749.0,138870.0,138980.0,139119.0,139236.0,139387.0,139555.0,139670.0,139738.0,139850.0,139955.0,140047.0,140168.0,140243.0,140319.0,140409.0,140507.0,140600.0,140677.0,140750.0,140869.0,140946.0,141023.0,141131.0,141245.0,141357.0,141462.0,,,,,,,,,142340.0,142392.0,142461.0,142561.0,142622.0,142700.0,142764.0,142812.0,142882.0,142948.0,143003.0,143098.0,143169.0,143261.0,143303.0,143341.0,143394.0,143485.0,143536.0,143586.0,143621.0,143706.0,143757.0,143827.0,143902.0,143954.0,144026.0,144103.0,144173.0,144223.0,144292.0,144377.0,144456.0,144542.0,144621.0,144700.0,144750.0,144820.0,144900.0,144966.0,145048.0,145137.0,145201.0,145255.0,145326.0,145403.0,145484.0,145571.0,145659.0,145715.0,145777.0,145845.0,145926.0,146017.0,146105.0,146189.0,146270.0,146326.0,146405.0,146488.0,146587.0,146668.0,146783.0,146871.0,146932.0,147014.0,147114.0,147227.0,147298.0,147401.0,147468.0,147519.0,147601.0,147690.0,147789.0,147870.0,147967.0,148044.0,148105.0,148188.0,148276.0,148350.0,148443.0,148514.0,148578.0,148636.0,148703.0,148792.0,148882.0,148940.0,149034.0,149099.0,149171.0,149242.0,149308.0,149398.0,149508.0,149602.0,149677.0,149754.0,149841.0,149967.0,150074.0,150173.0,150288.0,150361.0,150420.0,150505.0,150597.0,150669.0,150785.0,150880.0,150967.0,151049.0,151124.0,151191.0,151274.0,151359.0,151464.0,151569.0,151625.0,,151838.0,151907.0,151983.0,152036.0,152073.0,152111.0,152142.0,152183.0,152229.0,152269.0,152303.0,152328.0,152349.0,152374.0,152412.0,152452.0,152487.0,152509.0,152528.0,152550.0,152590.0,152631.0,152661.0,152715.0,152770.0,152798.0,152816.0,152847.0,152880.0,152911.0,152941.0,152972.0,153000.0,153015.0,153042.0,153068.0,153104.0,153134.0,153179.0,153228.0,153266.0,153325.0,153358.0,153397.0,153445.0,153497.0,153599.0,153696.0,153858.0,154024.0,154173.0,154282.0,154365.0,154442.0,154498.0,154567.0,154634.0,154699.0,154771.0,154847.0,154900.0,154961.0,155007.0,155055.0,155109.0,155188.0,155309.0,155403.0,155491.0,155588.0,155672.0,155749.0,155860.0,156018.0,156131.0,156254.0,156371.0,156478.0,156567.0,156641.0,156713.0,156761.0,156801.0,156861.0,156903.0,156946.0,156984.0,157041.0,157093.0,157138.0,157173.0,157213.0,157267.0,157348.0,157424.0,157473.0,157508.0,157558.0,157599.0,157642.0,157681.0,157726.0,157769.0,157809.0,157859.0,157906.0,157975.0,158035.0,158092.0,158141.0,158186.0,158219.0,158267.0,158318
twbPFrfYgXY,108382.0,108495.0,108626.0,108720.0,108867.0,108979.0,109052.0,109050.0,109050.0,109050.0,109050.0,109050.0,109050.0,109050.0,109050.0,109050.0,109050.0,109050.0,109050.0,109050.0,109050.0,109050.0,109050.0,109050.0,109050.0,109050.0,109050.0,109050.0,109050.0,109050.0,109050.0,109050.0,109050.0,109050.0,109050.0,109050.0,109050.0,109050.0,109050.0,109050.0,109050.0,109050.0,109050.0,109050.0,109050.0,109050.0,109050.0,109050.0,109050.0,109050.0,109050.0,109050.0,109050.0,109050.0,109050.0,109050.0,109050.0,109050.0,109050.0,109050.0,109050.0,109050.0,109050.0,109050.0,109050.0,109050.0,109050.0,109050.0,109050.0,109050.0,109050.0,109050.0,109050.0,109050.0,109050.0,109050.0,109050.0,109050.0,109050.0,109050.0,109050.0,109050.0,109050.0,109050.0,109050.0,109050.0,109050.0,109050.0,109050.0,109050.0,109050.0,109050.0,109050.0,109050.0,109050.0,109050.0,109050.0,109050.0,109050.0,109050.0,109050.0,109050.0,109050.0,109050.0,109050.0,109050.0,109050.0,109050.0,109050.0,109050.0,109050.0,109050.0,109050.0,109050.0,109050.0,109050.0,109050.0,109050.0,109050.0,109050.0,109050.0,109050.0,109050.0,109050.0,109050.0,109050.0,109050.0,109050.0,109050.0,109050.0,109050.0,109050.0,109050.0,109050.0,,,,,,,,,109050.0,109050.0,109050.0,109050.0,109050.0,109050.0,109050.0,109050.0,109050.0,109050.0,109050.0,109050.0,109050.0,109050.0,109050.0,109050.0,109050.0,109050.0,109050.0,109050.0,109050.0,109050.0,109050.0,109050.0,109050.0,109050.0,109050.0,109050.0,109050.0,109050.0,109050.0,109050.0,109050.0,109050.0,109050.0,109050.0,109050.0,109050.0,109050.0,109050.0,109050.0,109050.0,109050.0,109050.0,109050.0,109050.0,109050.0,109050.0,109050.0,109050.0,109050.0,109050.0,109050.0,109050.0,109050.0,109050.0,109050.0,109050.0,109050.0,109050.0,109050.0,109050.0,109050.0,109050.0,109050.0,109050.0,109050.0,109050.0,109050.0,109050.0,109050.0,109050.0,109050.0,109050.0,109050.0,109050.0,109050.0,109050.0,109050.0,109050.0,109050.0,109050.0,109050.0,109050.0,109050.0,109050.0,109050.0,109050.0,109050.0,109050.0,109050.0,109050.0,109050.0,109050.0,109050.0,109050.0,109050.0,109050.0,109050.0,109050.0,109050.0,109050.0,109050.0,109050.0,109050.0,109050.0,109050.0,109050.0,109050.0,109050.0,109050.0,109050.0,109050.0,109050.0,109050.0,109050.0,109050.0,109050.0,109050.0,109050.0,109050.0,,109050.0,109050.0,109050.0,109050.0,109050.0,109050.0,109050.0,109050.0,109050.0,109050.0,109050.0,109050.0,109050.0,109050.0,109050.0,109050.0,109050.0,109050.0,109050.0,109050.0,109050.0,109050.0,109050.0,109050.0,109050.0,109050.0,109050.0,109050.0,109050.0,109050.0,109050.0,109050.0,109050.0,109050.0,109050.0,109050.0,109050.0,109050.0,109050.0,109050.0,109050.0,109050.0,109050.0,109050.0,109050.0,109050.0,109050.0,109050.0,109050.0,109050.0,109050.0,109050.0,109050.0,109050.0,109050.0,109050.0,109050.0,109050.0,109050.0,109050.0,109050.0,109050.0,109050.0,109050.0,109050.0,109050.0,109050.0,109050.0,109050.0,109050.0,109050.0,109050.0,109050.0,109050.0,109050.0,109050.0,109050.0,109050.0,109050.0,109050.0,109050.0,109050.0,109050.0,109050.0,109050.0,109050.0,109050.0,109050.0,109050.0,109050.0,109050.0,109050.0,109050.0,109050.0,109050.0,109050.0,109050.0,109050.0,109050.0,109050.0,109050.0,109050.0,109050.0,109050.0,109050.0,109050.0,109050.0,109050.0,109050.0,109050.0,109050.0,109050.0,109050.0,109050
LoLWySYYySo,4382.0,4383.0,4386.0,4389.0,4392.0,4394.0,4395.0,4396.0,4398.0,4400.0,4404.0,4406.0,4407.0,4409.0,4411.0,4411.0,4412.0,4412.0,4414.0,4417.0,4418.0,4420.0,4422.0,4428.0,4429.0,4431.0,4433.0,4433.0,4433.0,4435.0,4438.0,4438.0,4441.0,4442.0,4443.0,4443.0,4444.0,4446.0,4446.0,4448.0,4448.0,4448.0,4448.0,4453.0,4456.0,4456.0,4457.0,4459.0,4464.0,4467.0,4471.0,4472.0,4473.0,4475.0,4474.0,4480.0,4480.0,4486.0,4488.0,4488.0,4490.0,4493.0,4495.0,4497.0,4497.0,4497.0,4500.0,4501.0,4502.0,4502.0,4503.0,4504.0,4507.0,4508.0,4508.0,4509.0,4512.0,4514.0,4515.0,4516.0,4518.0,4518.0,4520.0,4521.0,4521.0,4522.0,4523.0,4526.0,4526.0,4529.0,4530.0,4533.0,4536.0,4539.0,4541.0,4544.0,4545.0,4546.0,4546.0,4549.0,4552.0,4552.0,4554.0,4555.0,4558.0,4559.0,4561.0,4563.0,4563.0,4562.0,4564.0,4568.0,4569.0,4572.0,4572.0,4572.0,4575.0,4575.0,4575.0,4577.0,4578.0,4584.0,4585.0,4585.0,4587.0,4588.0,4591.0,4593.0,4596.0,4596.0,4598.0,4603.0,4607.0,4608.0,,,,,,,,,4618.0,4620.0,4622.0,4624.0,4629.0,4630.0,4630.0,4630.0,4632.0,4638.0,4638.0,4638.0,4641.0,4644.0,4645.0,4646.0,4648.0,4648.0,4648.0,4651.0,4656.0,4659.0,4661.0,4661.0,4663.0,4663.0,4668.0,4669.0,4669.0,4672.0,4675.0,4678.0,4681.0,4681.0,4685.0,4688.0,4689.0,4691.0,4693.0,4697.0,4698.0,4698.0,4700.0,4702.0,4704.0,4705.0,4710.0,4710.0,4712.0,4714.0,4714.0,4720.0,4725.0,4730.0,4732.0,4733.0,4736.0,4739.0,4745.0,4750.0,4751.0,4751.0,4753.0,4754.0,4755.0,4758.0,4759.0,4762.0,4763.0,4768.0,4768.0,4770.0,4772.0,4773.0,4774.0,4781.0,4783.0,4784.0,4784.0,4786.0,4789.0,4790.0,4795.0,4798.0,4799.0,4800.0,4806.0,4809.0,4809.0,4809.0,4812.0,4812.0,4813.0,4815.0,4816.0,4822.0,4824.0,4826.0,4827.0,4827.0,4829.0,4829.0,4830.0,4836.0,4838.0,4838.0,4838.0,4840.0,4844.0,4847.0,4848.0,4850.0,4853.0,4857.0,4861.0,4862.0,4864.0,4868.0,4869.0,4872.0,4872.0,,4877.0,4877.0,4881.0,4883.0,4885.0,4888.0,4890.0,4893.0,4895.0,4898.0,4899.0,4900.0,4901.0,4905.0,4908.0,4911.0,4913.0,4916.0,4917.0,4919.0,4920.0,4922.0,4923.0,4927.0,4929.0,4929.0,4934.0,4937.0,4940.0,4942.0,4947.0,4949.0,4950.0,4951.0,4953.0,4954.0,4955.0,4957.0,4958.0,4958.0,4960.0,4964.0,4966.0,4971.0,4972.0,4978.0,4980.0,4983.0,4985.0,4986.0,4988.0,4990.0,4990.0,4994.0,4995.0,4997.0,5000.0,5001.0,5002.0,5003.0,5007.0,5007.0,5009.0,5008.0,5009.0,5009.0,5012.0,5016.0,5018.0,5021.0,5022.0,5022.0,5024.0,5023.0,5025.0,5025.0,5025.0,5027.0,5028.0,5028.0,5027.0,5028.0,5029.0,5030.0,5033.0,5035.0,5037.0,5039.0,5044.0,5047.0,5049.0,5049.0,5049.0,5049.0,5052.0,5054.0,5054.0,5058.0,5063.0,5063.0,5065.0,5067.0,5072.0,5072.0,5072.0,5074.0,5075.0,5078.0,5079.0,5081.0,5082.0,5083.0,5086.0,5087
tq-nF9MGS4E,9673.0,9678.0,9684.0,9694.0,9698.0,9708.0,9714.0,9723.0,9729.0,9735.0,9741.0,9743.0,9749.0,9750.0,9755.0,9763.0,9769.0,9776.0,9779.0,9784.0,9788.0,9792.0,9797.0,9798.0,9805.0,9809.0,9817.0,9824.0,9827.0,9830.0,9835.0,9841.0,9844.0,9849.0,9853.0,9859.0,9867.0,9872.0,9877.0,9882.0,9887.0,9893.0,9899.0,9908.0,9920.0,9924.0,9931.0,9936.0,9940.0,9946.0,9952.0,9969.0,9980.0,9985.0,9989.0,9998.0,10007.0,10018.0,10022.0,10029.0,10042.0,10053.0,10060.0,10066.0,10069.0,10072.0,10074.0,10079.0,10084.0,10092.0,10095.0,10098.0,10104.0,10108.0,10109.0,10110.0,10118.0,10121.0,10123.0,10126.0,10129.0,10139.0,10146.0,10153.0,10156.0,10159.0,10163.0,10166.0,10170.0,10179.0,10182.0,10182.0,10187.0,10193.0,10201.0,10202.0,10205.0,10207.0,10212.0,10216.0,10220.0,10222.0,10223.0,10225.0,10235.0,10240.0,10245.0,10249.0,10250.0,10260.0,10268.0,10273.0,10279.0,10285.0,10289.0,10294.0,10301.0,10334.0,10354.0,10365.0,10379.0,10386.0,10394.0,10403.0,10412.0,10419.0,10429.0,10436.0,10446.0,10454.0,10462.0,10469.0,10477.0,10481.0,,,,,,,,,10550.0,10557.0,10564.0,10571.0,10585.0,10597.0,10601.0,10615.0,10620.0,10625.0,10630.0,10638.0,10645.0,10656.0,10662.0,10667.0,10674.0,10682.0,10684.0,10695.0,10703.0,10708.0,10713.0,10720.0,10725.0,10737.0,10744.0,10748.0,10750.0,10756.0,10784.0,10790.0,10801.0,10811.0,10818.0,10825.0,10828.0,10841.0,10858.0,10864.0,10867.0,10870.0,10875.0,10879.0,10889.0,10899.0,10904.0,10907.0,10911.0,10913.0,10919.0,10921.0,10926.0,10933.0,10936.0,10938.0,10945.0,10950.0,10962.0,10974.0,10982.0,10988.0,10997.0,11001.0,11006.0,11009.0,11013.0,11018.0,11019.0,11021.0,11021.0,11023.0,11024.0,11025.0,11028.0,11030.0,11031.0,11036.0,11037.0,11038.0,11039.0,11040.0,11041.0,11047.0,11051.0,11053.0,11062.0,11065.0,11065.0,11070.0,11072.0,11075.0,11076.0,11078.0,11081.0,11087.0,11092.0,11096.0,11099.0,11102.0,11104.0,11107.0,11109.0,11113.0,11117.0,11118.0,11119.0,11120.0,11120.0,11122.0,11125.0,11129.0,11131.0,11136.0,11136.0,11138.0,11141.0,11148.0,11154.0,11157.0,11159.0,,11171.0,11173.0,11180.0,11181.0,11183.0,11183.0,11186.0,11189.0,11194.0,11200.0,11201.0,11205.0,11206.0,11207.0,11215.0,11216.0,11219.0,11222.0,11228.0,11228.0,11232.0,11233.0,11238.0,11241.0,11246.0,11250.0,11250.0,11253.0,11254.0,11256.0,11257.0,11257.0,11257.0,11257.0,11259.0,11260.0,11276.0,11282.0,11286.0,11292.0,11294.0,11296.0,11296.0,11296.0,11296.0,11298.0,11298.0,11301.0,11304.0,11306.0,11306.0,11307.0,11311.0,11314.0,11315.0,11316.0,11319.0,11320.0,11321.0,11324.0,11325.0,11327.0,11327.0,11329.0,11332.0,11333.0,11335.0,11335.0,11336.0,11337.0,11341.0,11341.0,11342.0,11343.0,11345.0,11345.0,11345.0,11348.0,11349.0,11350.0,11356.0,11357.0,11358.0,11361.0,11361.0,11361.0,11365.0,11367.0,11369.0,11369.0,11370.0,11370.0,11371.0,11373.0,11373.0,11373.0,11375.0,11377.0,11379.0,11377.0,11379.0,11383.0,11385.0,11388.0,11390.0,11394.0,11395.0,11398.0,11401.0,11406.0,11407.0,11407.0,11408.0,11410
qA1Um3u90qM,1349.0,1349.0,1349.0,1349.0,1350.0,1350.0,1351.0,1352.0,1352.0,1353.0,1353.0,1353.0,1353.0,1353.0,1353.0,1353.0,1354.0,1355.0,1356.0,1358.0,1361.0,1361.0,1361.0,1361.0,1361.0,1361.0,1363.0,1364.0,1366.0,1368.0,1369.0,1370.0,1370.0,1371.0,1372.0,1377.0,1386.0,1390.0,1398.0,1404.0,1405.0,1409.0,1413.0,1415.0,1416.0,1418.0,1419.0,1419.0,1421.0,1423.0,1424.0,1425.0,1427.0,1427.0,1426.0,1427.0,1429.0,1434.0,1434.0,1437.0,1440.0,1445.0,1449.0,1450.0,1450.0,1450.0,1451.0,1451.0,1452.0,1454.0,1454.0,1454.0,1456.0,1458.0,1460.0,1460.0,1462.0,1463.0,1465.0,1465.0,1465.0,1465.0,1467.0,1467.0,1467.0,1468.0,1470.0,1470.0,1471.0,1473.0,1474.0,1475.0,1475.0,1476.0,1481.0,1482.0,1482.0,1481.0,1481.0,1483.0,1484.0,1485.0,1490.0,1493.0,1495.0,1496.0,1497.0,1497.0,1502.0,1503.0,1507.0,1513.0,1513.0,1514.0,1515.0,1515.0,1517.0,1517.0,1518.0,1518.0,1519.0,1520.0,1525.0,1526.0,1526.0,1525.0,1525.0,1527.0,1527.0,1527.0,1527.0,1529.0,1529.0,1529.0,,,,,,,,,1532.0,1533.0,1533.0,1533.0,1533.0,1534.0,1534.0,1535.0,1536.0,1537.0,1537.0,1537.0,1538.0,1539.0,1539.0,1539.0,1539.0,1540.0,1540.0,1541.0,1541.0,1541.0,1542.0,1544.0,1544.0,1544.0,1544.0,1547.0,1547.0,1548.0,1548.0,1548.0,1548.0,1549.0,1549.0,1550.0,1550.0,1550.0,1550.0,1550.0,1550.0,1551.0,1551.0,1551.0,1551.0,1551.0,1551.0,1551.0,1551.0,1551.0,1551.0,1551.0,1551.0,1551.0,1551.0,1552.0,1552.0,1554.0,1554.0,1555.0,1555.0,1556.0,1556.0,1556.0,1556.0,1556.0,1556.0,1556.0,1556.0,1556.0,1557.0,1557.0,1557.0,1558.0,1558.0,1558.0,1558.0,1559.0,1560.0,1560.0,1560.0,1560.0,1560.0,1560.0,1560.0,1562.0,1563.0,1563.0,1564.0,1565.0,1565.0,1565.0,1565.0,1565.0,1565.0,1565.0,1565.0,1565.0,1565.0,1565.0,1565.0,1565.0,1565.0,1565.0,1565.0,1565.0,1565.0,1566.0,1567.0,1567.0,1567.0,1567.0,1568.0,1568.0,1568.0,1568.0,1568.0,1568.0,1568.0,1568.0,1568.0,,1568.0,1568.0,1568.0,1568.0,1568.0,1568.0,1568.0,1568.0,1568.0,1568.0,1568.0,1568.0,1569.0,1569.0,1569.0,1570.0,1570.0,1570.0,1570.0,1570.0,1570.0,1570.0,1570.0,1570.0,1570.0,1570.0,1570.0,1570.0,1570.0,1570.0,1570.0,1570.0,1570.0,1570.0,1570.0,1572.0,1573.0,1573.0,1574.0,1574.0,1574.0,1575.0,1575.0,1575.0,1575.0,1575.0,1575.0,1575.0,1575.0,1575.0,1575.0,1575.0,1575.0,1576.0,1576.0,1577.0,1577.0,1577.0,1577.0,1577.0,1578.0,1578.0,1578.0,1578.0,1578.0,1578.0,1578.0,1578.0,1578.0,1579.0,1579.0,1579.0,1579.0,1579.0,1579.0,1579.0,1579.0,1579.0,1579.0,1579.0,1579.0,1579.0,1579.0,1579.0,1579.0,1579.0,1579.0,1579.0,1579.0,1579.0,1579.0,1579.0,1579.0,1580.0,1580.0,1580.0,1580.0,1580.0,1582.0,1581.0,1581.0,1581.0,1581.0,1581.0,1581.0,1581.0,1581.0,1581.0,1581.0,1582.0,1583.0,1583.0,1583.0,1583
qUF4QP3GZwU,1758.0,1759.0,1759.0,1759.0,1760.0,1760.0,1760.0,1760.0,1761.0,1761.0,1761.0,1761.0,1763.0,1763.0,1763.0,1763.0,1763.0,1763.0,1763.0,1763.0,1763.0,1763.0,1763.0,1763.0,1763.0,1763.0,1763.0,1763.0,1763.0,1763.0,1763.0,1763.0,1764.0,1764.0,1765.0,1765.0,1765.0,1772.0,1772.0,1772.0,1766.0,1766.0,1766.0,1766.0,1766.0,1766.0,1767.0,1768.0,1768.0,1769.0,1769.0,1770.0,1770.0,1772.0,1772.0,1775.0,1778.0,1778.0,1778.0,1778.0,1778.0,1778.0,1778.0,1779.0,1779.0,1779.0,1779.0,1779.0,1779.0,1779.0,1779.0,1779.0,1779.0,1780.0,1780.0,1780.0,1780.0,1780.0,1780.0,1780.0,1780.0,1781.0,1781.0,1782.0,1782.0,1782.0,1783.0,1783.0,1783.0,1783.0,1784.0,1784.0,1784.0,1785.0,1785.0,1786.0,1786.0,1786.0,1786.0,1786.0,1786.0,1786.0,1786.0,1786.0,1786.0,1786.0,1787.0,1788.0,1788.0,1788.0,1788.0,1788.0,1788.0,1788.0,1788.0,1788.0,1788.0,1789.0,1789.0,1789.0,1789.0,1789.0,1789.0,1789.0,1789.0,1789.0,1789.0,1789.0,1790.0,1791.0,1792.0,1792.0,1792.0,1792.0,,,,,,,,,1794.0,1794.0,1794.0,1794.0,1794.0,1794.0,1794.0,1794.0,1794.0,1795.0,1795.0,1795.0,1797.0,1797.0,1797.0,1797.0,1797.0,1797.0,1797.0,1797.0,1798.0,1798.0,1798.0,1798.0,1799.0,1799.0,1799.0,1803.0,1803.0,1803.0,1803.0,1803.0,1803.0,1803.0,1803.0,1803.0,1803.0,1803.0,1803.0,1803.0,1803.0,1803.0,1803.0,1803.0,1803.0,1803.0,1803.0,1803.0,1803.0,1803.0,1803.0,1803.0,1803.0,1803.0,1803.0,1803.0,1803.0,1803.0,1803.0,1803.0,1804.0,1804.0,1804.0,1804.0,1804.0,1804.0,1804.0,1804.0,1805.0,1805.0,1805.0,1805.0,1805.0,1806.0,1806.0,1806.0,1806.0,1807.0,1808.0,1808.0,1809.0,1809.0,1809.0,1809.0,1809.0,1809.0,1809.0,1809.0,1809.0,1809.0,1809.0,1809.0,1809.0,1809.0,1809.0,1809.0,1809.0,1809.0,1809.0,1809.0,1809.0,1809.0,1809.0,1809.0,1809.0,1809.0,1809.0,1809.0,1809.0,1809.0,1809.0,1810.0,1810.0,1810.0,1810.0,1810.0,1810.0,1810.0,1810.0,1811.0,1811.0,,1811.0,1811.0,1811.0,1811.0,1811.0,1811.0,1812.0,1812.0,1812.0,1812.0,1812.0,1812.0,1812.0,1812.0,1812.0,1812.0,1812.0,1812.0,1812.0,1812.0,1812.0,1812.0,1812.0,1813.0,1813.0,1814.0,1814.0,1814.0,1814.0,1814.0,1814.0,1814.0,1814.0,1814.0,1815.0,1815.0,1815.0,1815.0,1815.0,1815.0,1815.0,1815.0,1815.0,1815.0,1815.0,1815.0,1815.0,1815.0,1815.0,1815.0,1815.0,1815.0,1815.0,1815.0,1815.0,1815.0,1815.0,1815.0,1815.0,1815.0,1815.0,1815.0,1815.0,1815.0,1815.0,1815.0,1815.0,1815.0,1816.0,1816.0,1816.0,1816.0,1816.0,1816.0,1816.0,1816.0,1816.0,1816.0,1816.0,1816.0,1816.0,1816.0,1816.0,1818.0,1818.0,1818.0,1818.0,1819.0,1819.0,1819.0,1819.0,1819.0,1820.0,1820.0,1820.0,1820.0,1820.0,1820.0,1820.0,1820.0,1820.0,1820.0,1820.0,1820.0,1820.0,1820.0,1820.0,1820.0,1820.0,1821.0,1822.0,1822.0,1822.0,1824
07AR_-dIN0o,,,,,,,,,,,,,,,,,,,,,,,,,,,,,,,,,,,,,,,,,,,,,,,,,,,,,,,,,,,,,,,,,,,,,,,,,,,,,,,,,,,,,,,,,,,,,,,,,,,,,,,,,,,,,,,,,,,,,,,,,,,,,,,,,,,,,,,,,,,,,,,,,,,,,,,,,,,,,,,,,,,,,,,,,,,,,,,,,,,,,,,,,,,,,,,,,,,,,,,,,,,,,,,,,,,,,,,,,,,,,,,,,,,,,,,,,,,,,,,,,,,,,,,,,,,,,,,,,,,,,,,,,,,,,,,,,,,,,,,,,,,,,,,,,,,,,,,,,,,,,,,,,,,,,,,,,,,,,,,,,,,,,,,,,,,,,,,,,,,,,,,,,,,,,,,,,,,,,,,,,,,,,,,,,,,,,,,,,,
uINXjSaVRN4,,,,,,,,,,,,,,,,,,,,,,,,,,,,,,,,,,,,,,,,,,,,,,,,,,,,,,,,,,,,,,,,,,,,,,,,,,,,,,,,,,,,,,,,,,,,,,,,,,,,,,,,,,,,,,,,,,,,,,,,,,,,,,,,,,,,,,,,,,,,,,,,,,,,,,,,,,,,,,,,,,,,,,,,,,,,,,,,,,,,,,,,,,,,,,,,,,,,,,,,,,,,,,,,,,,,,,,,,,,,,,,,,,,,,,,,,,,,,,,,,,,,,,,,,,,,,,,,,,,,,,,,,,,,,,,,,,,,,,,,,,,,,,,,,,,,,,,,,,,,,,,,,,,,,,,,,,,,,,,,,,,,,,,,,,,,,,,,,,,,,,,,,,,,,,,,,,,,,,,,,,,,,,,,,,,,,,,,,,
IBe1SFn5Q7A,,,,,,,,,,,,,,,,,,,,,,,,,,,,,,,,,,,,,,,,,,,,,,,,,,,,,,,,,,,,,,,,,,,,,,,,,,,,,,,,,,,,,,,,,,,,,,,,,,,,,,,,,,,,,,,,,,,,,,,,,,,,,,,,,,,,,,,,,,,,,,,,,,,,,,,,,,,,,,,,,,,,,,,,,,,,,,,,,,,,,,,,,,,,,,,,,,,,,,,,,,,,,,,,,,,,,,,,,,,,,,,,,,,,,,,,,,,,,,,,,,,,,,,,,,,,,,,,,,,,,,,,,,,,,,,,,,,,,,,,,,,,,,,,,,,,,,,,,,,,,,,,,,,,,,,,,,,,,,,,,,,,,,,,,,,,,,,,,,,,,,,,,,,,,,,,,,,,,,,,,,,,,,,,,,,,,,,,,,
8T2twbl2cIs,,,,,,,,,,,,,,,,,,,,,,,,,,,,,,,,,,,,,,,,,,,,,,,,,,,,,,,,,,,,,,,,,,,,,,,,,,,,,,,,,,,,,,,,,,,,,,,,,,,,,,,,,,,,,,,,,,,,,,,,,,,,,,,,,,,,,,,,,,,,,,,,,,,,,,,,,,,,,,,,,,,,,,,,,,,,,,,,,,,,,,,,,,,,,,,,,,,,,,,,,,,,,,,,,,,,,,,,,,,,,,,,,,,,,,,,,,,,,,,,,,,,,,,,,,,,,,,,,,,,,,,,,,,,,,,,,,,,,,,,,,,,,,,,,,,,,,,,,,,,,,,,,,,,,,,,,,,,,,,,,,,,,,,,,,,,,,,,,,,,,,,,,,,,,,,,,,,,,,,,,,,,,,,,,,,,,,,,,,
VRVNsi-3uhw,,,,,,,,,,,,,,,,,,,,,,,,,,,,,,,,,,,,,,,,,,,,,,,,,,,,,,,,,,,,,,,,,,,,,,,,,,,,,,,,,,,,,,,,,,,,,,,,,,,,,,,,,,,,,,,,,,,,,,,,,,,,,,,,,,,,,,,,,,,,,,,,,,,,,,,,,,,,,,,,,,,,,,,,,,,,,,,,,,,,,,,,,,,,,,,,,,,,,,,,,,,,,,,,,,,,,,,,,,,,,,,,,,,,,,,,,,,,,,,,,,,,,,,,,,,,,,,,,,,,,,,,,,,,,,,,,,,,,,,,,,,,,,,,,,,,,,,,,,,,,,,,,,,,,,,,,,,,,,,,,,,,,,,,,,,,,,,,,,,,,,,,,,,,,,,,,,,,,,,,,,,,,,,,,,,,,,,,,,
Pi4bGTUw3tI,10711360.0,10711396.0,10711440.0,10711482.0,10711507.0,10711532.0,10711573.0,10711621.0,10711670.0,10711704.0,10711751.0,10711781.0,10711818.0,10711869.0,10711908.0,10711962.0,10711996.0,10712048.0,10712094.0,10712138.0,10712181.0,10712223.0,10712252.0,10712271.0,10712315.0,10712355.0,10712398.0,10712440.0,10712467.0,10712512.0,10712545.0,10712575.0,10712610.0,10712647.0,10712680.0,10712715.0,10712768.0,10712795.0,10712827.0,10712855.0,10712902.0,10712951.0,10712986.0,10713020.0,10713049.0,10713089.0,10713129.0,10713188.0,10713230.0,10713268.0,10713315.0,10713355.0,10713383.0,10713412.0,10713455.0,10713495.0,10713550.0,10713610.0,10713660.0,10713713.0,10713749.0,10713799.0,10713856.0,10713899.0,10713934.0,10713972.0,10714005.0,10714065.0,10714093.0,10714133.0,10714173.0,10714218.0,10714267.0,10714297.0,10714342.0,10714396.0,10714438.0,10714472.0,10714505.0,10714554.0,10714595.0,10714647.0,10714690.0,10714735.0,10714761.0,10714792.0,10714862.0,10714892.0,10714925.0,10714960.0,10714997.0,10715033.0,10715072.0,10715108.0,10715152.0,10715183.0,10715222.0,10715249.0,10715288.0,10715325.0,10715386.0,10715414.0,10715446.0,10715480.0,10715520.0,10715557.0,10715590.0,10715627.0,10715658.0,10715682.0,10715724.0,10715766.0,10715810.0,10715855.0,10715905.0,10715945.0,10715984.0,10716030.0,10716070.0,10716107.0,10716138.0,10716185.0,10716230.0,10716270.0,10716301.0,10716327.0,10716370.0,10716417.0,10716457.0,10716500.0,10716536.0,10716582.0,10716607.0,10716632.0,,,,,,,,,10716969.0,10717020.0,10717068.0,10717104.0,10717137.0,10717172.0,10717196.0,10717227.0,10717259.0,10717288.0,10717313.0,10717346.0,10717375.0,10717421.0,10717454.0,10717501.0,10717536.0,10717571.0,10717608.0,10717643.0,10717664.0,10717707.0,10717745.0,10717790.0,10717829.0,10717870.0,10717898.0,10717923.0,10717950.0,10717974.0,10718003.0,10718025.0,10718053.0,10718081.0,10718099.0,10718125.0,10718158.0,10718184.0,10718213.0,10718235.0,10718264.0,10718281.0,10718307.0,10718329.0,10718358.0,10718386.0,10718407.0,10718428.0,10718444.0,10718465.0,10718492.0,10718532.0,10718573.0,10718597.0,10718625.0,10718654.0,10718680.0,10718723.0,10718752.0,10718784.0,10718812.0,10718834.0,10718860.0,10718881.0,10718901.0,10718922.0,10718945.0,10718970.0,10719007.0,10719042.0,10719088.0,10719163.0,10719199.0,10719252.0,10719284.0,10719329.0,10719357.0,10719398.0,10719424.0,10719456.0,10719486.0,10719515.0,10719545.0,10719573.0,10719611.0,10719632.0,10719665.0,10719684.0,10719708.0,10719740.0,10719786.0,10719822.0,10719873.0,10719895.0,10719924.0,10719967.0,10719997.0,10720034.0,10720070.0,10720100.0,10720121.0,10720165.0,10720202.0,10720251.0,10720292.0,10720326.0,10720353.0,10720385.0,10720411.0,10720442.0,10720474.0,10720512.0,10720534.0,10720568.0,10720590.0,10720618.0,10720650.0,10720686.0,10720717.0,10720749.0,10720783.0,,10720841.0,10720890.0,10720926.0,10720951.0,10720977.0,10721007.0,10721043.0,10721079.0,10721110.0,10721139.0,10721164.0,10721204.0,10721232.0,10721256.0,10721283.0,10721316.0,10721358.0,10721390.0,10721433.0,10721471.0,10721516.0,10721548.0,10721596.0,10721647.0,10721681.0,10721733.0,10721780.0,10721825.0,10721862.0,10721911.0,10721965.0,10722005.0,10722061.0,10722111.0,10722163.0,10722212.0,10722260.0,10722328.0,10722391.0,10722439.0,10722493.0,10722550.0,10722593.0,10722645.0,10722691.0,10722732.0,10722776.0,10722835.0,10722898.0,10722940.0,10722976.0,10723023.0,10723067.0,10723116.0,10723170.0,10723205.0,10723263.0,10723329.0,10723402.0,10723480.0,10723556.0,10723603.0,10723678.0,10723736.0,10723792.0,10723855.0,10723912.0,10723968.0,10724017.0,10724075.0,10724135.0,10724211.0,10724272.0,10724331.0,10724388.0,10724440.0,10724489.0,10724533.0,10724604.0,10724665.0,10724712.0,10724765.0,10724801.0,10724856.0,10724896.0,10724953.0,10725006.0,10725052.0,10725123.0,10725166.0,10725215.0,10725265.0,10725321.0,10725357.0,10725409.0,10725456.0,10725512.0,10725564.0,10725614.0,10725655.0,10725705.0,10725747.0,10725797.0,10725836.0,10725881.0,10725926.0,10725969.0,10726000.0,10726031.0,10726081.0,10726110.0,10726149.0,10726182.0,10726230
BtP6uSIUino,3443645.0,3443679.0,3443726.0,3443767.0,3443831.0,3443906.0,3443989.0,3444042.0,3444073.0,3444115.0,3444156.0,3444225.0,3444303.0,3444412.0,3444484.0,3444571.0,3444674.0,3444726.0,3444771.0,3444829.0,3444865.0,3444915.0,3444946.0,3444982.0,3445022.0,3445071.0,3445147.0,3445209.0,3445258.0,3445304.0,3445353.0,3445406.0,3445451.0,3445518.0,3445579.0,3445629.0,3445679.0,3445747.0,3445792.0,3445837.0,3445894.0,3445945.0,3445999.0,3446078.0,3446154.0,3446215.0,3446268.0,3446320.0,3446377.0,3446436.0,3446504.0,3446552.0,3446580.0,3446623.0,3446668.0,3446719.0,3446773.0,3446822.0,3446872.0,3446915.0,3446979.0,3447030.0,3447085.0,3447149.0,3447197.0,3447227.0,3447276.0,3447332.0,3447383.0,3447437.0,3447478.0,3447536.0,3447579.0,3447611.0,3447666.0,3447726.0,3447766.0,3447805.0,3447841.0,3447879.0,3447912.0,3447959.0,3448010.0,3448049.0,3448084.0,3448132.0,3448170.0,3448202.0,3448250.0,3448279.0,3448310.0,3448356.0,3448389.0,3448426.0,3448460.0,3448502.0,3448548.0,3448579.0,3448612.0,3448653.0,3448690.0,3448732.0,3448770.0,3448806.0,3448842.0,3448866.0,3448905.0,3448942.0,3448978.0,3449004.0,3449042.0,3449068.0,3449097.0,3449143.0,3449193.0,3449239.0,3449284.0,3449328.0,3449374.0,3449428.0,3449472.0,3449516.0,3449563.0,3449606.0,3449656.0,3449685.0,3449719.0,3449762.0,3449792.0,3449833.0,3449873.0,3449913.0,3449956.0,3449995.0,,,,,,,,,3450335.0,3450369.0,3450407.0,3450449.0,3450509.0,3450539.0,3450579.0,3450624.0,3450680.0,3450728.0,3450764.0,3450808.0,3450862.0,3450914.0,3450974.0,3451021.0,3451066.0,3451123.0,3451156.0,3451197.0,3451228.0,3451279.0,3451328.0,3451361.0,3451391.0,3451425.0,3451469.0,3451500.0,3451536.0,3451564.0,3451600.0,3451623.0,3451666.0,3451705.0,3451751.0,3451791.0,3451816.0,3451849.0,3451881.0,3451917.0,3451947.0,3451967.0,3452001.0,3452033.0,3452057.0,3452085.0,3452112.0,3452137.0,3452170.0,3452222.0,3452248.0,3452274.0,3452334.0,3452374.0,3452430.0,3452476.0,3452543.0,3452571.0,3452600.0,3452651.0,3452696.0,3452737.0,3452779.0,3452835.0,3452877.0,3452926.0,3452964.0,3452997.0,3453067.0,3453102.0,3453164.0,3453217.0,3453253.0,3453298.0,3453379.0,3453427.0,3453479.0,3453554.0,3453610.0,3453661.0,3453701.0,3453750.0,3453798.0,3453831.0,3453873.0,3453912.0,3453966.0,3454002.0,3454042.0,3454076.0,3454105.0,3454154.0,3454195.0,3454254.0,3454302.0,3454352.0,3454404.0,3454451.0,3454506.0,3454540.0,3454579.0,3454640.0,3454696.0,3454759.0,3454803.0,3454865.0,3454900.0,3454959.0,3454993.0,3455034.0,3455084.0,3455136.0,3455175.0,3455217.0,3455269.0,3455311.0,3455353.0,3455401.0,3455431.0,3455481.0,3455523.0,,3455589.0,3455628.0,3455679.0,3455723.0,3455766.0,3455820.0,3455867.0,3455901.0,3455954.0,3455988.0,3456039.0,3456100.0,3456144.0,3456182.0,3456219.0,3456260.0,3456321.0,3456379.0,3456451.0,3456486.0,3456545.0,3456585.0,3456628.0,3456674.0,3456709.0,3456754.0,3456788.0,3456828.0,3456861.0,3456908.0,3456977.0,3457010.0,3457052.0,3457127.0,3457191.0,3457240.0,3457287.0,3457341.0,3457400.0,3457457.0,3457539.0,3457593.0,3457658.0,3457720.0,3457784.0,3457839.0,3457910.0,3457967.0,3458023.0,3458094.0,3458177.0,3458236.0,3458307.0,3458393.0,3458465.0,3458524.0,3458586.0,3458664.0,3458730.0,3458813.0,3458895.0,3458944.0,3459011.0,3459069.0,3459126.0,3459197.0,3459246.0,3459318.0,3459370.0,3459429.0,3459507.0,3459598.0,3459663.0,3459750.0,3459814.0,3459894.0,3459965.0,3460039.0,3460101.0,3460173.0,3460248.0,3460320.0,3460376.0,3460438.0,3460513.0,3460586.0,3460636.0,3460689.0,3460748.0,3460798.0,3460863.0,3460919.0,3460979.0,3461036.0,3461094.0,3461155.0,3461226.0,3461274.0,3461320.0,3461373.0,3461422.0,3461474.0,3461531.0,3461569.0,3461613.0,3461661.0,3461705.0,3461744.0,3461784.0,3461832.0,3461873.0,3461928.0,3461967.0,3462012
O1_P6n0fSKI,568694.0,568719.0,568750.0,568777.0,568800.0,568831.0,568857.0,568894.0,568929.0,568983.0,569051.0,569103.0,569148.0,569183.0,569230.0,569287.0,569333.0,569372.0,569408.0,569454.0,569506.0,569548.0,569590.0,569635.0,569675.0,569716.0,569751.0,569778.0,569817.0,569860.0,569896.0,569940.0,569984.0,570029.0,570073.0,570123.0,570155.0,570197.0,570236.0,570283.0,570326.0,570366.0,570407.0,570440.0,570479.0,570517.0,570565.0,570600.0,570644.0,570674.0,570711.0,570731.0,570756.0,570774.0,570808.0,570843.0,570865.0,570900.0,570926.0,570963.0,571007.0,571049.0,571088.0,571117.0,571141.0,571172.0,571203.0,571232.0,571257.0,571305.0,571340.0,571393.0,571445.0,571471.0,571512.0,571540.0,571566.0,571593.0,571629.0,571660.0,571683.0,571701.0,571720.0,571759.0,571792.0,571820.0,571852.0,571894.0,571932.0,571976.0,572008.0,572046.0,572072.0,572105.0,572163.0,572187.0,572211.0,572248.0,572273.0,572308.0,572341.0,572371.0,572400.0,572425.0,572454.0,572488.0,572514.0,572546.0,572580.0,572606.0,572635.0,572662.0,572688.0,572718.0,572748.0,572772.0,572808.0,572825.0,572856.0,572888.0,572908.0,572942.0,572967.0,573002.0,573032.0,573058.0,573088.0,573126.0,573161.0,573206.0,573235.0,573272.0,573316.0,573357.0,,,,,,,,,573635.0,573681.0,573713.0,573754.0,573781.0,573821.0,573849.0,573871.0,573899.0,573914.0,573944.0,573966.0,574002.0,574017.0,574042.0,574063.0,574096.0,574126.0,574153.0,574176.0,574205.0,574232.0,574258.0,574296.0,574326.0,574358.0,574385.0,574416.0,574432.0,574470.0,574491.0,574512.0,574547.0,574573.0,574593.0,574618.0,574668.0,574694.0,574723.0,574755.0,574781.0,574805.0,574836.0,574869.0,574897.0,574927.0,574950.0,574981.0,575018.0,575047.0,575082.0,575099.0,575127.0,575150.0,575179.0,575209.0,575248.0,575283.0,575310.0,575338.0,575369.0,575389.0,575414.0,575442.0,575475.0,575495.0,575537.0,575568.0,575593.0,575615.0,575647.0,575674.0,575711.0,575754.0,575786.0,575820.0,575857.0,575870.0,575899.0,575950.0,575989.0,576021.0,576045.0,576079.0,576101.0,576124.0,576159.0,576194.0,576211.0,576242.0,576277.0,576301.0,576320.0,576346.0,576374.0,576416.0,576443.0,576470.0,576497.0,576517.0,576536.0,576567.0,576591.0,576627.0,576657.0,576680.0,576704.0,576734.0,576766.0,576803.0,576842.0,576869.0,576899.0,576928.0,576969.0,577010.0,577042.0,577065.0,577086.0,577116.0,577134.0,,577178.0,577207.0,577234.0,577267.0,577287.0,577302.0,577327.0,577358.0,577372.0,577394.0,577417.0,577437.0,577446.0,577470.0,577498.0,577538.0,577578.0,577615.0,577648.0,577671.0,577694.0,577735.0,577773.0,577810.0,577827.0,577856.0,577883.0,577928.0,577961.0,577985.0,578033.0,578059.0,578089.0,578118.0,578151.0,578193.0,578220.0,578244.0,578274.0,578296.0,578325.0,578353.0,578379.0,578408.0,578440.0,578481.0,578521.0,578558.0,578586.0,578611.0,578633.0,578664.0,578692.0,578728.0,578762.0,578789.0,578820.0,578855.0,578886.0,578923.0,578970.0,579008.0,579053.0,579113.0,579158.0,579194.0,579233.0,579270.0,579306.0,579350.0,579389.0,579419.0,579452.0,579494.0,579522.0,579556.0,579605.0,579642.0,579684.0,579726.0,579763.0,579804.0,579836.0,579876.0,579919.0,579952.0,579977.0,580015.0,580043.0,580076.0,580109.0,580149.0,580177.0,580202.0,580231.0,580264.0,580301.0,580338.0,580376.0,580406.0,580437.0,580470.0,580515.0,580542.0,580582.0,580627.0,580656.0,580685.0,580717.0,580737.0,580760.0,580784.0,580815.0,580853
ekfhJQkJppU,35870.0,35870.0,35870.0,35870.0,35870.0,35870.0,35870.0,35870.0,35870.0,35870.0,35870.0,35870.0,35870.0,35870.0,35870.0,35870.0,35870.0,35870.0,35870.0,35870.0,35870.0,35870.0,35870.0,35870.0,35870.0,35870.0,35870.0,35870.0,35870.0,35870.0,35870.0,35870.0,35870.0,35870.0,35870.0,35870.0,35870.0,35870.0,35870.0,35870.0,35870.0,35870.0,35870.0,35870.0,35870.0,35870.0,35870.0,35870.0,35870.0,35870.0,35870.0,35870.0,35870.0,35870.0,35870.0,35870.0,35870.0,35870.0,35870.0,35870.0,35870.0,35870.0,35870.0,35870.0,35870.0,35870.0,35870.0,35870.0,35870.0,35870.0,35870.0,35870.0,35870.0,35870.0,35870.0,35870.0,35870.0,35870.0,35870.0,35870.0,35870.0,35870.0,35870.0,35870.0,35870.0,35870.0,35870.0,35870.0,35870.0,35870.0,35870.0,35870.0,35870.0,35870.0,35870.0,35870.0,35870.0,35870.0,35870.0,35870.0,35870.0,35870.0,35870.0,35870.0,35870.0,35870.0,35870.0,35870.0,35870.0,35870.0,35870.0,35870.0,35870.0,35870.0,35870.0,35870.0,35870.0,35870.0,35870.0,35870.0,35870.0,35870.0,35870.0,35870.0,35870.0,35870.0,35870.0,35870.0,35870.0,35870.0,35870.0,35870.0,35870.0,35870.0,,,,,,,,,35870.0,35870.0,35870.0,35870.0,35870.0,35870.0,35870.0,35870.0,35870.0,35870.0,35870.0,35870.0,35870.0,35870.0,35870.0,35870.0,35870.0,35870.0,35870.0,35870.0,35870.0,35870.0,35870.0,35870.0,35870.0,35870.0,35870.0,35870.0,35870.0,35870.0,35870.0,35870.0,35870.0,35870.0,35870.0,35870.0,35870.0,35870.0,35870.0,35870.0,35870.0,35870.0,35870.0,35870.0,35870.0,35870.0,35870.0,35870.0,35870.0,35870.0,35870.0,35870.0,35870.0,35870.0,35870.0,35870.0,35870.0,35870.0,35870.0,35870.0,35870.0,35870.0,35870.0,35870.0,35870.0,35870.0,35870.0,35870.0,35870.0,35870.0,35870.0,35870.0,35870.0,35870.0,35870.0,35870.0,35870.0,35870.0,35870.0,35870.0,35870.0,35870.0,35870.0,35870.0,35870.0,35870.0,35870.0,35870.0,35870.0,35870.0,35870.0,35870.0,35870.0,35870.0,35870.0,35870.0,35870.0,35870.0,35870.0,35870.0,35870.0,35870.0,35870.0,35870.0,35870.0,35870.0,35870.0,35870.0,35870.0,35870.0,35870.0,35870.0,35870.0,35870.0,35870.0,35870.0,35870.0,35870.0,35870.0,35870.0,35870.0,,35870.0,35870.0,35870.0,35870.0,35870.0,35870.0,35870.0,35870.0,35870.0,35870.0,35870.0,35870.0,35870.0,35870.0,35870.0,35870.0,35870.0,35870.0,35870.0,35870.0,35870.0,35870.0,35870.0,35870.0,35870.0,35870.0,35870.0,35870.0,35870.0,35870.0,35870.0,35870.0,35870.0,35870.0,35870.0,35870.0,35870.0,35870.0,35870.0,35870.0,35870.0,35870.0,35870.0,35870.0,35870.0,35870.0,35870.0,35870.0,35870.0,35870.0,35870.0,35870.0,35870.0,35870.0,35870.0,35870.0,35870.0,35870.0,35870.0,35870.0,35870.0,35870.0,35870.0,35870.0,35870.0,35870.0,35870.0,35870.0,35870.0,35870.0,35870.0,35870.0,35870.0,35870.0,35870.0,35870.0,35870.0,35870.0,35870.0,35870.0,35870.0,35870.0,35870.0,35870.0,35870.0,35870.0,35870.0,35870.0,35870.0,35870.0,35870.0,35870.0,35870.0,35870.0,35870.0,35870.0,35870.0,35870.0,35870.0,35870.0,35870.0,35870.0,35870.0,35870.0,35870.0,35870.0,35870.0,35870.0,35870.0,35870.0,35870.0,35870.0,35870.0,35870
j77F1OeIJMQ,214549.0,214679.0,214858.0,215024.0,215233.0,215455.0,215705.0,215936.0,216147.0,216334.0,216512.0,216715.0,216908.0,217064.0,217282.0,217478.0,217673.0,217826.0,218002.0,218201.0,218341.0,218561.0,218799.0,218973.0,219163.0,219365.0,219604.0,219853.0,220103.0,220328.0,220550.0,220767.0,221003.0,221211.0,221400.0,221648.0,221858.0,222050.0,222176.0,222380.0,222576.0,222786.0,222926.0,223156.0,223307.0,223430.0,223582.0,223753.0,223923.0,224111.0,224298.0,224436.0,224553.0,224676.0,224857.0,225003.0,225163.0,225329.0,225465.0,225577.0,225719.0,225902.0,226034.0,226197.0,226364.0,226564.0,226675.0,226831.0,226951.0,227142.0,227308.0,227424.0,227549.0,227677.0,227851.0,227996.0,228143.0,228326.0,228488.0,228620.0,228734.0,228908.0,229052.0,229200.0,229365.0,229516.0,229605.0,229716.0,229866.0,230019.0,230187.0,230328.0,230491.0,230589.0,230697.0,230825.0,230979.0,231130.0,231268.0,231393.0,231520.0,231614.0,231769.0,231878.0,232024.0,232168.0,232308.0,232426.0,232513.0,232643.0,232810.0,232933.0,233068.0,233262.0,233360.0,233471.0,233579.0,233707.0,233836.0,233996.0,234075.0,234163.0,234265.0,234347.0,234425.0,234533.0,234614.0,234709.0,234786.0,234853.0,234954.0,235043.0,235141.0,235264.0,,,,,,,,,236324.0,236429.0,236559.0,236741.0,236874.0,236970.0,237059.0,237161.0,237303.0,237414.0,237509.0,237620.0,237700.0,237778.0,237853.0,237915.0,238018.0,238089.0,238180.0,238313.0,238407.0,238504.0,238589.0,238663.0,238780.0,238861.0,238953.0,239040.0,239130.0,239208.0,239298.0,239382.0,239457.0,239582.0,239701.0,239787.0,239872.0,239965.0,240041.0,240135.0,240212.0,240341.0,240428.0,240489.0,240567.0,240653.0,240739.0,240823.0,240908.0,240993.0,241048.0,241133.0,241228.0,241334.0,241411.0,241525.0,241627.0,241712.0,241801.0,241913.0,242045.0,242116.0,242208.0,242282.0,242364.0,242461.0,242527.0,242623.0,242715.0,242778.0,242893.0,242960.0,243070.0,243167.0,243266.0,243356.0,243463.0,243542.0,243610.0,243699.0,243798.0,243888.0,243993.0,244141.0,244276.0,244361.0,244447.0,244558.0,244645.0,244723.0,244854.0,244962.0,245039.0,245117.0,245224.0,245320.0,245434.0,245543.0,245627.0,245706.0,245793.0,245918.0,246047.0,246140.0,246326.0,246429.0,246527.0,246622.0,246738.0,246832.0,246932.0,247028.0,247122.0,247183.0,247248.0,247333.0,247419.0,247517.0,247611.0,247684.0,247736.0,,247892.0,247972.0,248068.0,248143.0,248194.0,248249.0,248299.0,248366.0,248443.0,248503.0,248574.0,248645.0,248694.0,248757.0,248810.0,248884.0,248961.0,249028.0,249078.0,249120.0,249190.0,249238.0,249298.0,249363.0,249430.0,249483.0,249538.0,249599.0,249669.0,249740.0,249829.0,249906.0,249965.0,250015.0,250079.0,250130.0,250219.0,250317.0,250417.0,250507.0,250587.0,250675.0,250759.0,250856.0,250921.0,250998.0,251120.0,251258.0,251393.0,251528.0,251687.0,251817.0,251929.0,252043.0,252126.0,252233.0,252347.0,252727.0,253229.0,253723.0,254192.0,254485.0,254934.0,255388.0,255934.0,256125.0,256354.0,256516.0,256979.0,257227.0,257419.0,257623.0,257945.0,258324.0,258533.0,258741.0,258981.0,259153.0,259380.0,259612.0,259864.0,260035.0,260262.0,260495.0,260776.0,260997.0,261186.0,261406.0,261556.0,261696.0,261837.0,262002.0,262211.0,262556.0,262736.0,262878.0,263043.0,263194.0,263383.0,263490.0,263604.0,263745.0,263848.0,263967.0,264148.0,264330.0,264531.0,264668.0,264847.0,264992.0,265135.0,265275.0,265413.0,265544
fWV58wpj7Vs,163279.0,163566.0,163814.0,164018.0,164304.0,164705.0,164960.0,165296.0,165569.0,165909.0,166111.0,166349.0,166579.0,166808.0,167052.0,167257.0,167453.0,167644.0,167958.0,168176.0,168402.0,168589.0,168770.0,168915.0,169084.0,169276.0,169465.0,169658.0,169862.0,170059.0,170223.0,170354.0,170535.0,170668.0,170781.0,170899.0,171064.0,171198.0,171319.0,171467.0,171625.0,171780.0,171907.0,172071.0,172206.0,172330.0,172481.0,172668.0,172837.0,173001.0,173128.0,173320.0,173455.0,173599.0,173725.0,173889.0,174029.0,174184.0,174330.0,174455.0,174631.0,174805.0,174999.0,175193.0,175376.0,175533.0,175672.0,175819.0,175953.0,176134.0,176296.0,176435.0,176555.0,176677.0,176815.0,176965.0,177099.0,177244.0,177436.0,177608.0,177709.0,177874.0,178015.0,178145.0,178309.0,178424.0,178504.0,178574.0,178689.0,178812.0,178924.0,179016.0,179151.0,179254.0,179323.0,179425.0,179526.0,179633.0,179769.0,179883.0,179994.0,180069.0,180186.0,180310.0,180391.0,180507.0,180646.0,180742.0,180871.0,181002.0,181136.0,181245.0,181356.0,181490.0,181601.0,181714.0,181858.0,181973.0,182124.0,182299.0,182412.0,182519.0,182630.0,182711.0,182778.0,182855.0,182936.0,183042.0,183110.0,183164.0,183278.0,183380.0,183522.0,183643.0,,,,,,,,,185079.0,185244.0,185389.0,185585.0,185991.0,186433.0,186676.0,187004.0,187422.0,187936.0,188481.0,188882.0,189364.0,189902.0,190340.0,190700.0,191172.0,191375.0,191580.0,191741.0,191843.0,191901.0,191949.0,192006.0,192091.0,192176.0,192251.0,192334.0,192407.0,192474.0,192551.0,192612.0,192684.0,192758.0,192831.0,192903.0,192952.0,193003.0,193060.0,193128.0,193179.0,193242.0,193287.0,193347.0,193410.0,193468.0,193537.0,193602.0,193669.0,193705.0,193747.0,193815.0,193894.0,193955.0,194025.0,194077.0,194141.0,194222.0,194294.0,194358.0,194424.0,194466.0,194531.0,194583.0,194655.0,194716.0,194776.0,194839.0,194890.0,194960.0,195037.0,195113.0,195200.0,195271.0,195362.0,195439.0,195515.0,195595.0,195643.0,195715.0,195790.0,195861.0,195955.0,196048.0,196156.0,196223.0,196302.0,196382.0,196460.0,196520.0,196614.0,196667.0,196721.0,196787.0,196875.0,196956.0,197021.0,197096.0,197177.0,197245.0,197321.0,197398.0,197477.0,197564.0,197647.0,197701.0,197749.0,197819.0,197907.0,198000.0,198109.0,198197.0,198252.0,198302.0,198351.0,198410.0,198459.0,198543.0,198619.0,198662.0,198702.0,,198794.0,198854.0,198915.0,198981.0,199026.0,199065.0,199103.0,199144.0,199197.0,199236.0,199278.0,199319.0,199338.0,199372.0,199416.0,199464.0,199504.0,199573.0,199619.0,199651.0,199697.0,199737.0,199781.0,199816.0,199856.0,199894.0,199930.0,199968.0,200008.0,200057.0,200099.0,200122.0,200153.0,200177.0,200206.0,200233.0,200277.0,200310.0,200363.0,200401.0,200445.0,200509.0,200582.0,200638.0,200694.0,200767.0,200843.0,200958.0,201068.0,201185.0,201354.0,201469.0,201596.0,201726.0,201796.0,201862.0,201973.0,202068.0,202164.0,202266.0,202367.0,202436.0,202507.0,202594.0,202692.0,202808.0,202989.0,203105.0,203243.0,203385.0,203570.0,203821.0,204039.0,204198.0,204305.0,204435.0,204611.0,204777.0,204922.0,205039.0,205188.0,205348.0,205466.0,205600.0,205703.0,205802.0,205901.0,206001.0,206107.0,206179.0,206267.0,206366.0,206461.0,206563.0,206694.0,206819.0,206923.0,207062.0,207185.0,207265.0,207362.0,207456.0,207537.0,207630.0,207728.0,207827.0,207941.0,208050.0,208132.0,208249.0,208340.0,208419.0,208503.0,208591
L2gUbpJOhrc,266012.0,266161.0,266359.0,266498.0,266656.0,266842.0,267013.0,267183.0,267365.0,267530.0,267676.0,267821.0,268021.0,268224.0,268451.0,268662.0,268839.0,269021.0,269237.0,269487.0,269710.0,269942.0,270176.0,270395.0,270557.0,270811.0,271019.0,271273.0,271466.0,271701.0,271937.0,272103.0,272340.0,272562.0,272764.0,272989.0,273187.0,273352.0,273537.0,273740.0,273963.0,274165.0,274369.0,274542.0,274766.0,274944.0,275106.0,275283.0,275485.0,275682.0,275875.0,276061.0,276180.0,276318.0,276473.0,276634.0,276791.0,276964.0,277089.0,277196.0,277327.0,277475.0,277618.0,277740.0,277890.0,277998.0,278106.0,278274.0,278431.0,278599.0,278746.0,278888.0,279010.0,279107.0,279228.0,279431.0,279608.0,279762.0,279913.0,280054.0,280207.0,280368.0,280555.0,280802.0,281024.0,281303.0,281501.0,281694.0,281880.0,282160.0,282385.0,282584.0,282788.0,282976.0,283126.0,283384.0,283597.0,283854.0,284100.0,284356.0,284603.0,284817.0,285073.0,285325.0,285537.0,285744.0,286008.0,286190.0,286366.0,286543.0,286704.0,286953.0,287173.0,287436.0,287604.0,287716.0,287891.0,288046.0,288217.0,288413.0,288541.0,288686.0,288777.0,288902.0,289049.0,289206.0,289368.0,289569.0,289727.0,289907.0,290117.0,290312.0,290555.0,290854.0,,,,,,,,,293243.0,293514.0,293736.0,293886.0,294120.0,294306.0,294464.0,294595.0,294760.0,294954.0,295149.0,295407.0,295653.0,295933.0,296146.0,296356.0,296582.0,296788.0,296952.0,297153.0,297292.0,297404.0,297506.0,297631.0,297760.0,297882.0,298034.0,298192.0,298317.0,298397.0,298522.0,298649.0,298819.0,298945.0,299094.0,299206.0,299326.0,299471.0,299626.0,299790.0,299916.0,300055.0,300197.0,300295.0,300446.0,300607.0,300766.0,300928.0,301121.0,301282.0,301444.0,301676.0,301848.0,302017.0,302243.0,302536.0,302846.0,303127.0,303619.0,304213.0,304850.0,305347.0,305907.0,306431.0,306936.0,307615.0,308283.0,309044.0,309541.0,310158.0,310650.0,311229.0,311971.0,312713.0,313612.0,314483.0,315267.0,315839.0,316345.0,316970.0,317693.0,318195.0,318702.0,319242.0,319644.0,319940.0,320390.0,320759.0,321047.0,321355.0,321725.0,322143.0,322530.0,322903.0,323371.0,323798.0,324273.0,324678.0,325027.0,325316.0,325738.0,326243.0,326761.0,327278.0,327752.0,328136.0,328523.0,329005.0,329436.0,329869.0,330326.0,330805.0,331076.0,331392.0,331643.0,331910.0,332145.0,332444.0,332721.0,332952.0,333107.0,,333457.0,333678.0,333909.0,334152.0,334322.0,334436.0,334547.0,334683.0,334826.0,334986.0,335126.0,335257.0,335359.0,335491.0,335633.0,335769.0,335968.0,336274.0,336486.0,336631.0,336733.0,336807.0,336839.0,336865.0,336895.0,336907.0,336924.0,336944.0,336977.0,337012.0,337033.0,337063.0,337089.0,337105.0,337130.0,337146.0,337178.0,337201.0,337224.0,337242.0,337271.0,337301.0,337333.0,337360.0,337394.0,337428.0,337455.0,337481.0,337502.0,337534.0,337560.0,337589.0,337619.0,337634.0,337647.0,337669.0,337691.0,337710.0,337739.0,337764.0,337784.0,337815.0,337844.0,337879.0,337898.0,337927.0,337950.0,337969.0,337999.0,338026.0,338053.0,338081.0,338106.0,338138.0,338163.0,338192.0,338217.0,338237.0,338267.0,338297.0,338325.0,338343.0,338362.0,338385.0,338405.0,338430.0,338445.0,338476.0,338492.0,338512.0,338533.0,338554.0,338584.0,338604.0,338631.0,338656.0,338675.0,338702.0,338719.0,338737.0,338765.0,338786.0,338818.0,338850.0,338866.0,338892.0,338923.0,338940.0,338959.0,338978.0,338994.0,339017.0,339043.0,339061
OQlo-muRXOU,867311.0,867407.0,867525.0,867616.0,867721.0,867849.0,867958.0,868067.0,868166.0,868269.0,868371.0,868449.0,868552.0,868662.0,868776.0,868898.0,868993.0,869108.0,869215.0,869300.0,869384.0,869479.0,869592.0,869690.0,869772.0,869890.0,869979.0,870076.0,870178.0,870259.0,870346.0,870426.0,870503.0,870613.0,870718.0,870821.0,870900.0,871000.0,871087.0,871194.0,871326.0,871460.0,871595.0,871710.0,871848.0,871957.0,872085.0,872198.0,872301.0,872385.0,872489.0,872594.0,872718.0,872811.0,872918.0,873018.0,873116.0,873243.0,873358.0,873458.0,873568.0,873679.0,873784.0,873919.0,874024.0,874122.0,874215.0,874309.0,874402.0,874509.0,874630.0,874758.0,874867.0,874956.0,875056.0,875162.0,875268.0,875375.0,875483.0,875565.0,875651.0,875733.0,875830.0,875941.0,876033.0,876126.0,876215.0,876300.0,876398.0,876496.0,876605.0,876700.0,876808.0,876899.0,876982.0,877072.0,877162.0,877236.0,877310.0,877381.0,877461.0,877542.0,877632.0,877697.0,877786.0,877898.0,877985.0,878072.0,878164.0,878266.0,878349.0,878444.0,878527.0,878637.0,878713.0,878791.0,878868.0,878940.0,879026.0,879127.0,879204.0,879290.0,879384.0,879471.0,879561.0,879650.0,879724.0,879804.0,879911.0,880001.0,880079.0,880141.0,880215.0,880298.0,,,,,,,,,881013.0,881098.0,881174.0,881258.0,881341.0,881420.0,881537.0,881642.0,881746.0,881856.0,881953.0,882029.0,882123.0,882216.0,882320.0,882441.0,882514.0,882598.0,882684.0,882765.0,882841.0,882930.0,883032.0,883102.0,883175.0,883303.0,883406.0,883485.0,883566.0,883671.0,883741.0,883846.0,883941.0,884004.0,884096.0,884172.0,884259.0,884346.0,884420.0,884516.0,884627.0,884720.0,884812.0,884906.0,884983.0,885068.0,885163.0,885249.0,885346.0,885430.0,885520.0,885583.0,885668.0,885740.0,885831.0,885934.0,886030.0,886098.0,886166.0,886248.0,886320.0,886396.0,886464.0,886527.0,886607.0,886689.0,886781.0,886864.0,886932.0,886997.0,887076.0,887163.0,887257.0,887356.0,887424.0,887511.0,887600.0,887676.0,887757.0,887832.0,887912.0,887977.0,888048.0,888129.0,888198.0,888259.0,888339.0,888418.0,888492.0,888574.0,888636.0,888706.0,888790.0,888864.0,888938.0,889029.0,889114.0,889216.0,889306.0,889377.0,889451.0,889525.0,889607.0,889680.0,889756.0,889837.0,889945.0,890021.0,890106.0,890190.0,890248.0,890326.0,890396.0,890486.0,890562.0,890634.0,890729.0,890807.0,890877.0,890930.0,891006.0,,891166.0,891238.0,891321.0,891403.0,891496.0,891616.0,891702.0,891791.0,891863.0,891954.0,892066.0,892157.0,892233.0,892303.0,892380.0,892476.0,892572.0,892654.0,892750.0,892860.0,892966.0,893067.0,893154.0,893232.0,893320.0,893422.0,893518.0,893627.0,893719.0,893806.0,893891.0,893968.0,894060.0,894144.0,894212.0,894301.0,894398.0,894458.0,894559.0,894640.0,894738.0,894811.0,894879.0,894967.0,895058.0,895158.0,895288.0,895383.0,895473.0,895581.0,895683.0,895768.0,895846.0,895939.0,896004.0,896073.0,896143.0,896211.0,896294.0,896362.0,896432.0,896520.0,896591.0,896678.0,896749.0,896819.0,896912.0,896981.0,897075.0,897139.0,897193.0,897248.0,897310.0,897377.0,897452.0,897533.0,897609.0,897686.0,897770.0,897851.0,897935.0,898006.0,898069.0,898156.0,898239.0,898316.0,898392.0,898466.0,898536.0,898630.0,898695.0,898768.0,898858.0,898918.0,898992.0,899080.0,899160.0,899237.0,899289.0,899362.0,899440.0,899525.0,899600.0,899682.0,899755.0,899830.0,899915.0,899975.0,900044.0,900123.0,900183.0,900266.0,900336.0,900408
5LcBPqLthro,213304.0,213500.0,213724.0,213938.0,214156.0,214463.0,214735.0,215022.0,215271.0,215483.0,215654.0,215854.0,216051.0,216261.0,216484.0,216735.0,216951.0,217175.0,217389.0,217642.0,217876.0,218186.0,218453.0,218643.0,218838.0,219101.0,219328.0,219524.0,219780.0,220049.0,220330.0,220692.0,221153.0,221548.0,222123.0,222682.0,223068.0,223506.0,223793.0,224093.0,224370.0,224613.0,224886.0,225172.0,225458.0,225651.0,225857.0,226116.0,226368.0,226641.0,226873.0,227114.0,227320.0,227556.0,227764.0,228001.0,228182.0,228431.0,228603.0,228806.0,229002.0,229233.0,229483.0,229671.0,229888.0,230104.0,230265.0,230500.0,230754.0,231168.0,231585.0,232004.0,232434.0,232825.0,233263.0,233675.0,234110.0,234475.0,234855.0,235178.0,235433.0,235874.0,236210.0,236580.0,236937.0,237236.0,237527.0,237763.0,238025.0,238318.0,238615.0,238896.0,239206.0,239493.0,239777.0,240152.0,240569.0,240926.0,241295.0,241750.0,242064.0,242350.0,242719.0,243093.0,243506.0,244019.0,244492.0,244857.0,245236.0,245594.0,246048.0,246494.0,246883.0,247221.0,247645.0,247986.0,248307.0,248669.0,249045.0,249517.0,250096.0,250585.0,250968.0,251433.0,251886.0,252588.0,253132.0,253707.0,254280.0,254944.0,255459.0,256051.0,257165.0,258267.0,,,,,,,,,269005.0,269821.0,270954.0,272033.0,273146.0,274446.0,275483.0,276561.0,277911.0,279485.0,281088.0,282527.0,284078.0,285533.0,286879.0,288198.0,289684.0,291113.0,292798.0,294045.0,295080.0,296028.0,297053.0,298148.0,299242.0,300077.0,301112.0,302175.0,303192.0,304133.0,305254.0,306243.0,307441.0,308688.0,310011.0,311139.0,312167.0,313234.0,314491.0,315499.0,316839.0,318186.0,319555.0,320658.0,321918.0,323174.0,324605.0,325862.0,327092.0,328196.0,329306.0,330555.0,331666.0,332831.0,333974.0,335285.0,336443.0,337677.0,338957.0,340308.0,341439.0,342532.0,343794.0,345134.0,346200.0,347339.0,348788.0,350175.0,351222.0,352579.0,353859.0,354945.0,356217.0,357378.0,358520.0,359843.0,361203.0,362552.0,363757.0,365212.0,366428.0,367720.0,369052.0,370069.0,371307.0,372524.0,373648.0,374963.0,376133.0,377430.0,378590.0,379570.0,380549.0,381425.0,382560.0,383591.0,384666.0,385710.0,386774.0,387519.0,388523.0,389715.0,390657.0,391680.0,392488.0,393179.0,393964.0,394772.0,395719.0,396506.0,397300.0,398117.0,398712.0,399217.0,399852.0,400303.0,400863.0,401486.0,402071.0,402520.0,402826.0,,403651.0,404121.0,404559.0,405098.0,405518.0,405826.0,406129.0,406473.0,406930.0,407389.0,407819.0,408127.0,408471.0,408814.0,409141.0,409452.0,409789.0,410146.0,410399.0,410630.0,410895.0,411166.0,411577.0,411874.0,412249.0,412514.0,412760.0,413117.0,413448.0,413799.0,414076.0,414345.0,414617.0,414857.0,415094.0,415397.0,415722.0,416040.0,416322.0,416573.0,416767.0,417021.0,417262.0,417528.0,417745.0,418014.0,418675.0,419236.0,420028.0,420793.0,421551.0,422379.0,423264.0,424054.0,424621.0,425060.0,425679.0,426220.0,426733.0,427200.0,427720.0,428172.0,428700.0,429352.0,429981.0,430718.0,431937.0,433035.0,433913.0,435035.0,436006.0,437279.0,438556.0,439876.0,441149.0,442243.0,443293.0,444328.0,445245.0,446179.0,447089.0,447839.0,448398.0,448840.0,449288.0,449741.0,450153.0,450572.0,451017.0,451415.0,451849.0,452332.0,452783.0,453279.0,453843.0,454281.0,454683.0,455131.0,455588.0,455925.0,456361.0,456816.0,457273.0,457690.0,458149.0,458578.0,458975.0,459410.0,459802.0,460227.0,460613.0,460985.0,461368.0,461743
xboHc4803zM,10732.0,10735.0,10742.0,10744.0,10747.0,10754.0,10764.0,10768.0,10780.0,10790.0,10801.0,10804.0,10813.0,10820.0,10838.0,10859.0,10864.0,10869.0,10881.0,10884.0,10890.0,10900.0,10909.0,10915.0,10920.0,10923.0,10930.0,10934.0,10944.0,10951.0,10959.0,10961.0,10967.0,10970.0,10976.0,10984.0,10994.0,11001.0,11005.0,11010.0,11015.0,11021.0,11025.0,11030.0,11035.0,11040.0,11043.0,11053.0,11058.0,11061.0,11061.0,11062.0,11070.0,11071.0,11073.0,11075.0,11078.0,11083.0,11088.0,11094.0,11096.0,11102.0,11106.0,11114.0,11115.0,11122.0,11125.0,11129.0,11134.0,11142.0,11149.0,11149.0,11152.0,11154.0,11159.0,11161.0,11163.0,11177.0,11186.0,11193.0,11197.0,11202.0,11204.0,11208.0,11212.0,11213.0,11215.0,11225.0,11230.0,11232.0,11236.0,11238.0,11239.0,11244.0,11250.0,11250.0,11255.0,11255.0,11264.0,11276.0,11292.0,11295.0,11300.0,11303.0,11305.0,11309.0,11314.0,11323.0,11329.0,11340.0,11347.0,11351.0,11362.0,11370.0,11382.0,11388.0,11392.0,11407.0,11413.0,11421.0,11432.0,11435.0,11443.0,11449.0,11450.0,11454.0,11457.0,11463.0,11468.0,11470.0,11475.0,11479.0,11484.0,11491.0,,,,,,,,,11561.0,11570.0,11581.0,11588.0,11590.0,11592.0,11599.0,11602.0,11604.0,11608.0,11610.0,11618.0,11622.0,11624.0,11635.0,11636.0,11642.0,11647.0,11650.0,11650.0,11653.0,11657.0,11664.0,11673.0,11685.0,11693.0,11695.0,11701.0,11707.0,11715.0,11720.0,11724.0,11731.0,11737.0,11743.0,11747.0,11750.0,11754.0,11761.0,11762.0,11765.0,11772.0,11774.0,11784.0,11788.0,11796.0,11797.0,11802.0,11803.0,11807.0,11808.0,11811.0,11817.0,11819.0,11821.0,11825.0,11826.0,11829.0,11833.0,11836.0,11842.0,11846.0,11852.0,11859.0,11860.0,11862.0,11867.0,11873.0,11875.0,11879.0,11883.0,11887.0,11890.0,11894.0,11902.0,11904.0,11909.0,11913.0,11915.0,11920.0,11925.0,11933.0,11935.0,11940.0,11943.0,11949.0,11952.0,11959.0,11963.0,11968.0,11972.0,11979.0,11985.0,11988.0,11991.0,11996.0,12007.0,12011.0,12015.0,12019.0,12022.0,12029.0,12033.0,12034.0,12038.0,12038.0,12040.0,12044.0,12046.0,12049.0,12052.0,12055.0,12060.0,12066.0,12071.0,12073.0,12078.0,12079.0,12081.0,12088.0,12088.0,,12093.0,12097.0,12100.0,12107.0,12109.0,12113.0,12119.0,12122.0,12125.0,12127.0,12130.0,12131.0,12133.0,12135.0,12139.0,12141.0,12145.0,12149.0,12149.0,12150.0,12154.0,12157.0,12160.0,12163.0,12166.0,12170.0,12174.0,12175.0,12181.0,12185.0,12188.0,12191.0,12194.0,12197.0,12200.0,12203.0,12206.0,12206.0,12209.0,12213.0,12215.0,12222.0,12228.0,12231.0,12233.0,12239.0,12244.0,12246.0,12251.0,12257.0,12260.0,12263.0,12268.0,12271.0,12278.0,12286.0,12292.0,12296.0,12301.0,12308.0,12312.0,12317.0,12320.0,12323.0,12331.0,12339.0,12351.0,12358.0,12364.0,12376.0,12383.0,12385.0,12390.0,12396.0,12398.0,12405.0,12413.0,12416.0,12422.0,12430.0,12435.0,12437.0,12446.0,12447.0,12450.0,12454.0,12459.0,12464.0,12468.0,12476.0,12478.0,12483.0,12491.0,12495.0,12507.0,12509.0,12512.0,12517.0,12520.0,12526.0,12536.0,12543.0,12546.0,12547.0,12553.0,12560.0,12579.0,12595.0,12601.0,12610.0,12614.0,12619.0,12626.0,12632
jhQnJuSFP10,27614.0,27615.0,27618.0,27621.0,27624.0,27629.0,27633.0,27637.0,27649.0,27654.0,27660.0,27665.0,27669.0,27673.0,27674.0,27676.0,27679.0,27679.0,27686.0,27689.0,27691.0,27692.0,27693.0,27696.0,27697.0,27699.0,27701.0,27703.0,27704.0,27708.0,27709.0,27711.0,27713.0,27716.0,27717.0,27719.0,27725.0,27728.0,27728.0,27728.0,27729.0,27731.0,27731.0,27733.0,27741.0,27742.0,27746.0,27749.0,27751.0,27752.0,27753.0,27757.0,27761.0,27764.0,27763.0,27763.0,27767.0,27767.0,27769.0,27772.0,27772.0,27777.0,27779.0,27780.0,27784.0,27784.0,27785.0,27786.0,27787.0,27790.0,27793.0,27793.0,27796.0,27798.0,27798.0,27802.0,27805.0,27806.0,27807.0,27807.0,27808.0,27809.0,27810.0,27812.0,27813.0,27814.0,27819.0,27824.0,27824.0,27827.0,27828.0,27829.0,27831.0,27832.0,27836.0,27837.0,27839.0,27844.0,27845.0,27847.0,27850.0,27852.0,27854.0,27854.0,27855.0,27859.0,27860.0,27861.0,27863.0,27865.0,27867.0,27870.0,27872.0,27872.0,27874.0,27875.0,27876.0,27878.0,27880.0,27880.0,27883.0,27882.0,27882.0,27882.0,27885.0,27888.0,27889.0,27891.0,27891.0,27894.0,27894.0,27895.0,27899.0,27899.0,,,,,,,,,27918.0,27924.0,27930.0,27934.0,27936.0,27939.0,27942.0,27945.0,27948.0,27951.0,27952.0,27955.0,27956.0,27956.0,27959.0,27964.0,27964.0,27966.0,27969.0,27971.0,27973.0,27974.0,27975.0,27976.0,27977.0,27976.0,27978.0,27979.0,27982.0,27984.0,27985.0,27985.0,27984.0,27985.0,27986.0,27989.0,27991.0,27991.0,27993.0,27993.0,27993.0,27995.0,27998.0,28002.0,28006.0,28007.0,28010.0,28011.0,28013.0,28015.0,28018.0,28020.0,28021.0,28021.0,28024.0,28025.0,28025.0,28026.0,28026.0,28028.0,28030.0,28032.0,28032.0,28037.0,28038.0,28038.0,28040.0,28043.0,28047.0,28051.0,28053.0,28055.0,28061.0,28061.0,28062.0,28063.0,28064.0,28065.0,28066.0,28068.0,28068.0,28068.0,28071.0,28073.0,28079.0,28080.0,28084.0,28086.0,28087.0,28089.0,28089.0,28089.0,28094.0,28096.0,28098.0,28100.0,28101.0,28105.0,28108.0,28108.0,28109.0,28114.0,28115.0,28117.0,28117.0,28117.0,28121.0,28121.0,28123.0,28123.0,28124.0,28126.0,28126.0,28129.0,28128.0,28130.0,28132.0,28135.0,28135.0,28139.0,28142.0,,28147.0,28149.0,28151.0,28152.0,28153.0,28154.0,28156.0,28158.0,28161.0,28164.0,28164.0,28165.0,28166.0,28166.0,28166.0,28166.0,28167.0,28173.0,28173.0,28175.0,28179.0,28179.0,28181.0,28182.0,28182.0,28183.0,28185.0,28188.0,28189.0,28190.0,28191.0,28194.0,28200.0,28201.0,28205.0,28209.0,28210.0,28216.0,28261.0,28307.0,28341.0,28369.0,28393.0,28406.0,28419.0,28441.0,28444.0,28450.0,28464.0,28470.0,28475.0,28477.0,28481.0,28483.0,28483.0,28486.0,28492.0,28496.0,28497.0,28497.0,28498.0,28505.0,28511.0,28516.0,28524.0,28526.0,28529.0,28533.0,28534.0,28539.0,28541.0,28545.0,28549.0,28549.0,28550.0,28554.0,28557.0,28560.0,28563.0,28565.0,28569.0,28570.0,28574.0,28575.0,28578.0,28579.0,28581.0,28586.0,28586.0,28587.0,28590.0,28591.0,28593.0,28598.0,28601.0,28601.0,28601.0,28601.0,28603.0,28604.0,28608.0,28610.0,28614.0,28615.0,28617.0,28618.0,28618.0,28619.0,28620.0,28621.0,28623.0,28624.0,28625.0,28627
D7Uyy5pgfg8,42534.0,42541.0,42554.0,42559.0,42564.0,42573.0,42589.0,42595.0,42607.0,42618.0,42630.0,42648.0,42663.0,42677.0,42696.0,42705.0,42720.0,42728.0,42739.0,42749.0,42760.0,42772.0,42785.0,42801.0,42822.0,42843.0,42854.0,42866.0,42879.0,42895.0,42904.0,42916.0,42925.0,42941.0,42952.0,42960.0,42972.0,42989.0,42997.0,43007.0,43020.0,43032.0,43045.0,43062.0,43073.0,43088.0,43096.0,43111.0,43123.0,43145.0,43156.0,43166.0,43178.0,43188.0,43202.0,43217.0,43232.0,43245.0,43256.0,43276.0,43288.0,43298.0,43312.0,43323.0,43336.0,43344.0,43358.0,43372.0,43382.0,43408.0,43426.0,43444.0,43457.0,43468.0,43486.0,43495.0,43504.0,43517.0,43527.0,43548.0,43560.0,43574.0,43583.0,43596.0,43608.0,43624.0,43647.0,43655.0,43673.0,43683.0,43699.0,43708.0,43723.0,43735.0,43744.0,43753.0,43770.0,43784.0,43789.0,43800.0,43810.0,43818.0,43826.0,43830.0,43846.0,43852.0,43860.0,43867.0,43881.0,43892.0,43895.0,43908.0,43923.0,43937.0,43946.0,43953.0,43962.0,43968.0,43980.0,43990.0,43998.0,44008.0,44019.0,44031.0,44038.0,44044.0,44048.0,44056.0,44060.0,44072.0,44080.0,44086.0,44095.0,44103.0,,,,,,,,,44215.0,44223.0,44229.0,44242.0,44252.0,44258.0,44262.0,44270.0,44279.0,44283.0,44293.0,44305.0,44315.0,44322.0,44329.0,44342.0,44358.0,44374.0,44383.0,44397.0,44401.0,44404.0,44408.0,44412.0,44422.0,44426.0,44431.0,44444.0,44447.0,44461.0,44470.0,44479.0,44479.0,44480.0,44488.0,44493.0,44494.0,44495.0,44500.0,44505.0,44516.0,44530.0,44535.0,44542.0,44550.0,44553.0,44558.0,44565.0,44571.0,44576.0,44584.0,44588.0,44594.0,44599.0,44602.0,44606.0,44617.0,44620.0,44623.0,44634.0,44637.0,44642.0,44646.0,44650.0,44656.0,44667.0,44676.0,44681.0,44687.0,44691.0,44697.0,44705.0,44713.0,44719.0,44723.0,44724.0,44731.0,44733.0,44738.0,44746.0,44752.0,44757.0,44763.0,44765.0,44770.0,44778.0,44782.0,44787.0,44793.0,44798.0,44804.0,44815.0,44820.0,44821.0,44826.0,44834.0,44839.0,44844.0,44854.0,44858.0,44863.0,44876.0,44888.0,44891.0,44898.0,44906.0,44914.0,44921.0,44922.0,44932.0,44933.0,44939.0,44949.0,44956.0,44958.0,44966.0,44971.0,44979.0,44983.0,44988.0,44999.0,,45017.0,45023.0,45026.0,45035.0,45044.0,45051.0,45055.0,45063.0,45067.0,45075.0,45081.0,45088.0,45097.0,45099.0,45104.0,45111.0,45115.0,45125.0,45132.0,45139.0,45146.0,45150.0,45155.0,45163.0,45170.0,45174.0,45178.0,45186.0,45186.0,45196.0,45202.0,45210.0,45217.0,45223.0,45228.0,45234.0,45237.0,45243.0,45250.0,45256.0,45261.0,45265.0,45268.0,45272.0,45275.0,45286.0,45293.0,45302.0,45308.0,45317.0,45329.0,45337.0,45345.0,45349.0,45357.0,45366.0,45373.0,45376.0,45384.0,45393.0,45397.0,45404.0,45411.0,45414.0,45418.0,45424.0,45441.0,45460.0,45478.0,45492.0,45500.0,45515.0,45535.0,45553.0,45567.0,45572.0,45575.0,45589.0,45602.0,45611.0,45624.0,45629.0,45635.0,45646.0,45655.0,45664.0,45671.0,45674.0,45679.0,45684.0,45688.0,45697.0,45702.0,45708.0,45715.0,45724.0,45735.0,45745.0,45755.0,45766.0,45773.0,45777.0,45785.0,45789.0,45802.0,45804.0,45808.0,45816.0,45826.0,45833.0,45837.0,45846.0,45853.0,45860
svikZOrt1-U,320972.0,321072.0,321217.0,321379.0,321513.0,321652.0,321797.0,321961.0,322101.0,322239.0,322377.0,322483.0,322571.0,322696.0,322857.0,322990.0,323113.0,323234.0,323371.0,323527.0,323662.0,323824.0,323976.0,324081.0,324209.0,324319.0,324447.0,324556.0,324711.0,324838.0,324923.0,325021.0,325112.0,325232.0,325345.0,325448.0,325562.0,325641.0,325725.0,325831.0,325923.0,326041.0,326136.0,326266.0,326357.0,326444.0,326537.0,326623.0,326726.0,326821.0,326919.0,327035.0,327133.0,327264.0,327366.0,327452.0,327535.0,327616.0,327709.0,327795.0,327888.0,327980.0,328069.0,328185.0,328321.0,328453.0,328552.0,328678.0,328757.0,328895.0,329014.0,329130.0,329265.0,329358.0,329453.0,329557.0,329636.0,329750.0,329843.0,329959.0,330108.0,330223.0,330323.0,330418.0,330542.0,330659.0,330783.0,330903.0,331022.0,331128.0,331233.0,331343.0,331473.0,331595.0,331688.0,331783.0,331883.0,331993.0,332125.0,332223.0,332319.0,332406.0,332500.0,332606.0,332699.0,332812.0,332922.0,333039.0,333251.0,333450.0,333594.0,333711.0,333830.0,333977.0,334180.0,334403.0,334665.0,335105.0,335620.0,336030.0,336492.0,336925.0,337514.0,338238.0,339119.0,340267.0,341185.0,342420.0,344029.0,345423.0,346957.0,348088.0,349274.0,350454.0,,,,,,,,,360167.0,360985.0,361714.0,362481.0,363212.0,363923.0,364486.0,365207.0,365894.0,366534.0,367192.0,367807.0,368519.0,369178.0,369915.0,370561.0,371224.0,371903.0,372644.0,373308.0,373939.0,374699.0,375341.0,375907.0,376397.0,376863.0,377488.0,378073.0,378754.0,379349.0,379828.0,380251.0,380698.0,381143.0,381704.0,382156.0,382547.0,383014.0,383460.0,383873.0,384339.0,384761.0,385191.0,385623.0,386051.0,386513.0,386932.0,387395.0,387830.0,388165.0,388406.0,388734.0,389037.0,389312.0,389620.0,389944.0,390222.0,390571.0,390959.0,391399.0,391792.0,392179.0,392576.0,392983.0,393312.0,393726.0,394129.0,394601.0,394906.0,395293.0,395665.0,396030.0,396421.0,396827.0,397273.0,397717.0,398179.0,398769.0,399202.0,399694.0,400254.0,400764.0,401347.0,401979.0,402549.0,403077.0,403747.0,404370.0,404906.0,405345.0,405821.0,406221.0,406545.0,406901.0,407298.0,407604.0,408033.0,408446.0,408774.0,409040.0,409315.0,409616.0,409923.0,410176.0,410513.0,410810.0,411034.0,411313.0,411683.0,411994.0,412432.0,412844.0,413212.0,413582.0,413910.0,414225.0,414543.0,414926.0,415229.0,415501.0,415774.0,,416401.0,416822.0,417164.0,417514.0,417882.0,418136.0,418374.0,418775.0,419182.0,419567.0,420093.0,420464.0,421052.0,422325.0,424436.0,427500.0,429692.0,431864.0,433566.0,434449.0,435597.0,436756.0,437919.0,439065.0,439866.0,440352.0,440682.0,441171.0,441686.0,443020.0,444225.0,445223.0,446300.0,446909.0,447516.0,448439.0,449668.0,450553.0,451769.0,452747.0,453668.0,454525.0,455348.0,456014.0,457122.0,458257.0,459042.0,459835.0,460702.0,461632.0,462584.0,463375.0,464146.0,464918.0,465526.0,466312.0,467041.0,467767.0,468454.0,469198.0,469809.0,470368.0,470897.0,471473.0,472024.0,472682.0,473476.0,474236.0,474956.0,476035.0,476916.0,477917.0,478890.0,479879.0,480875.0,481524.0,482300.0,483099.0,483804.0,484428.0,485109.0,485825.0,486338.0,486805.0,487255.0,487744.0,488260.0,488854.0,489480.0,489947.0,490454.0,491050.0,491682.0,492448.0,493226.0,493881.0,494379.0,494964.0,495613.0,496070.0,496665.0,497451.0,498224.0,498868.0,499665.0,500413.0,501159.0,502208.0,502987.0,503709.0,504437.0,505146.0,505931.0,506800
iL2jqQgqWTI,2420775.0,2421885.0,2423027.0,2424123.0,2425325.0,2426506.0,2427639.0,2428895.0,2430125.0,2431512.0,2432532.0,2433698.0,2434823.0,2436054.0,2437260.0,2438295.0,2439339.0,2440436.0,2441427.0,2442480.0,2443642.0,2444832.0,2445954.0,2447111.0,2448230.0,2449158.0,2450445.0,2451766.0,2452903.0,2454176.0,2455209.0,2456314.0,2457316.0,2458357.0,2459700.0,2460819.0,2461873.0,2463035.0,2464193.0,2465246.0,2466384.0,2467443.0,2468662.0,2469860.0,2470932.0,2472048.0,2473077.0,2474374.0,2475486.0,2476735.0,2477860.0,2478894.0,2479758.0,2480688.0,2481670.0,2482696.0,2483708.0,2484675.0,2485713.0,2486685.0,2487569.0,2488625.0,2489732.0,2490655.0,2491766.0,2492714.0,2493550.0,2494298.0,2495106.0,2496155.0,2497138.0,2498003.0,2498874.0,2499653.0,2500523.0,2501434.0,2502465.0,2503374.0,2504310.0,2505093.0,2505786.0,2506626.0,2507414.0,2508330.0,2509266.0,2510092.0,2511042.0,2511853.0,2512604.0,2513462.0,2514498.0,2515481.0,2516447.0,2517362.0,2518172.0,2519020.0,2519922.0,2520778.0,2521721.0,2522616.0,2523473.0,2524272.0,2525263.0,2526107.0,2527198.0,2528259.0,2529296.0,2530224.0,2531058.0,2531904.0,2532784.0,2533793.0,2534820.0,2535726.0,2536599.0,2537455.0,2538153.0,2539320.0,2540294.0,2541257.0,2542116.0,2542957.0,2543735.0,2544534.0,2545563.0,2546577.0,2547538.0,2548434.0,2549433.0,2550192.0,2551076.0,2552118.0,2553066.0,2554003.0,,,,,,,,,2563838.0,2564942.0,2565987.0,2567100.0,2568297.0,2569214.0,2570212.0,2571140.0,2571954.0,2572795.0,2573713.0,2574604.0,2575680.0,2576615.0,2577450.0,2578163.0,2579108.0,2580067.0,2581052.0,2581978.0,2582985.0,2584008.0,2584916.0,2585650.0,2586706.0,2587631.0,2588580.0,2589559.0,2590416.0,2591217.0,2592175.0,2593028.0,2593931.0,2594803.0,2595810.0,2596648.0,2597519.0,2598327.0,2599466.0,2600420.0,2601588.0,2602502.0,2603319.0,2604051.0,2604893.0,2605792.0,2606636.0,2607473.0,2608548.0,2609458.0,2610171.0,2611073.0,2611917.0,2612794.0,2613740.0,2614544.0,2615382.0,2616157.0,2616834.0,2617788.0,2618600.0,2619330.0,2619959.0,2620671.0,2621414.0,2622257.0,2622984.0,2623835.0,2624636.0,2625261.0,2626015.0,2626718.0,2627521.0,2628426.0,2629322.0,2630188.0,2631191.0,2632087.0,2632844.0,2633640.0,2634605.0,2635524.0,2636488.0,2637495.0,2638319.0,2639110.0,2639820.0,2640771.0,2641719.0,2642575.0,2643526.0,2644447.0,2645153.0,2645921.0,2646696.0,2647678.0,2648537.0,2649482.0,2650315.0,2651057.0,2651930.0,2652842.0,2653788.0,2654819.0,2655705.0,2656649.0,2657432.0,2658393.0,2659336.0,2660470.0,2661381.0,2662375.0,2663223.0,2664044.0,2664891.0,2665706.0,2666660.0,2667512.0,2668377.0,2669266.0,2670065.0,,2671723.0,2672589.0,2673444.0,2674344.0,2675031.0,2675905.0,2676709.0,2677471.0,2678413.0,2679233.0,2680150.0,2681034.0,2681700.0,2682561.0,2683494.0,2684505.0,2685427.0,2686324.0,2687225.0,2687986.0,2688764.0,2689566.0,2690318.0,2691067.0,2691908.0,2692735.0,2693413.0,2694107.0,2694900.0,2695600.0,2696415.0,2697033.0,2697803.0,2698337.0,2699040.0,2699844.0,2700630.0,2701374.0,2702145.0,2702811.0,2703422.0,2704082.0,2704843.0,2705547.0,2706435.0,2707144.0,2707965.0,2708693.0,2709460.0,2710169.0,2711069.0,2711909.0,2712727.0,2713382.0,2714092.0,2714866.0,2715709.0,2716517.0,2717397.0,2718252.0,2719097.0,2719881.0,2720709.0,2721590.0,2722415.0,2723150.0,2723966.0,2724752.0,2725459.0,2726199.0,2727058.0,2727820.0,2728685.0,2729472.0,2730355.0,2731155.0,2731892.0,2732758.0,2733581.0,2734463.0,2735316.0,2736002.0,2736717.0,2737455.0,2738428.0,2739440.0,2740410.0,2741283.0,2742038.0,2742833.0,2743652.0,2744470.0,2745377.0,2746327.0,2747200.0,2747974.0,2748821.0,2749625.0,2750567.0,2751460.0,2752335.0,2753161.0,2753963.0,2754649.0,2755493.0,2756208.0,2757129.0,2757957.0,2758820.0,2759494.0,2760192.0,2760930.0,2761742.0,2762536
JkHDOFLeP40,371659.0,371701.0,371761.0,371824.0,371900.0,371964.0,372042.0,372107.0,372170.0,372249.0,372305.0,372365.0,372434.0,372509.0,372573.0,372618.0,372676.0,372752.0,372818.0,372889.0,372942.0,373010.0,373073.0,373159.0,373219.0,373285.0,373340.0,373402.0,373466.0,373527.0,373589.0,373669.0,373734.0,373813.0,373871.0,373935.0,374023.0,374078.0,374140.0,374199.0,374266.0,374362.0,374443.0,374509.0,374578.0,374622.0,374686.0,374748.0,374816.0,374864.0,374949.0,375005.0,375067.0,375132.0,375187.0,375247.0,375314.0,375371.0,375435.0,375489.0,375571.0,375645.0,375709.0,375774.0,375830.0,375886.0,375942.0,376007.0,376074.0,376166.0,376258.0,376339.0,376416.0,376499.0,376558.0,376624.0,376684.0,376755.0,376801.0,376871.0,376934.0,376978.0,377044.0,377103.0,377174.0,377244.0,377318.0,377396.0,377473.0,377518.0,377570.0,377613.0,377668.0,377719.0,377781.0,377858.0,377912.0,377970.0,378064.0,378125.0,378179.0,378245.0,378309.0,378364.0,378428.0,378505.0,378569.0,378634.0,378702.0,378767.0,378811.0,378863.0,378906.0,378972.0,379015.0,379074.0,379134.0,379194.0,379259.0,379298.0,379349.0,379393.0,379445.0,379498.0,379539.0,379602.0,379648.0,379703.0,379741.0,379793.0,379835.0,379890.0,379935.0,379989.0,,,,,,,,,380493.0,380556.0,380613.0,380672.0,380752.0,380812.0,380863.0,380906.0,380953.0,381012.0,381065.0,381114.0,381154.0,381210.0,381255.0,381310.0,381340.0,381391.0,381441.0,381484.0,381531.0,381600.0,381647.0,381678.0,381718.0,381755.0,381800.0,381834.0,381888.0,381951.0,382000.0,382054.0,382122.0,382172.0,382231.0,382284.0,382332.0,382401.0,382442.0,382495.0,382541.0,382592.0,382647.0,382694.0,382751.0,382800.0,382855.0,382917.0,382969.0,383029.0,383076.0,383139.0,383202.0,383263.0,383329.0,383382.0,383446.0,383512.0,383584.0,383664.0,383938.0,384215.0,384319.0,384372.0,384299.0,384356.0,384418.0,384486.0,384550.0,384598.0,384654.0,384716.0,384762.0,384801.0,384833.0,384876.0,384928.0,384982.0,385033.0,385103.0,385158.0,385211.0,385263.0,385303.0,385349.0,385403.0,385459.0,385512.0,385556.0,385604.0,385654.0,385716.0,385775.0,385857.0,385898.0,385962.0,386028.0,386079.0,386149.0,386210.0,386260.0,386318.0,386383.0,386435.0,386491.0,386526.0,386576.0,386618.0,386654.0,386701.0,386741.0,386786.0,386837.0,386881.0,386931.0,386979.0,387017.0,387054.0,387104.0,387156.0,387212.0,,387287.0,387349.0,387392.0,387445.0,387490.0,387542.0,387592.0,387643.0,387695.0,387740.0,387783.0,387829.0,387880.0,387929.0,387965.0,388035.0,388081.0,388134.0,388173.0,388222.0,388275.0,388302.0,388330.0,388374.0,388436.0,388485.0,388532.0,388566.0,388615.0,388686.0,388736.0,388774.0,388816.0,388864.0,388909.0,388989.0,389060.0,389107.0,389158.0,389221.0,389262.0,389322.0,389374.0,389420.0,389474.0,389551.0,389595.0,389643.0,389678.0,389712.0,389756.0,389806.0,389850.0,389894.0,389936.0,389972.0,390007.0,390041.0,390080.0,390130.0,390160.0,390197.0,390243.0,390286.0,390329.0,390363.0,390408.0,390458.0,390512.0,390556.0,390605.0,390651.0,390702.0,390741.0,390796.0,390827.0,390875.0,390923.0,390964.0,390998.0,391055.0,391116.0,391157.0,391214.0,391266.0,391317.0,391360.0,391402.0,391442.0,391479.0,391520.0,391559.0,391591.0,391634.0,391671.0,391715.0,391758.0,391810.0,391854.0,391897.0,391936.0,391971.0,392005.0,392037.0,392077.0,392111.0,392150.0,392182.0,392225.0,392269.0,392315.0,392356.0,392398.0,392424
Drv53pHyZoc,6763.0,6765.0,6767.0,6771.0,6772.0,6774.0,6775.0,6777.0,6779.0,6782.0,6785.0,6786.0,6788.0,6791.0,6793.0,6798.0,6804.0,6807.0,6808.0,6809.0,6811.0,6813.0,6816.0,6820.0,6825.0,6827.0,6832.0,6836.0,6839.0,6842.0,6845.0,6847.0,6850.0,6851.0,6854.0,6858.0,6863.0,6864.0,6869.0,6871.0,6873.0,6877.0,6880.0,6885.0,6893.0,6894.0,6894.0,6897.0,6905.0,6906.0,6908.0,6909.0,6913.0,6917.0,6921.0,6922.0,6925.0,6928.0,6935.0,6937.0,6937.0,6943.0,6949.0,6951.0,6958.0,6964.0,6969.0,6973.0,6980.0,6986.0,6988.0,6988.0,6992.0,6994.0,7001.0,7002.0,7006.0,7009.0,7014.0,7015.0,7018.0,7023.0,7027.0,7031.0,7032.0,7034.0,7036.0,7038.0,7045.0,7049.0,7054.0,7056.0,7057.0,7059.0,7061.0,7063.0,7067.0,7073.0,7074.0,7076.0,7077.0,7080.0,7082.0,7083.0,7086.0,7090.0,7090.0,7092.0,7093.0,7096.0,7099.0,7100.0,7101.0,7102.0,7105.0,7106.0,7107.0,7108.0,7109.0,7110.0,7113.0,7116.0,7118.0,7124.0,7126.0,7130.0,7137.0,7143.0,7146.0,7147.0,7149.0,7153.0,7156.0,7158.0,,,,,,,,,7179.0,7179.0,7179.0,7180.0,7185.0,7186.0,7189.0,7190.0,7192.0,7192.0,7194.0,7196.0,7201.0,7201.0,7202.0,7203.0,7206.0,7206.0,7210.0,7213.0,7216.0,7218.0,7218.0,7219.0,7219.0,7221.0,7222.0,7222.0,7224.0,7224.0,7224.0,7225.0,7228.0,7230.0,7231.0,7232.0,7234.0,7235.0,7236.0,7238.0,7241.0,7243.0,7246.0,7248.0,7248.0,7251.0,7252.0,7254.0,7256.0,7262.0,7265.0,7268.0,7269.0,7273.0,7282.0,7284.0,7287.0,7289.0,7292.0,7294.0,7297.0,7299.0,7301.0,7303.0,7303.0,7303.0,7307.0,7312.0,7315.0,7317.0,7319.0,7320.0,7321.0,7327.0,7327.0,7330.0,7331.0,7333.0,7334.0,7341.0,7345.0,7348.0,7349.0,7350.0,7351.0,7353.0,7355.0,7357.0,7359.0,7360.0,7361.0,7361.0,7362.0,7366.0,7366.0,7368.0,7372.0,7377.0,7380.0,7385.0,7392.0,7395.0,7404.0,7408.0,7409.0,7409.0,7411.0,7412.0,7412.0,7419.0,7424.0,7427.0,7429.0,7432.0,7434.0,7437.0,7442.0,7444.0,7448.0,7455.0,7459.0,,7467.0,7477.0,7480.0,7481.0,7485.0,7487.0,7488.0,7492.0,7492.0,7496.0,7498.0,7502.0,7504.0,7508.0,7513.0,7518.0,7523.0,7527.0,7527.0,7531.0,7533.0,7536.0,7544.0,7548.0,7554.0,7560.0,7569.0,7570.0,7576.0,7581.0,7584.0,7587.0,7587.0,7589.0,7595.0,7601.0,7607.0,7613.0,7614.0,7614.0,7618.0,7620.0,7624.0,7628.0,7630.0,7630.0,7634.0,7639.0,7647.0,7652.0,7654.0,7657.0,7659.0,7664.0,7665.0,7672.0,7674.0,7676.0,7679.0,7680.0,7681.0,7683.0,7684.0,7686.0,7687.0,7689.0,7690.0,7691.0,7694.0,7694.0,7699.0,7702.0,7702.0,7704.0,7705.0,7708.0,7709.0,7713.0,7717.0,7717.0,7719.0,7720.0,7724.0,7728.0,7729.0,7731.0,7734.0,7738.0,7741.0,7743.0,7747.0,7748.0,7752.0,7756.0,7764.0,7767.0,7774.0,7775.0,7776.0,7780.0,7782.0,7785.0,7787.0,7789.0,7791.0,7792.0,7795.0,7797.0,7801.0,7804.0,7804.0,7810.0,7810.0,7813
kjVQB2IhJso,47362.0,47366.0,47373.0,47381.0,47390.0,47396.0,47403.0,47419.0,47428.0,47442.0,47451.0,47469.0,47483.0,47492.0,47499.0,47513.0,47521.0,47527.0,47544.0,47553.0,47566.0,47569.0,47576.0,47586.0,47598.0,47605.0,47613.0,47620.0,47627.0,47637.0,47642.0,47653.0,47659.0,47666.0,47672.0,47681.0,47688.0,47691.0,47694.0,47700.0,47710.0,47720.0,47729.0,47742.0,47751.0,47763.0,47767.0,47774.0,47787.0,47791.0,47809.0,47819.0,47826.0,47832.0,47841.0,47847.0,47854.0,47861.0,47865.0,47872.0,47877.0,47883.0,47896.0,47901.0,47908.0,47918.0,47929.0,47951.0,47956.0,47968.0,47981.0,47989.0,48000.0,48009.0,48022.0,48031.0,48042.0,48050.0,48056.0,48062.0,48068.0,48079.0,48088.0,48096.0,48104.0,48113.0,48118.0,48134.0,48145.0,48154.0,48162.0,48168.0,48171.0,48185.0,48191.0,48200.0,48218.0,48228.0,48247.0,48255.0,48264.0,48279.0,48287.0,48301.0,48313.0,48328.0,48335.0,48346.0,48352.0,48357.0,48363.0,48377.0,48385.0,48386.0,48395.0,48398.0,48405.0,48409.0,48416.0,48431.0,48443.0,48459.0,48464.0,48483.0,48495.0,48507.0,48530.0,48547.0,48569.0,48586.0,48608.0,48635.0,48653.0,48675.0,,,,,,,,,48804.0,48820.0,48836.0,48853.0,48868.0,48885.0,48895.0,48903.0,48906.0,48916.0,48923.0,48932.0,48933.0,48947.0,48958.0,48966.0,48977.0,48990.0,49007.0,49016.0,49027.0,49031.0,49037.0,49044.0,49052.0,49057.0,49061.0,49070.0,49079.0,49088.0,49096.0,49105.0,49115.0,49129.0,49139.0,49142.0,49150.0,49157.0,49167.0,49172.0,49175.0,49182.0,49189.0,49197.0,49204.0,49217.0,49219.0,49228.0,49232.0,49238.0,49242.0,49249.0,49255.0,49266.0,49274.0,49281.0,49286.0,49293.0,49302.0,49309.0,49318.0,49324.0,49331.0,49338.0,49355.0,49364.0,49374.0,49392.0,49406.0,49415.0,49422.0,49432.0,49441.0,49446.0,49458.0,49463.0,49467.0,49475.0,49484.0,49492.0,49500.0,49516.0,49526.0,49540.0,49551.0,49562.0,49571.0,49579.0,49588.0,49597.0,49608.0,49616.0,49625.0,49630.0,49638.0,49644.0,49649.0,49655.0,49660.0,49667.0,49677.0,49683.0,49689.0,49693.0,49702.0,49709.0,49717.0,49724.0,49734.0,49744.0,49753.0,49760.0,49767.0,49770.0,49774.0,49788.0,49798.0,49812.0,49826.0,49836.0,49845.0,,49872.0,49880.0,49897.0,49905.0,49915.0,49927.0,49938.0,49950.0,49968.0,49985.0,49992.0,50003.0,50012.0,50024.0,50036.0,50051.0,50066.0,50085.0,50101.0,50114.0,50125.0,50137.0,50147.0,50157.0,50172.0,50189.0,50203.0,50221.0,50239.0,50250.0,50264.0,50279.0,50296.0,50306.0,50319.0,50328.0,50336.0,50343.0,50350.0,50360.0,50371.0,50382.0,50386.0,50400.0,50407.0,50418.0,50428.0,50447.0,50455.0,50463.0,50476.0,50487.0,50500.0,50508.0,50524.0,50530.0,50538.0,50551.0,50553.0,50561.0,50569.0,50574.0,50593.0,50605.0,50611.0,50623.0,50634.0,50643.0,50656.0,50663.0,50677.0,50685.0,50692.0,50712.0,50719.0,50722.0,50734.0,50748.0,50762.0,50777.0,50791.0,50801.0,50812.0,50824.0,50837.0,50851.0,50862.0,50873.0,50887.0,50904.0,50928.0,50937.0,50952.0,50968.0,50976.0,50987.0,50997.0,51002.0,51006.0,51013.0,51016.0,51021.0,51034.0,51045.0,51053.0,51056.0,51063.0,51070.0,51083.0,51090.0,51107.0,51118.0,51123.0,51138
SWdDtvJ646s,87948.0,87997.0,88040.0,88103.0,88149.0,88197.0,88255.0,88327.0,88389.0,88456.0,88487.0,88531.0,88574.0,88619.0,88684.0,88734.0,88774.0,88822.0,88861.0,88913.0,88975.0,89040.0,89086.0,89187.0,89224.0,89276.0,89319.0,89374.0,89433.0,89467.0,89512.0,89545.0,89590.0,89634.0,89673.0,89721.0,89775.0,89832.0,89858.0,89914.0,89960.0,90011.0,90075.0,90125.0,90173.0,90216.0,90248.0,90305.0,90355.0,90404.0,90447.0,90495.0,90532.0,90567.0,90616.0,90673.0,90735.0,90778.0,90825.0,90877.0,90920.0,90963.0,90998.0,91031.0,91083.0,91132.0,91181.0,91227.0,91255.0,91319.0,91357.0,91394.0,91429.0,91464.0,91506.0,91541.0,91586.0,91638.0,91695.0,91751.0,91789.0,91831.0,91890.0,91924.0,91978.0,92037.0,92080.0,92123.0,92150.0,92190.0,92226.0,92261.0,92293.0,92326.0,92354.0,92388.0,92445.0,92495.0,92534.0,92585.0,92616.0,92666.0,92696.0,92743.0,92788.0,92821.0,92861.0,92891.0,92925.0,92972.0,93022.0,93064.0,93112.0,93166.0,93206.0,93256.0,93297.0,93340.0,93389.0,93442.0,93477.0,93513.0,93544.0,93606.0,93661.0,93715.0,93757.0,93807.0,93859.0,93918.0,93969.0,94042.0,94098.0,94152.0,,,,,,,,,94747.0,94800.0,94844.0,94902.0,94951.0,95027.0,95085.0,95133.0,95189.0,95266.0,95334.0,95380.0,95433.0,95494.0,95538.0,95593.0,95642.0,95725.0,95778.0,95824.0,95871.0,95927.0,95964.0,96007.0,96039.0,96080.0,96134.0,96178.0,96237.0,96276.0,96326.0,96369.0,96433.0,96474.0,96512.0,96554.0,96586.0,96634.0,96682.0,96732.0,96781.0,96823.0,96869.0,96912.0,96977.0,97023.0,97076.0,97128.0,97175.0,97212.0,97244.0,97289.0,97330.0,97361.0,97392.0,97423.0,97459.0,97490.0,97514.0,97563.0,97608.0,97645.0,97668.0,97695.0,97716.0,97738.0,97779.0,97820.0,97846.0,97862.0,97884.0,97909.0,97939.0,97966.0,98005.0,98052.0,98109.0,98172.0,98204.0,98244.0,98286.0,98328.0,98374.0,98413.0,98448.0,98483.0,98511.0,98557.0,98592.0,98633.0,98671.0,98709.0,98736.0,98792.0,98835.0,98883.0,98944.0,98999.0,99050.0,99082.0,99119.0,99155.0,99191.0,99250.0,99291.0,99333.0,99346.0,99378.0,99423.0,99458.0,99502.0,99538.0,99576.0,99613.0,99659.0,99702.0,99746.0,99781.0,99833.0,99879.0,99913.0,,100006.0,100071.0,100112.0,100154.0,100186.0,100253.0,100290.0,100329.0,100380.0,100437.0,100492.0,100537.0,100570.0,100642.0,100687.0,100737.0,100788.0,100851.0,100905.0,100937.0,100977.0,101012.0,101055.0,101109.0,101154.0,101192.0,101212.0,101250.0,101280.0,101336.0,101387.0,101431.0,101479.0,101512.0,101559.0,101612.0,101652.0,101702.0,101753.0,101798.0,101837.0,101869.0,101927.0,101964.0,102020.0,102062.0,102094.0,102116.0,102170.0,102214.0,102276.0,102401.0,102464.0,102514.0,102563.0,102650.0,102713.0,102757.0,102810.0,102887.0,102938.0,102977.0,103008.0,103063.0,103125.0,103184.0,103241.0,103305.0,103369.0,103417.0,103483.0,103524.0,103583.0,103638.0,103695.0,103739.0,103807.0,103864.0,103917.0,103952.0,104011.0,104038.0,104070.0,104110.0,104143.0,104203.0,104248.0,104311.0,104345.0,104380.0,104432.0,104479.0,104527.0,104587.0,104646.0,104706.0,104747.0,104776.0,104825.0,104866.0,104896.0,104948.0,104985.0,105020.0,105067.0,105139.0,105195.0,105243.0,105288.0,105322.0,105363.0,105406.0,105442.0,105474
jo9ZdzMn2T0,143124.0,143173.0,143236.0,143284.0,143352.0,143427.0,143508.0,143574.0,143640.0,143703.0,143753.0,143829.0,143890.0,143942.0,144012.0,144068.0,144136.0,144221.0,144288.0,144357.0,144431.0,144486.0,144569.0,144660.0,144703.0,144769.0,144859.0,144914.0,144972.0,145041.0,145120.0,145193.0,145260.0,145327.0,145416.0,145482.0,145541.0,145611.0,145657.0,145721.0,145779.0,145858.0,145945.0,146019.0,146155.0,146297.0,146488.0,146740.0,146956.0,147258.0,147680.0,147997.0,148217.0,148524.0,148887.0,149197.0,149473.0,149884.0,150190.0,150465.0,150727.0,150989.0,151266.0,151552.0,151795.0,152097.0,152303.0,152596.0,152778.0,153044.0,153381.0,153688.0,153872.0,154066.0,154317.0,154583.0,154842.0,155092.0,155355.0,155666.0,155875.0,156125.0,156432.0,156803.0,157040.0,157345.0,157575.0,157762.0,158063.0,158289.0,158599.0,158882.0,159258.0,159567.0,159765.0,160003.0,160233.0,160490.0,160814.0,161097.0,161290.0,161477.0,161718.0,161948.0,162227.0,162521.0,162807.0,163043.0,163241.0,163501.0,163810.0,164054.0,164291.0,164539.0,164803.0,164978.0,165165.0,165406.0,165644.0,165956.0,166156.0,166330.0,166476.0,166633.0,166768.0,166906.0,167046.0,167213.0,167387.0,167524.0,167663.0,167833.0,168035.0,168259.0,,,,,,,,,170306.0,170470.0,170637.0,170850.0,171089.0,171299.0,171619.0,171814.0,172053.0,172346.0,172717.0,173062.0,173378.0,173725.0,174014.0,174286.0,174571.0,174862.0,175172.0,175489.0,175729.0,175913.0,176148.0,176388.0,176688.0,176940.0,177187.0,177511.0,177802.0,178016.0,178261.0,178471.0,178727.0,178972.0,179169.0,179328.0,179496.0,179703.0,179910.0,180143.0,180429.0,180707.0,180971.0,181171.0,181418.0,181664.0,181931.0,182198.0,182448.0,182673.0,182811.0,183034.0,183230.0,183443.0,183636.0,183829.0,183989.0,184150.0,184311.0,184537.0,184728.0,184874.0,185025.0,185206.0,185302.0,185502.0,185723.0,185904.0,186000.0,186142.0,186310.0,186410.0,186541.0,186744.0,186963.0,187204.0,187447.0,187642.0,187818.0,187970.0,188208.0,188435.0,188638.0,188906.0,189069.0,189236.0,189403.0,189639.0,189838.0,190025.0,190232.0,190405.0,190554.0,190725.0,190897.0,191090.0,191329.0,191582.0,191779.0,191920.0,192118.0,192415.0,192682.0,192926.0,193157.0,193353.0,193489.0,193667.0,193888.0,194079.0,194308.0,194588.0,194758.0,194943.0,195126.0,195312.0,195487.0,195688.0,195886.0,196060.0,196213.0,,196561.0,196774.0,196949.0,197158.0,197373.0,197556.0,197698.0,197918.0,198158.0,198336.0,198523.0,198681.0,198836.0,198974.0,199140.0,199308.0,199502.0,199722.0,199894.0,200015.0,200147.0,200305.0,200474.0,200649.0,200835.0,200989.0,201133.0,201301.0,201502.0,201683.0,201853.0,202061.0,202231.0,202379.0,202550.0,202787.0,202982.0,203150.0,203338.0,203475.0,203611.0,203765.0,203901.0,204071.0,204283.0,204552.0,204811.0,205002.0,205331.0,205646.0,205961.0,206307.0,206583.0,206892.0,207119.0,207388.0,207661.0,207889.0,208152.0,208438.0,208694.0,208870.0,209129.0,209340.0,209640.0,209954.0,210282.0,210683.0,210963.0,211324.0,211660.0,212085.0,212564.0,213000.0,213403.0,213705.0,214030.0,214429.0,214786.0,215087.0,215423.0,215734.0,215937.0,216149.0,216405.0,216607.0,216808.0,217007.0,217188.0,217303.0,217440.0,217638.0,217867.0,218123.0,218373.0,218573.0,218778.0,219026.0,219293.0,219524.0,219778.0,220061.0,220248.0,220425.0,220690.0,220963.0,221257.0,221499.0,221760.0,221985.0,222175.0,222445.0,222681.0,222962
7nRPHCeUnT4,902173.0,902203.0,902230.0,902285.0,902320.0,902359.0,902411.0,902450.0,902468.0,902509.0,902528.0,902572.0,902598.0,902665.0,902700.0,902729.0,902792.0,902823.0,902850.0,902890.0,902903.0,902952.0,902974.0,903031.0,903089.0,903137.0,903160.0,903200.0,903235.0,903257.0,903283.0,903316.0,903356.0,903401.0,903410.0,903445.0,903450.0,903492.0,903533.0,903577.0,903581.0,903616.0,903657.0,903987.0,904038.0,904069.0,904111.0,904131.0,904171.0,904210.0,904252.0,904296.0,904330.0,904349.0,904388.0,904436.0,904477.0,904564.0,904574.0,904628.0,904647.0,904688.0,904728.0,904787.0,904807.0,904855.0,904914.0,904978.0,905046.0,905128.0,905120.0,905143.0,905195.0,905231.0,905295.0,905356.0,905398.0,905454.0,905503.0,905542.0,905574.0,905625.0,905686.0,905756.0,905779.0,905826.0,905910.0,905982.0,905996.0,906119.0,906157.0,906212.0,906296.0,906369.0,906423.0,906473.0,906524.0,906600.0,906652.0,906667.0,906738.0,906781.0,906805.0,906862.0,906905.0,906977.0,907031.0,907098.0,907163.0,907250.0,907309.0,907322.0,907361.0,907409.0,907464.0,907471.0,907475.0,907497.0,907560.0,907587.0,907638.0,907647.0,907690.0,907734.0,907778.0,907776.0,907810.0,907845.0,907903.0,907911.0,907940.0,908015.0,908007.0,908044.0,,,,,,,,,908446.0,908472.0,908480.0,908575.0,908597.0,908663.0,908720.0,908744.0,908802.0,908826.0,908840.0,908860.0,908898.0,908931.0,908973.0,908990.0,908995.0,909023.0,909049.0,909068.0,909086.0,909121.0,909148.0,909208.0,909228.0,909274.0,909306.0,909324.0,909334.0,909392.0,909438.0,909489.0,909523.0,909547.0,909598.0,909616.0,909634.0,909636.0,909702.0,909733.0,909764.0,909803.0,909834.0,909859.0,909895.0,909897.0,909913.0,909941.0,910022.0,909994.0,910040.0,910062.0,910085.0,910133.0,910153.0,910159.0,910221.0,910251.0,910283.0,910344.0,910372.0,910417.0,910462.0,910510.0,910549.0,910578.0,910615.0,910653.0,910670.0,910715.0,910759.0,910835.0,910878.0,910950.0,910990.0,911036.0,911083.0,911108.0,911148.0,911166.0,911177.0,911199.0,911226.0,911256.0,911285.0,911308.0,911324.0,911353.0,911376.0,911393.0,911410.0,911431.0,911453.0,911473.0,911532.0,911527.0,911554.0,911586.0,911610.0,911645.0,911681.0,911729.0,911778.0,911825.0,911889.0,911939.0,911968.0,912020.0,912083.0,912123.0,912159.0,912211.0,912231.0,912270.0,912311.0,912372.0,912403.0,912448.0,912507.0,912549.0,912576.0,,912698.0,912736.0,912773.0,912831.0,912859.0,912923.0,912971.0,913016.0,913053.0,913109.0,913158.0,913204.0,913258.0,913299.0,913351.0,913407.0,913455.0,913505.0,913552.0,913629.0,913638.0,913742.0,913744.0,913832.0,913905.0,913932.0,913998.0,914035.0,914096.0,914122.0,914199.0,914254.0,914303.0,914322.0,914405.0,914438.0,914509.0,914569.0,914572.0,914647.0,914708.0,914714.0,914740.0,914730.0,914801.0,914812.0,914842.0,914864.0,914946.0,914983.0,915024.0,915068.0,915123.0,915166.0,915199.0,915252.0,915294.0,915377.0,915438.0,915424.0,915430.0,915451.0,915464.0,915480.0,915496.0,915519.0,915530.0,915553.0,915566.0,915582.0,915605.0,915656.0,915660.0,915707.0,915739.0,915776.0,915803.0,915798.0,915807.0,915849.0,915840.0,915852.0,915876.0,915898.0,915925.0,915937.0,915977.0,915969.0,916000.0,916026.0,916049.0,916064.0,916087.0,916113.0,916128.0,916138.0,916153.0,916162.0,916177.0,916193.0,916218.0,916236.0,916247.0,916268.0,916286.0,916297.0,916314.0,916332.0,916346.0,916353.0,916356.0,916368.0,916391.0,916432
YCmI403WsTs,84050.0,84159.0,84277.0,84344.0,84462.0,84551.0,84658.0,84764.0,84897.0,84984.0,85069.0,85151.0,85243.0,85318.0,85431.0,85555.0,85638.0,85714.0,85795.0,85876.0,85978.0,86086.0,86181.0,86258.0,86349.0,86416.0,86483.0,86550.0,86643.0,86730.0,86802.0,86858.0,86943.0,87013.0,87096.0,87170.0,87257.0,87328.0,87408.0,87478.0,87564.0,87660.0,87750.0,87812.0,87882.0,87963.0,88055.0,88149.0,88231.0,88309.0,88398.0,88478.0,88547.0,88625.0,88695.0,88764.0,88827.0,88910.0,88985.0,89027.0,89100.0,89155.0,89214.0,89273.0,89353.0,89421.0,89471.0,89542.0,89618.0,89696.0,89770.0,89807.0,89864.0,89912.0,89960.0,90015.0,90080.0,90123.0,90175.0,90234.0,90278.0,90326.0,90373.0,90437.0,90503.0,90555.0,90607.0,90645.0,90707.0,90762.0,90824.0,90900.0,90958.0,91036.0,91097.0,91158.0,91212.0,91270.0,91325.0,91385.0,91459.0,91503.0,91552.0,91592.0,91655.0,91722.0,91786.0,91838.0,91902.0,91958.0,92020.0,92082.0,92152.0,92242.0,92295.0,92325.0,92377.0,92437.0,92498.0,92547.0,92619.0,92700.0,92800.0,92850.0,92901.0,92961.0,93016.0,93077.0,93128.0,93167.0,93223.0,93284.0,93329.0,93390.0,,,,,,,,,93965.0,94027.0,94088.0,94138.0,94201.0,94263.0,94337.0,94405.0,94467.0,94555.0,94612.0,94695.0,94772.0,94845.0,94931.0,94995.0,95059.0,95119.0,95196.0,95272.0,95349.0,95408.0,95455.0,95511.0,95574.0,95671.0,95747.0,95833.0,95888.0,95944.0,96010.0,96063.0,96129.0,96189.0,96268.0,96324.0,96362.0,96420.0,96471.0,96524.0,96582.0,96644.0,96684.0,96729.0,96780.0,96841.0,96904.0,96953.0,96998.0,97034.0,97062.0,97101.0,97141.0,97181.0,97224.0,97263.0,97320.0,97361.0,97398.0,97436.0,97479.0,97511.0,97546.0,97576.0,97620.0,97668.0,97718.0,97773.0,97806.0,97859.0,97926.0,97956.0,98004.0,98043.0,98083.0,98133.0,98202.0,98256.0,98296.0,98350.0,98400.0,98446.0,98505.0,98578.0,98646.0,98692.0,98736.0,98787.0,98835.0,98891.0,98960.0,99009.0,99070.0,99123.0,99176.0,99222.0,99293.0,99359.0,99407.0,99454.0,99501.0,99545.0,99590.0,99637.0,99685.0,99730.0,99771.0,99811.0,99853.0,99908.0,99955.0,100015.0,100059.0,100107.0,100142.0,100179.0,100211.0,100264.0,100325.0,100368.0,100419.0,,100527.0,100587.0,100646.0,100705.0,100746.0,100796.0,100849.0,100907.0,100962.0,101018.0,101072.0,101112.0,101173.0,101220.0,101266.0,101311.0,101362.0,101418.0,101475.0,101526.0,101574.0,101649.0,101701.0,101753.0,101806.0,101848.0,101883.0,101923.0,101983.0,102058.0,102105.0,102155.0,102210.0,102245.0,102308.0,102372.0,102417.0,102473.0,102537.0,102583.0,102631.0,102669.0,102720.0,102773.0,102824.0,102867.0,102940.0,102996.0,103054.0,103116.0,103175.0,103246.0,103296.0,103352.0,103393.0,103435.0,103491.0,103527.0,103587.0,103623.0,103669.0,103695.0,103728.0,103765.0,103823.0,103892.0,103971.0,104042.0,104098.0,104164.0,104213.0,104259.0,104311.0,104375.0,104436.0,104481.0,104530.0,104600.0,104667.0,104728.0,104780.0,104828.0,104869.0,104905.0,104950.0,104989.0,105025.0,105067.0,105108.0,105149.0,105187.0,105223.0,105276.0,105326.0,105374.0,105421.0,105458.0,105488.0,105527.0,105567.0,105598.0,105637.0,105676.0,105710.0,105756.0,105801.0,105853.0,105916.0,105964.0,106007.0,106037.0,106082.0,106120.0,106168
2qG9JlYf310,12936.0,12938.0,12939.0,12944.0,12945.0,12950.0,12951.0,12953.0,12956.0,12960.0,12964.0,12968.0,12969.0,12970.0,12972.0,12976.0,12981.0,12983.0,12984.0,12986.0,12990.0,12992.0,12994.0,12995.0,12998.0,13000.0,13002.0,13003.0,13006.0,13006.0,13009.0,13010.0,13012.0,13013.0,13019.0,13021.0,13024.0,13027.0,13032.0,13032.0,13037.0,13042.0,13046.0,13049.0,13052.0,13053.0,13061.0,13062.0,13064.0,13066.0,13069.0,13074.0,13077.0,13077.0,13082.0,13084.0,13088.0,13090.0,13093.0,13094.0,13097.0,13099.0,13101.0,13103.0,13103.0,13110.0,13111.0,13115.0,13121.0,13125.0,13128.0,13129.0,13131.0,13132.0,13135.0,13137.0,13138.0,13140.0,13142.0,13143.0,13146.0,13152.0,13155.0,13159.0,13164.0,13166.0,13168.0,13172.0,13180.0,13184.0,13190.0,13203.0,13227.0,13235.0,13237.0,13239.0,13240.0,13244.0,13251.0,13254.0,13260.0,13263.0,13265.0,13269.0,13272.0,13274.0,13278.0,13282.0,13285.0,13288.0,13298.0,13314.0,13324.0,13333.0,13345.0,13346.0,13354.0,13362.0,13367.0,13373.0,13378.0,13395.0,13410.0,13418.0,13423.0,13428.0,13436.0,13437.0,13448.0,13454.0,13457.0,13458.0,13463.0,13469.0,,,,,,,,,13565.0,13571.0,13577.0,13581.0,13591.0,13602.0,13611.0,13634.0,13647.0,13659.0,13669.0,13679.0,13688.0,13697.0,13710.0,13713.0,13719.0,13725.0,13737.0,13744.0,13748.0,13752.0,13757.0,13759.0,13762.0,13772.0,13776.0,13778.0,13789.0,13794.0,13796.0,13803.0,13811.0,13818.0,13823.0,13833.0,13840.0,13848.0,13851.0,13856.0,13860.0,13866.0,13877.0,13882.0,13887.0,13892.0,13897.0,13901.0,13909.0,13915.0,13918.0,13922.0,13923.0,13927.0,13929.0,13939.0,13948.0,13952.0,13955.0,13959.0,13962.0,13964.0,13968.0,13971.0,13976.0,13982.0,13987.0,13993.0,14000.0,14006.0,14011.0,14013.0,14019.0,14024.0,14028.0,14033.0,14038.0,14041.0,14047.0,14052.0,14056.0,14058.0,14065.0,14073.0,14077.0,14080.0,14088.0,14091.0,14096.0,14098.0,14097.0,14105.0,14107.0,14108.0,14112.0,14119.0,14119.0,14123.0,14125.0,14132.0,14134.0,14138.0,14139.0,14144.0,14145.0,14147.0,14151.0,14153.0,14155.0,14159.0,14163.0,14166.0,14169.0,14172.0,14174.0,14177.0,14180.0,14185.0,14187.0,14191.0,14193.0,,14197.0,14201.0,14204.0,14207.0,14207.0,14212.0,14216.0,14216.0,14216.0,14219.0,14227.0,14230.0,14236.0,14240.0,14245.0,14251.0,14255.0,14262.0,14268.0,14275.0,14281.0,14283.0,14287.0,14290.0,14296.0,14299.0,14303.0,14305.0,14310.0,14312.0,14313.0,14315.0,14320.0,14324.0,14328.0,14331.0,14333.0,14335.0,14339.0,14342.0,14345.0,14347.0,14350.0,14358.0,14359.0,14362.0,14366.0,14373.0,14379.0,14382.0,14382.0,14386.0,14387.0,14390.0,14391.0,14391.0,14395.0,14396.0,14397.0,14398.0,14401.0,14406.0,14408.0,14411.0,14419.0,14421.0,14422.0,14428.0,14431.0,14435.0,14437.0,14440.0,14442.0,14442.0,14442.0,14443.0,14444.0,14446.0,14451.0,14453.0,14453.0,14455.0,14456.0,14458.0,14458.0,14460.0,14466.0,14466.0,14470.0,14470.0,14476.0,14478.0,14479.0,14486.0,14492.0,14497.0,14497.0,14501.0,14502.0,14505.0,14506.0,14511.0,14512.0,14514.0,14516.0,14517.0,14522.0,14523.0,14525.0,14526.0,14531.0,14533.0,14536.0,14539
8pN5IFwVp2M,29697.0,29703.0,29722.0,29731.0,29743.0,29759.0,29775.0,29787.0,29803.0,29839.0,29857.0,29877.0,29902.0,29928.0,29956.0,29984.0,30001.0,30023.0,30040.0,30057.0,30068.0,30082.0,30097.0,30111.0,30117.0,30120.0,30124.0,30132.0,30142.0,30150.0,30159.0,30168.0,30178.0,30179.0,30186.0,30192.0,30197.0,30200.0,30201.0,30205.0,30207.0,30216.0,30219.0,30219.0,30225.0,30228.0,30230.0,30238.0,30241.0,30245.0,30248.0,30251.0,30253.0,30257.0,30263.0,30271.0,30277.0,30281.0,30288.0,30293.0,30297.0,30304.0,30310.0,30318.0,30319.0,30327.0,30331.0,30332.0,30334.0,30339.0,30342.0,30344.0,30347.0,30351.0,30354.0,30357.0,30362.0,30368.0,30372.0,30374.0,30376.0,30380.0,30382.0,30385.0,30387.0,30390.0,30395.0,30396.0,30401.0,30403.0,30406.0,30408.0,30412.0,30416.0,30420.0,30425.0,30429.0,30430.0,30434.0,30491.0,30494.0,30496.0,30502.0,30505.0,30507.0,30509.0,30512.0,30517.0,30519.0,30521.0,30526.0,30528.0,30530.0,30535.0,30544.0,30548.0,30551.0,30553.0,30555.0,30559.0,30568.0,30572.0,30578.0,30580.0,30585.0,30588.0,30593.0,30600.0,30602.0,30605.0,30606.0,30608.0,30610.0,30611.0,,,,,,,,,30660.0,30665.0,30667.0,30676.0,30679.0,30688.0,30692.0,30695.0,30698.0,30699.0,30702.0,30705.0,30706.0,30708.0,30712.0,30715.0,30725.0,30726.0,30727.0,30735.0,30743.0,30751.0,30756.0,30759.0,30766.0,30774.0,30784.0,30788.0,30794.0,30797.0,30805.0,30813.0,30816.0,30821.0,30825.0,30830.0,30835.0,30841.0,30843.0,30847.0,30850.0,30852.0,30852.0,30853.0,30853.0,30855.0,30857.0,30860.0,30862.0,30865.0,30867.0,30870.0,30874.0,30878.0,30882.0,30889.0,30892.0,30895.0,30901.0,30903.0,30905.0,30909.0,30914.0,30916.0,30918.0,30922.0,30924.0,30927.0,30930.0,30931.0,30933.0,30938.0,30940.0,30942.0,30945.0,30946.0,30948.0,30951.0,30957.0,30958.0,30961.0,30962.0,30967.0,30969.0,30973.0,30975.0,30977.0,30979.0,30979.0,30983.0,30988.0,30991.0,30996.0,30998.0,31002.0,31004.0,31008.0,31011.0,31013.0,31018.0,31020.0,31021.0,31025.0,31027.0,31032.0,31033.0,31035.0,31036.0,31038.0,31039.0,31041.0,31041.0,31044.0,31047.0,31054.0,31055.0,31057.0,31058.0,31063.0,31065.0,31072.0,,31076.0,31079.0,31081.0,31085.0,31089.0,31092.0,31097.0,31097.0,31101.0,31104.0,31105.0,31111.0,31114.0,31119.0,31120.0,31121.0,31121.0,31125.0,31128.0,31130.0,31133.0,31133.0,31133.0,31135.0,31135.0,31135.0,31140.0,31144.0,31145.0,31146.0,31148.0,31153.0,31157.0,31159.0,31163.0,31164.0,31164.0,31166.0,31169.0,31172.0,31173.0,31174.0,31174.0,31177.0,31178.0,31183.0,31188.0,31191.0,31193.0,31193.0,31196.0,31199.0,31202.0,31202.0,31205.0,31206.0,31207.0,31208.0,31208.0,31210.0,31212.0,31213.0,31215.0,31217.0,31217.0,31221.0,31223.0,31226.0,31230.0,31232.0,31237.0,31238.0,31240.0,31242.0,31242.0,31245.0,31247.0,31252.0,31256.0,31257.0,31262.0,31264.0,31264.0,31267.0,31272.0,31277.0,31279.0,31282.0,31283.0,31284.0,31287.0,31289.0,31293.0,31299.0,31301.0,31301.0,31302.0,31303.0,31306.0,31307.0,31311.0,31312.0,31315.0,31320.0,31319.0,31322.0,31326.0,31327.0,31332.0,31337.0,31340.0,31348.0,31351.0,31353
jhcZ_d0q1Ts,31249.0,31328.0,31392.0,31446.0,31547.0,31703.0,31804.0,31902.0,32079.0,32343.0,32519.0,32673.0,32841.0,32985.0,33112.0,33265.0,33405.0,33548.0,33631.0,33744.0,33834.0,33950.0,34017.0,34087.0,34156.0,34235.0,34285.0,34351.0,34397.0,34477.0,34523.0,34570.0,34630.0,34672.0,34712.0,34771.0,34824.0,34868.0,34917.0,34962.0,35010.0,35063.0,35122.0,35165.0,35210.0,35244.0,35279.0,35318.0,35365.0,35382.0,35418.0,35444.0,35470.0,35490.0,35518.0,35548.0,35590.0,35625.0,35666.0,35693.0,35719.0,35753.0,35779.0,35808.0,35832.0,35855.0,35886.0,35904.0,35932.0,36019.0,36062.0,36097.0,36142.0,36188.0,36220.0,36248.0,36277.0,36315.0,36341.0,36372.0,36394.0,36427.0,36446.0,36481.0,36514.0,36601.0,36656.0,36698.0,36740.0,36791.0,36844.0,36898.0,36948.0,37018.0,37075.0,37139.0,37173.0,37209.0,37254.0,37280.0,37323.0,37355.0,37391.0,37414.0,37452.0,37477.0,37508.0,37548.0,37579.0,37608.0,37626.0,37644.0,37672.0,37748.0,37791.0,37822.0,37856.0,37896.0,37931.0,38053.0,38192.0,38274.0,38348.0,38399.0,38438.0,38474.0,38514.0,38551.0,38583.0,38607.0,38643.0,38686.0,38712.0,38743.0,,,,,,,,,39378.0,39472.0,39522.0,39600.0,39676.0,39747.0,39848.0,39914.0,40004.0,40055.0,40133.0,40187.0,40232.0,40276.0,40317.0,40355.0,40412.0,40462.0,40520.0,40572.0,40700.0,40865.0,41013.0,41181.0,41288.0,41392.0,41484.0,41578.0,41683.0,41769.0,41851.0,41972.0,42091.0,42183.0,42281.0,42350.0,42453.0,42509.0,42560.0,42613.0,42645.0,42683.0,42718.0,42752.0,42789.0,42826.0,42856.0,42883.0,42955.0,43027.0,43107.0,43193.0,43270.0,43356.0,43436.0,43572.0,43665.0,43796.0,43930.0,43999.0,44116.0,44214.0,44290.0,44344.0,44374.0,44415.0,44445.0,44477.0,44511.0,44536.0,44553.0,44579.0,44595.0,44622.0,44646.0,44678.0,44706.0,44724.0,44756.0,44777.0,44811.0,44840.0,44859.0,44897.0,44919.0,44939.0,44954.0,44979.0,45000.0,45019.0,45049.0,45058.0,45080.0,45131.0,45163.0,45192.0,45220.0,45245.0,45263.0,45288.0,45306.0,45325.0,45346.0,45368.0,45399.0,45430.0,45456.0,45476.0,45507.0,45533.0,45554.0,45585.0,45612.0,45631.0,45656.0,45683.0,45711.0,45735.0,45757.0,45789.0,45827.0,,45881.0,45903.0,45933.0,45960.0,45990.0,46038.0,46098.0,46128.0,46156.0,46191.0,46204.0,46221.0,46243.0,46269.0,46295.0,46313.0,46338.0,46355.0,46382.0,46410.0,46443.0,46461.0,46474.0,46499.0,46514.0,46542.0,46571.0,46588.0,46614.0,46634.0,46657.0,46684.0,46700.0,46726.0,46745.0,46765.0,46784.0,46806.0,46824.0,46858.0,46873.0,46887.0,46904.0,46921.0,46945.0,46973.0,46999.0,47013.0,47036.0,47052.0,47068.0,47087.0,47097.0,47113.0,47130.0,47143.0,47159.0,47180.0,47193.0,47211.0,47226.0,47242.0,47267.0,47285.0,47307.0,47331.0,47350.0,47370.0,47390.0,47406.0,47428.0,47441.0,47460.0,47481.0,47492.0,47504.0,47522.0,47541.0,47554.0,47574.0,47596.0,47611.0,47639.0,47666.0,47679.0,47703.0,47732.0,47761.0,47784.0,47812.0,47828.0,47857.0,47881.0,47940.0,47991.0,48074.0,48186.0,48240.0,48295.0,48332.0,48361.0,48386.0,48409.0,48430.0,48451.0,48475.0,48495.0,48530.0,48585.0,48634.0,48698.0,48751.0,48804.0,48895
zgRCCUc9VcY,2339.0,2341.0,2342.0,2344.0,2345.0,2345.0,2346.0,2346.0,2346.0,2347.0,2349.0,2351.0,2351.0,2353.0,2353.0,2355.0,2356.0,2358.0,2360.0,2361.0,2361.0,2365.0,2366.0,2366.0,2367.0,2367.0,2367.0,2368.0,2368.0,2368.0,2368.0,2368.0,2368.0,2368.0,2369.0,2370.0,2370.0,2370.0,2370.0,2370.0,2370.0,2371.0,2371.0,2371.0,2373.0,2376.0,2379.0,2379.0,2379.0,2380.0,2380.0,2380.0,2380.0,2383.0,2385.0,2390.0,2397.0,2400.0,2401.0,2403.0,2404.0,2405.0,2405.0,2405.0,2405.0,2406.0,2406.0,2406.0,2406.0,2407.0,2407.0,2407.0,2407.0,2407.0,2408.0,2408.0,2408.0,2408.0,2408.0,2410.0,2411.0,2412.0,2414.0,2417.0,2417.0,2418.0,2418.0,2418.0,2418.0,2419.0,2419.0,2419.0,2420.0,2420.0,2421.0,2422.0,2422.0,2422.0,2422.0,2422.0,2424.0,2424.0,2424.0,2425.0,2426.0,2429.0,2431.0,2433.0,2436.0,2436.0,2437.0,2437.0,2437.0,2439.0,2440.0,2441.0,2442.0,2442.0,2442.0,2443.0,2444.0,2445.0,2447.0,2449.0,2452.0,2452.0,2452.0,2452.0,2453.0,2454.0,2455.0,2455.0,2456.0,2457.0,,,,,,,,,2466.0,2467.0,2467.0,2469.0,2471.0,2474.0,2475.0,2476.0,2476.0,2477.0,2477.0,2478.0,2478.0,2478.0,2479.0,2479.0,2479.0,2479.0,2479.0,2479.0,2481.0,2483.0,2484.0,2489.0,2490.0,2491.0,2492.0,2492.0,2492.0,2492.0,2492.0,2492.0,2492.0,2495.0,2499.0,2499.0,2499.0,2499.0,2499.0,2500.0,2501.0,2500.0,2502.0,2502.0,2503.0,2503.0,2503.0,2504.0,2504.0,2504.0,2504.0,2504.0,2504.0,2504.0,2504.0,2504.0,2504.0,2504.0,2504.0,2507.0,2507.0,2507.0,2507.0,2508.0,2508.0,2508.0,2508.0,2508.0,2508.0,2508.0,2508.0,2508.0,2510.0,2510.0,2510.0,2510.0,2510.0,2510.0,2510.0,2510.0,2510.0,2510.0,2510.0,2510.0,2510.0,2510.0,2510.0,2512.0,2512.0,2513.0,2513.0,2513.0,2514.0,2514.0,2514.0,2514.0,2515.0,2515.0,2516.0,2516.0,2516.0,2517.0,2517.0,2517.0,2517.0,2517.0,2517.0,2517.0,2518.0,2518.0,2518.0,2518.0,2518.0,2519.0,2519.0,2519.0,2519.0,2519.0,2519.0,2519.0,2519.0,,2519.0,2519.0,2519.0,2519.0,2519.0,2519.0,2519.0,2519.0,2519.0,2519.0,2519.0,2519.0,2519.0,2519.0,2519.0,2519.0,2519.0,2519.0,2519.0,2520.0,2520.0,2520.0,2520.0,2520.0,2520.0,2520.0,2520.0,2520.0,2520.0,2520.0,2520.0,2520.0,2520.0,2520.0,2520.0,2520.0,2520.0,2520.0,2520.0,2520.0,2520.0,2520.0,2520.0,2520.0,2520.0,2520.0,2520.0,2520.0,2520.0,2520.0,2520.0,2523.0,2523.0,2523.0,2524.0,2524.0,2524.0,2524.0,2524.0,2524.0,2524.0,2524.0,2525.0,2525.0,2525.0,2525.0,2525.0,2526.0,2526.0,2527.0,2527.0,2528.0,2528.0,2529.0,2529.0,2529.0,2529.0,2529.0,2529.0,2530.0,2530.0,2530.0,2531.0,2532.0,2532.0,2534.0,2534.0,2535.0,2535.0,2535.0,2535.0,2535.0,2535.0,2535.0,2535.0,2535.0,2536.0,2536.0,2536.0,2536.0,2536.0,2536.0,2536.0,2536.0,2536.0,2537.0,2538.0,2539.0,2539.0,2539.0,2539.0,2540.0,2540.0,2540
CFoYWyWtGJo,3410.0,3410.0,3410.0,3410.0,3410.0,3412.0,3413.0,3413.0,3413.0,3413.0,3413.0,3413.0,3413.0,3413.0,3413.0,3414.0,3414.0,3414.0,3414.0,3414.0,3414.0,3415.0,3416.0,3416.0,3416.0,3416.0,3417.0,3417.0,3417.0,3417.0,3417.0,3418.0,3418.0,3419.0,3420.0,3420.0,3420.0,3421.0,3421.0,3421.0,3420.0,3420.0,3421.0,3421.0,3421.0,3421.0,3423.0,3423.0,3423.0,3423.0,3423.0,3424.0,3424.0,3424.0,3424.0,3424.0,3425.0,3426.0,3426.0,3427.0,3430.0,3431.0,3431.0,3432.0,3432.0,3432.0,3433.0,3433.0,3433.0,3434.0,3434.0,3434.0,3434.0,3434.0,3434.0,3435.0,3435.0,3437.0,3436.0,3437.0,3437.0,3437.0,3437.0,3437.0,3437.0,3437.0,3437.0,3437.0,3437.0,3437.0,3437.0,3438.0,3439.0,3439.0,3439.0,3439.0,3439.0,3439.0,3439.0,3440.0,3440.0,3440.0,3440.0,3440.0,3440.0,3440.0,3440.0,3441.0,3441.0,3441.0,3441.0,3441.0,3441.0,3441.0,3441.0,3441.0,3443.0,3443.0,3443.0,3443.0,3445.0,3445.0,3445.0,3445.0,3448.0,3448.0,3448.0,3448.0,3448.0,3448.0,3448.0,3448.0,3448.0,3448.0,,,,,,,,,3466.0,3466.0,3466.0,3466.0,3466.0,3466.0,3467.0,3468.0,3468.0,3468.0,3468.0,3468.0,3468.0,3469.0,3470.0,3470.0,3472.0,3471.0,3472.0,3472.0,3472.0,3472.0,3472.0,3473.0,3474.0,3474.0,3474.0,3474.0,3474.0,3474.0,3474.0,3474.0,3475.0,3475.0,3475.0,3475.0,3476.0,3476.0,3476.0,3478.0,3478.0,3478.0,3478.0,3478.0,3479.0,3479.0,3479.0,3479.0,3479.0,3479.0,3479.0,3479.0,3479.0,3479.0,3479.0,3479.0,3479.0,3479.0,3479.0,3479.0,3479.0,3480.0,3480.0,3480.0,3480.0,3480.0,3480.0,3480.0,3480.0,3480.0,3480.0,3481.0,3481.0,3481.0,3481.0,3481.0,3482.0,3483.0,3483.0,3483.0,3483.0,3483.0,3483.0,3483.0,3483.0,3483.0,3483.0,3483.0,3483.0,3483.0,3483.0,3484.0,3485.0,3485.0,3485.0,3485.0,3486.0,3486.0,3486.0,3486.0,3486.0,3486.0,3490.0,3487.0,3487.0,3487.0,3487.0,3487.0,3487.0,3487.0,3487.0,3487.0,3487.0,3487.0,3487.0,3487.0,3487.0,3487.0,3487.0,3487.0,3487.0,,3488.0,3488.0,3488.0,3488.0,3490.0,3491.0,3491.0,3491.0,3492.0,3495.0,3495.0,3495.0,3495.0,3495.0,3501.0,3502.0,3502.0,3502.0,3510.0,3511.0,3511.0,3511.0,3511.0,3511.0,3511.0,3511.0,3511.0,3512.0,3512.0,3512.0,3512.0,3512.0,3513.0,3513.0,3513.0,3513.0,3513.0,3513.0,3513.0,3513.0,3515.0,3515.0,3515.0,3515.0,3515.0,3515.0,3515.0,3515.0,3515.0,3515.0,3515.0,3515.0,3515.0,3515.0,3515.0,3515.0,3515.0,3515.0,3516.0,3516.0,3516.0,3516.0,3516.0,3517.0,3518.0,3520.0,3521.0,3522.0,3522.0,3522.0,3522.0,3523.0,3523.0,3524.0,3524.0,3524.0,3524.0,3524.0,3524.0,3524.0,3524.0,3526.0,3526.0,3528.0,3528.0,3529.0,3529.0,3529.0,3530.0,3530.0,3530.0,3530.0,3530.0,3531.0,3531.0,3531.0,3531.0,3531.0,3531.0,3531.0,3532.0,3532.0,3533.0,3533.0,3533.0,3533.0,3533.0,3533.0,3533.0,3533.0,3533.0,3533.0,3533.0,3533
A8AQ6yfUYlE,1661.0,1661.0,1675.0,1678.0,1684.0,1686.0,1689.0,1692.0,1695.0,1696.0,1695.0,1696.0,1697.0,1699.0,1700.0,1704.0,1706.0,1707.0,1708.0,1709.0,1713.0,1714.0,1716.0,1719.0,1721.0,1721.0,1721.0,1722.0,1724.0,1724.0,1724.0,1724.0,1724.0,1725.0,1726.0,1726.0,1728.0,1728.0,1728.0,1728.0,1728.0,1730.0,1732.0,1732.0,1732.0,1732.0,1732.0,1733.0,1733.0,1733.0,1733.0,1733.0,1733.0,1733.0,1733.0,1748.0,1747.0,1750.0,1750.0,1751.0,1750.0,1759.0,1757.0,1760.0,1764.0,1765.0,1765.0,1765.0,1765.0,1766.0,1768.0,1769.0,1770.0,1770.0,1770.0,1770.0,1771.0,1773.0,1775.0,1776.0,1778.0,1778.0,1778.0,1778.0,1778.0,1778.0,1779.0,1779.0,1780.0,1780.0,1780.0,1780.0,1780.0,1780.0,1781.0,1782.0,1786.0,1786.0,1788.0,1788.0,1788.0,1789.0,1789.0,1790.0,1791.0,1791.0,1794.0,1795.0,1795.0,1795.0,1798.0,1798.0,1799.0,1801.0,1801.0,1801.0,1803.0,1803.0,1804.0,1805.0,1806.0,1808.0,1809.0,1809.0,1809.0,1809.0,1810.0,1810.0,1810.0,1810.0,1810.0,1810.0,1810.0,1810.0,,,,,,,,,1815.0,1815.0,1816.0,1816.0,1816.0,1816.0,1816.0,1818.0,1822.0,1823.0,1824.0,1825.0,1825.0,1825.0,1825.0,1825.0,1825.0,1825.0,1826.0,1826.0,1826.0,1827.0,1827.0,1827.0,1828.0,1828.0,1828.0,1828.0,1828.0,1828.0,1829.0,1831.0,1832.0,1832.0,1833.0,1834.0,1834.0,1834.0,1834.0,1834.0,1836.0,1834.0,1836.0,1837.0,1838.0,1840.0,1841.0,1842.0,1845.0,1846.0,1847.0,1847.0,1847.0,1849.0,1851.0,1852.0,1853.0,1854.0,1856.0,1857.0,1857.0,1858.0,1859.0,1861.0,1861.0,1862.0,1864.0,1864.0,1865.0,1865.0,1866.0,1866.0,1868.0,1869.0,1870.0,1870.0,1870.0,1872.0,1872.0,1874.0,1874.0,1874.0,1874.0,1875.0,1875.0,1881.0,1884.0,1885.0,1884.0,1884.0,1884.0,1885.0,1885.0,1885.0,1885.0,1885.0,1885.0,1885.0,1886.0,1887.0,1888.0,1891.0,1892.0,1892.0,1894.0,1895.0,1896.0,1896.0,1896.0,1896.0,1897.0,1897.0,1899.0,1899.0,1899.0,1901.0,1904.0,1905.0,1906.0,1907.0,1909.0,,1910.0,1913.0,1914.0,1916.0,1918.0,1921.0,1924.0,1924.0,1924.0,1925.0,1926.0,1928.0,1929.0,1929.0,1931.0,1931.0,1931.0,1931.0,1931.0,1931.0,1931.0,1931.0,1931.0,1932.0,1932.0,1932.0,1932.0,1932.0,1934.0,1934.0,1934.0,1936.0,1937.0,1938.0,1938.0,1938.0,1938.0,1938.0,1938.0,1941.0,1942.0,1942.0,1942.0,1942.0,1942.0,1943.0,1943.0,1945.0,1945.0,1946.0,1947.0,1948.0,1948.0,1950.0,1952.0,1952.0,1952.0,1952.0,1953.0,1953.0,1953.0,1953.0,1954.0,1954.0,1955.0,1955.0,1957.0,1959.0,1960.0,1963.0,1964.0,1964.0,1965.0,1966.0,1968.0,1968.0,1970.0,1970.0,1970.0,1972.0,1972.0,1973.0,1974.0,1974.0,1974.0,1979.0,1979.0,1981.0,1982.0,1984.0,1984.0,1984.0,1985.0,1985.0,1988.0,1990.0,1991.0,1993.0,1993.0,1995.0,1995.0,1996.0,1998.0,1999.0,2001.0,2003.0,2003.0,2004.0,2005.0,2006.0,2007.0,2007.0,2007.0,2007
-QOYLjxhOCk,4619.0,4619.0,4619.0,4619.0,4619.0,4619.0,4619.0,4619.0,4619.0,4619.0,4619.0,4619.0,4619.0,4619.0,4619.0,4620.0,4620.0,4620.0,4621.0,4621.0,4621.0,4622.0,4623.0,4623.0,4623.0,4624.0,4625.0,4625.0,4625.0,4625.0,4625.0,4625.0,4625.0,4625.0,4625.0,4625.0,4626.0,4626.0,4626.0,4626.0,4626.0,4627.0,4627.0,4628.0,4629.0,4629.0,4630.0,4630.0,4629.0,4630.0,4630.0,4630.0,4630.0,4630.0,4630.0,4630.0,4632.0,4632.0,4632.0,4632.0,4632.0,4632.0,4632.0,4633.0,4633.0,4633.0,4634.0,4634.0,4634.0,4635.0,4635.0,4638.0,4638.0,4638.0,4638.0,4638.0,4638.0,4638.0,4638.0,4638.0,4638.0,4638.0,4638.0,4638.0,4638.0,4638.0,4638.0,4638.0,4638.0,4638.0,4638.0,4638.0,4638.0,4639.0,4639.0,4639.0,4639.0,4639.0,4639.0,4639.0,4639.0,4639.0,4639.0,4639.0,4639.0,4639.0,4639.0,4639.0,4639.0,4639.0,4639.0,4640.0,4640.0,4640.0,4642.0,4642.0,4642.0,4643.0,4643.0,4643.0,4643.0,4643.0,4643.0,4643.0,4643.0,4644.0,4644.0,4644.0,4644.0,4644.0,4644.0,4645.0,4645.0,4645.0,,,,,,,,,4646.0,4646.0,4646.0,4646.0,4647.0,4647.0,4648.0,4648.0,4648.0,4649.0,4649.0,4649.0,4649.0,4649.0,4649.0,4649.0,4649.0,4649.0,4649.0,4650.0,4650.0,4650.0,4650.0,4650.0,4651.0,4651.0,4651.0,4651.0,4651.0,4651.0,4652.0,4653.0,4654.0,4654.0,4654.0,4654.0,4654.0,4654.0,4655.0,4655.0,4655.0,4655.0,4655.0,4656.0,4656.0,4657.0,4657.0,4658.0,4658.0,4658.0,4658.0,4658.0,4658.0,4659.0,4659.0,4660.0,4660.0,4661.0,4661.0,4661.0,4662.0,4662.0,4663.0,4664.0,4665.0,4665.0,4665.0,4666.0,4668.0,4668.0,4670.0,4672.0,4672.0,4672.0,4672.0,4672.0,4672.0,4672.0,4672.0,4672.0,4672.0,4672.0,4672.0,4672.0,4672.0,4672.0,4672.0,4672.0,4672.0,4672.0,4673.0,4673.0,4673.0,4673.0,4674.0,4675.0,4676.0,4677.0,4677.0,4678.0,4679.0,4680.0,4681.0,4681.0,4682.0,4682.0,4682.0,4683.0,4683.0,4683.0,4683.0,4683.0,4683.0,4683.0,4683.0,4685.0,4683.0,4683.0,4683.0,4683.0,4684.0,,4684.0,4684.0,4684.0,4684.0,4685.0,4685.0,4685.0,4685.0,4685.0,4685.0,4685.0,4685.0,4685.0,4685.0,4685.0,4685.0,4685.0,4685.0,4685.0,4685.0,4685.0,4685.0,4685.0,4685.0,4685.0,4685.0,4685.0,4685.0,4687.0,4689.0,4689.0,4689.0,4689.0,4689.0,4689.0,4689.0,4690.0,4691.0,4691.0,4693.0,4695.0,4695.0,4695.0,4695.0,4695.0,4695.0,4695.0,4695.0,4695.0,4695.0,4695.0,4695.0,4695.0,4695.0,4695.0,4695.0,4695.0,4695.0,4695.0,4695.0,4695.0,4695.0,4695.0,4695.0,4695.0,4695.0,4695.0,4695.0,4695.0,4695.0,4696.0,4697.0,4697.0,4697.0,4697.0,4697.0,4697.0,4697.0,4697.0,4697.0,4697.0,4697.0,4697.0,4698.0,4698.0,4698.0,4699.0,4699.0,4700.0,4700.0,4699.0,4699.0,4699.0,4699.0,4700.0,4700.0,4700.0,4701.0,4701.0,4701.0,4701.0,4701.0,4701.0,4701.0,4701.0,4701.0,4701.0,4701.0,4701.0,4701.0,4701.0,4702.0,4702.0,4702
J0brSaTo3o0,1106.0,1106.0,1106.0,1106.0,1106.0,1106.0,1107.0,1107.0,1107.0,1107.0,1107.0,1107.0,1107.0,1107.0,1107.0,1108.0,1109.0,1109.0,1109.0,1109.0,1109.0,1109.0,1109.0,1109.0,1109.0,1109.0,1109.0,1109.0,1109.0,1109.0,1109.0,1109.0,1109.0,1110.0,1110.0,1111.0,1111.0,1111.0,1111.0,1111.0,1111.0,1111.0,1111.0,1111.0,1111.0,1111.0,1112.0,1112.0,1112.0,1112.0,1112.0,1112.0,1112.0,1112.0,1113.0,1113.0,1115.0,1115.0,1115.0,1113.0,1113.0,1113.0,1113.0,1113.0,1113.0,1113.0,1114.0,1114.0,1114.0,1114.0,1114.0,1114.0,1114.0,1114.0,1114.0,1114.0,1114.0,1114.0,1114.0,1115.0,1115.0,1115.0,1116.0,1116.0,1116.0,1116.0,1116.0,1116.0,1116.0,1116.0,1116.0,1116.0,1116.0,1116.0,1116.0,1116.0,1116.0,1117.0,1117.0,1117.0,1117.0,1117.0,1117.0,1117.0,1117.0,1117.0,1118.0,1118.0,1118.0,1119.0,1119.0,1119.0,1119.0,1119.0,1121.0,1121.0,1121.0,1121.0,1121.0,1121.0,1121.0,1121.0,1121.0,1121.0,1121.0,1121.0,1122.0,1122.0,1122.0,1122.0,1122.0,1122.0,1122.0,1122.0,,,,,,,,,1125.0,1125.0,1125.0,1125.0,1125.0,1125.0,1125.0,1126.0,1127.0,1127.0,1127.0,1127.0,1127.0,1129.0,1129.0,1129.0,1129.0,1129.0,1129.0,1129.0,1129.0,1129.0,1129.0,1129.0,1129.0,1129.0,1129.0,1129.0,1130.0,1130.0,1130.0,1130.0,1130.0,1130.0,1130.0,1130.0,1130.0,1130.0,1130.0,1130.0,1130.0,1130.0,1130.0,1130.0,1130.0,1130.0,1130.0,1131.0,1131.0,1131.0,1132.0,1132.0,1132.0,1132.0,1132.0,1132.0,1132.0,1132.0,1132.0,1132.0,1132.0,1132.0,1132.0,1132.0,1132.0,1132.0,1132.0,1132.0,1132.0,1132.0,1132.0,1132.0,1132.0,1132.0,1132.0,1132.0,1132.0,1132.0,1133.0,1133.0,1133.0,1133.0,1133.0,1133.0,1134.0,1134.0,1134.0,1134.0,1134.0,1134.0,1134.0,1134.0,1134.0,1134.0,1134.0,1134.0,1135.0,1135.0,1135.0,1135.0,1135.0,1135.0,1135.0,1135.0,1135.0,1135.0,1135.0,1135.0,1135.0,1135.0,1135.0,1135.0,1135.0,1135.0,1135.0,1135.0,1135.0,1135.0,1135.0,1135.0,1135.0,,1135.0,1135.0,1135.0,1135.0,1135.0,1135.0,1135.0,1135.0,1135.0,1135.0,1135.0,1135.0,1135.0,1135.0,1135.0,1135.0,1135.0,1135.0,1135.0,1135.0,1135.0,1135.0,1135.0,1135.0,1135.0,1135.0,1135.0,1135.0,1135.0,1135.0,1135.0,1135.0,1135.0,1135.0,1135.0,1135.0,1135.0,1135.0,1135.0,1135.0,1135.0,1135.0,1135.0,1135.0,1135.0,1135.0,1135.0,1136.0,1136.0,1136.0,1136.0,1136.0,1136.0,1136.0,1136.0,1136.0,1136.0,1136.0,1136.0,1136.0,1136.0,1136.0,1136.0,1136.0,1136.0,1136.0,1136.0,1136.0,1136.0,1136.0,1136.0,1136.0,1136.0,1136.0,1136.0,1136.0,1136.0,1136.0,1136.0,1136.0,1136.0,1136.0,1136.0,1136.0,1136.0,1136.0,1136.0,1136.0,1136.0,1136.0,1136.0,1136.0,1136.0,1136.0,1136.0,1136.0,1136.0,1136.0,1136.0,1136.0,1136.0,1136.0,1136.0,1136.0,1136.0,1136.0,1136.0,1136.0,1136.0,1136.0,1136.0,1136.0,1136.0,1136
QETNowPjZk0,1804.0,1804.0,1804.0,1804.0,1804.0,1805.0,1806.0,1807.0,1807.0,1807.0,1807.0,1808.0,1809.0,1810.0,1810.0,1811.0,1812.0,1812.0,1814.0,1814.0,1817.0,1817.0,1817.0,1817.0,1817.0,1818.0,1818.0,1818.0,1819.0,1819.0,1819.0,1819.0,1819.0,1820.0,1821.0,1821.0,1821.0,1821.0,1821.0,1821.0,1821.0,1821.0,1823.0,1823.0,1824.0,1824.0,1824.0,1824.0,1825.0,1825.0,1825.0,1825.0,1825.0,1825.0,1825.0,1825.0,1826.0,1826.0,1826.0,1827.0,1827.0,1827.0,1827.0,1827.0,1827.0,1827.0,1828.0,1828.0,1828.0,1828.0,1829.0,1830.0,1831.0,1832.0,1832.0,1832.0,1832.0,1832.0,1832.0,1833.0,1833.0,1833.0,1834.0,1834.0,1835.0,1836.0,1836.0,1836.0,1836.0,1836.0,1836.0,1836.0,1836.0,1836.0,1836.0,1836.0,1836.0,1836.0,1836.0,1836.0,1836.0,1836.0,1837.0,1838.0,1839.0,1839.0,1840.0,1840.0,1840.0,1840.0,1840.0,1840.0,1840.0,1841.0,1841.0,1841.0,1842.0,1842.0,1842.0,1842.0,1842.0,1842.0,1842.0,1842.0,1844.0,1844.0,1845.0,1845.0,1845.0,1846.0,1846.0,1846.0,1847.0,1848.0,,,,,,,,,1855.0,1855.0,1856.0,1856.0,1856.0,1856.0,1856.0,1856.0,1857.0,1857.0,1857.0,1858.0,1858.0,1858.0,1858.0,1858.0,1858.0,1859.0,1860.0,1861.0,1861.0,1861.0,1861.0,1862.0,1862.0,1863.0,1863.0,1863.0,1863.0,1863.0,1865.0,1865.0,1866.0,1867.0,1867.0,1867.0,1867.0,1868.0,1868.0,1869.0,1869.0,1870.0,1870.0,1870.0,1871.0,1871.0,1872.0,1872.0,1872.0,1872.0,1872.0,1873.0,1873.0,1873.0,1873.0,1874.0,1875.0,1875.0,1875.0,1875.0,1876.0,1876.0,1876.0,1876.0,1877.0,1877.0,1877.0,1878.0,1878.0,1878.0,1878.0,1879.0,1880.0,1880.0,1882.0,1882.0,1882.0,1882.0,1882.0,1883.0,1883.0,1883.0,1883.0,1883.0,1883.0,1884.0,1885.0,1885.0,1885.0,1885.0,1885.0,1885.0,1885.0,1885.0,1885.0,1886.0,1886.0,1887.0,1888.0,1888.0,1888.0,1888.0,1888.0,1888.0,1888.0,1888.0,1890.0,1890.0,1891.0,1891.0,1891.0,1891.0,1891.0,1892.0,1893.0,1893.0,1893.0,1893.0,1893.0,1893.0,1893.0,,1894.0,1895.0,1895.0,1895.0,1895.0,1895.0,1895.0,1895.0,1895.0,1895.0,1895.0,1895.0,1895.0,1895.0,1895.0,1896.0,1897.0,1897.0,1897.0,1897.0,1898.0,1899.0,1899.0,1899.0,1900.0,1900.0,1900.0,1900.0,1900.0,1900.0,1900.0,1900.0,1900.0,1901.0,1901.0,1901.0,1901.0,1901.0,1901.0,1901.0,1903.0,1904.0,1904.0,1904.0,1904.0,1904.0,1905.0,1905.0,1905.0,1905.0,1906.0,1906.0,1907.0,1907.0,1907.0,1907.0,1908.0,1908.0,1909.0,1909.0,1909.0,1909.0,1909.0,1910.0,1910.0,1910.0,1910.0,1911.0,1911.0,1911.0,1911.0,1913.0,1914.0,1914.0,1914.0,1914.0,1915.0,1915.0,1915.0,1916.0,1916.0,1917.0,1917.0,1917.0,1917.0,1917.0,1917.0,1917.0,1917.0,1917.0,1917.0,1917.0,1919.0,1919.0,1919.0,1919.0,1919.0,1919.0,1919.0,1919.0,1919.0,1919.0,1919.0,1920.0,1920.0,1920.0,1920.0,1920.0,1920.0,1920.0,1920.0,1920.0,1921.0,1922
4Jq_lC4qZYU,1305.0,1305.0,1305.0,1305.0,1305.0,1305.0,1305.0,1305.0,1305.0,1305.0,1305.0,1306.0,1306.0,1306.0,1306.0,1307.0,1307.0,1307.0,1307.0,1307.0,1307.0,1307.0,1308.0,1308.0,1308.0,1308.0,1308.0,1308.0,1308.0,1308.0,1308.0,1308.0,1308.0,1308.0,1308.0,1308.0,1308.0,1308.0,1308.0,1308.0,1308.0,1308.0,1308.0,1308.0,1308.0,1308.0,1308.0,1308.0,1308.0,1308.0,1308.0,1308.0,1308.0,1308.0,1308.0,1308.0,1308.0,1308.0,1308.0,1308.0,1308.0,1308.0,1308.0,1308.0,1308.0,1308.0,1309.0,1309.0,1309.0,1309.0,1309.0,1309.0,1309.0,1309.0,1309.0,1309.0,1309.0,1309.0,1309.0,1309.0,1309.0,1309.0,1309.0,1309.0,1309.0,1309.0,1309.0,1310.0,1310.0,1310.0,1310.0,1310.0,1310.0,1310.0,1310.0,1310.0,1310.0,1310.0,1310.0,1310.0,1310.0,1310.0,1311.0,1311.0,1311.0,1311.0,1311.0,1311.0,1311.0,1311.0,1311.0,1311.0,1311.0,1311.0,1311.0,1311.0,1311.0,1311.0,1311.0,1311.0,1311.0,1311.0,1311.0,1311.0,1311.0,1311.0,1311.0,1311.0,1311.0,1311.0,1312.0,1312.0,1312.0,1312.0,,,,,,,,,1317.0,1317.0,1317.0,1317.0,1317.0,1317.0,1317.0,1317.0,1317.0,1317.0,1317.0,1317.0,1317.0,1318.0,1318.0,1318.0,1318.0,1318.0,1318.0,1318.0,1318.0,1318.0,1318.0,1318.0,1318.0,1318.0,1318.0,1318.0,1318.0,1318.0,1318.0,1318.0,1318.0,1318.0,1318.0,1318.0,1318.0,1318.0,1318.0,1318.0,1318.0,1318.0,1318.0,1318.0,1318.0,1318.0,1318.0,1318.0,1318.0,1318.0,1318.0,1319.0,1319.0,1319.0,1319.0,1319.0,1319.0,1319.0,1319.0,1319.0,1319.0,1319.0,1319.0,1319.0,1319.0,1319.0,1319.0,1319.0,1319.0,1319.0,1319.0,1319.0,1319.0,1319.0,1319.0,1319.0,1319.0,1319.0,1319.0,1319.0,1319.0,1319.0,1319.0,1319.0,1319.0,1320.0,1319.0,1319.0,1319.0,1319.0,1319.0,1319.0,1319.0,1319.0,1319.0,1319.0,1321.0,1321.0,1321.0,1321.0,1321.0,1321.0,1321.0,1321.0,1321.0,1321.0,1321.0,1321.0,1321.0,1321.0,1322.0,1322.0,1322.0,1322.0,1322.0,1322.0,1322.0,1322.0,1322.0,1322.0,1322.0,,1322.0,1323.0,1323.0,1323.0,1323.0,1323.0,1323.0,1323.0,1323.0,1323.0,1323.0,1323.0,1323.0,1323.0,1323.0,1323.0,1323.0,1323.0,1323.0,1323.0,1323.0,1324.0,1324.0,1324.0,1324.0,1324.0,1324.0,1324.0,1324.0,1324.0,1324.0,1324.0,1324.0,1324.0,1324.0,1324.0,1324.0,1324.0,1324.0,1324.0,1324.0,1324.0,1324.0,1324.0,1324.0,1324.0,1324.0,1324.0,1324.0,1324.0,1324.0,1324.0,1324.0,1324.0,1324.0,1324.0,1324.0,1324.0,1324.0,1324.0,1324.0,1324.0,1324.0,1324.0,1324.0,1324.0,1324.0,1326.0,1326.0,1326.0,1326.0,1326.0,1326.0,1326.0,1326.0,1326.0,1326.0,1326.0,1326.0,1326.0,1326.0,1327.0,1327.0,1327.0,1327.0,1327.0,1327.0,1327.0,1327.0,1327.0,1327.0,1327.0,1327.0,1327.0,1327.0,1327.0,1327.0,1327.0,1327.0,1327.0,1327.0,1327.0,1327.0,1327.0,1327.0,1327.0,1327.0,1327.0,1327.0,1327.0,1327.0,1327.0,1327.0,1327
xczPLwT3YPs,13503.0,13508.0,13511.0,13512.0,13515.0,13521.0,13523.0,13525.0,13528.0,13537.0,13543.0,13544.0,13545.0,13545.0,13546.0,13547.0,13549.0,13553.0,13555.0,13557.0,13562.0,13566.0,13570.0,13577.0,13579.0,13581.0,13585.0,13585.0,13586.0,13588.0,13593.0,13595.0,13597.0,13599.0,13600.0,13602.0,13610.0,13610.0,13611.0,13614.0,13616.0,13620.0,13622.0,13625.0,13626.0,13628.0,13629.0,13630.0,13633.0,13636.0,13636.0,13638.0,13640.0,13644.0,13644.0,13649.0,13649.0,13650.0,13650.0,13652.0,13658.0,13662.0,13667.0,13670.0,13671.0,13674.0,13676.0,13678.0,13678.0,13682.0,13684.0,13686.0,13690.0,13693.0,13694.0,13699.0,13703.0,13705.0,13707.0,13708.0,13709.0,13709.0,13711.0,13714.0,13718.0,13721.0,13726.0,13728.0,13730.0,13732.0,13734.0,13735.0,13738.0,13742.0,13742.0,13744.0,13745.0,13749.0,13751.0,13756.0,13759.0,13760.0,13762.0,13762.0,13763.0,13765.0,13768.0,13771.0,13771.0,13771.0,13773.0,13774.0,13775.0,13779.0,13781.0,13782.0,13784.0,13785.0,13787.0,13790.0,13793.0,13794.0,13794.0,13798.0,13800.0,13802.0,13802.0,13804.0,13806.0,13808.0,13808.0,13814.0,13815.0,13816.0,,,,,,,,,13828.0,13828.0,13829.0,13830.0,13831.0,13831.0,13833.0,13835.0,13835.0,13836.0,13839.0,13839.0,13842.0,13844.0,13846.0,13847.0,13849.0,13850.0,13851.0,13852.0,13853.0,13854.0,13854.0,13855.0,13857.0,13857.0,13858.0,13859.0,13861.0,13862.0,13866.0,13867.0,13869.0,13871.0,13871.0,13872.0,13874.0,13875.0,13875.0,13877.0,13880.0,13882.0,13884.0,13886.0,13887.0,13890.0,13890.0,13891.0,13891.0,13892.0,13895.0,13896.0,13896.0,13896.0,13896.0,13897.0,13900.0,13900.0,13901.0,13901.0,13903.0,13904.0,13905.0,13906.0,13906.0,13908.0,13908.0,13909.0,13911.0,13911.0,13913.0,13913.0,13915.0,13917.0,13918.0,13920.0,13924.0,13925.0,13925.0,13925.0,13926.0,13926.0,13926.0,13928.0,13928.0,13929.0,13930.0,13931.0,13934.0,13934.0,13937.0,13937.0,13939.0,13940.0,13942.0,13943.0,13943.0,13945.0,13946.0,13947.0,13948.0,13949.0,13951.0,13952.0,13952.0,13954.0,13954.0,13955.0,13955.0,13958.0,13958.0,13959.0,13959.0,13959.0,13959.0,13961.0,13962.0,13963.0,13964.0,13964.0,13965.0,,13968.0,13968.0,13968.0,13969.0,13969.0,13969.0,13970.0,13970.0,13972.0,13972.0,13973.0,13974.0,13975.0,13981.0,13981.0,13986.0,13988.0,13990.0,13991.0,13991.0,13992.0,13993.0,13993.0,13994.0,13994.0,13995.0,13995.0,13998.0,13998.0,13998.0,13998.0,13998.0,14000.0,14000.0,14000.0,14000.0,14004.0,14005.0,14005.0,14005.0,14005.0,14006.0,14006.0,14007.0,14009.0,14009.0,14010.0,14010.0,14010.0,14010.0,14011.0,14012.0,14013.0,14014.0,14014.0,14014.0,14015.0,14016.0,14017.0,14019.0,14019.0,14019.0,14021.0,14026.0,14027.0,14027.0,14027.0,14027.0,14027.0,14027.0,14028.0,14029.0,14029.0,14031.0,14031.0,14031.0,14033.0,14036.0,14036.0,14038.0,14038.0,14040.0,14041.0,14042.0,14043.0,14043.0,14044.0,14045.0,14045.0,14045.0,14045.0,14047.0,14047.0,14047.0,14047.0,14047.0,14048.0,14048.0,14049.0,14051.0,14051.0,14051.0,14052.0,14054.0,14056.0,14057.0,14057.0,14058.0,14059.0,14062.0,14064.0,14064.0,14065.0,14065
_qRW5yxOLeM,24948.0,24952.0,24955.0,24962.0,24965.0,24973.0,24976.0,24979.0,24982.0,24983.0,24987.0,24994.0,25001.0,25006.0,25007.0,25012.0,25016.0,25026.0,25031.0,25035.0,25048.0,25051.0,25054.0,25058.0,25069.0,25084.0,25095.0,25101.0,25107.0,25115.0,25121.0,25125.0,25127.0,25132.0,25136.0,25143.0,25146.0,25156.0,25158.0,25166.0,25171.0,25176.0,25181.0,25187.0,25192.0,25197.0,25203.0,25203.0,25205.0,25210.0,25217.0,25220.0,25226.0,25229.0,25234.0,25236.0,25239.0,25243.0,25246.0,25246.0,25250.0,25252.0,25253.0,25254.0,25256.0,25259.0,25259.0,25264.0,25266.0,25271.0,25272.0,25276.0,25277.0,25280.0,25283.0,25285.0,25289.0,25294.0,25297.0,25300.0,25308.0,25315.0,25325.0,25326.0,25331.0,25334.0,25338.0,25342.0,25347.0,25349.0,25351.0,25358.0,25360.0,25365.0,25365.0,25369.0,25371.0,25373.0,25376.0,25380.0,25382.0,25385.0,25388.0,25392.0,25399.0,25404.0,25407.0,25419.0,25423.0,25427.0,25434.0,25438.0,25439.0,25448.0,25451.0,25458.0,25461.0,25466.0,25471.0,25477.0,25481.0,25486.0,25491.0,25495.0,25499.0,25503.0,25509.0,25514.0,25523.0,25527.0,25530.0,25534.0,25542.0,25547.0,,,,,,,,,25619.0,25631.0,25647.0,25667.0,25701.0,25719.0,25729.0,25736.0,25753.0,25776.0,25785.0,25801.0,25810.0,25814.0,25831.0,25839.0,25844.0,25852.0,25858.0,25860.0,25863.0,25866.0,25866.0,25870.0,25872.0,25876.0,25885.0,25887.0,25892.0,25895.0,25899.0,25902.0,25908.0,25910.0,25914.0,25919.0,25924.0,25938.0,25944.0,25948.0,25951.0,25956.0,25963.0,25967.0,25969.0,25970.0,25978.0,25980.0,25982.0,25983.0,25986.0,25987.0,25994.0,26001.0,26011.0,26014.0,26020.0,26021.0,26021.0,26025.0,26028.0,26031.0,26037.0,26044.0,26048.0,26051.0,26057.0,26062.0,26067.0,26070.0,26076.0,26081.0,26084.0,26086.0,26091.0,26098.0,26100.0,26105.0,26109.0,26111.0,26114.0,26120.0,26128.0,26136.0,26140.0,26146.0,26149.0,26153.0,26157.0,26160.0,26162.0,26165.0,26167.0,26168.0,26175.0,26179.0,26189.0,26196.0,26197.0,26204.0,26209.0,26222.0,26238.0,26247.0,26251.0,26260.0,26263.0,26271.0,26280.0,26285.0,26292.0,26294.0,26295.0,26299.0,26305.0,26311.0,26319.0,26328.0,26331.0,26334.0,26337.0,,26342.0,26345.0,26346.0,26352.0,26357.0,26360.0,26366.0,26368.0,26370.0,26378.0,26386.0,26393.0,26398.0,26400.0,26402.0,26412.0,26422.0,26428.0,26432.0,26440.0,26447.0,26457.0,26464.0,26466.0,26474.0,26484.0,26488.0,26495.0,26503.0,26509.0,26517.0,26525.0,26529.0,26533.0,26538.0,26545.0,26547.0,26552.0,26555.0,26558.0,26560.0,26565.0,26568.0,26577.0,26584.0,26591.0,26597.0,26606.0,26616.0,26623.0,26628.0,26637.0,26642.0,26648.0,26653.0,26659.0,26663.0,26669.0,26672.0,26682.0,26684.0,26687.0,26690.0,26694.0,26696.0,26698.0,26701.0,26704.0,26708.0,26708.0,26710.0,26711.0,26712.0,26712.0,26714.0,26716.0,26717.0,26719.0,26719.0,26720.0,26720.0,26726.0,26729.0,26731.0,26733.0,26736.0,26743.0,26745.0,26751.0,26754.0,26755.0,26756.0,26758.0,26762.0,26763.0,26766.0,26766.0,26768.0,26771.0,26772.0,26773.0,26776.0,26776.0,26779.0,26782.0,26783.0,26784.0,26786.0,26790.0,26790.0,26793.0,26798.0,26801.0,26804
-dJtW5JTZMM,6162.0,6162.0,6162.0,6166.0,6167.0,6169.0,6172.0,6174.0,6175.0,6174.0,6176.0,6176.0,6177.0,6177.0,6178.0,6179.0,6181.0,6183.0,6184.0,6184.0,6185.0,6186.0,6188.0,6188.0,6190.0,6189.0,6189.0,6189.0,6189.0,6189.0,6190.0,6190.0,6190.0,6190.0,6190.0,6191.0,6191.0,6193.0,6193.0,6193.0,6195.0,6196.0,6200.0,6200.0,6200.0,6200.0,6200.0,6200.0,6201.0,6201.0,6201.0,6201.0,6202.0,6202.0,6202.0,6202.0,6202.0,6203.0,6204.0,6204.0,6205.0,6205.0,6205.0,6205.0,6205.0,6205.0,6205.0,6206.0,6206.0,6206.0,6207.0,6207.0,6207.0,6207.0,6207.0,6208.0,6210.0,6211.0,6211.0,6212.0,6212.0,6212.0,6212.0,6212.0,6212.0,6212.0,6213.0,6213.0,6213.0,6213.0,6213.0,6213.0,6213.0,6216.0,6217.0,6218.0,6218.0,6218.0,6218.0,6218.0,6218.0,6220.0,6220.0,6220.0,6220.0,6221.0,6222.0,6223.0,6223.0,6223.0,6223.0,6224.0,6224.0,6224.0,6225.0,6225.0,6226.0,6226.0,6227.0,6227.0,6227.0,6227.0,6227.0,6227.0,6227.0,6227.0,6227.0,6227.0,6227.0,6229.0,6230.0,6230.0,6230.0,6230.0,,,,,,,,,6248.0,6250.0,6250.0,6253.0,6254.0,6255.0,6258.0,6261.0,6262.0,6264.0,6265.0,6265.0,6266.0,6266.0,6266.0,6267.0,6267.0,6267.0,6267.0,6267.0,6267.0,6269.0,6268.0,6268.0,6269.0,6269.0,6269.0,6269.0,6270.0,6270.0,6271.0,6271.0,6272.0,6272.0,6272.0,6273.0,6273.0,6273.0,6274.0,6274.0,6274.0,6274.0,6274.0,6274.0,6274.0,6274.0,6274.0,6274.0,6274.0,6274.0,6274.0,6274.0,6274.0,6274.0,6274.0,6274.0,6274.0,6274.0,6275.0,6276.0,6276.0,6276.0,6276.0,6276.0,6277.0,6277.0,6277.0,6277.0,6278.0,6278.0,6278.0,6278.0,6279.0,6279.0,6279.0,6279.0,6280.0,6280.0,6280.0,6280.0,6280.0,6282.0,6282.0,6282.0,6282.0,6284.0,6284.0,6284.0,6285.0,6288.0,6288.0,6288.0,6289.0,6290.0,6290.0,6291.0,6291.0,6292.0,6292.0,6293.0,6296.0,6297.0,6299.0,6299.0,6299.0,6299.0,6299.0,6299.0,6299.0,6299.0,6299.0,6299.0,6299.0,6299.0,6300.0,6302.0,6302.0,6302.0,6302.0,6302.0,6303.0,,6303.0,6303.0,6303.0,6303.0,6304.0,6305.0,6308.0,6315.0,6317.0,6317.0,6317.0,6318.0,6319.0,6319.0,6320.0,6320.0,6320.0,6320.0,6320.0,6320.0,6320.0,6320.0,6321.0,6322.0,6325.0,6325.0,6325.0,6325.0,6325.0,6325.0,6326.0,6326.0,6326.0,6326.0,6326.0,6326.0,6326.0,6326.0,6326.0,6326.0,6326.0,6326.0,6326.0,6326.0,6326.0,6326.0,6327.0,6327.0,6327.0,6328.0,6330.0,6330.0,6330.0,6332.0,6332.0,6332.0,6332.0,6332.0,6333.0,6333.0,6333.0,6332.0,6332.0,6333.0,6333.0,6333.0,6333.0,6333.0,6335.0,6335.0,6335.0,6335.0,6335.0,6335.0,6336.0,6336.0,6336.0,6336.0,6338.0,6338.0,6338.0,6338.0,6338.0,6338.0,6338.0,6338.0,6338.0,6338.0,6338.0,6338.0,6338.0,6338.0,6338.0,6338.0,6338.0,6338.0,6338.0,6338.0,6338.0,6338.0,6338.0,6338.0,6338.0,6338.0,6338.0,6339.0,6339.0,6339.0,6339.0,6339.0,6339.0,6340.0,6340.0,6340
uNo7qjjxlz8,4097.0,4099.0,4099.0,4100.0,4103.0,4105.0,4105.0,4107.0,4108.0,4107.0,4107.0,4107.0,4108.0,4108.0,4108.0,4108.0,4108.0,4108.0,4109.0,4111.0,4115.0,4118.0,4119.0,4120.0,4120.0,4121.0,4124.0,4126.0,4126.0,4126.0,4126.0,4127.0,4127.0,4127.0,4127.0,4128.0,4128.0,4130.0,4131.0,4132.0,4132.0,4132.0,4134.0,4134.0,4135.0,4134.0,4138.0,4138.0,4138.0,4141.0,4141.0,4141.0,4143.0,4145.0,4146.0,4146.0,4146.0,4148.0,4149.0,4149.0,4149.0,4149.0,4149.0,4150.0,4150.0,4151.0,4151.0,4152.0,4152.0,4152.0,4153.0,4154.0,4154.0,4154.0,4155.0,4156.0,4158.0,4160.0,4160.0,4162.0,4162.0,4164.0,4165.0,4165.0,4171.0,4171.0,4171.0,4172.0,4172.0,4172.0,4172.0,4172.0,4174.0,4178.0,4178.0,4178.0,4180.0,4180.0,4181.0,4182.0,4182.0,4184.0,4185.0,4185.0,4186.0,4186.0,4186.0,4188.0,4188.0,4188.0,4189.0,4189.0,4189.0,4189.0,4189.0,4189.0,4189.0,4191.0,4195.0,4197.0,4198.0,4197.0,4197.0,4199.0,4200.0,4200.0,4201.0,4204.0,4204.0,4205.0,4206.0,4206.0,4206.0,4207.0,,,,,,,,,4225.0,4227.0,4228.0,4230.0,4232.0,4233.0,4236.0,4239.0,4240.0,4244.0,4244.0,4244.0,4246.0,4246.0,4246.0,4246.0,4246.0,4246.0,4246.0,4247.0,4247.0,4247.0,4247.0,4247.0,4248.0,4248.0,4249.0,4249.0,4250.0,4250.0,4251.0,4253.0,4254.0,4254.0,4254.0,4254.0,4254.0,4254.0,4254.0,4254.0,4254.0,4254.0,4254.0,4254.0,4254.0,4254.0,4254.0,4254.0,4254.0,4254.0,4254.0,4254.0,4254.0,4254.0,4254.0,4254.0,4254.0,4254.0,4254.0,4254.0,4255.0,4255.0,4255.0,4255.0,4255.0,4255.0,4255.0,4255.0,4255.0,4255.0,4255.0,4255.0,4256.0,4256.0,4256.0,4256.0,4256.0,4256.0,4256.0,4257.0,4260.0,4260.0,4260.0,4260.0,4264.0,4264.0,4265.0,4265.0,4266.0,4266.0,4266.0,4268.0,4269.0,4270.0,4271.0,4272.0,4272.0,4272.0,4273.0,4273.0,4273.0,4273.0,4275.0,4275.0,4275.0,4275.0,4275.0,4275.0,4275.0,4276.0,4276.0,4276.0,4276.0,4276.0,4276.0,4278.0,4279.0,4279.0,4280.0,4280.0,4282.0,,4282.0,4283.0,4283.0,4284.0,4284.0,4284.0,4286.0,4286.0,4286.0,4286.0,4286.0,4288.0,4289.0,4289.0,4289.0,4291.0,4291.0,4291.0,4294.0,4294.0,4294.0,4295.0,4297.0,4298.0,4299.0,4299.0,4299.0,4299.0,4299.0,4299.0,4300.0,4301.0,4302.0,4302.0,4303.0,4303.0,4303.0,4303.0,4303.0,4303.0,4303.0,4303.0,4304.0,4306.0,4306.0,4306.0,4307.0,4307.0,4308.0,4308.0,4308.0,4309.0,4309.0,4309.0,4309.0,4309.0,4309.0,4309.0,4310.0,4310.0,4311.0,4310.0,4313.0,4313.0,4313.0,4313.0,4315.0,4315.0,4316.0,4316.0,4316.0,4316.0,4316.0,4316.0,4316.0,4317.0,4317.0,4318.0,4318.0,4318.0,4318.0,4319.0,4319.0,4319.0,4319.0,4320.0,4321.0,4321.0,4322.0,4322.0,4322.0,4322.0,4322.0,4322.0,4322.0,4322.0,4322.0,4322.0,4322.0,4323.0,4323.0,4323.0,4323.0,4327.0,4328.0,4331.0,4332.0,4332.0,4333.0,4333.0,4333.0,4334.0,4334.0,4334
0GB5z74x-bg,1082168.0,1082278.0,1082440.0,1082529.0,1082779.0,1083027.0,1083162.0,1083873.0,1085231.0,1086199.0,1087526.0,1089316.0,1091981.0,1093716.0,1095943.0,1097942.0,1100031.0,1101582.0,1104079.0,1106401.0,1107998.0,1110793.0,1113395.0,1115359.0,1116507.0,1117770.0,1119919.0,1121241.0,1123828.0,1125644.0,1127317.0,1128421.0,1129638.0,1130709.0,1132304.0,1134399.0,1136864.0,1137989.0,1139536.0,1142478.0,1144794.0,1147112.0,1149964.0,1151960.0,1153790.0,1155522.0,1157483.0,1159627.0,1162388.0,1165105.0,1167418.0,1169019.0,1171000.0,1173773.0,1176169.0,1179090.0,1181912.0,1185038.0,1187635.0,1190109.0,1193133.0,1197109.0,1201486.0,1204840.0,1208178.0,1211328.0,1213736.0,1218418.0,1222388.0,1228852.0,1233276.0,1235804.0,1238484.0,1240730.0,1244366.0,1248958.0,1252700.0,1257837.0,1262178.0,1265216.0,1267470.0,1271362.0,1275607.0,1279856.0,1283292.0,1286373.0,1288784.0,1290762.0,1293951.0,1297216.0,1301156.0,1304851.0,1307914.0,1310509.0,1312437.0,1315153.0,1318564.0,1321830.0,1325013.0,1327935.0,1330560.0,1332391.0,1335349.0,1338282.0,1340917.0,1343987.0,1347372.0,1350378.0,1353045.0,1356468.0,1360167.0,1363674.0,1366781.0,1370416.0,1372619.0,1374886.0,1378466.0,1382768.0,1387515.0,1391198.0,1394535.0,1397999.0,1400545.0,1402154.0,1404811.0,1407886.0,1411223.0,1415119.0,1417680.0,1419887.0,1422631.0,1425699.0,1429078.0,1432053.0,,,,,,,,,1456904.0,1459134.0,1461569.0,1464284.0,1467122.0,1469804.0,1472312.0,1474507.0,1476077.0,1478067.0,1479984.0,1482136.0,1484157.0,1486696.0,1488253.0,1489575.0,1491484.0,1493135.0,1494780.0,1497390.0,1500106.0,1502288.0,1504286.0,1507719.0,1510641.0,1513883.0,1517798.0,1522054.0,1525164.0,1527687.0,1531233.0,1534670.0,1538196.0,1541405.0,1544741.0,1547187.0,1549526.0,1552509.0,1555616.0,1558946.0,1562513.0,1566153.0,1569094.0,1571348.0,1576130.0,1580334.0,1584145.0,1587987.0,1591662.0,1594294.0,1596644.0,1600548.0,1604235.0,1607396.0,1611222.0,1614746.0,1617372.0,1619859.0,1623501.0,1626855.0,1630858.0,1633326.0,1636498.0,1638869.0,1640377.0,1643327.0,1646485.0,1649410.0,1651370.0,1654311.0,1656761.0,1658851.0,1662290.0,1665973.0,1669560.0,1673041.0,1676516.0,1678838.0,1680785.0,1683889.0,1687365.0,1690413.0,1693606.0,1696776.0,1699098.0,1701052.0,1703802.0,1706666.0,1709644.0,1712664.0,1715527.0,1717799.0,1719937.0,1722884.0,1725643.0,1728636.0,1731246.0,1733659.0,1735536.0,1737066.0,1739947.0,1742589.0,1745090.0,1748195.0,1750793.0,1752744.0,1754261.0,1756757.0,1759271.0,1761755.0,1764578.0,1767348.0,1769496.0,1771088.0,1773017.0,1774472.0,1776348.0,1779183.0,1781975.0,1784333.0,1786151.0,,1791950.0,1794608.0,1796798.0,1799659.0,1801779.0,1804211.0,1806283.0,1809036.0,1812270.0,1815513.0,1818662.0,1821602.0,1823905.0,1826928.0,1830283.0,1833456.0,1836413.0,1840096.0,1842682.0,1844772.0,1847534.0,1850965.0,1853896.0,1857170.0,1860326.0,1862933.0,1865086.0,1868450.0,1871691.0,1875185.0,1878374.0,1881235.0,1883434.0,1885366.0,1888450.0,1891252.0,1893770.0,1896510.0,1899352.0,1901690.0,1903897.0,1906803.0,1909884.0,1912728.0,1915578.0,1918248.0,1920181.0,1921928.0,1923955.0,1926962.0,1929403.0,1932108.0,1934965.0,1937460.0,1939574.0,1942283.0,1945526.0,1948217.0,1951311.0,1954911.0,1957622.0,1960062.0,1963538.0,1967425.0,1971371.0,1975682.0,1978263.0,1981893.0,1984505.0,1988464.0,1991870.0,1996173.0,2000451.0,2005141.0,2008302.0,2011121.0,2015637.0,2019905.0,2024584.0,2028514.0,2033027.0,2035800.0,2037992.0,2041486.0,2045655.0,2049380.0,2052879.0,2056635.0,2059619.0,2062266.0,2065136.0,2068733.0,2072296.0,2075967.0,2079792.0,2083383.0,2085996.0,2089643.0,2093418.0,2096593.0,2100396.0,2103780.0,2107662.0,2109850.0,2113502.0,2117245.0,2121111.0,2125876.0,2130095.0,2133464.0,2136243.0,2140844.0,2144996.0,2149207
KWp40hHloo8,65048.0,65076.0,65104.0,65130.0,65154.0,65178.0,65218.0,65248.0,65274.0,65303.0,65324.0,65359.0,65386.0,65410.0,65427.0,65471.0,65504.0,65531.0,65556.0,65592.0,65625.0,65651.0,65682.0,65718.0,65746.0,65786.0,65817.0,65841.0,65889.0,65933.0,65959.0,65986.0,66008.0,66048.0,66079.0,66114.0,66150.0,66185.0,66216.0,66244.0,66265.0,66291.0,66319.0,66360.0,66390.0,66420.0,66442.0,66477.0,66510.0,66539.0,66571.0,66592.0,66610.0,66653.0,66689.0,66719.0,66749.0,66796.0,66823.0,66853.0,66873.0,66891.0,66911.0,66932.0,66954.0,66987.0,67013.0,67046.0,67067.0,67109.0,67146.0,67178.0,67212.0,67235.0,67268.0,67311.0,67346.0,67377.0,67403.0,67435.0,67465.0,67510.0,67536.0,67556.0,67592.0,67633.0,67665.0,67684.0,67712.0,67732.0,67757.0,67786.0,67804.0,67828.0,67854.0,67870.0,67884.0,67913.0,67939.0,67971.0,67994.0,68008.0,68021.0,68041.0,68062.0,68086.0,68113.0,68142.0,68165.0,68181.0,68202.0,68219.0,68256.0,68278.0,68293.0,68307.0,68329.0,68350.0,68378.0,68397.0,68411.0,68422.0,68433.0,68446.0,68461.0,68485.0,68504.0,68517.0,68533.0,68556.0,68574.0,68596.0,68626.0,68652.0,,,,,,,,,68961.0,68993.0,69041.0,69074.0,69112.0,69141.0,69170.0,69188.0,69208.0,69227.0,69258.0,69281.0,69302.0,69320.0,69341.0,69367.0,69397.0,69425.0,69452.0,69471.0,69489.0,69506.0,69521.0,69533.0,69545.0,69558.0,69573.0,69587.0,69607.0,69619.0,69636.0,69649.0,69670.0,69693.0,69712.0,69727.0,69739.0,69754.0,69769.0,69784.0,69803.0,69821.0,69837.0,69866.0,69882.0,69896.0,69912.0,69930.0,69938.0,69958.0,69971.0,69988.0,70020.0,70039.0,70056.0,70073.0,70092.0,70111.0,70123.0,70137.0,70158.0,70170.0,70180.0,70203.0,70212.0,70227.0,70242.0,70256.0,70267.0,70283.0,70304.0,70323.0,70342.0,70358.0,70375.0,70395.0,70417.0,70427.0,70441.0,70464.0,70479.0,70495.0,70522.0,70540.0,70563.0,70578.0,70592.0,70607.0,70636.0,70655.0,70684.0,70703.0,70715.0,70733.0,70754.0,70771.0,70793.0,70814.0,70829.0,70844.0,70859.0,70880.0,70913.0,70943.0,70960.0,70978.0,71003.0,71030.0,71052.0,71071.0,71086.0,71111.0,71140.0,71164.0,71188.0,71202.0,71226.0,71253.0,71285.0,71309.0,71335.0,,71391.0,71419.0,71442.0,71463.0,71471.0,71486.0,71514.0,71535.0,71549.0,71569.0,71601.0,71617.0,71644.0,71661.0,71690.0,71714.0,71736.0,71756.0,71781.0,71801.0,71816.0,71838.0,71868.0,71881.0,71908.0,71921.0,71944.0,71962.0,71975.0,71993.0,72024.0,72063.0,72093.0,72121.0,72150.0,72177.0,72199.0,72229.0,72257.0,72279.0,72297.0,72306.0,72326.0,72348.0,72378.0,72401.0,72416.0,72431.0,72450.0,72473.0,72497.0,72528.0,72553.0,72598.0,72608.0,72631.0,72648.0,72668.0,72682.0,72697.0,72725.0,72743.0,72776.0,72802.0,72827.0,72856.0,72870.0,72886.0,72909.0,72921.0,72949.0,72964.0,72988.0,73012.0,73035.0,73060.0,73076.0,73092.0,73114.0,73135.0,73151.0,73160.0,73181.0,73211.0,73329.0,73380.0,73420.0,73466.0,73498.0,73509.0,73527.0,73553.0,73570.0,73588.0,73610.0,73636.0,73661.0,73681.0,73715.0,73734.0,73751.0,73766.0,73782.0,73812.0,73835.0,73851.0,73881.0,73902.0,73925.0,73943.0,73969.0,73985.0,74013.0,74041
q8rdJAwOs-8,2995591.0,2998605.0,3001646.0,3004057.0,3006608.0,3009438.0,3012172.0,3014968.0,3018153.0,3020393.0,3022687.0,3025700.0,3029082.0,3032227.0,3035581.0,3038791.0,3041627.0,3044164.0,3047035.0,3050827.0,3053516.0,3056480.0,3059216.0,3061515.0,3063347.0,3065087.0,3067172.0,3069161.0,3070845.0,3072898.0,3074419.0,3075799.0,3077273.0,3079075.0,3080990.0,3083183.0,3085241.0,3086661.0,3087845.0,3089662.0,3091455.0,3093602.0,3095325.0,3097447.0,3098993.0,3100528.0,3102289.0,3104199.0,3106122.0,3108235.0,3110276.0,3112229.0,3113811.0,3115580.0,3117293.0,3118937.0,3120500.0,3122071.0,3123433.0,3124637.0,3126256.0,3127894.0,3129573.0,3131209.0,3132853.0,3134281.0,3135649.0,3137362.0,3138690.0,3140812.0,3142320.0,3143578.0,3145224.0,3146585.0,3148166.0,3149787.0,3151606.0,3153230.0,3155021.0,3156602.0,3157806.0,3159758.0,3161505.0,3163627.0,3165782.0,3167708.0,3169457.0,3170957.0,3172799.0,3174626.0,3176587.0,3178711.0,3181121.0,3183190.0,3184931.0,3187204.0,3189532.0,3191648.0,3193894.0,3195978.0,3197461.0,3198966.0,3200687.0,3202309.0,3203979.0,3205693.0,3207513.0,3209117.0,3210649.0,3212528.0,3214341.0,3216343.0,3218057.0,3219919.0,3221702.0,3223073.0,3224843.0,3226480.0,3228629.0,3230759.0,3232570.0,3233942.0,3235614.0,3236917.0,3238277.0,3240003.0,3241477.0,3242966.0,3244281.0,3245553.0,3247542.0,3249582.0,3251475.0,3253500.0,,,,,,,,,3270034.0,3271406.0,3273164.0,3275144.0,3276976.0,3278416.0,3280072.0,3281349.0,3282508.0,3283959.0,3285246.0,3286657.0,3288014.0,3289662.0,3290920.0,3292166.0,3293651.0,3295049.0,3296453.0,3297918.0,3299672.0,3301338.0,3302827.0,3304717.0,3306268.0,3308006.0,3309710.0,3311467.0,3312951.0,3314283.0,3315648.0,3317309.0,3318902.0,3320320.0,3321928.0,3323276.0,3324438.0,3325839.0,3327134.0,3328471.0,3329824.0,3331284.0,3332489.0,3333420.0,3334706.0,3336011.0,3337098.0,3338366.0,3339786.0,3341107.0,3341977.0,3343359.0,3344593.0,3345989.0,3347262.0,3348718.0,3349960.0,3351191.0,3352770.0,3354337.0,3356111.0,3357554.0,3358945.0,3360237.0,3361467.0,3362929.0,3364374.0,3365931.0,3367048.0,3368524.0,3369830.0,3371161.0,3372776.0,3374767.0,3376677.0,3378553.0,3380392.0,3381771.0,3382944.0,3384443.0,3386007.0,3387574.0,3389493.0,3391356.0,3392871.0,3394174.0,3395706.0,3397195.0,3398742.0,3400326.0,3401926.0,3403233.0,3404327.0,3405595.0,3406997.0,3408481.0,3410052.0,3411673.0,3412804.0,3413919.0,3415344.0,3416689.0,3417989.0,3419265.0,3420573.0,3421846.0,3422863.0,3424242.0,3425625.0,3427008.0,3428303.0,3429728.0,3430923.0,3432002.0,3433019.0,3434122.0,3435632.0,3437074.0,3438593.0,3439752.0,3440675.0,,3442848.0,3444139.0,3445325.0,3446443.0,3447739.0,3449664.0,3451288.0,3453442.0,3456030.0,3458399.0,3460674.0,3463160.0,3465371.0,3467932.0,3470322.0,3472611.0,3474747.0,3476852.0,3479086.0,3481078.0,3483349.0,3485755.0,3487959.0,3490564.0,3493108.0,3495849.0,3498348.0,3501165.0,3504371.0,3507490.0,3510793.0,3514087.0,3518241.0,3521868.0,3525422.0,3529018.0,3533119.0,3537654.0,3542441.0,3547493.0,3552565.0,3556558.0,3560934.0,3565054.0,3568354.0,3571978.0,3577316.0,3583382.0,3589386.0,3594552.0,3599363.0,3603556.0,3607749.0,3612259.0,3616152.0,3619918.0,3623710.0,3628085.0,3631954.0,3635924.0,3639881.0,3643259.0,3647129.0,3650338.0,3654399.0,3657912.0,3661409.0,3664888.0,3667283.0,3670289.0,3673111.0,3676133.0,3678987.0,3682012.0,3684828.0,3687288.0,3690043.0,3692887.0,3695863.0,3698510.0,3701564.0,3704902.0,3707544.0,3710474.0,3713243.0,3715749.0,3718334.0,3721070.0,3723329.0,3725373.0,3727389.0,3729317.0,3731248.0,3733169.0,3735092.0,3736848.0,3738278.0,3739904.0,3741687.0,3743146.0,3744742.0,3746560.0,3748058.0,3749343.0,3750835.0,3752668.0,3754693.0,3756446.0,3758198.0,3759740.0,3761168.0,3762663.0,3764068.0,3765647
fikuERAOvvs,1236039.0,1238321.0,1240422.0,1242111.0,1244466.0,1246556.0,1248524.0,1250707.0,1253109.0,1256062.0,1258257.0,1260319.0,1261864.0,1263300.0,1265157.0,1266810.0,1268690.0,1270375.0,1272509.0,1274670.0,1276926.0,1279651.0,1282106.0,1283898.0,1285486.0,1287137.0,1288874.0,1290509.0,1292167.0,1293908.0,1295480.0,1296908.0,1298412.0,1299912.0,1301613.0,1303384.0,1305083.0,1306704.0,1307866.0,1309612.0,1311335.0,1312829.0,1314543.0,1315919.0,1317423.0,1318759.0,1320163.0,1321747.0,1323065.0,1324654.0,1326194.0,1327775.0,1329030.0,1330783.0,1332210.0,1333597.0,1334958.0,1336464.0,1337657.0,1338981.0,1340264.0,1341732.0,1343170.0,1344307.0,1345508.0,1346552.0,1347646.0,1349006.0,1350243.0,1352352.0,1354184.0,1355570.0,1357058.0,1358048.0,1359579.0,1361080.0,1362591.0,1363905.0,1365671.0,1367030.0,1368017.0,1369150.0,1370376.0,1371668.0,1373035.0,1374584.0,1375748.0,1376942.0,1378288.0,1379503.0,1381110.0,1382894.0,1384668.0,1386649.0,1388259.0,1389547.0,1391010.0,1392340.0,1393705.0,1395226.0,1396793.0,1397880.0,1398933.0,1400222.0,1401384.0,1402399.0,1403734.0,1404909.0,1406052.0,1407546.0,1408962.0,1410213.0,1411379.0,1412572.0,1413671.0,1414777.0,1415983.0,1417321.0,1418669.0,1419973.0,1421056.0,1422285.0,1423417.0,1424489.0,1425353.0,1426628.0,1427586.0,1428769.0,1429649.0,1430482.0,1431590.0,1432480.0,1433584.0,1434663.0,,,,,,,,,1443789.0,1444752.0,1445644.0,1446750.0,1447873.0,1448864.0,1449723.0,1450589.0,1451391.0,1452271.0,1453139.0,1454134.0,1455132.0,1456044.0,1456912.0,1457601.0,1458476.0,1459439.0,1460606.0,1461975.0,1463125.0,1464047.0,1464957.0,1466063.0,1467040.0,1467931.0,1469078.0,1470220.0,1471351.0,1472226.0,1473289.0,1474466.0,1475569.0,1476699.0,1477760.0,1478690.0,1479505.0,1480410.0,1481343.0,1482404.0,1483576.0,1484524.0,1485501.0,1486314.0,1487272.0,1488230.0,1489268.0,1490339.0,1491314.0,1492141.0,1492958.0,1493887.0,1494913.0,1495937.0,1496830.0,1497943.0,1498798.0,1499487.0,1500482.0,1501407.0,1502448.0,1503333.0,1504454.0,1505368.0,1506194.0,1507157.0,1508074.0,1509039.0,1509786.0,1510542.0,1511474.0,1512295.0,1513357.0,1514311.0,1515137.0,1515986.0,1517008.0,1517869.0,1518509.0,1519388.0,1520117.0,1520961.0,1521888.0,1522747.0,1523465.0,1524148.0,1524980.0,1525736.0,1526561.0,1527449.0,1528318.0,1529241.0,1529919.0,1530917.0,1531937.0,1533001.0,1533932.0,1534967.0,1535938.0,1536677.0,1537507.0,1538630.0,1539619.0,1540652.0,1541589.0,1542382.0,1543228.0,1544154.0,1545221.0,1546023.0,1546935.0,1547845.0,1548828.0,1549581.0,1550562.0,1551377.0,1552368.0,1553437.0,1554493.0,1555439.0,1556282.0,,1558184.0,1559247.0,1560338.0,1561452.0,1562588.0,1563487.0,1564407.0,1565449.0,1566426.0,1567422.0,1568339.0,1569151.0,1569921.0,1570685.0,1571402.0,1572297.0,1573335.0,1574167.0,1574961.0,1575730.0,1576666.0,1577561.0,1578530.0,1579513.0,1580499.0,1581333.0,1582097.0,1582955.0,1583933.0,1584834.0,1585744.0,1586660.0,1587591.0,1588407.0,1589392.0,1590224.0,1591433.0,1592440.0,1593546.0,1594647.0,1595580.0,1596592.0,1597537.0,1598543.0,1599779.0,1600755.0,1601710.0,1602597.0,1603512.0,1604713.0,1605646.0,1606681.0,1607624.0,1608647.0,1609613.0,1610703.0,1611720.0,1612673.0,1613884.0,1614968.0,1616049.0,1616970.0,1617992.0,1619183.0,1620187.0,1621226.0,1622273.0,1623284.0,1624207.0,1625253.0,1626383.0,1627440.0,1628680.0,1630123.0,1631550.0,1632912.0,1634455.0,1635997.0,1637467.0,1638794.0,1640145.0,1641401.0,1642613.0,1644004.0,1645426.0,1646944.0,1648629.0,1650207.0,1651589.0,1652846.0,1653962.0,1655324.0,1656670.0,1658058.0,1659519.0,1660752.0,1661644.0,1662761.0,1663823.0,1664820.0,1666115.0,1667420.0,1668527.0,1669476.0,1670470.0,1671498.0,1672572.0,1673588.0,1674606.0,1675372.0,1676183.0,1677114.0,1678158.0,1678997
y9fvXf-wJN0,55117.0,55123.0,55130.0,55135.0,55149.0,55175.0,55181.0,55188.0,55197.0,55206.0,55216.0,55218.0,55221.0,55228.0,55238.0,55240.0,55246.0,55253.0,55256.0,55258.0,55264.0,55272.0,55276.0,55286.0,55294.0,55296.0,55301.0,55303.0,55306.0,55314.0,55318.0,55318.0,55319.0,55323.0,55325.0,55330.0,55335.0,55344.0,55348.0,55351.0,55355.0,55359.0,55362.0,55367.0,55372.0,55378.0,55384.0,55393.0,55404.0,55414.0,55422.0,55427.0,55431.0,55438.0,55448.0,55460.0,55470.0,55478.0,55486.0,55495.0,55504.0,55509.0,55518.0,55525.0,55529.0,55534.0,55541.0,55546.0,55555.0,55564.0,55573.0,55578.0,55584.0,55592.0,55596.0,55607.0,55614.0,55619.0,55627.0,55631.0,55644.0,55649.0,55656.0,55663.0,55665.0,55668.0,55675.0,55677.0,55679.0,55682.0,55687.0,55689.0,55691.0,55693.0,55698.0,55702.0,55707.0,55711.0,55717.0,55720.0,55724.0,55728.0,55733.0,55740.0,55744.0,55747.0,55753.0,55762.0,55774.0,55782.0,55787.0,55789.0,55792.0,55798.0,55800.0,55800.0,55804.0,55809.0,55818.0,55822.0,55831.0,55840.0,55847.0,55852.0,55865.0,55874.0,55880.0,55884.0,55887.0,55894.0,55901.0,55903.0,55904.0,55907.0,,,,,,,,,55961.0,55969.0,55975.0,55985.0,55991.0,56003.0,56007.0,56012.0,56017.0,56021.0,56030.0,56036.0,56042.0,56053.0,56060.0,56074.0,56084.0,56095.0,56106.0,56118.0,56127.0,56137.0,56157.0,56171.0,56184.0,56196.0,56205.0,56234.0,56245.0,56255.0,56263.0,56273.0,56283.0,56295.0,56308.0,56321.0,56336.0,56357.0,56390.0,56403.0,56422.0,56441.0,56462.0,56487.0,56511.0,56534.0,56552.0,56576.0,56620.0,56644.0,56675.0,56694.0,56715.0,56735.0,56759.0,56802.0,56831.0,56845.0,56860.0,56881.0,56971.0,57046.0,57077.0,57123.0,57148.0,57156.0,57172.0,57184.0,57197.0,57203.0,57208.0,57212.0,57219.0,57223.0,57234.0,57246.0,57251.0,57258.0,57265.0,57275.0,57282.0,57288.0,57293.0,57294.0,57298.0,57304.0,57307.0,57313.0,57315.0,57321.0,57325.0,57329.0,57333.0,57339.0,57343.0,57348.0,57353.0,57362.0,57369.0,57371.0,57373.0,57376.0,57378.0,57382.0,57388.0,57393.0,57399.0,57404.0,57407.0,57409.0,57411.0,57412.0,57421.0,57433.0,57443.0,57458.0,57462.0,57468.0,57470.0,57471.0,57474.0,,57479.0,57480.0,57482.0,57484.0,57487.0,57489.0,57491.0,57495.0,57504.0,57506.0,57508.0,57510.0,57513.0,57516.0,57522.0,57527.0,57530.0,57534.0,57537.0,57539.0,57540.0,57540.0,57544.0,57545.0,57551.0,57560.0,57563.0,57571.0,57574.0,57576.0,57580.0,57583.0,57598.0,57603.0,57616.0,57627.0,57629.0,57631.0,57638.0,57641.0,57644.0,57645.0,57646.0,57647.0,57652.0,57659.0,57667.0,57672.0,57677.0,57682.0,57692.0,57700.0,57705.0,57716.0,57720.0,57723.0,57727.0,57728.0,57732.0,57734.0,57738.0,57742.0,57744.0,57745.0,57750.0,57755.0,57757.0,57758.0,57761.0,57766.0,57768.0,57770.0,57773.0,57775.0,57780.0,57783.0,57786.0,57791.0,57798.0,57805.0,57806.0,57809.0,57816.0,57820.0,57820.0,57822.0,57825.0,57827.0,57828.0,57831.0,57832.0,57833.0,57834.0,57836.0,57837.0,57840.0,57843.0,57845.0,57848.0,57848.0,57849.0,57853.0,57856.0,57858.0,57858.0,57861.0,57863.0,57864.0,57865.0,57866.0,57868.0,57868.0,57868.0,57872
MQvGxUB-AlY,927095.0,927958.0,929155.0,930166.0,931304.0,932466.0,933630.0,934989.0,935976.0,937168.0,938132.0,939066.0,940218.0,941116.0,942316.0,943235.0,944219.0,945167.0,946079.0,947112.0,948010.0,948894.0,949820.0,950588.0,951266.0,951994.0,952871.0,953660.0,954546.0,955357.0,956185.0,956857.0,957547.0,958536.0,959613.0,960565.0,961743.0,962614.0,963645.0,964479.0,965295.0,966125.0,966938.0,967724.0,968356.0,968966.0,969700.0,970357.0,971088.0,971758.0,972498.0,973182.0,973622.0,974173.0,974763.0,975355.0,975913.0,976534.0,977018.0,977482.0,977995.0,978583.0,979237.0,979786.0,980402.0,980895.0,981330.0,981797.0,982207.0,982813.0,983283.0,983792.0,984235.0,984640.0,985167.0,985670.0,986150.0,986645.0,987149.0,987585.0,988001.0,988547.0,989090.0,989609.0,990135.0,990625.0,991181.0,991564.0,992178.0,992650.0,993321.0,993849.0,994427.0,994991.0,995546.0,995970.0,996576.0,997090.0,997627.0,998161.0,998559.0,999006.0,999498.0,1000021.0,1000496.0,1001058.0,1001593.0,1002126.0,1002697.0,1003315.0,1003744.0,1004340.0,1004915.0,1005448.0,1006126.0,1006610.0,1007250.0,1007774.0,1008435.0,1009024.0,1009551.0,1010103.0,1010614.0,1011157.0,1011681.0,1012224.0,1012674.0,1013190.0,1013709.0,1014172.0,1014621.0,1015080.0,1015629.0,1016188.0,,,,,,,,,1020262.0,1020625.0,1021065.0,1021471.0,1021869.0,1022300.0,1022662.0,1023011.0,1023492.0,1023822.0,1024220.0,1024633.0,1025076.0,1025491.0,1025892.0,1026248.0,1026646.0,1027087.0,1027487.0,1027995.0,1028495.0,1028946.0,1029429.0,1029862.0,1030280.0,1030704.0,1031219.0,1031708.0,1032217.0,1032685.0,1033122.0,1033592.0,1034110.0,1034564.0,1035033.0,1035527.0,1035905.0,1036373.0,1036785.0,1037253.0,1037693.0,1038082.0,1038560.0,1038971.0,1039400.0,1039839.0,1040231.0,1040691.0,1041115.0,1041571.0,1041945.0,1042380.0,1042869.0,1043260.0,1043712.0,1044232.0,1044677.0,1045066.0,1045483.0,1045951.0,1046370.0,1046765.0,1047136.0,1047533.0,1047910.0,1048344.0,1048717.0,1049120.0,1049481.0,1049855.0,1050244.0,1050657.0,1051078.0,1051490.0,1051939.0,1052390.0,1052769.0,1053151.0,1053503.0,1053928.0,1054268.0,1054642.0,1055050.0,1055516.0,1055907.0,1056268.0,1056644.0,1057051.0,1057448.0,1057866.0,1058313.0,1058761.0,1059151.0,1059533.0,1059944.0,1060375.0,1060848.0,1061340.0,1061811.0,1062215.0,1062709.0,1063151.0,1063702.0,1064278.0,1064766.0,1065279.0,1065622.0,1066085.0,1066619.0,1067126.0,1067544.0,1068187.0,1068764.0,1069313.0,1069823.0,1070468.0,1070967.0,1071640.0,1072302.0,1073220.0,1074029.0,,1075946.0,1076802.0,1077484.0,1078209.0,1079158.0,1079922.0,1080867.0,1081818.0,1082633.0,1083621.0,1084668.0,1085585.0,1086698.0,1087781.0,1088876.0,1089989.0,1091099.0,1092159.0,1093448.0,1094667.0,1095949.0,1097339.0,1098776.0,1100270.0,1101938.0,1103534.0,1105126.0,1106840.0,1108554.0,1110290.0,1112108.0,1114124.0,1116309.0,1118343.0,1120509.0,1122653.0,1125147.0,1127746.0,1130727.0,1133915.0,1137182.0,1140207.0,1143288.0,1146471.0,1149054.0,1151460.0,1153839.0,1156008.0,1158193.0,1160261.0,1162392.0,1164638.0,1166959.0,1169154.0,1171257.0,1173587.0,1175711.0,1177685.0,1179572.0,1181584.0,1183496.0,1185252.0,1187076.0,1188750.0,1190087.0,1191750.0,1193039.0,1194290.0,1195533.0,1196780.0,1197970.0,1199168.0,1200453.0,1201847.0,1203178.0,1204423.0,1205844.0,1207182.0,1208613.0,1209992.0,1211399.0,1213028.0,1214453.0,1215898.0,1217307.0,1218757.0,1220069.0,1221560.0,1223028.0,1224407.0,1225829.0,1227010.0,1228278.0,1229497.0,1230783.0,1232093.0,1233206.0,1234344.0,1235551.0,1236777.0,1238008.0,1239325.0,1240559.0,1241662.0,1242713.0,1243699.0,1244660.0,1245580.0,1246628.0,1247567.0,1248395.0,1249345.0,1250229.0,1251242
jE6n72fFYmc,169677.0,169827.0,169957.0,170107.0,170221.0,170354.0,170487.0,170627.0,170760.0,170868.0,170999.0,171174.0,171381.0,171529.0,171648.0,171785.0,171899.0,172019.0,172136.0,172267.0,172385.0,172522.0,172642.0,172744.0,172835.0,172962.0,173095.0,173219.0,173352.0,173485.0,173563.0,173671.0,173786.0,173907.0,174033.0,174190.0,174312.0,174450.0,174550.0,174701.0,174829.0,175001.0,175136.0,175282.0,175365.0,175471.0,175614.0,175723.0,175865.0,175995.0,176146.0,176283.0,176415.0,176558.0,176696.0,176852.0,176973.0,177099.0,177241.0,177362.0,177509.0,177677.0,177832.0,178001.0,178145.0,178247.0,178358.0,178474.0,178582.0,178727.0,178843.0,178980.0,179092.0,179223.0,179376.0,179545.0,179676.0,179792.0,179907.0,180024.0,180123.0,180278.0,180416.0,180552.0,180670.0,180778.0,180886.0,181023.0,181132.0,181256.0,181385.0,181507.0,181636.0,181787.0,181926.0,182053.0,182182.0,182339.0,182490.0,182619.0,182772.0,182880.0,183004.0,183146.0,183241.0,183366.0,183496.0,183592.0,183693.0,183807.0,183925.0,184037.0,184157.0,184291.0,184438.0,184529.0,184657.0,184793.0,184931.0,185057.0,185204.0,185308.0,185397.0,185508.0,185656.0,185828.0,185974.0,186119.0,186234.0,186381.0,186527.0,186666.0,186793.0,186914.0,,,,,,,,,188752.0,188920.0,189086.0,189256.0,189426.0,189574.0,189697.0,189815.0,189935.0,190096.0,190265.0,190437.0,190625.0,190776.0,190940.0,191080.0,191216.0,191378.0,191604.0,191783.0,191912.0,192038.0,192179.0,192280.0,192426.0,192557.0,192671.0,192803.0,192951.0,193067.0,193197.0,193321.0,193454.0,193624.0,193780.0,193929.0,194057.0,194213.0,194354.0,194483.0,194639.0,194766.0,194880.0,195006.0,195160.0,195285.0,195516.0,195668.0,195808.0,195940.0,196075.0,196203.0,196372.0,196635.0,196839.0,197043.0,197196.0,197284.0,197433.0,197555.0,197694.0,197839.0,197970.0,198112.0,198246.0,198369.0,198516.0,198649.0,198796.0,198982.0,199129.0,199241.0,199394.0,199559.0,199749.0,199929.0,200085.0,200241.0,200371.0,200548.0,200744.0,200929.0,201056.0,201221.0,201337.0,201455.0,201578.0,201701.0,201814.0,201954.0,202089.0,202201.0,202306.0,202410.0,202537.0,202650.0,202752.0,202896.0,203029.0,203126.0,203225.0,203326.0,203444.0,203544.0,203648.0,203718.0,203816.0,203935.0,204064.0,204182.0,204325.0,204430.0,204580.0,204687.0,204792.0,204887.0,204972.0,205080.0,205180.0,205273.0,205352.0,,205569.0,205660.0,205802.0,205946.0,206029.0,206136.0,206236.0,206306.0,206403.0,206507.0,206623.0,206716.0,206814.0,206909.0,207006.0,207112.0,207252.0,207358.0,207466.0,207576.0,207695.0,207787.0,207892.0,208008.0,208096.0,208194.0,208277.0,208348.0,208439.0,208512.0,208609.0,208686.0,208799.0,208875.0,208975.0,209074.0,209164.0,209267.0,209347.0,209446.0,209538.0,209616.0,209706.0,209786.0,209872.0,209974.0,210115.0,210262.0,210401.0,210523.0,210660.0,210788.0,210900.0,211002.0,211080.0,211191.0,211304.0,211398.0,211496.0,211577.0,211668.0,211743.0,211820.0,211949.0,212068.0,212172.0,212315.0,212452.0,212599.0,212717.0,212835.0,212926.0,213048.0,213168.0,213261.0,213362.0,213485.0,213582.0,213701.0,213798.0,213901.0,214011.0,214120.0,214201.0,214312.0,214425.0,214521.0,214638.0,214727.0,214810.0,214909.0,215011.0,215107.0,215235.0,215338.0,215449.0,215564.0,215672.0,215776.0,215912.0,216012.0,216092.0,216167.0,216236.0,216350.0,216472.0,216596.0,216700.0,216798.0,216895.0,217003.0,217111.0,217208.0,217311
MsjXX2PcuM8,301.0,301.0,301.0,301.0,301.0,301.0,301.0,301.0,301.0,301.0,301.0,302.0,302.0,302.0,302.0,302.0,302.0,302.0,302.0,302.0,302.0,302.0,302.0,302.0,302.0,302.0,303.0,303.0,303.0,303.0,303.0,304.0,304.0,304.0,304.0,304.0,304.0,304.0,304.0,305.0,305.0,305.0,305.0,305.0,305.0,306.0,306.0,306.0,306.0,306.0,306.0,306.0,306.0,306.0,306.0,306.0,306.0,306.0,306.0,307.0,307.0,307.0,308.0,308.0,308.0,308.0,308.0,308.0,308.0,308.0,308.0,308.0,308.0,308.0,308.0,308.0,308.0,309.0,309.0,309.0,309.0,309.0,309.0,309.0,310.0,310.0,310.0,310.0,310.0,310.0,310.0,310.0,310.0,310.0,310.0,310.0,310.0,310.0,310.0,310.0,310.0,310.0,310.0,310.0,310.0,311.0,311.0,311.0,311.0,311.0,311.0,311.0,311.0,311.0,311.0,312.0,314.0,314.0,314.0,316.0,317.0,317.0,319.0,319.0,319.0,319.0,319.0,319.0,319.0,319.0,319.0,319.0,319.0,319.0,,,,,,,,,321.0,321.0,321.0,321.0,321.0,321.0,322.0,322.0,322.0,322.0,322.0,322.0,322.0,322.0,322.0,322.0,322.0,322.0,322.0,323.0,323.0,323.0,323.0,323.0,323.0,323.0,323.0,323.0,323.0,324.0,324.0,324.0,324.0,324.0,325.0,325.0,325.0,328.0,328.0,328.0,328.0,328.0,328.0,328.0,329.0,329.0,330.0,330.0,330.0,330.0,330.0,331.0,331.0,331.0,331.0,331.0,331.0,331.0,331.0,331.0,331.0,331.0,331.0,331.0,331.0,331.0,331.0,331.0,331.0,331.0,331.0,331.0,331.0,331.0,331.0,331.0,331.0,331.0,331.0,331.0,331.0,331.0,331.0,331.0,331.0,331.0,331.0,331.0,331.0,331.0,331.0,331.0,331.0,331.0,331.0,331.0,331.0,331.0,331.0,331.0,331.0,331.0,331.0,331.0,331.0,331.0,331.0,331.0,331.0,331.0,331.0,331.0,331.0,331.0,331.0,331.0,331.0,331.0,331.0,331.0,331.0,,331.0,331.0,331.0,331.0,331.0,331.0,331.0,331.0,331.0,331.0,331.0,331.0,331.0,331.0,331.0,331.0,332.0,332.0,332.0,332.0,332.0,332.0,332.0,332.0,332.0,332.0,332.0,332.0,332.0,332.0,332.0,332.0,332.0,332.0,332.0,332.0,333.0,333.0,334.0,335.0,335.0,335.0,335.0,335.0,335.0,335.0,335.0,335.0,335.0,335.0,335.0,335.0,335.0,335.0,335.0,335.0,335.0,335.0,336.0,337.0,338.0,338.0,338.0,338.0,338.0,338.0,338.0,338.0,339.0,339.0,339.0,339.0,339.0,339.0,339.0,339.0,340.0,340.0,340.0,340.0,340.0,340.0,340.0,340.0,340.0,340.0,340.0,340.0,342.0,342.0,342.0,342.0,342.0,342.0,342.0,342.0,342.0,342.0,342.0,342.0,342.0,342.0,342.0,342.0,342.0,342.0,342.0,342.0,342.0,342.0,342.0,342.0,342.0,342
1abp-aBVE_Y,216510.0,216556.0,216618.0,216666.0,216732.0,216792.0,216847.0,216904.0,216963.0,217027.0,217081.0,217136.0,217174.0,217234.0,217303.0,217367.0,217427.0,217516.0,217589.0,217662.0,217711.0,217795.0,217878.0,217958.0,218051.0,218103.0,218166.0,218227.0,218301.0,218350.0,218428.0,218482.0,218566.0,218676.0,218731.0,218803.0,218895.0,218976.0,219042.0,219139.0,219193.0,219268.0,219339.0,219429.0,219489.0,219541.0,219611.0,219692.0,219754.0,219826.0,219887.0,219948.0,220032.0,220115.0,220172.0,220256.0,220332.0,220404.0,220495.0,220568.0,220636.0,220712.0,220775.0,220857.0,220932.0,220994.0,221055.0,221127.0,221190.0,221278.0,221372.0,221462.0,221521.0,221622.0,221702.0,221777.0,221869.0,221920.0,222010.0,222079.0,222148.0,222245.0,222320.0,222381.0,222452.0,222524.0,222597.0,222685.0,222778.0,222848.0,222908.0,222956.0,223009.0,223087.0,223154.0,223220.0,223287.0,223342.0,223419.0,223488.0,223522.0,223579.0,223618.0,223662.0,223718.0,223768.0,223819.0,223884.0,223960.0,224022.0,224091.0,224140.0,224187.0,224260.0,224322.0,224396.0,224464.0,224543.0,224602.0,224649.0,224705.0,224761.0,224817.0,224866.0,224928.0,224970.0,225046.0,225094.0,225148.0,225210.0,225286.0,225326.0,225370.0,225422.0,,,,,,,,,225976.0,226056.0,226135.0,226205.0,226270.0,226324.0,226378.0,226430.0,226515.0,226585.0,226645.0,226686.0,226745.0,226789.0,226840.0,226923.0,226978.0,227048.0,227106.0,227166.0,227262.0,227322.0,227397.0,227458.0,227500.0,227550.0,227593.0,227654.0,227697.0,227770.0,227856.0,227933.0,227993.0,228067.0,228139.0,228186.0,228256.0,228339.0,228388.0,228445.0,228480.0,228539.0,228593.0,228644.0,228704.0,228744.0,228802.0,228861.0,228920.0,229012.0,229065.0,229128.0,229167.0,229220.0,229256.0,229305.0,229354.0,229415.0,229469.0,229526.0,229581.0,229636.0,229695.0,229752.0,229813.0,229867.0,229900.0,229969.0,230027.0,230088.0,230139.0,230190.0,230243.0,230288.0,230357.0,230412.0,230461.0,230532.0,230593.0,230651.0,230686.0,230746.0,230805.0,230856.0,230918.0,230976.0,231041.0,231093.0,231159.0,231199.0,231263.0,231316.0,231381.0,231435.0,231496.0,231558.0,231617.0,231670.0,231719.0,231783.0,231854.0,231901.0,231949.0,232002.0,232052.0,232112.0,232169.0,232237.0,232284.0,232330.0,232398.0,232445.0,232480.0,232519.0,232581.0,232627.0,232657.0,232707.0,232767.0,232824.0,232860.0,,232964.0,233013.0,233044.0,233075.0,233110.0,233158.0,233200.0,233247.0,233295.0,233326.0,233376.0,233401.0,233455.0,233513.0,233544.0,233577.0,233623.0,233675.0,233736.0,233781.0,233835.0,233890.0,233935.0,233981.0,234024.0,234076.0,234111.0,234167.0,234214.0,234249.0,234288.0,234329.0,234386.0,234421.0,234470.0,234500.0,234544.0,234593.0,234643.0,234690.0,234746.0,234804.0,234855.0,234891.0,234947.0,234990.0,235042.0,235091.0,235133.0,235185.0,235232.0,235280.0,235334.0,235394.0,235436.0,235480.0,235520.0,235568.0,235598.0,235660.0,235713.0,235741.0,235793.0,235852.0,235885.0,235940.0,236003.0,236065.0,236121.0,236188.0,236225.0,236280.0,236331.0,236390.0,236440.0,236491.0,236553.0,236597.0,236634.0,236671.0,236729.0,236779.0,236840.0,236905.0,236944.0,236969.0,237013.0,237061.0,237118.0,237156.0,237222.0,237271.0,237320.0,237365.0,237435.0,237475.0,237559.0,237627.0,237676.0,237731.0,237792.0,237843.0,237950.0,238136.0,238238.0,238312.0,238373.0,238444.0,238487.0,238578.0,238664.0,238732.0,238792.0,238863
1HfKSlmQ5p8,377.0,378.0,378.0,378.0,380.0,380.0,380.0,380.0,380.0,380.0,380.0,380.0,380.0,381.0,381.0,381.0,381.0,381.0,381.0,381.0,381.0,381.0,381.0,381.0,381.0,381.0,381.0,381.0,381.0,381.0,381.0,381.0,381.0,381.0,381.0,381.0,381.0,381.0,381.0,381.0,381.0,381.0,384.0,384.0,384.0,384.0,384.0,384.0,384.0,384.0,384.0,384.0,384.0,384.0,384.0,384.0,384.0,384.0,384.0,384.0,386.0,387.0,387.0,387.0,387.0,387.0,387.0,387.0,387.0,387.0,387.0,387.0,387.0,387.0,387.0,387.0,387.0,387.0,387.0,387.0,387.0,387.0,387.0,387.0,387.0,387.0,387.0,387.0,387.0,387.0,387.0,387.0,387.0,387.0,387.0,387.0,387.0,387.0,387.0,387.0,387.0,387.0,387.0,387.0,387.0,387.0,387.0,387.0,387.0,387.0,387.0,387.0,389.0,389.0,389.0,389.0,389.0,389.0,389.0,389.0,389.0,389.0,389.0,389.0,389.0,389.0,389.0,389.0,389.0,389.0,389.0,389.0,389.0,389.0,,,,,,,,,390.0,390.0,390.0,390.0,390.0,390.0,390.0,391.0,391.0,393.0,393.0,393.0,393.0,393.0,393.0,393.0,393.0,393.0,393.0,393.0,393.0,393.0,393.0,393.0,393.0,393.0,393.0,393.0,393.0,393.0,393.0,393.0,393.0,393.0,393.0,393.0,393.0,393.0,393.0,393.0,393.0,393.0,393.0,393.0,393.0,393.0,393.0,393.0,393.0,393.0,393.0,393.0,393.0,393.0,393.0,393.0,393.0,393.0,393.0,393.0,393.0,393.0,393.0,393.0,393.0,393.0,393.0,393.0,393.0,393.0,393.0,393.0,393.0,393.0,393.0,393.0,393.0,393.0,393.0,393.0,393.0,393.0,393.0,393.0,393.0,393.0,393.0,393.0,393.0,393.0,393.0,393.0,393.0,393.0,393.0,393.0,393.0,393.0,393.0,393.0,393.0,393.0,393.0,393.0,393.0,393.0,393.0,393.0,393.0,393.0,393.0,393.0,393.0,393.0,393.0,393.0,393.0,393.0,393.0,393.0,393.0,,393.0,393.0,393.0,393.0,393.0,393.0,393.0,393.0,393.0,393.0,393.0,393.0,393.0,393.0,393.0,393.0,393.0,393.0,393.0,393.0,393.0,393.0,393.0,393.0,393.0,393.0,393.0,393.0,393.0,393.0,393.0,393.0,393.0,393.0,393.0,393.0,393.0,393.0,393.0,393.0,393.0,393.0,393.0,393.0,393.0,393.0,393.0,393.0,393.0,393.0,393.0,393.0,393.0,393.0,393.0,393.0,393.0,393.0,393.0,393.0,393.0,393.0,393.0,393.0,393.0,393.0,393.0,393.0,393.0,393.0,393.0,393.0,393.0,393.0,393.0,393.0,393.0,393.0,393.0,393.0,393.0,393.0,393.0,393.0,393.0,393.0,393.0,393.0,393.0,393.0,393.0,393.0,393.0,393.0,393.0,393.0,393.0,393.0,393.0,393.0,393.0,393.0,393.0,393.0,393.0,393.0,393.0,393.0,393.0,393.0,393.0,393.0,393.0,393
3MN2yjzoVK0,1021784.0,1021909.0,1022027.0,1022109.0,1022229.0,1022354.0,1022539.0,1022709.0,1022879.0,1023090.0,1023265.0,1023399.0,1023555.0,1023692.0,1023831.0,1023950.0,1024077.0,1024206.0,1024314.0,1024414.0,1024545.0,1024642.0,1024774.0,1024884.0,1024954.0,1025042.0,1025148.0,1025242.0,1025314.0,1025394.0,1025474.0,1025546.0,1025622.0,1025692.0,1025771.0,1025844.0,1025917.0,1026003.0,1026073.0,1026154.0,1026235.0,1026316.0,1026394.0,1026492.0,1026637.0,1026739.0,1026849.0,1027012.0,1027138.0,1027255.0,1027395.0,1027513.0,1027616.0,1027736.0,1027839.0,1027985.0,1028074.0,1028182.0,1028298.0,1028398.0,1028493.0,1028608.0,1028713.0,1028817.0,1028922.0,1029028.0,1029097.0,1029179.0,1029224.0,1029315.0,1029397.0,1029469.0,1029534.0,1029625.0,1029717.0,1029792.0,1029877.0,1029973.0,1030065.0,1030137.0,1030213.0,1030281.0,1030337.0,1030406.0,1030478.0,1030534.0,1030613.0,1030666.0,1030741.0,1030797.0,1030863.0,1030947.0,1031009.0,1031085.0,1031157.0,1031238.0,1031294.0,1031354.0,1031444.0,1031532.0,1031624.0,1031721.0,1031795.0,1031870.0,1031948.0,1032021.0,1032104.0,1032183.0,1032258.0,1032317.0,1032418.0,1032479.0,1032539.0,1032623.0,1032708.0,1032802.0,1032874.0,1032948.0,1033034.0,1033112.0,1033188.0,1033257.0,1033331.0,1033395.0,1033472.0,1033551.0,1033633.0,1033714.0,1033788.0,1033865.0,1033944.0,1034001.0,1034071.0,1034126.0,,,,,,,,,1034647.0,1034722.0,1034774.0,1034875.0,1034932.0,1034993.0,1035072.0,1035114.0,1035178.0,1035250.0,1035296.0,1035354.0,1035424.0,1035497.0,1035564.0,1035596.0,1035657.0,1035713.0,1035741.0,1035834.0,1035874.0,1035926.0,1035981.0,1036037.0,1036104.0,1036155.0,1036195.0,1036257.0,1036313.0,1036354.0,1036398.0,1036453.0,1036506.0,1036548.0,1036596.0,1036659.0,1036709.0,1036776.0,1036849.0,1036899.0,1036976.0,1037021.0,1037064.0,1037101.0,1037136.0,1037163.0,1037231.0,1037300.0,1037351.0,1037390.0,1037430.0,1037462.0,1037498.0,1037536.0,1037583.0,1037639.0,1037675.0,1037705.0,1037748.0,1037800.0,1037835.0,1037884.0,1037934.0,1037973.0,1038017.0,1038063.0,1038115.0,1038165.0,1038213.0,1038269.0,1038340.0,1038418.0,1038475.0,1038529.0,1038587.0,1038638.0,1038685.0,1038740.0,1038801.0,1038852.0,1038909.0,1038950.0,1038997.0,1039063.0,1039111.0,1039158.0,1039200.0,1039257.0,1039294.0,1039350.0,1039392.0,1039453.0,1039515.0,1039557.0,1039607.0,1039656.0,1039713.0,1039757.0,1039794.0,1039845.0,1039915.0,1039960.0,1040035.0,1040115.0,1040170.0,1040229.0,1040291.0,1040355.0,1040415.0,1040483.0,1040533.0,1040598.0,1040659.0,1040709.0,1040760.0,1040814.0,1040869.0,1040912.0,1040962.0,1041003.0,1041047.0,,1041144.0,1041216.0,1041252.0,1041314.0,1041343.0,1041389.0,1041457.0,1041510.0,1041560.0,1041601.0,1041650.0,1041705.0,1041740.0,1041792.0,1041842.0,1041901.0,1041949.0,1042011.0,1042048.0,1042093.0,1042141.0,1042196.0,1042249.0,1042300.0,1042366.0,1042410.0,1042451.0,1042511.0,1042563.0,1042616.0,1042663.0,1042703.0,1042746.0,1042784.0,1042830.0,1042880.0,1042930.0,1042981.0,1043043.0,1043078.0,1043118.0,1043161.0,1043203.0,1043251.0,1043307.0,1043341.0,1043386.0,1043449.0,1043490.0,1043535.0,1043599.0,1043649.0,1043695.0,1043744.0,1043776.0,1043815.0,1043858.0,1043902.0,1043940.0,1043979.0,1044030.0,1044074.0,1044127.0,1044172.0,1044222.0,1044257.0,1044308.0,1044354.0,1044406.0,1044450.0,1044519.0,1044578.0,1044633.0,1044686.0,1044750.0,1044818.0,1044867.0,1044920.0,1044964.0,1045016.0,1045055.0,1045120.0,1045162.0,1045228.0,1045308.0,1045366.0,1045425.0,1045491.0,1045547.0,1045601.0,1045658.0,1045714.0,1045774.0,1045825.0,1045876.0,1045934.0,1045993.0,1046051.0,1046118.0,1046173.0,1046225.0,1046284.0,1046337.0,1046385.0,1046425.0,1046474.0,1046520.0,1046577.0,1046636.0,1046764.0,1046863.0,1046979.0,1047084.0,1047191
qA-h8zcFpnw,7544707.0,7549240.0,7553212.0,7557355.0,7562850.0,7568699.0,7573901.0,7578469.0,7582951.0,7586636.0,7590122.0,7594268.0,7599056.0,7603751.0,7608646.0,7613341.0,7617600.0,7620926.0,7624724.0,7628358.0,7631681.0,7635397.0,7639677.0,7644460.0,7648382.0,7652586.0,7657402.0,7662617.0,7667567.0,7673405.0,7679636.0,7684986.0,7689518.0,7694058.0,7699334.0,7703809.0,7708828.0,7714821.0,7719522.0,7724756.0,7729710.0,7734769.0,7740617.0,7745992.0,7750617.0,7755173.0,7760677.0,7766233.0,7771411.0,7776176.0,7780925.0,7786199.0,7791178.0,7797143.0,7801817.0,7806102.0,7810222.0,7814864.0,7819671.0,7823711.0,7827544.0,7831751.0,7836095.0,7840306.0,7844559.0,7848802.0,7852512.0,7856713.0,7860358.0,7864992.0,7868731.0,7872094.0,7875561.0,7878653.0,7882158.0,7885735.0,7889222.0,7893178.0,7897906.0,7902141.0,7906081.0,7910008.0,7913599.0,7917010.0,7920568.0,7924576.0,7928180.0,7931279.0,7934797.0,7938466.0,7942357.0,7946170.0,7950066.0,7953495.0,7956424.0,7960133.0,7963589.0,7967274.0,7970903.0,7975500.0,7979264.0,7982770.0,7987172.0,7991407.0,7995720.0,8000157.0,8004424.0,8008581.0,8012067.0,8015633.0,8019352.0,8023144.0,8027338.0,8031553.0,8035041.0,8037911.0,8041480.0,8045186.0,8048977.0,8053192.0,8056299.0,8059586.0,8062877.0,8066625.0,8069718.0,8073136.0,8076622.0,8080285.0,8084293.0,8087314.0,8091653.0,8094811.0,8097971.0,8101896.0,,,,,,,,,8134424.0,8137251.0,8140412.0,8143307.0,8146123.0,8149326.0,8152460.0,8155300.0,8157887.0,8161281.0,8165353.0,8169933.0,8174752.0,8179797.0,8184791.0,8188889.0,8193513.0,8198706.0,8203800.0,8209255.0,8215153.0,8220180.0,8224552.0,8229520.0,8234019.0,8238219.0,8242746.0,8247627.0,8251677.0,8255085.0,8259151.0,8263567.0,8267826.0,8271757.0,8276069.0,8279971.0,8283399.0,8287543.0,8291697.0,8295859.0,8300026.0,8305043.0,8309570.0,8313732.0,8318850.0,8323816.0,8329177.0,8334866.0,8340511.0,8345432.0,8349733.0,8354658.0,8359175.0,8363473.0,8367935.0,8372587.0,8376696.0,8380357.0,8384908.0,8388792.0,8393421.0,8396783.0,8400318.0,8403867.0,8406811.0,8410403.0,8414558.0,8418414.0,8421737.0,8425428.0,8428830.0,8431756.0,8435531.0,8439464.0,8443331.0,8447283.0,8451621.0,8454859.0,8457663.0,8461228.0,8465045.0,8468381.0,8472651.0,8476667.0,8480010.0,8483232.0,8486657.0,8490056.0,8493334.0,8496753.0,8500132.0,8503208.0,8505692.0,8508852.0,8512174.0,8515443.0,8518572.0,8521963.0,8525093.0,8527777.0,8530874.0,8534505.0,8538211.0,8542101.0,8546224.0,8550063.0,8553160.0,8557159.0,8562113.0,8566338.0,8570327.0,8573467.0,8576967.0,8579471.0,8582013.0,8584512.0,8586669.0,8589349.0,8592327.0,8594524.0,8596052.0,,8600701.0,8603155.0,8605888.0,8608602.0,8610926.0,8612847.0,8614479.0,8616479.0,8618806.0,8620927.0,8623491.0,8625322.0,8627169.0,8629289.0,8631502.0,8633618.0,8635833.0,8638151.0,8640392.0,8642163.0,8644602.0,8646993.0,8649353.0,8651896.0,8654565.0,8656838.0,8658667.0,8660894.0,8663256.0,8665458.0,8667466.0,8669865.0,8671848.0,8673532.0,8675432.0,8677445.0,8679521.0,8681736.0,8684306.0,8686568.0,8688170.0,8690608.0,8692862.0,8695049.0,8697073.0,8699200.0,8701411.0,8703356.0,8705786.0,8708354.0,8710997.0,8713483.0,8715990.0,8718540.0,8720910.0,8724260.0,8726941.0,8729686.0,8732584.0,8735716.0,8738533.0,8740973.0,8743901.0,8746769.0,8750074.0,8753496.0,8756385.0,8759191.0,8761847.0,8765377.0,8768523.0,8771947.0,8775511.0,8779647.0,8783269.0,8786348.0,8790182.0,8793756.0,8797578.0,8801513.0,8806033.0,8809957.0,8813367.0,8817074.0,8820887.0,8824742.0,8828911.0,8833449.0,8836801.0,8840149.0,8843100.0,8846425.0,8850051.0,8854034.0,8858029.0,8862142.0,8865216.0,8868932.0,8872788.0,8875983.0,8880012.0,8885249.0,8889796.0,8893309.0,8897743.0,8903090.0,8908365.0,8913099.0,8917254.0,8921841.0,8925576.0,8929739.0,8933767.0,8938145
EfJUlKJ7vHk,105503.0,105522.0,105545.0,105573.0,105586.0,105598.0,105628.0,105644.0,105663.0,105687.0,105703.0,105727.0,105742.0,105756.0,105782.0,105801.0,105814.0,105822.0,105840.0,105853.0,105869.0,105887.0,105900.0,105914.0,105921.0,105937.0,105947.0,105962.0,105983.0,106004.0,106032.0,106069.0,106081.0,106095.0,106113.0,106129.0,106156.0,106174.0,106183.0,106202.0,106212.0,106223.0,106237.0,106243.0,106248.0,106273.0,106286.0,106313.0,106320.0,106337.0,106352.0,106370.0,106386.0,106401.0,106419.0,106439.0,106450.0,106469.0,106479.0,106491.0,106511.0,106528.0,106540.0,106556.0,106574.0,106586.0,106599.0,106609.0,106626.0,106646.0,106668.0,106678.0,106690.0,106704.0,106710.0,106722.0,106733.0,106746.0,106765.0,106777.0,106787.0,106795.0,106808.0,106817.0,106823.0,106842.0,106856.0,106864.0,106883.0,106892.0,106911.0,106922.0,106940.0,106948.0,106959.0,106969.0,106985.0,106999.0,107016.0,107034.0,107050.0,107069.0,107080.0,107091.0,107105.0,107115.0,107129.0,107142.0,107150.0,107161.0,107172.0,107185.0,107197.0,107208.0,107222.0,107230.0,107240.0,107254.0,107265.0,107278.0,107287.0,107295.0,107306.0,107316.0,107334.0,107348.0,107363.0,107377.0,107392.0,107402.0,107411.0,107423.0,107435.0,107446.0,,,,,,,,,107577.0,107590.0,107605.0,107616.0,107632.0,107650.0,107661.0,107674.0,107685.0,107694.0,107707.0,107719.0,107737.0,107746.0,107762.0,107775.0,107784.0,107797.0,107810.0,107817.0,107824.0,107831.0,107840.0,107859.0,107873.0,107886.0,107902.0,107915.0,107934.0,107943.0,107958.0,107973.0,107984.0,108002.0,108014.0,108027.0,108036.0,108047.0,108050.0,108070.0,108088.0,108106.0,108117.0,108126.0,108143.0,108165.0,108189.0,108204.0,108222.0,108236.0,108255.0,108271.0,108287.0,108313.0,108335.0,108350.0,108366.0,108377.0,108390.0,108416.0,108433.0,108445.0,108463.0,108476.0,108498.0,108511.0,108536.0,108559.0,108570.0,108582.0,108600.0,108617.0,108649.0,108675.0,108709.0,108737.0,108760.0,108775.0,108805.0,108829.0,108860.0,108879.0,108913.0,108950.0,108973.0,108997.0,109025.0,109043.0,109060.0,109085.0,109104.0,109124.0,109130.0,109152.0,109165.0,109193.0,109217.0,109248.0,109266.0,109289.0,109314.0,109330.0,109387.0,109460.0,109497.0,109521.0,109540.0,109560.0,109587.0,109601.0,109621.0,109645.0,109658.0,109671.0,109686.0,109707.0,109722.0,109747.0,109769.0,109790.0,109806.0,,109846.0,109872.0,109909.0,109952.0,109979.0,109999.0,110021.0,110045.0,110074.0,110101.0,110138.0,110167.0,110189.0,110218.0,110242.0,110267.0,110302.0,110335.0,110371.0,110396.0,110416.0,110434.0,110478.0,110500.0,110526.0,110544.0,110565.0,110592.0,110621.0,110644.0,110663.0,110702.0,110733.0,110752.0,110774.0,110812.0,110840.0,110882.0,110911.0,110964.0,111007.0,111041.0,111077.0,111119.0,111158.0,111200.0,111272.0,111349.0,111413.0,111550.0,111646.0,111744.0,111900.0,112125.0,112205.0,112292.0,112369.0,112536.0,112765.0,112999.0,113212.0,113411.0,113607.0,113993.0,114542.0,115126.0,115826.0,116695.0,117469.0,118233.0,120022.0,121984.0,124063.0,125797.0,127733.0,129933.0,131889.0,131880.0,131880.0,131880.0,131880.0,131880.0,131880.0,131881.0,131881.0,131881.0,131881.0,131881.0,131881.0,131881.0,131881.0,131881.0,131881.0,131881.0,131881.0,131881.0,131881.0,131882.0,131882.0,131882.0,131882.0,131882.0,131882.0,131882.0,131882.0,131882.0,131882.0,131882.0,131882.0,131882.0,131882.0,131882.0,131882.0,131882
ChPleqU97jA,60679.0,60702.0,60725.0,60739.0,60752.0,60763.0,60784.0,60803.0,60820.0,60836.0,60851.0,60869.0,60884.0,60897.0,60917.0,60935.0,60957.0,60974.0,60987.0,61013.0,61024.0,61042.0,61059.0,61074.0,61083.0,61105.0,61121.0,61137.0,61156.0,61179.0,61203.0,61242.0,61268.0,61282.0,61314.0,61326.0,61344.0,61359.0,61372.0,61380.0,61384.0,61404.0,61416.0,61429.0,61440.0,61453.0,61465.0,61476.0,61494.0,61507.0,61524.0,61539.0,61549.0,61561.0,61583.0,61598.0,61614.0,61628.0,61637.0,61644.0,61666.0,61683.0,61697.0,61718.0,61737.0,61748.0,61761.0,61777.0,61793.0,61810.0,61821.0,61833.0,61847.0,61857.0,61873.0,61889.0,61910.0,61922.0,61952.0,61966.0,61981.0,61996.0,62010.0,62017.0,62021.0,62036.0,62050.0,62059.0,62075.0,62089.0,62110.0,62126.0,62143.0,62154.0,62165.0,62177.0,62194.0,62211.0,62226.0,62242.0,62256.0,62273.0,62285.0,62297.0,62305.0,62319.0,62334.0,62352.0,62366.0,62383.0,62392.0,62402.0,62417.0,62426.0,62446.0,62451.0,62469.0,62479.0,62487.0,62499.0,62508.0,62514.0,62522.0,62527.0,62543.0,62550.0,62558.0,62576.0,62589.0,62605.0,62614.0,62622.0,62631.0,62641.0,,,,,,,,,62724.0,62738.0,62749.0,62756.0,62768.0,62775.0,62791.0,62802.0,62811.0,62827.0,62840.0,62848.0,62860.0,62875.0,62896.0,62910.0,62919.0,62933.0,62943.0,62949.0,62970.0,62974.0,62980.0,62992.0,63000.0,63014.0,63032.0,63048.0,63055.0,63075.0,63086.0,63093.0,63111.0,63120.0,63128.0,63138.0,63144.0,63151.0,63155.0,63171.0,63180.0,63186.0,63194.0,63200.0,63206.0,63222.0,63237.0,63247.0,63258.0,63267.0,63276.0,63291.0,63298.0,63310.0,63323.0,63334.0,63338.0,63346.0,63355.0,63366.0,63382.0,63388.0,63397.0,63404.0,63417.0,63425.0,63444.0,63464.0,63476.0,63488.0,63499.0,63515.0,63530.0,63540.0,63560.0,63578.0,63608.0,63623.0,63647.0,63658.0,63680.0,63694.0,63713.0,63725.0,63732.0,63741.0,63757.0,63769.0,63780.0,63800.0,63827.0,63833.0,63875.0,63908.0,63912.0,63940.0,63962.0,63976.0,63992.0,64009.0,64029.0,64041.0,64051.0,64065.0,64086.0,64103.0,64116.0,64135.0,64150.0,64173.0,64184.0,64199.0,64219.0,64225.0,64247.0,64260.0,64282.0,64300.0,64313.0,64324.0,64336.0,,64369.0,64394.0,64415.0,64434.0,64446.0,64464.0,64477.0,64481.0,64499.0,64516.0,64532.0,64554.0,64564.0,64580.0,64597.0,64620.0,64645.0,64663.0,64691.0,64721.0,64746.0,64773.0,64796.0,64828.0,64844.0,64868.0,64887.0,64907.0,64936.0,64955.0,64969.0,64985.0,65019.0,65037.0,65058.0,65078.0,65098.0,65133.0,65151.0,65168.0,65186.0,65218.0,65250.0,65289.0,65307.0,65334.0,65385.0,65432.0,65474.0,65551.0,65634.0,65697.0,65752.0,65861.0,65915.0,65966.0,66031.0,66066.0,66143.0,66210.0,66270.0,66331.0,66401.0,66533.0,66828.0,67583.0,67924.0,68504.0,69589.0,70592.0,71281.0,72593.0,76259.0,80312.0,81912.0,83258.0,85280.0,85276.0,85276.0,85276.0,85275.0,85275.0,85275.0,85275.0,85275.0,85275.0,85275.0,85275.0,85275.0,85275.0,85275.0,85275.0,85275.0,85275.0,85275.0,85275.0,85275.0,85275.0,85275.0,85275.0,85275.0,85275.0,85275.0,85275.0,85275.0,85275.0,85275.0,85275.0,85275.0,85275.0,85275.0,85275.0,85275.0,85275
FShShvoRqGw,1239.0,1239.0,1240.0,1240.0,1241.0,1241.0,1241.0,1241.0,1241.0,1241.0,1241.0,1241.0,1241.0,1241.0,1241.0,1241.0,1241.0,1241.0,1241.0,1241.0,1241.0,1241.0,1241.0,1241.0,1241.0,1241.0,1241.0,1241.0,1241.0,1241.0,1241.0,1241.0,1241.0,1241.0,1241.0,1241.0,1241.0,1241.0,1241.0,1241.0,1241.0,1241.0,1241.0,1241.0,1241.0,1241.0,1241.0,1241.0,1241.0,1241.0,1241.0,1241.0,1241.0,1241.0,1241.0,1241.0,1241.0,1241.0,1241.0,1241.0,1241.0,1241.0,1241.0,1241.0,1241.0,1241.0,1241.0,1241.0,1241.0,1241.0,1241.0,1242.0,1241.0,1241.0,1241.0,1241.0,1241.0,1241.0,1241.0,1241.0,1241.0,1241.0,1241.0,1241.0,1241.0,1241.0,1241.0,1241.0,1241.0,1241.0,1241.0,1241.0,1241.0,1241.0,1241.0,1241.0,1241.0,1241.0,1241.0,1241.0,1241.0,1241.0,1241.0,1242.0,1242.0,1242.0,1242.0,1242.0,1242.0,1242.0,1242.0,1242.0,1242.0,1242.0,1243.0,1243.0,1243.0,1243.0,1243.0,1243.0,1243.0,1243.0,1243.0,1243.0,1243.0,1243.0,1243.0,1243.0,1243.0,1243.0,1243.0,1243.0,1243.0,1243.0,,,,,,,,,1243.0,1243.0,1243.0,1243.0,1243.0,1243.0,1243.0,1243.0,1243.0,1243.0,1243.0,1243.0,1243.0,1243.0,1243.0,1243.0,1243.0,1243.0,1243.0,1243.0,1243.0,1243.0,1243.0,1243.0,1243.0,1243.0,1243.0,1243.0,1243.0,1243.0,1243.0,1243.0,1243.0,1243.0,1243.0,1243.0,1243.0,1243.0,1243.0,1243.0,1243.0,1243.0,1243.0,1243.0,1243.0,1243.0,1243.0,1243.0,1243.0,1243.0,1243.0,1243.0,1243.0,1243.0,1243.0,1243.0,1243.0,1243.0,1243.0,1243.0,1243.0,1243.0,1243.0,1243.0,1243.0,1243.0,1243.0,1243.0,1243.0,1243.0,1243.0,1243.0,1243.0,1243.0,1243.0,1243.0,1243.0,1243.0,1243.0,1243.0,1243.0,1243.0,1243.0,1243.0,1243.0,1243.0,1243.0,1243.0,1243.0,1243.0,1243.0,1243.0,1243.0,1243.0,1243.0,1243.0,1243.0,1243.0,1243.0,1243.0,1243.0,1243.0,1243.0,1243.0,1243.0,1243.0,1243.0,1243.0,1243.0,1243.0,1243.0,1243.0,1243.0,1243.0,1243.0,1243.0,1243.0,1243.0,1243.0,1243.0,1243.0,,1243.0,1243.0,1243.0,1243.0,1243.0,1243.0,1243.0,1243.0,1243.0,1243.0,1243.0,1243.0,1243.0,1243.0,1243.0,1243.0,1243.0,1243.0,1243.0,1243.0,1243.0,1243.0,1243.0,1243.0,1243.0,1243.0,1243.0,1243.0,1243.0,1243.0,1243.0,1243.0,1243.0,1243.0,1243.0,1243.0,1243.0,1243.0,1243.0,1243.0,1243.0,1243.0,1243.0,1243.0,1243.0,1243.0,1243.0,1243.0,1243.0,1243.0,1243.0,1243.0,1243.0,1243.0,1243.0,1243.0,1243.0,1243.0,1243.0,1243.0,1243.0,1243.0,1243.0,1243.0,1243.0,1243.0,1243.0,1243.0,1243.0,1243.0,1243.0,1243.0,1243.0,1243.0,1243.0,1243.0,1243.0,1243.0,1243.0,1243.0,1243.0,1243.0,1243.0,1243.0,1243.0,1243.0,1243.0,1243.0,1243.0,1243.0,1243.0,1243.0,1243.0,1243.0,1243.0,1243.0,1243.0,1243.0,1243.0,1243.0,1243.0,1243.0,1243.0,1243.0,1243.0,1243.0,1243.0,1243.0,1243.0,1243.0,1243.0,1243.0,1243.0,1243
t6l4rrREwIs,1018561.0,1018987.0,1019428.0,1019916.0,1020441.0,1020919.0,1021424.0,1021898.0,1022396.0,1022812.0,1023239.0,1023665.0,1024151.0,1024624.0,1025046.0,1025439.0,1025782.0,1026091.0,1026397.0,1026752.0,1027064.0,1027460.0,1027761.0,1028085.0,1028376.0,1028654.0,1028979.0,1029256.0,1029597.0,1029941.0,1030239.0,1030504.0,1030810.0,1031113.0,1031405.0,1031759.0,1032086.0,1032362.0,1032705.0,1032982.0,1033357.0,1033671.0,1034020.0,1034381.0,1034631.0,1035006.0,1035358.0,1035660.0,1036050.0,1036412.0,1036728.0,1037049.0,1037389.0,1037759.0,1038100.0,1038445.0,1038783.0,1039150.0,1039512.0,1039883.0,1040224.0,1040655.0,1041032.0,1041411.0,1041716.0,1042039.0,1042293.0,1042553.0,1042837.0,1043175.0,1043510.0,1043846.0,1044141.0,1044416.0,1044718.0,1045061.0,1045337.0,1045651.0,1045997.0,1046365.0,1046703.0,1046987.0,1047290.0,1047565.0,1047822.0,1048102.0,1048355.0,1048647.0,1048980.0,1049259.0,1049559.0,1049902.0,1050179.0,1050510.0,1050826.0,1051144.0,1051446.0,1051776.0,1052147.0,1052481.0,1052783.0,1053082.0,1053512.0,1053880.0,1054390.0,1054913.0,1055440.0,1055836.0,1056252.0,1056624.0,1057025.0,1057488.0,1057972.0,1058352.0,1058698.0,1059059.0,1059405.0,1059741.0,1060099.0,1060383.0,1060749.0,1060996.0,1061273.0,1061520.0,1061832.0,1062095.0,1062394.0,1062763.0,1063065.0,1063337.0,1063634.0,1063901.0,1064231.0,1064511.0,,,,,,,,,1066571.0,1066755.0,1066973.0,1067205.0,1067414.0,1067613.0,1067778.0,1067942.0,1068152.0,1068382.0,1068597.0,1068808.0,1069044.0,1069256.0,1069448.0,1069609.0,1069844.0,1070059.0,1070278.0,1070445.0,1070648.0,1070852.0,1071052.0,1071260.0,1071504.0,1071741.0,1071921.0,1072198.0,1072410.0,1072610.0,1072869.0,1073062.0,1073311.0,1073539.0,1073755.0,1074028.0,1074252.0,1074506.0,1074734.0,1075042.0,1075285.0,1075590.0,1075875.0,1076182.0,1076519.0,1076819.0,1077175.0,1077617.0,1078030.0,1078324.0,1078617.0,1078937.0,1079205.0,1079535.0,1079858.0,1080250.0,1080660.0,1080948.0,1081251.0,1081561.0,1081917.0,1082188.0,1082488.0,1082774.0,1083035.0,1083309.0,1083586.0,1083834.0,1084028.0,1084309.0,1084521.0,1084778.0,1085134.0,1085487.0,1085896.0,1086262.0,1086674.0,1087114.0,1087529.0,1088015.0,1088640.0,1089161.0,1089755.0,1090304.0,1090944.0,1091388.0,1091938.0,1092386.0,1092826.0,1093270.0,1093867.0,1094355.0,1094743.0,1095106.0,1095450.0,1095746.0,1096046.0,1096332.0,1096652.0,1096952.0,1097280.0,1097589.0,1097881.0,1098175.0,1098502.0,1098855.0,1099110.0,1099454.0,1099725.0,1100024.0,1100370.0,1100699.0,1100973.0,1101258.0,1101520.0,1101740.0,1102032.0,1102333.0,1102588.0,1102863.0,1103192.0,,1103895.0,1104232.0,1104556.0,1104900.0,1105232.0,1105520.0,1105791.0,1106128.0,1106465.0,1106847.0,1107250.0,1107540.0,1107778.0,1108062.0,1108395.0,1108718.0,1109021.0,1109281.0,1109657.0,1109959.0,1110387.0,1110883.0,1111279.0,1111688.0,1112155.0,1112562.0,1112936.0,1113261.0,1113608.0,1113983.0,1114367.0,1114757.0,1115206.0,1115585.0,1115987.0,1116402.0,1116838.0,1117217.0,1117639.0,1117980.0,1118328.0,1118634.0,1118988.0,1119390.0,1119749.0,1120120.0,1120536.0,1120887.0,1121314.0,1121680.0,1122013.0,1122331.0,1122604.0,1122882.0,1123179.0,1123475.0,1123869.0,1124182.0,1124509.0,1124850.0,1125167.0,1125487.0,1125781.0,1126192.0,1126724.0,1127203.0,1127591.0,1127968.0,1128282.0,1128628.0,1128984.0,1129329.0,1129729.0,1130116.0,1130472.0,1130850.0,1131221.0,1131610.0,1131997.0,1132431.0,1132872.0,1133242.0,1133607.0,1133937.0,1134338.0,1134683.0,1135074.0,1135473.0,1135865.0,1136390.0,1136748.0,1137079.0,1137439.0,1137802.0,1138145.0,1138495.0,1138823.0,1139157.0,1139480.0,1139754.0,1140087.0,1140419.0,1140656.0,1140909.0,1141135.0,1141440.0,1141892.0,1142251.0,1142542.0,1142850.0,1143097.0,1143321.0,1143617.0,1143879
EZ6XHDzw4LI,6467032.0,6470543.0,6474253.0,6477668.0,6481306.0,6484545.0,6487830.0,6491112.0,6494547.0,6497973.0,6501010.0,6503991.0,6507278.0,6510538.0,6514097.0,6517527.0,6520565.0,6523632.0,6526678.0,6529617.0,6532354.0,6535328.0,6538643.0,6542376.0,6545563.0,6548578.0,6551518.0,6554773.0,6557542.0,6560952.0,6564545.0,6567603.0,6570630.0,6573579.0,6576356.0,6580241.0,6583936.0,6587656.0,6590796.0,6593852.0,6596834.0,6600009.0,6603019.0,6606467.0,6609555.0,6612280.0,6614990.0,6618175.0,6621366.0,6625277.0,6629049.0,6632997.0,6636217.0,6639266.0,6642430.0,6645414.0,6648393.0,6651807.0,6655080.0,6658047.0,6660837.0,6664059.0,6667141.0,6670383.0,6673808.0,6677084.0,6679571.0,6682161.0,6684082.0,6687278.0,6690036.0,6692929.0,6695963.0,6698332.0,6700667.0,6703340.0,6706061.0,6708648.0,6711924.0,6714943.0,6717270.0,6720042.0,6723072.0,6726096.0,6729168.0,6732585.0,6735710.0,6738337.0,6741168.0,6744335.0,6747253.0,6750080.0,6753143.0,6756101.0,6758457.0,6761169.0,6763717.0,6766228.0,6768816.0,6771627.0,6774126.0,6776648.0,6779568.0,6781928.0,6784721.0,6787212.0,6790175.0,6792981.0,6795545.0,6798319.0,6801183.0,6804079.0,6807216.0,6810830.0,6814343.0,6816954.0,6819701.0,6822838.0,6825922.0,6829083.0,6832149.0,6835024.0,6837945.0,6841165.0,6843834.0,6846616.0,6849103.0,6851585.0,6854086.0,6856388.0,6858773.0,6861605.0,6864330.0,6867015.0,,,,,,,,,6892758.0,6895773.0,6898477.0,6900898.0,6903829.0,6906937.0,6909971.0,6912886.0,6915505.0,6918021.0,6921223.0,6924229.0,6927520.0,6930740.0,6933912.0,6936558.0,6939622.0,6942920.0,6946028.0,6949131.0,6953990.0,6958758.0,6962953.0,6967110.0,6971365.0,6976050.0,6980745.0,6985884.0,6990975.0,6995242.0,6999844.0,7004470.0,7009150.0,7013439.0,7018300.0,7022908.0,7026764.0,7030738.0,7035217.0,7039680.0,7044008.0,7048946.0,7053887.0,7057535.0,7061639.0,7066146.0,7070758.0,7075590.0,7081179.0,7085877.0,7090048.0,7094692.0,7099631.0,7104798.0,7110415.0,7115691.0,7120075.0,7123475.0,7127477.0,7131935.0,7136595.0,7140195.0,7144913.0,7149544.0,7153449.0,7158135.0,7162480.0,7167354.0,7171279.0,7175658.0,7179769.0,7183514.0,7187581.0,7191945.0,7196327.0,7200628.0,7205118.0,7208694.0,7211149.0,7214289.0,7217418.0,7219998.0,7223855.0,7227733.0,7231379.0,7234336.0,7237428.0,7240667.0,7243632.0,7246794.0,7250498.0,7253614.0,7256073.0,7259174.0,7262392.0,7265843.0,7268982.0,7272904.0,7276051.0,7278718.0,7281720.0,7285059.0,7288766.0,7293002.0,7297107.0,7300953.0,7303819.0,7307654.0,7310869.0,7314835.0,7318808.0,7323238.0,7327632.0,7331412.0,7334712.0,7337829.0,7340398.0,7343701.0,7346942.0,7350105.0,7352583.0,,7359059.0,7362630.0,7366286.0,7370080.0,7373836.0,7377742.0,7380567.0,7384326.0,7387826.0,7391257.0,7394992.0,7398192.0,7400942.0,7404068.0,7406930.0,7410284.0,7413270.0,7416834.0,7420346.0,7423614.0,7426922.0,7430143.0,7433498.0,7436978.0,7440767.0,7444083.0,7447094.0,7450283.0,7453715.0,7457188.0,7460767.0,7464594.0,7467957.0,7470860.0,7473743.0,7476700.0,7479857.0,7483368.0,7486931.0,7490506.0,7493968.0,7497201.0,7500600.0,7503986.0,7506976.0,7510089.0,7513548.0,7516328.0,7519290.0,7522362.0,7525640.0,7529094.0,7532671.0,7536430.0,7539288.0,7543234.0,7546448.0,7549925.0,7553342.0,7557235.0,7561283.0,7564370.0,7567945.0,7570902.0,7574387.0,7578066.0,7582228.0,7586204.0,7589096.0,7592210.0,7595127.0,7598254.0,7601341.0,7605348.0,7609254.0,7612364.0,7615473.0,7618402.0,7621834.0,7625565.0,7629190.0,7632828.0,7636012.0,7639281.0,7642552.0,7645680.0,7648578.0,7652281.0,7655664.0,7658661.0,7661497.0,7664472.0,7667579.0,7670878.0,7674722.0,7678740.0,7681694.0,7684812.0,7687913.0,7690657.0,7693492.0,7697054.0,7700885.0,7703741.0,7707432.0,7710892.0,7714335.0,7717788.0,7721532.0,7725253.0,7728125.0,7731287.0,7734318.0,7737469
JPMQVtE8GB0,7747289.0,7750088.0,7752734.0,7755246.0,7758765.0,7762432.0,7765733.0,7769046.0,7771959.0,7774565.0,7776867.0,7779463.0,7782923.0,7786095.0,7789925.0,7793704.0,7797157.0,7799720.0,7802935.0,7806377.0,7809269.0,7812881.0,7816459.0,7819620.0,7822529.0,7825361.0,7828945.0,7831988.0,7835244.0,7838129.0,7840748.0,7843040.0,7846251.0,7849420.0,7852586.0,7856028.0,7859255.0,7861949.0,7864809.0,7868103.0,7871560.0,7875675.0,7879709.0,7883463.0,7886738.0,7889660.0,7893044.0,7897116.0,7900710.0,7903817.0,7907815.0,7910901.0,7913412.0,7916151.0,7919967.0,7923580.0,7927337.0,7931054.0,7933458.0,7935581.0,7938956.0,7942841.0,7946820.0,7950541.0,7954390.0,7958172.0,7961211.0,7964934.0,7968782.0,7974013.0,7977864.0,7981099.0,7983984.0,7986561.0,7989833.0,7993309.0,7996557.0,7999472.0,8002647.0,8005237.0,8007783.0,8010919.0,8014367.0,8018363.0,8021955.0,8025871.0,8029363.0,8032741.0,8036611.0,8040851.0,8044822.0,8048487.0,8052965.0,8057476.0,8061175.0,8065221.0,8069773.0,8073969.0,8077987.0,8082398.0,8086957.0,8090644.0,8094646.0,8097867.0,8101121.0,8104934.0,8108745.0,8111647.0,8114632.0,8119464.0,8124658.0,8129723.0,8134785.0,8139931.0,8144414.0,8148415.0,8152777.0,8157228.0,8161422.0,8165230.0,8168846.0,8172011.0,8174834.0,8177642.0,8180501.0,8183373.0,8185815.0,8189146.0,8191618.0,8193769.0,8197390.0,8200617.0,8203707.0,8207472.0,,,,,,,,,8238069.0,8240836.0,8243751.0,8246240.0,8248769.0,8251453.0,8253878.0,8256116.0,8258674.0,8261192.0,8264081.0,8267302.0,8270727.0,8274068.0,8276734.0,8279040.0,8281532.0,8284015.0,8286740.0,8290018.0,8294296.0,8298249.0,8301878.0,8305534.0,8309499.0,8312967.0,8316797.0,8320861.0,8324235.0,8327202.0,8330757.0,8334433.0,8338162.0,8341545.0,8345358.0,8348569.0,8351449.0,8354798.0,8358331.0,8361572.0,8364964.0,8368278.0,8371152.0,8373756.0,8376808.0,8379840.0,8382999.0,8386213.0,8389682.0,8392522.0,8395009.0,8398017.0,8401260.0,8404460.0,8407653.0,8411125.0,8414140.0,8416771.0,8420142.0,8423990.0,8427540.0,8430402.0,8433519.0,8436587.0,8439396.0,8443003.0,8445879.0,8449002.0,8451291.0,8454115.0,8456857.0,8459284.0,8462263.0,8465381.0,8468399.0,8471575.0,8475075.0,8477874.0,8480197.0,8482892.0,8485760.0,8488513.0,8492074.0,8495485.0,8498850.0,8501542.0,8504787.0,8507963.0,8510809.0,8514269.0,8517537.0,8520379.0,8522711.0,8525222.0,8528396.0,8531327.0,8534510.0,8538548.0,8541526.0,8543799.0,8546817.0,8550241.0,8553565.0,8556734.0,8559605.0,8562037.0,8563897.0,8566309.0,8568885.0,8571472.0,8574285.0,8577310.0,8579826.0,8581918.0,8583946.0,8586132.0,8587852.0,8590268.0,8592519.0,8594675.0,8596290.0,,8600813.0,8603162.0,8605372.0,8607588.0,8609526.0,8611061.0,8612499.0,8614292.0,8616074.0,8617930.0,8620010.0,8621730.0,8623044.0,8624964.0,8626693.0,8628409.0,8630088.0,8631903.0,8633390.0,8634637.0,8636319.0,8638010.0,8639875.0,8641618.0,8643516.0,8645224.0,8646544.0,8648172.0,8650035.0,8651971.0,8653713.0,8655557.0,8657028.0,8658163.0,8659515.0,8661013.0,8662471.0,8664146.0,8665917.0,8667523.0,8668898.0,8670675.0,8672611.0,8674205.0,8675952.0,8677835.0,8680055.0,8681799.0,8684249.0,8686650.0,8689120.0,8691568.0,8694466.0,8696898.0,8698969.0,8701356.0,8705095.0,8707991.0,8710801.0,8714251.0,8717059.0,8719415.0,8722330.0,8725375.0,8728526.0,8731918.0,8735472.0,8739314.0,8742456.0,8746254.0,8749714.0,8753752.0,8758046.0,8762739.0,8766535.0,8769757.0,8773866.0,8778153.0,8782551.0,8786584.0,8790750.0,8794235.0,8796994.0,8800092.0,8803207.0,8806333.0,8809221.0,8812725.0,8815647.0,8818235.0,8820604.0,8823255.0,8826238.0,8828975.0,8831897.0,8834283.0,8836211.0,8838765.0,8841564.0,8843969.0,8846620.0,8849767.0,8852425.0,8854712.0,8857371.0,8861217.0,8864811.0,8868434.0,8872324.0,8875393.0,8878355.0,8881349.0,8884505.0,8887598
D3IbjJ8hSbc,2283027.0,2283768.0,2284652.0,2285440.0,2286202.0,2286912.0,2287860.0,2288579.0,2289462.0,2290156.0,2290837.0,2291507.0,2292240.0,2293020.0,2293753.0,2294420.0,2295234.0,2295873.0,2296462.0,2297280.0,2298057.0,2298886.0,2299767.0,2300531.0,2301379.0,2302145.0,2303072.0,2303895.0,2304685.0,2305507.0,2306406.0,2307201.0,2307949.0,2308575.0,2309394.0,2310214.0,2311156.0,2312002.0,2312790.0,2313343.0,2314093.0,2314820.0,2315599.0,2316417.0,2317183.0,2317816.0,2318647.0,2319344.0,2319945.0,2320587.0,2321240.0,2321906.0,2322486.0,2323032.0,2323636.0,2324285.0,2324922.0,2325644.0,2326253.0,2326937.0,2327654.0,2328393.0,2329106.0,2329733.0,2330474.0,2331063.0,2331637.0,2332199.0,2332802.0,2333497.0,2334141.0,2334772.0,2335302.0,2335905.0,2336569.0,2337194.0,2337753.0,2338502.0,2339269.0,2339934.0,2340565.0,2341059.0,2341761.0,2342350.0,2343021.0,2343689.0,2344274.0,2344784.0,2345314.0,2345858.0,2346365.0,2346988.0,2347724.0,2348406.0,2348933.0,2349454.0,2349897.0,2350469.0,2350985.0,2351621.0,2352202.0,2352777.0,2353430.0,2353997.0,2354553.0,2355149.0,2355664.0,2356184.0,2356746.0,2357249.0,2357773.0,2358375.0,2358979.0,2359504.0,2360163.0,2360568.0,2361009.0,2361483.0,2361995.0,2362504.0,2362955.0,2363458.0,2363877.0,2364286.0,2364709.0,2365112.0,2365497.0,2365890.0,2366300.0,2366664.0,2367118.0,2367630.0,2368188.0,2368738.0,,,,,,,,,2373689.0,2374171.0,2374723.0,2375267.0,2375815.0,2376390.0,2376892.0,2377323.0,2377808.0,2378254.0,2378794.0,2379350.0,2379925.0,2380472.0,2380955.0,2381413.0,2381805.0,2382268.0,2382741.0,2383205.0,2383797.0,2384322.0,2384746.0,2385224.0,2385686.0,2386197.0,2386647.0,2387223.0,2387700.0,2388138.0,2388649.0,2389177.0,2389677.0,2390257.0,2390833.0,2391421.0,2391924.0,2392409.0,2392919.0,2393425.0,2394104.0,2394646.0,2395125.0,2395568.0,2396010.0,2396592.0,2397143.0,2397808.0,2398285.0,2398858.0,2399391.0,2399922.0,2400442.0,2401060.0,2401584.0,2402125.0,2402662.0,2403168.0,2403671.0,2404142.0,2404649.0,2405158.0,2405652.0,2406194.0,2406603.0,2407188.0,2407710.0,2408319.0,2408759.0,2409252.0,2409797.0,2410319.0,2410809.0,2411287.0,2411842.0,2412499.0,2413013.0,2413631.0,2414098.0,2414642.0,2415197.0,2415703.0,2416390.0,2417022.0,2417642.0,2418107.0,2418659.0,2419194.0,2419710.0,2420263.0,2420782.0,2421287.0,2421833.0,2422318.0,2422874.0,2423441.0,2424038.0,2424669.0,2425258.0,2425736.0,2426288.0,2426856.0,2427550.0,2428198.0,2428828.0,2429536.0,2430066.0,2430610.0,2431179.0,2431714.0,2432347.0,2432917.0,2433661.0,2434184.0,2434684.0,2435248.0,2435712.0,2436192.0,2436839.0,2437547.0,2438011.0,,2439515.0,2440337.0,2441032.0,2441669.0,2442478.0,2443067.0,2443837.0,2444397.0,2445163.0,2445985.0,2446809.0,2447587.0,2448192.0,2448936.0,2449598.0,2450394.0,2451074.0,2451943.0,2452704.0,2453546.0,2454448.0,2455322.0,2456219.0,2457266.0,2458313.0,2459171.0,2460021.0,2460958.0,2461890.0,2462821.0,2463945.0,2464985.0,2466089.0,2466931.0,2468124.0,2469085.0,2470220.0,2471151.0,2472226.0,2473039.0,2474006.0,2474874.0,2475916.0,2476986.0,2477864.0,2478943.0,2479682.0,2480599.0,2481454.0,2481953.0,2482640.0,2483285.0,2484023.0,2484611.0,2485160.0,2485753.0,2486214.0,2486721.0,2487463.0,2488067.0,2488663.0,2489227.0,2489721.0,2490246.0,2490896.0,2491526.0,2492109.0,2492645.0,2493149.0,2493647.0,2494231.0,2494765.0,2495381.0,2496076.0,2496783.0,2497350.0,2497949.0,2498520.0,2499125.0,2499681.0,2500260.0,2500830.0,2501400.0,2501962.0,2502516.0,2503097.0,2503840.0,2504553.0,2505233.0,2505782.0,2506363.0,2506897.0,2507500.0,2508041.0,2508669.0,2509315.0,2509832.0,2510416.0,2510979.0,2511513.0,2512087.0,2512707.0,2513202.0,2513851.0,2514446.0,2515108.0,2515840.0,2516589.0,2517390.0,2518087.0,2518739.0,2519356.0,2520113.0,2520870
xBRjJ53-b54,3399396.0,3400812.0,3402328.0,3403897.0,3405671.0,3407617.0,3409115.0,3411030.0,3412970.0,3414982.0,3416306.0,3418323.0,3419947.0,3421461.0,3423389.0,3425439.0,3427616.0,3428978.0,3431025.0,3432976.0,3434933.0,3436931.0,3438639.0,3440469.0,3442034.0,3443652.0,3445371.0,3446959.0,3448554.0,3450323.0,3451682.0,3452952.0,3454713.0,3456508.0,3458235.0,3460134.0,3462052.0,3463600.0,3464985.0,3466758.0,3468340.0,3470533.0,3472872.0,3475152.0,3477178.0,3478671.0,3480217.0,3481767.0,3483193.0,3484703.0,3486471.0,3487990.0,3489390.0,3490802.0,3492459.0,3493927.0,3495504.0,3497119.0,3498633.0,3500018.0,3502368.0,3504504.0,3506775.0,3508786.0,3510811.0,3512980.0,3514737.0,3516796.0,3518464.0,3521840.0,3524738.0,3526875.0,3528590.0,3529921.0,3531808.0,3533503.0,3534963.0,3536674.0,3538665.0,3540351.0,3541727.0,3543494.0,3545487.0,3547309.0,3549171.0,3550941.0,3552505.0,3553866.0,3555447.0,3556939.0,3558681.0,3560512.0,3562301.0,3563841.0,3565261.0,3567100.0,3568858.0,3570350.0,3571997.0,3573807.0,3575223.0,3576520.0,3577954.0,3579550.0,3581284.0,3582953.0,3584749.0,3586329.0,3587812.0,3589511.0,3591310.0,3593159.0,3595058.0,3597193.0,3599179.0,3601082.0,3603069.0,3604930.0,3606784.0,3608739.0,3610665.0,3612275.0,3614045.0,3615777.0,3617380.0,3618908.0,3620576.0,3622438.0,3624049.0,3625524.0,3628622.0,3630641.0,3632594.0,3634619.0,,,,,,,,,3651533.0,3652996.0,3654687.0,3656168.0,3657651.0,3659121.0,3660522.0,3661571.0,3663053.0,3664345.0,3665859.0,3667485.0,3669101.0,3670675.0,3672101.0,3673272.0,3674697.0,3676213.0,3677804.0,3679405.0,3680877.0,3682280.0,3683517.0,3684918.0,3686368.0,3687766.0,3689305.0,3690948.0,3692206.0,3693589.0,3695271.0,3697189.0,3699142.0,3700875.0,3702991.0,3704693.0,3706088.0,3707742.0,3709492.0,3711199.0,3713229.0,3715193.0,3716981.0,3718412.0,3720118.0,3721734.0,3723418.0,3725272.0,3727143.0,3729116.0,3730524.0,3732631.0,3734524.0,3736358.0,3738092.0,3739673.0,3740817.0,3741965.0,3743411.0,3745140.0,3746797.0,3747959.0,3749240.0,3750578.0,3751818.0,3753309.0,3754813.0,3756404.0,3757566.0,3758932.0,3760224.0,3761655.0,3763203.0,3764844.0,3766548.0,3768223.0,3769919.0,3771362.0,3772777.0,3774931.0,3777557.0,3780459.0,3784236.0,3788980.0,3792489.0,3796282.0,3802655.0,3810225.0,3816739.0,3821905.0,3826351.0,3829219.0,3831247.0,3834005.0,3836927.0,3839705.0,3842351.0,3845164.0,3847980.0,3850186.0,3853215.0,3856734.0,3860259.0,3864919.0,3869528.0,3873469.0,3876233.0,3879938.0,3883893.0,3887837.0,3892439.0,3896919.0,3900267.0,3902744.0,3905058.0,3907509.0,3909342.0,3912169.0,3914879.0,3917193.0,3918819.0,,3924167.0,3927183.0,3930720.0,3934031.0,3936701.0,3938670.0,3941085.0,3943622.0,3946433.0,3949022.0,3951460.0,3953388.0,3954716.0,3956878.0,3959115.0,3961342.0,3963812.0,3966254.0,3968208.0,3969912.0,3972060.0,3974247.0,3977564.0,3980966.0,3985257.0,3988660.0,3992048.0,3995670.0,3998337.0,4000718.0,4002671.0,4004680.0,4006433.0,4007720.0,4009504.0,4011275.0,4013092.0,4014829.0,4016660.0,4018107.0,4019870.0,4021697.0,4023702.0,4025482.0,4027851.0,4030688.0,4033119.0,4035724.0,4037863.0,4040427.0,4042774.0,4045115.0,4047940.0,4050464.0,4052421.0,4054787.0,4057192.0,4059562.0,4061552.0,4064302.0,4066480.0,4068158.0,4070125.0,4072663.0,4075398.0,4078197.0,4080587.0,4082793.0,4085146.0,4088017.0,4090363.0,4092737.0,4095597.0,4098633.0,4101526.0,4104078.0,4107150.0,4110513.0,4114186.0,4117716.0,4121163.0,4123929.0,4126160.0,4128848.0,4131256.0,4134696.0,4138428.0,4142519.0,4145550.0,4147888.0,4149981.0,4152578.0,4155708.0,4158736.0,4161779.0,4163917.0,4165471.0,4167472.0,4169781.0,4171452.0,4173394.0,4175591.0,4177510.0,4178869.0,4180966.0,4182887.0,4185133.0,4187683.0,4190062.0,4192093.0,4193816.0,4195795.0,4198073.0,4200298
IGZVXBSQhi8,1750492.0,1750590.0,1750688.0,1750841.0,1750967.0,1751082.0,1751201.0,1751357.0,1751503.0,1751651.0,1751764.0,1751914.0,1752053.0,1752209.0,1752399.0,1752587.0,1752735.0,1752902.0,1753044.0,1753213.0,1753404.0,1753576.0,1753769.0,1753954.0,1754133.0,1754330.0,1754505.0,1754699.0,1755125.0,1755533.0,1755857.0,1756095.0,1756308.0,1756499.0,1756745.0,1756975.0,1757199.0,1757435.0,1757608.0,1757801.0,1758002.0,1758169.0,1758303.0,1758479.0,1758647.0,1758828.0,1759002.0,1759190.0,1759310.0,1759466.0,1759613.0,1759787.0,1759928.0,1760055.0,1760172.0,1760329.0,1760466.0,1760610.0,1760711.0,1760846.0,1760996.0,1761122.0,1761268.0,1761391.0,1761522.0,1761642.0,1761765.0,1761877.0,1762004.0,1762130.0,1762253.0,1762384.0,1762501.0,1762593.0,1762704.0,1762816.0,1762947.0,1763061.0,1763215.0,1763337.0,1763435.0,1763527.0,1763643.0,1763753.0,1763847.0,1763968.0,1764107.0,1764207.0,1764296.0,1764422.0,1764569.0,1764656.0,1764769.0,1764928.0,1765068.0,1765182.0,1765306.0,1765432.0,1765555.0,1765739.0,1765855.0,1765998.0,1766119.0,1766246.0,1766392.0,1766496.0,1766629.0,1766765.0,1766867.0,1766992.0,1767122.0,1767265.0,1767403.0,1767558.0,1767688.0,1767801.0,1767903.0,1768008.0,1768145.0,1768254.0,1768365.0,1768506.0,1768629.0,1768735.0,1768845.0,1768951.0,1769054.0,1769164.0,1769309.0,1769511.0,1769656.0,1769828.0,1769931.0,1770043.0,,,,,,,,,1771220.0,1771341.0,1771500.0,1771621.0,1771763.0,1771937.0,1772070.0,1772185.0,1772288.0,1772403.0,1772545.0,1772668.0,1772762.0,1772875.0,1772980.0,1773075.0,1773189.0,1773292.0,1773415.0,1773527.0,1773644.0,1773751.0,1773846.0,1773945.0,1774012.0,1774149.0,1774287.0,1774390.0,1774470.0,1774572.0,1774677.0,1774755.0,1774857.0,1774973.0,1775071.0,1775193.0,1775313.0,1775401.0,1775510.0,1775602.0,1775691.0,1775795.0,1775865.0,1775961.0,1776042.0,1776154.0,1776256.0,1776343.0,1776467.0,1776582.0,1776653.0,1776751.0,1776845.0,1776971.0,1777096.0,1777219.0,1777326.0,1777434.0,1777530.0,1777628.0,1777724.0,1777795.0,1777887.0,1777984.0,1778089.0,1778181.0,1778274.0,1778376.0,1778449.0,1778533.0,1778624.0,1778752.0,1778857.0,1778985.0,1779123.0,1779232.0,1779367.0,1779465.0,1779560.0,1779684.0,1779805.0,1779903.0,1780051.0,1780167.0,1780300.0,1780413.0,1780519.0,1780607.0,1780710.0,1780786.0,1780917.0,1781015.0,1781094.0,1781194.0,1781304.0,1781395.0,1781558.0,1781747.0,1781913.0,1782023.0,1782144.0,1782245.0,1782352.0,1782492.0,1782596.0,1782697.0,1782810.0,1782924.0,1783069.0,1783185.0,1783315.0,1783435.0,1783564.0,1783676.0,1783781.0,1783887.0,1783977.0,1784059.0,1784141.0,1784238.0,1784329.0,,1784495.0,1784588.0,1784677.0,1784780.0,1784856.0,1784953.0,1785041.0,1785128.0,1785217.0,1785314.0,1785401.0,1785673.0,1785926.0,1786050.0,1786204.0,1786353.0,1786464.0,1786625.0,1786754.0,1786882.0,1787008.0,1787139.0,1787245.0,1787376.0,1787497.0,1787610.0,1787721.0,1787827.0,1787951.0,1788077.0,1788197.0,1788303.0,1788445.0,1788537.0,1788653.0,1788755.0,1788864.0,1788992.0,1789122.0,1789214.0,1789318.0,1789420.0,1789519.0,1789652.0,1789762.0,1789872.0,1789972.0,1790075.0,1790146.0,1790228.0,1790329.0,1790428.0,1790509.0,1790641.0,1790745.0,1790850.0,1790936.0,1791015.0,1791135.0,1791221.0,1791347.0,1791453.0,1791558.0,1791647.0,1791763.0,1791864.0,1791968.0,1792103.0,1792203.0,1792299.0,1792411.0,1792503.0,1792608.0,1792693.0,1792792.0,1792881.0,1792988.0,1793103.0,1793211.0,1793336.0,1793445.0,1793551.0,1793664.0,1793764.0,1793865.0,1793974.0,1794094.0,1794221.0,1794329.0,1794458.0,1794586.0,1794674.0,1794778.0,1794873.0,1794985.0,1795092.0,1795217.0,1795334.0,1795437.0,1795542.0,1795637.0,1795739.0,1795828.0,1795906.0,1795983.0,1796062.0,1796148.0,1796235.0,1796317.0,1796390.0,1796474.0,1796563.0,1796658.0,1796816
nNU-fFKQSOg,190.0,190.0,190.0,190.0,190.0,190.0,190.0,190.0,190.0,190.0,190.0,190.0,190.0,190.0,190.0,190.0,190.0,190.0,190.0,190.0,190.0,190.0,190.0,190.0,190.0,190.0,190.0,190.0,190.0,190.0,190.0,190.0,190.0,190.0,190.0,190.0,190.0,190.0,190.0,190.0,190.0,190.0,190.0,190.0,190.0,190.0,190.0,190.0,190.0,190.0,190.0,190.0,190.0,190.0,190.0,190.0,190.0,190.0,190.0,190.0,190.0,190.0,190.0,190.0,190.0,190.0,190.0,190.0,190.0,190.0,190.0,190.0,190.0,190.0,190.0,190.0,190.0,190.0,190.0,190.0,190.0,190.0,190.0,190.0,190.0,190.0,190.0,190.0,190.0,191.0,191.0,191.0,191.0,191.0,191.0,191.0,191.0,191.0,191.0,191.0,191.0,191.0,191.0,191.0,191.0,192.0,192.0,192.0,192.0,192.0,192.0,192.0,192.0,192.0,192.0,192.0,192.0,192.0,192.0,192.0,192.0,192.0,192.0,193.0,193.0,193.0,193.0,193.0,193.0,193.0,193.0,193.0,193.0,193.0,,,,,,,,,193.0,193.0,193.0,193.0,193.0,193.0,193.0,193.0,193.0,193.0,193.0,193.0,193.0,193.0,193.0,193.0,193.0,193.0,193.0,193.0,193.0,193.0,193.0,193.0,193.0,193.0,193.0,193.0,193.0,193.0,193.0,193.0,193.0,193.0,193.0,193.0,193.0,193.0,193.0,193.0,193.0,193.0,193.0,193.0,193.0,193.0,193.0,193.0,193.0,193.0,193.0,193.0,193.0,193.0,193.0,193.0,193.0,193.0,193.0,194.0,194.0,194.0,194.0,194.0,194.0,194.0,194.0,194.0,194.0,194.0,194.0,194.0,194.0,194.0,194.0,195.0,195.0,195.0,195.0,195.0,195.0,195.0,195.0,195.0,195.0,195.0,195.0,195.0,195.0,195.0,195.0,195.0,195.0,195.0,195.0,195.0,195.0,196.0,196.0,196.0,196.0,196.0,196.0,196.0,196.0,196.0,196.0,196.0,196.0,196.0,196.0,196.0,196.0,196.0,196.0,196.0,196.0,196.0,196.0,196.0,196.0,,196.0,196.0,196.0,196.0,196.0,196.0,196.0,196.0,196.0,196.0,196.0,196.0,196.0,196.0,196.0,196.0,196.0,196.0,196.0,196.0,196.0,196.0,196.0,196.0,196.0,196.0,197.0,197.0,197.0,197.0,197.0,197.0,197.0,200.0,200.0,200.0,200.0,200.0,202.0,202.0,202.0,202.0,202.0,202.0,202.0,202.0,202.0,202.0,202.0,202.0,202.0,202.0,202.0,202.0,202.0,202.0,202.0,202.0,202.0,202.0,202.0,202.0,202.0,202.0,203.0,203.0,203.0,203.0,203.0,203.0,203.0,203.0,203.0,203.0,203.0,203.0,203.0,203.0,203.0,203.0,203.0,203.0,203.0,203.0,203.0,203.0,203.0,203.0,203.0,203.0,203.0,203.0,203.0,204.0,204.0,205.0,205.0,205.0,206.0,206.0,206.0,206.0,206.0,206.0,206.0,206.0,206.0,206.0,206.0,206.0,206.0,206.0,206.0,206
Rx4l5UbjAk4,45217.0,45225.0,45243.0,45258.0,45271.0,45291.0,45297.0,45307.0,45328.0,45350.0,45358.0,45371.0,45381.0,45396.0,45406.0,45414.0,45425.0,45442.0,45449.0,45457.0,45473.0,45486.0,45501.0,45519.0,45542.0,45554.0,45565.0,45577.0,45586.0,45600.0,45618.0,45633.0,45650.0,45676.0,45698.0,45709.0,45725.0,45737.0,45761.0,45781.0,45798.0,45823.0,45841.0,45878.0,45903.0,45920.0,45934.0,45956.0,45970.0,45985.0,46006.0,46026.0,46037.0,46047.0,46065.0,46088.0,46107.0,46125.0,46149.0,46176.0,46189.0,46206.0,46210.0,46222.0,46233.0,46257.0,46274.0,46285.0,46296.0,46305.0,46315.0,46332.0,46343.0,46354.0,46370.0,46382.0,46398.0,46408.0,46432.0,46454.0,46460.0,46479.0,46493.0,46513.0,46526.0,46535.0,46550.0,46562.0,46571.0,46586.0,46599.0,46616.0,46629.0,46642.0,46665.0,46676.0,46687.0,46703.0,46716.0,46738.0,46753.0,46765.0,46781.0,46803.0,46816.0,46827.0,46843.0,46855.0,46863.0,46870.0,46893.0,46909.0,46918.0,46933.0,46942.0,46953.0,46964.0,46974.0,46988.0,47001.0,47015.0,47026.0,47039.0,47046.0,47054.0,47063.0,47072.0,47086.0,47104.0,47116.0,47124.0,47130.0,47135.0,47140.0,,,,,,,,,47270.0,47277.0,47284.0,47292.0,47304.0,47319.0,47335.0,47347.0,47359.0,47368.0,47383.0,47393.0,47407.0,47423.0,47437.0,47444.0,47450.0,47460.0,47462.0,47477.0,47488.0,47495.0,47505.0,47515.0,47523.0,47532.0,47544.0,47552.0,47565.0,47579.0,47584.0,47616.0,47630.0,47639.0,47651.0,47663.0,47672.0,47685.0,47697.0,47706.0,47720.0,47721.0,47738.0,47750.0,47756.0,47767.0,47776.0,47782.0,47796.0,47805.0,47810.0,47818.0,47822.0,47830.0,47843.0,47851.0,47864.0,47869.0,47881.0,47888.0,47898.0,47904.0,47911.0,47922.0,47936.0,47950.0,47960.0,47973.0,47989.0,48007.0,48027.0,48035.0,48048.0,48058.0,48067.0,48076.0,48092.0,48100.0,48107.0,48116.0,48123.0,48127.0,48147.0,48155.0,48164.0,48176.0,48183.0,48191.0,48196.0,48204.0,48216.0,48226.0,48237.0,48248.0,48261.0,48273.0,48279.0,48292.0,48303.0,48312.0,48322.0,48329.0,48340.0,48346.0,48362.0,48374.0,48381.0,48389.0,48394.0,48402.0,48417.0,48433.0,48442.0,48451.0,48465.0,48473.0,48484.0,48495.0,48507.0,48516.0,48527.0,,48548.0,48556.0,48564.0,48570.0,48579.0,48579.0,48586.0,48597.0,48604.0,48615.0,48626.0,48631.0,48641.0,48646.0,48653.0,48660.0,48666.0,48675.0,48691.0,48709.0,48719.0,48731.0,48737.0,48748.0,48752.0,48759.0,48768.0,48778.0,48783.0,48792.0,48805.0,48824.0,48835.0,48845.0,48854.0,48862.0,48867.0,48875.0,48879.0,48884.0,48893.0,48901.0,48911.0,48919.0,48929.0,48941.0,48952.0,48966.0,48978.0,48985.0,48998.0,49005.0,49009.0,49029.0,49037.0,49049.0,49053.0,49066.0,49069.0,49074.0,49083.0,49086.0,49091.0,49095.0,49108.0,49116.0,49122.0,49135.0,49139.0,49147.0,49152.0,49162.0,49178.0,49195.0,49204.0,49212.0,49219.0,49241.0,49248.0,49255.0,49262.0,49276.0,49288.0,49298.0,49304.0,49318.0,49331.0,49342.0,49354.0,49357.0,49364.0,49370.0,49374.0,49384.0,49390.0,49394.0,49398.0,49406.0,49414.0,49421.0,49430.0,49436.0,49441.0,49444.0,49449.0,49453.0,49457.0,49463.0,49468.0,49485.0,49494.0,49504.0,49514.0,49518
0BlPOInxIEg,734616.0,735266.0,735912.0,736536.0,737157.0,737731.0,738354.0,739020.0,739686.0,740197.0,740793.0,741385.0,741965.0,742588.0,743243.0,743835.0,744463.0,744944.0,745493.0,746133.0,746755.0,747278.0,747940.0,748519.0,748935.0,749558.0,750126.0,750654.0,751315.0,752010.0,752513.0,752987.0,753509.0,753997.0,754503.0,754999.0,755546.0,756011.0,756498.0,756996.0,757551.0,758069.0,758605.0,759237.0,759713.0,760227.0,760756.0,761329.0,761836.0,762461.0,763110.0,763669.0,764135.0,764613.0,765073.0,765618.0,766113.0,766578.0,767117.0,767606.0,768149.0,768697.0,769353.0,769944.0,770545.0,771025.0,771501.0,772020.0,772499.0,773073.0,773601.0,774077.0,774571.0,774950.0,775550.0,776014.0,776524.0,776958.0,777499.0,777982.0,778407.0,778963.0,779508.0,780070.0,780657.0,781219.0,781661.0,782205.0,782758.0,783356.0,783898.0,784519.0,785147.0,785577.0,786068.0,786609.0,787169.0,787792.0,788390.0,788919.0,789464.0,789831.0,790371.0,790925.0,791453.0,792056.0,792569.0,793000.0,793557.0,794102.0,794646.0,795194.0,795649.0,796200.0,796686.0,797141.0,797708.0,798213.0,798820.0,799368.0,799966.0,800444.0,800931.0,801414.0,801829.0,802343.0,802900.0,803370.0,803875.0,804370.0,804916.0,805444.0,805967.0,806597.0,,,,,,,,,812510.0,813056.0,813724.0,814255.0,814916.0,815556.0,816033.0,816476.0,817045.0,817531.0,818147.0,818656.0,819191.0,819738.0,820197.0,820653.0,821171.0,821701.0,822215.0,822817.0,823291.0,823821.0,824301.0,824919.0,825529.0,826043.0,826770.0,827457.0,828002.0,828533.0,829186.0,829847.0,830600.0,831327.0,831993.0,832539.0,833105.0,833765.0,834441.0,835156.0,835839.0,836463.0,837009.0,837522.0,838112.0,838651.0,839268.0,839979.0,840746.0,841247.0,841725.0,842423.0,843171.0,843792.0,844580.0,845193.0,845762.0,846263.0,846888.0,847450.0,848060.0,848599.0,849145.0,849670.0,850110.0,850701.0,851325.0,852003.0,852457.0,853044.0,853625.0,854136.0,854744.0,855416.0,856148.0,856807.0,857431.0,858028.0,858440.0,858978.0,859679.0,860223.0,860889.0,861492.0,862036.0,862507.0,862976.0,863549.0,864114.0,864709.0,865241.0,865689.0,866189.0,866697.0,867241.0,867756.0,868386.0,868845.0,869343.0,869797.0,870355.0,870940.0,871490.0,871991.0,872512.0,872982.0,873310.0,873790.0,874313.0,874775.0,875298.0,875813.0,876369.0,876789.0,877178.0,877558.0,878010.0,878499.0,879016.0,879518.0,880024.0,,881066.0,881746.0,882237.0,882671.0,883278.0,883748.0,884200.0,884802.0,885384.0,885954.0,886481.0,886995.0,887494.0,888248.0,889078.0,889882.0,890709.0,891490.0,892310.0,893071.0,893987.0,894825.0,895694.0,896605.0,897451.0,898261.0,898947.0,899703.0,900505.0,901330.0,902194.0,902954.0,903693.0,904268.0,904913.0,905685.0,906482.0,907221.0,907987.0,908664.0,909192.0,909935.0,910624.0,911377.0,912033.0,912776.0,913262.0,913847.0,914430.0,915023.0,915535.0,916143.0,916736.0,917296.0,917826.0,918522.0,919195.0,919899.0,920556.0,921265.0,921960.0,922651.0,923431.0,924290.0,925128.0,925857.0,926355.0,926844.0,927324.0,927823.0,928321.0,928904.0,929605.0,930292.0,930829.0,931379.0,932065.0,932858.0,933632.0,934402.0,935204.0,935950.0,936576.0,937278.0,938068.0,938873.0,939709.0,940643.0,941415.0,942233.0,943019.0,943640.0,944351.0,945063.0,945880.0,946579.0,947100.0,947699.0,948407.0,949027.0,949738.0,950438.0,950995.0,951692.0,952439.0,953129.0,953965.0,954861.0,955680.0,956463.0,957094.0,957948.0,958758.0,959590
PVIf531Dt8E,6827966.0,6833518.0,6839100.0,6845044.0,6850597.0,6855874.0,6861680.0,6867111.0,6873206.0,6879388.0,6885481.0,6890765.0,6896712.0,6903077.0,6910114.0,6917077.0,6924426.0,6931221.0,6938209.0,6945277.0,6952712.0,6961020.0,6969486.0,6977939.0,6985444.0,6991807.0,6998230.0,7006245.0,7013306.0,7020200.0,7027200.0,7034192.0,7040514.0,7047567.0,7054762.0,7061336.0,7067981.0,7074284.0,7079494.0,7084772.0,7089855.0,7095843.0,7102079.0,7108187.0,7114874.0,7120991.0,7127142.0,7133789.0,7141050.0,7147661.0,7154829.0,7162930.0,7169750.0,7176374.0,7188069.0,7197812.0,7206703.0,7217696.0,7229803.0,7240442.0,7248978.0,7258715.0,7268972.0,7279601.0,7289075.0,7298312.0,7306881.0,7313977.0,7320447.0,7330053.0,7338458.0,7345685.0,7351925.0,7359006.0,7365712.0,7372352.0,7379655.0,7387038.0,7392223.0,7398152.0,7403606.0,7408416.0,7413715.0,7419406.0,7425092.0,7430574.0,7436297.0,7441244.0,7446164.0,7451988.0,7457433.0,7463959.0,7470103.0,7475792.0,7480473.0,7486089.0,7491602.0,7497703.0,7504675.0,7511854.0,7519390.0,7524250.0,7528734.0,7534004.0,7539067.0,7543681.0,7549682.0,7555497.0,7560948.0,7565913.0,7570869.0,7576026.0,7581015.0,7585672.0,7591080.0,7596175.0,7600920.0,7605968.0,7611297.0,7616961.0,7622615.0,7628361.0,7634059.0,7639779.0,7645452.0,7651389.0,7657103.0,7662333.0,7668195.0,7673374.0,7677989.0,7682736.0,7687617.0,7691960.0,,,,,,,,,7738004.0,7744170.0,7749393.0,7754232.0,7759262.0,7764395.0,7768996.0,7774307.0,7779672.0,7784086.0,7788612.0,7793366.0,7798769.0,7804034.0,7809543.0,7813473.0,7817281.0,7821646.0,7826374.0,7831201.0,7836218.0,7841954.0,7846526.0,7849906.0,7853661.0,7857166.0,7860969.0,7864872.0,7868935.0,7872750.0,7876215.0,7879799.0,7883505.0,7887429.0,7891548.0,7895630.0,7899720.0,7903346.0,7907373.0,7910863.0,7915043.0,7919649.0,7924974.0,7929526.0,7933962.0,7938236.0,7941957.0,7946617.0,7950685.0,7955250.0,7959298.0,7963320.0,7967312.0,7971456.0,7975276.0,7979257.0,7983662.0,7988170.0,7992803.0,7997550.0,8002049.0,8006109.0,8010150.0,8014413.0,8018224.0,8022293.0,8025978.0,8030540.0,8035306.0,8039282.0,8043889.0,8047859.0,8052125.0,8056557.0,8061087.0,8065994.0,8071264.0,8076311.0,8080677.0,8084938.0,8088838.0,8092087.0,8096055.0,8100084.0,8103891.0,8107745.0,8111710.0,8115814.0,8119778.0,8123429.0,8127216.0,8130865.0,8134080.0,8137410.0,8140793.0,8144049.0,8147444.0,8150859.0,8154526.0,8158123.0,8161684.0,8165027.0,8168764.0,8172437.0,8176094.0,8179749.0,8182935.0,8186502.0,8190343.0,8194405.0,8197951.0,8201856.0,8205802.0,8209664.0,8212926.0,8216377.0,8219283.0,8222631.0,8226251.0,8229827.0,8233385.0,,8240903.0,8245160.0,8249531.0,8254168.0,8258579.0,8262656.0,8266714.0,8270517.0,8274368.0,8278802.0,8283304.0,8287793.0,8291773.0,8295279.0,8298582.0,8302196.0,8305883.0,8310126.0,8314400.0,8318721.0,8322474.0,8326682.0,8330845.0,8335053.0,8339512.0,8343691.0,8347264.0,8351104.0,8354854.0,8358592.0,8362596.0,8366693.0,8371185.0,8375167.0,8379137.0,8382978.0,8387065.0,8391098.0,8395540.0,8400001.0,8404884.0,8408624.0,8412913.0,8417456.0,8421405.0,8425621.0,8429987.0,8433771.0,8437536.0,8441262.0,8445173.0,8449396.0,8454043.0,8459350.0,8464703.0,8469827.0,8474130.0,8478856.0,8483637.0,8488415.0,8493746.0,8498277.0,8502986.0,8507112.0,8511621.0,8515906.0,8519632.0,8523512.0,8526808.0,8530718.0,8534572.0,8538471.0,8542595.0,8546894.0,8551706.0,8556011.0,8559896.0,8563856.0,8567625.0,8571237.0,8575545.0,8580055.0,8584426.0,8589002.0,8593596.0,8598137.0,8603073.0,8608578.0,8614595.0,8620073.0,8625206.0,8629979.0,8634245.0,8638528.0,8642999.0,8648121.0,8651968.0,8655874.0,8659873.0,8664302.0,8668614.0,8673725.0,8679346.0,8684017.0,8688262.0,8692444.0,8696654.0,8700883.0,8705158.0,8710091.0,8714488.0,8718515.0,8722623.0,8726707
Iksz36bRyoE,43350.0,43359.0,43365.0,43368.0,43375.0,43385.0,43400.0,43411.0,43426.0,43437.0,43445.0,43460.0,43464.0,43473.0,43485.0,43502.0,43512.0,43517.0,43533.0,43547.0,43560.0,43572.0,43583.0,43592.0,43604.0,43609.0,43615.0,43622.0,43632.0,43636.0,43647.0,43657.0,43663.0,43671.0,43675.0,43685.0,43699.0,43706.0,43717.0,43726.0,43740.0,43750.0,43771.0,43781.0,43792.0,43800.0,43823.0,43832.0,43844.0,43852.0,43863.0,43879.0,43897.0,43910.0,43925.0,43941.0,43962.0,43977.0,43994.0,44014.0,44040.0,44057.0,44075.0,44082.0,44098.0,44112.0,44123.0,44139.0,44163.0,44183.0,44198.0,44209.0,44223.0,44231.0,44246.0,44252.0,44265.0,44279.0,44287.0,44302.0,44310.0,44335.0,44372.0,44420.0,44453.0,44489.0,44500.0,44515.0,44542.0,44579.0,44611.0,44629.0,44656.0,44676.0,44696.0,44713.0,44745.0,44755.0,44767.0,44786.0,44802.0,44825.0,44844.0,44861.0,44873.0,44892.0,44900.0,44913.0,44927.0,44940.0,44960.0,44975.0,44989.0,45007.0,45026.0,45040.0,45050.0,45057.0,45071.0,45081.0,45101.0,45126.0,45143.0,45154.0,45163.0,45176.0,45188.0,45208.0,45227.0,45238.0,45251.0,45271.0,45286.0,45296.0,,,,,,,,,45456.0,45475.0,45490.0,45502.0,45513.0,45525.0,45533.0,45546.0,45565.0,45578.0,45588.0,45598.0,45617.0,45628.0,45638.0,45647.0,45661.0,45675.0,45693.0,45703.0,45709.0,45718.0,45728.0,45738.0,45755.0,45765.0,45777.0,45784.0,45790.0,45804.0,45822.0,45836.0,45853.0,45864.0,45877.0,45886.0,45897.0,45911.0,45921.0,45934.0,45948.0,45963.0,45977.0,46001.0,46007.0,46021.0,46040.0,46055.0,46072.0,46082.0,46103.0,46113.0,46122.0,46141.0,46155.0,46162.0,46170.0,46179.0,46194.0,46203.0,46218.0,46236.0,46244.0,46253.0,46265.0,46272.0,46284.0,46297.0,46309.0,46316.0,46328.0,46338.0,46352.0,46363.0,46378.0,46382.0,46395.0,46405.0,46415.0,46430.0,46442.0,46454.0,46472.0,46484.0,46492.0,46500.0,46507.0,46523.0,46535.0,46549.0,46565.0,46580.0,46590.0,46606.0,46618.0,46635.0,46650.0,46668.0,46689.0,46701.0,46713.0,46725.0,46742.0,46751.0,46762.0,46774.0,46789.0,46801.0,46811.0,46818.0,46830.0,46852.0,46862.0,46872.0,46891.0,46896.0,46906.0,46918.0,46928.0,46934.0,46942.0,,46974.0,46996.0,47021.0,47082.0,47115.0,47140.0,47157.0,47191.0,47219.0,47238.0,47255.0,47285.0,47308.0,47334.0,47355.0,47376.0,47396.0,47414.0,47432.0,47453.0,47468.0,47479.0,47505.0,47524.0,47539.0,47552.0,47556.0,47572.0,47586.0,47603.0,47611.0,47614.0,47624.0,47644.0,47661.0,47700.0,47721.0,47730.0,47738.0,47761.0,47773.0,47812.0,47841.0,47867.0,47883.0,47903.0,47918.0,47932.0,47948.0,47961.0,47976.0,47992.0,48008.0,48017.0,48031.0,48047.0,48071.0,48079.0,48094.0,48112.0,48117.0,48130.0,48140.0,48151.0,48171.0,48201.0,48227.0,48245.0,48265.0,48281.0,48295.0,48314.0,48333.0,48354.0,48373.0,48384.0,48407.0,48422.0,48445.0,48468.0,48500.0,48519.0,48532.0,48549.0,48557.0,48575.0,48590.0,48605.0,48615.0,48621.0,48631.0,48649.0,48660.0,48678.0,48686.0,48697.0,48704.0,48715.0,48723.0,48734.0,48752.0,48765.0,48783.0,48795.0,48809.0,48820.0,48834.0,48853.0,48876.0,48894.0,48914.0,48922.0,48937.0,48951
sE_F8fie380,44452.0,44455.0,44461.0,44468.0,44471.0,44477.0,44486.0,44491.0,44496.0,44506.0,44509.0,44516.0,44520.0,44523.0,44528.0,44535.0,44536.0,44543.0,44547.0,44552.0,44557.0,44560.0,44568.0,44578.0,44585.0,44594.0,44604.0,44605.0,44607.0,44612.0,44615.0,44616.0,44618.0,44620.0,44627.0,44631.0,44635.0,44638.0,44649.0,44656.0,44668.0,44676.0,44681.0,44682.0,44684.0,44686.0,44689.0,44692.0,44694.0,44697.0,44701.0,44707.0,44711.0,44712.0,44720.0,44724.0,44736.0,44744.0,44749.0,44751.0,44756.0,44760.0,44763.0,44765.0,44768.0,44773.0,44777.0,44791.0,44796.0,44802.0,44807.0,44808.0,44812.0,44813.0,44813.0,44819.0,44826.0,44834.0,44840.0,44844.0,44846.0,44849.0,44850.0,44854.0,44859.0,44863.0,44865.0,44870.0,44878.0,44886.0,44892.0,44896.0,44897.0,44903.0,44909.0,44913.0,44916.0,44920.0,44922.0,44925.0,44931.0,44932.0,44937.0,44944.0,44950.0,44954.0,44957.0,44961.0,44965.0,44973.0,44982.0,44988.0,44997.0,44998.0,45002.0,45006.0,45007.0,45010.0,45017.0,45023.0,45029.0,45035.0,45039.0,45042.0,45049.0,45054.0,45061.0,45066.0,45070.0,45072.0,45073.0,45075.0,45079.0,45081.0,,,,,,,,,45115.0,45117.0,45118.0,45119.0,45124.0,45128.0,45131.0,45133.0,45136.0,45140.0,45140.0,45141.0,45152.0,45159.0,45164.0,45167.0,45168.0,45170.0,45172.0,45175.0,45179.0,45182.0,45187.0,45193.0,45195.0,45202.0,45204.0,45213.0,45216.0,45220.0,45226.0,45228.0,45242.0,45246.0,45250.0,45250.0,45253.0,45255.0,45258.0,45261.0,45268.0,45271.0,45278.0,45280.0,45283.0,45287.0,45291.0,45294.0,45293.0,45301.0,45302.0,45309.0,45309.0,45315.0,45316.0,45321.0,45328.0,45333.0,45338.0,45341.0,45346.0,45351.0,45354.0,45365.0,45380.0,45396.0,45404.0,45422.0,45428.0,45432.0,45440.0,45446.0,45452.0,45467.0,45476.0,45488.0,45498.0,45510.0,45521.0,45541.0,45556.0,45560.0,45575.0,45586.0,45598.0,45608.0,45616.0,45626.0,45629.0,45634.0,45634.0,45640.0,45660.0,45684.0,45691.0,45699.0,45706.0,45718.0,45724.0,45731.0,45737.0,45742.0,45741.0,45748.0,45752.0,45759.0,45764.0,45770.0,45775.0,45777.0,45781.0,45787.0,45792.0,45797.0,45797.0,45804.0,45811.0,45820.0,45827.0,45832.0,45841.0,,45859.0,45866.0,45872.0,45880.0,45886.0,45897.0,45906.0,45913.0,45919.0,45932.0,45941.0,45948.0,45954.0,45964.0,45969.0,45972.0,45979.0,45989.0,46000.0,46006.0,46013.0,46021.0,46027.0,46033.0,46041.0,46042.0,46045.0,46047.0,46050.0,46060.0,46064.0,46084.0,46093.0,46101.0,46111.0,46122.0,46137.0,46151.0,46159.0,46168.0,46181.0,46184.0,46193.0,46209.0,46231.0,46248.0,46253.0,46260.0,46268.0,46278.0,46286.0,46299.0,46309.0,46324.0,46329.0,46336.0,46342.0,46356.0,46366.0,46371.0,46377.0,46382.0,46391.0,46401.0,46406.0,46412.0,46428.0,46445.0,46456.0,46468.0,46473.0,46484.0,46487.0,46492.0,46493.0,46499.0,46507.0,46512.0,46516.0,46525.0,46532.0,46540.0,46545.0,46549.0,46553.0,46558.0,46562.0,46568.0,46571.0,46573.0,46574.0,46579.0,46580.0,46581.0,46584.0,46590.0,46596.0,46599.0,46605.0,46607.0,46613.0,46619.0,46627.0,46630.0,46634.0,46640.0,46644.0,46653.0,46661.0,46665.0,46671.0,46675.0,46685.0,46690
jGDNHN5LslE,146318.0,146368.0,146418.0,146439.0,146512.0,146553.0,146619.0,146668.0,146709.0,146753.0,146792.0,146857.0,146925.0,146988.0,147013.0,147052.0,147084.0,147114.0,147151.0,147193.0,147243.0,147278.0,147316.0,147330.0,147352.0,147385.0,147419.0,147451.0,147503.0,147546.0,147569.0,147598.0,147634.0,147671.0,147730.0,147786.0,147831.0,147865.0,147902.0,147947.0,147997.0,148037.0,148078.0,148121.0,148154.0,148182.0,148216.0,148243.0,148272.0,148313.0,148343.0,148372.0,148395.0,148422.0,148463.0,148505.0,148533.0,148572.0,148599.0,148622.0,148648.0,148687.0,148755.0,148786.0,148830.0,148870.0,148908.0,148949.0,148995.0,149044.0,149099.0,149129.0,149163.0,149208.0,149244.0,149292.0,149316.0,149342.0,149374.0,149405.0,149429.0,149464.0,149489.0,149550.0,149579.0,149608.0,149643.0,149672.0,149709.0,149766.0,149806.0,149834.0,149884.0,149934.0,149966.0,150004.0,150050.0,150109.0,150163.0,150213.0,150256.0,150299.0,150346.0,150407.0,150473.0,150521.0,150581.0,150615.0,150659.0,150711.0,150755.0,150808.0,150874.0,150932.0,150989.0,151033.0,151080.0,151121.0,151200.0,151249.0,151302.0,151359.0,151434.0,151487.0,151544.0,151603.0,151654.0,151713.0,151765.0,151823.0,151862.0,151915.0,151976.0,152014.0,,,,,,,,,152503.0,152535.0,152575.0,152629.0,152681.0,152721.0,152760.0,152802.0,152863.0,152900.0,152936.0,152983.0,153019.0,153076.0,153134.0,153182.0,153235.0,153278.0,153326.0,153361.0,153413.0,153456.0,153491.0,153534.0,153568.0,153610.0,153662.0,153705.0,153737.0,153773.0,153828.0,153874.0,153908.0,153947.0,154002.0,154039.0,154073.0,154130.0,154190.0,154229.0,154269.0,154295.0,154325.0,154352.0,154396.0,154419.0,154456.0,154500.0,154538.0,154556.0,154585.0,154618.0,154642.0,154701.0,154745.0,154774.0,154815.0,154858.0,154910.0,154948.0,154986.0,155024.0,155064.0,155107.0,155150.0,155179.0,155208.0,155241.0,155273.0,155309.0,155337.0,155368.0,155404.0,155439.0,155478.0,155512.0,155560.0,155590.0,155636.0,155676.0,155715.0,155780.0,155855.0,155908.0,155950.0,155996.0,156022.0,156079.0,156117.0,156147.0,156203.0,156242.0,156282.0,156344.0,156393.0,156436.0,156492.0,156532.0,156558.0,156601.0,156643.0,156695.0,156730.0,156767.0,156812.0,156853.0,156890.0,156931.0,156968.0,156996.0,157036.0,157088.0,157119.0,157185.0,157246.0,157292.0,157348.0,157418.0,157474.0,157535.0,157584.0,,157681.0,157730.0,157768.0,157833.0,157892.0,157951.0,158008.0,158083.0,158128.0,158177.0,158240.0,158278.0,158328.0,158390.0,158452.0,158492.0,158550.0,158603.0,158656.0,158722.0,158777.0,158834.0,158896.0,158947.0,159012.0,159065.0,159112.0,159193.0,159298.0,159362.0,159449.0,159521.0,159578.0,159614.0,159709.0,159770.0,159828.0,159897.0,159981.0,160040.0,160104.0,160184.0,160271.0,160338.0,160414.0,160499.0,160552.0,160618.0,160701.0,160774.0,160851.0,160923.0,160988.0,161027.0,161069.0,161113.0,161165.0,161226.0,161292.0,161356.0,161418.0,161478.0,161557.0,161613.0,161673.0,161715.0,161766.0,161835.0,161891.0,161951.0,161996.0,162051.0,162100.0,162167.0,162234.0,162283.0,162331.0,162388.0,162461.0,162541.0,162627.0,162687.0,162738.0,162824.0,162901.0,162997.0,163084.0,163165.0,163233.0,163282.0,163343.0,163404.0,163461.0,163529.0,163588.0,163631.0,163668.0,163717.0,163765.0,163819.0,163864.0,163944.0,164019.0,164081.0,164163.0,164235.0,164307.0,164363.0,164417.0,164480.0,164541.0,164606.0,164670.0,164729
fU19pOgi4bE,775065.0,775133.0,775218.0,775314.0,775381.0,775446.0,775544.0,775677.0,775773.0,775885.0,776000.0,776110.0,776205.0,776303.0,776415.0,776502.0,776594.0,776665.0,776740.0,776828.0,776935.0,777044.0,777130.0,777204.0,777313.0,777395.0,777492.0,777572.0,777639.0,777708.0,777780.0,777855.0,777937.0,778004.0,778083.0,778176.0,778261.0,778363.0,778429.0,778493.0,778554.0,778628.0,778713.0,778771.0,778855.0,778907.0,778981.0,779044.0,779131.0,779207.0,779258.0,779315.0,779385.0,779440.0,779498.0,779589.0,779664.0,779709.0,779763.0,779819.0,779893.0,780010.0,780111.0,780207.0,780311.0,780398.0,780476.0,780609.0,780662.0,780754.0,780909.0,781033.0,781143.0,781260.0,781362.0,781489.0,781591.0,781699.0,781794.0,781893.0,781987.0,782074.0,782137.0,782263.0,782353.0,782472.0,782546.0,782626.0,782761.0,782885.0,783006.0,783105.0,783212.0,783320.0,783407.0,783522.0,783644.0,783766.0,783872.0,783961.0,784035.0,784107.0,784197.0,784316.0,784412.0,784487.0,784592.0,784668.0,784747.0,784829.0,784921.0,785012.0,785115.0,785223.0,785312.0,785388.0,785453.0,785556.0,785630.0,785715.0,785786.0,785858.0,785938.0,785989.0,786037.0,786088.0,786135.0,786194.0,786254.0,786315.0,786372.0,786430.0,786499.0,786550.0,,,,,,,,,787103.0,787143.0,787215.0,787281.0,787366.0,787442.0,787503.0,787552.0,787605.0,787665.0,787748.0,787837.0,787909.0,787980.0,788055.0,788115.0,788177.0,788271.0,788336.0,788406.0,788475.0,788523.0,788555.0,788636.0,788709.0,788768.0,788835.0,788911.0,788960.0,789019.0,789089.0,789160.0,789234.0,789299.0,789372.0,789427.0,789471.0,789546.0,789621.0,789696.0,789761.0,789828.0,789873.0,789930.0,789984.0,790033.0,790086.0,790164.0,790215.0,790248.0,790295.0,790360.0,790430.0,790503.0,790564.0,790651.0,790707.0,790761.0,790836.0,790916.0,790984.0,791032.0,791091.0,791140.0,791189.0,791229.0,791289.0,791350.0,791421.0,791479.0,791526.0,791590.0,791654.0,791740.0,791805.0,791868.0,791921.0,791971.0,792024.0,792083.0,792145.0,792215.0,792286.0,792355.0,792401.0,792465.0,792526.0,792577.0,792650.0,792726.0,792773.0,792826.0,792887.0,792963.0,793029.0,793124.0,793192.0,793258.0,793291.0,793346.0,793398.0,793465.0,793522.0,793583.0,793656.0,793699.0,793759.0,793818.0,793910.0,793980.0,794060.0,794132.0,794183.0,794248.0,794307.0,794348.0,794425.0,794491.0,794563.0,794621.0,794699.0,,794870.0,794966.0,795066.0,795163.0,795256.0,795303.0,795368.0,795406.0,795504.0,795582.0,795679.0,795740.0,795811.0,795923.0,796009.0,796046.0,796125.0,796182.0,796271.0,796367.0,796461.0,796547.0,796658.0,796764.0,796869.0,796948.0,797010.0,797078.0,797186.0,797266.0,797375.0,797465.0,797567.0,797639.0,797745.0,797869.0,797957.0,798072.0,798161.0,798255.0,798357.0,798460.0,798530.0,798632.0,798708.0,798786.0,798859.0,798932.0,799023.0,799101.0,799180.0,799265.0,799347.0,799420.0,799495.0,799598.0,799694.0,799784.0,799882.0,799974.0,800020.0,800091.0,800180.0,800277.0,800371.0,800460.0,800554.0,800635.0,800706.0,800775.0,800834.0,800907.0,800993.0,801075.0,801143.0,801190.0,801273.0,801338.0,801424.0,801509.0,801579.0,801656.0,801708.0,801780.0,801879.0,801977.0,802051.0,802152.0,802229.0,802287.0,802357.0,802437.0,802537.0,802617.0,802710.0,802776.0,802846.0,802942.0,803062.0,803181.0,803293.0,803410.0,803545.0,803627.0,803739.0,803808.0,803892.0,803986.0,804066.0,804150.0,804197.0,804287.0,804358.0,804446
2vJMpUq6N34,3433.0,3436.0,3436.0,3439.0,3440.0,3440.0,3440.0,3441.0,3441.0,3443.0,3444.0,3444.0,3444.0,3447.0,3449.0,3449.0,3449.0,3449.0,3449.0,3450.0,3450.0,3450.0,3450.0,3450.0,3451.0,3452.0,3453.0,3454.0,3455.0,3455.0,3458.0,3459.0,3460.0,3460.0,3460.0,3462.0,3463.0,3464.0,3466.0,3465.0,3465.0,3465.0,3465.0,3465.0,3466.0,3466.0,3466.0,3466.0,3466.0,3467.0,3467.0,3468.0,3471.0,3471.0,3472.0,3474.0,3473.0,3473.0,3473.0,3473.0,3476.0,3476.0,3478.0,3478.0,3478.0,3480.0,3481.0,3481.0,3481.0,3481.0,3482.0,3483.0,3483.0,3484.0,3485.0,3487.0,3487.0,3487.0,3487.0,3487.0,3487.0,3488.0,3488.0,3488.0,3488.0,3488.0,3489.0,3489.0,3490.0,3490.0,3490.0,3490.0,3490.0,3491.0,3491.0,3491.0,3491.0,3491.0,3491.0,3491.0,3491.0,3491.0,3491.0,3492.0,3493.0,3493.0,3495.0,3496.0,3498.0,3498.0,3498.0,3498.0,3503.0,3503.0,3505.0,3504.0,3504.0,3504.0,3504.0,3505.0,3506.0,3508.0,3509.0,3509.0,3513.0,3516.0,3518.0,3521.0,3522.0,3522.0,3522.0,3523.0,3524.0,3524.0,,,,,,,,,3526.0,3528.0,3528.0,3529.0,3529.0,3529.0,3529.0,3530.0,3531.0,3531.0,3532.0,3532.0,3532.0,3532.0,3532.0,3532.0,3532.0,3532.0,3533.0,3533.0,3533.0,3533.0,3533.0,3533.0,3533.0,3535.0,3535.0,3536.0,3537.0,3537.0,3537.0,3538.0,3538.0,3538.0,3538.0,3541.0,3542.0,3542.0,3542.0,3543.0,3543.0,3544.0,3546.0,3546.0,3546.0,3547.0,3547.0,3550.0,3550.0,3550.0,3552.0,3553.0,3553.0,3553.0,3555.0,3555.0,3555.0,3553.0,3553.0,3553.0,3553.0,3554.0,3555.0,3555.0,3556.0,3556.0,3556.0,3556.0,3558.0,3558.0,3558.0,3559.0,3558.0,3558.0,3558.0,3558.0,3558.0,3558.0,3558.0,3558.0,3558.0,3559.0,3559.0,3559.0,3559.0,3559.0,3559.0,3559.0,3559.0,3560.0,3561.0,3561.0,3561.0,3561.0,3561.0,3561.0,3562.0,3562.0,3563.0,3564.0,3564.0,3564.0,3563.0,3566.0,3566.0,3566.0,3566.0,3567.0,3567.0,3567.0,3569.0,3569.0,3569.0,3569.0,3569.0,3570.0,3571.0,3571.0,3571.0,3571.0,3571.0,,3571.0,3571.0,3573.0,3574.0,3574.0,3574.0,3575.0,3574.0,3574.0,3574.0,3574.0,3575.0,3575.0,3575.0,3575.0,3575.0,3575.0,3575.0,3575.0,3575.0,3575.0,3575.0,3575.0,3576.0,3576.0,3576.0,3578.0,3578.0,3578.0,3578.0,3578.0,3578.0,3578.0,3579.0,3579.0,3579.0,3580.0,3579.0,3579.0,3580.0,3580.0,3580.0,3580.0,3582.0,3582.0,3582.0,3583.0,3584.0,3584.0,3584.0,3585.0,3585.0,3585.0,3585.0,3588.0,3590.0,3590.0,3590.0,3590.0,3590.0,3590.0,3590.0,3591.0,3591.0,3591.0,3593.0,3593.0,3595.0,3595.0,3595.0,3595.0,3596.0,3596.0,3597.0,3597.0,3600.0,3601.0,3602.0,3602.0,3602.0,3602.0,3602.0,3602.0,3602.0,3603.0,3604.0,3604.0,3604.0,3605.0,3605.0,3605.0,3605.0,3605.0,3606.0,3606.0,3606.0,3606.0,3606.0,3606.0,3607.0,3609.0,3609.0,3612.0,3612.0,3613.0,3613.0,3613.0,3614.0,3614.0,3614.0,3614.0,3614.0,3614.0,3614
dBEjNcVuuu0,5051.0,5051.0,5052.0,5052.0,5052.0,5054.0,5054.0,5054.0,5055.0,5054.0,5055.0,5056.0,5056.0,5057.0,5058.0,5060.0,5060.0,5062.0,5062.0,5062.0,5062.0,5063.0,5063.0,5063.0,5063.0,5063.0,5063.0,5064.0,5065.0,5066.0,5066.0,5067.0,5067.0,5068.0,5068.0,5068.0,5070.0,5073.0,5074.0,5073.0,5074.0,5074.0,5074.0,5074.0,5076.0,5076.0,5077.0,5078.0,5079.0,5080.0,5080.0,5080.0,5080.0,5080.0,5080.0,5081.0,5081.0,5081.0,5081.0,5081.0,5082.0,5082.0,5082.0,5083.0,5084.0,5085.0,5085.0,5086.0,5086.0,5087.0,5087.0,5087.0,5088.0,5088.0,5088.0,5088.0,5088.0,5088.0,5088.0,5088.0,5089.0,5090.0,5090.0,5090.0,5094.0,5094.0,5095.0,5095.0,5096.0,5096.0,5097.0,5098.0,5098.0,5099.0,5099.0,5099.0,5099.0,5100.0,5100.0,5100.0,5101.0,5101.0,5104.0,5105.0,5106.0,5106.0,5106.0,5109.0,5109.0,5109.0,5109.0,5109.0,5109.0,5110.0,5111.0,5111.0,5111.0,5111.0,5111.0,5111.0,5111.0,5112.0,5113.0,5113.0,5113.0,5114.0,5114.0,5114.0,5115.0,5117.0,5118.0,5119.0,5123.0,5125.0,,,,,,,,,5130.0,5130.0,5130.0,5130.0,5130.0,5130.0,5130.0,5131.0,5131.0,5131.0,5131.0,5131.0,5131.0,5131.0,5131.0,5131.0,5131.0,5131.0,5131.0,5131.0,5132.0,5132.0,5132.0,5132.0,5132.0,5132.0,5132.0,5133.0,5134.0,5134.0,5134.0,5134.0,5134.0,5134.0,5135.0,5136.0,5137.0,5137.0,5140.0,5141.0,5141.0,5143.0,5144.0,5145.0,5145.0,5149.0,5149.0,5150.0,5151.0,5152.0,5153.0,5153.0,5153.0,5155.0,5156.0,5156.0,5156.0,5155.0,5155.0,5155.0,5155.0,5157.0,5157.0,5157.0,5157.0,5157.0,5157.0,5157.0,5157.0,5157.0,5158.0,5158.0,5158.0,5158.0,5158.0,5158.0,5158.0,5158.0,5158.0,5158.0,5158.0,5158.0,5158.0,5159.0,5161.0,5161.0,5163.0,5163.0,5163.0,5163.0,5165.0,5166.0,5165.0,5165.0,5166.0,5166.0,5167.0,5167.0,5168.0,5168.0,5169.0,5170.0,5171.0,5173.0,5175.0,5176.0,5177.0,5179.0,5179.0,5181.0,5183.0,5185.0,5186.0,5187.0,5187.0,5187.0,5187.0,5187.0,5188.0,5189.0,5190.0,,5191.0,5193.0,5194.0,5195.0,5194.0,5195.0,5195.0,5195.0,5195.0,5195.0,5195.0,5195.0,5195.0,5195.0,5195.0,5195.0,5195.0,5195.0,5195.0,5196.0,5197.0,5197.0,5197.0,5197.0,5198.0,5198.0,5198.0,5198.0,5198.0,5199.0,5199.0,5199.0,5199.0,5199.0,5199.0,5201.0,5201.0,5202.0,5203.0,5205.0,5205.0,5206.0,5207.0,5207.0,5209.0,5209.0,5210.0,5210.0,5210.0,5211.0,5212.0,5212.0,5213.0,5213.0,5215.0,5218.0,5218.0,5218.0,5219.0,5219.0,5219.0,5219.0,5219.0,5219.0,5219.0,5219.0,5220.0,5222.0,5222.0,5222.0,5222.0,5223.0,5224.0,5224.0,5224.0,5224.0,5224.0,5225.0,5227.0,5228.0,5230.0,5230.0,5230.0,5230.0,5231.0,5231.0,5231.0,5232.0,5232.0,5232.0,5232.0,5232.0,5232.0,5232.0,5232.0,5232.0,5233.0,5236.0,5236.0,5236.0,5238.0,5238.0,5238.0,5238.0,5238.0,5238.0,5238.0,5238.0,5238.0,5238.0,5239.0,5240.0,5240.0,5240
mVj5yiaAe2U,5353565.0,5353738.0,5353894.0,5354040.0,5354225.0,5354470.0,5354830.0,5355219.0,5355571.0,5355904.0,5356250.0,5356594.0,5356914.0,5357200.0,5357496.0,5357748.0,5357994.0,5358320.0,5358632.0,5358935.0,5359230.0,5359416.0,5359700.0,5359900.0,5360131.0,5360299.0,5360503.0,5360685.0,5360835.0,5361061.0,5361283.0,5361472.0,5361695.0,5361956.0,5362223.0,5362526.0,5362783.0,5363065.0,5363277.0,5363525.0,5363772.0,5364001.0,5364268.0,5364480.0,5364727.0,5364932.0,5365143.0,5365404.0,5365683.0,5365919.0,5366116.0,5366314.0,5366519.0,5366735.0,5366930.0,5367148.0,5367336.0,5367572.0,5367757.0,5368004.0,5368212.0,5368430.0,5368635.0,5368819.0,5368997.0,5369147.0,5369337.0,5369529.0,5369674.0,5369867.0,5370101.0,5370275.0,5370438.0,5370612.0,5370823.0,5370994.0,5371212.0,5371383.0,5371604.0,5371773.0,5371932.0,5372108.0,5372245.0,5372385.0,5372532.0,5372679.0,5372867.0,5373021.0,5373163.0,5373312.0,5373483.0,5373650.0,5373789.0,5373912.0,5374019.0,5374133.0,5374290.0,5374430.0,5374553.0,5374692.0,5374822.0,5374964.0,5375103.0,5375217.0,5375367.0,5375508.0,5375678.0,5375827.0,5375946.0,5376084.0,5376225.0,5376368.0,5376495.0,5376604.0,5376705.0,5376873.0,5377022.0,5377127.0,5377263.0,5377402.0,5377546.0,5377655.0,5377771.0,5377901.0,5377997.0,5378090.0,5378213.0,5378355.0,5378470.0,5378554.0,5378699.0,5378846.0,5378953.0,5379057.0,,,,,,,,,5380159.0,5380286.0,5380376.0,5380518.0,5380634.0,5380749.0,5380874.0,5380988.0,5381085.0,5381195.0,5381344.0,5381492.0,5381631.0,5381788.0,5381928.0,5382066.0,5382171.0,5382313.0,5382448.0,5382583.0,5382684.0,5382790.0,5382944.0,5383068.0,5383216.0,5383341.0,5383471.0,5383626.0,5383754.0,5383876.0,5384026.0,5384172.0,5384355.0,5384484.0,5384598.0,5384729.0,5384892.0,5385009.0,5385116.0,5385248.0,5385379.0,5385510.0,5385633.0,5385766.0,5385889.0,5386041.0,5386181.0,5386306.0,5386432.0,5386564.0,5386679.0,5386806.0,5386952.0,5387085.0,5387223.0,5387358.0,5387468.0,5387562.0,5387730.0,5387908.0,5388125.0,5388276.0,5388423.0,5388569.0,5388687.0,5388808.0,5388933.0,5389055.0,5389172.0,5389326.0,5389468.0,5389663.0,5389786.0,5389893.0,5390028.0,5390133.0,5390255.0,5390390.0,5390505.0,5390603.0,5390708.0,5390824.0,5390917.0,5391038.0,5391150.0,5391255.0,5391340.0,5391461.0,5391583.0,5391688.0,5391797.0,5391914.0,5392021.0,5392122.0,5392230.0,5392323.0,5392405.0,5392523.0,5392617.0,5392746.0,5392843.0,5392942.0,5393055.0,5393155.0,5393257.0,5393352.0,5393459.0,5393600.0,5393710.0,5393813.0,5393912.0,5394030.0,5394155.0,5394252.0,5394355.0,5394456.0,5394570.0,5394688.0,5394821.0,5394955.0,5395112.0,,5395448.0,5395598.0,5395751.0,5395861.0,5396023.0,5396160.0,5396281.0,5396437.0,5396597.0,5396745.0,5396867.0,5397006.0,5397095.0,5397221.0,5397358.0,5397485.0,5397671.0,5397804.0,5397974.0,5398104.0,5398256.0,5398382.0,5398505.0,5398649.0,5398829.0,5398975.0,5399121.0,5399245.0,5399396.0,5399540.0,5399744.0,5399883.0,5400062.0,5400208.0,5400355.0,5400532.0,5400671.0,5400826.0,5401084.0,5401271.0,5401475.0,5401661.0,5401840.0,5402020.0,5402199.0,5402415.0,5402575.0,5402755.0,5402909.0,5403073.0,5403229.0,5403376.0,5403557.0,5403708.0,5403832.0,5403985.0,5404147.0,5404291.0,5404429.0,5404586.0,5404723.0,5404855.0,5404980.0,5405155.0,5405276.0,5405497.0,5405649.0,5405888.0,5406054.0,5406208.0,5406334.0,5406440.0,5406579.0,5406715.0,5406867.0,5406996.0,5407131.0,5407274.0,5407412.0,5407585.0,5407748.0,5407912.0,5408087.0,5408285.0,5408445.0,5408619.0,5408790.0,5408988.0,5409155.0,5409358.0,5409527.0,5409665.0,5409815.0,5409970.0,5410119.0,5410283.0,5410429.0,5410552.0,5410720.0,5410880.0,5411001.0,5411114.0,5411217.0,5411319.0,5411443.0,5411561.0,5411686.0,5411811.0,5411923.0,5412080.0,5412207.0,5412325.0,5412421.0,5412526
d9hVLtpWYc8,86.0,86.0,86.0,88.0,88.0,88.0,88.0,88.0,88.0,88.0,88.0,88.0,88.0,88.0,88.0,88.0,89.0,89.0,89.0,89.0,89.0,89.0,89.0,91.0,91.0,91.0,91.0,91.0,91.0,91.0,91.0,91.0,91.0,91.0,91.0,91.0,92.0,92.0,92.0,92.0,92.0,93.0,93.0,93.0,93.0,93.0,93.0,93.0,93.0,93.0,93.0,93.0,93.0,93.0,93.0,93.0,94.0,94.0,95.0,95.0,96.0,96.0,96.0,96.0,96.0,97.0,97.0,97.0,97.0,97.0,97.0,97.0,97.0,97.0,97.0,97.0,97.0,97.0,97.0,97.0,97.0,97.0,97.0,97.0,97.0,100.0,99.0,99.0,99.0,99.0,99.0,99.0,99.0,99.0,99.0,99.0,99.0,99.0,99.0,99.0,99.0,99.0,99.0,99.0,99.0,99.0,99.0,99.0,99.0,99.0,99.0,99.0,99.0,99.0,99.0,100.0,100.0,100.0,100.0,100.0,100.0,100.0,100.0,100.0,100.0,100.0,100.0,100.0,100.0,100.0,100.0,100.0,100.0,100.0,,,,,,,,,100.0,100.0,100.0,100.0,100.0,100.0,100.0,100.0,100.0,100.0,100.0,100.0,100.0,100.0,100.0,100.0,100.0,100.0,100.0,100.0,100.0,100.0,100.0,100.0,100.0,100.0,100.0,100.0,100.0,100.0,100.0,100.0,100.0,100.0,100.0,100.0,100.0,100.0,100.0,100.0,100.0,100.0,100.0,100.0,100.0,100.0,100.0,100.0,100.0,100.0,100.0,100.0,100.0,100.0,100.0,100.0,100.0,100.0,100.0,100.0,100.0,100.0,100.0,100.0,100.0,100.0,100.0,100.0,100.0,100.0,100.0,100.0,100.0,100.0,100.0,100.0,100.0,100.0,100.0,100.0,100.0,100.0,100.0,100.0,100.0,100.0,100.0,100.0,100.0,100.0,100.0,100.0,100.0,100.0,100.0,100.0,100.0,100.0,100.0,100.0,100.0,100.0,100.0,100.0,100.0,100.0,100.0,100.0,100.0,100.0,100.0,100.0,100.0,100.0,100.0,100.0,100.0,100.0,100.0,100.0,100.0,,101.0,101.0,101.0,101.0,101.0,101.0,101.0,101.0,101.0,101.0,101.0,101.0,101.0,101.0,101.0,101.0,101.0,101.0,101.0,101.0,101.0,101.0,101.0,101.0,101.0,101.0,101.0,101.0,101.0,101.0,101.0,101.0,101.0,101.0,101.0,101.0,102.0,102.0,102.0,102.0,102.0,102.0,102.0,102.0,102.0,102.0,102.0,103.0,103.0,103.0,103.0,103.0,103.0,103.0,103.0,103.0,103.0,103.0,103.0,103.0,103.0,103.0,103.0,103.0,103.0,103.0,103.0,103.0,103.0,103.0,103.0,103.0,103.0,103.0,103.0,103.0,103.0,103.0,103.0,103.0,103.0,103.0,103.0,103.0,103.0,103.0,103.0,103.0,103.0,103.0,103.0,104.0,105.0,105.0,105.0,105.0,105.0,105.0,105.0,105.0,105.0,105.0,105.0,105.0,106.0,106.0,106.0,106.0,106.0,106.0,106.0,106.0,106.0,106
ePT0yJVIBj0,70769.0,70805.0,70855.0,70894.0,70942.0,70971.0,71012.0,71063.0,71123.0,71176.0,71210.0,71265.0,71332.0,71381.0,71420.0,71451.0,71491.0,71547.0,71589.0,71637.0,71683.0,71717.0,71767.0,71803.0,71834.0,71885.0,71928.0,71974.0,72024.0,72074.0,72119.0,72162.0,72198.0,72237.0,72283.0,72331.0,72366.0,72399.0,72433.0,72455.0,72499.0,72534.0,72592.0,72630.0,72663.0,72694.0,72742.0,72778.0,72808.0,72853.0,72887.0,72921.0,72948.0,72986.0,73015.0,73045.0,73071.0,73110.0,73135.0,73161.0,73191.0,73231.0,73274.0,73326.0,73356.0,73390.0,73426.0,73464.0,73482.0,73536.0,73588.0,73623.0,73657.0,73684.0,73733.0,73769.0,73811.0,73845.0,73888.0,73929.0,73964.0,73999.0,74042.0,74086.0,74123.0,74174.0,74207.0,74248.0,74283.0,74329.0,74360.0,74399.0,74459.0,74487.0,74526.0,74551.0,74601.0,74646.0,74675.0,74701.0,74748.0,74784.0,74838.0,74882.0,74934.0,74985.0,75069.0,75119.0,75175.0,75245.0,75325.0,75380.0,75451.0,75509.0,75563.0,75605.0,75649.0,75690.0,75725.0,75784.0,75821.0,75857.0,75900.0,75939.0,75961.0,76000.0,76036.0,76091.0,76138.0,76173.0,76213.0,76254.0,76304.0,76344.0,,,,,,,,,76791.0,76830.0,76890.0,76939.0,77009.0,77080.0,77134.0,77179.0,77249.0,77312.0,77382.0,77447.0,77529.0,77583.0,77617.0,77678.0,77780.0,77882.0,77948.0,77990.0,78033.0,78063.0,78136.0,78181.0,78246.0,78280.0,78334.0,78401.0,78447.0,78485.0,78522.0,78561.0,78604.0,78654.0,78698.0,78738.0,78768.0,78799.0,78829.0,78871.0,78920.0,78976.0,79015.0,79055.0,79107.0,79146.0,79197.0,79233.0,79296.0,79330.0,79362.0,79421.0,79459.0,79488.0,79523.0,79566.0,79594.0,79622.0,79657.0,79682.0,79704.0,79727.0,79757.0,79782.0,79805.0,79837.0,79865.0,79894.0,79917.0,79958.0,79982.0,80000.0,80018.0,80044.0,80069.0,80095.0,80131.0,80162.0,80188.0,80221.0,80256.0,80292.0,80323.0,80365.0,80397.0,80433.0,80468.0,80502.0,80525.0,80564.0,80595.0,80630.0,80656.0,80686.0,80722.0,80762.0,80803.0,80837.0,80867.0,80906.0,80944.0,80978.0,81025.0,81057.0,81090.0,81128.0,81153.0,81187.0,81230.0,81273.0,81301.0,81335.0,81367.0,81394.0,81420.0,81436.0,81459.0,81487.0,81533.0,81561.0,81584.0,,81642.0,81668.0,81703.0,81740.0,81776.0,81794.0,81833.0,81861.0,81882.0,81916.0,81946.0,81984.0,82013.0,82041.0,82068.0,82091.0,82118.0,82151.0,82182.0,82198.0,82228.0,82259.0,82296.0,82330.0,82352.0,82373.0,82397.0,82416.0,82443.0,82469.0,82491.0,82518.0,82540.0,82560.0,82584.0,82607.0,82626.0,82648.0,82684.0,82713.0,82736.0,82751.0,82782.0,82809.0,82833.0,82859.0,82887.0,82913.0,82941.0,82972.0,82992.0,83023.0,83061.0,83093.0,83123.0,83151.0,83183.0,83205.0,83243.0,83280.0,83321.0,83358.0,83392.0,83450.0,83489.0,83540.0,83591.0,83634.0,83697.0,83774.0,83837.0,83897.0,83946.0,84018.0,84070.0,84126.0,84180.0,84258.0,84316.0,84374.0,84435.0,84490.0,84524.0,84568.0,84609.0,84648.0,84693.0,84730.0,84767.0,84796.0,84824.0,84860.0,84904.0,84939.0,84991.0,85031.0,85063.0,85094.0,85139.0,85174.0,85218.0,85247.0,85287.0,85315.0,85359.0,85414.0,85452.0,85482.0,85510.0,85553.0,85599.0,85633.0,85659.0,85704
976kzd6McOo,102174.0,102182.0,102206.0,102216.0,102221.0,102238.0,102246.0,102257.0,102266.0,102273.0,102281.0,102289.0,102300.0,102311.0,102322.0,102326.0,102338.0,102347.0,102359.0,102381.0,102394.0,102406.0,102420.0,102424.0,102438.0,102457.0,102468.0,102482.0,102491.0,102508.0,102518.0,102529.0,102531.0,102540.0,102549.0,102554.0,102565.0,102577.0,102579.0,102586.0,102593.0,102607.0,102616.0,102626.0,102634.0,102640.0,102644.0,102652.0,102662.0,102676.0,102705.0,102722.0,102733.0,102740.0,102749.0,102757.0,102764.0,102771.0,102776.0,102782.0,102796.0,102802.0,102813.0,102821.0,102827.0,102833.0,102845.0,102853.0,102859.0,102868.0,102876.0,102886.0,102900.0,102904.0,102917.0,102925.0,102946.0,102955.0,102968.0,102974.0,102976.0,102983.0,102987.0,102999.0,103011.0,103016.0,103024.0,103031.0,103038.0,103048.0,103056.0,103061.0,103086.0,103095.0,103108.0,103117.0,103125.0,103141.0,103150.0,103163.0,103173.0,103191.0,103211.0,103218.0,103223.0,103231.0,103238.0,103246.0,103258.0,103267.0,103274.0,103281.0,103289.0,103293.0,103297.0,103303.0,103306.0,103315.0,103323.0,103332.0,103342.0,103350.0,103357.0,103365.0,103376.0,103387.0,103394.0,103408.0,103412.0,103421.0,103432.0,103440.0,103454.0,103466.0,,,,,,,,,103558.0,103577.0,103584.0,103600.0,103622.0,103644.0,103665.0,103677.0,103694.0,103712.0,103730.0,103743.0,103750.0,103762.0,103774.0,103783.0,103793.0,103805.0,103814.0,103821.0,103834.0,103838.0,103842.0,103855.0,103863.0,103876.0,103880.0,103885.0,103889.0,103895.0,103903.0,103912.0,103920.0,103927.0,103933.0,103942.0,103952.0,103960.0,103975.0,103986.0,103997.0,104004.0,104014.0,104020.0,104028.0,104032.0,104042.0,104050.0,104057.0,104068.0,104073.0,104082.0,104088.0,104097.0,104102.0,104109.0,104114.0,104119.0,104129.0,104132.0,104134.0,104144.0,104152.0,104158.0,104168.0,104174.0,104182.0,104200.0,104216.0,104225.0,104238.0,104245.0,104257.0,104268.0,104277.0,104288.0,104297.0,104306.0,104317.0,104323.0,104327.0,104335.0,104339.0,104343.0,104349.0,104354.0,104360.0,104368.0,104383.0,104391.0,104405.0,104410.0,104417.0,104429.0,104434.0,104444.0,104459.0,104474.0,104488.0,104499.0,104506.0,104517.0,104527.0,104538.0,104552.0,104567.0,104570.0,104579.0,104586.0,104595.0,104609.0,104613.0,104626.0,104645.0,104654.0,104665.0,104671.0,104688.0,104692.0,104705.0,104711.0,,104727.0,104735.0,104746.0,104749.0,104757.0,104764.0,104767.0,104771.0,104780.0,104785.0,104794.0,104795.0,104809.0,104812.0,104818.0,104831.0,104839.0,104844.0,104855.0,104861.0,104865.0,104872.0,104881.0,104894.0,104907.0,104940.0,104952.0,104959.0,104969.0,104979.0,104985.0,104990.0,105004.0,105011.0,105018.0,105024.0,105033.0,105041.0,105049.0,105064.0,105070.0,105092.0,105101.0,105107.0,105118.0,105128.0,105143.0,105154.0,105165.0,105173.0,105181.0,105202.0,105215.0,105226.0,105245.0,105259.0,105270.0,105283.0,105292.0,105304.0,105322.0,105333.0,105337.0,105346.0,105350.0,105361.0,105384.0,105393.0,105398.0,105410.0,105419.0,105430.0,105448.0,105461.0,105476.0,105488.0,105499.0,105519.0,105538.0,105559.0,105569.0,105574.0,105589.0,105600.0,105610.0,105618.0,105627.0,105632.0,105642.0,105653.0,105672.0,105684.0,105696.0,105710.0,105726.0,105735.0,105740.0,105749.0,105758.0,105769.0,105777.0,105783.0,105789.0,105796.0,105803.0,105814.0,105822.0,105838.0,105845.0,105856.0,105865.0,105874.0,105885.0,105892
LXQ7mFRU9NU,30339.0,30343.0,30350.0,30357.0,30361.0,30371.0,30376.0,30384.0,30391.0,30394.0,30396.0,30401.0,30404.0,30409.0,30415.0,30424.0,30434.0,30441.0,30462.0,30481.0,30490.0,30501.0,30514.0,30522.0,30527.0,30536.0,30544.0,30552.0,30553.0,30563.0,30569.0,30573.0,30579.0,30590.0,30599.0,30602.0,30607.0,30617.0,30622.0,30627.0,30633.0,30642.0,30649.0,30659.0,30667.0,30675.0,30681.0,30685.0,30689.0,30693.0,30697.0,30704.0,30713.0,30718.0,30725.0,30731.0,30736.0,30740.0,30744.0,30746.0,30751.0,30753.0,30762.0,30765.0,30766.0,30771.0,30776.0,30782.0,30788.0,30792.0,30798.0,30803.0,30806.0,30812.0,30819.0,30825.0,30833.0,30836.0,30841.0,30844.0,30850.0,30853.0,30857.0,30863.0,30866.0,30867.0,30872.0,30875.0,30879.0,30885.0,30887.0,30893.0,30905.0,30910.0,30921.0,30923.0,30931.0,30936.0,30939.0,30939.0,30942.0,30945.0,30962.0,30967.0,30968.0,30974.0,30977.0,30979.0,30984.0,30992.0,30992.0,30999.0,31003.0,31005.0,31009.0,31014.0,31017.0,31028.0,31031.0,31039.0,31044.0,31047.0,31049.0,31055.0,31058.0,31062.0,31065.0,31070.0,31075.0,31082.0,31085.0,31092.0,31099.0,31107.0,,,,,,,,,31158.0,31159.0,31163.0,31168.0,31179.0,31197.0,31211.0,31223.0,31243.0,31248.0,31252.0,31256.0,31264.0,31270.0,31271.0,31275.0,31283.0,31286.0,31288.0,31293.0,31296.0,31300.0,31302.0,31308.0,31313.0,31313.0,31317.0,31321.0,31322.0,31322.0,31333.0,31337.0,31340.0,31343.0,31346.0,31351.0,31353.0,31358.0,31366.0,31376.0,31380.0,31383.0,31384.0,31388.0,31388.0,31388.0,31392.0,31393.0,31395.0,31397.0,31400.0,31404.0,31410.0,31413.0,31424.0,31426.0,31428.0,31432.0,31436.0,31440.0,31446.0,31448.0,31453.0,31454.0,31456.0,31458.0,31460.0,31466.0,31470.0,31478.0,31481.0,31482.0,31484.0,31490.0,31491.0,31495.0,31495.0,31495.0,31501.0,31503.0,31506.0,31507.0,31508.0,31514.0,31521.0,31525.0,31527.0,31531.0,31536.0,31543.0,31544.0,31546.0,31548.0,31553.0,31563.0,31566.0,31572.0,31579.0,31588.0,31591.0,31595.0,31598.0,31603.0,31609.0,31613.0,31615.0,31618.0,31623.0,31626.0,31632.0,31639.0,31642.0,31651.0,31656.0,31660.0,31665.0,31670.0,31677.0,31679.0,31683.0,31689.0,,31693.0,31700.0,31706.0,31708.0,31711.0,31715.0,31723.0,31726.0,31734.0,31745.0,31752.0,31757.0,31762.0,31765.0,31771.0,31781.0,31787.0,31791.0,31795.0,31798.0,31804.0,31807.0,31811.0,31811.0,31816.0,31816.0,31817.0,31822.0,31827.0,31833.0,31839.0,31840.0,31842.0,31842.0,31844.0,31848.0,31850.0,31852.0,31858.0,31864.0,31864.0,31868.0,31873.0,31878.0,31882.0,31890.0,31897.0,31908.0,31916.0,31924.0,31929.0,31935.0,31940.0,31947.0,31956.0,31960.0,31970.0,31975.0,31978.0,31985.0,31989.0,31995.0,31999.0,32004.0,32010.0,32016.0,32024.0,32029.0,32030.0,32033.0,32037.0,32040.0,32044.0,32046.0,32052.0,32053.0,32053.0,32056.0,32060.0,32062.0,32065.0,32072.0,32077.0,32080.0,32085.0,32086.0,32091.0,32095.0,32101.0,32105.0,32115.0,32120.0,32125.0,32127.0,32129.0,32132.0,32134.0,32137.0,32140.0,32144.0,32148.0,32149.0,32157.0,32165.0,32174.0,32182.0,32186.0,32192.0,32199.0,32205.0,32208.0,32218.0,32220.0,32227
_7IxtGEts_g,151740.0,151769.0,151812.0,151839.0,151871.0,151905.0,151951.0,151992.0,152039.0,152081.0,152114.0,152158.0,152195.0,152233.0,152283.0,152337.0,152388.0,152436.0,152484.0,152558.0,152620.0,152670.0,152711.0,152751.0,152777.0,152803.0,152830.0,152863.0,152897.0,152944.0,152972.0,153015.0,153056.0,153091.0,153135.0,153172.0,153220.0,153272.0,153323.0,153367.0,153403.0,153447.0,153489.0,153531.0,153581.0,153629.0,153660.0,153694.0,153732.0,153765.0,153792.0,153825.0,153858.0,153889.0,153919.0,153955.0,153992.0,154036.0,154074.0,154097.0,154129.0,154163.0,154197.0,154243.0,154283.0,154316.0,154353.0,154400.0,154425.0,154486.0,154534.0,154554.0,154603.0,154644.0,154675.0,154713.0,154761.0,154799.0,154838.0,154881.0,154931.0,154957.0,155007.0,155042.0,155082.0,155137.0,155188.0,155228.0,155259.0,155286.0,155326.0,155375.0,155420.0,155463.0,155498.0,155549.0,155915.0,156019.0,156069.0,156122.0,156180.0,156229.0,156273.0,156319.0,156352.0,156390.0,156440.0,156491.0,156524.0,156563.0,156616.0,156652.0,156695.0,156737.0,156793.0,156842.0,156890.0,156940.0,157000.0,157045.0,157094.0,157156.0,157198.0,157236.0,157274.0,157335.0,157378.0,157416.0,157453.0,157492.0,157546.0,157594.0,157643.0,157680.0,,,,,,,,,158028.0,158072.0,158107.0,158155.0,158213.0,158293.0,158365.0,158422.0,158501.0,158554.0,158614.0,158677.0,158730.0,158804.0,158883.0,158950.0,158988.0,159034.0,159077.0,159110.0,159149.0,159180.0,159212.0,159240.0,159271.0,159288.0,159323.0,159360.0,159401.0,159427.0,159448.0,159482.0,159520.0,159550.0,159589.0,159622.0,159657.0,159689.0,159729.0,159769.0,159795.0,159840.0,159874.0,159901.0,159929.0,159955.0,159998.0,160027.0,160064.0,160109.0,160136.0,160163.0,160193.0,160220.0,160240.0,160274.0,160305.0,160324.0,160356.0,160386.0,160410.0,160449.0,160488.0,160525.0,160559.0,160585.0,160622.0,160667.0,160709.0,160749.0,160782.0,160822.0,160858.0,160892.0,160917.0,160948.0,160974.0,161001.0,161032.0,161052.0,161076.0,161101.0,161117.0,161147.0,161178.0,161198.0,161217.0,161248.0,161275.0,161314.0,161342.0,161373.0,161400.0,161432.0,161458.0,161480.0,161514.0,161539.0,161578.0,161616.0,161643.0,161679.0,161713.0,161750.0,161799.0,161846.0,161882.0,161911.0,161969.0,162013.0,162067.0,162111.0,162172.0,162212.0,162244.0,162327.0,162368.0,162430.0,162486.0,162550.0,162601.0,,162725.0,162798.0,162842.0,162905.0,162967.0,163030.0,163088.0,163157.0,163221.0,163289.0,163367.0,163441.0,163510.0,163567.0,163642.0,163700.0,163748.0,163812.0,163884.0,163956.0,164028.0,164100.0,164170.0,164259.0,164336.0,164394.0,164444.0,164519.0,164591.0,164663.0,164741.0,164826.0,164920.0,164990.0,165083.0,165164.0,165252.0,165338.0,165439.0,165516.0,165572.0,165659.0,165754.0,165855.0,165932.0,165999.0,166079.0,166151.0,166231.0,166288.0,166368.0,166420.0,166467.0,166549.0,166614.0,166662.0,166703.0,166747.0,166796.0,166829.0,166899.0,166938.0,166978.0,167025.0,167061.0,167110.0,167155.0,167207.0,167242.0,167272.0,167292.0,167327.0,167376.0,167412.0,167459.0,167493.0,167532.0,167585.0,167630.0,167675.0,167721.0,167773.0,167823.0,167870.0,167918.0,167961.0,168015.0,168079.0,168118.0,168160.0,168203.0,168248.0,168289.0,168336.0,168370.0,168409.0,168436.0,168471.0,168510.0,168543.0,168576.0,168613.0,168654.0,168687.0,168734.0,168776.0,168840.0,168881.0,168919.0,168976.0,169003.0,169034.0,169072.0,169103
eaoKcONuHeU,210290.0,210554.0,210808.0,211066.0,211366.0,211626.0,211858.0,212174.0,212393.0,212626.0,212846.0,213060.0,213287.0,213502.0,213731.0,213942.0,214160.0,214351.0,214544.0,214735.0,214919.0,215110.0,215318.0,215431.0,215572.0,215733.0,215893.0,216083.0,216257.0,216425.0,216616.0,216844.0,217004.0,217207.0,217378.0,217563.0,217779.0,218025.0,218243.0,218488.0,218721.0,218954.0,219156.0,219380.0,219647.0,219823.0,220034.0,220243.0,220428.0,220620.0,220793.0,220916.0,221088.0,221288.0,221443.0,221627.0,221876.0,222081.0,222245.0,222412.0,222564.0,222765.0,222985.0,223193.0,223397.0,223574.0,223722.0,223911.0,224083.0,224349.0,224559.0,224754.0,224985.0,225126.0,225328.0,225521.0,225718.0,225895.0,226080.0,226261.0,226438.0,226599.0,226755.0,226933.0,227112.0,227307.0,227515.0,227678.0,227881.0,228075.0,228249.0,228465.0,228704.0,228888.0,229092.0,229240.0,229438.0,229647.0,229835.0,230067.0,230276.0,230487.0,230710.0,230876.0,231137.0,231326.0,231565.0,231786.0,232001.0,232192.0,232396.0,232612.0,232804.0,232997.0,233170.0,233341.0,233510.0,233668.0,233927.0,234130.0,234361.0,234526.0,234658.0,234836.0,235023.0,235223.0,235424.0,235611.0,235786.0,236030.0,236267.0,236493.0,236750.0,236983.0,,,,,,,,,239586.0,239839.0,240098.0,240429.0,240695.0,241010.0,241228.0,241500.0,241736.0,242036.0,242280.0,242568.0,242904.0,243171.0,243374.0,243573.0,243780.0,243987.0,244170.0,244430.0,244633.0,244837.0,245056.0,245210.0,245408.0,245602.0,245816.0,246049.0,246254.0,246469.0,246691.0,246917.0,247155.0,247456.0,247724.0,247975.0,248302.0,248571.0,248835.0,249110.0,249408.0,249705.0,250002.0,250238.0,250535.0,250789.0,251025.0,251312.0,251645.0,251917.0,252156.0,252378.0,252647.0,252925.0,253237.0,253503.0,253779.0,254069.0,254375.0,254617.0,254931.0,255204.0,255470.0,255773.0,256003.0,256261.0,256593.0,256887.0,257141.0,257394.0,257680.0,257927.0,258213.0,258533.0,258758.0,259008.0,259338.0,259647.0,259901.0,260122.0,260398.0,260627.0,260848.0,261098.0,261333.0,261557.0,261732.0,261972.0,262207.0,262475.0,262733.0,262990.0,263247.0,263506.0,263800.0,264086.0,264333.0,264603.0,264952.0,265214.0,265512.0,265825.0,266149.0,266421.0,266757.0,267042.0,267302.0,267587.0,267903.0,268205.0,268548.0,268889.0,269277.0,269614.0,269869.0,270200.0,270538.0,270837.0,271168.0,271550.0,271917.0,,272732.0,273111.0,273427.0,273775.0,274111.0,274391.0,274702.0,275023.0,275407.0,275774.0,276120.0,276480.0,276725.0,277002.0,277297.0,277593.0,277827.0,278077.0,278343.0,278684.0,278889.0,279162.0,279399.0,279621.0,279888.0,280129.0,280391.0,280575.0,280815.0,281069.0,281313.0,281550.0,281815.0,282046.0,282291.0,282571.0,282785.0,283054.0,283303.0,283555.0,283828.0,284080.0,284347.0,284632.0,284890.0,285167.0,285435.0,285677.0,285848.0,286048.0,286244.0,286413.0,286587.0,286793.0,286951.0,287125.0,287318.0,287495.0,287638.0,287829.0,287987.0,288155.0,288296.0,288440.0,288605.0,288757.0,288955.0,289217.0,289426.0,289605.0,289829.0,290143.0,290421.0,290637.0,290859.0,291045.0,291255.0,291457.0,291657.0,291841.0,292007.0,292180.0,292358.0,292490.0,292669.0,292849.0,293037.0,293243.0,293435.0,293610.0,293770.0,293928.0,294112.0,294331.0,294539.0,294736.0,294946.0,295121.0,295371.0,295538.0,295724.0,295927.0,296111.0,296271.0,296439.0,296653.0,296863.0,297067.0,297252.0,297428.0,297635.0,297785.0,297955.0,298135
UEfiWkvQ3Yc,73072.0,73075.0,73079.0,73090.0,73096.0,73106.0,73111.0,73125.0,73130.0,73132.0,73136.0,73145.0,73146.0,73150.0,73153.0,73162.0,73163.0,73168.0,73171.0,73182.0,73186.0,73188.0,73202.0,73206.0,73207.0,73209.0,73210.0,73214.0,73221.0,73228.0,73234.0,73240.0,73248.0,73249.0,73253.0,73258.0,73259.0,73265.0,73277.0,73286.0,73301.0,73312.0,73327.0,73341.0,73344.0,73353.0,73357.0,73365.0,73371.0,73377.0,73378.0,73382.0,73389.0,73394.0,73399.0,73403.0,73406.0,73409.0,73410.0,73412.0,73415.0,73415.0,73421.0,73422.0,73428.0,73430.0,73432.0,73438.0,73442.0,73452.0,73454.0,73456.0,73458.0,73461.0,73463.0,73465.0,73467.0,73480.0,73498.0,73507.0,73514.0,73517.0,73526.0,73539.0,73543.0,73547.0,73551.0,73554.0,73558.0,73563.0,73566.0,73575.0,73578.0,73580.0,73591.0,73597.0,73599.0,73604.0,73605.0,73611.0,73615.0,73619.0,73637.0,73641.0,73643.0,73650.0,73654.0,73655.0,73660.0,73668.0,73671.0,73673.0,73675.0,73676.0,73678.0,73680.0,73682.0,73686.0,73697.0,73706.0,73723.0,73726.0,73730.0,73733.0,73747.0,73757.0,73761.0,73766.0,73771.0,73778.0,73789.0,73797.0,73808.0,73818.0,,,,,,,,,73872.0,73877.0,73877.0,73880.0,73886.0,73895.0,73904.0,73909.0,73913.0,73915.0,73917.0,73922.0,73933.0,73934.0,73936.0,73941.0,73944.0,73945.0,73948.0,73950.0,73958.0,73959.0,73963.0,73966.0,73969.0,73973.0,73978.0,73979.0,73984.0,73986.0,73992.0,73994.0,73998.0,74002.0,74004.0,74010.0,74022.0,74027.0,74037.0,74046.0,74052.0,74058.0,74064.0,74068.0,74068.0,74071.0,74072.0,74077.0,74082.0,74087.0,74090.0,74094.0,74096.0,74102.0,74109.0,74116.0,74117.0,74125.0,74132.0,74140.0,74138.0,74141.0,74146.0,74147.0,74150.0,74160.0,74163.0,74165.0,74168.0,74174.0,74180.0,74186.0,74188.0,74193.0,74193.0,74197.0,74205.0,74205.0,74211.0,74213.0,74214.0,74217.0,74219.0,74225.0,74230.0,74236.0,74237.0,74243.0,74250.0,74258.0,74261.0,74266.0,74267.0,74274.0,74284.0,74290.0,74299.0,74304.0,74307.0,74310.0,74320.0,74326.0,74335.0,74339.0,74349.0,74353.0,74354.0,74356.0,74360.0,74369.0,74373.0,74376.0,74381.0,74382.0,74382.0,74382.0,74386.0,74387.0,74388.0,74390.0,74393.0,,74401.0,74406.0,74410.0,74413.0,74419.0,74428.0,74431.0,74431.0,74435.0,74439.0,74445.0,74449.0,74454.0,74456.0,74460.0,74466.0,74469.0,74470.0,74474.0,74483.0,74487.0,74492.0,74496.0,74505.0,74512.0,74514.0,74519.0,74524.0,74525.0,74529.0,74530.0,74531.0,74533.0,74534.0,74536.0,74537.0,74538.0,74540.0,74542.0,74544.0,74546.0,74548.0,74551.0,74556.0,74556.0,74559.0,74562.0,74564.0,74566.0,74570.0,74570.0,74571.0,74572.0,74578.0,74583.0,74586.0,74588.0,74591.0,74597.0,74597.0,74600.0,74603.0,74605.0,74606.0,74608.0,74611.0,74614.0,74620.0,74624.0,74625.0,74625.0,74629.0,74631.0,74633.0,74636.0,74637.0,74640.0,74642.0,74645.0,74649.0,74652.0,74654.0,74656.0,74657.0,74664.0,74667.0,74671.0,74672.0,74681.0,74683.0,74687.0,74694.0,74697.0,74700.0,74706.0,74710.0,74714.0,74714.0,74715.0,74718.0,74719.0,74722.0,74723.0,74725.0,74728.0,74731.0,74737.0,74741.0,74743.0,74744.0,74746.0,74751.0,74754.0,74758
KzBbzJvLCr8,26294.0,26297.0,26303.0,26309.0,26311.0,26313.0,26315.0,26318.0,26319.0,26322.0,26326.0,26329.0,26331.0,26332.0,26335.0,26339.0,26339.0,26342.0,26342.0,26349.0,26353.0,26356.0,26358.0,26359.0,26361.0,26365.0,26365.0,26367.0,26371.0,26374.0,26381.0,26382.0,26385.0,26387.0,26391.0,26393.0,26398.0,26404.0,26406.0,26410.0,26415.0,26417.0,26421.0,26423.0,26424.0,26425.0,26426.0,26430.0,26433.0,26434.0,26434.0,26437.0,26440.0,26442.0,26444.0,26448.0,26451.0,26453.0,26455.0,26461.0,26466.0,26469.0,26476.0,26479.0,26480.0,26480.0,26484.0,26485.0,26485.0,26493.0,26494.0,26494.0,26495.0,26497.0,26498.0,26498.0,26500.0,26503.0,26503.0,26510.0,26510.0,26513.0,26514.0,26514.0,26517.0,26519.0,26519.0,26519.0,26520.0,26523.0,26525.0,26527.0,26530.0,26530.0,26539.0,26540.0,26545.0,26547.0,26550.0,26553.0,26553.0,26554.0,26566.0,26570.0,26570.0,26572.0,26573.0,26576.0,26579.0,26583.0,26583.0,26588.0,26589.0,26590.0,26593.0,26597.0,26603.0,26603.0,26605.0,26608.0,26611.0,26613.0,26615.0,26620.0,26621.0,26624.0,26626.0,26628.0,26630.0,26631.0,26635.0,26637.0,26643.0,26646.0,,,,,,,,,26682.0,26688.0,26688.0,26694.0,26697.0,26704.0,26710.0,26712.0,26718.0,26720.0,26725.0,26726.0,26730.0,26734.0,26736.0,26741.0,26742.0,26744.0,26747.0,26748.0,26751.0,26751.0,26752.0,26755.0,26760.0,26763.0,26766.0,26769.0,26772.0,26772.0,26773.0,26775.0,26778.0,26783.0,26786.0,26790.0,26792.0,26794.0,26799.0,26802.0,26805.0,26805.0,26808.0,26809.0,26810.0,26812.0,26813.0,26820.0,26823.0,26823.0,26824.0,26826.0,26827.0,26828.0,26831.0,26833.0,26833.0,26835.0,26838.0,26840.0,26843.0,26845.0,26847.0,26849.0,26851.0,26856.0,26859.0,26864.0,26870.0,26874.0,26877.0,26881.0,26887.0,26894.0,26895.0,26897.0,26898.0,26899.0,26903.0,26903.0,26906.0,26907.0,26907.0,26908.0,26911.0,26914.0,26914.0,26917.0,26924.0,26931.0,26936.0,26941.0,26943.0,26948.0,26949.0,26952.0,26955.0,26958.0,26960.0,26961.0,26963.0,26965.0,26967.0,26970.0,26974.0,26975.0,26976.0,26977.0,26980.0,26981.0,26986.0,26989.0,26994.0,26997.0,27003.0,27004.0,27005.0,27009.0,27012.0,27013.0,27016.0,,27024.0,27026.0,27033.0,27037.0,27039.0,27044.0,27048.0,27049.0,27051.0,27054.0,27057.0,27060.0,27066.0,27070.0,27072.0,27075.0,27077.0,27078.0,27079.0,27081.0,27083.0,27086.0,27088.0,27094.0,27095.0,27095.0,27100.0,27101.0,27101.0,27102.0,27103.0,27108.0,27109.0,27112.0,27114.0,27118.0,27118.0,27124.0,27127.0,27129.0,27127.0,27131.0,27135.0,27136.0,27139.0,27143.0,27144.0,27144.0,27145.0,27147.0,27154.0,27158.0,27162.0,27166.0,27172.0,27177.0,27180.0,27183.0,27187.0,27188.0,27192.0,27194.0,27195.0,27196.0,27197.0,27201.0,27203.0,27206.0,27208.0,27209.0,27212.0,27216.0,27217.0,27218.0,27223.0,27225.0,27225.0,27227.0,27229.0,27229.0,27232.0,27232.0,27234.0,27235.0,27237.0,27239.0,27242.0,27244.0,27247.0,27248.0,27255.0,27260.0,27260.0,27263.0,27265.0,27267.0,27269.0,27271.0,27272.0,27272.0,27272.0,27272.0,27275.0,27275.0,27277.0,27279.0,27282.0,27285.0,27286.0,27286.0,27289.0,27290.0,27291.0,27295
A9Z82kkaGso,33808.0,33816.0,33832.0,33853.0,33860.0,33870.0,33875.0,33888.0,33897.0,33909.0,33919.0,33935.0,33948.0,33957.0,33968.0,33981.0,33996.0,34008.0,34021.0,34027.0,34038.0,34049.0,34058.0,34066.0,34073.0,34086.0,34098.0,34108.0,34119.0,34133.0,34147.0,34157.0,34166.0,34185.0,34189.0,34196.0,34204.0,34217.0,34238.0,34247.0,34254.0,34260.0,34272.0,34291.0,34294.0,34301.0,34311.0,34317.0,34325.0,34336.0,34343.0,34350.0,34360.0,34370.0,34376.0,34384.0,34392.0,34400.0,34408.0,34418.0,34431.0,34441.0,34455.0,34463.0,34473.0,34479.0,34490.0,34498.0,34504.0,34514.0,34520.0,34531.0,34542.0,34547.0,34552.0,34562.0,34589.0,34598.0,34606.0,34615.0,34622.0,34627.0,34635.0,34642.0,34649.0,34661.0,34669.0,34674.0,34680.0,34688.0,34698.0,34710.0,34718.0,34727.0,34741.0,34747.0,34755.0,34766.0,34776.0,34784.0,34790.0,34797.0,34817.0,34833.0,34849.0,34860.0,34867.0,34881.0,34889.0,34897.0,34902.0,34908.0,34921.0,34923.0,34933.0,34939.0,34944.0,34954.0,34971.0,34980.0,34988.0,35000.0,35008.0,35011.0,35016.0,35026.0,35036.0,35040.0,35050.0,35062.0,35075.0,35080.0,35090.0,35100.0,,,,,,,,,35236.0,35247.0,35254.0,35262.0,35273.0,35287.0,35296.0,35310.0,35325.0,35334.0,35343.0,35361.0,35374.0,35387.0,35397.0,35410.0,35419.0,35431.0,35439.0,35446.0,35453.0,35465.0,35471.0,35485.0,35499.0,35513.0,35518.0,35527.0,35540.0,35551.0,35559.0,35569.0,35586.0,35597.0,35607.0,35618.0,35633.0,35647.0,35664.0,35681.0,35685.0,35695.0,35702.0,35710.0,35716.0,35722.0,35733.0,35743.0,35751.0,35765.0,35776.0,35783.0,35789.0,35800.0,35817.0,35830.0,35837.0,35848.0,35863.0,35873.0,35881.0,35890.0,35899.0,35906.0,35925.0,35935.0,35946.0,35956.0,35968.0,35984.0,35994.0,36005.0,36016.0,36027.0,36039.0,36047.0,36056.0,36067.0,36075.0,36080.0,36092.0,36100.0,36105.0,36112.0,36123.0,36131.0,36135.0,36142.0,36160.0,36174.0,36182.0,36200.0,36206.0,36214.0,36230.0,36238.0,36255.0,36266.0,36281.0,36289.0,36301.0,36317.0,36327.0,36337.0,36350.0,36358.0,36366.0,36373.0,36382.0,36395.0,36404.0,36416.0,36427.0,36442.0,36456.0,36465.0,36481.0,36489.0,36498.0,36515.0,36525.0,,36549.0,36560.0,36575.0,36588.0,36600.0,36611.0,36620.0,36629.0,36642.0,36659.0,36671.0,36677.0,36687.0,36706.0,36721.0,36731.0,36742.0,36756.0,36767.0,36775.0,36784.0,36795.0,36803.0,36811.0,36824.0,36833.0,36843.0,36850.0,36855.0,36864.0,36875.0,36885.0,36901.0,36916.0,36925.0,36942.0,36952.0,36960.0,36969.0,36978.0,36982.0,36989.0,37002.0,37006.0,37016.0,37028.0,37035.0,37045.0,37051.0,37059.0,37068.0,37086.0,37101.0,37115.0,37127.0,37142.0,37154.0,37167.0,37174.0,37180.0,37190.0,37196.0,37202.0,37208.0,37216.0,37221.0,37231.0,37245.0,37254.0,37261.0,37273.0,37289.0,37299.0,37306.0,37318.0,37327.0,37345.0,37363.0,37375.0,37385.0,37392.0,37402.0,37415.0,37425.0,37432.0,37438.0,37447.0,37458.0,37463.0,37470.0,37476.0,37482.0,37489.0,37497.0,37505.0,37512.0,37518.0,37526.0,37529.0,37536.0,37543.0,37554.0,37559.0,37566.0,37571.0,37585.0,37589.0,37597.0,37603.0,37608.0,37614.0,37619.0,37628.0,37633
ZkpA7Cr7dyk,14387.0,14391.0,14401.0,14410.0,14420.0,14436.0,14446.0,14462.0,14478.0,14488.0,14502.0,14508.0,14513.0,14522.0,14531.0,14536.0,14541.0,14545.0,14552.0,14559.0,14568.0,14575.0,14585.0,14598.0,14607.0,14611.0,14617.0,14623.0,14638.0,14651.0,14655.0,14665.0,14670.0,14677.0,14686.0,14693.0,14704.0,14718.0,14727.0,14739.0,14753.0,14764.0,14771.0,14781.0,14793.0,14798.0,14807.0,14819.0,14826.0,14845.0,14853.0,14865.0,14869.0,14877.0,14882.0,14898.0,14906.0,14913.0,14933.0,14936.0,14944.0,14955.0,14961.0,14972.0,14981.0,14990.0,14995.0,15003.0,15011.0,15021.0,15032.0,15041.0,15060.0,15068.0,15091.0,15104.0,15112.0,15127.0,15136.0,15149.0,15155.0,15168.0,15180.0,15193.0,15204.0,15218.0,15226.0,15237.0,15246.0,15256.0,15262.0,15275.0,15286.0,15299.0,15310.0,15318.0,15325.0,15340.0,15347.0,15357.0,15367.0,15374.0,15389.0,15395.0,15406.0,15425.0,15439.0,15452.0,15462.0,15468.0,15473.0,15483.0,15487.0,15495.0,15500.0,15513.0,15524.0,15529.0,15536.0,15543.0,15551.0,15560.0,15564.0,15575.0,15583.0,15595.0,15601.0,15611.0,15616.0,15621.0,15625.0,15639.0,15650.0,15655.0,,,,,,,,,15754.0,15759.0,15768.0,15781.0,15789.0,15798.0,15804.0,15813.0,15825.0,15832.0,15837.0,15843.0,15857.0,15866.0,15872.0,15878.0,15881.0,15886.0,15896.0,15903.0,15911.0,15914.0,15915.0,15924.0,15934.0,15938.0,15945.0,15949.0,15952.0,15958.0,15963.0,15975.0,15984.0,15990.0,16005.0,16017.0,16023.0,16034.0,16044.0,16063.0,16074.0,16084.0,16096.0,16099.0,16107.0,16115.0,16131.0,16138.0,16143.0,16150.0,16157.0,16162.0,16173.0,16180.0,16186.0,16192.0,16196.0,16208.0,16210.0,16221.0,16236.0,16239.0,16246.0,16251.0,16259.0,16265.0,16273.0,16282.0,16289.0,16298.0,16308.0,16315.0,16321.0,16329.0,16334.0,16348.0,16352.0,16357.0,16366.0,16379.0,16388.0,16393.0,16401.0,16407.0,16413.0,16416.0,16423.0,16430.0,16441.0,16448.0,16455.0,16457.0,16461.0,16465.0,16475.0,16484.0,16495.0,16500.0,16518.0,16524.0,16532.0,16542.0,16550.0,16562.0,16571.0,16574.0,16581.0,16584.0,16593.0,16599.0,16608.0,16610.0,16616.0,16619.0,16624.0,16630.0,16634.0,16643.0,16652.0,16660.0,16663.0,,16682.0,16686.0,16696.0,16705.0,16709.0,16715.0,16722.0,16734.0,16740.0,16746.0,16753.0,16763.0,16767.0,16770.0,16780.0,16789.0,16797.0,16807.0,16816.0,16821.0,16829.0,16835.0,16844.0,16848.0,16856.0,16866.0,16872.0,16882.0,16892.0,16904.0,16910.0,16916.0,16921.0,16933.0,16939.0,16955.0,16965.0,16967.0,16979.0,16987.0,16996.0,17002.0,17013.0,17022.0,17033.0,17043.0,17050.0,17060.0,17063.0,17074.0,17076.0,17085.0,17090.0,17100.0,17109.0,17117.0,17123.0,17132.0,17139.0,17147.0,17151.0,17156.0,17161.0,17171.0,17187.0,17196.0,17204.0,17206.0,17217.0,17221.0,17228.0,17236.0,17244.0,17245.0,17256.0,17263.0,17274.0,17285.0,17293.0,17306.0,17312.0,17320.0,17327.0,17332.0,17343.0,17362.0,17373.0,17383.0,17387.0,17392.0,17399.0,17405.0,17409.0,17416.0,17423.0,17428.0,17436.0,17444.0,17454.0,17463.0,17476.0,17485.0,17494.0,17501.0,17510.0,17525.0,17533.0,17544.0,17549.0,17557.0,17564.0,17566.0,17574.0,17582
OpGvS0bY2Uo,45881.0,45891.0,45903.0,45925.0,45938.0,45951.0,45966.0,45983.0,45998.0,46012.0,46035.0,46045.0,46058.0,46073.0,46088.0,46102.0,46116.0,46138.0,46150.0,46165.0,46181.0,46193.0,46205.0,46214.0,46223.0,46238.0,46255.0,46276.0,46294.0,46311.0,46328.0,46344.0,46360.0,46389.0,46411.0,46431.0,46452.0,46475.0,46494.0,46510.0,46526.0,46535.0,46548.0,46560.0,46575.0,46594.0,46616.0,46635.0,46648.0,46658.0,46673.0,46687.0,46694.0,46699.0,46713.0,46724.0,46737.0,46750.0,46779.0,46801.0,46831.0,46853.0,46876.0,46896.0,46913.0,46924.0,46935.0,46948.0,46959.0,46986.0,47005.0,47024.0,47046.0,47066.0,47077.0,47094.0,47111.0,47123.0,47158.0,47173.0,47184.0,47200.0,47214.0,47225.0,47247.0,47261.0,47280.0,47298.0,47312.0,47326.0,47348.0,47366.0,47380.0,47392.0,47407.0,47421.0,47438.0,47443.0,47457.0,47477.0,47492.0,47503.0,47523.0,47532.0,47555.0,47576.0,47589.0,47608.0,47622.0,47648.0,47666.0,47679.0,47697.0,47712.0,47727.0,47734.0,47746.0,47755.0,47766.0,47779.0,47794.0,47804.0,47815.0,47822.0,47837.0,47853.0,47863.0,47878.0,47893.0,47900.0,47916.0,47937.0,47964.0,47981.0,,,,,,,,,48165.0,48183.0,48202.0,48215.0,48228.0,48243.0,48250.0,48266.0,48276.0,48288.0,48303.0,48321.0,48332.0,48343.0,48352.0,48359.0,48367.0,48379.0,48391.0,48402.0,48410.0,48417.0,48427.0,48436.0,48444.0,48457.0,48469.0,48486.0,48498.0,48507.0,48525.0,48535.0,48546.0,48552.0,48569.0,48585.0,48594.0,48606.0,48622.0,48642.0,48659.0,48671.0,48678.0,48691.0,48704.0,48724.0,48745.0,48768.0,48787.0,48804.0,48818.0,48836.0,48856.0,48874.0,48885.0,48909.0,48919.0,48927.0,48933.0,48946.0,48955.0,48967.0,48982.0,49000.0,49010.0,49017.0,49031.0,49041.0,49054.0,49070.0,49086.0,49097.0,49108.0,49122.0,49136.0,49144.0,49157.0,49169.0,49181.0,49190.0,49195.0,49209.0,49219.0,49235.0,49242.0,49250.0,49262.0,49276.0,49284.0,49294.0,49303.0,49316.0,49321.0,49334.0,49343.0,49353.0,49364.0,49386.0,49400.0,49410.0,49419.0,49429.0,49440.0,49458.0,49472.0,49479.0,49490.0,49501.0,49509.0,49522.0,49531.0,49542.0,49547.0,49556.0,49567.0,49592.0,49604.0,49616.0,49630.0,49647.0,49658.0,,49687.0,49711.0,49731.0,49757.0,49781.0,49804.0,49823.0,49840.0,49855.0,49875.0,49899.0,49938.0,49950.0,49967.0,49987.0,50000.0,50016.0,50036.0,50062.0,50079.0,50092.0,50111.0,50133.0,50155.0,50177.0,50193.0,50204.0,50225.0,50244.0,50258.0,50269.0,50280.0,50298.0,50311.0,50327.0,50348.0,50362.0,50371.0,50385.0,50397.0,50410.0,50426.0,50443.0,50457.0,50475.0,50489.0,50510.0,50527.0,50551.0,50572.0,50586.0,50600.0,50613.0,50630.0,50645.0,50660.0,50678.0,50692.0,50701.0,50708.0,50722.0,50749.0,50757.0,50773.0,50790.0,50808.0,50824.0,50834.0,50844.0,50858.0,50872.0,50883.0,50895.0,50907.0,50917.0,50926.0,50944.0,50951.0,50967.0,50979.0,50993.0,51007.0,51024.0,51035.0,51045.0,51057.0,51063.0,51079.0,51098.0,51109.0,51123.0,51130.0,51142.0,51151.0,51171.0,51178.0,51188.0,51197.0,51211.0,51223.0,51235.0,51247.0,51256.0,51263.0,51272.0,51286.0,51300.0,51315.0,51338.0,51349.0,51354.0,51368.0,51381.0,51393
oe-ntIoZt40,18164.0,18181.0,18196.0,18202.0,18210.0,18216.0,18226.0,18231.0,18238.0,18241.0,18248.0,18259.0,18270.0,18277.0,18283.0,18295.0,18303.0,18308.0,18313.0,18322.0,18328.0,18340.0,18345.0,18346.0,18355.0,18360.0,18368.0,18379.0,18394.0,18400.0,18408.0,18415.0,18423.0,18431.0,18435.0,18442.0,18448.0,18457.0,18466.0,18478.0,18493.0,18506.0,18519.0,18529.0,18541.0,18551.0,18562.0,18578.0,18580.0,18585.0,18600.0,18609.0,18613.0,18628.0,18641.0,18651.0,18660.0,18665.0,18669.0,18679.0,18684.0,18691.0,18703.0,18712.0,18723.0,18733.0,18737.0,18746.0,18753.0,18766.0,18777.0,18781.0,18786.0,18793.0,18811.0,18820.0,18832.0,18839.0,18842.0,18849.0,18853.0,18859.0,18866.0,18881.0,18894.0,18901.0,18906.0,18911.0,18925.0,18930.0,18936.0,18951.0,18963.0,18976.0,18983.0,18990.0,19000.0,19012.0,19023.0,19080.0,19143.0,19176.0,19207.0,19235.0,19263.0,19278.0,19290.0,19308.0,19312.0,19321.0,19336.0,19338.0,19346.0,19352.0,19362.0,19370.0,19369.0,19378.0,19385.0,19391.0,19401.0,19410.0,19415.0,19426.0,19434.0,19441.0,19445.0,19451.0,19455.0,19457.0,19462.0,19474.0,19487.0,19497.0,,,,,,,,,19571.0,19577.0,19589.0,19597.0,19605.0,19617.0,19626.0,19633.0,19640.0,19652.0,19658.0,19664.0,19671.0,19673.0,19683.0,19684.0,19690.0,19695.0,19697.0,19703.0,19707.0,19708.0,19711.0,19718.0,19726.0,19732.0,19737.0,19743.0,19743.0,19744.0,19747.0,19755.0,19760.0,19768.0,19771.0,19775.0,19778.0,19782.0,19788.0,19792.0,19803.0,19813.0,19816.0,19820.0,19830.0,19836.0,19842.0,19854.0,19859.0,19862.0,19869.0,19879.0,19889.0,19895.0,19905.0,19915.0,19924.0,19932.0,19940.0,19948.0,19954.0,19966.0,19971.0,19977.0,19980.0,19987.0,19994.0,20004.0,20011.0,20017.0,20024.0,20028.0,20040.0,20051.0,20066.0,20085.0,20095.0,20111.0,20118.0,20130.0,20136.0,20149.0,20158.0,20167.0,20175.0,20182.0,20199.0,20212.0,20224.0,20239.0,20246.0,20253.0,20254.0,20256.0,20266.0,20274.0,20287.0,20291.0,20298.0,20300.0,20305.0,20309.0,20321.0,20327.0,20333.0,20339.0,20348.0,20349.0,20353.0,20356.0,20357.0,20361.0,20365.0,20372.0,20374.0,20375.0,20379.0,20382.0,20386.0,20391.0,20395.0,,20404.0,20410.0,20415.0,20415.0,20420.0,20423.0,20430.0,20434.0,20442.0,20444.0,20448.0,20461.0,20461.0,20469.0,20471.0,20474.0,20479.0,20482.0,20488.0,20493.0,20499.0,20502.0,20505.0,20511.0,20518.0,20522.0,20524.0,20531.0,20535.0,20541.0,20547.0,20555.0,20566.0,20573.0,20579.0,20582.0,20591.0,20599.0,20602.0,20614.0,20620.0,20624.0,20631.0,20638.0,20650.0,20659.0,20666.0,20672.0,20682.0,20689.0,20691.0,20702.0,20708.0,20712.0,20719.0,20722.0,20728.0,20737.0,20743.0,20749.0,20752.0,20762.0,20766.0,20773.0,20786.0,20793.0,20800.0,20805.0,20816.0,20822.0,20824.0,20829.0,20831.0,20836.0,20837.0,20839.0,20843.0,20851.0,20858.0,20864.0,20872.0,20876.0,20876.0,20879.0,20885.0,20898.0,20909.0,20918.0,20925.0,20931.0,20936.0,20940.0,20945.0,20950.0,20952.0,20955.0,20957.0,20960.0,20971.0,20974.0,20981.0,20989.0,20997.0,21002.0,21010.0,21017.0,21020.0,21027.0,21032.0,21038.0,21044.0,21048.0,21057.0,21065
aUzqyfJh_Bs,2907.0,2909.0,2910.0,2915.0,2915.0,2914.0,2915.0,2916.0,2916.0,2916.0,2916.0,2918.0,2919.0,2920.0,2922.0,2923.0,2925.0,2926.0,2929.0,2930.0,2930.0,2930.0,2932.0,2935.0,2939.0,2940.0,2941.0,2947.0,2949.0,2950.0,2950.0,2952.0,2952.0,2953.0,2953.0,2954.0,2955.0,2955.0,2956.0,2958.0,2959.0,2960.0,2961.0,2961.0,2961.0,2961.0,2962.0,2963.0,2963.0,2964.0,2964.0,2964.0,2965.0,2966.0,2967.0,2969.0,2971.0,2972.0,2974.0,2974.0,2978.0,2981.0,2984.0,2987.0,2989.0,2989.0,2990.0,2991.0,2993.0,2994.0,2995.0,2995.0,2998.0,3000.0,3001.0,3001.0,3002.0,3003.0,3005.0,3006.0,3007.0,3007.0,3011.0,3011.0,3014.0,3016.0,3018.0,3020.0,3025.0,3031.0,3033.0,3040.0,3042.0,3044.0,3044.0,3045.0,3046.0,3046.0,3048.0,3048.0,3048.0,3049.0,3050.0,3050.0,3050.0,3052.0,3054.0,3055.0,3059.0,3061.0,3063.0,3064.0,3064.0,3065.0,3065.0,3065.0,3069.0,3072.0,3071.0,3072.0,3074.0,3077.0,3079.0,3080.0,3085.0,3089.0,3093.0,3094.0,3095.0,3097.0,3098.0,3103.0,3108.0,3111.0,,,,,,,,,3123.0,3126.0,3127.0,3131.0,3133.0,3136.0,3138.0,3142.0,3144.0,3144.0,3144.0,3144.0,3144.0,3147.0,3147.0,3149.0,3150.0,3153.0,3154.0,3154.0,3155.0,3155.0,3157.0,3157.0,3158.0,3159.0,3159.0,3165.0,3169.0,3169.0,3169.0,3173.0,3174.0,3175.0,3180.0,3187.0,3187.0,3188.0,3190.0,3198.0,3198.0,3198.0,3200.0,3195.0,3201.0,3207.0,3207.0,3207.0,3206.0,3212.0,3215.0,3218.0,3223.0,3223.0,3223.0,3229.0,3237.0,3238.0,3247.0,3250.0,3254.0,3256.0,3259.0,3262.0,3263.0,3269.0,3274.0,3276.0,3277.0,3278.0,3278.0,3279.0,3280.0,3281.0,3282.0,3289.0,3294.0,3298.0,3298.0,3300.0,3303.0,3309.0,3310.0,3313.0,3314.0,3315.0,3318.0,3327.0,3329.0,3330.0,3333.0,3335.0,3340.0,3344.0,3350.0,3360.0,3367.0,3370.0,3372.0,3373.0,3375.0,3379.0,3383.0,3389.0,3393.0,3393.0,3398.0,3400.0,3401.0,3403.0,3405.0,3407.0,3408.0,3408.0,3410.0,3413.0,3414.0,3415.0,3418.0,3420.0,3421.0,,3425.0,3427.0,3427.0,3429.0,3434.0,3436.0,3440.0,3444.0,3447.0,3448.0,3450.0,3454.0,3454.0,3455.0,3457.0,3460.0,3458.0,3459.0,3461.0,3466.0,3468.0,3470.0,3472.0,3475.0,3477.0,3480.0,3481.0,3484.0,3486.0,3488.0,3492.0,3498.0,3502.0,3506.0,3507.0,3507.0,3511.0,3514.0,3519.0,3523.0,3525.0,3528.0,3536.0,3539.0,3547.0,3552.0,3557.0,3563.0,3566.0,3566.0,3572.0,3574.0,3576.0,3576.0,3580.0,3582.0,3585.0,3591.0,3596.0,3599.0,3605.0,3609.0,3615.0,3621.0,3628.0,3636.0,3642.0,3649.0,3663.0,3679.0,3684.0,3694.0,3697.0,3698.0,3701.0,3703.0,3706.0,3712.0,3723.0,3725.0,3730.0,3736.0,3749.0,3756.0,3764.0,3775.0,3777.0,3790.0,3796.0,3799.0,3800.0,3807.0,3812.0,3822.0,3830.0,3838.0,3846.0,3850.0,3858.0,3860.0,3870.0,3879.0,3880.0,3887.0,3894.0,3907.0,3915.0,3920.0,3926.0,3933.0,3941.0,3942.0,3946.0,3957
p7E6hgZEtCU,1428555.0,1428637.0,1428751.0,1428851.0,1429054.0,1429303.0,1429473.0,1429686.0,1430020.0,1430424.0,1430774.0,1431037.0,1431355.0,1431597.0,1431855.0,1432154.0,1432371.0,1432544.0,1432770.0,1432969.0,1433138.0,1433299.0,1433471.0,1433605.0,1433768.0,1433919.0,1434054.0,1434226.0,1434364.0,1434508.0,1434647.0,1434764.0,1434875.0,1435080.0,1435230.0,1435382.0,1435538.0,1435691.0,1435844.0,1436213.0,1436817.0,1437258.0,1437681.0,1438632.0,1439591.0,1440787.0,1441925.0,1443123.0,1444161.0,1445197.0,1446477.0,1447727.0,1449100.0,1450550.0,1452035.0,1453552.0,1454872.0,1456318.0,1458004.0,1459819.0,1461386.0,1463310.0,1464948.0,1466486.0,1468197.0,1470381.0,1472698.0,1475224.0,1477260.0,1480052.0,1482376.0,1484546.0,1486851.0,1489239.0,1491696.0,1493972.0,1496455.0,1499137.0,1501819.0,1504645.0,1507300.0,1509922.0,1512305.0,1514534.0,1516648.0,1518714.0,1520861.0,1522987.0,1525047.0,1527078.0,1529251.0,1531379.0,1533409.0,1535824.0,1538230.0,1540773.0,1543189.0,1545715.0,1548052.0,1549844.0,1552164.0,1554402.0,1556682.0,1558838.0,1561048.0,1562966.0,1564648.0,1566683.0,1569042.0,1571134.0,1573004.0,1574849.0,1576622.0,1578822.0,1581260.0,1583883.0,1586531.0,1589269.0,1591880.0,1594122.0,1596386.0,1598490.0,1600674.0,1602888.0,1605156.0,1607436.0,1609655.0,1611634.0,1613490.0,1615198.0,1616963.0,1618831.0,1620517.0,1622048.0,,,,,,,,,1635172.0,1636494.0,1637746.0,1638903.0,1640027.0,1641072.0,1641988.0,1642923.0,1644158.0,1645217.0,1646205.0,1647123.0,1648340.0,1649418.0,1650434.0,1651409.0,1652226.0,1653142.0,1654045.0,1654898.0,1655785.0,1656737.0,1657619.0,1658465.0,1659291.0,1660130.0,1660987.0,1661772.0,1662642.0,1663534.0,1664449.0,1665176.0,1665989.0,1666748.0,1667410.0,1668287.0,1669061.0,1669938.0,1670771.0,1672507.0,1673671.0,1674503.0,1675392.0,1676141.0,1676932.0,1677657.0,1678368.0,1679038.0,1679721.0,1680479.0,1681172.0,1681845.0,1682530.0,1683154.0,1683789.0,1684406.0,1685014.0,1685579.0,1686126.0,1686804.0,1687462.0,1688023.0,1688573.0,1689131.0,1689822.0,1690462.0,1691076.0,1691717.0,1692223.0,1692715.0,1693286.0,1693827.0,1694327.0,1694874.0,1695424.0,1695971.0,1696650.0,1697214.0,1697727.0,1698573.0,1699596.0,1700405.0,1701211.0,1702033.0,1702876.0,1703735.0,1704532.0,1705415.0,1706114.0,1706861.0,1707535.0,1708235.0,1708979.0,1709794.0,1710706.0,1711520.0,1712430.0,1713305.0,1714144.0,1714947.0,1715689.0,1716551.0,1717280.0,1717978.0,1718714.0,1719451.0,1720143.0,1720824.0,1721398.0,1722015.0,1722629.0,1723227.0,1723827.0,1724441.0,1725051.0,1725612.0,1726173.0,1726630.0,1727081.0,1727590.0,1728041.0,,1728980.0,1729405.0,1729831.0,1730224.0,1730630.0,1731072.0,1731543.0,1731890.0,1732327.0,1732754.0,1733162.0,1733530.0,1733895.0,1734288.0,1734683.0,1735087.0,1735434.0,1735818.0,1736250.0,1736658.0,1737064.0,1737494.0,1737894.0,1738295.0,1738733.0,1739071.0,1739431.0,1739839.0,1740266.0,1740715.0,1741127.0,1741503.0,1741898.0,1742233.0,1742553.0,1742931.0,1743269.0,1743615.0,1743985.0,1744379.0,1744778.0,1745160.0,1745528.0,1745876.0,1746249.0,1746592.0,1746936.0,1747279.0,1747610.0,1748005.0,1748329.0,1748669.0,1749065.0,1749414.0,1749827.0,1750213.0,1750562.0,1750874.0,1751212.0,1751566.0,1751970.0,1752324.0,1752631.0,1752965.0,1753249.0,1753566.0,1753894.0,1754176.0,1754484.0,1754828.0,1755164.0,1755516.0,1755828.0,1756173.0,1756513.0,1756831.0,1757155.0,1757506.0,1757830.0,1758174.0,1758502.0,1758785.0,1759123.0,1759470.0,1759832.0,1760164.0,1760501.0,1760903.0,1761299.0,1761639.0,1762020.0,1762409.0,1763252.0,1763831.0,1764237.0,1764702.0,1765108.0,1765537.0,1765905.0,1766228.0,1766600.0,1766933.0,1767255.0,1767544.0,1767887.0,1768239.0,1768594.0,1768987.0,1769288.0,1769598.0,1769931.0,1770300.0,1770697.0,1771027
xzceH88r6QM,8210520.0,8211302.0,8212117.0,8212895.0,8213720.0,8214464.0,8215234.0,8216006.0,8216794.0,8217537.0,8218276.0,8219006.0,8219720.0,8220406.0,8221167.0,8221928.0,8222702.0,8223368.0,8224047.0,8224692.0,8225343.0,8226017.0,8226692.0,8227357.0,8228035.0,8228651.0,8229295.0,8229897.0,8230555.0,8231164.0,8231747.0,8232303.0,8232800.0,8233353.0,8233850.0,8234491.0,8235018.0,8235550.0,8236134.0,8236640.0,8237154.0,8237679.0,8238217.0,8238792.0,8239302.0,8239939.0,8240424.0,8240971.0,8241738.0,8242457.0,8243115.0,8243854.0,8244532.0,8245166.0,8245811.0,8246532.0,8247256.0,8247850.0,8248452.0,8249037.0,8249645.0,8250241.0,8250832.0,8251422.0,8251951.0,8252484.0,8252995.0,8253473.0,8253929.0,8254492.0,8255018.0,8255486.0,8255954.0,8256344.0,8256785.0,8257291.0,8257735.0,8258093.0,8258548.0,8258946.0,8259367.0,8259794.0,8260239.0,8260545.0,8261008.0,8261445.0,8261805.0,8262196.0,8262623.0,8262876.0,8263470.0,8263754.0,8264140.0,8264542.0,8264856.0,8265214.0,8265607.0,8266006.0,8266445.0,8266887.0,8267290.0,8267730.0,8268206.0,8268606.0,8269010.0,8269525.0,8270025.0,8270467.0,8270845.0,8271294.0,8271714.0,8272136.0,8272512.0,8272873.0,8273260.0,8273643.0,8274000.0,8274391.0,8274759.0,8275121.0,8275504.0,8275911.0,8276367.0,8276760.0,8277122.0,8277513.0,8277897.0,8278287.0,8278722.0,8279137.0,8279537.0,8279984.0,8280349.0,8280745.0,,,,,,,,,8286060.0,8286697.0,8287395.0,8287956.0,8288528.0,8289100.0,8289704.0,8290368.0,8290970.0,8291598.0,8292137.0,8292673.0,8293276.0,8293841.0,8294316.0,8294857.0,8295375.0,8295872.0,8296354.0,8296804.0,8297196.0,8297576.0,8297957.0,8298326.0,8298739.0,8299132.0,8299525.0,8299840.0,8300203.0,8300580.0,8300916.0,8301268.0,8301592.0,8301931.0,8302308.0,8302631.0,8303021.0,8303342.0,8303629.0,8303954.0,8304359.0,8304686.0,8305063.0,8305450.0,8305811.0,8306158.0,8306489.0,8306908.0,8307278.0,8307637.0,8308018.0,8308346.0,8308663.0,8309021.0,8309432.0,8309807.0,8310188.0,8310512.0,8310881.0,8311197.0,8311623.0,8311950.0,8312246.0,8312518.0,8312814.0,8313105.0,8313474.0,8313769.0,8314093.0,8314384.0,8314717.0,8314966.0,8315293.0,8315594.0,8315932.0,8316269.0,8316633.0,8316984.0,8317332.0,8317674.0,8318016.0,8318406.0,8318806.0,8319196.0,8319504.0,8319906.0,8320285.0,8320649.0,8320973.0,8321308.0,8321703.0,8322048.0,8322495.0,8322849.0,8323223.0,8323602.0,8324024.0,8324411.0,8324828.0,8325218.0,8325579.0,8326000.0,8326325.0,8326690.0,8327065.0,8327530.0,8327880.0,8328251.0,8328620.0,8328940.0,8329323.0,8329649.0,8330045.0,8330394.0,8330800.0,8331118.0,8331483.0,8331879.0,8332232.0,8332562.0,8332917.0,,8333749.0,8334101.0,8334493.0,8334928.0,8335330.0,8335708.0,8336152.0,8336543.0,8336997.0,8337406.0,8337804.0,8338169.0,8338580.0,8338937.0,8339289.0,8339646.0,8340076.0,8340540.0,8340929.0,8341344.0,8341729.0,8342113.0,8342472.0,8342844.0,8343169.0,8343543.0,8343890.0,8344188.0,8344506.0,8344871.0,8345316.0,8345675.0,8346089.0,8346460.0,8346827.0,8347190.0,8347515.0,8347871.0,8348182.0,8348506.0,8348869.0,8349223.0,8349596.0,8349959.0,8350302.0,8350724.0,8351142.0,8351459.0,8351800.0,8352160.0,8352458.0,8352811.0,8353175.0,8353569.0,8353926.0,8354301.0,8354629.0,8354977.0,8355357.0,8355748.0,8356148.0,8356525.0,8356824.0,8357148.0,8357458.0,8357795.0,8358103.0,8358475.0,8358847.0,8359149.0,8359531.0,8359839.0,8360161.0,8360504.0,8360889.0,8361244.0,8361637.0,8361962.0,8362267.0,8362578.0,8362879.0,8363211.0,8363467.0,8363810.0,8364127.0,8364379.0,8364745.0,8365080.0,8365424.0,8365805.0,8366127.0,8366449.0,8366831.0,8367209.0,8367495.0,8367820.0,8368178.0,8368502.0,8368867.0,8369197.0,8369557.0,8369862.0,8370137.0,8370440.0,8370745.0,8371060.0,8371348.0,8371626.0,8371914.0,8372232.0,8372542.0,8372803.0,8373078.0,8373382
iphcBamQrjI,215019.0,215069.0,215127.0,215185.0,215240.0,215310.0,215370.0,215437.0,215494.0,215552.0,215601.0,215659.0,215726.0,215796.0,215861.0,215945.0,216008.0,216075.0,216127.0,216186.0,216248.0,216314.0,216386.0,216433.0,216497.0,216556.0,216628.0,216697.0,216761.0,216845.0,216905.0,216961.0,217014.0,217063.0,217132.0,217211.0,217293.0,217374.0,217427.0,217482.0,217546.0,217610.0,217689.0,217741.0,217817.0,217905.0,217962.0,218017.0,218066.0,218127.0,218189.0,218248.0,218312.0,218381.0,218452.0,218523.0,218588.0,218642.0,218693.0,218757.0,218835.0,218890.0,218955.0,219002.0,219078.0,219156.0,219211.0,219266.0,219327.0,219407.0,219470.0,219530.0,219583.0,219624.0,219692.0,219762.0,219819.0,219881.0,219947.0,220018.0,220074.0,220135.0,220205.0,220267.0,220331.0,220378.0,220435.0,220489.0,220568.0,220648.0,220726.0,220804.0,220859.0,220917.0,220989.0,221045.0,221108.0,221174.0,221248.0,221306.0,221371.0,221428.0,221495.0,221623.0,221722.0,221817.0,221900.0,221986.0,222063.0,222139.0,222210.0,222302.0,222371.0,222442.0,222503.0,222570.0,222645.0,222748.0,222835.0,222941.0,223035.0,223130.0,223206.0,223305.0,223386.0,223469.0,223542.0,223607.0,223677.0,223739.0,223816.0,223894.0,223971.0,224057.0,,,,,,,,,224845.0,224949.0,225024.0,225116.0,225202.0,225297.0,225394.0,225460.0,225539.0,225634.0,225722.0,225792.0,225873.0,225952.0,226045.0,226133.0,226194.0,226266.0,226337.0,226415.0,226493.0,226578.0,226650.0,226726.0,226778.0,226856.0,226923.0,226998.0,227067.0,227139.0,227208.0,227272.0,227321.0,227393.0,227467.0,227530.0,227585.0,227682.0,227734.0,227823.0,227893.0,227963.0,228049.0,228101.0,228176.0,228252.0,228330.0,228403.0,228493.0,228566.0,228635.0,228685.0,228761.0,228838.0,228912.0,228995.0,229047.0,229103.0,229173.0,229251.0,229309.0,229363.0,229423.0,229476.0,229541.0,229610.0,229672.0,229745.0,229799.0,229911.0,229985.0,230053.0,230145.0,230236.0,230349.0,230436.0,230516.0,230591.0,230663.0,230746.0,230844.0,230900.0,230992.0,231070.0,231138.0,231190.0,231275.0,231347.0,231432.0,231503.0,231581.0,231651.0,231725.0,231797.0,231873.0,231938.0,232017.0,232093.0,232194.0,232256.0,232330.0,232397.0,232479.0,232556.0,232612.0,232693.0,232757.0,232823.0,232937.0,233011.0,233087.0,233160.0,233225.0,233305.0,233381.0,233448.0,233512.0,233592.0,233670.0,233746.0,233823.0,,233969.0,234057.0,234170.0,234259.0,234337.0,234404.0,234484.0,234550.0,234615.0,234699.0,234771.0,234844.0,234896.0,234959.0,235060.0,235126.0,235194.0,235252.0,235332.0,235377.0,235451.0,235537.0,235605.0,235666.0,235716.0,235802.0,235871.0,235945.0,236020.0,236101.0,236185.0,236247.0,236329.0,236393.0,236481.0,236553.0,236641.0,236695.0,236759.0,236831.0,236908.0,237002.0,237078.0,237153.0,237237.0,237312.0,237387.0,237443.0,237497.0,237559.0,237627.0,237702.0,237766.0,237819.0,237881.0,237922.0,237989.0,238045.0,238102.0,238167.0,238215.0,238262.0,238325.0,238399.0,238469.0,238534.0,238595.0,238658.0,238728.0,238785.0,238847.0,238923.0,238995.0,239070.0,239157.0,239233.0,239311.0,239413.0,239520.0,239588.0,239661.0,239759.0,239844.0,239929.0,240002.0,240088.0,240165.0,240248.0,240330.0,240416.0,240495.0,240552.0,240637.0,240703.0,240780.0,240840.0,240910.0,240981.0,241059.0,241128.0,241207.0,241249.0,241313.0,241372.0,241442.0,241497.0,241572.0,241634.0,241714.0,241772.0,241832.0,241907.0,242007.0,242073
TRobIbzywJM,,,,,,,,,,,,,,,,,,,,,,,,,,,,,,,,,,,,,,,,,,,,,,,,,,,,,,,,,,,,,,,,,,,,,,,,,,,,,,,,,,,,,,,,,,,,,,,,,,,,,,,,,,,,,,,,,,,,,,,,,,,,,,,,,,,,,,,,,,,,,,,,,,,,,,,,,,,,,,,,,,,,,,,,,,,,,,,,,,,,,,,,,,,,,,,,,,,,,,,,,,,,,,,,,,,,,,,,,,,,,,,,,,,,,,,,,,,,,,,,,,,,,,,,,,,,,,,,,,,,,,,,,,,,,,,,,,,,,,,,,,,,,,,,,,,,,,,,,,,,,,,,,,,,,,,,,,,,,,,,,,,,,,,,,,,,,,,,,,,,,,,,,,,,,,,,,,,,,,,,,,,,,,,,,,,,309994.0,310014.0,310025.0,310036.0,310044.0,310054.0,310058
2MXDTS35Kss,302821.0,303149.0,303442.0,303708.0,304067.0,304449.0,304740.0,305020.0,305359.0,305721.0,306030.0,306261.0,306511.0,306812.0,307138.0,307446.0,307728.0,308000.0,308306.0,308654.0,309050.0,309479.0,309978.0,310479.0,310854.0,311260.0,311656.0,312017.0,312547.0,313024.0,313323.0,313642.0,314150.0,314638.0,314898.0,315207.0,315497.0,315763.0,315996.0,316399.0,316722.0,316962.0,317189.0,317374.0,317565.0,317741.0,317935.0,318117.0,318268.0,318458.0,318679.0,318927.0,319353.0,320037.0,320561.0,321035.0,321611.0,322199.0,322775.0,323291.0,324292.0,325067.0,325787.0,326552.0,327033.0,327355.0,327805.0,328189.0,328469.0,328870.0,329371.0,329885.0,330448.0,330774.0,331079.0,331450.0,331825.0,332336.0,332754.0,333275.0,333758.0,334285.0,334782.0,335425.0,335987.0,336661.0,337238.0,337819.0,338449.0,339069.0,339791.0,340554.0,341293.0,341962.0,342490.0,343094.0,343599.0,344103.0,344563.0,345075.0,345539.0,346000.0,346493.0,346948.0,347410.0,347803.0,348216.0,348663.0,349050.0,349484.0,349996.0,350646.0,351206.0,351736.0,352217.0,352642.0,353053.0,353537.0,354050.0,354501.0,355042.0,355548.0,356098.0,356671.0,357282.0,358093.0,358649.0,359228.0,359668.0,360028.0,360459.0,360835.0,361220.0,361610.0,,,,,,,,,366082.0,366489.0,366908.0,367517.0,368112.0,368767.0,369324.0,369852.0,370427.0,371108.0,371766.0,372645.0,373395.0,374124.0,374767.0,375335.0,375975.0,376730.0,377450.0,378234.0,378816.0,379310.0,379769.0,380434.0,380999.0,381584.0,382132.0,382849.0,383319.0,383851.0,384424.0,384958.0,385503.0,385995.0,386599.0,387101.0,387606.0,388188.0,388794.0,389330.0,389999.0,390573.0,391124.0,391686.0,392287.0,392883.0,393410.0,393976.0,394541.0,395057.0,395552.0,396128.0,396671.0,397209.0,397842.0,398439.0,398900.0,399368.0,399919.0,400482.0,401030.0,401564.0,402105.0,402615.0,403027.0,403627.0,404175.0,404694.0,405111.0,405676.0,406151.0,406561.0,407179.0,407758.0,408495.0,409129.0,409746.0,410250.0,410670.0,411132.0,411753.0,412326.0,412930.0,413468.0,413942.0,414374.0,414915.0,415450.0,416160.0,416854.0,417412.0,417865.0,418286.0,418815.0,419361.0,420102.0,420637.0,421218.0,421697.0,422148.0,422764.0,423434.0,423984.0,424558.0,425110.0,425587.0,426109.0,426623.0,427088.0,427638.0,428131.0,428660.0,429125.0,429560.0,429917.0,430311.0,430758.0,431222.0,431677.0,432190.0,432709.0,,434030.0,434751.0,435353.0,435973.0,436479.0,436916.0,437620.0,438222.0,438710.0,439268.0,439830.0,440352.0,440835.0,441502.0,442167.0,442820.0,443750.0,444520.0,445215.0,445792.0,446430.0,447221.0,447925.0,448628.0,449242.0,449796.0,450353.0,451097.0,451840.0,452589.0,453278.0,453983.0,454547.0,455078.0,455763.0,456537.0,457187.0,457855.0,458450.0,458922.0,459490.0,460088.0,460712.0,461467.0,462089.0,462886.0,463480.0,463996.0,464596.0,465213.0,465802.0,466450.0,467027.0,467602.0,468110.0,468707.0,469216.0,469793.0,470448.0,471090.0,471760.0,472366.0,473109.0,473907.0,474672.0,475550.0,476139.0,476877.0,477557.0,478220.0,478990.0,479805.0,480677.0,481476.0,482279.0,482851.0,483738.0,484703.0,485428.0,486270.0,486997.0,487548.0,488094.0,488668.0,489502.0,490342.0,491187.0,492008.0,492769.0,493378.0,494019.0,494696.0,495387.0,496098.0,496858.0,497416.0,497919.0,498544.0,499281.0,499953.0,500680.0,501326.0,501955.0,502450.0,503118.0,503852.0,504478.0,505245.0,505932.0,506492.0,507083.0,507819.0,508416.0,509074
7He98_azFZo,35668.0,35674.0,35680.0,35690.0,35696.0,35706.0,35718.0,35728.0,35740.0,35757.0,35761.0,35770.0,35782.0,35789.0,35798.0,35808.0,35827.0,35841.0,35845.0,35853.0,35860.0,35867.0,35879.0,35884.0,35888.0,35891.0,35896.0,35903.0,35906.0,35911.0,35915.0,35918.0,35924.0,35934.0,35937.0,35942.0,35948.0,35952.0,35963.0,35974.0,35989.0,36004.0,36018.0,36022.0,36030.0,36044.0,36066.0,36066.0,36073.0,36095.0,36103.0,36106.0,36092.0,36102.0,36120.0,36115.0,36120.0,36136.0,36130.0,36143.0,36170.0,36185.0,36194.0,36221.0,36229.0,36231.0,36238.0,36255.0,36254.0,36274.0,36277.0,36274.0,36285.0,36293.0,36302.0,36312.0,36314.0,36336.0,36338.0,36347.0,36352.0,36360.0,36371.0,36385.0,36382.0,36389.0,36390.0,36402.0,36409.0,36411.0,36406.0,36413.0,36417.0,36419.0,36424.0,36429.0,36437.0,36440.0,36443.0,36450.0,36460.0,36465.0,36474.0,36480.0,36486.0,36492.0,36500.0,36509.0,36519.0,36521.0,36527.0,36532.0,36534.0,36537.0,36541.0,36546.0,36558.0,36564.0,36569.0,36575.0,36578.0,36590.0,36597.0,36603.0,36609.0,36618.0,36630.0,36634.0,36643.0,36647.0,36655.0,36660.0,36662.0,36668.0,,,,,,,,,36716.0,36725.0,36733.0,36741.0,36750.0,36763.0,36767.0,36776.0,36782.0,36794.0,36802.0,36813.0,36821.0,36828.0,36837.0,36842.0,36849.0,36855.0,36857.0,36868.0,36873.0,36876.0,36879.0,36887.0,36889.0,36896.0,36902.0,36906.0,36911.0,36915.0,36917.0,36920.0,36925.0,36929.0,36934.0,36941.0,36942.0,36952.0,36953.0,36961.0,36971.0,36973.0,36977.0,36982.0,36987.0,36992.0,36994.0,37000.0,37002.0,37011.0,37020.0,37023.0,37030.0,37034.0,37038.0,37039.0,37044.0,37048.0,37050.0,37053.0,37054.0,37058.0,37063.0,37073.0,37075.0,37077.0,37085.0,37092.0,37093.0,37095.0,37096.0,37103.0,37104.0,37110.0,37119.0,37124.0,37130.0,37135.0,37139.0,37142.0,37143.0,37148.0,37150.0,37152.0,37157.0,37159.0,37162.0,37164.0,37168.0,37174.0,37177.0,37181.0,37184.0,37188.0,37193.0,37197.0,37200.0,37202.0,37203.0,37204.0,37207.0,37212.0,37220.0,37224.0,37230.0,37235.0,37236.0,37237.0,37242.0,37246.0,37247.0,37256.0,37270.0,37276.0,37283.0,37284.0,37287.0,37295.0,37302.0,37309.0,37314.0,,37322.0,37329.0,37333.0,37340.0,37343.0,37348.0,37355.0,37359.0,37361.0,37365.0,37375.0,37386.0,37392.0,37400.0,37409.0,37411.0,37424.0,37433.0,37442.0,37446.0,37458.0,37469.0,37481.0,37492.0,37498.0,37510.0,37517.0,37531.0,37544.0,37561.0,37570.0,37582.0,37589.0,37596.0,37603.0,37608.0,37622.0,37632.0,37639.0,37643.0,37651.0,37663.0,37671.0,37678.0,37690.0,37695.0,37702.0,37706.0,37710.0,37717.0,37718.0,37722.0,37725.0,37731.0,37732.0,37740.0,37745.0,37748.0,37753.0,37756.0,37760.0,37762.0,37765.0,37767.0,37770.0,37775.0,37779.0,37783.0,37807.0,37820.0,37826.0,37833.0,37838.0,37841.0,37844.0,37850.0,37855.0,37863.0,37875.0,37885.0,37890.0,37893.0,37894.0,37900.0,37902.0,37906.0,37913.0,37916.0,37920.0,37923.0,37934.0,37940.0,37947.0,37957.0,37961.0,37965.0,37972.0,37982.0,37987.0,37991.0,37994.0,37999.0,38004.0,38007.0,38012.0,38015.0,38016.0,38018.0,38021.0,38026.0,38031.0,38031.0,38033.0,38036
QpEE7FCQGrM,105409.0,105415.0,105430.0,105442.0,105452.0,105467.0,105489.0,105503.0,105522.0,105536.0,105546.0,105557.0,105575.0,105594.0,105613.0,105623.0,105631.0,105640.0,105647.0,105657.0,105662.0,105671.0,105686.0,105698.0,105707.0,105715.0,105725.0,105734.0,105745.0,105754.0,105761.0,105778.0,105781.0,105789.0,105794.0,105803.0,105814.0,105820.0,105828.0,105836.0,105844.0,105864.0,105874.0,105880.0,105891.0,105898.0,105908.0,105913.0,105923.0,105932.0,105940.0,105945.0,105953.0,105962.0,105968.0,105975.0,105983.0,105988.0,106000.0,106006.0,106015.0,106024.0,106044.0,106052.0,106063.0,106071.0,106078.0,106088.0,106102.0,106119.0,106130.0,106137.0,106141.0,106156.0,106163.0,106168.0,106176.0,106183.0,106196.0,106208.0,106222.0,106234.0,106242.0,106251.0,106260.0,106270.0,106277.0,106280.0,106287.0,106302.0,106310.0,106319.0,106326.0,106335.0,106348.0,106356.0,106368.0,106380.0,106384.0,106403.0,106407.0,106420.0,106426.0,106435.0,106450.0,106464.0,106476.0,106489.0,106500.0,106509.0,106536.0,106542.0,106558.0,106568.0,106582.0,106598.0,106612.0,106620.0,106639.0,106656.0,106670.0,106682.0,106691.0,106708.0,106720.0,106742.0,106764.0,106777.0,106803.0,106817.0,106834.0,106850.0,106871.0,106893.0,,,,,,,,,107090.0,107116.0,107130.0,107148.0,107171.0,107191.0,107205.0,107226.0,107258.0,107278.0,107294.0,107306.0,107316.0,107331.0,107339.0,107352.0,107360.0,107383.0,107393.0,107402.0,107416.0,107439.0,107455.0,107471.0,107488.0,107502.0,107520.0,107528.0,107543.0,107553.0,107564.0,107577.0,107589.0,107600.0,107609.0,107619.0,107631.0,107647.0,107662.0,107687.0,107703.0,107715.0,107732.0,107744.0,107756.0,107771.0,107785.0,107790.0,107803.0,107828.0,107842.0,107851.0,107860.0,107871.0,107881.0,107888.0,107897.0,107904.0,107910.0,107923.0,107932.0,107936.0,107944.0,107951.0,107958.0,107963.0,107965.0,107970.0,107977.0,107985.0,107991.0,107994.0,108000.0,108006.0,108008.0,108016.0,108027.0,108039.0,108044.0,108049.0,108060.0,108066.0,108082.0,108092.0,108102.0,108106.0,108113.0,108117.0,108122.0,108130.0,108135.0,108145.0,108155.0,108167.0,108174.0,108181.0,108192.0,108201.0,108209.0,108216.0,108227.0,108235.0,108246.0,108257.0,108262.0,108274.0,108282.0,108289.0,108298.0,108307.0,108318.0,108329.0,108342.0,108354.0,108373.0,108384.0,108400.0,108414.0,108429.0,108436.0,108449.0,,108469.0,108474.0,108486.0,108501.0,108511.0,108520.0,108535.0,108550.0,108556.0,108568.0,108581.0,108592.0,108599.0,108604.0,108608.0,108615.0,108625.0,108641.0,108650.0,108660.0,108672.0,108686.0,108694.0,108698.0,108706.0,108716.0,108732.0,108742.0,108751.0,108758.0,108769.0,108781.0,108790.0,108800.0,108810.0,108823.0,108832.0,108841.0,108848.0,108858.0,108864.0,108873.0,108882.0,108895.0,108908.0,108918.0,108933.0,108950.0,108962.0,108964.0,108972.0,108982.0,108995.0,109010.0,109021.0,109028.0,109040.0,109048.0,109058.0,109080.0,109096.0,109108.0,109114.0,109130.0,109141.0,109152.0,109167.0,109176.0,109180.0,109192.0,109207.0,109214.0,109226.0,109230.0,109241.0,109251.0,109260.0,109267.0,109278.0,109292.0,109300.0,109305.0,109311.0,109317.0,109323.0,109337.0,109346.0,109357.0,109371.0,109386.0,109393.0,109403.0,109410.0,109418.0,109422.0,109428.0,109440.0,109453.0,109463.0,109479.0,109485.0,109488.0,109501.0,109503.0,109506.0,109518.0,109532.0,109537.0,109546.0,109547.0,109554.0,109558.0,109566.0,109573
aPPq_FJC-BU,476901.0,476931.0,476976.0,476993.0,477034.0,477059.0,477098.0,477139.0,477177.0,477227.0,477273.0,477330.0,477397.0,477435.0,477459.0,477489.0,477524.0,477568.0,477602.0,477625.0,477658.0,477686.0,477741.0,477769.0,477795.0,477830.0,477863.0,477905.0,477956.0,477985.0,478022.0,478058.0,478093.0,478127.0,478156.0,478188.0,478216.0,478261.0,478283.0,478309.0,478345.0,478384.0,478421.0,478454.0,478475.0,478497.0,478534.0,478569.0,478605.0,478626.0,478653.0,478690.0,478711.0,478731.0,478775.0,478807.0,478831.0,478863.0,478889.0,478917.0,478947.0,478974.0,479012.0,479045.0,479077.0,479114.0,479160.0,479199.0,479231.0,479270.0,479314.0,479339.0,479370.0,479409.0,479445.0,479470.0,479522.0,479558.0,479596.0,479648.0,479691.0,479720.0,479755.0,479798.0,479839.0,479879.0,479923.0,479959.0,479997.0,480038.0,480070.0,480105.0,480133.0,480189.0,480217.0,480237.0,480271.0,480298.0,480326.0,480351.0,480389.0,480410.0,480442.0,480473.0,480510.0,480542.0,480575.0,480609.0,480639.0,480664.0,480697.0,480734.0,480769.0,480806.0,480845.0,480879.0,480907.0,480944.0,480981.0,481001.0,481023.0,481061.0,481098.0,481132.0,481156.0,481197.0,481234.0,481271.0,481312.0,481332.0,481367.0,481393.0,481424.0,481465.0,,,,,,,,,481818.0,481864.0,481909.0,481947.0,481988.0,482041.0,482078.0,482118.0,482143.0,482179.0,482207.0,482231.0,482268.0,482313.0,482350.0,482388.0,482432.0,482471.0,482515.0,482551.0,482591.0,482623.0,482666.0,482706.0,482734.0,482771.0,482801.0,482837.0,482876.0,482902.0,482946.0,482978.0,483027.0,483075.0,483108.0,483150.0,483193.0,483235.0,483264.0,483317.0,483348.0,483386.0,483443.0,483488.0,483532.0,483581.0,483636.0,483663.0,483708.0,483750.0,483796.0,483830.0,483875.0,483912.0,483956.0,483994.0,484029.0,484063.0,484109.0,484148.0,484192.0,484231.0,484297.0,484358.0,484401.0,484446.0,484483.0,484540.0,484572.0,484611.0,484643.0,484671.0,484705.0,484743.0,484784.0,484828.0,484868.0,484905.0,484946.0,484977.0,485022.0,485063.0,485092.0,485127.0,485165.0,485206.0,485244.0,485296.0,485351.0,485381.0,485414.0,485451.0,485491.0,485529.0,485571.0,485614.0,485665.0,485694.0,485728.0,485758.0,485797.0,485834.0,485873.0,485903.0,485948.0,485989.0,486027.0,486063.0,486102.0,486133.0,486161.0,486199.0,486234.0,486274.0,486299.0,486358.0,486411.0,486446.0,486481.0,486564.0,486607.0,,486702.0,486749.0,486793.0,486833.0,486866.0,486906.0,486931.0,486954.0,486980.0,487007.0,487032.0,487067.0,487102.0,487139.0,487174.0,487205.0,487236.0,487279.0,487322.0,487368.0,487423.0,487476.0,487498.0,487554.0,487614.0,487649.0,487687.0,487726.0,487771.0,487806.0,487854.0,487880.0,487908.0,487928.0,487968.0,488005.0,488030.0,488062.0,488112.0,488132.0,488168.0,488189.0,488218.0,488251.0,488279.0,488307.0,488339.0,488362.0,488387.0,488427.0,488472.0,488497.0,488530.0,488568.0,488604.0,488644.0,488682.0,488707.0,488740.0,488769.0,488797.0,488828.0,488871.0,488900.0,488942.0,488986.0,489031.0,489066.0,489105.0,489147.0,489230.0,489275.0,489333.0,489404.0,489472.0,489537.0,489607.0,489681.0,489739.0,489792.0,489849.0,489906.0,489944.0,489980.0,490009.0,490057.0,490087.0,490124.0,490158.0,490183.0,490205.0,490245.0,490267.0,490311.0,490337.0,490362.0,490394.0,490426.0,490443.0,490472.0,490492.0,490515.0,490535.0,490550.0,490581.0,490597.0,490628.0,490657.0,490677.0,490692.0,490715.0,490761.0,490807.0,490842
n1p_M3sv_mk,273639.0,273703.0,273768.0,273824.0,273885.0,273940.0,274006.0,274068.0,274119.0,274178.0,274223.0,274261.0,274305.0,274348.0,274412.0,274473.0,274521.0,274578.0,274665.0,274721.0,274801.0,274891.0,274971.0,275039.0,275082.0,275125.0,275182.0,275226.0,275269.0,275333.0,275394.0,275447.0,275486.0,275528.0,275603.0,275668.0,275721.0,275791.0,275849.0,275893.0,275953.0,276031.0,276099.0,276175.0,276236.0,276309.0,276384.0,276454.0,276528.0,276586.0,276670.0,276713.0,276757.0,276804.0,276860.0,276906.0,276957.0,277028.0,277078.0,277138.0,277184.0,277262.0,277298.0,277353.0,277400.0,277430.0,277466.0,277502.0,277527.0,277562.0,277627.0,277679.0,277720.0,277768.0,277832.0,277873.0,277937.0,277974.0,278017.0,278093.0,278152.0,278203.0,278286.0,278334.0,278403.0,278462.0,278514.0,278603.0,278672.0,278736.0,278777.0,278825.0,278892.0,278951.0,278998.0,279070.0,279130.0,279189.0,279243.0,279311.0,279373.0,279430.0,279502.0,279548.0,279618.0,279672.0,279729.0,279788.0,279852.0,279941.0,280020.0,280098.0,280149.0,280247.0,280331.0,280415.0,280518.0,280593.0,280657.0,280752.0,280853.0,280949.0,281009.0,281062.0,281173.0,281267.0,281347.0,281409.0,281491.0,281549.0,281628.0,281715.0,281814.0,281910.0,,,,,,,,,282716.0,282782.0,282876.0,282953.0,283040.0,283094.0,283165.0,283233.0,283294.0,283372.0,283450.0,283519.0,283591.0,283656.0,283721.0,283793.0,283894.0,283996.0,284118.0,284264.0,284360.0,284519.0,284686.0,284923.0,285118.0,285343.0,285625.0,285904.0,286144.0,286397.0,286627.0,286931.0,287183.0,287453.0,287776.0,288031.0,288307.0,288629.0,288959.0,289242.0,289643.0,289992.0,290355.0,290691.0,291050.0,291381.0,291682.0,292029.0,292436.0,292757.0,293199.0,293566.0,293928.0,294370.0,294700.0,295055.0,295444.0,295857.0,296247.0,296699.0,297122.0,297493.0,297825.0,298215.0,298578.0,298968.0,299387.0,299818.0,300246.0,300618.0,301013.0,301418.0,301873.0,302332.0,302817.0,303262.0,303758.0,304210.0,304696.0,305123.0,305587.0,306035.0,306476.0,307035.0,307454.0,307903.0,308384.0,308818.0,309344.0,309844.0,310290.0,310807.0,311231.0,311641.0,312155.0,312620.0,313076.0,313560.0,314075.0,314506.0,314961.0,315370.0,315825.0,316240.0,316765.0,317184.0,317554.0,318013.0,318376.0,318774.0,319250.0,319674.0,320141.0,320602.0,321025.0,321524.0,321962.0,322405.0,322763.0,323187.0,323536.0,,324405.0,324916.0,325362.0,325742.0,326128.0,326539.0,326859.0,327346.0,327841.0,328351.0,328820.0,329310.0,329758.0,330154.0,330639.0,331114.0,331602.0,331999.0,332530.0,332997.0,333471.0,333909.0,334414.0,334857.0,335300.0,335802.0,336247.0,336652.0,337078.0,337564.0,337996.0,338464.0,338883.0,339288.0,339785.0,340264.0,340755.0,341263.0,341673.0,342168.0,342572.0,343075.0,343517.0,344059.0,344541.0,345006.0,345447.0,345893.0,346329.0,346737.0,347290.0,347741.0,348241.0,348703.0,349115.0,349524.0,349995.0,350509.0,350999.0,351401.0,351903.0,352322.0,352717.0,353122.0,353567.0,354008.0,354456.0,354882.0,355305.0,355747.0,356207.0,356616.0,357103.0,357559.0,358053.0,358479.0,358882.0,359366.0,359887.0,360361.0,360808.0,361337.0,361919.0,362352.0,362867.0,363356.0,363909.0,364378.0,364836.0,365290.0,365742.0,366173.0,366625.0,367110.0,367561.0,367985.0,368400.0,368817.0,369353.0,369865.0,370482.0,371044.0,371560.0,372120.0,372612.0,373235.0,373782.0,374426.0,375026.0,375648.0,376242.0,376736.0,377330.0,377874
waTiRAbwfGQ,54505.0,54537.0,54564.0,54598.0,54641.0,54681.0,54720.0,54764.0,54803.0,54851.0,54895.0,54941.0,54973.0,55006.0,55047.0,55096.0,55138.0,55188.0,55225.0,55273.0,55320.0,55362.0,55409.0,55449.0,55479.0,55522.0,55551.0,55598.0,55647.0,55679.0,55724.0,55762.0,55796.0,55838.0,55887.0,55917.0,55942.0,55962.0,55992.0,56024.0,56049.0,56091.0,56129.0,56164.0,56201.0,56238.0,56274.0,56306.0,56354.0,56403.0,56436.0,56470.0,56499.0,56526.0,56565.0,56603.0,56637.0,56692.0,56736.0,56777.0,56825.0,56876.0,56907.0,56949.0,56987.0,57034.0,57059.0,57088.0,57126.0,57181.0,57264.0,57303.0,57339.0,57383.0,57418.0,57457.0,57500.0,57542.0,57593.0,57636.0,57674.0,57709.0,57751.0,57793.0,57846.0,57917.0,57949.0,57988.0,58021.0,58077.0,58130.0,58188.0,58219.0,58258.0,58291.0,58327.0,58367.0,58421.0,58469.0,58501.0,58521.0,58557.0,58582.0,58613.0,58647.0,58674.0,58710.0,58747.0,58782.0,58806.0,58834.0,58870.0,58895.0,58942.0,58980.0,58999.0,59035.0,59076.0,59099.0,59160.0,59203.0,59231.0,59273.0,59298.0,59337.0,59374.0,59413.0,59449.0,59479.0,59522.0,59544.0,59575.0,59606.0,59645.0,,,,,,,,,60054.0,60097.0,60142.0,60189.0,60244.0,60307.0,60369.0,60428.0,60585.0,60639.0,60710.0,60777.0,60833.0,60870.0,60900.0,60951.0,60990.0,61029.0,61065.0,61088.0,61112.0,61136.0,61168.0,61192.0,61227.0,61251.0,61272.0,61307.0,61340.0,61356.0,61385.0,61424.0,61438.0,61474.0,61500.0,61522.0,61546.0,61565.0,61605.0,61636.0,61667.0,61700.0,61720.0,61738.0,61762.0,61785.0,61817.0,61846.0,61875.0,61912.0,61935.0,61977.0,62011.0,62043.0,62079.0,62113.0,62135.0,62154.0,62178.0,62216.0,62233.0,62255.0,62274.0,62293.0,62324.0,62349.0,62376.0,62392.0,62403.0,62423.0,62437.0,62445.0,62464.0,62478.0,62496.0,62522.0,62549.0,62566.0,62600.0,62615.0,62637.0,62668.0,62695.0,62727.0,62749.0,62780.0,62799.0,62828.0,62854.0,62869.0,62907.0,62921.0,62931.0,62949.0,62968.0,62992.0,63013.0,63047.0,63066.0,63083.0,63101.0,63117.0,63164.0,63192.0,63209.0,63236.0,63259.0,63277.0,63301.0,63323.0,63351.0,63368.0,63385.0,63403.0,63424.0,63442.0,63455.0,63479.0,63493.0,63507.0,63514.0,,63547.0,63559.0,63579.0,63592.0,63604.0,63622.0,63631.0,63640.0,63654.0,63670.0,63683.0,63698.0,63708.0,63721.0,63739.0,63767.0,63783.0,63808.0,63823.0,63838.0,63854.0,63877.0,63889.0,63899.0,63912.0,63923.0,63940.0,63947.0,63968.0,63987.0,64000.0,64016.0,64034.0,64051.0,64064.0,64072.0,64088.0,64106.0,64119.0,64136.0,64147.0,64157.0,64172.0,64183.0,64199.0,64226.0,64247.0,64264.0,64291.0,64317.0,64345.0,64364.0,64392.0,64413.0,64429.0,64448.0,64476.0,64499.0,64516.0,64540.0,64563.0,64581.0,64600.0,64626.0,64655.0,64684.0,64723.0,64754.0,64776.0,64798.0,64812.0,64833.0,64865.0,64893.0,64915.0,64945.0,64968.0,64993.0,65018.0,65033.0,65055.0,65072.0,65090.0,65098.0,65120.0,65146.0,65152.0,65168.0,65180.0,65205.0,65219.0,65233.0,65269.0,65290.0,65307.0,65323.0,65339.0,65344.0,65361.0,65369.0,65383.0,65401.0,65410.0,65426.0,65443.0,65461.0,65482.0,65492.0,65502.0,65514.0,65528.0,65543.0,65552.0,65564
ZZaZS9BWaag,20900.0,20924.0,20942.0,20963.0,20981.0,21004.0,21030.0,21060.0,21078.0,21099.0,21123.0,21141.0,21167.0,21189.0,21230.0,21250.0,21271.0,21292.0,21312.0,21339.0,21368.0,21397.0,21416.0,21429.0,21445.0,21464.0,21482.0,21505.0,21526.0,21546.0,21564.0,21575.0,21595.0,21607.0,21626.0,21645.0,21667.0,21683.0,21700.0,21720.0,21745.0,21767.0,21792.0,21818.0,21835.0,21848.0,21876.0,21897.0,21919.0,21951.0,21971.0,21985.0,22004.0,22027.0,22045.0,22070.0,22093.0,22125.0,22157.0,22176.0,22196.0,22224.0,22245.0,22284.0,22307.0,22331.0,22351.0,22372.0,22384.0,22416.0,22442.0,22464.0,22482.0,22502.0,22528.0,22549.0,22573.0,22607.0,22622.0,22643.0,22665.0,22689.0,22717.0,22733.0,22764.0,22794.0,22827.0,22849.0,22870.0,22900.0,22922.0,22947.0,22971.0,22997.0,23018.0,23043.0,23073.0,23093.0,23126.0,23145.0,23164.0,23196.0,23216.0,23251.0,23274.0,23294.0,23317.0,23361.0,23388.0,23427.0,23453.0,23486.0,23514.0,23545.0,23567.0,23585.0,23616.0,23651.0,23667.0,23687.0,23707.0,23721.0,23744.0,23757.0,23779.0,23802.0,23825.0,23840.0,23859.0,23880.0,23898.0,23919.0,23939.0,23966.0,,,,,,,,,24129.0,24150.0,24188.0,24209.0,24241.0,24258.0,24271.0,24288.0,24311.0,24326.0,24338.0,24378.0,24405.0,24425.0,24444.0,24460.0,24488.0,24507.0,24525.0,24546.0,24565.0,24579.0,24589.0,24603.0,24628.0,24653.0,24682.0,24704.0,24726.0,24736.0,24748.0,24776.0,24800.0,24819.0,24831.0,24848.0,24858.0,24879.0,24898.0,24909.0,24919.0,24939.0,24958.0,24982.0,25011.0,25038.0,25061.0,25087.0,25120.0,25143.0,25174.0,25192.0,25223.0,25245.0,25279.0,25305.0,25321.0,25340.0,25362.0,25380.0,25413.0,25438.0,25459.0,25473.0,25496.0,25530.0,25556.0,25586.0,25605.0,25621.0,25642.0,25653.0,25676.0,25689.0,25714.0,25732.0,25757.0,25775.0,25798.0,25820.0,25854.0,25868.0,25889.0,25911.0,25927.0,25946.0,25967.0,25986.0,26004.0,26022.0,26051.0,26070.0,26098.0,26122.0,26150.0,26185.0,26221.0,26248.0,26267.0,26288.0,26317.0,26356.0,26381.0,26414.0,26452.0,26467.0,26487.0,26511.0,26532.0,26549.0,26565.0,26587.0,26608.0,26626.0,26636.0,26651.0,26671.0,26686.0,26706.0,26716.0,26727.0,,26770.0,26787.0,26807.0,26828.0,26847.0,26858.0,26862.0,26872.0,26881.0,26894.0,26907.0,26917.0,26926.0,26942.0,26956.0,26965.0,26976.0,26987.0,26993.0,27001.0,27025.0,27038.0,27053.0,27068.0,27085.0,27095.0,27103.0,27121.0,27141.0,27157.0,27165.0,27180.0,27199.0,27209.0,27222.0,27236.0,27250.0,27264.0,27280.0,27292.0,27309.0,27323.0,27342.0,27360.0,27374.0,27391.0,27426.0,27448.0,27498.0,27532.0,27557.0,27579.0,27599.0,27622.0,27626.0,27638.0,27663.0,27671.0,27681.0,27695.0,27715.0,27737.0,27747.0,27771.0,27801.0,27829.0,27851.0,27868.0,27885.0,27903.0,27923.0,27954.0,27986.0,28013.0,28030.0,28052.0,28076.0,28097.0,28116.0,28135.0,28158.0,28171.0,28178.0,28184.0,28199.0,28206.0,28211.0,28225.0,28235.0,28238.0,28244.0,28253.0,28270.0,28283.0,28304.0,28312.0,28317.0,28331.0,28339.0,28345.0,28351.0,28360.0,28375.0,28384.0,28393.0,28401.0,28413.0,28422.0,28433.0,28456.0,28466.0,28480.0,28496.0,28504
tJut2wIsC1w,19134746.0,19137234.0,19139131.0,19141878.0,19144516.0,19147000.0,19149568.0,19152040.0,19154851.0,19157636.0,19160531.0,19163027.0,19165833.0,19168264.0,19171245.0,19173952.0,19176790.0,19179897.0,19182920.0,19185032.0,19188071.0,19190873.0,19193196.0,19195663.0,19198585.0,19201072.0,19204084.0,19206403.0,19208896.0,19212143.0,19214775.0,19217518.0,19220692.0,19223457.0,19226262.0,19229123.0,19231911.0,19234805.0,19237667.0,19240665.0,19243765.0,19246684.0,19249872.0,19252741.0,19255385.0,19258074.0,19260982.0,19264110.0,19267018.0,19270054.0,19272850.0,19275556.0,19278157.0,19280780.0,19283440.0,19286440.0,19289107.0,19291977.0,19294786.0,19297487.0,19300631.0,19303535.0,19306669.0,19309703.0,19312329.0,19314877.0,19317738.0,19320554.0,19323314.0,19327619.0,19330594.0,19332777.0,19335668.0,19339085.0,19341770.0,19344931.0,19347457.0,19350522.0,19353738.0,19356668.0,19359997.0,19363416.0,19366456.0,19369458.0,19371851.0,19376885.0,19379552.0,19381224.0,19383408.0,19385271.0,19386693.0,19388417.0,19390022.0,19392088.0,19393790.0,19395506.0,19397127.0,19398607.0,19400113.0,19401871.0,19403402.0,19404928.0,19406425.0,19408107.0,19409510.0,19410979.0,19412346.0,19413689.0,19415291.0,19416788.0,19418736.0,19420960.0,19423429.0,19425774.0,19427569.0,19429387.0,19431112.0,19432761.0,19434758.0,19436778.0,19438816.0,19440287.0,19441861.0,19443347.0,19445181.0,19446861.0,19449203.0,19451847.0,19454131.0,19456360.0,19458006.0,19460072.0,19462312.0,19464155.0,,,,,,,,,19480086.0,19482028.0,19483601.0,19485507.0,19486820.0,19489244.0,19491295.0,19493108.0,19495540.0,19497957.0,19500258.0,19502435.0,19504774.0,19507137.0,19509113.0,19511377.0,19513444.0,19515765.0,19518125.0,19520215.0,19522181.0,19524109.0,19526052.0,19528018.0,19530182.0,19532320.0,19534683.0,19536477.0,19538380.0,19540166.0,19542273.0,19544427.0,19546561.0,19548617.0,19550422.0,19552420.0,19553810.0,19555729.0,19557645.0,19559404.0,19561361.0,19563062.0,19564823.0,19566503.0,19568578.0,19570805.0,19572927.0,19574886.0,19576865.0,19578626.0,19580364.0,19582133.0,19584125.0,19585925.0,19587534.0,19589195.0,19590982.0,19592315.0,19594114.0,19595595.0,19597013.0,19598626.0,19600185.0,19601903.0,19603497.0,19604936.0,19606873.0,19608512.0,19610216.0,19611802.0,19613137.0,19614576.0,19616327.0,19617986.0,19619476.0,19621068.0,19622792.0,19624276.0,19626007.0,19627700.0,19629293.0,19630829.0,19632770.0,19634523.0,19635912.0,19637429.0,19639079.0,19640989.0,19642935.0,19644820.0,19646643.0,19648428.0,19650171.0,19651760.0,19653834.0,19655684.0,19657648.0,19659592.0,19661574.0,19663369.0,19665375.0,19667516.0,19669328.0,19671620.0,19673661.0,19675424.0,19677068.0,19678768.0,19681030.0,19683258.0,19685170.0,19686963.0,19688571.0,19690092.0,19691778.0,19693120.0,19695024.0,19696914.0,19698722.0,19700414.0,19702383.0,,19706142.0,19707969.0,19709700.0,19711432.0,19713281.0,19715093.0,19717237.0,19719096.0,19721027.0,19723040.0,19724985.0,19726946.0,19728904.0,19730684.0,19732377.0,19734279.0,19736180.0,19738059.0,19739834.0,19741623.0,19743301.0,19744858.0,19746617.0,19748443.0,19751219.0,19753827.0,19756241.0,19758384.0,19760849.0,19762429.0,19764377.0,19765825.0,19768098.0,19770233.0,19772269.0,19774434.0,19776537.0,19778918.0,19781089.0,19783208.0,19785400.0,19787747.0,19789924.0,19792136.0,19794430.0,19796247.0,19798030.0,19799827.0,19802149.0,19803819.0,19806266.0,19808296.0,19810400.0,19812550.0,19814228.0,19816456.0,19818580.0,19820430.0,19822001.0,19823897.0,19825604.0,19827391.0,19829027.0,19830886.0,19832719.0,19834281.0,19835969.0,19837501.0,19838807.0,19840451.0,19841879.0,19843378.0,19844973.0,19846320.0,19847724.0,19849104.0,19850459.0,19851845.0,19853239.0,19854659.0,19855998.0,19857345.0,19858764.0,19860072.0,19861482.0,19862732.0,19864250.0,19865619.0,19866827.0,19868099.0,19869575.0,19870912.0,19872305.0,19873643.0,19874790.0,19876206.0,19877437.0,19878770.0,19880067.0,19881231.0,19882792.0,19883935.0,19885262.0,19886518.0,19888121.0,19889246.0,19890663.0,19892002.0,19893338.0,19894549.0,19895564.0,19897127.0,19898405.0,19899580
xuexbvO29Gk,38736661.0,38751846.0,38768333.0,38785162.0,38801041.0,38818064.0,38835169.0,38852784.0,38869722.0,38885534.0,38901394.0,38916633.0,38931438.0,38947295.0,38964302.0,38981157.0,38997448.0,39014210.0,39031909.0,39049212.0,39067369.0,39086281.0,39104599.0,39122752.0,39140701.0,39159049.0,39177518.0,39195344.0,39213915.0,39236112.0,39254956.0,39273482.0,39293418.0,39312170.0,39331148.0,39349282.0,39367224.0,39385326.0,39403239.0,39421260.0,39440517.0,39460187.0,39478767.0,39496937.0,39515725.0,39534677.0,39552528.0,39571489.0,39590468.0,39608660.0,39625320.0,39641775.0,39658195.0,39674958.0,39692131.0,39709579.0,39727074.0,39744851.0,39763443.0,39786606.0,39809529.0,39832888.0,39855963.0,39879235.0,39901098.0,39922149.0,39943963.0,39967284.0,39989696.0,40017449.0,40034843.0,40051078.0,40067121.0,40084431.0,40099937.0,40116414.0,40132124.0,40148281.0,40165377.0,40181000.0,40196853.0,40213192.0,40227082.0,40240569.0,40255205.0,40279146.0,40291334.0,40303284.0,40316772.0,40329906.0,40340903.0,40351291.0,40360789.0,40371844.0,40381949.0,40393279.0,40404233.0,40413782.0,40423303.0,40433915.0,40443077.0,40452157.0,40462441.0,40472643.0,40481344.0,40490184.0,40498168.0,40505666.0,40513817.0,40522471.0,40531075.0,40539715.0,40548934.0,40558069.0,40567012.0,40576092.0,40584211.0,40593355.0,40602467.0,40611232.0,40620683.0,40629429.0,40636502.0,40643943.0,40652287.0,40660436.0,40669795.0,40679705.0,40689454.0,40698628.0,40707635.0,40718269.0,40729311.0,40739105.0,,,,,,,,,40822782.0,40832819.0,40842451.0,40852256.0,40861057.0,40871600.0,40881612.0,40891681.0,40902270.0,40913149.0,40923717.0,40934151.0,40944879.0,40955253.0,40964262.0,40973053.0,40982524.0,40993095.0,41004030.0,41014913.0,41025656.0,41037021.0,41047731.0,41058656.0,41069791.0,41082493.0,41095570.0,41106756.0,41116835.0,41127187.0,41138390.0,41149938.0,41161610.0,41172817.0,41183054.0,41192371.0,41200960.0,41209598.0,41219555.0,41229882.0,41239281.0,41247990.0,41256523.0,41264996.0,41274433.0,41284254.0,41293452.0,41302842.0,41311404.0,41319346.0,41327767.0,41336409.0,41345335.0,41353626.0,41361936.0,41369858.0,41376936.0,41383533.0,41390622.0,41397615.0,41403982.0,41410606.0,41417600.0,41424597.0,41431694.0,41439341.0,41447037.0,41454021.0,41461190.0,41467823.0,41474160.0,41480483.0,41487567.0,41494678.0,41501915.0,41509014.0,41516355.0,41523411.0,41530630.0,41538122.0,41545780.0,41552685.0,41559919.0,41567206.0,41573013.0,41578875.0,41585540.0,41593095.0,41600395.0,41607688.0,41614701.0,41621623.0,41628307.0,41634882.0,41641466.0,41648204.0,41655047.0,41661982.0,41668813.0,41675514.0,41682563.0,41689662.0,41696299.0,41703159.0,41709963.0,41715850.0,41721526.0,41727237.0,41734678.0,41741983.0,41748787.0,41755112.0,41761380.0,41768039.0,41774569.0,41780199.0,41786735.0,41793464.0,41800366.0,41806991.0,41813914.0,,41828044.0,41835515.0,41842765.0,41850220.0,41857941.0,41865872.0,41874098.0,41881806.0,41889953.0,41898411.0,41906944.0,41915629.0,41923760.0,41931931.0,41940030.0,41948332.0,41956788.0,41965263.0,41973606.0,41981654.0,41990384.0,41998653.0,42008322.0,42018371.0,42028699.0,42038411.0,42047654.0,42056767.0,42067329.0,42075203.0,42084424.0,42092936.0,42102041.0,42110352.0,42119161.0,42127209.0,42135964.0,42144298.0,42152534.0,42160416.0,42168349.0,42176665.0,42184642.0,42192756.0,42200538.0,42207712.0,42214655.0,42221398.0,42228448.0,42235688.0,42242996.0,42250385.0,42257461.0,42264228.0,42270473.0,42277370.0,42284549.0,42291459.0,42298140.0,42304857.0,42311545.0,42318155.0,42324900.0,42332272.0,42339886.0,42347024.0,42353978.0,42360585.0,42367213.0,42374296.0,42381285.0,42387528.0,42394372.0,42400657.0,42406947.0,42412845.0,42419005.0,42425033.0,42431310.0,42437665.0,42444110.0,42450494.0,42456394.0,42462255.0,42468434.0,42474829.0,42481449.0,42488208.0,42494659.0,42500645.0,42506988.0,42513505.0,42520003.0,42526400.0,42532547.0,42538717.0,42544793.0,42551000.0,42557261.0,42563538.0,42569583.0,42576083.0,42582155.0,42588016.0,42594011.0,42599852.0,42606143.0,42612103.0,42617570.0,42622956.0,42628163.0,42633752.0,42639240.0,42644640
N68rwFjyinI,38695765.0,38700387.0,38706150.0,38712067.0,38717777.0,38723893.0,38730485.0,38737494.0,38744149.0,38750969.0,38757967.0,38763790.0,38769834.0,38775277.0,38781201.0,38787048.0,38792663.0,38797844.0,38802751.0,38807340.0,38811820.0,38816394.0,38821345.0,38826304.0,38831436.0,38835728.0,38839754.0,38844415.0,38849003.0,38853394.0,38858149.0,38862613.0,38866591.0,38870565.0,38874360.0,38878895.0,38883910.0,38888813.0,38893275.0,38897567.0,38901677.0,38905989.0,38910764.0,38915801.0,38920814.0,38925246.0,38929509.0,38933962.0,38938770.0,38943738.0,38949168.0,38955424.0,38961130.0,38966569.0,38972578.0,38978465.0,38984822.0,38990520.0,38999377.0,39007398.0,39013999.0,39020300.0,39025866.0,39031858.0,39037379.0,39042589.0,39047744.0,39052719.0,39057223.0,39062753.0,39067933.0,39073374.0,39078916.0,39084166.0,39089459.0,39094817.0,39099962.0,39105302.0,39110139.0,39114890.0,39119893.0,39124662.0,39130005.0,39135225.0,39140498.0,39145780.0,39151044.0,39155854.0,39160222.0,39164239.0,39168398.0,39172585.0,39177341.0,39182879.0,39188145.0,39192788.0,39197045.0,39200959.0,39204897.0,39208971.0,39213216.0,39217767.0,39221887.0,39226513.0,39231378.0,39236132.0,39241103.0,39246437.0,39252194.0,39257440.0,39262808.0,39268702.0,39275060.0,39281386.0,39288613.0,39296289.0,39302854.0,39308989.0,39315082.0,39321254.0,39327606.0,39334821.0,39341897.0,39347755.0,39353305.0,39359089.0,39365037.0,39371588.0,39379141.0,39386634.0,39393481.0,39399235.0,39404839.0,39409798.0,,,,,,,,,39447496.0,39451800.0,39455273.0,39458850.0,39462071.0,39465112.0,39468056.0,39471299.0,39474776.0,39478326.0,39481793.0,39485062.0,39489283.0,39493402.0,39497813.0,39501846.0,39505231.0,39508784.0,39512127.0,39515645.0,39519232.0,39523468.0,39527644.0,39531518.0,39535382.0,39539811.0,39543998.0,39547965.0,39551647.0,39555180.0,39558591.0,39562162.0,39565683.0,39569185.0,39572395.0,39575706.0,39578804.0,39581765.0,39584812.0,39588071.0,39591115.0,39593971.0,39597083.0,39600304.0,39603461.0,39606719.0,39610114.0,39613898.0,39618002.0,39622005.0,39625554.0,39628755.0,39632067.0,39635500.0,39639038.0,39642686.0,39646357.0,39650124.0,39653696.0,39657539.0,39661307.0,39665157.0,39668775.0,39672348.0,39675762.0,39679371.0,39682935.0,39686352.0,39689774.0,39693056.0,39696395.0,39699723.0,39702988.0,39706504.0,39710313.0,39714107.0,39718862.0,39723622.0,39728147.0,39731835.0,39735533.0,39739025.0,39742730.0,39746917.0,39751407.0,39755398.0,39758733.0,39762054.0,39765214.0,39768239.0,39771543.0,39774812.0,39777986.0,39781013.0,39784124.0,39787414.0,39790883.0,39794261.0,39798108.0,39801676.0,39805047.0,39808293.0,39811361.0,39814637.0,39817945.0,39821134.0,39824243.0,39827587.0,39831029.0,39834434.0,39837609.0,39840723.0,39843912.0,39847168.0,39850300.0,39853307.0,39856354.0,39859451.0,39862752.0,39866515.0,39870119.0,,39878727.0,39883287.0,39887180.0,39890737.0,39894562.0,39898351.0,39901945.0,39905517.0,39909121.0,39912745.0,39916578.0,39920754.0,39924604.0,39928235.0,39931637.0,39935287.0,39939058.0,39943019.0,39947256.0,39951477.0,39955498.0,39959728.0,39963479.0,39967168.0,39970657.0,39974153.0,39977475.0,39981360.0,39984650.0,39987914.0,39991317.0,39994561.0,39998050.0,40001739.0,40005353.0,40009648.0,40013789.0,40017899.0,40022296.0,40027369.0,40032472.0,40037142.0,40041579.0,40045742.0,40049568.0,40053473.0,40057963.0,40062305.0,40066158.0,40069845.0,40073371.0,40076994.0,40080801.0,40085234.0,40089482.0,40093285.0,40097198.0,40101255.0,40105259.0,40109474.0,40113753.0,40117553.0,40121118.0,40124266.0,40127436.0,40130386.0,40133419.0,40136258.0,40138988.0,40141675.0,40144218.0,40146791.0,40149389.0,40151893.0,40154652.0,40157460.0,40160238.0,40163195.0,40166037.0,40168843.0,40171773.0,40174878.0,40178156.0,40181194.0,40184181.0,40187069.0,40190074.0,40193606.0,40196933.0,40199883.0,40202617.0,40205379.0,40208205.0,40210882.0,40213766.0,40216696.0,40219448.0,40222358.0,40225124.0,40227676.0,40230212.0,40232797.0,40235328.0,40237920.0,40240617.0,40243380.0,40246063.0,40249325.0,40252817.0,40256534.0,40260144.0,40263407.0,40266416.0,40269412
QX1Iflc0Goc,40380.0,40380.0,40380.0,40380.0,40380.0,40380.0,40380.0,40380.0,40380.0,40380.0,40380.0,40380.0,40380.0,40380.0,40380.0,40380.0,40380.0,40380.0,40380.0,40380.0,40380.0,40380.0,40380.0,40380.0,40380.0,40380.0,40380.0,40380.0,40380.0,40380.0,40380.0,40380.0,40380.0,40380.0,40380.0,40380.0,40380.0,40380.0,40380.0,40380.0,40380.0,40380.0,40380.0,40380.0,40380.0,40380.0,40380.0,40380.0,40380.0,40380.0,40380.0,40380.0,40380.0,40380.0,40380.0,40380.0,40380.0,40380.0,40380.0,40380.0,40380.0,40380.0,40380.0,40380.0,40380.0,40380.0,40380.0,40380.0,40380.0,40380.0,40380.0,40380.0,40380.0,40380.0,40380.0,40380.0,40380.0,40380.0,40380.0,40380.0,40380.0,40380.0,40380.0,40380.0,40380.0,40380.0,40380.0,40380.0,40380.0,40380.0,40380.0,40380.0,40380.0,40380.0,40380.0,40380.0,40380.0,40380.0,40380.0,40380.0,40380.0,40380.0,40380.0,40380.0,40380.0,40380.0,40380.0,40380.0,40380.0,40380.0,40380.0,40380.0,40380.0,40380.0,40380.0,40380.0,40380.0,40380.0,40380.0,40380.0,40380.0,40380.0,40380.0,40380.0,40380.0,40380.0,40380.0,40380.0,40380.0,40380.0,40380.0,40380.0,40380.0,40380.0,,,,,,,,,40380.0,40380.0,40380.0,40380.0,40380.0,40380.0,40380.0,40380.0,40380.0,40380.0,40380.0,40380.0,40380.0,40380.0,40380.0,40380.0,40380.0,40380.0,40380.0,40380.0,40380.0,40380.0,40380.0,40380.0,40380.0,40380.0,40380.0,40380.0,40380.0,40380.0,40380.0,40380.0,40380.0,40380.0,40380.0,40380.0,40380.0,40380.0,40380.0,40380.0,40380.0,40380.0,40380.0,40380.0,40380.0,40380.0,40380.0,40380.0,40380.0,40380.0,40380.0,40380.0,40380.0,40380.0,40380.0,40380.0,40380.0,40380.0,40380.0,40380.0,40380.0,40380.0,40380.0,40380.0,40380.0,40380.0,40380.0,40380.0,40380.0,40380.0,40380.0,40380.0,40380.0,40380.0,40380.0,40380.0,40380.0,40380.0,40380.0,40380.0,40380.0,40380.0,40380.0,40380.0,40380.0,40380.0,40380.0,40380.0,40380.0,40380.0,40380.0,40380.0,40380.0,40380.0,40380.0,40380.0,40380.0,40380.0,40380.0,40380.0,40380.0,40380.0,40380.0,40380.0,40380.0,40380.0,40380.0,40380.0,40380.0,40380.0,40380.0,40380.0,40380.0,40380.0,40380.0,40380.0,40380.0,40380.0,40380.0,40380.0,40380.0,,40380.0,40380.0,40380.0,40380.0,40380.0,40380.0,40380.0,40380.0,40380.0,40380.0,40380.0,40380.0,40380.0,40380.0,40380.0,40380.0,40380.0,40380.0,40380.0,40380.0,40380.0,40380.0,40380.0,40380.0,40380.0,40380.0,40380.0,40380.0,40380.0,40380.0,40380.0,40380.0,40380.0,40380.0,40380.0,40380.0,40380.0,40380.0,40380.0,40380.0,40380.0,40380.0,40380.0,40380.0,40380.0,40380.0,40380.0,40380.0,40380.0,40380.0,40380.0,40380.0,40380.0,40380.0,40380.0,40380.0,40380.0,40380.0,40380.0,40380.0,40380.0,40380.0,40380.0,40380.0,40380.0,40380.0,40380.0,40380.0,40380.0,40380.0,40380.0,40380.0,40380.0,40380.0,40380.0,40380.0,40380.0,40380.0,40380.0,40380.0,40380.0,40380.0,40380.0,40380.0,40380.0,40380.0,40380.0,40380.0,40380.0,40380.0,40380.0,40380.0,40380.0,40380.0,40380.0,40380.0,40380.0,40380.0,40380.0,40380.0,40380.0,40380.0,40380.0,40380.0,40380.0,40380.0,40380.0,40380.0,40380.0,40380.0,40380.0,40380.0,40380.0,40380
Xd-UK-M2VGw,18616.0,18618.0,18621.0,18623.0,18626.0,18635.0,18659.0,18670.0,18679.0,18694.0,18702.0,18714.0,18723.0,18734.0,18755.0,18770.0,18788.0,18812.0,18838.0,18847.0,18867.0,18888.0,18916.0,18942.0,18956.0,18962.0,18966.0,18979.0,18992.0,19001.0,19017.0,19029.0,19038.0,19046.0,19059.0,19071.0,19086.0,19109.0,19123.0,19138.0,19152.0,19163.0,19188.0,19199.0,19211.0,19224.0,19232.0,19237.0,19244.0,19252.0,19263.0,19272.0,19284.0,19298.0,19307.0,19317.0,19318.0,19322.0,19328.0,19331.0,19336.0,19343.0,19350.0,19357.0,19363.0,19374.0,19380.0,19383.0,19388.0,19390.0,19396.0,19399.0,19401.0,19406.0,19413.0,19417.0,19423.0,19428.0,19436.0,19437.0,19439.0,19440.0,19444.0,19449.0,19451.0,19454.0,19454.0,19459.0,19460.0,19464.0,19469.0,19473.0,19476.0,19481.0,19484.0,19487.0,19491.0,19496.0,19498.0,19500.0,19503.0,19506.0,19514.0,19516.0,19518.0,19518.0,19522.0,19528.0,19531.0,19536.0,19537.0,19542.0,19544.0,19545.0,19548.0,19552.0,19555.0,19557.0,19561.0,19565.0,19570.0,19573.0,19574.0,19578.0,19584.0,19588.0,19591.0,19592.0,19593.0,19601.0,19601.0,19604.0,19608.0,19610.0,,,,,,,,,19644.0,19652.0,19659.0,19668.0,19685.0,19697.0,19707.0,19718.0,19735.0,19737.0,19741.0,19745.0,19752.0,19750.0,19753.0,19757.0,19759.0,19763.0,19766.0,19770.0,19774.0,19776.0,19779.0,19782.0,19783.0,19785.0,19785.0,19788.0,19794.0,19800.0,19801.0,19806.0,19808.0,19812.0,19818.0,19823.0,19833.0,19836.0,19836.0,19836.0,19839.0,19842.0,19842.0,19847.0,19847.0,19849.0,19852.0,19851.0,19854.0,19854.0,19857.0,19857.0,19861.0,19866.0,19869.0,19874.0,19877.0,19881.0,19883.0,19884.0,19886.0,19889.0,19890.0,19890.0,19892.0,19896.0,19897.0,19901.0,19905.0,19906.0,19911.0,19914.0,19916.0,19916.0,19919.0,19921.0,19927.0,19930.0,19934.0,19935.0,19939.0,19955.0,19958.0,19966.0,19973.0,19982.0,19990.0,19997.0,20010.0,20013.0,20022.0,20030.0,20036.0,20047.0,20065.0,20074.0,20081.0,20097.0,20114.0,20119.0,20124.0,20128.0,20136.0,20140.0,20153.0,20164.0,20169.0,20176.0,20180.0,20182.0,20186.0,20190.0,20198.0,20206.0,20209.0,20212.0,20216.0,20220.0,20225.0,20231.0,20237.0,,20259.0,20269.0,20276.0,20280.0,20289.0,20298.0,20306.0,20312.0,20316.0,20321.0,20321.0,20325.0,20333.0,20337.0,20339.0,20341.0,20342.0,20346.0,20350.0,20352.0,20356.0,20361.0,20364.0,20368.0,20374.0,20376.0,20381.0,20383.0,20384.0,20385.0,20391.0,20393.0,20395.0,20399.0,20403.0,20404.0,20407.0,20409.0,20412.0,20413.0,20416.0,20420.0,20426.0,20430.0,20433.0,20437.0,20444.0,20445.0,20445.0,20452.0,20452.0,20455.0,20461.0,20463.0,20466.0,20472.0,20473.0,20475.0,20484.0,20489.0,20499.0,20503.0,20517.0,20532.0,20542.0,20547.0,20553.0,20562.0,20567.0,20574.0,20580.0,20580.0,20587.0,20596.0,20599.0,20605.0,20608.0,20611.0,20613.0,20617.0,20620.0,20623.0,20626.0,20630.0,20633.0,20635.0,20638.0,20642.0,20645.0,20647.0,20650.0,20653.0,20656.0,20657.0,20663.0,20668.0,20669.0,20677.0,20680.0,20684.0,20689.0,20693.0,20696.0,20701.0,20705.0,20710.0,20712.0,20717.0,20719.0,20724.0,20726.0,20729.0,20731.0,20733
NPBb0hEaNfo,6333.0,6338.0,6342.0,6343.0,6347.0,6353.0,6355.0,6358.0,6373.0,6387.0,6404.0,6429.0,6446.0,6451.0,6459.0,6464.0,6478.0,6482.0,6487.0,6494.0,6497.0,6503.0,6512.0,6518.0,6534.0,6534.0,6535.0,6538.0,6543.0,6545.0,6549.0,6551.0,6553.0,6555.0,6558.0,6560.0,6562.0,6564.0,6576.0,6580.0,6587.0,6601.0,6609.0,6616.0,6622.0,6626.0,6628.0,6632.0,6642.0,6648.0,6653.0,6656.0,6662.0,6670.0,6676.0,6680.0,6687.0,6695.0,6708.0,6714.0,6724.0,6728.0,6737.0,6746.0,6754.0,6760.0,6763.0,6771.0,6775.0,6781.0,6791.0,6793.0,6802.0,6804.0,6810.0,6813.0,6818.0,6823.0,6831.0,6833.0,6836.0,6838.0,6842.0,6845.0,6850.0,6854.0,6858.0,6859.0,6862.0,6866.0,6870.0,6872.0,6875.0,6879.0,6882.0,6884.0,6894.0,6898.0,6907.0,6916.0,6924.0,6932.0,6936.0,6945.0,6953.0,6957.0,6958.0,6961.0,6964.0,6971.0,6973.0,6975.0,6978.0,6980.0,6986.0,6991.0,6991.0,6992.0,7000.0,7005.0,7009.0,7011.0,7015.0,7020.0,7022.0,7028.0,7032.0,7038.0,7042.0,7044.0,7045.0,7048.0,7049.0,7051.0,,,,,,,,,7115.0,7118.0,7121.0,7126.0,7130.0,7131.0,7140.0,7143.0,7152.0,7160.0,7165.0,7170.0,7172.0,7175.0,7177.0,7177.0,7178.0,7179.0,7181.0,7184.0,7186.0,7187.0,7191.0,7192.0,7193.0,7195.0,7197.0,7197.0,7198.0,7199.0,7206.0,7206.0,7206.0,7208.0,7210.0,7210.0,7212.0,7217.0,7219.0,7220.0,7223.0,7226.0,7230.0,7231.0,7231.0,7233.0,7233.0,7235.0,7237.0,7239.0,7244.0,7247.0,7252.0,7253.0,7254.0,7256.0,7256.0,7257.0,7262.0,7265.0,7267.0,7269.0,7275.0,7278.0,7279.0,7286.0,7297.0,7299.0,7305.0,7315.0,7322.0,7327.0,7333.0,7340.0,7341.0,7346.0,7352.0,7354.0,7358.0,7363.0,7364.0,7366.0,7369.0,7383.0,7392.0,7400.0,7408.0,7414.0,7420.0,7426.0,7440.0,7450.0,7471.0,7491.0,7506.0,7522.0,7532.0,7545.0,7553.0,7569.0,7574.0,7585.0,7595.0,7602.0,7618.0,7626.0,7630.0,7639.0,7650.0,7654.0,7656.0,7668.0,7672.0,7679.0,7683.0,7687.0,7695.0,7705.0,7710.0,7720.0,7724.0,,7738.0,7748.0,7750.0,7756.0,7765.0,7769.0,7774.0,7776.0,7783.0,7792.0,7796.0,7796.0,7803.0,7810.0,7816.0,7824.0,7830.0,7834.0,7837.0,7844.0,7856.0,7863.0,7870.0,7872.0,7874.0,7880.0,7886.0,7892.0,7899.0,7910.0,7917.0,7920.0,7928.0,7932.0,7936.0,7941.0,7946.0,7948.0,7953.0,7958.0,7958.0,7966.0,7970.0,7976.0,7977.0,7979.0,7985.0,7990.0,7992.0,7994.0,7999.0,7999.0,8006.0,8011.0,8017.0,8018.0,8023.0,8023.0,8026.0,8031.0,8037.0,8041.0,8044.0,8056.0,8065.0,8067.0,8068.0,8082.0,8089.0,8092.0,8095.0,8101.0,8105.0,8109.0,8116.0,8122.0,8127.0,8133.0,8134.0,8144.0,8151.0,8155.0,8160.0,8163.0,8164.0,8168.0,8175.0,8177.0,8179.0,8181.0,8186.0,8191.0,8196.0,8202.0,8221.0,8243.0,8263.0,8274.0,8287.0,8301.0,8317.0,8328.0,8335.0,8348.0,8355.0,8359.0,8377.0,8388.0,8394.0,8411.0,8422.0,8431.0,8439.0,8457
cgFNEqheL4g,4088.0,4095.0,4105.0,4113.0,4116.0,4121.0,4129.0,4131.0,4133.0,4138.0,4145.0,4153.0,4157.0,4160.0,4162.0,4165.0,4174.0,4178.0,4181.0,4185.0,4186.0,4186.0,4187.0,4193.0,4196.0,4200.0,4203.0,4207.0,4214.0,4217.0,4219.0,4220.0,4221.0,4223.0,4226.0,4229.0,4231.0,4235.0,4237.0,4240.0,4242.0,4246.0,4254.0,4258.0,4262.0,4268.0,4270.0,4273.0,4276.0,4278.0,4283.0,4287.0,4291.0,4296.0,4298.0,4303.0,4313.0,4318.0,4321.0,4324.0,4325.0,4326.0,4330.0,4332.0,4337.0,4340.0,4343.0,4350.0,4352.0,4355.0,4361.0,4363.0,4371.0,4372.0,4376.0,4377.0,4379.0,4380.0,4382.0,4384.0,4384.0,4387.0,4388.0,4392.0,4394.0,4396.0,4401.0,4402.0,4408.0,4415.0,4417.0,4421.0,4426.0,4426.0,4427.0,4430.0,4433.0,4433.0,4433.0,4436.0,4436.0,4438.0,4440.0,4441.0,4444.0,4448.0,4449.0,4450.0,4451.0,4451.0,4452.0,4454.0,4454.0,4459.0,4460.0,4461.0,4463.0,4466.0,4467.0,4469.0,4470.0,4470.0,4469.0,4470.0,4472.0,4474.0,4475.0,4475.0,4475.0,4477.0,4477.0,4477.0,4480.0,4483.0,,,,,,,,,4497.0,4499.0,4500.0,4503.0,4503.0,4503.0,4504.0,4505.0,4507.0,4509.0,4513.0,4514.0,4517.0,4517.0,4518.0,4520.0,4520.0,4522.0,4525.0,4528.0,4528.0,4529.0,4529.0,4530.0,4531.0,4532.0,4533.0,4536.0,4536.0,4536.0,4538.0,4540.0,4542.0,4543.0,4545.0,4546.0,4547.0,4548.0,4548.0,4551.0,4551.0,4554.0,4555.0,4556.0,4556.0,4557.0,4557.0,4557.0,4558.0,4558.0,4561.0,4561.0,4562.0,4564.0,4566.0,4568.0,4568.0,4570.0,4572.0,4576.0,4578.0,4579.0,4580.0,4580.0,4582.0,4585.0,4586.0,4589.0,4590.0,4592.0,4593.0,4595.0,4597.0,4598.0,4600.0,4603.0,4603.0,4605.0,4608.0,4610.0,4611.0,4613.0,4614.0,4620.0,4625.0,4629.0,4632.0,4638.0,4641.0,4646.0,4652.0,4659.0,4665.0,4680.0,4702.0,4711.0,4715.0,4725.0,4731.0,4738.0,4746.0,4758.0,4764.0,4782.0,4785.0,4788.0,4798.0,4807.0,4814.0,4821.0,4828.0,4841.0,4851.0,4855.0,4861.0,4867.0,4871.0,4875.0,4878.0,4881.0,4883.0,,4891.0,4894.0,4903.0,4909.0,4914.0,4920.0,4924.0,4928.0,4933.0,4935.0,4942.0,4945.0,4960.0,4969.0,4971.0,4972.0,4979.0,4984.0,4994.0,4996.0,4999.0,5007.0,5009.0,5014.0,5014.0,5015.0,5017.0,5021.0,5026.0,5028.0,5032.0,5033.0,5038.0,5042.0,5043.0,5044.0,5045.0,5048.0,5053.0,5058.0,5058.0,5063.0,5064.0,5066.0,5067.0,5068.0,5072.0,5074.0,5077.0,5080.0,5086.0,5091.0,5098.0,5102.0,5105.0,5110.0,5122.0,5126.0,5130.0,5135.0,5140.0,5148.0,5157.0,5170.0,5186.0,5192.0,5211.0,5233.0,5254.0,5276.0,5293.0,5305.0,5320.0,5328.0,5339.0,5348.0,5362.0,5372.0,5385.0,5394.0,5403.0,5409.0,5414.0,5421.0,5430.0,5433.0,5440.0,5447.0,5452.0,5459.0,5467.0,5473.0,5480.0,5485.0,5491.0,5507.0,5509.0,5521.0,5530.0,5540.0,5547.0,5555.0,5556.0,5559.0,5563.0,5565.0,5569.0,5573.0,5581.0,5585.0,5590.0,5594.0,5597.0,5600
g6zV_XD8nRk,27511.0,27511.0,27512.0,27514.0,27515.0,27517.0,27519.0,27520.0,27521.0,27523.0,27524.0,27526.0,27527.0,27530.0,27530.0,27528.0,27529.0,27530.0,27530.0,27530.0,27532.0,27535.0,27537.0,27537.0,27542.0,27551.0,27563.0,27566.0,27567.0,27571.0,27573.0,27575.0,27580.0,27587.0,27591.0,27595.0,27596.0,27599.0,27601.0,27603.0,27605.0,27608.0,27611.0,27611.0,27611.0,27614.0,27615.0,27619.0,27621.0,27621.0,27622.0,27625.0,27625.0,27625.0,27626.0,27630.0,27633.0,27633.0,27633.0,27637.0,27638.0,27639.0,27643.0,27644.0,27647.0,27648.0,27648.0,27654.0,27654.0,27657.0,27658.0,27658.0,27658.0,27663.0,27666.0,27668.0,27671.0,27672.0,27672.0,27673.0,27674.0,27675.0,27676.0,27679.0,27679.0,27679.0,27679.0,27682.0,27682.0,27683.0,27683.0,27684.0,27686.0,27686.0,27689.0,27689.0,27689.0,27690.0,27692.0,27692.0,27693.0,27693.0,27693.0,27695.0,27695.0,27698.0,27699.0,27700.0,27703.0,27707.0,27708.0,27708.0,27709.0,27710.0,27710.0,27713.0,27716.0,27716.0,27718.0,27718.0,27719.0,27724.0,27727.0,27729.0,27732.0,27734.0,27736.0,27738.0,27740.0,27740.0,27738.0,27738.0,27741.0,27742.0,,,,,,,,,27750.0,27751.0,27753.0,27754.0,27754.0,27755.0,27757.0,27757.0,27760.0,27759.0,27760.0,27761.0,27762.0,27762.0,27763.0,27763.0,27764.0,27764.0,27765.0,27766.0,27768.0,27770.0,27771.0,27773.0,27774.0,27779.0,27780.0,27783.0,27802.0,27781.0,27782.0,27798.0,27798.0,27800.0,27781.0,27782.0,27784.0,27786.0,27788.0,27802.0,27807.0,27808.0,27811.0,27799.0,27801.0,27806.0,27810.0,27825.0,27824.0,27846.0,27835.0,27826.0,27823.0,27833.0,27825.0,27826.0,27826.0,27826.0,27840.0,27851.0,27844.0,27846.0,27836.0,27838.0,27838.0,27840.0,27842.0,27846.0,27848.0,27849.0,27853.0,27853.0,27854.0,27860.0,27863.0,27864.0,27867.0,27868.0,27868.0,27869.0,27872.0,27872.0,27875.0,27879.0,27880.0,27880.0,27882.0,27884.0,27885.0,27889.0,27891.0,27898.0,27896.0,27897.0,27900.0,27903.0,27907.0,27912.0,27913.0,27914.0,27915.0,27916.0,27917.0,27924.0,27933.0,27937.0,27939.0,27942.0,27945.0,27949.0,27952.0,27954.0,27954.0,27956.0,27957.0,27960.0,27962.0,27967.0,27969.0,27970.0,27971.0,,27973.0,27979.0,27983.0,27983.0,27985.0,27985.0,27987.0,27991.0,27998.0,27999.0,28001.0,28003.0,28009.0,28012.0,28013.0,28020.0,28022.0,28023.0,28026.0,28029.0,28031.0,28033.0,28035.0,28038.0,28038.0,28042.0,28042.0,28046.0,28053.0,28057.0,28063.0,28076.0,28068.0,28069.0,28073.0,28074.0,28076.0,28076.0,28077.0,28082.0,28084.0,28084.0,28087.0,28088.0,28092.0,28099.0,28104.0,28107.0,28110.0,28113.0,28116.0,28118.0,28122.0,28125.0,28125.0,28126.0,28129.0,28133.0,28139.0,28146.0,28151.0,28153.0,28155.0,28160.0,28164.0,28165.0,28170.0,28171.0,28174.0,28183.0,28184.0,28186.0,28190.0,28191.0,28197.0,28199.0,28205.0,28209.0,28211.0,28214.0,28214.0,28216.0,28219.0,28222.0,28224.0,28226.0,28232.0,28236.0,28237.0,28238.0,28238.0,28244.0,28247.0,28250.0,28258.0,28282.0,28268.0,28271.0,28283.0,28274.0,28277.0,28280.0,28281.0,28281.0,28306.0,28292.0,28301.0,28300.0,28308.0,28315.0,28319.0,28325.0,28322.0,28330
NKPXMxFTkKw,278.0,278.0,278.0,278.0,278.0,278.0,278.0,278.0,278.0,278.0,278.0,278.0,278.0,278.0,278.0,278.0,278.0,278.0,278.0,278.0,278.0,278.0,278.0,278.0,278.0,278.0,278.0,278.0,278.0,278.0,278.0,278.0,278.0,278.0,278.0,278.0,278.0,278.0,278.0,279.0,279.0,279.0,279.0,279.0,279.0,279.0,279.0,279.0,279.0,279.0,279.0,279.0,279.0,279.0,279.0,279.0,279.0,279.0,279.0,279.0,279.0,281.0,281.0,281.0,279.0,279.0,279.0,279.0,279.0,279.0,279.0,279.0,279.0,279.0,279.0,279.0,279.0,279.0,279.0,279.0,279.0,279.0,279.0,279.0,279.0,279.0,279.0,279.0,279.0,279.0,279.0,279.0,279.0,279.0,279.0,279.0,279.0,279.0,279.0,279.0,279.0,279.0,279.0,279.0,279.0,279.0,279.0,279.0,279.0,279.0,279.0,279.0,280.0,280.0,280.0,280.0,280.0,280.0,280.0,280.0,280.0,280.0,280.0,280.0,280.0,280.0,280.0,280.0,280.0,280.0,280.0,280.0,280.0,280.0,,,,,,,,,280.0,280.0,280.0,280.0,280.0,280.0,280.0,280.0,280.0,280.0,280.0,280.0,280.0,280.0,280.0,280.0,280.0,280.0,280.0,280.0,280.0,280.0,280.0,280.0,280.0,280.0,280.0,280.0,280.0,280.0,281.0,281.0,281.0,281.0,280.0,280.0,280.0,280.0,280.0,280.0,280.0,280.0,280.0,280.0,280.0,280.0,280.0,280.0,280.0,280.0,280.0,280.0,280.0,280.0,280.0,280.0,280.0,280.0,280.0,280.0,280.0,280.0,280.0,280.0,280.0,280.0,280.0,280.0,280.0,280.0,280.0,280.0,280.0,280.0,280.0,280.0,280.0,280.0,280.0,280.0,280.0,280.0,280.0,280.0,280.0,280.0,280.0,280.0,280.0,280.0,280.0,280.0,282.0,282.0,282.0,282.0,282.0,282.0,282.0,282.0,282.0,282.0,282.0,282.0,282.0,282.0,282.0,282.0,282.0,282.0,282.0,282.0,282.0,282.0,282.0,282.0,282.0,282.0,282.0,282.0,282.0,,282.0,282.0,282.0,283.0,283.0,283.0,283.0,283.0,283.0,283.0,283.0,283.0,283.0,283.0,283.0,283.0,283.0,283.0,283.0,283.0,283.0,283.0,283.0,283.0,283.0,283.0,283.0,283.0,283.0,283.0,283.0,283.0,283.0,283.0,283.0,283.0,283.0,283.0,283.0,283.0,283.0,283.0,283.0,283.0,283.0,283.0,283.0,283.0,283.0,283.0,283.0,283.0,283.0,283.0,283.0,283.0,283.0,283.0,283.0,283.0,283.0,283.0,283.0,283.0,283.0,283.0,283.0,283.0,283.0,283.0,283.0,283.0,283.0,283.0,283.0,283.0,283.0,283.0,283.0,283.0,283.0,283.0,283.0,283.0,283.0,283.0,283.0,283.0,283.0,283.0,283.0,283.0,283.0,283.0,283.0,283.0,283.0,283.0,283.0,283.0,283.0,283.0,284.0,284.0,284.0,284.0,284.0,284.0,284.0,284.0,284.0,284.0,284.0,284
Lnq3g5KLgYA,53016.0,53047.0,53089.0,53125.0,53167.0,53209.0,53249.0,53298.0,53359.0,53422.0,53478.0,53525.0,53579.0,53633.0,53723.0,53786.0,53838.0,53880.0,53910.0,53952.0,53996.0,54037.0,54086.0,54142.0,54192.0,54237.0,54314.0,54368.0,54414.0,54451.0,54515.0,54565.0,54617.0,54650.0,54705.0,54755.0,54803.0,54854.0,54902.0,54931.0,54979.0,55039.0,55080.0,55125.0,55174.0,55221.0,55260.0,55319.0,55372.0,55418.0,55462.0,55499.0,55546.0,55586.0,55622.0,55656.0,55701.0,55734.0,55786.0,55827.0,55872.0,55907.0,55957.0,55999.0,56045.0,56078.0,56118.0,56165.0,56194.0,56235.0,56291.0,56339.0,56399.0,56459.0,56509.0,56544.0,56594.0,56644.0,56666.0,56702.0,56763.0,56800.0,56838.0,56859.0,56881.0,56898.0,56917.0,56952.0,56987.0,57027.0,57059.0,57089.0,57106.0,57132.0,57161.0,57197.0,57230.0,57260.0,57302.0,57323.0,57357.0,57386.0,57429.0,57478.0,57526.0,57557.0,57588.0,57631.0,57667.0,57698.0,57730.0,57754.0,57796.0,57827.0,57846.0,57874.0,57898.0,57942.0,57990.0,58021.0,58046.0,58076.0,58104.0,58141.0,58195.0,58236.0,58284.0,58311.0,58339.0,58357.0,58379.0,58401.0,58423.0,58454.0,,,,,,,,,58696.0,58735.0,58769.0,58819.0,58856.0,58893.0,58930.0,58976.0,59005.0,59034.0,59067.0,59098.0,59125.0,59150.0,59181.0,59196.0,59223.0,59248.0,59284.0,59318.0,59352.0,59372.0,59395.0,59408.0,59425.0,59451.0,59469.0,59500.0,59528.0,59558.0,59585.0,59610.0,59634.0,59661.0,59689.0,59720.0,59738.0,59759.0,59778.0,59818.0,59846.0,59864.0,59884.0,59908.0,59920.0,59936.0,59954.0,59978.0,60006.0,60035.0,60064.0,60091.0,60118.0,60141.0,60158.0,60190.0,60203.0,60228.0,60246.0,60279.0,60298.0,60317.0,60342.0,60359.0,60380.0,60397.0,60414.0,60440.0,60467.0,60503.0,60520.0,60548.0,60564.0,60593.0,60618.0,60640.0,60665.0,60696.0,60730.0,60769.0,60787.0,60824.0,60871.0,60900.0,60925.0,60928.0,60946.0,60970.0,61012.0,61061.0,61101.0,61139.0,61159.0,61174.0,61211.0,61241.0,61265.0,61324.0,61351.0,61379.0,61401.0,61429.0,61456.0,61479.0,61506.0,61536.0,61573.0,61610.0,61646.0,61673.0,61697.0,61716.0,61744.0,61759.0,61778.0,61802.0,61827.0,61853.0,61882.0,61907.0,61923.0,,61965.0,62003.0,62038.0,62071.0,62100.0,62123.0,62144.0,62176.0,62205.0,62236.0,62270.0,62294.0,62318.0,62335.0,62358.0,62390.0,62415.0,62441.0,62473.0,62502.0,62527.0,62549.0,62581.0,62607.0,62640.0,62667.0,62697.0,62735.0,62760.0,62781.0,62818.0,62849.0,62886.0,62914.0,62937.0,62967.0,62998.0,63017.0,63042.0,63062.0,63086.0,63100.0,63124.0,63142.0,63162.0,63196.0,63216.0,63231.0,63253.0,63275.0,63301.0,63322.0,63354.0,63382.0,63406.0,63424.0,63448.0,63470.0,63495.0,63518.0,63539.0,63563.0,63599.0,63628.0,63645.0,63666.0,63681.0,63694.0,63708.0,63726.0,63740.0,63758.0,63783.0,63803.0,63822.0,63838.0,63856.0,63870.0,63886.0,63904.0,63930.0,63960.0,63980.0,64008.0,64046.0,64074.0,64111.0,64169.0,64210.0,64241.0,64263.0,64286.0,64310.0,64332.0,64365.0,64393.0,64408.0,64420.0,64437.0,64466.0,64482.0,64504.0,64523.0,64544.0,64567.0,64594.0,64617.0,64644.0,64670.0,64693.0,64714.0,64731.0,64763.0,64777
DqrBk0S3EAo,131561.0,131732.0,131900.0,132057.0,132264.0,132481.0,132716.0,132997.0,133226.0,133472.0,133685.0,133879.0,134100.0,134298.0,134495.0,134689.0,134877.0,135005.0,135181.0,135376.0,135545.0,135730.0,135901.0,136062.0,136197.0,136438.0,136639.0,136822.0,136997.0,137192.0,137396.0,137557.0,137696.0,137821.0,137980.0,138152.0,138324.0,138481.0,138587.0,138763.0,138917.0,139111.0,139252.0,139436.0,139573.0,139718.0,139849.0,140008.0,140158.0,140313.0,140492.0,140614.0,140776.0,140903.0,141085.0,141150.0,141332.0,141493.0,141674.0,141842.0,142016.0,142203.0,142370.0,142540.0,142723.0,142895.0,143039.0,143227.0,143373.0,143575.0,143727.0,143880.0,144038.0,144178.0,144338.0,144528.0,144681.0,144882.0,145106.0,145283.0,145424.0,145605.0,145786.0,145989.0,146173.0,146360.0,146534.0,146681.0,146845.0,147061.0,147262.0,147557.0,147765.0,147951.0,148096.0,148247.0,148484.0,148695.0,148890.0,149091.0,149277.0,149430.0,149573.0,149742.0,149877.0,150026.0,150199.0,150369.0,150479.0,150657.0,150821.0,150972.0,151117.0,151273.0,151449.0,151582.0,151730.0,151863.0,152017.0,152181.0,152305.0,152430.0,152593.0,152725.0,152873.0,152999.0,153147.0,153256.0,153364.0,153459.0,153591.0,153729.0,153900.0,154092.0,,,,,,,,,155891.0,156085.0,156322.0,156579.0,156754.0,157066.0,157349.0,157527.0,157735.0,158010.0,158236.0,158484.0,158686.0,158847.0,158997.0,159149.0,159401.0,159639.0,159871.0,160148.0,160409.0,160572.0,160757.0,160945.0,161120.0,161297.0,161507.0,161708.0,161944.0,162091.0,162280.0,162445.0,162691.0,162862.0,163060.0,163197.0,163305.0,163474.0,163657.0,163809.0,163936.0,164087.0,164244.0,164378.0,164542.0,164707.0,164882.0,165111.0,165347.0,165498.0,165639.0,165793.0,165966.0,166115.0,166288.0,166418.0,166562.0,166668.0,166794.0,166934.0,167048.0,167172.0,167267.0,167414.0,167522.0,167727.0,167869.0,168034.0,168176.0,168304.0,168459.0,168613.0,168748.0,168945.0,169102.0,169310.0,169504.0,169645.0,169780.0,169966.0,170103.0,170261.0,170436.0,170629.0,170842.0,170993.0,171179.0,171337.0,171471.0,171664.0,171827.0,171968.0,172095.0,172245.0,172425.0,172564.0,172703.0,172886.0,173005.0,173097.0,173215.0,173381.0,173547.0,173744.0,173891.0,174020.0,174115.0,174228.0,174347.0,174481.0,174611.0,174744.0,174864.0,174962.0,175062.0,175148.0,175252.0,175357.0,175467.0,175557.0,175644.0,,175876.0,175978.0,176121.0,176240.0,176352.0,176447.0,176546.0,176637.0,176763.0,176838.0,176951.0,177026.0,177097.0,177177.0,177278.0,177380.0,177472.0,177572.0,177674.0,177759.0,177838.0,177929.0,178026.0,178105.0,178181.0,178267.0,178328.0,178407.0,178522.0,178645.0,178733.0,178828.0,178904.0,178966.0,179039.0,179156.0,179257.0,179346.0,179446.0,179531.0,179646.0,179713.0,179788.0,179856.0,179936.0,180017.0,180113.0,180211.0,180339.0,180486.0,180626.0,180783.0,180925.0,181052.0,181168.0,181261.0,181388.0,181501.0,181599.0,181732.0,181850.0,181946.0,182034.0,182152.0,182278.0,182411.0,182567.0,182681.0,182773.0,182884.0,183019.0,183170.0,183280.0,183433.0,183572.0,183717.0,183863.0,184005.0,184169.0,184342.0,184492.0,184603.0,184722.0,184855.0,185000.0,185108.0,185271.0,185390.0,185500.0,185597.0,185706.0,185824.0,185964.0,186103.0,186229.0,186361.0,186492.0,186625.0,186766.0,186874.0,186998.0,187135.0,187215.0,187324.0,187442.0,187556.0,187689.0,187805.0,187895.0,187998.0,188056.0,188196.0,188299.0,188424
M4P9uxjnxj8,516.0,516.0,516.0,516.0,516.0,516.0,516.0,516.0,516.0,516.0,516.0,516.0,516.0,517.0,517.0,517.0,517.0,517.0,517.0,517.0,517.0,517.0,517.0,517.0,517.0,517.0,517.0,517.0,517.0,517.0,517.0,517.0,517.0,517.0,517.0,517.0,517.0,517.0,517.0,517.0,517.0,517.0,517.0,517.0,517.0,517.0,517.0,517.0,517.0,517.0,517.0,517.0,517.0,517.0,517.0,517.0,517.0,517.0,520.0,520.0,520.0,521.0,521.0,521.0,521.0,521.0,522.0,521.0,521.0,521.0,521.0,521.0,521.0,521.0,521.0,521.0,521.0,521.0,521.0,521.0,521.0,521.0,521.0,521.0,521.0,521.0,521.0,521.0,521.0,521.0,521.0,521.0,521.0,521.0,521.0,521.0,521.0,521.0,521.0,521.0,521.0,521.0,521.0,521.0,521.0,521.0,521.0,521.0,521.0,521.0,521.0,521.0,521.0,521.0,521.0,521.0,521.0,521.0,521.0,521.0,521.0,521.0,521.0,521.0,521.0,521.0,521.0,521.0,521.0,521.0,521.0,521.0,521.0,521.0,,,,,,,,,521.0,521.0,521.0,521.0,521.0,521.0,521.0,521.0,521.0,521.0,521.0,521.0,521.0,521.0,522.0,522.0,522.0,522.0,522.0,522.0,522.0,522.0,522.0,522.0,522.0,522.0,522.0,522.0,522.0,522.0,522.0,522.0,522.0,522.0,522.0,522.0,522.0,522.0,522.0,522.0,522.0,522.0,522.0,522.0,522.0,522.0,522.0,522.0,522.0,522.0,522.0,522.0,522.0,522.0,522.0,522.0,522.0,522.0,522.0,522.0,522.0,522.0,522.0,522.0,522.0,522.0,522.0,522.0,522.0,522.0,522.0,522.0,523.0,523.0,523.0,523.0,523.0,524.0,524.0,524.0,524.0,524.0,524.0,524.0,524.0,524.0,524.0,524.0,524.0,524.0,524.0,524.0,524.0,524.0,524.0,524.0,524.0,524.0,524.0,524.0,525.0,525.0,525.0,525.0,525.0,525.0,525.0,525.0,525.0,525.0,525.0,525.0,525.0,525.0,525.0,525.0,525.0,525.0,525.0,525.0,525.0,,525.0,525.0,525.0,525.0,525.0,525.0,525.0,525.0,525.0,525.0,525.0,525.0,525.0,525.0,525.0,525.0,525.0,525.0,525.0,525.0,525.0,525.0,525.0,525.0,525.0,525.0,525.0,525.0,525.0,525.0,525.0,525.0,525.0,525.0,525.0,525.0,525.0,525.0,527.0,527.0,527.0,527.0,527.0,527.0,527.0,527.0,527.0,527.0,527.0,527.0,527.0,527.0,527.0,527.0,527.0,527.0,527.0,527.0,527.0,527.0,527.0,527.0,527.0,527.0,527.0,527.0,527.0,527.0,527.0,527.0,527.0,527.0,527.0,527.0,527.0,527.0,527.0,527.0,527.0,527.0,527.0,527.0,527.0,527.0,527.0,527.0,527.0,527.0,527.0,527.0,527.0,527.0,527.0,527.0,527.0,527.0,527.0,527.0,527.0,527.0,527.0,527.0,527.0,528.0,528.0,528.0,528.0,528.0,528.0,528.0,528.0,528.0,528.0,528
ZLf2nLjYEiM,511.0,511.0,511.0,511.0,511.0,511.0,511.0,511.0,511.0,511.0,511.0,511.0,511.0,511.0,512.0,512.0,512.0,512.0,512.0,512.0,512.0,512.0,512.0,512.0,512.0,512.0,512.0,512.0,512.0,513.0,513.0,513.0,513.0,513.0,513.0,513.0,513.0,513.0,513.0,513.0,513.0,513.0,513.0,513.0,513.0,513.0,513.0,515.0,515.0,515.0,515.0,515.0,515.0,515.0,515.0,515.0,515.0,515.0,515.0,515.0,515.0,515.0,515.0,515.0,515.0,515.0,515.0,515.0,515.0,515.0,515.0,515.0,515.0,515.0,515.0,515.0,515.0,515.0,515.0,516.0,516.0,516.0,516.0,516.0,516.0,516.0,516.0,516.0,516.0,516.0,516.0,516.0,516.0,516.0,516.0,516.0,517.0,517.0,517.0,517.0,517.0,517.0,517.0,517.0,517.0,517.0,517.0,517.0,517.0,517.0,517.0,517.0,517.0,517.0,517.0,517.0,517.0,517.0,517.0,517.0,517.0,517.0,517.0,517.0,517.0,517.0,517.0,517.0,517.0,517.0,517.0,517.0,517.0,517.0,,,,,,,,,517.0,517.0,517.0,517.0,517.0,517.0,517.0,517.0,517.0,517.0,517.0,517.0,517.0,517.0,518.0,518.0,518.0,518.0,518.0,518.0,518.0,518.0,518.0,518.0,518.0,518.0,518.0,518.0,518.0,518.0,518.0,519.0,519.0,519.0,519.0,519.0,519.0,519.0,519.0,519.0,519.0,519.0,519.0,519.0,519.0,519.0,519.0,519.0,519.0,519.0,519.0,519.0,519.0,519.0,519.0,519.0,519.0,519.0,519.0,519.0,519.0,519.0,519.0,519.0,519.0,519.0,519.0,519.0,519.0,519.0,519.0,519.0,519.0,519.0,519.0,519.0,519.0,519.0,519.0,519.0,519.0,519.0,519.0,519.0,519.0,519.0,519.0,519.0,519.0,519.0,519.0,519.0,519.0,519.0,519.0,519.0,519.0,519.0,519.0,519.0,519.0,524.0,524.0,524.0,524.0,524.0,524.0,524.0,524.0,524.0,524.0,524.0,524.0,524.0,524.0,524.0,524.0,524.0,524.0,524.0,524.0,,524.0,524.0,524.0,524.0,524.0,524.0,524.0,524.0,524.0,524.0,524.0,525.0,525.0,525.0,525.0,525.0,525.0,525.0,525.0,525.0,525.0,525.0,525.0,525.0,525.0,525.0,525.0,525.0,525.0,525.0,525.0,525.0,525.0,525.0,526.0,526.0,525.0,525.0,526.0,526.0,526.0,527.0,527.0,527.0,527.0,527.0,527.0,528.0,528.0,528.0,528.0,528.0,528.0,528.0,528.0,528.0,528.0,528.0,528.0,528.0,528.0,528.0,528.0,528.0,528.0,528.0,528.0,528.0,528.0,528.0,528.0,528.0,528.0,528.0,529.0,529.0,529.0,529.0,529.0,529.0,530.0,530.0,530.0,530.0,530.0,530.0,530.0,530.0,530.0,530.0,530.0,530.0,530.0,530.0,531.0,531.0,531.0,531.0,531.0,531.0,531.0,531.0,531.0,531.0,531.0,531.0,531.0,531.0,531.0,531.0,531.0,531.0,531.0,531
qb80r4ayI10,3104.0,3104.0,3104.0,3104.0,3104.0,3104.0,3104.0,3105.0,3106.0,3106.0,3106.0,3106.0,3108.0,3108.0,3108.0,3109.0,3109.0,3109.0,3109.0,3109.0,3109.0,3109.0,3109.0,3109.0,3109.0,3109.0,3109.0,3109.0,3109.0,3113.0,3114.0,3114.0,3114.0,3115.0,3116.0,3121.0,3122.0,3124.0,3124.0,3124.0,3125.0,3125.0,3125.0,3126.0,3126.0,3126.0,3126.0,3126.0,3126.0,3126.0,3126.0,3126.0,3126.0,3127.0,3129.0,3129.0,3129.0,3129.0,3129.0,3129.0,3129.0,3130.0,3130.0,3130.0,3130.0,3130.0,3132.0,3133.0,3133.0,3133.0,3133.0,3133.0,3133.0,3134.0,3135.0,3135.0,3135.0,3135.0,3135.0,3135.0,3135.0,3135.0,3135.0,3136.0,3136.0,3136.0,3137.0,3137.0,3137.0,3137.0,3137.0,3137.0,3137.0,3138.0,3138.0,3138.0,3138.0,3138.0,3138.0,3138.0,3138.0,3138.0,3138.0,3138.0,3138.0,3138.0,3138.0,3138.0,3138.0,3138.0,3138.0,3138.0,3138.0,3138.0,3138.0,3138.0,3138.0,3138.0,3138.0,3138.0,3138.0,3138.0,3140.0,3141.0,3141.0,3142.0,3142.0,3142.0,3143.0,3143.0,3143.0,3143.0,3143.0,3143.0,,,,,,,,,3144.0,3145.0,3145.0,3145.0,3145.0,3145.0,3146.0,3146.0,3146.0,3146.0,3146.0,3146.0,3146.0,3146.0,3146.0,3146.0,3146.0,3146.0,3147.0,3147.0,3147.0,3147.0,3147.0,3148.0,3148.0,3148.0,3148.0,3148.0,3148.0,3148.0,3148.0,3148.0,3148.0,3148.0,3148.0,3148.0,3148.0,3149.0,3149.0,3149.0,3149.0,3149.0,3149.0,3150.0,3150.0,3150.0,3150.0,3151.0,3151.0,3154.0,3154.0,3154.0,3154.0,3154.0,3155.0,3156.0,3156.0,3156.0,3156.0,3156.0,3156.0,3156.0,3156.0,3157.0,3159.0,3159.0,3159.0,3159.0,3159.0,3159.0,3159.0,3160.0,3159.0,3159.0,3159.0,3163.0,3163.0,3163.0,3163.0,3163.0,3163.0,3164.0,3165.0,3166.0,3166.0,3166.0,3167.0,3168.0,3170.0,3170.0,3170.0,3170.0,3170.0,3170.0,3171.0,3171.0,3171.0,3171.0,3171.0,3171.0,3171.0,3171.0,3171.0,3171.0,3171.0,3171.0,3171.0,3171.0,3171.0,3171.0,3171.0,3171.0,3171.0,3171.0,3171.0,3172.0,3172.0,3172.0,3172.0,3172.0,3172.0,,3172.0,3172.0,3172.0,3172.0,3172.0,3172.0,3172.0,3173.0,3173.0,3173.0,3173.0,3174.0,3174.0,3174.0,3174.0,3175.0,3175.0,3175.0,3175.0,3175.0,3175.0,3175.0,3175.0,3175.0,3176.0,3176.0,3177.0,3177.0,3177.0,3177.0,3177.0,3178.0,3178.0,3178.0,3178.0,3178.0,3178.0,3178.0,3178.0,3178.0,3178.0,3178.0,3178.0,3178.0,3178.0,3178.0,3178.0,3178.0,3178.0,3178.0,3178.0,3179.0,3180.0,3181.0,3181.0,3181.0,3181.0,3181.0,3181.0,3181.0,3181.0,3181.0,3181.0,3181.0,3181.0,3181.0,3182.0,3182.0,3182.0,3185.0,3185.0,3185.0,3185.0,3185.0,3185.0,3185.0,3185.0,3185.0,3185.0,3185.0,3186.0,3186.0,3187.0,3187.0,3187.0,3187.0,3187.0,3187.0,3187.0,3187.0,3187.0,3188.0,3188.0,3188.0,3189.0,3189.0,3190.0,3190.0,3190.0,3190.0,3190.0,3190.0,3190.0,3192.0,3193.0,3193.0,3193.0,3193.0,3193.0,3193.0,3193.0,3193.0,3194.0,3194
Opl3onjkysk,11712.0,11712.0,11712.0,11712.0,11713.0,11714.0,11714.0,11715.0,11715.0,11715.0,11715.0,11715.0,11715.0,11715.0,11715.0,11715.0,11715.0,11715.0,11715.0,11715.0,11715.0,11715.0,11715.0,11715.0,11715.0,11715.0,11715.0,11715.0,11715.0,11716.0,11716.0,11716.0,11716.0,11716.0,11716.0,11716.0,11716.0,11718.0,11718.0,11718.0,11718.0,11718.0,11718.0,11718.0,11719.0,11720.0,11720.0,11721.0,11721.0,11721.0,11721.0,11721.0,11721.0,11722.0,11723.0,11723.0,11723.0,11723.0,11723.0,11723.0,11723.0,11724.0,11725.0,11725.0,11725.0,11725.0,11726.0,11727.0,11727.0,11728.0,11728.0,11728.0,11727.0,11729.0,11730.0,11730.0,11730.0,11731.0,11731.0,11731.0,11731.0,11731.0,11731.0,11731.0,11731.0,11731.0,11731.0,11731.0,11731.0,11731.0,11731.0,11731.0,11731.0,11732.0,11732.0,11732.0,11732.0,11732.0,11732.0,11732.0,11732.0,11732.0,11732.0,11732.0,11732.0,11732.0,11732.0,11732.0,11733.0,11733.0,11733.0,11733.0,11733.0,11733.0,11733.0,11735.0,11735.0,11735.0,11735.0,11735.0,11735.0,11735.0,11735.0,11736.0,11736.0,11737.0,11737.0,11737.0,11737.0,11737.0,11737.0,11737.0,11738.0,11738.0,,,,,,,,,11741.0,11741.0,11741.0,11741.0,11741.0,11741.0,11741.0,11742.0,11742.0,11742.0,11742.0,11742.0,11742.0,11742.0,11742.0,11742.0,11743.0,11743.0,11744.0,11744.0,11744.0,11744.0,11744.0,11744.0,11744.0,11744.0,11744.0,11744.0,11745.0,11744.0,11745.0,11746.0,11746.0,11746.0,11746.0,11746.0,11746.0,11746.0,11748.0,11748.0,11748.0,11748.0,11749.0,11749.0,11750.0,11750.0,11750.0,11750.0,11750.0,11752.0,11756.0,11756.0,11756.0,11756.0,11758.0,11759.0,11759.0,11759.0,11759.0,11760.0,11760.0,11760.0,11760.0,11761.0,11763.0,11763.0,11763.0,11763.0,11763.0,11763.0,11764.0,11764.0,11764.0,11765.0,11765.0,11767.0,11767.0,11767.0,11768.0,11768.0,11768.0,11769.0,11769.0,11772.0,11772.0,11772.0,11773.0,11773.0,11773.0,11773.0,11774.0,11775.0,11775.0,11775.0,11775.0,11775.0,11775.0,11776.0,11776.0,11776.0,11776.0,11778.0,11778.0,11778.0,11778.0,11778.0,11778.0,11778.0,11779.0,11779.0,11779.0,11779.0,11779.0,11779.0,11779.0,11780.0,11780.0,11780.0,11780.0,11780.0,11780.0,,11781.0,11781.0,11781.0,11781.0,11781.0,11781.0,11781.0,11782.0,11782.0,11782.0,11782.0,11783.0,11783.0,11783.0,11783.0,11783.0,11784.0,11784.0,11784.0,11785.0,11785.0,11785.0,11785.0,11785.0,11786.0,11786.0,11786.0,11786.0,11786.0,11787.0,11787.0,11787.0,11787.0,11787.0,11787.0,11787.0,11787.0,11788.0,11788.0,11788.0,11788.0,11793.0,11794.0,11795.0,11795.0,11795.0,11795.0,11795.0,11795.0,11795.0,11796.0,11796.0,11798.0,11798.0,11798.0,11798.0,11798.0,11798.0,11798.0,11798.0,11799.0,11799.0,11799.0,11799.0,11799.0,11799.0,11799.0,11799.0,11799.0,11801.0,11801.0,11801.0,11801.0,11801.0,11801.0,11801.0,11801.0,11802.0,11802.0,11802.0,11802.0,11802.0,11804.0,11804.0,11805.0,11807.0,11807.0,11807.0,11807.0,11808.0,11809.0,11810.0,11810.0,11810.0,11810.0,11810.0,11810.0,11810.0,11810.0,11810.0,11811.0,11811.0,11813.0,11813.0,11814.0,11814.0,11815.0,11815.0,11815.0,11815.0,11815.0,11815.0,11815.0,11815
N-WwGzCuuzY,15104.0,15104.0,15104.0,15106.0,15106.0,15108.0,15108.0,15109.0,15109.0,15109.0,15109.0,15109.0,15109.0,15109.0,15109.0,15109.0,15111.0,15111.0,15111.0,15111.0,15111.0,15111.0,15112.0,15113.0,15115.0,15115.0,15116.0,15116.0,15116.0,15116.0,15116.0,15116.0,15117.0,15117.0,15117.0,15118.0,15119.0,15121.0,15121.0,15122.0,15126.0,15127.0,15127.0,15128.0,15128.0,15129.0,15130.0,15130.0,15130.0,15131.0,15131.0,15131.0,15131.0,15131.0,15132.0,15133.0,15134.0,15136.0,15136.0,15137.0,15138.0,15139.0,15139.0,15139.0,15140.0,15140.0,15141.0,15141.0,15141.0,15142.0,15144.0,15145.0,15145.0,15146.0,15146.0,15146.0,15146.0,15147.0,15148.0,15148.0,15148.0,15148.0,15148.0,15149.0,15149.0,15149.0,15149.0,15150.0,15150.0,15151.0,15151.0,15151.0,15151.0,15151.0,15152.0,15152.0,15152.0,15154.0,15154.0,15154.0,15155.0,15157.0,15157.0,15157.0,15157.0,15157.0,15158.0,15159.0,15159.0,15161.0,15161.0,15161.0,15161.0,15161.0,15161.0,15161.0,15162.0,15162.0,15162.0,15162.0,15162.0,15163.0,15163.0,15164.0,15164.0,15164.0,15164.0,15166.0,15166.0,15166.0,15166.0,15166.0,15166.0,15166.0,,,,,,,,,15169.0,15169.0,15169.0,15169.0,15170.0,15170.0,15171.0,15172.0,15172.0,15172.0,15172.0,15172.0,15172.0,15172.0,15176.0,15176.0,15177.0,15177.0,15177.0,15177.0,15177.0,15179.0,15179.0,15179.0,15180.0,15181.0,15183.0,15184.0,15184.0,15184.0,15184.0,15184.0,15185.0,15185.0,15185.0,15186.0,15188.0,15190.0,15191.0,15191.0,15191.0,15193.0,15193.0,15193.0,15193.0,15194.0,15194.0,15194.0,15196.0,15197.0,15201.0,15201.0,15201.0,15202.0,15202.0,15202.0,15203.0,15203.0,15203.0,15203.0,15203.0,15203.0,15204.0,15204.0,15204.0,15205.0,15206.0,15208.0,15208.0,15208.0,15208.0,15208.0,15208.0,15209.0,15211.0,15211.0,15211.0,15211.0,15211.0,15211.0,15211.0,15211.0,15212.0,15212.0,15212.0,15213.0,15213.0,15214.0,15215.0,15216.0,15217.0,15217.0,15217.0,15217.0,15218.0,15219.0,15219.0,15219.0,15219.0,15219.0,15219.0,15219.0,15219.0,15219.0,15219.0,15219.0,15219.0,15220.0,15220.0,15221.0,15221.0,15221.0,15221.0,15222.0,15224.0,15225.0,15225.0,15227.0,15227.0,15227.0,15227.0,,15227.0,15227.0,15228.0,15228.0,15229.0,15229.0,15229.0,15229.0,15229.0,15230.0,15230.0,15231.0,15231.0,15231.0,15231.0,15232.0,15233.0,15233.0,15233.0,15233.0,15233.0,15233.0,15233.0,15233.0,15233.0,15234.0,15234.0,15237.0,15237.0,15238.0,15239.0,15240.0,15240.0,15241.0,15241.0,15241.0,15242.0,15242.0,15242.0,15242.0,15242.0,15242.0,15242.0,15243.0,15243.0,15243.0,15243.0,15244.0,15246.0,15247.0,15247.0,15247.0,15248.0,15248.0,15248.0,15248.0,15248.0,15250.0,15250.0,15251.0,15251.0,15251.0,15252.0,15252.0,15254.0,15254.0,15254.0,15254.0,15254.0,15257.0,15257.0,15257.0,15257.0,15257.0,15257.0,15257.0,15257.0,15258.0,15258.0,15258.0,15259.0,15259.0,15260.0,15260.0,15262.0,15263.0,15263.0,15263.0,15263.0,15263.0,15264.0,15264.0,15265.0,15265.0,15266.0,15267.0,15268.0,15268.0,15268.0,15270.0,15270.0,15270.0,15270.0,15270.0,15271.0,15272.0,15275.0,15275.0,15276.0,15278.0,15279.0,15281.0,15284.0,15286
5qAIEn_KswM,13127.0,13146.0,13187.0,13225.0,13253.0,13279.0,13321.0,13339.0,13354.0,13386.0,13407.0,13423.0,13446.0,13471.0,13493.0,13510.0,13533.0,13553.0,13574.0,13590.0,13613.0,13632.0,13656.0,13671.0,13703.0,13742.0,13782.0,13819.0,13846.0,13879.0,13908.0,13934.0,13965.0,13994.0,14034.0,14071.0,14118.0,14149.0,14173.0,14192.0,14215.0,14253.0,14283.0,14309.0,14336.0,14377.0,14411.0,14432.0,14453.0,14472.0,14495.0,14529.0,14555.0,14589.0,14620.0,14654.0,14714.0,14772.0,14851.0,14910.0,14961.0,15014.0,15081.0,15132.0,15188.0,15255.0,15322.0,15360.0,15405.0,15445.0,15532.0,15631.0,15677.0,15729.0,15789.0,15837.0,15881.0,15952.0,16028.0,16073.0,16131.0,16203.0,16244.0,16285.0,16331.0,16384.0,16431.0,16484.0,16540.0,16576.0,16648.0,16740.0,16832.0,16909.0,16980.0,17064.0,17130.0,17203.0,17274.0,17351.0,17422.0,17480.0,17542.0,17607.0,17688.0,17757.0,17829.0,17923.0,18032.0,18124.0,18251.0,18343.0,18429.0,18534.0,18633.0,18751.0,18866.0,18936.0,19007.0,19070.0,19154.0,19235.0,19286.0,19364.0,19404.0,19461.0,19528.0,19606.0,19688.0,19791.0,19918.0,20015.0,20112.0,20175.0,,,,,,,,,20748.0,20795.0,20836.0,20884.0,20906.0,20939.0,20965.0,20983.0,21011.0,21041.0,21066.0,21087.0,21116.0,21143.0,21169.0,21196.0,21221.0,21238.0,21253.0,21273.0,21300.0,21316.0,21336.0,21360.0,21381.0,21403.0,21446.0,21486.0,21513.0,21531.0,21548.0,21578.0,21601.0,21620.0,21642.0,21662.0,21686.0,21717.0,21737.0,21756.0,21769.0,21797.0,21818.0,21846.0,21873.0,21905.0,21928.0,21950.0,21974.0,22012.0,22042.0,22069.0,22101.0,22134.0,22158.0,22191.0,22227.0,22244.0,22264.0,22277.0,22298.0,22329.0,22356.0,22384.0,22409.0,22429.0,22452.0,22466.0,22494.0,22521.0,22554.0,22572.0,22612.0,22640.0,22675.0,22695.0,22721.0,22746.0,22769.0,22807.0,22838.0,22859.0,22890.0,22912.0,22943.0,22973.0,22997.0,23036.0,23064.0,23097.0,23110.0,23145.0,23167.0,23191.0,23213.0,23236.0,23255.0,23281.0,23314.0,23336.0,23355.0,23379.0,23402.0,23420.0,23437.0,23467.0,23507.0,23535.0,23559.0,23587.0,23610.0,23645.0,23665.0,23678.0,23685.0,23709.0,23734.0,23736.0,23743.0,23757.0,23773.0,,23810.0,23831.0,23842.0,23856.0,23864.0,23891.0,23916.0,23923.0,23928.0,23938.0,23957.0,23976.0,24009.0,24051.0,24090.0,24114.0,24132.0,24136.0,24157.0,24173.0,24177.0,24195.0,24209.0,24229.0,24235.0,24251.0,24271.0,24301.0,24319.0,24350.0,24373.0,24387.0,24396.0,24412.0,24422.0,24431.0,24441.0,24453.0,24464.0,24492.0,24495.0,24497.0,24499.0,24512.0,24526.0,24547.0,24573.0,24594.0,24613.0,24625.0,24643.0,24657.0,24667.0,24676.0,24694.0,24710.0,24722.0,24744.0,24758.0,24778.0,24802.0,24822.0,24835.0,24843.0,24856.0,24866.0,24883.0,24899.0,24911.0,24928.0,24941.0,24946.0,24953.0,24957.0,24960.0,24968.0,24978.0,24988.0,24999.0,25006.0,25029.0,25036.0,25051.0,25076.0,25089.0,25097.0,25102.0,25113.0,25125.0,25139.0,25154.0,25168.0,25183.0,25196.0,25212.0,25227.0,25240.0,25264.0,25279.0,25289.0,25296.0,25301.0,25313.0,25329.0,25344.0,25349.0,25370.0,25382.0,25408.0,25420.0,25431.0,25455.0,25474.0,25490
jKpQUlDgG8I,1735441.0,1736609.0,1737646.0,1738903.0,1739989.0,1741281.0,1742575.0,1743724.0,1744928.0,1745930.0,1747095.0,1748256.0,1749353.0,1750649.0,1751830.0,1752941.0,1753928.0,1754920.0,1755890.0,1756871.0,1757845.0,1758958.0,1759968.0,1760980.0,1761961.0,1762918.0,1763903.0,1764868.0,1765816.0,1766705.0,1767739.0,1768586.0,1769482.0,1770524.0,1771470.0,1772568.0,1773646.0,1774563.0,1775614.0,1776524.0,1777395.0,1778305.0,1779364.0,1780450.0,1781433.0,1782345.0,1783103.0,1784114.0,1785194.0,1786209.0,1787168.0,1788019.0,1788876.0,1789750.0,1790612.0,1791570.0,1792517.0,1793416.0,1794247.0,1794971.0,1795810.0,1796721.0,1797505.0,1798448.0,1799431.0,1800173.0,1800958.0,1801712.0,1802636.0,1803795.0,1804810.0,1805664.0,1806440.0,1807041.0,1807835.0,1808815.0,1809796.0,1810731.0,1811569.0,1812425.0,1813265.0,1814127.0,1814985.0,1816011.0,1817001.0,1817910.0,1818700.0,1819640.0,1820460.0,1821404.0,1822262.0,1823252.0,1824177.0,1824982.0,1825689.0,1826508.0,1827392.0,1828238.0,1829226.0,1830242.0,1831166.0,1832017.0,1832982.0,1834086.0,1835054.0,1836248.0,1837419.0,1838319.0,1839130.0,1840047.0,1841096.0,1842042.0,1843215.0,1844266.0,1845140.0,1846051.0,1846965.0,1847959.0,1848883.0,1849878.0,1850575.0,1851272.0,1851970.0,1852736.0,1853439.0,1854289.0,1854960.0,1855652.0,1856320.0,1856928.0,1857675.0,1858324.0,1859141.0,1859832.0,,,,,,,,,1866354.0,1866984.0,1867733.0,1868391.0,1869149.0,1869803.0,1870539.0,1871179.0,1871723.0,1872395.0,1872973.0,1873671.0,1874505.0,1875264.0,1875895.0,1876433.0,1877060.0,1877791.0,1878551.0,1879391.0,1880307.0,1881141.0,1881948.0,1882714.0,1883680.0,1884444.0,1885361.0,1886105.0,1886890.0,1887607.0,1888441.0,1889227.0,1889990.0,1890823.0,1891701.0,1892467.0,1893170.0,1893883.0,1894739.0,1895497.0,1896429.0,1897054.0,1897763.0,1898423.0,1899190.0,1900017.0,1900846.0,1901666.0,1902570.0,1903301.0,1904011.0,1904771.0,1905554.0,1906402.0,1907259.0,1908243.0,1908999.0,1909673.0,1910433.0,1911239.0,1912062.0,1912678.0,1913232.0,1913938.0,1914555.0,1915232.0,1915984.0,1916829.0,1917388.0,1917948.0,1918625.0,1919202.0,1919835.0,1920573.0,1921296.0,1921987.0,1922723.0,1923528.0,1924116.0,1924710.0,1925529.0,1926246.0,1927150.0,1927940.0,1928647.0,1929355.0,1930054.0,1930942.0,1931868.0,1932651.0,1933602.0,1934408.0,1935143.0,1935893.0,1936637.0,1937589.0,1938379.0,1939165.0,1939824.0,1940611.0,1941370.0,1942255.0,1943015.0,1943939.0,1944747.0,1945502.0,1946281.0,1946995.0,1948004.0,1948856.0,1949712.0,1950514.0,1951271.0,1951896.0,1952565.0,1953314.0,1954021.0,1954591.0,1955288.0,1955855.0,1956413.0,,1957609.0,1958343.0,1958917.0,1959502.0,1960097.0,1960675.0,1961194.0,1961830.0,1962558.0,1963198.0,1963854.0,1964382.0,1964875.0,1965540.0,1966180.0,1967054.0,1967843.0,1968653.0,1969362.0,1970081.0,1970740.0,1971472.0,1972206.0,1972920.0,1973674.0,1974278.0,1974930.0,1975557.0,1976244.0,1976990.0,1977727.0,1978464.0,1979200.0,1979711.0,1980398.0,1981160.0,1981926.0,1982746.0,1983447.0,1984171.0,1984710.0,1985371.0,1986153.0,1986975.0,1987793.0,1988496.0,1989247.0,1989882.0,1990592.0,1991358.0,1992060.0,1992736.0,1993556.0,1994242.0,1994940.0,1995671.0,1996575.0,1997248.0,1998118.0,1998886.0,1999574.0,2000147.0,2000849.0,2001597.0,2002355.0,2003074.0,2003764.0,2004511.0,2005198.0,2005863.0,2006574.0,2007310.0,2008121.0,2008816.0,2009416.0,2010021.0,2010748.0,2011497.0,2012199.0,2012905.0,2013730.0,2014407.0,2015004.0,2015681.0,2016413.0,2017097.0,2017663.0,2018512.0,2019166.0,2019699.0,2020261.0,2020877.0,2021561.0,2022250.0,2022904.0,2023518.0,2024052.0,2024622.0,2025239.0,2025826.0,2026485.0,2027035.0,2027711.0,2028279.0,2028965.0,2029667.0,2030374.0,2031058.0,2031584.0,2032168.0,2032728.0,2033285.0,2033898.0,2034481
-hmd6PZSKB8,659648.0,660076.0,660566.0,661013.0,661437.0,661937.0,662500.0,662961.0,663488.0,663867.0,664302.0,664713.0,665096.0,665516.0,665857.0,666250.0,666646.0,667010.0,667343.0,667759.0,668144.0,668539.0,668962.0,669387.0,669710.0,670153.0,670547.0,671011.0,671454.0,671873.0,672321.0,672697.0,673125.0,673655.0,674144.0,674608.0,675079.0,675555.0,675948.0,676365.0,676756.0,677223.0,677664.0,678126.0,678527.0,678952.0,679261.0,679696.0,680193.0,680662.0,681053.0,681538.0,681879.0,682243.0,682683.0,683160.0,683626.0,684066.0,684373.0,684730.0,685124.0,685532.0,685966.0,686452.0,686848.0,687259.0,687619.0,687951.0,688360.0,688839.0,689220.0,689641.0,689996.0,690367.0,690804.0,691206.0,691602.0,692057.0,692481.0,692903.0,693234.0,693587.0,693971.0,694382.0,694775.0,695232.0,695631.0,695993.0,696321.0,696688.0,697138.0,697533.0,697943.0,698357.0,698697.0,698995.0,699362.0,699853.0,700258.0,700735.0,701096.0,701474.0,701833.0,702273.0,702730.0,703162.0,703615.0,703934.0,704335.0,704754.0,705169.0,705556.0,705952.0,706388.0,706770.0,707202.0,707570.0,708001.0,708360.0,708817.0,709157.0,709492.0,709857.0,710146.0,710515.0,710908.0,711357.0,711743.0,712095.0,712386.0,712759.0,713108.0,713490.0,713936.0,,,,,,,,,717184.0,717576.0,718024.0,718372.0,718739.0,719157.0,719530.0,719860.0,720166.0,720510.0,720843.0,721178.0,721622.0,721977.0,722344.0,722705.0,723089.0,723451.0,723858.0,724266.0,724719.0,725177.0,725607.0,725948.0,726350.0,726854.0,727230.0,727770.0,728167.0,728575.0,729017.0,729402.0,729822.0,730301.0,730736.0,731157.0,731535.0,731857.0,732253.0,732696.0,733108.0,733476.0,733779.0,734070.0,734383.0,734813.0,735236.0,735629.0,736045.0,736358.0,736715.0,737063.0,737395.0,737787.0,738169.0,738674.0,739103.0,739514.0,739942.0,740322.0,740765.0,741084.0,741421.0,741731.0,742071.0,742416.0,742762.0,743158.0,743465.0,743747.0,744086.0,744366.0,744735.0,745100.0,745506.0,745892.0,746293.0,746653.0,747049.0,747393.0,747780.0,748188.0,748609.0,749076.0,749474.0,749845.0,750217.0,750611.0,750974.0,751387.0,751772.0,752180.0,752446.0,752790.0,753184.0,753591.0,753990.0,754431.0,754798.0,755089.0,755482.0,755875.0,756265.0,756687.0,757056.0,757466.0,757791.0,758160.0,758577.0,759031.0,759450.0,759886.0,760273.0,760567.0,760927.0,761229.0,761547.0,761855.0,762177.0,762457.0,762740.0,,763381.0,763701.0,764026.0,764326.0,764654.0,764934.0,765253.0,765526.0,765837.0,766135.0,766427.0,766673.0,766903.0,767119.0,767438.0,767749.0,768111.0,768512.0,768863.0,769179.0,769500.0,769790.0,770145.0,770496.0,770848.0,771156.0,771458.0,771734.0,772089.0,772416.0,772715.0,773131.0,773395.0,773622.0,773930.0,774318.0,774677.0,775050.0,775375.0,775699.0,776024.0,776342.0,776639.0,777012.0,777348.0,777624.0,777967.0,778258.0,778558.0,778921.0,779258.0,779635.0,779981.0,780323.0,780631.0,780959.0,781339.0,781700.0,782022.0,782320.0,782663.0,782874.0,783262.0,783570.0,783922.0,784273.0,784617.0,784924.0,785254.0,785564.0,785898.0,786234.0,786600.0,786930.0,787268.0,787589.0,787850.0,788208.0,788573.0,788908.0,789226.0,789553.0,789844.0,790162.0,790496.0,790858.0,791206.0,791562.0,791900.0,792178.0,792490.0,792795.0,793127.0,793396.0,793724.0,793993.0,794254.0,794518.0,794792.0,795075.0,795471.0,795843.0,796142.0,796392.0,796773.0,797087.0,797516.0,797904.0,798223.0,798530.0,798844.0,799073.0,799437.0,799741
RK7v_PlTofA,57204.0,57221.0,57238.0,57252.0,57301.0,57318.0,57333.0,57347.0,57375.0,57384.0,57394.0,57412.0,57437.0,57545.0,57626.0,57699.0,57751.0,57769.0,57787.0,57805.0,57821.0,57845.0,57859.0,57885.0,57901.0,57914.0,57935.0,57947.0,57969.0,57990.0,58002.0,58021.0,58032.0,58043.0,58057.0,58066.0,58088.0,58102.0,58117.0,58134.0,58147.0,58167.0,58186.0,58217.0,58231.0,58250.0,58262.0,58293.0,58302.0,58322.0,58333.0,58353.0,58363.0,58374.0,58395.0,58404.0,58422.0,58437.0,58446.0,58456.0,58467.0,58485.0,58496.0,58517.0,58537.0,58546.0,58554.0,58569.0,58587.0,58603.0,58619.0,58632.0,58643.0,58659.0,58673.0,58683.0,58694.0,58710.0,58727.0,58738.0,58743.0,58758.0,58769.0,58778.0,58792.0,58803.0,58820.0,58830.0,58842.0,58863.0,58880.0,58894.0,58918.0,58930.0,58947.0,58962.0,58977.0,58991.0,59016.0,59034.0,59083.0,59097.0,59105.0,59119.0,59131.0,59156.0,59183.0,59226.0,59241.0,59269.0,59289.0,59306.0,59315.0,59338.0,59352.0,59368.0,59384.0,59397.0,59409.0,59428.0,59441.0,59456.0,59477.0,59487.0,59495.0,59504.0,59520.0,59538.0,59567.0,59575.0,59590.0,59607.0,59626.0,59642.0,,,,,,,,,59820.0,59836.0,59863.0,59886.0,59910.0,59930.0,59947.0,59960.0,59972.0,59990.0,60002.0,60018.0,60030.0,60069.0,60091.0,60111.0,60123.0,60141.0,60156.0,60168.0,60184.0,60202.0,60224.0,60232.0,60249.0,60262.0,60273.0,60291.0,60309.0,60326.0,60341.0,60356.0,60366.0,60373.0,60381.0,60396.0,60415.0,60427.0,60442.0,60464.0,60489.0,60522.0,60544.0,60555.0,60568.0,60591.0,60618.0,60628.0,60652.0,60664.0,60673.0,60691.0,60713.0,60731.0,60750.0,60783.0,60799.0,60814.0,60843.0,60866.0,60903.0,60920.0,60946.0,60978.0,60998.0,61023.0,61069.0,61109.0,61132.0,61170.0,61204.0,61230.0,61266.0,61312.0,61346.0,61391.0,61416.0,61457.0,61471.0,61491.0,61506.0,61535.0,61555.0,61575.0,61587.0,61603.0,61612.0,61627.0,61643.0,61657.0,61687.0,61715.0,61736.0,61755.0,61787.0,61843.0,61887.0,61924.0,61938.0,61953.0,61974.0,61996.0,62021.0,62040.0,62073.0,62099.0,62120.0,62153.0,62176.0,62245.0,62270.0,62286.0,62311.0,62324.0,62341.0,62362.0,62382.0,62404.0,62419.0,62429.0,62447.0,,62497.0,62516.0,62536.0,62562.0,62577.0,62618.0,62630.0,62651.0,62666.0,62688.0,62702.0,62731.0,62747.0,62769.0,62802.0,62841.0,62902.0,62984.0,63077.0,63143.0,63231.0,63418.0,63656.0,63923.0,64336.0,64716.0,64922.0,65155.0,65409.0,65772.0,66106.0,66390.0,66646.0,66990.0,67593.0,68416.0,69102.0,69852.0,70333.0,70755.0,71043.0,71492.0,71909.0,72303.0,73000.0,73631.0,74392.0,74966.0,75661.0,76149.0,76583.0,77117.0,77588.0,78042.0,78538.0,79152.0,79573.0,80007.0,80574.0,81126.0,81730.0,82207.0,82850.0,83683.0,84573.0,85438.0,86020.0,86692.0,87333.0,88117.0,88913.0,89903.0,90891.0,92019.0,92835.0,93551.0,94314.0,95162.0,96005.0,96684.0,97323.0,97865.0,98342.0,98759.0,99265.0,99877.0,100184.0,100306.0,100419.0,100496.0,100538.0,100611.0,100691.0,100776.0,100846.0,100929.0,100986.0,101034.0,101089.0,101134.0,101205.0,101273.0,101320.0,101364.0,101455.0,101527.0,101603.0,101673.0,101754.0,101796.0,101869.0,101973.0,102081.0,102213
VrWjrAeR4XU,1488.0,1489.0,1489.0,1490.0,1490.0,1493.0,1493.0,1493.0,1493.0,1493.0,1493.0,1493.0,1493.0,1493.0,1493.0,1493.0,1493.0,1493.0,1493.0,1493.0,1493.0,1493.0,1493.0,1493.0,1493.0,1493.0,1493.0,1493.0,1494.0,1494.0,1494.0,1494.0,1494.0,1494.0,1495.0,1497.0,1497.0,1497.0,1497.0,1497.0,1498.0,1498.0,1498.0,1498.0,1498.0,1498.0,1498.0,1498.0,1498.0,1498.0,1498.0,1499.0,1499.0,1499.0,1499.0,1500.0,1500.0,1500.0,1500.0,1500.0,1500.0,1500.0,1500.0,1500.0,1501.0,1502.0,1503.0,1504.0,1505.0,1505.0,1505.0,1505.0,1505.0,1508.0,1508.0,1509.0,1509.0,1509.0,1509.0,1509.0,1509.0,1509.0,1510.0,1510.0,1510.0,1510.0,1512.0,1512.0,1514.0,1517.0,1517.0,1517.0,1518.0,1518.0,1518.0,1518.0,1519.0,1520.0,1522.0,1523.0,1523.0,1525.0,1526.0,1526.0,1528.0,1528.0,1528.0,1528.0,1529.0,1530.0,1530.0,1530.0,1530.0,1531.0,1531.0,1531.0,1532.0,1532.0,1532.0,1532.0,1532.0,1532.0,1532.0,1533.0,1533.0,1533.0,1533.0,1533.0,1533.0,1533.0,1533.0,1533.0,1533.0,1534.0,,,,,,,,,1542.0,1543.0,1543.0,1543.0,1543.0,1543.0,1544.0,1544.0,1545.0,1546.0,1546.0,1546.0,1546.0,1547.0,1548.0,1548.0,1549.0,1549.0,1550.0,1550.0,1550.0,1551.0,1552.0,1552.0,1552.0,1552.0,1552.0,1552.0,1553.0,1553.0,1553.0,1553.0,1554.0,1554.0,1554.0,1554.0,1554.0,1555.0,1555.0,1555.0,1556.0,1556.0,1556.0,1556.0,1556.0,1556.0,1556.0,1556.0,1556.0,1556.0,1556.0,1556.0,1556.0,1558.0,1558.0,1559.0,1559.0,1559.0,1559.0,1559.0,1559.0,1559.0,1559.0,1559.0,1560.0,1561.0,1562.0,1562.0,1562.0,1563.0,1563.0,1563.0,1563.0,1564.0,1564.0,1564.0,1564.0,1564.0,1564.0,1564.0,1564.0,1564.0,1564.0,1565.0,1565.0,1566.0,1568.0,1568.0,1569.0,1570.0,1570.0,1571.0,1571.0,1571.0,1571.0,1571.0,1572.0,1572.0,1573.0,1573.0,1573.0,1573.0,1573.0,1573.0,1573.0,1574.0,1574.0,1575.0,1576.0,1575.0,1576.0,1577.0,1577.0,1579.0,1579.0,1579.0,1580.0,1580.0,1580.0,1580.0,1580.0,,1580.0,1580.0,1580.0,1582.0,1583.0,1583.0,1583.0,1584.0,1585.0,1586.0,1586.0,1586.0,1586.0,1586.0,1586.0,1586.0,1586.0,1587.0,1587.0,1587.0,1587.0,1587.0,1587.0,1587.0,1588.0,1589.0,1590.0,1591.0,1591.0,1591.0,1591.0,1593.0,1594.0,1594.0,1594.0,1594.0,1594.0,1594.0,1596.0,1598.0,1598.0,1598.0,1598.0,1598.0,1598.0,1602.0,1602.0,1602.0,1603.0,1604.0,1606.0,1606.0,1606.0,1606.0,1607.0,1608.0,1608.0,1609.0,1609.0,1610.0,1612.0,1612.0,1612.0,1612.0,1613.0,1613.0,1616.0,1619.0,1620.0,1623.0,1623.0,1623.0,1625.0,1625.0,1626.0,1627.0,1629.0,1631.0,1633.0,1633.0,1634.0,1634.0,1634.0,1635.0,1635.0,1635.0,1635.0,1636.0,1636.0,1636.0,1636.0,1637.0,1638.0,1638.0,1638.0,1638.0,1638.0,1641.0,1641.0,1642.0,1644.0,1645.0,1645.0,1646.0,1647.0,1647.0,1647.0,1648.0,1648.0,1648.0,1648.0,1649.0,1650.0,1650
ky6eREa-8UE,4783.0,4784.0,4784.0,4784.0,4786.0,4787.0,4788.0,4788.0,4790.0,4790.0,4790.0,4792.0,4795.0,4796.0,4797.0,4798.0,4798.0,4802.0,4804.0,4804.0,4804.0,4804.0,4805.0,4805.0,4808.0,4809.0,4809.0,4811.0,4812.0,4812.0,4812.0,4813.0,4813.0,4813.0,4814.0,4816.0,4818.0,4818.0,4819.0,4819.0,4821.0,4821.0,4821.0,4821.0,4821.0,4822.0,4822.0,4822.0,4822.0,4822.0,4823.0,4823.0,4824.0,4825.0,4826.0,4827.0,4827.0,4828.0,4828.0,4830.0,4830.0,4832.0,4833.0,4833.0,4834.0,4834.0,4834.0,4836.0,4837.0,4838.0,4839.0,4839.0,4841.0,4841.0,4842.0,4844.0,4844.0,4846.0,4846.0,4847.0,4848.0,4848.0,4848.0,4848.0,4850.0,4850.0,4850.0,4850.0,4850.0,4851.0,4852.0,4853.0,4853.0,4853.0,4853.0,4855.0,4857.0,4859.0,4859.0,4859.0,4860.0,4860.0,4860.0,4860.0,4861.0,4861.0,4861.0,4862.0,4866.0,4866.0,4866.0,4866.0,4866.0,4866.0,4869.0,4869.0,4869.0,4871.0,4871.0,4872.0,4874.0,4874.0,4874.0,4875.0,4876.0,4876.0,4876.0,4876.0,4876.0,4876.0,4877.0,4877.0,4877.0,4877.0,,,,,,,,,4882.0,4883.0,4883.0,4883.0,4883.0,4884.0,4885.0,4886.0,4888.0,4888.0,4889.0,4892.0,4899.0,4900.0,4905.0,4908.0,4913.0,4915.0,4922.0,4924.0,4927.0,4930.0,4936.0,4940.0,4940.0,4940.0,4941.0,4941.0,4941.0,4942.0,4943.0,4944.0,4944.0,4944.0,4944.0,4945.0,4947.0,4947.0,4948.0,4951.0,4951.0,4952.0,4953.0,4953.0,4955.0,4957.0,4958.0,4958.0,4958.0,4960.0,4960.0,4961.0,4963.0,4964.0,4966.0,4968.0,4968.0,4971.0,4972.0,4974.0,4975.0,4975.0,4978.0,4979.0,4979.0,4982.0,4983.0,4985.0,4986.0,4987.0,4987.0,4989.0,4990.0,4991.0,4992.0,4995.0,4995.0,4995.0,4997.0,4997.0,4998.0,4998.0,4998.0,4998.0,4999.0,4999.0,5000.0,5001.0,5004.0,5007.0,5007.0,5008.0,5008.0,5008.0,5008.0,5011.0,5011.0,5012.0,5012.0,5013.0,5013.0,5013.0,5016.0,5020.0,5021.0,5022.0,5022.0,5024.0,5025.0,5025.0,5025.0,5026.0,5029.0,5030.0,5031.0,5033.0,5035.0,5035.0,5035.0,5037.0,5038.0,,5040.0,5040.0,5040.0,5041.0,5041.0,5041.0,5042.0,5042.0,5043.0,5043.0,5043.0,5043.0,5044.0,5046.0,5046.0,5047.0,5048.0,5049.0,5050.0,5050.0,5050.0,5050.0,5050.0,5050.0,5051.0,5051.0,5051.0,5051.0,5051.0,5054.0,5057.0,5057.0,5057.0,5060.0,5062.0,5062.0,5062.0,5063.0,5065.0,5065.0,5066.0,5066.0,5067.0,5069.0,5068.0,5070.0,5074.0,5077.0,5082.0,5085.0,5087.0,5090.0,5092.0,5092.0,5093.0,5094.0,5097.0,5100.0,5102.0,5102.0,5103.0,5103.0,5104.0,5104.0,5104.0,5104.0,5108.0,5109.0,5109.0,5110.0,5112.0,5114.0,5115.0,5120.0,5121.0,5122.0,5125.0,5127.0,5128.0,5130.0,5135.0,5138.0,5139.0,5139.0,5143.0,5143.0,5144.0,5144.0,5144.0,5145.0,5145.0,5145.0,5148.0,5150.0,5151.0,5151.0,5151.0,5153.0,5156.0,5156.0,5157.0,5157.0,5157.0,5157.0,5157.0,5159.0,5160.0,5160.0,5160.0,5160.0,5161.0,5161.0,5163.0,5164
hREEL2D_ckk,4856.0,4857.0,4858.0,4860.0,4866.0,4872.0,4880.0,4885.0,4888.0,4887.0,4888.0,4891.0,4892.0,4895.0,4900.0,4902.0,4903.0,4906.0,4908.0,4909.0,4910.0,4910.0,4912.0,4913.0,4914.0,4914.0,4914.0,4915.0,4919.0,4920.0,4921.0,4922.0,4927.0,4927.0,4930.0,4931.0,4935.0,4935.0,4937.0,4938.0,4941.0,4942.0,4943.0,4945.0,4945.0,4946.0,4947.0,4947.0,4947.0,4947.0,4948.0,4949.0,4949.0,4951.0,4952.0,4952.0,4957.0,4957.0,4959.0,4959.0,4960.0,4962.0,4963.0,4963.0,4967.0,4969.0,4969.0,4970.0,4971.0,4978.0,4979.0,4983.0,4983.0,4984.0,4987.0,4990.0,4991.0,4995.0,4998.0,5000.0,5002.0,5005.0,5007.0,5008.0,5010.0,5012.0,5017.0,5018.0,5020.0,5021.0,5022.0,5022.0,5024.0,5024.0,5025.0,5029.0,5029.0,5031.0,5033.0,5034.0,5035.0,5035.0,5037.0,5038.0,5039.0,5040.0,5042.0,5042.0,5042.0,5043.0,5045.0,5047.0,5051.0,5053.0,5054.0,5054.0,5059.0,5061.0,5061.0,5062.0,5065.0,5066.0,5068.0,5069.0,5073.0,5073.0,5074.0,5074.0,5075.0,5075.0,5078.0,5080.0,5080.0,5081.0,,,,,,,,,5091.0,5091.0,5093.0,5094.0,5094.0,5095.0,5096.0,5096.0,5097.0,5097.0,5098.0,5100.0,5103.0,5106.0,5107.0,5108.0,5108.0,5110.0,5112.0,5113.0,5113.0,5113.0,5113.0,5114.0,5114.0,5116.0,5118.0,5121.0,5121.0,5123.0,5123.0,5123.0,5124.0,5125.0,5125.0,5125.0,5125.0,5127.0,5129.0,5130.0,5132.0,5135.0,5136.0,5136.0,5138.0,5142.0,5144.0,5147.0,5149.0,5150.0,5150.0,5151.0,5152.0,5153.0,5154.0,5154.0,5155.0,5155.0,5158.0,5159.0,5159.0,5161.0,5162.0,5162.0,5163.0,5164.0,5166.0,5167.0,5167.0,5167.0,5167.0,5167.0,5167.0,5169.0,5170.0,5170.0,5171.0,5172.0,5172.0,5177.0,5180.0,5181.0,5182.0,5185.0,5187.0,5187.0,5190.0,5191.0,5194.0,5199.0,5200.0,5202.0,5204.0,5206.0,5208.0,5210.0,5211.0,5211.0,5212.0,5213.0,5215.0,5218.0,5218.0,5225.0,5225.0,5228.0,5229.0,5229.0,5229.0,5229.0,5230.0,5230.0,5231.0,5233.0,5234.0,5235.0,5239.0,5240.0,5241.0,5242.0,5243.0,,5244.0,5249.0,5252.0,5253.0,5256.0,5256.0,5256.0,5259.0,5260.0,5260.0,5263.0,5264.0,5264.0,5265.0,5266.0,5266.0,5267.0,5267.0,5267.0,5268.0,5268.0,5268.0,5268.0,5269.0,5270.0,5271.0,5271.0,5271.0,5272.0,5273.0,5274.0,5275.0,5276.0,5277.0,5278.0,5278.0,5278.0,5278.0,5280.0,5281.0,5282.0,5285.0,5286.0,5288.0,5283.0,5285.0,5288.0,5289.0,5291.0,5292.0,5295.0,5295.0,5295.0,5296.0,5296.0,5296.0,5297.0,5299.0,5299.0,5300.0,5300.0,5301.0,5301.0,5302.0,5302.0,5303.0,5304.0,5304.0,5304.0,5305.0,5306.0,5306.0,5306.0,5307.0,5309.0,5310.0,5310.0,5312.0,5312.0,5312.0,5313.0,5313.0,5313.0,5313.0,5316.0,5318.0,5319.0,5322.0,5325.0,5325.0,5325.0,5326.0,5326.0,5328.0,5328.0,5328.0,5328.0,5329.0,5330.0,5331.0,5331.0,5331.0,5331.0,5331.0,5331.0,5334.0,5334.0,5336.0,5336.0,5338.0,5338.0,5338.0,5340.0,5343
93yCpXOIApQ,2820.0,2820.0,2820.0,2820.0,2820.0,2820.0,2820.0,2820.0,2824.0,2825.0,2826.0,2826.0,2826.0,2826.0,2828.0,2829.0,2829.0,2829.0,2829.0,2829.0,2830.0,2830.0,2830.0,2830.0,2831.0,2831.0,2833.0,2838.0,2838.0,2839.0,2839.0,2841.0,2841.0,2841.0,2841.0,2841.0,2842.0,2843.0,2843.0,2843.0,2843.0,2844.0,2846.0,2847.0,2847.0,2847.0,2849.0,2851.0,2851.0,2851.0,2852.0,2852.0,2852.0,2855.0,2855.0,2855.0,2855.0,2855.0,2855.0,2855.0,2856.0,2856.0,2856.0,2855.0,2856.0,2856.0,2857.0,2857.0,2857.0,2859.0,2859.0,2859.0,2859.0,2862.0,2862.0,2864.0,2864.0,2864.0,2864.0,2864.0,2864.0,2865.0,2865.0,2866.0,2866.0,2866.0,2866.0,2866.0,2866.0,2867.0,2868.0,2868.0,2868.0,2868.0,2870.0,2870.0,2873.0,2873.0,2873.0,2878.0,2881.0,2882.0,2882.0,2882.0,2882.0,2883.0,2885.0,2885.0,2885.0,2887.0,2887.0,2887.0,2888.0,2888.0,2889.0,2891.0,2891.0,2891.0,2891.0,2893.0,2895.0,2898.0,2898.0,2899.0,2900.0,2901.0,2901.0,2901.0,2901.0,2903.0,2903.0,2903.0,2905.0,2905.0,,,,,,,,,2909.0,2909.0,2909.0,2909.0,2910.0,2911.0,2911.0,2911.0,2911.0,2912.0,2912.0,2913.0,2914.0,2914.0,2914.0,2914.0,2915.0,2915.0,2915.0,2915.0,2915.0,2916.0,2917.0,2917.0,2917.0,2917.0,2917.0,2918.0,2918.0,2918.0,2919.0,2919.0,2919.0,2919.0,2919.0,2919.0,2919.0,2919.0,2919.0,2919.0,2920.0,2920.0,2921.0,2921.0,2921.0,2921.0,2921.0,2921.0,2922.0,2923.0,2924.0,2926.0,2926.0,2926.0,2926.0,2926.0,2926.0,2927.0,2927.0,2928.0,2928.0,2928.0,2928.0,2928.0,2928.0,2928.0,2928.0,2928.0,2928.0,2929.0,2929.0,2929.0,2929.0,2929.0,2929.0,2929.0,2929.0,2929.0,2930.0,2931.0,2932.0,2932.0,2932.0,2932.0,2934.0,2937.0,2940.0,2941.0,2942.0,2942.0,2944.0,2944.0,2945.0,2945.0,2946.0,2946.0,2946.0,2946.0,2946.0,2947.0,2947.0,2947.0,2947.0,2948.0,2948.0,2948.0,2949.0,2949.0,2949.0,2949.0,2950.0,2951.0,2953.0,2953.0,2953.0,2953.0,2953.0,2953.0,2953.0,2953.0,2953.0,,2954.0,2954.0,2954.0,2955.0,2955.0,2955.0,2956.0,2956.0,2956.0,2957.0,2959.0,2959.0,2960.0,2960.0,2960.0,2961.0,2961.0,2961.0,2961.0,2961.0,2962.0,2962.0,2963.0,2965.0,2966.0,2967.0,2967.0,2967.0,2967.0,2967.0,2968.0,2969.0,2969.0,2969.0,2970.0,2970.0,2970.0,2972.0,2972.0,2972.0,2972.0,2972.0,2972.0,2972.0,2972.0,2972.0,2973.0,2973.0,2973.0,2973.0,2973.0,2973.0,2973.0,2973.0,2973.0,2974.0,2974.0,2975.0,2975.0,2975.0,2975.0,2975.0,2975.0,2977.0,2979.0,2979.0,2979.0,2979.0,2979.0,2980.0,2981.0,2981.0,2982.0,2982.0,2982.0,2982.0,2982.0,2982.0,2982.0,2982.0,2982.0,2983.0,2984.0,2984.0,2984.0,2985.0,2985.0,2985.0,2985.0,2986.0,2987.0,2989.0,2989.0,2989.0,2990.0,2990.0,2990.0,2990.0,2991.0,2991.0,2991.0,2992.0,2992.0,2993.0,2993.0,2994.0,2994.0,2994.0,2994.0,2995.0,2995.0,2995.0,2995.0,2996
j56iINI7We8,4002688.0,4009968.0,4016803.0,4022430.0,4027977.0,4033618.0,4039488.0,4044103.0,4048731.0,4052727.0,4056338.0,4060495.0,4064824.0,4068875.0,4072712.0,4076308.0,4079609.0,4082472.0,4086001.0,4089350.0,4092913.0,4096796.0,4100634.0,4104094.0,4107138.0,4110865.0,4115212.0,4119167.0,4123334.0,4127558.0,4131106.0,4134046.0,4137776.0,4141600.0,4145299.0,4148417.0,4151503.0,4154448.0,4157291.0,4160820.0,4164177.0,4167056.0,4169966.0,4173156.0,4175849.0,4178375.0,4181185.0,4183953.0,4186703.0,4189123.0,4191391.0,4193549.0,4195403.0,4197347.0,4199598.0,4201822.0,4204088.0,4206202.0,4208076.0,4209979.0,4212186.0,4214459.0,4216770.0,4218982.0,4221181.0,4223172.0,4224978.0,4227019.0,4228585.0,4231507.0,4233973.0,4238422.0,4242783.0,4245880.0,4249592.0,4253142.0,4256388.0,4259566.0,4262513.0,4265039.0,4267587.0,4270619.0,4273833.0,4276850.0,4279414.0,4282009.0,4284202.0,4286215.0,4288665.0,4291108.0,4293682.0,4296252.0,4298647.0,4300848.0,4302789.0,4305103.0,4307311.0,4309681.0,4312134.0,4314497.0,4318521.0,4321452.0,4324989.0,4328064.0,4331075.0,4334389.0,4337313.0,4340035.0,4342425.0,4345281.0,4347900.0,4350579.0,4353273.0,4355858.0,4358029.0,4360223.0,4362703.0,4365061.0,4367392.0,4369579.0,4371764.0,4373595.0,4375451.0,4377546.0,4379967.0,4382246.0,4384403.0,4386544.0,4389239.0,4391112.0,4393215.0,4395929.0,4398505.0,4400698.0,,,,,,,,,4421111.0,4423073.0,4425417.0,4428154.0,4430819.0,4433335.0,4436119.0,4438605.0,4441116.0,4444017.0,4446985.0,4450438.0,4453622.0,4459053.0,4463682.0,4468255.0,4473505.0,4479395.0,4484443.0,4488282.0,4491503.0,4494124.0,4496417.0,4499258.0,4501950.0,4504645.0,4507391.0,4510048.0,4512170.0,4514098.0,4516343.0,4518746.0,4521092.0,4523525.0,4525766.0,4527653.0,4529409.0,4531447.0,4533671.0,4535757.0,4538193.0,4540116.0,4542073.0,4543929.0,4546127.0,4548303.0,4550134.0,4552318.0,4554403.0,4556064.0,4557607.0,4559341.0,4561363.0,4563201.0,4564958.0,4566839.0,4568187.0,4569464.0,4571169.0,4572727.0,4574712.0,4576318.0,4577953.0,4579462.0,4580802.0,4582380.0,4583947.0,4585339.0,4586604.0,4587908.0,4589402.0,4590896.0,4592742.0,4594440.0,4596125.0,4598035.0,4599953.0,4601514.0,4603002.0,4604773.0,4606468.0,4608039.0,4609626.0,4611445.0,4612739.0,4614220.0,4615788.0,4617453.0,4619049.0,4620612.0,4622227.0,4623713.0,4624955.0,4626392.0,4627859.0,4629249.0,4630765.0,4632266.0,4633898.0,4635174.0,4636765.0,4638449.0,4640019.0,4641642.0,4643193.0,4644660.0,4645777.0,4647251.0,4648866.0,4650480.0,4652047.0,4653608.0,4655014.0,4656230.0,4657617.0,4658923.0,4660325.0,4661904.0,4663375.0,4664714.0,4665906.0,,4669112.0,4670909.0,4672646.0,4674341.0,4676110.0,4678100.0,4680206.0,4681826.0,4683711.0,4685599.0,4687516.0,4689047.0,4690476.0,4692186.0,4693665.0,4695260.0,4696954.0,4698514.0,4699973.0,4701240.0,4702667.0,4704099.0,4705591.0,4706948.0,4708346.0,4709644.0,4710790.0,4712070.0,4713616.0,4714977.0,4716306.0,4717636.0,4718753.0,4719928.0,4721288.0,4722548.0,4724113.0,4725538.0,4726960.0,4728109.0,4729142.0,4730217.0,4731552.0,4732691.0,4733933.0,4735075.0,4736062.0,4736857.0,4737795.0,4738647.0,4739546.0,4740585.0,4741639.0,4742518.0,4743403.0,4744463.0,4745422.0,4746619.0,4747813.0,4748803.0,4749663.0,4750431.0,4751433.0,4752410.0,4753691.0,4754706.0,4755586.0,4756342.0,4757046.0,4757989.0,4758965.0,4760070.0,4761101.0,4762164.0,4763075.0,4763975.0,4765011.0,4766132.0,4767252.0,4768486.0,4769764.0,4770847.0,4771780.0,4772965.0,4774200.0,4775286.0,4776607.0,4777845.0,4778868.0,4779824.0,4780999.0,4782093.0,4783115.0,4784333.0,4785591.0,4786769.0,4787670.0,4788727.0,4789890.0,4791018.0,4792285.0,4793371.0,4794424.0,4795452.0,4796646.0,4797800.0,4799060.0,4800388.0,4801567.0,4802623.0,4803630.0,4804763.0,4805931.0,4807219
kYYUv9OB9dY,1582530.0,1583499.0,1584276.0,1585042.0,1585922.0,1586784.0,1587629.0,1588310.0,1588983.0,1589536.0,1590126.0,1590763.0,1591393.0,1592079.0,1592581.0,1593104.0,1593662.0,1594099.0,1594523.0,1595034.0,1595531.0,1596017.0,1596427.0,1596864.0,1597249.0,1597741.0,1598212.0,1598795.0,1599327.0,1599882.0,1600265.0,1600708.0,1601196.0,1601620.0,1602118.0,1602504.0,1602845.0,1603191.0,1603482.0,1603858.0,1604282.0,1604606.0,1604971.0,1605360.0,1605727.0,1606072.0,1606507.0,1606908.0,1607249.0,1607562.0,1607941.0,1608225.0,1608437.0,1608737.0,1609025.0,1609318.0,1609681.0,1610022.0,1610330.0,1610596.0,1610910.0,1611288.0,1611661.0,1612029.0,1612372.0,1612694.0,1612911.0,1613184.0,1613481.0,1613861.0,1614233.0,1615055.0,1615930.0,1616715.0,1617579.0,1618347.0,1619045.0,1619740.0,1620375.0,1620889.0,1621405.0,1622063.0,1622860.0,1623552.0,1624201.0,1624801.0,1625216.0,1625734.0,1626282.0,1626926.0,1627513.0,1628111.0,1628565.0,1629002.0,1629358.0,1629825.0,1630279.0,1630765.0,1631244.0,1631722.0,1632225.0,1632639.0,1633046.0,1633507.0,1633971.0,1634508.0,1634940.0,1635317.0,1635716.0,1636122.0,1636509.0,1636887.0,1637260.0,1637664.0,1637985.0,1638290.0,1638738.0,1639093.0,1639523.0,1639918.0,1640246.0,1640527.0,1640820.0,1641196.0,1641549.0,1641858.0,1642194.0,1642537.0,1642921.0,1643152.0,1643466.0,1643792.0,1644072.0,1644341.0,,,,,,,,,1646579.0,1646758.0,1647035.0,1647323.0,1647591.0,1647881.0,1648146.0,1648374.0,1648577.0,1648817.0,1649072.0,1649363.0,1649625.0,1650408.0,1651147.0,1651791.0,1652453.0,1653259.0,1653940.0,1654625.0,1655121.0,1655528.0,1655885.0,1656340.0,1656832.0,1657282.0,1657739.0,1658122.0,1658441.0,1658737.0,1659086.0,1659423.0,1659805.0,1660164.0,1660596.0,1660923.0,1661252.0,1661675.0,1662080.0,1662563.0,1662981.0,1663268.0,1663626.0,1663944.0,1664359.0,1664760.0,1665113.0,1665459.0,1665892.0,1666229.0,1666501.0,1666872.0,1667305.0,1667621.0,1667950.0,1668285.0,1668570.0,1668819.0,1669149.0,1669473.0,1669725.0,1670039.0,1670359.0,1670596.0,1670836.0,1671085.0,1671315.0,1671533.0,1671780.0,1672097.0,1672388.0,1672752.0,1673097.0,1673480.0,1673892.0,1674322.0,1674761.0,1675136.0,1675425.0,1675827.0,1676230.0,1676605.0,1676987.0,1677423.0,1677760.0,1678069.0,1678451.0,1678884.0,1679283.0,1679604.0,1679983.0,1680362.0,1680656.0,1681015.0,1681364.0,1681720.0,1682052.0,1682387.0,1682797.0,1683088.0,1683430.0,1683870.0,1684238.0,1684617.0,1684970.0,1685328.0,1685604.0,1685956.0,1686277.0,1686644.0,1686954.0,1687335.0,1687698.0,1687935.0,1688270.0,1688623.0,1689012.0,1689322.0,1689703.0,1690029.0,1690300.0,,1691052.0,1691516.0,1692008.0,1692530.0,1693030.0,1693558.0,1694159.0,1694641.0,1695176.0,1695758.0,1696328.0,1696816.0,1697184.0,1697748.0,1698251.0,1698756.0,1699198.0,1699627.0,1700074.0,1700400.0,1700786.0,1701224.0,1701618.0,1701952.0,1702315.0,1702602.0,1702913.0,1703246.0,1703581.0,1703967.0,1704316.0,1704679.0,1704991.0,1705257.0,1705584.0,1705973.0,1706305.0,1706659.0,1706996.0,1707313.0,1707595.0,1707897.0,1708152.0,1708479.0,1708789.0,1709049.0,1709307.0,1709510.0,1709712.0,1709884.0,1710078.0,1710282.0,1710513.0,1710736.0,1710950.0,1711207.0,1711426.0,1711711.0,1711984.0,1712244.0,1712440.0,1712634.0,1712874.0,1713116.0,1713400.0,1713666.0,1713873.0,1714060.0,1714235.0,1714432.0,1714706.0,1714999.0,1715245.0,1715510.0,1715742.0,1715935.0,1716190.0,1716464.0,1716721.0,1717007.0,1717262.0,1717481.0,1717690.0,1717960.0,1718246.0,1718517.0,1718821.0,1719153.0,1719370.0,1719597.0,1719884.0,1720144.0,1720459.0,1720708.0,1720961.0,1721214.0,1721414.0,1721678.0,1721923.0,1722165.0,1722412.0,1722702.0,1722926.0,1723072.0,1723381.0,1723648.0,1723921.0,1724230.0,1724507.0,1724762.0,1724953.0,1725191.0,1725479.0,1725741
Dl-kLU0-wIA,19427.0,19428.0,19431.0,19435.0,19437.0,19440.0,19441.0,19443.0,19444.0,19446.0,19447.0,19449.0,19451.0,19453.0,19455.0,19456.0,19459.0,19463.0,19465.0,19468.0,19470.0,19476.0,19477.0,19478.0,19481.0,19481.0,19482.0,19483.0,19484.0,19485.0,19485.0,19487.0,19487.0,19489.0,19490.0,19491.0,19494.0,19496.0,19497.0,19499.0,19500.0,19504.0,19505.0,19505.0,19508.0,19511.0,19513.0,19515.0,19517.0,19520.0,19521.0,19524.0,19527.0,19527.0,19530.0,19531.0,19531.0,19533.0,19535.0,19536.0,19538.0,19541.0,19542.0,19543.0,19543.0,19547.0,19548.0,19549.0,19552.0,19555.0,19556.0,19557.0,19559.0,19567.0,19571.0,19573.0,19573.0,19574.0,19577.0,19582.0,19585.0,19588.0,19589.0,19591.0,19594.0,19594.0,19596.0,19597.0,19599.0,19602.0,19606.0,19607.0,19606.0,19610.0,19611.0,19612.0,19613.0,19615.0,19616.0,19616.0,19617.0,19621.0,19621.0,19621.0,19622.0,19622.0,19623.0,19624.0,19625.0,19629.0,19632.0,19635.0,19639.0,19641.0,19642.0,19643.0,19645.0,19647.0,19649.0,19650.0,19653.0,19654.0,19654.0,19655.0,19655.0,19658.0,19660.0,19662.0,19664.0,19668.0,19668.0,19670.0,19672.0,19674.0,,,,,,,,,19686.0,19687.0,19688.0,19691.0,19694.0,19695.0,19700.0,19700.0,19703.0,19703.0,19703.0,19703.0,19704.0,19704.0,19705.0,19705.0,19705.0,19705.0,19705.0,19705.0,19706.0,19706.0,19706.0,19707.0,19708.0,19708.0,19708.0,19710.0,19712.0,19712.0,19712.0,19712.0,19714.0,19716.0,19718.0,19718.0,19719.0,19722.0,19722.0,19722.0,19722.0,19723.0,19723.0,19723.0,19724.0,19725.0,19725.0,19725.0,19725.0,19726.0,19729.0,19730.0,19731.0,19731.0,19731.0,19731.0,19731.0,19731.0,19731.0,19731.0,19731.0,19733.0,19734.0,19734.0,19735.0,19736.0,19736.0,19738.0,19738.0,19741.0,19743.0,19745.0,19746.0,19746.0,19747.0,19747.0,19748.0,19750.0,19750.0,19752.0,19752.0,19753.0,19754.0,19756.0,19757.0,19758.0,19761.0,19761.0,19762.0,19765.0,19766.0,19768.0,19769.0,19769.0,19771.0,19771.0,19772.0,19773.0,19773.0,19776.0,19777.0,19780.0,19783.0,19787.0,19789.0,19792.0,19793.0,19794.0,19795.0,19797.0,19797.0,19801.0,19801.0,19802.0,19802.0,19804.0,19805.0,19806.0,19806.0,19811.0,19814.0,,19814.0,19815.0,19818.0,19819.0,19820.0,19821.0,19825.0,19830.0,19832.0,19838.0,19846.0,19855.0,19855.0,19858.0,19859.0,19861.0,19862.0,19865.0,19866.0,19867.0,19868.0,19870.0,19872.0,19872.0,19874.0,19875.0,19876.0,19880.0,19884.0,19886.0,19888.0,19889.0,19890.0,19892.0,19898.0,19902.0,19903.0,19905.0,19910.0,19913.0,19915.0,19916.0,19919.0,19920.0,19922.0,19923.0,19925.0,19928.0,19931.0,19932.0,19934.0,19935.0,19937.0,19937.0,19939.0,19940.0,19940.0,19945.0,19948.0,19949.0,19952.0,19955.0,19958.0,19961.0,19963.0,19964.0,19966.0,19966.0,19967.0,19968.0,19969.0,19972.0,19975.0,19975.0,19975.0,19976.0,19977.0,19980.0,19981.0,19981.0,19983.0,19984.0,19985.0,19986.0,19987.0,19988.0,19989.0,19991.0,19991.0,19992.0,19994.0,19994.0,19997.0,19997.0,19997.0,19998.0,20001.0,20001.0,20001.0,20002.0,20004.0,20004.0,20006.0,20008.0,20010.0,20010.0,20013.0,20014.0,20014.0,20016.0,20020.0,20021.0,20021.0,20023
S9EQvgy8hRo,5083186.0,5090117.0,5096695.0,5102062.0,5108262.0,5114571.0,5121240.0,5126402.0,5131472.0,5135981.0,5139995.0,5144764.0,5149725.0,5154933.0,5159505.0,5163619.0,5167400.0,5170521.0,5174437.0,5178405.0,5182424.0,5186825.0,5191075.0,5194725.0,5198156.0,5202372.0,5206623.0,5210982.0,5215350.0,5219485.0,5222950.0,5226136.0,5229952.0,5233718.0,5237417.0,5240540.0,5243773.0,5246820.0,5249680.0,5253288.0,5256996.0,5260323.0,5263722.0,5267381.0,5270779.0,5274031.0,5277894.0,5281741.0,5285326.0,5288282.0,5291136.0,5293876.0,5296211.0,5298589.0,5301643.0,5304569.0,5307473.0,5310317.0,5312871.0,5315195.0,5318066.0,5321208.0,5324251.0,5327238.0,5329999.0,5332368.0,5334587.0,5337051.0,5339180.0,5342378.0,5345656.0,5352882.0,5359039.0,5363226.0,5367791.0,5372308.0,5376359.0,5380243.0,5383819.0,5387208.0,5390323.0,5393863.0,5397524.0,5401020.0,5404503.0,5407963.0,5411032.0,5413730.0,5417099.0,5420243.0,5423572.0,5426778.0,5429777.0,5432459.0,5434942.0,5437553.0,5440090.0,5442579.0,5445141.0,5447833.0,5453631.0,5458302.0,5463234.0,5467192.0,5470849.0,5474527.0,5478098.0,5481115.0,5484023.0,5487544.0,5491064.0,5494543.0,5497900.0,5501110.0,5503804.0,5506069.0,5508857.0,5511418.0,5514160.0,5516815.0,5519824.0,5522136.0,5524352.0,5526764.0,5529683.0,5532332.0,5534976.0,5537636.0,5542007.0,5545220.0,5548475.0,5551937.0,5555172.0,5558028.0,,,,,,,,,5581980.0,5584040.0,5586627.0,5589148.0,5591776.0,5594367.0,5596966.0,5599113.0,5601103.0,5603651.0,5605879.0,5608386.0,5610873.0,5614592.0,5618556.0,5621603.0,5625486.0,5630109.0,5634043.0,5637624.0,5640839.0,5643567.0,5645999.0,5648806.0,5651567.0,5654313.0,5657163.0,5659765.0,5661996.0,5664102.0,5666463.0,5669080.0,5671707.0,5674381.0,5677034.0,5679325.0,5681481.0,5684096.0,5686881.0,5689546.0,5692135.0,5694163.0,5696399.0,5698426.0,5700942.0,5703385.0,5705719.0,5708342.0,5710957.0,5712960.0,5714631.0,5716791.0,5719104.0,5721293.0,5723293.0,5725367.0,5726946.0,5728481.0,5730366.0,5732081.0,5734417.0,5736219.0,5738199.0,5739759.0,5741173.0,5742930.0,5744731.0,5746330.0,5748051.0,5749848.0,5751678.0,5753551.0,5755669.0,5757716.0,5759889.0,5761877.0,5764184.0,5765932.0,5767556.0,5769520.0,5771557.0,5773346.0,5775031.0,5777196.0,5778878.0,5780567.0,5782517.0,5784509.0,5786410.0,5788320.0,5790391.0,5791919.0,5793418.0,5795286.0,5797171.0,5799107.0,5800910.0,5802784.0,5804824.0,5806466.0,5808425.0,5810538.0,5812457.0,5814317.0,5816410.0,5818034.0,5819478.0,5821288.0,5823246.0,5825140.0,5827020.0,5828933.0,5830596.0,5832079.0,5833822.0,5835564.0,5837526.0,5839414.0,5841379.0,5843181.0,5844749.0,,5848832.0,5851062.0,5853195.0,5855374.0,5857729.0,5860036.0,5862597.0,5864707.0,5867019.0,5869377.0,5871774.0,5873824.0,5875725.0,5878023.0,5880171.0,5882285.0,5884489.0,5886629.0,5888483.0,5890044.0,5891895.0,5893758.0,5895593.0,5897381.0,5899153.0,5900634.0,5901942.0,5903593.0,5905384.0,5907025.0,5908719.0,5910311.0,5911693.0,5912927.0,5914531.0,5916215.0,5917838.0,5919523.0,5921115.0,5922540.0,5923802.0,5925163.0,5926730.0,5928066.0,5929400.0,5930957.0,5932141.0,5933361.0,5934430.0,5935269.0,5936312.0,5937481.0,5938660.0,5939636.0,5940652.0,5941787.0,5943009.0,5944426.0,5945654.0,5946760.0,5947905.0,5948853.0,5950051.0,5951400.0,5952795.0,5954092.0,5955301.0,5956375.0,5957306.0,5958389.0,5959682.0,5960950.0,5962276.0,5963606.0,5964677.0,5965738.0,5967066.0,5968351.0,5969792.0,5971241.0,5972690.0,5973882.0,5974961.0,5976290.0,5977868.0,5979410.0,5981090.0,5982598.0,5983918.0,5985134.0,5986683.0,5988120.0,5989763.0,5991324.0,5993031.0,5994832.0,5996430.0,5998440.0,6000817.0,6002248.0,6003460.0,6004848.0,6006035.0,6007064.0,6008383.0,6009671.0,6011115.0,6012540.0,6013893.0,6015007.0,6016063.0,6017519.0,6018862.0,6020321
EUsUqd20c_k,8212032.0,8212653.0,8213293.0,8214011.0,8214663.0,8215371.0,8215960.0,8216605.0,8217331.0,8218062.0,8218838.0,8219593.0,8220325.0,8221115.0,8221815.0,8222360.0,8222921.0,8223471.0,8224009.0,8224547.0,8225042.0,8225618.0,8226271.0,8226876.0,8227438.0,8228030.0,8228582.0,8229100.0,8229696.0,8230290.0,8230916.0,8231450.0,8232005.0,8232495.0,8233019.0,8233599.0,8234231.0,8234879.0,8235520.0,8236094.0,8236715.0,8237206.0,8237784.0,8238336.0,8238997.0,8239479.0,8240042.0,8240587.0,8241083.0,8241601.0,8242136.0,8242658.0,8243204.0,8243752.0,8244298.0,8244923.0,8245615.0,8246248.0,8246961.0,8247622.0,8248295.0,8248929.0,8249615.0,8250241.0,8250877.0,8251460.0,8252017.0,8252567.0,8253111.0,8253822.0,8254425.0,8255001.0,8255596.0,8256181.0,8256753.0,8257425.0,8258052.0,8258694.0,8259322.0,8259870.0,8260410.0,8260957.0,8261529.0,8262095.0,8262609.0,8263091.0,8263633.0,8264151.0,8264759.0,8265286.0,8265803.0,8266266.0,8266846.0,8267406.0,8267938.0,8268570.0,8269174.0,8269710.0,8270212.0,8270649.0,8271067.0,8271531.0,8271943.0,8272374.0,8272846.0,8273277.0,8273647.0,8274029.0,8274398.0,8274833.0,8275243.0,8275641.0,8276000.0,8276369.0,8276787.0,8277196.0,8277575.0,8277957.0,8278307.0,8278679.0,8279106.0,8279502.0,8279887.0,8280272.0,8280657.0,8281076.0,8281498.0,8281925.0,8282303.0,8282730.0,8283143.0,8283548.0,8283921.0,8284398.0,,,,,,,,,8288221.0,8288651.0,8289048.0,8289541.0,8289981.0,8290387.0,8290778.0,8291161.0,8291652.0,8292047.0,8292509.0,8293013.0,8293511.0,8294036.0,8294566.0,8295066.0,8295580.0,8296092.0,8296505.0,8297005.0,8297464.0,8297914.0,8298350.0,8298808.0,8299261.0,8299705.0,8300119.0,8300557.0,8300921.0,8301304.0,8301669.0,8302064.0,8302444.0,8302855.0,8303218.0,8303618.0,8303984.0,8304399.0,8304805.0,8305250.0,8305680.0,8306041.0,8306441.0,8306810.0,8307200.0,8307638.0,8308020.0,8308422.0,8308864.0,8309218.0,8309589.0,8309979.0,8310358.0,8310747.0,8311216.0,8311657.0,8312061.0,8312457.0,8312847.0,8313287.0,8313686.0,8314088.0,8314473.0,8314880.0,8315272.0,8315680.0,8316172.0,8316594.0,8316978.0,8317325.0,8317699.0,8318140.0,8318580.0,8318978.0,8319445.0,8319844.0,8320340.0,8320756.0,8321188.0,8321651.0,8322092.0,8322513.0,8322992.0,8323490.0,8323904.0,8324338.0,8324708.0,8325118.0,8325544.0,8325945.0,8326318.0,8326697.0,8327150.0,8327551.0,8327963.0,8328453.0,8328953.0,8329364.0,8329744.0,8330177.0,8330634.0,8331104.0,8331557.0,8332018.0,8332452.0,8332929.0,8333359.0,8333879.0,8334336.0,8334772.0,8335206.0,8335759.0,8336175.0,8336675.0,8337128.0,8337572.0,8338075.0,8338601.0,8339122.0,8339608.0,8340092.0,,8341173.0,8341701.0,8342247.0,8342730.0,8343266.0,8343741.0,8344238.0,8344709.0,8345137.0,8345621.0,8346107.0,8346553.0,8347022.0,8347576.0,8348078.0,8348531.0,8348974.0,8349415.0,8349899.0,8350367.0,8350772.0,8351195.0,8351636.0,8352116.0,8352551.0,8352977.0,8353371.0,8353778.0,8354238.0,8354713.0,8355238.0,8355689.0,8356204.0,8356651.0,8357102.0,8357570.0,8358080.0,8358616.0,8360292.0,8363485.0,8365624.0,8367289.0,8368980.0,8370557.0,8371961.0,8373136.0,8374167.0,8375065.0,8376020.0,8376822.0,8377541.0,8378304.0,8379037.0,8379835.0,8380609.0,8381338.0,8382026.0,8382631.0,8383266.0,8383860.0,8384432.0,8385065.0,8385587.0,8386137.0,8386646.0,8387146.0,8387638.0,8388105.0,8388517.0,8388958.0,8389404.0,8389870.0,8390316.0,8390770.0,8391318.0,8391741.0,8392214.0,8392675.0,8393111.0,8393498.0,8393940.0,8394409.0,8394813.0,8395262.0,8395726.0,8396163.0,8396597.0,8397021.0,8397463.0,8397916.0,8398368.0,8398786.0,8399209.0,8399611.0,8400023.0,8400419.0,8400806.0,8401200.0,8401620.0,8402034.0,8402602.0,8403143.0,8403635.0,8404088.0,8404551.0,8404967.0,8405386.0,8405758.0,8406103.0,8406451.0,8406818.0,8407209.0,8407614.0,8408009
CCODvb5wGLc,314717.0,314762.0,314833.0,314881.0,314936.0,314992.0,315039.0,315086.0,315120.0,315165.0,315220.0,315273.0,315316.0,315354.0,315400.0,315438.0,315488.0,315534.0,315568.0,315612.0,315651.0,315694.0,315748.0,315774.0,315821.0,315873.0,315922.0,315969.0,316012.0,316056.0,316104.0,316156.0,316193.0,316217.0,316266.0,316318.0,316367.0,316404.0,316448.0,316487.0,316539.0,316577.0,316612.0,316663.0,316721.0,316754.0,316802.0,316836.0,316893.0,316938.0,316974.0,317041.0,317087.0,317126.0,317179.0,317243.0,317279.0,317324.0,317362.0,317397.0,317445.0,317486.0,317536.0,317588.0,317636.0,317664.0,317711.0,317768.0,317803.0,317848.0,317905.0,317956.0,318021.0,318061.0,318132.0,318177.0,318232.0,318289.0,318328.0,318374.0,318441.0,318493.0,318552.0,318620.0,318682.0,318759.0,318828.0,318909.0,318974.0,319041.0,319113.0,319191.0,319328.0,319435.0,319511.0,319578.0,319657.0,319715.0,319745.0,319801.0,319868.0,319927.0,319972.0,320025.0,320055.0,320102.0,320143.0,320200.0,320247.0,320284.0,320327.0,320362.0,320399.0,320437.0,320492.0,320529.0,320577.0,320611.0,320643.0,320676.0,320725.0,320765.0,320802.0,320828.0,320866.0,320912.0,320943.0,320981.0,321026.0,321098.0,321163.0,321234.0,321279.0,321323.0,,,,,,,,,321626.0,321663.0,321709.0,321746.0,321786.0,321825.0,321851.0,321882.0,321902.0,321919.0,321953.0,321986.0,322027.0,322067.0,322112.0,322146.0,322182.0,322217.0,322248.0,322296.0,322326.0,322353.0,322391.0,322414.0,322452.0,322480.0,322513.0,322534.0,322560.0,322587.0,322621.0,322665.0,322689.0,322720.0,322768.0,322793.0,322835.0,322863.0,322884.0,322918.0,322944.0,323005.0,323073.0,323145.0,323190.0,323240.0,323274.0,323300.0,323336.0,323365.0,323388.0,323408.0,323429.0,323470.0,323494.0,323509.0,323532.0,323558.0,323579.0,323601.0,323628.0,323652.0,323698.0,323728.0,323755.0,323785.0,323806.0,323840.0,323871.0,323904.0,323923.0,323950.0,323986.0,324023.0,324062.0,324180.0,324218.0,324259.0,324291.0,324320.0,324344.0,324365.0,324385.0,324420.0,324440.0,324468.0,324486.0,324519.0,324532.0,324559.0,324587.0,324612.0,324649.0,324675.0,324696.0,324723.0,324741.0,324765.0,324783.0,324801.0,324826.0,324839.0,324857.0,324871.0,324897.0,324918.0,324941.0,325002.0,325031.0,325068.0,325102.0,325127.0,325149.0,325183.0,325210.0,325226.0,325253.0,325279.0,325307.0,325333.0,325360.0,,325420.0,325450.0,325468.0,325488.0,325521.0,325545.0,325571.0,325591.0,325612.0,325630.0,325667.0,325698.0,325736.0,325768.0,325801.0,325831.0,325919.0,325968.0,325994.0,326034.0,326060.0,326100.0,326133.0,326168.0,326200.0,326220.0,326255.0,326285.0,326307.0,326329.0,326363.0,326386.0,326410.0,326434.0,326452.0,326478.0,326505.0,326534.0,326576.0,326611.0,326642.0,326661.0,326689.0,326717.0,326738.0,326766.0,326790.0,326820.0,326851.0,326888.0,326907.0,326942.0,326969.0,326997.0,327020.0,327062.0,327092.0,327120.0,327153.0,327191.0,327206.0,327239.0,327263.0,327299.0,327334.0,327359.0,327389.0,327414.0,327439.0,327628.0,327825.0,327860.0,327884.0,327913.0,327938.0,327960.0,327985.0,328009.0,328052.0,328078.0,328115.0,328159.0,328205.0,328234.0,328288.0,328330.0,328390.0,328421.0,328454.0,328483.0,328518.0,328560.0,328590.0,328628.0,328679.0,328716.0,328757.0,328803.0,328845.0,328893.0,328947.0,328973.0,329001.0,329025.0,329052.0,329086.0,329118.0,329150.0,329187.0,329217.0,329252.0,329299.0,329350.0,329388
jSt7hMdkMlE,96326.0,96471.0,96620.0,96756.0,96878.0,96983.0,97084.0,97203.0,97300.0,97391.0,97504.0,97588.0,97670.0,97734.0,97804.0,97873.0,97965.0,98038.0,98111.0,98182.0,98233.0,98311.0,98363.0,98435.0,98499.0,98558.0,98615.0,98667.0,98721.0,98771.0,98809.0,98857.0,98905.0,98963.0,99003.0,99057.0,99110.0,99135.0,99161.0,99205.0,99249.0,99302.0,99339.0,99385.0,99426.0,99459.0,99512.0,99548.0,99586.0,99644.0,99703.0,99740.0,99778.0,99822.0,99860.0,99908.0,99976.0,100032.0,100069.0,100100.0,100144.0,100189.0,100226.0,100265.0,100311.0,100369.0,100413.0,100442.0,100465.0,100492.0,100521.0,100552.0,100602.0,100630.0,100667.0,100730.0,100779.0,100823.0,100871.0,100912.0,100967.0,101016.0,101070.0,101217.0,101663.0,102443.0,103034.0,103512.0,104225.0,104992.0,105983.0,107129.0,108131.0,108851.0,109477.0,110034.0,110452.0,110982.0,111460.0,111947.0,112413.0,112840.0,113305.0,113778.0,114308.0,114732.0,115203.0,115686.0,116148.0,116576.0,116986.0,117475.0,117849.0,118234.0,118592.0,119104.0,119520.0,119884.0,120236.0,120539.0,120885.0,121203.0,121551.0,121948.0,122327.0,122666.0,123139.0,123685.0,124140.0,124527.0,124906.0,125431.0,125921.0,126343.0,,,,,,,,,128883.0,129098.0,129332.0,129510.0,129676.0,129840.0,130009.0,130171.0,130334.0,130505.0,130656.0,130797.0,130958.0,131147.0,131300.0,131426.0,131581.0,131736.0,131875.0,131999.0,132116.0,132264.0,132381.0,132520.0,132642.0,132792.0,132913.0,133059.0,133179.0,133307.0,133445.0,133629.0,133803.0,133976.0,134121.0,134279.0,134425.0,134614.0,134858.0,135083.0,135330.0,135660.0,136154.0,136538.0,136774.0,136974.0,137180.0,137318.0,137478.0,137611.0,137706.0,137840.0,137935.0,138043.0,138149.0,138291.0,138385.0,138459.0,138548.0,138655.0,138755.0,138828.0,138913.0,138993.0,139073.0,139166.0,139242.0,139327.0,139389.0,139441.0,139505.0,139566.0,139641.0,139702.0,139765.0,139837.0,139896.0,139951.0,139998.0,140057.0,140099.0,140152.0,140219.0,140275.0,140328.0,140373.0,140433.0,140473.0,140519.0,140574.0,140610.0,140651.0,140678.0,140718.0,140751.0,140818.0,140859.0,140898.0,140938.0,140993.0,141033.0,141062.0,141111.0,141172.0,141224.0,141257.0,141294.0,141336.0,141384.0,141427.0,141480.0,141531.0,141599.0,141637.0,141684.0,141726.0,141781.0,141854.0,141895.0,141936.0,141985.0,,142066.0,142138.0,142218.0,142245.0,142280.0,142315.0,142360.0,142404.0,142440.0,142490.0,142534.0,142579.0,142632.0,142675.0,142722.0,142765.0,142808.0,142873.0,142909.0,142943.0,142999.0,143042.0,143086.0,143152.0,143193.0,143245.0,143279.0,143324.0,143373.0,143422.0,143463.0,143496.0,143543.0,143584.0,143636.0,143696.0,143762.0,143818.0,143883.0,143921.0,143961.0,144006.0,144045.0,144116.0,144165.0,144210.0,144262.0,144306.0,144355.0,144411.0,144493.0,144568.0,144629.0,144688.0,144736.0,144797.0,144859.0,144906.0,144949.0,145012.0,145055.0,145110.0,145152.0,145194.0,145258.0,145309.0,145381.0,145468.0,145534.0,145593.0,145655.0,145710.0,145772.0,145834.0,145887.0,145933.0,145988.0,146046.0,146100.0,146145.0,146213.0,146267.0,146332.0,146419.0,146495.0,146570.0,146622.0,146676.0,146725.0,146763.0,146818.0,146869.0,146910.0,146979.0,147042.0,147091.0,147138.0,147197.0,147245.0,147292.0,147336.0,147375.0,147410.0,147443.0,147483.0,147534.0,147605.0,147657.0,147716.0,147765.0,147806.0,147842.0,147899.0,147940
Ks0u03rP3sA,1272646.0,1272782.0,1272958.0,1273112.0,1273332.0,1273533.0,1273768.0,1274020.0,1274233.0,1274469.0,1274717.0,1274886.0,1275092.0,1275268.0,1275490.0,1275694.0,1275878.0,1276064.0,1276235.0,1276388.0,1276572.0,1276758.0,1276926.0,1277092.0,1277224.0,1277388.0,1277594.0,1277730.0,1277865.0,1278037.0,1278177.0,1278351.0,1278492.0,1278645.0,1278774.0,1278969.0,1279199.0,1279415.0,1279634.0,1279853.0,1280103.0,1280340.0,1280543.0,1280734.0,1280947.0,1281190.0,1281429.0,1281657.0,1281883.0,1282081.0,1282316.0,1282526.0,1282709.0,1282892.0,1283090.0,1283321.0,1283500.0,1283719.0,1283939.0,1284189.0,1284397.0,1284644.0,1284881.0,1285073.0,1285317.0,1285473.0,1285617.0,1285772.0,1285907.0,1286098.0,1286287.0,1286458.0,1286646.0,1286794.0,1286952.0,1287083.0,1287242.0,1287406.0,1287560.0,1287787.0,1287926.0,1288062.0,1288182.0,1288298.0,1288425.0,1288575.0,1288700.0,1288845.0,1288981.0,1289096.0,1289253.0,1289414.0,1289555.0,1289704.0,1289852.0,1290006.0,1290127.0,1290258.0,1290407.0,1290547.0,1290688.0,1290807.0,1290938.0,1291066.0,1291170.0,1291268.0,1291395.0,1291525.0,1291656.0,1291780.0,1291908.0,1292071.0,1292224.0,1292368.0,1292555.0,1292690.0,1292829.0,1292948.0,1293081.0,1293217.0,1293357.0,1293484.0,1293574.0,1293665.0,1293758.0,1293857.0,1293968.0,1294059.0,1294158.0,1294256.0,1294341.0,1294443.0,1294529.0,1294644.0,,,,,,,,,1295638.0,1295747.0,1295844.0,1295997.0,1296107.0,1296209.0,1296334.0,1296458.0,1296561.0,1296681.0,1296792.0,1296886.0,1297021.0,1297132.0,1297218.0,1297338.0,1297426.0,1297531.0,1297627.0,1297720.0,1297815.0,1297913.0,1298001.0,1298129.0,1298250.0,1298337.0,1298470.0,1298601.0,1298710.0,1298859.0,1298965.0,1299070.0,1299194.0,1299306.0,1299378.0,1299476.0,1299575.0,1299689.0,1299824.0,1299932.0,1300031.0,1300156.0,1300255.0,1300346.0,1300466.0,1300598.0,1300719.0,1300842.0,1300994.0,1301126.0,1301237.0,1301350.0,1301469.0,1301576.0,1301689.0,1301804.0,1301897.0,1301970.0,1302056.0,1302146.0,1302272.0,1302363.0,1302439.0,1302517.0,1302596.0,1302698.0,1302808.0,1302914.0,1302981.0,1303069.0,1303166.0,1303280.0,1303406.0,1303561.0,1303641.0,1303744.0,1303846.0,1303952.0,1304062.0,1304154.0,1304260.0,1304358.0,1304465.0,1304565.0,1304697.0,1304817.0,1304924.0,1305020.0,1305139.0,1305248.0,1305360.0,1305460.0,1305560.0,1305674.0,1305775.0,1305891.0,1306010.0,1306137.0,1306261.0,1306372.0,1306497.0,1306603.0,1306727.0,1306848.0,1306961.0,1307067.0,1307185.0,1307313.0,1307408.0,1307542.0,1307695.0,1307828.0,1307966.0,1308065.0,1308172.0,1308274.0,1308374.0,1308487.0,1308598.0,1308715.0,1308822.0,,1309081.0,1309243.0,1309340.0,1309456.0,1309567.0,1309652.0,1309786.0,1309910.0,1309999.0,1310117.0,1310237.0,1310351.0,1310450.0,1310552.0,1310648.0,1310764.0,1310922.0,1311048.0,1311170.0,1311290.0,1311406.0,1311530.0,1311648.0,1311775.0,1311883.0,1311995.0,1312093.0,1312206.0,1312335.0,1312443.0,1312564.0,1312658.0,1312768.0,1312867.0,1312976.0,1313067.0,1313165.0,1313302.0,1313398.0,1313518.0,1313623.0,1313703.0,1313789.0,1313879.0,1313948.0,1314043.0,1314119.0,1314202.0,1314314.0,1314412.0,1314503.0,1314582.0,1314704.0,1314850.0,1314994.0,1315151.0,1315296.0,1315403.0,1315502.0,1315600.0,1315712.0,1315846.0,1315982.0,1316119.0,1316197.0,1316303.0,1316429.0,1316565.0,1316681.0,1316776.0,1316886.0,1317004.0,1317104.0,1317188.0,1317299.0,1317427.0,1317553.0,1317675.0,1317792.0,1317895.0,1318002.0,1318114.0,1318241.0,1318353.0,1318480.0,1318612.0,1318745.0,1318868.0,1318977.0,1319105.0,1319205.0,1319304.0,1319403.0,1319510.0,1319613.0,1319708.0,1319784.0,1319851.0,1319930.0,1320007.0,1320075.0,1320151.0,1320239.0,1320303.0,1320425.0,1320528.0,1320646.0,1320718.0,1320827.0,1320929.0,1321026.0,1321132.0,1321219.0,1321309
kaKrjWb4vSo,770890.0,770915.0,770961.0,770987.0,771013.0,771038.0,771059.0,771090.0,771112.0,771133.0,771166.0,771199.0,771219.0,771245.0,771288.0,771327.0,771369.0,771397.0,771423.0,771443.0,771470.0,771506.0,771535.0,771556.0,771593.0,771615.0,771643.0,771675.0,771707.0,771730.0,771753.0,771775.0,771799.0,771827.0,771858.0,771889.0,771914.0,771941.0,771959.0,771972.0,771993.0,772018.0,772029.0,772060.0,772090.0,772124.0,772154.0,772168.0,772195.0,772235.0,772286.0,772326.0,772347.0,772373.0,772403.0,772434.0,772450.0,772482.0,772504.0,772530.0,772563.0,772586.0,772617.0,772651.0,772671.0,772704.0,772730.0,772755.0,772775.0,772806.0,772830.0,772867.0,772882.0,772902.0,772915.0,772931.0,772961.0,772977.0,773002.0,773022.0,773044.0,773073.0,773094.0,773117.0,773136.0,773164.0,773181.0,773206.0,773223.0,773237.0,773262.0,773276.0,773297.0,773328.0,773350.0,773363.0,773383.0,773408.0,773432.0,773455.0,773479.0,773512.0,773534.0,773560.0,773573.0,773594.0,773625.0,773647.0,773670.0,773689.0,773700.0,773724.0,773749.0,773790.0,773818.0,773842.0,773861.0,773882.0,773907.0,773925.0,773951.0,773980.0,774007.0,774023.0,774037.0,774062.0,774106.0,774139.0,774165.0,774177.0,774190.0,774215.0,774242.0,774258.0,,,,,,,,,774456.0,774481.0,774506.0,774523.0,774560.0,774576.0,774596.0,774607.0,774623.0,774640.0,774657.0,774676.0,774692.0,774705.0,774712.0,774732.0,774743.0,774761.0,774787.0,774797.0,774809.0,774825.0,774850.0,774865.0,774883.0,774898.0,774918.0,774928.0,774943.0,774953.0,774967.0,774986.0,775001.0,775019.0,775043.0,775063.0,775085.0,775103.0,775128.0,775143.0,775165.0,775186.0,775199.0,775219.0,775235.0,775253.0,775268.0,775300.0,775340.0,775360.0,775386.0,775416.0,775437.0,775454.0,775476.0,775497.0,775512.0,775527.0,775550.0,775570.0,775597.0,775617.0,775639.0,775657.0,775681.0,775703.0,775736.0,775758.0,775778.0,775802.0,775822.0,775849.0,775864.0,775891.0,775902.0,775921.0,775941.0,775960.0,775978.0,775995.0,776019.0,776036.0,776049.0,776063.0,776103.0,776129.0,776146.0,776177.0,776196.0,776231.0,776248.0,776267.0,776285.0,776308.0,776330.0,776352.0,776373.0,776390.0,776416.0,776427.0,776441.0,776470.0,776489.0,776506.0,776534.0,776555.0,776574.0,776591.0,776613.0,776620.0,776632.0,776648.0,776672.0,776687.0,776702.0,776716.0,776734.0,776750.0,776769.0,776790.0,776807.0,,776852.0,776873.0,776900.0,776922.0,776943.0,776968.0,776999.0,777020.0,777034.0,777052.0,777069.0,777082.0,777111.0,777129.0,777150.0,777180.0,777207.0,777226.0,777257.0,777282.0,777301.0,777323.0,777348.0,777367.0,777399.0,777416.0,777445.0,777484.0,777508.0,777523.0,777539.0,777569.0,777599.0,777619.0,777647.0,777664.0,777689.0,777717.0,777740.0,777768.0,777799.0,777820.0,777839.0,777851.0,777870.0,777888.0,777917.0,777932.0,777950.0,777981.0,778000.0,778016.0,778031.0,778141.0,778187.0,778235.0,778274.0,778317.0,778344.0,778370.0,778394.0,778430.0,778465.0,778497.0,778520.0,778544.0,778565.0,778583.0,778601.0,778623.0,778641.0,778651.0,778663.0,778676.0,778687.0,778698.0,778713.0,778724.0,778747.0,778762.0,778790.0,778813.0,778833.0,778867.0,778888.0,778911.0,778932.0,778963.0,778999.0,779030.0,779046.0,779062.0,779086.0,779100.0,779123.0,779139.0,779162.0,779183.0,779199.0,779207.0,779222.0,779241.0,779257.0,779268.0,779276.0,779294.0,779318.0,779337.0,779357.0,779394.0,779414.0,779440.0,779458.0,779475
qmZbaiXYTI0,5731.0,5769.0,5805.0,5832.0,5853.0,5881.0,5906.0,5928.0,5942.0,5955.0,5978.0,5991.0,6004.0,6022.0,6046.0,6063.0,6077.0,6092.0,6121.0,6135.0,6156.0,6173.0,6181.0,6184.0,6200.0,6217.0,6240.0,6257.0,6284.0,6305.0,6336.0,6352.0,6367.0,6399.0,6419.0,6438.0,6449.0,6470.0,6482.0,6498.0,6522.0,6575.0,6564.0,6592.0,6616.0,6643.0,6661.0,6670.0,6690.0,6705.0,6723.0,6739.0,6752.0,6770.0,6791.0,6817.0,6832.0,6842.0,6854.0,6864.0,6878.0,6888.0,6900.0,6909.0,6927.0,6936.0,6949.0,6959.0,6971.0,6986.0,6996.0,7007.0,7012.0,7028.0,7044.0,7061.0,7074.0,7083.0,7091.0,7108.0,7115.0,7126.0,7136.0,7148.0,7162.0,7176.0,7205.0,7211.0,7221.0,7229.0,7245.0,7257.0,7264.0,7272.0,7286.0,7300.0,7308.0,7314.0,7321.0,7329.0,7341.0,7350.0,7362.0,7369.0,7380.0,7392.0,7398.0,7403.0,7416.0,7427.0,7432.0,7439.0,7446.0,7453.0,7456.0,7462.0,7477.0,7489.0,7499.0,7517.0,7523.0,7533.0,7545.0,7551.0,7568.0,7569.0,7580.0,7584.0,7587.0,7597.0,7602.0,7609.0,7618.0,7624.0,,,,,,,,,7715.0,7727.0,7736.0,7743.0,7749.0,7756.0,7765.0,7769.0,7794.0,7854.0,7899.0,7917.0,7932.0,7961.0,7977.0,7987.0,7997.0,8010.0,8016.0,8028.0,8031.0,8039.0,8046.0,8053.0,8058.0,8065.0,8070.0,8071.0,8089.0,8103.0,8127.0,8137.0,8146.0,8154.0,8165.0,8169.0,8175.0,8181.0,8190.0,8203.0,8211.0,8223.0,8232.0,8240.0,8248.0,8256.0,8265.0,8275.0,8280.0,8284.0,8296.0,8307.0,8316.0,8328.0,8342.0,8349.0,8363.0,8375.0,8386.0,8399.0,8407.0,8415.0,8427.0,8438.0,8447.0,8454.0,8461.0,8471.0,8476.0,8481.0,8490.0,8499.0,8512.0,8526.0,8566.0,8592.0,8609.0,8631.0,8642.0,8656.0,8675.0,8686.0,8700.0,8718.0,8730.0,8742.0,8747.0,8770.0,8780.0,8790.0,8809.0,8817.0,8829.0,8841.0,8848.0,8861.0,8874.0,8885.0,8890.0,8899.0,8912.0,8927.0,8938.0,8952.0,8961.0,8973.0,8981.0,8990.0,9002.0,9006.0,9014.0,9025.0,9025.0,9028.0,9035.0,9044.0,9051.0,9061.0,9065.0,9067.0,9077.0,,9086.0,9091.0,9109.0,9116.0,9125.0,9126.0,9131.0,9143.0,9147.0,9164.0,9171.0,9178.0,9189.0,9194.0,9209.0,9216.0,9227.0,9235.0,9239.0,9245.0,9255.0,9266.0,9272.0,9277.0,9282.0,9291.0,9299.0,9302.0,9310.0,9314.0,9319.0,9326.0,9333.0,9336.0,9341.0,9350.0,9357.0,9362.0,9369.0,9371.0,9373.0,9380.0,9387.0,9396.0,9402.0,9408.0,9414.0,9426.0,9449.0,9471.0,9485.0,9497.0,9503.0,9517.0,9529.0,9541.0,9550.0,9563.0,9572.0,9580.0,9591.0,9608.0,9618.0,9628.0,9644.0,9650.0,9664.0,9673.0,9688.0,9694.0,9705.0,9725.0,9731.0,9739.0,9753.0,9758.0,9774.0,9788.0,9810.0,9832.0,9848.0,9856.0,9860.0,9888.0,9906.0,9914.0,9921.0,9937.0,9951.0,9960.0,9992.0,10030.0,10076.0,10116.0,10134.0,10154.0,10171.0,10201.0,10222.0,10234.0,10250.0,10260.0,10274.0,10284.0,10288.0,10304.0,10307.0,10316.0,10319.0,10325.0,10334.0,10339.0,10352.0,10360
cUIixa9bkWc,873.0,874.0,874.0,874.0,874.0,874.0,874.0,874.0,874.0,874.0,874.0,875.0,875.0,875.0,875.0,875.0,875.0,875.0,875.0,875.0,875.0,875.0,876.0,876.0,876.0,876.0,877.0,877.0,877.0,878.0,878.0,879.0,879.0,879.0,879.0,879.0,880.0,880.0,880.0,880.0,880.0,880.0,880.0,880.0,880.0,880.0,880.0,880.0,881.0,881.0,881.0,881.0,881.0,881.0,881.0,881.0,881.0,882.0,882.0,882.0,882.0,882.0,882.0,882.0,882.0,882.0,882.0,883.0,883.0,883.0,883.0,883.0,883.0,883.0,883.0,885.0,886.0,886.0,886.0,886.0,886.0,886.0,886.0,886.0,886.0,886.0,886.0,886.0,886.0,887.0,887.0,887.0,888.0,888.0,888.0,888.0,889.0,889.0,889.0,890.0,890.0,891.0,892.0,893.0,895.0,896.0,896.0,896.0,898.0,898.0,899.0,899.0,899.0,900.0,900.0,901.0,901.0,901.0,902.0,903.0,904.0,904.0,904.0,905.0,,,,,,,,,,,,,,,,,,,,,,,,,,,,,,,,,,,,,,,,,,,,,,,,,,,,,,,,,,,,,,,,,,,,,,,,,,,,,,,,,,,,,,,,,,,,,,,,,,,,,,,,,,,,,,,,,,,,,,,,,,,,,,,,,,,,,,,,,,,,,,,,,,,,,,,,,,,,,,,,,,,,,,,,,,,,,,,,,,,,,,,,,,,,,,,,,,,,,,,,,,,,,,,,,,,,,,,,,,,,,,,,,,,,,,,,,,,,,,,,,,,,,,,,,,,,,,
hU6EWmpDZCs,426.0,426.0,426.0,426.0,426.0,426.0,426.0,426.0,426.0,426.0,426.0,426.0,426.0,426.0,426.0,426.0,426.0,426.0,426.0,426.0,426.0,426.0,426.0,426.0,426.0,426.0,426.0,426.0,426.0,426.0,426.0,426.0,426.0,426.0,426.0,426.0,426.0,426.0,426.0,426.0,426.0,426.0,426.0,426.0,427.0,427.0,427.0,427.0,427.0,427.0,427.0,427.0,427.0,427.0,427.0,427.0,427.0,427.0,427.0,427.0,427.0,427.0,427.0,428.0,428.0,428.0,428.0,428.0,428.0,428.0,428.0,428.0,428.0,428.0,428.0,428.0,428.0,428.0,429.0,429.0,429.0,429.0,429.0,429.0,430.0,430.0,430.0,430.0,430.0,430.0,430.0,430.0,430.0,430.0,430.0,430.0,430.0,430.0,430.0,430.0,430.0,430.0,430.0,430.0,430.0,430.0,430.0,430.0,430.0,430.0,431.0,431.0,431.0,431.0,431.0,431.0,431.0,431.0,431.0,431.0,431.0,431.0,431.0,431.0,431.0,433.0,433.0,433.0,433.0,433.0,433.0,433.0,433.0,433.0,,,,,,,,,434.0,434.0,434.0,434.0,434.0,434.0,434.0,434.0,434.0,435.0,435.0,436.0,436.0,436.0,437.0,437.0,437.0,437.0,437.0,437.0,437.0,438.0,438.0,438.0,438.0,438.0,438.0,438.0,438.0,438.0,438.0,438.0,438.0,438.0,438.0,438.0,438.0,438.0,438.0,438.0,438.0,438.0,439.0,439.0,439.0,439.0,439.0,439.0,439.0,439.0,439.0,439.0,439.0,439.0,440.0,440.0,440.0,440.0,440.0,440.0,440.0,440.0,440.0,440.0,440.0,440.0,440.0,440.0,440.0,440.0,440.0,440.0,440.0,440.0,440.0,440.0,440.0,440.0,440.0,440.0,440.0,440.0,440.0,440.0,441.0,441.0,442.0,445.0,446.0,446.0,446.0,446.0,446.0,447.0,448.0,448.0,448.0,448.0,448.0,448.0,448.0,448.0,450.0,450.0,450.0,450.0,450.0,450.0,450.0,450.0,450.0,450.0,450.0,450.0,450.0,450.0,450.0,450.0,450.0,450.0,450.0,,450.0,450.0,450.0,452.0,452.0,452.0,450.0,450.0,450.0,450.0,450.0,450.0,450.0,450.0,451.0,451.0,451.0,451.0,451.0,451.0,451.0,451.0,451.0,451.0,451.0,451.0,451.0,451.0,451.0,451.0,451.0,451.0,451.0,451.0,451.0,451.0,451.0,451.0,451.0,451.0,451.0,451.0,451.0,451.0,451.0,451.0,451.0,451.0,451.0,451.0,451.0,451.0,451.0,451.0,451.0,451.0,451.0,451.0,451.0,451.0,451.0,451.0,451.0,451.0,451.0,451.0,451.0,452.0,453.0,453.0,453.0,453.0,453.0,453.0,453.0,453.0,453.0,453.0,453.0,453.0,453.0,454.0,455.0,455.0,455.0,455.0,456.0,456.0,456.0,456.0,458.0,458.0,459.0,461.0,461.0,461.0,461.0,461.0,461.0,461.0,461.0,461.0,461.0,462.0,462.0,462.0,462.0,462.0,462.0,462.0,462.0,462.0,462.0,462
1FDsbqbKjyk,486387.0,486397.0,486400.0,486402.0,486406.0,486408.0,486410.0,486412.0,486418.0,486423.0,486425.0,486427.0,486434.0,486440.0,486444.0,486452.0,486455.0,486455.0,486458.0,486461.0,486463.0,486466.0,486476.0,486479.0,486484.0,486490.0,486504.0,486507.0,486509.0,486513.0,486523.0,486528.0,486531.0,486532.0,486536.0,486542.0,486548.0,486555.0,486569.0,486576.0,486583.0,486585.0,486592.0,486596.0,486615.0,486625.0,486631.0,486640.0,486653.0,486664.0,486672.0,486681.0,486686.0,486689.0,486695.0,486701.0,486708.0,486713.0,486719.0,486724.0,486731.0,486733.0,486735.0,486739.0,486741.0,486746.0,486751.0,486754.0,486756.0,486758.0,486763.0,486770.0,486773.0,486773.0,486774.0,486779.0,486784.0,486789.0,486793.0,486795.0,486795.0,486797.0,486801.0,486805.0,486810.0,486814.0,486815.0,486819.0,486821.0,486826.0,486829.0,486830.0,486831.0,486836.0,486836.0,486836.0,486838.0,486840.0,486842.0,486846.0,486848.0,486848.0,486850.0,486852.0,486853.0,486856.0,486858.0,486859.0,486860.0,486862.0,486867.0,486869.0,486871.0,486874.0,486874.0,486879.0,486879.0,486883.0,486888.0,486892.0,486895.0,486899.0,486901.0,486904.0,486904.0,486904.0,486906.0,486906.0,486907.0,486909.0,486909.0,486915.0,486918.0,486919.0,,,,,,,,,486939.0,486942.0,486944.0,486944.0,486944.0,486946.0,486949.0,486953.0,486956.0,486959.0,486963.0,486968.0,486972.0,486973.0,486976.0,486983.0,486988.0,486992.0,486998.0,487003.0,487007.0,487011.0,487014.0,487016.0,487017.0,487018.0,487025.0,487027.0,487029.0,487034.0,487037.0,487038.0,487039.0,487041.0,487042.0,487042.0,487047.0,487047.0,487053.0,487054.0,487057.0,487065.0,487070.0,487073.0,487078.0,487078.0,487080.0,487085.0,487087.0,487089.0,487092.0,487094.0,487097.0,487100.0,487100.0,487100.0,487102.0,487103.0,487113.0,487120.0,487122.0,487123.0,487123.0,487133.0,487136.0,487141.0,487143.0,487147.0,487151.0,487153.0,487157.0,487162.0,487165.0,487166.0,487170.0,487170.0,487175.0,487178.0,487182.0,487183.0,487186.0,487187.0,487188.0,487192.0,487194.0,487198.0,487204.0,487207.0,487212.0,487214.0,487219.0,487223.0,487228.0,487232.0,487233.0,487239.0,487241.0,487245.0,487246.0,487252.0,487253.0,487255.0,487259.0,487265.0,487272.0,487277.0,487279.0,487282.0,487285.0,487286.0,487292.0,487295.0,487296.0,487300.0,487304.0,487305.0,487313.0,487320.0,487319.0,487321.0,487320.0,,487329.0,487332.0,487335.0,487339.0,487342.0,487344.0,487349.0,487348.0,487349.0,487354.0,487361.0,487362.0,487364.0,487367.0,487374.0,487383.0,487389.0,487394.0,487397.0,487396.0,487401.0,487404.0,487405.0,487409.0,487414.0,487417.0,487422.0,487423.0,487426.0,487428.0,487430.0,487432.0,487435.0,487441.0,487444.0,487448.0,487450.0,487452.0,487453.0,487457.0,487458.0,487461.0,487464.0,487466.0,487469.0,487472.0,487476.0,487476.0,487478.0,487481.0,487484.0,487485.0,487486.0,487486.0,487489.0,487495.0,487497.0,487507.0,487508.0,487515.0,487520.0,487524.0,487530.0,487535.0,487538.0,487543.0,487546.0,487549.0,487553.0,487553.0,487558.0,487562.0,487566.0,487571.0,487573.0,487577.0,487579.0,487586.0,487590.0,487593.0,487596.0,487599.0,487602.0,487602.0,487604.0,487605.0,487608.0,487616.0,487619.0,487621.0,487626.0,487629.0,487633.0,487636.0,487639.0,487640.0,487647.0,487655.0,487662.0,487663.0,487667.0,487670.0,487674.0,487678.0,487683.0,487684.0,487684.0,487688.0,487690.0,487691.0,487694.0,487697.0,487697.0,487701
iSUSSjw3RVc,3408500.0,3408781.0,3409075.0,3409411.0,3409726.0,3410040.0,3410327.0,3410605.0,3410988.0,3411313.0,3411623.0,3411887.0,3412240.0,3412599.0,3412923.0,3413293.0,3413596.0,3413910.0,3414155.0,3414388.0,3414649.0,3415006.0,3415264.0,3415560.0,3415824.0,3416148.0,3416428.0,3416873.0,3417245.0,3417539.0,3417869.0,3418186.0,3418622.0,3419166.0,3419568.0,3419952.0,3420319.0,3420628.0,3420915.0,3421228.0,3421523.0,3421885.0,3422164.0,3422466.0,3422833.0,3423235.0,3423605.0,3423977.0,3424395.0,3424734.0,3425026.0,3425371.0,3425774.0,3426206.0,3426620.0,3426986.0,3427321.0,3427647.0,3427944.0,3428196.0,3428551.0,3428953.0,3429349.0,3429714.0,3430004.0,3430318.0,3430615.0,3430989.0,3431243.0,3431626.0,3432003.0,3432406.0,3432734.0,3432921.0,3433156.0,3433411.0,3433607.0,3434019.0,3434413.0,3434758.0,3435037.0,3435336.0,3435614.0,3435867.0,3436261.0,3436563.0,3436875.0,3437183.0,3437536.0,3437773.0,3438168.0,3438441.0,3438747.0,3439043.0,3439394.0,3439704.0,3439979.0,3440237.0,3440496.0,3440738.0,3440999.0,3441255.0,3441527.0,3441814.0,3442134.0,3442438.0,3442679.0,3442942.0,3443211.0,3443483.0,3443782.0,3444117.0,3444398.0,3444705.0,3445034.0,3445296.0,3445587.0,3445853.0,3446160.0,3446494.0,3446801.0,3447131.0,3447358.0,3447697.0,3447992.0,3448314.0,3448613.0,3448928.0,3449208.0,3449486.0,3449729.0,3449992.0,3450287.0,3450577.0,,,,,,,,,3452949.0,3453164.0,3453401.0,3453602.0,3453886.0,3454205.0,3454494.0,3454770.0,3455056.0,3455448.0,3455758.0,3456045.0,3456381.0,3456738.0,3457070.0,3457359.0,3457705.0,3458022.0,3458363.0,3458651.0,3458886.0,3459170.0,3459443.0,3459680.0,3459944.0,3460218.0,3460464.0,3460732.0,3461048.0,3461341.0,3461627.0,3461948.0,3462179.0,3462458.0,3462779.0,3463113.0,3463383.0,3463625.0,3463886.0,3464206.0,3464498.0,3464793.0,3465078.0,3465401.0,3465640.0,3465911.0,3466169.0,3466456.0,3466734.0,3467001.0,3467248.0,3467541.0,3467835.0,3468136.0,3468433.0,3468721.0,3468985.0,3469285.0,3469627.0,3469921.0,3470227.0,3470546.0,3470808.0,3471053.0,3471283.0,3471589.0,3471902.0,3472178.0,3472442.0,3472747.0,3473067.0,3473358.0,3473716.0,3474239.0,3474675.0,3475012.0,3475469.0,3475822.0,3476178.0,3476490.0,3476836.0,3477093.0,3477370.0,3477795.0,3478094.0,3478407.0,3478716.0,3478967.0,3479257.0,3479598.0,3479886.0,3480138.0,3480437.0,3480744.0,3481036.0,3481337.0,3481651.0,3481968.0,3482302.0,3482581.0,3482888.0,3483142.0,3483384.0,3483653.0,3483905.0,3484171.0,3484441.0,3484677.0,3485004.0,3485302.0,3485584.0,3485851.0,3486077.0,3486322.0,3486522.0,3486821.0,3487085.0,3487437.0,3487792.0,3488059.0,3488379.0,,3488978.0,3489309.0,3489634.0,3489953.0,3490307.0,3490527.0,3490835.0,3491045.0,3491375.0,3491687.0,3491916.0,3492241.0,3492503.0,3492751.0,3492940.0,3493209.0,3493490.0,3493819.0,3494154.0,3494419.0,3494651.0,3494928.0,3495190.0,3495477.0,3495730.0,3495907.0,3496155.0,3496410.0,3496644.0,3496916.0,3497208.0,3497514.0,3497754.0,3498034.0,3498301.0,3498600.0,3498930.0,3499278.0,3499586.0,3499915.0,3500230.0,3500536.0,3500878.0,3501202.0,3501511.0,3501776.0,3502118.0,3502406.0,3502677.0,3502940.0,3503206.0,3503490.0,3503753.0,3504028.0,3504247.0,3504503.0,3504735.0,3505001.0,3505278.0,3505513.0,3505789.0,3506057.0,3506267.0,3506543.0,3506808.0,3507104.0,3507353.0,3507580.0,3507798.0,3508032.0,3508203.0,3508414.0,3508652.0,3508913.0,3509146.0,3509368.0,3509607.0,3509873.0,3510149.0,3510384.0,3510621.0,3510864.0,3511111.0,3511355.0,3511644.0,3511945.0,3512190.0,3512479.0,3512718.0,3512951.0,3513198.0,3513422.0,3513628.0,3513893.0,3514110.0,3514340.0,3514605.0,3514802.0,3515078.0,3515319.0,3515559.0,3515818.0,3516106.0,3516324.0,3516525.0,3516717.0,3516917.0,3517130.0,3517348.0,3517541.0,3517744.0,3517928.0,3518176.0,3518394
tt9t4agI7PA,186701.0,186999.0,187362.0,187794.0,188170.0,188380.0,188598.0,188787.0,189016.0,189321.0,189546.0,189754.0,189996.0,190244.0,190588.0,190917.0,191245.0,191568.0,192008.0,192468.0,192904.0,193514.0,194154.0,194624.0,194895.0,195221.0,195536.0,195877.0,196167.0,196507.0,196974.0,197317.0,197665.0,198022.0,198403.0,198678.0,198938.0,199125.0,199259.0,199533.0,199817.0,200036.0,200234.0,200460.0,200605.0,200732.0,200878.0,201033.0,201148.0,201264.0,201432.0,201557.0,201643.0,201765.0,201859.0,201966.0,202057.0,202163.0,202247.0,202345.0,202409.0,202506.0,202597.0,202694.0,202785.0,202899.0,202991.0,203099.0,203193.0,203292.0,203394.0,203518.0,203588.0,203674.0,203781.0,203919.0,204044.0,204163.0,204262.0,204347.0,204411.0,204522.0,204628.0,204726.0,204833.0,204958.0,205036.0,205132.0,205241.0,205354.0,205464.0,205580.0,205691.0,205822.0,205926.0,206048.0,206202.0,206337.0,206467.0,206568.0,206674.0,206818.0,206978.0,207103.0,207203.0,207322.0,207410.0,207503.0,207609.0,207716.0,207868.0,207959.0,208049.0,208149.0,208232.0,208286.0,208358.0,208457.0,208573.0,208656.0,208743.0,208821.0,208912.0,208977.0,209041.0,209121.0,209215.0,209333.0,209397.0,209480.0,209581.0,209672.0,209783.0,209882.0,,,,,,,,,210713.0,210787.0,210861.0,210936.0,210997.0,211048.0,211139.0,211222.0,211335.0,211460.0,211551.0,211645.0,211749.0,211871.0,211966.0,212052.0,212129.0,212221.0,212305.0,212385.0,212459.0,212523.0,212625.0,212719.0,212789.0,212868.0,212970.0,213054.0,213135.0,213190.0,213278.0,213370.0,213439.0,213512.0,213592.0,213669.0,213734.0,213807.0,213879.0,213943.0,214025.0,214095.0,214181.0,214254.0,214346.0,214430.0,214511.0,214585.0,214660.0,214730.0,214767.0,214826.0,214890.0,214961.0,215026.0,215079.0,215130.0,215180.0,215219.0,215293.0,215364.0,215427.0,215506.0,215575.0,215621.0,215678.0,215760.0,215836.0,215884.0,215957.0,216009.0,216060.0,216128.0,216199.0,216294.0,216386.0,216455.0,216526.0,216575.0,216643.0,216733.0,216798.0,216905.0,216995.0,217065.0,217119.0,217187.0,217258.0,217307.0,217386.0,217439.0,217481.0,217539.0,217610.0,217673.0,217738.0,217800.0,217862.0,217923.0,217970.0,218040.0,218099.0,218150.0,218208.0,218259.0,218309.0,218354.0,218388.0,218446.0,218506.0,218565.0,218639.0,218684.0,218733.0,218799.0,218850.0,218888.0,218950.0,219048.0,219095.0,219151.0,,219274.0,219327.0,219385.0,219442.0,219496.0,219549.0,219603.0,219646.0,219690.0,219740.0,219804.0,219862.0,219898.0,219962.0,220014.0,220067.0,220134.0,220204.0,220255.0,220300.0,220340.0,220401.0,220457.0,220529.0,220603.0,220664.0,220705.0,220734.0,220769.0,220810.0,220845.0,220884.0,220921.0,220953.0,220994.0,221047.0,221113.0,221159.0,221226.0,221274.0,221326.0,221415.0,221491.0,221537.0,221598.0,221679.0,221844.0,222013.0,222149.0,222346.0,222487.0,222630.0,222755.0,222894.0,222978.0,223073.0,223177.0,223248.0,223343.0,223433.0,223540.0,223620.0,223724.0,223842.0,223964.0,224118.0,224319.0,224471.0,224641.0,224816.0,224919.0,225077.0,225310.0,225454.0,225621.0,225720.0,225852.0,226007.0,226202.0,226389.0,226524.0,226649.0,226738.0,226803.0,226908.0,226983.0,227063.0,227157.0,227227.0,227280.0,227362.0,227445.0,227516.0,227570.0,227660.0,227716.0,227771.0,227822.0,227897.0,227989.0,228062.0,228154.0,228228.0,228264.0,228344.0,228439.0,228520.0,228602.0,228689.0,228749.0,228808.0,228886.0,228991.0,229067
4bMDdb-rL8s,37218.0,37220.0,37226.0,37235.0,37239.0,37248.0,37257.0,37263.0,37270.0,37274.0,37283.0,37288.0,37294.0,37300.0,37304.0,37308.0,37311.0,37313.0,37316.0,37322.0,37329.0,37338.0,37346.0,37350.0,37357.0,37363.0,37369.0,37383.0,37388.0,37393.0,37401.0,37403.0,37408.0,37415.0,37419.0,37423.0,37431.0,37437.0,37442.0,37444.0,37449.0,37451.0,37454.0,37462.0,37468.0,37475.0,37486.0,37486.0,37497.0,37499.0,37506.0,37513.0,37514.0,37520.0,37529.0,37538.0,37550.0,37553.0,37565.0,37570.0,37575.0,37585.0,37593.0,37604.0,37612.0,37622.0,37629.0,37636.0,37639.0,37642.0,37644.0,37653.0,37657.0,37663.0,37670.0,37670.0,37675.0,37682.0,37688.0,37694.0,37696.0,37701.0,37707.0,37715.0,37717.0,37732.0,37736.0,37751.0,37761.0,37765.0,37773.0,37778.0,37790.0,37796.0,37803.0,37808.0,37817.0,37824.0,37825.0,37838.0,37846.0,37855.0,37862.0,37872.0,37877.0,37882.0,37884.0,37888.0,37895.0,37897.0,37902.0,37905.0,37915.0,37921.0,37926.0,37934.0,37939.0,37943.0,37946.0,37950.0,37961.0,37963.0,37968.0,37974.0,37975.0,37986.0,37993.0,38000.0,38007.0,38009.0,38013.0,38018.0,38020.0,38022.0,,,,,,,,,38092.0,38110.0,38133.0,38146.0,38178.0,38248.0,38311.0,38392.0,38431.0,38455.0,38480.0,38515.0,38531.0,38558.0,38572.0,38602.0,38620.0,38631.0,38640.0,38648.0,38655.0,38663.0,38669.0,38675.0,38680.0,38687.0,38695.0,38701.0,38706.0,38711.0,38717.0,38724.0,38737.0,38746.0,38749.0,38751.0,38760.0,38761.0,38770.0,38775.0,38789.0,38791.0,38800.0,38803.0,38806.0,38811.0,38814.0,38826.0,38833.0,38842.0,38850.0,38857.0,38863.0,38866.0,38872.0,38885.0,38914.0,38925.0,38933.0,38943.0,38956.0,38963.0,38969.0,38975.0,38982.0,38990.0,38993.0,38998.0,39001.0,39007.0,39011.0,39017.0,39022.0,39021.0,39025.0,39033.0,39042.0,39044.0,39047.0,39055.0,39060.0,39065.0,39074.0,39083.0,39091.0,39098.0,39116.0,39121.0,39117.0,39121.0,39125.0,39132.0,39143.0,39156.0,39160.0,39163.0,39172.0,39174.0,39176.0,39184.0,39190.0,39197.0,39203.0,39214.0,39219.0,39222.0,39227.0,39231.0,39232.0,39243.0,39254.0,39268.0,39276.0,39278.0,39282.0,39292.0,39299.0,39304.0,39309.0,39318.0,39326.0,,39343.0,39349.0,39352.0,39358.0,39364.0,39371.0,39380.0,39387.0,39393.0,39397.0,39409.0,39415.0,39419.0,39422.0,39427.0,39435.0,39438.0,39439.0,39441.0,39443.0,39452.0,39461.0,39468.0,39473.0,39477.0,39481.0,39487.0,39491.0,39498.0,39504.0,39509.0,39513.0,39515.0,39520.0,39534.0,39541.0,39545.0,39550.0,39555.0,39558.0,39568.0,39577.0,39585.0,39592.0,39601.0,39605.0,39606.0,39612.0,39617.0,39620.0,39623.0,39625.0,39633.0,39634.0,39641.0,39647.0,39652.0,39654.0,39661.0,39667.0,39673.0,39673.0,39682.0,39684.0,39691.0,39693.0,39698.0,39702.0,39706.0,39710.0,39711.0,39716.0,39721.0,39724.0,39724.0,39726.0,39732.0,39737.0,39744.0,39748.0,39752.0,39758.0,39768.0,39773.0,39784.0,39793.0,39797.0,39798.0,39800.0,39804.0,39806.0,39808.0,39810.0,39812.0,39814.0,39820.0,39824.0,39828.0,39833.0,39838.0,39844.0,39850.0,39853.0,39860.0,39866.0,39874.0,39879.0,39886.0,39893.0,39900.0,39904.0,39906.0,39917.0,39922
ZzyZugPFVHQ,136163.0,136163.0,136163.0,136163.0,136163.0,136163.0,136163.0,136163.0,136163.0,136163.0,136163.0,136163.0,136163.0,136163.0,136163.0,136163.0,136163.0,136163.0,136163.0,136163.0,136163.0,136163.0,136163.0,136163.0,136163.0,136163.0,136163.0,136163.0,136163.0,136163.0,136163.0,136163.0,136163.0,136163.0,136163.0,136163.0,136163.0,136163.0,136163.0,136163.0,136163.0,136163.0,136163.0,136163.0,136163.0,136163.0,136163.0,136163.0,136163.0,136163.0,136163.0,136163.0,136163.0,136163.0,136163.0,136163.0,136163.0,136163.0,136163.0,136163.0,136163.0,136163.0,136163.0,136163.0,136163.0,136163.0,136163.0,136163.0,136163.0,136163.0,136163.0,136163.0,136163.0,136163.0,136163.0,136163.0,136163.0,136163.0,136163.0,136163.0,136163.0,136163.0,136163.0,136163.0,136163.0,136163.0,136163.0,136163.0,136163.0,136163.0,136163.0,136163.0,136163.0,136163.0,136163.0,136163.0,136163.0,136163.0,136163.0,136163.0,136163.0,136163.0,136163.0,136163.0,136163.0,136163.0,136163.0,136163.0,136163.0,136163.0,136163.0,136163.0,136163.0,136163.0,136163.0,136163.0,136163.0,136163.0,136163.0,136163.0,136163.0,136163.0,136163.0,136163.0,136163.0,136163.0,136163.0,136163.0,136163.0,136163.0,136163.0,136163.0,136163.0,136163.0,,,,,,,,,136163.0,136163.0,136163.0,136163.0,136163.0,136163.0,136163.0,136163.0,136163.0,136163.0,136163.0,136163.0,136163.0,136163.0,136163.0,136163.0,136163.0,136163.0,136163.0,136163.0,136163.0,136163.0,136163.0,136163.0,136163.0,136163.0,136163.0,136163.0,136163.0,136163.0,136163.0,136163.0,136163.0,136163.0,136163.0,136163.0,136163.0,136163.0,136163.0,136163.0,136163.0,136163.0,136163.0,136163.0,136163.0,136163.0,136163.0,136163.0,136163.0,136163.0,136163.0,136163.0,136163.0,136163.0,136163.0,136163.0,136163.0,136163.0,136163.0,136163.0,136163.0,136163.0,136163.0,136163.0,136163.0,136163.0,136163.0,136163.0,136163.0,136163.0,136163.0,136163.0,136163.0,136163.0,136163.0,136163.0,136163.0,136163.0,136163.0,136163.0,136163.0,136163.0,136163.0,136163.0,136163.0,136163.0,136163.0,136163.0,136163.0,136163.0,136163.0,136163.0,136163.0,136163.0,136163.0,136163.0,136163.0,136163.0,136163.0,136163.0,136163.0,136163.0,136163.0,136163.0,136163.0,136163.0,136163.0,136163.0,136163.0,136163.0,136163.0,136163.0,136163.0,136163.0,136163.0,136163.0,136163.0,136163.0,136163.0,136163.0,136163.0,,136163.0,136163.0,136163.0,136163.0,136163.0,136163.0,136163.0,136163.0,136163.0,136163.0,136163.0,136163.0,136163.0,136163.0,136163.0,136163.0,136163.0,136163.0,136163.0,136163.0,136163.0,136163.0,136163.0,136163.0,136163.0,136163.0,136163.0,136163.0,136163.0,136163.0,136163.0,136163.0,136163.0,136163.0,136163.0,136163.0,136163.0,136163.0,136163.0,136163.0,136163.0,136163.0,136163.0,136163.0,136163.0,136163.0,136163.0,136163.0,136163.0,136163.0,136163.0,136163.0,136163.0,136163.0,136163.0,136163.0,136163.0,136163.0,136163.0,136163.0,136163.0,136163.0,136163.0,136163.0,136163.0,136163.0,136163.0,136163.0,136163.0,136163.0,136163.0,136163.0,136163.0,136163.0,136163.0,136163.0,136163.0,136163.0,136163.0,136163.0,136163.0,136163.0,136163.0,136163.0,136163.0,136163.0,136163.0,136163.0,136163.0,136163.0,136163.0,136163.0,136163.0,136163.0,136163.0,136163.0,136163.0,136163.0,136163.0,136163.0,136163.0,136163.0,136163.0,136163.0,136163.0,136163.0,136163.0,136163.0,136163.0,136163.0,136163.0,136163.0,136163.0,136163
_aVL5soU6dU,19225.0,19241.0,19268.0,19286.0,19300.0,19323.0,19340.0,19351.0,19365.0,19386.0,19400.0,19421.0,19450.0,19467.0,19481.0,19494.0,19509.0,19530.0,19542.0,19553.0,19572.0,19589.0,19605.0,19614.0,19648.0,19661.0,19676.0,19689.0,19704.0,19725.0,19748.0,19761.0,19767.0,19780.0,19797.0,19816.0,19840.0,19856.0,19875.0,19888.0,19903.0,19919.0,19933.0,19944.0,19952.0,19963.0,19977.0,19988.0,19998.0,20008.0,20033.0,20044.0,20063.0,20081.0,20112.0,20133.0,20149.0,20159.0,20180.0,20190.0,20210.0,20232.0,20247.0,20257.0,20264.0,20276.0,20289.0,20297.0,20307.0,20331.0,20341.0,20359.0,20373.0,20383.0,20389.0,20405.0,20438.0,20453.0,20466.0,20486.0,20502.0,20529.0,20545.0,20560.0,20563.0,20575.0,20578.0,20595.0,20617.0,20632.0,20664.0,20678.0,20700.0,20723.0,20737.0,20751.0,20765.0,20779.0,20794.0,20802.0,20807.0,20813.0,20836.0,20852.0,20861.0,20869.0,20877.0,20881.0,20939.0,20962.0,20974.0,20990.0,21004.0,21021.0,21034.0,21046.0,21061.0,21072.0,21083.0,21088.0,21099.0,21103.0,21125.0,21138.0,21146.0,21162.0,21176.0,21188.0,21192.0,21199.0,21209.0,21218.0,21223.0,21230.0,,,,,,,,,21313.0,21323.0,21335.0,21343.0,21349.0,21354.0,21370.0,21376.0,21381.0,21388.0,21394.0,21399.0,21407.0,21417.0,21425.0,21433.0,21445.0,21453.0,21470.0,21482.0,21490.0,21497.0,21502.0,21510.0,21520.0,21537.0,21551.0,21562.0,21569.0,21587.0,21605.0,21627.0,21641.0,21654.0,21672.0,21692.0,21707.0,21720.0,21728.0,21745.0,21795.0,21851.0,21881.0,21856.0,21870.0,21884.0,21901.0,21912.0,21929.0,21940.0,21950.0,21971.0,21981.0,21995.0,22018.0,22027.0,22047.0,22070.0,22087.0,22110.0,22119.0,22130.0,22136.0,22141.0,22152.0,22171.0,22186.0,22192.0,22209.0,22218.0,22226.0,22237.0,22251.0,22266.0,22274.0,22288.0,22294.0,22306.0,22320.0,22327.0,22337.0,22344.0,22359.0,22372.0,22385.0,22389.0,22409.0,22435.0,22455.0,22463.0,22479.0,22492.0,22506.0,22520.0,22541.0,22551.0,22561.0,22576.0,22592.0,22613.0,22629.0,22647.0,22663.0,22685.0,22697.0,22714.0,22725.0,22736.0,22754.0,22770.0,22782.0,22796.0,22804.0,22821.0,22832.0,22844.0,22853.0,22862.0,22868.0,22883.0,22903.0,,22918.0,22926.0,22937.0,22947.0,22960.0,22965.0,22974.0,22987.0,22992.0,22996.0,23002.0,23009.0,23014.0,23022.0,23030.0,23037.0,23039.0,23045.0,23054.0,23061.0,23070.0,23081.0,23085.0,23088.0,23093.0,23100.0,23108.0,23116.0,23124.0,23131.0,23138.0,23142.0,23150.0,23160.0,23168.0,23176.0,23182.0,23190.0,23193.0,23200.0,23214.0,23219.0,23227.0,23231.0,23240.0,23258.0,23264.0,23271.0,23282.0,23291.0,23306.0,23315.0,23322.0,23332.0,23338.0,23351.0,23357.0,23369.0,23376.0,23382.0,23391.0,23397.0,23426.0,23448.0,23458.0,23469.0,23474.0,23491.0,23498.0,23501.0,23515.0,23525.0,23536.0,23545.0,23556.0,23565.0,23573.0,23584.0,23594.0,23606.0,23609.0,23615.0,23622.0,23628.0,23636.0,23646.0,23657.0,23669.0,23681.0,23685.0,23695.0,23705.0,23716.0,23726.0,23748.0,23771.0,23781.0,23804.0,23818.0,23828.0,23838.0,23855.0,23868.0,23882.0,23893.0,23912.0,23925.0,23945.0,23956.0,23965.0,23974.0,23985.0,23996.0,24009
E4X6AHLR2kE,17296.0,17302.0,17312.0,17319.0,17332.0,17344.0,17358.0,17370.0,17383.0,17393.0,17401.0,17411.0,17415.0,17423.0,17426.0,17432.0,17435.0,17444.0,17451.0,17459.0,17462.0,17470.0,17476.0,17483.0,17487.0,17495.0,17499.0,17505.0,17510.0,17523.0,17533.0,17551.0,17560.0,17572.0,17582.0,17589.0,17594.0,17611.0,17619.0,17625.0,17629.0,17641.0,17649.0,17658.0,17667.0,17677.0,17681.0,17689.0,17692.0,17695.0,17707.0,17714.0,17720.0,17731.0,17747.0,17759.0,17768.0,17774.0,17781.0,17786.0,17793.0,17801.0,17806.0,17811.0,17820.0,17828.0,17834.0,17844.0,17852.0,17864.0,17869.0,17878.0,17887.0,17892.0,17899.0,17903.0,17916.0,17923.0,17929.0,17938.0,17942.0,17945.0,17955.0,17962.0,17970.0,17978.0,17984.0,17990.0,18002.0,18016.0,18024.0,18035.0,18042.0,18048.0,18053.0,18058.0,18065.0,18074.0,18088.0,18094.0,18103.0,18109.0,18118.0,18123.0,18131.0,18138.0,18142.0,18146.0,18153.0,18158.0,18162.0,18175.0,18187.0,18192.0,18193.0,18203.0,18214.0,18229.0,18236.0,18249.0,18260.0,18266.0,18273.0,18280.0,18287.0,18294.0,18301.0,18305.0,18310.0,18313.0,18323.0,18340.0,18357.0,18376.0,,,,,,,,,18491.0,18505.0,18513.0,18536.0,18544.0,18569.0,18596.0,18617.0,18640.0,18681.0,18719.0,18752.0,18789.0,18805.0,18828.0,18849.0,18875.0,18907.0,18931.0,18947.0,18959.0,18965.0,18970.0,18990.0,19013.0,19028.0,19042.0,19054.0,19060.0,19064.0,19077.0,19089.0,19096.0,19111.0,19122.0,19137.0,19146.0,19160.0,19172.0,19180.0,19202.0,19217.0,19230.0,19252.0,19265.0,19280.0,19285.0,19304.0,19317.0,19325.0,19340.0,19350.0,19361.0,19370.0,19377.0,19385.0,19388.0,19397.0,19401.0,19407.0,19424.0,19430.0,19440.0,19451.0,19462.0,19471.0,19478.0,19486.0,19496.0,19505.0,19514.0,19523.0,19549.0,19604.0,19615.0,19634.0,19641.0,19650.0,19663.0,19675.0,19685.0,19699.0,19708.0,19726.0,19736.0,19745.0,19753.0,19760.0,19769.0,19778.0,19792.0,19800.0,19813.0,19821.0,19832.0,19842.0,19854.0,19865.0,19871.0,19881.0,19896.0,19910.0,19918.0,19932.0,19937.0,19950.0,19966.0,19974.0,19991.0,20007.0,20011.0,20022.0,20033.0,20046.0,20050.0,20061.0,20067.0,20072.0,20084.0,20092.0,20101.0,,20121.0,20136.0,20147.0,20161.0,20170.0,20177.0,20179.0,20190.0,20200.0,20205.0,20211.0,20217.0,20225.0,20234.0,20247.0,20254.0,20261.0,20271.0,20277.0,20284.0,20296.0,20308.0,20319.0,20333.0,20350.0,20364.0,20381.0,20401.0,20404.0,20413.0,20430.0,20443.0,20451.0,20462.0,20465.0,20475.0,20485.0,20498.0,20505.0,20512.0,20514.0,20521.0,20532.0,20535.0,20544.0,20549.0,20555.0,20558.0,20567.0,20573.0,20578.0,20595.0,20621.0,20630.0,20642.0,20657.0,20659.0,20671.0,20682.0,20685.0,20691.0,20700.0,20716.0,20722.0,20736.0,20739.0,20750.0,20762.0,20766.0,20778.0,20791.0,20799.0,20805.0,20814.0,20824.0,20841.0,20856.0,20865.0,20879.0,20885.0,20899.0,20910.0,20917.0,20927.0,20940.0,20947.0,20958.0,20976.0,20978.0,20988.0,21002.0,21019.0,21034.0,21038.0,21046.0,21053.0,21061.0,21070.0,21077.0,21086.0,21101.0,21122.0,21132.0,21139.0,21155.0,21165.0,21174.0,21188.0,21197.0,21206.0,21211.0,21224.0,21229.0,21237
EXB7mmHwTWE,2083.0,2083.0,2087.0,2089.0,2090.0,2090.0,2095.0,2099.0,2099.0,2102.0,2106.0,2110.0,2111.0,2112.0,2116.0,2116.0,2117.0,2117.0,2118.0,2121.0,2122.0,2124.0,2126.0,2126.0,2126.0,2126.0,2127.0,2131.0,2131.0,2135.0,2136.0,2136.0,2136.0,2138.0,2140.0,2143.0,2143.0,2145.0,2147.0,2150.0,2155.0,2157.0,2158.0,2159.0,2163.0,2165.0,2165.0,2170.0,2176.0,2177.0,2180.0,2182.0,2183.0,2183.0,2183.0,2183.0,2183.0,2183.0,2183.0,2184.0,2186.0,2186.0,2186.0,2187.0,2187.0,2187.0,2187.0,2188.0,2189.0,2193.0,2194.0,2196.0,2198.0,2200.0,2202.0,2203.0,2203.0,2203.0,2205.0,2206.0,2208.0,2208.0,2208.0,2208.0,2209.0,2211.0,2212.0,2213.0,2214.0,2216.0,2219.0,2221.0,2223.0,2224.0,2225.0,2226.0,2226.0,2227.0,2228.0,2229.0,2231.0,2231.0,2232.0,2233.0,2233.0,2234.0,2234.0,2237.0,2237.0,2239.0,2240.0,2242.0,2243.0,2243.0,2243.0,2243.0,2243.0,2243.0,2244.0,2246.0,2248.0,2252.0,2252.0,2253.0,2254.0,2254.0,2254.0,2255.0,2256.0,2258.0,2258.0,2258.0,2258.0,2258.0,,,,,,,,,2264.0,2264.0,2266.0,2266.0,2266.0,2266.0,2267.0,2268.0,2268.0,2269.0,2269.0,2270.0,2271.0,2271.0,2271.0,2271.0,2272.0,2272.0,2273.0,2275.0,2276.0,2277.0,2277.0,2277.0,2278.0,2278.0,2278.0,2278.0,2278.0,2278.0,2278.0,2282.0,2285.0,2285.0,2289.0,2289.0,2290.0,2290.0,2291.0,2293.0,2293.0,2293.0,2293.0,2297.0,2298.0,2298.0,2299.0,2299.0,2299.0,2299.0,2300.0,2301.0,2302.0,2302.0,2302.0,2302.0,2302.0,2303.0,2303.0,2303.0,2303.0,2303.0,2303.0,2303.0,2303.0,2303.0,2303.0,2303.0,2303.0,2304.0,2305.0,2305.0,2305.0,2305.0,2305.0,2305.0,2305.0,2305.0,2305.0,2305.0,2305.0,2305.0,2307.0,2307.0,2307.0,2307.0,2307.0,2307.0,2307.0,2308.0,2308.0,2310.0,2310.0,2310.0,2314.0,2314.0,2315.0,2316.0,2316.0,2316.0,2319.0,2319.0,2319.0,2319.0,2319.0,2319.0,2320.0,2320.0,2320.0,2320.0,2320.0,2321.0,2321.0,2321.0,2322.0,2322.0,2323.0,2324.0,2324.0,2324.0,2324.0,,2325.0,2325.0,2326.0,2328.0,2329.0,2329.0,2330.0,2330.0,2331.0,2333.0,2334.0,2337.0,2338.0,2340.0,2340.0,2340.0,2342.0,2343.0,2344.0,2345.0,2346.0,2346.0,2347.0,2347.0,2352.0,2354.0,2359.0,2360.0,2360.0,2363.0,2366.0,2368.0,2369.0,2370.0,2372.0,2372.0,2374.0,2374.0,2374.0,2377.0,2377.0,2377.0,2380.0,2382.0,2382.0,2384.0,2384.0,2385.0,2386.0,2386.0,2386.0,2389.0,2390.0,2390.0,2390.0,2390.0,2390.0,2390.0,2391.0,2392.0,2392.0,2392.0,2392.0,2392.0,2392.0,2393.0,2393.0,2396.0,2396.0,2398.0,2398.0,2398.0,2398.0,2398.0,2401.0,2401.0,2402.0,2403.0,2404.0,2404.0,2404.0,2404.0,2404.0,2404.0,2404.0,2405.0,2405.0,2405.0,2405.0,2406.0,2406.0,2406.0,2406.0,2406.0,2406.0,2408.0,2410.0,2412.0,2413.0,2413.0,2414.0,2416.0,2416.0,2416.0,2417.0,2417.0,2419.0,2421.0,2422.0,2425.0,2427.0,2427.0,2427.0,2428
A-7dyCjks-s,851991.0,852954.0,853727.0,854596.0,856346.0,861403.0,871801.0,897947.0,915293.0,936003.0,958517.0,983351.0,996858.0,1006454.0,1021465.0,1051269.0,1065760.0,1075809.0,1089450.0,1106104.0,1117135.0,1123428.0,1128367.0,1139750.0,1147737.0,1153041.0,1154843.0,1158749.0,1163751.0,1167898.0,1170027.0,1171584.0,1175765.0,1181136.0,1184503.0,1186720.0,1189307.0,1194501.0,1198840.0,1202728.0,1207580.0,1212121.0,1219875.0,1233107.0,1246463.0,1257189.0,1267526.0,1273189.0,1279125.0,1287336.0,1296482.0,1303351.0,1310238.0,1317305.0,1326532.0,1332148.0,1337150.0,1343406.0,1349585.0,1355296.0,1361178.0,1366245.0,1369929.0,1373810.0,1376865.0,1381161.0,1385159.0,1389494.0,1393032.0,1398640.0,1403926.0,1408452.0,1411858.0,1415264.0,1419433.0,1422935.0,1425978.0,1429164.0,1432603.0,1436190.0,1438867.0,1442795.0,1445483.0,1448589.0,1453525.0,1457300.0,1461104.0,1464716.0,1471514.0,1479062.0,1484424.0,1488232.0,1492367.0,1497586.0,1502978.0,1508746.0,1513910.0,1519216.0,1524829.0,1529628.0,1534090.0,1538893.0,1545864.0,1553217.0,1560509.0,1567228.0,1576644.0,1586769.0,1595332.0,1604167.0,1614229.0,1625789.0,1635656.0,1648176.0,1658289.0,1665902.0,1675294.0,1683055.0,1689845.0,1697407.0,1705136.0,1711782.0,1717521.0,1722266.0,1727341.0,1733129.0,1739371.0,1746671.0,1752908.0,1758722.0,1764765.0,1769616.0,1774280.0,1778578.0,,,,,,,,,1806789.0,1809030.0,1811295.0,1813309.0,1815851.0,1817836.0,1819742.0,1821524.0,1823202.0,1825162.0,1827352.0,1829982.0,1832516.0,1835251.0,1837722.0,1840196.0,1842778.0,1846569.0,1849991.0,1853078.0,1856196.0,1859185.0,1862053.0,1864585.0,1866719.0,1868856.0,1871315.0,1873732.0,1876287.0,1878768.0,1882182.0,1886570.0,1890922.0,1895603.0,1900493.0,1905904.0,1912262.0,1919515.0,1926522.0,1934685.0,1942365.0,1949850.0,1957971.0,1966357.0,1978040.0,1987353.0,1996932.0,2008484.0,2023204.0,2036710.0,2048196.0,2060537.0,2074559.0,2089720.0,2102497.0,2118274.0,2131457.0,2144505.0,2161204.0,2176787.0,2190136.0,2201208.0,2214658.0,2227724.0,2239335.0,2252002.0,2264743.0,2279823.0,2292024.0,2306060.0,2317277.0,2328022.0,2337361.0,2344409.0,2352316.0,2359808.0,2368156.0,2375700.0,2381426.0,2387681.0,2392670.0,2396259.0,2400790.0,2404992.0,2409683.0,2413445.0,2417760.0,2422005.0,2426443.0,2431153.0,2435511.0,2439998.0,2443949.0,2447756.0,2451418.0,2455692.0,2461686.0,2467437.0,2473278.0,2478711.0,2483584.0,2488574.0,2494678.0,2499705.0,2505011.0,2509592.0,2513059.0,2516864.0,2521038.0,2525682.0,2531837.0,2536689.0,2540684.0,2544542.0,2547584.0,2550174.0,2553112.0,2556455.0,2559918.0,2562009.0,2563932.0,,2567805.0,2569586.0,2571664.0,2573387.0,2574520.0,2575644.0,2576621.0,2577592.0,2578632.0,2579622.0,2580540.0,2581351.0,2582106.0,2583073.0,2584034.0,2585383.0,2586573.0,2587639.0,2588777.0,2589882.0,2591238.0,2592665.0,2593949.0,2595106.0,2596256.0,2597357.0,2598331.0,2599339.0,2600331.0,2601357.0,2602229.0,2603041.0,2603845.0,2604565.0,2605383.0,2606298.0,2607193.0,2608098.0,2608913.0,2609726.0,2610648.0,2611603.0,2612700.0,2613473.0,2614356.0,2615521.0,2617389.0,2619148.0,2621264.0,2623566.0,2625821.0,2627611.0,2629277.0,2630722.0,2631856.0,2633083.0,2634440.0,2635611.0,2636655.0,2637781.0,2638883.0,2639846.0,2641053.0,2642291.0,2643911.0,2645918.0,2649319.0,2651910.0,2653463.0,2655641.0,2658107.0,2661210.0,2664077.0,2666739.0,2669288.0,2672098.0,2675127.0,2678253.0,2681630.0,2685236.0,2689470.0,2692742.0,2694795.0,2696257.0,2698026.0,2699654.0,2701196.0,2702565.0,2703909.0,2705212.0,2706548.0,2708271.0,2710107.0,2712133.0,2714265.0,2716105.0,2717813.0,2720510.0,2722742.0,2724699.0,2726407.0,2727890.0,2729445.0,2730716.0,2732273.0,2734394.0,2736459.0,2738526.0,2740438.0,2743229.0,2745232.0,2747544.0,2750109.0,2751876
ZSfB_m_nbzo,11691.0,11692.0,11693.0,11699.0,11703.0,11704.0,11706.0,11706.0,11707.0,11711.0,11714.0,11718.0,11720.0,11728.0,11730.0,11731.0,11736.0,11741.0,11744.0,11747.0,11749.0,11751.0,11753.0,11753.0,11754.0,11754.0,11756.0,11757.0,11760.0,11761.0,11762.0,11764.0,11766.0,11768.0,11769.0,11770.0,11772.0,11774.0,11774.0,11775.0,11777.0,11779.0,11781.0,11782.0,11785.0,11786.0,11786.0,11789.0,11790.0,11791.0,11792.0,11792.0,11796.0,11797.0,11798.0,11800.0,11803.0,11803.0,11803.0,11805.0,11806.0,11807.0,11813.0,11815.0,11820.0,11822.0,11826.0,11831.0,11833.0,11834.0,11836.0,11840.0,11840.0,11842.0,11842.0,11846.0,11846.0,11847.0,11848.0,11849.0,11853.0,11856.0,11857.0,11858.0,11861.0,11862.0,11862.0,11862.0,11866.0,11868.0,11869.0,11870.0,11871.0,11873.0,11873.0,11873.0,11876.0,11880.0,11880.0,11882.0,11885.0,11885.0,11888.0,11890.0,11889.0,11889.0,11891.0,11894.0,11894.0,11894.0,11894.0,11894.0,11894.0,11899.0,11901.0,11901.0,11903.0,11903.0,11905.0,11906.0,11907.0,11909.0,11911.0,11912.0,11915.0,11918.0,11919.0,11920.0,11921.0,11924.0,11926.0,11928.0,11929.0,11932.0,,,,,,,,,11957.0,11958.0,11964.0,11964.0,11966.0,11969.0,11970.0,11972.0,11980.0,11983.0,11985.0,11987.0,11990.0,11991.0,11992.0,11995.0,12000.0,12001.0,12002.0,12003.0,12003.0,12004.0,12005.0,12006.0,12007.0,12010.0,12012.0,12014.0,12017.0,12017.0,12018.0,12018.0,12018.0,12020.0,12021.0,12026.0,12030.0,12031.0,12033.0,12038.0,12039.0,12042.0,12042.0,12045.0,12047.0,12048.0,12049.0,12054.0,12056.0,12059.0,12061.0,12062.0,12063.0,12064.0,12064.0,12067.0,12068.0,12068.0,12069.0,12071.0,12072.0,12072.0,12074.0,12077.0,12077.0,12079.0,12080.0,12083.0,12087.0,12091.0,12091.0,12091.0,12093.0,12117.0,12155.0,12161.0,12164.0,12165.0,12165.0,12170.0,12175.0,12175.0,12176.0,12176.0,12177.0,12178.0,12181.0,12181.0,12181.0,12183.0,12185.0,12187.0,12190.0,12190.0,12190.0,12191.0,12192.0,12194.0,12195.0,12196.0,12197.0,12197.0,12202.0,12204.0,12205.0,12205.0,12205.0,12206.0,12208.0,12209.0,12210.0,12210.0,12210.0,12212.0,12213.0,12213.0,12215.0,12217.0,12221.0,12221.0,12223.0,,12235.0,12239.0,12243.0,12247.0,12252.0,12253.0,12256.0,12258.0,12259.0,12263.0,12264.0,12266.0,12269.0,12271.0,12271.0,12271.0,12273.0,12275.0,12276.0,12277.0,12279.0,12283.0,12284.0,12286.0,12289.0,12289.0,12290.0,12294.0,12294.0,12294.0,12296.0,12297.0,12298.0,12299.0,12299.0,12300.0,12301.0,12304.0,12304.0,12305.0,12308.0,12310.0,12310.0,12312.0,12313.0,12314.0,12316.0,12319.0,12320.0,12321.0,12323.0,12324.0,12324.0,12324.0,12327.0,12329.0,12330.0,12330.0,12332.0,12332.0,12334.0,12336.0,12336.0,12337.0,12340.0,12340.0,12340.0,12340.0,12340.0,12342.0,12342.0,12344.0,12344.0,12347.0,12348.0,12349.0,12350.0,12352.0,12352.0,12352.0,12354.0,12355.0,12356.0,12357.0,12358.0,12359.0,12360.0,12360.0,12360.0,12360.0,12362.0,12363.0,12364.0,12364.0,12366.0,12367.0,12368.0,12368.0,12368.0,12369.0,12371.0,12371.0,12372.0,12374.0,12376.0,12377.0,12378.0,12380.0,12382.0,12384.0,12384.0,12385.0,12385.0,12385
rF-_-qyJ1wo,386.0,386.0,386.0,386.0,386.0,386.0,386.0,386.0,386.0,386.0,386.0,386.0,386.0,386.0,386.0,386.0,386.0,386.0,386.0,386.0,386.0,386.0,386.0,386.0,386.0,386.0,386.0,386.0,386.0,386.0,386.0,386.0,386.0,386.0,386.0,386.0,386.0,387.0,387.0,387.0,387.0,387.0,387.0,387.0,387.0,387.0,387.0,387.0,387.0,387.0,387.0,387.0,387.0,387.0,387.0,387.0,387.0,387.0,387.0,387.0,387.0,387.0,387.0,387.0,387.0,388.0,388.0,388.0,388.0,388.0,388.0,388.0,388.0,388.0,388.0,388.0,388.0,388.0,388.0,388.0,388.0,388.0,388.0,388.0,388.0,388.0,388.0,388.0,388.0,388.0,388.0,388.0,388.0,388.0,388.0,388.0,389.0,389.0,389.0,389.0,389.0,389.0,389.0,389.0,389.0,389.0,389.0,389.0,389.0,389.0,389.0,389.0,389.0,389.0,389.0,389.0,389.0,389.0,389.0,389.0,389.0,389.0,389.0,389.0,389.0,389.0,390.0,390.0,390.0,390.0,390.0,390.0,390.0,390.0,,,,,,,,,392.0,392.0,392.0,392.0,393.0,393.0,393.0,393.0,393.0,393.0,393.0,393.0,393.0,393.0,393.0,393.0,393.0,393.0,393.0,393.0,393.0,393.0,393.0,393.0,394.0,394.0,394.0,394.0,394.0,394.0,394.0,394.0,394.0,394.0,394.0,394.0,394.0,394.0,394.0,394.0,394.0,394.0,394.0,394.0,395.0,395.0,395.0,395.0,395.0,395.0,395.0,395.0,395.0,395.0,395.0,395.0,396.0,396.0,396.0,396.0,396.0,396.0,396.0,396.0,396.0,396.0,396.0,396.0,396.0,396.0,396.0,396.0,396.0,396.0,398.0,398.0,398.0,398.0,398.0,398.0,398.0,398.0,398.0,398.0,398.0,398.0,398.0,398.0,398.0,398.0,398.0,398.0,398.0,398.0,398.0,398.0,398.0,398.0,398.0,398.0,398.0,398.0,399.0,399.0,399.0,399.0,399.0,399.0,399.0,399.0,399.0,399.0,399.0,399.0,399.0,399.0,399.0,399.0,399.0,399.0,399.0,,399.0,399.0,399.0,399.0,399.0,399.0,399.0,399.0,399.0,399.0,399.0,399.0,399.0,399.0,399.0,400.0,400.0,400.0,400.0,400.0,400.0,400.0,400.0,400.0,400.0,400.0,400.0,400.0,400.0,400.0,400.0,400.0,400.0,400.0,400.0,400.0,400.0,400.0,400.0,400.0,400.0,400.0,400.0,400.0,400.0,400.0,400.0,400.0,400.0,400.0,400.0,400.0,400.0,400.0,400.0,400.0,400.0,400.0,400.0,400.0,400.0,400.0,400.0,400.0,400.0,400.0,400.0,400.0,400.0,400.0,400.0,400.0,400.0,400.0,400.0,400.0,400.0,400.0,400.0,400.0,400.0,400.0,400.0,400.0,400.0,400.0,400.0,400.0,401.0,401.0,401.0,401.0,401.0,401.0,401.0,401.0,401.0,401.0,401.0,401.0,401.0,401.0,401.0,401.0,401.0,401.0,402.0,402.0,402.0,402.0,402.0,402.0,402.0,402
wY_qAoxS178,34348.0,34365.0,34390.0,34401.0,34420.0,34441.0,34463.0,34486.0,34519.0,34550.0,34574.0,34586.0,34594.0,34609.0,34633.0,34644.0,34654.0,34664.0,34680.0,34687.0,34696.0,34701.0,34714.0,34722.0,34736.0,34754.0,34764.0,34775.0,34786.0,34802.0,34815.0,34824.0,34833.0,34847.0,34861.0,34880.0,34892.0,34898.0,34912.0,34920.0,34932.0,34951.0,34964.0,34976.0,34993.0,35009.0,35017.0,35038.0,35055.0,35083.0,35102.0,35113.0,35125.0,35147.0,35169.0,35190.0,35216.0,35243.0,35273.0,35300.0,35319.0,35340.0,35355.0,35371.0,35377.0,35393.0,35406.0,35429.0,35449.0,35480.0,35505.0,35519.0,35540.0,35559.0,35573.0,35589.0,35613.0,35631.0,35639.0,35648.0,35665.0,35681.0,35692.0,35705.0,35731.0,35744.0,35753.0,35768.0,35788.0,35798.0,35810.0,35824.0,35836.0,35847.0,35857.0,35871.0,35883.0,35892.0,35909.0,35921.0,35934.0,35949.0,35954.0,35963.0,35975.0,35984.0,35992.0,36000.0,36012.0,36024.0,36037.0,36048.0,36059.0,36078.0,36090.0,36097.0,36106.0,36123.0,36129.0,36141.0,36150.0,36162.0,36169.0,36174.0,36189.0,36196.0,36203.0,36211.0,36223.0,36241.0,36258.0,36270.0,36282.0,36290.0,,,,,,,,,36401.0,36412.0,36424.0,36441.0,36464.0,36477.0,36488.0,36502.0,36513.0,36527.0,36537.0,36544.0,36560.0,36574.0,36583.0,36600.0,36612.0,36630.0,36638.0,36648.0,36657.0,36661.0,36663.0,36672.0,36676.0,36687.0,36694.0,36708.0,36725.0,36735.0,36743.0,36751.0,36757.0,36765.0,36770.0,36785.0,36802.0,36811.0,36818.0,36830.0,36845.0,36860.0,36870.0,36882.0,36885.0,36902.0,36921.0,36933.0,36946.0,36961.0,36972.0,36986.0,36992.0,36999.0,37010.0,37038.0,37047.0,37052.0,37059.0,37067.0,37076.0,37080.0,37093.0,37100.0,37112.0,37120.0,37130.0,37150.0,37166.0,37177.0,37182.0,37184.0,37194.0,37199.0,37202.0,37207.0,37219.0,37229.0,37238.0,37242.0,37249.0,37255.0,37276.0,37294.0,37306.0,37313.0,37325.0,37336.0,37349.0,37357.0,37368.0,37379.0,37394.0,37402.0,37410.0,37421.0,37435.0,37447.0,37462.0,37469.0,37479.0,37495.0,37505.0,37524.0,37538.0,37549.0,37561.0,37568.0,37577.0,37589.0,37598.0,37611.0,37619.0,37633.0,37645.0,37651.0,37661.0,37667.0,37672.0,37687.0,37694.0,,37704.0,37710.0,37708.0,37716.0,37723.0,37738.0,37750.0,37754.0,37764.0,37783.0,37795.0,37806.0,37811.0,37818.0,37823.0,37830.0,37832.0,37841.0,37852.0,37860.0,37863.0,37874.0,37879.0,37885.0,37895.0,37908.0,37917.0,37927.0,37934.0,37936.0,37940.0,37947.0,37960.0,37964.0,37970.0,37975.0,37985.0,37999.0,38006.0,38010.0,38019.0,38023.0,38034.0,38044.0,38054.0,38063.0,38066.0,38071.0,38077.0,38090.0,38098.0,38108.0,38114.0,38123.0,38138.0,38145.0,38149.0,38151.0,38159.0,38170.0,38182.0,38190.0,38195.0,38200.0,38228.0,38245.0,38256.0,38268.0,38276.0,38281.0,38284.0,38296.0,38302.0,38308.0,38313.0,38319.0,38329.0,38340.0,38343.0,38353.0,38364.0,38368.0,38378.0,38380.0,38385.0,38392.0,38400.0,38413.0,38427.0,38455.0,38469.0,38482.0,38490.0,38505.0,38520.0,38531.0,38565.0,38571.0,38576.0,38599.0,38605.0,38609.0,38614.0,38628.0,38634.0,38649.0,38654.0,38662.0,38667.0,38674.0,38685.0,38693.0,38704.0,38719
jrt4iWhofPA,11477352.0,11478181.0,11478916.0,11479681.0,11480609.0,11481652.0,11482425.0,11483238.0,11484206.0,11485020.0,11486263.0,11487162.0,11488065.0,11489061.0,11490053.0,11490973.0,11491972.0,11492945.0,11493994.0,11495033.0,11495939.0,11496834.0,11497732.0,11498630.0,11499396.0,11500172.0,11501111.0,11502194.0,11503211.0,11503999.0,11504778.0,11505620.0,11506516.0,11507573.0,11508541.0,11509509.0,11510614.0,11511341.0,11512286.0,11513174.0,11514152.0,11515077.0,11515976.0,11516915.0,11517976.0,11519285.0,11520348.0,11521320.0,11522095.0,11523011.0,11523693.0,11524456.0,11525062.0,11525862.0,11526708.0,11527494.0,11528227.0,11528989.0,11529721.0,11530470.0,11531224.0,11532087.0,11532896.0,11533921.0,11534932.0,11535727.0,11536634.0,11537676.0,11538525.0,11539815.0,11540958.0,11541951.0,11542818.0,11543756.0,11544749.0,11545785.0,11546888.0,11547813.0,11549051.0,11550007.0,11550859.0,11551836.0,11552800.0,11553702.0,11554542.0,11555248.0,11556236.0,11557015.0,11557842.0,11558648.0,11559473.0,11560191.0,11561135.0,11561991.0,11562784.0,11563439.0,11564318.0,11564968.0,11565767.0,11566517.0,11567304.0,11568000.0,11568827.0,11569500.0,11570291.0,11571069.0,11571847.0,11572642.0,11573397.0,11574238.0,11575035.0,11575892.0,11576515.0,11577278.0,11578068.0,11578714.0,11579503.0,11580230.0,11580954.0,11581591.0,11582438.0,11583200.0,11583895.0,11584579.0,11585171.0,11585961.0,11586637.0,11587313.0,11587897.0,11588520.0,11589115.0,11589638.0,11590298.0,11590962.0,,,,,,,,,11596541.0,11597106.0,11597609.0,11598329.0,11598903.0,11599469.0,11600000.0,11600512.0,11601047.0,11601695.0,11602251.0,11602840.0,11603383.0,11604209.0,11604920.0,11605471.0,11606062.0,11606871.0,11607482.0,11608044.0,11608465.0,11608831.0,11609274.0,11609747.0,11610169.0,11610742.0,11611274.0,11611748.0,11612286.0,11612775.0,11613324.0,11613789.0,11614411.0,11614968.0,11615538.0,11616153.0,11616679.0,11617283.0,11617843.0,11618521.0,11619100.0,11619683.0,11620278.0,11620828.0,11621435.0,11622045.0,11622823.0,11623619.0,11624319.0,11624879.0,11625504.0,11626082.0,11626716.0,11627371.0,11627999.0,11628547.0,11629122.0,11629627.0,11630150.0,11630637.0,11631207.0,11631761.0,11632243.0,11632785.0,11633383.0,11633934.0,11634561.0,11635085.0,11635606.0,11636167.0,11636671.0,11637182.0,11637791.0,11638354.0,11638997.0,11639612.0,11640151.0,11640761.0,11641208.0,11641831.0,11642458.0,11643077.0,11643687.0,11644434.0,11645067.0,11645558.0,11646154.0,11646745.0,11647245.0,11647856.0,11648399.0,11648870.0,11649299.0,11649876.0,11650412.0,11650994.0,11651585.0,11652088.0,11652561.0,11653067.0,11653622.0,11654171.0,11654781.0,11655378.0,11655972.0,11656423.0,11656964.0,11657513.0,11658004.0,11658509.0,11659058.0,11659641.0,11660139.0,11660549.0,11661162.0,11661560.0,11662020.0,11662491.0,11662925.0,11663537.0,11664048.0,,11665291.0,11665915.0,11666464.0,11667047.0,11667560.0,11667993.0,11668458.0,11668965.0,11669551.0,11670093.0,11670602.0,11671123.0,11671652.0,11672216.0,11672727.0,11673302.0,11673855.0,11674473.0,11675069.0,11675667.0,11676330.0,11677012.0,11677653.0,11678270.0,11678888.0,11679472.0,11679947.0,11680492.0,11680987.0,11681633.0,11682327.0,11683001.0,11683692.0,11684299.0,11684931.0,11685694.0,11686353.0,11687117.0,11687812.0,11688337.0,11688996.0,11689604.0,11690189.0,11690891.0,11691594.0,11692206.0,11692740.0,11693328.0,11693831.0,11694483.0,11695106.0,11695777.0,11696492.0,11697046.0,11697757.0,11698346.0,11698890.0,11699451.0,11700063.0,11700678.0,11701244.0,11701747.0,11702260.0,11702935.0,11703540.0,11704062.0,11704526.0,11705041.0,11705468.0,11705945.0,11706445.0,11706838.0,11707289.0,11707745.0,11708190.0,11708680.0,11709285.0,11709826.0,11710355.0,11710870.0,11711342.0,11711794.0,11712186.0,11712745.0,11713240.0,11713739.0,11714203.0,11714729.0,11715162.0,11715566.0,11716027.0,11716527.0,11716957.0,11717420.0,11717923.0,11718355.0,11718788.0,11719277.0,11719679.0,11720115.0,11720619.0,11721007.0,11721498.0,11721915.0,11722275.0,11722736.0,11723165.0,11723591.0,11724023.0,11724431.0,11724773.0,11725254.0,11725690.0,11726068
lYhsX1FXA1U,,,,,,,,,,,,,,,,,,,,,,,,,,,,,,,,,,,,,,,,,,,,,,,,,,,,,,,,,,,,,,,,,,,,,,,,,,,,,,,,,,,,,,,,,,,,,,,,,,,,,,,,,,,,,,,,,,,,,,,,,,,,,,,,,,,,,,,,,,,,,,,,,,,,,,,,,,,,,,,,,,,,,,,,,,,,,,,,,,,,,,,,,,,,,,,,,,,,,,,,,,,,,,,,,,,,,,,,,,,,,,,,,,,,,,,,,,,,,,,,,,,,,,,,,,,,,,,,,,,,,,,,,,,,,,,,,,,,,,,,,,,,,,,,,,,,,,,,,,,,,,,,,,,,,,,,,,,,,,,,,,,,,,,,,,,,,,,,,,,,,,,,,,,,,,,,,,,,,,,,,,,,,,,,,,,,,,,,,,
Wfe-31zw4Ls,105360.0,105429.0,105513.0,105576.0,105649.0,105716.0,105790.0,105845.0,105916.0,105984.0,106028.0,106076.0,106145.0,106222.0,106287.0,106358.0,106424.0,106477.0,106548.0,106621.0,106718.0,106786.0,106856.0,106909.0,106963.0,107042.0,107112.0,107170.0,107239.0,107304.0,107358.0,107394.0,107444.0,107491.0,107553.0,107595.0,107665.0,107718.0,107764.0,107805.0,107850.0,107896.0,107954.0,107991.0,108034.0,108070.0,108115.0,108166.0,108221.0,108271.0,108314.0,108348.0,108389.0,108433.0,108477.0,108531.0,108568.0,108610.0,108659.0,108694.0,108742.0,108784.0,108818.0,108859.0,108895.0,108937.0,108966.0,109010.0,109053.0,109105.0,109150.0,109190.0,109215.0,109260.0,109318.0,109356.0,109400.0,109447.0,109498.0,109553.0,109599.0,109645.0,109703.0,109750.0,109796.0,109840.0,109871.0,109916.0,109959.0,110004.0,110051.0,110097.0,110135.0,110185.0,110222.0,110251.0,110292.0,110330.0,110367.0,110408.0,110442.0,110490.0,110526.0,110567.0,110611.0,110655.0,110694.0,110737.0,110782.0,110812.0,110853.0,110892.0,110929.0,110974.0,111014.0,111050.0,111083.0,111120.0,111147.0,111185.0,111227.0,111260.0,111296.0,111324.0,111386.0,111431.0,111487.0,111548.0,111575.0,111607.0,111649.0,111699.0,111746.0,111799.0,,,,,,,,,112197.0,112240.0,112299.0,112350.0,112410.0,112492.0,112575.0,112647.0,112714.0,112766.0,112842.0,112915.0,112976.0,113034.0,113072.0,113112.0,113148.0,113194.0,113258.0,113291.0,113335.0,113363.0,113396.0,113425.0,113454.0,113490.0,113527.0,113573.0,113600.0,113627.0,113673.0,113708.0,113743.0,113784.0,113822.0,113870.0,113914.0,113974.0,114024.0,114082.0,114139.0,114197.0,114247.0,114296.0,114357.0,114418.0,114478.0,114539.0,114594.0,114652.0,114705.0,114777.0,114813.0,114882.0,114946.0,115007.0,115070.0,115124.0,115177.0,115223.0,115274.0,115324.0,115369.0,115425.0,115478.0,115528.0,115566.0,115619.0,115667.0,115712.0,115753.0,115789.0,115835.0,115892.0,115947.0,115985.0,116040.0,116081.0,116147.0,116194.0,116237.0,116287.0,116338.0,116391.0,116430.0,116473.0,116510.0,116559.0,116597.0,116630.0,116663.0,116696.0,116716.0,116750.0,116796.0,116825.0,116865.0,116907.0,116949.0,116974.0,117018.0,117054.0,117078.0,117122.0,117161.0,117216.0,117261.0,117298.0,117334.0,117370.0,117404.0,117439.0,117476.0,117494.0,117524.0,117551.0,117568.0,117596.0,117628.0,117665.0,117686.0,,117747.0,117780.0,117818.0,117857.0,117894.0,117916.0,117934.0,117968.0,117999.0,118024.0,118061.0,118100.0,118129.0,118163.0,118202.0,118226.0,118259.0,118282.0,118306.0,118327.0,118349.0,118373.0,118395.0,118422.0,118451.0,118488.0,118523.0,118552.0,118580.0,118635.0,118671.0,118685.0,118717.0,118754.0,118838.0,118889.0,118915.0,118934.0,118967.0,118982.0,119004.0,119025.0,119056.0,119087.0,119118.0,119140.0,119209.0,119282.0,119407.0,119495.0,119577.0,119662.0,119726.0,119781.0,119826.0,119889.0,119933.0,119974.0,120027.0,120078.0,120111.0,120163.0,120199.0,120227.0,120284.0,120347.0,120456.0,120529.0,120617.0,120723.0,120837.0,120933.0,121057.0,121120.0,121190.0,121254.0,121319.0,121390.0,121463.0,121535.0,121601.0,121655.0,121682.0,121722.0,121756.0,121796.0,121823.0,121853.0,121892.0,121920.0,121949.0,121964.0,121988.0,122021.0,122056.0,122087.0,122110.0,122140.0,122200.0,122228.0,122261.0,122290.0,122315.0,122354.0,122401.0,122431.0,122472.0,122499.0,122525.0,122558.0,122581.0,122608.0,122644.0,122675
C5VwU4rdeHU,198200.0,198275.0,198351.0,198420.0,198492.0,198563.0,198719.0,198853.0,199007.0,199120.0,199218.0,199293.0,199388.0,199481.0,199568.0,199675.0,199789.0,199883.0,199951.0,200049.0,200129.0,200197.0,200279.0,200346.0,200430.0,200479.0,200558.0,200648.0,200740.0,200807.0,200874.0,200944.0,201011.0,201076.0,201145.0,201211.0,201299.0,201362.0,201433.0,201520.0,201583.0,201646.0,201725.0,201796.0,201898.0,201945.0,202010.0,202072.0,202152.0,202247.0,202313.0,202372.0,202423.0,202468.0,202519.0,202573.0,202616.0,202679.0,202738.0,202785.0,202838.0,202911.0,202950.0,203007.0,203050.0,203107.0,203162.0,203226.0,203301.0,203384.0,203436.0,203499.0,203548.0,203610.0,203687.0,203746.0,203791.0,203854.0,203905.0,203960.0,204035.0,204068.0,204128.0,204175.0,204214.0,204277.0,204348.0,204402.0,204461.0,204516.0,204571.0,204623.0,204672.0,204713.0,204765.0,204820.0,204892.0,204937.0,204990.0,205040.0,205080.0,205124.0,205181.0,205242.0,205301.0,205366.0,205434.0,205483.0,205548.0,205603.0,205668.0,205736.0,205773.0,205847.0,205886.0,205947.0,206011.0,206070.0,206132.0,206169.0,206215.0,206251.0,206295.0,206346.0,206393.0,206431.0,206465.0,206498.0,206530.0,206559.0,206611.0,206655.0,206702.0,206749.0,,,,,,,,,207224.0,207263.0,207319.0,207370.0,207423.0,207488.0,207557.0,207617.0,207697.0,207825.0,207895.0,207965.0,208031.0,208105.0,208191.0,208243.0,208312.0,208375.0,208443.0,208506.0,208537.0,208566.0,208602.0,208638.0,208677.0,208718.0,208769.0,208805.0,208851.0,208902.0,208935.0,208962.0,209003.0,209043.0,209076.0,209125.0,209157.0,209199.0,209231.0,209279.0,209334.0,209370.0,209404.0,209428.0,209471.0,209515.0,209550.0,209589.0,209628.0,209674.0,209712.0,209745.0,209779.0,209811.0,209837.0,209883.0,209919.0,209959.0,210004.0,210057.0,210116.0,210165.0,210216.0,210258.0,210289.0,210306.0,210349.0,210384.0,210425.0,210461.0,210500.0,210532.0,210567.0,210609.0,210644.0,210678.0,210706.0,210733.0,210777.0,210830.0,210861.0,210893.0,210928.0,210948.0,210978.0,211012.0,211044.0,211082.0,211104.0,211133.0,211168.0,211216.0,211255.0,211292.0,211319.0,211337.0,211373.0,211408.0,211433.0,211458.0,211483.0,211514.0,211544.0,211586.0,211618.0,211639.0,211678.0,211701.0,211735.0,211768.0,211799.0,211852.0,211876.0,211909.0,211939.0,211964.0,212004.0,212022.0,212040.0,212072.0,212106.0,,212172.0,212213.0,212253.0,212283.0,212318.0,212345.0,212381.0,212412.0,212437.0,212461.0,212488.0,212514.0,212533.0,212566.0,212599.0,212642.0,212691.0,212725.0,212749.0,212773.0,212807.0,212865.0,212906.0,212953.0,212997.0,213036.0,213070.0,213100.0,213148.0,213180.0,213226.0,213263.0,213307.0,213348.0,213394.0,213419.0,213455.0,213487.0,213524.0,213580.0,213613.0,213638.0,213673.0,213720.0,213759.0,213798.0,213836.0,213882.0,213922.0,213955.0,213977.0,214012.0,214036.0,214069.0,214101.0,214134.0,214178.0,214207.0,214246.0,214291.0,214332.0,214371.0,214423.0,214473.0,214514.0,214552.0,214590.0,214623.0,214650.0,214681.0,214715.0,214750.0,214788.0,214820.0,214866.0,214900.0,214932.0,214958.0,214983.0,215016.0,215053.0,215090.0,215111.0,215149.0,215176.0,215214.0,215254.0,215286.0,215326.0,215369.0,215401.0,215429.0,215458.0,215508.0,215537.0,215569.0,215601.0,215636.0,215670.0,215697.0,215742.0,215767.0,215793.0,215834.0,215863.0,215897.0,215926.0,215971.0,215985.0,216008.0,216033.0,216056.0,216076.0,216106
0IdvSqHNZac,1953343.0,1954137.0,1955039.0,1955777.0,1956653.0,1957707.0,1958838.0,1960005.0,1961028.0,1961825.0,1962520.0,1963510.0,1964504.0,1965438.0,1966593.0,1967701.0,1968697.0,1969615.0,1970611.0,1971747.0,1973030.0,1974346.0,1975472.0,1976372.0,1977166.0,1978162.0,1979169.0,1980099.0,1980967.0,1982084.0,1982956.0,1983764.0,1984903.0,1985943.0,1987139.0,1988149.0,1989619.0,1990891.0,1991971.0,1993336.0,1995204.0,1997819.0,2000478.0,2004019.0,2007185.0,2009582.0,2012093.0,2014761.0,2017153.0,2019124.0,2020672.0,2021990.0,2022954.0,2023878.0,2025040.0,2026297.0,2027486.0,2028553.0,2029520.0,2030576.0,2031723.0,2032966.0,2034199.0,2035550.0,2036994.0,2038139.0,2039163.0,2040799.0,2042187.0,2044359.0,2046102.0,2047912.0,2050216.0,2053151.0,2056632.0,2060043.0,2063504.0,2067185.0,2070640.0,2073554.0,2075806.0,2078631.0,2081293.0,2083710.0,2085670.0,2087494.0,2089057.0,2090375.0,2091866.0,2093557.0,2094981.0,2096379.0,2098003.0,2099294.0,2100438.0,2101995.0,2103647.0,2105141.0,2106668.0,2108267.0,2109630.0,2110754.0,2112240.0,2113821.0,2115549.0,2117445.0,2118964.0,2120195.0,2121393.0,2122796.0,2124524.0,2126467.0,2128448.0,2130297.0,2131580.0,2132489.0,2133831.0,2135708.0,2137492.0,2139495.0,2141160.0,2142596.0,2144011.0,2145476.0,2147225.0,2149249.0,2151334.0,2153480.0,2155055.0,2156545.0,2158529.0,2160524.0,2162657.0,2164583.0,,,,,,,,,2181900.0,2184848.0,2188420.0,2191803.0,2194245.0,2197259.0,2199997.0,2202354.0,2204740.0,2207348.0,2210125.0,2212754.0,2215514.0,2218369.0,2220533.0,2222446.0,2225027.0,2227669.0,2230244.0,2232223.0,2234082.0,2235852.0,2237233.0,2239319.0,2241177.0,2242914.0,2244750.0,2246486.0,2247948.0,2249466.0,2251146.0,2252880.0,2254610.0,2256273.0,2257824.0,2259358.0,2260569.0,2262091.0,2263841.0,2265500.0,2267212.0,2268960.0,2270338.0,2271564.0,2273272.0,2275077.0,2276929.0,2278878.0,2280964.0,2282548.0,2283661.0,2285541.0,2287098.0,2288881.0,2290757.0,2292532.0,2294118.0,2295517.0,2297189.0,2299187.0,2301112.0,2302543.0,2304336.0,2305967.0,2307445.0,2309461.0,2311689.0,2313688.0,2315353.0,2317250.0,2318932.0,2320738.0,2322932.0,2325339.0,2327534.0,2329715.0,2331959.0,2333771.0,2335321.0,2337288.0,2339229.0,2340848.0,2343158.0,2344885.0,2346422.0,2347960.0,2349813.0,2351589.0,2353318.0,2355431.0,2357302.0,2358643.0,2359953.0,2361455.0,2363296.0,2364899.0,2366658.0,2368454.0,2370077.0,2371335.0,2372921.0,2374459.0,2375854.0,2377655.0,2379194.0,2380474.0,2381515.0,2382996.0,2384475.0,2386114.0,2387671.0,2389156.0,2390414.0,2391516.0,2392519.0,2393426.0,2394369.0,2395518.0,2396525.0,2397571.0,2398347.0,,2400377.0,2401497.0,2402537.0,2403545.0,2404341.0,2405203.0,2405932.0,2406907.0,2407720.0,2408786.0,2409701.0,2410661.0,2411377.0,2412247.0,2413394.0,2414520.0,2415528.0,2416583.0,2417640.0,2418389.0,2419348.0,2420364.0,2421331.0,2422443.0,2423484.0,2424308.0,2425073.0,2426194.0,2427062.0,2428271.0,2429141.0,2430099.0,2430900.0,2431672.0,2432621.0,2433581.0,2434546.0,2435512.0,2436510.0,2437383.0,2438086.0,2439211.0,2440348.0,2441284.0,2442447.0,2443565.0,2444856.0,2446125.0,2447647.0,2449233.0,2450421.0,2452095.0,2453630.0,2454710.0,2455642.0,2456802.0,2458261.0,2459641.0,2460600.0,2461730.0,2462827.0,2463686.0,2464593.0,2465715.0,2466705.0,2467947.0,2469263.0,2470384.0,2471362.0,2472441.0,2473583.0,2474819.0,2475953.0,2477133.0,2478168.0,2479213.0,2480294.0,2481272.0,2482436.0,2483392.0,2484488.0,2485500.0,2486232.0,2487190.0,2488145.0,2489044.0,2489936.0,2490930.0,2491758.0,2492439.0,2493149.0,2493985.0,2494913.0,2495788.0,2496741.0,2497607.0,2498331.0,2499271.0,2500225.0,2501000.0,2501909.0,2502868.0,2503670.0,2504491.0,2505614.0,2506524.0,2507508.0,2508568.0,2509440.0,2510265.0,2511103.0,2511986.0,2512985.0,2514015
MGj7-C6d_lI,4273107.0,4276739.0,4280737.0,4284874.0,4288623.0,4293244.0,4296970.0,4301373.0,4305550.0,4309825.0,4313867.0,4317115.0,4320580.0,4323688.0,4327010.0,4331176.0,4334773.0,4338369.0,4341655.0,4345605.0,4349098.0,4352696.0,4356007.0,4360490.0,4364290.0,4367670.0,4371186.0,4374956.0,4378981.0,4383295.0,4386855.0,4389889.0,4393395.0,4397460.0,4401456.0,4405313.0,4409119.0,4412531.0,4415738.0,4419558.0,4423934.0,4427690.0,4431218.0,4434583.0,4437983.0,4441122.0,4444196.0,4447783.0,4451600.0,4455033.0,4458434.0,4462279.0,4465904.0,4469489.0,4472740.0,4476198.0,4479908.0,4483771.0,4487058.0,4490523.0,4494675.0,4498944.0,4503231.0,4507367.0,4511486.0,4515496.0,4519262.0,4522391.0,4525549.0,4529704.0,4533389.0,4536834.0,4540360.0,4543273.0,4546071.0,4549553.0,4553368.0,4557120.0,4560543.0,4564108.0,4567468.0,4570621.0,4574230.0,4577866.0,4581647.0,4585407.0,4589251.0,4592437.0,4595867.0,4599751.0,4603495.0,4607231.0,4611409.0,4615291.0,4619078.0,4622118.0,4626149.0,4629871.0,4633883.0,4638231.0,4642548.0,4646051.0,4649493.0,4653477.0,4657387.0,4661301.0,4664831.0,4668819.0,4672127.0,4675767.0,4679720.0,4684038.0,4688172.0,4692258.0,4696378.0,4700125.0,4703391.0,4707970.0,4712399.0,4716625.0,4720912.0,4725086.0,4728688.0,4732348.0,4737115.0,4742002.0,4746615.0,4751143.0,4755079.0,4758622.0,4761943.0,4765773.0,4769773.0,4773819.0,,,,,,,,,4807951.0,4811836.0,4815433.0,4819411.0,4823383.0,4827090.0,4830827.0,4834318.0,4837496.0,4840419.0,4843948.0,4847444.0,4851266.0,4854852.0,4858246.0,4861172.0,4864195.0,4867678.0,4871279.0,4875044.0,4878750.0,4882555.0,4886058.0,4889226.0,4892741.0,4896186.0,4899529.0,4902895.0,4906284.0,4909323.0,4912359.0,4915864.0,4919302.0,4922702.0,4926004.0,4929181.0,4932141.0,4935024.0,4938525.0,4941752.0,4945362.0,4948456.0,4951340.0,4954118.0,4957072.0,4960039.0,4963308.0,4966571.0,4969475.0,4972763.0,4975640.0,4978611.0,4981617.0,4984814.0,4988018.0,4991084.0,4994068.0,4996806.0,4999426.0,5002786.0,5005870.0,5008561.0,5010896.0,5013461.0,5015799.0,5018442.0,5021477.0,5024490.0,5026897.0,5029106.0,5031784.0,5034128.0,5036591.0,5039457.0,5042458.0,5045376.0,5048695.0,5051694.0,5054428.0,5057267.0,5060383.0,5063474.0,5066618.0,5069584.0,5072405.0,5075126.0,5077824.0,5080856.0,5083997.0,5087036.0,5090096.0,5092814.0,5095201.0,5097754.0,5100749.0,5103723.0,5106767.0,5109864.0,5112757.0,5115315.0,5117884.0,5120726.0,5123617.0,5126522.0,5129254.0,5131700.0,5134059.0,5136624.0,5139406.0,5142375.0,5145233.0,5148273.0,5151072.0,5153633.0,5156261.0,5159071.0,5161796.0,5164589.0,5167303.0,5169817.0,5172066.0,,5177280.0,5179985.0,5182767.0,5185078.0,5187817.0,5190099.0,5192526.0,5195109.0,5197671.0,5200370.0,5203055.0,5205672.0,5208017.0,5210458.0,5213375.0,5216229.0,5218798.0,5221654.0,5224452.0,5226985.0,5229405.0,5232035.0,5234677.0,5237332.0,5240040.0,5242480.0,5244667.0,5246995.0,5249712.0,5252312.0,5254905.0,5257332.0,5259828.0,5261890.0,5264207.0,5266841.0,5269411.0,5271971.0,5274581.0,5276905.0,5279260.0,5281661.0,5284440.0,5287091.0,5289870.0,5292505.0,5295458.0,5298022.0,5300522.0,5303291.0,5305989.0,5308782.0,5311617.0,5314288.0,5316572.0,5319150.0,5321890.0,5324774.0,5327703.0,5330697.0,5333475.0,5335980.0,5338488.0,5341387.0,5343978.0,5347356.0,5350285.0,5353334.0,5356367.0,5359674.0,5363040.0,5366672.0,5369934.0,5373411.0,5376462.0,5379190.0,5381805.0,5384892.0,5387759.0,5390855.0,5393875.0,5396914.0,5399646.0,5402274.0,5405443.0,5408180.0,5411518.0,5414621.0,5417624.0,5420230.0,5422925.0,5425790.0,5428647.0,5431611.0,5434627.0,5437276.0,5439803.0,5441756.0,5444671.0,5447393.0,5449924.0,5452596.0,5455132.0,5457173.0,5459364.0,5461796.0,5464160.0,5466664.0,5468916.0,5471253.0,5473208.0,5475279.0,5477608.0,5479901
klpvW6sSbq0,100716.0,100905.0,101066.0,101213.0,101394.0,101570.0,101713.0,101869.0,102023.0,102138.0,102266.0,102377.0,102513.0,102662.0,102862.0,103004.0,103166.0,103273.0,103423.0,103589.0,103743.0,103883.0,104230.0,104476.0,104657.0,104861.0,106393.0,107915.0,109550.0,111566.0,113490.0,114277.0,114964.0,115651.0,115951.0,116112.0,116239.0,116360.0,116433.0,116576.0,116711.0,116864.0,116977.0,117077.0,117178.0,117275.0,117368.0,117472.0,117591.0,117716.0,117798.0,117903.0,118000.0,118094.0,118177.0,118280.0,118386.0,118501.0,118576.0,118652.0,118755.0,118827.0,118905.0,119010.0,119103.0,119198.0,119289.0,119375.0,119446.0,119568.0,119656.0,119755.0,119869.0,119976.0,120074.0,120137.0,120257.0,120346.0,120435.0,120524.0,120600.0,120698.0,120775.0,120863.0,120953.0,121051.0,121128.0,121197.0,121291.0,121358.0,121437.0,121527.0,121605.0,121699.0,121767.0,121831.0,121911.0,121983.0,122055.0,122131.0,122217.0,122287.0,122377.0,122445.0,122517.0,122610.0,122709.0,122820.0,122908.0,123015.0,123151.0,123333.0,123472.0,123603.0,123729.0,123875.0,123994.0,124168.0,124373.0,124548.0,124693.0,124875.0,125012.0,125175.0,125320.0,125485.0,125638.0,125815.0,125952.0,126088.0,126240.0,126356.0,126487.0,126604.0,,,,,,,,,127574.0,127685.0,127776.0,127868.0,127973.0,128074.0,128159.0,128236.0,128331.0,128461.0,128557.0,128647.0,128769.0,128905.0,129009.0,129110.0,129203.0,129337.0,129451.0,129569.0,129659.0,129762.0,129872.0,129952.0,130053.0,130144.0,130235.0,130329.0,130436.0,130520.0,130623.0,130718.0,130840.0,130931.0,131030.0,131126.0,131214.0,131303.0,131392.0,131487.0,131550.0,131623.0,131711.0,131781.0,131848.0,131947.0,132028.0,132110.0,132219.0,132342.0,132436.0,132518.0,132624.0,132717.0,132814.0,132927.0,133004.0,133080.0,133175.0,133280.0,133380.0,133461.0,133538.0,133630.0,133723.0,133835.0,133938.0,134034.0,134101.0,134168.0,134244.0,134328.0,134414.0,134508.0,134614.0,134725.0,134820.0,134903.0,134994.0,135057.0,135151.0,135244.0,135331.0,135438.0,135523.0,135588.0,135669.0,135756.0,135838.0,135936.0,136037.0,136137.0,136208.0,136290.0,136391.0,136494.0,136561.0,136661.0,136742.0,136825.0,136911.0,137006.0,137099.0,137179.0,137254.0,137333.0,137434.0,137515.0,137582.0,137681.0,137785.0,137874.0,137943.0,138010.0,138090.0,138151.0,138193.0,138284.0,138376.0,138464.0,138564.0,,138767.0,138849.0,138919.0,138990.0,139035.0,139097.0,139137.0,139196.0,139275.0,139318.0,139360.0,139414.0,139466.0,139527.0,139580.0,139636.0,139692.0,139747.0,139821.0,139888.0,139947.0,140000.0,140063.0,140121.0,140169.0,140210.0,140260.0,140299.0,140348.0,140401.0,140442.0,140488.0,140538.0,140585.0,140614.0,140664.0,140721.0,140773.0,140820.0,140887.0,140935.0,140986.0,141053.0,141105.0,141186.0,141273.0,141366.0,141472.0,141601.0,141735.0,141841.0,141941.0,142031.0,142125.0,142204.0,142277.0,142359.0,142436.0,142525.0,142637.0,142716.0,142797.0,142875.0,142972.0,143071.0,143171.0,143274.0,143369.0,143473.0,143584.0,143665.0,143767.0,143885.0,144046.0,144161.0,144277.0,144499.0,144628.0,144760.0,144889.0,145004.0,145131.0,145241.0,145352.0,145474.0,145603.0,145769.0,145867.0,145956.0,146041.0,146146.0,146248.0,146383.0,146480.0,146629.0,146721.0,146849.0,147001.0,147167.0,147313.0,147460.0,147611.0,147753.0,147888.0,148063.0,148232.0,148384.0,148551.0,148699.0,148795.0,148937.0,149076.0,149248.0,149397
A6AzYntMhY4,1168809.0,1168920.0,1169060.0,1169215.0,1169386.0,1169589.0,1169767.0,1169943.0,1170097.0,1170226.0,1170381.0,1170536.0,1170681.0,1170893.0,1171038.0,1171184.0,1171329.0,1171464.0,1171619.0,1171743.0,1171850.0,1171981.0,1172110.0,1172212.0,1172315.0,1172433.0,1172543.0,1172691.0,1172825.0,1172965.0,1173118.0,1173238.0,1173364.0,1173501.0,1173638.0,1173773.0,1173929.0,1174070.0,1174217.0,1174321.0,1174445.0,1174586.0,1174709.0,1174856.0,1174993.0,1175121.0,1175237.0,1175356.0,1175495.0,1175662.0,1175803.0,1175931.0,1176083.0,1176207.0,1176359.0,1176499.0,1176622.0,1176760.0,1176887.0,1177023.0,1177138.0,1177286.0,1177409.0,1177543.0,1177719.0,1177884.0,1178002.0,1178171.0,1178284.0,1178475.0,1178632.0,1178796.0,1178953.0,1179105.0,1179244.0,1179400.0,1179563.0,1179717.0,1179879.0,1180040.0,1180143.0,1180268.0,1180422.0,1180550.0,1180658.0,1180771.0,1180901.0,1180991.0,1181094.0,1181217.0,1181358.0,1181477.0,1181597.0,1181728.0,1181853.0,1181947.0,1182047.0,1182184.0,1182309.0,1182426.0,1182563.0,1182711.0,1182824.0,1182957.0,1183074.0,1183221.0,1183355.0,1183495.0,1183635.0,1183755.0,1183875.0,1183995.0,1184119.0,1184248.0,1184382.0,1184528.0,1184656.0,1184790.0,1184932.0,1185050.0,1185196.0,1185330.0,1185437.0,1185540.0,1185661.0,1185789.0,1185939.0,1186069.0,1186211.0,1186381.0,1186509.0,1186642.0,1186784.0,1186911.0,,,,,,,,,1188038.0,1188208.0,1188332.0,1188498.0,1188627.0,1188768.0,1188883.0,1188998.0,1189144.0,1189304.0,1189441.0,1189567.0,1189768.0,1189929.0,1190074.0,1190224.0,1190379.0,1190541.0,1190665.0,1190792.0,1190909.0,1191023.0,1191166.0,1191290.0,1191406.0,1191515.0,1191614.0,1191715.0,1191844.0,1191985.0,1192103.0,1192201.0,1192320.0,1192426.0,1192539.0,1192660.0,1192776.0,1192878.0,1192999.0,1193131.0,1193251.0,1193363.0,1193461.0,1193555.0,1193683.0,1193771.0,1193871.0,1193979.0,1194111.0,1194231.0,1194343.0,1194444.0,1194555.0,1194655.0,1194773.0,1194888.0,1195001.0,1195090.0,1195193.0,1195293.0,1195384.0,1195487.0,1195578.0,1195692.0,1195787.0,1195891.0,1196000.0,1196088.0,1196192.0,1196276.0,1196374.0,1196480.0,1196582.0,1196704.0,1196805.0,1196907.0,1197016.0,1197142.0,1197242.0,1197368.0,1197494.0,1197602.0,1197735.0,1197861.0,1197967.0,1198086.0,1198200.0,1198297.0,1198427.0,1198529.0,1198647.0,1198748.0,1198890.0,1199006.0,1199093.0,1199212.0,1199336.0,1199462.0,1199589.0,1199739.0,1199847.0,1199987.0,1200109.0,1200246.0,1200391.0,1200505.0,1200602.0,1200712.0,1200819.0,1200935.0,1201044.0,1201148.0,1201265.0,1201364.0,1201491.0,1201602.0,1201747.0,1201844.0,1201955.0,1202069.0,1202153.0,,1202353.0,1202498.0,1202604.0,1202708.0,1202829.0,1202940.0,1203058.0,1203158.0,1203239.0,1203344.0,1203451.0,1203571.0,1203688.0,1203788.0,1203877.0,1203990.0,1204102.0,1204204.0,1204288.0,1204393.0,1204490.0,1204604.0,1204733.0,1204814.0,1204921.0,1205040.0,1205155.0,1205257.0,1205364.0,1205458.0,1205550.0,1205672.0,1205787.0,1205871.0,1205954.0,1206066.0,1206181.0,1206279.0,1206401.0,1206504.0,1206574.0,1206660.0,1206759.0,1206867.0,1206942.0,1207044.0,1207135.0,1207246.0,1207315.0,1207424.0,1207541.0,1207648.0,1207743.0,1207855.0,1207949.0,1208052.0,1208147.0,1208227.0,1208335.0,1208432.0,1208527.0,1208612.0,1208690.0,1208792.0,1208873.0,1208958.0,1209075.0,1209181.0,1209257.0,1209318.0,1209395.0,1209476.0,1209543.0,1209623.0,1209703.0,1209789.0,1209879.0,1209968.0,1210050.0,1210133.0,1210207.0,1210308.0,1210398.0,1210484.0,1210578.0,1210645.0,1210757.0,1210847.0,1210940.0,1211021.0,1211090.0,1211147.0,1211225.0,1211287.0,1211361.0,1211429.0,1211493.0,1211546.0,1211617.0,1211688.0,1211749.0,1211802.0,1211873.0,1211957.0,1212024.0,1212075.0,1212170.0,1212234.0,1212293.0,1212363.0,1212430.0,1212476.0,1212553.0,1212618
mVLXX5G2pyQ,46193.0,46204.0,46213.0,46223.0,46237.0,46253.0,46262.0,46276.0,46294.0,46299.0,46303.0,46317.0,46326.0,46343.0,46362.0,46370.0,46377.0,46390.0,46395.0,46404.0,46409.0,46416.0,46428.0,46437.0,46450.0,46470.0,46482.0,46487.0,46495.0,46497.0,46508.0,46515.0,46526.0,46534.0,46541.0,46550.0,46562.0,46573.0,46576.0,46583.0,46598.0,46607.0,46619.0,46637.0,46657.0,46662.0,46673.0,46687.0,46695.0,46705.0,46711.0,46724.0,46734.0,46744.0,46753.0,46766.0,46782.0,46792.0,46806.0,46817.0,46826.0,46828.0,46833.0,46836.0,46841.0,46851.0,46857.0,46866.0,46874.0,46884.0,46896.0,46905.0,46914.0,46919.0,46932.0,46942.0,46944.0,46953.0,46968.0,46973.0,46982.0,46992.0,47002.0,47018.0,47026.0,47034.0,47043.0,47056.0,47062.0,47073.0,47084.0,47089.0,47097.0,47109.0,47118.0,47136.0,47149.0,47161.0,47170.0,47178.0,47184.0,47191.0,47198.0,47210.0,47219.0,47240.0,47248.0,47255.0,47267.0,47277.0,47290.0,47296.0,47305.0,47309.0,47319.0,47327.0,47339.0,47350.0,47361.0,47368.0,47376.0,47385.0,47399.0,47406.0,47410.0,47421.0,47431.0,47436.0,47442.0,47453.0,47461.0,47470.0,47479.0,47487.0,,,,,,,,,47580.0,47585.0,47593.0,47608.0,47621.0,47623.0,47633.0,47643.0,47653.0,47672.0,47689.0,47704.0,47713.0,47725.0,47747.0,47758.0,47765.0,47776.0,47785.0,47806.0,47827.0,47835.0,47842.0,47849.0,47855.0,47865.0,47878.0,47883.0,47894.0,47901.0,47909.0,47914.0,47924.0,47927.0,47932.0,47938.0,47943.0,47946.0,47956.0,47960.0,47961.0,47971.0,47981.0,47990.0,47999.0,48011.0,48018.0,48031.0,48034.0,48036.0,48039.0,48044.0,48050.0,48053.0,48068.0,48084.0,48090.0,48099.0,48100.0,48108.0,48113.0,48121.0,48123.0,48134.0,48139.0,48141.0,48148.0,48154.0,48163.0,48169.0,48178.0,48184.0,48198.0,48214.0,48217.0,48227.0,48240.0,48244.0,48253.0,48259.0,48267.0,48276.0,48286.0,48294.0,48300.0,48311.0,48318.0,48326.0,48334.0,48346.0,48353.0,48364.0,48369.0,48376.0,48391.0,48406.0,48428.0,48438.0,48450.0,48460.0,48471.0,48482.0,48488.0,48493.0,48502.0,48511.0,48516.0,48524.0,48534.0,48549.0,48559.0,48571.0,48581.0,48583.0,48589.0,48593.0,48597.0,48612.0,48615.0,48618.0,48622.0,,48639.0,48650.0,48656.0,48662.0,48677.0,48686.0,48692.0,48698.0,48710.0,48723.0,48729.0,48730.0,48741.0,48752.0,48762.0,48770.0,48774.0,48778.0,48783.0,48787.0,48797.0,48805.0,48810.0,48815.0,48826.0,48833.0,48841.0,48850.0,48853.0,48858.0,48867.0,48872.0,48877.0,48886.0,48890.0,48900.0,48912.0,48919.0,48925.0,48937.0,48941.0,48956.0,48965.0,48968.0,48972.0,48981.0,48989.0,48993.0,49002.0,49011.0,49022.0,49025.0,49032.0,49039.0,49047.0,49060.0,49066.0,49073.0,49081.0,49093.0,49103.0,49115.0,49125.0,49143.0,49151.0,49165.0,49183.0,49192.0,49208.0,49229.0,49245.0,49259.0,49273.0,49287.0,49296.0,49307.0,49316.0,49325.0,49341.0,49353.0,49360.0,49375.0,49391.0,49401.0,49407.0,49411.0,49419.0,49427.0,49431.0,49437.0,49444.0,49449.0,49456.0,49462.0,49466.0,49476.0,49478.0,49488.0,49490.0,49499.0,49505.0,49516.0,49526.0,49532.0,49537.0,49546.0,49551.0,49554.0,49562.0,49571.0,49574.0,49576.0,49581.0,49588
GijxiESrguw,320836.0,320975.0,321172.0,321344.0,321567.0,321753.0,321997.0,322182.0,322360.0,322527.0,322674.0,322842.0,323032.0,323198.0,323347.0,323525.0,323668.0,323809.0,323944.0,324100.0,324283.0,324460.0,324613.0,324773.0,324923.0,325100.0,325266.0,325423.0,325628.0,325812.0,326029.0,326228.0,326425.0,326587.0,326771.0,326937.0,327124.0,327276.0,327432.0,327592.0,327756.0,327962.0,328233.0,328441.0,328658.0,328812.0,328974.0,329180.0,329411.0,329623.0,329847.0,330064.0,330207.0,330415.0,330699.0,330971.0,331154.0,331442.0,331757.0,331972.0,332177.0,332480.0,332831.0,333107.0,333438.0,333697.0,333917.0,334131.0,334281.0,334559.0,334751.0,334916.0,335093.0,335314.0,335507.0,335745.0,335997.0,336297.0,336574.0,336841.0,337059.0,337232.0,337484.0,337707.0,337930.0,338109.0,338272.0,338423.0,338655.0,338831.0,339009.0,339224.0,339429.0,339635.0,339814.0,339997.0,340176.0,340371.0,340596.0,340814.0,340987.0,341193.0,341392.0,341568.0,341728.0,341901.0,342119.0,342337.0,342511.0,342729.0,342933.0,343147.0,343404.0,343658.0,343889.0,344091.0,344320.0,344582.0,344884.0,345140.0,345385.0,345585.0,345829.0,346037.0,346225.0,346454.0,346711.0,346960.0,347195.0,347350.0,347530.0,347691.0,347944.0,348139.0,,,,,,,,,352706.0,353128.0,353559.0,354072.0,354518.0,354908.0,355272.0,355578.0,355981.0,356383.0,356782.0,357144.0,357526.0,357974.0,358339.0,358658.0,358954.0,359288.0,359618.0,359991.0,360350.0,360792.0,361117.0,361460.0,361789.0,362088.0,362430.0,362759.0,363129.0,363444.0,363733.0,363955.0,364282.0,364579.0,364872.0,365233.0,365478.0,365783.0,366049.0,366360.0,366624.0,366910.0,367192.0,367460.0,367774.0,368070.0,368432.0,368724.0,369042.0,369287.0,369479.0,369718.0,370017.0,370347.0,370668.0,370941.0,371176.0,371417.0,371672.0,371931.0,372170.0,372420.0,372715.0,373023.0,373249.0,373507.0,373858.0,374150.0,374344.0,374584.0,374842.0,375072.0,375342.0,375636.0,375937.0,376218.0,376524.0,376812.0,377104.0,377410.0,377692.0,377968.0,378255.0,378618.0,378906.0,379136.0,379378.0,379662.0,379964.0,380296.0,380594.0,380867.0,381108.0,381388.0,381695.0,382009.0,382269.0,382592.0,382922.0,383173.0,383457.0,383768.0,384111.0,384482.0,384813.0,385192.0,385460.0,385796.0,386198.0,386471.0,386783.0,387080.0,387348.0,387575.0,387809.0,387996.0,388182.0,388371.0,388584.0,388815.0,388935.0,,389230.0,389403.0,389588.0,389736.0,389869.0,390020.0,390139.0,390281.0,390434.0,390565.0,390684.0,390818.0,390911.0,391014.0,391155.0,391297.0,391437.0,391577.0,391680.0,391786.0,391924.0,392043.0,392169.0,392287.0,392404.0,392487.0,392557.0,392674.0,392751.0,392866.0,392985.0,393100.0,393204.0,393290.0,393442.0,393576.0,393687.0,393803.0,393929.0,394063.0,394166.0,394270.0,394408.0,394532.0,394670.0,394809.0,394974.0,395141.0,395346.0,395528.0,395769.0,395977.0,396148.0,396335.0,396521.0,396720.0,396913.0,397115.0,397286.0,397475.0,397689.0,397820.0,397976.0,398157.0,398347.0,398515.0,398717.0,398968.0,399157.0,399366.0,399565.0,399789.0,400029.0,400289.0,400498.0,400737.0,401101.0,401480.0,401833.0,402184.0,402564.0,402876.0,403121.0,403385.0,403594.0,403808.0,404020.0,404203.0,404380.0,404568.0,404716.0,404899.0,405178.0,405455.0,405715.0,405916.0,406092.0,406311.0,406540.0,406744.0,406935.0,407120.0,407291.0,407510.0,407672.0,407872.0,408114.0,408351.0,408599.0,408869.0,409079.0,409393.0,409617.0,409847
7pLPQFR618U,75854.0,75902.0,75970.0,76014.0,76073.0,76133.0,76167.0,76211.0,76260.0,76329.0,76392.0,76434.0,76475.0,76531.0,76588.0,76635.0,76672.0,76722.0,76781.0,76829.0,76881.0,76925.0,76982.0,77012.0,77059.0,77087.0,77122.0,77167.0,77193.0,77236.0,77286.0,77327.0,77398.0,77444.0,77490.0,77531.0,77569.0,77604.0,77667.0,77709.0,77761.0,77797.0,77831.0,77881.0,77905.0,77946.0,77981.0,78011.0,78075.0,78115.0,78160.0,78213.0,78247.0,78292.0,78333.0,78374.0,78421.0,78478.0,78513.0,78566.0,78643.0,78695.0,78735.0,78797.0,78849.0,78898.0,78936.0,78985.0,79040.0,79091.0,79160.0,79208.0,79246.0,79291.0,79320.0,79360.0,79405.0,79441.0,79491.0,79555.0,79612.0,79653.0,79692.0,79743.0,79783.0,79824.0,79863.0,79910.0,79940.0,79993.0,80036.0,80079.0,80124.0,80169.0,80206.0,80260.0,80303.0,80344.0,80382.0,80429.0,80480.0,80524.0,80569.0,80617.0,80670.0,80724.0,80792.0,80838.0,80882.0,80922.0,80964.0,81012.0,81058.0,81097.0,81134.0,81168.0,81210.0,81247.0,81311.0,81357.0,81395.0,81462.0,81489.0,81535.0,81566.0,81605.0,81647.0,81707.0,81741.0,81791.0,81822.0,81855.0,81895.0,81924.0,,,,,,,,,82406.0,82454.0,82514.0,82554.0,82624.0,82670.0,82731.0,82765.0,82822.0,82860.0,82919.0,82984.0,83056.0,83114.0,83165.0,83212.0,83262.0,83309.0,83361.0,83428.0,83465.0,83515.0,83550.0,83577.0,83608.0,83650.0,83695.0,83741.0,83785.0,83817.0,83866.0,83908.0,83943.0,83982.0,84022.0,84057.0,84081.0,84125.0,84168.0,84203.0,84245.0,84288.0,84346.0,84380.0,84418.0,84464.0,84537.0,84598.0,84652.0,84711.0,84761.0,84798.0,84843.0,84889.0,84942.0,85002.0,85055.0,85122.0,85163.0,85202.0,85240.0,85267.0,85310.0,85360.0,85388.0,85436.0,85478.0,85512.0,85558.0,85600.0,85636.0,85666.0,85710.0,85748.0,85816.0,85861.0,85913.0,85984.0,86039.0,86084.0,86139.0,86189.0,86225.0,86275.0,86322.0,86368.0,86396.0,86424.0,86471.0,86512.0,86540.0,86579.0,86623.0,86655.0,86693.0,86745.0,86786.0,86848.0,86890.0,86922.0,86957.0,87007.0,87028.0,87058.0,87093.0,87136.0,87171.0,87212.0,87244.0,87560.0,87742.0,87861.0,87919.0,87985.0,88046.0,88086.0,88133.0,88168.0,88234.0,88300.0,88338.0,,88468.0,88507.0,88569.0,88604.0,88635.0,88668.0,88724.0,88763.0,88812.0,88864.0,88905.0,88945.0,89007.0,89069.0,89094.0,89144.0,89180.0,89236.0,89286.0,89320.0,89351.0,89383.0,89421.0,89497.0,89545.0,89581.0,89619.0,89660.0,89714.0,89751.0,89794.0,89835.0,89876.0,89910.0,89953.0,89994.0,90020.0,90053.0,90092.0,90125.0,90153.0,90180.0,90222.0,90259.0,90295.0,90334.0,90384.0,90421.0,90484.0,90519.0,90566.0,90617.0,90659.0,90704.0,90747.0,90773.0,90813.0,90873.0,90910.0,90942.0,90978.0,91026.0,91068.0,91110.0,91162.0,91206.0,91253.0,91287.0,91336.0,91370.0,91417.0,91454.0,91497.0,91542.0,91625.0,91655.0,91698.0,91740.0,91816.0,91869.0,91907.0,91949.0,92004.0,92058.0,92092.0,92124.0,92154.0,92360.0,92765.0,93038.0,93228.0,93606.0,93962.0,94238.0,94702.0,95040.0,95290.0,95690.0,96090.0,96415.0,96771.0,97098.0,97372.0,97701.0,97928.0,98170.0,98475.0,98752.0,99029.0,99263.0,99493.0,99737.0,99998.0,100216
9nohud3Fysc,34579.0,34601.0,34616.0,34643.0,34676.0,34693.0,34729.0,34745.0,34768.0,34779.0,34800.0,34809.0,34835.0,34862.0,34888.0,34912.0,34929.0,34960.0,34982.0,35001.0,35022.0,35040.0,35060.0,35087.0,35120.0,35141.0,35149.0,35173.0,35202.0,35237.0,35260.0,35278.0,35304.0,35328.0,35358.0,35381.0,35415.0,35437.0,35468.0,35502.0,35523.0,35554.0,35584.0,35619.0,35642.0,35656.0,35678.0,35709.0,35749.0,35779.0,35801.0,35839.0,35864.0,35890.0,35912.0,35940.0,35979.0,36012.0,36046.0,36071.0,36104.0,36123.0,36151.0,36189.0,36210.0,36249.0,36276.0,36303.0,36332.0,36364.0,36386.0,36401.0,36432.0,36460.0,36501.0,36530.0,36575.0,36664.0,36718.0,36746.0,36779.0,36856.0,36940.0,36982.0,37028.0,37108.0,37146.0,37215.0,37329.0,37396.0,37473.0,37551.0,37622.0,37687.0,37740.0,37804.0,37875.0,37955.0,38036.0,38129.0,38180.0,38234.0,38312.0,38411.0,38550.0,38630.0,38753.0,38885.0,38961.0,39039.0,39137.0,39200.0,39248.0,39313.0,39377.0,39438.0,39466.0,39492.0,39532.0,39624.0,39695.0,39777.0,39828.0,39888.0,39939.0,39993.0,40050.0,40121.0,40234.0,40296.0,40377.0,40451.0,40516.0,40591.0,,,,,,,,,41249.0,41313.0,41402.0,41496.0,41533.0,41570.0,41611.0,41657.0,41728.0,41823.0,41858.0,42013.0,42125.0,42213.0,42315.0,42401.0,42476.0,42546.0,42626.0,42701.0,42767.0,42822.0,42910.0,42978.0,43039.0,43100.0,43166.0,43247.0,43301.0,43366.0,43429.0,43483.0,43542.0,43624.0,43709.0,43784.0,43830.0,43902.0,43978.0,44032.0,44073.0,44123.0,44194.0,44232.0,44280.0,44334.0,44380.0,44424.0,44474.0,44531.0,44629.0,44729.0,44824.0,44888.0,44960.0,45053.0,45127.0,45180.0,45264.0,45325.0,45390.0,45436.0,45489.0,45540.0,45601.0,45674.0,45756.0,45828.0,45910.0,45967.0,46019.0,46083.0,46148.0,46240.0,46322.0,46398.0,46480.0,46557.0,46610.0,46708.0,46793.0,46866.0,46941.0,47025.0,47102.0,47164.0,47218.0,47294.0,47367.0,47438.0,47514.0,47574.0,47622.0,47678.0,47742.0,47806.0,47880.0,47938.0,47980.0,48015.0,48072.0,48135.0,48198.0,48242.0,48302.0,48360.0,48401.0,48480.0,48536.0,48589.0,48667.0,48748.0,48819.0,48885.0,48963.0,49010.0,49077.0,49154.0,49237.0,49318.0,49387.0,,49579.0,49685.0,49794.0,49859.0,49916.0,49974.0,50025.0,50111.0,50168.0,50253.0,50302.0,50360.0,50395.0,50436.0,50483.0,50529.0,50569.0,50616.0,50660.0,50711.0,50743.0,50774.0,50812.0,50876.0,50924.0,50955.0,50992.0,51029.0,51085.0,51147.0,51204.0,51256.0,51312.0,51341.0,51395.0,51467.0,51532.0,51595.0,51668.0,51721.0,51771.0,51813.0,51867.0,51918.0,51953.0,52013.0,52087.0,52176.0,52296.0,52409.0,52526.0,52636.0,52739.0,52830.0,52912.0,52997.0,53111.0,53189.0,53283.0,53378.0,53490.0,53568.0,53643.0,53730.0,53850.0,53966.0,54158.0,54278.0,54398.0,54529.0,54668.0,54813.0,54998.0,55241.0,55498.0,55695.0,55924.0,56148.0,56422.0,56613.0,56821.0,56994.0,57148.0,57279.0,57426.0,57588.0,57749.0,57869.0,57986.0,58092.0,58205.0,58337.0,58485.0,58653.0,58867.0,59017.0,59206.0,59384.0,59542.0,59688.0,59819.0,59943.0,60022.0,60176.0,60313.0,60459.0,60596.0,60774.0,60894.0,61008.0,61129.0,61290.0,61525.0,61673
M-NFcnY23BQ,39133.0,39200.0,39252.0,39299.0,39365.0,39427.0,39491.0,39554.0,39614.0,39692.0,39765.0,39822.0,39896.0,39960.0,40031.0,40099.0,40154.0,40200.0,40260.0,40349.0,40409.0,40474.0,40544.0,40584.0,40643.0,40704.0,40783.0,40870.0,40929.0,40987.0,41062.0,41130.0,41179.0,41241.0,41311.0,41364.0,41417.0,41463.0,41519.0,41578.0,41633.0,41704.0,41774.0,41846.0,41902.0,41953.0,42018.0,42098.0,42167.0,42234.0,42295.0,42348.0,42405.0,42481.0,42554.0,42633.0,42686.0,42748.0,42798.0,42846.0,42910.0,42976.0,43044.0,43095.0,43146.0,43205.0,43257.0,43295.0,43346.0,43403.0,43470.0,43516.0,43560.0,43614.0,43673.0,43722.0,43780.0,43851.0,43910.0,43953.0,44008.0,44053.0,44108.0,44163.0,44247.0,44314.0,44370.0,44441.0,44520.0,44583.0,44679.0,44739.0,44822.0,44884.0,44924.0,44974.0,45044.0,45123.0,45191.0,45277.0,45354.0,45400.0,45457.0,45512.0,45580.0,45646.0,45702.0,45784.0,45841.0,45897.0,45955.0,46001.0,46082.0,46150.0,46217.0,46274.0,46349.0,46414.0,46490.0,46558.0,46614.0,46667.0,46714.0,46769.0,46844.0,46918.0,47011.0,47064.0,47117.0,47175.0,47223.0,47294.0,47371.0,47420.0,,,,,,,,,47991.0,48039.0,48103.0,48177.0,48300.0,48426.0,48531.0,48615.0,48721.0,48830.0,48974.0,49097.0,49199.0,49343.0,49465.0,49564.0,49772.0,49959.0,50085.0,50209.0,50295.0,50403.0,50487.0,50572.0,50678.0,50767.0,50852.0,50952.0,51019.0,51093.0,51174.0,51262.0,51359.0,51437.0,51530.0,51590.0,51634.0,51680.0,51741.0,51794.0,51848.0,51900.0,51956.0,51998.0,52045.0,52112.0,52181.0,52240.0,52307.0,52354.0,52393.0,52453.0,52516.0,52576.0,52636.0,52705.0,52758.0,52820.0,52880.0,52946.0,53026.0,53074.0,53150.0,53200.0,53236.0,53300.0,53381.0,53445.0,53514.0,53589.0,53657.0,53716.0,53779.0,53880.0,54002.0,54081.0,54182.0,54264.0,54328.0,54433.0,54557.0,54664.0,54764.0,54878.0,54967.0,55055.0,55143.0,55226.0,55313.0,55409.0,55512.0,55671.0,55825.0,55916.0,56012.0,56124.0,56221.0,56326.0,56410.0,56471.0,56551.0,56665.0,56763.0,56883.0,56984.0,57098.0,57197.0,57285.0,57363.0,57458.0,57534.0,57626.0,57694.0,57757.0,57822.0,57876.0,57954.0,58015.0,58118.0,58173.0,58237.0,,58363.0,58422.0,58470.0,58531.0,58602.0,58652.0,58714.0,58762.0,58822.0,58889.0,58994.0,59063.0,59121.0,59190.0,59253.0,59317.0,59411.0,59474.0,59531.0,59595.0,59698.0,59774.0,59881.0,59980.0,60048.0,60102.0,60151.0,60191.0,60243.0,60285.0,60338.0,60397.0,60439.0,60472.0,60569.0,60617.0,60663.0,60734.0,60777.0,60814.0,60853.0,60889.0,60958.0,61000.0,61053.0,61125.0,61219.0,61319.0,61452.0,61580.0,61703.0,61833.0,61958.0,62086.0,62166.0,62246.0,62328.0,62403.0,62508.0,62580.0,62662.0,62752.0,62828.0,62917.0,63015.0,63106.0,63223.0,63351.0,63480.0,63639.0,63758.0,63872.0,64002.0,64120.0,64216.0,64322.0,64452.0,64619.0,64775.0,64932.0,65086.0,65210.0,65304.0,65409.0,65510.0,65595.0,65687.0,65772.0,65881.0,65940.0,66018.0,66078.0,66181.0,66276.0,66391.0,66480.0,66545.0,66627.0,66714.0,66785.0,66866.0,66963.0,67028.0,67098.0,67175.0,67270.0,67355.0,67430.0,67513.0,67576.0,67626.0,67697.0,67769.0,67862
9p51YpIa0Ss,357819.0,357992.0,358138.0,358340.0,358544.0,358692.0,358848.0,358966.0,359104.0,359238.0,359415.0,359555.0,359715.0,359890.0,360097.0,360346.0,360578.0,360803.0,361134.0,361475.0,361810.0,362461.0,363185.0,363595.0,364002.0,364556.0,364785.0,365085.0,365358.0,365607.0,365765.0,365933.0,366093.0,366301.0,366490.0,366716.0,366937.0,367055.0,367188.0,367369.0,367572.0,367810.0,367994.0,368140.0,368317.0,368540.0,368766.0,368976.0,369186.0,369407.0,369704.0,370194.0,371013.0,371819.0,372498.0,372882.0,373113.0,373496.0,373849.0,374148.0,374432.0,374743.0,375028.0,375355.0,375581.0,375813.0,375984.0,376197.0,376337.0,376522.0,376682.0,376903.0,377070.0,377227.0,377383.0,377545.0,377708.0,377862.0,378017.0,378153.0,378310.0,378497.0,378658.0,378835.0,379029.0,379226.0,379411.0,379570.0,379733.0,379888.0,380038.0,380236.0,380389.0,380542.0,380700.0,380822.0,380950.0,381089.0,381263.0,381434.0,381558.0,381708.0,381814.0,381919.0,382091.0,382217.0,382363.0,382511.0,382665.0,382845.0,383029.0,383230.0,383398.0,383598.0,383764.0,383886.0,384036.0,384213.0,384352.0,384551.0,384720.0,384850.0,384968.0,385100.0,385255.0,385391.0,385511.0,385654.0,385761.0,385864.0,385966.0,386065.0,386208.0,386311.0,,,,,,,,,387512.0,387604.0,387701.0,387836.0,388009.0,388167.0,388382.0,388520.0,388661.0,388854.0,389071.0,389241.0,389425.0,389608.0,389777.0,389895.0,390049.0,390222.0,390384.0,390570.0,390702.0,390806.0,390924.0,391082.0,391225.0,391414.0,391588.0,391803.0,391944.0,392083.0,392239.0,392368.0,392528.0,392700.0,392860.0,393003.0,393136.0,393315.0,393500.0,393643.0,393793.0,393935.0,394077.0,394197.0,394312.0,394449.0,394609.0,394743.0,394907.0,395027.0,395176.0,395311.0,395480.0,395656.0,395805.0,395966.0,396118.0,396265.0,396451.0,396644.0,396817.0,396997.0,397165.0,397345.0,397493.0,397667.0,397847.0,397995.0,398116.0,398300.0,398457.0,398618.0,398764.0,399009.0,399225.0,399437.0,399648.0,399807.0,399954.0,400104.0,400291.0,400458.0,400675.0,400848.0,401019.0,401211.0,401428.0,401605.0,401756.0,401911.0,402096.0,402278.0,402406.0,402527.0,402693.0,402908.0,403096.0,403250.0,403440.0,403592.0,403765.0,403936.0,404121.0,404302.0,404486.0,404652.0,404775.0,404930.0,405114.0,405298.0,405480.0,405630.0,405771.0,405932.0,406059.0,406197.0,406354.0,406526.0,406666.0,406819.0,406981.0,,407346.0,407543.0,407694.0,407875.0,408018.0,408122.0,408302.0,408479.0,408624.0,408783.0,409001.0,409131.0,409290.0,409437.0,409608.0,409812.0,410020.0,410167.0,410333.0,410476.0,410657.0,410841.0,410998.0,411179.0,411330.0,411481.0,411621.0,411774.0,411911.0,412083.0,412278.0,412424.0,412566.0,412670.0,412870.0,413062.0,413272.0,413435.0,413584.0,413738.0,413861.0,414018.0,414172.0,414377.0,414537.0,414703.0,414856.0,415007.0,415142.0,415291.0,415421.0,415525.0,415693.0,415819.0,415963.0,416101.0,416181.0,416270.0,416366.0,416431.0,416490.0,416535.0,416612.0,416669.0,416732.0,416786.0,416853.0,416925.0,416979.0,417033.0,417101.0,417172.0,417249.0,417313.0,417380.0,417446.0,417508.0,417583.0,417653.0,417736.0,417811.0,417885.0,417955.0,418031.0,418109.0,418193.0,418278.0,418360.0,418432.0,418494.0,418564.0,418630.0,418700.0,418776.0,418844.0,418901.0,418977.0,419056.0,419112.0,419182.0,419251.0,419322.0,419390.0,419460.0,419515.0,419586.0,419646.0,419741.0,419804.0,419881.0,419961.0,420041.0,420105.0,420172
eJyPMyXBJYw,170707.0,170786.0,170883.0,170972.0,171112.0,171181.0,171278.0,171356.0,171452.0,171524.0,171641.0,171743.0,171811.0,171891.0,171966.0,172016.0,172089.0,172139.0,172196.0,172255.0,172340.0,172388.0,172519.0,172585.0,172633.0,172678.0,172727.0,172820.0,172897.0,172977.0,173039.0,173101.0,173148.0,173186.0,173237.0,173285.0,173325.0,173378.0,173424.0,173467.0,173521.0,173602.0,173669.0,173732.0,173788.0,173831.0,173893.0,173973.0,174015.0,174058.0,174086.0,174146.0,174185.0,174245.0,174302.0,174335.0,174397.0,174447.0,174505.0,174559.0,174606.0,174690.0,174728.0,174788.0,174855.0,174910.0,174958.0,175032.0,175128.0,175200.0,175257.0,175298.0,175364.0,175409.0,175457.0,175510.0,175581.0,175661.0,175726.0,175802.0,175879.0,175957.0,176020.0,176091.0,176141.0,176237.0,176311.0,176382.0,176434.0,176488.0,176555.0,176643.0,176715.0,176783.0,176859.0,176935.0,177036.0,177106.0,177192.0,177281.0,177332.0,177380.0,177495.0,177585.0,177664.0,177757.0,177832.0,177913.0,177992.0,178088.0,178164.0,178220.0,178284.0,178349.0,178402.0,178456.0,178512.0,178580.0,178642.0,178718.0,178767.0,178827.0,178880.0,178941.0,178995.0,179059.0,179184.0,179243.0,179286.0,179332.0,179394.0,179435.0,179496.0,179559.0,,,,,,,,,180069.0,180141.0,180190.0,180248.0,180326.0,180381.0,180426.0,180468.0,180509.0,180558.0,180624.0,180671.0,180737.0,180807.0,180872.0,180918.0,180971.0,181033.0,181082.0,181146.0,181194.0,181265.0,181314.0,181381.0,181421.0,181508.0,181565.0,181614.0,181663.0,181772.0,181841.0,181932.0,182027.0,182126.0,182222.0,182304.0,182415.0,182472.0,182568.0,182753.0,182858.0,182964.0,183097.0,183184.0,183247.0,183285.0,183352.0,183483.0,183612.0,183760.0,183965.0,184015.0,184156.0,184206.0,184294.0,184414.0,184511.0,184550.0,184611.0,184689.0,184755.0,184792.0,184813.0,184860.0,184933.0,185004.0,185073.0,185129.0,185155.0,185195.0,185247.0,185306.0,185349.0,185425.0,185494.0,185559.0,185623.0,185655.0,185676.0,185717.0,185767.0,185796.0,185886.0,185937.0,186000.0,186012.0,186041.0,186083.0,186141.0,186180.0,186236.0,186266.0,186316.0,186349.0,186390.0,186429.0,186463.0,186487.0,186529.0,186583.0,186628.0,186686.0,186768.0,186833.0,186898.0,186997.0,187059.0,187088.0,187138.0,187183.0,187226.0,187254.0,187323.0,187372.0,187424.0,187460.0,187536.0,187583.0,187681.0,187734.0,187785.0,,187903.0,188018.0,188063.0,188121.0,188188.0,188265.0,188316.0,188371.0,188445.0,188516.0,188575.0,188654.0,188714.0,188773.0,188832.0,188918.0,188979.0,189046.0,189114.0,189183.0,189253.0,189282.0,189333.0,189379.0,189416.0,189459.0,189510.0,189605.0,189632.0,189695.0,189783.0,189918.0,189959.0,190022.0,190100.0,190151.0,190196.0,190240.0,190306.0,190351.0,190393.0,190453.0,190499.0,190562.0,190598.0,190660.0,190714.0,190769.0,190834.0,190920.0,190980.0,191011.0,191073.0,191104.0,191132.0,191167.0,191205.0,191223.0,191249.0,191327.0,191369.0,191398.0,191422.0,191485.0,191528.0,191566.0,191624.0,191665.0,191712.0,191782.0,191827.0,191869.0,191911.0,191947.0,191979.0,192014.0,192033.0,192075.0,192116.0,192158.0,192209.0,192240.0,192347.0,192401.0,192433.0,192472.0,192527.0,192617.0,192672.0,192765.0,192875.0,192929.0,193033.0,193122.0,193247.0,193337.0,193406.0,193452.0,193490.0,193545.0,193608.0,193653.0,193687.0,193722.0,193766.0,193847.0,193907.0,193966.0,193994.0,194051.0,194127.0,194163.0,194208.0,194246
6aYHbuAscVI,85829.0,85841.0,85849.0,85860.0,85865.0,85871.0,85887.0,85898.0,85908.0,85921.0,85933.0,85939.0,85949.0,85954.0,85961.0,85966.0,85971.0,85977.0,85984.0,85996.0,86005.0,86009.0,86020.0,86027.0,86033.0,86050.0,86059.0,86064.0,86071.0,86080.0,86091.0,86095.0,86101.0,86117.0,86129.0,86145.0,86151.0,86157.0,86174.0,86183.0,86190.0,86198.0,86208.0,86222.0,86238.0,86250.0,86262.0,86269.0,86284.0,86294.0,86307.0,86318.0,86328.0,86336.0,86343.0,86352.0,86362.0,86375.0,86383.0,86392.0,86402.0,86409.0,86415.0,86424.0,86429.0,86437.0,86445.0,86453.0,86457.0,86468.0,86472.0,86479.0,86491.0,86493.0,86500.0,86516.0,86528.0,86534.0,86541.0,86547.0,86559.0,86577.0,86590.0,86602.0,86611.0,86616.0,86628.0,86636.0,86639.0,86645.0,86656.0,86670.0,86681.0,86688.0,86697.0,86702.0,86711.0,86719.0,86730.0,86736.0,86743.0,86758.0,86772.0,86777.0,86788.0,86806.0,86815.0,86825.0,86829.0,86835.0,86845.0,86851.0,86855.0,86863.0,86872.0,86876.0,86889.0,86897.0,86908.0,86914.0,86920.0,86928.0,86933.0,86938.0,86945.0,86957.0,86969.0,86975.0,86979.0,86990.0,87001.0,87007.0,87011.0,87014.0,,,,,,,,,87087.0,87095.0,87104.0,87117.0,87137.0,87145.0,87153.0,87157.0,87174.0,87178.0,87186.0,87190.0,87200.0,87205.0,87213.0,87221.0,87232.0,87240.0,87242.0,87256.0,87262.0,87267.0,87273.0,87281.0,87286.0,87291.0,87298.0,87304.0,87308.0,87315.0,87327.0,87332.0,87341.0,87342.0,87349.0,87361.0,87363.0,87369.0,87375.0,87386.0,87389.0,87395.0,87401.0,87406.0,87416.0,87423.0,87433.0,87443.0,87452.0,87463.0,87466.0,87475.0,87496.0,87498.0,87509.0,87515.0,87521.0,87526.0,87535.0,87543.0,87549.0,87558.0,87567.0,87577.0,87584.0,87584.0,87593.0,87604.0,87611.0,87619.0,87624.0,87632.0,87638.0,87645.0,87648.0,87652.0,87661.0,87670.0,87679.0,87686.0,87692.0,87699.0,87707.0,87715.0,87721.0,87730.0,87739.0,87752.0,87760.0,87768.0,87774.0,87779.0,87793.0,87802.0,87809.0,87820.0,87828.0,87834.0,87842.0,87848.0,87852.0,87860.0,87871.0,87875.0,87883.0,87891.0,87895.0,87899.0,87906.0,87914.0,87917.0,87927.0,87936.0,87948.0,87955.0,87962.0,87975.0,87981.0,87991.0,88002.0,88011.0,,88025.0,88040.0,88059.0,88072.0,88086.0,88093.0,88103.0,88113.0,88122.0,88129.0,88136.0,88140.0,88143.0,88151.0,88161.0,88170.0,88178.0,88187.0,88193.0,88201.0,88215.0,88220.0,88235.0,88254.0,88274.0,88295.0,88298.0,88303.0,88320.0,88327.0,88334.0,88352.0,88356.0,88368.0,88377.0,88386.0,88390.0,88397.0,88416.0,88421.0,88429.0,88436.0,88439.0,88443.0,88450.0,88455.0,88461.0,88468.0,88474.0,88483.0,88490.0,88501.0,88504.0,88519.0,88523.0,88528.0,88539.0,88547.0,88552.0,88562.0,88568.0,88574.0,88581.0,88587.0,88591.0,88598.0,88602.0,88610.0,88614.0,88619.0,88623.0,88627.0,88627.0,88634.0,88655.0,88662.0,88672.0,88679.0,88687.0,88692.0,88698.0,88706.0,88716.0,88723.0,88732.0,88737.0,88742.0,88749.0,88763.0,88768.0,88779.0,88787.0,88799.0,88804.0,88814.0,88820.0,88830.0,88842.0,88845.0,88852.0,88864.0,88868.0,88873.0,88876.0,88889.0,88892.0,88901.0,88909.0,88915.0,88922.0,88928.0,88935.0,88944.0,88950
PNVbmVZz6s0,181968.0,182010.0,182068.0,182140.0,182204.0,182282.0,182349.0,182431.0,182534.0,182618.0,182694.0,182752.0,182818.0,182880.0,182926.0,182978.0,183039.0,183105.0,183170.0,183238.0,183307.0,183367.0,183433.0,183496.0,183560.0,183626.0,183688.0,183770.0,183868.0,183985.0,184089.0,184162.0,184256.0,184332.0,184406.0,184515.0,184628.0,184741.0,184855.0,184974.0,185056.0,185164.0,185254.0,185348.0,185410.0,185486.0,185550.0,185626.0,185704.0,185784.0,185869.0,185936.0,186014.0,186081.0,186148.0,186218.0,186275.0,186340.0,186408.0,186481.0,186544.0,186606.0,186665.0,186737.0,186794.0,186880.0,186949.0,187011.0,187084.0,187178.0,187270.0,187325.0,187407.0,187466.0,187539.0,187587.0,187676.0,187711.0,187738.0,187762.0,187789.0,187817.0,187856.0,189684.0,188020.0,188141.0,188269.0,188360.0,188760.0,188907.0,188689.0,188797.0,188890.0,188987.0,189071.0,189168.0,189261.0,189350.0,189459.0,189571.0,189669.0,189769.0,189892.0,190014.0,190180.0,190307.0,190401.0,190478.0,190581.0,190653.0,190758.0,190879.0,191048.0,191338.0,191677.0,191977.0,192255.0,192663.0,192862.0,193089.0,193220.0,193357.0,193403.0,193454.0,193555.0,193613.0,193677.0,193747.0,193802.0,193815.0,193879.0,193948.0,194030.0,194084.0,,,,,,,,,195172.0,195334.0,195481.0,195556.0,195878.0,196213.0,196475.0,196728.0,197050.0,197294.0,197509.0,197768.0,197971.0,198206.0,198307.0,198559.0,198848.0,199104.0,199328.0,199443.0,199604.0,199679.0,199719.0,199821.0,199945.0,200053.0,200116.0,200226.0,200323.0,200450.0,200555.0,200722.0,200885.0,201030.0,201171.0,201271.0,201355.0,201461.0,201571.0,201651.0,201750.0,201828.0,201967.0,202054.0,202169.0,202306.0,202438.0,202525.0,202643.0,202764.0,202865.0,202988.0,203117.0,203218.0,203304.0,203437.0,203545.0,203645.0,203765.0,203875.0,204021.0,204165.0,204293.0,204431.0,204571.0,204815.0,204973.0,205216.0,205420.0,205628.0,206194.0,206674.0,207195.0,207510.0,208066.0,208578.0,209006.0,209452.0,209795.0,209985.0,210381.0,210728.0,211086.0,211370.0,211688.0,212002.0,212212.0,212419.0,212774.0,213017.0,213434.0,213616.0,214038.0,214447.0,214678.0,214894.0,215339.0,215915.0,216353.0,216870.0,217354.0,217767.0,218142.0,218624.0,218981.0,219445.0,219874.0,220300.0,220710.0,221060.0,221533.0,221886.0,222247.0,222626.0,222982.0,223318.0,223720.0,224098.0,224430.0,224803.0,225117.0,,225704.0,225960.0,226207.0,226494.0,226777.0,227147.0,227495.0,227753.0,227944.0,228153.0,228274.0,228464.0,228677.0,228819.0,228985.0,229125.0,229249.0,229437.0,229591.0,229774.0,229937.0,230069.0,230211.0,230356.0,230499.0,230633.0,230807.0,230955.0,231113.0,231254.0,231402.0,231566.0,231707.0,231831.0,231954.0,232073.0,232216.0,232352.0,232532.0,232675.0,232801.0,232963.0,233081.0,233199.0,233351.0,233480.0,233589.0,233750.0,233923.0,234055.0,234207.0,234356.0,234461.0,234601.0,234737.0,234885.0,235001.0,235204.0,235372.0,235525.0,235658.0,235801.0,235959.0,236092.0,236231.0,236360.0,236510.0,236656.0,236795.0,236942.0,237065.0,237119.0,237151.0,237193.0,237218.0,237254.0,237279.0,237321.0,237467.0,237612.0,237850.0,237999.0,238164.0,238636.0,238900.0,238991.0,239106.0,239187.0,239264.0,239356.0,239447.0,239559.0,239663.0,239793.0,239911.0,240035.0,240145.0,240246.0,240332.0,240453.0,240562.0,240638.0,240737.0,240869.0,240962.0,241041.0,241120.0,241216.0,241286.0,241369.0,241464.0,241540.0,241608.0,241676
plExZloQ8nE,156106.0,156175.0,156242.0,156315.0,156382.0,156485.0,156582.0,156678.0,156772.0,156869.0,156973.0,157064.0,157157.0,157249.0,157331.0,157426.0,157515.0,157605.0,157676.0,157735.0,157805.0,157884.0,157957.0,158044.0,158132.0,158224.0,158341.0,158462.0,158561.0,158697.0,158825.0,158954.0,159062.0,159158.0,159288.0,159428.0,159555.0,159683.0,159814.0,159931.0,160068.0,160196.0,160292.0,160416.0,160548.0,160663.0,160768.0,160891.0,160991.0,161092.0,161246.0,161367.0,161444.0,161574.0,161657.0,161731.0,161837.0,161922.0,161999.0,162073.0,162135.0,162200.0,162285.0,162348.0,162426.0,162493.0,162568.0,162633.0,162713.0,162815.0,162888.0,162988.0,163069.0,163166.0,163241.0,163338.0,163414.0,163488.0,163564.0,163651.0,163734.0,163828.0,163898.0,163975.0,164071.0,164152.0,164245.0,164306.0,164397.0,164523.0,164638.0,164734.0,164814.0,164895.0,164982.0,165076.0,165159.0,165222.0,165291.0,165344.0,165407.0,165469.0,165541.0,165585.0,165639.0,165730.0,165819.0,165887.0,165953.0,166021.0,166075.0,166132.0,166216.0,166278.0,166355.0,166426.0,166502.0,166568.0,166639.0,166703.0,166778.0,166830.0,166895.0,166935.0,166973.0,167020.0,167057.0,167112.0,167164.0,167210.0,167243.0,167287.0,167342.0,167389.0,,,,,,,,,167829.0,167937.0,168071.0,168204.0,168392.0,168599.0,168788.0,168906.0,169017.0,169075.0,169152.0,169230.0,169303.0,169396.0,169466.0,169517.0,169577.0,169647.0,169708.0,169760.0,169803.0,169845.0,169897.0,169950.0,169989.0,170039.0,170099.0,170140.0,170176.0,170205.0,170250.0,170290.0,170346.0,170393.0,170445.0,170491.0,170542.0,170590.0,170641.0,170707.0,170749.0,170793.0,170838.0,170867.0,170909.0,170983.0,171037.0,171085.0,171127.0,171205.0,171263.0,171336.0,171428.0,171478.0,171536.0,171569.0,171610.0,171665.0,171746.0,171799.0,171849.0,171890.0,171941.0,171992.0,172039.0,172088.0,172150.0,172203.0,172238.0,172298.0,172357.0,172409.0,172469.0,172566.0,172635.0,172706.0,172768.0,172811.0,172865.0,172917.0,172983.0,173033.0,173102.0,173171.0,173218.0,173271.0,173340.0,173399.0,173455.0,173517.0,173587.0,173643.0,173699.0,173762.0,173820.0,173874.0,173925.0,173995.0,174062.0,174130.0,174199.0,174252.0,174343.0,174402.0,174481.0,174552.0,174607.0,174655.0,174726.0,174799.0,174851.0,174911.0,174956.0,175020.0,175068.0,175129.0,175192.0,175254.0,175356.0,175427.0,175495.0,,175649.0,175727.0,175807.0,175870.0,175946.0,176005.0,176061.0,176140.0,176226.0,176304.0,176378.0,176456.0,176524.0,176570.0,176615.0,176669.0,176742.0,176834.0,176903.0,176968.0,177067.0,177165.0,177238.0,177318.0,177394.0,177459.0,177544.0,177609.0,177685.0,177771.0,177864.0,177969.0,178047.0,178110.0,178180.0,178259.0,178343.0,178442.0,178515.0,178582.0,178660.0,178740.0,178853.0,178933.0,179019.0,179099.0,179182.0,179255.0,179321.0,179384.0,179466.0,179562.0,179641.0,179710.0,179792.0,179857.0,179931.0,179994.0,180061.0,180131.0,180180.0,180234.0,180306.0,180366.0,180445.0,180531.0,180626.0,180712.0,180779.0,180841.0,180889.0,180956.0,181033.0,181116.0,181188.0,181253.0,181339.0,181411.0,181463.0,181530.0,181621.0,181697.0,181769.0,181847.0,181947.0,182032.0,182112.0,182175.0,182242.0,182316.0,182383.0,182443.0,182514.0,182583.0,182649.0,182714.0,182785.0,182895.0,182979.0,183040.0,183096.0,183164.0,183234.0,183293.0,183373.0,183447.0,183502.0,183613.0,183695.0,183764.0,183828.0,183895.0,183970.0,184052
K4ZSBkCHqoM,21156.0,21166.0,21174.0,21183.0,21190.0,21200.0,21210.0,21216.0,21232.0,21240.0,21246.0,21251.0,21261.0,21270.0,21276.0,21288.0,21296.0,21301.0,21308.0,21312.0,21320.0,21325.0,21329.0,21332.0,21333.0,21341.0,21342.0,21350.0,21356.0,21362.0,21375.0,21386.0,21393.0,21398.0,21398.0,21404.0,21419.0,21429.0,21438.0,21442.0,21450.0,21459.0,21464.0,21477.0,21480.0,21484.0,21488.0,21494.0,21499.0,21504.0,21509.0,21519.0,21524.0,21527.0,21533.0,21537.0,21543.0,21551.0,21560.0,21568.0,21571.0,21575.0,21578.0,21580.0,21585.0,21590.0,21596.0,21603.0,21611.0,21618.0,21625.0,21633.0,21636.0,21647.0,21650.0,21659.0,21665.0,21671.0,21679.0,21686.0,21687.0,21697.0,21707.0,21716.0,21723.0,21731.0,21744.0,21760.0,21772.0,21785.0,21797.0,21805.0,21815.0,21821.0,21831.0,21844.0,21848.0,21855.0,21871.0,21884.0,21887.0,21904.0,21909.0,21918.0,21928.0,21944.0,21959.0,21972.0,21976.0,21986.0,21994.0,22005.0,22011.0,22015.0,22019.0,22023.0,22028.0,22035.0,22044.0,22050.0,22053.0,22055.0,22060.0,22069.0,22077.0,22085.0,22091.0,22103.0,22109.0,22113.0,22118.0,22123.0,22124.0,22129.0,,,,,,,,,22169.0,22176.0,22179.0,22190.0,22193.0,22198.0,22202.0,22208.0,22209.0,22218.0,22229.0,22230.0,22237.0,22240.0,22243.0,22246.0,22252.0,22255.0,22264.0,22272.0,22277.0,22280.0,22284.0,22289.0,22291.0,22297.0,22304.0,22307.0,22309.0,22314.0,22323.0,22332.0,22334.0,22346.0,22350.0,22356.0,22361.0,22387.0,22403.0,22409.0,22416.0,22424.0,22430.0,22438.0,22443.0,22449.0,22455.0,22460.0,22466.0,22468.0,22472.0,22476.0,22481.0,22487.0,22495.0,22498.0,22503.0,22506.0,22510.0,22514.0,22520.0,22526.0,22531.0,22538.0,22545.0,22554.0,22559.0,22564.0,22568.0,22577.0,22584.0,22589.0,22593.0,22600.0,22609.0,22618.0,22625.0,22627.0,22631.0,22632.0,22636.0,22648.0,22653.0,22664.0,22668.0,22669.0,22673.0,22685.0,22690.0,22695.0,22700.0,22703.0,22708.0,22712.0,22717.0,22721.0,22729.0,22738.0,22742.0,22752.0,22756.0,22760.0,22765.0,22770.0,22777.0,22783.0,22792.0,22796.0,22800.0,22803.0,22806.0,22814.0,22821.0,22827.0,22835.0,22840.0,22842.0,22850.0,22854.0,22857.0,22859.0,,22876.0,22883.0,22895.0,22899.0,22908.0,22913.0,22914.0,22919.0,22923.0,22927.0,22933.0,22936.0,22942.0,22945.0,22945.0,22949.0,22952.0,22961.0,22966.0,22976.0,22987.0,23001.0,23005.0,23012.0,23016.0,23021.0,23026.0,23031.0,23043.0,23050.0,23057.0,23063.0,23067.0,23073.0,23074.0,23084.0,23093.0,23099.0,23104.0,23110.0,23114.0,23118.0,23127.0,23134.0,23140.0,23143.0,23145.0,23147.0,23152.0,23156.0,23166.0,23169.0,23172.0,23177.0,23183.0,23191.0,23194.0,23197.0,23205.0,23211.0,23215.0,23218.0,23226.0,23233.0,23237.0,23242.0,23247.0,23252.0,23253.0,23264.0,23266.0,23273.0,23283.0,23292.0,23296.0,23298.0,23306.0,23314.0,23323.0,23329.0,23335.0,23343.0,23357.0,23374.0,23391.0,23409.0,23420.0,23437.0,23453.0,23463.0,23482.0,23494.0,23509.0,23521.0,23533.0,23552.0,23567.0,23581.0,23590.0,23600.0,23612.0,23624.0,23632.0,23641.0,23651.0,23664.0,23674.0,23683.0,23687.0,23701.0,23714.0,23726.0,23738.0,23751
ipiJOUrIIkE,783191.0,783321.0,783509.0,783676.0,783820.0,783961.0,784088.0,784242.0,784369.0,784542.0,784747.0,784927.0,785105.0,785297.0,785488.0,785720.0,785931.0,786128.0,786349.0,786570.0,786785.0,787028.0,787290.0,787501.0,787756.0,787953.0,788156.0,788334.0,788525.0,788754.0,788968.0,789172.0,789381.0,789591.0,789790.0,790015.0,790259.0,790481.0,790725.0,790970.0,791201.0,791375.0,791577.0,791805.0,792066.0,792281.0,792484.0,792658.0,792883.0,793097.0,793300.0,793495.0,793702.0,793888.0,794095.0,794305.0,794532.0,794768.0,794985.0,795191.0,795368.0,795562.0,795750.0,795936.0,796106.0,796282.0,796466.0,796643.0,796796.0,796972.0,797138.0,797328.0,797492.0,797627.0,797780.0,797926.0,798092.0,798222.0,798368.0,798502.0,798669.0,798814.0,798941.0,799077.0,799207.0,799347.0,799502.0,799629.0,799730.0,799892.0,800039.0,800202.0,800357.0,800510.0,800636.0,800771.0,800890.0,801003.0,801093.0,801225.0,801358.0,801495.0,801666.0,801793.0,801924.0,802064.0,802204.0,802358.0,802486.0,802612.0,802723.0,802826.0,802922.0,803031.0,803289.0,803465.0,803647.0,803828.0,803981.0,804193.0,804403.0,804586.0,804794.0,804981.0,805122.0,805276.0,805407.0,805544.0,805671.0,805834.0,805954.0,806040.0,806147.0,806256.0,,,,,,,,,807297.0,807405.0,807529.0,807636.0,807775.0,807885.0,808005.0,808148.0,808306.0,808398.0,808535.0,808652.0,808755.0,808890.0,809004.0,809123.0,809248.0,809356.0,809508.0,809606.0,809712.0,809843.0,809989.0,810129.0,810234.0,810371.0,810492.0,810577.0,810694.0,810805.0,810927.0,811033.0,811141.0,811251.0,811351.0,811486.0,811619.0,811754.0,811834.0,811931.0,812076.0,812219.0,812362.0,812449.0,812568.0,812670.0,812796.0,812927.0,813049.0,813166.0,813309.0,813433.0,813544.0,813663.0,813777.0,813884.0,814009.0,814123.0,814228.0,814347.0,814441.0,814563.0,814654.0,814775.0,814880.0,814984.0,815093.0,815213.0,815303.0,815419.0,815572.0,815679.0,815817.0,815932.0,816042.0,816142.0,816254.0,816377.0,816503.0,816630.0,816769.0,816873.0,817035.0,817154.0,817281.0,817448.0,817549.0,817656.0,817777.0,817901.0,818035.0,818251.0,818444.0,818578.0,818700.0,818839.0,819058.0,819240.0,819494.0,819719.0,819907.0,820122.0,820295.0,820476.0,820710.0,820886.0,821055.0,821186.0,821326.0,821427.0,821551.0,821678.0,821829.0,821955.0,822079.0,822187.0,822309.0,822437.0,822572.0,822683.0,822834.0,,823104.0,823239.0,823405.0,823507.0,823683.0,823811.0,823943.0,824083.0,824210.0,824311.0,824435.0,824568.0,824713.0,824830.0,824931.0,825058.0,825163.0,825273.0,825414.0,825546.0,825675.0,825810.0,825936.0,826056.0,826168.0,826304.0,826419.0,826524.0,826612.0,826725.0,826839.0,827023.0,827368.0,827575.0,827780.0,827930.0,828084.0,828218.0,828335.0,828462.0,828570.0,828671.0,828778.0,828893.0,829007.0,829118.0,829228.0,829331.0,829416.0,829498.0,829585.0,829680.0,829781.0,829892.0,829982.0,830068.0,830158.0,830252.0,830336.0,830424.0,830532.0,830634.0,830719.0,830793.0,830894.0,830973.0,831092.0,831171.0,831274.0,831351.0,831443.0,831529.0,831621.0,831674.0,831758.0,831854.0,831942.0,832041.0,832133.0,832213.0,832308.0,832388.0,832499.0,832575.0,832660.0,832752.0,832854.0,832961.0,833049.0,833140.0,833241.0,833331.0,833419.0,833507.0,833586.0,833664.0,833785.0,833903.0,833996.0,834069.0,834154.0,834249.0,834337.0,834433.0,834510.0,834590.0,834683.0,834763.0,834862.0,834945.0,835050.0,835159.0,835231.0,835303
0F03LN1SBVw,248003.0,248019.0,248045.0,248082.0,248107.0,248126.0,248151.0,248167.0,248194.0,248218.0,248247.0,248284.0,248316.0,248341.0,248377.0,248407.0,248436.0,248449.0,248476.0,248499.0,248518.0,248541.0,248567.0,248599.0,248642.0,248672.0,248703.0,248731.0,248754.0,248781.0,248799.0,248821.0,248853.0,248884.0,248927.0,248969.0,249005.0,249047.0,249077.0,249116.0,249132.0,249162.0,249194.0,249220.0,249258.0,249283.0,249321.0,249353.0,249387.0,249407.0,249447.0,249471.0,249507.0,249527.0,249568.0,249604.0,249640.0,249668.0,249705.0,249731.0,249758.0,249784.0,249812.0,249844.0,249874.0,249902.0,249922.0,249965.0,249992.0,250007.0,250029.0,250051.0,250081.0,250111.0,250133.0,250164.0,250196.0,250212.0,250237.0,250267.0,250297.0,250323.0,250360.0,250387.0,250414.0,250445.0,250475.0,250505.0,250537.0,250553.0,250567.0,250591.0,250608.0,250627.0,250653.0,250665.0,250684.0,250708.0,250735.0,250758.0,250788.0,250807.0,250822.0,250851.0,250874.0,250902.0,250923.0,250943.0,250963.0,250993.0,251001.0,251011.0,251027.0,251046.0,251088.0,251134.0,251171.0,251195.0,251225.0,251250.0,251283.0,251335.0,251384.0,251420.0,251433.0,251452.0,251472.0,251497.0,251528.0,251560.0,251573.0,251594.0,251615.0,251633.0,,,,,,,,,251842.0,251860.0,251885.0,251901.0,251928.0,251951.0,251981.0,252006.0,252025.0,252050.0,252072.0,252091.0,252110.0,252132.0,252154.0,252182.0,252195.0,252217.0,252243.0,252263.0,252276.0,252286.0,252305.0,252324.0,252341.0,252354.0,252371.0,252390.0,252401.0,252412.0,252425.0,252435.0,252454.0,252475.0,252500.0,252511.0,252523.0,252541.0,252561.0,252576.0,252587.0,252609.0,252626.0,252645.0,252652.0,252665.0,252689.0,252708.0,252724.0,252744.0,252763.0,252778.0,252798.0,252822.0,252843.0,252862.0,252892.0,252919.0,252933.0,252950.0,252968.0,252983.0,252998.0,253017.0,253036.0,253061.0,253077.0,253094.0,253108.0,253131.0,253160.0,253180.0,253207.0,253224.0,253233.0,253246.0,253272.0,253298.0,253323.0,253342.0,253376.0,253394.0,253410.0,253429.0,253458.0,253485.0,253506.0,253529.0,253554.0,253569.0,253593.0,253628.0,253651.0,253671.0,253690.0,253713.0,253749.0,253786.0,253834.0,253872.0,253911.0,253945.0,253986.0,254018.0,254061.0,254091.0,254135.0,254161.0,254188.0,254212.0,254224.0,254248.0,254265.0,254291.0,254320.0,254343.0,254363.0,254392.0,254423.0,254446.0,254481.0,,254521.0,254547.0,254569.0,254589.0,254623.0,254657.0,254687.0,254707.0,254724.0,254740.0,254767.0,254794.0,254815.0,254825.0,254835.0,254852.0,254869.0,254890.0,254922.0,254943.0,254957.0,254983.0,255001.0,255017.0,255038.0,255058.0,255068.0,255086.0,255097.0,255110.0,255129.0,255165.0,255208.0,255247.0,255276.0,255298.0,255333.0,255356.0,255388.0,255422.0,255436.0,255458.0,255478.0,255499.0,255523.0,255538.0,255556.0,255574.0,255594.0,255610.0,255626.0,255641.0,255653.0,255667.0,255679.0,255697.0,255710.0,255719.0,255735.0,255755.0,255773.0,255790.0,255801.0,255809.0,255822.0,255832.0,255844.0,255866.0,255889.0,255899.0,255905.0,255914.0,255925.0,255935.0,255945.0,255952.0,255971.0,255982.0,255994.0,256008.0,256020.0,256037.0,256056.0,256064.0,256077.0,256089.0,256099.0,256117.0,256127.0,256142.0,256159.0,256172.0,256190.0,256206.0,256213.0,256227.0,256243.0,256256.0,256273.0,256285.0,256302.0,256316.0,256328.0,256337.0,256349.0,256361.0,256381.0,256389.0,256400.0,256418.0,256427.0,256437.0,256452.0,256464
M-QwzCKxs3s,201896.0,201949.0,201982.0,202037.0,202079.0,202122.0,202171.0,202211.0,202262.0,202316.0,202365.0,202404.0,202469.0,202515.0,202548.0,202602.0,202659.0,202701.0,202751.0,202809.0,202875.0,202955.0,203006.0,203053.0,203101.0,203153.0,203214.0,203265.0,203315.0,203362.0,203401.0,203454.0,203504.0,203548.0,203595.0,203639.0,203687.0,203727.0,203777.0,203846.0,203886.0,203925.0,203962.0,203995.0,204040.0,204084.0,204129.0,204179.0,204237.0,204289.0,204350.0,204399.0,204445.0,204478.0,204534.0,204574.0,204609.0,204651.0,204708.0,204758.0,204798.0,204831.0,204888.0,204947.0,205017.0,205062.0,205107.0,205154.0,205183.0,205231.0,205267.0,205314.0,205361.0,205401.0,205437.0,205493.0,205540.0,205593.0,205632.0,205669.0,205713.0,205762.0,205794.0,205837.0,205899.0,205945.0,205999.0,206042.0,206084.0,206143.0,206188.0,206245.0,206290.0,206325.0,206373.0,206422.0,206463.0,206499.0,206542.0,206600.0,206632.0,206671.0,206710.0,206759.0,206788.0,206827.0,206881.0,206943.0,206988.0,207037.0,207106.0,207156.0,207191.0,207248.0,207290.0,207331.0,207383.0,207432.0,207457.0,207511.0,207564.0,207632.0,207682.0,207709.0,207753.0,207790.0,207827.0,207862.0,207918.0,207954.0,207987.0,208017.0,208062.0,208097.0,,,,,,,,,208459.0,208512.0,208562.0,208601.0,208643.0,208674.0,208705.0,208732.0,208791.0,208848.0,208896.0,208939.0,208974.0,209011.0,209059.0,209102.0,209141.0,209193.0,209249.0,209289.0,209333.0,209379.0,209414.0,209452.0,209493.0,209536.0,209583.0,209636.0,209670.0,209718.0,209742.0,209778.0,209817.0,209852.0,209890.0,209928.0,209953.0,209993.0,210039.0,210089.0,210142.0,210189.0,210231.0,210270.0,210305.0,210336.0,210387.0,210417.0,210442.0,210479.0,210506.0,210530.0,210574.0,210609.0,210646.0,210687.0,210732.0,210765.0,210810.0,210850.0,210882.0,210913.0,210946.0,211011.0,211068.0,211109.0,211157.0,211191.0,211240.0,211271.0,211316.0,211354.0,211385.0,211424.0,211459.0,211502.0,211545.0,211588.0,211620.0,211660.0,211695.0,211747.0,211793.0,211845.0,211880.0,211922.0,211972.0,212020.0,212070.0,212110.0,212154.0,212183.0,212220.0,212254.0,212291.0,212350.0,212392.0,212429.0,212482.0,212524.0,212566.0,212609.0,212647.0,212682.0,212725.0,212776.0,212808.0,212844.0,212879.0,212916.0,212946.0,212988.0,213025.0,213056.0,213089.0,213120.0,213163.0,213207.0,213239.0,213279.0,213326.0,,213417.0,213460.0,213498.0,213527.0,213570.0,213613.0,213661.0,213692.0,213728.0,213766.0,213807.0,213848.0,213882.0,213929.0,213974.0,214012.0,214045.0,214086.0,214125.0,214146.0,214189.0,214228.0,214259.0,214294.0,214330.0,214367.0,214397.0,214424.0,214462.0,214509.0,214553.0,214592.0,214627.0,214656.0,214694.0,214737.0,214782.0,214817.0,214854.0,214886.0,214924.0,214955.0,215010.0,215071.0,215125.0,215182.0,215230.0,215284.0,215343.0,215379.0,215417.0,215449.0,215484.0,215550.0,215594.0,215631.0,215676.0,215721.0,215753.0,215798.0,215844.0,215904.0,215942.0,215990.0,216051.0,216107.0,216158.0,216207.0,216247.0,216295.0,216333.0,216372.0,216409.0,216441.0,216481.0,216517.0,216568.0,216616.0,216662.0,216712.0,216757.0,216801.0,216844.0,216891.0,216939.0,216984.0,217028.0,217061.0,217105.0,217139.0,217181.0,217216.0,217264.0,217309.0,217353.0,217397.0,217428.0,217463.0,217511.0,217549.0,217599.0,217652.0,217686.0,217727.0,217769.0,217809.0,217842.0,217907.0,217937.0,217976.0,218004.0,218046.0,218087.0,218131
fCAuvkRTyfs,3365.0,3365.0,3365.0,3366.0,3367.0,3368.0,3368.0,3368.0,3369.0,3369.0,3369.0,3369.0,3370.0,3370.0,3371.0,3371.0,3371.0,3371.0,3371.0,3371.0,3371.0,3371.0,3371.0,3371.0,3371.0,3371.0,3371.0,3371.0,3371.0,3371.0,3371.0,3371.0,3371.0,3371.0,3372.0,3372.0,3372.0,3372.0,3372.0,3372.0,3376.0,3378.0,3378.0,3378.0,3378.0,3378.0,3378.0,3378.0,3378.0,3378.0,3378.0,3378.0,3378.0,3378.0,3378.0,3378.0,3378.0,3379.0,3379.0,3379.0,3379.0,3380.0,3380.0,3380.0,3380.0,3380.0,3380.0,3380.0,3380.0,3380.0,3380.0,3380.0,3380.0,3380.0,3380.0,3381.0,3381.0,3381.0,3381.0,3382.0,3382.0,3382.0,3382.0,3383.0,3383.0,3383.0,3383.0,3383.0,3383.0,3383.0,3383.0,3383.0,3385.0,3385.0,3386.0,3386.0,3386.0,3387.0,3390.0,3392.0,3393.0,3393.0,3393.0,3393.0,3393.0,3393.0,3393.0,3393.0,3393.0,3393.0,3393.0,3393.0,3393.0,3393.0,3393.0,3393.0,3393.0,3394.0,3394.0,3394.0,3394.0,3394.0,3395.0,3395.0,3396.0,3396.0,3396.0,3397.0,3398.0,3398.0,3400.0,3400.0,3400.0,3401.0,,,,,,,,,3403.0,3403.0,3403.0,3403.0,3403.0,3403.0,3403.0,3403.0,3403.0,3403.0,3403.0,3403.0,3403.0,3405.0,3405.0,3405.0,3405.0,3405.0,3406.0,3406.0,3406.0,3406.0,3406.0,3407.0,3407.0,3407.0,3407.0,3407.0,3407.0,3407.0,3407.0,3407.0,3407.0,3407.0,3408.0,3408.0,3408.0,3408.0,3408.0,3408.0,3408.0,3409.0,3409.0,3410.0,3410.0,3411.0,3412.0,3412.0,3412.0,3412.0,3412.0,3413.0,3413.0,3413.0,3413.0,3413.0,3415.0,3415.0,3416.0,3416.0,3416.0,3416.0,3416.0,3417.0,3418.0,3418.0,3418.0,3418.0,3420.0,3421.0,3421.0,3423.0,3423.0,3424.0,3429.0,3429.0,3429.0,3429.0,3429.0,3429.0,3430.0,3430.0,3430.0,3431.0,3431.0,3431.0,3432.0,3433.0,3433.0,3433.0,3433.0,3433.0,3433.0,3433.0,3433.0,3433.0,3433.0,3433.0,3433.0,3434.0,3434.0,3434.0,3434.0,3434.0,3434.0,3434.0,3434.0,3436.0,3436.0,3436.0,3436.0,3436.0,3436.0,3436.0,3436.0,3436.0,3436.0,3436.0,3437.0,3437.0,3437.0,,3437.0,3438.0,3438.0,3439.0,3439.0,3441.0,3441.0,3441.0,3442.0,3442.0,3442.0,3442.0,3442.0,3442.0,3443.0,3443.0,3443.0,3443.0,3443.0,3443.0,3443.0,3443.0,3443.0,3443.0,3444.0,3445.0,3446.0,3446.0,3447.0,3448.0,3449.0,3449.0,3450.0,3451.0,3453.0,3455.0,3457.0,3459.0,3460.0,3461.0,3461.0,3461.0,3461.0,3461.0,3461.0,3461.0,3461.0,3461.0,3462.0,3462.0,3462.0,3462.0,3462.0,3462.0,3462.0,3462.0,3462.0,3462.0,3462.0,3462.0,3462.0,3463.0,3463.0,3463.0,3463.0,3463.0,3463.0,3463.0,3463.0,3463.0,3463.0,3463.0,3463.0,3463.0,3464.0,3465.0,3466.0,3466.0,3466.0,3466.0,3467.0,3467.0,3467.0,3467.0,3468.0,3468.0,3468.0,3468.0,3468.0,3469.0,3470.0,3470.0,3471.0,3473.0,3476.0,3477.0,3477.0,3477.0,3477.0,3477.0,3477.0,3477.0,3477.0,3477.0,3477.0,3477.0,3477.0,3477.0,3477.0,3477.0,3477.0,3477.0,3477.0,3477
eI4g-8AkV9w,872.0,872.0,872.0,872.0,873.0,874.0,875.0,875.0,876.0,876.0,876.0,876.0,876.0,876.0,877.0,877.0,877.0,878.0,878.0,878.0,878.0,879.0,879.0,879.0,879.0,880.0,880.0,880.0,881.0,881.0,881.0,881.0,881.0,882.0,882.0,882.0,882.0,882.0,883.0,883.0,883.0,883.0,883.0,883.0,883.0,884.0,884.0,884.0,897.0,903.0,903.0,903.0,904.0,904.0,904.0,904.0,904.0,907.0,907.0,909.0,909.0,909.0,909.0,909.0,909.0,909.0,909.0,911.0,916.0,921.0,921.0,923.0,923.0,923.0,925.0,926.0,927.0,928.0,928.0,930.0,931.0,931.0,931.0,931.0,931.0,931.0,931.0,931.0,931.0,931.0,931.0,931.0,934.0,935.0,936.0,936.0,936.0,936.0,936.0,936.0,937.0,937.0,937.0,937.0,937.0,937.0,937.0,937.0,937.0,937.0,937.0,937.0,938.0,938.0,938.0,940.0,940.0,941.0,943.0,944.0,946.0,947.0,949.0,949.0,949.0,949.0,950.0,950.0,950.0,957.0,957.0,957.0,958.0,958.0,,,,,,,,,958.0,958.0,959.0,960.0,960.0,960.0,960.0,960.0,960.0,960.0,960.0,960.0,961.0,961.0,961.0,961.0,962.0,962.0,962.0,962.0,962.0,962.0,962.0,962.0,962.0,962.0,962.0,963.0,963.0,963.0,963.0,963.0,963.0,963.0,963.0,963.0,963.0,963.0,963.0,963.0,963.0,963.0,965.0,965.0,966.0,966.0,966.0,966.0,966.0,968.0,968.0,968.0,968.0,968.0,968.0,968.0,969.0,969.0,971.0,971.0,971.0,971.0,971.0,971.0,971.0,971.0,971.0,971.0,971.0,971.0,971.0,972.0,972.0,972.0,972.0,972.0,972.0,972.0,972.0,972.0,972.0,972.0,977.0,977.0,979.0,979.0,981.0,981.0,981.0,981.0,981.0,981.0,981.0,981.0,981.0,997.0,1000.0,1000.0,1000.0,1000.0,1000.0,1000.0,1000.0,1001.0,1006.0,1006.0,1007.0,1007.0,1007.0,1007.0,1007.0,1007.0,1007.0,1007.0,1007.0,1007.0,1009.0,1009.0,1009.0,1009.0,1010.0,,1010.0,1010.0,1010.0,1010.0,1010.0,1010.0,1010.0,1012.0,1013.0,1014.0,1016.0,1019.0,1021.0,1021.0,1022.0,1030.0,1034.0,1034.0,1036.0,1037.0,1037.0,1037.0,1038.0,1039.0,1039.0,1039.0,1041.0,1043.0,1045.0,1045.0,1047.0,1047.0,1051.0,1052.0,1052.0,1052.0,1052.0,1052.0,1052.0,1052.0,1052.0,1052.0,1053.0,1053.0,1053.0,1054.0,1055.0,1056.0,1057.0,1057.0,1058.0,1058.0,1058.0,1059.0,1059.0,1059.0,1059.0,1060.0,1064.0,1065.0,1065.0,1065.0,1066.0,1066.0,1066.0,1067.0,1068.0,1070.0,1071.0,1072.0,1072.0,1072.0,1072.0,1074.0,1074.0,1074.0,1074.0,1074.0,1075.0,1077.0,1077.0,1077.0,1077.0,1077.0,1077.0,1077.0,1079.0,1079.0,1079.0,1079.0,1079.0,1079.0,1079.0,1079.0,1079.0,1079.0,1080.0,1080.0,1080.0,1080.0,1081.0,1081.0,1081.0,1081.0,1081.0,1081.0,1081.0,1081.0,1081.0,1081.0,1081.0,1082.0,1082.0,1082
3UaAxb4axjc,61600.0,61608.0,61610.0,61616.0,61623.0,61632.0,61639.0,61640.0,61645.0,61647.0,61649.0,61649.0,61655.0,61657.0,61661.0,61663.0,61668.0,61676.0,61678.0,61680.0,61684.0,61688.0,61688.0,61688.0,61690.0,61694.0,61697.0,61699.0,61701.0,61701.0,61704.0,61706.0,61706.0,61715.0,61719.0,61721.0,61727.0,61731.0,61732.0,61734.0,61735.0,61735.0,61737.0,61738.0,61741.0,61745.0,61750.0,61755.0,61755.0,61764.0,61767.0,61772.0,61778.0,61781.0,61785.0,61787.0,61789.0,61790.0,61792.0,61796.0,61797.0,61801.0,61809.0,61816.0,61819.0,61822.0,61824.0,61828.0,61832.0,61837.0,61843.0,61848.0,61856.0,61862.0,61872.0,61880.0,61883.0,61884.0,61889.0,61891.0,61893.0,61897.0,61903.0,61910.0,61922.0,61924.0,61925.0,61928.0,61930.0,61939.0,61945.0,61949.0,61952.0,61957.0,61964.0,61970.0,61976.0,61986.0,61990.0,61993.0,62007.0,62011.0,62016.0,62020.0,62023.0,62030.0,62036.0,62045.0,62052.0,62055.0,62057.0,62061.0,62066.0,62070.0,62074.0,62078.0,62078.0,62082.0,62085.0,62085.0,62088.0,62091.0,62094.0,62101.0,62109.0,62113.0,62116.0,62117.0,62121.0,62134.0,62142.0,62145.0,62157.0,62164.0,,,,,,,,,62225.0,62231.0,62233.0,62237.0,62244.0,62246.0,62247.0,62252.0,62259.0,62261.0,62266.0,62272.0,62277.0,62281.0,62285.0,62288.0,62290.0,62293.0,62296.0,62298.0,62308.0,62312.0,62314.0,62319.0,62336.0,62341.0,62345.0,62347.0,62354.0,62361.0,62367.0,62370.0,62377.0,62379.0,62380.0,62383.0,62388.0,62394.0,62399.0,62407.0,62410.0,62412.0,62418.0,62432.0,62425.0,62429.0,62430.0,62436.0,62444.0,62446.0,62450.0,62454.0,62458.0,62462.0,62474.0,62480.0,62487.0,62495.0,62499.0,62500.0,62502.0,62505.0,62514.0,62521.0,62532.0,62541.0,62543.0,62543.0,62547.0,62555.0,62557.0,62562.0,62569.0,62572.0,62577.0,62579.0,62579.0,62583.0,62585.0,62592.0,62597.0,62602.0,62606.0,62610.0,62614.0,62618.0,62621.0,62623.0,62626.0,62628.0,62630.0,62634.0,62641.0,62656.0,62661.0,62672.0,62679.0,62690.0,62697.0,62700.0,62705.0,62712.0,62716.0,62719.0,62725.0,62730.0,62739.0,62743.0,62752.0,62756.0,62764.0,62770.0,62772.0,62773.0,62775.0,62783.0,62785.0,62785.0,62791.0,62793.0,62794.0,,62798.0,62800.0,62802.0,62804.0,62810.0,62811.0,62812.0,62815.0,62816.0,62821.0,62826.0,62832.0,62836.0,62842.0,62854.0,62866.0,62871.0,62879.0,62884.0,62896.0,62900.0,62903.0,62906.0,62908.0,62913.0,62923.0,62924.0,62926.0,62928.0,62942.0,62950.0,62958.0,62963.0,62966.0,62974.0,62981.0,62984.0,62989.0,62993.0,63000.0,63002.0,63013.0,63017.0,63024.0,63030.0,63034.0,63037.0,63044.0,63044.0,63048.0,63051.0,63057.0,63059.0,63061.0,63066.0,63067.0,63070.0,63073.0,63082.0,63088.0,63092.0,63096.0,63104.0,63111.0,63116.0,63121.0,63124.0,63126.0,63129.0,63136.0,63143.0,63149.0,63158.0,63162.0,63162.0,63167.0,63170.0,63172.0,63176.0,63185.0,63194.0,63200.0,63210.0,63217.0,63221.0,63226.0,63230.0,63233.0,63236.0,63240.0,63244.0,63248.0,63252.0,63258.0,63264.0,63276.0,63280.0,63287.0,63294.0,63299.0,63299.0,63303.0,63304.0,63308.0,63309.0,63313.0,63316.0,63321.0,63326.0,63329.0,63330.0,63335.0,63337.0,63340
L8-wnCAlFLk,178330.0,178334.0,178338.0,178343.0,178346.0,178347.0,178351.0,178360.0,178363.0,178369.0,178371.0,178374.0,178376.0,178383.0,178388.0,178391.0,178395.0,178397.0,178400.0,178406.0,178411.0,178416.0,178419.0,178424.0,178426.0,178428.0,178429.0,178433.0,178433.0,178435.0,178440.0,178446.0,178447.0,178447.0,178451.0,178453.0,178454.0,178458.0,178461.0,178465.0,178471.0,178473.0,178477.0,178486.0,178490.0,178490.0,178493.0,178497.0,178500.0,178508.0,178511.0,178514.0,178517.0,178521.0,178526.0,178528.0,178531.0,178534.0,178538.0,178543.0,178546.0,178553.0,178560.0,178567.0,178570.0,178576.0,178578.0,178585.0,178588.0,178591.0,178593.0,178596.0,178597.0,178604.0,178607.0,178611.0,178614.0,178619.0,178621.0,178629.0,178634.0,178640.0,178649.0,178652.0,178654.0,178662.0,178669.0,178672.0,178676.0,178680.0,178684.0,178689.0,178693.0,178697.0,178704.0,178710.0,178726.0,178741.0,178749.0,178761.0,178769.0,178776.0,178785.0,178799.0,178804.0,178806.0,178810.0,178814.0,178815.0,178818.0,178820.0,178827.0,178830.0,178831.0,178834.0,178836.0,178836.0,178841.0,178852.0,178857.0,178866.0,178871.0,178873.0,178876.0,178876.0,178878.0,178885.0,178890.0,178896.0,178903.0,178904.0,178905.0,178909.0,178914.0,,,,,,,,,178943.0,178951.0,178952.0,178955.0,178958.0,178961.0,178962.0,178967.0,178968.0,178969.0,178974.0,178976.0,178980.0,178982.0,178984.0,178985.0,178985.0,178987.0,178993.0,178995.0,179001.0,179006.0,179014.0,179017.0,179022.0,179024.0,179022.0,179022.0,179025.0,179028.0,179031.0,179034.0,179036.0,179038.0,179043.0,179045.0,179046.0,179047.0,179050.0,179051.0,179052.0,179056.0,179059.0,179062.0,179063.0,179065.0,179067.0,179069.0,179073.0,179074.0,179074.0,179075.0,179077.0,179077.0,179081.0,179084.0,179088.0,179091.0,179093.0,179094.0,179098.0,179099.0,179105.0,179107.0,179109.0,179111.0,179115.0,179121.0,179125.0,179129.0,179130.0,179131.0,179131.0,179135.0,179137.0,179142.0,179146.0,179148.0,179149.0,179149.0,179155.0,179157.0,179159.0,179163.0,179165.0,179166.0,179168.0,179169.0,179169.0,179173.0,179175.0,179178.0,179178.0,179179.0,179183.0,179187.0,179192.0,179201.0,179206.0,179208.0,179210.0,179213.0,179217.0,179218.0,179223.0,179224.0,179224.0,179228.0,179231.0,179233.0,179238.0,179238.0,179240.0,179242.0,179246.0,179248.0,179255.0,179259.0,179264.0,179268.0,179270.0,,179275.0,179277.0,179278.0,179282.0,179282.0,179283.0,179288.0,179291.0,179293.0,179296.0,179300.0,179303.0,179304.0,179304.0,179310.0,179313.0,179314.0,179314.0,179316.0,179319.0,179321.0,179321.0,179324.0,179325.0,179327.0,179327.0,179327.0,179329.0,179334.0,179337.0,179338.0,179341.0,179343.0,179345.0,179349.0,179352.0,179355.0,179359.0,179360.0,179361.0,179365.0,179369.0,179372.0,179374.0,179378.0,179380.0,179382.0,179387.0,179388.0,179390.0,179393.0,179401.0,179403.0,179405.0,179408.0,179416.0,179420.0,179420.0,179423.0,179429.0,179434.0,179438.0,179441.0,179449.0,179454.0,179457.0,179460.0,179465.0,179468.0,179468.0,179472.0,179477.0,179479.0,179485.0,179489.0,179489.0,179494.0,179498.0,179502.0,179503.0,179505.0,179507.0,179513.0,179516.0,179516.0,179518.0,179521.0,179522.0,179525.0,179525.0,179528.0,179529.0,179531.0,179534.0,179535.0,179573.0,179569.0,179571.0,179574.0,179575.0,179576.0,179577.0,179577.0,179578.0,179581.0,179582.0,179585.0,179587.0,179590.0,179600.0,179607.0,179614.0,179618.0,179621
dUnAXN3evlA,200107.0,200404.0,200643.0,200913.0,201244.0,201572.0,201895.0,202243.0,202609.0,202930.0,203293.0,203676.0,204013.0,204401.0,204797.0,205158.0,205424.0,205716.0,206056.0,206342.0,206628.0,206944.0,207281.0,207541.0,207796.0,208068.0,208371.0,208657.0,209011.0,209397.0,209642.0,209931.0,210279.0,210597.0,210939.0,211256.0,211623.0,211916.0,212147.0,212497.0,212763.0,213117.0,213381.0,213683.0,213944.0,214255.0,214586.0,214920.0,215213.0,215498.0,215806.0,216076.0,216284.0,216498.0,216806.0,217052.0,217390.0,217660.0,217914.0,218150.0,218464.0,218773.0,219076.0,219429.0,219746.0,219984.0,220293.0,220602.0,220885.0,221243.0,221548.0,221838.0,222108.0,222417.0,222779.0,223160.0,223532.0,223846.0,224180.0,224466.0,224733.0,225147.0,225509.0,225865.0,226267.0,226601.0,226943.0,227358.0,227743.0,228076.0,228463.0,228824.0,229276.0,229612.0,230047.0,230508.0,230927.0,231355.0,231773.0,232218.0,232581.0,233002.0,233450.0,233838.0,234180.0,234661.0,235023.0,235336.0,235600.0,236032.0,236380.0,236740.0,237033.0,237322.0,237693.0,238074.0,238395.0,238709.0,239025.0,239387.0,239732.0,240029.0,240313.0,240681.0,240984.0,241340.0,241687.0,242053.0,242413.0,242722.0,243121.0,243413.0,243672.0,244006.0,,,,,,,,,246684.0,246995.0,247291.0,247609.0,247892.0,248157.0,248358.0,248620.0,248921.0,249203.0,249466.0,249706.0,249981.0,250338.0,250544.0,250718.0,251020.0,251327.0,251590.0,251843.0,252115.0,252424.0,252731.0,252971.0,253233.0,253499.0,253822.0,254196.0,254447.0,254707.0,255019.0,255324.0,255634.0,255922.0,256261.0,256607.0,256888.0,257255.0,257575.0,257855.0,258224.0,258564.0,258911.0,259200.0,259526.0,259792.0,260169.0,260573.0,260905.0,261195.0,261548.0,261850.0,262185.0,262499.0,262752.0,263142.0,263469.0,263755.0,264173.0,264507.0,264912.0,265195.0,265566.0,265869.0,266169.0,266521.0,266890.0,267271.0,267538.0,267891.0,268212.0,268569.0,268851.0,269208.0,269593.0,269904.0,270243.0,270558.0,270893.0,271184.0,271469.0,271838.0,272177.0,272568.0,272864.0,273172.0,273517.0,273862.0,274201.0,274549.0,274919.0,275238.0,275547.0,275856.0,276259.0,276582.0,276969.0,277333.0,277625.0,277940.0,278223.0,278538.0,278854.0,279183.0,279560.0,279870.0,280132.0,280540.0,280822.0,281151.0,281555.0,281909.0,282308.0,282606.0,282943.0,283245.0,283547.0,283833.0,284292.0,284603.0,284928.0,,285610.0,285973.0,286392.0,286766.0,287080.0,287408.0,287758.0,288085.0,288578.0,288959.0,289315.0,289652.0,290080.0,290456.0,290785.0,291187.0,291576.0,291959.0,292402.0,292771.0,293158.0,293516.0,293858.0,294294.0,294673.0,295087.0,295448.0,295865.0,296344.0,296736.0,297162.0,297572.0,297977.0,298385.0,298838.0,299345.0,299830.0,300268.0,300835.0,301255.0,301787.0,302217.0,302587.0,302898.0,303241.0,303629.0,303982.0,304314.0,304663.0,305000.0,305305.0,305667.0,306004.0,306346.0,306704.0,307043.0,307458.0,307882.0,308352.0,308784.0,309180.0,309553.0,310013.0,310434.0,310889.0,311291.0,311633.0,311923.0,312211.0,312501.0,312860.0,313163.0,313474.0,313816.0,314119.0,314383.0,314704.0,315045.0,315382.0,315754.0,316211.0,316591.0,316952.0,317375.0,317797.0,318227.0,318767.0,319286.0,319722.0,320080.0,320460.0,320916.0,321331.0,321712.0,322094.0,322453.0,322890.0,323329.0,323737.0,324163.0,324557.0,324950.0,325292.0,325674.0,326076.0,326525.0,326956.0,327435.0,327794.0,328164.0,328497.0,328843.0,329185.0,329576
ioztcmvpgpA,33601.0,33625.0,33636.0,33651.0,33669.0,33691.0,33715.0,33742.0,33761.0,33784.0,33804.0,33820.0,33842.0,33874.0,33892.0,33929.0,33967.0,34006.0,34033.0,34069.0,34107.0,34142.0,34168.0,34185.0,34210.0,34240.0,34275.0,34301.0,34326.0,34360.0,34386.0,34419.0,34444.0,34463.0,34480.0,34512.0,34540.0,34561.0,34585.0,34618.0,34645.0,34662.0,34682.0,34712.0,34743.0,34761.0,34787.0,34812.0,34832.0,34851.0,34870.0,34891.0,34903.0,34914.0,34944.0,34961.0,34972.0,34993.0,35008.0,35018.0,35036.0,35057.0,35077.0,35095.0,35118.0,35136.0,35148.0,35169.0,35181.0,35199.0,35218.0,35234.0,35243.0,35255.0,35266.0,35286.0,35307.0,35328.0,35347.0,35364.0,35382.0,35404.0,35421.0,35439.0,35453.0,35474.0,35492.0,35517.0,35545.0,35558.0,35574.0,35594.0,35621.0,35637.0,35652.0,35671.0,35691.0,35708.0,35727.0,35741.0,35755.0,35770.0,35793.0,35808.0,35825.0,35850.0,35867.0,35878.0,35890.0,35904.0,35918.0,35926.0,35951.0,35966.0,35981.0,35991.0,36001.0,36016.0,36034.0,36042.0,36054.0,36064.0,36077.0,36091.0,36098.0,36111.0,36126.0,36147.0,36157.0,36168.0,36175.0,36190.0,36203.0,36213.0,,,,,,,,,36325.0,36330.0,36341.0,36346.0,36362.0,36373.0,36390.0,36406.0,36420.0,36433.0,36444.0,36449.0,36462.0,36467.0,36476.0,36484.0,36491.0,36506.0,36518.0,36532.0,36538.0,36546.0,36555.0,36568.0,36581.0,36598.0,36612.0,36623.0,36627.0,36630.0,36637.0,36646.0,36655.0,36666.0,36679.0,36684.0,36691.0,36706.0,36719.0,36733.0,36755.0,36768.0,36785.0,36798.0,36814.0,36834.0,36848.0,36871.0,36891.0,36897.0,36904.0,36912.0,36925.0,36935.0,36951.0,36962.0,36981.0,36998.0,37027.0,37038.0,37050.0,37055.0,37068.0,37078.0,37093.0,37102.0,37118.0,37132.0,37140.0,37155.0,37168.0,37174.0,37189.0,37205.0,37229.0,37240.0,37259.0,37276.0,37293.0,37330.0,37356.0,37381.0,37402.0,37420.0,37427.0,37435.0,37453.0,37461.0,37475.0,37481.0,37495.0,37499.0,37501.0,37512.0,37526.0,37532.0,37540.0,37550.0,37557.0,37563.0,37575.0,37588.0,37598.0,37609.0,37617.0,37626.0,37638.0,37649.0,37666.0,37677.0,37686.0,37704.0,37711.0,37717.0,37723.0,37732.0,37744.0,37760.0,37776.0,37788.0,37795.0,,37823.0,37833.0,37841.0,37851.0,37861.0,37866.0,37875.0,37883.0,37893.0,37906.0,37919.0,37930.0,37939.0,37951.0,37960.0,37969.0,37977.0,37980.0,37992.0,37999.0,38013.0,38024.0,38030.0,38046.0,38054.0,38061.0,38066.0,38077.0,38082.0,38095.0,38104.0,38116.0,38126.0,38132.0,38142.0,38151.0,38157.0,38161.0,38169.0,38177.0,38185.0,38196.0,38206.0,38214.0,38224.0,38239.0,38267.0,38292.0,38330.0,38382.0,38419.0,38446.0,38483.0,38514.0,38534.0,38565.0,38591.0,38613.0,38633.0,38660.0,38691.0,38703.0,38722.0,38745.0,38770.0,38792.0,38861.0,38895.0,38925.0,38972.0,38998.0,39026.0,39070.0,39101.0,39127.0,39154.0,39188.0,39225.0,39259.0,39295.0,39332.0,39351.0,39371.0,39395.0,39421.0,39438.0,39455.0,39486.0,39511.0,39534.0,39567.0,39601.0,39631.0,39672.0,39729.0,39766.0,39792.0,39834.0,39871.0,39897.0,39920.0,39957.0,39977.0,40000.0,40024.0,40059.0,40096.0,40115.0,40141.0,40164.0,40199.0,40239.0,40284.0,40327
QJPwQ3u7jwM,25722.0,25725.0,25733.0,25739.0,25745.0,25751.0,25757.0,25762.0,25771.0,25778.0,25783.0,25787.0,25790.0,25795.0,25803.0,25803.0,25804.0,25807.0,25816.0,25826.0,25832.0,25837.0,25846.0,25850.0,25853.0,25859.0,25866.0,25868.0,25873.0,25876.0,25883.0,25894.0,25898.0,25908.0,25920.0,25936.0,25949.0,25957.0,25961.0,25973.0,25980.0,25991.0,26002.0,26012.0,26015.0,26017.0,26019.0,26030.0,26036.0,26042.0,26052.0,26059.0,26063.0,26069.0,26076.0,26085.0,26092.0,26103.0,26109.0,26117.0,26124.0,26131.0,26140.0,26147.0,26154.0,26157.0,26162.0,26172.0,26175.0,26192.0,26199.0,26210.0,26216.0,26226.0,26233.0,26243.0,26254.0,26259.0,26264.0,26269.0,26275.0,26284.0,26294.0,26299.0,26308.0,26318.0,26326.0,26330.0,26333.0,26334.0,26337.0,26340.0,26349.0,26355.0,26359.0,26366.0,26370.0,26383.0,26400.0,26411.0,26419.0,26424.0,26431.0,26437.0,26442.0,26447.0,26458.0,26467.0,26470.0,26475.0,26478.0,26480.0,26485.0,26489.0,26490.0,26494.0,26496.0,26502.0,26506.0,26509.0,26513.0,26517.0,26521.0,26526.0,26532.0,26538.0,26542.0,26545.0,26550.0,26556.0,26563.0,26570.0,26577.0,26586.0,,,,,,,,,26699.0,26711.0,26718.0,26720.0,26724.0,26733.0,26747.0,26753.0,26759.0,26762.0,26772.0,26773.0,26775.0,26783.0,26786.0,26795.0,26803.0,26803.0,26808.0,26810.0,26811.0,26817.0,26824.0,26831.0,26834.0,26839.0,26842.0,26848.0,26850.0,26853.0,26856.0,26861.0,26864.0,26870.0,26875.0,26875.0,26880.0,26885.0,26895.0,26905.0,26913.0,26914.0,26921.0,26925.0,26929.0,26934.0,26940.0,26943.0,26948.0,26947.0,26951.0,26957.0,26959.0,26965.0,26968.0,26976.0,26977.0,26982.0,26985.0,26987.0,26989.0,26992.0,26992.0,27001.0,27015.0,27041.0,27046.0,27060.0,27066.0,27077.0,27081.0,27084.0,27094.0,27099.0,27100.0,27107.0,27114.0,27119.0,27130.0,27140.0,27154.0,27161.0,27171.0,27176.0,27179.0,27183.0,27188.0,27191.0,27197.0,27206.0,27215.0,27229.0,27234.0,27239.0,27244.0,27249.0,27258.0,27268.0,27276.0,27286.0,27298.0,27308.0,27313.0,27325.0,27329.0,27328.0,27332.0,27338.0,27345.0,27352.0,27360.0,27369.0,27375.0,27379.0,27385.0,27392.0,27399.0,27406.0,27411.0,27417.0,27420.0,,27433.0,27441.0,27448.0,27454.0,27462.0,27465.0,27469.0,27476.0,27483.0,27490.0,27497.0,27503.0,27506.0,27514.0,27522.0,27527.0,27529.0,27529.0,27536.0,27545.0,27548.0,27553.0,27557.0,27563.0,27568.0,27571.0,27577.0,27580.0,27586.0,27592.0,27599.0,27607.0,27617.0,27621.0,27630.0,27635.0,27647.0,27654.0,27666.0,27673.0,27682.0,27686.0,27694.0,27709.0,27715.0,27715.0,27722.0,27727.0,27742.0,27748.0,27759.0,27766.0,27773.0,27779.0,27784.0,27791.0,27800.0,27806.0,27812.0,27817.0,27824.0,27830.0,27844.0,27857.0,27861.0,27871.0,27878.0,27887.0,27898.0,27905.0,27913.0,27917.0,27921.0,27930.0,27937.0,27951.0,27955.0,27958.0,27960.0,27962.0,27973.0,27978.0,27980.0,27986.0,27988.0,27994.0,27998.0,28002.0,28006.0,28013.0,28020.0,28028.0,28035.0,28040.0,28043.0,28051.0,28058.0,28064.0,28066.0,28073.0,28082.0,28086.0,28091.0,28097.0,28100.0,28105.0,28119.0,28144.0,28163.0,28172.0,28177.0,28197.0,28206.0,28216
8fdWqK3z5P0,561648.0,561657.0,561664.0,561679.0,561692.0,561704.0,561717.0,561728.0,561739.0,561750.0,561757.0,561774.0,561786.0,561796.0,561804.0,561818.0,561835.0,561842.0,561855.0,561866.0,561881.0,561894.0,561910.0,561917.0,561924.0,561937.0,561943.0,561955.0,561981.0,561987.0,562003.0,562010.0,562019.0,562038.0,562049.0,562066.0,562095.0,562124.0,562145.0,562157.0,562171.0,562194.0,562201.0,562217.0,562233.0,562238.0,562252.0,562262.0,562270.0,562279.0,562294.0,562301.0,562306.0,562311.0,562321.0,562333.0,562341.0,562353.0,562365.0,562373.0,562384.0,562395.0,562408.0,562426.0,562443.0,562453.0,562457.0,562470.0,562485.0,562491.0,562503.0,562512.0,562517.0,562537.0,562546.0,562558.0,562566.0,562575.0,562591.0,562602.0,562611.0,562617.0,562629.0,562636.0,562651.0,562653.0,562668.0,562674.0,562682.0,562689.0,562699.0,562713.0,562725.0,562735.0,562747.0,562754.0,562774.0,562792.0,562798.0,562806.0,562819.0,562832.0,562843.0,562856.0,562863.0,562871.0,562879.0,562887.0,562891.0,562897.0,562906.0,562922.0,562935.0,562943.0,562954.0,562968.0,562974.0,562980.0,562983.0,562993.0,563000.0,563007.0,563012.0,563019.0,563027.0,563030.0,563049.0,563063.0,563071.0,563088.0,563097.0,563105.0,563115.0,563116.0,,,,,,,,,563200.0,563225.0,563244.0,563263.0,563281.0,563319.0,563366.0,563385.0,563419.0,563446.0,563475.0,563499.0,563515.0,563527.0,563552.0,563567.0,563581.0,563595.0,563608.0,563625.0,563634.0,563645.0,563656.0,563661.0,563672.0,563688.0,563696.0,563710.0,563716.0,563727.0,563735.0,563751.0,563759.0,563768.0,563769.0,563781.0,563787.0,563796.0,563807.0,563814.0,563818.0,563831.0,563837.0,563839.0,563844.0,563854.0,563861.0,563865.0,563873.0,563886.0,563895.0,563907.0,563915.0,563931.0,563938.0,563956.0,563959.0,563962.0,563971.0,563979.0,563984.0,563992.0,563998.0,564007.0,564014.0,564021.0,564032.0,564040.0,564045.0,564049.0,564056.0,564061.0,564066.0,564072.0,564082.0,564093.0,564099.0,564104.0,564115.0,564122.0,564147.0,564162.0,564173.0,564191.0,564200.0,564209.0,564224.0,564238.0,564253.0,564269.0,564279.0,564292.0,564302.0,564312.0,564316.0,564328.0,564335.0,564348.0,564354.0,564361.0,564367.0,564383.0,564393.0,564399.0,564409.0,564410.0,564420.0,564426.0,564435.0,564443.0,564454.0,564463.0,564471.0,564477.0,564489.0,564500.0,564507.0,564513.0,564524.0,564529.0,564535.0,,564555.0,564563.0,564566.0,564571.0,564578.0,564588.0,564597.0,564610.0,564618.0,564626.0,564639.0,564649.0,564659.0,564668.0,564674.0,564697.0,564710.0,564721.0,564738.0,564756.0,564765.0,564773.0,564782.0,564791.0,564808.0,564818.0,564840.0,564847.0,564864.0,564887.0,564893.0,564900.0,564906.0,564920.0,564945.0,564958.0,564972.0,564979.0,564988.0,564999.0,565014.0,565036.0,565054.0,565076.0,565098.0,565136.0,565161.0,565185.0,565210.0,565223.0,565237.0,565251.0,565265.0,565282.0,565298.0,565314.0,565330.0,565348.0,565361.0,565373.0,565385.0,565397.0,565415.0,565429.0,565449.0,565466.0,565475.0,565485.0,565502.0,565516.0,565532.0,565547.0,565561.0,565583.0,565605.0,565618.0,565639.0,565671.0,565691.0,565717.0,565745.0,565765.0,565775.0,565804.0,565856.0,565926.0,566008.0,566047.0,566074.0,566097.0,566109.0,566170.0,566186.0,566253.0,566300.0,566334.0,566336.0,566388.0,566441.0,566451.0,566478.0,566514.0,566557.0,566582.0,566615.0,566651.0,566673.0,566708.0,566740.0,566793.0,566815.0,566851.0,566882.0,566904
2Tns4Mlts_Y,344.0,344.0,344.0,344.0,344.0,344.0,344.0,344.0,344.0,344.0,344.0,344.0,344.0,344.0,344.0,344.0,344.0,344.0,344.0,345.0,345.0,345.0,345.0,345.0,345.0,345.0,345.0,345.0,345.0,345.0,345.0,345.0,345.0,345.0,345.0,345.0,345.0,345.0,345.0,345.0,345.0,345.0,345.0,347.0,347.0,347.0,347.0,347.0,347.0,347.0,347.0,347.0,347.0,347.0,347.0,347.0,347.0,347.0,347.0,347.0,347.0,347.0,347.0,347.0,347.0,347.0,347.0,347.0,349.0,349.0,349.0,349.0,349.0,349.0,349.0,349.0,349.0,349.0,349.0,349.0,349.0,349.0,349.0,349.0,349.0,349.0,349.0,349.0,349.0,349.0,350.0,350.0,350.0,350.0,350.0,350.0,350.0,350.0,350.0,350.0,350.0,350.0,350.0,350.0,350.0,350.0,350.0,350.0,350.0,350.0,350.0,350.0,350.0,350.0,351.0,351.0,351.0,351.0,351.0,351.0,351.0,351.0,351.0,351.0,351.0,351.0,351.0,351.0,351.0,351.0,351.0,351.0,351.0,351.0,,,,,,,,,351.0,351.0,351.0,351.0,351.0,351.0,351.0,351.0,351.0,351.0,351.0,351.0,351.0,351.0,351.0,351.0,351.0,351.0,351.0,351.0,351.0,351.0,351.0,351.0,351.0,351.0,351.0,351.0,351.0,351.0,351.0,351.0,351.0,351.0,351.0,351.0,351.0,351.0,351.0,351.0,351.0,351.0,351.0,351.0,351.0,351.0,351.0,351.0,351.0,351.0,351.0,351.0,351.0,351.0,351.0,351.0,351.0,351.0,351.0,351.0,351.0,351.0,351.0,351.0,351.0,351.0,351.0,351.0,351.0,351.0,351.0,351.0,351.0,351.0,351.0,351.0,351.0,351.0,351.0,351.0,351.0,351.0,351.0,351.0,351.0,351.0,351.0,351.0,351.0,351.0,351.0,351.0,351.0,351.0,351.0,351.0,351.0,351.0,351.0,351.0,351.0,351.0,351.0,351.0,351.0,351.0,351.0,351.0,351.0,351.0,351.0,351.0,351.0,351.0,351.0,351.0,351.0,351.0,351.0,351.0,351.0,,351.0,351.0,351.0,351.0,351.0,351.0,351.0,351.0,351.0,351.0,351.0,351.0,351.0,351.0,351.0,351.0,351.0,351.0,351.0,351.0,351.0,351.0,351.0,351.0,351.0,351.0,351.0,351.0,351.0,351.0,351.0,351.0,351.0,351.0,351.0,351.0,351.0,351.0,351.0,351.0,351.0,351.0,351.0,351.0,351.0,351.0,351.0,351.0,351.0,351.0,351.0,351.0,351.0,351.0,351.0,351.0,351.0,351.0,351.0,351.0,351.0,351.0,351.0,351.0,351.0,351.0,351.0,351.0,351.0,351.0,351.0,351.0,351.0,351.0,351.0,351.0,351.0,351.0,351.0,351.0,351.0,351.0,351.0,351.0,351.0,351.0,351.0,351.0,351.0,351.0,351.0,351.0,351.0,351.0,351.0,351.0,351.0,351.0,351.0,351.0,351.0,351.0,351.0,351.0,351.0,351.0,351.0,351.0,351.0,351.0,351.0,351.0,351.0,351
QjU4vPfCCEU,1633.0,1633.0,1633.0,1633.0,1633.0,1633.0,1633.0,1633.0,1633.0,1633.0,1634.0,1634.0,1634.0,1634.0,1634.0,1634.0,1636.0,1636.0,1637.0,1639.0,1639.0,1639.0,1639.0,1639.0,1639.0,1639.0,1639.0,1640.0,1640.0,1640.0,1640.0,1640.0,1640.0,1640.0,1640.0,1640.0,1640.0,1640.0,1640.0,1640.0,1640.0,1640.0,1641.0,1643.0,1643.0,1643.0,1644.0,1644.0,1646.0,1646.0,1646.0,1646.0,1646.0,1646.0,1647.0,1647.0,1647.0,1647.0,1647.0,1647.0,1647.0,1647.0,1648.0,1648.0,1648.0,1648.0,1648.0,1648.0,1649.0,1649.0,1649.0,1649.0,1649.0,1649.0,1649.0,1651.0,1651.0,1651.0,1651.0,1651.0,1653.0,1653.0,1653.0,1653.0,1653.0,1653.0,1654.0,1654.0,1654.0,1654.0,1654.0,1656.0,1656.0,1656.0,1656.0,1656.0,1657.0,1657.0,1657.0,1657.0,1657.0,1657.0,1657.0,1657.0,1657.0,1657.0,1657.0,1657.0,1657.0,1657.0,1657.0,1657.0,1657.0,1657.0,1657.0,1657.0,1657.0,1657.0,1657.0,1657.0,1657.0,1657.0,1657.0,1657.0,1658.0,1658.0,1658.0,1658.0,1658.0,1658.0,1658.0,1658.0,1658.0,1658.0,,,,,,,,,1659.0,1659.0,1659.0,1659.0,1659.0,1660.0,1660.0,1660.0,1660.0,1660.0,1660.0,1660.0,1660.0,1660.0,1660.0,1660.0,1660.0,1660.0,1660.0,1661.0,1661.0,1661.0,1661.0,1661.0,1661.0,1661.0,1661.0,1661.0,1661.0,1661.0,1661.0,1661.0,1661.0,1661.0,1661.0,1661.0,1661.0,1661.0,1661.0,1661.0,1661.0,1661.0,1661.0,1661.0,1661.0,1661.0,1661.0,1661.0,1662.0,1662.0,1662.0,1662.0,1662.0,1662.0,1662.0,1662.0,1662.0,1662.0,1662.0,1662.0,1662.0,1662.0,1663.0,1663.0,1663.0,1663.0,1663.0,1663.0,1663.0,1663.0,1663.0,1663.0,1663.0,1663.0,1663.0,1663.0,1663.0,1663.0,1663.0,1663.0,1663.0,1663.0,1663.0,1664.0,1664.0,1664.0,1664.0,1664.0,1664.0,1665.0,1665.0,1665.0,1666.0,1666.0,1666.0,1666.0,1666.0,1666.0,1666.0,1666.0,1666.0,1666.0,1666.0,1667.0,1667.0,1667.0,1667.0,1667.0,1667.0,1669.0,1669.0,1669.0,1669.0,1669.0,1669.0,1669.0,1670.0,1670.0,1670.0,1670.0,1670.0,,1670.0,1670.0,1670.0,1670.0,1670.0,1671.0,1671.0,1671.0,1671.0,1671.0,1672.0,1672.0,1672.0,1672.0,1672.0,1672.0,1672.0,1672.0,1672.0,1672.0,1673.0,1673.0,1673.0,1674.0,1675.0,1675.0,1675.0,1675.0,1675.0,1675.0,1675.0,1676.0,1676.0,1676.0,1676.0,1676.0,1676.0,1676.0,1676.0,1676.0,1677.0,1677.0,1678.0,1678.0,1678.0,1678.0,1678.0,1678.0,1678.0,1678.0,1678.0,1678.0,1679.0,1679.0,1679.0,1679.0,1679.0,1679.0,1679.0,1679.0,1679.0,1679.0,1679.0,1681.0,1681.0,1681.0,1681.0,1681.0,1681.0,1681.0,1681.0,1681.0,1681.0,1682.0,1682.0,1682.0,1682.0,1682.0,1682.0,1682.0,1683.0,1683.0,1684.0,1684.0,1684.0,1684.0,1684.0,1685.0,1685.0,1685.0,1685.0,1685.0,1685.0,1685.0,1687.0,1690.0,1690.0,1690.0,1690.0,1690.0,1690.0,1690.0,1690.0,1690.0,1690.0,1690.0,1690.0,1690.0,1690.0,1690.0,1690.0,1690.0,1690.0,1690
weaEQ-mY-Dk,62562.0,62603.0,62664.0,62699.0,62734.0,62782.0,62813.0,62887.0,62924.0,62975.0,63003.0,63042.0,63084.0,63134.0,63196.0,63248.0,63298.0,63348.0,63411.0,63492.0,63576.0,63634.0,63695.0,63724.0,63769.0,63819.0,63883.0,63924.0,63979.0,64035.0,64093.0,64136.0,64189.0,64247.0,64299.0,64353.0,64406.0,64463.0,64500.0,64547.0,64586.0,64640.0,64683.0,64737.0,64777.0,64809.0,64846.0,64876.0,64931.0,64976.0,65014.0,65056.0,65090.0,65127.0,65155.0,65189.0,65228.0,65260.0,65289.0,65312.0,65345.0,65372.0,65406.0,65433.0,65466.0,65487.0,65516.0,65542.0,65579.0,65618.0,65653.0,65680.0,65704.0,65726.0,65751.0,65774.0,65805.0,65839.0,65876.0,65906.0,65942.0,65979.0,66018.0,66055.0,66110.0,66146.0,66186.0,66211.0,66258.0,66305.0,66364.0,66400.0,66459.0,66498.0,66532.0,66575.0,66616.0,66650.0,66691.0,66723.0,66762.0,66780.0,66820.0,66858.0,66893.0,66933.0,66966.0,66991.0,67024.0,67057.0,67086.0,67127.0,67172.0,67214.0,67248.0,67281.0,67323.0,67372.0,67410.0,67456.0,67492.0,67527.0,67550.0,67580.0,67603.0,67623.0,67661.0,67704.0,67724.0,67774.0,67811.0,67847.0,67882.0,67921.0,,,,,,,,,68234.0,68259.0,68290.0,68321.0,68359.0,68391.0,68417.0,68443.0,68473.0,68502.0,68524.0,68557.0,68598.0,68645.0,68665.0,68714.0,68781.0,68827.0,68893.0,68939.0,68963.0,68997.0,69030.0,69073.0,69102.0,69132.0,69168.0,69200.0,69236.0,69259.0,69282.0,69313.0,69352.0,69382.0,69421.0,69456.0,69487.0,69524.0,69557.0,69590.0,69629.0,69679.0,69723.0,69760.0,69802.0,69837.0,69879.0,69927.0,69974.0,70008.0,70044.0,70098.0,70144.0,70185.0,70235.0,70299.0,70330.0,70355.0,70394.0,70437.0,70479.0,70514.0,70553.0,70598.0,70622.0,70673.0,70716.0,70760.0,70783.0,70826.0,70907.0,70965.0,71016.0,71078.0,71122.0,71168.0,71215.0,71253.0,71276.0,71316.0,71352.0,71388.0,71416.0,71480.0,71536.0,71562.0,71603.0,71628.0,71653.0,71676.0,71705.0,71725.0,71744.0,71763.0,71790.0,71820.0,71854.0,71879.0,71908.0,71936.0,71969.0,72008.0,72030.0,72066.0,72083.0,72110.0,72133.0,72162.0,72187.0,72218.0,72245.0,72270.0,72279.0,72292.0,72312.0,72334.0,72364.0,72392.0,72420.0,72434.0,72459.0,,72507.0,72541.0,72577.0,72608.0,72631.0,72643.0,72672.0,72700.0,72722.0,72752.0,72775.0,72799.0,72808.0,72832.0,72852.0,72869.0,72888.0,72903.0,72925.0,72944.0,72972.0,73010.0,73032.0,73078.0,73118.0,73149.0,73164.0,73180.0,73202.0,73225.0,73253.0,73264.0,73279.0,73293.0,73314.0,73337.0,73348.0,73366.0,73376.0,73387.0,73404.0,73418.0,73447.0,73469.0,73494.0,73521.0,73556.0,73604.0,73648.0,73697.0,73754.0,73807.0,73851.0,73901.0,73929.0,73956.0,73997.0,74026.0,74046.0,74073.0,74096.0,74116.0,74145.0,74177.0,74197.0,74261.0,74431.0,74506.0,74578.0,74648.0,74692.0,74767.0,74855.0,74955.0,75027.0,75091.0,75158.0,75226.0,75393.0,75475.0,75553.0,75613.0,75673.0,75715.0,75754.0,75820.0,75874.0,75946.0,75997.0,76046.0,76098.0,76142.0,76193.0,76265.0,76336.0,76400.0,76436.0,76494.0,76530.0,76564.0,76610.0,76655.0,76715.0,76754.0,76813.0,76866.0,76945.0,77017.0,77079.0,77145.0,77193.0,77247.0,77307.0,77363
YPCTKdPJ8v8,184824.0,184903.0,185037.0,185125.0,185233.0,185352.0,185488.0,185610.0,185714.0,185846.0,185955.0,186086.0,186219.0,186338.0,186486.0,186619.0,186762.0,186884.0,187016.0,187151.0,187289.0,187427.0,187567.0,187669.0,187748.0,187880.0,187996.0,188122.0,188254.0,188431.0,188530.0,188658.0,188792.0,188946.0,189114.0,189250.0,189407.0,189544.0,189657.0,189787.0,189926.0,190064.0,190205.0,190344.0,190497.0,190603.0,190764.0,190912.0,191076.0,191212.0,191374.0,191553.0,191655.0,191776.0,191902.0,192013.0,192123.0,192260.0,192376.0,192495.0,192582.0,192724.0,192834.0,192961.0,193106.0,193228.0,193327.0,193423.0,193513.0,193656.0,193753.0,193873.0,193968.0,194093.0,194177.0,194327.0,194437.0,194561.0,194679.0,194780.0,194890.0,195018.0,195143.0,195267.0,195388.0,195534.0,195648.0,195726.0,195854.0,195977.0,196102.0,196231.0,196359.0,196495.0,196600.0,196696.0,196815.0,196930.0,197055.0,197191.0,197296.0,197406.0,197496.0,197602.0,197717.0,197805.0,197925.0,198017.0,198096.0,198198.0,198295.0,198389.0,198502.0,198609.0,198704.0,198771.0,198852.0,198939.0,199024.0,199117.0,199197.0,199268.0,199349.0,199423.0,199527.0,199628.0,199742.0,199846.0,199933.0,200033.0,200143.0,200261.0,200371.0,200504.0,,,,,,,,,201277.0,201346.0,201435.0,201530.0,201622.0,201715.0,201792.0,201873.0,201962.0,202059.0,202154.0,202241.0,202337.0,202447.0,202532.0,202615.0,202725.0,202822.0,202909.0,202988.0,203054.0,203138.0,203213.0,203290.0,203375.0,203474.0,203550.0,203637.0,203713.0,203759.0,203831.0,203916.0,203978.0,204037.0,204110.0,204169.0,204226.0,204297.0,204371.0,204435.0,204530.0,204625.0,204713.0,204790.0,204864.0,204948.0,205011.0,205090.0,205168.0,205237.0,205314.0,205386.0,205460.0,205533.0,205590.0,205659.0,205725.0,205785.0,205856.0,205917.0,205994.0,206060.0,206117.0,206171.0,206238.0,206305.0,206368.0,206444.0,206507.0,206588.0,206646.0,206724.0,206789.0,206868.0,206963.0,207042.0,207141.0,207214.0,207296.0,207365.0,207453.0,207510.0,207598.0,207692.0,207762.0,207822.0,207904.0,207988.0,208069.0,208135.0,208196.0,208285.0,208349.0,208443.0,208541.0,208645.0,208743.0,208815.0,208895.0,208949.0,209040.0,209103.0,209201.0,209272.0,209339.0,209418.0,209483.0,209553.0,209626.0,209701.0,209773.0,209889.0,209983.0,210075.0,210159.0,210257.0,210355.0,210424.0,210523.0,210606.0,210694.0,,210881.0,210960.0,211068.0,211129.0,211209.0,211290.0,211378.0,211448.0,211543.0,211644.0,211744.0,211829.0,211931.0,212023.0,212140.0,212213.0,212306.0,212384.0,212473.0,212547.0,212629.0,212745.0,212842.0,212919.0,213010.0,213101.0,213180.0,213275.0,213383.0,213455.0,213548.0,213623.0,213717.0,213792.0,213870.0,213943.0,214033.0,214135.0,214223.0,214292.0,214371.0,214452.0,214562.0,214652.0,214726.0,214813.0,214897.0,214987.0,215068.0,215139.0,215239.0,215349.0,215445.0,215532.0,215610.0,215709.0,215789.0,215851.0,215930.0,216021.0,216101.0,216148.0,216195.0,216270.0,216346.0,216428.0,216584.0,216682.0,216754.0,216818.0,216900.0,216992.0,217085.0,217219.0,217284.0,217365.0,217451.0,217543.0,217647.0,217714.0,217797.0,217867.0,217929.0,217981.0,218069.0,218136.0,218220.0,218306.0,218389.0,218448.0,218514.0,218574.0,218640.0,218697.0,218762.0,218830.0,218885.0,218945.0,219035.0,219092.0,219163.0,219232.0,219289.0,219368.0,219442.0,219521.0,219597.0,219676.0,219754.0,219830.0,219878.0,219953.0,220013.0,220072
a5Q9wyX8qQY,15877.0,15885.0,15901.0,15914.0,15921.0,15925.0,15933.0,15940.0,15948.0,15954.0,15962.0,15970.0,15976.0,15979.0,15985.0,15990.0,15995.0,16002.0,16007.0,16024.0,16029.0,16036.0,16041.0,16043.0,16054.0,16062.0,16070.0,16077.0,16084.0,16093.0,16100.0,16111.0,16123.0,16132.0,16134.0,16141.0,16146.0,16162.0,16167.0,16182.0,16193.0,16207.0,16225.0,16231.0,16243.0,16257.0,16267.0,16274.0,16284.0,16288.0,16304.0,16319.0,16332.0,16346.0,16356.0,16375.0,16388.0,16394.0,16411.0,16422.0,16429.0,16436.0,16446.0,16453.0,16463.0,16471.0,16479.0,16489.0,16498.0,16512.0,16525.0,16531.0,16540.0,16549.0,16560.0,16575.0,16589.0,16600.0,16608.0,16620.0,16625.0,16635.0,16638.0,16651.0,16661.0,16677.0,16679.0,16688.0,16699.0,16711.0,16720.0,16726.0,16738.0,16754.0,16762.0,16769.0,16778.0,16788.0,16796.0,16804.0,16815.0,16826.0,16839.0,16846.0,16860.0,16869.0,16876.0,16882.0,16896.0,16905.0,16912.0,16922.0,16940.0,16965.0,16978.0,16999.0,17009.0,17026.0,17040.0,17049.0,17056.0,17063.0,17066.0,17072.0,17085.0,17091.0,17098.0,17107.0,17111.0,17119.0,17121.0,17122.0,17131.0,17133.0,,,,,,,,,17211.0,17222.0,17236.0,17265.0,17303.0,17333.0,17367.0,17403.0,17431.0,17447.0,17462.0,17472.0,17483.0,17493.0,17498.0,17512.0,17514.0,17524.0,17536.0,17541.0,17549.0,17556.0,17564.0,17574.0,17587.0,17593.0,17602.0,17608.0,17611.0,17616.0,17618.0,17626.0,17632.0,17648.0,17656.0,17662.0,17668.0,17674.0,17683.0,17687.0,17687.0,17694.0,17702.0,17710.0,17713.0,17718.0,17728.0,17737.0,17743.0,17750.0,17752.0,17760.0,17770.0,17777.0,17786.0,17800.0,17804.0,17810.0,17813.0,17835.0,17840.0,17843.0,17845.0,17846.0,17853.0,17860.0,17866.0,17877.0,17886.0,17893.0,17901.0,17910.0,17914.0,17919.0,17923.0,17929.0,17932.0,17933.0,17939.0,17945.0,17953.0,17959.0,17974.0,17982.0,17988.0,17998.0,18008.0,18011.0,18013.0,18014.0,18029.0,18033.0,18037.0,18043.0,18048.0,18056.0,18061.0,18067.0,18071.0,18082.0,18088.0,18097.0,18104.0,18109.0,18113.0,18118.0,18123.0,18127.0,18130.0,18135.0,18137.0,18145.0,18147.0,18148.0,18154.0,18158.0,18163.0,18167.0,18173.0,18177.0,18187.0,,18206.0,18220.0,18237.0,18239.0,18250.0,18261.0,18273.0,18285.0,18300.0,18310.0,18323.0,18334.0,18343.0,18354.0,18364.0,18377.0,18389.0,18399.0,18410.0,18415.0,18423.0,18429.0,18438.0,18444.0,18447.0,18461.0,18469.0,18477.0,18492.0,18506.0,18519.0,18532.0,18541.0,18545.0,18550.0,18553.0,18559.0,18563.0,18569.0,18583.0,18589.0,18594.0,18598.0,18605.0,18610.0,18614.0,18617.0,18629.0,18635.0,18641.0,18646.0,18654.0,18658.0,18663.0,18666.0,18668.0,18675.0,18678.0,18681.0,18688.0,18696.0,18702.0,18709.0,18711.0,18716.0,18723.0,18727.0,18730.0,18736.0,18739.0,18744.0,18748.0,18757.0,18766.0,18769.0,18773.0,18785.0,18793.0,18801.0,18803.0,18810.0,18818.0,18824.0,18829.0,18832.0,18840.0,18853.0,18858.0,18868.0,18878.0,18891.0,18897.0,18907.0,18917.0,18924.0,18931.0,18941.0,18952.0,18958.0,18967.0,18975.0,18982.0,18988.0,18997.0,19002.0,19009.0,19025.0,19030.0,19041.0,19048.0,19055.0,19062.0,19067.0,19074
MBUnVhuNxUQ,885670.0,886181.0,886816.0,887464.0,887957.0,888414.0,888898.0,889415.0,889894.0,890309.0,890758.0,891161.0,891692.0,892158.0,892653.0,893115.0,893509.0,893817.0,894236.0,894707.0,895152.0,895542.0,895922.0,896314.0,896665.0,897110.0,897497.0,897983.0,898393.0,898934.0,899403.0,899751.0,900214.0,900606.0,901090.0,901479.0,901969.0,902290.0,902655.0,903036.0,903404.0,903833.0,904200.0,904683.0,905166.0,905514.0,905898.0,906325.0,906802.0,907218.0,907659.0,908048.0,908357.0,908735.0,909149.0,909497.0,909886.0,910261.0,910605.0,910909.0,911247.0,911679.0,912191.0,912676.0,913164.0,913568.0,913918.0,914344.0,914641.0,915138.0,915518.0,915855.0,916203.0,916522.0,916839.0,917166.0,917540.0,917952.0,918406.0,918827.0,919112.0,919523.0,919831.0,920252.0,920671.0,921128.0,921570.0,921918.0,922285.0,922620.0,922941.0,923344.0,923715.0,924012.0,924270.0,924566.0,924868.0,925228.0,925514.0,925897.0,926251.0,926533.0,926813.0,927140.0,927410.0,927700.0,928027.0,928357.0,928642.0,928927.0,929185.0,929500.0,929828.0,930146.0,930473.0,930721.0,930946.0,931227.0,931555.0,931902.0,932239.0,932517.0,932803.0,933098.0,933338.0,933673.0,933965.0,934287.0,934577.0,934868.0,935171.0,935452.0,935752.0,936012.0,,,,,,,,,938473.0,938726.0,938960.0,939259.0,939540.0,939835.0,940134.0,940439.0,940744.0,941073.0,941493.0,941907.0,942224.0,942549.0,942843.0,943200.0,943499.0,943816.0,944227.0,944587.0,945052.0,945425.0,945825.0,946239.0,946597.0,946981.0,947388.0,947764.0,948104.0,948378.0,948640.0,949020.0,949336.0,949616.0,949884.0,950117.0,950378.0,950662.0,950967.0,951306.0,951593.0,951856.0,952112.0,952362.0,952638.0,952930.0,953279.0,953645.0,953934.0,954239.0,954496.0,954752.0,955042.0,955381.0,955708.0,956047.0,956276.0,956515.0,956734.0,957032.0,957324.0,957572.0,957849.0,958098.0,958389.0,958717.0,959017.0,959357.0,959586.0,959842.0,960129.0,960438.0,960689.0,961041.0,961303.0,961670.0,962009.0,962311.0,962675.0,962959.0,963305.0,963623.0,964045.0,964306.0,964639.0,964959.0,965318.0,965647.0,965989.0,966293.0,966590.0,966845.0,967082.0,967410.0,967748.0,968056.0,968389.0,968695.0,968934.0,969185.0,969538.0,969795.0,970131.0,970487.0,970838.0,971137.0,971406.0,971624.0,971859.0,972106.0,972339.0,972574.0,972863.0,973075.0,973292.0,973499.0,973683.0,973923.0,974142.0,974389.0,974621.0,,975094.0,975406.0,975669.0,975909.0,976100.0,976255.0,976449.0,976692.0,976984.0,977224.0,977466.0,977638.0,977840.0,978092.0,978335.0,978586.0,978842.0,979033.0,979248.0,979446.0,979665.0,979891.0,980118.0,980320.0,980540.0,980755.0,980999.0,981239.0,981531.0,981772.0,982010.0,982221.0,982483.0,982688.0,982919.0,983167.0,983375.0,983574.0,983743.0,983971.0,984208.0,984451.0,984669.0,984917.0,985218.0,985535.0,985785.0,986042.0,986310.0,986630.0,986928.0,987208.0,987482.0,987720.0,987933.0,988234.0,988435.0,988786.0,989115.0,989409.0,989637.0,989903.0,990255.0,990570.0,990903.0,991212.0,991537.0,991851.0,992125.0,992396.0,992715.0,993099.0,993500.0,993940.0,994294.0,994566.0,994950.0,995261.0,995636.0,995933.0,996377.0,996739.0,997077.0,997414.0,997750.0,998169.0,998479.0,998806.0,999107.0,999373.0,999676.0,999969.0,1000411.0,1000740.0,1001057.0,1001411.0,1001735.0,1002042.0,1002328.0,1002682.0,1002993.0,1003294.0,1003560.0,1003835.0,1004153.0,1004470.0,1004803.0,1005145.0,1005507.0,1005800.0,1006074.0,1006350.0,1006673.0,1006969
8k95UY2MIFc,286780.0,286832.0,286892.0,286973.0,287051.0,287116.0,287156.0,287199.0,287249.0,287310.0,287372.0,287428.0,287462.0,287508.0,287556.0,287614.0,287661.0,287720.0,287775.0,287823.0,287872.0,287908.0,287954.0,287996.0,288034.0,288085.0,288123.0,288170.0,288208.0,288256.0,288315.0,288362.0,288422.0,288484.0,288529.0,288587.0,288643.0,288687.0,288737.0,288794.0,288853.0,288893.0,288948.0,288996.0,289055.0,289106.0,289167.0,289228.0,289291.0,289333.0,289389.0,289449.0,289495.0,289554.0,289635.0,289690.0,289760.0,289822.0,289887.0,289932.0,289978.0,290037.0,290110.0,290157.0,290209.0,290276.0,290315.0,290356.0,290400.0,290451.0,290488.0,290542.0,290584.0,290621.0,290672.0,290712.0,290762.0,290825.0,290880.0,290926.0,290972.0,291011.0,291065.0,291115.0,291165.0,291202.0,291245.0,291294.0,291330.0,291391.0,291422.0,291471.0,291501.0,291557.0,291612.0,291651.0,291693.0,291743.0,291782.0,291805.0,291847.0,291884.0,291920.0,291966.0,292011.0,292040.0,292073.0,292122.0,292162.0,292204.0,292231.0,292266.0,292319.0,292354.0,292394.0,292433.0,292473.0,292524.0,292569.0,292608.0,292640.0,292687.0,292737.0,292765.0,292803.0,292857.0,292936.0,292988.0,293035.0,293078.0,293130.0,293170.0,293226.0,293281.0,,,,,,,,,293697.0,293742.0,293774.0,293800.0,293849.0,293882.0,293911.0,293939.0,293982.0,294019.0,294055.0,294084.0,294112.0,294151.0,294212.0,294278.0,294329.0,294390.0,294439.0,294492.0,294537.0,294595.0,294656.0,294695.0,294741.0,294775.0,294811.0,294852.0,294896.0,294948.0,294989.0,295027.0,295069.0,295121.0,295161.0,295192.0,295234.0,295265.0,295307.0,295344.0,295375.0,295409.0,295452.0,295497.0,295528.0,295564.0,295600.0,295624.0,295658.0,295694.0,295750.0,295779.0,295806.0,295834.0,295864.0,295895.0,295915.0,295956.0,295977.0,296008.0,296033.0,296063.0,296086.0,296130.0,296173.0,296205.0,296241.0,296260.0,296282.0,296318.0,296348.0,296379.0,296406.0,296446.0,296489.0,296524.0,296560.0,296597.0,296629.0,296660.0,296686.0,296722.0,296763.0,296796.0,296835.0,296880.0,296908.0,296949.0,296982.0,297001.0,297036.0,297064.0,297103.0,297127.0,297159.0,297190.0,297219.0,297252.0,297284.0,297306.0,297334.0,297377.0,297418.0,297453.0,297487.0,297522.0,297555.0,297584.0,297626.0,297652.0,297677.0,297708.0,297742.0,297770.0,297793.0,297840.0,297871.0,297927.0,297964.0,297996.0,298037.0,,298107.0,298135.0,298165.0,298182.0,298216.0,298235.0,298270.0,298287.0,298346.0,298378.0,298415.0,298457.0,298495.0,298517.0,298554.0,298594.0,298633.0,298692.0,298732.0,298773.0,298816.0,298864.0,298900.0,298941.0,298975.0,299017.0,299064.0,299112.0,299171.0,299215.0,299261.0,299320.0,299351.0,299388.0,299415.0,299465.0,299511.0,299542.0,299589.0,299630.0,299664.0,299703.0,299744.0,299788.0,299820.0,299858.0,299892.0,299932.0,299968.0,300007.0,300042.0,300105.0,300155.0,300196.0,300247.0,300291.0,300341.0,300386.0,300422.0,300453.0,300483.0,300518.0,300559.0,300589.0,300634.0,300666.0,300704.0,300750.0,300787.0,300815.0,300870.0,300909.0,300931.0,300959.0,300997.0,301031.0,301077.0,301106.0,301139.0,301179.0,301232.0,301271.0,301353.0,301404.0,301441.0,301475.0,301507.0,301529.0,301576.0,301614.0,301642.0,301681.0,301714.0,301748.0,301784.0,301815.0,301853.0,301887.0,301921.0,301975.0,302016.0,302043.0,302081.0,302111.0,302133.0,302155.0,302181.0,302208.0,302236.0,302276.0,302319.0,302343.0,302381.0,302416
eXDBQF7Wp2U,38045.0,38048.0,38049.0,38053.0,38057.0,38062.0,38064.0,38069.0,38071.0,38076.0,38079.0,38085.0,38092.0,38097.0,38102.0,38108.0,38112.0,38121.0,38124.0,38133.0,38136.0,38143.0,38149.0,38151.0,38154.0,38158.0,38158.0,38167.0,38172.0,38175.0,38183.0,38186.0,38192.0,38198.0,38202.0,38206.0,38210.0,38214.0,38221.0,38224.0,38225.0,38227.0,38234.0,38243.0,38250.0,38254.0,38259.0,38263.0,38272.0,38275.0,38278.0,38285.0,38287.0,38289.0,38292.0,38296.0,38302.0,38307.0,38313.0,38317.0,38321.0,38325.0,38335.0,38341.0,38346.0,38353.0,38357.0,38361.0,38364.0,38367.0,38375.0,38382.0,38388.0,38392.0,38398.0,38403.0,38406.0,38409.0,38415.0,38418.0,38422.0,38425.0,38432.0,38434.0,38436.0,38441.0,38445.0,38448.0,38455.0,38461.0,38466.0,38470.0,38477.0,38480.0,38482.0,38486.0,38487.0,38491.0,38492.0,38494.0,38497.0,38502.0,38505.0,38515.0,38521.0,38521.0,38526.0,38530.0,38536.0,38542.0,38547.0,38552.0,38554.0,38557.0,38567.0,38573.0,38588.0,38597.0,38610.0,38614.0,38619.0,38627.0,38633.0,38643.0,38647.0,38652.0,38659.0,38665.0,38676.0,38681.0,38687.0,38692.0,38702.0,38710.0,,,,,,,,,38783.0,38790.0,38798.0,38804.0,38809.0,38814.0,38822.0,38826.0,38830.0,38831.0,38836.0,38838.0,38845.0,38857.0,38859.0,38866.0,38869.0,38873.0,38878.0,38883.0,38885.0,38887.0,38892.0,38894.0,38895.0,38903.0,38905.0,38910.0,38913.0,38920.0,38925.0,38927.0,38933.0,38941.0,38944.0,38946.0,38953.0,38961.0,38968.0,38977.0,38983.0,38984.0,38988.0,38994.0,39001.0,39009.0,39012.0,39021.0,39025.0,39034.0,39039.0,39043.0,39049.0,39056.0,39061.0,39063.0,39066.0,39073.0,39078.0,39081.0,39082.0,39084.0,39091.0,39094.0,39099.0,39103.0,39109.0,39110.0,39111.0,39118.0,39124.0,39127.0,39130.0,39135.0,39138.0,39141.0,39146.0,39146.0,39151.0,39156.0,39159.0,39168.0,39170.0,39173.0,39176.0,39178.0,39183.0,39185.0,39189.0,39194.0,39203.0,39207.0,39215.0,39225.0,39230.0,39234.0,39239.0,39243.0,39246.0,39257.0,39265.0,39272.0,39275.0,39283.0,39289.0,39293.0,39299.0,39303.0,39307.0,39312.0,39319.0,39327.0,39328.0,39337.0,39342.0,39347.0,39349.0,39354.0,39359.0,39365.0,39370.0,,39375.0,39381.0,39386.0,39392.0,39404.0,39406.0,39414.0,39416.0,39425.0,39431.0,39438.0,39444.0,39449.0,39456.0,39458.0,39461.0,39463.0,39468.0,39473.0,39477.0,39478.0,39485.0,39488.0,39489.0,39490.0,39492.0,39496.0,39501.0,39505.0,39511.0,39518.0,39521.0,39525.0,39528.0,39531.0,39536.0,39539.0,39542.0,39551.0,39551.0,39556.0,39560.0,39566.0,39571.0,39576.0,39579.0,39586.0,39587.0,39592.0,39595.0,39596.0,39599.0,39600.0,39603.0,39610.0,39616.0,39623.0,39629.0,39631.0,39632.0,39644.0,39652.0,39657.0,39658.0,39663.0,39667.0,39676.0,39680.0,39685.0,39690.0,39697.0,39698.0,39706.0,39709.0,39714.0,39723.0,39730.0,39733.0,39739.0,39743.0,39745.0,39746.0,39751.0,39757.0,39761.0,39763.0,39772.0,39779.0,39782.0,39786.0,39788.0,39792.0,39799.0,39800.0,39805.0,39809.0,39812.0,39818.0,39820.0,39823.0,39824.0,39829.0,39831.0,39833.0,39832.0,39837.0,39837.0,39844.0,39850.0,39859.0,39861.0,39866.0,39868.0,39869
yYEslPvr360,47236.0,47244.0,47251.0,47260.0,47271.0,47280.0,47287.0,47296.0,47300.0,47308.0,47314.0,47330.0,47339.0,47347.0,47357.0,47360.0,47372.0,47386.0,47392.0,47400.0,47406.0,47414.0,47424.0,47430.0,47432.0,47441.0,47448.0,47455.0,47464.0,47472.0,47480.0,47486.0,47494.0,47501.0,47510.0,47522.0,47529.0,47540.0,47557.0,47568.0,47577.0,47583.0,47598.0,47603.0,47609.0,47616.0,47621.0,47630.0,47637.0,47647.0,47665.0,47668.0,47675.0,47690.0,47700.0,47713.0,47722.0,47730.0,47736.0,47743.0,47749.0,47762.0,47768.0,47778.0,47790.0,47821.0,47844.0,47866.0,47877.0,47887.0,47896.0,47911.0,47926.0,47933.0,47940.0,47953.0,47963.0,47980.0,47989.0,48000.0,48008.0,48022.0,48032.0,48064.0,48080.0,48090.0,48100.0,48110.0,48123.0,48135.0,48150.0,48158.0,48164.0,48179.0,48194.0,48204.0,48211.0,48227.0,48237.0,48252.0,48263.0,48279.0,48285.0,48295.0,48312.0,48320.0,48334.0,48344.0,48354.0,48362.0,48372.0,48373.0,48377.0,48393.0,48406.0,48414.0,48424.0,48435.0,48447.0,48458.0,48469.0,48479.0,48494.0,48500.0,48511.0,48525.0,48529.0,48532.0,48542.0,48550.0,48559.0,48563.0,48566.0,48569.0,,,,,,,,,48647.0,48650.0,48658.0,48665.0,48684.0,48702.0,48734.0,48752.0,48763.0,48774.0,48787.0,48806.0,48819.0,48825.0,48832.0,48839.0,48854.0,48867.0,48875.0,48879.0,48886.0,48898.0,48907.0,48917.0,48923.0,48930.0,48939.0,48945.0,48954.0,48962.0,48968.0,48971.0,48978.0,48994.0,49001.0,49011.0,49027.0,49042.0,49052.0,49062.0,49073.0,49087.0,49100.0,49107.0,49116.0,49141.0,49155.0,49174.0,49203.0,49220.0,49236.0,49252.0,49259.0,49277.0,49295.0,49302.0,49310.0,49321.0,49334.0,49346.0,49356.0,49363.0,49370.0,49372.0,49381.0,49391.0,49403.0,49406.0,49414.0,49421.0,49432.0,49440.0,49449.0,49453.0,49466.0,49473.0,49478.0,49487.0,49492.0,49499.0,49504.0,49509.0,49516.0,49525.0,49531.0,49535.0,49542.0,49543.0,49549.0,49551.0,49562.0,49567.0,49579.0,49586.0,49592.0,49599.0,49613.0,49621.0,49627.0,49630.0,49633.0,49640.0,49653.0,49665.0,49674.0,49698.0,49713.0,49723.0,49733.0,49734.0,49750.0,49762.0,49772.0,49783.0,49794.0,49811.0,49826.0,49842.0,49853.0,49860.0,49870.0,,49890.0,49902.0,49918.0,49946.0,49957.0,49966.0,49983.0,49992.0,50006.0,50025.0,50046.0,50060.0,50076.0,50089.0,50102.0,50120.0,50143.0,50162.0,50187.0,50198.0,50218.0,50234.0,50251.0,50263.0,50278.0,50288.0,50300.0,50317.0,50327.0,50339.0,50353.0,50367.0,50386.0,50397.0,50406.0,50416.0,50435.0,50442.0,50456.0,50469.0,50477.0,50485.0,50497.0,50509.0,50519.0,50525.0,50532.0,50545.0,50554.0,50559.0,50567.0,50578.0,50596.0,50610.0,50621.0,50631.0,50643.0,50651.0,50656.0,50674.0,50689.0,50700.0,50702.0,50716.0,50722.0,50735.0,50752.0,50766.0,50776.0,50791.0,50801.0,50810.0,50825.0,50837.0,50853.0,50859.0,50872.0,50889.0,50910.0,50925.0,50945.0,50954.0,50964.0,50985.0,50998.0,51008.0,51019.0,51027.0,51041.0,51054.0,51067.0,51085.0,51096.0,51109.0,51121.0,51130.0,51144.0,51155.0,51172.0,51186.0,51207.0,51219.0,51226.0,51242.0,51254.0,51270.0,51277.0,51293.0,51297.0,51307.0,51321.0,51337.0,51346.0,51357
AnJCY5QqEC0,170149.0,170300.0,170439.0,170522.0,170628.0,170739.0,170875.0,171040.0,171231.0,171345.0,171451.0,171585.0,171729.0,171849.0,172001.0,172149.0,172313.0,172432.0,172568.0,172724.0,172860.0,172998.0,173144.0,173247.0,173352.0,173483.0,173653.0,173861.0,174039.0,174217.0,174391.0,174555.0,174701.0,174851.0,175011.0,175152.0,175248.0,175354.0,175439.0,175565.0,175653.0,175801.0,175902.0,176032.0,176148.0,176241.0,176371.0,176503.0,176601.0,176702.0,176835.0,176926.0,176998.0,177088.0,177174.0,177291.0,177383.0,177476.0,177592.0,177671.0,177767.0,177864.0,177948.0,178032.0,178107.0,178201.0,178266.0,178344.0,178414.0,178499.0,178598.0,178684.0,178759.0,178854.0,178939.0,179018.0,179111.0,179193.0,179268.0,179375.0,179440.0,179526.0,179610.0,179684.0,179754.0,179836.0,179888.0,179931.0,179994.0,180054.0,180120.0,180185.0,180256.0,180319.0,180377.0,180443.0,180517.0,180585.0,180668.0,180778.0,180831.0,180849.0,180849.0,180849.0,180849.0,180849.0,180849.0,180849.0,180849.0,180849.0,180849.0,180849.0,180849.0,180849.0,180849.0,180849.0,180849.0,180849.0,180849.0,180849.0,180849.0,180849.0,180849.0,180849.0,180849.0,180849.0,180849.0,180849.0,180849.0,180849.0,180849.0,180849.0,180849.0,180849.0,,,,,,,,,180849.0,180849.0,180849.0,180849.0,180849.0,180849.0,180849.0,180849.0,180849.0,180849.0,180849.0,180849.0,180849.0,180849.0,180849.0,180849.0,180849.0,180849.0,180849.0,180849.0,180849.0,180849.0,180849.0,180849.0,180849.0,180849.0,180849.0,180849.0,180849.0,180849.0,180849.0,180849.0,180849.0,180849.0,180849.0,180849.0,180849.0,180849.0,180849.0,180849.0,180849.0,180849.0,180849.0,180849.0,180849.0,180849.0,180849.0,180849.0,180849.0,180849.0,180849.0,180849.0,180849.0,180849.0,180849.0,180849.0,180849.0,180849.0,180849.0,180849.0,180849.0,180849.0,180849.0,180849.0,180849.0,180849.0,180849.0,180849.0,180849.0,180849.0,180849.0,180849.0,180849.0,180849.0,180849.0,180849.0,180849.0,180849.0,180849.0,180849.0,180849.0,180849.0,180849.0,180849.0,180849.0,180849.0,180849.0,180849.0,180849.0,180849.0,180849.0,180849.0,180849.0,180849.0,180849.0,180849.0,180849.0,180849.0,180849.0,180849.0,180849.0,180849.0,180849.0,180849.0,180849.0,180849.0,180849.0,180849.0,180849.0,180849.0,180849.0,180849.0,180849.0,180849.0,180849.0,180849.0,180849.0,180849.0,180849.0,180849.0,180849.0,,180849.0,180849.0,180849.0,180849.0,180849.0,180849.0,180849.0,180849.0,180849.0,180849.0,180849.0,180849.0,180849.0,180849.0,180849.0,180849.0,180849.0,180849.0,180849.0,180849.0,180849.0,180849.0,180849.0,180849.0,180849.0,180849.0,180849.0,180849.0,180849.0,180849.0,180849.0,180849.0,180849.0,180849.0,180849.0,180849.0,180849.0,180849.0,180849.0,180849.0,180849.0,180849.0,180849.0,180849.0,180849.0,180849.0,180849.0,180849.0,180849.0,180849.0,180849.0,180849.0,180849.0,180849.0,180849.0,180849.0,180849.0,180849.0,180849.0,180849.0,180849.0,180849.0,180849.0,180849.0,180849.0,180849.0,180849.0,180849.0,180849.0,180849.0,180849.0,180849.0,180849.0,180849.0,180849.0,180849.0,180849.0,180849.0,180849.0,180849.0,180849.0,180849.0,180849.0,180849.0,180849.0,180849.0,180849.0,180849.0,180849.0,180849.0,180849.0,180849.0,180849.0,180849.0,180849.0,180849.0,180849.0,180849.0,180849.0,180849.0,180849.0,180849.0,180849.0,180849.0,180849.0,180849.0,180849.0,180849.0,180849.0,180849.0,180849.0,180849.0,180849.0,180849
8mF2l2WsfS8,59329.0,59364.0,59401.0,59433.0,59478.0,59524.0,59564.0,59613.0,59656.0,59699.0,59727.0,59768.0,59798.0,59825.0,59870.0,59920.0,59956.0,59979.0,60008.0,60042.0,60105.0,60154.0,60215.0,60246.0,60272.0,60320.0,60367.0,60415.0,60474.0,60556.0,60611.0,60661.0,60715.0,60751.0,60784.0,60838.0,60879.0,60940.0,60976.0,61017.0,61056.0,61103.0,61164.0,61233.0,61275.0,61313.0,61358.0,61413.0,61475.0,61529.0,61587.0,61647.0,61696.0,61783.0,61845.0,61904.0,61967.0,62052.0,62113.0,62157.0,62215.0,62276.0,62363.0,62432.0,62474.0,62525.0,62575.0,62637.0,62673.0,62732.0,62778.0,62826.0,62880.0,62919.0,62979.0,63017.0,63055.0,63086.0,63142.0,63180.0,63216.0,63256.0,63298.0,63344.0,63387.0,63435.0,63482.0,63508.0,63554.0,63603.0,63658.0,63707.0,63766.0,63800.0,63837.0,63880.0,63910.0,63957.0,63993.0,64037.0,64077.0,64082.0,64082.0,64082.0,64082.0,64082.0,64082.0,64082.0,64082.0,64082.0,64082.0,64082.0,64082.0,64082.0,64082.0,64082.0,64082.0,64082.0,64082.0,64082.0,64082.0,64082.0,64082.0,64082.0,64082.0,64082.0,64082.0,64082.0,64082.0,64082.0,64082.0,64082.0,64082.0,64082.0,,,,,,,,,64082.0,64082.0,64082.0,64082.0,64082.0,64082.0,64082.0,64082.0,64082.0,64082.0,64082.0,64082.0,64082.0,64082.0,64082.0,64082.0,64082.0,64082.0,64082.0,64082.0,64082.0,64082.0,64082.0,64082.0,64082.0,64082.0,64082.0,64082.0,64082.0,64082.0,64082.0,64082.0,64082.0,64082.0,64082.0,64082.0,64082.0,64082.0,64082.0,64082.0,64082.0,64082.0,64082.0,64082.0,64082.0,64082.0,64082.0,64082.0,64082.0,64082.0,64082.0,64082.0,64082.0,64082.0,64082.0,64082.0,64082.0,64082.0,64082.0,64082.0,64082.0,64082.0,64082.0,64082.0,64082.0,64082.0,64082.0,64082.0,64082.0,64082.0,64082.0,64082.0,64082.0,64082.0,64082.0,64082.0,64082.0,64082.0,64082.0,64082.0,64082.0,64082.0,64082.0,64082.0,64082.0,64082.0,64082.0,64082.0,64082.0,64082.0,64082.0,64082.0,64082.0,64082.0,64082.0,64082.0,64082.0,64082.0,64082.0,64082.0,64082.0,64082.0,64082.0,64082.0,64082.0,64082.0,64082.0,64082.0,64082.0,64082.0,64082.0,64082.0,64082.0,64082.0,64082.0,64082.0,64082.0,64082.0,64082.0,64082.0,64082.0,,64082.0,64082.0,64082.0,64082.0,64082.0,64082.0,64082.0,64082.0,64082.0,64082.0,64082.0,64082.0,64082.0,64082.0,64082.0,64082.0,64082.0,64082.0,64082.0,64082.0,64082.0,64082.0,64082.0,64082.0,64082.0,64082.0,64082.0,64082.0,64082.0,64082.0,64082.0,64082.0,64082.0,64082.0,64082.0,64082.0,64082.0,64082.0,64082.0,64082.0,64082.0,64082.0,64082.0,64082.0,64082.0,64082.0,64082.0,64082.0,64082.0,64082.0,64082.0,64082.0,64082.0,64082.0,64082.0,64082.0,64082.0,64082.0,64082.0,64082.0,64082.0,64082.0,64082.0,64082.0,64082.0,64082.0,64082.0,64082.0,64082.0,64082.0,64082.0,64082.0,64082.0,64082.0,64082.0,64082.0,64082.0,64082.0,64082.0,64082.0,64082.0,64082.0,64082.0,64082.0,64082.0,64082.0,64082.0,64082.0,64082.0,64082.0,64082.0,64082.0,64082.0,64082.0,64082.0,64082.0,64082.0,64082.0,64082.0,64082.0,64082.0,64082.0,64082.0,64082.0,64082.0,64082.0,64082.0,64082.0,64082.0,64082.0,64082.0,64082.0,64082.0,64082
6waBH01ExW0,288814.0,288962.0,289156.0,289307.0,289509.0,289716.0,289936.0,290152.0,290379.0,290603.0,290792.0,290977.0,291204.0,291390.0,291659.0,291972.0,292191.0,292366.0,292611.0,292894.0,293199.0,293457.0,293683.0,293895.0,294093.0,294272.0,294562.0,294808.0,295024.0,295307.0,295546.0,295777.0,296144.0,296500.0,296859.0,297241.0,297577.0,298004.0,298338.0,298622.0,298966.0,299336.0,299698.0,300019.0,300352.0,300583.0,300807.0,301152.0,301464.0,301699.0,302007.0,302224.0,302471.0,302677.0,302853.0,303001.0,303178.0,303361.0,303530.0,303696.0,303855.0,304051.0,304232.0,304415.0,304589.0,304783.0,304955.0,305205.0,305390.0,305623.0,305898.0,306073.0,306311.0,306502.0,306757.0,306945.0,307174.0,307421.0,307655.0,307918.0,308059.0,308295.0,308567.0,308803.0,309042.0,309258.0,309511.0,309682.0,309866.0,310083.0,310264.0,310451.0,310646.0,310828.0,310976.0,311159.0,311373.0,311582.0,311753.0,311974.0,312177.0,312407.0,312622.0,312811.0,313055.0,313286.0,313533.0,313761.0,313965.0,314143.0,314330.0,314531.0,314784.0,315010.0,315127.0,315278.0,315459.0,315652.0,315845.0,316047.0,316270.0,316432.0,316588.0,316735.0,316869.0,317003.0,317118.0,317233.0,317342.0,317442.0,317590.0,317715.0,317882.0,318057.0,,,,,,,,,320501.0,320712.0,320964.0,321260.0,321882.0,322619.0,323118.0,323728.0,324447.0,325504.0,326654.0,327687.0,329419.0,331621.0,333724.0,335468.0,337484.0,338153.0,339113.0,339687.0,340115.0,340409.0,340689.0,341002.0,341239.0,341478.0,341711.0,341956.0,342127.0,342287.0,342479.0,342736.0,342929.0,343142.0,343326.0,343506.0,343670.0,343846.0,344010.0,344163.0,344380.0,344528.0,344684.0,344844.0,345049.0,345246.0,345495.0,345671.0,345885.0,346020.0,346182.0,346397.0,346679.0,346889.0,347125.0,347316.0,347459.0,347611.0,347808.0,347981.0,348181.0,348305.0,348477.0,348627.0,348745.0,348972.0,349172.0,349332.0,349469.0,349619.0,349757.0,349874.0,350029.0,350167.0,350342.0,350555.0,350713.0,350841.0,350988.0,351189.0,351356.0,351527.0,351692.0,351854.0,352058.0,352212.0,352372.0,352526.0,352719.0,352903.0,353110.0,353313.0,353459.0,353651.0,353779.0,353940.0,354173.0,354300.0,354525.0,354718.0,354928.0,355115.0,355203.0,355312.0,355502.0,355635.0,355767.0,355928.0,356100.0,356234.0,356357.0,356510.0,356635.0,356766.0,356883.0,356992.0,357079.0,357182.0,357299.0,357421.0,357539.0,,357839.0,357987.0,358194.0,358398.0,358549.0,358681.0,358814.0,358972.0,359102.0,359206.0,359323.0,359449.0,359589.0,359692.0,359842.0,360007.0,360135.0,360266.0,360399.0,360493.0,360615.0,360772.0,360919.0,361028.0,361170.0,361280.0,361376.0,361530.0,361684.0,361807.0,361925.0,362041.0,362148.0,362244.0,362333.0,362404.0,362496.0,362609.0,362776.0,362924.0,363007.0,363102.0,363215.0,363328.0,363476.0,363643.0,363813.0,363989.0,364328.0,364553.0,364769.0,364980.0,365197.0,365392.0,365531.0,365660.0,365818.0,365969.0,366124.0,366265.0,366403.0,366493.0,366626.0,366808.0,366955.0,367167.0,367370.0,367590.0,367780.0,368002.0,368186.0,368432.0,368685.0,368993.0,369203.0,369388.0,369624.0,369886.0,370149.0,370370.0,370597.0,370810.0,371021.0,371224.0,371439.0,371654.0,371853.0,372047.0,372201.0,372335.0,372502.0,372674.0,372841.0,373018.0,373189.0,373364.0,373623.0,373840.0,374065.0,374290.0,374506.0,374679.0,374810.0,374922.0,375112.0,375240.0,375410.0,375567.0,375679.0,375822.0,375948.0,376092.0,376289.0,376500
kU9D6zffWD4,44101.0,44118.0,44139.0,44157.0,44193.0,44216.0,44241.0,44266.0,44294.0,44313.0,44335.0,44360.0,44393.0,44427.0,44454.0,44484.0,44512.0,44539.0,44570.0,44608.0,44644.0,44673.0,44718.0,44755.0,44778.0,44806.0,44836.0,44868.0,44909.0,44936.0,44967.0,44992.0,45028.0,45062.0,45090.0,45139.0,45153.0,45166.0,45192.0,45210.0,45230.0,45264.0,45298.0,45336.0,45366.0,45386.0,45412.0,45442.0,45468.0,45498.0,45521.0,45545.0,45568.0,45594.0,45623.0,45655.0,45683.0,45716.0,45741.0,45763.0,45788.0,45811.0,45833.0,45854.0,45902.0,45938.0,45953.0,45974.0,45995.0,46020.0,46031.0,46058.0,46075.0,46097.0,46120.0,46138.0,46159.0,46183.0,46213.0,46234.0,46259.0,46284.0,46313.0,46349.0,46403.0,46444.0,46465.0,46495.0,46543.0,46595.0,46646.0,46691.0,46720.0,46753.0,46779.0,46814.0,46857.0,46889.0,46918.0,46954.0,46985.0,47013.0,47055.0,47096.0,47126.0,47150.0,47185.0,47214.0,47235.0,47255.0,47281.0,47313.0,47338.0,47348.0,47369.0,47386.0,47417.0,47448.0,47471.0,47497.0,47508.0,47527.0,47540.0,47564.0,47591.0,47613.0,47631.0,47651.0,47666.0,47689.0,47708.0,47730.0,47753.0,47776.0,,,,,,,,,47998.0,48044.0,48085.0,48119.0,48139.0,48157.0,48169.0,48183.0,48203.0,48223.0,48241.0,48259.0,48278.0,48296.0,48310.0,48327.0,48355.0,48386.0,48406.0,48424.0,48437.0,48449.0,48469.0,48490.0,48518.0,48534.0,48550.0,48571.0,48595.0,48614.0,48629.0,48657.0,48668.0,48684.0,48708.0,48727.0,48748.0,48773.0,48789.0,48806.0,48833.0,48856.0,48876.0,48888.0,48906.0,48923.0,48948.0,48973.0,49002.0,49014.0,49022.0,49050.0,49071.0,49089.0,49115.0,49135.0,49144.0,49154.0,49171.0,49188.0,49198.0,49211.0,49233.0,49242.0,49257.0,49276.0,49298.0,49325.0,49337.0,49352.0,49363.0,49380.0,49396.0,49412.0,49429.0,49445.0,49463.0,49484.0,49500.0,49520.0,49534.0,49556.0,49573.0,49591.0,49614.0,49630.0,49647.0,49662.0,49689.0,49707.0,49724.0,49736.0,49755.0,49766.0,49784.0,49796.0,49806.0,49818.0,49828.0,49846.0,49864.0,49878.0,49893.0,49909.0,49929.0,49946.0,49953.0,49961.0,49974.0,49995.0,50011.0,50033.0,50039.0,50047.0,50058.0,50074.0,50079.0,50094.0,50103.0,50112.0,50125.0,,50157.0,50170.0,50187.0,50202.0,50213.0,50224.0,50235.0,50244.0,50255.0,50262.0,50271.0,50280.0,50292.0,50304.0,50317.0,50328.0,50343.0,50355.0,50368.0,50376.0,50391.0,50398.0,50419.0,50428.0,50448.0,50461.0,50477.0,50493.0,50510.0,50531.0,50542.0,50547.0,50553.0,50558.0,50566.0,50581.0,50590.0,50595.0,50609.0,50622.0,50632.0,50649.0,50657.0,50664.0,50672.0,50685.0,50711.0,50732.0,50753.0,50777.0,50804.0,50824.0,50843.0,50873.0,50887.0,50903.0,50923.0,50947.0,50965.0,50981.0,50994.0,51001.0,51011.0,51026.0,51039.0,51061.0,51138.0,51192.0,51239.0,51277.0,51308.0,51327.0,51351.0,51378.0,51411.0,51433.0,51461.0,51498.0,51527.0,51548.0,51577.0,51607.0,51630.0,51645.0,51666.0,51683.0,51697.0,51712.0,51720.0,51738.0,51756.0,51768.0,51781.0,51799.0,51816.0,51826.0,51845.0,51864.0,51886.0,51902.0,51912.0,51927.0,51941.0,51959.0,51974.0,51983.0,52008.0,52031.0,52043.0,52054.0,52074.0,52099.0,52111.0,52129
LhORfQPXmXY,160182.0,160321.0,160455.0,160609.0,160746.0,160919.0,161096.0,161248.0,161427.0,161539.0,161654.0,161792.0,161955.0,162092.0,162260.0,162460.0,162630.0,162767.0,162926.0,163144.0,163316.0,163464.0,163649.0,163835.0,163950.0,164085.0,164270.0,164459.0,164641.0,164805.0,164990.0,165151.0,165290.0,165501.0,165717.0,165903.0,166097.0,166284.0,166445.0,166615.0,166782.0,166987.0,167201.0,167384.0,167574.0,167716.0,167972.0,168172.0,168355.0,168555.0,168758.0,168970.0,169133.0,169327.0,169514.0,169715.0,169882.0,170085.0,170272.0,170449.0,170607.0,170793.0,170975.0,171214.0,171421.0,171671.0,171796.0,171962.0,172104.0,172316.0,172579.0,172763.0,172960.0,173153.0,173356.0,173537.0,173739.0,173915.0,174123.0,174365.0,174529.0,174749.0,174960.0,175171.0,175374.0,175623.0,175794.0,175936.0,176128.0,176293.0,176522.0,176743.0,176962.0,177164.0,177286.0,177488.0,177638.0,177864.0,178125.0,178401.0,178596.0,178670.0,178671.0,178671.0,178671.0,178671.0,178671.0,178671.0,178671.0,178671.0,178671.0,178671.0,178671.0,178671.0,178671.0,178671.0,178671.0,178671.0,178671.0,178671.0,178671.0,178671.0,178671.0,178671.0,178671.0,178671.0,178671.0,178671.0,178671.0,178671.0,178671.0,178671.0,178671.0,178671.0,,,,,,,,,178671.0,178671.0,178671.0,178671.0,178671.0,178671.0,178671.0,178671.0,178671.0,178671.0,178671.0,178671.0,178671.0,178671.0,178671.0,178671.0,178671.0,178671.0,178671.0,178671.0,178671.0,178671.0,178671.0,178671.0,178671.0,178671.0,178671.0,178671.0,178671.0,178671.0,178671.0,178671.0,178671.0,178671.0,178671.0,178671.0,178671.0,178671.0,178671.0,178671.0,178671.0,178671.0,178671.0,178671.0,178671.0,178671.0,178671.0,178671.0,178671.0,178671.0,178671.0,178671.0,178671.0,178671.0,178671.0,178671.0,178671.0,178671.0,178671.0,178671.0,178671.0,178671.0,178671.0,178671.0,178671.0,178671.0,178671.0,178671.0,178671.0,178671.0,178671.0,178671.0,178671.0,178671.0,178671.0,178671.0,178671.0,178671.0,178671.0,178671.0,178671.0,178671.0,178671.0,178671.0,178671.0,178671.0,178671.0,178671.0,178671.0,178671.0,178671.0,178671.0,178671.0,178671.0,178671.0,178671.0,178671.0,178671.0,178671.0,178671.0,178671.0,178671.0,178671.0,178671.0,178671.0,178671.0,178671.0,178671.0,178671.0,178671.0,178671.0,178671.0,178671.0,178671.0,178671.0,178671.0,178671.0,178671.0,178671.0,178671.0,178671.0,,178671.0,178671.0,178671.0,178671.0,178671.0,178671.0,178671.0,178671.0,178671.0,178671.0,178671.0,178671.0,178671.0,178671.0,178671.0,178671.0,178671.0,178671.0,178671.0,178671.0,178671.0,178671.0,178671.0,178671.0,178671.0,178671.0,178671.0,178671.0,178671.0,178671.0,178671.0,178671.0,178671.0,178671.0,178671.0,178671.0,178671.0,178671.0,178671.0,178671.0,178671.0,178671.0,178671.0,178671.0,178671.0,178671.0,178671.0,178671.0,178671.0,178671.0,178671.0,178671.0,178671.0,178671.0,178671.0,178671.0,178671.0,178671.0,178671.0,178671.0,178671.0,178671.0,178671.0,178671.0,178671.0,178671.0,178671.0,178671.0,178671.0,178671.0,178671.0,178671.0,178671.0,178671.0,178671.0,178671.0,178671.0,178671.0,178671.0,178671.0,178671.0,178671.0,178671.0,178671.0,178671.0,178671.0,178671.0,178671.0,178671.0,178671.0,178671.0,178671.0,178671.0,178671.0,178671.0,178671.0,178671.0,178671.0,178671.0,178671.0,178671.0,178671.0,178671.0,178671.0,178671.0,178671.0,178671.0,178671.0,178671.0,178671.0,178671.0,178671.0,178671.0,178671
c6krNQ3NaPk,1064.0,1064.0,1064.0,1066.0,1071.0,1071.0,1072.0,1074.0,1074.0,1074.0,1074.0,1074.0,1074.0,1076.0,1077.0,1077.0,1078.0,1078.0,1078.0,1078.0,1078.0,1078.0,,1079.0,1079.0,1079.0,1079.0,1079.0,1079.0,1081.0,1081.0,1081.0,1081.0,1081.0,1081.0,1081.0,1081.0,1081.0,1081.0,1081.0,1081.0,1081.0,1081.0,1081.0,1081.0,1081.0,1081.0,1083.0,1083.0,1083.0,1083.0,1083.0,1083.0,1083.0,1083.0,1083.0,1083.0,1083.0,1083.0,1083.0,1083.0,1083.0,1083.0,1083.0,1083.0,1083.0,1083.0,1084.0,1086.0,1087.0,1087.0,1087.0,1087.0,1087.0,1087.0,1087.0,1087.0,1087.0,1087.0,1087.0,1087.0,1087.0,1087.0,1087.0,1087.0,1087.0,1087.0,1087.0,1087.0,1087.0,1087.0,1088.0,1089.0,1089.0,1089.0,1089.0,1089.0,1089.0,1089.0,1089.0,1089.0,1089.0,1089.0,1089.0,1090.0,1090.0,1090.0,1090.0,1090.0,1090.0,1090.0,1090.0,1090.0,1090.0,1091.0,1091.0,1091.0,1091.0,1091.0,1091.0,1091.0,1091.0,1092.0,1092.0,1092.0,1092.0,1093.0,1093.0,1093.0,1093.0,1093.0,1093.0,1093.0,1093.0,,,,,,,,,1093.0,1093.0,1093.0,1093.0,1093.0,1093.0,1093.0,1093.0,1093.0,1094.0,1094.0,1094.0,1094.0,1094.0,1094.0,1094.0,1094.0,1097.0,1097.0,1097.0,1094.0,1094.0,1094.0,1094.0,1094.0,1094.0,1094.0,1094.0,1094.0,1096.0,1096.0,1096.0,1096.0,1096.0,1096.0,1096.0,1096.0,1096.0,1096.0,1096.0,1096.0,1096.0,1096.0,1096.0,1096.0,1096.0,1096.0,1097.0,1099.0,1099.0,1099.0,1099.0,1099.0,1099.0,1099.0,1099.0,1099.0,1099.0,1099.0,1099.0,1099.0,1099.0,1099.0,1099.0,1099.0,1099.0,1100.0,1100.0,1100.0,1100.0,1100.0,1100.0,1100.0,1100.0,1100.0,1100.0,1100.0,1100.0,1101.0,1101.0,1101.0,1101.0,1101.0,1101.0,1102.0,1103.0,1103.0,1103.0,1103.0,1103.0,1103.0,1103.0,1103.0,1103.0,1103.0,1103.0,1103.0,1103.0,1103.0,1103.0,1103.0,1103.0,1103.0,1103.0,1103.0,1103.0,1103.0,1103.0,1103.0,1103.0,1103.0,1103.0,1103.0,1103.0,1103.0,1103.0,1103.0,1106.0,1106.0,1106.0,1106.0,,1106.0,1106.0,1106.0,1106.0,1106.0,1106.0,1106.0,1107.0,1106.0,1106.0,1106.0,1106.0,1107.0,1107.0,1107.0,1109.0,1109.0,1110.0,1110.0,1110.0,1110.0,1111.0,1111.0,1111.0,1111.0,1111.0,1111.0,1111.0,1111.0,1111.0,1111.0,1112.0,1113.0,1113.0,1113.0,1114.0,1114.0,1114.0,1114.0,1114.0,1114.0,1115.0,1116.0,1116.0,1117.0,1117.0,1117.0,1117.0,1117.0,1117.0,1117.0,1117.0,1117.0,1117.0,1117.0,1117.0,1117.0,1117.0,1117.0,1117.0,1117.0,1118.0,1118.0,1118.0,1118.0,1120.0,1120.0,1120.0,1120.0,1120.0,1120.0,1121.0,1121.0,1122.0,1122.0,1122.0,1122.0,1121.0,1125.0,1125.0,1125.0,1127.0,1129.0,1129.0,1129.0,1132.0,1134.0,1135.0,1137.0,1138.0,1138.0,1141.0,1141.0,1141.0,1141.0,1141.0,1141.0,1141.0,1141.0,1141.0,1141.0,1141.0,1141.0,1141.0,1141.0,1141.0,1141.0,1141.0,1141.0,1141.0,1141.0,1141.0,1143.0,1143
FtU_D67tl64,230269.0,230281.0,230300.0,230315.0,230330.0,230345.0,230365.0,230385.0,230404.0,230429.0,230449.0,230470.0,230492.0,230507.0,230526.0,230572.0,230591.0,230580.0,230594.0,230608.0,230625.0,230650.0,230671.0,230685.0,230713.0,230737.0,230754.0,230773.0,230787.0,230805.0,230820.0,230838.0,230857.0,230875.0,230906.0,230931.0,230945.0,230974.0,231007.0,231021.0,231072.0,231150.0,231202.0,231243.0,231285.0,231327.0,231371.0,231390.0,231420.0,231462.0,231509.0,231533.0,231559.0,231573.0,231592.0,231601.0,231634.0,231660.0,231675.0,231697.0,231729.0,231755.0,231769.0,231793.0,231823.0,231836.0,231876.0,231909.0,231936.0,231962.0,231983.0,231999.0,232015.0,232040.0,232061.0,232082.0,232104.0,232124.0,232153.0,232170.0,232193.0,232207.0,232229.0,232245.0,232267.0,232282.0,232297.0,232319.0,232345.0,232368.0,232377.0,232394.0,232410.0,232434.0,232446.0,232460.0,232476.0,232492.0,232515.0,232532.0,232558.0,232573.0,232586.0,232615.0,232633.0,232648.0,232671.0,232703.0,232721.0,232742.0,232758.0,232781.0,232796.0,232813.0,232838.0,232855.0,232874.0,232901.0,232916.0,232945.0,232961.0,232981.0,233012.0,233028.0,233059.0,233089.0,233110.0,233140.0,233166.0,233190.0,233202.0,233226.0,233240.0,233257.0,,,,,,,,,233459.0,233486.0,233498.0,233517.0,233535.0,233553.0,233575.0,233595.0,233613.0,233634.0,233660.0,233680.0,233697.0,233716.0,233735.0,233753.0,233763.0,233784.0,233804.0,233836.0,233855.0,233879.0,233896.0,233914.0,233932.0,233952.0,233971.0,233989.0,234001.0,234038.0,234055.0,234072.0,234100.0,234118.0,234136.0,234160.0,234185.0,234206.0,234218.0,234244.0,234266.0,234297.0,234327.0,234342.0,234351.0,234364.0,234383.0,234398.0,234419.0,234428.0,234450.0,234462.0,234484.0,234498.0,234512.0,234530.0,234541.0,234558.0,234572.0,234591.0,234600.0,234619.0,234644.0,234664.0,234682.0,234703.0,234722.0,234732.0,234744.0,234768.0,234786.0,234808.0,234817.0,234830.0,234852.0,234880.0,234897.0,234930.0,234953.0,234981.0,235002.0,235027.0,235046.0,235067.0,235100.0,235134.0,235159.0,235182.0,235195.0,235211.0,235228.0,235248.0,235274.0,235291.0,235311.0,235336.0,235359.0,235380.0,235409.0,235429.0,235454.0,235474.0,235494.0,235516.0,235546.0,235565.0,235582.0,235595.0,235610.0,235619.0,235635.0,235660.0,235677.0,235716.0,235741.0,235762.0,235782.0,235807.0,235833.0,235857.0,235883.0,,235944.0,235971.0,235989.0,236006.0,236037.0,236053.0,236077.0,236093.0,236116.0,236136.0,236160.0,236181.0,236195.0,236214.0,236236.0,236257.0,236269.0,236296.0,236318.0,236339.0,236363.0,236393.0,236422.0,236445.0,236463.0,236483.0,236514.0,236536.0,236550.0,236572.0,236589.0,236613.0,236639.0,236665.0,236698.0,236731.0,236754.0,236777.0,236796.0,236817.0,236844.0,236856.0,236882.0,236906.0,236941.0,236966.0,236984.0,237006.0,237029.0,237051.0,237073.0,237096.0,237121.0,237142.0,237178.0,237199.0,237230.0,237261.0,237279.0,237303.0,237332.0,237362.0,237385.0,237420.0,237441.0,237472.0,237495.0,237516.0,237541.0,237577.0,237609.0,237649.0,237677.0,237694.0,237736.0,237758.0,237776.0,237805.0,237837.0,237863.0,237905.0,237942.0,237968.0,237988.0,238022.0,238048.0,238071.0,238095.0,238118.0,238149.0,238170.0,238191.0,238219.0,238247.0,238273.0,238287.0,238321.0,238346.0,238368.0,238395.0,238418.0,238445.0,238465.0,238495.0,238523.0,238550.0,238582.0,238602.0,238624.0,238653.0,238677.0,238691.0,238718.0,238744
Ua-vzscoIbw,207378.0,207460.0,207587.0,207704.0,207810.0,207872.0,207991.0,208093.0,208186.0,208271.0,208381.0,208463.0,208526.0,208615.0,208711.0,208824.0,208924.0,209000.0,209083.0,209175.0,209249.0,209365.0,209497.0,209581.0,209715.0,209811.0,209903.0,210036.0,210122.0,210217.0,210328.0,210475.0,210585.0,210730.0,210870.0,210979.0,211118.0,211233.0,211372.0,211496.0,211584.0,211702.0,211813.0,211937.0,212061.0,212177.0,212319.0,212445.0,212556.0,212686.0,212832.0,212943.0,213054.0,213154.0,213247.0,213339.0,213440.0,213542.0,213631.0,213714.0,213824.0,213920.0,214027.0,214119.0,214246.0,214362.0,214454.0,214547.0,214651.0,214751.0,214835.0,214923.0,215009.0,215111.0,215190.0,215300.0,215393.0,215476.0,215567.0,215668.0,215758.0,215844.0,215919.0,215999.0,216069.0,216160.0,216251.0,216320.0,216393.0,216470.0,216540.0,216634.0,216725.0,216820.0,216898.0,216994.0,217097.0,217163.0,217248.0,217362.0,217453.0,217533.0,217590.0,217671.0,217748.0,217807.0,217894.0,218020.0,218095.0,218168.0,218246.0,218323.0,218412.0,218481.0,218588.0,218662.0,218732.0,218825.0,218903.0,218989.0,219051.0,219114.0,219197.0,219270.0,219353.0,219444.0,219520.0,219593.0,219681.0,219749.0,219822.0,219886.0,219993.0,220092.0,,,,,,,,,220925.0,220998.0,221078.0,221243.0,221390.0,221621.0,221793.0,221949.0,222152.0,222281.0,222394.0,222501.0,222593.0,222726.0,222832.0,222977.0,223069.0,223167.0,223264.0,223341.0,223406.0,223486.0,223579.0,223656.0,223731.0,223806.0,223896.0,223996.0,224074.0,224145.0,224227.0,224315.0,224386.0,224490.0,224579.0,224654.0,224721.0,224806.0,224904.0,224969.0,225078.0,225166.0,225271.0,225335.0,225423.0,225503.0,225606.0,225712.0,225796.0,225894.0,225957.0,226038.0,226152.0,226251.0,226343.0,226425.0,226513.0,226595.0,226691.0,226777.0,226879.0,226948.0,227055.0,227163.0,227255.0,227334.0,227420.0,227514.0,227577.0,227654.0,227753.0,227826.0,227906.0,228004.0,228101.0,228191.0,228305.0,228406.0,228486.0,228591.0,228672.0,228770.0,228891.0,228974.0,229096.0,229197.0,229275.0,229389.0,229480.0,229569.0,229690.0,229792.0,229884.0,229979.0,230046.0,230139.0,230232.0,230325.0,230410.0,230478.0,230567.0,230643.0,230725.0,230831.0,230900.0,230991.0,231045.0,231113.0,231197.0,231268.0,231343.0,231413.0,231498.0,231564.0,231632.0,231710.0,231789.0,231869.0,231952.0,232044.0,232135.0,,232275.0,232347.0,232432.0,232486.0,232581.0,232642.0,232710.0,232803.0,232852.0,232935.0,233008.0,233090.0,233156.0,233229.0,233295.0,233358.0,233436.0,233547.0,233612.0,233681.0,233745.0,233819.0,233887.0,233964.0,234050.0,234116.0,234168.0,234234.0,234308.0,234384.0,234452.0,234518.0,234605.0,234671.0,234728.0,234809.0,234862.0,234929.0,235007.0,235070.0,235138.0,235220.0,235290.0,235371.0,235434.0,235503.0,235595.0,235657.0,235753.0,235836.0,235922.0,235999.0,236057.0,236143.0,236223.0,236265.0,236343.0,236404.0,236478.0,236529.0,236613.0,236690.0,236729.0,236801.0,236873.0,236953.0,237053.0,237135.0,237198.0,237287.0,237376.0,237465.0,237569.0,237657.0,237754.0,237856.0,237935.0,238022.0,238114.0,238200.0,238290.0,238356.0,238423.0,238496.0,238557.0,238647.0,238725.0,238785.0,238848.0,238896.0,238953.0,239024.0,239105.0,239184.0,239241.0,239342.0,239430.0,239506.0,239573.0,239650.0,239725.0,239779.0,239847.0,239903.0,239967.0,240044.0,240123.0,240191.0,240267.0,240344.0,240427.0,240480.0,240527.0,240601
sE1GQ6wM9qM,2139599.0,2141306.0,2142843.0,2144212.0,2145755.0,2147293.0,2148715.0,2150448.0,2152101.0,2153742.0,2155317.0,2156960.0,2158853.0,2160539.0,2162499.0,2164358.0,2166398.0,2168399.0,2170700.0,2172802.0,2174940.0,2177053.0,2179323.0,2181608.0,2183732.0,2185732.0,2187734.0,2189672.0,2191687.0,2193718.0,2195657.0,2197338.0,2199145.0,2200855.0,2202677.0,2204532.0,2206323.0,2208104.0,2209794.0,2211905.0,2213578.0,2215595.0,2217705.0,2219758.0,2221746.0,2223647.0,2225710.0,2227695.0,2229654.0,2231601.0,2233471.0,2235208.0,2236938.0,2238678.0,2240700.0,2242715.0,2244775.0,2246867.0,2248681.0,2250469.0,2252636.0,2254892.0,2257070.0,2258930.0,2260925.0,2262610.0,2264130.0,2265551.0,2266997.0,2268913.0,2270546.0,2272207.0,2273760.0,2275167.0,2276629.0,2278066.0,2279634.0,2281266.0,2282979.0,2284524.0,2285989.0,2287724.0,2289335.0,2290947.0,2292622.0,2294453.0,2296142.0,2297655.0,2299201.0,2300727.0,2302339.0,2303952.0,2305550.0,2307049.0,2308450.0,2309883.0,2311209.0,2312590.0,2314006.0,2315360.0,2316707.0,2318287.0,2319682.0,2320968.0,2322209.0,2323684.0,2325171.0,2326600.0,2327952.0,2329429.0,2330836.0,2332379.0,2333924.0,2335307.0,2336626.0,2337834.0,2339120.0,2340479.0,2341879.0,2343163.0,2344358.0,2345479.0,2346625.0,2347777.0,2349208.0,2350804.0,2352395.0,2353999.0,2355447.0,2356867.0,2358349.0,2359773.0,2361185.0,2362404.0,,,,,,,,,2374164.0,2375381.0,2376604.0,2377956.0,2379249.0,2380456.0,2381574.0,2382762.0,2383818.0,2384853.0,2386030.0,2387059.0,2388306.0,2389429.0,2390497.0,2391509.0,2392559.0,2393722.0,2394842.0,2396061.0,2397316.0,2398550.0,2399911.0,2401261.0,2402581.0,2403924.0,2405348.0,2406629.0,2407817.0,2408965.0,2410294.0,2411667.0,2413053.0,2414316.0,2415761.0,2417122.0,2418407.0,2419718.0,2421198.0,2422655.0,2424101.0,2425381.0,2426726.0,2427984.0,2429151.0,2430406.0,2431633.0,2432943.0,2434293.0,2435654.0,2436906.0,2438236.0,2439390.0,2440890.0,2442284.0,2443768.0,2445005.0,2446135.0,2447399.0,2448684.0,2449885.0,2451141.0,2452301.0,2453441.0,2454622.0,2455736.0,2457174.0,2458340.0,2459416.0,2460533.0,2461558.0,2462909.0,2464106.0,2465323.0,2466560.0,2467787.0,2469071.0,2470112.0,2471353.0,2472573.0,2473747.0,2474939.0,2476331.0,2477714.0,2478977.0,2480129.0,2481351.0,2482671.0,2484013.0,2485299.0,2486620.0,2487974.0,2489289.0,2490873.0,2492608.0,2494182.0,2495787.0,2497371.0,2498835.0,2500222.0,2501790.0,2503266.0,2504870.0,2506362.0,2507875.0,2509169.0,2510392.0,2511797.0,2513210.0,2514749.0,2516236.0,2517686.0,2519302.0,2520519.0,2521997.0,2523269.0,2524580.0,2525981.0,2527601.0,2529116.0,2530494.0,,2533825.0,2535454.0,2537037.0,2538542.0,2539949.0,2541330.0,2542771.0,2544092.0,2545526.0,2546966.0,2548374.0,2549610.0,2550912.0,2552281.0,2553583.0,2555009.0,2556421.0,2557874.0,2559258.0,2560453.0,2562005.0,2563443.0,2564922.0,2566432.0,2567852.0,2569090.0,2570502.0,2571879.0,2573283.0,2574691.0,2576043.0,2577419.0,2578795.0,2579944.0,2581325.0,2582557.0,2584023.0,2585311.0,2586515.0,2587529.0,2588738.0,2589872.0,2591069.0,2592236.0,2593456.0,2594631.0,2595670.0,2596765.0,2597814.0,2598888.0,2600020.0,2601223.0,2602293.0,2603387.0,2604507.0,2605671.0,2606934.0,2608033.0,2609202.0,2610293.0,2611369.0,2612457.0,2613599.0,2614889.0,2616130.0,2617268.0,2618308.0,2619416.0,2620415.0,2621275.0,2622459.0,2623613.0,2624924.0,2626172.0,2627448.0,2628600.0,2629858.0,2630993.0,2632308.0,2633663.0,2634993.0,2636109.0,2637240.0,2638315.0,2639839.0,2641111.0,2642478.0,2643854.0,2645128.0,2646291.0,2647580.0,2648844.0,2650130.0,2651400.0,2652749.0,2654100.0,2655390.0,2656704.0,2658027.0,2659328.0,2660684.0,2662015.0,2663369.0,2664702.0,2666036.0,2667257.0,2668593.0,2669952.0,2671292.0,2672508.0,2673747.0,2675009.0,2676254.0,2677571
nN3Rlx8c2oA,13213.0,13222.0,13229.0,13234.0,13236.0,13242.0,13244.0,13249.0,13251.0,13252.0,13259.0,13262.0,13264.0,13265.0,13267.0,13269.0,13270.0,13277.0,13280.0,13284.0,13284.0,13285.0,13289.0,13291.0,13293.0,13298.0,13300.0,13301.0,13302.0,13304.0,13306.0,13307.0,13309.0,13310.0,13312.0,13314.0,13318.0,13320.0,13322.0,13323.0,13327.0,13330.0,13333.0,13336.0,13343.0,13348.0,13350.0,13351.0,13358.0,13361.0,13362.0,13363.0,13370.0,13371.0,13377.0,13382.0,13384.0,13385.0,13387.0,13391.0,13395.0,13400.0,13405.0,13414.0,13420.0,13423.0,13427.0,13437.0,13441.0,13442.0,13446.0,13450.0,13452.0,13459.0,13464.0,13470.0,13472.0,13476.0,13481.0,13482.0,13485.0,13489.0,13493.0,13496.0,13499.0,13501.0,13503.0,13507.0,13510.0,13512.0,13522.0,13525.0,13528.0,13531.0,13535.0,13540.0,13542.0,13548.0,13553.0,13555.0,13557.0,13560.0,13561.0,13564.0,13568.0,13569.0,13571.0,13575.0,13575.0,13576.0,13578.0,13580.0,13584.0,13586.0,13588.0,13588.0,13593.0,13593.0,13597.0,13597.0,13598.0,13598.0,13599.0,13599.0,13600.0,13600.0,13603.0,13604.0,13604.0,13606.0,13610.0,13612.0,13613.0,13615.0,,,,,,,,,13640.0,13643.0,13646.0,13649.0,13656.0,13658.0,13660.0,13666.0,13668.0,13668.0,13670.0,13670.0,13673.0,13677.0,13678.0,13683.0,13685.0,13689.0,13691.0,13692.0,13695.0,13697.0,13698.0,13698.0,13708.0,13711.0,13713.0,13716.0,13719.0,13722.0,13726.0,13728.0,13732.0,13734.0,13737.0,13740.0,13747.0,13753.0,13755.0,13756.0,13758.0,13756.0,13760.0,13760.0,13763.0,13764.0,13765.0,13766.0,13773.0,13773.0,13776.0,13778.0,13778.0,13779.0,13780.0,13783.0,13785.0,13791.0,13794.0,13804.0,13812.0,13815.0,13820.0,13820.0,13821.0,13823.0,13826.0,13827.0,13829.0,13829.0,13829.0,13830.0,13831.0,13833.0,13833.0,13835.0,13838.0,13839.0,13839.0,13840.0,13842.0,13844.0,13844.0,13846.0,13849.0,13849.0,13853.0,13855.0,13857.0,13857.0,13858.0,13861.0,13862.0,13864.0,13868.0,13870.0,13872.0,13873.0,13876.0,13882.0,13884.0,13889.0,13891.0,13891.0,13892.0,13895.0,13896.0,13897.0,13898.0,13899.0,13901.0,13906.0,13909.0,13910.0,13913.0,13916.0,13917.0,13918.0,13920.0,13925.0,13926.0,,13932.0,13932.0,13933.0,13934.0,13938.0,13941.0,13943.0,13947.0,13947.0,13952.0,13957.0,13960.0,13960.0,13962.0,13966.0,13968.0,13970.0,13971.0,13971.0,13972.0,13973.0,13977.0,13978.0,13980.0,13982.0,13982.0,13983.0,13985.0,13985.0,13987.0,13989.0,13989.0,13990.0,13991.0,13993.0,13993.0,13996.0,13997.0,13999.0,14001.0,14003.0,14006.0,14008.0,14008.0,14009.0,14010.0,14014.0,14014.0,14015.0,14015.0,14016.0,14017.0,14018.0,14022.0,14023.0,14024.0,14028.0,14030.0,14031.0,14040.0,14040.0,14044.0,14038.0,14040.0,14042.0,14045.0,14046.0,14047.0,14048.0,14050.0,14051.0,14053.0,14055.0,14058.0,14059.0,14060.0,14065.0,14067.0,14069.0,14071.0,14075.0,14078.0,14080.0,14081.0,14082.0,14084.0,14085.0,14085.0,14085.0,14085.0,14085.0,14087.0,14088.0,14089.0,14089.0,14090.0,14093.0,14095.0,14097.0,14098.0,14098.0,14099.0,14102.0,14104.0,14104.0,14106.0,14106.0,14107.0,14110.0,14112.0,14112.0,14114.0,14117.0,14119
mjWwuUrFHRs,25329.0,25364.0,25384.0,25407.0,25428.0,25449.0,25469.0,25488.0,25511.0,25521.0,25541.0,25560.0,25577.0,25592.0,25616.0,25635.0,25655.0,25677.0,25693.0,25710.0,25737.0,25751.0,25780.0,25800.0,25832.0,25863.0,25885.0,25895.0,25927.0,25948.0,25964.0,25981.0,25999.0,26024.0,26045.0,26073.0,26095.0,26107.0,26124.0,26154.0,26188.0,26228.0,26260.0,26307.0,26340.0,26353.0,26374.0,26397.0,26427.0,26464.0,26493.0,26524.0,26550.0,26588.0,26622.0,26649.0,26660.0,26671.0,26696.0,26727.0,26751.0,26778.0,26809.0,26836.0,26864.0,26881.0,26910.0,26920.0,26948.0,26981.0,27012.0,27038.0,27053.0,27072.0,27093.0,27116.0,27142.0,27184.0,27207.0,27234.0,27255.0,27275.0,27291.0,27309.0,27329.0,27382.0,27418.0,27452.0,27476.0,27500.0,27521.0,27541.0,27555.0,27575.0,27586.0,27606.0,27617.0,27638.0,27649.0,27676.0,27687.0,27699.0,27716.0,27733.0,27751.0,27761.0,27775.0,27786.0,27802.0,27810.0,27825.0,27844.0,27885.0,27895.0,27913.0,27917.0,27936.0,27948.0,27972.0,27990.0,28015.0,28039.0,28052.0,28082.0,28111.0,28140.0,28179.0,28210.0,28251.0,28268.0,28297.0,28359.0,28395.0,28420.0,,,,,,,,,28691.0,28718.0,28740.0,28758.0,28778.0,28793.0,28811.0,28827.0,28845.0,28860.0,28873.0,28884.0,28897.0,28908.0,28924.0,28942.0,28958.0,28973.0,28995.0,29012.0,29024.0,29032.0,29044.0,29056.0,29071.0,29084.0,29103.0,29121.0,29136.0,29150.0,29163.0,29173.0,29186.0,29205.0,29224.0,29240.0,29256.0,29285.0,29303.0,29326.0,29345.0,29382.0,29399.0,29415.0,29434.0,29446.0,29480.0,29505.0,29541.0,29563.0,29583.0,29602.0,29618.0,29639.0,29668.0,29710.0,29734.0,29750.0,29775.0,29787.0,29803.0,29818.0,29833.0,29846.0,29863.0,29881.0,29893.0,29908.0,29927.0,29948.0,29968.0,29989.0,30010.0,30040.0,30066.0,30082.0,30116.0,30137.0,30153.0,30166.0,30185.0,30212.0,30243.0,30258.0,30277.0,30285.0,30295.0,30309.0,30327.0,30355.0,30377.0,30392.0,30402.0,30413.0,30422.0,30433.0,30444.0,30453.0,30463.0,30473.0,30482.0,30492.0,30503.0,30519.0,30531.0,30536.0,30551.0,30557.0,30573.0,30589.0,30599.0,30607.0,30610.0,30616.0,30620.0,30632.0,30648.0,30661.0,30672.0,30685.0,30695.0,,30720.0,30734.0,30744.0,30758.0,30765.0,30772.0,30785.0,30794.0,30806.0,30815.0,30826.0,30837.0,30845.0,30854.0,30868.0,30882.0,30893.0,30899.0,30906.0,30931.0,30950.0,30965.0,30980.0,30991.0,31003.0,31015.0,31031.0,31037.0,31051.0,31058.0,31065.0,31075.0,31084.0,31095.0,31101.0,31110.0,31115.0,31125.0,31127.0,31136.0,31142.0,31150.0,31150.0,31159.0,31162.0,31166.0,31172.0,31175.0,31179.0,31184.0,31187.0,31193.0,31201.0,31203.0,31209.0,31219.0,31228.0,31232.0,31239.0,31243.0,31248.0,31255.0,31256.0,31262.0,31267.0,31270.0,31280.0,31290.0,31297.0,31312.0,31330.0,31338.0,31349.0,31360.0,31365.0,31377.0,31384.0,31390.0,31405.0,31415.0,31430.0,31443.0,31452.0,31458.0,31469.0,31478.0,31492.0,31504.0,31514.0,31531.0,31536.0,31547.0,31555.0,31568.0,31583.0,31595.0,31599.0,31600.0,31609.0,31613.0,31619.0,31623.0,31632.0,31642.0,31647.0,31655.0,31665.0,31677.0,31695.0,31709.0,31718.0,31724.0,31739.0,31760
WxOCq5HHzi4,541.0,541.0,541.0,541.0,541.0,541.0,541.0,541.0,546.0,546.0,546.0,546.0,546.0,548.0,549.0,549.0,549.0,550.0,550.0,550.0,550.0,550.0,550.0,550.0,550.0,550.0,551.0,551.0,552.0,552.0,552.0,552.0,552.0,552.0,552.0,552.0,553.0,553.0,553.0,554.0,554.0,554.0,554.0,554.0,554.0,554.0,554.0,554.0,554.0,555.0,555.0,555.0,557.0,557.0,558.0,558.0,558.0,558.0,558.0,558.0,558.0,560.0,561.0,561.0,561.0,561.0,561.0,561.0,561.0,561.0,562.0,562.0,563.0,565.0,565.0,565.0,565.0,565.0,566.0,566.0,566.0,566.0,566.0,566.0,567.0,567.0,568.0,569.0,569.0,569.0,569.0,569.0,569.0,569.0,569.0,569.0,569.0,569.0,569.0,569.0,569.0,569.0,569.0,572.0,572.0,573.0,573.0,573.0,574.0,575.0,575.0,575.0,575.0,576.0,576.0,576.0,576.0,576.0,577.0,577.0,577.0,577.0,577.0,577.0,577.0,577.0,577.0,577.0,577.0,577.0,577.0,578.0,578.0,578.0,,,,,,,,,579.0,579.0,581.0,581.0,581.0,581.0,581.0,581.0,581.0,582.0,582.0,585.0,585.0,585.0,585.0,586.0,586.0,586.0,586.0,586.0,586.0,586.0,587.0,587.0,587.0,587.0,588.0,589.0,589.0,589.0,589.0,590.0,590.0,590.0,590.0,590.0,590.0,590.0,591.0,591.0,591.0,591.0,591.0,591.0,591.0,591.0,591.0,591.0,591.0,591.0,591.0,591.0,591.0,591.0,591.0,591.0,591.0,591.0,591.0,591.0,591.0,591.0,591.0,591.0,591.0,591.0,591.0,591.0,591.0,591.0,592.0,592.0,592.0,592.0,592.0,594.0,594.0,594.0,594.0,594.0,594.0,594.0,594.0,594.0,595.0,595.0,595.0,595.0,596.0,596.0,596.0,596.0,596.0,596.0,596.0,596.0,596.0,596.0,596.0,596.0,596.0,596.0,596.0,596.0,596.0,596.0,596.0,596.0,596.0,598.0,599.0,599.0,599.0,599.0,600.0,600.0,600.0,600.0,600.0,600.0,600.0,,600.0,600.0,600.0,600.0,600.0,600.0,600.0,600.0,601.0,602.0,602.0,602.0,602.0,604.0,604.0,604.0,605.0,605.0,605.0,606.0,606.0,607.0,607.0,607.0,607.0,609.0,609.0,609.0,610.0,610.0,610.0,612.0,612.0,612.0,612.0,614.0,614.0,614.0,614.0,614.0,614.0,614.0,614.0,614.0,614.0,614.0,615.0,615.0,615.0,615.0,616.0,616.0,616.0,616.0,616.0,617.0,618.0,618.0,618.0,618.0,618.0,619.0,619.0,619.0,620.0,620.0,620.0,620.0,620.0,620.0,621.0,622.0,622.0,622.0,622.0,622.0,622.0,622.0,622.0,623.0,623.0,624.0,624.0,624.0,624.0,624.0,625.0,625.0,625.0,625.0,626.0,626.0,626.0,626.0,626.0,626.0,626.0,626.0,626.0,626.0,626.0,627.0,627.0,627.0,627.0,627.0,627.0,627.0,627.0,627.0,627.0,627.0,628.0,628
dxZ17n9LwKQ,85941.0,85970.0,85989.0,86008.0,86037.0,86071.0,86100.0,86128.0,86163.0,86189.0,86211.0,86235.0,86264.0,86293.0,86323.0,86348.0,86374.0,86406.0,86437.0,86470.0,86492.0,86518.0,86547.0,86577.0,86595.0,86637.0,86677.0,86698.0,86732.0,86764.0,86791.0,86890.0,86944.0,86983.0,87013.0,87047.0,87063.0,87088.0,87121.0,87145.0,87169.0,87203.0,87229.0,87253.0,87284.0,87312.0,87331.0,87361.0,87386.0,87434.0,87470.0,87498.0,87526.0,87613.0,87638.0,87676.0,87702.0,87729.0,87763.0,87783.0,87820.0,87845.0,87876.0,87894.0,87924.0,87960.0,87990.0,88023.0,88058.0,88075.0,88100.0,88134.0,88153.0,88171.0,88201.0,88232.0,88264.0,88361.0,88388.0,88410.0,88426.0,88443.0,88486.0,88551.0,88625.0,88655.0,88698.0,88718.0,88743.0,88795.0,88823.0,88854.0,88892.0,88914.0,88934.0,88958.0,88976.0,88993.0,89025.0,89056.0,89073.0,89094.0,89123.0,89150.0,89178.0,89212.0,89250.0,89275.0,89294.0,89320.0,89343.0,89368.0,89410.0,89434.0,89462.0,89477.0,89498.0,89532.0,89561.0,89577.0,89593.0,89626.0,89647.0,89670.0,89687.0,89714.0,89749.0,89776.0,89810.0,89835.0,89863.0,89877.0,89900.0,89918.0,,,,,,,,,90114.0,90151.0,90182.0,90207.0,90238.0,90276.0,90312.0,90337.0,90362.0,90372.0,90422.0,90444.0,90466.0,90488.0,90519.0,90539.0,90570.0,90588.0,90622.0,90650.0,90671.0,90694.0,90716.0,90748.0,90777.0,90815.0,90843.0,90869.0,90899.0,90924.0,90960.0,90996.0,91023.0,91041.0,91073.0,91095.0,91108.0,91126.0,91156.0,91173.0,91195.0,91222.0,91244.0,91260.0,91279.0,91306.0,91325.0,91350.0,91363.0,91376.0,91390.0,91418.0,91434.0,91449.0,91464.0,91490.0,91504.0,91518.0,91538.0,91556.0,91580.0,91600.0,91617.0,91639.0,91652.0,91672.0,91706.0,91724.0,91738.0,91763.0,91783.0,91804.0,91815.0,91842.0,91857.0,91872.0,91907.0,91952.0,91975.0,91990.0,92028.0,92045.0,92070.0,92094.0,92134.0,92151.0,92170.0,92196.0,92231.0,92248.0,92289.0,92316.0,92343.0,92365.0,92392.0,92421.0,92456.0,92489.0,92510.0,92525.0,92551.0,92579.0,92616.0,92654.0,92696.0,92722.0,92754.0,92799.0,92854.0,92886.0,92926.0,92992.0,93068.0,93106.0,93151.0,93216.0,93271.0,93318.0,93368.0,93406.0,93433.0,,93497.0,93531.0,93576.0,93622.0,93662.0,93687.0,93713.0,93789.0,93858.0,93941.0,94007.0,94057.0,94091.0,94142.0,94184.0,94248.0,94296.0,94344.0,94386.0,94409.0,94442.0,94498.0,94544.0,94584.0,94616.0,94645.0,94683.0,94737.0,94778.0,94836.0,94879.0,94924.0,94967.0,95017.0,95072.0,95111.0,95175.0,95221.0,95265.0,95311.0,95351.0,95391.0,95426.0,95468.0,95506.0,95563.0,95609.0,95670.0,95726.0,95776.0,95837.0,95883.0,95934.0,95998.0,96062.0,96132.0,96182.0,96264.0,96326.0,96396.0,96472.0,96526.0,96600.0,96664.0,96757.0,96843.0,96898.0,96942.0,96991.0,97082.0,97165.0,97248.0,97332.0,97422.0,97488.0,97574.0,97651.0,97723.0,97836.0,97915.0,98030.0,98112.0,98164.0,98274.0,98371.0,98440.0,98509.0,98571.0,98641.0,98697.0,98788.0,98844.0,98929.0,98998.0,99074.0,99124.0,99178.0,99246.0,99328.0,99408.0,99497.0,99628.0,99743.0,99810.0,99887.0,99978.0,100058.0,100121.0,100165.0,100222.0,100278.0,100336.0,100405.0,100478
U1sFMKBnTcQ,28804.0,28811.0,28815.0,28823.0,28835.0,28852.0,28866.0,28881.0,28892.0,28894.0,28900.0,28909.0,28935.0,28942.0,28955.0,28957.0,28962.0,28973.0,28980.0,28995.0,29004.0,29018.0,29024.0,29030.0,29036.0,29043.0,29046.0,29055.0,29065.0,29076.0,29083.0,29093.0,29105.0,29111.0,29121.0,29127.0,29131.0,29142.0,29150.0,29156.0,29163.0,29170.0,29183.0,29200.0,29223.0,29232.0,29243.0,29248.0,29259.0,29269.0,29277.0,29285.0,29294.0,29300.0,29306.0,29313.0,29320.0,29325.0,29334.0,29340.0,29349.0,29352.0,29358.0,29369.0,29376.0,29384.0,29389.0,29400.0,29404.0,29410.0,29415.0,29423.0,29423.0,29424.0,29428.0,29432.0,29450.0,29457.0,29471.0,29476.0,29484.0,29489.0,29498.0,29505.0,29512.0,29516.0,29520.0,29522.0,29526.0,29530.0,29533.0,29542.0,29546.0,29554.0,29556.0,29564.0,29571.0,29575.0,29591.0,29598.0,29607.0,29615.0,29624.0,29630.0,29636.0,29641.0,29647.0,29651.0,29658.0,29671.0,29681.0,29684.0,29691.0,29696.0,29704.0,29704.0,29712.0,29715.0,29720.0,29723.0,29728.0,29739.0,29744.0,29748.0,29760.0,29778.0,29798.0,29819.0,29836.0,29839.0,29844.0,29853.0,29861.0,29869.0,,,,,,,,,29962.0,29966.0,29977.0,29980.0,29984.0,29991.0,30000.0,30005.0,30009.0,30017.0,30026.0,30037.0,30044.0,30050.0,30058.0,30065.0,30079.0,30089.0,30100.0,30104.0,30110.0,30116.0,30122.0,30124.0,30129.0,30134.0,30144.0,30146.0,30147.0,30150.0,30153.0,30156.0,30163.0,30176.0,30191.0,30196.0,30203.0,30207.0,30211.0,30218.0,30227.0,30233.0,30237.0,30245.0,30249.0,30251.0,30259.0,30265.0,30273.0,30276.0,30277.0,30284.0,30291.0,30300.0,30309.0,30314.0,30321.0,30326.0,30338.0,30349.0,30358.0,30363.0,30369.0,30382.0,30388.0,30395.0,30404.0,30422.0,30432.0,30447.0,30460.0,30468.0,30483.0,30498.0,30514.0,30524.0,30543.0,30563.0,30576.0,30593.0,30619.0,30637.0,30652.0,30665.0,30678.0,30682.0,30691.0,30704.0,30712.0,30718.0,30730.0,30738.0,30747.0,30755.0,30766.0,30773.0,30785.0,30799.0,30806.0,30812.0,30818.0,30825.0,30830.0,30837.0,30846.0,30849.0,30851.0,30859.0,30869.0,30881.0,30895.0,30927.0,30946.0,30959.0,30981.0,30999.0,31020.0,31034.0,31056.0,31084.0,31094.0,,31140.0,31168.0,31190.0,31214.0,31243.0,31258.0,31291.0,31311.0,31336.0,31359.0,31378.0,31409.0,31428.0,31455.0,31470.0,31497.0,31531.0,31553.0,31573.0,31594.0,31607.0,31628.0,31646.0,31660.0,31680.0,31697.0,31718.0,31745.0,31776.0,31802.0,31824.0,31852.0,31878.0,31891.0,31914.0,31951.0,31979.0,32006.0,32030.0,32050.0,32086.0,32108.0,32135.0,32175.0,32204.0,32234.0,32280.0,32313.0,32357.0,32408.0,32461.0,32504.0,32538.0,32592.0,32628.0,32686.0,32750.0,32815.0,32869.0,32942.0,33033.0,33102.0,33176.0,33271.0,33404.0,33554.0,33610.0,33679.0,33730.0,33806.0,33869.0,33941.0,34008.0,34075.0,34139.0,34214.0,34295.0,34400.0,34499.0,34650.0,34819.0,34921.0,34990.0,35035.0,35101.0,35155.0,35207.0,35265.0,35294.0,35324.0,35365.0,35417.0,35474.0,35541.0,35612.0,35661.0,35718.0,35791.0,35870.0,35919.0,36015.0,36072.0,36110.0,36144.0,36188.0,36268.0,36335.0,36409.0,36475.0,36543.0,36612.0,36687.0,36755.0,36811
30VMl9ZkmgE,7313319.0,7313651.0,7314036.0,7314397.0,7314593.0,7315026.0,7315383.0,7315713.0,7316177.0,7316614.0,7316905.0,7317228.0,7317533.0,7317937.0,7318279.0,7318564.0,7318878.0,7319179.0,7319482.0,7319865.0,7320338.0,7320876.0,7321470.0,7321936.0,7322366.0,7322831.0,7323283.0,7323726.0,7324388.0,7324928.0,7325465.0,7325900.0,7326311.0,7326732.0,7327121.0,7327569.0,7327928.0,7328370.0,7328709.0,7329138.0,7329547.0,7330025.0,7330608.0,7331126.0,7331640.0,7332122.0,7332590.0,7333077.0,7333513.0,7333947.0,7334386.0,7334808.0,7335196.0,7335646.0,7336088.0,7336536.0,7336917.0,7337229.0,7337666.0,7338035.0,7338354.0,7338687.0,7339043.0,7339374.0,7339695.0,7340050.0,7340413.0,7340709.0,7341019.0,7341401.0,7341717.0,7342033.0,7342331.0,7342715.0,7342994.0,7343296.0,7343668.0,7343930.0,7344241.0,7344483.0,7344752.0,7345035.0,7345372.0,7345674.0,7345929.0,7346226.0,7346528.0,7346780.0,7347157.0,7347472.0,7347761.0,7348087.0,7348316.0,7348588.0,7348950.0,7349221.0,7349475.0,7349731.0,7350085.0,7350277.0,7350555.0,7350792.0,7351059.0,7351392.0,7351768.0,7352103.0,7352369.0,7352657.0,7352933.0,7353224.0,7353537.0,7353827.0,7354190.0,7354527.0,7354921.0,7355115.0,7355221.0,7355571.0,7355848.0,7356186.0,7356526.0,7356811.0,7357084.0,7357440.0,7357797.0,7358142.0,7358477.0,7358795.0,7359170.0,7359473.0,7359734.0,7360069.0,7360427.0,7360677.0,,,,,,,,,7363249.0,7363548.0,7363894.0,7364227.0,7364557.0,7364887.0,7365186.0,7365499.0,7365801.0,7366091.0,7366438.0,7366772.0,7367120.0,7367440.0,7367711.0,7368002.0,7368355.0,7368656.0,7369028.0,7369393.0,7369791.0,7370080.0,7370446.0,7370717.0,7371001.0,7371362.0,7371652.0,7371990.0,7372275.0,7372522.0,7372814.0,7373119.0,7373428.0,7373727.0,7374028.0,7374297.0,7374536.0,7374774.0,7375035.0,7375333.0,7375587.0,7375884.0,7376096.0,7376379.0,7376602.0,7376877.0,7377199.0,7377441.0,7377776.0,7378016.0,7378238.0,7378475.0,7378761.0,7379023.0,7379277.0,7379552.0,7379800.0,7380057.0,7380278.0,7380557.0,7380807.0,7380999.0,7381199.0,7381418.0,7381629.0,7381895.0,7382154.0,7382413.0,7382638.0,7382844.0,7383105.0,7383298.0,7383524.0,7383740.0,7383965.0,7384180.0,7384449.0,7384708.0,7385007.0,7385264.0,7385485.0,7385720.0,7385981.0,7386214.0,7386442.0,7386652.0,7386868.0,7387128.0,7387353.0,7387525.0,7387753.0,7388001.0,7388196.0,7388405.0,7388581.0,7388797.0,7389043.0,7389255.0,7389460.0,7389699.0,7389905.0,7390125.0,7390337.0,7390623.0,7390837.0,7391085.0,7391280.0,7391486.0,7391685.0,7391882.0,7392117.0,7392335.0,7392536.0,7392732.0,7392920.0,7393163.0,7393347.0,7393597.0,7393842.0,7394079.0,7394345.0,,7394879.0,7395139.0,7395356.0,7395610.0,7395840.0,7396117.0,7396335.0,7396582.0,7396839.0,7397103.0,7397453.0,7397748.0,7397983.0,7398243.0,7398776.0,7399278.0,7399708.0,7400099.0,7400546.0,7400906.0,7401348.0,7401712.0,7402015.0,7402279.0,7402549.0,7402771.0,7403035.0,7403325.0,7403580.0,7403829.0,7404051.0,7404301.0,7404516.0,7404705.0,7404935.0,7405170.0,7405383.0,7405592.0,7405814.0,7406002.0,7406208.0,7406422.0,7406632.0,7406839.0,7407085.0,7407320.0,7407519.0,7407735.0,7407905.0,7408083.0,7408278.0,7408459.0,7408652.0,7408824.0,7409020.0,7409241.0,7409412.0,7409621.0,7409802.0,7410020.0,7410222.0,7410450.0,7410655.0,7410843.0,7411019.0,7411213.0,7411405.0,7411559.0,7411708.0,7411877.0,7412086.0,7412242.0,7412455.0,7412621.0,7412822.0,7412973.0,7413181.0,7413440.0,7413689.0,7413909.0,7414202.0,7414432.0,7414630.0,7414846.0,7415057.0,7415259.0,7415461.0,7415675.0,7415897.0,7416069.0,7416248.0,7416426.0,7416616.0,7416823.0,7416991.0,7417204.0,7417376.0,7417543.0,7417761.0,7417985.0,7418187.0,7418395.0,7418608.0,7418841.0,7419072.0,7419291.0,7419517.0,7419733.0,7419942.0,7420149.0,7420333.0,7420550.0,7420752.0,7420998
3ZhhUoojHPQ,88358.0,88430.0,88471.0,88520.0,88577.0,88644.0,88718.0,88774.0,88833.0,88888.0,88953.0,89021.0,89079.0,89145.0,89211.0,89273.0,89321.0,89353.0,89420.0,89507.0,89581.0,89623.0,89694.0,89745.0,89784.0,89843.0,89907.0,89979.0,90065.0,90136.0,90190.0,90249.0,90299.0,90368.0,90430.0,90487.0,90559.0,90609.0,90659.0,90726.0,90785.0,90870.0,90923.0,90985.0,91027.0,91065.0,91120.0,91169.0,91228.0,91279.0,91340.0,91374.0,91418.0,91461.0,91513.0,91556.0,91604.0,91653.0,91727.0,91766.0,91806.0,91862.0,91925.0,91973.0,92028.0,92075.0,92119.0,92159.0,92193.0,92281.0,92352.0,92400.0,92449.0,92489.0,92532.0,92573.0,92628.0,92664.0,92720.0,92751.0,92786.0,92832.0,92883.0,92929.0,92961.0,93011.0,93046.0,93088.0,93148.0,93184.0,93230.0,93289.0,93334.0,93384.0,93425.0,93472.0,93534.0,93592.0,93661.0,93723.0,93776.0,93822.0,93874.0,93931.0,93972.0,94028.0,94066.0,94099.0,94134.0,94169.0,94202.0,94246.0,94297.0,94343.0,94380.0,94406.0,94453.0,94489.0,94532.0,94593.0,94658.0,94703.0,94759.0,94821.0,94877.0,94930.0,94978.0,95022.0,95054.0,95100.0,95153.0,95195.0,95227.0,95270.0,,,,,,,,,95690.0,95730.0,95767.0,95815.0,95857.0,95900.0,95939.0,95980.0,96020.0,96047.0,96094.0,96129.0,96179.0,96214.0,96257.0,96290.0,96337.0,96390.0,96441.0,96488.0,96527.0,96567.0,96598.0,96630.0,96664.0,96705.0,96757.0,96804.0,96848.0,96892.0,96933.0,96966.0,97019.0,97049.0,97096.0,97123.0,97159.0,97186.0,97220.0,97260.0,97299.0,97334.0,97369.0,97407.0,97442.0,97490.0,97522.0,97566.0,97616.0,97647.0,97687.0,97723.0,97773.0,97817.0,97862.0,97910.0,97942.0,97972.0,97990.0,98034.0,98069.0,98094.0,98120.0,98148.0,98180.0,98212.0,98245.0,98276.0,98312.0,98335.0,98361.0,98391.0,98425.0,98474.0,98515.0,98557.0,98597.0,98630.0,98657.0,98694.0,98730.0,98763.0,98806.0,98868.0,98920.0,98969.0,99003.0,99044.0,99085.0,99118.0,99169.0,99203.0,99231.0,99264.0,99297.0,99345.0,99387.0,99426.0,99471.0,99497.0,99548.0,99588.0,99630.0,99661.0,99703.0,99745.0,99777.0,99808.0,99853.0,99881.0,99922.0,99973.0,100018.0,100052.0,100077.0,100106.0,100129.0,100156.0,100185.0,100207.0,100226.0,,100291.0,100321.0,100362.0,100399.0,100428.0,100459.0,100484.0,100502.0,100525.0,100547.0,100572.0,100607.0,100631.0,100662.0,100685.0,100719.0,100757.0,100793.0,100821.0,100855.0,100878.0,100915.0,100942.0,100971.0,100997.0,101018.0,101047.0,101078.0,101102.0,101128.0,101154.0,101196.0,101229.0,101240.0,101270.0,101299.0,101324.0,101354.0,101383.0,101405.0,101425.0,101449.0,101478.0,101505.0,101542.0,101580.0,101622.0,101655.0,101695.0,101746.0,101788.0,101825.0,101866.0,101901.0,101931.0,101970.0,102027.0,102064.0,102098.0,102134.0,102176.0,102222.0,102255.0,102309.0,102366.0,102437.0,102495.0,102554.0,102596.0,102655.0,102714.0,102765.0,102817.0,102891.0,102933.0,102979.0,103031.0,103108.0,103188.0,103245.0,103303.0,103341.0,103375.0,103404.0,103438.0,103467.0,103501.0,103541.0,103566.0,103598.0,103620.0,103662.0,103689.0,103716.0,103763.0,103784.0,103819.0,103847.0,103886.0,103924.0,103957.0,103985.0,104019.0,104044.0,104073.0,104115.0,104147.0,104181.0,104204.0,104230.0,104264.0,104289.0,104321.0,104334
ZHaseUVs8q4,66013.0,66043.0,66083.0,66111.0,66130.0,66187.0,66276.0,66374.0,66424.0,66479.0,66515.0,66561.0,66600.0,66642.0,66689.0,66718.0,66751.0,66783.0,66805.0,66848.0,66898.0,66935.0,66980.0,67051.0,67068.0,67115.0,67169.0,67231.0,67302.0,67381.0,67440.0,67490.0,67535.0,67587.0,67624.0,67679.0,67737.0,67789.0,67829.0,67873.0,67920.0,67969.0,68009.0,68048.0,68082.0,68107.0,68143.0,68170.0,68194.0,68226.0,68266.0,68299.0,68329.0,68358.0,68394.0,68422.0,68448.0,68492.0,68533.0,68565.0,68612.0,68634.0,68677.0,68715.0,68757.0,68792.0,68825.0,68866.0,68893.0,68974.0,69022.0,69070.0,69105.0,69125.0,69163.0,69208.0,69237.0,69270.0,69298.0,69333.0,69356.0,69390.0,69420.0,69465.0,69502.0,69530.0,69567.0,69590.0,69621.0,69652.0,69683.0,69721.0,69770.0,69799.0,69817.0,69856.0,69882.0,69909.0,69956.0,69995.0,70012.0,70047.0,70078.0,70118.0,70168.0,70212.0,70250.0,70281.0,70314.0,70345.0,70389.0,70426.0,70460.0,70493.0,70527.0,70549.0,70581.0,70608.0,70648.0,70697.0,70748.0,70786.0,70811.0,70858.0,70897.0,70934.0,70973.0,71018.0,71063.0,71099.0,71139.0,71182.0,71218.0,71259.0,,,,,,,,,71573.0,71613.0,71643.0,71687.0,71728.0,71768.0,71823.0,71862.0,71906.0,71931.0,71959.0,71989.0,72032.0,72073.0,72103.0,72146.0,72174.0,72212.0,72239.0,72284.0,72330.0,72363.0,72394.0,72432.0,72466.0,72503.0,72541.0,72577.0,72608.0,72639.0,72670.0,72696.0,72737.0,72775.0,72825.0,72857.0,72894.0,72928.0,72960.0,72991.0,73025.0,73058.0,73081.0,73110.0,73146.0,73174.0,73207.0,73251.0,73297.0,73336.0,73375.0,73402.0,73448.0,73487.0,73531.0,73583.0,73641.0,73690.0,73731.0,73786.0,73830.0,73872.0,73903.0,73943.0,73969.0,74008.0,74048.0,74091.0,74116.0,74146.0,74193.0,74231.0,74271.0,74305.0,74347.0,74388.0,74435.0,74491.0,74540.0,74589.0,74645.0,74677.0,74711.0,74759.0,74805.0,74843.0,74885.0,74925.0,74968.0,75028.0,75071.0,75097.0,75119.0,75141.0,75163.0,75197.0,75244.0,75271.0,75305.0,75329.0,75356.0,75380.0,75415.0,75435.0,75472.0,75506.0,75529.0,75553.0,75589.0,75618.0,75649.0,75680.0,75713.0,75750.0,75789.0,75844.0,75868.0,75902.0,75933.0,75963.0,75991.0,,76071.0,76128.0,76169.0,76210.0,76234.0,76266.0,76299.0,76348.0,76375.0,76434.0,76471.0,76510.0,76535.0,76575.0,76615.0,76665.0,76723.0,76769.0,76814.0,76865.0,76912.0,76960.0,77002.0,77041.0,77072.0,77112.0,77141.0,77169.0,77210.0,77242.0,77271.0,77303.0,77335.0,77372.0,77414.0,77455.0,77491.0,77535.0,77575.0,77612.0,77643.0,77672.0,77697.0,77752.0,77806.0,77870.0,77927.0,77968.0,78021.0,78079.0,78133.0,78190.0,78249.0,78281.0,78327.0,78353.0,78416.0,78456.0,78499.0,78551.0,78615.0,78676.0,78735.0,78808.0,78883.0,78952.0,79018.0,79082.0,79140.0,79228.0,79317.0,79404.0,79494.0,79589.0,79657.0,79730.0,79829.0,79946.0,80038.0,80231.0,80434.0,80515.0,80576.0,80645.0,80746.0,80817.0,80864.0,80909.0,80949.0,80990.0,81032.0,81079.0,81118.0,81171.0,81226.0,81317.0,81360.0,81399.0,81434.0,81452.0,81484.0,81495.0,81519.0,81563.0,81623.0,81692.0,81746.0,81809.0,81861.0,81921.0,81987.0,82041.0,82077.0,82132
d7LVsTw9nXs,48022.0,48040.0,48055.0,48059.0,48066.0,48077.0,48088.0,48096.0,48106.0,48126.0,48136.0,48148.0,48157.0,48169.0,48181.0,48201.0,48225.0,48242.0,48255.0,48270.0,48289.0,48315.0,48326.0,48338.0,48349.0,48362.0,48372.0,48393.0,48411.0,48424.0,48436.0,48448.0,48457.0,48463.0,48477.0,48487.0,48497.0,48513.0,48524.0,48532.0,48551.0,48563.0,48578.0,48586.0,48601.0,48621.0,48640.0,48659.0,48680.0,48701.0,48722.0,48741.0,48765.0,48791.0,48807.0,48818.0,48832.0,48842.0,48861.0,48879.0,48897.0,48909.0,48921.0,48945.0,48968.0,48976.0,48982.0,48996.0,49010.0,49031.0,49047.0,49054.0,49061.0,49074.0,49098.0,49111.0,49122.0,49140.0,49155.0,49170.0,49185.0,49196.0,49210.0,49221.0,49240.0,49264.0,49292.0,49312.0,49332.0,49346.0,49365.0,49384.0,49395.0,49410.0,49421.0,49431.0,49444.0,49455.0,49471.0,49483.0,49490.0,49502.0,49510.0,49520.0,49525.0,49539.0,49551.0,49559.0,49564.0,49573.0,49590.0,49605.0,49636.0,49651.0,49662.0,49676.0,49692.0,49711.0,49731.0,49743.0,49751.0,49762.0,49776.0,49795.0,49806.0,49815.0,49824.0,49854.0,49869.0,49882.0,49899.0,49906.0,49914.0,49925.0,,,,,,,,,50016.0,50023.0,50032.0,50040.0,50052.0,50068.0,50083.0,50098.0,50106.0,50118.0,50134.0,50145.0,50149.0,50157.0,50171.0,50179.0,50194.0,50206.0,50226.0,50237.0,50247.0,50267.0,50275.0,50286.0,50296.0,50310.0,50329.0,50339.0,50349.0,50360.0,50367.0,50380.0,50393.0,50404.0,50419.0,50429.0,50439.0,50458.0,50472.0,50488.0,50504.0,50536.0,50548.0,50556.0,50568.0,50575.0,50595.0,50615.0,50627.0,50641.0,50652.0,50664.0,50676.0,50693.0,50700.0,50713.0,50722.0,50735.0,50748.0,50759.0,50770.0,50782.0,50793.0,50800.0,50812.0,50820.0,50832.0,50843.0,50853.0,50863.0,50874.0,50884.0,50900.0,50919.0,50937.0,50951.0,50965.0,50977.0,50986.0,50994.0,51001.0,51013.0,51031.0,51046.0,51055.0,51064.0,51071.0,51082.0,51088.0,51100.0,51111.0,51123.0,51136.0,51144.0,51156.0,51172.0,51185.0,51195.0,51207.0,51217.0,51225.0,51231.0,51239.0,51253.0,51264.0,51279.0,51291.0,51298.0,51303.0,51314.0,51323.0,51333.0,51342.0,51358.0,51364.0,51368.0,51368.0,51372.0,51376.0,51380.0,51384.0,,51392.0,51402.0,51408.0,51418.0,51427.0,51432.0,51444.0,51447.0,51451.0,51454.0,51462.0,51472.0,51484.0,51492.0,51499.0,51509.0,51514.0,51526.0,51535.0,51538.0,51547.0,51557.0,51561.0,51566.0,51571.0,51576.0,51583.0,51593.0,51600.0,51607.0,51613.0,51620.0,51629.0,51634.0,51640.0,51648.0,51652.0,51659.0,51669.0,51673.0,51675.0,51685.0,51694.0,51702.0,51706.0,51712.0,51716.0,51719.0,51729.0,51743.0,51758.0,51764.0,51770.0,51779.0,51783.0,51789.0,51798.0,51802.0,51811.0,51816.0,51822.0,51829.0,51832.0,51839.0,51848.0,51852.0,51871.0,51885.0,51887.0,51895.0,51903.0,51914.0,51926.0,51934.0,51941.0,51946.0,51957.0,51972.0,51979.0,51987.0,51997.0,52004.0,52012.0,52022.0,52026.0,52033.0,52040.0,52045.0,52050.0,52053.0,52053.0,52061.0,52066.0,52071.0,52081.0,52083.0,52091.0,52100.0,52106.0,52108.0,52113.0,52122.0,52133.0,52143.0,52149.0,52156.0,52159.0,52176.0,52188.0,52201.0,52209.0,52216.0,52226.0,52233
__KSeFPxkWA,142644.0,142839.0,142945.0,143095.0,143265.0,143404.0,143485.0,143606.0,143736.0,143893.0,144023.0,144119.0,144195.0,144321.0,144440.0,144576.0,144675.0,144774.0,144888.0,144993.0,145090.0,145189.0,145254.0,145322.0,145388.0,145443.0,145523.0,145583.0,145682.0,145834.0,145941.0,146024.0,146179.0,146275.0,146379.0,146445.0,146519.0,146585.0,146670.0,146756.0,146834.0,146941.0,147029.0,147136.0,147234.0,147317.0,147376.0,147480.0,147586.0,147679.0,147785.0,147925.0,148049.0,148148.0,148227.0,148337.0,148430.0,148523.0,148605.0,148686.0,148784.0,148866.0,148963.0,149085.0,149183.0,149293.0,149373.0,149495.0,149611.0,149749.0,149886.0,150004.0,150079.0,150167.0,150267.0,150335.0,150402.0,150491.0,150564.0,150639.0,150718.0,150798.0,150857.0,150914.0,150980.0,151061.0,151134.0,151208.0,151259.0,151326.0,151377.0,151453.0,151503.0,151544.0,151581.0,151629.0,151694.0,151758.0,151818.0,151882.0,151951.0,152020.0,152108.0,152190.0,152252.0,152324.0,152394.0,152444.0,152498.0,152558.0,152631.0,152746.0,152895.0,152985.0,153091.0,153155.0,153224.0,153278.0,153376.0,153474.0,153547.0,153609.0,153655.0,153734.0,153800.0,153854.0,153917.0,154029.0,154104.0,154163.0,154241.0,154322.0,154387.0,154444.0,,,,,,,,,155302.0,155372.0,155425.0,155484.0,155578.0,155710.0,155837.0,155952.0,156088.0,156207.0,156335.0,156431.0,156559.0,156644.0,156763.0,156859.0,156957.0,157084.0,157182.0,157234.0,157311.0,157365.0,157417.0,157500.0,157541.0,157579.0,157628.0,157673.0,157731.0,157795.0,157840.0,157904.0,157955.0,158002.0,158062.0,158124.0,158182.0,158254.0,158321.0,158392.0,158452.0,158496.0,158542.0,158575.0,158627.0,158687.0,158749.0,158804.0,158874.0,158929.0,158969.0,159028.0,159088.0,159156.0,159217.0,159281.0,159319.0,159371.0,159417.0,159461.0,159507.0,159544.0,159590.0,159621.0,159651.0,159695.0,159745.0,159789.0,159836.0,159890.0,159920.0,159951.0,159989.0,160032.0,160120.0,160177.0,160235.0,160281.0,160324.0,160374.0,160407.0,160437.0,160480.0,160529.0,160579.0,160608.0,160672.0,160740.0,160799.0,160848.0,160907.0,160968.0,161011.0,161064.0,161101.0,161129.0,161177.0,161211.0,161250.0,161295.0,161342.0,161383.0,161426.0,161464.0,161511.0,161549.0,161605.0,161637.0,161688.0,161728.0,161759.0,161807.0,161847.0,161892.0,161927.0,161966.0,161997.0,162026.0,162055.0,162087.0,162110.0,,162172.0,162210.0,162254.0,162291.0,162320.0,162352.0,162372.0,162402.0,162442.0,162467.0,162500.0,162517.0,162537.0,162568.0,162595.0,162624.0,162658.0,162694.0,162737.0,162759.0,162809.0,162854.0,162898.0,162939.0,163000.0,163051.0,163086.0,163126.0,163177.0,163220.0,163258.0,163309.0,163364.0,163399.0,163440.0,163475.0,163532.0,163580.0,163617.0,163639.0,163676.0,163713.0,163756.0,163791.0,163822.0,163853.0,163889.0,163920.0,163973.0,164028.0,164070.0,164113.0,164141.0,164172.0,164192.0,164214.0,164239.0,164256.0,164281.0,164307.0,164331.0,164351.0,164380.0,164426.0,164482.0,164544.0,164608.0,164654.0,164681.0,164707.0,164733.0,164772.0,164824.0,164872.0,164903.0,164934.0,164976.0,165022.0,165067.0,165103.0,165148.0,165193.0,165233.0,165271.0,165302.0,165324.0,165346.0,165383.0,165404.0,165429.0,165461.0,165494.0,165534.0,165566.0,165589.0,165615.0,165650.0,165682.0,165709.0,165734.0,165770.0,165963.0,166018.0,166059.0,165996.0,166022.0,166103.0,166183.0,166249.0,166316.0,166353.0,166397.0,166453.0,166480
9DCzh0OA-yc,82266.0,82625.0,83049.0,83471.0,83972.0,84375.0,84760.0,84997.0,85257.0,85643.0,85944.0,86087.0,86301.0,86533.0,86739.0,86972.0,87135.0,87327.0,87526.0,87754.0,88020.0,88411.0,88780.0,89035.0,89272.0,89567.0,89818.0,90248.0,90687.0,90957.0,91177.0,91457.0,91770.0,91988.0,92218.0,92465.0,92685.0,92826.0,92961.0,93127.0,93240.0,93404.0,93534.0,93693.0,93855.0,94005.0,94129.0,94265.0,94378.0,94576.0,94802.0,94974.0,95067.0,95206.0,95319.0,95495.0,95621.0,95752.0,95907.0,95986.0,96119.0,96235.0,96347.0,96465.0,96564.0,96685.0,96785.0,96874.0,96972.0,97092.0,97207.0,97304.0,97451.0,97552.0,97692.0,97799.0,97907.0,97990.0,98072.0,98146.0,98280.0,98339.0,98434.0,98529.0,98622.0,98704.0,98792.0,98897.0,98994.0,99085.0,99210.0,99291.0,99414.0,99501.0,99610.0,99705.0,99797.0,99892.0,99988.0,100088.0,100227.0,100351.0,100431.0,100515.0,100596.0,100705.0,100783.0,100859.0,100948.0,101025.0,101096.0,101177.0,101256.0,101359.0,101449.0,101585.0,101671.0,101721.0,101815.0,101896.0,101977.0,102052.0,102129.0,102226.0,102277.0,102365.0,102438.0,102567.0,102647.0,102723.0,102807.0,102889.0,102964.0,103058.0,,,,,,,,,104261.0,104374.0,104459.0,104554.0,104635.0,104726.0,104824.0,104943.0,105081.0,105184.0,105285.0,105363.0,105461.0,105571.0,105850.0,106072.0,106205.0,106334.0,106422.0,106520.0,106612.0,106723.0,106823.0,106905.0,106979.0,107070.0,107185.0,107276.0,107388.0,107509.0,107594.0,107678.0,107824.0,108003.0,108101.0,108240.0,108335.0,108467.0,108584.0,108696.0,108817.0,108932.0,109054.0,109206.0,109348.0,109446.0,109551.0,109646.0,109752.0,109860.0,109974.0,110092.0,110220.0,110322.0,110457.0,110563.0,110643.0,110741.0,110862.0,110978.0,111080.0,111172.0,111264.0,111419.0,111539.0,111677.0,111811.0,111945.0,112080.0,112207.0,112347.0,112443.0,112573.0,112736.0,112906.0,113030.0,113188.0,113307.0,113453.0,113621.0,113787.0,113916.0,114083.0,114214.0,114355.0,114523.0,114681.0,114809.0,114949.0,115087.0,115234.0,115358.0,115481.0,115626.0,115751.0,115889.0,116045.0,116187.0,116327.0,116453.0,116589.0,116730.0,116877.0,117056.0,117216.0,117366.0,117490.0,117631.0,117807.0,117980.0,118116.0,118267.0,118388.0,118554.0,118680.0,118805.0,118913.0,119032.0,119168.0,119297.0,119415.0,,119760.0,119965.0,120111.0,120228.0,120426.0,120601.0,120766.0,120902.0,121044.0,121161.0,121298.0,121462.0,121630.0,121798.0,121910.0,122029.0,122208.0,122390.0,122635.0,122823.0,122991.0,123173.0,123307.0,123487.0,123638.0,123808.0,123956.0,124105.0,124285.0,124428.0,124577.0,124741.0,124874.0,125075.0,125305.0,125569.0,125811.0,126017.0,126246.0,126446.0,126663.0,126864.0,127106.0,127311.0,127450.0,127593.0,127773.0,127884.0,127990.0,128144.0,128276.0,128386.0,128477.0,128613.0,128708.0,128829.0,128915.0,129027.0,129164.0,129303.0,129429.0,129550.0,129641.0,129733.0,129852.0,129948.0,130060.0,130205.0,130286.0,130392.0,130488.0,130579.0,130675.0,130810.0,130924.0,131033.0,131158.0,131304.0,131483.0,131655.0,131784.0,131897.0,132021.0,132197.0,132344.0,132468.0,132593.0,132724.0,132866.0,132968.0,133111.0,133240.0,133337.0,133456.0,133593.0,133708.0,133830.0,133958.0,134055.0,134142.0,134259.0,134383.0,134504.0,134603.0,134744.0,134859.0,134987.0,135129.0,135237.0,135357.0,135463.0,135578.0,135678.0,135800
TX0h9kZahi0,48371.0,48392.0,48421.0,48439.0,48455.0,48486.0,48509.0,48538.0,48563.0,48593.0,48628.0,48652.0,48670.0,48698.0,48734.0,48763.0,48792.0,48826.0,48842.0,48879.0,48903.0,48918.0,48947.0,48961.0,48986.0,49010.0,49029.0,49053.0,49070.0,49094.0,49121.0,49151.0,49178.0,49202.0,49220.0,49241.0,49259.0,49281.0,49300.0,49318.0,49344.0,49372.0,49397.0,49427.0,49449.0,49478.0,49508.0,49558.0,49587.0,49618.0,49642.0,49663.0,49691.0,49723.0,49757.0,49770.0,49790.0,49831.0,49858.0,49882.0,49899.0,49933.0,49950.0,49974.0,50000.0,50028.0,50043.0,50069.0,50091.0,50122.0,50152.0,50199.0,50227.0,50254.0,50290.0,50327.0,50346.0,50370.0,50389.0,50411.0,50436.0,50469.0,50507.0,50549.0,50589.0,50616.0,50647.0,50665.0,50690.0,50721.0,50763.0,50794.0,50821.0,50841.0,50872.0,50887.0,50910.0,50947.0,50974.0,51013.0,51041.0,51061.0,51095.0,51121.0,51152.0,51185.0,51225.0,51256.0,51298.0,51321.0,51344.0,51359.0,51384.0,51411.0,51440.0,51465.0,51492.0,51504.0,51516.0,51529.0,51552.0,51575.0,51598.0,51619.0,51638.0,51659.0,51680.0,51696.0,51719.0,51746.0,51776.0,51791.0,51802.0,51818.0,,,,,,,,,51975.0,52001.0,52024.0,52047.0,52073.0,52094.0,52119.0,52134.0,52167.0,52181.0,52210.0,52230.0,52245.0,52263.0,52268.0,52280.0,52292.0,52303.0,52319.0,52333.0,52339.0,52350.0,52363.0,52375.0,52394.0,52410.0,52425.0,52443.0,52460.0,52489.0,52518.0,52544.0,52563.0,52580.0,52599.0,52610.0,52633.0,52648.0,52669.0,52682.0,52707.0,52728.0,52758.0,52782.0,52807.0,52820.0,52853.0,52891.0,52916.0,52942.0,52963.0,52976.0,52987.0,53003.0,53029.0,53054.0,53079.0,53099.0,53122.0,53147.0,53164.0,53180.0,53204.0,53223.0,53243.0,53265.0,53287.0,53302.0,53321.0,53343.0,53371.0,53389.0,53411.0,53436.0,53457.0,53471.0,53490.0,53511.0,53534.0,53560.0,53599.0,53623.0,53653.0,53686.0,53709.0,53735.0,53755.0,53789.0,53820.0,53853.0,53878.0,53900.0,53923.0,53945.0,53976.0,54011.0,54039.0,54061.0,54096.0,54119.0,54144.0,54204.0,54242.0,54278.0,54309.0,54347.0,54374.0,54394.0,54419.0,54441.0,54480.0,54503.0,54544.0,54565.0,54588.0,54599.0,54619.0,54652.0,54688.0,54740.0,54765.0,,54835.0,54862.0,54889.0,54907.0,54936.0,54972.0,54998.0,55022.0,55055.0,55082.0,55112.0,55142.0,55184.0,55209.0,55235.0,55265.0,55297.0,55344.0,55379.0,55407.0,55437.0,55477.0,55514.0,55565.0,55606.0,55657.0,55701.0,55750.0,55805.0,55853.0,55890.0,55933.0,55956.0,55990.0,56038.0,56087.0,56137.0,56164.0,56206.0,56241.0,56285.0,56340.0,56404.0,56439.0,56470.0,56493.0,56512.0,56534.0,56549.0,56571.0,56589.0,56626.0,56644.0,56657.0,56685.0,56706.0,56721.0,56743.0,56768.0,56789.0,56805.0,56823.0,56844.0,56864.0,56885.0,56906.0,56934.0,56953.0,56971.0,56992.0,57015.0,57042.0,57060.0,57088.0,57105.0,57129.0,57152.0,57175.0,57215.0,57241.0,57256.0,57271.0,57300.0,57321.0,57337.0,57351.0,57381.0,57400.0,57426.0,57452.0,57476.0,57511.0,57528.0,57549.0,57575.0,57601.0,57625.0,57645.0,57665.0,57683.0,57701.0,57718.0,57731.0,57747.0,57756.0,57782.0,57802.0,57826.0,57846.0,57867.0,57892.0,57907.0,57925.0,57953
ofuRbPsrr0k,36928.0,36938.0,36962.0,36988.0,37017.0,37062.0,37079.0,37109.0,37132.0,37152.0,37169.0,37202.0,37224.0,37250.0,37270.0,37301.0,37328.0,37352.0,37373.0,37403.0,37428.0,37446.0,37464.0,37478.0,37493.0,37511.0,37532.0,37552.0,37583.0,37608.0,37631.0,37648.0,37668.0,37687.0,37709.0,37744.0,37766.0,37788.0,37818.0,37841.0,37861.0,37886.0,37917.0,37935.0,37959.0,37978.0,38003.0,38012.0,38037.0,38049.0,38066.0,38076.0,38088.0,38101.0,38127.0,38144.0,38158.0,38174.0,38196.0,38213.0,38228.0,38253.0,38271.0,38289.0,38311.0,38329.0,38352.0,38376.0,38402.0,38441.0,38467.0,38499.0,38520.0,38541.0,38559.0,38584.0,38605.0,38633.0,38664.0,38683.0,38701.0,38725.0,38754.0,38781.0,38800.0,38820.0,38828.0,38833.0,38862.0,38870.0,38900.0,38914.0,38940.0,38963.0,38990.0,39000.0,39025.0,39048.0,39062.0,39080.0,39098.0,39124.0,39149.0,39176.0,39202.0,39221.0,39243.0,39262.0,39283.0,39298.0,39332.0,39358.0,39384.0,39414.0,39438.0,39447.0,39467.0,39484.0,39502.0,39517.0,39538.0,39556.0,39572.0,39597.0,39617.0,39639.0,39661.0,39677.0,39694.0,39719.0,39731.0,39747.0,39762.0,39779.0,,,,,,,,,39934.0,39947.0,39961.0,39980.0,40004.0,40018.0,40041.0,40058.0,40085.0,40104.0,40116.0,40127.0,40144.0,40160.0,40175.0,40183.0,40197.0,40208.0,40228.0,40244.0,40256.0,40267.0,40277.0,40293.0,40306.0,40318.0,40339.0,40353.0,40376.0,40399.0,40412.0,40434.0,40454.0,40473.0,40499.0,40516.0,40540.0,40567.0,40587.0,40604.0,40628.0,40654.0,40686.0,40709.0,40726.0,40743.0,40770.0,40788.0,40802.0,40829.0,40843.0,40857.0,40874.0,40899.0,40928.0,40959.0,40973.0,40993.0,41018.0,41036.0,41053.0,41068.0,41096.0,41137.0,41208.0,41224.0,41252.0,41356.0,,,,,,,,,,,,,,,,,,,,,,,,,,,,,,,,,,,,,,,,,,,,,,,,,,,,,,,,,,,,,,,,,,,,,,,,,,,,,,,,,,,,,,,,,,,,,,,,,,,,,,,,,,,,,,,,,,,,,,,,,,,,,,,,,,,,,,,,,,,,,,,,,,,,,,,,,,,,,,,,,,,,,,,,
t0Q33S9Ryew,143670.0,143722.0,143765.0,143799.0,143837.0,143875.0,143908.0,143958.0,143990.0,144025.0,144070.0,144109.0,144144.0,144184.0,144211.0,144257.0,144294.0,144341.0,144377.0,144428.0,144464.0,144499.0,144526.0,144563.0,144596.0,144621.0,144647.0,144676.0,144707.0,144737.0,144765.0,144791.0,144816.0,144862.0,144885.0,144932.0,144976.0,145013.0,145069.0,145111.0,145145.0,145176.0,145212.0,145249.0,145286.0,145320.0,145356.0,145385.0,145431.0,145462.0,145491.0,145533.0,145573.0,145613.0,145641.0,145675.0,145724.0,145765.0,145806.0,145841.0,145900.0,146070.0,146362.0,146825.0,147245.0,147486.0,147841.0,148254.0,148580.0,148957.0,149539.0,149995.0,150269.0,150374.0,150615.0,150898.0,151208.0,151366.0,151492.0,151693.0,151815.0,151990.0,152108.0,152249.0,152408.0,152557.0,152681.0,152797.0,152932.0,153036.0,153148.0,153301.0,153464.0,153569.0,153658.0,153752.0,153834.0,153918.0,153999.0,154105.0,154179.0,154217.0,154258.0,154298.0,154320.0,154362.0,154387.0,154420.0,154439.0,154470.0,154498.0,154535.0,154569.0,154607.0,154642.0,154664.0,154707.0,154741.0,154774.0,154813.0,154844.0,154875.0,154893.0,154920.0,154936.0,154946.0,154969.0,154985.0,154999.0,155020.0,155035.0,155064.0,155080.0,155103.0,,,,,,,,,155292.0,155309.0,155327.0,155349.0,155379.0,155422.0,155472.0,155519.0,155558.0,155591.0,155613.0,155649.0,155680.0,155708.0,155730.0,155751.0,155774.0,155792.0,155822.0,155842.0,155863.0,155879.0,155899.0,155916.0,155933.0,155952.0,155977.0,156005.0,156029.0,156060.0,156076.0,156097.0,156109.0,156128.0,156145.0,156170.0,156188.0,156213.0,156233.0,156260.0,156278.0,156295.0,156305.0,156323.0,156339.0,156367.0,156392.0,156413.0,156426.0,156440.0,156462.0,156484.0,156532.0,156560.0,156579.0,156602.0,156618.0,156637.0,156655.0,156674.0,156695.0,156713.0,156726.0,156740.0,156750.0,156770.0,156782.0,156800.0,156817.0,156831.0,156848.0,156859.0,156877.0,156896.0,156915.0,156933.0,156951.0,156969.0,156991.0,157004.0,157023.0,157047.0,157077.0,157098.0,157114.0,157133.0,157146.0,157162.0,157182.0,157200.0,157223.0,157246.0,157263.0,157275.0,157292.0,157313.0,157329.0,157339.0,157352.0,157373.0,157387.0,157413.0,157438.0,157454.0,157479.0,157503.0,157526.0,157548.0,157569.0,157599.0,157618.0,157633.0,157652.0,157666.0,157679.0,157696.0,157708.0,157724.0,157740.0,157752.0,157762.0,,157786.0,157806.0,157823.0,157839.0,157857.0,157864.0,157874.0,157887.0,157908.0,157937.0,157960.0,157980.0,157990.0,158012.0,158030.0,158051.0,158080.0,158098.0,158110.0,158122.0,158143.0,158165.0,158171.0,158187.0,158201.0,158204.0,158220.0,158239.0,158254.0,158270.0,158287.0,158312.0,158331.0,158345.0,158364.0,158383.0,158402.0,158423.0,158441.0,158454.0,158466.0,158477.0,158498.0,158519.0,158532.0,158547.0,158560.0,158577.0,158587.0,158603.0,158615.0,158626.0,158642.0,158652.0,158674.0,158684.0,158703.0,158720.0,158732.0,158751.0,158761.0,158778.0,158798.0,158826.0,158848.0,158859.0,158873.0,158885.0,158898.0,158908.0,158923.0,158952.0,158973.0,158989.0,159009.0,159027.0,159051.0,159079.0,159103.0,159123.0,159140.0,159158.0,159177.0,159198.0,159228.0,159254.0,159284.0,159316.0,159329.0,159344.0,159360.0,159378.0,159397.0,159413.0,159440.0,159455.0,159472.0,159507.0,159531.0,159553.0,159579.0,159596.0,159616.0,159640.0,159659.0,159685.0,159704.0,159727.0,159748.0,159775.0,159798.0,159809.0,159829.0,159850
04BkwAMxysU,213463.0,213476.0,213494.0,213524.0,213545.0,213563.0,213584.0,213601.0,213625.0,213645.0,213664.0,213679.0,213696.0,213715.0,213727.0,213738.0,213756.0,213772.0,213787.0,213804.0,213824.0,213843.0,213856.0,213872.0,213887.0,213908.0,213935.0,213946.0,213967.0,213979.0,214001.0,214020.0,214042.0,214064.0,214084.0,214101.0,214122.0,214137.0,214151.0,214173.0,214190.0,214214.0,214234.0,214256.0,214283.0,214295.0,214310.0,214331.0,214348.0,214373.0,214392.0,214406.0,214419.0,214438.0,214458.0,214472.0,214486.0,214510.0,214528.0,214551.0,214576.0,214599.0,214620.0,214648.0,214673.0,214696.0,214708.0,214732.0,214742.0,214766.0,214784.0,214807.0,214818.0,214829.0,214846.0,214869.0,214890.0,214900.0,214921.0,214933.0,214948.0,214966.0,214981.0,214998.0,215022.0,215044.0,215062.0,215080.0,215097.0,215119.0,215133.0,215159.0,215185.0,215207.0,215230.0,215248.0,215265.0,215292.0,215314.0,215333.0,215361.0,215377.0,215393.0,215415.0,215427.0,215439.0,215449.0,215467.0,215488.0,215508.0,215521.0,215542.0,215561.0,215571.0,215586.0,215609.0,215622.0,215635.0,215650.0,215660.0,215677.0,215696.0,215710.0,215722.0,215738.0,215752.0,215771.0,215789.0,215806.0,215817.0,215833.0,215847.0,215865.0,215895.0,,,,,,,,,216169.0,216210.0,216230.0,216247.0,216267.0,216305.0,216324.0,216339.0,216353.0,216364.0,216377.0,216384.0,216405.0,216421.0,216443.0,216449.0,216465.0,216483.0,216498.0,216522.0,216533.0,216548.0,216560.0,216575.0,216593.0,216607.0,216614.0,216631.0,216643.0,216679.0,216687.0,216704.0,216717.0,216736.0,216751.0,216763.0,216773.0,216788.0,216802.0,216816.0,216846.0,216866.0,216879.0,216882.0,216892.0,216908.0,216925.0,216948.0,216954.0,216971.0,216989.0,217004.0,217018.0,217038.0,217057.0,217084.0,217097.0,217112.0,217130.0,217140.0,217148.0,217162.0,217178.0,217189.0,217202.0,217214.0,217235.0,217243.0,217260.0,217275.0,217285.0,217295.0,217303.0,217319.0,217332.0,217346.0,217365.0,217375.0,217380.0,217391.0,217400.0,217416.0,217433.0,217447.0,217462.0,217480.0,217492.0,217505.0,217522.0,217541.0,217555.0,217564.0,217573.0,217581.0,217599.0,217614.0,217625.0,217637.0,217645.0,217659.0,217680.0,217688.0,217699.0,217709.0,217721.0,217726.0,217735.0,217746.0,217761.0,217766.0,217782.0,217791.0,217800.0,217815.0,217825.0,217838.0,217845.0,217855.0,217868.0,217889.0,217897.0,,217915.0,217922.0,217938.0,217944.0,217958.0,217970.0,217991.0,218010.0,218044.0,218072.0,218110.0,218137.0,218143.0,218164.0,218186.0,218195.0,218206.0,218225.0,218247.0,218264.0,218277.0,218289.0,218281.0,218293.0,218301.0,218313.0,218320.0,218330.0,218345.0,218356.0,218382.0,218393.0,218409.0,218418.0,218426.0,218440.0,218451.0,218465.0,218473.0,218477.0,218487.0,218494.0,218506.0,218514.0,218520.0,218531.0,218546.0,218552.0,218562.0,218570.0,218578.0,218583.0,218593.0,218611.0,218617.0,218625.0,218638.0,218645.0,218655.0,218662.0,218672.0,218681.0,218688.0,218698.0,218704.0,218713.0,218717.0,218725.0,218736.0,218739.0,218746.0,218755.0,218769.0,218779.0,218789.0,218794.0,218800.0,218807.0,218822.0,218834.0,218843.0,218850.0,218862.0,218875.0,218883.0,218889.0,218899.0,218907.0,218913.0,218926.0,218931.0,218937.0,218943.0,218953.0,218958.0,218969.0,218979.0,218984.0,218994.0,219006.0,219011.0,219019.0,219035.0,219048.0,219056.0,219063.0,219069.0,219077.0,219086.0,219090.0,219095.0,219100.0,219110.0,219115
nJGchKlXuZI,38995.0,38998.0,39002.0,39009.0,39014.0,39019.0,39022.0,39030.0,39049.0,39060.0,39068.0,39079.0,39088.0,39097.0,39103.0,39128.0,39144.0,39150.0,39157.0,39168.0,39183.0,39197.0,39208.0,39217.0,39227.0,39244.0,39254.0,39260.0,39273.0,39282.0,39288.0,39296.0,39312.0,39326.0,39334.0,39335.0,39343.0,39349.0,39360.0,39367.0,39382.0,39392.0,39407.0,39420.0,39427.0,39433.0,39448.0,39461.0,39468.0,39476.0,39486.0,39494.0,39505.0,39511.0,39521.0,39522.0,39527.0,39534.0,39537.0,39541.0,39554.0,39574.0,39585.0,39594.0,39603.0,39610.0,39616.0,39622.0,39630.0,39644.0,39656.0,39663.0,39672.0,39683.0,39688.0,39693.0,39699.0,39708.0,39716.0,39723.0,39729.0,39734.0,39739.0,39745.0,39752.0,39754.0,39759.0,39764.0,39783.0,39794.0,39807.0,39818.0,39823.0,39828.0,39835.0,39845.0,39852.0,39859.0,39867.0,39870.0,39881.0,39889.0,39907.0,39916.0,39927.0,39934.0,39944.0,39952.0,39961.0,39964.0,39971.0,39981.0,39988.0,39996.0,40003.0,40011.0,40016.0,40023.0,40038.0,40049.0,40056.0,40069.0,40079.0,40089.0,40102.0,40114.0,40122.0,40132.0,40151.0,40164.0,40178.0,40194.0,40205.0,40214.0,,,,,,,,,40326.0,40338.0,40347.0,40356.0,40377.0,40380.0,40389.0,40397.0,40405.0,40410.0,40417.0,40423.0,40432.0,40437.0,40442.0,40448.0,40455.0,40463.0,40469.0,40475.0,40482.0,40487.0,40491.0,40496.0,40500.0,40504.0,40510.0,40521.0,40533.0,40540.0,40549.0,40558.0,40562.0,40571.0,40578.0,40579.0,40584.0,40590.0,40594.0,40597.0,40599.0,40603.0,40611.0,40614.0,40619.0,40624.0,40637.0,40650.0,40653.0,40661.0,40674.0,40681.0,40689.0,40698.0,40703.0,40718.0,40725.0,40733.0,40746.0,40751.0,40762.0,40770.0,40775.0,40778.0,40784.0,40793.0,40799.0,40806.0,40809.0,40814.0,40827.0,40834.0,40848.0,40856.0,40864.0,40867.0,40874.0,40880.0,40890.0,40897.0,40899.0,40907.0,40911.0,40919.0,40924.0,40942.0,40954.0,40960.0,40968.0,40978.0,40982.0,40991.0,41002.0,41008.0,41016.0,41024.0,41027.0,41035.0,41041.0,41051.0,41058.0,41069.0,41076.0,41094.0,41104.0,41116.0,41129.0,41138.0,41143.0,41147.0,41156.0,41162.0,41166.0,41174.0,41182.0,41190.0,41196.0,41200.0,41200.0,41207.0,41213.0,,41233.0,41239.0,41248.0,41252.0,41261.0,41267.0,41272.0,41281.0,41286.0,41295.0,41306.0,41319.0,41331.0,41339.0,41350.0,41358.0,41367.0,41373.0,41383.0,41387.0,41392.0,41400.0,41407.0,41421.0,41433.0,41445.0,41453.0,41462.0,41476.0,41488.0,41491.0,41504.0,41512.0,41520.0,41533.0,41548.0,41557.0,41571.0,41583.0,41598.0,41612.0,41620.0,41625.0,41641.0,41655.0,41671.0,41682.0,41698.0,41712.0,41729.0,41748.0,41757.0,41765.0,41775.0,41787.0,41790.0,41798.0,41804.0,41809.0,41812.0,41821.0,41829.0,41839.0,41849.0,41857.0,41864.0,41872.0,41879.0,41888.0,41900.0,41913.0,41932.0,41940.0,41950.0,41963.0,41973.0,41984.0,41992.0,42003.0,42017.0,42029.0,42039.0,42041.0,42059.0,42066.0,42079.0,42091.0,42105.0,42123.0,42130.0,42137.0,42149.0,42165.0,42185.0,42203.0,42214.0,42224.0,42233.0,42237.0,42247.0,42259.0,42268.0,42283.0,42292.0,42308.0,42318.0,42327.0,42339.0,42348.0,42351.0,42356.0,42360.0,42364.0,42371
p-d5-BtXPoY,41349.0,41495.0,41656.0,41817.0,41975.0,42144.0,42272.0,42461.0,42603.0,42755.0,42881.0,43029.0,43184.0,43384.0,43598.0,43734.0,43896.0,44080.0,44209.0,44352.0,44511.0,44664.0,44855.0,44938.0,45105.0,45193.0,45324.0,45435.0,45559.0,45693.0,45813.0,45936.0,46035.0,46152.0,46283.0,46418.0,46579.0,46654.0,46766.0,46886.0,47026.0,47153.0,47275.0,47376.0,47474.0,47576.0,47692.0,47798.0,47913.0,47995.0,48087.0,48164.0,48254.0,48327.0,48410.0,48476.0,48571.0,48663.0,48737.0,48840.0,48946.0,49027.0,49087.0,49189.0,49265.0,49339.0,49445.0,49513.0,49594.0,49681.0,49781.0,49843.0,49902.0,49960.0,50031.0,50120.0,50206.0,50291.0,50356.0,50414.0,50497.0,50582.0,50636.0,50709.0,50776.0,50841.0,50900.0,50957.0,51029.0,51102.0,51172.0,51259.0,51355.0,51410.0,51479.0,51556.0,51653.0,51719.0,51804.0,51876.0,51949.0,52016.0,52084.0,52140.0,52200.0,52275.0,52358.0,52439.0,52515.0,52592.0,52650.0,52725.0,52818.0,52918.0,52990.0,53048.0,53130.0,53213.0,53295.0,53364.0,53428.0,53487.0,53558.0,53596.0,53657.0,53722.0,53774.0,53828.0,53892.0,53961.0,54025.0,54090.0,54154.0,54201.0,,,,,,,,,54674.0,54732.0,54795.0,54848.0,54917.0,54968.0,55019.0,55063.0,55110.0,55158.0,55218.0,55264.0,55325.0,55388.0,55434.0,55476.0,55526.0,55570.0,55621.0,55657.0,55701.0,55762.0,55794.0,55837.0,55875.0,55927.0,55972.0,56017.0,56067.0,56119.0,56166.0,56216.0,56263.0,56319.0,56378.0,56436.0,56489.0,56541.0,56595.0,56653.0,56703.0,56750.0,56793.0,56855.0,56908.0,56973.0,57048.0,57114.0,57168.0,57209.0,57253.0,57294.0,57332.0,57392.0,57569.0,57667.0,57784.0,57825.0,57882.0,57925.0,57980.0,58023.0,58113.0,58179.0,58248.0,58317.0,58389.0,58455.0,58521.0,58604.0,58729.0,58811.0,58913.0,59040.0,59132.0,59237.0,59365.0,59451.0,59518.0,59605.0,59710.0,59813.0,59909.0,60024.0,60100.0,60189.0,60280.0,60361.0,60446.0,60544.0,60636.0,60743.0,60851.0,60967.0,61051.0,61164.0,61259.0,61383.0,61481.0,61590.0,61666.0,61747.0,61848.0,61960.0,62051.0,62159.0,62278.0,62401.0,62553.0,62800.0,62930.0,63143.0,63480.0,63916.0,64382.0,64805.0,65332.0,65957.0,66557.0,67367.0,68112.0,,70127.0,71441.0,72452.0,73377.0,74184.0,74906.0,75896.0,76918.0,78257.0,79628.0,80786.0,81678.0,82745.0,84267.0,85820.0,87148.0,88762.0,90478.0,91855.0,93243.0,94992.0,96660.0,98630.0,100345.0,101843.0,102968.0,104489.0,106207.0,107984.0,109681.0,111267.0,112931.0,114572.0,115826.0,117632.0,119512.0,121337.0,123254.0,124949.0,126467.0,127939.0,129714.0,131769.0,133721.0,135347.0,137090.0,139128.0,140972.0,143164.0,145838.0,148142.0,151187.0,153305.0,156613.0,159008.0,162275.0,165815.0,169366.0,173028.0,176976.0,180521.0,183201.0,186369.0,191663.0,198060.0,204867.0,208025.0,211406.0,215362.0,220364.0,226306.0,232860.0,239047.0,246237.0,252968.0,259483.0,268135.0,276312.0,282407.0,291637.0,307148.0,316949.0,322427.0,325858.0,329716.0,333456.0,336527.0,339279.0,341577.0,343897.0,346262.0,348780.0,351349.0,353580.0,355796.0,358255.0,360700.0,363658.0,366577.0,369143.0,372069.0,374899.0,377104.0,379410.0,382252.0,384670.0,387004.0,389232.0,391077.0,392621.0,394555.0,396682.0,399144.0,401288
ef1BhJ3Ca_0,9527.0,9528.0,9528.0,9528.0,9529.0,9529.0,9529.0,9529.0,9531.0,9531.0,9531.0,9532.0,9532.0,9532.0,9533.0,9533.0,9534.0,9535.0,9536.0,9536.0,9536.0,9536.0,9536.0,9537.0,9538.0,9538.0,9539.0,9539.0,9539.0,9540.0,9541.0,9543.0,9545.0,9546.0,9548.0,9550.0,9551.0,9553.0,9554.0,9555.0,9555.0,9557.0,9558.0,9558.0,9560.0,9560.0,9563.0,9563.0,9569.0,9572.0,9572.0,9573.0,9576.0,9579.0,9579.0,9581.0,9582.0,9583.0,9584.0,9584.0,9584.0,9585.0,9586.0,9591.0,9591.0,9592.0,9594.0,9595.0,9596.0,9598.0,9599.0,9599.0,9600.0,9601.0,9602.0,9602.0,9603.0,9605.0,9605.0,9606.0,9607.0,9608.0,9608.0,9610.0,9611.0,9612.0,9613.0,9613.0,9614.0,9614.0,9614.0,9614.0,9614.0,9614.0,9614.0,9615.0,9616.0,9617.0,9617.0,9617.0,9618.0,9619.0,9620.0,9620.0,9620.0,9620.0,9620.0,9622.0,9624.0,9624.0,9624.0,9627.0,9627.0,9627.0,9627.0,9627.0,9628.0,9629.0,9629.0,9629.0,9630.0,9630.0,9630.0,9630.0,9630.0,9632.0,9633.0,9635.0,9636.0,9636.0,9636.0,9636.0,9639.0,9639.0,,,,,,,,,9641.0,9641.0,9641.0,9641.0,9641.0,9641.0,9641.0,9641.0,9641.0,9642.0,9642.0,9643.0,9643.0,9643.0,9644.0,9645.0,9645.0,9645.0,9645.0,9646.0,9646.0,9646.0,9647.0,9647.0,9649.0,9650.0,9650.0,9650.0,9650.0,9650.0,9650.0,9650.0,9650.0,9651.0,9651.0,9651.0,9651.0,9656.0,9657.0,9657.0,9657.0,9658.0,9658.0,9659.0,9659.0,9659.0,9661.0,9662.0,9662.0,9663.0,9663.0,9663.0,9663.0,9664.0,9665.0,9665.0,9665.0,9665.0,9665.0,9666.0,9667.0,9667.0,9668.0,9668.0,9668.0,9668.0,9668.0,9668.0,9669.0,9669.0,9670.0,9670.0,9670.0,9672.0,9672.0,9673.0,9673.0,9673.0,9673.0,9674.0,9674.0,9676.0,9676.0,9676.0,9677.0,9684.0,9686.0,9687.0,9688.0,9691.0,9693.0,9693.0,9694.0,9694.0,9694.0,9694.0,9695.0,9695.0,9697.0,9698.0,9699.0,9699.0,9699.0,9701.0,9703.0,9704.0,9704.0,9706.0,9706.0,9706.0,9708.0,9708.0,9708.0,9709.0,9709.0,9709.0,9711.0,9712.0,9712.0,9712.0,9712.0,,9716.0,9717.0,9719.0,9718.0,9720.0,9724.0,9725.0,9725.0,9726.0,9729.0,9729.0,9729.0,9729.0,9730.0,9734.0,9734.0,9734.0,9734.0,9734.0,9739.0,9739.0,9739.0,9745.0,9748.0,9749.0,9750.0,9750.0,9750.0,9751.0,9751.0,9753.0,9754.0,9754.0,9754.0,9754.0,9754.0,9755.0,9756.0,9756.0,9756.0,9756.0,9757.0,9757.0,9757.0,9757.0,9757.0,9757.0,9757.0,9758.0,9759.0,9760.0,9760.0,9760.0,9760.0,9761.0,9761.0,9763.0,9763.0,9763.0,9763.0,9763.0,9763.0,9763.0,9763.0,9763.0,9763.0,9763.0,9765.0,9765.0,9765.0,9767.0,9770.0,9770.0,9770.0,9771.0,9771.0,9772.0,9772.0,9775.0,9775.0,9775.0,9775.0,9776.0,9776.0,9778.0,9778.0,9778.0,9778.0,9779.0,9779.0,9779.0,9779.0,9779.0,9781.0,9783.0,9783.0,9782.0,9783.0,9783.0,9783.0,9784.0,9784.0,9784.0,9786.0,9788.0,9786.0,9786.0,9786.0,9786.0,9786.0,9786.0,9786.0,9786.0,9786
q9o-_RjWp4E,131.0,131.0,131.0,131.0,131.0,131.0,131.0,131.0,131.0,131.0,131.0,131.0,131.0,131.0,131.0,131.0,131.0,131.0,131.0,131.0,131.0,131.0,131.0,131.0,131.0,131.0,131.0,131.0,131.0,131.0,131.0,131.0,131.0,131.0,131.0,131.0,131.0,131.0,131.0,131.0,131.0,131.0,131.0,131.0,131.0,131.0,131.0,131.0,131.0,131.0,131.0,131.0,131.0,131.0,131.0,131.0,131.0,131.0,131.0,131.0,131.0,131.0,131.0,131.0,131.0,131.0,131.0,131.0,131.0,131.0,131.0,131.0,131.0,131.0,131.0,131.0,131.0,131.0,131.0,131.0,131.0,131.0,131.0,131.0,131.0,131.0,131.0,131.0,131.0,131.0,131.0,131.0,131.0,131.0,131.0,131.0,132.0,132.0,132.0,132.0,132.0,132.0,132.0,132.0,132.0,132.0,132.0,132.0,132.0,132.0,132.0,132.0,132.0,132.0,132.0,132.0,132.0,132.0,132.0,132.0,132.0,132.0,132.0,132.0,132.0,132.0,132.0,132.0,132.0,132.0,132.0,132.0,132.0,132.0,,,,,,,,,132.0,132.0,132.0,132.0,132.0,132.0,132.0,132.0,132.0,132.0,132.0,132.0,132.0,133.0,133.0,133.0,133.0,133.0,133.0,133.0,133.0,133.0,133.0,133.0,133.0,133.0,133.0,133.0,133.0,133.0,133.0,133.0,133.0,133.0,133.0,133.0,133.0,133.0,133.0,133.0,133.0,133.0,133.0,133.0,133.0,133.0,133.0,133.0,133.0,133.0,133.0,133.0,133.0,133.0,133.0,133.0,133.0,133.0,133.0,133.0,133.0,133.0,133.0,133.0,133.0,133.0,133.0,133.0,133.0,133.0,133.0,133.0,133.0,133.0,133.0,133.0,133.0,133.0,133.0,133.0,133.0,133.0,133.0,133.0,133.0,133.0,133.0,133.0,133.0,133.0,133.0,133.0,133.0,133.0,133.0,133.0,133.0,133.0,133.0,133.0,133.0,133.0,133.0,133.0,133.0,133.0,133.0,133.0,133.0,133.0,133.0,133.0,133.0,133.0,134.0,134.0,134.0,134.0,134.0,134.0,134.0,,134.0,134.0,134.0,134.0,135.0,135.0,135.0,135.0,135.0,135.0,135.0,135.0,135.0,135.0,135.0,135.0,135.0,135.0,135.0,135.0,135.0,135.0,135.0,135.0,137.0,137.0,137.0,137.0,137.0,137.0,137.0,137.0,137.0,137.0,137.0,137.0,137.0,137.0,137.0,137.0,137.0,137.0,137.0,137.0,137.0,137.0,137.0,137.0,137.0,137.0,137.0,137.0,137.0,137.0,137.0,137.0,137.0,137.0,137.0,137.0,137.0,137.0,137.0,137.0,137.0,137.0,137.0,137.0,137.0,137.0,137.0,137.0,137.0,137.0,137.0,137.0,137.0,137.0,137.0,137.0,137.0,137.0,137.0,137.0,137.0,137.0,137.0,137.0,137.0,137.0,137.0,137.0,137.0,137.0,137.0,137.0,137.0,137.0,137.0,137.0,137.0,137.0,137.0,137.0,137.0,137.0,137.0,137.0,137.0,137.0,137.0,137.0,137.0,137
pCkRsTYQA2Y,9967.0,9968.0,9968.0,9968.0,9970.0,9971.0,9972.0,9974.0,9975.0,9977.0,9978.0,9978.0,9983.0,9983.0,9983.0,9985.0,9985.0,9987.0,9989.0,9990.0,9993.0,9993.0,9993.0,9994.0,9995.0,9995.0,9996.0,9998.0,9999.0,10001.0,10002.0,10005.0,10006.0,10007.0,10009.0,10010.0,10011.0,10011.0,10011.0,10012.0,10012.0,10012.0,10015.0,10015.0,10015.0,10017.0,10019.0,10019.0,10019.0,10021.0,10021.0,10022.0,10024.0,10025.0,10025.0,10028.0,10028.0,10030.0,10030.0,10031.0,10032.0,10033.0,10034.0,10035.0,10036.0,10037.0,10038.0,10039.0,10042.0,10045.0,10046.0,10047.0,10048.0,10049.0,10051.0,10053.0,10053.0,10055.0,10055.0,10055.0,10057.0,10057.0,10059.0,10060.0,10061.0,10061.0,10062.0,10062.0,10064.0,10064.0,10064.0,10065.0,10066.0,10066.0,10067.0,10067.0,10069.0,10070.0,10070.0,10072.0,10072.0,10072.0,10074.0,10076.0,10080.0,10080.0,10081.0,10082.0,10082.0,10082.0,10082.0,10083.0,10084.0,10084.0,10084.0,10086.0,10087.0,10087.0,10089.0,10089.0,10089.0,10089.0,10089.0,10089.0,10089.0,10089.0,10089.0,10089.0,10089.0,10089.0,10089.0,10090.0,10090.0,10090.0,,,,,,,,,10096.0,10096.0,10096.0,10096.0,10096.0,10097.0,10098.0,10101.0,10101.0,10101.0,10101.0,10102.0,10102.0,10102.0,10107.0,10107.0,10107.0,10108.0,10111.0,10111.0,10111.0,10111.0,10111.0,10112.0,10112.0,10112.0,10113.0,10113.0,10113.0,10113.0,10114.0,10115.0,10116.0,10117.0,10117.0,10117.0,10119.0,10120.0,10120.0,10121.0,10121.0,10122.0,10123.0,10128.0,10129.0,10129.0,10129.0,10130.0,10130.0,10130.0,10130.0,10133.0,10133.0,10133.0,10133.0,10134.0,10134.0,10135.0,10137.0,10137.0,10137.0,10137.0,10137.0,10137.0,10137.0,10137.0,10137.0,10137.0,10139.0,10139.0,10139.0,10140.0,10140.0,10140.0,10140.0,10140.0,10141.0,10141.0,10141.0,10141.0,10141.0,10141.0,10142.0,10142.0,10142.0,10145.0,10147.0,10149.0,10149.0,10149.0,10149.0,10150.0,10150.0,10150.0,10150.0,10150.0,10150.0,10150.0,10150.0,10150.0,10152.0,10152.0,10154.0,10154.0,10155.0,10156.0,10157.0,10158.0,10159.0,10161.0,10161.0,10161.0,10162.0,10163.0,10163.0,10164.0,10168.0,10169.0,10170.0,10170.0,10170.0,,10172.0,10173.0,10174.0,10174.0,10174.0,10176.0,10177.0,10177.0,10177.0,10177.0,10177.0,10178.0,10178.0,10179.0,10180.0,10181.0,10182.0,10184.0,10184.0,10185.0,10185.0,10186.0,10189.0,10189.0,10189.0,10190.0,10191.0,10191.0,10193.0,10194.0,10194.0,10194.0,10194.0,10194.0,10194.0,10194.0,10195.0,10195.0,10196.0,10196.0,10196.0,10196.0,10196.0,10196.0,10197.0,10198.0,10198.0,10198.0,10198.0,10198.0,10198.0,10199.0,10199.0,10199.0,10199.0,10199.0,10199.0,10201.0,10202.0,10202.0,10203.0,10204.0,10204.0,10205.0,10206.0,10206.0,10207.0,10207.0,10208.0,10208.0,10208.0,10210.0,10211.0,10211.0,10211.0,10211.0,10212.0,10213.0,10215.0,10216.0,10216.0,10217.0,10220.0,10221.0,10221.0,10222.0,10223.0,10223.0,10223.0,10223.0,10223.0,10224.0,10225.0,10225.0,10226.0,10227.0,10229.0,10229.0,10231.0,10232.0,10232.0,10232.0,10233.0,10233.0,10233.0,10233.0,10233.0,10235.0,10236.0,10237.0,10237.0,10238.0,10238.0,10238
u4WlYsvJcsE,770584.0,770585.0,770592.0,770594.0,770596.0,770599.0,770601.0,770604.0,770607.0,770610.0,770611.0,770616.0,770617.0,770620.0,770622.0,770622.0,770628.0,770629.0,770634.0,770638.0,770641.0,770642.0,770644.0,770650.0,770654.0,770658.0,770662.0,770662.0,770666.0,770672.0,770674.0,770674.0,770676.0,770677.0,770680.0,770683.0,770687.0,770689.0,770689.0,770691.0,770699.0,770701.0,770705.0,770706.0,770706.0,770708.0,770711.0,770714.0,770715.0,770717.0,770719.0,770719.0,770724.0,770726.0,770728.0,770728.0,770731.0,770735.0,770736.0,770738.0,770738.0,770739.0,770741.0,770742.0,770745.0,770747.0,770750.0,770753.0,770757.0,770762.0,770763.0,770765.0,770766.0,770773.0,770775.0,770776.0,770781.0,770782.0,770786.0,770787.0,770787.0,770787.0,770793.0,770793.0,770794.0,770796.0,770796.0,770797.0,770800.0,770800.0,770803.0,770804.0,770807.0,770810.0,770811.0,770812.0,770815.0,770821.0,770828.0,770832.0,770838.0,770841.0,770844.0,770852.0,770856.0,770862.0,770870.0,770877.0,770883.0,770894.0,770901.0,770912.0,770920.0,770927.0,770931.0,770940.0,770949.0,770963.0,770971.0,770983.0,770991.0,770999.0,771011.0,771021.0,771029.0,771043.0,771046.0,771050.0,771056.0,771064.0,771072.0,771085.0,771087.0,771102.0,,,,,,,,,771179.0,771179.0,771182.0,771183.0,771185.0,771186.0,771188.0,771189.0,771193.0,771194.0,771197.0,771198.0,771199.0,771201.0,771202.0,771205.0,771207.0,771213.0,771218.0,771220.0,771223.0,771225.0,771228.0,771231.0,771232.0,771234.0,771234.0,771235.0,771235.0,771235.0,771237.0,771242.0,771245.0,771247.0,771247.0,771250.0,771252.0,771253.0,771254.0,771254.0,771261.0,771263.0,771263.0,771268.0,771274.0,771281.0,771283.0,771286.0,771289.0,771293.0,771302.0,771304.0,771310.0,771313.0,771317.0,771319.0,771321.0,771323.0,771327.0,771330.0,771332.0,771336.0,771338.0,771340.0,771343.0,771345.0,771349.0,771349.0,771350.0,771354.0,771357.0,771357.0,771357.0,771359.0,771359.0,771361.0,771364.0,771373.0,771375.0,771379.0,771383.0,771384.0,771387.0,771391.0,771393.0,771397.0,771400.0,771405.0,771405.0,771405.0,771411.0,771415.0,771419.0,771422.0,771427.0,771429.0,771432.0,771434.0,771442.0,771442.0,771443.0,771446.0,771449.0,771452.0,771454.0,771456.0,771457.0,771459.0,771459.0,771463.0,771463.0,771466.0,771466.0,771468.0,771470.0,771473.0,771477.0,771478.0,771480.0,771481.0,771484.0,,771485.0,771487.0,771489.0,771490.0,771490.0,771493.0,771494.0,771497.0,771500.0,771502.0,771502.0,771504.0,771505.0,771508.0,771518.0,771525.0,771531.0,771534.0,771537.0,771538.0,771540.0,771540.0,771547.0,771554.0,771556.0,771561.0,771563.0,771565.0,771565.0,771566.0,771568.0,771570.0,771571.0,771571.0,771576.0,771579.0,771580.0,771584.0,771587.0,771594.0,771597.0,771599.0,771603.0,771608.0,771611.0,771613.0,771618.0,771619.0,771621.0,771622.0,771622.0,771622.0,771624.0,771625.0,771625.0,771627.0,771627.0,771628.0,771630.0,771630.0,771632.0,771634.0,771636.0,771638.0,771641.0,771642.0,771646.0,771649.0,771651.0,771653.0,771653.0,771655.0,771656.0,771660.0,771660.0,771662.0,771662.0,771663.0,771667.0,771670.0,771673.0,771676.0,771679.0,771681.0,771689.0,771693.0,771695.0,771695.0,771697.0,771698.0,771700.0,771701.0,771701.0,771703.0,771703.0,771704.0,771704.0,771705.0,771708.0,771711.0,771713.0,771715.0,771718.0,771721.0,771721.0,771724.0,771730.0,771732.0,771734.0,771736.0,771736.0,771737.0,771738.0,771743
YXZl-_xSzMQ,1639971.0,1640850.0,1641746.0,1642634.0,1643504.0,1644382.0,1645333.0,1646197.0,1647145.0,1648012.0,1648830.0,1649742.0,1650584.0,1651526.0,1652494.0,1653267.0,1653986.0,1654830.0,1655698.0,1656546.0,1657384.0,1658309.0,1659153.0,1659951.0,1660654.0,1661499.0,1662348.0,1663057.0,1663932.0,1664868.0,1665777.0,1666518.0,1667320.0,1668229.0,1669125.0,1670101.0,1671043.0,1671796.0,1672742.0,1673492.0,1674236.0,1675062.0,1675882.0,1676688.0,1677671.0,1678514.0,1679236.0,1680188.0,1680949.0,1681737.0,1682646.0,1683489.0,1684221.0,1684934.0,1685842.0,1686630.0,1687419.0,1688212.0,1688925.0,1689625.0,1690351.0,1691151.0,1691918.0,1692688.0,1693472.0,1694198.0,1694980.0,1695772.0,1696475.0,1697296.0,1697914.0,1698567.0,1699149.0,1699766.0,1700460.0,1701079.0,1701713.0,1702474.0,1703219.0,1703955.0,1704649.0,1705166.0,1705866.0,1706400.0,1707120.0,1708023.0,1708741.0,1709377.0,1710028.0,1710737.0,1711316.0,1712080.0,1712723.0,1713226.0,1713772.0,1714335.0,1714986.0,1715600.0,1716143.0,1716769.0,1717330.0,1717825.0,1718391.0,1718932.0,1719516.0,1720185.0,1720869.0,1721493.0,1722085.0,1722702.0,1723417.0,1723953.0,1724557.0,1725171.0,1725823.0,1726419.0,1727034.0,1727631.0,1728297.0,1728904.0,1729499.0,1730045.0,1730620.0,1731139.0,1731726.0,1732446.0,1733084.0,1733687.0,1734275.0,1734803.0,1735325.0,1735835.0,1736520.0,1737198.0,,,,,,,,,1742498.0,1743020.0,1743534.0,1744093.0,1744555.0,1745098.0,1745708.0,1746366.0,1747051.0,1747728.0,1748261.0,1748927.0,1749706.0,1750492.0,1751097.0,1751788.0,1752308.0,1752830.0,1753273.0,1753745.0,1754280.0,1754746.0,1755257.0,1755745.0,1756091.0,1756582.0,1757041.0,1757497.0,1757957.0,1758330.0,1758789.0,1759186.0,1759576.0,1760033.0,1760482.0,1760912.0,1761269.0,1761682.0,1762134.0,1762541.0,1762920.0,1763334.0,1763767.0,1764167.0,1764530.0,1764914.0,1765288.0,1765669.0,1766091.0,1766448.0,1766838.0,1767155.0,1767571.0,1767948.0,1768313.0,1768726.0,1769038.0,1769415.0,1769769.0,1770120.0,1770493.0,1770819.0,1771198.0,1771504.0,1771828.0,1772145.0,1772519.0,1772849.0,1773178.0,1773525.0,1773884.0,1774254.0,1774604.0,1775010.0,1775318.0,1775728.0,1776123.0,1776459.0,1776773.0,1777190.0,1777540.0,1777873.0,1778182.0,1778561.0,1778929.0,1779249.0,1779639.0,1780052.0,1780433.0,1780826.0,1781220.0,1781599.0,1781967.0,1782338.0,1782667.0,1783039.0,1783433.0,1783821.0,1784141.0,1784539.0,1784885.0,1785291.0,1785729.0,1786121.0,1786543.0,1786932.0,1787241.0,1787666.0,1788137.0,1788520.0,1788861.0,1789320.0,1789668.0,1790098.0,1790459.0,1790886.0,1791266.0,1791693.0,1792237.0,1792833.0,1793365.0,,1794740.0,1795371.0,1796186.0,1796892.0,1797554.0,1798213.0,1798765.0,1799436.0,1800216.0,1800792.0,1801623.0,1802260.0,1802902.0,1803466.0,1804062.0,1804629.0,1805308.0,1805967.0,1806640.0,1807272.0,1807862.0,1808506.0,1809123.0,1809733.0,1810491.0,1811290.0,1812051.0,1812803.0,1813616.0,1814448.0,1815201.0,1816177.0,1817115.0,1817866.0,1818810.0,1819689.0,1820810.0,1821945.0,1823058.0,1824133.0,1825428.0,1826403.0,1827637.0,1828569.0,1829515.0,1830430.0,1831393.0,1832173.0,1833164.0,1834040.0,1834893.0,1835657.0,1836676.0,1837555.0,1838597.0,1839663.0,1840603.0,1841549.0,1842539.0,1843638.0,1844726.0,1845769.0,1846745.0,1847640.0,1848644.0,1849575.0,1850474.0,1851243.0,1851894.0,1852623.0,1853404.0,1854257.0,1855171.0,1856012.0,1857074.0,1857888.0,1858843.0,1859856.0,1860781.0,1861651.0,1862719.0,1863778.0,1864778.0,1865883.0,1866956.0,1868027.0,1869112.0,1870286.0,1871310.0,1872334.0,1873296.0,1874223.0,1875085.0,1875996.0,1876969.0,1877959.0,1878873.0,1879784.0,1880799.0,1881728.0,1882720.0,1883669.0,1884601.0,1885478.0,1886522.0,1887441.0,1888374.0,1889379.0,1890346.0,1891342.0,1892098.0,1892939.0,1893648.0,1894548
LPgZzXrZWN0,472874.0,473052.0,473211.0,473386.0,473536.0,473724.0,473882.0,474067.0,474258.0,474459.0,474722.0,474893.0,475096.0,475223.0,475403.0,475602.0,475830.0,476026.0,476221.0,476432.0,476621.0,476821.0,477014.0,477245.0,477451.0,477679.0,477888.0,478095.0,478262.0,478532.0,478692.0,478879.0,479070.0,479302.0,479470.0,479682.0,479902.0,480090.0,480248.0,480444.0,480606.0,480800.0,481003.0,481194.0,481433.0,481607.0,481809.0,482011.0,482185.0,482361.0,482556.0,482690.0,482872.0,483097.0,483271.0,483464.0,483692.0,483867.0,484073.0,484267.0,484475.0,484649.0,484880.0,485065.0,485217.0,485402.0,485589.0,485748.0,485876.0,486062.0,486247.0,486389.0,486524.0,486672.0,486841.0,487018.0,487197.0,487399.0,487604.0,487804.0,487985.0,488211.0,488418.0,488588.0,488784.0,489034.0,489361.0,489711.0,490164.0,490875.0,491325.0,491729.0,492217.0,492547.0,492831.0,493170.0,493481.0,493755.0,494020.0,494295.0,494610.0,494901.0,495111.0,495455.0,495738.0,496022.0,496395.0,496735.0,497034.0,497360.0,497646.0,498032.0,498344.0,498690.0,499018.0,499292.0,499621.0,499868.0,500206.0,500450.0,500756.0,500990.0,501237.0,501443.0,501621.0,501943.0,502143.0,502392.0,502676.0,502935.0,503176.0,503440.0,503823.0,504232.0,,,,,,,,,507701.0,508061.0,508427.0,508837.0,509208.0,509614.0,509970.0,510254.0,510640.0,511085.0,511484.0,511908.0,512318.0,512735.0,513163.0,513487.0,513907.0,514453.0,514878.0,515376.0,515860.0,516296.0,516768.0,517119.0,517573.0,518103.0,518635.0,519195.0,519772.0,520265.0,520921.0,521493.0,522077.0,522767.0,523425.0,523939.0,524470.0,525052.0,525739.0,526568.0,527604.0,528753.0,529718.0,530509.0,531373.0,532442.0,533354.0,534474.0,535494.0,536286.0,537034.0,537803.0,538624.0,539278.0,539948.0,540659.0,541228.0,541843.0,542545.0,543177.0,543945.0,544714.0,545483.0,546057.0,546539.0,547052.0,547431.0,547859.0,548192.0,548490.0,548787.0,549100.0,549366.0,549585.0,549811.0,550081.0,550281.0,550462.0,550692.0,550964.0,551176.0,551416.0,551630.0,551787.0,551954.0,552111.0,552294.0,552493.0,552647.0,552813.0,553010.0,553170.0,553346.0,553524.0,553679.0,553871.0,554041.0,554259.0,554401.0,554536.0,554694.0,554863.0,555020.0,555189.0,555356.0,555516.0,555676.0,555829.0,555992.0,556169.0,556368.0,556525.0,556733.0,556853.0,557004.0,557142.0,557280.0,557411.0,557591.0,557705.0,557867.0,,558189.0,558378.0,558565.0,558726.0,558854.0,558990.0,559104.0,559228.0,559377.0,559507.0,559647.0,559824.0,559944.0,560073.0,560212.0,560288.0,560408.0,560541.0,560648.0,560741.0,560859.0,560938.0,561059.0,561150.0,561259.0,561371.0,561468.0,561569.0,561686.0,561806.0,561910.0,562026.0,562129.0,562226.0,562310.0,562395.0,562512.0,562624.0,562722.0,562801.0,562895.0,562981.0,563106.0,563215.0,563301.0,563411.0,563522.0,563616.0,563712.0,563805.0,563881.0,563980.0,564054.0,564143.0,564220.0,564319.0,564456.0,564526.0,564616.0,564693.0,564761.0,564820.0,564907.0,565010.0,565084.0,565185.0,565268.0,565317.0,565382.0,565451.0,565556.0,565635.0,565709.0,565779.0,565845.0,565933.0,566017.0,566096.0,566151.0,566222.0,566292.0,566383.0,566465.0,566556.0,566665.0,566765.0,566867.0,566966.0,567075.0,567179.0,567265.0,567351.0,567446.0,567554.0,567626.0,567725.0,567793.0,567861.0,567936.0,568022.0,568097.0,568171.0,568254.0,568306.0,568380.0,568453.0,568521.0,568593.0,568664.0,568715.0,568796.0,568860.0,568937.0,569014
tslF4OhxesQ,185330.0,185699.0,186058.0,186448.0,186896.0,187335.0,187686.0,188151.0,188689.0,189095.0,189493.0,190030.0,190520.0,191062.0,191886.0,192552.0,193235.0,193759.0,194285.0,194989.0,195582.0,195972.0,196450.0,196926.0,197256.0,197770.0,198201.0,198643.0,199169.0,199654.0,200127.0,200433.0,200850.0,201253.0,201670.0,202044.0,202520.0,202973.0,203311.0,203742.0,204154.0,204722.0,205116.0,205608.0,205987.0,206330.0,206754.0,207264.0,207728.0,208273.0,208807.0,209288.0,209597.0,209963.0,210454.0,210835.0,211243.0,211663.0,212040.0,212405.0,212702.0,213072.0,213480.0,213908.0,214322.0,214659.0,214946.0,215459.0,215818.0,216284.0,216679.0,217069.0,217376.0,217673.0,218059.0,218474.0,218841.0,219219.0,219608.0,219966.0,220285.0,220664.0,221005.0,221373.0,221797.0,222228.0,222707.0,223070.0,223523.0,223966.0,224349.0,224717.0,225157.0,225500.0,225827.0,226322.0,226748.0,227135.0,227548.0,227993.0,228356.0,228671.0,229051.0,229416.0,229790.0,230168.0,230530.0,230837.0,231073.0,231365.0,231778.0,232200.0,232645.0,233031.0,233491.0,233737.0,234158.0,234548.0,234974.0,235397.0,235794.0,236094.0,236461.0,236757.0,237043.0,237510.0,237843.0,238260.0,238671.0,239028.0,239472.0,239919.0,240362.0,240916.0,,,,,,,,,245036.0,245425.0,245914.0,246411.0,246842.0,247364.0,247940.0,248373.0,248790.0,249312.0,249785.0,250035.0,250038.0,250035.0,250035.0,250035.0,250035.0,250035.0,250036.0,250036.0,250036.0,250036.0,250036.0,250036.0,250036.0,250036.0,250036.0,250036.0,250036.0,250036.0,250036.0,250036.0,250036.0,250036.0,250036.0,250036.0,250036.0,250036.0,250036.0,250036.0,250036.0,250036.0,250036.0,250036.0,250036.0,250036.0,250036.0,250036.0,250036.0,250036.0,250036.0,250036.0,250036.0,250036.0,250036.0,250036.0,250036.0,250036.0,250036.0,250036.0,250036.0,250036.0,250036.0,250036.0,250036.0,250036.0,250036.0,250036.0,250036.0,250036.0,250036.0,250036.0,250036.0,250036.0,250036.0,250036.0,250036.0,250036.0,250036.0,250036.0,250036.0,250036.0,250036.0,250036.0,250036.0,250036.0,250036.0,250036.0,250036.0,250036.0,250036.0,250036.0,250036.0,250036.0,250036.0,250036.0,250036.0,250036.0,250036.0,250036.0,250036.0,250036.0,250036.0,250036.0,250036.0,250036.0,250036.0,250036.0,250036.0,250036.0,250036.0,250036.0,250036.0,250036.0,250036.0,250036.0,250036.0,250036.0,250036.0,250036.0,250036.0,,250036.0,250036.0,250036.0,250036.0,250036.0,250036.0,250036.0,250036.0,250036.0,250036.0,250036.0,250036.0,250036.0,250036.0,250036.0,250036.0,250036.0,250036.0,250036.0,250036.0,250036.0,250036.0,250036.0,250036.0,250036.0,250036.0,250036.0,250036.0,250036.0,250036.0,250036.0,250036.0,250036.0,250036.0,250036.0,250036.0,250036.0,250036.0,250036.0,250036.0,250036.0,250036.0,250036.0,250036.0,250036.0,250036.0,250036.0,250036.0,250036.0,250036.0,250036.0,250036.0,250036.0,250036.0,250036.0,250036.0,250036.0,250036.0,250036.0,250036.0,250036.0,250036.0,250036.0,250036.0,250036.0,250036.0,250036.0,250036.0,250036.0,250036.0,250036.0,250036.0,250036.0,250036.0,250036.0,250036.0,250036.0,250036.0,250036.0,250036.0,250036.0,250036.0,250036.0,250036.0,250036.0,250036.0,250036.0,250036.0,250036.0,250036.0,250036.0,250036.0,250036.0,250036.0,250036.0,250036.0,250036.0,250036.0,250036.0,250036.0,250036.0,250036.0,250036.0,250036.0,250036.0,250036.0,250036.0,250036.0,250036.0,250036.0,250036.0,250036.0,250036.0,250036
V2rFh59ekUQ,182857.0,183214.0,183586.0,183960.0,184349.0,184713.0,185037.0,185380.0,185711.0,185977.0,186242.0,186567.0,186896.0,187205.0,187593.0,187993.0,188336.0,188630.0,188937.0,189324.0,189654.0,190005.0,190408.0,190661.0,190938.0,191207.0,191535.0,191847.0,192158.0,192546.0,192866.0,193078.0,193367.0,193703.0,193981.0,194293.0,194572.0,194856.0,195057.0,195281.0,195518.0,195828.0,196144.0,196459.0,196759.0,196930.0,197189.0,197465.0,197763.0,198030.0,198379.0,198711.0,198932.0,199213.0,199558.0,199844.0,200115.0,200398.0,200705.0,200913.0,201206.0,201471.0,201742.0,202047.0,202269.0,202510.0,202670.0,202884.0,203052.0,203310.0,203518.0,203742.0,203951.0,204177.0,204386.0,204604.0,204892.0,205086.0,205311.0,205478.0,205687.0,205889.0,206122.0,206358.0,206601.0,206826.0,207098.0,207313.0,207571.0,207874.0,208098.0,208360.0,208585.0,208799.0,208992.0,209214.0,209482.0,209727.0,210006.0,210265.0,210449.0,210675.0,210932.0,211157.0,211347.0,211580.0,211821.0,212009.0,212168.0,212354.0,212599.0,212863.0,213182.0,213535.0,213912.0,214200.0,214448.0,214728.0,215050.0,215350.0,215595.0,215810.0,216018.0,216209.0,216436.0,216675.0,216903.0,217209.0,217421.0,217606.0,217835.0,218031.0,218306.0,218645.0,,,,,,,,,221222.0,221450.0,221696.0,221963.0,222240.0,222533.0,222805.0,223054.0,223253.0,223584.0,223842.0,224001.0,224001.0,224002.0,224002.0,224002.0,224002.0,224002.0,224002.0,224002.0,224003.0,224003.0,224003.0,224003.0,224003.0,224003.0,224003.0,224003.0,224003.0,224003.0,224003.0,224003.0,224003.0,224003.0,224003.0,224003.0,224003.0,224003.0,224003.0,224003.0,224003.0,224003.0,224003.0,224003.0,224003.0,224003.0,224003.0,224003.0,224003.0,224003.0,224003.0,224003.0,224003.0,224003.0,224003.0,224003.0,224003.0,224003.0,224003.0,224003.0,224003.0,224003.0,224003.0,224003.0,224003.0,224003.0,224003.0,224003.0,224003.0,224003.0,224003.0,224003.0,224003.0,224003.0,224003.0,224003.0,224003.0,224003.0,224003.0,224003.0,224003.0,224003.0,224003.0,224003.0,224003.0,224003.0,224003.0,224003.0,224003.0,224003.0,224003.0,224003.0,224003.0,224003.0,224003.0,224003.0,224003.0,224003.0,224003.0,224003.0,224003.0,224003.0,224003.0,224003.0,224003.0,224003.0,224003.0,224003.0,224003.0,224003.0,224003.0,224003.0,224003.0,224003.0,224003.0,224003.0,224003.0,224003.0,224003.0,224003.0,224003.0,,224003.0,224003.0,224003.0,224003.0,224003.0,224003.0,224003.0,224003.0,224003.0,224003.0,224003.0,224003.0,224003.0,224003.0,224003.0,224003.0,224003.0,224003.0,224003.0,224003.0,224003.0,224003.0,224003.0,224003.0,224003.0,224003.0,224003.0,224003.0,224003.0,224003.0,224003.0,224003.0,224003.0,224003.0,224003.0,224003.0,224003.0,224003.0,224003.0,224003.0,224003.0,224003.0,224003.0,224003.0,224003.0,224003.0,224003.0,224003.0,224003.0,224003.0,224003.0,224003.0,224003.0,224003.0,224003.0,224003.0,224003.0,224003.0,224003.0,224003.0,224003.0,224003.0,224003.0,224003.0,224003.0,224003.0,224003.0,224003.0,224003.0,224003.0,224003.0,224003.0,224003.0,224003.0,224003.0,224003.0,224003.0,224003.0,224003.0,224003.0,224003.0,224003.0,224003.0,224003.0,224003.0,224003.0,224003.0,224003.0,224003.0,224003.0,224003.0,224003.0,224003.0,224003.0,224003.0,224003.0,224003.0,224003.0,224003.0,224003.0,224003.0,224003.0,224003.0,224003.0,224003.0,224003.0,224003.0,224003.0,224003.0,224003.0,224003.0,224003.0,224003.0,224003
JE4gS6eWI70,1454405.0,1454866.0,1455251.0,1455580.0,1455934.0,1456321.0,1456697.0,1457066.0,1457439.0,1457829.0,1458275.0,1458658.0,1459101.0,1459538.0,1459987.0,1460349.0,1460762.0,1461056.0,1461425.0,1461790.0,1462206.0,1462582.0,1462970.0,1463425.0,1463777.0,1464132.0,1464515.0,1464827.0,1465220.0,1465605.0,1465953.0,1466260.0,1466592.0,1466924.0,1467271.0,1467632.0,1468052.0,1468510.0,1468881.0,1469245.0,1469704.0,1470197.0,1470601.0,1470994.0,1471478.0,1471858.0,1472218.0,1472636.0,1473046.0,1473394.0,1473715.0,1474089.0,1474463.0,1474792.0,1475178.0,1475555.0,1475900.0,1476339.0,1476688.0,1477070.0,1477401.0,1477770.0,1478129.0,1478480.0,1478863.0,1479268.0,1479608.0,1479930.0,1480270.0,1480681.0,1481079.0,1481427.0,1481833.0,1482154.0,1482469.0,1482815.0,1483149.0,1483580.0,1483994.0,1484370.0,1484731.0,1485113.0,1485490.0,1485955.0,1486349.0,1486697.0,1487057.0,1487354.0,1487729.0,1488074.0,1488404.0,1488718.0,1489055.0,1489396.0,1489782.0,1490108.0,1490392.0,1490725.0,1491054.0,1491414.0,1491728.0,1492009.0,1492270.0,1492596.0,1492918.0,1493258.0,1493560.0,1493853.0,1494159.0,1494418.0,1494712.0,1495007.0,1495275.0,1495588.0,1495911.0,1496230.0,1496608.0,1496981.0,1497325.0,1497742.0,1498150.0,1498533.0,1498794.0,1499139.0,1499518.0,1499863.0,1500177.0,1500482.0,1500820.0,1501143.0,1501410.0,1501806.0,1502214.0,1502572.0,,,,,,,,,1505840.0,1506261.0,1506618.0,1506974.0,1507372.0,1507764.0,1508077.0,1508392.0,1508770.0,1509109.0,1509456.0,1509768.0,1510166.0,1510573.0,1510895.0,1511206.0,1511502.0,1511798.0,1512108.0,1512467.0,1512779.0,1513044.0,1513375.0,1513652.0,1513901.0,1514180.0,1514448.0,1514761.0,1515053.0,1515316.0,1515622.0,1515920.0,1516201.0,1516500.0,1516759.0,1517054.0,1517367.0,1517626.0,1517954.0,1518242.0,1518607.0,1518955.0,1519308.0,1519568.0,1519979.0,1520306.0,1520698.0,1520998.0,1521400.0,1521741.0,1522011.0,1522328.0,1522564.0,1522868.0,1523144.0,1523433.0,1523776.0,1524080.0,1524371.0,1524708.0,1524995.0,1525292.0,1525545.0,1525802.0,1526109.0,1526395.0,1526707.0,1526999.0,1527270.0,1527536.0,1527770.0,1528077.0,1528357.0,1528706.0,1529036.0,1529370.0,1529704.0,1530106.0,1530463.0,1530789.0,1531175.0,1531556.0,1531975.0,1532719.0,1533378.0,1533909.0,1534411.0,1534967.0,1535472.0,1536123.0,1536998.0,1537833.0,1539083.0,1540139.0,1541396.0,1542406.0,1543617.0,1546645.0,1549371.0,1551398.0,1553196.0,1554965.0,1556718.0,1558339.0,1561641.0,1564269.0,1566469.0,1568231.0,1569974.0,1571568.0,1573160.0,1575352.0,1577456.0,1579085.0,1580587.0,1582269.0,1583996.0,1586179.0,1590239.0,1593177.0,1595343.0,,1599233.0,1601021.0,1602849.0,1605051.0,1606982.0,1608567.0,1610048.0,1611424.0,1612800.0,1614120.0,1616936.0,1619950.0,1622688.0,1625298.0,1627341.0,1629220.0,1631061.0,1632946.0,1634839.0,1636420.0,1637942.0,1639581.0,1641366.0,1643272.0,1646467.0,1649285.0,1651632.0,1653670.0,1655393.0,1657203.0,1658840.0,1660802.0,1662451.0,1663796.0,1665098.0,1666496.0,1667821.0,1669170.0,1670727.0,1672174.0,1673463.0,1674650.0,1675865.0,1677060.0,1678190.0,1679350.0,1680532.0,1681516.0,1682447.0,1683317.0,1684261.0,1685174.0,1686127.0,1686956.0,1687749.0,1688533.0,1689252.0,1690069.0,1690749.0,1691400.0,1692187.0,1692692.0,1693363.0,1694010.0,1694597.0,1695221.0,1695900.0,1696542.0,1697153.0,1697680.0,1698285.0,1698843.0,1699430.0,1700106.0,1700712.0,1701393.0,1702036.0,1702587.0,1703197.0,1703822.0,1704450.0,1705059.0,1705493.0,1706127.0,1706644.0,1707120.0,1707679.0,1708278.0,1708804.0,1709275.0,1709718.0,1710268.0,1710735.0,1711357.0,1711867.0,1712394.0,1712891.0,1713436.0,1714007.0,1714553.0,1715074.0,1715582.0,1716080.0,1716509.0,1717000.0,1717471.0,1718054.0,1718523.0,1718976.0,1719588.0,1720005.0,1720416.0,1720924.0,1721376
Ow8Tfm0YIjc,6034.0,6035.0,6035.0,6035.0,6036.0,6036.0,6037.0,6038.0,6041.0,6043.0,6043.0,6043.0,6044.0,6048.0,6048.0,6051.0,6052.0,6053.0,6053.0,6054.0,6054.0,6056.0,6059.0,6059.0,6059.0,6059.0,6062.0,6066.0,6070.0,6073.0,6077.0,6079.0,6080.0,6083.0,6087.0,6091.0,6093.0,6099.0,6101.0,6105.0,6109.0,6115.0,6119.0,6122.0,6130.0,6139.0,6145.0,6149.0,6153.0,6162.0,6165.0,6166.0,6172.0,6178.0,6182.0,6188.0,6205.0,6213.0,6218.0,6221.0,6233.0,6240.0,6243.0,6251.0,6257.0,6266.0,6269.0,6275.0,6280.0,6286.0,6292.0,6294.0,6303.0,6312.0,6320.0,6324.0,6330.0,6338.0,6343.0,6351.0,6358.0,6361.0,6369.0,6370.0,6370.0,6377.0,6380.0,6384.0,6387.0,6389.0,6395.0,6401.0,6416.0,6420.0,6428.0,6433.0,6435.0,6437.0,6440.0,6445.0,6453.0,6457.0,6466.0,6469.0,6471.0,6473.0,6476.0,6485.0,6488.0,6497.0,6501.0,6505.0,6508.0,6512.0,6514.0,6520.0,6525.0,6530.0,6533.0,6536.0,6542.0,6550.0,6551.0,6553.0,6555.0,6559.0,6561.0,6567.0,6569.0,6575.0,6577.0,6580.0,6582.0,6583.0,,,,,,,,,6612.0,6614.0,6616.0,6619.0,6624.0,6628.0,6636.0,6644.0,6654.0,6662.0,6664.0,6669.0,6669.0,6672.0,6677.0,6680.0,6681.0,6688.0,6694.0,6699.0,6700.0,6704.0,6706.0,6708.0,6713.0,6713.0,6717.0,6720.0,6722.0,6722.0,6723.0,6727.0,6730.0,6733.0,6740.0,6742.0,6745.0,6748.0,6753.0,6758.0,6761.0,6770.0,6779.0,6781.0,6784.0,6788.0,6791.0,6799.0,6801.0,6807.0,6816.0,6822.0,6825.0,6832.0,6838.0,6842.0,6846.0,6850.0,6854.0,6861.0,6869.0,6873.0,6874.0,6876.0,6878.0,6880.0,6883.0,6889.0,6896.0,6900.0,6904.0,6907.0,6912.0,6917.0,6923.0,6931.0,6937.0,6941.0,6942.0,6943.0,6948.0,6950.0,6955.0,6964.0,6967.0,6971.0,6978.0,6983.0,6985.0,6988.0,6991.0,6996.0,7000.0,7006.0,7009.0,7012.0,7020.0,7027.0,7030.0,7037.0,7042.0,7047.0,7050.0,7054.0,7057.0,7061.0,7067.0,7068.0,7077.0,7079.0,7081.0,7088.0,7091.0,7096.0,7102.0,7106.0,7110.0,7112.0,7117.0,7129.0,7133.0,,7143.0,7149.0,7152.0,7156.0,7160.0,7165.0,7173.0,7177.0,7182.0,7184.0,7191.0,7193.0,7195.0,7202.0,7203.0,7208.0,7215.0,7219.0,7223.0,7228.0,7232.0,7236.0,7237.0,7240.0,7242.0,7247.0,7249.0,7254.0,7260.0,7264.0,7266.0,7268.0,7270.0,7275.0,7278.0,7279.0,7285.0,7293.0,7298.0,7300.0,7302.0,7306.0,7309.0,7317.0,7323.0,7329.0,7332.0,7335.0,7344.0,7347.0,7354.0,7365.0,7369.0,7372.0,7376.0,7377.0,7387.0,7388.0,7389.0,7391.0,7391.0,7397.0,7404.0,7407.0,7410.0,7415.0,7428.0,7436.0,7440.0,7446.0,7453.0,7458.0,7459.0,7467.0,7471.0,7476.0,7480.0,7486.0,7488.0,7498.0,7508.0,7510.0,7513.0,7516.0,7517.0,7521.0,7524.0,7527.0,7529.0,7529.0,7533.0,7533.0,7538.0,7541.0,7547.0,7554.0,7556.0,7559.0,7568.0,7575.0,7576.0,7577.0,7580.0,7582.0,7585.0,7589.0,7595.0,7597.0,7598.0,7599.0,7603.0,7606.0,7607.0,7615
Eh_vMpFVCxg,598.0,598.0,599.0,599.0,600.0,601.0,602.0,602.0,602.0,603.0,603.0,603.0,603.0,603.0,604.0,605.0,605.0,605.0,605.0,605.0,610.0,610.0,610.0,610.0,610.0,610.0,610.0,610.0,610.0,610.0,610.0,610.0,610.0,610.0,610.0,610.0,610.0,610.0,610.0,610.0,610.0,610.0,611.0,611.0,612.0,613.0,613.0,613.0,613.0,613.0,614.0,614.0,615.0,615.0,616.0,617.0,620.0,620.0,620.0,622.0,622.0,622.0,622.0,622.0,622.0,622.0,622.0,622.0,623.0,623.0,623.0,624.0,624.0,625.0,626.0,627.0,627.0,628.0,629.0,629.0,629.0,630.0,630.0,631.0,632.0,632.0,632.0,632.0,632.0,633.0,633.0,633.0,633.0,633.0,633.0,634.0,634.0,634.0,635.0,636.0,636.0,636.0,636.0,636.0,636.0,636.0,639.0,639.0,639.0,639.0,639.0,639.0,639.0,639.0,639.0,639.0,639.0,639.0,639.0,639.0,640.0,640.0,640.0,640.0,641.0,641.0,641.0,641.0,641.0,641.0,641.0,641.0,641.0,641.0,,,,,,,,,641.0,641.0,641.0,642.0,642.0,642.0,643.0,643.0,643.0,643.0,643.0,644.0,644.0,644.0,644.0,644.0,644.0,645.0,646.0,646.0,646.0,646.0,646.0,647.0,647.0,647.0,647.0,648.0,651.0,658.0,659.0,664.0,665.0,665.0,670.0,671.0,675.0,676.0,678.0,686.0,689.0,691.0,692.0,692.0,695.0,695.0,696.0,696.0,696.0,696.0,698.0,698.0,701.0,701.0,701.0,701.0,701.0,701.0,702.0,702.0,702.0,703.0,703.0,703.0,703.0,703.0,703.0,705.0,705.0,707.0,707.0,707.0,707.0,707.0,707.0,707.0,707.0,707.0,707.0,708.0,709.0,709.0,709.0,709.0,709.0,709.0,709.0,709.0,713.0,714.0,714.0,718.0,718.0,718.0,718.0,718.0,719.0,721.0,722.0,722.0,722.0,722.0,722.0,722.0,723.0,723.0,724.0,724.0,724.0,724.0,724.0,725.0,726.0,727.0,727.0,727.0,728.0,728.0,728.0,728.0,728.0,,729.0,729.0,729.0,729.0,730.0,730.0,731.0,731.0,732.0,732.0,733.0,733.0,733.0,733.0,733.0,733.0,733.0,733.0,733.0,733.0,733.0,733.0,733.0,733.0,734.0,734.0,734.0,734.0,734.0,734.0,734.0,737.0,737.0,737.0,738.0,738.0,738.0,738.0,739.0,739.0,739.0,739.0,739.0,739.0,739.0,739.0,739.0,739.0,739.0,739.0,739.0,739.0,739.0,739.0,740.0,740.0,741.0,741.0,741.0,741.0,741.0,741.0,742.0,751.0,751.0,751.0,751.0,751.0,751.0,751.0,751.0,751.0,752.0,752.0,752.0,752.0,752.0,752.0,752.0,752.0,752.0,752.0,752.0,752.0,752.0,752.0,752.0,752.0,752.0,752.0,752.0,752.0,752.0,752.0,752.0,752.0,752.0,753.0,755.0,755.0,755.0,755.0,755.0,755.0,755.0,755.0,756.0,756.0,756.0,756.0,756.0,756.0,760.0,761
HwV6mQjQjSQ,10358081.0,10365912.0,10374020.0,10382705.0,10391154.0,10400447.0,10408500.0,10417501.0,10426272.0,10434757.0,10442572.0,10449634.0,10457628.0,10464766.0,10472899.0,10481874.0,10489934.0,10497768.0,10505495.0,10514015.0,10522561.0,10531623.0,10540534.0,10549261.0,10557180.0,10564713.0,10573184.0,10581283.0,10589458.0,10598096.0,10606223.0,10613347.0,10620116.0,10628757.0,10637496.0,10645928.0,10654094.0,10661208.0,10668130.0,10676522.0,10685677.0,10694616.0,10703368.0,10712815.0,10721678.0,10730020.0,10737361.0,10746885.0,10756192.0,10763748.0,10771016.0,10779275.0,10787159.0,10794788.0,10803307.0,10811533.0,10819702.0,10828226.0,10835898.0,10843869.0,10852257.0,10861224.0,10870285.0,10879700.0,10888573.0,10895167.0,10902159.0,10907998.0,10914071.0,10921760.0,10929168.0,10936056.0,10942613.0,10948852.0,10955248.0,10962625.0,10969949.0,10977522.0,10984392.0,10991492.0,10998568.0,11005433.0,11013166.0,11021477.0,11029694.0,11037922.0,11045875.0,11053388.0,11060835.0,11068839.0,11077683.0,11085957.0,11094465.0,11102413.0,11109551.0,11116760.0,11124922.0,11132762.0,11141977.0,11150953.0,11159511.0,11167453.0,11174955.0,11183258.0,11191757.0,11200284.0,11209859.0,11219041.0,11227252.0,11236360.0,11246581.0,11257172.0,11267164.0,11276921.0,11286626.0,11295942.0,11305074.0,11315383.0,11325609.0,11335712.0,11345499.0,11355151.0,11364055.0,11373942.0,11386134.0,11398246.0,11408856.0,11419374.0,11428595.0,11437002.0,11445002.0,11455207.0,11465278.0,11474610.0,,,,,,,,,11560655.0,11570984.0,11580674.0,11591386.0,11601702.0,11612728.0,11622284.0,11631477.0,11640141.0,11648654.0,11658609.0,11668455.0,11678460.0,11687814.0,11696083.0,11703827.0,11711919.0,11721713.0,11731396.0,11740738.0,11750166.0,11759694.0,11768032.0,11776590.0,11786262.0,11795759.0,11805461.0,11815262.0,11824021.0,11832693.0,11841579.0,11851102.0,11860567.0,11870092.0,11879378.0,11888420.0,11896543.0,11904862.0,11914794.0,11924653.0,11934113.0,11943302.0,11951361.0,11958612.0,11966759.0,11975125.0,11983433.0,11991742.0,12000091.0,12008332.0,12016205.0,12024038.0,12032238.0,12040901.0,12049897.0,12058839.0,12067238.0,12074913.0,12082598.0,12091266.0,12099554.0,12106985.0,12113197.0,12120456.0,12126923.0,12133796.0,12142292.0,12150478.0,12157648.0,12163903.0,12171210.0,12177963.0,12184795.0,12192832.0,12200855.0,12208982.0,12218018.0,12226531.0,12234110.0,12241462.0,12250127.0,12258417.0,12267279.0,12275913.0,12283986.0,12291469.0,12299390.0,12307842.0,12316250.0,12324469.0,12333032.0,12340952.0,12348365.0,12355398.0,12363565.0,12371874.0,12380435.0,12388846.0,12397038.0,12403999.0,12411215.0,12419072.0,12427149.0,12435078.0,12442892.0,12450085.0,12456800.0,12463789.0,12471305.0,12479282.0,12486976.0,12495041.0,12502640.0,12509274.0,12515651.0,12522645.0,12529578.0,12537052.0,12544752.0,12551838.0,12558622.0,,12573707.0,12581397.0,12589095.0,12596106.0,12603692.0,12610779.0,12618144.0,12625757.0,12633497.0,12641528.0,12649619.0,12657186.0,12664285.0,12671700.0,12679708.0,12687744.0,12695404.0,12702781.0,12709733.0,12716060.0,12722167.0,12729002.0,12735774.0,12742780.0,12749555.0,12755749.0,12761564.0,12767793.0,12774409.0,12780920.0,12787394.0,12794137.0,12800385.0,12805750.0,12811526.0,12818110.0,12824533.0,12830819.0,12836958.0,12842292.0,12847365.0,12852737.0,12858862.0,12864991.0,12870973.0,12876767.0,12882517.0,12887986.0,12893142.0,12899002.0,12904846.0,12910903.0,12916889.0,12922871.0,12928313.0,12933858.0,12939880.0,12946227.0,12952539.0,12959056.0,12965319.0,12971273.0,12977134.0,12983496.0,12989799.0,12995822.0,13001806.0,13007675.0,13013425.0,13019052.0,13025235.0,13031052.0,13037053.0,13043124.0,13048733.0,13054301.0,13059860.0,13065882.0,13071785.0,13077746.0,13083783.0,13089474.0,13094717.0,13100239.0,13106388.0,13112541.0,13118965.0,13125267.0,13131072.0,13136382.0,13141941.0,13147815.0,13153883.0,13159882.0,13165936.0,13171758.0,13176823.0,13182330.0,13188575.0,13194897.0,13201214.0,13207741.0,13213816.0,13219568.0,13225343.0,13232016.0,13238924.0,13245739.0,13252508.0,13259109.0,13264794.0,13270203.0,13276194.0,13282398
rB600giyyAM,6067.0,6067.0,6068.0,6068.0,6069.0,6069.0,6070.0,6071.0,6072.0,6073.0,6073.0,6074.0,6074.0,6075.0,6076.0,6076.0,6079.0,6080.0,6081.0,6081.0,6085.0,6085.0,6086.0,6089.0,6090.0,6090.0,6090.0,6091.0,6093.0,6093.0,6094.0,6094.0,6094.0,6095.0,6095.0,6097.0,6097.0,6097.0,6097.0,6099.0,6099.0,6099.0,6099.0,6101.0,6103.0,6103.0,6105.0,6105.0,6106.0,6107.0,6110.0,6112.0,6115.0,6116.0,6116.0,6118.0,6119.0,6120.0,6121.0,6121.0,6123.0,6123.0,6123.0,6123.0,6123.0,6123.0,6125.0,6128.0,6130.0,6131.0,6131.0,6132.0,6132.0,6134.0,6135.0,6136.0,6136.0,6137.0,6137.0,6138.0,6139.0,6139.0,6140.0,6141.0,6141.0,6143.0,6144.0,6144.0,6144.0,6146.0,6148.0,6149.0,6152.0,6152.0,6152.0,6152.0,6152.0,6153.0,6155.0,6158.0,6159.0,6163.0,6164.0,6164.0,6166.0,6168.0,6169.0,6170.0,6171.0,6172.0,6172.0,6173.0,6174.0,6174.0,6177.0,6178.0,6178.0,6181.0,6183.0,6183.0,6183.0,6183.0,6185.0,6186.0,6186.0,6187.0,6187.0,6187.0,6187.0,6187.0,6187.0,6188.0,6193.0,6196.0,,,,,,,,,6200.0,6200.0,6202.0,6204.0,6204.0,6205.0,6211.0,6211.0,6214.0,6215.0,6217.0,6219.0,6222.0,6223.0,6223.0,6223.0,6224.0,6225.0,6225.0,6226.0,6228.0,6229.0,6230.0,6230.0,6231.0,6231.0,6231.0,6233.0,6233.0,6234.0,6234.0,6234.0,6235.0,6236.0,6236.0,6237.0,6237.0,6237.0,6238.0,6238.0,6239.0,6238.0,6239.0,6239.0,6240.0,6240.0,6240.0,6244.0,6246.0,6247.0,6248.0,6248.0,6251.0,6252.0,6252.0,6253.0,6254.0,6255.0,6255.0,6257.0,6257.0,6257.0,6257.0,6257.0,6257.0,6257.0,6258.0,6258.0,6258.0,6258.0,6258.0,6258.0,6258.0,6258.0,6258.0,6259.0,6259.0,6260.0,6263.0,6265.0,6265.0,6267.0,6268.0,6268.0,6270.0,6270.0,6271.0,6271.0,6271.0,6271.0,6271.0,6271.0,6271.0,6271.0,6271.0,6271.0,6271.0,6271.0,6272.0,6273.0,6273.0,6273.0,6273.0,6273.0,6273.0,6275.0,6275.0,6276.0,6276.0,6276.0,6276.0,6276.0,6276.0,6278.0,6278.0,6278.0,6278.0,6281.0,6281.0,6281.0,6281.0,,6281.0,6282.0,6282.0,6282.0,6283.0,6283.0,6285.0,6286.0,6286.0,6286.0,6286.0,6287.0,6288.0,6288.0,6289.0,6289.0,6289.0,6289.0,6289.0,6289.0,6290.0,6290.0,6291.0,6291.0,6291.0,6291.0,6295.0,6297.0,6297.0,6297.0,6298.0,6299.0,6300.0,6300.0,6300.0,6300.0,6300.0,6300.0,6300.0,6300.0,6300.0,6300.0,6300.0,6300.0,6300.0,6300.0,6304.0,6304.0,6304.0,6304.0,6304.0,6304.0,6306.0,6306.0,6307.0,6307.0,6307.0,6307.0,6309.0,6309.0,6309.0,6310.0,6310.0,6311.0,6311.0,6311.0,6311.0,6311.0,6314.0,6315.0,6316.0,6316.0,6316.0,6316.0,6316.0,6316.0,6316.0,6320.0,6321.0,6321.0,6321.0,6320.0,6321.0,6321.0,6321.0,6321.0,6321.0,6321.0,6321.0,6324.0,6324.0,6325.0,6325.0,6325.0,6325.0,6325.0,6325.0,6326.0,6326.0,6325.0,6326.0,6326.0,6326.0,6326.0,6326.0,6327.0,6327.0,6327.0,6327.0,6327.0,6327.0,6327.0,6327.0,6328
eE9xcYq5FZk,,,,,,,,,,,,,,,,,,,,,,,,,,,,,,,,,,,,,,,,,,,,,,,,,,,,,,,,,,,,,,,,,,,,,,,,,,,,,,,,,,,,,,,,,,,,,,,,,,,,,,,,,,,,,,,,,,,,,,,,,,,,,,,,,,,,,,,,,,,,,,,,,,,,,,,,,,,,,,,,,,,,,,,,,,,,,,,,,,,,,,,,,,,,,,,,,,,,,,,,,,,,,,,,,,,,,,,,,,,,,,,,,,,,,,,,,,,,,,,,,,,,,,,,,,,,,,,,,,,,,,,,,,,,,,,,,,,,,,,,,,,,,,,,,,,,,,,,,,,,,,,,,,,,,,,,,,,,,,,,,,,,,,,,,,,,,,,,,,,,,,,,,,,,,,,,,,,,,,,,,,,,,,,,,,,,,,,,,,
sIYuQCn9u1w,15975.0,15976.0,15978.0,15979.0,15980.0,15981.0,15983.0,15987.0,15988.0,15991.0,15994.0,15997.0,15999.0,16000.0,16001.0,16005.0,16008.0,16011.0,16014.0,16016.0,16017.0,16018.0,16021.0,16024.0,16026.0,16028.0,16030.0,16031.0,16034.0,16034.0,16038.0,16041.0,16044.0,16045.0,16048.0,16050.0,16052.0,16056.0,16056.0,16057.0,16059.0,16059.0,16060.0,16062.0,16063.0,16065.0,16067.0,16071.0,16078.0,16079.0,16082.0,16084.0,16089.0,16091.0,16093.0,16095.0,16096.0,16098.0,16099.0,16100.0,16104.0,16107.0,16109.0,16112.0,16114.0,16117.0,16119.0,16122.0,16122.0,16126.0,16127.0,16129.0,16132.0,16134.0,16135.0,16137.0,16138.0,16140.0,16141.0,16144.0,16147.0,16149.0,16151.0,16152.0,16153.0,16155.0,16156.0,16157.0,16160.0,16162.0,16164.0,16167.0,16168.0,16171.0,16175.0,16176.0,16177.0,16178.0,16180.0,16182.0,16185.0,16188.0,16191.0,16192.0,16194.0,16197.0,16199.0,16200.0,16201.0,16203.0,16204.0,16205.0,16207.0,16209.0,16210.0,16213.0,16215.0,16216.0,16217.0,16219.0,16221.0,16223.0,16225.0,16227.0,16231.0,16232.0,16234.0,16237.0,16238.0,16240.0,16243.0,16245.0,16246.0,16248.0,,,,,,,,,16271.0,16272.0,16275.0,16277.0,16279.0,16281.0,16281.0,16283.0,16284.0,16285.0,16286.0,16288.0,16291.0,16292.0,16295.0,16297.0,16300.0,16302.0,16305.0,16307.0,16309.0,16310.0,16312.0,16313.0,16315.0,16317.0,16318.0,16321.0,16322.0,16328.0,16329.0,16331.0,16333.0,16335.0,16336.0,16337.0,16339.0,16341.0,16343.0,16344.0,16347.0,16348.0,16350.0,16351.0,16355.0,16356.0,16358.0,16360.0,16361.0,16363.0,16364.0,16366.0,16368.0,16370.0,16373.0,16374.0,16377.0,16378.0,16380.0,16382.0,16387.0,16389.0,16392.0,16393.0,16394.0,16396.0,16397.0,16398.0,16400.0,16401.0,16403.0,16403.0,16404.0,16405.0,16406.0,16411.0,16414.0,16416.0,16419.0,16422.0,16423.0,16425.0,16426.0,16428.0,16431.0,16433.0,16436.0,16438.0,16440.0,16443.0,16445.0,16448.0,16450.0,16453.0,16456.0,16458.0,16461.0,16464.0,16466.0,16470.0,16471.0,16475.0,16477.0,16479.0,16487.0,16489.0,16493.0,16497.0,16499.0,16501.0,16503.0,16504.0,16506.0,16510.0,16511.0,16514.0,16516.0,16519.0,16520.0,16523.0,16527.0,,16535.0,16537.0,16539.0,16542.0,16544.0,16545.0,16546.0,16548.0,16549.0,16551.0,16552.0,16553.0,16555.0,16558.0,16559.0,16560.0,16561.0,16562.0,16565.0,16568.0,16569.0,16571.0,16572.0,16579.0,16580.0,16585.0,16588.0,16589.0,16593.0,16598.0,16600.0,16600.0,16605.0,16609.0,16615.0,16618.0,16621.0,16623.0,16625.0,16627.0,16629.0,16632.0,16634.0,16636.0,16644.0,16645.0,16648.0,16650.0,16654.0,16657.0,16658.0,16661.0,16671.0,16673.0,16676.0,16678.0,16681.0,16684.0,16686.0,16687.0,16689.0,16691.0,16692.0,16695.0,16697.0,16698.0,16700.0,16703.0,16707.0,16710.0,16712.0,16716.0,16719.0,16721.0,16722.0,16724.0,16726.0,16727.0,16728.0,16729.0,16733.0,16737.0,16743.0,16744.0,16746.0,16747.0,16749.0,16752.0,16754.0,16758.0,16758.0,16759.0,16761.0,16762.0,16765.0,16766.0,16767.0,16770.0,16773.0,16773.0,16775.0,16776.0,16778.0,16781.0,16782.0,16785.0,16787.0,16791.0,16794.0,16794.0,16794.0,16796.0,16797.0,16799
IqD494pCT1U,1101147.0,1102310.0,1103489.0,1104551.0,1106047.0,1107628.0,1109211.0,1110752.0,1112124.0,1113503.0,1114631.0,1116213.0,1118161.0,1119975.0,1121715.0,1123507.0,1125057.0,1126532.0,1128014.0,1129535.0,1131210.0,1132454.0,1133987.0,1135182.0,1136171.0,1137329.0,1138681.0,1139900.0,1141065.0,1142417.0,1143540.0,1144472.0,1145673.0,1146887.0,1148036.0,1149250.0,1150387.0,1151404.0,1152190.0,1153338.0,1154527.0,1155586.0,1156766.0,1157878.0,1159155.0,1160024.0,1161158.0,1162208.0,1163326.0,1164542.0,1165826.0,1166982.0,1167812.0,1169109.0,1170134.0,1171170.0,1172283.0,1173585.0,1174659.0,1175587.0,1176580.0,1177642.0,1178795.0,1179896.0,1181093.0,1182038.0,1182902.0,1183942.0,1184924.0,1186360.0,1187592.0,1188623.0,1189729.0,1190858.0,1192285.0,1193703.0,1195171.0,1196567.0,1198044.0,1199713.0,1201091.0,1202837.0,1204895.0,1207083.0,1209174.0,1211548.0,1213548.0,1215312.0,1217398.0,1219726.0,1222150.0,1224232.0,1226442.0,1228348.0,1229879.0,1231984.0,1233973.0,1235813.0,1237637.0,1239569.0,1240956.0,1242694.0,1244586.0,1246657.0,1248734.0,1250785.0,1252668.0,1254631.0,1256390.0,1258389.0,1260326.0,1262261.0,1263963.0,1265782.0,1267338.0,1268653.0,1270200.0,1271935.0,1273658.0,1275453.0,1276860.0,1278201.0,1279423.0,1280598.0,1281793.0,1283018.0,1284441.0,1285825.0,1287133.0,1288252.0,1289544.0,1290914.0,1292296.0,1293846.0,,,,,,,,,1308856.0,1310326.0,1311985.0,1313480.0,1314921.0,1316521.0,1318072.0,1319390.0,1320825.0,1322380.0,1324125.0,1326040.0,1328178.0,1330157.0,1331856.0,1333321.0,1335241.0,1337168.0,1338988.0,1340807.0,1342495.0,1344154.0,1345618.0,1347354.0,1349622.0,1351811.0,1354065.0,1356598.0,1358828.0,1360882.0,1363113.0,1365356.0,1367757.0,1369987.0,1372438.0,1374775.0,1376747.0,1379129.0,1381375.0,1383770.0,1386034.0,1388674.0,1391125.0,1393378.0,1396318.0,1398977.0,1401534.0,1404414.0,1407342.0,1409630.0,1411733.0,1414358.0,1417049.0,1419936.0,1422825.0,1426448.0,1429208.0,1431356.0,1434091.0,1437181.0,1440658.0,1443250.0,1446425.0,1449432.0,1451965.0,1455221.0,1458789.0,1462740.0,1465489.0,1468883.0,1472236.0,1475361.0,1479339.0,1483015.0,1486477.0,1490121.0,1493844.0,1496361.0,1498616.0,1501272.0,1503828.0,1506459.0,1509659.0,1512354.0,1514921.0,1517171.0,1519712.0,1522229.0,1524567.0,1526911.0,1529546.0,1532528.0,1535235.0,1538922.0,1543022.0,1546802.0,1550861.0,1554971.0,1558475.0,1561358.0,1564611.0,1568308.0,1571680.0,1574974.0,1578454.0,1581903.0,1584664.0,1588368.0,1591634.0,1595855.0,1600199.0,1605412.0,1609214.0,1612305.0,1615813.0,1620005.0,1624482.0,1629862.0,1636472.0,1641473.0,1645794.0,,1656230.0,1661334.0,1666521.0,1672953.0,1678141.0,1681894.0,1685338.0,1689545.0,1693822.0,1698388.0,1703336.0,1708026.0,1712262.0,1716607.0,1720658.0,1724746.0,1728759.0,1733347.0,1737977.0,1741719.0,1746138.0,1750689.0,1755210.0,1760072.0,1765092.0,1769661.0,1773759.0,1778695.0,1784627.0,1790679.0,1796663.0,1802893.0,1808805.0,1813350.0,1819122.0,1824943.0,1830589.0,1836094.0,1842700.0,1848492.0,1853288.0,1858812.0,1864750.0,1870549.0,1875541.0,1880506.0,1884549.0,1888125.0,1891963.0,1895855.0,1899607.0,1903380.0,1907896.0,1911445.0,1914068.0,1917650.0,1921185.0,1924889.0,1928501.0,1932396.0,1935546.0,1938213.0,1941229.0,1944218.0,1947162.0,1949846.0,1951993.0,1954099.0,1955735.0,1957684.0,1959683.0,1961741.0,1963821.0,1966149.0,1968043.0,1969764.0,1971761.0,1973727.0,1975742.0,1977863.0,1979982.0,1981961.0,1983436.0,1985434.0,1987471.0,1989288.0,1991229.0,1993425.0,1995162.0,1996729.0,1998442.0,2000354.0,2002366.0,2004402.0,2006525.0,2008508.0,2010122.0,2012022.0,2014109.0,2015954.0,2018157.0,2020638.0,2022634.0,2024291.0,2026445.0,2028975.0,2031387.0,2033591.0,2035992.0,2038385.0,2040428.0,2042826.0,2045307.0,2048067
p6MvcphE8t8,2607447.0,2607642.0,2607892.0,2608096.0,2608326.0,2608540.0,2608765.0,2608993.0,2609193.0,2609385.0,2609600.0,2609846.0,2610038.0,2610248.0,2610486.0,2610685.0,2610968.0,2611154.0,2611346.0,2611508.0,2611709.0,2611913.0,2612151.0,2612359.0,2612552.0,2612763.0,2612980.0,2613200.0,2613415.0,2613574.0,2613749.0,2613964.0,2614148.0,2614354.0,2614531.0,2614736.0,2614949.0,2615184.0,2615379.0,2615563.0,2615768.0,2615936.0,2616125.0,2616374.0,2616561.0,2616732.0,2616952.0,2617140.0,2617314.0,2617541.0,2617715.0,2617922.0,2618076.0,2618265.0,2618448.0,2618621.0,2618782.0,2618989.0,2619195.0,2619386.0,2619570.0,2619771.0,2619944.0,2620154.0,2620297.0,2620484.0,2620650.0,2620814.0,2620955.0,2621174.0,2621349.0,2621543.0,2621712.0,2621914.0,2622091.0,2622333.0,2622504.0,2622753.0,2622994.0,2623254.0,2623435.0,2623652.0,2623865.0,2624085.0,2624337.0,2624557.0,2624790.0,2625030.0,2625216.0,2625457.0,2625659.0,2625884.0,2626095.0,2626346.0,2626593.0,2626819.0,2627058.0,2627262.0,2627477.0,2627660.0,2627894.0,2628141.0,2628368.0,2628560.0,2628818.0,2629026.0,2629273.0,2629481.0,2629752.0,2629977.0,2630224.0,2630451.0,2630662.0,2630935.0,2631165.0,2631385.0,2631590.0,2631823.0,2632052.0,2632282.0,2632523.0,2632725.0,2632886.0,2633138.0,2633336.0,2633544.0,2633744.0,2633946.0,2634164.0,2634359.0,2634544.0,2634748.0,2634931.0,2635122.0,,,,,,,,,2636957.0,2637165.0,2637329.0,2637510.0,2637725.0,2637929.0,2638137.0,2638306.0,2638490.0,2638687.0,2638887.0,2639067.0,2639209.0,2639386.0,2639583.0,2639776.0,2639980.0,2640150.0,2640337.0,2640540.0,2640691.0,2640871.0,2641034.0,2641161.0,2641331.0,2641504.0,2641684.0,2641850.0,2642035.0,2642219.0,2642396.0,2642607.0,2642827.0,2643035.0,2643217.0,2643379.0,2643595.0,2643780.0,2643949.0,2644139.0,2644292.0,2644479.0,2644643.0,2644781.0,2644955.0,2645141.0,2645301.0,2645484.0,2645647.0,2645801.0,2645960.0,2646118.0,2646259.0,2646473.0,2646635.0,2646803.0,2646940.0,2647110.0,2647255.0,2647422.0,2647595.0,2647751.0,2647937.0,2648117.0,2648257.0,2648418.0,2648595.0,2648777.0,2648911.0,2649039.0,2649232.0,2649418.0,2649582.0,2649708.0,2649857.0,2650052.0,2650209.0,2650361.0,2650498.0,2650653.0,2650789.0,2650955.0,2651123.0,2651322.0,2651490.0,2651670.0,2651860.0,2652044.0,2652227.0,2652399.0,2652572.0,2652714.0,2652902.0,2653052.0,2653208.0,2653415.0,2653597.0,2653797.0,2653960.0,2654196.0,2654363.0,2654554.0,2654695.0,2654877.0,2655083.0,2655254.0,2655397.0,2655594.0,2655782.0,2655947.0,2656148.0,2656352.0,2656555.0,2656743.0,2656909.0,2657072.0,2657251.0,2657442.0,2657626.0,2657831.0,2658027.0,,2658379.0,2658573.0,2658734.0,2658921.0,2659095.0,2659255.0,2659428.0,2659581.0,2659776.0,2659939.0,2660134.0,2660299.0,2660439.0,2660626.0,2660771.0,2660950.0,2661141.0,2661340.0,2661509.0,2661693.0,2661869.0,2662053.0,2662224.0,2662364.0,2662546.0,2662688.0,2662868.0,2663043.0,2663202.0,2663409.0,2663547.0,2663761.0,2663939.0,2664066.0,2664221.0,2664389.0,2664539.0,2664717.0,2664929.0,2665147.0,2665299.0,2665448.0,2665624.0,2665831.0,2665973.0,2666130.0,2666276.0,2666425.0,2666633.0,2666844.0,2667054.0,2667265.0,2667478.0,2667674.0,2667829.0,2668003.0,2668162.0,2668329.0,2668506.0,2668698.0,2668926.0,2669098.0,2669308.0,2669504.0,2669680.0,2669877.0,2670100.0,2670282.0,2670454.0,2670655.0,2670827.0,2670987.0,2671189.0,2671341.0,2671524.0,2671695.0,2671875.0,2672076.0,2672249.0,2672435.0,2672642.0,2672872.0,2673037.0,2673209.0,2673423.0,2673584.0,2673781.0,2673957.0,2674146.0,2674344.0,2674503.0,2674663.0,2674849.0,2675046.0,2675212.0,2675389.0,2675537.0,2675689.0,2675850.0,2676005.0,2676178.0,2676348.0,2676480.0,2676597.0,2676776.0,2676933.0,2677122.0,2677299.0,2677464.0,2677622.0,2677794.0,2677935.0,2678105.0,2678264
nu0ThwcCihA,287786.0,287869.0,287937.0,288005.0,288097.0,288203.0,288313.0,288415.0,288513.0,288644.0,288723.0,288817.0,288938.0,289044.0,289167.0,289276.0,289348.0,289439.0,289545.0,289638.0,289737.0,289820.0,289906.0,289963.0,290047.0,290137.0,290228.0,290311.0,290413.0,290525.0,290609.0,290697.0,290795.0,290887.0,290974.0,291096.0,291186.0,291272.0,291368.0,291464.0,291559.0,291622.0,291705.0,291790.0,291866.0,291936.0,292019.0,292115.0,292194.0,292299.0,292359.0,292446.0,292515.0,292591.0,292671.0,292730.0,292792.0,292852.0,292913.0,292982.0,293051.0,293118.0,293190.0,293250.0,293328.0,293405.0,293456.0,293522.0,293585.0,293658.0,293730.0,293782.0,293841.0,293898.0,293971.0,294022.0,294083.0,294163.0,294217.0,294274.0,294316.0,294371.0,294434.0,294550.0,294644.0,294711.0,294783.0,294838.0,294908.0,294970.0,295055.0,295133.0,295199.0,295254.0,295310.0,295367.0,295436.0,295479.0,295543.0,295604.0,295651.0,295700.0,295746.0,295821.0,295869.0,295915.0,295971.0,296034.0,296102.0,296156.0,296228.0,296300.0,296362.0,296448.0,296515.0,296604.0,296642.0,296699.0,296764.0,296811.0,296887.0,296955.0,296990.0,297028.0,297078.0,297131.0,297193.0,297253.0,297303.0,297368.0,297428.0,297476.0,297556.0,297606.0,,,,,,,,,298083.0,298141.0,298201.0,298256.0,298332.0,298378.0,298420.0,298461.0,298502.0,298553.0,298614.0,298679.0,298741.0,298823.0,298882.0,298928.0,298979.0,299026.0,299086.0,299151.0,299205.0,299263.0,299315.0,299372.0,299404.0,299466.0,299518.0,299562.0,299615.0,299661.0,299700.0,299768.0,299816.0,299876.0,299925.0,299992.0,300070.0,300112.0,300179.0,300234.0,300292.0,300337.0,300398.0,300444.0,300514.0,300582.0,300649.0,300734.0,300797.0,300847.0,300903.0,300936.0,300993.0,301073.0,301116.0,301176.0,301230.0,301278.0,301320.0,301360.0,301415.0,301459.0,301532.0,301586.0,301636.0,301683.0,301731.0,301804.0,301845.0,301897.0,301937.0,301981.0,302049.0,302108.0,302167.0,302214.0,302280.0,302336.0,302382.0,302433.0,302477.0,302523.0,302585.0,302650.0,302709.0,302766.0,302818.0,302884.0,302935.0,303011.0,303083.0,303152.0,303180.0,303210.0,303270.0,303325.0,303383.0,303448.0,303494.0,303555.0,303607.0,303658.0,303729.0,303773.0,303833.0,303891.0,303940.0,303978.0,304020.0,304080.0,304134.0,304198.0,304247.0,304292.0,304346.0,304389.0,304440.0,304495.0,304549.0,304624.0,304674.0,,304795.0,304846.0,304910.0,304964.0,305033.0,305084.0,305136.0,305197.0,305271.0,305315.0,305396.0,305469.0,305534.0,305589.0,305654.0,305711.0,305774.0,305823.0,305878.0,305926.0,305986.0,306039.0,306085.0,306142.0,306190.0,306245.0,306295.0,306345.0,306405.0,306466.0,306518.0,306601.0,306662.0,306704.0,306760.0,306814.0,306880.0,306955.0,307002.0,307058.0,307105.0,307171.0,307244.0,307299.0,307346.0,307393.0,307456.0,307499.0,307564.0,307626.0,307687.0,307740.0,307800.0,307857.0,307912.0,307975.0,308027.0,308078.0,308123.0,308180.0,308228.0,308290.0,308361.0,308408.0,308472.0,308522.0,308574.0,308625.0,308666.0,308739.0,308805.0,308880.0,308958.0,309027.0,309106.0,309185.0,309257.0,309352.0,309437.0,309524.0,309603.0,309656.0,309712.0,309834.0,309946.0,310039.0,310119.0,310194.0,310254.0,310312.0,310369.0,310422.0,310493.0,310556.0,310606.0,310676.0,310736.0,310793.0,310841.0,310891.0,310945.0,311004.0,311070.0,311120.0,311170.0,311232.0,311287.0,311348.0,311414.0,311466.0,311502.0,311549.0,311620.0,311679
FxyC6ev6-4U,1087714.0,1088127.0,1088647.0,1089132.0,1089639.0,1090127.0,1090564.0,1091038.0,1091490.0,1091933.0,1092383.0,1092852.0,1093302.0,1093719.0,1094241.0,1094738.0,1095200.0,1095591.0,1096108.0,1096633.0,1097069.0,1097563.0,1098082.0,1098570.0,1099028.0,1099473.0,1099943.0,1100426.0,1101038.0,1101530.0,1101952.0,1102358.0,1102795.0,1103308.0,1103840.0,1104346.0,1104845.0,1105277.0,1105711.0,1106178.0,1106652.0,1107160.0,1107657.0,1108094.0,1108590.0,1109070.0,1109596.0,1110116.0,1110659.0,1111212.0,1111681.0,1112284.0,1112824.0,1113280.0,1113846.0,1114324.0,1114825.0,1115330.0,1115882.0,1116475.0,1117029.0,1117497.0,1118005.0,1118522.0,1119085.0,1119524.0,1120053.0,1120581.0,1120978.0,1121543.0,1122015.0,1122507.0,1122912.0,1123342.0,1123832.0,1124328.0,1124782.0,1125233.0,1125735.0,1126185.0,1126548.0,1127045.0,1127454.0,1128010.0,1128454.0,1128918.0,1129210.0,1129682.0,1130048.0,1130385.0,1130842.0,1131372.0,1131839.0,1132223.0,1132676.0,1133159.0,1133619.0,1134105.0,1134635.0,1135034.0,1135529.0,1136015.0,1136532.0,1136926.0,1137396.0,1137903.0,1138358.0,1138789.0,1139198.0,1139688.0,1140166.0,1140584.0,1141017.0,1141494.0,1141915.0,1142412.0,1142808.0,1143306.0,1143721.0,1144219.0,1144630.0,1145066.0,1145527.0,1145932.0,1146348.0,1146878.0,1147335.0,1147847.0,1148319.0,1148752.0,1149201.0,1149562.0,1149939.0,1150349.0,,,,,,,,,1154503.0,1155003.0,1155530.0,1155994.0,1156404.0,1156852.0,1157284.0,1157627.0,1158156.0,1158584.0,1159056.0,1159489.0,1159893.0,1160312.0,1160863.0,1161324.0,1161767.0,1162176.0,1162587.0,1163024.0,1163396.0,1163793.0,1164222.0,1164603.0,1165084.0,1165490.0,1165946.0,1166452.0,1166897.0,1167361.0,1167802.0,1168240.0,1168681.0,1169201.0,1169664.0,1170143.0,1170608.0,1171069.0,1171547.0,1171996.0,1172430.0,1172907.0,1173365.0,1173806.0,1174282.0,1174770.0,1175228.0,1175804.0,1176211.0,1176658.0,1177097.0,1177524.0,1177865.0,1178255.0,1178685.0,1179100.0,1179522.0,1179950.0,1180339.0,1180773.0,1181172.0,1181551.0,1182038.0,1182387.0,1182829.0,1183177.0,1183641.0,1184015.0,1184470.0,1184887.0,1185330.0,1185772.0,1186177.0,1186621.0,1187048.0,1187407.0,1187831.0,1188184.0,1188635.0,1189047.0,1189472.0,1189848.0,1190225.0,1190643.0,1190956.0,1191376.0,1191805.0,1192162.0,1192607.0,1193011.0,1193337.0,1193693.0,1194136.0,1194525.0,1194882.0,1195292.0,1195640.0,1196065.0,1196515.0,1196875.0,1197268.0,1197651.0,1198072.0,1198469.0,1198884.0,1199285.0,1199648.0,1200136.0,1200547.0,1200912.0,1201333.0,1201733.0,1202082.0,1202530.0,1202941.0,1203385.0,1203784.0,1204117.0,1204577.0,1204929.0,1205318.0,,1206038.0,1206381.0,1206769.0,1207125.0,1207504.0,1207798.0,1208146.0,1208440.0,1208735.0,1209099.0,1209418.0,1209797.0,1210132.0,1210469.0,1210777.0,1211059.0,1211390.0,1211784.0,1212145.0,1212594.0,1213001.0,1213322.0,1213711.0,1214049.0,1214478.0,1214864.0,1215187.0,1215520.0,1215910.0,1216255.0,1216697.0,1217107.0,1217465.0,1217827.0,1218245.0,1218608.0,1218957.0,1219391.0,1219820.0,1220242.0,1220574.0,1220941.0,1221329.0,1221680.0,1222081.0,1222447.0,1222804.0,1223111.0,1223545.0,1223881.0,1224314.0,1224688.0,1225127.0,1225521.0,1225880.0,1226232.0,1226660.0,1227030.0,1227438.0,1227848.0,1228276.0,1228632.0,1229148.0,1229498.0,1229953.0,1230328.0,1230784.0,1231146.0,1231560.0,1231917.0,1232288.0,1232641.0,1233010.0,1233379.0,1233744.0,1234142.0,1234507.0,1234878.0,1235294.0,1235657.0,1236047.0,1236371.0,1236660.0,1236990.0,1237276.0,1237635.0,1237952.0,1238311.0,1238700.0,1239011.0,1239360.0,1239711.0,1240057.0,1240407.0,1240764.0,1241055.0,1241413.0,1241790.0,1242107.0,1242545.0,1242899.0,1243217.0,1243506.0,1243848.0,1244141.0,1244481.0,1244752.0,1245086.0,1245392.0,1245766.0,1246053.0,1246344.0,1246641.0,1246947
pp9MGLOJTg0,898324.0,898622.0,898964.0,899219.0,899570.0,899923.0,900247.0,900574.0,900877.0,901184.0,901563.0,901913.0,902234.0,902561.0,902895.0,903258.0,903588.0,903870.0,904137.0,904442.0,904713.0,905032.0,905370.0,905702.0,906047.0,906387.0,906772.0,907095.0,907483.0,907840.0,908153.0,908494.0,908788.0,909085.0,909449.0,909736.0,910038.0,910302.0,910567.0,910860.0,911156.0,911432.0,911703.0,911968.0,912283.0,912579.0,912845.0,913204.0,913489.0,913807.0,914108.0,914388.0,914699.0,915021.0,915306.0,915601.0,915835.0,916092.0,916450.0,916773.0,917099.0,917340.0,917677.0,917909.0,918154.0,918433.0,918720.0,919018.0,919296.0,919601.0,919834.0,920117.0,920417.0,920630.0,920911.0,921189.0,921455.0,921704.0,922063.0,922338.0,922656.0,922920.0,923165.0,923481.0,923715.0,923981.0,924274.0,924485.0,924711.0,925002.0,925261.0,925556.0,925829.0,926060.0,926359.0,926627.0,926874.0,927101.0,927388.0,927636.0,927881.0,928159.0,928390.0,928605.0,928842.0,929079.0,929315.0,929552.0,929759.0,929993.0,930244.0,930513.0,930789.0,931060.0,931326.0,931619.0,931886.0,932156.0,932437.0,932703.0,932960.0,933225.0,933475.0,933738.0,933997.0,934310.0,934600.0,934831.0,935160.0,935444.0,935690.0,935922.0,936143.0,936380.0,,,,,,,,,938554.0,938811.0,939030.0,939316.0,939572.0,939862.0,940152.0,940400.0,940657.0,940901.0,941108.0,941397.0,941687.0,942010.0,942267.0,942499.0,942710.0,943029.0,943283.0,943541.0,943764.0,944032.0,944252.0,944486.0,944743.0,945028.0,945326.0,945638.0,945920.0,946231.0,946485.0,946709.0,946920.0,947204.0,947451.0,947753.0,947995.0,948262.0,948538.0,948835.0,949132.0,949440.0,949649.0,949924.0,950138.0,950385.0,950684.0,950952.0,951185.0,951443.0,951717.0,951937.0,952167.0,952422.0,952639.0,952934.0,953212.0,953501.0,953732.0,953998.0,954254.0,954486.0,954739.0,954994.0,955189.0,955481.0,955679.0,955887.0,956114.0,956323.0,956531.0,956760.0,956995.0,957234.0,957435.0,957686.0,957892.0,958112.0,958359.0,958560.0,958813.0,959009.0,959306.0,959575.0,959824.0,960051.0,960329.0,960590.0,960801.0,961055.0,961236.0,961461.0,961698.0,961953.0,962228.0,962449.0,962631.0,962841.0,963019.0,963198.0,963396.0,963595.0,963755.0,963947.0,964151.0,964359.0,964567.0,964730.0,964931.0,965113.0,965297.0,965482.0,965658.0,965829.0,966005.0,966177.0,966357.0,966520.0,966694.0,966929.0,967094.0,,967466.0,967672.0,967850.0,968050.0,968242.0,968408.0,968580.0,968791.0,968994.0,969198.0,969363.0,969581.0,969733.0,969930.0,970096.0,970281.0,970426.0,970632.0,970846.0,971067.0,971271.0,971487.0,971670.0,971861.0,972029.0,972223.0,972378.0,972557.0,972723.0,972897.0,973077.0,973270.0,973469.0,973619.0,973795.0,973983.0,974131.0,974363.0,974563.0,974743.0,974910.0,975088.0,975269.0,975418.0,975640.0,975826.0,975983.0,976153.0,976306.0,976461.0,976638.0,976848.0,977063.0,977240.0,977402.0,977599.0,977757.0,977969.0,978153.0,978296.0,978473.0,978637.0,978806.0,978987.0,979166.0,979302.0,979469.0,979591.0,979697.0,979818.0,979975.0,980104.0,980242.0,980399.0,980556.0,980698.0,980854.0,980992.0,981116.0,981279.0,981446.0,981623.0,981743.0,981870.0,982061.0,982258.0,982473.0,982639.0,982831.0,982999.0,983141.0,983318.0,983473.0,983613.0,983800.0,983949.0,984084.0,984241.0,984406.0,984558.0,984681.0,984847.0,985000.0,985140.0,985292.0,985456.0,985622.0,985759.0,985890.0,986031.0,986202.0,986364.0,986478.0,986634
Qn-VRjidiMs,8173294.0,8178310.0,8184465.0,8190997.0,8197045.0,8203120.0,8208561.0,8213325.0,8218630.0,8225382.0,8232608.0,8237888.0,8243035.0,8248244.0,8253690.0,8259666.0,8265772.0,8271447.0,8276805.0,8282142.0,8287655.0,8293591.0,8299417.0,8305230.0,8311043.0,8316543.0,8322597.0,8328599.0,8334693.0,8340572.0,8346890.0,8353302.0,8358856.0,8364360.0,8369846.0,8375504.0,8381585.0,8387657.0,8393596.0,8399042.0,8404687.0,8410094.0,8415249.0,8420823.0,8427121.0,8433460.0,8439030.0,8444819.0,8450208.0,8456085.0,8461911.0,8467420.0,8472440.0,8477762.0,8482754.0,8488009.0,8493626.0,8499359.0,8505347.0,8511097.0,8516318.0,8521471.0,8526457.0,8531663.0,8536474.0,8541411.0,8546204.0,8552436.0,8557948.0,8565170.0,8570133.0,8574425.0,8579556.0,8584318.0,8589263.0,8593967.0,8598469.0,8603331.0,8608234.0,8612967.0,8618018.0,8623413.0,8628976.0,8634741.0,8640202.0,8645617.0,8650832.0,8656345.0,8661276.0,8666156.0,8671062.0,8675563.0,8679930.0,8685008.0,8690143.0,8694772.0,8699350.0,8704332.0,8709135.0,8713675.0,8718442.0,8723402.0,8728561.0,8733349.0,8738365.0,8743113.0,8747704.0,8752934.0,8758127.0,8762330.0,8766904.0,8771103.0,8775302.0,8779531.0,8784410.0,8789100.0,8793641.0,8798235.0,8802846.0,8807384.0,8812092.0,8817135.0,8822061.0,8826729.0,8831645.0,8836337.0,8840949.0,8845870.0,8850928.0,8855516.0,8860187.0,8864944.0,8869585.0,8874003.0,,,,,,,,,8914938.0,8920012.0,8924349.0,8928401.0,8932443.0,8936105.0,8939495.0,8943390.0,8947879.0,8951860.0,8955514.0,8959118.0,8962958.0,8966758.0,8970812.0,8974907.0,8978905.0,8982981.0,8987140.0,8991647.0,8995816.0,9000507.0,9005620.0,9010229.0,9015193.0,9019895.0,9024832.0,9029609.0,9034777.0,9039933.0,9045211.0,9050047.0,9054710.0,9059081.0,9063503.0,9068234.0,9072815.0,9077204.0,9081901.0,9086419.0,9090959.0,9095506.0,9100286.0,9105179.0,9109603.0,9113994.0,9118323.0,9122657.0,9126972.0,9131747.0,9136710.0,9141215.0,9145841.0,9150438.0,9154966.0,9159542.0,9164103.0,9168949.0,9173233.0,9177790.0,9183105.0,9189633.0,9195714.0,9201624.0,9206919.0,9212442.0,9218537.0,9224217.0,9229154.0,9234417.0,9240131.0,9245571.0,9250395.0,9255128.0,9259633.0,9264034.0,9268451.0,9273466.0,9278523.0,9283524.0,9287889.0,9292142.0,9296983.0,9301708.0,9306590.0,9311484.0,9315938.0,9320492.0,9325032.0,9329482.0,9333885.0,9338637.0,9343408.0,9348167.0,9352817.0,9357758.0,9362667.0,9367379.0,9372203.0,9376864.0,9381422.0,9386215.0,9390676.0,9395622.0,9400477.0,9405087.0,9410480.0,9415441.0,9420293.0,9425320.0,9429785.0,9434524.0,9439796.0,9444995.0,9449632.0,9454555.0,9458712.0,9463374.0,9468189.0,9473640.0,9478910.0,,9489073.0,9493877.0,9498834.0,9503973.0,9509225.0,9514163.0,9518577.0,9522909.0,9527382.0,9531767.0,9536412.0,9541446.0,9545952.0,9550368.0,9554444.0,9558489.0,9562741.0,9567330.0,9572182.0,9577248.0,9581949.0,9586702.0,9591379.0,9595925.0,9600630.0,9605290.0,9610108.0,9614598.0,9619609.0,9624509.0,9629909.0,9634785.0,9639482.0,9643985.0,9648981.0,9653917.0,9658500.0,9663229.0,9667667.0,9672584.0,9677337.0,9681892.0,9686210.0,9690213.0,9694180.0,9698049.0,9702223.0,9706419.0,9710360.0,9714363.0,9718353.0,9722562.0,9726764.0,9731053.0,9735319.0,9738984.0,9742390.0,9746780.0,9750603.0,9754523.0,9758789.0,9762942.0,9766925.0,9770852.0,9775192.0,9779023.0,9782920.0,9787037.0,9791438.0,9795906.0,9799775.0,9803797.0,9807584.0,9811468.0,9815637.0,9820003.0,9824082.0,9828149.0,9832152.0,9836121.0,9840406.0,9844919.0,9849337.0,9853623.0,9857558.0,9861613.0,9865717.0,9869764.0,9874078.0,9878437.0,9882767.0,9886804.0,9891021.0,9895105.0,9898902.0,9903258.0,9907467.0,9911475.0,9915545.0,9919921.0,9923932.0,9927925.0,9932077.0,9936180.0,9940296.0,9944224.0,9948105.0,9952025.0,9955919.0,9959950.0,9964027.0,9967753.0,9971611.0,9975360
wx9y1aHgThc,2345158.0,2349091.0,2354201.0,2359046.0,2365214.0,2371332.0,2377109.0,2382394.0,2389509.0,2396234.0,2402729.0,2409215.0,2415500.0,2421557.0,2427548.0,2433898.0,2439104.0,2443871.0,2449502.0,2455326.0,2460859.0,2466320.0,2471861.0,2476490.0,2480736.0,2486220.0,2491593.0,2496800.0,2501777.0,2506733.0,2511100.0,2515221.0,2520263.0,2525354.0,2529837.0,2534579.0,2539069.0,2541866.0,2544337.0,2548810.0,2552598.0,2555643.0,2558699.0,2561801.0,2564441.0,2567120.0,2570572.0,2574406.0,2577742.0,2581580.0,2584669.0,2587020.0,2589508.0,2592094.0,2594909.0,2597375.0,2599790.0,2602351.0,2605024.0,2607638.0,2610747.0,2613766.0,2617178.0,2619798.0,2622617.0,2625338.0,2627859.0,2631114.0,2634330.0,2638883.0,2642458.0,2645930.0,2649337.0,2652761.0,2656990.0,2660808.0,2664660.0,2669527.0,2674300.0,2678204.0,2681536.0,2685152.0,2688787.0,2692562.0,2697303.0,2701613.0,2705859.0,2709349.0,2713308.0,2717062.0,2720440.0,2724259.0,2728271.0,2732295.0,2735698.0,2739305.0,2742673.0,2745712.0,2749684.0,2754390.0,2758826.0,2762038.0,2766234.0,2769961.0,2773141.0,2776799.0,2779951.0,2783042.0,2786500.0,2791131.0,2795977.0,2800499.0,2805064.0,2809362.0,2812361.0,2815149.0,2818833.0,2822131.0,2825395.0,2828351.0,2830988.0,2834095.0,2837114.0,2839999.0,2843125.0,2845667.0,2848308.0,2850902.0,2853859.0,2856191.0,2858950.0,2861892.0,2864880.0,2867787.0,,,,,,,,,2904250.0,2908026.0,2912401.0,2917135.0,2922108.0,2928249.0,2934051.0,2938684.0,2943152.0,2948169.0,2953240.0,2957859.0,2963278.0,2967951.0,2971800.0,2975571.0,2980520.0,2985814.0,2990872.0,2996220.0,3001946.0,3006930.0,3011936.0,3017967.0,3023743.0,3028719.0,3034388.0,3040029.0,3044449.0,3048844.0,3054297.0,3059420.0,3064735.0,3070180.0,3074940.0,3079040.0,3082906.0,3087676.0,3092719.0,3096735.0,3101207.0,3105759.0,3109746.0,3113564.0,3118125.0,3122222.0,3126828.0,3131206.0,3135263.0,3138751.0,3142305.0,3146103.0,3150049.0,3153610.0,3157834.0,3161711.0,3165237.0,3168654.0,3172609.0,3176637.0,3180754.0,3183972.0,3187646.0,3190992.0,3193937.0,3197738.0,3201527.0,3205075.0,3207906.0,3211314.0,3214951.0,3217853.0,3221643.0,3225477.0,3229305.0,3233104.0,3237202.0,3240606.0,3243561.0,3247043.0,3250830.0,3254253.0,3258287.0,3262864.0,3266206.0,3269866.0,3274271.0,3278503.0,3282410.0,3286649.0,3290429.0,3293553.0,3296870.0,3300939.0,3304852.0,3308736.0,3312708.0,3316839.0,3320276.0,3323663.0,3327713.0,3331584.0,3335011.0,3338679.0,3342566.0,3346078.0,3349698.0,3354537.0,3358832.0,3363009.0,3367180.0,3371260.0,3375604.0,3379571.0,3383557.0,3387766.0,3391267.0,3395846.0,3400650.0,3405288.0,3409357.0,,3419733.0,3424147.0,3428371.0,3433323.0,3437664.0,3441561.0,3445586.0,3450139.0,3454270.0,3458551.0,3462840.0,3466894.0,3470748.0,3475173.0,3479648.0,3484544.0,3489704.0,3495140.0,3499607.0,3503910.0,3509059.0,3514373.0,3519479.0,3524406.0,3529506.0,3533258.0,3536974.0,3542261.0,3546648.0,3550833.0,3554632.0,3558660.0,3562221.0,3565550.0,3570019.0,3574429.0,3578965.0,3583756.0,3588127.0,3592466.0,3596300.0,3601228.0,3606110.0,3610810.0,3615067.0,3619399.0,3623445.0,3627003.0,3631253.0,3635691.0,3640142.0,3644903.0,3649897.0,3654506.0,3658809.0,3663424.0,3668440.0,3673424.0,3677865.0,3682243.0,3686037.0,3689719.0,3694266.0,3698930.0,3703669.0,3707733.0,3711180.0,3714871.0,3718361.0,3722728.0,3726668.0,3730776.0,3735457.0,3739682.0,3743205.0,3746665.0,3750818.0,3755068.0,3759466.0,3764246.0,3768839.0,3773132.0,3776795.0,3781373.0,3785540.0,3789405.0,3793008.0,3796712.0,3800134.0,3803428.0,3806968.0,3810789.0,3814389.0,3818008.0,3821672.0,3825097.0,3828010.0,3831859.0,3835641.0,3838712.0,3842393.0,3846279.0,3849721.0,3853053.0,3856550.0,3859990.0,3863505.0,3867281.0,3870903.0,3874126.0,3877380.0,3881139.0,3884650.0,3887862
T7sdugZoHp0,2965342.0,2965385.0,2965425.0,2965476.0,2965520.0,2965560.0,2965602.0,2965648.0,2965729.0,2965786.0,2965823.0,2965889.0,2965953.0,2966014.0,2966063.0,2966130.0,2966179.0,2966235.0,2966291.0,2966349.0,2966409.0,2966471.0,2966521.0,2966565.0,2966645.0,2966690.0,2966751.0,2966804.0,2966852.0,2966900.0,2966956.0,2967009.0,2967051.0,2967117.0,2967173.0,2967230.0,2967280.0,2967341.0,2967392.0,2967484.0,2967531.0,2967567.0,2967609.0,2967662.0,2967727.0,2967798.0,2967853.0,2967917.0,2967974.0,2968034.0,2968086.0,2968147.0,2968204.0,2968241.0,2968298.0,2968342.0,2968400.0,2968450.0,2968508.0,2968558.0,2968608.0,2968667.0,2968726.0,2968760.0,2968799.0,2968843.0,2968891.0,2968935.0,2968980.0,2969042.0,2969086.0,2969114.0,2969172.0,2969233.0,2969273.0,2969337.0,2969394.0,2969450.0,2969523.0,2969583.0,2969642.0,2969714.0,2969778.0,2969837.0,2969894.0,2969944.0,2969996.0,2970052.0,2970101.0,2970158.0,2970194.0,2970240.0,2970278.0,2970331.0,2970372.0,2970427.0,2970472.0,2970522.0,2970564.0,2970606.0,2970639.0,2970689.0,2970734.0,2970767.0,2970819.0,2970859.0,2970897.0,2970945.0,2970983.0,2971021.0,2971066.0,2971103.0,2971144.0,2971198.0,2971245.0,2971298.0,2971337.0,2971374.0,2971418.0,2971456.0,2971486.0,2971527.0,2971566.0,2971594.0,2971631.0,2971663.0,2971706.0,2971754.0,2971791.0,2971838.0,2971872.0,2971904.0,2971951.0,2971974.0,,,,,,,,,2972309.0,2972351.0,2972389.0,2972424.0,2972460.0,2972510.0,2972567.0,2972604.0,2972662.0,2972718.0,2972770.0,2972809.0,2972861.0,2972928.0,2973005.0,2973077.0,2973150.0,2973255.0,2973343.0,2973401.0,2973452.0,2973495.0,2973555.0,2973592.0,2973638.0,2973686.0,2973729.0,2973779.0,2973813.0,2973864.0,2973913.0,2973956.0,2973996.0,2974039.0,2974091.0,2974129.0,2974163.0,2974197.0,2974245.0,2974292.0,2974329.0,2974359.0,2974390.0,2974423.0,2974454.0,2974489.0,2974527.0,2974566.0,2974592.0,2974626.0,2974680.0,2974730.0,2974772.0,2974818.0,2974848.0,2974874.0,2974917.0,2974960.0,2974999.0,2975043.0,2975082.0,2975115.0,2975160.0,2975202.0,2975244.0,2975310.0,2975338.0,2975374.0,2975420.0,2975467.0,2975507.0,2975541.0,2975596.0,2975647.0,2975696.0,2975741.0,2975797.0,2975839.0,2975883.0,2975931.0,2975975.0,2976040.0,2976086.0,2976142.0,2976174.0,2976220.0,2976248.0,2976287.0,2976321.0,2976362.0,2976411.0,2976449.0,2976492.0,2976538.0,2976562.0,2976599.0,2976637.0,2976660.0,2976696.0,2976718.0,2976754.0,2976787.0,2976828.0,2976851.0,2976883.0,2976919.0,2976950.0,2976971.0,2976996.0,2977027.0,2977056.0,2977091.0,2977111.0,2977143.0,2977168.0,2977208.0,2977246.0,2977274.0,2977306.0,2977331.0,2977367.0,,2977429.0,2977468.0,2977513.0,2977553.0,2977576.0,2977615.0,2977651.0,2977675.0,2977697.0,2977736.0,2977767.0,2977804.0,2977835.0,2977859.0,2977896.0,2977932.0,2977963.0,2978000.0,2978036.0,2978083.0,2978130.0,2978169.0,2978208.0,2978251.0,2978274.0,2978300.0,2978343.0,2978362.0,2978393.0,2978422.0,2978449.0,2978489.0,2978515.0,2978535.0,2978563.0,2978598.0,2978632.0,2978675.0,2978704.0,2978722.0,2978747.0,2978773.0,2978822.0,2978856.0,2978887.0,2978913.0,2978958.0,2978995.0,2979021.0,2979060.0,2979111.0,2979145.0,2979183.0,2979215.0,2979248.0,2979286.0,2979317.0,2979348.0,2979370.0,2979382.0,2979408.0,2979437.0,2979465.0,2979497.0,2979522.0,2979537.0,2979566.0,2979592.0,2979614.0,2979637.0,2979666.0,2979688.0,2979712.0,2979739.0,2979757.0,2979787.0,2979812.0,2979831.0,2979861.0,2979888.0,2979916.0,2979937.0,2979962.0,2980006.0,2980038.0,2980060.0,2980086.0,2980113.0,2980139.0,2980166.0,2980190.0,2980213.0,2980234.0,2980262.0,2980280.0,2980307.0,2980332.0,2980359.0,2980376.0,2980408.0,2980439.0,2980472.0,2980505.0,2980529.0,2980544.0,2980563.0,2980584.0,2980613.0,2980651.0,2980690.0,2980723.0,2980739.0,2980766.0,2980783
4nRKxQeNm0s,2422.0,2425.0,2429.0,2434.0,2438.0,2442.0,2446.0,2447.0,2449.0,2452.0,2453.0,2456.0,2457.0,2458.0,2459.0,2459.0,2462.0,2464.0,2467.0,2470.0,2474.0,2480.0,2482.0,2487.0,2488.0,2489.0,2494.0,2496.0,2501.0,2510.0,2512.0,2515.0,2518.0,2519.0,2522.0,2524.0,2525.0,2526.0,2528.0,2531.0,2533.0,2537.0,2540.0,2540.0,2541.0,2541.0,2541.0,2542.0,2544.0,2544.0,2548.0,2550.0,2553.0,2559.0,2561.0,2563.0,2566.0,2571.0,2574.0,2575.0,2580.0,2583.0,2592.0,2596.0,2596.0,2596.0,2596.0,2596.0,2596.0,2597.0,2598.0,2598.0,2599.0,2599.0,2599.0,2600.0,2601.0,2603.0,2605.0,2608.0,2609.0,2611.0,2612.0,2614.0,2615.0,2618.0,2621.0,2622.0,2622.0,2626.0,2629.0,2632.0,2632.0,2634.0,2635.0,2636.0,2640.0,2640.0,2642.0,2642.0,2644.0,2647.0,2653.0,2661.0,2664.0,2670.0,2674.0,2678.0,2688.0,2690.0,2699.0,2709.0,2723.0,2733.0,2734.0,2739.0,2746.0,2750.0,2750.0,2762.0,2765.0,2766.0,2768.0,2768.0,2771.0,2774.0,2776.0,2779.0,2783.0,2788.0,2791.0,2796.0,2800.0,2800.0,,,,,,,,,2844.0,2844.0,2848.0,2850.0,2857.0,2860.0,2863.0,2865.0,2871.0,2872.0,2875.0,2882.0,2884.0,2888.0,2892.0,2897.0,2899.0,2899.0,2901.0,2906.0,2913.0,2917.0,2919.0,2919.0,2924.0,2927.0,2929.0,2931.0,2934.0,2937.0,2941.0,2950.0,2954.0,2962.0,2964.0,2968.0,2970.0,2974.0,2978.0,2981.0,2985.0,2987.0,2990.0,2995.0,3000.0,3010.0,3016.0,3022.0,3023.0,3027.0,3029.0,3036.0,3039.0,3041.0,3044.0,3051.0,3055.0,3056.0,3062.0,3066.0,3073.0,3074.0,3076.0,3083.0,3086.0,3087.0,3092.0,3096.0,3099.0,3104.0,3112.0,3117.0,3123.0,3126.0,3136.0,3140.0,3145.0,3149.0,3153.0,3157.0,3161.0,3165.0,3175.0,3180.0,3180.0,3182.0,3184.0,3188.0,3192.0,3195.0,3205.0,3208.0,3210.0,3214.0,3215.0,3217.0,3221.0,3226.0,3230.0,3233.0,3238.0,3240.0,3247.0,3249.0,3252.0,3253.0,3255.0,3260.0,3265.0,3267.0,3277.0,3281.0,3289.0,3291.0,3297.0,3305.0,3308.0,3312.0,3318.0,3322.0,3327.0,,3332.0,3333.0,3340.0,3346.0,3350.0,3351.0,3357.0,3360.0,3363.0,3366.0,3368.0,3376.0,3381.0,3383.0,3384.0,3386.0,3388.0,3391.0,3393.0,3397.0,3401.0,3404.0,3407.0,3412.0,3414.0,3419.0,3425.0,3428.0,3433.0,3442.0,3445.0,3446.0,3450.0,3451.0,3457.0,3459.0,3463.0,3469.0,3472.0,3478.0,3479.0,3488.0,3501.0,3507.0,3513.0,3518.0,3529.0,3536.0,3552.0,3571.0,3597.0,3626.0,3639.0,3657.0,3670.0,3679.0,3692.0,3701.0,3710.0,3714.0,3726.0,3734.0,3739.0,3748.0,3758.0,3771.0,3797.0,3833.0,3851.0,3866.0,3882.0,3901.0,3916.0,3940.0,3959.0,3984.0,4005.0,4025.0,4052.0,4062.0,4071.0,4082.0,4089.0,4092.0,4095.0,4105.0,4108.0,4112.0,4116.0,4122.0,4126.0,4132.0,4139.0,4146.0,4152.0,4158.0,4169.0,4175.0,4181.0,4191.0,4197.0,4200.0,4207.0,4210.0,4214.0,4220.0,4226.0,4229.0,4231.0,4233.0,4235.0,4241.0,4244.0,4251
qqpT94mOzJM,1396.0,1396.0,1396.0,1396.0,1396.0,1397.0,1397.0,1397.0,1399.0,1399.0,1399.0,1401.0,1402.0,1404.0,1404.0,1405.0,1407.0,1409.0,1410.0,1410.0,1411.0,1412.0,1413.0,1414.0,1416.0,1417.0,1418.0,1418.0,1418.0,1420.0,1422.0,1423.0,1423.0,1423.0,1424.0,1424.0,1424.0,1424.0,1425.0,1427.0,1427.0,1427.0,1428.0,1428.0,1429.0,1431.0,1431.0,1432.0,1433.0,1432.0,1434.0,1435.0,1435.0,1437.0,1437.0,1437.0,1438.0,1438.0,1438.0,1438.0,1438.0,1439.0,1439.0,1440.0,1440.0,1440.0,1440.0,1442.0,1442.0,1442.0,1444.0,1446.0,1447.0,1447.0,1451.0,1451.0,1451.0,1454.0,1454.0,1454.0,1454.0,1454.0,1454.0,1455.0,1455.0,1455.0,1456.0,1456.0,1457.0,1457.0,1457.0,1458.0,1458.0,1460.0,1461.0,1461.0,1463.0,1463.0,1463.0,1463.0,1463.0,1463.0,1463.0,1463.0,1463.0,1463.0,1463.0,1463.0,1464.0,1464.0,1464.0,1464.0,1464.0,1465.0,1466.0,1466.0,1466.0,1466.0,1466.0,1467.0,1467.0,1468.0,1468.0,1468.0,1468.0,1468.0,1468.0,1468.0,1469.0,1469.0,1469.0,1469.0,1469.0,1469.0,,,,,,,,,1469.0,1469.0,1469.0,1469.0,1470.0,1470.0,1471.0,1471.0,1471.0,1471.0,1471.0,1472.0,1472.0,1472.0,1472.0,1474.0,1474.0,1474.0,1476.0,1476.0,1476.0,1477.0,1477.0,1478.0,1478.0,1478.0,1478.0,1479.0,1479.0,1479.0,1479.0,1480.0,1480.0,1480.0,1480.0,1480.0,1481.0,1481.0,1481.0,1481.0,1481.0,1481.0,1481.0,1481.0,1481.0,1481.0,1481.0,1481.0,1481.0,1481.0,1481.0,1481.0,1481.0,1481.0,1481.0,1481.0,1481.0,1481.0,1481.0,1482.0,1482.0,1482.0,1482.0,1482.0,1482.0,1482.0,1482.0,1483.0,1483.0,1483.0,1483.0,1483.0,1483.0,1483.0,1483.0,1483.0,1483.0,1483.0,1483.0,1483.0,1483.0,1483.0,1483.0,1484.0,1484.0,1485.0,1486.0,1487.0,1487.0,1487.0,1487.0,1487.0,1487.0,1487.0,1487.0,1487.0,1488.0,1488.0,1488.0,1488.0,1488.0,1488.0,1488.0,1488.0,1488.0,1488.0,1488.0,1488.0,1488.0,1488.0,1488.0,1488.0,1488.0,1488.0,1488.0,1488.0,1488.0,1488.0,1488.0,1489.0,1489.0,,1489.0,1489.0,1489.0,1489.0,1489.0,1489.0,1489.0,1489.0,1489.0,1489.0,1489.0,1489.0,1489.0,1489.0,1489.0,1489.0,1489.0,1489.0,1491.0,1491.0,1492.0,1492.0,1492.0,1493.0,1493.0,1493.0,1493.0,1493.0,1494.0,1494.0,1494.0,1494.0,1494.0,1494.0,1494.0,1494.0,1495.0,1495.0,1495.0,1495.0,1495.0,1495.0,1495.0,1495.0,1495.0,1495.0,1495.0,1495.0,1495.0,1495.0,1495.0,1495.0,1495.0,1495.0,1495.0,1495.0,1495.0,1495.0,1495.0,1495.0,1495.0,1495.0,1496.0,1496.0,1496.0,1496.0,1497.0,1497.0,1497.0,1497.0,1497.0,1497.0,1497.0,1499.0,1499.0,1499.0,1500.0,1500.0,1500.0,1500.0,1500.0,1500.0,1500.0,1501.0,1501.0,1501.0,1501.0,1501.0,1501.0,1501.0,1501.0,1501.0,1501.0,1501.0,1501.0,1501.0,1501.0,1501.0,1501.0,1501.0,1501.0,1501.0,1501.0,1501.0,1501.0,1501.0,1501.0,1501.0,1501.0,1501.0,1501.0,1501.0,1501.0,1501
1qVuIcGIJBA,629102.0,629103.0,629107.0,629107.0,629108.0,629109.0,629110.0,629110.0,629111.0,629112.0,629115.0,629119.0,629123.0,629124.0,629129.0,629130.0,629134.0,629134.0,629135.0,629139.0,629139.0,629142.0,629142.0,629146.0,629154.0,629156.0,629156.0,629156.0,629161.0,629162.0,629163.0,629167.0,629168.0,629169.0,629169.0,629170.0,629173.0,629173.0,629175.0,629176.0,629177.0,629183.0,629187.0,629189.0,629190.0,629190.0,629193.0,629198.0,629203.0,629205.0,629205.0,629205.0,629205.0,629206.0,629208.0,629209.0,629214.0,629216.0,629219.0,629220.0,629220.0,629223.0,629223.0,629225.0,629227.0,629228.0,629230.0,629233.0,629235.0,629236.0,629236.0,629237.0,629237.0,629238.0,629239.0,629242.0,629243.0,629243.0,629244.0,629244.0,629244.0,629244.0,629245.0,629247.0,629250.0,629251.0,629253.0,629254.0,629254.0,629255.0,629255.0,629256.0,629256.0,629258.0,629259.0,629259.0,629259.0,629259.0,629261.0,629262.0,629262.0,629265.0,629265.0,629265.0,629265.0,629270.0,629270.0,629270.0,629274.0,629274.0,629274.0,629277.0,629277.0,629277.0,629278.0,629280.0,629280.0,629284.0,629284.0,629285.0,629286.0,629287.0,629287.0,629287.0,629287.0,629288.0,629288.0,629290.0,629292.0,629292.0,629292.0,629293.0,629293.0,629294.0,,,,,,,,,629302.0,629302.0,629303.0,629304.0,629305.0,629304.0,629306.0,629306.0,629308.0,629308.0,629311.0,629313.0,629313.0,629313.0,629313.0,629315.0,629316.0,629316.0,629316.0,629317.0,629319.0,629322.0,629325.0,629325.0,629327.0,629328.0,629328.0,629331.0,629332.0,629334.0,629334.0,629334.0,629335.0,629338.0,629338.0,629339.0,629340.0,629340.0,629341.0,629342.0,629345.0,629346.0,629346.0,629348.0,629348.0,629349.0,629350.0,629351.0,629353.0,629354.0,629356.0,629356.0,629358.0,629358.0,629358.0,629358.0,629358.0,629360.0,629360.0,629360.0,629361.0,629361.0,629361.0,629361.0,629364.0,629365.0,629366.0,629366.0,629367.0,629369.0,629369.0,629370.0,629371.0,629372.0,629372.0,629373.0,629375.0,629378.0,629379.0,629381.0,629384.0,629385.0,629386.0,629389.0,629391.0,629391.0,629393.0,629395.0,629396.0,629396.0,629397.0,629397.0,629398.0,629399.0,629399.0,629401.0,629402.0,629402.0,629402.0,629402.0,629404.0,629404.0,629404.0,629405.0,629406.0,629406.0,629406.0,629408.0,629410.0,629411.0,629411.0,629411.0,629412.0,629413.0,629414.0,629416.0,629419.0,629419.0,629420.0,629420.0,629420.0,,629424.0,629425.0,629426.0,629426.0,629431.0,629432.0,629433.0,629437.0,629439.0,629442.0,629443.0,629443.0,629444.0,629444.0,629445.0,629445.0,629445.0,629445.0,629446.0,629446.0,629447.0,629448.0,629449.0,629449.0,629450.0,629451.0,629451.0,629451.0,629453.0,629453.0,629453.0,629456.0,629458.0,629458.0,629458.0,629459.0,629461.0,629462.0,629466.0,629467.0,629472.0,629473.0,629474.0,629474.0,629475.0,629475.0,629475.0,629476.0,629478.0,629480.0,629481.0,629482.0,629485.0,629485.0,629486.0,629487.0,629489.0,629489.0,629489.0,629489.0,629489.0,629490.0,629492.0,629493.0,629493.0,629495.0,629497.0,629498.0,629500.0,629501.0,629505.0,629505.0,629507.0,629508.0,629509.0,629512.0,629514.0,629514.0,629515.0,629515.0,629515.0,629515.0,629517.0,629517.0,629519.0,629520.0,629523.0,629522.0,629523.0,629525.0,629527.0,629526.0,629527.0,629529.0,629532.0,629533.0,629534.0,629536.0,629536.0,629539.0,629541.0,629542.0,629541.0,629541.0,629542.0,629542.0,629543.0,629543.0,629544.0,629545.0,629546.0,629546.0,629549.0,629550
9LBpEVElqTY,2555381.0,2555382.0,2555384.0,2555386.0,2555387.0,2555391.0,2555395.0,2555397.0,2555399.0,2555401.0,2555405.0,2555404.0,2555407.0,2555407.0,2555409.0,2555409.0,2555409.0,2555413.0,2555415.0,2555416.0,2555418.0,2555419.0,2555420.0,2555421.0,2555422.0,2555422.0,2555422.0,2555423.0,2555425.0,2555425.0,2555429.0,2555431.0,2555431.0,2555431.0,2555434.0,2555437.0,2555442.0,2555443.0,2555445.0,2555449.0,2555451.0,2555455.0,2555459.0,2555463.0,2555467.0,2555470.0,2555476.0,2555482.0,2555485.0,2555490.0,2555492.0,2555492.0,2555496.0,2555498.0,2555501.0,2555506.0,2555509.0,2555517.0,2555519.0,2555523.0,2555524.0,2555524.0,2555525.0,2555531.0,2555542.0,2555550.0,2555556.0,2555571.0,2555581.0,2555584.0,2555585.0,2555590.0,2555591.0,2555594.0,2555601.0,2555606.0,2555614.0,2555618.0,2555621.0,2555627.0,2555629.0,2555632.0,2555636.0,2555638.0,2555642.0,2555645.0,2555647.0,2555651.0,2555657.0,2555663.0,2555667.0,2555674.0,2555681.0,2555685.0,2555690.0,2555693.0,2555700.0,2555703.0,2555712.0,2555716.0,2555717.0,2555720.0,2555721.0,2555721.0,2555723.0,2555724.0,2555725.0,2555726.0,2555728.0,2555727.0,2555730.0,2555731.0,2555731.0,2555734.0,2555737.0,2555737.0,2555738.0,2555740.0,2555742.0,2555743.0,2555745.0,2555749.0,2555750.0,2555753.0,2555754.0,2555757.0,2555761.0,2555765.0,2555772.0,2555774.0,2555776.0,2555778.0,2555781.0,2555783.0,,,,,,,,,2555805.0,2555808.0,2555809.0,2555813.0,2555815.0,2555820.0,2555825.0,2555831.0,2555837.0,2555840.0,2555842.0,2555844.0,2555847.0,2555850.0,2555854.0,2555859.0,2555865.0,2555867.0,2555867.0,2555869.0,2555870.0,2555876.0,2555879.0,2555884.0,2555885.0,2555892.0,2555893.0,2555896.0,2555900.0,2555902.0,2555905.0,2555908.0,2555911.0,2555915.0,2555918.0,2555921.0,2555926.0,2555926.0,2555927.0,2555928.0,2555936.0,2555938.0,2555939.0,2555940.0,2555940.0,2555942.0,2555944.0,2555951.0,2555951.0,2555954.0,2555956.0,2555957.0,2555963.0,2555966.0,2555970.0,2555972.0,2555972.0,2555976.0,2555977.0,2555982.0,2555983.0,2555983.0,2555985.0,2555985.0,2555989.0,2555990.0,2555990.0,2555992.0,2555996.0,2555997.0,2555998.0,2556000.0,2556002.0,2556005.0,2556008.0,2556014.0,2556020.0,2556025.0,2556025.0,2556030.0,2556032.0,2556039.0,2556043.0,2556049.0,2556054.0,2556057.0,2556060.0,2556064.0,2556068.0,2556071.0,2556074.0,2556076.0,2556079.0,2556082.0,2556089.0,2556094.0,2556094.0,2556098.0,2556101.0,2556100.0,2556102.0,2556102.0,2556105.0,2556115.0,2556118.0,2556120.0,2556122.0,2556126.0,2556130.0,2556132.0,2556133.0,2556134.0,2556134.0,2556136.0,2556138.0,2556140.0,2556142.0,2556144.0,2556147.0,2556150.0,2556152.0,,2556154.0,2556154.0,2556157.0,2556160.0,2556160.0,2556164.0,2556166.0,2556167.0,2556168.0,2556168.0,2556171.0,2556173.0,2556174.0,2556175.0,2556176.0,2556178.0,2556179.0,2556187.0,2556187.0,2556195.0,2556197.0,2556201.0,2556202.0,2556203.0,2556205.0,2556208.0,2556210.0,2556213.0,2556213.0,2556216.0,2556218.0,2556222.0,2556224.0,2556225.0,2556225.0,2556227.0,2556233.0,2556235.0,2556238.0,2556240.0,2556243.0,2556244.0,2556247.0,2556250.0,2556251.0,2556254.0,2556257.0,2556257.0,2556259.0,2556260.0,2556263.0,2556264.0,2556265.0,2556266.0,2556268.0,2556270.0,2556271.0,2556277.0,2556278.0,2556279.0,2556285.0,2556289.0,2556291.0,2556291.0,2556291.0,2556299.0,2556302.0,2556308.0,2556310.0,2556314.0,2556318.0,2556322.0,2556324.0,2556326.0,2556329.0,2556330.0,2556331.0,2556337.0,2556341.0,2556342.0,2556343.0,2556347.0,2556350.0,2556354.0,2556354.0,2556357.0,2556358.0,2556358.0,2556359.0,2556360.0,2556362.0,2556363.0,2556366.0,2556370.0,2556373.0,2556377.0,2556379.0,2556381.0,2556383.0,2556385.0,2556387.0,2556388.0,2556390.0,2556391.0,2556393.0,2556393.0,2556395.0,2556396.0,2556397.0,2556403.0,2556404.0,2556405.0,2556405.0,2556406
lLdz7nKu_Us,2071778.0,2071778.0,2071780.0,2071781.0,2071782.0,2071783.0,2071785.0,2071787.0,2071790.0,2071791.0,2071794.0,2071796.0,2071799.0,2071802.0,2071805.0,2071808.0,2071809.0,2071815.0,2071818.0,2071820.0,2071821.0,2071822.0,2071825.0,2071826.0,2071828.0,2071829.0,2071833.0,2071833.0,2071840.0,2071840.0,2071846.0,2071848.0,2071848.0,2071850.0,2071851.0,2071856.0,2071861.0,2071861.0,2071864.0,2071867.0,2071871.0,2071875.0,2071881.0,2071882.0,2071885.0,2071889.0,2071894.0,2071901.0,2071908.0,2071910.0,2071913.0,2071916.0,2071923.0,2071929.0,2071932.0,2071934.0,2071938.0,2071940.0,2071946.0,2071951.0,2071951.0,2071953.0,2071953.0,2071953.0,2071957.0,2071957.0,2071962.0,2071966.0,2071973.0,2071975.0,2071976.0,2071979.0,2071979.0,2071982.0,2071983.0,2071986.0,2071987.0,2071988.0,2071992.0,2071997.0,2071999.0,2072001.0,2072004.0,2072006.0,2072008.0,2072011.0,2072014.0,2072019.0,2072023.0,2072027.0,2072030.0,2072039.0,2072044.0,2072046.0,2072046.0,2072047.0,2072048.0,2072049.0,2072052.0,2072054.0,2072055.0,2072057.0,2072059.0,2072060.0,2072062.0,2072064.0,2072065.0,2072066.0,2072067.0,2072069.0,2072069.0,2072073.0,2072074.0,2072077.0,2072079.0,2072082.0,2072085.0,2072085.0,2072088.0,2072088.0,2072088.0,2072090.0,2072095.0,2072099.0,2072100.0,2072102.0,2072105.0,2072109.0,2072113.0,2072114.0,2072117.0,2072119.0,2072119.0,2072124.0,,,,,,,,,2072152.0,2072152.0,2072154.0,2072155.0,2072155.0,2072158.0,2072159.0,2072160.0,2072162.0,2072164.0,2072166.0,2072171.0,2072173.0,2072175.0,2072175.0,2072178.0,2072179.0,2072181.0,2072182.0,2072183.0,2072186.0,2072190.0,2072192.0,2072192.0,2072194.0,2072195.0,2072196.0,2072197.0,2072197.0,2072200.0,2072206.0,2072207.0,2072210.0,2072210.0,2072211.0,2072216.0,2072218.0,2072219.0,2072221.0,2072225.0,2072228.0,2072229.0,2072230.0,2072231.0,2072232.0,2072234.0,2072235.0,2072241.0,2072248.0,2072252.0,2072257.0,2072258.0,2072259.0,2072261.0,2072264.0,2072265.0,2072267.0,2072270.0,2072273.0,2072275.0,2072277.0,2072281.0,2072286.0,2072288.0,2072293.0,2072295.0,2072299.0,2072300.0,2072304.0,2072305.0,2072307.0,2072309.0,2072313.0,2072317.0,2072319.0,2072322.0,2072325.0,2072327.0,2072329.0,2072329.0,2072332.0,2072332.0,2072333.0,2072338.0,2072341.0,2072345.0,2072347.0,2072348.0,2072353.0,2072354.0,2072357.0,2072361.0,2072366.0,2072367.0,2072373.0,2072374.0,2072375.0,2072377.0,2072383.0,2072384.0,2072389.0,2072392.0,2072396.0,2072401.0,2072405.0,2072408.0,2072413.0,2072415.0,2072419.0,2072419.0,2072423.0,2072425.0,2072428.0,2072430.0,2072433.0,2072437.0,2072439.0,2072444.0,2072446.0,2072447.0,2072450.0,,2072458.0,2072463.0,2072467.0,2072468.0,2072469.0,2072473.0,2072475.0,2072476.0,2072478.0,2072478.0,2072481.0,2072481.0,2072482.0,2072483.0,2072486.0,2072487.0,2072487.0,2072488.0,2072489.0,2072491.0,2072492.0,2072493.0,2072494.0,2072494.0,2072497.0,2072500.0,2072500.0,2072501.0,2072501.0,2072505.0,2072506.0,2072509.0,2072511.0,2072511.0,2072511.0,2072514.0,2072514.0,2072514.0,2072516.0,2072517.0,2072519.0,2072520.0,2072521.0,2072523.0,2072523.0,2072527.0,2072527.0,2072529.0,2072531.0,2072535.0,2072537.0,2072538.0,2072539.0,2072540.0,2072543.0,2072543.0,2072543.0,2072548.0,2072548.0,2072551.0,2072554.0,2072557.0,2072559.0,2072562.0,2072562.0,2072566.0,2072568.0,2072572.0,2072574.0,2072575.0,2072579.0,2072581.0,2072584.0,2072585.0,2072586.0,2072589.0,2072590.0,2072596.0,2072599.0,2072601.0,2072603.0,2072606.0,2072607.0,2072615.0,2072623.0,2072624.0,2072629.0,2072638.0,2072643.0,2072644.0,2072646.0,2072649.0,2072653.0,2072656.0,2072659.0,2072661.0,2072664.0,2072667.0,2072669.0,2072672.0,2072673.0,2072675.0,2072679.0,2072682.0,2072683.0,2072684.0,2072686.0,2072688.0,2072690.0,2072693.0,2072694.0,2072695.0,2072697.0,2072700
1qVuIcGIJBA,629102.0,629103.0,629107.0,629107.0,629108.0,629109.0,629110.0,629110.0,629111.0,629112.0,629115.0,629119.0,629123.0,629124.0,629129.0,629130.0,629134.0,629134.0,629135.0,629139.0,629140.0,629142.0,629144.0,629146.0,629152.0,629156.0,629156.0,629156.0,629161.0,629162.0,629163.0,629167.0,629168.0,629169.0,629169.0,629170.0,629173.0,629173.0,629175.0,629176.0,629177.0,629183.0,629187.0,629189.0,629190.0,629190.0,629193.0,629200.0,629203.0,629205.0,629205.0,629205.0,629205.0,629206.0,629208.0,629209.0,629214.0,629216.0,629219.0,629220.0,629220.0,629223.0,629223.0,629225.0,629227.0,629228.0,629230.0,629233.0,629235.0,629236.0,629236.0,629237.0,629237.0,629238.0,629239.0,629242.0,629243.0,629243.0,629244.0,629244.0,629244.0,629244.0,629245.0,629247.0,629250.0,629251.0,629253.0,629254.0,629254.0,629255.0,629255.0,629256.0,629256.0,629258.0,629259.0,629259.0,629259.0,629259.0,629261.0,629262.0,629262.0,629265.0,629265.0,629265.0,629265.0,629270.0,629270.0,629270.0,629274.0,629274.0,629274.0,629277.0,629277.0,629277.0,629278.0,629280.0,629280.0,629284.0,629284.0,629285.0,629286.0,629287.0,629287.0,629287.0,629287.0,629288.0,629288.0,629290.0,629292.0,629292.0,629292.0,629293.0,629293.0,629294.0,,,,,,,,,629302.0,629302.0,629303.0,629304.0,629305.0,629304.0,629306.0,629306.0,629308.0,629308.0,629311.0,629313.0,629313.0,629313.0,629313.0,629315.0,629316.0,629316.0,629317.0,629317.0,629319.0,629322.0,629325.0,629325.0,629327.0,629328.0,629328.0,629331.0,629332.0,629334.0,629334.0,629334.0,629335.0,629338.0,629338.0,629339.0,629340.0,629340.0,629341.0,629342.0,629345.0,629346.0,629346.0,629348.0,629348.0,629349.0,629350.0,629351.0,629353.0,629354.0,629356.0,629356.0,629358.0,629358.0,629358.0,629358.0,629358.0,629360.0,629360.0,629360.0,629361.0,629361.0,629361.0,629361.0,629364.0,629365.0,629366.0,629366.0,629367.0,629369.0,629369.0,629370.0,629371.0,629372.0,629372.0,629373.0,629375.0,629378.0,629379.0,629381.0,629384.0,629385.0,629386.0,629389.0,629391.0,629391.0,629393.0,629395.0,629396.0,629396.0,629397.0,629397.0,629398.0,629399.0,629399.0,629401.0,629402.0,629402.0,629402.0,629402.0,629404.0,629404.0,629404.0,629405.0,629406.0,629406.0,629406.0,629408.0,629410.0,629411.0,629411.0,629411.0,629412.0,629413.0,629414.0,629416.0,629419.0,629419.0,629420.0,629420.0,629420.0,,629424.0,629425.0,629426.0,629426.0,629429.0,629432.0,629433.0,629437.0,629439.0,629442.0,629443.0,629443.0,629444.0,629444.0,629445.0,629445.0,629445.0,629445.0,629446.0,629446.0,629447.0,629448.0,629449.0,629449.0,629450.0,629451.0,629451.0,629451.0,629453.0,629453.0,629453.0,629456.0,629458.0,629458.0,629458.0,629459.0,629461.0,629462.0,629466.0,629467.0,629472.0,629473.0,629474.0,629474.0,629475.0,629475.0,629475.0,629476.0,629478.0,629480.0,629481.0,629482.0,629485.0,629485.0,629486.0,629487.0,629489.0,629489.0,629489.0,629489.0,629489.0,629490.0,629492.0,629493.0,629493.0,629495.0,629497.0,629498.0,629500.0,629501.0,629505.0,629505.0,629507.0,629508.0,629509.0,629512.0,629514.0,629514.0,629515.0,629515.0,629515.0,629515.0,629517.0,629517.0,629519.0,629520.0,629523.0,629522.0,629523.0,629525.0,629527.0,629526.0,629527.0,629529.0,629532.0,629532.0,629534.0,629536.0,629536.0,629539.0,629541.0,629542.0,629541.0,629541.0,629542.0,629542.0,629543.0,629543.0,629544.0,629545.0,629546.0,629546.0,629549.0,629550
ijWpofjhRn4,8748.0,8749.0,8750.0,8753.0,8753.0,8753.0,8754.0,8754.0,8755.0,8757.0,8758.0,8759.0,8765.0,8765.0,8767.0,8770.0,8771.0,8776.0,8777.0,8781.0,8782.0,8782.0,8787.0,8787.0,8794.0,8796.0,8798.0,8798.0,8815.0,8820.0,8822.0,8832.0,8835.0,8836.0,8839.0,8840.0,8845.0,8847.0,8848.0,8851.0,8855.0,8860.0,8863.0,8863.0,8863.0,8864.0,8866.0,8867.0,8870.0,8872.0,8872.0,8871.0,8872.0,8873.0,8874.0,8875.0,8876.0,8879.0,8880.0,8883.0,8885.0,8887.0,8892.0,8892.0,8894.0,8894.0,8896.0,8898.0,8898.0,8901.0,8902.0,8904.0,8905.0,8907.0,8910.0,8912.0,8916.0,8922.0,8928.0,8929.0,8931.0,8933.0,8938.0,8945.0,8948.0,8949.0,8951.0,8954.0,8959.0,8963.0,8965.0,8969.0,8973.0,8975.0,8976.0,8979.0,8979.0,8980.0,8983.0,8983.0,8983.0,8984.0,8985.0,8985.0,8985.0,8987.0,8991.0,8993.0,8993.0,8993.0,8994.0,8995.0,8996.0,8996.0,8997.0,8997.0,8998.0,8999.0,9000.0,9003.0,9014.0,9022.0,9027.0,9043.0,9056.0,9074.0,9093.0,9098.0,9100.0,9109.0,9133.0,9152.0,9159.0,9171.0,,,,,,,,,9315.0,9325.0,9335.0,9338.0,9346.0,9355.0,9358.0,9366.0,9372.0,9377.0,9403.0,9410.0,9416.0,9422.0,9433.0,9441.0,9446.0,9454.0,9459.0,9463.0,9467.0,9470.0,9474.0,9482.0,9483.0,9484.0,9488.0,9493.0,9498.0,9502.0,9506.0,9506.0,9508.0,9511.0,9514.0,9515.0,9518.0,9519.0,9522.0,9527.0,9542.0,9552.0,9579.0,9579.0,9588.0,9600.0,9612.0,9617.0,9627.0,9627.0,9628.0,9631.0,9632.0,9633.0,9634.0,9635.0,9636.0,9636.0,9642.0,9643.0,9645.0,9648.0,9648.0,9650.0,9653.0,9659.0,9662.0,9669.0,9671.0,9671.0,9673.0,9677.0,9694.0,9718.0,9741.0,9758.0,9764.0,9776.0,9796.0,9803.0,9821.0,9830.0,9845.0,9853.0,9879.0,9892.0,9904.0,9916.0,9933.0,9951.0,9969.0,9984.0,10015.0,10029.0,10040.0,10045.0,10050.0,10054.0,10057.0,10060.0,10066.0,10066.0,10067.0,10068.0,10068.0,10069.0,10073.0,10077.0,10084.0,10087.0,10104.0,10106.0,10108.0,10113.0,10115.0,10117.0,10119.0,10126.0,10128.0,10132.0,10132.0,,10139.0,10141.0,10146.0,10148.0,10151.0,10152.0,10152.0,10152.0,10155.0,10158.0,10160.0,10163.0,10165.0,10166.0,10167.0,10176.0,10179.0,10181.0,10181.0,10181.0,10185.0,10185.0,10186.0,10189.0,10189.0,10191.0,10196.0,10197.0,10197.0,10204.0,10205.0,10207.0,10212.0,10214.0,10215.0,10216.0,10217.0,10219.0,10220.0,10220.0,10221.0,10221.0,10224.0,10224.0,10224.0,10225.0,10225.0,10225.0,10227.0,10227.0,10228.0,10229.0,10229.0,10229.0,10235.0,10235.0,10237.0,10239.0,10240.0,10241.0,10245.0,10246.0,10247.0,10248.0,10249.0,10249.0,10250.0,10251.0,10252.0,10255.0,10256.0,10259.0,10259.0,10260.0,10262.0,10262.0,10266.0,10267.0,10267.0,10268.0,10270.0,10272.0,10273.0,10275.0,10277.0,10277.0,10279.0,10281.0,10281.0,10282.0,10285.0,10285.0,10287.0,10290.0,10293.0,10296.0,10300.0,10302.0,10307.0,10309.0,10314.0,10316.0,10316.0,10319.0,10323.0,10324.0,10324.0,10324.0,10329.0,10329.0,10329.0,10330.0,10331.0,10331
FUVaBH3mlsA,97439.0,97561.0,97778.0,97906.0,98042.0,98167.0,98411.0,98644.0,98821.0,98960.0,99085.0,99203.0,99383.0,99554.0,99698.0,99824.0,99934.0,100060.0,100182.0,100300.0,100409.0,100558.0,100691.0,100794.0,100877.0,100968.0,101069.0,101185.0,101339.0,101517.0,101643.0,101773.0,101883.0,102021.0,102188.0,102303.0,102414.0,102546.0,102661.0,102781.0,102899.0,103156.0,103304.0,103459.0,103576.0,103684.0,103799.0,103925.0,104063.0,104206.0,104365.0,104468.0,104568.0,104667.0,104754.0,104841.0,104956.0,105104.0,105237.0,105312.0,105449.0,105592.0,105742.0,105862.0,106013.0,106144.0,106270.0,106411.0,106554.0,106728.0,106866.0,107016.0,107150.0,107274.0,107391.0,107536.0,107678.0,107841.0,108005.0,108152.0,108275.0,108414.0,108563.0,108700.0,108841.0,108979.0,109117.0,109259.0,109441.0,109598.0,109788.0,109965.0,110160.0,110294.0,110461.0,110596.0,110810.0,110975.0,111144.0,111330.0,111483.0,111646.0,111801.0,111947.0,112069.0,112202.0,112321.0,112456.0,112570.0,112684.0,112789.0,112973.0,113160.0,113331.0,113499.0,113610.0,113734.0,113851.0,113951.0,114099.0,114247.0,114341.0,114469.0,114589.0,114714.0,114848.0,114953.0,115081.0,115188.0,115294.0,115374.0,115491.0,115600.0,115794.0,,,,,,,,,118953.0,119206.0,119546.0,119902.0,120372.0,120735.0,121034.0,121373.0,121778.0,122131.0,122509.0,122872.0,123381.0,123835.0,124185.0,124482.0,124861.0,125255.0,125579.0,125916.0,126162.0,126356.0,126599.0,126835.0,127080.0,127302.0,127543.0,127832.0,128253.0,128581.0,128856.0,129161.0,129452.0,129778.0,130051.0,130305.0,130548.0,130851.0,131128.0,131362.0,131595.0,131915.0,132152.0,132331.0,132635.0,133022.0,133446.0,133797.0,134191.0,134535.0,134845.0,135223.0,135638.0,136152.0,136576.0,137030.0,137337.0,137668.0,138050.0,138394.0,138750.0,139043.0,139332.0,139629.0,139946.0,140294.0,140669.0,141051.0,141315.0,141699.0,141966.0,142247.0,142617.0,143077.0,143443.0,143799.0,144170.0,144481.0,144724.0,145133.0,145481.0,145786.0,146140.0,146454.0,146733.0,147002.0,147299.0,147536.0,147788.0,148060.0,148382.0,148552.0,148740.0,148914.0,149133.0,149426.0,149667.0,149900.0,150101.0,150296.0,150556.0,150778.0,150942.0,151130.0,151331.0,151530.0,151682.0,151851.0,152049.0,152226.0,152440.0,152617.0,152769.0,152859.0,152984.0,153093.0,153192.0,153335.0,153471.0,153580.0,153645.0,,153858.0,154060.0,154157.0,154260.0,154350.0,154415.0,154481.0,154552.0,154644.0,154735.0,154834.0,154902.0,154978.0,155039.0,155127.0,155218.0,155327.0,155427.0,155506.0,155561.0,155644.0,155723.0,155835.0,155949.0,156036.0,156125.0,156193.0,156297.0,156438.0,156539.0,156640.0,156776.0,156896.0,156980.0,157051.0,157134.0,157209.0,157284.0,157354.0,157423.0,157484.0,157537.0,157626.0,157718.0,157817.0,157913.0,158044.0,158144.0,158274.0,158414.0,158537.0,158657.0,158744.0,158844.0,158926.0,158991.0,159095.0,159176.0,159280.0,159385.0,159490.0,159554.0,159646.0,159725.0,159858.0,159966.0,160109.0,160241.0,160359.0,160464.0,160583.0,160738.0,160930.0,161078.0,161244.0,161395.0,161574.0,161751.0,161953.0,162115.0,162314.0,162450.0,162555.0,162637.0,162727.0,162798.0,162884.0,162957.0,163042.0,163102.0,163150.0,163242.0,163332.0,163422.0,163513.0,163591.0,163648.0,163724.0,163804.0,163859.0,163944.0,164028.0,164125.0,164172.0,164234.0,164300.0,164371.0,164455.0,164526.0,164603.0,164664.0,164741.0,164815.0,164883
J1Hbtn1QECI,20096.0,20107.0,20110.0,20114.0,20117.0,20121.0,20126.0,20128.0,20137.0,20143.0,20149.0,20154.0,20162.0,20176.0,20183.0,20184.0,20196.0,20226.0,20228.0,20232.0,20240.0,20247.0,20251.0,20255.0,20262.0,20266.0,20273.0,20296.0,20303.0,20317.0,20327.0,20331.0,20345.0,20364.0,20377.0,20388.0,20393.0,20404.0,20411.0,20426.0,20430.0,20435.0,20445.0,20454.0,20460.0,20469.0,20477.0,20482.0,20486.0,20500.0,20511.0,20522.0,20529.0,20541.0,20552.0,20565.0,20570.0,20580.0,20581.0,20590.0,20597.0,20605.0,20611.0,20621.0,20631.0,20636.0,20642.0,20646.0,20650.0,20659.0,20672.0,20683.0,20693.0,20695.0,20701.0,20708.0,20713.0,20716.0,20723.0,20728.0,20731.0,20735.0,20739.0,20745.0,20756.0,20759.0,20762.0,20768.0,20778.0,20790.0,20794.0,20801.0,20807.0,20812.0,20819.0,20821.0,20823.0,20829.0,20836.0,20839.0,20843.0,20849.0,20855.0,20860.0,20873.0,20881.0,20887.0,20889.0,20892.0,20901.0,20921.0,20930.0,20933.0,20937.0,20941.0,20949.0,20956.0,20958.0,20966.0,20969.0,20980.0,20987.0,20992.0,20996.0,21003.0,21008.0,21015.0,21023.0,21031.0,21036.0,21045.0,21047.0,21050.0,21055.0,,,,,,,,,21092.0,21103.0,21106.0,21109.0,21118.0,21128.0,21138.0,21141.0,21145.0,21152.0,21161.0,21163.0,21167.0,21169.0,21170.0,21173.0,21175.0,21177.0,21180.0,21185.0,21191.0,21195.0,21198.0,21201.0,21205.0,21208.0,21211.0,21215.0,21218.0,21221.0,21219.0,21221.0,21223.0,21228.0,21236.0,21238.0,21238.0,21243.0,21245.0,21250.0,21260.0,21270.0,21278.0,21290.0,21298.0,21303.0,21309.0,21319.0,21328.0,21341.0,21346.0,21352.0,21355.0,21356.0,21363.0,21366.0,21370.0,21378.0,21384.0,21385.0,21388.0,21392.0,21394.0,21401.0,21411.0,21424.0,21433.0,21437.0,21446.0,21456.0,21463.0,21466.0,21470.0,21472.0,21477.0,21480.0,21485.0,21496.0,21503.0,21509.0,21519.0,21526.0,21535.0,21540.0,21554.0,21566.0,21572.0,21577.0,21577.0,21592.0,21598.0,21603.0,21610.0,21618.0,21625.0,21631.0,21638.0,21642.0,21647.0,21651.0,21658.0,21666.0,21674.0,21677.0,21685.0,21689.0,21694.0,21698.0,21700.0,21701.0,21704.0,21708.0,21710.0,21714.0,21715.0,21718.0,21721.0,21725.0,21730.0,21732.0,21735.0,,21743.0,21747.0,21751.0,21758.0,21761.0,21762.0,21770.0,21774.0,21781.0,21788.0,21794.0,21800.0,21808.0,21812.0,21820.0,21823.0,21827.0,21831.0,21838.0,21843.0,21846.0,21847.0,21861.0,21869.0,21874.0,21887.0,21896.0,21903.0,21910.0,21913.0,21923.0,21930.0,21932.0,21936.0,21938.0,21939.0,21946.0,21948.0,21950.0,21954.0,21957.0,21959.0,21965.0,21970.0,21974.0,21976.0,21980.0,21982.0,21990.0,21992.0,21994.0,21999.0,22000.0,22003.0,22007.0,22014.0,22017.0,22021.0,22029.0,22032.0,22037.0,22043.0,22045.0,22049.0,22052.0,22054.0,22060.0,22067.0,22070.0,22075.0,22081.0,22083.0,22087.0,22089.0,22101.0,22108.0,22118.0,22123.0,22145.0,22151.0,22158.0,22167.0,22171.0,22174.0,22175.0,22178.0,22182.0,22183.0,22185.0,22190.0,22194.0,22197.0,22200.0,22201.0,22204.0,22208.0,22217.0,22221.0,22224.0,22233.0,22236.0,22239.0,22248.0,22254.0,22256.0,22264.0,22267.0,22274.0,22278.0,22280.0,22282.0,22290.0,22294.0,22295
8f7sU3pKr3Y,90668.0,90684.0,90700.0,90717.0,90726.0,90739.0,90754.0,90772.0,90794.0,90802.0,90815.0,90826.0,90855.0,90885.0,90908.0,90936.0,90963.0,90980.0,90988.0,91000.0,91019.0,91039.0,91055.0,91064.0,91077.0,91101.0,91114.0,91130.0,91149.0,91173.0,91186.0,91199.0,91210.0,91222.0,91235.0,91245.0,91255.0,91271.0,91286.0,91304.0,91314.0,91334.0,91348.0,91372.0,91395.0,91424.0,91468.0,91496.0,91509.0,91521.0,91535.0,91559.0,91578.0,91591.0,91609.0,91628.0,91641.0,91658.0,91670.0,91689.0,91698.0,91713.0,91729.0,91745.0,91753.0,91774.0,91788.0,91802.0,91813.0,91839.0,91863.0,91877.0,91898.0,91909.0,91918.0,91941.0,91961.0,91992.0,92029.0,92046.0,92066.0,92087.0,92109.0,92132.0,92159.0,92177.0,92194.0,92207.0,92228.0,92241.0,92264.0,92286.0,92298.0,92323.0,92345.0,92354.0,92370.0,92384.0,92401.0,92411.0,92427.0,92436.0,92450.0,92460.0,92472.0,92487.0,92498.0,92515.0,92524.0,92533.0,92545.0,92554.0,92565.0,92582.0,92594.0,92612.0,92629.0,92647.0,92670.0,92686.0,92709.0,92720.0,92737.0,92751.0,92768.0,92790.0,92810.0,92829.0,92844.0,92858.0,92872.0,92890.0,92903.0,92926.0,,,,,,,,,93080.0,93109.0,93148.0,93192.0,93257.0,93325.0,93379.0,93419.0,93460.0,93480.0,93497.0,93515.0,93524.0,93543.0,93558.0,93567.0,93574.0,93585.0,93593.0,93599.0,93615.0,93628.0,93635.0,93645.0,93657.0,93667.0,93680.0,93689.0,93693.0,93701.0,93706.0,93711.0,93719.0,93737.0,93755.0,93771.0,93776.0,93785.0,93792.0,93806.0,93827.0,93838.0,93853.0,93868.0,93883.0,93903.0,93916.0,93943.0,93957.0,93970.0,93991.0,94008.0,94027.0,94057.0,94080.0,94092.0,94107.0,94120.0,94143.0,94152.0,94167.0,94181.0,94199.0,94214.0,94220.0,94229.0,94245.0,94255.0,94271.0,94286.0,94303.0,94316.0,94327.0,94346.0,94377.0,94404.0,94434.0,94454.0,94469.0,94487.0,94511.0,94530.0,94545.0,94569.0,94587.0,94601.0,94612.0,94619.0,94637.0,94663.0,94677.0,94691.0,94704.0,94714.0,94736.0,94754.0,94776.0,94789.0,94809.0,94820.0,94835.0,94853.0,94869.0,94891.0,94901.0,94913.0,94937.0,94955.0,94969.0,94979.0,95008.0,95021.0,95030.0,95044.0,95058.0,95074.0,95093.0,95110.0,95116.0,95126.0,95133.0,,95163.0,95176.0,95189.0,95199.0,95209.0,95226.0,95243.0,95256.0,95271.0,95286.0,95297.0,95305.0,95320.0,95335.0,95351.0,95363.0,95379.0,95394.0,95401.0,95416.0,95424.0,95437.0,95460.0,95477.0,95499.0,95514.0,95527.0,95538.0,95567.0,95598.0,95620.0,95633.0,95645.0,95664.0,95681.0,95699.0,95724.0,95743.0,95759.0,95778.0,95797.0,95836.0,95860.0,95887.0,95914.0,95927.0,95945.0,95955.0,95984.0,95999.0,96017.0,96030.0,96049.0,96059.0,96073.0,96096.0,96120.0,96132.0,96139.0,96163.0,96180.0,96194.0,96209.0,96224.0,96243.0,96268.0,96288.0,96299.0,96312.0,96337.0,96357.0,96388.0,96411.0,96430.0,96445.0,96457.0,96483.0,96504.0,96523.0,96555.0,96577.0,96595.0,96612.0,96623.0,96634.0,96655.0,96676.0,96686.0,96701.0,96713.0,96728.0,96749.0,96760.0,96774.0,96795.0,96810.0,96828.0,96839.0,96857.0,96869.0,96884.0,96896.0,96900.0,96912.0,96928.0,96946.0,96978.0,96991.0,97013.0,97028.0,97046.0,97065.0,97087.0,97107
dDW396b2tbY,7234.0,7235.0,7240.0,7241.0,7245.0,7245.0,7247.0,7247.0,7247.0,7247.0,7252.0,7256.0,7258.0,7259.0,7260.0,7260.0,7260.0,7261.0,7263.0,7266.0,7267.0,7269.0,7271.0,7271.0,7272.0,7273.0,7273.0,7273.0,7274.0,7274.0,7274.0,7274.0,7274.0,7276.0,7277.0,7283.0,7283.0,7283.0,7283.0,7284.0,7286.0,7288.0,7290.0,7291.0,7298.0,7298.0,7300.0,7301.0,7302.0,7303.0,7303.0,7305.0,7305.0,7305.0,7306.0,7311.0,7313.0,7316.0,7316.0,7316.0,7318.0,7324.0,7324.0,7325.0,7325.0,7329.0,7329.0,7329.0,7329.0,7329.0,7330.0,7333.0,7333.0,7333.0,7334.0,7337.0,7337.0,7337.0,7337.0,7338.0,7338.0,7338.0,7339.0,7339.0,7340.0,7340.0,7341.0,7343.0,7345.0,7348.0,7351.0,7353.0,7355.0,7355.0,7357.0,7358.0,7360.0,7361.0,7362.0,7364.0,7367.0,7367.0,7369.0,7369.0,7369.0,7369.0,7370.0,7370.0,7374.0,7374.0,7375.0,7377.0,7378.0,7378.0,7380.0,7383.0,7383.0,7385.0,7387.0,7390.0,7390.0,7396.0,7396.0,7396.0,7396.0,7396.0,7396.0,7397.0,7397.0,7409.0,7412.0,7413.0,7414.0,7416.0,,,,,,,,,7427.0,7427.0,7428.0,7429.0,7429.0,7429.0,7429.0,7429.0,7432.0,7432.0,7432.0,7434.0,7436.0,7440.0,7442.0,7441.0,7443.0,7443.0,7443.0,7445.0,7447.0,7448.0,7448.0,7448.0,7452.0,7452.0,7453.0,7455.0,7455.0,7456.0,7457.0,7460.0,7460.0,7460.0,7461.0,7461.0,7461.0,7461.0,7461.0,7462.0,7462.0,7462.0,7462.0,7462.0,7462.0,7462.0,7462.0,7462.0,7464.0,7465.0,7466.0,7466.0,7466.0,7467.0,7467.0,7467.0,7469.0,7469.0,7469.0,7469.0,7469.0,7469.0,7469.0,7470.0,7471.0,7474.0,7477.0,7478.0,7478.0,7482.0,7483.0,7483.0,7483.0,7484.0,7487.0,7487.0,7488.0,7488.0,7489.0,7489.0,7490.0,7490.0,7490.0,7491.0,7491.0,7492.0,7492.0,7492.0,7495.0,7497.0,7498.0,7501.0,7502.0,7502.0,7503.0,7503.0,7503.0,7503.0,7504.0,7504.0,7504.0,7504.0,7504.0,7504.0,7505.0,7506.0,7507.0,7509.0,7511.0,7511.0,7513.0,7514.0,7514.0,7522.0,7522.0,7524.0,7525.0,7526.0,7531.0,7531.0,7533.0,,7537.0,7538.0,7538.0,7538.0,7538.0,7538.0,7539.0,7539.0,7540.0,7541.0,7541.0,7541.0,7544.0,7544.0,7544.0,7543.0,7544.0,7544.0,7544.0,7546.0,7547.0,7547.0,7549.0,7553.0,7555.0,7557.0,7558.0,7558.0,7560.0,7562.0,7565.0,7567.0,7570.0,7571.0,7571.0,7573.0,7576.0,7578.0,7578.0,7581.0,7582.0,7582.0,7582.0,7582.0,7583.0,7583.0,7584.0,7584.0,7585.0,7587.0,7587.0,7588.0,7590.0,7590.0,7591.0,7591.0,7591.0,7592.0,7593.0,7594.0,7594.0,7594.0,7594.0,7594.0,7594.0,7596.0,7597.0,7600.0,7600.0,7600.0,7602.0,7604.0,7604.0,7608.0,7615.0,7616.0,7625.0,7627.0,7628.0,7631.0,7632.0,7633.0,7633.0,7636.0,7637.0,7637.0,7637.0,7638.0,7640.0,7640.0,7640.0,7643.0,7643.0,7645.0,7646.0,7646.0,7647.0,7648.0,7650.0,7650.0,7650.0,7649.0,7650.0,7650.0,7650.0,7650.0,7651.0,7652.0,7653.0,7653.0,7654.0,7654.0,7654.0,7655
c-q2bseZq3k,27358.0,27360.0,27363.0,27367.0,27373.0,27378.0,27386.0,27395.0,27401.0,27405.0,27414.0,27418.0,27429.0,27434.0,27445.0,27457.0,27459.0,27465.0,27469.0,27478.0,27483.0,27485.0,27495.0,27498.0,27503.0,27510.0,27519.0,27526.0,27530.0,27536.0,27543.0,27547.0,27555.0,27556.0,27563.0,27570.0,27575.0,27580.0,27587.0,27595.0,27596.0,27601.0,27601.0,27604.0,27609.0,27615.0,27621.0,27623.0,27627.0,27636.0,27643.0,27647.0,27652.0,27660.0,27665.0,27673.0,27685.0,27692.0,27706.0,27713.0,27720.0,27729.0,27736.0,27753.0,27765.0,27771.0,27785.0,27791.0,27796.0,27807.0,27815.0,27822.0,27827.0,27832.0,27835.0,27838.0,27838.0,27844.0,27848.0,27858.0,27868.0,27877.0,27883.0,27886.0,27897.0,27900.0,27906.0,27910.0,27921.0,27926.0,27932.0,27938.0,27951.0,27956.0,27963.0,27968.0,27972.0,27973.0,27981.0,27986.0,27991.0,27996.0,28005.0,28015.0,28019.0,28026.0,28033.0,28037.0,28043.0,28046.0,28050.0,28062.0,28067.0,28071.0,28081.0,28085.0,28089.0,28093.0,28096.0,28100.0,28105.0,28106.0,28112.0,28118.0,28123.0,28127.0,28134.0,28137.0,28142.0,28155.0,28161.0,28166.0,28171.0,28177.0,,,,,,,,,28211.0,28213.0,28217.0,28220.0,28228.0,28230.0,28236.0,28241.0,28248.0,28257.0,28262.0,28266.0,28275.0,28283.0,28288.0,28298.0,28302.0,28309.0,28316.0,28322.0,28325.0,28332.0,28335.0,28336.0,28339.0,28343.0,28344.0,28348.0,28354.0,28357.0,28360.0,28367.0,28370.0,28377.0,28378.0,28381.0,28385.0,28387.0,28392.0,28397.0,28401.0,28407.0,28410.0,28414.0,28420.0,28427.0,28430.0,28437.0,28443.0,28448.0,28454.0,28456.0,28459.0,28461.0,28465.0,28465.0,28471.0,28474.0,28476.0,28482.0,28485.0,28487.0,28492.0,28495.0,28500.0,28503.0,28510.0,28512.0,28514.0,28518.0,28520.0,28530.0,28537.0,28545.0,28550.0,28559.0,28565.0,28570.0,28582.0,28587.0,28599.0,28602.0,28606.0,28609.0,28614.0,28616.0,28623.0,28630.0,28639.0,28645.0,28648.0,28652.0,28656.0,28664.0,28674.0,28683.0,28686.0,28694.0,28697.0,28705.0,28708.0,28716.0,28719.0,28723.0,28726.0,28728.0,28733.0,28739.0,28742.0,28752.0,28752.0,28758.0,28763.0,28772.0,28778.0,28781.0,28786.0,28789.0,28792.0,28800.0,28804.0,,28813.0,28820.0,28823.0,28832.0,28844.0,28850.0,28856.0,28858.0,28860.0,28864.0,28867.0,28873.0,28877.0,28882.0,28888.0,28897.0,28903.0,28908.0,28914.0,28915.0,28921.0,28926.0,28933.0,28939.0,28944.0,28945.0,28950.0,28956.0,28968.0,28977.0,28983.0,28984.0,28988.0,29003.0,29014.0,29017.0,29024.0,29028.0,29033.0,29037.0,29042.0,29048.0,29055.0,29060.0,29065.0,29068.0,29070.0,29075.0,29081.0,29091.0,29102.0,29106.0,29108.0,29111.0,29119.0,29124.0,29134.0,29138.0,29142.0,29145.0,29148.0,29150.0,29154.0,29159.0,29161.0,29164.0,29165.0,29169.0,29171.0,29173.0,29178.0,29182.0,29188.0,29191.0,29194.0,29200.0,29203.0,29211.0,29217.0,29223.0,29226.0,29230.0,29236.0,29239.0,29240.0,29243.0,29248.0,29252.0,29254.0,29256.0,29258.0,29264.0,29265.0,29266.0,29269.0,29275.0,29279.0,29280.0,29281.0,29283.0,29287.0,29287.0,29289.0,29292.0,29294.0,29297.0,29301.0,29303.0,29305.0,29309.0,29314.0,29315.0,29319.0,29323
uzBlmK15NR0,407445.0,407519.0,407590.0,407659.0,407747.0,407804.0,407890.0,407991.0,408054.0,408110.0,408189.0,408256.0,408314.0,408373.0,408453.0,408510.0,408583.0,408635.0,408690.0,408740.0,408826.0,408905.0,408967.0,409028.0,409086.0,409156.0,409229.0,409300.0,409363.0,409446.0,409492.0,409539.0,409599.0,409646.0,409730.0,409790.0,409881.0,409947.0,410010.0,410068.0,410128.0,410190.0,410276.0,410330.0,410418.0,410487.0,410575.0,410652.0,410731.0,410788.0,410857.0,410926.0,410996.0,411072.0,411128.0,411177.0,411245.0,411322.0,411357.0,411395.0,411471.0,411537.0,411612.0,411674.0,411733.0,411784.0,411850.0,411910.0,411979.0,412081.0,412166.0,412234.0,412305.0,412369.0,412423.0,412508.0,412591.0,412657.0,412712.0,412789.0,412835.0,412883.0,412976.0,413047.0,413111.0,413189.0,413243.0,413305.0,413372.0,413451.0,413527.0,413613.0,413684.0,413781.0,413833.0,413914.0,413967.0,414045.0,414108.0,414193.0,414277.0,414354.0,414430.0,414505.0,414583.0,414668.0,414734.0,414790.0,414851.0,414916.0,414998.0,415075.0,415147.0,415251.0,415321.0,415389.0,415478.0,415563.0,415648.0,415745.0,415848.0,415915.0,416016.0,416072.0,416160.0,416254.0,416390.0,416560.0,416693.0,416815.0,416958.0,417075.0,417273.0,417383.0,,,,,,,,,418465.0,418545.0,418648.0,418753.0,418872.0,418959.0,419057.0,419122.0,419209.0,419295.0,419391.0,419462.0,419554.0,419645.0,419696.0,419755.0,419809.0,419908.0,420003.0,420087.0,420148.0,420215.0,420259.0,420324.0,420371.0,420427.0,420473.0,420526.0,420581.0,420621.0,420671.0,420729.0,420792.0,420859.0,420924.0,420977.0,421042.0,421099.0,421162.0,421241.0,421309.0,421375.0,421431.0,421476.0,421535.0,421590.0,421669.0,421721.0,421773.0,421829.0,421881.0,421949.0,422008.0,422072.0,422145.0,422211.0,422263.0,422302.0,422349.0,422404.0,422465.0,422514.0,422564.0,422627.0,422677.0,422727.0,422784.0,422833.0,422868.0,422920.0,422969.0,423017.0,423063.0,423116.0,423164.0,423213.0,423273.0,423328.0,423366.0,423415.0,423473.0,423516.0,423578.0,423643.0,423693.0,423753.0,423816.0,423868.0,423921.0,423968.0,424018.0,424056.0,424106.0,424164.0,424224.0,424289.0,424341.0,424385.0,424445.0,424498.0,424562.0,424619.0,424665.0,424719.0,424775.0,424810.0,424847.0,424888.0,424947.0,424985.0,425039.0,425088.0,425139.0,425190.0,425225.0,425275.0,425321.0,425369.0,425436.0,425507.0,425553.0,,425671.0,425732.0,425785.0,425841.0,425900.0,425953.0,426008.0,426072.0,426132.0,426199.0,426263.0,426311.0,426346.0,426397.0,426453.0,426489.0,426525.0,426570.0,426620.0,426645.0,426691.0,426736.0,426792.0,426842.0,426892.0,426921.0,426964.0,427003.0,427057.0,427105.0,427152.0,427201.0,427252.0,427301.0,427352.0,427396.0,427441.0,427490.0,427534.0,427573.0,427616.0,427666.0,427716.0,427762.0,427810.0,427858.0,427906.0,427935.0,427983.0,428026.0,428062.0,428106.0,428162.0,428195.0,428229.0,428271.0,428303.0,428345.0,428386.0,428418.0,428452.0,428487.0,428522.0,428566.0,428610.0,428656.0,428698.0,428757.0,428797.0,428853.0,428920.0,428995.0,429072.0,429140.0,429213.0,429278.0,429342.0,429433.0,429542.0,429644.0,429734.0,429813.0,429877.0,429971.0,430077.0,430161.0,430250.0,430349.0,430423.0,430482.0,430549.0,430616.0,430672.0,430711.0,430749.0,430785.0,430827.0,430867.0,430905.0,430939.0,430988.0,431023.0,431068.0,431111.0,431151.0,431187.0,431236.0,431301.0,431354.0,431390.0,431425.0,431469.0,431502.0,431581
zGG-TrRkbB4,1154924.0,1155057.0,1155198.0,1155399.0,1155551.0,1155722.0,1155920.0,1156076.0,1156242.0,1156454.0,1156631.0,1156817.0,1157012.0,1157205.0,1157364.0,1157570.0,1157763.0,1157919.0,1158108.0,1158320.0,1158506.0,1158733.0,1158961.0,1159171.0,1159284.0,1159474.0,1159665.0,1159868.0,1160062.0,1160295.0,1160505.0,1160690.0,1160858.0,1161045.0,1161243.0,1161423.0,1161653.0,1161851.0,1162058.0,1162265.0,1162456.0,1162594.0,1162776.0,1162956.0,1163095.0,1163505.0,1163845.0,1164124.0,1164366.0,1164637.0,1164875.0,1165079.0,1165286.0,1165524.0,1165736.0,1165971.0,1166165.0,1166377.0,1166599.0,1166769.0,1166991.0,1167153.0,1167346.0,1167502.0,1167691.0,1167872.0,1168016.0,1168187.0,1168372.0,1168605.0,1168773.0,1168912.0,1169107.0,1169231.0,1169402.0,1169539.0,1169743.0,1169886.0,1170101.0,1170240.0,1170382.0,1170542.0,1170711.0,1170908.0,1171072.0,1171270.0,1171447.0,1171657.0,1171887.0,1172073.0,1172279.0,1172428.0,1172635.0,1172817.0,1172983.0,1173165.0,1173310.0,1173519.0,1173673.0,1173856.0,1173990.0,1174092.0,1174248.0,1174446.0,1174603.0,1174773.0,1174898.0,1175072.0,1175193.0,1175325.0,1175451.0,1175623.0,1175736.0,1175877.0,1176077.0,1176197.0,1176338.0,1176511.0,1176648.0,1176816.0,1176917.0,1177047.0,1177183.0,1177305.0,1177425.0,1177541.0,1177692.0,1177859.0,1177990.0,1178130.0,1178233.0,1178335.0,1178473.0,1178607.0,,,,,,,,,1179909.0,1180045.0,1180211.0,1180366.0,1180567.0,1180711.0,1180895.0,1181055.0,1181241.0,1181401.0,1181600.0,1181762.0,1181996.0,1182193.0,1182357.0,1182507.0,1182684.0,1182851.0,1182960.0,1183125.0,1183262.0,1183459.0,1183565.0,1183705.0,1183847.0,1184005.0,1184146.0,1184322.0,1184475.0,1185016.0,1185325.0,1185493.0,1185650.0,1185831.0,1185921.0,1186058.0,1186162.0,1186305.0,1186483.0,1186670.0,1186849.0,1187000.0,1187110.0,1187252.0,1187419.0,1187560.0,1187723.0,1187869.0,1188036.0,1188202.0,1188402.0,1188568.0,1188725.0,1188911.0,1189069.0,1189205.0,1189339.0,1189480.0,1189636.0,1189786.0,1189952.0,1190065.0,1190208.0,1190339.0,1190494.0,1190643.0,1190816.0,1191014.0,1191262.0,1191449.0,1191625.0,1191802.0,1191960.0,1192144.0,1192277.0,1192434.0,1192628.0,1192772.0,1192905.0,1193068.0,1193193.0,1193306.0,1193466.0,1193670.0,1193821.0,1194017.0,1194193.0,1194381.0,1194565.0,1194726.0,1194933.0,1195087.0,1195241.0,1195419.0,1195603.0,1195775.0,1195954.0,1196121.0,1196269.0,1196388.0,1196528.0,1196667.0,1196821.0,1196951.0,1197086.0,1197260.0,1197371.0,1197520.0,1197670.0,1197826.0,1197979.0,1198124.0,1198281.0,1198443.0,1198604.0,1198758.0,1198930.0,1199123.0,1199367.0,1199598.0,1199797.0,,1200267.0,1200461.0,1200692.0,1200881.0,1201092.0,1201275.0,1201508.0,1201790.0,1202041.0,1202287.0,1202514.0,1202707.0,1202936.0,1203222.0,1203423.0,1203620.0,1203785.0,1204028.0,1204247.0,1204445.0,1204640.0,1204877.0,1205082.0,1205320.0,1205547.0,1205780.0,1205978.0,1206192.0,1206405.0,1206600.0,1206854.0,1207058.0,1207334.0,1207567.0,1207844.0,1208152.0,1208406.0,1208689.0,1209021.0,1209418.0,1209809.0,1210261.0,1210692.0,1211091.0,1211436.0,1211753.0,1212043.0,1212300.0,1212563.0,1212804.0,1213066.0,1213295.0,1213571.0,1213854.0,1214143.0,1214439.0,1214757.0,1214988.0,1215378.0,1215752.0,1216197.0,1216522.0,1217001.0,1217385.0,1217844.0,1218293.0,1218595.0,1218878.0,1219121.0,1219409.0,1219660.0,1219940.0,1220209.0,1220560.0,1220879.0,1221150.0,1221499.0,1221830.0,1222177.0,1222508.0,1222840.0,1223144.0,1223425.0,1223789.0,1224200.0,1224650.0,1225134.0,1225667.0,1226160.0,1226581.0,1227025.0,1227452.0,1227809.0,1228194.0,1228531.0,1228825.0,1229058.0,1229380.0,1229686.0,1229984.0,1230303.0,1230631.0,1230916.0,1231180.0,1231427.0,1231803.0,1232160.0,1232509.0,1232846.0,1233190.0,1233512.0,1233834.0,1234177.0,1234489
QSjCmQvS3bI,27133866.0,27163957.0,27194917.0,27224424.0,27255877.0,27286696.0,27317151.0,27349436.0,27384314.0,27417670.0,27447897.0,27482138.0,27517839.0,27555201.0,27591817.0,27627996.0,27661680.0,27693343.0,27729318.0,27765241.0,27807654.0,27850311.0,27893848.0,27926206.0,27954290.0,27983345.0,28014419.0,28044178.0,28074593.0,28105760.0,28136166.0,28163061.0,28191614.0,28218555.0,28247710.0,28275404.0,28305707.0,28333332.0,28359365.0,28389939.0,28419366.0,28449576.0,28480637.0,28512396.0,28540378.0,28573593.0,28616443.0,28656733.0,28692128.0,28730122.0,28768545.0,28806331.0,28839752.0,28878172.0,28915764.0,28952256.0,28988680.0,29028076.0,29060345.0,29088547.0,29119087.0,29149649.0,29180780.0,29211858.0,29241882.0,29273232.0,29301669.0,29335207.0,29362823.0,29400745.0,29433396.0,29461365.0,29491180.0,29523468.0,29557522.0,29588433.0,29620721.0,29657481.0,29692201.0,29722729.0,29750865.0,29787997.0,29821879.0,29856124.0,29890119.0,29925770.0,29958355.0,29987564.0,30021422.0,30057912.0,30097184.0,30133490.0,30170563.0,30203267.0,30233068.0,30269212.0,30305840.0,30339434.0,30374626.0,30411336.0,30444520.0,30475141.0,30512813.0,30552253.0,30592243.0,30634113.0,30675063.0,30707944.0,30739576.0,30776887.0,30813678.0,30848862.0,30883336.0,30919052.0,30966927.0,31009874.0,31049890.0,31089963.0,31130027.0,31172164.0,31211422.0,31250470.0,31286480.0,31320380.0,31353616.0,31387807.0,31419982.0,31455199.0,31491089.0,31521462.0,31560098.0,31598694.0,31638954.0,31678441.0,,,,,,,,,32094652.0,32138409.0,32185978.0,32234063.0,32284993.0,32343130.0,32398995.0,32454813.0,32511581.0,32576974.0,32643203.0,32708545.0,32777318.0,32844107.0,32901699.0,32951100.0,33011360.0,33070581.0,33126251.0,33179638.0,33228480.0,33278368.0,33322637.0,33373062.0,33417256.0,33465243.0,33511313.0,33559241.0,33604578.0,33644436.0,33692938.0,33741157.0,33787530.0,33833183.0,33877881.0,33918290.0,33954131.0,33996678.0,34042478.0,34087927.0,34131552.0,34176373.0,34215707.0,34249819.0,34291200.0,34332972.0,34375539.0,34417748.0,34461092.0,34501470.0,34538850.0,34582092.0,34623948.0,34665704.0,34708863.0,34752834.0,34791566.0,34826092.0,34864899.0,34904691.0,34944530.0,34975891.0,35014055.0,35050243.0,35083152.0,35124521.0,35165556.0,35206962.0,35239785.0,35278618.0,35314040.0,35347030.0,35388448.0,35428093.0,35466757.0,35505228.0,35545276.0,35578986.0,35608349.0,35646106.0,35682515.0,35715100.0,35754461.0,35792202.0,35825454.0,35855222.0,35890417.0,35926705.0,35966342.0,36004540.0,36042162.0,36076183.0,36106740.0,36141956.0,36177299.0,36212847.0,36248514.0,36286871.0,36321911.0,36353646.0,36393802.0,36430943.0,36468744.0,36504565.0,36540330.0,36573024.0,36600645.0,36635814.0,36671916.0,36706893.0,36741548.0,36776889.0,36805135.0,36832314.0,36859030.0,36885801.0,36911110.0,36941751.0,36973796.0,36996175.0,37013948.0,,37056724.0,37080327.0,37104830.0,37127707.0,37147970.0,37165911.0,37183806.0,37203640.0,37223317.0,37243652.0,37264576.0,37282874.0,37299004.0,37318783.0,37340556.0,37363719.0,37384704.0,37406961.0,37426397.0,37444259.0,37466694.0,37489937.0,37512058.0,37534272.0,37556190.0,37576518.0,37594532.0,37614859.0,37635677.0,37655968.0,37675648.0,37696343.0,37714308.0,37728889.0,37747017.0,37765862.0,37784558.0,37804281.0,37825779.0,37846848.0,37866280.0,37888639.0,37911461.0,37934120.0,37956223.0,37982702.0,38014232.0,38046489.0,38084289.0,38121289.0,38154169.0,38188412.0,38222624.0,38258995.0,38292653.0,38331343.0,38371140.0,38411329.0,38452772.0,38492870.0,38531548.0,38567433.0,38609819.0,38653307.0,38693680.0,38730917.0,38759527.0,38787089.0,38811779.0,38841269.0,38870841.0,38904557.0,38937716.0,38974601.0,39009130.0,39038496.0,39075423.0,39111917.0,39147946.0,39179985.0,39213188.0,39243021.0,39271475.0,39307318.0,39343537.0,39381043.0,39420787.0,39465871.0,39506439.0,39545782.0,39586267.0,39629144.0,39667319.0,39701665.0,39741296.0,39775492.0,39802515.0,39835792.0,39869258.0,39898111.0,39931793.0,39971632.0,40005564.0,40037188.0,40076803.0,40116249.0,40155840.0,40194017.0,40231268.0,40265035.0,40296478.0,40331858.0,40367154.0,40400035
EQ-lkDtEeiw,,,,,,,,,,,,,,,,,,,,,,,,,,,,,,,,,,,,,,,,,,,,,,,,,,,,,,,,,,,,,,,,,,,,,,,,,,,,,,,,,,,,,,,,,,,,,,,,,,,,,,,,,,,,,,,,,,,,,,,,,,,,,,,,,,,,,,,,,,,,,,,,,,,,,,,,,,,,,,,,,,,,,,,,,,,,,,,,,,,,,,,,,,,,,,,,,,,,,,,,,,,,,,,,,,,,,,,,,,,,,,,,,,,,,,,,,,,,,,,,,,,,,,,,,,,,,,,,,,,,,,,,,,,,,,,,,,,,,,,,,,,,,,,,,,,,,,,,,,,,,,,,,,,,,,,,,,,,,,,,,,,,,,,,,,,,,,,,,,,,,,,,,,,,,,,,,,,,,,,,,,,,,,,,,,,,,,,,,,
RQCx0H104BM,1352.0,1353.0,1353.0,1357.0,1357.0,1358.0,1361.0,1365.0,1366.0,1368.0,1371.0,1372.0,1376.0,1379.0,1381.0,1381.0,1382.0,1386.0,1388.0,1389.0,1393.0,1395.0,1397.0,1399.0,1400.0,1402.0,1404.0,1405.0,1407.0,1414.0,1420.0,1424.0,1438.0,1440.0,1451.0,1452.0,1452.0,1454.0,1459.0,1460.0,1462.0,1466.0,1467.0,1467.0,1470.0,1474.0,1475.0,1476.0,1478.0,1482.0,1483.0,1486.0,1488.0,1495.0,1497.0,1501.0,1503.0,1504.0,1507.0,1507.0,1511.0,1514.0,1519.0,1521.0,1525.0,1536.0,1540.0,1544.0,1549.0,1556.0,1561.0,1564.0,1568.0,1568.0,1570.0,1573.0,1578.0,1582.0,1587.0,1588.0,1593.0,1594.0,1600.0,1602.0,1607.0,1609.0,1612.0,1617.0,1619.0,1622.0,1626.0,1626.0,1627.0,1629.0,1633.0,1634.0,1635.0,1635.0,1639.0,1645.0,1645.0,1646.0,1647.0,1648.0,1649.0,1651.0,1651.0,1651.0,1652.0,1653.0,1655.0,1656.0,1657.0,1659.0,1662.0,1667.0,1668.0,1668.0,1668.0,1673.0,1675.0,1682.0,1686.0,1692.0,1702.0,1714.0,1723.0,1734.0,1740.0,1742.0,1743.0,1746.0,1748.0,1749.0,,,,,,,,,1763.0,1763.0,1763.0,1765.0,1767.0,1767.0,1768.0,1768.0,1769.0,1771.0,1771.0,1772.0,1774.0,1775.0,1775.0,1777.0,1778.0,1783.0,1784.0,1786.0,1786.0,1786.0,1786.0,1787.0,1788.0,1788.0,1788.0,1792.0,1794.0,1795.0,1798.0,1799.0,1799.0,1800.0,1802.0,1803.0,1804.0,1804.0,1805.0,1807.0,1810.0,1811.0,1817.0,1817.0,1818.0,1819.0,1820.0,1821.0,1822.0,1824.0,1825.0,1825.0,1826.0,1826.0,1827.0,1831.0,1834.0,1836.0,1839.0,1841.0,1842.0,1843.0,1844.0,1844.0,1845.0,1845.0,1846.0,1852.0,1856.0,1855.0,1859.0,1860.0,1860.0,1864.0,1869.0,1870.0,1871.0,1873.0,1876.0,1877.0,1877.0,1877.0,1877.0,1878.0,1881.0,1886.0,1887.0,1889.0,1889.0,1889.0,1891.0,1893.0,1894.0,1895.0,1898.0,1898.0,1899.0,1899.0,1901.0,1902.0,1903.0,1903.0,1904.0,1904.0,1906.0,1906.0,1908.0,1911.0,1916.0,1919.0,1921.0,1922.0,1924.0,1926.0,1928.0,1928.0,1930.0,1931.0,1931.0,1932.0,1932.0,,1932.0,1934.0,1935.0,1935.0,1937.0,1937.0,1937.0,1938.0,1940.0,1940.0,1940.0,1942.0,1944.0,1944.0,1945.0,1945.0,1945.0,1945.0,1946.0,1948.0,1949.0,1951.0,1953.0,1954.0,1954.0,1957.0,1957.0,1957.0,1958.0,1958.0,1958.0,1961.0,1961.0,1964.0,1965.0,1965.0,1965.0,1967.0,1967.0,1968.0,1968.0,1969.0,1972.0,1972.0,1974.0,1975.0,1975.0,1975.0,1976.0,1978.0,1979.0,1979.0,1979.0,1979.0,1979.0,1981.0,1983.0,1983.0,1985.0,1986.0,1986.0,1986.0,1988.0,1988.0,1988.0,1988.0,1989.0,1989.0,1989.0,1990.0,1991.0,1993.0,1994.0,1994.0,1994.0,1995.0,1996.0,1997.0,1997.0,1998.0,1999.0,1999.0,2000.0,2001.0,2003.0,2003.0,2003.0,2003.0,2003.0,2004.0,2005.0,2005.0,2005.0,2005.0,2005.0,2005.0,2005.0,2005.0,2006.0,2006.0,2009.0,2011.0,2011.0,2012.0,2014.0,2014.0,2014.0,2016.0,2017.0,2018.0,2019.0,2020.0,2020.0,2020
HcJiyyYLY9M,7728.0,7729.0,7730.0,7732.0,7743.0,7749.0,7749.0,7751.0,7753.0,7753.0,7754.0,7757.0,7758.0,7761.0,7761.0,7764.0,7764.0,7766.0,7768.0,7769.0,7769.0,7769.0,7771.0,7773.0,7776.0,7779.0,7779.0,7781.0,7782.0,7783.0,7784.0,7787.0,7788.0,7791.0,7791.0,7794.0,7796.0,7796.0,7798.0,7799.0,7805.0,7809.0,7868.0,7882.0,7884.0,7888.0,7887.0,7888.0,7890.0,7890.0,7890.0,7890.0,7891.0,7894.0,7896.0,7898.0,7899.0,7900.0,7902.0,7906.0,7907.0,7911.0,7919.0,7920.0,7920.0,7923.0,7925.0,7929.0,7933.0,7934.0,7938.0,7940.0,7941.0,7943.0,7946.0,7951.0,7952.0,7953.0,7966.0,7968.0,7969.0,7972.0,7972.0,7981.0,7985.0,7990.0,7994.0,8000.0,8002.0,8006.0,8006.0,8011.0,8012.0,8015.0,8018.0,8019.0,8020.0,8024.0,8024.0,8029.0,8034.0,8035.0,8039.0,8042.0,8045.0,8048.0,8052.0,8055.0,8057.0,8069.0,8072.0,8079.0,8082.0,8088.0,8089.0,8090.0,8093.0,8096.0,8099.0,8100.0,8101.0,8101.0,8103.0,8103.0,8105.0,8108.0,8109.0,8112.0,8117.0,8119.0,8121.0,8124.0,8124.0,8129.0,,,,,,,,,8144.0,8146.0,8148.0,8150.0,8152.0,8157.0,8159.0,8161.0,8162.0,8164.0,8167.0,8170.0,8181.0,8191.0,8201.0,8211.0,8219.0,8223.0,8228.0,8229.0,8230.0,8232.0,8232.0,8233.0,8235.0,8235.0,8235.0,8236.0,8239.0,8241.0,8245.0,8246.0,8249.0,8252.0,8253.0,8255.0,8255.0,8258.0,8260.0,8260.0,8263.0,8266.0,8267.0,8268.0,8269.0,8269.0,8269.0,8271.0,8276.0,8278.0,8278.0,8282.0,8289.0,8294.0,8296.0,8297.0,8298.0,8302.0,8303.0,8306.0,8309.0,8309.0,8310.0,8311.0,8311.0,8313.0,8313.0,8313.0,8319.0,8324.0,8325.0,8326.0,8327.0,8329.0,8333.0,8335.0,8336.0,8338.0,8339.0,8339.0,8341.0,8342.0,8345.0,8347.0,8347.0,8348.0,8353.0,8360.0,8369.0,8386.0,8391.0,8394.0,8394.0,8396.0,8398.0,8401.0,8405.0,8405.0,8407.0,8413.0,8415.0,8421.0,8421.0,8425.0,8429.0,8431.0,8433.0,8434.0,8436.0,8443.0,8445.0,8447.0,8448.0,8449.0,8451.0,8452.0,8457.0,8457.0,8458.0,8459.0,8459.0,,8463.0,8464.0,8469.0,8473.0,8473.0,8474.0,8476.0,8480.0,8481.0,8483.0,8484.0,8486.0,8489.0,8490.0,8492.0,8494.0,8495.0,8497.0,8497.0,8497.0,8501.0,8503.0,8504.0,8505.0,8517.0,8521.0,8524.0,8526.0,8528.0,8528.0,8537.0,8540.0,8545.0,8550.0,8552.0,8552.0,8553.0,8555.0,8555.0,8555.0,8556.0,8558.0,8562.0,8564.0,8566.0,8566.0,8566.0,8568.0,8570.0,8570.0,8572.0,8572.0,8573.0,8575.0,8576.0,8577.0,8578.0,8581.0,8582.0,8583.0,8583.0,8584.0,8588.0,8588.0,8590.0,8591.0,8592.0,8593.0,8595.0,8596.0,8597.0,8597.0,8599.0,8600.0,8601.0,8603.0,8605.0,8607.0,8609.0,8611.0,8611.0,8612.0,8612.0,8618.0,8619.0,8619.0,8621.0,8622.0,8626.0,8626.0,8630.0,8633.0,8634.0,8635.0,8645.0,8724.0,8755.0,8776.0,8785.0,8791.0,8809.0,8814.0,8818.0,8820.0,8824.0,8829.0,8889.0,8948.0,8963.0,8972.0,8977.0,8981.0,8989.0,8995
gSCWnilMudw,416145.0,416276.0,416391.0,416490.0,416622.0,416751.0,416886.0,417032.0,417190.0,417331.0,417466.0,417574.0,417704.0,417812.0,417936.0,418060.0,418341.0,418475.0,418589.0,418727.0,418865.0,419037.0,419194.0,419334.0,419437.0,419568.0,419719.0,419858.0,420011.0,420163.0,420291.0,420404.0,420548.0,420709.0,420949.0,421133.0,421359.0,421527.0,421753.0,421900.0,422116.0,422311.0,422501.0,422699.0,422849.0,422985.0,423150.0,423299.0,423479.0,423667.0,423841.0,424019.0,424181.0,424348.0,424533.0,424699.0,424879.0,425047.0,425179.0,425346.0,425505.0,425669.0,425832.0,426014.0,426145.0,426281.0,426414.0,426558.0,426684.0,426854.0,427031.0,427176.0,427339.0,427448.0,427603.0,427743.0,427886.0,428022.0,428167.0,428287.0,428416.0,428585.0,428839.0,428967.0,429089.0,429233.0,429383.0,429520.0,429660.0,429781.0,429946.0,430073.0,430199.0,430337.0,430441.0,430596.0,430760.0,430904.0,431051.0,431229.0,431385.0,431519.0,431726.0,431927.0,432096.0,432243.0,432347.0,432485.0,432587.0,432742.0,432888.0,433016.0,433151.0,433295.0,433426.0,433519.0,433638.0,433772.0,433916.0,434044.0,434197.0,434330.0,434454.0,434605.0,434773.0,434931.0,435127.0,435286.0,435417.0,435566.0,435713.0,435882.0,436016.0,436169.0,,,,,,,,,437604.0,437797.0,437951.0,438113.0,438270.0,438430.0,438573.0,438711.0,438859.0,439025.0,439153.0,439339.0,439510.0,439635.0,439789.0,439927.0,440072.0,440233.0,440370.0,440509.0,440673.0,440784.0,440926.0,441101.0,441260.0,441409.0,441581.0,441769.0,441931.0,442108.0,442280.0,442424.0,442610.0,442796.0,442962.0,443107.0,443260.0,443411.0,443574.0,443752.0,443942.0,444102.0,444262.0,444383.0,444557.0,444725.0,444887.0,445071.0,445248.0,445406.0,445557.0,445740.0,445885.0,446018.0,446179.0,446301.0,446424.0,446538.0,446671.0,446801.0,446943.0,447083.0,447217.0,447320.0,447436.0,447581.0,447707.0,447827.0,447925.0,448049.0,448184.0,448308.0,448452.0,448548.0,448670.0,448808.0,448959.0,449088.0,449217.0,449332.0,449489.0,449618.0,449782.0,449923.0,450064.0,450185.0,450327.0,450459.0,450613.0,450732.0,450876.0,451024.0,451145.0,451287.0,451412.0,451542.0,451684.0,451850.0,451989.0,452097.0,452256.0,452426.0,452566.0,452721.0,452858.0,452981.0,453110.0,453244.0,453375.0,453544.0,453707.0,453854.0,454002.0,454142.0,454278.0,454404.0,454563.0,454699.0,454823.0,454953.0,455085.0,,455324.0,455481.0,455629.0,455742.0,455861.0,455988.0,456106.0,456224.0,456353.0,456468.0,456592.0,456699.0,456815.0,456930.0,457055.0,457157.0,457316.0,457436.0,457548.0,457667.0,457824.0,457945.0,458063.0,458171.0,458280.0,458391.0,458500.0,458600.0,458734.0,458851.0,458951.0,459042.0,459132.0,459235.0,459344.0,459467.0,459565.0,459683.0,459798.0,459883.0,460025.0,460147.0,460274.0,460418.0,460568.0,460688.0,460848.0,460980.0,461087.0,461250.0,461384.0,461520.0,461666.0,461794.0,461920.0,462033.0,462170.0,462314.0,462449.0,462576.0,462727.0,462852.0,463008.0,463170.0,463289.0,463409.0,463541.0,463681.0,463805.0,463950.0,464074.0,464216.0,464331.0,464475.0,464617.0,464740.0,464843.0,464973.0,465132.0,465272.0,465384.0,465497.0,465632.0,465746.0,465864.0,465987.0,466126.0,466245.0,466391.0,466502.0,466616.0,466719.0,466821.0,466913.0,467041.0,467145.0,467238.0,467360.0,467479.0,467599.0,467707.0,467832.0,467937.0,468052.0,468187.0,468310.0,468410.0,468566.0,468703.0,468857.0,469030.0,469192.0,469367.0,469480
wDuzNLfVmzQ,179770.0,179829.0,179876.0,179942.0,180017.0,180103.0,180165.0,180239.0,180322.0,180399.0,180455.0,180501.0,180557.0,180601.0,180663.0,180721.0,180800.0,180860.0,180922.0,180966.0,181047.0,181125.0,181192.0,181233.0,181273.0,181313.0,181366.0,181409.0,181458.0,181495.0,181549.0,181611.0,181678.0,181751.0,181876.0,181997.0,182092.0,182171.0,182274.0,182366.0,182432.0,182509.0,182594.0,182688.0,182788.0,182862.0,182963.0,183050.0,183141.0,183250.0,183344.0,183450.0,183540.0,183621.0,183700.0,183771.0,183857.0,183961.0,184031.0,184093.0,184169.0,184237.0,184294.0,184387.0,184475.0,184545.0,184648.0,184752.0,184833.0,184950.0,185043.0,185129.0,185203.0,185269.0,185360.0,185451.0,185518.0,185585.0,185660.0,185743.0,185822.0,185921.0,186005.0,186078.0,186174.0,186268.0,186349.0,186420.0,186509.0,186607.0,186709.0,186781.0,186872.0,186944.0,187016.0,187126.0,187219.0,187315.0,187395.0,187471.0,187545.0,187620.0,187711.0,187792.0,187873.0,187949.0,188036.0,188111.0,188167.0,188256.0,188332.0,188396.0,188464.0,188549.0,188618.0,188700.0,188783.0,188851.0,188925.0,189013.0,189086.0,189154.0,189225.0,189298.0,189379.0,189461.0,189545.0,189621.0,189703.0,189764.0,189835.0,189902.0,189981.0,190039.0,,,,,,,,,190691.0,190757.0,190834.0,190898.0,190990.0,191069.0,191135.0,191198.0,191274.0,191356.0,191446.0,191511.0,191601.0,191681.0,191752.0,191830.0,191894.0,191981.0,192042.0,192136.0,192224.0,192329.0,192426.0,192565.0,192665.0,192750.0,192869.0,192949.0,193034.0,193133.0,193213.0,193313.0,193368.0,193447.0,193512.0,193606.0,193674.0,193750.0,193827.0,193914.0,193961.0,194007.0,194087.0,194165.0,194266.0,194375.0,194489.0,194593.0,194689.0,194772.0,194873.0,194975.0,195079.0,195165.0,195260.0,195353.0,195442.0,195537.0,195622.0,195691.0,195774.0,195866.0,195958.0,196046.0,196118.0,196196.0,196271.0,196355.0,196434.0,196502.0,196591.0,196677.0,196759.0,196822.0,196904.0,196993.0,197070.0,197134.0,197211.0,197279.0,197359.0,197413.0,197486.0,197544.0,197607.0,197677.0,197746.0,197816.0,197896.0,197963.0,198046.0,198119.0,198178.0,198241.0,198314.0,198407.0,198464.0,198522.0,198594.0,198667.0,198730.0,198803.0,198877.0,198946.0,199004.0,199070.0,199143.0,199213.0,199276.0,199343.0,199416.0,199477.0,199540.0,199609.0,199668.0,199729.0,199785.0,199855.0,199907.0,199972.0,200034.0,,200148.0,200202.0,200257.0,200324.0,200366.0,200414.0,200462.0,200504.0,200566.0,200628.0,200691.0,200739.0,200819.0,200887.0,200964.0,201015.0,201086.0,201170.0,201228.0,201302.0,201374.0,201434.0,201497.0,201584.0,201626.0,201694.0,201750.0,201804.0,201889.0,201954.0,202019.0,202078.0,202141.0,202198.0,202233.0,202307.0,202384.0,202437.0,202491.0,202561.0,202625.0,202700.0,202764.0,202833.0,202907.0,202963.0,203035.0,203100.0,203180.0,203250.0,203352.0,203416.0,203488.0,203546.0,203616.0,203686.0,203735.0,203809.0,203864.0,203919.0,203982.0,204039.0,204105.0,204169.0,204242.0,204311.0,204365.0,204427.0,204486.0,204548.0,204617.0,204700.0,204757.0,204822.0,204881.0,204951.0,205032.0,205086.0,205162.0,205227.0,205300.0,205362.0,205416.0,205482.0,205544.0,205600.0,205655.0,205698.0,205745.0,205762.0,205782.0,205828.0,205865.0,205903.0,205928.0,205965.0,205998.0,206025.0,206058.0,206082.0,206122.0,206167.0,206209.0,206238.0,206265.0,206294.0,206329.0,206380.0,206408.0,206448.0,206468.0,206510.0,206542.0,206585
0NB8HG3fqDs,3476.0,3477.0,3480.0,3481.0,3483.0,3486.0,3487.0,3488.0,3488.0,3490.0,3494.0,3495.0,3498.0,3498.0,3500.0,3500.0,3502.0,3502.0,3502.0,3503.0,3506.0,3509.0,3512.0,3515.0,3518.0,3518.0,3520.0,3521.0,3521.0,3521.0,3523.0,3523.0,3523.0,3523.0,3525.0,3527.0,3528.0,3530.0,3530.0,3531.0,3531.0,3536.0,3540.0,3540.0,3544.0,3548.0,3549.0,3551.0,3551.0,3552.0,3553.0,3554.0,3556.0,3558.0,3558.0,3559.0,3560.0,3560.0,3562.0,3563.0,3563.0,3563.0,3564.0,3566.0,3568.0,3570.0,3570.0,3573.0,3574.0,3574.0,3577.0,3580.0,3581.0,3581.0,3584.0,3584.0,3584.0,3586.0,3588.0,3589.0,3590.0,3591.0,3592.0,3598.0,3598.0,3600.0,3602.0,3602.0,3604.0,3604.0,3605.0,3606.0,3609.0,3610.0,3610.0,3612.0,3614.0,3619.0,3619.0,3620.0,3620.0,3623.0,3624.0,3625.0,3627.0,3628.0,3628.0,3628.0,3628.0,3628.0,3630.0,3631.0,3631.0,3631.0,3633.0,3633.0,3634.0,3634.0,3637.0,3637.0,3637.0,3639.0,3639.0,3640.0,3641.0,3642.0,3642.0,3645.0,3648.0,3651.0,3653.0,3659.0,3660.0,3661.0,,,,,,,,,3680.0,3681.0,3681.0,3683.0,3696.0,3869.0,3923.0,3956.0,3990.0,4008.0,4027.0,4033.0,4039.0,4046.0,4050.0,4053.0,4058.0,4059.0,4063.0,4063.0,4064.0,4065.0,4066.0,4066.0,4066.0,4067.0,4067.0,4068.0,4069.0,4071.0,4073.0,4073.0,4074.0,4075.0,4078.0,4079.0,4079.0,4080.0,4083.0,4084.0,4085.0,4088.0,4089.0,4090.0,4090.0,4093.0,4096.0,4100.0,4102.0,4103.0,4105.0,4106.0,4109.0,4112.0,4122.0,4126.0,4131.0,4132.0,4132.0,4133.0,4138.0,4138.0,4142.0,4144.0,4145.0,4150.0,4153.0,4157.0,4157.0,4158.0,4159.0,4160.0,4163.0,4164.0,4166.0,4169.0,4170.0,4171.0,4172.0,4175.0,4177.0,4179.0,4180.0,4181.0,4182.0,4182.0,4183.0,4184.0,4185.0,4186.0,4186.0,4187.0,4187.0,4187.0,4189.0,4189.0,4193.0,4194.0,4196.0,4196.0,4196.0,4197.0,4197.0,4197.0,4200.0,4200.0,4200.0,4201.0,4203.0,4205.0,4205.0,4205.0,4205.0,4207.0,4207.0,4208.0,4208.0,4208.0,4208.0,4208.0,4208.0,,4211.0,4216.0,4216.0,4216.0,4216.0,4216.0,4216.0,4217.0,4217.0,4217.0,4217.0,4217.0,4217.0,4217.0,4218.0,4218.0,4218.0,4218.0,4219.0,4219.0,4219.0,4220.0,4221.0,4222.0,4222.0,4223.0,4223.0,4223.0,4223.0,4223.0,4223.0,4224.0,4224.0,4224.0,4224.0,4224.0,4224.0,4225.0,4225.0,4225.0,4225.0,4225.0,4225.0,4225.0,4226.0,4227.0,4227.0,4227.0,4230.0,4230.0,4230.0,4230.0,4231.0,4231.0,4232.0,4232.0,4232.0,4232.0,4233.0,4235.0,4236.0,4236.0,4236.0,4236.0,4236.0,4236.0,4236.0,4236.0,4236.0,4236.0,4237.0,4238.0,4238.0,4238.0,4238.0,4238.0,4238.0,4238.0,4240.0,4241.0,4242.0,4244.0,4246.0,4246.0,4248.0,4256.0,4259.0,4259.0,4259.0,4261.0,4262.0,4263.0,4265.0,4265.0,4266.0,4267.0,4267.0,4267.0,4268.0,4270.0,4270.0,4271.0,4271.0,4272.0,4273.0,4274.0,4274.0,4275.0,4279.0,4280.0,4280.0,4280.0,4281.0,4283
jimwny-Dlug,1210368.0,1210374.0,1210379.0,1210382.0,1210390.0,1210397.0,1210411.0,1210420.0,1210434.0,1210444.0,1210453.0,1210463.0,1210473.0,1210476.0,1210480.0,1210489.0,1210493.0,1210501.0,1210514.0,1210528.0,1210536.0,1210546.0,1210559.0,1210584.0,1210594.0,1210601.0,1210612.0,1210617.0,1210628.0,1210631.0,1210636.0,1210643.0,1210649.0,1210659.0,1210671.0,1210684.0,1210697.0,1210709.0,1210722.0,1210736.0,1210744.0,1210759.0,1210771.0,1210782.0,1210798.0,1210805.0,1210830.0,1210844.0,1210860.0,1210876.0,1210896.0,1210916.0,1210932.0,1210937.0,1210949.0,1210968.0,1210979.0,1210994.0,1211012.0,1211027.0,1211048.0,1211069.0,1211080.0,1211090.0,1211102.0,1211109.0,1211118.0,1211122.0,1211133.0,1211145.0,1211151.0,1211158.0,1211160.0,1211167.0,1211172.0,1211183.0,1211196.0,1211202.0,1211211.0,1211215.0,1211220.0,1211228.0,1211236.0,1211241.0,1211249.0,1211256.0,1211261.0,1211265.0,1211274.0,1211287.0,1211291.0,1211295.0,1211305.0,1211315.0,1211323.0,1211337.0,1211345.0,1211355.0,1211362.0,1211374.0,1211387.0,1211390.0,1211396.0,1211406.0,1211413.0,1211419.0,1211430.0,1211439.0,1211454.0,1211474.0,1211481.0,1211491.0,1211499.0,1211506.0,1211511.0,1211516.0,1211525.0,1211540.0,1211549.0,1211560.0,1211569.0,1211585.0,1211591.0,1211606.0,1211616.0,1211628.0,1211636.0,1211647.0,1211659.0,1211665.0,1211691.0,1211701.0,1211710.0,1211721.0,,,,,,,,,1211896.0,1211909.0,1211927.0,1211952.0,1211977.0,1212010.0,1212034.0,1212049.0,1212062.0,1212079.0,1212102.0,1212118.0,1212129.0,1212141.0,1212161.0,1212177.0,1212190.0,1212203.0,1212213.0,1212234.0,1212243.0,1212260.0,1212272.0,1212285.0,1212300.0,1212317.0,1212332.0,1212365.0,1212379.0,1212397.0,1212416.0,1212433.0,1212453.0,1212461.0,1212478.0,1212491.0,1212499.0,1212506.0,1212519.0,1212524.0,1212539.0,1212551.0,1212559.0,1212564.0,1212566.0,1212572.0,1212580.0,1212593.0,1212606.0,1212613.0,1212623.0,1212636.0,1212642.0,1212653.0,1212669.0,1212674.0,1212678.0,1212686.0,1212694.0,1212709.0,1212722.0,1212733.0,1212738.0,1212742.0,1212745.0,1212752.0,1212762.0,1212771.0,1212774.0,1212781.0,1212792.0,1212800.0,1212817.0,1212833.0,1212832.0,1212843.0,1212847.0,1212853.0,1212855.0,1212865.0,1212867.0,1212873.0,1212878.0,1212884.0,1212896.0,1212908.0,1212914.0,1212933.0,1212942.0,1212946.0,1212957.0,1212969.0,1212979.0,1212987.0,1212992.0,1213001.0,1213008.0,1213016.0,1213019.0,1213028.0,1213036.0,1213041.0,1213052.0,1213056.0,1213071.0,1213079.0,1213089.0,1213095.0,1213101.0,1213109.0,1213115.0,1213122.0,1213128.0,1213139.0,1213147.0,1213156.0,1213162.0,1213169.0,1213175.0,1213184.0,1213199.0,,1213226.0,1213231.0,1213246.0,1213271.0,1213291.0,1213303.0,1213314.0,1213332.0,1213343.0,1213354.0,1213357.0,1213380.0,1213400.0,1213417.0,1213426.0,1213436.0,1213450.0,1213472.0,1213489.0,1213504.0,1213512.0,1213537.0,1213544.0,1213557.0,1213566.0,1213580.0,1213588.0,1213598.0,1213601.0,1213608.0,1213623.0,1213633.0,1213649.0,1213662.0,1213682.0,1213689.0,1213700.0,1213714.0,1213723.0,1213733.0,1213741.0,1213757.0,1213771.0,1213776.0,1213786.0,1213802.0,1213812.0,1213825.0,1213833.0,1213841.0,1213861.0,1213871.0,1213887.0,1213919.0,1213927.0,1213946.0,1213962.0,1213975.0,1213993.0,1214009.0,1214034.0,1214053.0,1214078.0,1214083.0,1214092.0,1214104.0,1214112.0,1214123.0,1214131.0,1214150.0,1214159.0,1214166.0,1214175.0,1214182.0,1214191.0,1214203.0,1214231.0,1214251.0,1214257.0,1214277.0,1214295.0,1214300.0,1214313.0,1214330.0,1214348.0,1214363.0,1214378.0,1214387.0,1214397.0,1214405.0,1214416.0,1214421.0,1214430.0,1214436.0,1214453.0,1214464.0,1214473.0,1214481.0,1214489.0,1214508.0,1214521.0,1214536.0,1214548.0,1214563.0,1214576.0,1214585.0,1214594.0,1214603.0,1214613.0,1214627.0,1214629.0,1214637.0,1214653.0,1214655
Pqb5xvl8vfw,10727.0,10727.0,10727.0,10727.0,10727.0,10727.0,10727.0,10727.0,10727.0,10727.0,10727.0,10727.0,10727.0,10727.0,10727.0,10727.0,10727.0,10727.0,10727.0,10727.0,10727.0,10727.0,10727.0,10727.0,10727.0,10727.0,10727.0,10727.0,10727.0,10727.0,10727.0,10727.0,10727.0,10727.0,10727.0,10727.0,10727.0,10727.0,10727.0,10727.0,10727.0,10727.0,10727.0,10727.0,10727.0,10727.0,10727.0,10727.0,10727.0,10727.0,10727.0,10727.0,10727.0,10727.0,10727.0,10727.0,10727.0,10727.0,10727.0,10727.0,10727.0,10727.0,10727.0,10727.0,10727.0,10727.0,10727.0,10727.0,10727.0,10727.0,10727.0,10727.0,10727.0,10727.0,10727.0,10727.0,10727.0,10727.0,10727.0,10727.0,10727.0,10727.0,10727.0,10727.0,10727.0,10727.0,10727.0,10727.0,10727.0,10727.0,10727.0,10727.0,10727.0,10727.0,10727.0,10727.0,10727.0,10727.0,10727.0,10727.0,10727.0,10727.0,10727.0,10727.0,10727.0,10727.0,10727.0,10727.0,10727.0,10727.0,10727.0,10727.0,10727.0,10727.0,10727.0,10727.0,10727.0,10727.0,10727.0,10727.0,10727.0,10727.0,10727.0,10727.0,10727.0,10727.0,10727.0,10727.0,10727.0,10727.0,10727.0,10727.0,10727.0,10727.0,,,,,,,,,10727.0,10727.0,10727.0,10727.0,10727.0,10727.0,10727.0,10727.0,10727.0,10727.0,10727.0,10727.0,10727.0,10727.0,10727.0,10727.0,10727.0,10727.0,10727.0,10727.0,10727.0,10727.0,10727.0,10727.0,10727.0,10727.0,10727.0,10727.0,10727.0,10727.0,10727.0,10727.0,10727.0,10727.0,10727.0,10727.0,10727.0,10727.0,10727.0,10727.0,10727.0,10727.0,10727.0,10727.0,10727.0,10727.0,10727.0,10727.0,10727.0,10727.0,10727.0,10727.0,10727.0,10727.0,10727.0,10727.0,10727.0,10727.0,10727.0,10727.0,10727.0,10727.0,10727.0,10727.0,10727.0,10727.0,10727.0,10727.0,10727.0,10727.0,10727.0,10727.0,10727.0,10727.0,10727.0,10727.0,10727.0,10727.0,10727.0,10727.0,10727.0,10727.0,10727.0,10727.0,10727.0,10727.0,10727.0,10727.0,10727.0,10727.0,10727.0,10727.0,10727.0,10727.0,10727.0,10727.0,10727.0,10727.0,10727.0,10727.0,10727.0,10727.0,10727.0,10727.0,10727.0,10727.0,10727.0,10727.0,10727.0,10727.0,10727.0,10727.0,10727.0,10727.0,10727.0,10727.0,10727.0,10727.0,10727.0,10727.0,10727.0,,10727.0,10727.0,10727.0,10727.0,10727.0,10727.0,10727.0,10727.0,10727.0,10727.0,10727.0,10727.0,10727.0,10727.0,10727.0,10727.0,10727.0,10727.0,10727.0,10727.0,10727.0,10727.0,10727.0,10727.0,10727.0,10727.0,10727.0,10727.0,10727.0,10727.0,10727.0,10727.0,10727.0,10727.0,10727.0,10727.0,10727.0,10727.0,10727.0,10727.0,10727.0,10727.0,10727.0,10727.0,10727.0,10727.0,10727.0,10727.0,10727.0,10727.0,10727.0,10727.0,10727.0,10727.0,10727.0,10727.0,10727.0,10727.0,10727.0,10727.0,10727.0,10727.0,10727.0,10727.0,10727.0,10727.0,10727.0,10727.0,10727.0,10727.0,10727.0,10727.0,10727.0,10727.0,10727.0,10727.0,10727.0,10727.0,10727.0,10727.0,10727.0,10727.0,10727.0,10727.0,10727.0,10727.0,10727.0,10727.0,10727.0,10727.0,10727.0,10727.0,10727.0,10727.0,10727.0,10727.0,10727.0,10727.0,10727.0,10727.0,10727.0,10727.0,10727.0,10727.0,10727.0,10727.0,10727.0,10727.0,10727.0,10727.0,10727.0,10727.0,10727.0,10727
aouAQs0xRyY,26909.0,26914.0,26918.0,26922.0,26932.0,26939.0,26943.0,26948.0,26957.0,26970.0,26979.0,26980.0,26983.0,26987.0,26994.0,27006.0,27011.0,27013.0,27013.0,27019.0,27025.0,27031.0,27043.0,27046.0,27049.0,27052.0,27058.0,27066.0,27069.0,27075.0,27077.0,27084.0,27085.0,27089.0,27093.0,27098.0,27102.0,27106.0,27113.0,27116.0,27119.0,27121.0,27125.0,27128.0,27131.0,27133.0,27137.0,27141.0,27146.0,27149.0,27153.0,27156.0,27160.0,27161.0,27165.0,27166.0,27169.0,27168.0,27170.0,27172.0,27175.0,27178.0,27197.0,27211.0,27220.0,27226.0,27235.0,27239.0,27242.0,27249.0,27257.0,27264.0,27268.0,27280.0,27282.0,27287.0,27288.0,27290.0,27295.0,27299.0,27301.0,27304.0,27306.0,27308.0,27314.0,27320.0,27326.0,27330.0,27331.0,27336.0,27337.0,27340.0,27347.0,27351.0,27356.0,27357.0,27359.0,27361.0,27366.0,27373.0,27381.0,27385.0,27394.0,27399.0,27403.0,27407.0,27411.0,27414.0,27417.0,27417.0,27420.0,27424.0,27427.0,27431.0,27434.0,27435.0,27437.0,27440.0,27443.0,27446.0,27449.0,27450.0,27451.0,27453.0,27453.0,27458.0,27463.0,27473.0,27479.0,27480.0,27481.0,27488.0,27489.0,27495.0,,,,,,,,,27522.0,27522.0,27525.0,27534.0,27540.0,27545.0,27551.0,27557.0,27561.0,27563.0,27564.0,27569.0,27572.0,27573.0,27576.0,27577.0,27581.0,27588.0,27594.0,27602.0,27606.0,27608.0,27613.0,27613.0,27618.0,27623.0,27624.0,27626.0,27636.0,27641.0,27643.0,27646.0,27651.0,27653.0,27655.0,27657.0,27661.0,27664.0,27666.0,27668.0,27671.0,27674.0,27679.0,27685.0,27688.0,27692.0,27707.0,27708.0,27716.0,27718.0,27723.0,27726.0,27726.0,27727.0,27731.0,27734.0,27735.0,27739.0,27739.0,27741.0,27746.0,27747.0,27750.0,27754.0,27760.0,27763.0,27766.0,27766.0,27769.0,27772.0,27773.0,27774.0,27780.0,27786.0,27789.0,27797.0,27802.0,27809.0,27810.0,27813.0,27815.0,27816.0,27818.0,27821.0,27824.0,27826.0,27828.0,27829.0,27829.0,27831.0,27835.0,27836.0,27840.0,27841.0,27844.0,27847.0,27849.0,27853.0,27856.0,27858.0,27860.0,27861.0,27864.0,27866.0,27871.0,27871.0,27871.0,27872.0,27873.0,27875.0,27880.0,27884.0,27888.0,27890.0,27892.0,27894.0,27898.0,27900.0,27903.0,27909.0,27909.0,,27915.0,27919.0,27922.0,27925.0,27928.0,27931.0,27932.0,27934.0,27937.0,27939.0,27942.0,27943.0,27945.0,27947.0,27949.0,27953.0,27957.0,27963.0,27964.0,27967.0,27969.0,27972.0,27977.0,27979.0,27979.0,27980.0,27982.0,27983.0,27983.0,27984.0,27986.0,27987.0,27990.0,27992.0,27996.0,27998.0,27997.0,28000.0,28008.0,28009.0,28009.0,28012.0,28013.0,28018.0,28020.0,28023.0,28025.0,28026.0,28027.0,28029.0,28031.0,28036.0,28040.0,28044.0,28045.0,28045.0,28046.0,28048.0,28052.0,28053.0,28053.0,28054.0,28057.0,28060.0,28061.0,28064.0,28066.0,28069.0,28074.0,28078.0,28083.0,28085.0,28085.0,28085.0,28088.0,28091.0,28091.0,28096.0,28099.0,28102.0,28103.0,28106.0,28110.0,28114.0,28118.0,28124.0,28125.0,28132.0,28136.0,28143.0,28149.0,28153.0,28163.0,28175.0,28179.0,28183.0,28187.0,28193.0,28196.0,28196.0,28198.0,28201.0,28202.0,28204.0,28209.0,28212.0,28214.0,28216.0,28217.0,28217.0,28220.0,28223.0,28225.0,28230
MuHt2Xc1ja0,19451.0,19458.0,19462.0,19466.0,19485.0,19499.0,19501.0,19505.0,19514.0,19515.0,19523.0,19528.0,19535.0,19544.0,19548.0,19556.0,19560.0,19567.0,19574.0,19585.0,19594.0,19602.0,19609.0,19612.0,19622.0,19628.0,19642.0,19651.0,19660.0,19666.0,19669.0,19680.0,19687.0,19691.0,19700.0,19702.0,19708.0,19716.0,19720.0,19726.0,19730.0,19733.0,19736.0,19741.0,19744.0,19750.0,19753.0,19754.0,19755.0,19756.0,19758.0,19761.0,19764.0,19770.0,19776.0,19778.0,19780.0,19783.0,19786.0,19792.0,19797.0,19799.0,19802.0,19805.0,19812.0,19812.0,19825.0,19828.0,19831.0,19841.0,19849.0,19849.0,19850.0,19855.0,19862.0,19865.0,19867.0,19872.0,19875.0,19877.0,19883.0,19885.0,19890.0,19896.0,19900.0,19901.0,19906.0,19908.0,19911.0,19911.0,19914.0,19917.0,19921.0,19927.0,19931.0,19935.0,19937.0,19938.0,19942.0,19947.0,19947.0,19951.0,19955.0,19956.0,19956.0,19959.0,19966.0,19979.0,19980.0,19981.0,19983.0,19987.0,19990.0,19993.0,19995.0,19999.0,20003.0,20006.0,20006.0,20012.0,20019.0,20027.0,20028.0,20032.0,20036.0,20037.0,20037.0,20041.0,20043.0,20047.0,20049.0,20052.0,20052.0,20054.0,,,,,,,,,20064.0,20068.0,20069.0,20071.0,20072.0,20077.0,20081.0,20089.0,20095.0,20098.0,20103.0,20107.0,20108.0,20112.0,20118.0,20119.0,20120.0,20123.0,20129.0,20130.0,20135.0,20139.0,20141.0,20144.0,20154.0,20165.0,20169.0,20174.0,20177.0,20180.0,20184.0,20184.0,20189.0,20194.0,20197.0,20200.0,20204.0,20209.0,20212.0,20215.0,20218.0,20219.0,20219.0,20218.0,20220.0,20222.0,20228.0,20229.0,20234.0,20234.0,20238.0,20241.0,20241.0,20244.0,20248.0,20256.0,20260.0,20264.0,20274.0,20284.0,20287.0,20288.0,20290.0,20293.0,20295.0,20299.0,20306.0,20311.0,20323.0,20343.0,20370.0,20381.0,20392.0,20394.0,20398.0,20403.0,20408.0,20415.0,20420.0,20427.0,20438.0,20445.0,20449.0,20455.0,20466.0,20472.0,20482.0,20486.0,20491.0,20505.0,20525.0,20528.0,20532.0,20537.0,20540.0,20542.0,20553.0,20556.0,20559.0,20566.0,20568.0,20569.0,20570.0,20571.0,20574.0,20580.0,20583.0,20585.0,20591.0,20595.0,20605.0,20613.0,20617.0,20622.0,20629.0,20636.0,20638.0,20645.0,20656.0,20663.0,20665.0,,20677.0,20680.0,20685.0,20686.0,20690.0,20695.0,20700.0,20703.0,20704.0,20705.0,20706.0,20712.0,20717.0,20718.0,20720.0,20722.0,20723.0,20726.0,20730.0,20734.0,20740.0,20744.0,20747.0,20751.0,20754.0,20755.0,20758.0,20760.0,20767.0,20770.0,20771.0,20772.0,20772.0,20777.0,20779.0,20780.0,20789.0,20797.0,20804.0,20811.0,20816.0,20823.0,20829.0,20831.0,20835.0,20848.0,20854.0,20859.0,20863.0,20867.0,20879.0,20880.0,20890.0,20896.0,20898.0,20903.0,20908.0,20911.0,20912.0,20915.0,20915.0,20918.0,20922.0,20925.0,20927.0,20932.0,20946.0,20961.0,20969.0,20980.0,20986.0,20988.0,20990.0,20992.0,20997.0,21001.0,21003.0,21012.0,21020.0,21022.0,21026.0,21027.0,21032.0,21037.0,21038.0,21041.0,21046.0,21048.0,21052.0,21057.0,21062.0,21068.0,21069.0,21071.0,21075.0,21079.0,21081.0,21082.0,21084.0,21085.0,21090.0,21095.0,21097.0,21102.0,21103.0,21104.0,21105.0,21107.0,21109.0,21111.0,21112.0,21114.0,21119.0,21123
YUtGxjyUJLI,281469.0,281529.0,281599.0,281638.0,281694.0,281754.0,281832.0,281884.0,281944.0,282016.0,282065.0,282129.0,282186.0,282231.0,282286.0,282358.0,282422.0,282469.0,282533.0,282606.0,282670.0,282735.0,282801.0,282861.0,282903.0,282960.0,283030.0,283099.0,283178.0,283253.0,283305.0,283355.0,283411.0,283486.0,283567.0,283642.0,283711.0,283787.0,283817.0,283871.0,283938.0,283984.0,284030.0,284088.0,284151.0,284193.0,284232.0,284313.0,284383.0,284453.0,284522.0,284565.0,284617.0,284657.0,284733.0,284793.0,284864.0,284930.0,285009.0,285053.0,285125.0,285204.0,285287.0,285355.0,285435.0,285490.0,285535.0,285588.0,285640.0,285715.0,285801.0,285863.0,285940.0,285996.0,286057.0,286135.0,286213.0,286280.0,286378.0,286469.0,286535.0,286648.0,286748.0,286842.0,286909.0,286977.0,287052.0,287116.0,287218.0,287331.0,287450.0,287567.0,287682.0,287775.0,287838.0,287956.0,288041.0,288158.0,288241.0,288348.0,288459.0,288539.0,288633.0,288711.0,288788.0,288876.0,288955.0,289036.0,289127.0,289201.0,289298.0,289369.0,289443.0,289550.0,289645.0,289777.0,289912.0,289966.0,290015.0,290070.0,290120.0,290166.0,290203.0,290235.0,290279.0,290330.0,290366.0,290413.0,290463.0,290486.0,290533.0,290567.0,290605.0,290655.0,,,,,,,,,291131.0,291162.0,291217.0,291277.0,291306.0,291374.0,291420.0,291458.0,291492.0,291559.0,291656.0,291740.0,291812.0,291859.0,291898.0,291936.0,292010.0,292051.0,292102.0,292149.0,292198.0,292255.0,292317.0,292395.0,292460.0,292530.0,292634.0,292714.0,292803.0,292864.0,292935.0,292993.0,293061.0,293122.0,293177.0,293227.0,293261.0,293315.0,293364.0,293427.0,293490.0,293560.0,293625.0,293687.0,293786.0,293858.0,293915.0,294001.0,294065.0,294127.0,294198.0,294257.0,294313.0,294363.0,294412.0,294481.0,294520.0,294561.0,294613.0,294664.0,294710.0,294739.0,294770.0,294808.0,294847.0,294884.0,294919.0,294962.0,294985.0,295005.0,295049.0,295092.0,295138.0,295172.0,295217.0,295262.0,295317.0,295385.0,295424.0,295481.0,295548.0,295590.0,295632.0,295679.0,295711.0,295732.0,295764.0,295810.0,295851.0,295898.0,295943.0,296011.0,296049.0,296115.0,296186.0,296240.0,296292.0,296368.0,296418.0,296470.0,296513.0,296552.0,296593.0,296633.0,296671.0,296708.0,296726.0,296752.0,296792.0,296828.0,296867.0,296896.0,296942.0,296991.0,297022.0,297060.0,297086.0,297127.0,297183.0,297224.0,297250.0,,297327.0,297377.0,297412.0,297451.0,297476.0,297507.0,297528.0,297561.0,297585.0,297643.0,297673.0,297708.0,297749.0,297796.0,297838.0,297892.0,297958.0,298019.0,298070.0,298108.0,298142.0,298173.0,298200.0,298241.0,298280.0,298306.0,298332.0,298358.0,298402.0,298454.0,298495.0,298525.0,298552.0,298574.0,298592.0,298628.0,298659.0,298691.0,298717.0,298741.0,298757.0,298785.0,298814.0,298842.0,298882.0,298908.0,298960.0,298992.0,299043.0,299085.0,299135.0,299167.0,299209.0,299254.0,299275.0,299307.0,299344.0,299387.0,299437.0,299478.0,299510.0,299537.0,299584.0,299612.0,299654.0,299698.0,299724.0,299767.0,299792.0,299844.0,299880.0,299948.0,299999.0,300065.0,300131.0,300180.0,300226.0,300286.0,300339.0,300378.0,300415.0,300449.0,300473.0,300518.0,300554.0,300581.0,300615.0,300657.0,300689.0,300724.0,300761.0,300834.0,300886.0,300941.0,301003.0,301060.0,301084.0,301129.0,301182.0,301216.0,301269.0,301303.0,301333.0,301377.0,301440.0,301485.0,301549.0,301593.0,301686.0,301753.0,301787.0,301821.0,301880.0,301919
LPaN0mjaM_o,67317.0,67357.0,67417.0,67468.0,67514.0,67574.0,67628.0,67683.0,67735.0,67792.0,67828.0,67867.0,67953.0,68026.0,68097.0,68167.0,68235.0,68284.0,68322.0,68379.0,68458.0,68515.0,68586.0,68656.0,68731.0,68795.0,68860.0,68916.0,69011.0,69130.0,69191.0,69266.0,69326.0,69384.0,69461.0,69517.0,69588.0,69659.0,69709.0,69765.0,69838.0,69906.0,69988.0,70084.0,70167.0,70323.0,70436.0,70547.0,70643.0,70717.0,70800.0,70888.0,70944.0,71011.0,71086.0,71162.0,71215.0,71277.0,71378.0,71435.0,71495.0,71570.0,71627.0,71687.0,71759.0,71856.0,71901.0,71985.0,72054.0,72121.0,72194.0,72251.0,72309.0,72364.0,72472.0,72557.0,72640.0,72743.0,72851.0,72939.0,73009.0,73086.0,73147.0,73225.0,73312.0,73412.0,73500.0,73558.0,73622.0,73690.0,73752.0,73823.0,73887.0,73969.0,74020.0,74081.0,74155.0,74255.0,74334.0,74401.0,74471.0,74532.0,74593.0,74654.0,74710.0,74776.0,74859.0,74899.0,74943.0,74992.0,75051.0,75092.0,75131.0,75186.0,75216.0,75240.0,75266.0,75296.0,75326.0,75372.0,75402.0,75429.0,75454.0,75480.0,75502.0,75530.0,75557.0,75595.0,75613.0,75631.0,75664.0,75699.0,75737.0,75780.0,,,,,,,,,76088.0,76103.0,76130.0,76155.0,76191.0,76226.0,76260.0,76292.0,76313.0,76352.0,76388.0,76425.0,76460.0,76485.0,76511.0,76534.0,76564.0,76595.0,76633.0,76661.0,76695.0,76725.0,76755.0,76782.0,76810.0,76849.0,76898.0,76926.0,76963.0,76977.0,77004.0,77046.0,77073.0,77102.0,77134.0,77160.0,77188.0,77215.0,77250.0,77278.0,77302.0,77348.0,77371.0,77390.0,77413.0,77434.0,77461.0,77517.0,77559.0,77611.0,77638.0,77661.0,77703.0,77727.0,77758.0,77798.0,77823.0,77850.0,77885.0,77913.0,77951.0,77973.0,78004.0,78033.0,78055.0,78079.0,78113.0,78157.0,78183.0,78207.0,78234.0,78266.0,78293.0,78322.0,78363.0,78412.0,78445.0,78474.0,78510.0,78532.0,78566.0,78595.0,78624.0,78666.0,78699.0,78718.0,78741.0,78764.0,78790.0,78823.0,78852.0,78867.0,78880.0,78908.0,78933.0,78963.0,78978.0,78993.0,79029.0,79045.0,79060.0,79089.0,79103.0,79136.0,79163.0,79183.0,79205.0,79223.0,79254.0,79279.0,79290.0,79313.0,79330.0,79348.0,79359.0,79372.0,79402.0,79430.0,79459.0,79477.0,79493.0,,79548.0,79567.0,79592.0,79621.0,79648.0,79666.0,79676.0,79697.0,79725.0,79752.0,79775.0,79788.0,79812.0,79835.0,79865.0,79907.0,79944.0,79991.0,80025.0,80049.0,80081.0,80115.0,80162.0,80194.0,80222.0,80248.0,80284.0,80304.0,80318.0,80347.0,80366.0,80387.0,80404.0,80420.0,80433.0,80448.0,80478.0,80514.0,80546.0,80565.0,80581.0,80607.0,80634.0,80666.0,80693.0,80717.0,80744.0,80775.0,80813.0,80857.0,80901.0,80933.0,80982.0,81022.0,81046.0,81076.0,81117.0,81146.0,81200.0,81244.0,81290.0,81317.0,81353.0,81386.0,81432.0,81464.0,81524.0,81567.0,81611.0,81667.0,81732.0,81781.0,81848.0,81940.0,82018.0,82075.0,82156.0,82262.0,82356.0,82452.0,82547.0,82608.0,82654.0,82685.0,82736.0,82761.0,82793.0,82826.0,82856.0,82889.0,82913.0,82945.0,82978.0,83011.0,83033.0,83069.0,83093.0,83116.0,83149.0,83178.0,83197.0,83214.0,83240.0,83261.0,83300.0,83333.0,83359.0,83393.0,83422.0,83446.0,83475.0,83496.0,83521.0,83551
7OOLoKL5qD8,3305592.0,3308557.0,3311578.0,3314335.0,3317639.0,3321179.0,3324420.0,3328105.0,3331830.0,3334948.0,3337665.0,3340799.0,3344156.0,3347432.0,3350863.0,3354243.0,3357523.0,3360643.0,3363879.0,3367357.0,3370854.0,3374617.0,3378272.0,3381435.0,3384069.0,3387219.0,3390525.0,3393857.0,3397172.0,3400345.0,3403053.0,3405790.0,3409113.0,3412568.0,3416228.0,3419734.0,3423224.0,3426097.0,3428641.0,3431784.0,3435147.0,3438701.0,3441906.0,3445013.0,3447982.0,3450635.0,3453572.0,3457246.0,3460708.0,3463541.0,3466459.0,3469227.0,3471503.0,3474189.0,3477061.0,3479956.0,3482866.0,3485639.0,3488272.0,3490610.0,3492988.0,3495699.0,3498434.0,3500908.0,3503504.0,3505954.0,3508304.0,3510897.0,3513115.0,3516358.0,3519216.0,3521875.0,3524389.0,3526757.0,3529345.0,3532181.0,3535052.0,3538078.0,3540964.0,3543837.0,3546456.0,3549392.0,3552688.0,3556195.0,3559785.0,3563236.0,3566380.0,3569041.0,3572374.0,3575609.0,3579004.0,3582282.0,3585664.0,3588578.0,3591343.0,3594497.0,3597907.0,3601202.0,3604619.0,3607929.0,3610961.0,3613680.0,3616635.0,3619546.0,3622538.0,3625611.0,3628725.0,3631442.0,3634075.0,3637337.0,3640617.0,3643983.0,3647235.0,3650528.0,3653347.0,3655890.0,3658785.0,3662008.0,3665494.0,3668852.0,3671840.0,3674388.0,3676832.0,3679703.0,3682745.0,3685857.0,3689042.0,3692336.0,3695230.0,3698081.0,3701699.0,3705147.0,3708814.0,3712189.0,,,,,,,,,3743248.0,3746095.0,3749338.0,3752945.0,3756387.0,3760077.0,3763345.0,3766290.0,3769465.0,3773263.0,3777323.0,3781405.0,3785595.0,3789489.0,3792727.0,3795875.0,3799435.0,3802958.0,3806684.0,3810000.0,3813444.0,3816615.0,3819683.0,3823184.0,3826701.0,3830033.0,3833593.0,3837171.0,3840232.0,3843110.0,3846387.0,3849788.0,3853338.0,3856566.0,3859678.0,3862455.0,3865084.0,3867877.0,3870980.0,3873908.0,3876766.0,3879643.0,3882267.0,3884825.0,3887805.0,3891020.0,3894216.0,3897377.0,3900495.0,3903104.0,3905289.0,3908268.0,3911099.0,3914118.0,3917135.0,3920023.0,3922563.0,3924939.0,3927711.0,3930633.0,3933374.0,3935627.0,3938033.0,3940487.0,3942834.0,3945721.0,3949185.0,3952272.0,3955226.0,3957997.0,3960995.0,3964014.0,3967121.0,3970375.0,3973474.0,3976821.0,3980237.0,3983189.0,3985904.0,3989070.0,3992201.0,3995099.0,3998714.0,4002176.0,4005310.0,4008009.0,4011165.0,4014757.0,4018256.0,4021801.0,4025488.0,4028291.0,4031082.0,4034420.0,4037776.0,4041270.0,4045014.0,4048544.0,4051779.0,4054670.0,4058188.0,4061795.0,4065598.0,4069454.0,4073234.0,4076570.0,4079552.0,4083138.0,4086875.0,4090255.0,4093685.0,4097098.0,4100213.0,4103167.0,4106092.0,4108966.0,4111621.0,4114307.0,4117045.0,4120144.0,4122930.0,,4129148.0,4132439.0,4135864.0,4139454.0,4142777.0,4146088.0,4149473.0,4152931.0,4156754.0,4160944.0,4164316.0,4167665.0,4170978.0,4174800.0,4178535.0,4182456.0,4186467.0,4190443.0,4193857.0,4196801.0,4200050.0,4203668.0,4207357.0,4211010.0,4214527.0,4217582.0,4220527.0,4223966.0,4227953.0,4232155.0,4236097.0,4239253.0,4242591.0,4245482.0,4249077.0,4252713.0,4256216.0,4259797.0,4263023.0,4266040.0,4268933.0,4272041.0,4275465.0,4278757.0,4282153.0,4285532.0,4288348.0,4290674.0,4293425.0,4295997.0,4298468.0,4301306.0,4303923.0,4306360.0,4308477.0,4310792.0,4313414.0,4316035.0,4318731.0,4321631.0,4324188.0,4326679.0,4329554.0,4333038.0,4336413.0,4339812.0,4342705.0,4345390.0,4347863.0,4350851.0,4353779.0,4356907.0,4360004.0,4363289.0,4366613.0,4369653.0,4373104.0,4376249.0,4379324.0,4382321.0,4385421.0,4388054.0,4390359.0,4393158.0,4396283.0,4399311.0,4402101.0,4404722.0,4407144.0,4409394.0,4411830.0,4414485.0,4417074.0,4419506.0,4421977.0,4424115.0,4426154.0,4428423.0,4430827.0,4433013.0,4435477.0,4437871.0,4440036.0,4442136.0,4444715.0,4447524.0,4450408.0,4453235.0,4455840.0,4458266.0,4460424.0,4462901.0,4465355.0,4467750
aLGj4OfxvlU,124579.0,124618.0,124652.0,124691.0,124728.0,124757.0,124792.0,124838.0,124871.0,124918.0,124963.0,125004.0,125042.0,125076.0,125123.0,125179.0,125235.0,125270.0,125307.0,125347.0,125398.0,125428.0,125467.0,125502.0,125550.0,125593.0,125629.0,125673.0,125711.0,125755.0,125794.0,125841.0,125883.0,125919.0,125959.0,126007.0,126056.0,126106.0,126138.0,126176.0,126203.0,126251.0,126283.0,126321.0,126369.0,126404.0,126451.0,126486.0,126522.0,126559.0,126583.0,126633.0,126683.0,126712.0,126765.0,126798.0,126830.0,126864.0,126907.0,126938.0,126978.0,127020.0,127065.0,127108.0,127151.0,127189.0,127219.0,127243.0,127276.0,127316.0,127358.0,127381.0,127421.0,127471.0,127500.0,127543.0,127586.0,127639.0,127665.0,127705.0,127734.0,127770.0,127799.0,127824.0,127871.0,127914.0,127943.0,127980.0,128014.0,128046.0,128087.0,128123.0,128159.0,128202.0,128234.0,128290.0,128322.0,128373.0,128408.0,128449.0,128489.0,128514.0,128558.0,128597.0,128636.0,128685.0,128726.0,128774.0,128821.0,128861.0,128902.0,128958.0,129000.0,129064.0,129115.0,129147.0,129191.0,129233.0,129281.0,129331.0,129379.0,129423.0,129459.0,129505.0,129536.0,129573.0,129612.0,129650.0,129681.0,129717.0,129756.0,129800.0,129842.0,129882.0,,,,,,,,,130267.0,130301.0,130345.0,130396.0,130433.0,130473.0,130506.0,130545.0,130577.0,130608.0,130633.0,130662.0,130695.0,130743.0,130776.0,130810.0,130835.0,130868.0,130901.0,130938.0,130972.0,131006.0,131033.0,131059.0,131083.0,131126.0,131166.0,131217.0,131264.0,131291.0,131319.0,131364.0,131393.0,131440.0,131469.0,131519.0,131539.0,131585.0,131619.0,131658.0,131694.0,131730.0,131769.0,131796.0,131834.0,131869.0,131896.0,131934.0,131974.0,132010.0,132059.0,132091.0,132119.0,132145.0,132184.0,132225.0,132250.0,132263.0,132305.0,132334.0,132364.0,132390.0,132417.0,132445.0,132468.0,132492.0,132526.0,132553.0,132575.0,132602.0,132642.0,132663.0,132703.0,132728.0,132761.0,132800.0,132827.0,132850.0,132868.0,132896.0,132914.0,132944.0,132979.0,133005.0,133041.0,133071.0,133101.0,133134.0,133179.0,133204.0,133233.0,133260.0,133288.0,133324.0,133357.0,133390.0,133415.0,133451.0,133481.0,133504.0,133537.0,133568.0,133615.0,133646.0,133671.0,133708.0,133735.0,133762.0,133786.0,133821.0,133847.0,133868.0,133899.0,133928.0,133950.0,133980.0,134008.0,134032.0,134072.0,134101.0,134133.0,,134194.0,134229.0,134261.0,134297.0,134322.0,134361.0,134384.0,134429.0,134470.0,134492.0,134526.0,134559.0,134582.0,134615.0,134650.0,134684.0,134717.0,134748.0,134778.0,134801.0,134835.0,134872.0,134907.0,134949.0,134971.0,134997.0,135020.0,135054.0,135080.0,135117.0,135139.0,135156.0,135173.0,135193.0,135213.0,135236.0,135259.0,135280.0,135308.0,135332.0,135353.0,135381.0,135400.0,135426.0,135457.0,135473.0,135499.0,135529.0,135553.0,135594.0,135618.0,135655.0,135683.0,135711.0,135731.0,135754.0,135784.0,135809.0,135840.0,135887.0,135905.0,135930.0,135956.0,135980.0,136012.0,136035.0,136071.0,136096.0,136117.0,136148.0,136175.0,136197.0,136219.0,136244.0,136266.0,136285.0,136319.0,136356.0,136395.0,136428.0,136455.0,136487.0,136702.0,136847.0,136962.0,137024.0,137065.0,137107.0,137160.0,137207.0,137244.0,137292.0,137346.0,137391.0,137434.0,137466.0,137498.0,137533.0,137569.0,137592.0,137622.0,137651.0,137686.0,137725.0,137749.0,137785.0,137811.0,137842.0,137876.0,137900.0,137930.0,137956.0,137984.0,138016
L1XKZEy41-U,3831.0,3833.0,3833.0,3836.0,3837.0,3839.0,3840.0,3843.0,3843.0,3844.0,3847.0,3847.0,3848.0,3848.0,3848.0,3852.0,3853.0,3855.0,3859.0,3860.0,3863.0,3864.0,3866.0,3867.0,3868.0,3871.0,3872.0,3873.0,3876.0,3878.0,3879.0,3880.0,3880.0,3881.0,3887.0,3896.0,3903.0,3907.0,3914.0,3918.0,3921.0,3923.0,3928.0,3932.0,3935.0,3939.0,3942.0,3942.0,3943.0,3944.0,3945.0,3946.0,3948.0,3949.0,3949.0,3951.0,3953.0,3954.0,3958.0,3958.0,3960.0,3964.0,3967.0,3969.0,3970.0,3972.0,3972.0,3974.0,3976.0,3977.0,3977.0,3979.0,3981.0,3984.0,3988.0,4000.0,4003.0,4003.0,4003.0,4008.0,4009.0,4009.0,4014.0,4014.0,4019.0,4024.0,4025.0,4029.0,4037.0,4039.0,4040.0,4042.0,4046.0,4049.0,4055.0,4058.0,4061.0,4064.0,4072.0,4079.0,4081.0,4086.0,4090.0,4094.0,4096.0,4100.0,4102.0,4111.0,4122.0,4128.0,4133.0,4137.0,4140.0,4141.0,4145.0,4150.0,4153.0,4154.0,4161.0,4163.0,4167.0,4175.0,4182.0,4187.0,4195.0,4196.0,4197.0,4203.0,4206.0,4208.0,4211.0,4215.0,4223.0,4225.0,,,,,,,,,4252.0,4259.0,4264.0,4270.0,4276.0,4279.0,4286.0,4290.0,4294.0,4300.0,4303.0,4304.0,4305.0,4308.0,4310.0,4310.0,4311.0,4313.0,4313.0,4315.0,4319.0,4319.0,4323.0,4326.0,4327.0,4329.0,4331.0,4334.0,4335.0,4336.0,4338.0,4339.0,4341.0,4346.0,4351.0,4355.0,4358.0,4360.0,4362.0,4365.0,4369.0,4371.0,4371.0,4375.0,4375.0,4378.0,4381.0,4385.0,4389.0,4391.0,4396.0,4401.0,4409.0,4410.0,4411.0,4412.0,4413.0,4417.0,4419.0,4420.0,4422.0,4422.0,4422.0,4424.0,4428.0,4429.0,4431.0,4433.0,4435.0,4437.0,4440.0,4447.0,4448.0,4454.0,4455.0,4462.0,4463.0,4464.0,4467.0,4468.0,4470.0,4470.0,4474.0,4479.0,4480.0,4481.0,4481.0,4483.0,4485.0,4487.0,4489.0,4491.0,4493.0,4494.0,4495.0,4498.0,4499.0,4500.0,4501.0,4503.0,4503.0,4503.0,4505.0,4506.0,4509.0,4513.0,4516.0,4516.0,4517.0,4517.0,4521.0,4522.0,4524.0,4524.0,4524.0,4524.0,4525.0,4525.0,4526.0,4527.0,4529.0,,4533.0,4534.0,4537.0,4539.0,4540.0,4540.0,4542.0,4544.0,4544.0,4545.0,4547.0,4549.0,4550.0,4553.0,4555.0,4558.0,4561.0,4563.0,4563.0,4563.0,4565.0,4569.0,4570.0,4576.0,4580.0,4580.0,4583.0,4583.0,4583.0,4587.0,4592.0,4593.0,4594.0,4595.0,4596.0,4598.0,4600.0,4602.0,4603.0,4605.0,4606.0,4608.0,4610.0,4616.0,4617.0,4630.0,4629.0,4632.0,4632.0,4634.0,4637.0,4638.0,4638.0,4639.0,4640.0,4643.0,4644.0,4645.0,4645.0,4648.0,4649.0,4649.0,4649.0,4651.0,4652.0,4654.0,4655.0,4657.0,4657.0,4660.0,4661.0,4665.0,4669.0,4672.0,4681.0,4685.0,4686.0,4685.0,4686.0,4687.0,4688.0,4689.0,4691.0,4691.0,4692.0,4694.0,4694.0,4695.0,4695.0,4696.0,4697.0,4698.0,4698.0,4700.0,4701.0,4701.0,4702.0,4706.0,4707.0,4709.0,4712.0,4713.0,4715.0,4716.0,4720.0,4720.0,4720.0,4720.0,4726.0,4730.0,4732.0,4734.0,4734.0,4734
VV1bSoDqmjs,7900.0,7900.0,7902.0,7903.0,7906.0,7906.0,7914.0,7914.0,7915.0,7916.0,7917.0,7919.0,7921.0,7922.0,7922.0,7922.0,7924.0,7925.0,7925.0,7925.0,7927.0,7929.0,7930.0,7932.0,7934.0,7935.0,7937.0,7937.0,7938.0,7939.0,7941.0,7941.0,7943.0,7943.0,7945.0,7946.0,7948.0,7950.0,7950.0,7956.0,7957.0,7959.0,7960.0,7961.0,7962.0,7963.0,7965.0,7965.0,7966.0,7968.0,7970.0,7970.0,7970.0,7972.0,7972.0,7974.0,7977.0,7980.0,7983.0,7983.0,7986.0,7987.0,7987.0,7987.0,7991.0,7994.0,7995.0,7998.0,7999.0,8000.0,8000.0,8001.0,8005.0,8006.0,8006.0,8010.0,8012.0,8013.0,8013.0,8013.0,8013.0,8013.0,8015.0,8016.0,8018.0,8020.0,8021.0,8022.0,8024.0,8026.0,8026.0,8030.0,8030.0,8031.0,8031.0,8034.0,8036.0,8036.0,8039.0,8040.0,8040.0,8043.0,8045.0,8046.0,8044.0,8048.0,8048.0,8048.0,8047.0,8048.0,8049.0,8052.0,8053.0,8053.0,8057.0,8058.0,8059.0,8059.0,8059.0,8060.0,8060.0,8061.0,8065.0,8065.0,8066.0,8069.0,8070.0,8070.0,8071.0,8073.0,8073.0,8073.0,8074.0,8074.0,,,,,,,,,8080.0,8082.0,8082.0,8083.0,8083.0,8084.0,8086.0,8086.0,8086.0,8086.0,8086.0,8087.0,8088.0,8088.0,8090.0,8091.0,8091.0,8091.0,8090.0,8090.0,8090.0,8090.0,8092.0,8092.0,8092.0,8092.0,8093.0,8093.0,8094.0,8094.0,8095.0,8096.0,8096.0,8096.0,8097.0,8098.0,8100.0,8101.0,8102.0,8102.0,8103.0,8104.0,8104.0,8104.0,8104.0,8104.0,8104.0,8104.0,8104.0,8106.0,8108.0,8108.0,8108.0,8108.0,8108.0,8109.0,8112.0,8113.0,8114.0,8114.0,8114.0,8114.0,8115.0,8115.0,8115.0,8116.0,8117.0,8117.0,8120.0,8120.0,8120.0,8120.0,8120.0,8120.0,8120.0,8120.0,8120.0,8120.0,8121.0,8122.0,8122.0,8122.0,8123.0,8123.0,8126.0,8126.0,8127.0,8128.0,8128.0,8128.0,8128.0,8129.0,8129.0,8130.0,8131.0,8131.0,8131.0,8132.0,8133.0,8133.0,8135.0,8136.0,8136.0,8135.0,8135.0,8136.0,8138.0,8140.0,8140.0,8142.0,8143.0,8145.0,8145.0,8145.0,8147.0,8148.0,8148.0,8148.0,8148.0,8148.0,8148.0,,8149.0,8149.0,8148.0,8149.0,8149.0,8149.0,8150.0,8150.0,8150.0,8151.0,8152.0,8152.0,8155.0,8156.0,8157.0,8157.0,8157.0,8157.0,8158.0,8158.0,8158.0,8158.0,8159.0,8159.0,8159.0,8160.0,8162.0,8162.0,8162.0,8162.0,8162.0,8162.0,8163.0,8164.0,8166.0,8166.0,8166.0,8166.0,8167.0,8170.0,8172.0,8172.0,8173.0,8173.0,8173.0,8174.0,8175.0,8176.0,8176.0,8176.0,8177.0,8177.0,8177.0,8178.0,8178.0,8178.0,8180.0,8180.0,8181.0,8181.0,8182.0,8183.0,8184.0,8185.0,8186.0,8186.0,8188.0,8187.0,8187.0,8189.0,8189.0,8189.0,8192.0,8191.0,8191.0,8191.0,8191.0,8192.0,8194.0,8196.0,8196.0,8198.0,8199.0,8200.0,8201.0,8202.0,8204.0,8204.0,8206.0,8206.0,8207.0,8207.0,8207.0,8210.0,8213.0,8214.0,8215.0,8215.0,8216.0,8216.0,8216.0,8216.0,8217.0,8217.0,8217.0,8217.0,8217.0,8217.0,8217.0,8217.0,8218.0,8218.0,8219.0,8219
BA8dTIH0kMU,615381.0,615686.0,616018.0,616381.0,616776.0,617110.0,617483.0,617809.0,618150.0,618475.0,618723.0,619098.0,619472.0,619781.0,620252.0,620626.0,620983.0,621305.0,621688.0,622075.0,622465.0,622853.0,623209.0,623486.0,623823.0,624076.0,624374.0,624652.0,625001.0,625316.0,625616.0,625855.0,626195.0,626420.0,626742.0,627026.0,627368.0,627635.0,627866.0,628167.0,628459.0,628805.0,629144.0,629486.0,629810.0,630087.0,630342.0,630653.0,630981.0,631279.0,631600.0,631900.0,632167.0,632509.0,632782.0,633091.0,633400.0,633698.0,633934.0,634163.0,634449.0,634704.0,635027.0,635374.0,635633.0,635915.0,636123.0,636363.0,636635.0,636931.0,637219.0,637471.0,637687.0,637918.0,638222.0,638475.0,638734.0,638952.0,639188.0,639464.0,639643.0,639884.0,640149.0,640409.0,640696.0,641030.0,641285.0,641507.0,641795.0,642101.0,642388.0,642663.0,642956.0,643230.0,643435.0,643694.0,643972.0,644259.0,644534.0,644850.0,645107.0,645373.0,645674.0,646010.0,646295.0,646561.0,646860.0,647094.0,647305.0,647589.0,647828.0,648086.0,648444.0,648695.0,648942.0,649133.0,649342.0,649589.0,649830.0,650111.0,650399.0,650615.0,650820.0,651108.0,651360.0,651646.0,651886.0,652185.0,652522.0,652793.0,653146.0,653414.0,653668.0,653982.0,,,,,,,,,656480.0,656697.0,656916.0,657167.0,657441.0,657738.0,657989.0,658235.0,658513.0,658847.0,659209.0,659525.0,660014.0,660403.0,660788.0,661064.0,661463.0,661897.0,662366.0,662746.0,663015.0,663304.0,663535.0,663894.0,664227.0,664529.0,664794.0,665059.0,665347.0,665460.0,665876.0,666183.0,666463.0,666807.0,667094.0,667355.0,667554.0,667828.0,668088.0,668385.0,668681.0,669017.0,669306.0,669547.0,669831.0,670129.0,670486.0,670811.0,671106.0,671423.0,671713.0,671992.0,672303.0,672610.0,672978.0,673255.0,673550.0,673838.0,674195.0,674519.0,674913.0,675134.0,675432.0,675710.0,675967.0,676227.0,676575.0,676876.0,677109.0,677435.0,677743.0,678014.0,678346.0,678708.0,679128.0,679573.0,679912.0,680302.0,680659.0,681110.0,681558.0,681949.0,682313.0,682690.0,683036.0,683343.0,683719.0,684171.0,684541.0,684983.0,685413.0,685873.0,686224.0,686680.0,687275.0,687803.0,688410.0,688932.0,689390.0,689799.0,690330.0,690775.0,691349.0,691988.0,692519.0,692870.0,693238.0,693695.0,694192.0,694578.0,694997.0,695475.0,695843.0,696170.0,696562.0,696829.0,697122.0,697448.0,697816.0,698198.0,698575.0,,699545.0,699991.0,700495.0,701017.0,701568.0,702114.0,702615.0,703201.0,703904.0,704524.0,705020.0,705676.0,706258.0,706987.0,707688.0,708408.0,709123.0,709956.0,710755.0,711387.0,712123.0,713037.0,713805.0,714691.0,715350.0,715977.0,716541.0,717226.0,717875.0,718647.0,719287.0,719833.0,720435.0,720868.0,721478.0,722086.0,722722.0,723334.0,723892.0,724353.0,724798.0,725499.0,726042.0,726679.0,727273.0,728000.0,728496.0,728955.0,729472.0,729999.0,730390.0,730841.0,731302.0,731659.0,731894.0,732210.0,732615.0,733034.0,733361.0,733743.0,734097.0,734381.0,734712.0,735195.0,735691.0,736292.0,736788.0,737201.0,737716.0,738236.0,738675.0,739148.0,739744.0,740276.0,740768.0,741233.0,741785.0,742209.0,742661.0,743328.0,744005.0,744424.0,744871.0,745309.0,745654.0,745980.0,746402.0,746860.0,747247.0,747506.0,747795.0,748135.0,748506.0,748832.0,749466.0,749992.0,750338.0,750822.0,751235.0,751729.0,752163.0,752579.0,752937.0,753214.0,753576.0,753971.0,754358.0,754731.0,755117.0,755499.0,755741.0,756085.0,756446.0,756764
YicdhLdRcmo,1647847.0,1648338.0,1648822.0,1649226.0,1649777.0,1650191.0,1650780.0,1651278.0,1651843.0,1652389.0,1652923.0,1653413.0,1653897.0,1654382.0,1654904.0,1655370.0,1655863.0,1656261.0,1656663.0,1657150.0,1657663.0,1658160.0,1658716.0,1659156.0,1659614.0,1660119.0,1660617.0,1661128.0,1661626.0,1662200.0,1662666.0,1663189.0,1663685.0,1664205.0,1664670.0,1665261.0,1665957.0,1666486.0,1666968.0,1667475.0,1668065.0,1668567.0,1669120.0,1669729.0,1670270.0,1670728.0,1671200.0,1671790.0,1672300.0,1672915.0,1673481.0,1674057.0,1674549.0,1675184.0,1676041.0,1676787.0,1677419.0,1678049.0,1678702.0,1679430.0,1680267.0,1681203.0,1682103.0,1682851.0,1683549.0,1684101.0,1684618.0,1685200.0,1685597.0,1686268.0,1686799.0,1687261.0,1687755.0,1688273.0,1688791.0,1689339.0,1689874.0,1690493.0,1691081.0,1691631.0,1692056.0,1692631.0,1693095.0,1693657.0,1694258.0,1694868.0,1695452.0,1696037.0,1696579.0,1697151.0,1697720.0,1698208.0,1698860.0,1699472.0,1700039.0,1700643.0,1701222.0,1701751.0,1702325.0,1702892.0,1703363.0,1703817.0,1704213.0,1704716.0,1705172.0,1705618.0,1706071.0,1706540.0,1707000.0,1707427.0,1707895.0,1708370.0,1708965.0,1709484.0,1709884.0,1710359.0,1710835.0,1711282.0,1711739.0,1712201.0,1712619.0,1713012.0,1713425.0,1713781.0,1714247.0,1714695.0,1715132.0,1715609.0,1716029.0,1716420.0,1716935.0,1717332.0,1717735.0,1718172.0,,,,,,,,,1722104.0,1722497.0,1722860.0,1723255.0,1723727.0,1724102.0,1724387.0,1724768.0,1725131.0,1725556.0,1725920.0,1726261.0,1726648.0,1727034.0,1727379.0,1727772.0,1728061.0,1728494.0,1728920.0,1729270.0,1729664.0,1730019.0,1730397.0,1730720.0,1731080.0,1731448.0,1731771.0,1732160.0,1732652.0,1733012.0,1733448.0,1733851.0,1734261.0,1734644.0,1735069.0,1735475.0,1735904.0,1736408.0,1736790.0,1737282.0,1737762.0,1738161.0,1738571.0,1738973.0,1739377.0,1739805.0,1740359.0,1740817.0,1741278.0,1741715.0,1742165.0,1742660.0,1743148.0,1743628.0,1744282.0,1744791.0,1745284.0,1745804.0,1746288.0,1746660.0,1747112.0,1747533.0,1747931.0,1748324.0,1748734.0,1749130.0,1749626.0,1750144.0,1750537.0,1750964.0,1751303.0,1751740.0,1752121.0,1752610.0,1753062.0,1753518.0,1753996.0,1754466.0,1754873.0,1755252.0,1755774.0,1756221.0,1756736.0,1757329.0,1757782.0,1758201.0,1758674.0,1759147.0,1759580.0,1760090.0,1760558.0,1760963.0,1761372.0,1761798.0,1762219.0,1762587.0,1763006.0,1763368.0,1763714.0,1764138.0,1764493.0,1764899.0,1765305.0,1765615.0,1766031.0,1766425.0,1766817.0,1767194.0,1767606.0,1767977.0,1768339.0,1768730.0,1769083.0,1769447.0,1769841.0,1770160.0,1770452.0,1770816.0,1771227.0,1771650.0,1772016.0,,1772824.0,1773244.0,1773694.0,1774120.0,1774500.0,1774829.0,1775222.0,1775555.0,1775917.0,1776374.0,1776743.0,1777025.0,1777402.0,1777763.0,1778132.0,1778483.0,1778890.0,1779231.0,1779646.0,1780039.0,1780450.0,1780942.0,1781284.0,1781677.0,1782108.0,1782548.0,1782929.0,1783281.0,1783682.0,1784045.0,1784481.0,1784835.0,1785238.0,1785551.0,1785911.0,1786293.0,1786662.0,1787029.0,1787462.0,1787845.0,1788203.0,1788571.0,1788870.0,1789285.0,1789609.0,1789951.0,1790307.0,1790641.0,1791012.0,1791353.0,1791656.0,1792023.0,1792337.0,1792743.0,1793122.0,1793480.0,1793886.0,1794279.0,1794606.0,1795002.0,1795304.0,1795682.0,1796046.0,1796370.0,1796837.0,1797202.0,1797564.0,1797942.0,1798260.0,1798622.0,1799016.0,1799370.0,1799742.0,1800125.0,1800527.0,1800921.0,1801294.0,1801770.0,1802170.0,1802539.0,1802974.0,1803354.0,1803712.0,1804049.0,1804439.0,1804807.0,1805193.0,1805594.0,1805963.0,1806372.0,1806783.0,1807186.0,1807560.0,1807940.0,1808309.0,1808706.0,1809086.0,1809459.0,1809774.0,1810109.0,1810447.0,1810764.0,1811148.0,1811446.0,1811816.0,1812151.0,1812497.0,1812824.0,1813179.0,1813454.0,1813765.0,1814084.0,1814378.0,1814763
1gE7VxIhAeE,895511.0,895907.0,896259.0,896695.0,897238.0,897800.0,898456.0,899054.0,899528.0,900097.0,900486.0,901003.0,901453.0,901952.0,902420.0,902954.0,903422.0,903893.0,904312.0,904812.0,905243.0,905667.0,906191.0,906725.0,907198.0,907688.0,908151.0,908708.0,909297.0,909819.0,910394.0,910837.0,911409.0,911941.0,912481.0,913059.0,913597.0,914119.0,914635.0,915117.0,915560.0,916050.0,916610.0,917188.0,917826.0,918357.0,918849.0,919305.0,919804.0,920291.0,920809.0,921318.0,921879.0,922387.0,922870.0,923440.0,924106.0,924735.0,925409.0,926030.0,926695.0,927342.0,928066.0,928748.0,929386.0,930043.0,930547.0,930998.0,931430.0,931989.0,932534.0,933065.0,933562.0,934033.0,934504.0,934986.0,935390.0,935854.0,936294.0,936680.0,937133.0,937671.0,938120.0,938529.0,938980.0,939440.0,939897.0,940316.0,940744.0,941180.0,941599.0,941981.0,942448.0,942840.0,943245.0,943688.0,944126.0,944497.0,944927.0,945325.0,945738.0,946152.0,946532.0,946989.0,947423.0,947857.0,948240.0,948643.0,949057.0,949406.0,949870.0,950292.0,950731.0,951185.0,951543.0,951987.0,952416.0,952816.0,953198.0,953641.0,953992.0,954376.0,954719.0,955063.0,955423.0,955858.0,956398.0,957028.0,957495.0,957982.0,958454.0,958912.0,959401.0,959774.0,,,,,,,,,964338.0,964910.0,965368.0,965803.0,966316.0,966707.0,967105.0,967459.0,967811.0,968121.0,968398.0,968696.0,969047.0,969423.0,969799.0,970111.0,970479.0,970868.0,971223.0,971648.0,972085.0,972532.0,972928.0,973306.0,973711.0,974092.0,974498.0,974938.0,975369.0,975779.0,976132.0,976527.0,976899.0,977235.0,977697.0,978060.0,978431.0,978780.0,979146.0,979531.0,979875.0,980271.0,980633.0,981007.0,981405.0,981678.0,982014.0,982446.0,982795.0,983195.0,983577.0,984028.0,984460.0,984829.0,985156.0,985447.0,985738.0,986106.0,986502.0,986875.0,987289.0,987601.0,987894.0,988218.0,988517.0,988851.0,989267.0,989602.0,989906.0,990145.0,990564.0,990871.0,991186.0,991502.0,991797.0,992148.0,992518.0,992840.0,993075.0,993367.0,993682.0,993981.0,994446.0,994815.0,995110.0,995430.0,995850.0,996165.0,996537.0,997040.0,997412.0,997869.0,998191.0,998630.0,998999.0,999390.0,999769.0,1000115.0,1000474.0,1000823.0,1001101.0,1001427.0,1001790.0,1002186.0,1002597.0,1002969.0,1003257.0,1003672.0,1004031.0,1004364.0,1004728.0,1005099.0,1005468.0,1005865.0,1006234.0,1006573.0,1006896.0,1007207.0,1007525.0,1007882.0,1008228.0,,1008901.0,1009227.0,1009537.0,1009887.0,1010214.0,1010608.0,1010940.0,1011164.0,1011546.0,1011883.0,1012253.0,1012603.0,1012991.0,1013399.0,1013791.0,1014303.0,1014772.0,1015366.0,1015961.0,1016400.0,1016939.0,1017508.0,1018036.0,1018614.0,1019088.0,1019655.0,1020165.0,1020619.0,1021194.0,1021703.0,1022146.0,1022655.0,1023175.0,1023709.0,1024253.0,1024805.0,1025297.0,1025813.0,1026319.0,1026792.0,1027203.0,1027730.0,1028198.0,1028760.0,1029281.0,1029748.0,1030170.0,1030629.0,1031072.0,1031464.0,1032011.0,1032457.0,1032896.0,1033381.0,1033778.0,1034154.0,1034557.0,1035027.0,1035421.0,1035835.0,1036221.0,1036576.0,1036953.0,1037351.0,1037720.0,1038107.0,1038482.0,1038844.0,1039200.0,1039570.0,1039978.0,1040418.0,1040928.0,1041401.0,1041861.0,1042289.0,1042656.0,1042998.0,1043397.0,1043756.0,1044076.0,1044502.0,1044832.0,1045172.0,1045535.0,1045948.0,1046315.0,1046699.0,1047100.0,1047397.0,1047785.0,1048183.0,1048594.0,1048965.0,1049281.0,1049649.0,1049936.0,1050290.0,1050686.0,1051059.0,1051379.0,1051751.0,1052124.0,1052479.0,1052852.0,1053223.0,1053514.0,1053829.0,1054110.0,1054464.0,1054761.0,1055063.0,1055354.0,1055714
Vn-fGJEKVLo,548177.0,548358.0,548598.0,548791.0,549009.0,549254.0,549480.0,549729.0,549962.0,550151.0,550343.0,550581.0,550769.0,550949.0,551136.0,551316.0,551494.0,551701.0,551886.0,552084.0,552306.0,552552.0,552761.0,552983.0,553134.0,553349.0,553574.0,553780.0,554020.0,554293.0,554509.0,554710.0,554883.0,555074.0,555258.0,555430.0,555608.0,555812.0,556002.0,556208.0,556410.0,556598.0,556809.0,556993.0,557254.0,557460.0,557669.0,557902.0,558111.0,558338.0,558564.0,558993.0,559306.0,559588.0,559882.0,560157.0,560422.0,560715.0,560994.0,561266.0,561560.0,561844.0,562073.0,562366.0,562640.0,562902.0,563136.0,563411.0,563677.0,563994.0,564261.0,564498.0,564709.0,564938.0,565131.0,565351.0,565595.0,565871.0,566084.0,566331.0,566549.0,566754.0,566985.0,567192.0,567425.0,567642.0,567867.0,568119.0,568358.0,568594.0,568842.0,569138.0,569373.0,569628.0,569823.0,570035.0,570250.0,570490.0,570692.0,570897.0,571115.0,571307.0,571513.0,571722.0,571974.0,572172.0,572378.0,572557.0,572691.0,572914.0,573160.0,573358.0,573580.0,573780.0,573974.0,574141.0,574336.0,574545.0,574822.0,575063.0,575291.0,575581.0,576115.0,577135.0,577940.0,578224.0,578462.0,578700.0,578895.0,579091.0,579301.0,579537.0,579752.0,579980.0,,,,,,,,,582097.0,582324.0,582573.0,582827.0,583028.0,583253.0,583546.0,583795.0,584054.0,584345.0,584721.0,584992.0,585362.0,585710.0,586019.0,586312.0,586601.0,586873.0,587104.0,587419.0,587680.0,587977.0,588261.0,588487.0,588738.0,588949.0,589234.0,589467.0,589737.0,589958.0,590226.0,590451.0,590716.0,590943.0,591168.0,591387.0,591588.0,591823.0,592009.0,592213.0,592449.0,592668.0,592875.0,593058.0,593272.0,593482.0,593716.0,593945.0,594219.0,594554.0,594791.0,595062.0,595344.0,595599.0,595837.0,596055.0,596314.0,596496.0,596672.0,596912.0,597148.0,597383.0,597561.0,597750.0,597945.0,598130.0,598406.0,598665.0,598884.0,599049.0,599238.0,599415.0,599625.0,599854.0,600116.0,600365.0,600616.0,600784.0,600982.0,601164.0,601392.0,601643.0,601865.0,602118.0,602281.0,602496.0,602734.0,602955.0,603125.0,603350.0,603571.0,603774.0,603939.0,604118.0,604301.0,604494.0,604680.0,604856.0,605085.0,605243.0,605398.0,605584.0,605791.0,605968.0,606148.0,606323.0,606505.0,606693.0,606871.0,607039.0,607236.0,607441.0,607613.0,607776.0,607921.0,608113.0,608284.0,608435.0,608622.0,608818.0,608982.0,,609342.0,609546.0,609751.0,609991.0,610195.0,610318.0,610488.0,610668.0,610830.0,611017.0,611186.0,611391.0,611599.0,611864.0,612189.0,612573.0,613003.0,613395.0,613783.0,614168.0,614569.0,615097.0,615505.0,616080.0,616688.0,617177.0,617557.0,617975.0,618503.0,619046.0,619568.0,619993.0,620376.0,620699.0,621118.0,621566.0,621992.0,622466.0,622903.0,623251.0,623642.0,624068.0,624543.0,625014.0,625446.0,625854.0,626208.0,626544.0,626938.0,627357.0,627804.0,628206.0,628615.0,628971.0,629300.0,629704.0,630076.0,630502.0,630840.0,631156.0,631502.0,631838.0,632193.0,632575.0,632975.0,633317.0,633644.0,633930.0,634177.0,634434.0,634719.0,635003.0,635335.0,635609.0,635897.0,636155.0,636494.0,636833.0,637172.0,637576.0,637953.0,638294.0,638587.0,638941.0,639337.0,639707.0,640058.0,640456.0,640766.0,641120.0,641425.0,641764.0,642121.0,642448.0,642781.0,643141.0,643405.0,643728.0,644042.0,644322.0,644624.0,644899.0,645190.0,645454.0,645759.0,646075.0,646398.0,646710.0,647046.0,647299.0,647516.0,647755.0,648015.0,648256
vaI4pePIMG0,3872.0,3874.0,3879.0,3888.0,3895.0,3902.0,3910.0,3918.0,3923.0,3931.0,3935.0,3944.0,3953.0,3961.0,3970.0,3977.0,3982.0,3985.0,3990.0,3998.0,4001.0,4003.0,4010.0,4012.0,4015.0,4025.0,4030.0,4035.0,4043.0,4048.0,4055.0,4062.0,4064.0,4068.0,4074.0,4079.0,4087.0,4094.0,4095.0,4097.0,4100.0,4103.0,4108.0,4111.0,4118.0,4123.0,4126.0,4129.0,4135.0,4144.0,4150.0,4156.0,4160.0,4165.0,4169.0,4173.0,4176.0,4182.0,4187.0,4192.0,4196.0,4199.0,4205.0,4211.0,4222.0,4225.0,4226.0,4235.0,4248.0,4253.0,4259.0,4266.0,4273.0,4276.0,4281.0,4284.0,4294.0,4305.0,4309.0,4315.0,4318.0,4322.0,4329.0,4337.0,4337.0,4341.0,4344.0,4350.0,4355.0,4361.0,4368.0,4385.0,4400.0,4413.0,4430.0,4441.0,4450.0,4468.0,4479.0,4490.0,4499.0,4510.0,4521.0,4527.0,4536.0,4546.0,4556.0,4562.0,4576.0,4579.0,4589.0,4601.0,4608.0,4614.0,4619.0,4622.0,4625.0,4631.0,4637.0,4642.0,4646.0,4654.0,4664.0,4675.0,4677.0,4677.0,4677.0,4677.0,4677.0,4677.0,4677.0,4677.0,4677.0,4677.0,,,,,,,,,4677.0,4677.0,4677.0,4677.0,4677.0,4677.0,4677.0,4677.0,4677.0,4677.0,4677.0,4677.0,4677.0,4677.0,4677.0,4677.0,4677.0,4677.0,4677.0,4677.0,4677.0,4677.0,4677.0,4677.0,4677.0,4677.0,4677.0,4677.0,4677.0,4677.0,4677.0,4677.0,4677.0,4677.0,4677.0,4677.0,4677.0,4677.0,4677.0,4677.0,4677.0,4677.0,4677.0,4677.0,4677.0,4677.0,4677.0,4677.0,4677.0,4677.0,4677.0,4677.0,4677.0,4677.0,4677.0,4677.0,4677.0,4677.0,4677.0,4677.0,4677.0,4677.0,4677.0,4677.0,4677.0,4677.0,4677.0,4677.0,4677.0,4677.0,4677.0,4677.0,4677.0,4677.0,4677.0,4677.0,4677.0,4677.0,4677.0,4677.0,4677.0,4677.0,4677.0,4677.0,4677.0,4677.0,4677.0,4677.0,4677.0,4677.0,4677.0,4677.0,4677.0,4677.0,4677.0,4677.0,4677.0,4677.0,4677.0,4677.0,4677.0,4677.0,4677.0,4677.0,4677.0,4677.0,4677.0,4677.0,4677.0,4677.0,4677.0,4677.0,4677.0,4677.0,4677.0,4677.0,4677.0,4677.0,4677.0,4677.0,4677.0,,4677.0,4677.0,4677.0,4677.0,4677.0,4677.0,4677.0,4677.0,4677.0,4677.0,4677.0,4677.0,4677.0,4677.0,4677.0,4677.0,4677.0,4677.0,4677.0,4677.0,4677.0,4677.0,4677.0,4677.0,4677.0,4677.0,4677.0,4677.0,4677.0,4677.0,4677.0,4677.0,4677.0,4677.0,4677.0,4677.0,4677.0,4677.0,4677.0,4677.0,4677.0,4677.0,4677.0,4677.0,4677.0,4677.0,4677.0,4677.0,4677.0,4677.0,4677.0,4677.0,4677.0,4677.0,4677.0,4677.0,4677.0,4677.0,4677.0,4677.0,4677.0,4677.0,4677.0,4677.0,4677.0,4677.0,4677.0,4677.0,4677.0,4677.0,4677.0,4677.0,4677.0,4677.0,4677.0,4677.0,4677.0,4677.0,4677.0,4677.0,4677.0,4677.0,4677.0,4677.0,4677.0,4677.0,4677.0,4677.0,4677.0,4677.0,4677.0,4677.0,4677.0,4677.0,4677.0,4677.0,4677.0,4677.0,4677.0,4677.0,4677.0,4677.0,4677.0,4677.0,4677.0,4677.0,4677.0,4677.0,4677.0,4677.0,4677.0,4677.0,4677.0,4677
0HGcvgnjaEQ,1356540.0,1357516.0,1358623.0,1360206.0,1361717.0,1363544.0,1365336.0,1367111.0,1368833.0,1370673.0,1372523.0,1374196.0,1376169.0,1378065.0,1380201.0,1381969.0,1383910.0,1386101.0,1387789.0,1389469.0,1391201.0,1392943.0,1394705.0,1396319.0,1397868.0,1399404.0,1400938.0,1402455.0,1404101.0,1405741.0,1407316.0,1408907.0,1410474.0,1412233.0,1413856.0,1415550.0,1417307.0,1418905.0,1420438.0,1421996.0,1423545.0,1425180.0,1427057.0,1428866.0,1430768.0,1432482.0,1434083.0,1435890.0,1437549.0,1439170.0,1440884.0,1442518.0,1444056.0,1445683.0,1447869.0,1449989.0,1451814.0,1453483.0,1455075.0,1456784.0,1458585.0,1460341.0,1462150.0,1463813.0,1465649.0,1467520.0,1469528.0,1471450.0,1473314.0,1475752.0,1477889.0,1480112.0,1482457.0,1484825.0,1486908.0,1489192.0,1491388.0,1493608.0,1495650.0,1497710.0,1499875.0,1502005.0,1503981.0,1505783.0,1507557.0,1510105.0,1512083.0,1513898.0,1515744.0,1517641.0,1519946.0,1522108.0,1524169.0,1526323.0,1528368.0,1530546.0,1532568.0,1534586.0,1536518.0,1538494.0,1540389.0,1542194.0,1543916.0,1545774.0,1547849.0,1550077.0,1551985.0,1553983.0,1555926.0,1557729.0,1559464.0,1561219.0,1563042.0,1564836.0,1566344.0,1567703.0,1569143.0,1570563.0,1572046.0,1573509.0,1574906.0,1576317.0,1577615.0,1578941.0,1580320.0,1581560.0,1582831.0,1584218.0,1585537.0,1586852.0,1588298.0,1589914.0,1591478.0,1592885.0,,,,,,,,,1605066.0,1606171.0,1607427.0,1608785.0,1610134.0,1611408.0,1612765.0,1614078.0,1615266.0,1616461.0,1617655.0,1618795.0,1620033.0,1621259.0,1622331.0,1623379.0,1624415.0,1625490.0,1626806.0,1628009.0,1629237.0,1630458.0,1631584.0,1632562.0,1633770.0,1634903.0,1636079.0,1637188.0,1638284.0,1639326.0,1640495.0,1641615.0,1642715.0,1643743.0,1644730.0,1645795.0,1646795.0,1647908.0,1649102.0,1650330.0,1651572.0,1652806.0,1653991.0,1655078.0,1656140.0,1657278.0,1658510.0,1659793.0,1661060.0,1662291.0,1663348.0,1664501.0,1665672.0,1666869.0,1668014.0,1669227.0,1670297.0,1671381.0,1672408.0,1673387.0,1674418.0,1675443.0,1676451.0,1677490.0,1678483.0,1679548.0,1680574.0,1681716.0,1682790.0,1683860.0,1684948.0,1685958.0,1687048.0,1688177.0,1689323.0,1690514.0,1691930.0,1693032.0,1694119.0,1695169.0,1696320.0,1697329.0,1698487.0,1699622.0,1700870.0,1702096.0,1703295.0,1704491.0,1705708.0,1706931.0,1708172.0,1709250.0,1710495.0,1711605.0,1712825.0,1714117.0,1715581.0,1716943.0,1718298.0,1719562.0,1720793.0,1722134.0,1723385.0,1724611.0,1725884.0,1727189.0,1728450.0,1729648.0,1730905.0,1732212.0,1733449.0,1734684.0,1735987.0,1737209.0,1738444.0,1739650.0,1740859.0,1742109.0,1743396.0,1744610.0,1745787.0,,1748328.0,1749729.0,1751125.0,1752366.0,1753547.0,1754597.0,1755751.0,1756950.0,1758183.0,1759444.0,1760644.0,1761849.0,1763024.0,1764168.0,1765285.0,1766472.0,1767745.0,1768868.0,1770022.0,1771170.0,1772372.0,1773751.0,1774911.0,1776203.0,1777396.0,1778590.0,1779746.0,1780791.0,1781954.0,1783109.0,1784330.0,1785499.0,1786717.0,1787780.0,1788857.0,1790063.0,1791235.0,1792316.0,1793417.0,1794562.0,1795554.0,1796574.0,1797787.0,1798932.0,1799980.0,1801084.0,1802204.0,1803379.0,1804453.0,1805543.0,1806703.0,1807774.0,1808838.0,1809746.0,1810794.0,1811744.0,1812878.0,1814032.0,1815049.0,1816109.0,1817106.0,1818065.0,1818963.0,1820000.0,1820927.0,1821966.0,1822975.0,1823908.0,1824779.0,1825684.0,1826665.0,1827622.0,1828716.0,1829757.0,1830780.0,1831789.0,1832706.0,1833755.0,1834844.0,1835781.0,1836814.0,1837830.0,1838872.0,1839856.0,1840943.0,1842047.0,1843255.0,1844432.0,1845609.0,1846692.0,1847704.0,1848825.0,1850021.0,1851228.0,1852345.0,1853539.0,1854708.0,1855932.0,1857204.0,1858431.0,1859633.0,1860709.0,1861768.0,1862851.0,1863918.0,1865047.0,1866189.0,1867434.0,1868605.0,1869786.0,1870862.0,1871904.0,1873017.0,1874124
OlbRfQoAM0c,5457.0,5464.0,5473.0,5479.0,5487.0,5492.0,5494.0,5499.0,5507.0,5511.0,5518.0,5519.0,5521.0,5531.0,5536.0,5541.0,5545.0,5550.0,5555.0,5558.0,5559.0,5571.0,5583.0,5588.0,5588.0,5591.0,5597.0,5601.0,5608.0,5609.0,5618.0,5622.0,5624.0,5627.0,5631.0,5642.0,5646.0,5647.0,5650.0,5652.0,5655.0,5665.0,5671.0,5675.0,5677.0,5678.0,5679.0,5685.0,5687.0,5692.0,5696.0,5699.0,5702.0,5705.0,5708.0,5717.0,5721.0,5723.0,5725.0,5727.0,5730.0,5730.0,5733.0,5741.0,5744.0,5746.0,5749.0,5752.0,5754.0,5758.0,5760.0,5764.0,5767.0,5771.0,5776.0,5782.0,5785.0,5792.0,5794.0,5797.0,5804.0,5808.0,5812.0,5817.0,5820.0,5824.0,5832.0,5837.0,5840.0,5842.0,5849.0,5852.0,5861.0,5868.0,5871.0,5879.0,5884.0,5891.0,5897.0,5908.0,5916.0,5924.0,5930.0,5938.0,5953.0,5961.0,5973.0,5992.0,6006.0,6010.0,6017.0,6021.0,6025.0,6030.0,6035.0,6038.0,6048.0,6058.0,6066.0,6077.0,6084.0,6089.0,6099.0,6112.0,6119.0,6124.0,6131.0,6137.0,6141.0,6146.0,6151.0,6158.0,6166.0,6170.0,,,,,,,,,6214.0,6216.0,6220.0,6223.0,6227.0,6235.0,6237.0,6242.0,6242.0,6248.0,6252.0,6257.0,6261.0,6264.0,6267.0,6269.0,6271.0,6274.0,6275.0,6277.0,6279.0,6280.0,6285.0,6289.0,6292.0,6297.0,6302.0,6307.0,6311.0,6317.0,6321.0,6327.0,6333.0,6341.0,6345.0,6356.0,6369.0,6369.0,6380.0,6387.0,6396.0,6401.0,6406.0,6418.0,6421.0,6431.0,6435.0,6443.0,6456.0,6456.0,6463.0,6472.0,6481.0,6488.0,6496.0,6503.0,6509.0,6514.0,6518.0,6523.0,6529.0,6538.0,6546.0,6552.0,6558.0,6561.0,6575.0,6579.0,6587.0,6591.0,6595.0,6597.0,6602.0,6611.0,6618.0,6627.0,6632.0,6636.0,6644.0,6645.0,6650.0,6657.0,6658.0,6672.0,6678.0,6688.0,6696.0,6708.0,6716.0,6722.0,6729.0,6734.0,6741.0,6746.0,6752.0,6760.0,6769.0,6778.0,6783.0,6786.0,6790.0,6797.0,6801.0,6807.0,6813.0,6817.0,6820.0,6828.0,6830.0,6832.0,6833.0,6838.0,6840.0,6844.0,6855.0,6857.0,6860.0,6867.0,6873.0,6879.0,6882.0,,6896.0,6899.0,6907.0,6915.0,6917.0,6920.0,6925.0,6928.0,6936.0,6942.0,6946.0,6952.0,6959.0,6963.0,6964.0,6968.0,6973.0,6976.0,6979.0,6982.0,6986.0,6991.0,6994.0,6997.0,6999.0,7003.0,7010.0,7012.0,7018.0,7024.0,7029.0,7035.0,7041.0,7052.0,7060.0,7067.0,7073.0,7080.0,7084.0,7089.0,7092.0,7101.0,7111.0,7115.0,7118.0,7119.0,7120.0,7125.0,7134.0,7135.0,7145.0,7150.0,7153.0,7162.0,7170.0,7173.0,7176.0,7177.0,7180.0,7187.0,7196.0,7200.0,7206.0,7214.0,7221.0,7227.0,7234.0,7242.0,7243.0,7245.0,7252.0,7258.0,7261.0,7264.0,7270.0,7275.0,7285.0,7292.0,7296.0,7302.0,7306.0,7307.0,7313.0,7319.0,7323.0,7332.0,7337.0,7344.0,7347.0,7352.0,7359.0,7364.0,7372.0,7378.0,7380.0,7383.0,7388.0,7392.0,7397.0,7399.0,7407.0,7416.0,7419.0,7424.0,7437.0,7445.0,7457.0,7462.0,7465.0,7465.0,7467.0,7476.0,7482.0,7484
3NyMICEUDvw,17887.0,17887.0,17887.0,17887.0,17887.0,17887.0,17887.0,17887.0,17887.0,17887.0,17887.0,17887.0,17887.0,17887.0,17887.0,17887.0,17887.0,17887.0,17887.0,17887.0,17887.0,17887.0,17887.0,17887.0,17887.0,17887.0,17887.0,17887.0,17887.0,17887.0,17887.0,17887.0,17887.0,17887.0,17887.0,17887.0,17887.0,17887.0,17887.0,17887.0,17887.0,17887.0,17887.0,17887.0,17887.0,17887.0,17887.0,17887.0,17887.0,17887.0,17887.0,17887.0,17887.0,17887.0,17887.0,17887.0,17887.0,17887.0,17887.0,17887.0,17887.0,17887.0,17887.0,17887.0,17887.0,17887.0,17887.0,17887.0,17887.0,17887.0,17887.0,17887.0,17887.0,17887.0,17887.0,17887.0,17887.0,17887.0,17887.0,17887.0,17887.0,17887.0,17887.0,17887.0,17887.0,17887.0,17887.0,17887.0,17887.0,17887.0,17887.0,17887.0,17887.0,17887.0,17887.0,17887.0,17887.0,17887.0,17887.0,17887.0,17887.0,17887.0,17887.0,17887.0,17887.0,17887.0,17887.0,17887.0,17887.0,17887.0,17887.0,17887.0,17887.0,17887.0,17887.0,17887.0,17887.0,17887.0,17887.0,17887.0,17887.0,17887.0,17887.0,17887.0,17887.0,17887.0,17887.0,17887.0,17887.0,17887.0,17887.0,17887.0,17887.0,17887.0,,,,,,,,,17887.0,17887.0,17887.0,17887.0,17887.0,17887.0,17887.0,17887.0,17887.0,17887.0,17887.0,17887.0,17887.0,17887.0,17887.0,17887.0,17887.0,17887.0,17887.0,17887.0,17887.0,17887.0,17887.0,17887.0,17887.0,17887.0,17887.0,17887.0,17887.0,17887.0,17887.0,17887.0,17887.0,17887.0,17887.0,17887.0,17887.0,17887.0,17887.0,17887.0,17887.0,17887.0,17887.0,17887.0,17887.0,17887.0,17887.0,17887.0,17887.0,17887.0,17887.0,17887.0,17887.0,17887.0,17887.0,17887.0,17887.0,17887.0,17887.0,17887.0,17887.0,17887.0,17887.0,17887.0,17887.0,17887.0,17887.0,17887.0,17887.0,17887.0,17887.0,17887.0,17887.0,17887.0,17887.0,17887.0,17887.0,17887.0,17887.0,17887.0,17887.0,17887.0,17887.0,17887.0,17887.0,17887.0,17887.0,17887.0,17887.0,17887.0,17887.0,17887.0,17887.0,17887.0,17887.0,17887.0,17887.0,17887.0,17887.0,17887.0,17887.0,17887.0,17887.0,17887.0,17887.0,17887.0,17887.0,17887.0,17887.0,17887.0,17887.0,17887.0,17887.0,17887.0,17887.0,17887.0,17887.0,17887.0,17887.0,17887.0,17887.0,,17887.0,17887.0,17887.0,17887.0,17887.0,17887.0,17887.0,17887.0,17887.0,17887.0,17887.0,17887.0,17887.0,17887.0,17887.0,17887.0,17887.0,17887.0,17887.0,17887.0,17887.0,17887.0,17887.0,17887.0,17887.0,17887.0,17887.0,17887.0,17887.0,17887.0,17887.0,17887.0,17887.0,17887.0,17887.0,17887.0,17887.0,17887.0,17887.0,17887.0,17887.0,17887.0,17887.0,17887.0,17887.0,17887.0,17887.0,17887.0,17887.0,17887.0,17887.0,17887.0,17887.0,17887.0,17887.0,17887.0,17887.0,17887.0,17887.0,17887.0,17887.0,17887.0,17887.0,17887.0,17887.0,17887.0,17887.0,17887.0,17887.0,17887.0,17887.0,17887.0,17887.0,17887.0,17887.0,17887.0,17887.0,17887.0,17887.0,17887.0,17887.0,17887.0,17887.0,17887.0,17887.0,17887.0,17887.0,17887.0,17887.0,17887.0,17887.0,17887.0,17887.0,17887.0,17887.0,17887.0,17887.0,17887.0,17887.0,17887.0,17887.0,17887.0,17887.0,17887.0,17887.0,17887.0,17887.0,17887.0,17887.0,17887.0,17887.0,17887.0,17887.0,17887
JMUpRWMehbk,93069.0,93247.0,93400.0,93517.0,93643.0,93788.0,93927.0,94062.0,94182.0,94319.0,94418.0,94565.0,94727.0,94838.0,95008.0,95191.0,95328.0,95448.0,95616.0,95821.0,95946.0,96069.0,96239.0,96326.0,96430.0,96545.0,96573.0,96572.0,96572.0,96572.0,96572.0,96572.0,96572.0,96572.0,96572.0,96572.0,96572.0,96572.0,96572.0,96572.0,96572.0,96572.0,96572.0,96572.0,96572.0,96572.0,96572.0,96572.0,96572.0,96572.0,96572.0,96572.0,96572.0,96572.0,96572.0,96572.0,96572.0,96572.0,96572.0,96572.0,96572.0,96572.0,96572.0,96572.0,96572.0,96572.0,96572.0,96572.0,96572.0,96572.0,96572.0,96572.0,96572.0,96572.0,96572.0,96572.0,96572.0,96572.0,96572.0,96572.0,96572.0,96572.0,96572.0,96572.0,96572.0,96572.0,96572.0,96572.0,96572.0,96572.0,96572.0,96572.0,96572.0,96572.0,96572.0,96572.0,96572.0,96572.0,96572.0,96572.0,96572.0,96572.0,96572.0,96572.0,96572.0,96572.0,96572.0,96572.0,96572.0,96572.0,96572.0,96572.0,96572.0,96572.0,96572.0,96572.0,96572.0,96572.0,96572.0,96572.0,96572.0,96572.0,96572.0,96572.0,96572.0,96572.0,96572.0,96572.0,96572.0,96572.0,96572.0,96572.0,96572.0,96572.0,,,,,,,,,96572.0,96572.0,96572.0,96572.0,96572.0,96572.0,96572.0,96572.0,96572.0,96572.0,96572.0,96572.0,96572.0,96572.0,96572.0,96572.0,96572.0,96572.0,96572.0,96572.0,96572.0,96572.0,96572.0,96572.0,96572.0,96572.0,96572.0,96572.0,96572.0,96572.0,96572.0,96572.0,96572.0,96572.0,96572.0,96572.0,96572.0,96572.0,96572.0,96572.0,96572.0,96572.0,96572.0,96572.0,96572.0,96572.0,96572.0,96572.0,96572.0,96572.0,96572.0,96572.0,96572.0,96572.0,96572.0,96572.0,96572.0,96572.0,96572.0,96572.0,96572.0,96572.0,96572.0,96572.0,96572.0,96572.0,96572.0,96572.0,96572.0,96572.0,96572.0,96572.0,96572.0,96572.0,96572.0,96572.0,96572.0,96572.0,96572.0,96572.0,96572.0,96572.0,96572.0,96572.0,96572.0,96572.0,96572.0,96572.0,96572.0,96572.0,96572.0,96572.0,96572.0,96572.0,96572.0,96572.0,96572.0,96572.0,96572.0,96572.0,96572.0,96572.0,96572.0,96572.0,96572.0,96572.0,96572.0,96572.0,96572.0,96572.0,96572.0,96572.0,96572.0,96572.0,96572.0,96572.0,96572.0,96572.0,96572.0,96572.0,96572.0,,96572.0,96572.0,96572.0,96572.0,96572.0,96572.0,96572.0,96572.0,96572.0,96572.0,96572.0,96572.0,96572.0,96572.0,96572.0,96572.0,96572.0,96572.0,96572.0,96572.0,96572.0,96572.0,96572.0,96572.0,96572.0,96572.0,96572.0,96572.0,96572.0,96572.0,96572.0,96572.0,96572.0,96572.0,96572.0,96572.0,96572.0,96572.0,96572.0,96572.0,96572.0,96572.0,96572.0,96572.0,96572.0,96572.0,96572.0,96572.0,96572.0,96572.0,96572.0,96572.0,96572.0,96572.0,96572.0,96572.0,96572.0,96572.0,96572.0,96572.0,96572.0,96572.0,96572.0,96572.0,96572.0,96572.0,96572.0,96572.0,96572.0,96572.0,96572.0,96572.0,96572.0,96572.0,96572.0,96572.0,96572.0,96572.0,96572.0,96572.0,96572.0,96572.0,96572.0,96572.0,96572.0,96572.0,96572.0,96572.0,96572.0,96572.0,96572.0,96572.0,96572.0,96572.0,96572.0,96572.0,96572.0,96572.0,96572.0,96572.0,96572.0,96572.0,96572.0,96572.0,96572.0,96572.0,96572.0,96572.0,96572.0,96572.0,96572.0,96572.0,96572.0,96572
Oc3i99xyw3M,45932.0,45939.0,45956.0,45967.0,45969.0,45982.0,45992.0,46003.0,46007.0,46013.0,46028.0,46041.0,46053.0,46063.0,46075.0,46084.0,46106.0,46114.0,46123.0,46138.0,46146.0,46157.0,46169.0,46186.0,46196.0,46208.0,46218.0,46229.0,46243.0,46251.0,46256.0,46261.0,46270.0,46273.0,46292.0,46310.0,46373.0,46396.0,46416.0,46426.0,46438.0,46457.0,46467.0,46475.0,46481.0,46484.0,46492.0,46503.0,46516.0,46534.0,46544.0,46552.0,46558.0,46566.0,46568.0,46573.0,46584.0,46591.0,46593.0,46598.0,46604.0,46612.0,46622.0,46627.0,46633.0,46637.0,46642.0,46649.0,46654.0,46660.0,46664.0,46666.0,46670.0,46674.0,46679.0,46686.0,46693.0,46700.0,46700.0,46702.0,46705.0,46708.0,46714.0,46728.0,46735.0,46748.0,46754.0,46763.0,46766.0,46776.0,46782.0,46788.0,46795.0,46801.0,46803.0,46810.0,46812.0,46822.0,46834.0,46841.0,46846.0,46848.0,46854.0,46858.0,46863.0,46872.0,46885.0,46896.0,46902.0,46911.0,46916.0,46927.0,46949.0,46954.0,46965.0,46973.0,46982.0,46990.0,47003.0,47013.0,47018.0,47023.0,47026.0,47031.0,47037.0,47045.0,47050.0,47056.0,47070.0,47077.0,47081.0,47087.0,47089.0,47098.0,,,,,,,,,47146.0,47151.0,47155.0,47158.0,47160.0,47168.0,47178.0,47183.0,47199.0,47209.0,47215.0,47223.0,47230.0,47234.0,47241.0,47256.0,47271.0,47285.0,47292.0,47297.0,47300.0,47304.0,47308.0,47318.0,47322.0,47325.0,47330.0,47340.0,47344.0,47350.0,47353.0,47356.0,47362.0,47365.0,47370.0,47377.0,47381.0,47383.0,47393.0,47403.0,47418.0,47425.0,47429.0,47430.0,47437.0,47447.0,47456.0,47463.0,47468.0,47468.0,47474.0,47479.0,47485.0,47491.0,47498.0,47505.0,47508.0,47510.0,47518.0,47524.0,47524.0,47527.0,47536.0,47543.0,47545.0,47554.0,47563.0,47567.0,47574.0,47591.0,47596.0,47600.0,47605.0,47607.0,47616.0,47617.0,47624.0,47626.0,47628.0,47634.0,47645.0,47648.0,47655.0,47661.0,47667.0,47670.0,47675.0,47684.0,47687.0,47690.0,47693.0,47702.0,47702.0,47705.0,47705.0,47710.0,47718.0,47738.0,47747.0,47748.0,47751.0,47754.0,47760.0,47763.0,47780.0,47803.0,47808.0,47825.0,47835.0,47846.0,47856.0,47873.0,47878.0,47886.0,47894.0,47899.0,47906.0,47918.0,47923.0,47939.0,47950.0,,47978.0,47981.0,47977.0,47992.0,48003.0,48021.0,48021.0,48034.0,48041.0,48056.0,48071.0,48079.0,48085.0,48092.0,48109.0,48117.0,48122.0,48129.0,48157.0,48175.0,48179.0,48212.0,48240.0,48273.0,48306.0,48331.0,48360.0,48390.0,48419.0,48440.0,48470.0,48498.0,48531.0,48557.0,48589.0,48609.0,48632.0,48660.0,48668.0,48671.0,48679.0,48708.0,48739.0,48771.0,48804.0,48821.0,48838.0,48826.0,48820.0,48816.0,48823.0,48822.0,48831.0,48834.0,48837.0,48840.0,48850.0,48861.0,48866.0,48884.0,48897.0,48909.0,48905.0,48920.0,48928.0,48939.0,48941.0,48921.0,48917.0,48940.0,48951.0,48959.0,48961.0,48950.0,48958.0,48969.0,48990.0,49006.0,49015.0,49031.0,49029.0,49034.0,49033.0,49033.0,49046.0,49053.0,49074.0,49075.0,49076.0,49073.0,49070.0,49084.0,49096.0,49101.0,49108.0,49127.0,49110.0,49120.0,49120.0,49114.0,49107.0,49104.0,49119.0,49128.0,49134.0,49138.0,49135.0,49144.0,49142.0,49150.0,49147.0,49151.0,49157.0,49166
YX04t4TN39s,580032.0,580348.0,580698.0,581111.0,581499.0,581830.0,582242.0,582688.0,583055.0,583519.0,583871.0,584277.0,584633.0,584965.0,585386.0,585795.0,586224.0,586652.0,587150.0,587561.0,588057.0,588442.0,588905.0,589306.0,589780.0,590261.0,590638.0,591059.0,591554.0,592017.0,592451.0,592882.0,593243.0,593708.0,594123.0,594643.0,595104.0,595616.0,596019.0,596484.0,596912.0,597328.0,597830.0,598290.0,598702.0,599117.0,599558.0,600028.0,600523.0,600937.0,601477.0,601897.0,602360.0,602856.0,603422.0,603900.0,604483.0,605032.0,605638.0,606195.0,606731.0,607344.0,607949.0,608468.0,609007.0,609483.0,609809.0,610203.0,610635.0,611114.0,611676.0,612248.0,612682.0,613161.0,613762.0,614288.0,614883.0,615352.0,615872.0,616308.0,616655.0,617141.0,617590.0,618020.0,618602.0,619086.0,619450.0,619946.0,620412.0,620908.0,621314.0,621769.0,622253.0,622750.0,623130.0,623549.0,623981.0,624363.0,624764.0,625156.0,625599.0,625980.0,626357.0,626816.0,627258.0,627771.0,628214.0,628654.0,629007.0,629477.0,629924.0,630394.0,630917.0,631395.0,631807.0,632115.0,632486.0,632949.0,633401.0,633821.0,634247.0,634650.0,635013.0,635432.0,635853.0,636401.0,636908.0,637441.0,637953.0,638386.0,638829.0,639322.0,639709.0,640185.0,,,,,,,,,644154.0,644468.0,644832.0,645137.0,645533.0,645915.0,646271.0,646582.0,646938.0,647312.0,647708.0,648055.0,648429.0,648843.0,649183.0,649535.0,649879.0,650219.0,650609.0,651051.0,651391.0,651712.0,652048.0,652417.0,652747.0,653107.0,653502.0,653848.0,654151.0,654444.0,654868.0,655297.0,655686.0,655970.0,656362.0,656662.0,656924.0,657254.0,657568.0,657948.0,658328.0,658677.0,658990.0,659313.0,659636.0,659992.0,660341.0,660707.0,661113.0,661507.0,661843.0,662188.0,662574.0,663080.0,663502.0,663922.0,664273.0,664601.0,665005.0,665383.0,665847.0,666189.0,666542.0,667024.0,667397.0,667751.0,668169.0,668577.0,668981.0,669398.0,669856.0,670328.0,670973.0,671632.0,672445.0,673155.0,673910.0,674605.0,675642.0,677164.0,678402.0,679834.0,681140.0,682956.0,684717.0,686420.0,688298.0,689960.0,691588.0,693023.0,694947.0,696683.0,698266.0,699940.0,701664.0,703434.0,704988.0,706758.0,708664.0,710064.0,711945.0,713889.0,715708.0,717632.0,719511.0,721101.0,722588.0,724313.0,725991.0,727538.0,729121.0,730840.0,732372.0,733795.0,735078.0,736368.0,737560.0,739216.0,740716.0,742213.0,743584.0,,746845.0,748402.0,750004.0,751594.0,753203.0,754657.0,755863.0,757357.0,758926.0,760565.0,762203.0,763818.0,765165.0,766675.0,768147.0,769792.0,771146.0,772714.0,774089.0,775297.0,776980.0,778734.0,780189.0,781560.0,783156.0,784635.0,785955.0,787284.0,788665.0,790136.0,791572.0,793273.0,794798.0,796196.0,797475.0,798778.0,800096.0,801772.0,803667.0,805481.0,806934.0,808402.0,810060.0,811645.0,812911.0,814364.0,816619.0,818963.0,820900.0,822639.0,824934.0,826793.0,828562.0,830269.0,831704.0,833456.0,834948.0,836652.0,838305.0,840192.0,842147.0,843898.0,845373.0,847070.0,848876.0,850286.0,852666.0,855030.0,856584.0,858308.0,860062.0,861853.0,863804.0,865833.0,867878.0,869503.0,871300.0,873085.0,874843.0,876545.0,878316.0,880319.0,881741.0,883189.0,884809.0,886159.0,887490.0,889123.0,890778.0,892299.0,893667.0,894868.0,896133.0,897583.0,898997.0,900431.0,901596.0,902789.0,904042.0,905095.0,906217.0,907378.0,908613.0,909631.0,910904.0,912087.0,913150.0,914551.0,915789.0,917115.0,918248.0,919482.0,920653.0,921964
yLLRkOolEHo,2496.0,2496.0,2498.0,2504.0,2509.0,2512.0,2512.0,2513.0,2514.0,2515.0,2515.0,2515.0,2518.0,2519.0,2520.0,2520.0,2521.0,2523.0,2523.0,2523.0,2524.0,2527.0,2527.0,2528.0,2529.0,2529.0,2531.0,2531.0,2531.0,2533.0,2536.0,2536.0,2537.0,2537.0,2539.0,2540.0,2540.0,2541.0,2541.0,2541.0,2541.0,2541.0,2542.0,2543.0,2543.0,2544.0,2545.0,2545.0,2545.0,2546.0,2546.0,2546.0,2547.0,2548.0,2548.0,2548.0,2548.0,2549.0,2550.0,2550.0,2551.0,2552.0,2552.0,2554.0,2555.0,2555.0,2555.0,2556.0,2557.0,2558.0,2559.0,2560.0,2560.0,2562.0,2562.0,2563.0,2567.0,2568.0,2571.0,2571.0,2571.0,2571.0,2574.0,2574.0,2575.0,2575.0,2575.0,2576.0,2577.0,2581.0,2583.0,2583.0,2583.0,2583.0,2583.0,2584.0,2586.0,2586.0,2587.0,2588.0,2589.0,2589.0,2590.0,2590.0,2592.0,2595.0,2595.0,2596.0,2598.0,2598.0,2599.0,2601.0,2601.0,2601.0,2601.0,2602.0,2603.0,2603.0,2603.0,2603.0,2604.0,2608.0,2610.0,2612.0,2612.0,2613.0,2614.0,2616.0,2616.0,2616.0,2619.0,2619.0,2620.0,2621.0,,,,,,,,,2640.0,2643.0,2649.0,2660.0,2663.0,2665.0,2668.0,2670.0,2673.0,2680.0,2680.0,2681.0,2683.0,2684.0,2684.0,2686.0,2690.0,2694.0,2694.0,2698.0,2699.0,2700.0,2701.0,2704.0,2706.0,2707.0,2707.0,2708.0,2707.0,2707.0,2707.0,2711.0,2711.0,2711.0,2711.0,2711.0,2712.0,2714.0,2716.0,2718.0,2720.0,2718.0,2721.0,2722.0,2722.0,2722.0,2722.0,2723.0,2723.0,2725.0,2725.0,2727.0,2727.0,2727.0,2727.0,2727.0,2729.0,2729.0,2729.0,2731.0,2731.0,2731.0,2737.0,2738.0,2738.0,2741.0,2743.0,2749.0,2750.0,2751.0,2752.0,2753.0,2753.0,2754.0,2754.0,2759.0,2759.0,2759.0,2759.0,2759.0,2761.0,2761.0,2761.0,2761.0,2761.0,2761.0,2761.0,2761.0,2761.0,2761.0,2761.0,2761.0,2762.0,2762.0,2762.0,2762.0,2762.0,2762.0,2762.0,2762.0,2762.0,2762.0,2762.0,2762.0,2763.0,2763.0,2763.0,2763.0,2763.0,2763.0,2763.0,2763.0,2763.0,2764.0,2765.0,2766.0,2766.0,2766.0,2766.0,2766.0,2767.0,,2769.0,2770.0,2770.0,2771.0,2772.0,2772.0,2772.0,2772.0,2773.0,2773.0,2774.0,2775.0,2775.0,2775.0,2775.0,2775.0,2775.0,2775.0,2775.0,2775.0,2776.0,2776.0,2776.0,2777.0,2777.0,2777.0,2777.0,2777.0,2777.0,2778.0,2779.0,2779.0,2779.0,2779.0,2779.0,2779.0,2779.0,2779.0,2780.0,2781.0,2781.0,2781.0,2782.0,2784.0,2784.0,2784.0,2784.0,2784.0,2784.0,2785.0,2785.0,2785.0,2786.0,2786.0,2786.0,2787.0,2787.0,2787.0,2788.0,2788.0,2788.0,2788.0,2788.0,2788.0,2788.0,2788.0,2788.0,2788.0,2788.0,2788.0,2788.0,2788.0,2788.0,2789.0,2789.0,2789.0,2789.0,2789.0,2789.0,2789.0,2790.0,2790.0,2790.0,2790.0,2790.0,2790.0,2791.0,2791.0,2791.0,2791.0,2791.0,2791.0,2791.0,2791.0,2791.0,2791.0,2791.0,2791.0,2791.0,2791.0,2791.0,2791.0,2791.0,2791.0,2792.0,2792.0,2792.0,2792.0,2792.0,2792.0,2792.0,2792.0,2792.0,2792
zb651egLP1o,1857.0,1857.0,1857.0,1857.0,1857.0,1857.0,1858.0,1858.0,1858.0,1858.0,1858.0,1858.0,1859.0,1859.0,1859.0,1859.0,1859.0,1859.0,1859.0,1859.0,1859.0,1859.0,1860.0,1860.0,1860.0,1861.0,1862.0,1862.0,1862.0,1862.0,1862.0,1862.0,1863.0,1863.0,1863.0,1863.0,1863.0,1863.0,1864.0,1864.0,1864.0,1864.0,1864.0,1864.0,1864.0,1864.0,1864.0,1864.0,1864.0,1864.0,1864.0,1865.0,1865.0,1865.0,1866.0,1866.0,1866.0,1866.0,1867.0,1867.0,1868.0,1870.0,1870.0,1870.0,1870.0,1870.0,1870.0,1870.0,1870.0,1870.0,1870.0,1871.0,1871.0,1872.0,1872.0,1873.0,1873.0,1873.0,1873.0,1873.0,1874.0,1874.0,1874.0,1875.0,1875.0,1875.0,1875.0,1875.0,1876.0,1878.0,1879.0,1879.0,1879.0,1879.0,1879.0,1879.0,1880.0,1880.0,1881.0,1882.0,1882.0,1883.0,1883.0,1888.0,1896.0,1926.0,1982.0,1992.0,1992.0,2008.0,2009.0,2009.0,2009.0,2010.0,2010.0,2011.0,2011.0,2011.0,2012.0,2012.0,2013.0,2012.0,2014.0,2015.0,2016.0,2016.0,2016.0,2016.0,2018.0,2028.0,2028.0,2029.0,2029.0,2029.0,,,,,,,,,2029.0,2029.0,2029.0,2029.0,2030.0,2031.0,2033.0,2033.0,2034.0,2035.0,2035.0,2035.0,2036.0,2036.0,2036.0,2036.0,2036.0,2036.0,2037.0,2037.0,2037.0,2037.0,2037.0,2037.0,2037.0,2037.0,2037.0,2037.0,2037.0,2037.0,2037.0,2038.0,2038.0,2039.0,2039.0,2039.0,2039.0,2039.0,2039.0,2039.0,2039.0,2039.0,2040.0,2041.0,2041.0,2041.0,2041.0,2041.0,2041.0,2041.0,2043.0,2043.0,2043.0,2043.0,2043.0,2043.0,2043.0,2044.0,2044.0,2044.0,2046.0,2046.0,2046.0,2046.0,2046.0,2046.0,2046.0,2046.0,2046.0,2047.0,2047.0,2047.0,2047.0,2047.0,2047.0,2047.0,2047.0,2047.0,2048.0,2048.0,2048.0,2049.0,2049.0,2049.0,2049.0,2049.0,2049.0,2050.0,2050.0,2050.0,2051.0,2051.0,2052.0,2052.0,2052.0,2052.0,2052.0,2052.0,2052.0,2052.0,2053.0,2053.0,2053.0,2054.0,2054.0,2054.0,2055.0,2055.0,2055.0,2058.0,2058.0,2058.0,2058.0,2058.0,2058.0,2058.0,2059.0,2060.0,2060.0,2060.0,2060.0,,2060.0,2061.0,2061.0,2061.0,2061.0,2061.0,2061.0,2061.0,2064.0,2065.0,2065.0,2065.0,2065.0,2066.0,2066.0,2066.0,2066.0,2066.0,2067.0,2067.0,2067.0,2068.0,2069.0,2070.0,2070.0,2071.0,2072.0,2072.0,2072.0,2072.0,2072.0,2074.0,2074.0,2074.0,2074.0,2074.0,2076.0,2076.0,2076.0,2076.0,2076.0,2076.0,2076.0,2076.0,2077.0,2077.0,2077.0,2080.0,2080.0,2080.0,2080.0,2080.0,2080.0,2080.0,2080.0,2080.0,2080.0,2088.0,2092.0,2092.0,2092.0,2090.0,2091.0,2091.0,2091.0,2091.0,2091.0,2091.0,2091.0,2092.0,2092.0,2092.0,2092.0,2092.0,2092.0,2092.0,2092.0,2092.0,2092.0,2092.0,2092.0,2092.0,2092.0,2092.0,2092.0,2092.0,2092.0,2092.0,2092.0,2092.0,2092.0,2092.0,2092.0,2092.0,2092.0,2092.0,2094.0,2095.0,2096.0,2096.0,2096.0,2096.0,2098.0,2099.0,2099.0,2099.0,2099.0,2099.0,2099.0,2099.0,2099.0,2099.0,2099.0,2099
6pPb8rojWxI,6606.0,6606.0,6608.0,6608.0,6609.0,6610.0,6611.0,6611.0,6611.0,6611.0,6611.0,6611.0,6612.0,6614.0,6616.0,6616.0,6618.0,6618.0,6618.0,6618.0,6619.0,6619.0,6619.0,6619.0,6619.0,6622.0,6622.0,6624.0,6624.0,6625.0,6627.0,6627.0,6627.0,6627.0,6629.0,6629.0,6629.0,6629.0,6629.0,6631.0,6631.0,6631.0,6631.0,6633.0,6633.0,6634.0,6634.0,6634.0,6635.0,6636.0,6638.0,6638.0,6638.0,6638.0,6638.0,6638.0,6639.0,6639.0,6639.0,6639.0,6639.0,6641.0,6643.0,6643.0,6645.0,6645.0,6646.0,6646.0,6646.0,6647.0,6647.0,6648.0,6648.0,6648.0,6649.0,6649.0,6649.0,6651.0,6652.0,6655.0,6655.0,6655.0,6655.0,6655.0,6655.0,6655.0,6655.0,6655.0,6655.0,6657.0,6657.0,6657.0,6658.0,6658.0,6660.0,6660.0,6660.0,6661.0,6662.0,6662.0,6662.0,6663.0,6663.0,6664.0,6664.0,6664.0,6664.0,6664.0,6664.0,6664.0,6664.0,6665.0,6665.0,6665.0,6665.0,6665.0,6665.0,6665.0,6665.0,6665.0,6665.0,6667.0,6668.0,6668.0,6668.0,6668.0,6668.0,6668.0,6672.0,6673.0,6673.0,6673.0,6673.0,6673.0,,,,,,,,,6678.0,6681.0,6681.0,6681.0,6684.0,6684.0,6687.0,6687.0,6687.0,6687.0,6687.0,6687.0,6689.0,6690.0,6692.0,6694.0,6694.0,6694.0,6694.0,6695.0,6695.0,6695.0,6696.0,6696.0,6696.0,6696.0,6696.0,6697.0,6700.0,6702.0,6703.0,6701.0,6701.0,6702.0,6706.0,6706.0,6706.0,6703.0,6703.0,6704.0,6707.0,6707.0,6707.0,6709.0,6709.0,6709.0,6709.0,6711.0,6711.0,6711.0,6712.0,6714.0,6715.0,6716.0,6716.0,6720.0,6720.0,6722.0,6722.0,6722.0,6722.0,6723.0,6723.0,6723.0,6723.0,6724.0,6724.0,6724.0,6724.0,6724.0,6724.0,6725.0,6727.0,6727.0,6728.0,6728.0,6728.0,6728.0,6728.0,6729.0,6730.0,6730.0,6730.0,6732.0,6734.0,6734.0,6735.0,6735.0,6739.0,6741.0,6741.0,6741.0,6741.0,6742.0,6743.0,6743.0,6744.0,6744.0,6744.0,6744.0,6745.0,6746.0,6746.0,6747.0,6748.0,6749.0,6749.0,6749.0,6750.0,6750.0,6750.0,6751.0,6751.0,6751.0,6753.0,6753.0,6753.0,6754.0,6754.0,6755.0,6755.0,,6756.0,6756.0,6757.0,6757.0,6758.0,6758.0,6758.0,6758.0,6759.0,6759.0,6763.0,6766.0,6766.0,6768.0,6772.0,6773.0,6774.0,6774.0,6774.0,6774.0,6774.0,6775.0,6775.0,6775.0,6775.0,6775.0,6776.0,6776.0,6776.0,6776.0,6776.0,6778.0,6778.0,6780.0,6780.0,6780.0,6781.0,6781.0,6781.0,6782.0,6782.0,6782.0,6782.0,6782.0,6783.0,6784.0,6784.0,6784.0,6784.0,6784.0,6785.0,6788.0,6788.0,6788.0,6789.0,6789.0,6789.0,6789.0,6790.0,6790.0,6790.0,6790.0,6790.0,6790.0,6790.0,6790.0,6790.0,6790.0,6791.0,6792.0,6794.0,6795.0,6798.0,6798.0,6799.0,6800.0,6801.0,6802.0,6803.0,6804.0,6805.0,6805.0,6805.0,6807.0,6807.0,6808.0,6808.0,6810.0,6810.0,6810.0,6809.0,6809.0,6809.0,6809.0,6809.0,6809.0,6809.0,6809.0,6809.0,6809.0,6809.0,6809.0,6810.0,6809.0,6809.0,6810.0,6810.0,6810.0,6813.0,6813.0,6815.0,6816.0,6816.0,6817
4qEkjo2RJ30,8950.0,8950.0,8953.0,8955.0,8956.0,8972.0,8972.0,8973.0,8959.0,8960.0,8960.0,8960.0,8960.0,8962.0,8969.0,8974.0,8976.0,8976.0,8977.0,8979.0,8980.0,8980.0,8983.0,8983.0,8985.0,8988.0,8988.0,8988.0,8988.0,8989.0,8993.0,8993.0,8993.0,8995.0,8995.0,8996.0,8998.0,9000.0,9000.0,9003.0,9004.0,9006.0,9006.0,9007.0,9008.0,9008.0,9008.0,9009.0,9011.0,9012.0,9014.0,9017.0,9019.0,9021.0,9025.0,9027.0,9029.0,9031.0,9032.0,9036.0,9040.0,9045.0,9048.0,9049.0,9056.0,9059.0,9060.0,9062.0,9063.0,9065.0,9067.0,9070.0,9070.0,9071.0,9073.0,9075.0,9075.0,9076.0,9077.0,9078.0,9079.0,9080.0,9081.0,9082.0,9083.0,9083.0,9083.0,9087.0,9091.0,9091.0,9093.0,9098.0,9105.0,9108.0,9113.0,9114.0,9116.0,9118.0,9119.0,9118.0,9120.0,9120.0,9121.0,9121.0,9122.0,9123.0,9125.0,9131.0,9132.0,9133.0,9135.0,9135.0,9137.0,9137.0,9137.0,9141.0,9141.0,9142.0,9143.0,9143.0,9144.0,9144.0,9147.0,9147.0,9147.0,9147.0,9147.0,9148.0,9150.0,9151.0,9151.0,9151.0,9151.0,9151.0,,,,,,,,,9157.0,9159.0,9159.0,9159.0,9161.0,9163.0,9168.0,9172.0,9172.0,9173.0,9174.0,9176.0,9177.0,9177.0,9178.0,9178.0,9178.0,9178.0,9178.0,9179.0,9179.0,9182.0,9184.0,9186.0,9186.0,9186.0,9189.0,9190.0,9190.0,9190.0,9190.0,9190.0,9191.0,9192.0,9202.0,9202.0,9204.0,9194.0,9195.0,9195.0,9196.0,9197.0,9197.0,9199.0,9199.0,9199.0,9200.0,9205.0,9207.0,9207.0,9207.0,9210.0,9212.0,9213.0,9213.0,9215.0,9215.0,9217.0,9220.0,9221.0,9224.0,9225.0,9227.0,9227.0,9231.0,9231.0,9231.0,9231.0,9232.0,9234.0,9235.0,9240.0,9243.0,9244.0,9244.0,9245.0,9246.0,9246.0,9246.0,9247.0,9247.0,9248.0,9249.0,9249.0,9254.0,9265.0,9269.0,9270.0,9276.0,9276.0,9278.0,9279.0,9282.0,9285.0,9288.0,9290.0,9291.0,9291.0,9291.0,9291.0,9291.0,9291.0,9291.0,9294.0,9297.0,9298.0,9300.0,9300.0,9300.0,9300.0,9302.0,9304.0,9304.0,9306.0,9307.0,9308.0,9310.0,9310.0,9310.0,9314.0,9314.0,,9315.0,9315.0,9316.0,9317.0,9320.0,9323.0,9323.0,9323.0,9323.0,9323.0,9324.0,9325.0,9326.0,9327.0,9327.0,9328.0,9328.0,9329.0,9330.0,9330.0,9332.0,9335.0,9336.0,9337.0,9337.0,9337.0,9337.0,9337.0,9338.0,9338.0,9340.0,9340.0,9341.0,9343.0,9344.0,9344.0,9344.0,9345.0,9347.0,9348.0,9348.0,9349.0,9349.0,9349.0,9351.0,9353.0,9358.0,9361.0,9361.0,9362.0,9363.0,9364.0,9365.0,9365.0,9367.0,9370.0,9373.0,9375.0,9376.0,9377.0,9378.0,9381.0,9383.0,9384.0,9391.0,9394.0,9398.0,9408.0,9413.0,9414.0,9415.0,9418.0,9421.0,9422.0,9422.0,9422.0,9423.0,9425.0,9430.0,9430.0,9434.0,9435.0,9436.0,9436.0,9438.0,9439.0,9439.0,9440.0,9440.0,9442.0,9446.0,9447.0,9452.0,9453.0,9455.0,9461.0,9462.0,9464.0,9465.0,9468.0,9469.0,9470.0,9472.0,9472.0,9473.0,9476.0,9477.0,9480.0,9480.0,9484.0,9488.0,9491.0,9492.0,9493
0FsXguRdulU,13567.0,13570.0,13571.0,13572.0,13575.0,13576.0,13581.0,13581.0,13581.0,13581.0,13581.0,13581.0,13582.0,13584.0,13588.0,13589.0,13591.0,13591.0,13591.0,13593.0,13595.0,13597.0,13598.0,13598.0,13601.0,13602.0,13605.0,13606.0,13606.0,13606.0,13609.0,13610.0,13613.0,13613.0,13616.0,13617.0,13617.0,13617.0,13618.0,13619.0,13619.0,13620.0,13625.0,13627.0,13630.0,13631.0,13631.0,13633.0,13636.0,13636.0,13637.0,13638.0,13638.0,13638.0,13638.0,13640.0,13643.0,13644.0,13645.0,13644.0,13644.0,13646.0,13648.0,13651.0,13655.0,13656.0,13657.0,13659.0,13660.0,13660.0,13662.0,13664.0,13666.0,13667.0,13667.0,13668.0,13669.0,13671.0,13674.0,13675.0,13680.0,13681.0,13683.0,13683.0,13683.0,13686.0,13687.0,13689.0,13691.0,13692.0,13692.0,13692.0,13693.0,13696.0,13701.0,13703.0,13706.0,13706.0,13707.0,13709.0,13710.0,13712.0,13712.0,13713.0,13714.0,13716.0,13716.0,13716.0,13717.0,13717.0,13717.0,13720.0,13724.0,13725.0,13725.0,13728.0,13729.0,13729.0,13731.0,13731.0,13734.0,13735.0,13735.0,13736.0,13736.0,13736.0,13736.0,13737.0,13737.0,13739.0,13741.0,13741.0,13741.0,13743.0,,,,,,,,,13752.0,13754.0,13756.0,13758.0,13759.0,13760.0,13761.0,13764.0,13764.0,13765.0,13769.0,13771.0,13775.0,13775.0,13776.0,13779.0,13781.0,13781.0,13782.0,13783.0,13785.0,13785.0,13786.0,13789.0,13790.0,13792.0,13792.0,13794.0,13794.0,13797.0,13798.0,13801.0,13802.0,13802.0,13806.0,13808.0,13809.0,13809.0,13811.0,13812.0,13816.0,13821.0,13822.0,13824.0,13826.0,13828.0,13830.0,13831.0,13831.0,13832.0,13835.0,13835.0,13836.0,13839.0,13841.0,13843.0,13843.0,13843.0,13844.0,13847.0,13849.0,13849.0,13849.0,13849.0,13849.0,13852.0,13854.0,13854.0,13855.0,13856.0,13860.0,13862.0,13863.0,13865.0,13866.0,13866.0,13869.0,13870.0,13870.0,13874.0,13877.0,13878.0,13880.0,13883.0,13889.0,13892.0,13892.0,13894.0,13897.0,13897.0,13898.0,13900.0,13900.0,13900.0,13901.0,13901.0,13902.0,13903.0,13904.0,13905.0,13905.0,13905.0,13906.0,13909.0,13911.0,13913.0,13914.0,13916.0,13916.0,13917.0,13920.0,13922.0,13922.0,13925.0,13926.0,13928.0,13929.0,13929.0,13930.0,13932.0,13933.0,,13934.0,13934.0,13936.0,13937.0,13937.0,13939.0,13940.0,13940.0,13943.0,13943.0,13948.0,13952.0,13955.0,13955.0,13956.0,13957.0,13956.0,13957.0,13957.0,13958.0,13959.0,13960.0,13961.0,13962.0,13962.0,13963.0,13966.0,13966.0,13966.0,13968.0,13968.0,13969.0,13972.0,13973.0,13976.0,13977.0,13977.0,13978.0,13978.0,13979.0,13979.0,13979.0,13981.0,13982.0,13982.0,13989.0,13990.0,13993.0,13993.0,13993.0,13995.0,13998.0,14001.0,14003.0,14004.0,14004.0,14005.0,14005.0,14007.0,14008.0,14008.0,14009.0,14009.0,14010.0,14010.0,14011.0,14012.0,14012.0,14012.0,14013.0,14013.0,14016.0,14016.0,14016.0,14016.0,14016.0,14018.0,14017.0,14020.0,14022.0,14024.0,14024.0,14025.0,14028.0,14028.0,14029.0,14029.0,14029.0,14029.0,14029.0,14029.0,14030.0,14030.0,14030.0,14030.0,14032.0,14032.0,14033.0,14034.0,14035.0,14036.0,14035.0,14036.0,14038.0,14039.0,14041.0,14042.0,14042.0,14043.0,14043.0,14044.0,14044.0,14046.0,14047
19owBk8bhoQ,2680.0,2680.0,2680.0,2681.0,2682.0,2683.0,2683.0,2683.0,2685.0,2685.0,2685.0,2685.0,2686.0,2688.0,2693.0,2696.0,2696.0,2696.0,2696.0,2697.0,2698.0,2698.0,2698.0,2699.0,2701.0,2702.0,2702.0,2702.0,2702.0,2702.0,2703.0,2704.0,2704.0,2704.0,2704.0,2706.0,2706.0,2706.0,2706.0,2706.0,2706.0,2706.0,2706.0,2707.0,2707.0,2707.0,2707.0,2707.0,2709.0,2709.0,2709.0,2711.0,2711.0,2711.0,2711.0,2711.0,2711.0,2712.0,2713.0,2713.0,2713.0,2714.0,2715.0,2715.0,2715.0,2715.0,2715.0,2715.0,2715.0,2715.0,2716.0,2717.0,2717.0,2717.0,2717.0,2717.0,2718.0,2718.0,2719.0,2719.0,2719.0,2719.0,2719.0,2720.0,2720.0,2721.0,2721.0,2721.0,2721.0,2721.0,2721.0,2721.0,2721.0,2722.0,2723.0,2723.0,2724.0,2724.0,2724.0,2724.0,2724.0,2724.0,2725.0,2726.0,2726.0,2727.0,2727.0,2727.0,2727.0,2727.0,2727.0,2728.0,2728.0,2728.0,2728.0,2730.0,2730.0,2730.0,2730.0,2730.0,2730.0,2730.0,2730.0,2730.0,2730.0,2730.0,2730.0,2730.0,2730.0,2730.0,2731.0,2731.0,2732.0,2732.0,,,,,,,,,2737.0,2738.0,2738.0,2738.0,2739.0,2739.0,2742.0,2742.0,2743.0,2743.0,2747.0,2747.0,2749.0,2749.0,2751.0,2753.0,2753.0,2753.0,2753.0,2753.0,2754.0,2754.0,2755.0,2756.0,2756.0,2759.0,2759.0,2759.0,2759.0,2760.0,2760.0,2760.0,2760.0,2760.0,2763.0,2763.0,2763.0,2763.0,2763.0,2763.0,2763.0,2763.0,2763.0,2765.0,2765.0,2765.0,2765.0,2765.0,2765.0,2765.0,2765.0,2766.0,2766.0,2766.0,2766.0,2767.0,2768.0,2768.0,2770.0,2771.0,2778.0,2780.0,2780.0,2780.0,2781.0,2781.0,2781.0,2781.0,2782.0,2782.0,2782.0,2783.0,2786.0,2786.0,2786.0,2786.0,2786.0,2786.0,2787.0,2788.0,2788.0,2788.0,2789.0,2789.0,2792.0,2792.0,2793.0,2793.0,2795.0,2795.0,2796.0,2796.0,2796.0,2796.0,2796.0,2796.0,2796.0,2796.0,2796.0,2796.0,2796.0,2796.0,2796.0,2796.0,2797.0,2798.0,2798.0,2798.0,2798.0,2798.0,2799.0,2799.0,2800.0,2800.0,2801.0,2802.0,2802.0,2802.0,2802.0,2803.0,2804.0,,2804.0,2804.0,2804.0,2806.0,2807.0,2809.0,2809.0,2809.0,2809.0,2808.0,2810.0,2811.0,2811.0,2812.0,2812.0,2812.0,2812.0,2812.0,2812.0,2812.0,2815.0,2815.0,2815.0,2815.0,2815.0,2817.0,2817.0,2817.0,2817.0,2817.0,2817.0,2817.0,2817.0,2818.0,2818.0,2818.0,2818.0,2819.0,2820.0,2820.0,2820.0,2820.0,2821.0,2821.0,2821.0,2822.0,2822.0,2822.0,2822.0,2822.0,2823.0,2823.0,2823.0,2823.0,2823.0,2823.0,2823.0,2824.0,2826.0,2826.0,2826.0,2826.0,2826.0,2826.0,2826.0,2826.0,2827.0,2827.0,2827.0,2827.0,2828.0,2828.0,2828.0,2828.0,2828.0,2828.0,2828.0,2828.0,2830.0,2830.0,2831.0,2831.0,2833.0,2836.0,2836.0,2836.0,2837.0,2833.0,2833.0,2833.0,2833.0,2833.0,2834.0,2834.0,2834.0,2834.0,2834.0,2835.0,2837.0,2837.0,2840.0,2838.0,2838.0,2838.0,2838.0,2838.0,2838.0,2839.0,2840.0,2840.0,2840.0,2840.0,2841.0,2841
HSlBn1Ozqfs,221.0,221.0,221.0,222.0,222.0,222.0,222.0,223.0,223.0,224.0,225.0,225.0,227.0,227.0,228.0,229.0,229.0,229.0,230.0,230.0,230.0,231.0,231.0,231.0,231.0,232.0,232.0,232.0,232.0,232.0,234.0,234.0,234.0,235.0,235.0,236.0,235.0,235.0,235.0,235.0,235.0,235.0,235.0,235.0,235.0,235.0,236.0,236.0,241.0,241.0,241.0,241.0,241.0,241.0,241.0,241.0,241.0,241.0,241.0,241.0,241.0,241.0,241.0,241.0,241.0,241.0,241.0,241.0,241.0,241.0,242.0,244.0,245.0,245.0,246.0,247.0,247.0,248.0,249.0,250.0,251.0,251.0,254.0,254.0,254.0,254.0,256.0,257.0,257.0,258.0,258.0,259.0,259.0,260.0,261.0,261.0,261.0,263.0,264.0,264.0,264.0,264.0,266.0,266.0,267.0,267.0,267.0,270.0,272.0,273.0,275.0,275.0,275.0,275.0,276.0,276.0,277.0,277.0,278.0,278.0,280.0,282.0,283.0,285.0,285.0,286.0,286.0,287.0,287.0,288.0,288.0,288.0,288.0,288.0,,,,,,,,,297.0,298.0,298.0,298.0,301.0,301.0,301.0,301.0,301.0,302.0,303.0,303.0,303.0,303.0,303.0,304.0,304.0,304.0,305.0,305.0,306.0,306.0,307.0,307.0,307.0,307.0,307.0,308.0,308.0,308.0,308.0,310.0,310.0,312.0,313.0,313.0,313.0,313.0,313.0,314.0,314.0,315.0,315.0,316.0,316.0,316.0,316.0,316.0,316.0,317.0,318.0,319.0,319.0,319.0,320.0,320.0,321.0,321.0,321.0,322.0,326.0,326.0,326.0,327.0,331.0,332.0,332.0,333.0,333.0,333.0,334.0,334.0,335.0,335.0,335.0,335.0,335.0,335.0,335.0,336.0,336.0,336.0,339.0,340.0,342.0,342.0,342.0,344.0,344.0,345.0,348.0,348.0,349.0,352.0,354.0,354.0,354.0,355.0,355.0,355.0,355.0,355.0,356.0,356.0,357.0,357.0,358.0,359.0,359.0,359.0,359.0,359.0,359.0,359.0,360.0,360.0,361.0,363.0,363.0,364.0,364.0,,365.0,365.0,366.0,366.0,367.0,367.0,368.0,369.0,371.0,371.0,371.0,372.0,372.0,372.0,372.0,372.0,372.0,372.0,372.0,373.0,373.0,374.0,374.0,374.0,374.0,374.0,375.0,375.0,376.0,376.0,376.0,377.0,377.0,377.0,377.0,377.0,377.0,377.0,377.0,377.0,377.0,377.0,377.0,377.0,377.0,377.0,377.0,378.0,378.0,379.0,379.0,379.0,379.0,380.0,380.0,380.0,380.0,380.0,380.0,380.0,380.0,380.0,380.0,380.0,380.0,381.0,381.0,383.0,383.0,384.0,384.0,384.0,384.0,385.0,385.0,385.0,385.0,385.0,385.0,389.0,390.0,391.0,393.0,393.0,393.0,393.0,395.0,396.0,396.0,396.0,397.0,398.0,398.0,398.0,398.0,398.0,398.0,399.0,399.0,400.0,401.0,401.0,402.0,402.0,403.0,404.0,404.0,404.0,404.0,405.0,405.0,405.0,405.0,405
LUlyTXQG2Hk,66287.0,66297.0,66308.0,66313.0,66319.0,66333.0,66343.0,66352.0,66359.0,66363.0,66371.0,66380.0,66385.0,66390.0,66394.0,66401.0,66408.0,66422.0,66426.0,66427.0,66433.0,66440.0,66447.0,66451.0,66460.0,66467.0,66474.0,66480.0,66490.0,66503.0,66510.0,66519.0,66526.0,66535.0,66541.0,66546.0,66548.0,66556.0,66560.0,66567.0,66572.0,66576.0,66583.0,66591.0,66599.0,66601.0,66603.0,66607.0,66616.0,66623.0,66628.0,66634.0,66639.0,66642.0,66646.0,66652.0,66654.0,66660.0,66663.0,66671.0,66677.0,66678.0,66682.0,66686.0,66688.0,66692.0,66696.0,66698.0,66707.0,66711.0,66720.0,66724.0,66732.0,66738.0,66743.0,66751.0,66758.0,66761.0,66764.0,66771.0,66778.0,66783.0,66793.0,66799.0,66804.0,66807.0,66816.0,66821.0,66823.0,66828.0,66832.0,66844.0,66853.0,66857.0,66857.0,66862.0,66871.0,66874.0,66884.0,66889.0,66893.0,66898.0,66903.0,66910.0,66918.0,66919.0,66923.0,66924.0,66928.0,66933.0,66936.0,66940.0,66946.0,66949.0,66950.0,66958.0,66961.0,66973.0,66979.0,66982.0,66991.0,66997.0,66999.0,67004.0,67006.0,67010.0,67010.0,67014.0,67018.0,67020.0,67022.0,67028.0,67030.0,67036.0,,,,,,,,,67074.0,67080.0,67084.0,67092.0,67095.0,67098.0,67105.0,67114.0,67123.0,67135.0,67144.0,67153.0,67157.0,67160.0,67166.0,67171.0,67176.0,67178.0,67184.0,67193.0,67206.0,67217.0,67218.0,67227.0,67235.0,67236.0,67243.0,67245.0,67251.0,67258.0,67264.0,67271.0,67277.0,67283.0,67285.0,67291.0,67297.0,67306.0,67315.0,67320.0,67324.0,67327.0,67334.0,67339.0,67348.0,67351.0,67354.0,67356.0,67359.0,67361.0,67363.0,67366.0,67373.0,67376.0,67379.0,67384.0,67389.0,67389.0,67391.0,67397.0,67401.0,67406.0,67410.0,67416.0,67422.0,67425.0,67432.0,67438.0,67439.0,67442.0,67444.0,67450.0,67453.0,67455.0,67462.0,67463.0,67465.0,67469.0,67475.0,67480.0,67483.0,67486.0,67490.0,67496.0,67500.0,67505.0,67511.0,67517.0,67527.0,67533.0,67539.0,67543.0,67555.0,67559.0,67562.0,67567.0,67573.0,67578.0,67585.0,67586.0,67593.0,67603.0,67610.0,67612.0,67618.0,67620.0,67622.0,67624.0,67627.0,67631.0,67633.0,67638.0,67641.0,67644.0,67655.0,67658.0,67662.0,67664.0,67669.0,67680.0,67686.0,,67698.0,67711.0,67717.0,67730.0,67737.0,67741.0,67744.0,67760.0,67766.0,67774.0,67781.0,67789.0,67797.0,67805.0,67812.0,67821.0,67827.0,67839.0,67847.0,67852.0,67859.0,67865.0,67873.0,67879.0,67887.0,67896.0,67900.0,67908.0,67912.0,67922.0,67932.0,67936.0,67950.0,67954.0,67963.0,67973.0,67979.0,67983.0,67994.0,68004.0,68008.0,68022.0,68029.0,68034.0,68043.0,68052.0,68059.0,68063.0,68066.0,68072.0,68077.0,68081.0,68085.0,68088.0,68099.0,68105.0,68111.0,68112.0,68119.0,68126.0,68133.0,68138.0,68144.0,68150.0,68153.0,68156.0,68162.0,68168.0,68170.0,68176.0,68181.0,68184.0,68186.0,68191.0,68196.0,68201.0,68205.0,68212.0,68215.0,68217.0,68220.0,68225.0,68231.0,68237.0,68242.0,68244.0,68250.0,68257.0,68262.0,68268.0,68272.0,68276.0,68281.0,68287.0,68288.0,68292.0,68298.0,68300.0,68303.0,68305.0,68309.0,68310.0,68314.0,68316.0,68319.0,68321.0,68325.0,68328.0,68332.0,68338.0,68338.0,68343.0,68344.0,68346
7NXIMpz82wc,21983.0,22009.0,22039.0,22056.0,22086.0,22124.0,22161.0,22197.0,22224.0,22244.0,22258.0,22276.0,22301.0,22327.0,22345.0,22370.0,22391.0,22416.0,22436.0,22461.0,22486.0,22516.0,22542.0,22567.0,22589.0,22620.0,22652.0,22676.0,22710.0,22749.0,22779.0,22795.0,22812.0,22827.0,22843.0,22878.0,22896.0,22916.0,22925.0,22950.0,22963.0,22986.0,23001.0,23037.0,23055.0,23067.0,23079.0,23099.0,23134.0,23157.0,23180.0,23186.0,23192.0,23198.0,23201.0,23206.0,23217.0,23225.0,23234.0,23239.0,23245.0,23253.0,23262.0,23269.0,23279.0,23282.0,23291.0,23299.0,23307.0,23313.0,23326.0,23334.0,23341.0,23344.0,23357.0,23370.0,23384.0,23395.0,23406.0,23422.0,23427.0,23445.0,23460.0,23474.0,23489.0,23502.0,23514.0,23522.0,23534.0,23547.0,23556.0,23569.0,23581.0,23591.0,23595.0,23604.0,23612.0,23626.0,23636.0,23647.0,23652.0,23659.0,23664.0,23673.0,23685.0,23693.0,23700.0,23708.0,23709.0,23720.0,23731.0,23741.0,23748.0,23755.0,23764.0,23768.0,23771.0,23773.0,23776.0,23781.0,23787.0,23793.0,23799.0,23801.0,23805.0,23811.0,23816.0,23822.0,23825.0,23828.0,23832.0,23835.0,23838.0,23849.0,,,,,,,,,23932.0,23938.0,23945.0,23956.0,23967.0,23978.0,23987.0,23991.0,24000.0,24005.0,24016.0,24026.0,24033.0,24041.0,24048.0,24057.0,24065.0,24072.0,24082.0,24095.0,24097.0,24105.0,24110.0,24116.0,24122.0,24128.0,24135.0,24139.0,24146.0,24149.0,24155.0,24159.0,24166.0,24173.0,24176.0,24184.0,24191.0,24194.0,24197.0,24201.0,24207.0,24213.0,24216.0,24220.0,24225.0,24229.0,24239.0,24245.0,24257.0,24262.0,24270.0,24280.0,24288.0,24296.0,24304.0,24313.0,24318.0,24320.0,24329.0,24338.0,24349.0,24354.0,24360.0,24362.0,24369.0,24376.0,24381.0,24389.0,24392.0,24397.0,24400.0,24406.0,24410.0,24419.0,24428.0,24436.0,24445.0,24451.0,24457.0,24468.0,24478.0,24481.0,24491.0,24498.0,24504.0,24512.0,24520.0,24527.0,24535.0,24545.0,24558.0,24567.0,24576.0,24578.0,24584.0,24588.0,24600.0,24610.0,24619.0,24625.0,24629.0,24635.0,24641.0,24654.0,24656.0,24663.0,24665.0,24668.0,24675.0,24678.0,24684.0,24693.0,24702.0,24704.0,24708.0,24718.0,24721.0,24730.0,24737.0,24741.0,24748.0,,24757.0,24761.0,24764.0,24773.0,24775.0,24779.0,24788.0,24789.0,24793.0,24795.0,24799.0,24807.0,24810.0,24815.0,24821.0,24823.0,24827.0,24834.0,24840.0,24843.0,24850.0,24854.0,24859.0,24867.0,24875.0,24880.0,24887.0,24892.0,24899.0,24909.0,24916.0,24921.0,24928.0,24940.0,24951.0,24962.0,24973.0,24993.0,25002.0,25021.0,25030.0,25045.0,25051.0,25064.0,25072.0,25087.0,25097.0,25108.0,25126.0,25142.0,25162.0,25172.0,25186.0,25204.0,25217.0,25230.0,25253.0,25263.0,25276.0,25289.0,25299.0,25307.0,25317.0,25328.0,25336.0,25351.0,25374.0,25407.0,25449.0,25503.0,25534.0,25565.0,25604.0,25629.0,25655.0,25676.0,25698.0,25722.0,25745.0,25760.0,25776.0,25795.0,25812.0,25822.0,25836.0,25847.0,25858.0,25870.0,25884.0,25891.0,25901.0,25908.0,25915.0,25925.0,25939.0,25949.0,25954.0,25962.0,25980.0,25987.0,25999.0,26004.0,26014.0,26019.0,26026.0,26038.0,26044.0,26060.0,26071.0,26080.0,26088.0,26099.0,26116.0,26129
ALJZYurWD5k,179907.0,179923.0,179949.0,179969.0,179985.0,180002.0,180017.0,180033.0,180055.0,180073.0,180090.0,180105.0,180112.0,180140.0,180153.0,180168.0,180178.0,180198.0,180217.0,180228.0,180254.0,180277.0,180299.0,180318.0,180330.0,180347.0,180368.0,180387.0,180419.0,180437.0,180454.0,180483.0,180510.0,180528.0,180541.0,180548.0,180567.0,180591.0,180607.0,180619.0,180630.0,180640.0,180664.0,180687.0,180696.0,180712.0,180728.0,180746.0,180761.0,180778.0,180793.0,180817.0,180827.0,180836.0,180855.0,180869.0,180883.0,180899.0,180910.0,180925.0,180937.0,180949.0,180969.0,180989.0,181010.0,181026.0,181059.0,181077.0,181099.0,181124.0,181147.0,181162.0,181187.0,181200.0,181220.0,181245.0,181264.0,181280.0,181292.0,181313.0,181324.0,181334.0,181348.0,181366.0,181380.0,181396.0,181413.0,181419.0,181430.0,181444.0,181457.0,181473.0,181482.0,181504.0,181513.0,181531.0,181551.0,181563.0,181581.0,181599.0,181617.0,181636.0,181652.0,181672.0,181688.0,181698.0,181713.0,181726.0,181739.0,181752.0,181774.0,181787.0,181806.0,181820.0,181838.0,181848.0,181856.0,181871.0,181878.0,181895.0,181905.0,181919.0,181932.0,181943.0,181952.0,181971.0,181986.0,182003.0,182018.0,182035.0,182051.0,182062.0,182074.0,182089.0,,,,,,,,,182217.0,182234.0,182262.0,182285.0,182298.0,182311.0,182330.0,182347.0,182362.0,182387.0,182400.0,182417.0,182431.0,182448.0,182463.0,182482.0,182501.0,182514.0,182532.0,182552.0,182574.0,182588.0,182603.0,182623.0,182638.0,182651.0,182664.0,182674.0,182694.0,182706.0,182717.0,182726.0,182745.0,182759.0,182766.0,182784.0,182800.0,182812.0,182822.0,182834.0,182852.0,182867.0,182878.0,182892.0,182907.0,182919.0,182930.0,182944.0,182952.0,182969.0,182981.0,182990.0,183005.0,183020.0,183039.0,183052.0,183066.0,183074.0,183091.0,183110.0,183122.0,183143.0,183159.0,183173.0,183187.0,183195.0,183205.0,183216.0,183226.0,183236.0,183248.0,183262.0,183275.0,183285.0,183297.0,183309.0,183318.0,183331.0,183341.0,183350.0,183361.0,183370.0,183384.0,183402.0,183420.0,183439.0,183450.0,183458.0,183470.0,183480.0,183493.0,183503.0,183511.0,183525.0,183537.0,183547.0,183560.0,183573.0,183580.0,183594.0,183606.0,183618.0,183627.0,183643.0,183650.0,183667.0,183684.0,183699.0,183720.0,183729.0,183735.0,183748.0,183758.0,183763.0,183782.0,183803.0,183820.0,183833.0,183846.0,183857.0,183868.0,,183899.0,183907.0,183924.0,183932.0,183939.0,183949.0,183962.0,183971.0,183983.0,183990.0,184006.0,184015.0,184027.0,184038.0,184055.0,184073.0,184082.0,184090.0,184095.0,184107.0,184125.0,184132.0,184146.0,184152.0,184160.0,184169.0,184180.0,184188.0,184200.0,184210.0,184223.0,184236.0,184255.0,184273.0,184284.0,184299.0,184308.0,184320.0,184326.0,184335.0,184347.0,184358.0,184374.0,184387.0,184401.0,184409.0,184418.0,184432.0,184448.0,184461.0,184465.0,184474.0,184493.0,184509.0,184518.0,184520.0,184533.0,184543.0,184558.0,184573.0,184585.0,184600.0,184610.0,184620.0,184624.0,184632.0,184654.0,184668.0,184677.0,184684.0,184697.0,184707.0,184719.0,184727.0,184737.0,184745.0,184760.0,184772.0,184787.0,184799.0,184809.0,184821.0,184822.0,184833.0,184844.0,184852.0,184857.0,184862.0,184883.0,184903.0,184920.0,184933.0,184947.0,184966.0,184982.0,184993.0,185007.0,185023.0,185031.0,185043.0,185048.0,185061.0,185068.0,185075.0,185080.0,185090.0,185102.0,185119.0,185135.0,185150.0,185161.0,185172.0,185187.0,185204
FDx81casmUM,374292.0,374617.0,374967.0,375297.0,375668.0,376089.0,376483.0,376982.0,377318.0,377674.0,377991.0,378387.0,378782.0,379166.0,379666.0,380061.0,380397.0,380717.0,381084.0,381478.0,381792.0,382103.0,382410.0,382683.0,382962.0,383261.0,383615.0,383992.0,384287.0,384610.0,384878.0,385101.0,385370.0,385660.0,385917.0,386222.0,386528.0,386825.0,387050.0,387310.0,387784.0,388800.0,389697.0,390470.0,391193.0,391784.0,392270.0,392924.0,393639.0,394397.0,395061.0,395628.0,396035.0,396608.0,397132.0,397620.0,398163.0,398716.0,399306.0,399818.0,400253.0,400692.0,401233.0,401694.0,402159.0,402589.0,403073.0,403554.0,403970.0,404510.0,404967.0,405387.0,405901.0,406388.0,406981.0,407648.0,408253.0,408816.0,409388.0,409974.0,410454.0,411031.0,411700.0,412140.0,412518.0,413179.0,413753.0,414111.0,414558.0,414974.0,415497.0,416012.0,416484.0,416853.0,417205.0,417624.0,418073.0,418505.0,418907.0,419425.0,419799.0,420255.0,420814.0,421346.0,421811.0,422380.0,422891.0,423298.0,423700.0,424126.0,424626.0,425099.0,425663.0,426350.0,426977.0,427490.0,428019.0,428546.0,429141.0,429645.0,430216.0,430779.0,431270.0,431591.0,432213.0,432699.0,433238.0,433624.0,433963.0,434435.0,434857.0,435321.0,435857.0,436336.0,,,,,,,,,442308.0,442833.0,443373.0,444013.0,444530.0,445099.0,445499.0,445894.0,446342.0,446685.0,447069.0,447462.0,447890.0,448434.0,448856.0,449258.0,449668.0,450104.0,450450.0,450912.0,451353.0,451755.0,452101.0,452630.0,453026.0,453423.0,453878.0,454312.0,454696.0,455047.0,455483.0,455873.0,456265.0,456727.0,457151.0,457463.0,457849.0,458238.0,458628.0,459053.0,459490.0,460365.0,461333.0,462030.0,463037.0,463905.0,464699.0,465806.0,466692.0,467390.0,468064.0,468849.0,469616.0,470350.0,471000.0,471493.0,472642.0,473812.0,475134.0,476575.0,477919.0,479039.0,480544.0,481928.0,483295.0,484659.0,486490.0,488014.0,489361.0,490809.0,493318.0,495551.0,498252.0,500876.0,504262.0,507341.0,510546.0,513039.0,515065.0,517436.0,519887.0,522022.0,524358.0,526388.0,528166.0,529591.0,531164.0,533117.0,534666.0,536270.0,537700.0,538928.0,540202.0,540993.0,541854.0,542504.0,543167.0,543899.0,544604.0,545155.0,545680.0,546253.0,546755.0,547278.0,547746.0,548236.0,548764.0,549305.0,549804.0,550279.0,550640.0,551111.0,551458.0,551817.0,552160.0,552406.0,552684.0,552982.0,553333.0,553562.0,553769.0,,554242.0,554526.0,554762.0,554996.0,555248.0,555427.0,555622.0,555841.0,556086.0,556282.0,556559.0,556800.0,556999.0,557219.0,557474.0,557694.0,557923.0,558174.0,558383.0,558609.0,558797.0,559015.0,559242.0,559487.0,559694.0,559906.0,560021.0,560209.0,560404.0,560626.0,560840.0,561051.0,561226.0,561378.0,561529.0,561712.0,561902.0,562101.0,562242.0,562409.0,562578.0,562736.0,562917.0,563108.0,563279.0,563506.0,563821.0,564168.0,564571.0,564980.0,565473.0,565906.0,566292.0,566644.0,566853.0,567094.0,567393.0,567653.0,567973.0,568239.0,568532.0,568756.0,569016.0,569382.0,569763.0,570150.0,570542.0,570873.0,571147.0,571451.0,571771.0,572153.0,572564.0,573034.0,573450.0,573804.0,574300.0,574935.0,575503.0,576043.0,576515.0,577179.0,577559.0,577907.0,578244.0,578582.0,578859.0,579186.0,579485.0,579762.0,580052.0,580355.0,580667.0,580945.0,581241.0,581534.0,581772.0,582074.0,582408.0,582698.0,583030.0,583369.0,583710.0,583968.0,584373.0,584836.0,585289.0,585684.0,586049.0,586326.0,586599.0,586847.0,587193.0,587474
Ho5eiWGUkas,20270.0,20270.0,20270.0,20270.0,20270.0,20270.0,20270.0,20271.0,20271.0,20273.0,20275.0,20275.0,20275.0,20275.0,20275.0,20275.0,20275.0,20276.0,20276.0,20277.0,20277.0,20277.0,20279.0,20279.0,20279.0,20279.0,20279.0,20281.0,20281.0,20281.0,20281.0,20281.0,20281.0,20281.0,20281.0,20282.0,20282.0,20282.0,20282.0,20282.0,20282.0,20282.0,20282.0,20282.0,20284.0,20284.0,20284.0,20284.0,20284.0,20284.0,20285.0,20285.0,20284.0,20285.0,20285.0,20285.0,20285.0,20285.0,20286.0,20287.0,20287.0,20287.0,20288.0,20288.0,20288.0,20288.0,20288.0,20288.0,20288.0,20288.0,20288.0,20288.0,20288.0,20288.0,20289.0,20290.0,20290.0,20290.0,20290.0,20290.0,20290.0,20290.0,20290.0,20290.0,20290.0,20290.0,20290.0,20290.0,20290.0,20290.0,20290.0,20291.0,20291.0,20293.0,20293.0,20293.0,20293.0,20293.0,20293.0,20293.0,20293.0,20293.0,20293.0,20293.0,20293.0,20293.0,20293.0,20293.0,20294.0,20294.0,20294.0,20295.0,20295.0,20295.0,20295.0,20295.0,20295.0,20295.0,20295.0,20295.0,20295.0,20295.0,20295.0,20295.0,20295.0,20295.0,20295.0,20295.0,20298.0,20298.0,20299.0,20299.0,20299.0,20299.0,,,,,,,,,20304.0,20303.0,20303.0,20303.0,20303.0,20304.0,20304.0,20304.0,20304.0,20304.0,20304.0,20304.0,20304.0,20304.0,20304.0,20304.0,20304.0,20304.0,20305.0,20307.0,20308.0,20308.0,20308.0,20308.0,20308.0,20308.0,20308.0,20308.0,20308.0,20308.0,20308.0,20308.0,20308.0,20308.0,20308.0,20308.0,20308.0,20308.0,20308.0,20308.0,20308.0,20308.0,20308.0,20308.0,20308.0,20308.0,20309.0,20309.0,20309.0,20309.0,20309.0,20309.0,20309.0,20309.0,20310.0,20310.0,20310.0,20310.0,20310.0,20312.0,20313.0,20313.0,20313.0,20314.0,20314.0,20315.0,20315.0,20315.0,20315.0,20315.0,20317.0,20317.0,20317.0,20317.0,20318.0,20318.0,20318.0,20318.0,20318.0,20318.0,20318.0,20318.0,20319.0,20319.0,20320.0,20320.0,20320.0,20320.0,20320.0,20320.0,20320.0,20320.0,20320.0,20320.0,20320.0,20320.0,20321.0,20323.0,20324.0,20324.0,20324.0,20325.0,20325.0,20325.0,20325.0,20325.0,20325.0,20325.0,20325.0,20325.0,20325.0,20325.0,20327.0,20328.0,20328.0,20328.0,20328.0,20328.0,20328.0,20329.0,20329.0,,20329.0,20329.0,20329.0,20329.0,20329.0,20329.0,20329.0,20329.0,20329.0,20329.0,20329.0,20329.0,20330.0,20330.0,20330.0,20330.0,20331.0,20331.0,20331.0,20331.0,20331.0,20331.0,20331.0,20331.0,20331.0,20331.0,20331.0,20332.0,20332.0,20332.0,20332.0,20333.0,20333.0,20333.0,20333.0,20333.0,20333.0,20333.0,20333.0,20334.0,20334.0,20335.0,20335.0,20335.0,20335.0,20335.0,20335.0,20335.0,20335.0,20335.0,20335.0,20335.0,20335.0,20335.0,20335.0,20335.0,20335.0,20335.0,20335.0,20335.0,20335.0,20335.0,20335.0,20336.0,20336.0,20336.0,20336.0,20336.0,20336.0,20336.0,20336.0,20338.0,20338.0,20340.0,20340.0,20340.0,20340.0,20340.0,20340.0,20340.0,20340.0,20340.0,20340.0,20340.0,20340.0,20340.0,20340.0,20341.0,20341.0,20341.0,20341.0,20341.0,20341.0,20341.0,20341.0,20341.0,20341.0,20341.0,20341.0,20341.0,20341.0,20342.0,20342.0,20342.0,20342.0,20342.0,20342.0,20343.0,20343.0,20344.0,20344.0,20344.0,20344.0,20344
8_ZMcmf3_Ms,650283.0,650679.0,651051.0,651497.0,651808.0,652149.0,652508.0,652853.0,653198.0,653572.0,653925.0,654321.0,654690.0,655103.0,655515.0,655887.0,656248.0,656539.0,656907.0,657230.0,657626.0,658051.0,658565.0,659040.0,659463.0,660015.0,660844.0,661868.0,663249.0,664897.0,666630.0,668059.0,669627.0,671416.0,673196.0,674854.0,676531.0,677403.0,678073.0,679867.0,681866.0,683545.0,686096.0,689048.0,691827.0,694702.0,697667.0,700160.0,702252.0,703799.0,705473.0,707770.0,710160.0,712664.0,715038.0,717550.0,719953.0,722710.0,725118.0,727262.0,729645.0,732779.0,736038.0,739137.0,742106.0,745029.0,747674.0,750950.0,753897.0,758207.0,762071.0,765707.0,768467.0,770966.0,773221.0,775338.0,778190.0,781493.0,784127.0,786723.0,788799.0,791323.0,794101.0,797029.0,799777.0,802629.0,805027.0,807584.0,810361.0,813693.0,817085.0,820050.0,823022.0,825599.0,828034.0,830676.0,833566.0,836422.0,839191.0,841719.0,844153.0,846662.0,849414.0,852360.0,855456.0,858678.0,862511.0,865508.0,868092.0,871746.0,876070.0,880424.0,884280.0,888139.0,891468.0,894343.0,898216.0,902730.0,907121.0,911002.0,915789.0,918842.0,921495.0,924430.0,928175.0,932243.0,935862.0,939030.0,941768.0,944327.0,947391.0,950411.0,953171.0,955674.0,,,,,,,,,978314.0,980068.0,982540.0,984954.0,987531.0,990806.0,993587.0,996004.0,998454.0,1001322.0,1004467.0,1007513.0,1010720.0,1013970.0,1016820.0,1019290.0,1022117.0,1025447.0,1028836.0,1031801.0,1034365.0,1036595.0,1038561.0,1040885.0,1043675.0,1046480.0,1049423.0,1052269.0,1054581.0,1056629.0,1059087.0,1061914.0,1064868.0,1067576.0,1070243.0,1072591.0,1074636.0,1077106.0,1080138.0,1082989.0,1086191.0,1089301.0,1092036.0,1094114.0,1096371.0,1099045.0,1101767.0,1104753.0,1107544.0,1109885.0,1111866.0,1114792.0,1117775.0,1120613.0,1123375.0,1126100.0,1128355.0,1130302.0,1132771.0,1135416.0,1138044.0,1139868.0,1141945.0,1144035.0,1146009.0,1148422.0,1150961.0,1153541.0,1155304.0,1157196.0,1159171.0,1161099.0,1163655.0,1166250.0,1169519.0,1172352.0,1175475.0,1177821.0,1180091.0,1182794.0,1185956.0,1188734.0,1192377.0,1195480.0,1198051.0,1200160.0,1202762.0,1205546.0,1208212.0,1210947.0,1213481.0,1215476.0,1217275.0,1219448.0,1221800.0,1224143.0,1226438.0,1228540.0,1230103.0,1231640.0,1233695.0,1235481.0,1237213.0,1239085.0,1240882.0,1242314.0,1243611.0,1245200.0,1247038.0,1248642.0,1250464.0,1251901.0,1253342.0,1254532.0,1255849.0,1257237.0,1258582.0,1260225.0,1261957.0,1263640.0,1265092.0,,1269034.0,1271251.0,1273312.0,1275075.0,1276669.0,1278301.0,1280034.0,1281923.0,1283864.0,1285748.0,1287613.0,1289193.0,1290616.0,1292441.0,1294496.0,1296477.0,1298602.0,1300922.0,1302932.0,1304873.0,1307101.0,1309345.0,1311732.0,1314150.0,1316159.0,1317644.0,1319070.0,1320802.0,1322640.0,1324366.0,1326324.0,1328157.0,1329722.0,1330920.0,1332492.0,1334137.0,1335842.0,1337341.0,1338780.0,1339905.0,1341047.0,1342419.0,1344214.0,1345991.0,1347735.0,1349274.0,1350696.0,1351933.0,1353260.0,1354780.0,1356361.0,1358069.0,1359518.0,1360834.0,1361870.0,1363273.0,1365064.0,1366724.0,1368301.0,1370054.0,1371351.0,1372595.0,1374128.0,1375812.0,1377464.0,1379254.0,1380466.0,1381638.0,1382723.0,1384019.0,1385296.0,1386625.0,1388107.0,1389396.0,1390581.0,1391592.0,1392917.0,1394372.0,1395909.0,1397286.0,1398832.0,1400158.0,1401107.0,1402323.0,1403770.0,1405270.0,1406787.0,1408375.0,1409778.0,1410924.0,1412174.0,1413482.0,1414809.0,1416347.0,1417794.0,1419049.0,1420300.0,1421553.0,1422949.0,1424406.0,1425808.0,1427072.0,1428111.0,1429213.0,1430521.0,1432117.0,1433967.0,1435659.0,1437204.0,1438388.0,1439615.0,1441003.0,1442683.0,1444321
1VaIys_sJuI,1151.0,1151.0,1152.0,1152.0,1152.0,1152.0,1153.0,1154.0,1154.0,1154.0,1154.0,1154.0,1154.0,1155.0,1155.0,1155.0,1155.0,1155.0,1155.0,1155.0,1155.0,1156.0,1156.0,1156.0,1156.0,1156.0,1156.0,1156.0,1156.0,1156.0,1156.0,1156.0,1156.0,1156.0,1156.0,1156.0,1156.0,1156.0,1157.0,1157.0,1157.0,1158.0,1158.0,1158.0,1158.0,1158.0,1158.0,1158.0,1158.0,1158.0,1158.0,1159.0,1159.0,1159.0,1159.0,1159.0,1159.0,1159.0,1160.0,1160.0,1160.0,1160.0,1160.0,1160.0,1160.0,1160.0,1160.0,1160.0,1160.0,1160.0,1160.0,1160.0,1160.0,1160.0,1160.0,1160.0,1160.0,1160.0,1160.0,1160.0,1160.0,1160.0,1160.0,1160.0,1160.0,1160.0,1160.0,1160.0,1160.0,1160.0,1160.0,1160.0,1160.0,1160.0,1161.0,1161.0,1161.0,1161.0,1162.0,1162.0,1162.0,1162.0,1162.0,1162.0,1162.0,1162.0,1162.0,1162.0,1162.0,1162.0,1162.0,1162.0,1162.0,1163.0,1166.0,1166.0,1166.0,1167.0,1167.0,1169.0,1170.0,1170.0,1170.0,1170.0,1170.0,1171.0,1171.0,1171.0,1171.0,1171.0,1172.0,1172.0,1172.0,1172.0,,,,,,,,,1173.0,1173.0,1173.0,1173.0,1173.0,1173.0,1173.0,1173.0,1173.0,1173.0,1173.0,1173.0,1173.0,1173.0,1173.0,1173.0,1173.0,1174.0,1174.0,1174.0,1174.0,1174.0,1174.0,1174.0,1174.0,1174.0,1174.0,1174.0,1174.0,1174.0,1174.0,1174.0,1174.0,1174.0,1174.0,1174.0,1174.0,1174.0,1174.0,1174.0,1175.0,1176.0,1176.0,1176.0,1176.0,1176.0,1176.0,1176.0,1176.0,1176.0,1176.0,1176.0,1176.0,1176.0,1176.0,1176.0,1176.0,1176.0,1176.0,1176.0,1176.0,1176.0,1176.0,1176.0,1176.0,1176.0,1176.0,1176.0,1176.0,1176.0,1176.0,1176.0,1176.0,1176.0,1177.0,1177.0,1178.0,1178.0,1178.0,1178.0,1178.0,1178.0,1178.0,1178.0,1178.0,1178.0,1179.0,1179.0,1179.0,1179.0,1179.0,1179.0,1179.0,1179.0,1179.0,1179.0,1179.0,1179.0,1179.0,1179.0,1179.0,1179.0,1179.0,1179.0,1181.0,1180.0,1181.0,1181.0,1181.0,1181.0,1181.0,1181.0,1181.0,1181.0,1181.0,1181.0,1181.0,1181.0,1181.0,1181.0,1182.0,,1185.0,1185.0,1185.0,1185.0,1185.0,1185.0,1185.0,1185.0,1185.0,1185.0,1185.0,1185.0,1185.0,1185.0,1186.0,1186.0,1186.0,1186.0,1186.0,1187.0,1187.0,1187.0,1186.0,1186.0,1186.0,1186.0,1186.0,1187.0,1187.0,1187.0,1187.0,1187.0,1187.0,1187.0,1188.0,1188.0,1188.0,1189.0,1189.0,1189.0,1189.0,1189.0,1190.0,1190.0,1190.0,1190.0,1190.0,1190.0,1190.0,1191.0,1191.0,1191.0,1191.0,1191.0,1191.0,1192.0,1192.0,1192.0,1192.0,1192.0,1192.0,1192.0,1192.0,1197.0,1197.0,1197.0,1197.0,1197.0,1197.0,1197.0,1197.0,1197.0,1197.0,1197.0,1197.0,1197.0,1197.0,1197.0,1197.0,1199.0,1199.0,1199.0,1199.0,1199.0,1199.0,1199.0,1200.0,1200.0,1200.0,1200.0,1200.0,1200.0,1200.0,1200.0,1200.0,1201.0,1201.0,1204.0,1204.0,1204.0,1204.0,1204.0,1204.0,1204.0,1204.0,1204.0,1204.0,1204.0,1204.0,1205.0,1205.0,1205.0,1205.0,1205
QjOuClEOEQ0,6313405.0,6314291.0,6315170.0,6316116.0,6317076.0,6318222.0,6319206.0,6320121.0,6321168.0,6322078.0,6322965.0,6323947.0,6324970.0,6325959.0,6327147.0,6328633.0,6329925.0,6331479.0,6332943.0,6334467.0,6336215.0,6338025.0,6339834.0,6341229.0,6342725.0,6344126.0,6345545.0,6346996.0,6348646.0,6350140.0,6351547.0,6352964.0,6354448.0,6356066.0,6357643.0,6359270.0,6360917.0,6362607.0,6364239.0,6365855.0,6367534.0,6369250.0,6371106.0,6372897.0,6374617.0,6376201.0,6377801.0,6379582.0,6381219.0,6382787.0,6384256.0,6385722.0,6386944.0,6388206.0,6389738.0,6391272.0,6392936.0,6394547.0,6396413.0,6398160.0,6399991.0,6401877.0,6403894.0,6405939.0,6407825.0,6409554.0,6411224.0,6412929.0,6414489.0,6416626.0,6418619.0,6420384.0,6422128.0,6423694.0,6425495.0,6427275.0,6429094.0,6430654.0,6432248.0,6433802.0,6435401.0,6437105.0,6438870.0,6440506.0,6442160.0,6443957.0,6445514.0,6447067.0,6448538.0,6450115.0,6451725.0,6453387.0,6454954.0,6456422.0,6457810.0,6459266.0,6460723.0,6462221.0,6463898.0,6465532.0,6467187.0,6468769.0,6470461.0,6472196.0,6474037.0,6475852.0,6477692.0,6479252.0,6480756.0,6482488.0,6484346.0,6486263.0,6488255.0,6490304.0,6492268.0,6494096.0,6496118.0,6498154.0,6500200.0,6502108.0,6504062.0,6505878.0,6507629.0,6509569.0,6511294.0,6513490.0,6515499.0,6517764.0,6519819.0,6521914.0,6524271.0,6526528.0,6529016.0,6531228.0,,,,,,,,,6547688.0,6549727.0,6551579.0,6553188.0,6554994.0,6556522.0,6557894.0,6559083.0,6560465.0,6561830.0,6563262.0,6564632.0,6566276.0,6567802.0,6569223.0,6570488.0,6571883.0,6573347.0,6574830.0,6576469.0,6578275.0,6579917.0,6581431.0,6583021.0,6584855.0,6586648.0,6588492.0,6590382.0,6592341.0,6594238.0,6596172.0,6598043.0,6599962.0,6601788.0,6603611.0,6605423.0,6607260.0,6609216.0,6611276.0,6613304.0,6615384.0,6617294.0,6619052.0,6620690.0,6622775.0,6625038.0,6627065.0,6629073.0,6630935.0,6632643.0,6634208.0,6635900.0,6637800.0,6639736.0,6641581.0,6643288.0,6645074.0,6646754.0,6648416.0,6650076.0,6651729.0,6653397.0,6654661.0,6656196.0,6657550.0,6659064.0,6660626.0,6662265.0,6663771.0,6665137.0,6666569.0,6667808.0,6669292.0,6670724.0,6672335.0,6673991.0,6675821.0,6677574.0,6679195.0,6680804.0,6682551.0,6684120.0,6685954.0,6687779.0,6689374.0,6690934.0,6692440.0,6694176.0,6695855.0,6697652.0,6699374.0,6700941.0,6702432.0,6704002.0,6705521.0,6707194.0,6708808.0,6710351.0,6711954.0,6713341.0,6714863.0,6716436.0,6717984.0,6719439.0,6721028.0,6722327.0,6723570.0,6724851.0,6726307.0,6727720.0,6728975.0,6730312.0,6731583.0,6732823.0,6734089.0,6735261.0,6736527.0,6737777.0,6739099.0,6740489.0,6741849.0,,6744713.0,6746045.0,6747625.0,6748935.0,6750335.0,6751628.0,6753041.0,6754333.0,6755694.0,6756894.0,6758349.0,6759696.0,6761005.0,6762361.0,6763738.0,6765179.0,6766559.0,6767721.0,6769172.0,6770481.0,6771719.0,6772946.0,6774311.0,6775552.0,6776836.0,6777998.0,6779038.0,6780231.0,6781304.0,6782556.0,6783659.0,6785119.0,6786431.0,6787549.0,6788678.0,6789943.0,6791248.0,6792483.0,6793671.0,6794693.0,6795819.0,6796775.0,6797837.0,6798828.0,6799791.0,6800773.0,6801705.0,6802747.0,6803689.0,6804630.0,6805543.0,6806527.0,6807408.0,6808370.0,6809480.0,6810470.0,6811408.0,6812480.0,6813417.0,6814367.0,6815290.0,6816192.0,6817180.0,6818148.0,6819142.0,6820175.0,6821008.0,6821873.0,6822727.0,6823685.0,6824724.0,6825806.0,6826889.0,6827915.0,6828951.0,6829895.0,6831018.0,6832142.0,6833220.0,6834237.0,6835279.0,6836270.0,6837113.0,6838192.0,6839280.0,6840370.0,6841408.0,6842445.0,6843417.0,6844456.0,6845417.0,6846495.0,6847563.0,6848546.0,6849552.0,6850546.0,6851558.0,6852543.0,6853442.0,6854355.0,6855345.0,6856244.0,6857189.0,6858080.0,6859050.0,6860066.0,6861170.0,6862076.0,6863081.0,6863991.0,6864799.0,6865755.0,6866718.0,6867626
nlo0wlbywUw,374857.0,374925.0,374980.0,375039.0,375087.0,375149.0,375191.0,375243.0,375289.0,375328.0,375374.0,375417.0,375460.0,375513.0,375554.0,375595.0,375658.0,375710.0,375745.0,375802.0,375853.0,375903.0,375943.0,375996.0,376051.0,376092.0,376133.0,376170.0,376218.0,376255.0,376292.0,376330.0,376375.0,376430.0,376472.0,376518.0,376573.0,376640.0,376697.0,376748.0,376791.0,376849.0,376910.0,376992.0,377059.0,377111.0,377154.0,377210.0,377261.0,377300.0,377351.0,377414.0,377463.0,377503.0,377559.0,377607.0,377654.0,377698.0,377750.0,377793.0,377857.0,377903.0,377944.0,377971.0,378006.0,378066.0,378098.0,378124.0,378163.0,378197.0,378228.0,378263.0,378301.0,378337.0,378371.0,378418.0,378467.0,378513.0,378535.0,378577.0,378617.0,378667.0,378713.0,378748.0,378793.0,378831.0,378857.0,378896.0,378936.0,378969.0,378995.0,379029.0,379063.0,379096.0,379143.0,379202.0,379245.0,379294.0,379338.0,379388.0,379430.0,379467.0,379505.0,379550.0,379584.0,379622.0,379667.0,379701.0,379742.0,379777.0,379818.0,379862.0,379906.0,379955.0,379994.0,380031.0,380066.0,380121.0,380158.0,380191.0,380231.0,380275.0,380324.0,380351.0,380389.0,380445.0,380487.0,380540.0,380585.0,380622.0,380661.0,380695.0,380731.0,380770.0,,,,,,,,,381105.0,381184.0,381241.0,381280.0,381325.0,381380.0,381442.0,381501.0,381548.0,381593.0,381619.0,381658.0,381717.0,381759.0,381795.0,381831.0,381876.0,381913.0,381958.0,382005.0,382034.0,382059.0,382132.0,382179.0,382215.0,382263.0,382300.0,382345.0,382395.0,382459.0,382500.0,382547.0,382582.0,382622.0,382675.0,382713.0,382741.0,382787.0,382839.0,382874.0,382911.0,382952.0,382986.0,383033.0,383085.0,383117.0,383144.0,383173.0,383213.0,383249.0,383289.0,383324.0,383361.0,383392.0,383422.0,383474.0,383508.0,383551.0,383590.0,383646.0,383685.0,383710.0,383736.0,383769.0,383802.0,383828.0,383859.0,383892.0,383920.0,383947.0,383968.0,384003.0,384031.0,384055.0,384116.0,384156.0,384192.0,384220.0,384252.0,384266.0,384287.0,384316.0,384357.0,384391.0,384422.0,384452.0,384475.0,384520.0,384557.0,384579.0,384622.0,384657.0,384691.0,384720.0,384750.0,384792.0,384830.0,384867.0,384898.0,384947.0,384980.0,385008.0,385045.0,385091.0,385135.0,385170.0,385201.0,385228.0,385253.0,385284.0,385311.0,385340.0,385389.0,385429.0,385476.0,385527.0,385578.0,385607.0,385659.0,385708.0,385753.0,,385826.0,385880.0,385915.0,385943.0,385970.0,385999.0,386028.0,386056.0,386086.0,386122.0,386149.0,386194.0,386227.0,386256.0,386288.0,386318.0,386361.0,386393.0,386437.0,386484.0,386523.0,386564.0,386607.0,386655.0,386699.0,386743.0,386787.0,386822.0,386856.0,386897.0,386932.0,386971.0,387015.0,387053.0,387110.0,387146.0,387206.0,387236.0,387291.0,387337.0,387384.0,387427.0,387460.0,387514.0,387562.0,387615.0,387680.0,387717.0,387770.0,387810.0,387871.0,387929.0,387983.0,388015.0,388073.0,388104.0,388150.0,388193.0,388230.0,388266.0,388317.0,388362.0,388414.0,388450.0,388503.0,388553.0,388605.0,388654.0,388714.0,388755.0,388813.0,388842.0,388881.0,388920.0,388952.0,388995.0,389024.0,389046.0,389074.0,389102.0,389140.0,389191.0,389245.0,389290.0,389329.0,389369.0,389414.0,389451.0,389491.0,389528.0,389569.0,389604.0,389653.0,389711.0,389793.0,389872.0,389959.0,390045.0,390085.0,390121.0,390157.0,390200.0,390236.0,390279.0,390310.0,390352.0,390396.0,390436.0,390473.0,390513.0,390560.0,390592.0,390619.0,390665
Q1PasdM-B2g,2549853.0,2552640.0,2556087.0,2559655.0,2562821.0,2566065.0,2569164.0,2572584.0,2576115.0,2579762.0,2583298.0,2586201.0,2589641.0,2593076.0,2596462.0,2599764.0,2603253.0,2606671.0,2609733.0,2612783.0,2615770.0,2618860.0,2621987.0,2625354.0,2628348.0,2630955.0,2633708.0,2636508.0,2639259.0,2641915.0,2644837.0,2647355.0,2649827.0,2652527.0,2655217.0,2658394.0,2661499.0,2664597.0,2667469.0,2670180.0,2672810.0,2675411.0,2677959.0,2680589.0,2683187.0,2685990.0,2688648.0,2691502.0,2694245.0,2696936.0,2699617.0,2702450.0,2705096.0,2707755.0,2710425.0,2713181.0,2715804.0,2718476.0,2721417.0,2724236.0,2726920.0,2729542.0,2732160.0,2734601.0,2737094.0,2739928.0,2742468.0,2744998.0,2747019.0,2750022.0,2752484.0,2754761.0,2757122.0,2759231.0,2761602.0,2764136.0,2766699.0,2769003.0,2771502.0,2773990.0,2776243.0,2778488.0,2780897.0,2783387.0,2785814.0,2788358.0,2791048.0,2793495.0,2795849.0,2798178.0,2800743.0,2803357.0,2806070.0,2809032.0,2811869.0,2814544.0,2817073.0,2819746.0,2822394.0,2825139.0,2827949.0,2830489.0,2833071.0,2835575.0,2838314.0,2841546.0,2844640.0,2847980.0,2851189.0,2853792.0,2856535.0,2859208.0,2861815.0,2864543.0,2867620.0,2870555.0,2873270.0,2875886.0,2878405.0,2880908.0,2883451.0,2886220.0,2888924.0,2891356.0,2893892.0,2896410.0,2898804.0,2901361.0,2903854.0,2906348.0,2908841.0,2911123.0,2913164.0,2915286.0,,,,,,,,,2936188.0,2938640.0,2941056.0,2943276.0,2945394.0,2947624.0,2950077.0,2952580.0,2955127.0,2957668.0,2960075.0,2963135.0,2965812.0,2968894.0,2971524.0,2974093.0,2976529.0,2979242.0,2982111.0,2984674.0,2987108.0,2989665.0,2992020.0,2994094.0,2996360.0,2998622.0,3000886.0,3003266.0,3005558.0,3007884.0,3010054.0,3012044.0,3014138.0,3016146.0,3018154.0,3020387.0,3022485.0,3024337.0,3026346.0,3028453.0,3030480.0,3032451.0,3034547.0,3036428.0,3038273.0,3040177.0,3042021.0,3044054.0,3046043.0,3048170.0,3050089.0,3051950.0,3053763.0,3055790.0,3057758.0,3059801.0,3061882.0,3063840.0,3065769.0,3067799.0,3069770.0,3071949.0,3074000.0,3076098.0,3077874.0,3079892.0,3081728.0,3083386.0,3084739.0,3086227.0,3087824.0,3089507.0,3091384.0,3093311.0,3095274.0,3097311.0,3099329.0,3101354.0,3103257.0,3105034.0,3106804.0,3108393.0,3110491.0,3112271.0,3114403.0,3116283.0,3118092.0,3119891.0,3121802.0,3123646.0,3125564.0,3127784.0,3129673.0,3131402.0,3133247.0,3135367.0,3137508.0,3139576.0,3141707.0,3143779.0,3145625.0,3147599.0,3149699.0,3151892.0,3154049.0,3156128.0,3157948.0,3159896.0,3161790.0,3163886.0,3165783.0,3167788.0,3169844.0,3171688.0,3173443.0,3175306.0,3177449.0,3179479.0,3181607.0,3183954.0,3186162.0,,3190802.0,3193017.0,3195331.0,3197683.0,3200096.0,3202486.0,3204692.0,3206858.0,3208998.0,3211235.0,3213419.0,3215762.0,3217875.0,3219767.0,3221610.0,3223689.0,3225820.0,3228017.0,3230416.0,3232498.0,3234647.0,3236648.0,3239021.0,3241284.0,3243659.0,3245841.0,3248013.0,3250053.0,3252081.0,3254113.0,3256283.0,3258474.0,3260594.0,3262447.0,3264452.0,3266491.0,3268457.0,3270384.0,3272391.0,3274449.0,3276660.0,3278657.0,3280769.0,3282750.0,3284890.0,3287017.0,3289408.0,3291468.0,3293304.0,3295111.0,3297057.0,3298912.0,3300794.0,3303004.0,3305113.0,3306979.0,3309069.0,3311019.0,3312986.0,3315195.0,3317661.0,3319983.0,3322031.0,3323978.0,3326225.0,3328151.0,3330274.0,3332474.0,3334501.0,3336680.0,3338940.0,3340863.0,3342862.0,3344819.0,3346995.0,3349048.0,3350957.0,3352893.0,3355041.0,3357362.0,3359703.0,3362053.0,3364191.0,3366306.0,3368299.0,3370262.0,3372216.0,3374066.0,3376047.0,3378050.0,3379823.0,3381744.0,3383633.0,3385448.0,3387332.0,3389598.0,3391553.0,3393322.0,3395164.0,3397130.0,3399067.0,3400924.0,3403049.0,3404996.0,3406792.0,3408647.0,3410513.0,3412323.0,3414301.0,3416295.0,3418107.0,3419685.0,3421329.0,3423034
39vKFcMdW9Q,411374.0,411856.0,412285.0,412718.0,413292.0,413855.0,414450.0,414945.0,415520.0,415995.0,416463.0,416945.0,417424.0,417905.0,418370.0,418884.0,419363.0,419782.0,420408.0,420959.0,421455.0,421939.0,422629.0,423129.0,423715.0,424267.0,424787.0,425289.0,425872.0,426405.0,426826.0,427301.0,427808.0,428294.0,428898.0,429463.0,430046.0,430565.0,431072.0,431518.0,431998.0,432551.0,432980.0,433570.0,434083.0,434577.0,435148.0,435702.0,436242.0,436757.0,437385.0,437884.0,438329.0,438880.0,439351.0,439880.0,440571.0,441124.0,441590.0,442069.0,442737.0,443375.0,444027.0,444505.0,445171.0,445744.0,446325.0,446904.0,447432.0,448141.0,448741.0,449247.0,449724.0,450219.0,450751.0,451300.0,451817.0,452328.0,452900.0,453474.0,453986.0,454494.0,454971.0,455528.0,456041.0,456478.0,456947.0,457401.0,457887.0,458417.0,458964.0,459530.0,460056.0,460611.0,461081.0,461600.0,462120.0,462666.0,463165.0,463670.0,464196.0,464673.0,465166.0,465674.0,466142.0,466657.0,467195.0,467755.0,468297.0,469008.0,469678.0,470480.0,471185.0,471756.0,472438.0,473010.0,473676.0,474288.0,474909.0,475522.0,476051.0,476481.0,476994.0,477442.0,477895.0,478359.0,478830.0,479421.0,479853.0,480284.0,480808.0,481279.0,481697.0,482125.0,,,,,,,,,486186.0,486595.0,487007.0,487394.0,487845.0,488268.0,488615.0,488960.0,489418.0,489848.0,490343.0,490740.0,491227.0,491636.0,491998.0,492388.0,492699.0,493082.0,493479.0,493856.0,494187.0,494590.0,494922.0,495287.0,495616.0,495976.0,496306.0,496694.0,497055.0,497380.0,497725.0,498044.0,498450.0,498789.0,499142.0,499463.0,499784.0,500091.0,500442.0,500765.0,501018.0,501353.0,501667.0,501967.0,502237.0,502529.0,502844.0,503177.0,503530.0,503772.0,504134.0,504407.0,504728.0,505015.0,505319.0,505646.0,505983.0,506244.0,506500.0,506790.0,507080.0,507287.0,507531.0,507799.0,508052.0,508318.0,508623.0,508980.0,509216.0,509485.0,509792.0,510046.0,510302.0,510615.0,510878.0,511206.0,511585.0,511889.0,512213.0,512578.0,512929.0,513299.0,513689.0,514010.0,514353.0,514614.0,514966.0,515302.0,515653.0,516006.0,516344.0,516632.0,516970.0,517240.0,517578.0,517904.0,518197.0,518526.0,518869.0,519147.0,519483.0,519795.0,520153.0,520495.0,520825.0,521228.0,521553.0,521946.0,522325.0,522879.0,523289.0,523716.0,524189.0,524664.0,525141.0,525581.0,525984.0,526537.0,527092.0,527668.0,528181.0,,529324.0,529988.0,530554.0,531070.0,531645.0,532063.0,532522.0,532972.0,533548.0,534063.0,534556.0,535047.0,535471.0,535849.0,536359.0,536808.0,537359.0,537928.0,538511.0,538991.0,539496.0,539990.0,540505.0,541114.0,541628.0,542144.0,542595.0,543231.0,543826.0,544409.0,545034.0,545647.0,546122.0,546629.0,547192.0,547727.0,548397.0,549003.0,549591.0,550190.0,550624.0,551282.0,551846.0,552324.0,552801.0,553319.0,553824.0,554280.0,554629.0,555106.0,555508.0,555960.0,556388.0,556894.0,557313.0,557813.0,558329.0,558816.0,559299.0,559754.0,560292.0,560741.0,561295.0,561739.0,562189.0,562720.0,563118.0,563513.0,563927.0,564324.0,564782.0,565159.0,565652.0,566120.0,566552.0,567013.0,567412.0,567971.0,568326.0,568836.0,569295.0,569781.0,570275.0,570729.0,571353.0,571986.0,572533.0,573142.0,573694.0,574283.0,574797.0,575320.0,575860.0,576435.0,576981.0,577506.0,578072.0,578770.0,579395.0,579986.0,580559.0,581209.0,581776.0,582321.0,582909.0,583497.0,584077.0,584651.0,585317.0,585895.0,586398.0,586932.0,587425.0,587959
o3N5ZbYpKA4,29029.0,29066.0,29085.0,29109.0,29137.0,29162.0,29190.0,29212.0,29235.0,29268.0,29291.0,29320.0,29339.0,29370.0,29397.0,29431.0,29449.0,29470.0,29493.0,29509.0,29534.0,29564.0,29590.0,29620.0,29644.0,29672.0,29696.0,29720.0,29753.0,29776.0,29811.0,29840.0,29856.0,29880.0,29906.0,29927.0,29959.0,29983.0,30013.0,30044.0,30076.0,30107.0,30133.0,30165.0,30189.0,30205.0,30227.0,30259.0,30277.0,30294.0,30310.0,30335.0,30369.0,30392.0,30410.0,30426.0,30453.0,30470.0,30490.0,30511.0,30534.0,30548.0,30564.0,30578.0,30590.0,30620.0,30644.0,30664.0,30684.0,30710.0,30730.0,30746.0,30757.0,30778.0,30796.0,30806.0,30820.0,30833.0,30846.0,30867.0,30889.0,30903.0,30917.0,30940.0,30958.0,30971.0,30980.0,30994.0,31000.0,31012.0,31029.0,31036.0,31051.0,31062.0,31072.0,31088.0,31098.0,31110.0,31116.0,31131.0,31144.0,31150.0,31159.0,31165.0,31170.0,31176.0,31178.0,31195.0,31203.0,31210.0,31219.0,31230.0,31233.0,31246.0,31254.0,31257.0,31272.0,31283.0,31292.0,31303.0,31308.0,31316.0,31333.0,31343.0,31348.0,31348.0,31350.0,31362.0,31370.0,31376.0,31386.0,31397.0,31403.0,31411.0,,,,,,,,,31496.0,31503.0,31519.0,31541.0,31551.0,31556.0,31561.0,31572.0,31579.0,31594.0,31598.0,31609.0,31613.0,31625.0,31633.0,31640.0,31649.0,31654.0,31655.0,31660.0,31672.0,31677.0,31684.0,31694.0,31704.0,31709.0,31717.0,31720.0,31723.0,31729.0,31735.0,31739.0,31746.0,31753.0,31758.0,31762.0,31768.0,31773.0,31773.0,31776.0,31778.0,31781.0,31788.0,31796.0,31800.0,31804.0,31818.0,31833.0,31847.0,31859.0,31864.0,31874.0,31881.0,31890.0,31898.0,31901.0,31908.0,31908.0,31915.0,31923.0,31931.0,31941.0,31946.0,31950.0,31958.0,31965.0,31977.0,31983.0,31986.0,31992.0,32004.0,32008.0,32019.0,32025.0,32030.0,32041.0,32050.0,32056.0,32063.0,32073.0,32083.0,32088.0,32098.0,32114.0,32127.0,32139.0,32148.0,32157.0,32167.0,32175.0,32182.0,32201.0,32212.0,32219.0,32234.0,32255.0,32261.0,32266.0,32274.0,32290.0,32300.0,32306.0,32317.0,32327.0,32341.0,32347.0,32355.0,32360.0,32368.0,32378.0,32383.0,32395.0,32404.0,32416.0,32428.0,32438.0,32448.0,32458.0,32477.0,32488.0,32494.0,,32516.0,32521.0,32531.0,32535.0,32544.0,32559.0,32567.0,32568.0,32571.0,32581.0,32588.0,32600.0,32611.0,32623.0,32633.0,32649.0,32665.0,32680.0,32687.0,32701.0,32717.0,32726.0,32736.0,32748.0,32759.0,32766.0,32780.0,32792.0,32799.0,32811.0,32825.0,32835.0,32852.0,32863.0,32869.0,32878.0,32895.0,32899.0,32915.0,32923.0,32932.0,32950.0,32963.0,32969.0,32977.0,32987.0,32992.0,33000.0,33011.0,33014.0,33022.0,33031.0,33039.0,33048.0,33060.0,33065.0,33074.0,33082.0,33092.0,33097.0,33101.0,33112.0,33120.0,33127.0,33131.0,33139.0,33150.0,33159.0,33165.0,33177.0,33179.0,33187.0,33192.0,33201.0,33207.0,33217.0,33225.0,33229.0,33238.0,33243.0,33247.0,33251.0,33258.0,33268.0,33277.0,33284.0,33291.0,33301.0,33310.0,33315.0,33319.0,33334.0,33341.0,33346.0,33355.0,33361.0,33370.0,33375.0,33377.0,33388.0,33392.0,33396.0,33400.0,33404.0,33411.0,33420.0,33424.0,33430.0,33432.0,33435.0,33445.0,33452.0,33458.0,33462
WCJ1OiWd-KY,10574.0,10576.0,10577.0,10577.0,10578.0,10579.0,10582.0,10585.0,10588.0,10590.0,10594.0,10594.0,10599.0,10600.0,10601.0,10601.0,10601.0,10603.0,10606.0,10608.0,10609.0,10610.0,10612.0,10615.0,10617.0,10623.0,10625.0,10627.0,10628.0,10630.0,10635.0,10636.0,10638.0,10637.0,10639.0,10639.0,10641.0,10645.0,10646.0,10649.0,10650.0,10653.0,10655.0,10658.0,10661.0,10661.0,10662.0,10667.0,10669.0,10670.0,10673.0,10674.0,10678.0,10679.0,10680.0,10682.0,10680.0,10682.0,10684.0,10686.0,10687.0,10688.0,10692.0,10692.0,10692.0,10695.0,10696.0,10698.0,10698.0,10700.0,10703.0,10704.0,10705.0,10705.0,10710.0,10712.0,10713.0,10717.0,10722.0,10725.0,10726.0,10728.0,10731.0,10732.0,10733.0,10735.0,10738.0,10738.0,10741.0,10741.0,10742.0,10745.0,10745.0,10749.0,10750.0,10750.0,10751.0,10754.0,10754.0,10754.0,10756.0,10756.0,10757.0,10759.0,10760.0,10760.0,10759.0,10764.0,10768.0,10768.0,10770.0,10776.0,10778.0,10779.0,10780.0,10781.0,10782.0,10784.0,10786.0,10786.0,10787.0,10788.0,10796.0,10797.0,10800.0,10793.0,10793.0,10794.0,10795.0,10797.0,10797.0,10801.0,10804.0,10810.0,,,,,,,,,10830.0,10835.0,10839.0,10848.0,10848.0,10849.0,10850.0,10852.0,10855.0,10856.0,10856.0,10860.0,10863.0,10867.0,10868.0,10868.0,10869.0,10869.0,10871.0,10871.0,10873.0,10874.0,10877.0,10878.0,10879.0,10881.0,10881.0,10881.0,10882.0,10882.0,10882.0,10886.0,10886.0,10887.0,10887.0,10888.0,10889.0,10891.0,10895.0,10897.0,10898.0,10897.0,10899.0,10904.0,10904.0,10904.0,10904.0,10905.0,10905.0,10905.0,10905.0,10905.0,10907.0,10908.0,10908.0,10908.0,10910.0,10911.0,10912.0,10913.0,10916.0,10916.0,10916.0,10919.0,10922.0,10924.0,10925.0,10927.0,10928.0,10931.0,10932.0,10934.0,10935.0,10937.0,10938.0,10940.0,10943.0,10944.0,10946.0,10946.0,10949.0,10951.0,10953.0,10954.0,10959.0,10960.0,10963.0,10963.0,10965.0,10965.0,10965.0,10967.0,10970.0,10971.0,10972.0,10974.0,10975.0,10978.0,10978.0,10978.0,10979.0,10980.0,10982.0,10982.0,10987.0,10989.0,10990.0,10990.0,10992.0,10993.0,10996.0,10998.0,10999.0,10999.0,10999.0,11001.0,11002.0,11003.0,11004.0,11004.0,11004.0,,11005.0,11008.0,11009.0,11009.0,11009.0,11009.0,11010.0,11010.0,11011.0,11011.0,11012.0,11013.0,11013.0,11013.0,11014.0,11014.0,11014.0,11014.0,11015.0,11016.0,11016.0,11016.0,11016.0,11021.0,11022.0,11022.0,11022.0,11024.0,11026.0,11026.0,11027.0,11027.0,11031.0,11034.0,11035.0,11036.0,11036.0,11039.0,11039.0,11041.0,11042.0,11045.0,11045.0,11045.0,11045.0,11046.0,11047.0,11048.0,11049.0,11049.0,11051.0,11053.0,11054.0,11056.0,11056.0,11058.0,11059.0,11060.0,11061.0,11061.0,11064.0,11064.0,11065.0,11066.0,11066.0,11067.0,11070.0,11073.0,11073.0,11073.0,11075.0,11076.0,11077.0,11079.0,11081.0,11083.0,11083.0,11087.0,11087.0,11087.0,11092.0,11093.0,11095.0,11096.0,11097.0,11098.0,11098.0,11098.0,11099.0,11099.0,11100.0,11100.0,11102.0,11105.0,11105.0,11106.0,11106.0,11108.0,11112.0,11112.0,11113.0,11113.0,11113.0,11113.0,11113.0,11114.0,11115.0,11117.0,11120.0,11122.0,11124.0,11125.0,11128.0,11129
YP_RaWJIuuw,11848.0,11851.0,11852.0,11853.0,11853.0,11853.0,11854.0,11857.0,11857.0,11859.0,11861.0,11861.0,11861.0,11863.0,11866.0,11867.0,11868.0,11869.0,11869.0,11871.0,11872.0,11873.0,11875.0,11875.0,11875.0,11875.0,11876.0,11879.0,11881.0,11881.0,11882.0,11883.0,11886.0,11888.0,11887.0,11889.0,11890.0,11890.0,11891.0,11892.0,11893.0,11896.0,11899.0,11901.0,11904.0,11905.0,11905.0,11906.0,11910.0,11910.0,11911.0,11911.0,11915.0,11916.0,11917.0,11918.0,11917.0,11918.0,11919.0,11920.0,11921.0,11921.0,11921.0,11922.0,11922.0,11922.0,11923.0,11924.0,11925.0,11925.0,11925.0,11926.0,11926.0,11926.0,11927.0,11928.0,11929.0,11929.0,11929.0,11930.0,11931.0,11933.0,11935.0,11935.0,11936.0,11936.0,11937.0,11939.0,11940.0,11940.0,11940.0,11941.0,11941.0,11944.0,11944.0,11946.0,11946.0,11946.0,11948.0,11949.0,11950.0,11953.0,11954.0,11954.0,11956.0,11957.0,11957.0,11957.0,11960.0,11961.0,11961.0,11961.0,11966.0,11972.0,11975.0,11978.0,11980.0,11981.0,11985.0,11985.0,11990.0,11993.0,11998.0,12001.0,12002.0,11999.0,12005.0,12009.0,12012.0,12013.0,12018.0,12022.0,12029.0,12034.0,,,,,,,,,12106.0,12107.0,12114.0,12123.0,12127.0,12130.0,12132.0,12137.0,12143.0,12156.0,12163.0,12168.0,12173.0,12180.0,12186.0,12192.0,12203.0,12207.0,12211.0,12217.0,12222.0,12227.0,12228.0,12233.0,12241.0,12255.0,12266.0,12268.0,12270.0,12272.0,12276.0,12284.0,12286.0,12290.0,12293.0,12296.0,12300.0,12302.0,12306.0,12311.0,12315.0,12318.0,12322.0,12324.0,12328.0,12333.0,12338.0,12346.0,12347.0,12348.0,12348.0,12348.0,12351.0,12353.0,12356.0,12358.0,12360.0,12366.0,12369.0,12370.0,12372.0,12373.0,12373.0,12376.0,12377.0,12381.0,12381.0,12384.0,12386.0,12389.0,12390.0,12394.0,12397.0,12402.0,12403.0,12406.0,12413.0,12412.0,12413.0,12416.0,12418.0,12421.0,12423.0,12423.0,12423.0,12423.0,12425.0,12425.0,12428.0,12432.0,12436.0,12441.0,12443.0,12444.0,12446.0,12449.0,12450.0,12451.0,12451.0,12453.0,12456.0,12458.0,12458.0,12461.0,12465.0,12467.0,12468.0,12471.0,12472.0,12474.0,12475.0,12476.0,12478.0,12484.0,12491.0,12496.0,12501.0,12502.0,12503.0,12511.0,12511.0,,12519.0,12523.0,12527.0,12529.0,12530.0,12530.0,12530.0,12530.0,12534.0,12535.0,12539.0,12539.0,12544.0,12546.0,12547.0,12550.0,12551.0,12558.0,12562.0,12562.0,12562.0,12566.0,12566.0,12567.0,12571.0,12571.0,12572.0,12574.0,12574.0,12576.0,12578.0,12578.0,12580.0,12581.0,12584.0,12586.0,12588.0,12589.0,12591.0,12595.0,12597.0,12598.0,12603.0,12604.0,12604.0,12608.0,12612.0,12621.0,12622.0,12625.0,12626.0,12627.0,12629.0,12630.0,12631.0,12633.0,12637.0,12638.0,12640.0,12643.0,12645.0,12647.0,12648.0,12648.0,12653.0,12656.0,12659.0,12661.0,12663.0,12665.0,12666.0,12667.0,12669.0,12672.0,12672.0,12672.0,12672.0,12673.0,12674.0,12674.0,12678.0,12680.0,12683.0,12684.0,12684.0,12687.0,12690.0,12690.0,12692.0,12691.0,12694.0,12694.0,12695.0,12696.0,12699.0,12708.0,12713.0,12714.0,12715.0,12716.0,12716.0,12716.0,12718.0,12721.0,12721.0,12723.0,12723.0,12724.0,12724.0,12724.0,12724.0,12725.0,12725.0,12727
ZfSHqNji5mI,14208.0,14209.0,14210.0,14210.0,14210.0,14210.0,14210.0,14210.0,14211.0,14211.0,14211.0,14213.0,14214.0,14216.0,14216.0,14216.0,14216.0,14216.0,14217.0,14217.0,14217.0,14219.0,14219.0,14219.0,14220.0,14221.0,14221.0,14221.0,14222.0,14222.0,14222.0,14227.0,14228.0,14229.0,14231.0,14232.0,14233.0,14234.0,14234.0,14234.0,14235.0,14236.0,14236.0,14236.0,14235.0,14236.0,14237.0,14238.0,14242.0,14242.0,14242.0,14242.0,14243.0,14245.0,14247.0,14247.0,14247.0,14248.0,14250.0,14250.0,14250.0,14250.0,14251.0,14253.0,14253.0,14255.0,14256.0,14260.0,14262.0,14264.0,14265.0,14265.0,14266.0,14267.0,14267.0,14267.0,14268.0,14269.0,14270.0,14270.0,14271.0,14271.0,14271.0,14272.0,14273.0,14273.0,14273.0,14274.0,14275.0,14276.0,14277.0,14277.0,14277.0,14277.0,14277.0,14283.0,14285.0,14286.0,14287.0,14289.0,14290.0,14294.0,14294.0,14296.0,14296.0,14296.0,14298.0,14299.0,14304.0,14304.0,14304.0,14305.0,14306.0,14306.0,14306.0,14307.0,14308.0,14308.0,14309.0,14310.0,14311.0,14311.0,14313.0,14315.0,14315.0,14315.0,14316.0,14317.0,14317.0,14317.0,14318.0,14318.0,14319.0,14321.0,,,,,,,,,14330.0,14330.0,14330.0,14331.0,14331.0,14332.0,14334.0,14335.0,14335.0,14335.0,14338.0,14339.0,14339.0,14340.0,14343.0,14345.0,14346.0,14347.0,14347.0,14347.0,14348.0,14349.0,14350.0,14352.0,14352.0,14353.0,14353.0,14355.0,14356.0,14359.0,14360.0,14360.0,14360.0,14360.0,14361.0,14364.0,14365.0,14366.0,14366.0,14367.0,14367.0,14368.0,14369.0,14370.0,14372.0,14371.0,14374.0,14374.0,14375.0,14375.0,14375.0,14375.0,14376.0,14376.0,14376.0,14377.0,14378.0,14378.0,14380.0,14380.0,14382.0,14383.0,14386.0,14385.0,14386.0,14391.0,14389.0,14389.0,14390.0,14390.0,14390.0,14391.0,14392.0,14393.0,14393.0,14394.0,14394.0,14395.0,14395.0,14396.0,14396.0,14398.0,14399.0,14400.0,14400.0,14400.0,14401.0,14402.0,14402.0,14403.0,14403.0,14403.0,14405.0,14406.0,14406.0,14406.0,14406.0,14407.0,14407.0,14407.0,14410.0,14411.0,14411.0,14412.0,14413.0,14413.0,14414.0,14416.0,14417.0,14419.0,14420.0,14420.0,14420.0,14420.0,14420.0,14420.0,14421.0,14421.0,14422.0,14424.0,14424.0,,14427.0,14427.0,14428.0,14430.0,14431.0,14432.0,14433.0,14433.0,14438.0,14439.0,14440.0,14440.0,14441.0,14443.0,14443.0,14445.0,14448.0,14448.0,14451.0,14451.0,14453.0,14455.0,14455.0,14457.0,14458.0,14460.0,14461.0,14461.0,14464.0,14468.0,14468.0,14469.0,14469.0,14469.0,14469.0,14470.0,14470.0,14472.0,14473.0,14474.0,14474.0,14474.0,14476.0,14478.0,14478.0,14479.0,14480.0,14480.0,14481.0,14484.0,14485.0,14485.0,14487.0,14487.0,14488.0,14488.0,14488.0,14490.0,14490.0,14491.0,14492.0,14493.0,14494.0,14494.0,14495.0,14497.0,14497.0,14497.0,14497.0,14497.0,14497.0,14498.0,14498.0,14499.0,14499.0,14500.0,14500.0,14500.0,14500.0,14500.0,14500.0,14500.0,14501.0,14503.0,14505.0,14506.0,14506.0,14506.0,14508.0,14508.0,14508.0,14508.0,14510.0,14512.0,14514.0,14515.0,14515.0,14516.0,14517.0,14517.0,14517.0,14517.0,14517.0,14518.0,14518.0,14520.0,14522.0,14522.0,14522.0,14522.0,14522.0,14522.0,14523.0,14523
PZN9o9S5Jzk,3252.0,3253.0,3255.0,3256.0,3258.0,3261.0,3263.0,3263.0,3264.0,3265.0,3268.0,3269.0,3270.0,3271.0,3275.0,3276.0,3277.0,3278.0,3281.0,3282.0,3282.0,3283.0,3286.0,3286.0,3287.0,3289.0,3292.0,3295.0,3295.0,3296.0,3299.0,3301.0,3303.0,3306.0,3308.0,3309.0,3311.0,3312.0,3314.0,3315.0,3318.0,3319.0,3324.0,3326.0,3327.0,3329.0,3330.0,3332.0,3334.0,3336.0,3339.0,3341.0,3343.0,3343.0,3345.0,3347.0,3348.0,3350.0,3351.0,3352.0,3353.0,3354.0,3357.0,3360.0,3362.0,3364.0,3368.0,3370.0,3371.0,3371.0,3375.0,3382.0,3386.0,3393.0,3399.0,3404.0,3407.0,3411.0,3413.0,3414.0,3414.0,3415.0,3419.0,3423.0,3428.0,3429.0,3435.0,3436.0,3437.0,3439.0,3440.0,3444.0,3445.0,3446.0,3449.0,3453.0,3455.0,3456.0,3460.0,3465.0,3468.0,3471.0,3472.0,3474.0,3481.0,3482.0,3484.0,3487.0,3488.0,3493.0,3496.0,3508.0,3519.0,3529.0,3532.0,3536.0,3539.0,3541.0,3543.0,3548.0,3553.0,3556.0,3561.0,3564.0,3564.0,3566.0,3569.0,3573.0,3574.0,3577.0,3577.0,3581.0,3582.0,3588.0,,,,,,,,,3612.0,3612.0,3615.0,3619.0,3624.0,3627.0,3628.0,3630.0,3635.0,3642.0,3647.0,3674.0,3680.0,3684.0,3687.0,3699.0,3700.0,3706.0,3711.0,3713.0,3717.0,3723.0,3731.0,3737.0,3746.0,3752.0,3759.0,3763.0,3775.0,3787.0,3794.0,3803.0,3812.0,3832.0,3837.0,3843.0,3846.0,3857.0,3868.0,3883.0,3900.0,3913.0,3922.0,3938.0,3945.0,3963.0,3985.0,3991.0,4003.0,4011.0,4020.0,4035.0,4050.0,4060.0,4072.0,4080.0,4090.0,4103.0,4119.0,4133.0,4150.0,4165.0,4176.0,4187.0,4191.0,4203.0,4207.0,4211.0,4215.0,4224.0,4226.0,4228.0,4236.0,4248.0,4262.0,4271.0,4284.0,4286.0,4294.0,4300.0,4309.0,4313.0,4321.0,4328.0,4334.0,4338.0,4343.0,4348.0,4350.0,4352.0,4357.0,4365.0,4367.0,4372.0,4377.0,4384.0,4388.0,4395.0,4399.0,4407.0,4412.0,4423.0,4425.0,4432.0,4441.0,4446.0,4452.0,4459.0,4460.0,4469.0,4482.0,4488.0,4499.0,4510.0,4516.0,4523.0,4528.0,4533.0,4535.0,4537.0,4539.0,,4547.0,4549.0,4550.0,4553.0,4558.0,4561.0,4563.0,4567.0,4572.0,4573.0,4575.0,4580.0,4582.0,4592.0,4595.0,4598.0,4598.0,4598.0,4600.0,4603.0,4603.0,4606.0,4609.0,4609.0,4611.0,4611.0,4615.0,4619.0,4625.0,4629.0,4631.0,4632.0,4634.0,4635.0,4637.0,4642.0,4646.0,4647.0,4649.0,4650.0,4652.0,4652.0,4653.0,4658.0,4661.0,4663.0,4666.0,4671.0,4675.0,4678.0,4681.0,4686.0,4693.0,4696.0,4702.0,4703.0,4704.0,4705.0,4706.0,4706.0,4707.0,4713.0,4715.0,4717.0,4717.0,4721.0,4732.0,4732.0,4737.0,4739.0,4749.0,4755.0,4760.0,4768.0,4772.0,4778.0,4782.0,4785.0,4785.0,4785.0,4790.0,4796.0,4800.0,4804.0,4805.0,4809.0,4810.0,4814.0,4818.0,4818.0,4819.0,4821.0,4822.0,4825.0,4826.0,4829.0,4831.0,4836.0,4837.0,4840.0,4841.0,4845.0,4851.0,4852.0,4854.0,4858.0,4863.0,4865.0,4867.0,4872.0,4877.0,4883.0,4886.0,4889
PLFe8hPCZ5w,25903.0,25921.0,25947.0,25973.0,25984.0,26004.0,26031.0,26061.0,26089.0,26119.0,26139.0,26162.0,26200.0,26235.0,26261.0,26306.0,26335.0,26358.0,26387.0,26425.0,26466.0,26509.0,26608.0,26661.0,26715.0,26761.0,26804.0,26839.0,26888.0,26936.0,26967.0,26996.0,27025.0,27050.0,27075.0,27108.0,27146.0,27171.0,27188.0,27213.0,27251.0,27284.0,27309.0,27346.0,27366.0,27377.0,27403.0,27427.0,27453.0,27468.0,27499.0,27536.0,27554.0,27591.0,27631.0,27673.0,27723.0,27797.0,27847.0,27892.0,27944.0,28002.0,28044.0,28100.0,28159.0,28220.0,28282.0,28357.0,28418.0,28544.0,28646.0,28743.0,28811.0,28887.0,28970.0,29050.0,29122.0,29192.0,29306.0,29395.0,29443.0,29524.0,29594.0,29652.0,29733.0,29807.0,29859.0,29898.0,29942.0,29983.0,30028.0,30073.0,30133.0,30191.0,30246.0,30275.0,30317.0,30365.0,30411.0,30451.0,30483.0,30520.0,30556.0,30588.0,30620.0,30660.0,30693.0,30740.0,30783.0,30822.0,30872.0,30910.0,30963.0,31008.0,31055.0,31105.0,31162.0,31204.0,31241.0,31280.0,31319.0,31368.0,31411.0,31455.0,31483.0,31523.0,31558.0,31603.0,31655.0,31704.0,31755.0,31802.0,31868.0,31931.0,,,,,,,,,32649.0,32697.0,32769.0,32900.0,33009.0,33088.0,33165.0,33229.0,33300.0,33357.0,33438.0,33496.0,33547.0,33618.0,33703.0,33776.0,33836.0,33872.0,33928.0,33964.0,34010.0,34042.0,34074.0,34113.0,34145.0,34183.0,34256.0,34297.0,34335.0,34368.0,34409.0,34453.0,34516.0,34572.0,34633.0,34667.0,34694.0,34727.0,34761.0,34803.0,34852.0,34922.0,34986.0,35041.0,35097.0,35171.0,35238.0,35290.0,35353.0,35399.0,35459.0,35524.0,35580.0,35639.0,35700.0,35757.0,35803.0,35845.0,35902.0,35949.0,36020.0,36047.0,36103.0,36145.0,36183.0,36228.0,36287.0,36334.0,36375.0,36414.0,36454.0,36478.0,36534.0,36590.0,36660.0,36724.0,36788.0,36849.0,36882.0,36948.0,36984.0,37030.0,37064.0,37124.0,37173.0,37203.0,37262.0,37326.0,37366.0,37430.0,37477.0,37511.0,37552.0,37603.0,37641.0,37697.0,37750.0,37805.0,37850.0,37893.0,37928.0,37972.0,38025.0,38065.0,38118.0,38155.0,38208.0,38263.0,38311.0,38375.0,38445.0,38509.0,38553.0,38597.0,38626.0,38655.0,38700.0,38763.0,38810.0,38841.0,38863.0,,38916.0,38952.0,38987.0,39022.0,39037.0,39044.0,39057.0,39082.0,39104.0,39128.0,39148.0,39161.0,39184.0,39211.0,39246.0,39265.0,39288.0,39312.0,39336.0,39359.0,39396.0,39431.0,39469.0,39509.0,39549.0,39580.0,39621.0,39665.0,39711.0,39745.0,39803.0,39847.0,39880.0,39923.0,39976.0,40039.0,40086.0,40119.0,40144.0,40164.0,40197.0,40229.0,40262.0,40281.0,40296.0,40347.0,40401.0,40457.0,40564.0,40652.0,40735.0,40800.0,40866.0,40933.0,40984.0,41039.0,41086.0,41127.0,41167.0,41229.0,41272.0,41305.0,41365.0,41404.0,41442.0,41479.0,41688.0,41877.0,42028.0,42132.0,42197.0,42283.0,42441.0,42554.0,42645.0,42723.0,42822.0,42940.0,43041.0,43133.0,43234.0,43309.0,43382.0,43430.0,43485.0,43541.0,43579.0,43627.0,43668.0,43696.0,43736.0,43776.0,43829.0,43878.0,43934.0,43980.0,44044.0,44105.0,44158.0,44205.0,44251.0,44312.0,44365.0,44397.0,44448.0,44511.0,44568.0,44615.0,44669.0,44713.0,44741.0,44783.0,44828.0,44872
8ZnfMMF9Lms,8213.0,8213.0,8214.0,8215.0,8218.0,8218.0,8225.0,8227.0,8228.0,8230.0,8232.0,8232.0,8236.0,8237.0,8240.0,8242.0,8244.0,8251.0,8253.0,8258.0,8262.0,8266.0,8267.0,8269.0,8271.0,8271.0,8273.0,8276.0,8276.0,8276.0,8277.0,8277.0,8277.0,8278.0,8278.0,8280.0,8282.0,8282.0,8283.0,8286.0,8286.0,8287.0,8287.0,8288.0,8289.0,8290.0,8292.0,8294.0,8295.0,8300.0,8302.0,8302.0,8302.0,8303.0,8304.0,8305.0,8307.0,8307.0,8308.0,8308.0,8308.0,8308.0,8309.0,8311.0,8311.0,8314.0,8315.0,8317.0,8317.0,8318.0,8318.0,8320.0,8320.0,8323.0,8326.0,8326.0,8327.0,8334.0,8334.0,8335.0,8338.0,8339.0,8341.0,8341.0,8342.0,8342.0,8347.0,8347.0,8347.0,8350.0,8352.0,8354.0,8358.0,8360.0,8361.0,8363.0,8363.0,8364.0,8367.0,8368.0,8370.0,8373.0,8375.0,8376.0,8377.0,8378.0,8381.0,8384.0,8385.0,8387.0,8389.0,8391.0,8393.0,8395.0,8396.0,8397.0,8398.0,8400.0,8401.0,8402.0,8403.0,8403.0,8406.0,8409.0,8410.0,8411.0,8412.0,8412.0,8414.0,8415.0,8415.0,8416.0,8416.0,8418.0,,,,,,,,,8535.0,8546.0,8550.0,8558.0,8568.0,8579.0,8587.0,8595.0,8605.0,8608.0,8612.0,8615.0,8618.0,8622.0,8630.0,8639.0,8645.0,8650.0,8661.0,8666.0,8677.0,8682.0,8688.0,8692.0,8696.0,8703.0,8709.0,8717.0,8723.0,8728.0,8733.0,8740.0,8742.0,8746.0,8750.0,8752.0,8756.0,8762.0,8766.0,8776.0,8783.0,8788.0,8793.0,8796.0,8802.0,8804.0,8805.0,8806.0,8806.0,8806.0,8810.0,8813.0,8814.0,8820.0,8822.0,8824.0,8825.0,8826.0,8827.0,8829.0,8831.0,8831.0,8835.0,8835.0,8838.0,8842.0,8844.0,8845.0,8849.0,8852.0,8857.0,8861.0,8863.0,8869.0,8870.0,8872.0,8872.0,8875.0,8882.0,8886.0,8890.0,8893.0,8895.0,8901.0,8902.0,8905.0,8906.0,8907.0,8911.0,8918.0,8922.0,8926.0,8930.0,8932.0,8934.0,8935.0,8937.0,8938.0,8939.0,8942.0,8944.0,8946.0,8947.0,8949.0,8951.0,8951.0,8953.0,8956.0,8959.0,8960.0,8960.0,8961.0,8962.0,8962.0,8964.0,8966.0,8968.0,8969.0,8972.0,8975.0,8978.0,,8980.0,8983.0,8985.0,8987.0,8987.0,8990.0,8990.0,8991.0,8993.0,8995.0,8996.0,9000.0,9000.0,9000.0,9002.0,9003.0,9003.0,9003.0,9003.0,9004.0,9006.0,9010.0,9013.0,9015.0,9017.0,9018.0,9020.0,9022.0,9024.0,9024.0,9026.0,9027.0,9030.0,9033.0,9035.0,9039.0,9039.0,9039.0,9039.0,9040.0,9043.0,9045.0,9046.0,9047.0,9048.0,9049.0,9049.0,9051.0,9052.0,9053.0,9053.0,9055.0,9056.0,9057.0,9060.0,9060.0,9061.0,9062.0,9064.0,9066.0,9068.0,9068.0,9068.0,9071.0,9072.0,9073.0,9076.0,9077.0,9081.0,9085.0,9087.0,9087.0,9087.0,9087.0,9088.0,9088.0,9089.0,9092.0,9095.0,9097.0,9098.0,9098.0,9099.0,9102.0,9105.0,9108.0,9111.0,9111.0,9113.0,9114.0,9114.0,9118.0,9119.0,9119.0,9124.0,9126.0,9126.0,9127.0,9129.0,9130.0,9131.0,9134.0,9136.0,9136.0,9136.0,9137.0,9138.0,9138.0,9140.0,9140.0,9140.0,9141.0,9144.0,9147
766u82Rf7Bs,35680.0,35683.0,35688.0,35688.0,35689.0,35690.0,35691.0,35693.0,35700.0,35701.0,35704.0,35705.0,35711.0,35714.0,35718.0,35719.0,35721.0,35724.0,35731.0,35738.0,35744.0,35749.0,35750.0,35752.0,35753.0,35755.0,35757.0,35763.0,35770.0,35778.0,35785.0,35787.0,35793.0,35801.0,35810.0,35817.0,35817.0,35825.0,35834.0,35839.0,35843.0,35847.0,35851.0,35855.0,35858.0,35861.0,35869.0,35875.0,35876.0,35883.0,35891.0,35898.0,35905.0,35906.0,35912.0,35914.0,35917.0,35920.0,35923.0,35925.0,35926.0,35932.0,35939.0,35941.0,35942.0,35945.0,35947.0,35950.0,35951.0,35954.0,35958.0,35962.0,35963.0,35966.0,35969.0,35971.0,35977.0,35980.0,35984.0,35993.0,35995.0,35999.0,35999.0,36000.0,36006.0,36008.0,36012.0,36014.0,36020.0,36022.0,36025.0,36031.0,36032.0,36035.0,36037.0,36039.0,36041.0,36045.0,36048.0,36052.0,36055.0,36056.0,36059.0,36062.0,36065.0,36065.0,36066.0,36071.0,36074.0,36079.0,36082.0,36084.0,36086.0,36090.0,36092.0,36096.0,36097.0,36100.0,36103.0,36106.0,36112.0,36114.0,36116.0,36123.0,36124.0,36127.0,36132.0,36133.0,36133.0,36135.0,36137.0,36138.0,36141.0,36142.0,,,,,,,,,36171.0,36174.0,36175.0,36176.0,36177.0,36182.0,36186.0,36189.0,36192.0,36196.0,36199.0,36200.0,36200.0,36204.0,36206.0,36209.0,36209.0,36211.0,36211.0,36215.0,36215.0,36218.0,36220.0,36220.0,36225.0,36225.0,36226.0,36227.0,36231.0,36232.0,36236.0,36238.0,36250.0,36252.0,36257.0,36263.0,36269.0,36270.0,36270.0,36273.0,36279.0,36282.0,36286.0,36288.0,36291.0,36294.0,36295.0,36296.0,36300.0,36303.0,36306.0,36306.0,36306.0,36312.0,36312.0,36313.0,36313.0,36315.0,36317.0,36317.0,36318.0,36319.0,36319.0,36320.0,36322.0,36324.0,36326.0,36327.0,36331.0,36334.0,36339.0,36343.0,36351.0,36354.0,36356.0,36359.0,36360.0,36365.0,36368.0,36371.0,36372.0,36374.0,36375.0,36379.0,36381.0,36382.0,36385.0,36384.0,36385.0,36384.0,36388.0,36391.0,36395.0,36400.0,36405.0,36408.0,36413.0,36420.0,36421.0,36424.0,36429.0,36433.0,36443.0,36450.0,36456.0,36460.0,36465.0,36467.0,36473.0,36477.0,36479.0,36482.0,36487.0,36493.0,36502.0,36506.0,36506.0,36511.0,36520.0,36527.0,36530.0,,36539.0,36542.0,36545.0,36552.0,36558.0,36561.0,36562.0,36566.0,36569.0,36573.0,36575.0,36579.0,36585.0,36587.0,36595.0,36597.0,36599.0,36605.0,36606.0,36613.0,36614.0,36616.0,36618.0,36623.0,36629.0,36631.0,36637.0,36640.0,36641.0,36643.0,36645.0,36652.0,36659.0,36661.0,36663.0,36663.0,36666.0,36669.0,36672.0,36674.0,36675.0,36680.0,36683.0,36689.0,36692.0,36703.0,36704.0,36708.0,36710.0,36711.0,36712.0,36717.0,36717.0,36719.0,36723.0,36724.0,36725.0,36729.0,36730.0,36735.0,36740.0,36747.0,36747.0,36753.0,36757.0,36758.0,36760.0,36765.0,36770.0,36774.0,36776.0,36783.0,36784.0,36785.0,36786.0,36789.0,36798.0,36803.0,36807.0,36817.0,36822.0,36829.0,36833.0,36835.0,36839.0,36841.0,36843.0,36846.0,36848.0,36851.0,36851.0,36853.0,36857.0,36858.0,36861.0,36864.0,36866.0,36868.0,36873.0,36878.0,36880.0,36881.0,36883.0,36890.0,36893.0,36893.0,36895.0,36895.0,36901.0,36903.0,36903.0,36907.0,36907.0,36910
aP4ElCNKfC8,320003.0,320372.0,320673.0,321068.0,321456.0,321847.0,322219.0,322631.0,322924.0,323289.0,323597.0,323910.0,324285.0,324714.0,325042.0,325485.0,325828.0,326249.0,326686.0,326999.0,327320.0,327668.0,328030.0,328284.0,328486.0,328822.0,329100.0,329408.0,329694.0,330045.0,330353.0,330584.0,330835.0,331086.0,331330.0,331561.0,331886.0,332161.0,332406.0,332669.0,332978.0,333353.0,333690.0,334056.0,334332.0,334538.0,334840.0,335091.0,335386.0,335697.0,336078.0,336342.0,336612.0,336843.0,337138.0,337447.0,337731.0,337997.0,338244.0,338461.0,338724.0,339067.0,339349.0,339752.0,340102.0,340597.0,340981.0,341500.0,341794.0,342297.0,342762.0,343222.0,343610.0,343931.0,344265.0,344543.0,344919.0,345252.0,345670.0,345989.0,346303.0,346600.0,346938.0,347329.0,347673.0,347964.0,348260.0,348559.0,348839.0,349118.0,349469.0,349817.0,350150.0,350454.0,350703.0,350991.0,351325.0,351585.0,351896.0,352201.0,352448.0,352726.0,353041.0,353361.0,353718.0,354035.0,354394.0,354724.0,355059.0,355381.0,355791.0,356068.0,356404.0,356780.0,357150.0,357458.0,357764.0,358069.0,358502.0,358852.0,359155.0,359481.0,359842.0,360158.0,360460.0,360915.0,361241.0,361688.0,362104.0,362458.0,362764.0,363198.0,363636.0,364013.0,,,,,,,,,367175.0,367443.0,367757.0,368054.0,368346.0,368723.0,369011.0,369272.0,369523.0,369862.0,370167.0,370517.0,370852.0,371179.0,371492.0,371807.0,372134.0,372424.0,372757.0,373015.0,373314.0,373609.0,373833.0,374101.0,374437.0,374695.0,375005.0,375345.0,375602.0,375816.0,376187.0,376452.0,376793.0,377094.0,377421.0,377688.0,377904.0,378170.0,378439.0,378715.0,379038.0,379400.0,379721.0,379994.0,380383.0,380800.0,381181.0,381557.0,381887.0,382190.0,382506.0,382860.0,383181.0,383496.0,383826.0,384186.0,384459.0,384722.0,384996.0,385331.0,385675.0,385925.0,386178.0,386428.0,386682.0,386991.0,387323.0,387650.0,387880.0,388144.0,388389.0,388637.0,388892.0,389200.0,389442.0,389822.0,390095.0,390411.0,390614.0,390904.0,391295.0,391523.0,391838.0,392294.0,392637.0,392851.0,393121.0,393479.0,393789.0,394110.0,394432.0,394721.0,395005.0,395310.0,395700.0,396062.0,396461.0,396852.0,397177.0,397443.0,397793.0,398143.0,398436.0,398712.0,399049.0,399329.0,399667.0,400074.0,400490.0,400845.0,401239.0,401661.0,401919.0,402257.0,402540.0,402823.0,403141.0,403465.0,403979.0,404328.0,404641.0,,405308.0,405631.0,405985.0,406378.0,406809.0,407171.0,407485.0,407892.0,408339.0,408773.0,409289.0,409588.0,409910.0,410318.0,410672.0,411096.0,411544.0,411948.0,412376.0,412754.0,413151.0,413597.0,414081.0,414566.0,415084.0,415406.0,415723.0,416066.0,416456.0,416756.0,417060.0,417359.0,417594.0,417795.0,418069.0,418396.0,418687.0,419014.0,419305.0,419659.0,419893.0,420260.0,420636.0,421013.0,421354.0,421756.0,422115.0,422484.0,422952.0,423528.0,424034.0,424550.0,425159.0,425781.0,426193.0,426755.0,427219.0,427743.0,428249.0,428948.0,429483.0,429978.0,430419.0,430892.0,431392.0,431876.0,432266.0,432708.0,433115.0,433637.0,434145.0,434668.0,435217.0,435736.0,436232.0,436600.0,437026.0,437426.0,437854.0,438267.0,438633.0,439098.0,439458.0,439862.0,440230.0,440593.0,440944.0,441336.0,441702.0,442035.0,442465.0,442868.0,443293.0,443712.0,444110.0,444501.0,444863.0,445216.0,445554.0,445872.0,446258.0,446605.0,446914.0,447151.0,447445.0,447746.0,448053.0,448451.0,448707.0,449061.0,449351.0,449717.0,450059.0,450390
grPLn2UVSo0,881901.0,882174.0,882477.0,882770.0,883057.0,883371.0,883703.0,884011.0,884404.0,884800.0,885084.0,885401.0,885758.0,886132.0,886574.0,886997.0,887349.0,887674.0,887984.0,888320.0,888658.0,888981.0,889295.0,889610.0,889942.0,890249.0,890621.0,890897.0,891264.0,891614.0,891987.0,892329.0,892674.0,892974.0,893342.0,893716.0,894022.0,894348.0,894708.0,895027.0,895336.0,895644.0,895925.0,896260.0,896593.0,896871.0,897186.0,897512.0,897854.0,898206.0,898508.0,898817.0,899094.0,899384.0,899686.0,900017.0,900289.0,900535.0,900840.0,901110.0,901335.0,901598.0,901843.0,902116.0,902402.0,902724.0,903044.0,903349.0,903640.0,903968.0,904281.0,904574.0,904925.0,905224.0,905439.0,905750.0,905986.0,906316.0,906623.0,906900.0,907246.0,907513.0,907744.0,908016.0,908277.0,908564.0,908796.0,909118.0,909423.0,909680.0,909941.0,910318.0,910642.0,910949.0,911270.0,911555.0,911848.0,912123.0,912371.0,912676.0,912942.0,913234.0,913506.0,913707.0,913958.0,914226.0,914493.0,914738.0,914999.0,915231.0,915483.0,915728.0,915948.0,916239.0,916495.0,916706.0,916928.0,917129.0,917343.0,917604.0,917844.0,918096.0,918311.0,918564.0,918790.0,918992.0,919235.0,919468.0,919720.0,919969.0,920177.0,920472.0,920729.0,920991.0,,,,,,,,,923222.0,923479.0,923695.0,923881.0,924116.0,924308.0,924544.0,924736.0,924966.0,925118.0,925303.0,925501.0,925702.0,925908.0,926076.0,926270.0,926508.0,926697.0,926925.0,927167.0,927379.0,927600.0,927819.0,928049.0,928277.0,928477.0,928713.0,928971.0,929177.0,929434.0,929629.0,929866.0,930076.0,930340.0,930536.0,930812.0,931053.0,931298.0,931530.0,931772.0,932013.0,932263.0,932461.0,932651.0,932887.0,933093.0,933286.0,933500.0,933711.0,933906.0,934129.0,934324.0,934517.0,934641.0,934849.0,935018.0,935213.0,935370.0,935603.0,935809.0,936014.0,936207.0,936433.0,936638.0,936839.0,937070.0,937294.0,937502.0,937686.0,937908.0,938102.0,938267.0,938481.0,938669.0,938803.0,938951.0,939110.0,939358.0,939543.0,939747.0,939937.0,940073.0,940264.0,940508.0,940731.0,940942.0,941141.0,941342.0,941566.0,941740.0,941945.0,942124.0,942327.0,942494.0,942645.0,942856.0,943049.0,943287.0,943469.0,943639.0,943826.0,944000.0,944194.0,944366.0,944596.0,944790.0,944979.0,945183.0,945362.0,945598.0,945791.0,946007.0,946212.0,946407.0,946575.0,946745.0,946890.0,947098.0,947444.0,947756.0,948040.0,,948532.0,948867.0,949138.0,949393.0,949720.0,949996.0,950382.0,950783.0,951079.0,951439.0,951791.0,952162.0,952477.0,952724.0,952946.0,953138.0,953334.0,953524.0,953772.0,953995.0,954190.0,954414.0,954630.0,954844.0,955042.0,955236.0,955461.0,955673.0,955895.0,956125.0,956353.0,956589.0,956772.0,956958.0,957119.0,957330.0,957509.0,957677.0,957875.0,958103.0,958262.0,958498.0,958666.0,958921.0,959153.0,959395.0,959685.0,959990.0,960195.0,960407.0,960596.0,960799.0,960982.0,961185.0,961432.0,961652.0,961892.0,962156.0,962421.0,962787.0,963107.0,963431.0,963702.0,964042.0,964333.0,964572.0,964913.0,965244.0,965490.0,965771.0,966008.0,966204.0,966417.0,966647.0,966903.0,967109.0,967321.0,967505.0,967706.0,967871.0,968064.0,968295.0,968503.0,968746.0,968970.0,969190.0,969377.0,969569.0,969756.0,969964.0,970154.0,970369.0,970574.0,970717.0,970901.0,971035.0,971188.0,971339.0,971530.0,971747.0,971915.0,972141.0,972365.0,972540.0,972707.0,972847.0,973008.0,973167.0,973332.0,973493.0,973627.0,973770.0,973936.0,974133
d9HSgHGOEQg,431708.0,431831.0,431938.0,432070.0,432172.0,432285.0,432390.0,432518.0,432642.0,432784.0,432899.0,433002.0,433098.0,433234.0,433351.0,433470.0,433613.0,433712.0,433821.0,433916.0,434018.0,434146.0,434258.0,434380.0,434508.0,434618.0,434729.0,434829.0,434945.0,435046.0,435184.0,435293.0,435429.0,435553.0,435685.0,435808.0,435955.0,436088.0,436219.0,436342.0,436467.0,436581.0,436708.0,436813.0,436931.0,437058.0,437199.0,437386.0,437571.0,437707.0,437819.0,437918.0,438015.0,438097.0,438204.0,438348.0,438449.0,438569.0,438689.0,438787.0,438862.0,438994.0,439122.0,439253.0,439391.0,439536.0,439645.0,439809.0,439928.0,440095.0,440239.0,440368.0,440505.0,440639.0,440742.0,440841.0,440988.0,441105.0,441215.0,441358.0,441460.0,441567.0,441686.0,441791.0,441931.0,442035.0,442160.0,442303.0,442426.0,442521.0,442596.0,442672.0,442787.0,442911.0,443023.0,443139.0,443238.0,443365.0,443483.0,443607.0,443715.0,443814.0,443892.0,444002.0,444103.0,444210.0,444317.0,444410.0,444503.0,444598.0,444675.0,444806.0,444910.0,445048.0,445169.0,445310.0,445447.0,445585.0,445704.0,445827.0,445967.0,446114.0,446239.0,446332.0,446453.0,446572.0,446694.0,446822.0,446929.0,447025.0,447127.0,447246.0,447356.0,447447.0,,,,,,,,,448297.0,448400.0,448490.0,448588.0,448709.0,448803.0,448875.0,448981.0,449079.0,449163.0,449243.0,449342.0,449460.0,449562.0,449670.0,449760.0,449855.0,449976.0,450072.0,450159.0,450251.0,450368.0,450472.0,450597.0,450743.0,450861.0,450964.0,451077.0,451202.0,451350.0,451465.0,451590.0,451723.0,451829.0,451931.0,452052.0,452198.0,452295.0,452411.0,452520.0,452626.0,452737.0,452843.0,452949.0,453065.0,453194.0,453304.0,453404.0,453528.0,453659.0,453767.0,453845.0,453914.0,454006.0,454100.0,454186.0,454281.0,454365.0,454459.0,454559.0,454610.0,454710.0,454803.0,454884.0,454967.0,455082.0,455183.0,455287.0,455363.0,455447.0,455525.0,455588.0,455667.0,455734.0,455809.0,455912.0,456003.0,456103.0,456231.0,456338.0,456427.0,456525.0,456631.0,456737.0,456822.0,456917.0,457003.0,457100.0,457195.0,457275.0,457402.0,457510.0,457579.0,457674.0,457767.0,457887.0,457989.0,458100.0,458239.0,458315.0,458402.0,458511.0,458615.0,458704.0,458832.0,458940.0,459064.0,459140.0,459232.0,459323.0,459417.0,459523.0,459623.0,459775.0,459909.0,460017.0,460129.0,460264.0,460403.0,460580.0,460747.0,,461009.0,461155.0,461271.0,461430.0,461590.0,461760.0,461866.0,461984.0,462101.0,462239.0,462337.0,462492.0,462619.0,462735.0,462822.0,462934.0,463036.0,463151.0,463300.0,463408.0,463548.0,463661.0,463802.0,463916.0,464041.0,464179.0,464292.0,464418.0,464515.0,464604.0,464712.0,464828.0,464934.0,465038.0,465131.0,465228.0,465328.0,465421.0,465565.0,465728.0,465868.0,466010.0,466124.0,466287.0,466418.0,466551.0,466689.0,466822.0,466958.0,467110.0,467226.0,467365.0,467529.0,467643.0,467764.0,467929.0,468042.0,468157.0,468286.0,468434.0,468559.0,468680.0,468819.0,468968.0,469105.0,469244.0,469380.0,469507.0,469655.0,469809.0,469953.0,470067.0,470174.0,470304.0,470420.0,470557.0,470685.0,470803.0,470933.0,471047.0,471182.0,471299.0,471430.0,471558.0,471682.0,471823.0,471952.0,472115.0,472244.0,472408.0,472530.0,472672.0,472828.0,472946.0,473084.0,473235.0,473348.0,473466.0,473597.0,473700.0,473831.0,473986.0,474115.0,474243.0,474352.0,474453.0,474558.0,474699.0,474817.0,474921.0,475041.0,475133.0,475236.0,475342
jBgXlOErHmw,1635.0,1636.0,1636.0,1637.0,1637.0,1637.0,1637.0,1637.0,1637.0,1639.0,1639.0,1639.0,1639.0,1640.0,1640.0,1641.0,1641.0,1643.0,1643.0,1643.0,1643.0,1644.0,1645.0,1647.0,1648.0,1650.0,1650.0,1650.0,1651.0,1651.0,1651.0,1652.0,1652.0,1653.0,1653.0,1654.0,1657.0,1657.0,1658.0,1659.0,1659.0,1659.0,1659.0,1660.0,1661.0,1663.0,1663.0,1663.0,1663.0,1663.0,1664.0,1665.0,1666.0,1666.0,1667.0,1671.0,1672.0,1672.0,1672.0,1679.0,1681.0,1682.0,1682.0,1683.0,1684.0,1684.0,1684.0,1684.0,1685.0,1685.0,1685.0,1686.0,1687.0,1689.0,1689.0,1691.0,1691.0,1691.0,1692.0,1692.0,1692.0,1692.0,1692.0,1694.0,1694.0,1694.0,1695.0,1697.0,1698.0,1698.0,1698.0,1699.0,1699.0,1707.0,1709.0,1709.0,1710.0,1710.0,1710.0,1710.0,1712.0,1713.0,1713.0,1713.0,1713.0,1713.0,1713.0,1714.0,1715.0,1717.0,1719.0,1721.0,1722.0,1723.0,1723.0,1724.0,1724.0,1724.0,1726.0,1727.0,1727.0,1727.0,1727.0,1727.0,1728.0,1734.0,1735.0,1736.0,1737.0,1738.0,1738.0,1741.0,1742.0,1742.0,,,,,,,,,1746.0,1746.0,1746.0,1746.0,1748.0,1749.0,1750.0,1750.0,1751.0,1751.0,1754.0,1754.0,1756.0,1756.0,1756.0,1757.0,1758.0,1758.0,1760.0,1760.0,1760.0,1760.0,1760.0,1761.0,1762.0,1762.0,1764.0,1764.0,1765.0,1764.0,1764.0,1764.0,1765.0,1765.0,1765.0,1766.0,1766.0,1766.0,1766.0,1766.0,1766.0,1767.0,1769.0,1771.0,1771.0,1771.0,1771.0,1772.0,1773.0,1774.0,1777.0,1777.0,1777.0,1778.0,1778.0,1779.0,1779.0,1781.0,1782.0,1782.0,1784.0,1785.0,1787.0,1789.0,1789.0,1790.0,1790.0,1792.0,1792.0,1794.0,1794.0,1796.0,1796.0,1798.0,1799.0,1799.0,1802.0,1804.0,1804.0,1805.0,1805.0,1805.0,1805.0,1806.0,1806.0,1806.0,1806.0,1807.0,1807.0,1807.0,1807.0,1808.0,1808.0,1808.0,1809.0,1811.0,1812.0,1813.0,1816.0,1817.0,1818.0,1818.0,1819.0,1820.0,1820.0,1820.0,1820.0,1821.0,1821.0,1821.0,1821.0,1822.0,1822.0,1823.0,1823.0,1823.0,1823.0,1823.0,1823.0,1823.0,1823.0,,1824.0,1825.0,1826.0,1826.0,1827.0,1827.0,1827.0,1827.0,1827.0,1827.0,1828.0,1828.0,1828.0,1829.0,1831.0,1829.0,1831.0,1831.0,1831.0,1831.0,1831.0,1832.0,1832.0,1832.0,1833.0,1833.0,1833.0,1833.0,1833.0,1834.0,1834.0,1834.0,1835.0,1836.0,1837.0,1837.0,1837.0,1837.0,1837.0,1837.0,1838.0,1840.0,1842.0,1844.0,1844.0,1844.0,1844.0,1844.0,1844.0,1846.0,1846.0,1847.0,1847.0,1849.0,1850.0,1851.0,1851.0,1851.0,1853.0,1856.0,1856.0,1857.0,1857.0,1857.0,1857.0,1857.0,1857.0,1859.0,1859.0,1860.0,1860.0,1860.0,1861.0,1861.0,1861.0,1861.0,1863.0,1864.0,1864.0,1864.0,1864.0,1864.0,1864.0,1864.0,1864.0,1865.0,1865.0,1866.0,1866.0,1867.0,1869.0,1869.0,1870.0,1870.0,1870.0,1871.0,1871.0,1872.0,1872.0,1872.0,1872.0,1872.0,1872.0,1872.0,1872.0,1872.0,1873.0,1873.0,1873.0,1873.0,1873.0,1873.0,1873.0,1875
k3wsDC5tlOg,3336.0,3336.0,3345.0,3351.0,3355.0,3361.0,3363.0,3364.0,3367.0,3369.0,3372.0,3373.0,3373.0,3373.0,3374.0,3378.0,3379.0,3385.0,3385.0,3385.0,3385.0,3385.0,3385.0,3385.0,3388.0,3388.0,3390.0,3391.0,3393.0,3393.0,3394.0,3395.0,3395.0,3397.0,3397.0,3399.0,3402.0,3406.0,3409.0,3411.0,3413.0,3416.0,3417.0,3417.0,3420.0,3425.0,3426.0,3426.0,3428.0,3429.0,3429.0,3429.0,3436.0,3437.0,3439.0,3442.0,3448.0,3450.0,3456.0,3458.0,3463.0,3467.0,3470.0,3470.0,3470.0,3471.0,3473.0,3473.0,3473.0,3474.0,3474.0,3475.0,3476.0,3477.0,3477.0,3478.0,3478.0,3481.0,3481.0,3482.0,3486.0,3489.0,3489.0,3491.0,3494.0,3496.0,3497.0,3499.0,3500.0,3501.0,3501.0,3501.0,3503.0,3508.0,3512.0,3514.0,3515.0,3516.0,3519.0,3521.0,3523.0,3526.0,3527.0,3527.0,3528.0,3529.0,3530.0,3532.0,3535.0,3537.0,3537.0,3539.0,3539.0,3540.0,3540.0,3541.0,3542.0,3544.0,3548.0,3552.0,3554.0,3556.0,3558.0,3562.0,3564.0,3567.0,3570.0,3572.0,3573.0,3574.0,3574.0,3574.0,3574.0,3575.0,,,,,,,,,3591.0,3591.0,3593.0,3599.0,3601.0,3606.0,3607.0,3609.0,3610.0,3611.0,3612.0,3613.0,3613.0,3613.0,3614.0,3616.0,3619.0,3619.0,3620.0,3623.0,3625.0,3629.0,3631.0,3634.0,3636.0,3639.0,3640.0,3642.0,3643.0,3644.0,3644.0,3644.0,3645.0,3646.0,3646.0,3649.0,3649.0,3649.0,3652.0,3653.0,3653.0,3659.0,3660.0,3660.0,3661.0,3663.0,3663.0,3664.0,3664.0,3666.0,3668.0,3670.0,3671.0,3672.0,3674.0,3676.0,3677.0,3678.0,3679.0,3679.0,3680.0,3681.0,3682.0,3684.0,3684.0,3685.0,3688.0,3692.0,3693.0,3692.0,3698.0,3698.0,3701.0,3703.0,3706.0,3706.0,3706.0,3708.0,3709.0,3713.0,3713.0,3714.0,3716.0,3718.0,3719.0,3721.0,3722.0,3724.0,3726.0,3729.0,3730.0,3732.0,3732.0,3734.0,3735.0,3736.0,3738.0,3740.0,3741.0,3743.0,3744.0,3745.0,3746.0,3746.0,3747.0,3748.0,3749.0,3749.0,3750.0,3750.0,3751.0,3753.0,3754.0,3755.0,3756.0,3758.0,3761.0,3762.0,3766.0,3766.0,3766.0,,3769.0,3769.0,3771.0,3773.0,3775.0,3777.0,3778.0,3778.0,3778.0,3779.0,3779.0,3779.0,3780.0,3781.0,3785.0,3787.0,3788.0,3788.0,3788.0,3789.0,3795.0,3796.0,3796.0,3796.0,3797.0,3797.0,3798.0,3798.0,3799.0,3800.0,3808.0,3808.0,3810.0,3811.0,3814.0,3815.0,3818.0,3820.0,3820.0,3822.0,3822.0,3824.0,3825.0,3827.0,3828.0,3828.0,3828.0,3829.0,3830.0,3831.0,3831.0,3835.0,3836.0,3836.0,3836.0,3841.0,3846.0,3849.0,3852.0,3855.0,3858.0,3858.0,3860.0,3860.0,3864.0,3864.0,3866.0,3867.0,3868.0,3871.0,3873.0,3874.0,3876.0,3877.0,3880.0,3881.0,3883.0,3885.0,3885.0,3886.0,3891.0,3892.0,3892.0,3893.0,3893.0,3894.0,3895.0,3896.0,3898.0,3899.0,3901.0,3904.0,3907.0,3909.0,3910.0,3910.0,3911.0,3913.0,3914.0,3914.0,3914.0,3914.0,3915.0,3917.0,3920.0,3921.0,3921.0,3923.0,3923.0,3925.0,3926.0,3927.0,3929.0,3936
CfAPM3ewzfI,1613.0,1613.0,1613.0,1613.0,1614.0,1614.0,1614.0,1614.0,1615.0,1616.0,1616.0,1616.0,1616.0,1616.0,1616.0,1616.0,1616.0,1618.0,1618.0,1618.0,1618.0,1618.0,1618.0,1618.0,1618.0,1619.0,1621.0,1621.0,1622.0,1622.0,1624.0,1628.0,1628.0,1630.0,1631.0,1634.0,1637.0,1639.0,1640.0,1641.0,1642.0,1643.0,1645.0,1645.0,1648.0,1649.0,1649.0,1650.0,1651.0,1651.0,1653.0,1653.0,1655.0,1657.0,1657.0,1659.0,1660.0,1660.0,1660.0,1661.0,1664.0,1664.0,1664.0,1664.0,1664.0,1664.0,1664.0,1664.0,1665.0,1665.0,1665.0,1665.0,1667.0,1669.0,1669.0,1670.0,1670.0,1670.0,1671.0,1673.0,1674.0,1674.0,1674.0,1675.0,1675.0,1676.0,1678.0,1679.0,1680.0,1680.0,1680.0,1681.0,1682.0,1684.0,1685.0,1685.0,1685.0,1685.0,1686.0,1687.0,1690.0,1690.0,1690.0,1690.0,1692.0,1692.0,1692.0,1692.0,1692.0,1694.0,1694.0,1696.0,1696.0,1696.0,1696.0,1696.0,1697.0,1700.0,1701.0,1702.0,1702.0,1702.0,1702.0,1702.0,1703.0,1705.0,1706.0,1706.0,1707.0,1707.0,1708.0,1709.0,1709.0,1709.0,,,,,,,,,1715.0,1715.0,1715.0,1715.0,1716.0,1716.0,1716.0,1717.0,1718.0,1718.0,1719.0,1719.0,1719.0,1719.0,1719.0,1720.0,1720.0,1721.0,1721.0,1723.0,1723.0,1723.0,1724.0,1724.0,1724.0,1724.0,1724.0,1724.0,1724.0,1724.0,1724.0,1724.0,1724.0,1724.0,1724.0,1724.0,1724.0,1725.0,1725.0,1725.0,1726.0,1725.0,1726.0,1727.0,1727.0,1727.0,1728.0,1729.0,1729.0,1730.0,1731.0,1731.0,1731.0,1731.0,1731.0,1731.0,1731.0,1732.0,1733.0,1733.0,1733.0,1734.0,1735.0,1735.0,1736.0,1736.0,1736.0,1738.0,1738.0,1738.0,1738.0,1738.0,1740.0,1740.0,1740.0,1741.0,1741.0,1743.0,1743.0,1746.0,1747.0,1747.0,1747.0,1747.0,1751.0,1752.0,1753.0,1753.0,1754.0,1754.0,1754.0,1754.0,1754.0,1754.0,1754.0,1755.0,1755.0,1756.0,1759.0,1759.0,1762.0,1762.0,1762.0,1762.0,1762.0,1762.0,1762.0,1763.0,1763.0,1764.0,1764.0,1764.0,1764.0,1765.0,1765.0,1766.0,1766.0,1766.0,1766.0,1766.0,1766.0,,1768.0,1769.0,1770.0,1770.0,1770.0,1770.0,1770.0,1770.0,1770.0,1771.0,1771.0,1771.0,1771.0,1773.0,1774.0,1774.0,1774.0,1774.0,1776.0,1776.0,1776.0,1777.0,1778.0,1779.0,1779.0,1780.0,1780.0,1780.0,1780.0,1781.0,1781.0,1781.0,1781.0,1781.0,1781.0,1781.0,1782.0,1783.0,1783.0,1783.0,1783.0,1784.0,1786.0,1786.0,1786.0,1786.0,1786.0,1786.0,1786.0,1786.0,1786.0,1787.0,1787.0,1787.0,1787.0,1788.0,1788.0,1788.0,1789.0,1790.0,1790.0,1790.0,1790.0,1790.0,1790.0,1790.0,1790.0,1790.0,1790.0,1791.0,1791.0,1791.0,1791.0,1791.0,1791.0,1791.0,1792.0,1792.0,1792.0,1793.0,1793.0,1793.0,1793.0,1793.0,1793.0,1793.0,1793.0,1793.0,1793.0,1795.0,1796.0,1797.0,1797.0,1797.0,1797.0,1797.0,1797.0,1798.0,1798.0,1798.0,1798.0,1798.0,1798.0,1798.0,1800.0,1800.0,1800.0,1800.0,1800.0,1800.0,1802.0,1802.0,1802.0,1803
jAykPEEoPpk,3272.0,3272.0,3273.0,3275.0,3275.0,3275.0,3277.0,3277.0,3278.0,3279.0,3280.0,3281.0,3281.0,3282.0,3282.0,3283.0,3283.0,3284.0,3285.0,3286.0,3286.0,3286.0,3287.0,3289.0,3291.0,3292.0,3293.0,3294.0,3294.0,3294.0,3294.0,3299.0,3300.0,3300.0,3301.0,3304.0,3307.0,3310.0,3310.0,3310.0,3311.0,3311.0,3313.0,3313.0,3314.0,3315.0,3315.0,3315.0,3317.0,3317.0,3318.0,3318.0,3320.0,3322.0,3323.0,3325.0,3328.0,3328.0,3329.0,3330.0,3331.0,3333.0,3334.0,3334.0,3334.0,3336.0,3338.0,3338.0,3338.0,3340.0,3341.0,3341.0,3347.0,3347.0,3349.0,3352.0,3352.0,3352.0,3353.0,3353.0,3353.0,3353.0,3354.0,3354.0,3354.0,3359.0,3361.0,3363.0,3363.0,3363.0,3363.0,3364.0,3365.0,3365.0,3367.0,3367.0,3367.0,3368.0,3368.0,3369.0,3371.0,3371.0,3372.0,3374.0,3375.0,3375.0,3375.0,3376.0,3376.0,3379.0,3379.0,3379.0,3379.0,3381.0,3381.0,3382.0,3384.0,3388.0,3390.0,3393.0,3395.0,3397.0,3398.0,3402.0,3403.0,3405.0,3406.0,3408.0,3409.0,3410.0,3410.0,3410.0,3410.0,3410.0,,,,,,,,,3423.0,3423.0,3424.0,3425.0,3428.0,3429.0,3430.0,3431.0,3431.0,3431.0,3434.0,3435.0,3436.0,3437.0,3438.0,3439.0,3440.0,3442.0,3443.0,3444.0,3444.0,3444.0,3444.0,3444.0,3444.0,3444.0,3444.0,3444.0,3445.0,3446.0,3447.0,3447.0,3447.0,3447.0,3448.0,3449.0,3449.0,3449.0,3449.0,3450.0,3450.0,3450.0,3454.0,3455.0,3456.0,3457.0,3457.0,3458.0,3459.0,3460.0,3462.0,3463.0,3463.0,3465.0,3465.0,3466.0,3467.0,3469.0,3470.0,3470.0,3470.0,3471.0,3471.0,3472.0,3474.0,3474.0,3475.0,3477.0,3477.0,3479.0,3479.0,3479.0,3479.0,3479.0,3480.0,3482.0,3483.0,3487.0,3488.0,3492.0,3493.0,3496.0,3498.0,3499.0,3501.0,3504.0,3504.0,3504.0,3506.0,3510.0,3511.0,3512.0,3513.0,3513.0,3513.0,3516.0,3516.0,3517.0,3519.0,3522.0,3522.0,3522.0,3523.0,3523.0,3524.0,3527.0,3528.0,3529.0,3529.0,3530.0,3530.0,3531.0,3531.0,3531.0,3531.0,3532.0,3533.0,3535.0,3535.0,3536.0,3537.0,,3540.0,3540.0,3541.0,3541.0,3542.0,3543.0,3543.0,3544.0,3544.0,3545.0,3545.0,3546.0,3547.0,3549.0,3549.0,3550.0,3550.0,3550.0,3552.0,3552.0,3552.0,3554.0,3557.0,3557.0,3557.0,3557.0,3557.0,3558.0,3560.0,3562.0,3562.0,3563.0,3564.0,3564.0,3567.0,3567.0,3568.0,3570.0,3572.0,3573.0,3575.0,3577.0,3578.0,3578.0,3579.0,3579.0,3579.0,3580.0,3580.0,3582.0,3584.0,3588.0,3589.0,3589.0,3590.0,3591.0,3594.0,3594.0,3595.0,3596.0,3597.0,3597.0,3597.0,3600.0,3603.0,3603.0,3603.0,3605.0,3605.0,3606.0,3606.0,3607.0,3610.0,3612.0,3612.0,3612.0,3617.0,3618.0,3618.0,3619.0,3619.0,3621.0,3622.0,3622.0,3622.0,3623.0,3623.0,3623.0,3624.0,3627.0,3627.0,3628.0,3631.0,3631.0,3632.0,3632.0,3632.0,3634.0,3635.0,3636.0,3637.0,3638.0,3638.0,3640.0,3641.0,3641.0,3644.0,3644.0,3644.0,3644.0,3645.0,3645.0,3647.0,3648
2UTGu7xM6js,8182.0,8186.0,8191.0,8199.0,8210.0,8222.0,8234.0,8244.0,8263.0,8276.0,8286.0,8296.0,8305.0,8309.0,8322.0,8333.0,8345.0,8354.0,8361.0,8370.0,8384.0,8394.0,8404.0,8410.0,8423.0,8425.0,8430.0,8439.0,8447.0,8456.0,8467.0,8472.0,8478.0,8486.0,8490.0,8503.0,8508.0,8517.0,8524.0,8534.0,8543.0,8551.0,8560.0,8565.0,8578.0,8584.0,8593.0,8598.0,8604.0,8613.0,8625.0,8633.0,8640.0,8647.0,8656.0,8670.0,8678.0,8688.0,8698.0,8710.0,8719.0,8727.0,8736.0,8744.0,8757.0,8763.0,8768.0,8781.0,8786.0,8790.0,8792.0,8798.0,8804.0,8809.0,8812.0,8821.0,8824.0,8836.0,8840.0,8849.0,8858.0,8865.0,8869.0,8877.0,8882.0,8886.0,8896.0,8902.0,8906.0,8912.0,8914.0,8918.0,8920.0,8924.0,8933.0,8939.0,8948.0,8956.0,8966.0,8974.0,8982.0,8990.0,8994.0,8997.0,9005.0,9010.0,9015.0,9020.0,9029.0,9031.0,9035.0,9043.0,9053.0,9062.0,9066.0,9071.0,9074.0,9082.0,9087.0,9099.0,9109.0,9114.0,9122.0,9133.0,9137.0,9151.0,9160.0,9166.0,9178.0,9189.0,9197.0,9211.0,9221.0,9234.0,,,,,,,,,9305.0,9311.0,9324.0,9328.0,9331.0,9342.0,9351.0,9355.0,9359.0,9366.0,9382.0,9393.0,9402.0,9405.0,9411.0,9418.0,9423.0,9427.0,9430.0,9436.0,9449.0,9463.0,9471.0,9479.0,9487.0,9496.0,9501.0,9509.0,9512.0,9519.0,9523.0,9530.0,9541.0,9549.0,9555.0,9566.0,9573.0,9584.0,9592.0,9601.0,9612.0,9615.0,9623.0,9627.0,9633.0,9642.0,9645.0,9647.0,9656.0,9669.0,9674.0,9681.0,9683.0,9696.0,9709.0,9725.0,9730.0,9733.0,9736.0,9739.0,9745.0,9755.0,9769.0,9772.0,9777.0,9782.0,9791.0,9798.0,9803.0,9812.0,9816.0,9820.0,9825.0,9831.0,9845.0,9848.0,9858.0,9865.0,9869.0,9874.0,9880.0,9882.0,9889.0,9893.0,9897.0,9898.0,9900.0,9904.0,9914.0,9920.0,9924.0,9925.0,9927.0,9933.0,9939.0,9943.0,9944.0,9944.0,9945.0,9951.0,9952.0,9959.0,9963.0,9966.0,9966.0,9970.0,9973.0,9978.0,9983.0,9987.0,9990.0,9997.0,9999.0,10001.0,10003.0,10010.0,10013.0,10019.0,10026.0,10031.0,10036.0,,10041.0,10043.0,10045.0,10046.0,10048.0,10051.0,10055.0,10067.0,10072.0,10074.0,10080.0,10080.0,10083.0,10087.0,10089.0,10090.0,10092.0,10094.0,10095.0,10097.0,10097.0,10099.0,10100.0,10103.0,10105.0,10106.0,10110.0,10115.0,10117.0,10122.0,10125.0,10128.0,10130.0,10133.0,10136.0,10145.0,10150.0,10152.0,10154.0,10155.0,10157.0,10160.0,10160.0,10160.0,10163.0,10164.0,10166.0,10166.0,10167.0,10167.0,10167.0,10169.0,10170.0,10171.0,10172.0,10173.0,10174.0,10175.0,10176.0,10178.0,10181.0,10182.0,10184.0,10186.0,10186.0,10188.0,10188.0,10190.0,10190.0,10192.0,10194.0,10194.0,10194.0,10194.0,10194.0,10196.0,10198.0,10198.0,10198.0,10199.0,10201.0,10204.0,10206.0,10207.0,10208.0,10209.0,10211.0,10211.0,10211.0,10213.0,10213.0,10214.0,10225.0,10227.0,10227.0,10228.0,10228.0,10231.0,10235.0,10238.0,10243.0,10244.0,10246.0,10248.0,10251.0,10256.0,10258.0,10260.0,10263.0,10265.0,10265.0,10266.0,10268.0,10268
lpIK5-gWark,136032.0,136051.0,136090.0,136117.0,136140.0,136178.0,136208.0,136238.0,136283.0,136314.0,136340.0,136367.0,136389.0,136407.0,136433.0,136447.0,136470.0,136481.0,136497.0,136507.0,136533.0,136549.0,136563.0,136575.0,136594.0,136621.0,136638.0,136660.0,136683.0,136711.0,136728.0,136741.0,136761.0,136782.0,136805.0,136818.0,136836.0,136856.0,136871.0,136879.0,136898.0,136921.0,136951.0,136975.0,136999.0,137016.0,137029.0,137043.0,137056.0,137089.0,137101.0,137135.0,137160.0,137185.0,137207.0,137248.0,137273.0,137305.0,137325.0,137345.0,137369.0,137387.0,137409.0,137431.0,137455.0,137485.0,137508.0,137526.0,137539.0,137562.0,137578.0,137598.0,137611.0,137623.0,137644.0,137664.0,137701.0,137735.0,137754.0,137771.0,137791.0,137813.0,137839.0,137868.0,137894.0,137905.0,137925.0,137955.0,137983.0,138006.0,138024.0,138044.0,138063.0,138075.0,138099.0,138117.0,138139.0,138163.0,138178.0,138200.0,138215.0,138234.0,138256.0,138273.0,138294.0,138318.0,138335.0,138355.0,138379.0,138394.0,138407.0,138422.0,138444.0,138482.0,138496.0,138515.0,138536.0,138554.0,138583.0,138618.0,138636.0,138653.0,138665.0,138679.0,138700.0,138729.0,138755.0,138779.0,138790.0,138806.0,138832.0,138853.0,138874.0,138895.0,,,,,,,,,139068.0,139072.0,139089.0,139108.0,139128.0,139141.0,139154.0,139163.0,139179.0,139194.0,139216.0,139225.0,139239.0,139253.0,139275.0,139280.0,139291.0,139306.0,139325.0,139341.0,139355.0,139391.0,139414.0,139427.0,139440.0,139452.0,139472.0,139482.0,139492.0,139511.0,139526.0,139539.0,139547.0,139555.0,139562.0,139581.0,139593.0,139599.0,139611.0,139630.0,139643.0,139649.0,139664.0,139680.0,139699.0,139708.0,139721.0,139734.0,139749.0,139757.0,139772.0,139785.0,139804.0,139814.0,139828.0,139839.0,139846.0,139862.0,139875.0,139891.0,139908.0,139930.0,139943.0,139952.0,139957.0,139977.0,139988.0,140002.0,140010.0,140022.0,140041.0,140045.0,140062.0,140082.0,140093.0,140103.0,140121.0,140143.0,140165.0,140178.0,140196.0,140207.0,140225.0,140243.0,140260.0,140274.0,140292.0,140328.0,140352.0,140364.0,140376.0,140408.0,140443.0,140452.0,140466.0,140481.0,140495.0,140506.0,140532.0,140553.0,140564.0,140583.0,140595.0,140616.0,140634.0,140657.0,140668.0,140683.0,140697.0,140719.0,140752.0,140762.0,140775.0,140792.0,140806.0,140817.0,140833.0,140849.0,140865.0,140876.0,140887.0,,140913.0,140923.0,140943.0,140954.0,140966.0,140977.0,140991.0,141008.0,141018.0,141043.0,141056.0,141070.0,141082.0,141098.0,141109.0,141118.0,141130.0,141142.0,141152.0,141165.0,141178.0,141190.0,141202.0,141211.0,141230.0,141248.0,141264.0,141282.0,141299.0,141308.0,141324.0,141335.0,141347.0,141355.0,141371.0,141388.0,141397.0,141411.0,141421.0,141426.0,141434.0,141442.0,141455.0,141475.0,141487.0,141502.0,141519.0,141530.0,141541.0,141555.0,141570.0,141591.0,141606.0,141620.0,141627.0,141631.0,141647.0,141660.0,141671.0,141681.0,141694.0,141711.0,141728.0,141739.0,141758.0,141769.0,141787.0,141800.0,141814.0,141827.0,141847.0,141861.0,141871.0,141882.0,141896.0,141910.0,141920.0,141952.0,141962.0,141978.0,141994.0,142003.0,142021.0,142035.0,142050.0,142067.0,142076.0,142087.0,142097.0,142115.0,142127.0,142142.0,142162.0,142181.0,142212.0,142228.0,142251.0,142274.0,142289.0,142307.0,142321.0,142338.0,142354.0,142362.0,142375.0,142396.0,142404.0,142419.0,142427.0,142443.0,142457.0,142469.0,142480.0,142485
wQlHg2V02R0,871.0,871.0,872.0,872.0,872.0,873.0,873.0,873.0,873.0,873.0,873.0,873.0,873.0,874.0,874.0,875.0,875.0,876.0,876.0,876.0,876.0,876.0,876.0,877.0,877.0,877.0,877.0,877.0,877.0,878.0,878.0,879.0,879.0,879.0,879.0,879.0,879.0,879.0,880.0,880.0,880.0,880.0,880.0,880.0,880.0,880.0,881.0,881.0,881.0,881.0,881.0,883.0,883.0,883.0,883.0,883.0,884.0,884.0,885.0,885.0,885.0,885.0,887.0,889.0,889.0,888.0,888.0,889.0,889.0,889.0,889.0,889.0,889.0,889.0,889.0,889.0,890.0,890.0,890.0,890.0,890.0,891.0,892.0,892.0,892.0,892.0,892.0,892.0,892.0,892.0,892.0,893.0,893.0,893.0,893.0,893.0,893.0,893.0,893.0,893.0,893.0,894.0,894.0,894.0,894.0,894.0,894.0,897.0,897.0,898.0,899.0,899.0,899.0,899.0,899.0,899.0,899.0,899.0,899.0,899.0,899.0,899.0,899.0,899.0,899.0,899.0,900.0,900.0,900.0,900.0,900.0,900.0,900.0,900.0,,,,,,,,,905.0,906.0,906.0,906.0,907.0,908.0,908.0,908.0,908.0,908.0,908.0,908.0,908.0,908.0,908.0,908.0,908.0,908.0,908.0,909.0,909.0,909.0,910.0,910.0,910.0,910.0,910.0,910.0,910.0,910.0,911.0,911.0,911.0,911.0,911.0,911.0,913.0,913.0,913.0,913.0,913.0,913.0,913.0,913.0,915.0,915.0,915.0,919.0,920.0,920.0,920.0,920.0,920.0,920.0,920.0,921.0,921.0,921.0,921.0,921.0,921.0,921.0,921.0,921.0,921.0,921.0,921.0,921.0,921.0,921.0,921.0,921.0,921.0,921.0,921.0,921.0,921.0,921.0,921.0,921.0,921.0,921.0,921.0,921.0,921.0,921.0,921.0,921.0,921.0,921.0,922.0,922.0,922.0,922.0,922.0,925.0,925.0,925.0,925.0,925.0,925.0,925.0,927.0,928.0,928.0,928.0,928.0,929.0,929.0,929.0,929.0,929.0,929.0,929.0,929.0,929.0,929.0,929.0,929.0,929.0,929.0,,929.0,929.0,930.0,931.0,932.0,933.0,936.0,936.0,936.0,936.0,936.0,937.0,937.0,937.0,937.0,939.0,939.0,939.0,939.0,940.0,940.0,940.0,942.0,942.0,942.0,942.0,942.0,942.0,942.0,943.0,943.0,943.0,945.0,945.0,945.0,945.0,945.0,945.0,945.0,948.0,948.0,948.0,948.0,948.0,948.0,948.0,948.0,948.0,948.0,948.0,948.0,948.0,948.0,948.0,948.0,948.0,948.0,948.0,948.0,949.0,949.0,949.0,949.0,949.0,949.0,949.0,949.0,949.0,949.0,949.0,949.0,949.0,949.0,949.0,949.0,950.0,950.0,950.0,950.0,951.0,952.0,952.0,955.0,956.0,956.0,956.0,958.0,958.0,958.0,958.0,959.0,959.0,959.0,959.0,959.0,959.0,959.0,960.0,960.0,961.0,961.0,962.0,962.0,962.0,962.0,962.0,962.0,962.0,962.0,962.0,962.0,962.0,962.0,962
4ZPlFKH5gjg,304825.0,304980.0,305126.0,305289.0,305412.0,305552.0,305672.0,305868.0,305987.0,306167.0,306293.0,306460.0,306603.0,306715.0,306874.0,307026.0,307230.0,307373.0,307489.0,307661.0,307837.0,307984.0,308126.0,308266.0,308545.0,308742.0,308942.0,309141.0,309356.0,309596.0,309883.0,310151.0,310366.0,310600.0,310856.0,311123.0,311474.0,311702.0,311982.0,312269.0,312517.0,312780.0,313029.0,313335.0,314346.0,316132.0,317567.0,319024.0,320332.0,321677.0,322840.0,324009.0,324948.0,325850.0,326740.0,327577.0,328368.0,329122.0,329861.0,330579.0,331328.0,332026.0,332661.0,333112.0,333772.0,334285.0,334825.0,335236.0,335692.0,336280.0,336747.0,337207.0,337608.0,338018.0,338387.0,338901.0,339313.0,339702.0,340099.0,340456.0,340895.0,341184.0,341554.0,342021.0,342391.0,342768.0,343082.0,343461.0,343849.0,344197.0,344555.0,344920.0,345282.0,345593.0,345987.0,346344.0,346681.0,346990.0,347301.0,347597.0,347958.0,348358.0,348690.0,349038.0,349349.0,349618.0,349933.0,350229.0,350541.0,350875.0,351146.0,351451.0,351707.0,351969.0,352191.0,352467.0,352713.0,352859.0,353102.0,353339.0,353595.0,353790.0,354040.0,354299.0,354489.0,354763.0,354977.0,355234.0,355507.0,355693.0,355922.0,356136.0,356413.0,356598.0,,,,,,,,,358809.0,359109.0,359405.0,359657.0,359876.0,360131.0,360326.0,360614.0,360813.0,360992.0,361198.0,361395.0,361600.0,361820.0,362045.0,362248.0,362437.0,362615.0,362813.0,362968.0,363143.0,363342.0,363520.0,363737.0,363881.0,364126.0,364328.0,364492.0,364675.0,364911.0,365079.0,365320.0,365536.0,365730.0,365939.0,366199.0,366414.0,366620.0,366886.0,367139.0,367352.0,367557.0,367710.0,367899.0,368083.0,368265.0,368469.0,368673.0,368886.0,369068.0,369250.0,369431.0,369601.0,369833.0,370055.0,370243.0,370455.0,370641.0,370799.0,370978.0,371154.0,371312.0,371457.0,371629.0,371799.0,371958.0,372132.0,372276.0,372422.0,372569.0,372710.0,372870.0,373006.0,373188.0,373431.0,373573.0,373731.0,373888.0,374042.0,374217.0,374367.0,374517.0,374646.0,374828.0,375000.0,375171.0,375328.0,375476.0,375596.0,375720.0,375871.0,376030.0,376162.0,376294.0,376459.0,376607.0,376755.0,376918.0,377034.0,377152.0,377288.0,377406.0,377559.0,377732.0,377890.0,378038.0,378214.0,378385.0,378560.0,378714.0,378873.0,379006.0,379187.0,379375.0,379514.0,379714.0,379886.0,380031.0,380190.0,380359.0,380575.0,,380938.0,381093.0,381252.0,381442.0,381636.0,381773.0,381964.0,382082.0,382213.0,382361.0,382508.0,382676.0,382886.0,383062.0,383204.0,383380.0,383529.0,383713.0,383862.0,384018.0,384143.0,384266.0,384381.0,384515.0,384645.0,384780.0,384923.0,385074.0,385178.0,385266.0,385395.0,385513.0,385656.0,385795.0,385917.0,386055.0,386148.0,386303.0,386401.0,386523.0,386690.0,386830.0,387005.0,387153.0,387310.0,387487.0,387636.0,387834.0,387972.0,388138.0,388272.0,388411.0,388562.0,388690.0,388821.0,389017.0,389157.0,389294.0,389426.0,389549.0,389694.0,389866.0,389972.0,390114.0,390271.0,390417.0,390579.0,390699.0,390811.0,390951.0,391083.0,391212.0,391372.0,391508.0,391653.0,391819.0,391987.0,392142.0,392257.0,392381.0,392510.0,392634.0,392786.0,392905.0,393013.0,393159.0,393306.0,393480.0,393627.0,393739.0,393885.0,394015.0,394153.0,394260.0,394376.0,394494.0,394609.0,394736.0,394846.0,394992.0,395135.0,395249.0,395415.0,395561.0,395690.0,395814.0,395970.0,396093.0,396212.0,396399.0,396509.0,396645.0,396747.0,396859
YlNQFvpjwYU,771947.0,772187.0,772487.0,772838.0,773171.0,773543.0,773786.0,774103.0,774415.0,774835.0,775199.0,775487.0,775727.0,776006.0,776322.0,776620.0,776885.0,777193.0,777482.0,777793.0,778174.0,778511.0,778823.0,779101.0,779415.0,779691.0,779932.0,780198.0,780441.0,780697.0,780928.0,781265.0,781548.0,781802.0,782114.0,782384.0,782661.0,782923.0,783169.0,783453.0,783795.0,784103.0,784422.0,784681.0,785018.0,785300.0,785517.0,785781.0,786076.0,786350.0,786561.0,786778.0,787067.0,787288.0,787651.0,787895.0,788210.0,788492.0,788742.0,789079.0,789382.0,789676.0,790034.0,790310.0,790595.0,790836.0,791099.0,791429.0,791652.0,791968.0,792246.0,792562.0,792808.0,793056.0,793346.0,793615.0,793849.0,794159.0,794474.0,794751.0,795028.0,795296.0,795608.0,795934.0,796256.0,796647.0,796979.0,797249.0,797633.0,797782.0,798202.0,798446.0,798821.0,799198.0,799573.0,799836.0,800205.0,800531.0,800863.0,801208.0,801475.0,801795.0,802067.0,802330.0,802661.0,803004.0,803307.0,803614.0,803879.0,804172.0,804474.0,804811.0,805106.0,805428.0,805789.0,806063.0,806385.0,806673.0,806949.0,807240.0,807528.0,807783.0,808035.0,808259.0,808521.0,808752.0,808972.0,809185.0,809424.0,809620.0,809854.0,810092.0,810338.0,810580.0,,,,,,,,,812647.0,812879.0,813083.0,813333.0,813603.0,813816.0,814079.0,814315.0,814639.0,814945.0,815249.0,815504.0,815800.0,816045.0,816314.0,816576.0,816812.0,817082.0,817342.0,817643.0,817882.0,818089.0,818312.0,818535.0,818779.0,818990.0,819237.0,819429.0,819707.0,819991.0,820336.0,820687.0,821030.0,821331.0,821623.0,821890.0,822184.0,822426.0,822713.0,823037.0,823353.0,823640.0,823914.0,824154.0,824438.0,824730.0,825010.0,825291.0,825617.0,825904.0,826157.0,826480.0,826730.0,827007.0,827310.0,827589.0,827822.0,828070.0,828427.0,828700.0,828986.0,829334.0,829534.0,829789.0,830069.0,830334.0,830641.0,830914.0,831325.0,831635.0,831917.0,832181.0,832483.0,832800.0,833073.0,833374.0,833641.0,833901.0,834144.0,834446.0,834710.0,834894.0,835190.0,835491.0,835732.0,835989.0,836296.0,836535.0,836818.0,837086.0,837415.0,837736.0,838010.0,838298.0,838580.0,838852.0,839164.0,839419.0,839644.0,839905.0,840163.0,840443.0,840680.0,840963.0,841234.0,841495.0,841765.0,842036.0,842316.0,842621.0,842919.0,843186.0,843455.0,843671.0,843957.0,844216.0,844460.0,844724.0,845009.0,845263.0,845517.0,,846067.0,846378.0,846735.0,846976.0,847199.0,847417.0,847641.0,847905.0,848190.0,848480.0,848760.0,849006.0,849267.0,849527.0,849788.0,850038.0,850313.0,850604.0,850934.0,851180.0,851485.0,851847.0,852111.0,852375.0,852641.0,852941.0,853181.0,853400.0,853661.0,853915.0,854194.0,854423.0,854666.0,854904.0,855176.0,855424.0,855704.0,855989.0,856293.0,856545.0,856826.0,857084.0,857326.0,857566.0,857872.0,858138.0,858379.0,858594.0,858803.0,859049.0,859329.0,859602.0,859889.0,860130.0,860325.0,860568.0,860822.0,861081.0,861392.0,861629.0,861918.0,862122.0,862357.0,862658.0,862931.0,863202.0,863464.0,863718.0,863938.0,,864472.0,864762.0,865063.0,865358.0,865652.0,865898.0,866164.0,866420.0,866662.0,866907.0,867178.0,867467.0,867722.0,867994.0,868281.0,868535.0,868779.0,869032.0,869296.0,869549.0,869798.0,870061.0,870308.0,870526.0,870776.0,870987.0,871214.0,871455.0,871717.0,871951.0,872172.0,872415.0,872628.0,872855.0,873073.0,873363.0,873593.0,873895.0,874142.0,874359.0,874519.0,874780.0,875029.0,875229
UPK6Xcx8Ei8,2517.0,2517.0,2517.0,2517.0,2520.0,2522.0,2522.0,2522.0,2524.0,2527.0,2528.0,2528.0,2530.0,2530.0,2532.0,2532.0,2533.0,2533.0,2534.0,2534.0,2534.0,2535.0,2535.0,2537.0,2537.0,2539.0,2539.0,2539.0,2539.0,2541.0,2541.0,2541.0,2541.0,2541.0,2544.0,2544.0,2544.0,2544.0,2544.0,2545.0,2545.0,2545.0,2546.0,2546.0,2547.0,2547.0,2549.0,2552.0,2552.0,2551.0,2553.0,2553.0,2553.0,2553.0,2554.0,2554.0,2555.0,2555.0,2555.0,2556.0,2555.0,2555.0,2555.0,2555.0,2556.0,2557.0,2557.0,2558.0,2558.0,2560.0,2560.0,2560.0,2561.0,2561.0,2561.0,2561.0,2561.0,2561.0,2561.0,2563.0,2565.0,2565.0,2567.0,2565.0,2565.0,2565.0,2566.0,2567.0,2567.0,2567.0,2567.0,2568.0,2570.0,2571.0,2571.0,2574.0,2575.0,2577.0,2578.0,2578.0,2578.0,2578.0,2579.0,2580.0,2583.0,2585.0,2588.0,2588.0,2588.0,2590.0,2591.0,2591.0,2592.0,2592.0,2592.0,2593.0,2594.0,2594.0,2595.0,2595.0,2595.0,2595.0,2595.0,2596.0,2598.0,2598.0,2598.0,2598.0,2598.0,2599.0,2600.0,2600.0,2600.0,2601.0,,,,,,,,,2602.0,2602.0,2602.0,2602.0,2602.0,2602.0,2602.0,2602.0,2602.0,2602.0,2602.0,2602.0,2602.0,2602.0,2603.0,2605.0,2605.0,2606.0,2608.0,2608.0,2609.0,2609.0,2609.0,2609.0,2610.0,2610.0,2610.0,2612.0,2612.0,2613.0,2616.0,2617.0,2617.0,2617.0,2618.0,2620.0,2620.0,2623.0,2625.0,2625.0,2625.0,2626.0,2626.0,2626.0,2626.0,2626.0,2626.0,2626.0,2627.0,2627.0,2628.0,2628.0,2629.0,2630.0,2630.0,2631.0,2632.0,2632.0,2632.0,2634.0,2637.0,2637.0,2638.0,2639.0,2640.0,2641.0,2642.0,2643.0,2643.0,2644.0,2644.0,2645.0,2646.0,2647.0,2648.0,2649.0,2650.0,2650.0,2650.0,2650.0,2651.0,2651.0,2651.0,2651.0,2652.0,2652.0,2652.0,2652.0,2653.0,2654.0,2654.0,2656.0,2656.0,2658.0,2663.0,2665.0,2666.0,2666.0,2667.0,2667.0,2668.0,2671.0,2673.0,2674.0,2676.0,2676.0,2677.0,2678.0,2679.0,2680.0,2681.0,2682.0,2683.0,2685.0,2687.0,2691.0,2694.0,2696.0,2698.0,2702.0,2703.0,,2708.0,2710.0,2711.0,2711.0,2713.0,2713.0,2714.0,2717.0,2721.0,2724.0,2728.0,2731.0,2733.0,2733.0,2733.0,2734.0,2735.0,2738.0,2740.0,2747.0,2750.0,2752.0,2754.0,2759.0,2762.0,2762.0,2765.0,2766.0,2768.0,2770.0,2771.0,2773.0,2776.0,2780.0,2784.0,2790.0,2792.0,2793.0,2794.0,2799.0,2802.0,2804.0,2806.0,2809.0,2813.0,2818.0,2826.0,2833.0,2839.0,2849.0,2855.0,2863.0,2874.0,2877.0,2881.0,2889.0,2891.0,2892.0,2898.0,2904.0,2907.0,2912.0,2915.0,2919.0,2921.0,2926.0,2935.0,2943.0,2949.0,2957.0,2964.0,2966.0,2975.0,2981.0,2991.0,2997.0,3005.0,3022.0,3026.0,3031.0,3036.0,3039.0,3044.0,3048.0,3053.0,3062.0,3065.0,3068.0,3072.0,3078.0,3082.0,3092.0,3108.0,3112.0,3118.0,3125.0,3131.0,3136.0,3142.0,3146.0,3152.0,3161.0,3166.0,3169.0,3176.0,3180.0,3184.0,3193.0,3197.0,3202.0,3205.0,3212.0,3216.0,3221
08WW7xpTNq4,2226282.0,2228531.0,2230689.0,2233104.0,2236343.0,2239392.0,2242057.0,2244808.0,2247408.0,2249326.0,2251325.0,2253382.0,2255730.0,2257995.0,2260291.0,2262829.0,2265635.0,2267938.0,2270756.0,2273659.0,2276366.0,2278918.0,2281204.0,2283129.0,2284975.0,2286712.0,2289004.0,2291125.0,2293218.0,2295560.0,2297472.0,2299048.0,2301181.0,2303373.0,2305659.0,2308094.0,2310502.0,2312487.0,2314188.0,2316324.0,2318541.0,2320767.0,2323351.0,2325504.0,2327458.0,2329029.0,2330835.0,2333007.0,2334992.0,2336955.0,2338949.0,2340700.0,2342379.0,2344314.0,2346325.0,2348101.0,2349963.0,2351835.0,2353612.0,2355268.0,2357182.0,2359187.0,2361453.0,2363631.0,2365900.0,2368262.0,2370416.0,2372838.0,2375003.0,2378046.0,2380777.0,2382981.0,2384999.0,2387100.0,2390045.0,2392875.0,2395632.0,2398221.0,2400890.0,2403003.0,2404406.0,2406629.0,2408527.0,2410636.0,2412823.0,2415489.0,2418044.0,2420524.0,2423482.0,2426283.0,2428983.0,2431619.0,2434690.0,2437107.0,2439273.0,2442294.0,2445211.0,2447678.0,2450303.0,2452860.0,2455169.0,2457224.0,2459723.0,2462037.0,2464280.0,2466734.0,2469527.0,2471928.0,2474291.0,2477504.0,2480227.0,2483235.0,2486688.0,2490133.0,2492976.0,2495551.0,2498324.0,2501536.0,2504539.0,2507771.0,2510342.0,2512819.0,2515230.0,2517390.0,2519581.0,2522088.0,2524429.0,2527196.0,2529506.0,2531596.0,2534816.0,2539450.0,2543889.0,2547419.0,,,,,,,,,2573054.0,2575521.0,2578114.0,2580448.0,2582896.0,2585568.0,2588140.0,2590192.0,2592519.0,2595122.0,2597895.0,2600527.0,2603476.0,2605948.0,2608292.0,2610575.0,2613211.0,2616090.0,2618821.0,2621350.0,2623792.0,2626413.0,2628669.0,2631271.0,2633993.0,2636567.0,2639259.0,2642097.0,2644436.0,2646597.0,2649003.0,2651953.0,2654598.0,2656961.0,2659563.0,2661729.0,2663649.0,2666036.0,2668462.0,2670770.0,2673281.0,2675790.0,2678043.0,2680234.0,2683210.0,2685872.0,2688671.0,2691457.0,2694236.0,2696563.0,2699057.0,2701952.0,2704954.0,2707949.0,2710529.0,2713241.0,2715420.0,2717178.0,2719490.0,2721616.0,2724198.0,2725971.0,2727969.0,2729959.0,2731795.0,2734181.0,2736495.0,2738803.0,2740838.0,2743078.0,2745133.0,2747248.0,2749579.0,2752020.0,2754230.0,2756612.0,2759093.0,2761953.0,2764079.0,2766264.0,2768463.0,2770906.0,2773460.0,2775701.0,2777720.0,2779428.0,2781217.0,2783048.0,2784900.0,2786614.0,2788767.0,2790176.0,2791869.0,2793755.0,2795490.0,2797242.0,2799186.0,2801154.0,2802879.0,2804379.0,2806429.0,2808456.0,2810418.0,2812163.0,2814051.0,2816017.0,2817656.0,2819702.0,2821898.0,2824308.0,2826251.0,2828753.0,2830364.0,2831753.0,2833113.0,2834137.0,2835235.0,2836963.0,2838760.0,2839992.0,2840881.0,,2843222.0,2844482.0,2845564.0,2846708.0,2847674.0,2848571.0,2849337.0,2850607.0,2851762.0,2853068.0,2854153.0,2855086.0,2855844.0,2857053.0,2858073.0,2859342.0,2860705.0,2861870.0,2862969.0,2863960.0,2865097.0,2866393.0,2867442.0,2868804.0,2870089.0,2871159.0,2872168.0,2873252.0,2874635.0,2875735.0,2876816.0,2878051.0,2879189.0,2880209.0,2881442.0,2882627.0,2883947.0,2885132.0,2886240.0,2887426.0,2888368.0,2889548.0,2890750.0,2891771.0,2892879.0,2893975.0,2895205.0,2896610.0,2898218.0,2899974.0,2902070.0,2904345.0,2906472.0,2908243.0,2910018.0,2911948.0,2913981.0,2916147.0,2918812.0,2921508.0,2923755.0,2925875.0,2928402.0,2931323.0,2934306.0,2936915.0,2938969.0,2940802.0,2942404.0,2944223.0,2946082.0,2948243.0,2950724.0,2953449.0,2956115.0,2958402.0,2961392.0,2964006.0,2966618.0,2968932.0,2971148.0,2973038.0,2974840.0,2977182.0,2979733.0,2982160.0,2984523.0,2986782.0,2988783.0,2990607.0,2992561.0,2994685.0,2996993.0,2999340.0,3001325.0,3002942.0,3004193.0,3006151.0,3007931.0,3009336.0,3010959.0,3012974.0,3014588.0,3016266.0,3018426.0,3020782.0,3023135.0,3025491.0,3027937.0,3029962.0,3031784.0,3033871.0,3035810.0,3037743
61IxbA5AJhA,70705.0,70717.0,70728.0,70748.0,70770.0,70787.0,70803.0,70821.0,70830.0,70852.0,70871.0,70892.0,70919.0,70929.0,70944.0,70956.0,70975.0,70989.0,71004.0,71019.0,71038.0,71047.0,71059.0,71074.0,71077.0,71083.0,71094.0,71102.0,71108.0,71125.0,71129.0,71143.0,71151.0,71165.0,71179.0,71193.0,71204.0,71211.0,71224.0,71234.0,71245.0,71254.0,71267.0,71291.0,71304.0,71316.0,71333.0,71352.0,71366.0,71380.0,71388.0,71398.0,71410.0,71420.0,71440.0,71457.0,71478.0,71487.0,71502.0,71515.0,71526.0,71539.0,71552.0,71569.0,71580.0,71596.0,71618.0,71636.0,71664.0,71680.0,71693.0,71713.0,71738.0,71758.0,71820.0,71846.0,71874.0,71927.0,71955.0,72002.0,72032.0,72048.0,72065.0,72093.0,72115.0,72138.0,72170.0,72209.0,72250.0,72287.0,72315.0,72347.0,72380.0,72401.0,72435.0,72456.0,72477.0,72496.0,72508.0,72524.0,72539.0,72551.0,72566.0,72581.0,72603.0,72615.0,72636.0,72649.0,72661.0,72672.0,72680.0,72699.0,72708.0,72733.0,72751.0,72762.0,72779.0,72803.0,72818.0,72829.0,72842.0,72862.0,72870.0,72880.0,72892.0,72905.0,72917.0,72936.0,72942.0,72946.0,72957.0,72963.0,72983.0,72995.0,,,,,,,,,73088.0,73097.0,73114.0,73124.0,73143.0,73160.0,73178.0,73193.0,73200.0,73214.0,73224.0,73240.0,73250.0,73264.0,73273.0,73289.0,73308.0,73329.0,73351.0,73377.0,73394.0,73403.0,73414.0,73424.0,73435.0,73440.0,73447.0,73463.0,73468.0,73481.0,73494.0,73507.0,73519.0,73531.0,73538.0,73551.0,73556.0,73575.0,73591.0,73599.0,73608.0,73619.0,73629.0,73646.0,73655.0,73669.0,73681.0,73690.0,73701.0,73712.0,73721.0,73731.0,73740.0,73751.0,73770.0,73783.0,73794.0,73813.0,73824.0,73839.0,73854.0,73868.0,73888.0,73903.0,73913.0,73921.0,73929.0,73937.0,73950.0,73966.0,73976.0,73985.0,73990.0,73999.0,74007.0,74018.0,74028.0,74036.0,74049.0,74058.0,74066.0,74077.0,74092.0,74103.0,74121.0,74138.0,74151.0,74162.0,74174.0,74184.0,74192.0,74206.0,74215.0,74227.0,74243.0,74259.0,74269.0,74285.0,74296.0,74309.0,74320.0,74335.0,74344.0,74354.0,74359.0,74362.0,74373.0,74378.0,74384.0,74398.0,74404.0,74412.0,74429.0,74440.0,74445.0,74460.0,74474.0,74479.0,74487.0,74495.0,74501.0,,74516.0,74521.0,74530.0,74534.0,74549.0,74555.0,74564.0,74573.0,74585.0,74597.0,74615.0,74626.0,74635.0,74644.0,74658.0,74669.0,74679.0,74689.0,74703.0,74711.0,74720.0,74736.0,74745.0,74750.0,74762.0,74773.0,74778.0,74784.0,74792.0,74805.0,74821.0,74834.0,74849.0,74859.0,74868.0,74878.0,74890.0,74915.0,74931.0,74954.0,74979.0,74999.0,75017.0,75025.0,75042.0,75049.0,75061.0,75073.0,75088.0,75106.0,75113.0,75128.0,75174.0,75182.0,75189.0,75202.0,75211.0,75222.0,75236.0,75249.0,75254.0,75261.0,75272.0,75284.0,75297.0,75306.0,75311.0,75321.0,75332.0,75347.0,75361.0,75375.0,75390.0,75403.0,75409.0,75414.0,75428.0,75436.0,75447.0,75455.0,75470.0,75484.0,75487.0,75496.0,75505.0,75514.0,75522.0,75532.0,75544.0,75565.0,75582.0,75590.0,75603.0,75618.0,75634.0,75640.0,75647.0,75659.0,75669.0,75677.0,75689.0,75696.0,75707.0,75714.0,75725.0,75731.0,75746.0,75756.0,75765.0,75776.0,75784.0,75795.0,75804.0,75828
v5WPCL90Hs4,1507611.0,1508262.0,1508869.0,1509510.0,1510038.0,1510658.0,1511232.0,1511861.0,1512551.0,1513282.0,1513937.0,1514656.0,1515357.0,1515943.0,1516662.0,1517374.0,1518159.0,1518704.0,1519305.0,1519954.0,1520776.0,1521589.0,1522405.0,1523284.0,1523979.0,1524502.0,1525194.0,1525878.0,1526578.0,1527391.0,1528190.0,1528811.0,1529377.0,1529874.0,1530542.0,1531242.0,1531919.0,1532759.0,1533356.0,1533758.0,1534430.0,1534996.0,1535811.0,1536786.0,1537626.0,1538365.0,1538859.0,1539519.0,1540098.0,1540823.0,1541514.0,1542159.0,1542722.0,1543167.0,1543713.0,1544293.0,1544852.0,1545461.0,1546078.0,1546812.0,1547421.0,1548038.0,1548645.0,1549177.0,1549801.0,1550449.0,1551087.0,1551827.0,1552209.0,1553060.0,1553673.0,1554293.0,1554893.0,1555487.0,1556093.0,1556727.0,1557443.0,1558082.0,1558596.0,1559274.0,1559804.0,1560390.0,1560957.0,1561603.0,1562208.0,1562964.0,1563658.0,1564112.0,1564810.0,1565495.0,1566050.0,1566758.0,1567483.0,1568231.0,1568900.0,1569640.0,1570420.0,1571227.0,1571991.0,1572723.0,1573412.0,1573999.0,1574576.0,1575281.0,1575988.0,1576695.0,1577535.0,1578371.0,1579056.0,1579648.0,1580276.0,1581255.0,1582221.0,1583201.0,1584506.0,1586011.0,1587258.0,1588632.0,1590358.0,1592020.0,1593517.0,1594856.0,1596053.0,1597029.0,1598057.0,1599196.0,1600287.0,1601359.0,1602491.0,1603645.0,1604777.0,1605904.0,1607435.0,1609031.0,,,,,,,,,1624508.0,1626376.0,1627957.0,1629416.0,1630953.0,1632263.0,1633524.0,1634934.0,1636180.0,1637215.0,1638218.0,1639299.0,1640434.0,1641667.0,1642924.0,1643989.0,1645117.0,1646410.0,1647638.0,1649069.0,1650517.0,1652022.0,1653206.0,1654221.0,1655343.0,1656464.0,1657585.0,1658786.0,1659857.0,1660960.0,1661998.0,1663089.0,1664085.0,1665422.0,1666583.0,1667701.0,1668635.0,1669686.0,1670803.0,1671905.0,1673023.0,1674144.0,1675279.0,1676308.0,1677260.0,1678201.0,1679192.0,1680140.0,1681067.0,1682048.0,1682847.0,1683701.0,1684488.0,1685237.0,1685984.0,1686878.0,1687543.0,1688353.0,1688977.0,1689656.0,1690209.0,1690877.0,1691603.0,1692263.0,1692825.0,1693529.0,1694197.0,1695138.0,1695952.0,1696743.0,1697559.0,1698265.0,1698964.0,1699706.0,1700259.0,1700795.0,1701461.0,1702142.0,1702828.0,1703356.0,1704037.0,1704552.0,1705295.0,1705862.0,1706521.0,1707110.0,1707692.0,1708234.0,1708753.0,1709282.0,1709822.0,1710445.0,1710896.0,1711278.0,1711775.0,1712220.0,1712747.0,1713517.0,1714605.0,1715213.0,1715648.0,1716341.0,1716827.0,1717367.0,1717858.0,1718438.0,1718878.0,1719277.0,1719850.0,1720405.0,1721003.0,1721504.0,1722027.0,1722479.0,1722981.0,1723334.0,1723712.0,1724224.0,1724675.0,1725250.0,1725717.0,,1726765.0,1727274.0,1727869.0,1728529.0,1728994.0,1729616.0,1730122.0,1730523.0,1731012.0,1731558.0,1732027.0,1732547.0,1733080.0,1733419.0,1733875.0,1734205.0,1734804.0,1735394.0,1735888.0,1736359.0,1736822.0,1737242.0,1737776.0,1738365.0,1738849.0,1739390.0,1739864.0,1740365.0,1740916.0,1741450.0,1742003.0,1742584.0,1743067.0,1743565.0,1744018.0,1744548.0,1745109.0,1745557.0,1746070.0,1746624.0,1747110.0,1747643.0,1748224.0,1748812.0,1749548.0,1750185.0,1750832.0,1751381.0,1751943.0,1752523.0,1753063.0,1753608.0,1754166.0,1754674.0,1755289.0,1755737.0,1756367.0,1757016.0,1757445.0,1758058.0,1758712.0,1759245.0,1759743.0,1760340.0,1760913.0,1761471.0,1762035.0,1762532.0,1763052.0,1763541.0,1764093.0,1764609.0,1765244.0,1765871.0,1766419.0,1766941.0,1767531.0,1768140.0,1768669.0,1769198.0,1769861.0,1770447.0,1771007.0,1771521.0,1772058.0,1772668.0,1773259.0,1773931.0,1774668.0,1775297.0,1775925.0,1776525.0,1777312.0,1778072.0,1778757.0,1779423.0,1779993.0,1780613.0,1781345.0,1782046.0,1782599.0,1783261.0,1783910.0,1784541.0,1785057.0,1785855.0,1786547.0,1787336.0,1788070.0,1788700.0,1789297.0,1789948.0,1790624.0,1791288
XR8eGSq3pLM,164454.0,164503.0,164545.0,164594.0,164628.0,164689.0,164755.0,164822.0,164889.0,164955.0,165025.0,165095.0,165153.0,165205.0,165269.0,165335.0,165428.0,165504.0,165560.0,165609.0,165687.0,165759.0,165852.0,165915.0,165971.0,166035.0,166093.0,166152.0,166225.0,166286.0,166355.0,166411.0,166463.0,166517.0,166605.0,166669.0,166740.0,166804.0,166877.0,166934.0,166978.0,167028.0,167094.0,167162.0,167232.0,167289.0,167335.0,167388.0,167448.0,167501.0,167579.0,167633.0,167670.0,167732.0,167780.0,167833.0,167879.0,167924.0,167983.0,168028.0,168095.0,168145.0,168202.0,168268.0,168314.0,168384.0,168463.0,168572.0,168622.0,168699.0,168764.0,168860.0,168905.0,168957.0,168998.0,169079.0,169153.0,169202.0,169264.0,169329.0,169377.0,169431.0,169467.0,169547.0,169614.0,169667.0,169732.0,169773.0,169821.0,169888.0,169943.0,170007.0,170055.0,170116.0,170168.0,170236.0,170305.0,170366.0,170443.0,170496.0,170574.0,170617.0,170680.0,170732.0,170808.0,170889.0,171000.0,171072.0,171177.0,171231.0,171296.0,171366.0,171453.0,171546.0,171628.0,171693.0,171758.0,171826.0,171882.0,171989.0,172061.0,172132.0,172202.0,172265.0,172339.0,172413.0,172498.0,172558.0,172622.0,172705.0,172757.0,172837.0,172931.0,173023.0,,,,,,,,,174342.0,174520.0,174665.0,174787.0,174885.0,175005.0,175091.0,175196.0,175288.0,175371.0,175437.0,175573.0,175666.0,175759.0,175881.0,175973.0,176061.0,176125.0,176231.0,176353.0,176453.0,176530.0,176658.0,176766.0,176883.0,176983.0,177072.0,177217.0,177331.0,177436.0,177561.0,177667.0,177777.0,177880.0,177974.0,178085.0,178166.0,178244.0,178370.0,178492.0,178619.0,178760.0,178897.0,178977.0,179063.0,179200.0,179302.0,179448.0,179530.0,179623.0,179710.0,179773.0,179876.0,179945.0,180046.0,180149.0,180227.0,180295.0,180369.0,180439.0,180511.0,180586.0,180642.0,180728.0,180780.0,180859.0,180928.0,181005.0,181079.0,181149.0,181220.0,181298.0,181379.0,181489.0,181571.0,181657.0,181757.0,181858.0,181931.0,182002.0,182087.0,182167.0,182252.0,182352.0,182422.0,182466.0,182553.0,182614.0,182658.0,182712.0,182758.0,182798.0,182835.0,182881.0,182922.0,182967.0,183033.0,183089.0,183136.0,183175.0,183218.0,183255.0,183291.0,183325.0,183364.0,183407.0,183439.0,183481.0,183519.0,183548.0,183596.0,183627.0,183668.0,183700.0,183753.0,183787.0,183825.0,183862.0,183901.0,183944.0,183970.0,,184068.0,184114.0,184159.0,184205.0,184245.0,184269.0,184301.0,184341.0,184365.0,184393.0,184422.0,184470.0,184513.0,184537.0,184563.0,184594.0,184627.0,184656.0,184690.0,184740.0,184778.0,184809.0,184839.0,184872.0,184912.0,184945.0,184990.0,185030.0,185064.0,185099.0,185126.0,185155.0,185199.0,185233.0,185263.0,185298.0,185327.0,185359.0,185386.0,185419.0,185452.0,185504.0,185539.0,185591.0,185631.0,185655.0,185698.0,185735.0,185774.0,185819.0,185854.0,185891.0,185937.0,185971.0,186023.0,186078.0,186116.0,186161.0,186212.0,186257.0,186302.0,186348.0,186393.0,186438.0,186484.0,186519.0,186573.0,186611.0,186652.0,186699.0,186736.0,186767.0,186803.0,186836.0,186882.0,186916.0,186963.0,186987.0,187018.0,187052.0,187098.0,187136.0,187187.0,187247.0,187283.0,187319.0,187360.0,187400.0,187440.0,187475.0,187523.0,187573.0,187598.0,187645.0,187676.0,187717.0,187752.0,187788.0,187818.0,187856.0,187886.0,187925.0,187953.0,187999.0,188033.0,188062.0,188105.0,188150.0,188179.0,188211.0,188243.0,188270.0,188299.0,188327
8DF9Iqc0at0,1902112.0,1902913.0,1903760.0,1904579.0,1905246.0,1906088.0,1906919.0,1907799.0,1908696.0,1909675.0,1910702.0,1911561.0,1912433.0,1913381.0,1914156.0,1915296.0,1916295.0,1917281.0,1918009.0,1918924.0,1919849.0,1920857.0,1921823.0,1922970.0,1923798.0,1924498.0,1925399.0,1926078.0,1926948.0,1927964.0,1928777.0,1929649.0,1930348.0,1931128.0,1931899.0,1932742.0,1933499.0,1934515.0,1935446.0,1936122.0,1936772.0,1937755.0,1938770.0,1939826.0,1940772.0,1941776.0,1942368.0,1943277.0,1943937.0,1944871.0,1945749.0,1946755.0,1947523.0,1948110.0,1948799.0,1949524.0,1950293.0,1951081.0,1951882.0,1952722.0,1953433.0,1954233.0,1955081.0,1955875.0,1956647.0,1957709.0,1958553.0,1959398.0,1960075.0,1961019.0,1961822.0,1962598.0,1963386.0,1964182.0,1964959.0,1965802.0,1966623.0,1967435.0,1968361.0,1969268.0,1970213.0,1971082.0,1971974.0,1972890.0,1973804.0,1974726.0,1975769.0,1976689.0,1977582.0,1978644.0,1979650.0,1980464.0,1981604.0,1982643.0,1983709.0,1984707.0,1985821.0,1986975.0,1988239.0,1989460.0,1990495.0,1991296.0,1992365.0,1993370.0,1994501.0,1995429.0,1996634.0,1997802.0,1998774.0,1999678.0,2000627.0,2001684.0,2002705.0,2003761.0,2004797.0,2005861.0,2006888.0,2008103.0,2009669.0,2010980.0,2012286.0,2013483.0,2014700.0,2015803.0,2016914.0,2018483.0,2019765.0,2021177.0,2022657.0,2024010.0,2025236.0,2026618.0,2028327.0,2030020.0,,,,,,,,,2046583.0,2048545.0,2050230.0,2051920.0,2053591.0,2054989.0,2056214.0,2057764.0,2059588.0,2061022.0,2062253.0,2063647.0,2065229.0,2066650.0,2068233.0,2069612.0,2070909.0,2072382.0,2073956.0,2075700.0,2077669.0,2079796.0,2081635.0,2083307.0,2084718.0,2086263.0,2088132.0,2090136.0,2091952.0,2093763.0,2095431.0,2097359.0,2099193.0,2101053.0,2102816.0,2104488.0,2106121.0,2107574.0,2109002.0,2110715.0,2112272.0,2113958.0,2115699.0,2117310.0,2118894.0,2120437.0,2122016.0,2123643.0,2125246.0,2126922.0,2128301.0,2129622.0,2130959.0,2132211.0,2133537.0,2134899.0,2136294.0,2137377.0,2138419.0,2139796.0,2140899.0,2142030.0,2143141.0,2144290.0,2145321.0,2146417.0,2147559.0,2149167.0,2150672.0,2152063.0,2153392.0,2154635.0,2155676.0,2157265.0,2158329.0,2159394.0,2160620.0,2161839.0,2162818.0,2164078.0,2165179.0,2166257.0,2167527.0,2168724.0,2169961.0,2170945.0,2172174.0,2173303.0,2174234.0,2175416.0,2176927.0,2178232.0,2179277.0,2180373.0,2181409.0,2182445.0,2183711.0,2184951.0,2186159.0,2187173.0,2188203.0,2189239.0,2190321.0,2191419.0,2192435.0,2193523.0,2194427.0,2195338.0,2196492.0,2197557.0,2198680.0,2199791.0,2200945.0,2201887.0,2202727.0,2203567.0,2204538.0,2205553.0,2206523.0,2207696.0,2208574.0,,2210737.0,2211748.0,2212877.0,2214103.0,2215307.0,2216388.0,2217484.0,2218511.0,2219460.0,2220446.0,2221503.0,2222540.0,2223370.0,2224186.0,2224956.0,2225812.0,2226790.0,2227697.0,2228941.0,2229778.0,2230928.0,2231860.0,2232966.0,2233986.0,2234929.0,2235972.0,2236749.0,2237750.0,2238700.0,2239680.0,2240798.0,2241859.0,2242972.0,2243805.0,2244686.0,2245471.0,2246460.0,2247500.0,2248310.0,2249246.0,2250074.0,2250973.0,2251818.0,2252895.0,2254145.0,2255207.0,2256280.0,2257279.0,2258291.0,2259207.0,2259963.0,2260818.0,2261908.0,2262885.0,2263618.0,2264544.0,2265351.0,2266222.0,2267008.0,2268081.0,2269009.0,2269823.0,2270604.0,2271466.0,2272278.0,2273092.0,2273932.0,2274661.0,2275417.0,2276130.0,2276983.0,2277691.0,2278521.0,2279456.0,2280493.0,2281362.0,2282112.0,2282904.0,2283603.0,2284302.0,2285167.0,2285975.0,2286720.0,2287415.0,2288114.0,2288910.0,2289797.0,2290669.0,2291701.0,2292836.0,2293814.0,2294698.0,2295712.0,2296855.0,2297858.0,2298776.0,2299601.0,2300360.0,2301240.0,2302088.0,2302883.0,2303816.0,2304650.0,2305416.0,2306285.0,2307183.0,2307968.0,2308785.0,2309578.0,2310402.0,2311090.0,2311782.0,2312573.0,2313435
W880_Pt8Vzg,2418533.0,2419953.0,2421305.0,2422574.0,2423623.0,2424768.0,2426032.0,2427285.0,2428626.0,2430032.0,2431348.0,2432545.0,2433877.0,2435030.0,2436275.0,2437760.0,2439110.0,2440613.0,2441797.0,2442709.0,2444063.0,2445345.0,2446607.0,2447922.0,2448982.0,2449955.0,2450987.0,2452030.0,2453073.0,2454252.0,2455404.0,2456320.0,2457325.0,2458222.0,2459409.0,2460505.0,2461774.0,2463226.0,2464441.0,2465515.0,2466663.0,2467836.0,2469282.0,2471118.0,2472696.0,2474137.0,2475368.0,2476691.0,2477880.0,2479094.0,2480308.0,2481476.0,2482549.0,2483540.0,2484596.0,2485813.0,2486955.0,2488127.0,2489182.0,2490342.0,2491442.0,2492637.0,2493937.0,2495065.0,2496338.0,2497566.0,2498604.0,2499673.0,2500497.0,2501816.0,2502928.0,2504083.0,2505178.0,2506235.0,2507284.0,2508532.0,2509830.0,2510965.0,2512150.0,2513297.0,2514388.0,2515571.0,2516798.0,2518231.0,2519681.0,2521201.0,2522762.0,2524250.0,2525619.0,2527207.0,2528863.0,2530750.0,2532797.0,2534817.0,2536654.0,2538478.0,2540387.0,2542236.0,2544090.0,2545830.0,2547513.0,2548930.0,2550412.0,2551915.0,2553619.0,2555199.0,2556826.0,2558382.0,2559829.0,2561185.0,2562637.0,2564072.0,2565563.0,2567130.0,2568617.0,2570318.0,2571796.0,2573411.0,2575331.0,2576953.0,2578489.0,2579977.0,2581535.0,2582946.0,2584488.0,2586200.0,2587661.0,2589097.0,2590518.0,2591926.0,2593295.0,2594716.0,2596766.0,2598925.0,,,,,,,,,2618213.0,2620347.0,2622147.0,2623890.0,2625766.0,2627541.0,2629164.0,2631122.0,2632977.0,2634545.0,2636124.0,2637724.0,2639571.0,2641325.0,2643183.0,2644829.0,2646338.0,2648264.0,2650614.0,2652922.0,2654854.0,2656846.0,2658675.0,2660474.0,2662142.0,2663933.0,2665790.0,2667673.0,2669539.0,2671221.0,2672947.0,2674641.0,2676311.0,2678086.0,2679843.0,2681399.0,2682798.0,2684106.0,2685733.0,2687730.0,2689641.0,2691528.0,2693309.0,2695023.0,2696628.0,2698456.0,2700345.0,2702291.0,2704305.0,2706203.0,2708184.0,2709931.0,2711705.0,2713436.0,2715121.0,2716828.0,2718389.0,2719768.0,2720960.0,2722397.0,2723775.0,2725069.0,2726408.0,2727688.0,2728771.0,2730146.0,2731525.0,2734636.0,2737143.0,2739431.0,2741528.0,2743425.0,2745275.0,2747070.0,2748919.0,2750611.0,2752338.0,2754026.0,2755454.0,2756919.0,2758355.0,2759873.0,2761386.0,2763088.0,2764632.0,2766041.0,2767371.0,2769100.0,2770924.0,2772769.0,2774621.0,2776397.0,2777971.0,2779631.0,2781306.0,2783060.0,2785027.0,2786953.0,2788879.0,2790519.0,2792288.0,2794038.0,2796049.0,2797884.0,2799724.0,2801457.0,2803010.0,2804647.0,2806117.0,2808063.0,2809811.0,2811556.0,2813447.0,2815042.0,2816625.0,2818117.0,2819489.0,2820727.0,2822103.0,2823522.0,2824783.0,,2827513.0,2828803.0,2830203.0,2831516.0,2832925.0,2834197.0,2835510.0,2836733.0,2838012.0,2839366.0,2840709.0,2842191.0,2843342.0,2844432.0,2845714.0,2847291.0,2849166.0,2851035.0,2852967.0,2854723.0,2856576.0,2858444.0,2860418.0,2862465.0,2864404.0,2866301.0,2868103.0,2869799.0,2871478.0,2873214.0,2874961.0,2876886.0,2878926.0,2880503.0,2882159.0,2883904.0,2885602.0,2887175.0,2888537.0,2890143.0,2891660.0,2893168.0,2894682.0,2896348.0,2898202.0,2900066.0,2901924.0,2903629.0,2905307.0,2906999.0,2908628.0,2910293.0,2912066.0,2913883.0,2915454.0,2917023.0,2918612.0,2920329.0,2922007.0,2923839.0,2925674.0,2927348.0,2929043.0,2930715.0,2932498.0,2934378.0,2936283.0,2937921.0,2939525.0,2941200.0,2942885.0,2944609.0,2946493.0,2948590.0,2950453.0,2952338.0,2954233.0,2956040.0,2957685.0,2959469.0,2961301.0,2963091.0,2964670.0,2966237.0,2967863.0,2969601.0,2971429.0,2973494.0,2975556.0,2977517.0,2979399.0,2981301.0,2983478.0,2985614.0,2987708.0,2989807.0,2991751.0,2993586.0,2995859.0,2998104.0,2999843.0,3001855.0,3003902.0,3005814.0,3007722.0,3009755.0,3011688.0,3013605.0,3015461.0,3017210.0,3018817.0,3020483.0,3022320.0,3024140
CwqkvjSVBhg,2674635.0,2675039.0,2675452.0,2675834.0,2676323.0,2676721.0,2677114.0,2677500.0,2677956.0,2678457.0,2678953.0,2679382.0,2680249.0,2681128.0,2682058.0,2682880.0,2683588.0,2684165.0,2684728.0,2685325.0,2686009.0,2686778.0,2687630.0,2688346.0,2688958.0,2689546.0,2690166.0,2690833.0,2691482.0,2692153.0,2692836.0,2693433.0,2694241.0,2694932.0,2695667.0,2696407.0,2697215.0,2697865.0,2698647.0,2699436.0,2700036.0,2700591.0,2701111.0,2701737.0,2702319.0,2702907.0,2703462.0,2703978.0,2704493.0,2705027.0,2705488.0,2705936.0,2706303.0,2706708.0,2707171.0,2707600.0,2708105.0,2708554.0,2709016.0,2709412.0,2709772.0,2710131.0,2710547.0,2710972.0,2711391.0,2711743.0,2712150.0,2712614.0,2713043.0,2713516.0,2713968.0,2714480.0,2714977.0,2715553.0,2716148.0,2716771.0,2717475.0,2718305.0,2719014.0,2719581.0,2719951.0,2720431.0,2720794.0,2721197.0,2721889.0,2722879.0,2723593.0,2724270.0,2725208.0,2726081.0,2726905.0,2727637.0,2728559.0,2729684.0,2731272.0,2733787.0,2735750.0,2737114.0,2738366.0,2739589.0,2741012.0,2742395.0,2743612.0,2744716.0,2746072.0,2747212.0,2748251.0,2749548.0,2750886.0,2752121.0,2753183.0,2754440.0,2755601.0,2756679.0,2757558.0,2758472.0,2759257.0,2760017.0,2760903.0,2761782.0,2762699.0,2763551.0,2764346.0,2765091.0,2765828.0,2766600.0,2767560.0,2768671.0,2769832.0,2770821.0,2771756.0,2772500.0,2773210.0,2773733.0,,,,,,,,,2778077.0,2778899.0,2779842.0,2780346.0,2780922.0,2781495.0,2781993.0,2782421.0,2782926.0,2783395.0,2783873.0,2784446.0,2784909.0,2785355.0,2785743.0,2786166.0,2786508.0,2786877.0,2787256.0,2787583.0,2787821.0,2788152.0,2788440.0,2788678.0,2788954.0,2789261.0,2789569.0,2789841.0,2790137.0,2790395.0,2790717.0,2790975.0,2791295.0,2791593.0,2791876.0,2792156.0,2792408.0,2792725.0,2793037.0,2793340.0,2793650.0,2793891.0,2794128.0,2794388.0,2794610.0,2794845.0,2795137.0,2795402.0,2795665.0,2795921.0,2796185.0,2796509.0,2796837.0,2797094.0,2797335.0,2797606.0,2797935.0,2798215.0,2798540.0,2798922.0,2799225.0,2799474.0,2799721.0,2799962.0,2800363.0,2800666.0,2801114.0,2801688.0,2802186.0,2802595.0,2802968.0,2803291.0,2803610.0,2803947.0,2804322.0,2804739.0,2805150.0,2805568.0,2806014.0,2806416.0,2806748.0,2807086.0,2807454.0,2808017.0,2808724.0,2809379.0,2809982.0,2810618.0,2811443.0,2812401.0,2813224.0,2814165.0,2815015.0,2815752.0,2816519.0,2817278.0,2817974.0,2818635.0,2819286.0,2820037.0,2820758.0,2821333.0,2822008.0,2822580.0,2823404.0,2825510.0,2827425.0,2828938.0,2829785.0,2830390.0,2831170.0,2832026.0,2832692.0,2833330.0,2833886.0,2834366.0,2834905.0,2835331.0,2835769.0,2836165.0,2836577.0,,2837372.0,2838041.0,2838729.0,2839327.0,2839896.0,2840400.0,2840858.0,2841297.0,2841685.0,2842214.0,2842668.0,2843067.0,2843573.0,2844039.0,2844403.0,2844826.0,2845302.0,2845787.0,2846343.0,2847133.0,2847909.0,2848538.0,2849244.0,2850038.0,2850913.0,2851911.0,2853072.0,2853846.0,2854561.0,2855272.0,2855997.0,2856872.0,2857832.0,2858863.0,2859693.0,2860344.0,2861144.0,2861972.0,2862750.0,2863728.0,2864715.0,2865827.0,2866983.0,2868444.0,2869918.0,2871997.0,2874106.0,2876150.0,2877553.0,2878617.0,2879815.0,2881214.0,2882284.0,2883383.0,2884431.0,2885616.0,2886821.0,2887752.0,2888422.0,2889135.0,2889881.0,2890600.0,2891319.0,2891943.0,2892725.0,2893673.0,2894792.0,2896172.0,2897441.0,2898809.0,2900340.0,2901927.0,2903191.0,2904404.0,2905733.0,2906894.0,2907880.0,2908822.0,2909625.0,2910579.0,2911514.0,2912468.0,2913320.0,2914130.0,2914769.0,2915366.0,2915980.0,2916559.0,2917130.0,2917819.0,2918409.0,2918981.0,2919595.0,2920319.0,2921049.0,2921984.0,2922931.0,2924197.0,2925835.0,2927270.0,2928761.0,2930140.0,2931211.0,2932174.0,2933375.0,2934943.0,2936601.0,2937847.0,2939208.0,2940658.0,2942028.0,2942869.0,2943849.0,2944570
u2K5OjSS3wA,91908.0,91936.0,91969.0,91983.0,92004.0,92020.0,92044.0,92072.0,92096.0,92112.0,92124.0,92146.0,92163.0,92186.0,92214.0,92241.0,92272.0,92293.0,92333.0,92377.0,92407.0,92428.0,92463.0,92481.0,92506.0,92532.0,92563.0,92574.0,92595.0,92616.0,92639.0,92657.0,92681.0,92706.0,92744.0,92775.0,92793.0,92820.0,92843.0,92868.0,92894.0,92915.0,92931.0,92949.0,92977.0,92995.0,93013.0,93029.0,93055.0,93078.0,93110.0,93138.0,93161.0,93183.0,93212.0,93233.0,93260.0,93277.0,93299.0,93310.0,93326.0,93342.0,93364.0,93385.0,93401.0,93418.0,93439.0,93459.0,93474.0,93495.0,93531.0,93553.0,93576.0,93589.0,93604.0,93632.0,93653.0,93676.0,93712.0,93741.0,93759.0,93780.0,93800.0,93815.0,93830.0,93849.0,93863.0,93876.0,93895.0,93908.0,93931.0,93953.0,93977.0,93999.0,94020.0,94045.0,94078.0,94111.0,94146.0,94178.0,94206.0,94225.0,94247.0,94278.0,94305.0,94329.0,94363.0,94404.0,94423.0,94448.0,94473.0,94502.0,94550.0,94578.0,94602.0,94618.0,94637.0,94664.0,94695.0,94725.0,94740.0,94768.0,94790.0,94808.0,94829.0,94862.0,94894.0,94915.0,94948.0,94968.0,94992.0,95017.0,95042.0,95065.0,,,,,,,,,95262.0,95276.0,95296.0,95318.0,95340.0,95362.0,95384.0,95407.0,95428.0,95459.0,95483.0,95495.0,95522.0,95549.0,95568.0,95582.0,95601.0,95618.0,95645.0,95680.0,95706.0,95734.0,95750.0,95771.0,95800.0,95838.0,95867.0,95885.0,95908.0,95927.0,95940.0,95967.0,96002.0,96026.0,96052.0,96066.0,96082.0,96093.0,96111.0,96136.0,96167.0,96202.0,96219.0,96230.0,96258.0,96279.0,96299.0,96315.0,96338.0,96348.0,96362.0,96381.0,96394.0,96420.0,96440.0,96461.0,96482.0,96492.0,96507.0,96520.0,96544.0,96554.0,96569.0,96580.0,96596.0,96607.0,96630.0,96650.0,96672.0,96686.0,96704.0,96721.0,96739.0,96756.0,96780.0,96803.0,96827.0,96848.0,96864.0,96878.0,96893.0,96916.0,96942.0,96973.0,97004.0,97034.0,97067.0,97105.0,97130.0,97154.0,97173.0,97193.0,97214.0,97232.0,97247.0,97269.0,97293.0,97330.0,97353.0,97368.0,97384.0,97402.0,97428.0,97446.0,97468.0,97484.0,97501.0,97517.0,97534.0,97571.0,97585.0,97598.0,97624.0,97644.0,97665.0,97688.0,97707.0,97734.0,97768.0,97779.0,97806.0,,97851.0,97875.0,97904.0,97941.0,97963.0,97983.0,98002.0,98026.0,98050.0,98082.0,98104.0,98122.0,98142.0,98156.0,98177.0,98199.0,98236.0,98265.0,98292.0,98315.0,98334.0,98360.0,98387.0,98423.0,98454.0,98502.0,98534.0,98569.0,98607.0,98649.0,98680.0,98706.0,98728.0,98751.0,98778.0,98797.0,98826.0,98848.0,98864.0,98882.0,98907.0,98925.0,98952.0,98982.0,99009.0,99040.0,99075.0,99091.0,99113.0,99143.0,99160.0,99182.0,99204.0,99226.0,99245.0,99270.0,99285.0,99301.0,99321.0,99343.0,99358.0,99374.0,99385.0,99410.0,99434.0,99448.0,99474.0,99491.0,99514.0,99535.0,99564.0,99588.0,99615.0,99640.0,99671.0,99694.0,99718.0,99746.0,99766.0,99798.0,99828.0,99842.0,99860.0,99892.0,99927.0,99948.0,99971.0,100000.0,100017.0,100031.0,100051.0,100074.0,100096.0,100122.0,100163.0,100182.0,100201.0,100230.0,100254.0,100273.0,100293.0,100312.0,100324.0,100335.0,100351.0,100368.0,100386.0,100417.0,100450.0,100478.0,100490.0,100515.0,100536.0,100557
oDv3Y72jAew,73200.0,73208.0,73216.0,73229.0,73238.0,73242.0,73248.0,73261.0,73275.0,73284.0,73293.0,73303.0,73311.0,73320.0,73334.0,73339.0,73354.0,73365.0,73372.0,73382.0,73386.0,73396.0,73404.0,73417.0,73425.0,73434.0,73440.0,73445.0,73454.0,73462.0,73468.0,73472.0,73480.0,73485.0,73495.0,73506.0,73511.0,73518.0,73524.0,73533.0,73540.0,73546.0,73552.0,73559.0,73564.0,73569.0,73574.0,73588.0,73592.0,73599.0,73608.0,73614.0,73625.0,73628.0,73640.0,73670.0,73682.0,73692.0,73707.0,73717.0,73725.0,73733.0,73734.0,73743.0,73751.0,73757.0,73769.0,73775.0,73784.0,73798.0,73808.0,73813.0,73820.0,73825.0,73834.0,73840.0,73844.0,73848.0,73853.0,73868.0,73873.0,73880.0,73884.0,73890.0,73892.0,73896.0,73904.0,73908.0,73917.0,73931.0,73942.0,73962.0,73988.0,74000.0,74008.0,74008.0,74020.0,74027.0,74031.0,74042.0,74048.0,74054.0,74057.0,74062.0,74071.0,74079.0,74086.0,74091.0,74097.0,74102.0,74106.0,74115.0,74120.0,74125.0,74129.0,74144.0,74154.0,74161.0,74170.0,74178.0,74186.0,74193.0,74200.0,74205.0,74210.0,74215.0,74222.0,74227.0,74233.0,74239.0,74242.0,74248.0,74251.0,74258.0,,,,,,,,,74326.0,74334.0,74340.0,74352.0,74357.0,74364.0,74371.0,74374.0,74376.0,74382.0,74387.0,74392.0,74398.0,74402.0,74413.0,74418.0,74428.0,74435.0,74441.0,74444.0,74450.0,74456.0,74459.0,74461.0,74464.0,74477.0,74486.0,74494.0,74503.0,74513.0,74515.0,74524.0,74530.0,74532.0,74534.0,74537.0,74547.0,74551.0,74553.0,74556.0,74559.0,74563.0,74567.0,74573.0,74577.0,74581.0,74587.0,74593.0,74600.0,74607.0,74617.0,74624.0,74627.0,74635.0,74638.0,74643.0,74660.0,74670.0,74675.0,74680.0,74687.0,74691.0,74703.0,74710.0,74712.0,74717.0,74727.0,74735.0,74744.0,74752.0,74755.0,74758.0,74766.0,74778.0,74783.0,74787.0,74795.0,74802.0,74809.0,74818.0,74821.0,74830.0,74836.0,74847.0,74854.0,74862.0,74866.0,74878.0,74885.0,74898.0,74909.0,74912.0,74918.0,74930.0,74934.0,74940.0,74950.0,74961.0,74970.0,74975.0,74982.0,74986.0,74994.0,75003.0,75013.0,75019.0,75029.0,75038.0,75048.0,75061.0,75072.0,75081.0,75090.0,75097.0,75100.0,75112.0,75117.0,75124.0,75128.0,75134.0,75142.0,,75151.0,75156.0,75161.0,75166.0,75169.0,75174.0,75182.0,75187.0,75193.0,75200.0,75205.0,75211.0,75220.0,75225.0,75231.0,75236.0,75245.0,75251.0,75265.0,75276.0,75289.0,75301.0,75308.0,75317.0,75320.0,75322.0,75330.0,75338.0,75349.0,75355.0,75364.0,75371.0,75383.0,75398.0,75456.0,75543.0,75588.0,75637.0,75670.0,75691.0,75705.0,75725.0,75743.0,75760.0,75774.0,75783.0,75795.0,75807.0,75828.0,75854.0,75880.0,75907.0,75929.0,75960.0,75998.0,76018.0,76031.0,76043.0,76055.0,76064.0,76077.0,76095.0,76105.0,76123.0,76136.0,76149.0,76160.0,76167.0,76189.0,76224.0,76234.0,76251.0,76263.0,76270.0,76287.0,76301.0,76309.0,76325.0,76333.0,76345.0,76353.0,76374.0,76387.0,76407.0,76432.0,76447.0,76461.0,76477.0,76492.0,76514.0,76525.0,76539.0,76556.0,76582.0,76601.0,76618.0,76637.0,76656.0,76682.0,76703.0,76726.0,76755.0,76774.0,76797.0,76819.0,76850.0,76882.0,76917.0,76929.0,76942.0,76974.0,76999.0,77019.0,77040
0wypcjrGKMM,94743.0,94779.0,94797.0,94829.0,94867.0,94890.0,94934.0,94971.0,95046.0,95128.0,95157.0,95213.0,95246.0,95284.0,95319.0,95368.0,95419.0,95459.0,95502.0,95537.0,95572.0,95616.0,95657.0,95704.0,95735.0,95767.0,95822.0,95848.0,95888.0,95932.0,95960.0,95985.0,96015.0,96046.0,96074.0,96112.0,96172.0,96197.0,96223.0,96255.0,96292.0,96335.0,96368.0,96400.0,96458.0,96509.0,96543.0,96577.0,96604.0,96659.0,96689.0,96719.0,96750.0,96789.0,96828.0,96876.0,96905.0,96929.0,96953.0,96987.0,97017.0,97060.0,97091.0,97129.0,97168.0,97207.0,97241.0,97282.0,97333.0,97380.0,97432.0,97460.0,97500.0,97542.0,97570.0,97616.0,97654.0,97708.0,97749.0,97795.0,97840.0,97881.0,97918.0,97980.0,98035.0,98084.0,98125.0,98158.0,98209.0,98255.0,98293.0,98356.0,98394.0,98443.0,98483.0,98530.0,98585.0,98643.0,98683.0,98730.0,98768.0,98807.0,98844.0,98875.0,98913.0,98952.0,98999.0,99048.0,99097.0,99141.0,99186.0,99227.0,99281.0,99316.0,99341.0,99394.0,99436.0,99479.0,99537.0,99582.0,99628.0,99671.0,99705.0,99749.0,99784.0,99825.0,99880.0,99924.0,99961.0,99999.0,100038.0,100067.0,100113.0,100171.0,,,,,,,,,100547.0,100609.0,100658.0,100707.0,100748.0,100809.0,100846.0,100888.0,100937.0,100966.0,101013.0,101053.0,101121.0,101178.0,101227.0,101264.0,101307.0,101344.0,101382.0,101418.0,101457.0,101493.0,101537.0,101596.0,101632.0,101663.0,101704.0,101727.0,101768.0,101804.0,101860.0,101903.0,101973.0,102027.0,102098.0,102147.0,102209.0,102249.0,102296.0,102368.0,102432.0,102502.0,102568.0,102632.0,102681.0,102741.0,102813.0,102873.0,102918.0,102989.0,103021.0,103065.0,103125.0,103193.0,103245.0,103292.0,103368.0,103435.0,103478.0,103537.0,103588.0,103631.0,103683.0,103737.0,103772.0,103847.0,103913.0,103971.0,104019.0,104068.0,104132.0,104185.0,104236.0,104292.0,104346.0,104400.0,104462.0,104527.0,104590.0,104652.0,104732.0,104790.0,104847.0,104912.0,104974.0,105029.0,105094.0,105141.0,105199.0,105281.0,105323.0,105382.0,105436.0,105483.0,105556.0,105613.0,105665.0,105732.0,105764.0,105803.0,105838.0,105879.0,105949.0,105989.0,106042.0,106084.0,106119.0,106185.0,106229.0,106280.0,106338.0,106401.0,106464.0,106517.0,106581.0,106639.0,106685.0,106735.0,106785.0,106827.0,106859.0,,106952.0,107003.0,107034.0,107078.0,107118.0,107178.0,107220.0,107281.0,107338.0,107385.0,107440.0,107475.0,107520.0,107585.0,107646.0,107715.0,107769.0,107831.0,107925.0,108043.0,108140.0,108237.0,108338.0,108437.0,108536.0,108625.0,108690.0,108822.0,108941.0,109015.0,109117.0,109215.0,109326.0,109415.0,109492.0,109602.0,109704.0,109799.0,109882.0,109978.0,110078.0,110183.0,110310.0,110413.0,110515.0,110615.0,110705.0,110775.0,110828.0,110898.0,110952.0,110994.0,111036.0,111090.0,111125.0,111187.0,111253.0,111303.0,111339.0,111372.0,111418.0,111455.0,111488.0,111531.0,111563.0,111604.0,111655.0,111712.0,111768.0,111822.0,111870.0,111917.0,111987.0,112034.0,112075.0,112117.0,112197.0,112286.0,112349.0,112405.0,112465.0,112518.0,112560.0,112628.0,112676.0,112735.0,112795.0,112844.0,112893.0,112949.0,113002.0,113045.0,113085.0,113144.0,113194.0,113245.0,113274.0,113327.0,113376.0,113425.0,113469.0,113515.0,113540.0,113579.0,113600.0,113644.0,113686.0,113746.0,113786.0,113835.0,113878.0,113921.0,113993.0,114041
MLg9Dt_MH98,104821.0,104853.0,104889.0,104918.0,104948.0,104978.0,105007.0,105054.0,105106.0,105145.0,105174.0,105199.0,105243.0,105274.0,105304.0,105349.0,105379.0,105402.0,105434.0,105472.0,105507.0,105536.0,105593.0,105627.0,105654.0,105691.0,105725.0,105757.0,105807.0,105846.0,105869.0,105890.0,105922.0,105947.0,105978.0,106004.0,106054.0,106080.0,106120.0,106156.0,106191.0,106227.0,106283.0,106324.0,106360.0,106386.0,106424.0,106460.0,106496.0,106542.0,106577.0,106615.0,106654.0,106701.0,106745.0,106810.0,106865.0,106919.0,106950.0,106992.0,107045.0,107094.0,107147.0,107212.0,107264.0,107309.0,107334.0,107370.0,107397.0,107442.0,107495.0,107548.0,107594.0,107621.0,107665.0,107703.0,107758.0,107803.0,107849.0,107884.0,107911.0,107959.0,108011.0,108070.0,108107.0,108164.0,108206.0,108239.0,108278.0,108346.0,108399.0,108460.0,108515.0,108577.0,108625.0,108707.0,108782.0,108850.0,108937.0,109004.0,109065.0,109109.0,109176.0,109218.0,109280.0,109325.0,109381.0,109427.0,109456.0,109506.0,109562.0,109607.0,109656.0,109710.0,109749.0,109778.0,109805.0,109850.0,109884.0,109922.0,109944.0,109961.0,109989.0,110012.0,110032.0,110044.0,110067.0,110102.0,110122.0,110134.0,110159.0,110179.0,110203.0,110233.0,,,,,,,,,110505.0,110524.0,110541.0,110578.0,110610.0,110639.0,110662.0,110673.0,110693.0,110725.0,110751.0,110788.0,110788.0,110788.0,110788.0,110788.0,110788.0,110788.0,110788.0,110788.0,110788.0,110788.0,110788.0,110788.0,110788.0,110788.0,110788.0,110788.0,110788.0,110789.0,110789.0,110789.0,110789.0,110789.0,110789.0,110789.0,110789.0,110789.0,110789.0,110789.0,110789.0,110789.0,110789.0,110789.0,110789.0,110789.0,110789.0,110789.0,110789.0,110789.0,110789.0,110789.0,110789.0,110789.0,110789.0,110789.0,110789.0,110789.0,110789.0,110789.0,110789.0,110789.0,110789.0,110789.0,110789.0,110789.0,110789.0,110789.0,110789.0,110789.0,110789.0,110789.0,110789.0,110789.0,110789.0,110789.0,110789.0,110789.0,110789.0,110789.0,110789.0,110789.0,110789.0,110789.0,110789.0,110789.0,110789.0,110789.0,110789.0,110789.0,110789.0,110789.0,110789.0,110789.0,110789.0,110789.0,110789.0,110789.0,110789.0,110789.0,110789.0,110789.0,110789.0,110789.0,110789.0,110789.0,110789.0,110789.0,110789.0,110789.0,110789.0,110789.0,110789.0,110789.0,110789.0,110789.0,110789.0,110789.0,110789.0,110789.0,110789.0,,110789.0,110789.0,110789.0,110789.0,110789.0,110789.0,110789.0,110789.0,110789.0,110789.0,110789.0,110789.0,110789.0,110789.0,110789.0,110789.0,110789.0,110789.0,110789.0,110789.0,110789.0,110789.0,110789.0,110789.0,110789.0,110789.0,110789.0,110789.0,110789.0,110789.0,110789.0,110789.0,110789.0,110789.0,110789.0,110789.0,110789.0,110789.0,110789.0,110789.0,110789.0,110789.0,110789.0,110789.0,110789.0,110789.0,110789.0,110789.0,110789.0,110789.0,110789.0,110789.0,110789.0,110789.0,110789.0,110789.0,110789.0,110789.0,110789.0,110789.0,110789.0,110789.0,110789.0,110789.0,110789.0,110789.0,110789.0,110789.0,110789.0,110789.0,110789.0,110789.0,110789.0,110789.0,110789.0,110789.0,110789.0,110789.0,110789.0,110789.0,110789.0,110789.0,110789.0,110789.0,110789.0,110789.0,110789.0,110789.0,110789.0,110789.0,110789.0,110789.0,110789.0,110789.0,110789.0,110789.0,110789.0,110789.0,110789.0,110789.0,110789.0,110789.0,110789.0,110789.0,110789.0,110789.0,110789.0,110789.0,110789.0,110789.0,110789.0,110789.0,110789.0,110789
l-i7VVhz7_U,100248.0,100280.0,100317.0,100343.0,100370.0,100410.0,100443.0,100469.0,100520.0,100545.0,100570.0,100592.0,100620.0,100656.0,100689.0,100730.0,100769.0,100794.0,100822.0,100850.0,100884.0,100942.0,100981.0,101003.0,101045.0,101070.0,101113.0,101134.0,101164.0,101210.0,101250.0,101308.0,101347.0,101391.0,101434.0,101468.0,101507.0,101548.0,101573.0,101594.0,101619.0,101656.0,101693.0,101733.0,101768.0,101787.0,101811.0,101851.0,101877.0,101916.0,101949.0,101970.0,101993.0,102018.0,102034.0,102057.0,102091.0,102115.0,102143.0,102175.0,102213.0,102252.0,102280.0,102306.0,102336.0,102383.0,102428.0,102472.0,102506.0,102554.0,102578.0,102617.0,102652.0,102684.0,102713.0,102740.0,102775.0,102814.0,102847.0,102871.0,102916.0,102941.0,102969.0,103007.0,103033.0,103077.0,103124.0,103163.0,103205.0,103253.0,103300.0,103339.0,103382.0,103437.0,103478.0,103500.0,103564.0,103609.0,103681.0,103722.0,103768.0,103809.0,103863.0,103895.0,103931.0,103970.0,104008.0,104061.0,104093.0,104157.0,104225.0,104295.0,104394.0,104480.0,104556.0,104611.0,104679.0,104763.0,104838.0,104909.0,104981.0,105033.0,105081.0,105131.0,105186.0,105236.0,105296.0,105354.0,105412.0,105451.0,105508.0,105566.0,105615.0,105678.0,,,,,,,,,106164.0,106203.0,106270.0,106328.0,106390.0,106433.0,106471.0,106535.0,106600.0,106647.0,106700.0,106738.0,106788.0,106856.0,106905.0,106945.0,106985.0,107030.0,107072.0,107111.0,107154.0,107201.0,107241.0,107283.0,107325.0,107370.0,107419.0,107472.0,107517.0,107561.0,107615.0,107646.0,107719.0,107801.0,107851.0,107915.0,107966.0,108040.0,108112.0,108168.0,108221.0,108267.0,108324.0,108374.0,108407.0,108465.0,108511.0,108547.0,108599.0,108644.0,108673.0,108715.0,108762.0,108810.0,108863.0,108901.0,108939.0,108973.0,109019.0,109074.0,109133.0,109187.0,109241.0,109303.0,109355.0,109403.0,109474.0,109546.0,109605.0,109667.0,109721.0,109778.0,109879.0,109949.0,110030.0,110111.0,110215.0,110305.0,110361.0,110478.0,110602.0,110687.0,110790.0,110893.0,110939.0,111004.0,111075.0,111167.0,111253.0,111355.0,111463.0,111611.0,111691.0,111763.0,111834.0,111905.0,111984.0,112115.0,112237.0,112360.0,112462.0,112570.0,112681.0,112817.0,112936.0,113071.0,113143.0,113247.0,113394.0,113527.0,113679.0,113866.0,114015.0,114175.0,114352.0,114475.0,114671.0,114883.0,115145.0,115422.0,115653.0,,116295.0,116607.0,116842.0,117189.0,117559.0,117815.0,118123.0,118521.0,118963.0,119420.0,119829.0,120116.0,120303.0,120637.0,120978.0,121204.0,121457.0,121913.0,122273.0,122555.0,122950.0,123367.0,123925.0,124313.0,124758.0,125270.0,125639.0,126215.0,126702.0,127188.0,127568.0,128001.0,128435.0,128791.0,129251.0,129667.0,130127.0,130625.0,131066.0,131542.0,131999.0,132539.0,133102.0,133593.0,134089.0,134742.0,135229.0,135522.0,135870.0,136220.0,136582.0,136906.0,137168.0,137410.0,137582.0,137773.0,138025.0,138199.0,138377.0,138600.0,138798.0,138947.0,139093.0,139269.0,139474.0,139630.0,139750.0,139906.0,140046.0,140179.0,140266.0,140373.0,140491.0,140603.0,140730.0,140860.0,140998.0,141139.0,141311.0,141518.0,141690.0,141837.0,141964.0,142112.0,142263.0,142458.0,142593.0,142745.0,142899.0,143045.0,143212.0,143393.0,143549.0,143709.0,143876.0,144108.0,144228.0,144353.0,144519.0,144617.0,144705.0,144801.0,144895.0,144994.0,145100.0,145214.0,145364.0,145458.0,145636.0,145736.0,145855.0,145977.0,146107.0,146217
mEEVgmJyDSM,170587.0,170662.0,170744.0,170814.0,170900.0,170998.0,171108.0,171223.0,171340.0,171439.0,171548.0,171650.0,171777.0,171883.0,171996.0,172109.0,172202.0,172291.0,172416.0,172550.0,172639.0,172711.0,172800.0,172912.0,172967.0,173035.0,173110.0,173209.0,173313.0,173401.0,173497.0,173562.0,173621.0,173713.0,173787.0,173854.0,173951.0,174012.0,174068.0,174160.0,174250.0,174319.0,174384.0,174456.0,174534.0,174592.0,174674.0,174747.0,174817.0,174876.0,174976.0,175050.0,175121.0,175199.0,175260.0,175348.0,175427.0,175516.0,175566.0,175623.0,175685.0,175759.0,175829.0,175946.0,176015.0,176066.0,176136.0,176203.0,176330.0,176433.0,176511.0,176587.0,176646.0,176697.0,176774.0,176837.0,176903.0,176960.0,177029.0,177088.0,177156.0,177211.0,177277.0,177337.0,177408.0,177465.0,177511.0,177546.0,177600.0,177660.0,177738.0,177795.0,177848.0,177919.0,177984.0,178035.0,178099.0,178148.0,178195.0,178266.0,178332.0,178378.0,178449.0,178521.0,178602.0,178710.0,178811.0,178877.0,178938.0,179011.0,179081.0,179153.0,179212.0,179279.0,179352.0,179397.0,179474.0,179540.0,179593.0,179674.0,179747.0,179804.0,179872.0,179929.0,179991.0,180047.0,180108.0,180172.0,180245.0,180329.0,180393.0,180454.0,180557.0,180631.0,,,,,,,,,181223.0,181273.0,181336.0,181401.0,181470.0,181530.0,181598.0,181679.0,181758.0,181825.0,181895.0,181960.0,182040.0,182102.0,182162.0,182214.0,182280.0,182345.0,182438.0,182496.0,182556.0,182600.0,182640.0,182707.0,182777.0,182859.0,182920.0,182999.0,183091.0,183150.0,183214.0,183278.0,183342.0,183407.0,183483.0,183547.0,183626.0,183697.0,183744.0,183812.0,183868.0,183945.0,184003.0,184065.0,184114.0,184184.0,184261.0,184304.0,184358.0,184418.0,184456.0,184488.0,184528.0,184574.0,184610.0,184656.0,184710.0,184749.0,184791.0,184836.0,184880.0,184910.0,184943.0,184971.0,184998.0,185040.0,185074.0,185124.0,185166.0,185198.0,185229.0,185253.0,185290.0,185335.0,185370.0,185418.0,185472.0,185508.0,185549.0,185580.0,185616.0,185669.0,185708.0,185749.0,185791.0,185821.0,185865.0,185899.0,185951.0,186002.0,186048.0,186080.0,186124.0,186161.0,186193.0,186237.0,186285.0,186321.0,186349.0,186381.0,186414.0,186456.0,186507.0,186578.0,186627.0,186661.0,186694.0,186738.0,186772.0,186816.0,186853.0,186884.0,186907.0,186937.0,186965.0,186998.0,187023.0,187073.0,187115.0,187148.0,187176.0,,187249.0,187277.0,187341.0,187411.0,187447.0,187504.0,187535.0,187576.0,187623.0,187659.0,187697.0,187764.0,187798.0,187836.0,187884.0,187924.0,187974.0,188020.0,188056.0,188108.0,188169.0,188214.0,188274.0,188321.0,188371.0,188394.0,188441.0,188480.0,188526.0,188567.0,188613.0,188656.0,188694.0,188722.0,188763.0,188811.0,188847.0,188879.0,188919.0,189025.0,189103.0,189173.0,189223.0,189292.0,189375.0,189434.0,189506.0,189567.0,189626.0,189693.0,189792.0,189856.0,189949.0,190015.0,190054.0,190117.0,190187.0,190235.0,190294.0,190371.0,190424.0,190461.0,190518.0,190588.0,190699.0,190782.0,190881.0,190956.0,191036.0,191135.0,191247.0,191362.0,191492.0,191624.0,191739.0,191816.0,191912.0,191986.0,192074.0,192164.0,192237.0,192298.0,192339.0,192378.0,192436.0,192498.0,192545.0,192582.0,192643.0,192689.0,192742.0,192812.0,192859.0,192916.0,192960.0,193016.0,193054.0,193107.0,193151.0,193191.0,193223.0,193263.0,193298.0,193349.0,193397.0,193430.0,193484.0,193529.0,193587.0,193636.0,193675.0,193724.0,193775.0,193837
QL8md3uEcYo,293288.0,293371.0,293442.0,293528.0,293634.0,293727.0,293868.0,293967.0,294096.0,294215.0,294319.0,294456.0,294563.0,294670.0,294775.0,294895.0,294992.0,295082.0,295181.0,295279.0,295344.0,295439.0,295542.0,295646.0,295763.0,295895.0,296011.0,296105.0,296221.0,296329.0,296422.0,296548.0,296642.0,296735.0,296815.0,296940.0,297037.0,297154.0,297256.0,297342.0,297429.0,297534.0,297630.0,297775.0,297885.0,298009.0,298106.0,298226.0,298312.0,298459.0,298566.0,298667.0,298752.0,298847.0,298951.0,299060.0,299130.0,299243.0,299327.0,299416.0,299521.0,299612.0,299724.0,299823.0,299940.0,300013.0,300094.0,300209.0,300272.0,300383.0,300469.0,300538.0,300611.0,300698.0,300796.0,300896.0,300987.0,301077.0,301161.0,301228.0,301292.0,301389.0,301480.0,301566.0,301643.0,301754.0,301830.0,301917.0,301992.0,302072.0,302143.0,302220.0,302319.0,302405.0,302510.0,302576.0,302656.0,302756.0,302862.0,302957.0,303033.0,303096.0,303175.0,303297.0,303388.0,303469.0,303562.0,303663.0,303739.0,303827.0,303919.0,304033.0,304125.0,304208.0,304322.0,304407.0,304505.0,304602.0,304730.0,304859.0,304970.0,305052.0,305155.0,305232.0,305331.0,305426.0,305525.0,305630.0,305720.0,305812.0,305918.0,305999.0,306078.0,306161.0,,,,,,,,,306987.0,307064.0,307138.0,307233.0,307305.0,307389.0,307457.0,307543.0,307654.0,307782.0,307864.0,307953.0,308025.0,308131.0,308201.0,308271.0,308333.0,308429.0,308527.0,308618.0,308701.0,308797.0,308907.0,309009.0,309121.0,309203.0,309296.0,309395.0,309478.0,309581.0,309693.0,309768.0,309875.0,310018.0,310120.0,310220.0,310329.0,310448.0,310546.0,310619.0,310715.0,310814.0,310907.0,311009.0,311108.0,311216.0,311300.0,311402.0,311510.0,311604.0,311681.0,311773.0,311842.0,311916.0,312013.0,312095.0,312196.0,312251.0,312338.0,312427.0,312516.0,312625.0,312726.0,312827.0,312913.0,313002.0,313121.0,313240.0,313320.0,313425.0,313538.0,313616.0,313724.0,313818.0,313902.0,314023.0,314122.0,314205.0,314270.0,314363.0,314466.0,314523.0,314599.0,314665.0,314750.0,314825.0,314902.0,314973.0,315050.0,315120.0,315206.0,315289.0,315363.0,315430.0,315515.0,315581.0,315646.0,315729.0,315835.0,315927.0,315998.0,316070.0,316138.0,316214.0,316299.0,316389.0,316460.0,316531.0,316587.0,316662.0,316732.0,316810.0,316869.0,316976.0,317073.0,317149.0,317218.0,317290.0,317353.0,317445.0,317511.0,,317681.0,317772.0,317833.0,317926.0,317991.0,318071.0,318148.0,318241.0,318312.0,318389.0,318459.0,318539.0,318622.0,318689.0,318781.0,318846.0,318916.0,318997.0,319081.0,319161.0,319249.0,319334.0,319419.0,319493.0,319576.0,319653.0,319739.0,319810.0,319895.0,320006.0,320110.0,320205.0,320305.0,320370.0,320478.0,320581.0,320669.0,320798.0,320875.0,320952.0,321041.0,321113.0,321227.0,321320.0,321389.0,321460.0,321545.0,321616.0,321691.0,321776.0,321842.0,321907.0,321973.0,322066.0,322141.0,322234.0,322318.0,322399.0,322497.0,322585.0,322675.0,322746.0,322819.0,322900.0,322969.0,323048.0,323121.0,323188.0,323275.0,323358.0,323437.0,323546.0,323642.0,323769.0,323835.0,323928.0,324019.0,324070.0,324161.0,324223.0,324312.0,324397.0,324468.0,324540.0,324627.0,324699.0,324775.0,324830.0,324924.0,324993.0,325079.0,325154.0,325212.0,325284.0,325380.0,325466.0,325546.0,325641.0,325722.0,325799.0,325866.0,325952.0,326026.0,326120.0,326190.0,326257.0,326354.0,326432.0,326496.0,326581.0,326631.0,326677.0,326740.0,326815
jRkbkHkT3UE,30344.0,30365.0,30392.0,30407.0,30432.0,30461.0,30494.0,30529.0,30568.0,30605.0,30628.0,30658.0,30704.0,30746.0,30770.0,30811.0,30845.0,30868.0,30902.0,30942.0,30977.0,31002.0,31034.0,31052.0,31071.0,31108.0,31130.0,31170.0,31195.0,31220.0,31260.0,31284.0,31307.0,31340.0,31371.0,31395.0,31416.0,31437.0,31450.0,31477.0,31505.0,31536.0,31551.0,31573.0,31593.0,31619.0,31643.0,31673.0,31699.0,31719.0,31735.0,31744.0,31761.0,31781.0,31798.0,31812.0,31828.0,31854.0,31869.0,31888.0,31906.0,31920.0,31937.0,31960.0,31977.0,31988.0,32006.0,32025.0,32047.0,32063.0,32078.0,32090.0,32112.0,32133.0,32157.0,32175.0,32199.0,32225.0,32252.0,32269.0,32289.0,32308.0,32327.0,32347.0,32372.0,32396.0,32412.0,32419.0,32432.0,32443.0,32458.0,32479.0,32502.0,32515.0,32530.0,32549.0,32566.0,32581.0,32603.0,32619.0,32634.0,32656.0,32672.0,32685.0,32707.0,32724.0,32751.0,32767.0,32782.0,32798.0,32814.0,32836.0,32865.0,32894.0,32918.0,32939.0,32964.0,32985.0,33003.0,33029.0,33053.0,33074.0,33100.0,33117.0,33153.0,33166.0,33183.0,33208.0,33230.0,33254.0,33273.0,33291.0,33306.0,33325.0,,,,,,,,,33569.0,33598.0,33628.0,33685.0,33712.0,33758.0,33784.0,33819.0,33862.0,33886.0,33918.0,33947.0,33975.0,33994.0,34019.0,34041.0,34065.0,34082.0,34106.0,34130.0,34153.0,34181.0,34197.0,34217.0,34243.0,34273.0,34291.0,34315.0,34335.0,34351.0,34363.0,34387.0,34406.0,34415.0,34434.0,34462.0,34479.0,34500.0,34523.0,34535.0,34559.0,34575.0,34596.0,34613.0,34633.0,34657.0,34668.0,34687.0,34709.0,34732.0,34748.0,34763.0,34783.0,34807.0,34824.0,34848.0,34861.0,34875.0,34888.0,34909.0,34934.0,34943.0,34956.0,34978.0,34984.0,35003.0,35025.0,35039.0,35066.0,35092.0,35111.0,35133.0,35153.0,35174.0,35195.0,35228.0,35251.0,35270.0,35293.0,35321.0,35343.0,35361.0,35382.0,35415.0,35438.0,35459.0,35472.0,35489.0,35512.0,35547.0,35571.0,35592.0,35611.0,35635.0,35647.0,35671.0,35696.0,35719.0,35735.0,35756.0,35771.0,35799.0,35825.0,35848.0,35879.0,35903.0,35921.0,35946.0,35966.0,35991.0,36015.0,36035.0,36049.0,36069.0,36078.0,36087.0,36103.0,36127.0,36158.0,36176.0,36187.0,,36212.0,36230.0,36249.0,36270.0,36282.0,36298.0,36316.0,36331.0,36348.0,36365.0,36382.0,36395.0,36407.0,36420.0,36438.0,36457.0,36481.0,36504.0,36521.0,36539.0,36558.0,36572.0,36584.0,36607.0,36626.0,36638.0,36650.0,36661.0,36677.0,36694.0,36714.0,36728.0,36740.0,36758.0,36770.0,36781.0,36803.0,36818.0,36846.0,36859.0,36867.0,36878.0,36903.0,36923.0,36952.0,36980.0,36999.0,37021.0,37060.0,37097.0,37130.0,37163.0,37196.0,37237.0,37262.0,37287.0,37311.0,37327.0,37352.0,37382.0,37395.0,37407.0,37424.0,37457.0,37484.0,37513.0,37569.0,37599.0,37631.0,37659.0,37687.0,37718.0,37755.0,37781.0,37816.0,37851.0,37875.0,37909.0,37949.0,37989.0,38022.0,38037.0,38051.0,38077.0,38103.0,38121.0,38142.0,38172.0,38189.0,38202.0,38215.0,38238.0,38259.0,38280.0,38305.0,38327.0,38346.0,38366.0,38384.0,38406.0,38425.0,38447.0,38462.0,38479.0,38496.0,38527.0,38558.0,38578.0,38605.0,38619.0,38630.0,38648.0,38661.0,38693
zeCL0dZsmqI,340747.0,340917.0,341107.0,341306.0,341566.0,341862.0,342140.0,342390.0,342716.0,342924.0,343091.0,343278.0,343472.0,343636.0,343868.0,344076.0,344331.0,344496.0,344759.0,344940.0,345189.0,345412.0,345628.0,345794.0,345931.0,346111.0,346307.0,346477.0,346718.0,346919.0,347132.0,347344.0,347545.0,347827.0,348033.0,348293.0,348511.0,348669.0,348820.0,348978.0,349176.0,349345.0,349497.0,349657.0,349801.0,349915.0,350074.0,350212.0,350362.0,350506.0,350664.0,350804.0,350932.0,351085.0,351218.0,351404.0,351531.0,351696.0,351807.0,351925.0,352048.0,352204.0,352348.0,352503.0,352762.0,352907.0,353080.0,353260.0,353434.0,353688.0,353850.0,354007.0,354148.0,354290.0,354450.0,354659.0,354810.0,354980.0,355125.0,355303.0,355456.0,355644.0,355813.0,356009.0,356245.0,356514.0,356746.0,356946.0,357129.0,357313.0,357488.0,357687.0,357901.0,358125.0,358287.0,358449.0,358644.0,358849.0,359016.0,359184.0,359328.0,359486.0,359641.0,359796.0,359993.0,360186.0,360358.0,360485.0,360642.0,360791.0,360966.0,361117.0,361329.0,361506.0,361715.0,361859.0,362065.0,362257.0,362419.0,362587.0,362701.0,362826.0,362916.0,363043.0,363171.0,363305.0,363414.0,363544.0,363683.0,363809.0,363944.0,364100.0,364250.0,364384.0,,,,,,,,,365884.0,366041.0,366202.0,366355.0,366518.0,366683.0,366844.0,366976.0,367134.0,367299.0,367529.0,367731.0,367920.0,368137.0,368309.0,368517.0,368703.0,368939.0,369125.0,369334.0,369569.0,369872.0,370046.0,370270.0,370442.0,370665.0,370851.0,371028.0,371206.0,371373.0,371564.0,371740.0,371913.0,372081.0,372258.0,372459.0,372599.0,372860.0,373072.0,373313.0,373646.0,374006.0,374341.0,374535.0,374792.0,375107.0,375401.0,375676.0,376047.0,376320.0,376547.0,376767.0,377077.0,377314.0,377560.0,377841.0,378114.0,378257.0,378474.0,378616.0,378770.0,378921.0,379070.0,379206.0,379352.0,379528.0,379695.0,379902.0,380170.0,380450.0,380761.0,381026.0,381349.0,381722.0,382045.0,382370.0,382702.0,383011.0,383316.0,383680.0,384122.0,384491.0,384793.0,385166.0,385400.0,385581.0,385789.0,386062.0,386306.0,386531.0,386787.0,387004.0,387158.0,387381.0,387615.0,387859.0,388094.0,388322.0,388504.0,388636.0,388780.0,388978.0,389180.0,389347.0,389530.0,389683.0,389831.0,389980.0,390164.0,390347.0,390540.0,390722.0,390878.0,391013.0,391146.0,391290.0,391392.0,391571.0,391713.0,391814.0,391930.0,,392173.0,392322.0,392475.0,392646.0,392751.0,392855.0,392955.0,393069.0,393178.0,393322.0,393463.0,393600.0,393699.0,393845.0,393967.0,394153.0,394298.0,394436.0,394559.0,394672.0,394858.0,395005.0,395174.0,395358.0,395499.0,395652.0,395772.0,395871.0,395999.0,396137.0,396272.0,396397.0,396507.0,396598.0,396736.0,396824.0,396956.0,397071.0,397188.0,397323.0,397447.0,397549.0,397678.0,397795.0,397949.0,398119.0,398403.0,398724.0,399137.0,399625.0,400062.0,400562.0,400859.0,401178.0,401404.0,401608.0,401935.0,402240.0,402581.0,402867.0,403084.0,403320.0,403617.0,403889.0,404161.0,404591.0,405147.0,405594.0,405989.0,406485.0,406854.0,407431.0,407941.0,408263.0,408639.0,408902.0,409246.0,409597.0,409950.0,410266.0,410635.0,410956.0,411194.0,411539.0,411863.0,412223.0,412655.0,413093.0,413669.0,414183.0,414629.0,415125.0,415599.0,416097.0,416566.0,416988.0,417288.0,417771.0,418255.0,418637.0,419097.0,419607.0,420028.0,420326.0,420727.0,421085.0,421470.0,421878.0,422198.0,422552.0,422870.0,423223.0,423557.0,423927
MzBMbwVREX8,597858.0,597919.0,598001.0,598090.0,598170.0,598264.0,598345.0,598431.0,598548.0,598659.0,598769.0,598866.0,598983.0,599082.0,599195.0,599279.0,599368.0,599426.0,599511.0,599588.0,599661.0,599755.0,599824.0,599882.0,599958.0,600034.0,600097.0,600150.0,600232.0,600308.0,600394.0,600462.0,600539.0,600598.0,600656.0,600747.0,600821.0,600898.0,600984.0,601040.0,601113.0,601201.0,601278.0,601383.0,601499.0,601576.0,601678.0,601768.0,601860.0,601941.0,602007.0,602097.0,602155.0,602223.0,602309.0,602371.0,602434.0,602486.0,602549.0,602610.0,602696.0,602759.0,602852.0,602940.0,603032.0,603111.0,603196.0,603304.0,603379.0,603498.0,603575.0,603674.0,603733.0,603790.0,603863.0,603952.0,604041.0,604112.0,604183.0,604268.0,604333.0,604388.0,604445.0,604523.0,604596.0,604680.0,604765.0,604828.0,604879.0,604941.0,605010.0,605070.0,605135.0,605183.0,605234.0,605304.0,605368.0,605431.0,605505.0,605581.0,605662.0,605730.0,605810.0,605911.0,605988.0,606058.0,606155.0,606242.0,606311.0,606394.0,606470.0,606561.0,606624.0,606709.0,606776.0,606850.0,606943.0,607042.0,607127.0,607221.0,607311.0,607398.0,607463.0,607522.0,607604.0,607697.0,607780.0,607862.0,607931.0,608010.0,608079.0,608159.0,608241.0,608332.0,,,,,,,,,609149.0,609247.0,609363.0,609452.0,609559.0,609648.0,609731.0,609823.0,609936.0,610018.0,610109.0,610192.0,610268.0,610365.0,610449.0,610504.0,610614.0,610677.0,610791.0,610870.0,610970.0,611064.0,611129.0,611196.0,611260.0,611319.0,611402.0,611519.0,611603.0,611680.0,611764.0,611869.0,611953.0,612038.0,612112.0,612193.0,612291.0,612398.0,612540.0,612653.0,612774.0,612851.0,612943.0,613020.0,613105.0,613200.0,613325.0,613415.0,613512.0,613605.0,613684.0,613775.0,613852.0,613976.0,614065.0,614170.0,614254.0,614320.0,614403.0,614486.0,614567.0,614643.0,614744.0,614839.0,614898.0,614983.0,615080.0,615152.0,615216.0,615310.0,615390.0,615487.0,615556.0,615687.0,615790.0,615907.0,616026.0,616139.0,616235.0,616334.0,616454.0,616544.0,616668.0,616759.0,616863.0,616954.0,617047.0,617147.0,617228.0,617325.0,617428.0,617515.0,617585.0,617661.0,617747.0,617840.0,617952.0,618018.0,618116.0,618178.0,618250.0,618326.0,618416.0,618505.0,618579.0,618684.0,618742.0,618805.0,618902.0,618978.0,619052.0,619128.0,619217.0,619289.0,619358.0,619433.0,619496.0,619584.0,619668.0,619780.0,619861.0,,620030.0,620137.0,620210.0,620318.0,620413.0,620517.0,620593.0,620676.0,620746.0,620844.0,620934.0,621027.0,621116.0,621174.0,621277.0,621386.0,621482.0,621599.0,621699.0,621819.0,621926.0,622047.0,622141.0,622264.0,622366.0,622485.0,622597.0,622713.0,622837.0,622960.0,623054.0,623219.0,623348.0,623475.0,623601.0,623719.0,623846.0,623957.0,624087.0,624194.0,624268.0,624416.0,624510.0,624629.0,624761.0,624875.0,624967.0,625066.0,625183.0,625271.0,625392.0,625484.0,625600.0,625697.0,625775.0,625880.0,626018.0,626163.0,626252.0,626375.0,626506.0,626622.0,626737.0,626870.0,627014.0,627147.0,627275.0,627469.0,627604.0,627751.0,627890.0,627996.0,628134.0,628279.0,628423.0,628568.0,628748.0,628910.0,629079.0,629261.0,629402.0,629558.0,629677.0,629832.0,630020.0,630171.0,630328.0,630501.0,630776.0,631130.0,631392.0,631578.0,631731.0,631894.0,632041.0,632170.0,632294.0,632436.0,632570.0,632728.0,632885.0,633024.0,633144.0,633277.0,633409.0,633514.0,633635.0,633760.0,633919.0,634018.0,634125.0,634262.0,634381.0,634500
2bLuHUuwEFo,263905.0,264084.0,264216.0,264354.0,264550.0,264673.0,264835.0,264991.0,265214.0,265373.0,265522.0,265712.0,265889.0,266094.0,266307.0,266496.0,266687.0,266855.0,267035.0,267275.0,267460.0,267716.0,267877.0,268070.0,268208.0,268368.0,268603.0,268817.0,268990.0,269174.0,269283.0,269419.0,269561.0,269726.0,269891.0,270051.0,270205.0,270343.0,270458.0,270626.0,270777.0,270936.0,271094.0,271262.0,271392.0,271504.0,271651.0,271827.0,271979.0,272158.0,272314.0,272469.0,272584.0,272729.0,272919.0,273083.0,273277.0,273439.0,273595.0,273739.0,273917.0,274091.0,274247.0,274422.0,274593.0,274747.0,274898.0,275061.0,275204.0,275435.0,275661.0,275829.0,275981.0,276153.0,276307.0,276487.0,276671.0,276801.0,277015.0,277166.0,277320.0,277463.0,277617.0,277787.0,277959.0,278158.0,278310.0,278427.0,278603.0,278775.0,279005.0,279266.0,279502.0,279752.0,279993.0,280244.0,280497.0,280751.0,280989.0,281394.0,281734.0,282009.0,282426.0,282792.0,283105.0,283386.0,283677.0,283956.0,284194.0,284492.0,284917.0,285198.0,285563.0,285884.0,286154.0,286379.0,286673.0,286995.0,287351.0,287727.0,288007.0,288340.0,288630.0,289016.0,289321.0,289606.0,289879.0,290131.0,290427.0,290606.0,290815.0,291018.0,291245.0,291499.0,,,,,,,,,293868.0,294086.0,294314.0,294545.0,294784.0,295008.0,295163.0,295300.0,295447.0,295585.0,295719.0,295879.0,296034.0,296217.0,296325.0,296443.0,296622.0,296765.0,296895.0,297076.0,297299.0,297468.0,297626.0,297828.0,297995.0,298147.0,298343.0,298555.0,298723.0,298873.0,299061.0,299246.0,299418.0,299603.0,299773.0,299932.0,300056.0,300219.0,300358.0,300522.0,300682.0,300869.0,301014.0,301129.0,301300.0,301453.0,301613.0,301774.0,301943.0,302064.0,302192.0,302332.0,302461.0,302599.0,302728.0,302863.0,302993.0,303093.0,303220.0,303350.0,303509.0,303603.0,303731.0,303833.0,303942.0,304095.0,304232.0,304379.0,304499.0,304637.0,304795.0,304908.0,305102.0,305283.0,305450.0,305629.0,305830.0,305975.0,306111.0,306292.0,306476.0,306630.0,306843.0,307058.0,307193.0,307353.0,307497.0,307685.0,307862.0,308039.0,308210.0,308354.0,308495.0,308640.0,308832.0,309014.0,309233.0,309432.0,309652.0,309780.0,309935.0,310136.0,310313.0,310476.0,310687.0,310791.0,310914.0,311068.0,311222.0,311383.0,311582.0,311823.0,311983.0,312138.0,312241.0,312390.0,312525.0,312672.0,312842.0,312956.0,313034.0,,313265.0,313410.0,313542.0,313681.0,313780.0,313853.0,313937.0,314045.0,314174.0,314272.0,314359.0,314476.0,314556.0,314662.0,314770.0,314891.0,315016.0,315151.0,315268.0,315395.0,315530.0,315665.0,315802.0,315925.0,316051.0,316147.0,316240.0,316341.0,316459.0,316574.0,316690.0,316798.0,316897.0,316953.0,317043.0,317142.0,317241.0,317340.0,317456.0,317551.0,317669.0,317784.0,317905.0,318022.0,318164.0,318350.0,318536.0,318675.0,318883.0,319148.0,319381.0,319599.0,319846.0,320098.0,320280.0,320505.0,320777.0,321053.0,321321.0,321542.0,321756.0,321933.0,322200.0,322499.0,322861.0,323222.0,323516.0,323790.0,324042.0,324295.0,324550.0,324850.0,325196.0,325569.0,325884.0,326156.0,326573.0,326964.0,327392.0,327709.0,328067.0,328334.0,328597.0,328863.0,329143.0,329369.0,329584.0,329820.0,330026.0,330202.0,330396.0,330600.0,330805.0,331050.0,331312.0,331501.0,331673.0,331903.0,332187.0,332428.0,332668.0,332865.0,333038.0,333229.0,333480.0,333718.0,334020.0,334327.0,334587.0,334795.0,334991.0,335235.0,335456.0,335720
-YTgxThz9Qc,,,,,,,,,,,,,,,,,,,,,,,,,,,,,,,,,,,,,,,,,,,,,,,,,,,,,,,,,,,,,,,,,,,,,,,,,,,,,,,,,,,,,,,,,,,,,,,,,,,,,,,,,,,,,,,,,,,,,,,,,,,,,,,,,,,,,,,,,,,,,,,,,,,,,,,,,,,,,,,,,,,,,,,,,,,,,,,,,,,,,,,,,,,,,,,,,,,,,,,,,,,,,,,,,,,,,,,,,,,,,,,,,,,,,,,,,,,,,,,,,,,,,,,,,,,,,,,,,,,,,,,,,,,,,,,,,,,,,,,,,,,,,,,,,,,,,,,,,,,,,,,,,,,,,,,,,,,,,,,,,,,,,,,,,,,,,,,,,,,,,,,,,,,,,,,,,,,,,,,,,,,,,,,,,,,,,,,,,,
UUPYjahpSlk,3261.0,3263.0,3263.0,3264.0,3265.0,3266.0,3267.0,3268.0,3269.0,3271.0,3273.0,3277.0,3280.0,3280.0,3280.0,3281.0,3282.0,3283.0,3284.0,3284.0,3284.0,3285.0,3286.0,3286.0,3288.0,3288.0,3288.0,3289.0,3289.0,3290.0,3290.0,3291.0,3291.0,3291.0,3291.0,3291.0,3294.0,3299.0,3300.0,3300.0,3301.0,3302.0,3303.0,3303.0,3304.0,3306.0,3306.0,3306.0,3307.0,3308.0,3309.0,3309.0,3309.0,3309.0,3309.0,3311.0,3311.0,3312.0,3311.0,3313.0,3314.0,3315.0,3317.0,3317.0,3317.0,3318.0,3321.0,3322.0,3323.0,3323.0,3323.0,3323.0,3324.0,3325.0,3325.0,3325.0,3325.0,3326.0,3326.0,3328.0,3330.0,3330.0,3330.0,3330.0,3332.0,3332.0,3332.0,3332.0,3332.0,3332.0,3332.0,3333.0,3333.0,3336.0,3336.0,3336.0,3336.0,3337.0,3337.0,3338.0,3339.0,3339.0,3339.0,3339.0,3340.0,3340.0,3340.0,3340.0,3341.0,3341.0,3341.0,3343.0,3343.0,3343.0,3343.0,3344.0,3344.0,3344.0,3344.0,3344.0,3344.0,3344.0,3344.0,3344.0,3345.0,3345.0,3345.0,3345.0,3345.0,3345.0,3345.0,3345.0,3347.0,3348.0,,,,,,,,,3351.0,3352.0,3352.0,3354.0,3354.0,3355.0,3355.0,3355.0,3355.0,3355.0,3355.0,3355.0,3355.0,3356.0,3356.0,3356.0,3356.0,3356.0,3356.0,3356.0,3356.0,3356.0,3356.0,3357.0,3357.0,3357.0,3357.0,3357.0,3359.0,3359.0,3359.0,3360.0,3360.0,3360.0,3361.0,3361.0,3362.0,3362.0,3365.0,3366.0,3367.0,3365.0,3367.0,3368.0,3369.0,3369.0,3369.0,3369.0,3371.0,3371.0,3371.0,3372.0,3374.0,3374.0,3374.0,3374.0,3374.0,3374.0,3374.0,3374.0,3375.0,3375.0,3375.0,3376.0,3376.0,3376.0,3377.0,3378.0,3378.0,3378.0,3378.0,3378.0,3379.0,3380.0,3380.0,3382.0,3380.0,3380.0,3380.0,3380.0,3380.0,3380.0,3380.0,3381.0,3381.0,3382.0,3382.0,3383.0,3383.0,3383.0,3383.0,3383.0,3384.0,3384.0,3387.0,3389.0,3385.0,3385.0,3386.0,3387.0,3388.0,3389.0,3389.0,3389.0,3389.0,3389.0,3389.0,3389.0,3390.0,3390.0,3390.0,3390.0,3391.0,3391.0,3391.0,3391.0,3391.0,3394.0,3395.0,3395.0,3395.0,,3397.0,3397.0,3397.0,3397.0,3397.0,3398.0,3398.0,3398.0,3398.0,3398.0,3398.0,3398.0,3398.0,3399.0,3399.0,3399.0,3399.0,3400.0,3400.0,3400.0,3400.0,3400.0,3400.0,3400.0,3400.0,3400.0,3400.0,3400.0,3400.0,3400.0,3400.0,3400.0,3400.0,3400.0,3400.0,3400.0,3400.0,3400.0,3400.0,3402.0,3402.0,3403.0,3404.0,3404.0,3404.0,3404.0,3404.0,3404.0,3404.0,3404.0,3404.0,3404.0,3404.0,3404.0,3404.0,3404.0,3408.0,3410.0,3411.0,3411.0,3412.0,3413.0,3413.0,3413.0,3413.0,3414.0,3414.0,3415.0,3415.0,3415.0,3415.0,3416.0,3416.0,3416.0,3417.0,3420.0,3422.0,3422.0,3424.0,3425.0,3425.0,3425.0,3426.0,3426.0,3426.0,3427.0,3427.0,3427.0,3429.0,3429.0,3430.0,3430.0,3430.0,3431.0,3431.0,3431.0,3431.0,3431.0,3431.0,3431.0,3432.0,3432.0,3432.0,3432.0,3432.0,3432.0,3432.0,3432.0,3432.0,3432.0,3432.0,3432.0,3433.0,3433
UejGF4RnI44,4595.0,4598.0,4601.0,4602.0,4605.0,4608.0,4611.0,4612.0,4613.0,4614.0,4615.0,4615.0,4616.0,4617.0,4620.0,4620.0,4620.0,4621.0,4622.0,4622.0,4624.0,4625.0,4625.0,4626.0,4626.0,4627.0,4627.0,4627.0,4629.0,4630.0,4632.0,4633.0,4634.0,4634.0,4635.0,4635.0,4636.0,4640.0,4640.0,4641.0,4642.0,4644.0,4646.0,4647.0,4649.0,4649.0,4650.0,4651.0,4652.0,4657.0,4657.0,4659.0,4660.0,4661.0,4662.0,4662.0,4662.0,4662.0,4663.0,4664.0,4665.0,4666.0,4669.0,4670.0,4670.0,4674.0,4674.0,4676.0,4677.0,4679.0,4679.0,4680.0,4680.0,4682.0,4684.0,4684.0,4684.0,4684.0,4684.0,4687.0,4688.0,4689.0,4689.0,4689.0,4690.0,4690.0,4690.0,4691.0,4692.0,4694.0,4695.0,4695.0,4696.0,4697.0,4697.0,4698.0,4699.0,4700.0,4700.0,4701.0,4701.0,4701.0,4701.0,4702.0,4702.0,4704.0,4704.0,4704.0,4705.0,4706.0,4706.0,4707.0,4708.0,4708.0,4709.0,4710.0,4711.0,4711.0,4711.0,4711.0,4712.0,4713.0,4714.0,4715.0,4715.0,4715.0,4715.0,4715.0,4715.0,4716.0,4716.0,4716.0,4717.0,4717.0,,,,,,,,,4719.0,4719.0,4719.0,4719.0,4720.0,4721.0,4721.0,4721.0,4721.0,4721.0,4723.0,4724.0,4724.0,4724.0,4725.0,4725.0,4725.0,4725.0,4725.0,4725.0,4726.0,4726.0,4726.0,4726.0,4728.0,4728.0,4728.0,4728.0,4728.0,4728.0,4729.0,4731.0,4732.0,4733.0,4733.0,4733.0,4735.0,4735.0,4736.0,4736.0,4736.0,4737.0,4737.0,4737.0,4739.0,4740.0,4740.0,4740.0,4742.0,4742.0,4744.0,4745.0,4745.0,4746.0,4746.0,4746.0,4746.0,4746.0,4747.0,4747.0,4748.0,4748.0,4748.0,4749.0,4749.0,4750.0,4752.0,4752.0,4753.0,4754.0,4757.0,4758.0,4759.0,4759.0,4759.0,4759.0,4761.0,4763.0,4763.0,4763.0,4763.0,4763.0,4763.0,4763.0,4763.0,4764.0,4765.0,4765.0,4765.0,4768.0,4768.0,4768.0,4770.0,4770.0,4772.0,4773.0,4773.0,4773.0,4775.0,4775.0,4775.0,4775.0,4775.0,4776.0,4776.0,4776.0,4776.0,4776.0,4782.0,4783.0,4784.0,4785.0,4785.0,4785.0,4785.0,4785.0,4786.0,4792.0,4793.0,4794.0,4796.0,,4797.0,4801.0,4802.0,4802.0,4804.0,4804.0,4805.0,4805.0,4805.0,4806.0,4808.0,4809.0,4810.0,4812.0,4812.0,4812.0,4812.0,4814.0,4814.0,4814.0,4815.0,4817.0,4817.0,4819.0,4820.0,4822.0,4822.0,4822.0,4822.0,4829.0,4830.0,4830.0,4830.0,4830.0,4832.0,4832.0,4832.0,4832.0,4832.0,4833.0,4834.0,4835.0,4835.0,4837.0,4838.0,4838.0,4838.0,4838.0,4838.0,4839.0,4839.0,4839.0,4839.0,4839.0,4839.0,4839.0,4854.0,4857.0,4860.0,4861.0,4861.0,4862.0,4863.0,4863.0,4865.0,4865.0,4866.0,4867.0,4867.0,4867.0,4867.0,4868.0,4871.0,4871.0,4873.0,4874.0,4874.0,4875.0,4876.0,4876.0,4876.0,4876.0,4877.0,4877.0,4881.0,4882.0,4882.0,4884.0,4884.0,4884.0,4884.0,4884.0,4885.0,4885.0,4886.0,4887.0,4889.0,4889.0,4892.0,4893.0,4895.0,4896.0,4898.0,4898.0,4898.0,4898.0,4898.0,4899.0,4899.0,4899.0,4900.0,4900.0,4900.0,4901
nMC334ggHbk,2832.0,2851.0,2874.0,2908.0,2960.0,2991.0,3039.0,3082.0,3124.0,3160.0,3226.0,3324.0,3391.0,3446.0,3481.0,3557.0,3620.0,3675.0,3759.0,3846.0,3916.0,4007.0,4121.0,4208.0,4276.0,4350.0,4406.0,4538.0,4666.0,4842.0,4983.0,5104.0,5216.0,5324.0,5440.0,5560.0,5689.0,5887.0,6071.0,6173.0,6280.0,6438.0,6578.0,6737.0,6866.0,6968.0,7124.0,7257.0,7418.0,7524.0,7655.0,7758.0,7869.0,7980.0,8092.0,8263.0,8398.0,8539.0,8661.0,8779.0,8906.0,9028.0,9145.0,9300.0,9386.0,9436.0,9493.0,9571.0,9647.0,9747.0,9825.0,9910.0,9992.0,10033.0,10112.0,10219.0,10324.0,10434.0,10556.0,10692.0,10784.0,10870.0,10969.0,11057.0,11149.0,11264.0,11356.0,11435.0,11520.0,11603.0,11672.0,11776.0,11852.0,11915.0,11975.0,12059.0,12149.0,12215.0,12319.0,12406.0,12461.0,12499.0,12574.0,12651.0,12752.0,12825.0,12913.0,12961.0,13008.0,13094.0,13171.0,13236.0,13321.0,13423.0,13486.0,13525.0,13569.0,13610.0,13664.0,13748.0,13829.0,13882.0,13922.0,13960.0,13993.0,14023.0,14067.0,14090.0,14119.0,14142.0,14172.0,14207.0,14239.0,14280.0,,,,,,,,,15067.0,15141.0,15208.0,15320.0,15522.0,15690.0,15810.0,15953.0,16100.0,16314.0,16487.0,16685.0,16930.0,17044.0,17225.0,17392.0,17593.0,17767.0,17965.0,18127.0,18223.0,18308.0,18392.0,18475.0,18562.0,18660.0,18734.0,18861.0,18958.0,19038.0,19137.0,19235.0,19323.0,19429.0,19529.0,19612.0,19660.0,19728.0,19808.0,19874.0,19956.0,20027.0,20101.0,20146.0,20220.0,20296.0,20378.0,20430.0,20511.0,20561.0,20624.0,20676.0,20746.0,20827.0,20887.0,20950.0,20994.0,21028.0,21079.0,21123.0,21177.0,21201.0,21236.0,21284.0,21314.0,21361.0,21416.0,21464.0,21493.0,21523.0,21548.0,21567.0,21606.0,21629.0,21666.0,21704.0,21727.0,21748.0,21774.0,21793.0,21828.0,21848.0,21863.0,21884.0,21906.0,21918.0,21941.0,21958.0,21974.0,21994.0,22020.0,22039.0,22053.0,22075.0,22096.0,22118.0,22133.0,22155.0,22168.0,22176.0,22198.0,22208.0,22222.0,22248.0,22268.0,22280.0,22299.0,22307.0,22324.0,22347.0,22378.0,22393.0,22408.0,22425.0,22439.0,22470.0,22484.0,22498.0,22519.0,22535.0,22557.0,,22618.0,22647.0,22667.0,22684.0,22702.0,22713.0,22728.0,22738.0,22766.0,22784.0,22816.0,22835.0,22859.0,22881.0,22901.0,22912.0,22920.0,22937.0,22955.0,22964.0,22981.0,22996.0,23013.0,23031.0,23051.0,23067.0,23083.0,23099.0,23119.0,23132.0,23145.0,23163.0,23178.0,23185.0,23210.0,23233.0,23256.0,23277.0,23295.0,23314.0,23335.0,23362.0,23392.0,23445.0,23484.0,23528.0,23572.0,23622.0,23700.0,23787.0,23898.0,23952.0,24022.0,24104.0,24151.0,24212.0,24275.0,24312.0,24394.0,24446.0,24509.0,24549.0,24599.0,24627.0,24670.0,24729.0,24892.0,24997.0,25045.0,25121.0,25164.0,25214.0,25303.0,25402.0,25482.0,25544.0,25621.0,25685.0,25749.0,25822.0,25884.0,25955.0,25996.0,26050.0,26107.0,26151.0,26184.0,26244.0,26299.0,26332.0,26363.0,26413.0,26467.0,26509.0,26565.0,26606.0,26650.0,26699.0,26744.0,26795.0,26837.0,26891.0,26929.0,26975.0,27034.0,27092.0,27146.0,27176.0,27219.0,27262.0,27301.0,27343.0,27395.0,27463
ZUK_2jwquVM,1654.0,1658.0,1665.0,1670.0,1679.0,1692.0,1706.0,1712.0,1722.0,1741.0,1747.0,1754.0,1766.0,1774.0,1785.0,1788.0,1796.0,1806.0,1824.0,1829.0,1835.0,1844.0,1847.0,1849.0,1854.0,1856.0,1861.0,1870.0,1879.0,1884.0,1885.0,1885.0,1889.0,1893.0,1901.0,1901.0,1905.0,1909.0,1911.0,1912.0,1914.0,1919.0,1927.0,1931.0,1932.0,1937.0,1944.0,1948.0,1953.0,1962.0,1969.0,1976.0,1979.0,1982.0,1984.0,1989.0,1997.0,2003.0,2006.0,2012.0,2016.0,2023.0,2034.0,2038.0,2047.0,2050.0,2054.0,2060.0,2067.0,2074.0,2083.0,2095.0,2101.0,2104.0,2106.0,2112.0,2126.0,2136.0,2140.0,2156.0,2159.0,2164.0,2173.0,2180.0,2193.0,2197.0,2202.0,2213.0,2221.0,2225.0,2230.0,2232.0,2236.0,2238.0,2241.0,2250.0,2255.0,2260.0,2261.0,2265.0,2269.0,2273.0,2278.0,2284.0,2288.0,2291.0,2294.0,2305.0,2312.0,2315.0,2318.0,2321.0,2327.0,2329.0,2330.0,2339.0,2358.0,2362.0,2369.0,2371.0,2377.0,2390.0,2400.0,2406.0,2413.0,2417.0,2424.0,2427.0,2427.0,2432.0,2433.0,2436.0,2442.0,2445.0,,,,,,,,,2490.0,2496.0,2505.0,2512.0,2516.0,2532.0,2540.0,2542.0,2550.0,2555.0,2561.0,2571.0,2577.0,2581.0,2584.0,2588.0,2590.0,2592.0,2597.0,2605.0,2607.0,2614.0,2619.0,2622.0,2629.0,2643.0,2648.0,2659.0,2664.0,2679.0,2687.0,2690.0,2698.0,2708.0,2713.0,2719.0,2726.0,2728.0,2733.0,2743.0,2756.0,2759.0,2762.0,2768.0,2780.0,2790.0,2794.0,2807.0,2811.0,2821.0,2832.0,2837.0,2842.0,2844.0,2852.0,2861.0,2865.0,2870.0,2883.0,2889.0,2897.0,2900.0,2903.0,2907.0,2915.0,2919.0,2928.0,2930.0,2931.0,2933.0,2940.0,2944.0,2952.0,2964.0,2974.0,2982.0,2993.0,3000.0,3003.0,3012.0,3021.0,3022.0,3037.0,3050.0,3063.0,3068.0,3073.0,3091.0,3104.0,3114.0,3122.0,3137.0,3151.0,3168.0,3189.0,3211.0,3228.0,3266.0,3293.0,3318.0,3372.0,3422.0,3457.0,3502.0,3535.0,3558.0,3577.0,3614.0,3649.0,3675.0,3699.0,3739.0,3763.0,3788.0,3821.0,3844.0,3855.0,3873.0,3904.0,3937.0,3959.0,,3997.0,4014.0,4039.0,4056.0,4081.0,4090.0,4100.0,4117.0,4128.0,4145.0,4167.0,4190.0,4208.0,4225.0,4234.0,4254.0,4279.0,4297.0,4316.0,4321.0,4335.0,4349.0,4366.0,4378.0,4393.0,4405.0,4426.0,4442.0,4459.0,4482.0,4503.0,4530.0,4545.0,4556.0,4567.0,4580.0,4598.0,4605.0,4625.0,4641.0,4661.0,4688.0,4711.0,4762.0,4799.0,4849.0,4907.0,4976.0,5053.0,5141.0,5222.0,5304.0,5347.0,5417.0,5455.0,5508.0,5564.0,5608.0,5661.0,5686.0,5707.0,5728.0,5747.0,5788.0,5825.0,5890.0,6022.0,6088.0,6137.0,6193.0,6273.0,6371.0,6453.0,6549.0,6622.0,6672.0,6743.0,6818.0,6898.0,6968.0,7030.0,7123.0,7205.0,7235.0,7256.0,7285.0,7307.0,7329.0,7346.0,7363.0,7381.0,7424.0,7487.0,7535.0,7572.0,7609.0,7652.0,7692.0,7719.0,7757.0,7795.0,7819.0,7847.0,7869.0,7886.0,7909.0,7935.0,7959.0,7985.0,8004.0,8044.0,8069.0,8086.0,8105
H-qWvCsqFYk,1006.0,1006.0,1006.0,1006.0,1007.0,1007.0,1007.0,1007.0,1007.0,1007.0,1007.0,1007.0,1007.0,1007.0,1007.0,1007.0,1007.0,1007.0,1007.0,1008.0,1008.0,1008.0,1009.0,1009.0,1009.0,1009.0,1009.0,1009.0,1009.0,1009.0,1009.0,1009.0,1009.0,1009.0,1009.0,1009.0,1011.0,1012.0,1012.0,1012.0,1012.0,1012.0,1012.0,1013.0,1014.0,1014.0,1014.0,1014.0,1014.0,1016.0,1016.0,1016.0,1016.0,1016.0,1016.0,1016.0,1016.0,1016.0,1016.0,1016.0,1016.0,1017.0,1017.0,1017.0,1017.0,1019.0,1019.0,1019.0,1019.0,1019.0,1019.0,1019.0,1019.0,1019.0,1019.0,1019.0,1020.0,1020.0,1020.0,1021.0,1022.0,1022.0,1022.0,1023.0,1023.0,1023.0,1023.0,1023.0,1023.0,1024.0,1024.0,1024.0,1024.0,1024.0,1024.0,1024.0,1024.0,1024.0,1024.0,1024.0,1025.0,1025.0,1025.0,1025.0,1025.0,1027.0,1027.0,1027.0,1027.0,1030.0,1031.0,1032.0,1031.0,1033.0,1033.0,1034.0,1035.0,1035.0,1035.0,1035.0,1035.0,1036.0,1036.0,1036.0,1036.0,1036.0,1036.0,1036.0,1036.0,1037.0,1037.0,1037.0,1037.0,1037.0,,,,,,,,,1038.0,1038.0,1038.0,1039.0,1039.0,1041.0,1042.0,1042.0,1042.0,1042.0,1042.0,1042.0,1042.0,1042.0,1042.0,1042.0,1042.0,1042.0,1042.0,1042.0,1042.0,1042.0,1043.0,1043.0,1043.0,1043.0,1044.0,1044.0,1044.0,1045.0,1045.0,1045.0,1045.0,1045.0,1045.0,1045.0,1045.0,1045.0,1045.0,1045.0,1045.0,1045.0,1045.0,1045.0,1045.0,1045.0,1045.0,1046.0,1046.0,1046.0,1046.0,1046.0,1047.0,1047.0,1047.0,1047.0,1047.0,1047.0,1047.0,1047.0,1048.0,1048.0,1048.0,1048.0,1048.0,1048.0,1048.0,1048.0,1048.0,1048.0,1048.0,1049.0,1049.0,1049.0,1049.0,1049.0,1049.0,1049.0,1049.0,1049.0,1049.0,1049.0,1049.0,1049.0,1049.0,1049.0,1049.0,1049.0,1049.0,1049.0,1050.0,1051.0,1051.0,1051.0,1051.0,1051.0,1051.0,1052.0,1052.0,1052.0,1051.0,1051.0,1051.0,1051.0,1051.0,1051.0,1051.0,1051.0,1054.0,1054.0,1054.0,1054.0,1054.0,1054.0,1054.0,1054.0,1054.0,1054.0,1054.0,1054.0,1054.0,,1054.0,1054.0,1055.0,1055.0,1055.0,1056.0,1056.0,1056.0,1056.0,1056.0,1056.0,1056.0,1056.0,1056.0,1057.0,1057.0,1057.0,1057.0,1057.0,1057.0,1057.0,1057.0,1057.0,1057.0,1059.0,1059.0,1059.0,1059.0,1059.0,1059.0,1059.0,1059.0,1059.0,1059.0,1059.0,1059.0,1059.0,1059.0,1059.0,1060.0,1060.0,1060.0,1060.0,1060.0,1060.0,1060.0,1060.0,1060.0,1060.0,1060.0,1061.0,1062.0,1062.0,1062.0,1062.0,1062.0,1062.0,1062.0,1062.0,1062.0,1062.0,1062.0,1062.0,1062.0,1062.0,1062.0,1062.0,1062.0,1062.0,1062.0,1062.0,1062.0,1062.0,1062.0,1063.0,1063.0,1063.0,1063.0,1063.0,1063.0,1063.0,1063.0,1063.0,1063.0,1063.0,1063.0,1063.0,1063.0,1063.0,1063.0,1063.0,1063.0,1063.0,1064.0,1065.0,1065.0,1065.0,1065.0,1065.0,1065.0,1065.0,1065.0,1065.0,1065.0,1065.0,1065.0,1065.0,1065.0,1065.0,1065.0,1065.0,1065.0,1065.0,1065
jJJJKl-HK7Y,8871.0,8874.0,8874.0,8874.0,8875.0,8877.0,8879.0,8879.0,8881.0,8881.0,8882.0,8883.0,8884.0,8885.0,8889.0,8890.0,8891.0,8892.0,8893.0,8894.0,8894.0,8894.0,8896.0,8896.0,8898.0,8900.0,8902.0,8903.0,8903.0,8905.0,8906.0,8907.0,8908.0,8908.0,8909.0,8911.0,8912.0,8915.0,8915.0,8922.0,8925.0,8927.0,8928.0,8930.0,8932.0,8934.0,8935.0,8936.0,8940.0,8941.0,8942.0,8944.0,8945.0,8947.0,8950.0,8951.0,8952.0,8953.0,8954.0,8953.0,8953.0,8954.0,8954.0,8954.0,8954.0,8956.0,8957.0,8957.0,8960.0,8961.0,8961.0,8961.0,8961.0,8961.0,8961.0,8961.0,8961.0,8962.0,8962.0,8964.0,8964.0,8966.0,8967.0,8968.0,8969.0,8970.0,8975.0,8976.0,8977.0,8979.0,8979.0,8981.0,8981.0,8981.0,8983.0,8984.0,8984.0,8984.0,8984.0,8988.0,8989.0,8989.0,8992.0,8993.0,8994.0,8994.0,8995.0,8995.0,8996.0,8999.0,8999.0,8999.0,9000.0,9000.0,9003.0,9004.0,9004.0,9005.0,9005.0,9005.0,9006.0,9007.0,9007.0,9007.0,9007.0,9009.0,9011.0,9012.0,9013.0,9016.0,9016.0,9018.0,9018.0,9020.0,,,,,,,,,9023.0,9025.0,9026.0,9026.0,9028.0,9031.0,9033.0,9033.0,9033.0,9036.0,9036.0,9036.0,9037.0,9038.0,9038.0,9038.0,9038.0,9039.0,9040.0,9040.0,9041.0,9042.0,9042.0,9042.0,9045.0,9045.0,9045.0,9045.0,9045.0,9045.0,9045.0,9046.0,9046.0,9046.0,9046.0,9047.0,9048.0,9052.0,9053.0,9055.0,9056.0,9057.0,9058.0,9058.0,9058.0,9058.0,9058.0,9058.0,9058.0,9058.0,9058.0,9058.0,9058.0,9058.0,9058.0,9058.0,9058.0,9058.0,9058.0,9059.0,9060.0,9060.0,9060.0,9060.0,9062.0,9062.0,9063.0,9064.0,9064.0,9064.0,9064.0,9064.0,9064.0,9064.0,9065.0,9065.0,9065.0,9067.0,9067.0,9067.0,9069.0,9069.0,9069.0,9069.0,9071.0,9073.0,9073.0,9073.0,9073.0,9074.0,9075.0,9074.0,9074.0,9074.0,9074.0,9074.0,9075.0,9075.0,9076.0,9076.0,9077.0,9078.0,9079.0,9079.0,9079.0,9080.0,9080.0,9080.0,9081.0,9081.0,9081.0,9081.0,9083.0,9083.0,9084.0,9084.0,9085.0,9086.0,9087.0,9087.0,9088.0,,9089.0,9091.0,9091.0,9093.0,9093.0,9095.0,9096.0,9096.0,9099.0,9099.0,9100.0,9100.0,9100.0,9101.0,9102.0,9102.0,9104.0,9104.0,9106.0,9106.0,9107.0,9110.0,9111.0,9114.0,9116.0,9119.0,9120.0,9120.0,9120.0,9120.0,9120.0,9120.0,9121.0,9121.0,9122.0,9124.0,9127.0,9131.0,9129.0,9131.0,9132.0,9134.0,9135.0,9135.0,9136.0,9136.0,9137.0,9139.0,9139.0,9139.0,9140.0,9141.0,9142.0,9142.0,9144.0,9144.0,9144.0,9147.0,9147.0,9147.0,9148.0,9148.0,9149.0,9149.0,9150.0,9151.0,9151.0,9151.0,9152.0,9153.0,9153.0,9153.0,9153.0,9153.0,9155.0,9157.0,9157.0,9157.0,9157.0,9157.0,9157.0,9159.0,9160.0,9163.0,9165.0,9166.0,9169.0,9174.0,9175.0,9175.0,9175.0,9176.0,9177.0,9180.0,9182.0,9183.0,9188.0,9192.0,9193.0,9194.0,9194.0,9194.0,9194.0,9195.0,9195.0,9195.0,9195.0,9196.0,9198.0,9200.0,9201.0,9201.0,9202.0,9202
D8KdSkVAOeQ,22530.0,22534.0,22536.0,22539.0,22542.0,22545.0,22546.0,22547.0,22550.0,22552.0,22552.0,22557.0,22561.0,22561.0,22565.0,22567.0,22571.0,22577.0,22580.0,22583.0,22585.0,22588.0,22590.0,22592.0,22593.0,22598.0,22600.0,22602.0,22603.0,22605.0,22609.0,22611.0,22614.0,22619.0,22620.0,22623.0,22625.0,22627.0,22628.0,22634.0,22638.0,22639.0,22641.0,22641.0,22646.0,22646.0,22647.0,22651.0,22652.0,22657.0,22658.0,22659.0,22663.0,22665.0,22666.0,22667.0,22667.0,22668.0,22672.0,22672.0,22673.0,22675.0,22679.0,22683.0,22685.0,22689.0,22696.0,22697.0,22699.0,22702.0,22702.0,22707.0,22711.0,22714.0,22717.0,22719.0,22720.0,22722.0,22723.0,22725.0,22728.0,22732.0,22733.0,22735.0,22737.0,22738.0,22739.0,22742.0,22742.0,22743.0,22747.0,22749.0,22751.0,22759.0,22760.0,22765.0,22768.0,22770.0,22772.0,22779.0,22783.0,22784.0,22789.0,22791.0,22797.0,22802.0,22804.0,22806.0,22809.0,22815.0,22821.0,22825.0,22828.0,22835.0,22842.0,22848.0,22855.0,22856.0,22862.0,22865.0,22870.0,22878.0,22881.0,22886.0,22889.0,22894.0,22900.0,22901.0,22904.0,22907.0,22910.0,22914.0,22915.0,22920.0,,,,,,,,,22953.0,22958.0,22959.0,22964.0,22964.0,22965.0,22968.0,22971.0,22975.0,22976.0,22978.0,22979.0,22983.0,22985.0,22986.0,22988.0,22992.0,22992.0,22993.0,22995.0,22997.0,22998.0,23002.0,23003.0,23005.0,23006.0,23011.0,23014.0,23017.0,23019.0,23020.0,23021.0,23025.0,23027.0,23030.0,23031.0,23036.0,23039.0,23041.0,23050.0,23052.0,23063.0,23066.0,23068.0,23070.0,23073.0,23077.0,23084.0,23086.0,23095.0,23099.0,23105.0,23109.0,23111.0,23113.0,23115.0,23117.0,23122.0,23125.0,23127.0,23128.0,23129.0,23129.0,23130.0,23132.0,23133.0,23142.0,23144.0,23143.0,23147.0,23150.0,23151.0,23152.0,23156.0,23159.0,23162.0,23167.0,23169.0,23171.0,23171.0,23177.0,23179.0,23182.0,23185.0,23187.0,23189.0,23194.0,23196.0,23197.0,23198.0,23201.0,23205.0,23212.0,23216.0,23221.0,23226.0,23228.0,23230.0,23232.0,23234.0,23239.0,23242.0,23245.0,23249.0,23252.0,23253.0,23262.0,23264.0,23265.0,23266.0,23267.0,23269.0,23272.0,23274.0,23277.0,23280.0,23284.0,23288.0,23294.0,23296.0,23300.0,,23306.0,23308.0,23312.0,23318.0,23319.0,23326.0,23327.0,23329.0,23331.0,23333.0,23337.0,23340.0,23341.0,23345.0,23346.0,23348.0,23351.0,23355.0,23357.0,23365.0,23372.0,23378.0,23382.0,23383.0,23384.0,23387.0,23391.0,23393.0,23399.0,23402.0,23409.0,23417.0,23420.0,23420.0,23421.0,23424.0,23429.0,23431.0,23437.0,23440.0,23451.0,23455.0,23463.0,23467.0,23474.0,23480.0,23484.0,23491.0,23494.0,23498.0,23501.0,23506.0,23513.0,23519.0,23527.0,23530.0,23533.0,23537.0,23543.0,23549.0,23555.0,23558.0,23560.0,23563.0,23566.0,23568.0,23580.0,23582.0,23594.0,23600.0,23610.0,23610.0,23616.0,23619.0,23620.0,23621.0,23629.0,23630.0,23632.0,23635.0,23639.0,23640.0,23640.0,23642.0,23642.0,23642.0,23646.0,23648.0,23648.0,23649.0,23650.0,23653.0,23655.0,23659.0,23663.0,23668.0,23672.0,23682.0,23688.0,23690.0,23697.0,23699.0,23702.0,23704.0,23707.0,23716.0,23717.0,23721.0,23729.0,23737.0,23740.0,23745.0,23751.0,23753
LBFWIP4AZis,591.0,591.0,591.0,591.0,591.0,591.0,591.0,591.0,591.0,591.0,591.0,591.0,591.0,591.0,591.0,591.0,591.0,591.0,591.0,591.0,591.0,591.0,591.0,591.0,591.0,591.0,591.0,591.0,591.0,591.0,591.0,591.0,591.0,591.0,591.0,591.0,591.0,591.0,591.0,591.0,591.0,591.0,591.0,591.0,591.0,591.0,591.0,591.0,591.0,591.0,591.0,591.0,591.0,591.0,591.0,591.0,591.0,591.0,591.0,591.0,591.0,591.0,591.0,591.0,591.0,591.0,591.0,591.0,591.0,591.0,591.0,591.0,591.0,591.0,591.0,591.0,591.0,591.0,591.0,591.0,591.0,591.0,591.0,591.0,591.0,591.0,591.0,591.0,591.0,591.0,591.0,591.0,591.0,591.0,591.0,591.0,591.0,591.0,591.0,591.0,591.0,591.0,591.0,591.0,591.0,591.0,591.0,591.0,591.0,591.0,591.0,591.0,591.0,591.0,591.0,591.0,591.0,591.0,591.0,591.0,591.0,591.0,591.0,591.0,591.0,591.0,591.0,591.0,591.0,591.0,591.0,591.0,591.0,591.0,,,,,,,,,591.0,591.0,591.0,591.0,591.0,591.0,591.0,591.0,591.0,591.0,591.0,591.0,591.0,591.0,591.0,591.0,591.0,591.0,591.0,591.0,591.0,591.0,591.0,591.0,591.0,591.0,591.0,591.0,591.0,591.0,591.0,591.0,591.0,591.0,591.0,591.0,591.0,591.0,591.0,591.0,591.0,591.0,591.0,591.0,591.0,591.0,591.0,591.0,591.0,591.0,591.0,591.0,591.0,591.0,591.0,591.0,591.0,591.0,591.0,591.0,591.0,591.0,591.0,591.0,591.0,591.0,591.0,591.0,591.0,591.0,591.0,591.0,591.0,591.0,591.0,591.0,591.0,591.0,591.0,591.0,591.0,591.0,591.0,591.0,591.0,591.0,591.0,591.0,591.0,591.0,591.0,591.0,591.0,591.0,591.0,591.0,591.0,591.0,591.0,591.0,591.0,591.0,591.0,591.0,591.0,591.0,591.0,591.0,591.0,591.0,591.0,591.0,591.0,591.0,591.0,591.0,591.0,591.0,591.0,591.0,591.0,,591.0,591.0,591.0,591.0,591.0,591.0,591.0,591.0,591.0,591.0,591.0,591.0,591.0,591.0,591.0,591.0,591.0,591.0,591.0,591.0,591.0,591.0,591.0,591.0,591.0,591.0,591.0,591.0,591.0,591.0,591.0,591.0,591.0,591.0,591.0,591.0,591.0,591.0,591.0,591.0,591.0,591.0,591.0,591.0,591.0,591.0,591.0,591.0,591.0,591.0,591.0,591.0,591.0,591.0,591.0,591.0,591.0,591.0,591.0,591.0,591.0,591.0,591.0,591.0,591.0,591.0,591.0,591.0,591.0,591.0,591.0,591.0,591.0,591.0,591.0,591.0,591.0,591.0,591.0,591.0,591.0,591.0,591.0,591.0,591.0,591.0,591.0,591.0,591.0,591.0,591.0,591.0,591.0,591.0,591.0,591.0,591.0,591.0,591.0,591.0,591.0,591.0,591.0,591.0,591.0,591.0,591.0,591.0,591.0,591.0,591.0,591.0,591.0,591
L5HEiQPNicY,334287.0,334407.0,334533.0,334630.0,334738.0,334859.0,334964.0,335097.0,335246.0,335391.0,335512.0,335644.0,335779.0,335894.0,336012.0,336152.0,336252.0,336402.0,336511.0,336620.0,336732.0,336857.0,336999.0,337114.0,337263.0,337363.0,337497.0,337605.0,337711.0,337820.0,337940.0,338041.0,338141.0,338233.0,338337.0,338442.0,338573.0,338656.0,338760.0,338872.0,338965.0,339079.0,339181.0,339291.0,339398.0,339503.0,339631.0,339721.0,339858.0,339962.0,340058.0,340148.0,340277.0,340391.0,340494.0,340612.0,340712.0,340835.0,340940.0,341057.0,341170.0,341274.0,341370.0,341488.0,341629.0,341758.0,341890.0,342034.0,342131.0,342307.0,342599.0,342804.0,342978.0,343101.0,343232.0,343383.0,343552.0,343694.0,343808.0,343944.0,344078.0,344195.0,344389.0,344692.0,345093.0,345422.0,345664.0,345866.0,346110.0,346328.0,346540.0,346741.0,346922.0,347084.0,347270.0,347446.0,347606.0,347784.0,347946.0,348103.0,348232.0,348357.0,348522.0,348690.0,348841.0,348944.0,349058.0,349188.0,349326.0,349457.0,349584.0,349700.0,349788.0,349888.0,350010.0,350146.0,350312.0,350391.0,350504.0,350607.0,350710.0,350798.0,350897.0,350983.0,351086.0,351184.0,351264.0,351372.0,351488.0,351579.0,351671.0,351785.0,351881.0,351968.0,,,,,,,,,352752.0,352824.0,352902.0,353028.0,353111.0,353194.0,353280.0,353349.0,353421.0,353530.0,353629.0,353702.0,353795.0,353874.0,353952.0,354030.0,354154.0,354246.0,354343.0,354450.0,354561.0,354652.0,354738.0,354854.0,354922.0,355009.0,355088.0,355186.0,355280.0,355367.0,355438.0,355518.0,355633.0,355721.0,355819.0,355964.0,356029.0,356114.0,356214.0,356303.0,356396.0,356482.0,356586.0,356663.0,356747.0,356850.0,356906.0,357010.0,357125.0,357193.0,357328.0,357316.0,357421.0,357506.0,357601.0,357668.0,357761.0,357844.0,357943.0,358025.0,358116.0,358204.0,358271.0,358395.0,358490.0,358591.0,358666.0,358738.0,358820.0,358896.0,358983.0,359079.0,359176.0,359257.0,359349.0,359435.0,359562.0,359657.0,359757.0,359854.0,359953.0,360021.0,360106.0,360199.0,360287.0,360357.0,360442.0,360546.0,360689.0,360747.0,360859.0,360950.0,361024.0,361102.0,361206.0,361289.0,361383.0,361472.0,361553.0,361646.0,361724.0,361850.0,361955.0,362049.0,362148.0,362239.0,362317.0,362378.0,362469.0,362581.0,362676.0,362791.0,362892.0,362995.0,363069.0,363165.0,363255.0,363340.0,363435.0,363525.0,363616.0,,363798.0,363892.0,364045.0,364154.0,364258.0,364352.0,364448.0,364526.0,364625.0,364714.0,364817.0,364928.0,365027.0,365145.0,365253.0,365366.0,365478.0,365596.0,365724.0,365832.0,365944.0,366056.0,366138.0,366229.0,366364.0,366454.0,366594.0,366622.0,366722.0,366839.0,366939.0,367042.0,367162.0,367245.0,367314.0,367394.0,367499.0,367610.0,367685.0,367791.0,367879.0,367984.0,368093.0,368189.0,368261.0,368367.0,368477.0,368585.0,368684.0,368834.0,368951.0,369044.0,369126.0,369207.0,369308.0,369397.0,369495.0,369598.0,369726.0,369867.0,369988.0,370107.0,370193.0,370329.0,370495.0,370677.0,370837.0,370962.0,371262.0,371499.0,371736.0,372036.0,372802.0,373608.0,374030.0,374463.0,375542.0,377344.0,378905.0,381777.0,384989.0,391711.0,396394.0,400090.0,405168.0,409767.0,412448.0,416315.0,419170.0,421833.0,424843.0,432657.0,454371.0,475944.0,494360.0,514950.0,541739.0,566490.0,588684.0,608668.0,626648.0,644084.0,664342.0,681572.0,696335.0,713460.0,728668.0,746880.0,761675.0,772149.0,782439.0,797275.0,810224.0,820692
4X4uSe8bXbM,31664.0,31678.0,31690.0,31704.0,31716.0,31740.0,31753.0,31764.0,31772.0,31796.0,31813.0,31827.0,31845.0,31857.0,31872.0,31893.0,31910.0,31922.0,31933.0,31945.0,31962.0,31981.0,31995.0,32006.0,32012.0,32021.0,32035.0,32043.0,32059.0,32068.0,32079.0,32096.0,32108.0,32127.0,32145.0,32156.0,32177.0,32202.0,32212.0,32219.0,32224.0,32242.0,32262.0,32274.0,32296.0,32312.0,32326.0,32337.0,32348.0,32359.0,32370.0,32394.0,32398.0,32407.0,32419.0,32431.0,32440.0,32454.0,32466.0,32481.0,32489.0,32498.0,32508.0,32517.0,32529.0,32539.0,32547.0,32561.0,32570.0,32578.0,32584.0,32590.0,32599.0,32609.0,32616.0,32621.0,32626.0,32635.0,32647.0,32656.0,32662.0,32678.0,32692.0,32698.0,32704.0,32713.0,32720.0,32729.0,32743.0,32753.0,32757.0,32771.0,32786.0,32794.0,32804.0,32814.0,32822.0,32831.0,32835.0,32845.0,32849.0,32855.0,32863.0,32870.0,32881.0,32891.0,32905.0,32914.0,32927.0,32938.0,32946.0,32956.0,32996.0,33043.0,33059.0,33078.0,33044.0,33062.0,33072.0,33085.0,33108.0,33170.0,33217.0,33255.0,33299.0,33317.0,33338.0,33367.0,33389.0,33403.0,33415.0,33425.0,33443.0,33462.0,,,,,,,,,33597.0,33615.0,33635.0,33652.0,33670.0,33679.0,33689.0,33707.0,33716.0,33729.0,33746.0,33764.0,33784.0,33798.0,33806.0,33820.0,33834.0,33843.0,33849.0,33860.0,33867.0,33877.0,33892.0,33910.0,33924.0,33935.0,33941.0,33962.0,33969.0,33976.0,33982.0,33988.0,33994.0,34002.0,34012.0,34017.0,34023.0,34027.0,34034.0,34040.0,34046.0,34054.0,34060.0,34066.0,34079.0,34084.0,34095.0,34104.0,34114.0,34121.0,34129.0,34137.0,34144.0,34156.0,34166.0,34193.0,34222.0,34248.0,34272.0,34300.0,34314.0,34334.0,34346.0,34359.0,34372.0,34387.0,34399.0,34411.0,34419.0,34439.0,34446.0,34451.0,34464.0,34468.0,34476.0,34485.0,34487.0,34495.0,34506.0,34515.0,34527.0,34551.0,34564.0,34580.0,34599.0,34612.0,34618.0,34636.0,34644.0,34650.0,34666.0,34678.0,34697.0,34706.0,34724.0,34743.0,34759.0,34776.0,34790.0,34796.0,34811.0,34827.0,34836.0,34847.0,34864.0,34873.0,34883.0,34894.0,34905.0,34913.0,34916.0,34923.0,34931.0,34940.0,34957.0,34972.0,34982.0,34990.0,35000.0,35007.0,35014.0,,35040.0,35059.0,35071.0,35079.0,35090.0,35099.0,35110.0,35118.0,35131.0,35142.0,35161.0,35174.0,35183.0,35200.0,35207.0,35215.0,35232.0,35242.0,35247.0,35256.0,35263.0,35275.0,35281.0,35302.0,35312.0,35318.0,35329.0,35335.0,35344.0,35353.0,35364.0,35372.0,35385.0,35401.0,35414.0,35419.0,35427.0,35435.0,35439.0,35452.0,35466.0,35479.0,35486.0,35495.0,35502.0,35510.0,35529.0,35542.0,35551.0,35557.0,35563.0,35583.0,35597.0,35609.0,35620.0,35630.0,35641.0,35649.0,35660.0,35664.0,35681.0,35702.0,35709.0,35730.0,35740.0,35746.0,35762.0,35778.0,35792.0,35806.0,35820.0,35833.0,35842.0,35851.0,35860.0,35872.0,35884.0,35891.0,35910.0,35926.0,35943.0,35950.0,35955.0,35962.0,35970.0,35988.0,35998.0,36012.0,36026.0,36034.0,36048.0,36055.0,36065.0,36071.0,36079.0,36084.0,36089.0,36094.0,36102.0,36118.0,36140.0,36168.0,36183.0,36201.0,36215.0,36225.0,36237.0,36251.0,36259.0,36275.0,36288.0,36298.0,36308.0,36320
IMNm7C46nFo,18018.0,18021.0,18024.0,18028.0,18029.0,18031.0,18031.0,18038.0,18042.0,18045.0,18047.0,18050.0,18052.0,18054.0,18056.0,18058.0,18060.0,18061.0,18062.0,18066.0,18070.0,18073.0,18075.0,18078.0,18084.0,18089.0,18094.0,18095.0,18097.0,18100.0,18102.0,18104.0,18105.0,18106.0,18110.0,18114.0,18115.0,18117.0,18121.0,18122.0,18123.0,18125.0,18128.0,18131.0,18136.0,18142.0,18145.0,18148.0,18152.0,18155.0,18155.0,18156.0,18156.0,18161.0,18165.0,18169.0,18172.0,18177.0,18178.0,18181.0,18185.0,18186.0,18191.0,18196.0,18198.0,18203.0,18207.0,18208.0,18209.0,18212.0,18214.0,18221.0,18226.0,18230.0,18231.0,18234.0,18239.0,18242.0,18244.0,18247.0,18250.0,18251.0,18253.0,18256.0,18261.0,18266.0,18267.0,18269.0,18275.0,18277.0,18280.0,18285.0,18286.0,18290.0,18295.0,18297.0,18297.0,18301.0,18305.0,18308.0,18308.0,18311.0,18314.0,18316.0,18318.0,18321.0,18325.0,18329.0,18334.0,18337.0,18341.0,18347.0,18352.0,18355.0,18358.0,18361.0,18363.0,18364.0,18366.0,18369.0,18377.0,18382.0,18388.0,18389.0,18392.0,18395.0,18399.0,18405.0,18409.0,18412.0,18415.0,18416.0,18418.0,18421.0,,,,,,,,,18452.0,18453.0,18455.0,18459.0,18463.0,18470.0,18477.0,18484.0,18493.0,18497.0,18503.0,18506.0,18507.0,18509.0,18511.0,18518.0,18520.0,18522.0,18525.0,18526.0,18527.0,18530.0,18533.0,18534.0,18535.0,18536.0,18545.0,18547.0,18550.0,18553.0,18554.0,18554.0,18555.0,18557.0,18561.0,18561.0,18562.0,18565.0,18568.0,18574.0,18574.0,18574.0,18575.0,18575.0,18576.0,18576.0,18577.0,18580.0,18581.0,18581.0,18581.0,18582.0,18583.0,18585.0,18587.0,18591.0,18592.0,18594.0,18597.0,18597.0,18599.0,18599.0,18600.0,18603.0,18609.0,18611.0,18613.0,18614.0,18619.0,18621.0,18623.0,18624.0,18625.0,18626.0,18630.0,18630.0,18632.0,18633.0,18633.0,18636.0,18640.0,18644.0,18645.0,18646.0,18650.0,18655.0,18656.0,18659.0,18665.0,18665.0,18665.0,18668.0,18670.0,18671.0,18678.0,18682.0,18684.0,18684.0,18692.0,18694.0,18695.0,18697.0,18699.0,18700.0,18703.0,18703.0,18705.0,18710.0,18711.0,18714.0,18716.0,18720.0,18721.0,18723.0,18727.0,18729.0,18731.0,18735.0,18737.0,18740.0,18742.0,,18748.0,18753.0,18754.0,18758.0,18759.0,18760.0,18762.0,18765.0,18766.0,18769.0,18774.0,18777.0,18783.0,18784.0,18786.0,18787.0,18788.0,18790.0,18792.0,18794.0,18797.0,18797.0,18800.0,18801.0,18802.0,18804.0,18807.0,18811.0,18817.0,18823.0,18823.0,18825.0,18826.0,18829.0,18833.0,18836.0,18840.0,18847.0,18852.0,18852.0,18854.0,18859.0,18863.0,18868.0,18869.0,18873.0,18873.0,18876.0,18881.0,18886.0,18889.0,18891.0,18892.0,18895.0,18898.0,18899.0,18901.0,18904.0,18906.0,18907.0,18909.0,18911.0,18912.0,18912.0,18913.0,18915.0,18919.0,18922.0,18926.0,18926.0,18928.0,18928.0,18931.0,18934.0,18938.0,18941.0,18943.0,18946.0,18948.0,18950.0,18954.0,18958.0,18962.0,18966.0,18970.0,18971.0,18972.0,18979.0,18980.0,18983.0,18983.0,18987.0,18988.0,18992.0,18999.0,19002.0,19005.0,19010.0,19013.0,19016.0,19020.0,19025.0,19027.0,19029.0,19032.0,19035.0,19037.0,19041.0,19043.0,19045.0,19046.0,19048.0,19052.0,19054
HadcaAYSNyk,1211558.0,1211827.0,1212118.0,1212342.0,1212604.0,1212796.0,1213045.0,1213317.0,1213591.0,1213857.0,1214109.0,1214351.0,1214629.0,1214900.0,1215164.0,1215433.0,1215695.0,1215983.0,1216275.0,1216545.0,1216823.0,1217142.0,1217466.0,1217716.0,1218024.0,1218330.0,1218659.0,1218940.0,1219230.0,1219526.0,1219859.0,1220192.0,1220516.0,1220775.0,1221068.0,1221416.0,1221693.0,1222031.0,1222288.0,1222547.0,1222803.0,1223077.0,1223346.0,1223678.0,1224003.0,1224276.0,1224559.0,1224831.0,1225045.0,1225331.0,1225623.0,1225917.0,1226157.0,1226420.0,1226649.0,1226901.0,1227150.0,1227445.0,1227710.0,1227937.0,1228159.0,1228468.0,1228714.0,1228975.0,1229236.0,1229469.0,1229755.0,1230001.0,1230221.0,1230512.0,1230796.0,1231080.0,1231355.0,1231624.0,1231875.0,1232065.0,1232315.0,1232565.0,1232874.0,1233147.0,1233433.0,1233714.0,1233950.0,1234184.0,1234426.0,1234659.0,1234994.0,1235274.0,1235555.0,1235788.0,1236009.0,1236277.0,1236513.0,1236758.0,1236990.0,1237253.0,1237505.0,1237690.0,1237904.0,1238145.0,1238352.0,1238607.0,1238902.0,1239131.0,1239336.0,1239546.0,1239778.0,1240035.0,1240265.0,1240524.0,1240764.0,1241063.0,1241292.0,1241570.0,1241862.0,1242198.0,1242448.0,1242707.0,1242978.0,1243235.0,1243516.0,1243806.0,1244052.0,1244322.0,1244558.0,1244780.0,1244978.0,1245275.0,1245559.0,1245879.0,1246152.0,1246415.0,1246703.0,1246965.0,,,,,,,,,1249089.0,1249463.0,1249857.0,1250230.0,1250659.0,1250967.0,1251268.0,1251490.0,1251822.0,1252155.0,1252382.0,1252654.0,1252923.0,1253178.0,1253406.0,1253644.0,1253879.0,1254117.0,1254356.0,1254595.0,1254788.0,1255025.0,1255251.0,1255507.0,1255736.0,1255960.0,1256183.0,1256390.0,1256620.0,1256843.0,1257062.0,1257276.0,1257470.0,1257680.0,1257898.0,1258123.0,1258325.0,1258566.0,1258830.0,1259050.0,1259299.0,1259618.0,1259898.0,1260268.0,1260583.0,1260831.0,1261128.0,1261404.0,1261759.0,1262023.0,1262325.0,1262603.0,1262863.0,1263171.0,1263474.0,1263703.0,1263992.0,1264261.0,1264515.0,1264730.0,1264950.0,1265137.0,1265322.0,1265502.0,1265681.0,1265889.0,1266104.0,1266342.0,1266603.0,1266795.0,1267003.0,1267229.0,1267425.0,1267641.0,1267881.0,1268082.0,1268289.0,1268529.0,1268787.0,1269032.0,1269255.0,1269481.0,1269715.0,1269967.0,1270248.0,1270467.0,1270657.0,1270892.0,1271094.0,1271269.0,1271496.0,1271755.0,1271998.0,1272224.0,1272419.0,1272671.0,1272896.0,1273127.0,1273340.0,1273554.0,1273756.0,1273945.0,1274174.0,1274333.0,1274585.0,1274774.0,1274986.0,1275245.0,1275496.0,1275723.0,1275943.0,1276255.0,1276504.0,1276773.0,1277042.0,1277294.0,1277576.0,1277835.0,1278137.0,1278478.0,1278775.0,,1279337.0,1279683.0,1279998.0,1280250.0,1280505.0,1280796.0,1281099.0,1281331.0,1281624.0,1281910.0,1282199.0,1282463.0,1282726.0,1282984.0,1283285.0,1283552.0,1283836.0,1284088.0,1284329.0,1284650.0,1284895.0,1285181.0,1285459.0,1285730.0,1285997.0,1286250.0,1286513.0,1286748.0,1287020.0,1287273.0,1287555.0,1287821.0,1288111.0,1288327.0,1288603.0,1288857.0,1289125.0,1289412.0,1289605.0,1289804.0,1290033.0,1290265.0,1290523.0,1290776.0,1291047.0,1291287.0,1291495.0,1291754.0,1292018.0,1292244.0,1292465.0,1292689.0,1292893.0,1293107.0,1293306.0,1293526.0,1293746.0,1293966.0,1294195.0,1294417.0,1294680.0,1294936.0,1295147.0,1295388.0,1295638.0,1295900.0,1296120.0,1296336.0,1296566.0,1296791.0,1297027.0,1297265.0,1297512.0,1297810.0,1298080.0,1298383.0,1298695.0,1298993.0,1299251.0,1299538.0,1299841.0,1300101.0,1300359.0,1300673.0,1300890.0,1301165.0,1301421.0,1301652.0,1301912.0,1302160.0,1302418.0,1302710.0,1302986.0,1303260.0,1303553.0,1303765.0,1303949.0,1304167.0,1304362.0,1304567.0,1304767.0,1304958.0,1305111.0,1305271.0,1305460.0,1305623.0,1305788.0,1305936.0,1306090.0,1306255.0,1306418.0,1306537.0,1306686.0,1306839
afAiw-H7Xjk,480794.0,480880.0,480962.0,481047.0,481141.0,481209.0,481299.0,481375.0,481439.0,481512.0,481584.0,481647.0,481736.0,481815.0,481884.0,481955.0,482012.0,482083.0,482146.0,482222.0,482283.0,482340.0,482409.0,482476.0,482537.0,482613.0,482697.0,482762.0,482831.0,482903.0,482954.0,483018.0,483094.0,483176.0,483281.0,483408.0,483538.0,483613.0,483721.0,483825.0,483914.0,484012.0,484106.0,484210.0,484327.0,484442.0,484547.0,484647.0,484733.0,484845.0,484938.0,485042.0,485121.0,485187.0,485289.0,485368.0,485426.0,485504.0,485577.0,485640.0,485695.0,485771.0,485857.0,485930.0,486020.0,486109.0,486197.0,486279.0,486354.0,486444.0,486526.0,486618.0,486722.0,486813.0,486897.0,486990.0,487079.0,487191.0,487266.0,487334.0,487425.0,487510.0,487585.0,487690.0,487803.0,487915.0,488034.0,488112.0,488227.0,488326.0,488393.0,488478.0,488593.0,488673.0,488761.0,488830.0,488897.0,488990.0,489103.0,489199.0,489297.0,489361.0,489426.0,489498.0,489590.0,489678.0,489745.0,489830.0,489894.0,489958.0,490048.0,490138.0,490215.0,490294.0,490355.0,490428.0,490502.0,490565.0,490641.0,490718.0,490778.0,490832.0,490892.0,490943.0,491007.0,491060.0,491124.0,491195.0,491274.0,491313.0,491375.0,491438.0,491489.0,491551.0,,,,,,,,,492156.0,492260.0,492386.0,492467.0,492551.0,492675.0,492887.0,493087.0,493235.0,493329.0,493410.0,493504.0,493563.0,493626.0,493711.0,493790.0,493865.0,493935.0,493998.0,494056.0,494110.0,494153.0,494199.0,494253.0,494307.0,494368.0,494425.0,494493.0,494563.0,494621.0,494677.0,494724.0,494760.0,494805.0,494850.0,494907.0,494949.0,495006.0,495064.0,495143.0,495203.0,495293.0,495361.0,495431.0,495510.0,495571.0,495633.0,495700.0,495796.0,495902.0,495976.0,496058.0,496156.0,496229.0,496303.0,496378.0,496457.0,496538.0,496609.0,496676.0,496742.0,496795.0,496852.0,496912.0,496978.0,497047.0,497123.0,497186.0,497249.0,497301.0,497364.0,497458.0,497516.0,497588.0,497651.0,497687.0,497761.0,497833.0,497901.0,497960.0,498020.0,498081.0,498154.0,498211.0,498279.0,498342.0,498398.0,498445.0,498518.0,498575.0,498639.0,498701.0,498759.0,498815.0,498859.0,498916.0,498959.0,499008.0,499070.0,499116.0,499160.0,499218.0,499269.0,499316.0,499360.0,499426.0,499475.0,499530.0,499587.0,499636.0,499683.0,499743.0,499816.0,499879.0,499936.0,499997.0,500027.0,500093.0,500157.0,500217.0,500281.0,,500398.0,500473.0,500566.0,500634.0,500680.0,500746.0,500802.0,500865.0,500941.0,501016.0,501085.0,501143.0,501216.0,501287.0,501365.0,501431.0,501494.0,501559.0,501633.0,501695.0,501745.0,501797.0,501843.0,501925.0,502000.0,502063.0,502113.0,502150.0,502207.0,502276.0,502362.0,502464.0,502555.0,502642.0,502709.0,502796.0,502883.0,502956.0,503026.0,503089.0,503147.0,503203.0,503277.0,503334.0,503391.0,503456.0,503502.0,503548.0,503593.0,503637.0,503680.0,503733.0,503778.0,503828.0,503869.0,503919.0,503980.0,504022.0,504074.0,504130.0,504176.0,504214.0,504267.0,504313.0,504368.0,504432.0,504490.0,504548.0,504596.0,504637.0,504703.0,504751.0,504820.0,504884.0,504937.0,505002.0,505080.0,505137.0,505206.0,505256.0,505322.0,505461.0,505636.0,505732.0,505800.0,505870.0,505941.0,505999.0,506066.0,506121.0,506179.0,506253.0,506326.0,506400.0,506463.0,506527.0,506586.0,506642.0,506698.0,506751.0,506829.0,506893.0,506964.0,507052.0,507116.0,507173.0,507252.0,507305.0,507358.0,507416.0,507486.0,507536.0,507585.0,507619
REB_pC3Cmj4,6491.0,6491.0,6491.0,6491.0,6492.0,6492.0,6492.0,6492.0,6492.0,6493.0,6493.0,6493.0,6493.0,6493.0,6493.0,6493.0,6493.0,6493.0,6493.0,6493.0,6493.0,6493.0,6494.0,6494.0,6494.0,6494.0,6494.0,6494.0,6494.0,6494.0,6494.0,6494.0,6494.0,6495.0,6495.0,6495.0,6495.0,6495.0,6495.0,6495.0,6495.0,6495.0,6495.0,6495.0,6495.0,6495.0,6496.0,6496.0,6496.0,6497.0,6497.0,6497.0,6497.0,6497.0,6497.0,6497.0,6497.0,6497.0,6497.0,6498.0,6498.0,6498.0,6499.0,6498.0,6498.0,6498.0,6498.0,6498.0,6500.0,6500.0,6500.0,6499.0,6499.0,6499.0,6499.0,6499.0,6499.0,6499.0,6499.0,6500.0,6502.0,6502.0,6502.0,6502.0,6502.0,6502.0,6502.0,6503.0,6503.0,6503.0,6503.0,6504.0,6504.0,6507.0,6508.0,6509.0,6509.0,6511.0,6511.0,6511.0,6511.0,6511.0,6511.0,6511.0,6511.0,6511.0,6511.0,6511.0,6512.0,6512.0,6512.0,6511.0,6511.0,6511.0,6511.0,6511.0,6511.0,6511.0,6511.0,6511.0,6511.0,6511.0,6511.0,6511.0,6512.0,6512.0,6512.0,6512.0,6512.0,6512.0,6512.0,6512.0,6512.0,6512.0,,,,,,,,,6515.0,6515.0,6517.0,6517.0,6517.0,6517.0,6517.0,6518.0,6519.0,6519.0,6519.0,6519.0,6519.0,6520.0,6520.0,6520.0,6520.0,6520.0,6521.0,6521.0,6521.0,6521.0,6521.0,6521.0,6521.0,6521.0,6521.0,6521.0,6521.0,6521.0,6521.0,6521.0,6521.0,6521.0,6521.0,6521.0,6521.0,6522.0,6522.0,6522.0,6523.0,6523.0,6524.0,6524.0,6526.0,6526.0,6526.0,6526.0,6526.0,6526.0,6526.0,6526.0,6526.0,6526.0,6526.0,6526.0,6527.0,6527.0,6527.0,6530.0,6533.0,6533.0,6533.0,6533.0,6533.0,6533.0,6533.0,6533.0,6533.0,6533.0,6533.0,6533.0,6533.0,6534.0,6534.0,6534.0,6534.0,6534.0,6535.0,6535.0,6535.0,6535.0,6535.0,6535.0,6535.0,6535.0,6535.0,6535.0,6535.0,6536.0,6536.0,6539.0,6539.0,6539.0,6539.0,6539.0,6539.0,6539.0,6542.0,6544.0,6544.0,6544.0,6544.0,6544.0,6545.0,6545.0,6546.0,6546.0,6546.0,6546.0,6546.0,6547.0,6547.0,6547.0,6547.0,6547.0,6547.0,6547.0,6547.0,6547.0,6547.0,,6547.0,6547.0,6547.0,6547.0,6547.0,6547.0,6547.0,6547.0,6547.0,6547.0,6547.0,6547.0,6547.0,6547.0,6547.0,6547.0,6547.0,6548.0,6548.0,6548.0,6548.0,6548.0,6548.0,6548.0,6548.0,6548.0,6548.0,6548.0,6548.0,6549.0,6549.0,6549.0,6549.0,6549.0,6549.0,6549.0,6550.0,6550.0,6550.0,6550.0,6552.0,6552.0,6552.0,6552.0,6552.0,6552.0,6552.0,6552.0,6552.0,6552.0,6552.0,6552.0,6554.0,6555.0,6555.0,6555.0,6557.0,6557.0,6557.0,6557.0,6557.0,6557.0,6557.0,6557.0,6557.0,6557.0,6557.0,6557.0,6557.0,6557.0,6557.0,6557.0,6557.0,6557.0,6557.0,6557.0,6557.0,6557.0,6557.0,6558.0,6558.0,6558.0,6559.0,6560.0,6560.0,6560.0,6560.0,6560.0,6560.0,6560.0,6560.0,6560.0,6560.0,6560.0,6560.0,6560.0,6560.0,6560.0,6560.0,6560.0,6560.0,6561.0,6561.0,6561.0,6562.0,6562.0,6562.0,6562.0,6563.0,6564.0,6563.0,6563.0,6563.0,6563
b2hxXeicVH8,4474.0,4474.0,4474.0,4474.0,4474.0,4474.0,4474.0,4476.0,4476.0,4477.0,4478.0,4479.0,4479.0,4481.0,4481.0,4481.0,4481.0,4481.0,4482.0,4484.0,4485.0,4485.0,4486.0,4486.0,4487.0,4487.0,4487.0,4487.0,4488.0,4489.0,4489.0,4490.0,4490.0,4490.0,4490.0,4490.0,4490.0,4491.0,4493.0,4494.0,4495.0,4495.0,4495.0,4495.0,4495.0,4497.0,4500.0,4501.0,4501.0,4501.0,4502.0,4502.0,4503.0,4504.0,4506.0,4509.0,4510.0,4510.0,4511.0,4513.0,4516.0,4516.0,4520.0,4521.0,4521.0,4521.0,4522.0,4522.0,4523.0,4523.0,4523.0,4523.0,4524.0,4526.0,4527.0,4527.0,4528.0,4529.0,4529.0,4530.0,4532.0,4534.0,4535.0,4537.0,4537.0,4538.0,4538.0,4538.0,4539.0,4540.0,4541.0,4543.0,4544.0,4544.0,4547.0,4547.0,4548.0,4551.0,4551.0,4553.0,4554.0,4554.0,4555.0,4555.0,4555.0,4556.0,4556.0,4556.0,4558.0,4561.0,4561.0,4561.0,4561.0,4562.0,4564.0,4565.0,4566.0,4566.0,4567.0,4569.0,4571.0,4573.0,4574.0,4575.0,4575.0,4577.0,4577.0,4577.0,4578.0,4580.0,4580.0,4580.0,4580.0,4580.0,,,,,,,,,4581.0,4583.0,4583.0,4583.0,4584.0,4584.0,4585.0,4585.0,4585.0,4585.0,4585.0,4586.0,4586.0,4587.0,4588.0,4590.0,4591.0,4592.0,4596.0,4598.0,4598.0,4599.0,4599.0,4599.0,4600.0,4600.0,4600.0,4600.0,4601.0,4604.0,4604.0,4604.0,4604.0,4605.0,4605.0,4606.0,4606.0,4606.0,4607.0,4607.0,4607.0,4608.0,4608.0,4610.0,4610.0,4610.0,4610.0,4610.0,4610.0,4610.0,4610.0,4610.0,4611.0,4611.0,4612.0,4614.0,4615.0,4615.0,4615.0,4616.0,4616.0,4616.0,4616.0,4616.0,4616.0,4616.0,4616.0,4616.0,4617.0,4617.0,4617.0,4617.0,4617.0,4617.0,4617.0,4619.0,4621.0,4621.0,4622.0,4624.0,4624.0,4624.0,4625.0,4625.0,4626.0,4626.0,4626.0,4627.0,4627.0,4627.0,4628.0,4628.0,4628.0,4630.0,4632.0,4634.0,4634.0,4634.0,4634.0,4634.0,4635.0,4635.0,4636.0,4637.0,4638.0,4638.0,4638.0,4638.0,4638.0,4638.0,4639.0,4639.0,4639.0,4639.0,4639.0,4639.0,4639.0,4639.0,4639.0,4639.0,4639.0,,4639.0,4639.0,4639.0,4639.0,4639.0,4639.0,4639.0,4640.0,4641.0,4642.0,4643.0,4643.0,4643.0,4643.0,4644.0,4644.0,4647.0,4647.0,4647.0,4648.0,4648.0,4649.0,4649.0,4650.0,4650.0,4651.0,4651.0,4651.0,4651.0,4651.0,4651.0,4651.0,4651.0,4651.0,4651.0,4651.0,4652.0,4652.0,4653.0,4654.0,4654.0,4655.0,4656.0,4656.0,4659.0,4660.0,4662.0,4662.0,4662.0,4663.0,4664.0,4664.0,4664.0,4664.0,4664.0,4664.0,4664.0,4664.0,4664.0,4665.0,4665.0,4666.0,4666.0,4666.0,4667.0,4669.0,4676.0,4683.0,4685.0,4685.0,4685.0,4685.0,4686.0,4687.0,4688.0,4688.0,4688.0,4688.0,4688.0,4689.0,4689.0,4690.0,4690.0,4690.0,4690.0,4690.0,4690.0,4694.0,4694.0,4694.0,4694.0,4698.0,4700.0,4701.0,4701.0,4701.0,4701.0,4701.0,4702.0,4702.0,4702.0,4702.0,4703.0,4703.0,4703.0,4704.0,4704.0,4704.0,4704.0,4704.0,4704.0,4705.0,4705.0,4708
vDeGdM1Viiw,37980.0,38060.0,38141.0,38231.0,38315.0,38391.0,38504.0,38605.0,38735.0,38809.0,38894.0,39001.0,39077.0,39143.0,39200.0,39261.0,39331.0,39387.0,39472.0,39554.0,39636.0,39718.0,39792.0,39855.0,39927.0,40016.0,40095.0,40170.0,40275.0,40380.0,40438.0,40504.0,40570.0,40668.0,40748.0,40825.0,40896.0,40965.0,41025.0,41087.0,41169.0,41258.0,41351.0,41428.0,41495.0,41568.0,41665.0,41781.0,41893.0,41994.0,42135.0,42272.0,42352.0,42457.0,42578.0,42670.0,42771.0,42892.0,43001.0,43141.0,43223.0,43352.0,43488.0,43580.0,43694.0,43789.0,43890.0,43977.0,44066.0,44169.0,44237.0,44344.0,44415.0,44475.0,44545.0,44620.0,44706.0,44759.0,44807.0,44854.0,44903.0,44961.0,45005.0,45051.0,45117.0,45171.0,45213.0,45250.0,45290.0,45320.0,45380.0,45429.0,45466.0,45504.0,45533.0,45576.0,45617.0,45658.0,45690.0,45726.0,45770.0,45808.0,45865.0,45929.0,45981.0,46020.0,46065.0,46126.0,46168.0,46206.0,46251.0,46302.0,46336.0,46367.0,46416.0,46512.0,46633.0,46711.0,46796.0,46873.0,46930.0,46962.0,47006.0,47049.0,47097.0,47137.0,47191.0,47230.0,47258.0,47284.0,47317.0,47366.0,47398.0,47446.0,,,,,,,,,48029.0,48086.0,48146.0,48225.0,48319.0,48424.0,48480.0,48516.0,48579.0,48608.0,48658.0,48699.0,48767.0,48821.0,48864.0,48903.0,48950.0,48981.0,49013.0,49037.0,49067.0,49097.0,49110.0,49125.0,49148.0,49169.0,49202.0,49226.0,49248.0,49266.0,49295.0,49313.0,49333.0,49361.0,49395.0,49415.0,49440.0,49472.0,49504.0,49533.0,49553.0,49579.0,49601.0,49620.0,49640.0,49662.0,49681.0,49705.0,49736.0,49760.0,49773.0,49801.0,49820.0,49836.0,49863.0,49896.0,49923.0,49941.0,49961.0,49995.0,50014.0,50032.0,50056.0,50083.0,50120.0,50163.0,50187.0,50219.0,50239.0,50267.0,50283.0,50300.0,50335.0,50363.0,50391.0,50430.0,50467.0,50500.0,50522.0,50559.0,50600.0,50634.0,50687.0,50734.0,50761.0,50789.0,50822.0,50850.0,50883.0,50923.0,50962.0,50976.0,51005.0,51033.0,51058.0,51085.0,51113.0,51145.0,51177.0,51199.0,51224.0,51258.0,51283.0,51309.0,51321.0,51345.0,51365.0,51392.0,51416.0,51445.0,51467.0,51497.0,51535.0,51569.0,51595.0,51639.0,51666.0,51700.0,51741.0,51796.0,51846.0,,51943.0,51993.0,52063.0,52143.0,52191.0,52247.0,52300.0,52357.0,52448.0,52509.0,52575.0,52644.0,52705.0,52773.0,52851.0,52903.0,52963.0,53019.0,53062.0,53122.0,53179.0,53255.0,53308.0,53383.0,53430.0,53494.0,53522.0,53569.0,53623.0,53686.0,53752.0,53788.0,53835.0,53883.0,53930.0,53975.0,54042.0,54097.0,54157.0,54208.0,54263.0,54322.0,54397.0,54460.0,54513.0,54568.0,54637.0,54696.0,54738.0,54837.0,54906.0,54962.0,55013.0,55062.0,55096.0,55121.0,55158.0,55193.0,55225.0,55276.0,55321.0,55366.0,55405.0,55450.0,55490.0,55529.0,55585.0,55646.0,55680.0,55714.0,55777.0,55852.0,55930.0,55978.0,56019.0,56082.0,56123.0,56182.0,56248.0,56290.0,56354.0,56398.0,56430.0,56453.0,56478.0,56507.0,56532.0,56555.0,56589.0,56608.0,56630.0,56663.0,56697.0,56746.0,56782.0,56817.0,56840.0,56871.0,56901.0,56932.0,56958.0,56997.0,57026.0,57055.0,57089.0,57130.0,57164.0,57182.0,57210.0,57235.0,57263.0,57304.0,57339.0,57370
VxRRuQoZjNY,29409.0,29447.0,29487.0,29512.0,29535.0,29564.0,29593.0,29632.0,29667.0,29702.0,29748.0,29776.0,29814.0,29850.0,29893.0,29926.0,29956.0,30009.0,30054.0,30081.0,30129.0,30189.0,30237.0,30281.0,30314.0,30348.0,30393.0,30441.0,30491.0,30535.0,30570.0,30608.0,30639.0,30683.0,30738.0,30827.0,30864.0,30913.0,30943.0,30989.0,31012.0,31047.0,31082.0,31106.0,31149.0,31188.0,31228.0,31281.0,31327.0,31375.0,31435.0,31497.0,31556.0,31614.0,31671.0,31746.0,31812.0,31874.0,31922.0,31952.0,31994.0,32050.0,32119.0,32183.0,32243.0,32301.0,32351.0,32446.0,32504.0,32573.0,32623.0,32692.0,32734.0,32780.0,32831.0,32902.0,32964.0,33002.0,33062.0,33121.0,33179.0,33233.0,33307.0,33380.0,33454.0,33518.0,33572.0,33613.0,33669.0,33729.0,33774.0,33820.0,33873.0,33916.0,33960.0,34025.0,34077.0,34161.0,34213.0,34276.0,34349.0,34389.0,34468.0,34533.0,34607.0,34647.0,34700.0,34757.0,34815.0,34861.0,34918.0,34992.0,35058.0,35117.0,35197.0,35264.0,35345.0,35435.0,35471.0,35565.0,35625.0,35673.0,35726.0,35786.0,35835.0,35879.0,35940.0,36021.0,36076.0,36136.0,36168.0,36206.0,36266.0,36316.0,,,,,,,,,36853.0,36921.0,36978.0,37023.0,37079.0,37160.0,37204.0,37248.0,37280.0,37306.0,37353.0,37396.0,37434.0,37499.0,37551.0,37601.0,37645.0,37683.0,37715.0,37757.0,37780.0,37811.0,37833.0,37860.0,37891.0,37919.0,37952.0,37985.0,38016.0,38052.0,38083.0,38106.0,38142.0,38180.0,38228.0,38259.0,38284.0,38322.0,38373.0,38421.0,38457.0,38516.0,38559.0,38589.0,38634.0,38677.0,38734.0,38779.0,38833.0,38877.0,38917.0,38962.0,38995.0,39037.0,39084.0,39123.0,39163.0,39179.0,39202.0,39238.0,39268.0,39292.0,39321.0,39346.0,39369.0,39426.0,39460.0,39502.0,39544.0,39584.0,39609.0,39631.0,39671.0,39704.0,39727.0,39765.0,39790.0,39820.0,39851.0,39887.0,39934.0,39977.0,40008.0,40053.0,40083.0,40117.0,40159.0,40206.0,40242.0,40258.0,40292.0,40340.0,40372.0,40419.0,40453.0,40502.0,40533.0,40575.0,40598.0,40615.0,40641.0,40676.0,40702.0,40721.0,40745.0,40775.0,40788.0,40810.0,40843.0,40871.0,40885.0,40903.0,40924.0,40941.0,40958.0,40971.0,40995.0,41039.0,41070.0,41091.0,41114.0,,41184.0,41220.0,41251.0,41277.0,41296.0,41313.0,41323.0,41357.0,41396.0,41427.0,41455.0,41474.0,41499.0,41521.0,41547.0,41588.0,41625.0,41666.0,41701.0,41723.0,41764.0,41818.0,41853.0,41885.0,41917.0,41938.0,41964.0,42007.0,42039.0,42076.0,42112.0,42134.0,42167.0,42186.0,42205.0,42224.0,42257.0,42272.0,42298.0,42322.0,42349.0,42387.0,42417.0,42450.0,42486.0,42512.0,42536.0,42554.0,42581.0,42602.0,42625.0,42648.0,42672.0,42691.0,42697.0,42712.0,42730.0,42744.0,42752.0,42770.0,42780.0,42790.0,42803.0,42815.0,42836.0,42857.0,42877.0,42896.0,42907.0,42926.0,42944.0,42966.0,42998.0,43035.0,43056.0,43075.0,43097.0,43119.0,43150.0,43179.0,43210.0,43226.0,43245.0,43267.0,43292.0,43319.0,43341.0,43357.0,43380.0,43394.0,43407.0,43424.0,43446.0,43475.0,43500.0,43511.0,43527.0,43548.0,43569.0,43579.0,43592.0,43618.0,43640.0,43654.0,43672.0,43702.0,43725.0,43754.0,43773.0,43789.0,43801.0,43824.0,43853.0,43878
bKLTsAy9ig4,1134138.0,1134241.0,1134351.0,1134467.0,1134583.0,1134693.0,1134803.0,1134935.0,1135050.0,1135204.0,1135339.0,1135429.0,1135543.0,1135662.0,1135794.0,1135907.0,1136030.0,1136158.0,1136245.0,1136339.0,1136429.0,1136521.0,1136610.0,1136706.0,1136802.0,1136922.0,1137042.0,1137127.0,1137249.0,1137357.0,1137456.0,1137573.0,1137674.0,1137806.0,1137921.0,1138025.0,1138164.0,1138291.0,1138453.0,1138592.0,1138705.0,1138817.0,1138895.0,1139025.0,1139108.0,1139207.0,1139298.0,1139390.0,1139472.0,1139565.0,1139677.0,1139763.0,1139866.0,1139950.0,1140059.0,1140156.0,1140239.0,1140326.0,1140395.0,1140499.0,1140604.0,1140696.0,1140791.0,1140909.0,1141055.0,1141207.0,1141343.0,1141459.0,1141536.0,1141671.0,1141787.0,1141912.0,1142072.0,1142201.0,1142272.0,1142354.0,1142442.0,1142522.0,1142608.0,1142711.0,1142784.0,1142856.0,1142957.0,1143048.0,1143120.0,1143204.0,1143278.0,1143386.0,1143461.0,1143531.0,1143598.0,1143675.0,1143754.0,1143811.0,1143881.0,1143951.0,1144006.0,1144065.0,1144109.0,1144167.0,1144232.0,1144308.0,1144385.0,1144445.0,1144512.0,1144571.0,1144632.0,1144702.0,1144763.0,1144820.0,1144892.0,1144974.0,1145032.0,1145090.0,1145147.0,1145228.0,1145282.0,1145333.0,1145384.0,1145435.0,1145515.0,1145592.0,1145691.0,1145778.0,1145864.0,1145929.0,1146006.0,1146080.0,1146170.0,1146242.0,1146318.0,1146392.0,1146468.0,1146539.0,,,,,,,,,1147095.0,1147150.0,1147207.0,1147266.0,1147335.0,1147397.0,1147453.0,1147525.0,1147589.0,1147647.0,1147729.0,1147782.0,1147845.0,1147899.0,1147942.0,1148019.0,1148077.0,1148135.0,1148188.0,1148232.0,1148288.0,1148340.0,1148404.0,1148469.0,1148536.0,1148576.0,1148638.0,1148681.0,1148758.0,1148826.0,1148880.0,1148931.0,1148987.0,1149058.0,1149125.0,1149200.0,1149270.0,1149316.0,1149381.0,1149437.0,1149497.0,1149553.0,1149606.0,1149659.0,1149708.0,1149748.0,1149779.0,1149829.0,1149875.0,1149918.0,1149972.0,1150025.0,1150063.0,1150124.0,1150168.0,1150223.0,1150289.0,1150349.0,1150401.0,1150443.0,1150492.0,1150529.0,1150573.0,1150620.0,1150662.0,1150721.0,1150760.0,1150796.0,1150857.0,1150894.0,1150951.0,1151005.0,1151051.0,1151106.0,1151161.0,1151209.0,1151270.0,1151322.0,1151376.0,1151416.0,1151465.0,1151512.0,1151562.0,1151635.0,1151700.0,1151775.0,1151841.0,1151921.0,1151965.0,1152014.0,1152062.0,1152120.0,1152184.0,1152247.0,1152305.0,1152344.0,1152393.0,1152440.0,1152489.0,1152542.0,1152591.0,1152644.0,1152681.0,1152722.0,1152770.0,1152837.0,1152888.0,1152928.0,1152967.0,1153017.0,1153063.0,1153118.0,1153172.0,1153227.0,1153282.0,1153345.0,1153391.0,1153433.0,1153490.0,1153539.0,1153570.0,,1153666.0,1153726.0,1153771.0,1153824.0,1153898.0,1153943.0,1153991.0,1154030.0,1154086.0,1154141.0,1154186.0,1154242.0,1154303.0,1154359.0,1154415.0,1154470.0,1154521.0,1154577.0,1154646.0,1154700.0,1154763.0,1154816.0,1154856.0,1154902.0,1154944.0,1155002.0,1155056.0,1155115.0,1155164.0,1155212.0,1155259.0,1155307.0,1155376.0,1155431.0,1155492.0,1155545.0,1155603.0,1155649.0,1155706.0,1155772.0,1155841.0,1155899.0,1155947.0,1156009.0,1156081.0,1156143.0,1156195.0,1156264.0,1156324.0,1156383.0,1156443.0,1156494.0,1156549.0,1156597.0,1156650.0,1156689.0,1156740.0,1156777.0,1156811.0,1156853.0,1156908.0,1156967.0,1157025.0,1157064.0,1157119.0,1157164.0,1157226.0,1157303.0,1157387.0,1157454.0,1157506.0,1157599.0,1157666.0,1157726.0,1157793.0,1157880.0,1157930.0,1157986.0,1158050.0,1158110.0,1158178.0,1158240.0,1158316.0,1158358.0,1158421.0,1158458.0,1158492.0,1158534.0,1158577.0,1158619.0,1158672.0,1158714.0,1158763.0,1158828.0,1158885.0,1158965.0,1159029.0,1159094.0,1159145.0,1159214.0,1159274.0,1159318.0,1159367.0,1159414.0,1159473.0,1159527.0,1159578.0,1159618.0,1159676.0,1159727.0,1159799.0,1159854.0,1159890.0,1159928
N68rwFjyinI,38695766.0,38700387.0,38706169.0,38712067.0,38717777.0,38723893.0,38730485.0,38737494.0,38744149.0,38750969.0,38757967.0,38763790.0,38769834.0,38775277.0,38781201.0,38787048.0,38792663.0,38797844.0,38802751.0,38807340.0,38811820.0,38816394.0,38821345.0,38826304.0,38831436.0,38835728.0,38839754.0,38844415.0,38849003.0,38853394.0,38858149.0,38862613.0,38866591.0,38870565.0,38874360.0,38878895.0,38883910.0,38888813.0,38893275.0,38897567.0,38901677.0,38905989.0,38910764.0,38915801.0,38920814.0,38925246.0,38929509.0,38933962.0,38938770.0,38943738.0,38949168.0,38955424.0,38961130.0,38966569.0,38972578.0,38978465.0,38984822.0,38990520.0,38999377.0,39007398.0,39013999.0,39020300.0,39025885.0,39031858.0,39037379.0,39042589.0,39047744.0,39052719.0,39057223.0,39062753.0,39067933.0,39073374.0,39078916.0,39084166.0,39089459.0,39094817.0,39099962.0,39105302.0,39110139.0,39114890.0,39119900.0,39124662.0,39130005.0,39135225.0,39140498.0,39145780.0,39151044.0,39155854.0,39160222.0,39164239.0,39168398.0,39172585.0,39177341.0,39182879.0,39188145.0,39192788.0,39197045.0,39200959.0,39204897.0,39208971.0,39213216.0,39217767.0,39221887.0,39226513.0,39231378.0,39236132.0,39241103.0,39246437.0,39252194.0,39257440.0,39262808.0,39268702.0,39275060.0,39281386.0,39288613.0,39296289.0,39302854.0,39308989.0,39315082.0,39321254.0,39327606.0,39334821.0,39341897.0,39347774.0,39353305.0,39359089.0,39365037.0,39371588.0,39379141.0,39386634.0,39393481.0,39399205.0,39404839.0,39409798.0,,,,,,,,,39447496.0,39451800.0,39455273.0,39458850.0,39462071.0,39465112.0,39468056.0,39471299.0,39474776.0,39478326.0,39481793.0,39485062.0,39489283.0,39493402.0,39497813.0,39501846.0,39505231.0,39508784.0,39512127.0,39515645.0,39519232.0,39523468.0,39527644.0,39531518.0,39535382.0,39539811.0,39543998.0,39547965.0,39551647.0,39555180.0,39558591.0,39562162.0,39565683.0,39569185.0,39572395.0,39575706.0,39578804.0,39581765.0,39584812.0,39588071.0,39591115.0,39593971.0,39597083.0,39600304.0,39603476.0,39606719.0,39610114.0,39613898.0,39618002.0,39622005.0,39625554.0,39628755.0,39632067.0,39635500.0,39639038.0,39642686.0,39646357.0,39650124.0,39653696.0,39657539.0,39661307.0,39665157.0,39668775.0,39672348.0,39675762.0,39679371.0,39682935.0,39686352.0,39689774.0,39693056.0,39696395.0,39699723.0,39702988.0,39706506.0,39710313.0,39714107.0,39718862.0,39723622.0,39728147.0,39731835.0,39735533.0,39739025.0,39742730.0,39746917.0,39751407.0,39755398.0,39758733.0,39762054.0,39765214.0,39768239.0,39771543.0,39774812.0,39777986.0,39781013.0,39784124.0,39787414.0,39790883.0,39794261.0,39798108.0,39801676.0,39805047.0,39808293.0,39811361.0,39814637.0,39817945.0,39821134.0,39824243.0,39827587.0,39831029.0,39834434.0,39837609.0,39840723.0,39843912.0,39847168.0,39850300.0,39853307.0,39856354.0,39859451.0,39862752.0,39866515.0,39870119.0,,39878727.0,39883287.0,39887180.0,39890737.0,39894562.0,39898351.0,39901945.0,39905517.0,39909121.0,39912745.0,39916583.0,39920754.0,39924604.0,39928235.0,39931637.0,39935287.0,39939066.0,39943019.0,39947256.0,39951477.0,39955498.0,39959728.0,39963479.0,39967168.0,39970657.0,39974153.0,39977475.0,39981360.0,39984659.0,39987914.0,39991317.0,39994561.0,39998050.0,40001739.0,40005353.0,40009648.0,40013789.0,40017899.0,40022296.0,40027369.0,40032472.0,40037142.0,40041579.0,40045742.0,40049568.0,40053473.0,40057963.0,40062305.0,40066158.0,40069845.0,40073371.0,40076994.0,40080801.0,40085234.0,40089482.0,40093285.0,40097198.0,40101255.0,40105259.0,40109474.0,40113753.0,40117553.0,40121118.0,40124266.0,40127436.0,40130386.0,40133419.0,40136258.0,40138988.0,40141675.0,40144218.0,40146791.0,40149389.0,40151893.0,40154652.0,40157460.0,40160238.0,40163195.0,40166037.0,40168843.0,40171773.0,40174878.0,40178156.0,40181194.0,40184181.0,40187069.0,40190074.0,40193606.0,40196933.0,40199883.0,40202617.0,40205379.0,40208205.0,40210882.0,40213766.0,40216696.0,40219448.0,40222358.0,40225124.0,40227676.0,40230212.0,40232797.0,40235328.0,40237920.0,40240617.0,40243380.0,40246063.0,40249325.0,40252817.0,40256534.0,40260144.0,40263407.0,40266416.0,40269412
rQbh4iyyM3E,67562.0,67589.0,67622.0,67642.0,67668.0,67689.0,67711.0,67745.0,67773.0,67797.0,67829.0,67865.0,67890.0,67915.0,67941.0,67973.0,67989.0,68010.0,68034.0,68064.0,68092.0,68123.0,68149.0,68166.0,68195.0,68212.0,68240.0,68257.0,68281.0,68305.0,68336.0,68355.0,68383.0,68408.0,68432.0,68456.0,68486.0,68515.0,68530.0,68552.0,68581.0,68601.0,68621.0,68636.0,68661.0,68679.0,68702.0,68723.0,68740.0,68767.0,68792.0,68814.0,68834.0,68849.0,68870.0,68885.0,68900.0,68914.0,68923.0,68936.0,68957.0,68975.0,68995.0,69003.0,69021.0,69032.0,69044.0,69054.0,69062.0,69072.0,69092.0,69102.0,69116.0,69128.0,69143.0,69169.0,69194.0,69213.0,69237.0,69258.0,69277.0,69290.0,69309.0,69322.0,69347.0,69375.0,69387.0,69410.0,69424.0,69441.0,69458.0,69481.0,69504.0,69524.0,69547.0,69564.0,69583.0,69605.0,69633.0,69659.0,69678.0,69698.0,69709.0,69726.0,69734.0,69745.0,69767.0,69777.0,69802.0,69822.0,69836.0,69854.0,69869.0,69884.0,69903.0,69910.0,69925.0,69940.0,69957.0,69974.0,69990.0,70004.0,70013.0,70026.0,70040.0,70057.0,70078.0,70098.0,70139.0,70157.0,70186.0,70208.0,70234.0,70253.0,,,,,,,,,70649.0,70674.0,70703.0,70734.0,70839.0,70938.0,71050.0,71199.0,71401.0,71561.0,71786.0,71971.0,72161.0,72398.0,72607.0,72783.0,72997.0,73091.0,73169.0,73244.0,73267.0,73289.0,73312.0,73349.0,73372.0,73401.0,73427.0,73460.0,73480.0,73506.0,73530.0,73550.0,73576.0,73598.0,73613.0,73631.0,73642.0,73664.0,73682.0,73708.0,73730.0,73765.0,73776.0,73786.0,73800.0,73820.0,73840.0,73850.0,73861.0,73883.0,73902.0,73925.0,73953.0,73973.0,73998.0,74021.0,74036.0,74058.0,74077.0,74095.0,74112.0,74130.0,74145.0,74165.0,74184.0,74198.0,74238.0,74262.0,74281.0,74303.0,74317.0,74327.0,74347.0,74364.0,74381.0,74405.0,74430.0,74450.0,74469.0,74493.0,74520.0,74543.0,74571.0,74594.0,74618.0,74631.0,74646.0,74660.0,74678.0,74699.0,74725.0,74749.0,74759.0,74781.0,74814.0,74842.0,74877.0,74903.0,74936.0,74959.0,74989.0,75032.0,75060.0,75094.0,75123.0,75153.0,75176.0,75205.0,75228.0,75251.0,75281.0,75298.0,75319.0,75342.0,75363.0,75374.0,75393.0,75412.0,75433.0,75448.0,75466.0,,75508.0,75530.0,75562.0,75584.0,75600.0,75618.0,75632.0,75650.0,75670.0,75686.0,75710.0,75726.0,75738.0,75758.0,75780.0,75798.0,75825.0,75847.0,75871.0,75889.0,75915.0,75949.0,75973.0,76008.0,76029.0,76051.0,76073.0,76107.0,76140.0,76167.0,76203.0,76244.0,76272.0,76293.0,76330.0,76364.0,76403.0,76438.0,76477.0,76500.0,76523.0,76547.0,76570.0,76591.0,76631.0,76659.0,76683.0,76714.0,76747.0,76764.0,76793.0,76823.0,76841.0,76876.0,76901.0,76923.0,76944.0,76966.0,76985.0,77002.0,77035.0,77063.0,77097.0,77128.0,77159.0,77196.0,77228.0,77255.0,77268.0,77297.0,77316.0,77337.0,77357.0,77372.0,77382.0,77395.0,77408.0,77425.0,77442.0,77461.0,77477.0,77500.0,77513.0,77531.0,77541.0,77559.0,77577.0,77595.0,77603.0,77621.0,77635.0,77656.0,77681.0,77706.0,77722.0,77735.0,77747.0,77762.0,77776.0,77790.0,77808.0,77828.0,77840.0,77849.0,77866.0,77881.0,77896.0,77918.0,77931.0,77952.0,77962.0,77984.0,77997.0,78015
ktXNwW8Dt9U,211172.0,211250.0,211312.0,211369.0,211441.0,211524.0,211604.0,211675.0,211763.0,211840.0,211906.0,211973.0,212072.0,212150.0,212230.0,212316.0,212400.0,212473.0,212572.0,212687.0,212809.0,212901.0,212994.0,213091.0,213169.0,213267.0,213376.0,213483.0,213605.0,213723.0,213798.0,213888.0,214000.0,214108.0,214218.0,214338.0,214446.0,214546.0,214616.0,214719.0,214826.0,214921.0,215010.0,215134.0,215241.0,215320.0,215409.0,215534.0,215639.0,215740.0,215814.0,215912.0,215996.0,216099.0,216203.0,216295.0,216406.0,216519.0,216615.0,216742.0,216868.0,216987.0,217085.0,217199.0,217311.0,217457.0,217560.0,217685.0,217798.0,217911.0,218027.0,218125.0,218229.0,218312.0,218403.0,218529.0,218654.0,218764.0,218865.0,218950.0,219049.0,219149.0,219234.0,219368.0,219483.0,219587.0,219695.0,219811.0,219947.0,220090.0,220227.0,220327.0,220488.0,220606.0,220695.0,220840.0,220968.0,221094.0,221225.0,221379.0,221501.0,221617.0,221731.0,221842.0,221967.0,222083.0,222199.0,222325.0,222458.0,222541.0,222641.0,222751.0,222876.0,222992.0,223093.0,223169.0,223279.0,223374.0,223472.0,223592.0,223703.0,223806.0,223894.0,224000.0,224105.0,224226.0,224341.0,224493.0,224649.0,224772.0,224914.0,225031.0,225155.0,225311.0,,,,,,,,,226418.0,226509.0,226636.0,226750.0,226845.0,226957.0,227050.0,227134.0,227223.0,227320.0,227437.0,227534.0,227709.0,227813.0,227920.0,228039.0,228151.0,228290.0,228404.0,228516.0,228614.0,228705.0,228795.0,228894.0,228998.0,229074.0,229177.0,229276.0,229400.0,229471.0,229546.0,229634.0,229721.0,229792.0,229872.0,229941.0,230003.0,230052.0,230145.0,230216.0,230286.0,230364.0,230439.0,230506.0,230567.0,230666.0,230748.0,230831.0,230922.0,231011.0,231074.0,231151.0,231228.0,231316.0,231398.0,231469.0,231557.0,231633.0,231738.0,231835.0,231946.0,232028.0,232160.0,232254.0,232349.0,232448.0,232586.0,232706.0,232798.0,232907.0,233021.0,233142.0,233253.0,233414.0,233563.0,233742.0,233919.0,234039.0,234170.0,234323.0,234480.0,234622.0,234793.0,234945.0,235073.0,235196.0,235313.0,235435.0,235579.0,235706.0,235881.0,235995.0,236106.0,236203.0,236328.0,236477.0,236592.0,236741.0,236852.0,236959.0,237057.0,237192.0,237317.0,237419.0,237550.0,237675.0,237793.0,237896.0,238003.0,238097.0,238205.0,238322.0,238404.0,238492.0,238615.0,238691.0,238783.0,238897.0,239021.0,239139.0,239234.0,,239500.0,239642.0,239765.0,239881.0,240011.0,240114.0,240217.0,240325.0,240440.0,240540.0,240656.0,240763.0,240871.0,240962.0,241048.0,241154.0,241240.0,241356.0,241456.0,241538.0,241652.0,241748.0,241852.0,241917.0,242018.0,242101.0,242166.0,242230.0,242325.0,242404.0,242488.0,242562.0,242652.0,242735.0,242830.0,242910.0,242984.0,243057.0,243162.0,243242.0,243328.0,243414.0,243502.0,243575.0,243685.0,243804.0,243985.0,244146.0,244378.0,244554.0,244792.0,244985.0,245173.0,245348.0,245460.0,245600.0,245778.0,245928.0,246093.0,246300.0,246451.0,246596.0,246720.0,246895.0,247096.0,247293.0,247521.0,247715.0,247913.0,248153.0,248417.0,248634.0,248904.0,249147.0,249369.0,249552.0,249765.0,249979.0,250182.0,250510.0,250751.0,250991.0,251234.0,251443.0,251597.0,251786.0,251904.0,252076.0,252213.0,252349.0,252465.0,252577.0,252708.0,252828.0,252961.0,253057.0,253142.0,253243.0,253350.0,253436.0,253547.0,253631.0,253733.0,253836.0,253950.0,254077.0,254210.0,254364.0,254484.0,254600.0,254703.0,254814.0,254928.0,255050
Zwo6HRBR1kM,1591564.0,1591714.0,1591861.0,1591993.0,1592116.0,1592218.0,1592389.0,1592497.0,1592676.0,1592811.0,1592918.0,1593065.0,1593236.0,1593377.0,1593559.0,1593709.0,1593857.0,1593981.0,1594130.0,1594222.0,1594402.0,1594536.0,1594692.0,1594842.0,1594996.0,1595137.0,1595262.0,1595404.0,1595518.0,1595684.0,1595906.0,1596081.0,1596235.0,1596390.0,1596515.0,1596676.0,1596809.0,1596921.0,1597039.0,1597187.0,1597329.0,1597544.0,1597831.0,1598011.0,1598221.0,1598384.0,1598548.0,1598726.0,1598895.0,1599078.0,1599228.0,1599356.0,1599493.0,1599653.0,1599789.0,1599914.0,1600022.0,1600146.0,1600276.0,1600403.0,1600521.0,1600645.0,1600759.0,1600868.0,1600976.0,1601109.0,1601237.0,1601361.0,1601478.0,1601586.0,1601696.0,1601801.0,1601886.0,1601993.0,1602112.0,1602219.0,1602318.0,1602419.0,1602519.0,1602635.0,1602746.0,1602850.0,1602936.0,1603052.0,1603179.0,1603268.0,1603383.0,1603473.0,1603541.0,1603625.0,1603705.0,1603779.0,1603899.0,1603999.0,1604069.0,1604153.0,1604219.0,1604302.0,1604373.0,1604464.0,1604565.0,1604652.0,1604746.0,1604821.0,1604915.0,1604994.0,1605081.0,1605146.0,1605225.0,1605310.0,1605378.0,1605472.0,1605563.0,1605646.0,1605733.0,1605811.0,1605906.0,1605981.0,1606084.0,1606143.0,1606204.0,1606288.0,1606360.0,1606456.0,1606539.0,1606591.0,1606668.0,1606748.0,1606806.0,1606894.0,1606992.0,1607060.0,1607124.0,1607183.0,,,,,,,,,1607855.0,1607973.0,1608105.0,1608257.0,1608408.0,1608675.0,1608927.0,1609132.0,1609296.0,1609383.0,1609499.0,1609583.0,1609687.0,1609777.0,1609881.0,1609987.0,1610090.0,1610173.0,1610279.0,1610341.0,1610401.0,1610436.0,1610548.0,1610615.0,1610696.0,1610780.0,1610856.0,1610909.0,1610999.0,1611083.0,1611158.0,1611231.0,1611295.0,1611348.0,1611407.0,1611491.0,1611549.0,1611596.0,1611652.0,1611735.0,1611782.0,1611841.0,1611903.0,1611964.0,1612024.0,1612087.0,1612146.0,1612209.0,1612270.0,1612345.0,1612404.0,1612458.0,1612541.0,1612616.0,1612693.0,1612764.0,1612826.0,1612875.0,1612937.0,1613005.0,1613072.0,1613144.0,1613204.0,1613270.0,1613343.0,1613434.0,1613500.0,1613586.0,1613633.0,1613706.0,1613784.0,1613863.0,1613927.0,1613986.0,1614054.0,1614114.0,1614172.0,1614246.0,1614316.0,1614371.0,1614436.0,1614481.0,1614547.0,1614637.0,1614708.0,1614774.0,1614837.0,1614903.0,1614967.0,1615028.0,1615098.0,1615206.0,1615277.0,1615356.0,1615455.0,1615553.0,1615652.0,1615727.0,1615813.0,1615883.0,1615944.0,1616011.0,1616089.0,1616201.0,1616268.0,1616344.0,1616437.0,1616509.0,1616613.0,1616673.0,1616744.0,1616806.0,1616903.0,1616989.0,1617069.0,1617164.0,1617241.0,1617328.0,1617413.0,1617522.0,1617604.0,,1617805.0,1617903.0,1617983.0,1618076.0,1618161.0,1618225.0,1618300.0,1618374.0,1618442.0,1618514.0,1618594.0,1618660.0,1618735.0,1618813.0,1618886.0,1619001.0,1619096.0,1619176.0,1619298.0,1619368.0,1619449.0,1619527.0,1619593.0,1619659.0,1619723.0,1619782.0,1619855.0,1619933.0,1620015.0,1620081.0,1620152.0,1620219.0,1620294.0,1620349.0,1620422.0,1620494.0,1620581.0,1620675.0,1620752.0,1620831.0,1620901.0,1620982.0,1621053.0,1621133.0,1621188.0,1621273.0,1621348.0,1621412.0,1621481.0,1621556.0,1621624.0,1621690.0,1621801.0,1621894.0,1621971.0,1622065.0,1622130.0,1622199.0,1622311.0,1622413.0,1622540.0,1622625.0,1622740.0,1622830.0,1622959.0,1623106.0,1623229.0,1623360.0,1623490.0,1623588.0,1623714.0,1623828.0,1623957.0,1624071.0,1624177.0,1624272.0,1624365.0,1624452.0,1624556.0,1624667.0,1624780.0,1624902.0,1625002.0,1625102.0,1625197.0,1625294.0,1625375.0,1625487.0,1625585.0,1625670.0,1625759.0,1625858.0,1625959.0,1626050.0,1626123.0,1626210.0,1626317.0,1626399.0,1626483.0,1626558.0,1626641.0,1626720.0,1626793.0,1626867.0,1626978.0,1627074.0,1627169.0,1627276.0,1627361.0,1627440.0,1627517.0,1627590.0,1627676.0,1627735
HsilWZbiQdc,569.0,570.0,570.0,570.0,570.0,570.0,570.0,570.0,570.0,571.0,573.0,575.0,578.0,579.0,580.0,581.0,581.0,583.0,585.0,585.0,587.0,590.0,591.0,591.0,592.0,593.0,595.0,596.0,596.0,597.0,597.0,597.0,598.0,598.0,598.0,599.0,599.0,599.0,600.0,600.0,600.0,601.0,601.0,602.0,604.0,604.0,604.0,605.0,607.0,608.0,608.0,608.0,608.0,609.0,610.0,610.0,615.0,621.0,621.0,621.0,622.0,622.0,622.0,622.0,622.0,622.0,622.0,622.0,622.0,622.0,622.0,623.0,623.0,623.0,623.0,625.0,626.0,627.0,627.0,627.0,627.0,627.0,627.0,627.0,627.0,628.0,628.0,628.0,628.0,629.0,629.0,629.0,629.0,629.0,630.0,630.0,630.0,631.0,631.0,631.0,631.0,631.0,632.0,632.0,632.0,632.0,632.0,632.0,632.0,632.0,632.0,632.0,632.0,632.0,632.0,632.0,632.0,633.0,633.0,633.0,634.0,634.0,634.0,638.0,638.0,638.0,638.0,638.0,638.0,638.0,638.0,638.0,638.0,638.0,,,,,,,,,644.0,644.0,645.0,645.0,645.0,646.0,646.0,646.0,647.0,647.0,647.0,648.0,648.0,654.0,654.0,654.0,654.0,654.0,654.0,655.0,655.0,655.0,655.0,655.0,655.0,655.0,655.0,655.0,655.0,655.0,655.0,655.0,655.0,655.0,655.0,656.0,656.0,656.0,656.0,657.0,659.0,656.0,659.0,659.0,659.0,659.0,659.0,659.0,659.0,659.0,659.0,659.0,659.0,659.0,659.0,659.0,661.0,661.0,661.0,661.0,661.0,661.0,661.0,661.0,661.0,661.0,661.0,661.0,661.0,661.0,661.0,661.0,661.0,661.0,661.0,661.0,661.0,661.0,661.0,661.0,661.0,661.0,661.0,661.0,661.0,661.0,661.0,661.0,661.0,661.0,661.0,661.0,661.0,661.0,661.0,661.0,661.0,661.0,662.0,662.0,662.0,662.0,662.0,662.0,662.0,662.0,662.0,662.0,662.0,662.0,662.0,662.0,663.0,663.0,663.0,663.0,663.0,664.0,664.0,664.0,664.0,,668.0,668.0,668.0,668.0,669.0,669.0,669.0,669.0,669.0,669.0,669.0,669.0,669.0,669.0,670.0,670.0,670.0,670.0,670.0,670.0,670.0,670.0,670.0,670.0,670.0,670.0,670.0,670.0,670.0,670.0,670.0,670.0,670.0,670.0,670.0,670.0,670.0,670.0,670.0,670.0,670.0,670.0,670.0,670.0,670.0,670.0,670.0,670.0,670.0,671.0,671.0,671.0,671.0,671.0,671.0,671.0,671.0,671.0,671.0,671.0,671.0,671.0,671.0,671.0,671.0,671.0,671.0,671.0,671.0,671.0,671.0,671.0,671.0,671.0,671.0,671.0,671.0,671.0,671.0,671.0,671.0,671.0,671.0,671.0,671.0,671.0,671.0,671.0,671.0,671.0,671.0,671.0,671.0,671.0,671.0,671.0,671.0,671.0,671.0,671.0,671.0,671.0,671.0,671.0,671.0,671.0,671.0,671.0,671.0,671.0,671.0,671.0,673.0,673
zJjX10Dwfxs,149122.0,149222.0,149314.0,149423.0,149550.0,149672.0,149779.0,149898.0,150002.0,150115.0,150259.0,150350.0,150463.0,150548.0,150631.0,150721.0,150839.0,150935.0,151009.0,151075.0,151157.0,151220.0,151289.0,151381.0,151465.0,151530.0,151618.0,151695.0,151785.0,151854.0,151969.0,152067.0,152169.0,152279.0,152375.0,152456.0,152573.0,152671.0,152754.0,152837.0,152894.0,152996.0,153061.0,153155.0,153291.0,153383.0,153475.0,153592.0,153671.0,153748.0,153832.0,153932.0,154011.0,154095.0,154195.0,154264.0,154338.0,154420.0,154491.0,154561.0,154629.0,154719.0,154785.0,154866.0,154975.0,155056.0,155147.0,155229.0,155294.0,155362.0,155459.0,155540.0,155617.0,155681.0,155756.0,155821.0,155923.0,155984.0,156064.0,156131.0,156218.0,156288.0,156358.0,156430.0,156500.0,156589.0,156683.0,156768.0,156854.0,156924.0,156996.0,157089.0,157155.0,157246.0,157351.0,157440.0,157483.0,157548.0,157648.0,157733.0,157821.0,157897.0,157983.0,158067.0,158136.0,158203.0,158267.0,158347.0,158405.0,158476.0,158549.0,158614.0,158672.0,158721.0,158803.0,158871.0,158965.0,159057.0,159163.0,159250.0,159320.0,159382.0,159453.0,159543.0,159592.0,159670.0,159716.0,159769.0,159821.0,159879.0,159921.0,159990.0,160040.0,160105.0,,,,,,,,,160670.0,160731.0,160774.0,160819.0,160882.0,160947.0,161011.0,161044.0,161113.0,161157.0,161215.0,161259.0,161325.0,161377.0,161450.0,161502.0,161587.0,161668.0,161730.0,161782.0,161825.0,161880.0,161954.0,162007.0,162074.0,162109.0,162162.0,162223.0,162292.0,162341.0,162398.0,162440.0,162481.0,162537.0,162574.0,162610.0,162659.0,162697.0,162759.0,162812.0,162875.0,162930.0,162980.0,163043.0,163082.0,163122.0,163174.0,163211.0,163282.0,163351.0,163393.0,163440.0,163479.0,163516.0,163565.0,163622.0,163652.0,163687.0,163721.0,163758.0,163805.0,163847.0,163891.0,163931.0,163972.0,164013.0,164044.0,164088.0,164121.0,164167.0,164199.0,164235.0,164277.0,164335.0,164394.0,164481.0,164535.0,164580.0,164625.0,164696.0,164741.0,164777.0,164819.0,164862.0,164917.0,164948.0,164998.0,165035.0,165081.0,165113.0,165160.0,165197.0,165254.0,165289.0,165341.0,165376.0,165413.0,165449.0,165492.0,165523.0,165563.0,165591.0,165629.0,165665.0,165707.0,165729.0,165768.0,165811.0,165845.0,165888.0,165928.0,165968.0,166021.0,166088.0,166151.0,166198.0,166249.0,166300.0,166345.0,166401.0,166456.0,,166551.0,166621.0,166710.0,166787.0,166837.0,166866.0,166919.0,166978.0,167026.0,167088.0,167137.0,167190.0,167248.0,167300.0,167343.0,167414.0,167478.0,167557.0,167626.0,167703.0,167751.0,167797.0,167871.0,167932.0,167997.0,168063.0,168117.0,168216.0,168282.0,168331.0,168396.0,168473.0,168544.0,168631.0,168703.0,168763.0,168841.0,168916.0,168971.0,169034.0,169100.0,169157.0,169216.0,169291.0,169345.0,169384.0,169443.0,169527.0,169615.0,169699.0,169781.0,169854.0,169920.0,170007.0,170095.0,170140.0,170190.0,170253.0,170304.0,170352.0,170421.0,170503.0,170568.0,170632.0,170688.0,170736.0,170792.0,170857.0,170910.0,170959.0,171007.0,171054.0,171089.0,171126.0,171186.0,171245.0,171286.0,171332.0,171399.0,171449.0,171520.0,171586.0,171631.0,171722.0,171779.0,171828.0,171901.0,171968.0,172013.0,172081.0,172141.0,172184.0,172235.0,172284.0,172326.0,172370.0,172408.0,172459.0,172502.0,172557.0,172603.0,172637.0,172675.0,172723.0,172767.0,172810.0,172854.0,172896.0,172933.0,172977.0,173032.0,173118.0,173167.0,173221
-ivRTmNrJH4,51625.0,51638.0,51647.0,51665.0,51678.0,51708.0,51739.0,51755.0,51774.0,51798.0,51816.0,51844.0,51867.0,51888.0,51910.0,51934.0,51965.0,51993.0,52005.0,52029.0,52045.0,52055.0,52073.0,52092.0,52100.0,52115.0,52139.0,52161.0,52179.0,52205.0,52214.0,52225.0,52234.0,52257.0,52320.0,52345.0,52373.0,52392.0,52443.0,52479.0,52515.0,52576.0,52625.0,52667.0,52699.0,52725.0,52749.0,52777.0,52820.0,52850.0,52866.0,52889.0,52911.0,52935.0,52958.0,53002.0,53021.0,53038.0,53059.0,53096.0,53123.0,53148.0,53178.0,53206.0,53223.0,53243.0,53261.0,53286.0,53301.0,53355.0,53392.0,53423.0,53445.0,53470.0,53494.0,53518.0,53546.0,53565.0,53584.0,53607.0,53624.0,53645.0,53669.0,53710.0,53740.0,53774.0,53797.0,53819.0,53842.0,53853.0,53872.0,53887.0,53901.0,53922.0,53936.0,53954.0,53972.0,53988.0,54005.0,54026.0,54045.0,54062.0,54084.0,54105.0,54127.0,54140.0,54160.0,54179.0,54196.0,54207.0,54228.0,54238.0,54252.0,54268.0,54281.0,54294.0,54314.0,54327.0,54343.0,54354.0,54367.0,54379.0,54393.0,54407.0,54416.0,54433.0,54456.0,54470.0,54490.0,54505.0,54518.0,54532.0,54547.0,54563.0,,,,,,,,,54674.0,54685.0,54700.0,54704.0,54710.0,54725.0,54737.0,54745.0,54752.0,54760.0,54768.0,54780.0,54794.0,54805.0,54817.0,54830.0,54842.0,54851.0,54865.0,54878.0,54893.0,54903.0,54912.0,54925.0,54943.0,54957.0,54971.0,54988.0,54995.0,55005.0,55013.0,55032.0,55053.0,55072.0,55083.0,55097.0,55115.0,55135.0,55156.0,55171.0,55185.0,55201.0,55218.0,55232.0,55245.0,55256.0,55267.0,55280.0,55294.0,55309.0,55320.0,55335.0,55359.0,55376.0,55408.0,55438.0,55462.0,55484.0,55509.0,55529.0,55547.0,55565.0,55582.0,55600.0,55619.0,55634.0,55650.0,55673.0,55690.0,55708.0,55723.0,55741.0,55762.0,55786.0,55812.0,55834.0,55845.0,55864.0,55876.0,55892.0,55912.0,55928.0,55955.0,55981.0,56003.0,56040.0,56058.0,56075.0,56094.0,56119.0,56132.0,56164.0,56174.0,56197.0,56215.0,56237.0,56270.0,56296.0,56313.0,56330.0,56345.0,56387.0,56410.0,56438.0,56465.0,56487.0,56501.0,56529.0,56550.0,56568.0,56594.0,56625.0,56650.0,56670.0,56692.0,56722.0,56744.0,56771.0,56794.0,56828.0,56848.0,,56904.0,56930.0,56955.0,56979.0,56998.0,57025.0,57049.0,57082.0,57105.0,57128.0,57157.0,57176.0,57191.0,57213.0,57236.0,57254.0,57269.0,57296.0,57322.0,57343.0,57358.0,57374.0,57385.0,57400.0,57420.0,57444.0,57466.0,57491.0,57512.0,57536.0,57563.0,57585.0,57609.0,57623.0,57652.0,57685.0,57708.0,57729.0,57761.0,57782.0,57799.0,57825.0,57841.0,57865.0,57893.0,57914.0,57940.0,57956.0,57977.0,57995.0,58025.0,58039.0,58056.0,58071.0,58089.0,58103.0,58122.0,58143.0,58163.0,58187.0,58212.0,58225.0,58245.0,58263.0,58285.0,58302.0,58323.0,58340.0,58360.0,58372.0,58388.0,58406.0,58421.0,58444.0,58468.0,58494.0,58526.0,58545.0,58573.0,58599.0,58613.0,58635.0,58654.0,58674.0,58696.0,58718.0,58744.0,58770.0,58797.0,58810.0,58834.0,58855.0,58877.0,58899.0,58924.0,58944.0,58964.0,58985.0,59007.0,59026.0,59049.0,59065.0,59089.0,59108.0,59127.0,59146.0,59164.0,59191.0,59204.0,59220.0,59238.0,59268.0,59284.0,59303
uVD-YgzDzyY,45096111.0,45112347.0,45130151.0,45148260.0,45165264.0,45182964.0,45200601.0,45221480.0,45247886.0,45278681.0,45304205.0,45326935.0,45352960.0,45380786.0,45407800.0,45432703.0,45458012.0,45479938.0,45501945.0,45526490.0,45552254.0,45578644.0,45604983.0,45629524.0,45651516.0,45673179.0,45695828.0,45717274.0,45738454.0,45760261.0,45780143.0,45798329.0,45817208.0,45838055.0,45859169.0,45878906.0,45897802.0,45914490.0,45929701.0,45945955.0,45964930.0,45982411.0,45999510.0,46016992.0,46035250.0,46053185.0,46069004.0,46085577.0,46098211.0,46109902.0,46123820.0,46139764.0,46154272.0,46168057.0,46184478.0,46201619.0,46219266.0,46236718.0,46254020.0,46270632.0,46287065.0,46304298.0,46321116.0,46336168.0,46351398.0,46366565.0,46381384.0,46396961.0,46412178.0,46433546.0,46452116.0,46469226.0,46487178.0,46504585.0,46520302.0,46536026.0,46553939.0,46571370.0,46589187.0,46606317.0,46622715.0,46637993.0,46653253.0,46669746.0,46684802.0,46701496.0,46718871.0,46735299.0,46750836.0,46767206.0,46784960.0,46803177.0,46820523.0,46839488.0,46857761.0,46875401.0,46894246.0,46912785.0,46930829.0,46949705.0,46970250.0,46989453.0,47005615.0,47021909.0,47038833.0,47055526.0,47071082.0,47087211.0,47103105.0,47118497.0,47135657.0,47153073.0,47170095.0,47185962.0,47201422.0,47215128.0,47228895.0,47243726.0,47259182.0,47273694.0,47287924.0,47300415.0,47312263.0,47325144.0,47339880.0,47354652.0,47369547.0,47384304.0,47398932.0,47411907.0,47424425.0,47438732.0,47453378.0,47466918.0,,,,,,,,,47601119.0,47615656.0,47629523.0,47644343.0,47659862.0,47675991.0,47692719.0,47709542.0,47727117.0,47743637.0,47760813.0,47778426.0,47796604.0,47814356.0,47833232.0,47851202.0,47868977.0,47889801.0,47911618.0,47930831.0,47947144.0,47964035.0,47979156.0,47994783.0,48011730.0,48028291.0,48044734.0,48061239.0,48076647.0,48091520.0,48106763.0,48123868.0,48141000.0,48157153.0,48172913.0,48188587.0,48205204.0,48222092.0,48240670.0,48258138.0,48274696.0,48291216.0,48307911.0,48323589.0,48340278.0,48357094.0,48374084.0,48391655.0,48409245.0,48425408.0,48440007.0,48454499.0,48470121.0,48486091.0,48501698.0,48517238.0,48532013.0,48546958.0,48561294.0,48577853.0,48597251.0,48613771.0,48626202.0,48640642.0,48654085.0,48667562.0,48681950.0,48697099.0,48710477.0,48721053.0,48734894.0,48748935.0,48763350.0,48778829.0,48795365.0,48811465.0,48828553.0,48843866.0,48857667.0,48871993.0,48887604.0,48904163.0,48922663.0,48939423.0,48954764.0,48969396.0,48983821.0,48997915.0,49011347.0,49024962.0,49038385.0,49051263.0,49063938.0,49076438.0,49089546.0,49102674.0,49115987.0,49127952.0,49139217.0,49150377.0,49161702.0,49173240.0,49185555.0,49197898.0,49210204.0,49221589.0,49232414.0,49243948.0,49256461.0,49269105.0,49281239.0,49293189.0,49304535.0,49315219.0,49325856.0,49337182.0,49348311.0,49361148.0,49374848.0,49386607.0,49397456.0,,49421642.0,49434920.0,49447758.0,49459597.0,49472493.0,49485205.0,49498597.0,49512263.0,49525954.0,49539791.0,49553422.0,49567101.0,49580600.0,49597677.0,49613555.0,49627549.0,49641138.0,49654849.0,49668626.0,49681438.0,49693024.0,49705424.0,49718894.0,49732173.0,49756091.0,49781249.0,49797174.0,49811736.0,49826875.0,49841814.0,49855389.0,49867774.0,49878772.0,49889544.0,49900151.0,49911969.0,49923896.0,49939695.0,49953170.0,49965023.0,49976839.0,49989403.0,50003596.0,50020216.0,50032451.0,50042719.0,50053459.0,50063150.0,50072431.0,50082177.0,50092570.0,50102574.0,50112411.0,50121485.0,50129725.0,50139165.0,50149677.0,50160145.0,50170328.0,50179539.0,50188575.0,50197134.0,50205477.0,50215123.0,50225592.0,50235625.0,50244779.0,50253608.0,50261668.0,50269761.0,50278877.0,50287729.0,50297092.0,50306167.0,50315415.0,50324419.0,50333489.0,50343740.0,50354161.0,50364543.0,50375267.0,50385147.0,50393956.0,50403673.0,50414111.0,50424720.0,50435284.0,50445988.0,50455934.0,50465225.0,50474228.0,50483495.0,50493450.0,50503926.0,50513825.0,50524320.0,50533640.0,50543000.0,50552520.0,50562728.0,50572590.0,50583444.0,50594079.0,50603279.0,50612714.0,50622826.0,50632839.0,50643280.0,50653843.0,50664656.0,50673797.0,50682821.0,50692909.0,50703723
PxnuqFD-f9c,16115369.0,16124815.0,16135407.0,16144888.0,16154997.0,16166716.0,16178995.0,16191891.0,16206091.0,16220383.0,16233507.0,16247081.0,16262417.0,16278181.0,16292896.0,16306268.0,16322726.0,16336555.0,16349843.0,16363815.0,16378097.0,16392591.0,16406237.0,16419403.0,16431674.0,16444592.0,16458710.0,16474105.0,16489746.0,16504540.0,16518097.0,16530575.0,16543742.0,16559746.0,16575801.0,16590083.0,16604299.0,16617762.0,16630295.0,16642475.0,16655604.0,16669022.0,16681810.0,16694591.0,16706916.0,16718850.0,16730259.0,16741853.0,16753354.0,16766583.0,16779160.0,16790644.0,16800269.0,16809986.0,16821146.0,16833091.0,16845464.0,16857764.0,16868512.0,16878176.0,16888630.0,16900060.0,16911380.0,16922028.0,16932703.0,16943273.0,16952904.0,16962869.0,16972447.0,16984563.0,16995514.0,17006002.0,17016506.0,17025906.0,17035375.0,17044933.0,17054929.0,17065046.0,17075408.0,17084540.0,17093245.0,17102769.0,17112885.0,17123169.0,17133525.0,17144255.0,17153766.0,17163066.0,17172676.0,17182928.0,17193698.0,17205100.0,17216565.0,17226740.0,17236138.0,17245738.0,17256357.0,17266790.0,17277888.0,17288024.0,17297532.0,17305556.0,17314323.0,17323732.0,17332919.0,17342126.0,17350727.0,17358488.0,17366146.0,17375071.0,17386475.0,17398173.0,17409599.0,17420852.0,17431313.0,17441094.0,17450088.0,17459560.0,17469185.0,17482335.0,17495277.0,17506920.0,17517117.0,17527139.0,17536512.0,17546204.0,17556221.0,17565772.0,17574971.0,17582822.0,17591518.0,17600640.0,17609822.0,17619149.0,,,,,,,,,17699538.0,17708029.0,17716367.0,17724762.0,17733270.0,17742255.0,17750773.0,17758557.0,17767660.0,17776672.0,17787013.0,17796785.0,17807238.0,17817339.0,17826374.0,17834827.0,17843192.0,17852187.0,17861413.0,17870697.0,17879963.0,17888846.0,17896155.0,17903917.0,17912643.0,17921310.0,17930743.0,17939294.0,17948101.0,17956438.0,17965488.0,17975417.0,17985498.0,17994897.0,18003885.0,18013165.0,18021207.0,18030330.0,18041090.0,18051689.0,18061406.0,18071111.0,18080180.0,18088675.0,18097953.0,18107202.0,18116702.0,18126587.0,18136870.0,18146469.0,18154533.0,18163144.0,18172729.0,18183060.0,18193361.0,18203673.0,18212531.0,18220838.0,18229607.0,18239637.0,18249135.0,18256830.0,18263624.0,18271711.0,18279103.0,18287942.0,18297124.0,18306093.0,18313188.0,18319270.0,18326126.0,18332881.0,18340363.0,18348288.0,18356628.0,18364856.0,18373663.0,18381099.0,18387987.0,18395157.0,18403076.0,18412083.0,18421711.0,18431207.0,18440009.0,18448031.0,18456216.0,18465199.0,18474109.0,18483533.0,18492507.0,18501187.0,18509120.0,18517201.0,18525732.0,18535041.0,18544037.0,18552844.0,18561170.0,18568899.0,18577034.0,18585663.0,18594837.0,18603880.0,18612859.0,18620971.0,18628349.0,18636157.0,18644894.0,18653267.0,18661746.0,18669949.0,18677573.0,18684359.0,18691404.0,18698321.0,18705326.0,18712072.0,18719330.0,18726101.0,18732111.0,,18745316.0,18752570.0,18760179.0,18767545.0,18774290.0,18781031.0,18788516.0,18796597.0,18804907.0,18813492.0,18822023.0,18829692.0,18836613.0,18846988.0,18856262.0,18865070.0,18873331.0,18881466.0,18889044.0,18895750.0,18903138.0,18910841.0,18918803.0,18926859.0,18934680.0,18942397.0,18949471.0,18956795.0,18966665.0,18977007.0,18986591.0,18994697.0,19002101.0,19008670.0,19015804.0,19023751.0,19031280.0,19038490.0,19045712.0,19052542.0,19059995.0,19066702.0,19074182.0,19081402.0,19088317.0,19095605.0,19103363.0,19109816.0,19116726.0,19124356.0,19131733.0,19139471.0,19147093.0,19154231.0,19160684.0,19167349.0,19175086.0,19183009.0,19190644.0,19198174.0,19205758.0,19212550.0,19219980.0,19228757.0,19237647.0,19246320.0,19254618.0,19262203.0,19269140.0,19276510.0,19284785.0,19293133.0,19301277.0,19309384.0,19317751.0,19325834.0,19333903.0,19343111.0,19352619.0,19361675.0,19370719.0,19379250.0,19386837.0,19394446.0,19403354.0,19412234.0,19420828.0,19429543.0,19437865.0,19444888.0,19452580.0,19461016.0,19470556.0,19479772.0,19488792.0,19497504.0,19504960.0,19512979.0,19521907.0,19530947.0,19540187.0,19548979.0,19557512.0,19564892.0,19572360.0,19581420.0,19590569.0,19599331.0,19608004.0,19616786.0,19624289.0,19631760.0,19639785.0,19647932
TloOUWF6EIQ,1233623.0,1233695.0,1233766.0,1233837.0,1233908.0,1233992.0,1234079.0,1234150.0,1234238.0,1234314.0,1234403.0,1234476.0,1234544.0,1234612.0,1234681.0,1234727.0,1234801.0,1234866.0,1234939.0,1235001.0,1235058.0,1235129.0,1235187.0,1235241.0,1235282.0,1235324.0,1235375.0,1235429.0,1235494.0,1235566.0,1235615.0,1235661.0,1235719.0,1235768.0,1235823.0,1235878.0,1235929.0,1236011.0,1236072.0,1236130.0,1236182.0,1236227.0,1236284.0,1236328.0,1236378.0,1236433.0,1236502.0,1236545.0,1236607.0,1236659.0,1236707.0,1236749.0,1236802.0,1236857.0,1236891.0,1236938.0,1236985.0,1237055.0,1237099.0,1237155.0,1237197.0,1237247.0,1237287.0,1237331.0,1237394.0,1237429.0,1237481.0,1237542.0,1237584.0,1237634.0,1237703.0,1237758.0,1237818.0,1237880.0,1237914.0,1237978.0,1238021.0,1238073.0,1238139.0,1238194.0,1238248.0,1238303.0,1238367.0,1238432.0,1238506.0,1238564.0,1238619.0,1238672.0,1238754.0,1238827.0,1238914.0,1239000.0,1239080.0,1239161.0,1239242.0,1239321.0,1239409.0,1239490.0,1239599.0,1239690.0,1239759.0,1239844.0,1239918.0,1239998.0,1240079.0,1240183.0,1240278.0,1240354.0,1240440.0,1240507.0,1240603.0,1240668.0,1240758.0,1240861.0,1240953.0,1241017.0,1241115.0,1241217.0,1241337.0,1241413.0,1241515.0,1241598.0,1241680.0,1241749.0,1241834.0,1241916.0,1242002.0,1242096.0,1242183.0,1242256.0,1242339.0,1242434.0,1242535.0,1242619.0,,,,,,,,,1243927.0,1244140.0,1244352.0,1244562.0,1244813.0,1245058.0,1245336.0,1245610.0,1246011.0,1246426.0,1246910.0,1247503.0,1248018.0,1248616.0,1249049.0,1249545.0,1249932.0,1250343.0,1250744.0,1251257.0,1251757.0,1253062.0,1254358.0,1256021.0,1257987.0,1260273.0,1262616.0,1265388.0,1268429.0,1271197.0,1273564.0,1276129.0,1279217.0,1281639.0,1284592.0,1288022.0,1291096.0,1295142.0,1298809.0,1302502.0,1308086.0,1313146.0,1318528.0,1323297.0,1327438.0,1332460.0,1336995.0,1341602.0,1346408.0,1352701.0,1358474.0,1363992.0,1369822.0,1375730.0,1381435.0,1387205.0,1394287.0,1400274.0,1405782.0,1412799.0,1423293.0,1436259.0,1440075.0,1442119.0,1443564.0,1444662.0,1445723.0,1446646.0,1447308.0,1447843.0,1448268.0,1448651.0,1449044.0,1449339.0,1449597.0,1449883.0,1450122.0,1450291.0,1450480.0,1450636.0,1450775.0,1450868.0,1450995.0,1451135.0,1451261.0,1451352.0,1451468.0,1451605.0,1451695.0,1451804.0,1451899.0,1451993.0,1452077.0,1452174.0,1452281.0,1452364.0,1452462.0,1452530.0,1452607.0,1452697.0,1452783.0,1452865.0,1452917.0,1452992.0,1453083.0,1453159.0,1453224.0,1453302.0,1453378.0,1453453.0,1453513.0,1453583.0,1453653.0,1453750.0,1453820.0,1453888.0,1453950.0,1454026.0,1454087.0,1454153.0,1454212.0,,1454375.0,1454454.0,1454511.0,1454580.0,1454647.0,1454702.0,1454779.0,1454842.0,1454903.0,1454959.0,1455012.0,1455067.0,1455130.0,1455194.0,1455256.0,1455337.0,1455415.0,1455485.0,1455555.0,1455608.0,1455659.0,1455701.0,1455747.0,1455814.0,1455873.0,1455930.0,1455995.0,1456061.0,1456137.0,1456193.0,1456303.0,1456363.0,1456464.0,1456545.0,1456613.0,1456695.0,1456750.0,1456837.0,1456933.0,1457023.0,1457108.0,1457184.0,1457265.0,1457340.0,1457415.0,1457514.0,1457602.0,1457666.0,1457750.0,1457834.0,1457925.0,1457984.0,1458073.0,1458142.0,1458239.0,1458316.0,1458395.0,1458460.0,1458540.0,1458632.0,1458718.0,1458780.0,1458850.0,1458930.0,1458995.0,1459062.0,1459129.0,1459203.0,1459283.0,1459329.0,1459395.0,1459455.0,1459519.0,1459582.0,1459667.0,1459726.0,1459794.0,1459866.0,1459914.0,1459987.0,1460039.0,1460076.0,1460138.0,1460187.0,1460242.0,1460290.0,1460333.0,1460386.0,1460437.0,1460480.0,1460525.0,1460580.0,1460621.0,1460675.0,1460734.0,1460789.0,1460837.0,1460894.0,1460941.0,1460987.0,1461038.0,1461092.0,1461142.0,1461191.0,1461234.0,1461276.0,1461329.0,1461395.0,1461466.0,1461546.0,1461592.0,1461652.0,1461700.0,1461755
YtBcxKwZg-w,774691.0,774997.0,775266.0,775580.0,775872.0,776217.0,776491.0,776828.0,777238.0,777659.0,778010.0,778390.0,778787.0,779304.0,779687.0,780076.0,780490.0,780883.0,781213.0,781548.0,781912.0,782229.0,782626.0,782970.0,783346.0,783684.0,784122.0,784535.0,784900.0,785270.0,785710.0,786059.0,786467.0,786766.0,787142.0,787541.0,787947.0,788327.0,788811.0,789228.0,789540.0,789905.0,790309.0,790647.0,791078.0,791472.0,791958.0,792356.0,792714.0,793046.0,793427.0,793786.0,794100.0,794443.0,794712.0,795168.0,795620.0,795992.0,796357.0,796816.0,797232.0,797605.0,798166.0,798581.0,798972.0,799488.0,799947.0,800364.0,800633.0,801147.0,801641.0,802142.0,802627.0,803086.0,803494.0,803930.0,804461.0,804902.0,805336.0,805795.0,806195.0,806543.0,806958.0,807507.0,808027.0,808551.0,809037.0,809584.0,810070.0,810556.0,810990.0,811650.0,812262.0,813022.0,813839.0,814426.0,815033.0,815695.0,816334.0,817038.0,817777.0,818364.0,818872.0,819378.0,819884.0,820342.0,820847.0,821428.0,821926.0,822387.0,822810.0,823252.0,823677.0,824143.0,824634.0,825140.0,825539.0,826012.0,826412.0,826708.0,827238.0,827576.0,828052.0,828455.0,828860.0,829255.0,829641.0,830120.0,830506.0,830912.0,831251.0,831651.0,832063.0,832395.0,,,,,,,,,835984.0,836388.0,836666.0,837001.0,837401.0,837704.0,838058.0,838423.0,838759.0,839028.0,839306.0,839687.0,840034.0,840403.0,840716.0,841009.0,841300.0,841726.0,842067.0,842405.0,842765.0,843010.0,843409.0,843739.0,844184.0,844515.0,845010.0,845440.0,845892.0,846287.0,846740.0,847166.0,847563.0,848041.0,848588.0,849003.0,849518.0,849969.0,850421.0,850739.0,851251.0,851966.0,853035.0,854047.0,854938.0,855786.0,856476.0,857162.0,857698.0,858256.0,858781.0,859276.0,859841.0,860422.0,860917.0,861385.0,861906.0,862316.0,862738.0,863136.0,863501.0,863892.0,864249.0,864707.0,865035.0,865526.0,865924.0,866296.0,866666.0,867041.0,867495.0,867895.0,868261.0,868597.0,868939.0,869304.0,869709.0,870140.0,870483.0,870932.0,871352.0,871666.0,872101.0,872488.0,872914.0,873302.0,873714.0,874085.0,874510.0,874884.0,875275.0,875630.0,876033.0,876409.0,876774.0,877101.0,877430.0,877761.0,878047.0,878371.0,878666.0,879035.0,879363.0,879672.0,880127.0,880617.0,881041.0,881330.0,881718.0,882031.0,882330.0,882661.0,882903.0,883191.0,883433.0,883748.0,883943.0,884212.0,884571.0,884932.0,885197.0,,885736.0,885994.0,886307.0,886684.0,887015.0,887315.0,887627.0,887858.0,888142.0,888430.0,888697.0,889050.0,889310.0,889493.0,889715.0,889899.0,890194.0,890429.0,890759.0,890990.0,891250.0,891538.0,891751.0,892003.0,892406.0,892802.0,893165.0,893508.0,893796.0,894094.0,894541.0,895052.0,895676.0,896246.0,897005.0,898004.0,902298.0,909833.0,919068.0,929327.0,936477.0,941646.0,946538.0,950749.0,955245.0,960606.0,965914.0,971365.0,977402.0,984499.0,991448.0,997353.0,1003724.0,1017968.0,1032666.0,1043957.0,1054547.0,1063470.0,1069973.0,1075968.0,1081856.0,1087335.0,1090937.0,1094186.0,1097171.0,1100036.0,1102988.0,1105356.0,1107591.0,1109667.0,1111767.0,1113299.0,1114913.0,1116582.0,1118431.0,1120020.0,1121441.0,1122757.0,1124117.0,1125264.0,1126557.0,1127758.0,1128770.0,1129668.0,1130495.0,1131371.0,1132296.0,1133235.0,1134213.0,1135085.0,1135981.0,1136702.0,1137559.0,1138333.0,1139102.0,1139901.0,1140660.0,1141401.0,1142012.0,1142918.0,1144109.0,1145650.0,1147559.0,1149755.0,1151381.0,1152860.0,1154313.0,1155314.0,1156193.0,1157055.0,1157844.0,1158391.0,1159210.0,1159897
OBodh3V_1h4,139146.0,139170.0,139191.0,139222.0,139253.0,139277.0,139306.0,139335.0,139365.0,139389.0,139424.0,139451.0,139476.0,139483.0,139516.0,139547.0,139570.0,139589.0,139604.0,139626.0,139649.0,139676.0,139710.0,139740.0,139777.0,139799.0,139821.0,139848.0,139869.0,139897.0,139907.0,139921.0,139935.0,139952.0,139970.0,139997.0,140005.0,140038.0,140063.0,140082.0,140107.0,140133.0,140159.0,140181.0,140207.0,140228.0,140255.0,140272.0,140295.0,140325.0,140352.0,140381.0,140407.0,140432.0,140446.0,140461.0,140487.0,140508.0,140541.0,140575.0,140599.0,140619.0,140653.0,140684.0,140722.0,140769.0,140794.0,140822.0,140837.0,140863.0,140884.0,140913.0,140935.0,140965.0,141000.0,141023.0,141057.0,141076.0,141095.0,141125.0,141142.0,141164.0,141180.0,141200.0,141221.0,141242.0,141265.0,141307.0,141336.0,141362.0,141384.0,141410.0,141440.0,141461.0,141495.0,141523.0,141544.0,141578.0,141614.0,141637.0,141657.0,141695.0,141720.0,141736.0,141759.0,141781.0,141812.0,141857.0,141925.0,141973.0,141992.0,142016.0,142032.0,142052.0,142075.0,142091.0,142112.0,142141.0,142186.0,142210.0,142239.0,142255.0,142267.0,142281.0,142298.0,142319.0,142346.0,142364.0,142377.0,142398.0,142410.0,142427.0,142445.0,142479.0,,,,,,,,,142674.0,142691.0,142705.0,142720.0,142736.0,142762.0,142792.0,142812.0,142849.0,142868.0,142893.0,142922.0,142944.0,142976.0,143003.0,143023.0,143056.0,143094.0,143126.0,143175.0,143205.0,143249.0,143285.0,143304.0,143323.0,143348.0,143376.0,143394.0,143412.0,143440.0,143474.0,143517.0,143540.0,143584.0,143600.0,143626.0,143644.0,143659.0,143682.0,143714.0,143754.0,143791.0,143811.0,143832.0,143853.0,143886.0,143902.0,143914.0,143932.0,143958.0,143976.0,143999.0,144023.0,144050.0,144083.0,144108.0,144134.0,144152.0,144180.0,144201.0,144226.0,144247.0,144267.0,144284.0,144299.0,144315.0,144341.0,144358.0,144373.0,144406.0,144423.0,144437.0,144462.0,144483.0,144509.0,144530.0,144545.0,144564.0,144580.0,144604.0,144629.0,144647.0,144671.0,144689.0,144706.0,144716.0,144729.0,144757.0,144778.0,144813.0,144836.0,144860.0,144884.0,144915.0,144947.0,144977.0,144995.0,145014.0,145031.0,145058.0,145087.0,145114.0,145133.0,145151.0,145183.0,145206.0,145226.0,145256.0,145277.0,145296.0,145321.0,145345.0,145368.0,145385.0,145402.0,145430.0,145452.0,145484.0,145501.0,145523.0,145574.0,,145631.0,145645.0,145677.0,145686.0,145709.0,145734.0,145761.0,145788.0,145811.0,145832.0,145854.0,145869.0,145887.0,145906.0,145923.0,145941.0,145947.0,145964.0,146000.0,146023.0,146042.0,146054.0,146075.0,146089.0,146109.0,146130.0,146141.0,146158.0,146178.0,146203.0,146228.0,146249.0,146267.0,146283.0,146311.0,146330.0,146354.0,146373.0,146401.0,146425.0,146440.0,146458.0,146475.0,146484.0,146510.0,146522.0,146540.0,146562.0,146580.0,146588.0,146608.0,146643.0,146670.0,146686.0,146702.0,146731.0,146753.0,146763.0,146785.0,146811.0,146830.0,146848.0,146878.0,146909.0,146929.0,146951.0,146966.0,146984.0,147006.0,147038.0,147063.0,147089.0,147107.0,147130.0,147165.0,147193.0,147226.0,147258.0,147289.0,147305.0,147329.0,147352.0,147378.0,147390.0,147411.0,147430.0,147452.0,147477.0,147516.0,147534.0,147563.0,147584.0,147599.0,147610.0,147622.0,147641.0,147654.0,147663.0,147689.0,147696.0,147714.0,147733.0,147749.0,147762.0,147779.0,147800.0,147826.0,147847.0,147860.0,147877.0,147887.0,147901.0,147905.0,147922
p7WC_c_N5z0,,,,,,,,,,,,,,,,,,,,,,,,,,,,,,,,,,,,,,,,,,,,,,,,,,,,,,,,,,,,,,,,,,,,,,,,,,,,,,,,,,,,,,,,,,,,,,,,,,,,,,,,,,,,,,,,,,,,,,,,,,,,,,,,,,,,,,,,,,,,,,,,,,,,,,,,,,,,,,,,,,,,,,,,,,,,,,,,,,,,,,,,,,,,,,,,,,,,,,,,,,,,,,,,,,,,,,,,,,,,,,,,,,,,,,,,,,,,,,,,,,,,,,,,,,,,,,,,,,,,,,,,,,,,,,,,,,,,,,,,,,,,,,,,,,,,,,,,,,,,,,,,,,,,,,,,,,,,,,,,,,,,,,,,,,,,,,,,,,,,,,,,,,,,,,,,,,,,,,,,,,,,,,,,,,,,,,,,,,
MvJRcNlgOIo,12440.0,12444.0,12450.0,12453.0,12456.0,12458.0,12461.0,12466.0,12466.0,12474.0,12481.0,12483.0,12486.0,12487.0,12489.0,12491.0,12494.0,12498.0,12503.0,12506.0,12509.0,12519.0,12522.0,12528.0,12529.0,12534.0,12543.0,12546.0,12550.0,12554.0,12558.0,12561.0,12564.0,12563.0,12565.0,12569.0,12571.0,12575.0,12579.0,12580.0,12582.0,12583.0,12587.0,12589.0,12594.0,12596.0,12598.0,12599.0,12601.0,12605.0,12608.0,12610.0,12612.0,12614.0,12623.0,12631.0,12635.0,12637.0,12638.0,12640.0,12643.0,12646.0,12647.0,12650.0,12651.0,12660.0,12673.0,12677.0,12679.0,12682.0,12689.0,12694.0,12697.0,12700.0,12704.0,12711.0,12718.0,12719.0,12720.0,12729.0,12733.0,12736.0,12740.0,12741.0,12745.0,12750.0,12754.0,12757.0,12758.0,12764.0,12767.0,12774.0,12779.0,12782.0,12784.0,12788.0,12792.0,12796.0,12799.0,12804.0,12813.0,12819.0,12821.0,12825.0,12830.0,12831.0,12835.0,12839.0,12842.0,12845.0,12847.0,12849.0,12860.0,12862.0,12865.0,12866.0,12868.0,12869.0,12872.0,12877.0,12879.0,12883.0,12884.0,12887.0,12889.0,12892.0,12896.0,12902.0,12902.0,12905.0,12907.0,12908.0,12909.0,12910.0,,,,,,,,,12924.0,12923.0,12926.0,12928.0,12929.0,12936.0,12938.0,12938.0,12940.0,12944.0,12947.0,12951.0,12953.0,12954.0,12955.0,12958.0,12961.0,12962.0,12965.0,12967.0,12969.0,12969.0,12972.0,12973.0,12976.0,12978.0,12986.0,12993.0,12994.0,12998.0,13002.0,13002.0,13004.0,13008.0,13011.0,13013.0,13018.0,13021.0,13028.0,13033.0,13034.0,13038.0,13047.0,13049.0,13057.0,13062.0,13070.0,13079.0,13086.0,13090.0,13107.0,13110.0,13113.0,13120.0,13124.0,13132.0,13134.0,13136.0,13140.0,13141.0,13142.0,13145.0,13148.0,13151.0,13152.0,13157.0,13164.0,13167.0,13168.0,13173.0,13175.0,13179.0,13185.0,13188.0,13191.0,13196.0,13201.0,13211.0,13214.0,13217.0,13220.0,13222.0,13230.0,13232.0,13237.0,13237.0,13244.0,13244.0,13244.0,13248.0,13250.0,13256.0,13260.0,13264.0,13269.0,13273.0,13278.0,13286.0,13292.0,13295.0,13298.0,13300.0,13303.0,13306.0,13309.0,13310.0,13315.0,13318.0,13321.0,13324.0,13328.0,13329.0,13332.0,13333.0,13337.0,13341.0,13344.0,13345.0,13346.0,13350.0,13351.0,,13361.0,13372.0,13377.0,13382.0,13387.0,13391.0,13394.0,13396.0,13400.0,13407.0,13411.0,13413.0,13413.0,13417.0,13421.0,13428.0,13433.0,13434.0,13435.0,13435.0,13436.0,13437.0,13443.0,13446.0,13449.0,13455.0,13460.0,13462.0,13465.0,13469.0,13472.0,13475.0,13480.0,13484.0,13488.0,13488.0,13493.0,13494.0,13496.0,13498.0,13499.0,13500.0,13502.0,13504.0,13506.0,13512.0,13518.0,13519.0,13525.0,13529.0,,,,,,,,,,,,,,,,,,,,,,,,,,,,,,,,,,,,,,,,,,,,,,,,,,,,,,,,,,,,,,,,
NT5fBECse8g,20739.0,20769.0,20795.0,20824.0,20857.0,20896.0,20921.0,20948.0,20988.0,21021.0,21040.0,21068.0,21100.0,21117.0,21142.0,21168.0,21192.0,21224.0,21248.0,21262.0,21277.0,21302.0,21320.0,21344.0,21368.0,21393.0,21412.0,21435.0,21461.0,21489.0,21514.0,21537.0,21555.0,21577.0,21610.0,21633.0,21658.0,21676.0,21696.0,21714.0,21734.0,21756.0,21767.0,21804.0,21839.0,21870.0,21881.0,21912.0,21933.0,21957.0,21972.0,22003.0,22018.0,22029.0,22037.0,22053.0,22068.0,22081.0,22093.0,22106.0,22124.0,22136.0,22150.0,22174.0,22185.0,22203.0,22219.0,22237.0,22242.0,22258.0,22267.0,22281.0,22295.0,22306.0,22312.0,22331.0,22343.0,22351.0,22364.0,22377.0,22387.0,22395.0,22403.0,22410.0,22421.0,22432.0,22444.0,22463.0,22470.0,22479.0,22495.0,22509.0,22530.0,22537.0,22554.0,22566.0,22579.0,22590.0,22597.0,22610.0,22614.0,22622.0,22631.0,22642.0,22653.0,22658.0,22670.0,22681.0,22695.0,22705.0,22719.0,22737.0,22742.0,22749.0,22760.0,22768.0,22784.0,22796.0,22811.0,22820.0,22832.0,22839.0,22843.0,22850.0,22856.0,22861.0,22868.0,22881.0,22892.0,22904.0,22913.0,22921.0,22933.0,22942.0,,,,,,,,,23013.0,23025.0,23038.0,23045.0,23063.0,23077.0,23094.0,23101.0,23118.0,23132.0,23149.0,23155.0,23168.0,23179.0,23199.0,23213.0,23223.0,23233.0,23250.0,23271.0,23287.0,23300.0,23307.0,23319.0,23328.0,23339.0,23347.0,23352.0,23362.0,23374.0,23386.0,23403.0,23417.0,23422.0,23429.0,23435.0,23450.0,23457.0,23465.0,23485.0,23493.0,23501.0,23518.0,23541.0,23553.0,23570.0,23585.0,23597.0,23610.0,23630.0,23643.0,23659.0,23692.0,23708.0,23721.0,23732.0,23738.0,23746.0,23763.0,23769.0,23790.0,23803.0,23813.0,23821.0,23835.0,23847.0,23859.0,23876.0,23888.0,23897.0,23911.0,23920.0,23930.0,23943.0,23970.0,23976.0,23992.0,24001.0,24012.0,24026.0,24034.0,24045.0,24063.0,24074.0,24093.0,24107.0,24156.0,24173.0,24183.0,24198.0,24213.0,24227.0,24243.0,24247.0,24256.0,24272.0,24283.0,24295.0,24317.0,24329.0,24343.0,24353.0,24364.0,24376.0,24388.0,24424.0,24474.0,24516.0,24559.0,24606.0,24663.0,24740.0,24800.0,24859.0,24910.0,24950.0,24994.0,25022.0,25065.0,25115.0,25152.0,,25245.0,25304.0,25356.0,25404.0,25446.0,25496.0,25541.0,25572.0,25616.0,25658.0,25693.0,25737.0,25774.0,25820.0,25854.0,25907.0,25981.0,26021.0,26046.0,26091.0,26132.0,26180.0,26215.0,26262.0,26313.0,26338.0,26385.0,26412.0,26436.0,26469.0,26490.0,26526.0,26557.0,26575.0,26610.0,26645.0,26671.0,26698.0,26720.0,26741.0,26758.0,26779.0,26807.0,26839.0,26861.0,26894.0,26921.0,26967.0,27006.0,27033.0,27073.0,27094.0,27130.0,27166.0,27181.0,27235.0,27261.0,27292.0,27315.0,27334.0,27359.0,27377.0,27401.0,27430.0,27447.0,27468.0,27503.0,27538.0,27590.0,27614.0,27645.0,27634.0,27663.0,27682.0,27710.0,27729.0,27752.0,27810.0,27836.0,27865.0,27885.0,27905.0,27926.0,27955.0,27977.0,27991.0,28005.0,28027.0,28044.0,28070.0,28089.0,28120.0,28143.0,28189.0,28216.0,28239.0,28262.0,28284.0,28314.0,28337.0,28355.0,28369.0,28387.0,28404.0,28418.0,28442.0,28460.0,28479.0,28495.0,28513.0,28527.0,28555.0,28583.0,28607
auKuB-WADl8,766869.0,767115.0,767378.0,767626.0,767896.0,768151.0,768393.0,768650.0,768981.0,769292.0,769642.0,770062.0,770444.0,770799.0,771136.0,771466.0,771779.0,772084.0,772379.0,772690.0,772991.0,773315.0,773657.0,773989.0,774297.0,774650.0,774945.0,775287.0,775637.0,776006.0,776304.0,776694.0,777084.0,777408.0,777743.0,778110.0,778477.0,778773.0,779164.0,779555.0,779979.0,780356.0,780762.0,781150.0,781488.0,781859.0,782233.0,782578.0,782930.0,783247.0,783647.0,783931.0,784251.0,784568.0,784886.0,785216.0,785479.0,785755.0,786087.0,786350.0,786688.0,786987.0,787283.0,787581.0,787887.0,788159.0,788414.0,788667.0,788917.0,789216.0,789470.0,789742.0,789990.0,790251.0,790544.0,790814.0,791090.0,791317.0,791597.0,791861.0,792074.0,792329.0,792578.0,792827.0,793126.0,793426.0,793687.0,793918.0,794127.0,794413.0,794647.0,794972.0,795251.0,795506.0,795859.0,796175.0,796454.0,796689.0,796912.0,797145.0,797378.0,797614.0,797859.0,798088.0,798295.0,798542.0,798774.0,798998.0,799250.0,799529.0,799787.0,800016.0,800267.0,800499.0,800699.0,800941.0,801199.0,801384.0,801590.0,801854.0,802038.0,802221.0,802448.0,802694.0,802909.0,803087.0,803322.0,803548.0,803757.0,803985.0,804223.0,804481.0,804784.0,805073.0,,,,,,,,,807142.0,807389.0,807609.0,807779.0,808015.0,808199.0,808386.0,808532.0,808746.0,808959.0,809171.0,809360.0,809582.0,809777.0,809929.0,810131.0,810318.0,810481.0,810719.0,810925.0,811086.0,811240.0,811455.0,811645.0,811837.0,812026.0,812225.0,812438.0,812623.0,812761.0,812982.0,813170.0,813405.0,813587.0,813792.0,813975.0,814195.0,814381.0,814599.0,814835.0,815021.0,815217.0,815428.0,815617.0,815795.0,816044.0,816213.0,816438.0,816643.0,816822.0,817031.0,817167.0,817386.0,817576.0,817772.0,817952.0,818158.0,818357.0,818564.0,818786.0,818966.0,819115.0,819295.0,819449.0,819621.0,819793.0,819997.0,820170.0,820313.0,820504.0,820665.0,820819.0,821000.0,821212.0,821410.0,821575.0,821831.0,822075.0,822345.0,822557.0,822842.0,823125.0,823368.0,823616.0,823832.0,824050.0,824275.0,824618.0,824981.0,825278.0,825496.0,825764.0,826127.0,826446.0,826730.0,827059.0,827339.0,827596.0,827835.0,828100.0,828344.0,828529.0,828838.0,829056.0,829245.0,829484.0,829712.0,829929.0,830122.0,830324.0,830518.0,830721.0,830900.0,831130.0,831319.0,831508.0,831690.0,831850.0,832020.0,832230.0,832423.0,,832793.0,833056.0,833312.0,833521.0,833730.0,833978.0,834222.0,834483.0,834708.0,834953.0,835159.0,835450.0,835697.0,835896.0,836066.0,836323.0,836557.0,836959.0,837245.0,837507.0,837822.0,838164.0,838413.0,838675.0,838968.0,839232.0,839479.0,839703.0,839958.0,840259.0,840577.0,840826.0,841112.0,841298.0,841548.0,841848.0,842106.0,842367.0,842597.0,842878.0,843124.0,843432.0,843669.0,843955.0,844199.0,844422.0,844633.0,844844.0,845018.0,845203.0,845398.0,845598.0,845757.0,845897.0,846082.0,846288.0,846468.0,846668.0,846830.0,847005.0,847183.0,847360.0,847525.0,847710.0,847901.0,848064.0,848243.0,848416.0,848583.0,848757.0,848916.0,849114.0,849291.0,849456.0,849617.0,849776.0,849968.0,850155.0,850327.0,850475.0,850658.0,850819.0,850979.0,851273.0,851555.0,851817.0,852086.0,852354.0,852604.0,852854.0,853086.0,853301.0,853510.0,853707.0,853925.0,854158.0,854373.0,854571.0,854759.0,854931.0,855077.0,855234.0,855390.0,855552.0,855703.0,855876.0,856071.0,856247.0,856444.0,856687.0,856866.0,857037.0,857238.0,857407
0csT4gju9_Q,40591.0,40601.0,40618.0,40632.0,40640.0,40663.0,40682.0,40698.0,40714.0,40740.0,40763.0,40784.0,40808.0,40829.0,40851.0,40870.0,40888.0,40902.0,40914.0,40928.0,40937.0,40949.0,40961.0,40980.0,40990.0,41005.0,41022.0,41032.0,41049.0,41064.0,41079.0,41088.0,41097.0,41116.0,41138.0,41149.0,41167.0,41179.0,41187.0,41196.0,41209.0,41233.0,41253.0,41263.0,41271.0,41283.0,41307.0,41325.0,41351.0,41366.0,41395.0,41406.0,41416.0,41429.0,41450.0,41469.0,41484.0,41510.0,41524.0,41535.0,41555.0,41571.0,41586.0,41593.0,41614.0,41630.0,41646.0,41658.0,41668.0,41687.0,41695.0,41704.0,41710.0,41724.0,41744.0,41753.0,41772.0,41782.0,41800.0,41813.0,41831.0,41847.0,41860.0,41868.0,41885.0,41903.0,41920.0,41931.0,41949.0,41959.0,41975.0,41990.0,42004.0,42019.0,42026.0,42037.0,42049.0,42058.0,42072.0,42082.0,42087.0,42094.0,42099.0,42108.0,42119.0,42131.0,42150.0,42165.0,42172.0,42177.0,42192.0,42208.0,42212.0,42218.0,42229.0,42239.0,42248.0,42266.0,42271.0,42284.0,42296.0,42301.0,42311.0,42317.0,42325.0,42332.0,42341.0,42351.0,42360.0,42364.0,42370.0,42381.0,42391.0,42407.0,,,,,,,,,42519.0,42529.0,42538.0,42552.0,42564.0,42581.0,42599.0,42604.0,42619.0,42631.0,42643.0,42659.0,42669.0,42678.0,42691.0,42703.0,42711.0,42735.0,42746.0,42752.0,42756.0,42760.0,42764.0,42772.0,42783.0,42787.0,42790.0,42796.0,42812.0,42826.0,42840.0,42850.0,42857.0,42869.0,42876.0,42887.0,42894.0,42904.0,42915.0,42924.0,42934.0,42943.0,42952.0,42961.0,42974.0,42981.0,42997.0,43006.0,43021.0,43030.0,43050.0,43057.0,43068.0,43078.0,43088.0,43098.0,43104.0,43111.0,43122.0,43133.0,43144.0,43152.0,43160.0,43166.0,43173.0,43181.0,43192.0,43203.0,43209.0,43225.0,43236.0,43242.0,43251.0,43263.0,43274.0,43282.0,43298.0,43305.0,43316.0,43332.0,43344.0,43353.0,43362.0,43372.0,43385.0,43392.0,43394.0,43406.0,43416.0,43433.0,43448.0,43452.0,43456.0,43466.0,43479.0,43484.0,43490.0,43499.0,43511.0,43518.0,43550.0,43573.0,43587.0,43617.0,43633.0,43651.0,43670.0,43687.0,43697.0,43712.0,43739.0,43757.0,43778.0,43807.0,43824.0,43836.0,43855.0,43876.0,43904.0,43923.0,43928.0,,43980.0,44002.0,44029.0,44041.0,44047.0,44065.0,44077.0,44099.0,44106.0,44116.0,44131.0,44147.0,44155.0,44166.0,44177.0,44185.0,44200.0,44211.0,44220.0,44234.0,44248.0,44261.0,44272.0,44276.0,44292.0,44300.0,44306.0,44312.0,44322.0,44327.0,44332.0,44341.0,44353.0,44361.0,44377.0,44383.0,44390.0,44395.0,44402.0,44409.0,44415.0,44429.0,44440.0,44455.0,44477.0,44489.0,44496.0,44503.0,44513.0,44535.0,44550.0,44566.0,44572.0,44586.0,44592.0,44601.0,44611.0,44626.0,44638.0,44649.0,44662.0,44674.0,44680.0,44690.0,44701.0,44715.0,44733.0,44743.0,44754.0,44763.0,44770.0,44788.0,44803.0,44817.0,44860.0,44883.0,44903.0,44913.0,44931.0,44952.0,44969.0,44981.0,44995.0,45011.0,45022.0,45032.0,45048.0,45061.0,45100.0,45121.0,45152.0,45177.0,45203.0,45232.0,45244.0,45254.0,45270.0,45293.0,45315.0,45333.0,45357.0,45385.0,45412.0,45448.0,45487.0,45515.0,45538.0,45571.0,45589.0,45598.0,45604.0,45620.0,45634.0,45646
_qPlazXcTU0,49503.0,49511.0,49523.0,49546.0,49640.0,49706.0,49764.0,49837.0,49895.0,49961.0,50013.0,50075.0,50128.0,50184.0,50232.0,50276.0,50321.0,50358.0,50398.0,50430.0,50480.0,50523.0,50551.0,50583.0,50623.0,50651.0,50679.0,50716.0,50741.0,50763.0,50780.0,50801.0,50846.0,50882.0,50932.0,50965.0,51000.0,51035.0,51066.0,51083.0,51098.0,51124.0,51172.0,51199.0,51213.0,51232.0,51275.0,51311.0,51343.0,51367.0,51393.0,51415.0,51434.0,51457.0,51474.0,51511.0,51533.0,51556.0,51577.0,51594.0,51616.0,51639.0,51659.0,51685.0,51708.0,51717.0,51725.0,51736.0,51746.0,51764.0,51772.0,51785.0,51793.0,51805.0,51843.0,51865.0,51893.0,51912.0,51934.0,51943.0,51950.0,51978.0,52005.0,52031.0,52050.0,52070.0,52092.0,52101.0,52118.0,52129.0,52146.0,52177.0,52207.0,52231.0,52243.0,52265.0,52280.0,52306.0,52329.0,52347.0,52359.0,52380.0,52403.0,52423.0,52440.0,52457.0,52466.0,52477.0,52489.0,52498.0,52507.0,52523.0,52536.0,52554.0,52571.0,52582.0,52593.0,52615.0,52660.0,52691.0,52713.0,52740.0,52758.0,52768.0,52792.0,52817.0,52839.0,52856.0,52869.0,52877.0,52881.0,52890.0,52906.0,52921.0,,,,,,,,,53034.0,53042.0,53050.0,53062.0,53071.0,53079.0,53091.0,53101.0,53117.0,53134.0,53148.0,53180.0,53199.0,53219.0,53238.0,53245.0,53266.0,53273.0,53286.0,53304.0,53318.0,53344.0,53355.0,53369.0,53385.0,53395.0,53401.0,53409.0,53415.0,53420.0,53437.0,53474.0,53495.0,53510.0,53522.0,53531.0,53543.0,53557.0,53567.0,53597.0,53609.0,53627.0,53641.0,53663.0,53677.0,53698.0,53715.0,53729.0,53747.0,53758.0,53764.0,53774.0,53786.0,53807.0,53823.0,53841.0,53855.0,53858.0,53869.0,53883.0,53888.0,53894.0,53908.0,53915.0,53928.0,53935.0,53943.0,53969.0,53982.0,53999.0,54009.0,54019.0,54023.0,54028.0,54035.0,54040.0,54048.0,54062.0,54070.0,54078.0,54100.0,54127.0,54187.0,54158.0,54165.0,54173.0,54180.0,54191.0,54198.0,54208.0,54221.0,54228.0,54236.0,54242.0,54252.0,54269.0,54278.0,54298.0,54316.0,54331.0,54351.0,54365.0,54377.0,54400.0,54430.0,54449.0,54476.0,54498.0,54527.0,54554.0,54589.0,54615.0,54638.0,54648.0,54666.0,54686.0,54703.0,54725.0,54748.0,54779.0,54806.0,,54866.0,54904.0,54934.0,54970.0,54998.0,55015.0,55038.0,55070.0,55093.0,55124.0,55152.0,55173.0,55195.0,55207.0,55227.0,55253.0,55274.0,55302.0,55317.0,55338.0,55367.0,55413.0,55460.0,55489.0,55499.0,55512.0,55529.0,55553.0,55603.0,55638.0,55689.0,55741.0,55824.0,55884.0,55949.0,55988.0,56024.0,56073.0,56107.0,56138.0,56174.0,56208.0,56246.0,56278.0,56309.0,56345.0,56366.0,56411.0,56450.0,56511.0,56545.0,56577.0,56613.0,56630.0,56648.0,56679.0,56720.0,56757.0,56793.0,56837.0,56875.0,56909.0,56956.0,57012.0,57088.0,57174.0,57234.0,57290.0,57334.0,57391.0,57432.0,57470.0,57536.0,57583.0,57612.0,57644.0,57683.0,57720.0,57747.0,57777.0,57811.0,57854.0,57892.0,57911.0,57921.0,57950.0,57977.0,58003.0,58033.0,58047.0,58064.0,58083.0,58103.0,58130.0,58149.0,58170.0,58182.0,58195.0,58213.0,58235.0,58260.0,58274.0,58288.0,58299.0,58317.0,58343.0,58371.0,58392.0,58410.0,58431.0,58448.0,58470.0,58498.0,58514
0Wn8S14byoY,394385.0,394407.0,394446.0,394502.0,394529.0,394548.0,394561.0,394584.0,394616.0,394649.0,394688.0,394716.0,394747.0,394765.0,394786.0,394823.0,394841.0,394867.0,394898.0,394923.0,394946.0,394969.0,394986.0,394998.0,395025.0,395049.0,395068.0,395084.0,395101.0,395129.0,395160.0,395181.0,395204.0,395229.0,395286.0,395329.0,395373.0,395404.0,395445.0,395492.0,395528.0,395570.0,395614.0,395651.0,395693.0,395733.0,395762.0,395797.0,395836.0,395867.0,395892.0,395922.0,395951.0,395964.0,395997.0,396022.0,396046.0,396074.0,396101.0,396121.0,396137.0,396153.0,396178.0,396207.0,396245.0,396277.0,396296.0,396319.0,396349.0,396374.0,396404.0,396437.0,396485.0,396521.0,396551.0,396572.0,396593.0,396611.0,396637.0,396661.0,396682.0,396706.0,396729.0,396751.0,396787.0,396811.0,396823.0,396842.0,396868.0,396895.0,396912.0,396928.0,396945.0,396973.0,396988.0,397010.0,397031.0,397044.0,397063.0,397086.0,397100.0,397117.0,397134.0,397147.0,397164.0,397176.0,397198.0,397216.0,397233.0,397255.0,397277.0,397291.0,397306.0,397323.0,397339.0,397355.0,397385.0,397409.0,397433.0,397442.0,397453.0,397467.0,397500.0,397525.0,397562.0,397612.0,397668.0,397698.0,397728.0,397750.0,397773.0,397787.0,397803.0,397814.0,,,,,,,,,397990.0,398001.0,398012.0,398027.0,398038.0,398061.0,398081.0,398100.0,398124.0,398145.0,398162.0,398178.0,398197.0,398211.0,398245.0,398272.0,398297.0,398317.0,398335.0,398358.0,398371.0,398391.0,398407.0,398422.0,398436.0,398455.0,398473.0,398484.0,398502.0,398523.0,398539.0,398556.0,398574.0,398592.0,398625.0,398642.0,398664.0,398702.0,398728.0,398746.0,398770.0,398797.0,398819.0,398839.0,398879.0,398904.0,398915.0,398941.0,398969.0,398994.0,399019.0,399046.0,399072.0,399088.0,399102.0,399119.0,399142.0,399154.0,399170.0,399187.0,399213.0,399235.0,399249.0,399264.0,399284.0,399307.0,399324.0,399337.0,399356.0,399388.0,399406.0,399419.0,399442.0,399465.0,399475.0,399487.0,399503.0,399527.0,399538.0,399550.0,399566.0,399577.0,399591.0,399622.0,399634.0,399654.0,399670.0,399689.0,399708.0,399721.0,399743.0,399758.0,399777.0,399802.0,399821.0,399844.0,399869.0,399894.0,399911.0,399931.0,399988.0,400047.0,400110.0,400152.0,400197.0,400226.0,400267.0,400304.0,400353.0,400383.0,400413.0,400449.0,400484.0,400515.0,400541.0,400577.0,400609.0,400634.0,400669.0,400697.0,400710.0,,400757.0,400778.0,400800.0,400819.0,400837.0,400856.0,400869.0,400880.0,400897.0,400918.0,400941.0,400957.0,400978.0,400995.0,401016.0,401031.0,401051.0,401066.0,401073.0,401087.0,401107.0,401124.0,401137.0,401152.0,401169.0,401184.0,401203.0,401231.0,401251.0,401286.0,401302.0,401332.0,401353.0,401366.0,401373.0,401384.0,401401.0,401428.0,401455.0,401478.0,401499.0,401519.0,401543.0,401560.0,401585.0,401613.0,401647.0,401662.0,401688.0,401726.0,401760.0,401784.0,401820.0,401860.0,401899.0,401927.0,401951.0,401976.0,401995.0,402019.0,402045.0,402064.0,402079.0,402101.0,402134.0,402154.0,402183.0,402214.0,402247.0,402273.0,402296.0,402313.0,402338.0,402365.0,402392.0,402417.0,402443.0,402461.0,402482.0,402508.0,402539.0,402561.0,402582.0,402614.0,402636.0,402659.0,402682.0,402703.0,402721.0,402738.0,402759.0,402778.0,402791.0,402818.0,402839.0,402857.0,402882.0,402896.0,402921.0,402946.0,402966.0,402984.0,403005.0,403020.0,403047.0,403064.0,403087.0,403103.0,403124.0,403139.0,403162.0,403184.0,403207.0,403221
c4gkjjxxMD0,1357202.0,1357256.0,1357306.0,1357375.0,1357465.0,1357531.0,1357606.0,1357675.0,1357715.0,1357774.0,1357833.0,1357903.0,1357957.0,1358010.0,1358075.0,1358127.0,1358199.0,1358249.0,1358330.0,1358380.0,1358437.0,1358492.0,1358541.0,1358589.0,1358649.0,1358742.0,1358804.0,1358873.0,1358913.0,1358978.0,1359028.0,1359078.0,1359141.0,1359197.0,1359278.0,1359337.0,1359394.0,1359452.0,1359522.0,1359584.0,1359643.0,1359699.0,1359762.0,1359810.0,1359857.0,1359910.0,1359969.0,1360007.0,1360078.0,1360135.0,1360190.0,1360254.0,1360310.0,1360351.0,1360421.0,1360482.0,1360552.0,1360600.0,1360649.0,1360688.0,1360741.0,1360799.0,1360831.0,1360880.0,1360932.0,1360989.0,1361050.0,1361104.0,1361143.0,1361193.0,1361245.0,1361287.0,1361371.0,1361436.0,1361517.0,1361582.0,1361642.0,1361697.0,1361749.0,1361810.0,1361858.0,1361936.0,1362008.0,1362092.0,1362149.0,1362231.0,1362296.0,1362378.0,1362432.0,1362497.0,1362560.0,1362641.0,1362720.0,1362775.0,1362831.0,1362905.0,1362969.0,1363025.0,1363084.0,1363197.0,1363271.0,1363347.0,1363428.0,1363517.0,1364046.0,1364320.0,1364424.0,1364373.0,1364202.0,1364270.0,1364334.0,1364381.0,1364443.0,1364493.0,1364540.0,1364593.0,1364649.0,1364721.0,1364777.0,1364831.0,1364887.0,1364927.0,1364992.0,1365052.0,1365109.0,1365171.0,1365244.0,1365306.0,1365373.0,1365422.0,1365467.0,1365517.0,1365562.0,1365604.0,,,,,,,,,1366043.0,1366109.0,1366170.0,1366222.0,1366282.0,1366354.0,1366421.0,1366485.0,1366532.0,1366592.0,1366634.0,1366689.0,1366727.0,1366783.0,1366827.0,1366882.0,1366946.0,1367004.0,1367054.0,1367108.0,1367165.0,1367210.0,1367257.0,1367315.0,1367358.0,1367394.0,1367447.0,1367494.0,1367551.0,1367604.0,1367662.0,1367726.0,1367797.0,1367849.0,1367898.0,1367949.0,1368009.0,1368066.0,1368126.0,1368191.0,1368241.0,1368295.0,1368360.0,1368456.0,1368540.0,1368621.0,1368705.0,1368787.0,1368863.0,1368923.0,1368989.0,1369036.0,1369081.0,1369128.0,1369187.0,1369238.0,1369281.0,1369339.0,1369406.0,1369455.0,1369508.0,1369552.0,1369602.0,1369647.0,1369711.0,1369754.0,1369800.0,1369842.0,1369883.0,1369942.0,1369991.0,1370037.0,1370090.0,1370148.0,1370212.0,1370269.0,1370311.0,1370347.0,1370405.0,1370456.0,1370497.0,1370532.0,1370565.0,1370627.0,1370673.0,1370709.0,1370752.0,1370801.0,1370830.0,1370874.0,1370927.0,1370985.0,1371057.0,1371097.0,1371144.0,1371196.0,1371235.0,1371272.0,1371333.0,1371368.0,1371414.0,1371467.0,1371509.0,1371558.0,1371596.0,1371643.0,1371683.0,1371722.0,1371771.0,1371816.0,1371861.0,1371899.0,1371953.0,1371984.0,1372037.0,1372084.0,1372140.0,1372186.0,1372253.0,1372327.0,1372381.0,,1372479.0,1372539.0,1372595.0,1372643.0,1372701.0,1372742.0,1372780.0,1372829.0,1372892.0,1372946.0,1372985.0,1373033.0,1373100.0,1373145.0,1373183.0,1373245.0,1373323.0,1373373.0,1373447.0,1373497.0,1373543.0,1373586.0,1373632.0,1373665.0,1373707.0,1373760.0,1373807.0,1373864.0,1373911.0,1373961.0,1374023.0,1374085.0,1374142.0,1374188.0,1374242.0,1374296.0,1374357.0,1374408.0,1374443.0,1374489.0,1374548.0,1374594.0,1374641.0,1374693.0,1374745.0,1374792.0,1374834.0,1374886.0,1374914.0,1374951.0,1374992.0,1375051.0,1375096.0,1375144.0,1375211.0,1375277.0,1375334.0,1375397.0,1375457.0,1375537.0,1375603.0,1375667.0,1375744.0,1375799.0,1375871.0,1375912.0,1375974.0,1376022.0,1376074.0,1376112.0,1376190.0,1376246.0,1376282.0,1376328.0,1376393.0,1376449.0,1376479.0,1376531.0,1376574.0,1376615.0,1376696.0,1376752.0,1376808.0,1376871.0,1376920.0,1376974.0,1377008.0,1377062.0,1377114.0,1377148.0,1377188.0,1377233.0,1377271.0,1377311.0,1377357.0,1377393.0,1377428.0,1377462.0,1377501.0,1377537.0,1377570.0,1377606.0,1377651.0,1377687.0,1377729.0,1377775.0,1377812.0,1377845.0,1377889.0,1377932.0,1377991.0,1378050.0,1378090.0,1378134
MnBhFWtG718,212682.0,212715.0,212763.0,212809.0,212858.0,212937.0,213010.0,213084.0,213137.0,213189.0,213242.0,213304.0,213376.0,213451.0,213509.0,213577.0,213655.0,213709.0,213760.0,213815.0,213885.0,213957.0,214020.0,214070.0,214116.0,214168.0,214249.0,214315.0,214383.0,214446.0,214498.0,214546.0,214608.0,214676.0,214753.0,214827.0,214890.0,214943.0,214994.0,215045.0,215093.0,215155.0,215220.0,215287.0,215346.0,215388.0,215449.0,215507.0,215578.0,215646.0,215710.0,215775.0,215824.0,215884.0,215943.0,216012.0,216071.0,216147.0,216202.0,216253.0,216303.0,216369.0,216447.0,216529.0,216594.0,216660.0,216733.0,216802.0,216869.0,216959.0,217017.0,217089.0,217163.0,217226.0,217300.0,217352.0,217428.0,217503.0,217568.0,217624.0,217691.0,217766.0,217849.0,217980.0,218100.0,218206.0,218305.0,218398.0,218477.0,218548.0,218657.0,218736.0,218826.0,218905.0,218993.0,219070.0,219141.0,219221.0,219308.0,219395.0,219482.0,219552.0,219636.0,219716.0,219783.0,219836.0,219908.0,219991.0,220070.0,220128.0,220193.0,220269.0,220332.0,220384.0,220464.0,220506.0,220573.0,220640.0,220698.0,220758.0,220802.0,220860.0,220902.0,220965.0,221015.0,221075.0,221112.0,221177.0,221253.0,221302.0,221343.0,221391.0,221448.0,221511.0,,,,,,,,,222084.0,222157.0,222220.0,222314.0,222423.0,222534.0,222603.0,222686.0,222739.0,222799.0,222906.0,222984.0,223151.0,223294.0,223381.0,223485.0,223590.0,223713.0,223840.0,223928.0,224042.0,224138.0,224205.0,224286.0,224382.0,224486.0,224582.0,224674.0,224768.0,224842.0,224945.0,225028.0,225092.0,225162.0,225245.0,225291.0,225331.0,225399.0,225448.0,225510.0,225581.0,225654.0,225715.0,225764.0,225828.0,225884.0,225959.0,226029.0,226102.0,226158.0,226216.0,226281.0,226341.0,226390.0,226445.0,226522.0,226580.0,226645.0,226708.0,226757.0,226808.0,226858.0,226922.0,226973.0,227049.0,227099.0,227142.0,227193.0,227224.0,227265.0,227312.0,227372.0,227424.0,227508.0,227574.0,227654.0,227728.0,227779.0,227833.0,227894.0,227967.0,228040.0,228099.0,228156.0,228204.0,228251.0,228299.0,228363.0,228425.0,228501.0,228569.0,228630.0,228703.0,228758.0,228825.0,228894.0,228937.0,229001.0,229047.0,229099.0,229169.0,229220.0,229262.0,229323.0,229367.0,229420.0,229472.0,229517.0,229569.0,229623.0,229672.0,229735.0,229813.0,229893.0,229954.0,230015.0,230090.0,230155.0,230213.0,230268.0,230333.0,,230462.0,230536.0,230610.0,230688.0,230754.0,230800.0,230870.0,230946.0,230999.0,231078.0,231178.0,231262.0,231332.0,231391.0,231487.0,231585.0,231638.0,231714.0,231785.0,231859.0,231927.0,232006.0,232086.0,232163.0,232257.0,232327.0,232381.0,232455.0,232522.0,232601.0,232677.0,232769.0,232814.0,232869.0,232946.0,233006.0,233120.0,233195.0,233258.0,233342.0,233400.0,233475.0,233544.0,233594.0,233656.0,233741.0,233844.0,233948.0,234062.0,234215.0,234359.0,234481.0,234625.0,234799.0,234968.0,235143.0,235254.0,235411.0,235599.0,235847.0,236047.0,236211.0,236401.0,236776.0,237227.0,237601.0,237829.0,238104.0,238345.0,238694.0,238936.0,239206.0,239453.0,239688.0,239892.0,240092.0,240315.0,240585.0,240825.0,241093.0,241387.0,241618.0,241794.0,241954.0,242146.0,242318.0,242467.0,242612.0,242716.0,242841.0,242934.0,243066.0,243238.0,243412.0,243560.0,243762.0,243914.0,244094.0,244285.0,244436.0,244567.0,244734.0,244867.0,244977.0,245116.0,245254.0,245414.0,245550.0,245663.0,245816.0,245912.0,246061.0,246198.0,246388
6vJqTkvZAH4,38665.0,38686.0,38712.0,38732.0,38761.0,38789.0,38815.0,38838.0,38861.0,38888.0,38906.0,38922.0,38945.0,38980.0,39016.0,39054.0,39084.0,39113.0,39141.0,39175.0,39207.0,39245.0,39279.0,39303.0,39335.0,39380.0,39410.0,39430.0,39461.0,39488.0,39511.0,39534.0,39551.0,39560.0,39573.0,39602.0,39622.0,39641.0,39656.0,39680.0,39702.0,39726.0,39742.0,39761.0,39774.0,39784.0,39798.0,39817.0,39835.0,39852.0,39876.0,39896.0,39908.0,39936.0,39971.0,39984.0,40019.0,40048.0,40075.0,40088.0,40108.0,40124.0,40139.0,40162.0,40187.0,40210.0,40231.0,40252.0,40262.0,40285.0,40296.0,40307.0,40320.0,40332.0,40346.0,40362.0,40379.0,40392.0,40410.0,40425.0,40433.0,40445.0,40462.0,40481.0,40496.0,40513.0,40530.0,40537.0,40553.0,40574.0,40588.0,40611.0,40627.0,40652.0,40667.0,40687.0,40704.0,40722.0,40746.0,40767.0,40798.0,40808.0,40823.0,40833.0,40848.0,40871.0,40887.0,40897.0,40908.0,40930.0,40945.0,40963.0,40989.0,41010.0,41031.0,41036.0,41061.0,41079.0,41088.0,41103.0,41113.0,41119.0,41135.0,41142.0,41159.0,41172.0,41189.0,41207.0,41220.0,41233.0,41250.0,41267.0,41284.0,41309.0,,,,,,,,,41483.0,41489.0,41515.0,41530.0,41545.0,41553.0,41564.0,41573.0,41586.0,41601.0,41624.0,41643.0,41666.0,41713.0,41738.0,41752.0,41763.0,41783.0,41805.0,41819.0,41830.0,41833.0,41847.0,41856.0,41866.0,41890.0,41907.0,41919.0,41942.0,41954.0,41965.0,41975.0,41988.0,42021.0,42033.0,42046.0,42054.0,42063.0,42072.0,42081.0,42095.0,42109.0,42128.0,42140.0,42151.0,42168.0,42187.0,42195.0,42219.0,42229.0,42242.0,42249.0,42260.0,42277.0,42293.0,42307.0,42333.0,42365.0,42390.0,42411.0,42446.0,42462.0,42491.0,42522.0,42543.0,42575.0,42603.0,42627.0,42650.0,42676.0,42719.0,42754.0,42797.0,42849.0,42904.0,42971.0,43034.0,43083.0,43124.0,43182.0,43249.0,43303.0,43367.0,43425.0,43486.0,43530.0,43579.0,43643.0,43701.0,43748.0,43802.0,43840.0,43886.0,43941.0,44006.0,44071.0,44138.0,44206.0,44244.0,44279.0,44333.0,44389.0,44438.0,44479.0,44521.0,44568.0,44593.0,44629.0,44665.0,44709.0,44737.0,44785.0,44812.0,44852.0,44891.0,44927.0,44960.0,44997.0,45046.0,45072.0,45103.0,,45182.0,45211.0,45258.0,45286.0,45312.0,45346.0,45365.0,45403.0,45455.0,45497.0,45523.0,45543.0,45566.0,45586.0,45612.0,45628.0,45653.0,45686.0,45712.0,45725.0,45744.0,45762.0,45785.0,45808.0,45826.0,45863.0,45884.0,45911.0,45942.0,45974.0,46008.0,46044.0,46067.0,46083.0,46097.0,46123.0,46151.0,46179.0,46212.0,46242.0,46265.0,46294.0,46333.0,46362.0,46390.0,46436.0,46511.0,46571.0,46652.0,46736.0,46834.0,46900.0,47005.0,47066.0,47132.0,47197.0,47258.0,47315.0,47383.0,47465.0,47518.0,47567.0,47617.0,47652.0,47716.0,47778.0,47843.0,47914.0,47959.0,48029.0,48082.0,48142.0,48209.0,48302.0,48349.0,48399.0,48444.0,48489.0,48535.0,48612.0,48673.0,48731.0,48767.0,48806.0,48863.0,48913.0,48957.0,49023.0,49052.0,49078.0,49105.0,49132.0,49166.0,49215.0,49247.0,49289.0,49318.0,49354.0,49397.0,49465.0,49519.0,49569.0,49601.0,49636.0,49676.0,49721.0,49778.0,49858.0,49916.0,49963.0,50010.0,50063.0,50118.0,50182
WzSO3_0w5rE,808.0,808.0,808.0,808.0,808.0,808.0,808.0,809.0,809.0,809.0,809.0,809.0,809.0,809.0,809.0,810.0,813.0,813.0,813.0,813.0,813.0,814.0,814.0,814.0,814.0,814.0,814.0,814.0,814.0,814.0,814.0,814.0,814.0,814.0,814.0,814.0,814.0,814.0,814.0,814.0,814.0,814.0,814.0,814.0,815.0,815.0,815.0,815.0,815.0,815.0,815.0,815.0,815.0,815.0,815.0,815.0,819.0,819.0,819.0,815.0,815.0,815.0,815.0,815.0,815.0,815.0,815.0,815.0,815.0,815.0,815.0,815.0,815.0,815.0,815.0,815.0,815.0,815.0,815.0,815.0,815.0,815.0,815.0,815.0,819.0,820.0,821.0,821.0,821.0,821.0,821.0,821.0,821.0,822.0,823.0,823.0,823.0,824.0,824.0,824.0,823.0,824.0,824.0,824.0,824.0,824.0,824.0,824.0,824.0,824.0,826.0,826.0,826.0,826.0,826.0,826.0,827.0,827.0,827.0,827.0,827.0,827.0,827.0,828.0,829.0,831.0,831.0,832.0,832.0,832.0,832.0,832.0,832.0,833.0,,,,,,,,,840.0,841.0,841.0,841.0,843.0,845.0,845.0,846.0,846.0,847.0,847.0,847.0,848.0,849.0,849.0,849.0,849.0,850.0,854.0,854.0,855.0,855.0,855.0,856.0,856.0,856.0,856.0,856.0,856.0,856.0,856.0,856.0,857.0,859.0,859.0,859.0,859.0,859.0,859.0,860.0,860.0,860.0,860.0,860.0,861.0,862.0,862.0,862.0,862.0,862.0,862.0,862.0,862.0,862.0,862.0,862.0,862.0,862.0,862.0,862.0,862.0,862.0,862.0,862.0,862.0,862.0,862.0,862.0,862.0,862.0,862.0,862.0,862.0,862.0,862.0,863.0,863.0,863.0,864.0,864.0,864.0,864.0,864.0,864.0,864.0,865.0,865.0,865.0,865.0,865.0,865.0,866.0,866.0,866.0,866.0,866.0,866.0,866.0,866.0,866.0,866.0,866.0,866.0,866.0,867.0,867.0,867.0,867.0,867.0,867.0,867.0,867.0,867.0,867.0,868.0,868.0,868.0,868.0,868.0,868.0,868.0,,871.0,871.0,871.0,871.0,871.0,871.0,871.0,871.0,871.0,871.0,872.0,872.0,872.0,872.0,873.0,873.0,873.0,873.0,873.0,873.0,873.0,873.0,873.0,873.0,873.0,873.0,874.0,874.0,874.0,874.0,874.0,874.0,874.0,874.0,874.0,874.0,875.0,875.0,875.0,876.0,876.0,876.0,876.0,876.0,876.0,876.0,876.0,876.0,876.0,876.0,876.0,876.0,877.0,877.0,877.0,877.0,877.0,877.0,877.0,877.0,877.0,877.0,877.0,878.0,879.0,879.0,880.0,881.0,881.0,881.0,881.0,881.0,881.0,881.0,881.0,881.0,881.0,881.0,881.0,882.0,882.0,882.0,882.0,882.0,882.0,882.0,882.0,884.0,884.0,884.0,884.0,884.0,884.0,884.0,884.0,884.0,884.0,885.0,885.0,885.0,885.0,887.0,887.0,887.0,887.0,887.0,888.0,888.0,888.0,888.0,888.0,888.0,888.0,888
mNkcq8zQjC0,5558.0,5560.0,5563.0,5564.0,5568.0,5569.0,5570.0,5570.0,5573.0,5575.0,5576.0,5577.0,5579.0,5580.0,5583.0,5586.0,5587.0,5591.0,5596.0,5601.0,5606.0,5609.0,5613.0,5616.0,5617.0,5621.0,5622.0,5628.0,5629.0,5631.0,5635.0,5636.0,5637.0,5637.0,5637.0,5640.0,5642.0,5644.0,5645.0,5647.0,5648.0,5652.0,5654.0,5656.0,5656.0,5656.0,5657.0,5657.0,5659.0,5662.0,5664.0,5667.0,5673.0,5673.0,5674.0,5677.0,5679.0,5680.0,5682.0,5683.0,5687.0,5689.0,5692.0,5694.0,5696.0,5696.0,5698.0,5699.0,5700.0,5701.0,5703.0,5704.0,5704.0,5705.0,5707.0,5709.0,5710.0,5713.0,5714.0,5720.0,5721.0,5724.0,5725.0,5727.0,5727.0,5727.0,5727.0,5727.0,5728.0,5731.0,5732.0,5735.0,5734.0,5738.0,5739.0,5743.0,5747.0,5749.0,5751.0,5759.0,5762.0,5764.0,5765.0,5768.0,5769.0,5772.0,5775.0,5784.0,5791.0,5795.0,5797.0,5799.0,5801.0,5805.0,5809.0,5809.0,5810.0,5810.0,5811.0,5813.0,5814.0,5816.0,5818.0,5825.0,5826.0,5826.0,5829.0,5830.0,5832.0,5833.0,5834.0,5835.0,5836.0,5836.0,,,,,,,,,5853.0,5854.0,5854.0,5856.0,5857.0,5857.0,5860.0,5862.0,5862.0,5862.0,5865.0,5865.0,5865.0,5865.0,5867.0,5867.0,5867.0,5867.0,5868.0,5868.0,5868.0,5869.0,5870.0,5871.0,5871.0,5872.0,5872.0,5875.0,5876.0,5879.0,5879.0,5881.0,5882.0,5883.0,5891.0,5905.0,5912.0,5917.0,5923.0,5926.0,5931.0,5933.0,5933.0,5934.0,5940.0,5941.0,5945.0,5949.0,5952.0,5953.0,5954.0,5954.0,5955.0,5956.0,5959.0,5961.0,5965.0,5968.0,5969.0,5971.0,5973.0,5973.0,5973.0,5973.0,5974.0,5975.0,5979.0,5984.0,5986.0,5989.0,5991.0,5991.0,5992.0,5994.0,5994.0,5995.0,5996.0,5998.0,6001.0,6004.0,6008.0,6009.0,6010.0,6011.0,6012.0,6012.0,6014.0,6015.0,6015.0,6016.0,6018.0,6018.0,6019.0,6019.0,6024.0,6026.0,6027.0,6028.0,6032.0,6032.0,6033.0,6035.0,6035.0,6036.0,6039.0,6040.0,6040.0,6041.0,6042.0,6042.0,6045.0,6052.0,6052.0,6054.0,6057.0,6060.0,6060.0,6061.0,6063.0,6064.0,6065.0,,6065.0,6066.0,6068.0,6071.0,6072.0,6072.0,6072.0,6075.0,6076.0,6076.0,6077.0,6077.0,6079.0,6078.0,6078.0,6078.0,6079.0,6079.0,6079.0,6079.0,6080.0,6080.0,6080.0,6081.0,6082.0,6084.0,6085.0,6087.0,6089.0,6090.0,6091.0,6092.0,6093.0,6096.0,6099.0,6101.0,6104.0,6108.0,6110.0,6113.0,6115.0,6116.0,6118.0,6118.0,6118.0,6120.0,6120.0,6122.0,6121.0,6122.0,6122.0,6122.0,6123.0,6124.0,6127.0,6127.0,6128.0,6141.0,6152.0,6157.0,6165.0,6171.0,6174.0,6177.0,6180.0,6181.0,6182.0,6182.0,6185.0,6189.0,6191.0,6193.0,6194.0,6195.0,6198.0,6200.0,6201.0,6203.0,6205.0,6210.0,6216.0,6219.0,6229.0,6245.0,6252.0,6254.0,6256.0,6259.0,6261.0,6263.0,6266.0,6267.0,6267.0,6270.0,6271.0,6271.0,6273.0,6275.0,6278.0,6282.0,6284.0,6285.0,6288.0,6288.0,6290.0,6291.0,6293.0,6293.0,6293.0,6296.0,6297.0,6300.0,6301.0,6302
YAPCLEUmFHg,417.0,417.0,417.0,417.0,417.0,417.0,417.0,417.0,417.0,417.0,418.0,418.0,418.0,418.0,418.0,419.0,419.0,419.0,420.0,421.0,421.0,421.0,421.0,421.0,421.0,421.0,421.0,421.0,421.0,421.0,421.0,421.0,421.0,421.0,421.0,421.0,421.0,421.0,421.0,421.0,421.0,421.0,422.0,422.0,422.0,422.0,422.0,422.0,422.0,422.0,422.0,422.0,422.0,422.0,422.0,422.0,422.0,422.0,422.0,422.0,422.0,423.0,428.0,428.0,428.0,428.0,428.0,428.0,428.0,428.0,428.0,428.0,429.0,429.0,429.0,429.0,429.0,429.0,429.0,429.0,429.0,429.0,429.0,429.0,429.0,429.0,429.0,429.0,430.0,430.0,430.0,430.0,430.0,430.0,430.0,430.0,430.0,430.0,430.0,430.0,430.0,430.0,430.0,430.0,430.0,430.0,430.0,430.0,430.0,430.0,430.0,430.0,430.0,430.0,430.0,430.0,430.0,430.0,430.0,430.0,430.0,430.0,430.0,430.0,430.0,430.0,430.0,430.0,430.0,430.0,430.0,431.0,431.0,432.0,,,,,,,,,432.0,432.0,433.0,433.0,433.0,433.0,433.0,433.0,433.0,433.0,433.0,433.0,433.0,433.0,433.0,433.0,433.0,433.0,433.0,433.0,433.0,433.0,434.0,435.0,435.0,435.0,436.0,436.0,436.0,436.0,437.0,437.0,437.0,437.0,437.0,437.0,437.0,437.0,437.0,437.0,437.0,437.0,438.0,438.0,438.0,438.0,438.0,438.0,438.0,438.0,439.0,439.0,439.0,440.0,441.0,441.0,441.0,441.0,441.0,442.0,443.0,444.0,446.0,446.0,446.0,446.0,446.0,446.0,446.0,446.0,446.0,446.0,446.0,447.0,448.0,448.0,448.0,448.0,448.0,448.0,451.0,451.0,451.0,451.0,451.0,451.0,451.0,451.0,451.0,451.0,451.0,451.0,451.0,451.0,451.0,451.0,451.0,451.0,451.0,451.0,451.0,451.0,451.0,451.0,453.0,453.0,453.0,453.0,453.0,453.0,453.0,453.0,453.0,453.0,453.0,453.0,453.0,453.0,453.0,454.0,454.0,,454.0,454.0,454.0,455.0,455.0,455.0,455.0,455.0,455.0,455.0,455.0,455.0,456.0,456.0,456.0,456.0,456.0,456.0,456.0,456.0,456.0,456.0,456.0,456.0,456.0,456.0,456.0,456.0,456.0,456.0,456.0,456.0,456.0,456.0,457.0,457.0,457.0,457.0,457.0,457.0,457.0,457.0,457.0,457.0,457.0,457.0,457.0,457.0,457.0,457.0,457.0,457.0,457.0,457.0,457.0,458.0,458.0,458.0,458.0,458.0,458.0,458.0,458.0,459.0,459.0,459.0,459.0,460.0,460.0,461.0,461.0,461.0,461.0,461.0,461.0,461.0,461.0,461.0,461.0,461.0,462.0,462.0,462.0,462.0,462.0,462.0,462.0,462.0,462.0,462.0,462.0,462.0,462.0,462.0,462.0,462.0,462.0,462.0,462.0,462.0,462.0,462.0,462.0,462.0,462.0,462.0,462.0,462.0,462.0,462.0,462.0,462.0,462.0,462
nw_MVLcZtfc,2297.0,2298.0,2298.0,2299.0,2300.0,2300.0,2303.0,2304.0,2305.0,2306.0,2308.0,2308.0,2308.0,2309.0,2309.0,2310.0,2310.0,2311.0,2312.0,2312.0,2314.0,2314.0,2314.0,2314.0,2314.0,2315.0,2315.0,2315.0,2315.0,2315.0,2315.0,2315.0,2316.0,2316.0,2316.0,2316.0,2316.0,2316.0,2316.0,2317.0,2317.0,2317.0,2317.0,2318.0,2319.0,2320.0,2319.0,2319.0,2319.0,2320.0,2320.0,2320.0,2324.0,2324.0,2325.0,2327.0,2327.0,2327.0,2327.0,2327.0,2328.0,2329.0,2329.0,2330.0,2330.0,2330.0,2330.0,2331.0,2332.0,2333.0,2333.0,2333.0,2333.0,2333.0,2333.0,2333.0,2333.0,2334.0,2334.0,2334.0,2336.0,2338.0,2339.0,2340.0,2339.0,2339.0,2340.0,2340.0,2340.0,2341.0,2342.0,2342.0,2342.0,2343.0,2343.0,2344.0,2345.0,2346.0,2346.0,2346.0,2346.0,2347.0,2347.0,2348.0,2348.0,2349.0,2349.0,2349.0,2352.0,2352.0,2353.0,2353.0,2354.0,2354.0,2357.0,2358.0,2360.0,2358.0,2360.0,2360.0,2360.0,2360.0,2360.0,2360.0,2360.0,2362.0,2363.0,2363.0,2363.0,2363.0,2364.0,2364.0,2364.0,2364.0,,,,,,,,,2368.0,2368.0,2368.0,2369.0,2370.0,2371.0,2371.0,2371.0,2371.0,2372.0,2372.0,2374.0,2374.0,2374.0,2374.0,2374.0,2375.0,2379.0,2379.0,2380.0,2380.0,2380.0,2383.0,2383.0,2383.0,2385.0,2385.0,2393.0,2394.0,2396.0,2396.0,2396.0,2397.0,2403.0,2405.0,2406.0,2407.0,2408.0,2409.0,2409.0,2411.0,2413.0,2414.0,2414.0,2414.0,2417.0,2419.0,2421.0,2423.0,2423.0,2423.0,2423.0,2423.0,2423.0,2423.0,2423.0,2423.0,2423.0,2423.0,2424.0,2424.0,2424.0,2424.0,2424.0,2424.0,2424.0,2424.0,2424.0,2424.0,2424.0,2424.0,2424.0,2424.0,2424.0,2424.0,2424.0,2424.0,2425.0,2425.0,2425.0,2426.0,2429.0,2430.0,2432.0,2432.0,2435.0,2437.0,2440.0,2440.0,2442.0,2443.0,2443.0,2443.0,2445.0,2445.0,2446.0,2447.0,2447.0,2447.0,2447.0,2447.0,2447.0,2448.0,2449.0,2451.0,2453.0,2454.0,2455.0,2455.0,2455.0,2455.0,2455.0,2455.0,2455.0,2455.0,2455.0,2455.0,2455.0,2456.0,2456.0,2456.0,,2456.0,2457.0,2457.0,2457.0,2457.0,2457.0,2458.0,2458.0,2459.0,2461.0,2461.0,2461.0,2461.0,2461.0,2461.0,2463.0,2464.0,2464.0,2464.0,2464.0,2465.0,2466.0,2466.0,2471.0,2470.0,2471.0,2471.0,2471.0,2471.0,2471.0,2471.0,2472.0,2472.0,2472.0,2472.0,2472.0,2472.0,2472.0,2473.0,2473.0,2474.0,2474.0,2475.0,2477.0,2477.0,2478.0,2479.0,2479.0,2481.0,2483.0,2483.0,2483.0,2483.0,2483.0,2483.0,2483.0,2484.0,2484.0,2485.0,2485.0,2485.0,2485.0,2486.0,2486.0,2487.0,2487.0,2487.0,2488.0,2488.0,2488.0,2488.0,2488.0,2490.0,2491.0,2491.0,2491.0,2492.0,2493.0,2494.0,2495.0,2495.0,2496.0,2498.0,2499.0,2498.0,2498.0,2499.0,2499.0,2499.0,2500.0,2500.0,2500.0,2500.0,2500.0,2500.0,2500.0,2500.0,2501.0,2501.0,2501.0,2501.0,2501.0,2501.0,2503.0,2503.0,2503.0,2504.0,2504.0,2504.0,2504.0,2505.0,2505.0,2505.0,2505
rSOXgMK1x10,4729766.0,4734734.0,4739603.0,4744758.0,4750561.0,4756296.0,4761759.0,4767655.0,4774015.0,4779600.0,4785141.0,4791285.0,4797866.0,4803982.0,4810378.0,4816699.0,4822979.0,4828867.0,4835874.0,4842967.0,4849701.0,4855777.0,4861420.0,4866664.0,4872121.0,4877614.0,4883138.0,4888491.0,4894156.0,4899791.0,4905137.0,4910059.0,4915253.0,4920711.0,4926042.0,4931283.0,4936908.0,4942460.0,4947816.0,4953383.0,4959254.0,4965091.0,4970685.0,4976497.0,4982100.0,4987392.0,4993042.0,4999447.0,5005517.0,5011275.0,5016569.0,5021747.0,5026957.0,5031924.0,5037606.0,5042972.0,5048048.0,5053507.0,5058208.0,5062783.0,5068328.0,5074077.0,5079838.0,5085585.0,5091203.0,5096314.0,5101457.0,5106950.0,5112179.0,5118260.0,5123787.0,5129148.0,5134646.0,5139872.0,5145039.0,5150546.0,5155835.0,5161150.0,5166865.0,5172142.0,5177442.0,5182954.0,5188936.0,5195278.0,5201328.0,5206855.0,5211468.0,5216346.0,5221736.0,5227147.0,5232712.0,5238461.0,5243943.0,5249496.0,5255093.0,5261414.0,5267862.0,5273721.0,5279484.0,5285639.0,5291318.0,5296109.0,5301801.0,5307939.0,5314400.0,5320945.0,5327238.0,5332273.0,5337165.0,5343145.0,5348900.0,5355067.0,5360985.0,5366223.0,5370761.0,5375407.0,5380885.0,5386187.0,5391552.0,5397110.0,5402503.0,5407056.0,5411715.0,5416474.0,5421161.0,5426157.0,5432128.0,5438385.0,5443344.0,5448256.0,5453661.0,5459767.0,5466382.0,5471937.0,,,,,,,,,5523287.0,5528893.0,5535273.0,5541389.0,5546294.0,5551007.0,5555245.0,5559312.0,5564062.0,5569161.0,5574905.0,5580481.0,5586309.0,5591725.0,5596875.0,5601604.0,5606910.0,5612695.0,5618363.0,5623188.0,5627683.0,5631898.0,5636227.0,5640973.0,5645996.0,5650830.0,5656110.0,5660948.0,5665434.0,5669952.0,5674934.0,5680189.0,5685524.0,5690657.0,5695518.0,5699994.0,5704166.0,5709008.0,5714488.0,5719779.0,5724668.0,5729686.0,5734388.0,5738596.0,5743184.0,5748269.0,5753281.0,5758091.0,5762913.0,5767077.0,5771079.0,5775742.0,5780402.0,5785220.0,5789844.0,5794506.0,5798743.0,5803010.0,5807703.0,5812754.0,5817486.0,5821601.0,5825671.0,5830172.0,5834653.0,5839584.0,5844513.0,5849464.0,5853699.0,5858063.0,5862831.0,5867671.0,5872694.0,5878307.0,5883917.0,5889560.0,5895637.0,5901639.0,5907500.0,5913748.0,5919649.0,5925744.0,5932052.0,5939131.0,5944924.0,5950937.0,5957749.0,5964847.0,5971885.0,5979257.0,5986667.0,5993119.0,5999820.0,6006585.0,6013662.0,6021152.0,6027807.0,6034051.0,6040026.0,6045338.0,6051391.0,6057319.0,6063516.0,6069479.0,6075042.0,6080038.0,6085075.0,6090379.0,6096305.0,6101825.0,6107434.0,6113233.0,6118587.0,6124055.0,6129992.0,6135895.0,6142151.0,6148120.0,6154284.0,6160365.0,6166729.0,,6182238.0,6190364.0,6197727.0,6204821.0,6211645.0,6218869.0,6226822.0,6236124.0,6246800.0,6257978.0,6267720.0,6276637.0,6285657.0,6297073.0,6309333.0,6320303.0,6330451.0,6341886.0,6353570.0,6365395.0,6379041.0,6392953.0,6406758.0,6418284.0,6429654.0,6439525.0,6449758.0,6462374.0,6475460.0,6488140.0,6499730.0,6509663.0,6519753.0,6528949.0,6539068.0,6549929.0,6559920.0,6569894.0,6578918.0,6586849.0,6594258.0,6602958.0,6611907.0,6619381.0,6627077.0,6634661.0,6641790.0,6647796.0,6653652.0,6659479.0,6664946.0,6670544.0,6675680.0,6680193.0,6684586.0,6689432.0,6694376.0,6699222.0,6704041.0,6708582.0,6712873.0,6717158.0,6722100.0,6727778.0,6733657.0,6739581.0,6744884.0,6749769.0,6754441.0,6759701.0,6765014.0,6770541.0,6776032.0,6781465.0,6786802.0,6791804.0,6797024.0,6802612.0,6807844.0,6813003.0,6818110.0,6822882.0,6827281.0,6831852.0,6836668.0,6841476.0,6846346.0,6850939.0,6855283.0,6859477.0,6863988.0,6869030.0,6873854.0,6878619.0,6883380.0,6888630.0,6893193.0,6898153.0,6903762.0,6909239.0,6913860.0,6918242.0,6922137.0,6926142.0,6930818.0,6935680.0,6940646.0,6945469.0,6950323.0,6954683.0,6958953.0,6963565.0,6968365.0,6973012
3RNJwgL6XcM,4308.0,4312.0,4312.0,4314.0,4314.0,4315.0,4316.0,4318.0,4318.0,4320.0,4321.0,4322.0,4324.0,4324.0,4324.0,4325.0,4326.0,4326.0,4328.0,4329.0,4329.0,4330.0,4330.0,4331.0,4331.0,4332.0,4332.0,4332.0,4333.0,4333.0,4334.0,4335.0,4335.0,4335.0,4335.0,4335.0,4335.0,4337.0,4337.0,4338.0,4338.0,4341.0,4341.0,4342.0,4342.0,4343.0,4344.0,4344.0,4347.0,4349.0,4349.0,4349.0,4349.0,4349.0,4350.0,4350.0,4352.0,4353.0,4353.0,4355.0,4354.0,4355.0,4356.0,4358.0,4360.0,4360.0,4360.0,4360.0,4360.0,4362.0,4362.0,4362.0,4362.0,4362.0,4364.0,4365.0,4365.0,4366.0,4366.0,4369.0,4369.0,4369.0,4369.0,4370.0,4371.0,4372.0,4373.0,4373.0,4373.0,4373.0,4374.0,4374.0,4374.0,4375.0,4375.0,4375.0,4375.0,4376.0,4377.0,4377.0,4378.0,4378.0,4378.0,4378.0,4378.0,4378.0,4380.0,4380.0,4383.0,4385.0,4387.0,4388.0,4388.0,4389.0,4389.0,4389.0,4390.0,4391.0,4392.0,4395.0,4396.0,4396.0,4396.0,4397.0,4397.0,4398.0,4398.0,4398.0,4398.0,4398.0,4399.0,4399.0,4399.0,4399.0,,,,,,,,,4403.0,4405.0,4405.0,4406.0,4406.0,4406.0,4406.0,4406.0,4406.0,4406.0,4406.0,4407.0,4407.0,4407.0,4407.0,4407.0,4408.0,4410.0,4410.0,4413.0,4415.0,4415.0,4415.0,4415.0,4415.0,4415.0,4416.0,4416.0,4416.0,4417.0,4420.0,4421.0,4423.0,4424.0,4426.0,4427.0,4427.0,4428.0,4428.0,4428.0,4428.0,4429.0,4429.0,4431.0,4431.0,4431.0,4431.0,4431.0,4431.0,4431.0,4432.0,4432.0,4434.0,4435.0,4435.0,4435.0,4437.0,4438.0,4438.0,4438.0,4439.0,4439.0,4439.0,4441.0,4441.0,4441.0,4442.0,4444.0,4444.0,4445.0,4445.0,4445.0,4445.0,4445.0,4445.0,4445.0,4448.0,4448.0,4449.0,4449.0,4451.0,4452.0,4454.0,4454.0,4454.0,4454.0,4456.0,4457.0,4459.0,4459.0,4459.0,4460.0,4460.0,4462.0,4463.0,4465.0,4465.0,4466.0,4466.0,4466.0,4466.0,4466.0,4466.0,4466.0,4466.0,4466.0,4466.0,4468.0,4468.0,4468.0,4468.0,4469.0,4469.0,4469.0,4470.0,4470.0,4471.0,4473.0,4474.0,4475.0,4475.0,,4476.0,4476.0,4477.0,4479.0,4479.0,4480.0,4480.0,4481.0,4482.0,4483.0,4483.0,4484.0,4484.0,4484.0,4484.0,4484.0,4485.0,4487.0,4487.0,4487.0,4487.0,4487.0,4487.0,4488.0,4488.0,4488.0,4489.0,4489.0,4489.0,4490.0,4490.0,4491.0,4493.0,4494.0,4495.0,4495.0,4496.0,4495.0,4495.0,4500.0,4502.0,4502.0,4505.0,4505.0,4506.0,4506.0,4506.0,4507.0,4507.0,4509.0,4511.0,4512.0,4513.0,4516.0,4517.0,4517.0,4518.0,4519.0,4520.0,4520.0,4520.0,4520.0,4521.0,4523.0,4523.0,4523.0,4525.0,4525.0,4525.0,4528.0,4531.0,4532.0,4532.0,4534.0,4535.0,4535.0,4536.0,4539.0,4540.0,4541.0,4541.0,4543.0,4544.0,4547.0,4547.0,4549.0,4552.0,4554.0,4554.0,4554.0,4554.0,4555.0,4556.0,4557.0,4560.0,4562.0,4563.0,4563.0,4566.0,4566.0,4567.0,4569.0,4571.0,4572.0,4575.0,4580.0,4581.0,4581.0,4583.0,4584.0,4585.0,4585.0,4586.0,4587
gwR0Ht7QjLA,6820.0,6825.0,6827.0,6831.0,6834.0,6836.0,6839.0,6841.0,6844.0,6847.0,6849.0,6851.0,6853.0,6859.0,6862.0,6864.0,6866.0,6869.0,6872.0,6873.0,6875.0,6878.0,6881.0,6888.0,6891.0,6899.0,6904.0,6909.0,6915.0,6915.0,6917.0,6920.0,6924.0,6925.0,6931.0,6936.0,6938.0,6943.0,6946.0,6951.0,6952.0,6959.0,6959.0,6963.0,6966.0,6973.0,6974.0,6976.0,6980.0,6986.0,6989.0,6990.0,6994.0,6996.0,6997.0,7000.0,7005.0,7007.0,7009.0,7011.0,7014.0,7015.0,7018.0,7021.0,7025.0,7026.0,7028.0,7028.0,7028.0,7035.0,7037.0,7038.0,7041.0,7043.0,7046.0,7051.0,7057.0,7060.0,7062.0,7062.0,7065.0,7066.0,7066.0,7070.0,7074.0,7078.0,7082.0,7086.0,7088.0,7092.0,7097.0,7098.0,7101.0,7104.0,7107.0,7112.0,7115.0,7118.0,7121.0,7130.0,7136.0,7137.0,7144.0,7148.0,7170.0,7195.0,7205.0,7215.0,7223.0,7228.0,7241.0,7250.0,7255.0,7258.0,7255.0,7255.0,7261.0,7266.0,7268.0,7270.0,7278.0,7282.0,7286.0,7289.0,7294.0,7299.0,7302.0,7304.0,7307.0,7312.0,7313.0,7315.0,7315.0,7316.0,,,,,,,,,7345.0,7348.0,7352.0,7359.0,7364.0,7366.0,7369.0,7373.0,7374.0,7378.0,7381.0,7382.0,7384.0,7386.0,7388.0,7393.0,7397.0,7402.0,7405.0,7409.0,7417.0,7421.0,7426.0,7427.0,7430.0,7431.0,7440.0,7444.0,7448.0,7452.0,7455.0,7459.0,7463.0,7465.0,7471.0,7477.0,7480.0,7487.0,7493.0,7497.0,7497.0,7498.0,7500.0,7504.0,7510.0,7515.0,7515.0,7518.0,7525.0,7532.0,7535.0,7540.0,7544.0,7544.0,7549.0,7552.0,7554.0,7555.0,7557.0,7564.0,7564.0,7569.0,7572.0,7580.0,7586.0,7587.0,7589.0,7591.0,7595.0,7597.0,7599.0,7604.0,7605.0,7607.0,7610.0,7615.0,7620.0,7621.0,7622.0,7625.0,7628.0,7632.0,7634.0,7634.0,7636.0,7637.0,7639.0,7640.0,7640.0,7641.0,7642.0,7646.0,7648.0,7651.0,7654.0,7655.0,7660.0,7662.0,7662.0,7666.0,7666.0,7668.0,7673.0,7677.0,7679.0,7680.0,7684.0,7686.0,7686.0,7687.0,7689.0,7690.0,7693.0,7695.0,7698.0,7703.0,7706.0,7706.0,7710.0,7713.0,7716.0,,7719.0,7720.0,7723.0,7732.0,7739.0,7742.0,7749.0,7753.0,7753.0,7757.0,7760.0,7762.0,7764.0,7768.0,7768.0,7772.0,7777.0,7781.0,7784.0,7785.0,7788.0,7792.0,7794.0,7797.0,7801.0,7803.0,7807.0,7807.0,7810.0,7813.0,7815.0,7816.0,7820.0,7821.0,7823.0,7825.0,7833.0,7834.0,7836.0,7837.0,7840.0,7843.0,7847.0,7850.0,7851.0,7852.0,7855.0,7856.0,7862.0,7862.0,7863.0,7868.0,7872.0,7874.0,7876.0,7878.0,7881.0,7882.0,7886.0,7888.0,7893.0,7898.0,7899.0,7900.0,7900.0,7904.0,7905.0,7909.0,7910.0,7914.0,7919.0,7921.0,7921.0,7921.0,7923.0,7924.0,7926.0,7926.0,7927.0,7931.0,7933.0,7934.0,7936.0,7940.0,7943.0,7947.0,7947.0,7952.0,7955.0,7957.0,7959.0,7962.0,7963.0,7964.0,7966.0,7969.0,7972.0,7972.0,7977.0,7978.0,7982.0,7982.0,7983.0,7986.0,7990.0,7992.0,7993.0,7994.0,7995.0,7999.0,8001.0,8004.0,8004.0,8007
DrE_srsmyPM,40485.0,40562.0,40624.0,40700.0,40786.0,40879.0,40988.0,41087.0,41176.0,41249.0,41320.0,41387.0,41464.0,41524.0,41608.0,41735.0,41865.0,41949.0,42043.0,42138.0,42218.0,42337.0,42439.0,42513.0,42581.0,42660.0,42746.0,42816.0,42901.0,42976.0,43029.0,43091.0,43153.0,43207.0,43303.0,43368.0,43450.0,43546.0,43619.0,43697.0,43782.0,43869.0,43966.0,44073.0,44155.0,44217.0,44294.0,44383.0,44436.0,44511.0,44603.0,44678.0,44752.0,44813.0,44886.0,44953.0,45026.0,45112.0,45166.0,45231.0,45301.0,45386.0,45468.0,45556.0,45659.0,45734.0,45808.0,45892.0,45961.0,46043.0,46121.0,46178.0,46253.0,46304.0,46381.0,46454.0,46524.0,46588.0,46675.0,46749.0,46799.0,46866.0,46926.0,46990.0,47077.0,47161.0,47225.0,47290.0,47361.0,47441.0,47522.0,47593.0,47683.0,47750.0,47812.0,47884.0,47953.0,48038.0,48114.0,48193.0,48290.0,48364.0,48437.0,48510.0,48565.0,48635.0,48725.0,48799.0,48852.0,48988.0,49220.0,49319.0,49400.0,49489.0,49588.0,49726.0,49797.0,49890.0,50066.0,50366.0,50530.0,50626.0,50831.0,51129.0,51361.0,51616.0,51798.0,52119.0,52289.0,52457.0,52673.0,52848.0,53032.0,53263.0,,,,,,,,,55736.0,55977.0,56194.0,56461.0,56776.0,57023.0,57333.0,57540.0,57763.0,58024.0,58333.0,58648.0,58967.0,59235.0,59470.0,59647.0,59884.0,60117.0,60324.0,60519.0,60711.0,60909.0,61135.0,61353.0,61564.0,61751.0,62012.0,62269.0,62480.0,62676.0,62898.0,63046.0,63271.0,63439.0,63580.0,63715.0,63801.0,63942.0,64083.0,64194.0,64383.0,64526.0,64647.0,64764.0,64879.0,65002.0,65153.0,65325.0,65469.0,65586.0,65690.0,65817.0,65933.0,66084.0,66223.0,66339.0,66469.0,66577.0,66716.0,66886.0,67015.0,67125.0,67253.0,67372.0,67491.0,67601.0,67747.0,67901.0,68012.0,68154.0,68299.0,68423.0,68594.0,68756.0,68963.0,69152.0,69359.0,69509.0,69662.0,69824.0,70017.0,70218.0,70399.0,70621.0,70838.0,70992.0,71143.0,71340.0,71518.0,71718.0,71888.0,72058.0,72177.0,72362.0,72520.0,72690.0,72886.0,73069.0,73257.0,73405.0,73543.0,73728.0,73925.0,74093.0,74269.0,74428.0,74530.0,74674.0,74822.0,74918.0,75016.0,75146.0,75296.0,75371.0,75423.0,75471.0,75519.0,75574.0,75627.0,75667.0,75701.0,,75787.0,75851.0,75900.0,75937.0,75968.0,76008.0,76039.0,76067.0,76113.0,76155.0,76193.0,76228.0,76268.0,76307.0,76341.0,76390.0,76431.0,76497.0,76535.0,76572.0,76605.0,76645.0,76675.0,76704.0,76733.0,76764.0,76784.0,76813.0,76839.0,76871.0,76895.0,76921.0,76943.0,76960.0,76990.0,77019.0,77053.0,77077.0,77103.0,77139.0,77171.0,77204.0,77241.0,77263.0,77283.0,77324.0,77369.0,77428.0,77472.0,77549.0,77591.0,77653.0,77710.0,77756.0,77788.0,77827.0,77863.0,77890.0,77916.0,77949.0,77972.0,77995.0,78022.0,78056.0,78090.0,78118.0,78161.0,78221.0,78267.0,78326.0,78376.0,78452.0,78526.0,78615.0,78685.0,78717.0,78779.0,78854.0,78921.0,78975.0,79021.0,79072.0,79110.0,79142.0,79205.0,79272.0,79324.0,79382.0,79412.0,79445.0,79478.0,79522.0,79575.0,79614.0,79665.0,79699.0,79744.0,79787.0,79836.0,79869.0,79904.0,79942.0,79986.0,80032.0,80083.0,80136.0,80185.0,80226.0,80270.0,80309.0,80353.0,80400.0,80440.0,80477
bAlmWmzoyGI,298018.0,298079.0,298140.0,298198.0,298266.0,298332.0,298428.0,298491.0,298560.0,298627.0,298689.0,298773.0,298848.0,298917.0,298996.0,299069.0,299138.0,299208.0,299281.0,299380.0,299462.0,299542.0,299611.0,299677.0,299776.0,299850.0,299923.0,299997.0,300104.0,300167.0,300235.0,300290.0,300348.0,300423.0,300485.0,300563.0,300657.0,300718.0,300788.0,300885.0,300981.0,301106.0,301212.0,301313.0,301387.0,301443.0,301516.0,301585.0,301672.0,301756.0,301848.0,301911.0,301971.0,302048.0,302110.0,302177.0,302251.0,302334.0,302406.0,302474.0,302546.0,302595.0,302680.0,302745.0,302811.0,302881.0,302940.0,303011.0,303080.0,303171.0,303263.0,303357.0,303408.0,303493.0,303596.0,303671.0,303767.0,303838.0,303948.0,304028.0,304099.0,304186.0,304271.0,304362.0,304468.0,304589.0,304642.0,304708.0,304798.0,304858.0,304925.0,305035.0,305117.0,305184.0,305255.0,305326.0,305411.0,305526.0,305635.0,305728.0,305820.0,305913.0,306016.0,306110.0,306206.0,306310.0,306411.0,306493.0,306568.0,306648.0,306732.0,306835.0,306936.0,307009.0,307123.0,307198.0,307295.0,307395.0,307505.0,307614.0,307712.0,307819.0,307901.0,308034.0,308111.0,308206.0,308322.0,308434.0,308546.0,308637.0,308762.0,308867.0,308993.0,309095.0,,,,,,,,,310127.0,310225.0,310326.0,310433.0,310538.0,310632.0,310715.0,310785.0,310859.0,310937.0,311013.0,311081.0,311163.0,311265.0,311349.0,311410.0,311478.0,311554.0,311626.0,311692.0,311785.0,311862.0,311918.0,311988.0,312070.0,312141.0,312230.0,312318.0,312383.0,312445.0,312529.0,312614.0,312732.0,312829.0,312911.0,312978.0,313033.0,313125.0,313196.0,313288.0,313375.0,313488.0,313574.0,313630.0,313726.0,313801.0,313892.0,314006.0,314199.0,314316.0,314376.0,314469.0,314588.0,314708.0,314809.0,314933.0,315039.0,315120.0,315226.0,315326.0,315416.0,315487.0,315607.0,315690.0,315753.0,315844.0,315938.0,316024.0,316103.0,316191.0,316274.0,316353.0,316452.0,316594.0,316676.0,316781.0,316878.0,316954.0,317018.0,317125.0,317248.0,317352.0,317459.0,317617.0,317703.0,317787.0,317892.0,318021.0,318179.0,318286.0,318389.0,318472.0,318527.0,318585.0,318658.0,318727.0,318808.0,318864.0,318918.0,318974.0,319040.0,319104.0,319171.0,319246.0,319309.0,319378.0,319437.0,319502.0,319579.0,319646.0,319695.0,319750.0,319797.0,319866.0,319922.0,319973.0,320037.0,320090.0,320174.0,320231.0,320282.0,,320425.0,320492.0,320566.0,320660.0,320720.0,320751.0,320794.0,320840.0,320888.0,320943.0,321010.0,321062.0,321103.0,321158.0,321206.0,321266.0,321319.0,321379.0,321415.0,321453.0,321504.0,321564.0,321608.0,321673.0,321733.0,321770.0,321817.0,321867.0,321922.0,321975.0,322018.0,322068.0,322110.0,322148.0,322186.0,322237.0,322283.0,322320.0,322366.0,322409.0,322442.0,322491.0,322545.0,322587.0,322648.0,322728.0,322805.0,322891.0,322992.0,323112.0,323257.0,323342.0,323475.0,323568.0,323639.0,323707.0,323800.0,323906.0,323993.0,324075.0,324149.0,324210.0,324287.0,324375.0,324478.0,324573.0,324682.0,324811.0,324907.0,325019.0,325117.0,325250.0,325389.0,325530.0,325635.0,325724.0,325828.0,325948.0,326050.0,326145.0,326237.0,326325.0,326386.0,326449.0,326506.0,326576.0,326652.0,326722.0,326793.0,326841.0,326898.0,326969.0,327026.0,327108.0,327173.0,327240.0,327295.0,327355.0,327421.0,327472.0,327541.0,327591.0,327651.0,327702.0,327765.0,327846.0,327924.0,328014.0,328081.0,328149.0,328202.0,328267.0,328346.0,328457
0mgO5kU9Aek,24903.0,24912.0,24920.0,24930.0,24936.0,24939.0,24950.0,24963.0,24975.0,24983.0,24990.0,25004.0,25017.0,25029.0,25033.0,25042.0,25050.0,25056.0,25070.0,25078.0,25085.0,25096.0,25105.0,25108.0,25110.0,25120.0,25127.0,25135.0,25143.0,25155.0,25162.0,25169.0,25181.0,25203.0,25223.0,25237.0,25243.0,25250.0,25257.0,25266.0,25270.0,25277.0,25291.0,25301.0,25313.0,25320.0,25331.0,25344.0,25357.0,25365.0,25374.0,25379.0,25383.0,25389.0,25398.0,25406.0,25421.0,25429.0,25434.0,25436.0,25451.0,25460.0,25475.0,25483.0,25496.0,25509.0,25521.0,25530.0,25542.0,25585.0,25604.0,25614.0,25627.0,25633.0,25640.0,25658.0,25664.0,25674.0,25683.0,25685.0,25687.0,25696.0,25701.0,25715.0,25726.0,25730.0,25735.0,25739.0,25744.0,25749.0,25755.0,25765.0,25772.0,25778.0,25784.0,25791.0,25799.0,25809.0,25821.0,25831.0,25835.0,25840.0,25849.0,25858.0,25862.0,25870.0,25878.0,25884.0,25893.0,25901.0,25905.0,25908.0,25912.0,25917.0,25925.0,25926.0,25934.0,25943.0,25954.0,25961.0,25967.0,25968.0,25974.0,25977.0,25981.0,25986.0,25990.0,25992.0,26000.0,26003.0,26009.0,26015.0,26024.0,26028.0,,,,,,,,,26061.0,26067.0,26073.0,26078.0,26084.0,26090.0,26097.0,26099.0,26105.0,26112.0,26116.0,26119.0,26125.0,26135.0,26140.0,26142.0,26148.0,26155.0,26165.0,26169.0,26171.0,26174.0,26175.0,26181.0,26191.0,26195.0,26199.0,26203.0,26206.0,26206.0,26211.0,26216.0,26217.0,26222.0,26226.0,26233.0,26238.0,26244.0,26247.0,26251.0,26252.0,26258.0,26263.0,26266.0,26273.0,26285.0,26290.0,26299.0,26304.0,26309.0,26315.0,26317.0,26322.0,26329.0,26338.0,26344.0,26347.0,26350.0,26352.0,26362.0,26369.0,26373.0,26380.0,26387.0,26389.0,26393.0,26397.0,26402.0,26405.0,26411.0,26413.0,26418.0,26421.0,26427.0,26433.0,26441.0,26446.0,26453.0,26458.0,26463.0,26465.0,26468.0,26478.0,26484.0,26492.0,26498.0,26505.0,26516.0,26525.0,26531.0,26540.0,26547.0,26562.0,26570.0,26580.0,26586.0,26592.0,26598.0,26609.0,26614.0,26620.0,26626.0,26630.0,26640.0,26653.0,26663.0,26672.0,26678.0,26691.0,26701.0,26713.0,26725.0,26735.0,26744.0,26750.0,26762.0,26776.0,26779.0,26793.0,26802.0,26808.0,,26824.0,26844.0,26858.0,26872.0,26879.0,26889.0,26893.0,26900.0,26914.0,26929.0,26947.0,26957.0,26968.0,26984.0,26992.0,27003.0,27007.0,27023.0,27028.0,27036.0,27045.0,27056.0,27065.0,27078.0,27088.0,27096.0,27110.0,27122.0,27131.0,27141.0,27154.0,27176.0,27183.0,27189.0,27196.0,27210.0,27224.0,27244.0,27258.0,27269.0,27283.0,27294.0,27318.0,27331.0,27350.0,27378.0,27416.0,27447.0,27457.0,27488.0,27539.0,27573.0,27619.0,27664.0,27708.0,27770.0,27818.0,27858.0,27928.0,27976.0,28037.0,28078.0,28107.0,28154.0,28230.0,28318.0,28375.0,28411.0,28454.0,28524.0,28590.0,28661.0,28723.0,28809.0,28849.0,28896.0,28972.0,29049.0,29121.0,29178.0,29246.0,29290.0,29331.0,29367.0,29417.0,29438.0,29465.0,29501.0,29516.0,29540.0,29567.0,29600.0,29637.0,29674.0,29717.0,29752.0,29784.0,29847.0,29901.0,29959.0,29995.0,30028.0,30065.0,30097.0,30124.0,30150.0,30184.0,30208.0,30235.0,30272.0,30309.0,30337.0,30368.0,30421
F75GhdlllgQ,213801.0,213809.0,213817.0,213829.0,213838.0,213843.0,213859.0,213873.0,213878.0,213889.0,213899.0,213907.0,213928.0,213943.0,213955.0,213967.0,213979.0,213997.0,214007.0,214022.0,214032.0,214040.0,214049.0,214066.0,214079.0,214093.0,214105.0,214112.0,214122.0,214129.0,214135.0,214146.0,214154.0,214162.0,214168.0,214179.0,214188.0,214201.0,214210.0,214230.0,214238.0,214246.0,214257.0,214268.0,214276.0,214290.0,214303.0,214314.0,214328.0,214336.0,214352.0,214364.0,214371.0,214379.0,214389.0,214397.0,214407.0,214414.0,214424.0,214437.0,214449.0,214459.0,214472.0,214488.0,214507.0,214514.0,214524.0,214538.0,214549.0,214563.0,214573.0,214585.0,214594.0,214605.0,214615.0,214625.0,214632.0,214648.0,214655.0,214667.0,214695.0,214713.0,214745.0,214760.0,214777.0,214798.0,214817.0,214827.0,214835.0,214846.0,214865.0,214877.0,214885.0,214893.0,214899.0,214918.0,214932.0,214940.0,214945.0,214955.0,214964.0,214969.0,214977.0,214983.0,214987.0,214992.0,215002.0,215010.0,215021.0,215025.0,215030.0,215033.0,215046.0,215055.0,215063.0,215070.0,215083.0,215088.0,215095.0,215100.0,215108.0,215120.0,215126.0,215136.0,215142.0,215150.0,215157.0,215171.0,215179.0,215188.0,215195.0,215202.0,215210.0,215216.0,,,,,,,,,215263.0,215268.0,215280.0,215288.0,215300.0,215316.0,215352.0,215377.0,215398.0,215418.0,215447.0,215456.0,215465.0,215478.0,215487.0,215496.0,215508.0,215520.0,215528.0,215534.0,215539.0,215541.0,215545.0,215553.0,215556.0,215560.0,215568.0,215574.0,215581.0,215588.0,215590.0,215596.0,215603.0,215606.0,215609.0,215616.0,215619.0,215624.0,215628.0,215631.0,215643.0,215650.0,215653.0,215654.0,215663.0,215667.0,215677.0,215684.0,215684.0,215689.0,215692.0,215694.0,215698.0,215700.0,215702.0,215709.0,215712.0,215715.0,215719.0,215741.0,215744.0,215751.0,215755.0,215764.0,215776.0,215780.0,215786.0,215796.0,215805.0,215816.0,215818.0,215828.0,215831.0,215841.0,215846.0,215852.0,215854.0,215858.0,215867.0,215870.0,215876.0,215881.0,215885.0,215888.0,215893.0,215903.0,215912.0,215918.0,215922.0,215927.0,215933.0,215940.0,215949.0,215957.0,215961.0,215968.0,215976.0,215981.0,215988.0,215996.0,216002.0,216014.0,216026.0,216030.0,216036.0,216038.0,216047.0,216052.0,216059.0,216063.0,216074.0,216082.0,216088.0,216092.0,216096.0,216102.0,216104.0,216109.0,216118.0,216124.0,216132.0,,216142.0,216149.0,216152.0,216156.0,216164.0,216170.0,216180.0,216184.0,216198.0,216205.0,216213.0,216218.0,216222.0,216224.0,216228.0,216231.0,216235.0,216238.0,216242.0,216245.0,216247.0,216249.0,216253.0,216256.0,216258.0,216263.0,216272.0,216278.0,216284.0,216291.0,216299.0,216307.0,216311.0,216315.0,216317.0,216324.0,216325.0,216334.0,216342.0,216357.0,216361.0,216365.0,216371.0,216373.0,216377.0,216383.0,216387.0,216390.0,216394.0,216398.0,216406.0,216408.0,216413.0,216417.0,216422.0,216425.0,216428.0,216434.0,216440.0,216442.0,216448.0,216456.0,216466.0,216474.0,216486.0,216491.0,216500.0,216513.0,216524.0,216533.0,216542.0,216548.0,216555.0,216564.0,216572.0,216587.0,216592.0,216593.0,216600.0,216602.0,216604.0,216610.0,216613.0,216620.0,216621.0,216628.0,216635.0,216637.0,216640.0,216645.0,216646.0,216650.0,216654.0,216660.0,216664.0,216666.0,216671.0,216677.0,216681.0,216682.0,216686.0,216691.0,216692.0,216694.0,216697.0,216702.0,216705.0,216711.0,216717.0,216722.0,216724.0,216728.0,216732.0,216740
ygvVAu2FQ2A,14428.0,14429.0,14430.0,14433.0,14434.0,14435.0,14438.0,14444.0,14446.0,14451.0,14455.0,14457.0,14457.0,14460.0,14462.0,14464.0,14464.0,14466.0,14466.0,14472.0,14474.0,14475.0,14476.0,14477.0,14479.0,14481.0,14481.0,14484.0,14484.0,14487.0,14489.0,14493.0,14493.0,14495.0,14495.0,14495.0,14496.0,14497.0,14501.0,14504.0,14506.0,14508.0,14509.0,14511.0,14511.0,14511.0,14512.0,14513.0,14514.0,14518.0,14519.0,14520.0,14521.0,14521.0,14522.0,14526.0,14526.0,14529.0,14532.0,14533.0,14532.0,14532.0,14532.0,14533.0,14535.0,14535.0,14536.0,14536.0,14537.0,14540.0,14541.0,14543.0,14542.0,14544.0,14546.0,14546.0,14548.0,14551.0,14552.0,14553.0,14557.0,14561.0,14562.0,14562.0,14569.0,14574.0,14576.0,14579.0,14587.0,14591.0,14591.0,14592.0,14593.0,14594.0,14596.0,14597.0,14599.0,14600.0,14603.0,14606.0,14609.0,14613.0,14614.0,14616.0,14620.0,14623.0,14624.0,14626.0,14627.0,14631.0,14633.0,14633.0,14634.0,14633.0,14634.0,14636.0,14638.0,14638.0,14639.0,14640.0,14640.0,14641.0,14644.0,14645.0,14645.0,14646.0,14646.0,14646.0,14646.0,14647.0,14648.0,14652.0,14652.0,14652.0,,,,,,,,,14676.0,14677.0,14680.0,14682.0,14686.0,14689.0,14692.0,14693.0,14698.0,14699.0,14703.0,14707.0,14710.0,14714.0,14717.0,14720.0,14724.0,14726.0,14728.0,14729.0,14731.0,14732.0,14739.0,14739.0,14740.0,14741.0,14743.0,14747.0,14750.0,14750.0,14750.0,14752.0,14755.0,14757.0,14759.0,14760.0,14760.0,14760.0,14760.0,14761.0,14762.0,14766.0,14767.0,14767.0,14768.0,14768.0,14770.0,14771.0,14771.0,14771.0,14770.0,14770.0,14772.0,14774.0,14774.0,14775.0,14776.0,14777.0,14779.0,14780.0,14781.0,14783.0,14783.0,14786.0,14791.0,14792.0,14793.0,14793.0,14793.0,14796.0,14798.0,14799.0,14799.0,14805.0,14806.0,14807.0,14809.0,14810.0,14811.0,14811.0,14812.0,14812.0,14812.0,14812.0,14812.0,14812.0,14814.0,14817.0,14817.0,14818.0,14818.0,14818.0,14820.0,14824.0,14828.0,14828.0,14829.0,14829.0,14831.0,14834.0,14835.0,14837.0,14837.0,14841.0,14846.0,14849.0,14853.0,14853.0,14855.0,14855.0,14856.0,14857.0,14857.0,14858.0,14859.0,14860.0,14863.0,14871.0,14883.0,14886.0,14892.0,,14907.0,14910.0,14911.0,14913.0,14913.0,14915.0,14915.0,14915.0,14916.0,14918.0,14924.0,14925.0,14926.0,14926.0,14926.0,14927.0,14929.0,14930.0,14930.0,14931.0,14932.0,14933.0,14933.0,14934.0,14934.0,14935.0,14936.0,14936.0,14938.0,14938.0,14938.0,14938.0,14938.0,14940.0,14940.0,14944.0,14945.0,14945.0,14945.0,14947.0,14949.0,14951.0,14951.0,14952.0,14954.0,14955.0,14956.0,14955.0,14957.0,14960.0,14963.0,14968.0,14972.0,14974.0,14976.0,14977.0,14978.0,14979.0,14980.0,14982.0,14984.0,14984.0,14987.0,14988.0,14989.0,14989.0,14990.0,14990.0,14991.0,14995.0,14997.0,14998.0,15000.0,15003.0,15004.0,15008.0,15008.0,15005.0,15008.0,15008.0,15010.0,15011.0,15010.0,15011.0,15011.0,15012.0,15012.0,15012.0,15014.0,15014.0,15017.0,15017.0,15020.0,15021.0,15022.0,15024.0,15024.0,15025.0,15027.0,15027.0,15028.0,15028.0,15028.0,15028.0,15030.0,15031.0,15032.0,15034.0,15034.0,15034.0,15034.0,15034.0,15034.0,15036
PjKnJjO7DTc,1177743.0,1177818.0,1177905.0,1177998.0,1178076.0,1178146.0,1178210.0,1178363.0,1178432.0,1178518.0,1178613.0,1178723.0,1178790.0,1178871.0,1178944.0,1179018.0,1179091.0,1179175.0,1179226.0,1179265.0,1179305.0,1179363.0,1179429.0,1179478.0,1179535.0,1179602.0,1179655.0,1179696.0,1179745.0,1179826.0,1179875.0,1179932.0,1179980.0,1180041.0,1180090.0,1180153.0,1180202.0,1180277.0,1180344.0,1180382.0,1180438.0,1180483.0,1180543.0,1180598.0,1180645.0,1180689.0,1180751.0,1180801.0,1180858.0,1180916.0,1180970.0,1181035.0,1181094.0,1181137.0,1181192.0,1181247.0,1181305.0,1181346.0,1181408.0,1181459.0,1181509.0,1181544.0,1181587.0,1181647.0,1181710.0,1181760.0,1181833.0,1181897.0,1181940.0,1182002.0,1182046.0,1182083.0,1182134.0,1182182.0,1182229.0,1182270.0,1182316.0,1182362.0,1182393.0,1182435.0,1182475.0,1182504.0,1182538.0,1182559.0,1182579.0,1182611.0,1182651.0,1182686.0,1182724.0,1182756.0,1182781.0,1182816.0,1182854.0,1182884.0,1182921.0,1182950.0,1182985.0,1183016.0,1183045.0,1183068.0,1183098.0,1183126.0,1183156.0,1183187.0,1183215.0,1183232.0,1183256.0,1183280.0,1183311.0,1183351.0,1183371.0,1183399.0,1183433.0,1183454.0,1183493.0,1183520.0,1183549.0,1183576.0,1183600.0,1183633.0,1183656.0,1183693.0,1183719.0,1183752.0,1183769.0,1183805.0,1183844.0,1183898.0,1183939.0,1183973.0,1183997.0,1184035.0,1184063.0,1184100.0,,,,,,,,,1184352.0,1184397.0,1184424.0,1184458.0,1184483.0,1184514.0,1184541.0,1184569.0,1184613.0,1184641.0,1184666.0,1184697.0,1184720.0,1184743.0,1184783.0,1184822.0,1184858.0,1184895.0,1184920.0,1184942.0,1184959.0,1184986.0,1185025.0,1185059.0,1185075.0,1185106.0,1185132.0,1185158.0,1185186.0,1185221.0,1185256.0,1185283.0,1185319.0,1185350.0,1185376.0,1185402.0,1185431.0,1185458.0,1185474.0,1185498.0,1185526.0,1185547.0,1185572.0,1185602.0,1185631.0,1185656.0,1185686.0,1185714.0,1185748.0,1185779.0,1185818.0,1185858.0,1185887.0,1185918.0,1185936.0,1185962.0,1185980.0,1186008.0,1186041.0,1186070.0,1186097.0,1186118.0,1186146.0,1186174.0,1186206.0,1186248.0,1186296.0,1186329.0,1186353.0,1186393.0,1186433.0,1186454.0,1186487.0,1186547.0,1186567.0,1186597.0,1186627.0,1186673.0,1186711.0,1186734.0,1186776.0,1186808.0,1186837.0,1186883.0,1186933.0,1186965.0,1186996.0,1187028.0,1187055.0,1187086.0,1187112.0,1187156.0,1187179.0,1187209.0,1187246.0,1187270.0,1187302.0,1187337.0,1187368.0,1187394.0,1187428.0,1187453.0,1187488.0,1187511.0,1187541.0,1187573.0,1187608.0,1187651.0,1187680.0,1187701.0,1187724.0,1187765.0,1187791.0,1187829.0,1187857.0,1187880.0,1187907.0,1187936.0,1187953.0,1187989.0,1188022.0,,1188082.0,1188110.0,1188165.0,1188190.0,1188222.0,1188256.0,1188295.0,1188318.0,1188354.0,1188376.0,1188397.0,1188424.0,1188457.0,1188481.0,1188509.0,1188542.0,1188583.0,1188623.0,1188658.0,1188691.0,1188730.0,1188774.0,1188824.0,1188874.0,1188907.0,1188940.0,1188979.0,1189015.0,1189036.0,1189058.0,1189092.0,1189120.0,1189148.0,1189181.0,1189207.0,1189229.0,1189258.0,1189295.0,1189334.0,1189371.0,1189412.0,1189444.0,1189480.0,1189508.0,1189543.0,1189581.0,1189614.0,1189644.0,1189683.0,1189701.0,1189727.0,1189751.0,1189784.0,1189826.0,1189858.0,1189889.0,1189926.0,1189955.0,1189978.0,1190004.0,1190043.0,1190072.0,1190103.0,1190136.0,1190159.0,1190188.0,1190228.0,1190263.0,1190302.0,1190344.0,1190388.0,1190407.0,1190436.0,1190463.0,1190491.0,1190533.0,1190567.0,1190592.0,1190623.0,1190679.0,1190723.0,1190791.0,1190847.0,1190919.0,1191022.0,1191125.0,1191240.0,1191361.0,1191490.0,1191560.0,1191666.0,1191719.0,1191813.0,1191873.0,1191923.0,1191999.0,1192067.0,1192113.0,1192175.0,1192226.0,1192280.0,1192326.0,1192380.0,1192409.0,1192467.0,1192517.0,1192552.0,1192602.0,1192646.0,1192688.0,1192743.0,1192792.0,1192828.0,1192889
Ai3r83XAhKo,819388.0,819442.0,819501.0,819571.0,819636.0,819687.0,819757.0,819807.0,819853.0,819910.0,819980.0,820037.0,820100.0,820156.0,820226.0,820320.0,820406.0,820464.0,820530.0,820599.0,820688.0,820749.0,820822.0,820896.0,820966.0,821033.0,821139.0,821260.0,821373.0,821469.0,821561.0,821645.0,821728.0,821802.0,821873.0,821924.0,821989.0,822096.0,822189.0,822245.0,822340.0,822425.0,822559.0,822687.0,822803.0,822903.0,822985.0,823095.0,823177.0,823289.0,823381.0,823485.0,823570.0,823626.0,823713.0,823820.0,823890.0,823971.0,824026.0,824105.0,824239.0,824439.0,824541.0,824661.0,824773.0,824863.0,824927.0,825019.0,825114.0,825226.0,825324.0,825409.0,825506.0,825592.0,825643.0,825708.0,825797.0,825869.0,825934.0,826004.0,826074.0,826149.0,826205.0,826274.0,826346.0,826440.0,826492.0,826567.0,826645.0,826718.0,826776.0,826831.0,826894.0,826953.0,827004.0,827056.0,827100.0,827150.0,827216.0,827280.0,827344.0,827406.0,827465.0,827518.0,827593.0,827647.0,827706.0,827791.0,827861.0,827924.0,827979.0,828064.0,828135.0,828190.0,828263.0,828348.0,828412.0,828477.0,828526.0,828577.0,828620.0,828665.0,828719.0,828767.0,828821.0,828887.0,828945.0,828994.0,829041.0,829114.0,829167.0,829243.0,829319.0,829377.0,,,,,,,,,829851.0,829921.0,829979.0,830043.0,830122.0,830199.0,830274.0,830358.0,830444.0,830524.0,830573.0,830671.0,830756.0,830841.0,830928.0,831014.0,831072.0,831162.0,831224.0,831286.0,831342.0,831410.0,831472.0,831540.0,831589.0,831642.0,831694.0,831763.0,831814.0,831869.0,831921.0,831976.0,832047.0,832124.0,832193.0,832274.0,832333.0,832398.0,832453.0,832511.0,832577.0,832650.0,832730.0,832863.0,832969.0,833048.0,833176.0,833310.0,833408.0,833521.0,833616.0,833711.0,833781.0,833867.0,833934.0,833992.0,834081.0,834194.0,834366.0,834507.0,834625.0,834705.0,834860.0,835012.0,835137.0,835245.0,835402.0,835562.0,835665.0,835799.0,835986.0,836186.0,836352.0,836566.0,836767.0,836942.0,837114.0,837278.0,837429.0,837586.0,837813.0,837981.0,838198.0,838374.0,838565.0,838732.0,838894.0,839083.0,839229.0,839433.0,839568.0,839687.0,839778.0,839874.0,839940.0,840009.0,840075.0,840151.0,840218.0,840278.0,840351.0,840428.0,840494.0,840566.0,840643.0,840692.0,840753.0,840811.0,840868.0,840932.0,841000.0,841055.0,841109.0,841162.0,841209.0,841268.0,841340.0,841390.0,841437.0,841487.0,841557.0,,841666.0,841721.0,841789.0,841852.0,841929.0,841990.0,842038.0,842103.0,842156.0,842216.0,842257.0,842305.0,842351.0,842395.0,842451.0,842503.0,842558.0,842619.0,842684.0,842744.0,842799.0,842852.0,842904.0,842953.0,842995.0,843058.0,843121.0,843180.0,843230.0,843282.0,843342.0,843397.0,843455.0,843515.0,843572.0,843643.0,843707.0,843755.0,843810.0,843858.0,843906.0,843954.0,844013.0,844054.0,844110.0,844156.0,844212.0,844265.0,844314.0,844365.0,844416.0,844471.0,844523.0,844570.0,844614.0,844654.0,844708.0,844760.0,844806.0,844849.0,844903.0,844936.0,844965.0,845014.0,845058.0,845098.0,845146.0,845187.0,845226.0,845267.0,845310.0,845352.0,845377.0,845429.0,845477.0,845532.0,845612.0,845705.0,845776.0,845844.0,845929.0,846017.0,846097.0,846152.0,846234.0,846311.0,846386.0,846512.0,846588.0,846654.0,846721.0,846789.0,846839.0,846893.0,846974.0,847036.0,847111.0,847188.0,847248.0,847301.0,847360.0,847400.0,847470.0,847523.0,847583.0,847660.0,847726.0,847788.0,847861.0,847928.0,847971.0,848034.0,848085.0,848157
tvOc74XN5IU,77647.0,77733.0,77833.0,77940.0,78029.0,78101.0,78195.0,78285.0,78386.0,78492.0,78585.0,78683.0,78809.0,78911.0,79015.0,79107.0,79220.0,79301.0,79389.0,79498.0,79604.0,79692.0,79819.0,79942.0,80046.0,80159.0,80287.0,80390.0,80505.0,80625.0,80761.0,80861.0,80950.0,81045.0,81156.0,81267.0,81356.0,81440.0,81524.0,81622.0,81701.0,81803.0,81917.0,82030.0,82117.0,82204.0,82277.0,82370.0,82472.0,82562.0,82679.0,82772.0,82887.0,82990.0,83090.0,83163.0,83260.0,83342.0,83430.0,83492.0,83554.0,83636.0,83698.0,83781.0,83856.0,83917.0,83983.0,84046.0,84102.0,84186.0,84256.0,84339.0,84411.0,84473.0,84599.0,84689.0,84824.0,84924.0,85038.0,85159.0,85217.0,85327.0,85442.0,85521.0,85625.0,85736.0,85806.0,85886.0,85970.0,86049.0,86177.0,86290.0,86429.0,86546.0,86675.0,86814.0,86938.0,87057.0,87169.0,87327.0,87465.0,87573.0,87703.0,87848.0,87985.0,88134.0,88272.0,88378.0,88451.0,88553.0,88671.0,88787.0,88898.0,89004.0,89126.0,89212.0,89325.0,89414.0,89554.0,89674.0,89811.0,89892.0,89978.0,90065.0,90178.0,90286.0,90414.0,90622.0,90761.0,90907.0,91065.0,91221.0,91350.0,91561.0,,,,,,,,,93624.0,93792.0,93947.0,94121.0,94258.0,94398.0,94489.0,94577.0,94692.0,94860.0,95012.0,95205.0,95398.0,95599.0,95779.0,95917.0,96082.0,96256.0,96400.0,96583.0,96717.0,96799.0,96868.0,96992.0,97145.0,97321.0,97428.0,97540.0,97635.0,97724.0,97839.0,97946.0,98082.0,98217.0,98321.0,98393.0,98452.0,98556.0,98663.0,98767.0,98874.0,99026.0,99129.0,99198.0,99299.0,99432.0,99582.0,99696.0,99835.0,99937.0,100035.0,100152.0,100270.0,100409.0,100512.0,100617.0,100705.0,100776.0,100854.0,100953.0,101047.0,101122.0,101197.0,101279.0,101335.0,101453.0,101543.0,101648.0,101712.0,101811.0,101913.0,101985.0,102075.0,102191.0,102303.0,102434.0,102601.0,102735.0,102863.0,103031.0,103225.0,103371.0,103521.0,103685.0,103819.0,103938.0,104067.0,104184.0,104325.0,104418.0,104532.0,104619.0,104712.0,104790.0,104902.0,105032.0,105157.0,105272.0,105381.0,105492.0,105609.0,105683.0,105792.0,105902.0,105996.0,106095.0,106219.0,106311.0,106429.0,106541.0,106650.0,106753.0,106822.0,106873.0,106937.0,106997.0,107053.0,107130.0,107232.0,107293.0,107335.0,,107492.0,107580.0,107658.0,107726.0,107756.0,107804.0,107853.0,107925.0,107987.0,108047.0,108093.0,108132.0,108190.0,108258.0,108323.0,108373.0,108420.0,108486.0,108546.0,108596.0,108640.0,108707.0,108783.0,108885.0,108965.0,109063.0,109139.0,109228.0,109322.0,109418.0,109510.0,109603.0,109693.0,109764.0,109825.0,109898.0,109992.0,110067.0,110126.0,110179.0,110227.0,110287.0,110329.0,110374.0,110414.0,110541.0,110707.0,110850.0,111051.0,111288.0,111484.0,111572.0,111740.0,111837.0,111919.0,112014.0,112127.0,112212.0,112290.0,112397.0,112485.0,112532.0,112602.0,112661.0,112766.0,112857.0,112967.0,113068.0,113151.0,113238.0,113305.0,113398.0,113513.0,113636.0,113726.0,113810.0,113915.0,114014.0,114103.0,114208.0,114299.0,114369.0,114437.0,114491.0,114570.0,114680.0,114741.0,114788.0,114848.0,114890.0,114929.0,114980.0,115028.0,115084.0,115135.0,115186.0,115241.0,115336.0,115406.0,115455.0,115502.0,115546.0,115593.0,115643.0,115694.0,115745.0,115792.0,115854.0,115899.0,115964.0,116005.0,116069.0,116130.0,116195
n5sbFWyTqg0,20889.0,20895.0,20900.0,20915.0,20920.0,20929.0,20939.0,20950.0,20954.0,20955.0,20966.0,20974.0,20984.0,20993.0,21000.0,21005.0,21015.0,21024.0,21030.0,21034.0,21041.0,21047.0,21056.0,21057.0,21060.0,21064.0,21070.0,21078.0,21085.0,21090.0,21096.0,21102.0,21110.0,21120.0,21122.0,21125.0,21128.0,21132.0,21136.0,21142.0,21151.0,21154.0,21161.0,21165.0,21171.0,21176.0,21183.0,21191.0,21197.0,21200.0,21207.0,21216.0,21223.0,21231.0,21237.0,21242.0,21248.0,21253.0,21259.0,21263.0,21274.0,21281.0,21292.0,21300.0,21306.0,21315.0,21320.0,21332.0,21335.0,21345.0,21352.0,21358.0,21363.0,21369.0,21375.0,21383.0,21391.0,21396.0,21400.0,21404.0,21407.0,21409.0,21421.0,21428.0,21437.0,21446.0,21452.0,21461.0,21464.0,21467.0,21482.0,21487.0,21495.0,21500.0,21506.0,21519.0,21527.0,21539.0,21547.0,21564.0,21572.0,21578.0,21592.0,21597.0,21609.0,21617.0,21622.0,21636.0,21644.0,21651.0,21658.0,21674.0,21682.0,21694.0,21713.0,21724.0,21734.0,21752.0,21777.0,21799.0,21810.0,21824.0,21837.0,21845.0,21855.0,21865.0,21873.0,21878.0,21885.0,21893.0,21902.0,21917.0,21930.0,21947.0,,,,,,,,,22043.0,22052.0,22059.0,22068.0,22081.0,22090.0,22102.0,22106.0,22114.0,22117.0,22128.0,22132.0,22143.0,22151.0,22159.0,22162.0,22175.0,22190.0,22204.0,22213.0,22220.0,22231.0,22242.0,22247.0,22257.0,22269.0,22274.0,22278.0,22285.0,22288.0,22298.0,22299.0,22300.0,22307.0,22318.0,22322.0,22325.0,22332.0,22339.0,22343.0,22349.0,22356.0,22363.0,22368.0,22375.0,22386.0,22397.0,22405.0,22410.0,22416.0,22424.0,22434.0,22443.0,22450.0,22463.0,22472.0,22476.0,22484.0,22486.0,22489.0,22494.0,22500.0,22502.0,22507.0,22515.0,22522.0,22540.0,22548.0,22555.0,22562.0,22568.0,22573.0,22576.0,22583.0,22594.0,22606.0,22614.0,22620.0,22628.0,22642.0,22659.0,22668.0,22676.0,22682.0,22687.0,22695.0,22700.0,22707.0,22713.0,22722.0,22732.0,22738.0,22743.0,22748.0,22752.0,22763.0,22781.0,22785.0,22789.0,22797.0,22802.0,22808.0,22821.0,22834.0,22844.0,22849.0,22853.0,22864.0,22875.0,22886.0,22896.0,22906.0,22913.0,22919.0,22930.0,22940.0,22949.0,22961.0,22972.0,22985.0,22996.0,,23020.0,23036.0,23046.0,23052.0,23059.0,23065.0,23069.0,23073.0,23081.0,23088.0,23104.0,23113.0,23117.0,23120.0,23126.0,23131.0,23138.0,23148.0,23159.0,23165.0,23181.0,23190.0,23200.0,23212.0,23222.0,23233.0,23241.0,23253.0,23259.0,23270.0,23283.0,23298.0,23310.0,23316.0,23323.0,23332.0,23336.0,23343.0,23361.0,23371.0,23375.0,23385.0,23393.0,23404.0,23411.0,23416.0,23433.0,23438.0,23449.0,23458.0,23468.0,23476.0,23486.0,23498.0,23507.0,23520.0,23535.0,23552.0,23565.0,23580.0,23595.0,23612.0,23627.0,23641.0,23664.0,23689.0,23705.0,23723.0,23744.0,23761.0,23773.0,23791.0,23809.0,23828.0,23845.0,23854.0,23873.0,23901.0,23923.0,23961.0,23976.0,23992.0,24006.0,24017.0,24030.0,24045.0,24058.0,24076.0,24091.0,24104.0,24114.0,24126.0,24140.0,24150.0,24166.0,24177.0,24186.0,24196.0,24211.0,24226.0,24239.0,24249.0,24260.0,24268.0,24278.0,24295.0,24309.0,24323.0,24330.0,24352.0,24373.0,24386.0,24397.0,24408
JJPZTnxQpcM,44823.0,44850.0,44870.0,44893.0,44911.0,44937.0,44967.0,44984.0,45002.0,45016.0,45036.0,45055.0,45080.0,45101.0,45121.0,45141.0,45164.0,45184.0,45211.0,45225.0,45250.0,45275.0,45293.0,45304.0,45322.0,45338.0,45364.0,45383.0,45401.0,45421.0,45452.0,45471.0,45513.0,45539.0,45560.0,45586.0,45616.0,45653.0,45675.0,45703.0,45728.0,45758.0,45787.0,45803.0,45817.0,45831.0,45855.0,45877.0,45929.0,45965.0,45990.0,46010.0,46046.0,46074.0,46095.0,46127.0,46162.0,46191.0,46209.0,46224.0,46243.0,46257.0,46278.0,46299.0,46318.0,46333.0,46352.0,46383.0,46412.0,46436.0,46473.0,46501.0,46521.0,46531.0,46549.0,46580.0,46603.0,46614.0,46633.0,46658.0,46669.0,46682.0,46699.0,46728.0,46756.0,46795.0,46825.0,46844.0,46869.0,46891.0,46911.0,46929.0,46951.0,46968.0,46991.0,47005.0,47034.0,47056.0,47068.0,47081.0,47090.0,47110.0,47131.0,47156.0,47176.0,47201.0,47231.0,47273.0,47300.0,47324.0,47344.0,47362.0,47382.0,47407.0,47435.0,47452.0,47475.0,47501.0,47530.0,47556.0,47573.0,47598.0,47621.0,47646.0,47655.0,47667.0,47684.0,47709.0,47728.0,47753.0,47775.0,47794.0,47812.0,47833.0,,,,,,,,,48069.0,48096.0,48117.0,48134.0,48146.0,48165.0,48176.0,48191.0,48203.0,48219.0,48236.0,48257.0,48274.0,48290.0,48301.0,48307.0,48322.0,48339.0,48347.0,48360.0,48376.0,48385.0,48398.0,48415.0,48432.0,48443.0,48450.0,48460.0,48480.0,48487.0,48499.0,48521.0,48541.0,48560.0,48572.0,48583.0,48597.0,48613.0,48628.0,48642.0,48651.0,48662.0,48675.0,48690.0,48704.0,48720.0,48733.0,48748.0,48783.0,48800.0,48821.0,48851.0,48888.0,48909.0,48937.0,48970.0,48989.0,49016.0,49037.0,49056.0,49103.0,49122.0,49144.0,49159.0,49184.0,49215.0,49241.0,49262.0,49278.0,49301.0,49317.0,49338.0,49355.0,49370.0,49396.0,49418.0,49445.0,49467.0,49485.0,49501.0,49529.0,49576.0,49602.0,49649.0,49664.0,49680.0,49694.0,49710.0,49729.0,49744.0,49760.0,49781.0,49803.0,49821.0,49836.0,49854.0,49876.0,49882.0,49894.0,49905.0,49929.0,49945.0,49973.0,49995.0,50014.0,50040.0,50064.0,50086.0,50100.0,50130.0,50156.0,50182.0,50206.0,50223.0,50238.0,50265.0,50296.0,50308.0,50328.0,50422.0,50484.0,,50540.0,50562.0,50600.0,50741.0,50794.0,50813.0,50836.0,50860.0,50891.0,50930.0,50961.0,50987.0,51006.0,51196.0,51215.0,51234.0,51202.0,51244.0,51283.0,51302.0,51339.0,51363.0,51378.0,51397.0,51468.0,51590.0,51603.0,51615.0,51631.0,51663.0,51679.0,51727.0,51771.0,51787.0,51805.0,51961.0,52061.0,52033.0,52060.0,52080.0,52122.0,52152.0,52238.0,52258.0,52275.0,52349.0,52360.0,52383.0,52407.0,52455.0,52475.0,52708.0,52733.0,52845.0,52869.0,52895.0,52954.0,52979.0,53004.0,53057.0,53093.0,53131.0,53263.0,53307.0,53410.0,53474.0,53508.0,53538.0,53559.0,53598.0,53643.0,53681.0,53722.0,53764.0,53801.0,53845.0,53882.0,53926.0,53979.0,54039.0,54087.0,54132.0,54177.0,54307.0,54364.0,54420.0,54485.0,54575.0,54642.0,54698.0,54757.0,54834.0,54906.0,54973.0,55079.0,55147.0,55218.0,55319.0,55431.0,55557.0,55627.0,55694.0,55770.0,55846.0,55950.0,56055.0,56160.0,56256.0,56336.0,56428.0,56502.0,56567.0,56643.0,56711
EAIfR0kPIpo,69283.0,69372.0,69494.0,69655.0,69782.0,69927.0,70037.0,70176.0,70311.0,70412.0,70527.0,70638.0,70759.0,70873.0,70989.0,71173.0,71294.0,71403.0,71559.0,71716.0,71869.0,71996.0,72146.0,72396.0,72634.0,72971.0,73182.0,73403.0,73656.0,73941.0,74151.0,74340.0,74494.0,74638.0,74806.0,74977.0,75166.0,75334.0,75476.0,75593.0,75726.0,75851.0,75969.0,76067.0,76197.0,76301.0,76430.0,76546.0,76665.0,76768.0,76890.0,76998.0,77093.0,77185.0,77259.0,77363.0,77455.0,77528.0,77599.0,77688.0,77771.0,77857.0,77964.0,78063.0,78163.0,78257.0,78332.0,78413.0,78480.0,78590.0,78649.0,78704.0,78770.0,78860.0,78935.0,79000.0,79073.0,79166.0,79250.0,79305.0,79360.0,79469.0,79546.0,79625.0,79732.0,79823.0,79926.0,79979.0,80065.0,80133.0,80201.0,80286.0,80376.0,80432.0,80476.0,80524.0,80610.0,80666.0,80747.0,80832.0,80926.0,81003.0,81080.0,81161.0,81242.0,81304.0,81362.0,81450.0,81514.0,81584.0,81638.0,81706.0,81778.0,81844.0,81924.0,81969.0,82038.0,82118.0,82189.0,82276.0,82333.0,82415.0,82502.0,82572.0,82707.0,82889.0,82979.0,83040.0,83091.0,83124.0,83158.0,83193.0,83251.0,83295.0,,,,,,,,,83583.0,83609.0,83638.0,83677.0,83710.0,83744.0,83777.0,83814.0,83850.0,83889.0,83929.0,83974.0,84017.0,84056.0,84094.0,84120.0,84158.0,84207.0,84241.0,84276.0,84296.0,84327.0,84356.0,84372.0,84405.0,84436.0,84461.0,84495.0,84526.0,84551.0,84577.0,84600.0,84630.0,84657.0,84694.0,84712.0,84734.0,84765.0,84804.0,84825.0,84850.0,84882.0,84912.0,84933.0,84958.0,84985.0,85008.0,85034.0,85056.0,85091.0,85111.0,85139.0,85160.0,85202.0,85241.0,85285.0,85319.0,85344.0,85371.0,85395.0,85430.0,85464.0,85503.0,85524.0,85548.0,85582.0,85611.0,85640.0,85667.0,85688.0,85707.0,85733.0,85767.0,85800.0,85840.0,85886.0,85925.0,85949.0,85970.0,86002.0,86038.0,86079.0,86098.0,86130.0,86161.0,86180.0,86204.0,86230.0,86266.0,86288.0,86315.0,86338.0,86367.0,86395.0,86413.0,86451.0,86474.0,86504.0,86542.0,86565.0,86597.0,86625.0,86666.0,86697.0,86743.0,86776.0,86798.0,86825.0,86850.0,86873.0,86910.0,86941.0,86972.0,86992.0,87011.0,87034.0,87059.0,87077.0,87098.0,87127.0,87146.0,,87191.0,87212.0,87226.0,87253.0,87276.0,87292.0,87304.0,87323.0,87343.0,87360.0,87376.0,87391.0,87407.0,87426.0,87443.0,87470.0,87486.0,87514.0,87536.0,87553.0,87568.0,87587.0,87601.0,87619.0,87635.0,87655.0,87679.0,87692.0,87711.0,87727.0,87745.0,87761.0,87776.0,87790.0,87802.0,87815.0,87834.0,87858.0,87877.0,87889.0,87904.0,87922.0,87940.0,87959.0,87981.0,87997.0,88022.0,88064.0,88096.0,88132.0,88159.0,88188.0,88223.0,88241.0,88263.0,88282.0,88303.0,88345.0,88370.0,88400.0,88421.0,88442.0,88470.0,88493.0,88518.0,88544.0,88561.0,88593.0,88618.0,88638.0,88655.0,88685.0,88706.0,88726.0,88749.0,88769.0,88784.0,88814.0,88836.0,88867.0,88897.0,88928.0,88956.0,88995.0,89029.0,89053.0,89076.0,89102.0,89123.0,89131.0,89147.0,89170.0,89193.0,89208.0,89232.0,89258.0,89271.0,89293.0,89316.0,89349.0,89368.0,89385.0,89413.0,89428.0,89449.0,89491.0,89518.0,89552.0,89588.0,89610.0,89642.0,89673.0,89714.0,89755
3J-ynGYWHsE,783298.0,783502.0,783795.0,784023.0,784297.0,784554.0,784807.0,785035.0,785272.0,785526.0,785753.0,785984.0,786241.0,786535.0,786765.0,787007.0,787223.0,787417.0,787614.0,787815.0,788006.0,788224.0,788444.0,788646.0,788919.0,789145.0,789409.0,789613.0,789857.0,790088.0,790305.0,790523.0,790720.0,790959.0,791202.0,791454.0,791716.0,791938.0,792128.0,792293.0,792470.0,792662.0,792871.0,793038.0,793200.0,793351.0,793545.0,793731.0,793910.0,794078.0,794245.0,794397.0,794540.0,794686.0,794871.0,795028.0,795185.0,795351.0,795485.0,795626.0,795774.0,795930.0,796075.0,796248.0,796416.0,796546.0,796693.0,796841.0,797007.0,797229.0,797404.0,797576.0,797760.0,797919.0,798095.0,798225.0,798358.0,798531.0,798681.0,798847.0,798990.0,799138.0,799273.0,799433.0,799559.0,799700.0,799841.0,799982.0,800096.0,800224.0,800331.0,800457.0,800597.0,800724.0,800863.0,800990.0,801111.0,801207.0,801317.0,801443.0,801576.0,801682.0,801788.0,801910.0,802011.0,802152.0,802254.0,802345.0,802478.0,802599.0,802715.0,802848.0,802973.0,803104.0,803231.0,803333.0,803452.0,803578.0,803705.0,803884.0,804020.0,804172.0,804308.0,804430.0,804561.0,804707.0,804844.0,805005.0,805155.0,805293.0,805461.0,805594.0,805751.0,805895.0,,,,,,,,,807207.0,807387.0,807489.0,807616.0,807759.0,807903.0,808057.0,808203.0,808343.0,808460.0,808617.0,808808.0,808972.0,809158.0,809338.0,809472.0,809625.0,809806.0,809953.0,810070.0,810212.0,810342.0,810479.0,810618.0,810756.0,810923.0,811125.0,811271.0,811428.0,811572.0,811750.0,811942.0,812091.0,812236.0,812399.0,812529.0,812662.0,812791.0,812970.0,813140.0,813311.0,813470.0,813644.0,813769.0,813901.0,814028.0,814171.0,814298.0,814444.0,814577.0,814699.0,814817.0,814954.0,815083.0,815213.0,815315.0,815432.0,815547.0,815656.0,815768.0,815871.0,815971.0,816048.0,816152.0,816245.0,816354.0,816460.0,816576.0,816682.0,816791.0,816908.0,817009.0,817121.0,817230.0,817343.0,817429.0,817531.0,817641.0,817769.0,817895.0,818001.0,818131.0,818260.0,818389.0,818512.0,818622.0,818734.0,818849.0,818973.0,819081.0,819189.0,819269.0,819351.0,819458.0,819570.0,819669.0,819782.0,819895.0,819998.0,820081.0,820195.0,820309.0,820434.0,820561.0,820660.0,820773.0,820871.0,820956.0,821072.0,821166.0,821269.0,821365.0,821450.0,821536.0,821647.0,821740.0,821823.0,821930.0,822041.0,822175.0,822295.0,,822489.0,822607.0,822727.0,822838.0,822950.0,823053.0,823155.0,823275.0,823367.0,823475.0,823606.0,823727.0,823828.0,823946.0,824047.0,824162.0,824268.0,824371.0,824475.0,824577.0,824679.0,824790.0,824882.0,824991.0,825078.0,825165.0,825240.0,825338.0,825506.0,825616.0,825690.0,825780.0,825867.0,825968.0,826044.0,826163.0,826265.0,826346.0,826444.0,826523.0,826620.0,826691.0,826768.0,826875.0,826967.0,827050.0,827154.0,827245.0,827325.0,827415.0,827479.0,827585.0,827681.0,827777.0,827864.0,827944.0,828046.0,828114.0,828184.0,828257.0,828327.0,828421.0,828498.0,828563.0,828664.0,828738.0,828810.0,828895.0,828965.0,829018.0,829107.0,829168.0,829257.0,829323.0,829407.0,829478.0,829556.0,829633.0,829735.0,829805.0,829894.0,829982.0,830076.0,830184.0,830268.0,830363.0,830446.0,830545.0,830645.0,830738.0,830831.0,830908.0,831003.0,831102.0,831193.0,831281.0,831386.0,831497.0,831604.0,831682.0,831784.0,831874.0,831966.0,832052.0,832123.0,832204.0,832272.0,832378.0,832490.0,832574.0,832672.0,832758.0,832853.0,832933
1QnueUEoPB4,43996.0,44012.0,44030.0,44051.0,44066.0,44084.0,44095.0,44108.0,44115.0,44129.0,44151.0,44163.0,44184.0,44192.0,44203.0,44215.0,44228.0,44239.0,44256.0,44266.0,44283.0,44291.0,44302.0,44320.0,44332.0,44339.0,44347.0,44359.0,44374.0,44399.0,44414.0,44426.0,44442.0,44454.0,44466.0,44480.0,44497.0,44508.0,44520.0,44537.0,44551.0,44565.0,44576.0,44584.0,44596.0,44608.0,44624.0,44631.0,44648.0,44662.0,44673.0,44682.0,44690.0,44708.0,44725.0,44740.0,44756.0,44767.0,44775.0,44787.0,44801.0,44815.0,44827.0,44838.0,44854.0,44863.0,44873.0,44889.0,44896.0,44911.0,44926.0,44933.0,44949.0,44962.0,44977.0,44986.0,44992.0,44998.0,45009.0,45017.0,45023.0,45041.0,45053.0,45058.0,45071.0,45075.0,45094.0,45102.0,45113.0,45125.0,45136.0,45145.0,45162.0,45178.0,45195.0,45209.0,45218.0,45224.0,45230.0,45238.0,45252.0,45271.0,45287.0,45300.0,45306.0,45314.0,45325.0,45332.0,45339.0,45354.0,45366.0,45376.0,45391.0,45401.0,45407.0,45419.0,45438.0,45448.0,45463.0,45482.0,45497.0,45507.0,45517.0,45539.0,45551.0,45567.0,45578.0,45587.0,45593.0,45602.0,45616.0,45629.0,45643.0,45656.0,,,,,,,,,45755.0,45757.0,45772.0,45781.0,45797.0,45808.0,45823.0,45830.0,45850.0,45859.0,45875.0,45883.0,45892.0,45903.0,45919.0,45933.0,45954.0,45955.0,45983.0,45989.0,45994.0,46005.0,46022.0,46034.0,46046.0,46066.0,46088.0,46108.0,46118.0,46125.0,46141.0,46158.0,46175.0,46182.0,46202.0,46210.0,46222.0,46239.0,46254.0,46271.0,46280.0,46294.0,46305.0,46317.0,46335.0,46341.0,46358.0,46373.0,46381.0,46395.0,46401.0,46408.0,46422.0,46429.0,46440.0,46453.0,46459.0,46467.0,46475.0,46488.0,46493.0,46498.0,46506.0,46512.0,46516.0,46524.0,46536.0,46542.0,46550.0,46556.0,46569.0,46576.0,46580.0,46592.0,46607.0,46624.0,46638.0,46647.0,46655.0,46662.0,46671.0,46678.0,46689.0,46698.0,46710.0,46719.0,46730.0,46740.0,46750.0,46765.0,46771.0,46778.0,46782.0,46785.0,46790.0,46797.0,46813.0,46821.0,46827.0,46834.0,46838.0,46844.0,46858.0,46874.0,46884.0,46900.0,46904.0,46912.0,46922.0,46937.0,46951.0,46961.0,46967.0,46973.0,46981.0,46993.0,46999.0,47011.0,47021.0,47029.0,47037.0,,47061.0,47073.0,47079.0,47088.0,47095.0,47105.0,47112.0,47122.0,47131.0,47143.0,47156.0,47169.0,47180.0,47193.0,47201.0,47213.0,47224.0,47241.0,47255.0,47276.0,47290.0,47300.0,47311.0,47324.0,47334.0,47344.0,47352.0,47363.0,47369.0,47373.0,47380.0,47386.0,47391.0,47401.0,47414.0,47419.0,47429.0,47435.0,47439.0,47453.0,47465.0,47476.0,47490.0,47496.0,47505.0,47514.0,47527.0,47547.0,47562.0,47573.0,47580.0,47587.0,47593.0,47607.0,47615.0,47624.0,47632.0,47645.0,47657.0,47670.0,47687.0,47694.0,47703.0,47714.0,47725.0,47739.0,47750.0,47764.0,47774.0,47786.0,47793.0,47803.0,47811.0,47826.0,47833.0,47842.0,47852.0,47870.0,47882.0,47890.0,47910.0,47930.0,47936.0,47948.0,47956.0,47966.0,47971.0,47983.0,47999.0,48003.0,48008.0,48013.0,48023.0,48031.0,48037.0,48044.0,48053.0,48066.0,48080.0,48089.0,48097.0,48108.0,48116.0,48121.0,48125.0,48135.0,48143.0,48155.0,48164.0,48170.0,48181.0,48197.0,48208.0,48218
vaJtJFimLWQ,42553.0,42571.0,42590.0,42602.0,42621.0,42628.0,42636.0,42651.0,42661.0,42668.0,42679.0,42682.0,42690.0,42704.0,42720.0,42731.0,42739.0,42751.0,42758.0,42765.0,42778.0,42796.0,42813.0,42827.0,42837.0,42848.0,42858.0,42870.0,42887.0,42901.0,42909.0,42915.0,42922.0,42926.0,42928.0,42935.0,42945.0,42961.0,42973.0,42990.0,43001.0,43006.0,43020.0,43029.0,43044.0,43052.0,43059.0,43069.0,43078.0,43090.0,43091.0,43101.0,43112.0,43119.0,43128.0,43136.0,43148.0,43160.0,43172.0,43179.0,43196.0,43204.0,43211.0,43217.0,43225.0,43235.0,43251.0,43265.0,43273.0,43292.0,43305.0,43317.0,43323.0,43337.0,43346.0,43357.0,43366.0,43377.0,43385.0,43396.0,43403.0,43418.0,43425.0,43435.0,43443.0,43454.0,43462.0,43472.0,43488.0,43505.0,43517.0,43529.0,43533.0,43546.0,43553.0,43568.0,43585.0,43593.0,43607.0,43634.0,43651.0,43671.0,43688.0,43701.0,43712.0,43723.0,43732.0,43742.0,43756.0,43761.0,43771.0,43790.0,43803.0,43811.0,43823.0,43838.0,43849.0,43860.0,43868.0,43873.0,43889.0,43903.0,43914.0,43924.0,43941.0,43949.0,43963.0,43968.0,43973.0,43979.0,43981.0,43988.0,43993.0,44004.0,,,,,,,,,44085.0,44094.0,44107.0,44118.0,44124.0,44141.0,44158.0,44168.0,44183.0,44189.0,44199.0,44206.0,44210.0,44216.0,44226.0,44238.0,44241.0,44254.0,44263.0,44273.0,44277.0,44279.0,44280.0,44288.0,44298.0,44312.0,44330.0,44338.0,44353.0,44362.0,44374.0,44388.0,44400.0,44418.0,44428.0,44440.0,44450.0,44469.0,44488.0,44498.0,44509.0,44513.0,44523.0,44530.0,44531.0,44538.0,44542.0,44549.0,44563.0,44571.0,44583.0,44598.0,44607.0,44619.0,44631.0,44643.0,44652.0,44659.0,44666.0,44675.0,44680.0,44686.0,44692.0,44696.0,44700.0,44706.0,44712.0,44720.0,44730.0,44739.0,44743.0,44751.0,44756.0,44760.0,44769.0,44777.0,44778.0,44787.0,44792.0,44798.0,44810.0,44816.0,44824.0,44835.0,44842.0,44849.0,44854.0,44865.0,44879.0,44888.0,44893.0,44903.0,44910.0,44912.0,44918.0,44923.0,44931.0,44935.0,44941.0,44949.0,44959.0,44967.0,44979.0,44985.0,44989.0,45002.0,45011.0,45018.0,45026.0,45041.0,45049.0,45055.0,45077.0,45086.0,45095.0,45103.0,45112.0,45121.0,45134.0,45149.0,45162.0,,45180.0,45181.0,45187.0,45189.0,45194.0,45198.0,45199.0,45202.0,45203.0,45205.0,45212.0,45218.0,45223.0,45229.0,45233.0,45238.0,45248.0,45261.0,45272.0,45282.0,45290.0,45299.0,45303.0,45308.0,45316.0,45321.0,45325.0,45335.0,45343.0,45349.0,45356.0,45363.0,45366.0,45373.0,45377.0,45392.0,45401.0,45415.0,45429.0,45434.0,45439.0,45453.0,45472.0,45477.0,45485.0,45494.0,45512.0,45532.0,45547.0,45559.0,45570.0,45583.0,45595.0,45602.0,45609.0,45617.0,45630.0,45635.0,45643.0,45650.0,45660.0,45664.0,45675.0,45694.0,45711.0,45722.0,45740.0,45745.0,45754.0,45764.0,45778.0,45787.0,45814.0,45835.0,45844.0,45850.0,45870.0,45879.0,45892.0,45906.0,45916.0,45922.0,45929.0,45956.0,45976.0,45989.0,46005.0,46020.0,46031.0,46047.0,46059.0,46084.0,46099.0,46112.0,46125.0,46129.0,46134.0,46145.0,46155.0,46162.0,46170.0,46177.0,46182.0,46187.0,46193.0,46199.0,46207.0,46213.0,46221.0,46235.0,46243.0,46251.0,46259.0,46269
M3t7UixtymY,300672.0,300871.0,301087.0,301314.0,301602.0,301868.0,302060.0,302284.0,302509.0,302732.0,302906.0,303105.0,303306.0,303538.0,303766.0,303950.0,304118.0,304273.0,304449.0,304630.0,304771.0,304967.0,305157.0,305315.0,305493.0,305703.0,305910.0,306110.0,306305.0,306506.0,306700.0,306858.0,307097.0,307356.0,307595.0,307780.0,308024.0,308215.0,308376.0,308550.0,308705.0,308851.0,308998.0,309150.0,309278.0,309431.0,309568.0,309750.0,309917.0,310048.0,310216.0,310385.0,310531.0,310693.0,310851.0,311029.0,311222.0,311376.0,311502.0,311664.0,311870.0,312043.0,312204.0,312358.0,312496.0,312622.0,312736.0,312910.0,313036.0,313235.0,313385.0,313527.0,313685.0,313812.0,313963.0,314109.0,314267.0,314399.0,314537.0,314672.0,314788.0,314915.0,315066.0,315227.0,315381.0,315523.0,315688.0,315825.0,315969.0,316125.0,316288.0,316443.0,316577.0,316723.0,316825.0,316996.0,317149.0,317274.0,317419.0,317555.0,317711.0,317828.0,317969.0,318108.0,318247.0,318417.0,318564.0,318691.0,318817.0,318971.0,319115.0,319252.0,319396.0,319547.0,319694.0,319840.0,320011.0,320177.0,320393.0,320590.0,320763.0,320941.0,321139.0,321265.0,321403.0,321585.0,321747.0,321916.0,322094.0,322210.0,322377.0,322569.0,322707.0,322867.0,,,,,,,,,324350.0,324487.0,324642.0,324808.0,325005.0,325162.0,325333.0,325472.0,325593.0,325778.0,325986.0,326157.0,326309.0,326486.0,326595.0,326731.0,326867.0,327001.0,327149.0,327304.0,327446.0,327570.0,327678.0,327791.0,327950.0,328101.0,328286.0,328525.0,328702.0,328836.0,329027.0,329187.0,329369.0,329530.0,329692.0,329828.0,329943.0,330096.0,330235.0,330403.0,330551.0,330713.0,330888.0,331004.0,331107.0,331265.0,331421.0,331571.0,331731.0,331873.0,331974.0,332101.0,332216.0,332345.0,332462.0,332592.0,332741.0,332839.0,332958.0,333040.0,333170.0,333253.0,333352.0,333464.0,333573.0,333683.0,333801.0,333931.0,334043.0,334151.0,334308.0,334401.0,334524.0,334685.0,334785.0,334917.0,335039.0,335155.0,335279.0,335375.0,335519.0,335653.0,335793.0,335964.0,336095.0,336197.0,336334.0,336425.0,336572.0,336680.0,336780.0,336924.0,337005.0,337102.0,337228.0,337345.0,337460.0,337580.0,337682.0,337789.0,337896.0,338045.0,338171.0,338328.0,338475.0,338591.0,338684.0,338797.0,338914.0,339059.0,339204.0,339348.0,339460.0,339572.0,339677.0,339826.0,339938.0,340067.0,340209.0,340300.0,340401.0,,340650.0,340805.0,340936.0,341064.0,341187.0,341306.0,341393.0,341536.0,341656.0,341816.0,341938.0,342053.0,342144.0,342392.0,342544.0,342680.0,342797.0,342919.0,343033.0,343151.0,343281.0,343439.0,343600.0,343712.0,343824.0,343940.0,344065.0,344196.0,344323.0,344468.0,344641.0,344786.0,344897.0,344994.0,345125.0,345256.0,345380.0,345505.0,345621.0,345733.0,345857.0,345981.0,346139.0,346280.0,346405.0,346538.0,346693.0,346828.0,346959.0,347096.0,347238.0,347378.0,347553.0,347709.0,347844.0,347993.0,348153.0,348313.0,348488.0,348650.0,348806.0,348942.0,349055.0,349206.0,349370.0,349516.0,349681.0,349848.0,349992.0,350156.0,350307.0,350463.0,350633.0,350809.0,350958.0,351104.0,351270.0,351426.0,351594.0,351766.0,351996.0,352194.0,352353.0,352628.0,352922.0,353228.0,353537.0,353835.0,354090.0,354320.0,354527.0,354785.0,355045.0,355308.0,355587.0,355827.0,356008.0,356197.0,356442.0,356620.0,356844.0,357047.0,357216.0,357369.0,357606.0,357815.0,358042.0,358240.0,358412.0,358647.0,358823.0,359031.0,359235.0,359411
6xRp_gMctZw,51107.0,51328.0,51536.0,51687.0,51862.0,52037.0,52218.0,52313.0,52384.0,52443.0,52500.0,52570.0,52648.0,52724.0,52823.0,52919.0,52994.0,53087.0,53175.0,53282.0,53367.0,53480.0,53565.0,53652.0,53741.0,53862.0,53967.0,54058.0,54127.0,54232.0,54355.0,54461.0,54573.0,54655.0,54796.0,54881.0,54954.0,55050.0,55113.0,55191.0,55289.0,55392.0,55459.0,55540.0,55604.0,55688.0,55756.0,55835.0,55916.0,55978.0,56050.0,56118.0,56169.0,56222.0,56296.0,56339.0,56422.0,56505.0,56590.0,56644.0,56710.0,56773.0,56831.0,56894.0,56954.0,57013.0,57060.0,57127.0,57170.0,57253.0,57331.0,57409.0,57458.0,57523.0,57590.0,57641.0,57720.0,57777.0,57852.0,57896.0,57943.0,57991.0,58053.0,58096.0,58183.0,58246.0,58298.0,58344.0,58408.0,58454.0,58523.0,58590.0,58648.0,58697.0,58732.0,58791.0,58854.0,58909.0,58970.0,59015.0,59068.0,59141.0,59222.0,59293.0,59377.0,59461.0,59557.0,59627.0,59674.0,59738.0,59805.0,59860.0,59934.0,59996.0,60063.0,60110.0,60164.0,60210.0,60272.0,60350.0,60408.0,60464.0,60519.0,60565.0,60606.0,60657.0,60697.0,60745.0,60792.0,60837.0,60876.0,60946.0,60994.0,61043.0,,,,,,,,,61851.0,61911.0,61990.0,62070.0,62159.0,62223.0,62276.0,62324.0,62376.0,62423.0,62496.0,62561.0,62561.0,62561.0,62561.0,62561.0,62561.0,62561.0,62561.0,62561.0,62561.0,62561.0,62561.0,62561.0,62561.0,62561.0,62561.0,62561.0,62561.0,62561.0,62561.0,62561.0,62561.0,62561.0,62561.0,62561.0,62561.0,62561.0,62561.0,62561.0,62561.0,62561.0,62561.0,62561.0,62561.0,62561.0,62561.0,62561.0,62561.0,62561.0,62561.0,62561.0,62561.0,62561.0,62561.0,62561.0,62561.0,62561.0,62561.0,62561.0,62561.0,62561.0,62561.0,62561.0,62561.0,62561.0,62561.0,62561.0,62561.0,62561.0,62561.0,62561.0,62561.0,62561.0,62561.0,62561.0,62561.0,62561.0,62561.0,62561.0,62561.0,62561.0,62561.0,62561.0,62561.0,62561.0,62561.0,62561.0,62561.0,62561.0,62561.0,62561.0,62561.0,62561.0,62561.0,62561.0,62561.0,62561.0,62561.0,62561.0,62561.0,62561.0,62561.0,62561.0,62561.0,62561.0,62561.0,62561.0,62561.0,62561.0,62561.0,62561.0,62561.0,62561.0,62561.0,62561.0,62561.0,62561.0,62561.0,62561.0,62561.0,,62561.0,62561.0,62561.0,62561.0,62561.0,62561.0,62561.0,62561.0,62561.0,62561.0,62561.0,62561.0,62561.0,62561.0,62561.0,62561.0,62561.0,62561.0,62561.0,62561.0,62561.0,62561.0,62561.0,62561.0,62561.0,62561.0,62561.0,62561.0,62561.0,62561.0,62561.0,62561.0,62561.0,62561.0,62561.0,62561.0,62561.0,62561.0,62561.0,62561.0,62561.0,62561.0,62561.0,62561.0,62561.0,62561.0,62561.0,62561.0,62561.0,62561.0,62561.0,62561.0,62561.0,62561.0,62561.0,62561.0,62561.0,62561.0,62561.0,62561.0,62561.0,62561.0,62561.0,62561.0,62561.0,62561.0,62561.0,62561.0,62561.0,62561.0,62561.0,62561.0,62561.0,62561.0,62561.0,62561.0,62561.0,62561.0,62561.0,62561.0,62561.0,62561.0,62561.0,62561.0,62561.0,62561.0,62561.0,62561.0,62561.0,62561.0,62561.0,62561.0,62561.0,62561.0,62561.0,62561.0,62561.0,62561.0,62561.0,62561.0,62561.0,62561.0,62561.0,62561.0,62561.0,62561.0,62561.0,62561.0,62561.0,62561.0,62561.0,62561.0,62561.0,62561
21DsvSrhPGw,208762.0,208808.0,208847.0,208881.0,208930.0,208968.0,209024.0,209075.0,209135.0,209187.0,209244.0,209298.0,209347.0,209406.0,209459.0,209508.0,209538.0,209568.0,209611.0,209663.0,209709.0,209769.0,209805.0,209839.0,209900.0,209961.0,209999.0,210049.0,210094.0,210139.0,210182.0,210216.0,210251.0,210296.0,210332.0,210385.0,210440.0,210498.0,210543.0,210595.0,210642.0,210693.0,210745.0,210801.0,210831.0,210852.0,210894.0,210936.0,210995.0,211025.0,211055.0,211106.0,211137.0,211179.0,211246.0,211288.0,211336.0,211418.0,211482.0,211520.0,211587.0,211650.0,211708.0,211778.0,211832.0,211867.0,211895.0,211947.0,211977.0,212026.0,212084.0,212125.0,212165.0,212226.0,212271.0,212321.0,212383.0,212410.0,212469.0,212521.0,212566.0,212614.0,212654.0,212701.0,212758.0,212820.0,212860.0,212892.0,212925.0,212978.0,213028.0,213070.0,213118.0,213167.0,213216.0,213258.0,213290.0,213346.0,213404.0,213447.0,213497.0,213534.0,213575.0,213633.0,213678.0,213719.0,213759.0,213803.0,213836.0,213877.0,213938.0,213998.0,214031.0,214094.0,214153.0,214225.0,214262.0,214334.0,214397.0,214465.0,214509.0,214561.0,214599.0,214638.0,214693.0,214745.0,214805.0,214861.0,214908.0,214949.0,214990.0,215040.0,215088.0,215135.0,,,,,,,,,215602.0,215648.0,215707.0,215769.0,215825.0,215887.0,215937.0,215993.0,216083.0,216152.0,216218.0,216291.0,216366.0,216432.0,216504.0,216567.0,216624.0,216677.0,216736.0,216801.0,216854.0,216910.0,216947.0,217011.0,217064.0,217132.0,217176.0,217223.0,217270.0,217313.0,217371.0,217421.0,217463.0,217524.0,217586.0,217640.0,217676.0,217713.0,217759.0,217806.0,217858.0,217904.0,217943.0,217995.0,218038.0,218078.0,218123.0,218173.0,218227.0,218285.0,218342.0,218392.0,218453.0,218503.0,218562.0,218620.0,218665.0,218705.0,218751.0,218804.0,218838.0,218879.0,218915.0,218968.0,219017.0,219063.0,219111.0,219172.0,219223.0,219265.0,219303.0,219341.0,219378.0,219427.0,219469.0,219515.0,219567.0,219602.0,219642.0,219676.0,219715.0,219752.0,219800.0,219845.0,219884.0,219930.0,219965.0,220014.0,220051.0,220094.0,220154.0,220190.0,220242.0,220291.0,220338.0,220393.0,220440.0,220485.0,220522.0,220557.0,220608.0,220672.0,220734.0,220783.0,220839.0,220877.0,220929.0,220989.0,221038.0,221088.0,221145.0,221205.0,221259.0,221321.0,221377.0,221420.0,221463.0,221515.0,221558.0,221591.0,221652.0,,221762.0,221816.0,221861.0,221916.0,221964.0,222004.0,222049.0,222085.0,222142.0,222188.0,222238.0,222282.0,222332.0,222374.0,222437.0,222502.0,222576.0,222643.0,222715.0,222761.0,222812.0,222880.0,222937.0,222988.0,223041.0,223093.0,223128.0,223176.0,223248.0,223299.0,223371.0,223435.0,223488.0,223521.0,223575.0,223646.0,223688.0,223738.0,223795.0,223840.0,223872.0,223921.0,223975.0,224032.0,224114.0,224162.0,224219.0,224269.0,224317.0,224364.0,224421.0,224466.0,224503.0,224533.0,224573.0,224612.0,224658.0,224713.0,224764.0,224821.0,224852.0,224888.0,224933.0,224991.0,225042.0,225094.0,225144.0,225196.0,225235.0,225290.0,225335.0,225374.0,225435.0,225473.0,225525.0,225565.0,225605.0,225651.0,225689.0,225736.0,225776.0,225816.0,225853.0,225895.0,225936.0,225970.0,226012.0,226052.0,226088.0,226129.0,226175.0,226210.0,226259.0,226301.0,226366.0,226421.0,226467.0,226505.0,226551.0,226594.0,226634.0,226666.0,226708.0,226735.0,226775.0,226813.0,226857.0,226918.0,226983.0,227032.0,227081.0,227134.0,227177.0,227222
GStFvorpRn4,484058.0,484272.0,484477.0,484676.0,484918.0,485203.0,485429.0,485677.0,485921.0,486127.0,486338.0,486552.0,486813.0,487005.0,487256.0,487482.0,487772.0,487941.0,488178.0,488384.0,488617.0,488819.0,489017.0,489234.0,489410.0,489585.0,489795.0,490026.0,490277.0,490490.0,490704.0,490891.0,491104.0,491302.0,491507.0,491762.0,491977.0,492183.0,492364.0,492554.0,492718.0,492913.0,493186.0,493376.0,493569.0,493740.0,493963.0,494164.0,494380.0,494573.0,494796.0,495034.0,495216.0,495383.0,495627.0,495827.0,496025.0,496230.0,496426.0,496680.0,496896.0,497083.0,497346.0,497588.0,497845.0,498057.0,498271.0,498529.0,498740.0,499038.0,499323.0,499566.0,499840.0,500120.0,500419.0,500686.0,500973.0,501240.0,501513.0,501746.0,502003.0,502317.0,502609.0,502889.0,503137.0,503459.0,503705.0,503947.0,504164.0,504375.0,504607.0,504878.0,505124.0,505327.0,505544.0,505775.0,505992.0,506228.0,506468.0,506724.0,506962.0,507203.0,507457.0,507697.0,507944.0,508189.0,508441.0,508621.0,508856.0,509057.0,509304.0,509550.0,509821.0,510034.0,510270.0,510467.0,510672.0,510969.0,511259.0,511496.0,511784.0,511996.0,512243.0,512466.0,512717.0,512940.0,513264.0,513465.0,513727.0,513939.0,514128.0,514369.0,514600.0,514846.0,,,,,,,,,516761.0,516918.0,517105.0,517292.0,517495.0,517702.0,517954.0,518197.0,518475.0,518810.0,519126.0,519424.0,519809.0,520139.0,520452.0,520741.0,521048.0,521375.0,521684.0,521919.0,522149.0,522333.0,522510.0,522767.0,523004.0,523212.0,523447.0,523656.0,523849.0,524094.0,524297.0,524534.0,524799.0,525011.0,525272.0,525490.0,525693.0,525916.0,526123.0,526372.0,526608.0,526847.0,527087.0,527279.0,527499.0,527750.0,528020.0,528262.0,528502.0,528710.0,528907.0,529135.0,529377.0,529602.0,529862.0,530077.0,530293.0,530488.0,530752.0,531070.0,531280.0,531489.0,531726.0,531981.0,532163.0,532407.0,532650.0,532884.0,533054.0,533308.0,533494.0,533743.0,533914.0,534157.0,534348.0,534584.0,534767.0,534925.0,535122.0,535278.0,535526.0,535725.0,535916.0,536177.0,536378.0,536573.0,536811.0,537043.0,537273.0,537502.0,537736.0,537928.0,538125.0,538326.0,538514.0,538678.0,538844.0,539029.0,539196.0,539398.0,539567.0,539764.0,539918.0,540096.0,540252.0,540431.0,540599.0,540740.0,540896.0,541057.0,541186.0,541328.0,541490.0,541636.0,541786.0,541948.0,542089.0,542265.0,542455.0,542619.0,542768.0,,543117.0,543286.0,543495.0,543676.0,543857.0,544019.0,544198.0,544374.0,544564.0,544740.0,544938.0,545130.0,545291.0,545481.0,545701.0,545900.0,546172.0,546436.0,546659.0,546851.0,547061.0,547283.0,547483.0,547705.0,547879.0,548041.0,548211.0,548354.0,548534.0,548711.0,548860.0,548986.0,549122.0,549255.0,549400.0,549560.0,549713.0,549911.0,550138.0,550298.0,550430.0,550625.0,550819.0,551071.0,551283.0,551530.0,551776.0,551991.0,552204.0,552433.0,552682.0,552880.0,553353.0,553596.0,553784.0,553986.0,554243.0,554446.0,554652.0,554855.0,555049.0,555223.0,555455.0,555640.0,555832.0,556071.0,556318.0,556587.0,556872.0,557249.0,557568.0,557843.0,558211.0,558541.0,558785.0,559044.0,559400.0,559911.0,560343.0,560706.0,561007.0,561311.0,561507.0,561727.0,561936.0,562098.0,562305.0,562479.0,562654.0,562791.0,562954.0,563147.0,563314.0,563502.0,563699.0,563853.0,564018.0,564162.0,564372.0,564504.0,564660.0,564814.0,564981.0,565143.0,565316.0,565480.0,565663.0,565831.0,566056.0,566206.0,566365.0,566527.0,566767.0,566896
pasRphQvEUE,30839313.0,30850591.0,30863357.0,30877489.0,30890426.0,30903618.0,30917391.0,30932650.0,30950238.0,30968979.0,30986134.0,31001656.0,31016820.0,31029036.0,31042467.0,31059613.0,31074188.0,31086607.0,31099469.0,31113445.0,31127300.0,31140972.0,31155460.0,31170626.0,31184804.0,31198120.0,31213442.0,31228408.0,31243091.0,31257250.0,31270745.0,31283097.0,31296491.0,31311283.0,31325751.0,31339767.0,31354544.0,31367315.0,31377648.0,31390847.0,31405109.0,31416349.0,31428326.0,31441722.0,31453998.0,31465494.0,31477329.0,31489306.0,31500670.0,31511330.0,31521629.0,31532242.0,31542218.0,31551968.0,31561019.0,31571564.0,31583401.0,31594382.0,31605750.0,31616919.0,31626414.0,31637592.0,31649093.0,31660371.0,31670553.0,31680993.0,31691980.0,31702108.0,31711585.0,31724764.0,31736792.0,31748019.0,31760272.0,31772933.0,31785720.0,31797935.0,31809861.0,31822039.0,31833587.0,31844702.0,31855465.0,31866111.0,31876393.0,31886748.0,31896895.0,31907125.0,31917231.0,31927110.0,31936789.0,31946116.0,31955577.0,31965264.0,31975164.0,31985647.0,31995966.0,32005882.0,32016050.0,32026379.0,32036736.0,32047495.0,32058311.0,32068879.0,32079286.0,32089901.0,32101467.0,32113103.0,32124142.0,32135859.0,32147572.0,32158628.0,32169882.0,32181401.0,32192649.0,32203940.0,32214717.0,32224869.0,32234169.0,32243804.0,32253140.0,32262505.0,32272231.0,32281693.0,32291120.0,32300269.0,32309796.0,32319523.0,32329336.0,32339600.0,32349403.0,32359002.0,32368568.0,32377874.0,32387370.0,32396871.0,,,,,,,,,32487333.0,32497170.0,32506565.0,32515694.0,32524845.0,32534716.0,32544423.0,32554130.0,32564390.0,32573675.0,32583223.0,32593045.0,32603611.0,32613666.0,32623852.0,32634225.0,32644319.0,32654790.0,32665204.0,32675574.0,32685822.0,32696571.0,32707008.0,32716999.0,32727006.0,32736838.0,32746881.0,32757254.0,32768051.0,32777930.0,32787579.0,32797537.0,32808069.0,32817953.0,32827749.0,32837599.0,32847286.0,32856625.0,32866028.0,32875396.0,32884334.0,32893618.0,32903121.0,32912359.0,32921547.0,32930712.0,32940148.0,32949980.0,32959968.0,32969575.0,32978958.0,32988177.0,32997700.0,33007389.0,33017133.0,33026805.0,33035763.0,33044932.0,33053802.0,33063433.0,33073284.0,33081918.0,33089082.0,33097287.0,33105677.0,33114264.0,33123160.0,33132474.0,33140939.0,33148333.0,33157851.0,33166660.0,33175705.0,33185283.0,33194449.0,33203453.0,33213113.0,33222604.0,33232008.0,33241081.0,33249830.0,33258684.0,33267813.0,33277988.0,33287411.0,33296768.0,33305793.0,33316084.0,33326215.0,33336230.0,33345440.0,33354970.0,33364504.0,33373834.0,33383239.0,33393093.0,33403272.0,33413002.0,33422642.0,33431985.0,33441378.0,33450604.0,33459974.0,33469099.0,33478866.0,33489244.0,33499018.0,33508266.0,33517437.0,33526929.0,33536380.0,33546265.0,33555901.0,33565170.0,33574496.0,33584529.0,33593775.0,33603288.0,33613262.0,33622949.0,33632585.0,,33651892.0,33662518.0,33672842.0,33682953.0,33693153.0,33702840.0,33712329.0,33721667.0,33730858.0,33740375.0,33749288.0,33758694.0,33768052.0,33776846.0,33785607.0,33794796.0,33804624.0,33814979.0,33825380.0,33835460.0,33845396.0,33855222.0,33865483.0,33875805.0,33886531.0,33896927.0,33906622.0,33916673.0,33926377.0,33935990.0,33945539.0,33955273.0,33964894.0,33974058.0,33982991.0,33991600.0,34000168.0,34010086.0,34019388.0,34028490.0,34037982.0,34046838.0,34056101.0,34066798.0,34077237.0,34087077.0,34096412.0,34106810.0,34118549.0,34129446.0,34140275.0,34150802.0,34160931.0,34170909.0,34181427.0,34191973.0,34202271.0,34212613.0,34223089.0,34233666.0,34244166.0,34254239.0,34263929.0,34273469.0,34283086.0,34292640.0,34302134.0,34311812.0,34321407.0,34330711.0,34340017.0,34349211.0,34358287.0,34367838.0,34377630.0,34386979.0,34396165.0,34405652.0,34415160.0,34424923.0,34434915.0,34444545.0,34453503.0,34462944.0,34472542.0,34482258.0,34491751.0,34501529.0,34511203.0,34520294.0,34529203.0,34538308.0,34547616.0,34557006.0,34566033.0,34575629.0,34584807.0,34594377.0,34605998.0,34617389.0,34628330.0,34639612.0,34650447.0,34660277.0,34669539.0,34678794.0,34688300.0,34697817.0,34707271.0,34716714.0,34725462.0,34734490.0,34743202.0,34752023
Q8U8TZxs-6A,92981.0,92999.0,93016.0,93028.0,93047.0,93060.0,93084.0,93102.0,93116.0,93132.0,93148.0,93167.0,93189.0,93207.0,93220.0,93235.0,93263.0,93290.0,93309.0,93337.0,93355.0,93373.0,93402.0,93426.0,93434.0,93457.0,93467.0,93494.0,93513.0,93530.0,93550.0,93563.0,93573.0,93599.0,93620.0,93661.0,93685.0,93702.0,93746.0,93777.0,93814.0,93836.0,93872.0,93904.0,93930.0,93940.0,93950.0,93977.0,94001.0,94026.0,94054.0,94077.0,94107.0,94132.0,94159.0,94183.0,94204.0,94229.0,94246.0,94265.0,94280.0,94305.0,94321.0,94339.0,94358.0,94378.0,94397.0,94420.0,94439.0,94469.0,94486.0,94504.0,94520.0,94530.0,94548.0,94570.0,94594.0,94627.0,94649.0,94665.0,94695.0,94723.0,94747.0,94776.0,94790.0,94822.0,94846.0,94860.0,94888.0,94919.0,94939.0,94955.0,94975.0,94998.0,95024.0,95042.0,95062.0,95086.0,95106.0,95127.0,95143.0,95163.0,95179.0,95193.0,95217.0,95235.0,95266.0,95280.0,95303.0,95321.0,95353.0,95389.0,95412.0,95440.0,95471.0,95497.0,95528.0,95548.0,95565.0,95583.0,95616.0,95630.0,95650.0,95664.0,95685.0,95706.0,95718.0,95744.0,95773.0,95801.0,95820.0,95837.0,95869.0,95907.0,,,,,,,,,96149.0,96173.0,96198.0,96219.0,96230.0,96248.0,96264.0,96273.0,96286.0,96303.0,96318.0,96337.0,96350.0,96364.0,96374.0,96394.0,96406.0,96417.0,96436.0,96446.0,96463.0,96491.0,96508.0,96518.0,96536.0,96593.0,96616.0,96638.0,96664.0,96673.0,96690.0,96708.0,96729.0,96749.0,96776.0,96791.0,96802.0,96819.0,96830.0,96847.0,96859.0,96880.0,96893.0,96912.0,96934.0,96967.0,96995.0,97012.0,97045.0,97062.0,97089.0,97108.0,97121.0,97141.0,97164.0,97173.0,97183.0,97199.0,97218.0,97234.0,97243.0,97250.0,97260.0,97274.0,97290.0,97311.0,97337.0,97356.0,97371.0,97393.0,97402.0,97415.0,97428.0,97438.0,97453.0,97471.0,97491.0,97516.0,97535.0,97549.0,97562.0,97589.0,97621.0,97635.0,97656.0,97675.0,97693.0,97708.0,97723.0,97738.0,97763.0,97775.0,97790.0,97814.0,97838.0,97856.0,97876.0,97889.0,97905.0,97920.0,97928.0,97951.0,97971.0,97989.0,98005.0,98023.0,98041.0,98059.0,98066.0,98089.0,98103.0,98114.0,98134.0,98146.0,98151.0,98166.0,98180.0,98199.0,98218.0,98239.0,98256.0,,98307.0,98324.0,98341.0,98353.0,98374.0,98383.0,98395.0,98409.0,98430.0,98457.0,98475.0,98482.0,98507.0,98524.0,98543.0,98566.0,98587.0,98603.0,98628.0,98643.0,98662.0,98680.0,98696.0,98707.0,98717.0,98738.0,98761.0,98785.0,98800.0,98815.0,98833.0,98853.0,98883.0,98895.0,98913.0,98927.0,98941.0,98968.0,98983.0,98994.0,99009.0,99017.0,99041.0,99053.0,99057.0,99078.0,99088.0,99105.0,99113.0,99123.0,99137.0,99153.0,99168.0,99175.0,99181.0,99193.0,99202.0,99216.0,99256.0,99274.0,99287.0,99302.0,99309.0,99326.0,99344.0,99352.0,99361.0,99377.0,99405.0,99416.0,99424.0,99442.0,99456.0,99475.0,99494.0,99517.0,99533.0,99545.0,99561.0,99575.0,99594.0,99605.0,99619.0,99641.0,99654.0,99673.0,99690.0,99703.0,99714.0,99731.0,99748.0,99753.0,99765.0,99779.0,99799.0,99813.0,99821.0,99827.0,99834.0,99845.0,99857.0,99867.0,99876.0,99888.0,99894.0,99901.0,99916.0,99929.0,99934.0,99942.0,99946.0,99959.0,99970.0,99987
IwLw-3TklMY,120299.0,120366.0,120422.0,120482.0,120534.0,120601.0,120649.0,120695.0,120749.0,120827.0,120882.0,120931.0,120993.0,121058.0,121133.0,121185.0,121254.0,121287.0,121344.0,121407.0,121463.0,121516.0,121552.0,121605.0,121661.0,121715.0,121754.0,121799.0,121855.0,121906.0,121937.0,121982.0,122023.0,122071.0,122126.0,122164.0,122212.0,122243.0,122301.0,122354.0,122413.0,122466.0,122511.0,122572.0,122623.0,122682.0,122728.0,122784.0,122849.0,122898.0,122965.0,123013.0,123065.0,123124.0,123191.0,123238.0,123293.0,123341.0,123407.0,123448.0,123489.0,123547.0,123614.0,123666.0,123732.0,123793.0,123826.0,123877.0,123916.0,123977.0,124034.0,124093.0,124146.0,124206.0,124273.0,124359.0,124428.0,124483.0,124533.0,124569.0,124624.0,124677.0,124749.0,124803.0,124886.0,124947.0,124984.0,125034.0,125090.0,125151.0,125197.0,125270.0,125342.0,125386.0,125426.0,125480.0,125548.0,125630.0,125688.0,125754.0,125805.0,125856.0,125905.0,125966.0,126013.0,126080.0,126120.0,126161.0,126215.0,126256.0,126320.0,126371.0,126409.0,126459.0,126524.0,126558.0,126604.0,126657.0,126710.0,126757.0,126814.0,126848.0,126891.0,126936.0,126982.0,127033.0,127087.0,127149.0,127209.0,127253.0,127311.0,127356.0,127412.0,127470.0,,,,,,,,,127928.0,127981.0,128025.0,128096.0,128150.0,128203.0,128265.0,128321.0,128381.0,128434.0,128498.0,128544.0,128612.0,128669.0,128742.0,128797.0,128840.0,128894.0,128968.0,129020.0,129060.0,129110.0,129168.0,129217.0,129278.0,129320.0,129373.0,129445.0,129476.0,129533.0,129578.0,129643.0,129686.0,129732.0,129775.0,129815.0,129861.0,129903.0,129955.0,130027.0,130083.0,130140.0,130192.0,130247.0,130303.0,130364.0,130414.0,130469.0,130524.0,130552.0,130611.0,130669.0,130727.0,130795.0,130846.0,130890.0,130925.0,130955.0,131005.0,131062.0,131092.0,131127.0,131169.0,131204.0,131225.0,131258.0,131287.0,131324.0,131361.0,131408.0,131435.0,131482.0,131550.0,131588.0,131647.0,131702.0,131759.0,131798.0,131842.0,131888.0,131946.0,131994.0,132055.0,132108.0,132178.0,132245.0,132303.0,132383.0,132447.0,132496.0,132546.0,132602.0,132643.0,132701.0,132749.0,132806.0,132852.0,132912.0,132970.0,133027.0,133080.0,133134.0,133194.0,133241.0,133294.0,133344.0,133411.0,133468.0,133498.0,133551.0,133604.0,133652.0,133690.0,133732.0,133778.0,133811.0,133857.0,133898.0,133941.0,133988.0,134022.0,,134131.0,134207.0,134260.0,134324.0,134380.0,134425.0,134475.0,134533.0,134568.0,134615.0,134668.0,134700.0,134751.0,134816.0,134891.0,134959.0,134996.0,135047.0,135096.0,135127.0,135179.0,135229.0,135266.0,135312.0,135369.0,135407.0,135468.0,135578.0,135639.0,135685.0,135735.0,135790.0,135826.0,135886.0,135933.0,135975.0,136026.0,136066.0,136098.0,136137.0,136175.0,136224.0,136266.0,136306.0,136354.0,136398.0,136430.0,136486.0,136540.0,136581.0,136615.0,136667.0,136710.0,136750.0,136781.0,136817.0,136858.0,136900.0,136936.0,136967.0,137004.0,137037.0,137059.0,137102.0,137141.0,137171.0,137204.0,137237.0,137257.0,137297.0,137314.0,137356.0,137390.0,137423.0,137468.0,137517.0,137572.0,137638.0,137704.0,137750.0,137798.0,137864.0,137921.0,137971.0,138017.0,138064.0,138102.0,138145.0,138182.0,138223.0,138271.0,138301.0,138342.0,138397.0,138435.0,138468.0,138504.0,138535.0,138570.0,138605.0,138651.0,138690.0,138726.0,138768.0,138816.0,138874.0,138918.0,138958.0,138998.0,139066.0,139127.0,139179.0,139229.0,139279
LkE6T-akkWc,2668.0,2668.0,2668.0,2668.0,2668.0,2668.0,2668.0,2669.0,2669.0,2669.0,2669.0,2669.0,2669.0,2669.0,2669.0,2669.0,2669.0,2669.0,2669.0,2669.0,2669.0,2669.0,2669.0,2669.0,2669.0,2669.0,2669.0,2669.0,2669.0,2669.0,2670.0,2670.0,2670.0,2670.0,2670.0,2671.0,2672.0,2672.0,2672.0,2672.0,2672.0,2673.0,2673.0,2674.0,2674.0,2674.0,2674.0,2674.0,2675.0,2675.0,2675.0,2675.0,2675.0,2675.0,2675.0,2675.0,2676.0,2677.0,2677.0,2678.0,2678.0,2678.0,2679.0,2680.0,2680.0,2680.0,2680.0,2680.0,2680.0,2680.0,2681.0,2681.0,2681.0,2681.0,2682.0,2682.0,2682.0,2682.0,2682.0,2682.0,2683.0,2683.0,2683.0,2683.0,2683.0,2683.0,2683.0,2684.0,2685.0,2686.0,2688.0,2690.0,2690.0,2691.0,2691.0,2691.0,2693.0,2693.0,2693.0,2693.0,2693.0,2693.0,2693.0,2694.0,2695.0,2695.0,2696.0,2698.0,2698.0,2700.0,2700.0,2702.0,2702.0,2703.0,2703.0,2703.0,2703.0,2703.0,2703.0,2704.0,2704.0,2704.0,2704.0,2704.0,2704.0,2704.0,2704.0,2705.0,2705.0,2705.0,2706.0,2706.0,2707.0,2707.0,,,,,,,,,2710.0,2710.0,2710.0,2710.0,2710.0,2710.0,2710.0,2710.0,2710.0,2712.0,2712.0,2712.0,2712.0,2712.0,2712.0,2712.0,2712.0,2712.0,2712.0,2712.0,2712.0,2712.0,2712.0,2713.0,2713.0,2714.0,2715.0,2715.0,2715.0,2715.0,2715.0,2715.0,2715.0,2715.0,2715.0,2715.0,2715.0,2715.0,2716.0,2716.0,2716.0,2717.0,2717.0,2718.0,2719.0,2720.0,2720.0,2720.0,2720.0,2720.0,2720.0,2720.0,2720.0,2720.0,2720.0,2720.0,2720.0,2720.0,2720.0,2720.0,2720.0,2720.0,2720.0,2720.0,2720.0,2720.0,2720.0,2720.0,2720.0,2722.0,2724.0,2726.0,2727.0,2727.0,2727.0,2727.0,2727.0,2727.0,2727.0,2728.0,2729.0,2729.0,2731.0,2731.0,2731.0,2731.0,2731.0,2734.0,2734.0,2734.0,2734.0,2734.0,2734.0,2735.0,2735.0,2735.0,2735.0,2737.0,2738.0,2739.0,2740.0,2741.0,2741.0,2741.0,2741.0,2741.0,2742.0,2744.0,2744.0,2745.0,2745.0,2745.0,2745.0,2745.0,2745.0,2745.0,2747.0,2747.0,2748.0,2748.0,2748.0,,2748.0,2748.0,2748.0,2748.0,2748.0,2750.0,2750.0,2750.0,2750.0,2750.0,2750.0,2750.0,2750.0,2750.0,2750.0,2751.0,2751.0,2752.0,2752.0,2753.0,2753.0,2753.0,2753.0,2753.0,2753.0,2753.0,2753.0,2754.0,2754.0,2755.0,2755.0,2756.0,2756.0,2757.0,2757.0,2757.0,2757.0,2758.0,2759.0,2759.0,2759.0,2761.0,2761.0,2761.0,2761.0,2761.0,2761.0,2761.0,2761.0,2761.0,2761.0,2761.0,2761.0,2762.0,2762.0,2763.0,2765.0,2765.0,2765.0,2765.0,2766.0,2766.0,2766.0,2766.0,2766.0,2766.0,2766.0,2767.0,2768.0,2768.0,2768.0,2768.0,2768.0,2768.0,2768.0,2768.0,2768.0,2768.0,2768.0,2769.0,2769.0,2769.0,2769.0,2769.0,2769.0,2769.0,2769.0,2769.0,2769.0,2770.0,2770.0,2770.0,2770.0,2771.0,2771.0,2771.0,2771.0,2771.0,2771.0,2771.0,2771.0,2771.0,2771.0,2771.0,2771.0,2771.0,2771.0,2771.0,2771.0,2771.0,2772.0,2772.0,2772.0,2772
KDW_5liRRSA,14248.0,14253.0,14259.0,14264.0,14267.0,14273.0,14277.0,14281.0,14284.0,14285.0,14288.0,14292.0,14295.0,14298.0,14300.0,14306.0,14309.0,14313.0,14317.0,14321.0,14325.0,14329.0,14330.0,14332.0,14338.0,14341.0,14341.0,14343.0,14344.0,14346.0,14351.0,14357.0,14361.0,14369.0,14373.0,14374.0,14378.0,14381.0,14385.0,14385.0,14387.0,14393.0,14400.0,14406.0,14410.0,14414.0,14418.0,14424.0,14425.0,14430.0,14433.0,14439.0,14440.0,14446.0,14448.0,14457.0,14459.0,14463.0,14470.0,14476.0,14484.0,14488.0,14499.0,14506.0,14511.0,14512.0,14517.0,14529.0,14533.0,14538.0,14539.0,14542.0,14546.0,14547.0,14551.0,14557.0,14563.0,14564.0,14567.0,14570.0,14580.0,14585.0,14590.0,14599.0,14609.0,14617.0,14619.0,14621.0,14625.0,14629.0,14632.0,14638.0,14642.0,14649.0,14654.0,14660.0,14663.0,14666.0,14672.0,14676.0,14680.0,14683.0,14687.0,14691.0,14693.0,14699.0,14701.0,14709.0,14714.0,14722.0,14727.0,14737.0,14745.0,14755.0,14761.0,14765.0,14766.0,14768.0,14771.0,14774.0,14779.0,14782.0,14784.0,14787.0,14787.0,14792.0,14799.0,14803.0,14805.0,14808.0,14812.0,14817.0,14821.0,14823.0,,,,,,,,,14860.0,14865.0,14865.0,14865.0,14866.0,14867.0,14874.0,14881.0,14881.0,14884.0,14887.0,14890.0,14894.0,14901.0,14906.0,14906.0,14919.0,14921.0,14925.0,14928.0,14936.0,14940.0,14946.0,14947.0,14950.0,14951.0,14955.0,14958.0,14965.0,14965.0,14967.0,14970.0,14974.0,14977.0,14979.0,14982.0,14988.0,14993.0,14995.0,14999.0,15002.0,15004.0,15008.0,15013.0,15018.0,15030.0,15037.0,15043.0,15050.0,15063.0,15067.0,15074.0,15076.0,15080.0,15085.0,15091.0,15094.0,15097.0,15100.0,15111.0,15116.0,15120.0,15126.0,15127.0,15129.0,15132.0,15136.0,15140.0,15146.0,15153.0,15160.0,15164.0,15172.0,15176.0,15185.0,15193.0,15201.0,15204.0,15214.0,15218.0,15231.0,15233.0,15245.0,15255.0,15262.0,15267.0,15280.0,15286.0,15296.0,15310.0,15312.0,15319.0,15323.0,15325.0,15329.0,15331.0,15334.0,15335.0,15338.0,15339.0,15343.0,15347.0,15352.0,15355.0,15359.0,15361.0,15365.0,15367.0,15368.0,15369.0,15373.0,15376.0,15378.0,15378.0,15379.0,15384.0,15386.0,15388.0,15395.0,15397.0,15401.0,,15406.0,15415.0,15421.0,15425.0,15427.0,15427.0,15431.0,15433.0,15437.0,15441.0,15443.0,15445.0,15449.0,15452.0,15456.0,15458.0,15461.0,15467.0,15467.0,15469.0,15471.0,15471.0,15473.0,15474.0,15484.0,15491.0,15497.0,15501.0,15503.0,15507.0,15510.0,15511.0,15514.0,15515.0,15518.0,15519.0,15522.0,15523.0,15524.0,15524.0,15524.0,15526.0,15529.0,15534.0,15536.0,15539.0,15539.0,15542.0,15543.0,15545.0,15550.0,15552.0,15554.0,15556.0,15560.0,15563.0,15563.0,15563.0,15567.0,15569.0,15573.0,15573.0,15573.0,15575.0,15578.0,15579.0,15583.0,15585.0,15588.0,15593.0,15595.0,15600.0,15602.0,15603.0,15605.0,15608.0,15613.0,15618.0,15622.0,15625.0,15630.0,15635.0,15644.0,15647.0,15650.0,15651.0,15651.0,15652.0,15653.0,15660.0,15665.0,15672.0,15677.0,15683.0,15686.0,15687.0,15692.0,15694.0,15697.0,15700.0,15705.0,15707.0,15709.0,15710.0,15717.0,15720.0,15722.0,15724.0,15728.0,15729.0,15732.0,15734.0,15735.0,15739
nZvxf6ZQ8aE,9582.0,9585.0,9591.0,9594.0,9594.0,9595.0,9596.0,9597.0,9600.0,9602.0,9610.0,9610.0,9611.0,9612.0,9613.0,9618.0,9626.0,9628.0,9634.0,9639.0,9645.0,9648.0,9653.0,9654.0,9658.0,9660.0,9663.0,9664.0,9666.0,9667.0,9669.0,9673.0,9673.0,9678.0,9679.0,9682.0,9687.0,9689.0,9690.0,9691.0,9693.0,9696.0,9699.0,9700.0,9702.0,9703.0,9705.0,9707.0,9707.0,9708.0,9712.0,9714.0,9715.0,9717.0,9721.0,9724.0,9726.0,9729.0,9731.0,9736.0,9739.0,9744.0,9749.0,9751.0,9752.0,9757.0,9759.0,9761.0,9762.0,9765.0,9770.0,9771.0,9772.0,9773.0,9776.0,9777.0,9779.0,9781.0,9782.0,9786.0,9790.0,9792.0,9797.0,9803.0,9805.0,9808.0,9811.0,9812.0,9818.0,9819.0,9824.0,9827.0,9831.0,9831.0,,9835.0,9835.0,9836.0,9839.0,9841.0,9841.0,9843.0,9844.0,9845.0,9848.0,9849.0,9854.0,9858.0,9860.0,9861.0,9863.0,9867.0,9869.0,9875.0,9878.0,9880.0,9883.0,9886.0,9890.0,9894.0,9897.0,9898.0,9899.0,9901.0,9903.0,9907.0,9908.0,9908.0,9910.0,9911.0,9911.0,9912.0,9917.0,9920.0,,,,,,,,,9951.0,9957.0,9959.0,9960.0,9962.0,9963.0,9963.0,9967.0,9970.0,9973.0,9978.0,9981.0,9986.0,9993.0,9996.0,9997.0,10004.0,10006.0,10012.0,10014.0,10016.0,10016.0,10020.0,10020.0,10021.0,10025.0,10030.0,10033.0,10033.0,10034.0,10041.0,10045.0,10047.0,10051.0,10054.0,10055.0,10058.0,10063.0,10069.0,10075.0,10079.0,10082.0,10085.0,10092.0,10096.0,10103.0,10109.0,10113.0,10117.0,10122.0,10125.0,10127.0,10129.0,10136.0,10147.0,10153.0,10155.0,10157.0,10162.0,10166.0,10173.0,10178.0,10181.0,10186.0,10191.0,10192.0,10194.0,10198.0,10201.0,10202.0,10205.0,10206.0,10210.0,10212.0,10217.0,10222.0,10222.0,10228.0,10231.0,10235.0,10238.0,10239.0,10243.0,10248.0,10255.0,10259.0,10263.0,10266.0,10270.0,10273.0,10277.0,10279.0,10283.0,10286.0,10291.0,10305.0,10311.0,10317.0,10323.0,10325.0,10328.0,10332.0,10336.0,10340.0,10347.0,10353.0,10357.0,10360.0,10362.0,10368.0,10374.0,10383.0,10386.0,10391.0,10393.0,10396.0,10399.0,10401.0,10403.0,10410.0,10415.0,,10422.0,10428.0,10432.0,10436.0,10439.0,10443.0,10449.0,10452.0,10455.0,10460.0,10462.0,10463.0,10463.0,10468.0,10469.0,10472.0,10472.0,10474.0,10480.0,10481.0,10484.0,10486.0,10490.0,10493.0,10495.0,10498.0,10498.0,10505.0,10505.0,10507.0,10512.0,10514.0,10516.0,10519.0,10521.0,10523.0,10524.0,10527.0,10531.0,10535.0,10538.0,10546.0,10549.0,10553.0,10558.0,10562.0,10567.0,10573.0,10578.0,10587.0,10594.0,10595.0,10599.0,10602.0,10603.0,10605.0,10608.0,10609.0,10613.0,10616.0,10622.0,10627.0,10628.0,10630.0,10635.0,10643.0,10657.0,10672.0,10675.0,10680.0,10686.0,10687.0,10693.0,10701.0,10703.0,10708.0,10710.0,10715.0,10718.0,10721.0,10729.0,10734.0,10738.0,10739.0,10740.0,10745.0,10745.0,10746.0,10749.0,10752.0,10754.0,10755.0,10758.0,10761.0,10767.0,10768.0,10772.0,10777.0,10782.0,10785.0,10787.0,10789.0,10789.0,10793.0,10800.0,10802.0,10806.0,10809.0,10809.0,10811.0,10815.0,10818.0,10819.0,10821
hHCqWj0pV0g,22803.0,22812.0,22819.0,22831.0,22838.0,22848.0,22867.0,22875.0,22883.0,22901.0,22905.0,22911.0,22924.0,22929.0,22934.0,22943.0,22955.0,22963.0,22980.0,22988.0,22994.0,22999.0,23006.0,23018.0,23025.0,23030.0,23041.0,23056.0,23066.0,23077.0,23084.0,23096.0,23103.0,23115.0,23124.0,23136.0,23146.0,23160.0,23176.0,23193.0,23205.0,23210.0,23218.0,23229.0,23248.0,23256.0,23267.0,23273.0,23288.0,23303.0,23315.0,23324.0,23339.0,23350.0,23354.0,23363.0,23373.0,23384.0,23403.0,23410.0,23430.0,23445.0,23464.0,23476.0,23488.0,23507.0,23516.0,23532.0,23533.0,23544.0,23549.0,23555.0,23569.0,23585.0,23593.0,23612.0,23624.0,23632.0,23657.0,23685.0,23683.0,23691.0,23700.0,23720.0,23731.0,23738.0,23752.0,23762.0,23773.0,23782.0,23790.0,23797.0,23800.0,23809.0,23819.0,23826.0,23838.0,23842.0,23854.0,23867.0,23874.0,23882.0,23897.0,23907.0,23922.0,23932.0,23942.0,23950.0,23955.0,23964.0,23972.0,23979.0,23991.0,24000.0,24010.0,24019.0,24027.0,24042.0,24049.0,24055.0,24062.0,24069.0,24071.0,24083.0,24095.0,24106.0,24119.0,24132.0,24141.0,24153.0,24170.0,24190.0,24200.0,24214.0,,,,,,,,,24315.0,24323.0,24326.0,24336.0,24342.0,24350.0,24357.0,24373.0,24384.0,24399.0,24406.0,24418.0,24431.0,24436.0,24446.0,24456.0,24465.0,24475.0,24489.0,24504.0,24514.0,24530.0,24543.0,24553.0,24562.0,24570.0,24589.0,24597.0,24607.0,24614.0,24623.0,24632.0,24640.0,24658.0,24670.0,24673.0,24677.0,24682.0,24697.0,24706.0,24710.0,24713.0,24718.0,24725.0,24735.0,24741.0,24744.0,24754.0,24763.0,24773.0,24783.0,24792.0,24801.0,24809.0,24813.0,24820.0,24828.0,24841.0,24852.0,24867.0,24891.0,24911.0,24924.0,24927.0,24937.0,24943.0,24953.0,24958.0,24962.0,24973.0,24977.0,24984.0,24989.0,25001.0,25009.0,25015.0,25025.0,25037.0,25047.0,25058.0,25064.0,25069.0,25080.0,25102.0,25113.0,25123.0,25127.0,25131.0,25135.0,25145.0,25154.0,25159.0,25168.0,25173.0,25179.0,25187.0,25194.0,25213.0,25224.0,25225.0,25235.0,25244.0,25248.0,25257.0,25266.0,25273.0,25286.0,25294.0,25302.0,25311.0,25320.0,25329.0,25332.0,25341.0,25351.0,25360.0,25364.0,25369.0,25378.0,25386.0,25391.0,,25402.0,25410.0,25421.0,25436.0,25444.0,25448.0,25456.0,25460.0,25464.0,25467.0,25471.0,25483.0,25484.0,25489.0,25495.0,25506.0,25510.0,25520.0,25529.0,25539.0,25545.0,25552.0,25560.0,25570.0,25573.0,25582.0,25588.0,25595.0,25602.0,25607.0,25611.0,25620.0,25627.0,25636.0,25641.0,25645.0,25651.0,25664.0,25682.0,25689.0,25701.0,25708.0,25725.0,25733.0,25744.0,25757.0,25767.0,25772.0,25781.0,25785.0,25790.0,25799.0,25805.0,25815.0,25820.0,25828.0,25833.0,25837.0,25848.0,25855.0,25863.0,25870.0,25882.0,25899.0,25910.0,25918.0,25925.0,25938.0,25942.0,25961.0,25979.0,25992.0,25999.0,26008.0,26018.0,26026.0,26035.0,26048.0,26059.0,26069.0,26078.0,26087.0,26091.0,26097.0,26106.0,26116.0,26127.0,26139.0,26159.0,26163.0,26177.0,26185.0,26200.0,26210.0,26217.0,26232.0,26240.0,26251.0,26252.0,26262.0,26273.0,26278.0,26286.0,26296.0,26303.0,26314.0,26324.0,26332.0,26339.0,26347.0,26362.0,26376.0,26385.0,26394
_4tx2YzH3j0,3520.0,3520.0,3520.0,3520.0,3521.0,3521.0,3521.0,3521.0,3521.0,3521.0,3522.0,3522.0,3523.0,3523.0,3523.0,3523.0,3524.0,3525.0,3526.0,3526.0,3529.0,3529.0,3529.0,3530.0,3532.0,3532.0,3533.0,3533.0,3533.0,3536.0,3537.0,3542.0,3542.0,3542.0,3542.0,3542.0,3545.0,3546.0,3548.0,3549.0,3550.0,3552.0,3553.0,3553.0,3553.0,3554.0,3554.0,3558.0,3562.0,3563.0,3564.0,3565.0,3568.0,3570.0,3570.0,3570.0,3574.0,3575.0,3583.0,3595.0,3610.0,3613.0,3617.0,3621.0,3627.0,3635.0,3639.0,3640.0,3642.0,3644.0,3648.0,3649.0,3652.0,3653.0,3656.0,3657.0,3662.0,3663.0,3666.0,3669.0,3672.0,3675.0,3675.0,3676.0,3677.0,3680.0,3681.0,3682.0,3682.0,3683.0,3685.0,3692.0,3692.0,3695.0,3696.0,3697.0,3700.0,3702.0,3705.0,3706.0,3706.0,3708.0,3712.0,3714.0,3716.0,3723.0,3726.0,3731.0,3736.0,3737.0,3740.0,3746.0,3750.0,3756.0,3762.0,3767.0,3769.0,3772.0,3776.0,3783.0,3786.0,3789.0,3789.0,3795.0,3797.0,3799.0,3800.0,3803.0,3805.0,3807.0,3808.0,3808.0,3810.0,3811.0,,,,,,,,,3822.0,3824.0,3826.0,3827.0,3829.0,3831.0,3831.0,3831.0,3832.0,3833.0,3834.0,3834.0,3834.0,3835.0,3836.0,3838.0,3840.0,3842.0,3842.0,3844.0,3846.0,3847.0,3850.0,3849.0,3850.0,3852.0,3854.0,3854.0,3854.0,3855.0,3855.0,3858.0,3859.0,3863.0,3863.0,3863.0,3863.0,3866.0,3867.0,3867.0,3869.0,3871.0,3873.0,3874.0,3874.0,3875.0,3877.0,3877.0,3879.0,3879.0,3881.0,3881.0,3884.0,3884.0,3887.0,3887.0,3887.0,3889.0,3890.0,3890.0,3890.0,3891.0,3891.0,3891.0,3892.0,3894.0,3895.0,3899.0,3901.0,3901.0,3901.0,3901.0,3901.0,3903.0,3903.0,3904.0,3904.0,3904.0,3905.0,3905.0,3909.0,3909.0,3909.0,3910.0,3910.0,3912.0,3912.0,3912.0,3912.0,3912.0,3913.0,3914.0,3914.0,3914.0,3915.0,3916.0,3916.0,3917.0,3917.0,3917.0,3917.0,3917.0,3918.0,3918.0,3918.0,3919.0,3919.0,3919.0,3921.0,3923.0,3924.0,3926.0,3927.0,3927.0,3930.0,3932.0,3932.0,3933.0,3935.0,3937.0,3940.0,,3941.0,3945.0,3948.0,3949.0,3954.0,3954.0,3954.0,3957.0,3957.0,3958.0,3962.0,3962.0,3962.0,3962.0,3962.0,3962.0,3962.0,3963.0,3965.0,3966.0,3971.0,3971.0,3972.0,3973.0,3974.0,3974.0,3975.0,3976.0,3976.0,3976.0,3978.0,3978.0,3978.0,3980.0,3981.0,3982.0,3984.0,3987.0,3987.0,3988.0,3988.0,3990.0,3991.0,3992.0,3994.0,3997.0,3998.0,3998.0,4000.0,4000.0,4001.0,4001.0,4002.0,4003.0,4004.0,4004.0,4005.0,4005.0,4005.0,4006.0,4006.0,4006.0,4006.0,4008.0,4009.0,4009.0,4013.0,4015.0,4016.0,4018.0,4018.0,4021.0,4022.0,4022.0,4023.0,4023.0,4025.0,4026.0,4026.0,4026.0,4026.0,4027.0,4030.0,4030.0,4030.0,4032.0,4032.0,4032.0,4033.0,4034.0,4034.0,4034.0,4035.0,4035.0,4038.0,4040.0,4042.0,4042.0,4042.0,4042.0,4043.0,4044.0,4045.0,4045.0,4045.0,4045.0,4047.0,4048.0,4049.0,4049.0,4049.0,4049.0,4050.0,4052
cXCBiF67jLM,161328446.0,161354801.0,161384367.0,161415451.0,161444852.0,161477124.0,161508308.0,161541689.0,161577763.0,161616644.0,161657835.0,161693559.0,161730718.0,161767525.0,161806475.0,161845337.0,161884919.0,161921645.0,161957206.0,161993068.0,162032069.0,162072555.0,162110280.0,162141436.0,162173273.0,162204707.0,162237589.0,162272624.0,162308721.0,162345136.0,162381488.0,162412517.0,162443321.0,162476041.0,162509971.0,162543357.0,162578706.0,162612822.0,162644620.0,162675688.0,162709703.0,162744942.0,162782797.0,162821100.0,162855725.0,162886430.0,162915368.0,162947105.0,162977680.0,163009870.0,163040216.0,163074465.0,163105380.0,163134635.0,163166185.0,163199092.0,163233451.0,163268407.0,163303100.0,163335572.0,163364670.0,163396215.0,163427338.0,163458166.0,163488818.0,163518863.0,163547927.0,163578054.0,163606289.0,163642316.0,163673603.0,163703927.0,163735848.0,163769211.0,163800477.0,163832372.0,163865856.0,163896293.0,163928427.0,163958853.0,163989189.0,164018352.0,164049353.0,164081195.0,164111216.0,164141131.0,164169821.0,164198428.0,164226772.0,164257009.0,164288190.0,164319113.0,164348150.0,164376686.0,164404090.0,164431247.0,164461412.0,164491873.0,164522986.0,164553359.0,164583061.0,164610200.0,164636014.0,164664452.0,164693211.0,164722823.0,164754183.0,164785952.0,164816356.0,164842991.0,164869952.0,164899148.0,164927969.0,164955971.0,164984429.0,165012376.0,165040506.0,165070591.0,165100236.0,165129511.0,165159251.0,165187001.0,165214640.0,165239673.0,165267089.0,165294705.0,165321101.0,165350224.0,165379580.0,165407871.0,165436316.0,165465147.0,165492499.0,165520094.0,,,,,,,,,165777300.0,165807953.0,165835084.0,165862747.0,165889847.0,165916705.0,165942863.0,165968239.0,165995035.0,166019781.0,166045639.0,166071431.0,166098813.0,166125658.0,166152699.0,166178801.0,166203090.0,166229164.0,166257039.0,166286974.0,166315919.0,166346235.0,166376057.0,166404227.0,166433258.0,166463048.0,166493467.0,166524377.0,166553495.0,166582369.0,166609699.0,166638705.0,166667305.0,166696694.0,166724186.0,166748065.0,166769218.0,166791026.0,166814091.0,166837209.0,166859329.0,166881062.0,166903314.0,166925076.0,166946106.0,166967761.0,166989704.0,167011894.0,167034176.0,167056517.0,167077468.0,167098336.0,167120232.0,167142608.0,167164137.0,167186466.0,167208911.0,167230071.0,167251124.0,167274162.0,167298263.0,167319719.0,167337453.0,167357438.0,167377577.0,167398868.0,167421071.0,167444179.0,167465786.0,167484630.0,167506473.0,167527121.0,167547776.0,167570238.0,167593383.0,167616302.0,167640451.0,167664474.0,167687619.0,167709360.0,167732911.0,167757997.0,167784023.0,167811704.0,167836540.0,167860387.0,167882686.0,167906282.0,167928841.0,167951774.0,167974128.0,167996541.0,168019628.0,168041596.0,168063836.0,168086956.0,168111847.0,168136216.0,168161184.0,168184362.0,168206428.0,168228353.0,168251219.0,168273872.0,168297527.0,168320187.0,168341910.0,168362564.0,168383713.0,168404950.0,168427242.0,168450414.0,168474193.0,168496332.0,168517456.0,168538439.0,168558118.0,168584502.0,168612312.0,168639949.0,168667389.0,,168722131.0,168751700.0,168780896.0,168811190.0,168842611.0,168871552.0,168899451.0,168926666.0,168956021.0,168986655.0,169015495.0,169043049.0,169070055.0,169095291.0,169115525.0,169136126.0,169158062.0,169181070.0,169203890.0,169224290.0,169244555.0,169266099.0,169288726.0,169311705.0,169341760.0,169374285.0,169401826.0,169428767.0,169452315.0,169478187.0,169504093.0,169530259.0,169553831.0,169577070.0,169598453.0,169621092.0,169644931.0,169675399.0,169703005.0,169727727.0,169752833.0,169777238.0,169801208.0,169827066.0,169850922.0,169873069.0,169895841.0,169917149.0,169937574.0,169960767.0,169985273.0,170010086.0,170034268.0,170058777.0,170082572.0,170105467.0,170128996.0,170152194.0,170176040.0,170200101.0,170224471.0,170247544.0,170269094.0,170291015.0,170313584.0,170335856.0,170357142.0,170378949.0,170400231.0,170420272.0,170441266.0,170461714.0,170482669.0,170503459.0,170525672.0,170546984.0,170567923.0,170589515.0,170611653.0,170634102.0,170657213.0,170682002.0,170704395.0,170726909.0,170750416.0,170773758.0,170797524.0,170821591.0,170845525.0,170869163.0,170891711.0,170914010.0,170936702.0,170960241.0,170982440.0,171006579.0,171028519.0,171049549.0,171071902.0,171093649.0,171114603.0,171136272.0,171156808.0,171175949.0,171193616.0,171212656.0,171232232.0,171251570.0,171271036.0,171291128.0,171309752.0,171328446.0,171348416.0,171368642
cXCBiF67jLM,161328446.0,161354801.0,161384367.0,161415451.0,161444852.0,161477124.0,161508308.0,161541689.0,161577763.0,161616644.0,161657835.0,161693559.0,161730718.0,161767525.0,161806475.0,161845337.0,161884919.0,161921645.0,161957206.0,161993068.0,162032069.0,162072555.0,162110280.0,162141436.0,162173273.0,162204707.0,162237589.0,162272624.0,162308721.0,162345136.0,162381488.0,162412517.0,162443321.0,162476041.0,162509971.0,162543357.0,162578706.0,162612822.0,162644620.0,162675688.0,162709703.0,162744942.0,162782797.0,162821100.0,162855725.0,162886430.0,162915368.0,162947105.0,162977680.0,163009870.0,163040216.0,163074465.0,163105380.0,163134635.0,163166185.0,163199092.0,163233451.0,163268407.0,163303100.0,163335572.0,163364670.0,163396215.0,163427338.0,163458166.0,163488818.0,163518863.0,163547927.0,163578054.0,163606289.0,163642316.0,163673603.0,163703927.0,163735848.0,163769211.0,163800477.0,163832372.0,163865856.0,163896293.0,163928427.0,163958853.0,163989189.0,164018352.0,164049353.0,164081195.0,164111216.0,164141131.0,164169821.0,164198428.0,164226772.0,164257009.0,164288190.0,164319113.0,164348150.0,164376686.0,164404090.0,164431247.0,164461412.0,164491873.0,164522986.0,164553359.0,164583061.0,164610200.0,164636014.0,164664452.0,164693211.0,164722823.0,164754183.0,164785952.0,164816356.0,164842991.0,164869952.0,164899148.0,164927969.0,164955971.0,164984429.0,165012376.0,165040506.0,165070591.0,165100236.0,165129511.0,165159251.0,165187001.0,165214640.0,165239673.0,165267089.0,165294705.0,165321101.0,165350224.0,165379580.0,165407871.0,165436316.0,165465147.0,165492499.0,165520094.0,,,,,,,,,165777300.0,165807953.0,165835084.0,165862747.0,165889847.0,165916705.0,165942863.0,165968239.0,165995035.0,166019781.0,166045639.0,166071431.0,166098813.0,166125658.0,166152699.0,166178801.0,166203090.0,166229164.0,166257039.0,166286974.0,166315919.0,166346235.0,166376057.0,166404227.0,166433258.0,166463048.0,166493467.0,166524377.0,166553495.0,166582369.0,166609699.0,166638705.0,166667305.0,166696694.0,166724186.0,166748065.0,166769218.0,166791026.0,166814091.0,166837209.0,166859329.0,166881062.0,166903314.0,166925076.0,166946106.0,166967761.0,166989704.0,167011894.0,167034176.0,167056517.0,167077468.0,167098336.0,167120232.0,167142608.0,167164137.0,167186466.0,167208911.0,167230071.0,167251124.0,167274162.0,167298263.0,167319719.0,167337453.0,167357438.0,167377577.0,167398868.0,167421071.0,167444179.0,167465786.0,167484630.0,167506473.0,167527121.0,167547776.0,167570238.0,167593383.0,167616302.0,167640451.0,167664474.0,167687619.0,167709360.0,167732911.0,167757997.0,167784023.0,167811704.0,167836540.0,167860387.0,167882686.0,167906282.0,167928841.0,167951774.0,167974128.0,167996541.0,168019628.0,168041596.0,168063836.0,168086956.0,168111847.0,168136216.0,168161184.0,168184362.0,168206428.0,168228353.0,168251219.0,168273872.0,168297527.0,168320187.0,168341910.0,168362564.0,168383713.0,168404950.0,168427242.0,168450414.0,168474193.0,168496332.0,168517456.0,168538439.0,168558118.0,168584502.0,168612312.0,168639949.0,168667389.0,,168722131.0,168751700.0,168780896.0,168811190.0,168842611.0,168871552.0,168899451.0,168926666.0,168956021.0,168986655.0,169015495.0,169043049.0,169070055.0,169095291.0,169115525.0,169136126.0,169158062.0,169181070.0,169203890.0,169224290.0,169244555.0,169266099.0,169288726.0,169311705.0,169341760.0,169374285.0,169401826.0,169428767.0,169452315.0,169478187.0,169504093.0,169530259.0,169553831.0,169577070.0,169598453.0,169621092.0,169644931.0,169675399.0,169703005.0,169727727.0,169752833.0,169777238.0,169801208.0,169827066.0,169850922.0,169873069.0,169895841.0,169917149.0,169937574.0,169960767.0,169985273.0,170010086.0,170034268.0,170058777.0,170082572.0,170105467.0,170128996.0,170152194.0,170176040.0,170200101.0,170224471.0,170247544.0,170269094.0,170291015.0,170313584.0,170335856.0,170357142.0,170378949.0,170400231.0,170420272.0,170441266.0,170461714.0,170482669.0,170503459.0,170525672.0,170546984.0,170567923.0,170589515.0,170611653.0,170634102.0,170657213.0,170682002.0,170704395.0,170726909.0,170750416.0,170773758.0,170797524.0,170821591.0,170845525.0,170869163.0,170891711.0,170914010.0,170936702.0,170960241.0,170982440.0,171006579.0,171028519.0,171049549.0,171071902.0,171093649.0,171114603.0,171136272.0,171156808.0,171175949.0,171193616.0,171212656.0,171232232.0,171251570.0,171271036.0,171291128.0,171309752.0,171328446.0,171348416.0,171368642
qSdyigEP2jY,3197965.0,3198704.0,3199347.0,3199876.0,3200629.0,3201304.0,3201904.0,3202630.0,3203382.0,3204107.0,3204804.0,3205559.0,3206291.0,3207159.0,3208001.0,3208790.0,3209479.0,3210178.0,3210821.0,3211688.0,3212395.0,3213250.0,3214044.0,3214678.0,3215338.0,3215906.0,3216614.0,3217328.0,3218043.0,3218752.0,3219374.0,3220002.0,3220623.0,3221120.0,3221750.0,3222395.0,3223062.0,3223625.0,3224216.0,3224892.0,3225593.0,3226270.0,3227120.0,3227964.0,3228652.0,3229324.0,3230104.0,3230880.0,3231594.0,3232363.0,3233187.0,3233963.0,3234781.0,3235566.0,3236326.0,3237069.0,3237863.0,3238749.0,3239514.0,3240221.0,3241114.0,3242019.0,3242921.0,3243641.0,3244436.0,3245390.0,3246066.0,3246822.0,3247519.0,3248473.0,3249335.0,3250178.0,3250974.0,3251611.0,3252504.0,3253247.0,3254011.0,3254747.0,3255643.0,3256479.0,3257150.0,3257888.0,3258646.0,3259453.0,3260410.0,3261161.0,3261884.0,3262456.0,3263131.0,3263954.0,3264704.0,3265530.0,3266428.0,3267204.0,3267857.0,3268617.0,3269413.0,3270291.0,3271058.0,3271874.0,3272686.0,3273308.0,3273980.0,3274801.0,3275538.0,3276345.0,3277122.0,3277873.0,3278497.0,3279307.0,3280175.0,3281156.0,3281970.0,3282866.0,3283588.0,3284297.0,3285191.0,3286159.0,3287149.0,3288373.0,3289277.0,3290041.0,3290916.0,3291785.0,3292635.0,3293773.0,3294781.0,3295767.0,3296705.0,3297642.0,3298717.0,3299777.0,3300863.0,3301728.0,,,,,,,,,3309978.0,3310756.0,3311577.0,3312446.0,3313280.0,3314038.0,3314910.0,3315660.0,3316389.0,3317141.0,3317942.0,3318786.0,3319712.0,3320548.0,3321244.0,3321906.0,3322636.0,3323513.0,3324377.0,3325138.0,3325894.0,3326690.0,3327380.0,3328169.0,3328926.0,3329740.0,3330567.0,3331384.0,3332161.0,3332901.0,3333704.0,3334444.0,3335446.0,3336372.0,3337322.0,3338170.0,3338935.0,3339888.0,3340789.0,3341739.0,3342599.0,3343490.0,3344337.0,3345062.0,3345803.0,3346766.0,3347685.0,3348531.0,3349451.0,3350324.0,3351059.0,3351810.0,3352600.0,3353472.0,3354283.0,3354993.0,3355685.0,3356297.0,3357069.0,3357764.0,3358476.0,3359135.0,3359905.0,3360520.0,3361159.0,3361926.0,3362751.0,3363495.0,3364037.0,3364795.0,3365468.0,3366233.0,3367079.0,3367966.0,3368856.0,3369774.0,3370577.0,3371331.0,3372026.0,3372758.0,3373438.0,3374160.0,3375028.0,3375865.0,3376716.0,3377511.0,3378254.0,3379163.0,3379971.0,3380802.0,3381692.0,3382551.0,3383331.0,3384192.0,3384985.0,3385859.0,3386537.0,3387401.0,3388061.0,3388839.0,3389699.0,3390469.0,3391360.0,3392062.0,3392943.0,3393700.0,3394327.0,3395027.0,3395823.0,3396548.0,3397319.0,3398017.0,3398775.0,3399399.0,3400093.0,3400695.0,3401474.0,3402244.0,3402928.0,3403718.0,3404374.0,,3405875.0,3406779.0,3407565.0,3408390.0,3409251.0,3410083.0,3410814.0,3411469.0,3412394.0,3413244.0,3414114.0,3414935.0,3415670.0,3416458.0,3417234.0,3418016.0,3418844.0,3419594.0,3420359.0,3421084.0,3421887.0,3422783.0,3423711.0,3424542.0,3425323.0,3426142.0,3426841.0,3427553.0,3428335.0,3429250.0,3430082.0,3430868.0,3431720.0,3432335.0,3433184.0,3434012.0,3435047.0,3435893.0,3436678.0,3437404.0,3438104.0,3438874.0,3439567.0,3440337.0,3441132.0,3442024.0,3442795.0,3443480.0,3444135.0,3444979.0,3445698.0,3446477.0,3447282.0,3447942.0,3448608.0,3449241.0,3449991.0,3450895.0,3451693.0,3452430.0,3453075.0,3453779.0,3454587.0,3455437.0,3456283.0,3457112.0,3457834.0,3458644.0,3459336.0,3460099.0,3460942.0,3461837.0,3462965.0,3463989.0,3464913.0,3465824.0,3466967.0,3468069.0,3469166.0,3470224.0,3471276.0,3472250.0,3473185.0,3474228.0,3475337.0,3476488.0,3477715.0,3478958.0,3479970.0,3480939.0,3481962.0,3482978.0,3483974.0,3484964.0,3485895.0,3486752.0,3487643.0,3488556.0,3489438.0,3490305.0,3491169.0,3492124.0,3493007.0,3493829.0,3494783.0,3495624.0,3496677.0,3497665.0,3498524.0,3499307.0,3500185.0,3501090.0,3501933.0,3502845
5_n6t9G2TUQ,37436257.0,37478049.0,37520550.0,37564232.0,37606326.0,37647097.0,37692812.0,37736286.0,37778814.0,37822467.0,37867194.0,37917207.0,37971161.0,38007326.0,38044942.0,38087360.0,38127768.0,38167891.0,38207193.0,38245354.0,38291979.0,38343176.0,38396193.0,38441318.0,38487270.0,38533520.0,38582800.0,38625580.0,38673102.0,38723872.0,38770132.0,38806935.0,38844927.0,38884679.0,38926261.0,38965540.0,39007666.0,39055516.0,39097130.0,39135528.0,39174156.0,39216123.0,39268848.0,39328461.0,39367438.0,39403091.0,39440438.0,39485581.0,39531688.0,39588631.0,39643150.0,39691327.0,39727119.0,39765108.0,39810098.0,39854142.0,39904534.0,39956690.0,40003255.0,40047876.0,40092732.0,40136627.0,40179622.0,40220690.0,40259847.0,40304678.0,40350563.0,40397710.0,40434160.0,40483022.0,40521132.0,40556688.0,40594129.0,40643183.0,40691375.0,40741744.0,40788806.0,40828973.0,40870670.0,40907452.0,40947336.0,40990165.0,41031673.0,41071513.0,41107339.0,41140388.0,41175695.0,41211040.0,41250119.0,41291537.0,41329650.0,41361569.0,41392836.0,41423867.0,41453518.0,41492332.0,41531171.0,41572531.0,41612798.0,41648139.0,41682570.0,41715892.0,41750762.0,41789749.0,41831987.0,41874272.0,41914333.0,41958996.0,42005779.0,42045656.0,42085034.0,42122656.0,42158063.0,42195347.0,42236271.0,42276087.0,42321050.0,42366660.0,42414443.0,42458170.0,42502946.0,42546998.0,42586855.0,42622439.0,42659107.0,42696369.0,42736223.0,42781575.0,42820133.0,42860079.0,42901310.0,42939585.0,42981090.0,43022183.0,,,,,,,,,43390258.0,43436333.0,43479861.0,43523203.0,43564443.0,43603379.0,43639380.0,43674616.0,43710473.0,43744824.0,43779367.0,43815927.0,43853224.0,43887322.0,43920186.0,43952695.0,43986924.0,44021553.0,44059342.0,44101952.0,44144799.0,44187691.0,44233172.0,44281133.0,44331901.0,44380112.0,44432177.0,44487966.0,44544364.0,44601912.0,44658730.0,44714077.0,44770155.0,44824449.0,44876665.0,44930251.0,44983216.0,45036095.0,45094157.0,45152207.0,45204928.0,45263013.0,45320760.0,45380768.0,45443550.0,45502887.0,45560264.0,45615420.0,45670571.0,45725869.0,45777023.0,45830444.0,45883134.0,45936383.0,45988303.0,46041712.0,46091863.0,46142149.0,46188913.0,46235072.0,46281467.0,46327479.0,46370250.0,46412262.0,46453373.0,46497635.0,46541214.0,46583096.0,46621579.0,46662278.0,46702362.0,46741405.0,46782627.0,46825328.0,46865498.0,46906193.0,46951210.0,46992194.0,47031429.0,47073180.0,47114408.0,47152746.0,47196960.0,47239759.0,47278407.0,47314751.0,47354597.0,47396091.0,47435718.0,47476181.0,47516436.0,47553813.0,47591293.0,47630708.0,47671429.0,47715280.0,47758287.0,47799119.0,47836120.0,47873332.0,47915895.0,47956366.0,47996654.0,48037586.0,48079894.0,48121467.0,48159080.0,48197977.0,48237006.0,48278904.0,48323238.0,48365350.0,48408221.0,48450025.0,48489719.0,48528094.0,48568455.0,48611875.0,48659242.0,48705218.0,48750112.0,,48857802.0,48911463.0,48964316.0,49019334.0,49074120.0,49125652.0,49175531.0,49222791.0,49269831.0,49315252.0,49362732.0,49411428.0,49455921.0,49500679.0,49541237.0,49582132.0,49622693.0,49660848.0,49700314.0,49738431.0,49775513.0,49813461.0,49852655.0,49891305.0,49932073.0,49971802.0,50011416.0,50052994.0,50094040.0,50135325.0,50178690.0,50224888.0,50268019.0,50310075.0,50352071.0,50391277.0,50426933.0,50465341.0,50506750.0,50546628.0,50585448.0,50626218.0,50667578.0,50706579.0,50743668.0,50780765.0,50814709.0,50845383.0,50876923.0,50908383.0,50940827.0,50973178.0,51007387.0,51044985.0,51079973.0,51114946.0,51146567.0,51180195.0,51214016.0,51246389.0,51277682.0,51308891.0,51339198.0,51370362.0,51402199.0,51433476.0,51464446.0,51495315.0,51525973.0,51560028.0,51593016.0,51625682.0,51657476.0,51694226.0,51727172.0,51757150.0,51790933.0,51823545.0,51855178.0,51886105.0,51919685.0,51951332.0,51982167.0,52014694.0,52046748.0,52079475.0,52113697.0,52150802.0,52186822.0,52223611.0,52259955.0,52293855.0,52328843.0,52363285.0,52396618.0,52429241.0,52458832.0,52489938.0,52524093.0,52558898.0,52591180.0,52626089.0,52662495.0,52695588.0,52729809.0,52763043.0,52795115.0,52827845.0,52861008.0,52895414.0,52926361.0,52955244.0,52985217.0,53017200
dMaU3Mj7EVY,6877109.0,6881775.0,6887042.0,6892001.0,6897466.0,6903491.0,6909540.0,6915719.0,6921993.0,6927939.0,6933174.0,6939346.0,6946097.0,6952329.0,6958990.0,6966069.0,6972405.0,6978422.0,6985346.0,6992330.0,6999725.0,7007576.0,7014659.0,7022062.0,7028616.0,7036367.0,7044061.0,7051988.0,7059646.0,7066779.0,7072790.0,7078133.0,7084474.0,7090573.0,7096927.0,7103320.0,7109355.0,7114661.0,7119939.0,7126655.0,7133322.0,7139453.0,7144813.0,7150417.0,7155471.0,7160160.0,7165349.0,7171168.0,7176449.0,7181533.0,7185980.0,7190786.0,7195348.0,7200549.0,7205869.0,7211023.0,7216389.0,7221397.0,7225904.0,7230302.0,7236191.0,7241697.0,7246883.0,7252292.0,7257430.0,7262196.0,7266510.0,7271359.0,7275709.0,7281084.0,7286437.0,7291660.0,7296263.0,7300375.0,7305234.0,7310380.0,7314858.0,7319567.0,7324430.0,7329055.0,7332721.0,7337302.0,7341620.0,7346276.0,7351121.0,7355800.0,7360172.0,7363973.0,7368342.0,7373516.0,7378853.0,7383827.0,7388306.0,7392582.0,7396442.0,7400777.0,7405637.0,7410984.0,7416505.0,7421738.0,7426563.0,7430881.0,7435618.0,7440487.0,7445375.0,7450135.0,7455070.0,7459912.0,7464273.0,7469606.0,7474964.0,7480349.0,7485665.0,7490972.0,7495566.0,7499667.0,7504661.0,7509914.0,7515380.0,7520497.0,7525126.0,7529528.0,7533927.0,7538849.0,7544712.0,7550438.0,7555934.0,7560828.0,7565320.0,7569424.0,7573873.0,7579662.0,7585616.0,7591630.0,,,,,,,,,7644378.0,7649501.0,7654682.0,7659927.0,7665279.0,7670603.0,7675583.0,7680374.0,7685088.0,7689989.0,7695041.0,7699992.0,7705086.0,7710473.0,7715603.0,7720175.0,7725489.0,7731565.0,7738130.0,7744541.0,7750972.0,7757461.0,7763108.0,7769512.0,7776493.0,7783174.0,7789743.0,7796188.0,7802268.0,7808114.0,7814512.0,7821395.0,7828065.0,7834784.0,7841919.0,7848260.0,7854206.0,7861372.0,7868684.0,7876080.0,7883026.0,7890024.0,7896717.0,7902602.0,7909482.0,7916199.0,7922798.0,7929518.0,7936321.0,7942450.0,7948098.0,7954598.0,7961151.0,7968071.0,7974605.0,7981467.0,7987874.0,7993378.0,7999683.0,8006597.0,8013011.0,8018232.0,8023931.0,8029542.0,8034531.0,8040779.0,8048556.0,8056119.0,8062211.0,8069396.0,8076248.0,8082378.0,8088884.0,8095424.0,8102355.0,8109278.0,8116634.0,8123587.0,8129483.0,8135991.0,8142992.0,8149448.0,8156526.0,8163835.0,8170663.0,8176859.0,8183579.0,8190745.0,8197627.0,8204592.0,8211800.0,8218404.0,8224689.0,8231844.0,8239090.0,8246317.0,8253732.0,8261089.0,8267761.0,8273628.0,8280548.0,8288246.0,8296300.0,8304413.0,8311971.0,8318609.0,8324845.0,8332477.0,8340128.0,8347789.0,8356036.0,8364131.0,8371784.0,8378548.0,8385462.0,8392214.0,8398889.0,8405587.0,8412408.0,8419268.0,8425276.0,,8440680.0,8448774.0,8456668.0,8464442.0,8472230.0,8479053.0,8486412.0,8493634.0,8500704.0,8508257.0,8516253.0,8523427.0,8529580.0,8536940.0,8544382.0,8552583.0,8560476.0,8568278.0,8575625.0,8582056.0,8589421.0,8596935.0,8603916.0,8610565.0,8616756.0,8622021.0,8626964.0,8632624.0,8638524.0,8644739.0,8651064.0,8657482.0,8663290.0,8668640.0,8675230.0,8682117.0,8688978.0,8695957.0,8702151.0,8708025.0,8713433.0,8719909.0,8727058.0,8734450.0,8741815.0,8748525.0,8755025.0,8761257.0,8768177.0,8774853.0,8781208.0,8787910.0,8794584.0,8801177.0,8806901.0,8813491.0,8820318.0,8827907.0,8835697.0,8842545.0,8848544.0,8854293.0,8861085.0,8868098.0,8875189.0,8881897.0,8887577.0,8893148.0,8898192.0,8904041.0,8909662.0,8915323.0,8921318.0,8927166.0,8932700.0,8937787.0,8943790.0,8949542.0,8956168.0,8961898.0,8968294.0,8974072.0,8979193.0,8985289.0,8991586.0,8998212.0,9005068.0,9011985.0,9018075.0,9023278.0,9029715.0,9035302.0,9039733.0,9045099.0,9050886.0,9056861.0,9061771.0,9067143.0,9073263.0,9078941.0,9084542.0,9090482.0,9096017.0,9100821.0,9106308.0,9111830.0,9117462.0,9122663.0,9127737.0,9132321.0,9136497.0,9140944.0,9146014.0,9151322
aO5DPf0vebc,13487452.0,13489178.0,13491125.0,13493331.0,13495255.0,13497326.0,13499265.0,13501334.0,13503445.0,13505660.0,13507857.0,13509834.0,13511831.0,13513690.0,13515725.0,13517619.0,13519417.0,13521348.0,13523237.0,13525056.0,13526915.0,13528799.0,13530820.0,13532887.0,13534886.0,13536852.0,13539300.0,13541328.0,13543243.0,13545258.0,13547183.0,13549166.0,13550900.0,13552785.0,13554651.0,13556752.0,13558835.0,13560663.0,13562535.0,13564241.0,13566058.0,13567818.0,13569454.0,13571213.0,13573065.0,13574699.0,13576230.0,13577891.0,13579512.0,13581276.0,13583081.0,13584909.0,13586669.0,13588304.0,13590144.0,13591853.0,13593638.0,13595454.0,13597188.0,13598925.0,13600789.0,13602700.0,13604487.0,13606271.0,13608042.0,13609912.0,13611732.0,13613621.0,13615290.0,13617530.0,13619410.0,13621167.0,13623061.0,13624801.0,13626556.0,13628301.0,13630085.0,13631756.0,13633471.0,13635317.0,13637139.0,13638868.0,13640439.0,13642223.0,13643838.0,13645574.0,13647331.0,13649171.0,13650932.0,13652629.0,13654227.0,13655829.0,13657345.0,13659068.0,13660981.0,13662803.0,13664544.0,13666230.0,13667954.0,13669717.0,13671647.0,13673575.0,13675350.0,13677116.0,13678973.0,13680914.0,13682779.0,13684474.0,13686178.0,13687819.0,13689443.0,13690985.0,13692631.0,13694229.0,13695860.0,13697561.0,13699050.0,13700537.0,13702066.0,13703562.0,13705053.0,13706624.0,13708404.0,13710793.0,13712818.0,13714665.0,13716514.0,13718365.0,13720204.0,13722113.0,13723804.0,13725576.0,13727368.0,13729084.0,,,,,,,,,13743131.0,13744635.0,13746062.0,13747468.0,13748832.0,13750344.0,13751830.0,13753169.0,13754935.0,13756447.0,13757847.0,13759241.0,13760726.0,13762163.0,13763583.0,13765089.0,13766509.0,13767996.0,13769336.0,13770673.0,13772049.0,13773384.0,13774834.0,13776165.0,13777560.0,13778824.0,13780238.0,13781692.0,13783124.0,13784492.0,13785833.0,13787093.0,13788378.0,13789685.0,13791010.0,13792430.0,13793791.0,13795137.0,13796448.0,13797684.0,13798918.0,13800246.0,13801657.0,13803051.0,13804455.0,13805820.0,13807201.0,13808769.0,13810279.0,13811965.0,13814249.0,13816265.0,13818647.0,13820892.0,13822823.0,13824606.0,13826410.0,13828078.0,13829737.0,13831352.0,13832986.0,13834753.0,13836535.0,13838305.0,13840085.0,13841824.0,13843653.0,13845839.0,13847884.0,13849572.0,13851385.0,13853131.0,13854748.0,13856456.0,13858033.0,13859680.0,13861343.0,13863047.0,13864691.0,13866197.0,13867682.0,13869085.0,13870650.0,13872346.0,13873878.0,13875371.0,13876645.0,13877914.0,13879214.0,13880598.0,13882042.0,13883498.0,13884927.0,13886461.0,13887969.0,13889477.0,13891148.0,13892801.0,13894420.0,13896274.0,13898096.0,13899924.0,13901620.0,13903315.0,13905347.0,13907284.0,13909209.0,13910905.0,13912434.0,13913979.0,13915453.0,13917212.0,13918976.0,13920631.0,13922496.0,13924246.0,13925960.0,13927825.0,13929580.0,13931248.0,13932940.0,,13936135.0,13937873.0,13939644.0,13941264.0,13942888.0,13944484.0,13945994.0,13947545.0,13949085.0,13950640.0,13952287.0,13953974.0,13955553.0,13957071.0,13958435.0,13959919.0,13961287.0,13962668.0,13964081.0,13965519.0,13966991.0,13968429.0,13969826.0,13971215.0,13972455.0,13973763.0,13975009.0,13976366.0,13977732.0,13979056.0,13980507.0,13981978.0,13983742.0,13985489.0,13987020.0,13988587.0,13990025.0,13991568.0,13993196.0,13995095.0,13996748.0,13998524.0,14000460.0,14002136.0,14003678.0,14005142.0,14006675.0,14008142.0,14009579.0,14010890.0,14012165.0,14013630.0,14015250.0,14017260.0,14018934.0,14020590.0,14022083.0,14023548.0,14024974.0,14026226.0,14027474.0,14028694.0,14029909.0,14031076.0,14032148.0,14033111.0,14034219.0,14035240.0,14036256.0,14037330.0,14038452.0,14039535.0,14040588.0,14041637.0,14042665.0,14043807.0,14044860.0,14046133.0,14047248.0,14048348.0,14049449.0,14050524.0,14051579.0,14052979.0,14055086.0,14056762.0,14058458.0,14059994.0,14061386.0,14062788.0,14064126.0,14065295.0,14066459.0,14067681.0,14068951.0,14070120.0,14071191.0,14072347.0,14073479.0,14074574.0,14075672.0,14076603.0,14077723.0,14078576.0,14079545.0,14080485.0,14081350.0,14082191.0,14083114.0,14083997.0,14084952.0,14085741.0,14086715.0,14087590
zAImgAKaXXs,1102.0,1102.0,1102.0,1102.0,1102.0,1102.0,1102.0,1102.0,1102.0,1103.0,1103.0,1104.0,1105.0,1105.0,1105.0,1105.0,1105.0,1105.0,1105.0,1106.0,1108.0,1108.0,1108.0,1108.0,1108.0,1110.0,1110.0,1111.0,1111.0,1112.0,1112.0,1113.0,1113.0,1116.0,1116.0,1116.0,1116.0,1116.0,1116.0,1117.0,1117.0,1117.0,1118.0,1118.0,1118.0,1118.0,1118.0,1118.0,1119.0,1120.0,1120.0,1120.0,1121.0,1121.0,1121.0,1121.0,1122.0,1122.0,1123.0,1123.0,1123.0,1124.0,1124.0,1127.0,1127.0,1127.0,1127.0,1128.0,1128.0,1128.0,1128.0,1130.0,1130.0,1130.0,1131.0,1131.0,1132.0,1132.0,1132.0,1132.0,1133.0,1133.0,1133.0,1133.0,1133.0,1133.0,1133.0,1133.0,1133.0,1133.0,1133.0,1133.0,1133.0,1133.0,1134.0,1135.0,1135.0,1135.0,1135.0,1135.0,1136.0,1136.0,1136.0,1136.0,1136.0,1136.0,1136.0,1136.0,1136.0,1138.0,1138.0,1138.0,1139.0,1139.0,1139.0,1139.0,1139.0,1139.0,1140.0,1140.0,1140.0,1140.0,1141.0,1141.0,1141.0,1141.0,1141.0,1142.0,1142.0,1143.0,1143.0,1145.0,1145.0,1145.0,,,,,,,,,1148.0,1148.0,1148.0,1148.0,1148.0,1148.0,1149.0,1150.0,1150.0,1150.0,1151.0,1152.0,1152.0,1152.0,1152.0,1152.0,1152.0,1152.0,1153.0,1154.0,1155.0,1156.0,1156.0,1156.0,1156.0,1156.0,1156.0,1156.0,1157.0,1157.0,1158.0,1158.0,1158.0,1159.0,1159.0,1159.0,1160.0,1160.0,1160.0,1161.0,1161.0,1161.0,1161.0,1161.0,1162.0,1162.0,1163.0,1163.0,1164.0,1164.0,1164.0,1164.0,1164.0,1164.0,1164.0,1165.0,1165.0,1165.0,1165.0,1165.0,1165.0,1166.0,1166.0,1166.0,1166.0,1166.0,1166.0,1166.0,1166.0,1167.0,1167.0,1167.0,1167.0,1169.0,1170.0,1171.0,1171.0,1172.0,1172.0,1172.0,1172.0,1175.0,1176.0,1176.0,1176.0,1176.0,1177.0,1177.0,1177.0,1177.0,1179.0,1179.0,1179.0,1179.0,1179.0,1179.0,1179.0,1179.0,1179.0,1179.0,1179.0,1179.0,1180.0,1180.0,1181.0,1181.0,1183.0,1183.0,1183.0,1183.0,1184.0,1187.0,1189.0,1189.0,1189.0,1189.0,1190.0,1190.0,1191.0,1192.0,1192.0,,1192.0,1193.0,1193.0,1193.0,1193.0,1193.0,1194.0,1194.0,1195.0,1195.0,1196.0,1196.0,1197.0,1197.0,1198.0,1198.0,1198.0,1198.0,1200.0,1201.0,1202.0,1205.0,1206.0,1206.0,1206.0,1206.0,1206.0,1206.0,1207.0,1207.0,1209.0,1209.0,1209.0,1209.0,1210.0,1210.0,1211.0,1211.0,1211.0,1212.0,1212.0,1212.0,1212.0,1212.0,1212.0,1212.0,1212.0,1212.0,1212.0,1213.0,1213.0,1213.0,1213.0,1213.0,1213.0,1213.0,1213.0,1213.0,1214.0,1214.0,1215.0,1215.0,1215.0,1215.0,1218.0,1219.0,1219.0,1219.0,1219.0,1219.0,1219.0,1219.0,1219.0,1220.0,1220.0,1220.0,1221.0,1222.0,1222.0,1222.0,1222.0,1223.0,1223.0,1223.0,1223.0,1223.0,1223.0,1223.0,1223.0,1223.0,1223.0,1224.0,1225.0,1225.0,1225.0,1225.0,1225.0,1226.0,1227.0,1228.0,1228.0,1228.0,1230.0,1230.0,1230.0,1231.0,1233.0,1234.0,1234.0,1235.0,1235.0,1353.0,1384.0,1441
wFgXZVXE794,6783.0,6789.0,6794.0,6799.0,6805.0,6813.0,6820.0,6838.0,6854.0,6866.0,6872.0,6889.0,6900.0,6911.0,6932.0,6946.0,6959.0,6978.0,6989.0,7000.0,7010.0,7017.0,7028.0,7034.0,7040.0,7045.0,7054.0,7061.0,7068.0,7073.0,7077.0,7079.0,7083.0,7093.0,7097.0,7097.0,7103.0,7100.0,7114.0,7116.0,7130.0,7137.0,7141.0,7145.0,7150.0,7155.0,7162.0,7169.0,7177.0,7189.0,7194.0,7203.0,7208.0,7218.0,7233.0,7241.0,7247.0,7255.0,7262.0,7267.0,7269.0,7274.0,7280.0,7285.0,7290.0,7295.0,7300.0,7308.0,7312.0,7320.0,7333.0,7334.0,7342.0,7350.0,7356.0,7364.0,7401.0,7415.0,7429.0,7437.0,7446.0,7454.0,7458.0,7466.0,7468.0,7488.0,7496.0,7506.0,7514.0,7522.0,7529.0,7532.0,7552.0,7561.0,7563.0,7567.0,7572.0,7579.0,7592.0,7594.0,7597.0,7598.0,7603.0,7612.0,7619.0,7622.0,7629.0,7633.0,7638.0,7641.0,7647.0,7651.0,7654.0,7657.0,7664.0,7671.0,7674.0,7677.0,7682.0,7686.0,7690.0,7690.0,7694.0,7697.0,7704.0,7708.0,7714.0,7718.0,7720.0,7723.0,7728.0,7730.0,7743.0,7747.0,,,,,,,,,7785.0,7794.0,7799.0,7810.0,7821.0,7830.0,7835.0,7835.0,7842.0,7850.0,7860.0,7865.0,7874.0,7884.0,7888.0,7892.0,7896.0,7897.0,7912.0,7920.0,7928.0,7940.0,7943.0,7946.0,7955.0,7959.0,7963.0,7970.0,7976.0,7982.0,7986.0,7992.0,7996.0,7998.0,8009.0,8017.0,8021.0,8032.0,8037.0,8046.0,8052.0,8057.0,8066.0,8073.0,8078.0,8087.0,8097.0,8106.0,8115.0,8117.0,8122.0,8126.0,8134.0,8141.0,8146.0,8158.0,8160.0,8170.0,8179.0,8187.0,8195.0,8201.0,8206.0,8222.0,8231.0,8238.0,8249.0,8257.0,8265.0,8267.0,8272.0,8274.0,8278.0,8285.0,8297.0,8307.0,8310.0,8320.0,8323.0,8328.0,8341.0,8349.0,8358.0,8367.0,8380.0,8388.0,8396.0,8401.0,8412.0,8416.0,8421.0,8428.0,8431.0,8437.0,8440.0,8448.0,8454.0,8457.0,8461.0,8467.0,8471.0,8473.0,8481.0,8484.0,8489.0,8492.0,8497.0,8500.0,8501.0,8501.0,8505.0,8512.0,8516.0,8517.0,8522.0,8528.0,8535.0,8540.0,8546.0,8548.0,8557.0,,8558.0,8564.0,8572.0,8578.0,8581.0,8585.0,8588.0,8591.0,8598.0,8602.0,8604.0,8606.0,8606.0,8609.0,8616.0,8620.0,8627.0,8632.0,8640.0,8641.0,8643.0,8646.0,8652.0,8659.0,8663.0,8668.0,8670.0,8672.0,8674.0,8675.0,8678.0,8680.0,8684.0,8692.0,8699.0,8702.0,8704.0,8706.0,8710.0,8711.0,8715.0,8716.0,8717.0,8722.0,8725.0,8729.0,8735.0,8739.0,8745.0,8748.0,8751.0,8754.0,8758.0,8763.0,8765.0,8769.0,8777.0,8782.0,8787.0,8794.0,8795.0,8797.0,8798.0,8805.0,8810.0,8814.0,8822.0,8828.0,8833.0,8835.0,8839.0,8844.0,8848.0,8855.0,8864.0,8874.0,8877.0,8879.0,8879.0,8886.0,8891.0,8892.0,8895.0,8897.0,8899.0,8904.0,8905.0,8908.0,8914.0,8921.0,8923.0,8926.0,8933.0,8936.0,8941.0,8946.0,8949.0,8951.0,8955.0,8955.0,8956.0,8959.0,8965.0,8971.0,8974.0,8978.0,8984.0,8987.0,8989.0,8990.0,8993.0,8993.0,8994.0,8996
Ho-0rR1Cmaw,20025.0,20037.0,20050.0,20065.0,20088.0,20107.0,20128.0,20148.0,20155.0,20175.0,20191.0,20203.0,20207.0,20222.0,20233.0,20279.0,20311.0,20358.0,20381.0,20403.0,20416.0,20432.0,20457.0,20466.0,20482.0,20494.0,20510.0,20526.0,20544.0,20570.0,20589.0,20599.0,20618.0,20638.0,20645.0,20661.0,20676.0,20693.0,20706.0,20720.0,20739.0,20754.0,20768.0,20783.0,20807.0,20820.0,20836.0,20848.0,20859.0,20876.0,20892.0,20908.0,20924.0,20943.0,20951.0,20966.0,20979.0,21000.0,21013.0,21028.0,21040.0,21057.0,21088.0,21104.0,21121.0,21139.0,21149.0,21157.0,21172.0,21198.0,21210.0,21218.0,21232.0,21243.0,21250.0,21268.0,21287.0,21308.0,21332.0,21346.0,21366.0,21382.0,21387.0,21409.0,21425.0,21454.0,21480.0,21488.0,21504.0,21519.0,21546.0,21569.0,21600.0,21619.0,21634.0,21651.0,21667.0,21680.0,21702.0,21711.0,21730.0,21746.0,21773.0,21788.0,21804.0,21820.0,21844.0,21854.0,21864.0,21874.0,21900.0,21923.0,21940.0,21956.0,21970.0,21984.0,22003.0,22015.0,22034.0,22051.0,22064.0,22073.0,22088.0,22096.0,22112.0,22130.0,22142.0,22157.0,22166.0,22179.0,22201.0,22219.0,22234.0,22252.0,,,,,,,,,22364.0,22389.0,22409.0,22445.0,22466.0,22489.0,22497.0,22511.0,22534.0,22551.0,22577.0,22606.0,22644.0,22664.0,22681.0,22702.0,22721.0,22753.0,22780.0,22811.0,22829.0,22850.0,22858.0,22879.0,22895.0,22911.0,22931.0,22951.0,22974.0,22983.0,23009.0,23026.0,23045.0,23056.0,23078.0,23104.0,23122.0,23145.0,23162.0,23177.0,23209.0,23246.0,23282.0,23303.0,23323.0,23347.0,23370.0,23406.0,23435.0,23449.0,23465.0,23481.0,23503.0,23519.0,23540.0,23561.0,23571.0,23583.0,23596.0,23610.0,23629.0,23641.0,23651.0,23668.0,23682.0,23698.0,23714.0,23725.0,23737.0,23749.0,23769.0,23780.0,23788.0,23797.0,23813.0,23820.0,23834.0,23846.0,23855.0,23864.0,23878.0,23893.0,23901.0,23911.0,23918.0,23928.0,23937.0,23951.0,23964.0,23978.0,24003.0,24013.0,24023.0,24038.0,24072.0,24082.0,24093.0,24100.0,24115.0,24136.0,24148.0,24160.0,24173.0,24200.0,24216.0,24229.0,24280.0,24329.0,24354.0,24391.0,24406.0,24422.0,24437.0,24448.0,24463.0,24471.0,24476.0,24486.0,24490.0,24494.0,24504.0,,24524.0,24539.0,24550.0,24560.0,24570.0,24577.0,24581.0,24593.0,24602.0,24614.0,24624.0,24631.0,24642.0,24646.0,24665.0,24678.0,24695.0,24701.0,24718.0,24733.0,24751.0,24764.0,24776.0,24784.0,24789.0,24794.0,24797.0,24805.0,24813.0,24816.0,24829.0,24836.0,24843.0,24858.0,24864.0,24869.0,24872.0,24880.0,24888.0,24895.0,24901.0,24906.0,24916.0,24919.0,24923.0,24932.0,24947.0,24960.0,24969.0,24983.0,24992.0,25001.0,25009.0,25012.0,25014.0,25019.0,25033.0,25042.0,25057.0,25072.0,25082.0,25092.0,25098.0,25106.0,25111.0,25120.0,25137.0,25147.0,25159.0,25170.0,25180.0,25186.0,25192.0,25198.0,25212.0,25229.0,25236.0,25245.0,25254.0,25271.0,25274.0,25277.0,25280.0,25285.0,25294.0,25308.0,25323.0,25329.0,25338.0,25345.0,25352.0,25358.0,25367.0,25377.0,25384.0,25399.0,25401.0,25411.0,25420.0,25425.0,25436.0,25446.0,25455.0,25465.0,25471.0,25479.0,25492.0,25506.0,25513.0,25524.0,25533.0,25546.0,25569.0,25596
ZCNuyeScprs,,,,,,,,,,,,,,,,,,,,,,,,,,,,,,,,,,,,,,,,,,,,,,,,,,,,,,,,,,,,,,,,,,,,,,,,,,,,,,,,,,,,,,,,,,,,,,,,,,,,,,,,,,,,,,,,,,,,,,,,,,,,,,,,,,,,,,,,,,,,,,,,,,,,,,,,,,,,,,,,,,,,,,,,,,,,,,,,,,,,,,,,,,,,,,,,,,,,,,,,,,,,,,,,,,,,,,,,,,,,,,,,,,,,,,,,,,,,,,,,,,,,,,,,,,,,,,,,,,,,,,,,,,,,,,,,,,,,,,,,,,,,,,,,,,,,,,,,,,,,,,,,,,,,,,,,,,,,,,,,,,,,,,,,,,,,,,,,,,,,,,,,,,,,,,,,,,,,,,,,,,,,,,,,,,,,,,,,,,
CrHBeQ0Q_rM,,,,,,,,,,,,,,,,,,,,,,,,,,,,,,,,,,,,,,,,,,,,,,,,,,,,,,,,,,,,,,,,,,,,,,,,,,,,,,,,,,,,,,,,,,,,,,,,,,,,,,,,,,,,,,,,,,,,,,,,,,,,,,,,,,,,,,,,,,,,,,,,,,,,,,,,,,,,,,,,,,,,,,,,,,,,,,,,,,,,,,,,,,,,,,,,,,,,,,,,,,,,,,,,,,,,,,,,,,,,,,,,,,,,,,,,,,,,,,,,,,,,,,,,,,,,,,,,,,,,,,,,,,,,,,,,,,,,,,,,,,,,,,,,,,,,,,,,,,,,,,,,,,,,,,,,,,,,,,,,,,,,,,,,,,,,,,,,,,,,,,,,,,,,,,,,,,,,,,,,,,,,,,,,,,,,,,,,,,
GUVh2gLwYvg,12588.0,12605.0,12619.0,12632.0,12648.0,12651.0,12669.0,12692.0,12708.0,12729.0,12744.0,12763.0,12781.0,12793.0,12809.0,12827.0,12845.0,12869.0,12888.0,12909.0,12925.0,12946.0,12958.0,12973.0,12984.0,12999.0,13014.0,13027.0,13036.0,13054.0,13079.0,13099.0,13131.0,13152.0,13176.0,13196.0,13227.0,13248.0,13269.0,13283.0,13307.0,13323.0,13351.0,13369.0,13384.0,13404.0,13427.0,13444.0,13464.0,13473.0,13482.0,13504.0,13525.0,13558.0,13584.0,13605.0,13615.0,13624.0,13642.0,13661.0,13678.0,13700.0,13722.0,13751.0,13781.0,13800.0,13816.0,13838.0,13861.0,13890.0,13908.0,13919.0,13932.0,13948.0,13971.0,14000.0,14017.0,14037.0,14054.0,14075.0,14088.0,14101.0,14116.0,14128.0,14148.0,14165.0,14181.0,14194.0,14204.0,14222.0,14239.0,14260.0,14280.0,14302.0,14314.0,14330.0,14336.0,14358.0,14367.0,14384.0,14406.0,14422.0,14435.0,14457.0,14475.0,14490.0,14506.0,14520.0,14536.0,14554.0,14561.0,14579.0,14592.0,14608.0,14625.0,14637.0,14645.0,14665.0,14676.0,14685.0,14695.0,14703.0,14726.0,14733.0,14746.0,14757.0,14773.0,14793.0,14805.0,14824.0,14836.0,14859.0,14880.0,14896.0,,,,,,,,,15022.0,15036.0,15056.0,15074.0,15084.0,15095.0,15110.0,15121.0,15138.0,15154.0,15171.0,15188.0,15204.0,15215.0,15228.0,15240.0,15254.0,15276.0,15293.0,15325.0,15342.0,15356.0,15380.0,15388.0,15404.0,15428.0,15449.0,15468.0,15485.0,15500.0,15519.0,15535.0,15547.0,15559.0,15572.0,15593.0,15625.0,15643.0,15654.0,15682.0,15711.0,15728.0,15741.0,15755.0,15770.0,15784.0,15793.0,15820.0,15834.0,15853.0,15878.0,15902.0,15916.0,15937.0,15955.0,15965.0,15995.0,16004.0,16031.0,16050.0,16065.0,16074.0,16096.0,16108.0,16112.0,16123.0,16134.0,16149.0,16159.0,16189.0,16207.0,16222.0,16236.0,16253.0,16267.0,16285.0,16303.0,16324.0,16336.0,16352.0,16366.0,16375.0,16399.0,16426.0,16444.0,16451.0,16462.0,16473.0,16489.0,16501.0,16517.0,16528.0,16536.0,16549.0,16560.0,16578.0,16599.0,16618.0,16632.0,16642.0,16661.0,16685.0,16706.0,16720.0,16732.0,16741.0,16759.0,16767.0,16783.0,16788.0,16797.0,16807.0,16816.0,16830.0,16841.0,16859.0,16873.0,16883.0,16893.0,16904.0,16914.0,,16943.0,16953.0,16970.0,16980.0,16990.0,17003.0,17012.0,17030.0,17042.0,17058.0,17078.0,17092.0,17113.0,17130.0,17148.0,17163.0,17179.0,17199.0,17212.0,17226.0,17243.0,17255.0,17275.0,17295.0,17318.0,17337.0,17363.0,17388.0,17406.0,17422.0,17443.0,17459.0,17485.0,17504.0,17525.0,17539.0,17583.0,17609.0,17634.0,17653.0,17677.0,17696.0,17711.0,17754.0,17776.0,17800.0,17824.0,17841.0,17862.0,17876.0,17891.0,17904.0,17928.0,17953.0,17983.0,18002.0,18024.0,18041.0,18061.0,18075.0,18132.0,18149.0,18173.0,18198.0,18232.0,18273.0,18310.0,18337.0,18374.0,18411.0,18439.0,18465.0,18492.0,18513.0,18535.0,18566.0,18593.0,18625.0,18673.0,18719.0,18749.0,18772.0,18811.0,18847.0,18869.0,18898.0,18920.0,18949.0,18981.0,19029.0,19063.0,19104.0,19141.0,19184.0,19203.0,19229.0,19252.0,19289.0,19326.0,19361.0,19403.0,19448.0,19489.0,19517.0,19554.0,19580.0,19609.0,19644.0,19681.0,19709.0,19735.0,19754.0,19781.0,19814
SX4Mxjjq_AU,9834.0,9850.0,9883.0,9909.0,9934.0,9970.0,10000.0,10030.0,10061.0,10099.0,10126.0,10147.0,10175.0,10207.0,10223.0,10251.0,10285.0,10307.0,10325.0,10345.0,10373.0,10391.0,10413.0,10435.0,10458.0,10472.0,10492.0,10515.0,10546.0,10587.0,10619.0,10652.0,10699.0,10745.0,10793.0,10834.0,10869.0,10900.0,10932.0,10952.0,10983.0,11068.0,11096.0,11134.0,11159.0,11177.0,11201.0,11240.0,11266.0,11289.0,11322.0,11356.0,11382.0,11413.0,11435.0,11469.0,11495.0,11516.0,11544.0,11576.0,11612.0,11632.0,11658.0,11683.0,11709.0,11730.0,11749.0,11774.0,11805.0,11827.0,11842.0,11866.0,11879.0,11905.0,11921.0,11950.0,11961.0,11980.0,11995.0,12010.0,12031.0,12058.0,12078.0,12094.0,12131.0,12155.0,12189.0,12218.0,12242.0,12262.0,12286.0,12306.0,12328.0,12357.0,12376.0,12394.0,12419.0,12436.0,12447.0,12459.0,12486.0,12496.0,12514.0,12535.0,12552.0,12567.0,12585.0,12600.0,12613.0,12629.0,12644.0,12664.0,12683.0,12699.0,12709.0,12729.0,12737.0,12754.0,12771.0,12789.0,12809.0,12841.0,12862.0,12888.0,12934.0,12971.0,12994.0,13022.0,13035.0,13053.0,13072.0,13093.0,13104.0,13122.0,,,,,,,,,13239.0,13261.0,13273.0,13297.0,13321.0,13354.0,13395.0,13412.0,13442.0,13460.0,13471.0,13485.0,13504.0,13523.0,13537.0,13555.0,13577.0,13594.0,13603.0,13626.0,13649.0,13663.0,13686.0,13710.0,13731.0,13748.0,13766.0,13780.0,13806.0,13821.0,13833.0,13851.0,13866.0,13883.0,13905.0,13931.0,13964.0,13973.0,13994.0,14045.0,14068.0,14093.0,14111.0,14131.0,14154.0,14164.0,14184.0,14199.0,14218.0,14244.0,14284.0,14303.0,14323.0,14358.0,14384.0,14413.0,14434.0,14468.0,14494.0,14520.0,14531.0,14552.0,14570.0,14589.0,14607.0,14621.0,14643.0,14669.0,14693.0,14715.0,14738.0,14767.0,14786.0,14816.0,14844.0,14866.0,14887.0,14899.0,14912.0,14928.0,14954.0,14965.0,14981.0,15004.0,15029.0,15042.0,15067.0,15086.0,15103.0,15118.0,15147.0,15173.0,15188.0,15207.0,15232.0,15257.0,15281.0,15299.0,15321.0,15341.0,15354.0,15388.0,15410.0,15431.0,15449.0,15476.0,15490.0,15512.0,15532.0,15552.0,15563.0,15583.0,15598.0,15608.0,15627.0,15641.0,15657.0,15680.0,15708.0,15733.0,15755.0,,15799.0,15821.0,15841.0,15860.0,15874.0,15894.0,15914.0,15937.0,15952.0,15973.0,15999.0,16016.0,16033.0,16048.0,16069.0,16087.0,16101.0,16125.0,16158.0,16188.0,16223.0,16248.0,16281.0,16303.0,16334.0,16358.0,16378.0,16419.0,16440.0,16452.0,16472.0,16495.0,16517.0,16532.0,16548.0,16567.0,16586.0,16608.0,16638.0,16660.0,16684.0,16708.0,16725.0,16747.0,16763.0,16782.0,16812.0,16828.0,16847.0,16860.0,16873.0,16898.0,16917.0,16945.0,16972.0,16985.0,17000.0,17013.0,17031.0,17048.0,17074.0,17097.0,17106.0,17119.0,17141.0,17169.0,17190.0,17271.0,17320.0,17358.0,17390.0,17415.0,17433.0,17448.0,17470.0,17500.0,17528.0,17556.0,17573.0,17593.0,17618.0,17639.0,17687.0,17730.0,17761.0,17792.0,17819.0,17849.0,17891.0,17914.0,17947.0,17976.0,17999.0,18033.0,18054.0,18084.0,18113.0,18135.0,18157.0,18179.0,18197.0,18217.0,18238.0,18258.0,18278.0,18298.0,18313.0,18328.0,18340.0,18361.0,18386.0,18409.0,18428.0,18454
i3YiT8IuLCY,581.0,581.0,581.0,581.0,581.0,581.0,581.0,581.0,581.0,581.0,581.0,581.0,581.0,581.0,581.0,581.0,581.0,581.0,581.0,581.0,581.0,581.0,581.0,581.0,581.0,581.0,581.0,581.0,581.0,581.0,581.0,581.0,581.0,581.0,581.0,581.0,581.0,581.0,581.0,581.0,581.0,581.0,581.0,581.0,581.0,581.0,581.0,581.0,581.0,581.0,581.0,581.0,581.0,581.0,581.0,581.0,581.0,581.0,581.0,581.0,581.0,581.0,581.0,581.0,581.0,581.0,581.0,581.0,581.0,581.0,581.0,581.0,581.0,581.0,581.0,581.0,581.0,581.0,581.0,581.0,581.0,581.0,581.0,581.0,582.0,582.0,582.0,582.0,582.0,582.0,582.0,582.0,582.0,582.0,582.0,582.0,582.0,582.0,582.0,582.0,582.0,583.0,583.0,583.0,583.0,583.0,583.0,583.0,583.0,583.0,583.0,583.0,583.0,583.0,583.0,583.0,583.0,583.0,583.0,583.0,583.0,583.0,583.0,583.0,583.0,583.0,583.0,583.0,583.0,583.0,583.0,583.0,583.0,583.0,,,,,,,,,583.0,583.0,583.0,583.0,583.0,583.0,583.0,583.0,583.0,583.0,583.0,583.0,583.0,583.0,583.0,583.0,583.0,583.0,583.0,583.0,583.0,583.0,583.0,583.0,583.0,583.0,583.0,583.0,583.0,583.0,583.0,583.0,583.0,583.0,583.0,583.0,583.0,583.0,583.0,583.0,583.0,583.0,583.0,583.0,583.0,583.0,583.0,583.0,583.0,583.0,583.0,583.0,583.0,583.0,583.0,583.0,583.0,583.0,583.0,583.0,583.0,583.0,583.0,583.0,583.0,583.0,583.0,583.0,583.0,583.0,583.0,583.0,583.0,583.0,583.0,583.0,583.0,583.0,583.0,583.0,583.0,583.0,583.0,583.0,583.0,583.0,583.0,583.0,583.0,583.0,583.0,583.0,583.0,583.0,583.0,583.0,583.0,583.0,583.0,583.0,583.0,583.0,583.0,583.0,583.0,583.0,583.0,583.0,583.0,583.0,583.0,583.0,583.0,583.0,583.0,583.0,583.0,583.0,583.0,583.0,583.0,,583.0,583.0,583.0,584.0,584.0,584.0,584.0,584.0,584.0,584.0,585.0,585.0,585.0,585.0,585.0,585.0,585.0,585.0,585.0,585.0,585.0,585.0,585.0,585.0,585.0,585.0,585.0,586.0,586.0,586.0,586.0,586.0,586.0,586.0,586.0,586.0,586.0,586.0,586.0,586.0,586.0,586.0,586.0,586.0,586.0,586.0,586.0,586.0,586.0,586.0,586.0,586.0,586.0,586.0,586.0,586.0,586.0,586.0,586.0,586.0,586.0,586.0,586.0,586.0,586.0,586.0,586.0,586.0,586.0,586.0,586.0,586.0,586.0,586.0,586.0,586.0,586.0,586.0,586.0,586.0,586.0,586.0,586.0,586.0,586.0,586.0,586.0,586.0,586.0,586.0,586.0,586.0,586.0,586.0,586.0,586.0,586.0,586.0,586.0,587.0,587.0,587.0,587.0,587.0,587.0,587.0,587.0,587.0,587.0,587.0,587.0,587.0,587.0,587
1TjUPm2nSR4,817.0,817.0,817.0,817.0,817.0,817.0,817.0,817.0,817.0,817.0,817.0,818.0,818.0,819.0,820.0,820.0,820.0,820.0,821.0,821.0,821.0,821.0,821.0,821.0,821.0,821.0,821.0,821.0,821.0,821.0,821.0,821.0,821.0,821.0,822.0,822.0,822.0,822.0,822.0,822.0,822.0,822.0,822.0,823.0,823.0,824.0,824.0,824.0,824.0,824.0,825.0,825.0,825.0,825.0,825.0,825.0,825.0,825.0,825.0,825.0,825.0,825.0,826.0,827.0,829.0,829.0,829.0,829.0,830.0,831.0,832.0,832.0,832.0,832.0,832.0,832.0,833.0,833.0,833.0,833.0,833.0,833.0,833.0,833.0,834.0,834.0,834.0,834.0,834.0,834.0,834.0,834.0,834.0,834.0,836.0,836.0,836.0,836.0,836.0,836.0,836.0,836.0,836.0,836.0,836.0,836.0,837.0,837.0,837.0,837.0,837.0,837.0,837.0,837.0,837.0,837.0,837.0,837.0,837.0,837.0,837.0,837.0,837.0,837.0,837.0,837.0,837.0,837.0,838.0,838.0,839.0,839.0,839.0,839.0,,,,,,,,,842.0,843.0,843.0,843.0,844.0,846.0,846.0,846.0,846.0,847.0,848.0,851.0,852.0,853.0,855.0,856.0,858.0,859.0,860.0,862.0,862.0,863.0,863.0,863.0,863.0,863.0,863.0,863.0,863.0,864.0,864.0,865.0,865.0,866.0,867.0,868.0,870.0,871.0,871.0,872.0,872.0,872.0,873.0,874.0,875.0,875.0,875.0,875.0,875.0,875.0,876.0,876.0,877.0,877.0,877.0,878.0,878.0,878.0,878.0,879.0,881.0,882.0,882.0,883.0,883.0,883.0,883.0,883.0,883.0,883.0,883.0,883.0,885.0,886.0,887.0,887.0,887.0,887.0,888.0,888.0,888.0,888.0,888.0,888.0,888.0,888.0,888.0,889.0,889.0,889.0,889.0,889.0,889.0,889.0,891.0,891.0,892.0,892.0,893.0,893.0,893.0,893.0,893.0,893.0,893.0,893.0,893.0,893.0,893.0,893.0,893.0,893.0,893.0,893.0,893.0,893.0,893.0,893.0,893.0,893.0,893.0,,893.0,893.0,893.0,893.0,893.0,893.0,893.0,893.0,893.0,893.0,893.0,893.0,893.0,893.0,893.0,893.0,893.0,893.0,893.0,893.0,893.0,893.0,893.0,893.0,893.0,893.0,893.0,893.0,893.0,893.0,894.0,894.0,894.0,894.0,894.0,894.0,894.0,894.0,894.0,894.0,894.0,894.0,894.0,894.0,895.0,895.0,895.0,895.0,895.0,895.0,896.0,896.0,896.0,896.0,896.0,896.0,896.0,896.0,896.0,896.0,896.0,896.0,896.0,896.0,896.0,896.0,896.0,896.0,897.0,897.0,897.0,897.0,897.0,897.0,897.0,897.0,897.0,897.0,897.0,897.0,897.0,897.0,897.0,897.0,897.0,897.0,897.0,897.0,897.0,897.0,897.0,898.0,898.0,898.0,898.0,898.0,898.0,898.0,898.0,898.0,898.0,898.0,898.0,898.0,898.0,898.0,899.0,902.0,902.0,902.0,902.0,902.0,902.0,902
utTOUrogjCs,9134.0,9134.0,9134.0,9134.0,9136.0,9136.0,9138.0,9140.0,9140.0,9140.0,9140.0,9141.0,9141.0,9142.0,9143.0,9144.0,9144.0,9145.0,9145.0,9147.0,9147.0,9148.0,9149.0,9151.0,9151.0,9151.0,9152.0,9152.0,9153.0,9153.0,9153.0,9153.0,9155.0,9157.0,9156.0,9156.0,9156.0,9159.0,9160.0,9163.0,9166.0,9167.0,9169.0,9169.0,9171.0,9174.0,9175.0,9175.0,9175.0,9176.0,9177.0,9177.0,9179.0,9180.0,9180.0,9183.0,9184.0,9184.0,9185.0,9185.0,9185.0,9185.0,9185.0,9185.0,9186.0,9187.0,9187.0,9187.0,9188.0,9188.0,9188.0,9188.0,9188.0,9188.0,9188.0,9192.0,9197.0,9203.0,9210.0,9214.0,9216.0,9217.0,9219.0,9220.0,9221.0,9221.0,9221.0,9221.0,9223.0,9224.0,9228.0,9229.0,9231.0,9234.0,9236.0,9237.0,9238.0,9238.0,9238.0,9238.0,9239.0,9240.0,9241.0,9243.0,9243.0,9243.0,9244.0,9244.0,9244.0,9246.0,9246.0,9247.0,9248.0,9249.0,9249.0,9249.0,9249.0,9249.0,9250.0,9250.0,9251.0,9252.0,9253.0,9256.0,9256.0,9256.0,9256.0,9256.0,9257.0,9257.0,9257.0,9257.0,9258.0,9258.0,,,,,,,,,9269.0,9269.0,9269.0,9269.0,9270.0,9270.0,9270.0,9270.0,9272.0,9274.0,9276.0,9277.0,9279.0,9280.0,9280.0,9280.0,9281.0,9281.0,9281.0,9282.0,9285.0,9285.0,9286.0,9286.0,9287.0,9287.0,9288.0,9288.0,9289.0,9289.0,9289.0,9291.0,9292.0,9293.0,9293.0,9293.0,9293.0,9293.0,9294.0,9294.0,9294.0,9294.0,9294.0,9295.0,9296.0,9297.0,9299.0,9299.0,9301.0,9301.0,9302.0,9303.0,9303.0,9303.0,9308.0,9308.0,9309.0,9309.0,9310.0,9310.0,9310.0,9310.0,9310.0,9310.0,9310.0,9310.0,9311.0,9311.0,9312.0,9314.0,9315.0,9316.0,9316.0,9318.0,9318.0,9319.0,9319.0,9319.0,9320.0,9320.0,9320.0,9320.0,9322.0,9322.0,9322.0,9322.0,9322.0,9326.0,9334.0,9338.0,9338.0,9338.0,9341.0,9341.0,9341.0,9342.0,9344.0,9345.0,9347.0,9348.0,9348.0,9349.0,9349.0,9349.0,9349.0,9349.0,9350.0,9350.0,9350.0,9350.0,9350.0,9351.0,9352.0,9352.0,9352.0,9352.0,9354.0,9354.0,9356.0,9359.0,9359.0,,9359.0,9359.0,9360.0,9360.0,9360.0,9360.0,9360.0,9360.0,9361.0,9361.0,9362.0,9363.0,9363.0,9364.0,9367.0,9370.0,9370.0,9372.0,9375.0,9377.0,9379.0,9380.0,9384.0,9384.0,9385.0,9385.0,9385.0,9385.0,9388.0,9389.0,9390.0,9390.0,9391.0,9393.0,9393.0,9394.0,9395.0,9395.0,9395.0,9397.0,9398.0,9398.0,9399.0,9402.0,9403.0,9403.0,9403.0,9404.0,9404.0,9405.0,9405.0,9405.0,9405.0,9406.0,9407.0,9410.0,9411.0,9411.0,9412.0,9412.0,9413.0,9414.0,9414.0,9416.0,9416.0,9416.0,9420.0,9420.0,9424.0,9425.0,9426.0,9427.0,9428.0,9430.0,9430.0,9430.0,9430.0,9431.0,9431.0,9433.0,9433.0,9433.0,9433.0,9437.0,9442.0,9443.0,9445.0,9448.0,9448.0,9448.0,9448.0,9448.0,9449.0,9449.0,9450.0,9450.0,9450.0,9451.0,9452.0,9454.0,9455.0,9455.0,9457.0,9458.0,9459.0,9459.0,9459.0,9461.0,9461.0,9464.0,9464.0,9464.0,9464.0,9464
5whtH990j1Q,119181.0,119270.0,119446.0,119593.0,119665.0,119735.0,119808.0,119881.0,119978.0,120060.0,120131.0,120214.0,120276.0,120350.0,120433.0,120505.0,120557.0,120634.0,120711.0,120793.0,120898.0,120998.0,121117.0,121197.0,121279.0,121345.0,121447.0,121530.0,121654.0,121766.0,121840.0,121910.0,122002.0,122093.0,122194.0,122301.0,122414.0,122519.0,122598.0,122689.0,122763.0,122830.0,122925.0,123014.0,123107.0,123178.0,123280.0,123373.0,123472.0,123558.0,123658.0,123726.0,123805.0,123894.0,123988.0,124101.0,124201.0,124293.0,124377.0,124454.0,124559.0,124677.0,124802.0,124880.0,124971.0,125050.0,125126.0,125199.0,125287.0,125389.0,125459.0,125585.0,125639.0,125715.0,125814.0,125899.0,125987.0,126084.0,126165.0,126276.0,126392.0,126487.0,126602.0,126697.0,126786.0,126882.0,126976.0,127039.0,127116.0,127184.0,127261.0,127331.0,127413.0,127463.0,127534.0,127607.0,127689.0,127796.0,127876.0,127958.0,128033.0,128107.0,128196.0,128263.0,128346.0,128429.0,128500.0,128588.0,128632.0,128729.0,128806.0,128916.0,129037.0,129162.0,129252.0,129319.0,129392.0,129495.0,129581.0,129663.0,129741.0,129805.0,129879.0,129962.0,130029.0,130107.0,130191.0,130266.0,130327.0,130408.0,130475.0,130557.0,130609.0,130688.0,,,,,,,,,131284.0,131353.0,131442.0,131511.0,131590.0,131667.0,131735.0,131803.0,131855.0,131918.0,131998.0,132060.0,132134.0,132201.0,132254.0,132308.0,132403.0,132462.0,132541.0,132633.0,132692.0,132737.0,132788.0,132849.0,132925.0,132998.0,133058.0,133100.0,133163.0,133226.0,133303.0,133409.0,133468.0,133537.0,133606.0,133670.0,133727.0,133814.0,133888.0,133954.0,134056.0,134137.0,134218.0,134285.0,134347.0,134411.0,134479.0,134546.0,134629.0,134696.0,134752.0,134810.0,134881.0,134941.0,135033.0,135091.0,135152.0,135205.0,135288.0,135372.0,135433.0,135506.0,135576.0,135622.0,135670.0,135730.0,135779.0,135844.0,135892.0,135973.0,136036.0,136087.0,136176.0,136253.0,136318.0,136363.0,136439.0,136495.0,136553.0,136616.0,136709.0,136779.0,136858.0,136913.0,137003.0,137070.0,137153.0,137239.0,137322.0,137405.0,137493.0,137569.0,137626.0,137686.0,137754.0,137816.0,137877.0,137945.0,138000.0,138045.0,138107.0,138166.0,138240.0,138306.0,138368.0,138424.0,138473.0,138524.0,138591.0,138650.0,138721.0,138790.0,138849.0,138900.0,138966.0,139003.0,139052.0,139103.0,139145.0,139197.0,139246.0,,139353.0,139397.0,139458.0,139514.0,139567.0,139604.0,139668.0,139699.0,139764.0,139840.0,139913.0,139954.0,140008.0,140065.0,140113.0,140153.0,140222.0,140290.0,140350.0,140410.0,140465.0,140515.0,140613.0,140690.0,140778.0,140864.0,140919.0,140976.0,141038.0,141094.0,141153.0,141232.0,141297.0,141350.0,141412.0,141467.0,141529.0,141584.0,141654.0,141696.0,141758.0,141821.0,141874.0,141928.0,141995.0,142047.0,142127.0,142196.0,142241.0,142294.0,142362.0,142420.0,142465.0,142517.0,142582.0,142640.0,142695.0,142761.0,142812.0,142877.0,142933.0,142973.0,143027.0,143084.0,143138.0,143205.0,143261.0,143341.0,143410.0,143456.0,143501.0,143551.0,143608.0,143676.0,143752.0,143826.0,143870.0,143937.0,143995.0,144061.0,144134.0,144201.0,144266.0,144326.0,144386.0,144448.0,144512.0,144565.0,144633.0,144702.0,144770.0,144840.0,144909.0,144974.0,145023.0,145076.0,145126.0,145180.0,145268.0,145333.0,145406.0,145473.0,145527.0,145583.0,145655.0,145722.0,145776.0,145835.0,145927.0,145982.0,146046.0,146113.0,146176.0,146226
eWYuECU4cQU,98926.0,98975.0,99040.0,99107.0,99207.0,99270.0,99353.0,99428.0,99489.0,99552.0,99607.0,99657.0,99718.0,99792.0,99859.0,99924.0,99977.0,100046.0,100112.0,100178.0,100259.0,100326.0,100377.0,100413.0,100457.0,100518.0,100570.0,100617.0,100680.0,100748.0,100829.0,100914.0,101026.0,101122.0,101239.0,101366.0,101484.0,101577.0,101675.0,101760.0,101861.0,101978.0,102113.0,102236.0,102375.0,102485.0,102587.0,102707.0,102804.0,102913.0,103001.0,103075.0,103129.0,103194.0,103265.0,103323.0,103390.0,103454.0,103497.0,103535.0,103598.0,103645.0,103719.0,103758.0,103806.0,103864.0,103889.0,103953.0,103999.0,104074.0,104144.0,104191.0,104245.0,104291.0,104364.0,104426.0,104499.0,104555.0,104620.0,104669.0,104699.0,104742.0,104800.0,104852.0,104904.0,104968.0,105037.0,105086.0,105128.0,105162.0,105222.0,105285.0,105343.0,105403.0,105448.0,105517.0,105584.0,105630.0,105713.0,105767.0,105821.0,105857.0,105917.0,105967.0,106032.0,106075.0,106132.0,106169.0,106229.0,106279.0,106365.0,106421.0,106473.0,106531.0,106572.0,106603.0,106639.0,106665.0,106720.0,106762.0,106804.0,106835.0,106863.0,106903.0,106942.0,106974.0,107009.0,107045.0,107085.0,107106.0,107137.0,107208.0,107248.0,107286.0,,,,,,,,,107651.0,107717.0,107785.0,107847.0,107913.0,107955.0,108006.0,108062.0,108121.0,108175.0,108225.0,108306.0,108381.0,108456.0,108463.0,108501.0,108538.0,108575.0,108617.0,108646.0,108675.0,108697.0,108714.0,108741.0,108769.0,108796.0,108824.0,108853.0,108878.0,108908.0,108929.0,108951.0,108993.0,109013.0,109035.0,109062.0,109084.0,109106.0,109133.0,109183.0,109219.0,109243.0,109271.0,109301.0,109331.0,109367.0,109390.0,109422.0,109441.0,109467.0,109496.0,109527.0,109561.0,109596.0,109627.0,109654.0,109679.0,109708.0,109746.0,109767.0,109802.0,109829.0,109847.0,109882.0,109907.0,109934.0,109957.0,109992.0,110000.0,110023.0,110052.0,110071.0,110100.0,110131.0,110162.0,110189.0,110230.0,110247.0,110276.0,110296.0,110321.0,110336.0,110370.0,110405.0,110426.0,110450.0,110467.0,110500.0,110533.0,110581.0,110613.0,110650.0,110678.0,110720.0,110745.0,110789.0,110833.0,110874.0,110900.0,110940.0,110977.0,111004.0,111039.0,111067.0,111112.0,111127.0,111145.0,111170.0,111199.0,111214.0,111246.0,111284.0,111301.0,111317.0,111341.0,111369.0,111392.0,111421.0,111448.0,111466.0,111484.0,,111522.0,111540.0,111562.0,111586.0,111606.0,111622.0,111639.0,111655.0,111676.0,111704.0,111719.0,111733.0,111743.0,111755.0,111769.0,111783.0,111793.0,111818.0,111833.0,111847.0,111875.0,111899.0,111922.0,111950.0,111966.0,111977.0,111989.0,112005.0,112021.0,112040.0,112069.0,112077.0,112085.0,112093.0,112109.0,112122.0,112136.0,112154.0,112172.0,112191.0,112204.0,112218.0,112232.0,112246.0,112259.0,112279.0,112326.0,112365.0,112408.0,112446.0,112487.0,112531.0,112566.0,112602.0,112619.0,112647.0,112692.0,112725.0,112764.0,112796.0,112834.0,112858.0,112891.0,112922.0,112957.0,112996.0,113066.0,113111.0,113154.0,113194.0,113232.0,113281.0,113345.0,113413.0,113462.0,113502.0,113571.0,113641.0,113691.0,113733.0,113773.0,113807.0,113833.0,113855.0,113886.0,113918.0,113951.0,113973.0,113993.0,114017.0,114040.0,114071.0,114097.0,114124.0,114146.0,114166.0,114191.0,114222.0,114237.0,114264.0,114281.0,114306.0,114325.0,114341.0,114375.0,114409.0,114466.0,114500.0,114534.0,114568.0,114603.0,114623.0,114661.0,114678
v94n7R47vPQ,108747.0,108815.0,108847.0,108890.0,108932.0,108996.0,109044.0,109135.0,109189.0,109241.0,109282.0,109339.0,109390.0,109452.0,109527.0,109577.0,109633.0,109690.0,109777.0,109881.0,109961.0,110077.0,110200.0,110270.0,110347.0,110448.0,110551.0,110693.0,111119.0,111943.0,113264.0,114030.0,115078.0,115605.0,115967.0,116301.0,116779.0,117215.0,117531.0,117900.0,118147.0,118513.0,118828.0,119084.0,119474.0,119726.0,120018.0,120227.0,120490.0,120654.0,120854.0,121034.0,121233.0,121405.0,121613.0,121780.0,121960.0,122208.0,122410.0,122530.0,122741.0,122917.0,123166.0,123316.0,123422.0,123541.0,123692.0,123841.0,124031.0,124409.0,124766.0,125128.0,125390.0,125580.0,125852.0,126155.0,126618.0,127028.0,127520.0,128030.0,128448.0,128942.0,129316.0,129748.0,130308.0,130820.0,131381.0,131761.0,132153.0,132550.0,132965.0,133374.0,134077.0,134628.0,134993.0,135542.0,135951.0,136396.0,136941.0,137456.0,137848.0,138297.0,138740.0,139190.0,139752.0,140310.0,140922.0,141522.0,141998.0,142432.0,142854.0,143411.0,143822.0,144416.0,144872.0,145195.0,145626.0,146124.0,146713.0,147249.0,147721.0,148187.0,148608.0,149016.0,149469.0,149869.0,150189.0,150674.0,151064.0,151429.0,151801.0,152186.0,152669.0,153094.0,,,,,,,,,157680.0,158045.0,158448.0,158966.0,159406.0,160168.0,160847.0,161432.0,162168.0,163187.0,164360.0,165894.0,167137.0,168794.0,170032.0,170914.0,171938.0,172800.0,173794.0,174478.0,174947.0,175428.0,175828.0,176360.0,177098.0,177732.0,178310.0,178865.0,179428.0,179850.0,180310.0,180787.0,181293.0,181741.0,182327.0,182836.0,183367.0,183848.0,184485.0,185015.0,185548.0,186118.0,186608.0,187026.0,187497.0,188038.0,188628.0,189187.0,189665.0,190028.0,190348.0,190750.0,191209.0,191762.0,192305.0,193138.0,194049.0,194751.0,195382.0,195985.0,196539.0,197024.0,197542.0,198030.0,198413.0,198992.0,199628.0,200171.0,200598.0,201097.0,201523.0,201948.0,202416.0,202984.0,203602.0,204190.0,204891.0,205420.0,205802.0,206328.0,206920.0,207426.0,208066.0,208759.0,209214.0,209554.0,210004.0,210548.0,211152.0,211713.0,212326.0,212824.0,213269.0,213767.0,214294.0,214850.0,215414.0,215989.0,216449.0,216767.0,217131.0,217545.0,218051.0,219017.0,219905.0,220428.0,220818.0,221224.0,221770.0,222258.0,222880.0,223637.0,224127.0,224649.0,225135.0,225629.0,226125.0,226593.0,227179.0,227682.0,228083.0,,229110.0,229600.0,230191.0,230722.0,231244.0,231645.0,232024.0,232458.0,232938.0,233495.0,234032.0,234567.0,235022.0,235565.0,236225.0,237000.0,237553.0,238230.0,238783.0,239258.0,239838.0,240489.0,241043.0,241687.0,242572.0,244384.0,245422.0,247067.0,248930.0,250310.0,251149.0,252048.0,252651.0,253128.0,253803.0,254537.0,255103.0,255692.0,256709.0,259291.0,261354.0,262276.0,263026.0,263755.0,264664.0,265829.0,266926.0,267689.0,269076.0,270574.0,272071.0,273429.0,274841.0,275874.0,276638.0,277290.0,278289.0,279098.0,279979.0,280736.0,281470.0,281952.0,282632.0,283234.0,283953.0,285123.0,287165.0,288505.0,289627.0,290713.0,291963.0,293288.0,294728.0,295963.0,297376.0,298366.0,299433.0,300507.0,301562.0,302566.0,303651.0,304415.0,304922.0,305375.0,305859.0,306417.0,306993.0,307500.0,307960.0,308309.0,308643.0,309118.0,309673.0,310291.0,310934.0,311596.0,312079.0,312589.0,313210.0,313714.0,314227.0,314799.0,315215.0,315592.0,315963.0,316435.0,316870.0,317290.0,317766.0,318198.0,318528.0,318945.0,319361.0,319825
NOb6COsPNNg,136327.0,136356.0,136394.0,136408.0,136443.0,136489.0,136543.0,136566.0,136593.0,136610.0,136635.0,136661.0,136688.0,136707.0,136734.0,136754.0,136780.0,136798.0,136826.0,136854.0,136893.0,136947.0,136972.0,136996.0,137024.0,137056.0,137079.0,137130.0,137165.0,137216.0,137298.0,137399.0,137494.0,137601.0,137722.0,137815.0,137913.0,138000.0,138069.0,138128.0,138191.0,138247.0,138311.0,138380.0,138469.0,138520.0,138561.0,138627.0,138695.0,138762.0,138824.0,138893.0,138990.0,139062.0,139135.0,139183.0,139218.0,139251.0,139290.0,139327.0,139375.0,139421.0,139461.0,139495.0,139539.0,139602.0,139635.0,139664.0,139698.0,139740.0,139770.0,139787.0,139816.0,139853.0,139888.0,139915.0,139946.0,139980.0,140008.0,140022.0,140046.0,140063.0,140085.0,140119.0,140138.0,140169.0,140198.0,140223.0,140240.0,140259.0,140276.0,140303.0,140338.0,140376.0,140399.0,140425.0,140455.0,140480.0,140496.0,140514.0,140540.0,140561.0,140582.0,140599.0,140619.0,140658.0,140684.0,140707.0,140725.0,140756.0,140770.0,140794.0,140813.0,140841.0,140863.0,140883.0,140902.0,140920.0,140935.0,140961.0,140983.0,141010.0,141058.0,141143.0,141233.0,141324.0,141400.0,141499.0,141592.0,141684.0,141743.0,141832.0,141913.0,142032.0,,,,,,,,,142852.0,142945.0,143060.0,143147.0,143237.0,143318.0,143380.0,143452.0,143536.0,143640.0,143731.0,143883.0,143999.0,144102.0,144223.0,144318.0,144403.0,144473.0,144539.0,144624.0,144687.0,144746.0,144794.0,144854.0,144917.0,144985.0,145055.0,145132.0,145184.0,145250.0,145301.0,145377.0,145452.0,145527.0,145587.0,145659.0,145705.0,145760.0,145816.0,145882.0,145948.0,146018.0,146081.0,146136.0,146211.0,146269.0,146324.0,146398.0,146461.0,146506.0,146557.0,146648.0,146712.0,146770.0,146849.0,146948.0,147015.0,147063.0,147142.0,147204.0,147254.0,147320.0,147372.0,147411.0,147461.0,147523.0,147580.0,147630.0,147666.0,147716.0,147754.0,147805.0,147851.0,147892.0,147952.0,147995.0,148037.0,148096.0,148128.0,148188.0,148226.0,148275.0,148333.0,148390.0,148429.0,148483.0,148526.0,148568.0,148610.0,148660.0,148737.0,148776.0,148816.0,148853.0,148891.0,148941.0,148989.0,149039.0,149103.0,149142.0,149190.0,149222.0,149276.0,149330.0,149388.0,149424.0,149449.0,149483.0,149513.0,149556.0,149607.0,149648.0,149692.0,149722.0,149756.0,149777.0,149815.0,149836.0,149863.0,149899.0,149935.0,,149986.0,150025.0,150068.0,150098.0,150122.0,150162.0,150180.0,150209.0,150238.0,150274.0,150302.0,150320.0,150344.0,150381.0,150417.0,150448.0,150491.0,150519.0,150546.0,150574.0,150604.0,150633.0,150667.0,150706.0,150740.0,150781.0,150816.0,150855.0,150886.0,150938.0,150969.0,151004.0,151026.0,151047.0,151075.0,151103.0,151120.0,151161.0,151187.0,151210.0,151238.0,151265.0,151300.0,151339.0,151376.0,151410.0,151503.0,151597.0,151681.0,151758.0,151838.0,151901.0,151960.0,152016.0,152080.0,152127.0,152163.0,152225.0,152271.0,152316.0,152371.0,152406.0,152453.0,152509.0,152582.0,152670.0,152791.0,152881.0,152955.0,153043.0,153146.0,153232.0,153313.0,153382.0,153445.0,153535.0,153642.0,153731.0,153809.0,153876.0,153939.0,153991.0,154036.0,154081.0,154113.0,154135.0,154168.0,154196.0,154218.0,154244.0,154271.0,154298.0,154331.0,154379.0,154425.0,154470.0,154513.0,154544.0,154584.0,154626.0,154664.0,154722.0,154741.0,154771.0,154814.0,154839.0,154886.0,154929.0,154958.0,155005.0,155033.0,155063.0,155097.0,155139
GNQkcYXPsck,120485.0,120489.0,120499.0,120507.0,120515.0,120519.0,120524.0,120530.0,120535.0,120549.0,120559.0,120570.0,120579.0,120586.0,120605.0,120626.0,120636.0,120644.0,120652.0,120662.0,120679.0,120688.0,120697.0,120702.0,120711.0,120717.0,120731.0,120742.0,120750.0,120755.0,120763.0,120769.0,120774.0,120776.0,120781.0,120786.0,120798.0,120804.0,120813.0,120823.0,120834.0,120838.0,120844.0,120855.0,120861.0,120870.0,120877.0,120887.0,120896.0,120905.0,120914.0,120921.0,120930.0,120935.0,120936.0,120942.0,120949.0,120955.0,120964.0,120973.0,120984.0,120988.0,121000.0,121012.0,121015.0,121020.0,121030.0,121036.0,121040.0,121049.0,121056.0,121063.0,121071.0,121075.0,121083.0,121090.0,121096.0,121104.0,121106.0,121114.0,121118.0,121123.0,121133.0,121138.0,121146.0,121149.0,121157.0,121166.0,121174.0,121180.0,121187.0,121200.0,121210.0,121222.0,121230.0,121236.0,121239.0,121244.0,121250.0,121260.0,121267.0,121276.0,121282.0,121287.0,121295.0,121300.0,121307.0,121313.0,121321.0,121331.0,121338.0,121343.0,121350.0,121356.0,121365.0,121370.0,121374.0,121381.0,121391.0,121399.0,121406.0,121420.0,121425.0,121431.0,121441.0,121451.0,121456.0,121464.0,121472.0,121476.0,121484.0,121489.0,121500.0,121507.0,,,,,,,,,121543.0,121550.0,121552.0,121557.0,121561.0,121565.0,121575.0,121578.0,121580.0,121584.0,121589.0,121591.0,121595.0,121599.0,121604.0,121607.0,121610.0,121611.0,121613.0,121613.0,121619.0,121624.0,121630.0,121634.0,121637.0,121645.0,121647.0,121651.0,121654.0,121658.0,121665.0,121666.0,121667.0,121669.0,121670.0,121675.0,121679.0,121683.0,121685.0,121689.0,121692.0,121694.0,121696.0,121696.0,121696.0,121697.0,121699.0,121706.0,121709.0,121713.0,121716.0,121720.0,121728.0,121733.0,121737.0,121741.0,121745.0,121748.0,121755.0,121760.0,121760.0,121760.0,121765.0,121768.0,121772.0,121778.0,121782.0,121784.0,121788.0,121792.0,121796.0,121801.0,121803.0,121805.0,121812.0,121814.0,121817.0,121817.0,121819.0,121820.0,121820.0,121828.0,121831.0,121836.0,121837.0,121840.0,121844.0,121848.0,121851.0,121854.0,121855.0,121860.0,121866.0,121871.0,121882.0,121885.0,121887.0,121889.0,121893.0,121902.0,121907.0,121911.0,121916.0,121918.0,121921.0,121923.0,121929.0,121935.0,121943.0,121948.0,121950.0,121953.0,121959.0,121966.0,121971.0,121977.0,121981.0,121984.0,121987.0,121989.0,121991.0,,121998.0,122004.0,122008.0,122015.0,122024.0,122035.0,122043.0,122049.0,122056.0,122061.0,122066.0,122069.0,122073.0,122078.0,122081.0,122090.0,122094.0,122099.0,122107.0,122114.0,122117.0,122122.0,122127.0,122130.0,122142.0,122146.0,122152.0,122159.0,122165.0,122173.0,122183.0,122196.0,122210.0,122256.0,122322.0,122370.0,122403.0,122424.0,122440.0,122452.0,122465.0,122477.0,122493.0,122509.0,122519.0,122531.0,122557.0,122581.0,122591.0,122603.0,122607.0,122610.0,122616.0,122625.0,122630.0,122636.0,122638.0,122643.0,122646.0,122655.0,122660.0,122660.0,122667.0,122674.0,122683.0,122690.0,122695.0,122699.0,122702.0,122709.0,122715.0,122717.0,122726.0,122735.0,122735.0,122744.0,122750.0,122753.0,122758.0,122762.0,122766.0,122768.0,122771.0,122775.0,122782.0,122784.0,122787.0,122791.0,122794.0,122800.0,122801.0,122805.0,122809.0,122814.0,122823.0,122824.0,122828.0,122831.0,122835.0,122842.0,122851.0,122855.0,122866.0,122870.0,122871.0,122879.0,122886.0,122892.0,122894.0,122903.0,122906.0,122914.0,122919.0,122924
Wa9KwWwtSh8,153.0,153.0,153.0,153.0,153.0,153.0,153.0,153.0,153.0,153.0,153.0,153.0,153.0,153.0,153.0,153.0,153.0,153.0,153.0,153.0,153.0,153.0,153.0,153.0,153.0,153.0,153.0,153.0,153.0,153.0,153.0,153.0,153.0,153.0,153.0,153.0,153.0,153.0,153.0,153.0,153.0,153.0,153.0,153.0,153.0,153.0,153.0,153.0,153.0,153.0,153.0,153.0,153.0,153.0,153.0,153.0,153.0,153.0,153.0,153.0,153.0,153.0,153.0,153.0,153.0,153.0,153.0,153.0,153.0,153.0,153.0,153.0,153.0,153.0,153.0,153.0,153.0,153.0,153.0,153.0,153.0,153.0,153.0,153.0,153.0,153.0,153.0,154.0,154.0,154.0,154.0,154.0,154.0,154.0,154.0,154.0,154.0,154.0,154.0,154.0,155.0,155.0,155.0,156.0,156.0,156.0,156.0,158.0,158.0,158.0,158.0,158.0,158.0,158.0,158.0,158.0,158.0,158.0,158.0,158.0,158.0,158.0,158.0,158.0,158.0,158.0,158.0,158.0,158.0,159.0,159.0,159.0,159.0,160.0,,,,,,,,,160.0,160.0,160.0,160.0,160.0,160.0,160.0,160.0,160.0,160.0,160.0,160.0,160.0,160.0,160.0,160.0,160.0,160.0,160.0,160.0,160.0,160.0,160.0,160.0,160.0,160.0,160.0,160.0,160.0,160.0,160.0,160.0,160.0,160.0,160.0,160.0,160.0,160.0,160.0,160.0,160.0,160.0,160.0,160.0,160.0,160.0,160.0,160.0,160.0,160.0,160.0,160.0,160.0,160.0,160.0,160.0,160.0,160.0,160.0,160.0,160.0,160.0,160.0,160.0,160.0,160.0,160.0,160.0,160.0,160.0,160.0,160.0,160.0,160.0,160.0,160.0,160.0,160.0,160.0,160.0,160.0,160.0,160.0,160.0,160.0,160.0,160.0,160.0,160.0,160.0,160.0,160.0,160.0,160.0,160.0,160.0,160.0,160.0,160.0,160.0,160.0,160.0,160.0,160.0,160.0,160.0,160.0,160.0,160.0,160.0,160.0,160.0,160.0,160.0,160.0,160.0,160.0,160.0,160.0,160.0,160.0,,160.0,160.0,160.0,160.0,160.0,160.0,160.0,160.0,160.0,160.0,160.0,160.0,160.0,160.0,160.0,160.0,160.0,160.0,160.0,160.0,160.0,160.0,160.0,160.0,160.0,160.0,160.0,160.0,160.0,160.0,160.0,160.0,160.0,160.0,160.0,160.0,160.0,160.0,160.0,160.0,160.0,160.0,160.0,160.0,160.0,160.0,160.0,160.0,160.0,160.0,160.0,160.0,160.0,160.0,160.0,160.0,160.0,160.0,160.0,160.0,160.0,160.0,160.0,160.0,160.0,160.0,160.0,160.0,160.0,160.0,160.0,160.0,160.0,160.0,160.0,160.0,160.0,160.0,160.0,160.0,160.0,160.0,160.0,160.0,160.0,160.0,160.0,160.0,160.0,160.0,160.0,160.0,160.0,160.0,160.0,160.0,160.0,160.0,160.0,160.0,160.0,160.0,160.0,160.0,160.0,160.0,160.0,160.0,160.0,160.0,160.0,160.0,160.0,160
49VptlR-tfg,569.0,569.0,569.0,569.0,569.0,569.0,569.0,569.0,569.0,569.0,569.0,569.0,569.0,569.0,569.0,570.0,570.0,571.0,571.0,571.0,571.0,571.0,571.0,571.0,571.0,571.0,571.0,571.0,571.0,571.0,571.0,571.0,571.0,571.0,571.0,572.0,572.0,572.0,572.0,572.0,574.0,574.0,574.0,574.0,576.0,576.0,576.0,576.0,576.0,576.0,576.0,576.0,576.0,576.0,576.0,576.0,576.0,576.0,576.0,576.0,576.0,577.0,577.0,577.0,577.0,577.0,577.0,577.0,577.0,577.0,577.0,577.0,577.0,577.0,577.0,577.0,577.0,577.0,577.0,577.0,577.0,577.0,577.0,577.0,577.0,577.0,577.0,577.0,577.0,577.0,577.0,577.0,577.0,577.0,577.0,577.0,578.0,578.0,578.0,578.0,578.0,578.0,578.0,578.0,578.0,578.0,578.0,578.0,578.0,578.0,578.0,578.0,578.0,579.0,579.0,579.0,579.0,579.0,579.0,579.0,579.0,579.0,579.0,579.0,579.0,579.0,579.0,579.0,579.0,579.0,579.0,579.0,579.0,579.0,,,,,,,,,579.0,579.0,579.0,579.0,579.0,579.0,579.0,579.0,579.0,579.0,579.0,579.0,579.0,579.0,579.0,579.0,579.0,579.0,579.0,579.0,579.0,579.0,580.0,580.0,580.0,580.0,580.0,580.0,580.0,581.0,581.0,581.0,581.0,581.0,581.0,581.0,581.0,581.0,581.0,581.0,581.0,581.0,581.0,581.0,581.0,581.0,581.0,581.0,581.0,581.0,581.0,582.0,582.0,583.0,584.0,584.0,584.0,584.0,584.0,584.0,584.0,584.0,584.0,584.0,584.0,584.0,585.0,586.0,586.0,586.0,586.0,586.0,586.0,586.0,586.0,586.0,586.0,586.0,586.0,586.0,586.0,586.0,586.0,586.0,586.0,586.0,586.0,586.0,586.0,586.0,586.0,586.0,586.0,586.0,586.0,586.0,586.0,586.0,586.0,586.0,586.0,586.0,586.0,586.0,586.0,586.0,586.0,586.0,586.0,587.0,587.0,587.0,587.0,587.0,587.0,588.0,588.0,588.0,588.0,588.0,588.0,,588.0,588.0,588.0,588.0,588.0,588.0,588.0,588.0,588.0,589.0,589.0,589.0,589.0,589.0,589.0,589.0,589.0,589.0,589.0,589.0,590.0,590.0,591.0,593.0,593.0,593.0,593.0,593.0,593.0,594.0,594.0,594.0,594.0,594.0,594.0,594.0,594.0,594.0,594.0,594.0,594.0,595.0,595.0,595.0,595.0,596.0,596.0,596.0,596.0,596.0,596.0,596.0,596.0,596.0,596.0,596.0,596.0,596.0,596.0,596.0,596.0,596.0,596.0,596.0,596.0,596.0,596.0,596.0,596.0,597.0,597.0,597.0,597.0,597.0,597.0,597.0,597.0,597.0,597.0,597.0,597.0,597.0,597.0,597.0,597.0,597.0,597.0,597.0,597.0,597.0,597.0,597.0,597.0,597.0,597.0,597.0,597.0,597.0,597.0,597.0,597.0,597.0,597.0,597.0,597.0,597.0,597.0,597.0,597.0,597.0,597.0,597.0,597.0,597
1em8cjDdABY,190.0,190.0,190.0,190.0,190.0,190.0,190.0,190.0,190.0,190.0,190.0,190.0,190.0,190.0,190.0,190.0,190.0,190.0,190.0,190.0,190.0,190.0,190.0,190.0,190.0,190.0,190.0,190.0,190.0,190.0,190.0,190.0,190.0,190.0,190.0,190.0,190.0,190.0,190.0,190.0,190.0,190.0,190.0,190.0,190.0,190.0,190.0,190.0,190.0,190.0,190.0,190.0,190.0,190.0,190.0,190.0,190.0,190.0,190.0,190.0,190.0,190.0,190.0,190.0,190.0,190.0,190.0,190.0,190.0,190.0,190.0,190.0,190.0,190.0,190.0,190.0,190.0,190.0,190.0,190.0,190.0,190.0,190.0,190.0,193.0,193.0,193.0,193.0,193.0,193.0,193.0,193.0,193.0,193.0,193.0,193.0,193.0,193.0,193.0,193.0,193.0,193.0,193.0,193.0,193.0,193.0,193.0,193.0,193.0,193.0,193.0,193.0,193.0,193.0,193.0,193.0,193.0,193.0,193.0,193.0,193.0,193.0,193.0,193.0,193.0,193.0,193.0,193.0,193.0,193.0,193.0,193.0,193.0,193.0,,,,,,,,,193.0,193.0,193.0,193.0,193.0,193.0,193.0,193.0,193.0,193.0,193.0,193.0,193.0,193.0,193.0,193.0,193.0,193.0,193.0,193.0,193.0,193.0,193.0,193.0,193.0,193.0,193.0,193.0,193.0,193.0,193.0,193.0,193.0,193.0,193.0,193.0,193.0,193.0,193.0,193.0,193.0,193.0,193.0,193.0,193.0,193.0,193.0,193.0,193.0,193.0,193.0,193.0,193.0,193.0,193.0,193.0,193.0,193.0,193.0,193.0,193.0,193.0,193.0,193.0,193.0,193.0,193.0,193.0,193.0,193.0,193.0,193.0,193.0,193.0,193.0,193.0,193.0,193.0,193.0,193.0,193.0,193.0,193.0,193.0,193.0,193.0,193.0,193.0,193.0,193.0,193.0,193.0,193.0,193.0,193.0,193.0,193.0,193.0,193.0,193.0,193.0,193.0,193.0,193.0,193.0,193.0,193.0,193.0,193.0,193.0,193.0,193.0,193.0,193.0,193.0,193.0,193.0,193.0,193.0,193.0,193.0,,193.0,193.0,193.0,193.0,193.0,193.0,193.0,193.0,193.0,193.0,193.0,193.0,193.0,193.0,193.0,193.0,193.0,193.0,193.0,193.0,193.0,193.0,193.0,193.0,193.0,193.0,193.0,193.0,193.0,193.0,193.0,193.0,193.0,193.0,193.0,193.0,193.0,193.0,193.0,193.0,193.0,193.0,193.0,193.0,193.0,193.0,193.0,193.0,193.0,193.0,193.0,193.0,193.0,193.0,193.0,193.0,193.0,193.0,193.0,193.0,193.0,193.0,193.0,193.0,193.0,193.0,193.0,193.0,193.0,193.0,193.0,193.0,193.0,193.0,193.0,193.0,193.0,193.0,193.0,193.0,193.0,193.0,193.0,193.0,193.0,193.0,193.0,193.0,193.0,193.0,193.0,193.0,193.0,193.0,193.0,193.0,193.0,193.0,193.0,193.0,193.0,193.0,193.0,193.0,193.0,193.0,193.0,193.0,193.0,193.0,193.0,193.0,193.0,193
j3SsjYX0n2c,44493.0,44527.0,44548.0,44562.0,44597.0,44636.0,44687.0,44730.0,44767.0,44795.0,44819.0,44841.0,44866.0,44890.0,44933.0,44966.0,44996.0,45018.0,45050.0,45083.0,45118.0,45162.0,45202.0,45231.0,45248.0,45270.0,45305.0,45338.0,45369.0,45402.0,45431.0,45463.0,45490.0,45518.0,45563.0,45647.0,45701.0,45739.0,45757.0,45804.0,45845.0,45912.0,45955.0,46018.0,46048.0,46089.0,46113.0,46136.0,46174.0,46195.0,46229.0,46265.0,46297.0,46332.0,46356.0,46389.0,46422.0,46465.0,46500.0,46522.0,46544.0,46581.0,46616.0,46648.0,46683.0,46717.0,46742.0,46778.0,46811.0,46834.0,46858.0,46886.0,46904.0,46925.0,46944.0,46961.0,46995.0,47030.0,47061.0,47092.0,47121.0,47146.0,47177.0,47206.0,47238.0,47285.0,47320.0,47341.0,47370.0,47391.0,47427.0,47454.0,47476.0,47503.0,47528.0,47545.0,47569.0,47594.0,47615.0,47650.0,47668.0,47688.0,47706.0,47720.0,47755.0,47776.0,47797.0,47815.0,47832.0,47858.0,47885.0,47915.0,47944.0,47965.0,47988.0,48009.0,48032.0,48051.0,48076.0,48095.0,48122.0,48143.0,48164.0,48188.0,48208.0,48221.0,48234.0,48274.0,48296.0,48311.0,48328.0,48350.0,48376.0,48413.0,,,,,,,,,48719.0,48742.0,48767.0,48791.0,48826.0,48866.0,48892.0,48921.0,48960.0,48997.0,49048.0,49102.0,49189.0,49266.0,49327.0,49381.0,49426.0,49474.0,49511.0,49547.0,49569.0,49590.0,49611.0,49640.0,49661.0,49690.0,49724.0,49743.0,49774.0,49799.0,49820.0,49845.0,49865.0,49902.0,49920.0,49942.0,49967.0,49990.0,50020.0,50044.0,50070.0,50105.0,50121.0,50133.0,50157.0,50175.0,50219.0,50262.0,50300.0,50330.0,50357.0,50385.0,50411.0,50449.0,50485.0,50515.0,50542.0,50566.0,50589.0,50623.0,50648.0,50666.0,50688.0,50707.0,50726.0,50760.0,50784.0,50816.0,50834.0,50853.0,50877.0,50894.0,50913.0,50935.0,50956.0,50982.0,51018.0,51036.0,51052.0,51077.0,51105.0,51128.0,51156.0,51182.0,51206.0,51224.0,51246.0,51276.0,51294.0,51313.0,51361.0,51403.0,51425.0,51453.0,51507.0,51545.0,51580.0,51627.0,51661.0,51690.0,51731.0,51753.0,51778.0,51809.0,51853.0,51887.0,51910.0,51938.0,51966.0,51998.0,52025.0,52050.0,52073.0,52090.0,52110.0,52125.0,52146.0,52162.0,52173.0,52195.0,52207.0,,52248.0,52271.0,52293.0,52312.0,52325.0,52346.0,52362.0,52373.0,52394.0,52412.0,52437.0,52449.0,52455.0,52474.0,52484.0,52499.0,52512.0,52539.0,52552.0,52562.0,52577.0,52596.0,52616.0,52644.0,52669.0,52693.0,52710.0,52731.0,52758.0,52784.0,52824.0,52857.0,52880.0,52899.0,52920.0,52943.0,52964.0,52986.0,52993.0,53003.0,53017.0,53033.0,53054.0,53068.0,53081.0,53102.0,53136.0,53163.0,53205.0,53245.0,53283.0,53324.0,53375.0,53410.0,53435.0,53464.0,53532.0,53562.0,53586.0,53609.0,53642.0,53667.0,53689.0,53709.0,53732.0,53763.0,53805.0,53852.0,53881.0,53927.0,53952.0,53989.0,54039.0,54089.0,54121.0,54163.0,54192.0,54257.0,54282.0,54293.0,54309.0,54315.0,54332.0,54349.0,54357.0,54370.0,54384.0,54396.0,54406.0,54412.0,54423.0,54430.0,54441.0,54458.0,54476.0,54485.0,54495.0,54513.0,54525.0,54537.0,54558.0,54574.0,54589.0,54597.0,54605.0,54617.0,54627.0,54643.0,54656.0,54665.0,54672.0,54684.0,54698.0,54713
yTsINmrAK4I,64703839.0,64721571.0,64740467.0,64759315.0,64778251.0,64800735.0,64820961.0,64841579.0,64867327.0,64898049.0,64925996.0,64951453.0,64974522.0,64996700.0,65018080.0,65038286.0,65057851.0,65075746.0,65093347.0,65111464.0,65131034.0,65150530.0,65170615.0,65189708.0,65208126.0,65225488.0,65244347.0,65262385.0,65281570.0,65301580.0,65319843.0,65336705.0,65353101.0,65371146.0,65388883.0,65407621.0,65427894.0,65446835.0,65464045.0,65480871.0,65500449.0,65518912.0,65537329.0,65555596.0,65575007.0,65593595.0,65610937.0,65630353.0,65647340.0,65664465.0,65681657.0,65701205.0,65720491.0,65738984.0,65758581.0,65777357.0,65796542.0,65816480.0,65837461.0,65856479.0,65876039.0,65895823.0,65915632.0,65935324.0,65954859.0,65974695.0,65994073.0,66015867.0,66035685.0,66059477.0,66080382.0,66099769.0,66118798.0,66138058.0,66157565.0,66177691.0,66198358.0,66217578.0,66238011.0,66257438.0,66276133.0,66295276.0,66314939.0,66335028.0,66353876.0,66372438.0,66389874.0,66408078.0,66425091.0,66442859.0,66462171.0,66480335.0,66496342.0,66513131.0,66530108.0,66549257.0,66568765.0,66589096.0,66608734.0,66627114.0,66644768.0,66662740.0,66680322.0,66699309.0,66718267.0,66736966.0,66755258.0,66773873.0,66793222.0,66811003.0,66828303.0,66846358.0,66864241.0,66882094.0,66899454.0,66916559.0,66933273.0,66950740.0,66968365.0,66985372.0,67002394.0,67018129.0,67032876.0,67049284.0,67068102.0,67086088.0,67104492.0,67124523.0,67142907.0,67160666.0,67178382.0,67196442.0,67214718.0,67232453.0,,,,,,,,,67390278.0,67407380.0,67423176.0,67439792.0,67456410.0,67473984.0,67490737.0,67506426.0,67523397.0,67540026.0,67558454.0,67576133.0,67595118.0,67614329.0,67632133.0,67649977.0,67668914.0,67687752.0,67706287.0,67724854.0,67742096.0,67759293.0,67775806.0,67792576.0,67810758.0,67828174.0,67846443.0,67864816.0,67881988.0,67899169.0,67916862.0,67935260.0,67954063.0,67972475.0,67989210.0,68004215.0,68018657.0,68033414.0,68050116.0,68066333.0,68082059.0,68097030.0,68111901.0,68126112.0,68140273.0,68155357.0,68171433.0,68186990.0,68202257.0,68217092.0,68231195.0,68245200.0,68259469.0,68274649.0,68289610.0,68304339.0,68318380.0,68331868.0,68345578.0,68360750.0,68378188.0,68395707.0,68407711.0,68420094.0,68433057.0,68446673.0,68466391.0,68482595.0,68494936.0,68504942.0,68516210.0,68527375.0,68538858.0,68550957.0,68563053.0,68575141.0,68588214.0,68600281.0,68612107.0,68623803.0,68636028.0,68647772.0,68660323.0,68673334.0,68684948.0,68696414.0,68707624.0,68719464.0,68731201.0,68743168.0,68755607.0,68767517.0,68779399.0,68791154.0,68803604.0,68816233.0,68829321.0,68842192.0,68854627.0,68866693.0,68878509.0,68890854.0,68903513.0,68916073.0,68928977.0,68940978.0,68952732.0,68964713.0,68976983.0,68990106.0,69003290.0,69016472.0,69028774.0,69040668.0,69053045.0,69065223.0,69076643.0,69088008.0,69100344.0,69112085.0,69123272.0,,69145887.0,69157945.0,69170120.0,69181720.0,69193493.0,69204796.0,69216017.0,69227765.0,69239303.0,69251053.0,69262663.0,69274002.0,69284830.0,69295511.0,69306790.0,69318693.0,69330570.0,69343285.0,69356210.0,69368102.0,69379787.0,69392969.0,69407296.0,69421227.0,69444871.0,69467986.0,69484751.0,69501401.0,69518146.0,69535973.0,69552000.0,69567545.0,69581729.0,69595302.0,69607895.0,69621460.0,69636367.0,69655027.0,69670725.0,69685005.0,69699505.0,69714759.0,69730673.0,69750926.0,69767377.0,69783065.0,69800717.0,69816094.0,69830510.0,69845763.0,69860470.0,69876192.0,69891779.0,69905308.0,69918193.0,69934082.0,69951338.0,69968049.0,69983637.0,69999089.0,70013587.0,70027970.0,70042029.0,70055976.0,70069860.0,70083256.0,70095521.0,70107665.0,70119802.0,70131594.0,70144825.0,70158185.0,70171991.0,70185514.0,70198546.0,70211387.0,70224390.0,70238381.0,70251888.0,70266176.0,70279910.0,70292968.0,70305175.0,70317562.0,70331351.0,70345213.0,70359849.0,70374797.0,70388786.0,70402256.0,70415523.0,70428501.0,70442261.0,70456149.0,70469138.0,70483215.0,70496091.0,70509792.0,70524299.0,70539243.0,70554075.0,70569895.0,70585183.0,70599742.0,70614998.0,70631081.0,70647645.0,70662975.0,70678312.0,70692373.0,70704435.0,70716570.0,70730396.0,70744974
9a87uoVqTrs,3630553.0,3631242.0,3631961.0,3632680.0,3633435.0,3634170.0,3634874.0,3635643.0,3636600.0,3637425.0,3638261.0,3639180.0,3640045.0,3640868.0,3641635.0,3642400.0,3643052.0,3643709.0,3644338.0,3645034.0,3645798.0,3646552.0,3647340.0,3647971.0,3648514.0,3649188.0,3649785.0,3650458.0,3651191.0,3651947.0,3652561.0,3653181.0,3653842.0,3654530.0,3655249.0,3655990.0,3656812.0,3657542.0,3658327.0,3659046.0,3659734.0,3660415.0,3661130.0,3661864.0,3662570.0,3663190.0,3663851.0,3664576.0,3665262.0,3665938.0,3666698.0,3667476.0,3668088.0,3668748.0,3669364.0,3670073.0,3670761.0,3671335.0,3671957.0,3672637.0,3673338.0,3674033.0,3674658.0,3675311.0,3675982.0,3676604.0,3677222.0,3677884.0,3678393.0,3679111.0,3679766.0,3680438.0,3680979.0,3681559.0,3682139.0,3682741.0,3683337.0,3683905.0,3684497.0,3685055.0,3685727.0,3686231.0,3686890.0,3687495.0,3688020.0,3688614.0,3689192.0,3689772.0,3690415.0,3691056.0,3691807.0,3692355.0,3693033.0,3693659.0,3694268.0,3694905.0,3695536.0,3696224.0,3696829.0,3697433.0,3698001.0,3698565.0,3699153.0,3699841.0,3700503.0,3701054.0,3701582.0,3702273.0,3702847.0,3703504.0,3704072.0,3704598.0,3705187.0,3705892.0,3706521.0,3707019.0,3707612.0,3708163.0,3708690.0,3709192.0,3709762.0,3710173.0,3710544.0,3711069.0,3711677.0,3712125.0,3712561.0,3713243.0,3713769.0,3714482.0,3715067.0,3715694.0,3716255.0,3716818.0,,,,,,,,,3722535.0,3723273.0,3723843.0,3724391.0,3725017.0,3725693.0,3726389.0,3726848.0,3727465.0,3728158.0,3728783.0,3729310.0,3730022.0,3730698.0,3731343.0,3731981.0,3732587.0,3733252.0,3734023.0,3734801.0,3735483.0,3736244.0,3736974.0,3737628.0,3738190.0,3738903.0,3739560.0,3740209.0,3740863.0,3741512.0,3742216.0,3742975.0,3743630.0,3744439.0,3745176.0,3745733.0,3746371.0,3747040.0,3748025.0,3748875.0,3749549.0,3750092.0,3750626.0,3751019.0,3751590.0,3752106.0,3752646.0,3753163.0,3753691.0,3754068.0,3754514.0,3755062.0,3755607.0,3756124.0,3756561.0,3757050.0,3757377.0,3757861.0,3758398.0,3758801.0,3759313.0,3759874.0,3760317.0,3760765.0,3761217.0,3761787.0,3762774.0,3763276.0,3763810.0,3764354.0,3764901.0,3765430.0,3765978.0,3766584.0,3767122.0,3767641.0,3768249.0,3768745.0,3769250.0,3769800.0,3771056.0,3771624.0,3772134.0,3772802.0,3773375.0,3774038.0,3774566.0,3775167.0,3775696.0,3776314.0,3776818.0,3777348.0,3777940.0,3778497.0,3779046.0,3779659.0,3780219.0,3780755.0,3781242.0,3781707.0,3782270.0,3782709.0,3783197.0,3783708.0,3784211.0,3784686.0,3785176.0,3785617.0,3786107.0,3786643.0,3787148.0,3787606.0,3788115.0,3788656.0,3789152.0,3789670.0,3790141.0,3790683.0,3791199.0,3791777.0,3792208.0,,3793277.0,3793716.0,3794274.0,3794788.0,3795234.0,3795718.0,3796258.0,3796738.0,3797298.0,3797743.0,3798250.0,3798768.0,3799238.0,3799728.0,3800173.0,3800685.0,3801207.0,3801744.0,3802277.0,3802721.0,3803154.0,3804348.0,3804945.0,3805551.0,3806256.0,3806951.0,3807567.0,3808134.0,3808693.0,3809315.0,3809916.0,3811035.0,3811568.0,3812086.0,3812633.0,3813215.0,3813714.0,3814349.0,3814935.0,3815532.0,3816027.0,3816617.0,3817188.0,3817953.0,3818639.0,3819153.0,3819746.0,3820216.0,3820705.0,3821270.0,3821780.0,3822363.0,3822851.0,3823421.0,3823867.0,3824363.0,3824932.0,3825415.0,3825882.0,3826392.0,3826844.0,3827273.0,3827748.0,3828206.0,3828717.0,3829222.0,3829650.0,3830187.0,3830630.0,3831110.0,3831592.0,3832158.0,3832505.0,3833037.0,3833574.0,3833892.0,3834404.0,3834862.0,3835430.0,3835974.0,3836491.0,3836968.0,3837474.0,3838022.0,3838454.0,3838903.0,3839446.0,3839905.0,3840423.0,3840960.0,3841485.0,3841931.0,3842415.0,3842868.0,3843382.0,3843837.0,3844197.0,3844764.0,3845144.0,3845543.0,3846037.0,3846416.0,3846893.0,3847349.0,3847761.0,3848212.0,3848654.0,3849052.0,3849454.0,3849789.0,3850162.0,3850552.0,3850985.0,3851373
LEdNCS8luWE,12441569.0,12446251.0,12451194.0,12455956.0,12461031.0,12466672.0,12472096.0,12477318.0,12482391.0,12487628.0,12493109.0,12498204.0,12503475.0,12508575.0,12513920.0,12518931.0,12523661.0,12528179.0,12532778.0,12537424.0,12542189.0,12546933.0,12551569.0,12555987.0,12560314.0,12564968.0,12569655.0,12574418.0,12579199.0,12583858.0,12588447.0,12592743.0,12597174.0,12602086.0,12607229.0,12612522.0,12617914.0,12622779.0,12627308.0,12631893.0,12636860.0,12641619.0,12646989.0,12652531.0,12658012.0,12663078.0,12668175.0,12673997.0,12679423.0,12685479.0,12690743.0,12695708.0,12700541.0,12705521.0,12710994.0,12716354.0,12722324.0,12728071.0,12733721.0,12739236.0,12744822.0,12750479.0,12755913.0,12761186.0,12766313.0,12770912.0,12775798.0,12780668.0,12785242.0,12791079.0,12796360.0,12801181.0,12805995.0,12810536.0,12815049.0,12820435.0,12825976.0,12830806.0,12835781.0,12840633.0,12845639.0,12850637.0,12855634.0,12860749.0,12865597.0,12870650.0,12875517.0,12880108.0,12884736.0,12889655.0,12894876.0,12900009.0,12904647.0,12909298.0,12913955.0,12919041.0,12924211.0,12929641.0,12934666.0,12939538.0,12944238.0,12948959.0,12953670.0,12959391.0,12964827.0,12970158.0,12975143.0,12979998.0,12984827.0,12989607.0,12994425.0,12999609.0,13004682.0,13009617.0,13014189.0,13018454.0,13023279.0,13028262.0,13033544.0,13038630.0,13043460.0,13048239.0,13052659.0,13057401.0,13062694.0,13067618.0,13072430.0,13077369.0,13081994.0,13086414.0,13090843.0,13096022.0,13101026.0,13105607.0,,,,,,,,,13145190.0,13149611.0,13153709.0,13158277.0,13162718.0,13167345.0,13172279.0,13177565.0,13183952.0,13190084.0,13196550.0,13204204.0,13211277.0,13218336.0,13225112.0,13231746.0,13237514.0,13243593.0,13249799.0,13255081.0,13259600.0,13263762.0,13268020.0,13272284.0,13276846.0,13281387.0,13286028.0,13290720.0,13295031.0,13299150.0,13303390.0,13307926.0,13312411.0,13316789.0,13320918.0,13324857.0,13328713.0,13332761.0,13337305.0,13341729.0,13346108.0,13350276.0,13354423.0,13358377.0,13362435.0,13366744.0,13371122.0,13375431.0,13379610.0,13383465.0,13387083.0,13390788.0,13394733.0,13398978.0,13403106.0,13407201.0,13411051.0,13414989.0,13419225.0,13423794.0,13429087.0,13433830.0,13437511.0,13441498.0,13444919.0,13448527.0,13453084.0,13456996.0,13460160.0,13463029.0,13466117.0,13469351.0,13472607.0,13475995.0,13479465.0,13483025.0,13486746.0,13490086.0,13493283.0,13496641.0,13500185.0,13503317.0,13506717.0,13509817.0,13512773.0,13515974.0,13519019.0,13522217.0,13525536.0,13529157.0,13533058.0,13536890.0,13540750.0,13544237.0,13547577.0,13551122.0,13554764.0,13558163.0,13561641.0,13564895.0,13568248.0,13571561.0,13575046.0,13578657.0,13582140.0,13585346.0,13588489.0,13591679.0,13595045.0,13598403.0,13601938.0,13605327.0,13608583.0,13623704.0,13635692.0,13641574.0,13646349.0,13650785.0,13655457.0,13659772.0,13663654.0,,13670728.0,13674486.0,13678417.0,13681947.0,13685313.0,13688605.0,13692105.0,13695695.0,13699234.0,13702781.0,13706184.0,13709638.0,13712792.0,13715886.0,13719078.0,13722447.0,13725906.0,13729468.0,13732813.0,13736061.0,13739567.0,13743356.0,13747228.0,13750918.0,13755487.0,13759170.0,13762381.0,13765628.0,13768722.0,13772058.0,13775235.0,13778275.0,13781174.0,13783703.0,13786328.0,13789160.0,13792582.0,13796543.0,13802642.0,13807898.0,13813270.0,13818597.0,13824236.0,13829581.0,13834562.0,13839168.0,13843544.0,13847555.0,13851631.0,13855703.0,13859822.0,13863724.0,13867580.0,13871083.0,13874651.0,13878533.0,13882623.0,13886654.0,13890572.0,13894453.0,13898265.0,13901954.0,13905618.0,13909783.0,13914086.0,13918141.0,13922024.0,13925229.0,13927808.0,13930475.0,13933293.0,13936186.0,13939071.0,13941917.0,13944517.0,13947167.0,13949899.0,13952789.0,13955680.0,13958593.0,13961734.0,13964727.0,13967501.0,13970379.0,13973393.0,13976600.0,13980103.0,13983607.0,13986816.0,13989859.0,13992711.0,13995542.0,13998562.0,14001589.0,14004786.0,14008229.0,14011426.0,14014572.0,14017882.0,14021143.0,14024154.0,14027394.0,14030487.0,14033323.0,14036280.0,14039327.0,14042498.0,14045483.0,14048618.0,14051484.0,14054003.0,14056563.0,14059390.0,14062297
WOWglCunV8c,32182.0,32182.0,32187.0,32191.0,32192.0,32194.0,32198.0,32202.0,32208.0,32210.0,32211.0,32212.0,32217.0,32221.0,32221.0,32222.0,32224.0,32225.0,32233.0,32234.0,32236.0,32238.0,32242.0,32242.0,32248.0,32252.0,32256.0,32257.0,32259.0,32262.0,,,,,,,,,,,,,,,,,,,,,,,,,,,,,,,,,,,,,,,,,,,,,,,,,,,,,,,,,,,,,,,,,,,,,,,,,,,,,,,,,,,,,,,,,,,,,,,,,,,,,,,,,,,,,,,,,,,,,,,,,,,,,,,,,,,,,,,,,,,,,,,,,,,,,,,,,,,,,,,,,,,,,,,,,,,,,,,,,,,,,,,,,,,,,,,,,,,,,,,,,,,,,,,,,,,,,,,,,,,,,,,,,,,,,,,,,,,,,,,,,,,,,,,,,,,,,,,,,,,,,,,,,,,,,,,,,,,,,,,,,,,,,,,,,,,,,,,,,,,,,,,,,,,,,,,,,,,,,,,,,,,,,,,,,,,,,,,,,,,,,,,,,,,,
cmzn74C7yGU,31322.0,31339.0,31351.0,31376.0,31398.0,31421.0,31454.0,31482.0,31512.0,31525.0,31542.0,31560.0,31579.0,31590.0,31611.0,31639.0,31654.0,31670.0,31683.0,31704.0,31728.0,31743.0,31758.0,31782.0,31793.0,31816.0,31828.0,31843.0,31867.0,31884.0,31913.0,31939.0,31954.0,31965.0,31994.0,32009.0,32030.0,32050.0,32066.0,32080.0,32097.0,32118.0,32132.0,32147.0,32169.0,32180.0,32194.0,32208.0,32221.0,32253.0,32271.0,32278.0,32286.0,32304.0,32317.0,32334.0,32344.0,32360.0,32379.0,32387.0,32394.0,32405.0,32414.0,32430.0,32451.0,32456.0,32470.0,32500.0,32520.0,32544.0,32563.0,32574.0,32595.0,32607.0,32619.0,32630.0,32653.0,32666.0,32677.0,32685.0,32708.0,32724.0,32743.0,32762.0,32783.0,32793.0,32803.0,32812.0,32822.0,32831.0,32841.0,32855.0,32867.0,32880.0,32889.0,32906.0,32916.0,32925.0,32934.0,32958.0,32976.0,32988.0,32998.0,33019.0,33029.0,33042.0,33059.0,33067.0,33080.0,33098.0,33104.0,33122.0,33139.0,33162.0,33181.0,33189.0,33197.0,33224.0,33240.0,33261.0,33280.0,33296.0,33310.0,33325.0,33335.0,33352.0,33362.0,33370.0,33387.0,33401.0,33408.0,33422.0,33439.0,33459.0,,,,,,,,,33644.0,33675.0,33709.0,33746.0,33787.0,33820.0,33858.0,33880.0,33893.0,33903.0,33917.0,33938.0,33951.0,33954.0,33967.0,33985.0,34003.0,34018.0,34031.0,34047.0,34061.0,34072.0,34106.0,34153.0,34241.0,34323.0,34365.0,34388.0,34405.0,34428.0,34445.0,34458.0,34474.0,34489.0,34506.0,34522.0,34529.0,34540.0,34551.0,34609.0,34620.0,34633.0,34647.0,34656.0,34673.0,34690.0,34707.0,34715.0,34736.0,34751.0,34760.0,34768.0,34782.0,34793.0,34807.0,34823.0,34838.0,34858.0,34873.0,34887.0,34904.0,34913.0,34927.0,34934.0,34946.0,34959.0,34969.0,34984.0,34990.0,35003.0,35017.0,35027.0,35038.0,35052.0,35068.0,35112.0,35183.0,35259.0,35328.0,35394.0,35443.0,35466.0,35487.0,35510.0,35522.0,35539.0,35555.0,35567.0,35578.0,35604.0,35628.0,35642.0,35655.0,35670.0,35690.0,35711.0,35723.0,35743.0,35758.0,35775.0,35789.0,35808.0,35816.0,35849.0,35859.0,35873.0,35884.0,35905.0,35921.0,35939.0,35956.0,35974.0,35988.0,36003.0,36024.0,36042.0,36057.0,36071.0,36094.0,36115.0,36135.0,,36165.0,36202.0,36231.0,36254.0,36273.0,36296.0,36308.0,36317.0,36335.0,36353.0,36374.0,36392.0,36407.0,36426.0,36435.0,36450.0,36468.0,36480.0,36499.0,36511.0,36528.0,36552.0,36574.0,36598.0,36605.0,36613.0,36626.0,36640.0,36655.0,36666.0,36675.0,36695.0,36710.0,36720.0,36751.0,36771.0,36793.0,36805.0,36826.0,36840.0,36854.0,36870.0,36895.0,36926.0,36951.0,36978.0,37022.0,37071.0,37130.0,37189.0,37223.0,37263.0,37298.0,37355.0,37397.0,37432.0,37466.0,37486.0,37526.0,37554.0,37605.0,37656.0,37692.0,37725.0,37763.0,37809.0,37872.0,37995.0,38092.0,38214.0,38306.0,38404.0,38529.0,38667.0,38758.0,38839.0,38951.0,39070.0,39168.0,39233.0,39300.0,39348.0,39394.0,39424.0,39457.0,39483.0,39508.0,39539.0,39556.0,39569.0,39586.0,39607.0,39639.0,39665.0,39681.0,39715.0,39738.0,39761.0,39786.0,39809.0,39826.0,39847.0,39871.0,39889.0,39904.0,39924.0,39960.0,39991.0,40015.0,40040.0,40066.0,40091.0,40120.0,40142
1MGzVWucpZA,8234.0,8250.0,8295.0,8315.0,8340.0,8365.0,8404.0,8429.0,8451.0,8478.0,8507.0,8522.0,8537.0,8560.0,8585.0,8605.0,8626.0,8646.0,8665.0,8678.0,8690.0,8708.0,8724.0,8737.0,8747.0,8765.0,8783.0,8810.0,8832.0,8852.0,8867.0,8882.0,8895.0,8907.0,8926.0,8943.0,8958.0,8983.0,8999.0,9009.0,9023.0,9046.0,9061.0,9073.0,9082.0,9091.0,9107.0,9118.0,9128.0,9135.0,9144.0,9151.0,9158.0,9167.0,9171.0,9183.0,9193.0,9201.0,9219.0,9230.0,9243.0,9254.0,9262.0,9267.0,9280.0,9285.0,9295.0,9302.0,9312.0,9324.0,9337.0,9344.0,9353.0,9361.0,9377.0,9383.0,9386.0,9396.0,9402.0,9408.0,9416.0,9437.0,9451.0,9457.0,9467.0,9475.0,9482.0,9492.0,9500.0,9513.0,9522.0,9537.0,9547.0,9559.0,9571.0,9582.0,9593.0,9607.0,9623.0,9642.0,9660.0,9674.0,9684.0,9691.0,9698.0,9707.0,9718.0,9744.0,9751.0,9766.0,9779.0,9797.0,9805.0,9815.0,9834.0,9848.0,9854.0,9867.0,9876.0,9892.0,9900.0,9912.0,9925.0,9936.0,9949.0,9955.0,9967.0,9974.0,9982.0,9993.0,9995.0,10002.0,10004.0,10015.0,,,,,,,,,10099.0,10107.0,10112.0,10117.0,10124.0,10143.0,10157.0,10170.0,10186.0,10201.0,10210.0,10222.0,10237.0,10256.0,10281.0,10295.0,10314.0,10333.0,10354.0,10366.0,10378.0,10387.0,10407.0,10421.0,10441.0,10450.0,10462.0,10475.0,10488.0,10494.0,10506.0,10525.0,10563.0,10590.0,10602.0,10619.0,10628.0,10638.0,10651.0,10660.0,10668.0,10678.0,10683.0,10696.0,10711.0,10726.0,10736.0,10741.0,10751.0,10761.0,10773.0,10787.0,10798.0,10809.0,10823.0,10835.0,10846.0,10852.0,10861.0,10868.0,10877.0,10894.0,10905.0,10913.0,10925.0,10934.0,10943.0,10951.0,10963.0,10979.0,10985.0,10995.0,11005.0,11016.0,11029.0,11048.0,11058.0,11078.0,11092.0,11105.0,11123.0,11137.0,11149.0,11165.0,11186.0,11199.0,11208.0,11223.0,11234.0,11255.0,11273.0,11283.0,11298.0,11313.0,11328.0,11346.0,11351.0,11360.0,11371.0,11384.0,11391.0,11404.0,11415.0,11427.0,11441.0,11454.0,11466.0,11476.0,11485.0,11494.0,11501.0,11513.0,11524.0,11537.0,11546.0,11554.0,11559.0,11568.0,11574.0,11580.0,11583.0,,11596.0,11606.0,11607.0,11613.0,11615.0,11619.0,11621.0,11626.0,11629.0,11638.0,11647.0,11649.0,11654.0,11657.0,11665.0,11674.0,11679.0,11685.0,11697.0,11705.0,11712.0,11723.0,11732.0,11742.0,11745.0,11752.0,11758.0,11763.0,11770.0,11775.0,11776.0,11779.0,11782.0,11782.0,11785.0,11791.0,11794.0,11798.0,11807.0,11807.0,11812.0,11817.0,11820.0,11840.0,11844.0,11846.0,11856.0,11864.0,11868.0,11872.0,11877.0,11888.0,11894.0,11898.0,11902.0,11911.0,11916.0,11922.0,11930.0,11940.0,11950.0,11957.0,11966.0,11970.0,11980.0,11988.0,12008.0,12022.0,12035.0,12057.0,12064.0,12076.0,12092.0,12099.0,12113.0,12132.0,12146.0,12158.0,12181.0,12198.0,12209.0,12227.0,12234.0,12239.0,12244.0,12249.0,12253.0,12259.0,12268.0,12270.0,12273.0,12277.0,12288.0,12294.0,12300.0,12302.0,12306.0,12309.0,12312.0,12315.0,12317.0,12323.0,12328.0,12334.0,12342.0,12351.0,12360.0,12365.0,12372.0,12380.0,12386.0,12394.0,12403.0,12406
8s-ZlKWaa7w,1070236.0,1070456.0,1070682.0,1070868.0,1071097.0,1071345.0,1071539.0,1071831.0,1072063.0,1072335.0,1072580.0,1072819.0,1073171.0,1073427.0,1073668.0,1073962.0,1074241.0,1074494.0,1074718.0,1075031.0,1075288.0,1075583.0,1075868.0,1076105.0,1076330.0,1076621.0,1076874.0,1077215.0,1077588.0,1077936.0,1078321.0,1078626.0,1078961.0,1079274.0,1079640.0,1079934.0,1080267.0,1080573.0,1080860.0,1081234.0,1081524.0,1081843.0,1082172.0,1082502.0,1082885.0,1083214.0,1083584.0,1083834.0,1084124.0,1084406.0,1084705.0,1084981.0,1085331.0,1085620.0,1085897.0,1086165.0,1086451.0,1086771.0,1087037.0,1087268.0,1087502.0,1087847.0,1088172.0,1088477.0,1088794.0,1089034.0,1089242.0,1089506.0,1089767.0,1090064.0,1090354.0,1090640.0,1090867.0,1091112.0,1091406.0,1091688.0,1092052.0,1092309.0,1092643.0,1092932.0,1093174.0,1093430.0,1093751.0,1094054.0,1094341.0,1094640.0,1094911.0,1095158.0,1095434.0,1095741.0,1096059.0,1096347.0,1096672.0,1096926.0,1097158.0,1097399.0,1097678.0,1097936.0,1098261.0,1098545.0,1098857.0,1099090.0,1099393.0,1099622.0,1099934.0,1100214.0,1100465.0,1100723.0,1100983.0,1101275.0,1101491.0,1101765.0,1101978.0,1102215.0,1102473.0,1102690.0,1102939.0,1103133.0,1103356.0,1103617.0,1103860.0,1104114.0,1104383.0,1104663.0,1104946.0,1105225.0,1105543.0,1105806.0,1106034.0,1106228.0,1106533.0,1106765.0,1107090.0,1107384.0,,,,,,,,,1109617.0,1109815.0,1110037.0,1110213.0,1110457.0,1110640.0,1110821.0,1110994.0,1111148.0,1111321.0,1111521.0,1111681.0,1111859.0,1111994.0,1112142.0,1112272.0,1112484.0,1112672.0,1112868.0,1113053.0,1113243.0,1113410.0,1113557.0,1113729.0,1113920.0,1114136.0,1114314.0,1114546.0,1114720.0,1114922.0,1115117.0,1115293.0,1115457.0,1115677.0,1115854.0,1116022.0,1116173.0,1116381.0,1116621.0,1116825.0,1117071.0,1117249.0,1117472.0,1117694.0,1117871.0,1118096.0,1118340.0,1118545.0,1118806.0,1118981.0,1119188.0,1119366.0,1119609.0,1119852.0,1120054.0,1120302.0,1120465.0,1120647.0,1120818.0,1121053.0,1121250.0,1121403.0,1121565.0,1121719.0,1121883.0,1122052.0,1122247.0,1122504.0,1122659.0,1122802.0,1122995.0,1123134.0,1123295.0,1123459.0,1123586.0,1123752.0,1123936.0,1124088.0,1124227.0,1124374.0,1124547.0,1124685.0,1124862.0,1125012.0,1125184.0,1125330.0,1125491.0,1125671.0,1125881.0,1126100.0,1126256.0,1126453.0,1126661.0,1126853.0,1127053.0,1127261.0,1127472.0,1127644.0,1127853.0,1128014.0,1128202.0,1128366.0,1128526.0,1128734.0,1128916.0,1129094.0,1129253.0,1129420.0,1129623.0,1129791.0,1129965.0,1130137.0,1130302.0,1130481.0,1130647.0,1130789.0,1130954.0,1131117.0,1131287.0,1131478.0,1131625.0,,1132004.0,1132183.0,1132353.0,1132556.0,1132766.0,1132931.0,1133159.0,1133375.0,1133595.0,1133838.0,1134098.0,1134333.0,1134510.0,1134797.0,1135074.0,1135360.0,1135664.0,1135988.0,1136321.0,1136651.0,1136947.0,1137225.0,1137501.0,1137757.0,1137970.0,1138168.0,1138346.0,1138552.0,1138826.0,1139089.0,1139389.0,1139699.0,1139988.0,1140209.0,1140454.0,1140777.0,1141098.0,1141351.0,1141599.0,1141867.0,1142106.0,1142393.0,1142622.0,1142923.0,1143144.0,1143421.0,1143699.0,1143940.0,1144147.0,1144379.0,1144598.0,1144810.0,1145060.0,1145224.0,1145411.0,1145601.0,1145839.0,1146067.0,1146297.0,1146485.0,1146677.0,1146854.0,1147046.0,1147518.0,1147834.0,1148086.0,1148339.0,1148515.0,1148713.0,1148908.0,1149107.0,1149370.0,1149648.0,1149903.0,1150036.0,1150234.0,1150508.0,1150796.0,1151116.0,1151373.0,1151716.0,1151956.0,1152152.0,1152339.0,1152600.0,1152859.0,1153121.0,1153369.0,1153610.0,1153801.0,1153993.0,1154152.0,1154389.0,1154598.0,1154801.0,1154974.0,1155159.0,1155349.0,1155515.0,1155689.0,1155851.0,1156055.0,1156214.0,1156356.0,1156505.0,1156765.0,1156992.0,1157200.0,1157426.0,1157590.0,1157780.0,1157998.0,1158175.0,1158376
fqPZPJRzebA,462351.0,462623.0,462805.0,462997.0,463227.0,463486.0,463737.0,464022.0,464261.0,464533.0,464774.0,465021.0,465317.0,465594.0,465870.0,466167.0,466441.0,466661.0,466915.0,467245.0,467531.0,467804.0,468026.0,468278.0,468479.0,468727.0,468961.0,469225.0,469508.0,469799.0,470118.0,470381.0,470651.0,470938.0,471193.0,471455.0,471752.0,471955.0,472180.0,472447.0,472700.0,472936.0,473210.0,473441.0,473642.0,473873.0,474073.0,474316.0,474558.0,474817.0,475009.0,475214.0,475374.0,475603.0,475838.0,476085.0,476319.0,476561.0,476792.0,476977.0,477162.0,477401.0,477600.0,477807.0,478023.0,478228.0,478422.0,478682.0,478848.0,479102.0,479315.0,479531.0,479704.0,479859.0,480092.0,480321.0,480487.0,480688.0,480888.0,481070.0,481238.0,481448.0,481706.0,481938.0,482158.0,482379.0,482623.0,482823.0,483043.0,483217.0,483425.0,483632.0,483808.0,483986.0,484146.0,484289.0,484498.0,484676.0,484887.0,485106.0,485314.0,485539.0,485764.0,486048.0,486260.0,486480.0,486737.0,486958.0,487128.0,487324.0,487544.0,487738.0,487921.0,488128.0,488339.0,488532.0,488749.0,488936.0,489163.0,489396.0,489666.0,489846.0,490030.0,490196.0,490376.0,490639.0,490879.0,491141.0,491346.0,491573.0,491790.0,492081.0,492280.0,492526.0,,,,,,,,,494833.0,495121.0,495409.0,495748.0,496013.0,496268.0,496629.0,496861.0,497136.0,497425.0,497688.0,497937.0,498210.0,498508.0,498751.0,499056.0,499294.0,499631.0,499866.0,500111.0,500337.0,500538.0,500746.0,500986.0,501212.0,501393.0,501606.0,501794.0,501985.0,502165.0,502339.0,502514.0,502730.0,502919.0,503157.0,503368.0,503556.0,503791.0,503977.0,504214.0,504418.0,504700.0,504893.0,505085.0,505276.0,505500.0,505712.0,505916.0,506146.0,506358.0,506557.0,506790.0,506973.0,507223.0,507460.0,507680.0,507884.0,508074.0,508242.0,508483.0,508661.0,508807.0,508981.0,509141.0,509319.0,509474.0,509712.0,509914.0,510075.0,510253.0,510396.0,510565.0,510740.0,510920.0,511112.0,511330.0,511540.0,511736.0,511898.0,512109.0,512335.0,512551.0,512782.0,513002.0,513171.0,513343.0,513558.0,513760.0,513994.0,514233.0,514451.0,514628.0,514787.0,514995.0,515211.0,515425.0,515652.0,515811.0,515981.0,516139.0,516311.0,516547.0,516762.0,517021.0,517261.0,517484.0,517663.0,517864.0,518083.0,518278.0,518476.0,518682.0,518854.0,519037.0,519222.0,519400.0,519581.0,519766.0,519949.0,520112.0,520257.0,,520633.0,520813.0,521094.0,521315.0,521462.0,521585.0,521756.0,521927.0,522118.0,522308.0,522514.0,522710.0,522859.0,523005.0,523229.0,523420.0,523649.0,523909.0,524113.0,524316.0,524472.0,524644.0,524822.0,525035.0,525205.0,525375.0,525532.0,525692.0,525860.0,526018.0,526198.0,526391.0,526554.0,526668.0,526830.0,527007.0,527189.0,527353.0,527537.0,527743.0,527894.0,528151.0,528397.0,528619.0,528886.0,529200.0,529490.0,529780.0,530082.0,530412.0,530755.0,531157.0,531541.0,532098.0,532451.0,532891.0,533351.0,533761.0,534288.0,534772.0,535180.0,535560.0,535905.0,536432.0,536934.0,537413.0,537930.0,538382.0,538691.0,539227.0,539763.0,540366.0,540882.0,541582.0,542076.0,542683.0,543475.0,545643.0,548085.0,550773.0,553685.0,556420.0,558507.0,561190.0,563699.0,566088.0,568041.0,569952.0,571552.0,572817.0,574163.0,575842.0,577458.0,578892.0,580229.0,581423.0,582604.0,584071.0,585411.0,586549.0,587810.0,588687.0,589642.0,590739.0,591627.0,592726.0,594015.0,594984.0,595927.0,596881.0,597471.0,598302.0,599194.0,600000
tojgJ9C4p_k,115471.0,115486.0,115500.0,115532.0,115548.0,115561.0,115576.0,115597.0,115618.0,115628.0,115643.0,115661.0,115679.0,115694.0,115709.0,115723.0,115757.0,115773.0,115789.0,115807.0,115824.0,115850.0,115872.0,115891.0,115923.0,115968.0,116004.0,116033.0,116075.0,116103.0,116135.0,116173.0,116219.0,116256.0,116291.0,116310.0,116343.0,116367.0,116397.0,116433.0,116471.0,116500.0,116529.0,116560.0,116593.0,116622.0,116641.0,116672.0,116691.0,116724.0,116741.0,116794.0,116815.0,116845.0,116868.0,116889.0,116918.0,116930.0,116955.0,116988.0,117017.0,117049.0,117076.0,117094.0,117119.0,117145.0,117161.0,117191.0,117206.0,117221.0,117243.0,117264.0,117280.0,117302.0,117334.0,117359.0,117373.0,117388.0,117410.0,117421.0,117448.0,117474.0,117496.0,117518.0,117533.0,117559.0,117588.0,117609.0,117626.0,117647.0,117666.0,117683.0,117701.0,117716.0,117741.0,117763.0,117783.0,117804.0,117812.0,117836.0,117856.0,117878.0,117894.0,117909.0,117926.0,117942.0,117966.0,117992.0,118018.0,118040.0,118057.0,118077.0,118100.0,118127.0,118154.0,118172.0,118192.0,118211.0,118235.0,118252.0,118269.0,118292.0,118322.0,118355.0,118363.0,118389.0,118409.0,118432.0,118451.0,118470.0,118673.0,119234.0,119348.0,119383.0,,,,,,,,,119611.0,119635.0,119649.0,119678.0,119698.0,119716.0,119740.0,119773.0,119808.0,119830.0,119846.0,119857.0,119883.0,119890.0,119907.0,119929.0,119943.0,119950.0,119962.0,119978.0,119999.0,120015.0,120046.0,120065.0,120092.0,120111.0,120125.0,120141.0,120160.0,120169.0,120187.0,120199.0,120228.0,120256.0,120269.0,120292.0,120326.0,120349.0,120367.0,120392.0,120415.0,120455.0,120491.0,120516.0,120552.0,120580.0,120597.0,120635.0,120664.0,120695.0,120722.0,120750.0,120772.0,120792.0,120823.0,120846.0,120858.0,120875.0,120896.0,120915.0,120926.0,120939.0,120960.0,120978.0,120995.0,121018.0,121046.0,121076.0,121100.0,121113.0,121137.0,121162.0,121185.0,121202.0,121216.0,121233.0,121258.0,121271.0,121296.0,121314.0,121334.0,121352.0,121371.0,121391.0,121409.0,121439.0,121455.0,121484.0,121505.0,121524.0,121538.0,121557.0,121573.0,121593.0,121606.0,121626.0,121637.0,121646.0,121660.0,121672.0,121695.0,121712.0,121729.0,121749.0,121761.0,121775.0,121791.0,121801.0,121824.0,121844.0,121862.0,121887.0,121902.0,121907.0,121924.0,121948.0,121964.0,121976.0,121995.0,122008.0,122019.0,,122073.0,122093.0,122113.0,122122.0,122140.0,122155.0,122171.0,122182.0,122190.0,122212.0,122223.0,122237.0,122254.0,122272.0,122288.0,122305.0,122317.0,122330.0,122344.0,122356.0,122380.0,122395.0,122406.0,122425.0,122436.0,122458.0,122480.0,122499.0,122513.0,122533.0,122550.0,122565.0,122578.0,122594.0,122619.0,122636.0,122656.0,122683.0,122705.0,122725.0,122754.0,122775.0,122803.0,122825.0,122849.0,122873.0,122915.0,122950.0,122972.0,122985.0,123012.0,123034.0,123060.0,123085.0,123113.0,123136.0,123165.0,123189.0,123208.0,123230.0,123254.0,123276.0,123298.0,123317.0,123345.0,123374.0,123407.0,123443.0,123474.0,123512.0,123532.0,123551.0,123576.0,123597.0,123636.0,123676.0,123700.0,123725.0,123748.0,123778.0,123801.0,123843.0,123867.0,123888.0,123905.0,123921.0,123944.0,123963.0,123981.0,124000.0,124017.0,124034.0,124056.0,124080.0,124097.0,124119.0,124141.0,124161.0,124180.0,124201.0,124220.0,124238.0,124249.0,124262.0,124286.0,124302.0,124318.0,124336.0,124360.0,124377.0,124390.0,124407.0,124420.0,124433
N68rwFjyinI,38695766.0,38700387.0,38706169.0,38712067.0,38717777.0,38723893.0,38730485.0,38737494.0,38744149.0,38750969.0,38757967.0,38763790.0,38769834.0,38775315.0,38781201.0,38787048.0,38792663.0,38797844.0,38802751.0,38807340.0,38811820.0,38816394.0,38821345.0,38826304.0,38831436.0,38835728.0,38839754.0,38844415.0,38849003.0,38853394.0,38858151.0,38862613.0,38866591.0,38870565.0,38874360.0,38878895.0,38883910.0,38888813.0,38893275.0,38897567.0,38901677.0,38905989.0,38910764.0,38915801.0,38920814.0,38925246.0,38929509.0,38933962.0,38938770.0,38943738.0,38949168.0,38955424.0,38961130.0,38966569.0,38972578.0,38978465.0,38984822.0,38990520.0,38999377.0,39007398.0,39013999.0,39020300.0,39025885.0,39031858.0,39037379.0,39042589.0,39047744.0,39052719.0,39057223.0,39062753.0,39067933.0,39073374.0,39078916.0,39084166.0,39089459.0,39094817.0,39099962.0,39105302.0,39110139.0,39114890.0,39119900.0,39124662.0,39130005.0,39135225.0,39140498.0,39145780.0,39151044.0,39155854.0,39160222.0,39164239.0,39168398.0,39172585.0,39177341.0,39182879.0,39188145.0,39192788.0,39197045.0,39200959.0,39204897.0,39208971.0,39213216.0,39217767.0,39221887.0,39226513.0,39231378.0,39236132.0,39241103.0,39246437.0,39252194.0,39257440.0,39262808.0,39268702.0,39275060.0,39281386.0,39288613.0,39296289.0,39302854.0,39308989.0,39315082.0,39321254.0,39327606.0,39334821.0,39341897.0,39347774.0,39353305.0,39359089.0,39365037.0,39371588.0,39379141.0,39386634.0,39393481.0,39399205.0,39404839.0,39409798.0,,,,,,,,,39447496.0,39451800.0,39455273.0,39458850.0,39462071.0,39465112.0,39468056.0,39471299.0,39474776.0,39478326.0,39481793.0,39485062.0,39489283.0,39493402.0,39497813.0,39501846.0,39505231.0,39508784.0,39512127.0,39515645.0,39519232.0,39523468.0,39527644.0,39531518.0,39535382.0,39539811.0,39544023.0,39547965.0,39551647.0,39555180.0,39558591.0,39562162.0,39565683.0,39569185.0,39572395.0,39575706.0,39578804.0,39581765.0,39584812.0,39588071.0,39591115.0,39593971.0,39597083.0,39600304.0,39603476.0,39606719.0,39610114.0,39613898.0,39618002.0,39622005.0,39625554.0,39628755.0,39632067.0,39635516.0,39639038.0,39642686.0,39646357.0,39650124.0,39653696.0,39657539.0,39661307.0,39665157.0,39668775.0,39672348.0,39675762.0,39679371.0,39682935.0,39686352.0,39689774.0,39693056.0,39696395.0,39699723.0,39702988.0,39706506.0,39710313.0,39714107.0,39718862.0,39723622.0,39728147.0,39731835.0,39735533.0,39739025.0,39742730.0,39746917.0,39751407.0,39755398.0,39758733.0,39762054.0,39765214.0,39768239.0,39771543.0,39774812.0,39777986.0,39781013.0,39784124.0,39787429.0,39790883.0,39794261.0,39798108.0,39801676.0,39805047.0,39808293.0,39811361.0,39814637.0,39817945.0,39821134.0,39824243.0,39827587.0,39831029.0,39834434.0,39837609.0,39840723.0,39843912.0,39847168.0,39850300.0,39853307.0,39856354.0,39859451.0,39862752.0,39866515.0,39870119.0,,39878727.0,39883287.0,39887180.0,39890739.0,39894562.0,39898351.0,39901945.0,39905517.0,39909121.0,39912745.0,39916583.0,39920754.0,39924604.0,39928235.0,39931637.0,39935287.0,39939066.0,39943019.0,39947256.0,39951477.0,39955498.0,39959728.0,39963479.0,39967168.0,39970657.0,39974153.0,39977475.0,39981360.0,39984659.0,39987914.0,39991317.0,39994561.0,39998050.0,40001739.0,40005353.0,40009650.0,40013789.0,40017899.0,40022296.0,40027369.0,40032472.0,40037142.0,40041579.0,40045742.0,40049568.0,40053473.0,40057963.0,40062305.0,40066158.0,40069845.0,40073371.0,40076994.0,40080801.0,40085234.0,40089482.0,40093285.0,40097198.0,40101255.0,40105259.0,40109474.0,40113753.0,40117553.0,40121118.0,40124266.0,40127436.0,40130386.0,40133419.0,40136258.0,40138988.0,40141675.0,40144218.0,40146791.0,40149389.0,40151893.0,40154652.0,40157460.0,40160238.0,40163195.0,40166037.0,40168843.0,40171773.0,40174878.0,40178156.0,40181194.0,40184181.0,40187069.0,40190074.0,40193606.0,40196933.0,40199883.0,40202617.0,40205379.0,40208205.0,40210882.0,40213766.0,40216696.0,40219448.0,40222358.0,40225124.0,40227676.0,40230212.0,40232797.0,40235328.0,40237920.0,40240617.0,40243380.0,40246063.0,40249325.0,40252817.0,40256534.0,40260144.0,40263407.0,40266416.0,40269412
Z4dxNF7NfWk,1292205.0,1292939.0,1293762.0,1294639.0,1295582.0,1296533.0,1297443.0,1298357.0,1299344.0,1300207.0,1301060.0,1302008.0,1303031.0,1303955.0,1304923.0,1305909.0,1306740.0,1307654.0,1308525.0,1309430.0,1310239.0,1311156.0,1312087.0,1313201.0,1314242.0,1315141.0,1316074.0,1317025.0,1318067.0,1319057.0,1320044.0,1321014.0,1321923.0,1322995.0,1323849.0,1324835.0,1325807.0,1326816.0,1327700.0,1328655.0,1329596.0,1330555.0,1331535.0,1332555.0,1333678.0,1334838.0,1336371.0,1337691.0,1338906.0,1339844.0,1340746.0,1341694.0,1342774.0,1343952.0,1345213.0,1346227.0,1347247.0,1348255.0,1349099.0,1349997.0,1350875.0,1351786.0,1352893.0,1353816.0,1354865.0,1355770.0,1356493.0,1357326.0,1358168.0,1359227.0,1360192.0,1361129.0,1362065.0,1363037.0,1364048.0,1365051.0,1365945.0,1367076.0,1368079.0,1368851.0,1369842.0,1370832.0,1371687.0,1372679.0,1373642.0,1374635.0,1375585.0,1376452.0,1377407.0,1378336.0,1379384.0,1380343.0,1381242.0,1382286.0,1383214.0,1384144.0,1385131.0,1386066.0,1387129.0,1388234.0,1389213.0,1390310.0,1391276.0,1392196.0,1392952.0,1393935.0,1395014.0,1395885.0,1396729.0,1397635.0,1398596.0,1399535.0,1400455.0,1401448.0,1402510.0,1403537.0,1404484.0,1405467.0,1406510.0,1407533.0,1408481.0,1409357.0,1410319.0,1411606.0,1413052.0,1414567.0,1415890.0,1417240.0,1418569.0,1419727.0,1421284.0,1422588.0,1423890.0,1425153.0,,,,,,,,,1438832.0,1440261.0,1441531.0,1442709.0,1443941.0,1445093.0,1446053.0,1447122.0,1448089.0,1449051.0,1450018.0,1451046.0,1452225.0,1453239.0,1454179.0,1455089.0,1456073.0,1457032.0,1458041.0,1459108.0,1460211.0,1461039.0,1462181.0,1463290.0,1464226.0,1465161.0,1466138.0,1467068.0,1467902.0,1468771.0,1469670.0,1470540.0,1471449.0,1472356.0,1473234.0,1474123.0,1475030.0,1475856.0,1476660.0,1477728.0,1478649.0,1479520.0,1480434.0,1481282.0,1482228.0,1483134.0,1483955.0,1484823.0,1485881.0,1486734.0,1487554.0,1488439.0,1489221.0,1490192.0,1491063.0,1491986.0,1492816.0,1493620.0,1494440.0,1495176.0,1496075.0,1496719.0,1497602.0,1498312.0,1499117.0,1499885.0,1500727.0,1501384.0,1502132.0,1502881.0,1503499.0,1504227.0,1504969.0,1505622.0,1506282.0,1506943.0,1507614.0,1508266.0,1508851.0,1509533.0,1510239.0,1510738.0,1511483.0,1512185.0,1512828.0,1513500.0,1514318.0,1515111.0,1515933.0,1516839.0,1517556.0,1518488.0,1519254.0,1520100.0,1520836.0,1521669.0,1522604.0,1523417.0,1524220.0,1524866.0,1525516.0,1526297.0,1527070.0,1527698.0,1528331.0,1529010.0,1529658.0,1530348.0,1531075.0,1531789.0,1532384.0,1533147.0,1533836.0,1534563.0,1535382.0,1536079.0,1536751.0,1537508.0,1538303.0,1539077.0,1539740.0,,1541450.0,1542465.0,1543230.0,1544056.0,1544961.0,1545685.0,1546455.0,1547372.0,1548168.0,1549055.0,1550041.0,1550926.0,1551771.0,1552708.0,1553626.0,1554603.0,1555620.0,1556771.0,1557770.0,1558914.0,1559896.0,1561028.0,1562055.0,1563173.0,1564156.0,1565170.0,1566021.0,1566855.0,1567900.0,1568881.0,1569790.0,1570594.0,1571436.0,1572235.0,1573163.0,1574167.0,1575362.0,1576541.0,1577688.0,1578605.0,1579598.0,1580740.0,1581861.0,1582822.0,1583838.0,1584678.0,1585675.0,1586555.0,1587434.0,1588188.0,1589114.0,1590024.0,1590888.0,1591759.0,1592430.0,1593395.0,1594185.0,1595180.0,1596066.0,1597062.0,1597995.0,1598879.0,1599797.0,1600723.0,1601838.0,1602778.0,1603601.0,1604456.0,1605310.0,1606181.0,1607101.0,1608002.0,1608830.0,1609968.0,1610944.0,1611914.0,1612907.0,1613881.0,1614845.0,1615793.0,1616670.0,1617501.0,1618328.0,1619163.0,1620057.0,1621095.0,1622051.0,1623044.0,1624011.0,1624887.0,1625826.0,1626729.0,1627630.0,1628507.0,1629478.0,1630431.0,1631260.0,1632150.0,1633050.0,1633939.0,1634866.0,1635849.0,1636753.0,1637703.0,1638641.0,1639626.0,1640661.0,1641781.0,1642764.0,1643657.0,1644552.0,1645563.0,1646550.0,1647544
hOqsJtGrUEg,1746106.0,1746961.0,1747936.0,1748861.0,1749767.0,1750751.0,1751776.0,1752963.0,1754066.0,1755377.0,1756469.0,1757490.0,1758511.0,1759398.0,1760377.0,1761338.0,1762462.0,1763454.0,1764343.0,1765487.0,1766548.0,1767604.0,1768673.0,1769690.0,1770714.0,1771583.0,1772538.0,1773395.0,1774240.0,1775128.0,1776054.0,1776940.0,1777648.0,1778319.0,1779168.0,1780143.0,1781120.0,1782100.0,1782995.0,1783932.0,1784778.0,1785439.0,1786182.0,1786947.0,1787885.0,1788660.0,1789227.0,1789895.0,1790435.0,1791049.0,1791711.0,1792410.0,1793133.0,1793832.0,1794652.0,1795443.0,1796403.0,1797298.0,1798421.0,1799485.0,1800464.0,1801365.0,1802278.0,1803091.0,1803790.0,1804395.0,1805013.0,1805661.0,1806288.0,1806934.0,1807627.0,1808299.0,1809038.0,1809748.0,1810290.0,1810911.0,1811505.0,1812156.0,1812761.0,1813380.0,1814007.0,1814572.0,1815152.0,1815811.0,1816481.0,1817313.0,1818023.0,1818639.0,1819118.0,1819615.0,1820075.0,1820684.0,1821470.0,1822280.0,1823171.0,1824058.0,1824887.0,1825682.0,1826472.0,1827434.0,1828642.0,1829769.0,1830720.0,1831750.0,1832959.0,1834061.0,1835140.0,1836233.0,1837277.0,1838228.0,1839159.0,1840155.0,1841114.0,1841970.0,1842851.0,1843752.0,1844812.0,1845869.0,1846779.0,1847701.0,1848608.0,1849608.0,1850687.0,1851526.0,1852205.0,1852850.0,1853424.0,1854283.0,1855136.0,1856194.0,1857045.0,1857907.0,1858672.0,1859277.0,,,,,,,,,1866026.0,1866888.0,1867630.0,1868425.0,1869153.0,1869983.0,1870875.0,1871759.0,1872645.0,1873495.0,1874246.0,1874950.0,1875634.0,1876506.0,1877381.0,1878183.0,1878950.0,1879613.0,1880289.0,1880801.0,1881346.0,1881984.0,1882654.0,1883287.0,1883927.0,1884620.0,1885375.0,1886075.0,1886796.0,1887437.0,1888042.0,1888655.0,1889318.0,1889899.0,1890449.0,1891219.0,1892016.0,1892637.0,1893321.0,1893916.0,1894565.0,1895244.0,1896038.0,1896773.0,1897551.0,1898197.0,1898938.0,1899732.0,1900693.0,1901468.0,1902213.0,1903038.0,1903827.0,1904674.0,1905447.0,1906172.0,1906792.0,1907539.0,1908149.0,1908770.0,1909349.0,1909886.0,1910391.0,1910850.0,1911341.0,1911883.0,1912447.0,1913006.0,1913526.0,1914048.0,1914704.0,1915296.0,1915786.0,1916325.0,1916828.0,1917421.0,1917927.0,1918571.0,1919188.0,1919722.0,1920172.0,1920616.0,1921102.0,1921697.0,1922252.0,1922847.0,1923375.0,1923814.0,1924242.0,1924786.0,1925260.0,1925733.0,1926317.0,1926749.0,1927198.0,1927582.0,1928085.0,1928488.0,1928999.0,1929476.0,1930022.0,1930408.0,1930975.0,1931549.0,1932041.0,1932577.0,1933091.0,1933497.0,1933934.0,1934408.0,1934822.0,1935346.0,1935848.0,1936342.0,1936885.0,1937293.0,1937731.0,1938277.0,1938746.0,1939341.0,1939965.0,,1940991.0,1941543.0,1942132.0,1942686.0,1943270.0,1943728.0,1944160.0,1944507.0,1944901.0,1945253.0,1945756.0,1946356.0,1946854.0,1947264.0,1947681.0,1948197.0,1948682.0,1949055.0,1949541.0,1950003.0,1950349.0,1950799.0,1951144.0,1951450.0,1951837.0,1952141.0,1952510.0,1952806.0,1953192.0,1953552.0,1954048.0,1954388.0,1954799.0,1955166.0,1955551.0,1955917.0,1956350.0,1956718.0,1957122.0,1957486.0,1957825.0,1958168.0,1958603.0,1958960.0,1959486.0,1959863.0,1960370.0,1960770.0,1961154.0,1961516.0,1961967.0,1962358.0,1962798.0,1963286.0,1963756.0,1964151.0,1964603.0,1965006.0,1965460.0,1965870.0,1966303.0,1966762.0,1967225.0,1967682.0,1968165.0,1968631.0,1969102.0,1969513.0,1969915.0,1970340.0,1970781.0,1971390.0,1971846.0,1972422.0,1972886.0,1973491.0,1974118.0,1974651.0,1975147.0,1975695.0,1976222.0,1976780.0,1977324.0,1977800.0,1978305.0,1978833.0,1979354.0,1979839.0,1980349.0,1980861.0,1981294.0,1981783.0,1982308.0,1982770.0,1983299.0,1983824.0,1984334.0,1984771.0,1985319.0,1985763.0,1986285.0,1986795.0,1987423.0,1988070.0,1988586.0,1989161.0,1989834.0,1990467.0,1991148.0,1991704.0,1992332.0,1992937.0,1993487.0,1994020
8m8H8PZrM2w,708682.0,708991.0,709336.0,709661.0,710055.0,710409.0,710887.0,711289.0,711685.0,712086.0,712373.0,712737.0,713179.0,713609.0,714098.0,714535.0,714925.0,715318.0,715819.0,716309.0,716761.0,717210.0,717630.0,718003.0,718282.0,718589.0,718838.0,719181.0,719510.0,719930.0,720284.0,720599.0,720943.0,721229.0,721554.0,721868.0,722197.0,722454.0,722706.0,722948.0,723243.0,723537.0,723813.0,724138.0,724425.0,724649.0,724964.0,725301.0,725592.0,725851.0,726220.0,726504.0,726763.0,727071.0,727363.0,727673.0,727962.0,728286.0,728599.0,728904.0,729245.0,729623.0,729900.0,730227.0,730585.0,730906.0,731196.0,731529.0,731807.0,732219.0,732552.0,732873.0,733172.0,733418.0,733726.0,734036.0,734368.0,734660.0,735057.0,735380.0,735649.0,735952.0,736249.0,736608.0,737001.0,737355.0,737671.0,738041.0,738405.0,738762.0,739094.0,739447.0,739799.0,740132.0,740387.0,740745.0,741158.0,741512.0,741948.0,742303.0,742665.0,743028.0,743454.0,743953.0,744390.0,744897.0,745297.0,745630.0,745915.0,746317.0,746654.0,747040.0,747478.0,747870.0,748184.0,748343.0,748665.0,748994.0,749367.0,749633.0,749912.0,750168.0,750413.0,750586.0,750814.0,751088.0,751308.0,751577.0,751859.0,752074.0,752286.0,752550.0,752821.0,753052.0,,,,,,,,,755500.0,755765.0,756050.0,756346.0,756770.0,757132.0,757573.0,757885.0,758257.0,758669.0,759121.0,759553.0,759982.0,760337.0,760668.0,760959.0,761286.0,761683.0,762046.0,762356.0,762623.0,762882.0,763117.0,763399.0,763689.0,763960.0,764218.0,764490.0,764706.0,764882.0,765157.0,765355.0,765597.0,765796.0,766028.0,766235.0,766410.0,766650.0,766896.0,767118.0,767355.0,767663.0,767930.0,768138.0,768392.0,768650.0,768940.0,769227.0,769478.0,769767.0,769938.0,770240.0,770502.0,770747.0,770954.0,771174.0,771454.0,771709.0,771941.0,772195.0,772475.0,772703.0,772955.0,773215.0,773419.0,773718.0,774054.0,774335.0,774565.0,774799.0,775133.0,775419.0,775806.0,776138.0,776579.0,776970.0,777365.0,777682.0,777990.0,778362.0,778759.0,779059.0,779593.0,780007.0,780397.0,780733.0,781095.0,781602.0,782146.0,782631.0,783108.0,783487.0,783799.0,784165.0,784594.0,785027.0,785496.0,785927.0,786254.0,786603.0,786980.0,787424.0,787966.0,788367.0,788776.0,789185.0,789548.0,789962.0,790418.0,790789.0,791202.0,791585.0,791915.0,792220.0,792457.0,792765.0,793022.0,793334.0,793613.0,793832.0,794016.0,,794496.0,794764.0,795017.0,795279.0,795487.0,795659.0,795836.0,796024.0,796226.0,796374.0,796558.0,796776.0,796949.0,797135.0,797323.0,797499.0,797683.0,797888.0,798078.0,798223.0,798430.0,798729.0,798953.0,799168.0,799381.0,799527.0,799679.0,799872.0,800056.0,800220.0,800409.0,800586.0,800766.0,800919.0,801112.0,801331.0,801551.0,801778.0,802034.0,802258.0,802466.0,802670.0,802920.0,803169.0,803374.0,803663.0,804048.0,804444.0,804930.0,805608.0,806091.0,806654.0,807167.0,807704.0,808125.0,808587.0,809117.0,809655.0,810161.0,810737.0,811206.0,811694.0,812175.0,812679.0,813330.0,813996.0,814547.0,815080.0,815482.0,815974.0,816516.0,817224.0,817958.0,818642.0,819281.0,819816.0,820463.0,821213.0,821953.0,822566.0,823249.0,823847.0,824337.0,824886.0,825454.0,826050.0,826593.0,827189.0,827691.0,828151.0,828689.0,829206.0,829744.0,830287.0,830829.0,831267.0,831687.0,832203.0,832764.0,833203.0,833673.0,834163.0,834624.0,834981.0,835467.0,835930.0,836406.0,836881.0,837251.0,837677.0,837950.0,838390.0,838772.0,839226
dVFV-PBZTVc,315388.0,315413.0,315453.0,315481.0,315512.0,315547.0,315595.0,315619.0,315647.0,315675.0,315707.0,315734.0,315749.0,315781.0,315815.0,315849.0,315875.0,315890.0,315916.0,315949.0,315975.0,316003.0,316029.0,316045.0,316060.0,316083.0,316131.0,316166.0,316186.0,316205.0,316216.0,316232.0,316250.0,316277.0,316297.0,316311.0,316355.0,316381.0,316391.0,316408.0,316426.0,316445.0,316460.0,316478.0,316499.0,316523.0,316548.0,316563.0,316592.0,316623.0,316646.0,316668.0,316689.0,316703.0,316734.0,316755.0,316769.0,316785.0,316804.0,316829.0,316848.0,316862.0,316875.0,316904.0,316915.0,316922.0,316940.0,316965.0,316980.0,317002.0,317020.0,317033.0,317047.0,317059.0,317077.0,317094.0,317113.0,317128.0,317154.0,317178.0,317191.0,317215.0,317242.0,317263.0,317280.0,317297.0,317310.0,317337.0,317368.0,317381.0,317394.0,317403.0,317425.0,317441.0,317458.0,317474.0,317487.0,317501.0,317518.0,317538.0,317550.0,317554.0,317571.0,317582.0,317593.0,317605.0,317615.0,317636.0,317656.0,317673.0,317686.0,317705.0,317727.0,317769.0,317800.0,317834.0,317866.0,317882.0,317905.0,317932.0,317957.0,317985.0,318007.0,318019.0,318031.0,318058.0,318073.0,318086.0,318111.0,318136.0,318161.0,318177.0,318201.0,318219.0,,,,,,,,,318341.0,318348.0,318369.0,318379.0,318400.0,318409.0,318427.0,318439.0,318451.0,318462.0,318481.0,318492.0,318501.0,318528.0,318545.0,318556.0,318579.0,318594.0,318604.0,318614.0,318628.0,318639.0,318657.0,318665.0,318677.0,318694.0,318706.0,318713.0,318724.0,318744.0,318758.0,318770.0,318782.0,318794.0,318809.0,318820.0,318835.0,318854.0,318867.0,318891.0,318908.0,318912.0,318931.0,318953.0,318964.0,318977.0,318990.0,318999.0,319011.0,319021.0,319038.0,319048.0,319059.0,319068.0,319081.0,319093.0,319102.0,319108.0,319116.0,319135.0,319145.0,319157.0,319166.0,319176.0,319189.0,319197.0,319205.0,319208.0,319217.0,319239.0,319256.0,319259.0,319272.0,319281.0,319296.0,319306.0,319319.0,319335.0,319353.0,319368.0,319382.0,319387.0,319391.0,319404.0,319417.0,319435.0,319445.0,319467.0,319479.0,319498.0,319523.0,319539.0,319569.0,319595.0,319611.0,319623.0,319638.0,319665.0,319682.0,319695.0,319714.0,319741.0,319765.0,319791.0,319818.0,319833.0,319852.0,319875.0,319890.0,319910.0,319930.0,319946.0,319957.0,319971.0,319977.0,319989.0,320005.0,320025.0,320059.0,320084.0,320119.0,,320155.0,320179.0,320193.0,320209.0,320227.0,320259.0,320271.0,320286.0,320307.0,320325.0,320340.0,320359.0,320382.0,320396.0,320410.0,320439.0,320468.0,320500.0,320515.0,320537.0,320557.0,320574.0,320595.0,320618.0,320637.0,320648.0,320668.0,320681.0,320695.0,320711.0,320729.0,320757.0,320773.0,320794.0,320823.0,320847.0,320870.0,320892.0,320922.0,320959.0,320984.0,321010.0,321035.0,321047.0,321058.0,321073.0,321096.0,321114.0,321133.0,321159.0,321179.0,321191.0,321204.0,321218.0,321237.0,321254.0,321270.0,321286.0,321301.0,321319.0,321337.0,321353.0,321370.0,321389.0,321401.0,321413.0,321436.0,321449.0,321461.0,321480.0,321504.0,321521.0,321539.0,321550.0,321571.0,321584.0,321599.0,321611.0,321629.0,321640.0,321656.0,321680.0,321704.0,321726.0,321733.0,321741.0,321753.0,321771.0,321782.0,321792.0,321797.0,321806.0,321818.0,321835.0,321850.0,321862.0,321872.0,321878.0,321887.0,321898.0,321908.0,321918.0,321929.0,321939.0,321952.0,321959.0,321970.0,321982.0,321991.0,322008.0,322021.0,322032.0,322050.0,322061
fAgGrEH5rF0,312638.0,312673.0,312709.0,312764.0,312810.0,312857.0,312911.0,312946.0,312993.0,313033.0,313066.0,313116.0,313154.0,313183.0,313240.0,313300.0,313352.0,313401.0,313443.0,313489.0,313545.0,313613.0,313652.0,313689.0,313735.0,313780.0,313833.0,313883.0,313918.0,313952.0,313997.0,314041.0,314077.0,314113.0,314143.0,314184.0,314232.0,314266.0,314299.0,314338.0,314386.0,314435.0,314492.0,314540.0,314588.0,314637.0,314674.0,314714.0,314770.0,314815.0,314842.0,314890.0,314937.0,314982.0,315036.0,315081.0,315132.0,315185.0,315231.0,315268.0,315314.0,315368.0,315417.0,315460.0,315501.0,315556.0,315596.0,315634.0,315671.0,315713.0,315752.0,315782.0,315832.0,315872.0,315901.0,315929.0,315979.0,316008.0,316062.0,316100.0,316141.0,316187.0,316224.0,316248.0,316272.0,316305.0,316344.0,316410.0,316456.0,316489.0,316517.0,316541.0,316576.0,316609.0,316645.0,316686.0,316714.0,316752.0,316784.0,316834.0,316862.0,316893.0,316934.0,316968.0,316991.0,317024.0,317054.0,317102.0,317140.0,317184.0,317227.0,317362.0,317433.0,317504.0,317553.0,317598.0,317640.0,317703.0,317769.0,317828.0,317871.0,317941.0,317989.0,318035.0,318098.0,318137.0,318196.0,318265.0,318330.0,318406.0,318471.0,318531.0,318604.0,318668.0,,,,,,,,,319249.0,319301.0,319360.0,319428.0,319481.0,319522.0,319570.0,319632.0,319688.0,319731.0,319770.0,319820.0,319867.0,319903.0,319942.0,320000.0,320042.0,320083.0,320125.0,320168.0,320198.0,320223.0,320259.0,320279.0,320308.0,320334.0,320383.0,320405.0,320439.0,320478.0,320520.0,320557.0,320602.0,320623.0,320671.0,320700.0,320727.0,320763.0,320797.0,320837.0,320875.0,320907.0,320930.0,320964.0,321009.0,321046.0,321072.0,321103.0,321124.0,321158.0,321181.0,321219.0,321248.0,321287.0,321309.0,321341.0,321371.0,321383.0,321400.0,321425.0,321460.0,321485.0,321519.0,321538.0,321570.0,321595.0,321618.0,321643.0,321672.0,321694.0,321724.0,321747.0,321774.0,321806.0,321838.0,321869.0,321907.0,321943.0,321971.0,322012.0,322038.0,322080.0,322113.0,322153.0,322179.0,322203.0,322228.0,322257.0,322282.0,322312.0,322359.0,322387.0,322419.0,322475.0,322503.0,322541.0,322576.0,322611.0,322641.0,322678.0,322709.0,322742.0,322796.0,322827.0,322855.0,322884.0,322918.0,322950.0,322980.0,323013.0,323062.0,323102.0,323137.0,323169.0,323217.0,323250.0,323295.0,323333.0,323360.0,323388.0,323423.0,,323481.0,323521.0,323559.0,323590.0,323635.0,323670.0,323696.0,323720.0,323753.0,323782.0,323818.0,323852.0,323885.0,323906.0,323945.0,323981.0,324020.0,324062.0,324091.0,324131.0,324165.0,324209.0,324242.0,324276.0,324314.0,324350.0,324380.0,324418.0,324464.0,324507.0,324551.0,324606.0,324665.0,324701.0,324747.0,324800.0,324839.0,324896.0,324959.0,324999.0,325028.0,325073.0,325130.0,325175.0,325216.0,325249.0,325294.0,325335.0,325365.0,325414.0,325456.0,325486.0,325523.0,325563.0,325588.0,325627.0,325671.0,325708.0,325742.0,325785.0,325816.0,325848.0,325891.0,325945.0,325985.0,326029.0,326075.0,326120.0,326161.0,326197.0,326225.0,326257.0,326301.0,326357.0,326397.0,326431.0,326469.0,326503.0,326532.0,326570.0,326610.0,326665.0,326711.0,326748.0,326775.0,326816.0,326860.0,326903.0,326937.0,326979.0,327016.0,327065.0,327098.0,327152.0,327193.0,327235.0,327267.0,327302.0,327344.0,327370.0,327393.0,327413.0,327440.0,327460.0,327490.0,327513.0,327545.0,327576.0,327603.0,327647.0,327691.0,327720.0,327753.0,327784
kdm7_YkQJso,9096.0,9103.0,9115.0,9129.0,9135.0,9145.0,9154.0,9163.0,9172.0,9181.0,9186.0,9199.0,9209.0,9214.0,9227.0,9241.0,9244.0,9257.0,9266.0,9281.0,9288.0,9298.0,9308.0,9317.0,9323.0,9332.0,9342.0,9352.0,9367.0,9376.0,9388.0,9398.0,9405.0,9416.0,9426.0,9446.0,9462.0,9476.0,9483.0,9500.0,9508.0,9517.0,9519.0,9528.0,9535.0,9547.0,9552.0,9557.0,9563.0,9576.0,9588.0,9593.0,9597.0,9603.0,9608.0,9614.0,9627.0,9637.0,9643.0,9646.0,9654.0,9658.0,9662.0,9667.0,9675.0,9689.0,9705.0,9709.0,9715.0,9726.0,9734.0,9742.0,9748.0,9756.0,9765.0,9767.0,9777.0,9784.0,9792.0,9798.0,9805.0,9813.0,9823.0,9829.0,9833.0,9839.0,9845.0,9855.0,9860.0,9866.0,9868.0,9877.0,9883.0,9886.0,9889.0,9897.0,9907.0,9916.0,9925.0,9932.0,9935.0,9943.0,9946.0,9953.0,9961.0,9969.0,9979.0,9986.0,9998.0,10002.0,10012.0,10021.0,10031.0,10039.0,10044.0,10051.0,10061.0,10069.0,10073.0,10078.0,10088.0,10097.0,10110.0,10118.0,10131.0,10135.0,10144.0,10154.0,10163.0,10170.0,10176.0,10182.0,10185.0,10196.0,,,,,,,,,10265.0,10270.0,10277.0,10286.0,10293.0,10298.0,10307.0,10315.0,10318.0,10325.0,10330.0,10335.0,10343.0,10347.0,10353.0,10368.0,10374.0,10385.0,10391.0,10398.0,10401.0,10404.0,10408.0,10412.0,10417.0,10419.0,10426.0,10433.0,10437.0,10441.0,10452.0,10456.0,10461.0,10464.0,10469.0,10477.0,10481.0,10486.0,10492.0,10501.0,10510.0,10516.0,10520.0,10527.0,10530.0,10540.0,10548.0,10551.0,10554.0,10557.0,10562.0,10570.0,10578.0,10584.0,10587.0,10595.0,10600.0,10607.0,10609.0,10614.0,10622.0,10630.0,10634.0,10646.0,10650.0,10656.0,10666.0,10670.0,10674.0,10681.0,10686.0,10691.0,10692.0,10696.0,10702.0,10711.0,10719.0,10726.0,10728.0,10735.0,10741.0,10747.0,10754.0,10760.0,10765.0,10772.0,10783.0,10794.0,10795.0,10803.0,10806.0,10811.0,10816.0,10818.0,10820.0,10823.0,10829.0,10839.0,10845.0,10850.0,10854.0,10860.0,10867.0,10874.0,10881.0,10885.0,10886.0,10891.0,10895.0,10903.0,10908.0,10911.0,10914.0,10919.0,10923.0,10930.0,10937.0,10944.0,10949.0,10955.0,10964.0,,10976.0,10981.0,10987.0,10994.0,10998.0,11004.0,11010.0,11020.0,11026.0,11033.0,11037.0,11041.0,11043.0,11045.0,11047.0,11052.0,11054.0,11059.0,11062.0,11068.0,11072.0,11075.0,11076.0,11077.0,11083.0,11087.0,11092.0,11094.0,11096.0,11100.0,11100.0,11104.0,11108.0,11115.0,11118.0,11125.0,11130.0,11137.0,11137.0,11143.0,11147.0,11150.0,11154.0,11162.0,11168.0,11174.0,11181.0,11189.0,11198.0,11214.0,11226.0,11238.0,11254.0,11266.0,11273.0,11290.0,11299.0,11304.0,11309.0,11317.0,11322.0,11324.0,11327.0,11333.0,11340.0,11350.0,11361.0,11369.0,11374.0,11380.0,11385.0,11393.0,11403.0,11421.0,11426.0,11440.0,11447.0,11451.0,11465.0,11472.0,11475.0,11484.0,11489.0,11499.0,11501.0,11506.0,11510.0,11519.0,11528.0,11531.0,11539.0,11544.0,11554.0,11561.0,11565.0,11584.0,11591.0,11598.0,11607.0,11615.0,11627.0,11632.0,11646.0,11649.0,11653.0,11656.0,11658.0,11668.0,11672.0,11674.0,11677.0,11680.0,11685.0,11690
Sg6LHy-TsV8,5756.0,5757.0,5759.0,5760.0,5761.0,5761.0,5763.0,5766.0,5766.0,5767.0,5771.0,5771.0,5771.0,5772.0,5773.0,5773.0,5773.0,5773.0,5773.0,5774.0,5775.0,5779.0,5780.0,5781.0,5781.0,5782.0,5783.0,5783.0,5784.0,5786.0,5786.0,5786.0,5787.0,5788.0,5788.0,5790.0,5792.0,5795.0,5795.0,5796.0,5796.0,5796.0,5797.0,5797.0,5798.0,5800.0,5800.0,5801.0,5804.0,5804.0,5805.0,5805.0,5805.0,5805.0,5806.0,5806.0,5806.0,5807.0,5808.0,5808.0,5810.0,5810.0,5811.0,5811.0,5812.0,5812.0,5813.0,5814.0,5815.0,5817.0,5817.0,5818.0,5819.0,5820.0,5820.0,5820.0,5820.0,5820.0,5823.0,5825.0,5826.0,5827.0,5827.0,5827.0,5827.0,5827.0,5829.0,5829.0,5830.0,5831.0,5831.0,5833.0,5833.0,5833.0,5834.0,5834.0,5836.0,5836.0,5836.0,5836.0,5838.0,5840.0,5840.0,5840.0,5842.0,5844.0,5847.0,5847.0,5848.0,5849.0,5849.0,5850.0,5850.0,5854.0,5854.0,5855.0,5855.0,5857.0,5857.0,5860.0,5861.0,5864.0,5866.0,5866.0,5866.0,5867.0,5867.0,5867.0,5867.0,5868.0,5869.0,5870.0,5872.0,5873.0,,,,,,,,,5887.0,5887.0,5890.0,5892.0,5893.0,5895.0,5896.0,5899.0,5900.0,5902.0,5903.0,5906.0,5910.0,5910.0,5910.0,5915.0,5918.0,5919.0,5920.0,5920.0,5921.0,5924.0,5926.0,5926.0,5928.0,5929.0,5931.0,5937.0,5945.0,5952.0,5958.0,5963.0,5969.0,5973.0,5978.0,5979.0,5979.0,5980.0,5986.0,5991.0,5993.0,5994.0,5996.0,5996.0,5999.0,6002.0,6007.0,6010.0,6014.0,6015.0,6016.0,6019.0,6023.0,6026.0,6027.0,6029.0,6030.0,6034.0,6034.0,6036.0,6039.0,6040.0,6041.0,6045.0,6047.0,6050.0,6054.0,6055.0,6055.0,6057.0,6060.0,6061.0,6064.0,6064.0,6067.0,6068.0,6071.0,6074.0,6074.0,6075.0,6078.0,6078.0,6079.0,6081.0,6083.0,6083.0,6083.0,6083.0,6083.0,6083.0,6084.0,6087.0,6088.0,6089.0,6090.0,6091.0,6091.0,6092.0,6093.0,6094.0,6094.0,6094.0,6095.0,6097.0,6097.0,6097.0,6099.0,6100.0,6100.0,6101.0,6104.0,6105.0,6105.0,6106.0,6108.0,6108.0,6110.0,6110.0,6111.0,6111.0,6113.0,,6114.0,6116.0,6116.0,6116.0,6119.0,6120.0,6122.0,6122.0,6125.0,6127.0,6127.0,6128.0,6129.0,6129.0,6131.0,6132.0,6135.0,6136.0,6137.0,6137.0,6138.0,6138.0,6138.0,6140.0,6140.0,6140.0,6140.0,6140.0,6140.0,6142.0,6142.0,6144.0,6145.0,6145.0,6145.0,6149.0,6152.0,6153.0,6155.0,6156.0,6156.0,6156.0,6156.0,6158.0,6159.0,6160.0,6162.0,6163.0,6164.0,6169.0,6172.0,6172.0,6175.0,6175.0,6177.0,6179.0,6181.0,6188.0,6190.0,6191.0,6192.0,6194.0,6195.0,6195.0,6195.0,6196.0,6197.0,6202.0,6202.0,6205.0,6206.0,6210.0,6210.0,6211.0,6214.0,6215.0,6216.0,6216.0,6217.0,6223.0,6223.0,6223.0,6225.0,6231.0,6231.0,6231.0,6231.0,6233.0,6233.0,6236.0,6236.0,6238.0,6241.0,6245.0,6246.0,6247.0,6251.0,6253.0,6256.0,6257.0,6259.0,6259.0,6260.0,6261.0,6264.0,6265.0,6268.0,6268.0,6270.0,6270.0,6272.0,6274.0,6275.0,6279
Fke12S6oawM,15277.0,15294.0,15313.0,15326.0,15345.0,15353.0,15370.0,15402.0,15430.0,15454.0,15480.0,15492.0,15517.0,15541.0,15568.0,15594.0,15613.0,15633.0,15667.0,15693.0,15713.0,15731.0,15751.0,15766.0,15777.0,15787.0,15798.0,15811.0,15822.0,15842.0,15857.0,15862.0,15874.0,15881.0,15890.0,15909.0,15919.0,15934.0,15941.0,15951.0,15963.0,15984.0,15996.0,16010.0,16017.0,16023.0,16028.0,16043.0,16057.0,16072.0,16083.0,16090.0,16102.0,16113.0,16126.0,16140.0,16147.0,16161.0,16172.0,16187.0,16198.0,16203.0,16220.0,16226.0,16235.0,16246.0,16254.0,16262.0,16267.0,16279.0,16287.0,16297.0,16303.0,16309.0,16325.0,16333.0,16344.0,16355.0,16367.0,16378.0,16383.0,16391.0,16402.0,16415.0,16431.0,16443.0,16452.0,16457.0,16475.0,16485.0,16490.0,16500.0,16509.0,16516.0,16520.0,16536.0,16545.0,16555.0,16567.0,16575.0,16587.0,16597.0,16610.0,16615.0,16624.0,16639.0,16656.0,16666.0,16684.0,16700.0,16717.0,16735.0,16748.0,16762.0,16778.0,16803.0,16835.0,16855.0,16880.0,16901.0,16917.0,16939.0,16962.0,16980.0,16994.0,17015.0,17034.0,17054.0,17080.0,17108.0,17133.0,17188.0,17216.0,17234.0,,,,,,,,,17590.0,17607.0,17635.0,17663.0,17688.0,17716.0,17737.0,17762.0,17799.0,17836.0,17886.0,17932.0,18025.0,18083.0,18136.0,18161.0,18213.0,18256.0,18301.0,18339.0,18366.0,18380.0,18396.0,18414.0,18497.0,18548.0,18583.0,18607.0,18618.0,18635.0,18657.0,18686.0,18707.0,18726.0,18756.0,18785.0,18813.0,18831.0,18847.0,18868.0,18893.0,18918.0,18946.0,18964.0,18987.0,19016.0,19046.0,19071.0,19090.0,19114.0,19139.0,19173.0,19199.0,19233.0,19257.0,19277.0,19295.0,19310.0,19324.0,19349.0,19371.0,19386.0,19414.0,19442.0,19449.0,19465.0,19494.0,19518.0,19535.0,19555.0,19571.0,19586.0,19603.0,19625.0,19642.0,19658.0,19680.0,19699.0,19713.0,19737.0,19752.0,19768.0,19792.0,19805.0,19823.0,19839.0,19856.0,19898.0,19915.0,19950.0,19971.0,19990.0,20018.0,20039.0,20052.0,20072.0,20090.0,20112.0,20128.0,20134.0,20150.0,20162.0,20181.0,20196.0,20217.0,20227.0,20237.0,20253.0,20268.0,20282.0,20293.0,20321.0,20338.0,20348.0,20363.0,20376.0,20390.0,20399.0,20406.0,20415.0,20423.0,,20447.0,20461.0,20477.0,20484.0,20492.0,20502.0,20508.0,20514.0,20525.0,20526.0,20536.0,20545.0,20557.0,20568.0,20581.0,20589.0,20598.0,20604.0,20612.0,20614.0,20621.0,20629.0,20636.0,20644.0,20650.0,20656.0,20665.0,20671.0,20675.0,20681.0,20688.0,20695.0,20701.0,20703.0,20715.0,20724.0,20731.0,20739.0,20743.0,20751.0,20756.0,20764.0,20771.0,20777.0,20781.0,20795.0,20814.0,20843.0,20882.0,20911.0,20951.0,20985.0,21042.0,21063.0,21087.0,21109.0,21137.0,21156.0,21168.0,21178.0,21188.0,21190.0,21195.0,21203.0,21214.0,21231.0,21253.0,21270.0,21284.0,21312.0,21325.0,21348.0,21371.0,21389.0,21397.0,21410.0,21425.0,21435.0,21449.0,21462.0,21475.0,21496.0,21505.0,21514.0,21521.0,21530.0,21548.0,21555.0,21566.0,21571.0,21584.0,21591.0,21601.0,21610.0,21618.0,21629.0,21634.0,21642.0,21650.0,21661.0,21672.0,21688.0,21739.0,21754.0,21767.0,21781.0,21793.0,21806.0,21822.0,21839.0,21847.0,21851.0,21868.0,21883
y36Kc4StwFA,60375.0,60381.0,60392.0,60402.0,60412.0,60428.0,60443.0,60454.0,60467.0,60486.0,60497.0,60503.0,60516.0,60529.0,60539.0,60543.0,60551.0,60565.0,60578.0,60592.0,60601.0,60620.0,60631.0,60642.0,60656.0,60666.0,60674.0,60686.0,60699.0,60716.0,60730.0,60742.0,60751.0,60764.0,60777.0,60790.0,60811.0,60827.0,60837.0,60857.0,60865.0,60876.0,60892.0,60904.0,60924.0,60936.0,60948.0,60966.0,60974.0,60984.0,61006.0,61022.0,61038.0,61052.0,61061.0,61072.0,61083.0,61092.0,61097.0,61105.0,61116.0,61123.0,61134.0,61148.0,61159.0,61176.0,61197.0,61209.0,61229.0,61249.0,61264.0,61282.0,61295.0,61298.0,61309.0,61323.0,61339.0,61353.0,61363.0,61377.0,61393.0,61404.0,61412.0,61425.0,61444.0,61460.0,61484.0,61513.0,61551.0,61580.0,61658.0,61713.0,61765.0,61816.0,61855.0,61909.0,61954.0,61970.0,61984.0,62013.0,62047.0,62078.0,62111.0,62126.0,62145.0,62167.0,62188.0,62204.0,62218.0,62234.0,62246.0,62268.0,62281.0,62297.0,62319.0,62343.0,62367.0,62391.0,62415.0,62439.0,62463.0,62481.0,62496.0,62517.0,62535.0,62551.0,62574.0,62589.0,62602.0,62620.0,62629.0,62651.0,62667.0,62677.0,,,,,,,,,62894.0,62921.0,62946.0,62996.0,63022.0,63051.0,63093.0,63124.0,63158.0,63185.0,63230.0,63281.0,63326.0,63349.0,63382.0,63424.0,63450.0,63469.0,63496.0,63518.0,63548.0,63573.0,63613.0,63641.0,63660.0,63689.0,63706.0,63733.0,63759.0,63780.0,63798.0,63815.0,63842.0,63866.0,63889.0,63901.0,63911.0,63924.0,63939.0,63960.0,63982.0,63996.0,64012.0,64041.0,64062.0,64075.0,64086.0,64095.0,64113.0,64137.0,64155.0,64178.0,64202.0,64216.0,64231.0,64256.0,64279.0,64297.0,64320.0,64344.0,64362.0,64381.0,64419.0,64445.0,64461.0,64497.0,64512.0,64539.0,64569.0,64587.0,64602.0,64620.0,64631.0,64660.0,64691.0,64722.0,64758.0,64786.0,64818.0,64836.0,64859.0,64876.0,64900.0,64928.0,64950.0,64971.0,65003.0,65025.0,65043.0,65059.0,65082.0,65106.0,65132.0,65146.0,65156.0,65170.0,65195.0,65212.0,65244.0,65266.0,65286.0,65306.0,65329.0,65345.0,65362.0,65375.0,65386.0,65395.0,65409.0,65416.0,65425.0,65446.0,65472.0,65488.0,65501.0,65517.0,65531.0,65546.0,65565.0,65576.0,65585.0,,65608.0,65618.0,65634.0,65648.0,65671.0,65683.0,65695.0,65719.0,65738.0,65746.0,65763.0,65780.0,65817.0,65838.0,65857.0,65877.0,65899.0,65914.0,65930.0,65950.0,65962.0,65974.0,65982.0,65995.0,66017.0,66026.0,66042.0,66050.0,66068.0,66077.0,66094.0,66105.0,66123.0,66138.0,66148.0,66160.0,66176.0,66182.0,66194.0,66204.0,66218.0,66230.0,66247.0,66259.0,66267.0,66274.0,66284.0,66299.0,66314.0,66318.0,66327.0,66335.0,66344.0,66352.0,66361.0,66368.0,66373.0,66390.0,66405.0,66418.0,66423.0,66433.0,66441.0,66458.0,66475.0,66490.0,66495.0,66504.0,66522.0,66528.0,66536.0,66550.0,66564.0,66572.0,66586.0,66606.0,66627.0,66637.0,66651.0,66666.0,66674.0,66682.0,66702.0,66717.0,66737.0,66755.0,66781.0,66809.0,66824.0,66836.0,66849.0,66864.0,66881.0,66893.0,66904.0,66916.0,66933.0,66945.0,66957.0,66969.0,66984.0,66995.0,67009.0,67016.0,67027.0,67041.0,67059.0,67076.0,67092.0,67107.0,67119.0,67128.0,67138.0,67149
bFBfSlkXDJk,322742.0,322783.0,322824.0,322877.0,322907.0,322944.0,322998.0,323037.0,323079.0,323114.0,323154.0,323189.0,323220.0,323258.0,323313.0,323358.0,323410.0,323448.0,323497.0,323527.0,323565.0,323589.0,323617.0,323650.0,323690.0,323734.0,323779.0,323822.0,323868.0,323905.0,323957.0,324009.0,324056.0,324101.0,324135.0,324203.0,324245.0,324303.0,324346.0,324380.0,324436.0,324500.0,324538.0,324594.0,324632.0,324688.0,324720.0,324777.0,324814.0,324857.0,324898.0,324934.0,324995.0,325036.0,325074.0,325120.0,325155.0,325185.0,325224.0,325280.0,325307.0,325359.0,325399.0,325432.0,325470.0,325508.0,325538.0,325575.0,325604.0,325659.0,325694.0,325735.0,325772.0,325837.0,325881.0,325929.0,325984.0,326033.0,326099.0,326157.0,326206.0,326253.0,326313.0,326344.0,326401.0,326471.0,326526.0,326574.0,326621.0,326665.0,326689.0,326726.0,326780.0,326827.0,326868.0,326893.0,326934.0,326972.0,327006.0,327063.0,327107.0,327148.0,327198.0,327275.0,327317.0,327367.0,327409.0,327462.0,327496.0,327525.0,327549.0,327579.0,327612.0,327655.0,327678.0,327712.0,327739.0,327778.0,327801.0,327840.0,327873.0,327939.0,327982.0,328025.0,328080.0,328136.0,328181.0,328237.0,328285.0,328326.0,328359.0,328395.0,328430.0,328467.0,,,,,,,,,328886.0,328935.0,328981.0,329041.0,329078.0,329128.0,329167.0,329218.0,329282.0,329317.0,329366.0,329402.0,329451.0,329507.0,329564.0,329619.0,329661.0,329701.0,329750.0,329788.0,329851.0,329909.0,329949.0,330008.0,330050.0,330088.0,330137.0,330185.0,330232.0,330272.0,330309.0,330351.0,330382.0,330430.0,330461.0,330493.0,330527.0,330556.0,330594.0,330629.0,330660.0,330691.0,330720.0,330766.0,330802.0,330821.0,330849.0,330899.0,330939.0,330982.0,331010.0,331059.0,331090.0,331117.0,331136.0,331170.0,331205.0,331242.0,331279.0,331317.0,331352.0,331377.0,331431.0,331477.0,331519.0,331556.0,331592.0,331646.0,331717.0,331757.0,331820.0,331858.0,331908.0,331940.0,331986.0,332030.0,332079.0,332136.0,332178.0,332228.0,332268.0,332295.0,332325.0,332368.0,332392.0,332436.0,332459.0,332483.0,332521.0,332551.0,332583.0,332628.0,332667.0,332712.0,332767.0,332797.0,332842.0,332891.0,332945.0,332979.0,333024.0,333052.0,333066.0,333110.0,333151.0,333194.0,333233.0,333263.0,333303.0,333347.0,333381.0,333414.0,333513.0,333532.0,333529.0,333564.0,333597.0,333634.0,333681.0,333722.0,333777.0,,333851.0,333892.0,333944.0,333988.0,334029.0,334076.0,334114.0,334159.0,334204.0,334255.0,334308.0,334365.0,334410.0,334446.0,334486.0,334529.0,334582.0,334634.0,334680.0,334736.0,334787.0,334821.0,334864.0,334899.0,334966.0,334996.0,335033.0,335088.0,335132.0,335223.0,335269.0,335319.0,335367.0,335408.0,335447.0,335481.0,335521.0,335564.0,335612.0,335661.0,335728.0,335795.0,335843.0,335872.0,335909.0,336063.0,336029.0,336066.0,336116.0,336161.0,336185.0,336224.0,336263.0,336343.0,336390.0,336441.0,336515.0,336601.0,336661.0,336716.0,336774.0,336826.0,336864.0,336918.0,336974.0,337031.0,337083.0,337124.0,337159.0,337209.0,337234.0,337275.0,337323.0,337360.0,337430.0,337473.0,337505.0,337544.0,337587.0,337622.0,337654.0,337702.0,337741.0,337784.0,337856.0,337910.0,337960.0,338024.0,338074.0,338117.0,338168.0,338206.0,338261.0,338293.0,338349.0,338400.0,338452.0,338487.0,338538.0,338589.0,338633.0,338679.0,338725.0,338773.0,338813.0,338849.0,338883.0,338933.0,338981.0,339027.0,339074.0,339110.0,339150.0,339188
jIACI56NXwo,417105.0,417655.0,418301.0,419304.0,420395.0,421230.0,422016.0,422722.0,423443.0,424074.0,424834.0,425684.0,426468.0,427213.0,427992.0,428647.0,429247.0,429976.0,430569.0,431038.0,431444.0,431829.0,432265.0,432593.0,432941.0,433319.0,433835.0,434604.0,435016.0,435495.0,435930.0,436285.0,436630.0,437009.0,437380.0,437767.0,438163.0,438535.0,438824.0,439157.0,439591.0,439966.0,440354.0,440724.0,441110.0,441416.0,441820.0,442262.0,442709.0,443096.0,443580.0,443959.0,444278.0,444636.0,445053.0,445461.0,445814.0,446205.0,446724.0,447109.0,447522.0,447939.0,448359.0,448861.0,449277.0,449677.0,450035.0,450399.0,450843.0,451386.0,451805.0,452357.0,452826.0,453251.0,453726.0,454228.0,454785.0,455320.0,455884.0,456444.0,456848.0,457382.0,457980.0,458601.0,459081.0,459651.0,460084.0,460443.0,461006.0,461592.0,462126.0,462627.0,463207.0,463786.0,464138.0,464562.0,465070.0,465514.0,466014.0,466471.0,466892.0,467271.0,467801.0,468229.0,468681.0,469071.0,469522.0,469893.0,470240.0,470714.0,471152.0,471665.0,472184.0,472643.0,473065.0,473440.0,473925.0,474419.0,474909.0,475452.0,475872.0,476267.0,476706.0,477055.0,477488.0,477873.0,478290.0,478744.0,479140.0,479515.0,480018.0,480506.0,481040.0,481572.0,,,,,,,,,485798.0,486195.0,486649.0,487132.0,487519.0,487890.0,488286.0,488560.0,488888.0,489245.0,489620.0,489965.0,490452.0,490935.0,491323.0,491623.0,491993.0,492395.0,492763.0,493104.0,493477.0,493785.0,494077.0,494389.0,494797.0,495109.0,495484.0,495836.0,496104.0,496361.0,496680.0,496978.0,497231.0,497578.0,497862.0,498161.0,498432.0,498724.0,499018.0,499330.0,499687.0,499986.0,500310.0,500570.0,500884.0,501187.0,501491.0,501807.0,502115.0,502364.0,502579.0,502901.0,503305.0,503595.0,503918.0,504293.0,504549.0,504824.0,505234.0,505596.0,505922.0,506211.0,506499.0,506737.0,507012.0,507313.0,507620.0,507963.0,508231.0,508476.0,508717.0,508973.0,509281.0,509646.0,509985.0,510290.0,510624.0,510942.0,511230.0,511551.0,511882.0,512239.0,512648.0,513078.0,513385.0,513653.0,514003.0,514324.0,514623.0,514991.0,515362.0,515892.0,516251.0,516607.0,516944.0,517244.0,517668.0,518010.0,518323.0,518580.0,518917.0,519226.0,519584.0,519968.0,520307.0,520626.0,520897.0,521175.0,521529.0,521949.0,522269.0,522684.0,523086.0,523397.0,523697.0,524025.0,524269.0,524550.0,524826.0,525105.0,525330.0,,525887.0,526159.0,526449.0,526765.0,527002.0,527231.0,527421.0,527689.0,527988.0,528275.0,528610.0,528940.0,529244.0,529574.0,529969.0,530406.0,530810.0,531185.0,531615.0,531968.0,532342.0,532856.0,533302.0,533875.0,534371.0,534860.0,535284.0,535835.0,536426.0,536927.0,537460.0,537999.0,538441.0,538859.0,539360.0,539838.0,540346.0,540834.0,541417.0,541878.0,542300.0,542763.0,543262.0,543800.0,544319.0,544850.0,545360.0,545759.0,546271.0,546789.0,547315.0,547863.0,548284.0,548860.0,549325.0,549828.0,550447.0,550986.0,551710.0,552466.0,553166.0,553644.0,554292.0,555427.0,556470.0,557662.0,558445.0,559092.0,559597.0,560235.0,560943.0,561846.0,562723.0,563412.0,564210.0,564790.0,565649.0,566510.0,567557.0,568404.0,569201.0,569900.0,570434.0,571015.0,571573.0,572172.0,572681.0,573194.0,573601.0,573956.0,574322.0,574754.0,575231.0,575654.0,576065.0,576409.0,576763.0,577129.0,577470.0,577808.0,578196.0,578529.0,578985.0,579322.0,579733.0,580114.0,580628.0,581162.0,581555.0,581988.0,582337.0,582720.0,583198.0,583687
uzN0Oc_q2Ls,407450.0,407572.0,407714.0,407863.0,408020.0,408147.0,408261.0,408417.0,408545.0,408681.0,408770.0,408913.0,409082.0,409243.0,409391.0,409520.0,409651.0,409746.0,409861.0,409978.0,410118.0,410254.0,410391.0,410505.0,410605.0,410751.0,410868.0,410996.0,411140.0,411284.0,411413.0,411515.0,411643.0,411762.0,411910.0,412047.0,412187.0,412343.0,412450.0,412558.0,412674.0,412812.0,412930.0,413058.0,413164.0,413292.0,413426.0,413589.0,413764.0,413926.0,414062.0,414195.0,414310.0,414444.0,414595.0,414757.0,414938.0,415164.0,415300.0,415417.0,415538.0,415669.0,415832.0,415961.0,416134.0,416223.0,416312.0,416447.0,416576.0,416735.0,416862.0,416998.0,417109.0,417220.0,417340.0,417473.0,417619.0,417751.0,417920.0,418042.0,418126.0,418266.0,418425.0,418562.0,418723.0,418887.0,419039.0,419149.0,419349.0,419541.0,419739.0,419946.0,420154.0,420316.0,420444.0,420585.0,420793.0,420958.0,421125.0,421299.0,421432.0,421622.0,421766.0,421914.0,421992.0,422164.0,422335.0,422452.0,422544.0,422678.0,422788.0,422893.0,423008.0,423138.0,423232.0,423318.0,423408.0,423505.0,423621.0,423725.0,423855.0,423989.0,424115.0,424250.0,424371.0,424481.0,424584.0,424714.0,424825.0,424916.0,425048.0,425188.0,425335.0,425541.0,,,,,,,,,426979.0,427079.0,427208.0,427357.0,427462.0,427572.0,427703.0,427822.0,427912.0,428005.0,428137.0,428275.0,428417.0,428558.0,428668.0,428787.0,428930.0,429050.0,429203.0,429341.0,429490.0,429613.0,429720.0,429828.0,429961.0,430075.0,430149.0,430318.0,430442.0,430535.0,430624.0,430803.0,430925.0,431031.0,431172.0,431271.0,431337.0,431438.0,431545.0,431626.0,431729.0,431841.0,431947.0,432046.0,432140.0,432262.0,432373.0,432484.0,432590.0,432697.0,432789.0,432872.0,432962.0,433047.0,433146.0,433218.0,433312.0,433390.0,433497.0,433621.0,433714.0,433809.0,433925.0,434033.0,434118.0,434216.0,434322.0,434446.0,434534.0,434625.0,434765.0,434866.0,434965.0,435103.0,435250.0,435361.0,435493.0,435619.0,435697.0,435802.0,435932.0,436024.0,436132.0,436256.0,436370.0,436460.0,436552.0,436673.0,436775.0,436938.0,437043.0,437167.0,437260.0,437375.0,437466.0,437597.0,437744.0,437849.0,437966.0,438055.0,438140.0,438225.0,438344.0,438443.0,438542.0,438647.0,438757.0,438840.0,438935.0,439038.0,439153.0,439276.0,439376.0,439482.0,439551.0,439639.0,439725.0,439809.0,439935.0,440030.0,440100.0,,440273.0,440368.0,440480.0,440590.0,440675.0,440754.0,440838.0,440951.0,441079.0,441173.0,441274.0,441357.0,441426.0,441496.0,441585.0,441684.0,441756.0,441844.0,441955.0,442027.0,442117.0,442207.0,442301.0,442392.0,442512.0,442614.0,442703.0,442787.0,442875.0,442962.0,443079.0,443202.0,443296.0,443381.0,443494.0,443626.0,443776.0,443900.0,444047.0,444182.0,444250.0,444345.0,444474.0,444591.0,444704.0,444819.0,444944.0,445038.0,445182.0,445345.0,445545.0,445701.0,445896.0,446143.0,446305.0,446486.0,446707.0,446847.0,447041.0,447282.0,447521.0,447689.0,447902.0,448145.0,448385.0,448652.0,448946.0,449173.0,449364.0,449567.0,449792.0,450051.0,450282.0,450512.0,450711.0,450896.0,451167.0,451484.0,451829.0,452095.0,452417.0,452689.0,452859.0,453077.0,453320.0,453551.0,453819.0,454136.0,454408.0,454584.0,454774.0,455007.0,455253.0,455499.0,455730.0,455958.0,456144.0,456316.0,456536.0,456702.0,456906.0,457139.0,457437.0,457655.0,457933.0,458206.0,458496.0,458754.0,459024.0,459309.0,459519.0,459834.0,460147.0,460457
V-eu0NmPHXQ,3691182.0,3691831.0,3692446.0,3693124.0,3693863.0,3694593.0,3695283.0,3695979.0,3696654.0,3697326.0,3697951.0,3698728.0,3699504.0,3700235.0,3701107.0,3701722.0,3702476.0,3703126.0,3703869.0,3704578.0,3705316.0,3706035.0,3706690.0,3707343.0,3707930.0,3708513.0,3709144.0,3709740.0,3710299.0,3710846.0,3711375.0,3711944.0,3712510.0,3713012.0,3713646.0,3714313.0,3714996.0,3715646.0,3716172.0,3716815.0,3717353.0,3717903.0,3718443.0,3719090.0,3719604.0,3720218.0,3720956.0,3721664.0,3722347.0,3722885.0,3723406.0,3723966.0,3724432.0,3725073.0,3725961.0,3726674.0,3727393.0,3728127.0,3728837.0,3729558.0,3730366.0,3731301.0,3732143.0,3732954.0,3733702.0,3734350.0,3734974.0,3735789.0,3736505.0,3737476.0,3738257.0,3739006.0,3739663.0,3740257.0,3740920.0,3741549.0,3742188.0,3742827.0,3743588.0,3744275.0,3744956.0,3745589.0,3746238.0,3746910.0,3747479.0,3748127.0,3748882.0,3749407.0,3750076.0,3750687.0,3751261.0,3751816.0,3752390.0,3752955.0,3753544.0,3753995.0,3754561.0,3755063.0,3755560.0,3756078.0,3756618.0,3757171.0,3757708.0,3758241.0,3758772.0,3759445.0,3760080.0,3760682.0,3761392.0,3762230.0,3763111.0,3764350.0,3765670.0,3766917.0,3767872.0,3768794.0,3769691.0,3770711.0,3771779.0,3772797.0,3773786.0,3774637.0,3775428.0,3776326.0,3777128.0,3778187.0,3779127.0,3780079.0,3780918.0,3781704.0,3782649.0,3783570.0,3784345.0,3785032.0,,,,,,,,,3792117.0,3792925.0,3793733.0,3794573.0,3795362.0,3796149.0,3796884.0,3797474.0,3798130.0,3798883.0,3799459.0,3800160.0,3800950.0,3801826.0,3802560.0,3803235.0,3803971.0,3804656.0,3805252.0,3806076.0,3806730.0,3807475.0,3808253.0,3809047.0,3809937.0,3810785.0,3811714.0,3812568.0,3813270.0,3814059.0,3815005.0,3816058.0,3817064.0,3817984.0,3818900.0,3819739.0,3820619.0,3821601.0,3822501.0,3823386.0,3824210.0,3825095.0,3825867.0,3826632.0,3827603.0,3828490.0,3829395.0,3830327.0,3831303.0,3832068.0,3832872.0,3833746.0,3834529.0,3835381.0,3836242.0,3837052.0,3837726.0,3838560.0,3839393.0,3840317.0,3841190.0,3841961.0,3842862.0,3843662.0,3844412.0,3845383.0,3846320.0,3847282.0,3848077.0,3848951.0,3849784.0,3850574.0,3851725.0,3852721.0,3853838.0,3854830.0,3855932.0,3856673.0,3857511.0,3858478.0,3859505.0,3860406.0,3861438.0,3862445.0,3863380.0,3864119.0,3864941.0,3865732.0,3866602.0,3867498.0,3868257.0,3869032.0,3869764.0,3870619.0,3871353.0,3872158.0,3872944.0,3873694.0,3874498.0,3875141.0,3875950.0,3876861.0,3877768.0,3878725.0,3879531.0,3880259.0,3881016.0,3881759.0,3882674.0,3883570.0,3884493.0,3885406.0,3886313.0,3887045.0,3887783.0,3888523.0,3889277.0,3890061.0,3890973.0,3891731.0,3892650.0,,3894460.0,3895383.0,3896375.0,3897378.0,3898406.0,3899444.0,3900559.0,3901827.0,3903160.0,3904469.0,3905625.0,3906728.0,3907747.0,3909023.0,3910279.0,3912079.0,3913861.0,3915479.0,3916918.0,3918359.0,3919913.0,3921347.0,3922868.0,3924251.0,3925646.0,3926906.0,3928184.0,3929482.0,3930785.0,3932072.0,3933409.0,3934707.0,3936001.0,3937221.0,3938712.0,3940306.0,3941694.0,3943072.0,3944491.0,3945685.0,3946979.0,3948286.0,3949594.0,3950984.0,3952526.0,3953846.0,3955107.0,3956268.0,3957444.0,3958551.0,3960404.0,3961787.0,3964845.0,3967389.0,3969465.0,3972051.0,3975379.0,3976987.0,3978518.0,3979857.0,3981157.0,3982588.0,3984526.0,3986558.0,3988564.0,3990173.0,3991297.0,3992351.0,3993323.0,3994542.0,3995738.0,3996735.0,3997950.0,3999204.0,4000333.0,4001419.0,4002655.0,4003966.0,4005270.0,4006556.0,4007926.0,4009086.0,4010139.0,4011432.0,4012693.0,4014094.0,4015476.0,4016955.0,4018300.0,4019542.0,4020872.0,4022120.0,4023167.0,4024126.0,4025116.0,4026083.0,4026876.0,4027929.0,4028830.0,4029761.0,4030786.0,4031834.0,4032796.0,4033759.0,4034722.0,4035809.0,4037014.0,4038034.0,4038908.0,4039892.0,4040699.0,4041590.0,4042532.0,4043371
t6Nq1dGcrIY,746189.0,746785.0,747344.0,747966.0,748691.0,749514.0,750247.0,751017.0,751739.0,752326.0,752939.0,753693.0,754381.0,755008.0,755727.0,756458.0,757068.0,757749.0,758498.0,759146.0,759928.0,760655.0,761392.0,761985.0,762574.0,763156.0,763893.0,764496.0,765210.0,765874.0,766460.0,767026.0,767630.0,768363.0,768933.0,769639.0,770285.0,770823.0,771435.0,772143.0,772747.0,773383.0,774107.0,774767.0,775286.0,775870.0,776653.0,777517.0,778454.0,779232.0,779953.0,780604.0,781077.0,781856.0,782560.0,783217.0,783834.0,784533.0,785154.0,785789.0,786448.0,787125.0,787749.0,788341.0,789100.0,789609.0,790153.0,790774.0,791275.0,791913.0,792561.0,793051.0,793631.0,794182.0,794751.0,795247.0,795779.0,796334.0,796922.0,797427.0,798079.0,798768.0,799344.0,800097.0,800743.0,801290.0,801808.0,802311.0,802840.0,803391.0,803979.0,804608.0,805192.0,805780.0,806330.0,806857.0,807460.0,808047.0,808616.0,809188.0,809658.0,810095.0,810657.0,811247.0,811973.0,812751.0,813530.0,814191.0,814831.0,815673.0,816506.0,817429.0,818734.0,820008.0,821040.0,822107.0,823204.0,824401.0,825680.0,826855.0,827836.0,828746.0,829547.0,830260.0,831043.0,831831.0,832590.0,833445.0,834220.0,834784.0,835733.0,836590.0,837368.0,838284.0,,,,,,,,,845348.0,846052.0,846996.0,847895.0,848734.0,849535.0,850295.0,851076.0,851676.0,852525.0,853433.0,854279.0,855088.0,856025.0,856606.0,857330.0,858097.0,858974.0,859744.0,860530.0,861288.0,861889.0,862623.0,863350.0,864139.0,864934.0,865696.0,866526.0,867187.0,867769.0,868685.0,869536.0,870389.0,871222.0,872010.0,873175.0,874295.0,875409.0,876467.0,877379.0,878446.0,879297.0,880102.0,880926.0,881924.0,882853.0,883646.0,884657.0,885521.0,886128.0,886822.0,887512.0,888220.0,888853.0,889637.0,890318.0,890867.0,891438.0,892312.0,893239.0,894032.0,894667.0,895369.0,895984.0,896707.0,897454.0,898290.0,899080.0,899663.0,900406.0,901047.0,901651.0,902415.0,903165.0,903947.0,904666.0,905358.0,906190.0,906740.0,907550.0,908426.0,909183.0,909961.0,910912.0,911532.0,912191.0,913022.0,913806.0,914720.0,915520.0,916350.0,916983.0,917595.0,918223.0,919006.0,919690.0,920361.0,921070.0,921570.0,922159.0,922767.0,923567.0,924560.0,925395.0,926320.0,927132.0,927779.0,928519.0,929407.0,930277.0,931220.0,932688.0,933783.0,934711.0,935602.0,936465.0,937332.0,938245.0,939265.0,940059.0,940803.0,,942766.0,943835.0,944988.0,945992.0,946928.0,947735.0,948548.0,949670.0,950791.0,951912.0,953055.0,954032.0,954796.0,955787.0,956806.0,957962.0,959151.0,960334.0,961410.0,962431.0,963603.0,964824.0,966042.0,967203.0,968208.0,968947.0,969580.0,970539.0,971407.0,972137.0,972964.0,973941.0,974759.0,975479.0,976534.0,977382.0,978479.0,979299.0,980241.0,980992.0,981903.0,982778.0,983738.0,984506.0,985425.0,986297.0,987200.0,987926.0,988838.0,989737.0,990585.0,991570.0,992518.0,993667.0,994638.0,995678.0,996783.0,997899.0,999130.0,1000535.0,1001816.0,1003114.0,1004518.0,1007103.0,1009900.0,1012544.0,1013997.0,1015131.0,1016063.0,1017507.0,1018800.0,1020368.0,1021874.0,1023605.0,1025051.0,1026554.0,1028271.0,1030061.0,1031883.0,1033517.0,1034868.0,1035815.0,1036854.0,1038252.0,1039692.0,1041099.0,1042402.0,1043890.0,1045002.0,1045899.0,1046811.0,1047836.0,1048940.0,1050045.0,1051090.0,1051865.0,1052585.0,1053387.0,1054181.0,1054965.0,1055861.0,1056783.0,1057564.0,1058476.0,1059499.0,1060619.0,1061927.0,1063264.0,1064397.0,1065562.0,1066297.0,1067257.0,1068288.0,1069057
32EjW5rFvck,7437571.0,7439701.0,7442237.0,7444743.0,7447222.0,7449811.0,7452301.0,7455131.0,7458165.0,7461104.0,7464059.0,7467124.0,7470043.0,7472929.0,7475663.0,7478697.0,7481251.0,7483738.0,7486561.0,7489120.0,7491739.0,7494829.0,7497446.0,7500183.0,7502689.0,7505218.0,7507753.0,7510272.0,7512657.0,7515109.0,7517621.0,7520015.0,7522206.0,7524406.0,7526854.0,7529696.0,7532648.0,7535587.0,7538281.0,7540847.0,7543325.0,7545689.0,7548346.0,7551013.0,7553362.0,7555661.0,7558287.0,7561671.0,7564731.0,7567545.0,7570194.0,7573337.0,7575965.0,7578725.0,7582041.0,7585265.0,7588687.0,7592588.0,7596509.0,7600044.0,7603549.0,7606796.0,7609970.0,7612944.0,7615957.0,7618495.0,7620814.0,7623405.0,7625841.0,7628986.0,7631649.0,7634119.0,7636542.0,7638939.0,7641595.0,7644073.0,7646901.0,7649540.0,7652639.0,7655298.0,7657713.0,7660218.0,7662806.0,7665354.0,7667889.0,7670333.0,7672478.0,7674656.0,7677052.0,7679482.0,7681958.0,7684465.0,7686905.0,7689084.0,7691402.0,7693750.0,7696227.0,7698634.0,7700945.0,7703168.0,7705465.0,7707471.0,7709671.0,7711981.0,7714429.0,7717083.0,7719630.0,7722417.0,7725426.0,7728531.0,7731651.0,7735483.0,7739875.0,7744179.0,7748067.0,7751780.0,7755478.0,7759370.0,7763552.0,7767679.0,7771457.0,7774741.0,7778189.0,7781639.0,7785309.0,7788845.0,7792259.0,7795662.0,7798632.0,7801620.0,7804929.0,7808132.0,7811185.0,7814308.0,,,,,,,,,7842756.0,7845589.0,7848414.0,7851110.0,7853942.0,7856533.0,7859283.0,7861750.0,7864262.0,7866947.0,7869624.0,7872360.0,7875066.0,7877892.0,7880191.0,7882441.0,7885086.0,7887815.0,7890883.0,7893806.0,7896410.0,7898838.0,7901417.0,7904021.0,7906878.0,7909690.0,7912550.0,7915459.0,7918205.0,7920951.0,7923796.0,7926859.0,7929687.0,7932344.0,7935238.0,7938097.0,7940727.0,7943616.0,7946576.0,7949421.0,7952304.0,7954950.0,7957384.0,7960049.0,7963087.0,7966035.0,7969084.0,7971964.0,7974861.0,7977277.0,7979590.0,7982082.0,7984702.0,7987604.0,7990414.0,7993535.0,7996147.0,7999242.0,8002293.0,8005704.0,8009352.0,8012472.0,8015590.0,8018742.0,8021634.0,8024989.0,8028450.0,8031933.0,8034921.0,8037837.0,8040955.0,8044060.0,8047668.0,8051259.0,8054606.0,8058080.0,8061774.0,8064781.0,8067887.0,8071069.0,8074286.0,8077100.0,8080326.0,8083328.0,8086096.0,8088678.0,8091422.0,8094221.0,8097003.0,8099989.0,8102865.0,8105360.0,8107907.0,8110699.0,8113509.0,8116546.0,8119656.0,8122547.0,8125280.0,8127802.0,8130594.0,8133616.0,8136887.0,8140230.0,8143409.0,8146064.0,8148761.0,8151709.0,8154611.0,8157656.0,8160688.0,8164613.0,8167911.0,8170915.0,8174007.0,8176873.0,8179724.0,8182643.0,8185664.0,8188622.0,8191358.0,,8197418.0,8200604.0,8203976.0,8207202.0,8210401.0,8213559.0,8216759.0,8220381.0,8224039.0,8228061.0,8231892.0,8235668.0,8238993.0,8242983.0,8247151.0,8251329.0,8255600.0,8259877.0,8263865.0,8267737.0,8271885.0,8276244.0,8280504.0,8284815.0,8289042.0,8292424.0,8296053.0,8299714.0,8303375.0,8307090.0,8310861.0,8314793.0,8318326.0,8321526.0,8325077.0,8329034.0,8332653.0,8336015.0,8339347.0,8342495.0,8345619.0,8348791.0,8352040.0,8355165.0,8358219.0,8361136.0,8363818.0,8366396.0,8369033.0,8371537.0,8374207.0,8376921.0,8379670.0,8382412.0,8384912.0,8387734.0,8391237.0,8394116.0,8397165.0,8399981.0,8402525.0,8405209.0,8408072.0,8411092.0,8414088.0,8416900.0,8419421.0,8421630.0,8423690.0,8426144.0,8428673.0,8431401.0,8434084.0,8436765.0,8439289.0,8441741.0,8444466.0,8447355.0,8450387.0,8453319.0,8456306.0,8458874.0,8461465.0,8464413.0,8467285.0,8470259.0,8473057.0,8476070.0,8478785.0,8481359.0,8484048.0,8486840.0,8489333.0,8491758.0,8494378.0,8496790.0,8498820.0,8501140.0,8503466.0,8505645.0,8508047.0,8510615.0,8512814.0,8514839.0,8517150.0,8519551.0,8521987.0,8524145.0,8526279.0,8528400.0,8530184.0,8532234.0,8534317.0,8536354
2xTjJ-pZD9g,46472.0,46484.0,46494.0,46510.0,46533.0,46560.0,46579.0,46601.0,46622.0,46636.0,46657.0,46670.0,46685.0,46715.0,46732.0,46744.0,46762.0,46778.0,46797.0,46818.0,46843.0,46864.0,46889.0,46918.0,46940.0,46959.0,46996.0,47012.0,47028.0,47042.0,47057.0,47069.0,47093.0,47108.0,47127.0,47139.0,47160.0,47176.0,47193.0,47221.0,47261.0,47291.0,47318.0,47341.0,47359.0,47374.0,47391.0,47416.0,47434.0,47453.0,47485.0,47508.0,47525.0,47553.0,47568.0,47609.0,47641.0,47678.0,47694.0,47719.0,47751.0,47775.0,47797.0,47819.0,47835.0,47856.0,47870.0,47889.0,47919.0,47936.0,47952.0,47973.0,48011.0,48057.0,48090.0,48109.0,48140.0,48170.0,48184.0,48206.0,48221.0,48234.0,48258.0,48282.0,48301.0,48320.0,48332.0,48347.0,48361.0,48372.0,48389.0,48398.0,48416.0,48427.0,48439.0,48465.0,48476.0,48485.0,48497.0,48507.0,48515.0,48520.0,48536.0,48545.0,48560.0,48575.0,48592.0,48602.0,48605.0,48611.0,48618.0,48628.0,48639.0,48648.0,48651.0,48659.0,48665.0,48673.0,48683.0,48693.0,48701.0,48713.0,48723.0,48729.0,48740.0,48750.0,48769.0,48781.0,48795.0,48800.0,48810.0,48821.0,48836.0,48843.0,,,,,,,,,48983.0,48996.0,49007.0,49026.0,49037.0,49046.0,49060.0,49072.0,49080.0,49095.0,49111.0,49119.0,49126.0,49139.0,49146.0,49158.0,49172.0,49186.0,49207.0,49217.0,49227.0,49235.0,49249.0,49265.0,49284.0,49292.0,49306.0,49311.0,49327.0,49341.0,49358.0,49375.0,49386.0,49401.0,49420.0,49438.0,49448.0,49457.0,49473.0,49482.0,49497.0,49508.0,49517.0,49530.0,49542.0,49553.0,49560.0,49566.0,49576.0,49584.0,49592.0,49598.0,49607.0,49618.0,49626.0,49637.0,49653.0,49660.0,49670.0,49681.0,49693.0,49702.0,49715.0,49720.0,49726.0,49737.0,49746.0,49753.0,49760.0,49767.0,49770.0,49776.0,49789.0,49798.0,49802.0,49808.0,49817.0,49824.0,49831.0,49842.0,49851.0,49856.0,49860.0,49867.0,49871.0,49875.0,49882.0,49900.0,49907.0,49911.0,49914.0,49923.0,49927.0,49933.0,49942.0,49950.0,49962.0,49969.0,49976.0,49983.0,49993.0,49996.0,50003.0,50012.0,50016.0,50020.0,50028.0,50036.0,50047.0,50052.0,50062.0,50067.0,50069.0,50072.0,50077.0,50081.0,50084.0,50090.0,50095.0,50100.0,50107.0,,50122.0,50130.0,50140.0,50145.0,50154.0,50157.0,50161.0,50172.0,50184.0,50193.0,50197.0,50206.0,50209.0,50213.0,50222.0,50230.0,50242.0,50257.0,50261.0,50270.0,50276.0,50288.0,50299.0,50306.0,50315.0,50325.0,50330.0,50336.0,50346.0,50359.0,50361.0,50374.0,50379.0,50387.0,50398.0,50406.0,50416.0,50423.0,50433.0,50443.0,50449.0,50459.0,50472.0,50483.0,50490.0,50501.0,50509.0,50512.0,50518.0,50525.0,50533.0,50545.0,50557.0,50559.0,50575.0,50586.0,50596.0,50611.0,50620.0,50632.0,50641.0,50650.0,50656.0,50664.0,50671.0,50677.0,50681.0,50691.0,50703.0,50710.0,50716.0,50720.0,50731.0,50740.0,50750.0,50769.0,50781.0,50790.0,50803.0,50818.0,50830.0,50834.0,50841.0,50848.0,50858.0,50875.0,50882.0,50891.0,50898.0,50903.0,50908.0,50910.0,50921.0,50928.0,50931.0,50940.0,50942.0,50943.0,50953.0,50956.0,50967.0,50974.0,50979.0,50982.0,50985.0,50989.0,50994.0,51002.0,51009.0,51015.0,51019.0,51027.0,51032.0,51043
uJhRzSN3pj8,1466429.0,1466454.0,1466479.0,1466497.0,1466527.0,1466559.0,1466602.0,1466637.0,1466676.0,1466739.0,1466776.0,1466816.0,1466869.0,1466906.0,1466933.0,1466966.0,1466993.0,1467025.0,1467074.0,1467110.0,1467148.0,1467183.0,1467228.0,1467265.0,1467291.0,1467318.0,1467356.0,1467391.0,1467428.0,1467458.0,1467500.0,1467518.0,1467550.0,1467574.0,1467614.0,1467652.0,1467686.0,1467704.0,1467731.0,1467765.0,1467801.0,1467844.0,1467900.0,1467940.0,1467961.0,1467976.0,1468000.0,1468034.0,1468088.0,1468126.0,1468188.0,1468237.0,1468264.0,1468296.0,1468335.0,1468360.0,1468386.0,1468419.0,1468451.0,1468475.0,1468500.0,1468523.0,1468547.0,1468570.0,1468595.0,1468615.0,1468634.0,1468659.0,1468703.0,1468740.0,1468781.0,1468821.0,1468862.0,1468887.0,1468923.0,1468958.0,1468993.0,1469029.0,1469068.0,1469100.0,1469129.0,1469165.0,1469198.0,1469224.0,1469244.0,1469274.0,1469301.0,1469323.0,1469357.0,1469398.0,1469437.0,1469469.0,1469499.0,1469519.0,1469549.0,1469575.0,1469606.0,1469635.0,1469652.0,1469679.0,1469693.0,1469717.0,1469740.0,1469776.0,1469800.0,1469831.0,1469864.0,1469885.0,1469918.0,1469954.0,1469988.0,1470010.0,1470036.0,1470069.0,1470089.0,1470120.0,1470141.0,1470171.0,1470198.0,1470230.0,1470263.0,1470292.0,1470307.0,1470336.0,1470364.0,1470396.0,1470415.0,1470450.0,1470477.0,1470502.0,1470521.0,1470543.0,1470554.0,1470577.0,,,,,,,,,1470759.0,1470780.0,1470796.0,1470817.0,1470845.0,1470865.0,1470885.0,1470896.0,1470912.0,1470932.0,1470951.0,1470973.0,1470992.0,1471019.0,1471028.0,1471042.0,1471065.0,1471078.0,1471102.0,1471114.0,1471135.0,1471148.0,1471159.0,1471179.0,1471203.0,1471216.0,1471227.0,1471238.0,1471249.0,1471264.0,1471281.0,1471314.0,1471332.0,1471345.0,1471369.0,1471390.0,1471409.0,1471436.0,1471462.0,1471511.0,1471542.0,1471557.0,1471577.0,1471592.0,1471607.0,1471624.0,1471644.0,1471669.0,1471685.0,1471711.0,1471737.0,1471747.0,1471762.0,1471779.0,1471802.0,1471821.0,1471832.0,1471857.0,1471863.0,1471876.0,1471895.0,1471905.0,1471912.0,1471919.0,1471928.0,1471933.0,1471940.0,1471961.0,1471969.0,1471982.0,1471997.0,1472014.0,1472032.0,1472043.0,1472059.0,1472071.0,1472090.0,1472103.0,1472112.0,1472133.0,1472162.0,1472174.0,1472196.0,1472220.0,1472246.0,1472263.0,1472289.0,1472320.0,1472344.0,1472374.0,1472411.0,1472463.0,1472504.0,1472542.0,1472603.0,1472656.0,1472720.0,1472775.0,1472822.0,1472860.0,1472903.0,1472970.0,1473028.0,1473091.0,1473159.0,1473204.0,1473258.0,1473304.0,1473366.0,1473425.0,1473581.0,1473640.0,1473693.0,1473727.0,1473801.0,1473939.0,1473998.0,1474080.0,1474128.0,1474181.0,1474244.0,,1474353.0,1474395.0,1474443.0,1474506.0,1474565.0,1474618.0,1474665.0,1474729.0,1474793.0,1474837.0,1474878.0,1474928.0,1474991.0,1475040.0,1475095.0,1475153.0,1475191.0,1475263.0,1475309.0,1475348.0,1475411.0,1475469.0,1475551.0,1475629.0,1475684.0,1475721.0,1475775.0,1475846.0,1475905.0,1475958.0,1476048.0,1476090.0,1476155.0,1476190.0,1476251.0,1476326.0,1476389.0,1476433.0,1476500.0,1476534.0,1476589.0,1476620.0,1476669.0,1476731.0,1476823.0,1476914.0,1476978.0,1477090.0,1477181.0,1477236.0,1477304.0,1477360.0,1477509.0,1477602.0,1477662.0,1477710.0,1477792.0,1477854.0,1477921.0,1477991.0,1478056.0,1478101.0,1478157.0,1478217.0,1478281.0,1478385.0,1478497.0,1478595.0,1478711.0,1478835.0,1478915.0,1479011.0,1479122.0,1479218.0,1479288.0,1479355.0,1479443.0,1479568.0,1479660.0,1479722.0,1479803.0,1479855.0,1479903.0,1479964.0,1480038.0,1480110.0,1480162.0,1480226.0,1480278.0,1480355.0,1480425.0,1480491.0,1480542.0,1480594.0,1480653.0,1480696.0,1480728.0,1480786.0,1480831.0,1480887.0,1480948.0,1481029.0,1481093.0,1481146.0,1481197.0,1481262.0,1481330.0,1481392.0,1481433.0,1481494.0,1481536.0,1481598.0,1481639.0,1481682
fvgcXfqyu8I,18758.0,18776.0,18798.0,18811.0,18832.0,18851.0,18872.0,18886.0,18918.0,18941.0,18970.0,18985.0,19003.0,19018.0,19044.0,19055.0,19078.0,19096.0,19127.0,19137.0,19148.0,19165.0,19189.0,19209.0,19219.0,19243.0,19261.0,19286.0,19305.0,19328.0,19345.0,19357.0,19371.0,19381.0,19389.0,19399.0,19411.0,19425.0,19435.0,19453.0,19467.0,19491.0,19507.0,19527.0,19546.0,19562.0,19573.0,19585.0,19605.0,19614.0,19632.0,19645.0,19657.0,19663.0,19694.0,19722.0,19755.0,19791.0,19810.0,19825.0,19839.0,19855.0,19877.0,19887.0,19900.0,19906.0,19916.0,19930.0,19943.0,19961.0,19983.0,19998.0,20014.0,20026.0,20051.0,20072.0,20094.0,20119.0,20143.0,20155.0,20168.0,20179.0,20195.0,20211.0,20231.0,20252.0,20269.0,20284.0,20299.0,20318.0,20327.0,20345.0,20368.0,20392.0,20408.0,20423.0,20441.0,20465.0,20479.0,20493.0,20511.0,20525.0,20542.0,20560.0,20576.0,20591.0,20601.0,20614.0,20631.0,20643.0,20662.0,20692.0,20719.0,20743.0,20757.0,20766.0,20778.0,20804.0,20815.0,20835.0,20853.0,20863.0,20869.0,20877.0,20889.0,20905.0,20913.0,20930.0,20949.0,20966.0,20979.0,20990.0,20999.0,21014.0,,,,,,,,,21172.0,21177.0,21189.0,21197.0,21216.0,21239.0,21251.0,21271.0,21294.0,21317.0,21345.0,21361.0,21378.0,21413.0,21444.0,21461.0,21477.0,21495.0,21508.0,21520.0,21529.0,21543.0,21552.0,21559.0,21575.0,21590.0,21601.0,21614.0,21632.0,21642.0,21650.0,21658.0,21666.0,21680.0,21694.0,21710.0,21721.0,21743.0,21767.0,21793.0,21833.0,21870.0,21887.0,21899.0,21912.0,21930.0,21949.0,21977.0,21998.0,22015.0,22027.0,22042.0,22067.0,22097.0,22124.0,22140.0,22156.0,22171.0,22192.0,22213.0,22243.0,22255.0,22272.0,22288.0,22300.0,22323.0,22343.0,22361.0,22377.0,22390.0,22402.0,22416.0,22435.0,22452.0,22473.0,22491.0,22516.0,22528.0,22536.0,22557.0,22571.0,22590.0,22604.0,22619.0,22649.0,22664.0,22687.0,22704.0,22724.0,22748.0,22769.0,22785.0,22798.0,22831.0,22852.0,22889.0,22918.0,22948.0,22976.0,22990.0,23011.0,23041.0,23059.0,23081.0,23114.0,23140.0,23153.0,23166.0,23186.0,23203.0,23216.0,23231.0,23237.0,23251.0,23259.0,23264.0,23275.0,23285.0,23291.0,23302.0,23312.0,,23333.0,23344.0,23352.0,23364.0,23373.0,23378.0,23382.0,23389.0,23398.0,23409.0,23415.0,23423.0,23432.0,23443.0,23451.0,23464.0,23471.0,23482.0,23489.0,23501.0,23514.0,23523.0,23540.0,23551.0,23560.0,23566.0,23570.0,23579.0,23597.0,23611.0,23622.0,23633.0,23647.0,23651.0,23656.0,23664.0,23680.0,23697.0,23704.0,23706.0,23717.0,23721.0,23738.0,23744.0,23752.0,23767.0,23786.0,23798.0,23812.0,23831.0,23851.0,23869.0,23891.0,23901.0,23909.0,23915.0,23931.0,23942.0,23956.0,23971.0,23981.0,23984.0,23992.0,24003.0,24012.0,24031.0,24058.0,24067.0,24076.0,24148.0,24170.0,24188.0,24210.0,24225.0,24238.0,24255.0,24276.0,24296.0,24308.0,24318.0,24334.0,24351.0,24364.0,24377.0,24389.0,24398.0,24408.0,24424.0,24442.0,24464.0,24478.0,24497.0,24524.0,24544.0,24565.0,24586.0,24600.0,24620.0,24636.0,24658.0,24674.0,24688.0,24698.0,24709.0,24737.0,24753.0,24765.0,24780.0,24788.0,24818.0,24832.0,24850.0,24865.0,24897
Ku5W4B00y0U,262500.0,262514.0,262518.0,262527.0,262538.0,262555.0,262567.0,262581.0,262597.0,262609.0,262638.0,262656.0,262664.0,262676.0,262690.0,262699.0,262705.0,262715.0,262726.0,262728.0,262733.0,262754.0,262769.0,262778.0,262793.0,262809.0,262820.0,262836.0,262857.0,262867.0,262881.0,262887.0,262896.0,262900.0,262914.0,262928.0,262939.0,262951.0,262961.0,262976.0,262986.0,262994.0,263004.0,263018.0,263031.0,263036.0,263047.0,263064.0,263074.0,263079.0,263093.0,263108.0,263118.0,263132.0,263144.0,263157.0,263162.0,263177.0,263191.0,263205.0,263215.0,263228.0,263245.0,263249.0,263256.0,263271.0,263281.0,263294.0,263308.0,263320.0,263333.0,263340.0,263355.0,263368.0,263374.0,263385.0,263391.0,263403.0,263416.0,263425.0,263436.0,263449.0,263462.0,263475.0,263490.0,263502.0,263514.0,263527.0,263537.0,263544.0,263553.0,263563.0,263572.0,263585.0,263602.0,263606.0,263616.0,263628.0,263639.0,263644.0,263652.0,263660.0,263670.0,263678.0,263686.0,263696.0,263712.0,263726.0,263738.0,263750.0,263755.0,263763.0,263781.0,263796.0,263804.0,263815.0,263823.0,263832.0,263844.0,263857.0,263866.0,263876.0,263881.0,263882.0,263887.0,263898.0,263908.0,263918.0,263925.0,263942.0,263949.0,263958.0,263960.0,263971.0,,,,,,,,,264074.0,264085.0,264092.0,264097.0,264117.0,264132.0,264141.0,264151.0,264162.0,264172.0,264185.0,264198.0,264206.0,264216.0,264234.0,264250.0,264265.0,264277.0,264294.0,264305.0,264314.0,264323.0,264343.0,264356.0,264365.0,264374.0,264380.0,264389.0,264407.0,264414.0,264430.0,264450.0,264460.0,264472.0,264484.0,264499.0,264514.0,264527.0,264536.0,264542.0,264551.0,264561.0,264574.0,264577.0,264586.0,264607.0,264626.0,264633.0,264645.0,264655.0,264667.0,264678.0,264687.0,264697.0,264707.0,264721.0,264729.0,264738.0,264753.0,264763.0,264769.0,264775.0,264782.0,264792.0,264801.0,264820.0,264824.0,264833.0,264834.0,264845.0,264851.0,264861.0,264871.0,264876.0,264882.0,264896.0,264919.0,264939.0,264952.0,264964.0,264983.0,264999.0,265016.0,265028.0,265043.0,265057.0,265076.0,265087.0,265102.0,265119.0,265133.0,265145.0,265163.0,265187.0,265203.0,265223.0,265247.0,265287.0,265301.0,265325.0,265343.0,265365.0,265380.0,265407.0,265438.0,265460.0,265478.0,265507.0,265533.0,265560.0,265575.0,265597.0,265614.0,265628.0,265654.0,265681.0,265702.0,265731.0,265752.0,265781.0,265816.0,,265858.0,265881.0,265904.0,265927.0,265962.0,265988.0,266016.0,266046.0,266076.0,266107.0,266134.0,266160.0,266196.0,266222.0,266262.0,266290.0,266319.0,266349.0,266379.0,266403.0,266434.0,266453.0,266490.0,266520.0,266556.0,266576.0,266597.0,266611.0,266632.0,266648.0,266678.0,266715.0,266730.0,266755.0,266775.0,266795.0,266806.0,266813.0,266834.0,266849.0,266859.0,266878.0,266897.0,266911.0,266920.0,266934.0,266951.0,266967.0,266976.0,266988.0,266999.0,267022.0,267039.0,267050.0,267057.0,267067.0,267078.0,267091.0,267106.0,267123.0,267136.0,267146.0,267155.0,267170.0,267179.0,267184.0,267197.0,267207.0,267218.0,267226.0,267241.0,267252.0,267266.0,267277.0,267292.0,267306.0,267325.0,267336.0,267347.0,267361.0,267371.0,267382.0,267391.0,267401.0,267406.0,267422.0,267440.0,267452.0,267464.0,267472.0,267477.0,267494.0,267512.0,267522.0,267528.0,267542.0,267549.0,267561.0,267573.0,267584.0,267593.0,267603.0,267611.0,267623.0,267633.0,267643.0,267654.0,267670.0,267675.0,267686.0,267698.0,267708.0,267717.0,267720
Xy9TTHPBXxI,23627.0,23629.0,23637.0,23645.0,23647.0,23651.0,23655.0,23661.0,23666.0,23673.0,23676.0,23681.0,23684.0,23689.0,23692.0,23695.0,23697.0,23700.0,23703.0,23705.0,23708.0,23711.0,23717.0,23719.0,23724.0,23724.0,23728.0,23734.0,23739.0,23747.0,23753.0,23755.0,23760.0,23764.0,23769.0,23773.0,23777.0,23780.0,23786.0,23792.0,23798.0,23805.0,23808.0,23811.0,23816.0,23818.0,23823.0,23825.0,23831.0,23836.0,23840.0,23854.0,23859.0,23867.0,23868.0,23870.0,23873.0,23877.0,23879.0,23886.0,23888.0,23890.0,23897.0,23899.0,23904.0,23907.0,23910.0,23911.0,23913.0,23919.0,23923.0,23930.0,23935.0,23935.0,23940.0,23948.0,23955.0,23960.0,23960.0,23963.0,23965.0,23971.0,23977.0,23979.0,23981.0,23982.0,23985.0,23988.0,23991.0,23992.0,23996.0,24003.0,24012.0,24014.0,24019.0,24026.0,24034.0,24042.0,24048.0,24053.0,24059.0,24063.0,24068.0,24079.0,24087.0,24092.0,24095.0,24097.0,24102.0,24123.0,24133.0,24138.0,24141.0,24146.0,24150.0,24156.0,24160.0,24166.0,24166.0,24170.0,24170.0,24172.0,24175.0,24180.0,24188.0,24189.0,24192.0,24199.0,24205.0,24205.0,24205.0,24212.0,24218.0,24219.0,,,,,,,,,24247.0,24257.0,24263.0,24266.0,24269.0,24271.0,24273.0,24274.0,24275.0,24278.0,24283.0,24283.0,24287.0,24292.0,24293.0,24300.0,24304.0,24308.0,24312.0,24314.0,24316.0,24317.0,24318.0,24321.0,24326.0,24329.0,24332.0,24336.0,24338.0,24342.0,24344.0,24348.0,24353.0,24357.0,24361.0,24362.0,24362.0,24367.0,24368.0,24372.0,24377.0,24382.0,24384.0,24384.0,24389.0,24391.0,24397.0,24397.0,24400.0,24409.0,24414.0,24417.0,24420.0,24424.0,24426.0,24435.0,24442.0,24446.0,24450.0,24451.0,24458.0,24466.0,24476.0,24488.0,24495.0,24501.0,24506.0,24511.0,24513.0,24516.0,24520.0,24524.0,24528.0,24534.0,24536.0,24543.0,24549.0,24551.0,24555.0,24557.0,24560.0,24564.0,24568.0,24572.0,24574.0,24576.0,24578.0,24585.0,24597.0,24602.0,24604.0,24610.0,24619.0,24625.0,24630.0,24635.0,24641.0,24643.0,24644.0,24646.0,24655.0,24658.0,24661.0,24665.0,24671.0,24678.0,24682.0,24687.0,24696.0,24702.0,24710.0,24713.0,24716.0,24725.0,24731.0,24735.0,24743.0,24748.0,24755.0,24762.0,24765.0,,24769.0,24774.0,24778.0,24781.0,24787.0,24790.0,24793.0,24795.0,24799.0,24801.0,24804.0,24808.0,24812.0,24816.0,24820.0,24825.0,24831.0,24836.0,24840.0,24843.0,24851.0,24853.0,24856.0,24861.0,24869.0,24877.0,24881.0,24884.0,24892.0,24900.0,24904.0,24909.0,24916.0,24919.0,24924.0,24928.0,24933.0,24937.0,24941.0,24946.0,24948.0,24954.0,24959.0,24963.0,24964.0,24969.0,24971.0,24977.0,24979.0,24981.0,24984.0,24991.0,24998.0,25003.0,25009.0,25014.0,25020.0,25023.0,25030.0,25032.0,25033.0,25035.0,25040.0,25044.0,25050.0,25054.0,25059.0,25062.0,25069.0,25072.0,25078.0,25080.0,25085.0,25091.0,25099.0,25101.0,25103.0,25108.0,25110.0,25119.0,25122.0,25123.0,25127.0,25131.0,25135.0,25138.0,25141.0,25143.0,25149.0,25153.0,25156.0,25161.0,25166.0,25169.0,25171.0,25174.0,25179.0,25182.0,25187.0,25191.0,25193.0,25198.0,25201.0,25205.0,25210.0,25214.0,25218.0,25223.0,25226.0,25231.0,25235.0,25237.0,25241.0,25244
voy3mHLbGiU,18188.0,18188.0,18188.0,18189.0,18188.0,18191.0,18191.0,18191.0,18192.0,18192.0,18192.0,18195.0,18195.0,18195.0,18197.0,18198.0,18199.0,18202.0,18202.0,18203.0,18206.0,18206.0,18206.0,18207.0,18210.0,18213.0,18217.0,18221.0,18223.0,18224.0,18223.0,18224.0,18224.0,18225.0,18225.0,18225.0,18225.0,18225.0,18225.0,18226.0,18227.0,18231.0,18231.0,18231.0,18230.0,18230.0,18233.0,18234.0,18235.0,18235.0,18236.0,18236.0,18236.0,18239.0,18242.0,18243.0,18244.0,18246.0,18246.0,18248.0,18251.0,18251.0,18252.0,18253.0,18254.0,18254.0,18254.0,18254.0,18256.0,18257.0,18257.0,18257.0,18258.0,18258.0,18259.0,18259.0,18259.0,18260.0,18260.0,18260.0,18259.0,18259.0,18259.0,18260.0,18261.0,18261.0,18262.0,18262.0,18263.0,18265.0,18265.0,18266.0,18268.0,18268.0,18268.0,18271.0,18272.0,18273.0,18273.0,18276.0,18276.0,18282.0,18282.0,18282.0,18280.0,18281.0,18282.0,18286.0,18285.0,18285.0,18286.0,18288.0,18289.0,18291.0,18294.0,18295.0,18295.0,18295.0,18298.0,18299.0,18299.0,18299.0,18299.0,18300.0,18301.0,18302.0,18305.0,18306.0,18306.0,18306.0,18306.0,18306.0,18309.0,18312.0,,,,,,,,,18315.0,18316.0,18316.0,18318.0,18318.0,18319.0,18320.0,18320.0,18320.0,18320.0,18321.0,18322.0,18322.0,18324.0,18325.0,18328.0,18330.0,18332.0,18334.0,18335.0,18335.0,18335.0,18335.0,18335.0,18335.0,18336.0,18336.0,18339.0,18339.0,18340.0,18341.0,18341.0,18341.0,18341.0,18341.0,18341.0,18342.0,18342.0,18343.0,18348.0,18350.0,18351.0,18351.0,18352.0,18353.0,18356.0,18356.0,18358.0,18358.0,18361.0,18361.0,18362.0,18362.0,18364.0,18364.0,18365.0,18367.0,18367.0,18367.0,18368.0,18370.0,18371.0,18373.0,18373.0,18373.0,18373.0,18374.0,18375.0,18376.0,18379.0,18379.0,18380.0,18381.0,18381.0,18381.0,18382.0,18383.0,18383.0,18384.0,18385.0,18385.0,18386.0,18387.0,18386.0,18386.0,18388.0,18392.0,18392.0,18394.0,18394.0,18395.0,18395.0,18395.0,18396.0,18396.0,18397.0,18397.0,18400.0,18400.0,18400.0,18401.0,18401.0,18402.0,18404.0,18404.0,18405.0,18405.0,18405.0,18405.0,18406.0,18409.0,18409.0,18409.0,18410.0,18410.0,18410.0,18410.0,18410.0,18411.0,18412.0,18412.0,,18414.0,18414.0,18414.0,18414.0,18414.0,18416.0,18418.0,18418.0,18418.0,18418.0,18419.0,18421.0,18423.0,18424.0,18424.0,18424.0,18425.0,18426.0,18427.0,18428.0,18429.0,18429.0,18430.0,18430.0,18433.0,18434.0,18435.0,18436.0,18437.0,18437.0,18437.0,18439.0,18441.0,18442.0,18446.0,18448.0,18448.0,18450.0,18450.0,18452.0,18453.0,18453.0,18455.0,18455.0,18455.0,18455.0,18455.0,18456.0,18456.0,18456.0,18456.0,18457.0,18457.0,18460.0,18461.0,18461.0,18461.0,18462.0,18463.0,18464.0,18464.0,18465.0,18466.0,18467.0,18469.0,18471.0,18471.0,18471.0,18471.0,18472.0,18472.0,18472.0,18472.0,18472.0,18473.0,18474.0,18476.0,18476.0,18479.0,18480.0,18481.0,18481.0,18482.0,18483.0,18483.0,18483.0,18483.0,18485.0,18487.0,18488.0,18489.0,18489.0,18491.0,18491.0,18492.0,18494.0,18497.0,18497.0,18498.0,18499.0,18500.0,18501.0,18501.0,18501.0,18504.0,18505.0,18507.0,18507.0,18509.0,18511.0,18513.0,18513.0,18513.0,18514
Au1djcCGStI,606773.0,607132.0,607558.0,607954.0,608392.0,608788.0,609286.0,609738.0,610137.0,610429.0,610818.0,611206.0,611668.0,612114.0,612529.0,612888.0,613340.0,613678.0,614094.0,614609.0,615123.0,615679.0,616280.0,616864.0,617316.0,617821.0,618228.0,618783.0,619263.0,619809.0,620346.0,620731.0,621254.0,621773.0,622372.0,622875.0,623421.0,623916.0,624296.0,624833.0,625289.0,625873.0,626425.0,626929.0,627341.0,627705.0,628207.0,628771.0,629261.0,629773.0,630321.0,630784.0,631178.0,631692.0,632145.0,632635.0,633150.0,633645.0,634132.0,634507.0,634891.0,635397.0,635880.0,636370.0,636867.0,637331.0,637638.0,638035.0,638446.0,638953.0,639416.0,639806.0,640107.0,640462.0,640959.0,641437.0,641907.0,642430.0,642803.0,643389.0,643748.0,644243.0,644660.0,645143.0,645583.0,646061.0,646455.0,646811.0,647187.0,647604.0,647997.0,648396.0,648799.0,649175.0,649411.0,649741.0,650097.0,650423.0,650781.0,651222.0,651606.0,651887.0,652314.0,652726.0,653157.0,653544.0,653874.0,654211.0,654510.0,654857.0,655159.0,655485.0,655857.0,656275.0,656658.0,656887.0,657221.0,657550.0,657872.0,658319.0,658668.0,658989.0,659300.0,659640.0,659990.0,660456.0,660949.0,661464.0,661966.0,662360.0,662740.0,663078.0,663469.0,663850.0,,,,,,,,,667463.0,667710.0,668074.0,668382.0,668807.0,669264.0,669590.0,669915.0,670245.0,670660.0,671132.0,671545.0,672086.0,672627.0,673083.0,673524.0,674039.0,674520.0,674990.0,675340.0,675702.0,676028.0,676341.0,676741.0,677096.0,677412.0,677761.0,678121.0,678380.0,678598.0,678908.0,679239.0,679602.0,679908.0,680239.0,680533.0,680811.0,681139.0,681395.0,681752.0,682043.0,682415.0,682675.0,682893.0,683211.0,683530.0,683885.0,684216.0,684551.0,684812.0,685038.0,685340.0,685648.0,685961.0,686204.0,686499.0,686717.0,686914.0,687153.0,687404.0,687676.0,687892.0,688168.0,688492.0,688691.0,688916.0,689161.0,689441.0,689644.0,689861.0,690112.0,690280.0,690521.0,690737.0,691019.0,691248.0,691583.0,691781.0,691993.0,692250.0,692509.0,692727.0,693023.0,693351.0,693572.0,693799.0,694010.0,694305.0,694543.0,694818.0,695093.0,695376.0,695639.0,696201.0,696871.0,697733.0,698343.0,698799.0,699147.0,699465.0,699833.0,700240.0,700691.0,701088.0,701512.0,701821.0,702040.0,702389.0,702687.0,702999.0,703489.0,703815.0,704124.0,704366.0,704721.0,705006.0,705222.0,705474.0,705773.0,705966.0,706155.0,,706599.0,706874.0,707216.0,707466.0,707644.0,707811.0,707971.0,708155.0,708325.0,708525.0,708709.0,708838.0,708999.0,709147.0,709327.0,709508.0,709723.0,709946.0,710136.0,710256.0,710507.0,710731.0,711038.0,711329.0,711624.0,711807.0,711959.0,712146.0,712344.0,712511.0,712704.0,712886.0,713087.0,713227.0,713405.0,713545.0,713736.0,713926.0,714094.0,714251.0,714428.0,714623.0,714848.0,715112.0,715320.0,715646.0,716044.0,716443.0,716945.0,717469.0,718043.0,718683.0,719173.0,719747.0,720121.0,720631.0,721131.0,721658.0,722271.0,722851.0,723362.0,723753.0,724300.0,724884.0,725406.0,725886.0,726377.0,726832.0,727144.0,727589.0,727994.0,728558.0,729075.0,729740.0,730277.0,730809.0,731338.0,731958.0,732508.0,733142.0,733666.0,734102.0,734492.0,734914.0,735573.0,736121.0,736616.0,737165.0,737540.0,737877.0,738264.0,738736.0,739245.0,739745.0,740207.0,740607.0,740988.0,741406.0,741843.0,742255.0,742710.0,743233.0,743645.0,744136.0,744666.0,745161.0,745822.0,746356.0,747096.0,748057.0,748868.0,750121.0,751197.0,752202
uqjKuvIx3Ws,219694.0,219741.0,219800.0,219843.0,219893.0,219950.0,219978.0,220020.0,220065.0,220121.0,220181.0,220199.0,220235.0,220276.0,220329.0,220379.0,220442.0,220484.0,220532.0,220572.0,220616.0,220648.0,220696.0,220722.0,220776.0,220800.0,220825.0,220857.0,220893.0,220930.0,220971.0,221009.0,221048.0,221087.0,221123.0,221165.0,221204.0,221245.0,221277.0,221318.0,221363.0,221401.0,221435.0,221470.0,221514.0,221558.0,221616.0,221657.0,221687.0,221729.0,221759.0,221819.0,221870.0,221897.0,221931.0,221962.0,221996.0,222047.0,222095.0,222131.0,222163.0,222207.0,222249.0,222289.0,222333.0,222375.0,222414.0,222455.0,222484.0,222524.0,222554.0,222593.0,222623.0,222689.0,222731.0,222767.0,222813.0,222860.0,222898.0,222938.0,222975.0,223031.0,223076.0,223140.0,223170.0,223228.0,223287.0,223323.0,223359.0,223406.0,223440.0,223489.0,223523.0,223571.0,223614.0,223658.0,223692.0,223719.0,223760.0,223792.0,223829.0,223869.0,223899.0,223926.0,223963.0,223994.0,224042.0,224072.0,224116.0,224154.0,224186.0,224232.0,224255.0,224297.0,224327.0,224375.0,224412.0,224433.0,224472.0,224511.0,224534.0,224566.0,224598.0,224635.0,224653.0,224690.0,224709.0,224752.0,224793.0,224837.0,224886.0,224921.0,224969.0,225013.0,,,,,,,,,225280.0,225308.0,225340.0,225369.0,225384.0,225403.0,225434.0,225456.0,225499.0,225526.0,225553.0,225580.0,225602.0,225637.0,225675.0,225717.0,225775.0,225820.0,225869.0,225906.0,225955.0,225992.0,226032.0,226067.0,226109.0,226136.0,226174.0,226205.0,226240.0,226268.0,226297.0,226325.0,226364.0,226391.0,226423.0,226452.0,226482.0,226500.0,226525.0,226547.0,226566.0,226600.0,226627.0,226648.0,226670.0,226693.0,226722.0,226751.0,226780.0,226805.0,226828.0,226854.0,226875.0,226916.0,226955.0,226977.0,227001.0,227018.0,227046.0,227081.0,227104.0,227137.0,227168.0,227200.0,227229.0,227255.0,227281.0,227321.0,227331.0,227358.0,227375.0,227394.0,227416.0,227436.0,227464.0,227505.0,227531.0,227551.0,227568.0,227598.0,227627.0,227645.0,227667.0,227701.0,227721.0,227757.0,227783.0,227804.0,227837.0,227859.0,227887.0,227925.0,227938.0,227965.0,227991.0,228028.0,228058.0,228092.0,228121.0,228160.0,228190.0,228217.0,228243.0,228267.0,228293.0,228324.0,228354.0,228379.0,228400.0,228437.0,228467.0,228496.0,228526.0,228544.0,228574.0,228595.0,228611.0,228641.0,228654.0,228681.0,228715.0,,228766.0,228784.0,228810.0,228837.0,228879.0,228920.0,228947.0,228978.0,229000.0,229029.0,229055.0,229081.0,229114.0,229149.0,229168.0,229200.0,229228.0,229260.0,229281.0,229308.0,229327.0,229345.0,229372.0,229406.0,229419.0,229445.0,229471.0,229496.0,229524.0,229557.0,229590.0,229618.0,229660.0,229697.0,229728.0,229746.0,229771.0,229797.0,229817.0,229844.0,229868.0,229905.0,229936.0,229960.0,229976.0,230005.0,230029.0,230060.0,230092.0,230122.0,230163.0,230191.0,230215.0,230233.0,230266.0,230301.0,230325.0,230350.0,230381.0,230403.0,230424.0,230453.0,230497.0,230526.0,230562.0,230592.0,230622.0,230650.0,230678.0,230703.0,230730.0,230763.0,230791.0,230816.0,230845.0,230865.0,230892.0,230922.0,230945.0,230979.0,231017.0,231050.0,231066.0,231098.0,231123.0,231161.0,231206.0,231226.0,231246.0,231271.0,231295.0,231318.0,231334.0,231362.0,231384.0,231421.0,231442.0,231472.0,231499.0,231531.0,231552.0,231574.0,231597.0,231637.0,231651.0,231672.0,231690.0,231714.0,231735.0,231774.0,231795.0,231807.0,231835.0,231856
AeXp-DoDD9w,13451.0,13455.0,13455.0,13460.0,13463.0,13464.0,13466.0,13472.0,13475.0,13479.0,13479.0,13482.0,13489.0,13497.0,13503.0,13503.0,13505.0,13510.0,13512.0,13512.0,13514.0,13517.0,13522.0,13527.0,13530.0,13533.0,13539.0,13541.0,13543.0,13547.0,13551.0,13555.0,13557.0,13560.0,13563.0,13567.0,13575.0,13583.0,13587.0,13593.0,13596.0,13597.0,13601.0,13604.0,13607.0,13609.0,13614.0,13617.0,13623.0,13631.0,13639.0,13646.0,13649.0,13657.0,13660.0,13664.0,13665.0,13664.0,13665.0,13668.0,13676.0,13680.0,13684.0,13718.0,13740.0,13745.0,13749.0,13756.0,13770.0,13778.0,13788.0,13797.0,13808.0,13810.0,13822.0,13839.0,13845.0,13863.0,13874.0,13880.0,13887.0,13899.0,13905.0,13914.0,13925.0,13931.0,13936.0,13943.0,13952.0,13959.0,13960.0,13966.0,13971.0,13974.0,13979.0,13982.0,13987.0,13997.0,14006.0,14009.0,14014.0,14018.0,14026.0,14030.0,14037.0,14043.0,14045.0,14052.0,14060.0,14069.0,14071.0,14080.0,14090.0,14093.0,14099.0,14105.0,14107.0,14111.0,14125.0,14133.0,14141.0,14145.0,14147.0,14152.0,14157.0,14159.0,14160.0,14162.0,14166.0,14168.0,14171.0,14172.0,14178.0,14180.0,,,,,,,,,14211.0,14218.0,14224.0,14226.0,14229.0,14233.0,14238.0,14240.0,14244.0,14250.0,14250.0,14256.0,14259.0,14261.0,14265.0,14266.0,14271.0,14272.0,14275.0,14276.0,14281.0,14282.0,14283.0,14284.0,14286.0,14286.0,14289.0,14291.0,14294.0,14297.0,14299.0,14303.0,14304.0,14307.0,14309.0,14311.0,14313.0,14318.0,14321.0,14324.0,14329.0,14332.0,14334.0,14334.0,14338.0,14342.0,14346.0,14348.0,14350.0,14354.0,14359.0,14362.0,14365.0,14371.0,14376.0,14382.0,14389.0,14409.0,14418.0,14427.0,14436.0,14440.0,14443.0,14447.0,14452.0,14455.0,14458.0,14462.0,14463.0,14468.0,14472.0,14475.0,14477.0,14483.0,14491.0,14496.0,14503.0,14507.0,14509.0,14513.0,14518.0,14525.0,14530.0,14537.0,14541.0,14545.0,14550.0,14554.0,14558.0,14562.0,14564.0,14565.0,14567.0,14573.0,14575.0,14576.0,14581.0,14588.0,14590.0,14592.0,14599.0,14599.0,14600.0,14605.0,14608.0,14611.0,14612.0,14615.0,14618.0,14620.0,14623.0,14626.0,14627.0,14631.0,14632.0,14635.0,14636.0,14639.0,14639.0,14640.0,14642.0,,14644.0,14645.0,14654.0,14657.0,14662.0,14664.0,14667.0,14669.0,14670.0,14673.0,14683.0,14686.0,14689.0,14692.0,14699.0,14707.0,14709.0,14714.0,14716.0,14719.0,14723.0,14726.0,14727.0,14730.0,14733.0,14741.0,14744.0,14747.0,14753.0,14753.0,14757.0,14761.0,14765.0,14766.0,14772.0,14777.0,14783.0,14785.0,14791.0,14797.0,14797.0,14797.0,14801.0,14803.0,14808.0,14810.0,14810.0,14811.0,14816.0,14820.0,14825.0,14830.0,14832.0,14833.0,14833.0,14835.0,14838.0,14838.0,14839.0,14841.0,14844.0,14847.0,14850.0,14854.0,14856.0,14859.0,14863.0,14864.0,14865.0,14867.0,14867.0,14867.0,14873.0,14875.0,14875.0,14880.0,14882.0,14883.0,14885.0,14886.0,14887.0,14887.0,14887.0,14890.0,14901.0,14906.0,14909.0,14912.0,14913.0,14912.0,14916.0,14919.0,14921.0,14925.0,14926.0,14927.0,14929.0,14932.0,14937.0,14941.0,14944.0,14945.0,14947.0,14947.0,14948.0,14951.0,14951.0,14957.0,14959.0,14962.0,14968.0,14975.0,14982.0,14987
QuBWfe4Eawk,131258.0,131301.0,131345.0,131415.0,131477.0,131521.0,131574.0,131632.0,131701.0,131764.0,131808.0,131871.0,131923.0,131978.0,132033.0,132096.0,132167.0,132219.0,132263.0,132309.0,132371.0,132420.0,132475.0,132527.0,132567.0,132635.0,132730.0,132774.0,132827.0,132884.0,132923.0,132965.0,133020.0,133064.0,133127.0,133190.0,133238.0,133292.0,133321.0,133397.0,133442.0,133499.0,133561.0,133604.0,133660.0,133716.0,133767.0,133821.0,133867.0,133915.0,133962.0,134027.0,134064.0,134115.0,134186.0,134229.0,134277.0,134326.0,134375.0,134422.0,134477.0,134524.0,134569.0,134615.0,134662.0,134700.0,134740.0,134781.0,134815.0,134881.0,134933.0,134971.0,135017.0,135070.0,135119.0,135155.0,135198.0,135258.0,135297.0,135340.0,135390.0,135434.0,135487.0,135575.0,135631.0,135690.0,135727.0,135790.0,135852.0,135905.0,135957.0,136023.0,136065.0,136099.0,136134.0,136181.0,136233.0,136275.0,136332.0,136370.0,136404.0,136438.0,136481.0,136511.0,136546.0,136599.0,136642.0,136697.0,136736.0,136768.0,136813.0,136864.0,136893.0,136934.0,136958.0,136991.0,137034.0,137090.0,137128.0,137181.0,137235.0,137275.0,137305.0,137345.0,137380.0,137409.0,137443.0,137477.0,137498.0,137536.0,137571.0,137604.0,137639.0,137669.0,,,,,,,,,138061.0,138103.0,138147.0,138193.0,138236.0,138267.0,138302.0,138331.0,138359.0,138393.0,138431.0,138487.0,138527.0,138556.0,138597.0,138632.0,138670.0,138716.0,138771.0,138821.0,138862.0,138894.0,138914.0,138945.0,138992.0,139032.0,139082.0,139133.0,139178.0,139212.0,139245.0,139296.0,139345.0,139387.0,139420.0,139460.0,139486.0,139525.0,139575.0,139610.0,139659.0,139704.0,139738.0,139767.0,139811.0,139842.0,139886.0,139912.0,139954.0,139990.0,140056.0,140106.0,140131.0,140155.0,140184.0,140213.0,140250.0,140290.0,140316.0,140349.0,140377.0,140415.0,140445.0,140473.0,140503.0,140530.0,140580.0,140609.0,140634.0,140665.0,140701.0,140728.0,140760.0,140801.0,140841.0,140877.0,140910.0,140952.0,140991.0,141035.0,141087.0,141124.0,141165.0,141201.0,141221.0,141254.0,141291.0,141325.0,141354.0,141391.0,141433.0,141463.0,141514.0,141555.0,141592.0,141624.0,141663.0,141704.0,141730.0,141774.0,141809.0,141866.0,141907.0,141946.0,141977.0,142016.0,142046.0,142064.0,142097.0,142120.0,142165.0,142202.0,142221.0,142260.0,142285.0,142310.0,142332.0,142358.0,142392.0,142419.0,142441.0,,142532.0,142573.0,142612.0,142639.0,142679.0,142714.0,142741.0,142789.0,142831.0,142870.0,142921.0,142959.0,142995.0,143045.0,143091.0,143124.0,143173.0,143219.0,143270.0,143317.0,143375.0,143445.0,143512.0,143607.0,143681.0,143737.0,143792.0,143830.0,143884.0,143931.0,143988.0,144031.0,144086.0,144153.0,144212.0,144256.0,144326.0,144374.0,144443.0,144503.0,144558.0,144626.0,144685.0,144745.0,144804.0,144858.0,144897.0,144940.0,144990.0,145032.0,145075.0,145110.0,145150.0,145185.0,145218.0,145242.0,145280.0,145312.0,145354.0,145392.0,145435.0,145473.0,145495.0,145549.0,145628.0,145685.0,145738.0,145779.0,145809.0,145857.0,145903.0,145952.0,146003.0,146056.0,146103.0,146162.0,146224.0,146272.0,146322.0,146372.0,146421.0,146472.0,146500.0,146533.0,146575.0,146615.0,146653.0,146695.0,146739.0,146778.0,146806.0,146846.0,146893.0,146931.0,146985.0,147025.0,147058.0,147101.0,147139.0,147180.0,147204.0,147233.0,147269.0,147309.0,147365.0,147405.0,147429.0,147460.0,147511.0,147544.0,147581.0,147644.0,147677.0,147712
lC5wSMWPpi8,303920.0,304013.0,304147.0,304267.0,304420.0,304557.0,304699.0,304871.0,305027.0,305171.0,305326.0,305486.0,305617.0,305783.0,305932.0,306123.0,306299.0,306455.0,306694.0,306905.0,307115.0,307362.0,307752.0,307991.0,308264.0,308609.0,308972.0,309366.0,309834.0,310146.0,310445.0,310692.0,310993.0,311253.0,311540.0,311773.0,312053.0,312268.0,312513.0,312758.0,313034.0,313301.0,313534.0,313751.0,313985.0,314153.0,314371.0,314555.0,314739.0,314870.0,315033.0,315167.0,315283.0,315439.0,315576.0,315716.0,315892.0,316037.0,316145.0,316287.0,316441.0,316601.0,316727.0,316907.0,317068.0,317201.0,317324.0,317480.0,317596.0,317779.0,317885.0,318015.0,318136.0,318263.0,318393.0,318535.0,318662.0,318839.0,318980.0,319120.0,319248.0,319395.0,319550.0,319694.0,319881.0,320032.0,320221.0,320341.0,320482.0,320640.0,320782.0,320910.0,321073.0,321248.0,321378.0,321517.0,321693.0,321810.0,321971.0,322092.0,322204.0,322314.0,322460.0,322629.0,322787.0,322952.0,323082.0,323241.0,323360.0,323480.0,323636.0,323768.0,323883.0,324012.0,324143.0,324253.0,324371.0,324496.0,324630.0,324822.0,324934.0,325050.0,325166.0,325263.0,325385.0,325523.0,325629.0,325786.0,325925.0,326056.0,326205.0,326364.0,326525.0,326681.0,,,,,,,,,327821.0,327966.0,328091.0,328231.0,328369.0,328509.0,328640.0,328736.0,328866.0,329002.0,329156.0,329341.0,329501.0,329659.0,329766.0,329898.0,330003.0,330163.0,330331.0,330486.0,330635.0,330739.0,330861.0,331007.0,331126.0,331237.0,331390.0,331540.0,331666.0,331773.0,331896.0,332036.0,332151.0,332301.0,332442.0,332540.0,332656.0,332810.0,332914.0,333085.0,333259.0,333397.0,333534.0,333645.0,333770.0,333907.0,334052.0,334213.0,334396.0,334496.0,334597.0,334711.0,334860.0,334969.0,335094.0,335216.0,335327.0,335430.0,335552.0,335654.0,335761.0,335856.0,335982.0,336062.0,336166.0,336270.0,336381.0,336500.0,336575.0,336687.0,336785.0,336894.0,336999.0,337103.0,337203.0,337307.0,337417.0,337524.0,337596.0,337704.0,337820.0,337909.0,338023.0,338118.0,338207.0,338310.0,338444.0,338575.0,338694.0,338854.0,338999.0,339095.0,339212.0,339315.0,339449.0,339565.0,339701.0,339833.0,339934.0,340036.0,340194.0,340319.0,340438.0,340561.0,340697.0,340803.0,340901.0,341005.0,341139.0,341268.0,341390.0,341490.0,341589.0,341681.0,341793.0,341884.0,341968.0,342097.0,342197.0,342317.0,342415.0,,342645.0,342784.0,342924.0,343088.0,343239.0,343359.0,343451.0,343572.0,343726.0,343844.0,343955.0,344070.0,344173.0,344316.0,344469.0,344627.0,344767.0,344936.0,345075.0,345218.0,345374.0,345536.0,345696.0,345872.0,346057.0,346218.0,346362.0,346506.0,346676.0,346842.0,347019.0,347186.0,347314.0,347435.0,347610.0,347730.0,347888.0,348049.0,348215.0,348346.0,348479.0,348668.0,348826.0,348956.0,349102.0,349266.0,349393.0,349486.0,349613.0,349747.0,349865.0,350017.0,350160.0,350281.0,350377.0,350492.0,350656.0,350818.0,350982.0,351150.0,351285.0,351387.0,351545.0,351695.0,351899.0,352080.0,352205.0,352293.0,352365.0,352488.0,352594.0,352715.0,352863.0,353011.0,353154.0,353285.0,353463.0,353641.0,353814.0,353993.0,354185.0,354364.0,354507.0,354665.0,354826.0,354999.0,355149.0,355335.0,355540.0,355680.0,355820.0,356014.0,356236.0,356415.0,356538.0,356655.0,356764.0,356889.0,357101.0,357331.0,357548.0,357802.0,357967.0,358140.0,358350.0,358576.0,358815.0,358996.0,359184.0,359341.0,359534.0,359772.0,360047.0,360287
yd8hwFutkew,419.0,419.0,419.0,419.0,419.0,420.0,421.0,421.0,421.0,421.0,422.0,423.0,423.0,423.0,423.0,423.0,424.0,424.0,424.0,425.0,425.0,427.0,427.0,427.0,428.0,428.0,428.0,428.0,428.0,428.0,428.0,428.0,430.0,430.0,430.0,432.0,433.0,433.0,433.0,434.0,433.0,435.0,435.0,436.0,436.0,436.0,437.0,436.0,436.0,436.0,436.0,436.0,436.0,436.0,436.0,436.0,436.0,436.0,436.0,436.0,436.0,436.0,437.0,437.0,438.0,439.0,440.0,441.0,442.0,442.0,443.0,443.0,443.0,443.0,443.0,444.0,445.0,445.0,445.0,445.0,445.0,445.0,445.0,445.0,445.0,446.0,446.0,446.0,446.0,447.0,447.0,447.0,447.0,447.0,447.0,447.0,447.0,447.0,447.0,447.0,448.0,448.0,448.0,448.0,448.0,448.0,448.0,449.0,449.0,449.0,449.0,450.0,450.0,450.0,451.0,451.0,451.0,451.0,451.0,451.0,451.0,451.0,451.0,451.0,452.0,452.0,452.0,452.0,452.0,452.0,452.0,452.0,452.0,452.0,,,,,,,,,452.0,452.0,452.0,452.0,452.0,452.0,452.0,452.0,452.0,452.0,452.0,452.0,452.0,452.0,452.0,452.0,452.0,452.0,452.0,452.0,452.0,452.0,452.0,452.0,452.0,452.0,452.0,452.0,452.0,452.0,452.0,452.0,452.0,452.0,452.0,452.0,452.0,452.0,452.0,452.0,452.0,452.0,452.0,452.0,452.0,452.0,452.0,452.0,452.0,452.0,452.0,452.0,452.0,452.0,452.0,452.0,452.0,452.0,452.0,452.0,452.0,452.0,452.0,452.0,452.0,452.0,452.0,452.0,452.0,452.0,452.0,452.0,452.0,452.0,452.0,452.0,452.0,452.0,452.0,452.0,452.0,452.0,452.0,452.0,452.0,452.0,452.0,452.0,452.0,452.0,452.0,452.0,452.0,452.0,452.0,452.0,452.0,452.0,452.0,452.0,452.0,452.0,452.0,452.0,452.0,452.0,452.0,452.0,452.0,452.0,452.0,452.0,452.0,452.0,452.0,452.0,452.0,452.0,452.0,452.0,452.0,,452.0,452.0,452.0,452.0,452.0,452.0,452.0,452.0,452.0,452.0,452.0,452.0,452.0,452.0,452.0,452.0,452.0,452.0,452.0,452.0,452.0,452.0,452.0,452.0,452.0,452.0,452.0,452.0,452.0,452.0,452.0,452.0,452.0,452.0,452.0,452.0,452.0,452.0,452.0,452.0,452.0,452.0,452.0,452.0,452.0,452.0,452.0,452.0,452.0,452.0,452.0,452.0,452.0,452.0,452.0,452.0,452.0,452.0,452.0,452.0,452.0,452.0,452.0,452.0,452.0,452.0,452.0,452.0,452.0,452.0,452.0,452.0,452.0,452.0,452.0,452.0,452.0,452.0,452.0,452.0,452.0,452.0,452.0,452.0,452.0,452.0,452.0,452.0,452.0,452.0,452.0,452.0,452.0,452.0,452.0,452.0,452.0,452.0,452.0,452.0,452.0,452.0,452.0,452.0,452.0,452.0,452.0,452.0,452.0,452.0,452.0,452.0,452.0,452
NzLWQBTtHsE,109416.0,109512.0,109618.0,109723.0,109842.0,109952.0,110078.0,110189.0,110311.0,110407.0,110514.0,110627.0,110759.0,110886.0,111015.0,111155.0,111253.0,111355.0,111500.0,111657.0,111781.0,111901.0,112034.0,112113.0,112206.0,112321.0,112436.0,112564.0,112671.0,112760.0,112836.0,112898.0,112974.0,113097.0,113199.0,113297.0,113394.0,113495.0,113574.0,113670.0,113756.0,113907.0,114052.0,114177.0,114285.0,114360.0,114446.0,114536.0,114611.0,114686.0,114759.0,114833.0,114935.0,115026.0,115110.0,115182.0,115261.0,115343.0,115420.0,115517.0,115595.0,115699.0,115808.0,115900.0,116001.0,116083.0,116161.0,116230.0,116306.0,116433.0,116548.0,116610.0,116680.0,116745.0,116839.0,116925.0,117011.0,117110.0,117214.0,117337.0,117448.0,117587.0,117712.0,117850.0,118021.0,118189.0,118378.0,118503.0,118732.0,118961.0,119173.0,119437.0,119613.0,119930.0,120194.0,120437.0,120719.0,121014.0,121328.0,121611.0,121880.0,122203.0,122696.0,123030.0,123360.0,123634.0,123898.0,124156.0,124355.0,124552.0,124787.0,125078.0,125334.0,125779.0,126257.0,126607.0,126997.0,127340.0,127628.0,127926.0,128205.0,128407.0,128588.0,128733.0,128896.0,129061.0,129222.0,129387.0,129570.0,129764.0,129889.0,130024.0,130182.0,130350.0,,,,,,,,,132159.0,132328.0,132591.0,132834.0,133039.0,133209.0,133389.0,133515.0,133640.0,133780.0,133913.0,134092.0,134339.0,134512.0,134659.0,134812.0,135028.0,135239.0,135421.0,135707.0,136030.0,136301.0,136577.0,136927.0,137196.0,137409.0,137714.0,138008.0,138319.0,138537.0,138849.0,139163.0,139529.0,139931.0,140355.0,140590.0,140827.0,141217.0,141581.0,142039.0,142564.0,143120.0,143690.0,144137.0,144648.0,145232.0,145834.0,146365.0,146903.0,147255.0,147630.0,148073.0,148548.0,149058.0,149457.0,149868.0,150221.0,150600.0,151067.0,151517.0,152031.0,152442.0,152849.0,153257.0,153595.0,154081.0,154497.0,154849.0,155150.0,155544.0,155883.0,156229.0,156609.0,157177.0,157674.0,158089.0,158453.0,158840.0,159239.0,159765.0,160203.0,160562.0,161028.0,161462.0,161855.0,162175.0,162597.0,163075.0,163654.0,164189.0,164684.0,164914.0,165162.0,165412.0,165688.0,165935.0,166236.0,166487.0,166697.0,166903.0,167120.0,167450.0,167718.0,167959.0,168204.0,168360.0,168507.0,168687.0,168889.0,169024.0,169199.0,169352.0,169490.0,169599.0,169732.0,169857.0,169964.0,170075.0,170212.0,170287.0,170365.0,,170520.0,170628.0,170731.0,170845.0,170899.0,170960.0,171021.0,171094.0,171206.0,171306.0,171405.0,171480.0,171534.0,171606.0,171668.0,171745.0,171806.0,171895.0,171987.0,172050.0,172110.0,172165.0,172245.0,172329.0,172412.0,172620.0,172685.0,172770.0,172840.0,172900.0,172980.0,173072.0,173166.0,173213.0,173262.0,173314.0,173370.0,173425.0,173485.0,173526.0,173586.0,173632.0,173690.0,173744.0,173811.0,173891.0,174022.0,174097.0,174277.0,174473.0,174683.0,174818.0,174959.0,175081.0,175148.0,175264.0,175395.0,175526.0,175667.0,175841.0,175999.0,176108.0,176234.0,176395.0,176554.0,176802.0,177126.0,177382.0,177551.0,177743.0,177969.0,178285.0,178613.0,178953.0,179212.0,179422.0,179664.0,179941.0,180229.0,180499.0,180748.0,180967.0,181126.0,181245.0,181357.0,181478.0,181586.0,181699.0,181795.0,181868.0,181954.0,182040.0,182135.0,182228.0,182311.0,182407.0,182480.0,182547.0,182636.0,182702.0,182774.0,182855.0,182918.0,182981.0,183041.0,183141.0,183220.0,183314.0,183395.0,183457.0,183518.0,183602.0,183674.0,183749
EgtPQA7Z_DA,1450999.0,1451110.0,1451277.0,1451437.0,1451547.0,1451679.0,1451775.0,1451896.0,1452026.0,1452182.0,1452305.0,1452452.0,1452583.0,1452710.0,1452864.0,1453028.0,1453161.0,1453293.0,1453410.0,1453509.0,1453657.0,1453811.0,1453980.0,1454112.0,1454246.0,1454413.0,1454590.0,1454752.0,1454905.0,1455099.0,1455275.0,1455418.0,1455585.0,1455779.0,1456053.0,1456298.0,1456467.0,1456639.0,1456816.0,1456938.0,1457091.0,1457226.0,1457365.0,1457508.0,1457665.0,1457823.0,1457976.0,1458133.0,1458289.0,1458429.0,1458560.0,1458682.0,1458823.0,1458974.0,1459095.0,1459247.0,1459363.0,1459501.0,1459661.0,1459829.0,1459962.0,1460115.0,1460259.0,1460424.0,1460558.0,1460679.0,1460791.0,1460947.0,1461078.0,1461249.0,1461407.0,1461558.0,1461708.0,1461854.0,1462039.0,1462209.0,1462391.0,1462567.0,1462718.0,1462849.0,1462993.0,1463156.0,1463281.0,1463427.0,1463595.0,1463748.0,1463907.0,1464025.0,1464139.0,1464270.0,1464400.0,1464538.0,1464671.0,1464833.0,1464973.0,1465113.0,1465213.0,1465349.0,1465482.0,1465608.0,1465744.0,1465844.0,1465984.0,1466126.0,1466260.0,1466361.0,1466488.0,1466588.0,1466721.0,1466842.0,1466975.0,1467123.0,1467250.0,1467383.0,1467495.0,1467617.0,1467716.0,1467846.0,1467983.0,1468128.0,1468258.0,1468379.0,1468488.0,1468606.0,1468761.0,1468903.0,1469062.0,1469220.0,1469313.0,1469427.0,1469532.0,1469630.0,1469729.0,1469831.0,,,,,,,,,1470868.0,1470977.0,1471088.0,1471207.0,1471368.0,1471540.0,1471702.0,1471860.0,1472027.0,1472197.0,1472364.0,1472500.0,1472644.0,1472779.0,1472894.0,1473013.0,1473132.0,1473285.0,1473384.0,1473477.0,1473592.0,1473695.0,1473822.0,1473891.0,1474009.0,1474085.0,1474220.0,1474319.0,1474382.0,1474461.0,1474549.0,1474663.0,1474759.0,1474853.0,1474925.0,1475006.0,1475074.0,1475165.0,1475234.0,1475360.0,1475440.0,1475564.0,1475647.0,1475731.0,1475843.0,1475962.0,1476057.0,1476153.0,1476250.0,1476352.0,1476430.0,1476536.0,1476630.0,1476717.0,1476808.0,1476906.0,1477025.0,1477144.0,1477267.0,1477374.0,1477500.0,1477597.0,1477709.0,1477820.0,1477922.0,1478015.0,1478117.0,1478236.0,1478330.0,1478422.0,1478517.0,1478614.0,1478732.0,1478845.0,1478962.0,1479066.0,1479140.0,1479233.0,1479351.0,1479471.0,1479587.0,1479661.0,1479754.0,1479877.0,1479964.0,1480045.0,1480179.0,1480291.0,1480414.0,1480542.0,1480646.0,1480757.0,1480842.0,1480935.0,1481094.0,1481195.0,1481298.0,1481413.0,1481500.0,1481603.0,1481707.0,1481819.0,1481897.0,1481996.0,1482094.0,1482181.0,1482258.0,1482344.0,1482450.0,1482554.0,1482657.0,1482763.0,1482856.0,1482966.0,1483073.0,1483180.0,1483294.0,1483399.0,1483511.0,1483638.0,1483774.0,,1484036.0,1484172.0,1484279.0,1484402.0,1484510.0,1484616.0,1484724.0,1484820.0,1484918.0,1485027.0,1485110.0,1485208.0,1485318.0,1485386.0,1485499.0,1485604.0,1485713.0,1485816.0,1485932.0,1486020.0,1486150.0,1486264.0,1486360.0,1486481.0,1486608.0,1486694.0,1486795.0,1486903.0,1486997.0,1487103.0,1487211.0,1487292.0,1487372.0,1487453.0,1487535.0,1487634.0,1487743.0,1487815.0,1487908.0,1487997.0,1488069.0,1488150.0,1488207.0,1488314.0,1488400.0,1488487.0,1488565.0,1488646.0,1488761.0,1488854.0,1488939.0,1489032.0,1489129.0,1489219.0,1489319.0,1489393.0,1489484.0,1489581.0,1489658.0,1489747.0,1489853.0,1489954.0,1490031.0,1490132.0,1490228.0,1490299.0,1490383.0,1490456.0,1490540.0,1490625.0,1490696.0,1490778.0,1490866.0,1490941.0,1491007.0,1491101.0,1491194.0,1491277.0,1491351.0,1491429.0,1491506.0,1491610.0,1491744.0,1491850.0,1491951.0,1492067.0,1492166.0,1492288.0,1492392.0,1492470.0,1492590.0,1492672.0,1492761.0,1492851.0,1492965.0,1493057.0,1493206.0,1493296.0,1493390.0,1493462.0,1493553.0,1493636.0,1493715.0,1493808.0,1493891.0,1493988.0,1494071.0,1494171.0,1494260.0,1494337.0,1494395.0,1494491.0,1494566.0,1494637
vEMSCe__mww,53654.0,53654.0,53654.0,53654.0,53654.0,53654.0,53654.0,53654.0,53654.0,53654.0,53654.0,53654.0,53654.0,53654.0,53654.0,53654.0,53654.0,53654.0,53654.0,53654.0,53654.0,53654.0,53654.0,53654.0,53654.0,53654.0,53654.0,53654.0,53654.0,53654.0,53654.0,53654.0,53654.0,53654.0,53654.0,53654.0,53654.0,53654.0,53654.0,53654.0,53654.0,53654.0,53654.0,53654.0,53654.0,53654.0,53654.0,53654.0,53654.0,53654.0,53654.0,53654.0,53654.0,53654.0,53654.0,53654.0,53654.0,53654.0,53654.0,53654.0,53654.0,53654.0,53654.0,53654.0,53654.0,53654.0,53654.0,53654.0,53654.0,53654.0,53654.0,53654.0,53654.0,53654.0,53654.0,53654.0,53654.0,53654.0,53654.0,53654.0,53654.0,53654.0,53654.0,53654.0,53654.0,53654.0,53654.0,53654.0,53654.0,53654.0,53654.0,53654.0,53654.0,53654.0,53654.0,53654.0,53654.0,53654.0,53654.0,53654.0,53654.0,53654.0,53654.0,53654.0,53654.0,53654.0,53654.0,53654.0,53654.0,53654.0,53654.0,53654.0,53654.0,53654.0,53654.0,53654.0,53654.0,53654.0,53654.0,53654.0,53654.0,53654.0,53654.0,53654.0,53654.0,53654.0,53654.0,53654.0,53654.0,53654.0,53654.0,53654.0,53654.0,53654.0,,,,,,,,,53654.0,53654.0,53654.0,53654.0,53654.0,53654.0,53654.0,53654.0,53654.0,53654.0,53654.0,53654.0,53654.0,53654.0,53654.0,53654.0,53654.0,53654.0,53654.0,53654.0,53654.0,53654.0,53654.0,53654.0,53654.0,53654.0,53654.0,53654.0,53654.0,53654.0,53654.0,53654.0,53654.0,53654.0,53654.0,53654.0,53654.0,53654.0,53654.0,53654.0,53654.0,53654.0,53654.0,53654.0,53654.0,53654.0,53654.0,53654.0,53654.0,53654.0,53654.0,53654.0,53654.0,53654.0,53654.0,53654.0,53654.0,53654.0,53654.0,53654.0,53654.0,53654.0,53654.0,53654.0,53654.0,53654.0,53654.0,53654.0,53654.0,53654.0,53654.0,53654.0,53654.0,53654.0,53654.0,53654.0,53654.0,53654.0,53654.0,53654.0,53654.0,53654.0,53654.0,53654.0,53654.0,53654.0,53654.0,53654.0,53654.0,53654.0,53654.0,53654.0,53654.0,53654.0,53654.0,53654.0,53654.0,53654.0,53654.0,53654.0,53654.0,53654.0,53654.0,53654.0,53654.0,53654.0,53654.0,53654.0,53654.0,53654.0,53654.0,53654.0,53654.0,53654.0,53654.0,53654.0,53654.0,53654.0,53654.0,53654.0,53654.0,,53654.0,53654.0,53654.0,53654.0,53654.0,53654.0,53654.0,53654.0,53654.0,53654.0,53654.0,53654.0,53654.0,53654.0,53654.0,53654.0,53654.0,53654.0,53654.0,53654.0,53654.0,53654.0,53654.0,53654.0,53654.0,53654.0,53654.0,53654.0,53654.0,53654.0,53654.0,53654.0,53654.0,53654.0,53654.0,53654.0,53654.0,53654.0,53654.0,53654.0,53654.0,53654.0,53654.0,53654.0,53654.0,53654.0,53654.0,53654.0,53654.0,53654.0,53654.0,53654.0,53654.0,53654.0,53654.0,53654.0,53654.0,53654.0,53654.0,53654.0,53654.0,53654.0,53654.0,53654.0,53654.0,53654.0,53654.0,53654.0,53654.0,53654.0,53654.0,53654.0,53654.0,53654.0,53654.0,53654.0,53654.0,53654.0,53654.0,53654.0,53654.0,53654.0,53654.0,53654.0,53654.0,53654.0,53654.0,53654.0,53654.0,53654.0,53654.0,53654.0,53654.0,53654.0,53654.0,53654.0,53654.0,53654.0,53654.0,53654.0,53654.0,53654.0,53654.0,53654.0,53654.0,53654.0,53654.0,53654.0,53654.0,53654.0,53654.0,53654.0,53654.0,53654
9EDZixuODrw,40345655.0,40348093.0,40350797.0,40353557.0,40356227.0,40359193.0,40362577.0,40366118.0,40369588.0,40373496.0,40377346.0,40380742.0,40383994.0,40387286.0,40390374.0,40393457.0,40396799.0,40400172.0,40403196.0,40406253.0,40409328.0,40412446.0,40415898.0,40419604.0,40423261.0,40426547.0,40429765.0,40432705.0,40435244.0,40437772.0,40440470.0,40442829.0,40445255.0,40447638.0,40450244.0,40452743.0,40455092.0,40457105.0,40459422.0,40461747.0,40464021.0,40466280.0,40468680.0,40471451.0,40474136.0,40476603.0,40478692.0,40480961.0,40483181.0,40485182.0,40487391.0,40489604.0,40491847.0,40493948.0,40496025.0,40498296.0,40500303.0,40502120.0,40504340.0,40506243.0,40508216.0,40510058.0,40512028.0,40514061.0,40515997.0,40517914.0,40519754.0,40521598.0,40523107.0,40525037.0,40526916.0,40528700.0,40530237.0,40531706.0,40533240.0,40535119.0,40536928.0,40538680.0,40540658.0,40542645.0,40544659.0,40546421.0,40548330.0,40550265.0,40552218.0,40554247.0,40556328.0,40558141.0,40559714.0,40561475.0,40563358.0,40565271.0,40567357.0,40569666.0,40571893.0,40573761.0,40575652.0,40577499.0,40579322.0,40581285.0,40583524.0,40585757.0,40587949.0,40590473.0,40593168.0,40596011.0,40599227.0,40601904.0,40604894.0,40606944.0,40608982.0,40611425.0,40613714.0,40616367.0,40619421.0,40622055.0,40624566.0,40627588.0,40630299.0,40633146.0,40636171.0,40638958.0,40641409.0,40643996.0,40646826.0,40649486.0,40651988.0,40654842.0,40657355.0,40659415.0,40661200.0,40663176.0,40665331.0,40667409.0,,,,,,,,,40685771.0,40687693.0,40689478.0,40691326.0,40693070.0,40694636.0,40696397.0,40698255.0,40700051.0,40701868.0,40703762.0,40705671.0,40707723.0,40709747.0,40711632.0,40713216.0,40714746.0,40716408.0,40718279.0,40719969.0,40721570.0,40723260.0,40724954.0,40726481.0,40727983.0,40729540.0,40731119.0,40732639.0,40734010.0,40735439.0,40736786.0,40738211.0,40739807.0,40741377.0,40742870.0,40744438.0,40745810.0,40747037.0,40748586.0,40750074.0,40751688.0,40753146.0,40754694.0,40756177.0,40757985.0,40759849.0,40761736.0,40763771.0,40765840.0,40767784.0,40769613.0,40771596.0,40773765.0,40775877.0,40777952.0,40780148.0,40782280.0,40784647.0,40787028.0,40789564.0,40792100.0,40794458.0,40796864.0,40799154.0,40801189.0,40803347.0,40805793.0,40808351.0,40810795.0,40813016.0,40815712.0,40818181.0,40820814.0,40823503.0,40826268.0,40829147.0,40832315.0,40835702.0,40839266.0,40842718.0,40846236.0,40849422.0,40852757.0,40856589.0,40860123.0,40863827.0,40867333.0,40870768.0,40874395.0,40878309.0,40882656.0,40887172.0,40892872.0,40898488.0,40904458.0,40910481.0,40917517.0,40923761.0,40930916.0,40936767.0,40942371.0,40947370.0,40952314.0,40957627.0,40963827.0,40969983.0,40975835.0,40980919.0,40985571.0,40990424.0,40996315.0,41001343.0,41006578.0,41010388.0,41014160.0,41018211.0,41022404.0,41026872.0,41031155.0,41035578.0,41040282.0,,41050084.0,41054749.0,41059308.0,41063643.0,41067516.0,41070871.0,41074418.0,41078011.0,41081983.0,41086921.0,41093395.0,41100096.0,41104604.0,41108563.0,41112569.0,41117649.0,41123137.0,41129045.0,41135562.0,41140460.0,41144574.0,41148607.0,41152131.0,41155474.0,41158626.0,41162128.0,41166591.0,41170904.0,41175092.0,41178294.0,41181794.0,41184989.0,41188497.0,41192063.0,41195543.0,41199173.0,41203190.0,41206519.0,41210259.0,41213875.0,41217082.0,41220266.0,41223613.0,41227281.0,41230813.0,41234205.0,41237610.0,41241168.0,41244665.0,41247876.0,41251102.0,41254494.0,41257742.0,41261029.0,41264497.0,41268377.0,41271783.0,41275064.0,41277989.0,41281038.0,41283797.0,41286454.0,41289108.0,41291721.0,41294374.0,41297116.0,41299989.0,41302258.0,41304840.0,41307445.0,41310041.0,41312750.0,41315246.0,41317547.0,41319546.0,41321659.0,41323874.0,41325964.0,41327853.0,41329755.0,41332008.0,41334458.0,41337278.0,41340628.0,41343477.0,41346162.0,41348826.0,41351470.0,41353979.0,41356524.0,41358887.0,41361219.0,41363436.0,41365648.0,41367858.0,41370095.0,41372026.0,41374268.0,41376603.0,41378813.0,41380967.0,41383295.0,41385398.0,41387517.0,41389680.0,41391646.0,41393624.0,41395788.0,41397835.0,41400091.0,41402318.0,41404719.0,41407043.0,41409384
l5hfI_IO-aI,375267.0,375466.0,375637.0,375824.0,376032.0,376209.0,376406.0,376634.0,376838.0,377037.0,377276.0,377542.0,377781.0,377959.0,378176.0,378396.0,378576.0,378719.0,378885.0,379099.0,379267.0,379458.0,379642.0,379861.0,380069.0,380248.0,380447.0,380630.0,380876.0,381088.0,381279.0,381462.0,381693.0,381890.0,382193.0,382427.0,382652.0,382914.0,383189.0,383470.0,383764.0,384040.0,384312.0,384607.0,384858.0,385073.0,385306.0,385590.0,385862.0,386107.0,386367.0,386664.0,386850.0,387091.0,387308.0,387537.0,387742.0,388010.0,388249.0,388418.0,388608.0,388821.0,389019.0,389222.0,389464.0,389662.0,389822.0,390084.0,390259.0,390522.0,390750.0,390932.0,391143.0,391382.0,391573.0,391798.0,392016.0,392218.0,392452.0,392765.0,392963.0,393195.0,393475.0,393725.0,393929.0,394142.0,394377.0,394531.0,394740.0,395009.0,395240.0,395464.0,395700.0,395902.0,396100.0,396316.0,396547.0,396787.0,397023.0,397265.0,397500.0,397720.0,397958.0,398168.0,398391.0,398645.0,398855.0,399095.0,399353.0,399609.0,399821.0,400023.0,400263.0,400520.0,400740.0,400915.0,401114.0,401302.0,401516.0,401766.0,402044.0,402254.0,402470.0,402634.0,402793.0,403017.0,403216.0,403403.0,403633.0,403817.0,404037.0,404231.0,404419.0,404691.0,,,,,,,,,406684.0,406926.0,407224.0,407618.0,407945.0,408266.0,408526.0,408773.0,408986.0,409219.0,409472.0,409766.0,409944.0,410201.0,410402.0,410664.0,410920.0,411146.0,411384.0,411618.0,411822.0,412076.0,412273.0,412462.0,412653.0,412885.0,413076.0,413302.0,413508.0,413674.0,413941.0,414131.0,414311.0,414578.0,414753.0,414957.0,415121.0,415265.0,415446.0,415588.0,415760.0,415898.0,416069.0,416225.0,416384.0,416585.0,416735.0,416934.0,417148.0,417351.0,417504.0,417633.0,417824.0,418000.0,418150.0,418302.0,418488.0,418625.0,418769.0,418919.0,419071.0,419230.0,419407.0,419681.0,419899.0,420101.0,420299.0,420482.0,420637.0,420896.0,421074.0,421203.0,421424.0,421575.0,421731.0,421897.0,422114.0,422279.0,422428.0,422614.0,422813.0,422984.0,423156.0,423375.0,423540.0,423678.0,423884.0,424079.0,424268.0,424451.0,424639.0,424878.0,425116.0,425305.0,425539.0,425747.0,425938.0,426153.0,426346.0,426538.0,426746.0,426942.0,427124.0,427337.0,427605.0,427860.0,428083.0,428313.0,428529.0,428752.0,429026.0,429279.0,429642.0,429971.0,430234.0,430560.0,430844.0,431128.0,431413.0,431705.0,431970.0,,432656.0,433011.0,433410.0,433786.0,434227.0,434612.0,434966.0,435325.0,435709.0,436181.0,436677.0,437120.0,437516.0,438031.0,438740.0,439373.0,440015.0,440712.0,441172.0,441628.0,442087.0,442726.0,443162.0,443728.0,444158.0,444613.0,445002.0,445479.0,445988.0,446508.0,447082.0,447652.0,448156.0,448611.0,449085.0,449653.0,450252.0,450786.0,451390.0,451887.0,452372.0,452902.0,453381.0,453883.0,454376.0,455097.0,455539.0,455999.0,456559.0,457146.0,457678.0,458187.0,458623.0,459225.0,459595.0,460100.0,460560.0,461136.0,461793.0,462599.0,463486.0,464136.0,464774.0,465660.0,466480.0,467131.0,467856.0,468636.0,469136.0,469670.0,470340.0,470989.0,471546.0,472303.0,472916.0,473436.0,474066.0,474718.0,475333.0,476110.0,477327.0,477987.0,478511.0,479159.0,479714.0,480233.0,480711.0,481363.0,481806.0,482332.0,482777.0,483326.0,483891.0,484364.0,484943.0,485438.0,485866.0,486319.0,486705.0,487034.0,487502.0,487951.0,488380.0,488733.0,489107.0,489632.0,490087.0,490567.0,491024.0,491462.0,491914.0,492331.0,492703.0,493192
KKG-947JbJA,4998.0,4998.0,4998.0,4998.0,4998.0,4998.0,4998.0,4998.0,4998.0,4998.0,4998.0,4998.0,4998.0,4998.0,4998.0,4998.0,4998.0,4998.0,4998.0,4998.0,4998.0,4998.0,4998.0,4998.0,4998.0,4998.0,4998.0,4998.0,4998.0,4998.0,4998.0,4998.0,4998.0,4998.0,4998.0,4998.0,4998.0,4998.0,4998.0,4998.0,4998.0,4998.0,4998.0,4998.0,4998.0,4998.0,4998.0,4998.0,4998.0,4998.0,4998.0,4998.0,4998.0,4998.0,4998.0,4998.0,4998.0,4998.0,4998.0,4998.0,4998.0,4998.0,4998.0,4998.0,4998.0,4998.0,4998.0,4998.0,4998.0,4998.0,4998.0,4998.0,4998.0,4998.0,4998.0,4998.0,4998.0,4998.0,4998.0,4998.0,4998.0,4998.0,4998.0,4998.0,4998.0,4998.0,4998.0,4998.0,4998.0,4998.0,4998.0,4998.0,4998.0,4998.0,4998.0,4998.0,4998.0,4998.0,4998.0,4998.0,4998.0,4998.0,4998.0,4998.0,4998.0,4998.0,4998.0,4998.0,4998.0,4998.0,4998.0,4998.0,4998.0,4998.0,4998.0,4998.0,4998.0,4998.0,4998.0,4998.0,4998.0,4998.0,4998.0,4998.0,4998.0,4998.0,4998.0,4998.0,4998.0,4998.0,4998.0,4998.0,4998.0,4998.0,,,,,,,,,4998.0,4998.0,4998.0,4998.0,4998.0,4998.0,4998.0,4998.0,4998.0,4998.0,4998.0,4998.0,4998.0,4998.0,4998.0,4998.0,4998.0,4998.0,4998.0,4998.0,4998.0,4998.0,4998.0,4998.0,4998.0,4998.0,4998.0,4998.0,4998.0,4998.0,4998.0,4998.0,4998.0,4998.0,4998.0,4998.0,4998.0,4998.0,4998.0,4998.0,4998.0,4998.0,4998.0,4998.0,4998.0,4998.0,4998.0,4998.0,4998.0,4998.0,4998.0,4998.0,4998.0,4998.0,4998.0,4998.0,4998.0,4998.0,4998.0,4998.0,4998.0,4998.0,4998.0,4998.0,4998.0,4998.0,4998.0,4998.0,4998.0,4998.0,4998.0,4998.0,4998.0,4998.0,4998.0,4998.0,4998.0,4998.0,4998.0,4998.0,4998.0,4998.0,4998.0,4998.0,4998.0,4998.0,4998.0,4998.0,4998.0,4998.0,4998.0,4998.0,4998.0,4998.0,4998.0,4998.0,4998.0,4998.0,4998.0,4998.0,4998.0,4998.0,4998.0,4998.0,4998.0,4998.0,4998.0,4998.0,4998.0,4998.0,4998.0,4998.0,4998.0,4998.0,4998.0,4998.0,4998.0,4998.0,4998.0,4998.0,4998.0,,4998.0,4998.0,4998.0,4998.0,4998.0,4998.0,4998.0,4998.0,4998.0,4998.0,4998.0,4998.0,4998.0,4998.0,4998.0,4998.0,4998.0,4998.0,4998.0,4998.0,4998.0,4998.0,4998.0,4998.0,4998.0,4998.0,4998.0,4998.0,4998.0,4998.0,4998.0,4998.0,4998.0,4998.0,4998.0,4998.0,4998.0,4998.0,4998.0,4998.0,4998.0,4998.0,4998.0,4998.0,4998.0,4998.0,4998.0,4998.0,4998.0,4998.0,4998.0,4998.0,4998.0,4998.0,4998.0,4998.0,4998.0,4998.0,4998.0,4998.0,4998.0,4998.0,4998.0,4998.0,4998.0,4998.0,4998.0,4998.0,4998.0,4998.0,4998.0,4998.0,4998.0,4998.0,4998.0,4998.0,4998.0,4998.0,4998.0,4998.0,4998.0,4998.0,4998.0,4998.0,4998.0,4998.0,4998.0,4998.0,4998.0,4998.0,4998.0,4998.0,4998.0,4998.0,4998.0,4998.0,4998.0,4998.0,4998.0,4998.0,4998.0,4998.0,4998.0,4998.0,4998.0,4998.0,4998.0,4998.0,4998.0,4998.0,4998.0,4998.0,4998.0,4998
d8V53aiH5xs,3184.0,3184.0,3184.0,3184.0,3185.0,3185.0,3185.0,3185.0,3185.0,3186.0,3186.0,3186.0,3187.0,3188.0,3188.0,3188.0,3188.0,3188.0,3188.0,3188.0,3188.0,3188.0,3188.0,3188.0,3188.0,3188.0,3188.0,3188.0,3188.0,3188.0,3188.0,3190.0,3191.0,3191.0,3191.0,3191.0,3191.0,3193.0,3193.0,3193.0,3193.0,3193.0,3193.0,3194.0,3194.0,3195.0,3195.0,3195.0,3195.0,3195.0,3195.0,3195.0,3195.0,3195.0,3195.0,3195.0,3195.0,3195.0,3195.0,3195.0,3195.0,3196.0,3196.0,3196.0,3196.0,3196.0,3197.0,3197.0,3197.0,3197.0,3197.0,3197.0,3197.0,3197.0,3198.0,3198.0,3198.0,3198.0,3198.0,3198.0,3198.0,3198.0,3198.0,3198.0,3198.0,3198.0,3198.0,3199.0,3199.0,3199.0,3199.0,3199.0,3199.0,3199.0,3199.0,3199.0,3199.0,3199.0,3199.0,3199.0,3199.0,3199.0,3199.0,3199.0,3199.0,3199.0,3200.0,3200.0,3201.0,3201.0,3201.0,3201.0,3202.0,3202.0,3203.0,3203.0,3203.0,3203.0,3203.0,3203.0,3203.0,3203.0,3203.0,3203.0,3203.0,3203.0,3203.0,3203.0,3203.0,3203.0,3203.0,3203.0,3204.0,3205.0,,,,,,,,,3209.0,3209.0,3209.0,3209.0,3209.0,3209.0,3209.0,3209.0,3209.0,3209.0,3209.0,3209.0,3209.0,3209.0,3209.0,3209.0,3209.0,3209.0,3209.0,3209.0,3209.0,3209.0,3209.0,3209.0,3209.0,3209.0,3209.0,3209.0,3209.0,3209.0,3209.0,3209.0,3209.0,3209.0,3209.0,3209.0,3209.0,3209.0,3209.0,3209.0,3209.0,3209.0,3209.0,3209.0,3209.0,3209.0,3209.0,3209.0,3209.0,3209.0,3209.0,3209.0,3209.0,3209.0,3209.0,3209.0,3209.0,3209.0,3209.0,3209.0,3209.0,3209.0,3209.0,3209.0,3209.0,3209.0,3209.0,3209.0,3209.0,3209.0,3209.0,3209.0,3209.0,3209.0,3209.0,3209.0,3209.0,3209.0,3209.0,3209.0,3209.0,3209.0,3209.0,3209.0,3209.0,3209.0,3209.0,3209.0,3209.0,3209.0,3209.0,3209.0,3209.0,3209.0,3209.0,3209.0,3209.0,3209.0,3209.0,3209.0,3209.0,3209.0,3209.0,3209.0,3209.0,3209.0,3209.0,3209.0,3209.0,3209.0,3209.0,3209.0,3209.0,3209.0,3209.0,3209.0,3209.0,3209.0,3209.0,3209.0,3209.0,,3209.0,3209.0,3209.0,3209.0,3209.0,3209.0,3209.0,3209.0,3209.0,3209.0,3209.0,3209.0,3209.0,3209.0,3209.0,3209.0,3209.0,3209.0,3209.0,3209.0,3209.0,3209.0,3209.0,3209.0,3209.0,3209.0,3209.0,3209.0,3209.0,3209.0,3209.0,3209.0,3209.0,3209.0,3209.0,3209.0,3209.0,3209.0,3209.0,3209.0,3209.0,3209.0,3209.0,3209.0,3209.0,3209.0,3209.0,3209.0,3209.0,3209.0,3209.0,3209.0,3209.0,3209.0,3209.0,3209.0,3209.0,3209.0,3209.0,3209.0,3209.0,3209.0,3209.0,3209.0,3209.0,3209.0,3209.0,3209.0,3209.0,3209.0,3209.0,3209.0,3209.0,3209.0,3209.0,3209.0,3209.0,3209.0,3209.0,3209.0,3209.0,3209.0,3209.0,3209.0,3209.0,3209.0,3209.0,3209.0,3209.0,3209.0,3209.0,3209.0,3209.0,3209.0,3209.0,3209.0,3209.0,3209.0,3209.0,3209.0,3209.0,3209.0,3209.0,3209.0,3209.0,3209.0,3209.0,3209.0,3209.0,3209.0,3209.0,3209.0,3209.0,3209
-bQqBHbf328,,,,,,,,,,,,,,,,,,,,,,,,,,,,,,,,,,,,,,,,,,,,,,,,,,,,,,,,,,,,,,,,,,,,,,,,,,,,,,,,,,,,,,,,,,,,,,,,,,,,,,,,,,,,,,,,,,,,,,,,,,,,,,,,,,,,,,,,,,,,,,,,,,,,,,,,,,,,,,,,,,,,,,,,,,,,,,,,,,,,,,,,,,,,,,,,,,,,,,,,,,,,,,,,,,,,,,,,,,,,,,,,,,,,,,,,,,,,,,,,,,,,,,,,,,,,,,,,,,,,,,,,,,,,,,,,,,,,,,,,,,,,,,,,,,,,,,,,,,,,,,,,,,,,,,,,,,,,,,,,,,,,,,,,,,,,,,,,,,,,,,,,,,,,,,,,,,,,,,,,,,,,,,,,,,,,,,,,,,
8mpFbzqm1y4,181665.0,182042.0,182475.0,182890.0,183342.0,183774.0,184283.0,184861.0,185426.0,185783.0,186150.0,186570.0,186949.0,187229.0,187565.0,187841.0,188096.0,188314.0,188599.0,188805.0,189044.0,189322.0,189580.0,189857.0,190059.0,190271.0,190468.0,190675.0,190912.0,191126.0,191280.0,191425.0,191565.0,191725.0,191919.0,192098.0,192268.0,192436.0,192574.0,192784.0,192982.0,193241.0,193485.0,193737.0,193906.0,194090.0,194315.0,194552.0,194805.0,195003.0,195198.0,195343.0,195504.0,195652.0,195835.0,196034.0,196243.0,196491.0,196683.0,196836.0,197029.0,197240.0,197484.0,197715.0,197910.0,198088.0,198290.0,198583.0,198829.0,199162.0,199402.0,199599.0,199810.0,199994.0,200209.0,200457.0,200759.0,201072.0,201360.0,201737.0,201964.0,202249.0,202657.0,202880.0,203152.0,203438.0,203729.0,203945.0,204174.0,204453.0,204686.0,204998.0,205242.0,205471.0,205664.0,205861.0,206064.0,206263.0,206564.0,206831.0,207023.0,207285.0,207693.0,208117.0,208548.0,208858.0,209255.0,209680.0,210014.0,210409.0,210802.0,211263.0,211583.0,212051.0,212445.0,212704.0,213067.0,213371.0,213717.0,213968.0,214213.0,214464.0,214738.0,214972.0,215269.0,215595.0,215828.0,216072.0,216292.0,216507.0,216797.0,217108.0,217402.0,217624.0,,,,,,,,,219496.0,219626.0,219791.0,219980.0,220216.0,220412.0,220584.0,220706.0,220901.0,221113.0,221333.0,221560.0,221793.0,222040.0,222199.0,222364.0,222595.0,222825.0,223032.0,223209.0,223399.0,223568.0,223745.0,223914.0,224168.0,224353.0,224543.0,224755.0,224947.0,225103.0,225336.0,225536.0,225761.0,225979.0,226258.0,226432.0,226621.0,226814.0,227063.0,227241.0,227422.0,227597.0,227775.0,227910.0,228100.0,228272.0,228448.0,228608.0,228771.0,228940.0,229087.0,229265.0,229421.0,229600.0,229830.0,229987.0,230147.0,230307.0,230469.0,230660.0,230804.0,230948.0,231128.0,231274.0,231420.0,231659.0,231858.0,232045.0,232195.0,232360.0,232541.0,232686.0,232872.0,233061.0,233239.0,233423.0,233596.0,233785.0,233949.0,234117.0,234301.0,234461.0,234631.0,234801.0,234959.0,235100.0,235274.0,235447.0,235619.0,235743.0,235946.0,236100.0,236246.0,236360.0,236518.0,236664.0,236828.0,236978.0,237116.0,237255.0,237405.0,237573.0,237759.0,237922.0,238073.0,238201.0,238312.0,238496.0,238711.0,238870.0,239033.0,239233.0,239390.0,239563.0,239664.0,239790.0,239908.0,240046.0,240241.0,240397.0,240489.0,,240761.0,240885.0,241026.0,241159.0,241232.0,241323.0,241403.0,241487.0,241580.0,241660.0,241766.0,241844.0,241898.0,241993.0,242103.0,242218.0,242316.0,242420.0,242499.0,242553.0,242654.0,242763.0,242860.0,242958.0,243035.0,243095.0,243170.0,243255.0,243347.0,243426.0,243555.0,243660.0,243747.0,243814.0,243891.0,243976.0,244062.0,244153.0,244258.0,244325.0,244381.0,244465.0,244552.0,244661.0,244762.0,244859.0,244990.0,245205.0,245428.0,245631.0,245872.0,246068.0,246327.0,246465.0,246569.0,246670.0,246828.0,246936.0,247080.0,247200.0,247303.0,247393.0,247523.0,247641.0,247775.0,247866.0,248009.0,248130.0,248255.0,248387.0,248536.0,248676.0,248836.0,248997.0,249115.0,249227.0,249384.0,249511.0,249643.0,249778.0,249909.0,250007.0,250109.0,250211.0,250326.0,250415.0,250512.0,250626.0,250734.0,250823.0,250906.0,250997.0,251124.0,251270.0,251411.0,251522.0,251638.0,251753.0,251870.0,251982.0,252134.0,252266.0,252384.0,252485.0,252580.0,252716.0,252824.0,252939.0,253059.0,253166.0,253258.0,253375.0,253524.0,253686
25oIE7bXzJ0,309741.0,310081.0,310447.0,310709.0,311042.0,311397.0,311729.0,312145.0,312474.0,312740.0,312969.0,313267.0,313534.0,313753.0,313977.0,314202.0,314346.0,314518.0,314696.0,314924.0,315112.0,315342.0,315573.0,315796.0,316001.0,316194.0,316359.0,316530.0,316700.0,316880.0,317024.0,317137.0,317289.0,317458.0,317663.0,317872.0,318064.0,318246.0,318407.0,318638.0,318869.0,319112.0,319331.0,319553.0,319761.0,319947.0,320142.0,320364.0,320558.0,320776.0,320953.0,321139.0,321244.0,321364.0,321525.0,321693.0,321871.0,322075.0,322238.0,322361.0,322542.0,322778.0,322939.0,323135.0,323354.0,323560.0,323766.0,324033.0,324293.0,324599.0,324841.0,325026.0,325231.0,325443.0,325633.0,325865.0,326107.0,326398.0,326635.0,326922.0,327167.0,327380.0,327716.0,327971.0,328289.0,328692.0,328967.0,329197.0,329437.0,329704.0,330080.0,330480.0,330860.0,331068.0,331264.0,331496.0,331840.0,332225.0,332526.0,332828.0,333090.0,333316.0,333652.0,333898.0,334249.0,334617.0,334947.0,335319.0,335660.0,335970.0,336316.0,336659.0,337014.0,337407.0,337711.0,338043.0,338499.0,338863.0,339167.0,339546.0,339825.0,340177.0,340493.0,340860.0,341267.0,341710.0,341971.0,342327.0,342668.0,342912.0,343309.0,343670.0,344055.0,344395.0,,,,,,,,,347288.0,347572.0,347902.0,348147.0,348450.0,348773.0,349035.0,349272.0,349516.0,349859.0,350185.0,350480.0,350817.0,351196.0,351473.0,351740.0,352039.0,352378.0,352686.0,352947.0,353143.0,353335.0,353498.0,353706.0,353884.0,354071.0,354253.0,354434.0,354611.0,354796.0,354958.0,355177.0,355405.0,355603.0,355833.0,356018.0,356235.0,356503.0,356724.0,356976.0,357234.0,357461.0,357682.0,357875.0,358108.0,358316.0,358517.0,358742.0,358952.0,359130.0,359344.0,359576.0,359790.0,360012.0,360290.0,360491.0,360665.0,360852.0,361043.0,361294.0,361517.0,361724.0,361939.0,362198.0,362375.0,362575.0,362801.0,363076.0,363251.0,363453.0,363706.0,363878.0,364153.0,364406.0,364623.0,364838.0,365050.0,365250.0,365392.0,365599.0,365818.0,365983.0,366161.0,366410.0,366609.0,366768.0,366936.0,367124.0,367303.0,367451.0,367630.0,367802.0,367956.0,368110.0,368285.0,368509.0,368705.0,368883.0,369074.0,369221.0,369438.0,369706.0,369944.0,370207.0,370450.0,370733.0,370892.0,371119.0,371398.0,371623.0,372019.0,373014.0,373250.0,373556.0,373824.0,374387.0,374630.0,374837.0,375014.0,375305.0,375592.0,,375963.0,376109.0,376277.0,376501.0,376674.0,376803.0,376893.0,376991.0,377177.0,377322.0,377477.0,377588.0,377703.0,377819.0,377958.0,378054.0,378143.0,378250.0,378332.0,378410.0,378522.0,378634.0,378742.0,378825.0,378919.0,379009.0,379082.0,379177.0,379266.0,379378.0,379463.0,379558.0,379626.0,379698.0,379775.0,379860.0,379953.0,380056.0,380150.0,380247.0,380321.0,380428.0,380489.0,380579.0,380685.0,380783.0,380901.0,381038.0,381218.0,381366.0,381545.0,381712.0,381849.0,381994.0,382136.0,382256.0,382397.0,382533.0,382691.0,382865.0,383029.0,383167.0,383330.0,383486.0,383674.0,383833.0,384042.0,384197.0,384348.0,384551.0,384905.0,385227.0,385438.0,385612.0,385804.0,386036.0,386268.0,386472.0,386673.0,386973.0,387267.0,387489.0,387690.0,387797.0,387951.0,388105.0,388286.0,388421.0,388550.0,388670.0,388790.0,388957.0,389126.0,389253.0,389398.0,389534.0,389644.0,389746.0,389866.0,389987.0,390103.0,390227.0,390347.0,390459.0,390578.0,390687.0,390833.0,390956.0,391096.0,391205.0,391312.0,391428.0,391658.0,391775
XRjISe8wxkU,52455.0,52506.0,52557.0,52609.0,52688.0,52822.0,53010.0,53149.0,53310.0,53427.0,53495.0,53588.0,53675.0,53760.0,53841.0,53929.0,53999.0,54089.0,54189.0,54321.0,54453.0,54583.0,54733.0,54869.0,54977.0,55124.0,55280.0,55422.0,55547.0,55677.0,55853.0,55928.0,56064.0,56202.0,56352.0,56466.0,56564.0,56654.0,56719.0,56810.0,56912.0,57006.0,57078.0,57149.0,57214.0,57263.0,57336.0,57421.0,57498.0,57563.0,57630.0,57701.0,57774.0,57835.0,57924.0,58009.0,58088.0,58155.0,58244.0,58295.0,58360.0,58442.0,58540.0,58618.0,58689.0,58743.0,58795.0,58858.0,58902.0,58950.0,59018.0,59063.0,59103.0,59141.0,59182.0,59232.0,59274.0,59331.0,59388.0,59435.0,59465.0,59511.0,59558.0,59610.0,59648.0,59697.0,59729.0,59762.0,59792.0,59829.0,59889.0,59917.0,59967.0,59987.0,59996.0,60017.0,60041.0,60073.0,60099.0,60134.0,60163.0,60190.0,60230.0,60261.0,60301.0,60330.0,60398.0,60438.0,60466.0,60514.0,60548.0,60599.0,60646.0,60706.0,60742.0,60782.0,60830.0,60859.0,60897.0,60931.0,60962.0,60994.0,61033.0,61053.0,61082.0,61106.0,61131.0,61170.0,61207.0,61236.0,61268.0,61304.0,61348.0,61381.0,,,,,,,,,61625.0,61650.0,61672.0,61700.0,61722.0,61753.0,61774.0,61795.0,61813.0,61842.0,61877.0,61903.0,61924.0,61959.0,61988.0,62015.0,62039.0,62060.0,62087.0,62107.0,62126.0,62138.0,62157.0,62169.0,62181.0,62196.0,62219.0,62238.0,62251.0,62264.0,62294.0,62314.0,62333.0,62348.0,62374.0,62393.0,62416.0,62432.0,62443.0,62458.0,62480.0,62504.0,62525.0,62546.0,62579.0,62611.0,62638.0,62674.0,62704.0,62721.0,62743.0,62766.0,62787.0,62806.0,62820.0,62840.0,62865.0,62879.0,62896.0,62923.0,62950.0,62968.0,62989.0,63012.0,63026.0,63059.0,63085.0,63119.0,63143.0,63164.0,63190.0,63206.0,63232.0,63255.0,63282.0,63314.0,63330.0,63354.0,63373.0,63402.0,63426.0,63455.0,63481.0,63509.0,63537.0,63554.0,63581.0,63601.0,63621.0,63642.0,63662.0,63684.0,63715.0,63744.0,63815.0,63868.0,63918.0,63954.0,63994.0,64014.0,64042.0,64089.0,64134.0,64176.0,64207.0,64226.0,64241.0,64265.0,64301.0,64322.0,64346.0,64371.0,64384.0,64405.0,64418.0,64443.0,64455.0,64472.0,64503.0,64517.0,64539.0,,64563.0,64582.0,64614.0,64637.0,64646.0,64663.0,64674.0,64696.0,64713.0,64732.0,64747.0,64757.0,64765.0,64776.0,64779.0,64793.0,64805.0,64834.0,64849.0,64858.0,64871.0,64886.0,64898.0,64911.0,64935.0,64951.0,64973.0,64991.0,65008.0,65023.0,65040.0,65053.0,65071.0,65082.0,65098.0,65119.0,65132.0,65151.0,65164.0,65183.0,65202.0,65212.0,65226.0,65241.0,65260.0,65273.0,65307.0,65337.0,65377.0,65416.0,65449.0,65485.0,65521.0,65543.0,65560.0,65584.0,65623.0,65650.0,65674.0,65708.0,65731.0,65757.0,65777.0,65799.0,65821.0,65851.0,65903.0,65947.0,65988.0,66041.0,66070.0,66097.0,66136.0,66186.0,66223.0,66264.0,66312.0,66342.0,66387.0,66417.0,66454.0,66490.0,66515.0,66529.0,66553.0,66570.0,66595.0,66620.0,66637.0,66658.0,66685.0,66700.0,66726.0,66752.0,66763.0,66784.0,66801.0,66825.0,66844.0,66859.0,66877.0,66896.0,66911.0,66935.0,66956.0,66983.0,67007.0,67036.0,67055.0,67072.0,67084.0,67104.0,67120.0,67139
OzJtQXy0p-s,141506.0,141575.0,141627.0,141689.0,141747.0,141805.0,141893.0,141966.0,142037.0,142084.0,142127.0,142197.0,142249.0,142306.0,142360.0,142411.0,142454.0,142500.0,142547.0,142621.0,142684.0,142791.0,142881.0,142933.0,142986.0,143026.0,143076.0,143125.0,143161.0,143199.0,143243.0,143286.0,143331.0,143390.0,143443.0,143493.0,143551.0,143613.0,143659.0,143713.0,143777.0,143817.0,143872.0,143918.0,143964.0,144002.0,144035.0,144073.0,144120.0,144168.0,144209.0,144245.0,144278.0,144305.0,144341.0,144393.0,144444.0,144492.0,144547.0,144607.0,144647.0,144718.0,144777.0,144840.0,144909.0,144965.0,145007.0,145057.0,145094.0,145164.0,145214.0,145246.0,145273.0,145306.0,145342.0,145388.0,145435.0,145493.0,145554.0,145618.0,145667.0,145718.0,145786.0,145874.0,145913.0,145981.0,146040.0,146085.0,146134.0,146178.0,146255.0,146318.0,146378.0,146427.0,146455.0,146491.0,146538.0,146581.0,146642.0,146683.0,146726.0,146770.0,146835.0,146893.0,146937.0,146997.0,147045.0,147101.0,147145.0,147206.0,147282.0,147354.0,147407.0,147477.0,147533.0,147571.0,147641.0,147696.0,147741.0,147797.0,147849.0,147900.0,147940.0,147987.0,148030.0,148077.0,148114.0,148170.0,148233.0,148270.0,148318.0,148357.0,148397.0,148455.0,,,,,,,,,148863.0,148909.0,148952.0,148991.0,149044.0,149104.0,149153.0,149194.0,149248.0,149312.0,149373.0,149444.0,149494.0,149552.0,149620.0,149676.0,149766.0,149880.0,149956.0,149999.0,150027.0,150054.0,150083.0,150109.0,150145.0,150179.0,150207.0,150241.0,150269.0,150294.0,150328.0,150362.0,150404.0,150434.0,150476.0,150501.0,150543.0,150578.0,150609.0,150646.0,150692.0,150736.0,150771.0,150803.0,150839.0,150869.0,150917.0,150960.0,150999.0,151033.0,151063.0,151092.0,151118.0,151157.0,151192.0,151229.0,151267.0,151281.0,151311.0,151343.0,151377.0,151395.0,151440.0,151488.0,151544.0,151588.0,151632.0,151675.0,151709.0,151765.0,151823.0,151849.0,151889.0,151932.0,151975.0,152012.0,152051.0,152084.0,152116.0,152152.0,152188.0,152233.0,152266.0,152306.0,152342.0,152388.0,152417.0,152455.0,152493.0,152538.0,152579.0,152600.0,152623.0,152651.0,152684.0,152715.0,152762.0,152811.0,152846.0,152884.0,152917.0,152959.0,153001.0,153038.0,153080.0,153115.0,153140.0,153181.0,153215.0,153269.0,153313.0,153353.0,153390.0,153421.0,153446.0,153489.0,153526.0,153570.0,153606.0,153638.0,153679.0,,153736.0,153775.0,153825.0,153868.0,153913.0,153955.0,153987.0,154028.0,154071.0,154130.0,154180.0,154226.0,154256.0,154316.0,154381.0,154431.0,154500.0,154546.0,154580.0,154601.0,154631.0,154667.0,154694.0,154718.0,154735.0,154761.0,154783.0,154811.0,154854.0,154882.0,154901.0,154939.0,154970.0,154995.0,155028.0,155065.0,155092.0,155115.0,155140.0,155177.0,155193.0,155230.0,155267.0,155317.0,155394.0,155423.0,155472.0,155532.0,155586.0,155656.0,155716.0,155776.0,155832.0,155879.0,155914.0,155961.0,156022.0,156052.0,156101.0,156139.0,156193.0,156226.0,156267.0,156315.0,156354.0,156391.0,156495.0,156565.0,156615.0,156676.0,156728.0,156797.0,156865.0,156946.0,157008.0,157070.0,157140.0,157209.0,157301.0,157364.0,157436.0,157496.0,157541.0,157589.0,157646.0,157696.0,157754.0,157814.0,157859.0,157893.0,157921.0,157962.0,158023.0,158060.0,158097.0,158127.0,158155.0,158194.0,158236.0,158273.0,158307.0,158354.0,158400.0,158438.0,158471.0,158509.0,158534.0,158581.0,158616.0,158644.0,158688.0,158719.0,158763.0,158792
tyR-omozIlE,11917.0,11918.0,11920.0,11921.0,11923.0,11924.0,11924.0,11925.0,11927.0,11927.0,11928.0,11930.0,11932.0,11932.0,11933.0,11939.0,11939.0,11941.0,11943.0,11944.0,11946.0,11948.0,11949.0,11950.0,11950.0,11952.0,11952.0,11952.0,11955.0,11956.0,11957.0,11958.0,11958.0,11957.0,11958.0,11958.0,11959.0,11959.0,11959.0,11959.0,11959.0,11959.0,11960.0,11962.0,11962.0,11964.0,11963.0,11963.0,11964.0,11964.0,11964.0,11965.0,11965.0,11966.0,11967.0,11967.0,11969.0,11969.0,11969.0,11970.0,11970.0,11973.0,11973.0,11975.0,11975.0,11976.0,11976.0,11977.0,11980.0,11983.0,11983.0,11987.0,11990.0,11990.0,11991.0,11991.0,11989.0,11991.0,11991.0,11991.0,11994.0,11995.0,11995.0,11996.0,11996.0,11996.0,11996.0,11996.0,11997.0,11997.0,12000.0,12000.0,12000.0,12002.0,12002.0,12003.0,12003.0,12004.0,12005.0,12006.0,12008.0,12008.0,12010.0,12011.0,12013.0,12013.0,12014.0,12014.0,12014.0,12016.0,12018.0,12018.0,12018.0,12019.0,12019.0,12024.0,12024.0,12025.0,12025.0,12027.0,12030.0,12030.0,12030.0,12030.0,12030.0,12032.0,12032.0,12032.0,12032.0,12032.0,12032.0,12032.0,12035.0,12036.0,,,,,,,,,12041.0,12053.0,12053.0,12053.0,12054.0,12055.0,12055.0,12056.0,12057.0,12060.0,12060.0,12061.0,12061.0,12062.0,12062.0,12063.0,12064.0,12065.0,12067.0,12068.0,12069.0,12069.0,12069.0,12069.0,12070.0,12070.0,12070.0,12070.0,12070.0,12070.0,12073.0,12074.0,12074.0,12075.0,12076.0,12076.0,12077.0,12077.0,12079.0,12083.0,12083.0,12087.0,12088.0,12088.0,12092.0,12093.0,12095.0,12096.0,12098.0,12099.0,12100.0,12102.0,12102.0,12103.0,12104.0,12105.0,12105.0,12105.0,12106.0,12108.0,12108.0,12108.0,12107.0,12107.0,12107.0,12109.0,12110.0,12110.0,12110.0,12110.0,12110.0,12110.0,12114.0,12114.0,12116.0,12116.0,12123.0,12126.0,12126.0,12126.0,12126.0,12127.0,12127.0,12127.0,12127.0,12128.0,12129.0,12132.0,12133.0,12133.0,12135.0,12137.0,12137.0,12137.0,12137.0,12137.0,12138.0,12139.0,12140.0,12140.0,12139.0,12140.0,12141.0,12142.0,12144.0,12144.0,12144.0,12144.0,12146.0,12148.0,12150.0,12150.0,12150.0,12151.0,12151.0,12152.0,12152.0,12152.0,12153.0,12155.0,12155.0,,12156.0,12157.0,12157.0,12158.0,12160.0,12160.0,12161.0,12161.0,12162.0,12162.0,12162.0,12163.0,12163.0,12163.0,12165.0,12168.0,12169.0,12169.0,12169.0,12169.0,12169.0,12169.0,12169.0,12169.0,12170.0,12174.0,12174.0,12175.0,12176.0,12177.0,12177.0,12177.0,12179.0,12179.0,12180.0,12182.0,12185.0,12186.0,12186.0,12186.0,12189.0,12191.0,12191.0,12192.0,12192.0,12194.0,12196.0,12198.0,12198.0,12200.0,12202.0,12203.0,12205.0,12206.0,12208.0,12210.0,12211.0,12213.0,12214.0,12214.0,12216.0,12218.0,12219.0,12220.0,12222.0,12223.0,12229.0,12233.0,12234.0,12236.0,12240.0,12242.0,12244.0,12246.0,12250.0,12252.0,12253.0,12255.0,12259.0,12261.0,12267.0,12269.0,12270.0,12273.0,12279.0,12280.0,12281.0,12284.0,12287.0,12289.0,12291.0,12292.0,12295.0,12300.0,12301.0,12302.0,12302.0,12303.0,12303.0,12303.0,12304.0,12304.0,12304.0,12305.0,12306.0,12306.0,12307.0,12308.0,12311.0,12314.0,12318.0,12318.0,12319.0,12319
5N3QqXBp_EA,369.0,370.0,370.0,370.0,370.0,371.0,371.0,371.0,374.0,374.0,374.0,375.0,375.0,375.0,375.0,375.0,375.0,375.0,375.0,376.0,377.0,377.0,377.0,377.0,377.0,379.0,379.0,381.0,381.0,383.0,383.0,383.0,383.0,383.0,383.0,383.0,384.0,384.0,384.0,385.0,386.0,386.0,386.0,386.0,386.0,387.0,387.0,387.0,387.0,388.0,389.0,389.0,389.0,389.0,390.0,391.0,392.0,392.0,392.0,392.0,392.0,392.0,394.0,396.0,397.0,397.0,399.0,401.0,401.0,402.0,403.0,405.0,406.0,406.0,406.0,406.0,407.0,407.0,407.0,407.0,407.0,408.0,408.0,409.0,410.0,410.0,410.0,410.0,412.0,413.0,414.0,414.0,417.0,417.0,417.0,417.0,418.0,418.0,418.0,418.0,418.0,418.0,418.0,418.0,419.0,420.0,420.0,420.0,421.0,421.0,421.0,421.0,422.0,422.0,423.0,423.0,423.0,423.0,424.0,424.0,424.0,424.0,424.0,424.0,424.0,424.0,424.0,424.0,424.0,425.0,425.0,425.0,425.0,425.0,,,,,,,,,426.0,427.0,427.0,427.0,429.0,429.0,429.0,429.0,430.0,430.0,431.0,431.0,432.0,433.0,433.0,434.0,434.0,434.0,434.0,434.0,434.0,434.0,434.0,434.0,434.0,436.0,438.0,439.0,439.0,439.0,441.0,441.0,441.0,441.0,441.0,442.0,442.0,444.0,448.0,448.0,448.0,449.0,449.0,450.0,450.0,453.0,456.0,456.0,457.0,457.0,457.0,457.0,459.0,459.0,459.0,459.0,459.0,459.0,459.0,462.0,462.0,462.0,462.0,465.0,466.0,466.0,469.0,469.0,469.0,470.0,471.0,471.0,472.0,473.0,473.0,473.0,473.0,475.0,475.0,476.0,476.0,476.0,476.0,476.0,477.0,479.0,479.0,479.0,479.0,480.0,480.0,482.0,484.0,484.0,484.0,485.0,485.0,485.0,485.0,485.0,487.0,487.0,487.0,487.0,488.0,488.0,495.0,497.0,497.0,497.0,498.0,498.0,498.0,499.0,499.0,501.0,502.0,502.0,506.0,507.0,508.0,,510.0,510.0,510.0,511.0,512.0,514.0,514.0,515.0,515.0,517.0,517.0,519.0,519.0,520.0,520.0,520.0,520.0,521.0,522.0,522.0,522.0,522.0,522.0,524.0,526.0,528.0,528.0,528.0,528.0,529.0,529.0,529.0,529.0,529.0,529.0,529.0,529.0,529.0,529.0,529.0,529.0,530.0,530.0,530.0,530.0,531.0,532.0,532.0,533.0,533.0,534.0,534.0,536.0,536.0,536.0,538.0,538.0,539.0,539.0,540.0,540.0,541.0,541.0,548.0,550.0,550.0,551.0,544.0,544.0,545.0,545.0,545.0,547.0,548.0,549.0,549.0,549.0,549.0,549.0,549.0,549.0,549.0,549.0,549.0,549.0,549.0,549.0,549.0,549.0,550.0,550.0,551.0,551.0,551.0,552.0,552.0,552.0,554.0,555.0,555.0,555.0,555.0,555.0,556.0,556.0,556.0,556.0,556.0,557.0,557.0,557.0,557.0,557.0,557
-uY67zJ2pmw,36.0,36.0,36.0,36.0,36.0,36.0,36.0,36.0,36.0,36.0,36.0,36.0,36.0,36.0,37.0,37.0,37.0,37.0,37.0,37.0,37.0,37.0,37.0,37.0,37.0,37.0,37.0,37.0,37.0,37.0,37.0,37.0,37.0,37.0,37.0,37.0,37.0,37.0,38.0,38.0,38.0,38.0,38.0,38.0,38.0,38.0,38.0,38.0,38.0,38.0,38.0,38.0,38.0,38.0,38.0,38.0,38.0,38.0,38.0,38.0,38.0,38.0,38.0,38.0,38.0,38.0,38.0,38.0,38.0,38.0,38.0,38.0,38.0,38.0,38.0,38.0,38.0,38.0,38.0,38.0,39.0,39.0,39.0,39.0,39.0,39.0,39.0,39.0,39.0,40.0,40.0,41.0,42.0,42.0,42.0,42.0,44.0,44.0,44.0,44.0,44.0,44.0,44.0,44.0,44.0,44.0,44.0,44.0,44.0,44.0,44.0,44.0,44.0,44.0,44.0,44.0,44.0,44.0,44.0,44.0,44.0,44.0,44.0,44.0,44.0,44.0,44.0,44.0,44.0,44.0,44.0,44.0,44.0,44.0,,,,,,,,,45.0,45.0,45.0,45.0,45.0,45.0,45.0,45.0,45.0,45.0,45.0,45.0,45.0,45.0,45.0,45.0,45.0,45.0,45.0,46.0,46.0,46.0,46.0,46.0,47.0,47.0,47.0,47.0,47.0,47.0,47.0,47.0,47.0,47.0,47.0,47.0,47.0,47.0,47.0,47.0,47.0,47.0,47.0,47.0,47.0,47.0,47.0,47.0,47.0,47.0,47.0,49.0,49.0,51.0,51.0,51.0,51.0,51.0,51.0,51.0,51.0,51.0,51.0,51.0,51.0,51.0,51.0,51.0,51.0,51.0,52.0,52.0,53.0,53.0,53.0,53.0,54.0,55.0,55.0,55.0,55.0,55.0,55.0,55.0,55.0,55.0,55.0,55.0,55.0,55.0,55.0,55.0,55.0,55.0,55.0,55.0,55.0,55.0,55.0,55.0,55.0,55.0,55.0,55.0,55.0,55.0,55.0,55.0,55.0,55.0,55.0,55.0,55.0,55.0,55.0,55.0,55.0,55.0,55.0,55.0,55.0,,55.0,55.0,55.0,55.0,55.0,55.0,55.0,55.0,55.0,55.0,55.0,55.0,55.0,55.0,55.0,55.0,55.0,55.0,55.0,55.0,55.0,55.0,55.0,55.0,55.0,55.0,55.0,55.0,55.0,55.0,55.0,55.0,55.0,55.0,55.0,55.0,55.0,55.0,55.0,55.0,55.0,55.0,55.0,55.0,55.0,55.0,55.0,55.0,55.0,55.0,55.0,55.0,55.0,55.0,55.0,55.0,55.0,55.0,55.0,55.0,55.0,55.0,55.0,55.0,55.0,55.0,55.0,55.0,55.0,55.0,55.0,55.0,55.0,55.0,55.0,55.0,55.0,55.0,55.0,55.0,55.0,55.0,55.0,55.0,55.0,55.0,55.0,55.0,55.0,55.0,55.0,55.0,55.0,55.0,55.0,55.0,56.0,56.0,57.0,57.0,57.0,57.0,57.0,57.0,57.0,57.0,57.0,57.0,57.0,57.0,57.0,57.0,57.0,57
1uiJiPsFwEY,,,,,,,,,,,,,,,,,,,,,,,,,,,,,,,,,,,,,,,,,,,,,,,,,,,,,,,,,,,,,,,,,,,,,,,,,,,,,,,,,,,,,,,,,,,,,,,,,,,,,,,,,,,,,,,,,,,,,,,,,,,,,,,,,,,,,,,,,,,,,,,,,,,,,,,,,,,,,,,,,,,,,,,,,,,,,,,,,,,,,,,,,,,,,,,,,,,,,,,,,,,,,,,,,,,,,,,,,,,,,,,,,,,,,,,,,,,,,,,,,,,,,,,,,,,,,,,,,,,,,,,,,,,,,,,,,,,,,,,,,,,,,,,,,,,,,,,,,,,,,,,,,,,,,,,,,,,,,,,,,,,,,,,,,,,,,,,,,,,,,,,,,,,,,,,,,,,,,,,,,,,,,,,,,,,,,,,,,,
gAkpj9lf8tY,165172.0,165176.0,165180.0,165185.0,165189.0,165191.0,165193.0,165197.0,165198.0,165200.0,165206.0,165210.0,165213.0,165219.0,165221.0,165224.0,165225.0,165228.0,165230.0,165236.0,165241.0,165242.0,165247.0,165247.0,165252.0,165253.0,165257.0,165262.0,165266.0,165273.0,165277.0,165283.0,165287.0,165292.0,165298.0,165301.0,165304.0,165312.0,165317.0,165321.0,165325.0,165328.0,165328.0,165335.0,165342.0,165349.0,165357.0,165359.0,165361.0,165364.0,165372.0,165375.0,165380.0,165385.0,165388.0,165396.0,165398.0,165402.0,165409.0,165416.0,165419.0,165426.0,165431.0,165436.0,165442.0,165450.0,165454.0,165457.0,165460.0,165467.0,165473.0,165482.0,165491.0,165495.0,165501.0,165506.0,165512.0,165518.0,165522.0,165525.0,165528.0,165534.0,165539.0,165548.0,165552.0,165557.0,165560.0,165562.0,165567.0,165571.0,165576.0,165579.0,165583.0,165594.0,165600.0,165605.0,165614.0,165617.0,165621.0,165626.0,165629.0,165634.0,165638.0,165639.0,165644.0,165650.0,165655.0,165659.0,165660.0,165662.0,165670.0,165674.0,165676.0,165680.0,165682.0,165683.0,165684.0,165687.0,165689.0,165690.0,165693.0,165699.0,165703.0,165707.0,165710.0,165713.0,165716.0,165717.0,165721.0,165729.0,165733.0,165736.0,165739.0,165744.0,,,,,,,,,165776.0,165783.0,165785.0,165794.0,165798.0,165800.0,165804.0,165806.0,165809.0,165812.0,165815.0,165817.0,165819.0,165820.0,165825.0,165827.0,165836.0,165839.0,165839.0,165843.0,165846.0,165850.0,165852.0,165854.0,165859.0,165865.0,165869.0,165874.0,165878.0,165885.0,165896.0,165901.0,165902.0,165905.0,165909.0,165913.0,165921.0,165927.0,165931.0,165933.0,165936.0,165943.0,165944.0,165945.0,165946.0,165949.0,165953.0,165959.0,165962.0,165964.0,165967.0,165968.0,165972.0,165974.0,165977.0,165981.0,165983.0,165988.0,165991.0,165992.0,165995.0,165999.0,166002.0,166008.0,166009.0,166012.0,166013.0,166018.0,166021.0,166023.0,166023.0,166026.0,166030.0,166031.0,166033.0,166037.0,166040.0,166044.0,166047.0,166052.0,166053.0,166054.0,166055.0,166058.0,166061.0,166061.0,166062.0,166064.0,166069.0,166071.0,166072.0,166075.0,166078.0,166080.0,166085.0,166095.0,166097.0,166099.0,166100.0,166101.0,166104.0,166114.0,166116.0,166118.0,166120.0,166122.0,166126.0,166128.0,166135.0,166137.0,166144.0,166149.0,166152.0,166154.0,166157.0,166157.0,166160.0,166161.0,166162.0,166162.0,166162.0,,166166.0,166167.0,166168.0,166171.0,166176.0,166179.0,166183.0,166186.0,166190.0,166195.0,166196.0,166197.0,166200.0,166212.0,166215.0,166220.0,166223.0,166226.0,166228.0,166228.0,166231.0,166232.0,166233.0,166234.0,166235.0,166239.0,166242.0,166249.0,166250.0,166258.0,166266.0,166275.0,166281.0,166284.0,166287.0,166290.0,166295.0,166297.0,166299.0,166300.0,166302.0,166305.0,166307.0,166310.0,166315.0,166319.0,166320.0,166324.0,166333.0,166338.0,166341.0,166344.0,166348.0,166350.0,166351.0,166356.0,166360.0,166366.0,166370.0,166376.0,166378.0,166382.0,166389.0,166402.0,166407.0,166410.0,166412.0,166417.0,166420.0,166429.0,166429.0,166433.0,166435.0,166438.0,166439.0,166443.0,166449.0,166452.0,166454.0,166457.0,166460.0,166463.0,166464.0,166471.0,166475.0,166480.0,166484.0,166486.0,166489.0,166494.0,166497.0,166499.0,166502.0,166508.0,166517.0,166522.0,166529.0,166532.0,166536.0,166539.0,166544.0,166549.0,166555.0,166557.0,166566.0,166571.0,166576.0,166577.0,166582.0,166586.0,166586.0,166587.0,166588.0,166589
-639LmnWsf0,2187.0,2188.0,2188.0,2188.0,2189.0,2189.0,2191.0,2191.0,2192.0,2192.0,2193.0,2195.0,2195.0,2196.0,2196.0,2196.0,2196.0,2197.0,2197.0,2199.0,2200.0,2200.0,2200.0,2200.0,2201.0,2201.0,2203.0,2203.0,2204.0,2204.0,2205.0,2205.0,2206.0,2206.0,2208.0,2208.0,2211.0,2211.0,2211.0,2212.0,2212.0,2213.0,2216.0,2216.0,2216.0,2217.0,2217.0,2217.0,2217.0,2218.0,2218.0,2218.0,2222.0,2222.0,2222.0,2222.0,2219.0,2220.0,2220.0,2220.0,2221.0,2221.0,2221.0,2221.0,2221.0,2225.0,2226.0,2227.0,2227.0,2228.0,2228.0,2229.0,2231.0,2232.0,2235.0,2235.0,2235.0,2235.0,2235.0,2236.0,2236.0,2236.0,2236.0,2236.0,2237.0,2239.0,2239.0,2239.0,2239.0,2239.0,2240.0,2240.0,2241.0,2243.0,2246.0,2248.0,2249.0,2251.0,2252.0,2252.0,2253.0,2253.0,2254.0,2254.0,2255.0,2256.0,2256.0,2256.0,2256.0,2256.0,2256.0,2256.0,2258.0,2261.0,2261.0,2261.0,2262.0,2264.0,2264.0,2268.0,2269.0,2269.0,2270.0,2272.0,2272.0,2274.0,2274.0,2274.0,2274.0,2275.0,2276.0,2276.0,2277.0,2278.0,,,,,,,,,2283.0,2283.0,2283.0,2283.0,2283.0,2283.0,2283.0,2284.0,2284.0,2284.0,2285.0,2285.0,2285.0,2285.0,2286.0,2288.0,2289.0,2290.0,2290.0,2290.0,2290.0,2290.0,2291.0,2293.0,2293.0,2293.0,2294.0,2294.0,2294.0,2294.0,2294.0,2296.0,2299.0,2299.0,2300.0,2301.0,2302.0,2302.0,2303.0,2303.0,2303.0,2305.0,2305.0,2305.0,2306.0,2306.0,2308.0,2308.0,2308.0,2308.0,2309.0,2309.0,2309.0,2309.0,2309.0,2309.0,2309.0,2309.0,2309.0,2309.0,2309.0,2309.0,2311.0,2311.0,2312.0,2313.0,2318.0,2318.0,2319.0,2320.0,2321.0,2321.0,2321.0,2322.0,2322.0,2323.0,2324.0,2324.0,2324.0,2324.0,2325.0,2325.0,2326.0,2327.0,2327.0,2327.0,2327.0,2327.0,2327.0,2329.0,2330.0,2330.0,2331.0,2332.0,2332.0,2332.0,2333.0,2333.0,2334.0,2334.0,2334.0,2334.0,2334.0,2335.0,2335.0,2335.0,2340.0,2340.0,2340.0,2341.0,2343.0,2346.0,2350.0,2350.0,2350.0,2351.0,2351.0,2351.0,2351.0,2352.0,2352.0,,2354.0,2354.0,2354.0,2355.0,2357.0,2357.0,2357.0,2359.0,2361.0,2362.0,2363.0,2363.0,2363.0,2365.0,2365.0,2366.0,2367.0,2367.0,2367.0,2367.0,2368.0,2368.0,2369.0,2370.0,2371.0,2371.0,2371.0,2374.0,2374.0,2374.0,2374.0,2375.0,2377.0,2377.0,2378.0,2379.0,2379.0,2380.0,2381.0,2381.0,2381.0,2381.0,2381.0,2383.0,2383.0,2383.0,2384.0,2384.0,2390.0,2394.0,2396.0,2396.0,2397.0,2399.0,2399.0,2401.0,2402.0,2403.0,2405.0,2405.0,2405.0,2407.0,2416.0,2423.0,2423.0,2428.0,2433.0,2436.0,2436.0,2437.0,2438.0,2439.0,2442.0,2444.0,2444.0,2445.0,2450.0,2451.0,2453.0,2454.0,2456.0,2456.0,2459.0,2460.0,2465.0,2465.0,2468.0,2468.0,2469.0,2469.0,2469.0,2469.0,2469.0,2469.0,2469.0,2470.0,2470.0,2470.0,2470.0,2470.0,2470.0,2470.0,2470.0,2470.0,2470.0,2470.0,2470.0,2470.0,2470.0,2470.0,2470.0,2470.0,2470.0,2470
2GIRHyIUIWg,6576.0,6577.0,6580.0,6582.0,6588.0,6590.0,6591.0,6593.0,6594.0,6597.0,6600.0,6604.0,6611.0,6611.0,6611.0,6613.0,6618.0,6619.0,6619.0,6622.0,6624.0,6625.0,6628.0,6628.0,6630.0,6633.0,6638.0,6640.0,6642.0,6645.0,6647.0,6649.0,6651.0,6652.0,6653.0,6657.0,6658.0,6659.0,6659.0,6661.0,6664.0,6666.0,6668.0,6674.0,6676.0,6680.0,6685.0,6687.0,6689.0,6692.0,6696.0,6698.0,6698.0,6698.0,6699.0,6700.0,6703.0,6704.0,6704.0,6704.0,6706.0,6707.0,6708.0,6708.0,6709.0,6710.0,6710.0,6711.0,6714.0,6715.0,6719.0,6722.0,6725.0,6726.0,6726.0,6727.0,6728.0,6728.0,6731.0,6734.0,6736.0,6737.0,6741.0,6744.0,6746.0,6748.0,6750.0,6752.0,6753.0,6755.0,6756.0,6756.0,6757.0,6761.0,6763.0,6763.0,6763.0,6766.0,6767.0,6767.0,6767.0,6771.0,6772.0,6775.0,6776.0,6777.0,6780.0,6784.0,6787.0,6791.0,6793.0,6796.0,6797.0,6800.0,6803.0,6805.0,6808.0,6808.0,6809.0,6810.0,6814.0,6816.0,6818.0,6819.0,6822.0,6822.0,6824.0,6827.0,6831.0,6832.0,6837.0,6838.0,6840.0,6841.0,,,,,,,,,6867.0,6872.0,6873.0,6874.0,6876.0,6877.0,6878.0,6880.0,6881.0,6882.0,6885.0,6885.0,6886.0,6886.0,6888.0,6890.0,6890.0,6890.0,6891.0,6894.0,6894.0,6896.0,6897.0,6898.0,6899.0,6902.0,6906.0,6908.0,6910.0,6912.0,6914.0,6915.0,6915.0,6917.0,6918.0,6920.0,6923.0,6925.0,6931.0,6935.0,6936.0,6937.0,6937.0,6939.0,6941.0,6941.0,6941.0,6943.0,6945.0,6949.0,6949.0,6950.0,6952.0,6953.0,6953.0,6953.0,6953.0,6957.0,6964.0,6964.0,6966.0,6968.0,6969.0,6972.0,6973.0,6973.0,6977.0,6977.0,6980.0,6980.0,6981.0,6984.0,6988.0,6991.0,6993.0,6996.0,6998.0,7003.0,7005.0,7011.0,7014.0,7018.0,7023.0,7029.0,7035.0,7037.0,7039.0,7040.0,7044.0,7051.0,7055.0,7057.0,7059.0,7065.0,7070.0,7073.0,7077.0,7078.0,7084.0,7087.0,7089.0,7092.0,7094.0,7096.0,7099.0,7100.0,7102.0,7105.0,7107.0,7110.0,7112.0,7117.0,7121.0,7122.0,7124.0,7126.0,7127.0,7127.0,7129.0,7132.0,7133.0,,7138.0,7139.0,7143.0,7149.0,7151.0,7152.0,7155.0,7155.0,7158.0,7158.0,7159.0,7160.0,7161.0,7163.0,7166.0,7167.0,7170.0,7176.0,7179.0,7180.0,7184.0,7185.0,7187.0,7189.0,7191.0,7197.0,7198.0,7199.0,7203.0,7207.0,7209.0,7212.0,7216.0,7218.0,7219.0,7223.0,7226.0,7227.0,7229.0,7231.0,7235.0,7239.0,7243.0,7245.0,7247.0,7250.0,7250.0,7250.0,7253.0,7256.0,7256.0,7259.0,7260.0,7260.0,7260.0,7261.0,7265.0,7269.0,7278.0,7280.0,7280.0,7283.0,7283.0,7285.0,7293.0,7295.0,7295.0,7298.0,7300.0,7304.0,7311.0,7312.0,7312.0,7316.0,7316.0,7317.0,7319.0,7322.0,7325.0,7328.0,7330.0,7331.0,7334.0,7342.0,7343.0,7346.0,7346.0,7347.0,7349.0,7351.0,7357.0,7359.0,7359.0,7361.0,7367.0,7371.0,7375.0,7376.0,7379.0,7381.0,7386.0,7388.0,7390.0,7392.0,7396.0,7397.0,7401.0,7405.0,7406.0,7408.0,7409.0,7413.0,7419.0,7419
nzi2e9mGYcE,9473.0,9480.0,9481.0,9484.0,9487.0,9490.0,9491.0,9496.0,9499.0,9499.0,9503.0,9507.0,9510.0,9511.0,9517.0,9518.0,9522.0,9529.0,9530.0,9536.0,9539.0,9541.0,9543.0,9547.0,9550.0,9553.0,9555.0,9557.0,9559.0,9563.0,9564.0,9566.0,9566.0,9567.0,9572.0,9572.0,9575.0,9578.0,9586.0,9589.0,9590.0,9592.0,9595.0,9598.0,9599.0,9599.0,9601.0,9606.0,9607.0,9609.0,9613.0,9615.0,9620.0,9621.0,9624.0,9626.0,9628.0,9629.0,9632.0,9637.0,9641.0,9649.0,9652.0,9653.0,9657.0,9664.0,9665.0,9667.0,9668.0,9671.0,9673.0,9676.0,9676.0,9677.0,9682.0,9688.0,9692.0,9699.0,9705.0,9709.0,9712.0,9715.0,9717.0,9722.0,9724.0,9727.0,9732.0,9732.0,9733.0,9733.0,9736.0,9738.0,9751.0,9758.0,9761.0,9762.0,9763.0,9765.0,9766.0,9767.0,9770.0,9771.0,9774.0,9777.0,9779.0,9781.0,9782.0,9784.0,9787.0,9790.0,9791.0,9791.0,9793.0,9793.0,9798.0,9801.0,9803.0,9827.0,9832.0,9833.0,9835.0,9836.0,9839.0,9842.0,9843.0,9846.0,9847.0,9853.0,9856.0,9857.0,9857.0,9860.0,9862.0,9866.0,,,,,,,,,9882.0,9882.0,9887.0,9893.0,9893.0,9897.0,9898.0,9899.0,9903.0,9903.0,9907.0,9911.0,9912.0,9919.0,9920.0,9922.0,9924.0,9926.0,9926.0,9929.0,9929.0,9931.0,9934.0,9936.0,9941.0,9943.0,9948.0,9949.0,9952.0,9954.0,9957.0,9960.0,9965.0,9967.0,9970.0,9973.0,9977.0,9978.0,9982.0,9982.0,9982.0,9985.0,9988.0,9990.0,9991.0,9994.0,9998.0,10000.0,10003.0,10004.0,10008.0,10009.0,10011.0,10012.0,10014.0,10014.0,10019.0,10019.0,10025.0,10033.0,10033.0,10034.0,10036.0,10037.0,10039.0,10039.0,10042.0,10043.0,10043.0,10045.0,10047.0,10048.0,10049.0,10051.0,10053.0,10056.0,10059.0,10060.0,10062.0,10067.0,10069.0,10073.0,10077.0,10080.0,10081.0,10082.0,10082.0,10084.0,10087.0,10091.0,10093.0,10093.0,10096.0,10098.0,10100.0,10102.0,10105.0,10108.0,10110.0,10112.0,10113.0,10114.0,10117.0,10119.0,10121.0,10126.0,10131.0,10134.0,10136.0,10141.0,10147.0,10152.0,10153.0,10158.0,10162.0,10165.0,10165.0,10167.0,10172.0,10173.0,10177.0,,10183.0,10186.0,10189.0,10194.0,10196.0,10196.0,10202.0,10208.0,10209.0,10212.0,10216.0,10223.0,10227.0,10236.0,10242.0,10245.0,10254.0,10259.0,10260.0,10262.0,10264.0,10266.0,10266.0,10266.0,10267.0,10268.0,10270.0,10273.0,10277.0,10278.0,10279.0,10281.0,10282.0,10286.0,10287.0,10288.0,10292.0,10294.0,10297.0,10300.0,10302.0,10303.0,10305.0,10307.0,10312.0,10317.0,10318.0,10321.0,10325.0,10331.0,10337.0,10341.0,10343.0,10344.0,10348.0,10350.0,10353.0,10355.0,10358.0,10361.0,10365.0,10371.0,10374.0,10389.0,10404.0,10413.0,10419.0,10422.0,10424.0,10438.0,10442.0,10450.0,10453.0,10458.0,10462.0,10465.0,10468.0,10470.0,10477.0,10481.0,10483.0,10491.0,10494.0,10498.0,10503.0,10506.0,10508.0,10513.0,10517.0,10518.0,10519.0,10523.0,10526.0,10533.0,10536.0,10542.0,10548.0,10550.0,10550.0,10553.0,10558.0,10562.0,10571.0,10573.0,10574.0,10577.0,10580.0,10582.0,10583.0,10589.0,10592.0,10598.0,10600.0,10603
AjICoR8iy4M,913.0,914.0,915.0,916.0,916.0,916.0,916.0,916.0,917.0,917.0,917.0,917.0,918.0,917.0,917.0,917.0,918.0,918.0,918.0,918.0,918.0,918.0,919.0,919.0,919.0,919.0,921.0,921.0,921.0,921.0,922.0,922.0,922.0,923.0,926.0,927.0,927.0,927.0,927.0,928.0,928.0,929.0,929.0,929.0,929.0,929.0,930.0,930.0,932.0,933.0,934.0,934.0,936.0,938.0,938.0,938.0,937.0,938.0,940.0,940.0,941.0,943.0,944.0,944.0,944.0,947.0,947.0,947.0,947.0,949.0,949.0,950.0,950.0,952.0,954.0,957.0,959.0,960.0,960.0,962.0,962.0,962.0,962.0,963.0,963.0,963.0,965.0,965.0,966.0,966.0,966.0,967.0,967.0,968.0,969.0,969.0,970.0,970.0,972.0,973.0,974.0,974.0,974.0,974.0,974.0,974.0,974.0,976.0,976.0,976.0,977.0,978.0,978.0,978.0,979.0,980.0,980.0,982.0,983.0,983.0,983.0,983.0,983.0,985.0,985.0,986.0,986.0,986.0,986.0,987.0,988.0,988.0,988.0,989.0,,,,,,,,,991.0,991.0,992.0,992.0,994.0,995.0,996.0,997.0,998.0,998.0,999.0,1001.0,1002.0,1003.0,1004.0,1004.0,1004.0,1004.0,1004.0,1004.0,1004.0,1004.0,1004.0,1005.0,1005.0,1005.0,1005.0,1005.0,1005.0,1005.0,1005.0,1005.0,1007.0,1007.0,1008.0,1008.0,1011.0,1012.0,1012.0,1012.0,1013.0,1012.0,1013.0,1013.0,1013.0,1015.0,1015.0,1016.0,1016.0,1016.0,1019.0,1019.0,1020.0,1020.0,1020.0,1020.0,1020.0,1020.0,1020.0,1020.0,1021.0,1022.0,1025.0,1025.0,1026.0,1026.0,1029.0,1029.0,1029.0,1030.0,1030.0,1030.0,1031.0,1033.0,1034.0,1034.0,1036.0,1037.0,1038.0,1040.0,1040.0,1040.0,1042.0,1042.0,1042.0,1042.0,1042.0,1042.0,1043.0,1046.0,1047.0,1047.0,1047.0,1049.0,1049.0,1051.0,1051.0,1052.0,1052.0,1053.0,1054.0,1055.0,1055.0,1056.0,1057.0,1057.0,1059.0,1060.0,1060.0,1061.0,1062.0,1063.0,1064.0,1064.0,1064.0,1065.0,1067.0,1068.0,1068.0,1068.0,1068.0,,1072.0,1072.0,1072.0,1075.0,1076.0,1076.0,1077.0,1077.0,1077.0,1078.0,1081.0,1081.0,1081.0,1081.0,1081.0,1081.0,1084.0,1084.0,1085.0,1085.0,1086.0,1086.0,1087.0,1088.0,1089.0,1090.0,1092.0,1092.0,1092.0,1093.0,1093.0,1094.0,1095.0,1097.0,1097.0,1097.0,1098.0,1098.0,1098.0,1098.0,1098.0,1100.0,1100.0,1101.0,1101.0,1101.0,1102.0,1102.0,1103.0,1104.0,1104.0,1106.0,1108.0,1108.0,1108.0,1108.0,1108.0,1109.0,1111.0,1111.0,1113.0,1114.0,1116.0,1118.0,1119.0,1119.0,1119.0,1120.0,1121.0,1121.0,1122.0,1123.0,1125.0,1125.0,1126.0,1128.0,1128.0,1129.0,1131.0,1132.0,1132.0,1132.0,1132.0,1132.0,1137.0,1136.0,1137.0,1139.0,1139.0,1139.0,1139.0,1139.0,1139.0,1139.0,1139.0,1140.0,1140.0,1141.0,1141.0,1141.0,1143.0,1143.0,1143.0,1143.0,1144.0,1144.0,1145.0,1145.0,1146.0,1146.0,1147.0,1147.0,1148.0,1148
p6XiZDBVdnc,57415.0,57424.0,57443.0,57462.0,57470.0,57486.0,57496.0,57512.0,57526.0,57541.0,57576.0,57602.0,57630.0,57654.0,57669.0,57691.0,57698.0,57718.0,57735.0,57756.0,57769.0,57778.0,57793.0,57805.0,57818.0,57835.0,57845.0,57865.0,57876.0,57888.0,57905.0,57919.0,57926.0,57937.0,57953.0,57963.0,57972.0,57990.0,58010.0,58019.0,58036.0,58059.0,58072.0,58092.0,58110.0,58134.0,58156.0,58170.0,58187.0,58195.0,58209.0,58221.0,58236.0,58250.0,58261.0,58275.0,58292.0,58305.0,58313.0,58334.0,58348.0,58370.0,58388.0,58398.0,58411.0,58429.0,58447.0,58456.0,58466.0,58481.0,58488.0,58505.0,58523.0,58533.0,58542.0,58560.0,58571.0,58586.0,58598.0,58617.0,58638.0,58648.0,58668.0,58683.0,58699.0,58716.0,58734.0,58743.0,58757.0,58763.0,58783.0,58794.0,58806.0,58824.0,58834.0,58849.0,58869.0,58884.0,58895.0,58912.0,58937.0,58947.0,58961.0,58978.0,58995.0,59006.0,59031.0,59056.0,59080.0,59097.0,59106.0,59134.0,59149.0,59169.0,59193.0,59208.0,59222.0,59233.0,59244.0,59264.0,59278.0,59292.0,59310.0,59320.0,59327.0,59342.0,59345.0,59352.0,59358.0,59366.0,59370.0,59375.0,59384.0,59392.0,,,,,,,,,59500.0,59511.0,59526.0,59556.0,59588.0,59647.0,59680.0,59726.0,59752.0,59770.0,59791.0,59804.0,59817.0,59839.0,59850.0,59871.0,59879.0,59889.0,59895.0,59906.0,59912.0,59922.0,59933.0,59944.0,59957.0,59964.0,59975.0,59983.0,59988.0,59995.0,60005.0,60015.0,60030.0,60051.0,60066.0,60075.0,60082.0,60091.0,60104.0,60112.0,60119.0,60129.0,60140.0,60144.0,60153.0,60167.0,60182.0,60203.0,60209.0,60220.0,60232.0,60238.0,60244.0,60252.0,60269.0,60280.0,60287.0,60289.0,60302.0,60314.0,60322.0,60337.0,60349.0,60358.0,60373.0,60380.0,60391.0,60406.0,60414.0,60424.0,60436.0,60447.0,60457.0,60467.0,60479.0,60490.0,60499.0,60508.0,60521.0,60531.0,60543.0,60545.0,60553.0,60562.0,60571.0,60578.0,60594.0,60600.0,60612.0,60619.0,60625.0,60639.0,60649.0,60655.0,60660.0,60671.0,60684.0,60692.0,60707.0,60718.0,60723.0,60738.0,60754.0,60762.0,60769.0,60780.0,60793.0,60797.0,60805.0,60823.0,60831.0,60842.0,60856.0,60875.0,60886.0,60910.0,60919.0,60936.0,60945.0,60962.0,60984.0,,61018.0,61025.0,61048.0,61072.0,61107.0,61117.0,61142.0,61171.0,61193.0,61214.0,61234.0,61241.0,61268.0,61287.0,61302.0,61321.0,61335.0,61366.0,61388.0,61402.0,61414.0,61423.0,61434.0,61446.0,61456.0,61471.0,61483.0,61492.0,61505.0,61516.0,61530.0,61539.0,61547.0,61560.0,61574.0,61584.0,61592.0,61603.0,61617.0,61625.0,61638.0,61647.0,61666.0,61672.0,61685.0,61702.0,61715.0,61726.0,61741.0,61757.0,61786.0,61803.0,61818.0,61825.0,61847.0,61866.0,61879.0,61888.0,61897.0,61906.0,61914.0,61923.0,61937.0,61955.0,61966.0,61982.0,62012.0,62028.0,62036.0,62041.0,62055.0,62062.0,62073.0,62094.0,62121.0,62136.0,62152.0,62166.0,62187.0,62199.0,62208.0,62219.0,62232.0,62250.0,62256.0,62270.0,62279.0,62291.0,62302.0,62319.0,62327.0,62335.0,62351.0,62366.0,62378.0,62396.0,62419.0,62429.0,62439.0,62451.0,62457.0,62466.0,62477.0,62485.0,62502.0,62511.0,62519.0,62530.0,62537.0,62546.0,62552.0,62560.0,62561.0,62569
cLry6FSantk,23303.0,23314.0,23329.0,23342.0,23351.0,23366.0,23378.0,23391.0,23419.0,23429.0,23442.0,23456.0,23475.0,23484.0,23491.0,23507.0,23512.0,23536.0,23553.0,23568.0,23578.0,23591.0,23601.0,23615.0,23627.0,23645.0,23659.0,23686.0,23712.0,23734.0,23739.0,23755.0,23774.0,23796.0,23813.0,23833.0,23848.0,23853.0,23859.0,23875.0,23890.0,23897.0,23914.0,23928.0,23939.0,23949.0,23962.0,23977.0,23991.0,24011.0,24026.0,24043.0,24055.0,24067.0,24077.0,24089.0,24102.0,24120.0,24131.0,24149.0,24161.0,24174.0,24190.0,24206.0,24221.0,24243.0,24251.0,24274.0,24285.0,24304.0,24315.0,24324.0,24328.0,24346.0,24361.0,24383.0,24422.0,24443.0,24464.0,24487.0,24510.0,24527.0,24549.0,24569.0,24606.0,24630.0,24655.0,24682.0,24705.0,24725.0,24744.0,24769.0,24791.0,24811.0,24833.0,24853.0,24926.0,24943.0,24960.0,24975.0,24993.0,25004.0,25016.0,25031.0,25051.0,25064.0,25072.0,25097.0,25113.0,25132.0,25152.0,25168.0,25186.0,25203.0,25214.0,25224.0,25233.0,25245.0,25260.0,25275.0,25301.0,25314.0,25321.0,25335.0,25344.0,25353.0,25364.0,25379.0,25389.0,25404.0,25414.0,25421.0,25434.0,25444.0,,,,,,,,,25526.0,25540.0,25545.0,25555.0,25575.0,25586.0,25597.0,25608.0,25616.0,25631.0,25639.0,25653.0,25661.0,25672.0,25679.0,25696.0,25705.0,25723.0,25733.0,25741.0,25748.0,25755.0,25761.0,25768.0,25774.0,25783.0,25787.0,25790.0,25793.0,25798.0,25807.0,25811.0,25817.0,25827.0,25836.0,25844.0,25850.0,25862.0,25871.0,25884.0,25895.0,25904.0,25913.0,25918.0,25931.0,25944.0,25951.0,25957.0,25970.0,25976.0,25985.0,25992.0,26001.0,26007.0,26011.0,26022.0,26032.0,26042.0,26045.0,26049.0,26051.0,26059.0,26066.0,26074.0,26078.0,26087.0,26094.0,26096.0,26099.0,26109.0,26119.0,26128.0,26135.0,26147.0,26158.0,26167.0,26175.0,26186.0,26197.0,26209.0,26222.0,26229.0,26238.0,26253.0,26258.0,26263.0,26272.0,26275.0,26289.0,26306.0,26335.0,26603.0,26863.0,27107.0,27416.0,27737.0,28056.0,28377.0,28692.0,28990.0,29272.0,29588.0,29891.0,30136.0,30416.0,30673.0,30900.0,31096.0,31288.0,31486.0,31692.0,31860.0,32048.0,32197.0,32299.0,32452.0,32576.0,32731.0,32876.0,33011.0,33110.0,,33326.0,33442.0,33562.0,33664.0,33737.0,33801.0,33864.0,33946.0,34017.0,34118.0,34193.0,34278.0,34329.0,34390.0,34449.0,34508.0,34562.0,34628.0,34684.0,34727.0,34776.0,34847.0,34890.0,34958.0,35012.0,35067.0,35119.0,35154.0,35198.0,35249.0,35280.0,35326.0,35369.0,35422.0,35469.0,35505.0,35547.0,35582.0,35620.0,35660.0,35691.0,35740.0,35799.0,35857.0,35895.0,35945.0,36003.0,36057.0,36158.0,36273.0,36377.0,36468.0,36574.0,36651.0,36737.0,36802.0,36887.0,36943.0,37012.0,37076.0,37149.0,37195.0,37248.0,37289.0,37332.0,37394.0,37475.0,37539.0,37592.0,37672.0,37749.0,37850.0,37934.0,38019.0,38123.0,38200.0,38265.0,38330.0,38384.0,38428.0,38499.0,38537.0,38589.0,38624.0,38657.0,38694.0,38725.0,38771.0,38830.0,38864.0,38895.0,38921.0,38961.0,38980.0,38993.0,39039.0,39080.0,39135.0,39179.0,39229.0,39272.0,39302.0,39313.0,39331.0,39361.0,39378.0,39398.0,39407.0,39424.0,39443.0,39453.0,39462.0,39479.0,39496
KP7WOBVm5AY,26189.0,26197.0,26209.0,26214.0,26219.0,26227.0,26232.0,26240.0,26252.0,26263.0,26271.0,26280.0,26288.0,26299.0,26309.0,26318.0,26322.0,26334.0,26349.0,26363.0,26382.0,26400.0,26406.0,26416.0,26426.0,26442.0,26455.0,26460.0,26467.0,26473.0,26475.0,26483.0,26498.0,26511.0,26520.0,26535.0,26544.0,26550.0,26561.0,26572.0,26583.0,26603.0,26627.0,26647.0,26654.0,26665.0,26676.0,26689.0,26708.0,26717.0,26722.0,26731.0,26740.0,26748.0,26757.0,26768.0,26775.0,26787.0,26796.0,26801.0,26813.0,26819.0,26842.0,26861.0,26874.0,26885.0,26890.0,26897.0,26912.0,26921.0,26934.0,26945.0,26955.0,26961.0,26965.0,26970.0,26984.0,26991.0,27000.0,27009.0,27022.0,27034.0,27044.0,27058.0,27073.0,27089.0,27102.0,27108.0,27122.0,27138.0,27155.0,27167.0,27180.0,27195.0,27226.0,27240.0,27253.0,27269.0,27287.0,27305.0,27324.0,27335.0,27353.0,27363.0,27379.0,27390.0,27408.0,27424.0,27434.0,27450.0,27463.0,27483.0,27499.0,27512.0,27525.0,27536.0,27555.0,27571.0,27595.0,27609.0,27621.0,27629.0,27637.0,27647.0,27655.0,27659.0,27670.0,27686.0,27693.0,27703.0,27719.0,27733.0,27748.0,27763.0,,,,,,,,,27897.0,27915.0,27944.0,27989.0,28043.0,28082.0,28101.0,28114.0,28129.0,28146.0,28173.0,28215.0,28303.0,28420.0,28494.0,28616.0,28798.0,29015.0,29223.0,29473.0,29778.0,29972.0,30013.0,30046.0,30059.0,30079.0,30098.0,30118.0,30135.0,30149.0,30167.0,30181.0,30188.0,30205.0,30211.0,30232.0,30245.0,30257.0,30263.0,30274.0,30290.0,30300.0,30313.0,30323.0,30335.0,30342.0,30355.0,30365.0,30371.0,30375.0,30392.0,30398.0,30405.0,30413.0,30420.0,30429.0,30439.0,30448.0,30455.0,30463.0,30468.0,30478.0,30485.0,30496.0,30505.0,30527.0,30536.0,30544.0,30551.0,30560.0,30575.0,30584.0,30597.0,30612.0,30628.0,30637.0,30645.0,30652.0,30660.0,30677.0,30692.0,30703.0,30716.0,30726.0,30740.0,30746.0,30754.0,30766.0,30872.0,30889.0,30908.0,30915.0,30937.0,30957.0,30971.0,30990.0,31006.0,31022.0,31032.0,31037.0,31043.0,31056.0,31072.0,31088.0,31094.0,31109.0,31114.0,31121.0,31144.0,31156.0,31171.0,31186.0,31204.0,31222.0,31246.0,31268.0,31281.0,31304.0,31316.0,31332.0,31352.0,,31404.0,31435.0,31465.0,31484.0,31511.0,31531.0,31544.0,31565.0,31591.0,31606.0,31616.0,31629.0,31635.0,31651.0,31663.0,31679.0,31701.0,31729.0,31752.0,31774.0,31798.0,31824.0,31842.0,31867.0,31890.0,31909.0,31929.0,31954.0,31973.0,31996.0,32011.0,32031.0,32053.0,32076.0,32090.0,32113.0,32128.0,32149.0,32179.0,32204.0,32223.0,32262.0,32298.0,32340.0,32369.0,32413.0,32475.0,32520.0,32609.0,32743.0,32838.0,32937.0,33030.0,33168.0,33232.0,33314.0,33369.0,33421.0,33518.0,33609.0,33682.0,33739.0,33836.0,33925.0,34051.0,34197.0,34282.0,34359.0,34404.0,34476.0,34559.0,34678.0,34764.0,34839.0,34934.0,34996.0,35083.0,35182.0,35276.0,35372.0,35449.0,35534.0,35597.0,35640.0,35680.0,35732.0,35766.0,35826.0,35866.0,35897.0,35939.0,36002.0,36042.0,36089.0,36138.0,36177.0,36212.0,36289.0,36344.0,36395.0,36462.0,36508.0,36545.0,36585.0,36646.0,36685.0,36736.0,36788.0,36825.0,36881.0,36925.0,36970.0,37022.0,37088
I-jxuN1_CN0,220981.0,221093.0,221180.0,221292.0,221411.0,221553.0,221638.0,221811.0,221904.0,222060.0,222184.0,222313.0,222434.0,222537.0,222729.0,222871.0,223111.0,223251.0,223382.0,223583.0,223746.0,223895.0,224014.0,224175.0,224332.0,224439.0,224550.0,224686.0,224829.0,224985.0,225158.0,225305.0,225438.0,225592.0,225685.0,225794.0,225924.0,226029.0,226121.0,226198.0,226284.0,226369.0,226480.0,226587.0,226675.0,226724.0,226785.0,226849.0,226909.0,226997.0,227083.0,227148.0,227220.0,227288.0,227357.0,227434.0,227522.0,227588.0,227656.0,227734.0,227779.0,227854.0,227917.0,227979.0,228052.0,228157.0,228242.0,228339.0,228409.0,228516.0,228602.0,228696.0,228788.0,228863.0,228934.0,228998.0,229077.0,229150.0,229202.0,229284.0,229335.0,229412.0,229478.0,229566.0,229644.0,229718.0,229786.0,229849.0,229917.0,229968.0,230028.0,230110.0,230185.0,230260.0,230354.0,230413.0,230486.0,230563.0,230622.0,230742.0,230840.0,230958.0,231066.0,231170.0,231259.0,231360.0,231489.0,231598.0,231697.0,231775.0,231853.0,231947.0,232036.0,232126.0,232198.0,232305.0,232388.0,232481.0,232714.0,232863.0,232990.0,233076.0,233230.0,233386.0,233529.0,233729.0,233900.0,234070.0,234260.0,234436.0,234600.0,234753.0,235162.0,235470.0,,,,,,,,,238591.0,238896.0,239112.0,239682.0,243116.0,244871.0,246055.0,247333.0,248395.0,249617.0,250918.0,253784.0,255751.0,257410.0,258993.0,260291.0,261323.0,262209.0,263440.0,264426.0,265387.0,266430.0,267249.0,267853.0,268456.0,269336.0,270089.0,270740.0,271443.0,272126.0,272590.0,273284.0,274737.0,275543.0,276131.0,276892.0,277557.0,278054.0,278488.0,279042.0,279510.0,279954.0,280371.0,280849.0,281307.0,281738.0,282145.0,282662.0,283028.0,283512.0,283908.0,284205.0,284625.0,285383.0,285977.0,286385.0,286841.0,287199.0,287486.0,287905.0,288590.0,289238.0,289667.0,289967.0,290267.0,290535.0,290890.0,291296.0,291599.0,291831.0,292064.0,292301.0,292506.0,292743.0,293005.0,293169.0,293403.0,293572.0,293740.0,293930.0,294123.0,294289.0,294483.0,294658.0,294884.0,295085.0,295291.0,295427.0,295606.0,295760.0,295959.0,296159.0,296313.0,296478.0,296638.0,296748.0,296862.0,296982.0,297115.0,297230.0,297360.0,297480.0,297609.0,297727.0,297842.0,297953.0,298048.0,298143.0,298225.0,298329.0,298414.0,298507.0,298596.0,298711.0,298784.0,298874.0,298940.0,299002.0,299131.0,299196.0,299271.0,,299408.0,299489.0,299552.0,299638.0,299731.0,299817.0,299886.0,299955.0,300045.0,300114.0,300244.0,300325.0,300384.0,300462.0,300533.0,300617.0,300697.0,300792.0,300878.0,300963.0,301030.0,301103.0,301180.0,301250.0,301324.0,301411.0,301481.0,301532.0,301626.0,301682.0,301728.0,301807.0,301873.0,301953.0,302018.0,302096.0,302157.0,302227.0,302285.0,302357.0,302421.0,302488.0,302585.0,302663.0,302748.0,302814.0,302888.0,302976.0,303062.0,303132.0,303192.0,303260.0,303329.0,303383.0,303434.0,303493.0,303557.0,303608.0,303656.0,303732.0,303787.0,303831.0,303877.0,303937.0,303988.0,304060.0,304108.0,304155.0,304207.0,304257.0,304308.0,304362.0,304433.0,304501.0,304550.0,304609.0,304667.0,304728.0,304793.0,304860.0,304930.0,304996.0,305052.0,305103.0,305155.0,305204.0,305268.0,305331.0,305417.0,305468.0,305523.0,305587.0,305646.0,305708.0,305829.0,305894.0,305952.0,306013.0,306079.0,306145.0,306219.0,306298.0,306377.0,306440.0,306511.0,306583.0,306682.0,306753.0,306827.0,306886.0,306937.0,306997.0,307068.0,307108
cUdr-ztT6jg,1743.0,1745.0,1746.0,1748.0,1753.0,1754.0,1755.0,1757.0,1760.0,1762.0,1764.0,1765.0,1766.0,1767.0,1769.0,1771.0,1772.0,1776.0,1777.0,1777.0,1781.0,1783.0,1784.0,1786.0,1787.0,1788.0,1790.0,1794.0,1795.0,1795.0,1797.0,1797.0,1802.0,1803.0,1804.0,1807.0,1809.0,1811.0,1812.0,1813.0,1814.0,1816.0,1817.0,1818.0,1822.0,1823.0,1823.0,1824.0,1827.0,1827.0,1827.0,1828.0,1831.0,1833.0,1835.0,1837.0,1839.0,1840.0,1841.0,1845.0,1847.0,1849.0,1849.0,1851.0,1853.0,1855.0,1856.0,1857.0,1857.0,1857.0,1858.0,1858.0,1859.0,1860.0,1861.0,1861.0,1864.0,1866.0,1868.0,1868.0,1870.0,1870.0,1873.0,1873.0,1873.0,1873.0,1874.0,1874.0,1874.0,1875.0,1880.0,1880.0,1880.0,1880.0,1880.0,1881.0,1881.0,1881.0,1883.0,1884.0,1884.0,1884.0,1884.0,1889.0,1890.0,1890.0,1890.0,1892.0,1896.0,1896.0,1899.0,1901.0,1902.0,1903.0,1904.0,1904.0,1906.0,1908.0,1908.0,1909.0,1910.0,1910.0,1911.0,1911.0,1912.0,1912.0,1914.0,1916.0,1919.0,1920.0,1922.0,1926.0,1928.0,1928.0,,,,,,,,,1936.0,1937.0,1937.0,1940.0,1940.0,1941.0,1942.0,1942.0,1943.0,1943.0,1944.0,1945.0,1950.0,1951.0,1951.0,1952.0,1954.0,1955.0,1958.0,1959.0,1960.0,1961.0,1961.0,1962.0,1962.0,1963.0,1964.0,1966.0,1966.0,1966.0,1967.0,1967.0,1967.0,1967.0,1969.0,1969.0,1970.0,1970.0,1970.0,1972.0,1975.0,1975.0,1975.0,1975.0,1976.0,1976.0,1977.0,1979.0,1980.0,1982.0,1982.0,1982.0,1983.0,1983.0,1983.0,1984.0,1985.0,1985.0,1988.0,1988.0,1989.0,1992.0,1993.0,1995.0,1996.0,1996.0,1997.0,1997.0,1998.0,1998.0,1999.0,1999.0,1999.0,1999.0,2000.0,2001.0,2002.0,2002.0,2002.0,2002.0,2003.0,2003.0,2003.0,2005.0,2005.0,2005.0,2005.0,2006.0,2007.0,2009.0,2012.0,2014.0,2014.0,2015.0,2017.0,2018.0,2019.0,2019.0,2019.0,2019.0,2021.0,2022.0,2024.0,2025.0,2025.0,2027.0,2027.0,2028.0,2033.0,2033.0,2035.0,2035.0,2036.0,2036.0,2036.0,2036.0,2036.0,2036.0,2037.0,2039.0,2040.0,,2045.0,2045.0,2046.0,2046.0,2046.0,2047.0,2047.0,2048.0,2048.0,2051.0,2052.0,2052.0,2053.0,2053.0,2055.0,2055.0,2056.0,2058.0,2057.0,2060.0,2058.0,2064.0,2065.0,2065.0,2067.0,2069.0,2069.0,2065.0,2071.0,2071.0,2072.0,2073.0,2076.0,2072.0,2075.0,2073.0,2075.0,2079.0,2084.0,2088.0,2092.0,2095.0,2096.0,2098.0,2099.0,2102.0,2105.0,2105.0,2106.0,2107.0,2107.0,2112.0,2114.0,2116.0,2116.0,2116.0,2118.0,2118.0,2118.0,2118.0,2118.0,2119.0,2121.0,2127.0,2130.0,2136.0,2143.0,2146.0,2148.0,2149.0,2149.0,2149.0,2149.0,2152.0,2154.0,2157.0,2158.0,2160.0,2160.0,2160.0,2161.0,2163.0,2163.0,2164.0,2164.0,2164.0,2165.0,2166.0,2166.0,2166.0,2166.0,2166.0,2166.0,2166.0,2166.0,2168.0,2169.0,2170.0,2170.0,2170.0,2171.0,2172.0,2173.0,2173.0,2174.0,2174.0,2175.0,2175.0,2175.0,2175.0,2176.0,2177.0,2177.0,2177
8gJIulAOvEI,458890.0,458931.0,458968.0,459004.0,459036.0,459073.0,459100.0,459133.0,459167.0,459195.0,459222.0,459258.0,459288.0,459309.0,459336.0,459357.0,459385.0,459416.0,459436.0,459469.0,459498.0,459534.0,459576.0,459597.0,459644.0,459684.0,459715.0,459752.0,459785.0,459812.0,459839.0,459871.0,459904.0,459932.0,459962.0,460007.0,460042.0,460084.0,460117.0,460153.0,460185.0,460223.0,460251.0,460280.0,460316.0,460355.0,460375.0,460404.0,460433.0,460466.0,460499.0,460529.0,460564.0,460597.0,460651.0,460687.0,460714.0,460748.0,460768.0,460810.0,460834.0,460858.0,460891.0,460935.0,460960.0,460988.0,461012.0,461040.0,461065.0,461101.0,461124.0,461143.0,461167.0,461190.0,461217.0,461251.0,461278.0,461318.0,461338.0,461364.0,461399.0,461413.0,461433.0,461447.0,461476.0,461504.0,461534.0,461546.0,461565.0,461595.0,461610.0,461634.0,461654.0,461689.0,461706.0,461727.0,461754.0,461778.0,461808.0,461816.0,461840.0,461861.0,461879.0,461909.0,461936.0,461974.0,461999.0,462024.0,462039.0,462061.0,462078.0,462104.0,462133.0,462148.0,462173.0,462210.0,462243.0,462260.0,462343.0,462431.0,462481.0,462534.0,462573.0,462602.0,462644.0,462679.0,462702.0,462739.0,462776.0,462807.0,462845.0,462865.0,462884.0,462903.0,,,,,,,,,463136.0,463205.0,463281.0,463363.0,463476.0,463572.0,463725.0,463860.0,463973.0,464027.0,464061.0,464136.0,464178.0,464257.0,464352.0,464427.0,464471.0,464532.0,464577.0,464624.0,464655.0,464678.0,464700.0,464743.0,464781.0,464799.0,464821.0,464838.0,464867.0,464893.0,464917.0,464959.0,464993.0,465031.0,465058.0,465094.0,465111.0,465133.0,465150.0,465183.0,465215.0,465232.0,465259.0,465283.0,465305.0,465316.0,465343.0,465359.0,465396.0,465434.0,465446.0,465479.0,465513.0,465535.0,465552.0,465584.0,465608.0,465630.0,465663.0,465690.0,465720.0,465731.0,465746.0,465765.0,465792.0,465810.0,465833.0,465854.0,465871.0,465894.0,465923.0,465945.0,465976.0,466007.0,466032.0,466070.0,466093.0,466113.0,466147.0,466171.0,466193.0,466225.0,466285.0,466312.0,466338.0,466363.0,466385.0,466413.0,466430.0,466442.0,466470.0,466494.0,466515.0,466540.0,466578.0,466601.0,466625.0,466640.0,466651.0,466672.0,466697.0,466717.0,466745.0,466762.0,466781.0,466807.0,466834.0,466863.0,466886.0,466918.0,466940.0,466966.0,466999.0,467025.0,467054.0,467076.0,467094.0,467114.0,467145.0,467178.0,467208.0,,467272.0,467295.0,467320.0,467354.0,467383.0,467405.0,467419.0,467449.0,467477.0,467488.0,467524.0,467559.0,467581.0,467614.0,467645.0,467665.0,467689.0,467718.0,467751.0,467807.0,467857.0,467901.0,467941.0,467975.0,467998.0,468016.0,468039.0,468058.0,468082.0,468103.0,468127.0,468150.0,468175.0,468197.0,468214.0,468238.0,468254.0,468275.0,468311.0,468337.0,468364.0,468387.0,468415.0,468435.0,468465.0,468492.0,468516.0,468548.0,468572.0,468596.0,468612.0,468625.0,468640.0,468660.0,468682.0,468710.0,468738.0,468763.0,468789.0,468806.0,468838.0,468868.0,468896.0,468923.0,468945.0,468966.0,468988.0,469015.0,469038.0,469062.0,469086.0,469114.0,469151.0,469172.0,469196.0,469227.0,469246.0,469274.0,469301.0,469335.0,469365.0,469415.0,469444.0,469476.0,469507.0,469532.0,469564.0,469601.0,469653.0,469696.0,469733.0,469771.0,469799.0,469831.0,469872.0,469911.0,469941.0,469991.0,470010.0,470036.0,470054.0,470106.0,470132.0,470174.0,470204.0,470234.0,470278.0,470318.0,470346.0,470384.0,470416.0,470446.0,470472.0,470489
8gJIulAOvEI,458890.0,458931.0,458968.0,459004.0,459036.0,459073.0,459100.0,459133.0,459164.0,459195.0,459222.0,459260.0,459288.0,459309.0,459336.0,459357.0,459385.0,459416.0,459436.0,459468.0,459498.0,459534.0,459576.0,459597.0,459644.0,459684.0,459714.0,459752.0,459787.0,459816.0,459836.0,459871.0,459904.0,459932.0,459968.0,460007.0,460041.0,460084.0,460117.0,460153.0,460185.0,460223.0,460251.0,460280.0,460316.0,460354.0,460375.0,460404.0,460433.0,460466.0,460499.0,460528.0,460564.0,460597.0,460651.0,460687.0,460714.0,460748.0,460768.0,460810.0,460833.0,460858.0,460891.0,460935.0,460960.0,460988.0,461013.0,461040.0,461065.0,461101.0,461124.0,461143.0,461167.0,461190.0,461218.0,461254.0,461278.0,461316.0,461338.0,461364.0,461399.0,461413.0,461433.0,461448.0,461476.0,461504.0,461534.0,461546.0,461565.0,461595.0,461610.0,461633.0,461654.0,461689.0,461707.0,461728.0,461754.0,461778.0,461808.0,461816.0,461840.0,461861.0,461879.0,461909.0,461936.0,461976.0,461999.0,462024.0,462039.0,462061.0,462078.0,462104.0,462133.0,462148.0,462173.0,462210.0,462243.0,462260.0,462343.0,462431.0,462481.0,462534.0,462573.0,462602.0,462644.0,462680.0,462702.0,462739.0,462776.0,462807.0,462845.0,462865.0,462884.0,462903.0,,,,,,,,,463136.0,463204.0,463281.0,463367.0,463476.0,463572.0,463732.0,463860.0,463973.0,464027.0,464061.0,464136.0,464178.0,464257.0,464352.0,464427.0,464471.0,464532.0,464577.0,464624.0,464655.0,464678.0,464700.0,464743.0,464777.0,464799.0,464821.0,464838.0,464867.0,464893.0,464917.0,464959.0,464993.0,465031.0,465062.0,465094.0,465111.0,465133.0,465150.0,465183.0,465215.0,465232.0,465259.0,465283.0,465305.0,465316.0,465343.0,465359.0,465396.0,465434.0,465446.0,465479.0,465513.0,465535.0,465552.0,465584.0,465608.0,465630.0,465663.0,465690.0,465720.0,465731.0,465746.0,465765.0,465792.0,465810.0,465833.0,465854.0,465871.0,465894.0,465923.0,465945.0,465976.0,466007.0,466032.0,466065.0,466091.0,466113.0,466147.0,466171.0,466193.0,466225.0,466285.0,466312.0,466338.0,466363.0,466382.0,466412.0,466429.0,466445.0,466470.0,466494.0,466515.0,466540.0,466581.0,466601.0,466625.0,466640.0,466657.0,466672.0,466697.0,466720.0,466744.0,466762.0,466781.0,466807.0,466834.0,466863.0,466886.0,466918.0,466940.0,466966.0,466999.0,467025.0,467054.0,467075.0,467094.0,467114.0,467145.0,467178.0,467208.0,,467272.0,467295.0,467320.0,467354.0,467383.0,467405.0,467419.0,467446.0,467476.0,467488.0,467524.0,467559.0,467581.0,467615.0,467645.0,467665.0,467689.0,467718.0,467751.0,467807.0,467858.0,467901.0,467941.0,467975.0,467998.0,468016.0,468039.0,468058.0,468082.0,468103.0,468127.0,468150.0,468175.0,468193.0,468214.0,468238.0,468254.0,468275.0,468311.0,468337.0,468364.0,468385.0,468415.0,468435.0,468465.0,468492.0,468516.0,468548.0,468572.0,468596.0,468612.0,468625.0,468639.0,468660.0,468682.0,468710.0,468738.0,468763.0,468789.0,468806.0,468837.0,468868.0,468896.0,468923.0,468944.0,468966.0,468988.0,469015.0,469038.0,469060.0,469086.0,469114.0,469151.0,469172.0,469196.0,469227.0,469246.0,469274.0,469301.0,469335.0,469361.0,469415.0,469444.0,469476.0,469507.0,469532.0,469566.0,469601.0,469653.0,469696.0,469733.0,469771.0,469799.0,469831.0,469873.0,469911.0,469941.0,469991.0,470010.0,470036.0,470054.0,470106.0,470132.0,470174.0,470204.0,470234.0,470278.0,470318.0,470346.0,470384.0,470419.0,470446.0,470472.0,470489
IELRveKc2N0,858.0,873.0,896.0,915.0,935.0,952.0,969.0,1013.0,1047.0,1070.0,1091.0,1118.0,1133.0,1149.0,1165.0,1179.0,1196.0,1215.0,1231.0,1246.0,1259.0,1277.0,1293.0,1310.0,1322.0,1335.0,1344.0,1352.0,1367.0,1381.0,1387.0,1395.0,1403.0,1409.0,1421.0,1430.0,1446.0,1457.0,1463.0,1468.0,1478.0,1488.0,1492.0,1501.0,1506.0,1515.0,1520.0,1526.0,1531.0,1533.0,1539.0,1546.0,1555.0,1561.0,1570.0,1578.0,1581.0,1584.0,1590.0,1601.0,1609.0,1618.0,1624.0,1627.0,1638.0,1642.0,1650.0,1657.0,1660.0,1666.0,1670.0,1679.0,1690.0,1699.0,1709.0,1714.0,1717.0,1719.0,1724.0,1730.0,1735.0,1742.0,1753.0,1761.0,1766.0,1772.0,1784.0,1786.0,1788.0,1801.0,1808.0,1816.0,1820.0,1826.0,1830.0,1836.0,1840.0,1845.0,1850.0,1856.0,1863.0,1867.0,1879.0,1884.0,1890.0,1894.0,1897.0,1908.0,1924.0,1933.0,1944.0,1948.0,1954.0,1964.0,1972.0,1983.0,1989.0,1999.0,2007.0,2013.0,2026.0,2035.0,2042.0,2045.0,2052.0,2059.0,2063.0,2071.0,2074.0,2078.0,2087.0,2090.0,2099.0,2107.0,,,,,,,,,2166.0,2179.0,2185.0,2198.0,2201.0,2217.0,2226.0,2226.0,2226.0,2226.0,2226.0,2226.0,2226.0,2226.0,2226.0,2226.0,2226.0,2226.0,2226.0,2226.0,2226.0,2226.0,2226.0,2226.0,2226.0,2226.0,2226.0,2226.0,2226.0,2226.0,2226.0,2226.0,2226.0,2226.0,2226.0,2226.0,2226.0,2226.0,2226.0,2226.0,2226.0,2226.0,2226.0,2226.0,2226.0,2226.0,2226.0,2226.0,2226.0,2226.0,2226.0,2226.0,2226.0,2226.0,2226.0,2226.0,2226.0,2226.0,2226.0,2226.0,2226.0,2226.0,2226.0,2226.0,2226.0,2226.0,2226.0,2226.0,2226.0,2226.0,2226.0,2226.0,2226.0,2226.0,2226.0,2226.0,2226.0,2226.0,2226.0,2226.0,2226.0,2226.0,2226.0,2226.0,2226.0,2226.0,2226.0,2226.0,2226.0,2226.0,2226.0,2226.0,2226.0,2226.0,2226.0,2226.0,2226.0,2226.0,2226.0,2226.0,2226.0,2226.0,2226.0,2226.0,2226.0,2226.0,2226.0,2226.0,2226.0,2226.0,2226.0,2226.0,2226.0,2226.0,2226.0,2226.0,2226.0,2226.0,2226.0,2226.0,2226.0,,2226.0,2226.0,2226.0,2226.0,2226.0,2226.0,2226.0,2226.0,2226.0,2226.0,2226.0,2226.0,2226.0,2226.0,2226.0,2226.0,2226.0,2226.0,2226.0,2226.0,2226.0,2226.0,2226.0,2226.0,2226.0,2226.0,2226.0,2226.0,2226.0,2226.0,2226.0,2226.0,2226.0,2226.0,2226.0,2226.0,2226.0,2226.0,2226.0,2226.0,2226.0,2226.0,2226.0,2226.0,2226.0,2226.0,2226.0,2226.0,2226.0,2226.0,2226.0,2226.0,2226.0,2226.0,2226.0,2226.0,2226.0,2226.0,2226.0,2226.0,2226.0,2226.0,2226.0,2226.0,2226.0,2226.0,2226.0,2226.0,2226.0,2226.0,2226.0,2226.0,2226.0,2226.0,2226.0,2226.0,2226.0,2226.0,2226.0,2226.0,2226.0,2226.0,2226.0,2226.0,2226.0,2226.0,2226.0,2226.0,2226.0,2226.0,2226.0,2226.0,2226.0,2226.0,2226.0,2226.0,2226.0,2226.0,2226.0,2226.0,2226.0,2226.0,2226.0,2226.0,2226.0,2226.0,2226.0,2226.0,2226.0,2226.0,2226.0,2226.0,2226.0,2226
9n8bzgKLGRE,41312.0,41321.0,41330.0,41338.0,41343.0,41348.0,41362.0,41377.0,41388.0,41393.0,41404.0,41409.0,41423.0,41428.0,41442.0,41453.0,41465.0,41471.0,41477.0,41490.0,41500.0,41505.0,41515.0,41531.0,41534.0,41546.0,41559.0,41567.0,41570.0,41576.0,41584.0,41590.0,41599.0,41601.0,41608.0,41616.0,41620.0,41627.0,41633.0,41640.0,41652.0,41666.0,41674.0,41683.0,41692.0,41698.0,41705.0,41717.0,41720.0,41727.0,41741.0,41759.0,41773.0,41778.0,41787.0,41804.0,41813.0,41826.0,41829.0,41845.0,41847.0,41858.0,41869.0,41881.0,41894.0,41901.0,41913.0,41921.0,41930.0,41939.0,41950.0,41956.0,41967.0,41973.0,41977.0,41985.0,41994.0,42000.0,42007.0,42025.0,42041.0,42059.0,42065.0,42073.0,42077.0,42087.0,42095.0,42106.0,42119.0,42128.0,42142.0,42159.0,42168.0,42174.0,42182.0,42193.0,42206.0,42233.0,42254.0,42277.0,42298.0,42310.0,42317.0,42327.0,42341.0,42358.0,42369.0,42382.0,42403.0,42418.0,42429.0,42439.0,42446.0,42453.0,42462.0,42478.0,42487.0,42497.0,42509.0,42519.0,42529.0,42539.0,42551.0,42560.0,42573.0,42586.0,42595.0,42612.0,42622.0,42632.0,42640.0,42653.0,42661.0,42670.0,,,,,,,,,42765.0,42774.0,42788.0,42797.0,42805.0,42810.0,42811.0,42815.0,42823.0,42829.0,42833.0,42842.0,42851.0,42856.0,42861.0,42869.0,42876.0,42882.0,42885.0,42890.0,42895.0,42900.0,42910.0,42915.0,42925.0,42937.0,42941.0,42944.0,42947.0,42955.0,42959.0,42969.0,42979.0,42988.0,43000.0,43010.0,43016.0,43019.0,43026.0,43032.0,43037.0,43045.0,43054.0,43062.0,43073.0,43077.0,43089.0,43101.0,43116.0,43125.0,43133.0,43143.0,43146.0,43153.0,43164.0,43175.0,43183.0,43191.0,43199.0,43208.0,43211.0,43222.0,43234.0,43241.0,43249.0,43260.0,43267.0,43275.0,43285.0,43296.0,43304.0,43310.0,43314.0,43322.0,43331.0,43332.0,43338.0,43344.0,43350.0,43360.0,43368.0,43375.0,43386.0,43390.0,43398.0,43408.0,43420.0,43430.0,43437.0,43443.0,43449.0,43453.0,43459.0,43468.0,43477.0,43482.0,43493.0,43507.0,43518.0,43523.0,43531.0,43540.0,43544.0,43554.0,43563.0,43567.0,43579.0,43587.0,43594.0,43601.0,43607.0,43613.0,43615.0,43620.0,43628.0,43639.0,43647.0,43653.0,43666.0,43671.0,43679.0,,43696.0,43706.0,43717.0,43721.0,43725.0,43731.0,43740.0,43749.0,43757.0,43762.0,43769.0,43783.0,43785.0,43798.0,43807.0,43814.0,43821.0,43826.0,43835.0,43840.0,43848.0,43857.0,43865.0,43881.0,43886.0,43891.0,43900.0,43905.0,43912.0,43925.0,43930.0,43941.0,43951.0,43959.0,43970.0,43972.0,43984.0,43988.0,43992.0,44001.0,44008.0,44020.0,44028.0,44037.0,44043.0,44049.0,44052.0,44063.0,44078.0,44087.0,44094.0,44099.0,44102.0,44108.0,44115.0,44125.0,44126.0,44133.0,44141.0,44146.0,44153.0,44165.0,44178.0,44185.0,44191.0,44201.0,44207.0,44215.0,44221.0,44222.0,44226.0,44236.0,44243.0,44251.0,44253.0,44260.0,44266.0,44267.0,44273.0,44279.0,44287.0,44292.0,44295.0,44301.0,44307.0,44317.0,44320.0,44324.0,44326.0,44339.0,44346.0,44351.0,44355.0,44360.0,44365.0,44373.0,44378.0,44388.0,44392.0,44401.0,44404.0,44410.0,44414.0,44417.0,44420.0,44423.0,44426.0,44429.0,44433.0,44440.0,44447.0,44450.0,44458.0,44465
1v2bkH4n1hQ,4727.0,4727.0,4727.0,4728.0,4729.0,4730.0,4731.0,4731.0,4731.0,4731.0,4731.0,4732.0,4735.0,4736.0,4737.0,4738.0,4739.0,4740.0,4741.0,4741.0,4741.0,4741.0,4743.0,4744.0,4749.0,4752.0,4752.0,4756.0,4757.0,4758.0,4760.0,4760.0,4761.0,4763.0,4763.0,4765.0,4765.0,4766.0,4767.0,4768.0,4769.0,4771.0,4771.0,4776.0,4778.0,4779.0,4780.0,4781.0,4783.0,4784.0,4784.0,4785.0,4785.0,4786.0,4788.0,4788.0,4794.0,4793.0,4795.0,4794.0,4795.0,4795.0,4798.0,4802.0,4804.0,4804.0,4804.0,4806.0,4813.0,4815.0,4820.0,4821.0,4821.0,4822.0,4822.0,4823.0,4824.0,4824.0,4830.0,4833.0,4836.0,4838.0,4845.0,4849.0,4849.0,4853.0,4857.0,4858.0,4863.0,4867.0,4869.0,4869.0,4869.0,4869.0,4870.0,4873.0,4876.0,4878.0,4878.0,4879.0,4881.0,4881.0,4882.0,4882.0,4883.0,4883.0,4883.0,4883.0,4885.0,4885.0,4886.0,4887.0,4888.0,4888.0,4888.0,4898.0,4901.0,4910.0,4913.0,4919.0,4921.0,4922.0,4925.0,4925.0,4930.0,4932.0,4934.0,4936.0,4937.0,4937.0,4937.0,4938.0,4938.0,4938.0,,,,,,,,,4943.0,4944.0,4945.0,4946.0,4946.0,4948.0,4949.0,4951.0,4951.0,4951.0,4952.0,4953.0,4957.0,4958.0,4958.0,4960.0,4960.0,4960.0,4961.0,4961.0,4963.0,4963.0,4963.0,4963.0,4966.0,4968.0,4972.0,4975.0,4975.0,4975.0,4975.0,4977.0,4977.0,4977.0,4977.0,4977.0,4978.0,4980.0,4980.0,4980.0,4983.0,4984.0,4984.0,4984.0,4984.0,4984.0,4984.0,4984.0,4985.0,4985.0,4985.0,4985.0,4987.0,4988.0,4988.0,4989.0,4989.0,4989.0,4989.0,4990.0,4992.0,4993.0,4993.0,4994.0,4995.0,4996.0,4997.0,4999.0,4999.0,5000.0,5000.0,5001.0,5003.0,5003.0,5006.0,5007.0,5007.0,5007.0,5008.0,5009.0,5009.0,5009.0,5009.0,5010.0,5012.0,5012.0,5012.0,5013.0,5013.0,5013.0,5013.0,5014.0,5014.0,5015.0,5015.0,5016.0,5016.0,5016.0,5017.0,5017.0,5019.0,5021.0,5026.0,5027.0,5029.0,5030.0,5032.0,5032.0,5035.0,5036.0,5037.0,5037.0,5039.0,5039.0,5039.0,5039.0,5039.0,5041.0,5041.0,5041.0,5042.0,,5043.0,5043.0,5044.0,5044.0,5044.0,5044.0,5044.0,5046.0,5049.0,5049.0,5049.0,5050.0,5050.0,5051.0,5053.0,5057.0,5059.0,5060.0,5059.0,5059.0,5060.0,5061.0,5063.0,5063.0,5063.0,5064.0,5065.0,5066.0,5067.0,5069.0,5069.0,5069.0,5069.0,5070.0,5072.0,5074.0,5075.0,5078.0,5081.0,5081.0,5082.0,5084.0,5085.0,5089.0,5089.0,5089.0,5090.0,5090.0,5092.0,5094.0,5097.0,5097.0,5098.0,5100.0,5100.0,5101.0,5104.0,5105.0,5105.0,5105.0,5105.0,5105.0,5105.0,5106.0,5108.0,5110.0,5108.0,5108.0,5108.0,5109.0,5110.0,5111.0,5113.0,5113.0,5113.0,5113.0,5113.0,5115.0,5116.0,5118.0,5119.0,5121.0,5121.0,5123.0,5124.0,5125.0,5127.0,5128.0,5128.0,5128.0,5129.0,5131.0,5134.0,5137.0,5138.0,5140.0,5141.0,5144.0,5148.0,5149.0,5149.0,5150.0,5151.0,5151.0,5153.0,5157.0,5160.0,5162.0,5161.0,5164.0,5164.0,5165.0,5168.0,5168
3NyMICEUDvw,17887.0,17887.0,17887.0,17887.0,17887.0,17887.0,17887.0,17887.0,17887.0,17887.0,17887.0,17887.0,17887.0,17887.0,17887.0,17887.0,17887.0,17887.0,17887.0,17887.0,17887.0,17887.0,17887.0,17887.0,17887.0,17887.0,17887.0,17887.0,17887.0,17887.0,17887.0,17887.0,17887.0,17887.0,17887.0,17887.0,17887.0,17887.0,17887.0,17887.0,17887.0,17887.0,17887.0,17887.0,17887.0,17887.0,17887.0,17887.0,17887.0,17887.0,17887.0,17887.0,17887.0,17887.0,17887.0,17887.0,17887.0,17887.0,17887.0,17887.0,17887.0,17887.0,17887.0,17887.0,17887.0,17887.0,17887.0,17887.0,17887.0,17887.0,17887.0,17887.0,17887.0,17887.0,17887.0,17887.0,17887.0,17887.0,17887.0,17887.0,17887.0,17887.0,17887.0,17887.0,17887.0,17887.0,17887.0,17887.0,17887.0,17887.0,17887.0,17887.0,17887.0,17887.0,17887.0,17887.0,17887.0,17887.0,17887.0,17887.0,17887.0,17887.0,17887.0,17887.0,17887.0,17887.0,17887.0,17887.0,17887.0,17887.0,17887.0,17887.0,17887.0,17887.0,17887.0,17887.0,17887.0,17887.0,17887.0,17887.0,17887.0,17887.0,17887.0,17887.0,17887.0,17887.0,17887.0,17887.0,17887.0,17887.0,17887.0,17887.0,17887.0,17887.0,,,,,,,,,17887.0,17887.0,17887.0,17887.0,17887.0,17887.0,17887.0,17887.0,17887.0,17887.0,17887.0,17887.0,17887.0,17887.0,17887.0,17887.0,17887.0,17887.0,17887.0,17887.0,17887.0,17887.0,17887.0,17887.0,17887.0,17887.0,17887.0,17887.0,17887.0,17887.0,17887.0,17887.0,17887.0,17887.0,17887.0,17887.0,17887.0,17887.0,17887.0,17887.0,17887.0,17887.0,17887.0,17887.0,17887.0,17887.0,17887.0,17887.0,17887.0,17887.0,17887.0,17887.0,17887.0,17887.0,17887.0,17887.0,17887.0,17887.0,17887.0,17887.0,17887.0,17887.0,17887.0,17887.0,17887.0,17887.0,17887.0,17887.0,17887.0,17887.0,17887.0,17887.0,17887.0,17887.0,17887.0,17887.0,17887.0,17887.0,17887.0,17887.0,17887.0,17887.0,17887.0,17887.0,17887.0,17887.0,17887.0,17887.0,17887.0,17887.0,17887.0,17887.0,17887.0,17887.0,17887.0,17887.0,17887.0,17887.0,17887.0,17887.0,17887.0,17887.0,17887.0,17887.0,17887.0,17887.0,17887.0,17887.0,17887.0,17887.0,17887.0,17887.0,17887.0,17887.0,17887.0,17887.0,17887.0,17887.0,17887.0,17887.0,17887.0,,17887.0,17887.0,17887.0,17887.0,17887.0,17887.0,17887.0,17887.0,17887.0,17887.0,17887.0,17887.0,17887.0,17887.0,17887.0,17887.0,17887.0,17887.0,17887.0,17887.0,17887.0,17887.0,17887.0,17887.0,17887.0,17887.0,17887.0,17887.0,17887.0,17887.0,17887.0,17887.0,17887.0,17887.0,17887.0,17887.0,17887.0,17887.0,17887.0,17887.0,17887.0,17887.0,17887.0,17887.0,17887.0,17887.0,17887.0,17887.0,17887.0,17887.0,17887.0,17887.0,17887.0,17887.0,17887.0,17887.0,17887.0,17887.0,17887.0,17887.0,17887.0,17887.0,17887.0,17887.0,17887.0,17887.0,17887.0,17887.0,17887.0,17887.0,17887.0,17887.0,17887.0,17887.0,17887.0,17887.0,17887.0,17887.0,17887.0,17887.0,17887.0,17887.0,17887.0,17887.0,17887.0,17887.0,17887.0,17887.0,17887.0,17887.0,17887.0,17887.0,17887.0,17887.0,17887.0,17887.0,17887.0,17887.0,17887.0,17887.0,17887.0,17887.0,17887.0,17887.0,17887.0,17887.0,17887.0,17887.0,17887.0,17887.0,17887.0,17887.0,17887.0,17887
0srK409w_R0,175801.0,175868.0,175932.0,176012.0,176078.0,176160.0,176223.0,176275.0,176338.0,176388.0,176461.0,176512.0,176572.0,176646.0,176718.0,176783.0,176844.0,176903.0,176966.0,177016.0,177079.0,177136.0,177206.0,177257.0,177317.0,177381.0,177451.0,177510.0,177584.0,177653.0,177706.0,177759.0,177816.0,177855.0,177917.0,178003.0,178087.0,178129.0,178151.0,178195.0,178245.0,178295.0,178349.0,178420.0,178448.0,178490.0,178551.0,178612.0,178658.0,178710.0,178795.0,178855.0,178909.0,178963.0,179035.0,179126.0,179219.0,179303.0,179359.0,179426.0,179505.0,179571.0,179652.0,179720.0,179823.0,179894.0,179960.0,180032.0,180102.0,180204.0,180277.0,180344.0,180412.0,180476.0,180539.0,180632.0,180722.0,180824.0,180895.0,180958.0,181019.0,181078.0,181155.0,181211.0,181275.0,181323.0,181373.0,181434.0,181497.0,181570.0,181624.0,181701.0,181769.0,181840.0,181899.0,181958.0,182023.0,182100.0,182155.0,182227.0,182280.0,182335.0,182423.0,182476.0,182555.0,182636.0,182719.0,182764.0,182819.0,182933.0,182969.0,183013.0,183068.0,183146.0,183194.0,183252.0,183313.0,183360.0,183416.0,183520.0,183517.0,183607.0,183655.0,183774.0,183841.0,183920.0,183962.0,184007.0,184069.0,184137.0,184266.0,184340.0,184396.0,184471.0,,,,,,,,,185062.0,185130.0,185198.0,185255.0,185397.0,185451.0,185550.0,185618.0,185700.0,185800.0,185865.0,185945.0,186021.0,186076.0,186128.0,186216.0,186285.0,186377.0,186451.0,186500.0,186543.0,186590.0,186643.0,186722.0,186783.0,186841.0,186876.0,186958.0,187004.0,187050.0,187097.0,187151.0,187221.0,187298.0,187371.0,187429.0,187465.0,187512.0,187567.0,187645.0,187707.0,187779.0,187841.0,187906.0,187991.0,188068.0,188213.0,188209.0,188274.0,188325.0,188376.0,188450.0,188529.0,188580.0,188623.0,188735.0,188799.0,188849.0,188917.0,188998.0,189082.0,189143.0,189221.0,189277.0,189337.0,189396.0,189467.0,189525.0,189575.0,189653.0,189710.0,189767.0,189830.0,189887.0,189955.0,190019.0,190104.0,190179.0,190239.0,190308.0,190367.0,190416.0,190482.0,190547.0,190598.0,190662.0,190741.0,190812.0,190871.0,190943.0,191024.0,191073.0,191149.0,191193.0,191265.0,191320.0,191407.0,191478.0,191545.0,191615.0,191702.0,191761.0,191815.0,191867.0,191919.0,191973.0,192027.0,192100.0,192165.0,192209.0,192276.0,192342.0,192402.0,192444.0,192503.0,192554.0,192626.0,192713.0,192777.0,192839.0,192902.0,,193002.0,193074.0,193148.0,193229.0,193319.0,193381.0,193447.0,193524.0,193599.0,193689.0,193769.0,193892.0,193978.0,194050.0,194154.0,194273.0,194436.0,194720.0,195009.0,195272.0,195543.0,195880.0,196352.0,196836.0,197194.0,197567.0,197899.0,198299.0,198714.0,199107.0,199612.0,200119.0,200468.0,200876.0,201347.0,201811.0,202297.0,202776.0,203193.0,203662.0,204296.0,204755.0,205508.0,206400.0,207302.0,208347.0,210067.0,211129.0,212355.0,213985.0,215482.0,216899.0,218525.0,221109.0,223599.0,226421.0,228554.0,230466.0,232746.0,235320.0,238508.0,241377.0,244173.0,248427.0,253666.0,257724.0,259884.0,262585.0,264699.0,266701.0,269694.0,272530.0,275232.0,278454.0,279693.0,280076.0,280517.0,280934.0,281313.0,281652.0,281968.0,282298.0,282629.0,282860.0,283123.0,283396.0,283654.0,283887.0,284135.0,284369.0,284560.0,284759.0,284962.0,285195.0,285435.0,285761.0,286040.0,286303.0,286547.0,286834.0,287133.0,287381.0,287614.0,287867.0,288158.0,288498.0,288806.0,289066.0,289350.0,289502.0,289829.0,290033.0,290322.0,290652
11jTMEb6kvI,1008437.0,1008720.0,1009174.0,1009494.0,1009870.0,1010228.0,1010561.0,1010969.0,1011306.0,1011713.0,1012018.0,1012363.0,1012734.0,1013137.0,1013480.0,1013856.0,1014191.0,1014488.0,1014803.0,1015190.0,1015486.0,1015800.0,1016178.0,1016470.0,1016793.0,1017114.0,1017475.0,1017753.0,1018065.0,1018391.0,1018664.0,1018979.0,1019302.0,1019630.0,1019935.0,1020200.0,1020481.0,1020794.0,1021021.0,1021284.0,1021543.0,1021850.0,1022134.0,1022473.0,1022735.0,1023036.0,1023366.0,1023686.0,1024028.0,1024332.0,1024728.0,1025052.0,1025284.0,1025626.0,1025955.0,1026370.0,1026788.0,1027161.0,1027555.0,1027888.0,1028240.0,1028597.0,1028933.0,1029333.0,1029683.0,1029985.0,1030227.0,1030580.0,1030891.0,1031365.0,1031700.0,1032043.0,1032355.0,1032706.0,1033082.0,1033434.0,1033840.0,1034217.0,1034561.0,1034860.0,1035132.0,1035516.0,1035911.0,1036336.0,1036700.0,1037012.0,1037282.0,1037568.0,1037848.0,1038167.0,1038526.0,1038895.0,1039292.0,1039592.0,1039837.0,1040143.0,1040451.0,1040765.0,1041168.0,1041540.0,1041864.0,1042143.0,1042450.0,1042768.0,1043051.0,1043447.0,1043780.0,1044097.0,1044388.0,1044684.0,1044953.0,1045275.0,1045549.0,1045842.0,1046144.0,1046408.0,1046701.0,1046992.0,1047289.0,1047620.0,1047860.0,1048126.0,1048404.0,1048650.0,1048926.0,1049149.0,1049413.0,1049690.0,1049999.0,1050283.0,1050591.0,1050852.0,1051102.0,1051385.0,,,,,,,,,1053834.0,1054084.0,1054360.0,1054650.0,1054941.0,1055302.0,1055634.0,1055977.0,1056272.0,1056612.0,1056941.0,1057177.0,1057514.0,1057808.0,1058086.0,1058344.0,1058657.0,1058967.0,1059314.0,1059588.0,1059787.0,1060018.0,1060235.0,1060481.0,1060699.0,1060945.0,1061138.0,1061395.0,1061644.0,1061850.0,1062088.0,1062324.0,1062617.0,1062865.0,1063165.0,1063384.0,1063599.0,1063868.0,1064158.0,1064407.0,1064678.0,1064978.0,1065226.0,1065508.0,1065764.0,1066036.0,1066327.0,1066595.0,1066896.0,1067153.0,1067343.0,1067630.0,1067866.0,1068095.0,1068370.0,1068607.0,1068812.0,1069074.0,1069312.0,1069594.0,1069907.0,1070117.0,1070347.0,1070626.0,1070902.0,1071137.0,1071416.0,1071738.0,1071998.0,1072266.0,1072510.0,1072800.0,1073098.0,1073397.0,1073776.0,1074076.0,1074422.0,1074737.0,1075047.0,1075327.0,1075716.0,1076061.0,1076379.0,1076683.0,1077058.0,1077356.0,1077683.0,1078040.0,1078387.0,1078696.0,1079084.0,1079468.0,1079805.0,1080319.0,1080883.0,1081353.0,1081846.0,1082341.0,1082792.0,1083142.0,1083525.0,1083993.0,1084466.0,1084989.0,1085455.0,1085859.0,1086253.0,1086710.0,1087227.0,1087650.0,1088161.0,1088670.0,1089287.0,1089779.0,1090283.0,1090714.0,1091303.0,1091856.0,1092421.0,1093026.0,1093532.0,,1094538.0,1095085.0,1095860.0,1096563.0,1097148.0,1097577.0,1098047.0,1098609.0,1099119.0,1099706.0,1100325.0,1100841.0,1101395.0,1101891.0,1102392.0,1103047.0,1104011.0,1105064.0,1106080.0,1107006.0,1108207.0,1109383.0,1110553.0,1111626.0,1112696.0,1113454.0,1114246.0,1115125.0,1116035.0,1116955.0,1117954.0,1118843.0,1119681.0,1120405.0,1121288.0,1122212.0,1123066.0,1123995.0,1125027.0,1126004.0,1127028.0,1128161.0,1129768.0,1131686.0,1133653.0,1135774.0,1138360.0,1140544.0,1142739.0,1145374.0,1147961.0,1150582.0,1153554.0,1158019.0,1161284.0,1165085.0,1168293.0,1171479.0,1174694.0,1178147.0,1181823.0,1185050.0,1188357.0,1193178.0,1199155.0,1204651.0,1207693.0,1210671.0,1213255.0,1216240.0,1219314.0,1222467.0,1225903.0,1229843.0,1233679.0,1237352.0,1241015.0,1244284.0,1247514.0,1250819.0,1254421.0,1257425.0,1259705.0,1261835.0,1263797.0,1265885.0,1268097.0,1270252.0,1272300.0,1274433.0,1276270.0,1278108.0,1279712.0,1281436.0,1283192.0,1284850.0,1286562.0,1288303.0,1290024.0,1291754.0,1293333.0,1294864.0,1296143.0,1297330.0,1298738.0,1300366.0,1301980.0,1303425.0,1304999.0,1306438.0,1307792.0,1309082.0,1310574.0,1312082
6Yn2r-xAvxk,2202648.0,2202973.0,2203541.0,2203973.0,2204415.0,2204856.0,2205215.0,2205642.0,2206068.0,2206502.0,2206962.0,2207373.0,2207808.0,2208144.0,2208565.0,2209010.0,2209380.0,2209854.0,2210213.0,2210583.0,2210951.0,2211324.0,2211724.0,2212112.0,2212530.0,2212942.0,2213433.0,2213784.0,2214201.0,2214547.0,2215029.0,2215439.0,2215876.0,2216344.0,2216750.0,2217106.0,2217500.0,2217945.0,2218376.0,2218745.0,2219103.0,2219450.0,2219901.0,2220213.0,2220693.0,2221108.0,2221485.0,2221933.0,2222361.0,2222793.0,2223160.0,2223569.0,2223939.0,2224257.0,2224649.0,2225100.0,2225518.0,2225932.0,2226342.0,2227117.0,2227719.0,2228133.0,2228500.0,2228906.0,2229404.0,2229826.0,2230168.0,2230476.0,2230836.0,2231266.0,2231575.0,2231984.0,2232304.0,2232626.0,2232984.0,2233284.0,2233726.0,2234048.0,2234375.0,2234733.0,2235105.0,2235473.0,2235843.0,2236135.0,2236567.0,2236854.0,2237189.0,2237556.0,2237845.0,2238069.0,2238352.0,2238629.0,2238970.0,2239275.0,2239644.0,2239914.0,2240131.0,2240431.0,2240721.0,2240943.0,2241276.0,2241574.0,2241922.0,2242342.0,2243047.0,2243849.0,2244436.0,2244983.0,2245440.0,2245870.0,2246263.0,2246643.0,2247107.0,2247538.0,2247999.0,2248429.0,2248758.0,2249116.0,2249441.0,2249787.0,2250091.0,2250472.0,2250776.0,2251027.0,2251313.0,2251597.0,2251938.0,2252232.0,2252516.0,2252805.0,2253080.0,2253327.0,2253548.0,2253814.0,,,,,,,,,2256031.0,2256331.0,2256617.0,2256834.0,2257192.0,2257508.0,2257762.0,2258072.0,2258414.0,2258669.0,2258968.0,2259263.0,2259474.0,2259664.0,2259991.0,2260260.0,2260523.0,2260791.0,2261034.0,2261295.0,2261537.0,2261783.0,2262018.0,2262258.0,2262500.0,2262724.0,2263038.0,2263305.0,2263564.0,2263848.0,2264157.0,2264412.0,2264868.0,2265227.0,2265545.0,2265903.0,2266276.0,2266571.0,2266922.0,2267150.0,2267481.0,2267850.0,2268157.0,2268471.0,2268796.0,2269106.0,2269346.0,2269611.0,2269971.0,2270337.0,2270659.0,2270931.0,2271206.0,2271522.0,2271789.0,2272022.0,2272284.0,2272558.0,2272855.0,2273020.0,2273348.0,2273596.0,2273819.0,2274054.0,2274316.0,2274556.0,2274776.0,2275050.0,2275227.0,2275444.0,2275660.0,2275925.0,2276189.0,2276527.0,2276776.0,2277065.0,2277338.0,2277637.0,2278006.0,2278349.0,2278624.0,2278900.0,2279181.0,2279471.0,2279723.0,2280038.0,2280244.0,2280488.0,2280773.0,2281044.0,2281385.0,2281732.0,2282078.0,2282393.0,2282751.0,2283041.0,2283390.0,2283706.0,2284004.0,2284259.0,2284551.0,2284785.0,2285040.0,2285278.0,2285517.0,2285798.0,2286102.0,2286323.0,2286592.0,2286851.0,2287072.0,2287312.0,2287624.0,2287882.0,2288124.0,2288417.0,2288702.0,2288992.0,2289243.0,2289587.0,2289849.0,,2290379.0,2290670.0,2290923.0,2291139.0,2291418.0,2291696.0,2291953.0,2292243.0,2292548.0,2292821.0,2293085.0,2293340.0,2293656.0,2293891.0,2294168.0,2294496.0,2295029.0,2295563.0,2296043.0,2296569.0,2297050.0,2297410.0,2297909.0,2298264.0,2298718.0,2299142.0,2299557.0,2299908.0,2300294.0,2300699.0,2301161.0,2301635.0,2302089.0,2302498.0,2302943.0,2303410.0,2303875.0,2304350.0,2304859.0,2305387.0,2305870.0,2306467.0,2307033.0,2307431.0,2307946.0,2308488.0,2309101.0,2309606.0,2310091.0,2310661.0,2311133.0,2311622.0,2312166.0,2312806.0,2313391.0,2313970.0,2314495.0,2315003.0,2315492.0,2315993.0,2316620.0,2317133.0,2317730.0,2318269.0,2318825.0,2319417.0,2320002.0,2320628.0,2321205.0,2321721.0,2322339.0,2322853.0,2323418.0,2324005.0,2324598.0,2325376.0,2326296.0,2326901.0,2327505.0,2328050.0,2328893.0,2329739.0,2330558.0,2331251.0,2331939.0,2332621.0,2333280.0,2333961.0,2334691.0,2335351.0,2335886.0,2336533.0,2337105.0,2337735.0,2338409.0,2339209.0,2339979.0,2340635.0,2341232.0,2341792.0,2342397.0,2342998.0,2343710.0,2344330.0,2344933.0,2345476.0,2346181.0,2346949.0,2347563.0,2348370.0,2349091.0,2349727.0,2350321.0,2350888
GJm8dw9aoe0,75074.0,75079.0,75087.0,75098.0,75111.0,75119.0,75131.0,75144.0,75158.0,75173.0,75186.0,75198.0,75209.0,75228.0,75243.0,75262.0,75269.0,75283.0,75300.0,75317.0,75333.0,75346.0,75357.0,75369.0,75378.0,75386.0,75395.0,75400.0,75407.0,75423.0,75430.0,75436.0,75443.0,75450.0,75458.0,75464.0,75475.0,75481.0,75487.0,75495.0,75499.0,75511.0,75523.0,75539.0,75551.0,75562.0,75572.0,75582.0,75587.0,75599.0,75604.0,75613.0,75617.0,75631.0,75634.0,75640.0,75645.0,75655.0,75666.0,75679.0,75690.0,75701.0,75713.0,75727.0,75736.0,75744.0,75747.0,75765.0,75779.0,75793.0,75808.0,75815.0,75821.0,75830.0,75841.0,75852.0,75864.0,75875.0,75886.0,75899.0,75910.0,75922.0,75930.0,75934.0,75950.0,75959.0,75968.0,75977.0,75985.0,75994.0,76005.0,76012.0,76021.0,76026.0,76033.0,76041.0,76046.0,76056.0,76070.0,76080.0,76096.0,76104.0,76117.0,76132.0,76142.0,76157.0,76167.0,76173.0,76180.0,76190.0,76202.0,76215.0,76225.0,76236.0,76246.0,76256.0,76267.0,76277.0,76287.0,76302.0,76312.0,76321.0,76335.0,76345.0,76358.0,76368.0,76378.0,76389.0,76397.0,76409.0,76418.0,76424.0,76431.0,76449.0,,,,,,,,,76522.0,76526.0,76535.0,76539.0,76552.0,76558.0,76566.0,76570.0,76581.0,76591.0,76603.0,76614.0,76624.0,76634.0,76641.0,76645.0,76650.0,76663.0,76673.0,76680.0,76685.0,76692.0,76698.0,76704.0,76713.0,76720.0,76727.0,76736.0,76737.0,76746.0,76752.0,76758.0,76762.0,76770.0,76778.0,76785.0,76791.0,76805.0,76815.0,76824.0,76832.0,76843.0,76851.0,76857.0,76866.0,76876.0,76882.0,76891.0,76898.0,76906.0,76911.0,76931.0,76937.0,76946.0,76952.0,76959.0,76966.0,76973.0,76983.0,76998.0,77006.0,77015.0,77028.0,77031.0,77033.0,77040.0,77048.0,77055.0,77060.0,77069.0,77072.0,77083.0,77089.0,77097.0,77102.0,77105.0,77119.0,77137.0,77144.0,77155.0,77163.0,77165.0,77176.0,77185.0,77205.0,77224.0,77233.0,77252.0,77279.0,77287.0,77300.0,77312.0,77325.0,77331.0,77342.0,77354.0,77364.0,77381.0,77395.0,77408.0,77420.0,77434.0,77448.0,77465.0,77481.0,77495.0,77506.0,77511.0,77519.0,77525.0,77534.0,77546.0,77559.0,77566.0,77570.0,77578.0,77589.0,77596.0,77601.0,77610.0,77621.0,,77633.0,77648.0,77670.0,77681.0,77695.0,77700.0,77706.0,77714.0,77725.0,77738.0,77746.0,77756.0,77768.0,77775.0,77787.0,77798.0,77808.0,77822.0,77828.0,77839.0,77861.0,77874.0,77890.0,77905.0,77916.0,77931.0,77943.0,77953.0,77969.0,77990.0,78003.0,78015.0,78027.0,78032.0,78042.0,78056.0,78064.0,78081.0,78097.0,78110.0,78121.0,78127.0,78140.0,78154.0,78169.0,78188.0,78198.0,78215.0,78226.0,78243.0,78251.0,78256.0,78267.0,78276.0,78288.0,78302.0,78318.0,78323.0,78328.0,78337.0,78347.0,78355.0,78361.0,78370.0,78377.0,78388.0,78401.0,78414.0,78425.0,78432.0,78440.0,78448.0,78462.0,78477.0,78490.0,78503.0,78513.0,78523.0,78534.0,78543.0,78564.0,78579.0,78597.0,78615.0,78629.0,78645.0,78656.0,78674.0,78696.0,78708.0,78719.0,78732.0,78752.0,78769.0,78779.0,78789.0,78803.0,78811.0,78823.0,78842.0,78849.0,78858.0,78869.0,78885.0,78900.0,78924.0,78935.0,78949.0,78966.0,78981.0,78990.0,79006.0,79014.0,79030
EcwqPbBQp50,202212.0,202298.0,202395.0,202492.0,202605.0,202723.0,202869.0,202987.0,203096.0,203187.0,203265.0,203369.0,203487.0,203615.0,203700.0,203807.0,203906.0,203995.0,204122.0,204217.0,204328.0,204440.0,204594.0,204695.0,204795.0,204902.0,204991.0,205110.0,205230.0,205356.0,205443.0,205550.0,205697.0,205805.0,205904.0,206036.0,206142.0,206228.0,206338.0,206471.0,206589.0,206690.0,206846.0,206973.0,207074.0,207179.0,207324.0,207409.0,207530.0,207644.0,207747.0,207864.0,207937.0,208033.0,208161.0,208278.0,208379.0,208492.0,208613.0,208691.0,208808.0,208902.0,209009.0,209113.0,209231.0,209353.0,209445.0,209549.0,209627.0,209731.0,209828.0,209927.0,210004.0,210101.0,210209.0,210330.0,210464.0,210552.0,210667.0,210761.0,210859.0,210956.0,211093.0,211257.0,211382.0,211514.0,211596.0,211696.0,211809.0,211927.0,212045.0,212170.0,212242.0,212337.0,212452.0,212554.0,212674.0,212755.0,212862.0,212973.0,213070.0,213167.0,213276.0,213389.0,213498.0,213616.0,213728.0,213822.0,213915.0,214003.0,214127.0,214243.0,214381.0,214502.0,214617.0,214717.0,214850.0,214953.0,215054.0,215173.0,215303.0,215421.0,215520.0,215645.0,215752.0,215855.0,215982.0,216087.0,216179.0,216253.0,216340.0,216423.0,216509.0,216588.0,,,,,,,,,217535.0,217627.0,217706.0,217805.0,217919.0,218045.0,218132.0,218243.0,218345.0,218432.0,218517.0,218635.0,218739.0,218822.0,218921.0,219024.0,219139.0,219251.0,219341.0,219433.0,219522.0,219614.0,219699.0,219779.0,219900.0,220021.0,220105.0,220183.0,220284.0,220352.0,220451.0,220540.0,220634.0,220732.0,220841.0,220905.0,220965.0,221054.0,221147.0,221223.0,221292.0,221390.0,221453.0,221531.0,221615.0,221690.0,221769.0,221886.0,221969.0,222062.0,222138.0,222210.0,222299.0,222396.0,222470.0,222554.0,222623.0,222694.0,222791.0,222892.0,222980.0,223039.0,223101.0,223173.0,223252.0,223363.0,223449.0,223547.0,223603.0,223695.0,223769.0,223828.0,223924.0,224018.0,224111.0,224212.0,224305.0,224390.0,224470.0,224550.0,224662.0,224757.0,224833.0,224918.0,224993.0,225095.0,225166.0,225255.0,225335.0,225410.0,225490.0,225543.0,225611.0,225686.0,225765.0,225839.0,225917.0,225976.0,226036.0,226084.0,226174.0,226240.0,226340.0,226420.0,226495.0,226551.0,226632.0,226705.0,226777.0,226853.0,226960.0,227029.0,227103.0,227176.0,227226.0,227318.0,227411.0,227495.0,227593.0,227693.0,227792.0,,227990.0,228088.0,228197.0,228276.0,228376.0,228460.0,228558.0,228642.0,228722.0,228800.0,228885.0,228952.0,229012.0,229094.0,229166.0,229248.0,229342.0,229420.0,229491.0,229557.0,229619.0,229704.0,229784.0,229842.0,229909.0,230000.0,230075.0,230143.0,230216.0,230305.0,230404.0,230492.0,230569.0,230623.0,230696.0,230785.0,230856.0,230938.0,230998.0,231062.0,231123.0,231223.0,231319.0,231409.0,231492.0,231578.0,231673.0,231797.0,231920.0,232037.0,232147.0,232231.0,232322.0,232395.0,232472.0,232545.0,232628.0,232696.0,232760.0,232823.0,232908.0,232987.0,233067.0,233157.0,233259.0,233341.0,233451.0,233523.0,233587.0,233669.0,233733.0,233808.0,233884.0,233962.0,234030.0,234085.0,234144.0,234218.0,234280.0,234354.0,234404.0,234472.0,234531.0,234607.0,234676.0,234774.0,234847.0,234938.0,235016.0,235075.0,235139.0,235237.0,235350.0,235439.0,235531.0,235613.0,235681.0,235766.0,235831.0,235903.0,235984.0,236058.0,236130.0,236189.0,236287.0,236364.0,236457.0,236526.0,236617.0,236698.0,236767.0,236863.0,236960.0,237055
0jLUKJiSJa4,2808831.0,2809069.0,2809314.0,2809542.0,2809746.0,2810055.0,2810305.0,2810606.0,2810921.0,2811230.0,2811513.0,2811819.0,2812141.0,2812397.0,2812703.0,2812976.0,2813264.0,2813551.0,2813860.0,2814182.0,2814538.0,2814920.0,2815217.0,2815453.0,2815716.0,2816014.0,2816316.0,2816572.0,2816880.0,2817182.0,2817469.0,2817768.0,2818040.0,2818336.0,2818697.0,2819039.0,2819374.0,2819708.0,2820030.0,2820350.0,2820632.0,2820927.0,2821175.0,2821457.0,2821755.0,2822047.0,2822335.0,2822673.0,2822974.0,2823281.0,2823557.0,2823809.0,2824061.0,2824311.0,2824586.0,2824838.0,2825153.0,2825371.0,2825582.0,2825783.0,2826010.0,2826239.0,2826486.0,2826719.0,2826960.0,2827178.0,2827402.0,2827648.0,2827842.0,2828123.0,2828368.0,2828650.0,2828884.0,2829172.0,2829425.0,2829686.0,2829984.0,2830197.0,2830482.0,2830737.0,2831022.0,2831307.0,2831551.0,2831815.0,2832077.0,2832340.0,2832604.0,2832845.0,2833100.0,2833312.0,2833637.0,2833893.0,2834149.0,2834379.0,2834638.0,2834840.0,2835039.0,2835254.0,2835516.0,2835779.0,2836037.0,2836251.0,2836474.0,2836684.0,2836925.0,2837136.0,2837342.0,2837629.0,2837888.0,2838110.0,2838385.0,2838639.0,2838956.0,2839279.0,2839587.0,2839824.0,2840112.0,2840453.0,2840781.0,2841118.0,2841409.0,2841816.0,2842095.0,2842369.0,2842631.0,2842935.0,2843196.0,2843458.0,2843721.0,2843978.0,2844231.0,2844443.0,2844658.0,2844950.0,,,,,,,,,2847047.0,2847344.0,2847587.0,2847845.0,2848093.0,2848304.0,2848545.0,2848757.0,2849045.0,2849312.0,2849536.0,2849751.0,2849988.0,2850179.0,2850369.0,2850580.0,2850760.0,2850957.0,2851117.0,2851248.0,2851420.0,2851576.0,2851742.0,2851920.0,2852034.0,2852222.0,2852430.0,2852599.0,2852746.0,2852921.0,2853099.0,2853250.0,2853407.0,2853553.0,2853746.0,2853918.0,2854073.0,2854323.0,2854555.0,2854782.0,2854991.0,2855172.0,2855385.0,2855613.0,2855774.0,2855993.0,2856208.0,2856415.0,2856652.0,2856831.0,2857013.0,2857216.0,2857397.0,2857584.0,2857748.0,2857914.0,2858122.0,2858243.0,2858437.0,2858638.0,2858862.0,2859036.0,2859226.0,2859411.0,2859630.0,2859826.0,2860015.0,2860203.0,2860388.0,2860606.0,2860819.0,2860982.0,2861174.0,2861431.0,2861644.0,2861869.0,2862077.0,2862280.0,2862485.0,2862695.0,2862897.0,2863064.0,2863296.0,2863533.0,2863712.0,2863931.0,2864121.0,2864302.0,2864455.0,2864622.0,2864826.0,2865059.0,2865254.0,2865477.0,2865667.0,2865895.0,2866092.0,2866328.0,2866567.0,2866763.0,2866973.0,2867223.0,2867422.0,2867659.0,2867907.0,2868088.0,2868347.0,2868575.0,2868831.0,2869053.0,2869275.0,2869479.0,2869634.0,2869818.0,2869997.0,2870184.0,2870352.0,2870488.0,2870670.0,2870811.0,2870984.0,,2871351.0,2871561.0,2871731.0,2871882.0,2872039.0,2872219.0,2872396.0,2872520.0,2872674.0,2872857.0,2873018.0,2873184.0,2873350.0,2873519.0,2873691.0,2873860.0,2874033.0,2874257.0,2874434.0,2874622.0,2874796.0,2874985.0,2875173.0,2875362.0,2875534.0,2875710.0,2875908.0,2876121.0,2876272.0,2876446.0,2876613.0,2876788.0,2876938.0,2877073.0,2877209.0,2877375.0,2877563.0,2877731.0,2877902.0,2878069.0,2878281.0,2878443.0,2878658.0,2878803.0,2878992.0,2879148.0,2879343.0,2879517.0,2879700.0,2879866.0,2880017.0,2880181.0,2880330.0,2880503.0,2880679.0,2880824.0,2880979.0,2881143.0,2881309.0,2881470.0,2881601.0,2881770.0,2881964.0,2882124.0,2882305.0,2882493.0,2882660.0,2882805.0,2882958.0,2883127.0,2883317.0,2883506.0,2883667.0,2883820.0,2883980.0,2884150.0,2884308.0,2884455.0,2884617.0,2884788.0,2884982.0,2885130.0,2885293.0,2885452.0,2885637.0,2885807.0,2885975.0,2886159.0,2886323.0,2886488.0,2886666.0,2886862.0,2887022.0,2887207.0,2887415.0,2887620.0,2887784.0,2887938.0,2888102.0,2888260.0,2888442.0,2888605.0,2888777.0,2888957.0,2889107.0,2889339.0,2889561.0,2889723.0,2889944.0,2890088.0,2890244.0,2890481.0,2890771.0,2891027
-g8BzILb4pM,1250074.0,1250373.0,1250718.0,1251009.0,1251335.0,1251681.0,1252032.0,1252400.0,1252751.0,1253074.0,1253446.0,1253783.0,1254115.0,1254447.0,1254765.0,1255154.0,1255423.0,1255664.0,1255889.0,1256209.0,1256485.0,1256734.0,1257049.0,1257295.0,1257516.0,1257817.0,1258121.0,1258346.0,1258606.0,1258875.0,1259094.0,1259258.0,1259510.0,1259796.0,1260122.0,1260511.0,1260827.0,1261116.0,1261371.0,1261642.0,1261961.0,1262369.0,1262680.0,1263039.0,1263321.0,1263638.0,1263949.0,1264261.0,1264621.0,1264963.0,1265295.0,1265623.0,1265907.0,1266219.0,1266599.0,1266947.0,1267308.0,1267722.0,1268092.0,1268439.0,1268802.0,1269163.0,1269465.0,1269789.0,1270122.0,1270425.0,1270702.0,1271131.0,1271652.0,1272616.0,1273636.0,1274589.0,1275460.0,1276315.0,1277316.0,1278251.0,1279173.0,1280163.0,1281021.0,1281538.0,1281914.0,1282348.0,1282823.0,1283308.0,1283709.0,1284096.0,1284482.0,1284808.0,1285186.0,1285621.0,1285996.0,1286419.0,1286738.0,1286995.0,1287350.0,1287739.0,1288151.0,1288636.0,1289092.0,1289497.0,1289859.0,1290219.0,1290579.0,1290932.0,1291433.0,1291858.0,1292280.0,1292681.0,1293057.0,1293563.0,1293981.0,1294436.0,1294834.0,1295264.0,1295653.0,1296016.0,1296408.0,1296886.0,1297359.0,1297843.0,1298291.0,1298700.0,1299022.0,1299442.0,1299893.0,1300369.0,1300832.0,1301225.0,1301601.0,1301927.0,1302308.0,1302737.0,1303135.0,1303502.0,,,,,,,,,1306902.0,1307243.0,1307670.0,1308029.0,1308435.0,1308808.0,1309200.0,1309521.0,1309812.0,1310197.0,1310620.0,1311060.0,1311430.0,1311887.0,1312310.0,1312673.0,1313080.0,1313535.0,1313944.0,1314443.0,1314795.0,1315145.0,1315539.0,1315989.0,1316457.0,1316929.0,1317435.0,1318063.0,1318528.0,1318966.0,1319493.0,1320018.0,1320533.0,1320993.0,1321528.0,1321965.0,1322409.0,1322824.0,1323349.0,1324021.0,1324579.0,1325108.0,1325577.0,1326104.0,1326585.0,1327174.0,1327770.0,1329404.0,1330353.0,1330876.0,1331308.0,1331777.0,1332247.0,1332732.0,1333235.0,1333714.0,1334082.0,1334501.0,1334940.0,1335412.0,1335925.0,1336340.0,1336763.0,1337205.0,1337657.0,1338313.0,1338920.0,1339443.0,1339890.0,1340246.0,1340672.0,1341112.0,1341587.0,1342001.0,1342375.0,1342779.0,1343302.0,1343691.0,1344107.0,1344542.0,1344929.0,1345353.0,1345707.0,1346148.0,1346527.0,1346849.0,1347210.0,1347649.0,1348111.0,1348429.0,1348836.0,1349156.0,1349468.0,1349898.0,1350381.0,1350817.0,1351312.0,1351749.0,1352121.0,1352549.0,1352999.0,1353492.0,1353969.0,1354423.0,1354919.0,1355448.0,1355908.0,1356479.0,1357030.0,1357472.0,1358061.0,1358520.0,1358888.0,1359359.0,1359814.0,1360255.0,1360687.0,1361057.0,1361518.0,1362034.0,1362526.0,,1363559.0,1364112.0,1364667.0,1365130.0,1365492.0,1365955.0,1366427.0,1367048.0,1367643.0,1368202.0,1368739.0,1369141.0,1369529.0,1370038.0,1370523.0,1371073.0,1371765.0,1372551.0,1372994.0,1373455.0,1373931.0,1374398.0,1374891.0,1375355.0,1375782.0,1376143.0,1376472.0,1376852.0,1378766.0,1380316.0,1380851.0,1381294.0,1381751.0,1382145.0,1382652.0,1383150.0,1383736.0,1384163.0,1384519.0,1384791.0,1385085.0,1385478.0,1385959.0,1386436.0,1387031.0,1387682.0,1388354.0,1388934.0,1389573.0,1390151.0,1390709.0,1391183.0,1391755.0,1392177.0,1393011.0,1393707.0,1394272.0,1394814.0,1395391.0,1396094.0,1396796.0,1397374.0,1398201.0,1398947.0,1399830.0,1400680.0,1401272.0,1401927.0,1402533.0,1403192.0,1403828.0,1404632.0,1405301.0,1405943.0,1406471.0,1407004.0,1407719.0,1408337.0,1408945.0,1409586.0,1410144.0,1410629.0,1411116.0,1411708.0,1412290.0,1412785.0,1413360.0,1413850.0,1414250.0,1414649.0,1415176.0,1415714.0,1416162.0,1416715.0,1417177.0,1417616.0,1418053.0,1418561.0,1419139.0,1419657.0,1420065.0,1420543.0,1420997.0,1421374.0,1421818.0,1422279.0,1422749.0,1423142.0,1423623.0,1424033.0,1424336.0,1424755.0,1425121.0,1425506
dK7a9rDgU3g,1259002.0,1259156.0,1259281.0,1259429.0,1259580.0,1259715.0,1259866.0,1260004.0,1260132.0,1260280.0,1260395.0,1260561.0,1260693.0,1260789.0,1260926.0,1261067.0,1261156.0,1261250.0,1261367.0,1261481.0,1261597.0,1261701.0,1261819.0,1261926.0,1262041.0,1262168.0,1262263.0,1262378.0,1262501.0,1262618.0,1262711.0,1262806.0,1262921.0,1263040.0,1263178.0,1263354.0,1263495.0,1263653.0,1263790.0,1263937.0,1264081.0,1264209.0,1264392.0,1264548.0,1264662.0,1264804.0,1264935.0,1265044.0,1265182.0,1265308.0,1265421.0,1265554.0,1265714.0,1265850.0,1265979.0,1266126.0,1266264.0,1266367.0,1266506.0,1266654.0,1266778.0,1266913.0,1267028.0,1267146.0,1267269.0,1267414.0,1267526.0,1267669.0,1267819.0,1268045.0,1268307.0,1268476.0,1268640.0,1268797.0,1268932.0,1269118.0,1269257.0,1269425.0,1269581.0,1269709.0,1269891.0,1270058.0,1270210.0,1270329.0,1270492.0,1270639.0,1270805.0,1270967.0,1271109.0,1271242.0,1271388.0,1271568.0,1271674.0,1271796.0,1271958.0,1272084.0,1272213.0,1272344.0,1272458.0,1272612.0,1272738.0,1272893.0,1272999.0,1273108.0,1273245.0,1273363.0,1273496.0,1273634.0,1273735.0,1273875.0,1273998.0,1274117.0,1274215.0,1274358.0,1274481.0,1274595.0,1274713.0,1274833.0,1274965.0,1275092.0,1275201.0,1275298.0,1275437.0,1275547.0,1275682.0,1275840.0,1275987.0,1276113.0,1276245.0,1276348.0,1276477.0,1276598.0,1276693.0,1276806.0,,,,,,,,,1277741.0,1277857.0,1277951.0,1278057.0,1278159.0,1278264.0,1278348.0,1278438.0,1278540.0,1278643.0,1278743.0,1278821.0,1278916.0,1279023.0,1279141.0,1279238.0,1279349.0,1279542.0,1279653.0,1279778.0,1279870.0,1279963.0,1280078.0,1280193.0,1280283.0,1280395.0,1280553.0,1280663.0,1280757.0,1280904.0,1281026.0,1281171.0,1281300.0,1281420.0,1281563.0,1281642.0,1281763.0,1281874.0,1282010.0,1283132.0,1283302.0,1283430.0,1283555.0,1283530.0,1283652.0,1283827.0,1283969.0,1284102.0,1284234.0,1284354.0,1284469.0,1284591.0,1284690.0,1284803.0,1284908.0,1285039.0,1285145.0,1285254.0,1285395.0,1285505.0,1285610.0,1285704.0,1285827.0,1285924.0,1286006.0,1286118.0,1286270.0,1286392.0,1286463.0,1286538.0,1286620.0,1286714.0,1286818.0,1286936.0,1287025.0,1287141.0,1287251.0,1287346.0,1287469.0,1287563.0,1287657.0,1287760.0,1287859.0,1287957.0,1288064.0,1288163.0,1288268.0,1288361.0,1288471.0,1288563.0,1288679.0,1288760.0,1288860.0,1288982.0,1289073.0,1289188.0,1289364.0,1289489.0,1289603.0,1289728.0,1289829.0,1289980.0,1290114.0,1290246.0,1290362.0,1290485.0,1290599.0,1290731.0,1290859.0,1290960.0,1291072.0,1291228.0,1291346.0,1291454.0,1291539.0,1291668.0,1291780.0,1291880.0,1291987.0,1292109.0,1292215.0,,1292503.0,1292643.0,1292788.0,1292942.0,1293065.0,1293220.0,1293378.0,1293503.0,1293640.0,1293780.0,1293910.0,1294007.0,1294140.0,1294254.0,1294409.0,1294574.0,1294739.0,1294893.0,1295027.0,1295180.0,1295303.0,1295440.0,1295562.0,1295679.0,1295772.0,1295893.0,1295989.0,1296109.0,1296247.0,1296403.0,1296536.0,1296678.0,1296789.0,1296884.0,1297062.0,1297191.0,1297369.0,1297483.0,1297581.0,1297683.0,1297750.0,1297855.0,1297959.0,1298050.0,1298179.0,1298315.0,1298441.0,1298584.0,1298703.0,1298861.0,1299045.0,1299204.0,1299407.0,1299556.0,1299727.0,1299910.0,1300098.0,1300297.0,1300502.0,1300662.0,1300821.0,1300940.0,1301125.0,1301303.0,1301529.0,1301688.0,1301825.0,1301994.0,1302134.0,1302256.0,1302396.0,1302552.0,1302718.0,1302862.0,1302996.0,1303110.0,1303273.0,1303410.0,1303515.0,1303657.0,1303778.0,1303896.0,1303984.0,1304110.0,1304230.0,1304345.0,1304453.0,1304563.0,1304656.0,1304742.0,1304861.0,1304959.0,1305027.0,1305096.0,1305192.0,1305300.0,1305423.0,1305509.0,1305607.0,1305716.0,1305819.0,1305901.0,1305979.0,1306075.0,1306169.0,1306272.0,1306357.0,1306458.0,1306568.0,1306679.0,1306753.0,1306843.0,1306965.0,1307072
-Fbj3A3bD7E,,,,,,,,,,,,,,,,,,,,,,,,,,,,,,,,,,,,,,,,,,,,,,,,,,,,,,,,,,,,,,,,,,,,,,,,,,,,,,,,,,,,,,,,,,,,,,,,,,,,,,,,,,,,,,,,,,,,,,,,,,,,,,,,,,,,,,,,,,,,,,,,,,,,,,,,,,,,,,,,,,,,,,,,,,,,,,,,,,,,,,,,,,,,,,,,,,,,,,,,,,,,,,,,,,,,,,,,,,,,,,,,,,,,,,,,,,,,,,,,,,,,,,,,,,,,,,,,,,,,,,,,,,,,,,,,,,,,,,,,,,,,,,,,,,,,,,,,,,,,,,,,,,,,,,,,,,,,,,,,,,,,,,,,,,,,,,,,,,,,,,,,,,,,,,,,,,,,,,,,,,,,,,,,,,,,,,,,,,
HaKvX3tZDHo,577923.0,578145.0,578357.0,578580.0,578835.0,579045.0,579332.0,579612.0,579872.0,580135.0,580365.0,580644.0,580873.0,581125.0,581371.0,581646.0,581908.0,582158.0,582372.0,582607.0,582830.0,583078.0,583354.0,583541.0,583782.0,584036.0,584280.0,584486.0,584712.0,584934.0,585129.0,585322.0,585537.0,585783.0,586100.0,586440.0,586768.0,587034.0,587256.0,587553.0,587825.0,588139.0,588430.0,588808.0,589058.0,589256.0,589559.0,589857.0,590196.0,590469.0,590778.0,591125.0,591434.0,591747.0,592062.0,592354.0,592694.0,593051.0,593809.0,594294.0,594674.0,594991.0,595317.0,595641.0,596004.0,596285.0,596526.0,596834.0,597134.0,597510.0,597902.0,598278.0,598626.0,598934.0,599307.0,599657.0,600039.0,600424.0,600773.0,601066.0,601292.0,601598.0,601997.0,602244.0,602591.0,602925.0,603215.0,603508.0,603831.0,604174.0,604521.0,604828.0,605120.0,605411.0,605691.0,606076.0,606360.0,606741.0,607061.0,607403.0,607698.0,608008.0,608341.0,608611.0,609991.0,610421.0,610746.0,610869.0,611127.0,611442.0,611790.0,612085.0,612381.0,612721.0,613963.0,614550.0,614893.0,615284.0,615743.0,616089.0,616453.0,616793.0,617054.0,617393.0,617822.0,618146.0,618489.0,618776.0,619025.0,619318.0,619608.0,619913.0,620215.0,620527.0,,,,,,,,,623038.0,623299.0,623602.0,623891.0,624205.0,624505.0,624758.0,624989.0,625234.0,625485.0,625786.0,626067.0,626328.0,626616.0,626816.0,627065.0,627329.0,627653.0,627962.0,628198.0,628433.0,628645.0,628876.0,629170.0,629436.0,629839.0,630228.0,630598.0,630899.0,631211.0,631509.0,631872.0,632230.0,632528.0,632849.0,633084.0,633317.0,633580.0,633885.0,634218.0,634592.0,634893.0,635201.0,635452.0,635792.0,636100.0,636434.0,636785.0,637081.0,637378.0,637595.0,637904.0,638238.0,638533.0,638841.0,639183.0,639409.0,639683.0,639935.0,640251.0,640555.0,640817.0,641028.0,641326.0,641546.0,641864.0,642181.0,642467.0,642696.0,642919.0,643192.0,643437.0,643725.0,644015.0,644303.0,644572.0,644855.0,645082.0,645277.0,645532.0,645820.0,646019.0,646268.0,646557.0,646794.0,646992.0,647203.0,647421.0,647670.0,647901.0,648131.0,648319.0,648532.0,648833.0,649052.0,649329.0,649778.0,650183.0,650470.0,650783.0,651084.0,651477.0,651847.0,652337.0,652786.0,653236.0,653761.0,654219.0,654701.0,655207.0,655576.0,655991.0,656321.0,656608.0,657088.0,657430.0,657770.0,658103.0,658494.0,658928.0,659381.0,,660456.0,661064.0,661686.0,662086.0,662533.0,662945.0,663488.0,664139.0,664716.0,665347.0,665849.0,666262.0,666631.0,667150.0,667663.0,668270.0,668975.0,669879.0,670451.0,670855.0,671460.0,671955.0,672412.0,672833.0,673230.0,673554.0,673896.0,674250.0,674735.0,675188.0,675610.0,676018.0,676359.0,676632.0,677025.0,677386.0,677815.0,678117.0,678423.0,678633.0,678838.0,679116.0,679474.0,679861.0,680351.0,681012.0,681840.0,682355.0,683056.0,683725.0,684355.0,684829.0,685370.0,685755.0,686552.0,687463.0,688102.0,688777.0,689367.0,690612.0,691549.0,692336.0,693235.0,694226.0,695131.0,696096.0,696824.0,697608.0,698322.0,699016.0,699636.0,700330.0,700936.0,701515.0,702022.0,702430.0,702985.0,703427.0,704028.0,704583.0,705099.0,705449.0,705866.0,706418.0,706911.0,707389.0,707917.0,708332.0,708653.0,708976.0,709380.0,709803.0,710205.0,710621.0,710996.0,711399.0,711718.0,712171.0,712597.0,713021.0,713435.0,713760.0,714054.0,714421.0,714859.0,715238.0,715731.0,716164.0,716646.0,717049.0,717366.0,717795.0,718200.0,718542
UzeURoldC5g,1365.0,1365.0,1365.0,1365.0,1365.0,1365.0,1365.0,1365.0,1365.0,1365.0,1365.0,1365.0,1365.0,1365.0,1365.0,1365.0,1365.0,1365.0,1365.0,1365.0,1365.0,1365.0,1365.0,1365.0,1365.0,1365.0,1365.0,1365.0,1365.0,1365.0,1365.0,1365.0,1365.0,1365.0,1365.0,1365.0,1365.0,1365.0,1365.0,1365.0,1365.0,1365.0,1365.0,1365.0,1365.0,1365.0,1365.0,1365.0,1365.0,1365.0,1365.0,1365.0,1365.0,1365.0,1365.0,1365.0,1365.0,1365.0,1365.0,1365.0,1365.0,1365.0,1365.0,1365.0,1365.0,1365.0,1365.0,1365.0,1365.0,1365.0,1365.0,1365.0,1365.0,1365.0,1365.0,1365.0,1365.0,1365.0,1365.0,1365.0,1365.0,1365.0,1365.0,1365.0,1365.0,1365.0,1365.0,1365.0,1365.0,1365.0,1365.0,1365.0,1365.0,1365.0,1365.0,1365.0,1365.0,1365.0,1365.0,1365.0,1365.0,1365.0,1365.0,1365.0,1365.0,1365.0,1365.0,1365.0,1365.0,1365.0,1365.0,1365.0,1365.0,1365.0,1365.0,1365.0,1365.0,1365.0,1365.0,1365.0,1365.0,1365.0,1365.0,1365.0,1365.0,1365.0,1365.0,1365.0,1365.0,1365.0,1365.0,1365.0,1365.0,1365.0,,,,,,,,,1365.0,1365.0,1365.0,1365.0,1365.0,1365.0,1365.0,1365.0,1365.0,1365.0,1365.0,1365.0,1365.0,1365.0,1365.0,1365.0,1365.0,1365.0,1365.0,1365.0,1365.0,1365.0,1365.0,1365.0,1365.0,1365.0,1365.0,1365.0,1365.0,1365.0,1365.0,1365.0,1365.0,1365.0,1365.0,1365.0,1365.0,1365.0,1365.0,1365.0,1365.0,1365.0,1365.0,1365.0,1365.0,1365.0,1365.0,1365.0,1365.0,1365.0,1365.0,1365.0,1365.0,1365.0,1365.0,1365.0,1365.0,1365.0,1365.0,1365.0,1365.0,1365.0,1365.0,1365.0,1365.0,1365.0,1365.0,1365.0,1365.0,1365.0,1365.0,1365.0,1365.0,1365.0,1365.0,1365.0,1365.0,1365.0,1365.0,1365.0,1365.0,1365.0,1365.0,1365.0,1365.0,1365.0,1365.0,1365.0,1365.0,1365.0,1365.0,1365.0,1365.0,1365.0,1365.0,1365.0,1365.0,1365.0,1365.0,1365.0,1365.0,1365.0,1365.0,1365.0,1365.0,1365.0,1365.0,1365.0,1365.0,1365.0,1365.0,1365.0,1365.0,1365.0,1365.0,1365.0,1365.0,1365.0,1365.0,1365.0,1365.0,,1365.0,1365.0,1365.0,1365.0,1365.0,1365.0,1365.0,1365.0,1365.0,1365.0,1365.0,1365.0,1365.0,1365.0,1365.0,1365.0,1365.0,1365.0,1365.0,1365.0,1365.0,1365.0,1365.0,1365.0,1365.0,1365.0,1365.0,1365.0,1365.0,1365.0,1365.0,1365.0,1365.0,1365.0,1365.0,1365.0,1365.0,1365.0,1365.0,1365.0,1365.0,1365.0,1365.0,1365.0,1365.0,1365.0,1365.0,1365.0,1365.0,1365.0,1365.0,1365.0,1365.0,1365.0,1365.0,1365.0,1365.0,1365.0,1365.0,1365.0,1365.0,1365.0,1365.0,1365.0,1365.0,1365.0,1365.0,1365.0,1365.0,1365.0,1365.0,1365.0,1365.0,1365.0,1365.0,1365.0,1365.0,1365.0,1365.0,1365.0,1365.0,1365.0,1365.0,1365.0,1365.0,1365.0,1365.0,1365.0,1365.0,1365.0,1365.0,1365.0,1365.0,1365.0,1365.0,1365.0,1365.0,1365.0,1365.0,1365.0,1365.0,1365.0,1365.0,1365.0,1365.0,1365.0,1365.0,1365.0,1365.0,1365.0,1365.0,1365.0,1365.0,1365
jebv1y6eb9o,63927.0,63927.0,63927.0,63927.0,63927.0,63927.0,63927.0,63927.0,63927.0,63927.0,63927.0,63927.0,63927.0,63927.0,63927.0,63927.0,63927.0,63927.0,63927.0,63927.0,63927.0,63927.0,63927.0,63927.0,63927.0,63927.0,63927.0,63927.0,63927.0,63927.0,63927.0,63927.0,63927.0,63927.0,63927.0,63927.0,63927.0,63927.0,63927.0,63927.0,63927.0,63927.0,63927.0,63927.0,63927.0,63927.0,63927.0,63927.0,63927.0,63927.0,63927.0,63927.0,63927.0,63927.0,63927.0,63927.0,63927.0,63927.0,63927.0,63927.0,63927.0,63927.0,63927.0,63927.0,63927.0,63927.0,63927.0,63927.0,63927.0,63927.0,63927.0,63927.0,63927.0,63927.0,63927.0,63927.0,63927.0,63927.0,63927.0,63927.0,63927.0,63927.0,63927.0,63927.0,63927.0,63927.0,63927.0,63927.0,63927.0,63927.0,63927.0,63927.0,63927.0,63927.0,63927.0,63927.0,63927.0,63927.0,63927.0,63927.0,63927.0,63927.0,63927.0,63927.0,63927.0,63927.0,63927.0,63927.0,63927.0,63927.0,63927.0,63927.0,63927.0,63927.0,63927.0,63927.0,63927.0,63927.0,63927.0,63927.0,63927.0,63927.0,63927.0,63927.0,63927.0,63927.0,63927.0,63927.0,63927.0,63927.0,63927.0,63927.0,63927.0,63927.0,,,,,,,,,63927.0,63927.0,63927.0,63927.0,63927.0,63927.0,63927.0,63927.0,63927.0,63927.0,63927.0,63927.0,63927.0,63927.0,63927.0,63927.0,63927.0,63927.0,63927.0,63927.0,63927.0,63927.0,63927.0,63927.0,63927.0,63927.0,63927.0,63927.0,63927.0,63927.0,63927.0,63927.0,63927.0,63927.0,63927.0,63927.0,63927.0,63927.0,63927.0,63927.0,63927.0,63927.0,63927.0,63927.0,63927.0,63927.0,63927.0,63927.0,63927.0,63927.0,63927.0,63927.0,63927.0,63927.0,63927.0,63927.0,63927.0,63927.0,63927.0,63927.0,63927.0,63927.0,63927.0,63927.0,63927.0,63927.0,63927.0,63927.0,63927.0,63927.0,63927.0,63927.0,63927.0,63927.0,63927.0,63927.0,63927.0,63927.0,63927.0,63927.0,63927.0,63927.0,63927.0,63927.0,63927.0,63927.0,63927.0,63927.0,63927.0,63927.0,63927.0,63927.0,63927.0,63927.0,63927.0,63927.0,63927.0,63927.0,63927.0,63927.0,63927.0,63927.0,63927.0,63927.0,63927.0,63927.0,63927.0,63927.0,63927.0,63927.0,63927.0,63927.0,63927.0,63927.0,63927.0,63927.0,63927.0,63927.0,63927.0,63927.0,63927.0,,63927.0,63927.0,63927.0,63927.0,63927.0,63927.0,63927.0,63927.0,63927.0,63927.0,63927.0,63927.0,63927.0,63927.0,63927.0,63927.0,63927.0,63927.0,63927.0,63927.0,63927.0,63927.0,63927.0,63927.0,63927.0,63927.0,63927.0,63927.0,63927.0,63927.0,63927.0,63927.0,63927.0,63927.0,63927.0,63927.0,63927.0,63927.0,63927.0,63927.0,63927.0,63927.0,63927.0,63927.0,63927.0,63927.0,63927.0,63927.0,63927.0,63927.0,63927.0,63927.0,63927.0,63927.0,63927.0,63927.0,63927.0,63927.0,63927.0,63927.0,63927.0,63927.0,63927.0,63927.0,63927.0,63927.0,63927.0,63927.0,63927.0,63927.0,63927.0,63927.0,63927.0,63927.0,63927.0,63927.0,63927.0,63927.0,63927.0,63927.0,63927.0,63927.0,63927.0,63927.0,63927.0,63927.0,63927.0,63927.0,63927.0,63927.0,63927.0,63927.0,63927.0,63927.0,63927.0,63927.0,63927.0,63927.0,63927.0,63927.0,63927.0,63927.0,63927.0,63927.0,63927.0,63927.0,63927.0,63927.0,63927.0,63927.0,63927.0,63927.0,63927.0,63927
wjJ_Plzx8qk,449112.0,449112.0,449112.0,449112.0,449112.0,449112.0,449112.0,449112.0,449112.0,449112.0,449112.0,449112.0,449112.0,449112.0,449112.0,449112.0,449112.0,449112.0,449112.0,449112.0,449113.0,449112.0,449112.0,449112.0,449112.0,449112.0,449112.0,449112.0,449112.0,449112.0,449112.0,449112.0,449112.0,449112.0,449112.0,449112.0,449112.0,449112.0,449112.0,449112.0,449112.0,449112.0,449112.0,449112.0,449112.0,449112.0,449112.0,449112.0,449112.0,449112.0,449112.0,449112.0,449112.0,449112.0,449112.0,449112.0,449112.0,449112.0,449112.0,449112.0,449112.0,449112.0,449112.0,449112.0,449112.0,449112.0,449112.0,449112.0,449112.0,449112.0,449112.0,449112.0,449112.0,449112.0,449112.0,449112.0,449112.0,449112.0,449112.0,449112.0,449112.0,449112.0,449112.0,449112.0,449112.0,449112.0,449112.0,449112.0,449112.0,449112.0,449112.0,449112.0,449112.0,449112.0,449112.0,449112.0,449112.0,449112.0,449112.0,449112.0,449112.0,449112.0,449112.0,449112.0,449112.0,449112.0,449112.0,449112.0,449112.0,449112.0,449112.0,449112.0,449112.0,449112.0,449112.0,449112.0,449112.0,449112.0,449112.0,449112.0,449112.0,449112.0,449112.0,449112.0,449112.0,449112.0,449112.0,449112.0,449112.0,449112.0,449112.0,449112.0,449112.0,449112.0,,,,,,,,,449112.0,449112.0,449112.0,449112.0,449112.0,449112.0,449112.0,449112.0,449112.0,449112.0,449112.0,449112.0,449112.0,449112.0,449112.0,449112.0,449112.0,449112.0,449112.0,449112.0,449112.0,449112.0,449112.0,449112.0,449112.0,449112.0,449112.0,449112.0,449112.0,449112.0,449112.0,449112.0,449112.0,449112.0,449112.0,449112.0,449112.0,449112.0,449112.0,449112.0,449112.0,449112.0,449112.0,449112.0,449112.0,449112.0,449112.0,449112.0,449112.0,449112.0,449112.0,449112.0,449112.0,449112.0,449112.0,449112.0,449112.0,449112.0,449112.0,449112.0,449112.0,449112.0,449112.0,449112.0,449112.0,449112.0,449112.0,449112.0,449112.0,449112.0,449112.0,449112.0,449112.0,449112.0,449112.0,449112.0,449112.0,449112.0,449112.0,449112.0,449112.0,449112.0,449112.0,449112.0,449112.0,449112.0,449112.0,449112.0,449112.0,449112.0,449112.0,449112.0,449112.0,449112.0,449112.0,449112.0,449112.0,449112.0,449112.0,449112.0,449112.0,449112.0,449112.0,449112.0,449112.0,449112.0,449112.0,449112.0,449112.0,449112.0,449112.0,449112.0,449112.0,449112.0,449112.0,449112.0,449112.0,449112.0,449112.0,449112.0,449112.0,,449112.0,449112.0,449112.0,449112.0,449112.0,449112.0,449112.0,449112.0,449112.0,449112.0,449112.0,449112.0,449112.0,449112.0,449112.0,449112.0,449112.0,449112.0,449112.0,449112.0,449112.0,449112.0,449112.0,449112.0,449112.0,449112.0,449112.0,449112.0,449112.0,449112.0,449112.0,449112.0,449112.0,449112.0,449112.0,449112.0,449112.0,449112.0,449112.0,449112.0,449112.0,449112.0,449112.0,449112.0,449112.0,449112.0,449112.0,449112.0,449112.0,449112.0,449112.0,449112.0,449112.0,449112.0,449112.0,449112.0,449112.0,449112.0,449112.0,449112.0,449112.0,449112.0,449112.0,449112.0,449112.0,449112.0,449112.0,449112.0,449112.0,449112.0,449112.0,449112.0,449112.0,449112.0,449112.0,449112.0,449112.0,449112.0,449112.0,449112.0,449112.0,449112.0,449112.0,449112.0,449112.0,449112.0,449112.0,449112.0,449112.0,449112.0,449112.0,449112.0,449112.0,449112.0,449112.0,449112.0,449112.0,449112.0,449112.0,449112.0,449112.0,449112.0,449112.0,449112.0,449112.0,449112.0,449112.0,449112.0,449112.0,449112.0,449112.0,449112.0,449112.0,449112
H8qOcHaa6cw,1428498.0,1428558.0,1428612.0,1428663.0,1428709.0,1428789.0,1428848.0,1428913.0,1428976.0,1429037.0,1429081.0,1429159.0,1429208.0,1429265.0,1429306.0,1429383.0,1429441.0,1429505.0,1429543.0,1429601.0,1429668.0,1429735.0,1429780.0,1429826.0,1429874.0,1429931.0,1429983.0,1430040.0,1430098.0,1430157.0,1430198.0,1430249.0,1430290.0,1430328.0,1430400.0,1430460.0,1430506.0,1430544.0,1430597.0,1430638.0,1430687.0,1430722.0,1430781.0,1430845.0,1430905.0,1430938.0,1430994.0,1431051.0,1431114.0,1431161.0,1431217.0,1431256.0,1431288.0,1431318.0,1431363.0,1431463.0,1431523.0,1431567.0,1431621.0,1431659.0,1431717.0,1431772.0,1431819.0,1431872.0,1431926.0,1431971.0,1432015.0,1432069.0,1432122.0,1432178.0,1432222.0,1432294.0,1432351.0,1432402.0,1432434.0,1432494.0,1432567.0,1432636.0,1432687.0,1432745.0,1432805.0,1432906.0,1432994.0,1433091.0,1433167.0,1433233.0,1433291.0,1433351.0,1433411.0,1433466.0,1433514.0,1433565.0,1433612.0,1433674.0,1433717.0,1433778.0,1433841.0,1433888.0,1433942.0,1433989.0,1434032.0,1434083.0,1434144.0,1434195.0,1434224.0,1434258.0,1434297.0,1434328.0,1434388.0,1434427.0,1434463.0,1434523.0,1434572.0,1434623.0,1434668.0,1434718.0,1434767.0,1434821.0,1434885.0,1434930.0,1434980.0,1435027.0,1435082.0,1435152.0,1435224.0,1435273.0,1435346.0,1435412.0,1435463.0,1435512.0,1435561.0,1435623.0,1435669.0,1435723.0,,,,,,,,,1436200.0,1436241.0,1436301.0,1436343.0,1436403.0,1436471.0,1436521.0,1436579.0,1436638.0,1436686.0,1436725.0,1436764.0,1436807.0,1436855.0,1436898.0,1436934.0,1436986.0,1437042.0,1437090.0,1437149.0,1437219.0,1437279.0,1437343.0,1437398.0,1437441.0,1437476.0,1437543.0,1437585.0,1437625.0,1437678.0,1437719.0,1437781.0,1437844.0,1437886.0,1437954.0,1437997.0,1438047.0,1438089.0,1438153.0,1438191.0,1438255.0,1438319.0,1438363.0,1438425.0,1438476.0,1438508.0,1438567.0,1438613.0,1438645.0,1438693.0,1438732.0,1438766.0,1438809.0,1438860.0,1438916.0,1438961.0,1439006.0,1439045.0,1439082.0,1439132.0,1439194.0,1439236.0,1439278.0,1439315.0,1439353.0,1439413.0,1439471.0,1439532.0,1439549.0,1439582.0,1439624.0,1439665.0,1439721.0,1439774.0,1439846.0,1439898.0,1439963.0,1440004.0,1440050.0,1440089.0,1440148.0,1440188.0,1440239.0,1440283.0,1440323.0,1440350.0,1440380.0,1440415.0,1440477.0,1440526.0,1440563.0,1440607.0,1440650.0,1440683.0,1440717.0,1440775.0,1440811.0,1440850.0,1440904.0,1440932.0,1440959.0,1440996.0,1441043.0,1441074.0,1441122.0,1441157.0,1441194.0,1441231.0,1441266.0,1441309.0,1441350.0,1441399.0,1441456.0,1441497.0,1441573.0,1441635.0,1441684.0,1441739.0,1441785.0,1441837.0,1441895.0,,1442020.0,1442064.0,1442102.0,1442147.0,1442187.0,1442240.0,1442308.0,1442355.0,1442397.0,1442461.0,1442528.0,1442579.0,1442631.0,1442674.0,1442740.0,1442806.0,1442862.0,1442925.0,1442967.0,1443011.0,1443062.0,1443124.0,1443168.0,1443230.0,1443286.0,1443351.0,1443402.0,1443465.0,1443524.0,1443594.0,1443649.0,1443714.0,1443766.0,1443809.0,1443866.0,1443932.0,1443994.0,1444043.0,1444105.0,1444145.0,1444201.0,1444255.0,1444293.0,1444351.0,1444393.0,1444441.0,1444507.0,1444550.0,1444598.0,1444658.0,1444715.0,1444783.0,1444855.0,1444914.0,1444964.0,1445030.0,1445084.0,1445129.0,1445177.0,1445234.0,1445277.0,1445298.0,1445346.0,1445387.0,1445431.0,1445465.0,1445495.0,1445524.0,1445564.0,1445619.0,1445664.0,1445704.0,1445753.0,1445796.0,1445830.0,1445877.0,1445941.0,1445990.0,1446040.0,1446090.0,1446144.0,1446188.0,1446225.0,1446280.0,1446354.0,1446413.0,1446472.0,1446534.0,1446582.0,1446627.0,1446680.0,1446737.0,1446791.0,1446842.0,1446898.0,1446957.0,1447001.0,1447036.0,1447085.0,1447139.0,1447191.0,1447242.0,1447288.0,1447319.0,1447363.0,1447430.0,1447479.0,1447553.0,1447613.0,1447657.0,1447694.0,1447747.0,1447779.0,1447836
Wso67m8UpA0,29865.0,29868.0,29868.0,29869.0,29871.0,29875.0,29881.0,29887.0,29892.0,29894.0,29898.0,29901.0,29906.0,29913.0,29914.0,29917.0,29922.0,29926.0,29931.0,29934.0,29937.0,29942.0,29943.0,29945.0,29946.0,29949.0,29952.0,29954.0,29954.0,29954.0,29960.0,29961.0,29964.0,29965.0,29968.0,29968.0,29973.0,29975.0,29978.0,29982.0,29989.0,29991.0,29998.0,29999.0,30003.0,30004.0,30008.0,30009.0,30011.0,30013.0,30014.0,30016.0,30019.0,30025.0,30026.0,30028.0,30028.0,30034.0,30038.0,30040.0,30043.0,30046.0,30046.0,30050.0,30053.0,30057.0,30063.0,30065.0,30067.0,30068.0,30071.0,30073.0,30075.0,30077.0,30081.0,30081.0,30084.0,30085.0,30087.0,30090.0,30094.0,30098.0,30098.0,30101.0,30105.0,30109.0,30109.0,30111.0,30113.0,30114.0,30118.0,30120.0,30121.0,30124.0,30125.0,30129.0,30132.0,30134.0,30137.0,30143.0,30145.0,30145.0,30150.0,30154.0,30154.0,30157.0,30159.0,30162.0,30163.0,30167.0,30169.0,30175.0,30179.0,30182.0,30185.0,30189.0,30198.0,30199.0,30200.0,30203.0,30207.0,30210.0,30211.0,30216.0,30219.0,30224.0,30229.0,30230.0,30230.0,30232.0,30236.0,30236.0,30238.0,30240.0,,,,,,,,,30250.0,30252.0,30255.0,30255.0,30255.0,30256.0,30257.0,30258.0,30258.0,30260.0,30260.0,30261.0,30261.0,30265.0,30269.0,30274.0,30277.0,30278.0,30278.0,30279.0,30280.0,30280.0,30284.0,30285.0,30285.0,30285.0,30285.0,30285.0,30288.0,30290.0,30294.0,30295.0,30300.0,30304.0,30308.0,30310.0,30311.0,30316.0,30318.0,30320.0,30322.0,30323.0,30324.0,30325.0,30328.0,30329.0,30331.0,30333.0,30335.0,30339.0,30343.0,30345.0,30345.0,30349.0,30352.0,30353.0,30354.0,30354.0,30356.0,30356.0,30356.0,30357.0,30357.0,30361.0,30363.0,30370.0,30372.0,30374.0,30375.0,30377.0,30378.0,30378.0,30379.0,30382.0,30385.0,30386.0,30386.0,30387.0,30389.0,30391.0,30392.0,30393.0,30395.0,30399.0,30399.0,30399.0,30401.0,30401.0,30403.0,30407.0,30407.0,30409.0,30410.0,30413.0,30414.0,30417.0,30417.0,30419.0,30420.0,30423.0,30425.0,30428.0,30428.0,30428.0,30433.0,30433.0,30436.0,30442.0,30443.0,30443.0,30444.0,30445.0,30448.0,30450.0,30454.0,30456.0,30461.0,30464.0,30466.0,30468.0,30469.0,,30474.0,30475.0,30477.0,30477.0,30482.0,30484.0,30486.0,30487.0,30491.0,30493.0,30496.0,30498.0,30499.0,30500.0,30501.0,30504.0,30509.0,30511.0,30514.0,30515.0,30516.0,30517.0,30520.0,30520.0,30523.0,30527.0,30530.0,30532.0,30534.0,30535.0,30538.0,30543.0,30545.0,30549.0,30552.0,30552.0,30555.0,30557.0,30559.0,30560.0,30563.0,30565.0,30567.0,30571.0,30573.0,30576.0,30579.0,30579.0,30581.0,30582.0,30585.0,30589.0,30591.0,30592.0,30593.0,30595.0,30595.0,30599.0,30602.0,30604.0,30608.0,30611.0,30612.0,30614.0,30617.0,30618.0,30618.0,30625.0,30628.0,30632.0,30636.0,30639.0,30646.0,30647.0,30653.0,30653.0,30657.0,30661.0,30665.0,30669.0,30670.0,30674.0,30678.0,30681.0,30683.0,30687.0,30694.0,30696.0,30700.0,30701.0,30702.0,30703.0,30709.0,30713.0,30716.0,30723.0,30730.0,30731.0,30735.0,30738.0,30741.0,30741.0,30743.0,30745.0,30748.0,30752.0,30757.0,30760.0,30763.0,30767.0,30772.0,30774.0,30777.0,30781
A8-PjIQvCQ8,11593869.0,11594200.0,11594554.0,11594908.0,11595311.0,11595712.0,11596153.0,11596649.0,11597105.0,11597534.0,11597868.0,11598243.0,11598706.0,11599154.0,11599553.0,11599995.0,11600415.0,11600826.0,11601206.0,11601685.0,11602198.0,11602680.0,11603199.0,11603647.0,11604040.0,11604507.0,11604927.0,11605452.0,11606141.0,11606891.0,11607449.0,11608231.0,11609082.0,11610000.0,11610981.0,11611820.0,11612673.0,11613459.0,11614171.0,11615138.0,11615930.0,11616776.0,11617523.0,11618330.0,11619112.0,11619800.0,11620523.0,11621392.0,11622242.0,11623089.0,11623908.0,11624760.0,11625472.0,11626183.0,11626858.0,11627568.0,11628479.0,11629189.0,11629852.0,11630491.0,11631123.0,11631809.0,11632654.0,11633329.0,11634200.0,11635011.0,11635956.0,11636841.0,11637590.0,11638559.0,11639329.0,11640032.0,11640639.0,11641228.0,11641860.0,11642435.0,11643055.0,11643644.0,11644230.0,11644728.0,11645251.0,11645752.0,11646355.0,11646921.0,11647487.0,11648076.0,11648558.0,11649007.0,11649575.0,11650125.0,11650680.0,11651219.0,11651705.0,11652201.0,11652699.0,11653191.0,11653809.0,11654356.0,11654964.0,11655498.0,11655961.0,11656507.0,11657021.0,11657494.0,11657921.0,11658471.0,11659001.0,11659482.0,11659931.0,11660378.0,11660893.0,11661360.0,11661853.0,11662403.0,11662860.0,11663296.0,11663696.0,11664235.0,11664674.0,11665134.0,11665589.0,11665964.0,11666318.0,11666649.0,11667038.0,11667411.0,11667855.0,11668254.0,11668611.0,11668910.0,11669292.0,11669679.0,11670092.0,11670523.0,,,,,,,,,11673824.0,11674150.0,11674553.0,11674954.0,11675247.0,11675608.0,11675979.0,11676311.0,11676631.0,11676980.0,11677293.0,11677668.0,11678029.0,11678323.0,11678634.0,11678886.0,11679177.0,11679460.0,11679754.0,11680103.0,11680470.0,11680772.0,11681068.0,11681353.0,11681640.0,11681953.0,11682249.0,11682580.0,11682843.0,11683100.0,11683462.0,11683777.0,11684123.0,11684417.0,11684694.0,11684928.0,11685168.0,11685437.0,11685713.0,11686030.0,11686344.0,11686685.0,11686929.0,11687178.0,11687416.0,11687740.0,11688057.0,11688410.0,11688753.0,11689073.0,11689372.0,11689698.0,11690018.0,11690408.0,11690770.0,11691152.0,11691399.0,11691773.0,11692106.0,11692430.0,11692811.0,11693063.0,11693370.0,11693630.0,11693924.0,11694241.0,11694578.0,11694864.0,11695172.0,11695503.0,11695803.0,11696046.0,11696362.0,11696741.0,11697140.0,11697625.0,11698076.0,11698461.0,11698808.0,11699145.0,11699463.0,11699836.0,11700126.0,11700509.0,11700797.0,11701053.0,11701339.0,11701674.0,11702048.0,11702389.0,11702684.0,11702967.0,11703250.0,11703505.0,11703892.0,11704271.0,11704654.0,11705042.0,11705388.0,11705649.0,11706011.0,11706375.0,11706781.0,11707125.0,11707476.0,11707783.0,11708096.0,11708412.0,11708809.0,11709097.0,11709405.0,11709756.0,11710028.0,11710275.0,11710515.0,11710713.0,11710963.0,11711210.0,11711506.0,11711842.0,11712089.0,,11712854.0,11713239.0,11713642.0,11713946.0,11714196.0,11714479.0,11714797.0,11715099.0,11715418.0,11715744.0,11716152.0,11716450.0,11716756.0,11717122.0,11717435.0,11717766.0,11718082.0,11718401.0,11718680.0,11718950.0,11719254.0,11719578.0,11719887.0,11720158.0,11720445.0,11720717.0,11720987.0,11721248.0,11721565.0,11721826.0,11722104.0,11722398.0,11722643.0,11722922.0,11723166.0,11723470.0,11723839.0,11724206.0,11724533.0,11724767.0,11725027.0,11725312.0,11725611.0,11725902.0,11726222.0,11726500.0,11726762.0,11727022.0,11727331.0,11727657.0,11727983.0,11728347.0,11728637.0,11728907.0,11729224.0,11729477.0,11729857.0,11730197.0,11730576.0,11730964.0,11731262.0,11731564.0,11731860.0,11732222.0,11732605.0,11732946.0,11733252.0,11733519.0,11733773.0,11734040.0,11734337.0,11734611.0,11734938.0,11735253.0,11735529.0,11735828.0,11736168.0,11736530.0,11736873.0,11737215.0,11737583.0,11737858.0,11738114.0,11738433.0,11738777.0,11739071.0,11739424.0,11739804.0,11740079.0,11740502.0,11740924.0,11741484.0,11742200.0,11742687.0,11743111.0,11743516.0,11743865.0,11744263.0,11744671.0,11745077.0,11745455.0,11745914.0,11746252.0,11746570.0,11746959.0,11747400.0,11747804.0,11748251.0,11748734.0,11749077.0,11749405.0,11749819.0,11750215.0,11750674
ydaLm2fuRUk,85877.0,85910.0,86004.0,86068.0,86126.0,86173.0,86221.0,86273.0,86311.0,86355.0,86406.0,86446.0,86490.0,86529.0,86585.0,86631.0,86675.0,86728.0,86791.0,86837.0,86890.0,86937.0,86976.0,87003.0,87043.0,87082.0,87132.0,87173.0,87221.0,87261.0,87289.0,87314.0,87349.0,87394.0,87436.0,87468.0,87525.0,87560.0,87603.0,87645.0,87686.0,87739.0,87774.0,87819.0,87854.0,87900.0,87949.0,87987.0,88024.0,88097.0,88159.0,88206.0,88248.0,88290.0,88335.0,88388.0,88427.0,88478.0,88555.0,88601.0,88649.0,88707.0,88781.0,88854.0,88909.0,88956.0,88990.0,89036.0,89081.0,89156.0,89208.0,89247.0,89268.0,89303.0,89336.0,89378.0,89410.0,89452.0,89512.0,89557.0,89599.0,89628.0,89672.0,89708.0,89737.0,89779.0,89820.0,89846.0,89885.0,89950.0,90013.0,90067.0,90119.0,90158.0,90195.0,90228.0,90251.0,90308.0,90354.0,90410.0,90456.0,90507.0,90563.0,90597.0,90641.0,90691.0,90734.0,90771.0,90802.0,90841.0,90867.0,90915.0,90953.0,90989.0,91023.0,91043.0,91083.0,91132.0,91169.0,91213.0,91241.0,91267.0,91285.0,91315.0,91358.0,91404.0,91444.0,91490.0,91535.0,91579.0,91615.0,91663.0,91706.0,91735.0,,,,,,,,,91991.0,92021.0,92041.0,92063.0,92090.0,92118.0,92143.0,92169.0,92201.0,92237.0,92271.0,92319.0,92378.0,92407.0,92441.0,92481.0,92523.0,92550.0,92587.0,92620.0,92650.0,92680.0,92698.0,92735.0,92769.0,92794.0,92825.0,92850.0,92868.0,92893.0,92910.0,92938.0,92969.0,92988.0,93020.0,93047.0,93081.0,93106.0,93146.0,93174.0,93202.0,93233.0,93266.0,93286.0,93311.0,93344.0,93399.0,93423.0,93452.0,93482.0,93506.0,93536.0,93553.0,93566.0,93587.0,93625.0,93651.0,93680.0,93703.0,93728.0,93745.0,93761.0,93782.0,93806.0,93843.0,93862.0,93909.0,93937.0,93965.0,93993.0,94016.0,94043.0,94064.0,94109.0,94145.0,94178.0,94217.0,94236.0,94258.0,94284.0,94314.0,94351.0,94383.0,94415.0,94435.0,94467.0,94500.0,94540.0,94582.0,94610.0,94668.0,94708.0,94732.0,94758.0,94781.0,94809.0,94833.0,94854.0,94891.0,94921.0,94939.0,94962.0,94978.0,94995.0,95012.0,95040.0,95059.0,95089.0,95118.0,95146.0,95187.0,95221.0,95246.0,95266.0,95295.0,95321.0,95353.0,95386.0,95416.0,95446.0,95488.0,,95587.0,95640.0,95679.0,95721.0,95766.0,95804.0,95847.0,95880.0,95916.0,95958.0,95998.0,96030.0,96055.0,96084.0,96118.0,96293.0,96340.0,96370.0,96426.0,96483.0,96521.0,96553.0,96585.0,96626.0,96659.0,96682.0,96724.0,96755.0,96818.0,96850.0,96875.0,96890.0,96932.0,96962.0,96988.0,97024.0,97063.0,97091.0,97124.0,97147.0,97181.0,97208.0,97250.0,97282.0,97332.0,97371.0,97398.0,97434.0,97483.0,97509.0,97544.0,97598.0,97643.0,97673.0,97704.0,97727.0,97755.0,97779.0,97826.0,97868.0,97907.0,97939.0,97974.0,98006.0,98047.0,98075.0,98118.0,98171.0,98222.0,98269.0,98301.0,98334.0,98399.0,98453.0,98516.0,98562.0,98597.0,98636.0,98671.0,98701.0,98734.0,98768.0,98795.0,98859.0,98889.0,98922.0,98967.0,99032.0,99068.0,99094.0,99111.0,99143.0,99174.0,99196.0,99210.0,99242.0,99289.0,99327.0,99362.0,99392.0,99421.0,99441.0,99471.0,99505.0,99527.0,99568.0,99633.0,99705.0,99751.0,99781.0,99821.0,99864.0,99894.0,99935
jJZ2u-sMyQw,1016933.0,1016965.0,1016997.0,1017022.0,1017051.0,1017079.0,1017118.0,1017149.0,1017194.0,1017226.0,1017251.0,1017284.0,1017303.0,1017332.0,1017360.0,1017383.0,1017434.0,1017498.0,1017540.0,1017573.0,1017609.0,1017647.0,1017712.0,1017747.0,1017765.0,1017789.0,1017835.0,1017878.0,1017934.0,1017973.0,1018006.0,1018040.0,1018073.0,1018108.0,1018131.0,1018165.0,1018201.0,1018235.0,1018259.0,1018292.0,1018324.0,1018356.0,1018391.0,1018448.0,1018495.0,1018527.0,1018567.0,1018602.0,1018629.0,1018654.0,1018679.0,1018719.0,1018761.0,1018790.0,1018820.0,1018855.0,1018883.0,1018929.0,1018960.0,1018982.0,1019012.0,1019038.0,1019073.0,1019107.0,1019136.0,1019169.0,1019213.0,1019254.0,1019301.0,1019334.0,1019367.0,1019402.0,1019436.0,1019455.0,1019480.0,1019506.0,1019539.0,1019583.0,1019619.0,1019657.0,1019688.0,1019723.0,1019758.0,1019790.0,1019821.0,1019851.0,1019869.0,1019901.0,1019937.0,1019971.0,1019999.0,1020036.0,1020060.0,1020099.0,1020127.0,1020158.0,1020186.0,1020217.0,1020255.0,1020292.0,1020333.0,1020361.0,1020407.0,1020441.0,1020478.0,1020520.0,1020554.0,1020591.0,1020611.0,1020650.0,1020676.0,1020720.0,1020748.0,1020779.0,1020802.0,1020823.0,1020850.0,1020876.0,1020909.0,1020948.0,1020984.0,1021004.0,1021028.0,1021058.0,1021082.0,1021120.0,1021155.0,1021198.0,1021219.0,1021238.0,1021259.0,1021288.0,1021321.0,1021354.0,,,,,,,,,1021616.0,1021640.0,1021668.0,1021699.0,1021741.0,1021784.0,1021835.0,1021889.0,1021946.0,1021997.0,1022035.0,1022086.0,1022131.0,1022182.0,1022235.0,1022280.0,1022344.0,1022412.0,1022459.0,1022489.0,1022535.0,1022575.0,1022609.0,1022634.0,1022679.0,1022712.0,1022741.0,1022767.0,1022808.0,1022847.0,1022882.0,1022942.0,1022984.0,1023035.0,1023073.0,1023112.0,1023140.0,1023180.0,1023240.0,1023299.0,1023335.0,1023403.0,1023455.0,1023501.0,1023544.0,1023571.0,1023615.0,1023656.0,1023696.0,1023731.0,1023770.0,1023812.0,1023868.0,1023905.0,1023942.0,1023985.0,1024039.0,1024086.0,1024115.0,1024155.0,1024208.0,1024245.0,1024290.0,1024322.0,1024346.0,1024378.0,1024422.0,1024456.0,1024481.0,1024508.0,1024544.0,1024573.0,1024601.0,1024635.0,1024670.0,1024725.0,1024756.0,1024806.0,1024845.0,1024888.0,1024920.0,1024951.0,1024971.0,1025025.0,1025072.0,1025111.0,1025137.0,1025176.0,1025219.0,1025269.0,1025305.0,1025346.0,1025378.0,1025407.0,1025443.0,1025472.0,1025514.0,1025543.0,1025576.0,1025601.0,1025638.0,1025668.0,1025693.0,1025716.0,1025760.0,1025786.0,1025807.0,1025839.0,1025863.0,1025882.0,1025916.0,1025944.0,1025979.0,1026003.0,1026032.0,1026060.0,1026088.0,1026114.0,1026163.0,1026187.0,1026207.0,,1026278.0,1026307.0,1026328.0,1026361.0,1026385.0,1026411.0,1026436.0,1026455.0,1026490.0,1026536.0,1026564.0,1026596.0,1026624.0,1026644.0,1026671.0,1026708.0,1026741.0,1026774.0,1026801.0,1026830.0,1026864.0,1026883.0,1026903.0,1026946.0,1026970.0,1026984.0,1027007.0,1027038.0,1027062.0,1027077.0,1027095.0,1027120.0,1027140.0,1027160.0,1027173.0,1027191.0,1027210.0,1027227.0,1027242.0,1027265.0,1027282.0,1027299.0,1027315.0,1027330.0,1027352.0,1027377.0,1027399.0,1027420.0,1027442.0,1027461.0,1027486.0,1027511.0,1027526.0,1027552.0,1027575.0,1027593.0,1027613.0,1027629.0,1027648.0,1027667.0,1027688.0,1027707.0,1027724.0,1027754.0,1027770.0,1027786.0,1027803.0,1027827.0,1027840.0,1027849.0,1027867.0,1027897.0,1027918.0,1027931.0,1027960.0,1027980.0,1028078.0,1028137.0,1028163.0,1028179.0,1028203.0,1028217.0,1028231.0,1028258.0,1028273.0,1028294.0,1028311.0,1028329.0,1028348.0,1028357.0,1028369.0,1028385.0,1028400.0,1028412.0,1028434.0,1028448.0,1028461.0,1028481.0,1028492.0,1028512.0,1028521.0,1028531.0,1028548.0,1028560.0,1028588.0,1028603.0,1028626.0,1028644.0,1028662.0,1028687.0,1028708.0,1028725.0,1028743.0,1028760
58s9G6ZNRPQ,298713.0,299079.0,299516.0,299872.0,300334.0,300704.0,301189.0,301608.0,301956.0,302321.0,302657.0,303082.0,303495.0,303907.0,304276.0,304737.0,305071.0,305443.0,305882.0,306322.0,306762.0,307292.0,307837.0,308339.0,308749.0,309192.0,309689.0,310247.0,310839.0,311282.0,311912.0,312319.0,312750.0,313131.0,313567.0,314061.0,314593.0,315013.0,315370.0,315768.0,316215.0,316656.0,317113.0,317584.0,317977.0,318346.0,318837.0,319279.0,319751.0,320253.0,320718.0,321112.0,321464.0,321936.0,322450.0,323004.0,323529.0,324008.0,324493.0,324864.0,325259.0,325809.0,326279.0,326831.0,327292.0,327743.0,328099.0,328631.0,328979.0,329561.0,330064.0,330467.0,330853.0,331267.0,331723.0,332212.0,332588.0,333125.0,333546.0,333918.0,334224.0,334642.0,335055.0,335426.0,335815.0,336241.0,336606.0,336919.0,337311.0,337717.0,338120.0,338606.0,339150.0,339698.0,340066.0,340550.0,341037.0,341468.0,341838.0,342346.0,342702.0,343024.0,343371.0,343851.0,344225.0,344613.0,344989.0,345295.0,345616.0,345981.0,346411.0,346868.0,347292.0,347806.0,348144.0,348448.0,348842.0,349219.0,349667.0,350100.0,350438.0,350796.0,351074.0,351352.0,351703.0,352069.0,352361.0,352740.0,353034.0,353375.0,353725.0,354055.0,354414.0,354712.0,,,,,,,,,357973.0,358231.0,358615.0,359030.0,359457.0,359882.0,360344.0,360649.0,360927.0,361399.0,361717.0,362108.0,362591.0,362984.0,363308.0,363615.0,364051.0,364408.0,364759.0,365137.0,365471.0,365834.0,366196.0,366540.0,366894.0,367258.0,367692.0,368057.0,368534.0,368923.0,369396.0,370005.0,370532.0,371188.0,371746.0,372238.0,372655.0,373286.0,373782.0,374321.0,374768.0,375450.0,375928.0,376314.0,376766.0,377184.0,377569.0,378010.0,378482.0,378803.0,379068.0,379552.0,379902.0,380272.0,380641.0,381071.0,381384.0,381699.0,382058.0,382439.0,382804.0,383099.0,383431.0,383765.0,384067.0,384388.0,384719.0,385025.0,385338.0,385651.0,385923.0,386312.0,386671.0,387003.0,387379.0,387763.0,388229.0,388614.0,389021.0,389439.0,389920.0,390451.0,390808.0,391298.0,391621.0,391890.0,392233.0,392561.0,392883.0,393272.0,393613.0,393969.0,394280.0,394610.0,394980.0,395352.0,395685.0,396113.0,396486.0,396787.0,397175.0,397530.0,397857.0,398292.0,398647.0,398964.0,399285.0,399648.0,399935.0,400372.0,400786.0,401202.0,401543.0,401850.0,402118.0,402386.0,402640.0,402912.0,403186.0,403426.0,403632.0,,404104.0,404359.0,404653.0,404967.0,405175.0,405393.0,405603.0,405837.0,406046.0,406375.0,406626.0,406847.0,407056.0,407332.0,407585.0,407897.0,408136.0,408329.0,408591.0,408802.0,409083.0,409396.0,409647.0,409895.0,410151.0,410393.0,410583.0,410795.0,411063.0,411331.0,411605.0,411866.0,412093.0,412226.0,412445.0,412694.0,412930.0,413135.0,413431.0,413716.0,413939.0,414247.0,414579.0,414890.0,415223.0,415537.0,415846.0,416191.0,416626.0,417104.0,417550.0,418071.0,418539.0,419006.0,419392.0,419915.0,420369.0,420989.0,421504.0,422037.0,422565.0,422953.0,423438.0,424099.0,424867.0,425627.0,426283.0,426811.0,427199.0,427764.0,428179.0,428771.0,429343.0,429866.0,430398.0,430888.0,431411.0,431894.0,432401.0,432870.0,433338.0,433763.0,434104.0,434702.0,435339.0,435928.0,436465.0,437177.0,437647.0,438075.0,438570.0,439134.0,439627.0,440185.0,440719.0,441143.0,441510.0,442058.0,442524.0,442960.0,443456.0,443937.0,444427.0,444861.0,445368.0,445922.0,446515.0,447378.0,448094.0,448968.0,449725.0,450488.0,451390.0,452068
oh0UjhRVJoo,389399.0,389865.0,390387.0,390813.0,391391.0,392042.0,392626.0,393183.0,393794.0,394210.0,394637.0,395088.0,395684.0,396179.0,396786.0,397317.0,397995.0,398559.0,399161.0,399803.0,400405.0,401007.0,401731.0,402264.0,402840.0,403372.0,404056.0,404741.0,405268.0,406004.0,406451.0,406942.0,407424.0,407964.0,408485.0,409027.0,409603.0,410063.0,410503.0,410985.0,411575.0,412109.0,412652.0,413149.0,413609.0,414042.0,414583.0,415123.0,415587.0,416068.0,416600.0,417070.0,417459.0,417993.0,418503.0,419078.0,419584.0,420035.0,420551.0,420924.0,421424.0,421920.0,422460.0,423024.0,423560.0,424196.0,424541.0,425116.0,425452.0,426045.0,426659.0,427165.0,427715.0,428215.0,428698.0,429230.0,429786.0,430272.0,430785.0,431254.0,431654.0,432140.0,432600.0,433064.0,433609.0,434148.0,434586.0,435051.0,435490.0,436039.0,436474.0,437007.0,437583.0,438062.0,438439.0,438952.0,439483.0,440029.0,440563.0,441076.0,441533.0,441927.0,442394.0,442914.0,443388.0,443945.0,444530.0,444958.0,445350.0,445789.0,446329.0,447022.0,447606.0,448228.0,448713.0,449156.0,449626.0,450092.0,450616.0,451061.0,451523.0,452027.0,452445.0,452855.0,453329.0,453757.0,454235.0,454650.0,455029.0,455406.0,455915.0,456339.0,456861.0,457360.0,,,,,,,,,461775.0,462175.0,462636.0,463124.0,463635.0,464124.0,464749.0,465319.0,465783.0,466435.0,467062.0,467763.0,468511.0,469128.0,469601.0,470158.0,470820.0,471406.0,472129.0,472656.0,473182.0,473602.0,474095.0,474553.0,475245.0,475709.0,476387.0,477115.0,477799.0,478413.0,479099.0,480049.0,480946.0,481845.0,482697.0,483405.0,484120.0,484954.0,485774.0,486608.0,487577.0,488448.0,489109.0,489705.0,490458.0,491063.0,491853.0,492622.0,493426.0,494159.0,494779.0,495459.0,496083.0,496740.0,497408.0,498193.0,499144.0,499967.0,500739.0,501485.0,502259.0,502690.0,503397.0,504051.0,504547.0,505248.0,505969.0,506638.0,507170.0,507761.0,508361.0,508977.0,509684.0,510353.0,511057.0,511657.0,512373.0,513100.0,513723.0,514238.0,514861.0,515370.0,515894.0,516637.0,517126.0,517566.0,518044.0,518730.0,519282.0,519797.0,520305.0,520742.0,521109.0,521697.0,522183.0,522712.0,523242.0,523899.0,524416.0,524849.0,525364.0,526039.0,526592.0,527110.0,527603.0,528131.0,528496.0,528979.0,529515.0,530023.0,530526.0,531057.0,531505.0,531895.0,532274.0,532684.0,533038.0,533429.0,533902.0,534347.0,534584.0,,535416.0,535865.0,536356.0,536802.0,537148.0,537404.0,537661.0,538070.0,538408.0,538830.0,539289.0,539710.0,540067.0,540466.0,540885.0,541261.0,541637.0,542022.0,542415.0,542802.0,543173.0,543682.0,544112.0,544525.0,544962.0,545505.0,545856.0,546300.0,546688.0,547052.0,547443.0,547787.0,548087.0,548348.0,548686.0,549036.0,549386.0,549749.0,550125.0,550476.0,550795.0,551220.0,551594.0,552094.0,552576.0,553122.0,553805.0,554511.0,555339.0,556092.0,556842.0,557595.0,558344.0,558948.0,559369.0,559946.0,560614.0,561254.0,562139.0,562866.0,563554.0,564151.0,564820.0,565460.0,566013.0,566708.0,567454.0,568013.0,568530.0,569153.0,569701.0,570406.0,571091.0,571784.0,572412.0,572868.0,573483.0,574175.0,574945.0,575651.0,576346.0,576843.0,577295.0,577831.0,578466.0,579061.0,579705.0,580325.0,580802.0,581291.0,581672.0,582237.0,582768.0,583233.0,583759.0,584285.0,584683.0,585198.0,585720.0,586130.0,586650.0,587095.0,587675.0,588273.0,588886.0,589442.0,590012.0,590867.0,591542.0,592186.0,592666.0,593450.0,594178.0,594764
6g9yB2xVBso,786697.0,786779.0,786892.0,786965.0,787063.0,787221.0,787314.0,787447.0,787554.0,787704.0,787812.0,787927.0,788086.0,788260.0,788413.0,788552.0,788736.0,788922.0,789067.0,789252.0,789435.0,789618.0,789779.0,789888.0,789987.0,790095.0,790229.0,790375.0,790509.0,790647.0,790755.0,790880.0,790986.0,791120.0,791230.0,791339.0,791472.0,791599.0,791697.0,791853.0,791998.0,792113.0,792281.0,792404.0,792523.0,792649.0,792797.0,792967.0,793113.0,793223.0,793364.0,793537.0,793691.0,793832.0,793982.0,794106.0,794249.0,794390.0,794530.0,794645.0,794830.0,794981.0,795176.0,795334.0,795513.0,795663.0,795804.0,795963.0,796175.0,796435.0,796639.0,796799.0,796992.0,797172.0,797371.0,797609.0,797985.0,798360.0,798764.0,799113.0,799411.0,799767.0,800093.0,800462.0,800730.0,801008.0,801316.0,801555.0,801894.0,802231.0,802453.0,802658.0,802942.0,803276.0,803532.0,803831.0,804064.0,804298.0,804498.0,804719.0,804937.0,805128.0,805367.0,805540.0,805682.0,805829.0,805972.0,806094.0,806194.0,806295.0,806398.0,806531.0,806633.0,806772.0,806902.0,807028.0,807157.0,807282.0,807413.0,807556.0,807682.0,807807.0,807927.0,808061.0,808183.0,808326.0,808461.0,808655.0,808831.0,808987.0,809131.0,809292.0,809409.0,809543.0,,,,,,,,,810628.0,810746.0,810843.0,810983.0,811132.0,811273.0,811415.0,811527.0,811657.0,811773.0,811894.0,812013.0,812108.0,812231.0,812344.0,812441.0,812533.0,812629.0,812703.0,812784.0,812880.0,812962.0,813063.0,813180.0,813315.0,813422.0,813545.0,813687.0,813810.0,813922.0,814049.0,814161.0,814286.0,814388.0,814515.0,814629.0,814741.0,814864.0,815024.0,815171.0,815305.0,815463.0,815637.0,815778.0,815959.0,816083.0,816223.0,816350.0,816491.0,816633.0,816728.0,816843.0,817002.0,817131.0,817279.0,817418.0,817538.0,817657.0,817761.0,817889.0,818034.0,818139.0,818264.0,818387.0,818498.0,818591.0,818714.0,818823.0,818943.0,819055.0,819183.0,819277.0,819397.0,819506.0,819627.0,819740.0,819886.0,819992.0,820107.0,820250.0,820352.0,820448.0,820546.0,820688.0,820773.0,820871.0,820981.0,821095.0,821181.0,821319.0,821436.0,821558.0,821669.0,821799.0,821963.0,822166.0,822368.0,822523.0,822652.0,822758.0,822898.0,823041.0,823188.0,823326.0,823475.0,823602.0,823729.0,823836.0,823960.0,824079.0,824212.0,824346.0,824472.0,824591.0,824698.0,824812.0,824920.0,825057.0,825198.0,825282.0,825360.0,,825549.0,825648.0,825742.0,825837.0,825960.0,826060.0,826156.0,826300.0,826397.0,826511.0,826620.0,826747.0,826857.0,826985.0,827098.0,827205.0,827332.0,827484.0,827575.0,827704.0,827806.0,827884.0,827998.0,828101.0,828196.0,828286.0,828372.0,828461.0,828554.0,828638.0,828720.0,828825.0,828904.0,828994.0,829090.0,829186.0,829291.0,829367.0,829455.0,829545.0,829629.0,829731.0,829839.0,829974.0,830091.0,830206.0,830320.0,830428.0,830529.0,830629.0,830736.0,830823.0,830928.0,831036.0,831142.0,831248.0,831372.0,831488.0,831586.0,831680.0,831794.0,831898.0,832022.0,832140.0,832254.0,832356.0,832464.0,832595.0,832720.0,832835.0,832937.0,833051.0,833136.0,833211.0,833281.0,833356.0,833451.0,833539.0,833644.0,833739.0,833845.0,833925.0,833999.0,834063.0,834165.0,834253.0,834350.0,834454.0,834553.0,834652.0,834777.0,834890.0,835027.0,835169.0,835286.0,835395.0,835486.0,835595.0,835739.0,835861.0,836019.0,836194.0,836371.0,836528.0,836706.0,836957.0,837188.0,837437.0,837708.0,837949.0,838179.0,838415.0,838604.0,838740
NewMLmmZQNc,103862.0,103901.0,103935.0,103959.0,104001.0,104035.0,104070.0,104113.0,104155.0,104198.0,104250.0,104274.0,104311.0,104359.0,104403.0,104446.0,104481.0,104515.0,104562.0,104593.0,104629.0,104680.0,104726.0,104758.0,104786.0,104820.0,104855.0,104886.0,104914.0,104945.0,104974.0,105010.0,105051.0,105086.0,105111.0,105137.0,105189.0,105218.0,105249.0,105298.0,105327.0,105358.0,105389.0,105417.0,105455.0,105485.0,105503.0,105533.0,105560.0,105594.0,105633.0,105670.0,105697.0,105723.0,105755.0,105774.0,105803.0,105833.0,105863.0,105895.0,105918.0,105938.0,105967.0,106006.0,106034.0,106051.0,106077.0,106095.0,106106.0,106127.0,106144.0,106166.0,106185.0,106214.0,106245.0,106270.0,106303.0,106328.0,106362.0,106396.0,106422.0,106458.0,106487.0,106520.0,106549.0,106578.0,106614.0,106643.0,106677.0,106712.0,106750.0,106784.0,106822.0,106854.0,106879.0,106915.0,106931.0,106949.0,106971.0,107009.0,107035.0,107056.0,107080.0,107093.0,107108.0,107127.0,107150.0,107175.0,107211.0,107241.0,107266.0,107294.0,107323.0,107355.0,107383.0,107416.0,107456.0,107477.0,107503.0,107533.0,107562.0,107591.0,107621.0,107638.0,107662.0,107688.0,107708.0,107738.0,107760.0,107787.0,107808.0,107830.0,107854.0,107876.0,,,,,,,,,108107.0,108136.0,108166.0,108185.0,108232.0,108260.0,108280.0,108296.0,108332.0,108368.0,108397.0,108427.0,108457.0,108498.0,108540.0,108572.0,108605.0,108646.0,108674.0,108702.0,108740.0,108766.0,108803.0,108838.0,108858.0,108895.0,108926.0,108937.0,108961.0,108998.0,109025.0,109034.0,109066.0,109090.0,109123.0,109141.0,109158.0,109174.0,109194.0,109214.0,109236.0,109277.0,109300.0,109327.0,109357.0,109378.0,109408.0,109427.0,109461.0,109494.0,109521.0,109551.0,109584.0,109612.0,109628.0,109648.0,109668.0,109698.0,109726.0,109760.0,109778.0,109796.0,109818.0,109853.0,109884.0,109906.0,109937.0,109955.0,109996.0,110019.0,110045.0,110077.0,110092.0,110117.0,110152.0,110176.0,110211.0,110241.0,110266.0,110293.0,110325.0,110348.0,110372.0,110406.0,110437.0,110466.0,110497.0,110518.0,110531.0,110569.0,110589.0,110607.0,110636.0,110659.0,110682.0,110728.0,110746.0,110775.0,110812.0,110841.0,110863.0,110875.0,110906.0,110928.0,110948.0,110968.0,110999.0,111029.0,111066.0,111084.0,111112.0,111133.0,111163.0,111190.0,111214.0,111233.0,111257.0,111291.0,111315.0,111342.0,111362.0,,111404.0,111427.0,111462.0,111492.0,111509.0,111537.0,111559.0,111580.0,111602.0,111619.0,111644.0,111661.0,111676.0,111697.0,111721.0,111740.0,111767.0,111789.0,111814.0,111836.0,111856.0,111878.0,111902.0,111916.0,111945.0,111967.0,111995.0,112029.0,112052.0,112082.0,112109.0,112131.0,112157.0,112183.0,112219.0,112254.0,112283.0,112304.0,112336.0,112363.0,112387.0,112413.0,112463.0,112501.0,112544.0,112589.0,112607.0,112637.0,112687.0,112710.0,112728.0,112751.0,112785.0,112830.0,112860.0,112884.0,112915.0,112939.0,112955.0,112977.0,113005.0,113023.0,113039.0,113058.0,113083.0,113099.0,113126.0,113144.0,113177.0,113209.0,113238.0,113263.0,113295.0,113317.0,113342.0,113389.0,113445.0,113486.0,113548.0,113585.0,113652.0,113728.0,113797.0,113859.0,113915.0,113956.0,113984.0,114039.0,114077.0,114121.0,114153.0,114179.0,114208.0,114252.0,114281.0,114321.0,114352.0,114382.0,114417.0,114460.0,114489.0,114517.0,114541.0,114574.0,114591.0,114621.0,114630.0,114670.0,114703.0,114725.0,114761.0,114787.0,114817.0,114844
GMmCbJhpscA,74626.0,74650.0,74667.0,74687.0,74713.0,74736.0,74760.0,74779.0,74789.0,74805.0,74823.0,74832.0,74839.0,74848.0,74864.0,74878.0,74889.0,74900.0,74915.0,74932.0,74949.0,74965.0,74990.0,75006.0,75028.0,75048.0,75069.0,75089.0,75107.0,75123.0,75140.0,75152.0,75170.0,75181.0,75191.0,75216.0,75240.0,75259.0,75270.0,75292.0,75310.0,75326.0,75339.0,75360.0,75373.0,75386.0,75399.0,75419.0,75430.0,75455.0,75468.0,75479.0,75506.0,75525.0,75551.0,75578.0,75604.0,75618.0,75643.0,75661.0,75674.0,75689.0,75708.0,75737.0,75763.0,75784.0,75794.0,75830.0,75847.0,75872.0,75889.0,75903.0,75921.0,75937.0,75951.0,75968.0,75989.0,76004.0,76025.0,76041.0,76059.0,76085.0,76105.0,76127.0,76166.0,76203.0,76234.0,76252.0,76267.0,76287.0,76310.0,76330.0,76344.0,76357.0,76367.0,76389.0,76413.0,76424.0,76457.0,76474.0,76490.0,76505.0,76516.0,76528.0,76545.0,76566.0,76583.0,76607.0,76632.0,76646.0,76664.0,76683.0,76700.0,76719.0,76738.0,76756.0,76766.0,76779.0,76807.0,76837.0,76851.0,76866.0,76882.0,76908.0,76930.0,76952.0,76982.0,77012.0,77040.0,77070.0,77090.0,77114.0,77147.0,77176.0,,,,,,,,,77366.0,77383.0,77392.0,77412.0,77445.0,77464.0,77467.0,77490.0,77508.0,77519.0,77537.0,77556.0,77572.0,77590.0,77602.0,77615.0,77629.0,77641.0,77650.0,77672.0,77690.0,77702.0,77719.0,77733.0,77750.0,77760.0,77769.0,77783.0,77802.0,77813.0,77822.0,77834.0,77849.0,77860.0,77875.0,77886.0,77901.0,77907.0,77922.0,77935.0,77950.0,77970.0,77992.0,78002.0,78021.0,78036.0,78064.0,78076.0,78094.0,78106.0,78126.0,78142.0,78157.0,78174.0,78195.0,78210.0,78227.0,78249.0,78270.0,78288.0,78315.0,78324.0,78336.0,78353.0,78366.0,78386.0,78406.0,78440.0,78466.0,78500.0,78521.0,78543.0,78558.0,78586.0,78599.0,78613.0,78639.0,78656.0,78672.0,78694.0,78715.0,78733.0,78756.0,78771.0,78787.0,78806.0,78825.0,78849.0,78872.0,78892.0,78914.0,78933.0,78948.0,78978.0,78997.0,79019.0,79040.0,79061.0,79073.0,79089.0,79114.0,79157.0,79199.0,79228.0,79250.0,79268.0,79278.0,79301.0,79323.0,79340.0,79357.0,79371.0,79382.0,79402.0,79421.0,79443.0,79460.0,79478.0,79505.0,79522.0,79546.0,,79578.0,79594.0,79614.0,79623.0,79641.0,79657.0,79672.0,79705.0,79723.0,79745.0,79766.0,79782.0,79806.0,79819.0,79836.0,79849.0,79871.0,79893.0,79936.0,79968.0,79983.0,80007.0,80024.0,80043.0,80057.0,80071.0,80095.0,80120.0,80145.0,80165.0,80195.0,80224.0,80250.0,80272.0,80298.0,80318.0,80346.0,80369.0,80399.0,80417.0,80429.0,80457.0,80470.0,80493.0,80515.0,80539.0,80558.0,80577.0,80591.0,80611.0,80631.0,80636.0,80656.0,80673.0,80694.0,80724.0,80737.0,80758.0,80776.0,80793.0,80810.0,80822.0,80842.0,80864.0,80883.0,80905.0,80921.0,80934.0,80948.0,80975.0,81002.0,81026.0,81045.0,81073.0,81091.0,81112.0,81143.0,81181.0,81202.0,81229.0,81251.0,81272.0,81289.0,81311.0,81342.0,81363.0,81389.0,81412.0,81425.0,81452.0,81482.0,81504.0,81536.0,81555.0,81584.0,81598.0,81617.0,81631.0,81656.0,81679.0,81699.0,81710.0,81730.0,81742.0,81758.0,81775.0,81794.0,81807.0,81821.0,81836.0,81848.0,81867.0,81887.0,81907
xqHwUSD3hyA,26174.0,26228.0,26272.0,26340.0,26391.0,26434.0,26487.0,26536.0,26585.0,26637.0,26679.0,26728.0,26792.0,26839.0,26904.0,26950.0,26993.0,27038.0,27087.0,27139.0,27195.0,27240.0,27283.0,27327.0,27363.0,27418.0,27471.0,27507.0,27555.0,27632.0,27690.0,27728.0,27767.0,27804.0,27864.0,27902.0,27949.0,27995.0,28032.0,28081.0,28115.0,28166.0,28211.0,28255.0,28293.0,28328.0,28366.0,28412.0,28453.0,28478.0,28528.0,28562.0,28600.0,28655.0,28729.0,28767.0,28828.0,28912.0,28963.0,29003.0,29052.0,29123.0,29178.0,29220.0,29278.0,29319.0,29353.0,29396.0,29425.0,29491.0,29550.0,29586.0,29634.0,29671.0,29725.0,29778.0,29824.0,29883.0,29964.0,30012.0,30052.0,30113.0,30148.0,30201.0,30267.0,30332.0,30374.0,30408.0,30452.0,30483.0,30540.0,30595.0,30669.0,30735.0,30796.0,30844.0,30893.0,30940.0,31001.0,31056.0,31120.0,31162.0,31205.0,31271.0,31324.0,31378.0,31429.0,31485.0,31527.0,31593.0,31652.0,31704.0,31755.0,31801.0,31861.0,31892.0,31927.0,31979.0,32019.0,32061.0,32104.0,32157.0,32216.0,32269.0,32302.0,32352.0,32390.0,32508.0,32565.0,32594.0,32703.0,32768.0,32811.0,32861.0,,,,,,,,,33342.0,33406.0,33450.0,33507.0,33564.0,33630.0,33712.0,33767.0,33819.0,33892.0,33971.0,34032.0,34081.0,34173.0,34215.0,34253.0,34290.0,34311.0,34417.0,34450.0,34483.0,34496.0,34517.0,34557.0,34588.0,34609.0,34638.0,34670.0,34699.0,34730.0,34755.0,34785.0,34822.0,34853.0,34892.0,34928.0,34955.0,34988.0,35014.0,35043.0,35079.0,35125.0,35161.0,35188.0,35223.0,35269.0,35318.0,35368.0,35410.0,35436.0,35461.0,35504.0,35542.0,35587.0,35629.0,35675.0,35710.0,35743.0,35761.0,35786.0,35814.0,35843.0,35859.0,35877.0,35916.0,35961.0,35984.0,36013.0,36019.0,36036.0,36041.0,36054.0,36073.0,36080.0,36095.0,36106.0,36122.0,36132.0,36143.0,36156.0,36168.0,36177.0,36205.0,36223.0,36241.0,36246.0,36259.0,36278.0,36295.0,36306.0,36320.0,36328.0,36337.0,36350.0,36367.0,36376.0,36388.0,36401.0,36415.0,36429.0,36442.0,36465.0,36480.0,36496.0,36509.0,36521.0,36537.0,36544.0,36557.0,36567.0,36577.0,36592.0,36603.0,36614.0,36623.0,36628.0,36644.0,36650.0,36661.0,36666.0,36671.0,,36686.0,36692.0,36699.0,36714.0,36723.0,36728.0,36731.0,36738.0,36744.0,36750.0,36756.0,36776.0,36782.0,36789.0,36797.0,36805.0,36809.0,36818.0,36824.0,36832.0,36843.0,36853.0,36861.0,36868.0,36880.0,36883.0,36888.0,36898.0,36902.0,36910.0,36916.0,36923.0,36927.0,36931.0,36938.0,36943.0,36950.0,36968.0,36975.0,36991.0,36996.0,37007.0,37016.0,37027.0,37040.0,37057.0,37072.0,37092.0,37129.0,37164.0,37198.0,37216.0,37247.0,37284.0,37307.0,37330.0,37364.0,37385.0,37400.0,37440.0,37462.0,37487.0,37506.0,37535.0,37561.0,37590.0,37624.0,37659.0,37691.0,37730.0,37763.0,37801.0,37847.0,37880.0,37899.0,37937.0,37970.0,38009.0,38046.0,38095.0,38134.0,38160.0,38184.0,38204.0,38226.0,38241.0,38258.0,38283.0,38297.0,38319.0,38338.0,38359.0,38383.0,38409.0,38451.0,38482.0,38505.0,38531.0,38563.0,38590.0,38605.0,38628.0,38642.0,38654.0,38680.0,38703.0,38734.0,38754.0,38777.0,38791.0,38813.0,38830.0,38850.0,38870
cG7Az3RsyKc,11245.0,11247.0,11248.0,11249.0,11251.0,11252.0,11254.0,11255.0,11256.0,11258.0,11258.0,11258.0,11260.0,11260.0,11262.0,11263.0,11265.0,11266.0,11266.0,11268.0,11270.0,11270.0,11274.0,11276.0,11277.0,11277.0,11277.0,11279.0,11279.0,11279.0,11279.0,11279.0,11281.0,11280.0,11280.0,11280.0,11280.0,11281.0,11281.0,11281.0,11283.0,11285.0,11285.0,11285.0,11285.0,11287.0,11288.0,11288.0,11289.0,11289.0,11290.0,11290.0,11291.0,11292.0,11295.0,11295.0,11297.0,11297.0,11298.0,11298.0,11301.0,11303.0,11304.0,11304.0,11304.0,11304.0,11306.0,11307.0,11307.0,11310.0,11310.0,11311.0,11313.0,11314.0,11314.0,11315.0,11319.0,11322.0,11323.0,11324.0,11325.0,11325.0,11326.0,11326.0,11327.0,11327.0,11327.0,11331.0,11331.0,11331.0,11332.0,11332.0,11332.0,11332.0,11333.0,11334.0,11335.0,11335.0,11337.0,11338.0,11338.0,11339.0,11340.0,11340.0,11340.0,11341.0,11342.0,11342.0,11343.0,11342.0,11347.0,11347.0,11347.0,11348.0,11348.0,11348.0,11348.0,11348.0,11348.0,11353.0,11354.0,11354.0,11354.0,11356.0,11356.0,11356.0,11356.0,11357.0,11357.0,11358.0,11359.0,11360.0,11360.0,11361.0,,,,,,,,,11366.0,11368.0,11369.0,11369.0,11370.0,11371.0,11373.0,11374.0,11375.0,11375.0,11376.0,11381.0,11382.0,11383.0,11383.0,11385.0,11388.0,11391.0,11393.0,11393.0,11395.0,11398.0,11401.0,11401.0,11402.0,11403.0,11400.0,11404.0,11404.0,11404.0,11409.0,11413.0,11414.0,11417.0,11421.0,11428.0,11431.0,11435.0,11441.0,11440.0,11443.0,11445.0,11449.0,11447.0,11448.0,11453.0,11453.0,11455.0,11455.0,11459.0,11463.0,11465.0,11466.0,11466.0,11466.0,11467.0,11469.0,11472.0,11478.0,11481.0,11486.0,11489.0,11490.0,11492.0,11494.0,11499.0,11503.0,11508.0,11511.0,11516.0,11520.0,11529.0,11538.0,11541.0,11546.0,11552.0,11554.0,11561.0,11566.0,11586.0,11592.0,11601.0,11601.0,11607.0,11609.0,11616.0,11619.0,11624.0,11626.0,11632.0,11634.0,11637.0,11640.0,11644.0,11646.0,11649.0,11650.0,11652.0,11656.0,11662.0,11664.0,11664.0,11666.0,11668.0,11669.0,11676.0,11678.0,11681.0,11686.0,11687.0,11687.0,11688.0,11688.0,11688.0,11690.0,11691.0,11691.0,11693.0,11696.0,11699.0,11700.0,,11705.0,11705.0,11706.0,11709.0,11711.0,11712.0,11712.0,11713.0,11715.0,11718.0,11718.0,11722.0,11722.0,11724.0,11727.0,11727.0,11729.0,11730.0,11731.0,11733.0,11735.0,11736.0,11738.0,11740.0,11743.0,11746.0,11749.0,11750.0,11750.0,11752.0,11752.0,11752.0,11752.0,11753.0,11754.0,11754.0,11754.0,11756.0,11757.0,11757.0,11762.0,11764.0,11765.0,11765.0,11766.0,11766.0,11766.0,11771.0,11772.0,11773.0,11774.0,11776.0,11777.0,11781.0,11781.0,11782.0,11782.0,11786.0,11787.0,11789.0,11790.0,11790.0,11792.0,11792.0,11794.0,11796.0,11798.0,11798.0,11800.0,11806.0,11808.0,11812.0,11813.0,11813.0,11813.0,11814.0,11814.0,11814.0,11815.0,11818.0,11825.0,11827.0,11830.0,11833.0,11836.0,11836.0,11840.0,11840.0,11841.0,11842.0,11848.0,11848.0,11850.0,11850.0,11853.0,11854.0,11855.0,11856.0,11857.0,11857.0,11857.0,11858.0,11859.0,11859.0,11859.0,11859.0,11863.0,11865.0,11865.0,11867.0,11868.0,11868.0,11870.0,11873
fbHJ_Nnl3ug,10627.0,10631.0,10636.0,10639.0,10643.0,10648.0,10654.0,10658.0,10664.0,10668.0,10673.0,10681.0,10688.0,10693.0,10705.0,10711.0,10716.0,10721.0,10728.0,10733.0,10741.0,10743.0,10746.0,10755.0,10759.0,10761.0,10764.0,10776.0,10782.0,10789.0,10794.0,10798.0,10807.0,10813.0,10819.0,10829.0,10835.0,10844.0,10847.0,10852.0,10855.0,10859.0,10866.0,10872.0,10875.0,10876.0,10881.0,10884.0,10888.0,10890.0,10894.0,10899.0,10904.0,10908.0,10912.0,10924.0,10931.0,10946.0,10966.0,10975.0,10988.0,10998.0,11001.0,11011.0,11019.0,11024.0,11035.0,11039.0,11042.0,11052.0,11061.0,11066.0,11070.0,11069.0,11073.0,11076.0,11078.0,11082.0,11083.0,11087.0,11088.0,11097.0,11113.0,11123.0,11126.0,11131.0,11134.0,11138.0,11140.0,11144.0,11150.0,11152.0,11155.0,11158.0,11160.0,11173.0,11183.0,11192.0,11208.0,11218.0,11235.0,11241.0,11248.0,11254.0,11262.0,11268.0,11274.0,11275.0,11283.0,11291.0,11305.0,11312.0,11321.0,11331.0,11335.0,11345.0,11352.0,11356.0,11363.0,11369.0,11373.0,11378.0,11383.0,11392.0,11399.0,11410.0,11415.0,11428.0,11436.0,11449.0,11464.0,11473.0,11482.0,11499.0,,,,,,,,,11588.0,11593.0,11604.0,11612.0,11616.0,11627.0,11635.0,11642.0,11673.0,11714.0,11793.0,11822.0,11941.0,12044.0,12165.0,12269.0,12330.0,12357.0,12393.0,12417.0,12432.0,12449.0,12468.0,12484.0,12496.0,12504.0,12520.0,12561.0,12586.0,12594.0,12609.0,12647.0,12680.0,12698.0,12734.0,12749.0,12818.0,12866.0,12916.0,12944.0,12976.0,13004.0,13054.0,13071.0,13117.0,13147.0,13185.0,13203.0,13219.0,13236.0,13244.0,13256.0,13276.0,13291.0,13306.0,13332.0,13348.0,13381.0,13397.0,13411.0,13433.0,13440.0,13453.0,13471.0,13484.0,13512.0,13528.0,13537.0,13544.0,13557.0,13592.0,13609.0,13631.0,13652.0,13670.0,13694.0,13714.0,13731.0,13761.0,13769.0,13794.0,13813.0,13831.0,13847.0,13870.0,13892.0,13912.0,13927.0,13936.0,13956.0,14012.0,14055.0,14066.0,14076.0,14100.0,14146.0,14168.0,14184.0,14205.0,14221.0,14229.0,14238.0,14249.0,14261.0,14282.0,14300.0,14307.0,14328.0,14335.0,14352.0,14361.0,14382.0,14390.0,14401.0,14429.0,14440.0,14463.0,14499.0,14528.0,14546.0,14573.0,,14599.0,14617.0,14627.0,14639.0,14672.0,14686.0,14698.0,14723.0,14740.0,14761.0,14775.0,14793.0,14811.0,14822.0,14838.0,14876.0,14926.0,14947.0,14955.0,14964.0,14989.0,14999.0,15013.0,15037.0,15064.0,15110.0,15140.0,15149.0,15174.0,15182.0,15213.0,15263.0,15309.0,15317.0,15367.0,15386.0,15439.0,15453.0,15494.0,15527.0,15551.0,15583.0,15634.0,15662.0,15680.0,15697.0,15720.0,15752.0,15783.0,15819.0,15859.0,15883.0,15926.0,15954.0,15988.0,15998.0,16032.0,16049.0,16078.0,16102.0,16114.0,16151.0,16188.0,16215.0,16236.0,16259.0,16285.0,16313.0,16345.0,16386.0,16416.0,16434.0,16458.0,16470.0,16480.0,16497.0,16522.0,16541.0,16556.0,16570.0,16587.0,16606.0,16630.0,16652.0,16664.0,16714.0,16727.0,16746.0,16775.0,16830.0,16853.0,16910.0,16933.0,16964.0,16998.0,17013.0,17030.0,17059.0,17077.0,17109.0,17132.0,17188.0,17223.0,17242.0,17261.0,17281.0,17301.0,17331.0,17341.0,17406.0,17431.0,17443.0,17486.0,17562
tjNwgBA8Te0,7955.0,7957.0,7959.0,7961.0,7965.0,7968.0,7970.0,7973.0,7974.0,7974.0,7976.0,7976.0,7981.0,7982.0,7982.0,7984.0,7984.0,7984.0,7985.0,7988.0,7991.0,7995.0,7996.0,7998.0,7999.0,8003.0,8003.0,8005.0,8010.0,8010.0,8012.0,8012.0,8013.0,8014.0,8017.0,8020.0,8021.0,8025.0,8027.0,8031.0,8031.0,8032.0,8032.0,8034.0,8035.0,8036.0,8036.0,8037.0,8038.0,8039.0,8040.0,8040.0,8041.0,8043.0,8043.0,8048.0,8048.0,8050.0,8050.0,8052.0,8052.0,8053.0,8055.0,8058.0,8058.0,8061.0,8064.0,8065.0,8067.0,8069.0,8075.0,8075.0,8075.0,8076.0,8076.0,8076.0,8076.0,8076.0,8077.0,8079.0,8080.0,8082.0,8083.0,8084.0,8083.0,8085.0,8088.0,8089.0,8092.0,8093.0,8095.0,8095.0,8095.0,8096.0,8096.0,8097.0,8098.0,8101.0,8101.0,8101.0,8101.0,8101.0,8102.0,8103.0,8105.0,8107.0,8107.0,8107.0,8113.0,8114.0,8118.0,8122.0,8127.0,8128.0,8130.0,8132.0,8133.0,8135.0,8138.0,8138.0,8139.0,8141.0,8145.0,8146.0,8146.0,8148.0,8147.0,8149.0,8151.0,8153.0,8153.0,8153.0,8157.0,8158.0,,,,,,,,,8169.0,8172.0,8172.0,8173.0,8176.0,8176.0,8176.0,8177.0,8178.0,8179.0,8179.0,8179.0,8179.0,8180.0,8181.0,8181.0,8181.0,8182.0,8183.0,8184.0,8185.0,8185.0,8186.0,8188.0,8189.0,8191.0,8192.0,8193.0,8200.0,8201.0,8201.0,8202.0,8203.0,8205.0,8205.0,8207.0,8207.0,8207.0,8207.0,8207.0,8208.0,8207.0,8208.0,8208.0,8211.0,8214.0,8220.0,8224.0,8225.0,8226.0,8229.0,8230.0,8231.0,8231.0,8233.0,8236.0,8236.0,8240.0,8240.0,8240.0,8240.0,8240.0,8244.0,8247.0,8248.0,8248.0,8248.0,8250.0,8251.0,8253.0,8253.0,8254.0,8254.0,8255.0,8255.0,8255.0,8258.0,8260.0,8260.0,8260.0,8263.0,8263.0,8263.0,8265.0,8266.0,8266.0,8266.0,8267.0,8267.0,8268.0,8269.0,8269.0,8269.0,8271.0,8271.0,8272.0,8274.0,8276.0,8279.0,8279.0,8279.0,8281.0,8281.0,8283.0,8284.0,8285.0,8286.0,8286.0,8286.0,8286.0,8286.0,8286.0,8287.0,8288.0,8290.0,8292.0,8292.0,8292.0,8292.0,8292.0,8292.0,,8296.0,8298.0,8298.0,8299.0,8299.0,8299.0,8301.0,8301.0,8303.0,8305.0,8305.0,8308.0,8310.0,8311.0,8311.0,8311.0,8311.0,8317.0,8317.0,8317.0,8318.0,8319.0,8320.0,8322.0,8322.0,8323.0,8323.0,8323.0,8324.0,8324.0,8326.0,8326.0,8326.0,8328.0,8328.0,8330.0,8330.0,8331.0,8331.0,8332.0,8332.0,8333.0,8334.0,8334.0,8336.0,8336.0,8337.0,8337.0,8337.0,8338.0,8338.0,8339.0,8339.0,8340.0,8340.0,8340.0,8343.0,8350.0,8353.0,8353.0,8354.0,8356.0,8356.0,8357.0,8359.0,8360.0,8361.0,8364.0,8364.0,8365.0,8366.0,8366.0,8366.0,8366.0,8366.0,8368.0,8368.0,8368.0,8369.0,8370.0,8370.0,8370.0,8372.0,8373.0,8376.0,8380.0,8381.0,8382.0,8382.0,8382.0,8382.0,8383.0,8383.0,8383.0,8383.0,8383.0,8383.0,8383.0,8383.0,8385.0,8387.0,8387.0,8391.0,8391.0,8391.0,8391.0,8394.0,8394.0,8394.0,8394.0,8394.0,8394.0,8398.0,8398
9ilfJgH9epM,162601.0,162613.0,162632.0,162645.0,162651.0,162662.0,162671.0,162690.0,162699.0,162712.0,162731.0,162746.0,162769.0,162790.0,162805.0,162817.0,162835.0,162861.0,162876.0,162893.0,162904.0,162917.0,162931.0,162948.0,162963.0,162979.0,162992.0,163004.0,163013.0,163026.0,163040.0,163050.0,163066.0,163078.0,163082.0,163086.0,163095.0,163101.0,163111.0,163121.0,163138.0,163146.0,163152.0,163166.0,163177.0,163193.0,163200.0,163213.0,163225.0,163234.0,163245.0,163269.0,163287.0,163297.0,163309.0,163320.0,163330.0,163339.0,163351.0,163362.0,163372.0,163381.0,163392.0,163404.0,163406.0,163415.0,163427.0,163444.0,163453.0,163469.0,163480.0,163484.0,163496.0,163513.0,163529.0,163540.0,163546.0,163556.0,163566.0,163576.0,163590.0,163601.0,163610.0,163620.0,163627.0,163631.0,163638.0,163645.0,163649.0,163659.0,163674.0,163679.0,163682.0,163691.0,163707.0,163711.0,163718.0,163729.0,163736.0,163742.0,163749.0,163755.0,163763.0,163772.0,163785.0,163799.0,163812.0,163819.0,163823.0,163841.0,163862.0,163881.0,163890.0,163904.0,163917.0,163926.0,163934.0,163946.0,163954.0,163965.0,163976.0,163983.0,163996.0,164006.0,164017.0,164023.0,164028.0,164038.0,164047.0,164054.0,164060.0,164066.0,164082.0,164089.0,,,,,,,,,164155.0,164163.0,164172.0,164182.0,164193.0,164208.0,164220.0,164225.0,164236.0,164242.0,164250.0,164253.0,164262.0,164274.0,164279.0,164291.0,164301.0,164310.0,164323.0,164340.0,164353.0,164364.0,164368.0,164385.0,164406.0,164413.0,164431.0,164436.0,164443.0,164461.0,164475.0,164483.0,164495.0,164501.0,164507.0,164511.0,164520.0,164532.0,164541.0,164543.0,164549.0,164561.0,164567.0,164569.0,164575.0,164582.0,164586.0,164590.0,164595.0,164601.0,164609.0,164612.0,164618.0,164625.0,164630.0,164639.0,164641.0,164647.0,164656.0,164661.0,164673.0,164677.0,164681.0,164684.0,164690.0,164693.0,164700.0,164705.0,164717.0,164727.0,164740.0,164745.0,164751.0,164756.0,164764.0,164768.0,164772.0,164780.0,164787.0,164788.0,164794.0,164799.0,164805.0,164810.0,164818.0,164819.0,164826.0,164836.0,164846.0,164849.0,164857.0,164863.0,164875.0,164880.0,164888.0,164894.0,164897.0,164906.0,164913.0,164918.0,164930.0,164941.0,164947.0,164955.0,164963.0,164972.0,164974.0,164985.0,164992.0,164995.0,165000.0,165004.0,165013.0,165022.0,165028.0,165036.0,165041.0,165046.0,165053.0,165072.0,165079.0,,165097.0,165112.0,165122.0,165127.0,165136.0,165146.0,165155.0,165163.0,165169.0,165173.0,165181.0,165188.0,165194.0,165202.0,165208.0,165215.0,165219.0,165225.0,165233.0,165240.0,165248.0,165257.0,165267.0,165275.0,165283.0,165288.0,165295.0,165300.0,165313.0,165320.0,165325.0,165340.0,165343.0,165349.0,165354.0,165360.0,165363.0,165368.0,165375.0,165378.0,165384.0,165389.0,165398.0,165401.0,165409.0,165411.0,165419.0,165425.0,165434.0,165441.0,165455.0,165460.0,165468.0,165475.0,165479.0,165491.0,165497.0,165503.0,165506.0,165517.0,165520.0,165526.0,165533.0,165537.0,165548.0,165555.0,165558.0,165565.0,165570.0,165573.0,165581.0,165586.0,165588.0,165602.0,165606.0,165613.0,165617.0,165627.0,165631.0,165638.0,165648.0,165656.0,165658.0,165668.0,165677.0,165681.0,165688.0,165693.0,165696.0,165699.0,165707.0,165713.0,165714.0,165717.0,165723.0,165729.0,165732.0,165738.0,165741.0,165747.0,165752.0,165756.0,165761.0,165769.0,165773.0,165778.0,165781.0,165783.0,165786.0,165789.0,165795.0,165798.0,165800.0,165805
w7z1N5c1Ieg,25246.0,25253.0,25259.0,25263.0,25265.0,25276.0,25287.0,25293.0,25300.0,25309.0,25313.0,25317.0,25326.0,25331.0,25334.0,25344.0,25355.0,25362.0,25371.0,25377.0,25381.0,25387.0,25393.0,25396.0,25403.0,25411.0,25421.0,25424.0,25431.0,25434.0,25444.0,25453.0,25463.0,25472.0,25475.0,25483.0,25485.0,25487.0,25494.0,25502.0,25510.0,25513.0,25520.0,25523.0,25525.0,25534.0,25539.0,25543.0,25547.0,25557.0,25560.0,25573.0,25584.0,25592.0,25601.0,25605.0,25611.0,25619.0,25621.0,25628.0,25643.0,25651.0,25654.0,25662.0,25667.0,25670.0,25674.0,25683.0,25686.0,25691.0,25697.0,25699.0,25702.0,25711.0,25715.0,25717.0,25724.0,25728.0,25731.0,25733.0,25740.0,25743.0,25744.0,25748.0,25749.0,25756.0,25758.0,25765.0,25772.0,25774.0,25779.0,25779.0,25781.0,25783.0,25789.0,25792.0,25796.0,25799.0,25808.0,25813.0,25817.0,25821.0,25823.0,25827.0,25836.0,25840.0,25846.0,25849.0,25851.0,25859.0,25867.0,25873.0,25880.0,25882.0,25894.0,25904.0,25914.0,25926.0,25932.0,25939.0,25942.0,25944.0,25948.0,25952.0,25957.0,25963.0,25969.0,25972.0,25975.0,25978.0,25981.0,25987.0,25992.0,25996.0,,,,,,,,,26027.0,26031.0,26032.0,26035.0,26036.0,26040.0,26044.0,26046.0,26058.0,26071.0,26085.0,26094.0,26100.0,26120.0,26136.0,26154.0,26170.0,26182.0,26206.0,26221.0,26232.0,26238.0,26242.0,26254.0,26266.0,26275.0,26282.0,26288.0,26296.0,26308.0,26313.0,26320.0,26328.0,26332.0,26341.0,26345.0,26350.0,26362.0,26375.0,26379.0,26389.0,26405.0,26415.0,26427.0,26440.0,26451.0,26457.0,26461.0,26470.0,26483.0,26496.0,26503.0,26509.0,26520.0,26539.0,26541.0,26547.0,26554.0,26564.0,26570.0,26578.0,26584.0,26591.0,26598.0,26602.0,26604.0,26614.0,26621.0,26625.0,26633.0,26639.0,26645.0,26649.0,26650.0,26657.0,26666.0,26671.0,26680.0,26689.0,26693.0,26698.0,26703.0,26706.0,26708.0,26714.0,26726.0,26729.0,26733.0,26737.0,26745.0,26748.0,26752.0,26765.0,26770.0,26780.0,26783.0,26783.0,26790.0,26799.0,26804.0,26807.0,26813.0,26813.0,26817.0,26819.0,26821.0,26832.0,26838.0,26840.0,26843.0,26847.0,26850.0,26854.0,26857.0,26859.0,26865.0,26865.0,26876.0,26881.0,26893.0,26901.0,,26911.0,26914.0,26916.0,26918.0,26920.0,26923.0,26929.0,26931.0,26933.0,26935.0,26941.0,26947.0,26955.0,26962.0,26970.0,26976.0,26975.0,26981.0,26983.0,26990.0,26997.0,27002.0,27009.0,27012.0,27013.0,27017.0,27021.0,27025.0,27027.0,27030.0,27031.0,27031.0,27034.0,27036.0,27042.0,27046.0,27045.0,27050.0,27051.0,27052.0,27052.0,27056.0,27060.0,27061.0,27064.0,27067.0,27070.0,27075.0,27084.0,27088.0,27092.0,27096.0,27098.0,27100.0,27104.0,27107.0,27109.0,27112.0,27115.0,27116.0,27117.0,27121.0,27119.0,27121.0,27123.0,27127.0,27137.0,27142.0,27143.0,27143.0,27145.0,27146.0,27148.0,27151.0,27153.0,27155.0,27156.0,27160.0,27162.0,27167.0,27167.0,27172.0,27176.0,27182.0,27184.0,27187.0,27189.0,27193.0,27195.0,27196.0,27199.0,27203.0,27207.0,27212.0,27215.0,27221.0,27223.0,27225.0,27230.0,27232.0,27237.0,27239.0,27242.0,27243.0,27246.0,27249.0,27253.0,27256.0,27259.0,27258.0,27259.0,27261.0,27267.0,27271
dYeXA_usF70,312317.0,312346.0,312377.0,312400.0,312433.0,312465.0,312488.0,312517.0,312544.0,312585.0,312615.0,312638.0,312665.0,312690.0,312708.0,312726.0,312746.0,312773.0,312802.0,312849.0,312886.0,312914.0,312952.0,312987.0,313019.0,313047.0,313074.0,313111.0,313132.0,313167.0,313197.0,313219.0,313236.0,313268.0,313296.0,313322.0,313344.0,313362.0,313380.0,313407.0,313426.0,313460.0,313480.0,313506.0,313523.0,313536.0,313570.0,313595.0,313610.0,313627.0,313650.0,313673.0,313697.0,313720.0,313738.0,313759.0,313782.0,313808.0,313830.0,313849.0,313879.0,313902.0,313915.0,313940.0,313965.0,313986.0,314011.0,314045.0,314067.0,314107.0,314124.0,314152.0,314186.0,314217.0,314252.0,314281.0,314315.0,314340.0,314386.0,314410.0,314443.0,314466.0,314490.0,314523.0,314559.0,314610.0,314664.0,314686.0,314741.0,314769.0,314811.0,314844.0,314876.0,314917.0,314959.0,314987.0,315026.0,315061.0,315093.0,315122.0,315165.0,315187.0,315209.0,315247.0,315278.0,315314.0,315352.0,315401.0,315434.0,315473.0,315509.0,315541.0,315572.0,315614.0,315647.0,315679.0,315721.0,315747.0,315796.0,315822.0,315855.0,315914.0,315948.0,315995.0,316018.0,316064.0,316099.0,316127.0,316154.0,316188.0,316216.0,316237.0,316276.0,316308.0,,,,,,,,,316524.0,316551.0,316575.0,316596.0,316609.0,316644.0,316671.0,316710.0,316732.0,316768.0,316799.0,316838.0,316864.0,316912.0,316945.0,316979.0,317020.0,317060.0,317093.0,317114.0,317137.0,317161.0,317184.0,317216.0,317240.0,317270.0,317295.0,317321.0,317348.0,317383.0,317414.0,317429.0,317462.0,317481.0,317501.0,317512.0,317525.0,317546.0,317562.0,317590.0,317628.0,317647.0,317657.0,317675.0,317689.0,317714.0,317805.0,317866.0,317899.0,317932.0,317955.0,317977.0,318009.0,318029.0,318054.0,318111.0,318163.0,318181.0,318207.0,318221.0,318239.0,318253.0,318272.0,318293.0,318307.0,318346.0,318374.0,318398.0,318416.0,318430.0,318440.0,318456.0,318477.0,318493.0,318515.0,318535.0,318556.0,318567.0,318576.0,318593.0,318614.0,318630.0,318647.0,318663.0,318680.0,318700.0,318720.0,318732.0,318746.0,318772.0,318789.0,318804.0,318818.0,318832.0,318871.0,318888.0,318918.0,318938.0,318956.0,318977.0,319001.0,319024.0,319045.0,319065.0,319088.0,319104.0,319124.0,319140.0,319151.0,319169.0,319187.0,319200.0,319211.0,319225.0,319233.0,319241.0,319256.0,319275.0,319295.0,319316.0,319326.0,,319357.0,319381.0,319399.0,319415.0,319421.0,319439.0,319454.0,319476.0,319488.0,319500.0,319508.0,319514.0,319530.0,319543.0,319551.0,319560.0,319569.0,319577.0,319580.0,319592.0,319599.0,319614.0,319622.0,319631.0,319639.0,319648.0,319657.0,319673.0,319683.0,319696.0,319709.0,319727.0,319737.0,319744.0,319760.0,319768.0,319779.0,319794.0,319797.0,319803.0,319809.0,319817.0,319837.0,319842.0,319849.0,319861.0,319879.0,319892.0,319904.0,319908.0,319914.0,319928.0,319941.0,319946.0,319951.0,319958.0,319965.0,319973.0,319983.0,319998.0,320001.0,320010.0,320020.0,320037.0,320056.0,320070.0,320074.0,320095.0,320105.0,320125.0,320130.0,320140.0,320162.0,320179.0,320190.0,320197.0,320214.0,320228.0,320237.0,320241.0,320263.0,320278.0,320286.0,320297.0,320310.0,320319.0,320334.0,320348.0,320353.0,320361.0,320368.0,320377.0,320382.0,320386.0,320396.0,320407.0,320421.0,320437.0,320449.0,320460.0,320468.0,320480.0,320488.0,320498.0,320503.0,320512.0,320523.0,320538.0,320544.0,320548.0,320557.0,320570.0,320579.0,320590
uxNaVb0d4tA,11407.0,11413.0,11416.0,11425.0,11432.0,11434.0,11438.0,11445.0,11448.0,11452.0,11453.0,11460.0,11465.0,11477.0,11480.0,11486.0,11492.0,11499.0,11510.0,11516.0,11523.0,11528.0,11535.0,11548.0,11556.0,11563.0,11569.0,11570.0,11574.0,11579.0,11587.0,11592.0,11597.0,11598.0,11600.0,11600.0,11607.0,11614.0,11618.0,11623.0,11625.0,11629.0,11632.0,11635.0,11638.0,11641.0,11642.0,11647.0,11654.0,11656.0,11663.0,11668.0,11675.0,11679.0,11681.0,11684.0,11688.0,11693.0,11700.0,11708.0,11712.0,11715.0,11716.0,11722.0,11727.0,11728.0,11730.0,11735.0,11738.0,11744.0,11754.0,11761.0,11763.0,11769.0,11780.0,11781.0,11783.0,11788.0,11789.0,11791.0,11797.0,11801.0,11817.0,11817.0,11821.0,11827.0,11832.0,11837.0,11839.0,11841.0,11844.0,11845.0,11847.0,11852.0,11856.0,11859.0,11861.0,11861.0,11865.0,11872.0,11876.0,11878.0,11883.0,11885.0,11888.0,11893.0,11895.0,11898.0,11899.0,11907.0,11912.0,11913.0,11916.0,11917.0,11917.0,11919.0,11925.0,11928.0,11929.0,11937.0,11939.0,11942.0,11944.0,11946.0,11949.0,11953.0,11955.0,11956.0,11960.0,11962.0,11963.0,11967.0,11971.0,11976.0,,,,,,,,,12021.0,12026.0,12039.0,12077.0,12091.0,12113.0,12129.0,12139.0,12157.0,12162.0,12169.0,12172.0,12177.0,12179.0,12187.0,12193.0,12196.0,12198.0,12204.0,12206.0,12210.0,12211.0,12215.0,12219.0,12222.0,12228.0,12229.0,12233.0,12236.0,12239.0,12240.0,12241.0,12247.0,12253.0,12260.0,12266.0,12268.0,12276.0,12283.0,12287.0,12292.0,12295.0,12297.0,12300.0,12304.0,12310.0,12315.0,12319.0,12327.0,12329.0,12328.0,12335.0,12337.0,12340.0,12345.0,12350.0,12352.0,12353.0,12357.0,12360.0,12363.0,12366.0,12370.0,12375.0,12376.0,12380.0,12383.0,12384.0,12389.0,12389.0,12389.0,12390.0,12393.0,12398.0,12405.0,12408.0,12407.0,12409.0,12412.0,12422.0,12426.0,12432.0,12437.0,12440.0,12449.0,12456.0,12460.0,12466.0,12470.0,12475.0,12482.0,12486.0,12488.0,12492.0,12498.0,12505.0,12506.0,12511.0,12516.0,12520.0,12525.0,12528.0,12535.0,12539.0,12544.0,12548.0,12549.0,12555.0,12558.0,12558.0,12560.0,12571.0,12578.0,12582.0,12589.0,12596.0,12599.0,12602.0,12605.0,12607.0,12609.0,,12624.0,12637.0,12644.0,12655.0,12659.0,12661.0,12667.0,12671.0,12676.0,12681.0,12690.0,12692.0,12700.0,12705.0,12714.0,12723.0,12732.0,12738.0,12744.0,12752.0,12755.0,12762.0,12774.0,12781.0,12784.0,12786.0,12787.0,12800.0,12806.0,12811.0,12815.0,12820.0,12829.0,12835.0,12841.0,12849.0,12858.0,12859.0,12864.0,12869.0,12877.0,12892.0,12899.0,12903.0,12913.0,12922.0,12932.0,12943.0,12949.0,12952.0,12960.0,12965.0,12973.0,12977.0,12980.0,12984.0,12987.0,12988.0,12989.0,12994.0,13000.0,13011.0,13015.0,13015.0,13021.0,13030.0,13040.0,13048.0,13050.0,13059.0,13064.0,13072.0,13076.0,13078.0,13083.0,13091.0,13096.0,13102.0,13107.0,13111.0,13114.0,13122.0,13130.0,13134.0,13137.0,13143.0,13148.0,13157.0,13164.0,13165.0,13171.0,13174.0,13183.0,13184.0,13187.0,13193.0,13201.0,13208.0,13213.0,13219.0,13222.0,13225.0,13231.0,13236.0,13239.0,13242.0,13244.0,13250.0,13256.0,13259.0,13265.0,13271.0,13276.0,13284
nUCXCesOXGk,1460681.0,1460826.0,1461036.0,1461225.0,1461419.0,1461598.0,1461798.0,1461985.0,1462157.0,1462419.0,1462649.0,1462843.0,1463040.0,1463206.0,1463454.0,1463643.0,1463836.0,1464002.0,1464154.0,1464397.0,1464581.0,1464799.0,1465009.0,1465202.0,1465371.0,1465539.0,1465682.0,1465836.0,1466027.0,1466196.0,1466338.0,1466478.0,1466633.0,1466764.0,1466918.0,1467069.0,1467245.0,1467429.0,1467616.0,1467766.0,1467925.0,1468070.0,1468257.0,1468425.0,1468613.0,1468822.0,1469011.0,1469219.0,1469375.0,1469570.0,1469736.0,1469918.0,1470092.0,1470267.0,1470453.0,1470635.0,1470809.0,1470938.0,1471106.0,1471259.0,1471420.0,1471571.0,1471753.0,1471898.0,1472056.0,1472210.0,1472370.0,1472592.0,1472771.0,1472998.0,1473203.0,1473384.0,1473613.0,1473821.0,1474039.0,1474226.0,1474394.0,1474542.0,1474794.0,1475004.0,1475196.0,1475429.0,1475652.0,1475902.0,1476134.0,1476386.0,1476566.0,1476772.0,1477029.0,1477270.0,1477470.0,1477585.0,1477719.0,1477922.0,1478073.0,1478187.0,1478336.0,1478478.0,1478689.0,1478862.0,1479125.0,1479401.0,1479674.0,1479849.0,1480100.0,1480347.0,1480533.0,1480721.0,1480884.0,1481056.0,1481211.0,1481394.0,1481576.0,1481759.0,1481881.0,1482016.0,1482174.0,1482338.0,1482498.0,1482664.0,1482818.0,1483006.0,1483153.0,1483290.0,1483517.0,1483716.0,1483943.0,1484148.0,1484325.0,1484503.0,1484668.0,1484865.0,1485027.0,1485188.0,,,,,,,,,1487846.0,1488038.0,1488209.0,1488423.0,1488650.0,1488843.0,1489014.0,1489222.0,1489410.0,1489612.0,1489816.0,1490082.0,1490312.0,1490510.0,1490700.0,1490926.0,1491108.0,1491313.0,1491473.0,1491676.0,1491871.0,1492067.0,1492274.0,1492474.0,1492672.0,1492867.0,1493067.0,1493252.0,1493405.0,1493554.0,1493752.0,1493960.0,1494117.0,1494286.0,1494457.0,1494627.0,1494782.0,1494946.0,1495208.0,1495440.0,1495631.0,1495800.0,1495922.0,1496118.0,1496367.0,1496603.0,1496786.0,1497047.0,1497355.0,1497707.0,1498013.0,1498340.0,1498612.0,1498906.0,1499165.0,1499511.0,1499751.0,1500000.0,1500336.0,1500591.0,1500865.0,1501149.0,1501437.0,1501670.0,1501938.0,1502252.0,1502570.0,1502807.0,1503013.0,1503221.0,1503389.0,1503588.0,1503771.0,1503970.0,1504154.0,1504359.0,1504562.0,1504748.0,1504956.0,1505143.0,1505417.0,1505615.0,1505790.0,1506030.0,1506174.0,1506389.0,1506615.0,1506806.0,1506994.0,1507182.0,1507386.0,1507592.0,1507758.0,1507947.0,1508117.0,1508292.0,1508482.0,1508667.0,1508804.0,1508914.0,1509059.0,1509222.0,1509386.0,1509540.0,1509706.0,1509849.0,1510025.0,1510217.0,1510405.0,1510556.0,1510751.0,1510958.0,1511146.0,1511308.0,1511449.0,1511624.0,1511804.0,1511988.0,1512215.0,1512419.0,1512561.0,,1512925.0,1513190.0,1513372.0,1513561.0,1513751.0,1513923.0,1514139.0,1514293.0,1514468.0,1514675.0,1514869.0,1515125.0,1515312.0,1515536.0,1515773.0,1516030.0,1516301.0,1516580.0,1516823.0,1517023.0,1517301.0,1517521.0,1517719.0,1517926.0,1518205.0,,,,,,,,,,,,,,,,,,,,,,,,,,,,,,,,,,,,,,,,,,,,,,,,,,,,,,,,,,,,,,,,,,,,,,,,,,,,,,,,,,,,,,,,,
ETq55dWQxGM,632507.0,632956.0,633430.0,633874.0,634325.0,634861.0,635400.0,636001.0,636559.0,637126.0,637645.0,638269.0,638773.0,639282.0,639924.0,640533.0,641144.0,641669.0,642208.0,642749.0,643283.0,643891.0,644515.0,645147.0,645749.0,646268.0,646884.0,647577.0,648196.0,648763.0,649317.0,649785.0,650295.0,650869.0,651458.0,652080.0,652724.0,653388.0,653973.0,654626.0,655290.0,656152.0,657022.0,657771.0,658497.0,659240.0,659995.0,660791.0,661505.0,662379.0,663169.0,664020.0,664798.0,665602.0,666407.0,667204.0,668118.0,668903.0,669696.0,670570.0,671424.0,672169.0,672989.0,673861.0,674608.0,675435.0,676191.0,677041.0,677816.0,678737.0,679579.0,680280.0,681019.0,681710.0,682331.0,683197.0,684103.0,684915.0,685781.0,686497.0,687234.0,688011.0,688805.0,689813.0,690736.0,691615.0,692409.0,693092.0,693861.0,694690.0,695629.0,696456.0,697211.0,697881.0,698558.0,699279.0,700056.0,700991.0,701752.0,702535.0,703218.0,703855.0,704487.0,705204.0,705855.0,706639.0,707389.0,708109.0,708748.0,709369.0,710051.0,710827.0,711500.0,712207.0,712864.0,713445.0,714094.0,714925.0,715721.0,716562.0,717320.0,717958.0,718732.0,719486.0,720285.0,721242.0,722108.0,723030.0,723809.0,724458.0,725193.0,726286.0,727352.0,728478.0,,,,,,,,,738739.0,739647.0,740545.0,741358.0,742150.0,742802.0,743534.0,744221.0,744728.0,745390.0,745935.0,746629.0,747250.0,747922.0,748445.0,749002.0,749643.0,750277.0,751036.0,751757.0,752558.0,753202.0,753986.0,754669.0,755417.0,756203.0,757015.0,757786.0,758478.0,759199.0,760012.0,760839.0,761607.0,762394.0,763286.0,763990.0,764600.0,765333.0,766127.0,766960.0,767751.0,768509.0,769200.0,769788.0,770460.0,771287.0,772086.0,772824.0,773663.0,774351.0,775028.0,775777.0,776601.0,777379.0,778093.0,779012.0,779704.0,780363.0,781114.0,781823.0,782629.0,783168.0,783896.0,784574.0,785164.0,785890.0,786647.0,787404.0,788076.0,788668.0,789311.0,790053.0,790806.0,791637.0,792386.0,793200.0,793862.0,794689.0,795336.0,796072.0,796925.0,797691.0,798447.0,799379.0,800200.0,800892.0,801518.0,802401.0,803190.0,803935.0,804650.0,805420.0,805961.0,806695.0,807515.0,808391.0,809262.0,810055.0,810883.0,811512.0,812419.0,813297.0,814123.0,815033.0,815826.0,816691.0,817366.0,818144.0,819102.0,820005.0,820901.0,821758.0,822481.0,823130.0,823784.0,824319.0,824914.0,825657.0,826327.0,826849.0,827368.0,,828746.0,829369.0,830108.0,830743.0,831472.0,832076.0,832729.0,833375.0,834136.0,834779.0,835514.0,836145.0,836668.0,837277.0,837993.0,838633.0,839332.0,840092.0,840700.0,841346.0,841959.0,842636.0,843299.0,844036.0,844709.0,845226.0,845769.0,846390.0,847083.0,847808.0,848435.0,849178.0,849803.0,850274.0,850976.0,851704.0,852381.0,853084.0,853839.0,854536.0,855103.0,855763.0,856638.0,857401.0,858055.0,858865.0,859562.0,860227.0,860824.0,861570.0,862239.0,863001.0,863644.0,864320.0,864887.0,865548.0,866367.0,867109.0,867860.0,868651.0,869377.0,870051.0,870753.0,871626.0,872394.0,873151.0,873831.0,874388.0,875051.0,875734.0,876470.0,877155.0,877965.0,878723.0,879528.0,880186.0,880940.0,881679.0,882372.0,883125.0,883923.0,884625.0,885302.0,886077.0,886793.0,887706.0,888603.0,889508.0,890345.0,891211.0,892044.0,893043.0,893896.0,894779.0,895691.0,896522.0,897320.0,898197.0,899037.0,899938.0,900934.0,901788.0,902787.0,903591.0,904351.0,905214.0,906022.0,906930.0,907810.0,908605.0,909315.0,910008.0,910835.0,911655
MnK_wu2XpJI,266665.0,266712.0,266768.0,266811.0,266874.0,266950.0,267015.0,267080.0,267139.0,267192.0,267249.0,267292.0,267343.0,267388.0,267445.0,267506.0,267548.0,267603.0,267666.0,267731.0,267800.0,267888.0,267972.0,268037.0,268095.0,268147.0,268206.0,268253.0,268309.0,268362.0,268405.0,268466.0,268529.0,268578.0,268624.0,268686.0,268746.0,268782.0,268820.0,268862.0,268920.0,268967.0,269016.0,269057.0,269114.0,269173.0,269231.0,269280.0,269333.0,269387.0,269443.0,269486.0,269551.0,269603.0,269660.0,269714.0,269750.0,269821.0,269869.0,269920.0,269970.0,270014.0,270084.0,270151.0,270215.0,270248.0,270307.0,270374.0,270452.0,270585.0,270671.0,270745.0,270816.0,270871.0,270945.0,271010.0,271061.0,271139.0,271213.0,271261.0,271311.0,271358.0,271433.0,271509.0,271566.0,271628.0,271689.0,271725.0,271775.0,271836.0,271904.0,271956.0,272019.0,272059.0,272112.0,272165.0,272223.0,272272.0,272322.0,272398.0,272464.0,272526.0,272586.0,272653.0,272736.0,272846.0,272935.0,272995.0,273073.0,273155.0,273230.0,273354.0,273415.0,273504.0,273567.0,273637.0,273690.0,273737.0,273817.0,273894.0,273961.0,274025.0,274074.0,274144.0,274204.0,274280.0,274349.0,274422.0,274480.0,274538.0,274617.0,274688.0,274769.0,274834.0,,,,,,,,,275453.0,275531.0,275606.0,275690.0,275750.0,275831.0,275904.0,275954.0,276010.0,276091.0,276175.0,276240.0,276315.0,276384.0,276444.0,276495.0,276553.0,276652.0,276723.0,276811.0,276875.0,276929.0,276995.0,277061.0,277133.0,277205.0,277273.0,277352.0,277398.0,277466.0,277548.0,277651.0,277749.0,277811.0,277881.0,277946.0,278020.0,278096.0,278177.0,278260.0,278351.0,278433.0,278510.0,278579.0,278640.0,278707.0,278792.0,278872.0,278964.0,279030.0,279088.0,279147.0,279198.0,279250.0,279342.0,279427.0,279475.0,279524.0,279577.0,279624.0,279666.0,279718.0,279768.0,279803.0,279851.0,279908.0,279979.0,280047.0,280107.0,280163.0,280237.0,280300.0,280368.0,280435.0,280505.0,280560.0,280625.0,280687.0,280737.0,280826.0,280910.0,280959.0,281014.0,281067.0,281119.0,281159.0,281209.0,281259.0,281325.0,281377.0,281423.0,281463.0,281506.0,281567.0,281626.0,281683.0,281749.0,281801.0,281846.0,281894.0,281961.0,282036.0,282077.0,282128.0,282190.0,282244.0,282297.0,282368.0,282453.0,282510.0,282559.0,282611.0,282679.0,282739.0,282810.0,282887.0,282945.0,282977.0,283040.0,283097.0,283135.0,,283280.0,283359.0,283441.0,283533.0,283618.0,283716.0,283777.0,283841.0,283901.0,283957.0,284026.0,284098.0,284169.0,284240.0,284292.0,284334.0,284398.0,284465.0,284516.0,284578.0,284657.0,284728.0,284805.0,284946.0,285016.0,285088.0,285142.0,285191.0,285254.0,285317.0,285353.0,285416.0,285466.0,285527.0,285570.0,285628.0,285687.0,285730.0,285786.0,285822.0,285868.0,285900.0,285947.0,285985.0,286048.0,286101.0,286152.0,286203.0,286245.0,286289.0,286332.0,286377.0,286421.0,286455.0,286499.0,286541.0,286604.0,286664.0,286718.0,286772.0,286847.0,286900.0,286967.0,287038.0,287115.0,287184.0,287264.0,287320.0,287378.0,287452.0,287515.0,287582.0,287671.0,287756.0,287820.0,287879.0,287970.0,288060.0,288150.0,288232.0,288316.0,288386.0,288436.0,288517.0,288573.0,288624.0,288686.0,288739.0,288792.0,288835.0,288880.0,288929.0,288994.0,289051.0,289109.0,289165.0,289226.0,289264.0,289316.0,289372.0,289408.0,289464.0,289507.0,289555.0,289618.0,289663.0,289737.0,289805.0,289847.0,289905.0,289955.0,290006.0,290060.0,290113
Xx6EscSho_E,278782.0,278860.0,278951.0,279085.0,279186.0,279281.0,279407.0,279491.0,279597.0,279717.0,279822.0,279953.0,280063.0,280145.0,280255.0,280364.0,280456.0,280531.0,280612.0,280704.0,280823.0,280904.0,281005.0,281083.0,281207.0,281276.0,281362.0,281484.0,281591.0,281704.0,281820.0,281982.0,282110.0,282235.0,282353.0,282468.0,282566.0,282678.0,282768.0,282850.0,282931.0,283008.0,283099.0,283167.0,283278.0,283378.0,283450.0,283510.0,283573.0,283669.0,283744.0,283823.0,283897.0,283944.0,284062.0,284123.0,284184.0,284261.0,284317.0,284373.0,284460.0,284523.0,284597.0,284671.0,284746.0,284796.0,284882.0,284931.0,284967.0,285037.0,285085.0,285134.0,285191.0,285228.0,285303.0,285361.0,285429.0,285486.0,285562.0,285625.0,285711.0,285760.0,285824.0,285879.0,285929.0,285999.0,286078.0,286150.0,286210.0,286275.0,286341.0,286383.0,286438.0,286522.0,286576.0,286638.0,286700.0,286757.0,286807.0,286875.0,286951.0,287021.0,287082.0,287131.0,287183.0,287230.0,287287.0,287348.0,287400.0,287448.0,287505.0,287542.0,287593.0,287630.0,287684.0,287725.0,287780.0,287822.0,287883.0,287908.0,287947.0,287989.0,288028.0,288075.0,288115.0,288157.0,288205.0,288259.0,288314.0,288381.0,288441.0,288487.0,288530.0,288586.0,,,,,,,,,289052.0,289119.0,289162.0,289196.0,289268.0,289311.0,289355.0,289402.0,289487.0,289571.0,289597.0,289639.0,289678.0,289713.0,289759.0,289788.0,289831.0,289875.0,289931.0,289979.0,290023.0,290076.0,290143.0,290195.0,290229.0,290268.0,290291.0,290319.0,290359.0,290394.0,290446.0,290483.0,290520.0,290548.0,290571.0,290602.0,290653.0,290689.0,290722.0,290758.0,290787.0,290829.0,290865.0,290907.0,290944.0,290972.0,291001.0,291039.0,291072.0,291104.0,291137.0,291160.0,291183.0,291212.0,291241.0,291273.0,291303.0,291331.0,291364.0,291393.0,291407.0,291433.0,291457.0,291496.0,291525.0,291565.0,291598.0,291631.0,291653.0,291680.0,291708.0,291734.0,291750.0,291774.0,291805.0,291836.0,291857.0,291891.0,291924.0,291959.0,291982.0,292007.0,292043.0,292074.0,292107.0,292145.0,292175.0,292203.0,292237.0,292261.0,292275.0,292318.0,292359.0,292413.0,292443.0,292463.0,292510.0,292545.0,292585.0,292614.0,292647.0,292691.0,292724.0,292769.0,292816.0,292862.0,292898.0,292955.0,292998.0,293040.0,293087.0,293135.0,293196.0,293248.0,293296.0,293333.0,293367.0,293407.0,293433.0,293472.0,293498.0,,293588.0,293620.0,293665.0,293703.0,293750.0,293815.0,293854.0,293901.0,293936.0,293988.0,294026.0,294073.0,294114.0,294142.0,294182.0,294226.0,294257.0,294304.0,294334.0,294370.0,294398.0,294425.0,294463.0,294516.0,294559.0,294597.0,294630.0,294650.0,294682.0,294707.0,294741.0,294769.0,294805.0,294837.0,294877.0,294914.0,294956.0,295000.0,295170.0,295194.0,295234.0,295279.0,295219.0,295261.0,295299.0,295330.0,295382.0,295419.0,295438.0,295472.0,295507.0,295543.0,295592.0,295635.0,295698.0,295722.0,295756.0,295816.0,295856.0,295893.0,295929.0,295984.0,296020.0,296065.0,296125.0,296191.0,296288.0,296438.0,296561.0,296667.0,296770.0,296895.0,296992.0,297104.0,297243.0,297405.0,297521.0,297657.0,297798.0,297945.0,298105.0,298233.0,298439.0,298605.0,298757.0,298948.0,299091.0,299233.0,299410.0,299572.0,299705.0,299846.0,300003.0,300191.0,300330.0,300473.0,300588.0,300729.0,300872.0,300993.0,301150.0,301347.0,301453.0,301580.0,301691.0,301817.0,301989.0,302161.0,302334.0,302478.0,302597.0,302776.0,302959.0,303118
bRP6wL-9yMU,637351.0,637457.0,637586.0,637691.0,637799.0,637911.0,638022.0,638143.0,638289.0,638418.0,638547.0,638660.0,638784.0,638892.0,638994.0,639119.0,639235.0,639320.0,639435.0,639560.0,639669.0,639793.0,639923.0,640063.0,640156.0,640272.0,640407.0,640524.0,640620.0,640791.0,640903.0,641012.0,641161.0,641254.0,641351.0,641513.0,641631.0,641749.0,641861.0,641964.0,642081.0,642192.0,642321.0,642420.0,642553.0,642654.0,642751.0,642865.0,642985.0,643107.0,643256.0,643401.0,643522.0,643677.0,643814.0,643969.0,644140.0,644324.0,644458.0,644608.0,644755.0,644902.0,645034.0,645155.0,645325.0,645473.0,645643.0,645812.0,645965.0,646138.0,646264.0,646405.0,646548.0,646719.0,646836.0,646978.0,647104.0,647270.0,647445.0,647591.0,647709.0,647882.0,647993.0,648127.0,648265.0,648425.0,648548.0,648691.0,648805.0,648926.0,649062.0,649201.0,649323.0,649435.0,649569.0,649706.0,649803.0,649941.0,650046.0,650139.0,650231.0,650334.0,650429.0,650540.0,650632.0,650726.0,650811.0,650910.0,651017.0,651126.0,651216.0,651325.0,651422.0,651519.0,651606.0,651692.0,651795.0,651889.0,651993.0,652095.0,652185.0,652267.0,652367.0,652432.0,652518.0,652600.0,652682.0,652770.0,652861.0,652946.0,653016.0,653146.0,653238.0,653329.0,,,,,,,,,654137.0,654260.0,654400.0,654602.0,654780.0,654985.0,655162.0,655291.0,655425.0,655529.0,655608.0,655728.0,655834.0,655957.0,656069.0,656151.0,656251.0,656323.0,656410.0,656487.0,656550.0,656626.0,656699.0,656789.0,656874.0,656971.0,657040.0,657112.0,657187.0,657259.0,657331.0,657398.0,657488.0,657567.0,657671.0,657749.0,657817.0,657896.0,657984.0,658062.0,658157.0,658215.0,658292.0,658357.0,658425.0,658488.0,658583.0,658655.0,658746.0,658808.0,658910.0,658975.0,659049.0,659133.0,659203.0,659281.0,659348.0,659431.0,659494.0,659552.0,659623.0,659697.0,659766.0,659819.0,659881.0,659951.0,660021.0,660078.0,660150.0,660198.0,660257.0,660309.0,660388.0,660488.0,660550.0,660627.0,660694.0,660765.0,660832.0,660895.0,660957.0,661016.0,661106.0,661169.0,661245.0,661352.0,661433.0,661517.0,661583.0,661651.0,661724.0,661789.0,661859.0,661942.0,662005.0,662090.0,662162.0,662239.0,662299.0,662370.0,662438.0,662517.0,662601.0,662669.0,662729.0,662798.0,662879.0,662957.0,663051.0,663107.0,663178.0,663245.0,663312.0,663378.0,663443.0,663510.0,663570.0,663633.0,663705.0,663794.0,663899.0,,664048.0,664132.0,664198.0,664271.0,664340.0,664419.0,664501.0,664570.0,664663.0,664744.0,664802.0,664883.0,664950.0,665024.0,665100.0,665209.0,665310.0,665397.0,665484.0,665548.0,665613.0,665696.0,665775.0,665854.0,665942.0,666017.0,666079.0,666160.0,666224.0,666318.0,666393.0,666447.0,666528.0,666594.0,666680.0,666771.0,666867.0,666928.0,667007.0,667075.0,667140.0,667222.0,667281.0,667347.0,667436.0,667505.0,667557.0,667633.0,667691.0,667752.0,667804.0,667884.0,667962.0,668029.0,668093.0,668164.0,668242.0,668303.0,668353.0,668436.0,668508.0,668565.0,668635.0,668698.0,668779.0,668852.0,668926.0,668984.0,669063.0,669139.0,669221.0,669289.0,669368.0,669433.0,669503.0,669574.0,669662.0,669753.0,669844.0,669925.0,670031.0,670100.0,670165.0,670248.0,670336.0,670402.0,670465.0,670554.0,670639.0,670720.0,670797.0,670877.0,670965.0,671044.0,671126.0,671211.0,671282.0,671362.0,671431.0,671512.0,671575.0,671657.0,671725.0,671782.0,671833.0,671884.0,671966.0,672026.0,672116.0,672168.0,672219.0,672272.0,672343.0,672408
GZp8tsJmg_c,180073.0,180148.0,180209.0,180269.0,180333.0,180406.0,180492.0,180574.0,180662.0,180720.0,180797.0,180888.0,180957.0,181034.0,181113.0,181185.0,181246.0,181321.0,181405.0,181464.0,181536.0,181624.0,181698.0,181781.0,181860.0,181944.0,182032.0,182128.0,182207.0,182287.0,182355.0,182443.0,182508.0,182570.0,182624.0,182690.0,182752.0,182814.0,182883.0,182925.0,182966.0,183017.0,183094.0,183177.0,183245.0,183292.0,183350.0,183403.0,183453.0,183500.0,183553.0,183607.0,183657.0,183716.0,183772.0,183820.0,183903.0,183968.0,184018.0,184074.0,184112.0,184159.0,184240.0,184293.0,184367.0,184408.0,184442.0,184512.0,184562.0,184629.0,184670.0,184735.0,184786.0,184857.0,184911.0,184971.0,185034.0,185082.0,185121.0,185163.0,185223.0,185259.0,185302.0,185362.0,185410.0,185454.0,185484.0,185505.0,185540.0,185573.0,185609.0,185655.0,185700.0,185736.0,185760.0,185791.0,185828.0,185852.0,185892.0,185929.0,185960.0,185997.0,186037.0,186082.0,186124.0,186168.0,186199.0,186223.0,186256.0,186298.0,186326.0,186351.0,186381.0,186423.0,186448.0,186471.0,186500.0,186542.0,186579.0,186614.0,186652.0,186686.0,186711.0,186742.0,186775.0,186813.0,186840.0,186869.0,186941.0,186976.0,187009.0,187034.0,187068.0,187088.0,,,,,,,,,187424.0,187461.0,187488.0,187513.0,187531.0,187560.0,187585.0,187607.0,187640.0,187674.0,187700.0,187723.0,187749.0,187772.0,187798.0,187821.0,187847.0,187873.0,187901.0,187940.0,187969.0,187993.0,188013.0,188034.0,188059.0,188076.0,188091.0,188103.0,188125.0,188145.0,188167.0,188190.0,188213.0,188245.0,188268.0,188297.0,188328.0,188355.0,188380.0,188401.0,188418.0,188441.0,188467.0,188489.0,188514.0,188533.0,188565.0,188580.0,188598.0,188619.0,188637.0,188674.0,188687.0,188706.0,188721.0,188741.0,188759.0,188777.0,188800.0,188825.0,188841.0,188854.0,188864.0,188879.0,188890.0,188913.0,188938.0,188952.0,188968.0,188995.0,189009.0,189025.0,189043.0,189069.0,189093.0,189105.0,189119.0,189131.0,189149.0,189178.0,189189.0,189214.0,189241.0,189263.0,189287.0,189300.0,189321.0,189331.0,189358.0,189377.0,189399.0,189412.0,189425.0,189435.0,189458.0,189479.0,189496.0,189514.0,189524.0,189535.0,189550.0,189574.0,189595.0,189619.0,189637.0,189647.0,189659.0,189679.0,189699.0,189710.0,189738.0,189763.0,189783.0,189802.0,189815.0,189824.0,189844.0,189875.0,189900.0,189914.0,189942.0,,189989.0,190006.0,190040.0,190066.0,190088.0,190109.0,190135.0,190156.0,190178.0,190201.0,190232.0,190260.0,190277.0,190298.0,190325.0,190349.0,190371.0,190391.0,190411.0,190426.0,190444.0,190465.0,190504.0,190589.0,190622.0,190656.0,190692.0,190727.0,190751.0,190774.0,190806.0,190825.0,190846.0,190865.0,190890.0,190912.0,190934.0,190967.0,190979.0,190998.0,191016.0,191033.0,191064.0,191083.0,191107.0,191123.0,191148.0,191172.0,191211.0,191230.0,191256.0,191275.0,191306.0,191343.0,191364.0,191404.0,191439.0,191478.0,191518.0,191569.0,191605.0,191628.0,191665.0,191700.0,191735.0,191780.0,191817.0,191843.0,191870.0,191901.0,191940.0,191977.0,192001.0,192026.0,192046.0,192073.0,192110.0,192145.0,192170.0,192209.0,192253.0,192300.0,192351.0,192394.0,192424.0,192455.0,192485.0,192517.0,192545.0,192576.0,192609.0,192652.0,192683.0,192707.0,192737.0,192761.0,192794.0,192831.0,192881.0,192915.0,192953.0,192980.0,192993.0,193025.0,193059.0,193091.0,193122.0,193157.0,193176.0,193198.0,193217.0,193231.0,193249.0,193268
Ufz08e09ZAY,331667.0,331782.0,331923.0,332058.0,332201.0,332341.0,332478.0,332608.0,332793.0,332931.0,333087.0,333228.0,333379.0,333572.0,333750.0,333904.0,334048.0,334169.0,334327.0,334491.0,334649.0,334842.0,335027.0,335173.0,335373.0,335550.0,335832.0,336047.0,336242.0,336441.0,336590.0,336713.0,336902.0,337114.0,337269.0,337455.0,337634.0,337786.0,337902.0,338099.0,338277.0,338461.0,338670.0,338883.0,339090.0,339283.0,339543.0,339749.0,339942.0,340173.0,340353.0,340562.0,340778.0,340958.0,341147.0,341358.0,341601.0,341834.0,342046.0,342270.0,342494.0,342716.0,342968.0,343181.0,343400.0,343560.0,343715.0,343931.0,344125.0,344381.0,344638.0,344831.0,345004.0,345175.0,345365.0,345607.0,345805.0,346103.0,346324.0,346523.0,346703.0,346897.0,347154.0,347472.0,347824.0,348154.0,348410.0,348595.0,348859.0,349232.0,349616.0,349991.0,350422.0,350738.0,351001.0,351303.0,351616.0,351997.0,352383.0,352713.0,353061.0,353312.0,353560.0,353841.0,354128.0,354409.0,354686.0,354952.0,355256.0,355569.0,355888.0,356231.0,356520.0,356782.0,357027.0,357188.0,357413.0,357669.0,357902.0,358164.0,358347.0,358559.0,358735.0,358919.0,359194.0,359466.0,359714.0,359959.0,360148.0,360326.0,360559.0,360811.0,361060.0,361285.0,,,,,,,,,363448.0,363618.0,363864.0,364108.0,364423.0,364642.0,364878.0,365053.0,365281.0,365552.0,365834.0,366070.0,366390.0,366629.0,366893.0,367095.0,367368.0,367735.0,368008.0,368270.0,368509.0,368719.0,368933.0,369167.0,369397.0,369593.0,369831.0,370077.0,370252.0,370432.0,370685.0,370905.0,371122.0,371362.0,371598.0,371768.0,371931.0,372177.0,372354.0,372562.0,372801.0,373046.0,373205.0,373370.0,373543.0,373781.0,374037.0,374327.0,374595.0,374776.0,374930.0,375223.0,375478.0,375723.0,375929.0,376095.0,376281.0,376422.0,376670.0,376869.0,377041.0,377181.0,377330.0,377510.0,377651.0,377844.0,378067.0,378296.0,378435.0,378599.0,378740.0,378900.0,379065.0,379247.0,379461.0,379687.0,379898.0,380077.0,380199.0,380444.0,380649.0,380910.0,381135.0,381363.0,381542.0,381691.0,381848.0,381977.0,382141.0,382289.0,382401.0,382540.0,382690.0,382814.0,382981.0,383131.0,383294.0,383459.0,383598.0,383706.0,383853.0,383990.0,384147.0,384320.0,384465.0,384591.0,384686.0,384811.0,384954.0,385088.0,385214.0,385373.0,385440.0,385505.0,385570.0,385628.0,385695.0,385771.0,385895.0,385986.0,386067.0,,386254.0,386361.0,386449.0,386546.0,386625.0,386702.0,386783.0,386862.0,386954.0,387047.0,387131.0,387194.0,387256.0,387347.0,387427.0,387519.0,387616.0,387694.0,387754.0,387821.0,387890.0,387972.0,388048.0,388120.0,388192.0,388261.0,388313.0,388386.0,388447.0,388525.0,388603.0,388665.0,388723.0,388760.0,388844.0,388915.0,388981.0,389050.0,389117.0,389164.0,389213.0,389275.0,389353.0,389436.0,389512.0,389588.0,389660.0,389736.0,389811.0,389901.0,389979.0,390045.0,390095.0,390168.0,390226.0,390293.0,390363.0,390422.0,390493.0,390551.0,390596.0,390644.0,390700.0,390781.0,390876.0,390959.0,391034.0,391109.0,391192.0,391281.0,391366.0,391486.0,391588.0,391687.0,391754.0,391832.0,391916.0,392014.0,392089.0,392178.0,392244.0,392305.0,392338.0,392408.0,392489.0,392555.0,392654.0,392755.0,392821.0,392884.0,392935.0,393001.0,393069.0,393151.0,393232.0,393297.0,393357.0,393426.0,393476.0,393531.0,393599.0,393670.0,393722.0,393760.0,393835.0,393902.0,393975.0,394048.0,394100.0,394169.0,394205.0,394268.0,394345.0,394425
uTxtBbO8Psw,1474376.0,1475995.0,1477761.0,1479610.0,1481546.0,1483589.0,1485766.0,1487909.0,1490061.0,1492133.0,1494211.0,1496280.0,1498527.0,1500825.0,1503291.0,1505587.0,1507725.0,1509652.0,1511758.0,1513688.0,1515638.0,1517681.0,1519906.0,1522324.0,1524428.0,1526621.0,1528872.0,1531189.0,1533585.0,1535803.0,1537881.0,1539821.0,1542032.0,1544374.0,1546567.0,1548749.0,1550978.0,1553120.0,1555067.0,1557079.0,1559006.0,1560787.0,1562957.0,1565084.0,1566885.0,1568703.0,1570657.0,1572962.0,1575088.0,1577218.0,1579223.0,1581360.0,1583216.0,1585247.0,1587496.0,1589505.0,1591635.0,1593587.0,1595510.0,1597441.0,1599509.0,1601531.0,1603456.0,1605201.0,1606998.0,1608528.0,1610040.0,1611677.0,1613327.0,1615449.0,1617188.0,1618874.0,1620578.0,1622229.0,1624103.0,1625940.0,1627745.0,1629442.0,1631280.0,1632875.0,1634436.0,1635954.0,1637454.0,1639034.0,1640651.0,1642205.0,1643711.0,1644998.0,1646424.0,1648305.0,1650155.0,1651984.0,1653787.0,1655448.0,1657048.0,1658853.0,1660637.0,1662440.0,1664180.0,1665854.0,1667412.0,1668938.0,1670613.0,1672206.0,1673823.0,1675422.0,1676909.0,1678177.0,1679540.0,1680878.0,1682250.0,1683681.0,1685162.0,1686719.0,1688371.0,1689810.0,1691337.0,1692946.0,1694481.0,1696075.0,1697457.0,1698680.0,1699763.0,1700964.0,1702196.0,1703496.0,1704900.0,1706278.0,1707941.0,1709240.0,1710624.0,1712029.0,1713313.0,1714574.0,,,,,,,,,1725675.0,1726900.0,1728055.0,1729147.0,1730221.0,1731326.0,1732291.0,1733138.0,1734136.0,1735292.0,1736428.0,1737548.0,1738793.0,1739944.0,1740885.0,1741803.0,1742851.0,1744114.0,1745305.0,1746324.0,1747404.0,1748308.0,1749177.0,1750027.0,1750960.0,1751842.0,1752758.0,1753658.0,1754419.0,1755056.0,1755985.0,1756802.0,1757678.0,1758420.0,1759220.0,1759928.0,1760617.0,1761378.0,1762237.0,1762978.0,1763906.0,1764755.0,1765551.0,1766341.0,1767211.0,1768186.0,1769170.0,1770044.0,1770892.0,1771836.0,1772506.0,1773350.0,1774174.0,1774954.0,1775803.0,1776834.0,1777614.0,1778479.0,1779418.0,1780243.0,1780938.0,1781666.0,1782345.0,1782899.0,1783508.0,1784248.0,1785037.0,1785778.0,1786608.0,1787236.0,1787806.0,1788473.0,1789147.0,1789912.0,1790585.0,1791307.0,1792155.0,1792822.0,1793512.0,1794149.0,1794919.0,1795725.0,1796483.0,1797340.0,1798058.0,1798728.0,1799468.0,1800147.0,1800817.0,1801482.0,1802078.0,1802648.0,1803244.0,1803789.0,1804497.0,1805173.0,1805830.0,1806527.0,1807165.0,1807707.0,1808389.0,1809017.0,1809687.0,1810349.0,1811016.0,1811515.0,1812131.0,1812764.0,1813443.0,1814030.0,1814662.0,1815297.0,1815845.0,1816344.0,1816914.0,1817431.0,1817893.0,1818522.0,1819172.0,1819763.0,1820291.0,,1821536.0,1822159.0,1822730.0,1823248.0,1823827.0,1824336.0,1824871.0,1825415.0,1825907.0,1826558.0,1827169.0,1827738.0,1828300.0,1828985.0,1829650.0,1830375.0,1831093.0,1831710.0,1832333.0,1832995.0,1833633.0,1834317.0,1834943.0,1835605.0,1836442.0,1837130.0,1837753.0,1838534.0,1839329.0,1840068.0,1840961.0,1841752.0,1842574.0,1843252.0,1844108.0,1845215.0,1846170.0,1846995.0,1847890.0,1848709.0,1849536.0,1850336.0,1851207.0,1851984.0,1852759.0,1853570.0,1854336.0,1855036.0,1856023.0,1856854.0,1857646.0,1858537.0,1859317.0,1860052.0,1860830.0,1861587.0,1862361.0,1863114.0,1863797.0,1864607.0,1865377.0,1866101.0,1866878.0,1867643.0,1868447.0,1869329.0,1870130.0,1870819.0,1871400.0,1872076.0,1872818.0,1873580.0,1874385.0,1875011.0,1875888.0,1876613.0,1877453.0,1878268.0,1879082.0,1879976.0,1880843.0,1881655.0,1882455.0,1883293.0,1884251.0,1885138.0,1885942.0,1886836.0,1887621.0,1888429.0,1889290.0,1890030.0,1890764.0,1891622.0,1892522.0,1893477.0,1894341.0,1895278.0,1896239.0,1897182.0,1898064.0,1899087.0,1899993.0,1900888.0,1901682.0,1902723.0,1903650.0,1904525.0,1905442.0,1906255.0,1907154.0,1908001.0,1908907.0,1909762
IYdSHLtY3UI,245105.0,245521.0,245910.0,246289.0,246723.0,247233.0,247743.0,248181.0,248633.0,249109.0,249515.0,249948.0,250359.0,250857.0,251285.0,251693.0,252051.0,252395.0,252844.0,253315.0,253777.0,254178.0,254651.0,255013.0,255418.0,255897.0,256328.0,256721.0,257188.0,257594.0,258090.0,258433.0,258890.0,259317.0,259759.0,260216.0,260626.0,261049.0,261460.0,261832.0,262227.0,262696.0,263131.0,263521.0,263906.0,264246.0,264712.0,265143.0,265579.0,266032.0,266422.0,266844.0,267168.0,267572.0,267992.0,268378.0,268832.0,269326.0,269714.0,270093.0,270599.0,271032.0,271567.0,272001.0,272380.0,272741.0,273090.0,273551.0,274059.0,274585.0,274969.0,275405.0,275811.0,276179.0,276627.0,277105.0,277603.0,278056.0,278486.0,279012.0,279434.0,280022.0,280650.0,281226.0,281867.0,282405.0,282870.0,283301.0,283782.0,284363.0,284958.0,285568.0,286170.0,286756.0,287275.0,287859.0,288642.0,289271.0,290214.0,291033.0,291642.0,292227.0,292895.0,293627.0,294274.0,295026.0,295761.0,296303.0,296866.0,297486.0,298272.0,298892.0,299492.0,300110.0,300663.0,301217.0,301791.0,302567.0,303227.0,303889.0,304482.0,304955.0,305462.0,305955.0,306373.0,306917.0,307569.0,308145.0,308620.0,309147.0,309730.0,310267.0,310857.0,311463.0,,,,,,,,,316441.0,317016.0,317595.0,318139.0,318666.0,319229.0,319676.0,320120.0,320572.0,320977.0,321539.0,322058.0,322693.0,323288.0,323776.0,324146.0,324641.0,325203.0,325805.0,326352.0,326838.0,327206.0,327527.0,328014.0,328482.0,328889.0,329317.0,329873.0,330205.0,330582.0,331079.0,331464.0,331977.0,332335.0,332827.0,333173.0,333482.0,333869.0,334222.0,334628.0,335050.0,335546.0,335904.0,336193.0,336641.0,337131.0,337623.0,338086.0,338475.0,338842.0,339276.0,339678.0,340095.0,340579.0,341021.0,341466.0,341805.0,342185.0,342591.0,343064.0,343488.0,343774.0,344157.0,344521.0,344866.0,345280.0,345661.0,346083.0,346414.0,346816.0,347125.0,347425.0,347896.0,348349.0,348804.0,349305.0,349769.0,350106.0,350409.0,350864.0,351345.0,351775.0,352287.0,352688.0,353029.0,353304.0,353683.0,354038.0,354385.0,354735.0,355036.0,355266.0,355468.0,356208.0,357173.0,358102.0,359095.0,360123.0,360937.0,361803.0,362876.0,363925.0,365055.0,366094.0,367439.0,368372.0,369197.0,370387.0,371543.0,372854.0,374471.0,375711.0,376636.0,377447.0,378253.0,378902.0,379533.0,380641.0,381738.0,382623.0,383243.0,,384688.0,385543.0,386383.0,387291.0,387948.0,388514.0,389095.0,389795.0,390671.0,391481.0,392424.0,393191.0,393861.0,394605.0,395319.0,396008.0,396803.0,397641.0,398262.0,398953.0,399732.0,400710.0,401478.0,402111.0,402838.0,403367.0,403916.0,404547.0,405118.0,405788.0,406474.0,407126.0,407694.0,408170.0,408889.0,409826.0,410644.0,411493.0,412261.0,412928.0,413562.0,414328.0,415145.0,415812.0,416447.0,417146.0,418106.0,418821.0,419870.0,420832.0,421810.0,422760.0,423757.0,424472.0,425071.0,425716.0,426617.0,427461.0,428218.0,429134.0,429832.0,430513.0,431386.0,432327.0,433394.0,434316.0,436118.0,437496.0,438593.0,439875.0,441096.0,442678.0,444264.0,445935.0,447477.0,449012.0,451004.0,453234.0,455266.0,457287.0,459360.0,461508.0,463237.0,465564.0,467944.0,470153.0,471951.0,473807.0,475267.0,476398.0,477632.0,478889.0,480293.0,481716.0,483140.0,484296.0,485182.0,486178.0,487286.0,488227.0,489210.0,490420.0,491403.0,492167.0,493564.0,494986.0,496600.0,497902.0,499375.0,500469.0,501583.0,502869.0,504467.0,505690
i0l9OrOryc0,360377.0,360752.0,361087.0,361384.0,361819.0,362271.0,362841.0,363493.0,364116.0,364633.0,365066.0,365703.0,366293.0,366931.0,367533.0,368059.0,368537.0,369017.0,369511.0,370166.0,370708.0,371342.0,371905.0,372378.0,372673.0,373147.0,373719.0,374211.0,374856.0,375455.0,375922.0,376362.0,376834.0,377436.0,377890.0,378554.0,379128.0,379710.0,380134.0,380737.0,381373.0,381948.0,382445.0,383129.0,383657.0,384074.0,384558.0,385121.0,385715.0,386356.0,386914.0,387521.0,387997.0,388487.0,389068.0,389625.0,390209.0,390774.0,391227.0,391572.0,392018.0,392524.0,393073.0,393567.0,394142.0,394546.0,394899.0,395362.0,395801.0,396308.0,396810.0,397258.0,397647.0,397997.0,398459.0,398955.0,399350.0,399788.0,400257.0,400588.0,400881.0,401284.0,401733.0,402119.0,402539.0,402983.0,403424.0,403748.0,404228.0,404738.0,405248.0,405791.0,406280.0,406497.0,406699.0,407043.0,407466.0,407862.0,408414.0,408950.0,409309.0,409607.0,410022.0,410486.0,410988.0,411513.0,411915.0,412248.0,412647.0,413153.0,413668.0,414113.0,414570.0,414949.0,415325.0,415617.0,416156.0,416579.0,417048.0,417477.0,417803.0,418125.0,418492.0,418816.0,419128.0,419507.0,419834.0,420270.0,420731.0,421140.0,421549.0,422146.0,422732.0,423146.0,,,,,,,,,426596.0,426851.0,427233.0,427614.0,428105.0,428578.0,429012.0,429304.0,429691.0,430150.0,430600.0,431047.0,431596.0,431983.0,432400.0,432787.0,433300.0,433723.0,434239.0,434577.0,434979.0,435251.0,435555.0,435988.0,436365.0,436680.0,437028.0,437429.0,437678.0,437932.0,438342.0,438710.0,439128.0,439455.0,439782.0,440014.0,440220.0,440485.0,440770.0,441092.0,441349.0,441674.0,441917.0,442142.0,442380.0,442718.0,443035.0,443341.0,443626.0,443816.0,444029.0,444270.0,444484.0,444756.0,445028.0,445273.0,445520.0,445711.0,445954.0,446260.0,446579.0,446751.0,447072.0,447307.0,447522.0,447848.0,448212.0,448529.0,448720.0,449005.0,449264.0,449519.0,449864.0,450206.0,450566.0,450944.0,451317.0,451593.0,451812.0,452123.0,452421.0,452678.0,453042.0,453402.0,453669.0,453919.0,454196.0,454480.0,454749.0,455016.0,455263.0,455539.0,455747.0,456030.0,456304.0,456613.0,457017.0,457304.0,457540.0,457737.0,458009.0,458264.0,458576.0,458867.0,459128.0,459304.0,459590.0,459869.0,460207.0,460470.0,460785.0,461112.0,461331.0,461527.0,461716.0,461925.0,462118.0,462323.0,462585.0,462752.0,462979.0,,463594.0,463829.0,464055.0,464286.0,464468.0,464652.0,464840.0,465089.0,465328.0,465560.0,465778.0,465982.0,466170.0,466406.0,466608.0,466871.0,467074.0,467324.0,467492.0,467670.0,467953.0,468140.0,468344.0,468543.0,468768.0,468942.0,469081.0,469272.0,469468.0,469703.0,469897.0,470147.0,470302.0,470443.0,470704.0,470901.0,471020.0,471218.0,471357.0,471482.0,471657.0,471865.0,472062.0,472283.0,472492.0,472740.0,473055.0,473334.0,473804.0,474213.0,474652.0,475018.0,475396.0,475740.0,476026.0,476295.0,476600.0,476850.0,477124.0,477422.0,477712.0,477994.0,478272.0,478648.0,479000.0,479379.0,479828.0,480272.0,480596.0,480990.0,481383.0,481920.0,482371.0,482783.0,483166.0,483501.0,483935.0,484373.0,484846.0,485237.0,485634.0,486038.0,486370.0,486710.0,487045.0,487351.0,487721.0,488097.0,488407.0,488603.0,488844.0,489151.0,489493.0,489785.0,490098.0,490367.0,490598.0,490900.0,491240.0,491490.0,491791.0,492108.0,492317.0,492503.0,492868.0,493237.0,493634.0,494014.0,494373.0,494664.0,494882.0,495227.0,495575.0,495857
u7pGWE8EeCo,322395.0,322504.0,322634.0,322801.0,322958.0,323108.0,323269.0,323422.0,323638.0,323822.0,323990.0,324138.0,324291.0,324436.0,324581.0,324752.0,324894.0,325020.0,325200.0,325377.0,325545.0,325665.0,325817.0,325951.0,326049.0,326185.0,326397.0,326567.0,326759.0,326952.0,327095.0,327253.0,327398.0,327550.0,327707.0,327875.0,328046.0,328188.0,328317.0,328454.0,328584.0,328745.0,328903.0,329050.0,329164.0,329304.0,329442.0,329585.0,329711.0,329832.0,329986.0,330093.0,330225.0,330352.0,330526.0,330657.0,330766.0,330892.0,330988.0,331114.0,331265.0,331421.0,331561.0,331700.0,331846.0,331961.0,332106.0,332235.0,332356.0,332510.0,332657.0,332770.0,332878.0,333002.0,333105.0,333226.0,333354.0,333469.0,333607.0,333728.0,333845.0,333944.0,334063.0,334191.0,334324.0,334478.0,334622.0,334726.0,334854.0,334976.0,335123.0,335266.0,335407.0,335535.0,335655.0,335809.0,335928.0,336055.0,336166.0,336294.0,336426.0,336534.0,336661.0,336778.0,336916.0,337052.0,337165.0,337286.0,337391.0,337532.0,337662.0,337808.0,337928.0,338051.0,338158.0,338268.0,338394.0,338501.0,338637.0,338761.0,338862.0,338977.0,339093.0,339203.0,339337.0,339445.0,339556.0,339703.0,339791.0,339906.0,340026.0,340132.0,340278.0,340381.0,,,,,,,,,341627.0,341758.0,341916.0,342067.0,342249.0,342483.0,342715.0,342887.0,343103.0,343312.0,343530.0,343744.0,343987.0,344209.0,344386.0,344594.0,344814.0,345111.0,345374.0,345568.0,345704.0,345836.0,345964.0,346115.0,346253.0,346391.0,346560.0,346698.0,346831.0,346971.0,347114.0,347235.0,347383.0,347509.0,347623.0,347742.0,347841.0,347959.0,348077.0,348236.0,348374.0,348508.0,348673.0,348782.0,348913.0,349063.0,349257.0,349393.0,349549.0,349669.0,349794.0,349922.0,350045.0,350147.0,350270.0,350377.0,350468.0,350569.0,350678.0,350793.0,350897.0,350978.0,351091.0,351200.0,351304.0,351415.0,351525.0,351616.0,351697.0,351795.0,351901.0,352023.0,352129.0,352272.0,352401.0,352531.0,352628.0,352711.0,352797.0,352885.0,353003.0,353119.0,353236.0,353371.0,353477.0,353582.0,353703.0,353828.0,353952.0,354077.0,354198.0,354312.0,354394.0,354489.0,354576.0,354671.0,354796.0,354904.0,354991.0,355084.0,355172.0,355283.0,355380.0,355469.0,355564.0,355629.0,355710.0,355801.0,355909.0,356001.0,356097.0,356173.0,356245.0,356335.0,356410.0,356488.0,356563.0,356631.0,356695.0,356764.0,356819.0,,356973.0,357063.0,357135.0,357202.0,357275.0,357331.0,357428.0,357506.0,357592.0,357697.0,357765.0,357833.0,357904.0,357981.0,358068.0,358166.0,358294.0,358375.0,358499.0,358581.0,358671.0,358783.0,358872.0,358965.0,359055.0,359134.0,359235.0,359324.0,359440.0,359538.0,359670.0,359769.0,359858.0,359944.0,360017.0,360105.0,360192.0,360287.0,360393.0,360481.0,360563.0,360656.0,360774.0,360891.0,360996.0,361102.0,361225.0,361344.0,361432.0,361542.0,361637.0,361741.0,361855.0,361941.0,362023.0,362099.0,362177.0,362260.0,362363.0,362464.0,362564.0,362644.0,362764.0,362868.0,362990.0,363083.0,363181.0,363302.0,363390.0,363500.0,363595.0,363694.0,363802.0,363911.0,364014.0,364157.0,364285.0,364424.0,364539.0,364654.0,364775.0,364889.0,365010.0,365167.0,365304.0,365432.0,365586.0,365690.0,365803.0,365904.0,366021.0,366136.0,366242.0,366357.0,366496.0,366583.0,366669.0,366797.0,366926.0,367045.0,367181.0,367318.0,367453.0,367564.0,367659.0,367769.0,367893.0,368032.0,368156.0,368277.0,368403.0,368533.0,368650.0,368761
QIDm3eKIjWg,135942.0,136081.0,136235.0,136353.0,136629.0,136934.0,137209.0,137471.0,137707.0,137951.0,138078.0,138260.0,138417.0,138616.0,138912.0,139192.0,139419.0,139638.0,139912.0,140154.0,140388.0,140686.0,140936.0,141107.0,141300.0,141516.0,141744.0,141892.0,142107.0,142311.0,142578.0,142763.0,143013.0,143359.0,143757.0,144036.0,144340.0,144519.0,144612.0,144835.0,145095.0,145282.0,145508.0,145725.0,145946.0,146078.0,146255.0,146497.0,146746.0,146923.0,147135.0,147267.0,147382.0,147561.0,147698.0,147819.0,147941.0,148134.0,148260.0,148375.0,148490.0,148640.0,148740.0,148870.0,148997.0,149120.0,149212.0,149312.0,149397.0,149573.0,149686.0,149803.0,149897.0,149968.0,150069.0,150174.0,150257.0,150335.0,150440.0,150509.0,150595.0,150689.0,150796.0,150890.0,151018.0,151136.0,151237.0,151312.0,151394.0,151525.0,151645.0,151797.0,151911.0,151966.0,152025.0,152088.0,152154.0,152230.0,152302.0,152373.0,152457.0,152538.0,152623.0,152713.0,152823.0,152909.0,152998.0,153095.0,153202.0,153307.0,153404.0,153524.0,153637.0,153739.0,153842.0,153924.0,154044.0,154151.0,154249.0,154355.0,154429.0,154510.0,154579.0,154660.0,154742.0,154818.0,154899.0,154966.0,155050.0,155108.0,155213.0,155310.0,155514.0,155844.0,,,,,,,,,157050.0,157135.0,157257.0,157374.0,157501.0,157600.0,157691.0,157784.0,157875.0,157972.0,158082.0,158179.0,158297.0,158404.0,158475.0,158531.0,158608.0,158715.0,158812.0,158913.0,159007.0,159108.0,159176.0,159287.0,159378.0,159495.0,159604.0,159702.0,159778.0,159839.0,159937.0,160029.0,160133.0,160225.0,160333.0,160402.0,160478.0,160538.0,160631.0,160697.0,160778.0,160884.0,160942.0,161006.0,161086.0,161162.0,161240.0,161329.0,161412.0,161471.0,161531.0,161608.0,161691.0,161787.0,161875.0,161980.0,162047.0,162110.0,162218.0,162301.0,162407.0,162464.0,162545.0,162611.0,162675.0,162760.0,162842.0,162941.0,162995.0,163066.0,163163.0,163227.0,163359.0,163462.0,163610.0,163738.0,163863.0,163959.0,164051.0,164185.0,164306.0,164404.0,164544.0,164678.0,164786.0,164867.0,164961.0,165059.0,165153.0,165249.0,165334.0,165413.0,165465.0,165543.0,165622.0,165689.0,165758.0,165857.0,165927.0,165959.0,166041.0,166120.0,166184.0,166278.0,166360.0,166428.0,166484.0,166560.0,166640.0,166719.0,166818.0,166922.0,167021.0,167087.0,167156.0,167249.0,167314.0,167386.0,167473.0,167580.0,167660.0,,167882.0,168013.0,168139.0,168270.0,168358.0,168452.0,168562.0,168683.0,168800.0,168921.0,169051.0,169146.0,169236.0,169345.0,169441.0,169564.0,169665.0,169783.0,169875.0,169963.0,170082.0,170165.0,170260.0,170362.0,170454.0,170538.0,170620.0,170744.0,170838.0,170939.0,171035.0,171154.0,171265.0,171347.0,171455.0,171509.0,171597.0,171678.0,171745.0,171825.0,171890.0,171995.0,172101.0,172205.0,172330.0,172442.0,172584.0,172700.0,172907.0,173074.0,173288.0,173486.0,173694.0,173897.0,174072.0,174241.0,174394.0,174570.0,174741.0,174945.0,175182.0,175346.0,175521.0,175714.0,175921.0,176174.0,176442.0,176802.0,177168.0,177639.0,178035.0,178427.0,178839.0,179184.0,179498.0,179771.0,180257.0,180801.0,181311.0,181679.0,182067.0,182399.0,182640.0,182869.0,183119.0,183333.0,183523.0,183761.0,183872.0,183972.0,184113.0,184271.0,184476.0,184634.0,184815.0,184937.0,185064.0,185219.0,185354.0,185500.0,185635.0,185814.0,185935.0,186018.0,186161.0,186355.0,186513.0,186682.0,186814.0,186920.0,187047.0,187245.0,187404.0,187538
y3LqHC5y0mk,1788078.0,1788865.0,1789792.0,1790236.0,1791269.0,1792046.0,1792789.0,1793623.0,1794378.0,1795056.0,1795743.0,1796431.0,1797245.0,1797869.0,1798604.0,1799329.0,1799975.0,1800724.0,1801519.0,1802081.0,1802756.0,1803241.0,1803801.0,1804322.0,1804897.0,1805541.0,1806196.0,1806786.0,1807470.0,1808017.0,1808597.0,1809300.0,1809943.0,1810514.0,1811067.0,1811830.0,1812635.0,1813389.0,1814162.0,1814911.0,1815614.0,1816296.0,1817263.0,1818213.0,1818796.0,1819568.0,1820381.0,1821802.0,1825046.0,1827026.0,1828329.0,1829418.0,1830637.0,1831657.0,1832772.0,1833954.0,1834919.0,1835817.0,1836551.0,1837281.0,1838034.0,1838876.0,1839713.0,1840504.0,1841086.0,1841562.0,1842153.0,1843041.0,1843806.0,1844798.0,1845623.0,1846518.0,1847467.0,1848403.0,1849291.0,1850107.0,1850833.0,1851637.0,1852391.0,1853249.0,1854032.0,1854808.0,1855411.0,1856267.0,1856909.0,1857614.0,1858164.0,1858890.0,1859590.0,1860607.0,1861789.0,1862780.0,1863576.0,1864435.0,1865033.0,1866106.0,1867224.0,1868465.0,1869560.0,1870744.0,1871795.0,1873068.0,1874081.0,1875193.0,1876193.0,1877941.0,1879381.0,1880555.0,1881800.0,1883432.0,1884747.0,1886232.0,1887894.0,1889421.0,1891106.0,1892483.0,1893507.0,1895069.0,1896491.0,1898072.0,1899260.0,1899866.0,1900324.0,1901096.0,1902315.0,1903284.0,1904228.0,1905433.0,1906427.0,1907287.0,1908630.0,1909929.0,1911201.0,1912234.0,,,,,,,,,1922570.0,1923268.0,1924527.0,1925721.0,1926810.0,1928091.0,1929207.0,1930104.0,1931587.0,1932780.0,1933776.0,1934851.0,1936157.0,1937058.0,1937735.0,1938408.0,1939500.0,1940401.0,1941498.0,1942529.0,1943356.0,1944246.0,1945137.0,1946013.0,1946884.0,1947890.0,1948795.0,1949859.0,1950760.0,1951649.0,1952676.0,1953669.0,1954724.0,1955871.0,1956829.0,1957557.0,1958613.0,1959549.0,1960391.0,1961348.0,1962376.0,1963185.0,1964118.0,1964801.0,1965596.0,1966478.0,1967581.0,1968603.0,1969441.0,1970292.0,1971117.0,1972116.0,1973063.0,1974010.0,1974877.0,1975801.0,1976543.0,1977337.0,1978225.0,1979122.0,1979977.0,1980955.0,1981798.0,1982704.0,1983414.0,1984322.0,1985214.0,1986003.0,1986836.0,1987633.0,1988384.0,1989290.0,1990060.0,1990947.0,1991935.0,1992888.0,1993679.0,1994161.0,1994963.0,1995833.0,1996545.0,1997348.0,1998035.0,1998856.0,1999838.0,2000849.0,2001525.0,2002425.0,2003235.0,2004182.0,2005007.0,2005882.0,2006701.0,2007460.0,2008453.0,2009370.0,2010395.0,2011356.0,2012296.0,2013330.0,2014306.0,2015313.0,2016024.0,2016866.0,2017825.0,2018461.0,2019493.0,2020207.0,2021130.0,2022020.0,2022936.0,2023951.0,2024867.0,2025674.0,2026625.0,2027408.0,2028213.0,2029333.0,2030219.0,2030911.0,2031857.0,,2033351.0,2034233.0,2034832.0,2035615.0,2036339.0,2036991.0,2037967.0,2038572.0,2039590.0,2040366.0,2041020.0,2042058.0,2042940.0,2043681.0,2044538.0,2045640.0,2046542.0,2047506.0,2048453.0,2049176.0,2050025.0,2050791.0,2051564.0,2052477.0,2053189.0,2054017.0,2054716.0,2055573.0,2056370.0,2057228.0,2058119.0,2058598.0,2059518.0,2060347.0,2061180.0,2061865.0,2062697.0,2063417.0,2064160.0,2064976.0,2065808.0,2066446.0,2067284.0,2067923.0,2068792.0,2069523.0,2070268.0,2071086.0,2071766.0,2072678.0,2073493.0,2074251.0,2074866.0,2075503.0,2076243.0,2076984.0,2077738.0,2078425.0,2079059.0,2079800.0,2080265.0,2080906.0,2081512.0,2082220.0,2082965.0,2083659.0,2084328.0,2084891.0,2085418.0,2086160.0,2086904.0,2087596.0,2088236.0,2088840.0,2089455.0,2090091.0,2090780.0,2091436.0,2092065.0,2092684.0,2093395.0,2094150.0,2094857.0,2095560.0,2096302.0,2097027.0,2097694.0,2098355.0,2098872.0,2099374.0,2100021.0,2100674.0,2101323.0,2101988.0,2102541.0,2103078.0,2103569.0,2104231.0,2104921.0,2105556.0,2106194.0,2106871.0,2107470.0,2108159.0,2108791.0,2109569.0,2110266.0,2110948.0,2111582.0,2112138.0,2112848.0,2113529.0,2114235.0,2114784
fc-lKLdZf1Q,5251083.0,5252710.0,5254703.0,5256969.0,5257591.0,5259360.0,5261081.0,5262931.0,5264510.0,5265934.0,5267361.0,5269100.0,5270986.0,5272835.0,5274839.0,5276685.0,5278052.0,5279904.0,5281779.0,5283121.0,5284954.0,5286783.0,5288292.0,5290018.0,5291511.0,5292923.0,5294516.0,5295912.0,5297579.0,5299233.0,5300492.0,5302422.0,5304868.0,5305704.0,5307331.0,5309501.0,5311297.0,5313017.0,5314803.0,5316396.0,5318316.0,5320022.0,5321958.0,5324288.0,5325859.0,5327888.0,5329864.0,5331986.0,5333716.0,5335805.0,5337230.0,5338568.0,5339772.0,5340636.0,5341651.0,5342639.0,5343670.0,5344734.0,5345615.0,5346508.0,5347473.0,5348326.0,5349275.0,5350196.0,5351044.0,5351554.0,5352180.0,5353313.0,5354423.0,5355572.0,5356447.0,5357237.0,5357994.0,5359120.0,5359825.0,5360652.0,5361227.0,5361864.0,5362525.0,5363116.0,5363784.0,5364404.0,5365026.0,5365969.0,5366562.0,5367278.0,5367912.0,5368415.0,5369171.0,5369985.0,5370948.0,5371742.0,5372377.0,5372890.0,5373371.0,5374017.0,5374627.0,5375317.0,5375905.0,5376469.0,5377052.0,5377601.0,5378190.0,5378770.0,5379293.0,5379924.0,5380446.0,5380889.0,5381433.0,5381942.0,5382488.0,5383072.0,5383630.0,5384169.0,5384882.0,5385348.0,5385859.0,5386331.0,5386900.0,5387537.0,5388069.0,5388438.0,5388733.0,5389097.0,5389659.0,5390123.0,5390546.0,5390982.0,5391320.0,5391768.0,5392249.0,5392823.0,5393379.0,5393853.0,,,,,,,,,5398852.0,5399364.0,5399879.0,5400505.0,5401026.0,5401499.0,5402045.0,5402548.0,5403005.0,5403520.0,5404085.0,5404644.0,5405255.0,5405827.0,5406259.0,5406761.0,5407293.0,5408016.0,5408694.0,5409208.0,5409677.0,5410160.0,5410802.0,5411346.0,5412032.0,5412566.0,5413152.0,5413772.0,5414283.0,5414811.0,5415362.0,5416037.0,5416675.0,5417339.0,5417821.0,5418324.0,5418837.0,5419421.0,5419916.0,5420612.0,5421156.0,5421643.0,5422139.0,5422619.0,5423147.0,5423576.0,5424110.0,5424723.0,5425228.0,5425775.0,5426311.0,5426833.0,5427323.0,5427876.0,5428277.0,5428862.0,5429305.0,5429869.0,5430366.0,5430912.0,5431515.0,5432141.0,5432602.0,5433052.0,5433502.0,5434017.0,5434478.0,5434939.0,5435504.0,5435957.0,5436462.0,5436948.0,5437598.0,5438088.0,5438624.0,5439178.0,5439690.0,5439984.0,5440461.0,5441042.0,5441526.0,5441976.0,5442522.0,5443160.0,5443709.0,5444316.0,5444955.0,5445601.0,5446181.0,5446934.0,5447472.0,5448118.0,5448778.0,5449456.0,5450234.0,5450808.0,5451511.0,5452349.0,5453119.0,5454028.0,5454945.0,5455827.0,5456462.0,5457141.0,5457832.0,5458347.0,5458916.0,5459419.0,5460071.0,5460745.0,5461317.0,5461941.0,5462532.0,5463212.0,5463651.0,5464259.0,5464975.0,5465656.0,5466346.0,5467014.0,5467679.0,,5468919.0,5469561.0,5470042.0,5470631.0,5471327.0,5471872.0,5472562.0,5473077.0,5473908.0,5474608.0,5475281.0,5475955.0,5476672.0,5477356.0,5477979.0,5478816.0,5479487.0,5480272.0,5481018.0,5481685.0,5482243.0,5482841.0,5483403.0,5484116.0,5484759.0,5485394.0,5486267.0,5486933.0,5487733.0,5488583.0,5489235.0,5489867.0,5490771.0,5491479.0,5492180.0,5493032.0,5493544.0,5494449.0,5495213.0,5495887.0,5496600.0,5497508.0,5498245.0,5498998.0,5499929.0,5500730.0,5501465.0,5502338.0,5503254.0,5504053.0,5504876.0,5505611.0,5506344.0,5507098.0,5507783.0,5508493.0,5509262.0,5510025.0,5510813.0,5511523.0,5512144.0,5512769.0,5513458.0,5514196.0,5514953.0,5515613.0,5516353.0,5516961.0,5517549.0,5518277.0,5519115.0,5519917.0,5520625.0,5521306.0,5521987.0,5522521.0,5523436.0,5524219.0,5524947.0,5525785.0,5526478.0,5527127.0,5527803.0,5528396.0,5529045.0,5529581.0,5530181.0,5530713.0,5531322.0,5531915.0,5532565.0,5533081.0,5533807.0,5534320.0,5534767.0,5535444.0,5536072.0,5536693.0,5537323.0,5538049.0,5538754.0,5539519.0,5540256.0,5540962.0,5541545.0,5542374.0,5542991.0,5543811.0,5544557.0,5545301.0,5545911.0,5546613.0,5547315.0,5548007
TMzfGRk9Voo,3965346.0,3966421.0,3967356.0,3968238.0,3969393.0,3970616.0,3971769.0,3972825.0,3974019.0,3975318.0,3976330.0,3977495.0,3978944.0,3980550.0,3982090.0,3983536.0,3984874.0,3986020.0,3987489.0,3989140.0,3990536.0,3992123.0,3993713.0,3995018.0,3996200.0,3997412.0,3999011.0,4000709.0,4002234.0,4003527.0,4004728.0,4005797.0,4007179.0,4008567.0,4010764.0,4013961.0,4016537.0,4018716.0,4020764.0,4023149.0,4025645.0,4027892.0,4030088.0,4032116.0,4033832.0,4035442.0,4037187.0,4039029.0,4041040.0,4042603.0,4044059.0,4045420.0,4046435.0,4047420.0,4048840.0,4050191.0,4051444.0,4052654.0,4053756.0,4054764.0,4056043.0,4057403.0,4058619.0,4059985.0,4061084.0,4062399.0,4063456.0,4064513.0,4065278.0,4066718.0,4067991.0,4070092.0,4071612.0,4072707.0,4074055.0,4075371.0,4076614.0,4077763.0,4078988.0,4079990.0,4080939.0,4082136.0,4083451.0,4084713.0,4086014.0,4087266.0,4088460.0,4089509.0,4090889.0,4092256.0,4093653.0,4095070.0,4096287.0,4097527.0,4098544.0,4099663.0,4100850.0,4102160.0,4103371.0,4104505.0,4106700.0,4108403.0,4110023.0,4111611.0,4112959.0,4114449.0,4115767.0,4116966.0,4118078.0,4119528.0,4120798.0,4122064.0,4123343.0,4124814.0,4126076.0,4127221.0,4128563.0,4130042.0,4131373.0,4132705.0,4134061.0,4135123.0,4136128.0,4137412.0,4138727.0,4139923.0,4141256.0,4142512.0,4144372.0,4145518.0,4146600.0,4147860.0,4149075.0,4150255.0,,,,,,,,,4161844.0,4163480.0,4165263.0,4166911.0,4168520.0,4170209.0,4171906.0,4173494.0,4175002.0,4176696.0,4178501.0,4180203.0,4181905.0,4184280.0,4186131.0,4187718.0,4189178.0,4190795.0,4192238.0,4193664.0,4194854.0,4195893.0,4196764.0,4197863.0,4199128.0,4200290.0,4201420.0,4202419.0,4203525.0,4204387.0,4205319.0,4206389.0,4207402.0,4208479.0,4209388.0,4210237.0,4210994.0,4211905.0,4212876.0,4213756.0,4214645.0,4215318.0,4215985.0,4216567.0,4217285.0,4218110.0,4218861.0,4219799.0,4220562.0,4221203.0,4221757.0,4222504.0,4223217.0,4223928.0,4224756.0,4225498.0,4226145.0,4226735.0,4227455.0,4228169.0,4228956.0,4229842.0,4230669.0,4231290.0,4231829.0,4232519.0,4233256.0,4233911.0,4234501.0,4235090.0,4235810.0,4236434.0,4237242.0,4238008.0,4238760.0,4239523.0,4240303.0,4240982.0,4241596.0,4242303.0,4242995.0,4243676.0,4244360.0,4245135.0,4245746.0,4246294.0,4247003.0,4247730.0,4248494.0,4249161.0,4249767.0,4250336.0,4250845.0,4251367.0,4252005.0,4252606.0,4253296.0,4254031.0,4254568.0,4255294.0,4255955.0,4256626.0,4257351.0,4258012.0,4258695.0,4259279.0,4259805.0,4260446.0,4261156.0,4261771.0,4262506.0,4263167.0,4263637.0,4264120.0,4264750.0,4265323.0,4265933.0,4266508.0,4267144.0,4267704.0,4268136.0,,4269220.0,4269815.0,4270430.0,4270997.0,4271471.0,4271917.0,4272509.0,4272969.0,4273534.0,4274153.0,4274714.0,4275230.0,4275745.0,4276298.0,4276841.0,4277454.0,4278211.0,4278870.0,4279462.0,4279934.0,4280542.0,4281172.0,4281718.0,4282355.0,4282965.0,4283510.0,4283960.0,4284559.0,4285215.0,4285810.0,4286361.0,4286937.0,4287491.0,4287907.0,4288462.0,4288985.0,4289515.0,4290040.0,4290635.0,4291131.0,4291584.0,4292074.0,4292647.0,4293134.0,4293600.0,4294185.0,4294597.0,4294970.0,4295258.0,4295601.0,4295929.0,4296365.0,4296803.0,4297206.0,4297597.0,4298051.0,4298507.0,4299060.0,4299513.0,4300009.0,4300472.0,4300855.0,4301273.0,4301905.0,4302526.0,4303040.0,4303526.0,4303956.0,4304422.0,4304930.0,4305437.0,4305947.0,4306482.0,4307010.0,4307432.0,4307803.0,4308320.0,4308789.0,4309263.0,4309891.0,4310480.0,4310950.0,4311362.0,4311936.0,4312510.0,4313044.0,4313588.0,4314148.0,4314632.0,4315063.0,4315526.0,4315979.0,4316463.0,4316950.0,4317411.0,4317814.0,4318180.0,4318512.0,4318975.0,4319363.0,4319839.0,4320313.0,4320777.0,4321137.0,4321580.0,4322078.0,4322607.0,4323211.0,4323742.0,4324182.0,4324609.0,4325100.0,4325580.0,4326088
HKo93u5923Q,284025.0,284101.0,284176.0,284250.0,284341.0,284478.0,284561.0,284688.0,284785.0,284849.0,284945.0,285042.0,285126.0,285197.0,285299.0,285374.0,285478.0,285592.0,285719.0,285811.0,285877.0,286002.0,286087.0,286157.0,286243.0,286332.0,286436.0,286533.0,286625.0,286729.0,286803.0,286857.0,286981.0,287084.0,287211.0,287424.0,287582.0,287831.0,288106.0,288321.0,288619.0,288820.0,289002.0,289185.0,289286.0,289418.0,289595.0,289731.0,289851.0,289976.0,290112.0,290222.0,290329.0,290455.0,290586.0,290685.0,290819.0,290919.0,291010.0,291102.0,291220.0,291312.0,291450.0,291559.0,291664.0,291753.0,291841.0,291943.0,292035.0,292160.0,292268.0,292371.0,292489.0,292590.0,292718.0,292826.0,292953.0,293066.0,293140.0,293224.0,293294.0,293390.0,293529.0,293664.0,293793.0,293883.0,293979.0,294056.0,294138.0,294246.0,294313.0,294443.0,294569.0,294645.0,294716.0,294790.0,294904.0,294993.0,295093.0,295185.0,295299.0,295392.0,295485.0,295585.0,295716.0,295856.0,296013.0,296131.0,296245.0,296349.0,296442.0,296590.0,296737.0,296854.0,296951.0,297020.0,297100.0,297190.0,297289.0,297403.0,297473.0,297532.0,297591.0,297651.0,297761.0,297864.0,297962.0,298093.0,298169.0,298239.0,298310.0,298390.0,298477.0,298557.0,,,,,,,,,299366.0,299480.0,299656.0,299817.0,299946.0,300086.0,300204.0,300293.0,300383.0,300499.0,300625.0,300762.0,300854.0,300945.0,301020.0,301081.0,301163.0,301248.0,301346.0,301425.0,301502.0,301582.0,301638.0,301716.0,301777.0,301863.0,302019.0,302126.0,302218.0,302274.0,302376.0,302441.0,302512.0,302592.0,302651.0,302708.0,302782.0,302861.0,302907.0,302959.0,303039.0,303087.0,303137.0,303212.0,303293.0,303383.0,303441.0,303497.0,303581.0,303636.0,303688.0,303762.0,303827.0,303886.0,303969.0,304033.0,304120.0,304224.0,304323.0,304418.0,304534.0,304634.0,304728.0,304789.0,304871.0,305006.0,305080.0,305176.0,305243.0,305331.0,305413.0,305476.0,305579.0,305670.0,305784.0,305868.0,305961.0,306031.0,306122.0,306214.0,306284.0,306342.0,306412.0,306479.0,306547.0,306607.0,306686.0,306782.0,306852.0,306921.0,306997.0,307060.0,307118.0,307206.0,307266.0,307328.0,307412.0,307486.0,307543.0,307587.0,307649.0,307715.0,307761.0,307812.0,307860.0,307918.0,307967.0,308052.0,308120.0,308188.0,308299.0,308423.0,308488.0,308565.0,308644.0,308743.0,308828.0,308935.0,309045.0,309166.0,309301.0,,309603.0,309743.0,309874.0,309988.0,310085.0,310173.0,310356.0,310580.0,310707.0,310833.0,310938.0,311037.0,311178.0,311490.0,311605.0,311731.0,311819.0,311939.0,312013.0,312086.0,312194.0,312315.0,312438.0,312545.0,312668.0,312764.0,312837.0,312941.0,313030.0,313149.0,313266.0,313368.0,313459.0,313550.0,313699.0,313812.0,313927.0,314027.0,314123.0,314198.0,314268.0,314347.0,314436.0,314532.0,314698.0,314798.0,314958.0,315104.0,315260.0,315413.0,315608.0,315846.0,316077.0,316259.0,316372.0,316523.0,316788.0,317418.0,318066.0,319039.0,320010.0,320564.0,321372.0,322969.0,325038.0,326581.0,328847.0,330641.0,333283.0,338708.0,349277.0,359000.0,373116.0,387281.0,404006.0,423180.0,445200.0,465538.0,502814.0,536072.0,571046.0,593227.0,611753.0,618967.0,624281.0,629239.0,632718.0,636160.0,638637.0,641040.0,642767.0,644674.0,646310.0,647971.0,649373.0,650176.0,650775.0,651691.0,653433.0,654389.0,655063.0,655701.0,656237.0,656715.0,657445.0,658031.0,658459.0,659230.0,659864.0,660318.0,660690.0,661503.0,662049.0,662577
43eHn4KFkdE,172206.0,172318.0,172462.0,172563.0,172694.0,172814.0,172941.0,173099.0,173250.0,173383.0,173536.0,173672.0,173835.0,173976.0,174119.0,174269.0,174374.0,174451.0,174586.0,174721.0,174838.0,174925.0,175031.0,175136.0,175237.0,175411.0,175534.0,175681.0,175836.0,175982.0,176097.0,176207.0,176326.0,176454.0,176598.0,176816.0,177000.0,177111.0,177261.0,177427.0,177602.0,177790.0,177938.0,178079.0,178213.0,178323.0,178449.0,178584.0,178737.0,178860.0,178969.0,179076.0,179139.0,179228.0,179344.0,179433.0,179547.0,179654.0,179756.0,179847.0,179934.0,180023.0,180137.0,180257.0,180384.0,180469.0,180574.0,180660.0,180742.0,180888.0,181016.0,181125.0,181218.0,181305.0,181400.0,181518.0,181635.0,181717.0,181829.0,181914.0,181975.0,182055.0,182169.0,182243.0,182379.0,182502.0,182578.0,182659.0,182765.0,182874.0,183018.0,183167.0,183298.0,183384.0,183472.0,183578.0,183685.0,183787.0,183925.0,184062.0,184158.0,184226.0,184370.0,184494.0,184628.0,184747.0,184904.0,185017.0,185130.0,185301.0,185431.0,185588.0,185772.0,185944.0,186062.0,186213.0,186329.0,186495.0,186672.0,186833.0,186977.0,187138.0,187250.0,187399.0,187544.0,187703.0,187900.0,188043.0,188181.0,188302.0,188413.0,188563.0,188716.0,188868.0,,,,,,,,,190442.0,190677.0,190919.0,191143.0,191347.0,191604.0,191719.0,191854.0,192008.0,192152.0,192321.0,192472.0,192643.0,192778.0,192886.0,193004.0,193121.0,193258.0,193381.0,193506.0,193621.0,193746.0,193852.0,194045.0,194190.0,194298.0,194452.0,194563.0,194646.0,194734.0,194874.0,195012.0,195192.0,195383.0,195577.0,195700.0,195843.0,196008.0,196127.0,196258.0,196391.0,196505.0,196602.0,196709.0,196848.0,196983.0,197096.0,197275.0,197465.0,197568.0,197656.0,197771.0,197886.0,198003.0,198109.0,198232.0,198340.0,198440.0,198569.0,198680.0,198786.0,198874.0,198970.0,199071.0,199144.0,199253.0,199352.0,199468.0,199555.0,199636.0,199703.0,199804.0,199910.0,200021.0,200133.0,200251.0,200384.0,200470.0,200549.0,200638.0,200722.0,200807.0,200905.0,201005.0,201080.0,201174.0,201271.0,201368.0,201486.0,201604.0,201705.0,201789.0,201874.0,201989.0,202096.0,202209.0,202322.0,202428.0,202506.0,202570.0,202672.0,202769.0,202885.0,202969.0,203087.0,203156.0,203230.0,203317.0,203400.0,203489.0,203580.0,203683.0,203745.0,203818.0,203876.0,203966.0,204021.0,204108.0,204199.0,204248.0,204313.0,,204458.0,204527.0,204604.0,204690.0,204751.0,204798.0,204874.0,204934.0,205024.0,205111.0,205243.0,205327.0,205427.0,205529.0,205632.0,205743.0,205863.0,205984.0,206067.0,206133.0,206229.0,206336.0,206437.0,206542.0,206631.0,206717.0,206774.0,206857.0,206962.0,207045.0,207135.0,207234.0,207312.0,207376.0,207480.0,207568.0,207682.0,207769.0,207853.0,207939.0,208011.0,208074.0,208162.0,208253.0,208325.0,208421.0,208503.0,208589.0,208695.0,208810.0,208973.0,209112.0,209230.0,209388.0,209504.0,209637.0,209818.0,209973.0,210163.0,210306.0,210461.0,210578.0,210711.0,210871.0,211072.0,211290.0,211539.0,211716.0,211865.0,212020.0,212235.0,212479.0,212743.0,212990.0,213204.0,213379.0,213608.0,213874.0,214149.0,214354.0,214609.0,214788.0,214903.0,215011.0,215111.0,215201.0,215287.0,215396.0,215468.0,215528.0,215592.0,215678.0,215786.0,215889.0,215985.0,216044.0,216111.0,216185.0,216269.0,216345.0,216438.0,216510.0,216590.0,216651.0,216748.0,216821.0,216897.0,216972.0,217040.0,217091.0,217156.0,217209.0,217270.0,217354
l1_c6s9MTcM,10843724.0,10843815.0,10843901.0,10843997.0,10844073.0,10844140.0,10844244.0,10844321.0,10844413.0,10844487.0,10844588.0,10844686.0,10844790.0,10844865.0,10844969.0,10845047.0,10845110.0,10845194.0,10845289.0,10845369.0,10845453.0,10845531.0,10845599.0,10845706.0,10845798.0,10845870.0,10845948.0,10846033.0,10846138.0,10846231.0,10846327.0,10846416.0,10846488.0,10846567.0,10846657.0,10846721.0,10846824.0,10846901.0,10847010.0,10847078.0,10847145.0,10847220.0,10847290.0,10847383.0,10847455.0,10847568.0,10847638.0,10847719.0,10847801.0,10847870.0,10847933.0,10848022.0,10848095.0,10848166.0,10848257.0,10848347.0,10848429.0,10848531.0,10848630.0,10848721.0,10848804.0,10848905.0,10848983.0,10849066.0,10849165.0,10849237.0,10849322.0,10849404.0,10849479.0,10849562.0,10849626.0,10849705.0,10849813.0,10849913.0,10849982.0,10850080.0,10850149.0,10850244.0,10850333.0,10850409.0,10850509.0,10850598.0,10850699.0,10850797.0,10850906.0,10851046.0,10851137.0,10851233.0,10851339.0,10851430.0,10851523.0,10851619.0,10851710.0,10851814.0,10851919.0,10852031.0,10852129.0,10852241.0,10852349.0,10852454.0,10852542.0,10852633.0,10852727.0,10852823.0,10852943.0,10853040.0,10853121.0,10853204.0,10853301.0,10853391.0,10853480.0,10853560.0,10853662.0,10853753.0,10853860.0,10853967.0,10854091.0,10854227.0,10854344.0,10854471.0,10854556.0,10854646.0,10854743.0,10854801.0,10854879.0,10854964.0,10855061.0,10855129.0,10855219.0,10855296.0,10855379.0,10855442.0,10855524.0,10855603.0,,,,,,,,,10856352.0,10856455.0,10856520.0,10856607.0,10856721.0,10856832.0,10856908.0,10857018.0,10857107.0,10857206.0,10857301.0,10857393.0,10857517.0,10857627.0,10857749.0,10857883.0,10857972.0,10858085.0,10858196.0,10858293.0,10858353.0,10858436.0,10858554.0,10858632.0,10858735.0,10858815.0,10858898.0,10858970.0,10859053.0,10859106.0,10859188.0,10859293.0,10859379.0,10859465.0,10859537.0,10859591.0,10859692.0,10859775.0,10859872.0,10859971.0,10860050.0,10860120.0,10860199.0,10860294.0,10860379.0,10860460.0,10860556.0,10860645.0,10860743.0,10860830.0,10860907.0,10861007.0,10861098.0,10861168.0,10861257.0,10861343.0,10861436.0,10861522.0,10861595.0,10861658.0,10861738.0,10861826.0,10861884.0,10861984.0,10862064.0,10862134.0,10862219.0,10862284.0,10862379.0,10862463.0,10862571.0,10862705.0,10862797.0,10862877.0,10862971.0,10863062.0,10863163.0,10863265.0,10863373.0,10863476.0,10863554.0,10863636.0,10863701.0,10863771.0,10863873.0,10863948.0,10864055.0,10864137.0,10864242.0,10864338.0,10864442.0,10864521.0,10864622.0,10864684.0,10864791.0,10864917.0,10865001.0,10865098.0,10865214.0,10865304.0,10865386.0,10865460.0,10865536.0,10865640.0,10865771.0,10865848.0,10865956.0,10866033.0,10866119.0,10866240.0,10866362.0,10866461.0,10866565.0,10866674.0,10866767.0,10866841.0,10866929.0,10867033.0,10867132.0,10867279.0,10867398.0,,10867621.0,10867719.0,10867858.0,10867952.0,10868079.0,10868169.0,10868278.0,10868392.0,10868511.0,10868603.0,10868717.0,10868862.0,10869030.0,10869140.0,10869285.0,10869391.0,10869500.0,10869658.0,10869786.0,10869905.0,10870022.0,10870127.0,10870257.0,10870368.0,10870504.0,10870625.0,10870729.0,10870825.0,10870938.0,10871034.0,10871110.0,10871238.0,10871344.0,10871444.0,10871591.0,10871708.0,10871812.0,10871912.0,10872058.0,10872207.0,10872329.0,10872467.0,10872609.0,10872739.0,10872853.0,10872989.0,10873089.0,10873213.0,10873300.0,10873412.0,10873531.0,10873610.0,10873719.0,10873835.0,10873945.0,10874043.0,10874135.0,10874247.0,10874359.0,10874435.0,10874525.0,10874656.0,10874783.0,10874907.0,10875004.0,10875094.0,10875201.0,10875310.0,10875385.0,10875478.0,10875566.0,10875647.0,10875752.0,10875848.0,10875965.0,10876047.0,10876168.0,10876271.0,10876364.0,10876466.0,10876572.0,10876718.0,10876837.0,10876952.0,10877051.0,10877151.0,10877279.0,10877394.0,10877506.0,10877610.0,10877717.0,10877817.0,10877922.0,10878040.0,10878115.0,10878228.0,10878329.0,10878443.0,10878564.0,10878669.0,10878760.0,10878831.0,10878942.0,10879029.0,10879110.0,10879190.0,10879293.0,10879381.0,10879480.0,10879575.0,10879647.0,10879727.0,10879795.0,10879860
Q4Xwg4r_M4k,1196973.0,1197675.0,1198424.0,1199135.0,1199958.0,1200800.0,1201718.0,1202535.0,1203510.0,1204124.0,1204808.0,1205569.0,1206369.0,1207118.0,1207809.0,1208636.0,1209246.0,1209866.0,1210529.0,1211249.0,1211819.0,1212535.0,1213231.0,1213762.0,1214390.0,1215096.0,1215670.0,1216319.0,1217052.0,1217763.0,1218397.0,1218997.0,1219714.0,1220422.0,1221158.0,1221809.0,1222550.0,1223066.0,1223509.0,1224128.0,1224804.0,1225577.0,1226344.0,1227029.0,1227747.0,1228336.0,1229073.0,1229807.0,1230544.0,1231272.0,1232160.0,1232685.0,1233164.0,1233925.0,1234719.0,1235481.0,1236245.0,1236924.0,1237503.0,1238075.0,1238719.0,1239333.0,1239929.0,1240439.0,1241056.0,1241545.0,1242090.0,1242705.0,1243237.0,1243994.0,1244633.0,1245122.0,1245609.0,1245995.0,1246533.0,1246998.0,1247594.0,1248129.0,1248804.0,1249321.0,1249703.0,1250377.0,1250905.0,1251539.0,1252035.0,1252584.0,1253042.0,1253552.0,1254042.0,1254674.0,1255321.0,1255965.0,1256540.0,1257129.0,1257568.0,1258115.0,1258901.0,1259507.0,1260174.0,1260764.0,1261358.0,1261864.0,1262407.0,1263074.0,1263589.0,1264202.0,1264764.0,1265318.0,1265787.0,1266291.0,1266975.0,1267751.0,1268529.0,1269279.0,1269825.0,1270371.0,1271140.0,1271967.0,1272728.0,1273536.0,1274092.0,1274655.0,1275215.0,1275681.0,1276233.0,1276707.0,1277139.0,1277630.0,1278020.0,1278411.0,1278924.0,1279403.0,1280001.0,1280663.0,,,,,,,,,1286069.0,1286577.0,1287140.0,1287699.0,1288313.0,1288830.0,1289373.0,1289845.0,1290342.0,1290915.0,1291500.0,1292088.0,1292636.0,1293154.0,1293679.0,1294052.0,1294589.0,1295127.0,1295634.0,1296283.0,1297061.0,1297694.0,1298354.0,1299227.0,1300090.0,1300942.0,1301859.0,1302689.0,1303382.0,1303919.0,1304642.0,1305497.0,1306487.0,1307378.0,1308139.0,1308814.0,1309451.0,1310191.0,1310947.0,1311791.0,1312713.0,1313548.0,1314126.0,1314731.0,1315565.0,1316374.0,1317106.0,1318058.0,1318887.0,1319576.0,1320285.0,1321033.0,1321882.0,1322678.0,1323449.0,1324347.0,1325000.0,1325590.0,1326401.0,1327324.0,1328070.0,1328625.0,1329329.0,1329920.0,1330531.0,1331337.0,1332109.0,1332836.0,1333439.0,1334029.0,1334665.0,1335231.0,1335972.0,1336862.0,1337698.0,1338448.0,1339242.0,1339910.0,1340354.0,1341118.0,1341676.0,1342306.0,1343016.0,1343758.0,1344312.0,1344877.0,1345617.0,1346334.0,1346963.0,1347596.0,1348153.0,1348641.0,1349077.0,1349614.0,1350262.0,1350845.0,1351480.0,1352011.0,1352507.0,1352950.0,1353570.0,1354296.0,1354935.0,1355595.0,1356284.0,1356905.0,1357367.0,1358110.0,1359043.0,1359953.0,1360806.0,1361668.0,1362248.0,1362793.0,1363382.0,1363812.0,1364318.0,1364810.0,1365289.0,1365765.0,1366081.0,,1366916.0,1367397.0,1367899.0,1368426.0,1368788.0,1369077.0,1369413.0,1369754.0,1370120.0,1370421.0,1370954.0,1371389.0,1371676.0,1372053.0,1372503.0,1373000.0,1373599.0,1374117.0,1374519.0,1374908.0,1375430.0,1375961.0,1376476.0,1376999.0,1377561.0,1377960.0,1378261.0,1378655.0,1379067.0,1379430.0,1379882.0,1380293.0,1380627.0,1380899.0,1381213.0,1381551.0,1381835.0,1382226.0,1382684.0,1383052.0,1383365.0,1383783.0,1384138.0,1384675.0,1385154.0,1385753.0,1386493.0,1387102.0,1388168.0,1389243.0,1390243.0,1391138.0,1392248.0,1393160.0,1393753.0,1394520.0,1395398.0,1396406.0,1397372.0,1398320.0,1399070.0,1399780.0,1400794.0,1401985.0,1403246.0,1404521.0,1405298.0,1406035.0,1406699.0,1407599.0,1408482.0,1409461.0,1410512.0,1411478.0,1412418.0,1413189.0,1414302.0,1415585.0,1416681.0,1417774.0,1418748.0,1419607.0,1420352.0,1421271.0,1422134.0,1423159.0,1424139.0,1425132.0,1425880.0,1426592.0,1427281.0,1428046.0,1428911.0,1429786.0,1430837.0,1431518.0,1432155.0,1432912.0,1433638.0,1434206.0,1435065.0,1435951.0,1436508.0,1436999.0,1437833.0,1438572.0,1439493.0,1440268.0,1441127.0,1441845.0,1442451.0,1443246.0,1443983.0,1444707
bTA4Kvo2Rew,29224.0,29260.0,29277.0,29305.0,29337.0,29361.0,29393.0,29415.0,29447.0,29466.0,29490.0,29530.0,29560.0,29590.0,29610.0,29633.0,29648.0,29674.0,29692.0,29711.0,29738.0,29761.0,29783.0,29806.0,29817.0,29841.0,29872.0,29885.0,29900.0,29917.0,29940.0,29957.0,29984.0,30000.0,30021.0,30036.0,30052.0,30079.0,30093.0,30122.0,30138.0,30157.0,30181.0,30204.0,30220.0,30242.0,30263.0,30285.0,30303.0,30331.0,30349.0,30366.0,30396.0,30426.0,30452.0,30473.0,30483.0,30512.0,30544.0,30563.0,30596.0,30627.0,30660.0,30681.0,30707.0,30731.0,30749.0,30772.0,30790.0,30821.0,30836.0,30863.0,30882.0,30897.0,30910.0,30933.0,30955.0,30966.0,30992.0,31011.0,31033.0,31051.0,31062.0,31083.0,31105.0,31119.0,31130.0,31150.0,31160.0,31179.0,31204.0,31217.0,31248.0,31276.0,31297.0,31322.0,31341.0,31352.0,31368.0,31387.0,31400.0,31415.0,31433.0,31448.0,31465.0,31473.0,31503.0,31536.0,31567.0,31597.0,31624.0,31646.0,31675.0,31711.0,31733.0,31753.0,31759.0,31767.0,31773.0,31796.0,31808.0,31818.0,31836.0,31846.0,31862.0,31876.0,31889.0,31902.0,31910.0,31922.0,31931.0,31955.0,31967.0,31973.0,,,,,,,,,32140.0,32164.0,32177.0,32186.0,32200.0,32218.0,32229.0,32253.0,32267.0,32283.0,32300.0,32317.0,32328.0,32337.0,32349.0,32367.0,32380.0,32404.0,32430.0,32436.0,32455.0,32465.0,32477.0,32493.0,32505.0,32545.0,32569.0,32590.0,32611.0,32621.0,32644.0,32663.0,32677.0,32688.0,32702.0,32718.0,32728.0,32744.0,32757.0,32775.0,32797.0,32821.0,32836.0,32852.0,32870.0,32888.0,32916.0,32933.0,32958.0,32973.0,32989.0,33003.0,33016.0,33031.0,33055.0,33069.0,33078.0,33092.0,33112.0,33129.0,33151.0,33171.0,33212.0,33254.0,33278.0,33312.0,33340.0,33369.0,33395.0,33420.0,33446.0,33472.0,33497.0,33523.0,33549.0,33564.0,33583.0,33605.0,33630.0,33668.0,33694.0,33727.0,33754.0,33769.0,33788.0,33810.0,33830.0,33851.0,33865.0,33883.0,33904.0,33929.0,33945.0,33969.0,33990.0,34007.0,34038.0,34072.0,34088.0,34104.0,34128.0,34148.0,34168.0,34185.0,34205.0,34219.0,34243.0,34259.0,34275.0,34309.0,34324.0,34343.0,34359.0,34391.0,34418.0,34440.0,34452.0,34477.0,34494.0,34519.0,34532.0,,34567.0,34578.0,34598.0,34607.0,34625.0,34646.0,34665.0,34688.0,34705.0,34729.0,34759.0,34783.0,34817.0,34839.0,34856.0,34874.0,34885.0,34914.0,34944.0,34981.0,35014.0,35050.0,35113.0,35142.0,35178.0,35207.0,35242.0,35266.0,35296.0,35333.0,35366.0,35404.0,35424.0,35447.0,35486.0,35521.0,35551.0,35575.0,35609.0,35627.0,35648.0,35669.0,35702.0,35721.0,35734.0,35753.0,35771.0,35795.0,35816.0,35832.0,35851.0,35869.0,35890.0,35903.0,35916.0,35930.0,35953.0,35970.0,35998.0,36022.0,36059.0,36078.0,36098.0,36114.0,36136.0,36145.0,36162.0,36185.0,36209.0,36231.0,36258.0,36285.0,36298.0,36317.0,36334.0,36346.0,36364.0,36389.0,36404.0,36428.0,36459.0,36480.0,36503.0,36530.0,36549.0,36568.0,36592.0,36611.0,36644.0,36680.0,36718.0,36752.0,36782.0,36817.0,36842.0,36870.0,36898.0,36922.0,36939.0,36973.0,37000.0,37016.0,37037.0,37058.0,37084.0,37122.0,37150.0,37176.0,37193.0,37209.0,37226.0,37243.0,37262.0,37285
bUZ45xwBEbU,1130782.0,1130787.0,1130791.0,1130796.0,1130813.0,1130819.0,1130831.0,1130840.0,1130847.0,1130850.0,1130857.0,1130860.0,1130864.0,1130872.0,1130880.0,1130883.0,1130888.0,1130896.0,1130907.0,1130918.0,1130923.0,1130934.0,1130939.0,1130940.0,1130946.0,1130953.0,1130962.0,1130981.0,1130997.0,1131012.0,1131022.0,1131032.0,1131043.0,1131062.0,1131083.0,1131100.0,1131114.0,1131129.0,1131136.0,1131155.0,1131170.0,1131194.0,1131224.0,1131244.0,1131252.0,1131259.0,1131265.0,1131273.0,1131285.0,1131299.0,1131310.0,1131317.0,1131325.0,1131335.0,1131345.0,1131369.0,1131385.0,1131394.0,1131404.0,1131414.0,1131420.0,1131439.0,1131450.0,1131461.0,1131473.0,1131481.0,1131486.0,1131505.0,1131513.0,1131538.0,1131545.0,1131554.0,1131564.0,1131568.0,1131581.0,1131594.0,1131604.0,1131624.0,1131641.0,1131658.0,1131663.0,1131672.0,1131684.0,1131704.0,1131719.0,1131727.0,1131732.0,1131742.0,1131752.0,1131758.0,1131766.0,1131774.0,1131780.0,1131791.0,1131798.0,1131806.0,1131814.0,1131818.0,1131824.0,1131834.0,1131841.0,1131854.0,1131858.0,1131863.0,1131873.0,1131879.0,1131888.0,1131894.0,1131901.0,1131906.0,1131914.0,1131922.0,1131930.0,1131937.0,1131944.0,1131949.0,1131955.0,1131961.0,1131971.0,1131977.0,1131986.0,1131992.0,1131993.0,1131996.0,1132002.0,1132013.0,1132019.0,1132022.0,1132024.0,1132030.0,1132034.0,1132037.0,1132045.0,1132053.0,,,,,,,,,1132117.0,1132120.0,1132124.0,1132129.0,1132139.0,1132140.0,1132143.0,1132151.0,1132157.0,1132157.0,1132163.0,1132171.0,1132178.0,1132186.0,1132193.0,1132198.0,1132201.0,1132208.0,1132222.0,1132231.0,1132235.0,1132239.0,1132244.0,1132254.0,1132262.0,1132268.0,1132278.0,1132291.0,1132296.0,1132302.0,1132308.0,1132318.0,1132325.0,1132329.0,1132339.0,1132349.0,1132356.0,1132367.0,1132370.0,1132384.0,1132393.0,1132403.0,1132409.0,1132412.0,1132413.0,1132417.0,1132422.0,1132430.0,1132437.0,1132444.0,1132447.0,1132453.0,1132462.0,1132470.0,1132487.0,1132500.0,1132508.0,1132517.0,1132526.0,1132538.0,1132544.0,1132552.0,1132555.0,1132561.0,1132567.0,1132571.0,1132577.0,1132582.0,1132587.0,1132594.0,1132607.0,1132618.0,1132623.0,1132626.0,1132634.0,1132635.0,1132645.0,1132649.0,1132650.0,1132657.0,1132664.0,1132666.0,1132675.0,1132683.0,1132686.0,1132692.0,1132694.0,1132704.0,1132710.0,1132718.0,1132727.0,1132733.0,1132745.0,1132757.0,1132762.0,1132767.0,1132773.0,1132778.0,1132779.0,1132787.0,1132791.0,1132798.0,1132800.0,1132804.0,1132820.0,1132826.0,1132833.0,1132837.0,1132840.0,1132846.0,1132850.0,1132854.0,1132860.0,1132862.0,1132866.0,1132872.0,1132875.0,1132879.0,1132883.0,1132887.0,1132893.0,,1132903.0,1132905.0,1132911.0,1132914.0,1132921.0,1132934.0,1132944.0,1132955.0,1132959.0,1132964.0,1132969.0,1132981.0,1132995.0,1133001.0,1133009.0,1133014.0,1133019.0,1133029.0,1133036.0,1133043.0,1133051.0,1133056.0,1133058.0,1133061.0,1133064.0,1133071.0,1133075.0,1133079.0,1133082.0,1133086.0,1133087.0,1133089.0,1133097.0,1133104.0,1133105.0,1133112.0,1133115.0,1133120.0,1133121.0,1133122.0,1133123.0,1133125.0,1133135.0,1133142.0,1133150.0,1133159.0,1133166.0,1133176.0,1133180.0,1133188.0,1133193.0,1133196.0,1133219.0,1133222.0,1133225.0,1133236.0,1133249.0,1133255.0,1133262.0,1133268.0,1133272.0,1133276.0,1133277.0,1133281.0,1133288.0,1133300.0,1133305.0,1133316.0,1133329.0,1133336.0,1133342.0,1133351.0,1133356.0,1133364.0,1133372.0,1133388.0,1133411.0,1133413.0,1133416.0,1133425.0,1133432.0,1133435.0,1133443.0,1133445.0,1133448.0,1133456.0,1133458.0,1133461.0,1133465.0,1133467.0,1133470.0,1133480.0,1133492.0,1133494.0,1133500.0,1133506.0,1133510.0,1133516.0,1133521.0,1133522.0,1133524.0,1133532.0,1133537.0,1133538.0,1133541.0,1133547.0,1133553.0,1133556.0,1133561.0,1133575.0,1133583.0,1133587.0,1133594.0,1133600
z_27SyiR23Q,156703.0,156719.0,156732.0,156750.0,156771.0,156781.0,156789.0,156809.0,156833.0,156852.0,156867.0,156878.0,156888.0,156900.0,156914.0,156925.0,156948.0,156968.0,156985.0,157006.0,157030.0,157045.0,157063.0,157085.0,157099.0,157108.0,157128.0,157148.0,157164.0,157186.0,157209.0,157236.0,157248.0,157268.0,157294.0,157316.0,157340.0,157350.0,157372.0,157397.0,157406.0,157425.0,157444.0,157467.0,157491.0,157515.0,157528.0,157548.0,157574.0,157594.0,157612.0,157644.0,157664.0,157684.0,157712.0,157736.0,157767.0,157792.0,157835.0,157875.0,157903.0,157944.0,157972.0,157991.0,158003.0,158028.0,158048.0,158074.0,158093.0,158116.0,158148.0,158179.0,158205.0,158221.0,158239.0,158258.0,158277.0,158296.0,158312.0,158321.0,158341.0,158360.0,158371.0,158393.0,158404.0,158416.0,158432.0,158455.0,158471.0,158495.0,158513.0,158537.0,158556.0,158577.0,158600.0,158617.0,158640.0,158660.0,158677.0,158683.0,158694.0,158703.0,158717.0,158724.0,158739.0,158754.0,158759.0,158768.0,158792.0,158807.0,158818.0,158830.0,158842.0,158858.0,158873.0,158893.0,158903.0,158917.0,158936.0,158945.0,158955.0,158965.0,158973.0,158983.0,158992.0,159011.0,159024.0,159034.0,159051.0,159067.0,159074.0,159081.0,159088.0,159101.0,,,,,,,,,159196.0,159211.0,159223.0,159235.0,159249.0,159260.0,159273.0,159287.0,159296.0,159306.0,159316.0,159331.0,159337.0,159350.0,159359.0,159365.0,159378.0,159385.0,159391.0,159406.0,159409.0,159416.0,159424.0,159433.0,159443.0,159452.0,159458.0,159466.0,159476.0,159487.0,159498.0,159511.0,159518.0,159527.0,159546.0,159555.0,159570.0,159578.0,159581.0,159593.0,159599.0,159608.0,159616.0,159626.0,159650.0,159662.0,159684.0,159693.0,159712.0,159728.0,159746.0,159758.0,159779.0,159796.0,159818.0,159824.0,159833.0,159839.0,159852.0,159865.0,159877.0,159890.0,159898.0,159906.0,159915.0,159926.0,159935.0,159942.0,159952.0,159957.0,159971.0,159988.0,159999.0,160006.0,160024.0,160033.0,160038.0,160056.0,160069.0,160080.0,160091.0,160105.0,160114.0,160126.0,160140.0,160148.0,160158.0,160163.0,160170.0,160180.0,160181.0,160191.0,160214.0,160220.0,160231.0,160244.0,160249.0,160251.0,160260.0,160267.0,160277.0,160289.0,160296.0,160311.0,160325.0,160340.0,160364.0,160375.0,160389.0,160403.0,160425.0,160455.0,160486.0,160504.0,160526.0,160542.0,160556.0,160564.0,160578.0,160593.0,160604.0,,160629.0,160641.0,160671.0,160698.0,160713.0,160731.0,160739.0,160754.0,160773.0,160784.0,160797.0,160811.0,160828.0,160838.0,160854.0,160880.0,160892.0,160903.0,160927.0,160936.0,160946.0,160951.0,160963.0,160982.0,160995.0,161013.0,161024.0,161042.0,161048.0,161057.0,161070.0,161081.0,161092.0,161113.0,161128.0,161142.0,161165.0,161185.0,161194.0,161206.0,161213.0,161220.0,161237.0,161255.0,161272.0,161287.0,161304.0,161314.0,161326.0,161342.0,161355.0,161371.0,161379.0,161401.0,161414.0,161439.0,161466.0,161478.0,161488.0,161493.0,161511.0,161520.0,161533.0,161550.0,161558.0,161575.0,161590.0,161598.0,161612.0,161630.0,161643.0,161660.0,161674.0,161682.0,161690.0,161705.0,161716.0,161726.0,161735.0,161739.0,161749.0,161761.0,161779.0,161805.0,161823.0,161836.0,161849.0,161866.0,161874.0,161886.0,161901.0,161908.0,161919.0,161929.0,161939.0,161957.0,161972.0,161977.0,161989.0,161995.0,162004.0,162018.0,162033.0,162037.0,162055.0,162066.0,162072.0,162084.0,162090.0,162098.0,162108.0,162114.0,162120.0,162129
U1xPwAJk_ng,5313525.0,5315968.0,5318238.0,5320569.0,5323116.0,5325763.0,5328332.0,5330757.0,5333281.0,5335796.0,5338247.0,5340999.0,5344361.0,5348111.0,5351581.0,5355238.0,5358202.0,5361067.0,5364182.0,5367150.0,5370138.0,5373207.0,5376348.0,5378784.0,5380975.0,5383274.0,5386062.0,5388696.0,5391023.0,5393422.0,5395418.0,5397534.0,5399620.0,5401880.0,5404286.0,5406621.0,5408858.0,5411075.0,5413086.0,5415289.0,5417562.0,5419816.0,5421901.0,5424256.0,5426271.0,5427967.0,5429779.0,5432019.0,5433998.0,5435648.0,5437262.0,5438566.0,5439846.0,5441025.0,5442403.0,5443753.0,5445186.0,5446512.0,5447679.0,5448826.0,5450183.0,5451445.0,5452733.0,5454024.0,5455278.0,5456367.0,5457430.0,5458565.0,5459627.0,5461026.0,5462298.0,5463823.0,5465111.0,5466277.0,5467697.0,5469065.0,5470427.0,5471945.0,5473300.0,5474626.0,5475725.0,5477317.0,5478814.0,5480343.0,5481884.0,5483400.0,5484794.0,5486163.0,5487662.0,5489086.0,5490685.0,5492173.0,5493827.0,5495503.0,5496973.0,5498620.0,5500107.0,5501649.0,5503266.0,5504924.0,5508329.0,5511164.0,5513664.0,5515583.0,5517397.0,5519325.0,5521361.0,5523035.0,5524725.0,5526716.0,5528642.0,5530438.0,5532223.0,5533920.0,5535487.0,5536818.0,5538512.0,5540134.0,5541892.0,5543500.0,5545269.0,5546801.0,5548138.0,5549673.0,5551449.0,5553031.0,5554528.0,5556064.0,5557976.0,5559374.0,5560915.0,5562765.0,5564475.0,5566161.0,,,,,,,,,5578281.0,5579494.0,5580779.0,5582033.0,5583276.0,5584501.0,5585631.0,5586749.0,5587847.0,5589007.0,5590355.0,5591706.0,5592896.0,5594211.0,5595273.0,5596214.0,5597212.0,5598632.0,5599981.0,5601168.0,5602339.0,5603356.0,5604240.0,5605486.0,5606554.0,5607584.0,5608543.0,5609533.0,5610403.0,5611170.0,5612009.0,5612975.0,5614045.0,5615149.0,5616122.0,5617019.0,5618006.0,5619026.0,5620055.0,5621101.0,5622030.0,5622859.0,5623744.0,5624554.0,5625593.0,5626605.0,5627435.0,5628604.0,5629600.0,5630498.0,5631376.0,5632228.0,5633241.0,5634126.0,5634956.0,5635891.0,5636593.0,5637317.0,5638239.0,5639225.0,5640188.0,5641078.0,5641885.0,5642650.0,5643517.0,5644458.0,5645384.0,5646243.0,5647099.0,5647970.0,5648877.0,5649705.0,5650583.0,5651642.0,5652629.0,5653502.0,5654601.0,5655493.0,5656815.0,5658529.0,5660376.0,5662014.0,5663816.0,5665547.0,5666909.0,5667752.0,5668776.0,5669964.0,5671135.0,5672155.0,5673398.0,5674330.0,5675228.0,5676514.0,5677513.0,5678539.0,5679579.0,5680637.0,5681491.0,5682432.0,5683375.0,5684436.0,5685476.0,5686615.0,5687632.0,5688573.0,5689402.0,5690359.0,5691377.0,5692406.0,5693563.0,5694615.0,5695605.0,5696412.0,5697393.0,5698280.0,5699227.0,5700294.0,5701250.0,5702058.0,5702886.0,,5704804.0,5705890.0,5706975.0,5707917.0,5708796.0,5709583.0,5710464.0,5711356.0,5712398.0,5713441.0,5714414.0,5715312.0,5716154.0,5717108.0,5717961.0,5718993.0,5719954.0,5720862.0,5721830.0,5722533.0,5723601.0,5724604.0,5725661.0,5726689.0,5727622.0,5728477.0,5729275.0,5730263.0,5731224.0,5732234.0,5733178.0,5734230.0,5735174.0,5735866.0,5736835.0,5737835.0,5738860.0,5739789.0,5740699.0,5741524.0,5742270.0,5743052.0,5743810.0,5744723.0,5745549.0,5746446.0,5747269.0,5747991.0,5748683.0,5749447.0,5750286.0,5751040.0,5751925.0,5752723.0,5753447.0,5754231.0,5755153.0,5755975.0,5756768.0,5757620.0,5758500.0,5759278.0,5760117.0,5760993.0,5761856.0,5762781.0,5763535.0,5764251.0,5765013.0,5765702.0,5766505.0,5767401.0,5768230.0,5769020.0,5769845.0,5770529.0,5771484.0,5772424.0,5773357.0,5774265.0,5775392.0,5776323.0,5777121.0,5778018.0,5778968.0,5779955.0,5780930.0,5781981.0,5782818.0,5783594.0,5784394.0,5785229.0,5786059.0,5786958.0,5787917.0,5788685.0,5789488.0,5790241.0,5791080.0,5791866.0,5792810.0,5793828.0,5794676.0,5795407.0,5796359.0,5797215.0,5798149.0,5799100.0,5800012.0,5800861.0,5801739.0,5802716.0,5803579.0,5804455
H_1H1Q1vtyU,1828517.0,1829063.0,1829643.0,1830133.0,1830705.0,1831273.0,1831850.0,1832289.0,1832783.0,1833334.0,1833758.0,1834263.0,1834855.0,1835620.0,1836314.0,1837060.0,1837744.0,1838357.0,1839091.0,1839649.0,1840329.0,1840981.0,1841574.0,1842040.0,1842491.0,1843015.0,1843512.0,1843996.0,1844442.0,1844930.0,1845380.0,1845781.0,1846193.0,1846620.0,1846990.0,1847432.0,1847952.0,1848356.0,1848747.0,1849120.0,1849574.0,1850016.0,1850447.0,1850915.0,1851340.0,1851794.0,1852255.0,1852698.0,1853165.0,1853553.0,1853957.0,1854336.0,1854661.0,1854972.0,1855391.0,1855854.0,1856339.0,1856759.0,1857167.0,1857526.0,1857917.0,1858304.0,1858746.0,1859233.0,1859636.0,1860082.0,1860421.0,1860776.0,1861103.0,1861543.0,1861963.0,1862414.0,1862772.0,1863191.0,1863581.0,1863962.0,1864337.0,1864707.0,1865055.0,1865391.0,1865774.0,1866129.0,1866609.0,1867119.0,1867478.0,1867814.0,1868198.0,1868523.0,1868946.0,1869291.0,1869722.0,1870082.0,1870467.0,1870771.0,1871032.0,1871391.0,1871795.0,1872218.0,1872643.0,1873007.0,1873496.0,1873871.0,1874178.0,1874667.0,1875063.0,1875530.0,1875856.0,1876198.0,1876535.0,1876838.0,1877146.0,1877474.0,1877808.0,1878215.0,1878574.0,1878866.0,1879319.0,1879787.0,1880293.0,1880736.0,1881158.0,1881541.0,1881856.0,1882254.0,1882713.0,1883100.0,1883540.0,1883967.0,1884458.0,1884839.0,1885225.0,1885700.0,1886110.0,1886484.0,,,,,,,,,1889651.0,1889935.0,1890298.0,1890696.0,1891074.0,1891439.0,1891782.0,1892041.0,1892353.0,1892714.0,1893054.0,1893389.0,1893727.0,1894022.0,1894304.0,1894555.0,1894857.0,1895185.0,1895478.0,1895850.0,1896198.0,1896481.0,1896829.0,1897293.0,1897682.0,1898014.0,1898317.0,1898566.0,1898811.0,1899067.0,1899339.0,1899630.0,1899901.0,1900197.0,1900440.0,1900645.0,1900882.0,1901165.0,1901456.0,1901815.0,1902096.0,1902357.0,1902606.0,1902858.0,1903213.0,1903521.0,1903819.0,1904219.0,1904508.0,1904806.0,1905124.0,1905498.0,1905819.0,1906153.0,1906394.0,1906689.0,1906934.0,1907202.0,1907502.0,1907792.0,1908095.0,1908347.0,1908580.0,1908833.0,1909074.0,1909366.0,1909680.0,1909906.0,1910131.0,1910392.0,1910626.0,1910845.0,1911101.0,1911405.0,1911693.0,1912039.0,1912396.0,1912719.0,1912962.0,1913253.0,1913607.0,1913896.0,1914296.0,1914656.0,1914934.0,1915165.0,1915465.0,1915777.0,1916119.0,1916474.0,1916817.0,1917112.0,1917426.0,1917734.0,1918043.0,1918346.0,1918637.0,1918989.0,1919275.0,1919539.0,1919806.0,1920079.0,1920376.0,1920693.0,1921020.0,1921305.0,1921548.0,1921897.0,1922202.0,1922599.0,1922996.0,1923377.0,1923746.0,1924157.0,1924524.0,1924924.0,1925326.0,1925660.0,1925939.0,1926271.0,1926583.0,,1927165.0,1927458.0,1927821.0,1928118.0,1928421.0,1928709.0,1929015.0,1929297.0,1929695.0,1930050.0,1930527.0,1930882.0,1931104.0,1931499.0,1932009.0,1932401.0,1932794.0,1933300.0,1933919.0,1934387.0,1935035.0,1935696.0,1936310.0,1936761.0,1937264.0,1937728.0,1938130.0,1938580.0,1938987.0,1939548.0,1939985.0,1940484.0,1940923.0,1941299.0,1941771.0,1942201.0,1942666.0,1943123.0,1943567.0,1944024.0,1944377.0,1944846.0,1945364.0,1945712.0,1946155.0,1946688.0,1947152.0,1947623.0,1947884.0,1948175.0,1948491.0,1948834.0,1949204.0,1949548.0,1949789.0,1950097.0,1950423.0,1950758.0,1951064.0,1951413.0,1951737.0,1951978.0,1952349.0,1952688.0,1953037.0,1953313.0,1953673.0,1953914.0,1954295.0,1954572.0,1955108.0,1955746.0,1956094.0,1956486.0,1957025.0,1957658.0,1958567.0,1959551.0,1960787.0,1962188.0,1963537.0,1964570.0,1965699.0,1967024.0,1968216.0,1969356.0,1970274.0,1971565.0,1972540.0,1973944.0,1974708.0,1975715.0,1977264.0,1978780.0,1979992.0,1981316.0,1982991.0,1984440.0,1986137.0,1987631.0,1989256.0,1990893.0,1992453.0,1993782.0,1995025.0,1996655.0,1998181.0,1999896.0,2001576.0,2003801.0,2005571.0,2007153.0,2008885.0,2010587
KQpbzrKbosE,5085612.0,5087223.0,5089020.0,5090864.0,5092204.0,5093464.0,5094723.0,5096241.0,5097802.0,5099862.0,5101644.0,5102857.0,5104192.0,5105241.0,5106537.0,5107743.0,5109285.0,5110864.0,5112089.0,5113198.0,5114289.0,5115517.0,5116719.0,5118009.0,5119225.0,5120188.0,5121250.0,5122270.0,5123267.0,5124204.0,5125423.0,5126656.0,5127742.0,5128671.0,5129842.0,5130811.0,5131891.0,5133160.0,5134412.0,5135498.0,5136475.0,5137622.0,5138618.0,5139719.0,5141054.0,5142809.0,5144186.0,5145497.0,5146824.0,5148115.0,5149259.0,5150486.0,5151847.0,5153137.0,5154317.0,5155555.0,5156823.0,5158019.0,5159355.0,5160622.0,5161739.0,5162934.0,5164021.0,5165063.0,5166160.0,5167354.0,5168355.0,5169418.0,5170268.0,5171521.0,5172674.0,5173803.0,5174907.0,5176031.0,5176965.0,5177865.0,5178809.0,5179838.0,5180923.0,5182145.0,5183395.0,5184352.0,5185179.0,5186093.0,5186992.0,5187868.0,5188911.0,5189970.0,5190929.0,5191861.0,5192844.0,5193784.0,5194869.0,5196133.0,5197388.0,5198284.0,5199150.0,5199908.0,5200698.0,5201526.0,5202574.0,5203628.0,5204552.0,5205370.0,5206346.0,5207361.0,5208320.0,5209554.0,5210781.0,5211878.0,5212937.0,5214115.0,5215237.0,5216316.0,5217538.0,5218761.0,5219673.0,5220437.0,5221231.0,5222104.0,5223202.0,5224370.0,5225405.0,5226475.0,5227450.0,5228543.0,5229482.0,5230453.0,5231410.0,5232379.0,5233194.0,5234017.0,5234806.0,5235598.0,,,,,,,,,5243499.0,5244577.0,5245390.0,5246175.0,5246987.0,5247714.0,5248402.0,5249266.0,5250251.0,5250983.0,5251724.0,5252418.0,5253299.0,5254129.0,5255105.0,5256096.0,5256766.0,5257524.0,5258395.0,5259236.0,5260098.0,5261115.0,5262279.0,5263064.0,5263863.0,5264682.0,5265526.0,5266485.0,5267493.0,5268543.0,5269491.0,5270408.0,5271286.0,5272068.0,5272882.0,5273916.0,5274925.0,5275724.0,5276512.0,5277324.0,5278180.0,5278982.0,5279984.0,5281018.0,5281907.0,5282817.0,5283809.0,5284773.0,5286056.0,5287393.0,5288562.0,5289502.0,5290396.0,5291314.0,5292114.0,5293044.0,5293894.0,5294801.0,5295523.0,5296516.0,5297498.0,5298528.0,5299285.0,5300053.0,5300812.0,5301587.0,5302412.0,5303213.0,5304118.0,5304938.0,5305766.0,5306517.0,5307214.0,5307958.0,5308784.0,5309598.0,5310392.0,5311339.0,5312190.0,5312897.0,5313748.0,5314394.0,5315184.0,5315914.0,5316741.0,5317521.0,5318305.0,5319051.0,5319785.0,5320611.0,5321451.0,5322296.0,5323253.0,5324106.0,5324901.0,5325660.0,5326435.0,5327239.0,5328083.0,5328934.0,5329796.0,5330570.0,5331379.0,5332194.0,5332965.0,5333757.0,5334447.0,5335314.0,5336096.0,5336855.0,5337722.0,5338487.0,5339251.0,5340039.0,5340787.0,5341534.0,5342312.0,5343131.0,5344034.0,5344933.0,5345824.0,,5347638.0,5348655.0,5349536.0,5350228.0,5351126.0,5351998.0,5352984.0,5353683.0,5354308.0,5354897.0,5355588.0,5356567.0,5357185.0,5357899.0,5358445.0,5359126.0,5359767.0,5360502.0,5361485.0,5362440.0,5363168.0,5363867.0,5364435.0,5364980.0,5365834.0,5366714.0,5367663.0,5368399.0,5369167.0,5370064.0,5370938.0,5371826.0,5372803.0,5373665.0,5374375.0,5375164.0,5376021.0,5376851.0,5377562.0,5378448.0,5379198.0,5380067.0,5380797.0,5381509.0,5382216.0,5382934.0,5383803.0,5384654.0,5385403.0,5386047.0,5386703.0,5387421.0,5388173.0,5388941.0,5389938.0,5390583.0,5391210.0,5391879.0,5392528.0,5393217.0,5394008.0,5394859.0,5395479.0,5396041.0,5396683.0,5397281.0,5398096.0,5398858.0,5399570.0,5400240.0,5400874.0,5401376.0,5401890.0,5402409.0,5403086.0,5403853.0,5404412.0,5404977.0,5405507.0,5406112.0,5406657.0,5407292.0,5407938.0,5408502.0,5409018.0,5409519.0,5410056.0,5410587.0,5411268.0,5411912.0,5412568.0,5413065.0,5413577.0,5414073.0,5414632.0,5415327.0,5415952.0,5416457.0,5417058.0,5417809.0,5418385.0,5418873.0,5419583.0,5420230.0,5420822.0,5421358.0,5421879.0,5422369.0,5423037.0,5423733.0,5424427.0,5424988.0,5425555.0,5426138
kDZxdECxuhc,359197.0,359307.0,359426.0,359527.0,359699.0,359815.0,359943.0,360077.0,360191.0,360299.0,360384.0,360569.0,360706.0,360860.0,361002.0,361166.0,361285.0,361401.0,361542.0,361653.0,361814.0,361936.0,362064.0,362165.0,362270.0,362375.0,362497.0,362627.0,362727.0,362862.0,362978.0,363118.0,363269.0,363405.0,363545.0,363674.0,363814.0,363935.0,364034.0,364125.0,364268.0,364380.0,364494.0,364645.0,364787.0,364903.0,365017.0,365128.0,365274.0,365426.0,365607.0,365740.0,365860.0,366003.0,366158.0,366292.0,366490.0,366669.0,366850.0,367026.0,367220.0,367414.0,367604.0,367842.0,368040.0,368225.0,368352.0,368521.0,368747.0,369152.0,369483.0,369736.0,369973.0,370231.0,370514.0,370757.0,371070.0,371337.0,371629.0,371870.0,372087.0,372334.0,372598.0,372878.0,373114.0,373391.0,373623.0,373852.0,374096.0,374340.0,374573.0,374786.0,375007.0,375207.0,375381.0,375613.0,375794.0,375999.0,376203.0,376415.0,376577.0,376746.0,376933.0,377128.0,377274.0,377481.0,377636.0,377797.0,377945.0,378102.0,378264.0,378419.0,378560.0,378730.0,378863.0,379003.0,379131.0,379310.0,379445.0,379606.0,379779.0,379927.0,380055.0,380163.0,380274.0,380405.0,380532.0,380642.0,380739.0,380861.0,380982.0,381092.0,381220.0,381361.0,,,,,,,,,382626.0,382759.0,382865.0,382991.0,383153.0,383302.0,383449.0,383580.0,383732.0,383856.0,383994.0,384114.0,384274.0,384423.0,384548.0,384654.0,384789.0,384899.0,385022.0,385149.0,385270.0,385384.0,385497.0,385623.0,385764.0,385908.0,386048.0,386234.0,386332.0,386444.0,386575.0,386721.0,386862.0,386973.0,387101.0,387180.0,387271.0,387375.0,387529.0,387696.0,387862.0,387999.0,388116.0,388235.0,388356.0,388514.0,388653.0,388811.0,388971.0,389128.0,389207.0,389321.0,389442.0,389609.0,389723.0,389810.0,389933.0,389994.0,390109.0,390259.0,390352.0,390461.0,390585.0,390672.0,390761.0,390857.0,390973.0,391086.0,391179.0,391274.0,391377.0,391486.0,391597.0,391700.0,391818.0,391949.0,392076.0,392184.0,392282.0,392417.0,392548.0,392683.0,392808.0,392983.0,393130.0,393235.0,393364.0,393477.0,393636.0,393798.0,393948.0,394078.0,394224.0,394376.0,394561.0,394685.0,394850.0,395017.0,395126.0,395237.0,395374.0,395522.0,395667.0,395800.0,395927.0,396046.0,396169.0,396288.0,396394.0,396532.0,396644.0,396748.0,396839.0,396918.0,396977.0,397071.0,397157.0,397256.0,397364.0,397434.0,397522.0,,397690.0,397794.0,397903.0,398019.0,398142.0,398264.0,398387.0,398477.0,398589.0,398685.0,398820.0,398903.0,398979.0,399076.0,399160.0,399264.0,399344.0,399431.0,399548.0,399626.0,399707.0,399806.0,399901.0,400025.0,400109.0,400209.0,400304.0,400391.0,400521.0,400619.0,400704.0,400831.0,400918.0,400990.0,401083.0,401189.0,401279.0,401408.0,401505.0,401620.0,401743.0,401864.0,401997.0,402132.0,402285.0,402389.0,402558.0,402707.0,402862.0,403059.0,403275.0,403451.0,403655.0,403851.0,404013.0,404204.0,404370.0,404508.0,404660.0,404809.0,404989.0,405093.0,405244.0,405451.0,405683.0,406076.0,406406.0,406665.0,406885.0,407141.0,407334.0,407624.0,407900.0,408265.0,408499.0,408757.0,409128.0,409409.0,409630.0,409876.0,410070.0,410289.0,410475.0,410745.0,410963.0,411182.0,411439.0,411607.0,411824.0,411982.0,412147.0,412344.0,412544.0,412727.0,412918.0,413069.0,413228.0,413467.0,413880.0,414162.0,414402.0,414623.0,414814.0,414954.0,415101.0,415314.0,415542.0,415711.0,415900.0,416057.0,416245.0,416453.0,416660.0,416872
9vFxuUDLSgY,106658.0,106672.0,106694.0,106710.0,106737.0,106758.0,106773.0,106784.0,106807.0,106826.0,106841.0,106852.0,106862.0,106883.0,106909.0,106930.0,106947.0,106966.0,106986.0,107017.0,107032.0,107049.0,107062.0,107075.0,107089.0,107114.0,107135.0,107145.0,107159.0,107170.0,107182.0,107197.0,107218.0,107235.0,107249.0,107260.0,107270.0,107281.0,107294.0,107304.0,107324.0,107334.0,107349.0,107371.0,107388.0,107404.0,107425.0,107444.0,107456.0,107467.0,107485.0,107506.0,107517.0,107527.0,107544.0,107570.0,107590.0,107606.0,107633.0,107657.0,107675.0,107691.0,107714.0,107734.0,107756.0,107780.0,107800.0,107820.0,107839.0,107886.0,107904.0,107931.0,107955.0,107989.0,108029.0,108067.0,108097.0,108134.0,108166.0,108190.0,108215.0,108249.0,108266.0,108290.0,108310.0,108339.0,108365.0,108394.0,108419.0,108439.0,108464.0,108486.0,108511.0,108530.0,108546.0,108562.0,108573.0,108595.0,108614.0,108622.0,108632.0,108642.0,108657.0,108671.0,108684.0,108696.0,108705.0,108714.0,108731.0,108745.0,108758.0,108782.0,108799.0,108811.0,108825.0,108835.0,108849.0,108868.0,108890.0,108902.0,108908.0,108925.0,108935.0,108953.0,108966.0,108976.0,108987.0,109002.0,109011.0,109025.0,109040.0,109049.0,109057.0,109069.0,,,,,,,,,109179.0,109190.0,109195.0,109213.0,109228.0,109235.0,109246.0,109254.0,109262.0,109270.0,109275.0,109283.0,109302.0,109311.0,109326.0,109344.0,109361.0,109379.0,109391.0,109399.0,109404.0,109413.0,109424.0,109441.0,109456.0,109466.0,109480.0,109489.0,109505.0,109521.0,109533.0,109544.0,109560.0,109572.0,109576.0,109587.0,109596.0,109606.0,109614.0,109620.0,109632.0,109644.0,109657.0,109666.0,109677.0,109685.0,109701.0,109719.0,109731.0,109737.0,109749.0,109757.0,109769.0,109775.0,109787.0,109794.0,109812.0,109822.0,109836.0,109841.0,109849.0,109858.0,109862.0,109877.0,109882.0,109893.0,109911.0,109916.0,109923.0,109937.0,109949.0,109957.0,109980.0,110001.0,110035.0,110043.0,110057.0,110066.0,110070.0,110079.0,110103.0,110112.0,110131.0,110152.0,110168.0,110185.0,110199.0,110210.0,110226.0,110250.0,110264.0,110275.0,110290.0,110303.0,110313.0,110325.0,110339.0,110359.0,110367.0,110376.0,110388.0,110401.0,110410.0,110424.0,110434.0,110450.0,110472.0,110492.0,110503.0,110518.0,110535.0,110550.0,110566.0,110575.0,110586.0,110600.0,110612.0,110627.0,110637.0,110648.0,110666.0,,110698.0,110728.0,110742.0,110753.0,110763.0,110781.0,110802.0,110818.0,110833.0,110850.0,110861.0,110880.0,110893.0,110905.0,110920.0,110934.0,110939.0,110956.0,110969.0,110984.0,110992.0,111005.0,111022.0,111038.0,111050.0,111062.0,111080.0,111092.0,111105.0,111125.0,111145.0,111157.0,111182.0,111199.0,111223.0,111237.0,111249.0,111267.0,111280.0,111298.0,111311.0,111317.0,111332.0,111351.0,111366.0,111386.0,111415.0,111422.0,111433.0,111440.0,111447.0,111458.0,111466.0,111477.0,111482.0,111491.0,111503.0,111508.0,111522.0,111534.0,111540.0,111545.0,111555.0,111568.0,111576.0,111589.0,111605.0,111624.0,111642.0,111666.0,111684.0,111709.0,111729.0,111744.0,111770.0,111778.0,111790.0,111806.0,111825.0,111842.0,111862.0,111872.0,111886.0,111906.0,111923.0,111946.0,111958.0,111971.0,111992.0,112004.0,112018.0,112040.0,112055.0,112073.0,112082.0,112094.0,112102.0,112115.0,112129.0,112140.0,112153.0,112160.0,112167.0,112180.0,112186.0,112199.0,112217.0,112251.0,112267.0,112282.0,112298.0,112317.0,112330.0,112348
3mvTdRgG2KY,1986741.0,1987024.0,1987390.0,1987753.0,1988080.0,1988389.0,1988754.0,1989098.0,1989487.0,1989830.0,1990201.0,1990517.0,1990832.0,1991181.0,1991568.0,1991944.0,1992263.0,1992617.0,1992997.0,1993326.0,1993688.0,1994034.0,1994349.0,1994699.0,1995070.0,1995341.0,1995659.0,1996002.0,1996280.0,1996587.0,1996942.0,1997288.0,1997674.0,1998055.0,1998463.0,1998813.0,1999163.0,1999538.0,1999884.0,2000176.0,2000519.0,2000796.0,2001104.0,2001417.0,2001713.0,2002010.0,2002335.0,2002671.0,2002973.0,2003301.0,2003615.0,2003972.0,2004299.0,2004623.0,2005046.0,2005396.0,2005748.0,2006045.0,2006448.0,2006826.0,2007159.0,2007523.0,2007852.0,2008215.0,2008606.0,2008950.0,2009291.0,2009627.0,2010090.0,2011118.0,2011995.0,2012572.0,2013100.0,2013487.0,2013941.0,2014277.0,2014636.0,2015017.0,2015354.0,2015728.0,2016076.0,2016362.0,2016661.0,2016995.0,2017284.0,2017583.0,2017861.0,2018139.0,2018410.0,2018642.0,2018958.0,2019220.0,2019494.0,2019830.0,2020102.0,2020398.0,2020645.0,2020921.0,2021232.0,2021521.0,2021831.0,2022110.0,2022435.0,2022751.0,2023043.0,2023350.0,2023643.0,2023973.0,2024230.0,2024532.0,2024807.0,2025102.0,2025404.0,2025747.0,2026101.0,2026406.0,2026681.0,2026982.0,2027305.0,2027606.0,2027926.0,2028278.0,2028562.0,2028782.0,2029007.0,2029244.0,2029526.0,2029764.0,2030009.0,2030223.0,2030420.0,2030665.0,2030878.0,2031104.0,,,,,,,,,2033017.0,2033256.0,2033491.0,2033784.0,2034033.0,2034317.0,2034599.0,2034871.0,2035169.0,2035436.0,2035665.0,2036005.0,2036284.0,2036561.0,2036916.0,2037233.0,2037494.0,2037825.0,2038156.0,2038379.0,2038590.0,2038756.0,2038968.0,2039179.0,2039364.0,2039598.0,2039815.0,2039981.0,2040165.0,2040367.0,2040560.0,2040754.0,2040912.0,2041056.0,2041231.0,2041395.0,2041584.0,2041776.0,2041961.0,2042124.0,2042301.0,2042457.0,2042630.0,2042766.0,2042946.0,2043119.0,2043306.0,2043455.0,2043641.0,2043798.0,2043960.0,2044124.0,2044291.0,2044462.0,2044616.0,2044789.0,2044926.0,2045085.0,2045229.0,2045370.0,2045554.0,2045681.0,2045791.0,2045949.0,2046091.0,2046265.0,2046431.0,2046597.0,2046738.0,2046900.0,2047059.0,2047227.0,2047406.0,2047564.0,2047733.0,2047919.0,2048121.0,2048289.0,2048438.0,2048570.0,2048739.0,2048871.0,2049077.0,2049261.0,2049459.0,2049627.0,2049803.0,2049983.0,2050136.0,2050295.0,2050444.0,2050627.0,2050794.0,2050944.0,2051099.0,2051255.0,2051407.0,2051613.0,2051760.0,2051948.0,2052130.0,2052287.0,2052443.0,2052636.0,2052817.0,2052978.0,2053160.0,2053354.0,2053520.0,2053699.0,2053879.0,2054069.0,2054263.0,2054411.0,2054601.0,2054759.0,2054915.0,2055083.0,2055242.0,2055464.0,2055665.0,,2055991.0,2056157.0,2056322.0,2056481.0,2056662.0,2056839.0,2057055.0,2057259.0,2057406.0,2057594.0,2057737.0,2057948.0,2058115.0,2058272.0,2058443.0,2058626.0,2058809.0,2058989.0,2059161.0,2059310.0,2059489.0,2059668.0,2059836.0,2060009.0,2060183.0,2060365.0,2060518.0,2060688.0,2060861.0,2060989.0,2061148.0,2061280.0,2061432.0,2061593.0,2061759.0,2061959.0,2062133.0,2062287.0,2062446.0,2062571.0,2062765.0,2062915.0,2063084.0,2063254.0,2063442.0,2063566.0,2063711.0,2063886.0,2064076.0,2064266.0,2064426.0,2064558.0,2064734.0,2064919.0,2065088.0,2065234.0,2065351.0,2065507.0,2065646.0,2065831.0,2066027.0,2066217.0,2066363.0,2066501.0,2066674.0,2066859.0,2067065.0,2067327.0,2067613.0,2067873.0,2068139.0,2068415.0,2068692.0,2068960.0,2069250.0,2069542.0,2069803.0,2070049.0,2070306.0,2070652.0,2071023.0,2071354.0,2071697.0,2072031.0,2072375.0,2072605.0,2072914.0,2073162.0,2073469.0,2073708.0,2074007.0,2074247.0,2074490.0,2074765.0,2074979.0,2075252.0,2075477.0,2075747.0,2075978.0,2076204.0,2076456.0,2076714.0,2076948.0,2077187.0,2077402.0,2077674.0,2077923.0,2078127.0,2078385.0,2078574.0,2078797.0,2079011.0,2079217.0,2079436
qy0lzuOBQgo,16708.0,16719.0,16723.0,16730.0,16739.0,16746.0,16751.0,16752.0,16755.0,16760.0,16766.0,16774.0,16775.0,16780.0,16782.0,16790.0,16787.0,16790.0,16790.0,16794.0,16797.0,16805.0,16807.0,16812.0,16817.0,16818.0,16823.0,16828.0,16830.0,16833.0,16840.0,16846.0,16856.0,16861.0,16868.0,16872.0,16878.0,16880.0,16884.0,16885.0,16888.0,16890.0,16892.0,16893.0,16896.0,16903.0,16905.0,16910.0,16912.0,16918.0,16919.0,16922.0,16925.0,16928.0,16930.0,16932.0,16938.0,16942.0,16946.0,16949.0,16952.0,16952.0,16956.0,16956.0,16958.0,16961.0,16969.0,16974.0,16979.0,16983.0,16985.0,16991.0,16991.0,16995.0,16996.0,17002.0,17003.0,17004.0,17005.0,17010.0,17011.0,17016.0,17018.0,17019.0,17021.0,17023.0,17025.0,17026.0,17026.0,17028.0,17033.0,17033.0,17035.0,17039.0,17039.0,17044.0,17047.0,17050.0,17054.0,17056.0,17057.0,17062.0,17063.0,17065.0,17072.0,17075.0,17081.0,17086.0,17087.0,17089.0,17090.0,17093.0,17094.0,17095.0,17100.0,17107.0,17110.0,17113.0,17116.0,17120.0,17122.0,17130.0,17134.0,17136.0,17139.0,17142.0,17146.0,17149.0,17152.0,17154.0,17154.0,17159.0,17160.0,17161.0,,,,,,,,,17186.0,17188.0,17191.0,17194.0,17198.0,17201.0,17201.0,17203.0,17204.0,17207.0,17209.0,17210.0,17210.0,17215.0,17218.0,17225.0,17227.0,17228.0,17228.0,17228.0,17228.0,17230.0,17231.0,,,,,,,,,,,,,,,,,,,,,,,,,,,,,,,,,,,,,,,,,,,,,,,,,,,,,,,,,,,,,,,,,,,,,,,,,,,,,,,,,,,,,,,,,,,,,,,,,,,,,,,,,,,,,,,,,,,,,,,,,,,,,,,,,,,,,,,,,,,,,,,,,,,,,,,,,,,,,,,,,,,,,,,,,,,,,,,,,,,,,,,,,,,,,,,,,,,,,,,,,,,,,,,,,,,,,
-NO9aRE_toM,32757.0,32782.0,32800.0,32821.0,32859.0,32881.0,32903.0,32927.0,32947.0,32971.0,32991.0,33017.0,33042.0,33079.0,33095.0,33110.0,33121.0,33146.0,33169.0,33194.0,33261.0,33318.0,33354.0,33427.0,33424.0,33439.0,33470.0,33503.0,33534.0,33554.0,33587.0,33603.0,33626.0,33643.0,33675.0,33695.0,33713.0,33725.0,33751.0,33777.0,33803.0,33823.0,33833.0,33853.0,33874.0,33895.0,33921.0,33951.0,33981.0,33999.0,34021.0,34051.0,34075.0,34097.0,34107.0,34124.0,34135.0,34165.0,34180.0,34196.0,34219.0,34235.0,34247.0,34263.0,34281.0,34308.0,34325.0,34358.0,34376.0,34400.0,34426.0,34451.0,34474.0,34494.0,34515.0,34544.0,34577.0,34598.0,34616.0,34647.0,34670.0,34692.0,34713.0,34740.0,34764.0,34789.0,34813.0,34835.0,34851.0,34866.0,34889.0,34906.0,34934.0,34953.0,34969.0,34987.0,35006.0,35028.0,35054.0,35068.0,35087.0,35107.0,35133.0,35168.0,35199.0,35221.0,35239.0,35257.0,35279.0,35299.0,35316.0,35331.0,35350.0,35373.0,35390.0,35404.0,35429.0,35440.0,35463.0,35481.0,35497.0,35519.0,35535.0,35550.0,35561.0,35585.0,35600.0,35610.0,35632.0,35650.0,35672.0,35686.0,35703.0,35720.0,,,,,,,,,35936.0,35959.0,35972.0,35985.0,35995.0,36019.0,36038.0,36053.0,36076.0,36107.0,36136.0,36158.0,36175.0,36199.0,36218.0,36232.0,36254.0,36278.0,36298.0,36317.0,36346.0,36363.0,36378.0,36438.0,36456.0,36476.0,36493.0,36529.0,36545.0,36570.0,36588.0,36601.0,36616.0,36633.0,36660.0,36680.0,36704.0,36732.0,36754.0,36785.0,36817.0,36838.0,36855.0,36874.0,36897.0,36920.0,36942.0,36960.0,36980.0,37000.0,37019.0,37043.0,37061.0,37091.0,37114.0,37132.0,37161.0,37184.0,37217.0,37238.0,37259.0,37280.0,37294.0,37315.0,37324.0,37346.0,37370.0,37406.0,37420.0,37455.0,37472.0,37488.0,37514.0,37554.0,37590.0,37615.0,37639.0,37656.0,37673.0,37701.0,37719.0,37737.0,37778.0,37800.0,37832.0,37850.0,37876.0,37898.0,37923.0,37943.0,37964.0,37981.0,37993.0,38006.0,38020.0,38044.0,38066.0,38088.0,38106.0,38122.0,38140.0,38161.0,38188.0,38208.0,38238.0,38256.0,38277.0,38308.0,38323.0,38353.0,38379.0,38414.0,38443.0,38467.0,38479.0,38500.0,38538.0,38558.0,38579.0,38597.0,38624.0,,38688.0,38720.0,38742.0,38765.0,38797.0,38809.0,38833.0,38862.0,38903.0,38932.0,38951.0,38979.0,38995.0,39020.0,39045.0,39066.0,39084.0,39101.0,39124.0,39151.0,39171.0,39201.0,39227.0,39242.0,39269.0,39297.0,39320.0,39340.0,39361.0,39391.0,39421.0,39448.0,39515.0,39537.0,39552.0,39570.0,39593.0,39614.0,39644.0,39662.0,39678.0,39702.0,39749.0,39778.0,39803.0,39830.0,39854.0,39891.0,39914.0,39940.0,39962.0,39987.0,40007.0,40036.0,40067.0,40095.0,40130.0,40163.0,40190.0,40254.0,40285.0,40320.0,40363.0,40417.0,40463.0,40523.0,40567.0,40600.0,40636.0,40683.0,40738.0,40783.0,40827.0,40863.0,40897.0,40940.0,40980.0,41036.0,41089.0,41153.0,41217.0,41266.0,41302.0,41344.0,41381.0,41426.0,41470.0,41515.0,41549.0,41587.0,41631.0,41663.0,41711.0,41760.0,41806.0,41853.0,41884.0,41931.0,41962.0,41998.0,42030.0,42074.0,42114.0,42147.0,42196.0,42249.0,42308.0,42345.0,42395.0,42438.0,42483.0,42542.0,42603.0,42646
MnPAeNBBWS8,12377.0,12379.0,12384.0,12387.0,12390.0,12390.0,12392.0,12395.0,12396.0,12397.0,12399.0,12404.0,12406.0,12406.0,12407.0,12408.0,12409.0,12411.0,12412.0,12414.0,12415.0,12415.0,12415.0,12420.0,12422.0,12424.0,12426.0,12427.0,12428.0,12432.0,12435.0,12436.0,12436.0,12436.0,12443.0,12454.0,12456.0,12459.0,12459.0,12463.0,12464.0,12467.0,12471.0,12473.0,12476.0,12487.0,12488.0,12491.0,12486.0,12487.0,12487.0,12489.0,12491.0,12492.0,12492.0,12493.0,12497.0,12499.0,12500.0,12507.0,12508.0,12510.0,12516.0,12520.0,12525.0,12534.0,12538.0,12541.0,12545.0,12548.0,12549.0,12550.0,12551.0,12552.0,12555.0,12555.0,12555.0,12557.0,12559.0,12561.0,12562.0,12565.0,12567.0,12570.0,12571.0,12572.0,12573.0,12575.0,12578.0,12579.0,12580.0,12586.0,12588.0,12591.0,12592.0,12595.0,12595.0,12596.0,12599.0,12601.0,12601.0,12602.0,12604.0,12605.0,12608.0,12611.0,12613.0,12614.0,12614.0,12615.0,12615.0,12619.0,12621.0,12624.0,12625.0,12626.0,12628.0,12628.0,12628.0,12630.0,12633.0,12633.0,12634.0,12637.0,12639.0,12640.0,12641.0,12642.0,12642.0,12644.0,12648.0,12655.0,12657.0,12659.0,,,,,,,,,12688.0,12694.0,12700.0,12701.0,12708.0,12715.0,12718.0,12719.0,12723.0,12724.0,12726.0,12728.0,12731.0,12735.0,12741.0,12742.0,12742.0,12742.0,12743.0,12745.0,12747.0,12748.0,12750.0,12754.0,12755.0,12757.0,12762.0,12763.0,12766.0,12766.0,12769.0,12773.0,12774.0,12775.0,12777.0,12779.0,12780.0,12782.0,12787.0,12789.0,12791.0,12793.0,12796.0,12799.0,12801.0,12803.0,12808.0,12810.0,12813.0,12816.0,12818.0,12821.0,12824.0,12826.0,12828.0,12833.0,12836.0,12836.0,12839.0,12844.0,12846.0,12847.0,12848.0,12850.0,12853.0,12855.0,12857.0,12859.0,12861.0,12862.0,12868.0,12869.0,12872.0,12874.0,12882.0,12886.0,12887.0,12890.0,12892.0,12895.0,12901.0,12903.0,12904.0,12905.0,12907.0,12908.0,12909.0,12911.0,12912.0,12913.0,12917.0,12918.0,12920.0,12927.0,12930.0,12934.0,12938.0,12939.0,12940.0,12941.0,12946.0,12948.0,12950.0,12952.0,12954.0,12955.0,12956.0,12957.0,12960.0,12960.0,12966.0,12972.0,12975.0,12975.0,12975.0,12978.0,12980.0,12982.0,12992.0,13000.0,13002.0,,13005.0,13007.0,13012.0,13020.0,13022.0,13022.0,13023.0,13023.0,13023.0,13023.0,13023.0,13026.0,13026.0,13027.0,13028.0,13029.0,13033.0,13035.0,13037.0,13039.0,13041.0,13043.0,13045.0,13049.0,13050.0,13051.0,13054.0,13055.0,13057.0,13059.0,13063.0,13065.0,13067.0,13067.0,13070.0,13071.0,13078.0,13082.0,13085.0,13088.0,13089.0,13089.0,13091.0,13093.0,13099.0,13104.0,13106.0,13110.0,13113.0,13117.0,13121.0,13123.0,13123.0,13124.0,13124.0,13124.0,13127.0,13129.0,13129.0,13129.0,13129.0,13129.0,13129.0,13134.0,13140.0,13143.0,13149.0,13156.0,13158.0,13161.0,13162.0,13163.0,13164.0,13167.0,13171.0,13172.0,13174.0,13175.0,13177.0,13180.0,13181.0,13182.0,13183.0,13185.0,13187.0,13187.0,13188.0,13188.0,13188.0,13189.0,13190.0,13190.0,13190.0,13192.0,13194.0,13197.0,13202.0,13208.0,13210.0,13212.0,13215.0,13215.0,13218.0,13219.0,13219.0,13220.0,13220.0,13221.0,13224.0,13227.0,13227.0,13227.0,13228.0,13228
YvIU5_rtljc,4308540.0,4308544.0,4308545.0,4308545.0,4308546.0,4308547.0,4308549.0,4308549.0,4308550.0,4308554.0,4308554.0,4308555.0,4308555.0,4308557.0,4308558.0,4308558.0,4308558.0,4308560.0,4308562.0,4308562.0,4308562.0,4308564.0,4308565.0,4308565.0,4308569.0,4308569.0,4308570.0,4308572.0,4308572.0,4308572.0,4308574.0,4308574.0,4308574.0,4308574.0,4308575.0,4308576.0,4308577.0,4308577.0,4308578.0,4308580.0,4308580.0,4308581.0,4308582.0,4308582.0,4308582.0,4308583.0,4308583.0,4308583.0,4308583.0,4308587.0,4308587.0,4308587.0,4308587.0,4308587.0,4308587.0,4308588.0,4308589.0,4308590.0,4308593.0,4308596.0,4308597.0,4308598.0,4308600.0,4308601.0,4308602.0,4308605.0,4308605.0,4308605.0,4308605.0,4308606.0,4308608.0,4308610.0,4308613.0,4308613.0,4308615.0,4308616.0,4308616.0,4308618.0,4308621.0,4308621.0,4308623.0,4308623.0,4308623.0,4308623.0,4308625.0,4308625.0,4308626.0,4308628.0,4308628.0,4308629.0,4308630.0,4308632.0,4308633.0,4308635.0,4308636.0,4308636.0,4308636.0,4308637.0,4308639.0,4308643.0,4308644.0,4308644.0,4308645.0,4308645.0,4308646.0,4308646.0,4308647.0,4308650.0,4308650.0,4308654.0,4308654.0,4308659.0,4308659.0,4308660.0,4308661.0,4308662.0,4308662.0,4308663.0,4308663.0,4308664.0,4308664.0,4308664.0,4308665.0,4308667.0,4308668.0,4308671.0,4308672.0,4308672.0,4308672.0,4308673.0,4308673.0,4308673.0,4308673.0,4308674.0,,,,,,,,,4308682.0,4308683.0,4308685.0,4308687.0,4308687.0,4308687.0,4308688.0,4308689.0,4308691.0,4308691.0,4308691.0,4308691.0,4308691.0,4308691.0,4308691.0,4308693.0,4308693.0,4308695.0,4308695.0,4308696.0,4308696.0,4308698.0,4308698.0,4308698.0,4308698.0,4308698.0,4308698.0,4308702.0,4308702.0,4308702.0,4308703.0,4308703.0,4308704.0,4308707.0,4308708.0,4308708.0,4308709.0,4308710.0,4308710.0,4308711.0,4308714.0,4308714.0,4308716.0,4308717.0,4308717.0,4308718.0,4308720.0,4308723.0,4308723.0,4308723.0,4308723.0,4308724.0,4308725.0,4308725.0,4308726.0,4308727.0,4308727.0,4308728.0,4308730.0,4308731.0,4308731.0,4308734.0,4308734.0,4308734.0,4308734.0,4308734.0,4308734.0,4308734.0,4308736.0,4308737.0,4308738.0,4308738.0,4308738.0,4308738.0,4308740.0,4308740.0,4308740.0,4308740.0,4308741.0,4308742.0,4308743.0,4308743.0,4308745.0,4308747.0,4308748.0,4308748.0,4308748.0,4308750.0,4308751.0,4308751.0,4308751.0,4308751.0,4308753.0,4308754.0,4308755.0,4308755.0,4308756.0,4308756.0,4308761.0,4308766.0,4308769.0,4308773.0,4308774.0,4308775.0,4308776.0,4308777.0,4308779.0,4308780.0,4308780.0,4308782.0,4308783.0,4308784.0,4308784.0,4308784.0,4308784.0,4308787.0,4308788.0,4308789.0,4308789.0,4308790.0,4308792.0,,4308792.0,4308792.0,4308792.0,4308792.0,4308793.0,4308794.0,4308794.0,4308794.0,4308796.0,4308797.0,4308797.0,4308801.0,4308802.0,4308802.0,4308802.0,4308802.0,4308802.0,4308802.0,4308802.0,4308802.0,4308802.0,4308802.0,4308803.0,4308803.0,4308804.0,4308805.0,4308805.0,4308805.0,4308805.0,4308806.0,4308806.0,4308806.0,4308808.0,4308808.0,4308808.0,4308809.0,4308810.0,4308810.0,4308810.0,4308811.0,4308812.0,4308813.0,4308815.0,4308816.0,4308817.0,4308819.0,4308820.0,4308820.0,4308823.0,4308826.0,4308827.0,4308828.0,4308829.0,4308829.0,4308830.0,4308830.0,4308831.0,4308831.0,4308831.0,4308832.0,4308832.0,4308832.0,4308832.0,4308832.0,4308833.0,4308833.0,4308833.0,4308833.0,4308833.0,4308836.0,4308837.0,4308838.0,4308839.0,4308841.0,4308842.0,4308843.0,4308843.0,4308843.0,4308843.0,4308843.0,4308844.0,4308844.0,4308847.0,4308848.0,4308849.0,4308850.0,4308851.0,4308851.0,4308852.0,4308854.0,4308855.0,4308857.0,4308860.0,4308861.0,4308863.0,4308869.0,4308873.0,4308875.0,4308877.0,4308878.0,4308880.0,4308881.0,4308881.0,4308881.0,4308882.0,4308883.0,4308884.0,4308885.0,4308885.0,4308886.0,4308888.0,4308888.0,4308888.0,4308891
zvK06sJzh5g,10719.0,10722.0,10724.0,10724.0,10725.0,10726.0,10728.0,10729.0,10731.0,10734.0,10734.0,10734.0,10737.0,10740.0,10742.0,10744.0,10747.0,10750.0,10752.0,10755.0,10755.0,10758.0,10759.0,10762.0,10763.0,10763.0,10763.0,10763.0,10764.0,10770.0,10770.0,10770.0,10772.0,10773.0,10776.0,10777.0,10777.0,10781.0,10781.0,10783.0,10783.0,10784.0,10786.0,10787.0,10789.0,10792.0,10793.0,10794.0,10795.0,10795.0,10797.0,10803.0,10807.0,10809.0,10815.0,10819.0,10822.0,10822.0,10824.0,10825.0,10828.0,10829.0,10830.0,10833.0,10835.0,10836.0,10839.0,10843.0,10847.0,10848.0,10851.0,10852.0,10852.0,10856.0,10867.0,10868.0,10872.0,10878.0,10879.0,10880.0,10884.0,10886.0,10887.0,10890.0,10892.0,10897.0,10898.0,10900.0,10904.0,10905.0,10905.0,10908.0,10909.0,10910.0,10913.0,10914.0,10914.0,10916.0,10919.0,10920.0,10921.0,10926.0,10930.0,10931.0,10931.0,10931.0,10933.0,10936.0,10937.0,10940.0,10940.0,10944.0,10945.0,10947.0,10951.0,10955.0,10961.0,10969.0,10970.0,10972.0,10979.0,10984.0,10986.0,10987.0,10989.0,10992.0,10993.0,10996.0,10995.0,10995.0,10995.0,10998.0,10999.0,11000.0,,,,,,,,,11025.0,11028.0,11030.0,11030.0,11031.0,11032.0,11034.0,11036.0,11038.0,11041.0,11046.0,11054.0,11055.0,11055.0,11058.0,11059.0,11061.0,11062.0,11064.0,11066.0,11067.0,11067.0,11067.0,11073.0,11074.0,11075.0,11075.0,11075.0,11075.0,11076.0,11078.0,11080.0,11086.0,11086.0,11088.0,11088.0,11089.0,11090.0,11090.0,11092.0,11092.0,11095.0,11099.0,11100.0,11100.0,11102.0,11104.0,11107.0,11107.0,11108.0,11110.0,11113.0,11117.0,11121.0,11124.0,11125.0,11127.0,11128.0,11130.0,11132.0,11133.0,11134.0,11135.0,11137.0,11138.0,11141.0,11144.0,11147.0,11149.0,11153.0,11156.0,11157.0,11160.0,11160.0,11165.0,11166.0,11167.0,11170.0,11172.0,11172.0,11180.0,11183.0,11184.0,11185.0,11188.0,11188.0,11188.0,11196.0,11198.0,11201.0,11201.0,11202.0,11202.0,11205.0,11208.0,11208.0,11210.0,11211.0,11211.0,11212.0,11215.0,11216.0,11218.0,11219.0,11223.0,11225.0,11227.0,11231.0,11232.0,11234.0,11237.0,11238.0,11243.0,11244.0,11245.0,11246.0,11245.0,11248.0,11250.0,11250.0,11252.0,,11253.0,11254.0,11256.0,11260.0,11261.0,11262.0,11263.0,11266.0,11269.0,11271.0,11272.0,11275.0,11276.0,11278.0,11281.0,11283.0,11287.0,11289.0,11293.0,11296.0,11299.0,11301.0,11306.0,11308.0,11311.0,11314.0,11314.0,11317.0,11317.0,11318.0,11318.0,11320.0,11322.0,11324.0,11327.0,11329.0,11329.0,11329.0,11331.0,11331.0,11331.0,11332.0,11334.0,11334.0,11337.0,11338.0,11338.0,11340.0,11342.0,11345.0,11344.0,11345.0,11349.0,11350.0,11350.0,11351.0,11353.0,11353.0,11353.0,11353.0,11355.0,11356.0,11356.0,11357.0,11357.0,11360.0,11361.0,11362.0,11364.0,11366.0,11370.0,11372.0,11376.0,11380.0,11381.0,11382.0,11383.0,11391.0,11393.0,11394.0,11396.0,11396.0,11398.0,11399.0,11401.0,11402.0,11404.0,11404.0,11406.0,11407.0,11407.0,11409.0,11412.0,11416.0,11416.0,11417.0,11420.0,11424.0,11424.0,11425.0,11427.0,11429.0,11430.0,11430.0,11431.0,11435.0,11435.0,11437.0,11437.0,11440.0,11443.0,11446.0,11448.0,11450
xUXyVuGBBTw,48962.0,48962.0,48962.0,48962.0,48962.0,48962.0,48962.0,48962.0,48962.0,48962.0,48962.0,48962.0,48962.0,48962.0,48962.0,48962.0,48962.0,48962.0,48962.0,48962.0,48962.0,48962.0,48962.0,48962.0,48962.0,48962.0,48962.0,48962.0,48962.0,48962.0,48962.0,48962.0,48962.0,48962.0,48962.0,48962.0,48962.0,48962.0,48962.0,48962.0,48962.0,48962.0,48962.0,48962.0,48962.0,48962.0,48962.0,48962.0,48962.0,48962.0,48962.0,48962.0,48962.0,48962.0,48962.0,48962.0,48962.0,48962.0,48962.0,48962.0,48962.0,48962.0,48962.0,48962.0,48962.0,48962.0,48962.0,48962.0,48962.0,48962.0,48962.0,48962.0,48962.0,48962.0,48962.0,48962.0,48962.0,48962.0,48962.0,48962.0,48962.0,48962.0,48962.0,48962.0,48962.0,48962.0,48962.0,48962.0,48962.0,48962.0,48962.0,48962.0,48962.0,48962.0,48962.0,48962.0,48962.0,48962.0,48962.0,48962.0,48962.0,48962.0,48962.0,48962.0,48962.0,48962.0,48962.0,48962.0,48962.0,48962.0,48962.0,48962.0,48962.0,48962.0,48962.0,48962.0,48962.0,48962.0,48962.0,48962.0,48962.0,48962.0,48962.0,48962.0,48962.0,48962.0,48962.0,48962.0,48962.0,48962.0,48962.0,48962.0,48962.0,48962.0,,,,,,,,,48962.0,48962.0,48962.0,48962.0,48962.0,48962.0,48962.0,48962.0,48962.0,48962.0,48962.0,48962.0,48962.0,48962.0,48962.0,48962.0,48962.0,48962.0,48962.0,48962.0,48962.0,48962.0,48962.0,48962.0,48962.0,48962.0,48962.0,48962.0,48962.0,48962.0,48962.0,48962.0,48962.0,48962.0,48962.0,48962.0,48962.0,48962.0,48962.0,48962.0,48962.0,48962.0,48962.0,48962.0,48962.0,48962.0,48962.0,48962.0,48962.0,48962.0,48962.0,48962.0,48962.0,48962.0,48962.0,48962.0,48962.0,48962.0,48962.0,48962.0,48962.0,48962.0,48962.0,48962.0,48962.0,48962.0,48962.0,48962.0,48962.0,48962.0,48962.0,48962.0,48962.0,48962.0,48962.0,48962.0,48962.0,48962.0,48962.0,48962.0,48962.0,48962.0,48962.0,48962.0,48962.0,48962.0,48962.0,48962.0,48962.0,48962.0,48962.0,48962.0,48962.0,48962.0,48962.0,48962.0,48962.0,48962.0,48962.0,48962.0,48962.0,48962.0,48962.0,48962.0,48962.0,48962.0,48962.0,48962.0,48962.0,48962.0,48962.0,48962.0,48962.0,48962.0,48962.0,48962.0,48962.0,48962.0,48962.0,48962.0,48962.0,,48962.0,48962.0,48962.0,48962.0,48962.0,48962.0,48962.0,48962.0,48962.0,48962.0,48962.0,48962.0,48962.0,48962.0,48962.0,48962.0,48962.0,48962.0,48962.0,48962.0,48962.0,48962.0,48962.0,48962.0,48962.0,48962.0,48962.0,48962.0,48962.0,48962.0,48962.0,48962.0,48962.0,48962.0,48962.0,48962.0,48962.0,48962.0,48962.0,48962.0,48962.0,48962.0,48962.0,48962.0,48962.0,48962.0,48962.0,48962.0,48962.0,48962.0,48962.0,48962.0,48962.0,48962.0,48962.0,48962.0,48962.0,48962.0,48962.0,48962.0,48962.0,48962.0,48962.0,48962.0,48962.0,48962.0,48962.0,48962.0,48962.0,48962.0,48962.0,48962.0,48962.0,48962.0,48962.0,48962.0,48962.0,48962.0,48962.0,48962.0,48962.0,48962.0,48962.0,48962.0,48962.0,48962.0,48962.0,48962.0,48962.0,48962.0,48962.0,48962.0,48962.0,48962.0,48962.0,48962.0,48962.0,48962.0,48962.0,48962.0,48962.0,48962.0,48962.0,48962.0,48962.0,48962.0,48962.0,48962.0,48962.0,48962.0,48962.0,48962.0,48962.0,48962
rO1ANdXvdTg,18893301.0,18901941.0,18911716.0,18921430.0,18930048.0,18939044.0,18947783.0,18956659.0,18965928.0,18975655.0,18985323.0,18993561.0,19002040.0,19010420.0,19019250.0,19028006.0,19037709.0,19046288.0,19053782.0,19061562.0,19070045.0,19079283.0,19088091.0,19097374.0,19106022.0,19113477.0,19121469.0,19129670.0,19137944.0,19146316.0,19154676.0,19162429.0,19169610.0,19176764.0,19184162.0,19191781.0,19200083.0,19209039.0,19217581.0,19225274.0,19232955.0,19241061.0,19249232.0,19257773.0,19266721.0,19275091.0,19282940.0,19291198.0,19299119.0,19307607.0,19315883.0,19325316.0,19333553.0,19341045.0,19348804.0,19356900.0,19365185.0,19373867.0,19383514.0,19392832.0,19401175.0,19409886.0,19419135.0,19428370.0,19437508.0,19446884.0,19456015.0,19464064.0,19471229.0,19480349.0,19489083.0,19497608.0,19506539.0,19514958.0,19523013.0,19531316.0,19539861.0,19548769.0,19557692.0,19566597.0,19575278.0,19583339.0,19591451.0,19599798.0,19608160.0,19616257.0,19624758.0,19632807.0,19640150.0,19647464.0,19654963.0,19662706.0,19670296.0,19678623.0,19686409.0,19693528.0,19700998.0,19708708.0,19716557.0,19724279.0,19732670.0,19740856.0,19748208.0,19755917.0,19763502.0,19771237.0,19779547.0,19789696.0,19798985.0,19806715.0,19815103.0,19823191.0,19830894.0,19839141.0,19847887.0,19855650.0,19862453.0,19869718.0,19877040.0,19884316.0,19891782.0,19899647.0,19906879.0,19913948.0,19921053.0,19928154.0,19935211.0,19942818.0,19950927.0,19958387.0,19964977.0,19971905.0,19978774.0,19985763.0,,,,,,,,,20049648.0,20056945.0,20063139.0,20069365.0,20075517.0,20081320.0,20086770.0,20092635.0,20098646.0,20104147.0,20109877.0,20115481.0,20121796.0,20129053.0,20137442.0,20144844.0,20151740.0,20158571.0,20165950.0,20173221.0,20181503.0,20191308.0,20200564.0,20208731.0,20217277.0,20225947.0,20234771.0,20242672.0,20249222.0,20255505.0,20261234.0,20267423.0,20273904.0,20280113.0,20286520.0,20293314.0,20299585.0,20304893.0,20310547.0,20316396.0,20322534.0,20328626.0,20335298.0,20341380.0,20346850.0,20352623.0,20358548.0,20364736.0,20371533.0,20379400.0,20386320.0,20392693.0,20399521.0,20406968.0,20414059.0,20420587.0,20427039.0,20433373.0,20439019.0,20444925.0,20450952.0,20455995.0,20461090.0,20466392.0,20471660.0,20477069.0,20482760.0,20488610.0,20495201.0,20500407.0,20505944.0,20511439.0,20516514.0,20521965.0,20527746.0,20533632.0,20539811.0,20546280.0,20552612.0,20558170.0,20564288.0,20570100.0,20576403.0,20583629.0,20590844.0,20597874.0,20603499.0,20609064.0,20614847.0,20620707.0,20626635.0,20633057.0,20639244.0,20644650.0,20650393.0,20656313.0,20662076.0,20674621.0,20696087.0,20715180.0,20732425.0,20749332.0,20766602.0,20784187.0,20797236.0,20803091.0,20808516.0,20813525.0,20818819.0,20824215.0,20829825.0,20835554.0,20841782.0,20847532.0,20852743.0,20857963.0,20863359.0,20868744.0,20874534.0,20881188.0,20887344.0,,20899137.0,20905402.0,20911536.0,20918299.0,20925706.0,20932016.0,20937732.0,20943909.0,20950047.0,20956232.0,20964671.0,20975763.0,20985340.0,20994146.0,21003439.0,21013475.0,21023255.0,21031824.0,21039338.0,21046329.0,21052556.0,21059177.0,21065663.0,21072467.0,21079380.0,21086495.0,21093490.0,21099743.0,21105999.0,21112671.0,21119458.0,21125965.0,21132946.0,21138925.0,21144736.0,21157461.0,21167922.0,21178442.0,21190744.0,21203285.0,21214537.0,21225156.0,21236178.0,21247303.0,21263103.0,21277993.0,21284572.0,21290549.0,21295918.0,21301641.0,21307450.0,21313600.0,21319610.0,21326291.0,21332440.0,21337869.0,21343495.0,21349563.0,21355658.0,21362568.0,21369943.0,21377000.0,21383566.0,21390138.0,21396810.0,21403180.0,21409573.0,21415563.0,21420937.0,21426037.0,21431254.0,21436520.0,21441994.0,21447763.0,21454324.0,21460871.0,21466946.0,21473065.0,21479332.0,21485331.0,21491859.0,21498680.0,21504788.0,21510485.0,21516654.0,21523023.0,21529471.0,21536210.0,21543107.0,21549976.0,21556313.0,21562332.0,21568478.0,21574451.0,21580372.0,21587134.0,21593209.0,21598777.0,21604658.0,21610822.0,21616789.0,21622661.0,21628685.0,21634208.0,21639449.0,21644730.0,21650140.0,21655675.0,21661384.0,21667183.0,21672357.0,21677407.0,21682685.0,21688034
Ys1mf72_1cY,325974.0,326058.0,326146.0,326238.0,326364.0,326488.0,326601.0,326699.0,326779.0,326874.0,326949.0,327049.0,327152.0,327234.0,327339.0,327420.0,327536.0,327632.0,327713.0,327823.0,327920.0,328021.0,328121.0,328205.0,328301.0,328412.0,328516.0,328613.0,328692.0,328796.0,328916.0,329016.0,329157.0,329290.0,329409.0,329532.0,329641.0,329769.0,329869.0,329966.0,330082.0,330200.0,330319.0,330450.0,330547.0,330652.0,330758.0,330846.0,330930.0,331011.0,331110.0,331206.0,331290.0,331354.0,331429.0,331504.0,331585.0,331672.0,331758.0,331830.0,331901.0,331994.0,332093.0,332180.0,332260.0,332335.0,332408.0,332486.0,332576.0,332681.0,332772.0,332870.0,332951.0,333035.0,333113.0,333194.0,333331.0,333460.0,333566.0,333670.0,333753.0,333877.0,334003.0,334116.0,334303.0,334481.0,334635.0,334741.0,334860.0,334958.0,335054.0,335152.0,335325.0,335429.0,335537.0,335653.0,335744.0,335832.0,335910.0,336012.0,336100.0,336194.0,336291.0,336367.0,336449.0,336546.0,336632.0,336731.0,336817.0,336915.0,336973.0,337068.0,337143.0,337211.0,337285.0,337362.0,337443.0,337528.0,337593.0,337663.0,337738.0,337799.0,337868.0,337931.0,338003.0,338082.0,338162.0,338242.0,338320.0,338380.0,338464.0,338553.0,338618.0,338710.0,,,,,,,,,339398.0,339448.0,339511.0,339577.0,339638.0,339709.0,339781.0,339837.0,339902.0,339955.0,340026.0,340096.0,340165.0,340215.0,340261.0,340315.0,340390.0,340443.0,340509.0,340570.0,340636.0,340691.0,340764.0,340823.0,340871.0,340936.0,340995.0,341070.0,341135.0,341209.0,341273.0,341350.0,341412.0,341458.0,341529.0,341614.0,341678.0,341748.0,341816.0,341901.0,341971.0,342036.0,342121.0,342201.0,342274.0,342338.0,342410.0,342487.0,342542.0,342606.0,342654.0,342719.0,342776.0,342844.0,342904.0,342952.0,342988.0,343029.0,343090.0,343146.0,343187.0,343238.0,343279.0,343329.0,343378.0,343446.0,343493.0,343556.0,343601.0,343647.0,343692.0,343741.0,343781.0,343831.0,343905.0,343947.0,344001.0,344047.0,344093.0,344158.0,344212.0,344251.0,344317.0,344384.0,344441.0,344486.0,344555.0,344602.0,344639.0,344706.0,344759.0,344813.0,344872.0,344915.0,344970.0,345036.0,345104.0,345161.0,345212.0,345269.0,345316.0,345369.0,345426.0,345486.0,345542.0,345591.0,345656.0,345703.0,345741.0,345783.0,345829.0,345873.0,345917.0,345965.0,346022.0,346075.0,346117.0,346173.0,346207.0,346255.0,346327.0,,346473.0,346552.0,346639.0,346707.0,346775.0,346848.0,346918.0,346965.0,347017.0,347078.0,347139.0,347266.0,347327.0,347385.0,347449.0,347541.0,347613.0,347670.0,347742.0,347804.0,347860.0,347921.0,347971.0,348034.0,348079.0,348142.0,348198.0,348242.0,348317.0,348411.0,348488.0,348561.0,348637.0,348687.0,348751.0,348843.0,348924.0,348992.0,349064.0,349116.0,349173.0,349221.0,349285.0,349323.0,349392.0,349440.0,349509.0,349565.0,349633.0,349708.0,349780.0,349847.0,349922.0,349984.0,350037.0,350074.0,350130.0,350179.0,350226.0,350293.0,350352.0,350392.0,350442.0,350489.0,350539.0,350593.0,350645.0,350706.0,350754.0,350803.0,350868.0,350986.0,351107.0,351290.0,351439.0,351591.0,351734.0,351833.0,351957.0,352049.0,352155.0,352266.0,352376.0,352486.0,352584.0,352695.0,352774.0,352898.0,352992.0,353076.0,353159.0,353277.0,353379.0,353470.0,353566.0,353667.0,353787.0,353944.0,354039.0,354160.0,354253.0,354347.0,354428.0,354488.0,354582.0,354663.0,354757.0,354813.0,354878.0,354953.0,355026.0,355098.0,355195.0,355303
3T38hsu2mh4,1986.0,1986.0,1987.0,1988.0,1989.0,1989.0,1990.0,1990.0,1990.0,1990.0,1994.0,1994.0,1994.0,1995.0,1997.0,2000.0,2003.0,2005.0,2005.0,2007.0,2008.0,2009.0,2009.0,2010.0,2012.0,2012.0,2013.0,2013.0,2014.0,2014.0,2015.0,2015.0,2016.0,2016.0,2017.0,2017.0,2018.0,2018.0,2018.0,2018.0,2018.0,2018.0,2020.0,2021.0,2022.0,2022.0,2023.0,2024.0,2025.0,2025.0,2025.0,2025.0,2025.0,2025.0,2025.0,2026.0,2026.0,2026.0,2027.0,2028.0,2029.0,2030.0,2030.0,2030.0,2030.0,2032.0,2032.0,2032.0,2032.0,2032.0,2033.0,2033.0,2034.0,2034.0,2035.0,2036.0,2037.0,2039.0,2039.0,2039.0,2040.0,2040.0,2040.0,2040.0,2041.0,2041.0,2041.0,2041.0,2041.0,2043.0,2043.0,2043.0,2044.0,2044.0,2045.0,2045.0,2045.0,2048.0,2051.0,2052.0,2052.0,2053.0,2053.0,2054.0,2054.0,2054.0,2054.0,2054.0,2054.0,2054.0,2056.0,2057.0,2057.0,2057.0,2059.0,2059.0,2059.0,2060.0,2060.0,2060.0,2061.0,2061.0,2062.0,2062.0,2062.0,2063.0,2063.0,2063.0,2063.0,2063.0,2063.0,2063.0,2063.0,2064.0,,,,,,,,,2069.0,2069.0,2069.0,2069.0,2069.0,2069.0,2069.0,2069.0,2072.0,2072.0,2072.0,2072.0,2072.0,2072.0,2072.0,2072.0,2073.0,2073.0,2073.0,2074.0,2074.0,2074.0,2074.0,2074.0,2074.0,2075.0,2075.0,2075.0,2075.0,2075.0,2075.0,2075.0,2075.0,2075.0,2075.0,2076.0,2076.0,2076.0,2076.0,2076.0,2078.0,2079.0,2079.0,2079.0,2079.0,2079.0,2079.0,2079.0,2080.0,2080.0,2081.0,2081.0,2081.0,2081.0,2081.0,2081.0,2082.0,2082.0,2082.0,2083.0,2085.0,2086.0,2086.0,2086.0,2086.0,2086.0,2086.0,2086.0,2086.0,2086.0,2086.0,2086.0,2086.0,2088.0,2088.0,2089.0,2089.0,2089.0,2089.0,2089.0,2089.0,2089.0,2089.0,2089.0,2089.0,2089.0,2089.0,2089.0,2089.0,2089.0,2090.0,2090.0,2091.0,2092.0,2093.0,2093.0,2094.0,2094.0,2096.0,2097.0,2097.0,2098.0,2098.0,2098.0,2100.0,2100.0,2100.0,2100.0,2100.0,2101.0,2102.0,2104.0,2104.0,2104.0,2104.0,2104.0,2104.0,2110.0,2110.0,2110.0,2112.0,,2112.0,2112.0,2112.0,2113.0,2113.0,2113.0,2113.0,2113.0,2113.0,2115.0,2115.0,2115.0,2115.0,2115.0,2115.0,2115.0,2115.0,2115.0,2115.0,2115.0,2115.0,2115.0,2115.0,2116.0,2116.0,2116.0,2116.0,2116.0,2116.0,2117.0,2117.0,2118.0,2118.0,2118.0,2118.0,2118.0,2118.0,2118.0,2118.0,2118.0,2120.0,2121.0,2121.0,2123.0,2135.0,2138.0,2138.0,2138.0,2139.0,2144.0,2151.0,2153.0,2155.0,2155.0,2162.0,2165.0,2165.0,2166.0,2166.0,2166.0,2166.0,2166.0,2167.0,2167.0,2167.0,2168.0,2169.0,2172.0,2173.0,2174.0,2177.0,2178.0,2179.0,2181.0,2191.0,2196.0,2196.0,2197.0,2197.0,2198.0,2198.0,2198.0,2198.0,2198.0,2201.0,2203.0,2203.0,2206.0,2207.0,2207.0,2208.0,2209.0,2209.0,2209.0,2209.0,2209.0,2209.0,2209.0,2209.0,2209.0,2209.0,2209.0,2209.0,2209.0,2209.0,2210.0,2210.0,2210.0,2210.0,2211.0,2213.0,2213.0,2214.0,2215
99bDeVuLU0s,7149.0,7152.0,7154.0,7155.0,7157.0,7161.0,7164.0,7167.0,7171.0,7176.0,7178.0,7181.0,7184.0,7185.0,7188.0,7192.0,7196.0,7198.0,7199.0,7201.0,7206.0,7209.0,7211.0,7214.0,7219.0,7220.0,7222.0,7226.0,7231.0,7236.0,7238.0,7240.0,7244.0,7247.0,7252.0,7255.0,7259.0,7263.0,7265.0,7271.0,7273.0,7279.0,7284.0,7298.0,7303.0,7307.0,7311.0,7325.0,7330.0,7334.0,7339.0,7343.0,7346.0,7351.0,7354.0,7361.0,7364.0,7366.0,7371.0,7378.0,7381.0,7382.0,7388.0,7391.0,7394.0,7398.0,7400.0,7402.0,7404.0,7407.0,7409.0,7411.0,7414.0,7417.0,7418.0,7419.0,7421.0,7424.0,7429.0,7435.0,7442.0,7444.0,7448.0,7455.0,7457.0,7461.0,7463.0,7466.0,7469.0,7470.0,7472.0,7475.0,7475.0,7477.0,7481.0,7485.0,7487.0,7491.0,7494.0,7500.0,7505.0,7510.0,7512.0,7514.0,7517.0,7520.0,7523.0,7525.0,7530.0,7531.0,7536.0,7541.0,7543.0,7547.0,7550.0,7554.0,7558.0,7559.0,7561.0,7564.0,7566.0,7569.0,7572.0,7576.0,7577.0,7580.0,7582.0,7584.0,7585.0,7587.0,7594.0,7599.0,7602.0,7603.0,,,,,,,,,7631.0,7634.0,7638.0,7642.0,7644.0,7648.0,7653.0,7657.0,7659.0,7661.0,7664.0,7666.0,7671.0,7674.0,7676.0,7680.0,7682.0,7682.0,7684.0,7687.0,7692.0,7693.0,7695.0,7698.0,7702.0,7706.0,7709.0,7715.0,7719.0,7721.0,7728.0,7732.0,7735.0,7740.0,7745.0,7748.0,7752.0,7757.0,7766.0,7770.0,7775.0,7780.0,7785.0,7786.0,7790.0,7794.0,7799.0,7803.0,7805.0,7806.0,7811.0,7816.0,7819.0,7824.0,7828.0,7830.0,7836.0,7841.0,7845.0,7848.0,7853.0,7854.0,7855.0,7861.0,7863.0,7868.0,7869.0,7873.0,7876.0,7879.0,7882.0,7884.0,7888.0,7892.0,7895.0,7897.0,7899.0,7904.0,7910.0,7917.0,7920.0,7925.0,7928.0,7931.0,7934.0,7935.0,7940.0,7943.0,7945.0,7947.0,7950.0,7952.0,7953.0,7955.0,7959.0,7963.0,7970.0,7975.0,7980.0,7984.0,7993.0,7998.0,8001.0,8004.0,8009.0,8012.0,8016.0,8018.0,8021.0,8028.0,8034.0,8039.0,8042.0,8044.0,8046.0,8048.0,8050.0,8056.0,8059.0,8063.0,8065.0,,8071.0,8073.0,8076.0,8078.0,8081.0,8082.0,8085.0,8088.0,8091.0,8096.0,8103.0,8103.0,8105.0,8109.0,8112.0,8115.0,8119.0,8124.0,8127.0,8130.0,8133.0,8135.0,8139.0,8141.0,8142.0,8143.0,8147.0,8150.0,8153.0,8155.0,8158.0,8159.0,8162.0,8166.0,8170.0,8173.0,8176.0,8179.0,8182.0,8184.0,8185.0,8189.0,8191.0,8194.0,8197.0,8207.0,8216.0,8220.0,8224.0,8232.0,8237.0,8243.0,8246.0,8250.0,8255.0,8258.0,8265.0,8268.0,8272.0,8280.0,8284.0,8288.0,8292.0,8296.0,8302.0,8305.0,8310.0,8313.0,8316.0,8319.0,8322.0,8325.0,8329.0,8332.0,8334.0,8335.0,8336.0,8338.0,8341.0,8344.0,8345.0,8349.0,8352.0,8354.0,8357.0,8361.0,8365.0,8367.0,8368.0,8372.0,8373.0,8382.0,8385.0,8387.0,8391.0,8395.0,8397.0,8401.0,8407.0,8412.0,8414.0,8418.0,8422.0,8423.0,8429.0,8430.0,8435.0,8438.0,8441.0,8443.0,8447.0,8450.0,8452.0,8454
zvA97v9NVDM,8239.0,8252.0,8263.0,8280.0,8290.0,8301.0,8314.0,8323.0,8329.0,8336.0,8351.0,8366.0,8379.0,8397.0,8416.0,8436.0,8443.0,8454.0,8466.0,8479.0,8489.0,8497.0,8505.0,8513.0,8516.0,8525.0,8533.0,8545.0,8555.0,8565.0,8582.0,8595.0,8610.0,8628.0,8638.0,8663.0,8677.0,8687.0,8695.0,8707.0,8728.0,8747.0,8755.0,8771.0,8778.0,8788.0,8797.0,8812.0,8818.0,8830.0,8845.0,8857.0,8864.0,8876.0,8886.0,8898.0,8913.0,8926.0,8939.0,8945.0,8958.0,8969.0,8984.0,8995.0,9010.0,9018.0,9030.0,9038.0,9060.0,9118.0,9151.0,9167.0,9188.0,9197.0,9205.0,9214.0,9227.0,9264.0,9285.0,9302.0,9311.0,9324.0,9338.0,9355.0,9369.0,9387.0,9407.0,9417.0,9430.0,9443.0,9457.0,9468.0,9475.0,9490.0,9517.0,9554.0,9559.0,9575.0,9594.0,9610.0,9627.0,9641.0,9653.0,9665.0,9676.0,9687.0,9703.0,9718.0,9731.0,9741.0,9751.0,9760.0,9790.0,9836.0,9849.0,9859.0,9868.0,9878.0,9887.0,9893.0,9931.0,9944.0,9951.0,9959.0,9969.0,9973.0,9980.0,9992.0,10000.0,10012.0,10024.0,10038.0,10053.0,10070.0,,,,,,,,,10212.0,10218.0,10229.0,10240.0,10263.0,10269.0,10297.0,10317.0,10336.0,10342.0,10346.0,10353.0,10356.0,10364.0,10375.0,10381.0,10385.0,10397.0,10405.0,10408.0,10411.0,10422.0,10427.0,10432.0,10435.0,10438.0,10446.0,10448.0,10453.0,10459.0,10463.0,10467.0,10470.0,10472.0,10474.0,10476.0,10480.0,10484.0,10484.0,10490.0,10494.0,10498.0,10505.0,10513.0,10519.0,10523.0,10527.0,10532.0,10532.0,10536.0,10541.0,10544.0,10548.0,10553.0,10563.0,10566.0,10570.0,10577.0,10579.0,10583.0,10592.0,10593.0,10596.0,10601.0,10603.0,10605.0,10607.0,10611.0,10613.0,10614.0,10617.0,10621.0,10629.0,10634.0,10637.0,10640.0,10645.0,10649.0,10658.0,10660.0,10666.0,10668.0,10672.0,10679.0,10691.0,10702.0,10712.0,10717.0,10724.0,10735.0,10743.0,10753.0,10756.0,10764.0,10771.0,10778.0,10787.0,10794.0,10804.0,10809.0,10815.0,10823.0,10829.0,10832.0,10839.0,10844.0,10851.0,10855.0,10859.0,10862.0,10867.0,10871.0,10877.0,10883.0,10887.0,10897.0,10902.0,10908.0,10921.0,10925.0,10938.0,,10944.0,10953.0,10967.0,10981.0,10995.0,11003.0,11013.0,11022.0,11030.0,11041.0,11051.0,11056.0,11067.0,11074.0,11084.0,11096.0,11099.0,11116.0,11124.0,11137.0,11146.0,11156.0,11162.0,11174.0,11183.0,11189.0,11195.0,11201.0,11210.0,11221.0,11236.0,11247.0,11259.0,11263.0,11275.0,11281.0,11286.0,11298.0,11306.0,11314.0,11323.0,11325.0,11330.0,11333.0,11344.0,11351.0,11364.0,11378.0,11394.0,11405.0,11412.0,11417.0,11428.0,11434.0,11443.0,11450.0,11459.0,11466.0,11476.0,11483.0,11492.0,11499.0,11508.0,11515.0,11523.0,11541.0,11549.0,11555.0,11562.0,11578.0,11583.0,11600.0,11607.0,11617.0,11633.0,11645.0,11650.0,11652.0,11660.0,11674.0,11688.0,11693.0,11700.0,11709.0,11715.0,11722.0,11733.0,11740.0,11749.0,11755.0,11760.0,11769.0,11774.0,11780.0,11787.0,11791.0,11798.0,11807.0,11817.0,11820.0,11829.0,11837.0,11842.0,11852.0,11858.0,11867.0,11875.0,11894.0,11904.0,11915.0,11936.0,11950.0,11964.0,11974
SEbsT_SVxSk,17833.0,17879.0,17921.0,17952.0,17981.0,18009.0,18050.0,18087.0,18116.0,18140.0,18168.0,18204.0,18229.0,18272.0,18305.0,18328.0,18356.0,18391.0,18424.0,18469.0,18501.0,18543.0,18575.0,18597.0,18616.0,18651.0,18675.0,18715.0,18770.0,18820.0,18853.0,18870.0,18906.0,18932.0,18958.0,18981.0,19025.0,19057.0,19081.0,19108.0,19139.0,19166.0,19200.0,19229.0,19263.0,19289.0,19316.0,19348.0,19385.0,19409.0,19435.0,19462.0,19483.0,19504.0,19531.0,19544.0,19564.0,19589.0,19609.0,19637.0,19653.0,19674.0,19691.0,19712.0,19732.0,19752.0,19770.0,19783.0,19796.0,19812.0,19824.0,19840.0,19853.0,19859.0,19870.0,19883.0,19894.0,19909.0,19929.0,19947.0,19961.0,19977.0,19995.0,20015.0,20039.0,20059.0,20075.0,20097.0,20119.0,20145.0,20158.0,20179.0,20204.0,20229.0,20264.0,20286.0,20316.0,20344.0,20380.0,20399.0,20414.0,20427.0,20446.0,20467.0,20479.0,20493.0,20499.0,20515.0,20526.0,20536.0,20554.0,20569.0,20580.0,20601.0,20621.0,20630.0,20639.0,20660.0,20677.0,20692.0,20704.0,20712.0,20729.0,20736.0,20748.0,20756.0,20768.0,20777.0,20790.0,20801.0,20814.0,20831.0,20852.0,20868.0,,,,,,,,,21011.0,21025.0,21037.0,21050.0,21076.0,21103.0,21131.0,21158.0,21177.0,21189.0,21219.0,21244.0,21266.0,21283.0,21299.0,21314.0,21325.0,21338.0,21357.0,21369.0,21388.0,21402.0,21422.0,21428.0,21442.0,21466.0,21474.0,21500.0,21518.0,21530.0,21554.0,21675.0,21730.0,21742.0,21761.0,21778.0,21784.0,21792.0,21807.0,21824.0,21837.0,21852.0,21864.0,21872.0,21890.0,21901.0,21917.0,21937.0,21950.0,21961.0,21973.0,21986.0,21996.0,22014.0,22032.0,22050.0,22060.0,22072.0,22077.0,22085.0,22121.0,22131.0,22139.0,22157.0,22175.0,22189.0,22197.0,22204.0,22216.0,22228.0,22241.0,22251.0,22263.0,22283.0,22297.0,22306.0,22321.0,22331.0,22338.0,22347.0,22358.0,22371.0,22387.0,22404.0,22410.0,22414.0,22423.0,22434.0,22450.0,22464.0,22480.0,22488.0,22499.0,22525.0,22546.0,22565.0,22599.0,22619.0,22633.0,22645.0,22661.0,22677.0,22700.0,22722.0,22750.0,22761.0,22777.0,22787.0,22797.0,22815.0,22831.0,22851.0,22869.0,22885.0,22891.0,22905.0,22927.0,22941.0,22968.0,22983.0,22991.0,,23016.0,23031.0,23047.0,23067.0,23075.0,23080.0,23095.0,23102.0,23114.0,23130.0,23148.0,23164.0,23178.0,23184.0,23188.0,23195.0,23204.0,23223.0,23235.0,23245.0,23254.0,23266.0,23277.0,23298.0,23312.0,23317.0,23327.0,23339.0,23350.0,23361.0,23376.0,23389.0,23397.0,23410.0,23417.0,23439.0,23460.0,23484.0,23505.0,23510.0,23523.0,23536.0,23552.0,23572.0,23596.0,23606.0,23617.0,23637.0,23672.0,23696.0,23704.0,23720.0,23735.0,23757.0,23759.0,23782.0,23808.0,23820.0,23834.0,23847.0,23865.0,23870.0,23881.0,23896.0,23911.0,23928.0,23969.0,24001.0,24031.0,24075.0,24100.0,24136.0,24155.0,24190.0,24220.0,24251.0,24275.0,24296.0,24321.0,24337.0,24359.0,24385.0,24400.0,24418.0,24434.0,24444.0,24456.0,24468.0,24480.0,24491.0,24504.0,24525.0,24545.0,24576.0,24597.0,24615.0,24629.0,24646.0,24669.0,24685.0,24697.0,24722.0,24740.0,24766.0,24783.0,24796.0,24806.0,24826.0,24847.0,24857.0,24867.0,24879.0,24894.0,24901
LJ4YWaOkelU,,,,,,,,,,,,,,,,,,,,,,,,,,,,,,,,,,,,,,,,,,,,,,,,,,,,,,,,,,,,,,,,,,,,,,,,,,,,,,,,,,,,,,,,,,,,,,,,,,,,,,,,,,,,,,,,,,,,,,,,,,,,,,,,,,,,,,,,,,,,,,,,,,,,,,,,,,,,,,,,,,,,,,,,,,,,,,,,,,,,,,,,,,,,,,,,,,,,,,,,,,,,,,,,,,,,,,,,,,,,,,,,,,,,,,,,,,,,,,,,,,,,,,,,,,,,,,,,,,,,,,,,,,,,,,,,,,,,,,,,,,,,,,,,,,,,,,,,,,,,,,,,,,,,,,,,,,,,,,,,,,,,,,,,,,,,,,,,,,,,,,,,,,,,,,,,,,,,,,,,,,,,,,,,,,,,,,,,,,
KHRZsUAkZPQ,352334.0,352377.0,352422.0,352460.0,352510.0,352556.0,352605.0,352651.0,352703.0,352745.0,352799.0,352840.0,352898.0,352938.0,352966.0,353009.0,353049.0,353082.0,353115.0,353146.0,353175.0,353222.0,353259.0,353294.0,353335.0,353369.0,353404.0,353448.0,353496.0,353531.0,353562.0,353592.0,353626.0,353669.0,353708.0,353746.0,353791.0,353827.0,353861.0,353915.0,353967.0,354004.0,354049.0,354092.0,354123.0,354168.0,354197.0,354236.0,354265.0,354290.0,354322.0,354366.0,354397.0,354428.0,354455.0,354485.0,354520.0,354546.0,354577.0,354617.0,354659.0,354687.0,354711.0,354755.0,354784.0,354827.0,354856.0,354881.0,354918.0,354954.0,355002.0,355053.0,355110.0,355155.0,355196.0,355235.0,355275.0,355313.0,355358.0,355386.0,355421.0,355452.0,355488.0,355526.0,355550.0,355584.0,355621.0,355657.0,355690.0,355722.0,355749.0,355781.0,355816.0,355855.0,355888.0,355924.0,355968.0,356015.0,356049.0,356087.0,356122.0,356147.0,356179.0,356212.0,356249.0,356277.0,356310.0,356336.0,356355.0,356388.0,356416.0,356455.0,356486.0,356512.0,356542.0,356562.0,356583.0,356609.0,356632.0,356656.0,356670.0,356697.0,356720.0,356746.0,356780.0,356820.0,356860.0,356890.0,356912.0,356945.0,356973.0,356995.0,357026.0,357055.0,,,,,,,,,357335.0,357362.0,357388.0,357407.0,357436.0,357465.0,357491.0,357510.0,357548.0,357589.0,357631.0,357660.0,357694.0,357730.0,357764.0,357787.0,357817.0,357850.0,357877.0,357907.0,357930.0,357957.0,357981.0,358007.0,358038.0,358080.0,358114.0,358137.0,358156.0,358181.0,358205.0,358230.0,358262.0,358295.0,358329.0,358351.0,358384.0,358408.0,358436.0,358455.0,358489.0,358519.0,358550.0,358575.0,358600.0,358630.0,358658.0,358679.0,358698.0,358720.0,358742.0,358768.0,358789.0,358806.0,358832.0,358859.0,358891.0,358916.0,358939.0,358965.0,358986.0,359014.0,359029.0,359047.0,359071.0,359089.0,359116.0,359136.0,359157.0,359181.0,359202.0,359230.0,359245.0,359271.0,359289.0,359314.0,359337.0,359368.0,359386.0,359412.0,359441.0,359473.0,359495.0,359536.0,359564.0,359588.0,359615.0,359644.0,359666.0,359690.0,359718.0,359744.0,359768.0,359791.0,359819.0,359844.0,359862.0,359890.0,359913.0,359926.0,359953.0,359983.0,360004.0,360025.0,360051.0,360075.0,360097.0,360121.0,360144.0,360158.0,360186.0,360214.0,360236.0,360259.0,360279.0,360300.0,360318.0,360332.0,360368.0,360389.0,360422.0,,360472.0,360502.0,360527.0,360545.0,360568.0,360597.0,360618.0,360637.0,360656.0,360678.0,360712.0,360734.0,360766.0,360791.0,360822.0,360843.0,360869.0,360895.0,360914.0,360936.0,360963.0,360982.0,361005.0,361022.0,361042.0,361063.0,361075.0,361097.0,361112.0,361139.0,361167.0,361188.0,361215.0,361241.0,361264.0,361293.0,361331.0,361355.0,361380.0,361413.0,361442.0,361465.0,361496.0,361531.0,361546.0,361573.0,361598.0,361619.0,361641.0,361679.0,361703.0,361722.0,361755.0,361783.0,361820.0,361857.0,361885.0,361906.0,361922.0,361947.0,361972.0,361993.0,362026.0,362052.0,362081.0,362105.0,362134.0,362158.0,362177.0,362199.0,362216.0,362235.0,362252.0,362268.0,362285.0,362312.0,362334.0,362363.0,362396.0,362418.0,362442.0,362476.0,362508.0,362523.0,362541.0,362560.0,362579.0,362601.0,362619.0,362640.0,362653.0,362679.0,362694.0,362715.0,362739.0,362768.0,362794.0,362828.0,362858.0,362887.0,362919.0,362962.0,362982.0,363005.0,363024.0,363059.0,363074.0,363102.0,363125.0,363142.0,363169.0,363194.0,363213.0,363229
qbHcucimjDw,563265.0,563394.0,563536.0,563714.0,563843.0,564010.0,564158.0,564305.0,564434.0,564557.0,564657.0,564804.0,564949.0,565068.0,565174.0,565302.0,565425.0,565531.0,565661.0,565797.0,565934.0,566133.0,566268.0,566401.0,566528.0,566637.0,566785.0,566891.0,567007.0,567137.0,567257.0,567357.0,567491.0,567638.0,567768.0,567932.0,568092.0,568216.0,568360.0,568468.0,568593.0,568751.0,568880.0,569033.0,569198.0,569337.0,569459.0,569607.0,569723.0,569905.0,570027.0,570182.0,570309.0,570449.0,570647.0,570886.0,571029.0,571191.0,571336.0,571527.0,571676.0,571898.0,572198.0,572441.0,572723.0,572936.0,573118.0,573302.0,573449.0,573740.0,573920.0,574082.0,574270.0,574397.0,574557.0,574736.0,574897.0,575087.0,575283.0,575507.0,575636.0,575839.0,576025.0,576212.0,576586.0,576791.0,576988.0,577196.0,577405.0,577620.0,577831.0,578034.0,578254.0,578441.0,578696.0,578886.0,579064.0,579288.0,579485.0,579679.0,579853.0,579979.0,580143.0,580292.0,580466.0,580679.0,580897.0,581047.0,581204.0,581392.0,581536.0,581693.0,581858.0,582037.0,582179.0,582332.0,582541.0,582700.0,582870.0,583047.0,583185.0,583303.0,583441.0,583562.0,583719.0,583846.0,584007.0,584159.0,584278.0,584425.0,584557.0,584705.0,584852.0,584976.0,,,,,,,,,586361.0,586497.0,586616.0,586770.0,586922.0,587074.0,587228.0,587353.0,587473.0,587600.0,587790.0,587990.0,588150.0,588261.0,588391.0,588532.0,588672.0,588832.0,588996.0,589129.0,589296.0,589414.0,589531.0,589653.0,589832.0,589965.0,590101.0,590248.0,590351.0,590531.0,590670.0,590811.0,590988.0,591146.0,591318.0,591486.0,591625.0,591804.0,591987.0,592155.0,592316.0,592513.0,592637.0,592786.0,592957.0,593122.0,593264.0,593419.0,593556.0,593705.0,593852.0,593998.0,594126.0,594255.0,594374.0,594515.0,594638.0,594767.0,594897.0,595066.0,595221.0,595326.0,595460.0,595607.0,595717.0,595855.0,596003.0,596152.0,596289.0,596429.0,596541.0,596669.0,596793.0,596935.0,597081.0,597209.0,597351.0,597453.0,597560.0,597718.0,597906.0,598081.0,598217.0,598362.0,598485.0,598590.0,598720.0,598815.0,598972.0,599103.0,599230.0,599365.0,599468.0,599626.0,599758.0,599926.0,600005.0,600133.0,600237.0,600327.0,600427.0,600550.0,600655.0,600762.0,600886.0,601001.0,601099.0,601194.0,601301.0,601397.0,601512.0,601629.0,601730.0,601863.0,601974.0,602065.0,602169.0,602274.0,602432.0,602580.0,602707.0,,603019.0,603155.0,603293.0,603433.0,603571.0,603679.0,603785.0,603917.0,604089.0,604222.0,604402.0,604524.0,604623.0,604765.0,604893.0,605021.0,605184.0,605293.0,605433.0,605549.0,605732.0,605842.0,606000.0,606122.0,606260.0,606402.0,606546.0,606685.0,606810.0,606954.0,607090.0,607286.0,607422.0,607531.0,607701.0,607846.0,607984.0,608114.0,608275.0,608409.0,608502.0,608621.0,608798.0,608920.0,609061.0,609196.0,609327.0,609559.0,609685.0,609950.0,610221.0,610437.0,610689.0,610966.0,611217.0,611512.0,611719.0,611956.0,612178.0,612569.0,612901.0,613133.0,613448.0,613850.0,614352.0,614841.0,615092.0,615366.0,615612.0,615898.0,616197.0,616559.0,616878.0,617138.0,617416.0,617798.0,618254.0,618651.0,619038.0,619430.0,619739.0,620038.0,620289.0,620557.0,620758.0,621009.0,621199.0,621396.0,621546.0,621688.0,621854.0,622041.0,622266.0,622496.0,622720.0,622928.0,623178.0,623386.0,623591.0,623804.0,624014.0,624228.0,624407.0,624625.0,624852.0,625102.0,625355.0,625590.0,625816.0,626093.0,626264.0,626509.0,626763.0,626957
FCztPaj5LG4,42369.0,42417.0,42496.0,42556.0,42596.0,42662.0,42723.0,42780.0,42837.0,42890.0,42938.0,43001.0,43046.0,43086.0,43147.0,43200.0,43254.0,43308.0,43362.0,43421.0,43470.0,43521.0,43564.0,43621.0,43664.0,43702.0,43747.0,43796.0,43848.0,43913.0,43953.0,43991.0,44028.0,44074.0,44117.0,44177.0,44270.0,44316.0,44376.0,44417.0,44450.0,44491.0,44523.0,44549.0,44587.0,44628.0,44656.0,44700.0,44748.0,44798.0,44843.0,44876.0,44919.0,44938.0,44977.0,45017.0,45047.0,45078.0,45114.0,45144.0,45170.0,45230.0,45271.0,45318.0,45373.0,45413.0,45444.0,45478.0,45511.0,45548.0,45582.0,45617.0,45652.0,45676.0,45714.0,45735.0,45769.0,45797.0,45834.0,45877.0,45911.0,45946.0,45992.0,46023.0,46066.0,46115.0,46165.0,46194.0,46221.0,46260.0,46307.0,46363.0,46412.0,46463.0,46499.0,46543.0,46585.0,46634.0,46669.0,46708.0,46761.0,46794.0,46832.0,46864.0,46892.0,46933.0,46963.0,47000.0,47038.0,47082.0,47108.0,47156.0,47196.0,47240.0,47264.0,47289.0,47318.0,47340.0,47365.0,47390.0,47411.0,47428.0,47450.0,47471.0,47501.0,47517.0,47536.0,47564.0,47590.0,47610.0,47631.0,47652.0,47674.0,47698.0,,,,,,,,,47925.0,47943.0,47959.0,47978.0,48004.0,48028.0,48062.0,48078.0,48102.0,48121.0,48138.0,48166.0,48183.0,48214.0,48231.0,48250.0,48281.0,48312.0,48329.0,48346.0,48361.0,48376.0,48384.0,48397.0,48413.0,48430.0,48452.0,48475.0,48498.0,48521.0,48542.0,48564.0,48590.0,48611.0,48634.0,48653.0,48665.0,48678.0,48700.0,48720.0,48741.0,48763.0,48782.0,48810.0,48828.0,48853.0,48889.0,48905.0,48922.0,48937.0,48959.0,48979.0,48998.0,49011.0,49028.0,49057.0,49075.0,49090.0,49108.0,49135.0,49150.0,49168.0,49182.0,49202.0,49219.0,49254.0,49284.0,49306.0,49333.0,49351.0,49369.0,49381.0,49399.0,49425.0,49442.0,49466.0,49495.0,49516.0,49531.0,49555.0,49581.0,49602.0,49628.0,49651.0,49679.0,49691.0,49703.0,49720.0,49741.0,49766.0,49782.0,49807.0,49829.0,49868.0,49909.0,49926.0,49960.0,49978.0,50001.0,50023.0,50051.0,50077.0,50100.0,50128.0,50147.0,50173.0,50196.0,50208.0,50231.0,50256.0,50273.0,50293.0,50327.0,50357.0,50378.0,50394.0,50413.0,50426.0,50446.0,50469.0,50480.0,,50513.0,50541.0,50560.0,50573.0,50598.0,50610.0,50623.0,50641.0,50649.0,50663.0,50680.0,50691.0,50703.0,50721.0,50741.0,50753.0,50767.0,50788.0,50801.0,50811.0,50830.0,50843.0,50862.0,50881.0,50902.0,50920.0,50938.0,50952.0,50973.0,50985.0,51001.0,51023.0,51035.0,51047.0,51066.0,51079.0,51093.0,51106.0,51127.0,51140.0,51158.0,51170.0,51188.0,51211.0,51231.0,51244.0,51265.0,51286.0,51317.0,51342.0,51357.0,51385.0,51407.0,51423.0,51429.0,51451.0,51476.0,51490.0,51518.0,51539.0,51561.0,51569.0,51590.0,51606.0,51624.0,51645.0,51664.0,51688.0,51729.0,51769.0,51800.0,51831.0,51866.0,51928.0,51965.0,51985.0,52027.0,52056.0,52105.0,52141.0,52183.0,52215.0,52246.0,52274.0,52301.0,52321.0,52340.0,52369.0,52400.0,52424.0,52440.0,52461.0,52491.0,52522.0,52560.0,52583.0,52604.0,52624.0,52648.0,52681.0,52701.0,52720.0,52735.0,52762.0,52780.0,52807.0,52820.0,52837.0,52848.0,52862.0,52876.0,52891.0,52910.0,52932
d7wX4iPr5V0,353784.0,353826.0,353875.0,353927.0,353985.0,354024.0,354079.0,354129.0,354175.0,354254.0,354291.0,354345.0,354407.0,354456.0,354519.0,354564.0,354622.0,354650.0,354695.0,354756.0,354796.0,354830.0,354861.0,354916.0,354954.0,354992.0,355043.0,355103.0,355155.0,355215.0,355270.0,355319.0,355363.0,355421.0,355482.0,355534.0,355592.0,355634.0,355674.0,355714.0,355757.0,355799.0,355854.0,355906.0,355971.0,356027.0,356065.0,356117.0,356183.0,356237.0,356292.0,356355.0,356412.0,356473.0,356525.0,356588.0,356640.0,356684.0,356741.0,356794.0,356833.0,356903.0,356961.0,357016.0,357065.0,357122.0,357179.0,357255.0,357305.0,357372.0,357426.0,357494.0,357547.0,357599.0,357649.0,357698.0,357760.0,357801.0,357857.0,357904.0,357952.0,358010.0,358063.0,358115.0,358179.0,358227.0,358278.0,358311.0,358358.0,358424.0,358475.0,358540.0,358629.0,358722.0,358815.0,358884.0,358955.0,359025.0,359071.0,359151.0,359235.0,359292.0,359355.0,359424.0,359487.0,359537.0,359593.0,359630.0,359691.0,359742.0,359803.0,359863.0,359921.0,359979.0,360033.0,360073.0,360110.0,360163.0,360217.0,360273.0,360335.0,360387.0,360447.0,360488.0,360535.0,360592.0,360628.0,360675.0,360733.0,360780.0,360827.0,360864.0,360911.0,360946.0,,,,,,,,,361342.0,361381.0,361422.0,361463.0,361496.0,361543.0,361590.0,361636.0,361708.0,361773.0,361847.0,361908.0,361982.0,362066.0,362127.0,362213.0,362303.0,362352.0,362407.0,362459.0,362500.0,362541.0,362574.0,362609.0,362648.0,362675.0,362709.0,362771.0,362809.0,362843.0,362882.0,362930.0,362972.0,363007.0,363059.0,363095.0,363144.0,363187.0,363226.0,363286.0,363332.0,363376.0,363405.0,363436.0,363478.0,363507.0,363544.0,363581.0,363624.0,363669.0,363690.0,363744.0,363792.0,363830.0,363866.0,363907.0,363931.0,363978.0,364045.0,364078.0,364116.0,364157.0,364210.0,364250.0,364290.0,364333.0,364368.0,364408.0,364442.0,364474.0,364507.0,364549.0,364591.0,364630.0,364669.0,364706.0,364759.0,364799.0,364837.0,364880.0,364940.0,364991.0,365051.0,365128.0,365183.0,365225.0,365285.0,365344.0,365409.0,365452.0,365504.0,365575.0,365708.0,365862.0,365991.0,366075.0,366182.0,366259.0,366336.0,366411.0,366488.0,366540.0,366609.0,366665.0,366729.0,366773.0,366828.0,366872.0,366915.0,366990.0,367035.0,367086.0,367132.0,367184.0,367249.0,367319.0,367373.0,367426.0,367487.0,367530.0,367577.0,,367665.0,367720.0,367760.0,367817.0,367857.0,367902.0,367948.0,367992.0,368021.0,368057.0,368119.0,368161.0,368207.0,368256.0,368303.0,368343.0,368393.0,368443.0,368480.0,368514.0,368550.0,368610.0,368653.0,368689.0,368740.0,368777.0,368816.0,368860.0,368903.0,368954.0,369008.0,369059.0,369117.0,369158.0,369206.0,369254.0,369285.0,369330.0,369380.0,369418.0,369472.0,369511.0,369554.0,369600.0,369641.0,369680.0,369714.0,369751.0,369794.0,369824.0,369851.0,369893.0,369918.0,369950.0,369998.0,370033.0,370079.0,370112.0,370140.0,370181.0,370221.0,370251.0,370291.0,370323.0,370354.0,370377.0,370413.0,370427.0,370450.0,370474.0,370510.0,370543.0,370574.0,370594.0,370616.0,370643.0,370673.0,370691.0,370711.0,370747.0,370780.0,370815.0,370843.0,370872.0,370889.0,370927.0,370966.0,370999.0,371025.0,371062.0,371096.0,371127.0,371159.0,371192.0,371221.0,371253.0,371294.0,371329.0,371364.0,371402.0,371471.0,371489.0,371548.0,371573.0,371594.0,371634.0,371669.0,371701.0,371734.0,371776.0,371801.0,371836.0,371885.0,371931
axdNr-c66sE,345108.0,345152.0,345212.0,345299.0,345354.0,345391.0,345453.0,345508.0,345548.0,345612.0,345661.0,345719.0,345781.0,345817.0,345873.0,345930.0,345986.0,346038.0,346084.0,346145.0,346189.0,346238.0,346282.0,346328.0,346362.0,346397.0,346437.0,346489.0,346556.0,346607.0,346655.0,346701.0,346749.0,346795.0,346848.0,346910.0,346960.0,347004.0,347044.0,347087.0,347144.0,347181.0,347226.0,347272.0,347319.0,347365.0,347405.0,347440.0,347485.0,347532.0,347574.0,347604.0,347641.0,347672.0,347707.0,347751.0,347792.0,347833.0,347866.0,347903.0,347937.0,347972.0,348004.0,348050.0,348081.0,348138.0,348164.0,348201.0,348247.0,348314.0,348355.0,348399.0,348452.0,348521.0,348572.0,348614.0,348669.0,348708.0,348743.0,348779.0,348823.0,348870.0,348908.0,348939.0,348980.0,349024.0,349060.0,349086.0,349117.0,349147.0,349189.0,349231.0,349279.0,349354.0,349426.0,349499.0,349556.0,349606.0,349661.0,349726.0,349785.0,349827.0,349887.0,349952.0,349995.0,350045.0,350096.0,350146.0,350194.0,350233.0,350271.0,350320.0,350382.0,350445.0,350506.0,350536.0,350583.0,350656.0,350727.0,350799.0,350856.0,350938.0,351005.0,351076.0,351141.0,351186.0,351240.0,351289.0,351326.0,351361.0,351385.0,351417.0,351452.0,351485.0,,,,,,,,,351762.0,351787.0,351842.0,351945.0,352025.0,352133.0,352216.0,352267.0,352323.0,352385.0,352455.0,352518.0,352577.0,352628.0,352667.0,352705.0,352743.0,352772.0,352808.0,352833.0,352851.0,352872.0,352895.0,352922.0,352955.0,352982.0,353009.0,353042.0,353076.0,353109.0,353144.0,353166.0,353192.0,353208.0,353233.0,353255.0,353286.0,353308.0,353337.0,353375.0,353407.0,353444.0,353472.0,353494.0,353523.0,353551.0,353580.0,353610.0,353639.0,353670.0,353698.0,353732.0,353761.0,353781.0,353815.0,353847.0,353895.0,353935.0,353974.0,354012.0,354035.0,354070.0,354102.0,354130.0,354164.0,354187.0,354221.0,354243.0,354260.0,354289.0,354314.0,354347.0,354375.0,354409.0,354440.0,354467.0,354516.0,354553.0,354588.0,354612.0,354646.0,354684.0,354725.0,354770.0,354806.0,354823.0,354858.0,354898.0,354948.0,354995.0,355036.0,355083.0,355166.0,355253.0,355306.0,355372.0,355444.0,355490.0,355542.0,355583.0,355630.0,355678.0,355735.0,355770.0,355807.0,355850.0,355881.0,355922.0,355959.0,356002.0,356044.0,356090.0,356141.0,356185.0,356233.0,356273.0,356309.0,356341.0,356382.0,356415.0,356443.0,,356531.0,356570.0,356604.0,356633.0,356664.0,356698.0,356724.0,356765.0,356795.0,356834.0,356870.0,356902.0,356936.0,356972.0,357013.0,357054.0,357079.0,357122.0,357160.0,357197.0,357238.0,357275.0,357309.0,357356.0,357400.0,357433.0,357482.0,357529.0,357592.0,357634.0,357687.0,357743.0,357781.0,357811.0,357845.0,357880.0,357921.0,357958.0,357984.0,358004.0,358040.0,358068.0,358105.0,358137.0,358168.0,358202.0,358235.0,358263.0,358297.0,358341.0,358375.0,358412.0,358443.0,358479.0,358520.0,358555.0,358577.0,358605.0,358648.0,358695.0,358758.0,358809.0,358837.0,358874.0,358931.0,358970.0,359028.0,359071.0,359097.0,359120.0,359162.0,359215.0,359264.0,359300.0,359339.0,359368.0,359416.0,359476.0,359538.0,359585.0,359624.0,359651.0,359687.0,359718.0,359735.0,359760.0,359805.0,359839.0,359864.0,359901.0,359934.0,359975.0,360014.0,360052.0,360091.0,360132.0,360161.0,360205.0,360240.0,360272.0,360328.0,360354.0,360398.0,360419.0,360461.0,360496.0,360526.0,360554.0,360588.0,360625.0,360672.0,360708.0,360756.0,360795
sHyFVkdRLTo,106964.0,106980.0,106994.0,107009.0,107020.0,107040.0,107053.0,107069.0,107090.0,107109.0,107114.0,107125.0,107144.0,107160.0,107180.0,107201.0,107221.0,107232.0,107247.0,107265.0,107277.0,107300.0,107323.0,107341.0,107355.0,107371.0,107394.0,107417.0,107443.0,107470.0,107485.0,107498.0,107513.0,107528.0,107539.0,107565.0,107592.0,107614.0,107627.0,107635.0,107662.0,107681.0,107707.0,107732.0,107746.0,107763.0,107786.0,107809.0,107827.0,107859.0,107874.0,107887.0,107904.0,107925.0,107937.0,107950.0,107974.0,108001.0,108026.0,108044.0,108062.0,108075.0,108092.0,108106.0,108118.0,108133.0,108143.0,108160.0,108177.0,108194.0,108208.0,108217.0,108236.0,108255.0,108267.0,108292.0,108307.0,108323.0,108345.0,108359.0,108373.0,108390.0,108399.0,108413.0,108429.0,108449.0,108461.0,108472.0,108491.0,108508.0,108523.0,108536.0,108555.0,108579.0,108610.0,108642.0,108666.0,108694.0,108719.0,108747.0,108776.0,108793.0,108815.0,108835.0,108853.0,108876.0,108893.0,108910.0,108939.0,108948.0,108971.0,108985.0,109006.0,109029.0,109045.0,109053.0,109064.0,109089.0,109109.0,109129.0,109145.0,109157.0,109173.0,109189.0,109202.0,109212.0,109220.0,109239.0,109252.0,109267.0,109277.0,109283.0,109289.0,109296.0,,,,,,,,,109387.0,109391.0,109399.0,109408.0,109412.0,109417.0,109428.0,109437.0,109444.0,109456.0,109466.0,109478.0,109489.0,109497.0,109511.0,109519.0,109526.0,109542.0,109556.0,109568.0,109577.0,109589.0,109599.0,109607.0,109616.0,109621.0,109634.0,109654.0,109674.0,109688.0,109700.0,109716.0,109727.0,109737.0,109748.0,109759.0,109769.0,109782.0,109790.0,109803.0,109818.0,109828.0,109841.0,109848.0,109867.0,109881.0,109896.0,109914.0,109923.0,109936.0,109945.0,109957.0,109984.0,110002.0,110022.0,110036.0,110049.0,110060.0,110070.0,110088.0,110093.0,110120.0,110126.0,110133.0,110141.0,110147.0,110160.0,110167.0,110174.0,110182.0,110188.0,110194.0,110204.0,110222.0,110236.0,110250.0,110266.0,110273.0,110285.0,110298.0,110303.0,110315.0,110323.0,110333.0,110347.0,110355.0,110370.0,110384.0,110399.0,110415.0,110432.0,110454.0,110503.0,110565.0,110599.0,110624.0,110645.0,110660.0,110683.0,110696.0,110713.0,110740.0,110761.0,110776.0,110792.0,110816.0,110823.0,110842.0,110857.0,110873.0,110889.0,110906.0,110922.0,110926.0,110940.0,110955.0,110970.0,110992.0,111005.0,111016.0,111030.0,,111064.0,111083.0,111090.0,111106.0,111121.0,111133.0,111149.0,111167.0,111184.0,111199.0,111218.0,111232.0,111248.0,111258.0,111272.0,111287.0,111307.0,111325.0,111355.0,111372.0,111385.0,111407.0,111417.0,111436.0,111454.0,111469.0,111484.0,111503.0,111522.0,111542.0,111563.0,111585.0,111599.0,111611.0,111622.0,111641.0,111660.0,111672.0,111680.0,111688.0,111706.0,111714.0,111729.0,111736.0,111750.0,111765.0,111780.0,111797.0,111820.0,111830.0,111844.0,111858.0,111872.0,111887.0,111903.0,111918.0,111932.0,111949.0,111966.0,111984.0,112001.0,112025.0,112049.0,112070.0,112089.0,112104.0,112119.0,112138.0,112151.0,112165.0,112176.0,112190.0,112208.0,112224.0,112250.0,112283.0,112306.0,112327.0,112353.0,112379.0,112410.0,112434.0,112457.0,112476.0,112494.0,112523.0,112541.0,112562.0,112572.0,112590.0,112610.0,112621.0,112639.0,112658.0,112668.0,112686.0,112707.0,112728.0,112741.0,112769.0,112789.0,112801.0,112811.0,112826.0,112845.0,112874.0,112893.0,112911.0,112934.0,112943.0,112960.0,112977.0,112999.0,113020
LO2iFiFQpXo,172823.0,172846.0,172873.0,172898.0,172913.0,172940.0,172973.0,173000.0,173023.0,173048.0,173069.0,173094.0,173108.0,173135.0,173161.0,173180.0,173204.0,173226.0,173249.0,173280.0,173299.0,173318.0,173339.0,173363.0,173382.0,173400.0,173419.0,173453.0,173481.0,173509.0,173535.0,173565.0,173586.0,173613.0,173649.0,173680.0,173712.0,173731.0,173755.0,173770.0,173791.0,173828.0,173868.0,173907.0,173947.0,173980.0,174003.0,174029.0,174059.0,174091.0,174113.0,174142.0,174171.0,174193.0,174225.0,174251.0,174279.0,174299.0,174328.0,174347.0,174372.0,174404.0,174428.0,174447.0,174471.0,174496.0,174508.0,174540.0,174569.0,174603.0,174632.0,174651.0,174690.0,174719.0,174755.0,174775.0,174810.0,174839.0,174862.0,174884.0,174911.0,174935.0,174962.0,174984.0,175006.0,175036.0,175063.0,175087.0,175117.0,175144.0,175173.0,175203.0,175240.0,175315.0,175388.0,175436.0,175490.0,175531.0,175569.0,175624.0,175663.0,175699.0,175752.0,175789.0,175824.0,175856.0,175896.0,175921.0,175944.0,175965.0,175994.0,176027.0,176061.0,176093.0,176119.0,176146.0,176167.0,176189.0,176209.0,176224.0,176255.0,176281.0,176297.0,176315.0,176329.0,176352.0,176375.0,176394.0,176418.0,176440.0,176463.0,176482.0,176492.0,176503.0,,,,,,,,,176649.0,176661.0,176693.0,176707.0,176726.0,176750.0,176771.0,176782.0,176791.0,176804.0,176816.0,176839.0,176846.0,176867.0,176880.0,176896.0,176908.0,176924.0,176939.0,176956.0,176973.0,176989.0,176998.0,177008.0,177020.0,177028.0,177036.0,177056.0,177078.0,177093.0,177120.0,177136.0,177149.0,177167.0,177188.0,177201.0,177222.0,177239.0,177254.0,177271.0,177293.0,177314.0,177340.0,177353.0,177370.0,177386.0,177396.0,177423.0,177441.0,177456.0,177466.0,177488.0,177510.0,177526.0,177550.0,177566.0,177596.0,177621.0,177645.0,177664.0,177671.0,177694.0,177712.0,177732.0,177744.0,177767.0,177783.0,177800.0,177809.0,177819.0,177829.0,177846.0,177861.0,177885.0,177909.0,177925.0,177952.0,177970.0,177986.0,177999.0,178018.0,178038.0,178049.0,178069.0,178092.0,178103.0,178122.0,178136.0,178161.0,178198.0,178219.0,178248.0,178315.0,178384.0,178452.0,178501.0,178539.0,178583.0,178629.0,178658.0,178695.0,178736.0,178766.0,178791.0,178824.0,178847.0,178869.0,178896.0,178920.0,178944.0,178967.0,178988.0,178998.0,179018.0,179043.0,179060.0,179088.0,179117.0,179137.0,179152.0,179170.0,,179222.0,179243.0,179259.0,179276.0,179300.0,179317.0,179335.0,179350.0,179366.0,179391.0,179418.0,179433.0,179454.0,179465.0,179484.0,179503.0,179523.0,179545.0,179567.0,179590.0,179609.0,179629.0,179650.0,179663.0,179688.0,179703.0,179719.0,179750.0,179771.0,179791.0,179816.0,179834.0,179854.0,179870.0,179888.0,179910.0,179935.0,179950.0,179961.0,179978.0,179994.0,180000.0,180018.0,180032.0,180044.0,180062.0,180080.0,180098.0,180109.0,180120.0,180129.0,180144.0,180151.0,180158.0,180168.0,180180.0,180200.0,180218.0,180242.0,180263.0,180283.0,180295.0,180312.0,180338.0,180365.0,180381.0,180401.0,180410.0,180419.0,180427.0,180461.0,180479.0,180492.0,180514.0,180523.0,180539.0,180555.0,180567.0,180582.0,180604.0,180619.0,180631.0,180640.0,180652.0,180661.0,180679.0,180697.0,180720.0,180732.0,180749.0,180761.0,180773.0,180786.0,180805.0,180820.0,180836.0,180848.0,180862.0,180872.0,180879.0,180890.0,180907.0,180921.0,180932.0,180955.0,180976.0,180989.0,181016.0,181036.0,181059.0,181070.0,181102.0,181128.0,181151
B4JZaPT6eGQ,80185.0,80224.0,80266.0,80297.0,80334.0,80368.0,80409.0,80447.0,80493.0,80520.0,80560.0,80589.0,80611.0,80636.0,80662.0,80693.0,80723.0,80746.0,80783.0,80813.0,80849.0,80872.0,80895.0,80926.0,80950.0,80975.0,81006.0,81031.0,81061.0,81090.0,81110.0,81140.0,81164.0,81177.0,81207.0,81232.0,81261.0,81297.0,81316.0,81344.0,81373.0,81399.0,81409.0,81428.0,81449.0,81466.0,81496.0,81523.0,81549.0,81575.0,81604.0,81616.0,81645.0,81675.0,81697.0,81731.0,81758.0,81778.0,81801.0,81839.0,81866.0,81888.0,81909.0,81926.0,81957.0,81988.0,82015.0,82041.0,82063.0,82085.0,82111.0,82137.0,82164.0,82187.0,82211.0,82239.0,82260.0,82271.0,82296.0,82315.0,82326.0,82338.0,82362.0,82386.0,82399.0,82424.0,82436.0,82449.0,82469.0,82484.0,82514.0,82537.0,82557.0,82578.0,82592.0,82613.0,82627.0,82643.0,82666.0,82677.0,82688.0,82702.0,82716.0,82745.0,82764.0,82777.0,82796.0,82814.0,82832.0,82849.0,82863.0,82874.0,82893.0,82907.0,82927.0,82939.0,82963.0,82972.0,82984.0,82995.0,83011.0,83035.0,83044.0,83055.0,83081.0,83094.0,83114.0,83127.0,83144.0,83161.0,83181.0,83204.0,83218.0,83232.0,,,,,,,,,83449.0,83479.0,83500.0,83508.0,83536.0,83553.0,83563.0,83575.0,83597.0,83620.0,83641.0,83650.0,83670.0,83676.0,83692.0,83699.0,83714.0,83726.0,83738.0,83755.0,83775.0,83784.0,83805.0,83816.0,83836.0,83852.0,83871.0,83896.0,83915.0,83931.0,83950.0,83964.0,83980.0,83994.0,84016.0,84033.0,84047.0,84073.0,84088.0,84114.0,84129.0,84137.0,84162.0,84180.0,84203.0,84219.0,84241.0,84265.0,84279.0,84295.0,84304.0,84321.0,84336.0,84352.0,84369.0,84379.0,84391.0,84401.0,84418.0,84452.0,84466.0,84481.0,84500.0,84513.0,84524.0,84548.0,84578.0,84598.0,84614.0,84626.0,84639.0,84669.0,84683.0,84699.0,84708.0,84725.0,84745.0,84767.0,84789.0,84815.0,84839.0,84858.0,84875.0,84905.0,84934.0,84953.0,84976.0,85000.0,85027.0,85057.0,85087.0,85109.0,85131.0,85176.0,85208.0,85250.0,85290.0,85316.0,85360.0,85384.0,85406.0,85429.0,85452.0,85476.0,85507.0,85530.0,85547.0,85567.0,85591.0,85609.0,85638.0,85675.0,85711.0,85750.0,85778.0,85809.0,85842.0,85868.0,85898.0,85933.0,85969.0,,86060.0,86105.0,86149.0,86178.0,86214.0,86246.0,86296.0,86335.0,86381.0,86428.0,86463.0,86510.0,86540.0,86572.0,86623.0,86660.0,86706.0,86759.0,86789.0,86838.0,86891.0,86935.0,86981.0,87040.0,87070.0,87121.0,87174.0,87208.0,87248.0,87294.0,87339.0,87370.0,87415.0,87458.0,87500.0,87539.0,87596.0,87636.0,87681.0,87729.0,87785.0,87833.0,87899.0,87964.0,88041.0,88100.0,88132.0,88169.0,88221.0,88258.0,88308.0,88360.0,88406.0,88445.0,88480.0,88517.0,88564.0,88597.0,88647.0,88697.0,88762.0,88815.0,88874.0,88948.0,89035.0,89129.0,89189.0,89242.0,89286.0,89335.0,89372.0,89421.0,89473.0,89518.0,89563.0,89625.0,89669.0,89699.0,89733.0,89758.0,89791.0,89816.0,89846.0,89882.0,89915.0,89937.0,89980.0,90025.0,90054.0,90091.0,90120.0,90175.0,90214.0,90259.0,90309.0,90340.0,90374.0,90409.0,90462.0,90503.0,90540.0,90577.0,90615.0,90653.0,90692.0,90733.0,90770.0,90813.0,90844.0,90882.0,90919.0,90963.0,90982.0,91007
Q4btLHUjOg4,606626.0,606877.0,607110.0,607359.0,607603.0,607832.0,608138.0,608430.0,608756.0,609037.0,609288.0,609586.0,609882.0,610130.0,610401.0,610709.0,611018.0,611251.0,611482.0,611728.0,611974.0,612327.0,612631.0,612861.0,613130.0,613414.0,613729.0,614008.0,614300.0,614581.0,614862.0,615109.0,615369.0,615649.0,615984.0,616274.0,616569.0,616899.0,617144.0,617433.0,617732.0,618040.0,618388.0,618636.0,618912.0,619222.0,619523.0,619819.0,620087.0,620420.0,620678.0,620948.0,621236.0,621531.0,621861.0,622225.0,622498.0,622780.0,623055.0,623358.0,623681.0,623969.0,624326.0,624593.0,624864.0,625129.0,625389.0,625649.0,625859.0,626217.0,626487.0,626877.0,627129.0,627384.0,627675.0,627931.0,628264.0,628558.0,628805.0,629100.0,629348.0,629614.0,629915.0,630214.0,630529.0,630812.0,631103.0,631336.0,631598.0,631845.0,632141.0,632437.0,632749.0,633008.0,633233.0,633470.0,633757.0,633998.0,634243.0,634445.0,634671.0,634913.0,635144.0,635398.0,635621.0,635901.0,636147.0,636390.0,636606.0,636902.0,637173.0,637443.0,637690.0,637931.0,638181.0,638410.0,638637.0,638844.0,639082.0,639340.0,639611.0,639788.0,639999.0,640247.0,640490.0,640718.0,640883.0,641177.0,641365.0,641566.0,641744.0,641980.0,642184.0,642384.0,,,,,,,,,644437.0,644627.0,644848.0,645077.0,645341.0,645626.0,645829.0,646018.0,646213.0,646413.0,646631.0,646847.0,647098.0,647288.0,647496.0,647673.0,647882.0,648079.0,648284.0,648479.0,648731.0,648914.0,649141.0,649352.0,649574.0,649787.0,650056.0,650320.0,650527.0,650767.0,651014.0,651240.0,651518.0,651757.0,651937.0,652150.0,652425.0,652617.0,652887.0,653117.0,653360.0,653631.0,653869.0,654104.0,654331.0,654591.0,654831.0,655118.0,655394.0,655638.0,655837.0,656108.0,656339.0,656610.0,656848.0,657097.0,657357.0,657574.0,657806.0,658040.0,658267.0,658464.0,658645.0,658890.0,659073.0,659304.0,659528.0,659773.0,659954.0,660157.0,660334.0,660491.0,660690.0,660977.0,661225.0,661490.0,661712.0,661937.0,662125.0,662347.0,662609.0,662821.0,663105.0,663359.0,663595.0,663790.0,664024.0,664324.0,664544.0,664822.0,665135.0,665406.0,665696.0,665965.0,666268.0,666538.0,666814.0,667063.0,667308.0,667545.0,667747.0,667975.0,668229.0,668482.0,668756.0,668949.0,669123.0,669310.0,669542.0,669798.0,669993.0,670210.0,670412.0,670568.0,670796.0,671002.0,671202.0,671405.0,671635.0,671880.0,672116.0,,672570.0,672800.0,673009.0,673238.0,673494.0,673688.0,673885.0,674193.0,674423.0,674712.0,675009.0,675284.0,675506.0,675738.0,675941.0,676190.0,676436.0,676684.0,676888.0,677113.0,677342.0,677628.0,677858.0,678124.0,678383.0,678609.0,678849.0,679085.0,679315.0,679605.0,679828.0,680039.0,680297.0,680489.0,680708.0,680937.0,681195.0,681420.0,681645.0,681822.0,682071.0,682236.0,682444.0,682729.0,682997.0,683264.0,683518.0,683730.0,683966.0,684198.0,684374.0,684579.0,684772.0,684946.0,685102.0,685312.0,685546.0,685802.0,685981.0,686194.0,686374.0,686537.0,686749.0,686951.0,687147.0,687358.0,687571.0,687766.0,687962.0,688134.0,688323.0,688531.0,688782.0,689022.0,689277.0,689485.0,689736.0,689997.0,690275.0,690499.0,690740.0,690953.0,691189.0,691421.0,691664.0,691893.0,692132.0,692391.0,692580.0,692791.0,693019.0,693228.0,693444.0,693663.0,693853.0,694080.0,694285.0,694508.0,694729.0,694934.0,695132.0,695292.0,695452.0,695635.0,695803.0,695976.0,696176.0,696344.0,696529.0,696711.0,696857.0,697026.0,697213.0,697380
-qz7fwavg2Y,83174.0,83229.0,83275.0,83316.0,83368.0,83419.0,83456.0,83503.0,83549.0,83593.0,83629.0,83670.0,83711.0,83761.0,83810.0,83878.0,83934.0,83979.0,84011.0,84066.0,84108.0,84153.0,84208.0,84246.0,84289.0,84327.0,84368.0,84422.0,84466.0,84514.0,84550.0,84587.0,84629.0,84681.0,84731.0,84773.0,84828.0,84875.0,84918.0,84958.0,84993.0,85036.0,85086.0,85142.0,85192.0,85237.0,85275.0,85325.0,85368.0,85426.0,85477.0,85526.0,85566.0,85611.0,85667.0,85728.0,85787.0,85827.0,85888.0,85934.0,85992.0,86051.0,86109.0,86177.0,86228.0,86263.0,86305.0,86348.0,86387.0,86450.0,86493.0,86548.0,86590.0,86629.0,86678.0,86719.0,86776.0,86831.0,86902.0,86941.0,86981.0,87041.0,87099.0,87134.0,87173.0,87222.0,87254.0,87290.0,87332.0,87370.0,87418.0,87460.0,87503.0,87540.0,87579.0,87623.0,87684.0,87729.0,87777.0,87828.0,87871.0,87904.0,87972.0,88020.0,88058.0,88097.0,88142.0,88172.0,88220.0,88266.0,88326.0,88384.0,88422.0,88476.0,88521.0,88567.0,88619.0,88668.0,88710.0,88765.0,88817.0,88855.0,88886.0,88923.0,88958.0,88992.0,89027.0,89075.0,89111.0,89146.0,89182.0,89223.0,89265.0,89295.0,,,,,,,,,89571.0,89588.0,89621.0,89658.0,89705.0,89752.0,89797.0,89821.0,89853.0,89898.0,89951.0,90008.0,90071.0,90111.0,90156.0,90184.0,90229.0,90273.0,90313.0,90340.0,90364.0,90392.0,90418.0,90439.0,90458.0,90481.0,90514.0,90535.0,90565.0,90579.0,90605.0,90633.0,90653.0,90675.0,90700.0,90729.0,90752.0,90771.0,90794.0,90824.0,90841.0,90868.0,90896.0,90918.0,90954.0,90987.0,91016.0,91050.0,91077.0,91092.0,91105.0,91127.0,91156.0,91188.0,91214.0,91239.0,91276.0,91296.0,91316.0,91340.0,91376.0,91409.0,91440.0,91462.0,91480.0,91509.0,91547.0,91577.0,91606.0,91648.0,91674.0,91690.0,91711.0,91735.0,91763.0,91799.0,91839.0,91855.0,91877.0,91902.0,91945.0,91987.0,92040.0,92092.0,92135.0,92171.0,92199.0,92229.0,92265.0,92366.0,92595.0,92997.0,93551.0,95010.0,96321.0,96834.0,97222.0,97410.0,97518.0,97590.0,97711.0,97800.0,97897.0,97982.0,98066.0,98124.0,98181.0,98237.0,98321.0,98385.0,98446.0,98516.0,98545.0,98593.0,98633.0,98689.0,98735.0,98801.0,98872.0,98921.0,98974.0,,99070.0,99127.0,99176.0,99238.0,99289.0,99332.0,99378.0,99435.0,99487.0,99535.0,99577.0,99629.0,99718.0,99786.0,99850.0,99909.0,99960.0,100005.0,100045.0,100082.0,100147.0,100197.0,100268.0,100316.0,100383.0,100431.0,100463.0,100506.0,100564.0,100600.0,100637.0,100684.0,100720.0,100747.0,100782.0,100823.0,100870.0,100927.0,101001.0,101041.0,101107.0,101154.0,101200.0,101255.0,101291.0,101344.0,101406.0,101473.0,101544.0,101617.0,101691.0,101735.0,101786.0,101841.0,101872.0,101914.0,101966.0,102044.0,102164.0,102378.0,102521.0,102658.0,102824.0,103005.0,103146.0,103285.0,103432.0,103643.0,103796.0,103947.0,104095.0,104341.0,104607.0,104755.0,104859.0,104986.0,105112.0,105241.0,105364.0,105465.0,105587.0,105648.0,105717.0,105798.0,105867.0,105920.0,105976.0,106043.0,106108.0,106146.0,106183.0,106233.0,106292.0,106356.0,106408.0,106457.0,106489.0,106529.0,106580.0,106622.0,106664.0,106711.0,106752.0,106789.0,106861.0,106919.0,106987.0,107041.0,107091.0,107133.0,107173.0,107224.0,107269.0,107332
6iZyquKcpzg,2284441.0,2286407.0,2288312.0,2290143.0,2291828.0,2293454.0,2295095.0,2296949.0,2298810.0,2300797.0,2302650.0,2304287.0,2305978.0,2307700.0,2309475.0,2310999.0,2312880.0,2313939.0,2315099.0,2316112.0,2317423.0,2318708.0,2320006.0,2321540.0,2323033.0,2324641.0,2325853.0,2326972.0,2328466.0,2329754.0,2331162.0,2332299.0,2333744.0,2334955.0,2336265.0,2337493.0,2338586.0,2339659.0,2340775.0,2342021.0,2343079.0,2344014.0,2345014.0,2345814.0,2346933.0,2347808.0,2348684.0,2349669.0,2350621.0,2351337.0,2352249.0,2353092.0,2353882.0,2354640.0,2355539.0,2356401.0,2357198.0,2357966.0,2358613.0,2359406.0,2360192.0,2360996.0,2361872.0,2362710.0,2363455.0,2364217.0,2364822.0,2365614.0,2366283.0,2367039.0,2367875.0,2368571.0,2369394.0,2370239.0,2371120.0,2371950.0,2372730.0,2373460.0,2374159.0,2374917.0,2375513.0,2376333.0,2377094.0,2377879.0,2378542.0,2379372.0,2380049.0,2380739.0,2381556.0,2382271.0,2382983.0,2383561.0,2384382.0,2385103.0,2385751.0,2386390.0,2387082.0,2387778.0,2388502.0,2389212.0,2389826.0,2390453.0,2391036.0,2391712.0,2392317.0,2392892.0,2393598.0,2394175.0,2394743.0,2395342.0,2395876.0,2396429.0,2396918.0,2397454.0,2398120.0,2398756.0,2399282.0,2399775.0,2400210.0,2400850.0,2401375.0,2401841.0,2402275.0,2402681.0,2403147.0,2403624.0,2404030.0,2404503.0,2404937.0,2405398.0,2405809.0,2406262.0,2406739.0,2407095.0,,,,,,,,,2411177.0,2411590.0,2412031.0,2412399.0,2412775.0,2413321.0,2413728.0,2414212.0,2414783.0,2415247.0,2415722.0,2416159.0,2416621.0,2417102.0,2417484.0,2418055.0,2418465.0,2419058.0,2419558.0,2419986.0,2420395.0,2420830.0,2421234.0,2421772.0,2422236.0,2422652.0,2423076.0,2423600.0,2424079.0,2424582.0,2424961.0,2425451.0,2425798.0,2426267.0,2426746.0,2427184.0,2427716.0,2428152.0,2428626.0,2429110.0,2429530.0,2429883.0,2430288.0,2430712.0,2431197.0,2431648.0,2432073.0,2432589.0,2433017.0,2433579.0,2434080.0,2434551.0,2435022.0,2435412.0,2435771.0,2436235.0,2436616.0,2437044.0,2437525.0,2437918.0,2438314.0,2438680.0,2439044.0,2439458.0,2439906.0,2440346.0,2440763.0,2441215.0,2441711.0,2442074.0,2442469.0,2442954.0,2443547.0,2444045.0,2444752.0,2445460.0,2446090.0,2446660.0,2447154.0,2447608.0,2448085.0,2448596.0,2449159.0,2449688.0,2450269.0,2450771.0,2451392.0,2451982.0,2452550.0,2453014.0,2453612.0,2454064.0,2454505.0,2455101.0,2455617.0,2456084.0,2456594.0,2457081.0,2457572.0,2457967.0,2458569.0,2459039.0,2459550.0,2460106.0,2460608.0,2461157.0,2461642.0,2462076.0,2462567.0,2462945.0,2463384.0,2463767.0,2464213.0,2464672.0,2465035.0,2465418.0,2465832.0,2466302.0,2466761.0,2467207.0,2467634.0,,2468522.0,2468951.0,2469481.0,2469970.0,2470406.0,2470867.0,2471321.0,2471886.0,2472433.0,2472861.0,2473361.0,2473965.0,2474464.0,2474911.0,2475379.0,2475920.0,2476446.0,2477014.0,2477642.0,2478131.0,2478857.0,2479388.0,2479979.0,2480561.0,2481105.0,2481665.0,2482181.0,2482753.0,2483320.0,2483880.0,2484392.0,2485110.0,2485718.0,2486368.0,2486919.0,2487564.0,2488071.0,2488743.0,2489279.0,2489928.0,2490507.0,2491134.0,2491793.0,2492413.0,2493002.0,2493618.0,2494270.0,2494854.0,2495474.0,2496043.0,2496797.0,2497435.0,2498007.0,2498633.0,2499200.0,2499729.0,2500304.0,2500818.0,2501345.0,2501972.0,2502544.0,2503001.0,2503635.0,2504208.0,2504759.0,2505366.0,2505994.0,2506631.0,2507235.0,2507894.0,2508505.0,2509311.0,2509997.0,2510716.0,2511519.0,2512237.0,2512995.0,2513692.0,2514404.0,2515084.0,2515740.0,2516376.0,2516968.0,2517627.0,2518313.0,2518980.0,2519637.0,2520290.0,2520898.0,2521394.0,2521937.0,2522408.0,2522983.0,2523494.0,2524128.0,2524812.0,2525387.0,2525969.0,2526495.0,2526969.0,2527557.0,2528128.0,2528667.0,2529057.0,2529606.0,2530092.0,2530637.0,2531193.0,2531695.0,2532127.0,2532675.0,2533145.0,2533631.0,2534060
cvtKOkJuyFY,13098990.0,13111103.0,13123341.0,13133521.0,13146247.0,13159230.0,13170300.0,13182341.0,13195367.0,13207866.0,13218862.0,13230136.0,13241515.0,13252997.0,13264487.0,13275168.0,13285664.0,13296555.0,13309701.0,13322620.0,13336437.0,13350820.0,13366159.0,13378104.0,13389894.0,13400600.0,13411723.0,13421970.0,13430983.0,13440944.0,13450766.0,13459805.0,13468898.0,13478430.0,13488080.0,13497911.0,13508780.0,13518139.0,13526596.0,13537206.0,13548414.0,13560072.0,13570982.0,13582892.0,13593583.0,13603320.0,13613964.0,13624794.0,13635188.0,13645195.0,13655204.0,13664241.0,13672600.0,13683296.0,13693258.0,13702312.0,13711540.0,13723014.0,13733622.0,13742580.0,13752874.0,13763625.0,13774141.0,13784646.0,13795196.0,13804400.0,13812063.0,13821940.0,13830650.0,13842591.0,13856366.0,13867826.0,13879274.0,13889651.0,13903096.0,13916486.0,13926921.0,13937538.0,13948192.0,13958667.0,13969007.0,13982276.0,13993378.0,14005019.0,14015515.0,14026964.0,14036787.0,14045879.0,14056604.0,14067184.0,14077637.0,14087137.0,14099540.0,14109833.0,14119225.0,14130303.0,14141126.0,14152241.0,14163527.0,14175233.0,14185613.0,14194649.0,14205386.0,14216014.0,14226398.0,14237031.0,14247036.0,14256857.0,14266317.0,14277302.0,14288050.0,14298017.0,14308245.0,14318525.0,14328077.0,14336598.0,14347336.0,14358533.0,14370658.0,14383311.0,14393197.0,14402411.0,14411298.0,14420162.0,14427757.0,14435968.0,14443798.0,14452567.0,14460552.0,14467458.0,14480934.0,14490008.0,14499176.0,14507799.0,,,,,,,,,14591881.0,14601218.0,14612258.0,14622915.0,14633542.0,14645495.0,14656681.0,14667024.0,14678206.0,14691246.0,14703857.0,14715990.0,14727745.0,14738786.0,14748507.0,14757675.0,14769749.0,14782689.0,14796735.0,14809580.0,14823328.0,14837424.0,14849618.0,14863456.0,14875923.0,14887947.0,14900468.0,14912390.0,14922724.0,14932159.0,14943787.0,14955780.0,14967065.0,14977865.0,14989145.0,14998439.0,15007167.0,15018379.0,15028703.0,15038414.0,15048239.0,15058009.0,15066624.0,15074387.0,15083924.0,15093605.0,15103200.0,15113371.0,15123658.0,15132431.0,15140417.0,15150390.0,15160431.0,15169908.0,15179450.0,15189205.0,15197382.0,15205114.0,15213938.0,15223438.0,15232791.0,15239283.0,15247495.0,15255235.0,15262820.0,15272199.0,15280551.0,15288663.0,15295238.0,15303557.0,15311301.0,15318694.0,15327800.0,15337291.0,15346193.0,15355898.0,15366398.0,15375918.0,15385873.0,15398705.0,15412230.0,15424362.0,15437951.0,15452948.0,15463862.0,15473686.0,15485153.0,15497750.0,15509442.0,15520931.0,15532437.0,15543488.0,15553672.0,15566397.0,15578788.0,15590689.0,15601909.0,15614388.0,15626223.0,15636960.0,15649741.0,15661112.0,15671487.0,15682613.0,15693587.0,15702979.0,15711049.0,15721338.0,15730160.0,15738888.0,15747352.0,15755468.0,15761798.0,15767825.0,15773876.0,15779688.0,15785196.0,15791699.0,15798423.0,15803325.0,15807217.0,,15816287.0,15821419.0,15826921.0,15831962.0,15836018.0,15839824.0,15843331.0,15847363.0,15851549.0,15856202.0,15860842.0,15864470.0,15867797.0,15872021.0,15876073.0,15880189.0,15884511.0,15888788.0,15892559.0,15895998.0,15900591.0,15905268.0,15910009.0,15914611.0,15919120.0,15923219.0,15926744.0,15931152.0,15935362.0,15939693.0,15944045.0,15948742.0,15952743.0,15956140.0,15960055.0,15964133.0,15968014.0,15972292.0,15976985.0,15982007.0,15986777.0,15991902.0,15997084.0,16002592.0,16008031.0,16016864.0,16029337.0,16043157.0,16057695.0,16072205.0,16085689.0,16099719.0,16113882.0,16127136.0,16140981.0,16155091.0,16168606.0,16181939.0,16195517.0,16208921.0,16224033.0,16239139.0,16256011.0,16273389.0,16288455.0,16302461.0,16311937.0,16321177.0,16329069.0,16338292.0,16348256.0,16360283.0,16371978.0,16386334.0,16399982.0,16411036.0,16422573.0,16433205.0,16444384.0,16453767.0,16463559.0,16472770.0,16481466.0,16491545.0,16500967.0,16510737.0,16520700.0,16531545.0,16541233.0,16550843.0,16560059.0,16570207.0,16578653.0,16586736.0,16595159.0,16602894.0,16609452.0,16617625.0,16625947.0,16632977.0,16640616.0,16648966.0,16656851.0,16663558.0,16671936.0,16680575.0,16689466.0,16698797.0,16707985.0,16716383.0,16723399.0,16730917.0,16739506.0,16747427
3WuMuHbHYOE,352446.0,352456.0,352465.0,352473.0,352486.0,352497.0,352511.0,352525.0,352538.0,352550.0,352565.0,352577.0,352584.0,352603.0,352615.0,352624.0,352634.0,352649.0,352660.0,352684.0,352699.0,352719.0,352731.0,352754.0,352766.0,352774.0,352787.0,352795.0,352805.0,352820.0,352823.0,352838.0,352851.0,352866.0,352879.0,352893.0,352914.0,352930.0,352950.0,352962.0,352980.0,352996.0,353008.0,353032.0,353047.0,353062.0,353070.0,353085.0,353103.0,353121.0,353132.0,353147.0,353156.0,353170.0,353181.0,353193.0,353210.0,353216.0,353230.0,353238.0,353249.0,353260.0,353274.0,353284.0,353297.0,353301.0,353311.0,353325.0,353336.0,353348.0,353372.0,353387.0,353403.0,353413.0,353431.0,353450.0,353460.0,353482.0,353498.0,353517.0,353521.0,353541.0,353558.0,353570.0,353580.0,353588.0,353594.0,353609.0,353619.0,353626.0,353638.0,353647.0,353657.0,353668.0,353683.0,353697.0,353710.0,353718.0,353726.0,353743.0,353753.0,353771.0,353786.0,353797.0,353805.0,353820.0,353835.0,353843.0,353856.0,353865.0,353877.0,353891.0,353900.0,353916.0,353933.0,353948.0,353960.0,353967.0,353969.0,353976.0,353988.0,354007.0,354027.0,354040.0,354050.0,354064.0,354076.0,354088.0,354098.0,354105.0,354115.0,354125.0,354130.0,354140.0,,,,,,,,,354223.0,354231.0,354244.0,354252.0,354258.0,354278.0,354294.0,354315.0,354321.0,354333.0,354344.0,354354.0,354367.0,354370.0,354376.0,354381.0,354388.0,354405.0,354412.0,354428.0,354438.0,354446.0,354455.0,354457.0,354466.0,354472.0,354491.0,354517.0,354526.0,354543.0,354545.0,354556.0,354568.0,354580.0,354585.0,354595.0,354612.0,354621.0,354627.0,354641.0,354645.0,354652.0,354664.0,354672.0,354680.0,354692.0,354698.0,354708.0,354722.0,354736.0,354746.0,354754.0,354763.0,354775.0,354783.0,354795.0,354803.0,354813.0,354823.0,354842.0,354851.0,354857.0,354861.0,354865.0,354872.0,354883.0,354891.0,354897.0,354902.0,354916.0,354919.0,354923.0,354934.0,354940.0,354951.0,354958.0,354967.0,354976.0,354989.0,354996.0,355004.0,355012.0,355024.0,355040.0,355045.0,355050.0,355059.0,355066.0,355075.0,355092.0,355102.0,355110.0,355120.0,355133.0,355140.0,355144.0,355152.0,355165.0,355175.0,355185.0,355203.0,355215.0,355224.0,355236.0,355254.0,355265.0,355272.0,355282.0,355284.0,355303.0,355308.0,355317.0,355331.0,355345.0,355361.0,355368.0,355377.0,355388.0,355399.0,355412.0,355423.0,,355446.0,355459.0,355473.0,355486.0,355499.0,355508.0,355518.0,355531.0,355541.0,355548.0,355563.0,355573.0,355582.0,355593.0,355604.0,355620.0,355634.0,355648.0,355663.0,355674.0,355684.0,355698.0,355703.0,355720.0,355732.0,355738.0,355752.0,355766.0,355782.0,355796.0,355811.0,355831.0,355847.0,355858.0,355870.0,355887.0,355898.0,355908.0,355926.0,355936.0,355950.0,355964.0,355984.0,356006.0,356023.0,356039.0,356049.0,356059.0,356069.0,356089.0,356099.0,356109.0,356118.0,356129.0,356142.0,356151.0,356160.0,356170.0,356184.0,356196.0,356211.0,356226.0,356234.0,356257.0,356264.0,356279.0,356292.0,356303.0,356317.0,356331.0,356345.0,356363.0,356378.0,356386.0,356397.0,356413.0,356438.0,356456.0,356468.0,356504.0,356522.0,356542.0,356552.0,356567.0,356582.0,356606.0,356615.0,356622.0,356644.0,356655.0,356669.0,356681.0,356689.0,356703.0,356716.0,356722.0,356742.0,356753.0,356768.0,356773.0,356784.0,356794.0,356814.0,356826.0,356833.0,356843.0,356853.0,356864.0,356880.0,356891.0,356904.0,356909.0,356913.0,356921
Ua5k49Iq9fs,2653.0,2654.0,2654.0,2654.0,2654.0,2654.0,2654.0,2655.0,2655.0,2655.0,2656.0,2656.0,2657.0,2659.0,2659.0,2659.0,2659.0,2660.0,2660.0,2660.0,2660.0,2661.0,2661.0,2661.0,2662.0,2662.0,2662.0,2662.0,2662.0,2662.0,2662.0,2662.0,2665.0,2665.0,2666.0,2666.0,2666.0,2667.0,2670.0,2672.0,2672.0,2672.0,2672.0,2673.0,2673.0,2673.0,2673.0,2674.0,2674.0,2675.0,2675.0,2675.0,2676.0,2677.0,2678.0,2678.0,2677.0,2678.0,2678.0,2678.0,2678.0,2679.0,2681.0,2681.0,2681.0,2681.0,2682.0,2683.0,2684.0,2685.0,2685.0,2685.0,2685.0,2685.0,2685.0,2686.0,2686.0,2686.0,2687.0,2688.0,2688.0,2691.0,2691.0,2691.0,2691.0,2691.0,2691.0,2691.0,2691.0,2691.0,2691.0,2691.0,2691.0,2691.0,2691.0,2691.0,2691.0,2691.0,2693.0,2694.0,2694.0,2695.0,2695.0,2696.0,2697.0,2697.0,2697.0,2697.0,2697.0,2697.0,2698.0,2699.0,2700.0,2700.0,2700.0,2701.0,2701.0,2701.0,2701.0,2701.0,2701.0,2703.0,2703.0,2703.0,2703.0,2703.0,2704.0,2705.0,2705.0,2706.0,2706.0,2706.0,2707.0,2707.0,,,,,,,,,2711.0,2711.0,2711.0,2711.0,2711.0,2712.0,2712.0,2713.0,2713.0,2714.0,2714.0,2714.0,2715.0,2715.0,2715.0,2716.0,2716.0,2717.0,2717.0,2717.0,2717.0,2718.0,2718.0,2718.0,2719.0,2719.0,2721.0,2720.0,2721.0,2721.0,2721.0,2721.0,2723.0,2723.0,2723.0,2723.0,2724.0,2724.0,2724.0,2724.0,2725.0,2727.0,2727.0,2728.0,2729.0,2729.0,2729.0,2729.0,2729.0,2729.0,2729.0,2730.0,2730.0,2732.0,2733.0,2735.0,2735.0,2735.0,2735.0,2735.0,2736.0,2737.0,2738.0,2738.0,2739.0,2739.0,2742.0,2740.0,2740.0,2740.0,2740.0,2741.0,2741.0,2741.0,2742.0,2742.0,2743.0,2743.0,2743.0,2743.0,2744.0,2744.0,2744.0,2744.0,2744.0,2745.0,2745.0,2745.0,2745.0,2746.0,2746.0,2747.0,2748.0,2748.0,2749.0,2750.0,2750.0,2751.0,2752.0,2752.0,2752.0,2752.0,2752.0,2752.0,2752.0,2752.0,2752.0,2752.0,2752.0,2752.0,2752.0,2752.0,2752.0,2752.0,2753.0,2754.0,2754.0,2754.0,2755.0,2755.0,2755.0,,2755.0,2755.0,2756.0,2756.0,2756.0,2757.0,2757.0,2756.0,2757.0,2757.0,2758.0,2759.0,2759.0,2759.0,2760.0,2760.0,2760.0,2760.0,2760.0,2760.0,2760.0,2760.0,2760.0,2760.0,2760.0,2760.0,2760.0,2761.0,2761.0,2761.0,2761.0,2761.0,2761.0,2761.0,2761.0,2763.0,2763.0,2765.0,2765.0,2765.0,2765.0,2765.0,2765.0,2765.0,2765.0,2766.0,2766.0,2766.0,2766.0,2766.0,2766.0,2766.0,2766.0,2766.0,2767.0,2767.0,2768.0,2768.0,2769.0,2769.0,2769.0,2770.0,2770.0,2770.0,2770.0,2770.0,2770.0,2771.0,2771.0,2772.0,2773.0,2773.0,2773.0,2774.0,2774.0,2780.0,2783.0,2783.0,2784.0,2785.0,2785.0,2785.0,2785.0,2785.0,2785.0,2785.0,2785.0,2785.0,2785.0,2785.0,2785.0,2785.0,2785.0,2785.0,2785.0,2785.0,2785.0,2785.0,2785.0,2785.0,2786.0,2786.0,2787.0,2787.0,2787.0,2787.0,2788.0,2788.0,2788.0,2788.0,2789.0,2789.0,2789.0,2791
ADLbOq5Ou-I,8574.0,8590.0,8601.0,8608.0,8615.0,8629.0,8645.0,8654.0,8673.0,8685.0,8693.0,8699.0,8711.0,8728.0,8739.0,8757.0,8777.0,8806.0,8825.0,8841.0,8864.0,8885.0,8905.0,8925.0,8940.0,8954.0,8968.0,8981.0,9001.0,9020.0,9039.0,9057.0,9087.0,9142.0,9186.0,9196.0,9206.0,9219.0,9246.0,9269.0,9299.0,9309.0,9321.0,9334.0,9345.0,9357.0,9374.0,9380.0,9395.0,9411.0,9432.0,9443.0,9450.0,9460.0,9476.0,9485.0,9492.0,9496.0,9503.0,9516.0,9523.0,9527.0,9533.0,9540.0,9549.0,9557.0,9568.0,9580.0,9584.0,9599.0,9607.0,9615.0,9621.0,9628.0,9633.0,9638.0,9647.0,9656.0,9662.0,9673.0,9688.0,9705.0,9718.0,9736.0,9759.0,9773.0,9784.0,9789.0,9803.0,9818.0,9826.0,9844.0,9869.0,9877.0,9898.0,9909.0,9919.0,9936.0,9955.0,9973.0,9984.0,9995.0,10023.0,10031.0,10049.0,10063.0,10077.0,10092.0,10106.0,10111.0,10116.0,10125.0,10138.0,10154.0,10160.0,10166.0,10174.0,10177.0,10184.0,10192.0,10200.0,10206.0,10216.0,10220.0,10225.0,10232.0,10235.0,10240.0,10246.0,10251.0,10254.0,10259.0,10267.0,10271.0,,,,,,,,,10341.0,10348.0,10355.0,10363.0,10375.0,10386.0,10398.0,10401.0,10408.0,10423.0,10433.0,10446.0,10462.0,10472.0,10483.0,10490.0,10494.0,10505.0,10519.0,10532.0,10541.0,10544.0,10550.0,10553.0,10562.0,10570.0,10576.0,10580.0,10589.0,10595.0,10599.0,10610.0,10619.0,10622.0,10631.0,10638.0,10645.0,10653.0,10660.0,10668.0,10673.0,10678.0,10683.0,10690.0,10699.0,10711.0,10725.0,10728.0,10741.0,10746.0,10753.0,10757.0,10762.0,10768.0,10779.0,10786.0,10793.0,10802.0,10808.0,10816.0,10827.0,10831.0,10836.0,10841.0,10843.0,10853.0,10863.0,10870.0,10880.0,10892.0,10896.0,10901.0,10905.0,10917.0,10922.0,10934.0,10941.0,10942.0,10942.0,10946.0,10955.0,10962.0,10971.0,10979.0,10989.0,10992.0,11000.0,11006.0,11015.0,11023.0,11027.0,11035.0,11039.0,11049.0,11058.0,11068.0,11076.0,11083.0,11087.0,11092.0,11101.0,11107.0,11111.0,11118.0,11129.0,11132.0,11138.0,11149.0,11160.0,11164.0,11168.0,11173.0,11176.0,11181.0,11187.0,11193.0,11199.0,11204.0,11206.0,11207.0,11210.0,,11222.0,11228.0,11233.0,11240.0,11242.0,11243.0,11247.0,11252.0,11265.0,11274.0,11279.0,11284.0,11288.0,11294.0,11296.0,11301.0,11308.0,11314.0,11319.0,11325.0,11329.0,11331.0,11335.0,11338.0,11340.0,11344.0,11349.0,11357.0,11363.0,11372.0,11376.0,11377.0,11382.0,11383.0,11385.0,11389.0,11392.0,11398.0,11398.0,11400.0,11404.0,11409.0,11419.0,11430.0,11437.0,11441.0,11449.0,11458.0,11474.0,11486.0,11500.0,11509.0,11515.0,11523.0,11534.0,11539.0,11546.0,11553.0,11561.0,11563.0,11567.0,11582.0,11588.0,11598.0,11611.0,11622.0,11638.0,11650.0,11659.0,11671.0,11680.0,11692.0,11709.0,11725.0,11743.0,11752.0,11776.0,11790.0,11810.0,11816.0,11828.0,11836.0,11845.0,11849.0,11857.0,11863.0,11867.0,11871.0,11874.0,11879.0,11892.0,11896.0,11903.0,11911.0,11922.0,11928.0,11932.0,11938.0,11941.0,11946.0,11955.0,11962.0,11977.0,11983.0,11992.0,11995.0,12001.0,12012.0,12019.0,12026.0,12032.0,12038.0,12039.0,12046
9CclVjczhhI,17183.0,17210.0,17237.0,17259.0,17298.0,17326.0,17356.0,17395.0,17428.0,17441.0,17459.0,17472.0,17485.0,17508.0,17528.0,17547.0,17576.0,17601.0,17621.0,17636.0,17667.0,17693.0,17727.0,17748.0,17761.0,17789.0,17806.0,17825.0,17845.0,17869.0,17894.0,17909.0,17936.0,17949.0,17964.0,17989.0,18002.0,18022.0,18034.0,18064.0,18087.0,18101.0,18126.0,18154.0,18172.0,18190.0,18208.0,18225.0,18250.0,18265.0,18289.0,18309.0,18328.0,18342.0,18357.0,18385.0,18406.0,18438.0,18460.0,18470.0,18490.0,18514.0,18540.0,18560.0,18576.0,18593.0,18622.0,18642.0,18666.0,18707.0,18737.0,18750.0,18774.0,18791.0,18814.0,18828.0,18847.0,18867.0,18884.0,18898.0,18909.0,18934.0,18947.0,18968.0,18987.0,19014.0,19035.0,19046.0,19066.0,19086.0,19099.0,19109.0,19135.0,19157.0,19175.0,19199.0,19232.0,19259.0,19298.0,19316.0,19337.0,19351.0,19371.0,19394.0,19410.0,19432.0,19447.0,19481.0,19500.0,19529.0,19550.0,19574.0,19595.0,19606.0,19615.0,19630.0,19653.0,19672.0,19681.0,19693.0,19715.0,19732.0,19743.0,19752.0,19767.0,19777.0,19784.0,19792.0,19801.0,19814.0,19827.0,19837.0,19846.0,19858.0,,,,,,,,,20032.0,20043.0,20051.0,20063.0,20070.0,20089.0,20112.0,20131.0,20148.0,20154.0,20161.0,20171.0,20182.0,20189.0,20206.0,20217.0,20227.0,20239.0,20248.0,20257.0,20260.0,20288.0,20297.0,20309.0,20314.0,20325.0,20340.0,20349.0,20362.0,20370.0,20373.0,20377.0,20386.0,20396.0,20409.0,20421.0,20429.0,20434.0,20443.0,20449.0,20454.0,20460.0,20465.0,20471.0,20477.0,20485.0,20493.0,20502.0,20513.0,20520.0,20526.0,20532.0,20541.0,20558.0,20568.0,20584.0,20599.0,20606.0,20622.0,20640.0,20650.0,20658.0,20670.0,20682.0,20689.0,20701.0,20716.0,20733.0,20745.0,20763.0,20777.0,20796.0,20814.0,20827.0,20844.0,20860.0,20880.0,20893.0,20908.0,20930.0,20944.0,20956.0,20977.0,20991.0,20999.0,21016.0,21030.0,21050.0,21064.0,21077.0,21089.0,21102.0,21111.0,21125.0,21142.0,21153.0,21181.0,21192.0,21206.0,21222.0,21234.0,21244.0,21255.0,21266.0,21277.0,21287.0,21291.0,21302.0,21316.0,21329.0,21337.0,21349.0,21362.0,21374.0,21387.0,21395.0,21403.0,21418.0,21429.0,21446.0,21461.0,,21490.0,21504.0,21519.0,21535.0,21547.0,21561.0,21572.0,21587.0,21605.0,21612.0,21620.0,21629.0,21633.0,21636.0,21650.0,21663.0,21670.0,21678.0,21689.0,21694.0,21707.0,21716.0,21722.0,21735.0,21749.0,21755.0,21766.0,21779.0,21788.0,21801.0,21813.0,21817.0,21820.0,21828.0,21837.0,21849.0,21861.0,21877.0,21892.0,21907.0,21928.0,21944.0,21955.0,21992.0,22013.0,22036.0,22052.0,22070.0,22086.0,22096.0,22107.0,22114.0,22127.0,22131.0,22144.0,22163.0,22172.0,22182.0,22192.0,22205.0,22222.0,22236.0,22244.0,22255.0,22267.0,22278.0,22288.0,22300.0,22305.0,22320.0,22329.0,22348.0,22366.0,22382.0,22379.0,22386.0,22405.0,22409.0,22418.0,22426.0,22444.0,22459.0,22468.0,22488.0,22506.0,22529.0,22547.0,22566.0,22577.0,22588.0,22601.0,22609.0,22624.0,22637.0,22648.0,22663.0,22684.0,22702.0,22724.0,22745.0,22762.0,22780.0,22799.0,22812.0,22826.0,22838.0,22851.0,22863.0,22881.0,22888.0,22897.0,22903.0,22922.0,22933
bhZ6W-FdRUU,5424.0,5427.0,5431.0,5435.0,5438.0,5441.0,5449.0,5451.0,5451.0,5451.0,5452.0,5452.0,5452.0,5453.0,5453.0,5454.0,5454.0,5456.0,5457.0,5457.0,5460.0,5462.0,5462.0,5463.0,5465.0,5467.0,5471.0,5471.0,5471.0,5473.0,5473.0,5476.0,5475.0,5476.0,5477.0,5479.0,5482.0,5483.0,5483.0,5485.0,5485.0,5487.0,5487.0,5488.0,5488.0,5488.0,5491.0,5496.0,5499.0,5499.0,5501.0,5502.0,5503.0,5503.0,5503.0,5504.0,5505.0,5505.0,5505.0,5507.0,5508.0,5512.0,5513.0,5515.0,5515.0,5517.0,5518.0,5518.0,5520.0,5521.0,5522.0,5523.0,5524.0,5524.0,5528.0,5529.0,5530.0,5531.0,5533.0,5533.0,5536.0,5539.0,5540.0,5540.0,5541.0,5541.0,5542.0,5544.0,5547.0,5546.0,5547.0,5547.0,5549.0,5552.0,5553.0,5553.0,5553.0,5555.0,5557.0,5559.0,5559.0,5560.0,5561.0,5563.0,5564.0,5566.0,5566.0,5568.0,5571.0,5572.0,5572.0,5573.0,5577.0,5578.0,5579.0,5580.0,5582.0,5586.0,5586.0,5587.0,5595.0,5601.0,5606.0,5612.0,5614.0,5616.0,5620.0,5624.0,5628.0,5631.0,5632.0,5632.0,5634.0,5635.0,,,,,,,,,5651.0,5651.0,5653.0,5655.0,5656.0,5658.0,5660.0,5665.0,5667.0,5667.0,5667.0,5672.0,5674.0,5675.0,5678.0,5681.0,5682.0,5684.0,5688.0,5688.0,5689.0,5690.0,5692.0,5694.0,5697.0,5698.0,5701.0,5701.0,5705.0,5708.0,5708.0,5710.0,5711.0,5712.0,5715.0,5717.0,5717.0,5718.0,5718.0,5723.0,5726.0,5728.0,5730.0,5731.0,5731.0,5733.0,5733.0,5734.0,5734.0,5735.0,5739.0,5741.0,5744.0,5749.0,5750.0,5754.0,5757.0,5761.0,5766.0,5768.0,5770.0,5774.0,5775.0,5776.0,5779.0,5780.0,5782.0,5782.0,5784.0,5786.0,5786.0,5788.0,5788.0,5789.0,5789.0,5790.0,5792.0,5792.0,5793.0,5794.0,5795.0,5796.0,5799.0,5801.0,5801.0,5801.0,5802.0,5804.0,5804.0,5804.0,5806.0,5806.0,5808.0,5812.0,5815.0,5817.0,5820.0,5822.0,5820.0,5823.0,5825.0,5826.0,5827.0,5832.0,5833.0,5836.0,5838.0,5840.0,5845.0,5846.0,5847.0,5848.0,5848.0,5850.0,5855.0,5860.0,5862.0,5865.0,5869.0,5873.0,5876.0,,5882.0,5885.0,5888.0,5891.0,5892.0,5894.0,5897.0,5897.0,5897.0,5899.0,5900.0,5901.0,5905.0,5910.0,5909.0,5912.0,5915.0,5916.0,5916.0,5919.0,5919.0,5919.0,5921.0,5922.0,5924.0,5925.0,5929.0,5930.0,5932.0,5935.0,5937.0,5941.0,5942.0,5943.0,5948.0,5950.0,5953.0,5954.0,5957.0,5955.0,5955.0,5957.0,5961.0,5967.0,5969.0,5974.0,5976.0,5979.0,5983.0,5987.0,5988.0,5990.0,5994.0,5994.0,5994.0,5995.0,5996.0,5996.0,5997.0,5997.0,5999.0,6001.0,6005.0,6005.0,6008.0,6010.0,6011.0,6016.0,6023.0,6040.0,6044.0,6049.0,6050.0,6057.0,6058.0,6058.0,6061.0,6064.0,6064.0,6066.0,6067.0,6070.0,6071.0,6073.0,6073.0,6073.0,6073.0,6073.0,6076.0,6079.0,6079.0,6080.0,6080.0,6082.0,6087.0,6088.0,6089.0,6090.0,6090.0,6095.0,6097.0,6098.0,6098.0,6098.0,6101.0,6104.0,6105.0,6107.0,6108.0,6112.0,6113.0,6113.0,6115.0,6116
_xH9DVCaAC8,53465.0,53469.0,53473.0,53475.0,53479.0,53484.0,53487.0,53494.0,53496.0,53498.0,53499.0,53502.0,53503.0,53506.0,53507.0,53512.0,53514.0,53515.0,53517.0,53522.0,53528.0,53534.0,53538.0,53543.0,53546.0,53552.0,53555.0,53558.0,53564.0,53573.0,53584.0,53587.0,53590.0,53598.0,53606.0,53609.0,53612.0,53614.0,53618.0,53619.0,53624.0,53628.0,53629.0,53630.0,53632.0,53633.0,53638.0,53640.0,53645.0,53651.0,53652.0,53652.0,53654.0,53658.0,53661.0,53663.0,53664.0,53666.0,53667.0,53670.0,53672.0,53674.0,53675.0,53679.0,53680.0,53686.0,53690.0,53694.0,53697.0,53698.0,53700.0,53701.0,53704.0,53706.0,53708.0,53712.0,53714.0,53716.0,53721.0,53722.0,53724.0,53727.0,53730.0,53733.0,53734.0,53736.0,53739.0,53739.0,53742.0,53746.0,53749.0,53752.0,53756.0,53759.0,53759.0,53759.0,53764.0,53766.0,53766.0,53767.0,53768.0,53769.0,53772.0,53772.0,53774.0,53779.0,53780.0,53780.0,53782.0,53784.0,53786.0,53787.0,53787.0,53788.0,53792.0,53794.0,53796.0,53799.0,53799.0,53804.0,53805.0,53808.0,53809.0,53809.0,53810.0,53812.0,53812.0,53812.0,53812.0,53813.0,53814.0,53815.0,53817.0,53817.0,,,,,,,,,53832.0,53833.0,53835.0,53841.0,53842.0,53844.0,53846.0,53848.0,53850.0,53854.0,53858.0,53861.0,53865.0,53866.0,53868.0,53869.0,53874.0,53878.0,53878.0,53880.0,53883.0,53885.0,53885.0,53888.0,53892.0,53895.0,53897.0,53904.0,53906.0,53906.0,53907.0,53908.0,53908.0,53911.0,53914.0,53920.0,53924.0,53926.0,53927.0,53928.0,53931.0,53933.0,53936.0,53941.0,53941.0,53943.0,53943.0,53945.0,53949.0,53952.0,53953.0,53955.0,53957.0,53963.0,53966.0,53972.0,53973.0,53976.0,53977.0,53977.0,53979.0,53982.0,53984.0,53985.0,53987.0,53989.0,53990.0,53991.0,53993.0,53993.0,53994.0,53994.0,54000.0,54000.0,54002.0,54002.0,54005.0,54008.0,54014.0,54014.0,54013.0,54017.0,54021.0,54026.0,54028.0,54031.0,54036.0,54039.0,54041.0,54043.0,54045.0,54045.0,54048.0,54048.0,54049.0,54051.0,54054.0,54055.0,54056.0,54058.0,54061.0,54062.0,54069.0,54072.0,54074.0,54074.0,54074.0,54076.0,54078.0,54079.0,54080.0,54082.0,54085.0,54085.0,54091.0,54093.0,54093.0,54093.0,54094.0,54094.0,54094.0,,54095.0,54096.0,54097.0,54098.0,54098.0,54098.0,54100.0,54101.0,54101.0,54104.0,54106.0,54107.0,54108.0,54109.0,54110.0,54110.0,54115.0,54118.0,54119.0,54121.0,54123.0,54126.0,54126.0,54128.0,54132.0,54134.0,54137.0,54142.0,54147.0,54147.0,54147.0,54150.0,54154.0,54154.0,54160.0,54161.0,54163.0,54163.0,54164.0,54166.0,54167.0,54168.0,54169.0,54171.0,54173.0,54177.0,54181.0,54187.0,54194.0,54198.0,54205.0,54210.0,54214.0,54215.0,54220.0,54224.0,54225.0,54228.0,54229.0,54229.0,54231.0,54231.0,54231.0,54231.0,54231.0,54236.0,54237.0,54241.0,54242.0,54242.0,54242.0,54243.0,54245.0,54245.0,54246.0,54248.0,54248.0,54251.0,54252.0,54252.0,54253.0,54254.0,54254.0,54255.0,54255.0,54255.0,54257.0,54258.0,54259.0,54264.0,54264.0,54266.0,54269.0,54271.0,54272.0,54274.0,54276.0,54276.0,54276.0,54276.0,54278.0,54282.0,54283.0,54283.0,54285.0,54287.0,54287.0,54288.0,54288.0,54292.0,54293.0,54295.0,54298.0,54301
VeijarGy2X0,17075.0,17076.0,17077.0,17078.0,17078.0,17078.0,17080.0,17083.0,17086.0,17086.0,17088.0,17089.0,17089.0,17090.0,17091.0,17092.0,17092.0,17094.0,17096.0,17099.0,17101.0,17105.0,17105.0,17108.0,17111.0,17113.0,17115.0,17115.0,17117.0,17118.0,17118.0,17122.0,17124.0,17126.0,17126.0,17126.0,17126.0,17128.0,17130.0,17131.0,17131.0,17132.0,17133.0,17135.0,17138.0,17139.0,17140.0,17140.0,17142.0,17145.0,17145.0,17147.0,17151.0,17154.0,17155.0,17155.0,17157.0,17157.0,17157.0,17160.0,17160.0,17160.0,17161.0,17162.0,17163.0,17163.0,17164.0,17164.0,17165.0,17166.0,17167.0,17170.0,17170.0,17171.0,17174.0,17174.0,17176.0,17176.0,17177.0,17177.0,17177.0,17177.0,17177.0,17179.0,17180.0,17182.0,17182.0,17182.0,17182.0,17183.0,17185.0,17188.0,17188.0,17189.0,17190.0,17190.0,17192.0,17192.0,17192.0,17192.0,17192.0,17194.0,17198.0,17201.0,17201.0,17204.0,17209.0,17209.0,17211.0,17212.0,17212.0,17215.0,17216.0,17218.0,17219.0,17220.0,17220.0,17220.0,17221.0,17221.0,17222.0,17223.0,17223.0,17225.0,17225.0,17228.0,17229.0,17229.0,17229.0,17230.0,17233.0,17233.0,17235.0,17237.0,,,,,,,,,17250.0,17252.0,17252.0,17254.0,17255.0,17257.0,17257.0,17257.0,17259.0,17260.0,17260.0,17260.0,17260.0,17261.0,17263.0,17263.0,17263.0,17265.0,17268.0,17268.0,17269.0,17271.0,17272.0,17273.0,17274.0,17276.0,17276.0,17276.0,17277.0,17277.0,17277.0,17278.0,17279.0,17280.0,17280.0,17280.0,17280.0,17280.0,17280.0,17280.0,17281.0,17283.0,17284.0,17284.0,17287.0,17287.0,17288.0,17289.0,17289.0,17289.0,17289.0,17289.0,17290.0,17292.0,17292.0,17293.0,17293.0,17294.0,17294.0,17299.0,17299.0,17301.0,17305.0,17306.0,17306.0,17307.0,17312.0,17312.0,17313.0,17314.0,17315.0,17315.0,17316.0,17317.0,17318.0,17321.0,17321.0,17321.0,17321.0,17323.0,17325.0,17325.0,17325.0,17326.0,17326.0,17326.0,17327.0,17327.0,17327.0,17327.0,17327.0,17327.0,17328.0,17329.0,17331.0,17332.0,17332.0,17335.0,17336.0,17338.0,17339.0,17339.0,17339.0,17340.0,17341.0,17341.0,17341.0,17342.0,17343.0,17344.0,17346.0,17346.0,17346.0,17348.0,17348.0,17349.0,17352.0,17352.0,17352.0,17353.0,17354.0,,17356.0,17356.0,17356.0,17356.0,17356.0,17358.0,17360.0,17361.0,17361.0,17361.0,17361.0,17361.0,17361.0,17361.0,17362.0,17363.0,17364.0,17364.0,17366.0,17367.0,17367.0,17368.0,17369.0,17372.0,17372.0,17373.0,17375.0,17377.0,17379.0,17379.0,17380.0,17384.0,17384.0,17384.0,17386.0,17386.0,17386.0,17386.0,17387.0,17387.0,17387.0,17387.0,17387.0,17387.0,17387.0,17387.0,17388.0,17389.0,17391.0,17392.0,17393.0,17394.0,17394.0,17394.0,17394.0,17394.0,17395.0,17397.0,17399.0,17399.0,17401.0,17402.0,17403.0,17405.0,17405.0,17405.0,17405.0,17407.0,17409.0,17411.0,17412.0,17412.0,17412.0,17412.0,17413.0,17414.0,17416.0,17416.0,17417.0,17417.0,17417.0,17419.0,17419.0,17419.0,17419.0,17419.0,17419.0,17420.0,17422.0,17422.0,17422.0,17422.0,17424.0,17424.0,17425.0,17426.0,17427.0,17427.0,17429.0,17429.0,17430.0,17430.0,17431.0,17431.0,17431.0,17431.0,17432.0,17436.0,17437.0,17437.0,17438.0,17439.0,17441.0,17443
kHygO__-WK0,508704.0,508748.0,508794.0,508842.0,508892.0,508937.0,508984.0,509025.0,509066.0,509108.0,509141.0,509178.0,509219.0,509239.0,509272.0,509298.0,509334.0,509377.0,509408.0,509441.0,509486.0,509513.0,509550.0,509586.0,509623.0,509656.0,509683.0,509731.0,509770.0,509819.0,509844.0,509881.0,509927.0,509968.0,510003.0,510036.0,510074.0,510117.0,510163.0,510191.0,510232.0,510258.0,510304.0,510333.0,510365.0,510406.0,510454.0,510499.0,510539.0,510619.0,510693.0,510797.0,510898.0,511017.0,511086.0,511132.0,511161.0,511210.0,511244.0,511274.0,511312.0,511337.0,511367.0,511398.0,511426.0,511470.0,511503.0,511532.0,511561.0,511595.0,511621.0,511657.0,511701.0,511722.0,511745.0,511772.0,511817.0,511855.0,511876.0,511901.0,511930.0,511959.0,511987.0,512030.0,512058.0,512094.0,512134.0,512168.0,512207.0,512231.0,512265.0,512299.0,512335.0,512381.0,512421.0,512449.0,512475.0,512510.0,512546.0,512573.0,512599.0,512623.0,512650.0,512671.0,512696.0,512712.0,512769.0,512805.0,512825.0,512850.0,512883.0,512921.0,512957.0,512988.0,513014.0,513036.0,513076.0,513114.0,513150.0,513178.0,513205.0,513227.0,513251.0,513282.0,513303.0,513345.0,513371.0,513419.0,513433.0,513476.0,513509.0,513533.0,513568.0,513594.0,,,,,,,,,513898.0,513938.0,513970.0,514015.0,514088.0,514151.0,514221.0,514306.0,514355.0,514385.0,514426.0,514463.0,514498.0,514525.0,514559.0,514613.0,514644.0,514674.0,514726.0,514756.0,514783.0,514809.0,514834.0,514866.0,514888.0,514912.0,514939.0,514964.0,514992.0,515020.0,515052.0,515085.0,515114.0,515130.0,515146.0,515167.0,515184.0,515206.0,515238.0,515258.0,515293.0,515327.0,515354.0,515384.0,515401.0,515439.0,515462.0,515488.0,515516.0,515542.0,515573.0,515615.0,515636.0,515674.0,515703.0,515730.0,515753.0,515773.0,515803.0,515826.0,515857.0,515880.0,515901.0,515936.0,515965.0,515988.0,516017.0,516037.0,516052.0,516077.0,516102.0,516137.0,516160.0,516200.0,516231.0,516253.0,516282.0,516302.0,516327.0,516359.0,516382.0,516401.0,516427.0,516455.0,516488.0,516504.0,516525.0,516541.0,516555.0,516581.0,516601.0,516623.0,516647.0,516666.0,516696.0,516728.0,516747.0,516780.0,516809.0,516829.0,516847.0,516864.0,516884.0,516906.0,516925.0,516943.0,516962.0,516981.0,516997.0,517010.0,517025.0,517037.0,517059.0,517091.0,517147.0,517209.0,517263.0,517292.0,517341.0,517396.0,517417.0,,517514.0,517561.0,517637.0,517705.0,517745.0,517798.0,517839.0,517871.0,517904.0,517932.0,517961.0,517990.0,518038.0,518071.0,518100.0,518139.0,518183.0,518227.0,518262.0,518300.0,518340.0,518382.0,518416.0,518454.0,518484.0,518514.0,518543.0,518572.0,518605.0,518627.0,518651.0,518679.0,518697.0,518720.0,518746.0,518762.0,518786.0,518806.0,518828.0,518855.0,518885.0,518912.0,518933.0,518964.0,518990.0,519013.0,519030.0,519048.0,519075.0,519093.0,519110.0,519124.0,519144.0,519163.0,519184.0,519199.0,519225.0,519244.0,519265.0,519283.0,519304.0,519323.0,519343.0,519365.0,519386.0,519415.0,519442.0,519459.0,519484.0,519498.0,519511.0,519533.0,519558.0,519574.0,519590.0,519624.0,519635.0,519649.0,519670.0,519685.0,519708.0,519718.0,519739.0,519759.0,519778.0,519791.0,519803.0,519820.0,519845.0,519870.0,519885.0,519896.0,519916.0,519941.0,519963.0,519984.0,520004.0,520023.0,520050.0,520077.0,520095.0,520108.0,520136.0,520150.0,520169.0,520184.0,520194.0,520209.0,520220.0,520238.0,520248.0,520264.0,520276.0,520291
pSzZbIsmVM8,65804.0,65809.0,65824.0,65835.0,65845.0,65852.0,65865.0,65872.0,65882.0,65893.0,65905.0,65914.0,65922.0,65934.0,65946.0,65961.0,65971.0,65984.0,66001.0,66018.0,66033.0,66045.0,66056.0,66062.0,66070.0,66082.0,66089.0,66096.0,66102.0,66117.0,66128.0,66140.0,66159.0,66168.0,66176.0,66183.0,66197.0,66208.0,66219.0,66224.0,66233.0,66239.0,66247.0,66253.0,66259.0,66267.0,66274.0,66285.0,66297.0,66309.0,66316.0,66325.0,66333.0,66339.0,66342.0,66349.0,66357.0,66366.0,66377.0,66384.0,66388.0,66396.0,66402.0,66409.0,66413.0,66434.0,66446.0,66455.0,66461.0,66477.0,66483.0,66496.0,66502.0,66511.0,66521.0,66529.0,66540.0,66552.0,66561.0,66566.0,66580.0,66586.0,66592.0,66610.0,66616.0,66622.0,66633.0,66637.0,66647.0,66662.0,66670.0,66679.0,66684.0,66692.0,66699.0,66708.0,66727.0,66739.0,66745.0,66757.0,66761.0,66766.0,66777.0,66786.0,66797.0,66804.0,66812.0,66822.0,66837.0,66844.0,66853.0,66856.0,66865.0,66870.0,66885.0,66891.0,66898.0,66903.0,66915.0,66923.0,66937.0,66944.0,66953.0,66966.0,66979.0,66992.0,66999.0,67007.0,67020.0,67028.0,67042.0,67056.0,67068.0,67082.0,,,,,,,,,67166.0,67177.0,67190.0,67199.0,67211.0,67225.0,67238.0,67250.0,67267.0,67273.0,67279.0,67298.0,67315.0,67325.0,67337.0,67344.0,67351.0,67363.0,67380.0,67389.0,67394.0,67403.0,67408.0,67413.0,67421.0,67430.0,67437.0,67445.0,67454.0,67460.0,67469.0,67481.0,67494.0,67499.0,67504.0,67511.0,67520.0,67531.0,67543.0,67553.0,67564.0,67573.0,67579.0,67584.0,67595.0,67602.0,67609.0,67615.0,67622.0,67630.0,67633.0,67634.0,67642.0,67654.0,67659.0,67665.0,67668.0,67678.0,67684.0,67689.0,67693.0,67696.0,67704.0,67710.0,67717.0,67732.0,67743.0,67750.0,67756.0,67766.0,67773.0,67778.0,67781.0,67789.0,67795.0,67802.0,67804.0,67812.0,67815.0,67820.0,67828.0,67834.0,67843.0,67849.0,67857.0,67862.0,67871.0,67882.0,67887.0,67894.0,67909.0,67918.0,67939.0,67951.0,67958.0,67967.0,67974.0,67984.0,67988.0,67996.0,68004.0,68007.0,68012.0,68021.0,68031.0,68041.0,68046.0,68050.0,68058.0,68065.0,68070.0,68079.0,68093.0,68097.0,68106.0,68115.0,68121.0,68129.0,68133.0,68145.0,68152.0,,68166.0,68170.0,68178.0,68183.0,68192.0,68198.0,68203.0,68206.0,68213.0,68222.0,68229.0,68240.0,68245.0,68256.0,68267.0,68279.0,68293.0,68301.0,68305.0,68316.0,68331.0,68340.0,68354.0,68367.0,68373.0,68382.0,68401.0,68407.0,68414.0,68424.0,68434.0,68442.0,68449.0,68458.0,68472.0,68487.0,68508.0,68517.0,68532.0,68539.0,68552.0,68562.0,68573.0,68592.0,68607.0,68628.0,68637.0,68643.0,68649.0,68656.0,68666.0,68684.0,68694.0,68708.0,68715.0,68721.0,68734.0,68744.0,68757.0,68773.0,68784.0,68790.0,68803.0,68820.0,68825.0,68841.0,68853.0,68861.0,68873.0,68879.0,68890.0,68908.0,68923.0,68935.0,68945.0,68953.0,68968.0,68981.0,68989.0,68999.0,69008.0,69019.0,69025.0,69037.0,69045.0,69055.0,69068.0,69078.0,69096.0,69108.0,69124.0,69132.0,69145.0,69159.0,69180.0,69190.0,69202.0,69213.0,69227.0,69243.0,69269.0,69280.0,69302.0,69339.0,69355.0,69381.0,69409.0,69435.0,69456.0,69477.0,69493.0,69522.0,69538.0,69555
yhe0QukH4QE,4446194.0,4446574.0,4446980.0,4447466.0,4447920.0,4448417.0,4448909.0,4449371.0,4449829.0,4450231.0,4450679.0,4451067.0,4451434.0,4451813.0,4452220.0,4452658.0,4453127.0,4453501.0,4453911.0,4454243.0,4454646.0,4455038.0,4455427.0,4455865.0,4456293.0,4456688.0,4457103.0,4457529.0,4457918.0,4458327.0,4458683.0,4458991.0,4459344.0,4459758.0,4460116.0,4460448.0,4460878.0,4461300.0,4461705.0,4462086.0,4462472.0,4462803.0,4463177.0,4463529.0,4463940.0,4464264.0,4464603.0,4464910.0,4465286.0,4465651.0,4466019.0,4466376.0,4466725.0,4467030.0,4467310.0,4467624.0,4467943.0,4468242.0,4468569.0,4468870.0,4469203.0,4469520.0,4469802.0,4470127.0,4470445.0,4470762.0,4471117.0,4471429.0,4471675.0,4472078.0,4472378.0,4472630.0,4472918.0,4473220.0,4473506.0,4473761.0,4473994.0,4474297.0,4474537.0,4474792.0,4475075.0,4475335.0,4475588.0,4475847.0,4476097.0,4476352.0,4476617.0,4476854.0,4477128.0,4477369.0,4477593.0,4477796.0,4478052.0,4478284.0,4478532.0,4478740.0,4478919.0,4479156.0,4479369.0,4479586.0,4479782.0,4479996.0,4480247.0,4480497.0,4480717.0,4480950.0,4481190.0,4481380.0,4481619.0,4481817.0,4482043.0,4482251.0,4482493.0,4482704.0,4482942.0,4483178.0,4483398.0,4483581.0,4483788.0,4483959.0,4484181.0,4484428.0,4484656.0,4484863.0,4485080.0,4485324.0,4485549.0,4485778.0,4486011.0,4486237.0,4486460.0,4486689.0,4486927.0,4487126.0,,,,,,,,,4489038.0,4489271.0,4489477.0,4489697.0,4489906.0,4490222.0,4490602.0,4490923.0,4491316.0,4491627.0,4491927.0,4492233.0,4492554.0,4492862.0,4493107.0,4493406.0,4493691.0,4493920.0,4494185.0,4494433.0,4494664.0,4494939.0,4495142.0,4495373.0,4495626.0,4495859.0,4496097.0,4496327.0,4496589.0,4496864.0,4497122.0,4497371.0,4497597.0,4497826.0,4498094.0,4498331.0,4498576.0,4498792.0,4499056.0,4499427.0,4499746.0,4500060.0,4500326.0,4500547.0,4500768.0,4501055.0,4501306.0,4501527.0,4501785.0,4502068.0,4502345.0,4502577.0,4502830.0,4503133.0,4503385.0,4503666.0,4503980.0,4504332.0,4504605.0,4504916.0,4505181.0,4505406.0,4505666.0,4505926.0,4506156.0,4506416.0,4506673.0,4506947.0,4507180.0,4507398.0,4507687.0,4507974.0,4508235.0,4508527.0,4508774.0,4509015.0,4509289.0,4509551.0,4509796.0,4510039.0,4510274.0,4510514.0,4510773.0,4511039.0,4511332.0,4511586.0,4511818.0,4512016.0,4512260.0,4512526.0,4512787.0,4513095.0,4513329.0,4513663.0,4513938.0,4514175.0,4514418.0,4514707.0,4514960.0,4515257.0,4515500.0,4515766.0,4516016.0,4516240.0,4516521.0,4516786.0,4517046.0,4517324.0,4517537.0,4517722.0,4517957.0,4518177.0,4518420.0,4518642.0,4518895.0,4519137.0,4519391.0,4519608.0,4519855.0,4520121.0,4520357.0,,4520788.0,4521051.0,4521253.0,4521465.0,4521678.0,4521912.0,4522107.0,4522316.0,4522563.0,4522741.0,4522952.0,4523167.0,4523354.0,4523539.0,4523699.0,4523911.0,4524140.0,4524350.0,4524594.0,4524803.0,4525004.0,4525187.0,4525395.0,4525584.0,4525812.0,4526039.0,4526203.0,4526432.0,4526686.0,4526957.0,4527176.0,4527426.0,4527681.0,4527914.0,4528141.0,4528411.0,4528666.0,4528858.0,4529067.0,4529288.0,4529516.0,4529741.0,4529993.0,4530200.0,4530487.0,4530714.0,4530958.0,4531199.0,4531422.0,4531628.0,4531845.0,4532035.0,4532261.0,4532493.0,4532694.0,4532914.0,4533163.0,4533389.0,4533704.0,4533960.0,4534201.0,4534438.0,4534718.0,4534974.0,4535390.0,4535801.0,4536199.0,4536584.0,4536938.0,4537334.0,4537885.0,4538259.0,4538601.0,4539001.0,4539341.0,4539724.0,4540063.0,4540428.0,4540725.0,4540978.0,4541286.0,4541547.0,4541791.0,4542093.0,4542351.0,4542623.0,4542901.0,4543156.0,4543426.0,4543652.0,4543905.0,4544196.0,4544440.0,4544703.0,4544908.0,4545194.0,4545451.0,4545716.0,4546021.0,4546339.0,4546627.0,4546903.0,4547189.0,4547436.0,4547668.0,4547906.0,4548130.0,4548408.0,4548598.0,4548871.0,4549142.0,4549349.0,4549639.0,4549874
8nMnc98S6B0,208677.0,208760.0,208846.0,208921.0,209011.0,209084.0,209209.0,209302.0,209403.0,209491.0,209567.0,209643.0,209734.0,209844.0,209954.0,210094.0,210219.0,210306.0,210428.0,210560.0,210682.0,210789.0,210925.0,211035.0,211151.0,211274.0,211424.0,211550.0,211670.0,211818.0,211945.0,212022.0,212115.0,212216.0,212364.0,212496.0,212618.0,212705.0,212773.0,212876.0,212954.0,213060.0,213151.0,213241.0,213353.0,213433.0,213504.0,213600.0,213717.0,213815.0,213909.0,213976.0,214036.0,214101.0,214175.0,214243.0,214322.0,214394.0,214486.0,214540.0,214624.0,214716.0,214806.0,214903.0,215026.0,215163.0,215297.0,215408.0,215525.0,215657.0,215766.0,215848.0,215915.0,215986.0,216054.0,216142.0,216211.0,216295.0,216387.0,216482.0,216557.0,216665.0,216746.0,216845.0,216925.0,217024.0,217111.0,217198.0,217277.0,217353.0,217433.0,217506.0,217614.0,217689.0,217765.0,217846.0,217946.0,218063.0,218154.0,218230.0,218314.0,218397.0,218490.0,218586.0,218694.0,218786.0,218891.0,218948.0,219015.0,219086.0,219156.0,219242.0,219317.0,219401.0,219462.0,219540.0,219622.0,219692.0,219751.0,219843.0,219922.0,219977.0,220034.0,220081.0,220134.0,220183.0,220254.0,220321.0,220407.0,220461.0,220542.0,220621.0,220699.0,220774.0,,,,,,,,,221414.0,221475.0,221532.0,221605.0,221680.0,221768.0,221851.0,221908.0,221982.0,222100.0,222180.0,222261.0,222393.0,222515.0,222609.0,222691.0,222806.0,222943.0,223079.0,223207.0,223294.0,223369.0,223441.0,223532.0,223627.0,223721.0,223849.0,223962.0,224063.0,224164.0,224312.0,224408.0,224505.0,224623.0,224727.0,224820.0,224918.0,225014.0,225109.0,225279.0,225420.0,225562.0,225670.0,225760.0,225854.0,225979.0,226096.0,226198.0,226291.0,226390.0,226478.0,226581.0,226681.0,226804.0,226892.0,227007.0,227116.0,227212.0,227328.0,227458.0,227566.0,227650.0,227734.0,227821.0,227902.0,227962.0,228042.0,228121.0,228184.0,228257.0,228350.0,228446.0,228553.0,228619.0,228716.0,228818.0,228915.0,229007.0,229105.0,229187.0,229254.0,229361.0,229459.0,229574.0,229688.0,229757.0,229846.0,229965.0,230074.0,230178.0,230321.0,230461.0,230637.0,230748.0,230865.0,230979.0,231101.0,231236.0,231355.0,231487.0,231594.0,231727.0,231885.0,232012.0,232152.0,232276.0,232375.0,232488.0,232633.0,232735.0,232856.0,232973.0,233079.0,233192.0,233289.0,233382.0,233454.0,233550.0,233652.0,233792.0,233888.0,,234072.0,234193.0,234285.0,234426.0,234545.0,234648.0,234742.0,234851.0,234959.0,235082.0,235168.0,235294.0,235390.0,235508.0,235620.0,235722.0,235843.0,235970.0,236101.0,236225.0,236349.0,236473.0,236557.0,236656.0,236797.0,236876.0,236943.0,237040.0,237131.0,237184.0,237271.0,237334.0,237407.0,237457.0,237506.0,237575.0,237636.0,237694.0,237759.0,237815.0,237861.0,237902.0,237972.0,238035.0,238094.0,238171.0,238251.0,238329.0,238410.0,238529.0,238630.0,238742.0,238867.0,238946.0,239010.0,239070.0,239164.0,239242.0,239317.0,239381.0,239440.0,239513.0,239563.0,239626.0,239693.0,239763.0,239869.0,239955.0,240021.0,240111.0,240209.0,240319.0,240414.0,240540.0,240642.0,240756.0,240874.0,241018.0,241207.0,241325.0,241437.0,241544.0,241617.0,241693.0,241780.0,241853.0,241922.0,242003.0,242070.0,242160.0,242231.0,242293.0,242370.0,242455.0,242546.0,242614.0,242684.0,242755.0,242819.0,242877.0,242962.0,243052.0,243118.0,243203.0,243269.0,243351.0,243427.0,243500.0,243570.0,243652.0,243733.0,243779.0,243847.0,243912
GEoR4K1nvYI,59717.0,59753.0,59771.0,59806.0,59824.0,59854.0,59878.0,59913.0,59936.0,59969.0,59992.0,60021.0,60051.0,60075.0,60102.0,60144.0,60180.0,60205.0,60247.0,60278.0,60320.0,60352.0,60396.0,60430.0,60474.0,60501.0,60539.0,60570.0,60607.0,60649.0,60682.0,60726.0,60760.0,60795.0,60836.0,60882.0,60904.0,60938.0,60955.0,60981.0,60992.0,61017.0,61039.0,61073.0,61098.0,61119.0,61140.0,61169.0,61190.0,61220.0,61246.0,61265.0,61287.0,61310.0,61335.0,61360.0,61380.0,61406.0,61424.0,61445.0,61472.0,61502.0,61533.0,61560.0,61581.0,61605.0,61628.0,61654.0,61668.0,61692.0,61708.0,61725.0,61748.0,61772.0,61808.0,61829.0,61855.0,61892.0,61945.0,61979.0,62005.0,62044.0,62074.0,62104.0,62137.0,62179.0,62199.0,62222.0,62235.0,62263.0,62290.0,62321.0,62347.0,62373.0,62422.0,62456.0,62489.0,62515.0,62548.0,62575.0,62590.0,62624.0,62649.0,62682.0,62704.0,62735.0,62767.0,62792.0,62812.0,62838.0,62861.0,62874.0,62897.0,62918.0,62935.0,62953.0,62969.0,62992.0,63010.0,63027.0,63048.0,63065.0,63090.0,63111.0,63137.0,63152.0,63178.0,63191.0,63215.0,63233.0,63257.0,63277.0,63299.0,63317.0,,,,,,,,,63484.0,63520.0,63536.0,63561.0,63578.0,63602.0,63619.0,63641.0,63657.0,63681.0,63706.0,63717.0,63748.0,63766.0,63779.0,63801.0,63813.0,63829.0,63842.0,63859.0,63878.0,63893.0,63912.0,63927.0,63949.0,63970.0,63989.0,64021.0,64036.0,64057.0,64085.0,64116.0,64140.0,64170.0,64194.0,64203.0,64213.0,64231.0,64254.0,64272.0,64287.0,64310.0,64330.0,64365.0,64390.0,64417.0,64434.0,64458.0,64480.0,64494.0,64514.0,64530.0,64548.0,64563.0,64579.0,64596.0,64619.0,64652.0,64680.0,64710.0,64744.0,64768.0,64791.0,64809.0,64837.0,64857.0,64887.0,64924.0,64952.0,64975.0,65004.0,65029.0,65061.0,65090.0,65110.0,65140.0,65180.0,65223.0,65248.0,65272.0,65295.0,65319.0,65340.0,65375.0,65413.0,65436.0,65454.0,65481.0,65512.0,65543.0,65581.0,65602.0,65621.0,65640.0,65671.0,65696.0,65751.0,65791.0,65831.0,65872.0,65902.0,65946.0,65983.0,66021.0,66058.0,66090.0,66122.0,66153.0,66174.0,66217.0,66245.0,66288.0,66313.0,66352.0,66377.0,66403.0,66421.0,66452.0,66482.0,66503.0,66539.0,,66579.0,66602.0,66637.0,66680.0,66716.0,66748.0,66775.0,66807.0,66829.0,66850.0,66874.0,66899.0,66920.0,66949.0,66975.0,66996.0,67030.0,67053.0,67078.0,67098.0,67132.0,67177.0,67217.0,67243.0,67276.0,67296.0,67314.0,67341.0,67380.0,67404.0,67434.0,67454.0,67483.0,67506.0,67519.0,67548.0,67564.0,67589.0,67612.0,67640.0,67657.0,67678.0,67708.0,67740.0,67759.0,67780.0,67812.0,67840.0,67868.0,67893.0,67920.0,67946.0,67963.0,67980.0,68001.0,68025.0,68051.0,68084.0,68110.0,68145.0,68175.0,68202.0,68217.0,68292.0,68355.0,68382.0,68417.0,68440.0,68467.0,68487.0,68520.0,68552.0,68594.0,68630.0,68670.0,68709.0,68775.0,68849.0,68900.0,68965.0,69038.0,69090.0,69126.0,69162.0,69198.0,69227.0,69243.0,69274.0,69316.0,69355.0,69380.0,69413.0,69459.0,69515.0,69567.0,69614.0,69643.0,69683.0,69827.0,69913.0,69978.0,70061.0,70134.0,70182.0,70216.0,70285.0,70347.0,70383.0,70420.0,70458.0,70490.0,70524.0,70548.0,70582
rBfByarq5aA,78735.0,78849.0,78933.0,79024.0,79100.0,79179.0,79268.0,79376.0,79507.0,79602.0,79709.0,79791.0,79880.0,79982.0,80102.0,80212.0,80328.0,80484.0,80608.0,80709.0,80858.0,81003.0,81145.0,81227.0,81330.0,81475.0,81580.0,81669.0,81789.0,81899.0,82006.0,82115.0,82226.0,82326.0,82445.0,82549.0,82658.0,82772.0,82833.0,82931.0,83027.0,83171.0,83283.0,83363.0,83468.0,83558.0,83672.0,83779.0,83894.0,83995.0,84066.0,84132.0,84193.0,84264.0,84331.0,84401.0,84442.0,84504.0,84553.0,84601.0,84679.0,84753.0,84826.0,84897.0,84944.0,85016.0,85084.0,85143.0,85193.0,85277.0,85345.0,85416.0,85477.0,85528.0,85584.0,85649.0,85711.0,85798.0,85921.0,86005.0,86080.0,86192.0,86252.0,86346.0,86438.0,86548.0,86631.0,86705.0,86785.0,86867.0,86944.0,87017.0,87105.0,87194.0,87279.0,87363.0,87438.0,87509.0,87591.0,87653.0,87725.0,87790.0,87886.0,87971.0,88073.0,88175.0,88253.0,88331.0,88392.0,88450.0,88509.0,88594.0,88686.0,88802.0,88898.0,88978.0,89085.0,89160.0,89271.0,89406.0,89493.0,89581.0,89649.0,89735.0,89830.0,89926.0,90034.0,90118.0,90183.0,90240.0,90304.0,90384.0,90485.0,90557.0,,,,,,,,,91327.0,91406.0,91469.0,91550.0,91633.0,91711.0,91799.0,91873.0,92011.0,92091.0,92181.0,92296.0,92485.0,92653.0,92770.0,92870.0,92980.0,93092.0,93190.0,93283.0,93365.0,93417.0,93492.0,93591.0,93666.0,93736.0,93820.0,93894.0,93983.0,94043.0,94127.0,94225.0,94322.0,94434.0,94535.0,94616.0,94713.0,94801.0,94898.0,94978.0,95056.0,95135.0,95220.0,95311.0,95404.0,95498.0,95636.0,95727.0,95874.0,95971.0,96041.0,96130.0,96198.0,96302.0,96405.0,96496.0,96577.0,96646.0,96762.0,96868.0,96997.0,97083.0,97190.0,97290.0,97376.0,97461.0,97571.0,97654.0,97745.0,97857.0,97944.0,98016.0,98085.0,98206.0,98358.0,98448.0,98544.0,98651.0,98735.0,98852.0,98998.0,99109.0,99225.0,99367.0,99510.0,99637.0,99772.0,99910.0,100026.0,100148.0,100263.0,100369.0,100471.0,100558.0,100648.0,100785.0,100910.0,101055.0,101160.0,101268.0,101410.0,101544.0,101678.0,101782.0,101926.0,102050.0,102193.0,102292.0,102438.0,102542.0,102663.0,102791.0,102899.0,102989.0,103089.0,103185.0,103275.0,103352.0,103434.0,103508.0,103604.0,,103762.0,103827.0,103911.0,104011.0,104094.0,104170.0,104239.0,104330.0,104429.0,104504.0,104594.0,104670.0,104754.0,104829.0,104919.0,104993.0,105096.0,105208.0,105341.0,105436.0,105549.0,105653.0,105762.0,105858.0,105958.0,106020.0,106097.0,106186.0,106271.0,106326.0,106404.0,106485.0,106564.0,106627.0,106700.0,106761.0,106836.0,106901.0,106980.0,107045.0,107095.0,107149.0,107205.0,107266.0,107332.0,107408.0,107534.0,107682.0,107851.0,108071.0,108209.0,108348.0,108497.0,108597.0,108689.0,108797.0,108968.0,109088.0,109200.0,109305.0,109431.0,109532.0,109616.0,109738.0,109868.0,110028.0,110258.0,110428.0,110577.0,110808.0,111009.0,111203.0,111423.0,111698.0,111942.0,112131.0,112348.0,112542.0,112778.0,112938.0,113115.0,113311.0,113433.0,113536.0,113644.0,113717.0,113823.0,113915.0,114008.0,114085.0,114139.0,114246.0,114367.0,114481.0,114605.0,114687.0,114753.0,114830.0,114916.0,114986.0,115063.0,115144.0,115201.0,115273.0,115351.0,115435.0,115547.0,115653.0,115728.0,115806.0,115869.0,115960.0,116050.0,116129
6cNJrP4MWro,329.0,330.0,335.0,335.0,335.0,335.0,335.0,336.0,336.0,336.0,336.0,336.0,337.0,337.0,337.0,337.0,337.0,337.0,337.0,337.0,337.0,337.0,337.0,337.0,337.0,337.0,338.0,338.0,338.0,338.0,339.0,343.0,347.0,347.0,347.0,348.0,349.0,351.0,351.0,351.0,351.0,351.0,351.0,351.0,352.0,352.0,354.0,357.0,357.0,360.0,360.0,360.0,361.0,361.0,361.0,362.0,363.0,363.0,363.0,367.0,369.0,370.0,371.0,372.0,372.0,372.0,373.0,373.0,373.0,373.0,373.0,374.0,374.0,374.0,376.0,376.0,376.0,376.0,377.0,377.0,377.0,377.0,377.0,377.0,377.0,377.0,377.0,377.0,377.0,377.0,377.0,377.0,377.0,377.0,377.0,377.0,377.0,377.0,378.0,379.0,380.0,380.0,380.0,380.0,381.0,381.0,381.0,382.0,382.0,382.0,383.0,386.0,387.0,388.0,389.0,390.0,390.0,390.0,390.0,390.0,390.0,390.0,391.0,392.0,393.0,393.0,393.0,393.0,393.0,393.0,393.0,393.0,394.0,394.0,,,,,,,,,396.0,396.0,396.0,396.0,396.0,396.0,397.0,398.0,400.0,400.0,401.0,401.0,401.0,401.0,401.0,401.0,401.0,401.0,401.0,402.0,403.0,404.0,404.0,404.0,404.0,404.0,404.0,404.0,404.0,404.0,404.0,404.0,404.0,404.0,404.0,404.0,404.0,404.0,404.0,404.0,404.0,404.0,404.0,404.0,404.0,405.0,405.0,405.0,405.0,405.0,405.0,405.0,405.0,405.0,405.0,405.0,405.0,405.0,405.0,405.0,406.0,407.0,407.0,409.0,409.0,411.0,411.0,411.0,411.0,411.0,411.0,411.0,412.0,412.0,413.0,413.0,413.0,413.0,414.0,414.0,414.0,414.0,414.0,415.0,415.0,415.0,415.0,418.0,419.0,419.0,419.0,419.0,419.0,419.0,419.0,419.0,419.0,419.0,419.0,421.0,421.0,421.0,421.0,421.0,421.0,421.0,423.0,423.0,423.0,423.0,423.0,424.0,425.0,425.0,425.0,425.0,425.0,425.0,425.0,425.0,425.0,,425.0,427.0,427.0,427.0,427.0,429.0,430.0,430.0,431.0,433.0,433.0,433.0,434.0,434.0,434.0,434.0,434.0,434.0,434.0,434.0,434.0,434.0,434.0,435.0,437.0,440.0,441.0,463.0,468.0,471.0,477.0,482.0,482.0,482.0,484.0,484.0,484.0,484.0,485.0,485.0,486.0,486.0,486.0,486.0,487.0,487.0,487.0,487.0,487.0,495.0,495.0,495.0,497.0,497.0,497.0,502.0,503.0,503.0,503.0,507.0,507.0,507.0,507.0,507.0,507.0,507.0,508.0,508.0,510.0,511.0,512.0,512.0,512.0,512.0,512.0,512.0,512.0,512.0,513.0,514.0,517.0,517.0,518.0,518.0,520.0,521.0,521.0,521.0,521.0,521.0,522.0,523.0,523.0,523.0,524.0,524.0,524.0,524.0,524.0,524.0,524.0,524.0,524.0,524.0,524.0,524.0,525.0,525.0,525.0,525.0,526.0,526.0,526.0,526
xH9Cx9_54gM,1118442.0,1118853.0,1119166.0,1119500.0,1119831.0,1120206.0,1120506.0,1120868.0,1121248.0,1121600.0,1121961.0,1122303.0,1122641.0,1122950.0,1123251.0,1123557.0,1123811.0,1124053.0,1124376.0,1124672.0,1124984.0,1125237.0,1125582.0,1125890.0,1126188.0,1126500.0,1126972.0,1127511.0,1128012.0,1128473.0,1128917.0,1129348.0,1129739.0,1130177.0,1130615.0,1131032.0,1131523.0,1132003.0,1132381.0,1132815.0,1133293.0,1133663.0,1134126.0,1134690.0,1135168.0,1135538.0,1136013.0,1136426.0,1136871.0,1137379.0,1137849.0,1138375.0,1138837.0,1139312.0,1139830.0,1140428.0,1140957.0,1141427.0,1141846.0,1142315.0,1142726.0,1143211.0,1143638.0,1144143.0,1144575.0,1145063.0,1145414.0,1145787.0,1146115.0,1146575.0,1147046.0,1147501.0,1147912.0,1148389.0,1148811.0,1149321.0,1149813.0,1150318.0,1150808.0,1151323.0,1151716.0,1152139.0,1152578.0,1153032.0,1153453.0,1153896.0,1154323.0,1154766.0,1155169.0,1155623.0,1156124.0,1156613.0,1157109.0,1157547.0,1157941.0,1158403.0,1158891.0,1159267.0,1159634.0,1160058.0,1160499.0,1160958.0,1161376.0,1161862.0,1162323.0,1162804.0,1163172.0,1163559.0,1163897.0,1164319.0,1164806.0,1165309.0,1165751.0,1166137.0,1166585.0,1166996.0,1167446.0,1167902.0,1168314.0,1168750.0,1169197.0,1169575.0,1169970.0,1170378.0,1170855.0,1171218.0,1171629.0,1172064.0,1172413.0,1172721.0,1173050.0,1173464.0,1173875.0,1174204.0,,,,,,,,,1177323.0,1177606.0,1177924.0,1178240.0,1178609.0,1178936.0,1179252.0,1179517.0,1179814.0,1180142.0,1180437.0,1180787.0,1181107.0,1181414.0,1181692.0,1181955.0,1182215.0,1182527.0,1182832.0,1183087.0,1183438.0,1183742.0,1184042.0,1184297.0,1184638.0,1184943.0,1185255.0,1185576.0,1185917.0,1186235.0,1186551.0,1186904.0,1187207.0,1187539.0,1187885.0,1188179.0,1188578.0,1188962.0,1189409.0,1189864.0,1190265.0,1190639.0,1191054.0,1191452.0,1191882.0,1192325.0,1192715.0,1193087.0,1193471.0,1193892.0,1194262.0,1194645.0,1195013.0,1195419.0,1195868.0,1196377.0,1196878.0,1197318.0,1197815.0,1198275.0,1198802.0,1199231.0,1199714.0,1200100.0,1200535.0,1201025.0,1201481.0,1202024.0,1202457.0,1202831.0,1203296.0,1203774.0,1204187.0,1204640.0,1205083.0,1205501.0,1205916.0,1206360.0,1206734.0,1207131.0,1207526.0,1207934.0,1208342.0,1208769.0,1209187.0,1209545.0,1209925.0,1210341.0,1210752.0,1211152.0,1211535.0,1212106.0,1212633.0,1212968.0,1213377.0,1213743.0,1214138.0,1214573.0,1214990.0,1215380.0,1215765.0,1216124.0,1216608.0,1217028.0,1217536.0,1218043.0,1218411.0,1218775.0,1219166.0,1219786.0,1220286.0,1220722.0,1221138.0,1221518.0,1222054.0,1222438.0,1222931.0,1223329.0,1223814.0,1224245.0,1224595.0,,1225334.0,1225790.0,1226178.0,1226593.0,1226981.0,1227356.0,1227719.0,1228136.0,1228546.0,1229032.0,1229493.0,1229963.0,1230360.0,1230755.0,1231232.0,1231576.0,1231972.0,1232407.0,1233018.0,1233549.0,1234145.0,1234732.0,1235269.0,1235858.0,1236424.0,1236969.0,1237441.0,1237854.0,1238337.0,1238722.0,1239191.0,1239652.0,1240141.0,1240512.0,1240931.0,1241361.0,1241814.0,1242320.0,1242736.0,1243212.0,1243594.0,1244057.0,1244533.0,1244957.0,1245315.0,1245719.0,1246244.0,1246611.0,1247032.0,1247392.0,1247735.0,1248123.0,1248478.0,1248801.0,1249041.0,1249290.0,1249581.0,1249888.0,1250274.0,1250640.0,1250975.0,1251299.0,1251598.0,1252027.0,1252503.0,1252879.0,1253267.0,1253557.0,1253905.0,1254174.0,1254422.0,1254723.0,1255046.0,1255342.0,1255655.0,1255981.0,1256373.0,1256843.0,1257242.0,1257599.0,1258029.0,1258436.0,1258765.0,1259049.0,1259400.0,1259693.0,1259974.0,1260313.0,1260673.0,1260991.0,1261337.0,1261714.0,1262125.0,1262547.0,1262934.0,1263295.0,1263628.0,1263972.0,1264375.0,1264735.0,1265073.0,1265395.0,1265734.0,1266055.0,1266361.0,1266757.0,1267133.0,1267568.0,1267914.0,1268244.0,1268575.0,1268886.0,1269292.0,1269683
E4GqenRvXhk,20552.0,20558.0,20561.0,20566.0,20569.0,20570.0,20574.0,20580.0,20581.0,20586.0,20593.0,20595.0,20605.0,20610.0,20615.0,20620.0,20627.0,20628.0,20633.0,20641.0,20647.0,20650.0,20655.0,20662.0,20664.0,20666.0,20670.0,20679.0,20683.0,20687.0,20693.0,20695.0,20699.0,20706.0,20712.0,20711.0,20714.0,20718.0,20723.0,20729.0,20733.0,20736.0,20740.0,20745.0,20756.0,20760.0,20761.0,20764.0,20770.0,20775.0,20777.0,20784.0,20783.0,20789.0,20793.0,20797.0,20801.0,20804.0,20807.0,20816.0,20821.0,20822.0,20825.0,20834.0,20835.0,20838.0,20843.0,20848.0,20856.0,20861.0,20869.0,20877.0,20879.0,20881.0,20884.0,20889.0,20893.0,20898.0,20903.0,20910.0,20911.0,20914.0,20920.0,20923.0,20929.0,20930.0,20931.0,20935.0,20941.0,20949.0,20951.0,20961.0,20971.0,20977.0,20985.0,20989.0,20993.0,20998.0,21002.0,21004.0,21011.0,21015.0,21018.0,21027.0,21039.0,21047.0,21056.0,21062.0,21069.0,21068.0,21076.0,21078.0,21080.0,21090.0,21094.0,21097.0,21102.0,21108.0,21115.0,21119.0,21126.0,21129.0,21131.0,21138.0,21145.0,21151.0,21152.0,21156.0,21164.0,21167.0,21171.0,21173.0,21182.0,21191.0,,,,,,,,,21247.0,21251.0,21259.0,21273.0,21282.0,21286.0,21297.0,21308.0,21316.0,21326.0,21342.0,21355.0,21365.0,21380.0,21400.0,21420.0,21449.0,21490.0,21513.0,21533.0,21547.0,21563.0,21589.0,21612.0,21628.0,21639.0,21656.0,21684.0,21698.0,21716.0,21730.0,21754.0,21767.0,21788.0,21827.0,21855.0,21883.0,21942.0,21994.0,22065.0,22114.0,22166.0,22226.0,22287.0,22346.0,22411.0,22490.0,22608.0,22702.0,22788.0,22882.0,22991.0,23078.0,23192.0,23274.0,23396.0,23513.0,23615.0,23751.0,23906.0,24124.0,24440.0,24634.0,24711.0,24771.0,24829.0,24870.0,24910.0,24949.0,24992.0,25026.0,25046.0,25070.0,25089.0,25106.0,25130.0,25144.0,25159.0,25169.0,25177.0,25192.0,25200.0,25212.0,25220.0,25233.0,25240.0,25247.0,25255.0,25271.0,25276.0,25281.0,25283.0,25289.0,25296.0,25305.0,25314.0,25320.0,25327.0,25332.0,25341.0,25346.0,25350.0,25362.0,25370.0,25380.0,25387.0,25390.0,25393.0,25396.0,25402.0,25406.0,25411.0,25420.0,25425.0,25432.0,25440.0,25439.0,25441.0,25445.0,25445.0,25453.0,,25466.0,25473.0,25480.0,25486.0,25493.0,25498.0,25505.0,25512.0,25517.0,25523.0,25529.0,25534.0,25540.0,25543.0,25551.0,25559.0,25565.0,25569.0,25576.0,25579.0,25585.0,25591.0,25599.0,25608.0,25610.0,25614.0,25618.0,25621.0,25628.0,25630.0,25636.0,25638.0,25644.0,25647.0,25652.0,25657.0,25662.0,25662.0,25672.0,25674.0,25679.0,25682.0,25689.0,25699.0,25705.0,25710.0,25714.0,25717.0,25722.0,25730.0,25735.0,25744.0,25751.0,25754.0,25758.0,25766.0,25769.0,25775.0,25781.0,25785.0,25787.0,25790.0,25795.0,25802.0,25812.0,25829.0,25842.0,25846.0,25850.0,25854.0,25858.0,25863.0,25866.0,25870.0,25880.0,25887.0,25892.0,25897.0,25908.0,25920.0,25927.0,25935.0,25940.0,25946.0,25953.0,25960.0,25967.0,25976.0,25981.0,25990.0,25995.0,26003.0,26009.0,26011.0,26016.0,26026.0,26050.0,26055.0,26055.0,26060.0,26066.0,26068.0,26074.0,26074.0,26080.0,26087.0,26095.0,26098.0,26102.0,26108.0,26112.0,26121.0,26130.0,26136
70LWTL7VU-w,199578.0,199597.0,199613.0,199640.0,199661.0,199685.0,199703.0,199719.0,199746.0,199760.0,199782.0,199789.0,199809.0,199829.0,199850.0,199861.0,199875.0,199896.0,199915.0,199926.0,199944.0,199969.0,199984.0,200001.0,200008.0,200031.0,200050.0,200074.0,200091.0,200108.0,200126.0,200144.0,200170.0,200182.0,200201.0,200213.0,200230.0,200245.0,200258.0,200283.0,200300.0,200314.0,200332.0,200345.0,200363.0,200377.0,200397.0,200417.0,200437.0,200453.0,200475.0,200499.0,200514.0,200524.0,200541.0,200557.0,200568.0,200582.0,200597.0,200607.0,200622.0,200643.0,200658.0,200684.0,200706.0,200725.0,200743.0,200769.0,200779.0,200795.0,200809.0,200823.0,200836.0,200848.0,200859.0,200873.0,200885.0,200897.0,200905.0,200924.0,200940.0,200951.0,200966.0,200982.0,200989.0,201003.0,201016.0,201027.0,201046.0,201059.0,201074.0,201086.0,201106.0,201118.0,201130.0,201141.0,201156.0,201168.0,201182.0,201201.0,201216.0,201236.0,201255.0,201269.0,201283.0,201293.0,201315.0,201334.0,201350.0,201366.0,201382.0,201398.0,201413.0,201428.0,201446.0,201452.0,201468.0,201481.0,201493.0,201514.0,201528.0,201537.0,201547.0,201560.0,201567.0,201573.0,201586.0,201597.0,201613.0,201629.0,201640.0,201649.0,201663.0,201667.0,,,,,,,,,201782.0,201787.0,201797.0,201810.0,201821.0,201835.0,201845.0,201864.0,201878.0,201891.0,201902.0,201914.0,201931.0,201944.0,201957.0,201982.0,201991.0,202012.0,202028.0,202038.0,202047.0,202060.0,202076.0,202089.0,202098.0,202108.0,202117.0,202131.0,202142.0,202155.0,202164.0,202174.0,202183.0,202195.0,202201.0,202212.0,202225.0,202242.0,202258.0,202269.0,202290.0,202304.0,202318.0,202327.0,202339.0,202358.0,202379.0,202400.0,202415.0,202423.0,202430.0,202434.0,202443.0,202457.0,202473.0,202485.0,202497.0,202505.0,202518.0,202527.0,202547.0,202558.0,202570.0,202583.0,202595.0,202608.0,202622.0,202634.0,202642.0,202652.0,202664.0,202683.0,202698.0,202708.0,202719.0,202728.0,202744.0,202757.0,202772.0,202781.0,202789.0,202795.0,202806.0,202822.0,202832.0,202843.0,202852.0,202865.0,202878.0,202887.0,202895.0,202907.0,202913.0,202927.0,202947.0,202963.0,202968.0,202986.0,202991.0,202998.0,203006.0,203014.0,203028.0,203034.0,203045.0,203054.0,203069.0,203075.0,203086.0,203093.0,203096.0,203102.0,203112.0,203125.0,203132.0,203143.0,203155.0,203169.0,203179.0,203184.0,203197.0,,203215.0,203219.0,203226.0,203236.0,203240.0,203250.0,203261.0,203273.0,203291.0,203297.0,203311.0,203324.0,203329.0,203336.0,203344.0,203353.0,203357.0,203364.0,203374.0,203384.0,203392.0,203398.0,203408.0,203417.0,203424.0,203432.0,203440.0,203449.0,203457.0,203469.0,203476.0,203484.0,203492.0,203494.0,203507.0,203517.0,203529.0,203531.0,203542.0,203557.0,203566.0,203578.0,203590.0,203608.0,203618.0,203633.0,203641.0,203647.0,203659.0,203683.0,203696.0,203705.0,203714.0,203723.0,203735.0,203743.0,203750.0,203757.0,203765.0,203780.0,203790.0,203795.0,203806.0,203815.0,203820.0,203832.0,203850.0,203869.0,203888.0,203900.0,203921.0,203934.0,203948.0,203968.0,203992.0,204011.0,204023.0,204032.0,204042.0,204060.0,204071.0,204082.0,204092.0,204105.0,204110.0,204119.0,204130.0,204137.0,204143.0,204148.0,204158.0,204169.0,204182.0,204194.0,204212.0,204223.0,204247.0,204252.0,204262.0,204271.0,204275.0,204284.0,204295.0,204304.0,204312.0,204316.0,204320.0,204328.0,204335.0,204338.0,204340.0,204346.0,204353.0,204359
Ojn2GMxLyLI,147506.0,147577.0,147654.0,147715.0,147776.0,147858.0,147943.0,148048.0,148112.0,148195.0,148257.0,148335.0,148405.0,148485.0,148563.0,148620.0,148676.0,148729.0,148787.0,148861.0,148949.0,149013.0,149085.0,149150.0,149205.0,149266.0,149350.0,149438.0,149520.0,149598.0,149654.0,149709.0,149757.0,149814.0,149876.0,149916.0,149989.0,150040.0,150094.0,150155.0,150224.0,150290.0,150361.0,150418.0,150469.0,150504.0,150555.0,150609.0,150681.0,150747.0,150826.0,150891.0,150942.0,150994.0,151051.0,151114.0,151164.0,151217.0,151296.0,151367.0,151428.0,151480.0,151555.0,151614.0,151688.0,151733.0,151782.0,151844.0,151908.0,152001.0,152068.0,152128.0,152182.0,152238.0,152295.0,152360.0,152414.0,152469.0,152526.0,152563.0,152601.0,152671.0,152735.0,152823.0,152892.0,152987.0,153081.0,153144.0,153227.0,153296.0,153378.0,153469.0,153538.0,153591.0,153649.0,153701.0,153785.0,153833.0,153899.0,153967.0,154016.0,154066.0,154124.0,154192.0,154249.0,154299.0,154370.0,154435.0,154500.0,154557.0,154630.0,154695.0,154752.0,154835.0,154913.0,154957.0,155016.0,155067.0,155124.0,155188.0,155260.0,155320.0,155360.0,155425.0,155481.0,155535.0,155590.0,155644.0,155709.0,155776.0,155866.0,155916.0,155974.0,156037.0,,,,,,,,,156534.0,156588.0,156629.0,156676.0,156717.0,156779.0,156820.0,156875.0,156947.0,157006.0,157069.0,157124.0,157180.0,157239.0,157291.0,157332.0,157384.0,157450.0,157495.0,157538.0,157588.0,157623.0,157667.0,157725.0,157764.0,157817.0,157872.0,157926.0,157966.0,158003.0,158057.0,158099.0,158145.0,158196.0,158229.0,158269.0,158303.0,158347.0,158381.0,158435.0,158484.0,158541.0,158581.0,158629.0,158672.0,158729.0,158801.0,158868.0,158945.0,158999.0,159043.0,159099.0,159168.0,159228.0,159291.0,159364.0,159442.0,159494.0,159580.0,159652.0,159727.0,159762.0,159827.0,159868.0,159930.0,159984.0,160056.0,160111.0,160168.0,160226.0,160271.0,160318.0,160388.0,160454.0,160540.0,160622.0,160691.0,160755.0,160810.0,160866.0,160925.0,160989.0,161041.0,161095.0,161135.0,161180.0,161222.0,161300.0,161370.0,161428.0,161496.0,161534.0,161570.0,161633.0,161703.0,161790.0,161879.0,161963.0,162031.0,162092.0,162159.0,162226.0,162328.0,162420.0,162478.0,162550.0,162624.0,162705.0,162785.0,162870.0,162926.0,162996.0,163047.0,163110.0,163156.0,163203.0,163257.0,163317.0,163377.0,163436.0,163464.0,,163555.0,163607.0,163665.0,163727.0,163762.0,163799.0,163842.0,163893.0,163943.0,163991.0,164051.0,164081.0,164130.0,164184.0,164228.0,164278.0,164319.0,164362.0,164397.0,164442.0,164494.0,164553.0,164598.0,164664.0,164714.0,164785.0,164836.0,164896.0,164958.0,165002.0,165043.0,165106.0,165151.0,165185.0,165239.0,165292.0,165337.0,165384.0,165434.0,165489.0,165536.0,165579.0,165643.0,165724.0,165788.0,165853.0,165966.0,166057.0,166173.0,166303.0,166408.0,166522.0,166603.0,166703.0,166794.0,166878.0,166968.0,167043.0,167112.0,167190.0,167269.0,167328.0,167398.0,167488.0,167596.0,167702.0,167839.0,168074.0,168219.0,168379.0,168548.0,168771.0,168995.0,169147.0,169252.0,169369.0,169536.0,169703.0,169861.0,169997.0,170173.0,170282.0,170363.0,170469.0,170558.0,170626.0,170712.0,170791.0,170878.0,170987.0,171080.0,171286.0,171415.0,171568.0,171691.0,171788.0,171888.0,172012.0,172135.0,172227.0,172312.0,172442.0,172512.0,172594.0,172695.0,172800.0,172914.0,173019.0,173100.0,173162.0,173253.0,173319.0,173404.0,173484
OlpLUWFCFmg,14973.0,14976.0,14977.0,14980.0,14983.0,14988.0,14993.0,15001.0,15007.0,15012.0,15016.0,15028.0,15031.0,15034.0,15041.0,15046.0,15048.0,15051.0,15062.0,15069.0,15072.0,15077.0,15084.0,15090.0,15094.0,15097.0,15106.0,15109.0,15113.0,15118.0,15122.0,15129.0,15132.0,15136.0,15142.0,15145.0,15153.0,15157.0,15161.0,15167.0,15171.0,15172.0,15178.0,15188.0,15189.0,15191.0,15193.0,15194.0,15202.0,15209.0,15212.0,15213.0,15219.0,15223.0,15226.0,15233.0,15239.0,15243.0,15249.0,15250.0,15253.0,15257.0,15262.0,15265.0,15272.0,15280.0,15285.0,15286.0,15290.0,15298.0,15300.0,15308.0,15315.0,15320.0,15324.0,15330.0,15336.0,15341.0,15345.0,15349.0,15354.0,15355.0,15359.0,15365.0,15375.0,15381.0,15389.0,15396.0,15401.0,15409.0,15417.0,15426.0,15428.0,15430.0,15435.0,15439.0,15444.0,15449.0,15455.0,15459.0,15465.0,15470.0,15475.0,15480.0,15482.0,15485.0,15487.0,15489.0,15493.0,15501.0,15512.0,15517.0,15520.0,15525.0,15526.0,15530.0,15541.0,15543.0,15546.0,15548.0,15549.0,15555.0,15557.0,15566.0,15568.0,15575.0,15576.0,15580.0,15584.0,15584.0,15596.0,15601.0,15606.0,15612.0,,,,,,,,,15654.0,15658.0,15661.0,15666.0,15673.0,15679.0,15687.0,15695.0,15699.0,15705.0,15710.0,15717.0,15722.0,15728.0,15731.0,15733.0,15736.0,15739.0,15745.0,15747.0,15751.0,15757.0,15762.0,15766.0,15771.0,15774.0,15784.0,15786.0,15789.0,15791.0,15793.0,15798.0,15801.0,15803.0,15803.0,15810.0,15813.0,15820.0,15827.0,15831.0,15841.0,15849.0,15856.0,15856.0,15859.0,15863.0,15867.0,15877.0,15882.0,15886.0,15890.0,15892.0,15895.0,15899.0,15904.0,15907.0,15914.0,15916.0,15921.0,15927.0,15934.0,15936.0,15944.0,15950.0,15951.0,15956.0,15959.0,15963.0,15969.0,15973.0,15977.0,15980.0,15983.0,15985.0,15994.0,15998.0,16002.0,16008.0,16014.0,16018.0,16020.0,16020.0,16021.0,16023.0,16031.0,16038.0,16038.0,16041.0,16045.0,16046.0,16050.0,16054.0,16060.0,16062.0,16068.0,16069.0,16077.0,16084.0,16087.0,16090.0,16096.0,16098.0,16101.0,16103.0,16109.0,16112.0,16114.0,16116.0,16119.0,16123.0,16125.0,16129.0,16132.0,16133.0,16136.0,16140.0,16149.0,16154.0,16157.0,16162.0,16167.0,,16179.0,16190.0,16195.0,16203.0,16207.0,16210.0,16212.0,16214.0,16219.0,16222.0,16223.0,16225.0,16226.0,16226.0,16232.0,16236.0,16241.0,16246.0,16250.0,16254.0,16260.0,16262.0,16263.0,16266.0,16272.0,16275.0,16280.0,16285.0,16293.0,16299.0,16302.0,16309.0,16314.0,16317.0,16320.0,16328.0,16329.0,16335.0,16341.0,16346.0,16348.0,16353.0,16358.0,16367.0,16372.0,16382.0,16391.0,16400.0,16404.0,16419.0,16424.0,16432.0,16442.0,16447.0,16447.0,16455.0,16460.0,16468.0,16472.0,16477.0,16479.0,16489.0,16493.0,16499.0,16516.0,16522.0,16530.0,16545.0,16561.0,16569.0,16574.0,16581.0,16586.0,16588.0,16593.0,16604.0,16609.0,16615.0,16621.0,16628.0,16631.0,16640.0,16655.0,16659.0,16668.0,16673.0,16684.0,16690.0,16698.0,16712.0,16716.0,16726.0,16730.0,16735.0,16738.0,16751.0,16760.0,16768.0,16780.0,16790.0,16799.0,16808.0,16818.0,16820.0,16828.0,16832.0,16836.0,16840.0,16846.0,16848.0,16856.0,16860.0,16864.0,16868
wDPbqmpQRKs,19135.0,19144.0,19148.0,19151.0,19157.0,19164.0,19171.0,19175.0,19180.0,19187.0,19197.0,19205.0,19208.0,19215.0,19219.0,19223.0,19226.0,19232.0,19237.0,19241.0,19250.0,19255.0,19264.0,19269.0,19272.0,19275.0,19277.0,19282.0,19285.0,19292.0,19295.0,19300.0,19308.0,19313.0,19321.0,19330.0,19342.0,19348.0,19354.0,19356.0,19363.0,19376.0,19388.0,19396.0,19401.0,19407.0,19419.0,19436.0,19445.0,19455.0,19460.0,19469.0,19479.0,19484.0,19490.0,19501.0,19507.0,19512.0,19519.0,19528.0,19537.0,19546.0,19552.0,19559.0,19563.0,19575.0,19585.0,19591.0,19600.0,19616.0,19630.0,19638.0,19641.0,19646.0,19648.0,19653.0,19658.0,19668.0,19672.0,19676.0,19677.0,19684.0,19688.0,19698.0,19704.0,19707.0,19713.0,19720.0,19723.0,19726.0,19729.0,19730.0,19733.0,19738.0,19742.0,19745.0,19750.0,19756.0,19764.0,19769.0,19773.0,19776.0,19790.0,19795.0,19799.0,19802.0,19803.0,19805.0,19807.0,19810.0,19810.0,19811.0,19816.0,19818.0,19825.0,19826.0,19830.0,19831.0,19833.0,19834.0,19839.0,19843.0,19847.0,19854.0,19863.0,19868.0,19876.0,19876.0,19883.0,19891.0,19894.0,19896.0,19899.0,19904.0,,,,,,,,,19937.0,19945.0,19947.0,19950.0,19958.0,19964.0,19965.0,19966.0,19968.0,19970.0,19978.0,19980.0,19985.0,19986.0,19990.0,19991.0,19994.0,19997.0,19999.0,20004.0,20008.0,20012.0,20020.0,20023.0,20024.0,20029.0,20030.0,20034.0,20036.0,20038.0,20040.0,20044.0,20048.0,20050.0,20052.0,20053.0,20056.0,20058.0,20059.0,20062.0,20063.0,20064.0,20068.0,20072.0,20077.0,20079.0,20085.0,20090.0,20095.0,20101.0,20102.0,20104.0,20105.0,20111.0,20120.0,20126.0,20132.0,20135.0,20139.0,20146.0,20154.0,20158.0,20160.0,20163.0,20165.0,20169.0,20176.0,20182.0,20187.0,20190.0,20190.0,20195.0,20197.0,20200.0,20205.0,20211.0,20216.0,20219.0,20226.0,20235.0,20242.0,20244.0,20247.0,20255.0,20263.0,20268.0,20274.0,20277.0,20279.0,20282.0,20289.0,20289.0,20292.0,20301.0,20307.0,20310.0,20312.0,20318.0,20320.0,20322.0,20330.0,20331.0,20342.0,20343.0,20345.0,20349.0,20350.0,20352.0,20359.0,20361.0,20364.0,20365.0,20369.0,20373.0,20374.0,20378.0,20380.0,20383.0,20388.0,20391.0,20391.0,,20395.0,20400.0,20402.0,20407.0,20412.0,20416.0,20423.0,20426.0,20433.0,20436.0,20438.0,20439.0,20443.0,20444.0,20449.0,20450.0,20456.0,20460.0,20465.0,20468.0,20471.0,20475.0,20478.0,20484.0,20485.0,20488.0,20489.0,20491.0,20491.0,20495.0,20500.0,20502.0,20505.0,20507.0,20511.0,20511.0,20518.0,20521.0,20523.0,20527.0,20530.0,20532.0,20535.0,20542.0,20543.0,20548.0,20553.0,20555.0,20557.0,20561.0,20565.0,20564.0,20570.0,20573.0,20574.0,20576.0,20580.0,20585.0,20600.0,20603.0,20606.0,20608.0,20610.0,20614.0,20615.0,20619.0,20623.0,20628.0,20630.0,20636.0,20638.0,20640.0,20642.0,20648.0,20653.0,20658.0,20662.0,20665.0,20667.0,20672.0,20679.0,20683.0,20690.0,20692.0,20695.0,20695.0,20699.0,20705.0,20706.0,20709.0,20711.0,20713.0,20721.0,20737.0,20744.0,20746.0,20749.0,20755.0,20763.0,20767.0,20777.0,20780.0,20784.0,20791.0,20799.0,20804.0,20806.0,20809.0,20816.0,20818.0,20820.0,20823.0,20825.0,20826
Wat7C83fvGE,8770.0,8784.0,8804.0,8816.0,8829.0,8838.0,8857.0,8872.0,8892.0,8911.0,8921.0,8938.0,8954.0,8966.0,8979.0,8989.0,9000.0,9014.0,9022.0,9033.0,9048.0,9057.0,9064.0,9078.0,9088.0,9101.0,9108.0,9115.0,9121.0,9139.0,9152.0,9159.0,9172.0,9179.0,9189.0,9199.0,9205.0,9218.0,9224.0,9234.0,9240.0,9250.0,9253.0,9266.0,9272.0,9280.0,9290.0,9298.0,9304.0,9319.0,9329.0,9330.0,9334.0,9343.0,9349.0,9356.0,9363.0,9372.0,9381.0,9385.0,9397.0,9401.0,9407.0,9413.0,9422.0,9428.0,9434.0,9443.0,9454.0,9461.0,9467.0,9474.0,9477.0,9484.0,9489.0,9492.0,9496.0,9500.0,9506.0,9509.0,9518.0,9524.0,9537.0,9542.0,9553.0,9558.0,9565.0,9572.0,9580.0,9590.0,9603.0,9616.0,9623.0,9638.0,9645.0,9651.0,9668.0,9678.0,9690.0,9705.0,9711.0,9720.0,9730.0,9742.0,9749.0,9752.0,9758.0,9768.0,9777.0,9790.0,9808.0,9828.0,9841.0,9856.0,9862.0,9865.0,9871.0,9881.0,9892.0,9900.0,9909.0,9913.0,9918.0,9921.0,9927.0,9929.0,9930.0,9937.0,9944.0,9949.0,9954.0,9956.0,9962.0,9965.0,,,,,,,,,10009.0,10013.0,10018.0,10021.0,10025.0,10029.0,10037.0,10041.0,10049.0,10052.0,10057.0,10062.0,10067.0,10075.0,10078.0,10081.0,10086.0,10096.0,10105.0,10110.0,10115.0,10118.0,10122.0,10128.0,10131.0,10134.0,10137.0,10141.0,10142.0,10145.0,10150.0,10155.0,10158.0,10161.0,10163.0,10165.0,10167.0,10168.0,10172.0,10180.0,10183.0,10189.0,10194.0,10197.0,10206.0,10212.0,10215.0,10225.0,10227.0,10233.0,10240.0,10247.0,10249.0,10255.0,10262.0,10272.0,10275.0,10280.0,10282.0,10293.0,10307.0,10326.0,10339.0,10346.0,10348.0,10350.0,10351.0,10354.0,10356.0,10370.0,10371.0,10374.0,10377.0,10381.0,10389.0,10392.0,10395.0,10399.0,10402.0,10406.0,10409.0,10412.0,10417.0,10421.0,10426.0,10428.0,10430.0,10430.0,10435.0,10438.0,10441.0,10443.0,10443.0,10447.0,10455.0,10459.0,10463.0,10468.0,10472.0,10473.0,10475.0,10477.0,10483.0,10484.0,10488.0,10491.0,10493.0,10498.0,10502.0,10503.0,10507.0,10507.0,10509.0,10512.0,10517.0,10522.0,10523.0,10525.0,10528.0,10528.0,10529.0,,10534.0,10534.0,10535.0,10540.0,10544.0,10546.0,10549.0,10549.0,10554.0,10557.0,10557.0,10562.0,10567.0,10570.0,10572.0,10576.0,10582.0,10590.0,10595.0,10596.0,10601.0,10604.0,10608.0,10615.0,10621.0,10626.0,10628.0,10629.0,10632.0,10634.0,10639.0,10643.0,10646.0,10648.0,10655.0,10659.0,10664.0,10667.0,10673.0,10674.0,10676.0,10682.0,10685.0,10691.0,10699.0,10711.0,10722.0,10733.0,10744.0,10756.0,10766.0,10781.0,10795.0,10808.0,10819.0,10831.0,10838.0,10844.0,10857.0,10861.0,10866.0,10875.0,10887.0,10887.0,10896.0,10910.0,10934.0,10959.0,10978.0,10999.0,11014.0,11024.0,11046.0,11062.0,11076.0,11084.0,11088.0,11090.0,11092.0,11092.0,11095.0,11095.0,11097.0,11097.0,11097.0,11099.0,11099.0,11099.0,11100.0,11101.0,11101.0,11103.0,11104.0,11104.0,11107.0,11108.0,11108.0,11108.0,11109.0,11109.0,11109.0,11110.0,11110.0,11110.0,11111.0,11111.0,11112.0,11112.0,11114.0,11114.0,11114.0,11115.0,11115.0,11115
MfGdF9fftx4,223380.0,223491.0,223589.0,223681.0,223785.0,223857.0,223942.0,224027.0,224121.0,224201.0,224300.0,224383.0,224460.0,224513.0,224556.0,224642.0,224706.0,224785.0,224851.0,224917.0,224986.0,225042.0,225096.0,225163.0,225213.0,225282.0,225343.0,225402.0,225462.0,225533.0,225577.0,225642.0,225692.0,225755.0,225812.0,225867.0,225956.0,226010.0,226081.0,226152.0,226221.0,226258.0,226328.0,226383.0,226432.0,226490.0,226546.0,226599.0,226661.0,226706.0,226757.0,226799.0,226845.0,226891.0,226953.0,227019.0,227072.0,227103.0,227150.0,227202.0,227233.0,227267.0,227317.0,227360.0,227397.0,227460.0,227516.0,227565.0,227612.0,227688.0,227746.0,227797.0,227863.0,227934.0,227973.0,228021.0,228099.0,228138.0,228187.0,228231.0,228274.0,228309.0,228346.0,228389.0,228432.0,228461.0,228503.0,228541.0,228576.0,228618.0,228643.0,228695.0,228736.0,228768.0,228807.0,228840.0,228878.0,228917.0,228948.0,228974.0,229013.0,229067.0,229098.0,229128.0,229174.0,229233.0,229269.0,229319.0,229379.0,229407.0,229444.0,229478.0,229515.0,229558.0,229603.0,229647.0,229677.0,229705.0,229744.0,229789.0,229833.0,229885.0,229912.0,229949.0,229974.0,230000.0,230041.0,230074.0,230107.0,230147.0,230189.0,230221.0,230248.0,230279.0,,,,,,,,,230583.0,230629.0,230651.0,230677.0,230692.0,230707.0,230738.0,230762.0,230801.0,230829.0,230860.0,230889.0,230915.0,230940.0,230974.0,231009.0,231036.0,231070.0,231104.0,231140.0,231180.0,231199.0,231230.0,231252.0,231288.0,231345.0,231376.0,231421.0,231461.0,231504.0,231550.0,231611.0,231650.0,231699.0,231732.0,231769.0,231809.0,231855.0,231901.0,231931.0,231976.0,232033.0,232076.0,232121.0,232155.0,232200.0,232234.0,232286.0,232321.0,232363.0,232408.0,232444.0,232478.0,232506.0,232548.0,232584.0,232626.0,232649.0,232681.0,232716.0,232793.0,232825.0,232864.0,232902.0,232953.0,232984.0,233027.0,233064.0,233107.0,233135.0,233191.0,233228.0,233276.0,233326.0,233363.0,233408.0,233455.0,233509.0,233564.0,233611.0,233650.0,233680.0,233753.0,233839.0,233955.0,234011.0,234070.0,234118.0,234162.0,234213.0,234255.0,234297.0,234344.0,234380.0,234431.0,234470.0,234557.0,234596.0,234626.0,234663.0,234702.0,234744.0,234773.0,234814.0,234848.0,234900.0,234950.0,234972.0,235012.0,235042.0,235076.0,235123.0,235173.0,235207.0,235237.0,235277.0,235316.0,235345.0,235386.0,235427.0,235467.0,,235542.0,235584.0,235632.0,235676.0,235716.0,235755.0,235791.0,235831.0,235870.0,235901.0,235935.0,236011.0,236059.0,236093.0,236128.0,236152.0,236184.0,236209.0,236249.0,236283.0,236323.0,236348.0,236377.0,236403.0,236425.0,236457.0,236482.0,236514.0,236550.0,236574.0,236602.0,236649.0,236688.0,236717.0,236755.0,236786.0,236832.0,236860.0,236910.0,236937.0,236974.0,237005.0,237034.0,237078.0,237121.0,237154.0,237186.0,237234.0,237289.0,237325.0,237379.0,237413.0,237439.0,237495.0,237546.0,237608.0,237655.0,237692.0,237746.0,237788.0,237829.0,237874.0,237912.0,237971.0,238031.0,238100.0,238146.0,238202.0,238252.0,238310.0,238356.0,238411.0,238470.0,238551.0,238606.0,238678.0,238763.0,238829.0,238873.0,238929.0,238981.0,239042.0,239091.0,239136.0,239173.0,239209.0,239254.0,239309.0,239379.0,239451.0,239523.0,239598.0,239666.0,239725.0,239798.0,239850.0,239928.0,240028.0,240117.0,240206.0,240322.0,240372.0,240425.0,240478.0,240537.0,240580.0,240636.0,240691.0,240745.0,240798.0,240877.0,240946.0,241012.0,241085
AYcTNsvU3Ps,10708.0,10719.0,10722.0,10727.0,10734.0,10745.0,10751.0,10758.0,10760.0,10766.0,10776.0,10788.0,10798.0,10806.0,10815.0,10826.0,10842.0,10848.0,10857.0,10865.0,10871.0,10878.0,10889.0,10892.0,10902.0,10910.0,10926.0,10933.0,10940.0,10950.0,10961.0,10964.0,10967.0,10975.0,10987.0,11000.0,11008.0,11013.0,11019.0,11028.0,11034.0,11045.0,11051.0,11058.0,11067.0,11074.0,11087.0,11100.0,11109.0,11119.0,11123.0,11139.0,11145.0,11157.0,11165.0,11173.0,11179.0,11192.0,11198.0,11202.0,11211.0,11219.0,11223.0,11232.0,11240.0,11249.0,11252.0,11259.0,11266.0,11283.0,11291.0,11297.0,11303.0,11305.0,11308.0,11318.0,11327.0,11336.0,11351.0,11359.0,11369.0,11382.0,11387.0,11405.0,11417.0,11431.0,11442.0,11448.0,11460.0,11468.0,11474.0,11491.0,11505.0,11510.0,11521.0,11525.0,11529.0,11536.0,11548.0,11568.0,11580.0,11585.0,11590.0,11598.0,11611.0,11620.0,11631.0,11640.0,11642.0,11650.0,11653.0,11658.0,11663.0,11674.0,11685.0,11693.0,11697.0,11703.0,11712.0,11716.0,11719.0,11722.0,11731.0,11740.0,11742.0,11751.0,11760.0,11770.0,11772.0,11777.0,11783.0,11789.0,11792.0,11799.0,,,,,,,,,11878.0,11890.0,11898.0,11904.0,11917.0,11932.0,11943.0,11947.0,11955.0,11964.0,11969.0,11977.0,11995.0,12009.0,12017.0,12027.0,12034.0,12043.0,12053.0,12063.0,12065.0,12073.0,12078.0,12082.0,12090.0,12095.0,12104.0,12105.0,12111.0,12116.0,12118.0,12118.0,12122.0,12133.0,12145.0,12152.0,12154.0,12160.0,12166.0,12170.0,12174.0,12182.0,12192.0,12194.0,12197.0,12201.0,12203.0,12216.0,12221.0,12223.0,12228.0,12239.0,12249.0,12256.0,12261.0,12266.0,12268.0,12271.0,12275.0,12280.0,12285.0,12287.0,12290.0,12292.0,12297.0,12302.0,12309.0,12312.0,12313.0,12319.0,12322.0,12324.0,12328.0,12330.0,12342.0,12352.0,12363.0,12368.0,12377.0,12379.0,12384.0,12390.0,12393.0,12398.0,12403.0,12407.0,12414.0,12418.0,12424.0,12433.0,12437.0,12446.0,12448.0,12451.0,12463.0,12469.0,12485.0,12507.0,12515.0,12524.0,12534.0,12543.0,12547.0,12552.0,12560.0,12568.0,12579.0,12587.0,12598.0,12612.0,12626.0,12641.0,12655.0,12665.0,12672.0,12678.0,12683.0,12687.0,12692.0,12695.0,12697.0,,12712.0,12715.0,12719.0,12722.0,12724.0,12726.0,12729.0,12734.0,12742.0,12744.0,12746.0,12753.0,12756.0,12762.0,12770.0,12774.0,12775.0,12781.0,12788.0,12791.0,12793.0,12797.0,12802.0,12808.0,12813.0,12816.0,12822.0,12825.0,12827.0,12830.0,12831.0,12839.0,12845.0,12850.0,12858.0,12860.0,12870.0,12876.0,12883.0,12888.0,12892.0,12894.0,12897.0,12906.0,12911.0,12916.0,12922.0,12930.0,12941.0,12947.0,12950.0,12952.0,12964.0,12969.0,12975.0,12983.0,12988.0,12992.0,13003.0,13010.0,13016.0,13023.0,13030.0,13041.0,13046.0,13054.0,13061.0,13067.0,13071.0,13074.0,13080.0,13085.0,13091.0,13106.0,13115.0,13121.0,13129.0,13136.0,13143.0,13148.0,13152.0,13162.0,13166.0,13170.0,13173.0,13178.0,13181.0,13184.0,13188.0,13192.0,13193.0,13195.0,13200.0,13201.0,13206.0,13213.0,13215.0,13220.0,13222.0,13223.0,13227.0,13228.0,13232.0,13232.0,13235.0,13238.0,13241.0,13244.0,13248.0,13250.0,13255.0,13260.0,13264.0,13267
-ZAHtSjqFvs,206408.0,206421.0,206434.0,206442.0,206455.0,206473.0,206489.0,206505.0,206520.0,206540.0,206557.0,206570.0,206580.0,206597.0,206612.0,206624.0,206632.0,206646.0,206658.0,206677.0,206689.0,206700.0,206714.0,206720.0,206734.0,206742.0,206751.0,206753.0,206761.0,206769.0,206779.0,206784.0,206794.0,206804.0,206809.0,206824.0,206832.0,206851.0,206866.0,206879.0,206889.0,206900.0,206910.0,206916.0,206927.0,206937.0,206950.0,206958.0,206973.0,206978.0,206983.0,206986.0,206991.0,206997.0,207006.0,207012.0,207022.0,207031.0,207041.0,207054.0,207062.0,207075.0,207085.0,207091.0,207103.0,207112.0,207125.0,207134.0,207145.0,207152.0,207164.0,207176.0,207190.0,207199.0,207216.0,207230.0,207239.0,207254.0,207270.0,207278.0,207292.0,207304.0,207317.0,207329.0,207334.0,207341.0,207348.0,207358.0,207374.0,207384.0,207386.0,207394.0,207403.0,207416.0,207428.0,207437.0,207448.0,207455.0,207465.0,207472.0,207484.0,207498.0,207504.0,207510.0,207518.0,207525.0,207537.0,207551.0,207563.0,207573.0,207583.0,207597.0,207604.0,207621.0,207659.0,207679.0,207694.0,207708.0,207720.0,207734.0,207747.0,207757.0,207772.0,207775.0,207782.0,207799.0,207809.0,207825.0,207834.0,207843.0,207852.0,207857.0,207862.0,207878.0,,,,,,,,,207998.0,208009.0,208018.0,208031.0,208048.0,208055.0,208068.0,208075.0,208094.0,208109.0,208120.0,208138.0,208148.0,208164.0,208179.0,208198.0,208208.0,208218.0,208229.0,208242.0,208253.0,208261.0,208271.0,208284.0,208290.0,208297.0,208307.0,208310.0,208318.0,208332.0,208347.0,208354.0,208366.0,208369.0,208383.0,208401.0,208410.0,208422.0,208438.0,208446.0,208454.0,208467.0,208477.0,208485.0,208495.0,208505.0,208517.0,208531.0,208545.0,208555.0,208571.0,208582.0,208592.0,208608.0,208615.0,208627.0,208636.0,208661.0,208673.0,208689.0,208708.0,208714.0,208722.0,208737.0,208745.0,208761.0,208772.0,208780.0,208788.0,208800.0,208811.0,208824.0,208836.0,208841.0,208848.0,208867.0,208887.0,208901.0,208910.0,208914.0,208925.0,208934.0,208938.0,208951.0,208958.0,208969.0,208975.0,208982.0,208989.0,208993.0,209005.0,209019.0,209039.0,209047.0,209061.0,209070.0,209084.0,209096.0,209110.0,209122.0,209131.0,209149.0,209152.0,209162.0,209174.0,209178.0,209189.0,209199.0,209215.0,209223.0,209236.0,209243.0,209251.0,209264.0,209272.0,209281.0,209291.0,209294.0,209302.0,209308.0,209317.0,,209345.0,209355.0,209368.0,209379.0,209390.0,209405.0,209415.0,209427.0,209437.0,209450.0,209460.0,209466.0,209477.0,209481.0,209489.0,209495.0,209499.0,209506.0,209525.0,209536.0,209546.0,209555.0,209566.0,209576.0,209583.0,209600.0,209613.0,209625.0,209633.0,209643.0,209657.0,209668.0,209673.0,209683.0,209693.0,209701.0,209705.0,209717.0,209723.0,209731.0,209746.0,209761.0,209768.0,209775.0,209783.0,209793.0,209803.0,209818.0,209834.0,209848.0,209859.0,209873.0,209885.0,209893.0,209907.0,209921.0,209936.0,209939.0,209945.0,209950.0,209959.0,209970.0,209981.0,209996.0,210005.0,210016.0,210026.0,210041.0,210058.0,210067.0,210086.0,210098.0,210107.0,210119.0,210134.0,210150.0,210158.0,210168.0,210182.0,210190.0,210197.0,210218.0,210230.0,210243.0,210248.0,210256.0,210265.0,210275.0,210284.0,210292.0,210300.0,210308.0,210322.0,210329.0,210337.0,210341.0,210348.0,210357.0,210369.0,210376.0,210384.0,210390.0,210399.0,210406.0,210417.0,210427.0,210430.0,210443.0,210448.0,210459.0,210467.0,210474.0,210478.0,210487
phkIQcY3BXg,73942.0,73958.0,73982.0,73991.0,74013.0,74026.0,74044.0,74054.0,74067.0,74087.0,74100.0,74116.0,74137.0,74156.0,74171.0,74187.0,74202.0,74214.0,74224.0,74240.0,74254.0,74267.0,74281.0,74291.0,74300.0,74314.0,74328.0,74339.0,74352.0,74362.0,74375.0,74396.0,74410.0,74423.0,74435.0,74455.0,74473.0,74488.0,74504.0,74521.0,74542.0,74559.0,74573.0,74590.0,74603.0,74625.0,74640.0,74657.0,74681.0,74699.0,74725.0,74757.0,74778.0,74789.0,74817.0,74840.0,74877.0,74895.0,74910.0,74928.0,74952.0,74966.0,74977.0,74996.0,75016.0,75031.0,75042.0,75053.0,75060.0,75080.0,75097.0,75123.0,75146.0,75166.0,75180.0,75206.0,75228.0,75248.0,75276.0,75296.0,75314.0,75334.0,75350.0,75363.0,75381.0,75410.0,75426.0,75436.0,75452.0,75463.0,75467.0,75482.0,75493.0,75504.0,75519.0,75539.0,75553.0,75570.0,75587.0,75603.0,75623.0,75647.0,75666.0,75690.0,75712.0,75734.0,75757.0,75765.0,75777.0,75792.0,75806.0,75823.0,75840.0,75857.0,75885.0,75904.0,75935.0,75952.0,75965.0,75983.0,76000.0,76016.0,76032.0,76041.0,76054.0,76069.0,76085.0,76096.0,76113.0,76125.0,76136.0,76149.0,76166.0,76190.0,,,,,,,,,76316.0,76335.0,76352.0,76364.0,76388.0,76396.0,76402.0,76417.0,76431.0,76445.0,76459.0,76468.0,76481.0,76498.0,76514.0,76529.0,76547.0,76559.0,76573.0,76588.0,76595.0,76609.0,76629.0,76643.0,76656.0,76667.0,76683.0,76710.0,76730.0,76737.0,76755.0,76771.0,76779.0,76787.0,76807.0,76819.0,76834.0,76843.0,76861.0,76878.0,76887.0,76905.0,76917.0,76935.0,76951.0,76966.0,76982.0,77003.0,77020.0,77037.0,77052.0,77072.0,77096.0,77116.0,77133.0,77154.0,77179.0,77196.0,77219.0,77233.0,77247.0,77274.0,77290.0,77323.0,77353.0,77389.0,77412.0,77427.0,77443.0,77462.0,77480.0,77501.0,77518.0,77549.0,77564.0,77587.0,77615.0,77634.0,77653.0,77675.0,77703.0,77714.0,77732.0,77751.0,77766.0,77778.0,77792.0,77810.0,77819.0,77835.0,77855.0,77882.0,77902.0,77921.0,77936.0,77952.0,77977.0,77989.0,78007.0,78027.0,78045.0,78074.0,78095.0,78105.0,78123.0,78143.0,78157.0,78171.0,78187.0,78204.0,78229.0,78247.0,78264.0,78282.0,78299.0,78326.0,78342.0,78359.0,78384.0,78408.0,78432.0,,78470.0,78483.0,78498.0,78519.0,78530.0,78551.0,78563.0,78577.0,78603.0,78620.0,78634.0,78652.0,78667.0,78678.0,78684.0,78708.0,78730.0,78744.0,78772.0,78801.0,78821.0,78840.0,78860.0,78874.0,78878.0,78890.0,78899.0,78907.0,78919.0,78928.0,78956.0,78984.0,79005.0,79017.0,79027.0,79044.0,79062.0,79080.0,79092.0,79110.0,79131.0,79151.0,79159.0,79173.0,79187.0,79197.0,79210.0,79229.0,79239.0,79254.0,79262.0,79272.0,79281.0,79291.0,79302.0,79309.0,79324.0,79333.0,79343.0,79357.0,79370.0,79380.0,79396.0,79406.0,79422.0,79432.0,79444.0,79459.0,79483.0,79499.0,79509.0,79518.0,79528.0,79542.0,79552.0,79563.0,79578.0,79582.0,79595.0,79613.0,79627.0,79638.0,79656.0,79670.0,79692.0,79703.0,79721.0,79748.0,79766.0,79777.0,79800.0,79823.0,79835.0,79856.0,79868.0,79888.0,79915.0,79943.0,79959.0,79989.0,80000.0,80016.0,80032.0,80044.0,80063.0,80083.0,80107.0,80126.0,80147.0,80165.0,80183.0,80197.0,80208.0,80221
1XZRhrt1Tkg,12425166.0,12438830.0,12454746.0,12471557.0,12488617.0,12504853.0,12519899.0,12535450.0,12551714.0,12569853.0,12589105.0,12606084.0,12623468.0,12641369.0,12659768.0,12678967.0,12699139.0,12718605.0,12736975.0,12755435.0,12773759.0,12793228.0,12813356.0,12832272.0,12850685.0,12867584.0,12885988.0,12903986.0,12920981.0,12937421.0,12954231.0,12969279.0,12984022.0,13000397.0,13016000.0,13032219.0,13049099.0,13065763.0,13081778.0,13097883.0,13114118.0,13130094.0,13144967.0,13159336.0,13175080.0,13189895.0,13203093.0,13216512.0,13229465.0,13243074.0,13256584.0,13272057.0,13287923.0,13303400.0,13318910.0,13332587.0,13347225.0,13362888.0,13378863.0,13395199.0,13411739.0,13429399.0,13448850.0,13469521.0,13488881.0,13507960.0,13526458.0,13544468.0,13560386.0,13580987.0,13598571.0,13616283.0,13636193.0,13654881.0,13673272.0,13691313.0,13710127.0,13729167.0,13749138.0,13769424.0,13791143.0,13810615.0,13830345.0,13850007.0,13869169.0,13888325.0,13908032.0,13927231.0,13945558.0,13963728.0,13981266.0,13998453.0,14016795.0,14037373.0,14057898.0,14074912.0,14091700.0,14109050.0,14126737.0,14145052.0,14166261.0,14186499.0,14203268.0,14218871.0,14235164.0,14250163.0,14265440.0,14282218.0,14299066.0,14314580.0,14330325.0,14347050.0,14363092.0,14379274.0,14396156.0,14412311.0,14426125.0,14439120.0,14451893.0,14464144.0,14476780.0,14490313.0,14503455.0,14515254.0,14527348.0,14539507.0,14551989.0,14565197.0,14580052.0,14594658.0,14607607.0,14620000.0,14632322.0,14644524.0,,,,,,,,,14754034.0,14767025.0,14778159.0,14788886.0,14799590.0,14810142.0,14819991.0,14832145.0,14845297.0,14857455.0,14868418.0,14879126.0,14891313.0,14902516.0,14913917.0,14924922.0,14935214.0,14944303.0,14956179.0,14966504.0,14977760.0,14988204.0,14999568.0,15009110.0,15018578.0,15028269.0,15038258.0,15048137.0,15058282.0,15068328.0,15077580.0,15086696.0,15095881.0,15104922.0,15113905.0,15123980.0,15133799.0,15142858.0,15152273.0,15161607.0,15171334.0,15181357.0,15191791.0,15202167.0,15211823.0,15221484.0,15231140.0,15240689.0,15250154.0,15260403.0,15270644.0,15280181.0,15289463.0,15299402.0,15309219.0,15318971.0,15329063.0,15338593.0,15347949.0,15357633.0,15367375.0,15376537.0,15385455.0,15394479.0,15403571.0,15412645.0,15422251.0,15431673.0,15440524.0,15448892.0,15457864.0,15466846.0,15476063.0,15485499.0,15495262.0,15504630.0,15514744.0,15525625.0,15536118.0,15545626.0,15554880.0,15563042.0,15572434.0,15581348.0,15590224.0,15598993.0,15607083.0,15615300.0,15623657.0,15632374.0,15641014.0,15650567.0,15660113.0,15669102.0,15678102.0,15687024.0,15695916.0,15704736.0,15714327.0,15723888.0,15732629.0,15741341.0,15750207.0,15759202.0,15768053.0,15777757.0,15787168.0,15796283.0,15804897.0,15813971.0,15823133.0,15832845.0,15843301.0,15853337.0,15862719.0,15872003.0,15880918.0,15890059.0,15899289.0,15909143.0,15919171.0,,15938866.0,15948769.0,15958678.0,15968643.0,15979056.0,15989060.0,15998271.0,16006952.0,16015925.0,16025099.0,16034776.0,16045228.0,16055380.0,16064656.0,16073848.0,16083694.0,16093315.0,16102930.0,16113780.0,16124637.0,16135073.0,16145375.0,16155653.0,16166347.0,16177071.0,16187649.0,16198090.0,16208216.0,16217614.0,16227517.0,16237760.0,16247451.0,16257265.0,16266789.0,16276102.0,16285845.0,16295447.0,16305249.0,16314888.0,16324443.0,16334072.0,16343533.0,16352831.0,16362014.0,16371758.0,16381381.0,16391401.0,16400982.0,16409758.0,16418105.0,16426650.0,16435374.0,16444322.0,16454262.0,16463949.0,16472907.0,16482226.0,16491826.0,16501322.0,16511723.0,16522618.0,16533332.0,16543975.0,16553788.0,16564231.0,16574596.0,16585120.0,16596301.0,16607245.0,16617876.0,16628152.0,16638848.0,16650065.0,16661460.0,16674139.0,16686200.0,16698493.0,16711782.0,16724101.0,16736015.0,16747713.0,16759377.0,16770801.0,16781736.0,16792692.0,16803737.0,16815030.0,16826541.0,16838341.0,16850405.0,16861652.0,16872549.0,16882962.0,16893450.0,16904552.0,16916616.0,16928375.0,16940384.0,16952174.0,16964769.0,16977565.0,16990627.0,17003164.0,17015781.0,17027738.0,17040210.0,17052997.0,17065811.0,17078010.0,17090152.0,17101809.0,17113139.0,17124043.0,17135053
0xdB_vo4r2c,24854971.0,24859471.0,24864758.0,24870153.0,24875977.0,24881558.0,24886597.0,24891766.0,24897251.0,24902925.0,24908518.0,24913823.0,24918892.0,24924214.0,24929708.0,24934814.0,24939800.0,24944759.0,24949868.0,24954842.0,24959874.0,24965762.0,24974195.0,24981930.0,24988598.0,24995226.0,25001639.0,25007979.0,25014126.0,25019972.0,25025640.0,25031164.0,25036235.0,25041179.0,25045708.0,25050410.0,25055369.0,25060350.0,25065243.0,25070328.0,25075182.0,25080498.0,25085415.0,25090148.0,25094898.0,25099792.0,25104806.0,25109709.0,25114293.0,25118911.0,25123530.0,25128546.0,25133600.0,25138367.0,25142998.0,25147513.0,25152175.0,25156814.0,25161840.0,25166969.0,25171758.0,25177047.0,25182392.0,25187618.0,25192702.0,25197363.0,25201930.0,25207198.0,25212210.0,25218880.0,25224340.0,25228807.0,25233486.0,25238147.0,25242759.0,25247467.0,25252253.0,25257043.0,25261894.0,25266575.0,25271287.0,25276275.0,25281049.0,25286294.0,25292911.0,25299191.0,25305144.0,25310347.0,25315241.0,25319927.0,25324630.0,25330005.0,25340101.0,25349496.0,25357355.0,25363508.0,25369406.0,25375188.0,25380961.0,25387129.0,25393685.0,25399533.0,25404082.0,25408432.0,25412862.0,25417099.0,25421246.0,25425448.0,25429840.0,25434561.0,25439490.0,25444838.0,25449793.0,25454478.0,25458842.0,25463224.0,25467440.0,25471235.0,25475292.0,25479174.0,25483204.0,25487205.0,25491659.0,25496126.0,25500625.0,25505422.0,25510022.0,25514576.0,25519335.0,25524030.0,25529181.0,25534057.0,25538906.0,25543490.0,,,,,,,,,25586605.0,25591206.0,25595322.0,25599503.0,25603606.0,25607344.0,25610916.0,25614602.0,25618682.0,25622329.0,25625818.0,25629082.0,25632766.0,25636434.0,25639854.0,25643650.0,25647231.0,25650789.0,25654571.0,25658396.0,25662340.0,25666330.0,25670642.0,25674866.0,25679115.0,25683215.0,25687434.0,25691507.0,25695597.0,25699717.0,25703879.0,25707916.0,25711925.0,25716050.0,25720244.0,25724621.0,25729066.0,25733260.0,25737638.0,25741865.0,25746119.0,25750304.0,25754662.0,25758745.0,25762892.0,25766929.0,25770993.0,25775147.0,25779152.0,25782953.0,25786817.0,25790690.0,25794545.0,25798518.0,25802261.0,25806127.0,25809979.0,25813644.0,25817474.0,25821560.0,25825411.0,25829074.0,25832610.0,25836108.0,25839665.0,25843590.0,25847187.0,25850600.0,25853739.0,25857040.0,25860594.0,25864144.0,25867636.0,25871395.0,25875028.0,25878438.0,25882230.0,25885988.0,25889733.0,25893411.0,25897094.0,25900380.0,25904149.0,25907725.0,25911416.0,25914959.0,25918418.0,25922074.0,25925541.0,25928973.0,25932543.0,25936287.0,25940001.0,25943590.0,25947267.0,25950871.0,25954421.0,25957931.0,25961643.0,25965193.0,25968714.0,25971931.0,25975213.0,25978635.0,25982092.0,25985373.0,25988785.0,25992405.0,25996004.0,25999717.0,26003428.0,26007072.0,26010661.0,26014368.0,26018042.0,26021559.0,26025035.0,26028358.0,26031814.0,26035687.0,26039449.0,,26047097.0,26050847.0,26054284.0,26057861.0,26061764.0,26065390.0,26069005.0,26072415.0,26075847.0,26079650.0,26083426.0,26087225.0,26091181.0,26095098.0,26098800.0,26102805.0,26106920.0,26111091.0,26115260.0,26119362.0,26123259.0,26127143.0,26131115.0,26135057.0,26138912.0,26142460.0,26146073.0,26149822.0,26153581.0,26157339.0,26161498.0,26165348.0,26169622.0,26173502.0,26177721.0,26182237.0,26186460.0,26190640.0,26194840.0,26198828.0,26202524.0,26206537.0,26210620.0,26214582.0,26218783.0,26223026.0,26227630.0,26232142.0,26236608.0,26241078.0,26245515.0,26249705.0,26254051.0,26258503.0,26262694.0,26267345.0,26271796.0,26276318.0,26280921.0,26285513.0,26290177.0,26295374.0,26307845.0,26315164.0,26322121.0,26328477.0,26334749.0,26340926.0,26346679.0,26352736.0,26358296.0,26364082.0,26370018.0,26376064.0,26382365.0,26388736.0,26396122.0,26404389.0,26411481.0,26417749.0,26423630.0,26429622.0,26435268.0,26440878.0,26446369.0,26451945.0,26457729.0,26463389.0,26469229.0,26475302.0,26481686.0,26487194.0,26492325.0,26497585.0,26503903.0,26510385.0,26515901.0,26521461.0,26526340.0,26531733.0,26537295.0,26542898.0,26548113.0,26553394.0,26558609.0,26563594.0,26568872.0,26573988.0,26578856.0,26583388.0,26587875.0,26592454.0,26596934.0,26601643
0xdB_vo4r2c,24854971.0,24859471.0,24864758.0,24870153.0,24875977.0,24881558.0,24886597.0,24891766.0,24897251.0,24902925.0,24908518.0,24913823.0,24918892.0,24924214.0,24929708.0,24934814.0,24939800.0,24944759.0,24949868.0,24954842.0,24959874.0,24965762.0,24974195.0,24981930.0,24988598.0,24995226.0,25001639.0,25007979.0,25014126.0,25019972.0,25025640.0,25031164.0,25036235.0,25041179.0,25045708.0,25050410.0,25055369.0,25060350.0,25065243.0,25070328.0,25075182.0,25080498.0,25085415.0,25090148.0,25094898.0,25099792.0,25104806.0,25109709.0,25114293.0,25118911.0,25123530.0,25128546.0,25133600.0,25138367.0,25142998.0,25147513.0,25152175.0,25156814.0,25161840.0,25166969.0,25171758.0,25177047.0,25182392.0,25187631.0,25192702.0,25197363.0,25201930.0,25207198.0,25212210.0,25218880.0,25224340.0,25228807.0,25233486.0,25238147.0,25242759.0,25247467.0,25252253.0,25257043.0,25261894.0,25266575.0,25271287.0,25276275.0,25281049.0,25286294.0,25292911.0,25299191.0,25305144.0,25310347.0,25315241.0,25319927.0,25324630.0,25330005.0,25340101.0,25349543.0,25357355.0,25363508.0,25369406.0,25375188.0,25380961.0,25387129.0,25393685.0,25399533.0,25404082.0,25408432.0,25412862.0,25417099.0,25421246.0,25425448.0,25429840.0,25434561.0,25439490.0,25444838.0,25449793.0,25454478.0,25458842.0,25463224.0,25467440.0,25471235.0,25475292.0,25479174.0,25483204.0,25487205.0,25491659.0,25496126.0,25500625.0,25505422.0,25510022.0,25514576.0,25519335.0,25524030.0,25529181.0,25534057.0,25538906.0,25543490.0,,,,,,,,,25586605.0,25591206.0,25595322.0,25599503.0,25603606.0,25607344.0,25610916.0,25614602.0,25618682.0,25622329.0,25625818.0,25629082.0,25632766.0,25636434.0,25639854.0,25643650.0,25647231.0,25650789.0,25654571.0,25658396.0,25662340.0,25666330.0,25670642.0,25674866.0,25679115.0,25683215.0,25687434.0,25691507.0,25695597.0,25699717.0,25703879.0,25707916.0,25711925.0,25716050.0,25720244.0,25724621.0,25729066.0,25733260.0,25737638.0,25741865.0,25746119.0,25750304.0,25754662.0,25758745.0,25762892.0,25766929.0,25770993.0,25775147.0,25779152.0,25782953.0,25786817.0,25790690.0,25794545.0,25798518.0,25802261.0,25806127.0,25809979.0,25813644.0,25817474.0,25821560.0,25825411.0,25829074.0,25832610.0,25836108.0,25839665.0,25843590.0,25847187.0,25850600.0,25853739.0,25857040.0,25860594.0,25864144.0,25867636.0,25871395.0,25875028.0,25878438.0,25882230.0,25885988.0,25889733.0,25893411.0,25897094.0,25900380.0,25904149.0,25907725.0,25911416.0,25914959.0,25918418.0,25922074.0,25925541.0,25928973.0,25932543.0,25936287.0,25940001.0,25943590.0,25947267.0,25950871.0,25954421.0,25957931.0,25961643.0,25965193.0,25968714.0,25971931.0,25975213.0,25978635.0,25982092.0,25985373.0,25988785.0,25992405.0,25996004.0,25999717.0,26003428.0,26007072.0,26010661.0,26014368.0,26018042.0,26021559.0,26025035.0,26028358.0,26031814.0,26035687.0,26039449.0,,26047097.0,26050847.0,26054284.0,26057861.0,26061764.0,26065390.0,26069005.0,26072415.0,26075847.0,26079650.0,26083426.0,26087225.0,26091181.0,26095098.0,26098800.0,26102805.0,26106920.0,26111091.0,26115260.0,26119362.0,26123259.0,26127143.0,26131115.0,26135057.0,26138912.0,26142460.0,26146073.0,26149822.0,26153581.0,26157339.0,26161498.0,26165348.0,26169622.0,26173502.0,26177721.0,26182237.0,26186460.0,26190640.0,26194840.0,26198828.0,26202524.0,26206537.0,26210620.0,26214582.0,26218783.0,26223026.0,26227630.0,26232142.0,26236608.0,26241078.0,26245515.0,26249705.0,26254051.0,26258503.0,26262694.0,26267345.0,26271796.0,26276318.0,26280921.0,26285513.0,26290177.0,26295374.0,26307845.0,26315164.0,26322121.0,26328477.0,26334749.0,26340926.0,26346679.0,26352736.0,26358271.0,26364082.0,26370018.0,26376064.0,26382365.0,26388736.0,26396122.0,26404389.0,26411481.0,26417749.0,26423630.0,26429622.0,26435268.0,26440878.0,26446369.0,26451945.0,26457729.0,26463389.0,26469229.0,26475302.0,26481686.0,26487194.0,26492325.0,26497585.0,26503903.0,26510385.0,26515901.0,26521461.0,26526340.0,26531733.0,26537295.0,26542898.0,26548113.0,26553394.0,26558609.0,26563594.0,26568872.0,26573988.0,26578856.0,26583388.0,26587875.0,26592454.0,26596934.0,26601643
gfk3QLU1x0E,78943692.0,78956832.0,78972785.0,78988135.0,79004729.0,79020957.0,79035840.0,79051050.0,79067871.0,79086153.0,79104592.0,79119821.0,79134980.0,79149856.0,79167931.0,79187651.0,79206820.0,79225216.0,79244068.0,79264002.0,79284240.0,79306478.0,79338874.0,79372546.0,79402800.0,79432774.0,79459099.0,79483004.0,79506497.0,79529728.0,79550313.0,79569805.0,79589131.0,79609485.0,79628474.0,79644427.0,79660357.0,79678179.0,79696369.0,79712477.0,79728955.0,79744014.0,79757293.0,79770435.0,79784342.0,79799231.0,79813745.0,79827641.0,79841601.0,79855398.0,79868722.0,79883642.0,79897994.0,79912967.0,79928197.0,79942708.0,79957099.0,79971388.0,79986090.0,80001372.0,80018374.0,80035389.0,80051968.0,80067512.0,80082030.0,80094912.0,80108020.0,80121986.0,80134373.0,80151800.0,80167359.0,80181303.0,80194701.0,80208718.0,80221986.0,80234613.0,80246848.0,80258623.0,80270497.0,80282560.0,80294185.0,80305728.0,80317896.0,80331518.0,80345543.0,80359519.0,80373265.0,80386231.0,80398654.0,80410553.0,80422516.0,80435819.0,80457859.0,80482898.0,80504486.0,80520087.0,80534134.0,80548348.0,80562825.0,80579926.0,80597186.0,80613719.0,80627546.0,80639142.0,80650979.0,80662982.0,80674642.0,80686665.0,80699077.0,80712475.0,80725483.0,80739688.0,80754378.0,80767343.0,80779328.0,80790270.0,80800028.0,80809552.0,80819422.0,80829049.0,80839292.0,80849291.0,80859839.0,80870332.0,80881064.0,80892081.0,80902856.0,80914182.0,80925325.0,80936318.0,80947750.0,80958325.0,80969006.0,80979289.0,,,,,,,,,81079914.0,81090232.0,81100235.0,81110526.0,81121778.0,81136482.0,81152518.0,81172208.0,81193238.0,81208792.0,81223134.0,81237566.0,81253338.0,81271235.0,81291061.0,81308908.0,81323484.0,81336089.0,81350257.0,81360836.0,81370436.0,81380062.0,81389653.0,81399599.0,81409800.0,81420453.0,81430781.0,81441214.0,81451083.0,81460784.0,81470134.0,81479468.0,81489014.0,81498689.0,81508298.0,81518362.0,81527879.0,81536924.0,81546766.0,81556140.0,81565572.0,81574972.0,81585218.0,81594585.0,81603933.0,81613364.0,81622689.0,81632006.0,81641342.0,81650849.0,81660284.0,81669205.0,81678211.0,81688380.0,81697640.0,81707655.0,81717352.0,81726412.0,81736094.0,81746513.0,81756605.0,81765447.0,81774631.0,81783834.0,81792414.0,81801832.0,81811291.0,81820009.0,81827981.0,81836202.0,81844943.0,81854340.0,81863667.0,81873432.0,81883058.0,81892463.0,81902877.0,81912724.0,81922077.0,81931099.0,81940806.0,81949670.0,81959243.0,81969833.0,81979842.0,81989229.0,81998093.0,82007431.0,82016267.0,82025012.0,82033934.0,82043011.0,82051964.0,82060782.0,82069825.0,82079001.0,82088062.0,82097023.0,82106041.0,82115202.0,82124114.0,82132787.0,82141836.0,82150559.0,82159689.0,82168561.0,82177403.0,82186334.0,82196000.0,82206079.0,82215404.0,82225068.0,82234907.0,82244397.0,82253120.0,82261965.0,82270722.0,82279689.0,82289754.0,82300665.0,82310229.0,,82331402.0,82341513.0,82351139.0,82361427.0,82372232.0,82382434.0,82392109.0,82401663.0,82410836.0,82420162.0,82429028.0,82438594.0,82448472.0,82458190.0,82466966.0,82475949.0,82485112.0,82494541.0,82503891.0,82513797.0,82522353.0,82531211.0,82540162.0,82549125.0,82558201.0,82566856.0,82575294.0,82584001.0,82593822.0,82603603.0,82613323.0,82622844.0,82632679.0,82642269.0,82652616.0,82663188.0,82672955.0,82683352.0,82693439.0,82703176.0,82712622.0,82722521.0,82732981.0,82743523.0,82754484.0,82765792.0,82777788.0,82789473.0,82800607.0,82811317.0,82821957.0,82832631.0,82842952.0,82853325.0,82863220.0,82873109.0,82883717.0,82894121.0,82904424.0,82915586.0,82927602.0,82939317.0,82952225.0,82963907.0,82975203.0,82986003.0,82996670.0,83006704.0,83015651.0,83024666.0,83034746.0,83044812.0,83055490.0,83067011.0,83078381.0,83089956.0,83103746.0,83119787.0,83133321.0,83145445.0,83157535.0,83168910.0,83179636.0,83190710.0,83201987.0,83212837.0,83224572.0,83237255.0,83249742.0,83262015.0,83273968.0,83284482.0,83294634.0,83306252.0,83321240.0,83335367.0,83347810.0,83360205.0,83372906.0,83385948.0,83399443.0,83413387.0,83426852.0,83439497.0,83452408.0,83465438.0,83478386.0,83491269.0,83503185.0,83515184.0,83526282.0,83536972.0,83547553.0,83558432
P0JBkd3mJ74,3973604.0,3980275.0,3987492.0,3994409.0,4002192.0,4011486.0,4020771.0,4032891.0,4048523.0,4060576.0,4070785.0,4082507.0,4094644.0,4105583.0,4117941.0,4130199.0,4140909.0,4151083.0,4162839.0,4173795.0,4184489.0,4194823.0,4205910.0,4215704.0,4224969.0,4234794.0,4244742.0,4256161.0,4266672.0,4280888.0,4295691.0,4307438.0,4317309.0,4326867.0,4337692.0,4348145.0,4358173.0,4367382.0,4374607.0,4382163.0,4390876.0,4400443.0,4408449.0,4416372.0,4424846.0,4433706.0,4443909.0,4456406.0,4466965.0,4475740.0,4484620.0,4493853.0,4502507.0,4512233.0,4522200.0,4531046.0,4539472.0,4549252.0,4558172.0,4565011.0,4573381.0,4583143.0,4592854.0,4602360.0,4611908.0,4621795.0,4631200.0,4640574.0,4648575.0,4658404.0,4667111.0,4675634.0,4683193.0,4689792.0,4698209.0,4707052.0,4717014.0,4728385.0,4738815.0,4748106.0,4756804.0,4765150.0,4773690.0,4782340.0,4791128.0,4799559.0,4807025.0,4813424.0,4819845.0,4826532.0,4833032.0,4839628.0,4846662.0,4853499.0,4859067.0,4865133.0,4871367.0,4877985.0,4884360.0,4890810.0,4896631.0,4903369.0,4911260.0,4918209.0,4924019.0,4932058.0,4941241.0,4946615.0,4951919.0,4959235.0,4965960.0,4972809.0,4980575.0,4988666.0,4996853.0,5003495.0,5010592.0,5017439.0,5023930.0,5030010.0,5035419.0,5040426.0,5045451.0,5050747.0,5056130.0,5062467.0,5068752.0,5074931.0,5081615.0,5087685.0,5094369.0,5100745.0,5107284.0,5114043.0,,,,,,,,,5166290.0,5170588.0,5175163.0,5179834.0,5184903.0,5190561.0,5194587.0,5198993.0,5203165.0,5207657.0,5212554.0,5217576.0,5225752.0,5233573.0,5240424.0,5245948.0,5250663.0,5255634.0,5261549.0,5266845.0,5272075.0,5276612.0,5280750.0,5285163.0,5289162.0,5293139.0,5297386.0,5302084.0,5306244.0,5309909.0,5314438.0,5319389.0,5323833.0,5328324.0,5332752.0,5336671.0,5340133.0,5344138.0,5348095.0,5352005.0,5355860.0,5360299.0,5364084.0,5367816.0,5371828.0,5375599.0,5379572.0,5383761.0,5388296.0,5391984.0,5395199.0,5399049.0,5402853.0,5406813.0,5410611.0,5414630.0,5418123.0,5421235.0,5424630.0,5428467.0,5432045.0,5434820.0,5437983.0,5441001.0,5443948.0,5447385.0,5451451.0,5455423.0,5458536.0,5462176.0,5465548.0,5469174.0,5472842.0,5476517.0,5480476.0,5484566.0,5488524.0,5491875.0,5495035.0,5498772.0,5502354.0,5505697.0,5509925.0,5513603.0,5517094.0,5519999.0,5523333.0,5527160.0,5530772.0,5534407.0,5538340.0,5542320.0,5545955.0,5550409.0,5555169.0,5559867.0,5564634.0,5569577.0,5573987.0,5577559.0,5581720.0,5585635.0,5589405.0,5592996.0,5596507.0,5599446.0,5601996.0,5605028.0,5608464.0,5612037.0,5615508.0,5619069.0,5621975.0,5624520.0,5626785.0,5629234.0,5631731.0,5634248.0,5636982.0,5639259.0,5641394.0,,5645803.0,5648030.0,5650175.0,5652381.0,5654570.0,5656440.0,5658341.0,5660277.0,5662364.0,5664363.0,5666529.0,5668581.0,5670473.0,5672604.0,5674652.0,5676648.0,5678780.0,5680944.0,5683136.0,5684900.0,5687246.0,5689283.0,5691516.0,5693909.0,5696219.0,5698456.0,5700360.0,5702484.0,5704618.0,5706513.0,5708740.0,5710913.0,5712817.0,5714481.0,5716246.0,5718040.0,5719885.0,5721683.0,5723832.0,5726159.0,5728393.0,5730603.0,5732873.0,5735078.0,5737156.0,5739721.0,5743260.0,5747058.0,5750997.0,5755322.0,5759302.0,5763326.0,5767605.0,5772371.0,5776277.0,5780392.0,5784977.0,5789344.0,5794375.0,5799643.0,5804767.0,5809450.0,5814337.0,5820864.0,5827314.0,5833261.0,5838663.0,5843869.0,5848070.0,5852738.0,5857653.0,5863404.0,5868765.0,5875011.0,5880260.0,5884844.0,5890361.0,5896042.0,5901627.0,5906741.0,5911769.0,5916774.0,5920745.0,5924851.0,5929379.0,5933871.0,5938403.0,5942963.0,5946988.0,5950961.0,5955122.0,5959439.0,5963986.0,5968771.0,5974208.0,5979670.0,5984272.0,5989570.0,5994640.0,5999294.0,6004197.0,6009863.0,6014759.0,6019331.0,6025149.0,6030822.0,6036255.0,6041401.0,6046950.0,6052059.0,6056393.0,6060629.0,6065025.0,6068992
9GSQ2pME9SE,658962.0,659183.0,659481.0,659790.0,660055.0,660373.0,660695.0,661007.0,661296.0,661671.0,662008.0,662361.0,662844.0,663222.0,663636.0,663988.0,664262.0,664594.0,664911.0,665188.0,665525.0,665916.0,666297.0,666698.0,667053.0,667452.0,667767.0,668110.0,668467.0,668817.0,669198.0,669537.0,669843.0,670209.0,670522.0,670866.0,671153.0,671457.0,671734.0,672035.0,672311.0,672575.0,672808.0,673117.0,673448.0,673665.0,673921.0,674210.0,674533.0,674857.0,675149.0,675418.0,675666.0,675872.0,676096.0,676323.0,676544.0,676756.0,676957.0,677159.0,677396.0,677631.0,677835.0,678074.0,678262.0,678489.0,678721.0,678943.0,679143.0,679368.0,679578.0,679855.0,680050.0,680280.0,680508.0,680753.0,681026.0,681271.0,681576.0,681807.0,682020.0,682267.0,682560.0,682809.0,683132.0,683453.0,683724.0,684035.0,684294.0,684495.0,684744.0,684965.0,685277.0,685556.0,685830.0,686057.0,686327.0,686565.0,686818.0,687033.0,687277.0,687498.0,687724.0,687962.0,688178.0,688404.0,688586.0,688788.0,689038.0,689209.0,689381.0,689585.0,689821.0,690063.0,690312.0,690534.0,690786.0,690992.0,691219.0,691457.0,691746.0,691976.0,692176.0,692460.0,692755.0,693028.0,693339.0,693650.0,693855.0,694096.0,694315.0,694504.0,694671.0,694856.0,,,,,,,,,696804.0,697014.0,697177.0,697347.0,697561.0,697776.0,697942.0,698124.0,698340.0,698608.0,698867.0,699103.0,699375.0,699646.0,700005.0,700254.0,700472.0,700768.0,701059.0,701304.0,701543.0,701763.0,702011.0,702277.0,702476.0,702693.0,702928.0,703150.0,703406.0,703648.0,703928.0,704127.0,704416.0,704668.0,704958.0,705206.0,705414.0,705619.0,705838.0,706081.0,706321.0,706577.0,706863.0,707172.0,707423.0,707713.0,708018.0,708306.0,708710.0,708988.0,709242.0,709510.0,709840.0,710188.0,710491.0,710765.0,711055.0,711306.0,711622.0,711979.0,712359.0,712636.0,712952.0,713224.0,713561.0,713886.0,714213.0,714543.0,714839.0,715123.0,715458.0,715764.0,716027.0,716331.0,716634.0,717021.0,717323.0,717601.0,717852.0,718125.0,718341.0,718616.0,718904.0,719135.0,719353.0,719603.0,719870.0,720147.0,720379.0,720608.0,720817.0,721057.0,721232.0,721440.0,721693.0,721904.0,722159.0,722404.0,722685.0,722926.0,723192.0,723479.0,723713.0,723920.0,724143.0,724385.0,724576.0,724815.0,725069.0,725301.0,725529.0,725731.0,725902.0,726099.0,726284.0,726474.0,726678.0,726823.0,726964.0,727095.0,727259.0,,727558.0,727714.0,727876.0,728020.0,728152.0,728297.0,728436.0,728586.0,728711.0,728858.0,728994.0,729136.0,729283.0,729421.0,729546.0,729693.0,729837.0,729967.0,730105.0,730233.0,730353.0,730465.0,730575.0,730714.0,730846.0,730958.0,731063.0,731219.0,731383.0,731510.0,731669.0,731815.0,731936.0,732053.0,732168.0,732299.0,732394.0,732513.0,732635.0,732752.0,732886.0,733007.0,733156.0,733289.0,733433.0,733568.0,733735.0,733943.0,734115.0,734308.0,734482.0,734674.0,734841.0,735001.0,735192.0,735339.0,735504.0,735693.0,735872.0,736060.0,736264.0,736474.0,736641.0,736820.0,736996.0,737181.0,737391.0,737608.0,737764.0,738025.0,738227.0,738434.0,738629.0,738812.0,738998.0,739241.0,739466.0,739683.0,739975.0,740167.0,740381.0,740568.0,740710.0,740879.0,741059.0,741232.0,741423.0,741576.0,741779.0,741935.0,742073.0,742231.0,742439.0,742607.0,742807.0,742985.0,743199.0,743397.0,743590.0,743808.0,744003.0,744184.0,744404.0,744595.0,744854.0,745103.0,745337.0,745545.0,745757.0,745939.0,746112.0,746332.0,746535.0,746774
dn-fzIgHkg0,407090.0,407180.0,407261.0,407378.0,407539.0,407681.0,407783.0,407884.0,408008.0,408172.0,408317.0,408432.0,408536.0,408654.0,408758.0,408869.0,408996.0,409101.0,409197.0,409311.0,409422.0,409535.0,409705.0,409827.0,409972.0,410081.0,410191.0,410330.0,410445.0,410543.0,410635.0,410720.0,410808.0,410898.0,411003.0,411100.0,411187.0,411260.0,411352.0,411449.0,411528.0,411618.0,411708.0,411769.0,411858.0,411955.0,412049.0,412103.0,412189.0,412267.0,412360.0,412433.0,412502.0,412574.0,412646.0,412718.0,412806.0,412870.0,412953.0,413030.0,413127.0,413219.0,413325.0,413415.0,413514.0,413592.0,413685.0,413745.0,413856.0,413951.0,414034.0,414133.0,414223.0,414332.0,414422.0,414513.0,414608.0,414707.0,414808.0,414910.0,415004.0,415092.0,415182.0,415281.0,415388.0,415489.0,415602.0,415702.0,415791.0,415899.0,415963.0,416069.0,416170.0,416296.0,416435.0,416542.0,416645.0,416727.0,416812.0,416906.0,417016.0,417119.0,417199.0,417277.0,417368.0,417440.0,417520.0,417631.0,417700.0,417769.0,417857.0,417973.0,418061.0,418136.0,418221.0,418305.0,418359.0,418431.0,418493.0,418558.0,418627.0,418701.0,418783.0,418845.0,418933.0,418984.0,419050.0,419108.0,419181.0,419252.0,419330.0,419395.0,419465.0,419534.0,,,,,,,,,420132.0,420203.0,420260.0,420320.0,420365.0,420418.0,420481.0,420548.0,420632.0,420705.0,420778.0,420860.0,420947.0,421023.0,421106.0,421229.0,421335.0,421398.0,421481.0,421568.0,421647.0,421735.0,421794.0,421870.0,421945.0,422021.0,422102.0,422157.0,422228.0,422311.0,422385.0,422448.0,422530.0,422585.0,422655.0,422727.0,422790.0,422852.0,422902.0,422962.0,423022.0,423074.0,423139.0,423204.0,423283.0,423342.0,423407.0,423463.0,423509.0,423570.0,423644.0,423700.0,423779.0,423839.0,423905.0,423946.0,424020.0,424072.0,424129.0,424198.0,424263.0,424321.0,424369.0,424419.0,424493.0,424541.0,424602.0,424654.0,424713.0,424773.0,424820.0,424875.0,424926.0,424962.0,425021.0,425072.0,425119.0,425171.0,425237.0,425282.0,425320.0,425361.0,425408.0,425457.0,425522.0,425576.0,425605.0,425662.0,425711.0,425757.0,425812.0,425866.0,425930.0,425982.0,426038.0,426098.0,426129.0,426197.0,426250.0,426306.0,426361.0,426409.0,426449.0,426497.0,426552.0,426606.0,426669.0,426722.0,426776.0,426832.0,426887.0,426942.0,427011.0,427078.0,427146.0,427191.0,427242.0,427317.0,427368.0,427431.0,427502.0,,427605.0,427652.0,427704.0,427759.0,427825.0,427902.0,427960.0,428027.0,428064.0,428114.0,428167.0,428218.0,428270.0,428316.0,428364.0,428404.0,428454.0,428501.0,428557.0,428617.0,428651.0,428691.0,428760.0,428808.0,428859.0,428905.0,428958.0,429017.0,429085.0,429130.0,429182.0,429251.0,429328.0,429375.0,429433.0,429480.0,429534.0,429590.0,429649.0,429712.0,429782.0,429826.0,429883.0,429930.0,429970.0,430040.0,430125.0,430188.0,430244.0,430290.0,430345.0,430403.0,430455.0,430506.0,430580.0,430644.0,430701.0,430763.0,430835.0,430908.0,430989.0,431063.0,431161.0,431241.0,431309.0,431387.0,431459.0,431523.0,431608.0,431669.0,431745.0,431856.0,431939.0,432042.0,432139.0,432238.0,432396.0,432543.0,432648.0,432765.0,432853.0,432953.0,433038.0,433129.0,433234.0,433314.0,433376.0,433458.0,433555.0,433648.0,433738.0,433821.0,433903.0,433984.0,434079.0,434231.0,434345.0,434462.0,434600.0,434753.0,434865.0,434952.0,435065.0,435161.0,435241.0,435317.0,435421.0,435524.0,435603.0,435672.0,435776.0,435849.0,435955.0,436050
Ydtif2phE_g,377064.0,378156.0,379406.0,380637.0,381955.0,383428.0,384984.0,386588.0,388129.0,389103.0,390501.0,392309.0,394194.0,395696.0,397861.0,399791.0,401439.0,402777.0,404505.0,406516.0,408230.0,409958.0,411696.0,413250.0,414594.0,416028.0,417348.0,418858.0,420410.0,421953.0,423381.0,424838.0,426025.0,427468.0,428889.0,430072.0,431579.0,432513.0,433430.0,434575.0,435787.0,437141.0,438418.0,439689.0,440657.0,441491.0,442515.0,443534.0,444821.0,446084.0,447363.0,448530.0,449445.0,450408.0,451395.0,452281.0,453097.0,453932.0,454818.0,455631.0,456427.0,457382.0,458318.0,459222.0,460018.0,461087.0,462036.0,463093.0,463813.0,464861.0,465794.0,466627.0,467392.0,468027.0,468875.0,469782.0,470725.0,471463.0,472414.0,473114.0,473850.0,474477.0,475383.0,476334.0,477095.0,477923.0,478812.0,479677.0,480550.0,481446.0,482308.0,483214.0,484209.0,484945.0,485862.0,486595.0,487559.0,488410.0,489228.0,490104.0,490867.0,491654.0,492685.0,493519.0,494363.0,495143.0,496046.0,496804.0,497689.0,498451.0,499203.0,500004.0,501022.0,502247.0,503533.0,504541.0,505698.0,506953.0,508091.0,509422.0,510540.0,511517.0,512554.0,513461.0,514332.0,515195.0,516083.0,516949.0,517721.0,518496.0,519332.0,519941.0,520786.0,521736.0,,,,,,,,,529791.0,530399.0,531203.0,532089.0,532800.0,533490.0,534094.0,534690.0,535372.0,535838.0,536283.0,536720.0,537233.0,538077.0,538822.0,539392.0,539839.0,540370.0,540920.0,541512.0,542069.0,542578.0,543240.0,543834.0,544453.0,545077.0,545707.0,546418.0,546993.0,547470.0,548037.0,548600.0,549164.0,549816.0,550485.0,551038.0,551487.0,551959.0,552473.0,552888.0,553265.0,553677.0,554065.0,554400.0,554727.0,554993.0,555288.0,555572.0,555898.0,556236.0,556455.0,556775.0,557087.0,557467.0,557772.0,558091.0,558419.0,558640.0,558942.0,559229.0,559564.0,559810.0,560084.0,560306.0,560566.0,560825.0,561073.0,561332.0,561592.0,561813.0,562014.0,562273.0,562489.0,562709.0,562967.0,563248.0,563497.0,563788.0,563997.0,564223.0,564442.0,564639.0,564909.0,565204.0,565413.0,565599.0,565809.0,566031.0,566254.0,566461.0,566693.0,566925.0,567144.0,567338.0,567590.0,567840.0,568074.0,568286.0,568514.0,568707.0,568953.0,569165.0,569378.0,569606.0,569845.0,570063.0,570228.0,570400.0,570657.0,570876.0,571090.0,571291.0,571502.0,571701.0,571857.0,572047.0,572203.0,572388.0,572555.0,572703.0,572864.0,,573148.0,573299.0,573487.0,573643.0,573830.0,573965.0,574124.0,574302.0,574451.0,574634.0,574803.0,574947.0,575085.0,575203.0,575339.0,575487.0,575632.0,575778.0,575917.0,576055.0,576180.0,576327.0,576472.0,576619.0,576767.0,576913.0,577024.0,577154.0,577291.0,577425.0,577571.0,577714.0,577819.0,577913.0,578026.0,578144.0,578275.0,578381.0,578514.0,578641.0,578752.0,578908.0,579056.0,579172.0,579316.0,579489.0,579732.0,580012.0,580307.0,580725.0,581047.0,581329.0,581580.0,581795.0,581963.0,582162.0,582394.0,582593.0,582812.0,583099.0,583366.0,583623.0,583888.0,584181.0,584551.0,584933.0,585404.0,585838.0,586118.0,586475.0,586868.0,587282.0,587754.0,588197.0,588710.0,589139.0,589611.0,590177.0,590673.0,591043.0,591472.0,591949.0,592308.0,592553.0,592974.0,593319.0,593699.0,594048.0,594328.0,594610.0,594889.0,595219.0,595619.0,596000.0,596388.0,596748.0,597013.0,597415.0,597757.0,598115.0,598397.0,598709.0,599015.0,599228.0,599593.0,599951.0,600334.0,600735.0,601088.0,601501.0,601953.0,602543.0,602988.0,603433
hfsAnq-4jp8,2814451.0,2815641.0,2816988.0,2818328.0,2819621.0,2820927.0,2822448.0,2824013.0,2825409.0,2826869.0,2828053.0,2829398.0,2830861.0,2832296.0,2833667.0,2834763.0,2835930.0,2836941.0,2838209.0,2839544.0,2841067.0,2842287.0,2843945.0,2845371.0,2846596.0,2847877.0,2849478.0,2850882.0,2852758.0,2854763.0,2857051.0,2858994.0,2860644.0,2863317.0,2864996.0,2867250.0,2869684.0,2871363.0,2872777.0,2874881.0,2877042.0,2879214.0,2881288.0,2883349.0,2885037.0,2886506.0,2888198.0,2889940.0,2891343.0,2893203.0,2894940.0,2896198.0,2897400.0,2898630.0,2900036.0,2901252.0,2902484.0,2903637.0,2904646.0,2905467.0,2906499.0,2907986.0,2909265.0,2910447.0,2911797.0,2913189.0,2914493.0,2915930.0,2917347.0,2918881.0,2920104.0,2921230.0,2922405.0,2923294.0,2924502.0,2925559.0,2926699.0,2927829.0,2929243.0,2930285.0,2931405.0,2932841.0,2934444.0,2935776.0,2937037.0,2938621.0,2940173.0,2941804.0,2943374.0,2944809.0,2946111.0,2947438.0,2948708.0,2949898.0,2951260.0,2952361.0,2953877.0,2955134.0,2956567.0,2958354.0,2959875.0,2961131.0,2962623.0,2964095.0,2965436.0,2966857.0,2968176.0,2969348.0,2970659.0,2971932.0,2973301.0,2974400.0,2975548.0,2976694.0,2977880.0,2979082.0,2980158.0,2981230.0,2982460.0,2983670.0,2984713.0,2985764.0,2986891.0,2987813.0,2988813.0,2989945.0,2991096.0,2992166.0,2992983.0,2993741.0,2994560.0,2995208.0,2996006.0,2996870.0,,,,,,,,,3005799.0,3006730.0,3007888.0,3009071.0,3009925.0,3011008.0,3011636.0,3012312.0,3013067.0,3013632.0,3014399.0,3015256.0,3015939.0,3016800.0,3017461.0,3018080.0,3018524.0,3019020.0,3019540.0,3020202.0,3020940.0,3021646.0,3022435.0,3023231.0,3023783.0,3024485.0,3025069.0,3026013.0,3026697.0,3027407.0,3028123.0,3028989.0,3029910.0,3030730.0,3031600.0,3032390.0,3033015.0,3033790.0,3034530.0,3035091.0,3035925.0,3036767.0,3037509.0,3038229.0,3039213.0,3039843.0,3040581.0,3041335.0,3042135.0,3042777.0,3043359.0,3044040.0,3044808.0,3045528.0,3046172.0,3046846.0,3047797.0,3048811.0,3049983.0,3051296.0,3052399.0,3053165.0,3054444.0,3055679.0,3056601.0,3057756.0,3058774.0,3059854.0,3060659.0,3061472.0,3062841.0,3064028.0,3065497.0,3067056.0,3068965.0,3070775.0,3072645.0,3073951.0,3075125.0,3076420.0,3077881.0,3079462.0,3081346.0,3083443.0,3085097.0,3086594.0,3088170.0,3089965.0,3091738.0,3093333.0,3094864.0,3096424.0,3097685.0,3099154.0,3101419.0,3103140.0,3104894.0,3106715.0,3108665.0,3110163.0,3112114.0,3113486.0,3114943.0,3116248.0,3118142.0,3119959.0,3121326.0,3122971.0,3124558.0,3125844.0,3127162.0,3128461.0,3129667.0,3130641.0,3131494.0,3132318.0,3133184.0,3133995.0,3134834.0,3135599.0,3136267.0,,3137818.0,3138590.0,3139344.0,3140142.0,3140855.0,3141513.0,3142282.0,3142932.0,3143560.0,3144267.0,3144936.0,3145510.0,3146101.0,3146726.0,3147363.0,3148081.0,3148918.0,3149721.0,3150470.0,3151052.0,3151702.0,3152431.0,3153065.0,3153690.0,3154301.0,3154820.0,3155337.0,3155903.0,3156573.0,3157189.0,3157804.0,3158464.0,3159191.0,3159842.0,3160581.0,3161325.0,3161963.0,3162527.0,3163131.0,3163810.0,3164411.0,3165099.0,3165716.0,3166278.0,3166917.0,3167701.0,3169333.0,3171181.0,3173422.0,3175923.0,3178242.0,3180234.0,3182008.0,3183651.0,3185365.0,3186817.0,3188375.0,3190069.0,3191735.0,3193944.0,3195978.0,3197758.0,3199488.0,3201377.0,3203216.0,3205125.0,3207307.0,3209624.0,3211310.0,3213153.0,3214857.0,3216671.0,3218584.0,3221040.0,3223000.0,3224936.0,3226849.0,3228579.0,3230541.0,3232242.0,3233994.0,3235723.0,3237157.0,3238331.0,3239547.0,3240778.0,3242037.0,3243468.0,3244460.0,3245705.0,3246916.0,3248330.0,3249894.0,3251710.0,3253258.0,3254889.0,3256026.0,3257486.0,3258969.0,3260207.0,3261484.0,3262763.0,3263847.0,3264891.0,3266319.0,3267996.0,3269738.0,3271313.0,3272917.0,3274388.0,3275761.0,3277435.0,3279068.0,3280599
V4WuFN9F1ts,1455122.0,1457533.0,1460868.0,1464112.0,1466773.0,1469199.0,1471661.0,1474185.0,1476674.0,1479832.0,1482931.0,1485514.0,1488259.0,1491021.0,1493606.0,1496020.0,1498964.0,1501846.0,1503957.0,1506224.0,1508432.0,1510753.0,1513316.0,1516355.0,1519206.0,1521156.0,1523330.0,1525374.0,1527516.0,1529684.0,1532289.0,1534655.0,1536508.0,1538351.0,1540298.0,1542431.0,1544761.0,1546948.0,1549080.0,1550812.0,1552581.0,1554461.0,1556356.0,1558250.0,1560673.0,1562886.0,1564864.0,1566668.0,1568485.0,1570144.0,1571990.0,1574314.0,1576448.0,1578304.0,1580064.0,1581767.0,1583609.0,1585482.0,1587802.0,1590098.0,1591853.0,1593549.0,1595352.0,1597227.0,1599251.0,1601459.0,1603606.0,1605604.0,1607214.0,1609289.0,1610972.0,1612910.0,1615137.0,1617288.0,1619071.0,1620845.0,1622572.0,1624348.0,1626151.0,1628191.0,1630193.0,1631633.0,1633318.0,1634948.0,1636620.0,1638453.0,1640719.0,1642733.0,1644382.0,1646111.0,1647998.0,1649804.0,1651902.0,1654654.0,1657402.0,1659448.0,1661200.0,1662884.0,1664587.0,1666494.0,1669236.0,1671761.0,1673575.0,1675243.0,1677072.0,1678811.0,1680719.0,1683255.0,1685713.0,1687531.0,1689297.0,1691111.0,1692775.0,1694655.0,1697068.0,1699421.0,1701200.0,1702731.0,1704544.0,1706164.0,1708075.0,1710735.0,1713077.0,1714870.0,1716666.0,1718308.0,1720039.0,1721781.0,1724018.0,1726191.0,1727875.0,1729398.0,1730946.0,1732400.0,,,,,,,,,1748457.0,1750850.0,1752534.0,1754091.0,1755739.0,1757295.0,1758929.0,1760721.0,1762830.0,1764354.0,1765682.0,1766924.0,1768509.0,1770031.0,1772012.0,1773927.0,1775383.0,1776822.0,1778241.0,1779624.0,1781037.0,1782912.0,1785129.0,1786515.0,1787853.0,1789250.0,1790739.0,1792188.0,1794030.0,1796068.0,1797637.0,1798973.0,1800374.0,1801738.0,1803126.0,1804983.0,1806677.0,1807854.0,1808971.0,1810161.0,1811348.0,1812759.0,1814547.0,1816278.0,1817541.0,1818758.0,1820186.0,1821696.0,1823182.0,1825084.0,1826855.0,1828130.0,1829389.0,1830637.0,1831981.0,1833393.0,1835063.0,1836807.0,1838170.0,1839635.0,1841147.0,1842754.0,1844374.0,1845961.0,1847505.0,1848977.0,1850484.0,1852061.0,1853697.0,1855209.0,1856717.0,1858310.0,1859552.0,1860922.0,1862216.0,1863568.0,1864989.0,1866700.0,1868385.0,1869696.0,1870899.0,1872081.0,1873459.0,1874748.0,1876274.0,1877855.0,1879043.0,1880128.0,1881316.0,1882447.0,1883647.0,1885197.0,1886639.0,1887827.0,1888818.0,1890128.0,1891293.0,1892510.0,1894124.0,1895646.0,1896764.0,1897819.0,1898973.0,1900202.0,1901518.0,1903167.0,1904810.0,1906021.0,1907332.0,1908598.0,1909922.0,1911340.0,1913141.0,1914933.0,1916397.0,1917832.0,1919224.0,1920656.0,1922191.0,1924020.0,1925773.0,,1928503.0,1929725.0,1931082.0,1932430.0,1934139.0,1935790.0,1937074.0,1938371.0,1939611.0,1940921.0,1942454.0,1944259.0,1945949.0,1947268.0,1948434.0,1949632.0,1950758.0,1952045.0,1953736.0,1955554.0,1956938.0,1958297.0,1959577.0,1960950.0,1962548.0,1964112.0,1965571.0,1966886.0,1968231.0,1969470.0,1970765.0,1972058.0,1973767.0,1975289.0,1976623.0,1977825.0,1979181.0,1980428.0,1981977.0,1983554.0,1985069.0,1986277.0,1987599.0,1988891.0,1990184.0,1991524.0,1993137.0,1994636.0,1995977.0,1997271.0,1998465.0,1999853.0,2001320.0,2003248.0,2005162.0,2006727.0,2008158.0,2009457.0,2010948.0,2012754.0,2014905.0,2017159.0,2018703.0,2020151.0,2021871.0,2023516.0,2025428.0,2027331.0,2029388.0,2031182.0,2032975.0,2034620.0,2036219.0,2037944.0,2040181.0,2042254.0,2043834.0,2045287.0,2046708.0,2048243.0,2050021.0,2052139.0,2054282.0,2055975.0,2057679.0,2059376.0,2060971.0,2062712.0,2065050.0,2067384.0,2069125.0,2070888.0,2072649.0,2074390.0,2076057.0,2078093.0,2080164.0,2081822.0,2083476.0,2085174.0,2086664.0,2088351.0,2090530.0,2092552.0,2094022.0,2095622.0,2097064.0,2098549.0,2100082.0,2101959.0,2103784.0,2105250.0,2106710.0,2108337
D8VEhcPeSlc,247124149.0,247276993.0,247459122.0,247632424.0,247800997.0,247971856.0,248151833.0,248341510.0,248531126.0,248705968.0,248868578.0,249028632.0,249205577.0,249379838.0,249556157.0,249726001.0,249909970.0,250087329.0,250256751.0,250431681.0,250609364.0,250796978.0,251008339.0,251250796.0,251477920.0,251706045.0,251935113.0,252153564.0,252353404.0,252546883.0,252735596.0,252917135.0,253105132.0,253305614.0,253502102.0,253680433.0,253870606.0,254087908.0,254283117.0,254479661.0,254679215.0,254864990.0,255040894.0,255215031.0,255381059.0,255540560.0,255695739.0,255890264.0,256097073.0,256284760.0,256462317.0,256639879.0,256803548.0,256982496.0,257207642.0,257434703.0,257631050.0,257795134.0,257964541.0,258121549.0,258259019.0,258422767.0,258585024.0,258801682.0,259054071.0,259261274.0,259442276.0,259606697.0,259740569.0,259920153.0,260083909.0,260256916.0,260444361.0,260605991.0,260765359.0,260917989.0,261066917.0,261227743.0,261392545.0,261554543.0,261711346.0,261859936.0,262009621.0,262164811.0,262321155.0,262483031.0,262653479.0,262816862.0,262966343.0,263103164.0,263246289.0,263389556.0,263552911.0,263747180.0,263942188.0,264118350.0,264274657.0,264424381.0,264573566.0,264728416.0,264899371.0,265066456.0,265211388.0,265352817.0,265497137.0,265643033.0,265790934.0,265952202.0,266117137.0,266256400.0,266391736.0,266527780.0,266664105.0,266803659.0,266949492.0,267093613.0,267224698.0,267354543.0,267488147.0,267615856.0,267747708.0,267896418.0,268052134.0,268189088.0,268326423.0,268464058.0,268605980.0,268764185.0,268937150.0,269100330.0,269244330.0,269390698.0,269540543.0,269681158.0,,,,,,,,,270976488.0,271126263.0,271257760.0,271382967.0,271508254.0,271631435.0,271753340.0,271877490.0,271993344.0,272090555.0,272191175.0,272297678.0,272413640.0,272525368.0,272647299.0,272764709.0,272873594.0,272990248.0,273103718.0,273220466.0,273348523.0,273489150.0,273627923.0,273754109.0,273877638.0,274009712.0,274143280.0,274279955.0,274425349.0,274568741.0,274699433.0,274824853.0,274947815.0,275072777.0,275198952.0,275342214.0,275482082.0,275607857.0,275736498.0,275866317.0,275993447.0,276118259.0,276260079.0,276394068.0,276514013.0,276628897.0,276746508.0,276868958.0,276991556.0,277117934.0,277240509.0,277353190.0,277466844.0,277583950.0,277696041.0,277822593.0,277955931.0,278087126.0,278213581.0,278353553.0,278493438.0,278625890.0,278746267.0,278875218.0,278995550.0,279121702.0,279247176.0,279379090.0,279505475.0,279614980.0,279737687.0,279856468.0,279971796.0,280088027.0,280211267.0,280334144.0,280467877.0,280598920.0,280720350.0,280830427.0,280945274.0,281054749.0,281176250.0,281300544.0,281429257.0,281555574.0,281669472.0,281790201.0,281905887.0,282020432.0,282137530.0,282264205.0,282388713.0,282503312.0,282619229.0,282741626.0,282863704.0,282985060.0,283114517.0,283236623.0,283352145.0,283462830.0,283574672.0,283686790.0,283807040.0,283930661.0,284053440.0,284167761.0,284289667.0,284415507.0,284537470.0,284660709.0,284792205.0,284922169.0,285043350.0,285160826.0,285270350.0,285385355.0,285505632.0,285633947.0,285759510.0,,285998390.0,286118098.0,286244912.0,286372211.0,286505504.0,286633758.0,286754520.0,286865898.0,286973135.0,287084706.0,287194061.0,287315125.0,287437468.0,287551521.0,287660659.0,287771571.0,287883523.0,287998283.0,288121312.0,288243127.0,288355137.0,288464722.0,288575996.0,288692072.0,288807039.0,288922207.0,289035787.0,289145950.0,289260506.0,289372696.0,289484389.0,289603347.0,289728303.0,289848292.0,289966574.0,290082389.0,290196327.0,290317301.0,290442351.0,290567126.0,290685315.0,290799128.0,290916390.0,291037824.0,291166008.0,291296564.0,291429345.0,291563412.0,291684728.0,291800458.0,291914582.0,292025772.0,292136011.0,292254005.0,292369876.0,292477299.0,292586574.0,292696593.0,292803958.0,292910832.0,293025284.0,293139404.0,293248461.0,293357298.0,293469797.0,293577044.0,293691838.0,293815151.0,293937146.0,294054123.0,294177815.0,294297184.0,294416011.0,294545409.0,294682186.0,294817702.0,294945533.0,295078470.0,295216179.0,295344688.0,295479912.0,295610188.0,295737776.0,295852109.0,295958602.0,296065217.0,296175143.0,296290978.0,296414600.0,296537423.0,296652812.0,296760860.0,296870020.0,296981942.0,297101716.0,297236714.0,297362758.0,297485649.0,297614165.0,297745491.0,297882125.0,298019020.0,298159660.0,298283287.0,298402757.0,298513511.0,298627166.0,298745812.0,298863904.0,298984735.0,299112748.0,299232114.0,299356643.0,299483164
7x629XNDShY,170529.0,170669.0,170846.0,171041.0,171215.0,171387.0,171566.0,171759.0,171952.0,172151.0,172329.0,172505.0,172692.0,172910.0,173147.0,173394.0,173658.0,173919.0,174116.0,174387.0,174627.0,174926.0,175333.0,175722.0,176038.0,176402.0,176732.0,177088.0,177413.0,177806.0,178104.0,178426.0,178731.0,179102.0,179382.0,179667.0,180015.0,180287.0,180492.0,180783.0,181061.0,181328.0,181624.0,181894.0,182152.0,182407.0,182647.0,182941.0,183268.0,183602.0,183895.0,184172.0,184403.0,184652.0,184902.0,185150.0,185443.0,185774.0,186042.0,186229.0,186523.0,186776.0,187076.0,187339.0,187585.0,187872.0,188158.0,188446.0,188673.0,188993.0,189283.0,189511.0,189761.0,189960.0,190224.0,190459.0,190722.0,190920.0,191173.0,191417.0,191636.0,191802.0,192052.0,192278.0,192512.0,192812.0,193111.0,193382.0,193690.0,193952.0,194248.0,194472.0,194813.0,195124.0,195440.0,195700.0,195997.0,196272.0,196577.0,196896.0,197172.0,197404.0,197690.0,197963.0,198233.0,198485.0,198722.0,198987.0,199246.0,199469.0,199741.0,199982.0,200203.0,200441.0,200688.0,200885.0,201098.0,201313.0,201554.0,201764.0,202028.0,202270.0,202457.0,202682.0,202906.0,203126.0,203345.0,203563.0,203768.0,203966.0,204174.0,204350.0,204562.0,204739.0,,,,,,,,,207025.0,207275.0,207490.0,207667.0,207920.0,208177.0,208372.0,208574.0,208770.0,208977.0,209159.0,209377.0,209609.0,209831.0,210087.0,210267.0,210462.0,210692.0,210906.0,211114.0,211298.0,211478.0,211680.0,211871.0,212045.0,212234.0,212413.0,212598.0,212771.0,212924.0,213115.0,213263.0,213444.0,213641.0,213831.0,213968.0,214131.0,214307.0,214464.0,214630.0,214739.0,214873.0,214981.0,215082.0,215179.0,215279.0,215386.0,215473.0,215573.0,215663.0,215743.0,215832.0,215918.0,216024.0,216123.0,216214.0,216311.0,216395.0,216525.0,216629.0,216760.0,216841.0,216941.0,217032.0,217141.0,217254.0,217363.0,217488.0,217574.0,217660.0,217743.0,217868.0,217966.0,218095.0,218239.0,218383.0,218539.0,218672.0,218781.0,218900.0,219028.0,219137.0,219265.0,219434.0,219552.0,219668.0,219825.0,219961.0,220079.0,220182.0,220302.0,220465.0,220634.0,220822.0,221041.0,221272.0,221505.0,221755.0,221988.0,222226.0,222546.0,222829.0,223176.0,223452.0,223749.0,224014.0,224253.0,224518.0,224775.0,225045.0,225294.0,225551.0,225775.0,225978.0,226182.0,226362.0,226529.0,226692.0,226912.0,227066.0,227223.0,,227578.0,227718.0,227895.0,228041.0,228215.0,228338.0,228462.0,228605.0,228755.0,228912.0,229101.0,229239.0,229360.0,229500.0,229612.0,229727.0,229861.0,230005.0,230147.0,230264.0,230397.0,230502.0,230608.0,230731.0,230869.0,230969.0,231073.0,231188.0,231308.0,231559.0,231803.0,232161.0,232449.0,232667.0,232950.0,233198.0,233564.0,233826.0,234119.0,234394.0,234661.0,234930.0,235386.0,235730.0,236178.0,236931.0,238467.0,239962.0,241566.0,243258.0,244774.0,246040.0,247285.0,248572.0,249496.0,250324.0,251263.0,252305.0,253631.0,254696.0,255742.0,256769.0,257806.0,259124.0,260347.0,262143.0,263807.0,265194.0,266126.0,267199.0,268262.0,269308.0,270612.0,271777.0,272785.0,273934.0,275112.0,276360.0,277663.0,278723.0,279709.0,280894.0,281731.0,282437.0,283332.0,284016.0,284753.0,285403.0,285886.0,286468.0,286977.0,287540.0,288157.0,288818.0,289447.0,290146.0,290605.0,291093.0,291632.0,292092.0,292516.0,292937.0,293399.0,293738.0,294144.0,294600.0,294967.0,295385.0,295775.0,296177.0,296539.0,296999.0,297435.0,297870
HJYetAS7cVs,3256528.0,3256897.0,3257370.0,3257845.0,3258296.0,3258748.0,3259154.0,3259564.0,3260036.0,3260517.0,3261014.0,3261464.0,3261837.0,3262260.0,3262722.0,3263119.0,3263646.0,3264123.0,3264572.0,3264942.0,3265362.0,3265726.0,3266256.0,3266721.0,3267136.0,3267539.0,3267938.0,3268371.0,3268765.0,3269175.0,3269631.0,3270035.0,3270385.0,3270783.0,3271245.0,3271652.0,3272108.0,3272505.0,3272958.0,3273359.0,3273759.0,3274162.0,3274616.0,3275039.0,3275459.0,3275917.0,3276286.0,3276749.0,3277109.0,3277481.0,3277874.0,3278267.0,3278626.0,3278931.0,3279275.0,3279679.0,3280084.0,3280485.0,3280906.0,3281305.0,3281707.0,3282101.0,3282545.0,3282972.0,3283397.0,3283807.0,3284258.0,3284708.0,3285069.0,3285546.0,3285963.0,3286401.0,3286808.0,3287217.0,3287615.0,3287942.0,3288424.0,3288930.0,3289369.0,3289809.0,3290259.0,3290653.0,3291155.0,3291665.0,3292085.0,3292537.0,3293041.0,3293409.0,3293965.0,3294477.0,3294945.0,3295403.0,3295944.0,3296500.0,3297052.0,3297537.0,3297940.0,3298405.0,3298771.0,3299179.0,3299662.0,3300180.0,3300608.0,3301111.0,3301601.0,3302126.0,3302602.0,3303132.0,3303681.0,3304088.0,3304547.0,3304990.0,3305462.0,3305966.0,3306464.0,3307051.0,3307529.0,3308076.0,3308600.0,3309067.0,3309604.0,3310085.0,3310602.0,3311239.0,3311753.0,3312330.0,3312889.0,3313497.0,3314093.0,3314790.0,3315361.0,3315953.0,3316591.0,3317160.0,,,,,,,,,3323664.0,3324468.0,3325227.0,3325991.0,3326666.0,3327397.0,3328161.0,3329159.0,3330494.0,3331716.0,3332969.0,3334289.0,3335739.0,3337157.0,3338670.0,3340156.0,3341580.0,3343182.0,3344684.0,3346207.0,3347790.0,3349702.0,3351450.0,3353189.0,3354994.0,3356954.0,3359002.0,3361103.0,3363278.0,3365634.0,3367979.0,3370503.0,3373108.0,3375776.0,3378543.0,3381196.0,3384034.0,3387113.0,3390505.0,3394137.0,3398046.0,3402216.0,3406457.0,3410603.0,3414470.0,3418280.0,3422159.0,3426126.0,3430176.0,3434363.0,3438642.0,3442626.0,3446670.0,3450856.0,3455123.0,3459664.0,3464398.0,3469315.0,3474339.0,3480034.0,3490115.0,3505796.0,3512909.0,3516581.0,3519185.0,3521500.0,3523535.0,3525623.0,3527437.0,3528461.0,3529368.0,3530144.0,3530961.0,3531687.0,3532332.0,3532979.0,3533584.0,3534148.0,3534678.0,3535201.0,3535633.0,3535965.0,3536434.0,3536880.0,3537405.0,3537766.0,3538100.0,3538478.0,3538810.0,3539132.0,3539467.0,3539820.0,3540193.0,3540550.0,3540828.0,3541146.0,3541421.0,3541740.0,3542071.0,3542479.0,3542771.0,3543060.0,3543416.0,3543691.0,3543954.0,3544258.0,3544539.0,3544827.0,3545109.0,3545351.0,3545627.0,3545866.0,3546139.0,3546428.0,3546670.0,3546900.0,3547132.0,3547355.0,3547657.0,3548013.0,3548363.0,,3549131.0,3549405.0,3549754.0,3550034.0,3550354.0,3550705.0,3551060.0,3551308.0,3551607.0,3551935.0,3552230.0,3552517.0,3552877.0,3553126.0,3553357.0,3553612.0,3553867.0,3554145.0,3554370.0,3554677.0,3554912.0,3555132.0,3555401.0,3555608.0,3555897.0,3556154.0,3556383.0,3556627.0,3556889.0,3557120.0,3557329.0,3557639.0,3557915.0,3558216.0,3558470.0,3558708.0,3558967.0,3559191.0,3559467.0,3559708.0,3559957.0,3560213.0,3560463.0,3560727.0,3560955.0,3561215.0,3561524.0,3561804.0,3562070.0,3562350.0,3562649.0,3562865.0,3563137.0,3563401.0,3563674.0,3564020.0,3564250.0,3564496.0,3564777.0,3565027.0,3565365.0,3565715.0,3566023.0,3566266.0,3566510.0,3566782.0,3567088.0,3567403.0,3567681.0,3567929.0,3568153.0,3568474.0,3568695.0,3568963.0,3569215.0,3569502.0,3569748.0,3570043.0,3570278.0,3570482.0,3570738.0,3570988.0,3571279.0,3571592.0,3571850.0,3572098.0,3572350.0,3572616.0,3572911.0,3573170.0,3573455.0,3573772.0,3573989.0,3574230.0,3574531.0,3574864.0,3575214.0,3575524.0,3575775.0,3576106.0,3576431.0,3576703.0,3577037.0,3577335.0,3577667.0,3577923.0,3578181.0,3578399.0,3578660.0,3578897.0,3579198.0,3579519.0,3579743.0,3580013
fN7_wshMqw8,466158.0,466253.0,466335.0,466442.0,466526.0,466634.0,466749.0,466882.0,467005.0,467115.0,467224.0,467295.0,467404.0,467513.0,467618.0,467737.0,467865.0,467978.0,468080.0,468188.0,468307.0,468411.0,468560.0,468697.0,468819.0,468923.0,469087.0,469227.0,469364.0,469503.0,469656.0,469746.0,469865.0,469988.0,470084.0,470211.0,470331.0,470416.0,470500.0,470591.0,470679.0,470763.0,470869.0,470966.0,471050.0,471145.0,471248.0,471355.0,471457.0,471567.0,471646.0,471724.0,471801.0,471876.0,471954.0,472062.0,472134.0,472237.0,472336.0,472432.0,472549.0,472641.0,472728.0,472820.0,472923.0,473003.0,473064.0,473145.0,473208.0,473331.0,473414.0,473508.0,473580.0,473654.0,473733.0,473810.0,473916.0,473990.0,474087.0,474171.0,474243.0,474319.0,474413.0,474485.0,474571.0,474660.0,474763.0,474822.0,474911.0,474995.0,475105.0,475178.0,475296.0,475392.0,475498.0,475568.0,475661.0,475734.0,475812.0,475907.0,475979.0,476087.0,476188.0,476276.0,476373.0,476471.0,476542.0,476616.0,476694.0,476740.0,476817.0,476881.0,476962.0,477039.0,477127.0,477209.0,477268.0,477332.0,477407.0,477484.0,477578.0,477661.0,477733.0,477821.0,477901.0,477991.0,478080.0,478151.0,478257.0,478328.0,478381.0,478454.0,478540.0,478619.0,,,,,,,,,479359.0,479433.0,479499.0,479567.0,479651.0,479737.0,479837.0,479965.0,480073.0,480174.0,480292.0,480388.0,480505.0,480625.0,480749.0,480883.0,480992.0,481114.0,481221.0,481407.0,481556.0,481690.0,481888.0,482055.0,482231.0,482395.0,482577.0,482748.0,482975.0,483131.0,483290.0,483476.0,483724.0,484044.0,484303.0,484558.0,484895.0,485260.0,485725.0,486403.0,487232.0,488031.0,488779.0,489422.0,490102.0,490959.0,491725.0,492539.0,493303.0,494029.0,494599.0,495314.0,496147.0,496887.0,497691.0,498543.0,499291.0,499923.0,500760.0,501512.0,502425.0,503364.0,504244.0,504941.0,505476.0,506141.0,506799.0,507441.0,508014.0,508670.0,509285.0,509731.0,510181.0,510676.0,511255.0,511813.0,512302.0,512779.0,513127.0,513545.0,513924.0,514257.0,514587.0,514992.0,515330.0,515560.0,515832.0,516128.0,516433.0,516658.0,516910.0,517165.0,517388.0,517620.0,517864.0,518101.0,518334.0,518529.0,518715.0,518874.0,519095.0,519284.0,519460.0,519628.0,519776.0,519910.0,520026.0,520164.0,520301.0,520446.0,520568.0,520691.0,520818.0,520887.0,521002.0,521074.0,521153.0,521254.0,521348.0,521425.0,521503.0,,521678.0,521765.0,521833.0,521924.0,521999.0,522065.0,522122.0,522204.0,522259.0,522323.0,522394.0,522461.0,522505.0,522574.0,522633.0,522711.0,522788.0,522884.0,522943.0,523008.0,523065.0,523112.0,523158.0,523217.0,523267.0,523327.0,523384.0,523449.0,523512.0,523562.0,523617.0,523665.0,523711.0,523756.0,523799.0,523843.0,523878.0,523897.0,523933.0,523978.0,524018.0,524059.0,524110.0,524149.0,524192.0,524253.0,524309.0,524373.0,524451.0,524506.0,524564.0,524609.0,524660.0,524699.0,524739.0,524794.0,524850.0,524908.0,524971.0,525034.0,525110.0,525190.0,525255.0,525328.0,525394.0,525455.0,525525.0,525599.0,525653.0,525698.0,525782.0,525844.0,525903.0,525960.0,526014.0,526073.0,526120.0,526199.0,526265.0,526334.0,526389.0,526443.0,526510.0,526553.0,526623.0,526672.0,526729.0,526784.0,526846.0,526896.0,526947.0,527005.0,527071.0,527124.0,527182.0,527252.0,527312.0,527352.0,527408.0,527463.0,527508.0,527569.0,527628.0,527684.0,527728.0,527786.0,527829.0,527892.0,527925.0,527961.0,528010.0,528046.0,528095.0,528154
avsYLoPRagc,1965717.0,1966591.0,1967659.0,1968774.0,1969837.0,1970775.0,1971788.0,1972822.0,1973748.0,1974750.0,1975719.0,1976694.0,1977696.0,1978723.0,1979721.0,1980703.0,1981848.0,1982919.0,1983946.0,1984892.0,1985953.0,1986882.0,1987868.0,1988929.0,1989936.0,1990856.0,1991789.0,1992669.0,1993610.0,1994582.0,1995581.0,1996353.0,1997296.0,1998216.0,1999014.0,1999900.0,2000839.0,2001664.0,2002468.0,2003264.0,2004045.0,2004810.0,2005542.0,2006400.0,2007140.0,2007938.0,2008674.0,2009467.0,2010192.0,2011013.0,2011729.0,2012528.0,2013229.0,2013923.0,2014654.0,2015414.0,2016091.0,2016886.0,2017654.0,2018339.0,2019086.0,2019786.0,2020563.0,2021294.0,2021964.0,2022764.0,2023557.0,2024299.0,2024934.0,2025791.0,2026546.0,2027350.0,2028034.0,2028818.0,2029615.0,2030357.0,2031134.0,2031897.0,2032679.0,2033378.0,2034123.0,2034917.0,2035669.0,2036444.0,2037356.0,2038313.0,2039427.0,2040474.0,2041395.0,2042297.0,2043244.0,2044034.0,2045139.0,2046134.0,2047139.0,2047908.0,2048743.0,2049541.0,2050302.0,2051231.0,2052111.0,2053162.0,2054103.0,2055012.0,2055896.0,2056689.0,2057481.0,2058462.0,2059326.0,2060087.0,2060889.0,2061665.0,2062470.0,2063266.0,2064154.0,2065017.0,2065719.0,2066447.0,2067208.0,2067994.0,2068810.0,2069698.0,2070552.0,2071304.0,2072040.0,2072814.0,2073521.0,2074285.0,2075144.0,2075947.0,2076632.0,2077373.0,2078037.0,2078821.0,,,,,,,,,2086124.0,2087082.0,2087821.0,2088566.0,2089345.0,2090069.0,2090818.0,2091580.0,2092487.0,2093151.0,2093958.0,2094667.0,2095490.0,2096326.0,2097309.0,2098315.0,2099256.0,2100130.0,2101049.0,2101866.0,2102565.0,2103366.0,2104218.0,2104993.0,2105758.0,2106571.0,2107416.0,2108246.0,2109259.0,2110219.0,2110999.0,2111821.0,2112579.0,2113411.0,2114230.0,2115311.0,2116286.0,2117125.0,2117845.0,2118662.0,2119387.0,2120272.0,2121220.0,2122131.0,2122868.0,2123572.0,2124358.0,2125260.0,2126063.0,2127163.0,2128138.0,2129109.0,2130011.0,2130961.0,2131819.0,2132666.0,2133660.0,2134666.0,2135503.0,2136381.0,2137340.0,2138070.0,2138948.0,2139910.0,2140735.0,2141571.0,2142504.0,2143475.0,2144243.0,2144986.0,2145888.0,2146720.0,2147589.0,2148497.0,2149304.0,2150187.0,2151143.0,2152033.0,2153049.0,2153760.0,2154551.0,2155362.0,2156527.0,2157664.0,2158900.0,2159953.0,2160942.0,2161925.0,2162843.0,2163754.0,2164856.0,2166040.0,2167207.0,2168228.0,2169286.0,2170094.0,2170936.0,2171807.0,2172813.0,2173803.0,2174667.0,2175407.0,2176235.0,2177042.0,2177795.0,2178640.0,2179512.0,2180348.0,2181208.0,2182132.0,2183081.0,2184048.0,2185019.0,2185817.0,2186639.0,2187466.0,2188335.0,2189186.0,2190073.0,2191012.0,2191852.0,,2193590.0,2194257.0,2194976.0,2195805.0,2196475.0,2197190.0,2197835.0,2198366.0,2198946.0,2199635.0,2200371.0,2201087.0,2201741.0,2202439.0,2203037.0,2203743.0,2204463.0,2205230.0,2206044.0,2206812.0,2207491.0,2208190.0,2208867.0,2209587.0,2210304.0,2211085.0,2211687.0,2212466.0,2213144.0,2213865.0,2214491.0,2215219.0,2215935.0,2216587.0,2217332.0,2218046.0,2218723.0,2219440.0,2220084.0,2220710.0,2221451.0,2222239.0,2223059.0,2223746.0,2224438.0,2225162.0,2225992.0,2226956.0,2227909.0,2228717.0,2229464.0,2230144.0,2230756.0,2231398.0,2231983.0,2232602.0,2233154.0,2233678.0,2234246.0,2234768.0,2235374.0,2235949.0,2236387.0,2236943.0,2237535.0,2238139.0,2239104.0,2240041.0,2240893.0,2241667.0,2242495.0,2243349.0,2244208.0,2244975.0,2245862.0,2246720.0,2247557.0,2248387.0,2249260.0,2250055.0,2250856.0,2251628.0,2252326.0,2253057.0,2253780.0,2254511.0,2255280.0,2256032.0,2256814.0,2257617.0,2258394.0,2259128.0,2259852.0,2260559.0,2261316.0,2262120.0,2262828.0,2263378.0,2263986.0,2264635.0,2265264.0,2265923.0,2266558.0,2267387.0,2268056.0,2268740.0,2269482.0,2270141.0,2270760.0,2271546.0,2272245.0,2272928.0,2273517.0,2274126
JERLCDtAjBs,194546.0,194586.0,194618.0,194652.0,194690.0,194721.0,194899.0,195021.0,195093.0,195216.0,195321.0,195408.0,195487.0,195573.0,195660.0,195733.0,195812.0,195866.0,195922.0,195968.0,196062.0,196180.0,196235.0,196279.0,196328.0,196367.0,196422.0,196476.0,196519.0,196576.0,196625.0,196658.0,196695.0,196739.0,196777.0,196821.0,196850.0,196881.0,196942.0,196998.0,197049.0,197075.0,197113.0,197139.0,197175.0,197197.0,197242.0,197279.0,197303.0,197335.0,197370.0,197410.0,197435.0,197465.0,197498.0,197539.0,197585.0,197621.0,197672.0,197720.0,197763.0,197795.0,197840.0,197874.0,197910.0,197941.0,197987.0,198035.0,198069.0,198117.0,198148.0,198178.0,198209.0,198254.0,198277.0,198303.0,198333.0,198372.0,198412.0,198454.0,198481.0,198516.0,198557.0,198581.0,198614.0,198642.0,198672.0,198710.0,198742.0,198778.0,198798.0,198837.0,198853.0,198892.0,198921.0,198950.0,198981.0,199011.0,199041.0,199075.0,199098.0,199124.0,199157.0,199183.0,199196.0,199215.0,199238.0,199269.0,199343.0,199377.0,199396.0,199427.0,199441.0,199466.0,199486.0,199520.0,199533.0,199550.0,199571.0,199597.0,199633.0,199659.0,199694.0,199729.0,199757.0,199798.0,199831.0,199866.0,199898.0,199942.0,199967.0,199990.0,200020.0,200040.0,,,,,,,,,200280.0,200310.0,200336.0,200358.0,200400.0,200439.0,200472.0,200478.0,200496.0,200519.0,200540.0,200557.0,200576.0,200603.0,200622.0,200638.0,200656.0,200673.0,200705.0,200738.0,200755.0,200781.0,200804.0,200830.0,200850.0,200865.0,200887.0,200904.0,200925.0,200947.0,200963.0,200986.0,201020.0,201047.0,201065.0,201097.0,201124.0,201156.0,201178.0,201197.0,201221.0,201252.0,201283.0,201302.0,201329.0,201347.0,201373.0,201392.0,201407.0,201438.0,201455.0,201484.0,201498.0,201524.0,201543.0,201565.0,201586.0,201608.0,201636.0,201700.0,201735.0,201757.0,201774.0,201802.0,201826.0,201854.0,201875.0,201902.0,201924.0,201946.0,201964.0,201988.0,202010.0,202036.0,202059.0,202076.0,202101.0,202234.0,202361.0,202437.0,202495.0,202532.0,202576.0,202605.0,202645.0,202682.0,202716.0,202744.0,202770.0,202803.0,202829.0,202862.0,202890.0,202924.0,202941.0,202979.0,202997.0,203034.0,203068.0,203089.0,203116.0,203152.0,203190.0,203217.0,203251.0,203284.0,203316.0,203344.0,203376.0,203401.0,203437.0,203466.0,203495.0,203532.0,203557.0,203580.0,203605.0,203628.0,203651.0,203675.0,203694.0,,203772.0,203797.0,203830.0,203853.0,203890.0,203913.0,203948.0,203973.0,204003.0,204020.0,204033.0,204053.0,204074.0,204092.0,204113.0,204137.0,204160.0,204185.0,204199.0,204225.0,204252.0,204273.0,204289.0,204320.0,204336.0,204356.0,204379.0,204404.0,204421.0,204440.0,204457.0,204476.0,204494.0,204506.0,204522.0,204539.0,204562.0,204587.0,204601.0,204625.0,204648.0,204669.0,204687.0,204714.0,204738.0,204765.0,204778.0,204813.0,204835.0,204846.0,204869.0,204878.0,204902.0,204913.0,204944.0,204970.0,204993.0,205013.0,205033.0,205048.0,205080.0,205104.0,205121.0,205147.0,205169.0,205203.0,205222.0,205262.0,205301.0,205328.0,205359.0,205381.0,205405.0,205425.0,205449.0,205469.0,205482.0,205496.0,205512.0,205532.0,205561.0,205573.0,205601.0,205625.0,205656.0,205684.0,205706.0,205727.0,205744.0,205759.0,205786.0,205813.0,205840.0,205874.0,205907.0,205944.0,205966.0,205988.0,206002.0,206021.0,206031.0,206046.0,206070.0,206087.0,206096.0,206121.0,206138.0,206154.0,206173.0,206189.0,206215.0,206221.0,206233.0,206246
x3yQ_uXUxV4,1289411.0,1289466.0,1289509.0,1289564.0,1289625.0,1289673.0,1289717.0,1289769.0,1289823.0,1289883.0,1289923.0,1289962.0,1290031.0,1290081.0,1290141.0,1290190.0,1290242.0,1290283.0,1290324.0,1290354.0,1290398.0,1290448.0,1290491.0,1290535.0,1290589.0,1290632.0,1290681.0,1290751.0,1290840.0,1290893.0,1290959.0,1291004.0,1291122.0,1291238.0,1291302.0,1291345.0,1291303.0,1291339.0,1291379.0,1291442.0,1291495.0,1291556.0,1291613.0,1291676.0,1291739.0,1291790.0,1291847.0,1291923.0,1291993.0,1292053.0,1292121.0,1292182.0,1292238.0,1292305.0,1292367.0,1292431.0,1292509.0,1292583.0,1292659.0,1292755.0,1292815.0,1292917.0,1293006.0,1293073.0,1293130.0,1293197.0,1293250.0,1293310.0,1293379.0,1293460.0,1293529.0,1293573.0,1293609.0,1293661.0,1293714.0,1293776.0,1293846.0,1293902.0,1293964.0,1294014.0,1294061.0,1294124.0,1294169.0,1294216.0,1294271.0,1294325.0,1294394.0,1294444.0,1294499.0,1294548.0,1294602.0,1294654.0,1294704.0,1294749.0,1294808.0,1294844.0,1294890.0,1294940.0,1294991.0,1295027.0,1295067.0,1295123.0,1295162.0,1295209.0,1295261.0,1295320.0,1295363.0,1295419.0,1295483.0,1295535.0,1295581.0,1295663.0,1295749.0,1295829.0,1295924.0,1295989.0,1296039.0,1296090.0,1296167.0,1296218.0,1296259.0,1296315.0,1296361.0,1296420.0,1296489.0,1296553.0,1296626.0,1296682.0,1296732.0,1296795.0,1296862.0,1296916.0,1296978.0,1297045.0,,,,,,,,,1297601.0,1297659.0,1297719.0,1297773.0,1297839.0,1297904.0,1297952.0,1298005.0,1298074.0,1298143.0,1298227.0,1298301.0,1298392.0,1298477.0,1298548.0,1298627.0,1298709.0,1298803.0,1298865.0,1298912.0,1298957.0,1299022.0,1299093.0,1299158.0,1299231.0,1299291.0,1299342.0,1299398.0,1299466.0,1299534.0,1299596.0,1299650.0,1299715.0,1299778.0,1299837.0,1299884.0,1299932.0,1299997.0,1300061.0,1300124.0,1300185.0,1300251.0,1300310.0,1300355.0,1300412.0,1300466.0,1300535.0,1300591.0,1300652.0,1300711.0,1300766.0,1300813.0,1300874.0,1300933.0,1300991.0,1301052.0,1301108.0,1301170.0,1301231.0,1301280.0,1301342.0,1301393.0,1301436.0,1301492.0,1301558.0,1301610.0,1301665.0,1301802.0,1301961.0,1302052.0,1302112.0,1302179.0,1302218.0,1302276.0,1302328.0,1302375.0,1302432.0,1302476.0,1302512.0,1302572.0,1302627.0,1302673.0,1302721.0,1302778.0,1302827.0,1302885.0,1302931.0,1302959.0,1303005.0,1303055.0,1303097.0,1303156.0,1303222.0,1303288.0,1303334.0,1303375.0,1303429.0,1303473.0,1303537.0,1303590.0,1303640.0,1303682.0,1303735.0,1303796.0,1303858.0,1303917.0,1304006.0,1304061.0,1304116.0,1304193.0,1304255.0,1304311.0,1304387.0,1304428.0,1304488.0,1304546.0,1304607.0,1304654.0,1304735.0,1304812.0,1304880.0,,1305036.0,1305145.0,1305217.0,1305256.0,1305319.0,1305366.0,1305404.0,1305451.0,1305501.0,1305554.0,1305599.0,1305657.0,1305703.0,1305760.0,1305796.0,1305850.0,1305931.0,1305974.0,1306031.0,1306081.0,1306124.0,1306158.0,1306199.0,1306267.0,1306352.0,1306404.0,1306468.0,1306528.0,1306607.0,1306652.0,1306696.0,1306752.0,1306807.0,1306869.0,1306927.0,1307003.0,1307063.0,1307129.0,1307246.0,1307345.0,1307461.0,1307571.0,1307669.0,1307794.0,1307903.0,1308017.0,1308090.0,1308187.0,1308256.0,1308347.0,1308428.0,1308507.0,1308571.0,1308648.0,1308723.0,1308795.0,1308870.0,1308925.0,1308996.0,1309064.0,1309119.0,1309188.0,1309255.0,1309309.0,1309375.0,1309429.0,1309505.0,1309553.0,1309600.0,1309660.0,1309704.0,1309760.0,1309827.0,1309878.0,1309932.0,1309990.0,1310057.0,1310104.0,1310156.0,1310212.0,1310266.0,1310318.0,1310371.0,1310430.0,1310499.0,1310535.0,1310586.0,1310636.0,1310692.0,1310737.0,1310787.0,1310827.0,1310864.0,1310912.0,1310946.0,1310983.0,1311026.0,1311061.0,1311094.0,1311129.0,1311162.0,1311205.0,1311248.0,1311293.0,1311346.0,1311402.0,1311446.0,1311485.0,1311520.0,1311553.0,1311592.0,1311629.0,1311665.0,1311705
-o0qhBUG4pA,1209427.0,1209460.0,1209510.0,1209549.0,1209581.0,1209622.0,1209655.0,1209695.0,1209744.0,1209783.0,1209818.0,1209859.0,1209898.0,1209934.0,1209963.0,1209993.0,1210024.0,1210058.0,1210085.0,1210117.0,1210158.0,1210195.0,1210237.0,1210273.0,1210310.0,1210348.0,1210384.0,1210427.0,1210463.0,1210483.0,1210527.0,1210571.0,1210606.0,1210641.0,1210688.0,1210731.0,1210774.0,1210807.0,1210840.0,1210885.0,1210928.0,1210965.0,1210994.0,1211044.0,1211093.0,1211131.0,1211162.0,1211213.0,1211259.0,1211307.0,1211350.0,1211399.0,1211449.0,1211490.0,1211527.0,1211569.0,1211602.0,1211652.0,1211686.0,1211752.0,1211810.0,1211846.0,1211913.0,1211950.0,1211998.0,1212033.0,1212078.0,1212127.0,1212166.0,1212207.0,1212242.0,1212270.0,1212308.0,1212350.0,1212389.0,1212427.0,1212470.0,1212499.0,1212535.0,1212577.0,1212620.0,1212649.0,1212683.0,1212718.0,1212745.0,1212769.0,1212795.0,1212852.0,1212896.0,1212928.0,1212954.0,1213000.0,1213022.0,1213042.0,1213068.0,1213093.0,1213125.0,1213154.0,1213175.0,1213210.0,1213228.0,1213261.0,1213291.0,1213329.0,1213367.0,1213417.0,1213447.0,1213481.0,1213511.0,1213544.0,1213577.0,1213605.0,1213666.0,1213726.0,1213773.0,1213819.0,1213829.0,1213866.0,1213920.0,1213951.0,1213986.0,1214019.0,1214058.0,1214093.0,1214129.0,1214186.0,1214217.0,1214251.0,1214285.0,1214319.0,1214369.0,1214394.0,1214437.0,1214469.0,,,,,,,,,1214750.0,1214787.0,1214814.0,1214844.0,1214883.0,1214920.0,1214942.0,1214969.0,1215015.0,1215052.0,1215088.0,1215135.0,1215197.0,1215234.0,1215293.0,1215345.0,1215386.0,1215418.0,1215461.0,1215521.0,1215547.0,1215581.0,1215611.0,1215648.0,1215677.0,1215709.0,1215741.0,1215768.0,1215797.0,1215829.0,1215864.0,1215895.0,1215922.0,1215954.0,1215983.0,1216007.0,1216033.0,1216055.0,1216084.0,1216102.0,1216125.0,1216152.0,1216169.0,1216188.0,1216209.0,1216243.0,1216266.0,1216287.0,1216329.0,1216355.0,1216379.0,1216409.0,1216437.0,1216476.0,1216506.0,1216535.0,1216568.0,1216606.0,1216636.0,1216661.0,1216692.0,1216726.0,1216744.0,1216774.0,1216810.0,1216829.0,1216862.0,1216896.0,1216916.0,1216946.0,1216972.0,1216999.0,1217014.0,1217037.0,1217058.0,1217087.0,1217122.0,1217153.0,1217182.0,1217210.0,1217234.0,1217243.0,1217270.0,1217299.0,1217330.0,1217362.0,1217384.0,1217416.0,1217440.0,1217467.0,1217509.0,1217554.0,1217585.0,1217609.0,1217632.0,1217663.0,1217697.0,1217726.0,1217756.0,1217794.0,1217830.0,1217865.0,1217897.0,1217930.0,1217968.0,1218000.0,1218036.0,1218065.0,1218097.0,1218137.0,1218164.0,1218214.0,1218242.0,1218282.0,1218306.0,1218341.0,1218385.0,1218418.0,1218453.0,1218491.0,1218521.0,,1218585.0,1218608.0,1218632.0,1218661.0,1218692.0,1218740.0,1218778.0,1218797.0,1218836.0,1218881.0,1218919.0,1218950.0,1218974.0,1218998.0,1219026.0,1219051.0,1219098.0,1219127.0,1219164.0,1219191.0,1219234.0,1219262.0,1219285.0,1219323.0,1219355.0,1219393.0,1219422.0,1219461.0,1219494.0,1219518.0,1219546.0,1219583.0,1219611.0,1219631.0,1219664.0,1219705.0,1219747.0,1219782.0,1219819.0,1219848.0,1219885.0,1219908.0,1219937.0,1219969.0,1220001.0,1220049.0,1220095.0,1220133.0,1220173.0,1220212.0,1220256.0,1220304.0,1220338.0,1220361.0,1220400.0,1220435.0,1220474.0,1220498.0,1220528.0,1220571.0,1220620.0,1220659.0,1220691.0,1220727.0,1220768.0,1220813.0,1220847.0,1220885.0,1220926.0,1220972.0,1221014.0,1221062.0,1221106.0,1221160.0,1221217.0,1221246.0,1221287.0,1221332.0,1221387.0,1221429.0,1221470.0,1221516.0,1221562.0,1221612.0,1221663.0,1221701.0,1221727.0,1221759.0,1221788.0,1221818.0,1221862.0,1221902.0,1221933.0,1221962.0,1221988.0,1222027.0,1222059.0,1222080.0,1222102.0,1222133.0,1222154.0,1222184.0,1222215.0,1222243.0,1222279.0,1222308.0,1222335.0,1222358.0,1222394.0,1222427.0,1222453.0,1222477.0,1222505.0,1222589
qmDduF-P-9w,3579.0,3591.0,3597.0,3600.0,3605.0,3610.0,3613.0,3617.0,3627.0,3632.0,3639.0,3650.0,3657.0,3663.0,3673.0,3681.0,3689.0,3696.0,3703.0,3710.0,3716.0,3723.0,3732.0,3744.0,3754.0,3759.0,3766.0,3778.0,3782.0,3788.0,3792.0,3796.0,3798.0,3801.0,3805.0,3813.0,3818.0,3821.0,3826.0,3834.0,3835.0,3838.0,3842.0,3846.0,3852.0,3854.0,3858.0,3859.0,3865.0,3866.0,3867.0,3869.0,3872.0,3872.0,3877.0,3882.0,3890.0,3899.0,3901.0,3902.0,3907.0,3911.0,3924.0,3937.0,3943.0,3951.0,3954.0,3960.0,3963.0,3967.0,3975.0,3978.0,3982.0,3985.0,3990.0,3994.0,4003.0,4003.0,4009.0,4011.0,4014.0,4023.0,4031.0,4036.0,4040.0,4044.0,4045.0,4050.0,4052.0,4055.0,4056.0,4059.0,4062.0,4064.0,4069.0,4071.0,4079.0,4083.0,4087.0,4090.0,4096.0,4100.0,4100.0,4111.0,4118.0,4122.0,4128.0,4139.0,4149.0,4154.0,4156.0,4161.0,4168.0,4177.0,4187.0,4197.0,4204.0,4210.0,4212.0,4220.0,4226.0,4233.0,4249.0,4259.0,4261.0,4267.0,4281.0,4289.0,4294.0,4304.0,4308.0,4313.0,4319.0,4325.0,,,,,,,,,4385.0,4389.0,4396.0,4404.0,4413.0,4430.0,4436.0,4451.0,4465.0,4474.0,4489.0,4512.0,4522.0,4532.0,4541.0,4558.0,4572.0,4576.0,4590.0,4600.0,4608.0,4614.0,4623.0,4636.0,4647.0,4673.0,4690.0,4719.0,4729.0,4741.0,4758.0,4774.0,4789.0,4807.0,4821.0,4828.0,4843.0,4853.0,4860.0,4874.0,4891.0,4902.0,4909.0,4913.0,4922.0,4932.0,4950.0,4959.0,4965.0,4974.0,4988.0,5001.0,5012.0,5020.0,5030.0,5041.0,5050.0,5056.0,5062.0,5071.0,5082.0,5090.0,5098.0,5110.0,5115.0,5125.0,5138.0,5149.0,5152.0,5162.0,5171.0,5181.0,5189.0,5197.0,5203.0,5216.0,5234.0,5240.0,5246.0,5256.0,5270.0,5276.0,5289.0,5305.0,5314.0,5321.0,5325.0,5337.0,5343.0,5349.0,5359.0,5366.0,5373.0,5382.0,5391.0,5401.0,5410.0,5418.0,5425.0,5432.0,5439.0,5451.0,5453.0,5459.0,5465.0,5471.0,5476.0,5488.0,5493.0,5499.0,5503.0,5509.0,5510.0,5517.0,5520.0,5527.0,5529.0,5530.0,5535.0,5543.0,5552.0,,5567.0,5576.0,5582.0,5594.0,5597.0,5604.0,5610.0,5614.0,5624.0,5640.0,5646.0,5663.0,5674.0,5687.0,5699.0,5706.0,5729.0,5745.0,5755.0,5760.0,5771.0,5786.0,5800.0,5812.0,5820.0,5829.0,5838.0,5847.0,5856.0,5866.0,5875.0,5886.0,5891.0,5894.0,5896.0,5899.0,5901.0,5910.0,5914.0,5921.0,5930.0,5936.0,5949.0,5958.0,5963.0,5973.0,5984.0,5992.0,6004.0,6012.0,6036.0,6055.0,6084.0,6098.0,6110.0,6118.0,6141.0,6156.0,6175.0,6184.0,6190.0,6216.0,6223.0,6226.0,6238.0,6249.0,6270.0,6288.0,6302.0,6320.0,6329.0,6348.0,6372.0,6402.0,6412.0,6423.0,6443.0,6477.0,6518.0,6538.0,6558.0,6573.0,6582.0,6594.0,6604.0,6615.0,6620.0,6625.0,6632.0,6636.0,6641.0,6656.0,6671.0,6683.0,6708.0,6719.0,6722.0,6735.0,6751.0,6757.0,6772.0,6786.0,6797.0,6802.0,6812.0,6824.0,6831.0,6843.0,6855.0,6861.0,6865.0,6872.0,6882.0,6896
EIz09kLzN9k,66135471.0,66164197.0,66197099.0,66228955.0,66258807.0,66288362.0,66316310.0,66342272.0,66368737.0,66398175.0,66427434.0,66455361.0,66484283.0,66506383.0,66528756.0,66551809.0,66577628.0,66603775.0,66629477.0,66656086.0,66687202.0,66718352.0,66746042.0,66776221.0,66808150.0,66838907.0,66875005.0,66907067.0,66939667.0,66974037.0,67008593.0,67037909.0,67067672.0,67099647.0,67133811.0,67171011.0,67208543.0,67245567.0,67286743.0,67319828.0,67351446.0,67381941.0,67414388.0,67449583.0,67479999.0,67509118.0,67540681.0,67575611.0,67610800.0,67638980.0,67666573.0,67693974.0,67716583.0,67739974.0,67764375.0,67796757.0,67831701.0,67862700.0,67892125.0,67923094.0,67958935.0,67996069.0,68032344.0,68068283.0,68108586.0,68141795.0,68173653.0,68208048.0,68235620.0,68271448.0,68305696.0,68340974.0,68376932.0,68410172.0,68439586.0,68467203.0,68498755.0,68530379.0,68564794.0,68597008.0,68628649.0,68657651.0,68684469.0,68713508.0,68740862.0,68768671.0,68798208.0,68825488.0,68852382.0,68879214.0,68907734.0,68935427.0,68962301.0,68989242.0,69014840.0,69040437.0,69064727.0,69089147.0,69113653.0,69137532.0,69162856.0,69188125.0,69211893.0,69234975.0,69259212.0,69283351.0,69306880.0,69331756.0,69358184.0,69383786.0,69409681.0,69436195.0,69461621.0,69486557.0,69513190.0,69538754.0,69564151.0,69589863.0,69616162.0,69641233.0,69669279.0,69695248.0,69722792.0,69749303.0,69778306.0,69807453.0,69836888.0,69868338.0,69897452.0,69926892.0,69956458.0,69987579.0,70019576.0,70048477.0,,,,,,,,,70291361.0,70319640.0,70345260.0,70370108.0,70393530.0,70412914.0,70431541.0,70453965.0,70480623.0,70505088.0,70529796.0,70557014.0,70583008.0,70610626.0,70637285.0,70662920.0,70687742.0,70711251.0,70738665.0,70764127.0,70788185.0,70813022.0,70837352.0,70861984.0,70886570.0,70910212.0,70936817.0,70963969.0,70991787.0,71019372.0,71046717.0,71074569.0,71102416.0,71131134.0,71160520.0,71191286.0,71220722.0,71248210.0,71276931.0,71305304.0,71332345.0,71360347.0,71390672.0,71419732.0,71447129.0,71475146.0,71502683.0,71530202.0,71557114.0,71583778.0,71607652.0,71631742.0,71656098.0,71681196.0,71705380.0,71729091.0,71753088.0,71776230.0,71797512.0,71820027.0,71842639.0,71865275.0,71887489.0,71910122.0,71932791.0,71957054.0,71980273.0,72003383.0,72026511.0,72049037.0,72072999.0,72095345.0,72118072.0,72140845.0,72163716.0,72186557.0,72211806.0,72236171.0,72259907.0,72283450.0,72307165.0,72328745.0,72353868.0,72377792.0,72400525.0,72422263.0,72443744.0,72466454.0,72487214.0,72508152.0,72528479.0,72549395.0,72569621.0,72590778.0,72611598.0,72632728.0,72654242.0,72675366.0,72696467.0,72717927.0,72739769.0,72762538.0,72786351.0,72809584.0,72832220.0,72854081.0,72874625.0,72895492.0,72915661.0,72936372.0,72958805.0,72980793.0,73003585.0,73025533.0,73048316.0,73070192.0,73090764.0,73111408.0,73134039.0,73154024.0,73172953.0,,73214439.0,73235873.0,73257460.0,73279206.0,73299657.0,73319273.0,73339654.0,73357892.0,73377292.0,73396365.0,73414777.0,73433978.0,73452839.0,73472434.0,73491873.0,73511123.0,73531487.0,73552099.0,73573935.0,73594766.0,73614671.0,73635335.0,73655542.0,73676701.0,73698416.0,73720847.0,73741760.0,73761560.0,73781327.0,73802383.0,73823308.0,73845804.0,73869626.0,73892774.0,73914664.0,73935352.0,73956721.0,73980234.0,74010904.0,74044891.0,74077350.0,74109651.0,74141561.0,74169483.0,74196426.0,74223810.0,74250772.0,74276895.0,74301456.0,74325527.0,74350283.0,74373579.0,74397785.0,74424166.0,74448814.0,74474639.0,74498335.0,74521783.0,74545638.0,74570226.0,74600052.0,74629441.0,74654987.0,74679775.0,74704779.0,74730902.0,74758169.0,74781889.0,74804016.0,74826981.0,74851790.0,74874865.0,74898528.0,74923901.0,74950755.0,74978165.0,75003509.0,75027160.0,75049878.0,75071729.0,75095024.0,75119794.0,75143430.0,75165878.0,75188017.0,75210386.0,75234290.0,75259365.0,75285789.0,75312876.0,75338966.0,75361376.0,75383303.0,75406434.0,75429805.0,75456018.0,75480146.0,75504003.0,75528571.0,75554302.0,75578593.0,75602406.0,75628004.0,75651232.0,75673647.0,75695001.0,75716310.0,75738353.0,75760736.0,75785138.0,75807093.0,75827356.0,75847711.0,75868423
Bhekam5eRYM,44772.0,44778.0,44783.0,44789.0,44791.0,44801.0,44816.0,44821.0,44831.0,44839.0,44849.0,44862.0,44870.0,44879.0,44883.0,44888.0,44898.0,44906.0,44914.0,44922.0,44939.0,44951.0,44958.0,44970.0,44983.0,44985.0,45008.0,45025.0,45033.0,45044.0,45057.0,45068.0,45084.0,45097.0,45104.0,45118.0,45132.0,45159.0,45183.0,45197.0,45221.0,45240.0,45255.0,45272.0,45292.0,45309.0,45331.0,45350.0,45367.0,45380.0,45395.0,45413.0,45435.0,45459.0,45479.0,45497.0,45509.0,45527.0,45538.0,45552.0,45566.0,45580.0,45596.0,45612.0,45625.0,45637.0,45657.0,45675.0,45689.0,45707.0,45724.0,45738.0,45755.0,45773.0,45780.0,45795.0,45808.0,45821.0,45837.0,45850.0,45866.0,45876.0,45892.0,45905.0,45920.0,45934.0,45954.0,45970.0,45986.0,46000.0,46011.0,46024.0,46039.0,46052.0,46072.0,46086.0,46096.0,46109.0,46129.0,46146.0,46158.0,46171.0,46189.0,46211.0,46227.0,46232.0,46240.0,46252.0,46264.0,46276.0,46288.0,46303.0,46316.0,46330.0,46347.0,46357.0,46375.0,46397.0,46415.0,46431.0,46451.0,46465.0,46477.0,46499.0,46513.0,46531.0,46550.0,46562.0,46576.0,46592.0,46607.0,46623.0,46642.0,46668.0,,,,,,,,,46829.0,46850.0,46865.0,46883.0,46903.0,46922.0,46944.0,46962.0,46984.0,47009.0,47020.0,47034.0,47054.0,47076.0,47096.0,47132.0,47168.0,47191.0,47209.0,47235.0,47257.0,47271.0,47301.0,47321.0,47336.0,47354.0,47376.0,47402.0,47415.0,47437.0,47459.0,47477.0,47486.0,47509.0,47526.0,47543.0,47577.0,47605.0,47619.0,47634.0,47649.0,47665.0,47687.0,47718.0,47741.0,47759.0,47782.0,47804.0,47828.0,47847.0,47862.0,47891.0,47905.0,47923.0,47937.0,47965.0,47982.0,47997.0,48025.0,48053.0,48079.0,48107.0,48124.0,48147.0,48170.0,48190.0,48208.0,48235.0,48262.0,48291.0,48310.0,48331.0,48353.0,48374.0,48402.0,48428.0,48463.0,48489.0,48516.0,48524.0,48536.0,48541.0,48549.0,48561.0,48568.0,48576.0,48589.0,48599.0,48605.0,48608.0,48616.0,48624.0,48636.0,48647.0,48652.0,48660.0,48669.0,48674.0,48682.0,48686.0,48691.0,48705.0,48714.0,48723.0,48735.0,48754.0,48764.0,48773.0,48777.0,48780.0,48789.0,48798.0,48814.0,48822.0,48837.0,48845.0,48863.0,48880.0,48891.0,48897.0,48909.0,,48946.0,48975.0,48993.0,49000.0,49005.0,49013.0,49020.0,49026.0,49031.0,49041.0,49049.0,49057.0,49062.0,49073.0,49078.0,49092.0,49101.0,49107.0,49116.0,49124.0,49132.0,49139.0,49150.0,49156.0,49166.0,49175.0,49180.0,49190.0,49196.0,49204.0,49206.0,49214.0,49223.0,49230.0,49239.0,49249.0,49263.0,49273.0,49279.0,49282.0,49289.0,49298.0,49307.0,49322.0,49327.0,49336.0,49344.0,49355.0,49361.0,49365.0,49374.0,49383.0,49396.0,49408.0,49412.0,49418.0,49423.0,49436.0,49452.0,49463.0,49470.0,49474.0,49479.0,49486.0,49493.0,49496.0,49499.0,49509.0,49519.0,49526.0,49533.0,49542.0,49552.0,49561.0,49570.0,49578.0,49592.0,49602.0,49639.0,49657.0,49667.0,49701.0,49714.0,49725.0,49734.0,49741.0,49747.0,49756.0,49767.0,49775.0,49785.0,49793.0,49804.0,49814.0,49823.0,49828.0,49840.0,49856.0,49872.0,49881.0,49894.0,49905.0,49910.0,49917.0,49927.0,49932.0,49939.0,49951.0,49956.0,49961.0,49963.0,49971.0,49979.0,49983
n4COCcZTbH4,6397.0,6398.0,6398.0,6401.0,6403.0,6405.0,6411.0,6411.0,6415.0,6416.0,6418.0,6420.0,6420.0,6421.0,6422.0,6425.0,6427.0,6429.0,6431.0,6433.0,6435.0,6435.0,6436.0,6437.0,6437.0,6438.0,6440.0,6442.0,6444.0,6446.0,6448.0,6450.0,6450.0,6452.0,6453.0,6457.0,6459.0,6459.0,6460.0,6461.0,6464.0,6466.0,6466.0,6466.0,6467.0,6467.0,6469.0,6470.0,6471.0,6471.0,6472.0,6472.0,6473.0,6474.0,6475.0,6478.0,6480.0,6480.0,6482.0,6484.0,6484.0,6484.0,6486.0,6487.0,6490.0,6490.0,6494.0,6495.0,6496.0,6499.0,6500.0,6504.0,6504.0,6504.0,6505.0,6505.0,6509.0,6513.0,6514.0,6520.0,6521.0,6524.0,6524.0,6526.0,6531.0,6532.0,6534.0,6536.0,6536.0,6538.0,6539.0,6540.0,6542.0,6543.0,6546.0,6548.0,6550.0,6553.0,6553.0,6557.0,6557.0,6559.0,6565.0,6572.0,6575.0,6579.0,6580.0,6584.0,6587.0,6590.0,6590.0,6591.0,6594.0,6596.0,6598.0,6600.0,6601.0,6601.0,6602.0,6604.0,6605.0,6604.0,6606.0,6618.0,6621.0,6622.0,6622.0,6622.0,6624.0,6629.0,6630.0,6630.0,6631.0,6634.0,,,,,,,,,6645.0,6649.0,6650.0,6650.0,6652.0,6652.0,6655.0,6657.0,6658.0,6658.0,6658.0,6658.0,6660.0,6660.0,6661.0,6663.0,6663.0,6663.0,6663.0,6664.0,6666.0,6666.0,6666.0,6666.0,6666.0,6667.0,6667.0,6668.0,6668.0,6669.0,6669.0,6669.0,6669.0,6672.0,6674.0,6674.0,6675.0,6675.0,6675.0,6675.0,6676.0,6677.0,6677.0,6679.0,6682.0,6683.0,6684.0,6685.0,6686.0,6688.0,6692.0,6692.0,6695.0,6699.0,6701.0,6703.0,6704.0,6707.0,6708.0,6709.0,6712.0,6713.0,6714.0,6716.0,6718.0,6719.0,6724.0,6725.0,6727.0,6731.0,6732.0,6736.0,6737.0,6738.0,6741.0,6742.0,6742.0,6748.0,6752.0,6756.0,6759.0,6759.0,6764.0,6764.0,6768.0,6771.0,6773.0,6773.0,6774.0,6774.0,6777.0,6779.0,6781.0,6786.0,6787.0,6789.0,6795.0,6796.0,6797.0,6801.0,6804.0,6807.0,6807.0,6808.0,6808.0,6811.0,6813.0,6814.0,6815.0,6817.0,6817.0,6819.0,6822.0,6825.0,6825.0,6830.0,6831.0,6832.0,6835.0,6836.0,6836.0,,6838.0,6840.0,6840.0,6844.0,6845.0,6846.0,6849.0,6849.0,6849.0,6850.0,6852.0,6853.0,6854.0,6856.0,6857.0,6858.0,6859.0,6859.0,6862.0,6865.0,6866.0,6869.0,6875.0,6876.0,6876.0,6878.0,6878.0,6890.0,6893.0,6894.0,6896.0,6899.0,6900.0,6901.0,6901.0,6903.0,6904.0,6906.0,6907.0,6907.0,6907.0,6909.0,6910.0,6911.0,6913.0,6915.0,6919.0,6920.0,6920.0,6923.0,6924.0,6924.0,6924.0,6925.0,6925.0,6925.0,6925.0,6926.0,6926.0,6943.0,6943.0,6943.0,6943.0,6944.0,6945.0,6947.0,6947.0,6948.0,6948.0,6951.0,6954.0,6956.0,6957.0,6960.0,6961.0,6961.0,6961.0,6961.0,6961.0,6964.0,6965.0,6967.0,6967.0,6967.0,6968.0,6971.0,6972.0,6974.0,6975.0,6976.0,6976.0,6976.0,6976.0,6976.0,6977.0,6978.0,6978.0,6978.0,6979.0,6980.0,6981.0,6983.0,6985.0,6989.0,6989.0,6991.0,6991.0,6993.0,6994.0,6994.0,6995.0,6995.0,6995.0,6995
sGGlsA3kfdU,10670931.0,10671161.0,10671388.0,10671690.0,10671982.0,10672220.0,10672476.0,10672768.0,10673035.0,10673290.0,10673531.0,10673778.0,10674008.0,10674285.0,10674593.0,10674836.0,10675130.0,10675353.0,10675619.0,10675882.0,10676130.0,10676369.0,10676596.0,10676842.0,10677154.0,10677431.0,10677711.0,10677964.0,10678226.0,10678436.0,10678662.0,10678897.0,10679140.0,10679408.0,10679649.0,10679910.0,10680179.0,10680452.0,10680688.0,10680953.0,10681155.0,10681425.0,10681671.0,10681928.0,10682189.0,10682441.0,10682686.0,10682943.0,10683248.0,10683556.0,10683814.0,10684077.0,10684334.0,10684570.0,10684825.0,10685084.0,10685361.0,10685598.0,10685807.0,10686085.0,10686324.0,10686608.0,10686879.0,10687119.0,10687416.0,10687680.0,10687929.0,10688220.0,10688526.0,10688986.0,10689454.0,10689911.0,10690346.0,10690767.0,10691142.0,10691553.0,10692008.0,10692432.0,10692829.0,10693208.0,10693531.0,10693868.0,10694190.0,10694575.0,10694881.0,10695236.0,10695559.0,10695921.0,10696304.0,10696583.0,10696886.0,10697167.0,10697476.0,10697748.0,10698036.0,10698279.0,10698539.0,10698804.0,10699061.0,10699330.0,10699576.0,10699804.0,10700029.0,10700241.0,10700434.0,10700643.0,10700892.0,10701212.0,10701492.0,10701781.0,10702044.0,10702305.0,10702602.0,10702880.0,10703198.0,10703462.0,10703817.0,10704148.0,10704454.0,10704755.0,10705024.0,10705339.0,10705680.0,10706051.0,10706393.0,10706714.0,10707022.0,10707364.0,10707713.0,10708061.0,10708390.0,10708692.0,10709064.0,10709383.0,,,,,,,,,10712157.0,10712472.0,10712741.0,10713018.0,10713279.0,10713576.0,10713843.0,10714126.0,10714434.0,10714668.0,10714959.0,10715194.0,10715488.0,10715788.0,10716032.0,10716272.0,10716531.0,10716741.0,10716980.0,10717237.0,10717501.0,10717775.0,10718036.0,10718266.0,10718489.0,10718709.0,10718923.0,10719166.0,10719351.0,10719562.0,10719770.0,10719992.0,10720199.0,10720412.0,10720633.0,10720825.0,10721099.0,10721288.0,10721463.0,10721679.0,10721881.0,10722056.0,10722266.0,10722466.0,10722654.0,10722875.0,10723065.0,10723262.0,10723448.0,10723651.0,10723844.0,10724031.0,10724235.0,10724410.0,10724613.0,10724849.0,10725054.0,10725233.0,10725422.0,10725647.0,10725843.0,10726002.0,10726156.0,10726337.0,10726552.0,10726748.0,10726966.0,10727187.0,10727372.0,10727541.0,10727736.0,10727917.0,10728119.0,10728337.0,10728544.0,10728759.0,10728986.0,10729187.0,10729425.0,10729634.0,10729827.0,10730048.0,10730254.0,10730483.0,10730665.0,10730883.0,10731067.0,10731289.0,10731457.0,10731625.0,10731757.0,10731946.0,10732138.0,10732356.0,10732529.0,10732739.0,10732930.0,10733119.0,10733268.0,10733442.0,10733616.0,10733803.0,10733956.0,10734132.0,10734321.0,10734455.0,10734633.0,10734776.0,10734968.0,10735117.0,10735293.0,10735467.0,10735654.0,10735823.0,10735991.0,10736142.0,10736290.0,10736417.0,10736557.0,10736755.0,10736906.0,,10737236.0,10737420.0,10737586.0,10737754.0,10737926.0,10738110.0,10738273.0,10738449.0,10738599.0,10738771.0,10738956.0,10739126.0,10739294.0,10739471.0,10739637.0,10739821.0,10739989.0,10740190.0,10740357.0,10740534.0,10740733.0,10740900.0,10741093.0,10741263.0,10741491.0,10741717.0,10741979.0,10742185.0,10742404.0,10742653.0,10742858.0,10743084.0,10743423.0,10743682.0,10743937.0,10744174.0,10744425.0,10744731.0,10744990.0,10745234.0,10745475.0,10745734.0,10745970.0,10746304.0,10746778.0,10747198.0,10747631.0,10748003.0,10748384.0,10748718.0,10749062.0,10749429.0,10749737.0,10750090.0,10750406.0,10750783.0,10751071.0,10751358.0,10751607.0,10751890.0,10752164.0,10752431.0,10752674.0,10752978.0,10753193.0,10753491.0,10753751.0,10754054.0,10754348.0,10754650.0,10754978.0,10755243.0,10755528.0,10755830.0,10756125.0,10756432.0,10756717.0,10757026.0,10757308.0,10757606.0,10757916.0,10758298.0,10758646.0,10759007.0,10759344.0,10759640.0,10759951.0,10760303.0,10760620.0,10760928.0,10761245.0,10761608.0,10761883.0,10762125.0,10762426.0,10762695.0,10762978.0,10763183.0,10763447.0,10763724.0,10764008.0,10764271.0,10764543.0,10764808.0,10765110.0,10765353.0,10765598.0,10765902.0,10766151.0,10766390.0,10766639.0,10766896.0,10767147.0,10767375
XO-2iVYSGk4,28974.0,28975.0,28978.0,28980.0,28983.0,28990.0,28992.0,28995.0,28996.0,29005.0,29011.0,29015.0,29021.0,29029.0,29031.0,29032.0,29041.0,29047.0,29053.0,29056.0,29058.0,29066.0,29070.0,29074.0,29077.0,29082.0,29092.0,29098.0,29103.0,29136.0,29138.0,29141.0,29156.0,29162.0,29176.0,29182.0,29184.0,29191.0,29204.0,29209.0,29216.0,29220.0,29227.0,29237.0,29243.0,29248.0,29257.0,29262.0,29267.0,29273.0,29280.0,29287.0,29299.0,29306.0,29312.0,29316.0,29322.0,29329.0,29332.0,29335.0,29338.0,29344.0,29352.0,29364.0,29370.0,29376.0,29379.0,29389.0,29391.0,29397.0,29401.0,29405.0,29410.0,29416.0,29419.0,29423.0,29430.0,29429.0,29432.0,29435.0,,,,,,,,,,,,,,,,,,,,,,,,,,,,,,,,,,,,,,,,,,,,,,,,,,,,,,,,,,,,,,,,,,,,,,,,,,,,,,,,,,,,,,,,,,,,,,,,,,,,,,,,,,,,,,,,,,,,,,,,,,,,,,,,,,,,,,,,,,,,,,,,,,,,,,,,,,,,,,,,,,,,,,,,,,,,,,,,,,,,,,,,,,,,,,,,,,,,,,,,,,,,,,,,,,,,,,,,,,,,,,,,,,,,,,,,,,,,,,,,,,,,,,,,,,,,,,,,,,,,,,,,,,,,,,,,,,,,,,,,,,,,,,,,,,,,,,,,,,
X6MAjL5LvuE,19061504.0,19062011.0,19062640.0,19063276.0,19063833.0,19064389.0,19064994.0,19065743.0,19066394.0,19067066.0,19067771.0,19068431.0,19069096.0,19069716.0,19070370.0,19071008.0,19071680.0,19072287.0,19072837.0,19073395.0,19074008.0,19074555.0,19075239.0,19075860.0,19076454.0,19077062.0,19077741.0,19078437.0,19079027.0,19079688.0,19080335.0,19081100.0,19081722.0,19082376.0,19083144.0,19083948.0,19084662.0,19085399.0,19086049.0,19086818.0,19087501.0,19088147.0,19088923.0,19089591.0,19090189.0,19090868.0,19091515.0,19092122.0,19092785.0,19093436.0,19094014.0,19094810.0,19095449.0,19095997.0,19096563.0,19097170.0,19097973.0,19098692.0,19099405.0,19100074.0,19100751.0,19101564.0,19102181.0,19102917.0,19103692.0,19104383.0,19105018.0,19105632.0,19106453.0,19107358.0,19108071.0,19108949.0,19109677.0,19110424.0,19111138.0,19111865.0,19112693.0,19113466.0,19114333.0,19115179.0,19115905.0,19116649.0,19117437.0,19118244.0,19118969.0,19119719.0,19120335.0,19121128.0,19121902.0,19122648.0,19123436.0,19124299.0,19125055.0,19125930.0,19126727.0,19127405.0,19128221.0,19128929.0,19129644.0,19130302.0,19131071.0,19131591.0,19132239.0,19132883.0,19133559.0,19134317.0,19134914.0,19135593.0,19136176.0,19136829.0,19137444.0,19138155.0,19138756.0,19139435.0,19140058.0,19140784.0,19141465.0,19142155.0,19142918.0,19143573.0,19144375.0,19145084.0,19145799.0,19146408.0,19147102.0,19147870.0,19148677.0,19149507.0,19150239.0,19151052.0,19151746.0,19152447.0,19153082.0,19153855.0,,,,,,,,,19160261.0,19160875.0,19161588.0,19162317.0,19163021.0,19163771.0,19164400.0,19165049.0,19165685.0,19166327.0,19167028.0,19167639.0,19168418.0,19169036.0,19169780.0,19170345.0,19170980.0,19171614.0,19172245.0,19172976.0,19173740.0,19174471.0,19175130.0,19175939.0,19176590.0,19177332.0,19178106.0,19178999.0,19179759.0,19180583.0,19181339.0,19182323.0,19183035.0,19183917.0,19184497.0,19185159.0,19185859.0,19186547.0,19187176.0,19187809.0,19188420.0,19189135.0,19189832.0,19190334.0,19190952.0,19191633.0,19192382.0,19193100.0,19193939.0,19194585.0,19195245.0,19195867.0,19196801.0,19197638.0,19198501.0,19199355.0,19200080.0,19200820.0,19201537.0,19202290.0,19203019.0,19203702.0,19204406.0,19205240.0,19205894.0,19206674.0,19207393.0,19208257.0,19209028.0,19209871.0,19210767.0,19211627.0,19212875.0,19214671.0,19216088.0,19217496.0,19219062.0,19220466.0,19221712.0,19222982.0,19224641.0,19226054.0,19227667.0,19229322.0,19230701.0,19231915.0,19233184.0,19234578.0,19236037.0,19237416.0,19238663.0,19240093.0,19241300.0,19242578.0,19243787.0,19245004.0,19246124.0,19247232.0,19248301.0,19249392.0,19250381.0,19251562.0,19252668.0,19253859.0,19255025.0,19256065.0,19257209.0,19258211.0,19259401.0,19260446.0,19261555.0,19262556.0,19263584.0,19264408.0,19265406.0,19266352.0,19267403.0,19268486.0,19269523.0,19270508.0,19271360.0,,19273386.0,19274530.0,19275667.0,19276722.0,19277816.0,19278828.0,19279655.0,19280649.0,19281612.0,19282583.0,19283517.0,19284456.0,19285327.0,19286193.0,19287186.0,19288183.0,19289171.0,19290432.0,19291426.0,19292162.0,19293095.0,19293843.0,19294713.0,19295562.0,19296314.0,19297179.0,19297962.0,19298678.0,19299570.0,19300311.0,19301178.0,19302058.0,19302877.0,19303575.0,19304417.0,19305227.0,19306053.0,19307019.0,19307916.0,19308779.0,19309723.0,19310597.0,19311485.0,19312355.0,19313214.0,19314207.0,19315094.0,19316012.0,19316841.0,19317667.0,19318455.0,19319290.0,19320231.0,19321522.0,19322604.0,19323706.0,19324894.0,19325814.0,19327097.0,19328183.0,19329284.0,19330265.0,19331234.0,19332369.0,19333442.0,19334614.0,19335647.0,19336749.0,19337946.0,19339160.0,19340237.0,19341404.0,19342496.0,19343640.0,19344818.0,19345848.0,19346981.0,19348094.0,19349193.0,19350341.0,19351488.0,19352661.0,19353768.0,19355043.0,19356451.0,19357765.0,19358962.0,19360485.0,19361675.0,19362866.0,19364100.0,19365453.0,19366586.0,19367673.0,19368839.0,19370191.0,19371218.0,19372256.0,19373264.0,19374549.0,19375775.0,19376981.0,19378025.0,19379068.0,19380066.0,19381098.0,19382254.0,19383495.0,19384598.0,19385713.0,19386485.0,19387664.0,19388714.0,19389793
KpEEc1WGyS4,3405013.0,3405049.0,3405091.0,3405130.0,3405186.0,3405231.0,3405280.0,3405322.0,3405368.0,3405403.0,3405448.0,3405492.0,3405532.0,3405578.0,3405609.0,3405643.0,3405676.0,3405703.0,3405745.0,3405771.0,3405807.0,3405842.0,3405874.0,3405907.0,3405936.0,3405969.0,3406004.0,3406030.0,3406066.0,3406099.0,3406129.0,3406157.0,3406204.0,3406242.0,3406283.0,3406314.0,3406353.0,3406386.0,3406424.0,3406451.0,3406489.0,3406514.0,3406555.0,3406596.0,3406625.0,3406672.0,3406707.0,3406736.0,3406767.0,3406815.0,3406848.0,3406877.0,3406908.0,3406936.0,3406968.0,3406990.0,3407017.0,3407059.0,3407084.0,3407119.0,3407153.0,3407181.0,3407231.0,3407274.0,3407316.0,3407359.0,3407395.0,3407439.0,3407467.0,3407514.0,3407558.0,3407598.0,3407629.0,3407671.0,3407692.0,3407738.0,3407762.0,3407796.0,3407821.0,3407879.0,3407926.0,3407960.0,3407981.0,3408021.0,3408055.0,3408099.0,3408128.0,3408154.0,3408201.0,3408243.0,3408280.0,3408323.0,3408366.0,3408403.0,3408434.0,3408465.0,3408501.0,3408537.0,3408578.0,3408618.0,3408655.0,3408686.0,3408720.0,3408762.0,3408807.0,3408849.0,3408901.0,3408962.0,3408997.0,3409045.0,3409098.0,3409148.0,3409183.0,3409220.0,3409250.0,3409310.0,3409349.0,3409404.0,3409452.0,3409488.0,3409529.0,3409583.0,3409630.0,3409668.0,3409694.0,3409726.0,3409771.0,3409810.0,3409853.0,3409888.0,3409923.0,3409955.0,3409975.0,3410015.0,,,,,,,,,3410354.0,3410407.0,3410446.0,3410489.0,3410539.0,3410589.0,3410627.0,3410678.0,3410734.0,3410780.0,3410848.0,3410906.0,3410982.0,3411056.0,3411145.0,3411208.0,3411277.0,3411356.0,3411416.0,3411495.0,3411563.0,3411632.0,3411698.0,3411764.0,3411846.0,3411920.0,3412016.0,3412099.0,3412192.0,3412256.0,3412351.0,3412441.0,3412563.0,3412650.0,3412754.0,3412864.0,3412994.0,3413114.0,3413297.0,3413439.0,3413646.0,3413885.0,3414119.0,3414355.0,3414621.0,3414836.0,3415067.0,3415307.0,3415524.0,3415779.0,3416001.0,3416236.0,3416545.0,3416814.0,3417093.0,3417483.0,3417927.0,3418461.0,3418939.0,3419510.0,3420253.0,3421149.0,3421594.0,3421816.0,3421947.0,3422098.0,3422180.0,3422310.0,3422392.0,3422488.0,3422581.0,3422652.0,3422767.0,3422974.0,3423110.0,3423219.0,3423345.0,3423411.0,3423493.0,3423597.0,3423756.0,3423847.0,3423920.0,3424023.0,3424123.0,3424187.0,3424247.0,3424306.0,3424369.0,3424428.0,3424494.0,3424540.0,3424595.0,3424649.0,3424698.0,3424745.0,3424786.0,3424838.0,3424888.0,3424930.0,3424965.0,3425033.0,3425066.0,3425111.0,3425158.0,3425205.0,3425258.0,3425292.0,3425318.0,3425364.0,3425406.0,3425437.0,3425470.0,3425494.0,3425517.0,3425546.0,3425571.0,3425600.0,3425629.0,3425665.0,3425701.0,,3425753.0,3425781.0,3425808.0,3425852.0,3425887.0,3425906.0,3425939.0,3425966.0,3425991.0,3426007.0,3426030.0,3426058.0,3426076.0,3426122.0,3426171.0,3426203.0,3426235.0,3426284.0,3426310.0,3426332.0,3426356.0,3426382.0,3426419.0,3426456.0,3426497.0,3426524.0,3426552.0,3426580.0,3426608.0,3426637.0,3426666.0,3426689.0,3426719.0,3426735.0,3426770.0,3426796.0,3426823.0,3426844.0,3426870.0,3426899.0,3426917.0,3426940.0,3426957.0,3426983.0,3427011.0,3427045.0,3427067.0,3427100.0,3427118.0,3427143.0,3427163.0,3427195.0,3427216.0,3427259.0,3427283.0,3427304.0,3427322.0,3427349.0,3427363.0,3427380.0,3427406.0,3427428.0,3427465.0,3427495.0,3427521.0,3427548.0,3427568.0,3427594.0,3427612.0,3427644.0,3427668.0,3427687.0,3427710.0,3427728.0,3427757.0,3427787.0,3427812.0,3427833.0,3427856.0,3427878.0,3427912.0,3427946.0,3427969.0,3427997.0,3428023.0,3428042.0,3428068.0,3428094.0,3428112.0,3428131.0,3428154.0,3428178.0,3428194.0,3428225.0,3428244.0,3428273.0,3428298.0,3428311.0,3428325.0,3428345.0,3428363.0,3428379.0,3428402.0,3428424.0,3428444.0,3428471.0,3428484.0,3428513.0,3428526.0,3428542.0,3428558.0,3428581.0,3428599.0,3428608
ImM6orexLYk,2439560.0,2439639.0,2439730.0,2439792.0,2439897.0,2439967.0,2440041.0,2440126.0,2440195.0,2440265.0,2440335.0,2440421.0,2440480.0,2440545.0,2440641.0,2440716.0,2440778.0,2440838.0,2440928.0,2440993.0,2441043.0,2441118.0,2441169.0,2441234.0,2441305.0,2441371.0,2441444.0,2441520.0,2441566.0,2441638.0,2441702.0,2441748.0,2441801.0,2441851.0,2441908.0,2441964.0,2442023.0,2442078.0,2442140.0,2442194.0,2442240.0,2442303.0,2442360.0,2442429.0,2442493.0,2442542.0,2442589.0,2442644.0,2442699.0,2442763.0,2442828.0,2442889.0,2442942.0,2443001.0,2443057.0,2443114.0,2443190.0,2443261.0,2443315.0,2443380.0,2443430.0,2443480.0,2443555.0,2443631.0,2443693.0,2443764.0,2443834.0,2443890.0,2443938.0,2444013.0,2444084.0,2444149.0,2444208.0,2444265.0,2444331.0,2444403.0,2444469.0,2444521.0,2444577.0,2444652.0,2444733.0,2444786.0,2444850.0,2444900.0,2444959.0,2445018.0,2445076.0,2445165.0,2445208.0,2445245.0,2445298.0,2445358.0,2445409.0,2445447.0,2445498.0,2445542.0,2445602.0,2445646.0,2445678.0,2445713.0,2445774.0,2445832.0,2445873.0,2445928.0,2445963.0,2446015.0,2446064.0,2446099.0,2446146.0,2446207.0,2446273.0,2446341.0,2446386.0,2446448.0,2446500.0,2446557.0,2446605.0,2446657.0,2446730.0,2446815.0,2446946.0,2447032.0,2447115.0,2447207.0,2447292.0,2447368.0,2447443.0,2447501.0,2447571.0,2447627.0,2447684.0,2447739.0,2447777.0,2447814.0,,,,,,,,,2448280.0,2448320.0,2448400.0,2448477.0,2448533.0,2448637.0,2448792.0,2448919.0,2449142.0,2449228.0,2449329.0,2449453.0,2449529.0,2449612.0,2449688.0,2449763.0,2449833.0,2449905.0,2449994.0,2450059.0,2450104.0,2450149.0,2450197.0,2450236.0,2450269.0,2450305.0,2450348.0,2450401.0,2450453.0,2450500.0,2450552.0,2450610.0,2450651.0,2450697.0,2450761.0,2450811.0,2450863.0,2450927.0,2451000.0,2451055.0,2451114.0,2451167.0,2451216.0,2451262.0,2451317.0,2451374.0,2451413.0,2451476.0,2451517.0,2451571.0,2451614.0,2451663.0,2451701.0,2451749.0,2451787.0,2451826.0,2451878.0,2451918.0,2451959.0,2452017.0,2452068.0,2452125.0,2452175.0,2452229.0,2452276.0,2452336.0,2452375.0,2452427.0,2452458.0,2452522.0,2452577.0,2452621.0,2452669.0,2452715.0,2452779.0,2452834.0,2452894.0,2452941.0,2452997.0,2453049.0,2453094.0,2453135.0,2453185.0,2453258.0,2453330.0,2453380.0,2453426.0,2453461.0,2453501.0,2453556.0,2453614.0,2453716.0,2453795.0,2453867.0,2453964.0,2454038.0,2454140.0,2454237.0,2454342.0,2454430.0,2454490.0,2454589.0,2454651.0,2454748.0,2454821.0,2454890.0,2454967.0,2455029.0,2455088.0,2455167.0,2455245.0,2455319.0,2455401.0,2455467.0,2455546.0,2455614.0,2455685.0,2455757.0,2455823.0,2455887.0,2455953.0,,2456101.0,2456165.0,2456236.0,2456315.0,2456392.0,2456450.0,2456499.0,2456568.0,2456621.0,2456666.0,2456731.0,2456792.0,2456842.0,2456899.0,2456932.0,2456981.0,2457036.0,2457101.0,2457171.0,2457216.0,2457276.0,2457326.0,2457398.0,2457456.0,2457511.0,2457565.0,2457615.0,2457669.0,2457736.0,2457798.0,2457864.0,2457947.0,2458027.0,2458100.0,2458159.0,2458218.0,2458280.0,2458333.0,2458398.0,2458455.0,2458503.0,2458555.0,2458618.0,2458652.0,2458692.0,2458736.0,2458795.0,2458869.0,2458933.0,2458984.0,2459039.0,2459125.0,2459184.0,2459263.0,2459338.0,2459392.0,2459449.0,2459501.0,2459536.0,2459585.0,2459638.0,2459707.0,2459776.0,2459838.0,2459899.0,2459945.0,2460019.0,2460092.0,2460170.0,2460257.0,2460319.0,2460375.0,2460428.0,2460495.0,2460567.0,2460642.0,2460731.0,2460787.0,2460855.0,2460903.0,2460960.0,2461047.0,2461158.0,2461232.0,2461294.0,2461368.0,2461429.0,2461485.0,2461556.0,2461617.0,2461658.0,2461691.0,2461755.0,2461832.0,2461894.0,2461956.0,2462013.0,2462064.0,2462139.0,2462218.0,2462281.0,2462341.0,2462401.0,2462459.0,2462533.0,2462587.0,2462648.0,2462704.0,2462757.0,2462829.0,2462895.0,2462946.0,2463009.0,2463061
5ENOgX-e-vI,11173.0,11173.0,11173.0,11173.0,11173.0,11173.0,11173.0,11173.0,11173.0,11173.0,11173.0,11173.0,11173.0,11173.0,11173.0,11173.0,11173.0,11173.0,11173.0,11173.0,11173.0,11173.0,11173.0,11173.0,11173.0,11173.0,11173.0,11173.0,11173.0,11173.0,11173.0,11173.0,11173.0,11173.0,11173.0,11173.0,11173.0,11173.0,11173.0,11173.0,11173.0,11173.0,11173.0,11173.0,11173.0,11173.0,11173.0,11173.0,11173.0,11173.0,11173.0,11173.0,11173.0,11173.0,11173.0,11173.0,11173.0,11173.0,11173.0,11173.0,11173.0,11173.0,11173.0,11173.0,11173.0,11173.0,11173.0,11173.0,11173.0,11173.0,11173.0,11173.0,11173.0,11173.0,11173.0,11173.0,11173.0,11173.0,11173.0,11173.0,11173.0,11173.0,11173.0,11173.0,11173.0,11173.0,11173.0,11173.0,11173.0,11173.0,11173.0,11173.0,11173.0,11173.0,11173.0,11173.0,11173.0,11173.0,11173.0,11173.0,11173.0,11173.0,11173.0,11173.0,11173.0,11173.0,11173.0,11173.0,11173.0,11173.0,11173.0,11173.0,11173.0,11173.0,11173.0,11173.0,11173.0,11173.0,11173.0,11173.0,11173.0,11173.0,11173.0,11173.0,11173.0,11173.0,11173.0,11173.0,11173.0,11173.0,11173.0,11173.0,11173.0,11173.0,,,,,,,,,11173.0,11173.0,11173.0,11173.0,11173.0,11173.0,11173.0,11173.0,11173.0,11173.0,11173.0,11173.0,11173.0,11173.0,11173.0,11173.0,11173.0,11173.0,11173.0,11173.0,11173.0,11173.0,11173.0,11173.0,11173.0,11173.0,11173.0,11173.0,11173.0,11173.0,11173.0,11173.0,11173.0,11173.0,11173.0,11173.0,11173.0,11173.0,11173.0,11173.0,11173.0,11173.0,11173.0,11173.0,11173.0,11173.0,11173.0,11173.0,11173.0,11173.0,11173.0,11173.0,11173.0,11173.0,11173.0,11173.0,11173.0,11173.0,11173.0,11173.0,11173.0,11173.0,11173.0,11173.0,11173.0,11173.0,11173.0,11173.0,11173.0,11173.0,11173.0,11173.0,11173.0,11173.0,11173.0,11173.0,11173.0,11173.0,11173.0,11173.0,11173.0,11173.0,11173.0,11173.0,11173.0,11173.0,11173.0,11173.0,11173.0,11173.0,11173.0,11173.0,11173.0,11173.0,11173.0,11173.0,11173.0,11173.0,11173.0,11173.0,11173.0,11173.0,11173.0,11173.0,11173.0,11173.0,11173.0,11173.0,11173.0,11173.0,11173.0,11173.0,11173.0,11173.0,11173.0,11173.0,11173.0,11173.0,11173.0,11173.0,11173.0,,11173.0,11173.0,11173.0,11173.0,11173.0,11173.0,11173.0,11173.0,11173.0,11173.0,11173.0,11173.0,11173.0,11173.0,11173.0,11173.0,11173.0,11173.0,11173.0,11173.0,11173.0,11173.0,11173.0,11173.0,11173.0,11173.0,11173.0,11173.0,11173.0,11173.0,11173.0,11173.0,11173.0,11173.0,11173.0,11173.0,11173.0,11173.0,11173.0,11173.0,11173.0,11173.0,11173.0,11173.0,11173.0,11173.0,11173.0,11173.0,11173.0,11173.0,11173.0,11173.0,11173.0,11173.0,11173.0,11173.0,11173.0,11173.0,11173.0,11173.0,11173.0,11173.0,11173.0,11173.0,11173.0,11173.0,11173.0,11173.0,11173.0,11173.0,11173.0,11173.0,11173.0,11173.0,11173.0,11173.0,11173.0,11173.0,11173.0,11173.0,11173.0,11173.0,11173.0,11173.0,11173.0,11173.0,11173.0,11173.0,11173.0,11173.0,11173.0,11173.0,11173.0,11173.0,11173.0,11173.0,11173.0,11173.0,11173.0,11173.0,11173.0,11173.0,11173.0,11173.0,11173.0,11173.0,11173.0,11173.0,11173.0,11173.0,11173.0,11173.0,11173.0,11173
AhzM94SLQFc,1675628.0,1675896.0,1676190.0,1676436.0,1676682.0,1676982.0,1677209.0,1677464.0,1677722.0,1677975.0,1678322.0,1678575.0,1678840.0,1679013.0,1679200.0,1679355.0,1679535.0,1679714.0,1679856.0,1679985.0,1680118.0,1680265.0,1680464.0,1680599.0,1680769.0,1680922.0,1681098.0,1681280.0,1681435.0,1681577.0,1681750.0,1681898.0,1682045.0,1682178.0,1682324.0,1682469.0,1682644.0,1682816.0,1683035.0,1683144.0,1683312.0,1683461.0,1683595.0,1683725.0,1683900.0,1684064.0,1684240.0,1684360.0,1684484.0,1684645.0,1684826.0,1684983.0,1685154.0,1685326.0,1685488.0,1685683.0,1685842.0,1685993.0,1686220.0,1686422.0,1686584.0,1686729.0,1686908.0,1687104.0,1687254.0,1687440.0,1687633.0,1687809.0,1687971.0,1688130.0,1688256.0,1688403.0,1688572.0,1688794.0,1688947.0,1689088.0,1689230.0,1689364.0,1689481.0,1689667.0,1689812.0,1689974.0,1690137.0,1690266.0,1690422.0,1690575.0,1690738.0,1690872.0,1690977.0,1691083.0,1691228.0,1691367.0,1691529.0,1691664.0,1691818.0,1691987.0,1692091.0,1692186.0,1692302.0,1692388.0,1692496.0,1692649.0,1692726.0,1692818.0,1692934.0,1693052.0,1693203.0,1693313.0,1693464.0,1693575.0,1693677.0,1693788.0,1693923.0,1694039.0,1694192.0,1694318.0,1694419.0,1694526.0,1694658.0,1694783.0,1694878.0,1695007.0,1695129.0,1695227.0,1695318.0,1695438.0,1695538.0,1695651.0,1695788.0,1695907.0,1696002.0,1696085.0,1696197.0,1696282.0,,,,,,,,,1697162.0,1697297.0,1697419.0,1697528.0,1697643.0,1697739.0,1697840.0,1697938.0,1698048.0,1698137.0,1698220.0,1698321.0,1698393.0,1698481.0,1698563.0,1698653.0,1698727.0,1698842.0,1698919.0,1699022.0,1699140.0,1699236.0,1699358.0,1699423.0,1699519.0,1699588.0,1699718.0,1699800.0,1699907.0,1700022.0,1700102.0,1700221.0,1700326.0,1700423.0,1700532.0,1700627.0,1700730.0,1700822.0,1700945.0,1701062.0,1701173.0,1701273.0,1701426.0,1701562.0,1701683.0,1701788.0,1701915.0,1702036.0,1702162.0,1702315.0,1702432.0,1702575.0,1702661.0,1702795.0,1702962.0,1703098.0,1703237.0,1703352.0,1703450.0,1703541.0,1703672.0,1703788.0,1703875.0,1703972.0,1704100.0,1704239.0,1704379.0,1704524.0,1704646.0,1704775.0,1704879.0,1705020.0,1705123.0,1705237.0,1705358.0,1705470.0,1705563.0,1705703.0,1705850.0,1705958.0,1706073.0,1706174.0,1706268.0,1706390.0,1706531.0,1706639.0,1706756.0,1706853.0,1706976.0,1707099.0,1707216.0,1707323.0,1707493.0,1707621.0,1707762.0,1707859.0,1707984.0,1708094.0,1708218.0,1708315.0,1708427.0,1708506.0,1708598.0,1708713.0,1708806.0,1708908.0,1709020.0,1709116.0,1709184.0,1709257.0,1709329.0,1709427.0,1709526.0,1709645.0,1709764.0,1709847.0,1709955.0,1710061.0,1710170.0,1710295.0,1710394.0,,1710594.0,1710716.0,1710832.0,1710905.0,1711025.0,1711114.0,1711196.0,1711323.0,1711399.0,1711505.0,1711608.0,1711718.0,1711854.0,1711944.0,1712026.0,1712123.0,1712218.0,1712330.0,1712467.0,1712569.0,1712679.0,1712787.0,1712894.0,1712996.0,1713104.0,1713197.0,1713287.0,1713365.0,1713444.0,1713533.0,1713637.0,1713724.0,1713812.0,1713903.0,1713989.0,1714069.0,1714156.0,1714253.0,1714376.0,1714498.0,1714584.0,1714689.0,1714793.0,1714881.0,1714976.0,1715098.0,1715229.0,1715331.0,1715430.0,1715540.0,1715655.0,1715753.0,1715876.0,1715986.0,1716126.0,1716238.0,1716350.0,1716468.0,1716590.0,1716712.0,1716843.0,1716964.0,1717081.0,1717157.0,1717250.0,1717354.0,1717460.0,1717578.0,1717665.0,1717776.0,1717867.0,1717939.0,1718023.0,1718121.0,1718214.0,1718323.0,1718405.0,1718467.0,1718542.0,1718611.0,1718713.0,1718797.0,1718909.0,1718986.0,1719045.0,1719150.0,1719254.0,1719334.0,1719411.0,1719489.0,1719569.0,1719640.0,1719720.0,1719797.0,1719861.0,1719938.0,1720028.0,1720078.0,1720151.0,1720238.0,1720312.0,1720390.0,1720513.0,1720602.0,1720694.0,1720767.0,1720846.0,1720927.0,1721001.0,1721084.0,1721180.0,1721252.0,1721314.0,1721386
6O7eq19FHJ8,277788.0,277810.0,277826.0,277866.0,277886.0,277913.0,277944.0,277986.0,278018.0,278063.0,278116.0,278169.0,278221.0,278260.0,278304.0,278351.0,278392.0,278427.0,278468.0,278502.0,278532.0,278559.0,278581.0,278606.0,278631.0,278666.0,278711.0,278745.0,278782.0,278813.0,278849.0,278879.0,278914.0,278948.0,278975.0,279005.0,279041.0,279068.0,279099.0,279133.0,279164.0,279210.0,279240.0,279265.0,279290.0,279323.0,279357.0,279392.0,279418.0,279460.0,279491.0,279515.0,279544.0,279569.0,279601.0,279623.0,279666.0,279686.0,279709.0,279739.0,279769.0,279808.0,279842.0,279883.0,279903.0,279931.0,279954.0,279987.0,280004.0,280047.0,280074.0,280101.0,280131.0,280158.0,280186.0,280207.0,280232.0,280264.0,280302.0,280343.0,280382.0,280421.0,280442.0,280471.0,280496.0,280526.0,280551.0,280593.0,280629.0,280660.0,280692.0,280731.0,280764.0,280791.0,280823.0,280854.0,280881.0,280913.0,280943.0,280965.0,280997.0,281032.0,281064.0,281099.0,281142.0,281174.0,281198.0,281252.0,281299.0,281328.0,281355.0,281386.0,281420.0,281451.0,281476.0,281526.0,281551.0,281585.0,281613.0,281650.0,281683.0,281716.0,281744.0,281764.0,281811.0,281850.0,281891.0,281933.0,281967.0,282009.0,282056.0,282100.0,282143.0,282191.0,,,,,,,,,282592.0,282650.0,282695.0,282731.0,282798.0,282845.0,282878.0,282940.0,283025.0,283108.0,283183.0,283248.0,283340.0,283411.0,283498.0,283565.0,283631.0,283704.0,283788.0,283880.0,283955.0,284025.0,284086.0,284160.0,284224.0,284298.0,284375.0,284444.0,284547.0,284627.0,284723.0,284820.0,284904.0,285026.0,285131.0,285244.0,285382.0,285542.0,285688.0,285873.0,286031.0,286201.0,286383.0,286542.0,286695.0,286845.0,286991.0,287154.0,287316.0,287491.0,287612.0,287803.0,287947.0,288105.0,288295.0,288470.0,288633.0,288799.0,288979.0,289255.0,289659.0,290397.0,290777.0,290937.0,291036.0,291164.0,291273.0,291372.0,291433.0,291504.0,291571.0,291649.0,291711.0,291768.0,291817.0,291869.0,291904.0,291967.0,292051.0,292120.0,292176.0,292211.0,292270.0,292338.0,292377.0,292437.0,292483.0,292540.0,292591.0,292640.0,292687.0,292745.0,292814.0,292850.0,292887.0,292928.0,292955.0,292998.0,293049.0,293092.0,293129.0,293155.0,293185.0,293227.0,293251.0,293285.0,293326.0,293366.0,293394.0,293436.0,293459.0,293492.0,293530.0,293557.0,293609.0,293640.0,293674.0,293718.0,293743.0,293766.0,293809.0,,293876.0,293913.0,293942.0,293974.0,294009.0,294043.0,294076.0,294105.0,294134.0,294160.0,294199.0,294236.0,294278.0,294314.0,294351.0,294376.0,294404.0,294433.0,294463.0,294502.0,294541.0,294571.0,294599.0,294634.0,294659.0,294706.0,294738.0,294771.0,294811.0,294852.0,294894.0,294930.0,294974.0,295008.0,295052.0,295086.0,295117.0,295146.0,295176.0,295209.0,295239.0,295277.0,295303.0,295341.0,295375.0,295410.0,295438.0,295465.0,295503.0,295527.0,295553.0,295589.0,295613.0,295641.0,295671.0,295698.0,295715.0,295730.0,295759.0,295795.0,295814.0,295836.0,295869.0,295897.0,295930.0,295974.0,296011.0,296063.0,296090.0,296117.0,296147.0,296178.0,296210.0,296251.0,296289.0,296315.0,296356.0,296388.0,296417.0,296445.0,296493.0,296534.0,296580.0,296621.0,296641.0,296662.0,296695.0,296723.0,296745.0,296775.0,296799.0,296819.0,296850.0,296876.0,296898.0,296924.0,296954.0,296985.0,297008.0,297038.0,297059.0,297081.0,297114.0,297140.0,297165.0,297187.0,297212.0,297241.0,297272.0,297320.0,297359.0,297381.0,297407.0,297424
hjSdKtlN01o,55538.0,55546.0,55555.0,55569.0,55580.0,55589.0,55607.0,55630.0,55678.0,55726.0,55776.0,55821.0,55851.0,55874.0,55896.0,55914.0,55932.0,55946.0,55967.0,55985.0,55999.0,56010.0,56023.0,56033.0,56043.0,56051.0,56061.0,56073.0,56087.0,56099.0,56112.0,56126.0,56139.0,56149.0,56157.0,56168.0,56182.0,56195.0,56206.0,56217.0,56224.0,56240.0,56254.0,56270.0,56274.0,56287.0,56301.0,56314.0,56318.0,56330.0,56338.0,56344.0,56357.0,56363.0,56372.0,56389.0,56401.0,56413.0,56429.0,56437.0,56449.0,56465.0,56479.0,56492.0,56501.0,56512.0,56520.0,56526.0,56538.0,56559.0,56574.0,56583.0,56599.0,56613.0,56626.0,56634.0,56644.0,56662.0,56666.0,56693.0,56716.0,56740.0,56762.0,56777.0,56796.0,56809.0,56823.0,56839.0,56853.0,56864.0,56876.0,56883.0,56891.0,56907.0,56929.0,56936.0,56946.0,56965.0,56973.0,56978.0,56986.0,56998.0,57012.0,57017.0,57037.0,57055.0,57072.0,57084.0,57105.0,57118.0,57129.0,57138.0,57152.0,57156.0,57170.0,57182.0,57198.0,57207.0,57222.0,57229.0,57237.0,57246.0,57262.0,57273.0,57280.0,57285.0,57292.0,57295.0,57301.0,57304.0,57307.0,57313.0,57319.0,57324.0,,,,,,,,,57401.0,57409.0,57420.0,57431.0,57436.0,57445.0,57451.0,57457.0,57472.0,57478.0,57485.0,57493.0,57503.0,57511.0,57525.0,57536.0,57545.0,57552.0,57568.0,57581.0,57589.0,57603.0,57614.0,57626.0,57638.0,57642.0,57646.0,57660.0,57668.0,57676.0,57686.0,57698.0,57709.0,57722.0,57730.0,57736.0,57770.0,57788.0,57807.0,57830.0,57852.0,57872.0,57893.0,57916.0,57943.0,57959.0,57976.0,57995.0,58008.0,58022.0,58036.0,58058.0,58074.0,58097.0,58120.0,58138.0,58149.0,58168.0,58195.0,58212.0,58246.0,58337.0,58380.0,58394.0,58404.0,58413.0,58422.0,58432.0,58442.0,58450.0,58454.0,58458.0,58463.0,58466.0,58468.0,58469.0,58474.0,58483.0,58487.0,58493.0,58500.0,58506.0,58512.0,58519.0,58523.0,58534.0,58540.0,58542.0,58545.0,58546.0,58548.0,58551.0,58556.0,58565.0,58571.0,58576.0,58583.0,58589.0,58589.0,58595.0,58596.0,58598.0,58603.0,58607.0,58610.0,58613.0,58621.0,58623.0,58626.0,58630.0,58632.0,58635.0,58641.0,58645.0,58648.0,58654.0,58658.0,58661.0,58660.0,58662.0,58664.0,,58672.0,58676.0,58680.0,58684.0,58687.0,58689.0,58693.0,58696.0,58699.0,58705.0,58711.0,58713.0,58715.0,58720.0,58722.0,58725.0,58727.0,58733.0,58745.0,58748.0,58751.0,58755.0,58758.0,58762.0,58772.0,58777.0,58787.0,58790.0,58795.0,58798.0,58801.0,58811.0,58821.0,58838.0,58841.0,58846.0,58853.0,58858.0,58861.0,58866.0,58871.0,58874.0,58880.0,58889.0,58894.0,58900.0,58903.0,58908.0,58914.0,58915.0,58917.0,58924.0,58926.0,58930.0,58935.0,58936.0,58938.0,58940.0,58945.0,58949.0,58953.0,58955.0,58959.0,58963.0,58965.0,58969.0,58974.0,58983.0,58987.0,58991.0,59000.0,59004.0,59008.0,59009.0,59012.0,59014.0,59019.0,59022.0,59023.0,59025.0,59027.0,59030.0,59032.0,59046.0,59049.0,59054.0,59058.0,59059.0,59064.0,59066.0,59073.0,59079.0,59082.0,59087.0,59098.0,59106.0,59109.0,59111.0,59113.0,59115.0,59117.0,59119.0,59122.0,59126.0,59130.0,59134.0,59135.0,59138.0,59141.0,59143.0,59146.0,59148.0,59149.0,59150
GrrkH5JPde0,5338.0,5339.0,5339.0,5340.0,5340.0,5341.0,5341.0,5341.0,5341.0,5342.0,5342.0,5342.0,5343.0,5343.0,5343.0,5343.0,5344.0,5344.0,5346.0,5346.0,5348.0,5348.0,5348.0,5350.0,5350.0,5350.0,5351.0,5351.0,5353.0,5354.0,5354.0,5355.0,5355.0,5355.0,5356.0,5359.0,5359.0,5360.0,5360.0,5365.0,5365.0,5366.0,5368.0,5370.0,5374.0,5376.0,5380.0,5382.0,5385.0,5388.0,5392.0,5397.0,5400.0,5405.0,5406.0,5410.0,5414.0,5420.0,5423.0,5428.0,5432.0,5436.0,5439.0,5444.0,5448.0,5452.0,5457.0,5462.0,5467.0,5472.0,5473.0,5485.0,5489.0,5494.0,5498.0,5502.0,5503.0,5507.0,5513.0,5521.0,5527.0,5533.0,5534.0,5539.0,5546.0,5547.0,5549.0,5554.0,5554.0,5556.0,5560.0,5569.0,5569.0,5571.0,5574.0,5576.0,5579.0,5579.0,5581.0,5585.0,5588.0,5590.0,5591.0,5595.0,5598.0,5600.0,5603.0,5611.0,5616.0,5619.0,5621.0,5622.0,5623.0,5626.0,5632.0,5633.0,5634.0,5636.0,5638.0,5639.0,5640.0,5646.0,5650.0,5655.0,5656.0,5657.0,5662.0,5665.0,5669.0,5673.0,5675.0,5680.0,5682.0,5684.0,,,,,,,,,5706.0,5713.0,5718.0,5720.0,5726.0,5729.0,5735.0,5741.0,5750.0,5762.0,5769.0,5781.0,5782.0,5786.0,5793.0,5798.0,5804.0,5805.0,5817.0,5820.0,5821.0,5829.0,5833.0,5836.0,5840.0,5842.0,5843.0,5846.0,5848.0,5849.0,5850.0,5851.0,5856.0,5859.0,5862.0,5865.0,5877.0,5884.0,5887.0,5894.0,5897.0,5901.0,5905.0,5909.0,5912.0,5913.0,5914.0,5915.0,5918.0,5920.0,5920.0,5923.0,5923.0,5928.0,5935.0,5940.0,5940.0,5942.0,5942.0,5943.0,5949.0,5955.0,5957.0,5958.0,5958.0,5963.0,5963.0,5967.0,5968.0,5968.0,5971.0,5972.0,5973.0,5974.0,5975.0,5975.0,5977.0,5978.0,5982.0,5983.0,5986.0,5988.0,5990.0,5995.0,5999.0,6003.0,6006.0,6010.0,6011.0,6016.0,6018.0,6020.0,6021.0,6025.0,6026.0,6026.0,6025.0,6027.0,6028.0,6030.0,6032.0,6037.0,6038.0,6039.0,6044.0,6045.0,6047.0,6049.0,6051.0,6053.0,6056.0,6060.0,6062.0,6062.0,6064.0,6064.0,6071.0,6072.0,6073.0,6075.0,6077.0,,6082.0,6082.0,6083.0,6087.0,6091.0,6093.0,6094.0,6096.0,6096.0,6097.0,6098.0,6104.0,6108.0,6110.0,6112.0,6115.0,6115.0,6115.0,6119.0,6119.0,6121.0,6123.0,6125.0,6127.0,6132.0,6134.0,6136.0,6137.0,6138.0,6140.0,6143.0,6144.0,6145.0,6146.0,6146.0,6151.0,6158.0,6164.0,6170.0,6170.0,6172.0,6175.0,6178.0,6181.0,6185.0,6187.0,6190.0,6190.0,6194.0,6195.0,6197.0,6198.0,6201.0,6202.0,6205.0,6208.0,6211.0,6214.0,6215.0,6217.0,6218.0,6221.0,6224.0,6226.0,6226.0,6226.0,6231.0,6232.0,6233.0,6237.0,6237.0,6239.0,6242.0,6244.0,6249.0,6254.0,6256.0,6258.0,6260.0,6265.0,6269.0,6271.0,6276.0,6280.0,6281.0,6283.0,6286.0,6286.0,6290.0,6293.0,6296.0,6296.0,6300.0,6303.0,6304.0,6307.0,6312.0,6318.0,6321.0,6323.0,6328.0,6328.0,6330.0,6333.0,6334.0,6338.0,6341.0,6344.0,6352.0,6355.0,6362.0,6366.0,6369.0,6375
Wrp_aMimy84,21065988.0,21066017.0,21066057.0,21066101.0,21066138.0,21066184.0,21066214.0,21066257.0,21066282.0,21066319.0,21066366.0,21066408.0,21066443.0,21066471.0,21066508.0,21066549.0,21066585.0,21066624.0,21066671.0,21066709.0,21066751.0,21066791.0,21066826.0,21066860.0,21066896.0,21066928.0,21066970.0,21066995.0,21067029.0,21067053.0,21067084.0,21067120.0,21067154.0,21067180.0,21067216.0,21067254.0,21067300.0,21067320.0,21067372.0,21067416.0,21067449.0,21067482.0,21067517.0,21067581.0,21067632.0,21067682.0,21067718.0,21067731.0,21067763.0,21067786.0,21067836.0,21067885.0,21067928.0,21067961.0,21068003.0,21068035.0,21068059.0,21068081.0,21068105.0,21068135.0,21068174.0,21068211.0,21068249.0,21068268.0,21068298.0,21068339.0,21068371.0,21068398.0,21068438.0,21068465.0,21068491.0,21068518.0,21068545.0,21068575.0,21068597.0,21068622.0,21068644.0,21068664.0,21068695.0,21068735.0,21068757.0,21068787.0,21068822.0,21068865.0,21068892.0,21068925.0,21068960.0,21068983.0,21069007.0,21069029.0,21069055.0,21069082.0,21069103.0,21069131.0,21069167.0,21069185.0,21069212.0,21069231.0,21069257.0,21069280.0,21069305.0,21069339.0,21069359.0,21069378.0,21069409.0,21069443.0,21069478.0,21069498.0,21069529.0,21069577.0,21069612.0,21069653.0,21069685.0,21069712.0,21069747.0,21069797.0,21069823.0,21069889.0,21069925.0,21069967.0,21070005.0,21070040.0,21070075.0,21070104.0,21070138.0,21070183.0,21070215.0,21070251.0,21070277.0,21070308.0,21070342.0,21070376.0,21070394.0,21070420.0,,,,,,,,,21070758.0,21070783.0,21070821.0,21070855.0,21070894.0,21070936.0,21070969.0,21071002.0,21071054.0,21071112.0,21071154.0,21071199.0,21071269.0,21071318.0,21071389.0,21071442.0,21071502.0,21071555.0,21071622.0,21071691.0,21071752.0,21071811.0,21071877.0,21071921.0,21071999.0,21072066.0,21072129.0,21072186.0,21072248.0,21072332.0,21072432.0,21072529.0,21072638.0,21072755.0,21072871.0,21073024.0,21073128.0,21073264.0,21073405.0,21073572.0,21073729.0,21073939.0,21074141.0,21074339.0,21074562.0,21074826.0,21075029.0,21075318.0,21075534.0,21075780.0,21075988.0,21076237.0,21076481.0,21076861.0,21077185.0,21077488.0,21077851.0,21078190.0,21078554.0,21078965.0,21079469.0,21080220.0,21080511.0,21080657.0,21080745.0,21080842.0,21080929.0,21081019.0,21081087.0,21081141.0,21081230.0,21081312.0,21081363.0,21081421.0,21081468.0,21081539.0,21081598.0,21081646.0,21081694.0,21081741.0,21081800.0,21081832.0,21081873.0,21081921.0,21081961.0,21081987.0,21082025.0,21082064.0,21082082.0,21082111.0,21082151.0,21082176.0,21082207.0,21082237.0,21082262.0,21082292.0,21082327.0,21082353.0,21082388.0,21082424.0,21082466.0,21082496.0,21082542.0,21082594.0,21082634.0,21082678.0,21082714.0,21082754.0,21082797.0,21082831.0,21082861.0,21082884.0,21082924.0,21082945.0,21082967.0,21082989.0,21083018.0,21083045.0,21083068.0,21083097.0,21083127.0,,21083173.0,21083197.0,21083229.0,21083245.0,21083268.0,21083294.0,21083320.0,21083330.0,21083357.0,21083368.0,21083400.0,21083427.0,21083438.0,21083460.0,21083479.0,21083503.0,21083523.0,21083554.0,21083590.0,21083623.0,21083645.0,21083671.0,21083691.0,21083711.0,21083730.0,21083750.0,21083775.0,21083804.0,21083816.0,21083841.0,21083864.0,21083885.0,21083915.0,21083932.0,21083951.0,21083963.0,21083984.0,21084006.0,21084027.0,21084058.0,21084078.0,21084094.0,21084123.0,21084144.0,21084167.0,21084184.0,21084213.0,21084238.0,21084267.0,21084310.0,21084342.0,21084359.0,21084382.0,21084419.0,21084447.0,21084484.0,21084520.0,21084543.0,21084583.0,21084609.0,21084629.0,21084663.0,21084688.0,21084712.0,21084730.0,21084752.0,21084818.0,21084859.0,21084920.0,21084953.0,21085001.0,21085052.0,21085093.0,21085134.0,21085166.0,21085201.0,21085227.0,21085263.0,21085304.0,21085330.0,21085378.0,21085405.0,21085435.0,21085468.0,21085501.0,21085536.0,21085552.0,21085577.0,21085603.0,21085623.0,21085653.0,21085672.0,21085680.0,21085717.0,21085745.0,21085778.0,21085793.0,21085817.0,21085839.0,21085860.0,21085892.0,21085911.0,21085936.0,21085963.0,21085991.0,21086007.0,21086042.0,21086266.0,21086353.0,21086387.0,21086435.0,21086468.0,21086500.0,21086526
N1SaYFTuZCY,44372.0,44381.0,44400.0,44416.0,44432.0,44445.0,44454.0,44461.0,44478.0,44492.0,44505.0,44521.0,44532.0,44545.0,44552.0,44563.0,44577.0,44589.0,44602.0,44615.0,44625.0,44634.0,44639.0,44647.0,44656.0,44666.0,44684.0,44695.0,44699.0,44706.0,44710.0,44719.0,44735.0,44748.0,44762.0,44776.0,44788.0,44800.0,44810.0,44818.0,44828.0,44836.0,44853.0,44872.0,44882.0,44892.0,44903.0,44912.0,44923.0,44936.0,44946.0,44959.0,44969.0,44979.0,44991.0,45004.0,45014.0,45023.0,45023.0,45030.0,45035.0,45052.0,45064.0,45076.0,45084.0,45091.0,45101.0,45113.0,45124.0,45130.0,45137.0,45143.0,45152.0,45164.0,45171.0,45184.0,45192.0,45203.0,45208.0,45216.0,45222.0,45230.0,45237.0,45247.0,45252.0,45257.0,45267.0,45280.0,45292.0,45303.0,45314.0,45327.0,45331.0,45340.0,45357.0,45361.0,45369.0,45373.0,45375.0,45379.0,45384.0,45390.0,45400.0,45401.0,45409.0,45416.0,45427.0,45430.0,45440.0,45451.0,45457.0,45465.0,45473.0,45479.0,45489.0,45500.0,45506.0,45513.0,45522.0,45527.0,45533.0,45538.0,45544.0,45549.0,45553.0,45561.0,45569.0,45575.0,45585.0,45588.0,45594.0,45596.0,45601.0,45602.0,,,,,,,,,45660.0,45673.0,45681.0,45682.0,45686.0,45688.0,45695.0,45698.0,45710.0,45716.0,45724.0,45731.0,45740.0,45747.0,45751.0,45757.0,45760.0,45766.0,45775.0,45786.0,45795.0,45797.0,45807.0,45817.0,45824.0,45830.0,45841.0,45852.0,45865.0,45869.0,45877.0,45884.0,45899.0,45904.0,45913.0,45918.0,45925.0,45930.0,45936.0,45943.0,45944.0,45951.0,45959.0,45966.0,45970.0,45975.0,45983.0,45989.0,45992.0,46000.0,46005.0,46005.0,46011.0,46049.0,46087.0,46097.0,46105.0,46120.0,46131.0,46143.0,46154.0,46162.0,46174.0,46187.0,46200.0,46211.0,46222.0,46231.0,46235.0,46244.0,46257.0,46262.0,46270.0,46281.0,46292.0,46296.0,46306.0,46313.0,46324.0,46329.0,46337.0,46347.0,46356.0,46366.0,46368.0,46375.0,46381.0,46385.0,46395.0,46401.0,46404.0,46414.0,46419.0,46425.0,46432.0,46438.0,46443.0,46451.0,46458.0,46460.0,46465.0,46480.0,46488.0,46491.0,46499.0,46501.0,46506.0,46507.0,46509.0,46514.0,46526.0,46533.0,46538.0,46542.0,46545.0,46554.0,46562.0,46567.0,46574.0,46583.0,46596.0,,46610.0,46616.0,46619.0,46622.0,46628.0,46635.0,46639.0,46647.0,46656.0,46660.0,46666.0,46671.0,46677.0,46682.0,46687.0,46695.0,46712.0,46731.0,46745.0,46758.0,46767.0,46772.0,46774.0,46783.0,46789.0,46796.0,46806.0,46811.0,46817.0,46824.0,46830.0,46838.0,46846.0,46853.0,46868.0,46874.0,46884.0,46889.0,46904.0,46914.0,46934.0,46948.0,46955.0,46967.0,46987.0,46997.0,47020.0,47036.0,47044.0,47057.0,47061.0,47088.0,47095.0,47097.0,47099.0,47107.0,47113.0,47118.0,47125.0,47133.0,47139.0,47145.0,47150.0,47158.0,47168.0,47175.0,47184.0,47191.0,47195.0,47196.0,47197.0,47208.0,47216.0,47221.0,47235.0,47243.0,47248.0,47256.0,47260.0,47270.0,47276.0,47282.0,47282.0,47293.0,47300.0,47303.0,47318.0,47323.0,47331.0,47346.0,47358.0,47366.0,47368.0,47375.0,47387.0,47390.0,47396.0,47400.0,47408.0,47418.0,47419.0,47422.0,47427.0,47432.0,47440.0,47445.0,47456.0,47460.0,47479.0,47491.0,47498.0,47504.0,47509.0,47517
PcTmvEqZsZk,154049.0,154072.0,154092.0,154104.0,154133.0,154165.0,154200.0,154245.0,154289.0,154303.0,154328.0,154354.0,154376.0,154404.0,154445.0,154483.0,154504.0,154518.0,154548.0,154578.0,154605.0,154632.0,154659.0,154706.0,154724.0,154747.0,154780.0,154807.0,154832.0,154864.0,154892.0,154910.0,154938.0,154973.0,154998.0,155044.0,155068.0,155088.0,155113.0,155136.0,155161.0,155181.0,155205.0,155224.0,155235.0,155249.0,155274.0,155304.0,155327.0,155359.0,155395.0,155409.0,155434.0,155453.0,155482.0,155512.0,155546.0,155570.0,155593.0,155619.0,155640.0,155663.0,155694.0,155728.0,155744.0,155764.0,155788.0,155815.0,155831.0,155873.0,155901.0,155922.0,155952.0,155983.0,156014.0,156035.0,156062.0,156087.0,156121.0,156147.0,156170.0,156196.0,156212.0,156249.0,156285.0,156311.0,156340.0,156365.0,156410.0,156446.0,156477.0,156512.0,156548.0,156568.0,156606.0,156631.0,156666.0,156691.0,156722.0,156758.0,156786.0,156820.0,156840.0,156864.0,156893.0,156922.0,156951.0,156972.0,156991.0,157021.0,157046.0,157075.0,157122.0,157164.0,157186.0,157210.0,157238.0,157283.0,157306.0,157341.0,157368.0,157397.0,157424.0,157444.0,157479.0,157516.0,157547.0,157581.0,157629.0,157648.0,157685.0,157711.0,157735.0,157770.0,,,,,,,,,158012.0,158033.0,158060.0,158075.0,158100.0,158122.0,158149.0,158173.0,158199.0,158223.0,158248.0,158264.0,158264.0,158264.0,158264.0,158264.0,158264.0,158264.0,158264.0,158264.0,158264.0,158264.0,158264.0,158264.0,158264.0,158264.0,158264.0,158264.0,158264.0,158264.0,158264.0,158264.0,158264.0,158264.0,158264.0,158264.0,158264.0,158264.0,158264.0,158264.0,158264.0,158264.0,158264.0,158264.0,158264.0,158264.0,158264.0,158264.0,158264.0,158264.0,158264.0,158264.0,158264.0,158264.0,158264.0,158264.0,158264.0,158264.0,158264.0,158264.0,158264.0,158264.0,158264.0,158264.0,158264.0,158264.0,158264.0,158264.0,158264.0,158264.0,158264.0,158264.0,158264.0,158264.0,158264.0,158264.0,158264.0,158264.0,158264.0,158264.0,158264.0,158264.0,158264.0,158264.0,158264.0,158264.0,158264.0,158264.0,158264.0,158264.0,158264.0,158264.0,158264.0,158264.0,158264.0,158264.0,158264.0,158264.0,158264.0,158264.0,158264.0,158264.0,158264.0,158264.0,158264.0,158264.0,158264.0,158264.0,158264.0,158264.0,158264.0,158264.0,158264.0,158264.0,158264.0,158264.0,158264.0,158264.0,158264.0,158264.0,158264.0,,158264.0,158264.0,158264.0,158264.0,158264.0,158264.0,158264.0,158264.0,158264.0,158264.0,158264.0,158264.0,158264.0,158264.0,158264.0,158264.0,158264.0,158264.0,158264.0,158264.0,158264.0,158264.0,158264.0,158264.0,158264.0,158264.0,158264.0,158264.0,158264.0,158264.0,158264.0,158264.0,158264.0,158264.0,158264.0,158264.0,158264.0,158264.0,158264.0,158264.0,158264.0,158264.0,158264.0,158264.0,158264.0,158264.0,158264.0,158264.0,158264.0,158264.0,158264.0,158264.0,158264.0,158264.0,158264.0,158264.0,158264.0,158264.0,158264.0,158264.0,158264.0,158264.0,158264.0,158264.0,158264.0,158264.0,158264.0,158264.0,158264.0,158264.0,158264.0,158264.0,158264.0,158264.0,158264.0,158264.0,158264.0,158264.0,158264.0,158264.0,158264.0,158264.0,158264.0,158264.0,158264.0,158264.0,158264.0,158264.0,158264.0,158264.0,158264.0,158264.0,158264.0,158264.0,158264.0,158264.0,158264.0,158264.0,158264.0,158264.0,158264.0,158264.0,158264.0,158264.0,158264.0,158264.0,158264.0,158264.0,158264.0,158264.0,158264.0,158264.0,158264.0,158264
riuljwLo9Bk,4193495.0,4195060.0,4196812.0,4198720.0,4200562.0,4202215.0,4204064.0,4205963.0,4208180.0,4210728.0,4212932.0,4214734.0,4216581.0,4218656.0,4220579.0,4222172.0,4223973.0,4225719.0,4227407.0,4228907.0,4230614.0,4232434.0,4234239.0,4235764.0,4237362.0,4239066.0,4240967.0,4243148.0,4245116.0,4246758.0,4248728.0,4250646.0,4252263.0,4253958.0,4255509.0,4257448.0,4259748.0,4261991.0,4264307.0,4266325.0,4268347.0,4270180.0,4272011.0,4273862.0,4275731.0,4277483.0,4279139.0,4280797.0,4282535.0,4284236.0,4285721.0,4287590.0,4289271.0,4290910.0,4292555.0,4294009.0,4295500.0,4297118.0,4298760.0,4300272.0,4301683.0,4303163.0,4304652.0,4306070.0,4307459.0,4308767.0,4310094.0,4311465.0,4312771.0,4314354.0,4315868.0,4317275.0,4318651.0,4320175.0,4321601.0,4323018.0,4324553.0,4326273.0,4327954.0,4329638.0,4331233.0,4332731.0,4334163.0,4335624.0,4337030.0,4338573.0,4340188.0,4341921.0,4343445.0,4345035.0,4346567.0,4348119.0,4349514.0,4351106.0,4352698.0,4354008.0,4355512.0,4356949.0,4358465.0,4359921.0,4361508.0,4363469.0,4365349.0,4367095.0,4369747.0,4372076.0,4374214.0,4376833.0,4379110.0,4381113.0,4383404.0,4385558.0,4387571.0,4389592.0,4391669.0,4393591.0,4395357.0,4397077.0,4398658.0,4400385.0,4402071.0,4404746.0,4406737.0,4408359.0,4410043.0,4411658.0,4413216.0,4414877.0,4416560.0,4417983.0,4419599.0,4421043.0,4422477.0,4423961.0,,,,,,,,,4439157.0,4440780.0,4442287.0,4443660.0,4445048.0,4446214.0,4447367.0,4448510.0,4449705.0,4450849.0,4452028.0,4453147.0,4454416.0,4455543.0,4456756.0,4457950.0,4459162.0,4460445.0,4461828.0,4463119.0,4464265.0,4465638.0,4466860.0,4468124.0,4469614.0,4471009.0,4472280.0,4473607.0,4475284.0,4476587.0,4477839.0,4479081.0,4480353.0,4481592.0,4482618.0,4483854.0,4484907.0,4486204.0,4487460.0,4488728.0,4490144.0,4491325.0,4492461.0,4493628.0,4494844.0,4495984.0,4497125.0,4498321.0,4499429.0,4500512.0,4501513.0,4502557.0,4503605.0,4504957.0,4506181.0,4507252.0,4508288.0,4509372.0,4510369.0,4511467.0,4512595.0,4513586.0,4514458.0,4515864.0,4516962.0,4518204.0,4519425.0,4520711.0,4521888.0,4523082.0,4525047.0,4526585.0,4528018.0,4529354.0,4530698.0,4532037.0,4533295.0,4534543.0,4535864.0,4537181.0,4538523.0,4539691.0,4540941.0,4542173.0,4543482.0,4544830.0,4546195.0,4547467.0,4548718.0,4549796.0,4550997.0,4552135.0,4553307.0,4554449.0,4555597.0,4556653.0,4557762.0,4558979.0,4560215.0,4561358.0,4562466.0,4563523.0,4564685.0,4565872.0,4567570.0,4569807.0,4571523.0,4573337.0,4574807.0,4576194.0,4577562.0,4578829.0,4580091.0,4581456.0,4582869.0,4584388.0,4585717.0,4587096.0,4588413.0,4589784.0,4591205.0,,4593996.0,4595517.0,4597014.0,4598190.0,4599531.0,4600736.0,4602135.0,4603486.0,4604769.0,4606003.0,4607270.0,4608541.0,4609759.0,4610978.0,4612150.0,4613253.0,4614375.0,4615543.0,4616665.0,4617812.0,4618889.0,4620056.0,4621199.0,4622238.0,4623339.0,4624296.0,4625316.0,4626287.0,4627396.0,4628442.0,4629473.0,4630430.0,4631471.0,4632532.0,4633466.0,4634496.0,4635572.0,4636649.0,4637624.0,4638591.0,4639449.0,4640400.0,4641444.0,4642387.0,4643402.0,4644260.0,4645200.0,4646133.0,4647226.0,4648276.0,4649230.0,4650237.0,4651157.0,4652234.0,4653201.0,4654242.0,4655314.0,4656333.0,4657400.0,4658409.0,4659420.0,4660417.0,4661476.0,4662496.0,4663491.0,4664446.0,4665432.0,4666451.0,4667447.0,4668542.0,4669513.0,4670490.0,4671555.0,4672568.0,4673427.0,4674537.0,4675578.0,4676772.0,4677830.0,4678757.0,4679817.0,4680861.0,4681868.0,4682819.0,4683898.0,4684893.0,4685933.0,4686926.0,4687892.0,4688847.0,4689815.0,4690764.0,4691650.0,4692523.0,4693528.0,4694498.0,4695372.0,4696229.0,4697182.0,4698099.0,4699059.0,4700022.0,4700979.0,4701860.0,4702644.0,4703596.0,4704528.0,4705354.0,4706276.0,4707201.0,4707973.0,4708740.0,4709570.0,4710357
FNj0IuM8a44,3478279.0,3482029.0,3485970.0,3489801.0,3494194.0,3498647.0,3503229.0,3507814.0,3512574.0,3517384.0,3521430.0,3525490.0,3530008.0,3534153.0,3538510.0,3542568.0,3546590.0,3550251.0,3554354.0,3558595.0,3562827.0,3567820.0,3572995.0,3577368.0,3581618.0,3585995.0,3590823.0,3595607.0,3600421.0,3605098.0,3609589.0,3614093.0,3618602.0,3623681.0,3628444.0,3633343.0,3638030.0,3642291.0,3645989.0,3650439.0,3655001.0,3659360.0,3663618.0,3668053.0,3672292.0,3676154.0,3679779.0,3683760.0,3687608.0,3691593.0,3695302.0,3698990.0,3702368.0,3705791.0,3709811.0,3713911.0,3718125.0,3722070.0,3725404.0,3728632.0,3732313.0,3735844.0,3739475.0,3742897.0,3746397.0,3749825.0,3752841.0,3756051.0,3759101.0,3763011.0,3766302.0,3769215.0,3772155.0,3775057.0,3778134.0,3781394.0,3784722.0,3788045.0,3791300.0,3794196.0,3796878.0,3799959.0,3803057.0,3806540.0,3810052.0,3813418.0,3816626.0,3819528.0,3822462.0,3825676.0,3829084.0,3832756.0,3836334.0,3839776.0,3842946.0,3846202.0,3849828.0,3853458.0,3857143.0,3860806.0,3864112.0,3867251.0,3870363.0,3873628.0,3876844.0,3880030.0,3883117.0,3886229.0,3888944.0,3892165.0,3895509.0,3898885.0,3902060.0,3905038.0,3908303.0,3911569.0,3914537.0,3917695.0,3920791.0,3924301.0,3927715.0,3930997.0,3934089.0,3937235.0,3940248.0,3943373.0,3946411.0,3949530.0,3952398.0,3955137.0,3958483.0,3961563.0,3964851.0,3967925.0,,,,,,,,,3997522.0,4000532.0,4003657.0,4007015.0,4010333.0,4013771.0,4017033.0,4019943.0,4023295.0,4026747.0,4030845.0,4034959.0,4038539.0,4041717.0,4044644.0,4047522.0,4050707.0,4054059.0,4057233.0,4060336.0,4063271.0,4066038.0,4068556.0,4071338.0,4074154.0,4077062.0,4080135.0,4083077.0,4085816.0,4088471.0,4091231.0,4094198.0,4097034.0,4100030.0,4102795.0,4105614.0,4108109.0,4110641.0,4113743.0,4116736.0,4119662.0,4122730.0,4125467.0,4128062.0,4131078.0,4134126.0,4137197.0,4140210.0,4143312.0,4146345.0,4149046.0,4151908.0,4154836.0,4157776.0,4160707.0,4163787.0,4166441.0,4168816.0,4171409.0,4174019.0,4176854.0,4178957.0,4180965.0,4183489.0,4185780.0,4188291.0,4190977.0,4193685.0,4195992.0,4198206.0,4200729.0,4203242.0,4205869.0,4208727.0,4211646.0,4214483.0,4217281.0,4219883.0,4222304.0,4225090.0,4227951.0,4230622.0,4233857.0,4236924.0,4239749.0,4242394.0,4245174.0,4248025.0,4250853.0,4253559.0,4256476.0,4259374.0,4262040.0,4264804.0,4267732.0,4270951.0,4274360.0,4277509.0,4280458.0,4282924.0,4285778.0,4288570.0,4291453.0,4294238.0,4297045.0,4299733.0,4302362.0,4305350.0,4308368.0,4311323.0,4314415.0,4317605.0,4320421.0,4322869.0,4325268.0,4327847.0,4330440.0,4333321.0,4336322.0,4338874.0,4341316.0,,4346387.0,4349087.0,4351814.0,4354556.0,4356929.0,4359118.0,4361674.0,4364367.0,4366955.0,4369649.0,4372291.0,4374667.0,4376867.0,4379461.0,4381952.0,4384453.0,4386944.0,4389290.0,4391528.0,4393599.0,4396090.0,4398745.0,4401552.0,4404422.0,4406920.0,4409196.0,4411161.0,4413458.0,4415895.0,4418211.0,4420482.0,4422797.0,4425016.0,4426928.0,4429188.0,4431591.0,4433995.0,4436373.0,4438711.0,4440920.0,4442941.0,4445136.0,4447587.0,4450060.0,4452614.0,4455080.0,4457653.0,4460185.0,4462981.0,4465700.0,4468447.0,4471234.0,4473996.0,4476406.0,4478695.0,4481038.0,4483558.0,4486194.0,4488764.0,4491382.0,4493832.0,4496163.0,4498513.0,4501241.0,4504210.0,4507189.0,4509742.0,4512281.0,4514561.0,4516903.0,4519470.0,4522175.0,4524835.0,4527699.0,4530288.0,4532582.0,4535091.0,4537814.0,4540449.0,4543167.0,4545931.0,4548472.0,4550716.0,4553281.0,4555962.0,4558750.0,4561499.0,4564451.0,4566925.0,4569193.0,4571823.0,4574665.0,4577708.0,4580692.0,4583692.0,4586570.0,4588968.0,4591662.0,4594478.0,4597240.0,4599991.0,4602965.0,4605589.0,4608024.0,4610788.0,4613635.0,4616517.0,4619434.0,4622106.0,4624736.0,4626810.0,4629158.0,4631595.0,4634107
910397KV1uE,1757812.0,1759258.0,1760727.0,1762022.0,1763593.0,1765334.0,1767019.0,1768782.0,1770983.0,1772940.0,1774531.0,1776378.0,1778356.0,1780119.0,1781959.0,1783794.0,1785395.0,1786852.0,1788454.0,1790123.0,1791924.0,1793962.0,1795882.0,1797394.0,1798910.0,1800689.0,1802411.0,1804296.0,1806068.0,1807936.0,1809897.0,1813337.0,1816533.0,1819864.0,1823397.0,1826936.0,1830374.0,1832941.0,1835502.0,1838840.0,1842018.0,1845432.0,1848990.0,1852721.0,1855779.0,1858682.0,1861619.0,1864974.0,1868267.0,1871435.0,1874599.0,1878094.0,1881204.0,1884253.0,1887682.0,1890922.0,1894479.0,1897770.0,1900742.0,1903537.0,1906694.0,1910417.0,1913637.0,1917077.0,1920813.0,1924702.0,1928106.0,1931361.0,1934429.0,1938219.0,1941455.0,1944578.0,1947837.0,1951004.0,1954045.0,1957471.0,1961212.0,1964652.0,1968164.0,1971577.0,1974755.0,1977574.0,1980558.0,1983759.0,1986884.0,1989781.0,1992353.0,1995068.0,1997664.0,2000287.0,2003256.0,2006217.0,2009288.0,2012318.0,2015159.0,2018144.0,2021686.0,2025024.0,2028418.0,2031822.0,2034938.0,2037966.0,2041446.0,2045067.0,2048105.0,2051264.0,2054571.0,2057408.0,2060276.0,2063507.0,2066917.0,2070402.0,2073683.0,2076901.0,2079959.0,2082767.0,2085433.0,2088165.0,2091049.0,2094365.0,2097662.0,2100594.0,2103347.0,2106071.0,2108635.0,2111243.0,2113994.0,2116660.0,2119386.0,2121837.0,2124844.0,2127529.0,2130267.0,2132899.0,,,,,,,,,2156459.0,2158634.0,2161131.0,2163768.0,2166480.0,2169160.0,2171430.0,2173491.0,2175739.0,2178009.0,2180439.0,2182880.0,2185650.0,2188335.0,2190728.0,2193123.0,2195505.0,2198150.0,2200845.0,2203503.0,2205895.0,2208213.0,2210365.0,2212677.0,2215195.0,2217750.0,2220603.0,2223397.0,2225742.0,2228117.0,2230636.0,2233633.0,2236486.0,2239262.0,2241799.0,2244506.0,2246909.0,2249385.0,2252314.0,2255118.0,2257847.0,2260477.0,2262972.0,2265162.0,2267776.0,2270344.0,2272910.0,2275629.0,2278549.0,2280928.0,2283148.0,2285467.0,2287916.0,2290397.0,2292734.0,2295326.0,2297613.0,2299652.0,2302142.0,2304811.0,2307238.0,2308916.0,2310625.0,2312876.0,2314962.0,2317228.0,2319404.0,2321611.0,2323563.0,2325435.0,2327569.0,2329663.0,2331989.0,2334583.0,2337178.0,2339720.0,2342412.0,2344644.0,2346683.0,2349044.0,2351447.0,2353728.0,2356336.0,2358881.0,2361105.0,2363177.0,2365770.0,2368149.0,2370468.0,2372847.0,2375177.0,2377454.0,2379541.0,2382284.0,2385110.0,2387913.0,2391028.0,2394020.0,2396852.0,2399319.0,2402113.0,2404780.0,2407549.0,2410170.0,2412754.0,2415179.0,2417569.0,2420206.0,2423038.0,2425521.0,2428312.0,2430959.0,2433215.0,2435192.0,2437239.0,2439304.0,2441712.0,2444072.0,2446247.0,2448311.0,2450377.0,,2454895.0,2457100.0,2459240.0,2461350.0,2463294.0,2465011.0,2467108.0,2469498.0,2471837.0,2474170.0,2476681.0,2478842.0,2480781.0,2483073.0,2485414.0,2487620.0,2489903.0,2492306.0,2494519.0,2496438.0,2498595.0,2501049.0,2503248.0,2505535.0,2507617.0,2509431.0,2511331.0,2513257.0,2515310.0,2517216.0,2519240.0,2520945.0,2522764.0,2524253.0,2526072.0,2527852.0,2530059.0,2531892.0,2533733.0,2535712.0,2537383.0,2539165.0,2541076.0,2542832.0,2544647.0,2546648.0,2548682.0,2550670.0,2552789.0,2554858.0,2557006.0,2559280.0,2561506.0,2563438.0,2565259.0,2566957.0,2568892.0,2570759.0,2572630.0,2574539.0,2576237.0,2577851.0,2579767.0,2581810.0,2584075.0,2586422.0,2588585.0,2590578.0,2592368.0,2594288.0,2596419.0,2598673.0,2600906.0,2603047.0,2605006.0,2606691.0,2608692.0,2610721.0,2612711.0,2614706.0,2616682.0,2618339.0,2619698.0,2621323.0,2623064.0,2624974.0,2626959.0,2628963.0,2630811.0,2632462.0,2634184.0,2636067.0,2638033.0,2639982.0,2641918.0,2643794.0,2645265.0,2646877.0,2648581.0,2650235.0,2652003.0,2653815.0,2655563.0,2657163.0,2659004.0,2660945.0,2662929.0,2664769.0,2666588.0,2668274.0,2669745.0,2671319.0,2672998.0,2674628
wtw-dN13WKE,111691.0,111716.0,111740.0,111771.0,111803.0,111831.0,111879.0,111907.0,111932.0,111967.0,112001.0,112031.0,112053.0,112069.0,112103.0,112134.0,112163.0,112195.0,112222.0,112259.0,112275.0,112327.0,112361.0,112395.0,112419.0,112446.0,112472.0,112502.0,112537.0,112565.0,112612.0,112642.0,112671.0,112713.0,112755.0,112799.0,112839.0,112875.0,112911.0,112933.0,112983.0,113012.0,113038.0,113074.0,113102.0,113129.0,113160.0,113192.0,113223.0,113244.0,113274.0,113295.0,113313.0,113338.0,113366.0,113398.0,113436.0,113466.0,113490.0,113518.0,113540.0,113566.0,113602.0,113632.0,113670.0,113689.0,113716.0,113748.0,113775.0,113803.0,113823.0,113841.0,113864.0,113892.0,113919.0,113940.0,113970.0,113995.0,114024.0,114045.0,114081.0,114117.0,114162.0,114185.0,114213.0,114253.0,114287.0,114319.0,114344.0,114377.0,114406.0,114439.0,114453.0,114480.0,114508.0,114530.0,114561.0,114580.0,114603.0,114617.0,114634.0,114652.0,114673.0,114707.0,114742.0,114770.0,114799.0,114813.0,114825.0,114854.0,114868.0,114885.0,114905.0,114926.0,114946.0,114970.0,114986.0,115001.0,115019.0,115035.0,115054.0,115079.0,115103.0,115115.0,115138.0,115160.0,115188.0,115203.0,115222.0,115239.0,115254.0,115268.0,115288.0,115302.0,,,,,,,,,115429.0,115445.0,115454.0,115479.0,115516.0,115552.0,115582.0,115602.0,115624.0,115635.0,115659.0,115674.0,115688.0,115703.0,115713.0,115732.0,115746.0,115766.0,115775.0,115800.0,115823.0,115841.0,115856.0,115873.0,115885.0,115903.0,115919.0,115943.0,115958.0,115970.0,115983.0,115994.0,116009.0,116024.0,116041.0,116052.0,116065.0,116077.0,116101.0,116116.0,116128.0,116144.0,116162.0,116178.0,116187.0,116199.0,116210.0,116228.0,116242.0,116257.0,116270.0,116288.0,116299.0,116319.0,116341.0,116369.0,116387.0,116404.0,116416.0,116428.0,116439.0,116448.0,116466.0,116493.0,116509.0,116534.0,116558.0,116567.0,116584.0,116602.0,116619.0,116639.0,116659.0,116673.0,116697.0,116711.0,116736.0,116759.0,116775.0,116801.0,116814.0,116835.0,116844.0,116864.0,116895.0,116916.0,116937.0,116951.0,116965.0,116987.0,117003.0,117028.0,117043.0,117068.0,117081.0,117108.0,117136.0,117150.0,117168.0,117181.0,117196.0,117203.0,117220.0,117236.0,117244.0,117266.0,117281.0,117304.0,117316.0,117330.0,117345.0,117355.0,117376.0,117395.0,117417.0,117431.0,117448.0,117465.0,117474.0,117496.0,117505.0,,117529.0,117548.0,117567.0,117579.0,117601.0,117611.0,117624.0,117634.0,117658.0,117663.0,117679.0,117694.0,117709.0,117721.0,117733.0,117745.0,117759.0,117771.0,117791.0,117807.0,117828.0,117849.0,117865.0,117886.0,117908.0,117924.0,117952.0,117978.0,117999.0,118033.0,118055.0,118073.0,118087.0,118107.0,118127.0,118151.0,118167.0,118185.0,118227.0,118253.0,118265.0,118283.0,118298.0,118317.0,118345.0,118367.0,118387.0,118398.0,118414.0,118428.0,118445.0,118460.0,118473.0,118485.0,118496.0,118517.0,118534.0,118561.0,118581.0,118598.0,118617.0,118637.0,118649.0,118659.0,118670.0,118686.0,118698.0,118718.0,118746.0,118771.0,118805.0,118819.0,118828.0,118859.0,118881.0,118901.0,118918.0,118941.0,118962.0,118979.0,118998.0,119023.0,119042.0,119061.0,119100.0,119114.0,119140.0,119159.0,119182.0,119193.0,119216.0,119226.0,119250.0,119275.0,119290.0,119304.0,119324.0,119348.0,119365.0,119384.0,119399.0,119417.0,119431.0,119437.0,119458.0,119472.0,119479.0,119493.0,119518.0,119538.0,119552.0,119565.0,119589.0,119621
9ItxaJZKVXA,79893.0,79924.0,79950.0,79980.0,80009.0,80052.0,80092.0,80124.0,80162.0,80211.0,80238.0,80266.0,80288.0,80327.0,80352.0,80393.0,80426.0,80445.0,80481.0,80515.0,80550.0,80602.0,80627.0,80645.0,80669.0,80691.0,80723.0,80751.0,80788.0,80820.0,80859.0,80877.0,80910.0,80942.0,80978.0,81013.0,81063.0,81094.0,81125.0,81151.0,81187.0,81212.0,81238.0,81281.0,81319.0,81345.0,81383.0,81424.0,81465.0,81485.0,81506.0,81531.0,81559.0,81589.0,81621.0,81656.0,81701.0,81737.0,81768.0,81811.0,81835.0,81867.0,81898.0,81922.0,81963.0,81987.0,82009.0,82036.0,82064.0,82099.0,82118.0,82140.0,82166.0,82193.0,82226.0,82248.0,82284.0,82313.0,82343.0,82389.0,82431.0,82480.0,82535.0,82573.0,82599.0,82668.0,82709.0,82743.0,82776.0,82814.0,82847.0,82886.0,82914.0,82949.0,82984.0,83014.0,83046.0,83088.0,83112.0,83136.0,83156.0,83185.0,83220.0,83285.0,83323.0,83354.0,83383.0,83408.0,83432.0,83454.0,83474.0,83499.0,83520.0,83548.0,83568.0,83602.0,83638.0,83664.0,83690.0,83722.0,83744.0,83770.0,83799.0,83815.0,83843.0,83860.0,83878.0,83906.0,83936.0,83965.0,83988.0,84014.0,84041.0,84056.0,,,,,,,,,84250.0,84266.0,84297.0,84330.0,84365.0,84388.0,84410.0,84438.0,84462.0,84487.0,84524.0,84564.0,84582.0,84608.0,84630.0,84658.0,84680.0,84703.0,84730.0,84754.0,84775.0,84796.0,84821.0,84838.0,84850.0,84866.0,84889.0,84921.0,84946.0,84963.0,84982.0,84994.0,85017.0,85038.0,85057.0,85075.0,85092.0,85107.0,85136.0,85161.0,85187.0,85210.0,85228.0,85250.0,85265.0,85287.0,85301.0,85323.0,85337.0,85351.0,85377.0,85402.0,85414.0,85436.0,85465.0,85485.0,85501.0,85515.0,85530.0,85551.0,85580.0,85600.0,85622.0,85648.0,85674.0,85693.0,85712.0,85731.0,85746.0,85760.0,85775.0,85810.0,85828.0,85857.0,85883.0,85905.0,85930.0,85957.0,85986.0,86017.0,86032.0,86057.0,86078.0,86107.0,86137.0,86168.0,86192.0,86223.0,86242.0,86269.0,86296.0,86326.0,86352.0,86370.0,86388.0,86422.0,86441.0,86471.0,86501.0,86527.0,86546.0,86564.0,86582.0,86596.0,86609.0,86639.0,86662.0,86688.0,86708.0,86725.0,86748.0,86767.0,86790.0,86816.0,86834.0,86845.0,86866.0,86886.0,86900.0,86922.0,86939.0,,86977.0,86991.0,87016.0,87031.0,87048.0,87071.0,87091.0,87116.0,87145.0,87159.0,87182.0,87193.0,87214.0,87222.0,87244.0,87255.0,87270.0,87294.0,87314.0,87334.0,87355.0,87380.0,87390.0,87405.0,87421.0,87436.0,87456.0,87483.0,87517.0,87539.0,87553.0,87574.0,87600.0,87631.0,87664.0,87680.0,87695.0,87715.0,87756.0,87785.0,87803.0,87820.0,87841.0,87871.0,87892.0,87920.0,87946.0,87969.0,87988.0,88004.0,88025.0,88033.0,88054.0,88074.0,88095.0,88107.0,88123.0,88136.0,88157.0,88184.0,88205.0,88219.0,88238.0,88252.0,88263.0,88283.0,88289.0,88301.0,88328.0,88352.0,88381.0,88392.0,88413.0,88431.0,88455.0,88482.0,88492.0,88514.0,88536.0,88553.0,88577.0,88613.0,88642.0,88663.0,88700.0,88722.0,88759.0,88793.0,88819.0,88837.0,88856.0,88875.0,88887.0,88904.0,88919.0,88931.0,88945.0,88958.0,88971.0,88993.0,89009.0,89031.0,89047.0,89061.0,89074.0,89095.0,89108.0,89133.0,89163.0,89180.0,89199.0,89225.0,89249.0,89289
P7TuHbDTuK0,34830.0,34841.0,34856.0,34873.0,34895.0,34905.0,34920.0,34936.0,34951.0,34967.0,34979.0,34989.0,35005.0,35028.0,35039.0,35052.0,35063.0,35074.0,35083.0,35095.0,35108.0,35125.0,35136.0,35144.0,35161.0,35176.0,35192.0,35203.0,35218.0,35231.0,35248.0,35263.0,35277.0,35292.0,35305.0,35330.0,35361.0,35386.0,35404.0,35427.0,35444.0,35464.0,35488.0,35512.0,35532.0,35552.0,35573.0,35588.0,35605.0,35620.0,35632.0,35650.0,35671.0,35693.0,35721.0,35744.0,35767.0,35786.0,35804.0,35812.0,35828.0,35839.0,35853.0,35866.0,35875.0,35882.0,35892.0,35901.0,35916.0,35934.0,35951.0,35961.0,35975.0,35985.0,35999.0,36010.0,36033.0,36051.0,36061.0,36070.0,36106.0,36139.0,36164.0,36191.0,36225.0,36256.0,36281.0,36300.0,36313.0,36331.0,36344.0,36371.0,36387.0,36408.0,36434.0,36441.0,36452.0,36468.0,36474.0,36491.0,36496.0,36511.0,36519.0,36531.0,36548.0,36560.0,36578.0,36591.0,36607.0,36618.0,36620.0,36630.0,36640.0,36649.0,36661.0,36673.0,36678.0,36689.0,36701.0,36702.0,36712.0,36721.0,36727.0,36731.0,36739.0,36746.0,36755.0,36763.0,36774.0,36785.0,36791.0,36803.0,36812.0,36824.0,,,,,,,,,36913.0,36927.0,36933.0,36945.0,36953.0,36955.0,36970.0,36982.0,36988.0,36994.0,37003.0,37012.0,37022.0,37036.0,37048.0,37052.0,37063.0,37073.0,37084.0,37089.0,37095.0,37102.0,37110.0,37122.0,37132.0,37139.0,37157.0,37160.0,37173.0,37184.0,37187.0,37191.0,37194.0,37199.0,37206.0,37213.0,37220.0,37230.0,37238.0,37242.0,37245.0,37248.0,37254.0,37261.0,37276.0,37283.0,37288.0,37294.0,37297.0,37300.0,37305.0,37313.0,37324.0,37331.0,37337.0,37351.0,37366.0,37374.0,37385.0,37391.0,37405.0,37411.0,37418.0,37424.0,37434.0,37448.0,37451.0,37459.0,37462.0,37474.0,37478.0,37484.0,37487.0,37490.0,37497.0,37502.0,37508.0,37514.0,37520.0,37523.0,37537.0,37544.0,37558.0,37565.0,37577.0,37587.0,37594.0,37598.0,37608.0,37630.0,37644.0,37650.0,37656.0,37665.0,37673.0,37683.0,37691.0,37699.0,37710.0,37719.0,37723.0,37732.0,37738.0,37745.0,37751.0,37759.0,37763.0,37777.0,37783.0,37793.0,37799.0,37813.0,37821.0,37828.0,37836.0,37847.0,37855.0,37859.0,37866.0,37873.0,37881.0,,37887.0,37890.0,37894.0,37901.0,37908.0,37911.0,37916.0,37918.0,37924.0,37927.0,37934.0,37945.0,37950.0,37960.0,37969.0,37977.0,37980.0,37985.0,37991.0,37997.0,38002.0,38006.0,38009.0,38016.0,38025.0,38031.0,38044.0,38052.0,38061.0,38067.0,38071.0,38081.0,38093.0,38102.0,38112.0,38120.0,38128.0,38143.0,38153.0,38169.0,38180.0,38195.0,38200.0,38212.0,38221.0,38232.0,38244.0,38253.0,38259.0,38268.0,38277.0,38284.0,38297.0,38308.0,38313.0,38328.0,38340.0,38352.0,38361.0,38372.0,38379.0,38392.0,38401.0,38404.0,38411.0,38419.0,38430.0,38437.0,38446.0,38452.0,38457.0,38466.0,38474.0,38483.0,38492.0,38504.0,38511.0,38521.0,38537.0,38543.0,38551.0,38559.0,38572.0,38582.0,38593.0,38598.0,38606.0,38613.0,38622.0,38631.0,38642.0,38648.0,38659.0,38666.0,38672.0,38678.0,38691.0,38707.0,38728.0,38764.0,38808.0,38833.0,38850.0,38869.0,38899.0,38917.0,38961.0,39017.0,39059.0,39124.0,39204.0,39258.0,39302.0,39336
ynOtYmpZxak,78785481.0,78818242.0,78857602.0,78897047.0,78935656.0,78973276.0,79011303.0,79051829.0,79092336.0,79135631.0,79178914.0,79220168.0,79261299.0,79301853.0,79342888.0,79382425.0,79422937.0,79461559.0,79498189.0,79535593.0,79574278.0,79615428.0,79657352.0,79696128.0,79735600.0,79773849.0,79816516.0,79863567.0,79906525.0,79950441.0,79991188.0,80026665.0,80061416.0,80098038.0,80133800.0,80169072.0,80206275.0,80242456.0,80276912.0,80306767.0,80336768.0,80368302.0,80399856.0,80432502.0,80463681.0,80494156.0,80524199.0,80555427.0,80584964.0,80614466.0,80643680.0,80678585.0,80712343.0,80744001.0,80772656.0,80801934.0,80833565.0,80865639.0,80901264.0,80935101.0,80964171.0,80994505.0,81024026.0,81052779.0,81081543.0,81110694.0,81140743.0,81170093.0,81197599.0,81236608.0,81268092.0,81298555.0,81330999.0,81362112.0,81392371.0,81423583.0,81455981.0,81487588.0,81521446.0,81554207.0,81586362.0,81617037.0,81647312.0,81678864.0,81710724.0,81741989.0,81773191.0,81802402.0,81829220.0,81855403.0,81882254.0,81908817.0,81936171.0,81966911.0,81997970.0,82024128.0,82049054.0,82075300.0,82103186.0,82131577.0,82164193.0,82196411.0,82224170.0,82251433.0,82278925.0,82305824.0,82332747.0,82363753.0,82395635.0,82423288.0,82451092.0,82480212.0,82507604.0,82535287.0,82563461.0,82592149.0,82617836.0,82643352.0,82669205.0,82694104.0,82719815.0,82747398.0,82776274.0,82800535.0,82825667.0,82852011.0,82880279.0,82914439.0,82952799.0,82988124.0,83017473.0,83048284.0,83078690.0,83108149.0,,,,,,,,,83373161.0,83404382.0,83431437.0,83457727.0,83485360.0,83512262.0,83538562.0,83569416.0,83604742.0,83635576.0,83667311.0,83697595.0,83730071.0,83762406.0,83797978.0,83831172.0,83862802.0,83894183.0,83927595.0,83959107.0,83989529.0,84024631.0,84059315.0,84091199.0,84124209.0,84164961.0,84203784.0,84240386.0,84276793.0,84313649.0,84345332.0,84377674.0,84410138.0,84441711.0,84473741.0,84507921.0,84545360.0,84577225.0,84610488.0,84643975.0,84677619.0,84711654.0,84749755.0,84785061.0,84817351.0,84849421.0,84881196.0,84914257.0,84946931.0,84982136.0,85016036.0,85047046.0,85077944.0,85109957.0,85141478.0,85182153.0,85222352.0,85257135.0,85291238.0,85326927.0,85362217.0,85394889.0,85425406.0,85456589.0,85485827.0,85517870.0,85551776.0,85583509.0,85612707.0,85642588.0,85674081.0,85705288.0,85735735.0,85766896.0,85799902.0,85831601.0,85867063.0,85903681.0,85938882.0,85969560.0,86000549.0,86029638.0,86063484.0,86097196.0,86132046.0,86166083.0,86195393.0,86226523.0,86257365.0,86288223.0,86320091.0,86355599.0,86390357.0,86420878.0,86452588.0,86484200.0,86515502.0,86546418.0,86580052.0,86611563.0,86640762.0,86670102.0,86700031.0,86728900.0,86759373.0,86790906.0,86822776.0,86851741.0,86879991.0,86910977.0,86941499.0,86972738.0,87006666.0,87038440.0,87068448.0,87096976.0,87124375.0,87151562.0,87180176.0,87209169.0,87237366.0,,87292684.0,87321002.0,87349405.0,87380429.0,87412777.0,87443764.0,87470977.0,87498059.0,87524729.0,87551655.0,87578011.0,87606491.0,87634629.0,87661175.0,87686206.0,87713526.0,87741317.0,87768996.0,87799025.0,87828532.0,87856074.0,87884621.0,87913590.0,87942210.0,87969961.0,87997285.0,88024735.0,88050877.0,88079294.0,88108047.0,88137084.0,88165472.0,88196804.0,88225811.0,88255613.0,88286482.0,88318531.0,88349644.0,88381530.0,88412530.0,88443104.0,88470919.0,88498288.0,88525164.0,88551548.0,88577359.0,88605402.0,88633889.0,88659352.0,88683347.0,88707805.0,88732948.0,88758388.0,88785820.0,88812595.0,88836439.0,88860828.0,88885004.0,88910976.0,88936430.0,88963470.0,88991064.0,89015653.0,89040755.0,89066824.0,89093834.0,89123743.0,89152773.0,89180695.0,89207510.0,89237459.0,89265632.0,89294720.0,89325367.0,89359389.0,89392179.0,89422284.0,89449908.0,89478139.0,89507191.0,89535734.0,89566249.0,89595523.0,89623674.0,89651567.0,89680827.0,89710975.0,89741261.0,89773152.0,89805927.0,89836771.0,89865810.0,89894676.0,89923431.0,89950956.0,89982128.0,90011116.0,90040464.0,90068732.0,90098326.0,90131194.0,90164638.0,90199303.0,90233726.0,90270246.0,90304853.0,90339858.0,90373178.0,90403508.0,90435188.0,90465892.0,90494891.0,90523237.0,90552395
olDWm2veCrM,314240404.0,314339584.0,314455678.0,314574058.0,314685018.0,314798816.0,314908626.0,315016201.0,315126462.0,315234423.0,315339047.0,315437049.0,315540500.0,315644007.0,315746059.0,315842229.0,315942964.0,316037531.0,316125309.0,316216633.0,316309576.0,316407068.0,316503747.0,316601636.0,316697205.0,316797125.0,316894609.0,317005462.0,317112150.0,317223908.0,317326154.0,317415681.0,317505337.0,317604339.0,317698613.0,317787090.0,317880951.0,317975803.0,318070122.0,318160123.0,318249002.0,318338162.0,318426063.0,318517870.0,318608135.0,318695721.0,318775833.0,318858348.0,318940257.0,319016160.0,319090580.0,319172619.0,319257299.0,319339591.0,319423827.0,319506604.0,319588961.0,319669697.0,319754706.0,319838667.0,319916715.0,320008125.0,320099241.0,320189777.0,320286089.0,320380997.0,320464822.0,320554068.0,320632589.0,320744804.0,320837884.0,320924532.0,321002038.0,321083873.0,321169720.0,321257564.0,321346225.0,321441230.0,321541121.0,321637612.0,321730162.0,321817771.0,321903834.0,321991215.0,322076806.0,322163967.0,322255437.0,322338872.0,322417540.0,322493604.0,322570514.0,322647234.0,322728007.0,322810209.0,322890797.0,322957916.0,323028049.0,323099107.0,323173807.0,323250611.0,323336261.0,323420355.0,323493005.0,323565470.0,323641534.0,323718127.0,323794444.0,323877597.0,323961766.0,324034614.0,324106627.0,324183042.0,324259486.0,324338756.0,324429817.0,324520336.0,324598638.0,324674826.0,324753966.0,324834289.0,324917786.0,325006412.0,325091450.0,325167045.0,325242703.0,325318382.0,325397855.0,325489819.0,325604363.0,325708704.0,325795137.0,325895104.0,325999930.0,326098690.0,,,,,,,,,326856192.0,326944986.0,327020758.0,327093083.0,327163733.0,327232326.0,327299238.0,327365709.0,327438680.0,327501611.0,327563840.0,327624623.0,327690326.0,327754407.0,327823324.0,327889392.0,327946088.0,328004371.0,328067405.0,328136054.0,328206512.0,328291736.0,328371685.0,328441330.0,328516212.0,328614426.0,328708510.0,328800580.0,328900171.0,328995832.0,329081630.0,329163819.0,329245578.0,329325291.0,329412919.0,329507390.0,329603785.0,329684871.0,329768085.0,329852863.0,329941590.0,330028204.0,330125944.0,330221661.0,330309791.0,330396324.0,330482558.0,330567806.0,330651997.0,330742926.0,330830269.0,330909761.0,330990635.0,331078950.0,331163939.0,331265028.0,331371155.0,331464581.0,331550597.0,331641489.0,331733997.0,331822803.0,331906913.0,331993005.0,332074772.0,332159838.0,332250678.0,332341247.0,332425149.0,332506710.0,332597026.0,332682422.0,332763509.0,332846148.0,332932607.0,333015369.0,333103324.0,333197130.0,333284766.0,333361111.0,333437043.0,333509011.0,333586362.0,333673024.0,333757287.0,333839995.0,333913524.0,333990350.0,334067145.0,334144182.0,334220657.0,334305116.0,334388956.0,334462722.0,334536272.0,334611692.0,334689212.0,334767941.0,334856227.0,334937443.0,335010954.0,335083589.0,335157368.0,335232289.0,335309436.0,335390220.0,335467523.0,335533830.0,335602327.0,335675261.0,335749562.0,335824734.0,335905634.0,335981631.0,336051976.0,336120467.0,336187026.0,336253345.0,336322189.0,336396144.0,336468012.0,,336605349.0,336673316.0,336740086.0,336819688.0,336907029.0,336986296.0,337056763.0,337124410.0,337191792.0,337260153.0,337327869.0,337400713.0,337470430.0,337534885.0,337596656.0,337659561.0,337722316.0,337788851.0,337861747.0,337929909.0,337994199.0,338059982.0,338128448.0,338196736.0,338263967.0,338330858.0,338399392.0,338463407.0,338530346.0,338598984.0,338667866.0,338739805.0,338817669.0,338887489.0,338954692.0,339022008.0,339093067.0,339167096.0,339246242.0,339323793.0,339397038.0,339467311.0,339536493.0,339603761.0,339671910.0,339740774.0,339815565.0,339893420.0,339962577.0,340027950.0,340094258.0,340160433.0,340228320.0,340302065.0,340374872.0,340438289.0,340499687.0,340560968.0,340624650.0,340688649.0,340758833.0,340829619.0,340893118.0,340956190.0,341022057.0,341089355.0,341166709.0,341246546.0,341324261.0,341400920.0,341502328.0,341598850.0,341693505.0,341794649.0,341901986.0,342001687.0,342089423.0,342171571.0,342253594.0,342336088.0,342420600.0,342506877.0,342589827.0,342662855.0,342733729.0,342805720.0,342878729.0,342954854.0,343034976.0,343114829.0,343189072.0,343259065.0,343327258.0,343396647.0,343464126.0,343540589.0,343612182.0,343682388.0,343754578.0,343830473.0,343914591.0,344002693.0,344095685.0,344179762.0,344272072.0,344350012.0,344427030.0,344502666.0,344576440.0,344654360.0,344729163.0,344797524.0,344869868.0,344943471
MhP8o9zv_PU,15627.0,15641.0,15650.0,15666.0,15674.0,15678.0,15689.0,15704.0,15713.0,15724.0,15726.0,15731.0,15737.0,15744.0,15750.0,15759.0,15773.0,15783.0,15787.0,15789.0,15791.0,15799.0,15820.0,15834.0,15844.0,15851.0,15854.0,15859.0,15867.0,15875.0,15885.0,15894.0,15901.0,15908.0,15916.0,15928.0,15935.0,15945.0,15955.0,15968.0,15980.0,15989.0,15995.0,15999.0,16006.0,16025.0,16035.0,16051.0,16063.0,16080.0,16084.0,16092.0,16099.0,16100.0,16108.0,16117.0,16129.0,16135.0,16143.0,16156.0,16164.0,16165.0,16173.0,16175.0,16181.0,16194.0,16202.0,16210.0,16216.0,16228.0,16232.0,16247.0,16257.0,16267.0,16271.0,16279.0,16285.0,16290.0,16298.0,16303.0,16309.0,16315.0,16318.0,16327.0,16330.0,16332.0,16338.0,16341.0,16343.0,16343.0,16348.0,16350.0,16350.0,16351.0,16352.0,16353.0,16353.0,16354.0,16356.0,16365.0,16378.0,16386.0,16395.0,16398.0,16408.0,16413.0,16419.0,16425.0,16432.0,16437.0,16445.0,16454.0,16461.0,16465.0,16467.0,16467.0,16470.0,16476.0,16478.0,16483.0,16490.0,16491.0,16494.0,16498.0,16499.0,16504.0,16508.0,16514.0,16519.0,16523.0,16531.0,16535.0,16542.0,16544.0,,,,,,,,,16559.0,16566.0,16568.0,16568.0,16570.0,16573.0,16577.0,16579.0,16581.0,16582.0,16585.0,16589.0,16592.0,16593.0,16601.0,16605.0,16608.0,16608.0,16609.0,16609.0,16610.0,16611.0,16613.0,16614.0,16616.0,16617.0,16619.0,16621.0,16623.0,16625.0,16625.0,16629.0,16632.0,16635.0,16635.0,16637.0,16644.0,16649.0,16653.0,16660.0,16667.0,16673.0,16673.0,16679.0,16680.0,16683.0,16691.0,16698.0,16701.0,16705.0,16709.0,16716.0,16719.0,16721.0,16725.0,16730.0,16736.0,16742.0,16744.0,16747.0,16753.0,16757.0,16762.0,16769.0,16774.0,16775.0,16777.0,16783.0,16786.0,16788.0,16793.0,16798.0,16802.0,16803.0,16805.0,16809.0,16820.0,16823.0,16827.0,16830.0,16831.0,16835.0,16840.0,16840.0,16841.0,16845.0,16849.0,16851.0,16853.0,16855.0,16859.0,16860.0,16865.0,16869.0,16870.0,16871.0,16873.0,16873.0,16876.0,16876.0,16879.0,16880.0,16882.0,16883.0,16884.0,16884.0,16884.0,16885.0,16887.0,16890.0,16892.0,16892.0,16892.0,16894.0,16896.0,16900.0,16900.0,16901.0,16901.0,16902.0,16904.0,,16905.0,16909.0,16918.0,16919.0,16923.0,16923.0,16925.0,16925.0,16926.0,16929.0,16935.0,16939.0,16942.0,16942.0,16946.0,16946.0,16950.0,16952.0,16952.0,16952.0,16957.0,16959.0,16960.0,16961.0,16965.0,16968.0,16971.0,16974.0,16976.0,16982.0,16984.0,16987.0,16990.0,16990.0,16991.0,16992.0,16994.0,16994.0,16998.0,17002.0,17004.0,17008.0,17011.0,17018.0,17029.0,17046.0,17061.0,17068.0,17072.0,17074.0,17082.0,17084.0,17086.0,17092.0,17095.0,17095.0,17097.0,17101.0,17103.0,17105.0,17107.0,17109.0,17112.0,17112.0,17117.0,17119.0,17121.0,17125.0,17130.0,17134.0,17141.0,17145.0,17146.0,17150.0,17152.0,17153.0,17159.0,17161.0,17162.0,17164.0,17166.0,17172.0,17173.0,17175.0,17176.0,17176.0,17177.0,17179.0,17184.0,17185.0,17187.0,17188.0,17190.0,17190.0,17192.0,17198.0,17199.0,17204.0,17206.0,17208.0,17210.0,17210.0,17212.0,17215.0,17223.0,17224.0,17229.0,17230.0,17232.0,17233.0,17235.0,17240.0,17241.0,17243
0gHp_FHh1bc,129126.0,129185.0,129273.0,129326.0,129389.0,129457.0,129536.0,129619.0,129687.0,129741.0,129798.0,129855.0,129948.0,130025.0,130120.0,130219.0,130294.0,130380.0,130461.0,130587.0,130676.0,130771.0,130866.0,130917.0,130985.0,131060.0,131169.0,131251.0,131353.0,131460.0,131551.0,131654.0,131726.0,131821.0,131907.0,131979.0,132064.0,132141.0,132205.0,132305.0,132379.0,132471.0,132554.0,132652.0,132713.0,132777.0,132830.0,132943.0,133040.0,133114.0,133189.0,133282.0,133360.0,133450.0,133574.0,133653.0,133760.0,133878.0,133992.0,134064.0,134173.0,134251.0,134368.0,134465.0,134575.0,134680.0,134756.0,134854.0,134927.0,135022.0,135094.0,135170.0,135258.0,135336.0,135416.0,135491.0,135610.0,135696.0,135776.0,135858.0,135922.0,135983.0,136079.0,136162.0,136249.0,136332.0,136412.0,136464.0,136535.0,136603.0,136697.0,136781.0,136862.0,136928.0,136990.0,137060.0,137138.0,137217.0,137307.0,137392.0,137467.0,137516.0,137586.0,137651.0,137729.0,137786.0,137845.0,137915.0,137958.0,138038.0,138087.0,138137.0,138211.0,138267.0,138330.0,138376.0,138424.0,138484.0,138555.0,138642.0,138705.0,138759.0,138808.0,138869.0,138917.0,138963.0,139021.0,139071.0,139119.0,139175.0,139229.0,139286.0,139329.0,139392.0,,,,,,,,,139889.0,139929.0,139972.0,140010.0,140065.0,140110.0,140156.0,140193.0,140246.0,140294.0,140341.0,140380.0,140380.0,140380.0,140380.0,140380.0,140380.0,140380.0,140380.0,140380.0,140380.0,140380.0,140380.0,140380.0,140380.0,140380.0,140380.0,140380.0,140380.0,140380.0,140380.0,140380.0,140380.0,140380.0,140380.0,140380.0,140380.0,140380.0,140380.0,140380.0,140380.0,140380.0,140380.0,140380.0,140380.0,140381.0,140381.0,140381.0,140381.0,140381.0,140381.0,140381.0,140381.0,140381.0,140381.0,140381.0,140381.0,140381.0,140381.0,140381.0,140381.0,140381.0,140381.0,140381.0,140381.0,140381.0,140381.0,140381.0,140381.0,140381.0,140381.0,140381.0,140381.0,140381.0,140381.0,140381.0,140381.0,140381.0,140381.0,140381.0,140381.0,140381.0,140381.0,140381.0,140381.0,140381.0,140381.0,140381.0,140381.0,140381.0,140381.0,140381.0,140381.0,140381.0,140381.0,140381.0,140381.0,140381.0,140381.0,140381.0,140381.0,140381.0,140381.0,140381.0,140381.0,140381.0,140381.0,140381.0,140381.0,140381.0,140381.0,140381.0,140381.0,140381.0,140381.0,140381.0,140381.0,140381.0,140381.0,140381.0,140381.0,,140381.0,140381.0,140381.0,140381.0,140381.0,140381.0,140381.0,140381.0,140381.0,140381.0,140381.0,140381.0,140381.0,140381.0,140381.0,140381.0,140381.0,140381.0,140381.0,140381.0,140381.0,140381.0,140381.0,140381.0,140381.0,140381.0,140381.0,140381.0,140381.0,140381.0,140381.0,140381.0,140381.0,140381.0,140381.0,140381.0,140381.0,140381.0,140381.0,140381.0,140381.0,140381.0,140381.0,140381.0,140381.0,140381.0,140381.0,140381.0,140381.0,140381.0,140381.0,140381.0,140381.0,140381.0,140381.0,140381.0,140381.0,140381.0,140381.0,140381.0,140381.0,140381.0,140381.0,140381.0,140381.0,140381.0,140381.0,140381.0,140381.0,140381.0,140381.0,140381.0,140381.0,140381.0,140381.0,140381.0,140381.0,140381.0,140381.0,140381.0,140381.0,140381.0,140381.0,140381.0,140381.0,140381.0,140381.0,140381.0,140381.0,140381.0,140381.0,140381.0,140381.0,140381.0,140381.0,140381.0,140381.0,140381.0,140381.0,140381.0,140381.0,140381.0,140381.0,140381.0,140381.0,140381.0,140381.0,140381.0,140381.0,140381.0,140381.0,140381.0,140381.0,140381
GXSqi3bIEOA,42916.0,42918.0,42921.0,42923.0,42925.0,42927.0,42930.0,42933.0,42935.0,42938.0,42938.0,42943.0,42949.0,42950.0,42953.0,42956.0,42959.0,42960.0,42961.0,42964.0,42966.0,42973.0,42973.0,42978.0,42981.0,42984.0,42987.0,42993.0,42997.0,43000.0,43004.0,43007.0,43009.0,43013.0,43020.0,43028.0,43031.0,43038.0,43041.0,43044.0,43046.0,43051.0,43055.0,43063.0,43070.0,43074.0,43077.0,43082.0,43082.0,43083.0,43084.0,43087.0,43092.0,43093.0,43096.0,43101.0,43111.0,43112.0,43112.0,43116.0,43120.0,43122.0,43127.0,43134.0,43134.0,43138.0,43142.0,43145.0,43149.0,43152.0,43153.0,43157.0,43157.0,43158.0,43160.0,43164.0,43166.0,43168.0,43170.0,43171.0,43179.0,43180.0,43186.0,43186.0,43189.0,43192.0,43198.0,43202.0,43207.0,43210.0,43214.0,43216.0,43217.0,43223.0,43228.0,43233.0,43239.0,43241.0,43244.0,43248.0,43253.0,43257.0,43260.0,43260.0,43273.0,43275.0,43281.0,43282.0,43286.0,43290.0,43293.0,43297.0,43301.0,43304.0,43305.0,43306.0,43308.0,43311.0,43313.0,43313.0,43316.0,43318.0,43321.0,43323.0,43329.0,43333.0,43335.0,43335.0,43337.0,43337.0,43339.0,43340.0,43340.0,43341.0,,,,,,,,,43354.0,43355.0,43356.0,43356.0,43359.0,43361.0,43362.0,43363.0,43365.0,43367.0,43368.0,43371.0,43372.0,43372.0,43372.0,43372.0,43372.0,43372.0,43373.0,43376.0,43378.0,43383.0,43385.0,43386.0,43386.0,43389.0,43390.0,43393.0,43397.0,43400.0,43401.0,43407.0,43408.0,43409.0,43415.0,43416.0,43417.0,43420.0,43421.0,43422.0,43423.0,43425.0,43426.0,43428.0,43434.0,43436.0,43440.0,43442.0,43446.0,43447.0,43447.0,43447.0,43447.0,43447.0,43454.0,43454.0,43454.0,43456.0,43456.0,43458.0,43460.0,43464.0,43465.0,43467.0,43467.0,43470.0,43471.0,43472.0,43473.0,43473.0,43477.0,43477.0,43483.0,43484.0,43486.0,43488.0,43491.0,43497.0,43504.0,43505.0,43506.0,43512.0,43516.0,43520.0,43522.0,43525.0,43529.0,43530.0,43531.0,43535.0,43536.0,43539.0,43542.0,43546.0,43550.0,43551.0,43554.0,43557.0,43560.0,43562.0,43564.0,43567.0,43571.0,43571.0,43574.0,43577.0,43577.0,43582.0,43584.0,43586.0,43590.0,43591.0,43594.0,43595.0,43597.0,43597.0,43599.0,43601.0,43604.0,43609.0,43611.0,,43615.0,43615.0,43620.0,43625.0,43625.0,43628.0,43630.0,43635.0,43638.0,43643.0,43646.0,43648.0,43649.0,43651.0,43654.0,43656.0,43657.0,43660.0,43663.0,43665.0,43666.0,43666.0,43669.0,43669.0,43670.0,43673.0,43674.0,43680.0,43684.0,43686.0,43686.0,43687.0,43690.0,43695.0,43695.0,43695.0,43696.0,43698.0,43701.0,43704.0,43709.0,43711.0,43711.0,43715.0,43717.0,43725.0,43727.0,43728.0,43729.0,43730.0,43732.0,43733.0,43736.0,43740.0,43741.0,43742.0,43743.0,43744.0,43745.0,43748.0,43750.0,43753.0,43754.0,43757.0,43759.0,43760.0,43760.0,43761.0,43761.0,43765.0,43765.0,43767.0,43769.0,43769.0,43773.0,43777.0,43779.0,43779.0,43780.0,43783.0,43783.0,43788.0,43790.0,43792.0,43793.0,43795.0,43800.0,43802.0,43803.0,43804.0,43805.0,43808.0,43811.0,43812.0,43812.0,43814.0,43814.0,43816.0,43820.0,43822.0,43828.0,43830.0,43833.0,43840.0,43842.0,43845.0,43850.0,43850.0,43854.0,43854.0,43854.0,43855.0,43857.0,43858
zYNvj7_44Gs,1776178.0,1776570.0,1777046.0,1777555.0,1778005.0,1778474.0,1778904.0,1779331.0,1779903.0,1780367.0,1780892.0,1781405.0,1781917.0,1782355.0,1782874.0,1783419.0,1784139.0,1784747.0,1785383.0,1786126.0,1786951.0,1787646.0,1788534.0,1789307.0,1790128.0,1791022.0,1791817.0,1792606.0,1793410.0,1794265.0,1795062.0,1795868.0,1796767.0,1797541.0,1798221.0,1799004.0,1799964.0,1800717.0,1801443.0,1802158.0,1802840.0,1803542.0,1804231.0,1804961.0,1805759.0,1806486.0,1807159.0,1807814.0,1808497.0,1809137.0,1809820.0,1810628.0,1811411.0,1812055.0,1812814.0,1813524.0,1814311.0,1815020.0,1815736.0,1816431.0,1817071.0,1817832.0,1818620.0,1819264.0,1819914.0,1820664.0,1821245.0,1821850.0,1822255.0,1822891.0,1823473.0,1823993.0,1824518.0,1825066.0,1825549.0,1826035.0,1826476.0,1827037.0,1827590.0,1828066.0,1828645.0,1829105.0,1829684.0,1830198.0,1830740.0,1831237.0,1831761.0,1832212.0,1832712.0,1833125.0,1833591.0,1834011.0,1834531.0,1834955.0,1835398.0,1835805.0,1836252.0,1836746.0,1837226.0,1837651.0,1838023.0,1838402.0,1838855.0,1839246.0,1839586.0,1840071.0,1840534.0,1841015.0,1841462.0,1841857.0,1842318.0,1842755.0,1843198.0,1843667.0,1844079.0,1844578.0,1845024.0,1845393.0,1845786.0,1846284.0,1846690.0,1847108.0,1847518.0,1847897.0,1848305.0,1848767.0,1849148.0,1849576.0,1850003.0,1850392.0,1850747.0,1851116.0,1851457.0,1851898.0,,,,,,,,,1855275.0,1855675.0,1855979.0,1856277.0,1856650.0,1856998.0,1857264.0,1857556.0,1857922.0,1858296.0,1858798.0,1859247.0,1859664.0,1860169.0,1860546.0,1860882.0,1861197.0,1861671.0,1862107.0,1862495.0,1862862.0,1863288.0,1863688.0,1864034.0,1864336.0,1864660.0,1865049.0,1865380.0,1865699.0,1865979.0,1866309.0,1866621.0,1866970.0,1867310.0,1867696.0,1868028.0,1868406.0,1868771.0,1869150.0,1869496.0,1869873.0,1870216.0,1870616.0,1870910.0,1871242.0,1871540.0,1871882.0,1872156.0,1872539.0,1872794.0,1873043.0,1873282.0,1873646.0,1873910.0,1874178.0,1874468.0,1874744.0,1875034.0,1875287.0,1875559.0,1875799.0,1876065.0,1876364.0,1876602.0,1876880.0,1877098.0,1877362.0,1877728.0,1878455.0,1878867.0,1879384.0,1879734.0,1880259.0,1880692.0,1881060.0,1881424.0,1881785.0,1882118.0,1882603.0,1883123.0,1883462.0,1883736.0,1884124.0,1884487.0,1884840.0,1885178.0,1885600.0,1885961.0,1886290.0,1886712.0,1887103.0,1887445.0,1887827.0,1888156.0,1888564.0,1888890.0,1889270.0,1889596.0,1889936.0,1890223.0,1890563.0,1890902.0,1891233.0,1891608.0,1891975.0,1892310.0,1892640.0,1892943.0,1893274.0,1893571.0,1893953.0,1894425.0,1894852.0,1895204.0,1895566.0,1895889.0,1896344.0,1896773.0,1897171.0,1897624.0,1898027.0,,1898905.0,1899251.0,1899632.0,1900107.0,1900501.0,1900848.0,1901239.0,1901643.0,1902024.0,1902436.0,1902764.0,1903133.0,1903498.0,1903842.0,1904202.0,1904543.0,1904906.0,1905297.0,1905628.0,1905950.0,1906199.0,1906535.0,1906833.0,1907164.0,1907522.0,1907827.0,1908200.0,1908512.0,1908807.0,1909258.0,1909593.0,1909968.0,1910278.0,1910597.0,1910919.0,1911234.0,1911600.0,1911903.0,1912351.0,1912818.0,1913204.0,1913802.0,1914405.0,1914970.0,1915566.0,1916147.0,1916684.0,1917157.0,1917696.0,1918239.0,1918807.0,1919306.0,1919887.0,1920335.0,1920885.0,1921282.0,1921689.0,1922163.0,1922633.0,1923066.0,1923477.0,1923923.0,1924322.0,1924778.0,1925264.0,1925690.0,1926120.0,1926519.0,1927304.0,1927810.0,1928333.0,1928768.0,1929212.0,1929684.0,1930109.0,1930480.0,1930846.0,1931222.0,1931589.0,1932040.0,1932541.0,1932967.0,1933341.0,1933760.0,1934198.0,1934587.0,1934978.0,1935405.0,1935763.0,1936140.0,1936511.0,1936890.0,1937280.0,1937627.0,1938004.0,1938363.0,1938690.0,1939045.0,1939430.0,1939783.0,1940107.0,1940444.0,1940789.0,1941142.0,1941523.0,1941908.0,1942280.0,1942696.0,1943071.0,1943449.0,1943794.0,1944144.0,1944570.0,1944933
RxPr5Bl7Wa0,259576.0,259578.0,259584.0,259585.0,259593.0,259598.0,259600.0,259607.0,259610.0,259613.0,259617.0,259622.0,259628.0,259633.0,259638.0,259644.0,259650.0,259655.0,259657.0,259662.0,259667.0,259671.0,259673.0,259678.0,259685.0,259695.0,259700.0,259706.0,259712.0,259716.0,259718.0,259724.0,259726.0,259728.0,259734.0,259738.0,259744.0,259747.0,259748.0,259755.0,259757.0,259762.0,259768.0,259770.0,259775.0,259777.0,259785.0,259795.0,259798.0,259803.0,259804.0,259807.0,259811.0,259819.0,259822.0,259828.0,259830.0,259836.0,259837.0,259839.0,259844.0,259848.0,259849.0,259854.0,259860.0,259866.0,259871.0,259881.0,259885.0,259889.0,259898.0,259904.0,259907.0,259914.0,259918.0,259919.0,259920.0,259924.0,259928.0,259930.0,259937.0,259937.0,259941.0,259943.0,259946.0,259948.0,259953.0,259956.0,259961.0,259965.0,259965.0,259973.0,259979.0,259983.0,259986.0,259994.0,259996.0,259996.0,259999.0,260000.0,260000.0,260004.0,260006.0,260008.0,260010.0,260013.0,260017.0,260018.0,260024.0,260026.0,260031.0,260033.0,260034.0,260036.0,260038.0,260045.0,260047.0,260053.0,260054.0,260055.0,260056.0,260059.0,260059.0,260061.0,260064.0,260064.0,260065.0,260072.0,260074.0,260077.0,260085.0,260089.0,260094.0,260101.0,,,,,,,,,260127.0,260130.0,260132.0,260137.0,260141.0,260144.0,260147.0,260151.0,260156.0,260159.0,260162.0,260164.0,260170.0,260173.0,260177.0,260180.0,260180.0,260182.0,260186.0,260190.0,260191.0,260194.0,260197.0,260200.0,260203.0,260207.0,260213.0,260217.0,260220.0,260220.0,260223.0,260227.0,260228.0,260229.0,260231.0,260235.0,260237.0,260246.0,260254.0,260256.0,260259.0,260263.0,260269.0,260271.0,260276.0,260280.0,260285.0,260291.0,260296.0,260302.0,260305.0,260308.0,260312.0,260315.0,260320.0,260326.0,260329.0,260334.0,260337.0,260341.0,260347.0,260352.0,260359.0,260361.0,260365.0,260365.0,260368.0,260371.0,260372.0,260376.0,260381.0,260383.0,260386.0,260388.0,260396.0,260404.0,260410.0,260414.0,260416.0,260418.0,260425.0,260427.0,260433.0,260436.0,260441.0,260452.0,260454.0,260463.0,260465.0,260467.0,260473.0,260475.0,260485.0,260488.0,260490.0,260490.0,260494.0,260495.0,260500.0,260503.0,260507.0,260512.0,260519.0,260521.0,260528.0,260532.0,260539.0,260543.0,260550.0,260554.0,260558.0,260559.0,260562.0,260562.0,260565.0,260572.0,260578.0,260583.0,260589.0,260593.0,260600.0,,260601.0,260606.0,260613.0,260613.0,260617.0,260623.0,260626.0,260628.0,260630.0,260641.0,260644.0,260653.0,260657.0,260660.0,260663.0,260667.0,260673.0,260676.0,260683.0,260685.0,260689.0,260695.0,260696.0,260701.0,260707.0,260714.0,260721.0,260724.0,260731.0,260734.0,260740.0,260747.0,260748.0,260754.0,260758.0,260764.0,260768.0,260772.0,260774.0,260779.0,260784.0,260790.0,260795.0,260798.0,260802.0,260804.0,260806.0,260808.0,260812.0,260815.0,260816.0,260818.0,260822.0,260823.0,260826.0,260830.0,260835.0,260837.0,260839.0,260841.0,260844.0,260847.0,260851.0,260854.0,260857.0,260861.0,260867.0,260873.0,260876.0,260881.0,260884.0,260887.0,260890.0,260894.0,260898.0,260901.0,260906.0,260909.0,260915.0,260920.0,260923.0,260924.0,260932.0,260934.0,260944.0,260946.0,260951.0,260949.0,260950.0,260954.0,260956.0,260960.0,260960.0,260963.0,260968.0,260977.0,260984.0,260989.0,260995.0,261001.0,261007.0,261008.0,261011.0,261016.0,261025.0,261030.0,261035.0,261041.0,261049.0,261057.0,261071.0,261075.0,261081.0,261089
3sb5ivEf844,213005.0,213017.0,213025.0,213036.0,213042.0,213049.0,213057.0,213069.0,213079.0,213086.0,213093.0,213102.0,213109.0,213115.0,213124.0,213137.0,213146.0,213157.0,213172.0,213186.0,213191.0,213199.0,213210.0,213220.0,213234.0,213239.0,213248.0,213263.0,213269.0,213275.0,213282.0,213291.0,213304.0,213309.0,213317.0,213336.0,213357.0,213370.0,213372.0,213383.0,213390.0,213401.0,213413.0,213426.0,213430.0,213439.0,213449.0,213457.0,213471.0,213485.0,213505.0,213513.0,213523.0,213540.0,213556.0,213576.0,213589.0,213595.0,213603.0,213614.0,213627.0,213642.0,213659.0,213673.0,213689.0,213706.0,213723.0,213745.0,213760.0,213775.0,213791.0,213814.0,213826.0,213835.0,213843.0,213859.0,213876.0,213894.0,213911.0,213930.0,213946.0,213962.0,213984.0,214007.0,214025.0,214047.0,214066.0,214076.0,214091.0,214113.0,214125.0,214140.0,214155.0,214171.0,214188.0,214206.0,214223.0,214240.0,214263.0,214275.0,214288.0,214305.0,214320.0,214335.0,214347.0,214368.0,214380.0,214393.0,214415.0,214430.0,214448.0,214459.0,214483.0,214507.0,214525.0,214532.0,214551.0,214560.0,214583.0,214599.0,214615.0,214628.0,214637.0,214647.0,214668.0,214673.0,214688.0,214707.0,214719.0,214725.0,214732.0,214739.0,214750.0,214765.0,,,,,,,,,214872.0,214884.0,214887.0,214895.0,214907.0,214921.0,214933.0,214939.0,214949.0,214963.0,214976.0,214983.0,214999.0,215008.0,215028.0,215041.0,215061.0,215084.0,215100.0,215131.0,215142.0,215158.0,215167.0,215176.0,215182.0,215187.0,215196.0,215211.0,215224.0,215234.0,215249.0,215254.0,215269.0,215277.0,215284.0,215289.0,215300.0,215303.0,215315.0,215323.0,215332.0,215347.0,215363.0,215374.0,215383.0,215391.0,215401.0,215412.0,215424.0,215432.0,215449.0,215456.0,215465.0,215485.0,215492.0,215502.0,215513.0,215519.0,215532.0,215543.0,215550.0,215557.0,215564.0,215574.0,215585.0,215597.0,215608.0,215623.0,215635.0,215651.0,215663.0,215677.0,215690.0,215701.0,215715.0,215729.0,215737.0,215750.0,215763.0,215775.0,215788.0,215800.0,215806.0,215815.0,215832.0,215847.0,215863.0,215874.0,215881.0,215893.0,215903.0,215912.0,215938.0,215947.0,215957.0,215976.0,215994.0,216026.0,216069.0,216135.0,216165.0,216181.0,216190.0,216213.0,216231.0,216250.0,216260.0,216277.0,216291.0,216298.0,216314.0,216323.0,216334.0,216345.0,216355.0,216372.0,216392.0,216405.0,216420.0,216433.0,216446.0,,216470.0,216478.0,216489.0,216496.0,216510.0,216527.0,216540.0,216553.0,216572.0,216580.0,216592.0,216600.0,216609.0,216623.0,216635.0,216647.0,216671.0,216689.0,216710.0,216724.0,216735.0,216742.0,216746.0,216764.0,216774.0,216782.0,216794.0,216818.0,216834.0,216845.0,216860.0,216870.0,216880.0,216886.0,216895.0,216916.0,216932.0,216945.0,216956.0,216982.0,216998.0,217011.0,217023.0,217043.0,217067.0,217087.0,217103.0,217121.0,217135.0,217155.0,217172.0,217190.0,217202.0,217222.0,217238.0,217253.0,217271.0,217281.0,217296.0,217316.0,217323.0,217335.0,217348.0,217359.0,217375.0,217396.0,217419.0,217439.0,217459.0,217467.0,217496.0,217522.0,217543.0,217569.0,217581.0,217605.0,217627.0,217641.0,217654.0,217680.0,217699.0,217727.0,217743.0,217751.0,217764.0,217774.0,217790.0,217800.0,217808.0,217821.0,217830.0,217839.0,217849.0,217864.0,217874.0,217881.0,217892.0,217907.0,217923.0,217937.0,217955.0,217971.0,217990.0,218001.0,218024.0,218054.0,218079.0,218111.0,218140.0,218173.0,218186.0,218211.0,218240.0,218260
lTkduj1vW7g,2379301.0,2379541.0,2379823.0,2380098.0,2380397.0,2380625.0,2380917.0,2381175.0,2381448.0,2381713.0,2381971.0,2382244.0,2382461.0,2382730.0,2382991.0,2383261.0,2383581.0,2383886.0,2384112.0,2384418.0,2384725.0,2385011.0,2385319.0,2385623.0,2385924.0,2386238.0,2386487.0,2386737.0,2387041.0,2387339.0,2387610.0,2387841.0,2388092.0,2388360.0,2388638.0,2388869.0,2389167.0,2389511.0,2389792.0,2390092.0,2390299.0,2390611.0,2390905.0,2391215.0,2391584.0,2391890.0,2392249.0,2392622.0,2393054.0,2393429.0,2393722.0,2394117.0,2394634.0,2395029.0,2395430.0,2395776.0,2396103.0,2396629.0,2397020.0,2397422.0,2397838.0,2398272.0,2398697.0,2399096.0,2399471.0,2399851.0,2400202.0,2400560.0,2400855.0,2401309.0,2401661.0,2402073.0,2402399.0,2402783.0,2403092.0,2403462.0,2403822.0,2404283.0,2404666.0,2405037.0,2405399.0,2405803.0,2406197.0,2406568.0,2407004.0,2407350.0,2407677.0,2408041.0,2408386.0,2408717.0,2409034.0,2409376.0,2409722.0,2410095.0,2410515.0,2410879.0,2411237.0,2411622.0,2412038.0,2412401.0,2412788.0,2413211.0,2413574.0,2413940.0,2414303.0,2414698.0,2415112.0,2415517.0,2415832.0,2416134.0,2416450.0,2416863.0,2417191.0,2417643.0,2417978.0,2418241.0,2418578.0,2418915.0,2419240.0,2419578.0,2419920.0,2420220.0,2420624.0,2420892.0,2421206.0,2421522.0,2421798.0,2422092.0,2422356.0,2422625.0,2422904.0,2423151.0,2423449.0,2423789.0,,,,,,,,,2427269.0,2427905.0,2428509.0,2429134.0,2429836.0,2430720.0,2431415.0,2432149.0,2432888.0,2433302.0,2433686.0,2434157.0,2434592.0,2435087.0,2435450.0,2435895.0,2436193.0,2436468.0,2436793.0,2437099.0,2437343.0,2437648.0,2437887.0,2438216.0,2438508.0,2438855.0,2439331.0,2439781.0,2440176.0,2440600.0,2440900.0,2441226.0,2441533.0,2441833.0,2442116.0,2442415.0,2442653.0,2442959.0,2443315.0,2443653.0,2443956.0,2444320.0,2444725.0,2445019.0,2445362.0,2445724.0,2446035.0,2446391.0,2446758.0,2447068.0,2447376.0,2447668.0,2448005.0,2448333.0,2448633.0,2448937.0,2449272.0,2449619.0,2449975.0,2450306.0,2450648.0,2450915.0,2451263.0,2451585.0,2451914.0,2452212.0,2452560.0,2452884.0,2453288.0,2453643.0,2453954.0,2454311.0,2454650.0,2455044.0,2455386.0,2455770.0,2456132.0,2456496.0,2456808.0,2457148.0,2457459.0,2457797.0,2458071.0,2458396.0,2458749.0,2459035.0,2459299.0,2459617.0,2459906.0,2460231.0,2460603.0,2460899.0,2461190.0,2461477.0,2461799.0,2462137.0,2462432.0,2462706.0,2463034.0,2463314.0,2463593.0,2463948.0,2464298.0,2464646.0,2465010.0,2465385.0,2465762.0,2466101.0,2466437.0,2466793.0,2467107.0,2467443.0,2467771.0,2468061.0,2468350.0,2468673.0,2468971.0,2469230.0,2469581.0,2469936.0,2470224.0,,2470875.0,2471229.0,2471625.0,2471944.0,2472306.0,2472635.0,2472958.0,2473227.0,2473562.0,2473877.0,2474184.0,2474470.0,2474688.0,2474974.0,2475274.0,2475635.0,2475966.0,2476287.0,2476597.0,2476869.0,2477139.0,2477462.0,2477722.0,2477938.0,2478232.0,2478478.0,2478698.0,2478914.0,2479169.0,2479456.0,2479730.0,2479993.0,2480265.0,2480503.0,2480739.0,2481024.0,2481251.0,2481541.0,2481824.0,2482075.0,2482288.0,2482548.0,2482754.0,2482999.0,2483202.0,2483465.0,2483764.0,2483968.0,2484204.0,2484489.0,2484774.0,2485029.0,2485253.0,2485503.0,2485751.0,2485951.0,2486218.0,2486444.0,2486652.0,2486901.0,2487124.0,2487303.0,2487531.0,2487794.0,2488067.0,2488306.0,2488605.0,2488880.0,2489148.0,2489464.0,2489730.0,2489996.0,2490248.0,2490510.0,2490789.0,2491113.0,2491385.0,2491672.0,2491946.0,2492229.0,2492586.0,2492914.0,2493219.0,2493442.0,2493668.0,2493950.0,2494246.0,2494496.0,2494731.0,2494951.0,2495255.0,2495610.0,2496038.0,2496428.0,2496852.0,2497217.0,2497582.0,2497943.0,2498269.0,2498654.0,2498960.0,2499238.0,2499544.0,2499820.0,2500067.0,2500322.0,2500585.0,2500892.0,2501160.0,2501483.0,2501756.0,2501996.0,2502262.0,2502557
05ArJF7Petw,42053.0,42061.0,42074.0,42084.0,42090.0,42099.0,42111.0,42121.0,42132.0,42145.0,42154.0,42157.0,42170.0,42172.0,42183.0,42192.0,42197.0,42208.0,42215.0,42228.0,42230.0,42240.0,42249.0,42263.0,42274.0,42279.0,42290.0,42299.0,42307.0,42322.0,42328.0,42339.0,42348.0,42352.0,42374.0,42381.0,42386.0,42400.0,42408.0,42416.0,42424.0,42433.0,42438.0,42448.0,42455.0,42465.0,42477.0,42483.0,42488.0,42493.0,42508.0,42515.0,42520.0,42534.0,42542.0,42548.0,42554.0,42559.0,42566.0,42573.0,42585.0,42618.0,42654.0,42669.0,42674.0,42684.0,42691.0,42699.0,42710.0,42719.0,42728.0,42741.0,42754.0,42756.0,42761.0,42770.0,42779.0,42793.0,42806.0,42816.0,42830.0,42839.0,42842.0,42851.0,42860.0,42867.0,42870.0,42879.0,42885.0,42896.0,42903.0,42907.0,42917.0,42927.0,42935.0,42943.0,42948.0,42961.0,42977.0,42989.0,42998.0,43006.0,43025.0,43039.0,43047.0,43060.0,43067.0,43076.0,43087.0,43093.0,43105.0,43113.0,43120.0,43144.0,43155.0,43165.0,43172.0,43181.0,43190.0,43203.0,43210.0,43217.0,43230.0,43237.0,43241.0,43246.0,43249.0,43256.0,43265.0,43271.0,43277.0,43287.0,43292.0,43297.0,,,,,,,,,43348.0,43357.0,43363.0,43371.0,43375.0,43383.0,43386.0,43388.0,43396.0,43405.0,43411.0,43418.0,43426.0,43436.0,43446.0,43460.0,43467.0,43481.0,43499.0,43510.0,43520.0,43528.0,43536.0,43544.0,43550.0,43552.0,43555.0,43559.0,43568.0,43580.0,43593.0,43609.0,43612.0,43615.0,43625.0,43628.0,43634.0,43644.0,43650.0,43655.0,43666.0,43671.0,43676.0,43679.0,43688.0,43697.0,43702.0,43707.0,43713.0,43722.0,43725.0,43734.0,43739.0,43744.0,43753.0,43761.0,43767.0,43772.0,43774.0,43786.0,43795.0,43800.0,43809.0,43815.0,43823.0,43827.0,43833.0,43840.0,43847.0,43859.0,43862.0,43867.0,43875.0,43879.0,43884.0,43890.0,43898.0,43905.0,43913.0,43917.0,43922.0,43931.0,43951.0,43955.0,43965.0,43971.0,43977.0,43986.0,43991.0,43994.0,44002.0,44011.0,44015.0,44022.0,44039.0,44043.0,44055.0,44059.0,44063.0,44068.0,44080.0,44088.0,44093.0,44108.0,44130.0,44138.0,44147.0,44173.0,44185.0,44201.0,44209.0,44219.0,44229.0,44239.0,44253.0,44260.0,44263.0,44274.0,44285.0,44306.0,44321.0,,44360.0,44385.0,44415.0,44438.0,44469.0,44487.0,44508.0,44524.0,44539.0,44549.0,44561.0,44565.0,44583.0,44596.0,44608.0,44617.0,44624.0,44633.0,44642.0,44652.0,44662.0,44674.0,44682.0,44692.0,44696.0,44704.0,44706.0,44716.0,44723.0,44730.0,44737.0,44742.0,44753.0,44767.0,44775.0,44780.0,44783.0,44793.0,44835.0,44850.0,44861.0,44866.0,44880.0,44889.0,44902.0,44916.0,44932.0,44943.0,44956.0,44968.0,44986.0,44999.0,45014.0,45036.0,45052.0,45060.0,45071.0,45081.0,45091.0,45099.0,45113.0,45135.0,45149.0,45161.0,45183.0,45203.0,45225.0,45239.0,45260.0,45294.0,45306.0,45323.0,45342.0,45365.0,45376.0,45394.0,45408.0,45420.0,45438.0,45446.0,45462.0,45478.0,45491.0,45502.0,45507.0,45513.0,45523.0,45531.0,45547.0,45562.0,45575.0,45582.0,45595.0,45607.0,45625.0,45635.0,45642.0,45649.0,45661.0,45665.0,45672.0,45680.0,45693.0,45698.0,45705.0,45717.0,45737.0,45751.0,45763.0,45774.0,45787.0,45802.0,45813.0,45828
UQ1NydYnqyw,28857.0,28863.0,28871.0,28877.0,28887.0,28899.0,28912.0,28918.0,28930.0,28940.0,28963.0,28990.0,29000.0,29007.0,29021.0,29041.0,29054.0,29062.0,29081.0,29103.0,29110.0,29126.0,29138.0,29151.0,29162.0,29170.0,29176.0,29182.0,29190.0,29199.0,29208.0,29213.0,29221.0,29227.0,29235.0,29242.0,29244.0,29251.0,29255.0,29258.0,29263.0,29266.0,29269.0,29282.0,29288.0,29294.0,29297.0,29301.0,29308.0,29309.0,29314.0,29319.0,29325.0,29331.0,29336.0,29341.0,29348.0,29357.0,29371.0,29381.0,29388.0,29395.0,29400.0,29402.0,29409.0,29417.0,29424.0,29429.0,29436.0,29444.0,29449.0,29456.0,29464.0,29469.0,29475.0,29484.0,29489.0,29496.0,29509.0,29517.0,29525.0,29528.0,29530.0,29540.0,29546.0,29551.0,29559.0,29565.0,29577.0,29586.0,29597.0,29600.0,29603.0,29606.0,29611.0,29620.0,29623.0,29623.0,29628.0,29632.0,29635.0,29637.0,29638.0,29642.0,29647.0,29655.0,29660.0,29668.0,29674.0,29675.0,29680.0,29683.0,29685.0,29686.0,29691.0,29701.0,29706.0,29711.0,29717.0,29725.0,29731.0,29733.0,29739.0,29739.0,29743.0,29750.0,29754.0,29758.0,29763.0,29770.0,29780.0,29781.0,29789.0,29792.0,,,,,,,,,29857.0,29868.0,29877.0,29887.0,29897.0,29904.0,29912.0,29924.0,29934.0,29948.0,29952.0,29966.0,29981.0,29987.0,29999.0,30008.0,30021.0,30035.0,30046.0,30058.0,30070.0,30076.0,30086.0,30097.0,30104.0,30121.0,30137.0,30144.0,30154.0,30164.0,30167.0,30172.0,30173.0,30181.0,30195.0,30203.0,30210.0,30221.0,30226.0,30227.0,30235.0,30247.0,30261.0,30268.0,30275.0,30284.0,30297.0,30310.0,30318.0,30325.0,30338.0,30350.0,30356.0,30365.0,30379.0,30389.0,30402.0,30411.0,30422.0,30431.0,30435.0,30439.0,30451.0,30468.0,30475.0,30480.0,30490.0,30500.0,30507.0,30517.0,30523.0,30526.0,30531.0,30538.0,30546.0,30565.0,30579.0,30593.0,30598.0,30610.0,30621.0,30636.0,30650.0,30659.0,30668.0,30678.0,30687.0,30695.0,30715.0,30725.0,30736.0,30744.0,30746.0,30749.0,30759.0,30765.0,30776.0,30781.0,30783.0,30792.0,30802.0,30813.0,30817.0,30822.0,30837.0,30847.0,30856.0,30864.0,30869.0,30871.0,30882.0,30887.0,30896.0,30903.0,30909.0,30916.0,30922.0,30927.0,30936.0,30939.0,30943.0,,30961.0,30966.0,30969.0,30972.0,30974.0,30981.0,30987.0,30991.0,30998.0,31003.0,31010.0,31013.0,31018.0,31021.0,31026.0,31032.0,31035.0,31043.0,31053.0,31059.0,31062.0,31070.0,31073.0,31077.0,31081.0,31090.0,31091.0,31095.0,31101.0,31105.0,31108.0,31118.0,31124.0,31130.0,31136.0,31138.0,31148.0,31153.0,31156.0,31159.0,31170.0,31174.0,31181.0,31187.0,31191.0,31195.0,31202.0,31207.0,31215.0,31223.0,31232.0,31241.0,31247.0,31255.0,31257.0,31257.0,31270.0,31276.0,31285.0,31287.0,31294.0,31296.0,31301.0,31307.0,31312.0,31319.0,31330.0,31366.0,31382.0,31396.0,31410.0,31418.0,31438.0,31446.0,31454.0,31465.0,31470.0,31482.0,31493.0,31503.0,31515.0,31532.0,31540.0,31546.0,31551.0,31559.0,31570.0,31581.0,31591.0,31596.0,31605.0,31612.0,31623.0,31628.0,31631.0,31634.0,31642.0,31648.0,31652.0,31660.0,31662.0,31670.0,31680.0,31681.0,31688.0,31699.0,31706.0,31710.0,31720.0,31728.0,31738.0,31746.0,31778.0,31788
N41AeSMNUcM,,,,,,,,,,,,,,,,,,,,,,,,,,,,,,,,,,,,,,,,,,,,,,,,,,,,,,,,,,,,,,,,,,,,,,,,,,,,,,,,,,,,,,,,,,,,,,,,,,,,,,,,,,,,,,,,,,,,,,,,,,,,,,,,,,,,,,,,,,,,,,,,,,,,,,,,,,,,,,,,,,,,,,,,,,,,,,,,,,,,,,,,,,,,,,,,,,,,,,,,,,,,,,,,,,,,,,,,,,,,,,,,,,,,,,,,,,,,,,,,,,,,,,,,,,,,,,,,,,,,,,,,,,,,,,,,,,,,,,,,,,,,,,,,,,,,,,,,,,,,,,,,,,,,,,,,,,,,,,,,,,,,,,,,,,,,,,,,,,,,,,,,,,,,,,,,,,,,,,,,,,,,,,,,,,,,,,,,,,
pEKrMfqbdxE,,,,,,,,,,,,,,,,,,,,,,,,,,,,,,,,,,,,,,,,,,,,,,,,,,,,,,,,,,,,,,,,,,,,,,,,,,,,,,,,,,,,,,,,,,,,,,,,,,,,,,,,,,,,,,,,,,,,,,,,,,,,,,,,,,,,,,,,,,,,,,,,,,,,,,,,,,,,,,,,,,,,,,,,,,,,,,,,,,,,,,,,,,,,,,,,,,,,,,,,,,,,,,,,,,,,,,,,,,,,,,,,,,,,,,,,,,,,,,,,,,,,,,,,,,,,,,,,,,,,,,,,,,,,,,,,,,,,,,,,,,,,,,,,,,,,,,,,,,,,,,,,,,,,,,,,,,,,,,,,,,,,,,,,,,,,,,,,,,,,,,,,,,,,,,,,,,,,,,,,,,,,,,,,,,,,,,,,,,
Zw6jbNhO6Q4,13225.0,13226.0,13225.0,13225.0,13226.0,13230.0,13232.0,13234.0,13240.0,13245.0,13248.0,13250.0,13252.0,13256.0,13256.0,13257.0,13257.0,13257.0,13257.0,13258.0,13258.0,13258.0,13258.0,13258.0,13258.0,13259.0,13259.0,13259.0,13259.0,13259.0,13259.0,13260.0,13260.0,13260.0,13260.0,13260.0,13260.0,13261.0,13262.0,13263.0,13263.0,13263.0,13264.0,13264.0,13264.0,13264.0,13264.0,13264.0,13264.0,13264.0,13264.0,13264.0,13264.0,13264.0,13264.0,13264.0,13264.0,13264.0,13264.0,13265.0,13265.0,13265.0,13265.0,13265.0,13266.0,13266.0,13266.0,13267.0,13267.0,13267.0,13267.0,13267.0,13267.0,13267.0,13267.0,13267.0,13267.0,13267.0,13267.0,13268.0,13268.0,13269.0,13269.0,13269.0,13269.0,13269.0,13269.0,13269.0,13270.0,13273.0,13273.0,13274.0,13275.0,13275.0,13275.0,13276.0,13277.0,13279.0,13279.0,13279.0,13279.0,13279.0,13279.0,13280.0,13282.0,13282.0,13282.0,13282.0,13282.0,13282.0,13283.0,13283.0,13283.0,13283.0,13283.0,13283.0,13284.0,13284.0,13284.0,13285.0,13285.0,13285.0,13285.0,13285.0,13285.0,13285.0,13287.0,13287.0,13287.0,13287.0,13288.0,13288.0,13288.0,13288.0,,,,,,,,,13295.0,13295.0,13295.0,13296.0,13296.0,13296.0,13296.0,13297.0,13297.0,13298.0,13300.0,13301.0,13301.0,13301.0,13301.0,13301.0,13301.0,13301.0,13301.0,13301.0,13301.0,13301.0,13301.0,13301.0,13301.0,13301.0,13301.0,13301.0,13301.0,13301.0,13301.0,13301.0,13301.0,13301.0,13301.0,13301.0,13301.0,13301.0,13301.0,13301.0,13301.0,13301.0,13301.0,13301.0,13301.0,13301.0,13301.0,13301.0,13301.0,13301.0,13301.0,13301.0,13301.0,13301.0,13301.0,13301.0,13301.0,13301.0,13301.0,13301.0,13301.0,13301.0,13301.0,13301.0,13301.0,13301.0,13301.0,13301.0,13301.0,13301.0,13301.0,13301.0,13301.0,13301.0,13301.0,13301.0,13301.0,13301.0,13301.0,13301.0,13301.0,13301.0,13301.0,13301.0,13301.0,13301.0,13301.0,13301.0,13301.0,13301.0,13301.0,13301.0,13301.0,13301.0,13301.0,13301.0,13301.0,13301.0,13301.0,13301.0,13301.0,13301.0,13301.0,13301.0,13301.0,13301.0,13301.0,13301.0,13301.0,13301.0,13301.0,13301.0,13301.0,13301.0,13301.0,13301.0,13301.0,13301.0,13301.0,13301.0,13301.0,,13301.0,13301.0,13301.0,13301.0,13301.0,13301.0,13301.0,13301.0,13301.0,13301.0,13301.0,13301.0,13301.0,13301.0,13301.0,13301.0,13301.0,13301.0,13301.0,13301.0,13301.0,13301.0,13301.0,13301.0,13301.0,13301.0,13301.0,13301.0,13301.0,13301.0,13301.0,13301.0,13301.0,13301.0,13301.0,13301.0,13301.0,13301.0,13301.0,13301.0,13301.0,13301.0,13301.0,13301.0,13301.0,13301.0,13301.0,13301.0,13301.0,13301.0,13301.0,13301.0,13301.0,13301.0,13301.0,13301.0,13301.0,13301.0,13301.0,13301.0,13301.0,13301.0,13301.0,13301.0,13301.0,13301.0,13301.0,13301.0,13301.0,13301.0,13301.0,13301.0,13301.0,13301.0,13301.0,13301.0,13301.0,13301.0,13301.0,13301.0,13301.0,13301.0,13301.0,13301.0,13301.0,13301.0,13301.0,13301.0,13301.0,13301.0,13301.0,13301.0,13301.0,13301.0,13301.0,13301.0,13301.0,13301.0,13301.0,13301.0,13301.0,13301.0,13301.0,13301.0,13301.0,13301.0,13301.0,13301.0,13301.0,13301.0,13301.0,13301.0,13301.0,13301
MaC6lzwuXNk,12815.0,12849.0,12872.0,12897.0,12917.0,12944.0,12969.0,12992.0,13010.0,13026.0,13044.0,13064.0,13077.0,13088.0,13102.0,13112.0,13137.0,13154.0,13165.0,13191.0,13207.0,13225.0,13238.0,13246.0,13257.0,13277.0,13295.0,13310.0,13318.0,13338.0,13351.0,13367.0,13382.0,13396.0,13407.0,13419.0,13428.0,13448.0,13465.0,13477.0,13491.0,13516.0,13534.0,13551.0,13565.0,13586.0,13614.0,13637.0,13648.0,13657.0,13671.0,13684.0,13702.0,13718.0,13725.0,13732.0,13742.0,13757.0,13768.0,13780.0,13790.0,13796.0,13807.0,13816.0,13838.0,13851.0,13864.0,13871.0,13879.0,13894.0,13910.0,13921.0,13931.0,13938.0,13951.0,13962.0,13978.0,13990.0,14008.0,14026.0,14035.0,14048.0,14062.0,14075.0,14102.0,14110.0,14119.0,14131.0,14144.0,14149.0,14164.0,14175.0,14180.0,14198.0,14207.0,14214.0,14227.0,14245.0,14264.0,14291.0,14306.0,14318.0,14324.0,14332.0,14342.0,14349.0,14363.0,14382.0,14390.0,14405.0,14417.0,14430.0,14445.0,14460.0,14463.0,14472.0,14477.0,14481.0,14491.0,14503.0,14508.0,14519.0,14522.0,14533.0,14537.0,14540.0,14543.0,14547.0,14558.0,14562.0,14566.0,14571.0,14575.0,14582.0,,,,,,,,,14656.0,14659.0,14664.0,14668.0,14677.0,14690.0,14696.0,14703.0,14710.0,14716.0,14734.0,14743.0,14758.0,14770.0,14780.0,14785.0,14794.0,14799.0,14811.0,14824.0,14829.0,14833.0,14839.0,14848.0,14851.0,14854.0,14856.0,14863.0,14867.0,14871.0,14874.0,14882.0,14886.0,14898.0,14903.0,14911.0,14915.0,14928.0,14937.0,14942.0,14948.0,14957.0,14963.0,14969.0,14982.0,14992.0,14999.0,15008.0,15016.0,15026.0,15033.0,15044.0,15054.0,15064.0,15069.0,15077.0,15082.0,15089.0,15096.0,15100.0,15107.0,15116.0,15119.0,15123.0,15129.0,15137.0,15146.0,15155.0,15159.0,15166.0,15169.0,15170.0,15179.0,15188.0,15196.0,15204.0,15215.0,15223.0,15232.0,15239.0,15243.0,15251.0,15257.0,15275.0,15278.0,15292.0,15300.0,15307.0,15318.0,15327.0,15340.0,15347.0,15352.0,15359.0,15367.0,15378.0,15388.0,15400.0,15412.0,15413.0,15421.0,15431.0,15439.0,15445.0,15449.0,15456.0,15461.0,15467.0,15474.0,15484.0,15492.0,15499.0,15506.0,15511.0,15519.0,15526.0,15539.0,15543.0,15551.0,15553.0,15556.0,,15569.0,15572.0,15580.0,15587.0,15595.0,15599.0,15606.0,15610.0,15619.0,15621.0,15625.0,15628.0,15633.0,15636.0,15645.0,15652.0,15656.0,15663.0,15667.0,15671.0,15677.0,15681.0,15692.0,15696.0,15701.0,15705.0,15706.0,15714.0,15718.0,15720.0,15726.0,15731.0,15737.0,15739.0,15745.0,15752.0,15757.0,15761.0,15765.0,15771.0,15778.0,15786.0,15793.0,15798.0,15800.0,15805.0,15819.0,15825.0,15837.0,15848.0,15851.0,15862.0,15868.0,15875.0,15878.0,15884.0,15892.0,15897.0,15903.0,15913.0,15916.0,15927.0,15934.0,15949.0,15961.0,15968.0,15975.0,15985.0,15994.0,16007.0,16020.0,16031.0,16043.0,16053.0,16063.0,16075.0,16086.0,16103.0,16111.0,16120.0,16139.0,16145.0,16153.0,16158.0,16163.0,16175.0,16181.0,16189.0,16197.0,16201.0,16205.0,16213.0,16225.0,16235.0,16241.0,16252.0,16256.0,16265.0,16274.0,16283.0,16291.0,16297.0,16305.0,16309.0,16319.0,16333.0,16349.0,16366.0,16380.0,16386.0,16392.0,16402.0,16415.0,16424
S0bOS8wUhOc,51374.0,51460.0,51553.0,51613.0,51733.0,51812.0,51897.0,51966.0,52039.0,52112.0,52166.0,52202.0,52274.0,52351.0,52420.0,52484.0,52546.0,52593.0,52660.0,52750.0,52844.0,52920.0,53002.0,53068.0,53132.0,53220.0,53289.0,53375.0,53418.0,53476.0,53549.0,53601.0,53659.0,53723.0,53787.0,53867.0,53935.0,53993.0,54035.0,54095.0,54163.0,54229.0,54299.0,54365.0,54420.0,54481.0,54562.0,54623.0,54698.0,54766.0,54854.0,54912.0,54953.0,55002.0,55065.0,55129.0,55191.0,55274.0,55325.0,55362.0,55399.0,55471.0,55528.0,55589.0,55639.0,55686.0,55729.0,55770.0,55809.0,55852.0,55905.0,55953.0,56001.0,56042.0,56078.0,56130.0,56197.0,56248.0,56323.0,56391.0,56444.0,56495.0,56558.0,56615.0,56688.0,56760.0,56809.0,56854.0,56908.0,56965.0,57028.0,57080.0,57147.0,57196.0,57249.0,57306.0,57354.0,57420.0,57487.0,57557.0,57628.0,57688.0,57740.0,57797.0,57855.0,57912.0,57974.0,58055.0,58085.0,58138.0,58186.0,58238.0,58320.0,58397.0,58456.0,58489.0,58533.0,58579.0,58625.0,58678.0,58744.0,58777.0,58814.0,58863.0,58901.0,58949.0,58987.0,59034.0,59069.0,59112.0,59152.0,59193.0,59246.0,59283.0,,,,,,,,,59630.0,59649.0,59691.0,59725.0,59754.0,59796.0,59824.0,59854.0,59897.0,59948.0,60033.0,60097.0,60175.0,60232.0,60266.0,60306.0,60361.0,60400.0,60440.0,60491.0,60519.0,60539.0,60559.0,60589.0,60630.0,60668.0,60696.0,60718.0,60755.0,60783.0,60819.0,60859.0,60896.0,60940.0,60980.0,61013.0,61041.0,61079.0,61116.0,61149.0,61186.0,61219.0,61253.0,61284.0,61331.0,61359.0,61414.0,61458.0,61508.0,61541.0,61571.0,61600.0,61643.0,61704.0,61748.0,61787.0,61816.0,61860.0,61909.0,61942.0,61983.0,62017.0,62042.0,62077.0,62090.0,62143.0,62194.0,62233.0,62272.0,62335.0,62386.0,62427.0,62468.0,62519.0,62562.0,62609.0,62676.0,62731.0,62782.0,62828.0,62879.0,62924.0,62980.0,63023.0,63056.0,63091.0,63123.0,63159.0,63198.0,63241.0,63291.0,63322.0,63346.0,63374.0,63412.0,63455.0,63499.0,63547.0,63585.0,63632.0,63662.0,63704.0,63752.0,63802.0,63848.0,63889.0,63915.0,63958.0,64010.0,64061.0,64107.0,64152.0,64192.0,64221.0,64255.0,64285.0,64316.0,64342.0,64371.0,64397.0,64427.0,,64491.0,64511.0,64539.0,64549.0,64575.0,64595.0,64614.0,64636.0,64654.0,64672.0,64692.0,64706.0,64727.0,64744.0,64758.0,64779.0,64812.0,64832.0,64861.0,64881.0,64899.0,64927.0,64948.0,64964.0,64981.0,65004.0,65023.0,65041.0,65057.0,65085.0,65100.0,65130.0,65159.0,65173.0,65194.0,65208.0,65217.0,65232.0,65255.0,65272.0,65293.0,65316.0,65347.0,65375.0,65401.0,65424.0,65464.0,65501.0,65559.0,65633.0,65681.0,65720.0,65764.0,65811.0,65848.0,65885.0,65935.0,65973.0,66030.0,66087.0,66122.0,66150.0,66187.0,66228.0,66256.0,66303.0,66351.0,66410.0,66476.0,66537.0,66599.0,66671.0,66748.0,66825.0,66893.0,66947.0,67017.0,67130.0,67229.0,67291.0,67345.0,67391.0,67429.0,67454.0,67504.0,67553.0,67596.0,67643.0,67683.0,67711.0,67756.0,67808.0,67853.0,67903.0,67953.0,67997.0,68031.0,68089.0,68165.0,68220.0,68277.0,68352.0,68418.0,68487.0,68572.0,68673.0,68744.0,68834.0,68892.0,68953.0,68983.0,69054.0,69105.0,69156
dmE0UxoxPGw,1055523.0,1055529.0,1055539.0,1055549.0,1055558.0,1055567.0,1055576.0,1055582.0,1055592.0,1055602.0,1055616.0,1055622.0,1055634.0,1055647.0,1055650.0,1055657.0,1055661.0,1055674.0,1055679.0,1055694.0,1055705.0,1055712.0,1055718.0,1055728.0,1055732.0,1055738.0,1055742.0,1055749.0,1055764.0,1055776.0,1055778.0,1055786.0,1055791.0,1055795.0,1055800.0,1055808.0,1055814.0,1055822.0,1055831.0,1055844.0,1055857.0,1055862.0,1055871.0,1055877.0,1055881.0,1055890.0,1055898.0,1055909.0,1055918.0,1055924.0,1055932.0,1055937.0,1055948.0,1055960.0,1055972.0,1055980.0,1055991.0,1056009.0,1056024.0,1056037.0,1056047.0,1056059.0,1056069.0,1056071.0,1056078.0,1056085.0,1056089.0,1056100.0,1056102.0,1056114.0,1056129.0,1056139.0,1056151.0,1056157.0,1056164.0,1056170.0,1056173.0,1056181.0,1056190.0,1056196.0,1056207.0,1056218.0,1056225.0,1056237.0,1056241.0,1056248.0,1056254.0,1056260.0,1056270.0,1056284.0,1056291.0,1056296.0,1056305.0,1056311.0,1056315.0,1056323.0,1056331.0,1056339.0,1056345.0,1056354.0,1056361.0,1056369.0,1056375.0,1056385.0,1056390.0,1056397.0,1056400.0,1056407.0,1056413.0,1056420.0,1056422.0,1056425.0,1056429.0,1056432.0,1056441.0,1056449.0,1056457.0,1056462.0,1056468.0,1056476.0,1056480.0,1056491.0,1056494.0,1056499.0,1056511.0,1056513.0,1056518.0,1056524.0,1056526.0,1056539.0,1056547.0,1056548.0,1056554.0,1056559.0,,,,,,,,,1056623.0,1056626.0,1056631.0,1056646.0,1056659.0,1056666.0,1056678.0,1056690.0,1056699.0,1056709.0,1056715.0,1056722.0,1056731.0,1056735.0,1056739.0,1056744.0,1056749.0,1056763.0,1056775.0,1056782.0,1056787.0,1056796.0,1056799.0,1056805.0,1056809.0,1056815.0,1056818.0,1056822.0,1056829.0,1056835.0,1056844.0,1056849.0,1056856.0,1056861.0,1056872.0,1056879.0,1056888.0,1056895.0,1056899.0,1056910.0,1056916.0,1056921.0,1056927.0,1056934.0,1056941.0,1056946.0,1056962.0,1056967.0,1056972.0,1056975.0,1056980.0,1056983.0,1056987.0,1056994.0,1057005.0,1057013.0,1057020.0,1057027.0,1057032.0,1057039.0,1057046.0,1057050.0,1057055.0,1057058.0,1057073.0,1057081.0,1057089.0,1057092.0,1057095.0,1057104.0,1057112.0,1057117.0,1057124.0,1057134.0,1057139.0,1057145.0,1057149.0,1057154.0,1057168.0,1057171.0,1057177.0,1057192.0,1057202.0,1057203.0,1057211.0,1057218.0,1057228.0,1057246.0,1057261.0,1057270.0,1057280.0,1057292.0,1057299.0,1057303.0,1057318.0,1057331.0,1057338.0,1057345.0,1057355.0,1057360.0,1057359.0,1057364.0,1057368.0,1057371.0,1057374.0,1057384.0,1057392.0,1057397.0,1057406.0,1057410.0,1057413.0,1057418.0,1057426.0,1057428.0,1057434.0,1057441.0,1057446.0,1057454.0,1057464.0,1057467.0,1057473.0,,1057487.0,1057490.0,1057495.0,1057496.0,1057499.0,1057503.0,1057510.0,1057516.0,1057524.0,1057526.0,1057531.0,1057535.0,1057541.0,1057548.0,1057554.0,1057559.0,1057563.0,1057569.0,1057572.0,1057577.0,1057583.0,1057590.0,1057595.0,1057602.0,1057605.0,1057609.0,1057611.0,1057612.0,1057616.0,1057622.0,1057625.0,1057633.0,1057637.0,1057645.0,1057649.0,1057655.0,1057658.0,1057662.0,1057668.0,1057671.0,1057675.0,1057678.0,1057682.0,1057688.0,1057697.0,1057700.0,1057701.0,1057709.0,1057717.0,1057726.0,1057734.0,1057753.0,1057773.0,1057795.0,1057813.0,1057837.0,1057855.0,1057867.0,1057883.0,1057893.0,1057904.0,1057918.0,1057922.0,1057930.0,1057944.0,1057964.0,1057973.0,1057992.0,1058010.0,1058037.0,1058047.0,1058057.0,1058069.0,1058086.0,1058095.0,1058111.0,1058137.0,1058150.0,1058173.0,1058185.0,1058193.0,1058209.0,1058220.0,1058230.0,1058240.0,1058248.0,1058253.0,1058263.0,1058270.0,1058288.0,1058292.0,1058300.0,1058309.0,1058314.0,1058325.0,1058330.0,1058333.0,1058337.0,1058346.0,1058352.0,1058356.0,1058358.0,1058368.0,1058375.0,1058377.0,1058380.0,1058384.0,1058388.0,1058389.0,1058393.0,1058405.0,1058409.0,1058412.0,1058414
a7d5aFNh-YE,2825287.0,2825480.0,2825711.0,2825961.0,2826192.0,2826398.0,2826659.0,2826892.0,2827137.0,2827384.0,2827651.0,2827861.0,2828084.0,2828365.0,2828606.0,2828861.0,2829131.0,2829394.0,2829620.0,2829803.0,2830059.0,2830305.0,2830558.0,2830801.0,2831041.0,2831282.0,2831473.0,2831763.0,2832047.0,2832259.0,2832536.0,2832766.0,2833030.0,2833305.0,2833577.0,2833874.0,2834102.0,2834351.0,2834598.0,2834877.0,2835103.0,2835351.0,2835600.0,2835885.0,2836195.0,2836468.0,2836786.0,2837045.0,2837281.0,2837580.0,2837863.0,2838167.0,2838411.0,2838660.0,2838924.0,2839162.0,2839492.0,2839774.0,2840059.0,2840280.0,2840576.0,2840785.0,2841035.0,2841240.0,2841498.0,2841769.0,2842036.0,2842296.0,2842521.0,2842859.0,2843161.0,2843515.0,2843740.0,2844033.0,2844287.0,2844498.0,2844758.0,2845043.0,2845324.0,2845583.0,2845866.0,2846097.0,2846319.0,2846498.0,2846688.0,2846938.0,2847188.0,2847426.0,2847620.0,2847820.0,2848045.0,2848281.0,2848474.0,2848784.0,2849065.0,2849265.0,2849459.0,2849641.0,2849810.0,2850007.0,2850194.0,2850418.0,2850596.0,2850773.0,2850957.0,2851136.0,2851324.0,2851530.0,2851758.0,2851918.0,2852073.0,2852233.0,2852412.0,2852557.0,2852763.0,2852925.0,2853079.0,2853251.0,2853405.0,2853617.0,2853806.0,2854003.0,2854156.0,2854336.0,2854474.0,2854680.0,2854860.0,2855085.0,2855282.0,2855498.0,2855675.0,2855823.0,2855979.0,2856183.0,,,,,,,,,2857861.0,2858090.0,2858344.0,2858660.0,2858990.0,2859311.0,2859642.0,2860007.0,2860558.0,2860914.0,2861253.0,2861533.0,2861821.0,2862027.0,2862420.0,2862774.0,2863121.0,2863504.0,2863901.0,2864110.0,2864278.0,2864456.0,2864621.0,2864839.0,2865027.0,2865202.0,2865347.0,2865475.0,2865640.0,2865859.0,2866049.0,2866213.0,2866415.0,2866551.0,2866726.0,2866947.0,2867123.0,2867276.0,2867401.0,2867521.0,2867643.0,2867775.0,2867944.0,2868137.0,2868269.0,2868431.0,2868589.0,2868724.0,2868866.0,2869013.0,2869158.0,2869290.0,2869425.0,2869554.0,2869692.0,2869838.0,2869973.0,2870107.0,2870260.0,2870370.0,2870501.0,2870677.0,2870826.0,2870998.0,2871115.0,2871274.0,2871419.0,2871565.0,2871691.0,2871835.0,2871962.0,2872100.0,2872236.0,2872397.0,2872560.0,2872767.0,2872916.0,2873079.0,2873240.0,2873407.0,2873569.0,2873723.0,2873880.0,2874060.0,2874213.0,2874405.0,2874569.0,2874760.0,2874957.0,2875120.0,2875293.0,2875427.0,2875609.0,2875810.0,2875961.0,2876132.0,2876268.0,2876450.0,2876646.0,2876794.0,2876905.0,2877032.0,2877151.0,2877298.0,2877444.0,2877630.0,2877774.0,2877906.0,2878066.0,2878211.0,2878347.0,2878505.0,2878640.0,2878812.0,2878948.0,2879074.0,2879193.0,2879321.0,2879424.0,2879583.0,2879714.0,,2879954.0,2880048.0,2880193.0,2880307.0,2880459.0,2880570.0,2880686.0,2880825.0,2880955.0,2881118.0,2881236.0,2881392.0,2881553.0,2881714.0,2881856.0,2881989.0,2882123.0,2882298.0,2882453.0,2882609.0,2882729.0,2882836.0,2882946.0,2883062.0,2883238.0,2883375.0,2883501.0,2883624.0,2883755.0,2883878.0,2884011.0,2884125.0,2884242.0,2884382.0,2884514.0,2884638.0,2884785.0,2884950.0,2885133.0,2885297.0,2885442.0,2885559.0,2885688.0,2885826.0,2885926.0,2886103.0,2886243.0,2886385.0,2886538.0,2886646.0,2886805.0,2886989.0,2887139.0,2887273.0,2887449.0,2887593.0,2887765.0,2887914.0,2888033.0,2888194.0,2888350.0,2888495.0,2888653.0,2888800.0,2888926.0,2889086.0,2889263.0,2889486.0,2889677.0,2889882.0,2890150.0,2890414.0,2890675.0,2890883.0,2891122.0,2891352.0,2891573.0,2891794.0,2892016.0,2892207.0,2892445.0,2892685.0,2892927.0,2893105.0,2893284.0,2893430.0,2893588.0,2893768.0,2893940.0,2894099.0,2894225.0,2894344.0,2894475.0,2894614.0,2894753.0,2894916.0,2895054.0,2895177.0,2895304.0,2895433.0,2895574.0,2895691.0,2895824.0,2895935.0,2896029.0,2896133.0,2896232.0,2896355.0,2896466.0,2896603.0,2896713.0,2896821.0,2896932.0,2897036
wO14vi8V26E,12430352.0,12430744.0,12431203.0,12431654.0,12432080.0,12432538.0,12432964.0,12433421.0,12433862.0,12434311.0,12434723.0,12435199.0,12435638.0,12436054.0,12436536.0,12437046.0,12437511.0,12438027.0,12438525.0,12438899.0,12439409.0,12439881.0,12440318.0,12440750.0,12441201.0,12441638.0,12442147.0,12442666.0,12443180.0,12443638.0,12444074.0,12444557.0,12444946.0,12445410.0,12445844.0,12446332.0,12446838.0,12447300.0,12447719.0,12448193.0,12448705.0,12449248.0,12449763.0,12450386.0,12450868.0,12451385.0,12451901.0,12452436.0,12452961.0,12453431.0,12453893.0,12454404.0,12454920.0,12455293.0,12455731.0,12456215.0,12456642.0,12457160.0,12457636.0,12458201.0,12458711.0,12459214.0,12459733.0,12460192.0,12460675.0,12461130.0,12461620.0,12462104.0,12462663.0,12463235.0,12463672.0,12464100.0,12464564.0,12465037.0,12465412.0,12465830.0,12466242.0,12466598.0,12467041.0,12467441.0,12467895.0,12468376.0,12468734.0,12469082.0,12469478.0,12469794.0,12470227.0,12470589.0,12470950.0,12471353.0,12471735.0,12472176.0,12472616.0,12473054.0,12473509.0,12473908.0,12474215.0,12474533.0,12474772.0,12475105.0,12475412.0,12475768.0,12476082.0,12476374.0,12476699.0,12477012.0,12477272.0,12477554.0,12477867.0,12478125.0,12478388.0,12478658.0,12478895.0,12479202.0,12479522.0,12479891.0,12480139.0,12480406.0,12480683.0,12480969.0,12481279.0,12481613.0,12481908.0,12482206.0,12482456.0,12482735.0,12483010.0,12483353.0,12483678.0,12483943.0,12484227.0,12484545.0,12484835.0,12485123.0,,,,,,,,,12488104.0,12488494.0,12488833.0,12489182.0,12489511.0,12489788.0,12490089.0,12490362.0,12490786.0,12491130.0,12491468.0,12491836.0,12492182.0,12492565.0,12492936.0,12493325.0,12493621.0,12493960.0,12494291.0,12494631.0,12494984.0,12495352.0,12495780.0,12496172.0,12496562.0,12496910.0,12497209.0,12497581.0,12497930.0,12498248.0,12498598.0,12498949.0,12499244.0,12499618.0,12499953.0,12500293.0,12500668.0,12501030.0,12501404.0,12501702.0,12502040.0,12502297.0,12502651.0,12502988.0,12503278.0,12503597.0,12503931.0,12504321.0,12504689.0,12505056.0,12505374.0,12505687.0,12505970.0,12506275.0,12506576.0,12506853.0,12507123.0,12507394.0,12507667.0,12507966.0,12508326.0,12508634.0,12508894.0,12509220.0,12509472.0,12509807.0,12510149.0,12510462.0,12510795.0,12511094.0,12511445.0,12511773.0,12512140.0,12512429.0,12512769.0,12513142.0,12513492.0,12513863.0,12514230.0,12514668.0,12515029.0,12515384.0,12515798.0,12516101.0,12516467.0,12516802.0,12517185.0,12517547.0,12517915.0,12518277.0,12518656.0,12519109.0,12519570.0,12520034.0,12520448.0,12520776.0,12521170.0,12521527.0,12521964.0,12522328.0,12522619.0,12522979.0,12523338.0,12523700.0,12524015.0,12524357.0,12524676.0,12524986.0,12525243.0,12525517.0,12525813.0,12526055.0,12526381.0,12526655.0,12526994.0,12527241.0,12527465.0,12527755.0,12528050.0,12528312.0,12528633.0,,12529197.0,12529465.0,12529797.0,12530081.0,12530357.0,12530645.0,12530932.0,12531211.0,12531435.0,12531731.0,12531990.0,12532355.0,12532670.0,12532947.0,12533176.0,12533457.0,12533686.0,12533978.0,12534253.0,12534550.0,12534842.0,12535128.0,12535381.0,12535655.0,12535904.0,12536182.0,12536487.0,12536736.0,12536971.0,12537268.0,12537525.0,12537784.0,12538081.0,12538346.0,12538617.0,12538879.0,12539127.0,12539364.0,12539655.0,12539955.0,12540278.0,12540575.0,12540817.0,12541142.0,12541492.0,12541798.0,12542067.0,12542452.0,12542738.0,12543016.0,12543344.0,12543663.0,12544112.0,12544480.0,12544803.0,12545123.0,12545497.0,12545799.0,12546158.0,12546440.0,12546784.0,12547072.0,12547405.0,12547753.0,12548107.0,12548487.0,12548917.0,12549376.0,12549874.0,12550395.0,12550892.0,12551404.0,12552236.0,12553063.0,12553773.0,12554437.0,12555053.0,12555660.0,12556282.0,12556833.0,12557434.0,12558004.0,12558515.0,12558987.0,12559498.0,12559972.0,12560452.0,12560901.0,12561330.0,12561812.0,12562255.0,12562741.0,12563169.0,12563536.0,12563939.0,12564335.0,12564691.0,12565118.0,12565473.0,12565840.0,12566179.0,12566509.0,12566944.0,12567271.0,12567618.0,12567922.0,12568304.0,12568673.0,12569001.0,12569453.0,12569772.0,12570099.0,12570391.0,12570740
RknLOnO6ZtI,20405498.0,20405795.0,20406070.0,20406414.0,20406730.0,20407014.0,20407331.0,20407643.0,20408005.0,20408230.0,20408549.0,20408836.0,20409175.0,20409516.0,20409915.0,20410284.0,20410667.0,20410983.0,20411317.0,20411614.0,20411958.0,20412263.0,20412580.0,20413002.0,20413401.0,20413730.0,20414113.0,20414508.0,20414850.0,20415206.0,20415594.0,20415914.0,20416227.0,20416739.0,20417150.0,20417506.0,20417893.0,20418323.0,20418760.0,20419214.0,20419583.0,20420035.0,20420572.0,20420991.0,20421388.0,20421883.0,20422400.0,20422890.0,20423286.0,20423814.0,20424300.0,20424783.0,20425256.0,20425669.0,20426138.0,20426612.0,20427144.0,20427669.0,20428182.0,20428647.0,20429142.0,20429709.0,20430276.0,20430779.0,20431453.0,20431954.0,20432436.0,20432924.0,20433560.0,20434242.0,20434880.0,20435430.0,20435919.0,20436480.0,20436939.0,20437366.0,20437788.0,20438353.0,20438906.0,20439471.0,20439989.0,20440463.0,20440967.0,20441470.0,20441857.0,20442343.0,20442790.0,20443217.0,20443709.0,20444128.0,20444532.0,20444898.0,20445381.0,20445883.0,20446353.0,20446769.0,20447185.0,20447571.0,20447912.0,20448224.0,20448653.0,20449043.0,20449353.0,20449694.0,20450044.0,20450389.0,20450697.0,20451070.0,20451401.0,20451874.0,20452310.0,20452674.0,20453002.0,20453342.0,20453662.0,20454010.0,20454353.0,20454701.0,20455040.0,20455319.0,20455624.0,20455969.0,20456271.0,20456513.0,20456822.0,20457110.0,20457384.0,20457765.0,20458050.0,20458384.0,20458699.0,20459006.0,20459293.0,20459575.0,,,,,,,,,20462301.0,20462575.0,20462841.0,20463124.0,20463455.0,20463788.0,20464155.0,20464524.0,20464888.0,20465238.0,20465584.0,20465867.0,20466155.0,20466447.0,20466912.0,20467301.0,20467714.0,20467971.0,20468253.0,20468467.0,20468760.0,20469017.0,20469284.0,20469598.0,20469874.0,20470159.0,20470429.0,20470752.0,20471012.0,20471343.0,20471660.0,20471960.0,20472246.0,20472514.0,20472836.0,20473152.0,20473467.0,20473785.0,20474068.0,20474309.0,20474566.0,20474813.0,20475071.0,20475335.0,20475647.0,20475904.0,20476154.0,20476466.0,20476746.0,20476991.0,20477208.0,20477402.0,20477614.0,20477852.0,20478075.0,20478326.0,20478544.0,20478749.0,20478987.0,20479257.0,20479487.0,20479737.0,20479960.0,20480223.0,20480473.0,20480701.0,20480996.0,20481241.0,20481439.0,20481706.0,20481983.0,20482234.0,20482509.0,20482738.0,20482991.0,20483238.0,20483522.0,20483754.0,20483999.0,20484272.0,20484598.0,20484845.0,20485057.0,20485347.0,20485646.0,20485902.0,20486170.0,20486503.0,20486802.0,20487139.0,20487409.0,20487709.0,20488081.0,20488380.0,20488740.0,20489139.0,20489490.0,20489793.0,20490123.0,20490407.0,20490710.0,20490972.0,20491399.0,20491722.0,20492002.0,20492300.0,20492641.0,20492958.0,20493250.0,20493609.0,20493960.0,20494243.0,20494525.0,20494806.0,20495155.0,20495428.0,20495650.0,20495918.0,20496183.0,20496416.0,20496670.0,,20497129.0,20497430.0,20497670.0,20497853.0,20498144.0,20498446.0,20498699.0,20498951.0,20499168.0,20499395.0,20499667.0,20499917.0,20500189.0,20500427.0,20500641.0,20500874.0,20501072.0,20501334.0,20501568.0,20501853.0,20502087.0,20502320.0,20502528.0,20502715.0,20502943.0,20503190.0,20503414.0,20503635.0,20503836.0,20504057.0,20504292.0,20504541.0,20504769.0,20504973.0,20505218.0,20505477.0,20505706.0,20506010.0,20506274.0,20506514.0,20506803.0,20506986.0,20507203.0,20507439.0,20507690.0,20507980.0,20508256.0,20508703.0,20508992.0,20509264.0,20509595.0,20509977.0,20510524.0,20510908.0,20511261.0,20511612.0,20511975.0,20512265.0,20512633.0,20512973.0,20513305.0,20513590.0,20513902.0,20514221.0,20514534.0,20514871.0,20515343.0,20516025.0,20516638.0,20517288.0,20518013.0,20518733.0,20519710.0,20520882.0,20521798.0,20522871.0,20523785.0,20524689.0,20525581.0,20526225.0,20526802.0,20527577.0,20528206.0,20528919.0,20529547.0,20530135.0,20530741.0,20531325.0,20531929.0,20532552.0,20533089.0,20533688.0,20534171.0,20534677.0,20535191.0,20535678.0,20536035.0,20536475.0,20536790.0,20537134.0,20537547.0,20537945.0,20538290.0,20538623.0,20538865.0,20539195.0,20539530.0,20539850.0,20540172.0,20540543.0,20540861.0,20541215.0,20541508.0,20541834
SB5Oxp7NtOk,7735.0,7735.0,7735.0,7736.0,7737.0,7737.0,7739.0,7740.0,7741.0,7742.0,7741.0,7745.0,7751.0,7755.0,7756.0,7762.0,7764.0,7764.0,7765.0,7765.0,7766.0,7766.0,7768.0,7768.0,7768.0,7769.0,7771.0,7772.0,7773.0,7773.0,7773.0,7773.0,7773.0,7773.0,7773.0,7773.0,7777.0,7778.0,7779.0,7779.0,7779.0,7780.0,7780.0,7781.0,7783.0,7785.0,7786.0,7784.0,7785.0,7785.0,7787.0,7790.0,7791.0,7792.0,7795.0,7794.0,7795.0,7797.0,7797.0,7797.0,7798.0,7798.0,7799.0,7800.0,7802.0,7802.0,7806.0,7808.0,7810.0,7812.0,7812.0,7812.0,7812.0,7813.0,7816.0,7816.0,7817.0,7817.0,7817.0,7818.0,7818.0,7819.0,7820.0,7821.0,7821.0,7823.0,7824.0,7824.0,7824.0,7825.0,7826.0,7824.0,7825.0,7825.0,7825.0,7827.0,7827.0,7828.0,7829.0,7830.0,7831.0,7832.0,7832.0,7835.0,7837.0,7837.0,7837.0,7837.0,7840.0,7842.0,7843.0,7844.0,7844.0,7844.0,7844.0,7844.0,7846.0,7850.0,7851.0,7851.0,7852.0,7852.0,7853.0,7853.0,7855.0,7855.0,7859.0,7862.0,7863.0,7865.0,7865.0,7866.0,7866.0,7866.0,,,,,,,,,7878.0,7877.0,7877.0,7878.0,7880.0,7881.0,7881.0,7881.0,7882.0,7883.0,7883.0,7884.0,7884.0,7884.0,7884.0,7885.0,7884.0,7884.0,7885.0,7887.0,7887.0,7887.0,7887.0,7888.0,7890.0,7890.0,7890.0,7891.0,7895.0,7896.0,7896.0,7895.0,7896.0,7897.0,7898.0,7897.0,7896.0,7897.0,7898.0,7898.0,7897.0,7896.0,7897.0,7898.0,7897.0,7898.0,7899.0,7900.0,7901.0,7902.0,7902.0,7903.0,7903.0,7904.0,7904.0,7903.0,7904.0,7905.0,7906.0,7907.0,7907.0,7909.0,7910.0,7910.0,7910.0,7910.0,7910.0,7910.0,7910.0,7911.0,7911.0,7914.0,7913.0,7913.0,7916.0,7917.0,7917.0,7918.0,7919.0,7922.0,7924.0,7926.0,7927.0,7927.0,7927.0,7927.0,7928.0,7928.0,7932.0,7934.0,7934.0,7936.0,7937.0,7937.0,7937.0,7939.0,7940.0,7943.0,7945.0,7946.0,7947.0,7948.0,7948.0,7949.0,7951.0,7952.0,7956.0,7958.0,7961.0,7966.0,7969.0,7972.0,7973.0,7976.0,7976.0,7982.0,7982.0,7985.0,7987.0,7989.0,7992.0,,7991.0,7992.0,7992.0,7993.0,7994.0,7996.0,7996.0,7998.0,7999.0,7999.0,8003.0,8003.0,8006.0,8009.0,8012.0,8018.0,8021.0,8027.0,8030.0,8037.0,8039.0,8046.0,8050.0,8056.0,8059.0,8060.0,8063.0,8065.0,8066.0,8068.0,8072.0,8075.0,8079.0,8079.0,8082.0,8084.0,8084.0,8086.0,8086.0,8090.0,8092.0,8095.0,8099.0,8102.0,8104.0,8105.0,8107.0,8109.0,8111.0,8112.0,8112.0,8113.0,8115.0,8117.0,8118.0,8119.0,8120.0,8123.0,8127.0,8129.0,8131.0,8132.0,8133.0,8136.0,8135.0,8137.0,8139.0,8142.0,8143.0,8146.0,8148.0,8149.0,8150.0,8152.0,8151.0,8153.0,8157.0,8156.0,8158.0,8158.0,8160.0,8161.0,8162.0,8162.0,8163.0,8166.0,8168.0,8169.0,8169.0,8169.0,8170.0,8171.0,8172.0,8175.0,8178.0,8181.0,8180.0,8182.0,8183.0,8185.0,8185.0,8186.0,8187.0,8188.0,8189.0,8188.0,8188.0,8189.0,8191.0,8191.0,8192.0,8193.0,8195.0,8194
uszUdSOAd4M,422665.0,422688.0,422710.0,422730.0,422750.0,422773.0,422807.0,422834.0,422871.0,422888.0,422911.0,422923.0,422950.0,422969.0,422988.0,423013.0,423032.0,423056.0,423074.0,423102.0,423128.0,423177.0,423202.0,423218.0,423247.0,423275.0,423311.0,423345.0,423374.0,423404.0,423424.0,423443.0,423473.0,423498.0,423528.0,423558.0,423579.0,423614.0,423631.0,423653.0,423674.0,423706.0,423727.0,423762.0,423789.0,423802.0,423828.0,423848.0,423876.0,423895.0,423921.0,423951.0,423969.0,423984.0,424006.0,424023.0,424045.0,424067.0,424096.0,424121.0,424141.0,424166.0,424192.0,424223.0,424253.0,424276.0,424298.0,424306.0,424343.0,424372.0,424397.0,424424.0,424443.0,424465.0,424480.0,424503.0,424523.0,424550.0,424569.0,424601.0,424622.0,424646.0,424658.0,424672.0,424702.0,424737.0,424761.0,424793.0,424821.0,424844.0,424872.0,424897.0,424923.0,424946.0,424976.0,424999.0,425020.0,425052.0,425072.0,425096.0,425116.0,425135.0,425159.0,425177.0,425195.0,425216.0,425235.0,425252.0,425269.0,425292.0,425311.0,425325.0,425356.0,425391.0,425410.0,425425.0,425450.0,425484.0,425497.0,425529.0,425548.0,425574.0,425594.0,425624.0,425639.0,425664.0,425683.0,425711.0,425732.0,425751.0,425773.0,425797.0,425810.0,425839.0,,,,,,,,,426037.0,426052.0,426075.0,426095.0,426114.0,426137.0,426156.0,426172.0,426196.0,426226.0,426250.0,426291.0,426327.0,426351.0,426383.0,426402.0,426426.0,426464.0,426492.0,426521.0,426537.0,426554.0,426568.0,426591.0,426619.0,426639.0,426651.0,426674.0,426696.0,426710.0,426728.0,426738.0,426756.0,426775.0,426796.0,426818.0,426828.0,426847.0,426865.0,426879.0,426893.0,426907.0,426924.0,426938.0,426957.0,426968.0,426992.0,427007.0,427025.0,427043.0,427064.0,427080.0,427106.0,427133.0,427156.0,427174.0,427197.0,427213.0,427229.0,427260.0,427282.0,427295.0,427311.0,427328.0,427354.0,427374.0,427396.0,427418.0,427442.0,427463.0,427474.0,427497.0,427513.0,427544.0,427563.0,427593.0,427619.0,427639.0,427662.0,427696.0,427718.0,427739.0,427768.0,427801.0,427823.0,427851.0,427880.0,427902.0,427930.0,427949.0,427975.0,428008.0,428045.0,428065.0,428095.0,428120.0,428146.0,428182.0,428208.0,428240.0,428269.0,428293.0,428312.0,428340.0,428364.0,428392.0,428413.0,428434.0,428454.0,428476.0,428514.0,428543.0,428569.0,428597.0,428612.0,428645.0,428685.0,428724.0,428746.0,428769.0,428791.0,,428842.0,428865.0,428882.0,428913.0,428925.0,428943.0,428953.0,428970.0,428989.0,429003.0,429038.0,429063.0,429083.0,429097.0,429113.0,429129.0,429138.0,429163.0,429186.0,429196.0,429222.0,429244.0,429269.0,429301.0,429332.0,429357.0,429370.0,429391.0,429421.0,429463.0,429493.0,429523.0,429553.0,429582.0,429611.0,429648.0,429677.0,429718.0,429750.0,429770.0,429791.0,429812.0,429838.0,429862.0,429892.0,429923.0,429954.0,429985.0,430014.0,430043.0,430086.0,430121.0,430167.0,430196.0,430226.0,430260.0,430300.0,430322.0,430365.0,430393.0,430439.0,430486.0,430535.0,430580.0,430624.0,430669.0,430772.0,430881.0,430964.0,431053.0,431129.0,431198.0,431316.0,431399.0,431442.0,431472.0,431519.0,431582.0,431638.0,431683.0,431736.0,431786.0,431834.0,431872.0,431907.0,431950.0,431995.0,432047.0,432094.0,432126.0,432151.0,432185.0,432224.0,432257.0,432298.0,432332.0,432361.0,432384.0,432418.0,432441.0,432470.0,432493.0,432513.0,432538.0,432562.0,432602.0,432641.0,432663.0,432687.0,432707.0,432727.0,432757.0,432789.0,432810
cSqOY5nktfg,116523630.0,116563881.0,116610734.0,116659523.0,116705960.0,116752112.0,116796633.0,116848755.0,116903458.0,116964049.0,117025820.0,117080363.0,117134964.0,117190029.0,117247629.0,117303953.0,117365187.0,117425629.0,117480512.0,117533917.0,117591384.0,117651388.0,117711510.0,117769480.0,117827616.0,117879242.0,117933078.0,117991304.0,118050255.0,118106130.0,118169145.0,118225329.0,118280253.0,118339572.0,118396467.0,118461809.0,118562946.0,118677571.0,118770746.0,118859047.0,118944399.0,119021827.0,119096997.0,119171877.0,119247601.0,119315715.0,119375525.0,119436336.0,119495593.0,119551183.0,119603450.0,119663585.0,119719890.0,119771910.0,119828731.0,119885415.0,119942181.0,120001187.0,120065438.0,120127633.0,120188242.0,120248356.0,120307153.0,120365174.0,120423634.0,120482014.0,120537683.0,120592518.0,120646408.0,120710974.0,120768392.0,120821121.0,120871792.0,120923742.0,120972559.0,121023187.0,121074721.0,121130280.0,121185663.0,121239631.0,121290982.0,121339519.0,121386183.0,121438297.0,121490897.0,121542395.0,121594853.0,121648237.0,121694760.0,121738763.0,121784880.0,121831706.0,121879300.0,121932305.0,121986892.0,122031538.0,122074705.0,122119038.0,122164108.0,122211214.0,122263288.0,122313896.0,122354586.0,122393745.0,122434830.0,122475084.0,122514966.0,122559672.0,122606022.0,122648215.0,122688765.0,122729797.0,122770008.0,122810877.0,122858296.0,122904623.0,122944317.0,122982140.0,123021532.0,123060332.0,123101593.0,123148338.0,123195332.0,123235794.0,123277436.0,123319958.0,123364876.0,123411612.0,123465817.0,123518491.0,123561226.0,123607385.0,123652432.0,123694528.0,,,,,,,,,124068854.0,124113882.0,124152513.0,124189124.0,124224182.0,124259056.0,124291957.0,124328065.0,124369770.0,124405070.0,124440342.0,124473844.0,124508552.0,124543314.0,124583427.0,124621938.0,124656843.0,124691519.0,124727719.0,124763141.0,124797641.0,124835077.0,124875440.0,124908091.0,124941614.0,124975946.0,125008774.0,125042187.0,125078889.0,125115121.0,125145760.0,125178955.0,125212830.0,125245599.0,125278397.0,125315793.0,125351949.0,125383029.0,125414791.0,125447444.0,125480105.0,125513373.0,125550538.0,125586540.0,125617096.0,125645902.0,125675731.0,125706825.0,125738546.0,125775287.0,125809891.0,125839832.0,125869801.0,125902688.0,125935029.0,125968954.0,126005657.0,126041134.0,126074173.0,126109818.0,126146261.0,126180225.0,126211783.0,126246260.0,126278616.0,126310988.0,126347423.0,126382601.0,126417458.0,126448904.0,126485039.0,126520584.0,126554406.0,126589499.0,126623595.0,126657909.0,126694420.0,126734342.0,126775515.0,126810953.0,126845398.0,126880076.0,126918590.0,126962207.0,127010671.0,127058425.0,127096955.0,127137678.0,127177417.0,127216432.0,127258121.0,127306751.0,127357073.0,127400050.0,127445251.0,127487536.0,127526894.0,127567679.0,127611883.0,127653835.0,127691037.0,127725792.0,127760472.0,127794147.0,127830454.0,127870457.0,127908727.0,127942030.0,127974626.0,128008002.0,128042700.0,128078940.0,128119646.0,128158515.0,128192519.0,128225859.0,128257551.0,128287940.0,128319849.0,128356489.0,128393747.0,,128460686.0,128494626.0,128529386.0,128573787.0,128632223.0,128684597.0,128732218.0,128781977.0,128832343.0,128884719.0,128937398.0,128999433.0,129059533.0,129110035.0,129153515.0,129194615.0,129237941.0,129286329.0,129342165.0,129392204.0,129435043.0,129476579.0,129514841.0,129553378.0,129591956.0,129632025.0,129673951.0,129710585.0,129746655.0,129785362.0,129823937.0,129862491.0,129903724.0,129941960.0,129977769.0,130016710.0,130056203.0,130091736.0,130129035.0,130164897.0,130199979.0,130231149.0,130263476.0,130297355.0,130332748.0,130370499.0,130410231.0,130449779.0,130485697.0,130521746.0,130555751.0,130592100.0,130630300.0,130672632.0,130715228.0,130752663.0,130787675.0,130823528.0,130862426.0,130903452.0,130948597.0,130995150.0,131033057.0,131072051.0,131118355.0,131168762.0,131228036.0,131282632.0,131333439.0,131382461.0,131440119.0,131491487.0,131545615.0,131607952.0,131672411.0,131736613.0,131794795.0,131851605.0,131901799.0,131957578.0,132015198.0,132080996.0,132144295.0,132192944.0,132240705.0,132290933.0,132343125.0,132399476.0,132462221.0,132520640.0,132570015.0,132618731.0,132671297.0,132723087.0,132773732.0,132830728.0,132886777.0,132941707.0,132994844.0,133047053.0,133095551.0,133144678.0,133201297.0,133258943.0,133310410.0,133363099.0,133423910.0,133483763.0,133536172.0,133594312.0,133652371.0,133701585.0,133752284.0,133805663
ACZtD__YK90,9840728.0,9842180.0,9843924.0,9845624.0,9847301.0,9848897.0,9850554.0,9852757.0,9854527.0,9856494.0,9858493.0,9860271.0,9862162.0,9863918.0,9865662.0,9867359.0,9869099.0,9870860.0,9872371.0,9873999.0,9875490.0,9877195.0,9878786.0,9880419.0,9881981.0,9883454.0,9884880.0,9886210.0,9887568.0,9888976.0,9890574.0,9892153.0,9893606.0,9895104.0,9896638.0,9898232.0,9899893.0,9901622.0,9903321.0,9904813.0,9906339.0,9907833.0,9909430.0,9911033.0,9912758.0,9914307.0,9915663.0,9917194.0,9918675.0,9920186.0,9921679.0,9923348.0,9924867.0,9926329.0,9927925.0,9929611.0,9931196.0,9932814.0,9934877.0,9936643.0,9938260.0,9939914.0,9941414.0,9942895.0,9944444.0,9945975.0,9947404.0,9948801.0,9949927.0,9951455.0,9952857.0,9954244.0,9955530.0,9957171.0,9958599.0,9959929.0,9961237.0,9962566.0,9963949.0,9965639.0,9967291.0,9968694.0,9970059.0,9971544.0,9973100.0,9974740.0,9976533.0,9978391.0,9980020.0,9981728.0,9983514.0,9985237.0,9987060.0,9989162.0,9991355.0,9993360.0,9995321.0,9997338.0,9999702.0,10002828.0,10005106.0,10007078.0,10008709.0,10010219.0,10011786.0,10013241.0,10014622.0,10016103.0,10017685.0,10019012.0,10020301.0,10022298.0,10024198.0,10026015.0,10028070.0,10030042.0,10031719.0,10033401.0,10035010.0,10036312.0,10037571.0,10039120.0,10040612.0,10041795.0,10042859.0,10044025.0,10045174.0,10046592.0,10048011.0,10049194.0,10050242.0,10051335.0,10052538.0,10053669.0,,,,,,,,,10064378.0,10065819.0,10067048.0,10068248.0,10069425.0,10070656.0,10071945.0,10073233.0,10074606.0,10075831.0,10076966.0,10078161.0,10079509.0,10080842.0,10082332.0,10083805.0,10085004.0,10086267.0,10087597.0,10088893.0,10090234.0,10091633.0,10092879.0,10094209.0,10095449.0,10096804.0,10098138.0,10099416.0,10100657.0,10101822.0,10102796.0,10103803.0,10104815.0,10105809.0,10106947.0,10108231.0,10109444.0,10110500.0,10111563.0,10112632.0,10113599.0,10114591.0,10115801.0,10117035.0,10118120.0,10119249.0,10120278.0,10121486.0,10122567.0,10124030.0,10125271.0,10126305.0,10127350.0,10128468.0,10129492.0,10130573.0,10131757.0,10132876.0,10133894.0,10134985.0,10136105.0,10137145.0,10138163.0,10139227.0,10140336.0,10141512.0,10142788.0,10143978.0,10145042.0,10146133.0,10147276.0,10148390.0,10149445.0,10150510.0,10151830.0,10153269.0,10154910.0,10156472.0,10157853.0,10159196.0,10160471.0,10161682.0,10163070.0,10164308.0,10165593.0,10166847.0,10167976.0,10169127.0,10170256.0,10171444.0,10172588.0,10173759.0,10175154.0,10176262.0,10177343.0,10178402.0,10179394.0,10180523.0,10181759.0,10182990.0,10184015.0,10185031.0,10186018.0,10187047.0,10188070.0,10189218.0,10190542.0,10191686.0,10192798.0,10193776.0,10194952.0,10196131.0,10197520.0,10198945.0,10200252.0,10201513.0,10202757.0,10203824.0,10205046.0,10206370.0,10207643.0,,10209914.0,10211059.0,10212290.0,10213467.0,10214737.0,10215840.0,10216888.0,10217981.0,10219156.0,10220252.0,10221369.0,10222569.0,10223780.0,10224834.0,10225871.0,10226879.0,10227919.0,10229033.0,10230350.0,10231655.0,10232727.0,10233874.0,10235002.0,10236155.0,10237352.0,10238505.0,10239734.0,10240768.0,10241847.0,10242932.0,10244013.0,10245097.0,10246272.0,10247484.0,10248700.0,10249968.0,10251274.0,10252589.0,10253921.0,10255215.0,10256573.0,10257763.0,10259014.0,10260179.0,10261280.0,10262354.0,10263572.0,10264819.0,10265921.0,10267117.0,10268226.0,10269395.0,10270472.0,10271659.0,10272856.0,10274055.0,10275263.0,10276575.0,10277777.0,10278931.0,10280128.0,10281342.0,10282420.0,10283407.0,10284579.0,10285739.0,10287049.0,10288303.0,10289415.0,10290432.0,10291539.0,10292491.0,10293475.0,10294322.0,10295293.0,10296319.0,10297197.0,10298048.0,10298951.0,10299872.0,10300754.0,10301809.0,10302898.0,10303836.0,10304831.0,10305854.0,10306890.0,10308012.0,10309102.0,10310536.0,10311596.0,10312665.0,10313794.0,10314953.0,10316065.0,10317188.0,10318346.0,10319341.0,10320307.0,10321357.0,10322355.0,10323404.0,10324515.0,10325691.0,10326682.0,10327689.0,10328703.0,10329744.0,10330812.0,10331808.0,10332714.0,10333536.0,10334311.0,10335244
1Q5YqnEkoEU,173729.0,173799.0,173876.0,173931.0,174017.0,174105.0,174205.0,174331.0,174511.0,174622.0,174747.0,174840.0,174943.0,175049.0,175150.0,175231.0,175320.0,175441.0,175527.0,175681.0,175840.0,176048.0,176269.0,176475.0,176686.0,176875.0,177138.0,177685.0,178044.0,178272.0,178474.0,178704.0,178855.0,179005.0,179261.0,179467.0,179710.0,179873.0,180057.0,180223.0,180419.0,180589.0,180762.0,180938.0,181129.0,181294.0,181582.0,181814.0,182067.0,182355.0,182666.0,182942.0,183195.0,183430.0,183722.0,184057.0,184406.0,184832.0,185400.0,185772.0,186243.0,186647.0,187101.0,187584.0,187942.0,188279.0,188701.0,189020.0,189368.0,189842.0,190359.0,190929.0,191398.0,191956.0,192571.0,193109.0,193778.0,194371.0,194829.0,195411.0,196026.0,196677.0,197415.0,198012.0,198710.0,199312.0,199700.0,200353.0,201033.0,201674.0,202631.0,203317.0,203888.0,204527.0,205096.0,205733.0,206419.0,206985.0,207449.0,207832.0,208201.0,208789.0,209464.0,210123.0,210573.0,211006.0,211466.0,212024.0,212593.0,213116.0,213513.0,214244.0,215110.0,215945.0,216603.0,217270.0,217873.0,218492.0,218905.0,219681.0,220560.0,221258.0,222112.0,222702.0,223347.0,223870.0,224530.0,225113.0,225716.0,226387.0,226885.0,227396.0,228095.0,228807.0,,,,,,,,,235999.0,236747.0,237747.0,238623.0,239487.0,240136.0,241015.0,241742.0,242747.0,243399.0,244146.0,244970.0,245953.0,246750.0,247696.0,248472.0,249262.0,250050.0,250939.0,251602.0,252269.0,253087.0,253913.0,254724.0,255629.0,256530.0,257330.0,258371.0,259186.0,259933.0,260715.0,261379.0,262273.0,262960.0,263724.0,264295.0,265141.0,265730.0,266421.0,267047.0,267695.0,268515.0,269470.0,270083.0,270698.0,271291.0,272035.0,272562.0,272946.0,273463.0,274046.0,274581.0,275214.0,275870.0,276509.0,277125.0,277733.0,278402.0,279073.0,279794.0,280559.0,281051.0,281543.0,282123.0,282661.0,283274.0,283970.0,284711.0,285087.0,285636.0,286256.0,286876.0,287475.0,288041.0,288600.0,289221.0,289920.0,290518.0,290931.0,291419.0,292050.0,292599.0,293262.0,294001.0,294531.0,295137.0,295689.0,296314.0,296849.0,297415.0,298077.0,298645.0,299113.0,299575.0,300154.0,300680.0,301213.0,301846.0,302445.0,302891.0,303501.0,303987.0,304365.0,304832.0,305439.0,305884.0,306336.0,306889.0,307508.0,308198.0,308840.0,309516.0,310139.0,310633.0,311289.0,311900.0,312367.0,312702.0,313107.0,313551.0,314020.0,,314929.0,315362.0,315969.0,316749.0,317599.0,318221.0,318859.0,319569.0,320235.0,320836.0,321629.0,322392.0,322908.0,323487.0,324089.0,324637.0,325290.0,325958.0,326687.0,327172.0,327719.0,328291.0,328814.0,329435.0,329797.0,330257.0,330706.0,331093.0,331617.0,332104.0,332489.0,333108.0,333607.0,334049.0,334602.0,335178.0,335595.0,336094.0,336467.0,336850.0,337208.0,337577.0,337984.0,338399.0,338745.0,339397.0,340107.0,340889.0,341468.0,342120.0,342712.0,343338.0,344044.0,344614.0,345040.0,345572.0,345995.0,346357.0,346826.0,347203.0,347574.0,347894.0,348278.0,348675.0,349096.0,349582.0,350280.0,350867.0,351339.0,352022.0,352986.0,353856.0,354703.0,355489.0,356156.0,356666.0,357303.0,357809.0,358439.0,359002.0,359563.0,360020.0,360327.0,360633.0,361059.0,361405.0,361723.0,362074.0,362411.0,362761.0,363071.0,363473.0,363958.0,364487.0,364970.0,365361.0,365844.0,366322.0,366741.0,367121.0,367535.0,367926.0,368232.0,368608.0,368991.0,369512.0,369877.0,370316.0,370609.0,370942.0,371201.0,371483.0,371849.0,372214
_jONRhd7kO4,14982727.0,14983058.0,14983527.0,14983962.0,14984414.0,14984894.0,14985375.0,14985983.0,14986560.0,14987146.0,14987645.0,14988054.0,14988543.0,14989047.0,14989794.0,14990436.0,14991079.0,14991632.0,14992078.0,14992520.0,14993100.0,14993588.0,14994131.0,14994528.0,14995014.0,14995439.0,14995943.0,14996486.0,14996949.0,14997379.0,14997893.0,14998367.0,14998846.0,14999286.0,14999901.0,15000539.0,15001093.0,15001570.0,15002020.0,15002484.0,15002930.0,15003391.0,15003875.0,15004335.0,15004850.0,15005279.0,15005716.0,15006162.0,15006680.0,15007167.0,15007838.0,15008802.0,15010034.0,15011092.0,15012042.0,15012774.0,15013368.0,15013956.0,15014592.0,15015156.0,15015660.0,15016243.0,15016717.0,15017174.0,15017702.0,15018107.0,15018601.0,15019071.0,15019491.0,15020081.0,15020675.0,15021354.0,15021932.0,15022448.0,15022889.0,15023390.0,15023879.0,15024415.0,15025042.0,15025660.0,15026163.0,15026666.0,15027122.0,15027667.0,15028111.0,15028748.0,15029278.0,15029921.0,15030492.0,15031242.0,15032158.0,15033010.0,15033862.0,15034742.0,15035521.0,15036125.0,15036614.0,15037070.0,15037539.0,15038416.0,15039258.0,15039921.0,15040436.0,15041000.0,15041541.0,15042111.0,15042632.0,15043167.0,15043671.0,15044194.0,15044735.0,15045171.0,15045637.0,15046088.0,15046624.0,15047218.0,15047695.0,15048161.0,15048594.0,15049036.0,15049458.0,15049970.0,15050418.0,15050975.0,15051382.0,15051839.0,15052313.0,15052841.0,15053413.0,15053956.0,15054424.0,15054885.0,15055415.0,15055851.0,,,,,,,,,15060607.0,15061151.0,15061560.0,15062062.0,15062562.0,15063036.0,15063536.0,15064007.0,15064517.0,15064980.0,15065466.0,15065906.0,15066398.0,15066823.0,15067226.0,15067687.0,15068085.0,15068514.0,15068932.0,15069353.0,15069710.0,15070142.0,15070613.0,15071037.0,15071491.0,15071919.0,15072359.0,15072782.0,15073270.0,15073711.0,15074095.0,15074487.0,15074899.0,15075300.0,15075674.0,15076062.0,15076491.0,15076848.0,15077250.0,15077605.0,15077937.0,15078297.0,15078660.0,15078970.0,15079308.0,15079611.0,15080025.0,15080405.0,15080809.0,15081152.0,15081462.0,15081749.0,15082067.0,15082384.0,15082764.0,15083177.0,15083518.0,15083930.0,15084260.0,15084548.0,15084930.0,15085198.0,15085529.0,15085829.0,15086184.0,15086509.0,15086890.0,15087348.0,15087712.0,15087987.0,15088321.0,15088730.0,15089090.0,15089501.0,15089917.0,15090400.0,15090890.0,15091393.0,15091926.0,15092866.0,15093337.0,15093733.0,15094077.0,15094509.0,15094862.0,15095266.0,15095550.0,15095887.0,15096211.0,15096606.0,15096938.0,15097284.0,15097636.0,15097988.0,15098287.0,15098575.0,15098873.0,15099252.0,15099664.0,15100071.0,15100451.0,15100825.0,15101168.0,15101547.0,15101896.0,15102305.0,15102690.0,15103035.0,15103308.0,15103610.0,15103859.0,15104164.0,15104456.0,15104744.0,15105052.0,15105345.0,15105587.0,15105876.0,15106174.0,15106494.0,15106883.0,,15107554.0,15107880.0,15108208.0,15108517.0,15108856.0,15109196.0,15109449.0,15109759.0,15110053.0,15110347.0,15110627.0,15110932.0,15111309.0,15111643.0,15111953.0,15112254.0,15112593.0,15112899.0,15113217.0,15113620.0,15113975.0,15114311.0,15114600.0,15114882.0,15115160.0,15115462.0,15115734.0,15116034.0,15116259.0,15116510.0,15116750.0,15117027.0,15117289.0,15117538.0,15117801.0,15118061.0,15118295.0,15118592.0,15118840.0,15119102.0,15119346.0,15119651.0,15119887.0,15120136.0,15120394.0,15120705.0,15121001.0,15121301.0,15121569.0,15121861.0,15122156.0,15122456.0,15122756.0,15123062.0,15123374.0,15123641.0,15123896.0,15124117.0,15124376.0,15124621.0,15124883.0,15125160.0,15125433.0,15125680.0,15125901.0,15126155.0,15126459.0,15126761.0,15127016.0,15127268.0,15127515.0,15127757.0,15127960.0,15128237.0,15128503.0,15128783.0,15129091.0,15129385.0,15129722.0,15129998.0,15130292.0,15130615.0,15130866.0,15131095.0,15131324.0,15131624.0,15131909.0,15132277.0,15132708.0,15133073.0,15133430.0,15133848.0,15134258.0,15134682.0,15135053.0,15135485.0,15135887.0,15136244.0,15136527.0,15136889.0,15137219.0,15137567.0,15137903.0,15138266.0,15138576.0,15138884.0,15139170.0,15139506.0,15139812.0,15140166.0,15140508.0,15140746.0,15141032.0,15141307
IujPMo2ZvRk,5238739.0,5241124.0,5243180.0,5245223.0,5247590.0,5249901.0,5252128.0,5254486.0,5256620.0,5258571.0,5260399.0,5262463.0,5264875.0,5267102.0,5269545.0,5271401.0,5273495.0,5275321.0,5277232.0,5279668.0,5281907.0,5284490.0,5286660.0,5288721.0,5290263.0,5292123.0,5294263.0,5296321.0,5298320.0,5300514.0,5302377.0,5304024.0,5305997.0,5308025.0,5310138.0,5312116.0,5314465.0,5316162.0,5317665.0,5319335.0,5321297.0,5323103.0,5325007.0,5327052.0,5328671.0,5330191.0,5331982.0,5333897.0,5335665.0,5337209.0,5339201.0,5340997.0,5342341.0,5344009.0,5345807.0,5347384.0,5349001.0,5350714.0,5352455.0,5353794.0,5355266.0,5356751.0,5358257.0,5359763.0,5361370.0,5362774.0,5364049.0,5365571.0,5366689.0,5368576.0,5370134.0,5371609.0,5373109.0,5374403.0,5375888.0,5377191.0,5378931.0,5380586.0,5382365.0,5383861.0,5385152.0,5386711.0,5388361.0,5389983.0,5391640.0,5393332.0,5394704.0,5396112.0,5397670.0,5399204.0,5400876.0,5402539.0,5404104.0,5405532.0,5406702.0,5408302.0,5409882.0,5411447.0,5413059.0,5414804.0,5416376.0,5417526.0,5419042.0,5420601.0,5422067.0,5423769.0,5425381.0,5426831.0,5428240.0,5429777.0,5431552.0,5432997.0,5434360.0,5435729.0,5437003.0,5438099.0,5439501.0,5440875.0,5442264.0,5443502.0,5444757.0,5445905.0,5447203.0,5448070.0,5449342.0,5450555.0,5451634.0,5453029.0,5454172.0,5455261.0,5456553.0,5457840.0,5459247.0,5460616.0,,,,,,,,,5474371.0,5475660.0,5477027.0,5478538.0,5479857.0,5481197.0,5482421.0,5483526.0,5484823.0,5486008.0,5487267.0,5488618.0,5489989.0,5491228.0,5492400.0,5493419.0,5494647.0,5496031.0,5497259.0,5498459.0,5499730.0,5500903.0,5502103.0,5503410.0,5504703.0,5505962.0,5507431.0,5508858.0,5509862.0,5510904.0,5512211.0,5513388.0,5514576.0,5515699.0,5516850.0,5517943.0,5518817.0,5520075.0,5521256.0,5522419.0,5523588.0,5524865.0,5525897.0,5526821.0,5527858.0,5529205.0,5530330.0,5531567.0,5532730.0,5533881.0,5534877.0,5536010.0,5537054.0,5538267.0,5539592.0,5540657.0,5541742.0,5542661.0,5543810.0,5544910.0,5545903.0,5546817.0,5547863.0,5548689.0,5549601.0,5550708.0,5551690.0,5552712.0,5553558.0,5554566.0,5555603.0,5556534.0,5557708.0,5558933.0,5560312.0,5561453.0,5562854.0,5563874.0,5565064.0,5566600.0,5568164.0,5569609.0,5571571.0,5573150.0,5574644.0,5575898.0,5577325.0,5578743.0,5580358.0,5581764.0,5583009.0,5584150.0,5585153.0,5586416.0,5587571.0,5589015.0,5590304.0,5591772.0,5592942.0,5593949.0,5595206.0,5596661.0,5598051.0,5599353.0,5600774.0,5602020.0,5602975.0,5604256.0,5605498.0,5606801.0,5607996.0,5609463.0,5610609.0,5611679.0,5612730.0,5613618.0,5614481.0,5615568.0,5616594.0,5617404.0,5618171.0,,5620019.0,5620928.0,5621881.0,5622848.0,5623680.0,5624467.0,5625156.0,5626217.0,5627448.0,5628584.0,5629721.0,5630748.0,5631675.0,5632770.0,5633965.0,5635445.0,5636862.0,5638129.0,5639335.0,5640290.0,5641550.0,5642801.0,5644014.0,5645289.0,5646553.0,5647839.0,5648965.0,5650342.0,5651730.0,5653155.0,5654553.0,5655918.0,5657226.0,5658467.0,5659755.0,5661299.0,5662794.0,5664391.0,5666048.0,5667683.0,5669404.0,5671231.0,5673041.0,5674792.0,5676109.0,5677766.0,5679703.0,5681344.0,5683456.0,5685613.0,5687757.0,5689765.0,5691832.0,5693997.0,5695855.0,5698059.0,5700109.0,5702286.0,5704656.0,5707416.0,5710232.0,5712682.0,5715816.0,5719068.0,5722273.0,5725407.0,5728094.0,5730615.0,5732609.0,5734983.0,5737467.0,5740127.0,5742810.0,5745656.0,5748157.0,5750361.0,5752941.0,5755533.0,5758067.0,5760359.0,5762619.0,5764636.0,5766429.0,5768522.0,5770805.0,5772898.0,5775277.0,5777993.0,5780211.0,5782345.0,5784335.0,5786789.0,5789141.0,5791126.0,5793305.0,5795294.0,5796953.0,5798912.0,5800876.0,5802538.0,5804522.0,5806888.0,5809021.0,5810982.0,5813428.0,5815812.0,5818705.0,5821450.0,5824016.0,5826220.0,5828016.0,5829953.0,5832405.0,5834387
AaOt0jZefis,813931.0,814358.0,814718.0,815153.0,815612.0,816255.0,816794.0,817410.0,817943.0,818417.0,818977.0,819532.0,820215.0,820955.0,821666.0,822287.0,822831.0,823299.0,823746.0,824115.0,824579.0,825063.0,825528.0,826077.0,826625.0,827148.0,827714.0,828221.0,828687.0,829125.0,829609.0,830084.0,830510.0,831092.0,831610.0,832285.0,832928.0,833483.0,833973.0,834531.0,834990.0,835482.0,836004.0,836575.0,837224.0,837753.0,838266.0,838855.0,839386.0,839832.0,840209.0,840584.0,841043.0,841513.0,842141.0,842664.0,843167.0,843599.0,843972.0,844388.0,844869.0,845327.0,845734.0,846122.0,846544.0,846919.0,847310.0,847710.0,848021.0,848443.0,848881.0,849220.0,849615.0,850047.0,850461.0,850883.0,851297.0,851783.0,852195.0,852628.0,853028.0,853332.0,853688.0,854061.0,854448.0,854919.0,855351.0,855751.0,856304.0,856747.0,857109.0,857492.0,857935.0,858414.0,858846.0,859273.0,859742.0,860231.0,860711.0,861173.0,861621.0,862108.0,862527.0,862886.0,863341.0,863705.0,864168.0,864547.0,865024.0,865464.0,865844.0,866234.0,866608.0,866960.0,867317.0,867619.0,868018.0,868321.0,868650.0,868973.0,869253.0,869576.0,869824.0,870059.0,870276.0,870592.0,870824.0,871069.0,871354.0,871541.0,871766.0,871948.0,872180.0,872364.0,,,,,,,,,874357.0,874553.0,874774.0,875020.0,875228.0,875443.0,875611.0,875849.0,876101.0,876297.0,876511.0,876688.0,876974.0,877255.0,877533.0,877806.0,878071.0,878321.0,878589.0,878880.0,879129.0,879362.0,879647.0,879897.0,880174.0,880464.0,880747.0,881026.0,881234.0,881464.0,881728.0,881958.0,882199.0,882426.0,882648.0,882859.0,883147.0,883398.0,883585.0,883886.0,884113.0,884329.0,884557.0,884799.0,885015.0,885277.0,885515.0,885744.0,885955.0,886137.0,886346.0,886543.0,886762.0,886974.0,887203.0,887394.0,887554.0,887718.0,887922.0,888115.0,888244.0,888420.0,888597.0,888792.0,888983.0,889143.0,889316.0,889528.0,889670.0,889804.0,889959.0,890128.0,890282.0,890477.0,890669.0,890825.0,890997.0,891192.0,891375.0,891570.0,891806.0,891994.0,892231.0,892467.0,892645.0,892862.0,893110.0,893336.0,893537.0,893816.0,894056.0,894302.0,894545.0,894786.0,894990.0,895260.0,895517.0,895782.0,896063.0,896284.0,896550.0,896805.0,897082.0,897360.0,897584.0,897894.0,898214.0,898561.0,898783.0,899015.0,899169.0,899400.0,899664.0,899970.0,900243.0,900503.0,900731.0,901015.0,901303.0,901588.0,901831.0,,902548.0,902968.0,903262.0,903554.0,903900.0,904217.0,904485.0,904784.0,905085.0,905346.0,905664.0,905939.0,906239.0,906516.0,906799.0,907139.0,907395.0,907655.0,908062.0,908449.0,908765.0,909073.0,909448.0,909789.0,910080.0,910483.0,910785.0,911084.0,911450.0,911837.0,912160.0,912638.0,913142.0,913573.0,914092.0,914623.0,915107.0,915666.0,916098.0,916601.0,917053.0,917509.0,917902.0,918543.0,919071.0,919582.0,920097.0,920455.0,920995.0,921465.0,921941.0,922418.0,922964.0,923511.0,924022.0,924595.0,925131.0,925625.0,926401.0,927105.0,927807.0,928577.0,929378.0,930177.0,930924.0,931607.0,932195.0,932599.0,933108.0,933629.0,934097.0,934564.0,935088.0,935653.0,936097.0,936684.0,937180.0,937699.0,938230.0,938820.0,939473.0,940028.0,940668.0,941458.0,942258.0,943167.0,944042.0,944848.0,945571.0,946268.0,947049.0,947773.0,948435.0,949007.0,949563.0,950162.0,950812.0,951498.0,952086.0,952687.0,953235.0,953848.0,954501.0,955230.0,955838.0,956567.0,957266.0,957984.0,958700.0,959380.0,960079.0,960899.0,961640.0,962359
EGdKUSeqwWY,3710574.0,3712725.0,3714831.0,3716801.0,3718636.0,3720425.0,3722413.0,3724573.0,3726640.0,3728212.0,3729536.0,3731275.0,3733270.0,3735005.0,3737163.0,3738997.0,3740541.0,3741861.0,3743301.0,3744893.0,3746547.0,3748354.0,3750229.0,3751878.0,3753344.0,3754865.0,3756657.0,3758390.0,3760107.0,3761944.0,3763511.0,3764800.0,3766333.0,3767967.0,3769879.0,3771698.0,3773598.0,3775015.0,3776144.0,3777422.0,3779169.0,3780883.0,3782506.0,3784073.0,3785470.0,3787008.0,3788421.0,3790123.0,3791796.0,3793490.0,3795280.0,3797077.0,3798601.0,3800759.0,3803201.0,3805411.0,3807641.0,3809856.0,3811795.0,3813630.0,3815611.0,3817447.0,3819110.0,3820723.0,3822467.0,3824179.0,3825782.0,3827673.0,3829027.0,3831477.0,3833701.0,3835817.0,3837712.0,3839324.0,3841326.0,3843421.0,3845688.0,3848196.0,3850524.0,3852387.0,3853852.0,3855678.0,3857598.0,3859515.0,3861354.0,3863170.0,3864620.0,3866039.0,3867735.0,3869550.0,3871301.0,3872981.0,3875149.0,3876759.0,3878141.0,3879733.0,3881369.0,3883017.0,3884595.0,3886044.0,3887472.0,3888746.0,3890336.0,3891969.0,3893696.0,3895289.0,3896977.0,3898198.0,3899536.0,3901073.0,3902451.0,3904137.0,3905922.0,3907653.0,3909003.0,3910268.0,3911749.0,3913596.0,3915481.0,3917745.0,3920352.0,3922226.0,3924328.0,3925894.0,3927142.0,3928574.0,3929864.0,3931288.0,3932562.0,3933964.0,3935201.0,3936406.0,3937715.0,3939320.0,,,,,,,,,3950870.0,3951923.0,3952932.0,3954151.0,3955378.0,3956523.0,3957729.0,3958654.0,3959704.0,3960951.0,3962225.0,3963550.0,3964844.0,3966174.0,3967253.0,3968167.0,3969444.0,3970835.0,3972188.0,3973370.0,3974554.0,3975863.0,3976999.0,3978186.0,3979647.0,3980982.0,3982577.0,3984143.0,3985509.0,3986616.0,3988015.0,3989390.0,3991137.0,3992600.0,3994082.0,3995262.0,3996466.0,3997946.0,3999043.0,4000496.0,4001764.0,4003251.0,4004432.0,4005465.0,4006688.0,4008107.0,4009412.0,4010771.0,4012259.0,4013478.0,4014644.0,4015989.0,4017594.0,4018954.0,4020394.0,4021815.0,4023154.0,4024273.0,4025738.0,4027412.0,4028832.0,4029894.0,4031055.0,4032163.0,4033101.0,4034227.0,4035445.0,4036886.0,4037772.0,4039028.0,4040181.0,4041239.0,4042588.0,4043773.0,4045251.0,4046538.0,4048007.0,4049132.0,4050228.0,4051865.0,4053688.0,4055312.0,4057473.0,4059781.0,4061468.0,4063090.0,4065020.0,4067035.0,4068768.0,4070195.0,4072027.0,4073581.0,4074981.0,4076369.0,4077967.0,4079441.0,4080893.0,4082336.0,4083727.0,4085007.0,4086442.0,4088001.0,4089437.0,4091137.0,4092786.0,4094123.0,4095285.0,4096756.0,4098302.0,4099820.0,4101527.0,4103153.0,4104320.0,4105267.0,4106125.0,4107051.0,4107938.0,4108925.0,4110051.0,4110878.0,4111575.0,,4113218.0,4114043.0,4114911.0,4115831.0,4116591.0,4117167.0,4117820.0,4118594.0,4119349.0,4120209.0,4121080.0,4121815.0,4122509.0,4123309.0,4124126.0,4124916.0,4125842.0,4126794.0,4127597.0,4128251.0,4129063.0,4129898.0,4130726.0,4131637.0,4132610.0,4133498.0,4134205.0,4135133.0,4136040.0,4137022.0,4137967.0,4138868.0,4139560.0,4140208.0,4140960.0,4141831.0,4142706.0,4143663.0,4144653.0,4145657.0,4146655.0,4147862.0,4148797.0,4149835.0,4150949.0,4151962.0,4153241.0,4154503.0,4156271.0,4158123.0,4159707.0,4160997.0,4162839.0,4164245.0,4165568.0,4167266.0,4168717.0,4170765.0,4172936.0,4175811.0,4178546.0,4180854.0,4184381.0,4188249.0,4191626.0,4194478.0,4196995.0,4199442.0,4201473.0,4203941.0,4206462.0,4209172.0,4211916.0,4214636.0,4217030.0,4219091.0,4221644.0,4224175.0,4226754.0,4229063.0,4231267.0,4233180.0,4234891.0,4237068.0,4239556.0,4242018.0,4244821.0,4247790.0,4250550.0,4253061.0,4255306.0,4257855.0,4260427.0,4262914.0,4265518.0,4267840.0,4269746.0,4271846.0,4274020.0,4275906.0,4278112.0,4280821.0,4283206.0,4285464.0,4288374.0,4291417.0,4294889.0,4298429.0,4301653.0,4304361.0,4306660.0,4309231.0,4311747.0,4314062
zUTzTMke548,11330.0,11362.0,11364.0,11376.0,11387.0,11389.0,11389.0,11391.0,11393.0,11397.0,11396.0,11396.0,11398.0,11399.0,11401.0,11405.0,11410.0,11411.0,11422.0,11430.0,11431.0,11432.0,11433.0,11435.0,11436.0,11436.0,11437.0,11453.0,11456.0,11457.0,11457.0,11457.0,11458.0,11459.0,11461.0,11464.0,11474.0,11488.0,11490.0,11494.0,11497.0,11500.0,11503.0,11506.0,11505.0,11509.0,11512.0,11515.0,11518.0,11522.0,11526.0,11533.0,11536.0,11537.0,11538.0,11542.0,11548.0,11548.0,11550.0,11560.0,11568.0,11573.0,11573.0,11576.0,11579.0,11587.0,11590.0,11593.0,11597.0,11601.0,11604.0,11606.0,11612.0,11616.0,11621.0,11628.0,11633.0,11639.0,11649.0,11656.0,11660.0,11664.0,11674.0,11675.0,11681.0,11686.0,11695.0,11711.0,11726.0,11733.0,11740.0,11752.0,11759.0,11762.0,11765.0,11766.0,11770.0,11771.0,11778.0,11783.0,11792.0,11793.0,11799.0,11807.0,11814.0,11817.0,11819.0,11822.0,11824.0,11835.0,11844.0,11851.0,11854.0,11861.0,11864.0,11866.0,11868.0,11875.0,11887.0,11895.0,11902.0,11904.0,11909.0,11914.0,11921.0,11922.0,11928.0,11933.0,11939.0,11947.0,11955.0,11962.0,11968.0,11971.0,,,,,,,,,12002.0,12005.0,12008.0,12024.0,12034.0,12039.0,12041.0,12048.0,12051.0,12056.0,12057.0,12069.0,12072.0,12074.0,12081.0,12088.0,12093.0,12098.0,12101.0,12104.0,12107.0,12114.0,12115.0,12121.0,12126.0,12129.0,12132.0,12138.0,12142.0,12146.0,12146.0,12151.0,12155.0,12163.0,12165.0,12169.0,12171.0,12172.0,12178.0,12180.0,12183.0,12184.0,12188.0,12189.0,12189.0,12192.0,12194.0,12197.0,12199.0,12201.0,12201.0,12203.0,12205.0,12212.0,12218.0,12230.0,12232.0,12237.0,12238.0,12245.0,12250.0,12253.0,12254.0,12256.0,12259.0,12261.0,12264.0,12265.0,12272.0,12277.0,12278.0,12281.0,12282.0,12285.0,12289.0,12292.0,12294.0,12298.0,12301.0,12303.0,12305.0,12308.0,12309.0,12309.0,12314.0,12315.0,12315.0,12319.0,12320.0,12322.0,12323.0,12323.0,12325.0,12325.0,12327.0,12331.0,12332.0,12332.0,12334.0,12335.0,12340.0,12341.0,12345.0,12350.0,12349.0,12349.0,12352.0,12357.0,12359.0,12362.0,12363.0,12367.0,12368.0,12371.0,12372.0,12376.0,12379.0,12379.0,12380.0,12383.0,12383.0,,12386.0,12389.0,12391.0,12391.0,12392.0,12395.0,12398.0,12401.0,12408.0,12409.0,12411.0,12413.0,12418.0,12420.0,12420.0,12423.0,12424.0,12426.0,12428.0,12431.0,12434.0,12440.0,12443.0,12445.0,12445.0,12451.0,12451.0,12455.0,12457.0,12458.0,12460.0,12462.0,12464.0,12464.0,12464.0,12466.0,12468.0,12479.0,12484.0,12485.0,12486.0,12489.0,12493.0,12494.0,12498.0,12505.0,12507.0,12511.0,12517.0,12519.0,12523.0,12525.0,12526.0,12532.0,12534.0,12534.0,12536.0,12543.0,12544.0,12547.0,12547.0,12550.0,12554.0,12557.0,12559.0,12561.0,12564.0,12566.0,12570.0,12573.0,12574.0,12579.0,12580.0,12581.0,12581.0,12582.0,12582.0,12583.0,12585.0,12588.0,12594.0,12602.0,12601.0,12601.0,12604.0,12605.0,12608.0,12614.0,12616.0,12617.0,12617.0,12619.0,12620.0,12620.0,12620.0,12620.0,12622.0,12623.0,12624.0,12626.0,12628.0,12628.0,12630.0,12636.0,12638.0,12639.0,12641.0,12643.0,12643.0,12643.0,12643.0,12643.0,12645.0,12645
SbSSWKa1u9w,607277.0,607351.0,607423.0,607498.0,607573.0,607652.0,607730.0,607796.0,607884.0,607971.0,608049.0,608114.0,608207.0,608297.0,608375.0,608476.0,608602.0,608687.0,608783.0,608891.0,608972.0,609078.0,609193.0,609284.0,609376.0,609463.0,609569.0,609650.0,609740.0,609842.0,609942.0,610025.0,610085.0,610182.0,610292.0,610349.0,610449.0,610541.0,610610.0,610698.0,610789.0,610858.0,610943.0,611010.0,611139.0,611255.0,611366.0,611486.0,611596.0,611703.0,611834.0,611962.0,612118.0,612250.0,612392.0,612532.0,612646.0,612796.0,612995.0,613241.0,613504.0,613774.0,613983.0,614262.0,614506.0,614755.0,614980.0,615205.0,615482.0,615849.0,616060.0,616291.0,616542.0,616751.0,617011.0,617234.0,617456.0,617736.0,617940.0,618175.0,618379.0,618579.0,618763.0,618944.0,619138.0,619297.0,619506.0,619715.0,619921.0,620080.0,620274.0,620440.0,620596.0,620784.0,620937.0,621163.0,621352.0,621602.0,621775.0,621947.0,622148.0,622357.0,622534.0,622707.0,622891.0,623067.0,623245.0,623443.0,623609.0,623781.0,623975.0,624210.0,624390.0,624572.0,624775.0,625044.0,625252.0,625470.0,625662.0,625866.0,626063.0,626269.0,626429.0,626647.0,626874.0,627117.0,627293.0,627516.0,627715.0,627898.0,628066.0,628262.0,628480.0,628650.0,,,,,,,,,630302.0,630446.0,630654.0,630831.0,630993.0,631166.0,631315.0,631442.0,631603.0,631769.0,631889.0,632035.0,632216.0,632354.0,632506.0,632638.0,632779.0,632900.0,633060.0,633171.0,633284.0,633419.0,633560.0,633705.0,633842.0,633996.0,634133.0,634271.0,634401.0,634543.0,634656.0,634764.0,634880.0,635022.0,635145.0,635254.0,635331.0,635438.0,635554.0,635690.0,635797.0,635897.0,636000.0,636094.0,636179.0,636305.0,636433.0,636555.0,636640.0,636747.0,636831.0,636960.0,637065.0,637196.0,637303.0,637421.0,637497.0,637587.0,637695.0,637828.0,637925.0,638037.0,638153.0,638241.0,638329.0,638434.0,638566.0,638657.0,638741.0,638814.0,638892.0,638980.0,639081.0,639178.0,639287.0,639423.0,639514.0,639634.0,639709.0,639809.0,639887.0,639939.0,640013.0,640099.0,640178.0,640240.0,640355.0,640441.0,640525.0,640596.0,640669.0,640755.0,640862.0,640925.0,641007.0,641086.0,641176.0,641244.0,641339.0,641426.0,641488.0,641565.0,641666.0,641738.0,641793.0,641870.0,641935.0,642014.0,642084.0,642149.0,642227.0,642302.0,642391.0,642445.0,642506.0,642566.0,642644.0,642700.0,642759.0,642812.0,642865.0,,642984.0,643041.0,643105.0,643167.0,643227.0,643276.0,643330.0,643397.0,643464.0,643516.0,643559.0,643606.0,643680.0,643729.0,643790.0,643844.0,643908.0,643968.0,644022.0,644078.0,644139.0,644210.0,644262.0,644318.0,644375.0,644430.0,644479.0,644531.0,644576.0,644614.0,644664.0,644707.0,644763.0,644813.0,644873.0,644950.0,645018.0,645082.0,645139.0,645185.0,645229.0,645274.0,645335.0,645396.0,645448.0,645491.0,645575.0,645642.0,645701.0,645765.0,645842.0,645921.0,645976.0,646025.0,646083.0,646134.0,646201.0,646248.0,646292.0,646348.0,646404.0,646456.0,646508.0,646565.0,646618.0,646662.0,646737.0,646830.0,646891.0,646946.0,647043.0,647143.0,647232.0,647328.0,647470.0,647560.0,647634.0,647731.0,647798.0,647861.0,647927.0,647998.0,648054.0,648112.0,648157.0,648227.0,648280.0,648332.0,648376.0,648421.0,648462.0,648503.0,648553.0,648597.0,648666.0,648710.0,648755.0,648815.0,648875.0,648929.0,648975.0,649025.0,649074.0,649110.0,649169.0,649217.0,649264.0,649312.0,649353.0,649402.0,649443.0,649490.0,649558.0,649605
fQFnylAKiFA,8271.0,8272.0,8277.0,8282.0,8290.0,8294.0,8298.0,8298.0,8302.0,8303.0,8309.0,8315.0,8318.0,8321.0,8324.0,8325.0,8328.0,8332.0,8334.0,8336.0,8341.0,8346.0,8350.0,8350.0,8351.0,8354.0,8355.0,8357.0,8359.0,8361.0,8365.0,8366.0,8366.0,8371.0,8375.0,8376.0,8382.0,8388.0,8390.0,8393.0,8394.0,8401.0,8405.0,8408.0,8411.0,8413.0,8415.0,8418.0,8423.0,8429.0,8439.0,8443.0,8451.0,8457.0,8460.0,8466.0,8473.0,8481.0,8490.0,8494.0,8505.0,8513.0,8525.0,8533.0,8536.0,8541.0,8546.0,8558.0,8566.0,8579.0,8590.0,8603.0,8618.0,8629.0,8636.0,8645.0,8670.0,8682.0,8690.0,8700.0,8712.0,8724.0,8734.0,8748.0,8758.0,8764.0,8766.0,8777.0,8791.0,8798.0,8803.0,8813.0,8824.0,8827.0,8844.0,8855.0,8868.0,8871.0,8888.0,8895.0,8901.0,8914.0,8923.0,8940.0,8952.0,8968.0,8976.0,8989.0,9001.0,9014.0,9028.0,9048.0,9065.0,9075.0,9086.0,9104.0,9121.0,9139.0,9166.0,9190.0,9201.0,9222.0,9237.0,9265.0,9286.0,9304.0,9321.0,9345.0,9365.0,9389.0,9408.0,9423.0,9441.0,9457.0,,,,,,,,,9569.0,9573.0,9595.0,9605.0,9617.0,9636.0,9647.0,9660.0,9668.0,9680.0,9693.0,9704.0,9714.0,9734.0,9754.0,9763.0,9779.0,9793.0,9804.0,9814.0,9825.0,9838.0,9855.0,9860.0,9870.0,9876.0,9889.0,9899.0,9906.0,9909.0,9921.0,9924.0,9933.0,9944.0,9952.0,9991.0,10028.0,10041.0,10053.0,10066.0,10071.0,10082.0,10088.0,10095.0,10102.0,10109.0,10116.0,10125.0,10129.0,10136.0,10142.0,10152.0,10170.0,10184.0,10198.0,10201.0,10242.0,10254.0,10263.0,10274.0,10280.0,10291.0,10299.0,10302.0,10312.0,10316.0,10325.0,10330.0,10334.0,10338.0,10341.0,10346.0,10353.0,10363.0,10372.0,10375.0,10380.0,10385.0,10390.0,10393.0,10400.0,10402.0,10408.0,10420.0,10420.0,10426.0,10429.0,10437.0,10440.0,10445.0,10449.0,10451.0,10454.0,10459.0,10472.0,10479.0,10483.0,10488.0,10492.0,10501.0,10508.0,10512.0,10518.0,10524.0,10530.0,10537.0,10541.0,10547.0,10551.0,10555.0,10562.0,10565.0,10567.0,10574.0,10576.0,10579.0,10580.0,10589.0,10592.0,10596.0,10602.0,,10610.0,10620.0,10628.0,10634.0,10641.0,10648.0,10652.0,10656.0,10665.0,10667.0,10675.0,10682.0,10688.0,10694.0,10696.0,10702.0,10709.0,10714.0,10720.0,10722.0,10731.0,10740.0,10743.0,10749.0,10753.0,10759.0,10764.0,10766.0,10772.0,10777.0,10781.0,10785.0,10789.0,10795.0,10802.0,10806.0,10809.0,10814.0,10825.0,10828.0,10835.0,10841.0,10846.0,10853.0,10856.0,10859.0,10863.0,10870.0,10879.0,10886.0,10891.0,10897.0,10908.0,10917.0,10920.0,10925.0,10928.0,10932.0,10937.0,10944.0,10952.0,10960.0,10969.0,10981.0,10993.0,11001.0,11003.0,11007.0,11008.0,11012.0,11015.0,11020.0,11028.0,11034.0,11036.0,11041.0,11044.0,11054.0,11064.0,11068.0,11071.0,11077.0,11080.0,11084.0,11088.0,11091.0,11092.0,11102.0,11103.0,11105.0,11110.0,11113.0,11118.0,11125.0,11131.0,11136.0,11140.0,11143.0,11152.0,11152.0,11159.0,11164.0,11172.0,11175.0,11175.0,11179.0,11182.0,11189.0,11191.0,11195.0,11197.0,11199.0,11202.0,11204
_ItgMr1bMYc,18389750.0,18397441.0,18405931.0,18414979.0,18423385.0,18431605.0,18439552.0,18447746.0,18456225.0,18466276.0,18477073.0,18485954.0,18494481.0,18503176.0,18511909.0,18520039.0,18529042.0,18538339.0,18546692.0,18554494.0,18562478.0,18571156.0,18579965.0,18588834.0,18597556.0,18605625.0,18613692.0,18621766.0,18631141.0,18640761.0,18650336.0,18659447.0,18667542.0,18675344.0,18682475.0,18690418.0,18699881.0,18709147.0,18717385.0,18724312.0,18731046.0,18738085.0,18746067.0,18754542.0,18763104.0,18771275.0,18778589.0,18785567.0,18792467.0,18800292.0,18808604.0,18820324.0,18829872.0,18838509.0,18847192.0,18855252.0,18863428.0,18873306.0,18885470.0,18897431.0,18906950.0,18915248.0,18923351.0,18932965.0,18941796.0,18951171.0,18960926.0,18970881.0,18979823.0,18989856.0,18998741.0,19007263.0,19015856.0,19024972.0,19039298.0,19051816.0,19063744.0,19074849.0,19085355.0,19094889.0,19105269.0,19115050.0,19125808.0,19136181.0,19145276.0,19153680.0,19161844.0,19170215.0,19177975.0,19185474.0,19193367.0,19200407.0,19206684.0,19213520.0,19220572.0,19226950.0,19233399.0,19240545.0,19247867.0,19254565.0,19261604.0,19268981.0,19275618.0,19282157.0,19288723.0,19295072.0,19301894.0,19309430.0,19317762.0,19324540.0,19331472.0,19338165.0,19344637.0,19350789.0,19358021.0,19365616.0,19372214.0,19378948.0,19385548.0,19391300.0,19397591.0,19403967.0,19410474.0,19416351.0,19422317.0,19428332.0,19434508.0,19441894.0,19448558.0,19455598.0,19461459.0,19467385.0,19473093.0,19478585.0,,,,,,,,,19543886.0,19551499.0,19557603.0,19563512.0,19569508.0,19574908.0,19579584.0,19584476.0,19590103.0,19594809.0,19599307.0,19603574.0,19608377.0,19613182.0,19617969.0,19622960.0,19627342.0,19631766.0,19636444.0,19641364.0,19646708.0,19652902.0,19659260.0,19664823.0,19670298.0,19675885.0,19681612.0,19687235.0,19692926.0,19699452.0,19705193.0,19710765.0,19716214.0,19721671.0,19726695.0,19732428.0,19738374.0,19743620.0,19749130.0,19754813.0,19760629.0,19766335.0,19772644.0,19779412.0,19785175.0,19790979.0,19796889.0,19802932.0,19808658.0,19814820.0,19821169.0,19826987.0,19832581.0,19838614.0,19844210.0,19849723.0,19855522.0,19861385.0,19867089.0,19873359.0,19879631.0,19886001.0,19891809.0,19897934.0,19903925.0,19910235.0,19916572.0,19922842.0,19928791.0,19934220.0,19940235.0,19946520.0,19952519.0,19958632.0,19964504.0,19970506.0,19976947.0,19983346.0,19990139.0,19996527.0,20002573.0,20007970.0,20014182.0,20020217.0,20026258.0,20032363.0,20038035.0,20043929.0,20049394.0,20054867.0,20060537.0,20066527.0,20072683.0,20078493.0,20084384.0,20090394.0,20096428.0,20102341.0,20108638.0,20114859.0,20120713.0,20126638.0,20132987.0,20138989.0,20144643.0,20150298.0,20155892.0,20161395.0,20166886.0,20172584.0,20178428.0,20184016.0,20190059.0,20195935.0,20201359.0,20206565.0,20211796.0,20216921.0,20221914.0,20226985.0,20232119.0,,20242050.0,20246978.0,20251835.0,20256497.0,20261536.0,20266550.0,20271224.0,20275457.0,20279532.0,20283703.0,20287983.0,20292878.0,20298080.0,20302331.0,20306529.0,20310974.0,20315626.0,20320610.0,20326358.0,20331838.0,20336747.0,20341769.0,20346548.0,20351399.0,20356145.0,20360660.0,20365624.0,20369938.0,20374490.0,20379175.0,20384077.0,20388890.0,20393944.0,20398900.0,20403654.0,20408380.0,20413173.0,20418089.0,20423122.0,20428686.0,20434355.0,20439457.0,20444258.0,20448780.0,20453158.0,20457426.0,20462241.0,20466886.0,20471304.0,20475583.0,20479545.0,20483538.0,20487533.0,20492208.0,20496995.0,20501633.0,20506142.0,20510523.0,20514892.0,20519599.0,20524681.0,20529713.0,20534187.0,20538645.0,20543202.0,20547763.0,20552508.0,20557167.0,20561662.0,20566085.0,20570466.0,20574718.0,20579013.0,20583384.0,20588616.0,20593629.0,20603276.0,20610546.0,20616902.0,20623530.0,20629283.0,20635587.0,20641721.0,20647359.0,20653322.0,20659003.0,20664697.0,20670482.0,20676666.0,20682923.0,20689007.0,20694070.0,20698995.0,20703750.0,20708248.0,20714048.0,20719403.0,20724378.0,20728875.0,20733611.0,20738108.0,20742987.0,20748352.0,20753671.0,20759319.0,20765374.0,20770950.0,20776280.0,20781159.0,20786381.0,20791120.0,20795399.0,20799331.0,20803386
_ItgMr1bMYc,18389750.0,18397441.0,18405931.0,18414979.0,18423385.0,18431605.0,18439552.0,18447746.0,18456225.0,18466276.0,18477073.0,18485954.0,18494481.0,18503176.0,18511909.0,18520039.0,18529042.0,18538339.0,18546692.0,18554494.0,18562478.0,18571156.0,18579965.0,18588834.0,18597556.0,18605625.0,18613692.0,18621766.0,18631141.0,18640761.0,18650336.0,18659447.0,18667542.0,18675344.0,18682475.0,18690418.0,18699881.0,18709147.0,18717385.0,18724312.0,18731046.0,18738085.0,18746067.0,18754542.0,18763104.0,18771275.0,18778589.0,18785567.0,18792467.0,18800292.0,18808604.0,18820324.0,18829872.0,18838509.0,18847192.0,18855252.0,18863428.0,18873306.0,18885470.0,18897431.0,18906950.0,18915248.0,18923351.0,18932965.0,18941796.0,18951171.0,18960926.0,18970881.0,18979823.0,18989856.0,18998741.0,19007263.0,19015856.0,19024972.0,19039298.0,19051816.0,19063744.0,19074849.0,19085355.0,19094889.0,19105269.0,19115050.0,19125808.0,19136181.0,19145276.0,19153680.0,19161844.0,19170215.0,19177975.0,19185474.0,19193367.0,19200407.0,19206684.0,19213520.0,19220572.0,19226950.0,19233399.0,19240545.0,19247867.0,19254565.0,19261604.0,19268981.0,19275618.0,19282157.0,19288723.0,19295072.0,19301894.0,19309430.0,19317762.0,19324540.0,19331472.0,19338165.0,19344637.0,19350789.0,19358021.0,19365616.0,19372214.0,19378948.0,19385548.0,19391347.0,19397591.0,19403967.0,19410474.0,19416351.0,19422317.0,19428332.0,19434508.0,19441894.0,19448558.0,19455598.0,19461459.0,19467385.0,19473093.0,19478585.0,,,,,,,,,19543886.0,19551499.0,19557603.0,19563512.0,19569508.0,19574908.0,19579584.0,19584476.0,19590103.0,19594809.0,19599307.0,19603574.0,19608377.0,19613182.0,19617969.0,19622960.0,19627342.0,19631766.0,19636444.0,19641480.0,19646708.0,19652902.0,19659260.0,19664823.0,19670298.0,19675885.0,19681612.0,19687235.0,19692926.0,19699452.0,19705193.0,19710765.0,19716214.0,19721671.0,19726695.0,19732428.0,19738374.0,19743620.0,19749130.0,19754813.0,19760629.0,19766335.0,19772644.0,19779412.0,19785175.0,19790979.0,19796889.0,19802932.0,19808658.0,19814820.0,19821169.0,19826987.0,19832581.0,19838614.0,19844210.0,19849723.0,19855522.0,19861385.0,19867089.0,19873359.0,19879631.0,19886001.0,19891809.0,19897934.0,19903925.0,19910235.0,19916572.0,19922842.0,19928791.0,19934220.0,19940235.0,19946520.0,19952519.0,19958632.0,19964504.0,19970506.0,19976947.0,19983346.0,19990139.0,19996527.0,20002573.0,20007970.0,20014182.0,20020217.0,20026258.0,20032363.0,20038035.0,20043929.0,20049394.0,20054867.0,20060537.0,20066527.0,20072683.0,20078493.0,20084384.0,20090394.0,20096428.0,20102341.0,20108638.0,20114859.0,20120713.0,20126638.0,20132987.0,20138989.0,20144643.0,20150298.0,20155892.0,20161395.0,20166886.0,20172584.0,20178428.0,20184016.0,20190059.0,20195935.0,20201359.0,20206565.0,20211796.0,20216921.0,20221914.0,20226985.0,20232119.0,,20241853.0,20246978.0,20251835.0,20256497.0,20261536.0,20266550.0,20271224.0,20275457.0,20279532.0,20283703.0,20287983.0,20292878.0,20298080.0,20302331.0,20306529.0,20310974.0,20315626.0,20320610.0,20326358.0,20331838.0,20336747.0,20341769.0,20346548.0,20351399.0,20356145.0,20360660.0,20365624.0,20369938.0,20374490.0,20379175.0,20384077.0,20388890.0,20393944.0,20398900.0,20403654.0,20408380.0,20413173.0,20418089.0,20423122.0,20428686.0,20434355.0,20439457.0,20444258.0,20448780.0,20453158.0,20457426.0,20462241.0,20466886.0,20471304.0,20475583.0,20479545.0,20483538.0,20487533.0,20492208.0,20496995.0,20501633.0,20506142.0,20510523.0,20514892.0,20519599.0,20524681.0,20529713.0,20534187.0,20538645.0,20543202.0,20547763.0,20552508.0,20557167.0,20561662.0,20566085.0,20570466.0,20574718.0,20579013.0,20583384.0,20588616.0,20593629.0,20603276.0,20610546.0,20616902.0,20623530.0,20629283.0,20635587.0,20641721.0,20647359.0,20653322.0,20659003.0,20664697.0,20670482.0,20676666.0,20682923.0,20689007.0,20694070.0,20698995.0,20703750.0,20708248.0,20714048.0,20719403.0,20724378.0,20728875.0,20733611.0,20738108.0,20742987.0,20748352.0,20753671.0,20759319.0,20765374.0,20770950.0,20776280.0,20781159.0,20786381.0,20791120.0,20795399.0,20799331.0,20803386
AL5SkIfr26A,600580.0,601088.0,601623.0,602196.0,602712.0,603220.0,603686.0,604306.0,604831.0,605504.0,606073.0,606581.0,607183.0,607741.0,608325.0,608821.0,609203.0,609775.0,610193.0,610602.0,611067.0,611481.0,611874.0,612368.0,612743.0,613233.0,613614.0,614072.0,614481.0,614806.0,615229.0,615547.0,615891.0,616231.0,616573.0,616902.0,617307.0,617607.0,617977.0,618304.0,618641.0,619005.0,619308.0,619616.0,619887.0,620254.0,620650.0,621034.0,621347.0,621663.0,622008.0,622392.0,622676.0,623005.0,623330.0,623695.0,623984.0,624280.0,624572.0,624796.0,625112.0,625454.0,625723.0,626103.0,626470.0,626802.0,627106.0,627447.0,627751.0,628150.0,628442.0,628725.0,629031.0,629278.0,629542.0,629792.0,630131.0,630426.0,630774.0,631091.0,631461.0,631718.0,632059.0,632334.0,632616.0,632855.0,633145.0,633509.0,633771.0,634085.0,634312.0,634631.0,634901.0,635151.0,635394.0,635643.0,635861.0,636132.0,636391.0,636588.0,636857.0,637092.0,637314.0,637471.0,637675.0,637908.0,638080.0,638314.0,638524.0,638712.0,638942.0,639164.0,639318.0,639509.0,639715.0,639913.0,640116.0,640326.0,640535.0,640746.0,640925.0,641076.0,641303.0,641428.0,641582.0,641737.0,641886.0,642047.0,642242.0,642397.0,642534.0,642708.0,642865.0,643009.0,,,,,,,,,644354.0,644488.0,644638.0,644763.0,644872.0,645029.0,645186.0,645327.0,645505.0,645639.0,645801.0,645936.0,646090.0,646264.0,646407.0,646575.0,646725.0,646881.0,647031.0,647200.0,647321.0,647463.0,647630.0,647787.0,647913.0,648063.0,648213.0,648382.0,648497.0,648636.0,648757.0,648889.0,649030.0,649178.0,649305.0,649439.0,649585.0,649721.0,649881.0,650010.0,650138.0,650281.0,650410.0,650547.0,650687.0,650826.0,650950.0,651079.0,651215.0,651330.0,651497.0,651629.0,651756.0,651870.0,652004.0,652121.0,652219.0,652325.0,652427.0,652539.0,652641.0,652744.0,652851.0,652967.0,653101.0,653207.0,653366.0,653570.0,653849.0,653986.0,654116.0,654236.0,654400.0,654529.0,654693.0,654819.0,654946.0,655044.0,655160.0,655286.0,655372.0,655496.0,655652.0,655735.0,655864.0,655977.0,656098.0,656204.0,656306.0,656395.0,656522.0,656623.0,656746.0,656865.0,657010.0,657106.0,657258.0,657349.0,657441.0,657527.0,657674.0,657801.0,657919.0,658060.0,658143.0,658226.0,658319.0,658414.0,658529.0,658604.0,658714.0,658792.0,658906.0,659026.0,659124.0,659186.0,659275.0,659392.0,659553.0,659733.0,659888.0,,660248.0,660374.0,660528.0,660650.0,660765.0,660895.0,661009.0,661149.0,661284.0,661384.0,661483.0,661593.0,661681.0,661828.0,661937.0,662039.0,662153.0,662267.0,662396.0,662528.0,662661.0,662766.0,662873.0,662980.0,663112.0,663275.0,663408.0,663517.0,663640.0,663728.0,663850.0,663950.0,664053.0,664149.0,664255.0,664335.0,664491.0,664611.0,664709.0,664785.0,664899.0,665023.0,665153.0,665248.0,665384.0,665485.0,665614.0,665741.0,665828.0,665941.0,666042.0,666176.0,666319.0,666453.0,666571.0,666687.0,666830.0,666959.0,667098.0,667233.0,667349.0,667439.0,667560.0,667665.0,667794.0,667889.0,667967.0,668079.0,668151.0,668218.0,668289.0,668387.0,668454.0,668542.0,668631.0,668729.0,668801.0,668892.0,668986.0,669096.0,669210.0,669304.0,669402.0,669507.0,669607.0,669686.0,669761.0,669832.0,669907.0,669995.0,670090.0,670178.0,670276.0,670352.0,670459.0,670579.0,670653.0,670743.0,670822.0,670902.0,670977.0,671047.0,671122.0,671235.0,671337.0,671421.0,671500.0,671588.0,671685.0,671759.0,671850.0,671925.0,671998.0,672085
mBXBOLG06Wc,81264501.0,81291491.0,81321731.0,81353744.0,81384726.0,81414938.0,81444239.0,81476939.0,81510409.0,81544457.0,81578744.0,81610189.0,81643372.0,81676007.0,81707210.0,81737270.0,81768974.0,81798002.0,81827132.0,81854875.0,81884340.0,81914836.0,81943449.0,81972943.0,82002710.0,82031074.0,82060186.0,82087039.0,82115106.0,82143481.0,82175288.0,82204132.0,82231677.0,82259569.0,82291121.0,82321282.0,82352232.0,82380950.0,82408424.0,82440265.0,82474320.0,82508712.0,82546186.0,82581114.0,82615003.0,82647338.0,82676307.0,82705517.0,82731418.0,82759811.0,82793124.0,82825612.0,82856805.0,82885577.0,82920105.0,82955106.0,82990478.0,83024235.0,83055268.0,83082726.0,83111268.0,83140717.0,83170489.0,83201351.0,83233763.0,83266060.0,83302406.0,83332445.0,83356104.0,83386213.0,83414845.0,83447144.0,83480704.0,83512233.0,83543421.0,83573482.0,83603385.0,83628104.0,83656381.0,83684463.0,83713691.0,83741374.0,83768324.0,83795640.0,83821798.0,83847243.0,83872919.0,83898089.0,83922546.0,83949840.0,83974641.0,83998979.0,84022339.0,84045883.0,84069440.0,84096544.0,84122011.0,84147009.0,84172460.0,84196300.0,84221077.0,84244379.0,84267008.0,84291822.0,84317431.0,84343457.0,84368143.0,84393239.0,84418291.0,84441526.0,84462812.0,84484428.0,84506241.0,84527959.0,84552562.0,84577203.0,84602816.0,84630707.0,84656491.0,84680646.0,84705887.0,84731735.0,84758879.0,84781623.0,84803512.0,84826703.0,84851544.0,84879884.0,84907716.0,84935357.0,84962597.0,84989388.0,85017087.0,85041425.0,,,,,,,,,85268532.0,85294055.0,85316713.0,85339473.0,85362714.0,85385636.0,85407774.0,85429329.0,85450859.0,85469853.0,85489893.0,85509748.0,85532447.0,85554860.0,85578919.0,85600591.0,85621113.0,85643305.0,85666018.0,85687773.0,85708777.0,85733685.0,85756528.0,85778100.0,85798881.0,85820452.0,85843406.0,85867368.0,85890391.0,85913586.0,85935665.0,85958596.0,85982113.0,86004809.0,86027353.0,86048502.0,86069873.0,86088636.0,86107655.0,86125946.0,86145814.0,86168740.0,86193493.0,86213822.0,86231903.0,86249209.0,86266607.0,86284712.0,86302598.0,86321142.0,86339671.0,86358622.0,86376779.0,86394781.0,86412504.0,86430237.0,86448713.0,86467132.0,86484866.0,86503074.0,86521385.0,86538440.0,86555243.0,86573343.0,86590536.0,86608486.0,86626865.0,86646048.0,86668321.0,86685896.0,86704461.0,86722453.0,86741118.0,86760783.0,86780916.0,86800542.0,86821488.0,86841208.0,86860396.0,86878221.0,86896424.0,86912364.0,86929361.0,86948493.0,86966956.0,86983974.0,87000820.0,87017666.0,87033989.0,87050099.0,87065161.0,87081165.0,87096970.0,87113011.0,87128631.0,87144125.0,87160601.0,87177049.0,87193629.0,87209579.0,87224747.0,87239598.0,87254670.0,87269700.0,87284388.0,87299561.0,87313865.0,87328172.0,87342197.0,87357210.0,87372389.0,87387933.0,87403812.0,87418966.0,87433326.0,87447472.0,87460616.0,87473798.0,87487357.0,87501082.0,87513263.0,,87539697.0,87553598.0,87567862.0,87582175.0,87596409.0,87610451.0,87623809.0,87636452.0,87649236.0,87662448.0,87677990.0,87695618.0,87711569.0,87726894.0,87741830.0,87757489.0,87773653.0,87789466.0,87807117.0,87823780.0,87839831.0,87856041.0,87872169.0,87888736.0,87905241.0,87921839.0,87937303.0,87952595.0,87968554.0,87984081.0,87999947.0,88015837.0,88031744.0,88046282.0,88061420.0,88076881.0,88092121.0,88108428.0,88124806.0,88141005.0,88156718.0,88173160.0,88190412.0,88207775.0,88225192.0,88242343.0,88259920.0,88277543.0,88295339.0,88312827.0,88329677.0,88346809.0,88363886.0,88381902.0,88398547.0,88414177.0,88429398.0,88444494.0,88460049.0,88475600.0,88492285.0,88508034.0,88522765.0,88537516.0,88552158.0,88566687.0,88580895.0,88595287.0,88608747.0,88623322.0,88637399.0,88651017.0,88665970.0,88682112.0,88698210.0,88713669.0,88729131.0,88744105.0,88758712.0,88773022.0,88788109.0,88802466.0,88816093.0,88830039.0,88844148.0,88858170.0,88872198.0,88887456.0,88903722.0,88920250.0,88936025.0,88950510.0,88964269.0,88978590.0,88993223.0,89009815.0,89024605.0,89039017.0,89054299.0,89069294.0,89084222.0,89100363.0,89116225.0,89131049.0,89144958.0,89158690.0,89173054.0,89187471.0,89201718.0,89216683.0,89231155.0,89245696.0,89260387.0,89275008
zXOoza3sxiw,24979090.0,24980795.0,24982510.0,24984251.0,24986173.0,24988229.0,24990286.0,24992409.0,24994681.0,24996773.0,24998648.0,25000728.0,25002907.0,25005088.0,25007407.0,25009509.0,25011659.0,25013898.0,25016015.0,25018197.0,25020233.0,25022586.0,25025030.0,25027061.0,25029192.0,25031387.0,25033760.0,25036053.0,25038063.0,25040129.0,25042140.0,25044289.0,25046304.0,25048642.0,25050908.0,25053101.0,25055130.0,25056892.0,25058645.0,25060654.0,25062805.0,25064893.0,25067153.0,25069306.0,25071258.0,25073163.0,25075053.0,25077563.0,25079786.0,25081898.0,25084114.0,25086365.0,25088214.0,25090108.0,25092112.0,25094098.0,25096140.0,25098444.0,25100760.0,25102844.0,25105030.0,25107137.0,25109098.0,25111248.0,25113228.0,25114983.0,25116689.0,25118615.0,25120486.0,25122680.0,25124225.0,25126364.0,25128207.0,25129885.0,25131889.0,25133891.0,25136036.0,25138068.0,25140445.0,25142383.0,25144733.0,25146843.0,25148971.0,25151086.0,25153191.0,25155221.0,25157163.0,25159048.0,25161219.0,25163317.0,25165407.0,25167305.0,25169096.0,25170810.0,25172417.0,25174258.0,25176170.0,25178192.0,25180104.0,25182006.0,25183880.0,25185465.0,25186918.0,25188780.0,25190651.0,25192516.0,25194360.0,25196021.0,25197703.0,25199457.0,25201362.0,25203244.0,25204969.0,25206839.0,25208458.0,25210082.0,25211821.0,25213584.0,25215529.0,25217268.0,25218877.0,25220348.0,25221850.0,25223150.0,25224767.0,25226339.0,25227819.0,25229307.0,25230762.0,25232098.0,25233791.0,25235370.0,25237177.0,25238816.0,,,,,,,,,25254410.0,25255984.0,25257502.0,25258995.0,25260734.0,25262514.0,25264072.0,25265616.0,25267167.0,25268801.0,25270494.0,25272156.0,25273918.0,25275663.0,25277401.0,25279078.0,25281004.0,25283072.0,25285162.0,25287023.0,25288623.0,25290113.0,25291527.0,25293072.0,25294824.0,25296755.0,25298583.0,25300482.0,25302131.0,25303886.0,25305683.0,25307419.0,25309115.0,25310721.0,25312359.0,25313937.0,25315465.0,25316943.0,25318575.0,25320187.0,25321941.0,25323707.0,25325267.0,25326673.0,25328136.0,25329501.0,25331082.0,25332516.0,25333961.0,25335179.0,25336387.0,25337719.0,25338930.0,25340183.0,25341475.0,25342838.0,25343881.0,25344939.0,25346126.0,25347377.0,25348643.0,25349785.0,25350972.0,25352054.0,25353217.0,25354556.0,25355828.0,25357195.0,25358629.0,25359804.0,25361006.0,25362189.0,25363445.0,25364684.0,25365989.0,25367232.0,25368571.0,25369709.0,25370784.0,25371976.0,25373364.0,25374530.0,25375829.0,25377227.0,25378505.0,25379665.0,25380929.0,25382203.0,25383330.0,25384527.0,25385741.0,25386851.0,25388138.0,25389420.0,25390568.0,25392041.0,25393587.0,25394883.0,25395967.0,25397238.0,25398567.0,25399869.0,25401229.0,25402693.0,25404000.0,25405215.0,25406348.0,25407564.0,25408714.0,25409972.0,25411154.0,25412316.0,25413388.0,25414455.0,25415550.0,25416569.0,25417697.0,25418796.0,25419825.0,25421040.0,25422060.0,,25424384.0,25425816.0,25427211.0,25428454.0,25429753.0,25430892.0,25432046.0,25433337.0,25434607.0,25435864.0,25437055.0,25438186.0,25439300.0,25440480.0,25441720.0,25443041.0,25444543.0,25446045.0,25447606.0,25448978.0,25450396.0,25451823.0,25453350.0,25454813.0,25456311.0,25458306.0,25460750.0,25463062.0,25465578.0,25468046.0,25470433.0,25472819.0,25475086.0,25477039.0,25479084.0,25481185.0,25483272.0,25485224.0,25487179.0,25488950.0,25490681.0,25492495.0,25494331.0,25495964.0,25497664.0,25499015.0,25500701.0,25502183.0,25503726.0,25505195.0,25506747.0,25508333.0,25510013.0,25511613.0,25513157.0,25514776.0,25516527.0,25518119.0,25519790.0,25521369.0,25522881.0,25524259.0,25525590.0,25527278.0,25528893.0,25530322.0,25531584.0,25532945.0,25534168.0,25535522.0,25536780.0,25538107.0,25539361.0,25540666.0,25542035.0,25543323.0,25544666.0,25546068.0,25547418.0,25548702.0,25549863.0,25551406.0,25552658.0,25553919.0,25555172.0,25556467.0,25557826.0,25559291.0,25560645.0,25561875.0,25563026.0,25564413.0,25565732.0,25567079.0,25568471.0,25569814.0,25571009.0,25572262.0,25573543.0,25574924.0,25576321.0,25577677.0,25578951.0,25580154.0,25581338.0,25582560.0,25583717.0,25585015.0,25586256.0,25587402.0,25588486.0,25589611.0,25590711.0,25591862
fa6In9y7p88,3730197.0,3730529.0,3730855.0,3731234.0,3731521.0,3731848.0,3732178.0,3732581.0,3732942.0,3733257.0,3733581.0,3733844.0,3734128.0,3734472.0,3734860.0,3735204.0,3735526.0,3735875.0,3736250.0,3736630.0,3737013.0,3737483.0,3737952.0,3738501.0,3738870.0,3739218.0,3739541.0,3739977.0,3740431.0,3740866.0,3741259.0,3741744.0,3742168.0,3742550.0,3742989.0,3743302.0,3743674.0,3744019.0,3744298.0,3744617.0,3744918.0,3745234.0,3745513.0,3745840.0,3746168.0,3746463.0,3746767.0,3747055.0,3747327.0,3747587.0,3747822.0,3748122.0,3748382.0,3748648.0,3748923.0,3749219.0,3749463.0,3749734.0,3750048.0,3750302.0,3750569.0,3750854.0,3751105.0,3751378.0,3751650.0,3751944.0,3752212.0,3752427.0,3752628.0,3753013.0,3753310.0,3753579.0,3753871.0,3754136.0,3754351.0,3754645.0,3754934.0,3755258.0,3755633.0,3755966.0,3756242.0,3756576.0,3756840.0,3757128.0,3757385.0,3757615.0,3757903.0,3758147.0,3758402.0,3758587.0,3758863.0,3759171.0,3759364.0,3759617.0,3759832.0,3760062.0,3760244.0,3760477.0,3760839.0,3761034.0,3761242.0,3761427.0,3761684.0,3761965.0,3762248.0,3762466.0,3762697.0,3762920.0,3763171.0,3763363.0,3763528.0,3763719.0,3763959.0,3764151.0,3764335.0,3764518.0,3764708.0,3764864.0,3765044.0,3765208.0,3765386.0,3765559.0,3765739.0,3765940.0,3766184.0,3766413.0,3766640.0,3766928.0,3767180.0,3767444.0,3767707.0,3767953.0,3768208.0,3768437.0,,,,,,,,,3770500.0,3770692.0,3770902.0,3771075.0,3771270.0,3771475.0,3771673.0,3771845.0,3772044.0,3772201.0,3772333.0,3772483.0,3772662.0,3772825.0,3773013.0,3773252.0,3773442.0,3773644.0,3773800.0,3773993.0,3774157.0,3774360.0,3774561.0,3774747.0,3774921.0,3775083.0,3775263.0,3775442.0,3775683.0,3775886.0,3776100.0,3776231.0,3776429.0,3776562.0,3776708.0,3776916.0,3777094.0,3777248.0,3777406.0,3777564.0,3777752.0,3777902.0,3778047.0,3778226.0,3778373.0,3778542.0,3778726.0,3778886.0,3779032.0,3779171.0,3779342.0,3779468.0,3779658.0,3779846.0,3780022.0,3780175.0,3780344.0,3780486.0,3780635.0,3780808.0,3780935.0,3781071.0,3781201.0,3781323.0,3781447.0,3781628.0,3781821.0,3782016.0,3782168.0,3782312.0,3782507.0,3782671.0,3782814.0,3783034.0,3783228.0,3783417.0,3783607.0,3783802.0,3783974.0,3784136.0,3784284.0,3784448.0,3784687.0,3784878.0,3785054.0,3785274.0,3785426.0,3785570.0,3785720.0,3785930.0,3786114.0,3786339.0,3786542.0,3786748.0,3786929.0,3787153.0,3787356.0,3787569.0,3787771.0,3787920.0,3788078.0,3788272.0,3788518.0,3788821.0,3789037.0,3789245.0,3789442.0,3789656.0,3789848.0,3790067.0,3790249.0,3790398.0,3790591.0,3790735.0,3790867.0,3791037.0,3791209.0,3791384.0,3791550.0,3791735.0,3791923.0,,3792281.0,3792492.0,3792681.0,3792900.0,3793106.0,3793269.0,3793469.0,3793676.0,3793848.0,3794024.0,3794177.0,3794388.0,3794530.0,3794695.0,3794825.0,3794989.0,3795165.0,3795367.0,3795557.0,3795799.0,3795967.0,3796148.0,3796344.0,3796534.0,3796857.0,3797065.0,3797228.0,3797361.0,3797506.0,3797638.0,3797760.0,3797873.0,3798002.0,3798174.0,3798373.0,3798551.0,3798709.0,3798851.0,3798951.0,3799036.0,3799162.0,3799257.0,3799393.0,3799486.0,3799624.0,3799766.0,3799883.0,3800003.0,3800124.0,3800251.0,3800347.0,3800471.0,3800580.0,3800708.0,3800838.0,3800952.0,3801055.0,3801162.0,3801289.0,3801382.0,3801498.0,3801597.0,3801691.0,3801802.0,3801903.0,3801986.0,3802106.0,3802237.0,3802358.0,3802473.0,3802589.0,3802718.0,3802867.0,3803016.0,3803134.0,3803245.0,3803371.0,3803497.0,3803659.0,3803803.0,3803987.0,3804148.0,3804273.0,3804386.0,3804483.0,3804564.0,3804663.0,3804768.0,3804895.0,3805022.0,3805144.0,3805224.0,3805367.0,3805535.0,3805682.0,3805869.0,3806013.0,3806133.0,3806287.0,3806433.0,3806567.0,3806694.0,3806852.0,3807008.0,3807151.0,3807271.0,3807379.0,3807503.0,3807630.0,3807753.0,3807901.0,3807998.0,3808145.0,3808294
lwAHfOhOONw,48542246.0,48562226.0,48582201.0,48601849.0,48624358.0,48647398.0,48672576.0,48699941.0,48735408.0,48768587.0,48798663.0,48826463.0,48853629.0,48881004.0,48907765.0,48933771.0,48955468.0,48974750.0,48996799.0,49019335.0,49040177.0,49061491.0,49083662.0,49102596.0,49120819.0,49139928.0,49161676.0,49184911.0,49207830.0,49228800.0,49249059.0,49267279.0,49286680.0,49309615.0,49331617.0,49351243.0,49370948.0,49388396.0,49402279.0,49417673.0,49435377.0,49452535.0,49467646.0,49483407.0,49500072.0,49514995.0,49529690.0,49544355.0,49558407.0,49573742.0,49588627.0,49602148.0,49614260.0,49627378.0,49639950.0,49651998.0,49664267.0,49677883.0,49691343.0,49703781.0,49717131.0,49730608.0,49743556.0,49757264.0,49771600.0,49786315.0,49799842.0,49813566.0,49826007.0,49841557.0,49856463.0,49871690.0,49887441.0,49901544.0,49915957.0,49931200.0,49946654.0,49961116.0,49975208.0,49989536.0,50002937.0,50017234.0,50032942.0,50049689.0,50067321.0,50083691.0,50097930.0,50113062.0,50128672.0,50144538.0,50161092.0,50177222.0,50194035.0,50209457.0,50223258.0,50239352.0,50255739.0,50270303.0,50286711.0,50303925.0,50319422.0,50332568.0,50348215.0,50364829.0,50381837.0,50397396.0,50412801.0,50429345.0,50445612.0,50461423.0,50478785.0,50497153.0,50513853.0,50531690.0,50547192.0,50561429.0,50579383.0,50598087.0,50616617.0,50632528.0,50647462.0,50661819.0,50674219.0,50687386.0,50700665.0,50714553.0,50727539.0,50741767.0,50754671.0,50766710.0,50781497.0,50802717.0,50824515.0,50843388.0,,,,,,,,,50975245.0,50988778.0,51002680.0,51017648.0,51035456.0,51055864.0,51074375.0,51091458.0,51106210.0,51121306.0,51137313.0,51153344.0,51168487.0,51182747.0,51195220.0,51206793.0,51219658.0,51233867.0,51250252.0,51265825.0,51278680.0,51291207.0,51303216.0,51315154.0,51327966.0,51341048.0,51354477.0,51367875.0,51379889.0,51392042.0,51405516.0,51419791.0,51433702.0,51447297.0,51460929.0,51474817.0,51487895.0,51501286.0,51515743.0,51529826.0,51543174.0,51555526.0,51567001.0,51577974.0,51590590.0,51603891.0,51617428.0,51630983.0,51644723.0,51657536.0,51668608.0,51680534.0,51693440.0,51707057.0,51720119.0,51734059.0,51746854.0,51758570.0,51771798.0,51785664.0,51798537.0,51809761.0,51820098.0,51831000.0,51841959.0,51853529.0,51865850.0,51878416.0,51890726.0,51901367.0,51914620.0,51929692.0,51945838.0,51962782.0,51978181.0,51992878.0,52008872.0,52022796.0,52035045.0,52047715.0,52062469.0,52079139.0,52097231.0,52116438.0,52132952.0,52147761.0,52163488.0,52181956.0,52200453.0,52220247.0,52238302.0,52255343.0,52270242.0,52285032.0,52301018.0,52317160.0,52333649.0,52348562.0,52364518.0,52378636.0,52392602.0,52408995.0,52427569.0,52445364.0,52461481.0,52475322.0,52487262.0,52500404.0,52514274.0,52528934.0,52544096.0,52558078.0,52570888.0,52584199.0,52596955.0,52608875.0,52623409.0,52637651.0,52652434.0,52663848.0,52672910.0,,52692865.0,52703809.0,52715035.0,52726452.0,52736782.0,52745653.0,52755134.0,52765543.0,52775772.0,52786869.0,52797598.0,52807599.0,52816683.0,52826656.0,52838340.0,52851502.0,52864196.0,52876403.0,52891315.0,52906828.0,52924183.0,52940692.0,52956866.0,52973290.0,53002016.0,53035778.0,53059413.0,53080080.0,53110776.0,53140316.0,53166847.0,53189443.0,53209448.0,53225279.0,53243468.0,53262706.0,53282506.0,53302696.0,53323355.0,53344261.0,53362772.0,53380717.0,53401420.0,53426181.0,53448773.0,53470872.0,53494330.0,53525291.0,53558253.0,53590861.0,53623151.0,53653861.0,53680164.0,53705529.0,53727213.0,53750242.0,53778766.0,53805628.0,53831979.0,53855708.0,53877170.0,53896112.0,53917268.0,53942730.0,53969723.0,53994675.0,54014456.0,54030815.0,54044795.0,54060650.0,54078213.0,54096868.0,54116191.0,54137320.0,54158663.0,54179113.0,54201607.0,54225730.0,54249292.0,54271459.0,54293100.0,54312646.0,54328899.0,54347009.0,54367000.0,54386388.0,54407675.0,54429463.0,54450423.0,54468873.0,54487208.0,54507189.0,54527361.0,54546751.0,54566196.0,54584479.0,54599254.0,54615442.0,54633660.0,54651288.0,54669210.0,54687208.0,54704465.0,54719576.0,54736733.0,54758075.0,54781551.0,54805784.0,54828930.0,54852255.0,54871566.0,54891329.0,54912822.0,54933148
lr8Y7KuJiQE,6194.0,6200.0,6201.0,6206.0,6210.0,6210.0,6211.0,6211.0,6213.0,6216.0,6219.0,6221.0,6221.0,6224.0,6224.0,6225.0,6227.0,6230.0,6230.0,6231.0,6236.0,6240.0,6240.0,6241.0,6242.0,6245.0,6246.0,6248.0,6250.0,6251.0,6252.0,6254.0,6259.0,6261.0,6267.0,6270.0,6270.0,6271.0,6272.0,6275.0,6279.0,6281.0,6284.0,6285.0,6287.0,6289.0,6290.0,6292.0,6296.0,6297.0,6297.0,6299.0,6303.0,6307.0,6309.0,6310.0,6316.0,6318.0,6320.0,6323.0,6327.0,6331.0,6332.0,6335.0,6337.0,6338.0,6341.0,6346.0,6347.0,6359.0,6359.0,6361.0,6363.0,6366.0,6367.0,6369.0,6373.0,6374.0,6377.0,6378.0,6386.0,6387.0,6389.0,6394.0,6396.0,6396.0,6403.0,6403.0,6406.0,6410.0,6415.0,6416.0,6420.0,6421.0,6425.0,6429.0,6431.0,6437.0,6438.0,6442.0,6445.0,6445.0,6448.0,6455.0,6462.0,6464.0,6466.0,6468.0,6471.0,6472.0,6475.0,6475.0,6478.0,6479.0,6482.0,6486.0,6491.0,6495.0,6495.0,6495.0,6496.0,6498.0,6499.0,6501.0,6505.0,6505.0,6505.0,6506.0,6505.0,6510.0,6512.0,6514.0,6516.0,6516.0,,,,,,,,,6535.0,6542.0,6543.0,6547.0,6549.0,6549.0,6548.0,6550.0,6550.0,6550.0,6551.0,6554.0,6554.0,6554.0,6555.0,6556.0,6556.0,6557.0,6557.0,6559.0,6560.0,6561.0,6563.0,6565.0,6565.0,6570.0,6571.0,6573.0,6573.0,6573.0,6574.0,6574.0,6575.0,6575.0,6575.0,6577.0,6577.0,6577.0,6577.0,6578.0,6581.0,6578.0,6583.0,6581.0,6582.0,6586.0,6587.0,6587.0,6587.0,6588.0,6591.0,6594.0,6596.0,6596.0,6598.0,6600.0,6604.0,6602.0,6604.0,6608.0,6611.0,6611.0,6611.0,6612.0,6612.0,6619.0,6622.0,6623.0,6625.0,6628.0,6632.0,6636.0,6639.0,6642.0,6644.0,6649.0,6652.0,6654.0,6658.0,6658.0,6658.0,6662.0,6663.0,6663.0,6664.0,6670.0,6675.0,6677.0,6678.0,6679.0,6680.0,6682.0,6681.0,6682.0,6683.0,6684.0,6684.0,6687.0,6691.0,6693.0,6694.0,6695.0,6699.0,6700.0,6700.0,6702.0,6702.0,6702.0,6702.0,6702.0,6702.0,6705.0,6705.0,6705.0,6706.0,6708.0,6713.0,6713.0,6714.0,6714.0,6715.0,,6715.0,6715.0,6718.0,6718.0,6718.0,6720.0,6724.0,6724.0,6726.0,6729.0,6729.0,6731.0,6732.0,6732.0,6733.0,6736.0,6737.0,6737.0,6740.0,6742.0,6742.0,6743.0,6743.0,6743.0,6744.0,6747.0,6747.0,6749.0,6751.0,6753.0,6753.0,6754.0,6756.0,6759.0,6761.0,6763.0,6762.0,6763.0,6764.0,6766.0,6766.0,6770.0,6771.0,6772.0,6774.0,6779.0,6779.0,6781.0,6783.0,6784.0,6784.0,6785.0,6785.0,6786.0,6787.0,6789.0,6789.0,6790.0,6790.0,6790.0,6791.0,6791.0,6792.0,6793.0,6793.0,6794.0,6794.0,6796.0,6798.0,6799.0,6798.0,6798.0,6801.0,6801.0,6802.0,6805.0,6810.0,6808.0,6814.0,6815.0,6816.0,6817.0,6818.0,6821.0,6826.0,6827.0,6827.0,6828.0,6829.0,6829.0,6830.0,6830.0,6831.0,6832.0,6833.0,6834.0,6839.0,6842.0,6843.0,6844.0,6844.0,6844.0,6845.0,6847.0,6847.0,6848.0,6847.0,6849.0,6852.0,6853.0,6854.0,6854.0,6854.0,6856
6dksmPlmsMc,29346.0,29359.0,29374.0,29392.0,29419.0,29430.0,29459.0,29475.0,29500.0,29527.0,29556.0,29571.0,29585.0,29616.0,29634.0,29647.0,29668.0,29684.0,29696.0,29705.0,29725.0,29742.0,29753.0,29772.0,29789.0,29803.0,29815.0,29821.0,29840.0,29855.0,29876.0,29899.0,29911.0,29932.0,29942.0,29960.0,29982.0,30006.0,30030.0,30043.0,30061.0,30069.0,30076.0,30099.0,30127.0,30148.0,30164.0,30182.0,30206.0,30219.0,30238.0,30250.0,30266.0,30281.0,30299.0,30327.0,30352.0,30376.0,30399.0,30417.0,30435.0,30456.0,30486.0,30504.0,30519.0,30532.0,30545.0,30572.0,30581.0,30610.0,30628.0,30661.0,30695.0,30727.0,30760.0,30774.0,30792.0,30806.0,30828.0,30849.0,30869.0,30889.0,30909.0,30921.0,30934.0,30946.0,30963.0,30983.0,30997.0,31020.0,31035.0,31045.0,31060.0,31087.0,31102.0,31109.0,31121.0,31129.0,31149.0,31162.0,31183.0,31196.0,31201.0,31208.0,31216.0,31223.0,31229.0,31240.0,31251.0,31256.0,31269.0,31274.0,31290.0,31296.0,31308.0,31317.0,31323.0,31328.0,31336.0,31344.0,31349.0,31357.0,31364.0,31374.0,31379.0,31385.0,31396.0,31414.0,31428.0,31441.0,31455.0,31464.0,31470.0,31484.0,,,,,,,,,31561.0,31568.0,31575.0,31583.0,31591.0,31600.0,31607.0,31614.0,31627.0,31638.0,31646.0,31658.0,31673.0,31694.0,31705.0,31728.0,31740.0,31746.0,31757.0,31769.0,31775.0,31789.0,31811.0,31815.0,31822.0,31836.0,31863.0,31887.0,31913.0,31940.0,31953.0,31968.0,31983.0,31994.0,32012.0,32028.0,32049.0,32061.0,32072.0,32083.0,32087.0,32097.0,32111.0,32133.0,32151.0,32169.0,32181.0,32197.0,32210.0,32231.0,32246.0,32259.0,32267.0,32280.0,32291.0,32300.0,32322.0,32327.0,32338.0,32344.0,32365.0,32388.0,32405.0,32418.0,32432.0,32443.0,32451.0,32461.0,32483.0,32492.0,32506.0,32529.0,32540.0,32556.0,32567.0,32579.0,32588.0,32595.0,32614.0,32627.0,32636.0,32646.0,32659.0,32672.0,32686.0,32701.0,32715.0,32724.0,32735.0,32748.0,32759.0,32772.0,32791.0,32807.0,32815.0,32829.0,32844.0,32868.0,32888.0,32917.0,32932.0,32948.0,32957.0,32979.0,32998.0,33014.0,33038.0,33062.0,33073.0,33082.0,33091.0,33104.0,33110.0,33116.0,33124.0,33130.0,33141.0,33159.0,33166.0,33184.0,33195.0,,33211.0,33221.0,33231.0,33242.0,33256.0,33267.0,33278.0,33288.0,33298.0,33304.0,33318.0,33324.0,33335.0,33339.0,33345.0,33352.0,33356.0,33367.0,33372.0,33380.0,33389.0,33397.0,33405.0,33413.0,33422.0,33430.0,33438.0,33446.0,33452.0,33460.0,33472.0,33479.0,33482.0,33490.0,33495.0,33503.0,33514.0,33516.0,33523.0,33532.0,33540.0,33546.0,33552.0,33552.0,33560.0,33567.0,33576.0,33582.0,33595.0,33603.0,33608.0,33614.0,33619.0,33625.0,33632.0,33638.0,33645.0,33650.0,33665.0,33667.0,33677.0,33689.0,33695.0,33708.0,33717.0,33727.0,33744.0,33758.0,33773.0,33783.0,33789.0,33803.0,33823.0,33829.0,33838.0,33846.0,33856.0,33859.0,33865.0,33876.0,33881.0,33884.0,33888.0,33891.0,33895.0,33896.0,33904.0,33909.0,33913.0,33919.0,33920.0,33923.0,33928.0,33935.0,33944.0,33956.0,33970.0,33974.0,33982.0,33991.0,33999.0,34007.0,34018.0,34026.0,34032.0,34040.0,34043.0,34048.0,34057.0,34067.0,34078.0,34094.0,34099.0,34104
B0_RbI5Yb3s,143762.0,143780.0,143800.0,143830.0,143858.0,143875.0,143898.0,143916.0,143934.0,143958.0,143994.0,144021.0,144059.0,144087.0,144133.0,144180.0,144212.0,144240.0,144266.0,144282.0,144301.0,144329.0,144362.0,144393.0,144426.0,144448.0,144474.0,144497.0,144528.0,144559.0,144585.0,144608.0,144647.0,144682.0,144707.0,144737.0,144761.0,144784.0,144812.0,144848.0,144874.0,144904.0,144944.0,144981.0,145013.0,145039.0,145064.0,145097.0,145118.0,145161.0,145189.0,145224.0,145262.0,145293.0,145316.0,145337.0,145373.0,145398.0,145428.0,145457.0,145488.0,145516.0,145537.0,145561.0,145591.0,145619.0,145638.0,145664.0,145679.0,145707.0,145735.0,145760.0,145776.0,145801.0,145819.0,145847.0,145880.0,145899.0,145929.0,145951.0,145980.0,146007.0,146028.0,146042.0,146060.0,146098.0,146124.0,146153.0,146181.0,146208.0,146251.0,146279.0,146312.0,146328.0,146357.0,146371.0,146396.0,146421.0,146444.0,146478.0,146495.0,146519.0,146545.0,146555.0,146571.0,146604.0,146634.0,146664.0,146688.0,146724.0,146758.0,146795.0,146830.0,146862.0,146895.0,146947.0,146972.0,147010.0,147041.0,147083.0,147112.0,147142.0,147170.0,147203.0,147238.0,147257.0,147279.0,147313.0,147341.0,147352.0,147391.0,147421.0,147460.0,147480.0,,,,,,,,,147707.0,147748.0,147766.0,147790.0,147818.0,147854.0,147898.0,147949.0,148005.0,148055.0,148097.0,148130.0,148168.0,148196.0,148247.0,148287.0,148312.0,148349.0,148391.0,148428.0,148445.0,148481.0,148520.0,148549.0,148576.0,148605.0,148624.0,148649.0,148682.0,148723.0,148752.0,148776.0,148808.0,148838.0,148869.0,148900.0,148923.0,148950.0,148973.0,149006.0,149031.0,149056.0,149091.0,149127.0,149164.0,149192.0,149233.0,149283.0,149304.0,149351.0,149383.0,149408.0,149443.0,149486.0,149525.0,149562.0,149598.0,149636.0,149664.0,149704.0,149741.0,149778.0,149808.0,149831.0,149863.0,149894.0,149921.0,149961.0,149984.0,150018.0,150046.0,150083.0,150111.0,150150.0,150177.0,150213.0,150236.0,150264.0,150294.0,150322.0,150351.0,150371.0,150399.0,150429.0,150464.0,150500.0,150537.0,150578.0,150614.0,150632.0,150659.0,150701.0,150742.0,150776.0,150815.0,150853.0,150886.0,150917.0,150941.0,150963.0,150995.0,151030.0,151062.0,151088.0,151116.0,151151.0,151183.0,151210.0,151235.0,151257.0,151284.0,151311.0,151340.0,151362.0,151397.0,151426.0,151465.0,151503.0,151531.0,151578.0,151607.0,,151658.0,151684.0,151712.0,151734.0,151768.0,151795.0,151812.0,151841.0,151862.0,151887.0,151906.0,151932.0,151954.0,151976.0,151992.0,152007.0,152034.0,152065.0,152095.0,152113.0,152148.0,152178.0,152194.0,152226.0,152259.0,152281.0,152314.0,152345.0,152372.0,152396.0,152425.0,152456.0,152489.0,152520.0,152548.0,152571.0,152609.0,152638.0,152656.0,152671.0,152701.0,152724.0,152769.0,152796.0,152821.0,152855.0,152903.0,152941.0,152971.0,153012.0,153049.0,153093.0,153121.0,153176.0,153214.0,153248.0,153280.0,153302.0,153325.0,153370.0,153409.0,153445.0,153477.0,153511.0,153563.0,153599.0,153649.0,153697.0,153736.0,153781.0,153824.0,153856.0,153895.0,153942.0,153985.0,154031.0,154081.0,154122.0,154165.0,154213.0,154257.0,154307.0,154342.0,154367.0,154410.0,154441.0,154480.0,154543.0,154589.0,154647.0,154677.0,154715.0,154757.0,154793.0,154821.0,154860.0,154894.0,154932.0,154961.0,154995.0,155023.0,155046.0,155074.0,155096.0,155126.0,155147.0,155174.0,155217.0,155241.0,155280.0,155308.0,155344.0,155367.0,155396
FT2nBt5Ed-Q,63276.0,63287.0,63301.0,63325.0,63337.0,63362.0,63383.0,63398.0,63422.0,63432.0,63448.0,63465.0,63476.0,63486.0,63502.0,63517.0,63545.0,63566.0,63585.0,63601.0,63625.0,63643.0,63661.0,63678.0,63692.0,63701.0,63719.0,63743.0,63765.0,63800.0,63814.0,63827.0,63850.0,63872.0,63906.0,63932.0,63959.0,63979.0,63997.0,64028.0,64053.0,64078.0,64108.0,64135.0,64150.0,64175.0,64198.0,64218.0,64240.0,64255.0,64282.0,64304.0,64322.0,64353.0,64377.0,64399.0,64420.0,64447.0,64480.0,64499.0,64534.0,64565.0,64585.0,64609.0,64635.0,64658.0,64681.0,64711.0,64732.0,64756.0,64782.0,64796.0,64813.0,64830.0,64854.0,64873.0,64896.0,64912.0,64936.0,64956.0,64979.0,65008.0,65029.0,65043.0,65065.0,65088.0,65114.0,65143.0,65166.0,65183.0,65203.0,65216.0,65230.0,65248.0,65266.0,65285.0,65308.0,65318.0,65333.0,65352.0,65369.0,65392.0,65403.0,65420.0,65435.0,65455.0,65473.0,65492.0,65500.0,65512.0,65530.0,65548.0,65569.0,65577.0,65590.0,65600.0,65614.0,65630.0,65655.0,65677.0,65688.0,65698.0,65717.0,65734.0,65749.0,65768.0,65778.0,65799.0,65809.0,65828.0,65848.0,65863.0,65881.0,65890.0,,,,,,,,,66019.0,66042.0,66048.0,66068.0,66091.0,66107.0,66121.0,66139.0,66171.0,66188.0,66210.0,66230.0,66253.0,66268.0,66292.0,66311.0,66326.0,66342.0,66354.0,66369.0,66389.0,66412.0,66429.0,66443.0,66459.0,66478.0,66490.0,66513.0,66524.0,66541.0,66558.0,66572.0,66584.0,66598.0,66624.0,66649.0,66667.0,66690.0,66705.0,66735.0,66761.0,66772.0,66781.0,66797.0,66821.0,66847.0,66865.0,66889.0,66907.0,66924.0,66943.0,66959.0,66985.0,67006.0,67024.0,67046.0,67067.0,67089.0,67101.0,67126.0,67143.0,67167.0,67186.0,67199.0,67212.0,67228.0,67255.0,67275.0,67290.0,67313.0,67338.0,67358.0,67378.0,67392.0,67416.0,67434.0,67455.0,67473.0,67494.0,67502.0,67521.0,67536.0,67554.0,67573.0,67590.0,67613.0,67633.0,67645.0,67674.0,67697.0,67720.0,67732.0,67752.0,67766.0,67792.0,67810.0,67819.0,67833.0,67848.0,67862.0,67888.0,67907.0,67919.0,67941.0,67960.0,67985.0,68000.0,68017.0,68035.0,68055.0,68076.0,68090.0,68113.0,68123.0,68149.0,68162.0,68186.0,68203.0,68217.0,68234.0,68259.0,,68303.0,68329.0,68338.0,68349.0,68365.0,68378.0,68394.0,68407.0,68422.0,68435.0,68454.0,68471.0,68489.0,68502.0,68526.0,68535.0,68552.0,68575.0,68592.0,68606.0,68623.0,68644.0,68659.0,68669.0,68689.0,68700.0,68720.0,68733.0,68752.0,68772.0,68788.0,68804.0,68825.0,68839.0,68851.0,68866.0,68876.0,68888.0,68905.0,68912.0,68921.0,68935.0,68941.0,68952.0,68965.0,68980.0,68991.0,69019.0,69035.0,69058.0,69070.0,69084.0,69103.0,69129.0,69161.0,69190.0,69222.0,69241.0,69255.0,69268.0,69281.0,69292.0,69300.0,69315.0,69341.0,69354.0,69375.0,69407.0,69441.0,69460.0,69484.0,69511.0,69529.0,69546.0,69572.0,69603.0,69623.0,69655.0,69671.0,69693.0,69726.0,69747.0,69768.0,69787.0,69815.0,69828.0,69843.0,69868.0,69895.0,69921.0,69935.0,69954.0,69970.0,69988.0,69999.0,70010.0,70021.0,70036.0,70047.0,70058.0,70067.0,70078.0,70096.0,70108.0,70120.0,70126.0,70135.0,70159.0,70173.0,70184.0,70195.0,70205.0,70221.0,70233
5H3T1MTt4kI,2326.0,2328.0,2329.0,2331.0,2333.0,2335.0,2335.0,2336.0,2336.0,2338.0,2339.0,2341.0,2341.0,2344.0,2346.0,2348.0,2348.0,2349.0,2350.0,2351.0,2353.0,2353.0,2353.0,2354.0,2354.0,2360.0,2363.0,2365.0,2368.0,2368.0,2371.0,2373.0,2374.0,2376.0,2377.0,2378.0,2378.0,2379.0,2379.0,2379.0,2380.0,2381.0,2381.0,2383.0,2384.0,2385.0,2385.0,2387.0,2388.0,2389.0,2389.0,2390.0,2394.0,2396.0,2396.0,2397.0,2398.0,2398.0,2400.0,2401.0,2401.0,2401.0,2402.0,2402.0,2404.0,2405.0,2406.0,2407.0,2407.0,2412.0,2412.0,2414.0,2415.0,2415.0,2415.0,2415.0,2418.0,2422.0,2422.0,2423.0,2424.0,2424.0,2426.0,2426.0,2427.0,2428.0,2428.0,2431.0,2433.0,2433.0,2434.0,2435.0,2436.0,2437.0,2437.0,2437.0,2437.0,2437.0,2440.0,2440.0,2442.0,2443.0,2445.0,2445.0,2445.0,2447.0,2450.0,2451.0,2451.0,2453.0,2454.0,2455.0,2458.0,2458.0,2459.0,2461.0,2463.0,2463.0,2464.0,2465.0,2468.0,2470.0,2470.0,2470.0,2470.0,2471.0,2471.0,2472.0,2472.0,2473.0,2473.0,2474.0,2477.0,2479.0,,,,,,,,,2482.0,2482.0,2482.0,2486.0,2487.0,2487.0,2488.0,2488.0,2488.0,2490.0,2493.0,2494.0,2498.0,2498.0,2500.0,2500.0,2501.0,2501.0,2502.0,2503.0,2503.0,2505.0,2505.0,2507.0,2507.0,2508.0,2510.0,2511.0,2513.0,2514.0,2514.0,2514.0,2514.0,2514.0,2516.0,2520.0,2521.0,2521.0,2521.0,2522.0,2522.0,2523.0,2524.0,2524.0,2524.0,2524.0,2524.0,2525.0,2526.0,2528.0,2528.0,2528.0,2530.0,2531.0,2531.0,2531.0,2532.0,2532.0,2532.0,2532.0,2532.0,2532.0,2534.0,2534.0,2535.0,2535.0,2535.0,2535.0,2535.0,2535.0,2536.0,2536.0,2536.0,2539.0,2539.0,2540.0,2543.0,2543.0,2543.0,2544.0,2545.0,2559.0,2578.0,2584.0,2589.0,2589.0,2589.0,2590.0,2590.0,2590.0,2592.0,2592.0,2592.0,2592.0,2592.0,2592.0,2593.0,2594.0,2596.0,2597.0,2597.0,2597.0,2598.0,2598.0,2599.0,2599.0,2599.0,2599.0,2601.0,2601.0,2601.0,2601.0,2601.0,2601.0,2601.0,2601.0,2601.0,2602.0,2602.0,2602.0,2602.0,,2605.0,2606.0,2606.0,2607.0,2608.0,2610.0,2610.0,2611.0,2611.0,2611.0,2612.0,2612.0,2613.0,2613.0,2613.0,2614.0,2614.0,2614.0,2614.0,2614.0,2614.0,2614.0,2614.0,2614.0,2615.0,2617.0,2619.0,2621.0,2621.0,2622.0,2622.0,2622.0,2623.0,2623.0,2624.0,2624.0,2624.0,2624.0,2625.0,2628.0,2628.0,2628.0,2630.0,2630.0,2631.0,2631.0,2638.0,2639.0,2640.0,2644.0,2644.0,2644.0,2644.0,2646.0,2647.0,2647.0,2647.0,2648.0,2651.0,2651.0,2651.0,2651.0,2651.0,2653.0,2654.0,2655.0,2656.0,2658.0,2658.0,2659.0,2660.0,2661.0,2662.0,2664.0,2665.0,2667.0,2668.0,2673.0,2673.0,2673.0,2675.0,2677.0,2677.0,2677.0,2677.0,2679.0,2679.0,2679.0,2680.0,2681.0,2682.0,2683.0,2683.0,2683.0,2684.0,2686.0,2689.0,2692.0,2692.0,2692.0,2694.0,2695.0,2696.0,2697.0,2697.0,2697.0,2698.0,2699.0,2699.0,2699.0,2699.0,2699.0,2701.0,2701
q-kVHO1jLA8,64363.0,64391.0,64406.0,64430.0,64451.0,64477.0,64492.0,64512.0,64531.0,64556.0,64577.0,64605.0,64631.0,64652.0,64668.0,64697.0,64730.0,64750.0,64781.0,64805.0,64851.0,64880.0,64893.0,64911.0,64933.0,64959.0,64989.0,65022.0,65042.0,65065.0,65088.0,65106.0,65142.0,65165.0,65189.0,65209.0,65231.0,65257.0,65270.0,65283.0,65300.0,65319.0,65345.0,65368.0,65395.0,65424.0,65440.0,65466.0,65488.0,65508.0,65534.0,65556.0,65580.0,65604.0,65630.0,65662.0,65683.0,65699.0,65730.0,65753.0,65779.0,65804.0,65827.0,65866.0,65899.0,65925.0,65955.0,65980.0,66007.0,66037.0,66075.0,66102.0,66132.0,66152.0,66172.0,66207.0,66243.0,66268.0,66290.0,66320.0,66351.0,66368.0,66398.0,66424.0,66453.0,66488.0,66510.0,66537.0,66556.0,66570.0,66590.0,66619.0,66646.0,66672.0,66693.0,66709.0,66730.0,66760.0,66782.0,66807.0,66826.0,66851.0,66872.0,66893.0,66904.0,66922.0,66941.0,66958.0,66977.0,66999.0,67018.0,67040.0,67060.0,67076.0,67089.0,67117.0,67127.0,67144.0,67159.0,67169.0,67192.0,67216.0,67233.0,67246.0,67258.0,67277.0,67296.0,67328.0,67341.0,67357.0,67366.0,67380.0,67396.0,67404.0,,,,,,,,,67582.0,67599.0,67609.0,67618.0,67633.0,67651.0,67672.0,67686.0,67704.0,67756.0,67798.0,67819.0,67834.0,67854.0,67881.0,67894.0,67912.0,67927.0,67939.0,67947.0,67977.0,67991.0,68007.0,68022.0,68035.0,68058.0,68083.0,68100.0,68113.0,68130.0,68135.0,68147.0,68164.0,68180.0,68191.0,68202.0,68219.0,68238.0,68256.0,68287.0,68313.0,68332.0,68354.0,68357.0,68373.0,68385.0,68401.0,68423.0,68432.0,68454.0,68474.0,68490.0,68506.0,68525.0,68545.0,68562.0,68589.0,68634.0,68669.0,68691.0,68729.0,68752.0,68780.0,68799.0,68832.0,68926.0,68969.0,68991.0,69021.0,69045.0,69070.0,69088.0,69101.0,69116.0,69135.0,69160.0,69177.0,69194.0,69210.0,69229.0,69244.0,69263.0,69286.0,69314.0,69324.0,69343.0,69367.0,69384.0,69402.0,69429.0,69453.0,69462.0,69487.0,69503.0,69517.0,69535.0,69551.0,69567.0,69584.0,69593.0,69610.0,69623.0,69637.0,69651.0,69668.0,69682.0,69694.0,69710.0,69728.0,69737.0,69745.0,69758.0,69767.0,69783.0,69797.0,69809.0,69823.0,69844.0,69864.0,69881.0,69905.0,,69940.0,69952.0,69966.0,69976.0,69985.0,70001.0,70018.0,70028.0,70040.0,70057.0,70065.0,70081.0,70092.0,70099.0,70112.0,70127.0,70136.0,70146.0,70166.0,70183.0,70206.0,70220.0,70232.0,70242.0,70249.0,70258.0,70271.0,70282.0,70295.0,70304.0,70311.0,70322.0,70327.0,70334.0,70347.0,70362.0,70368.0,70381.0,70396.0,70411.0,70423.0,70439.0,70452.0,70475.0,70489.0,70506.0,70525.0,70538.0,70555.0,70581.0,70594.0,70602.0,70614.0,70626.0,70643.0,70654.0,70662.0,70676.0,70699.0,70717.0,70726.0,70740.0,70752.0,70764.0,70775.0,70785.0,70797.0,70814.0,70828.0,70836.0,70852.0,70879.0,70896.0,70907.0,70920.0,70932.0,70953.0,70963.0,70987.0,71013.0,71033.0,71052.0,71071.0,71082.0,71099.0,71110.0,71117.0,71130.0,71141.0,71156.0,71166.0,71171.0,71182.0,71193.0,71205.0,71219.0,71235.0,71243.0,71256.0,71264.0,71278.0,71288.0,71294.0,71310.0,71321.0,71329.0,71340.0,71354.0,71365.0,71383.0,71402.0,71422.0,71437.0,71446
FS59gjT1lZw,6251.0,6258.0,6275.0,6281.0,6284.0,6292.0,6295.0,6303.0,6314.0,6324.0,6333.0,6337.0,6343.0,6350.0,6352.0,6358.0,6362.0,6366.0,6376.0,6387.0,6393.0,6401.0,6407.0,6415.0,6417.0,6426.0,6434.0,6440.0,6449.0,6458.0,6463.0,6467.0,6471.0,6477.0,6482.0,6486.0,6496.0,6501.0,6507.0,6515.0,6517.0,6522.0,6526.0,6527.0,6538.0,6546.0,6553.0,6563.0,6566.0,6571.0,6580.0,6586.0,6593.0,6604.0,6611.0,6622.0,6631.0,6639.0,6657.0,6669.0,6675.0,6683.0,6684.0,6690.0,6699.0,6705.0,6711.0,6734.0,6754.0,6787.0,6807.0,6826.0,6846.0,6872.0,6882.0,6898.0,6905.0,6911.0,6918.0,6924.0,6931.0,6941.0,6946.0,6952.0,6964.0,6972.0,6980.0,6987.0,6990.0,6999.0,7013.0,7016.0,7030.0,7035.0,7042.0,7057.0,7064.0,7072.0,7091.0,7106.0,7113.0,7117.0,7129.0,7136.0,7146.0,7159.0,7166.0,7167.0,7169.0,7176.0,7181.0,7185.0,7195.0,7204.0,7214.0,7216.0,7223.0,7234.0,7240.0,7249.0,7260.0,7267.0,7274.0,7282.0,7288.0,7293.0,7302.0,7312.0,7317.0,7327.0,7334.0,7341.0,7344.0,7349.0,,,,,,,,,7420.0,7425.0,7432.0,7439.0,7446.0,7454.0,7457.0,7464.0,7467.0,7475.0,7487.0,7499.0,7515.0,7527.0,7531.0,7533.0,7535.0,7543.0,7559.0,7561.0,7565.0,7569.0,7572.0,7576.0,7585.0,7591.0,7597.0,7601.0,7608.0,7610.0,7615.0,7620.0,7623.0,7626.0,7628.0,7632.0,7637.0,7640.0,7644.0,7649.0,7654.0,7657.0,7659.0,7664.0,7672.0,7680.0,7685.0,7693.0,7699.0,7704.0,7708.0,7712.0,7717.0,7721.0,7725.0,7738.0,7742.0,7742.0,7747.0,7758.0,7762.0,7764.0,7767.0,7770.0,7773.0,7782.0,7783.0,7784.0,7792.0,7793.0,7799.0,7804.0,7858.0,7871.0,7876.0,7882.0,7888.0,7894.0,7898.0,7900.0,7904.0,7907.0,7913.0,7916.0,7919.0,7920.0,7925.0,7928.0,7928.0,7930.0,7934.0,7938.0,7945.0,7951.0,7977.0,7984.0,7990.0,7991.0,7994.0,8000.0,8021.0,8026.0,8030.0,8033.0,8035.0,8037.0,8043.0,8051.0,8053.0,8056.0,8058.0,8062.0,8066.0,8073.0,8086.0,8096.0,8102.0,8113.0,8125.0,8136.0,8140.0,,8151.0,8158.0,8166.0,8177.0,8180.0,8187.0,8192.0,8195.0,8204.0,8210.0,8213.0,8219.0,8222.0,8230.0,8237.0,8244.0,8255.0,8266.0,8268.0,8272.0,8280.0,8289.0,8292.0,8296.0,8305.0,8310.0,8314.0,8323.0,8332.0,8335.0,8339.0,8341.0,8349.0,8352.0,8360.0,8363.0,8369.0,8379.0,8392.0,8400.0,8423.0,8430.0,8441.0,8448.0,8453.0,8458.0,8466.0,8476.0,8485.0,8496.0,8562.0,8583.0,8606.0,8621.0,8632.0,8644.0,8651.0,8668.0,8679.0,8694.0,8707.0,8721.0,8725.0,8729.0,8738.0,8741.0,8747.0,8754.0,8759.0,8765.0,8766.0,8766.0,8773.0,8781.0,8788.0,8794.0,8802.0,8808.0,8817.0,8824.0,8831.0,8841.0,8853.0,8860.0,8872.0,8877.0,8887.0,8899.0,8906.0,8915.0,8919.0,8923.0,8934.0,8942.0,8952.0,8958.0,8966.0,8973.0,8984.0,8998.0,9011.0,9029.0,9038.0,9042.0,9050.0,9062.0,9070.0,9077.0,9082.0,9085.0,9091.0,9095.0,9104.0,9107
hRdqhaJGaMQ,216402.0,216403.0,216404.0,216404.0,216405.0,216406.0,216408.0,216412.0,216414.0,216416.0,216416.0,216416.0,216417.0,216418.0,216420.0,216421.0,216422.0,216427.0,216429.0,216429.0,216430.0,216432.0,216434.0,216435.0,216439.0,216441.0,216442.0,216442.0,216444.0,216447.0,216449.0,216449.0,216450.0,216450.0,216453.0,216453.0,216456.0,216460.0,216461.0,216461.0,216462.0,216463.0,216464.0,216466.0,216472.0,216474.0,216475.0,216478.0,216481.0,216485.0,216487.0,216489.0,216492.0,216492.0,216493.0,216496.0,216498.0,216498.0,216499.0,216499.0,216501.0,216502.0,216502.0,216503.0,216503.0,216505.0,216506.0,216507.0,216507.0,216507.0,216510.0,216512.0,216515.0,216515.0,216515.0,216515.0,216516.0,216517.0,216518.0,216519.0,216524.0,216525.0,216525.0,216525.0,216527.0,216527.0,216528.0,216531.0,216533.0,216533.0,216534.0,216536.0,216538.0,216538.0,216538.0,216539.0,216539.0,216539.0,216539.0,216540.0,216540.0,216540.0,216540.0,216540.0,216540.0,216541.0,216542.0,216542.0,216543.0,216544.0,216544.0,216544.0,216546.0,216547.0,216548.0,216548.0,216549.0,216551.0,216552.0,216553.0,216556.0,216556.0,216556.0,216556.0,216556.0,216556.0,216556.0,216557.0,216558.0,216558.0,216560.0,216563.0,216563.0,216566.0,,,,,,,,,216572.0,216572.0,216574.0,216575.0,216576.0,216576.0,216578.0,216578.0,216578.0,216579.0,216579.0,216580.0,216580.0,216584.0,216586.0,216586.0,216586.0,216591.0,216591.0,216591.0,216591.0,216591.0,216591.0,216592.0,216593.0,216593.0,216598.0,216598.0,216601.0,216603.0,216604.0,216604.0,216607.0,216608.0,216609.0,216609.0,216611.0,216613.0,216614.0,216617.0,216617.0,216620.0,216620.0,216622.0,216626.0,216627.0,216629.0,216629.0,216630.0,216633.0,216633.0,216636.0,216637.0,216637.0,216638.0,216639.0,216641.0,216643.0,216644.0,216644.0,216646.0,216646.0,216648.0,216650.0,216650.0,216651.0,216652.0,216653.0,216655.0,216655.0,216655.0,216664.0,216673.0,216679.0,216687.0,216690.0,216692.0,216693.0,216696.0,216697.0,216697.0,216698.0,216699.0,216700.0,216700.0,216702.0,216703.0,216703.0,216703.0,216706.0,216707.0,216709.0,216713.0,216716.0,216720.0,216724.0,216729.0,216731.0,216731.0,216733.0,216734.0,216736.0,216737.0,216739.0,216740.0,216741.0,216743.0,216747.0,216752.0,216752.0,216752.0,216754.0,216754.0,216756.0,216756.0,216756.0,216758.0,216758.0,216759.0,216759.0,216759.0,,216760.0,216762.0,216762.0,216762.0,216764.0,216764.0,216765.0,216765.0,216765.0,216766.0,216769.0,216769.0,216770.0,216770.0,216770.0,216770.0,216770.0,216775.0,216775.0,216775.0,216775.0,216777.0,216777.0,216778.0,216778.0,216778.0,216779.0,216780.0,216781.0,216781.0,216781.0,216781.0,216781.0,216781.0,216784.0,216785.0,216786.0,216786.0,216787.0,216789.0,216792.0,216794.0,216796.0,216798.0,216798.0,216799.0,216799.0,216799.0,216801.0,216802.0,216805.0,216808.0,216809.0,216811.0,216811.0,216812.0,216815.0,216819.0,216821.0,216823.0,216825.0,216826.0,216826.0,216829.0,216834.0,216835.0,216837.0,216838.0,216839.0,216843.0,216846.0,216848.0,216852.0,216854.0,216855.0,216857.0,216865.0,216872.0,216875.0,216881.0,216884.0,216889.0,216891.0,216896.0,216896.0,216896.0,216899.0,216909.0,216910.0,216914.0,216917.0,216917.0,216920.0,216924.0,216925.0,216928.0,216932.0,216937.0,216944.0,216948.0,216950.0,216952.0,216954.0,216954.0,216956.0,216960.0,216963.0,216964.0,216965.0,216966.0,216971.0,216974.0,216976.0,216978
ZiqOL87dk8c,369.0,369.0,369.0,369.0,369.0,369.0,369.0,369.0,369.0,369.0,369.0,369.0,369.0,369.0,369.0,369.0,369.0,369.0,369.0,369.0,369.0,369.0,369.0,369.0,369.0,369.0,369.0,369.0,369.0,369.0,369.0,369.0,369.0,369.0,369.0,369.0,369.0,369.0,369.0,369.0,369.0,369.0,369.0,369.0,369.0,369.0,369.0,369.0,369.0,369.0,369.0,369.0,369.0,369.0,369.0,369.0,369.0,369.0,369.0,369.0,369.0,369.0,369.0,369.0,369.0,369.0,369.0,369.0,369.0,369.0,369.0,369.0,369.0,369.0,369.0,369.0,369.0,369.0,369.0,369.0,369.0,369.0,369.0,369.0,369.0,369.0,369.0,369.0,369.0,369.0,369.0,369.0,369.0,369.0,369.0,369.0,369.0,369.0,369.0,369.0,369.0,369.0,369.0,369.0,369.0,369.0,369.0,369.0,369.0,369.0,369.0,369.0,369.0,369.0,369.0,369.0,369.0,369.0,369.0,369.0,369.0,369.0,369.0,369.0,369.0,369.0,369.0,369.0,369.0,369.0,369.0,369.0,369.0,369.0,,,,,,,,,369.0,369.0,369.0,369.0,369.0,369.0,369.0,369.0,369.0,369.0,369.0,369.0,369.0,369.0,369.0,369.0,369.0,369.0,369.0,369.0,369.0,369.0,369.0,369.0,369.0,369.0,369.0,369.0,369.0,369.0,369.0,369.0,369.0,369.0,369.0,369.0,369.0,369.0,369.0,369.0,369.0,369.0,369.0,369.0,369.0,369.0,369.0,369.0,369.0,369.0,369.0,369.0,369.0,369.0,369.0,369.0,369.0,369.0,369.0,369.0,369.0,369.0,369.0,369.0,369.0,369.0,369.0,369.0,369.0,369.0,369.0,369.0,369.0,369.0,369.0,369.0,369.0,369.0,369.0,369.0,369.0,369.0,369.0,369.0,369.0,369.0,369.0,369.0,369.0,369.0,369.0,369.0,369.0,369.0,369.0,369.0,369.0,369.0,369.0,369.0,369.0,369.0,369.0,369.0,369.0,369.0,369.0,369.0,369.0,369.0,369.0,369.0,369.0,369.0,369.0,369.0,369.0,369.0,369.0,369.0,369.0,,369.0,369.0,369.0,369.0,369.0,369.0,369.0,369.0,369.0,369.0,369.0,369.0,369.0,369.0,369.0,369.0,369.0,369.0,369.0,369.0,369.0,369.0,369.0,369.0,369.0,369.0,369.0,369.0,369.0,369.0,369.0,369.0,369.0,369.0,369.0,369.0,369.0,369.0,369.0,369.0,369.0,369.0,369.0,369.0,369.0,369.0,369.0,369.0,369.0,369.0,369.0,369.0,369.0,369.0,369.0,369.0,369.0,369.0,369.0,369.0,369.0,369.0,369.0,369.0,369.0,369.0,369.0,369.0,369.0,369.0,369.0,369.0,369.0,369.0,369.0,369.0,369.0,369.0,369.0,369.0,369.0,369.0,369.0,369.0,369.0,369.0,369.0,369.0,369.0,369.0,369.0,369.0,369.0,369.0,369.0,369.0,369.0,369.0,369.0,369.0,369.0,369.0,369.0,369.0,369.0,369.0,369.0,369.0,369.0,369.0,369.0,369.0,369.0,369
0e3jF5mZezE,572.0,572.0,572.0,572.0,572.0,572.0,572.0,572.0,572.0,572.0,572.0,572.0,572.0,572.0,572.0,572.0,572.0,572.0,572.0,572.0,572.0,572.0,572.0,572.0,572.0,572.0,572.0,572.0,572.0,572.0,572.0,572.0,572.0,572.0,572.0,572.0,572.0,572.0,572.0,572.0,572.0,572.0,572.0,572.0,572.0,572.0,572.0,572.0,572.0,572.0,572.0,572.0,572.0,572.0,572.0,572.0,572.0,572.0,572.0,572.0,572.0,572.0,572.0,572.0,572.0,572.0,572.0,572.0,572.0,572.0,572.0,572.0,572.0,572.0,572.0,572.0,572.0,572.0,572.0,572.0,572.0,572.0,572.0,572.0,572.0,572.0,572.0,572.0,572.0,572.0,572.0,572.0,572.0,572.0,572.0,572.0,572.0,572.0,572.0,572.0,572.0,572.0,572.0,572.0,572.0,572.0,572.0,572.0,572.0,572.0,572.0,572.0,572.0,572.0,572.0,572.0,572.0,572.0,572.0,572.0,572.0,572.0,572.0,572.0,572.0,572.0,572.0,572.0,572.0,572.0,572.0,572.0,572.0,572.0,,,,,,,,,572.0,572.0,572.0,572.0,572.0,572.0,572.0,572.0,572.0,572.0,572.0,572.0,572.0,572.0,572.0,572.0,572.0,572.0,572.0,572.0,572.0,572.0,572.0,572.0,572.0,572.0,572.0,572.0,572.0,572.0,572.0,572.0,572.0,572.0,572.0,572.0,572.0,572.0,572.0,572.0,572.0,572.0,572.0,572.0,572.0,572.0,572.0,572.0,572.0,572.0,572.0,572.0,572.0,572.0,572.0,572.0,572.0,572.0,572.0,572.0,572.0,572.0,572.0,572.0,572.0,572.0,572.0,572.0,572.0,572.0,572.0,572.0,572.0,572.0,572.0,572.0,572.0,572.0,572.0,572.0,572.0,572.0,572.0,572.0,572.0,572.0,572.0,572.0,572.0,572.0,572.0,572.0,572.0,572.0,572.0,572.0,572.0,572.0,572.0,572.0,572.0,572.0,572.0,572.0,572.0,572.0,572.0,572.0,572.0,572.0,572.0,572.0,572.0,572.0,572.0,572.0,572.0,572.0,572.0,572.0,572.0,,572.0,572.0,572.0,572.0,572.0,572.0,572.0,572.0,572.0,572.0,572.0,572.0,572.0,572.0,572.0,572.0,572.0,572.0,572.0,572.0,572.0,572.0,572.0,572.0,572.0,572.0,572.0,572.0,572.0,572.0,572.0,572.0,572.0,572.0,572.0,572.0,572.0,572.0,572.0,572.0,572.0,572.0,572.0,572.0,572.0,572.0,572.0,572.0,572.0,572.0,572.0,572.0,572.0,572.0,572.0,572.0,572.0,572.0,572.0,572.0,572.0,572.0,572.0,572.0,572.0,572.0,572.0,572.0,572.0,572.0,572.0,572.0,572.0,572.0,572.0,572.0,572.0,572.0,572.0,572.0,572.0,572.0,572.0,572.0,572.0,572.0,572.0,572.0,572.0,572.0,572.0,572.0,572.0,572.0,572.0,572.0,572.0,572.0,572.0,572.0,572.0,572.0,572.0,572.0,572.0,572.0,572.0,572.0,572.0,572.0,572.0,572.0,572.0,572
85h-tVHNasg,4518450.0,4518764.0,4519043.0,4519355.0,4519621.0,4519845.0,4520112.0,4520341.0,4520584.0,4520857.0,4521127.0,4521354.0,4521613.0,4521877.0,4522131.0,4522383.0,4522676.0,4522939.0,4523174.0,4523394.0,4523619.0,4523896.0,4524205.0,4524428.0,4524699.0,4524938.0,4525187.0,4525433.0,4525676.0,4525956.0,4526222.0,4526479.0,4526745.0,4527013.0,4527269.0,4527590.0,4527846.0,4528118.0,4528414.0,4528721.0,4528947.0,4529216.0,4529484.0,4529787.0,4530201.0,4530509.0,4530758.0,4531072.0,4531384.0,4531619.0,4531887.0,4532187.0,4532454.0,4532704.0,4532994.0,4533267.0,4533508.0,4533754.0,4533997.0,4534288.0,4534531.0,4534797.0,4535082.0,4535347.0,4535666.0,4535993.0,4536282.0,4536585.0,4536860.0,4537203.0,4537493.0,4537763.0,4538030.0,4538289.0,4538500.0,4538825.0,4539094.0,4539419.0,4539754.0,4540050.0,4540308.0,4540568.0,4540809.0,4541058.0,4541363.0,4541604.0,4541894.0,4542095.0,4542368.0,4542618.0,4542815.0,4543054.0,4543302.0,4543632.0,4543950.0,4544182.0,4544421.0,4544662.0,4544922.0,4545157.0,4545394.0,4545641.0,4545840.0,4546069.0,4546315.0,4546510.0,4546802.0,4547082.0,4547359.0,4547619.0,4547902.0,4548186.0,4548447.0,4548715.0,4548980.0,4549275.0,4549479.0,4549709.0,4549961.0,4550211.0,4550434.0,4550685.0,4550984.0,4551219.0,4551402.0,4551613.0,4551832.0,4552085.0,4552409.0,4552692.0,4552929.0,4553174.0,4553365.0,4553560.0,,,,,,,,,4555596.0,4555973.0,4556255.0,4556624.0,4556927.0,4557433.0,4557956.0,4558499.0,4559106.0,4559398.0,4559649.0,4559895.0,4560167.0,4560449.0,4560731.0,4561014.0,4561222.0,4561471.0,4561691.0,4561905.0,4562113.0,4562346.0,4562550.0,4562709.0,4562847.0,4563021.0,4563213.0,4563397.0,4563594.0,4563780.0,4563943.0,4564137.0,4564316.0,4564518.0,4564715.0,4564946.0,4565105.0,4565307.0,4565537.0,4565722.0,4565919.0,4566128.0,4566338.0,4566521.0,4566677.0,4566859.0,4567059.0,4567233.0,4567401.0,4567615.0,4567824.0,4568044.0,4568253.0,4568457.0,4568621.0,4568785.0,4568988.0,4569228.0,4569419.0,4569601.0,4569833.0,4570013.0,4570231.0,4570427.0,4570629.0,4570887.0,4571116.0,4571315.0,4571498.0,4571727.0,4571908.0,4572095.0,4572305.0,4572568.0,4572805.0,4573046.0,4573286.0,4573528.0,4573752.0,4573929.0,4574087.0,4574299.0,4574566.0,4574785.0,4575030.0,4575259.0,4575456.0,4575728.0,4575972.0,4576217.0,4576442.0,4576684.0,4576926.0,4577167.0,4577415.0,4577589.0,4577827.0,4578054.0,4578280.0,4578539.0,4578720.0,4578924.0,4579124.0,4579340.0,4579572.0,4579793.0,4579992.0,4580218.0,4580431.0,4580593.0,4580827.0,4581008.0,4581235.0,4581429.0,4581602.0,4581796.0,4581950.0,4582131.0,4582316.0,4582512.0,4582704.0,,4583055.0,4583201.0,4583414.0,4583611.0,4583824.0,4583977.0,4584116.0,4584269.0,4584445.0,4584630.0,4584788.0,4584963.0,4585143.0,4585315.0,4585507.0,4585667.0,4585808.0,4585966.0,4586140.0,4586323.0,4586527.0,4586716.0,4586852.0,4587049.0,4587227.0,4587417.0,4587606.0,4587783.0,4587980.0,4588179.0,4588377.0,4588571.0,4588773.0,4588938.0,4589147.0,4589340.0,4589529.0,4589749.0,4589931.0,4590132.0,4590303.0,4590515.0,4590717.0,4590896.0,4591081.0,4591315.0,4591506.0,4591710.0,4591899.0,4592058.0,4592232.0,4592468.0,4592649.0,4592870.0,4593053.0,4593234.0,4593409.0,4593583.0,4593754.0,4593930.0,4594099.0,4594310.0,4594480.0,4594639.0,4594782.0,4594967.0,4595189.0,4595368.0,4595560.0,4595721.0,4595892.0,4596076.0,4596235.0,4596433.0,4596587.0,4596854.0,4597062.0,4597268.0,4597475.0,4597705.0,4597933.0,4598146.0,4598388.0,4598608.0,4598785.0,4598975.0,4599127.0,4599301.0,4599483.0,4599639.0,4599823.0,4600006.0,4600222.0,4600430.0,4600641.0,4600860.0,4601087.0,4601280.0,4601469.0,4601671.0,4601930.0,4602141.0,4602376.0,4602578.0,4602808.0,4602999.0,4603187.0,4603411.0,4603623.0,4603790.0,4604039.0,4604212.0,4604389.0,4604585
206hvZYUqug,3729.0,3729.0,3731.0,3732.0,3736.0,3740.0,3741.0,3742.0,3744.0,3744.0,3745.0,3749.0,3750.0,3751.0,3751.0,3751.0,3754.0,3759.0,3761.0,3768.0,3768.0,3769.0,3773.0,3776.0,3777.0,3781.0,3784.0,3789.0,3790.0,3792.0,3794.0,3795.0,3798.0,3798.0,3801.0,3801.0,3802.0,3802.0,3803.0,3804.0,3805.0,3806.0,3809.0,3816.0,3818.0,3829.0,3837.0,3853.0,3860.0,3874.0,3883.0,3888.0,3895.0,3898.0,3906.0,3908.0,3909.0,3911.0,3914.0,3918.0,3923.0,3926.0,3926.0,3930.0,3932.0,3934.0,3937.0,3938.0,3940.0,3942.0,3946.0,3949.0,3958.0,3958.0,3960.0,3964.0,3968.0,3973.0,3976.0,3980.0,3987.0,3989.0,3989.0,3989.0,3994.0,3998.0,4001.0,4003.0,4007.0,4009.0,4013.0,4013.0,4015.0,4018.0,4024.0,4026.0,4029.0,4034.0,4038.0,4044.0,4051.0,4063.0,4077.0,4086.0,4089.0,4091.0,4093.0,4094.0,4096.0,4101.0,4105.0,4111.0,4112.0,4112.0,4112.0,4115.0,4116.0,4118.0,4118.0,4122.0,4125.0,4126.0,4127.0,4129.0,4131.0,4136.0,4137.0,4146.0,4150.0,4153.0,4154.0,4156.0,4159.0,4161.0,,,,,,,,,4180.0,4181.0,4182.0,4184.0,4184.0,4187.0,4187.0,4187.0,4187.0,4187.0,4189.0,4191.0,4193.0,4194.0,4195.0,4195.0,4196.0,4197.0,4200.0,4203.0,4205.0,4209.0,4211.0,4211.0,4212.0,4215.0,4216.0,4217.0,4221.0,4226.0,4228.0,4231.0,4232.0,4235.0,4235.0,4238.0,4242.0,4243.0,4244.0,4245.0,4251.0,4253.0,4253.0,4253.0,4253.0,4253.0,4253.0,4255.0,4256.0,4258.0,4258.0,4259.0,4259.0,4259.0,4259.0,4261.0,4266.0,4267.0,4268.0,4268.0,4271.0,4273.0,4273.0,4273.0,4274.0,4276.0,4277.0,4278.0,4282.0,4284.0,4285.0,4285.0,4288.0,4291.0,4292.0,4293.0,4293.0,4296.0,4298.0,4299.0,4301.0,4302.0,4304.0,4304.0,4305.0,4306.0,4308.0,4308.0,4308.0,4310.0,4311.0,4311.0,4311.0,4311.0,4311.0,4311.0,4313.0,4313.0,4313.0,4313.0,4313.0,4314.0,4314.0,4314.0,4314.0,4315.0,4316.0,4319.0,4322.0,4322.0,4322.0,4324.0,4325.0,4326.0,4326.0,4326.0,4327.0,4328.0,4340.0,4348.0,4350.0,,4356.0,4365.0,4375.0,4387.0,4395.0,4404.0,4411.0,4418.0,4421.0,4426.0,4439.0,4453.0,4462.0,4465.0,4468.0,4472.0,4478.0,4485.0,4490.0,4492.0,4497.0,4503.0,4505.0,4508.0,4510.0,4514.0,4515.0,4516.0,4520.0,4525.0,4529.0,4529.0,4531.0,4532.0,4534.0,4537.0,4540.0,4543.0,4545.0,4548.0,4552.0,4555.0,4556.0,4559.0,4564.0,4567.0,4569.0,4571.0,4574.0,4575.0,4575.0,4576.0,4577.0,4581.0,4585.0,4586.0,4586.0,4588.0,4589.0,4591.0,4592.0,4592.0,4594.0,4596.0,4600.0,4602.0,4605.0,4611.0,4613.0,4613.0,4616.0,4616.0,4617.0,4617.0,4629.0,4646.0,4649.0,4655.0,4657.0,4660.0,4667.0,4670.0,4671.0,4671.0,4671.0,4674.0,4674.0,4677.0,4677.0,4680.0,,4682.0,4684.0,4686.0,4687.0,4688.0,4688.0,4691.0,4692.0,4693.0,4693.0,4700.0,4701.0,4701.0,4703.0,4705.0,4706.0,4711.0,4712.0,4712.0,4712.0,4712.0,4715.0,4715
XmM9C8vzqgw,83700.0,83765.0,83833.0,83891.0,83957.0,84017.0,84076.0,84133.0,84196.0,84247.0,84313.0,84391.0,84463.0,84522.0,84630.0,84717.0,84774.0,84830.0,84923.0,85018.0,85105.0,85192.0,85274.0,85343.0,85391.0,85480.0,85539.0,85650.0,85761.0,85878.0,85990.0,86075.0,86167.0,86252.0,86345.0,86458.0,86576.0,86700.0,86780.0,86882.0,86968.0,87048.0,87134.0,87232.0,87337.0,87403.0,87494.0,87565.0,87666.0,87746.0,87844.0,87926.0,87983.0,88074.0,88153.0,88226.0,88312.0,88442.0,88520.0,88599.0,88693.0,88777.0,88891.0,89000.0,89071.0,89160.0,89222.0,89295.0,89375.0,89494.0,89578.0,89647.0,89734.0,89805.0,89875.0,89957.0,90049.0,90158.0,90291.0,90393.0,90488.0,90598.0,90702.0,90788.0,90941.0,91028.0,91164.0,91274.0,91420.0,91520.0,91670.0,91848.0,92017.0,92160.0,92259.0,92378.0,92495.0,92596.0,92683.0,92781.0,92866.0,92963.0,93058.0,93144.0,93237.0,93354.0,93455.0,93541.0,93636.0,93735.0,93836.0,94023.0,94164.0,94303.0,94403.0,94455.0,94599.0,94726.0,94818.0,94921.0,95051.0,95174.0,95319.0,95390.0,95449.0,95577.0,95664.0,95779.0,95852.0,95913.0,96010.0,96073.0,96132.0,96185.0,,,,,,,,,96801.0,96840.0,96892.0,96965.0,97068.0,97155.0,97231.0,97298.0,97363.0,97417.0,97477.0,97568.0,97631.0,97708.0,97783.0,97832.0,97893.0,97958.0,98002.0,98043.0,98098.0,98158.0,98192.0,98249.0,98302.0,98381.0,98427.0,98496.0,98551.0,98604.0,98641.0,98715.0,98776.0,98842.0,98897.0,98953.0,98995.0,99047.0,99101.0,99157.0,99233.0,99307.0,99370.0,99415.0,99469.0,99535.0,99621.0,99697.0,99752.0,99821.0,99861.0,99914.0,99972.0,100035.0,100086.0,100176.0,100221.0,100279.0,100342.0,100403.0,100458.0,100512.0,100559.0,100599.0,100638.0,100693.0,100759.0,100813.0,100862.0,100926.0,100975.0,101023.0,101079.0,101123.0,101190.0,101246.0,101313.0,101380.0,101428.0,101479.0,101519.0,101572.0,101625.0,101696.0,101744.0,101796.0,101861.0,101911.0,101976.0,102030.0,102085.0,102135.0,102179.0,102229.0,102282.0,102320.0,102378.0,102431.0,102492.0,102520.0,102573.0,102610.0,102672.0,102733.0,102782.0,102835.0,102870.0,102912.0,102962.0,103011.0,103053.0,103093.0,103136.0,103168.0,103208.0,103254.0,103295.0,103336.0,103377.0,103428.0,103473.0,,103569.0,103630.0,103688.0,103773.0,103847.0,103890.0,103935.0,103990.0,104040.0,104093.0,104131.0,104170.0,104209.0,104244.0,104284.0,104332.0,104356.0,104410.0,104446.0,104472.0,104501.0,104541.0,104590.0,104627.0,104667.0,104712.0,104749.0,104791.0,104826.0,104860.0,104894.0,104940.0,104974.0,105000.0,105031.0,105060.0,105093.0,105122.0,105150.0,105180.0,105213.0,105230.0,105256.0,105292.0,105317.0,105349.0,105395.0,105447.0,105504.0,105547.0,105591.0,105653.0,105697.0,105754.0,105791.0,105816.0,105861.0,105892.0,105932.0,105976.0,106031.0,106057.0,106087.0,106124.0,106161.0,106204.0,106304.0,106376.0,106445.0,106507.0,106572.0,106627.0,106676.0,106758.0,106829.0,106889.0,106935.0,107012.0,107081.0,107135.0,107184.0,107253.0,107308.0,107345.0,107396.0,107461.0,107505.0,107532.0,107569.0,107602.0,107637.0,107686.0,107741.0,107797.0,107857.0,107915.0,107956.0,108008.0,108054.0,108098.0,108137.0,108180.0,108214.0,108252.0,108272.0,108316.0,108370.0,108433.0,108472.0,108502.0,108538.0,108571.0,108618.0,108655
ytaKDuOtkV4,146041.0,146256.0,146449.0,146593.0,146792.0,146975.0,147177.0,147368.0,147533.0,147693.0,147845.0,147982.0,148179.0,148436.0,148613.0,148793.0,148957.0,149120.0,149301.0,149494.0,149704.0,149863.0,150020.0,150138.0,150252.0,150415.0,150586.0,150756.0,150955.0,151219.0,151398.0,151580.0,151733.0,151950.0,152163.0,152360.0,152543.0,152689.0,152838.0,152981.0,153159.0,153275.0,153461.0,153643.0,153796.0,153913.0,154067.0,154221.0,154389.0,154546.0,154735.0,154872.0,155007.0,155174.0,155312.0,155475.0,155592.0,155750.0,155907.0,156009.0,156151.0,156322.0,156484.0,156663.0,156848.0,156984.0,157098.0,157247.0,157376.0,157570.0,157712.0,157857.0,157987.0,158101.0,158231.0,158399.0,158580.0,158748.0,158872.0,159001.0,159100.0,159259.0,159419.0,159589.0,159751.0,159907.0,160045.0,160191.0,160338.0,160444.0,160598.0,160777.0,160948.0,161116.0,161265.0,161427.0,161595.0,161773.0,161954.0,162161.0,162311.0,162463.0,162600.0,162778.0,162958.0,163129.0,163333.0,163468.0,163574.0,163748.0,163981.0,164194.0,164342.0,164525.0,164704.0,164846.0,165006.0,165159.0,165347.0,165529.0,165684.0,165860.0,166020.0,166197.0,166383.0,166617.0,166891.0,167073.0,167222.0,167363.0,167507.0,167630.0,167798.0,167938.0,,,,,,,,,169283.0,169386.0,169488.0,169615.0,169765.0,169899.0,169995.0,170110.0,170240.0,170302.0,170418.0,170542.0,170655.0,170759.0,170844.0,170940.0,171027.0,171109.0,171167.0,171261.0,171358.0,171439.0,171515.0,171599.0,171691.0,171775.0,171870.0,171964.0,172035.0,172108.0,172186.0,172253.0,172340.0,172452.0,172565.0,172645.0,172730.0,172819.0,172906.0,172984.0,173126.0,173238.0,173331.0,173437.0,173597.0,173720.0,173893.0,174025.0,174194.0,174285.0,174408.0,174568.0,174760.0,174931.0,175135.0,175339.0,175482.0,175628.0,175775.0,176002.0,176226.0,176386.0,176553.0,176699.0,176804.0,176948.0,177146.0,177373.0,177521.0,177693.0,177825.0,178001.0,178142.0,178299.0,178443.0,178627.0,178830.0,178977.0,179151.0,179332.0,179553.0,179758.0,180070.0,180396.0,180696.0,180994.0,181332.0,181588.0,181954.0,182264.0,182644.0,183044.0,183383.0,183761.0,184133.0,184447.0,184778.0,185130.0,185450.0,185720.0,186069.0,186406.0,186733.0,187092.0,187389.0,187682.0,187988.0,188364.0,188828.0,189191.0,189581.0,189897.0,190202.0,190484.0,190820.0,191150.0,191567.0,191858.0,192234.0,192550.0,192822.0,,193522.0,193860.0,194235.0,194554.0,194850.0,195068.0,195308.0,195497.0,195759.0,196007.0,196185.0,196376.0,196552.0,196745.0,196954.0,197209.0,197420.0,197674.0,197959.0,198150.0,198399.0,198658.0,198865.0,199137.0,199360.0,199534.0,199731.0,199961.0,200231.0,200537.0,200778.0,200989.0,201196.0,201443.0,201741.0,202100.0,202413.0,202727.0,203060.0,203308.0,203520.0,203745.0,203961.0,204170.0,204369.0,204598.0,204782.0,204973.0,205243.0,205572.0,205855.0,206088.0,206271.0,206436.0,206608.0,206792.0,206997.0,207139.0,207301.0,207444.0,207556.0,207642.0,207758.0,207874.0,208052.0,208341.0,208925.0,209413.0,209810.0,210178.0,210408.0,210668.0,210954.0,211357.0,211641.0,211865.0,212088.0,212316.0,212539.0,212696.0,212867.0,213048.0,213197.0,213290.0,213413.0,213515.0,213595.0,213704.0,213783.0,213873.0,213942.0,214006.0,214074.0,214163.0,214278.0,214357.0,214459.0,214535.0,214611.0,214704.0,214789.0,214906.0,215004.0,215073.0,215343.0,215907.0,216486.0,216968.0,217486.0,218009.0,218408.0,218948.0,219569.0,220100
uA8WiWQ8u-M,9549.0,9550.0,9552.0,9553.0,9554.0,9555.0,9562.0,9565.0,9570.0,9574.0,9577.0,9579.0,9579.0,9581.0,9584.0,9585.0,9587.0,9591.0,9593.0,9598.0,9599.0,9601.0,9601.0,9602.0,9606.0,9610.0,9611.0,9613.0,9617.0,9619.0,9621.0,9626.0,9626.0,9630.0,9632.0,9632.0,9634.0,9637.0,9638.0,9643.0,9643.0,9650.0,9652.0,9656.0,9661.0,9662.0,9664.0,9666.0,9670.0,9671.0,9673.0,9676.0,9680.0,9682.0,9689.0,9694.0,9696.0,9696.0,9698.0,9701.0,9703.0,9707.0,9710.0,9720.0,9724.0,9728.0,9730.0,9733.0,9739.0,9744.0,9746.0,9751.0,9751.0,9752.0,9758.0,9763.0,9764.0,9770.0,9774.0,9775.0,9780.0,9783.0,9785.0,9790.0,9802.0,9806.0,9811.0,9813.0,9823.0,9830.0,9832.0,9838.0,9842.0,9844.0,9845.0,9851.0,9854.0,9856.0,9858.0,9863.0,9866.0,9867.0,9869.0,9874.0,9877.0,9884.0,9885.0,9888.0,9889.0,9891.0,9892.0,9894.0,9895.0,9898.0,9902.0,9905.0,9905.0,9909.0,9913.0,9916.0,9920.0,9921.0,9925.0,9928.0,9935.0,9939.0,9946.0,9950.0,9960.0,9961.0,9965.0,9971.0,9976.0,9980.0,,,,,,,,,10005.0,10007.0,10011.0,10019.0,10021.0,10025.0,10027.0,10028.0,10034.0,10040.0,10045.0,10048.0,10053.0,10059.0,10066.0,10073.0,10077.0,10079.0,10082.0,10085.0,10088.0,10094.0,10099.0,10102.0,10104.0,10110.0,10114.0,10116.0,10121.0,10124.0,10129.0,10135.0,10137.0,10140.0,10146.0,10149.0,10155.0,10156.0,10160.0,10164.0,10168.0,10169.0,10174.0,10181.0,10191.0,10200.0,10205.0,10208.0,10212.0,10218.0,10224.0,10230.0,10230.0,10236.0,10243.0,10248.0,10251.0,10257.0,10261.0,10270.0,10277.0,10282.0,10287.0,10292.0,10294.0,10299.0,10301.0,10305.0,10305.0,10309.0,10313.0,10316.0,10318.0,10322.0,10328.0,10336.0,10343.0,10344.0,10347.0,10353.0,10358.0,10361.0,10367.0,10372.0,10378.0,10396.0,10399.0,10405.0,10412.0,10423.0,10428.0,10434.0,10440.0,10450.0,10457.0,10461.0,10470.0,10472.0,10477.0,10479.0,10484.0,10488.0,10490.0,10495.0,10499.0,10505.0,10507.0,10509.0,10516.0,10520.0,10524.0,10524.0,10530.0,10532.0,10534.0,10535.0,10538.0,10541.0,10543.0,10546.0,10549.0,,10554.0,10557.0,10563.0,10569.0,10570.0,10572.0,10573.0,10577.0,10583.0,10588.0,10592.0,10593.0,10595.0,10598.0,10601.0,10604.0,10605.0,10607.0,10609.0,10612.0,10619.0,10620.0,10623.0,10625.0,10629.0,10634.0,10637.0,10637.0,10642.0,10645.0,10647.0,10651.0,10657.0,10661.0,10664.0,10670.0,10678.0,10682.0,10684.0,10685.0,10686.0,10687.0,10692.0,10692.0,10695.0,10698.0,10703.0,10710.0,10714.0,10717.0,10720.0,10721.0,10722.0,10724.0,10727.0,10728.0,10734.0,10737.0,10742.0,10743.0,10745.0,10747.0,10752.0,10755.0,10758.0,10760.0,10761.0,10766.0,10770.0,10772.0,10774.0,10776.0,10777.0,10777.0,10780.0,10781.0,10791.0,10795.0,10801.0,10805.0,10811.0,10814.0,10818.0,10820.0,10822.0,10823.0,10824.0,10826.0,10826.0,10827.0,10828.0,10830.0,10832.0,10835.0,10837.0,10840.0,10843.0,10845.0,10848.0,10849.0,10850.0,10853.0,10853.0,10857.0,10859.0,10864.0,10866.0,10865.0,10870.0,10872.0,10875.0,10877.0,10881.0,10881
qxRURsTVnQg,158332.0,158434.0,158556.0,158656.0,158759.0,158876.0,158965.0,159074.0,159199.0,159313.0,159411.0,159524.0,159664.0,159767.0,159898.0,160038.0,160177.0,160292.0,160441.0,160592.0,160712.0,160858.0,161032.0,161173.0,161276.0,161428.0,161600.0,161780.0,161935.0,162111.0,162269.0,162391.0,162564.0,162715.0,162856.0,162992.0,163136.0,163220.0,163302.0,163421.0,163565.0,163715.0,163841.0,163962.0,164086.0,164164.0,164277.0,164418.0,164540.0,164657.0,164808.0,164892.0,164996.0,165121.0,165208.0,165307.0,165400.0,165485.0,165594.0,165678.0,165784.0,165878.0,165996.0,166107.0,166200.0,166313.0,166396.0,166500.0,166602.0,166726.0,166828.0,166917.0,167027.0,167090.0,167192.0,167301.0,167424.0,167562.0,167695.0,167825.0,167917.0,168028.0,168139.0,168241.0,168349.0,168483.0,168600.0,168692.0,168840.0,168930.0,169044.0,169170.0,169308.0,169417.0,169527.0,169625.0,169774.0,169897.0,170012.0,170147.0,170288.0,170468.0,170661.0,170852.0,170980.0,171084.0,171175.0,171309.0,171405.0,171523.0,171652.0,171808.0,171961.0,172108.0,172207.0,172277.0,172333.0,172427.0,172503.0,172607.0,172701.0,172756.0,172803.0,172874.0,172931.0,172982.0,173035.0,173085.0,173138.0,173182.0,173240.0,173295.0,173381.0,173465.0,,,,,,,,,174028.0,174085.0,174135.0,174193.0,174246.0,174294.0,174330.0,174368.0,174420.0,174469.0,174525.0,174571.0,174632.0,174679.0,174724.0,174778.0,174830.0,174901.0,174968.0,175018.0,175061.0,175101.0,175134.0,175198.0,175240.0,175296.0,175348.0,175402.0,175462.0,175499.0,175559.0,175622.0,175682.0,175737.0,175814.0,175859.0,175906.0,175961.0,176002.0,176071.0,176118.0,176176.0,176233.0,176278.0,176335.0,176382.0,176435.0,176504.0,176550.0,176594.0,176624.0,176664.0,176714.0,176772.0,176821.0,176872.0,176926.0,176983.0,177029.0,177074.0,177120.0,177162.0,177220.0,177260.0,177312.0,177346.0,177401.0,177434.0,177459.0,177512.0,177551.0,177596.0,177659.0,177722.0,177772.0,177833.0,177900.0,177958.0,178012.0,178071.0,178130.0,178187.0,178232.0,178299.0,178329.0,178375.0,178426.0,178474.0,178514.0,178570.0,178633.0,178664.0,178706.0,178777.0,178864.0,178940.0,179037.0,179127.0,179209.0,179276.0,179359.0,179444.0,179523.0,179606.0,179678.0,179798.0,179860.0,179936.0,180011.0,180080.0,180152.0,180202.0,180253.0,180292.0,180344.0,180403.0,180460.0,180499.0,180560.0,180611.0,180651.0,,180757.0,180819.0,180867.0,180921.0,180954.0,180984.0,181014.0,181060.0,181117.0,181171.0,181226.0,181267.0,181309.0,181339.0,181387.0,181437.0,181487.0,181536.0,181573.0,181606.0,181647.0,181690.0,181735.0,181779.0,181821.0,181865.0,181918.0,181963.0,182020.0,182065.0,182104.0,182154.0,182197.0,182231.0,182270.0,182315.0,182367.0,182397.0,182432.0,182451.0,182470.0,182498.0,182533.0,182578.0,182608.0,182639.0,182724.0,182794.0,182889.0,182957.0,183048.0,183121.0,183187.0,183252.0,183298.0,183354.0,183420.0,183491.0,183546.0,183597.0,183658.0,183721.0,183779.0,183851.0,183964.0,184104.0,184271.0,184385.0,184472.0,184589.0,184699.0,184784.0,184895.0,185017.0,185142.0,185267.0,185379.0,185503.0,185606.0,185680.0,185758.0,185861.0,185940.0,185997.0,186036.0,186094.0,186159.0,186213.0,186253.0,186293.0,186336.0,186393.0,186436.0,186485.0,186536.0,186571.0,186619.0,186656.0,186714.0,186753.0,186797.0,186833.0,186862.0,186893.0,186939.0,186977.0,187025.0,187067.0,187115.0,187154.0,187179.0,187218.0,187245.0,187282
9Dur2R5yfs8,752957.0,753054.0,753146.0,753257.0,753350.0,753453.0,753536.0,753630.0,753700.0,753805.0,753929.0,754016.0,754083.0,754168.0,754262.0,754354.0,754444.0,754552.0,754624.0,754716.0,754796.0,754886.0,754956.0,755068.0,755167.0,755244.0,755347.0,755441.0,755521.0,755610.0,755677.0,755742.0,755805.0,755900.0,755964.0,756071.0,756152.0,756236.0,756336.0,756407.0,756508.0,756585.0,756673.0,756731.0,756806.0,756888.0,756959.0,757019.0,757091.0,757162.0,757233.0,757313.0,757398.0,757484.0,757560.0,757645.0,757713.0,757798.0,757866.0,757970.0,758127.0,758206.0,758292.0,758365.0,758461.0,758540.0,758590.0,758671.0,758724.0,758790.0,758838.0,758893.0,758957.0,759002.0,759075.0,759156.0,759220.0,759274.0,759318.0,759374.0,759432.0,759491.0,759566.0,759654.0,759727.0,759800.0,759881.0,759946.0,760000.0,760080.0,760142.0,760201.0,760266.0,760354.0,760419.0,760490.0,760549.0,760630.0,760715.0,760802.0,760922.0,761104.0,761111.0,761183.0,761259.0,761353.0,761395.0,761464.0,761542.0,761613.0,761671.0,761753.0,761831.0,761915.0,762003.0,762086.0,762167.0,762223.0,762289.0,762359.0,762437.0,762510.0,762599.0,762649.0,762712.0,762799.0,762879.0,762953.0,763054.0,763164.0,763228.0,763286.0,763334.0,763404.0,,,,,,,,,764055.0,764156.0,764228.0,764296.0,764381.0,764476.0,764583.0,764693.0,764819.0,764904.0,764983.0,765076.0,765170.0,765259.0,765361.0,765448.0,765532.0,765597.0,765664.0,765741.0,765844.0,765951.0,766044.0,766146.0,766226.0,766313.0,766391.0,766467.0,766572.0,766665.0,766758.0,766839.0,766919.0,766976.0,767077.0,767140.0,767218.0,767309.0,767386.0,767450.0,767537.0,767596.0,767679.0,767759.0,767816.0,767883.0,767987.0,768054.0,768116.0,768211.0,768294.0,768384.0,768455.0,768533.0,768589.0,768656.0,768737.0,768813.0,768888.0,768979.0,769057.0,769122.0,769180.0,769259.0,769309.0,769360.0,769427.0,769483.0,769543.0,769611.0,769691.0,769750.0,769808.0,769850.0,769934.0,770018.0,770093.0,770163.0,770240.0,770305.0,770393.0,770455.0,770522.0,770606.0,770703.0,770802.0,770872.0,770929.0,770976.0,771046.0,771111.0,771199.0,771285.0,771366.0,771450.0,771525.0,771599.0,771655.0,771724.0,771807.0,771874.0,771931.0,772007.0,772078.0,772144.0,772217.0,772275.0,772334.0,772426.0,772496.0,772592.0,772668.0,772736.0,772809.0,772896.0,772979.0,773061.0,773120.0,773191.0,773280.0,773367.0,,773531.0,773612.0,773682.0,773747.0,773805.0,773890.0,773945.0,774023.0,774086.0,774159.0,774232.0,774321.0,774387.0,774452.0,774501.0,774565.0,774650.0,774722.0,774796.0,774875.0,774922.0,775010.0,775057.0,775132.0,775171.0,775235.0,775291.0,775352.0,775409.0,775475.0,775520.0,775584.0,775651.0,775719.0,775792.0,775856.0,775912.0,775979.0,776042.0,776120.0,776196.0,776246.0,776307.0,776359.0,776434.0,776518.0,776573.0,776643.0,776692.0,776733.0,776798.0,776843.0,776895.0,776965.0,777034.0,777099.0,777165.0,777213.0,777249.0,777313.0,777377.0,777424.0,777467.0,777506.0,777544.0,777576.0,777626.0,777681.0,777723.0,777781.0,777831.0,777871.0,777920.0,777953.0,777997.0,778043.0,778094.0,778133.0,778183.0,778240.0,778297.0,778352.0,778428.0,778480.0,778541.0,778590.0,778656.0,778697.0,778735.0,778790.0,778840.0,778894.0,778944.0,778988.0,779051.0,779100.0,779139.0,779178.0,779218.0,779266.0,779300.0,779344.0,779399.0,779439.0,779485.0,779531.0,779595.0,779645.0,779684.0,779753.0,779800.0,779833.0,779867.0,779897
19J4g3FS0gk,128040.0,128061.0,128086.0,128119.0,128137.0,128160.0,128188.0,128214.0,128243.0,128278.0,128299.0,128322.0,128350.0,128372.0,128402.0,128430.0,128454.0,128492.0,128521.0,128546.0,128571.0,128606.0,128638.0,128666.0,128696.0,128720.0,128748.0,128791.0,128826.0,128860.0,128885.0,128914.0,128936.0,128957.0,128992.0,129025.0,129056.0,129074.0,129087.0,129110.0,129132.0,129154.0,129174.0,129199.0,129224.0,129248.0,129265.0,129294.0,129313.0,129333.0,129356.0,129383.0,129409.0,129429.0,129445.0,129468.0,129493.0,129512.0,129537.0,129562.0,129580.0,129605.0,129629.0,129657.0,129696.0,129722.0,129737.0,129757.0,129781.0,129813.0,129837.0,129873.0,129908.0,129928.0,129949.0,129972.0,130008.0,130025.0,130050.0,130076.0,130097.0,130123.0,130144.0,130162.0,130183.0,130204.0,130226.0,130251.0,130263.0,130277.0,130294.0,130317.0,130349.0,130378.0,130403.0,130424.0,130450.0,130466.0,130488.0,130502.0,130518.0,130545.0,130575.0,130601.0,130622.0,130649.0,130680.0,130711.0,130749.0,130771.0,130803.0,130842.0,130867.0,130897.0,130928.0,130959.0,130985.0,131014.0,131048.0,131081.0,131118.0,131144.0,131186.0,131226.0,131246.0,131276.0,131309.0,131342.0,131374.0,131402.0,131428.0,131457.0,131479.0,131505.0,,,,,,,,,131767.0,131794.0,131831.0,131864.0,131899.0,131948.0,131984.0,132010.0,132040.0,132076.0,132105.0,132144.0,132191.0,132232.0,132267.0,132304.0,132344.0,132392.0,132427.0,132455.0,132488.0,132535.0,132584.0,132619.0,132677.0,132714.0,132745.0,132782.0,132818.0,132854.0,132886.0,132927.0,132949.0,132976.0,133006.0,133032.0,133057.0,133081.0,133113.0,133137.0,133161.0,133176.0,133207.0,133230.0,133253.0,133302.0,133335.0,133363.0,133401.0,133433.0,133464.0,133484.0,133509.0,133539.0,133561.0,133597.0,133617.0,133634.0,133657.0,133681.0,133706.0,133730.0,133745.0,133771.0,133798.0,133825.0,133845.0,133874.0,133902.0,133931.0,133955.0,133978.0,133999.0,134030.0,134056.0,134080.0,134105.0,134124.0,134146.0,134168.0,134192.0,134216.0,134239.0,134270.0,134300.0,134324.0,134346.0,134375.0,134423.0,134446.0,134472.0,134509.0,134537.0,134571.0,134614.0,134643.0,134681.0,134720.0,134758.0,134788.0,134832.0,134882.0,134920.0,134960.0,135016.0,135041.0,135062.0,135092.0,135122.0,135160.0,135200.0,135235.0,135273.0,135310.0,135333.0,135361.0,135376.0,135394.0,135416.0,135437.0,135460.0,,135500.0,135520.0,135543.0,135561.0,135584.0,135603.0,135614.0,135629.0,135650.0,135663.0,135687.0,135718.0,135745.0,135757.0,135775.0,135794.0,135817.0,135838.0,135857.0,135892.0,135908.0,135939.0,135968.0,135986.0,136012.0,136033.0,136046.0,136066.0,136090.0,136102.0,136114.0,136127.0,136147.0,136159.0,136173.0,136195.0,136210.0,136225.0,136256.0,136278.0,136302.0,136327.0,136342.0,136366.0,136380.0,136395.0,136417.0,136441.0,136457.0,136487.0,136496.0,136507.0,136517.0,136531.0,136550.0,136565.0,136578.0,136589.0,136597.0,136604.0,136614.0,136626.0,136640.0,136650.0,136673.0,136687.0,136704.0,136726.0,136757.0,136793.0,136809.0,136827.0,136843.0,136860.0,136878.0,136896.0,136924.0,136957.0,136982.0,137031.0,137067.0,137094.0,137115.0,137136.0,137157.0,137175.0,137188.0,137205.0,137222.0,137242.0,137256.0,137270.0,137284.0,137298.0,137318.0,137339.0,137358.0,137377.0,137391.0,137406.0,137422.0,137449.0,137474.0,137499.0,137523.0,137543.0,137556.0,137587.0,137613.0,137637.0,137664.0,137682.0,137704.0,137717
3mGK5vnsHzo,179158.0,179194.0,179219.0,179249.0,179272.0,179304.0,179315.0,179331.0,179350.0,179371.0,179398.0,179417.0,179438.0,179451.0,179467.0,179484.0,179507.0,179532.0,179557.0,179575.0,179595.0,179616.0,179635.0,179672.0,179709.0,179726.0,179739.0,179757.0,179782.0,179802.0,179830.0,179852.0,179870.0,179887.0,179898.0,179933.0,179947.0,179964.0,179986.0,180008.0,180032.0,180057.0,180078.0,180103.0,180124.0,180145.0,180158.0,180175.0,180196.0,180226.0,180246.0,180269.0,180287.0,180304.0,180326.0,180349.0,180364.0,180387.0,180403.0,180427.0,180458.0,180483.0,180519.0,180550.0,180575.0,180593.0,180618.0,180647.0,180661.0,180689.0,180711.0,180735.0,180765.0,180781.0,180805.0,180826.0,180852.0,180870.0,180897.0,180918.0,180942.0,180960.0,180981.0,181001.0,181021.0,181042.0,181063.0,181080.0,181100.0,181121.0,181146.0,181164.0,181180.0,181202.0,181223.0,181238.0,181260.0,181279.0,181294.0,181314.0,181334.0,181355.0,181373.0,181390.0,181404.0,181424.0,181442.0,181460.0,181486.0,181503.0,181526.0,181537.0,181551.0,181565.0,181582.0,181609.0,181626.0,181643.0,181654.0,181676.0,181695.0,181722.0,181756.0,181784.0,181808.0,181833.0,181872.0,181918.0,181948.0,181975.0,182005.0,182035.0,182063.0,182086.0,,,,,,,,,182334.0,182371.0,182397.0,182411.0,182440.0,182465.0,182492.0,182536.0,182593.0,182639.0,182684.0,182720.0,182754.0,182791.0,182823.0,182866.0,182917.0,182956.0,182996.0,183027.0,183067.0,183110.0,183157.0,183191.0,183218.0,183240.0,183266.0,183288.0,183326.0,183361.0,183393.0,183427.0,183459.0,183482.0,183507.0,183529.0,183549.0,183568.0,183590.0,183611.0,183630.0,183654.0,183682.0,183705.0,183728.0,183754.0,183779.0,183802.0,183833.0,183848.0,183866.0,183888.0,183908.0,183924.0,183952.0,183980.0,184009.0,184028.0,184064.0,184098.0,184128.0,184151.0,184180.0,184209.0,184234.0,184252.0,184275.0,184296.0,184309.0,184325.0,184339.0,184347.0,184362.0,184370.0,184391.0,184408.0,184426.0,184439.0,184460.0,184474.0,184493.0,184501.0,184526.0,184540.0,184561.0,184584.0,184607.0,184615.0,184633.0,184650.0,184665.0,184680.0,184701.0,184717.0,184746.0,184761.0,184777.0,184793.0,184808.0,184820.0,184841.0,184860.0,184883.0,184895.0,184914.0,184929.0,184946.0,184959.0,184973.0,184988.0,185008.0,185027.0,185047.0,185067.0,185079.0,185098.0,185111.0,185121.0,185132.0,185145.0,185168.0,,185196.0,185210.0,185236.0,185270.0,185285.0,185304.0,185330.0,185337.0,185352.0,185360.0,185368.0,185376.0,185393.0,185400.0,185408.0,185417.0,185427.0,185440.0,185450.0,185465.0,185476.0,185484.0,185494.0,185511.0,185520.0,185534.0,185549.0,185561.0,185583.0,185596.0,185610.0,185625.0,185642.0,185650.0,185664.0,185674.0,185686.0,185695.0,185707.0,185721.0,185733.0,185741.0,185755.0,185768.0,185780.0,185789.0,185807.0,185826.0,185855.0,185875.0,185891.0,185900.0,185911.0,185928.0,185943.0,185960.0,185975.0,185988.0,186004.0,186012.0,186034.0,186052.0,186074.0,186087.0,186105.0,186128.0,186184.0,186245.0,186277.0,186300.0,186325.0,186340.0,186352.0,186371.0,186395.0,186409.0,186422.0,186442.0,186465.0,186487.0,186509.0,186534.0,186543.0,186555.0,186571.0,186577.0,186589.0,186606.0,186620.0,186630.0,186647.0,186660.0,186676.0,186708.0,186723.0,186737.0,186755.0,186771.0,186797.0,186810.0,186828.0,186848.0,186864.0,186892.0,186911.0,186932.0,186958.0,186994.0,187035.0,187073.0,187107.0,187151.0,187185.0,187210
EPM-CEYrGqI,884522.0,884774.0,884994.0,885233.0,885488.0,885715.0,885962.0,886248.0,886534.0,886813.0,887088.0,887353.0,887606.0,887885.0,888114.0,888318.0,888532.0,888811.0,889036.0,889282.0,889528.0,889817.0,890086.0,890337.0,890549.0,890807.0,891044.0,891263.0,891457.0,891711.0,892001.0,892316.0,892480.0,892717.0,892885.0,893144.0,893323.0,893591.0,893793.0,893997.0,894218.0,894479.0,894700.0,894974.0,895245.0,895541.0,895774.0,895983.0,896227.0,896481.0,896726.0,896982.0,897256.0,897499.0,897696.0,897931.0,898173.0,898447.0,898700.0,898970.0,899188.0,899411.0,899603.0,899833.0,900056.0,900311.0,900545.0,900771.0,900965.0,901270.0,901487.0,901682.0,901893.0,902090.0,902301.0,902554.0,902823.0,903042.0,903312.0,903518.0,903727.0,903964.0,904207.0,904393.0,904617.0,904843.0,905065.0,905310.0,905484.0,905674.0,905832.0,906034.0,906219.0,906417.0,906639.0,906815.0,906973.0,907170.0,907332.0,907497.0,907694.0,907885.0,908097.0,908283.0,908435.0,908640.0,908829.0,908987.0,909202.0,909392.0,909567.0,909755.0,909956.0,910145.0,910328.0,910529.0,910688.0,910899.0,911045.0,911233.0,911485.0,911644.0,911827.0,912013.0,912182.0,912366.0,912528.0,912709.0,912869.0,913025.0,913184.0,913376.0,913518.0,913730.0,,,,,,,,,915265.0,915449.0,915625.0,915810.0,915971.0,916143.0,916312.0,916468.0,916648.0,916776.0,916961.0,917114.0,917308.0,917490.0,917687.0,917901.0,918072.0,918231.0,918371.0,918565.0,918771.0,918938.0,919144.0,919285.0,919463.0,919598.0,919751.0,919920.0,920128.0,920268.0,920420.0,920573.0,920711.0,920889.0,921040.0,921236.0,921378.0,921537.0,921671.0,921821.0,921953.0,922129.0,922311.0,922492.0,922610.0,922733.0,922910.0,923025.0,923185.0,923341.0,923489.0,923633.0,923771.0,923948.0,924070.0,924218.0,924366.0,924502.0,924665.0,924826.0,924949.0,925109.0,925261.0,925454.0,925633.0,925784.0,925927.0,926045.0,926188.0,926310.0,926460.0,926600.0,926701.0,926829.0,927009.0,927154.0,927293.0,927448.0,927621.0,927774.0,927908.0,928083.0,928264.0,928450.0,928637.0,928793.0,928929.0,929045.0,929199.0,929332.0,929469.0,929623.0,929818.0,929966.0,930136.0,930266.0,930425.0,930527.0,930705.0,930879.0,930996.0,931162.0,931292.0,931392.0,931554.0,931750.0,931902.0,932038.0,932171.0,932314.0,932475.0,932626.0,932823.0,932996.0,933140.0,933286.0,933411.0,933583.0,933800.0,934029.0,934196.0,,934511.0,934699.0,934869.0,935036.0,935207.0,935373.0,935562.0,935732.0,935879.0,936022.0,936218.0,936449.0,936618.0,936794.0,936925.0,937091.0,937263.0,937403.0,937608.0,937768.0,937940.0,938128.0,938318.0,938495.0,938673.0,938849.0,939254.0,939428.0,939579.0,939732.0,939887.0,940061.0,940241.0,940414.0,940572.0,940735.0,940933.0,941082.0,941242.0,941386.0,941552.0,941697.0,941838.0,942010.0,942166.0,942321.0,942474.0,942656.0,942825.0,943004.0,943258.0,943434.0,943577.0,943694.0,943872.0,944032.0,944176.0,944336.0,944487.0,944627.0,944816.0,944987.0,945125.0,945300.0,945483.0,945629.0,945778.0,945938.0,946089.0,946252.0,946404.0,946534.0,946669.0,946829.0,947007.0,947156.0,947264.0,947429.0,947577.0,947719.0,947848.0,948004.0,948165.0,948308.0,948428.0,948567.0,948743.0,948881.0,949047.0,949163.0,949296.0,949456.0,949608.0,949731.0,949872.0,950059.0,950216.0,950372.0,950516.0,950646.0,950779.0,950909.0,951095.0,951254.0,951375.0,951512.0,951666.0,951797.0,951972.0,952103.0,952260.0,952393.0,952520.0,952646
g35hd4nVEy4,59896.0,59922.0,59933.0,59957.0,59974.0,59992.0,60015.0,60022.0,60033.0,60050.0,60054.0,60059.0,60069.0,60082.0,60105.0,60122.0,60141.0,60149.0,60162.0,60169.0,60184.0,60194.0,60205.0,60213.0,60244.0,60292.0,60307.0,60314.0,60324.0,60331.0,60337.0,60347.0,60356.0,60362.0,60370.0,60376.0,60385.0,60394.0,60401.0,60410.0,60417.0,60441.0,60459.0,60481.0,60504.0,60521.0,60535.0,60548.0,60563.0,60586.0,60599.0,60618.0,60643.0,60657.0,60676.0,60677.0,60691.0,60703.0,60722.0,60741.0,60758.0,60781.0,60786.0,60803.0,60805.0,60816.0,60832.0,60848.0,60866.0,60873.0,60884.0,60886.0,60891.0,60898.0,60902.0,60913.0,60923.0,60931.0,60941.0,60945.0,60953.0,60962.0,60982.0,61025.0,61043.0,61068.0,61088.0,61100.0,61114.0,61129.0,61136.0,61144.0,61162.0,61176.0,61186.0,61208.0,61226.0,61234.0,61243.0,61249.0,61259.0,61271.0,61278.0,61289.0,61303.0,61315.0,61327.0,61332.0,61337.0,61343.0,61354.0,61363.0,61370.0,61377.0,61381.0,61395.0,61401.0,61413.0,61424.0,61428.0,61441.0,61450.0,61460.0,61471.0,61481.0,61485.0,61488.0,61501.0,61509.0,61524.0,61536.0,61549.0,61557.0,61559.0,,,,,,,,,61629.0,61638.0,61646.0,61652.0,61660.0,61672.0,61676.0,61679.0,61686.0,61695.0,61703.0,61715.0,61722.0,61725.0,61732.0,61736.0,61740.0,61746.0,61752.0,61760.0,61766.0,61766.0,61768.0,61779.0,61783.0,61791.0,61804.0,61807.0,61815.0,61824.0,61836.0,61842.0,61844.0,61853.0,61864.0,61865.0,61875.0,61881.0,61893.0,61904.0,61914.0,61920.0,61921.0,61929.0,61937.0,61945.0,61954.0,61956.0,61961.0,61968.0,61977.0,61982.0,61989.0,62004.0,62012.0,62020.0,62025.0,62034.0,62047.0,62057.0,62060.0,62067.0,62073.0,62083.0,62093.0,62104.0,62107.0,62118.0,62127.0,62132.0,62144.0,62150.0,62162.0,62171.0,62175.0,62180.0,62186.0,62191.0,62199.0,62206.0,62215.0,62222.0,62230.0,62234.0,62237.0,62247.0,62256.0,62258.0,62258.0,62262.0,62263.0,62269.0,62274.0,62279.0,62286.0,62290.0,62291.0,62294.0,62299.0,62302.0,62308.0,62310.0,62313.0,62321.0,62323.0,62327.0,62335.0,62344.0,62354.0,62364.0,62373.0,62380.0,62388.0,62395.0,62406.0,62411.0,62415.0,62420.0,62428.0,62437.0,62438.0,,62448.0,62456.0,62460.0,62469.0,62476.0,62483.0,62491.0,62494.0,62504.0,62509.0,62511.0,62524.0,62526.0,62530.0,62542.0,62583.0,62599.0,62615.0,62629.0,62641.0,62680.0,62707.0,62747.0,62786.0,62836.0,62869.0,62890.0,62945.0,62975.0,63022.0,63079.0,63129.0,63158.0,63187.0,63213.0,63235.0,63269.0,63305.0,63329.0,63357.0,63361.0,63385.0,63419.0,63459.0,63486.0,63512.0,63517.0,63519.0,63538.0,63547.0,63571.0,63591.0,63612.0,63620.0,63623.0,63637.0,63648.0,63664.0,63680.0,63697.0,63698.0,63701.0,63767.0,63786.0,63811.0,63846.0,63864.0,63881.0,63887.0,63906.0,63915.0,63951.0,63967.0,63985.0,63993.0,64004.0,64026.0,64052.0,64065.0,64089.0,64099.0,64115.0,64128.0,64160.0,64167.0,64175.0,64196.0,64207.0,64218.0,64222.0,64238.0,64255.0,64266.0,64280.0,64295.0,64302.0,64307.0,64324.0,64343.0,64355.0,64362.0,64364.0,64370.0,64377.0,64383.0,64389.0,64394.0,64404.0,64407.0,64414.0,64417.0,64419.0,64428.0,64432
CO6SlibNGrw,8821.0,8826.0,8830.0,8832.0,8834.0,8836.0,8837.0,8843.0,8844.0,8844.0,8850.0,8853.0,8855.0,8859.0,8864.0,8866.0,8868.0,8870.0,8878.0,8880.0,8882.0,8885.0,8891.0,8898.0,8900.0,8909.0,8916.0,8920.0,8920.0,8922.0,8923.0,8927.0,8930.0,8930.0,8933.0,8937.0,8940.0,8942.0,8946.0,8946.0,8946.0,8953.0,8965.0,8972.0,8979.0,8985.0,8994.0,9000.0,9003.0,9010.0,9016.0,9032.0,9048.0,9062.0,9071.0,9065.0,9070.0,9073.0,9077.0,9088.0,9096.0,9107.0,9112.0,9118.0,9112.0,9116.0,9124.0,9131.0,9135.0,9137.0,9137.0,9137.0,9139.0,9144.0,9148.0,9154.0,9157.0,9160.0,9161.0,9161.0,9162.0,9162.0,9166.0,9175.0,9182.0,9186.0,9191.0,9196.0,9198.0,9201.0,9203.0,9207.0,9211.0,9213.0,9215.0,9218.0,9220.0,9222.0,9224.0,9228.0,9233.0,9239.0,9244.0,9245.0,9246.0,9247.0,9248.0,9250.0,9252.0,9256.0,9258.0,9260.0,9262.0,9263.0,9268.0,9270.0,9273.0,9273.0,9275.0,9275.0,9277.0,9280.0,9286.0,9289.0,9290.0,9293.0,9294.0,9297.0,9302.0,9304.0,9305.0,9308.0,9308.0,9313.0,,,,,,,,,9328.0,9329.0,9331.0,9332.0,9333.0,9337.0,9337.0,9337.0,9339.0,9340.0,9340.0,9340.0,9341.0,9341.0,9341.0,9341.0,9341.0,9341.0,9343.0,9344.0,9346.0,9348.0,9350.0,9353.0,9354.0,9355.0,9359.0,9359.0,9360.0,9361.0,9363.0,9364.0,9365.0,9369.0,9369.0,9369.0,9370.0,9370.0,9372.0,9374.0,9378.0,9381.0,9386.0,9390.0,9392.0,9397.0,9401.0,9407.0,9417.0,9417.0,9417.0,9421.0,9421.0,9424.0,9426.0,9429.0,9431.0,9433.0,9436.0,9439.0,9444.0,9445.0,9447.0,9450.0,9456.0,9459.0,9461.0,9462.0,9464.0,9467.0,9470.0,9473.0,9473.0,9475.0,9479.0,9485.0,9485.0,9485.0,9490.0,9492.0,9496.0,9497.0,9498.0,9500.0,9500.0,9501.0,9503.0,9503.0,9506.0,9507.0,9507.0,9509.0,9510.0,9510.0,9514.0,9515.0,9516.0,9519.0,9521.0,9522.0,9523.0,9523.0,9523.0,9524.0,9524.0,9525.0,9527.0,9527.0,9532.0,9532.0,9534.0,9536.0,9537.0,9537.0,9537.0,9537.0,9539.0,9544.0,9544.0,9546.0,9549.0,,9554.0,9557.0,9557.0,9558.0,9560.0,9560.0,9562.0,9564.0,9566.0,9569.0,9571.0,9571.0,9572.0,9575.0,9580.0,9583.0,9588.0,9594.0,9597.0,9601.0,9605.0,9610.0,9617.0,9627.0,9632.0,9635.0,9642.0,9646.0,9656.0,9662.0,9665.0,9668.0,9668.0,9674.0,9678.0,9684.0,9691.0,9694.0,9698.0,9702.0,9702.0,9706.0,9710.0,9713.0,9715.0,9722.0,9732.0,9734.0,9744.0,9750.0,9757.0,9762.0,9769.0,9772.0,9776.0,9780.0,9785.0,9789.0,9793.0,9797.0,9799.0,9800.0,9805.0,9808.0,9810.0,9812.0,9818.0,9820.0,9823.0,9827.0,9829.0,9831.0,9833.0,9836.0,9837.0,9837.0,9847.0,9854.0,9855.0,9859.0,9862.0,9865.0,9867.0,9867.0,9870.0,9872.0,9878.0,9884.0,9887.0,9887.0,9894.0,9901.0,9904.0,9908.0,9909.0,9912.0,9917.0,9919.0,9920.0,9923.0,9926.0,9927.0,9927.0,9930.0,9932.0,9936.0,9936.0,9941.0,9943.0,9946.0,9947.0,9948.0,9952.0,9954
UDcHgV1BSko,45867.0,45902.0,45934.0,45984.0,46019.0,46049.0,46089.0,46111.0,46139.0,46157.0,46176.0,46202.0,46230.0,46242.0,46264.0,46290.0,46322.0,46344.0,46374.0,46397.0,46429.0,46465.0,46490.0,46502.0,46515.0,46553.0,46569.0,46586.0,46613.0,46628.0,46651.0,46664.0,46683.0,46706.0,46735.0,46769.0,46789.0,46811.0,46829.0,46848.0,46873.0,46902.0,46928.0,46941.0,46958.0,46970.0,46988.0,47012.0,47036.0,47054.0,47082.0,47100.0,47131.0,47151.0,47179.0,47197.0,47213.0,47241.0,47266.0,47288.0,47313.0,47335.0,47355.0,47380.0,47406.0,47430.0,47448.0,47475.0,47498.0,47529.0,47564.0,47592.0,47617.0,47635.0,47659.0,47688.0,47713.0,47738.0,47769.0,47795.0,47821.0,47839.0,47861.0,47879.0,47905.0,47933.0,47953.0,47973.0,47993.0,48015.0,48045.0,48070.0,48092.0,48108.0,48129.0,48146.0,48167.0,48190.0,48207.0,48234.0,48255.0,48278.0,48288.0,48310.0,48334.0,48360.0,48381.0,48403.0,48420.0,48440.0,48467.0,48498.0,48512.0,48536.0,48550.0,48572.0,48592.0,48630.0,48660.0,48697.0,48725.0,48750.0,48770.0,48802.0,48830.0,48861.0,48890.0,48914.0,48937.0,48955.0,48974.0,49005.0,49027.0,49042.0,,,,,,,,,49315.0,49331.0,49367.0,49401.0,49429.0,49465.0,49499.0,49535.0,49558.0,49588.0,49627.0,49662.0,49695.0,49723.0,49740.0,49778.0,49799.0,49832.0,49865.0,49899.0,49942.0,49977.0,50025.0,50057.0,50090.0,50117.0,50153.0,50201.0,50222.0,50253.0,50294.0,50337.0,50361.0,50388.0,50418.0,50436.0,50453.0,50481.0,50508.0,50526.0,50540.0,50562.0,50590.0,50616.0,50640.0,50672.0,50690.0,50710.0,50730.0,50754.0,50784.0,50803.0,50829.0,50853.0,50880.0,50908.0,50931.0,50957.0,50979.0,51000.0,51025.0,51045.0,51076.0,51088.0,51125.0,51150.0,51177.0,51207.0,51226.0,51272.0,51307.0,51334.0,51360.0,51385.0,51421.0,51469.0,51517.0,51542.0,51565.0,51597.0,51624.0,51642.0,51661.0,51689.0,51727.0,51764.0,51782.0,51803.0,51829.0,51855.0,51873.0,51891.0,51915.0,51939.0,51959.0,51968.0,51986.0,52012.0,52042.0,52055.0,52069.0,52087.0,52107.0,52115.0,52140.0,52155.0,52174.0,52194.0,52208.0,52235.0,52245.0,52272.0,52295.0,52311.0,52336.0,52350.0,52369.0,52387.0,52406.0,52433.0,52443.0,,52484.0,52502.0,52526.0,52549.0,52562.0,52581.0,52599.0,52619.0,52639.0,52656.0,52671.0,52699.0,52720.0,52751.0,52775.0,52799.0,52832.0,52858.0,52881.0,52898.0,52919.0,52934.0,52957.0,52979.0,52993.0,53016.0,53029.0,53051.0,53070.0,53108.0,53125.0,53146.0,53161.0,53181.0,53206.0,53219.0,53236.0,53255.0,53279.0,53288.0,53301.0,53323.0,53344.0,53368.0,53389.0,53405.0,53432.0,53452.0,53474.0,53500.0,53527.0,53556.0,53575.0,53601.0,53627.0,53654.0,53678.0,53702.0,53728.0,53759.0,53786.0,53811.0,53859.0,53894.0,53939.0,54021.0,54067.0,54121.0,54164.0,54214.0,54247.0,54293.0,54340.0,54391.0,54441.0,54496.0,54540.0,54584.0,54640.0,54677.0,54713.0,54750.0,54804.0,54844.0,54881.0,54911.0,54936.0,54962.0,54992.0,55015.0,55046.0,55077.0,55103.0,55119.0,55150.0,55186.0,55215.0,55270.0,55322.0,55353.0,55393.0,55419.0,55448.0,55492.0,55543.0,55589.0,55623.0,55648.0,55682.0,55712.0,55750.0,55784.0,55823.0,55848
uqrGN_BiC2g,11484522.0,11485163.0,11485787.0,11486343.0,11486868.0,11487395.0,11487942.0,11488547.0,11489068.0,11489722.0,11490382.0,11490979.0,11491617.0,11492154.0,11492724.0,11493243.0,11493874.0,11494540.0,11495195.0,11495962.0,11496707.0,11497590.0,11498554.0,11499364.0,11500141.0,11500808.0,11501564.0,11502146.0,11502882.0,11503536.0,11504190.0,11504844.0,11505424.0,11506043.0,11506638.0,11507183.0,11507820.0,11508389.0,11509038.0,11509732.0,11510338.0,11510939.0,11511426.0,11511958.0,11512576.0,11513143.0,11513688.0,11514286.0,11514900.0,11515488.0,11516070.0,11516760.0,11517531.0,11518208.0,11518935.0,11519530.0,11520142.0,11520746.0,11521366.0,11522000.0,11522663.0,11523314.0,11523983.0,11524631.0,11525279.0,11525937.0,11526539.0,11527120.0,11527770.0,11528521.0,11529259.0,11529909.0,11530532.0,11531086.0,11531707.0,11532304.0,11532954.0,11533593.0,11534203.0,11534812.0,11535372.0,11535962.0,11536559.0,11537194.0,11537733.0,11538296.0,11538848.0,11539443.0,11539992.0,11540523.0,11541019.0,11541572.0,11542104.0,11542668.0,11543299.0,11543822.0,11544346.0,11544889.0,11545451.0,11546011.0,11546609.0,11547156.0,11547708.0,11548220.0,11548791.0,11549317.0,11549827.0,11550377.0,11550970.0,11551559.0,11552128.0,11552715.0,11553268.0,11553842.0,11554408.0,11555056.0,11555579.0,11556129.0,11556688.0,11557238.0,11557778.0,11558394.0,11558964.0,11559496.0,11560074.0,11560592.0,11561070.0,11561672.0,11562240.0,11562784.0,11563362.0,11563869.0,11564393.0,11564920.0,,,,,,,,,11569776.0,11570349.0,11570929.0,11571442.0,11572015.0,11572580.0,11573119.0,11573698.0,11574316.0,11574931.0,11575435.0,11575982.0,11576511.0,11577125.0,11577761.0,11578404.0,11579238.0,11579982.0,11580693.0,11581445.0,11582120.0,11582864.0,11583659.0,11584324.0,11584996.0,11585649.0,11586211.0,11586888.0,11587481.0,11588294.0,11588950.0,11589480.0,11590078.0,11590731.0,11591284.0,11591909.0,11592512.0,11593065.0,11593675.0,11594316.0,11594787.0,11595375.0,11595956.0,11596583.0,11597125.0,11597851.0,11598434.0,11599046.0,11599693.0,11600311.0,11600921.0,11601415.0,11601906.0,11602517.0,11603128.0,11603679.0,11604179.0,11604734.0,11605307.0,11605899.0,11606493.0,11607017.0,11607515.0,11607960.0,11608376.0,11608861.0,11609376.0,11609898.0,11610398.0,11610864.0,11611436.0,11611994.0,11612532.0,11613046.0,11613607.0,11614114.0,11614633.0,11615176.0,11615693.0,11616174.0,11616651.0,11617108.0,11617582.0,11618148.0,11618637.0,11619202.0,11619658.0,11620176.0,11620636.0,11621126.0,11621554.0,11622041.0,11622590.0,11623079.0,11623557.0,11624048.0,11624577.0,11625096.0,11625587.0,11626079.0,11626585.0,11627087.0,11627553.0,11628003.0,11628473.0,11628954.0,11629552.0,11630079.0,11630546.0,11630996.0,11631464.0,11631929.0,11632411.0,11632903.0,11633358.0,11633735.0,11634211.0,11634636.0,11635169.0,11635633.0,11636083.0,,11637060.0,11637593.0,11638086.0,11638566.0,11639056.0,11639493.0,11639953.0,11640423.0,11640864.0,11641379.0,11641821.0,11642274.0,11642803.0,11643271.0,11643694.0,11644201.0,11644676.0,11645078.0,11645564.0,11646052.0,11646435.0,11646894.0,11647355.0,11647863.0,11648294.0,11648775.0,11649295.0,11649748.0,11650297.0,11650763.0,11651289.0,11651742.0,11652328.0,11652762.0,11653305.0,11653797.0,11654240.0,11654779.0,11655234.0,11655756.0,11656223.0,11656651.0,11657122.0,11657586.0,11658098.0,11658616.0,11659099.0,11659616.0,11660092.0,11660551.0,11661041.0,11661459.0,11661939.0,11662406.0,11662866.0,11663362.0,11663860.0,11664280.0,11664840.0,11665304.0,11665781.0,11666324.0,11666780.0,11667342.0,11667925.0,11668518.0,11669189.0,11669760.0,11670411.0,11670863.0,11671468.0,11671893.0,11672511.0,11673047.0,11673648.0,11674308.0,11674894.0,11675515.0,11676094.0,11676647.0,11677244.0,11677813.0,11678411.0,11678921.0,11679469.0,11680007.0,11680515.0,11681041.0,11681548.0,11682126.0,11682619.0,11683117.0,11683599.0,11684068.0,11684609.0,11685162.0,11685676.0,11686196.0,11686749.0,11687315.0,11687835.0,11688394.0,11688930.0,11689456.0,11689975.0,11690435.0,11690959.0,11691437.0,11691901.0,11692311.0,11692823.0,11693253.0,11693697.0,11694165
Cf--LXc9V_U,606212.0,606238.0,606260.0,606281.0,606301.0,606320.0,606350.0,606385.0,606411.0,606436.0,606471.0,606491.0,606510.0,606531.0,606556.0,606579.0,606597.0,606619.0,606648.0,606693.0,606728.0,606785.0,606818.0,606856.0,606892.0,606924.0,606956.0,606978.0,607008.0,607028.0,607048.0,607068.0,607081.0,607098.0,607119.0,607134.0,607157.0,607177.0,607201.0,607220.0,607254.0,607282.0,607314.0,607331.0,607339.0,607355.0,607376.0,607405.0,607430.0,607452.0,607468.0,607487.0,607505.0,607530.0,607549.0,607570.0,607589.0,607618.0,607641.0,607661.0,607678.0,607703.0,607717.0,607743.0,607763.0,607776.0,607791.0,607806.0,607817.0,607837.0,607850.0,607860.0,607874.0,607892.0,607913.0,607930.0,607946.0,607956.0,607970.0,607992.0,608013.0,608033.0,608044.0,608063.0,608078.0,608098.0,608108.0,608138.0,608165.0,608188.0,608202.0,608218.0,608230.0,608249.0,608264.0,608279.0,608292.0,608311.0,608327.0,608344.0,608356.0,608372.0,608381.0,608390.0,608402.0,608420.0,608442.0,608453.0,608464.0,608472.0,608479.0,608495.0,608513.0,608522.0,608539.0,608565.0,608580.0,608598.0,608610.0,608625.0,608649.0,608671.0,608690.0,608702.0,608726.0,608739.0,608770.0,608792.0,608817.0,608841.0,608858.0,608874.0,608884.0,608900.0,,,,,,,,,609046.0,609060.0,609072.0,609090.0,609113.0,609127.0,609134.0,609143.0,609154.0,609167.0,609185.0,609199.0,609206.0,609218.0,609230.0,609248.0,609266.0,609288.0,609313.0,609334.0,609347.0,609376.0,609402.0,609414.0,609426.0,609438.0,609459.0,609472.0,609495.0,609506.0,609522.0,609529.0,609544.0,609556.0,609569.0,609588.0,609602.0,609608.0,609629.0,609643.0,609657.0,609672.0,609696.0,609716.0,609728.0,609742.0,609757.0,609783.0,609800.0,609815.0,609826.0,609838.0,609859.0,609873.0,609898.0,609910.0,609946.0,609964.0,609979.0,609996.0,610020.0,610026.0,610040.0,610057.0,610076.0,610097.0,610116.0,610126.0,610139.0,610153.0,610167.0,610186.0,610192.0,610200.0,610222.0,610237.0,610255.0,610271.0,610284.0,610300.0,610314.0,610337.0,610348.0,610379.0,610401.0,610427.0,610439.0,610456.0,610473.0,610486.0,610501.0,610522.0,610542.0,610552.0,610572.0,610592.0,610610.0,610630.0,610645.0,610661.0,610673.0,610691.0,610708.0,610730.0,610745.0,610759.0,610776.0,610786.0,610801.0,610820.0,610839.0,610860.0,610869.0,610885.0,610901.0,610916.0,610934.0,610952.0,610963.0,610979.0,611005.0,,611035.0,611049.0,611066.0,611079.0,611091.0,611116.0,611129.0,611150.0,611171.0,611186.0,611199.0,611214.0,611237.0,611252.0,611286.0,611305.0,611322.0,611340.0,611359.0,611376.0,611391.0,611398.0,611415.0,611442.0,611469.0,611494.0,611533.0,611550.0,611567.0,611579.0,611609.0,611624.0,611643.0,611665.0,611685.0,611712.0,611736.0,611746.0,611759.0,611777.0,611794.0,611823.0,611839.0,611859.0,611883.0,611901.0,611917.0,611938.0,611951.0,611967.0,611980.0,611989.0,612004.0,612019.0,612036.0,612051.0,612074.0,612096.0,612113.0,612129.0,612157.0,612175.0,612198.0,612215.0,612229.0,612251.0,612273.0,612301.0,612327.0,612355.0,612389.0,612411.0,612437.0,612449.0,612470.0,612490.0,612512.0,612539.0,612558.0,612576.0,612602.0,612636.0,612682.0,612717.0,612754.0,612783.0,612807.0,612832.0,612854.0,612888.0,612912.0,612929.0,612957.0,612979.0,613000.0,613027.0,613055.0,613083.0,613111.0,613123.0,613138.0,613166.0,613192.0,613215.0,613240.0,613276.0,613297.0,613314.0,613335.0,613353.0,613382.0,613400.0,613426.0,613441
5rEfT7gzWnY,983070.0,983453.0,983858.0,984251.0,984528.0,984798.0,985186.0,985482.0,985792.0,986189.0,986541.0,986789.0,987088.0,987428.0,987754.0,988056.0,988394.0,988677.0,989068.0,989364.0,989669.0,989953.0,990258.0,990577.0,990953.0,991284.0,991590.0,991936.0,992211.0,992572.0,992901.0,993320.0,993654.0,993925.0,994174.0,994456.0,994814.0,995118.0,995431.0,995698.0,995905.0,996163.0,996432.0,996681.0,996949.0,997270.0,997539.0,997818.0,998059.0,998289.0,998579.0,998881.0,999146.0,999420.0,999647.0,999904.0,1000130.0,1000380.0,1000620.0,1000903.0,1001168.0,1001415.0,1001683.0,1001916.0,1002157.0,1002396.0,1002660.0,1002891.0,1003095.0,1003361.0,1003611.0,1003860.0,1004117.0,1004350.0,1004585.0,1004814.0,1005068.0,1005281.0,1005549.0,1005775.0,1006048.0,1006238.0,1006421.0,1006617.0,1006827.0,1007048.0,1007290.0,1007513.0,1007717.0,1007850.0,1008030.0,1008211.0,1008404.0,1008659.0,1008845.0,1009006.0,1009173.0,1009324.0,1009487.0,1009660.0,1009822.0,1010036.0,1010186.0,1010410.0,1010648.0,1010836.0,1011047.0,1011307.0,1011523.0,1011732.0,1011874.0,1012061.0,1012278.0,1012513.0,1012709.0,1012953.0,1013115.0,1013278.0,1013475.0,1013613.0,1013826.0,1014026.0,1014232.0,1014411.0,1014614.0,1014799.0,1014973.0,1015159.0,1015372.0,1015569.0,1015760.0,1015899.0,1016084.0,1016224.0,,,,,,,,,1017904.0,1018142.0,1018291.0,1018492.0,1018666.0,1018859.0,1019031.0,1019249.0,1019447.0,1019607.0,1019781.0,1019921.0,1020128.0,1020295.0,1020539.0,1020737.0,1020929.0,1021126.0,1021288.0,1021468.0,1021689.0,1021933.0,1022076.0,1022255.0,1022450.0,1022618.0,1022810.0,1022974.0,1023178.0,1023352.0,1023517.0,1023688.0,1023864.0,1024056.0,1024235.0,1024434.0,1024640.0,1024809.0,1024951.0,1025172.0,1025318.0,1025501.0,1025655.0,1025926.0,1026075.0,1026230.0,1026384.0,1026534.0,1026707.0,1026952.0,1027149.0,1027307.0,1027447.0,1027664.0,1027811.0,1027961.0,1028156.0,1028300.0,1028450.0,1028586.0,1028759.0,1028896.0,1029061.0,1029255.0,1029485.0,1029630.0,1029832.0,1030010.0,1030217.0,1030400.0,1030630.0,1030814.0,1030973.0,1031176.0,1031367.0,1031576.0,1031786.0,1032025.0,1032206.0,1032464.0,1032706.0,1032896.0,1033149.0,1033380.0,1033616.0,1033811.0,1033986.0,1034179.0,1034366.0,1034536.0,1034745.0,1034910.0,1035092.0,1035248.0,1035451.0,1035602.0,1035793.0,1035987.0,1036187.0,1036381.0,1036545.0,1036756.0,1036910.0,1037103.0,1037294.0,1037462.0,1037644.0,1037805.0,1037991.0,1038186.0,1038351.0,1038514.0,1038723.0,1038884.0,1039041.0,1039190.0,1039329.0,1039469.0,1039623.0,1039792.0,1039952.0,,1040280.0,1040427.0,1040548.0,1040716.0,1040862.0,1041010.0,1041184.0,1041310.0,1041424.0,1041556.0,1041712.0,1041904.0,1042056.0,1042222.0,1042364.0,1042491.0,1042615.0,1042768.0,1043016.0,1043218.0,1043392.0,1043540.0,1043694.0,1043837.0,1044011.0,1044217.0,1044356.0,1044480.0,1044666.0,1044863.0,1045039.0,1045163.0,1045404.0,1045570.0,1045724.0,1045865.0,1046024.0,1046185.0,1046313.0,1046555.0,1046768.0,1046918.0,1047112.0,1047253.0,1047432.0,1047589.0,1047804.0,1047989.0,1048144.0,1048305.0,1048460.0,1048641.0,1048818.0,1049046.0,1049238.0,1049372.0,1049540.0,1049675.0,1049855.0,1050025.0,1050200.0,1050418.0,1050557.0,1050699.0,1050892.0,1051052.0,1051245.0,1051423.0,1051659.0,1051813.0,1051989.0,1052153.0,1052300.0,1052478.0,1052746.0,1052985.0,1053148.0,1053343.0,1053559.0,1053763.0,1053998.0,1054218.0,1054445.0,1054670.0,1054877.0,1055038.0,1055230.0,1055490.0,1055716.0,1055952.0,1056186.0,1056374.0,1056604.0,1056795.0,1056958.0,1057180.0,1057404.0,1057563.0,1057762.0,1058013.0,1058203.0,1058424.0,1058651.0,1058850.0,1059074.0,1059237.0,1059381.0,1059594.0,1059765.0,1060017.0,1060226.0,1060429.0,1060575.0,1060749
U6l7gkrzLD0,885192.0,885402.0,885659.0,885943.0,886187.0,886361.0,886583.0,886794.0,887081.0,887305.0,887575.0,887812.0,888054.0,888297.0,888561.0,888812.0,889055.0,889393.0,889651.0,890073.0,890453.0,890804.0,891163.0,891460.0,891740.0,891963.0,892240.0,892546.0,892828.0,893050.0,893313.0,893523.0,893781.0,894054.0,894236.0,894493.0,894705.0,894927.0,895213.0,895446.0,895704.0,895939.0,896139.0,896339.0,896513.0,896697.0,896977.0,897205.0,897501.0,897706.0,897895.0,898087.0,898305.0,898534.0,898757.0,898976.0,899180.0,899368.0,899611.0,899854.0,900087.0,900324.0,900590.0,900872.0,901113.0,901346.0,901510.0,901742.0,901927.0,902164.0,902405.0,902640.0,902840.0,903039.0,903273.0,903488.0,903724.0,903922.0,904131.0,904296.0,904461.0,904653.0,904845.0,905025.0,905217.0,905404.0,905599.0,905790.0,905927.0,906097.0,906232.0,906405.0,906584.0,906816.0,907043.0,907241.0,907389.0,907498.0,907686.0,907824.0,908009.0,908160.0,908322.0,908481.0,908637.0,908782.0,908975.0,909126.0,909308.0,909514.0,909687.0,909889.0,910041.0,910216.0,910386.0,910585.0,910733.0,910900.0,911062.0,911205.0,911381.0,911533.0,911753.0,911894.0,912066.0,912224.0,912391.0,912537.0,912690.0,912856.0,912990.0,913144.0,913275.0,913430.0,,,,,,,,,914681.0,914852.0,914961.0,915112.0,915285.0,915469.0,915602.0,915753.0,915949.0,916081.0,916232.0,916356.0,916485.0,916639.0,916782.0,916961.0,917173.0,917370.0,917617.0,917852.0,918017.0,918218.0,918386.0,918597.0,918721.0,918882.0,919043.0,919225.0,919384.0,919617.0,919789.0,919932.0,920124.0,920323.0,920512.0,920701.0,920864.0,921088.0,921285.0,921470.0,921676.0,921824.0,922007.0,922196.0,922418.0,922637.0,922848.0,923012.0,923249.0,923444.0,923644.0,923832.0,924039.0,924214.0,924403.0,924596.0,924774.0,924963.0,925115.0,925319.0,925514.0,925674.0,925821.0,925965.0,926112.0,926290.0,926455.0,926622.0,926782.0,926913.0,927092.0,927281.0,927469.0,927626.0,927819.0,927969.0,928146.0,928351.0,928538.0,928745.0,928940.0,929061.0,929247.0,929412.0,929578.0,929764.0,929895.0,930079.0,930271.0,930432.0,930598.0,930751.0,930925.0,931070.0,931215.0,931412.0,931584.0,931741.0,931895.0,932105.0,932320.0,932468.0,932635.0,932806.0,932984.0,933163.0,933342.0,933585.0,933762.0,933937.0,934127.0,934305.0,934514.0,934696.0,934854.0,935009.0,935189.0,935356.0,935548.0,935729.0,935915.0,,936218.0,936396.0,936555.0,936710.0,936879.0,937032.0,937179.0,937320.0,937437.0,937584.0,937703.0,937849.0,937985.0,938094.0,938181.0,938301.0,938409.0,938561.0,938690.0,938831.0,938963.0,939071.0,939199.0,939338.0,939478.0,939619.0,939781.0,939917.0,940082.0,940219.0,940346.0,940481.0,940634.0,940751.0,940891.0,941014.0,941136.0,941256.0,941386.0,941495.0,941646.0,941774.0,941911.0,942024.0,942136.0,942263.0,942409.0,942570.0,942717.0,942890.0,943056.0,943174.0,943322.0,943493.0,943635.0,943804.0,943955.0,944086.0,944216.0,944352.0,944524.0,944669.0,944837.0,944958.0,945158.0,945418.0,945606.0,945787.0,945928.0,946086.0,946312.0,946473.0,946664.0,946813.0,946999.0,947171.0,947344.0,947479.0,947632.0,947823.0,948032.0,948285.0,948512.0,948672.0,948856.0,949004.0,949176.0,949358.0,949534.0,949685.0,949820.0,949977.0,950143.0,950296.0,950473.0,950608.0,950751.0,950892.0,951045.0,951198.0,951358.0,951498.0,951674.0,951842.0,952015.0,952141.0,952274.0,952407.0,952558.0,952726.0,952867.0,953013.0,953153.0,953280
U6l7gkrzLD0,885192.0,885402.0,885659.0,885943.0,886187.0,886361.0,886583.0,886792.0,887071.0,887305.0,887576.0,887812.0,888054.0,888297.0,888561.0,888812.0,889055.0,889393.0,889651.0,890073.0,890453.0,890804.0,891163.0,891460.0,891740.0,891963.0,892240.0,892546.0,892828.0,893050.0,893313.0,893523.0,893781.0,894054.0,894236.0,894493.0,894705.0,894927.0,895183.0,895446.0,895704.0,895939.0,896139.0,896339.0,896513.0,896697.0,896977.0,897205.0,897501.0,897706.0,897895.0,898087.0,898305.0,898534.0,898757.0,898976.0,899180.0,899368.0,899611.0,899854.0,900086.0,900324.0,900590.0,900872.0,901113.0,901346.0,901510.0,901742.0,901927.0,902164.0,902405.0,902640.0,902840.0,903039.0,903273.0,903488.0,903724.0,903922.0,904131.0,904296.0,904461.0,904653.0,904845.0,905025.0,905217.0,905404.0,905599.0,905785.0,905927.0,906097.0,906232.0,906405.0,906584.0,906816.0,907043.0,907241.0,907389.0,907498.0,907686.0,907824.0,908009.0,908165.0,908322.0,908481.0,908637.0,908782.0,908975.0,909118.0,909308.0,909509.0,909700.0,909889.0,910041.0,910216.0,910386.0,910585.0,910733.0,910900.0,911062.0,911205.0,911381.0,911533.0,911753.0,911894.0,912066.0,912224.0,912391.0,912537.0,912691.0,912856.0,912990.0,913144.0,913275.0,913430.0,,,,,,,,,914681.0,914835.0,914985.0,915112.0,915286.0,915469.0,915603.0,915753.0,915949.0,916081.0,916232.0,916356.0,916485.0,916639.0,916782.0,916961.0,917173.0,917370.0,917617.0,917852.0,918017.0,918218.0,918386.0,918597.0,918721.0,918882.0,919043.0,919225.0,919384.0,919617.0,919789.0,919932.0,920124.0,920323.0,920512.0,920701.0,920864.0,921088.0,921285.0,921470.0,921676.0,921824.0,922007.0,922196.0,922418.0,922637.0,922848.0,923012.0,923249.0,923444.0,923644.0,923861.0,924039.0,924214.0,924403.0,924596.0,924759.0,924963.0,925115.0,925319.0,925514.0,925674.0,925820.0,925965.0,926112.0,926290.0,926455.0,926619.0,926782.0,926913.0,927092.0,927281.0,927469.0,927626.0,927819.0,927969.0,928146.0,928351.0,928538.0,928745.0,928940.0,929061.0,929247.0,929412.0,929578.0,929764.0,929895.0,930079.0,930271.0,930432.0,930598.0,930751.0,930917.0,931070.0,931215.0,931412.0,931584.0,931741.0,931895.0,932105.0,932320.0,932468.0,932635.0,932806.0,932984.0,933163.0,933342.0,933585.0,933762.0,933937.0,934124.0,934305.0,934514.0,934696.0,934854.0,935009.0,935187.0,935356.0,935548.0,935729.0,935915.0,,936218.0,936394.0,936555.0,936735.0,936879.0,937032.0,937179.0,937320.0,937437.0,937584.0,937703.0,937849.0,937985.0,938094.0,938181.0,938301.0,938425.0,938561.0,938690.0,938831.0,938963.0,939071.0,939199.0,939338.0,939478.0,939619.0,939781.0,939917.0,940082.0,940219.0,940346.0,940481.0,940634.0,940752.0,940891.0,941014.0,941136.0,941256.0,941386.0,941495.0,941646.0,941774.0,941911.0,942024.0,942136.0,942263.0,942417.0,942570.0,942717.0,942892.0,943056.0,943181.0,943322.0,943493.0,943635.0,943804.0,943955.0,944086.0,944216.0,944352.0,944524.0,944669.0,944837.0,944958.0,945177.0,945418.0,945620.0,945787.0,945928.0,946084.0,946312.0,946473.0,946664.0,946813.0,946999.0,947171.0,947344.0,947486.0,947632.0,947827.0,948033.0,948287.0,948512.0,948672.0,948826.0,949004.0,949169.0,949358.0,949524.0,949682.0,949840.0,949977.0,950143.0,950310.0,950474.0,950608.0,950751.0,950892.0,951045.0,951198.0,951358.0,951498.0,951674.0,951842.0,952015.0,952154.0,952274.0,952407.0,952558.0,952714.0,952867.0,953013.0,953153.0,953280
D9bLC1nb7Wo,593803.0,593941.0,594058.0,594189.0,594291.0,594400.0,594532.0,594639.0,594741.0,594858.0,594969.0,595107.0,595225.0,595365.0,595482.0,595582.0,595680.0,595766.0,595896.0,596096.0,596315.0,596513.0,596717.0,596853.0,597027.0,597157.0,597285.0,597423.0,597557.0,597689.0,597826.0,597943.0,598070.0,598188.0,598308.0,598411.0,598534.0,598684.0,598810.0,598904.0,599035.0,599154.0,599268.0,599395.0,599467.0,599595.0,599751.0,599876.0,600015.0,600130.0,600230.0,600364.0,600474.0,600594.0,600709.0,600829.0,600937.0,601035.0,601134.0,601231.0,601339.0,601432.0,601550.0,601651.0,601767.0,601874.0,601986.0,602084.0,602182.0,602312.0,602414.0,602514.0,602610.0,602717.0,602826.0,602917.0,603027.0,603121.0,603233.0,603322.0,603428.0,603514.0,603611.0,603718.0,603825.0,603923.0,604042.0,604179.0,604274.0,604342.0,604436.0,604533.0,604629.0,604729.0,604853.0,604952.0,605049.0,605130.0,605227.0,605319.0,605409.0,605479.0,605574.0,605675.0,605754.0,605843.0,605910.0,605992.0,606104.0,606172.0,606261.0,606343.0,606424.0,606520.0,606603.0,606719.0,606805.0,606917.0,606998.0,607094.0,607163.0,607234.0,607341.0,607435.0,607524.0,607615.0,607714.0,607796.0,607860.0,607966.0,608031.0,608118.0,608175.0,608268.0,,,,,,,,,608911.0,608979.0,609059.0,609124.0,609203.0,609269.0,609333.0,609423.0,609514.0,609567.0,609616.0,609688.0,609731.0,609807.0,609885.0,609979.0,610072.0,610173.0,610289.0,610431.0,610517.0,610603.0,610725.0,610857.0,610949.0,611040.0,611126.0,611229.0,611338.0,611453.0,611559.0,611651.0,611729.0,611832.0,611954.0,612066.0,612165.0,612265.0,612380.0,612484.0,612597.0,612681.0,612789.0,612863.0,612990.0,613106.0,613219.0,613330.0,613437.0,613536.0,613611.0,613721.0,613837.0,613924.0,614001.0,614087.0,614181.0,614277.0,614342.0,614458.0,614581.0,614657.0,614736.0,614808.0,614878.0,614965.0,615031.0,615102.0,615164.0,615248.0,615321.0,615403.0,615504.0,615589.0,615671.0,615748.0,615847.0,615929.0,616008.0,616098.0,616171.0,616242.0,616365.0,616462.0,616554.0,616636.0,616739.0,616844.0,616949.0,617022.0,617108.0,617170.0,617279.0,617344.0,617423.0,617512.0,617588.0,617657.0,617738.0,617799.0,617866.0,617954.0,618064.0,618139.0,618216.0,618292.0,618369.0,618485.0,618555.0,618641.0,618730.0,618794.0,618876.0,618944.0,619027.0,619085.0,619195.0,619285.0,619394.0,619494.0,619585.0,,619750.0,619836.0,619926.0,620032.0,620118.0,620184.0,620274.0,620336.0,620419.0,620512.0,620570.0,620660.0,620721.0,620804.0,620880.0,620943.0,621025.0,621117.0,621190.0,621265.0,621332.0,621394.0,621460.0,621536.0,621623.0,621721.0,621829.0,621931.0,622001.0,622091.0,622174.0,622250.0,622356.0,622432.0,622511.0,622599.0,622692.0,622758.0,622822.0,622893.0,622978.0,623042.0,623101.0,623184.0,623253.0,623321.0,623397.0,623493.0,623557.0,623649.0,623738.0,623809.0,623889.0,623960.0,624033.0,624097.0,624172.0,624251.0,624320.0,624388.0,624470.0,624540.0,624618.0,624675.0,624775.0,624889.0,625006.0,625100.0,625189.0,625268.0,625350.0,625404.0,625475.0,625551.0,625626.0,625722.0,625805.0,625915.0,626028.0,626134.0,626287.0,626472.0,626693.0,626943.0,627128.0,627259.0,627396.0,627533.0,627653.0,627762.0,627854.0,627944.0,628052.0,628149.0,628236.0,628327.0,628399.0,628494.0,628606.0,628682.0,628765.0,628863.0,628936.0,629024.0,629098.0,629172.0,629259.0,629317.0,629375.0,629463.0,629525.0,629587.0,629661.0,629711
WIUDnekd2Xg,138304.0,138376.0,138472.0,138540.0,138600.0,138678.0,138767.0,138892.0,139065.0,139193.0,139308.0,139436.0,139565.0,139646.0,139806.0,139939.0,140064.0,140167.0,140283.0,140408.0,140563.0,140735.0,140848.0,140952.0,141061.0,141172.0,141283.0,141402.0,141531.0,141668.0,141812.0,141957.0,142076.0,142181.0,142318.0,142414.0,142567.0,142651.0,142720.0,142813.0,142923.0,143027.0,143102.0,143204.0,143268.0,143330.0,143407.0,143537.0,143650.0,143751.0,143829.0,143897.0,143967.0,144053.0,144144.0,144225.0,144285.0,144362.0,144443.0,144488.0,144545.0,144625.0,144688.0,144775.0,144870.0,144941.0,145000.0,145072.0,145136.0,145208.0,145278.0,145350.0,145415.0,145491.0,145603.0,145704.0,145850.0,145949.0,146097.0,146192.0,146239.0,146303.0,146368.0,146473.0,146550.0,146626.0,146695.0,146747.0,146801.0,146860.0,146924.0,147006.0,147103.0,147165.0,147211.0,147286.0,147332.0,147423.0,147502.0,147575.0,147634.0,147679.0,147746.0,147789.0,147847.0,147905.0,147958.0,148003.0,148056.0,148121.0,148188.0,148251.0,148315.0,148369.0,148410.0,148451.0,148488.0,148538.0,148582.0,148631.0,148683.0,148750.0,148790.0,148828.0,148867.0,148915.0,148950.0,149003.0,149046.0,149076.0,149107.0,149145.0,149187.0,149228.0,,,,,,,,,149639.0,149674.0,149706.0,149757.0,149804.0,149862.0,149919.0,149980.0,150046.0,150138.0,150209.0,150294.0,150370.0,150434.0,150518.0,150585.0,150660.0,150738.0,150826.0,150882.0,150919.0,150979.0,151022.0,151060.0,151103.0,151139.0,151191.0,151253.0,151300.0,151342.0,151392.0,151442.0,151498.0,151540.0,151586.0,151640.0,151698.0,151745.0,151794.0,151833.0,151882.0,151952.0,151996.0,152034.0,152088.0,152147.0,152223.0,152285.0,152335.0,152390.0,152431.0,152492.0,152546.0,152611.0,152664.0,152728.0,152774.0,152823.0,152865.0,152902.0,152961.0,153000.0,153041.0,153091.0,153133.0,153176.0,153241.0,153290.0,153334.0,153403.0,153444.0,153483.0,153539.0,153590.0,153644.0,153701.0,153751.0,153794.0,153847.0,153893.0,153939.0,153981.0,154040.0,154097.0,154134.0,154171.0,154204.0,154246.0,154308.0,154349.0,154391.0,154426.0,154447.0,154476.0,154517.0,154553.0,154605.0,154651.0,154688.0,154724.0,154757.0,154800.0,154844.0,154877.0,154929.0,154956.0,154998.0,155037.0,155074.0,155105.0,155147.0,155196.0,155230.0,155264.0,155300.0,155338.0,155371.0,155424.0,155458.0,155494.0,155515.0,,155604.0,155632.0,155678.0,155724.0,155756.0,155779.0,155801.0,155837.0,155864.0,155892.0,155916.0,155942.0,155960.0,155983.0,156002.0,156023.0,156045.0,156080.0,156104.0,156130.0,156154.0,156175.0,156203.0,156225.0,156252.0,156279.0,156303.0,156323.0,156356.0,156386.0,156416.0,156451.0,156484.0,156510.0,156540.0,156567.0,156590.0,156610.0,156629.0,156652.0,156667.0,156692.0,156710.0,156744.0,156763.0,156781.0,156820.0,156878.0,156935.0,156968.0,157003.0,157049.0,157099.0,157143.0,157175.0,157214.0,157253.0,157274.0,157318.0,157364.0,157395.0,157417.0,157454.0,157496.0,157530.0,157567.0,157640.0,157695.0,157742.0,157806.0,157868.0,157947.0,158043.0,158117.0,158182.0,158227.0,158288.0,158547.0,158951.0,159380.0,159846.0,160255.0,160601.0,160962.0,161391.0,161740.0,161992.0,162287.0,162490.0,162638.0,162794.0,162981.0,163247.0,163517.0,163770.0,163989.0,164121.0,164261.0,164443.0,164561.0,164735.0,164879.0,165011.0,165101.0,165215.0,165329.0,165450.0,165564.0,165687.0,165799.0,165896.0,166017.0,166143.0,166244
MXYVMLnodR4,192975.0,193001.0,193024.0,193042.0,193067.0,193094.0,193113.0,193125.0,193156.0,193168.0,193182.0,193192.0,193209.0,193235.0,193257.0,193278.0,193290.0,193311.0,193329.0,193361.0,193376.0,193387.0,193395.0,193409.0,193422.0,193432.0,193447.0,193459.0,193473.0,193481.0,193493.0,193508.0,193529.0,193543.0,193563.0,193581.0,193599.0,193612.0,193635.0,193654.0,193670.0,193687.0,193711.0,193731.0,193748.0,193764.0,193786.0,193799.0,193815.0,193840.0,193855.0,193867.0,193881.0,193890.0,193903.0,193918.0,193928.0,193940.0,193949.0,193966.0,193980.0,193984.0,193993.0,194012.0,194030.0,194047.0,194058.0,194076.0,194096.0,194114.0,194120.0,194134.0,194144.0,194153.0,194167.0,194175.0,194183.0,194190.0,194202.0,194219.0,194230.0,194244.0,194260.0,194277.0,194289.0,194301.0,194317.0,194330.0,194347.0,194354.0,194363.0,194378.0,194395.0,194409.0,194421.0,194434.0,194449.0,194472.0,194482.0,194496.0,194510.0,194525.0,194537.0,194555.0,194570.0,194582.0,194599.0,194610.0,194629.0,194637.0,194656.0,194672.0,194686.0,194698.0,194710.0,194719.0,194725.0,194737.0,194750.0,194767.0,194784.0,194802.0,194817.0,194833.0,194847.0,194861.0,194870.0,194884.0,194900.0,194913.0,194922.0,194942.0,194952.0,194961.0,,,,,,,,,195096.0,195131.0,195167.0,195216.0,195248.0,195291.0,195334.0,195365.0,195402.0,195428.0,195449.0,195483.0,195513.0,195532.0,195559.0,195582.0,195593.0,195614.0,195630.0,195637.0,195651.0,195663.0,195686.0,195710.0,195724.0,195725.0,195753.0,195764.0,195776.0,195788.0,195798.0,195807.0,195820.0,195833.0,195849.0,195865.0,195880.0,195892.0,195910.0,195925.0,195949.0,195963.0,195979.0,195986.0,196001.0,196011.0,196035.0,196050.0,196067.0,196074.0,196084.0,196102.0,196113.0,196135.0,196148.0,196166.0,196189.0,196195.0,196203.0,196209.0,196217.0,196219.0,196232.0,196239.0,196248.0,196260.0,196269.0,196277.0,196288.0,196303.0,196313.0,196321.0,196326.0,196340.0,196351.0,196371.0,196383.0,196395.0,196406.0,196415.0,196433.0,196444.0,196463.0,196474.0,196493.0,196507.0,196511.0,196518.0,196531.0,196550.0,196556.0,196561.0,196572.0,196582.0,196592.0,196599.0,196608.0,196619.0,196633.0,196648.0,196667.0,196677.0,196696.0,196707.0,196722.0,196729.0,196743.0,196750.0,196763.0,196771.0,196778.0,196788.0,196801.0,196810.0,196818.0,196832.0,196837.0,196842.0,196849.0,196858.0,196878.0,,196897.0,196912.0,196929.0,196937.0,196954.0,196967.0,196975.0,196989.0,197002.0,197013.0,197018.0,197037.0,197044.0,197051.0,197062.0,197072.0,197081.0,197096.0,197106.0,197113.0,197133.0,197140.0,197152.0,197164.0,197177.0,197185.0,197196.0,197209.0,197221.0,197230.0,197241.0,197257.0,197271.0,197280.0,197291.0,197311.0,197319.0,197328.0,197339.0,197352.0,197366.0,197373.0,197384.0,197393.0,197400.0,197411.0,197423.0,197431.0,197442.0,197457.0,197476.0,197500.0,197522.0,197544.0,197554.0,197573.0,197584.0,197593.0,197604.0,197609.0,197618.0,197629.0,197633.0,197644.0,197665.0,197676.0,197696.0,197708.0,197717.0,197728.0,197738.0,197759.0,197771.0,197787.0,197805.0,197817.0,197828.0,197836.0,197847.0,197863.0,197876.0,197894.0,197913.0,197926.0,197938.0,197956.0,197971.0,197983.0,197990.0,197996.0,198002.0,198009.0,198018.0,198030.0,198040.0,198052.0,198063.0,198072.0,198083.0,198093.0,198103.0,198111.0,198115.0,198120.0,198138.0,198146.0,198153.0,198167.0,198177.0,198189.0,198197.0,198205.0,198220.0,198231
QCe8WMO5AeI,160703.0,160810.0,160990.0,161103.0,161240.0,161336.0,161455.0,161578.0,161701.0,161797.0,161876.0,161974.0,162063.0,162147.0,162272.0,162402.0,162506.0,162600.0,162721.0,162872.0,163009.0,163124.0,163229.0,163339.0,163420.0,163515.0,163626.0,163736.0,163817.0,163924.0,163992.0,164059.0,164156.0,164256.0,164348.0,164476.0,164629.0,164734.0,164831.0,164970.0,165072.0,165191.0,165307.0,165433.0,165529.0,165649.0,165755.0,165862.0,165983.0,166090.0,166321.0,166519.0,166701.0,166822.0,166956.0,167098.0,167214.0,167419.0,167556.0,167655.0,167787.0,167913.0,168033.0,168177.0,168293.0,168397.0,168482.0,168618.0,168722.0,168860.0,169002.0,169122.0,169223.0,169325.0,169453.0,169582.0,169724.0,169887.0,170057.0,170203.0,170300.0,170453.0,170592.0,170730.0,170862.0,171005.0,171122.0,171210.0,171379.0,171522.0,171686.0,171805.0,171963.0,172108.0,172194.0,172304.0,172492.0,172641.0,172786.0,172897.0,173005.0,173124.0,173247.0,173371.0,173439.0,173537.0,173672.0,173782.0,173878.0,173971.0,174059.0,174156.0,174252.0,174330.0,174390.0,174440.0,174503.0,174555.0,174640.0,174699.0,174752.0,174816.0,174876.0,174943.0,175013.0,175095.0,175163.0,175264.0,175371.0,175436.0,175489.0,175553.0,175621.0,175670.0,,,,,,,,,176227.0,176276.0,176342.0,176407.0,176495.0,176569.0,176605.0,176659.0,176712.0,176810.0,176903.0,176970.0,177047.0,177152.0,177236.0,177304.0,177357.0,177450.0,177525.0,177580.0,177651.0,177706.0,177760.0,177809.0,177874.0,177950.0,178014.0,178078.0,178133.0,178194.0,178273.0,178352.0,178405.0,178464.0,178542.0,178601.0,178659.0,178721.0,178798.0,178870.0,178937.0,179016.0,179083.0,179145.0,179210.0,179295.0,179379.0,179470.0,179566.0,179652.0,179700.0,179780.0,179865.0,179932.0,180000.0,180072.0,180136.0,180200.0,180264.0,180355.0,180447.0,180509.0,180587.0,180654.0,180732.0,180806.0,180897.0,180965.0,181060.0,181138.0,181225.0,181331.0,181444.0,181557.0,181669.0,181783.0,181888.0,181973.0,182059.0,182148.0,182248.0,182335.0,182446.0,182564.0,182650.0,182722.0,182810.0,182913.0,183017.0,183080.0,183190.0,183305.0,183424.0,183527.0,183642.0,183740.0,183842.0,183946.0,184030.0,184098.0,184211.0,184319.0,184442.0,184540.0,184613.0,184713.0,184803.0,184882.0,184981.0,185057.0,185152.0,185239.0,185317.0,185411.0,185477.0,185551.0,185622.0,185714.0,185774.0,185866.0,185934.0,,186079.0,186163.0,186242.0,186311.0,186373.0,186439.0,186492.0,186552.0,186597.0,186683.0,186740.0,186787.0,186819.0,186865.0,186929.0,186978.0,187028.0,187079.0,187122.0,187166.0,187214.0,187272.0,187330.0,187398.0,187446.0,187492.0,187549.0,187594.0,187671.0,187750.0,187820.0,187937.0,188037.0,188107.0,188211.0,188338.0,188441.0,188546.0,188623.0,188702.0,188760.0,188842.0,188921.0,188990.0,189070.0,189147.0,189272.0,189387.0,189485.0,189647.0,189799.0,189945.0,190076.0,190181.0,190267.0,190363.0,190550.0,190673.0,190798.0,190929.0,191015.0,191083.0,191169.0,191269.0,191390.0,191521.0,191682.0,191870.0,192033.0,192175.0,192311.0,192468.0,192628.0,192819.0,192970.0,193091.0,193276.0,193523.0,193804.0,194073.0,194336.0,194588.0,194762.0,194922.0,195107.0,195266.0,195398.0,195524.0,195640.0,195747.0,195848.0,195962.0,196087.0,196207.0,196335.0,196444.0,196531.0,196633.0,196784.0,196957.0,197145.0,197312.0,197441.0,197601.0,197843.0,198135.0,198419.0,198732.0,198985.0,199253.0,199452.0,199711.0,199967.0,200209
nQFo4eflD78,22570.0,22574.0,22576.0,22579.0,22583.0,22585.0,22585.0,22586.0,22588.0,22591.0,22592.0,22593.0,22595.0,22598.0,22603.0,22607.0,22608.0,22611.0,22612.0,22613.0,22615.0,22615.0,22615.0,22615.0,22616.0,22618.0,22618.0,22622.0,22623.0,22625.0,22625.0,22629.0,22630.0,22635.0,22639.0,22640.0,22639.0,22639.0,22641.0,22642.0,22642.0,22644.0,22645.0,22645.0,22646.0,22649.0,22652.0,22653.0,22656.0,22660.0,22662.0,22664.0,22666.0,22668.0,22671.0,22675.0,22678.0,22680.0,22685.0,22686.0,22688.0,22689.0,22691.0,22693.0,22695.0,22697.0,22697.0,22702.0,22703.0,22705.0,22706.0,22707.0,22709.0,22712.0,22717.0,22725.0,22728.0,22737.0,22738.0,22742.0,22743.0,22746.0,22750.0,22752.0,22753.0,22755.0,22757.0,22758.0,22762.0,22764.0,22765.0,22767.0,22768.0,22773.0,22775.0,22777.0,22780.0,22782.0,22785.0,22785.0,22786.0,22787.0,22788.0,22790.0,22795.0,22799.0,22801.0,22804.0,22807.0,22812.0,22814.0,22816.0,22822.0,22822.0,22825.0,22831.0,22831.0,22833.0,22836.0,22837.0,22840.0,22842.0,22842.0,22842.0,22843.0,22844.0,22847.0,22850.0,22852.0,22853.0,22855.0,22856.0,22856.0,22858.0,,,,,,,,,22880.0,22881.0,22882.0,22883.0,22889.0,22891.0,22892.0,22893.0,22896.0,22900.0,22901.0,22905.0,22908.0,22910.0,22913.0,22916.0,22919.0,22923.0,22927.0,22929.0,22933.0,22939.0,22943.0,22948.0,22950.0,22954.0,22956.0,22959.0,22964.0,22967.0,22970.0,22974.0,22976.0,22977.0,22981.0,22981.0,22984.0,22985.0,22988.0,22990.0,22992.0,22992.0,22993.0,22997.0,23006.0,23012.0,23019.0,23020.0,23022.0,23023.0,23026.0,23028.0,23029.0,23032.0,23034.0,23036.0,23041.0,23043.0,23045.0,23049.0,23053.0,23054.0,23056.0,23058.0,23060.0,23066.0,23070.0,23073.0,23079.0,23090.0,23094.0,23098.0,23111.0,23116.0,23119.0,23121.0,23129.0,23132.0,23137.0,23139.0,23141.0,23146.0,23151.0,23154.0,23160.0,23164.0,23168.0,23171.0,23173.0,23176.0,23180.0,23182.0,23187.0,23191.0,23194.0,23199.0,23205.0,23213.0,23219.0,23222.0,23229.0,23231.0,23235.0,23238.0,23240.0,23246.0,23249.0,23253.0,23257.0,23260.0,23262.0,23267.0,23271.0,23274.0,23280.0,23287.0,23292.0,23296.0,23299.0,23303.0,23306.0,,23311.0,23314.0,23317.0,23318.0,23323.0,23326.0,23331.0,23333.0,23335.0,23342.0,23349.0,23352.0,23356.0,23359.0,23362.0,23366.0,23370.0,23372.0,23373.0,23374.0,23379.0,23383.0,23386.0,23388.0,23389.0,23393.0,23395.0,23396.0,23404.0,23409.0,23415.0,23421.0,23426.0,23433.0,23437.0,23442.0,23446.0,23449.0,23453.0,23456.0,23463.0,23467.0,23471.0,23478.0,23483.0,23488.0,23489.0,23494.0,23501.0,23507.0,23512.0,23519.0,23526.0,23527.0,23528.0,23533.0,23534.0,23536.0,23537.0,23540.0,23547.0,23552.0,23565.0,23575.0,23588.0,23591.0,23597.0,23604.0,23609.0,23611.0,23616.0,23619.0,23625.0,23627.0,23629.0,23632.0,23633.0,23637.0,23639.0,23641.0,23643.0,23644.0,23650.0,23655.0,23655.0,23657.0,23670.0,23707.0,23710.0,23719.0,23724.0,23729.0,23737.0,23743.0,23758.0,23760.0,23766.0,23770.0,23774.0,23777.0,23780.0,23786.0,23788.0,23798.0,23799.0,23799.0,23804.0,23807.0,23810.0,23812.0,23813.0,23820.0,23827.0,23838
s5mHGePUMmo,642608.0,642679.0,642759.0,642831.0,642894.0,642954.0,643039.0,643102.0,643149.0,643204.0,643260.0,643306.0,643363.0,643411.0,643499.0,643553.0,643625.0,643684.0,643761.0,643816.0,643885.0,643950.0,643993.0,644040.0,644095.0,644131.0,644172.0,644246.0,644307.0,644382.0,644435.0,644513.0,644578.0,644667.0,644713.0,644791.0,644872.0,644927.0,644993.0,645057.0,645116.0,645145.0,645189.0,645237.0,645291.0,645347.0,645382.0,645404.0,645448.0,645485.0,645541.0,645584.0,645658.0,645725.0,645776.0,645834.0,645892.0,645940.0,645982.0,646028.0,646078.0,646126.0,646161.0,646210.0,646257.0,646309.0,646347.0,646413.0,646471.0,646555.0,646616.0,646666.0,646721.0,646763.0,646821.0,646872.0,646923.0,646955.0,647001.0,647042.0,647080.0,647121.0,647176.0,647225.0,647290.0,647330.0,647386.0,647431.0,647486.0,647536.0,647584.0,647643.0,647704.0,647761.0,647796.0,647847.0,647897.0,647961.0,648016.0,648082.0,648127.0,648174.0,648207.0,648256.0,648298.0,648337.0,648376.0,648423.0,648468.0,648516.0,648561.0,648607.0,648649.0,648700.0,648746.0,648794.0,648826.0,648859.0,648888.0,648934.0,648979.0,649035.0,649073.0,649102.0,649149.0,649182.0,649230.0,649269.0,649313.0,649360.0,649407.0,649447.0,649487.0,649531.0,,,,,,,,,649850.0,649874.0,649903.0,649936.0,649973.0,650030.0,650072.0,650114.0,650138.0,650159.0,650216.0,650259.0,650301.0,650342.0,650385.0,650426.0,650473.0,650504.0,650538.0,650581.0,650623.0,650652.0,650719.0,650754.0,650802.0,650829.0,650890.0,650962.0,651009.0,651045.0,651076.0,651113.0,651148.0,651190.0,651218.0,651252.0,651281.0,651315.0,651351.0,651386.0,651418.0,651451.0,651501.0,651543.0,651608.0,651663.0,651712.0,651748.0,651775.0,651811.0,651841.0,651861.0,651956.0,651987.0,652008.0,652057.0,652105.0,652144.0,652176.0,652210.0,652237.0,652262.0,652287.0,652316.0,652344.0,652377.0,652399.0,652438.0,652487.0,652527.0,652567.0,652596.0,652634.0,652666.0,652703.0,652733.0,652762.0,652805.0,652866.0,652921.0,652972.0,653022.0,653074.0,653136.0,653222.0,653289.0,653349.0,653402.0,653449.0,653507.0,653590.0,653668.0,653714.0,653751.0,653804.0,653830.0,653882.0,653918.0,653970.0,654010.0,654055.0,654101.0,654168.0,654199.0,654232.0,654266.0,654297.0,654360.0,654392.0,654420.0,654441.0,654473.0,654496.0,654519.0,654546.0,654575.0,654611.0,654649.0,654702.0,654742.0,654783.0,,654876.0,654918.0,654967.0,655000.0,655036.0,655070.0,655119.0,655150.0,655170.0,655215.0,655250.0,655282.0,655319.0,655360.0,655392.0,655418.0,655452.0,655477.0,655501.0,655539.0,655572.0,655608.0,655638.0,655662.0,655692.0,655718.0,655742.0,655763.0,655789.0,655831.0,655870.0,655904.0,655947.0,655982.0,656018.0,656051.0,656068.0,656100.0,656128.0,656170.0,656193.0,656217.0,656248.0,656280.0,656314.0,656338.0,656359.0,656379.0,656397.0,656435.0,656456.0,656475.0,656497.0,656522.0,656568.0,656604.0,656629.0,656649.0,656675.0,656724.0,656751.0,656780.0,656816.0,656833.0,656873.0,656900.0,656924.0,656954.0,657004.0,657030.0,657047.0,657062.0,657077.0,657088.0,657104.0,657128.0,657148.0,657167.0,657185.0,657206.0,657222.0,657249.0,657267.0,657295.0,657316.0,657347.0,657363.0,657394.0,657421.0,657459.0,657481.0,657501.0,657518.0,657537.0,657555.0,657571.0,657592.0,657615.0,657634.0,657651.0,657672.0,657697.0,657717.0,657747.0,657766.0,657790.0,657818.0,657843.0,657880.0,657901.0,657919.0,657934.0,657960.0,657975
D2-greRBItk,417590.0,417738.0,417853.0,417974.0,418089.0,418175.0,418275.0,418369.0,418477.0,418638.0,418797.0,418884.0,419001.0,419122.0,419203.0,419318.0,419496.0,419620.0,419705.0,419825.0,419927.0,420025.0,420127.0,420243.0,420390.0,420467.0,420585.0,420673.0,420758.0,420886.0,421000.0,421116.0,421237.0,421320.0,421452.0,421596.0,421693.0,421808.0,421902.0,421978.0,422064.0,422162.0,422261.0,422416.0,422529.0,422681.0,422763.0,422869.0,422974.0,423073.0,423186.0,423293.0,423395.0,423519.0,423608.0,423700.0,423804.0,423906.0,424024.0,424127.0,424215.0,424312.0,424437.0,424546.0,424642.0,424769.0,424873.0,425014.0,425113.0,425248.0,425375.0,425507.0,425601.0,425684.0,425763.0,425848.0,425940.0,426016.0,426119.0,426280.0,426410.0,426480.0,426564.0,426641.0,426718.0,426818.0,426990.0,427077.0,427191.0,427344.0,427485.0,427613.0,427747.0,427934.0,428033.0,428218.0,428460.0,428629.0,428886.0,429164.0,429415.0,429676.0,429829.0,430011.0,430221.0,430438.0,430672.0,430875.0,431163.0,431356.0,431550.0,431761.0,431961.0,432159.0,432437.0,432681.0,432854.0,433058.0,433282.0,433528.0,433715.0,433874.0,433979.0,434103.0,434211.0,434332.0,434459.0,434578.0,434737.0,434837.0,434899.0,434988.0,435080.0,435158.0,,,,,,,,,436161.0,436260.0,436358.0,436476.0,436598.0,436708.0,436808.0,436904.0,437024.0,437150.0,437247.0,437337.0,437451.0,437574.0,437708.0,437865.0,437994.0,438111.0,438251.0,438382.0,438496.0,438632.0,438793.0,438915.0,439004.0,439128.0,439216.0,439337.0,439460.0,439583.0,439681.0,439764.0,439864.0,439951.0,440031.0,440173.0,440278.0,440380.0,440469.0,440578.0,440695.0,440807.0,440936.0,441033.0,441139.0,441246.0,441322.0,441402.0,441491.0,441592.0,441685.0,441775.0,441878.0,441976.0,442073.0,442165.0,442267.0,442350.0,442435.0,442519.0,442600.0,442703.0,442793.0,442871.0,442948.0,443035.0,443132.0,443235.0,443306.0,443384.0,443513.0,443614.0,443737.0,443841.0,443978.0,444081.0,444173.0,444302.0,444400.0,444535.0,444620.0,444731.0,444887.0,445012.0,445146.0,445229.0,445332.0,445459.0,445601.0,445779.0,445935.0,446074.0,446218.0,446395.0,446501.0,446562.0,446643.0,446757.0,446875.0,446951.0,447037.0,447132.0,447204.0,447275.0,447345.0,447407.0,447448.0,447517.0,447553.0,447602.0,447643.0,447680.0,447727.0,447773.0,447813.0,447853.0,447888.0,447945.0,447998.0,448044.0,448075.0,,448204.0,448250.0,448294.0,448326.0,448356.0,448378.0,448400.0,448430.0,448467.0,448490.0,448515.0,448567.0,448625.0,448652.0,448677.0,448713.0,448743.0,448780.0,448823.0,448858.0,448892.0,448931.0,448969.0,448995.0,449046.0,449080.0,449128.0,449156.0,449181.0,449235.0,449298.0,449354.0,449431.0,449490.0,449541.0,449583.0,449639.0,449676.0,449721.0,449802.0,449846.0,449881.0,449931.0,449986.0,450037.0,450079.0,450132.0,450167.0,450199.0,450221.0,450245.0,450286.0,450310.0,450352.0,450427.0,450463.0,450518.0,450554.0,450592.0,450627.0,450684.0,450723.0,450764.0,450802.0,450844.0,450873.0,450916.0,450962.0,450999.0,451030.0,451059.0,451094.0,451127.0,451148.0,451174.0,451203.0,451230.0,451250.0,451271.0,451305.0,451333.0,451371.0,451403.0,451438.0,451467.0,451504.0,451525.0,451558.0,451599.0,451633.0,451669.0,451699.0,451714.0,451728.0,451759.0,451816.0,451848.0,451865.0,451895.0,451921.0,451954.0,451977.0,452010.0,452035.0,452051.0,452067.0,452080.0,452099.0,452116.0,452129.0,452145.0,452155.0,452184.0,452200
dfeTURVLf-c,13083.0,13089.0,13092.0,13100.0,13104.0,13118.0,13121.0,13128.0,13131.0,13139.0,13143.0,13147.0,13153.0,13165.0,13176.0,13179.0,13187.0,13196.0,13217.0,13231.0,13240.0,13257.0,13264.0,13265.0,13277.0,13290.0,13303.0,13307.0,13316.0,13325.0,13328.0,13335.0,13339.0,13342.0,13351.0,13358.0,13364.0,13371.0,13377.0,13386.0,13390.0,13396.0,13405.0,13407.0,13409.0,13416.0,13421.0,13434.0,13456.0,13463.0,13472.0,13487.0,13501.0,13518.0,13525.0,13542.0,13546.0,13552.0,13567.0,13571.0,13578.0,13585.0,13593.0,13599.0,13609.0,13614.0,13622.0,13633.0,13638.0,13667.0,13707.0,13723.0,13754.0,13778.0,13806.0,13837.0,13875.0,13895.0,13917.0,13927.0,13935.0,13946.0,13949.0,13962.0,13979.0,13994.0,14019.0,14028.0,14046.0,14057.0,14071.0,14091.0,14105.0,14120.0,14138.0,14156.0,14170.0,14179.0,14189.0,14200.0,14219.0,14227.0,14237.0,14244.0,14248.0,14251.0,14258.0,14262.0,14268.0,14274.0,14275.0,14277.0,14279.0,14284.0,14295.0,14309.0,14321.0,14325.0,14338.0,14345.0,14357.0,14366.0,14373.0,14402.0,14445.0,14478.0,14512.0,14537.0,14562.0,14587.0,14594.0,14632.0,14658.0,14687.0,,,,,,,,,14931.0,14953.0,14966.0,14980.0,14990.0,15008.0,15032.0,15046.0,15059.0,15087.0,15099.0,15108.0,15124.0,15138.0,15152.0,15161.0,15171.0,15181.0,15188.0,15200.0,15204.0,15212.0,15220.0,15227.0,15234.0,15237.0,15239.0,15248.0,15251.0,15256.0,15263.0,15271.0,15279.0,15280.0,15284.0,15288.0,15295.0,15302.0,15305.0,15312.0,15313.0,15337.0,15373.0,15396.0,15404.0,15407.0,15417.0,15422.0,15425.0,15433.0,15435.0,15436.0,15439.0,15443.0,15447.0,15453.0,15461.0,15464.0,15469.0,15474.0,15476.0,15478.0,15482.0,15487.0,15496.0,15498.0,15505.0,15511.0,15514.0,15518.0,15523.0,15541.0,15549.0,15553.0,15557.0,15563.0,15564.0,15571.0,15574.0,15576.0,15577.0,15585.0,15586.0,15589.0,15591.0,15595.0,15595.0,15599.0,15604.0,15606.0,15611.0,15622.0,15630.0,15633.0,15635.0,15645.0,15655.0,15658.0,15663.0,15669.0,15671.0,15678.0,15682.0,15692.0,15694.0,15701.0,15703.0,15705.0,15707.0,15713.0,15715.0,15721.0,15729.0,15736.0,15752.0,15766.0,15775.0,15779.0,15782.0,15787.0,15790.0,,15800.0,15804.0,15805.0,15808.0,15813.0,15819.0,15820.0,15820.0,15823.0,15828.0,15831.0,15832.0,15834.0,15836.0,15837.0,15840.0,15840.0,15846.0,15847.0,15850.0,15858.0,15863.0,15867.0,15867.0,15868.0,15870.0,15879.0,15885.0,15900.0,15904.0,15907.0,15911.0,15923.0,15925.0,15929.0,15938.0,15939.0,15942.0,15943.0,15946.0,15952.0,15964.0,15976.0,15981.0,15990.0,15997.0,16002.0,16003.0,16005.0,16008.0,16012.0,16014.0,16017.0,16018.0,16020.0,16022.0,16023.0,16027.0,16028.0,16028.0,16030.0,16037.0,16041.0,16045.0,16045.0,16050.0,16051.0,16056.0,16063.0,16069.0,16073.0,16080.0,16085.0,16089.0,16097.0,16099.0,16101.0,16112.0,16115.0,16116.0,16119.0,16126.0,16131.0,16136.0,16138.0,16144.0,16150.0,16152.0,16152.0,16157.0,16167.0,16169.0,16169.0,16172.0,16173.0,16174.0,16176.0,16178.0,16184.0,16184.0,16190.0,16190.0,16192.0,16197.0,16201.0,16202.0,16204.0,16211.0,16212.0,16215.0,16220.0,16221.0,16224.0,16227
EUTje6vIL54,15680.0,15683.0,15689.0,15695.0,15699.0,15702.0,15906.0,16673.0,17349.0,17802.0,18365.0,18632.0,18818.0,19019.0,19161.0,19249.0,19345.0,19420.0,19492.0,19561.0,19602.0,19650.0,19705.0,,,,,,,,,,,,,,,,,,,,,,,,,,,,,,,,,,,,,,,,,,,,,,,,,,,,,,,,,,,,,,,,,,,,,,,,,,,,,,,,,,,,,,,,,,,,,,,,,,,,,,,,,,,,,,,,,,,,,,,,,,,,,,,,,,,,,,,,,,,,,,,,,,,,,,,,,,,,,,,,,,,,,,,,,,,,,,,,,,,,,,,,,,,,,,,,,,,,,,,,,,,,,,,,,,,,,,,,,,,,,,,,,,,,,,,,,,,,,,,,,,,,,,,,,,,,,,,,,,,,,,,,,,,,,,,,,,,,,,,,,,,,,,,,,,,,,,,,,,,,,,,,,,,,,,,,,,,,,,,,,,,,,,,,,,,,,,,,,,,,,,,,,,,,,,,,,,,
7ZcJH33Rksg,1485397.0,1485525.0,1485667.0,1485786.0,1485919.0,1486076.0,1486213.0,1486343.0,1486483.0,1486646.0,1486820.0,1487008.0,1487214.0,1487409.0,1487624.0,1487802.0,1487995.0,1488163.0,1488338.0,1488506.0,1488728.0,1488886.0,1489068.0,1489292.0,1489443.0,1489620.0,1489810.0,1489981.0,1490153.0,1490346.0,1490507.0,1490654.0,1490826.0,1490978.0,1491153.0,1491305.0,1491487.0,1491656.0,1491798.0,1491964.0,1492104.0,1492264.0,1492438.0,1492615.0,1492827.0,1492991.0,1493135.0,1493298.0,1493479.0,1493623.0,1493789.0,1493949.0,1494096.0,1494256.0,1494398.0,1494523.0,1494649.0,1494791.0,1494924.0,1495036.0,1495159.0,1495329.0,1495467.0,1495612.0,1495772.0,1495885.0,1496013.0,1496186.0,1496316.0,1496546.0,1496702.0,1496874.0,1497023.0,1497134.0,1497285.0,1497462.0,1497635.0,1497798.0,1497978.0,1498137.0,1498257.0,1498427.0,1498582.0,1498738.0,1498866.0,1499028.0,1499176.0,1499324.0,1499481.0,1499632.0,1499758.0,1499929.0,1500110.0,1500268.0,1500494.0,1500692.0,1500822.0,1500966.0,1501113.0,1501279.0,1501404.0,1501516.0,1501700.0,1501880.0,1502004.0,1502190.0,1502348.0,1502478.0,1502628.0,1502785.0,1502959.0,1503107.0,1503279.0,1503444.0,1503600.0,1503744.0,1503881.0,1504057.0,1504236.0,1504415.0,1504585.0,1504720.0,1504891.0,1505034.0,1505170.0,1505313.0,1505489.0,1505682.0,1505842.0,1506036.0,1506226.0,1506412.0,1506608.0,1506787.0,,,,,,,,,1509012.0,1509223.0,1509515.0,1509897.0,1510174.0,1510382.0,1510645.0,1510874.0,1511092.0,1511330.0,1511630.0,1511895.0,1512116.0,1512322.0,1512501.0,1512693.0,1512925.0,1513144.0,1513360.0,1513534.0,1513726.0,1513885.0,1514017.0,1514215.0,1514373.0,1514544.0,1514744.0,1514956.0,1515143.0,1515352.0,1515533.0,1515727.0,1515898.0,1516065.0,1516213.0,1516359.0,1516487.0,1516639.0,1516777.0,1516932.0,1517066.0,1517248.0,1517423.0,1517630.0,1517802.0,1517969.0,1518130.0,1518336.0,1518505.0,1518655.0,1518802.0,1518930.0,1519052.0,1519220.0,1519370.0,1519517.0,1519662.0,1519783.0,1519924.0,1520093.0,1520261.0,1520396.0,1520523.0,1520634.0,1520746.0,1520880.0,1521029.0,1521169.0,1521270.0,1521392.0,1521504.0,1521665.0,1521825.0,1521988.0,1522160.0,1522294.0,1522428.0,1522561.0,1522692.0,1522809.0,1522956.0,1523087.0,1523210.0,1523361.0,1523482.0,1523609.0,1523731.0,1523854.0,1523978.0,1524090.0,1524229.0,1524357.0,1524455.0,1524571.0,1524689.0,1524811.0,1524940.0,1525058.0,1525148.0,1525246.0,1525345.0,1525452.0,1525555.0,1525682.0,1525786.0,1525885.0,1525976.0,1526071.0,1526175.0,1526289.0,1526378.0,1526504.0,1526604.0,1526692.0,1526788.0,1526885.0,1526952.0,1527049.0,1527168.0,1527261.0,1527356.0,,1527615.0,1527751.0,1527901.0,1528054.0,1528204.0,1528329.0,1528441.0,1528566.0,1528700.0,1528829.0,1528987.0,1529115.0,1529240.0,1529393.0,1529521.0,1529677.0,1529813.0,1529959.0,1530122.0,1530264.0,1530397.0,1530570.0,1530729.0,1530905.0,1531075.0,1531218.0,1531377.0,1531495.0,1531637.0,1531785.0,1531956.0,1532104.0,1532264.0,1532399.0,1532528.0,1532648.0,1532800.0,1532923.0,1533078.0,1533232.0,1533355.0,1533470.0,1533614.0,1533755.0,1533907.0,1534061.0,1534200.0,1534336.0,1534441.0,1534562.0,1534663.0,1534773.0,1534910.0,1535054.0,1535178.0,1535285.0,1535413.0,1535547.0,1535704.0,1535865.0,1536043.0,1536193.0,1536397.0,1536604.0,1536844.0,1537047.0,1537205.0,1537397.0,1537549.0,1537712.0,1537893.0,1538054.0,1538251.0,1538413.0,1538592.0,1538749.0,1538930.0,1539073.0,1539241.0,1539384.0,1539541.0,1539713.0,1539880.0,1540046.0,1540225.0,1540405.0,1540621.0,1540817.0,1540972.0,1541118.0,1541257.0,1541413.0,1541560.0,1541700.0,1541844.0,1541993.0,1542119.0,1542271.0,1542467.0,1542781.0,1543027.0,1543236.0,1543436.0,1543639.0,1543854.0,1544031.0,1544193.0,1544339.0,1544512.0,1544668.0,1544814.0,1544948.0,1545123.0,1545251
9IQC9-JrENw,64836.0,64847.0,64863.0,64875.0,64887.0,64903.0,64917.0,64926.0,64940.0,64959.0,64973.0,64983.0,64997.0,65013.0,65026.0,65050.0,65063.0,65072.0,65085.0,65103.0,65117.0,65133.0,65154.0,65163.0,65174.0,65186.0,65198.0,65224.0,65251.0,65268.0,65303.0,65322.0,65334.0,65351.0,65374.0,65397.0,65416.0,65433.0,65450.0,65473.0,65500.0,65515.0,65534.0,65553.0,65566.0,65577.0,65593.0,65623.0,65639.0,65724.0,65748.0,65759.0,65772.0,65782.0,65813.0,65830.0,65849.0,65863.0,65879.0,65890.0,65912.0,65931.0,65945.0,65961.0,65978.0,65992.0,66007.0,66017.0,66030.0,66053.0,66068.0,66083.0,66095.0,66106.0,66121.0,66141.0,66160.0,66174.0,66192.0,66210.0,66222.0,66238.0,66257.0,66276.0,66299.0,66328.0,66352.0,66368.0,66394.0,66408.0,66436.0,66453.0,66474.0,66489.0,66503.0,66517.0,66542.0,66551.0,66572.0,66586.0,66603.0,66619.0,66640.0,66672.0,66696.0,66712.0,66727.0,66736.0,66760.0,66777.0,66794.0,66820.0,66842.0,66872.0,66893.0,66908.0,66925.0,66949.0,66958.0,66980.0,66997.0,67005.0,67015.0,67024.0,67037.0,67049.0,67056.0,67064.0,67079.0,67088.0,67098.0,67111.0,67119.0,67141.0,,,,,,,,,67300.0,67308.0,67318.0,67330.0,67347.0,67363.0,67377.0,67389.0,67405.0,67416.0,67441.0,67452.0,67452.0,67452.0,67452.0,67452.0,67452.0,67452.0,67452.0,67452.0,67452.0,67452.0,67452.0,67452.0,67452.0,67452.0,67452.0,67452.0,67452.0,67452.0,67452.0,67452.0,67452.0,67452.0,67452.0,67452.0,67452.0,67452.0,67452.0,67452.0,67452.0,67452.0,67452.0,67452.0,67452.0,67452.0,67452.0,67452.0,67452.0,67452.0,67452.0,67452.0,67452.0,67452.0,67452.0,67452.0,67452.0,67452.0,67452.0,67452.0,67452.0,67452.0,67452.0,67452.0,67452.0,67452.0,67452.0,67452.0,67452.0,67452.0,67452.0,67452.0,67452.0,67452.0,67452.0,67452.0,67452.0,67452.0,67452.0,67452.0,67452.0,67452.0,67452.0,67452.0,67452.0,67452.0,67452.0,67452.0,67452.0,67452.0,67452.0,67452.0,67452.0,67452.0,67452.0,67452.0,67452.0,67452.0,67452.0,67452.0,67452.0,67452.0,67452.0,67452.0,67452.0,67452.0,67452.0,67452.0,67452.0,67452.0,67452.0,67452.0,67452.0,67452.0,67452.0,67452.0,67452.0,67452.0,67452.0,67452.0,67452.0,,67452.0,67452.0,67452.0,67452.0,67452.0,67452.0,67452.0,67452.0,67452.0,67452.0,67452.0,67452.0,67452.0,67452.0,67452.0,67452.0,67452.0,67452.0,67452.0,67452.0,67452.0,67452.0,67452.0,67452.0,67452.0,67452.0,67452.0,67452.0,67452.0,67452.0,67452.0,67452.0,67452.0,67452.0,67452.0,67452.0,67452.0,67452.0,67452.0,67452.0,67452.0,67452.0,67452.0,67452.0,67452.0,67452.0,67452.0,67452.0,67452.0,67452.0,67452.0,67452.0,67452.0,67452.0,67452.0,67452.0,67452.0,67452.0,67452.0,67452.0,67452.0,67452.0,67452.0,67452.0,67452.0,67452.0,67452.0,67452.0,67452.0,67452.0,67452.0,67452.0,67452.0,67452.0,67452.0,67452.0,67452.0,67452.0,67452.0,67452.0,67452.0,67452.0,67452.0,67452.0,67452.0,67452.0,67452.0,67452.0,67452.0,67452.0,67452.0,67452.0,67452.0,67452.0,67452.0,67452.0,67452.0,67452.0,67452.0,67452.0,67452.0,67452.0,67452.0,67452.0,67452.0,67452.0,67452.0,67452.0,67452.0,67452.0,67452.0,67452.0,67452.0,67452
ECms_VxE1mA,186415.0,186457.0,186503.0,186552.0,186605.0,186674.0,186729.0,186775.0,186831.0,186890.0,186929.0,186980.0,187076.0,187139.0,187190.0,187247.0,187306.0,187356.0,187425.0,187497.0,187547.0,187641.0,187709.0,187770.0,187803.0,187865.0,187918.0,187972.0,188048.0,188119.0,188176.0,188212.0,188271.0,188322.0,188390.0,188459.0,188520.0,188575.0,188609.0,188662.0,188710.0,188767.0,188819.0,188873.0,188926.0,188956.0,189020.0,189071.0,189123.0,189177.0,189241.0,189285.0,189322.0,189370.0,189420.0,189475.0,189529.0,189574.0,189621.0,189673.0,189721.0,189781.0,189840.0,189889.0,189934.0,189986.0,190031.0,190088.0,190130.0,190196.0,190256.0,190327.0,190391.0,190434.0,190499.0,190577.0,190628.0,190675.0,190736.0,190783.0,190827.0,190869.0,190935.0,190993.0,191064.0,191120.0,191184.0,191228.0,191301.0,191361.0,191417.0,191478.0,191532.0,191573.0,191617.0,191666.0,191726.0,191775.0,191815.0,191884.0,191946.0,191981.0,192034.0,192087.0,192150.0,192214.0,192286.0,192341.0,192384.0,192446.0,192498.0,192554.0,192631.0,192700.0,192749.0,192788.0,192853.0,192904.0,192973.0,193042.0,193112.0,193156.0,193214.0,193268.0,193331.0,193383.0,193430.0,193483.0,193546.0,193600.0,193649.0,193694.0,193737.0,193796.0,,,,,,,,,194279.0,194304.0,194345.0,194387.0,194438.0,194492.0,194534.0,194555.0,194604.0,194675.0,194737.0,194773.0,194773.0,194773.0,194773.0,194773.0,194773.0,194773.0,194773.0,194773.0,194773.0,194773.0,194773.0,194773.0,194773.0,194773.0,194773.0,194773.0,194773.0,194773.0,194773.0,194773.0,194773.0,194773.0,194773.0,194773.0,194773.0,194773.0,194773.0,194773.0,194773.0,194773.0,194773.0,194773.0,194773.0,194775.0,194775.0,194775.0,194775.0,194775.0,194775.0,194775.0,194775.0,194775.0,194775.0,194775.0,194775.0,194775.0,194775.0,194775.0,194775.0,194775.0,194775.0,194775.0,194775.0,194775.0,194775.0,194775.0,194775.0,194775.0,194775.0,194775.0,194775.0,194775.0,194775.0,194775.0,194775.0,194775.0,194775.0,194775.0,194775.0,194775.0,194775.0,194775.0,194775.0,194775.0,194775.0,194775.0,194775.0,194775.0,194775.0,194775.0,194775.0,194775.0,194775.0,194775.0,194775.0,194775.0,194775.0,194775.0,194775.0,194775.0,194775.0,194775.0,194775.0,194775.0,194775.0,194775.0,194775.0,194775.0,194775.0,194775.0,194775.0,194775.0,194775.0,194775.0,194775.0,194775.0,194775.0,194775.0,194775.0,,194775.0,194775.0,194775.0,194775.0,194775.0,194775.0,194775.0,194775.0,194775.0,194775.0,194775.0,194775.0,194775.0,194775.0,194775.0,194775.0,194775.0,194775.0,194775.0,194775.0,194775.0,194775.0,194775.0,194775.0,194775.0,194775.0,194775.0,194775.0,194775.0,194775.0,194775.0,194775.0,194775.0,194775.0,194775.0,194775.0,194775.0,194775.0,194775.0,194775.0,194775.0,194775.0,194775.0,194775.0,194775.0,194775.0,194775.0,194775.0,194775.0,194775.0,194775.0,194775.0,194775.0,194775.0,194775.0,194775.0,194775.0,194775.0,194775.0,194775.0,194775.0,194775.0,194775.0,194775.0,194775.0,194775.0,194775.0,194775.0,194775.0,194775.0,194775.0,194775.0,194775.0,194775.0,194775.0,194775.0,194775.0,194775.0,194775.0,194775.0,194775.0,194775.0,194775.0,194775.0,194775.0,194775.0,194775.0,194775.0,194775.0,194775.0,194775.0,194775.0,194775.0,194775.0,194775.0,194775.0,194775.0,194775.0,194775.0,194775.0,194775.0,194775.0,194775.0,194775.0,194775.0,194775.0,194775.0,194775.0,194775.0,194775.0,194775.0,194775.0,194775.0,194775
7GodebfmrxY,20270.0,20273.0,20279.0,20280.0,20282.0,20288.0,20292.0,20293.0,20294.0,20298.0,20301.0,20302.0,20307.0,20313.0,20318.0,20325.0,20328.0,20330.0,20334.0,20338.0,20342.0,20345.0,20348.0,20350.0,20353.0,20355.0,20359.0,20360.0,20359.0,20361.0,20366.0,20374.0,20382.0,20387.0,20391.0,20392.0,20397.0,20401.0,20405.0,20409.0,20413.0,20414.0,20418.0,20421.0,20424.0,20427.0,20427.0,20429.0,20432.0,20439.0,20448.0,20455.0,20462.0,20464.0,20468.0,20472.0,20477.0,20483.0,20488.0,20492.0,20499.0,20509.0,20518.0,20525.0,20532.0,20540.0,20542.0,20549.0,20553.0,20559.0,20564.0,20567.0,20572.0,20577.0,20580.0,20584.0,20592.0,20597.0,20599.0,20607.0,20618.0,20625.0,20630.0,20633.0,20644.0,20649.0,20652.0,20657.0,20664.0,20667.0,20674.0,20676.0,20683.0,20687.0,20689.0,20696.0,20701.0,20704.0,20706.0,20710.0,20713.0,20718.0,20723.0,20724.0,20725.0,20733.0,20739.0,20745.0,20750.0,20751.0,20755.0,20760.0,20764.0,20768.0,20775.0,20779.0,20787.0,20789.0,20792.0,20795.0,20801.0,20805.0,20805.0,20813.0,20816.0,20820.0,20825.0,20827.0,20832.0,20834.0,20841.0,20843.0,20848.0,20849.0,,,,,,,,,20904.0,20955.0,21006.0,21052.0,21105.0,21145.0,21169.0,21205.0,21232.0,21238.0,21243.0,21244.0,21249.0,21252.0,21262.0,21267.0,21273.0,21280.0,21288.0,21293.0,21296.0,21299.0,21305.0,21309.0,21317.0,21322.0,21325.0,21329.0,21330.0,21332.0,21336.0,21338.0,21341.0,21344.0,21350.0,21352.0,21354.0,21357.0,21360.0,21364.0,21370.0,21376.0,21379.0,21381.0,21383.0,21387.0,21393.0,21397.0,21403.0,21405.0,21412.0,21417.0,21419.0,21422.0,21427.0,21438.0,21441.0,21442.0,21445.0,21448.0,21453.0,21456.0,21461.0,21466.0,21469.0,21475.0,21482.0,21494.0,21498.0,21503.0,21505.0,21508.0,21517.0,21526.0,21536.0,21540.0,21544.0,21552.0,21556.0,21566.0,21572.0,21579.0,21584.0,21590.0,21597.0,21599.0,21604.0,21609.0,21610.0,21613.0,21620.0,21622.0,21624.0,21628.0,21636.0,21637.0,21642.0,21646.0,21652.0,21656.0,21661.0,21663.0,21668.0,21671.0,21674.0,21687.0,21698.0,21700.0,21703.0,21703.0,21709.0,21715.0,21718.0,21719.0,21721.0,21723.0,21726.0,21730.0,21734.0,21734.0,21739.0,,21747.0,21747.0,21750.0,21750.0,21751.0,21755.0,21758.0,21760.0,21764.0,21764.0,21767.0,21769.0,21770.0,21774.0,21779.0,21781.0,21782.0,21784.0,21791.0,21793.0,21796.0,21797.0,21797.0,21800.0,21804.0,21806.0,21813.0,21816.0,21821.0,21827.0,21830.0,21834.0,21839.0,21842.0,21845.0,21848.0,21849.0,21853.0,21855.0,21857.0,21858.0,21863.0,21868.0,21875.0,21878.0,21883.0,21891.0,21895.0,21904.0,21912.0,21915.0,21923.0,21925.0,21933.0,21938.0,21948.0,21950.0,21952.0,21959.0,21959.0,21960.0,21964.0,21965.0,21967.0,21970.0,21975.0,21982.0,21989.0,21996.0,22004.0,22014.0,22021.0,22029.0,22031.0,22035.0,22036.0,22036.0,22038.0,22040.0,22046.0,22050.0,22054.0,22064.0,22065.0,22068.0,22071.0,22072.0,22073.0,22073.0,22074.0,22076.0,22080.0,22084.0,22087.0,22091.0,22092.0,22095.0,22099.0,22100.0,22103.0,22104.0,22105.0,22107.0,22111.0,22113.0,22121.0,22121.0,22125.0,22125.0,22129.0,22135.0,22143.0,22148.0,22154
O4LzJRu5wuc,15375.0,15375.0,15376.0,15376.0,15376.0,15377.0,15379.0,15379.0,15379.0,15379.0,15379.0,15379.0,15379.0,15379.0,15379.0,15380.0,15380.0,15380.0,15381.0,15381.0,15381.0,15382.0,15382.0,15383.0,15383.0,15384.0,15384.0,15385.0,15385.0,15385.0,15387.0,15388.0,15389.0,15390.0,15390.0,15390.0,15391.0,15392.0,15392.0,15393.0,15394.0,15394.0,15394.0,15394.0,15396.0,15397.0,15399.0,15401.0,15401.0,15402.0,15403.0,15403.0,15403.0,15403.0,15403.0,15404.0,15404.0,15404.0,15405.0,15405.0,15408.0,15410.0,15410.0,15410.0,15410.0,15411.0,15411.0,15411.0,15411.0,15413.0,15415.0,15415.0,15415.0,15416.0,15415.0,15415.0,15415.0,15415.0,15416.0,15417.0,15417.0,15417.0,15417.0,15420.0,15421.0,15421.0,15421.0,15421.0,15421.0,15421.0,15421.0,15423.0,15424.0,15424.0,15424.0,15425.0,15425.0,15427.0,15427.0,15427.0,15427.0,15429.0,15429.0,15429.0,15429.0,15430.0,15430.0,15430.0,15430.0,15431.0,15435.0,15437.0,15439.0,15439.0,15439.0,15444.0,15446.0,15447.0,15448.0,15448.0,15449.0,15449.0,15449.0,15449.0,15449.0,15449.0,15449.0,15449.0,15449.0,15449.0,15451.0,15452.0,15454.0,15454.0,,,,,,,,,15455.0,15455.0,15455.0,15455.0,15457.0,15457.0,15457.0,15458.0,15458.0,15458.0,15458.0,15459.0,15459.0,15459.0,15459.0,15461.0,15462.0,15463.0,15463.0,15464.0,15466.0,15467.0,15467.0,15469.0,15469.0,15470.0,15471.0,15472.0,15472.0,15472.0,15472.0,15472.0,15472.0,15472.0,15472.0,15472.0,15474.0,15474.0,15477.0,15477.0,15477.0,15477.0,15477.0,15477.0,15478.0,15479.0,15480.0,15481.0,15481.0,15481.0,15482.0,15482.0,15482.0,15482.0,15482.0,15483.0,15484.0,15484.0,15485.0,15485.0,15485.0,15485.0,15488.0,15488.0,15488.0,15489.0,15489.0,15489.0,15491.0,15491.0,15491.0,15491.0,15491.0,15491.0,15492.0,15492.0,15492.0,15492.0,15492.0,15493.0,15494.0,15495.0,15495.0,15495.0,15495.0,15495.0,15495.0,15496.0,15496.0,15496.0,15497.0,15498.0,15498.0,15499.0,15501.0,15501.0,15501.0,15503.0,15503.0,15503.0,15504.0,15504.0,15504.0,15504.0,15504.0,15506.0,15508.0,15509.0,15509.0,15509.0,15509.0,15509.0,15510.0,15510.0,15511.0,15511.0,15511.0,15512.0,15512.0,15512.0,15512.0,,15513.0,15513.0,15513.0,15514.0,15515.0,15515.0,15515.0,15515.0,15515.0,15515.0,15515.0,15515.0,15515.0,15515.0,15515.0,15515.0,15517.0,15517.0,15517.0,15517.0,15519.0,15519.0,15519.0,15519.0,15519.0,15519.0,15520.0,15520.0,15521.0,15521.0,15521.0,15522.0,15522.0,15523.0,15524.0,15524.0,15524.0,15524.0,15524.0,15525.0,15525.0,15526.0,15527.0,15527.0,15528.0,15528.0,15528.0,15528.0,15528.0,15528.0,15529.0,15529.0,15530.0,15530.0,15531.0,15532.0,15532.0,15532.0,15534.0,15534.0,15534.0,15534.0,15534.0,15534.0,15534.0,15534.0,15534.0,15534.0,15534.0,15534.0,15535.0,15535.0,15537.0,15538.0,15538.0,15538.0,15538.0,15538.0,15538.0,15538.0,15538.0,15540.0,15540.0,15541.0,15542.0,15542.0,15543.0,15543.0,15543.0,15543.0,15544.0,15544.0,15544.0,15544.0,15544.0,15544.0,15544.0,15546.0,15546.0,15546.0,15546.0,15548.0,15548.0,15549.0,15549.0,15549.0,15549.0,15549.0,15549.0,15549.0,15549.0,15550.0,15550.0,15550
E6OaNuGuK9c,233725.0,233725.0,233729.0,233730.0,233731.0,233732.0,233733.0,233734.0,233737.0,233739.0,233742.0,233745.0,233746.0,233750.0,233750.0,233751.0,233752.0,233752.0,233755.0,233755.0,233755.0,233757.0,233760.0,233762.0,233765.0,233765.0,233771.0,233771.0,233772.0,233777.0,233779.0,233781.0,233783.0,233783.0,233786.0,233786.0,233788.0,233789.0,233794.0,233797.0,233800.0,233801.0,233802.0,233805.0,233808.0,233812.0,233814.0,233814.0,233818.0,233819.0,233819.0,233821.0,233821.0,233822.0,233824.0,233825.0,233828.0,233828.0,233829.0,233830.0,233830.0,233832.0,233833.0,233833.0,233834.0,233836.0,233838.0,233840.0,233840.0,233842.0,233846.0,233848.0,233848.0,233849.0,233851.0,233853.0,233855.0,233857.0,233857.0,233858.0,233860.0,233860.0,233863.0,233864.0,233867.0,233868.0,233869.0,233871.0,233874.0,233875.0,233877.0,233877.0,233881.0,233883.0,233883.0,233886.0,233888.0,233891.0,233891.0,233895.0,233896.0,233896.0,233899.0,233901.0,233902.0,233907.0,233914.0,233918.0,233920.0,233924.0,233929.0,233931.0,233935.0,233936.0,233938.0,233942.0,233947.0,233950.0,233951.0,233957.0,233958.0,233959.0,233959.0,233964.0,233966.0,233969.0,233970.0,233970.0,233970.0,233970.0,233974.0,233977.0,233979.0,233980.0,,,,,,,,,233991.0,233993.0,233996.0,233996.0,233997.0,233999.0,234002.0,234004.0,234004.0,234006.0,234007.0,234008.0,234009.0,234011.0,234011.0,234017.0,234020.0,234021.0,234021.0,234022.0,234022.0,234024.0,234025.0,234027.0,234030.0,234031.0,234033.0,234035.0,234035.0,234035.0,234036.0,234045.0,234057.0,234058.0,234063.0,234066.0,234069.0,234069.0,234071.0,234077.0,234082.0,234075.0,234083.0,234084.0,234087.0,234087.0,234093.0,234098.0,234099.0,234103.0,234105.0,234105.0,234108.0,234113.0,234114.0,234116.0,234121.0,234123.0,234126.0,234127.0,234128.0,234129.0,234131.0,234132.0,234133.0,234136.0,234137.0,234142.0,234147.0,234148.0,234150.0,234150.0,234152.0,234155.0,234158.0,234160.0,234164.0,234165.0,234167.0,234170.0,234173.0,234178.0,234181.0,234185.0,234188.0,234190.0,234190.0,234191.0,234193.0,234195.0,234197.0,234198.0,234199.0,234204.0,234205.0,234206.0,234211.0,234214.0,234218.0,234220.0,234224.0,234227.0,234233.0,234240.0,234240.0,234243.0,234247.0,234248.0,234250.0,234253.0,234254.0,234255.0,234256.0,234256.0,234256.0,234257.0,234257.0,234261.0,234263.0,234264.0,234265.0,,234265.0,234265.0,234266.0,234266.0,234266.0,234268.0,234268.0,234269.0,234269.0,234271.0,234272.0,234272.0,234272.0,234272.0,234275.0,234277.0,234278.0,234278.0,234280.0,234280.0,234281.0,234284.0,234285.0,234286.0,234286.0,234287.0,234290.0,234290.0,234292.0,234292.0,234293.0,234293.0,234293.0,234297.0,234298.0,234298.0,234298.0,234298.0,234298.0,234299.0,234301.0,234302.0,234304.0,234305.0,234306.0,234307.0,234310.0,234311.0,234311.0,234311.0,234311.0,234311.0,234313.0,234315.0,234316.0,234317.0,234319.0,234322.0,234327.0,234327.0,234328.0,234328.0,234329.0,234331.0,234331.0,234331.0,234332.0,234335.0,234338.0,234338.0,234338.0,234338.0,234340.0,234341.0,234341.0,234341.0,234341.0,234342.0,234343.0,234343.0,234344.0,234345.0,234345.0,234345.0,234345.0,234348.0,234348.0,234348.0,234349.0,234350.0,234351.0,234352.0,234352.0,234353.0,234354.0,234355.0,234355.0,234357.0,234358.0,234358.0,234358.0,234361.0,234362.0,234363.0,234363.0,234363.0,234365.0,234368.0,234368.0,234368.0,234368.0,234368.0,234369.0,234369
hX_O7Q8YMXw,21550.0,21564.0,21588.0,21608.0,21637.0,21659.0,21679.0,21694.0,21710.0,21726.0,21748.0,21776.0,21796.0,21824.0,21844.0,21863.0,21882.0,21909.0,21927.0,21954.0,21967.0,21983.0,22001.0,22019.0,22051.0,22073.0,22090.0,22105.0,22122.0,22147.0,22172.0,22196.0,22209.0,22240.0,22252.0,22272.0,22294.0,22312.0,22327.0,22348.0,22362.0,22392.0,22414.0,22434.0,22458.0,22483.0,22511.0,22537.0,22550.0,22574.0,22599.0,22623.0,22643.0,22664.0,22682.0,22710.0,22721.0,22733.0,22752.0,22769.0,22802.0,22828.0,22839.0,22868.0,22898.0,22916.0,22934.0,22950.0,22960.0,22984.0,23014.0,23039.0,23049.0,23069.0,23087.0,23108.0,23132.0,23157.0,23180.0,23207.0,23237.0,23264.0,23276.0,23301.0,23318.0,23330.0,23347.0,23371.0,23405.0,23436.0,23454.0,23476.0,23493.0,23508.0,23530.0,23547.0,23573.0,23591.0,23616.0,23632.0,23657.0,23682.0,23700.0,23715.0,23737.0,23761.0,23775.0,23782.0,23805.0,23816.0,23837.0,23853.0,23869.0,23887.0,23902.0,23926.0,23956.0,23970.0,23990.0,24011.0,24033.0,24050.0,24075.0,24100.0,24126.0,24152.0,24173.0,24198.0,24216.0,24228.0,24247.0,24258.0,24279.0,24293.0,,,,,,,,,24419.0,24432.0,24450.0,24460.0,24484.0,24494.0,24503.0,24518.0,24537.0,24559.0,24575.0,24586.0,24599.0,24620.0,24642.0,24666.0,24684.0,24708.0,24738.0,24755.0,24768.0,24783.0,24801.0,24815.0,24835.0,24850.0,24880.0,24899.0,24917.0,24935.0,24950.0,24968.0,24975.0,24987.0,24997.0,25016.0,25038.0,25061.0,25079.0,25097.0,25116.0,25128.0,25150.0,25173.0,25201.0,25227.0,25241.0,25254.0,25271.0,25282.0,25308.0,25324.0,25335.0,25361.0,25369.0,25386.0,25403.0,25424.0,25439.0,25468.0,25482.0,25491.0,25506.0,25525.0,25534.0,25543.0,25560.0,25580.0,25591.0,25608.0,25623.0,25630.0,25642.0,25652.0,25681.0,25697.0,25716.0,25735.0,25746.0,25754.0,25759.0,25766.0,25774.0,25785.0,25793.0,25801.0,25810.0,25816.0,25828.0,25833.0,25836.0,25847.0,25856.0,25858.0,25861.0,25864.0,25866.0,25868.0,25874.0,25874.0,25875.0,25876.0,25879.0,25886.0,25891.0,25894.0,25896.0,25899.0,25899.0,25902.0,25906.0,25912.0,25914.0,25918.0,25920.0,25924.0,25932.0,25935.0,25940.0,25945.0,25951.0,,25960.0,25964.0,25969.0,25970.0,25972.0,25974.0,25979.0,25981.0,25982.0,25985.0,25986.0,25990.0,25992.0,25992.0,25994.0,25996.0,26000.0,26004.0,26007.0,26009.0,26011.0,26011.0,26014.0,26020.0,26025.0,26027.0,26029.0,26035.0,26039.0,26042.0,26048.0,26058.0,26065.0,26070.0,26076.0,26081.0,26084.0,26089.0,26096.0,26100.0,26103.0,26105.0,26110.0,26114.0,26119.0,26124.0,26125.0,26129.0,26135.0,26139.0,26140.0,26142.0,26149.0,26158.0,26163.0,26167.0,26175.0,26187.0,26189.0,26194.0,26196.0,26201.0,26206.0,26208.0,26209.0,26212.0,26221.0,26223.0,26230.0,26236.0,26240.0,26244.0,26250.0,26252.0,26253.0,26253.0,26256.0,26261.0,26262.0,26264.0,26267.0,26268.0,26269.0,26277.0,26279.0,26280.0,26280.0,26281.0,26289.0,26289.0,26289.0,26290.0,26292.0,26293.0,26295.0,26305.0,26306.0,26308.0,26310.0,26310.0,26312.0,26315.0,26318.0,26319.0,26321.0,26323.0,26326.0,26329.0,26332.0,26335.0,26336.0,26339.0,26340.0,26343
2Dyz40Wbfo8,11593.0,11596.0,11600.0,11601.0,11602.0,11608.0,11609.0,11612.0,11613.0,11615.0,11616.0,11619.0,11619.0,11622.0,11622.0,11623.0,11626.0,11627.0,11629.0,11629.0,11634.0,11635.0,11636.0,11637.0,11638.0,11638.0,11641.0,11642.0,11644.0,11647.0,11648.0,11649.0,11649.0,11651.0,11651.0,11653.0,11655.0,11657.0,11657.0,11660.0,11664.0,11666.0,11668.0,11669.0,11671.0,11674.0,11675.0,11676.0,11679.0,11680.0,11680.0,11680.0,11682.0,11682.0,11682.0,11682.0,11684.0,11685.0,11686.0,11686.0,11688.0,11690.0,11690.0,11691.0,11691.0,11694.0,11694.0,11694.0,11696.0,11697.0,11697.0,11697.0,11699.0,11700.0,11702.0,11703.0,11705.0,11707.0,11708.0,11710.0,11710.0,11710.0,11712.0,11712.0,11714.0,11715.0,11716.0,11716.0,11716.0,11717.0,11717.0,11718.0,11718.0,11719.0,11722.0,11722.0,11724.0,11726.0,11726.0,11726.0,11728.0,11728.0,11728.0,11728.0,11729.0,11729.0,11729.0,11729.0,11729.0,11731.0,11731.0,11733.0,11734.0,11734.0,11739.0,11742.0,11742.0,11742.0,11745.0,11745.0,11747.0,11747.0,11747.0,11748.0,11747.0,11748.0,11748.0,11748.0,11750.0,11753.0,11753.0,11756.0,11758.0,11759.0,,,,,,,,,11767.0,11769.0,11769.0,11769.0,11769.0,11770.0,11771.0,11771.0,11771.0,11773.0,11776.0,11776.0,11776.0,11777.0,11777.0,11777.0,11778.0,11780.0,11780.0,11781.0,11782.0,11784.0,11786.0,11786.0,11786.0,11787.0,11789.0,11793.0,11797.0,11802.0,11803.0,11803.0,11804.0,11804.0,11806.0,11806.0,11807.0,11809.0,11809.0,11810.0,11810.0,11809.0,11811.0,11812.0,11813.0,11814.0,11814.0,11815.0,11819.0,11820.0,11821.0,11822.0,11823.0,11823.0,11825.0,11827.0,11830.0,11831.0,11835.0,11835.0,11835.0,11837.0,11837.0,11839.0,11840.0,11842.0,11843.0,11848.0,11849.0,11851.0,11853.0,11853.0,11853.0,11853.0,11856.0,11858.0,11858.0,11858.0,11858.0,11858.0,11858.0,11860.0,11860.0,11861.0,11861.0,11862.0,11864.0,11864.0,11866.0,11868.0,11869.0,11871.0,11871.0,11871.0,11871.0,11871.0,11874.0,11875.0,11876.0,11876.0,11876.0,11878.0,11878.0,11880.0,11881.0,11881.0,11881.0,11884.0,11885.0,11886.0,11890.0,11893.0,11896.0,11897.0,11900.0,11901.0,11901.0,11902.0,11902.0,11902.0,11903.0,,11906.0,11907.0,11908.0,11909.0,11909.0,11910.0,11911.0,11911.0,11911.0,11911.0,11912.0,11913.0,11913.0,11914.0,11915.0,11915.0,11915.0,11917.0,11917.0,11917.0,11918.0,11921.0,11924.0,11925.0,11926.0,11930.0,11934.0,11935.0,11939.0,11939.0,11940.0,11941.0,11941.0,11942.0,11944.0,11945.0,11947.0,11948.0,11950.0,11951.0,11952.0,11954.0,11955.0,11955.0,11956.0,11956.0,11958.0,11959.0,11959.0,11959.0,11960.0,11961.0,11962.0,11964.0,11964.0,11965.0,11968.0,11968.0,11970.0,11972.0,11973.0,11976.0,11977.0,11979.0,11979.0,11981.0,11981.0,11983.0,11983.0,11983.0,11985.0,11986.0,11987.0,11988.0,11989.0,11992.0,11992.0,11992.0,11992.0,11992.0,11993.0,11997.0,11997.0,11998.0,12006.0,12010.0,12011.0,12012.0,12015.0,12017.0,12017.0,12018.0,12023.0,12023.0,12026.0,12027.0,12027.0,12027.0,12029.0,12030.0,12032.0,12033.0,12034.0,12034.0,12035.0,12036.0,12038.0,12039.0,12042.0,12042.0,12042.0,12042.0,12045.0,12047
PCqb3CtKV4U,168088.0,168128.0,168166.0,168217.0,168269.0,168314.0,168368.0,168403.0,168449.0,168494.0,168551.0,168610.0,168655.0,168702.0,168753.0,168808.0,168873.0,168911.0,168952.0,168977.0,169023.0,169060.0,169089.0,169121.0,169149.0,169187.0,169225.0,169253.0,169292.0,169336.0,169392.0,169437.0,169486.0,169521.0,169565.0,169614.0,169679.0,169725.0,169755.0,169804.0,169867.0,169922.0,169978.0,170053.0,170108.0,170158.0,170212.0,170262.0,170312.0,170357.0,170433.0,170496.0,170549.0,170616.0,170683.0,170752.0,170825.0,170882.0,170940.0,171022.0,171083.0,171131.0,171198.0,171265.0,171332.0,171417.0,171474.0,171549.0,171612.0,171701.0,171769.0,171861.0,171937.0,172033.0,172118.0,172205.0,172305.0,172394.0,172518.0,172624.0,172720.0,172825.0,172898.0,172981.0,173054.0,173137.0,173209.0,173291.0,173358.0,173445.0,173532.0,173624.0,173704.0,173806.0,173879.0,173998.0,174105.0,174223.0,174344.0,174454.0,174547.0,174656.0,174767.0,174859.0,174963.0,175073.0,175171.0,175262.0,175337.0,175432.0,175522.0,175597.0,175706.0,175794.0,175946.0,176102.0,176217.0,176350.0,176495.0,176635.0,176790.0,176907.0,177060.0,177177.0,177287.0,177415.0,177530.0,177673.0,177817.0,177925.0,178050.0,178170.0,178342.0,178478.0,,,,,,,,,179909.0,180046.0,180183.0,180305.0,180461.0,180629.0,180690.0,180800.0,180901.0,181009.0,181108.0,181213.0,181284.0,181375.0,181457.0,181523.0,181607.0,181682.0,181769.0,181863.0,181968.0,182052.0,182159.0,182231.0,182323.0,182403.0,182475.0,182575.0,182654.0,182736.0,182788.0,182856.0,182926.0,182977.0,183043.0,183112.0,183170.0,183231.0,183274.0,183319.0,183360.0,183416.0,183480.0,183527.0,183643.0,183709.0,183782.0,183826.0,183873.0,183933.0,184001.0,184061.0,184098.0,184149.0,184211.0,184277.0,184336.0,184396.0,184463.0,184543.0,184615.0,184674.0,184710.0,184746.0,184786.0,184816.0,184864.0,184910.0,184951.0,184990.0,185035.0,185085.0,185121.0,185165.0,185221.0,185277.0,185333.0,185385.0,185477.0,185545.0,185592.0,185651.0,185712.0,185777.0,185842.0,185899.0,185960.0,185997.0,186033.0,186073.0,186131.0,186174.0,186216.0,186266.0,186303.0,186332.0,186367.0,186397.0,186422.0,186457.0,186483.0,186520.0,186552.0,186585.0,186619.0,186661.0,186697.0,186723.0,186748.0,186778.0,186809.0,186843.0,186876.0,186917.0,186951.0,186970.0,187007.0,187038.0,187070.0,187091.0,187112.0,,187168.0,187193.0,187227.0,187258.0,187287.0,187315.0,187338.0,187370.0,187398.0,187424.0,187454.0,187483.0,187505.0,187526.0,187541.0,187571.0,187613.0,187636.0,187673.0,187716.0,187752.0,187789.0,187832.0,187854.0,187879.0,187903.0,187946.0,187979.0,188009.0,188038.0,188075.0,188105.0,188138.0,188164.0,188199.0,188223.0,188256.0,188284.0,188309.0,188337.0,188366.0,188404.0,188425.0,188442.0,188464.0,188484.0,188510.0,188534.0,188556.0,188582.0,188610.0,188647.0,188685.0,188721.0,188750.0,188781.0,188804.0,188828.0,188854.0,188885.0,188924.0,188937.0,188963.0,188993.0,189028.0,189064.0,189098.0,189124.0,189152.0,189174.0,189207.0,189234.0,189262.0,189284.0,189328.0,189353.0,189401.0,189485.0,189589.0,189703.0,189776.0,189872.0,189927.0,189969.0,190027.0,190106.0,190168.0,190227.0,190270.0,190320.0,190377.0,190431.0,190498.0,190570.0,190641.0,190706.0,190758.0,190802.0,190857.0,190897.0,190943.0,190971.0,191022.0,191058.0,191132.0,191172.0,191234.0,191279.0,191332.0,191396.0,191448.0,191491.0,191565.0,191624
ApZbDJrIJe4,4952879.0,4953021.0,4953172.0,4953324.0,4953524.0,4953721.0,4953906.0,4954070.0,4954224.0,4954484.0,4954689.0,4954892.0,4955075.0,4955249.0,4955452.0,4955618.0,4955784.0,4955963.0,4956114.0,4956297.0,4956435.0,4956588.0,4956753.0,4956886.0,4957000.0,4957175.0,4957314.0,4957452.0,4957590.0,4957724.0,4957878.0,4958064.0,4958226.0,4958367.0,4958537.0,4958720.0,4958975.0,4959224.0,4959427.0,4959616.0,4959816.0,4959980.0,4960200.0,4960447.0,4960728.0,4960939.0,4961167.0,4961353.0,4961546.0,4961733.0,4962018.0,4962253.0,4962438.0,4962606.0,4962787.0,4962971.0,4963172.0,4963318.0,4963522.0,4963694.0,4963852.0,4964013.0,4964198.0,4964357.0,4964570.0,4964779.0,4965040.0,4965302.0,4965550.0,4965902.0,4966205.0,4966532.0,4966905.0,4967320.0,4967738.0,4968152.0,4968566.0,4968936.0,4969313.0,4969734.0,4970224.0,4970612.0,4971052.0,4971405.0,4971778.0,4972100.0,4972480.0,4972789.0,4973195.0,4973584.0,4973928.0,4974267.0,4974774.0,4975402.0,4976096.0,4976695.0,4977247.0,4977743.0,4978296.0,4978750.0,4979261.0,4979784.0,4980226.0,4980638.0,4981110.0,4981581.0,4982017.0,4982410.0,4982910.0,4983375.0,4983858.0,4984367.0,4984777.0,4985218.0,4985701.0,4986198.0,4986698.0,4987261.0,4987744.0,4988240.0,4988716.0,4989200.0,4989593.0,4989969.0,4990432.0,4990822.0,4991166.0,4991599.0,4992099.0,4992504.0,4993004.0,4993394.0,4993883.0,4994362.0,,,,,,,,,4998315.0,4998730.0,4999167.0,4999646.0,5000077.0,5000539.0,5000901.0,5001202.0,5001604.0,5002019.0,5002428.0,5002822.0,5003164.0,5003496.0,5003865.0,5004154.0,5004530.0,5004881.0,5005244.0,5005630.0,5005966.0,5006299.0,5006627.0,5006970.0,5007292.0,5007615.0,5007965.0,5008328.0,5008614.0,5008951.0,5009302.0,5009658.0,5009957.0,5010299.0,5010587.0,5010819.0,5011104.0,5011360.0,5011650.0,5011955.0,5012233.0,5012491.0,5012774.0,5012991.0,5013191.0,5013428.0,5013643.0,5013891.0,5014108.0,5014307.0,5014544.0,5014760.0,5014943.0,5015169.0,5015390.0,5015640.0,5015829.0,5015997.0,5016211.0,5016458.0,5016651.0,5016818.0,5016975.0,5017124.0,5017300.0,5017469.0,5017652.0,5017835.0,5018009.0,5018170.0,5018371.0,5018564.0,5018754.0,5018955.0,5019141.0,5019350.0,5019550.0,5019827.0,5020079.0,5020301.0,5020569.0,5020736.0,5020975.0,5021132.0,5021356.0,5021551.0,5021704.0,5021859.0,5022014.0,5022194.0,5022374.0,5022562.0,5022740.0,5022911.0,5023083.0,5023260.0,5023451.0,5023595.0,5023782.0,5023958.0,5024139.0,5024309.0,5024486.0,5024678.0,5024860.0,5025054.0,5025199.0,5025382.0,5025547.0,5025695.0,5025865.0,5026039.0,5026186.0,5026360.0,5026519.0,5026642.0,5026801.0,5026954.0,5027080.0,5027279.0,5027421.0,,5027712.0,5027883.0,5028043.0,5028196.0,5028371.0,5028542.0,5028666.0,5028824.0,5028921.0,5029072.0,5029226.0,5029342.0,5029497.0,5029635.0,5029790.0,5030030.0,5030277.0,5030474.0,5030693.0,5030862.0,5031048.0,5031238.0,5031387.0,5031546.0,5031734.0,5031891.0,5032039.0,5032213.0,5032405.0,5032585.0,5032716.0,5032898.0,5033073.0,5033226.0,5033368.0,5033524.0,5033645.0,5033809.0,5033949.0,5034092.0,5034223.0,5034357.0,5034532.0,5034662.0,5034791.0,5034930.0,5035044.0,5035159.0,5035329.0,5035503.0,5035649.0,5035770.0,5035908.0,5036054.0,5036188.0,5036333.0,5036494.0,5036653.0,5036779.0,5036887.0,5037022.0,5037162.0,5037273.0,5037391.0,5037543.0,5037651.0,5037783.0,5037935.0,5038044.0,5038159.0,5038270.0,5038414.0,5038551.0,5038750.0,5038920.0,5039099.0,5039249.0,5039395.0,5039524.0,5039668.0,5039808.0,5039961.0,5040116.0,5040257.0,5040420.0,5040596.0,5040740.0,5040926.0,5041099.0,5041275.0,5041433.0,5041575.0,5041740.0,5041880.0,5042021.0,5042186.0,5042339.0,5042476.0,5042611.0,5042740.0,5042884.0,5043017.0,5043190.0,5043330.0,5043474.0,5043701.0,5043854.0,5043992.0,5044147.0,5044278.0,5044424.0,5044590.0,5044710.0,5044845
GXSqi3bIEOA,42916.0,42918.0,42921.0,42923.0,42925.0,42928.0,42930.0,42931.0,42935.0,42938.0,42938.0,42943.0,42949.0,42950.0,42953.0,42956.0,42959.0,42960.0,42961.0,42964.0,42966.0,42973.0,42973.0,42978.0,42981.0,42984.0,42987.0,42993.0,42996.0,43000.0,43004.0,43007.0,43009.0,43013.0,43020.0,43028.0,43031.0,43038.0,43041.0,43044.0,43046.0,43051.0,43055.0,43063.0,43070.0,43074.0,43077.0,43082.0,43082.0,43083.0,43084.0,43087.0,43092.0,43093.0,43096.0,43102.0,43111.0,43112.0,43112.0,43116.0,43120.0,43122.0,43127.0,43134.0,43134.0,43139.0,43142.0,43145.0,43149.0,43152.0,43153.0,43157.0,43157.0,43158.0,43160.0,43164.0,43166.0,43168.0,43170.0,43171.0,43179.0,43180.0,43186.0,43186.0,43189.0,43192.0,43198.0,43202.0,43207.0,43210.0,43214.0,43216.0,43217.0,43223.0,43228.0,43233.0,43239.0,43241.0,43244.0,43248.0,43252.0,43257.0,43260.0,43260.0,43273.0,43275.0,43281.0,43282.0,43287.0,43290.0,43293.0,43298.0,43301.0,43304.0,43305.0,43306.0,43308.0,43311.0,43313.0,43313.0,43316.0,43318.0,43321.0,43323.0,43329.0,43333.0,43335.0,43335.0,43337.0,43337.0,43339.0,43340.0,43340.0,43341.0,,,,,,,,,43354.0,43355.0,43356.0,43356.0,43359.0,43361.0,43362.0,43363.0,43365.0,43367.0,43368.0,43371.0,43372.0,43372.0,43372.0,43372.0,43372.0,43372.0,43374.0,43376.0,43378.0,43383.0,43385.0,43386.0,43386.0,43389.0,43390.0,43393.0,43397.0,43400.0,43401.0,43407.0,43408.0,43409.0,43415.0,43416.0,43417.0,43420.0,43421.0,43422.0,43423.0,43425.0,43426.0,43428.0,43434.0,43436.0,43440.0,43442.0,43446.0,43447.0,43447.0,43447.0,43447.0,43447.0,43454.0,43454.0,43454.0,43456.0,43456.0,43458.0,43460.0,43464.0,43465.0,43467.0,43467.0,43470.0,43471.0,43472.0,43473.0,43473.0,43477.0,43477.0,43483.0,43484.0,43486.0,43488.0,43491.0,43497.0,43504.0,43505.0,43506.0,43512.0,43516.0,43520.0,43522.0,43525.0,43529.0,43530.0,43531.0,43535.0,43536.0,43539.0,43542.0,43546.0,43550.0,43551.0,43554.0,43557.0,43560.0,43562.0,43564.0,43567.0,43571.0,43571.0,43574.0,43577.0,43577.0,43582.0,43584.0,43586.0,43590.0,43591.0,43594.0,43595.0,43597.0,43597.0,43599.0,43601.0,43604.0,43608.0,43611.0,,43615.0,43615.0,43620.0,43625.0,43626.0,43629.0,43630.0,43635.0,43638.0,43643.0,43646.0,43648.0,43649.0,43651.0,43654.0,43657.0,43657.0,43660.0,43663.0,43665.0,43666.0,43666.0,43669.0,43669.0,43670.0,43673.0,43674.0,43680.0,43684.0,43686.0,43686.0,43687.0,43690.0,43695.0,43695.0,43695.0,43696.0,43698.0,43701.0,43704.0,43709.0,43711.0,43711.0,43715.0,43717.0,43725.0,43727.0,43728.0,43729.0,43730.0,43732.0,43733.0,43736.0,43740.0,43741.0,43742.0,43743.0,43744.0,43745.0,43748.0,43750.0,43752.0,43754.0,43757.0,43759.0,43760.0,43760.0,43761.0,43761.0,43765.0,43765.0,43767.0,43769.0,43769.0,43773.0,43777.0,43779.0,43779.0,43780.0,43783.0,43783.0,43788.0,43790.0,43792.0,43793.0,43795.0,43800.0,43802.0,43803.0,43804.0,43805.0,43808.0,43811.0,43812.0,43812.0,43814.0,43814.0,43816.0,43820.0,43822.0,43828.0,43830.0,43833.0,43840.0,43842.0,43845.0,43850.0,43850.0,43854.0,43854.0,43854.0,43855.0,43857.0,43858
Zo8vPxn2x9I,2290105.0,2290177.0,2290262.0,2290363.0,2290448.0,2290537.0,2290620.0,2290703.0,2290774.0,2290881.0,2290964.0,2291060.0,2291120.0,2291190.0,2291263.0,2291341.0,2291417.0,2291498.0,2291571.0,2291634.0,2291728.0,2291811.0,2291916.0,2291973.0,2292056.0,2292146.0,2292223.0,2292294.0,2292376.0,2292467.0,2292559.0,2292648.0,2292729.0,2292822.0,2292916.0,2292998.0,2293060.0,2293141.0,2293241.0,2293331.0,2293414.0,2293513.0,2293603.0,2293681.0,2293758.0,2293853.0,2293961.0,2294041.0,2294143.0,2294233.0,2294322.0,2294422.0,2294522.0,2294614.0,2294693.0,2294796.0,2294878.0,2294966.0,2295052.0,2295130.0,2295228.0,2295312.0,2295424.0,2295516.0,2295631.0,2295724.0,2295821.0,2295931.0,2296050.0,2296161.0,2296288.0,2296455.0,2296585.0,2296718.0,2296880.0,2297003.0,2297141.0,2297283.0,2297428.0,2297626.0,2297804.0,2298021.0,2298207.0,2298387.0,2298544.0,2298681.0,2298804.0,2298965.0,2299156.0,2299331.0,2299456.0,2299608.0,2299858.0,2300159.0,2300494.0,2300793.0,2301043.0,2301317.0,2301559.0,2301816.0,2302057.0,2302306.0,2302510.0,2302719.0,2302926.0,2303155.0,2303385.0,2303585.0,2303795.0,2304021.0,2304285.0,2304547.0,2304783.0,2305001.0,2305202.0,2305416.0,2305677.0,2305920.0,2306159.0,2306393.0,2306607.0,2306830.0,2307013.0,2307232.0,2307486.0,2307710.0,2307903.0,2308106.0,2308378.0,2308572.0,2308793.0,2309020.0,2309287.0,2309490.0,,,,,,,,,2311897.0,2312138.0,2312383.0,2312670.0,2312962.0,2313249.0,2313456.0,2313655.0,2313910.0,2314177.0,2314381.0,2314621.0,2314828.0,2315043.0,2315265.0,2315417.0,2315603.0,2315807.0,2315970.0,2316184.0,2316415.0,2316574.0,2316756.0,2316969.0,2317169.0,2317339.0,2317495.0,2317704.0,2317856.0,2318040.0,2318199.0,2318409.0,2318560.0,2318735.0,2318907.0,2319042.0,2319186.0,2319304.0,2319430.0,2319547.0,2319672.0,2319821.0,2319949.0,2320061.0,2320186.0,2320299.0,2320419.0,2320550.0,2320685.0,2320793.0,2320897.0,2321014.0,2321138.0,2321238.0,2321358.0,2321446.0,2321539.0,2321635.0,2321725.0,2321844.0,2321963.0,2322053.0,2322163.0,2322257.0,2322354.0,2322477.0,2322574.0,2322663.0,2322746.0,2322838.0,2322929.0,2323035.0,2323125.0,2323221.0,2323314.0,2323417.0,2323524.0,2323653.0,2323782.0,2323915.0,2324031.0,2324138.0,2324253.0,2324364.0,2324477.0,2324578.0,2324685.0,2324796.0,2324922.0,2325025.0,2325116.0,2325208.0,2325338.0,2325423.0,2325512.0,2325611.0,2325695.0,2325792.0,2325888.0,2325974.0,2326056.0,2326144.0,2326236.0,2326317.0,2326401.0,2326487.0,2326610.0,2326718.0,2326805.0,2326911.0,2326996.0,2327090.0,2327166.0,2327251.0,2327340.0,2327431.0,2327527.0,2327648.0,2327753.0,2327849.0,2327934.0,,2328094.0,2328177.0,2328254.0,2328338.0,2328387.0,2328467.0,2328557.0,2328651.0,2328740.0,2328799.0,2328860.0,2328931.0,2329007.0,2329084.0,2329155.0,2329237.0,2329345.0,2329449.0,2329546.0,2329637.0,2329723.0,2329817.0,2329908.0,2330000.0,2330086.0,2330165.0,2330235.0,2330294.0,2330400.0,2330509.0,2330619.0,2330694.0,2330779.0,2330852.0,2330977.0,2331080.0,2331155.0,2331250.0,2331336.0,2331403.0,2331485.0,2331586.0,2331682.0,2331775.0,2331870.0,2331948.0,2332030.0,2332110.0,2332194.0,2332261.0,2332345.0,2332407.0,2332490.0,2332580.0,2332656.0,2332725.0,2332793.0,2332875.0,2332961.0,2333040.0,2333108.0,2333158.0,2333226.0,2333317.0,2333414.0,2333491.0,2333552.0,2333613.0,2333659.0,2333752.0,2333818.0,2333868.0,2333933.0,2334049.0,2334125.0,2334193.0,2334268.0,2334337.0,2334407.0,2334474.0,2334553.0,2334611.0,2334668.0,2334736.0,2334800.0,2334865.0,2334931.0,2335011.0,2335077.0,2335181.0,2335269.0,2335377.0,2335465.0,2335563.0,2335653.0,2335735.0,2335823.0,2335889.0,2335958.0,2336026.0,2336095.0,2336165.0,2336239.0,2336296.0,2336371.0,2336445.0,2336513.0,2336572.0,2336661.0,2336733.0,2336788.0,2336861.0,2336923.0,2336991
Z0k3EstNLKc,49721.0,49752.0,49815.0,49886.0,49955.0,50006.0,50053.0,50109.0,50163.0,50204.0,50255.0,50310.0,50363.0,50465.0,50624.0,50796.0,50943.0,51073.0,51250.0,51400.0,51534.0,51637.0,51731.0,51792.0,51837.0,51937.0,52041.0,52137.0,52246.0,52357.0,52451.0,52496.0,52568.0,52633.0,52712.0,52771.0,52817.0,52874.0,52921.0,52974.0,53038.0,53134.0,53213.0,53244.0,53293.0,53347.0,53397.0,53471.0,53541.0,53626.0,53677.0,53731.0,53773.0,53807.0,53878.0,53957.0,54038.0,54102.0,54149.0,54183.0,54241.0,54300.0,54380.0,54418.0,54460.0,54521.0,54562.0,54613.0,54648.0,54724.0,54811.0,54860.0,54937.0,54977.0,55032.0,55082.0,55149.0,55221.0,55278.0,55349.0,55407.0,55482.0,55550.0,55628.0,55717.0,55805.0,55860.0,55920.0,55990.0,56049.0,56111.0,56186.0,56272.0,56346.0,56401.0,56446.0,56507.0,56570.0,56652.0,56737.0,56800.0,56845.0,56930.0,56986.0,57060.0,57120.0,57183.0,57244.0,57298.0,57355.0,57418.0,57465.0,57522.0,57574.0,57616.0,57646.0,57669.0,57713.0,57741.0,57774.0,57806.0,57842.0,57878.0,57912.0,57946.0,57979.0,58007.0,58040.0,58077.0,58106.0,58149.0,58220.0,58274.0,58332.0,,,,,,,,,58743.0,58778.0,58815.0,58877.0,58934.0,58980.0,59022.0,59061.0,59101.0,59142.0,59200.0,59247.0,59306.0,59354.0,59396.0,59430.0,59470.0,59498.0,59535.0,59571.0,59593.0,59617.0,59637.0,59680.0,59711.0,59756.0,59790.0,59817.0,59847.0,59879.0,59908.0,59936.0,59984.0,60024.0,60054.0,60087.0,60115.0,60149.0,60182.0,60214.0,60241.0,60273.0,60301.0,60326.0,60360.0,60390.0,60422.0,60450.0,60477.0,60509.0,60528.0,60555.0,60579.0,60604.0,60632.0,60663.0,60690.0,60718.0,60748.0,60779.0,60807.0,60833.0,60869.0,60891.0,60919.0,60952.0,60977.0,61010.0,61035.0,61068.0,61092.0,61126.0,61154.0,61191.0,61223.0,61261.0,61286.0,61316.0,61341.0,61367.0,61403.0,61435.0,61474.0,61509.0,61540.0,61578.0,61605.0,61633.0,61665.0,61699.0,61744.0,61769.0,61784.0,61805.0,61829.0,61858.0,61878.0,61899.0,61917.0,61939.0,61953.0,61972.0,61993.0,62017.0,62037.0,62060.0,62068.0,62090.0,62108.0,62132.0,62153.0,62181.0,62199.0,62212.0,62226.0,62246.0,62252.0,62266.0,62283.0,62298.0,62305.0,,62345.0,62366.0,62382.0,62403.0,62422.0,62437.0,62454.0,62471.0,62489.0,62504.0,62521.0,62540.0,62556.0,62573.0,62599.0,62619.0,62634.0,62652.0,62668.0,62688.0,62708.0,62723.0,62742.0,62761.0,62786.0,62805.0,62821.0,62839.0,62856.0,62868.0,62891.0,62907.0,62924.0,62944.0,62964.0,62992.0,63028.0,63061.0,63089.0,63104.0,63125.0,63137.0,63161.0,63184.0,63223.0,63252.0,63282.0,63303.0,63337.0,63371.0,63396.0,63420.0,63446.0,63463.0,63474.0,63490.0,63513.0,63523.0,63542.0,63562.0,63585.0,63600.0,63626.0,63640.0,63660.0,63689.0,63714.0,63735.0,63742.0,63770.0,63800.0,63859.0,63889.0,63922.0,63939.0,63953.0,63978.0,64002.0,64042.0,64061.0,64085.0,64102.0,64117.0,64133.0,64152.0,64173.0,64183.0,64208.0,64225.0,64233.0,64248.0,64263.0,64281.0,64300.0,64309.0,64325.0,64343.0,64360.0,64386.0,64403.0,64421.0,64442.0,64452.0,64461.0,64477.0,64499.0,64526.0,64544.0,64560.0,64568.0,64585.0,64603.0,64621.0,64634
8myIf9_U5cM,15981.0,15983.0,15992.0,15992.0,15996.0,16003.0,16006.0,16009.0,16012.0,16015.0,16017.0,16017.0,16019.0,16023.0,16026.0,16028.0,16034.0,16038.0,16043.0,16055.0,16061.0,16063.0,16071.0,16078.0,16081.0,16082.0,16090.0,16093.0,16097.0,16099.0,16104.0,16106.0,16113.0,16114.0,16119.0,16122.0,16124.0,16125.0,16129.0,16129.0,16130.0,16132.0,16134.0,16137.0,16140.0,16141.0,16143.0,16144.0,16146.0,16150.0,16155.0,16158.0,16158.0,16158.0,16159.0,16161.0,16163.0,16167.0,16173.0,16178.0,16181.0,16186.0,16188.0,16191.0,16196.0,16200.0,16205.0,16211.0,16218.0,16221.0,16225.0,16229.0,16231.0,16234.0,16235.0,16238.0,16240.0,16242.0,16242.0,16243.0,16245.0,16245.0,16248.0,16256.0,16256.0,16258.0,16259.0,16261.0,16271.0,16277.0,16284.0,16287.0,16294.0,16296.0,16297.0,16297.0,16300.0,16303.0,16304.0,16318.0,16319.0,16323.0,16327.0,16331.0,16333.0,16336.0,16337.0,16340.0,16344.0,16345.0,16348.0,16351.0,16354.0,16364.0,16364.0,16365.0,16368.0,16374.0,16376.0,16379.0,16382.0,16383.0,16389.0,16391.0,16392.0,16393.0,16395.0,16399.0,16403.0,16410.0,16416.0,16424.0,16428.0,16435.0,,,,,,,,,16469.0,16470.0,16472.0,16472.0,16475.0,16478.0,16483.0,16488.0,16495.0,16497.0,16507.0,16513.0,16519.0,16525.0,16530.0,16532.0,16536.0,16539.0,16543.0,16547.0,16550.0,16554.0,16557.0,16567.0,16578.0,16588.0,16597.0,16604.0,16607.0,16611.0,16615.0,16620.0,16628.0,16634.0,16637.0,16638.0,16641.0,16645.0,16647.0,16647.0,16657.0,16660.0,16662.0,16665.0,16667.0,16670.0,16670.0,16672.0,16676.0,16677.0,16679.0,16681.0,16686.0,16688.0,16692.0,16696.0,16700.0,16702.0,16705.0,16709.0,16711.0,16711.0,16712.0,16714.0,16720.0,16726.0,16728.0,16730.0,16730.0,16730.0,16731.0,16733.0,16733.0,16739.0,16746.0,16749.0,16753.0,16754.0,16754.0,16755.0,16756.0,16762.0,16769.0,16772.0,16772.0,16775.0,16776.0,16776.0,16778.0,16781.0,16785.0,16792.0,16793.0,16794.0,16794.0,16795.0,16795.0,16796.0,16799.0,16800.0,16802.0,16802.0,16804.0,16807.0,16809.0,16811.0,16811.0,16813.0,16813.0,16815.0,16817.0,16818.0,16823.0,16828.0,16830.0,16831.0,16833.0,16839.0,16839.0,16840.0,16841.0,,16848.0,16850.0,16853.0,16856.0,16858.0,16860.0,16863.0,16868.0,16872.0,16874.0,16878.0,16878.0,16878.0,16880.0,16881.0,16882.0,16885.0,16888.0,16890.0,16890.0,16893.0,16895.0,16895.0,16895.0,16902.0,16903.0,16904.0,16907.0,16910.0,16910.0,16911.0,16916.0,16918.0,16919.0,16921.0,16924.0,16929.0,16933.0,16934.0,16934.0,16934.0,16937.0,16939.0,16941.0,16942.0,16944.0,16952.0,16958.0,16959.0,16965.0,16969.0,16977.0,16985.0,16986.0,16992.0,16994.0,16996.0,17001.0,17005.0,17009.0,17011.0,17013.0,17017.0,17021.0,17026.0,17030.0,17031.0,17035.0,17037.0,17038.0,17040.0,17044.0,17046.0,17052.0,17054.0,17058.0,17064.0,17067.0,17068.0,17071.0,17076.0,17078.0,17080.0,17083.0,17083.0,17086.0,17087.0,17089.0,17093.0,17094.0,17095.0,17098.0,17102.0,17104.0,17105.0,17109.0,17114.0,17118.0,17119.0,17123.0,17123.0,17124.0,17126.0,17128.0,17130.0,17131.0,17134.0,17137.0,17138.0,17139.0,17143.0,17145.0,17146.0,17149
jjO9GdtKKjE,35104.0,35109.0,35114.0,35126.0,35135.0,35143.0,35150.0,35157.0,35162.0,35169.0,35177.0,35190.0,35196.0,35208.0,35213.0,35222.0,35230.0,35235.0,35253.0,35268.0,35278.0,35285.0,35296.0,35304.0,35306.0,35309.0,35313.0,35319.0,35325.0,35335.0,35338.0,35341.0,35348.0,35353.0,35364.0,35372.0,35385.0,35391.0,35393.0,35398.0,35403.0,35411.0,35415.0,35421.0,35427.0,35436.0,35441.0,35452.0,35461.0,35467.0,35475.0,35480.0,35485.0,35500.0,35502.0,35503.0,35516.0,35524.0,35531.0,35538.0,35542.0,35549.0,35550.0,35553.0,35554.0,35557.0,35564.0,35571.0,35577.0,35583.0,35589.0,35595.0,35603.0,35610.0,35617.0,35626.0,35633.0,35641.0,35650.0,35653.0,35658.0,35662.0,35671.0,35676.0,35684.0,35690.0,35697.0,35703.0,35707.0,35711.0,35714.0,35716.0,35719.0,35722.0,35723.0,35729.0,35730.0,35732.0,35740.0,35747.0,35749.0,35752.0,35760.0,35766.0,35774.0,35780.0,35787.0,35792.0,35795.0,35797.0,35799.0,35803.0,35808.0,35813.0,35817.0,35819.0,35823.0,35827.0,35835.0,35835.0,35842.0,35847.0,35852.0,35861.0,35863.0,35870.0,35878.0,35886.0,35892.0,35904.0,35913.0,35917.0,35923.0,35928.0,,,,,,,,,35976.0,35981.0,35983.0,35990.0,35997.0,35998.0,36005.0,36020.0,36028.0,36041.0,36048.0,36059.0,36070.0,36078.0,36090.0,36096.0,36103.0,36109.0,36113.0,36119.0,36126.0,36134.0,36137.0,36142.0,36144.0,36145.0,36149.0,36153.0,36158.0,36164.0,36169.0,36174.0,36177.0,36183.0,36192.0,36196.0,36198.0,36206.0,36210.0,36214.0,36216.0,36224.0,36229.0,36231.0,36234.0,36237.0,36244.0,36251.0,36258.0,36260.0,36264.0,36272.0,36277.0,36283.0,36286.0,36295.0,36299.0,36301.0,36313.0,36316.0,36323.0,36324.0,36329.0,36334.0,36342.0,36343.0,36346.0,36350.0,36354.0,36360.0,36361.0,36364.0,36369.0,36371.0,36376.0,36382.0,36390.0,36400.0,36404.0,36408.0,36412.0,36415.0,36420.0,36427.0,36427.0,36430.0,36435.0,36437.0,36441.0,36442.0,36445.0,36448.0,36450.0,36456.0,36459.0,36464.0,36472.0,36474.0,36477.0,36478.0,36484.0,36491.0,36504.0,36507.0,36514.0,36517.0,36524.0,36528.0,36530.0,36533.0,36536.0,36543.0,36547.0,36556.0,36565.0,36569.0,36575.0,36584.0,36592.0,36601.0,36609.0,,36617.0,36625.0,36630.0,36634.0,36640.0,36642.0,36644.0,36650.0,36656.0,36658.0,36666.0,36674.0,36678.0,36682.0,36687.0,36690.0,36694.0,36699.0,36703.0,36708.0,36711.0,36718.0,36720.0,36725.0,36734.0,36739.0,36744.0,36744.0,36747.0,36753.0,36756.0,36765.0,36772.0,36775.0,36780.0,36782.0,36786.0,36790.0,36797.0,36801.0,36803.0,36806.0,36810.0,36819.0,36826.0,36829.0,36839.0,36841.0,36845.0,36851.0,36861.0,36866.0,36874.0,36877.0,36883.0,36888.0,36895.0,36902.0,36902.0,36904.0,36907.0,36910.0,36914.0,36919.0,36922.0,36932.0,36934.0,36936.0,36943.0,36950.0,36955.0,36967.0,36971.0,36977.0,36981.0,36989.0,36996.0,37001.0,37009.0,37014.0,37018.0,37022.0,37026.0,37031.0,37035.0,37036.0,37039.0,37041.0,37042.0,37044.0,37050.0,37053.0,37054.0,37061.0,37066.0,37067.0,37072.0,37075.0,37079.0,37081.0,37085.0,37091.0,37093.0,37096.0,37098.0,37103.0,37108.0,37112.0,37115.0,37120.0,37129.0,37133.0,37138.0,37143
G3fUZUh1LBs,32115165.0,32115688.0,32116218.0,32116738.0,32117276.0,32117817.0,32118391.0,32118976.0,32119533.0,32120069.0,32120708.0,32121291.0,32121845.0,32122430.0,32123040.0,32123604.0,32124148.0,32124684.0,32125289.0,32125802.0,32126394.0,32126914.0,32127481.0,32128041.0,32128527.0,32129093.0,32129741.0,32130318.0,32130866.0,32131419.0,32132007.0,32132593.0,32133149.0,32133699.0,32134239.0,32134811.0,32135433.0,32136021.0,32136595.0,32137183.0,32137828.0,32138376.0,32138988.0,32139596.0,32140149.0,32140742.0,32141272.0,32141734.0,32142306.0,32142903.0,32143480.0,32144063.0,32144575.0,32145021.0,32145511.0,32145939.0,32146430.0,32146969.0,32147523.0,32148064.0,32148615.0,32149207.0,32149780.0,32150287.0,32150787.0,32151340.0,32151791.0,32152418.0,32152972.0,32153637.0,32154243.0,32154747.0,32155287.0,32155799.0,32156301.0,32156803.0,32157327.0,32157802.0,32158384.0,32158948.0,32159471.0,32160027.0,32160600.0,32161107.0,32161517.0,32162045.0,32162466.0,32163010.0,32163460.0,32163844.0,32164537.0,32164957.0,32165416.0,32166083.0,32166599.0,32167253.0,32167840.0,32168466.0,32169016.0,32169650.0,32170245.0,32170785.0,32171363.0,32171939.0,32172457.0,32173031.0,32173569.0,32174095.0,32174691.0,32175327.0,32175841.0,32176521.0,32177131.0,32177774.0,32178329.0,32178874.0,32179432.0,32180015.0,32180656.0,32181184.0,32181709.0,32182328.0,32182835.0,32183366.0,32183822.0,32184369.0,32184927.0,32185460.0,32185963.0,32186455.0,32186973.0,32187457.0,32187960.0,32188394.0,,,,,,,,,32193210.0,32193736.0,32194337.0,32194837.0,32195450.0,32195994.0,32196471.0,32197041.0,32197526.0,32198042.0,32198607.0,32199176.0,32199745.0,32200266.0,32200898.0,32201542.0,32202205.0,32202835.0,32203428.0,32203960.0,32204462.0,32204979.0,32205446.0,32206080.0,32206611.0,32207217.0,32207788.0,32208333.0,32208922.0,32209573.0,32210160.0,32210721.0,32211262.0,32211852.0,32212431.0,32212999.0,32213589.0,32214131.0,32214674.0,32215235.0,32215771.0,32216308.0,32216816.0,32217324.0,32217761.0,32218304.0,32218893.0,32219387.0,32219920.0,32220370.0,32220837.0,32221235.0,32221749.0,32222231.0,32222670.0,32223161.0,32223564.0,32224043.0,32224467.0,32224978.0,32225495.0,32225937.0,32226397.0,32226841.0,32227301.0,32227728.0,32228216.0,32228693.0,32229162.0,32229657.0,32230157.0,32230688.0,32231138.0,32231661.0,32232172.0,32232657.0,32233137.0,32233678.0,32234144.0,32234677.0,32235357.0,32235982.0,32236565.0,32237079.0,32237580.0,32238126.0,32238577.0,32239020.0,32239444.0,32239920.0,32240372.0,32240911.0,32241427.0,32241939.0,32242501.0,32243060.0,32243575.0,32244140.0,32244658.0,32245147.0,32245686.0,32246291.0,32246893.0,32247527.0,32248150.0,32248778.0,32249301.0,32249793.0,32250305.0,32250799.0,32251231.0,32251740.0,32252165.0,32252609.0,32253096.0,32253601.0,32254039.0,32254543.0,32255070.0,32255571.0,32256011.0,,32257057.0,32257601.0,32258158.0,32258638.0,32259268.0,32259770.0,32260325.0,32260973.0,32261514.0,32262113.0,32262598.0,32263249.0,32263863.0,32264399.0,32264968.0,32265540.0,32266035.0,32266566.0,32267146.0,32267670.0,32268221.0,32268830.0,32269417.0,32269957.0,32270472.0,32271004.0,32271570.0,32272066.0,32272646.0,32273149.0,32273649.0,32274234.0,32274839.0,32275401.0,32275919.0,32276450.0,32277026.0,32277745.0,32278267.0,32278822.0,32279362.0,32279966.0,32280503.0,32280957.0,32281610.0,32282223.0,32282791.0,32283404.0,32283950.0,32284489.0,32285067.0,32285589.0,32286222.0,32286779.0,32287296.0,32287903.0,32288493.0,32289039.0,32289626.0,32290257.0,32290841.0,32291440.0,32291975.0,32292552.0,32293168.0,32293720.0,32294247.0,32294855.0,32295343.0,32295930.0,32296572.0,32297151.0,32297730.0,32298368.0,32298936.0,32299630.0,32300266.0,32300922.0,32301534.0,32302143.0,32302740.0,32303299.0,32303867.0,32304469.0,32304905.0,32305484.0,32305943.0,32306531.0,32307143.0,32307708.0,32308265.0,32308851.0,32309378.0,32309897.0,32310327.0,32310942.0,32311438.0,32311969.0,32312506.0,32313121.0,32313690.0,32314311.0,32314838.0,32315423.0,32315858.0,32316441.0,32316935.0,32317334.0,32317764.0,32318244.0,32318689.0,32319116.0,32319547.0,32320030
jDNGxy93cI8,229258.0,229341.0,229420.0,229478.0,229547.0,229654.0,229732.0,229818.0,229897.0,229987.0,230064.0,230147.0,230222.0,230300.0,230369.0,230438.0,230481.0,230543.0,230631.0,230683.0,230725.0,230788.0,230861.0,230983.0,231000.0,231076.0,231139.0,231265.0,231259.0,231297.0,231355.0,231424.0,231469.0,231531.0,231591.0,231638.0,231712.0,231746.0,231805.0,231856.0,231925.0,231975.0,232054.0,232109.0,232171.0,232236.0,232307.0,232358.0,232443.0,232500.0,232573.0,232639.0,232691.0,232754.0,232817.0,232874.0,232930.0,232983.0,233039.0,233095.0,233156.0,233234.0,233310.0,233377.0,233440.0,233498.0,233566.0,233633.0,233689.0,233778.0,233840.0,233911.0,233984.0,234028.0,234085.0,234148.0,234209.0,234273.0,234341.0,234382.0,234453.0,234515.0,234575.0,234632.0,234703.0,234772.0,234828.0,234894.0,234944.0,234993.0,235050.0,235105.0,235170.0,235226.0,235292.0,235335.0,235383.0,235428.0,235481.0,235545.0,235591.0,235663.0,235719.0,235780.0,235835.0,235913.0,235976.0,236033.0,236094.0,236154.0,236224.0,236293.0,236357.0,236418.0,236467.0,236533.0,236581.0,236645.0,236697.0,236787.0,236858.0,236926.0,236976.0,237017.0,237067.0,237132.0,237187.0,237253.0,237317.0,237364.0,237426.0,237500.0,237582.0,237620.0,,,,,,,,,238142.0,238190.0,238239.0,238290.0,238330.0,238376.0,238445.0,238500.0,238554.0,238615.0,238678.0,238735.0,238785.0,238856.0,238906.0,238965.0,239018.0,239076.0,239137.0,239203.0,239265.0,239313.0,239367.0,239402.0,239459.0,239503.0,239558.0,239623.0,239658.0,239714.0,239778.0,239860.0,239924.0,239959.0,240013.0,240062.0,240115.0,240166.0,240235.0,240271.0,240323.0,240421.0,240466.0,240516.0,240563.0,240609.0,240662.0,240725.0,240782.0,240834.0,240895.0,240958.0,241004.0,241080.0,241141.0,241209.0,241273.0,241329.0,241395.0,241438.0,241495.0,241551.0,241605.0,241649.0,241696.0,241742.0,241820.0,241897.0,241963.0,242030.0,242088.0,242137.0,242205.0,242261.0,242318.0,242386.0,242438.0,242495.0,242561.0,242626.0,242691.0,242754.0,242802.0,242866.0,242897.0,242952.0,242991.0,243052.0,243098.0,243154.0,243206.0,243262.0,243303.0,243362.0,243464.0,243519.0,243569.0,243627.0,243674.0,243718.0,243759.0,243794.0,243835.0,243892.0,243948.0,244010.0,244041.0,244082.0,244145.0,244203.0,244251.0,244319.0,244389.0,244451.0,244501.0,244545.0,244609.0,244660.0,244710.0,244752.0,244807.0,,244937.0,245005.0,245061.0,245124.0,245185.0,245245.0,245293.0,245340.0,245391.0,245456.0,245509.0,245561.0,245613.0,245667.0,245750.0,245821.0,245898.0,245985.0,246052.0,246145.0,246217.0,246298.0,246394.0,246473.0,246555.0,246615.0,246682.0,246741.0,246834.0,246920.0,246988.0,247077.0,247146.0,247205.0,247252.0,247336.0,247409.0,247477.0,247551.0,247607.0,247694.0,247765.0,247842.0,247939.0,248055.0,248153.0,248218.0,248290.0,248359.0,248438.0,248516.0,248601.0,248676.0,248781.0,248870.0,248975.0,249076.0,249172.0,249286.0,249416.0,249522.0,249647.0,249752.0,249887.0,250053.0,250192.0,250281.0,250379.0,250471.0,250584.0,250682.0,250806.0,250920.0,251026.0,251157.0,251268.0,251414.0,251554.0,251692.0,251833.0,251977.0,252098.0,252205.0,252274.0,252370.0,252444.0,252514.0,252604.0,252675.0,252760.0,252860.0,252965.0,253045.0,253132.0,253224.0,253311.0,253394.0,253404.0,253405.0,253405.0,253405.0,253407.0,253407.0,253407.0,253407.0,253407.0,253407.0,253407.0,253407.0,253407.0,253407.0,253407.0,253407.0,253407
TMfM9mp7A6g,328674.0,328772.0,328854.0,328944.0,329059.0,329137.0,329237.0,329334.0,329420.0,329510.0,329585.0,329651.0,329704.0,329784.0,329872.0,329953.0,330022.0,330112.0,330184.0,330248.0,330329.0,330404.0,330484.0,330544.0,330642.0,330701.0,330778.0,330847.0,330918.0,330996.0,331063.0,331120.0,331205.0,331269.0,331325.0,331408.0,331496.0,331571.0,331649.0,331711.0,331782.0,331861.0,331927.0,331989.0,332080.0,332169.0,332245.0,332331.0,332411.0,332470.0,332537.0,332583.0,332631.0,332693.0,332765.0,332834.0,332924.0,333005.0,333081.0,333161.0,333231.0,333303.0,333375.0,333445.0,333514.0,333561.0,333614.0,333680.0,333744.0,333807.0,333869.0,333932.0,333987.0,334048.0,334113.0,334172.0,334248.0,334319.0,334391.0,334464.0,334538.0,334614.0,334678.0,334741.0,334805.0,334885.0,334954.0,335024.0,335073.0,335123.0,335199.0,335257.0,335327.0,335402.0,335473.0,335538.0,335601.0,335673.0,335750.0,335814.0,335865.0,335943.0,335989.0,336058.0,336112.0,336205.0,336269.0,336341.0,336394.0,336453.0,336517.0,336588.0,336662.0,336738.0,336833.0,336897.0,336961.0,337029.0,337092.0,337143.0,337232.0,337298.0,337366.0,337442.0,337514.0,337606.0,337672.0,337752.0,337807.0,337869.0,337937.0,338001.0,338063.0,338113.0,,,,,,,,,338785.0,338856.0,338917.0,338982.0,339054.0,339127.0,339218.0,339313.0,339384.0,339426.0,339516.0,339574.0,339643.0,339712.0,339779.0,339850.0,339903.0,339965.0,340022.0,340089.0,340151.0,340226.0,340333.0,340407.0,340467.0,340541.0,340602.0,340676.0,340724.0,340798.0,340865.0,340935.0,341004.0,341064.0,341141.0,341216.0,341271.0,341313.0,341383.0,341436.0,341529.0,341591.0,341709.0,341808.0,341898.0,341989.0,342066.0,342140.0,342216.0,342280.0,342342.0,342393.0,342472.0,342538.0,342603.0,342670.0,342748.0,342810.0,342875.0,342941.0,343003.0,343062.0,343130.0,343187.0,343255.0,343331.0,343401.0,343467.0,343518.0,343599.0,343661.0,343729.0,343780.0,343851.0,343913.0,343979.0,344058.0,344103.0,344150.0,344226.0,344284.0,344354.0,344431.0,344513.0,344572.0,344652.0,344719.0,344791.0,344837.0,344880.0,344936.0,344994.0,345060.0,345140.0,345203.0,345260.0,345332.0,345389.0,345450.0,345511.0,345575.0,345642.0,345698.0,345750.0,345823.0,345893.0,345959.0,346036.0,346094.0,346152.0,346208.0,346253.0,346310.0,346355.0,346405.0,346457.0,346524.0,346605.0,346672.0,346740.0,346807.0,,346947.0,347013.0,347077.0,347152.0,347225.0,347284.0,347347.0,347405.0,347467.0,347532.0,347594.0,347657.0,347739.0,347796.0,347873.0,347920.0,347976.0,348036.0,348117.0,348182.0,348254.0,348341.0,348433.0,348498.0,348560.0,348632.0,348696.0,348775.0,348851.0,348905.0,348985.0,349065.0,349112.0,349181.0,349231.0,349327.0,349398.0,349481.0,349547.0,349616.0,349665.0,349745.0,349795.0,349868.0,349948.0,350034.0,350103.0,350173.0,350232.0,350323.0,350389.0,350464.0,350534.0,350593.0,350638.0,350708.0,350767.0,350846.0,350920.0,350977.0,351048.0,351096.0,351168.0,351228.0,351307.0,351434.0,351519.0,351573.0,351644.0,351709.0,351780.0,351841.0,351930.0,352004.0,352077.0,352181.0,352263.0,352322.0,352392.0,352471.0,352547.0,352613.0,352672.0,352714.0,352761.0,352831.0,352891.0,352971.0,353041.0,353107.0,353189.0,353295.0,353373.0,353460.0,353555.0,353618.0,353684.0,353748.0,353819.0,353884.0,353934.0,353982.0,354043.0,354092.0,354136.0,354195.0,354247.0,354291.0,354343.0,354395.0,354458.0,354517.0,354578.0,354636
CWGCwKCP_0k,172986.0,173051.0,173122.0,173197.0,173265.0,173331.0,173425.0,173499.0,173600.0,173669.0,173727.0,173806.0,173864.0,173942.0,173988.0,174023.0,174072.0,174127.0,174186.0,174255.0,174300.0,174356.0,174433.0,174492.0,174549.0,174599.0,174655.0,174718.0,174768.0,174826.0,174876.0,174925.0,174964.0,175028.0,175089.0,175147.0,175190.0,175244.0,175306.0,175370.0,175440.0,175507.0,175570.0,175629.0,175685.0,175753.0,175799.0,175845.0,175914.0,175966.0,176029.0,176082.0,176144.0,176187.0,176241.0,176317.0,176388.0,176435.0,176494.0,176547.0,176588.0,176661.0,176727.0,176790.0,176853.0,176929.0,176992.0,177055.0,177116.0,177195.0,177249.0,177314.0,177374.0,177426.0,177502.0,177563.0,177644.0,177705.0,177769.0,177839.0,177898.0,177967.0,178041.0,178119.0,178194.0,178273.0,178348.0,178423.0,178480.0,178552.0,178620.0,178677.0,178748.0,178822.0,178876.0,178932.0,178982.0,179026.0,179086.0,179138.0,179199.0,179252.0,179307.0,179363.0,179437.0,179492.0,179565.0,179621.0,179681.0,179741.0,179826.0,179892.0,179968.0,180025.0,180081.0,180122.0,180185.0,180255.0,180304.0,180360.0,180419.0,180488.0,180539.0,180595.0,180648.0,180707.0,180768.0,180827.0,180890.0,180953.0,181014.0,181084.0,181147.0,181219.0,,,,,,,,,181862.0,181935.0,181977.0,182028.0,182081.0,182124.0,182174.0,182229.0,182296.0,182359.0,182409.0,182458.0,182494.0,182544.0,182600.0,182655.0,182690.0,182761.0,182808.0,182865.0,182905.0,182961.0,183006.0,183069.0,183109.0,183153.0,183210.0,183267.0,183324.0,183375.0,183434.0,183530.0,183590.0,183640.0,183690.0,183748.0,183802.0,183850.0,183900.0,183934.0,183985.0,184037.0,184088.0,184143.0,184183.0,184241.0,184288.0,184341.0,184380.0,184427.0,184487.0,184527.0,184579.0,184640.0,184697.0,184748.0,184793.0,184857.0,184910.0,184957.0,185013.0,185060.0,185121.0,185161.0,185214.0,185269.0,185333.0,185403.0,185450.0,185504.0,185547.0,185602.0,185650.0,185702.0,185757.0,185807.0,185861.0,185916.0,185967.0,186035.0,186100.0,186160.0,186214.0,186261.0,186308.0,186362.0,186419.0,186482.0,186539.0,186598.0,186651.0,186716.0,186754.0,186816.0,186885.0,186925.0,186986.0,187037.0,187076.0,187115.0,187150.0,187200.0,187246.0,187290.0,187367.0,187418.0,187453.0,187497.0,187570.0,187625.0,187690.0,187758.0,187809.0,187873.0,187930.0,187979.0,188040.0,188090.0,188143.0,188182.0,188237.0,,188369.0,188438.0,188513.0,188569.0,188641.0,188708.0,188768.0,188833.0,188910.0,188966.0,189037.0,189107.0,189171.0,189231.0,189304.0,189378.0,189451.0,189527.0,189594.0,189654.0,189706.0,189770.0,189849.0,189905.0,189973.0,190028.0,190082.0,190128.0,190207.0,190256.0,190328.0,190370.0,190429.0,190470.0,190518.0,190579.0,190636.0,190709.0,190753.0,190815.0,190875.0,190922.0,190995.0,191058.0,191138.0,191199.0,191262.0,191333.0,191412.0,191481.0,191551.0,191628.0,191698.0,191775.0,191845.0,191936.0,192018.0,192072.0,192163.0,192260.0,192342.0,192437.0,192524.0,192611.0,192752.0,192844.0,192925.0,192992.0,193059.0,193122.0,193188.0,193271.0,193353.0,193428.0,193509.0,193586.0,193660.0,193766.0,193874.0,193968.0,194063.0,194170.0,194259.0,194318.0,194425.0,194505.0,194566.0,194645.0,194706.0,194765.0,194816.0,194880.0,194951.0,195009.0,195081.0,195139.0,195197.0,195205.0,195205.0,195205.0,195205.0,195205.0,195206.0,195206.0,195206.0,195206.0,195206.0,195206.0,195206.0,195206.0,195206.0,195206.0,195206.0,195206
vO4zTlDBSCY,723118.0,723161.0,723196.0,723240.0,723273.0,723303.0,723342.0,723404.0,723443.0,723500.0,723547.0,723602.0,723653.0,723686.0,723729.0,723789.0,723837.0,723877.0,723914.0,723956.0,723992.0,724048.0,724081.0,724125.0,724175.0,724205.0,724264.0,724291.0,724343.0,724389.0,724417.0,724441.0,724472.0,724516.0,724549.0,724592.0,724638.0,724675.0,724705.0,724743.0,724775.0,724820.0,724857.0,724894.0,724935.0,724981.0,725013.0,725047.0,725105.0,725155.0,725183.0,725219.0,725253.0,725291.0,725340.0,725381.0,725413.0,725461.0,725501.0,725544.0,725585.0,725646.0,725691.0,725733.0,725788.0,725839.0,725877.0,725939.0,725962.0,726007.0,726045.0,726089.0,726135.0,726164.0,726209.0,726238.0,726275.0,726305.0,726343.0,726380.0,726411.0,726444.0,726465.0,726495.0,726534.0,726579.0,726631.0,726672.0,726713.0,726745.0,726777.0,726805.0,726864.0,726901.0,726939.0,726972.0,727005.0,727055.0,727096.0,727124.0,727159.0,727197.0,727241.0,727279.0,727307.0,727340.0,727377.0,727411.0,727452.0,727490.0,727525.0,727557.0,727589.0,727618.0,727648.0,727683.0,727718.0,727757.0,727794.0,727835.0,727868.0,727904.0,727948.0,727983.0,728023.0,728061.0,728112.0,728155.0,728190.0,728230.0,728262.0,728297.0,728327.0,728366.0,,,,,,,,,728844.0,728941.0,729004.0,729062.0,729096.0,729151.0,729208.0,729274.0,729314.0,729350.0,729394.0,729436.0,729482.0,729515.0,729566.0,729609.0,729668.0,729712.0,729750.0,729795.0,729832.0,729867.0,729895.0,729935.0,729970.0,729998.0,730034.0,730073.0,730102.0,730122.0,730165.0,730208.0,730238.0,730273.0,730298.0,730337.0,730365.0,730411.0,730436.0,730466.0,730500.0,730524.0,730553.0,730585.0,730613.0,730653.0,730683.0,730729.0,730755.0,730785.0,730811.0,730850.0,730881.0,730925.0,730984.0,731025.0,731070.0,731113.0,731149.0,731193.0,731234.0,731273.0,731291.0,731344.0,731385.0,731435.0,731469.0,731515.0,731548.0,731575.0,731614.0,731645.0,731683.0,731703.0,731740.0,731780.0,731809.0,731836.0,731870.0,731905.0,731928.0,731966.0,731995.0,732033.0,732069.0,732102.0,732136.0,732177.0,732199.0,732241.0,732268.0,732315.0,732355.0,732384.0,732411.0,732455.0,732496.0,732526.0,732571.0,732607.0,732651.0,732681.0,732712.0,732753.0,732781.0,732809.0,732843.0,732875.0,732906.0,732932.0,732962.0,732992.0,733032.0,733070.0,733099.0,733129.0,733158.0,733196.0,733233.0,733252.0,733290.0,,733332.0,733370.0,733395.0,733421.0,733444.0,733475.0,733493.0,733520.0,733539.0,733553.0,733569.0,733599.0,733624.0,733656.0,733683.0,733708.0,733747.0,733777.0,733803.0,733845.0,733871.0,733900.0,733923.0,733952.0,733971.0,733998.0,734022.0,734043.0,734068.0,734098.0,734125.0,734157.0,734176.0,734210.0,734225.0,734257.0,734282.0,734312.0,734337.0,734369.0,734389.0,734419.0,734458.0,734478.0,734512.0,734528.0,734552.0,734589.0,734618.0,734650.0,734680.0,734712.0,734738.0,734760.0,734790.0,734815.0,734843.0,734870.0,734897.0,734936.0,734976.0,735000.0,735032.0,735053.0,735083.0,735114.0,735154.0,735195.0,735234.0,735262.0,735296.0,735320.0,735355.0,735393.0,735431.0,735464.0,735495.0,735531.0,735565.0,735615.0,735645.0,735693.0,735734.0,735772.0,735795.0,735821.0,735858.0,735891.0,735925.0,735955.0,735979.0,736006.0,736038.0,736069.0,736093.0,736126.0,736173.0,736202.0,736247.0,736290.0,736316.0,736339.0,736367.0,736393.0,736433.0,736459.0,736492.0,736540.0,736573.0,736611.0,736651.0,736684.0,736713.0,736738
211aaP1-_aw,2044749.0,2044873.0,2044983.0,2045103.0,2045183.0,2045282.0,2045377.0,2045467.0,2045583.0,2045691.0,2045806.0,2045880.0,2045980.0,2046142.0,2046174.0,2046289.0,2046395.0,2046517.0,2046582.0,2046692.0,2046809.0,2046915.0,2047043.0,2047148.0,2047220.0,2047292.0,2047400.0,2047497.0,2047632.0,2047732.0,2047834.0,2047927.0,2048013.0,2048111.0,2048213.0,2048280.0,2048398.0,2048515.0,2048616.0,2048731.0,2048831.0,2048935.0,2049037.0,2049143.0,2049255.0,2049340.0,2049420.0,2049512.0,2049618.0,2049722.0,2049812.0,2049884.0,2049978.0,2050090.0,2050206.0,2050284.0,2050373.0,2050446.0,2050551.0,2050653.0,2050768.0,2050866.0,2050977.0,2051080.0,2051189.0,2051298.0,2051370.0,2051447.0,2051503.0,2051598.0,2051678.0,2051777.0,2051872.0,2051943.0,2052033.0,2052102.0,2052182.0,2052280.0,2052357.0,2052431.0,2052523.0,2052604.0,2052678.0,2052773.0,2052840.0,2052923.0,2053033.0,2053098.0,2053191.0,2053273.0,2053346.0,2053408.0,2053486.0,2053571.0,2053650.0,2053714.0,2053778.0,2053851.0,2053928.0,2054015.0,2054082.0,2054166.0,2054242.0,2054307.0,2054396.0,2054480.0,2054590.0,2054687.0,2054773.0,2054846.0,2054909.0,2054992.0,2055050.0,2055131.0,2055212.0,2055293.0,2055368.0,2055440.0,2055518.0,2055593.0,2055666.0,2055755.0,2055840.0,2055950.0,2056048.0,2056121.0,2056198.0,2056272.0,2056363.0,2056432.0,2056502.0,2056613.0,2056700.0,2056767.0,,,,,,,,,2058077.0,2058405.0,2058566.0,2058674.0,2058762.0,2058883.0,2058977.0,2059073.0,2059175.0,2059266.0,2059353.0,2059439.0,2059523.0,2059617.0,2059758.0,2059860.0,2059976.0,2060080.0,2060190.0,2060261.0,2060328.0,2060384.0,2060488.0,2060555.0,2060615.0,2060667.0,2060734.0,2060795.0,2060873.0,2060951.0,2061030.0,2061098.0,2061167.0,2061244.0,2061332.0,2061395.0,2061459.0,2061515.0,2061575.0,2061646.0,2061720.0,2061790.0,2061852.0,2061925.0,2062009.0,2062071.0,2062150.0,2062229.0,2062291.0,2062378.0,2062436.0,2062495.0,2062572.0,2062636.0,2062699.0,2062776.0,2062833.0,2062904.0,2062983.0,2063048.0,2063107.0,2063174.0,2063234.0,2063333.0,2063401.0,2063488.0,2063555.0,2063642.0,2063712.0,2063791.0,2063861.0,2063921.0,2063976.0,2064039.0,2064104.0,2064182.0,2064245.0,2064312.0,2064378.0,2064460.0,2064541.0,2064619.0,2064698.0,2064791.0,2064857.0,2064949.0,2065016.0,2065095.0,2065167.0,2065229.0,2065295.0,2065392.0,2065469.0,2065553.0,2065612.0,2065673.0,2065741.0,2065812.0,2065884.0,2065964.0,2066040.0,2066125.0,2066204.0,2066273.0,2066350.0,2066428.0,2066495.0,2066562.0,2066662.0,2066766.0,2066843.0,2066926.0,2066994.0,2067073.0,2067166.0,2067230.0,2067316.0,2067394.0,2067461.0,2067537.0,2067609.0,,2067734.0,2067817.0,2067893.0,2067943.0,2068005.0,2068061.0,2068131.0,2068193.0,2068252.0,2068324.0,2068408.0,2068489.0,2068549.0,2068603.0,2068659.0,2068725.0,2068797.0,2068876.0,2068936.0,2068996.0,2069059.0,2069129.0,2069197.0,2069270.0,2069317.0,2069382.0,2069464.0,2069530.0,2069585.0,2069650.0,2069708.0,2069765.0,2069850.0,2069921.0,2069991.0,2070055.0,2070122.0,2070191.0,2070264.0,2070333.0,2070410.0,2070459.0,2070553.0,2070606.0,2070664.0,2070734.0,2070798.0,2070877.0,2070955.0,2071037.0,2071099.0,2071187.0,2071256.0,2071339.0,2071403.0,2071468.0,2071558.0,2071612.0,2071682.0,2071762.0,2071836.0,2071900.0,2071957.0,2072023.0,2072112.0,2072210.0,2072322.0,2072428.0,2072523.0,2072611.0,2072712.0,2072792.0,2072907.0,2073019.0,2073113.0,2073205.0,2073291.0,2073367.0,2073446.0,2073523.0,2073612.0,2073696.0,2073758.0,2073837.0,2073919.0,2073976.0,2074049.0,2074134.0,2074220.0,2074288.0,2074346.0,2074419.0,2074507.0,2074580.0,2074685.0,2074810.0,2074937.0,2075035.0,2075117.0,2075219.0,2075312.0,2075402.0,2075480.0,2075551.0,2075635.0,2075750.0,2075857.0,2075936.0,2076013.0,2076088.0,2076153.0,2076207.0,2076296.0,2076385
boMk0eSvmf8,31474.0,31562.0,31702.0,31787.0,31905.0,32048.0,32135.0,32228.0,32341.0,32398.0,32454.0,32534.0,32610.0,32695.0,32820.0,32934.0,33003.0,33097.0,33186.0,33292.0,33396.0,33512.0,33642.0,33754.0,33845.0,33951.0,34076.0,34181.0,34312.0,34432.0,34555.0,34650.0,34797.0,34916.0,35030.0,35128.0,35266.0,35328.0,35378.0,35464.0,35536.0,35644.0,35728.0,35807.0,35876.0,35944.0,36006.0,36088.0,36176.0,36323.0,36428.0,36517.0,36585.0,36643.0,36692.0,36771.0,36873.0,36950.0,37017.0,37063.0,37202.0,37313.0,37415.0,37520.0,37626.0,37729.0,37815.0,37917.0,37996.0,38111.0,38210.0,38294.0,38368.0,38440.0,38522.0,38597.0,38719.0,38805.0,38900.0,39007.0,39091.0,39199.0,39283.0,39367.0,39465.0,39542.0,39625.0,39698.0,39798.0,39901.0,40002.0,40098.0,40178.0,40259.0,40300.0,40359.0,40442.0,40518.0,40595.0,40652.0,40720.0,40777.0,40840.0,40913.0,40981.0,41045.0,41107.0,41177.0,41234.0,41288.0,41342.0,41416.0,41464.0,41533.0,41597.0,41666.0,41721.0,41779.0,41835.0,41906.0,41969.0,42035.0,42082.0,42132.0,42166.0,42209.0,42248.0,42279.0,42313.0,42351.0,42383.0,42427.0,42489.0,42531.0,,,,,,,,,43191.0,43313.0,43466.0,43643.0,43786.0,44002.0,44232.0,44434.0,44673.0,44818.0,44976.0,45089.0,45159.0,45264.0,45381.0,45575.0,45690.0,45759.0,45894.0,46010.0,46071.0,46137.0,46184.0,46232.0,46295.0,46367.0,46456.0,46530.0,46601.0,46666.0,46731.0,46781.0,46837.0,46884.0,46935.0,46985.0,47037.0,47102.0,47154.0,47210.0,47276.0,47334.0,47376.0,47427.0,47482.0,47545.0,47621.0,47689.0,47760.0,47821.0,47879.0,47932.0,47974.0,48032.0,48071.0,48126.0,48164.0,48217.0,48268.0,48326.0,48370.0,48402.0,48444.0,48486.0,48509.0,48566.0,48622.0,48668.0,48701.0,48743.0,48790.0,48829.0,48864.0,48894.0,48943.0,48989.0,49040.0,49087.0,49126.0,49167.0,49211.0,49259.0,49312.0,49374.0,49418.0,49461.0,49492.0,49543.0,49589.0,49629.0,49672.0,49695.0,49709.0,49739.0,49771.0,49817.0,49866.0,49923.0,49956.0,49994.0,50035.0,50074.0,50110.0,50173.0,50224.0,50262.0,50282.0,50323.0,50374.0,50414.0,50447.0,50485.0,50523.0,50558.0,50588.0,50619.0,50654.0,50696.0,50736.0,50773.0,50804.0,,50865.0,50910.0,50950.0,50996.0,51026.0,51056.0,51083.0,51123.0,51156.0,51180.0,51212.0,51265.0,51296.0,51328.0,51349.0,51374.0,51424.0,51471.0,51501.0,51519.0,51547.0,51584.0,51602.0,51626.0,51647.0,51668.0,51693.0,51711.0,51736.0,51758.0,51785.0,51820.0,51842.0,51863.0,51892.0,51917.0,51933.0,51970.0,51994.0,52011.0,52038.0,52066.0,52103.0,52138.0,52162.0,52205.0,52256.0,52311.0,52374.0,52422.0,52492.0,52558.0,52607.0,52663.0,52703.0,52736.0,52769.0,52791.0,52831.0,52885.0,52907.0,52940.0,52969.0,53008.0,53044.0,53090.0,53173.0,53229.0,53289.0,53347.0,53390.0,53444.0,53506.0,53581.0,53647.0,53699.0,53869.0,54175.0,54440.0,54698.0,54973.0,55204.0,55394.0,55536.0,55680.0,55809.0,55912.0,56023.0,56152.0,56252.0,56324.0,56468.0,56603.0,56753.0,56903.0,57128.0,57248.0,58219.0,60301.0,61868.0,63028.0,64020.0,64856.0,65677.0,66579.0,67509.0,68490.0,69406.0,70078.0,70810.0,71399.0,72068.0,72708.0,73372
qyUt4Yk4E04,4653249.0,4653327.0,4653421.0,4653503.0,4653598.0,4653701.0,4653806.0,4653926.0,4654047.0,4654161.0,4654273.0,4654387.0,4654500.0,4654594.0,4654688.0,4654804.0,4654901.0,4654985.0,4655086.0,4655184.0,4655292.0,4655412.0,4655517.0,4655633.0,4655738.0,4655840.0,4655955.0,4656065.0,4656155.0,4656263.0,4656355.0,4656434.0,4656508.0,4656588.0,4656681.0,4656771.0,4656880.0,4656989.0,4657106.0,4657207.0,4657297.0,4657397.0,4657470.0,4657560.0,4657649.0,4657731.0,4657805.0,4657906.0,4657998.0,4658097.0,4658224.0,4658338.0,4658437.0,4658535.0,4658634.0,4658714.0,4658808.0,4658890.0,4658972.0,4659072.0,4659166.0,4659254.0,4659352.0,4659462.0,4659545.0,4659654.0,4659757.0,4659880.0,4659984.0,4660099.0,4660186.0,4660281.0,4660390.0,4660488.0,4660570.0,4660694.0,4660781.0,4660885.0,4661007.0,4661100.0,4661203.0,4661318.0,4661411.0,4661493.0,4661582.0,4661669.0,4661751.0,4661849.0,4661920.0,4662001.0,4662063.0,4662123.0,4662205.0,4662283.0,4662359.0,4662452.0,4662522.0,4662579.0,4662632.0,4662698.0,4662778.0,4662863.0,4662931.0,4662997.0,4663055.0,4663131.0,4663211.0,4663291.0,4663350.0,4663450.0,4663513.0,4663591.0,4663659.0,4663717.0,4663816.0,4663884.0,4663956.0,4664033.0,4664100.0,4664168.0,4664248.0,4664313.0,4664379.0,4664442.0,4664531.0,4664588.0,4664652.0,4664722.0,4664789.0,4664862.0,4664932.0,4665006.0,4665084.0,4665144.0,,,,,,,,,4665804.0,4665872.0,4665948.0,4666042.0,4666164.0,4666264.0,4666370.0,4666484.0,4666627.0,4666765.0,4666871.0,4666996.0,4667122.0,4667248.0,4667415.0,4667553.0,4667683.0,4667763.0,4667865.0,4667950.0,4668010.0,4668096.0,4668156.0,4668214.0,4668276.0,4668339.0,4668387.0,4668449.0,4668529.0,4668599.0,4668648.0,4668702.0,4668753.0,4668815.0,4668899.0,4668950.0,4668998.0,4669042.0,4669103.0,4669158.0,4669215.0,4669263.0,4669306.0,4669347.0,4669401.0,4669448.0,4669503.0,4669537.0,4669585.0,4669635.0,4669701.0,4669745.0,4669782.0,4669837.0,4669876.0,4669954.0,4670005.0,4670062.0,4670136.0,4670208.0,4670273.0,4670323.0,4670376.0,4670429.0,4670472.0,4670525.0,4670599.0,4670653.0,4670706.0,4670758.0,4670816.0,4670862.0,4670892.0,4670949.0,4671007.0,4671074.0,4671128.0,4671187.0,4671265.0,4671354.0,4671427.0,4671474.0,4671517.0,4671582.0,4671648.0,4671691.0,4671729.0,4671787.0,4671826.0,4671881.0,4671933.0,4671971.0,4672007.0,4672054.0,4672092.0,4672153.0,4672210.0,4672275.0,4672327.0,4672375.0,4672421.0,4672472.0,4672522.0,4672581.0,4672625.0,4672681.0,4672745.0,4672781.0,4672835.0,4672896.0,4672950.0,4672998.0,4673065.0,4673121.0,4673154.0,4673211.0,4673252.0,4673297.0,4673339.0,4673396.0,4673436.0,,4673552.0,4673618.0,4673663.0,4673714.0,4673765.0,4673822.0,4673864.0,4673917.0,4673957.0,4674019.0,4674065.0,4674111.0,4674159.0,4674226.0,4674267.0,4674322.0,4674363.0,4674411.0,4674475.0,4674527.0,4674592.0,4674652.0,4674718.0,4674769.0,4674835.0,4674896.0,4674954.0,4675023.0,4675099.0,4675163.0,4675223.0,4675289.0,4675364.0,4675405.0,4675459.0,4675521.0,4675628.0,4675680.0,4675742.0,4675796.0,4675865.0,4675909.0,4675966.0,4676034.0,4676083.0,4676140.0,4676189.0,4676244.0,4676307.0,4676352.0,4676409.0,4676473.0,4676537.0,4676590.0,4676642.0,4676699.0,4676746.0,4676803.0,4676853.0,4676893.0,4676939.0,4676988.0,4677028.0,4677087.0,4677151.0,4677191.0,4677252.0,4677308.0,4677369.0,4677435.0,4677478.0,4677530.0,4677594.0,4677665.0,4677727.0,4677802.0,4677901.0,4677967.0,4678048.0,4678122.0,4678199.0,4678254.0,4678320.0,4678371.0,4678438.0,4678485.0,4678528.0,4678576.0,4678623.0,4678685.0,4678739.0,4678798.0,4678873.0,4678918.0,4678958.0,4679005.0,4679058.0,4679091.0,4679147.0,4679195.0,4679231.0,4679268.0,4679313.0,4679359.0,4679387.0,4679432.0,4679484.0,4679550.0,4679597.0,4679642.0,4679687.0,4679749.0,4679811.0,4679855
RZPrWHrohVM,100371.0,100390.0,100404.0,100417.0,100440.0,100460.0,100484.0,100510.0,100522.0,100544.0,100574.0,100600.0,100623.0,100664.0,100729.0,100794.0,100842.0,100894.0,100944.0,100976.0,101024.0,101056.0,101096.0,101130.0,101167.0,101193.0,101228.0,101247.0,101284.0,101319.0,101342.0,101383.0,101415.0,101455.0,101488.0,101539.0,101568.0,101594.0,101620.0,101649.0,101682.0,101733.0,101764.0,101789.0,101820.0,101847.0,101872.0,101904.0,101936.0,101968.0,102011.0,102049.0,102082.0,102125.0,102172.0,102210.0,102233.0,102256.0,102291.0,102318.0,102343.0,102374.0,102405.0,102431.0,102463.0,102485.0,102511.0,102543.0,102580.0,102618.0,102649.0,102676.0,102703.0,102728.0,102760.0,102778.0,102811.0,102833.0,102867.0,102895.0,102925.0,102943.0,102977.0,102998.0,103033.0,103055.0,103078.0,103105.0,103127.0,103160.0,103191.0,103215.0,103240.0,103269.0,103292.0,103318.0,103347.0,103365.0,103395.0,103411.0,103432.0,103454.0,103474.0,103498.0,103517.0,103545.0,103573.0,103590.0,103602.0,103633.0,103646.0,103673.0,103686.0,103694.0,103706.0,103725.0,103746.0,103761.0,103774.0,103788.0,103813.0,103836.0,103855.0,103875.0,103903.0,103916.0,103929.0,103944.0,103957.0,103973.0,103989.0,104013.0,104027.0,104052.0,,,,,,,,,104194.0,104210.0,104234.0,104266.0,104292.0,104321.0,104335.0,104358.0,104389.0,104400.0,104415.0,104435.0,104454.0,104466.0,104484.0,104514.0,104551.0,104578.0,104593.0,104617.0,104633.0,104649.0,104669.0,104693.0,104725.0,104741.0,104765.0,104782.0,104791.0,104807.0,104824.0,104840.0,104856.0,104873.0,104895.0,104914.0,104930.0,104944.0,104954.0,104962.0,104979.0,104990.0,105006.0,105017.0,105037.0,105054.0,105074.0,105089.0,105101.0,105119.0,105128.0,105149.0,105164.0,105183.0,105199.0,105221.0,105239.0,105253.0,105267.0,105275.0,105290.0,105309.0,105319.0,105335.0,105345.0,105357.0,105373.0,105387.0,105404.0,105419.0,105436.0,105448.0,105464.0,105476.0,105484.0,105513.0,105523.0,105536.0,105553.0,105573.0,105590.0,105598.0,105612.0,105627.0,105645.0,105664.0,105685.0,105703.0,105716.0,105734.0,105746.0,105762.0,105774.0,105787.0,105796.0,105807.0,105820.0,105830.0,105848.0,105858.0,105872.0,105880.0,105889.0,105907.0,105920.0,105940.0,105959.0,105971.0,105987.0,106008.0,106026.0,106060.0,106072.0,106089.0,106111.0,106126.0,106145.0,106162.0,106180.0,106199.0,106221.0,,106259.0,106268.0,106287.0,106302.0,106310.0,106320.0,106326.0,106336.0,106351.0,106363.0,106373.0,106384.0,106396.0,106500.0,106638.0,106695.0,106735.0,106760.0,106774.0,106794.0,106816.0,106833.0,106854.0,106887.0,106976.0,106999.0,107016.0,107035.0,107053.0,107070.0,107076.0,107094.0,107105.0,107118.0,107127.0,107142.0,107150.0,107161.0,107178.0,107185.0,107202.0,107213.0,107227.0,107241.0,107253.0,107268.0,107279.0,107295.0,107306.0,107319.0,107333.0,107346.0,107361.0,107369.0,107384.0,107398.0,107418.0,107431.0,107442.0,107455.0,107462.0,107475.0,107485.0,107501.0,107516.0,107529.0,107544.0,107554.0,107565.0,107576.0,107584.0,107596.0,107607.0,107617.0,107626.0,107640.0,107655.0,107674.0,107686.0,107707.0,107734.0,107750.0,107761.0,107775.0,107790.0,107805.0,107833.0,107845.0,107858.0,107876.0,107890.0,107900.0,107910.0,107918.0,107920.0,107924.0,107929.0,107936.0,107943.0,107947.0,107959.0,107965.0,107970.0,107977.0,107987.0,107997.0,108005.0,108014.0,108022.0,108030.0,108039.0,108050.0,108058.0,108063
gaTMorShTJs,109949.0,109963.0,109973.0,110002.0,110019.0,110040.0,110090.0,110125.0,110157.0,110194.0,110221.0,110280.0,110407.0,110510.0,110587.0,110664.0,110712.0,110769.0,110819.0,110871.0,110916.0,110967.0,111011.0,111067.0,111111.0,111160.0,111204.0,111244.0,111281.0,111314.0,111345.0,111369.0,111389.0,111414.0,111430.0,111450.0,111472.0,111488.0,111506.0,111520.0,111533.0,111553.0,111565.0,111580.0,111596.0,111616.0,111632.0,111647.0,111661.0,111672.0,111690.0,111707.0,111732.0,111758.0,111772.0,111786.0,111798.0,111808.0,111857.0,112014.0,112140.0,112249.0,112325.0,112394.0,112459.0,112511.0,112543.0,112584.0,112617.0,112652.0,112691.0,112777.0,112929.0,113029.0,113075.0,113109.0,113156.0,113217.0,113260.0,113315.0,113367.0,113397.0,113446.0,113498.0,113542.0,113644.0,113760.0,113820.0,113884.0,113947.0,114118.0,114439.0,114633.0,114779.0,114901.0,114976.0,115049.0,115106.0,115165.0,115217.0,115262.0,115305.0,115341.0,115367.0,115394.0,115436.0,115477.0,115503.0,115532.0,115550.0,115567.0,115582.0,115603.0,115618.0,115637.0,115656.0,115669.0,115693.0,115703.0,115739.0,115777.0,115813.0,115838.0,115863.0,115894.0,115906.0,115922.0,115943.0,115960.0,115972.0,115995.0,116011.0,116023.0,116044.0,,,,,,,,,116859.0,117129.0,117358.0,117505.0,117761.0,117938.0,118078.0,118195.0,118291.0,118409.0,118514.0,118577.0,118664.0,118743.0,118803.0,118873.0,118930.0,118968.0,118998.0,119028.0,119051.0,119082.0,119107.0,119137.0,119162.0,119187.0,119226.0,119256.0,119280.0,119309.0,119323.0,119333.0,119346.0,119364.0,119374.0,119391.0,119404.0,119418.0,119430.0,119436.0,119450.0,119461.0,119478.0,119508.0,119521.0,119540.0,119551.0,119570.0,119579.0,119585.0,119605.0,119616.0,119625.0,119639.0,119662.0,119678.0,119695.0,119706.0,119717.0,119728.0,119735.0,119746.0,119755.0,119771.0,119783.0,119798.0,119817.0,119833.0,119849.0,119881.0,119949.0,119996.0,120032.0,120056.0,120085.0,120098.0,120119.0,120138.0,120155.0,120170.0,120177.0,120193.0,120209.0,120223.0,120250.0,120281.0,120316.0,120341.0,120354.0,120373.0,120402.0,120421.0,120438.0,120476.0,120536.0,120576.0,120601.0,120634.0,120658.0,120679.0,120702.0,120715.0,120738.0,120749.0,120772.0,120785.0,120803.0,120816.0,120826.0,120846.0,120860.0,120874.0,120887.0,120905.0,120915.0,120930.0,120948.0,120960.0,120963.0,120978.0,120989.0,,121024.0,121034.0,121051.0,121058.0,121068.0,121078.0,121093.0,121107.0,121123.0,121130.0,121145.0,121159.0,121167.0,121179.0,121188.0,121196.0,121212.0,121223.0,121235.0,121255.0,121274.0,121292.0,121306.0,121321.0,121338.0,121353.0,121374.0,121388.0,121402.0,121425.0,121446.0,121459.0,121469.0,121478.0,121492.0,121498.0,121510.0,121522.0,121530.0,121542.0,121551.0,121562.0,121572.0,121584.0,121592.0,121607.0,121621.0,121634.0,121640.0,121654.0,121673.0,121687.0,121704.0,121717.0,121729.0,121737.0,121746.0,121756.0,121766.0,121769.0,121779.0,121790.0,121795.0,121805.0,121809.0,121815.0,121825.0,121830.0,121833.0,121847.0,121853.0,121859.0,121866.0,121873.0,121882.0,121890.0,121898.0,121909.0,121915.0,121924.0,121932.0,121936.0,121952.0,121963.0,121969.0,121977.0,121988.0,122000.0,122013.0,122021.0,122029.0,122037.0,122040.0,122045.0,122049.0,122055.0,122063.0,122067.0,122071.0,122078.0,122082.0,122092.0,122096.0,122106.0,122109.0,122113.0,122117.0,122119.0,122126.0,122129.0,122133.0,122139.0,122141.0,122145
RodHV1k1SWw,25615.0,25617.0,25619.0,25623.0,25630.0,25635.0,25649.0,25652.0,25663.0,25671.0,25674.0,25684.0,25687.0,25689.0,25692.0,25705.0,25706.0,25713.0,25714.0,25716.0,25719.0,25723.0,25724.0,25726.0,25731.0,25733.0,25736.0,25742.0,25744.0,25746.0,25751.0,25754.0,25756.0,25761.0,25765.0,25768.0,25772.0,25774.0,25779.0,25780.0,25783.0,25786.0,25788.0,25795.0,25820.0,25853.0,25864.0,25878.0,25894.0,25911.0,25919.0,25938.0,25957.0,25975.0,25993.0,26013.0,26030.0,26041.0,26115.0,26130.0,26141.0,26159.0,26174.0,26196.0,26210.0,26219.0,26235.0,26261.0,26269.0,26285.0,26307.0,26317.0,26340.0,26357.0,26377.0,26395.0,26408.0,26423.0,26436.0,26448.0,26474.0,26496.0,26513.0,26526.0,26542.0,26555.0,26575.0,26590.0,26610.0,26660.0,26689.0,26721.0,26744.0,26786.0,26819.0,26850.0,26897.0,26950.0,26996.0,27020.0,27056.0,27088.0,27129.0,27165.0,27203.0,27231.0,27259.0,27315.0,27382.0,27419.0,27465.0,27500.0,27534.0,27548.0,27567.0,27582.0,27619.0,27652.0,27696.0,27720.0,27753.0,27799.0,27823.0,27856.0,27875.0,27918.0,27932.0,27961.0,28019.0,28066.0,28097.0,28123.0,28153.0,28178.0,,,,,,,,,28357.0,28372.0,28401.0,28419.0,28433.0,28446.0,28454.0,28458.0,28482.0,28502.0,28522.0,28537.0,28553.0,28565.0,28572.0,28587.0,28596.0,28610.0,28632.0,28644.0,28649.0,28657.0,28670.0,28680.0,28692.0,28702.0,28719.0,28738.0,28751.0,28762.0,28777.0,28789.0,28798.0,28815.0,28821.0,28833.0,28840.0,28850.0,28878.0,28887.0,28894.0,28901.0,28903.0,28907.0,28914.0,28923.0,28933.0,28942.0,28954.0,28956.0,28964.0,28976.0,28985.0,28998.0,29007.0,29017.0,29022.0,29038.0,29052.0,29059.0,29065.0,29074.0,29084.0,29097.0,29106.0,29118.0,29128.0,29133.0,29142.0,29153.0,29158.0,29169.0,29177.0,29180.0,29190.0,29201.0,29213.0,29218.0,29226.0,29235.0,29242.0,29250.0,29253.0,29261.0,29264.0,29276.0,29282.0,29288.0,29294.0,29304.0,29311.0,29320.0,29327.0,29332.0,29338.0,29345.0,29353.0,29360.0,29361.0,29368.0,29371.0,29379.0,29388.0,29398.0,29407.0,29415.0,29422.0,29426.0,29427.0,29433.0,29437.0,29442.0,29444.0,29446.0,29453.0,29453.0,29457.0,29463.0,29465.0,29469.0,29471.0,,29479.0,29482.0,29485.0,29487.0,29491.0,29491.0,29495.0,29502.0,29505.0,29514.0,29522.0,29528.0,29533.0,29538.0,29544.0,29546.0,29547.0,29549.0,29551.0,29554.0,29556.0,29561.0,29563.0,29566.0,29570.0,29573.0,29584.0,29586.0,29593.0,29594.0,29599.0,29603.0,29604.0,29607.0,29609.0,29616.0,29621.0,29630.0,29631.0,29633.0,29636.0,29641.0,29643.0,29645.0,29650.0,29658.0,29662.0,29665.0,29672.0,29679.0,29681.0,29686.0,29693.0,29696.0,29698.0,29703.0,29707.0,29712.0,29715.0,29723.0,29726.0,29728.0,29735.0,29744.0,29751.0,29758.0,29760.0,29762.0,29770.0,29775.0,29781.0,29783.0,29785.0,29788.0,29792.0,29794.0,29795.0,29801.0,29805.0,29807.0,29812.0,29818.0,29822.0,29823.0,29824.0,29825.0,29825.0,29826.0,29829.0,29832.0,29836.0,29838.0,29842.0,29846.0,29846.0,29847.0,29851.0,29854.0,29858.0,29868.0,29873.0,29875.0,29876.0,29879.0,29881.0,29883.0,29886.0,29889.0,29890.0,29895.0,29901.0,29902.0,29906.0,29908
rJUIwzenFbE,7558.0,7568.0,7581.0,7591.0,7603.0,7623.0,7637.0,7694.0,7835.0,7929.0,7999.0,8071.0,8129.0,8177.0,8256.0,8301.0,8371.0,8422.0,8472.0,8522.0,8562.0,8620.0,8663.0,8684.0,8701.0,8723.0,8755.0,8778.0,8801.0,8842.0,8871.0,8896.0,8916.0,8936.0,8964.0,8991.0,9020.0,9038.0,9066.0,9080.0,9106.0,9135.0,9162.0,9185.0,9218.0,9236.0,9264.0,9292.0,9311.0,9329.0,9343.0,9361.0,9382.0,9401.0,9419.0,9440.0,9455.0,9474.0,9488.0,9501.0,9511.0,9526.0,9540.0,9549.0,9566.0,9582.0,9598.0,9607.0,9617.0,9632.0,9648.0,9667.0,9682.0,9691.0,9712.0,9730.0,9744.0,9762.0,9776.0,9792.0,9805.0,9817.0,9827.0,9846.0,9870.0,9878.0,9898.0,9913.0,9928.0,9942.0,9950.0,9965.0,9982.0,9993.0,10003.0,10020.0,10038.0,10050.0,10064.0,10078.0,10099.0,10113.0,10130.0,10141.0,10160.0,10184.0,10199.0,10223.0,10240.0,10254.0,10271.0,10297.0,10318.0,10332.0,10353.0,10382.0,10401.0,10426.0,10461.0,10483.0,10506.0,10524.0,10540.0,10554.0,10573.0,10589.0,10609.0,10622.0,10640.0,10655.0,10669.0,10680.0,10699.0,10716.0,,,,,,,,,10869.0,10887.0,10904.0,10922.0,10943.0,10967.0,11001.0,11029.0,11049.0,11063.0,11084.0,11108.0,11141.0,11157.0,11176.0,11196.0,11215.0,11235.0,11251.0,11269.0,11281.0,11296.0,11312.0,11319.0,11332.0,11340.0,11357.0,11367.0,11383.0,11393.0,11407.0,11421.0,11435.0,11450.0,11460.0,11478.0,11502.0,11530.0,11545.0,11563.0,11577.0,11599.0,11611.0,11620.0,11632.0,11648.0,11672.0,11706.0,11727.0,11754.0,11778.0,11790.0,11821.0,11849.0,11873.0,11894.0,11913.0,11923.0,11943.0,11960.0,11983.0,12001.0,12025.0,12041.0,12053.0,12062.0,12081.0,12089.0,12095.0,12106.0,12112.0,12127.0,12135.0,12148.0,12164.0,12187.0,12210.0,12222.0,12233.0,12250.0,12265.0,12280.0,12304.0,12321.0,12336.0,12346.0,12356.0,12378.0,12400.0,12414.0,12437.0,12455.0,12475.0,12499.0,12518.0,12533.0,12551.0,12572.0,12592.0,12605.0,12617.0,12638.0,12653.0,12671.0,12700.0,12717.0,12732.0,12749.0,12768.0,12783.0,12804.0,12825.0,12840.0,12855.0,12871.0,12894.0,12910.0,12930.0,12947.0,12958.0,12962.0,,12996.0,13008.0,13021.0,13034.0,13050.0,13061.0,13068.0,13080.0,13088.0,13098.0,13107.0,13114.0,13122.0,13130.0,13139.0,13148.0,13163.0,13174.0,13197.0,13206.0,13221.0,13231.0,13250.0,13270.0,13288.0,13296.0,13306.0,13319.0,13342.0,13351.0,13369.0,13385.0,13397.0,13405.0,13416.0,13430.0,13440.0,13451.0,13465.0,13470.0,13481.0,13493.0,13502.0,13516.0,13529.0,13547.0,13559.0,13585.0,13621.0,13668.0,13706.0,13732.0,13761.0,13793.0,13810.0,13838.0,13856.0,13875.0,13903.0,13918.0,13940.0,13961.0,13986.0,14001.0,14018.0,14040.0,14080.0,14110.0,14133.0,14159.0,14194.0,14239.0,14284.0,14328.0,14351.0,14386.0,14425.0,14458.0,14485.0,14509.0,14538.0,14555.0,14578.0,14600.0,14618.0,14636.0,14643.0,14656.0,14667.0,14677.0,14689.0,14707.0,14728.0,14739.0,14753.0,14762.0,14778.0,14794.0,14812.0,14825.0,14835.0,14845.0,14856.0,14868.0,14892.0,14919.0,14939.0,14957.0,14975.0,14989.0,15010.0,15029.0,15055.0,15084
Y8uOGszUJYc,7113.0,7113.0,7114.0,7115.0,7118.0,7119.0,7119.0,7119.0,7122.0,7123.0,7126.0,7128.0,7129.0,7129.0,7130.0,7130.0,7131.0,7133.0,7133.0,7134.0,7136.0,7137.0,7137.0,7137.0,7137.0,7139.0,7141.0,7141.0,7142.0,7142.0,7142.0,7143.0,7143.0,7143.0,7143.0,7143.0,7143.0,7143.0,7143.0,7145.0,7147.0,7147.0,7150.0,7151.0,7153.0,7162.0,7164.0,7167.0,7168.0,7169.0,7171.0,7179.0,7187.0,7198.0,7202.0,7207.0,7211.0,7213.0,7217.0,7221.0,7227.0,7230.0,7239.0,7245.0,7246.0,7249.0,7251.0,7254.0,7258.0,7260.0,7266.0,7268.0,7272.0,7273.0,7275.0,7281.0,7283.0,7286.0,7296.0,7299.0,7301.0,7303.0,7311.0,7314.0,7317.0,7321.0,7326.0,7328.0,7331.0,7334.0,7338.0,7340.0,7343.0,7350.0,7354.0,7359.0,7365.0,7371.0,7372.0,7373.0,7374.0,7381.0,7387.0,7394.0,7398.0,7401.0,7406.0,7411.0,7417.0,7422.0,7441.0,7443.0,7451.0,7455.0,7459.0,7463.0,7465.0,7471.0,7478.0,7482.0,7483.0,7488.0,7496.0,7502.0,7511.0,7520.0,7524.0,7530.0,7539.0,7548.0,7553.0,7559.0,7564.0,7567.0,,,,,,,,,7594.0,7598.0,7602.0,7604.0,7606.0,7608.0,7611.0,7611.0,7613.0,7616.0,7618.0,7620.0,7620.0,7622.0,7625.0,7629.0,7630.0,7633.0,7634.0,7635.0,7635.0,7639.0,7642.0,7642.0,7643.0,7643.0,7643.0,7644.0,7645.0,7647.0,7649.0,7652.0,7655.0,7657.0,7660.0,7665.0,7666.0,7667.0,7668.0,7668.0,7670.0,7675.0,7677.0,7679.0,7681.0,7684.0,7688.0,7692.0,7697.0,7699.0,7701.0,7705.0,7708.0,7711.0,7713.0,7719.0,7721.0,7725.0,7729.0,7731.0,7733.0,7739.0,7744.0,7748.0,7750.0,7750.0,7755.0,7757.0,7759.0,7760.0,7761.0,7767.0,7769.0,7771.0,7771.0,7772.0,7774.0,7775.0,7778.0,7779.0,7784.0,7786.0,7786.0,7788.0,7788.0,7789.0,7790.0,7791.0,7791.0,7791.0,7795.0,7796.0,7796.0,7798.0,7799.0,7801.0,7806.0,7807.0,7808.0,7810.0,7810.0,7810.0,7811.0,7812.0,7812.0,7812.0,7814.0,7814.0,7815.0,7816.0,7816.0,7816.0,7817.0,7817.0,7817.0,7818.0,7818.0,7823.0,7823.0,7825.0,7826.0,,7829.0,7830.0,7830.0,7833.0,7834.0,7835.0,7835.0,7835.0,7835.0,7839.0,7840.0,7841.0,7843.0,7846.0,7846.0,7846.0,7846.0,7847.0,7847.0,7848.0,7852.0,7852.0,7854.0,7854.0,7855.0,7857.0,7858.0,7858.0,7859.0,7860.0,7861.0,7862.0,7862.0,7863.0,7863.0,7863.0,7863.0,7864.0,7864.0,7864.0,7864.0,7864.0,7865.0,7866.0,7867.0,7869.0,7870.0,7870.0,7870.0,7872.0,7872.0,7873.0,7873.0,7873.0,7873.0,7873.0,7873.0,7873.0,7875.0,7875.0,7876.0,7876.0,7878.0,7880.0,7881.0,7881.0,7884.0,7886.0,7887.0,7891.0,7892.0,7893.0,7895.0,7896.0,7896.0,7897.0,7897.0,7900.0,7902.0,7902.0,7905.0,7905.0,7907.0,7907.0,7907.0,7907.0,7908.0,7909.0,7910.0,7910.0,7913.0,7914.0,7915.0,7917.0,7918.0,7918.0,7919.0,7919.0,7919.0,7921.0,7921.0,7921.0,7922.0,7923.0,7924.0,7925.0,7925.0,7925.0,7926.0,7927.0,7927.0,7927.0,7930.0,7931
GNen6VglFZo,2364937.0,2365109.0,2365336.0,2365588.0,2365760.0,2365955.0,2366141.0,2366312.0,2366578.0,2366879.0,2367273.0,2367474.0,2367733.0,2367981.0,2368271.0,2368487.0,2368810.0,2369085.0,2369374.0,2369624.0,2369889.0,2370151.0,2370356.0,2370565.0,2370782.0,2371000.0,2371207.0,2371524.0,2371738.0,2371957.0,2372168.0,2372402.0,2372610.0,2372824.0,2373070.0,2373313.0,2373616.0,2373854.0,2374114.0,2374296.0,2374514.0,2374697.0,2374881.0,2375071.0,2375255.0,2375447.0,2375640.0,2375812.0,2375997.0,2376178.0,2376386.0,2376588.0,2376777.0,2376962.0,2377176.0,2377389.0,2377597.0,2377864.0,2378145.0,2378397.0,2378610.0,2378801.0,2378991.0,2379173.0,2379363.0,2379568.0,2379736.0,2379927.0,2380077.0,2380290.0,2380478.0,2380656.0,2380827.0,2380979.0,2381193.0,2381351.0,2381583.0,2381757.0,2381936.0,2382160.0,2382370.0,2382559.0,2382791.0,2382983.0,2383211.0,2383344.0,2383539.0,2383694.0,2383864.0,2384018.0,2384154.0,2384360.0,2384553.0,2384748.0,2384895.0,2385046.0,2385183.0,2385356.0,2385517.0,2385663.0,2385839.0,2385995.0,2386135.0,2386282.0,2386438.0,2386618.0,2386739.0,2386907.0,2387086.0,2387247.0,2387627.0,2387800.0,2387972.0,2388154.0,2388297.0,2388440.0,2388662.0,2388945.0,2389100.0,2389255.0,2389414.0,2389501.0,2389684.0,2389810.0,2389938.0,2390064.0,2390205.0,2390337.0,2390485.0,2390640.0,2390815.0,2390938.0,2391081.0,2391229.0,,,,,,,,,2392651.0,2392838.0,2393038.0,2393270.0,2393562.0,2393895.0,2394116.0,2394356.0,2394693.0,2394989.0,2395234.0,2395479.0,2395681.0,2395937.0,2396203.0,2396440.0,2396739.0,2396957.0,2397293.0,2397562.0,2397931.0,2398275.0,2398668.0,2399034.0,2399419.0,2399770.0,2400124.0,2400555.0,2400926.0,2401384.0,2401936.0,2402376.0,2402821.0,2403277.0,2403701.0,2404192.0,2404662.0,2405128.0,2405582.0,2406023.0,2406476.0,2406901.0,2407361.0,2407823.0,2408252.0,2408823.0,2409276.0,2409776.0,2410200.0,2410636.0,2411243.0,2411735.0,2412064.0,2412671.0,2413201.0,2413626.0,2414192.0,2414647.0,2415197.0,2415762.0,2416367.0,2416951.0,2417396.0,2417954.0,2418423.0,2419002.0,2419508.0,2420001.0,2420333.0,2420792.0,2421195.0,2421696.0,2422192.0,2422762.0,2423262.0,2423870.0,2424499.0,2425005.0,2425633.0,2426149.0,2426670.0,2427099.0,2427652.0,2428109.0,2428587.0,2429205.0,2429626.0,2430066.0,2430668.0,2431271.0,2431809.0,2432370.0,2432966.0,2433613.0,2434112.0,2434564.0,2435196.0,2435680.0,2436159.0,2436654.0,2437147.0,2437643.0,2438179.0,2438693.0,2439134.0,2439599.0,2440152.0,2440628.0,2441086.0,2441537.0,2442041.0,2442526.0,2442980.0,2443555.0,2444003.0,2444468.0,2444875.0,2445385.0,2445801.0,2446190.0,2446616.0,,2447525.0,2447914.0,2448419.0,2448848.0,2449316.0,2449847.0,2450317.0,2450776.0,2451332.0,2451787.0,2452222.0,2452725.0,2453189.0,2453531.0,2453983.0,2454451.0,2454842.0,2455377.0,2455851.0,2456329.0,2456702.0,2457117.0,2457483.0,2457832.0,2458277.0,2458709.0,2459131.0,2459513.0,2459888.0,2460336.0,2460869.0,2461411.0,2461853.0,2462280.0,2462749.0,2463176.0,2463677.0,2464112.0,2464496.0,2464855.0,2465332.0,2465745.0,2466147.0,2466454.0,2466794.0,2467015.0,2467383.0,2467797.0,2468094.0,2468388.0,2468661.0,2468910.0,2469236.0,2469534.0,2469931.0,2470221.0,2470659.0,2471004.0,2471320.0,2471669.0,2472024.0,2472385.0,2472726.0,2473091.0,2473435.0,2473733.0,2474012.0,2474329.0,2474688.0,2475000.0,2475260.0,2475565.0,2475830.0,2476116.0,2476448.0,2476747.0,2477063.0,2477366.0,2477567.0,2477840.0,2478108.0,2478403.0,2478697.0,2478925.0,2479113.0,2479372.0,2479639.0,2479839.0,2480072.0,2480309.0,2480539.0,2480777.0,2480995.0,2481194.0,2481396.0,2481631.0,2481830.0,2481991.0,2482151.0,2482352.0,2482553.0,2482733.0,2482918.0,2483128.0,2483336.0,2483532.0,2483725.0,2483865.0,2484043.0,2484209.0,2484414.0,2484575.0,2484763.0,2484933
TwN7GRE-IjM,1618920.0,1619017.0,1619105.0,1619232.0,1619312.0,1619392.0,1619466.0,1619552.0,1619630.0,1619745.0,1619853.0,1619972.0,1620042.0,1620145.0,1620228.0,1620341.0,1620479.0,1620598.0,1620692.0,1620794.0,1620898.0,1621003.0,1621138.0,1621264.0,1621390.0,1621499.0,1621608.0,1621717.0,1621805.0,1621901.0,1621991.0,1622078.0,1622192.0,1622267.0,1622362.0,1622470.0,1622566.0,1622668.0,1622764.0,1622851.0,1622941.0,1623028.0,1623124.0,1623204.0,1623290.0,1623374.0,1623475.0,1623600.0,1623719.0,1623815.0,1623911.0,1623992.0,1624096.0,1624211.0,1624320.0,1624428.0,1624550.0,1624649.0,1624761.0,1624888.0,1625003.0,1625128.0,1625247.0,1625343.0,1625456.0,1625574.0,1625684.0,1625819.0,1625884.0,1626034.0,1626138.0,1626245.0,1626348.0,1626469.0,1626592.0,1626697.0,1626812.0,1626941.0,1627049.0,1627195.0,1627310.0,1627415.0,1627573.0,1627700.0,1627819.0,1627968.0,1628083.0,1628208.0,1628331.0,1628434.0,1628556.0,1628679.0,1628822.0,1628959.0,1629079.0,1629210.0,1629320.0,1629425.0,1629515.0,1629634.0,1629750.0,1629852.0,1629985.0,1630052.0,1630147.0,1630268.0,1630355.0,1630461.0,1630606.0,1630742.0,1630906.0,1631071.0,1631177.0,1631325.0,1631506.0,1631646.0,1631833.0,1631998.0,1632149.0,1632297.0,1632417.0,1632577.0,1632758.0,1632905.0,1633022.0,1633130.0,1633288.0,1633407.0,1633521.0,1633635.0,1633777.0,1633905.0,1634016.0,1634116.0,,,,,,,,,1635136.0,1635234.0,1635336.0,1635443.0,1635557.0,1635666.0,1635767.0,1635855.0,1635969.0,1636117.0,1636224.0,1636321.0,1636445.0,1636569.0,1636721.0,1636863.0,1637010.0,1637197.0,1637335.0,1637510.0,1637720.0,1637867.0,1638066.0,1638227.0,1638389.0,1638570.0,1638726.0,1638880.0,1639052.0,1639283.0,1639527.0,1639814.0,1640036.0,1640236.0,1640445.0,1640659.0,1640842.0,1641098.0,1641307.0,1641533.0,1641756.0,1641988.0,1642247.0,1642567.0,1642830.0,1643152.0,1643381.0,1643630.0,1643880.0,1644143.0,1644419.0,1644654.0,1644866.0,1645147.0,1645412.0,1645682.0,1645974.0,1646185.0,1646559.0,1646886.0,1647183.0,1647524.0,1647827.0,1648160.0,1648477.0,1648816.0,1649192.0,1649471.0,1649669.0,1649964.0,1650213.0,1650490.0,1650857.0,1651142.0,1651538.0,1651974.0,1652425.0,1653072.0,1653524.0,1653995.0,1654304.0,1654700.0,1655103.0,1655572.0,1655925.0,1656382.0,1656812.0,1657180.0,1657552.0,1657993.0,1658503.0,1658848.0,1659213.0,1659618.0,1659955.0,1660292.0,1660721.0,1661006.0,1661394.0,1661699.0,1662059.0,1662368.0,1662691.0,1662967.0,1663316.0,1663645.0,1663981.0,1664271.0,1664566.0,1664904.0,1665241.0,1665524.0,1665855.0,1666173.0,1666451.0,1666713.0,1667032.0,1667275.0,1667523.0,1667757.0,1668056.0,,1668548.0,1668814.0,1669066.0,1669344.0,1669585.0,1669892.0,1670178.0,1670416.0,1670702.0,1670949.0,1671187.0,1671445.0,1671729.0,1671924.0,1672124.0,1672367.0,1672626.0,1672876.0,1673146.0,1673422.0,1673638.0,1673860.0,1674078.0,1674299.0,1674591.0,1674873.0,1675156.0,1675347.0,1675564.0,1675813.0,1676041.0,1676286.0,1676508.0,1676741.0,1676968.0,1677192.0,1677502.0,1677753.0,1678013.0,1678268.0,1678575.0,1678798.0,1679073.0,1679322.0,1679543.0,1679701.0,1679928.0,1680171.0,1680417.0,1680557.0,1680755.0,1680957.0,1681130.0,1681377.0,1681601.0,1681768.0,1681954.0,1682121.0,1682297.0,1682451.0,1682647.0,1682840.0,1683061.0,1683260.0,1683460.0,1683636.0,1683808.0,1683999.0,1684179.0,1684366.0,1684578.0,1684778.0,1684972.0,1685176.0,1685377.0,1685599.0,1685834.0,1686036.0,1686216.0,1686386.0,1686588.0,1686773.0,1686956.0,1687121.0,1687295.0,1687463.0,1687638.0,1687786.0,1687967.0,1688131.0,1688306.0,1688449.0,1688615.0,1688763.0,1688916.0,1689089.0,1689238.0,1689387.0,1689519.0,1689670.0,1689830.0,1689954.0,1690109.0,1690259.0,1690410.0,1690532.0,1690681.0,1690813.0,1690972.0,1691106.0,1691251.0,1691405.0,1691538.0,1691670
MT6lr5mbxWA,5888748.0,5888841.0,5888955.0,5889068.0,5889186.0,5889292.0,5889416.0,5889529.0,5889651.0,5889749.0,5889853.0,5889993.0,5890118.0,5890227.0,5890303.0,5890431.0,5890544.0,5890645.0,5890739.0,5890851.0,5890941.0,5891044.0,5891167.0,5891257.0,5891371.0,5891482.0,5891602.0,5891676.0,5891782.0,5891886.0,5892010.0,5892136.0,5892249.0,5892362.0,5892480.0,5892604.0,5892719.0,5892838.0,5892952.0,5893046.0,5893129.0,5893236.0,5893360.0,5893488.0,5893608.0,5893741.0,5893854.0,5893979.0,5894087.0,5894213.0,5894334.0,5894444.0,5894552.0,5894637.0,5894749.0,5894859.0,5894977.0,5895071.0,5895193.0,5895303.0,5895401.0,5895494.0,5895589.0,5895678.0,5895776.0,5895893.0,5895993.0,5896126.0,5896244.0,5896395.0,5896475.0,5896564.0,5896669.0,5896790.0,5896921.0,5897025.0,5897144.0,5897240.0,5897370.0,5897495.0,5897600.0,5897712.0,5897817.0,5897917.0,5898007.0,5898102.0,5898197.0,5898302.0,5898401.0,5898515.0,5898640.0,5898750.0,5898865.0,5898956.0,5899048.0,5899134.0,5899229.0,5899320.0,5899431.0,5899512.0,5899615.0,5899696.0,5899773.0,5899854.0,5899944.0,5900047.0,5900123.0,5900201.0,5900294.0,5900386.0,5900465.0,5900564.0,5900671.0,5900761.0,5900834.0,5900932.0,5901060.0,5901160.0,5901253.0,5901340.0,5901417.0,5901527.0,5901589.0,5901667.0,5901736.0,5901812.0,5901909.0,5902009.0,5902116.0,5902218.0,5902321.0,5902409.0,5902512.0,5902596.0,,,,,,,,,5903436.0,5903550.0,5903630.0,5903725.0,5903805.0,5903911.0,5904000.0,5904084.0,5904178.0,5904272.0,5904358.0,5904440.0,5904515.0,5904616.0,5904707.0,5904823.0,5904923.0,5905013.0,5905100.0,5905188.0,5905286.0,5905383.0,5905487.0,5905588.0,5905676.0,5905776.0,5905874.0,5905955.0,5906040.0,5906139.0,5906262.0,5906342.0,5906443.0,5906545.0,5906645.0,5906748.0,5906845.0,5906933.0,5907030.0,5907161.0,5907250.0,5907353.0,5907451.0,5907550.0,5907649.0,5907730.0,5907831.0,5907929.0,5908018.0,5908111.0,5908204.0,5908310.0,5908391.0,5908491.0,5908575.0,5908671.0,5908755.0,5908838.0,5908948.0,5909070.0,5909169.0,5909253.0,5909315.0,5909417.0,5909520.0,5909599.0,5909683.0,5909774.0,5909869.0,5909961.0,5910042.0,5910134.0,5910237.0,5910323.0,5910423.0,5910510.0,5910617.0,5910721.0,5910806.0,5910880.0,5910957.0,5911031.0,5911136.0,5911211.0,5911294.0,5911369.0,5911450.0,5911537.0,5911616.0,5911707.0,5911801.0,5911869.0,5911947.0,5912027.0,5912119.0,5912213.0,5912293.0,5912396.0,5912501.0,5912575.0,5912681.0,5912779.0,5912881.0,5912974.0,5913078.0,5913138.0,5913226.0,5913314.0,5913416.0,5913488.0,5913567.0,5913658.0,5913753.0,5913832.0,5913944.0,5914025.0,5914093.0,5914167.0,5914274.0,5914368.0,5914454.0,,5914636.0,5914737.0,5914811.0,5914901.0,5914984.0,5915084.0,5915171.0,5915262.0,5915347.0,5915418.0,5915493.0,5915576.0,5915637.0,5915727.0,5915811.0,5915906.0,5916007.0,5916063.0,5916145.0,5916212.0,5916294.0,5916373.0,5916447.0,5916548.0,5916656.0,5916730.0,5916805.0,5916896.0,5916963.0,5917037.0,5917120.0,5917211.0,5917307.0,5917392.0,5917453.0,5917523.0,5917597.0,5917677.0,5917748.0,5917823.0,5917910.0,5917997.0,5918074.0,5918153.0,5918233.0,5918308.0,5918396.0,5918484.0,5918581.0,5918664.0,5918755.0,5918829.0,5918907.0,5918984.0,5919048.0,5919139.0,5919215.0,5919291.0,5919382.0,5919482.0,5919592.0,5919681.0,5919793.0,5919882.0,5919988.0,5920067.0,5920171.0,5920262.0,5920349.0,5920452.0,5920527.0,5920618.0,5920695.0,5920781.0,5920850.0,5920938.0,5921029.0,5921102.0,5921194.0,5921276.0,5921338.0,5921420.0,5921507.0,5921589.0,5921674.0,5921740.0,5921807.0,5921878.0,5921956.0,5922034.0,5922118.0,5922208.0,5922300.0,5922382.0,5922474.0,5922575.0,5922643.0,5922716.0,5922788.0,5922858.0,5922923.0,5922994.0,5923065.0,5923135.0,5923211.0,5923299.0,5923380.0,5923454.0,5923529.0,5923608.0,5923681.0,5923762.0,5923856.0,5923946
OWXEKtKQKo0,7682387.0,7682506.0,7682629.0,7682741.0,7682879.0,7683061.0,7683208.0,7683361.0,7683546.0,7683682.0,7683810.0,7683945.0,7684074.0,7684182.0,7684294.0,7684413.0,7684540.0,7684649.0,7684787.0,7684908.0,7685042.0,7685165.0,7685287.0,7685407.0,7685505.0,7685617.0,7685742.0,7685878.0,7685980.0,7686075.0,7686191.0,7686300.0,7686414.0,7686546.0,7686676.0,7686811.0,7686922.0,7687057.0,7687198.0,7687325.0,7687447.0,7687574.0,7687720.0,7687861.0,7687984.0,7688098.0,7688214.0,7688317.0,7688428.0,7688542.0,7688695.0,7688816.0,7688906.0,7689003.0,7689108.0,7689199.0,7689321.0,7689452.0,7689565.0,7689648.0,7689736.0,7689849.0,7689948.0,7690059.0,7690173.0,7690280.0,7690381.0,7690508.0,7690614.0,7690767.0,7690893.0,7691026.0,7691154.0,7691233.0,7691360.0,7691461.0,7691609.0,7691732.0,7691833.0,7691954.0,7692052.0,7692162.0,7692253.0,7692362.0,7692441.0,7692509.0,7692595.0,7692673.0,7692745.0,7692819.0,7692926.0,7692996.0,7693072.0,7693146.0,7693228.0,7693314.0,7693381.0,7693471.0,7693548.0,7693618.0,7693678.0,7693741.0,7693795.0,7693861.0,7693930.0,7694012.0,7694109.0,7694188.0,7694281.0,7694345.0,7694434.0,7694509.0,7694578.0,7694652.0,7694741.0,7694832.0,7694940.0,7695058.0,7695161.0,7695256.0,7695344.0,7695436.0,7695522.0,7695598.0,7695684.0,7695756.0,7695838.0,7695922.0,7696028.0,7696105.0,7696180.0,7696258.0,7696326.0,7696423.0,,,,,,,,,7697148.0,7697226.0,7697310.0,7697371.0,7697445.0,7697522.0,7697577.0,7697648.0,7697719.0,7697791.0,7697871.0,7697944.0,7698051.0,7698128.0,7698230.0,7698318.0,7698404.0,7698483.0,7698569.0,7698653.0,7698727.0,7698818.0,7698886.0,7698974.0,7699071.0,7699167.0,7699252.0,7699330.0,7699393.0,7699469.0,7699550.0,7699626.0,7699713.0,7699794.0,7699868.0,7699952.0,7700044.0,7700128.0,7700208.0,7700291.0,7700392.0,7700473.0,7700541.0,7700622.0,7700698.0,7700794.0,7700971.0,7701042.0,7701162.0,7701399.0,7701694.0,7701812.0,7701873.0,7701965.0,7702033.0,7702150.0,7702235.0,7702338.0,7702427.0,7702501.0,7702564.0,7702628.0,7702700.0,7702772.0,7702909.0,7702994.0,7703073.0,7703159.0,7703228.0,7703314.0,7703372.0,7703444.0,7703511.0,7703569.0,7703627.0,7703671.0,7703822.0,7703886.0,7703940.0,7704014.0,7704090.0,7704166.0,7704223.0,7704309.0,7704398.0,7704491.0,7704553.0,7704621.0,7704680.0,7704746.0,7704819.0,7704910.0,7704985.0,7705057.0,7705128.0,7705193.0,7705276.0,7705337.0,7705415.0,7705507.0,7705598.0,7705679.0,7705776.0,7705861.0,7705956.0,7706036.0,7706102.0,7706183.0,7706271.0,7706348.0,7706416.0,7706486.0,7706561.0,7706639.0,7706713.0,7706765.0,7706821.0,7706881.0,7706948.0,7707008.0,7707080.0,,7707209.0,7707296.0,7707360.0,7707429.0,7707497.0,7707568.0,7707677.0,7707730.0,7707793.0,7707853.0,7707925.0,7707987.0,7708039.0,7708122.0,7708206.0,7708277.0,7708338.0,7708416.0,7708492.0,7708563.0,7708636.0,7708691.0,7708748.0,7708803.0,7708886.0,7708941.0,7709012.0,7709077.0,7709129.0,7709206.0,7709277.0,7709363.0,7709437.0,7709496.0,7709575.0,7709648.0,7709716.0,7709794.0,7709860.0,7709931.0,7710007.0,7710088.0,7710163.0,7710232.0,7710301.0,7710397.0,7710477.0,7710580.0,7710643.0,7710695.0,7710766.0,7710863.0,7710959.0,7711032.0,7711106.0,7711197.0,7711290.0,7711388.0,7711450.0,7711528.0,7711573.0,7711627.0,7711699.0,7711759.0,7711838.0,7711895.0,7711977.0,7712034.0,7712102.0,7712170.0,7712226.0,7712290.0,7712359.0,7712449.0,7712532.0,7712624.0,7712708.0,7712782.0,7712885.0,7712957.0,7713004.0,7713088.0,7713158.0,7713224.0,7713286.0,7713353.0,7713409.0,7713465.0,7713538.0,7713622.0,7713708.0,7713774.0,7713832.0,7713911.0,7713992.0,7714078.0,7714148.0,7714207.0,7714255.0,7714313.0,7714379.0,7714435.0,7714494.0,7714568.0,7714624.0,7714700.0,7714762.0,7714813.0,7714877.0,7714932.0,7714987.0,7715057.0,7715116.0,7715178
BSpXLH8Qrcw,1138.0,1138.0,1138.0,1138.0,1138.0,1138.0,1138.0,1138.0,1138.0,1138.0,1138.0,1138.0,1138.0,1139.0,1139.0,1139.0,1139.0,1139.0,1139.0,1139.0,1139.0,1139.0,1139.0,1139.0,1139.0,1140.0,1140.0,1140.0,1140.0,1140.0,1140.0,1140.0,1140.0,1140.0,1140.0,1140.0,1140.0,1141.0,1141.0,1141.0,1141.0,1141.0,1141.0,1141.0,1141.0,1141.0,1141.0,1141.0,1141.0,1141.0,1141.0,1141.0,1141.0,1141.0,1141.0,1141.0,1141.0,1141.0,1141.0,1141.0,1141.0,1141.0,1141.0,1141.0,1141.0,1141.0,1141.0,1141.0,1141.0,1141.0,1141.0,1141.0,1141.0,1141.0,1141.0,1141.0,1141.0,1141.0,1141.0,1141.0,1141.0,1141.0,1141.0,1141.0,1141.0,1142.0,1142.0,1142.0,1142.0,1142.0,1142.0,1142.0,1142.0,1142.0,1142.0,1143.0,1143.0,1143.0,1143.0,1143.0,1143.0,1143.0,1143.0,1143.0,1143.0,1143.0,1143.0,1143.0,1143.0,1143.0,1146.0,1146.0,1146.0,1146.0,1146.0,1146.0,1146.0,1146.0,1146.0,1146.0,1146.0,1146.0,1146.0,1146.0,1146.0,1146.0,1146.0,1147.0,1147.0,1147.0,1147.0,1147.0,1147.0,1148.0,,,,,,,,,1148.0,1148.0,1149.0,1149.0,1149.0,1149.0,1149.0,1150.0,1150.0,1150.0,1150.0,1150.0,1150.0,1150.0,1150.0,1150.0,1150.0,1150.0,1150.0,1156.0,1156.0,1156.0,1159.0,1159.0,1159.0,1159.0,1159.0,1159.0,1159.0,1159.0,1159.0,1159.0,1159.0,1160.0,1160.0,1160.0,1160.0,1161.0,1161.0,1161.0,1161.0,1161.0,1161.0,1161.0,1161.0,1162.0,1162.0,1162.0,1162.0,1162.0,1162.0,1163.0,1163.0,1163.0,1163.0,1163.0,1163.0,1163.0,1164.0,1164.0,1164.0,1164.0,1164.0,1164.0,1164.0,1164.0,1164.0,1164.0,1164.0,1164.0,1164.0,1164.0,1164.0,1164.0,1164.0,1164.0,1165.0,1165.0,1165.0,1165.0,1165.0,1165.0,1165.0,1165.0,1165.0,1165.0,1165.0,1165.0,1165.0,1165.0,1165.0,1165.0,1165.0,1165.0,1165.0,1166.0,1166.0,1166.0,1166.0,1166.0,1166.0,1166.0,1166.0,1166.0,1166.0,1166.0,1166.0,1166.0,1166.0,1166.0,1167.0,1167.0,1167.0,1167.0,1167.0,1167.0,1167.0,1167.0,1167.0,1167.0,1168.0,,1168.0,1168.0,1168.0,1168.0,1168.0,1168.0,1168.0,1168.0,1168.0,1168.0,1168.0,1168.0,1169.0,1169.0,1170.0,1170.0,1170.0,1170.0,1172.0,1174.0,1174.0,1174.0,1174.0,1174.0,1174.0,1174.0,1174.0,1174.0,1174.0,1174.0,1174.0,1174.0,1174.0,1174.0,1174.0,1174.0,1174.0,1174.0,1174.0,1174.0,1174.0,1175.0,1176.0,1176.0,1176.0,1176.0,1176.0,1176.0,1176.0,1176.0,1176.0,1176.0,1176.0,1176.0,1176.0,1176.0,1176.0,1176.0,1176.0,1176.0,1176.0,1177.0,1177.0,1178.0,1179.0,1179.0,1179.0,1179.0,1180.0,1180.0,1180.0,1180.0,1180.0,1180.0,1181.0,1181.0,1181.0,1182.0,1182.0,1182.0,1182.0,1182.0,1183.0,1183.0,1183.0,1183.0,1183.0,1184.0,1184.0,1184.0,1184.0,1184.0,1185.0,1185.0,1185.0,1185.0,1185.0,1185.0,1186.0,1186.0,1186.0,1186.0,1186.0,1186.0,1186.0,1186.0,1186.0,1186.0,1186.0,1186.0,1186.0,1186.0,1186.0,1186
DS4TBYoZ7W0,1075606.0,1075620.0,1075640.0,1075654.0,1075662.0,1075675.0,1075688.0,1075699.0,1075712.0,1075722.0,1075735.0,1075743.0,1075751.0,1075763.0,1075777.0,1075789.0,1075809.0,1075816.0,1075823.0,1075836.0,1075850.0,1075855.0,1075865.0,1075878.0,1075898.0,1075907.0,1075916.0,1075936.0,1075947.0,1075956.0,1075963.0,1075971.0,1075987.0,1075998.0,1076011.0,1076020.0,1076028.0,1076048.0,1076065.0,1076106.0,1076117.0,1076134.0,1076151.0,1076170.0,1076185.0,1076202.0,1076211.0,1076232.0,1076248.0,1076258.0,1076276.0,1076293.0,1076313.0,1076325.0,1076349.0,1076374.0,1076393.0,1076415.0,1076427.0,1076434.0,1076443.0,1076456.0,1076471.0,1076485.0,1076496.0,1076509.0,1076521.0,1076531.0,1076545.0,1076557.0,1076564.0,1076570.0,1076583.0,1076596.0,1076615.0,1076643.0,1076663.0,1076676.0,1076685.0,1076694.0,1076701.0,1076708.0,1076713.0,1076720.0,1076731.0,1076742.0,1076762.0,1076769.0,1076776.0,1076783.0,1076790.0,1076804.0,1076813.0,1076828.0,1076844.0,1076855.0,1076860.0,1076874.0,1076883.0,1076893.0,1076905.0,1076908.0,1076918.0,1076923.0,1076929.0,1076934.0,1076941.0,1076947.0,1076956.0,1076966.0,1076973.0,1076976.0,1076982.0,1076989.0,1076996.0,1077020.0,1077036.0,1077045.0,1077060.0,1077067.0,1077076.0,1077079.0,1077082.0,1077089.0,1077097.0,1077105.0,1077113.0,1077123.0,1077132.0,1077141.0,1077152.0,1077162.0,1077164.0,1077172.0,,,,,,,,,1077234.0,1077242.0,1077268.0,1077269.0,1077274.0,1077277.0,1077280.0,1077284.0,1077289.0,1077298.0,1077301.0,1077306.0,1077307.0,1077318.0,1077328.0,1077337.0,1077342.0,1077350.0,1077357.0,1077366.0,1077375.0,1077384.0,1077390.0,1077398.0,1077410.0,1077422.0,1077426.0,1077431.0,1077436.0,1077443.0,1077453.0,1077463.0,1077473.0,1077480.0,1077490.0,1077497.0,1077509.0,1077520.0,1077538.0,1077548.0,1077560.0,1077574.0,1077585.0,1077594.0,1077603.0,1077612.0,1077623.0,1077635.0,1077646.0,1077650.0,1077656.0,1077664.0,1077676.0,1077687.0,1077696.0,1077708.0,1077720.0,1077726.0,1077737.0,1077752.0,1077760.0,1077776.0,1077786.0,1077795.0,1077807.0,1077820.0,1077824.0,1077832.0,1077841.0,1077852.0,1077865.0,1077881.0,1077895.0,1077909.0,1077927.0,1077938.0,1077954.0,1077968.0,1077978.0,1077987.0,1077993.0,1077999.0,1078005.0,1078016.0,1078026.0,1078031.0,1078040.0,1078045.0,1078055.0,1078067.0,1078075.0,1078086.0,1078095.0,1078104.0,1078111.0,1078118.0,1078123.0,1078130.0,1078137.0,1078141.0,1078148.0,1078155.0,1078165.0,1078174.0,1078182.0,1078192.0,1078200.0,1078208.0,1078216.0,1078246.0,1078263.0,1078277.0,1078287.0,1078294.0,1078305.0,1078318.0,1078323.0,1078333.0,1078345.0,1078351.0,1078355.0,,1078376.0,1078386.0,1078392.0,1078398.0,1078403.0,1078413.0,1078425.0,1078436.0,1078445.0,1078459.0,1078471.0,1078478.0,1078492.0,1078511.0,1078521.0,1078531.0,1078549.0,1078569.0,1078582.0,1078586.0,1078596.0,1078601.0,1078628.0,1078641.0,1078647.0,1078657.0,1078663.0,1078676.0,1078690.0,1078696.0,1078702.0,1078707.0,1078720.0,1078724.0,1078734.0,1078741.0,1078747.0,1078758.0,1078770.0,1078782.0,1078791.0,1078796.0,1078804.0,1078811.0,1078817.0,1078823.0,1078834.0,1078848.0,1078854.0,1078863.0,1078873.0,1078883.0,1078909.0,1078941.0,1078954.0,1078978.0,1078995.0,1079027.0,1079056.0,1079085.0,1079107.0,1079121.0,1079134.0,1079147.0,1079165.0,1079171.0,1079176.0,1079187.0,1079197.0,1079208.0,1079225.0,1079235.0,1079247.0,1079259.0,1079271.0,1079278.0,1079289.0,1079302.0,1079315.0,1079324.0,1079340.0,1079347.0,1079354.0,1079371.0,1079385.0,1079393.0,1079407.0,1079422.0,1079428.0,1079435.0,1079447.0,1079457.0,1079472.0,1079482.0,1079491.0,1079496.0,1079503.0,1079511.0,1079522.0,1079528.0,1079533.0,1079542.0,1079557.0,1079567.0,1079574.0,1079586.0,1079597.0,1079606.0,1079618.0,1079623.0,1079630.0,1079641.0,1079650.0,1079658
X7mQk1t90V8,516.0,516.0,516.0,516.0,517.0,517.0,517.0,517.0,518.0,518.0,518.0,518.0,518.0,518.0,518.0,519.0,519.0,519.0,519.0,520.0,520.0,520.0,520.0,521.0,521.0,521.0,521.0,521.0,521.0,521.0,522.0,522.0,522.0,522.0,522.0,522.0,522.0,524.0,526.0,526.0,526.0,526.0,526.0,526.0,526.0,526.0,526.0,529.0,529.0,529.0,529.0,529.0,529.0,529.0,529.0,529.0,529.0,531.0,532.0,532.0,532.0,532.0,532.0,532.0,532.0,533.0,534.0,536.0,537.0,538.0,538.0,539.0,540.0,540.0,540.0,540.0,541.0,541.0,541.0,542.0,542.0,542.0,542.0,543.0,543.0,543.0,542.0,543.0,542.0,542.0,542.0,544.0,544.0,545.0,545.0,545.0,546.0,546.0,546.0,546.0,546.0,546.0,546.0,546.0,546.0,546.0,546.0,546.0,546.0,547.0,547.0,547.0,547.0,547.0,547.0,547.0,547.0,547.0,547.0,551.0,551.0,551.0,551.0,552.0,552.0,552.0,552.0,552.0,552.0,552.0,552.0,552.0,553.0,553.0,,,,,,,,,554.0,556.0,556.0,556.0,556.0,557.0,557.0,557.0,557.0,558.0,558.0,558.0,559.0,559.0,559.0,560.0,560.0,560.0,560.0,560.0,560.0,560.0,560.0,560.0,560.0,560.0,561.0,561.0,561.0,561.0,561.0,561.0,562.0,562.0,562.0,562.0,562.0,563.0,563.0,563.0,564.0,563.0,564.0,564.0,564.0,564.0,564.0,564.0,564.0,565.0,565.0,565.0,566.0,567.0,568.0,568.0,568.0,568.0,568.0,568.0,568.0,568.0,568.0,568.0,568.0,568.0,569.0,569.0,569.0,569.0,569.0,569.0,569.0,570.0,571.0,571.0,572.0,572.0,573.0,573.0,573.0,574.0,575.0,575.0,575.0,575.0,575.0,575.0,575.0,575.0,575.0,576.0,575.0,576.0,576.0,576.0,576.0,576.0,576.0,576.0,577.0,578.0,578.0,579.0,580.0,580.0,580.0,581.0,582.0,583.0,583.0,583.0,585.0,585.0,586.0,586.0,586.0,586.0,586.0,586.0,586.0,,586.0,586.0,586.0,586.0,586.0,586.0,586.0,586.0,586.0,586.0,586.0,586.0,586.0,586.0,588.0,588.0,588.0,588.0,589.0,589.0,589.0,590.0,592.0,592.0,592.0,592.0,592.0,592.0,592.0,592.0,592.0,592.0,592.0,592.0,592.0,593.0,593.0,593.0,593.0,593.0,593.0,593.0,593.0,593.0,593.0,594.0,594.0,594.0,594.0,594.0,594.0,594.0,594.0,594.0,594.0,596.0,596.0,596.0,596.0,596.0,596.0,596.0,599.0,599.0,599.0,600.0,600.0,600.0,600.0,600.0,600.0,600.0,602.0,602.0,603.0,603.0,603.0,603.0,603.0,603.0,604.0,605.0,605.0,606.0,609.0,611.0,611.0,613.0,613.0,614.0,614.0,616.0,616.0,617.0,615.0,616.0,616.0,616.0,616.0,616.0,616.0,617.0,617.0,617.0,617.0,619.0,620.0,622.0,623.0,628.0,628.0,628.0,628.0,628
iVy45APARiY,318040.0,318094.0,318132.0,318184.0,318239.0,318298.0,318339.0,318399.0,318461.0,318504.0,318538.0,318589.0,318649.0,318706.0,318759.0,318810.0,318847.0,318893.0,318929.0,318968.0,319016.0,319085.0,319150.0,319237.0,319309.0,319373.0,319446.0,319512.0,319588.0,319651.0,319745.0,319828.0,319907.0,319993.0,320075.0,320156.0,320242.0,320305.0,320366.0,320435.0,320493.0,320546.0,320625.0,320680.0,320737.0,320796.0,320847.0,320899.0,320980.0,321050.0,321120.0,321185.0,321234.0,321289.0,321346.0,321422.0,321492.0,321568.0,321650.0,321696.0,321752.0,321828.0,321875.0,321930.0,321997.0,322077.0,322154.0,322210.0,322259.0,322299.0,322356.0,322393.0,322435.0,322470.0,322508.0,322559.0,322599.0,322637.0,322684.0,322741.0,322777.0,322809.0,322840.0,322874.0,322907.0,322977.0,323019.0,323063.0,323108.0,323144.0,323188.0,323248.0,323291.0,323344.0,323399.0,323431.0,323461.0,323497.0,323547.0,323596.0,323648.0,323697.0,323739.0,323779.0,323827.0,323868.0,323917.0,323948.0,323996.0,324047.0,324083.0,324122.0,324163.0,324209.0,324263.0,324310.0,324342.0,324389.0,324432.0,324468.0,324508.0,324558.0,324591.0,324631.0,324664.0,324728.0,324771.0,324819.0,324852.0,324891.0,324941.0,324978.0,325010.0,325047.0,,,,,,,,,325401.0,325456.0,325500.0,325541.0,325584.0,325623.0,325665.0,325706.0,325752.0,325782.0,325815.0,325861.0,325891.0,325932.0,325977.0,326011.0,326042.0,326074.0,326109.0,326135.0,326176.0,326207.0,326236.0,326284.0,326321.0,326346.0,326372.0,326409.0,326457.0,326503.0,326559.0,326610.0,326653.0,326694.0,326727.0,326766.0,326812.0,326875.0,326915.0,326964.0,327012.0,327059.0,327112.0,327136.0,327170.0,327214.0,327249.0,327303.0,327361.0,327406.0,327455.0,327504.0,327545.0,327600.0,327635.0,327699.0,327773.0,327827.0,327915.0,327988.0,328040.0,328108.0,328159.0,328209.0,328259.0,328302.0,328372.0,328414.0,328448.0,328497.0,328534.0,328595.0,328655.0,328695.0,328744.0,328812.0,328855.0,328938.0,328985.0,329025.0,329070.0,329121.0,329167.0,329217.0,329268.0,329313.0,329350.0,329398.0,329435.0,329475.0,329548.0,329607.0,329679.0,329736.0,329793.0,329840.0,329911.0,329947.0,330017.0,330066.0,330124.0,330172.0,330221.0,330282.0,330324.0,330358.0,330414.0,330476.0,330517.0,330552.0,330592.0,330636.0,330716.0,330835.0,330911.0,330987.0,331046.0,331118.0,331191.0,331265.0,331326.0,,331432.0,331500.0,331564.0,331605.0,331650.0,331701.0,331746.0,331779.0,331834.0,331871.0,331926.0,331995.0,332036.0,332081.0,332124.0,332167.0,332239.0,332292.0,332354.0,332499.0,332557.0,332596.0,332649.0,332713.0,332773.0,332831.0,332891.0,332954.0,333023.0,333080.0,333153.0,333212.0,333269.0,333315.0,333376.0,333480.0,333578.0,333688.0,333767.0,333847.0,333926.0,334026.0,334140.0,334237.0,334330.0,334419.0,334522.0,334611.0,334700.0,334771.0,334849.0,334948.0,335040.0,335125.0,335222.0,335282.0,335376.0,335469.0,335543.0,335615.0,335734.0,335789.0,335903.0,336026.0,336151.0,336270.0,336352.0,336464.0,336537.0,336585.0,336646.0,336706.0,336762.0,336822.0,336873.0,336920.0,336984.0,337030.0,337078.0,337101.0,337149.0,337201.0,337238.0,337273.0,337341.0,337414.0,337487.0,337565.0,337624.0,337701.0,337755.0,337817.0,337876.0,337925.0,337994.0,338076.0,338143.0,338214.0,338265.0,338308.0,338368.0,338425.0,338480.0,338538.0,338598.0,338640.0,338684.0,338731.0,338785.0,338831.0,338869.0,338913.0,338940.0,339000
37HR7cAXJBk,539514.0,540394.0,541323.0,541979.0,542769.0,543669.0,544506.0,545231.0,546132.0,547102.0,547896.0,548848.0,549663.0,550404.0,551213.0,552139.0,553043.0,553877.0,554714.0,555790.0,556618.0,557851.0,558788.0,559403.0,559929.0,560545.0,561226.0,561920.0,562601.0,563380.0,563977.0,564508.0,565070.0,565604.0,566190.0,566766.0,567378.0,567864.0,568370.0,568928.0,569512.0,570079.0,570596.0,571226.0,571685.0,572082.0,572539.0,573070.0,573563.0,574090.0,574569.0,574983.0,575471.0,576032.0,576654.0,577282.0,577840.0,578516.0,579074.0,579487.0,579961.0,580558.0,581117.0,581661.0,582235.0,582732.0,583181.0,583715.0,584087.0,584702.0,585197.0,585754.0,586334.0,586793.0,587266.0,588176.0,589137.0,589862.0,590804.0,591527.0,592073.0,592715.0,593335.0,593956.0,594603.0,595277.0,595759.0,596230.0,596810.0,597415.0,598010.0,598712.0,599314.0,599907.0,600472.0,601028.0,601562.0,602155.0,602777.0,603356.0,603786.0,604280.0,604878.0,605473.0,606043.0,606507.0,607142.0,607669.0,608055.0,608512.0,609057.0,609537.0,610035.0,610510.0,610985.0,611298.0,611784.0,612207.0,612676.0,613165.0,613590.0,614024.0,614355.0,614774.0,615178.0,615592.0,615988.0,616429.0,616872.0,617214.0,617516.0,617955.0,618388.0,618742.0,,,,,,,,,622647.0,622987.0,623352.0,623797.0,624253.0,624733.0,625085.0,625481.0,625960.0,626445.0,627014.0,627627.0,628305.0,628925.0,629331.0,629758.0,630197.0,630576.0,631050.0,631530.0,631959.0,632336.0,632677.0,633098.0,633445.0,633795.0,634158.0,634630.0,635055.0,635445.0,635849.0,636270.0,636708.0,637174.0,637592.0,637982.0,638305.0,638679.0,639001.0,639424.0,639789.0,640196.0,640609.0,640940.0,641378.0,641754.0,642210.0,642652.0,643037.0,643423.0,643761.0,644170.0,644541.0,644956.0,645327.0,645716.0,646002.0,646358.0,646646.0,647000.0,647314.0,647565.0,647864.0,648210.0,648455.0,648735.0,649074.0,649412.0,649685.0,650071.0,650398.0,650699.0,651089.0,651506.0,651920.0,652346.0,652753.0,653134.0,653498.0,653943.0,654357.0,654677.0,655076.0,655562.0,655887.0,656227.0,656562.0,656978.0,657315.0,657673.0,658014.0,658400.0,658691.0,659075.0,659509.0,659849.0,660317.0,660788.0,661217.0,661582.0,661987.0,662475.0,662908.0,663301.0,663751.0,664070.0,664402.0,664833.0,665201.0,665478.0,665857.0,666139.0,666444.0,666662.0,666880.0,667108.0,667295.0,667538.0,667834.0,668035.0,668248.0,,668634.0,668823.0,669038.0,669272.0,669449.0,669594.0,669737.0,669894.0,670060.0,670200.0,670370.0,670515.0,670659.0,670794.0,670932.0,671083.0,671243.0,671410.0,671588.0,671725.0,671931.0,672100.0,672255.0,672456.0,672628.0,672728.0,672849.0,673009.0,673168.0,673316.0,673458.0,673591.0,673764.0,673872.0,674003.0,674138.0,674275.0,674420.0,674570.0,674721.0,674858.0,675036.0,675198.0,675358.0,675540.0,675772.0,676130.0,676458.0,676926.0,677367.0,677734.0,678061.0,678424.0,678722.0,678904.0,679130.0,679447.0,679716.0,679995.0,680272.0,680527.0,680729.0,681018.0,681262.0,681586.0,682040.0,683396.0,684051.0,684439.0,684997.0,685369.0,685919.0,686412.0,686916.0,687334.0,687685.0,688212.0,688731.0,689285.0,689724.0,690178.0,690718.0,691108.0,691485.0,692161.0,692819.0,693410.0,694254.0,695012.0,695641.0,696323.0,697040.0,697883.0,698722.0,699648.0,700510.0,701134.0,701851.0,702503.0,703133.0,703875.0,704728.0,705508.0,706187.0,707022.0,707763.0,708634.0,709445.0,710124.0,710945.0,711659.0,712454.0,713296.0,714010
Qk7CLQ-_YRw,6295620.0,6303800.0,6312373.0,6320593.0,6329172.0,6337117.0,6344235.0,6351209.0,6357693.0,6364232.0,6370825.0,6377788.0,6384516.0,6391289.0,6397959.0,6404651.0,6410629.0,6416862.0,6423317.0,6429401.0,6435485.0,6441612.0,6447703.0,6453845.0,6459741.0,6465480.0,6471522.0,6477699.0,6483745.0,6489647.0,6495464.0,6500981.0,6506555.0,6512240.0,6518007.0,6523871.0,6530095.0,6536072.0,6541849.0,6547698.0,6553608.0,6559337.0,6564960.0,6570873.0,6576814.0,6582501.0,6588447.0,6594505.0,6600166.0,6605803.0,6611318.0,6617021.0,6622337.0,6627911.0,6633572.0,6639015.0,6644649.0,6650385.0,6656567.0,6663148.0,6669746.0,6676242.0,6682622.0,6689309.0,6695910.0,6702342.0,6708602.0,6714991.0,6720638.0,6728068.0,6734606.0,6741007.0,6747818.0,6754399.0,6761421.0,6768507.0,6775385.0,6782342.0,6789504.0,6796068.0,6802483.0,6809595.0,6816109.0,6822912.0,6829853.0,6836587.0,6843144.0,6849673.0,6856575.0,6863337.0,6870375.0,6876956.0,6883620.0,6890289.0,6897589.0,6904780.0,6912230.0,6919502.0,6926897.0,6934086.0,6941040.0,6949048.0,6956778.0,6964278.0,6971777.0,6978946.0,6986355.0,6993518.0,7000584.0,7007791.0,7014785.0,7021655.0,7028423.0,7034871.0,7041527.0,7048499.0,7055736.0,7062746.0,7069944.0,7076982.0,7083684.0,7090211.0,7096940.0,7103533.0,7109992.0,7116786.0,7123936.0,7130932.0,7138122.0,7144850.0,7151997.0,7158880.0,7165600.0,7172301.0,,,,,,,,,7235789.0,7242753.0,7249586.0,7256160.0,7262668.0,7269164.0,7275575.0,7281486.0,7287906.0,7294647.0,7301035.0,7307507.0,7314069.0,7320101.0,7325888.0,7331790.0,7338162.0,7344862.0,7351623.0,7357717.0,7363452.0,7369218.0,7375338.0,7381266.0,7387369.0,7393634.0,7400124.0,7406634.0,7413127.0,7419502.0,7426078.0,7432598.0,7439346.0,7445522.0,7451471.0,7458344.0,7465022.0,7471590.0,7479031.0,7486105.0,7493341.0,7500290.0,7507171.0,7513833.0,7520484.0,7526846.0,7533196.0,7539816.0,7546526.0,7552814.0,7558910.0,7565403.0,7572048.0,7578813.0,7585365.0,7592194.0,7598671.0,7604864.0,7611611.0,7618745.0,7625816.0,7632057.0,7638150.0,7644538.0,7650557.0,7657435.0,7664217.0,7670912.0,7677758.0,7683891.0,7690178.0,7696640.0,7703374.0,7710247.0,7717105.0,7723708.0,7730772.0,7737115.0,7743486.0,7750248.0,7756910.0,7763318.0,7770620.0,7778133.0,7786101.0,7793688.0,7801133.0,7809010.0,7816703.0,7823935.0,7830755.0,7837059.0,7843315.0,7849853.0,7856245.0,7862960.0,7869657.0,7876151.0,7882765.0,7888808.0,7895800.0,7902799.0,7910060.0,7916842.0,7923850.0,7930692.0,7937466.0,7944361.0,7951220.0,7958602.0,7965818.0,7972993.0,7980203.0,7986682.0,7993286.0,7999743.0,8006579.0,8013655.0,8020948.0,8028196.0,8035099.0,,8049744.0,8056976.0,8064365.0,8071484.0,8078760.0,8085642.0,8092741.0,8100211.0,8107686.0,8115562.0,8123409.0,8130844.0,8138272.0,8146009.0,8155045.0,8171833.0,8186888.0,8200444.0,8213722.0,8226678.0,8239888.0,8252487.0,8264868.0,8276590.0,8287604.0,8296774.0,8306127.0,8315897.0,8325766.0,8335142.0,8344404.0,8353780.0,8362805.0,8371090.0,8380199.0,8390421.0,8400316.0,8409933.0,8419117.0,8428046.0,8437349.0,8446578.0,8455822.0,8464564.0,8473176.0,8481840.0,8490917.0,8499347.0,8508296.0,8516857.0,8525649.0,8534662.0,8542999.0,8551159.0,8559124.0,8567436.0,8575900.0,8584866.0,8594412.0,8604044.0,8613340.0,8622108.0,8631130.0,8640767.0,8651155.0,8661019.0,8670246.0,8684758.0,8700529.0,8717137.0,8732780.0,8748368.0,8762912.0,8776673.0,8789964.0,8802533.0,8816378.0,8829880.0,8843463.0,8856759.0,8868570.0,8879450.0,8889773.0,8900794.0,8912196.0,8923739.0,8934744.0,8945705.0,8955394.0,8965409.0,8975508.0,8985525.0,8995501.0,9005219.0,9014256.0,9023096.0,9031117.0,9039563.0,9047839.0,9056144.0,9064929.0,9074421.0,9083299.0,9092179.0,9101237.0,9110419.0,9120057.0,9129124.0,9137789.0,9146240.0,9154246.0,9162438.0,9170589.0,9178539
CJsZTiYnRgI,21720185.0,21746232.0,21772522.0,21789050.0,21806954.0,21823045.0,21837334.0,21849857.0,21863332.0,21879476.0,21895071.0,21910562.0,21929813.0,21947710.0,21968160.0,21992237.0,22021687.0,22046526.0,22066730.0,22083630.0,22102151.0,22124583.0,22142291.0,22163836.0,22185722.0,22202255.0,22221921.0,22243168.0,22260158.0,22276878.0,22297906.0,22316847.0,22333782.0,22349164.0,22363223.0,22378854.0,22401129.0,22419860.0,22437299.0,22454524.0,22470077.0,22483194.0,22496495.0,22508323.0,22521225.0,22535148.0,22547760.0,22559659.0,22572326.0,22583737.0,22596819.0,22609961.0,22622115.0,22631788.0,22642794.0,22653648.0,22665813.0,22678449.0,22693025.0,22708807.0,22723061.0,22736506.0,22749182.0,22761452.0,22773093.0,22786913.0,22799249.0,22811505.0,22821125.0,22833841.0,22844917.0,22857252.0,22871145.0,22883350.0,22893004.0,22902675.0,22913110.0,22924424.0,22935635.0,22947615.0,22959157.0,22968223.0,22976633.0,22985383.0,22995008.0,23004872.0,23015665.0,23026809.0,23038793.0,23048923.0,23058794.0,23070925.0,23084915.0,23100039.0,23115481.0,23126761.0,23136309.0,23144805.0,23153545.0,23162126.0,23171859.0,23181543.0,23189251.0,23196280.0,23204298.0,23211862.0,23220280.0,23230499.0,23239720.0,23247366.0,23255019.0,23263354.0,23271394.0,23280075.0,23289396.0,23300070.0,23309106.0,23316863.0,23325587.0,23333702.0,23342173.0,23351178.0,23360137.0,23367647.0,23375237.0,23382323.0,23389385.0,23397355.0,23403938.0,23410071.0,23415472.0,23420765.0,23425957.0,23430788.0,,,,,,,,,23481073.0,23487573.0,23493332.0,23499224.0,23504975.0,23510505.0,23515655.0,23521063.0,23527214.0,23532471.0,23537509.0,23542187.0,23547552.0,23552628.0,23558300.0,23564482.0,23569945.0,23575383.0,23580439.0,23585384.0,23590446.0,23596133.0,23602094.0,23606771.0,23611665.0,23616556.0,23621525.0,23626153.0,23631197.0,23636619.0,23641016.0,23645321.0,23649595.0,23653947.0,23658117.0,23663745.0,23669418.0,23674313.0,23678971.0,23683827.0,23688915.0,23694463.0,23700249.0,23706414.0,23711504.0,23716320.0,23721032.0,23725967.0,23730857.0,23736591.0,23742415.0,23747560.0,23752324.0,23756847.0,23761745.0,23766965.0,23772635.0,23778282.0,23783560.0,23789418.0,23795514.0,23801780.0,23807343.0,23813101.0,23818432.0,23823773.0,23829290.0,23835021.0,23840372.0,23845255.0,23850675.0,23856064.0,23861413.0,23866797.0,23872477.0,23878191.0,23884504.0,23891421.0,23898635.0,23904476.0,23910137.0,23915656.0,23921990.0,23929149.0,23937185.0,23944997.0,23951195.0,23957469.0,23963338.0,23969123.0,23974954.0,23981890.0,23989116.0,23994853.0,24000572.0,24006246.0,24011924.0,24018010.0,24025507.0,24033015.0,24039087.0,24044562.0,24049844.0,24055183.0,24061014.0,24067947.0,24074980.0,24081241.0,24087286.0,24093516.0,24099848.0,24106369.0,24113827.0,24122072.0,24129275.0,24136043.0,24142163.0,24148526.0,24155263.0,24162437.0,24169531.0,,24181020.0,24186609.0,24192264.0,24198151.0,24205611.0,24213100.0,24219370.0,24225184.0,24231384.0,24237578.0,24243413.0,24250056.0,24256781.0,24262527.0,24268356.0,24276751.0,24283865.0,24291419.0,24300023.0,24308710.0,24316107.0,24322892.0,24329400.0,24335836.0,24342252.0,24348707.0,24355434.0,24361589.0,24367356.0,24373263.0,24379256.0,24385086.0,24391280.0,24397274.0,24402495.0,24407900.0,24413121.0,24418201.0,24423919.0,24429787.0,24435560.0,24440880.0,24446159.0,24451247.0,24456398.0,24461493.0,24466725.0,24472088.0,24476893.0,24481216.0,24485738.0,24490239.0,24494848.0,24500448.0,24506683.0,24511827.0,24516535.0,24521367.0,24526171.0,24530922.0,24536583.0,24542443.0,24547489.0,24551956.0,24556637.0,24561314.0,24566212.0,24571058.0,24575931.0,24580403.0,24584704.0,24588879.0,24592885.0,24597131.0,24601995.0,24607093.0,24611603.0,24615770.0,24619812.0,24624265.0,24628809.0,24633766.0,24638702.0,24642924.0,24647285.0,24651619.0,24656023.0,24660661.0,24665941.0,24671493.0,24676358.0,24680882.0,24685634.0,24690604.0,24695451.0,24701234.0,24706808.0,24712374.0,24717213.0,24722180.0,24726781.0,24731426.0,24736794.0,24741979.0,24746186.0,24750551.0,24754948.0,24759049.0,24763332.0,24767815.0,24772304.0,24776052.0,24779996.0,24784125
TFI2NB7oaxA,15413143.0,15432472.0,15453837.0,15474461.0,15495364.0,15514408.0,15532299.0,15549784.0,15567549.0,15584711.0,15602263.0,15620772.0,15638709.0,15656255.0,15674528.0,15692226.0,15710087.0,15727900.0,15746957.0,15765344.0,15784781.0,15803761.0,15822313.0,15841873.0,15860214.0,15878364.0,15896096.0,15913520.0,15931804.0,15950393.0,15968106.0,15985917.0,16002866.0,16019873.0,16036783.0,16053348.0,16069899.0,16086053.0,16102665.0,16120141.0,16137751.0,16156314.0,16175419.0,16194075.0,16214267.0,16235303.0,16257282.0,16280064.0,16302273.0,16323037.0,16343030.0,16364171.0,16384319.0,16406247.0,16429197.0,16451328.0,16473834.0,16495453.0,16515777.0,16535353.0,16555950.0,16577702.0,16599531.0,16620334.0,16640987.0,16660995.0,16680531.0,16700579.0,16718285.0,16741937.0,16763461.0,16783926.0,16804294.0,16825095.0,16845791.0,16866407.0,16887582.0,16908636.0,16930030.0,16950313.0,16970308.0,16993278.0,17014970.0,17036662.0,17058953.0,17080843.0,17101873.0,17121622.0,17142840.0,17163395.0,17185689.0,17209138.0,17233506.0,17258647.0,17284962.0,17310136.0,17334613.0,17357166.0,17379588.0,17401564.0,17421333.0,17442720.0,17463789.0,17483792.0,17503981.0,17525132.0,17545845.0,17564006.0,17584193.0,17606457.0,17628139.0,17651018.0,17674068.0,17696434.0,17717711.0,17740108.0,17765437.0,17789829.0,17814460.0,17837287.0,17859227.0,17880395.0,17901644.0,17923141.0,17945009.0,17967481.0,17990001.0,18011778.0,18033590.0,18055760.0,18078901.0,18103338.0,18128729.0,18152280.0,,,,,,,,,18355766.0,18377698.0,18400220.0,18421460.0,18442783.0,18464903.0,18485342.0,18505236.0,18526461.0,18547924.0,18569510.0,18590105.0,18612119.0,18633128.0,18653716.0,18673684.0,18694339.0,18714352.0,18735174.0,18755176.0,18774385.0,18794509.0,18814159.0,18834949.0,18854912.0,18875313.0,18896440.0,18917001.0,18936581.0,18956712.0,18977280.0,18999081.0,19020532.0,19041274.0,19060147.0,19081951.0,19102587.0,19123003.0,19144383.0,19166253.0,19187877.0,19209513.0,19230567.0,19250255.0,19270144.0,19289855.0,19309822.0,19330550.0,19351152.0,19371096.0,19390278.0,19410219.0,19430579.0,19451504.0,19472158.0,19492589.0,19512022.0,19530385.0,19549672.0,19570569.0,19590633.0,19608398.0,19625691.0,19644349.0,19661903.0,19681595.0,19701729.0,19721743.0,19738837.0,19755640.0,19774765.0,19794253.0,19814726.0,19836129.0,19858165.0,19880042.0,19903035.0,19924949.0,19945558.0,19966025.0,19987759.0,20008396.0,20031973.0,20055337.0,20078968.0,20102231.0,20123869.0,20146813.0,20169217.0,20191996.0,20213778.0,20235725.0,20257441.0,20279767.0,20302381.0,20324690.0,20345993.0,20367049.0,20388021.0,20407474.0,20428605.0,20448732.0,20468488.0,20487959.0,20506833.0,20525687.0,20544865.0,20565283.0,20586436.0,20607857.0,20629383.0,20649460.0,20668392.0,20687149.0,20705593.0,20723576.0,20741223.0,20758870.0,20776321.0,20792510.0,20808515.0,,20842377.0,20859432.0,20876925.0,20893403.0,20910089.0,20926122.0,20942241.0,20959023.0,20975762.0,20992862.0,21009743.0,21026844.0,21043964.0,21061829.0,21080200.0,21105855.0,21130627.0,21153455.0,21175079.0,21196870.0,21219929.0,21242751.0,21265648.0,21287838.0,21307267.0,21324449.0,21340964.0,21357959.0,21374452.0,21389927.0,21405515.0,21421135.0,21436425.0,21450744.0,21466280.0,21482204.0,21498050.0,21513797.0,21528671.0,21543272.0,21558068.0,21572769.0,21588091.0,21603355.0,21618516.0,21633602.0,21649790.0,21666928.0,21683925.0,21700368.0,21716978.0,21734015.0,21750288.0,21765336.0,21780030.0,21795284.0,21811698.0,21828615.0,21845749.0,21863181.0,21879507.0,21896282.0,21913716.0,21931748.0,21950114.0,21968508.0,21985741.0,22005146.0,22023597.0,22043109.0,22062686.0,22082719.0,22102648.0,22122188.0,22141020.0,22158801.0,22177339.0,22195737.0,22214201.0,22231999.0,22250171.0,22266870.0,22282696.0,22299641.0,22316569.0,22333920.0,22351192.0,22368579.0,22384993.0,22400833.0,22417217.0,22433047.0,22449165.0,22464544.0,22479856.0,22494945.0,22508980.0,22523885.0,22538989.0,22554035.0,22569374.0,22585905.0,22601702.0,22616796.0,22632903.0,22649316.0,22666032.0,22683002.0,22699424.0,22715167.0,22729768.0,22744498.0,22760009.0,22775289
HqxXR3K_Dlg,1971602.0,1974195.0,1976437.0,1978689.0,1980925.0,1982944.0,1984885.0,1986782.0,1988475.0,1989992.0,1991580.0,1993130.0,1994732.0,1996542.0,1998319.0,2000027.0,2001778.0,2003513.0,2005273.0,2006827.0,2008493.0,2010102.0,2011747.0,2013401.0,2015037.0,2016656.0,2018313.0,2019941.0,2021685.0,2023449.0,2025107.0,2026850.0,2028421.0,2029945.0,2031712.0,2033416.0,2035109.0,2036736.0,2038521.0,2040342.0,2042111.0,2043813.0,2045491.0,2047118.0,2048593.0,2050128.0,2051671.0,2053295.0,2054956.0,2056528.0,2058100.0,2059614.0,2061036.0,2062587.0,2064248.0,2065909.0,2067502.0,2069036.0,2070605.0,2072124.0,2073841.0,2075499.0,2077160.0,2078843.0,2080477.0,2082071.0,2083732.0,2085428.0,2087055.0,2089119.0,2090868.0,2092473.0,2094091.0,2095817.0,2097554.0,2099351.0,2101131.0,2102907.0,2104752.0,2106408.0,2108061.0,2109692.0,2111354.0,2113032.0,2114924.0,2116606.0,2118281.0,2119926.0,2121661.0,2123426.0,2125192.0,2126874.0,2128643.0,2130371.0,2132238.0,2134012.0,2135824.0,2137545.0,2139244.0,2141046.0,2142631.0,2144420.0,2146198.0,2147962.0,2149779.0,2151497.0,2153163.0,2154689.0,2156373.0,2158153.0,2159934.0,2161683.0,2163324.0,2165066.0,2166717.0,2168421.0,2170222.0,2171967.0,2173663.0,2175410.0,2177126.0,2178746.0,2180338.0,2181864.0,2183476.0,2185072.0,2186816.0,2188593.0,2190308.0,2192050.0,2193833.0,2195514.0,2197347.0,2199013.0,,,,,,,,,2214546.0,2216279.0,2218115.0,2219910.0,2221860.0,2223806.0,2225631.0,2227272.0,2229158.0,2231179.0,2233259.0,2235150.0,2237305.0,2239156.0,2240937.0,2242871.0,2244825.0,2246830.0,2248824.0,2250407.0,2251864.0,2253503.0,2254994.0,2256618.0,2258129.0,2259712.0,2261401.0,2262944.0,2264501.0,2266055.0,2267732.0,2269413.0,2271123.0,2272644.0,2274049.0,2275745.0,2277451.0,2279195.0,2281230.0,2283028.0,2284776.0,2286426.0,2287981.0,2289677.0,2291442.0,2293154.0,2294953.0,2296751.0,2298530.0,2300025.0,2301496.0,2303146.0,2304757.0,2306566.0,2308299.0,2310036.0,2311703.0,2313322.0,2315082.0,2317158.0,2318964.0,2320488.0,2322032.0,2323631.0,2325216.0,2327077.0,2328884.0,2330538.0,2331959.0,2333460.0,2334973.0,2336587.0,2338202.0,2339927.0,2341590.0,2343242.0,2344987.0,2346521.0,2348031.0,2349615.0,2351238.0,2352795.0,2354620.0,2356516.0,2358442.0,2360005.0,2361481.0,2362928.0,2364342.0,2365678.0,2367094.0,2368335.0,2369672.0,2371029.0,2372450.0,2373881.0,2375350.0,2376821.0,2378150.0,2379460.0,2380825.0,2382180.0,2383587.0,2384991.0,2386341.0,2387602.0,2388826.0,2390083.0,2391497.0,2392878.0,2394337.0,2395729.0,2396956.0,2398266.0,2399617.0,2400791.0,2402035.0,2403349.0,2404665.0,2405892.0,2407175.0,,2409767.0,2411028.0,2412320.0,2413622.0,2414781.0,2415978.0,2417225.0,2418444.0,2419723.0,2420961.0,2422241.0,2423580.0,2424955.0,2426371.0,2428038.0,2431258.0,2433794.0,2436096.0,2438352.0,2440659.0,2442951.0,2445143.0,2447212.0,2449197.0,2451102.0,2452642.0,2454314.0,2455969.0,2457594.0,2459163.0,2460688.0,2462153.0,2463537.0,2464867.0,2466302.0,2467845.0,2469358.0,2470799.0,2472204.0,2473556.0,2474950.0,2476369.0,2477914.0,2479370.0,2480758.0,2482329.0,2483998.0,2485556.0,2487500.0,2489248.0,2490957.0,2492707.0,2494420.0,2495911.0,2497382.0,2499069.0,2500703.0,2502435.0,2504096.0,2505635.0,2507041.0,2508440.0,2509938.0,2511554.0,2513453.0,2515395.0,2517463.0,2519536.0,2521468.0,2523492.0,2525300.0,2527156.0,2529021.0,2530872.0,2532588.0,2534219.0,2536169.0,2538017.0,2539950.0,2541632.0,2543307.0,2544875.0,2546365.0,2547850.0,2549299.0,2550783.0,2552355.0,2553977.0,2555390.0,2556894.0,2558355.0,2559843.0,2561306.0,2562725.0,2563973.0,2565336.0,2566650.0,2568101.0,2569437.0,2570665.0,2571977.0,2573420.0,2574636.0,2575960.0,2577314.0,2578786.0,2580345.0,2581778.0,2583122.0,2584307.0,2585510.0,2586868.0,2588214.0,2589344
F0dhmslYFTI,4876676.0,4880344.0,4884364.0,4888305.0,4891984.0,4895449.0,4898773.0,4901849.0,4905074.0,4908582.0,4912629.0,4916205.0,4920149.0,4924294.0,4929017.0,4934235.0,4939444.0,4944254.0,4948439.0,4952378.0,4955971.0,4959509.0,4962768.0,4966336.0,4969786.0,4972550.0,4975244.0,4977992.0,4980645.0,4983714.0,4986943.0,4989909.0,4992721.0,4995274.0,4997882.0,5000410.0,5003037.0,5005721.0,5008158.0,5010732.0,5013200.0,5015609.0,5018229.0,5021043.0,5023888.0,5026883.0,5029575.0,5032270.0,5035108.0,5037822.0,5040487.0,5043318.0,5045934.0,5048299.0,5050909.0,5053354.0,5055828.0,5058359.0,5061225.0,5064257.0,5066790.0,5069560.0,5072250.0,5074869.0,5077604.0,5080470.0,5083182.0,5085586.0,5087613.0,5090502.0,5092771.0,5095196.0,5097981.0,5100802.0,5103277.0,5105563.0,5107714.0,5110048.0,5112252.0,5114593.0,5117011.0,5119225.0,5121388.0,5123624.0,5126147.0,5128754.0,5131512.0,5134041.0,5136529.0,5138614.0,5140763.0,5142922.0,5145333.0,5148419.0,5151895.0,5154738.0,5157042.0,5159219.0,5161312.0,5163409.0,5165902.0,5168711.0,5170971.0,5173046.0,5175363.0,5177797.0,5180429.0,5183735.0,5186863.0,5189339.0,5191634.0,5194262.0,5196919.0,5199822.0,5203163.0,5207067.0,5210617.0,5213598.0,5216522.0,5219501.0,5222528.0,5226129.0,5230017.0,5233422.0,5236716.0,5239759.0,5242872.0,5246414.0,5250710.0,5255422.0,5258945.0,5261981.0,5265711.0,5268992.0,,,,,,,,,5295805.0,5298866.0,5301263.0,5303492.0,5305682.0,5307885.0,5310207.0,5312982.0,5316093.0,5318228.0,5320059.0,5322327.0,5324605.0,5326841.0,5329586.0,5332148.0,5334351.0,5336319.0,5338262.0,5340050.0,5342079.0,5344470.0,5347356.0,5349833.0,5351793.0,5354006.0,5356288.0,5358597.0,5361212.0,5363769.0,5366063.0,5368338.0,5370704.0,5372892.0,5375357.0,5378167.0,5381004.0,5383147.0,5385299.0,5387089.0,5389314.0,5391627.0,5394268.0,5397166.0,5399591.0,5401778.0,5404025.0,5406361.0,5408699.0,5411282.0,5413874.0,5416217.0,5418279.0,5420448.0,5423060.0,5425613.0,5428316.0,5431126.0,5433809.0,5436684.0,5439643.0,5442393.0,5444746.0,5447445.0,5450066.0,5452755.0,5455829.0,5458781.0,5461796.0,5464596.0,5467693.0,5470598.0,5473295.0,5475890.0,5478641.0,5481532.0,5484397.0,5487793.0,5491625.0,5495085.0,5498385.0,5501324.0,5504548.0,5507681.0,5511197.0,5514797.0,5517734.0,5520662.0,5523273.0,5525789.0,5528552.0,5531761.0,5535336.0,5538359.0,5541216.0,5543998.0,5546656.0,5549464.0,5552788.0,5556270.0,5559513.0,5562495.0,5565579.0,5568529.0,5571843.0,5575541.0,5580019.0,5584355.0,5588411.0,5592093.0,5595838.0,5599755.0,5604992.0,5610806.0,5616152.0,5621002.0,5624945.0,5628231.0,5631603.0,5635819.0,5640064.0,,5646091.0,5648693.0,5651214.0,5654006.0,5657135.0,5660361.0,5663120.0,5665769.0,5668383.0,5670889.0,5673434.0,5676441.0,5679603.0,5682376.0,5684861.0,5687489.0,5690359.0,5693199.0,5696167.0,5699224.0,5702019.0,5704943.0,5707925.0,5711020.0,5714606.0,5718394.0,5722325.0,5725534.0,5728510.0,5731620.0,5734383.0,5737670.0,5740919.0,5744103.0,5747337.0,5750300.0,5753128.0,5756037.0,5759157.0,5762515.0,5765779.0,5768594.0,5771615.0,5774566.0,5777909.0,5781545.0,5785743.0,5789667.0,5793244.0,5796691.0,5800091.0,5803821.0,5807815.0,5810494.0,5812663.0,5814618.0,5816457.0,5818321.0,5820012.0,5821637.0,5823392.0,5825342.0,5827024.0,5828597.0,5830289.0,5831931.0,5833671.0,5835408.0,5837116.0,5838751.0,5840285.0,5841807.0,5843374.0,5845079.0,5847106.0,5849525.0,5851563.0,5853315.0,5855062.0,5856890.0,5858823.0,5860926.0,5862988.0,5864839.0,5866405.0,5867987.0,5869512.0,5871246.0,5873137.0,5875059.0,5876648.0,5878411.0,5880543.0,5882596.0,5884327.0,5886148.0,5887896.0,5889669.0,5891194.0,5892834.0,5894393.0,5895900.0,5897537.0,5899159.0,5900584.0,5901836.0,5903155.0,5904477.0,5905842.0,5907374.0,5908988.0,5910219.0,5911414.0,5912664
vREnTx5zq5Y,5442591.0,5444271.0,5446123.0,5448142.0,5449852.0,5451373.0,5452909.0,5454556.0,5456237.0,5457977.0,5459800.0,5461326.0,5463038.0,5464614.0,5466282.0,5467916.0,5469787.0,5471703.0,5473731.0,5475471.0,5477292.0,5479227.0,5481039.0,5482855.0,5484656.0,5486366.0,5488083.0,5489872.0,5491732.0,5493755.0,5497142.0,5500428.0,5502708.0,5504774.0,5506689.0,5508698.0,5510661.0,5512759.0,5514644.0,5516510.0,5518353.0,5520089.0,5521937.0,5523881.0,5525880.0,5527996.0,5529818.0,5531708.0,5533402.0,5535129.0,5536930.0,5538737.0,5540536.0,5542362.0,5544119.0,5545900.0,5547709.0,5549570.0,5551547.0,5553554.0,5555379.0,5557106.0,5558841.0,5560633.0,5562436.0,5564137.0,5565875.0,5567549.0,5569082.0,5571151.0,5572876.0,5574425.0,5576079.0,5577753.0,5579394.0,5581039.0,5582700.0,5584345.0,5586004.0,5587643.0,5589336.0,5590904.0,5592384.0,5593864.0,5595364.0,5596903.0,5598520.0,5600021.0,5601420.0,5602794.0,5604111.0,5605405.0,5606770.0,5608357.0,5609915.0,5611437.0,5612713.0,5614189.0,5615565.0,5616942.0,5618575.0,5620177.0,5621614.0,5622887.0,5624198.0,5625474.0,5626834.0,5628266.0,5629877.0,5631279.0,5632637.0,5633947.0,5635212.0,5636468.0,5637846.0,5639326.0,5640541.0,5641832.0,5642975.0,5644190.0,5645526.0,5646883.0,5648265.0,5649438.0,5650603.0,5651804.0,5652939.0,5654153.0,5655485.0,5656831.0,5658092.0,5659198.0,5660289.0,5661310.0,,,,,,,,,5671914.0,5673253.0,5674444.0,5675538.0,5676629.0,5677815.0,5678858.0,5680024.0,5681339.0,5682431.0,5683854.0,5685019.0,5686209.0,5687420.0,5688680.0,5689943.0,5691078.0,5692200.0,5693432.0,5694636.0,5695800.0,5697183.0,5698675.0,5699902.0,5701041.0,5702234.0,5703444.0,5704716.0,5705943.0,5707193.0,5708277.0,5709300.0,5710469.0,5711596.0,5712787.0,5714024.0,5715327.0,5716520.0,5717650.0,5718835.0,5719951.0,5721077.0,5722226.0,5723408.0,5724479.0,5725489.0,5726516.0,5727614.0,5728663.0,5729871.0,5731071.0,5732219.0,5733446.0,5734664.0,5735779.0,5736887.0,5738057.0,5739260.0,5740380.0,5741616.0,5742937.0,5744009.0,5745003.0,5746175.0,5747257.0,5748460.0,5749721.0,5750784.0,5751863.0,5752890.0,5754040.0,5755207.0,5756164.0,5757190.0,5758203.0,5759227.0,5760401.0,5761641.0,5762866.0,5763982.0,5765032.0,5766017.0,5767216.0,5768648.0,5769935.0,5771283.0,5772381.0,5773467.0,5774496.0,5775539.0,5776512.0,5777695.0,5778911.0,5779974.0,5781137.0,5782209.0,5783333.0,5784476.0,5785650.0,5786900.0,5787930.0,5788952.0,5789968.0,5791028.0,5792097.0,5793289.0,5794391.0,5795417.0,5796446.0,5797496.0,5798499.0,5799529.0,5800712.0,5801927.0,5802890.0,5803897.0,5804923.0,5806043.0,5807051.0,5808164.0,5809380.0,,5811444.0,5812635.0,5813687.0,5814757.0,5815973.0,5817269.0,5818364.0,5819355.0,5820449.0,5821494.0,5822580.0,5823808.0,5825075.0,5826226.0,5827462.0,5828968.0,5830434.0,5831886.0,5833434.0,5834999.0,5836410.0,5837700.0,5839113.0,5840551.0,5841948.0,5843303.0,5844510.0,5845702.0,5846897.0,5848118.0,5849390.0,5850736.0,5852168.0,5853458.0,5854634.0,5855783.0,5856943.0,5858162.0,5859529.0,5860877.0,5862241.0,5863612.0,5865157.0,5866631.0,5868102.0,5870889.0,5874171.0,5877174.0,5879705.0,5882126.0,5884517.0,5886906.0,5889085.0,5891436.0,5893816.0,5895899.0,5897827.0,5899858.0,5901767.0,5903805.0,5905957.0,5908048.0,5909916.0,5911666.0,5913465.0,5915210.0,5917041.0,5919037.0,5920852.0,5922698.0,5924385.0,5926158.0,5927760.0,5929347.0,5931167.0,5932868.0,5934519.0,5936041.0,5937513.0,5938960.0,5940436.0,5942046.0,5943625.0,5945112.0,5946514.0,5947977.0,5949517.0,5951029.0,5952703.0,5954365.0,5955877.0,5957335.0,5958824.0,5960294.0,5961531.0,5963119.0,5964587.0,5966065.0,5967611.0,5969126.0,5970840.0,5972786.0,5974569.0,5976331.0,5977875.0,5979350.0,5980768.0,5982243.0,5983713.0,5985157.0,5986659.0,5987963.0,5989363.0,5990767
iA4QNyMjY-I,7122999.0,7133779.0,7145046.0,7154970.0,7165556.0,7175213.0,7184405.0,7193400.0,7202501.0,7211916.0,7221259.0,7230550.0,7239140.0,7247492.0,7256649.0,7265631.0,7274603.0,7283582.0,7293473.0,7303221.0,7313087.0,7323023.0,7332434.0,7341218.0,7349927.0,7359566.0,7369417.0,7379673.0,7390362.0,7402325.0,7413894.0,7425865.0,7438952.0,7451645.0,7463982.0,7475704.0,7487165.0,7498132.0,7509540.0,7521790.0,7533367.0,7543879.0,7554533.0,7565058.0,7574684.0,7584692.0,7595619.0,7607445.0,7619172.0,7630041.0,7640360.0,7649915.0,7658705.0,7669403.0,7680736.0,7690965.0,7700902.0,7710931.0,7720809.0,7730524.0,7740816.0,7751424.0,7761643.0,7771627.0,7780720.0,7789633.0,7798368.0,7807569.0,7815791.0,7827100.0,7837113.0,7846440.0,7855555.0,7864275.0,7873325.0,7882075.0,7891152.0,7899837.0,7908613.0,7916638.0,7924509.0,7933293.0,7941745.0,7950421.0,7959383.0,7968077.0,7976539.0,7984987.0,7993895.0,8002526.0,8011622.0,8020600.0,8029213.0,8037767.0,8045950.0,8053991.0,8062101.0,8070021.0,8078100.0,8086308.0,8094925.0,8102819.0,8110903.0,8118537.0,8126579.0,8134473.0,8142637.0,8151120.0,8159753.0,8168455.0,8176987.0,8185896.0,8194263.0,8202148.0,8210105.0,8218586.0,8226604.0,8234442.0,8242621.0,8251076.0,8259110.0,8266451.0,8273882.0,8281402.0,8289315.0,8297601.0,8305983.0,8314135.0,8321854.0,8329363.0,8336959.0,8344972.0,8353435.0,8361368.0,,,,,,,,,8432484.0,8440178.0,8448188.0,8455434.0,8463183.0,8470923.0,8478474.0,8485310.0,8492702.0,8500172.0,8508038.0,8516336.0,8525184.0,8533405.0,8541115.0,8548971.0,8557286.0,8565748.0,8573643.0,8581375.0,8588907.0,8596349.0,8603912.0,8611986.0,8619886.0,8628431.0,8637071.0,8645206.0,8652738.0,8660233.0,8668143.0,8676200.0,8684119.0,8691608.0,8698269.0,8706045.0,8714168.0,8722157.0,8730504.0,8738774.0,8747246.0,8755197.0,8762879.0,8770436.0,8778548.0,8786542.0,8794584.0,8802741.0,8811035.0,8818972.0,8826634.0,8834721.0,8842912.0,8851298.0,8859358.0,8867176.0,8874668.0,8881798.0,8889519.0,8897657.0,8905334.0,8912123.0,8919034.0,8925872.0,8932327.0,8939488.0,8946951.0,8954205.0,8960259.0,8966894.0,8974107.0,8981416.0,8988694.0,8996047.0,9003983.0,9011670.0,9019648.0,9026639.0,9033569.0,9041267.0,9048801.0,9056424.0,9064387.0,9073905.0,9082732.0,9091210.0,9099082.0,9107116.0,9115208.0,9123250.0,9130582.0,9137765.0,9144598.0,9151503.0,9158515.0,9166128.0,9174106.0,9182131.0,9189562.0,9196650.0,9204274.0,9211549.0,9218814.0,9225937.0,9233200.0,9239877.0,9247036.0,9254999.0,9262758.0,9270366.0,9278163.0,9285881.0,9293236.0,9300107.0,9307203.0,9313938.0,9320461.0,9327088.0,9333949.0,9339991.0,9345850.0,,9358962.0,9365516.0,9372348.0,9378908.0,9385426.0,9391805.0,9398796.0,9405599.0,9412442.0,9419838.0,9427437.0,9435854.0,9444356.0,9453480.0,9467990.0,9502194.0,9531200.0,9554690.0,9576944.0,9597788.0,9618468.0,9638209.0,9656681.0,9673528.0,9688095.0,9700334.0,9711694.0,9723352.0,9734688.0,9744933.0,9755062.0,9765050.0,9774811.0,9783603.0,9792819.0,9802731.0,9812337.0,9821970.0,9831191.0,9840590.0,9850191.0,9860662.0,9871065.0,9881134.0,9890966.0,9900810.0,9911028.0,9921775.0,9932508.0,9943350.0,9953856.0,9964013.0,9973933.0,9983652.0,9993165.0,10002681.0,10012738.0,10023354.0,10033536.0,10043943.0,10054133.0,10064884.0,10075995.0,10087225.0,10098531.0,10109189.0,10119536.0,10130813.0,10141574.0,10153103.0,10164715.0,10175937.0,10186638.0,10197626.0,10208180.0,10218656.0,10230136.0,10241088.0,10252264.0,10263584.0,10274303.0,10284159.0,10293617.0,10303179.0,10312640.0,10322011.0,10331461.0,10340772.0,10349189.0,10357508.0,10365991.0,10374664.0,10383073.0,10391198.0,10399482.0,10408089.0,10416542.0,10424943.0,10432960.0,10440709.0,10448880.0,10457310.0,10465090.0,10472879.0,10480971.0,10489184.0,10497822.0,10506616.0,10514791.0,10522352.0,10529547.0,10537033.0,10544556.0,10551854
JeqxEUXsppY,177108.0,177365.0,177619.0,177889.0,178124.0,178342.0,178557.0,178785.0,179015.0,179259.0,179527.0,179730.0,179966.0,180176.0,180391.0,180614.0,180818.0,181042.0,181269.0,181472.0,181687.0,181907.0,182101.0,182275.0,182491.0,182686.0,182904.0,183069.0,183300.0,183488.0,183716.0,183925.0,184094.0,184303.0,184485.0,184658.0,184861.0,185067.0,185249.0,185496.0,185675.0,185870.0,186053.0,186224.0,186462.0,186637.0,186840.0,187027.0,187177.0,187326.0,187527.0,187708.0,187914.0,188117.0,188305.0,188502.0,188692.0,188875.0,189073.0,189305.0,189507.0,189679.0,189918.0,190100.0,190278.0,190498.0,190651.0,190831.0,190998.0,191217.0,191381.0,191585.0,191754.0,191955.0,192156.0,192352.0,192516.0,192697.0,192871.0,193031.0,193198.0,193366.0,193497.0,193660.0,193826.0,193981.0,194134.0,194289.0,194460.0,194634.0,194805.0,194959.0,195122.0,195286.0,195432.0,195583.0,195744.0,195900.0,196035.0,196174.0,196331.0,196520.0,196670.0,196802.0,196983.0,197130.0,197281.0,197428.0,197579.0,197713.0,197879.0,198007.0,198173.0,198316.0,198435.0,198616.0,198775.0,198924.0,199076.0,199208.0,199334.0,199473.0,199647.0,199768.0,199925.0,200096.0,200239.0,200404.0,200558.0,200736.0,200891.0,201040.0,201193.0,201344.0,,,,,,,,,202684.0,202881.0,203030.0,203186.0,203347.0,203470.0,203625.0,203772.0,203966.0,204160.0,204367.0,204527.0,204680.0,204824.0,204973.0,205119.0,205251.0,205448.0,205610.0,205761.0,205888.0,206062.0,206227.0,206351.0,206522.0,206679.0,206821.0,206945.0,207085.0,207220.0,207349.0,207468.0,207595.0,207743.0,207893.0,208053.0,208229.0,208353.0,208528.0,208653.0,208810.0,208986.0,209146.0,209337.0,209465.0,209623.0,209733.0,209858.0,210019.0,210164.0,210275.0,210427.0,210568.0,210745.0,210875.0,211003.0,211185.0,211309.0,211492.0,211688.0,211868.0,212056.0,212225.0,212414.0,212652.0,212853.0,213054.0,213244.0,213455.0,213598.0,213756.0,213933.0,214102.0,214300.0,214464.0,214671.0,214908.0,215125.0,215347.0,215525.0,215701.0,215857.0,216033.0,216239.0,216420.0,216592.0,216721.0,216913.0,217099.0,217312.0,217585.0,217706.0,217903.0,218053.0,218212.0,218384.0,218505.0,218674.0,218843.0,218984.0,219129.0,219256.0,219402.0,219530.0,219696.0,219860.0,220045.0,220184.0,220333.0,220507.0,220659.0,220856.0,221048.0,221285.0,221491.0,221694.0,221928.0,222116.0,222295.0,222540.0,222748.0,,223220.0,223438.0,223586.0,223806.0,224030.0,224197.0,224416.0,224679.0,224865.0,225033.0,225234.0,225472.0,225725.0,225922.0,226130.0,226481.0,226754.0,227089.0,227410.0,227731.0,228080.0,228313.0,228576.0,228868.0,229106.0,229362.0,229567.0,229815.0,230048.0,230287.0,230502.0,230738.0,230966.0,231186.0,231357.0,231608.0,231813.0,232069.0,232294.0,232539.0,232756.0,232982.0,233241.0,233509.0,233759.0,233967.0,234248.0,234544.0,234860.0,235245.0,235584.0,235863.0,236100.0,236446.0,236774.0,237154.0,237471.0,237770.0,238185.0,238626.0,239034.0,239433.0,239791.0,240244.0,240832.0,241328.0,241706.0,242104.0,242516.0,243053.0,243542.0,244033.0,244510.0,244912.0,245398.0,245929.0,246498.0,247002.0,247455.0,247836.0,248225.0,248616.0,248933.0,249185.0,249435.0,249683.0,249959.0,250206.0,250487.0,250776.0,251067.0,251334.0,251548.0,251836.0,252101.0,252373.0,252647.0,252876.0,253172.0,253453.0,253702.0,253975.0,254257.0,254534.0,254803.0,255015.0,255245.0,255505.0,255765.0,256047.0,256328.0,256601.0,256893.0,257204
sS551-_N0e0,219123.0,219237.0,219398.0,219538.0,219711.0,219853.0,220038.0,220173.0,220318.0,220407.0,220526.0,220664.0,220786.0,220908.0,221070.0,221249.0,221364.0,221533.0,221667.0,221821.0,221974.0,222114.0,222254.0,222363.0,222476.0,222605.0,222739.0,222838.0,222950.0,223093.0,223197.0,223292.0,223425.0,223542.0,223671.0,223803.0,223901.0,224006.0,224123.0,224251.0,224405.0,224534.0,224691.0,224848.0,224984.0,225080.0,225182.0,225273.0,225404.0,225512.0,225630.0,225732.0,225826.0,225922.0,226057.0,226202.0,226346.0,226486.0,226634.0,226741.0,226837.0,226984.0,227148.0,227276.0,227394.0,227497.0,227604.0,227724.0,227836.0,227991.0,228119.0,228298.0,228459.0,228561.0,228678.0,228778.0,228918.0,229058.0,229232.0,229361.0,229479.0,229591.0,229780.0,229957.0,230114.0,230326.0,230478.0,230610.0,230733.0,230870.0,230997.0,231115.0,231207.0,231314.0,231394.0,231492.0,231593.0,231715.0,231827.0,231949.0,232041.0,232175.0,232297.0,232392.0,232471.0,232546.0,232633.0,232717.0,232796.0,232896.0,233011.0,233093.0,233197.0,233331.0,233422.0,233524.0,233636.0,233751.0,233851.0,233944.0,234023.0,234105.0,234184.0,234258.0,234342.0,234429.0,234526.0,234605.0,234683.0,234748.0,234830.0,234904.0,234991.0,235065.0,,,,,,,,,235659.0,235725.0,235827.0,235901.0,235978.0,236074.0,236143.0,236204.0,236282.0,236343.0,236422.0,236513.0,236603.0,236692.0,236768.0,236832.0,236920.0,237003.0,237083.0,237149.0,237221.0,237295.0,237370.0,237449.0,237525.0,237592.0,237682.0,237776.0,237855.0,237932.0,238008.0,238072.0,238200.0,238281.0,238369.0,238433.0,238498.0,238619.0,238738.0,238852.0,238950.0,239055.0,239163.0,239235.0,239337.0,239465.0,239585.0,239748.0,239836.0,239949.0,240061.0,240187.0,240311.0,240498.0,240618.0,240745.0,240900.0,241054.0,241206.0,241368.0,241516.0,241695.0,241844.0,241965.0,242077.0,242206.0,242372.0,242504.0,242612.0,242717.0,242850.0,243017.0,243196.0,243407.0,243619.0,243811.0,244003.0,244147.0,244284.0,244496.0,244657.0,244814.0,245026.0,245259.0,245443.0,245574.0,245740.0,245941.0,246117.0,246331.0,246490.0,246564.0,246672.0,246791.0,246906.0,247020.0,247157.0,247279.0,247369.0,247458.0,247574.0,247708.0,247856.0,247973.0,248098.0,248174.0,248236.0,248325.0,248436.0,248513.0,248588.0,248652.0,248733.0,248783.0,248846.0,248900.0,248964.0,249026.0,249095.0,249147.0,249200.0,,249298.0,249373.0,249415.0,249470.0,249521.0,249571.0,249614.0,249664.0,249718.0,249768.0,249808.0,249855.0,249903.0,249950.0,249993.0,250052.0,250127.0,250234.0,250413.0,250558.0,250630.0,250687.0,250751.0,250814.0,250857.0,250916.0,250966.0,251022.0,251096.0,251144.0,251198.0,251233.0,251283.0,251333.0,251389.0,251477.0,251531.0,251596.0,251638.0,251699.0,251749.0,251806.0,251869.0,251942.0,252000.0,252054.0,252129.0,252245.0,252330.0,252434.0,252507.0,252570.0,252641.0,252713.0,252778.0,252849.0,252916.0,253059.0,253267.0,253493.0,253706.0,253851.0,254035.0,254235.0,254471.0,254631.0,254888.0,255093.0,255558.0,255797.0,256064.0,256325.0,256539.0,256719.0,256995.0,257123.0,257355.0,257539.0,257807.0,257976.0,258127.0,258281.0,258471.0,258555.0,258663.0,258749.0,258826.0,258959.0,259050.0,259121.0,259284.0,259471.0,259576.0,259661.0,259815.0,259905.0,260007.0,260096.0,260215.0,260327.0,260407.0,260519.0,260603.0,260676.0,260797.0,260919.0,261069.0,261205.0,261321.0,261432.0,261521.0,261639.0,261777.0,261911
H08DqiMhtv8,165778.0,165877.0,165985.0,166094.0,166194.0,166288.0,166393.0,166501.0,166584.0,166677.0,166762.0,166851.0,166940.0,167032.0,167120.0,167220.0,167312.0,167410.0,167501.0,167592.0,167687.0,167759.0,167833.0,167923.0,167982.0,168058.0,168138.0,168209.0,168280.0,168355.0,168439.0,168515.0,168600.0,168677.0,168752.0,168821.0,168901.0,168981.0,169056.0,169134.0,169220.0,169298.0,169390.0,169480.0,169547.0,169636.0,169733.0,169831.0,169932.0,170030.0,170121.0,170196.0,170288.0,170364.0,170448.0,170518.0,170603.0,170696.0,170749.0,170832.0,170911.0,170997.0,171091.0,171173.0,171244.0,171332.0,171408.0,171501.0,171571.0,171669.0,171758.0,171829.0,171922.0,172022.0,172131.0,172211.0,172294.0,172364.0,172445.0,172540.0,172607.0,172687.0,172763.0,172869.0,172953.0,173055.0,173150.0,173217.0,173313.0,173394.0,173466.0,173550.0,173611.0,173698.0,173758.0,173832.0,173890.0,173965.0,174044.0,174133.0,174215.0,174298.0,174373.0,174475.0,174540.0,174626.0,174703.0,174778.0,174853.0,174916.0,174991.0,175064.0,175152.0,175236.0,175337.0,175400.0,175475.0,175529.0,175597.0,175676.0,175734.0,175797.0,175879.0,175973.0,176040.0,176136.0,176232.0,176295.0,176391.0,176476.0,176555.0,176613.0,176686.0,176771.0,,,,,,,,,177401.0,177465.0,177539.0,177590.0,177645.0,177720.0,177765.0,177813.0,177864.0,177933.0,178010.0,178078.0,178161.0,178249.0,178307.0,178379.0,178445.0,178516.0,178575.0,178619.0,178673.0,178740.0,178810.0,178862.0,178915.0,178972.0,179024.0,179099.0,179159.0,179224.0,179290.0,179336.0,179419.0,179483.0,179539.0,179616.0,179694.0,179755.0,179820.0,179918.0,179999.0,180050.0,180125.0,180171.0,180253.0,180322.0,180410.0,180484.0,180552.0,180637.0,180708.0,180786.0,180861.0,180949.0,181013.0,181080.0,181154.0,181220.0,181299.0,181379.0,181444.0,181521.0,181572.0,181619.0,181679.0,181740.0,181819.0,181912.0,181982.0,182038.0,182100.0,182163.0,182235.0,182293.0,182375.0,182469.0,182539.0,182625.0,182705.0,182762.0,182842.0,182920.0,182988.0,183075.0,183160.0,183239.0,183328.0,183396.0,183482.0,183600.0,183702.0,183858.0,183970.0,184074.0,184166.0,184272.0,184384.0,184501.0,184619.0,184725.0,184818.0,184923.0,185053.0,185159.0,185239.0,185306.0,185379.0,185468.0,185583.0,185690.0,185768.0,185844.0,185938.0,186012.0,186088.0,186158.0,186252.0,186319.0,186383.0,186444.0,186498.0,,186631.0,186680.0,186749.0,186789.0,186856.0,186914.0,186952.0,187011.0,187045.0,187103.0,187150.0,187206.0,187262.0,187316.0,187400.0,187451.0,187522.0,187575.0,187625.0,187710.0,187767.0,187803.0,187856.0,187926.0,187992.0,188036.0,188084.0,188130.0,188200.0,188270.0,188349.0,188403.0,188454.0,188503.0,188571.0,188621.0,188672.0,188718.0,188778.0,188841.0,188891.0,188928.0,188987.0,189037.0,189087.0,189150.0,189229.0,189314.0,189388.0,189447.0,189509.0,189592.0,189646.0,189700.0,189766.0,189806.0,189840.0,189899.0,189954.0,190001.0,190066.0,190130.0,190189.0,190244.0,190315.0,190393.0,190477.0,190554.0,190624.0,190684.0,190737.0,190802.0,190868.0,190935.0,191006.0,191095.0,191154.0,191220.0,191294.0,191363.0,191429.0,191527.0,191580.0,191632.0,191694.0,191758.0,191808.0,191863.0,191926.0,191994.0,192051.0,192124.0,192171.0,192225.0,192279.0,192343.0,192407.0,192458.0,192508.0,192571.0,192642.0,192695.0,192767.0,192811.0,192864.0,192923.0,193011.0,193104.0,193163.0,193220.0,193290.0,193358.0,193429.0,193481
2p6qgow8Ko8,49498.0,49541.0,49584.0,49613.0,49672.0,49715.0,49778.0,49834.0,49884.0,49932.0,49983.0,50050.0,50096.0,50124.0,50156.0,50183.0,50226.0,50254.0,50284.0,50316.0,50358.0,50392.0,50429.0,50453.0,50486.0,50522.0,50565.0,50593.0,50638.0,50689.0,50715.0,50743.0,50779.0,50824.0,50851.0,50879.0,50915.0,50976.0,51011.0,51064.0,51102.0,51151.0,51178.0,51215.0,51243.0,51275.0,51304.0,51340.0,51376.0,51413.0,51447.0,51469.0,51490.0,51521.0,51567.0,51600.0,51656.0,51691.0,51730.0,51763.0,51791.0,51831.0,51881.0,51914.0,51950.0,51983.0,52007.0,52044.0,52073.0,52122.0,52163.0,52199.0,52243.0,52287.0,52309.0,52350.0,52385.0,52419.0,52461.0,52478.0,52506.0,52545.0,52598.0,52655.0,52703.0,52763.0,52800.0,52837.0,52870.0,52906.0,52942.0,52963.0,53004.0,53025.0,53056.0,53087.0,53131.0,53172.0,53200.0,53246.0,53285.0,53315.0,53368.0,53409.0,53444.0,53482.0,53521.0,53554.0,53586.0,53624.0,53663.0,53704.0,53750.0,53808.0,53847.0,53889.0,53924.0,53979.0,54029.0,54073.0,54100.0,54123.0,54152.0,54188.0,54214.0,54241.0,54276.0,54304.0,54323.0,54345.0,54362.0,54391.0,54414.0,54441.0,,,,,,,,,54704.0,54732.0,54763.0,54797.0,54833.0,54874.0,54903.0,54932.0,54962.0,55000.0,55036.0,55082.0,55121.0,55145.0,55184.0,55214.0,55237.0,55269.0,55302.0,55338.0,55358.0,55381.0,55403.0,55429.0,55465.0,55491.0,55511.0,55539.0,55556.0,55582.0,55607.0,55642.0,55685.0,55724.0,55766.0,55786.0,55803.0,55836.0,55868.0,55914.0,55954.0,55983.0,56008.0,56031.0,56055.0,56090.0,56129.0,56165.0,56194.0,56227.0,56255.0,56280.0,56320.0,56361.0,56409.0,56441.0,56472.0,56495.0,56519.0,56544.0,56573.0,56598.0,56627.0,56655.0,56686.0,56725.0,56768.0,56807.0,56832.0,56862.0,56898.0,56920.0,56950.0,56998.0,57036.0,57068.0,57110.0,57131.0,57158.0,57188.0,57221.0,57247.0,57282.0,57315.0,57346.0,57372.0,57409.0,57446.0,57480.0,57518.0,57545.0,57567.0,57590.0,57617.0,57644.0,57674.0,57697.0,57736.0,57757.0,57786.0,57822.0,57844.0,57881.0,57921.0,57951.0,57981.0,58010.0,58046.0,58069.0,58101.0,58131.0,58171.0,58206.0,58236.0,58288.0,58329.0,58381.0,58426.0,58465.0,58521.0,58564.0,,58667.0,58738.0,58826.0,58915.0,59008.0,59082.0,59126.0,59174.0,59241.0,59293.0,59355.0,59405.0,59450.0,59512.0,59589.0,59649.0,59761.0,59887.0,59973.0,60042.0,60150.0,60231.0,60314.0,60358.0,60416.0,60456.0,60497.0,60550.0,60589.0,60647.0,60684.0,60726.0,60757.0,60780.0,60811.0,60859.0,60919.0,60968.0,61017.0,61046.0,61088.0,61124.0,61165.0,61203.0,61243.0,61282.0,61324.0,61377.0,61440.0,61517.0,61586.0,61638.0,61698.0,61739.0,61767.0,61812.0,61864.0,61894.0,61956.0,62055.0,62131.0,62197.0,62277.0,62350.0,62406.0,62469.0,62538.0,62610.0,62669.0,62722.0,62807.0,62890.0,62968.0,63053.0,63137.0,63197.0,63284.0,63376.0,63479.0,63555.0,63635.0,63691.0,63746.0,63788.0,63836.0,63893.0,63954.0,63988.0,64024.0,64055.0,64087.0,64128.0,64170.0,64211.0,64268.0,64342.0,64398.0,64457.0,64530.0,64586.0,64636.0,64682.0,64719.0,64740.0,64788.0,64843.0,64919.0,64977.0,65033.0,65093.0,65129.0,65169.0,65225.0,65270
tu3J0IQr_Zw,348950.0,349025.0,349095.0,349153.0,349243.0,349331.0,349415.0,349512.0,349584.0,349666.0,349744.0,349804.0,349876.0,349983.0,350059.0,350137.0,350198.0,350281.0,350352.0,350445.0,350514.0,350587.0,350644.0,350698.0,350750.0,350799.0,350845.0,350889.0,350923.0,350975.0,351028.0,351074.0,351116.0,351190.0,351253.0,351310.0,351372.0,351442.0,351503.0,351561.0,351615.0,351671.0,351736.0,351796.0,351842.0,351882.0,351933.0,351978.0,352035.0,352087.0,352152.0,352203.0,352233.0,352294.0,352357.0,352402.0,352455.0,352504.0,352559.0,352594.0,352662.0,352717.0,352773.0,352931.0,353353.0,353679.0,353886.0,354073.0,354180.0,354352.0,354444.0,354571.0,354674.0,354768.0,354836.0,354922.0,355001.0,355072.0,355151.0,355248.0,355317.0,355393.0,355465.0,355532.0,355604.0,355665.0,355732.0,355782.0,355849.0,355920.0,355964.0,356035.0,356119.0,356201.0,356312.0,356369.0,356434.0,356492.0,356560.0,356632.0,356684.0,356732.0,356783.0,356838.0,356909.0,356977.0,357041.0,357105.0,357168.0,357222.0,357288.0,357346.0,357407.0,357502.0,357577.0,357623.0,357688.0,357758.0,357828.0,357885.0,357948.0,358027.0,358082.0,358177.0,358216.0,358277.0,358309.0,358327.0,358383.0,358475.0,358543.0,358616.0,358664.0,358721.0,,,,,,,,,359764.0,359887.0,359991.0,360100.0,360181.0,360426.0,361099.0,361432.0,361742.0,361929.0,362160.0,362339.0,362494.0,362622.0,362744.0,362859.0,362990.0,363109.0,363229.0,363332.0,363438.0,363527.0,363615.0,363698.0,363765.0,363825.0,363913.0,364003.0,364085.0,364163.0,364254.0,364348.0,364425.0,364490.0,364560.0,364642.0,364723.0,364828.0,364934.0,365040.0,365138.0,365242.0,365323.0,365426.0,365536.0,365618.0,365708.0,365795.0,365892.0,365953.0,366009.0,366096.0,366176.0,366248.0,366313.0,366406.0,366496.0,366573.0,366641.0,366731.0,366799.0,366886.0,366970.0,367062.0,367140.0,367229.0,367333.0,367445.0,367540.0,367642.0,367726.0,367827.0,367921.0,368029.0,368143.0,368265.0,368364.0,368432.0,368548.0,368703.0,368798.0,368875.0,368978.0,369058.0,369132.0,369222.0,369304.0,369394.0,369481.0,369554.0,369658.0,369751.0,369825.0,369925.0,370032.0,370129.0,370229.0,370326.0,370408.0,370482.0,370566.0,370655.0,370753.0,370845.0,370945.0,371010.0,371089.0,371160.0,371261.0,371347.0,371447.0,371602.0,371716.0,371873.0,371990.0,372115.0,372222.0,372332.0,372523.0,372725.0,372866.0,,373213.0,373393.0,373601.0,373804.0,373958.0,374079.0,374206.0,374386.0,374561.0,374713.0,374882.0,375053.0,375180.0,375305.0,375462.0,375605.0,375776.0,376048.0,376174.0,376339.0,376546.0,376708.0,376948.0,377114.0,377310.0,377531.0,377680.0,377847.0,377990.0,378148.0,378290.0,378518.0,378737.0,378901.0,379097.0,379233.0,379438.0,379635.0,379812.0,379975.0,380139.0,380331.0,380519.0,380713.0,380875.0,381172.0,381382.0,381604.0,382015.0,382427.0,382825.0,383198.0,383608.0,384066.0,384439.0,385169.0,385593.0,386087.0,386845.0,387842.0,388652.0,389368.0,390109.0,391213.0,392666.0,394201.0,395113.0,395816.0,396334.0,396951.0,397489.0,398422.0,399207.0,399762.0,400490.0,401085.0,401943.0,402934.0,403912.0,404926.0,405793.0,406529.0,407003.0,407346.0,407839.0,408216.0,408618.0,409038.0,409446.0,409767.0,410080.0,410465.0,410852.0,411408.0,411939.0,412350.0,412692.0,413142.0,413660.0,414109.0,414606.0,415062.0,415417.0,415729.0,416129.0,416552.0,416992.0,417338.0,417783.0,418133.0,418511.0,418908.0,419331.0,419796
y2H_5gjqv2w,5409623.0,5411118.0,5412626.0,5414119.0,5415824.0,5417557.0,5419428.0,5421522.0,5423639.0,5425389.0,5427121.0,5429155.0,5431284.0,5433321.0,5435391.0,5437288.0,5439083.0,5440626.0,5442408.0,5444294.0,5446298.0,5448159.0,5449966.0,5451571.0,5453009.0,5454547.0,5455988.0,5457485.0,5459065.0,5460686.0,5462047.0,5463403.0,5464937.0,5466512.0,5468101.0,5469694.0,5471384.0,5472928.0,5474401.0,5476002.0,5477500.0,5478958.0,5480677.0,5482311.0,5483927.0,5485462.0,5487163.0,5489003.0,5490837.0,5492727.0,5494357.0,5496070.0,5497560.0,5499245.0,5501034.0,5502851.0,5504582.0,5506509.0,5508558.0,5510444.0,5512631.0,5514758.0,5516836.0,5518800.0,5520786.0,5522582.0,5524091.0,5525799.0,5527350.0,5529459.0,5531072.0,5532619.0,5534269.0,5535692.0,5537181.0,5538881.0,5540514.0,5542083.0,5543668.0,5545230.0,5546538.0,5547993.0,5549424.0,5550829.0,5552225.0,5553833.0,5555315.0,5556704.0,5558257.0,5559642.0,5561083.0,5562654.0,5564286.0,5565826.0,5567497.0,5569118.0,5570796.0,5572448.0,5574043.0,5575720.0,5577377.0,5578829.0,5580447.0,5582218.0,5583913.0,5585505.0,5586987.0,5588398.0,5589801.0,5591348.0,5592953.0,5594354.0,5595735.0,5597125.0,5598361.0,5599522.0,5600670.0,5601915.0,5603335.0,5604811.0,5606243.0,5607365.0,5608505.0,5609670.0,5610907.0,5612154.0,5613495.0,5614967.0,5616359.0,5617563.0,5619172.0,5620843.0,5622431.0,5623828.0,,,,,,,,,5636702.0,5637849.0,5639234.0,5640457.0,5641615.0,5642736.0,5643794.0,5644877.0,5646191.0,5647603.0,5648919.0,5650280.0,5651588.0,5652921.0,5654076.0,5655181.0,5656420.0,5657976.0,5659706.0,5661151.0,5662454.0,5663858.0,5665157.0,5666559.0,5667943.0,5669281.0,5670606.0,5671905.0,5673031.0,5674098.0,5675358.0,5676652.0,5678281.0,5679997.0,5681714.0,5683196.0,5684641.0,5686199.0,5687716.0,5689168.0,5690633.0,5691944.0,5693138.0,5694343.0,5695732.0,5697188.0,5698692.0,5700214.0,5701744.0,5703110.0,5704254.0,5705563.0,5706823.0,5708070.0,5709106.0,5710479.0,5711572.0,5712806.0,5714370.0,5715818.0,5717231.0,5718372.0,5719508.0,5720913.0,5721984.0,5723216.0,5724453.0,5725661.0,5726696.0,5727847.0,5728979.0,5730147.0,5731401.0,5732757.0,5734125.0,5735427.0,5736893.0,5738086.0,5739161.0,5740481.0,5741773.0,5742890.0,5745009.0,5747755.0,5749631.0,5751052.0,5752647.0,5754156.0,5755723.0,5757136.0,5758573.0,5759944.0,5761132.0,5762284.0,5763545.0,5764802.0,5766051.0,5767276.0,5768417.0,5769546.0,5770700.0,5771834.0,5773046.0,5774167.0,5775293.0,5776233.0,5777052.0,5778014.0,5779002.0,5779961.0,5781171.0,5782224.0,5783188.0,5783912.0,5784861.0,5785564.0,5786415.0,5787342.0,5788321.0,5789248.0,5790172.0,,5792159.0,5793318.0,5794352.0,5795412.0,5796441.0,5797362.0,5798421.0,5799433.0,5800561.0,5801586.0,5802809.0,5803838.0,5804800.0,5805901.0,5806988.0,5807971.0,5809011.0,5810112.0,5811273.0,5812448.0,5813699.0,5815081.0,5816358.0,5817624.0,5818640.0,5819850.0,5820762.0,5821701.0,5822728.0,5823902.0,5825091.0,5826376.0,5827518.0,5828560.0,5829725.0,5830941.0,5832208.0,5833399.0,5834664.0,5835716.0,5836728.0,5837909.0,5839004.0,5840101.0,5841180.0,5842234.0,5843147.0,5843999.0,5845074.0,5846673.0,5848478.0,5849870.0,5851058.0,5852189.0,5853135.0,5854299.0,5855335.0,5856424.0,5857582.0,5858586.0,5859566.0,5860487.0,5861365.0,5862559.0,5863778.0,5864843.0,5865802.0,5866700.0,5867501.0,5868473.0,5869435.0,5870401.0,5871390.0,5872351.0,5873350.0,5874245.0,5875395.0,5876481.0,5877574.0,5878625.0,5879830.0,5880854.0,5881777.0,5883075.0,5884187.0,5885472.0,5886767.0,5888080.0,5889195.0,5890333.0,5891247.0,5892488.0,5893552.0,5894629.0,5895654.0,5896582.0,5897665.0,5898654.0,5899687.0,5900637.0,5901673.0,5902697.0,5903596.0,5904521.0,5905538.0,5906642.0,5907840.0,5908950.0,5909982.0,5910878.0,5911731.0,5912832.0,5914078.0,5915219
mfPJpqrnUoE,1229.0,1230.0,1232.0,1232.0,1232.0,1232.0,1233.0,1233.0,1235.0,1235.0,1236.0,1236.0,1236.0,1235.0,1235.0,1235.0,1235.0,1235.0,1235.0,1235.0,1236.0,1236.0,1236.0,1236.0,1236.0,1236.0,1236.0,1237.0,1238.0,1238.0,1238.0,1239.0,1239.0,1239.0,1239.0,1240.0,1240.0,1242.0,1242.0,1243.0,1243.0,1243.0,1243.0,1244.0,1246.0,1246.0,1246.0,1246.0,1247.0,1247.0,1247.0,1247.0,1247.0,1247.0,1247.0,1247.0,1247.0,1249.0,1249.0,1249.0,1249.0,1249.0,1249.0,1252.0,1252.0,1254.0,1255.0,1256.0,1257.0,1257.0,1257.0,1258.0,1258.0,1258.0,1258.0,1258.0,1259.0,1259.0,1259.0,1260.0,1260.0,1260.0,1260.0,1260.0,1260.0,1260.0,1260.0,1260.0,1260.0,1263.0,1263.0,1263.0,1263.0,1263.0,1263.0,1263.0,1263.0,1263.0,1263.0,1263.0,1264.0,1264.0,1264.0,1265.0,1265.0,1265.0,1266.0,1266.0,1266.0,1266.0,1266.0,1266.0,1266.0,1266.0,1268.0,1269.0,1269.0,1269.0,1269.0,1269.0,1270.0,1270.0,1273.0,1273.0,1273.0,1273.0,1273.0,1273.0,1273.0,1274.0,1274.0,1274.0,1274.0,1275.0,,,,,,,,,1278.0,1278.0,1279.0,1279.0,1279.0,1280.0,1281.0,1281.0,1281.0,1281.0,1281.0,1281.0,1281.0,1281.0,1281.0,1281.0,1282.0,1282.0,1283.0,1284.0,1284.0,1284.0,1284.0,1284.0,1286.0,1286.0,1286.0,1287.0,1288.0,1289.0,1289.0,1290.0,1292.0,1292.0,1292.0,1292.0,1293.0,1293.0,1293.0,1295.0,1295.0,1294.0,1296.0,1297.0,1297.0,1296.0,1296.0,1296.0,1296.0,1296.0,1297.0,1297.0,1297.0,1297.0,1297.0,1297.0,1297.0,1301.0,1301.0,1301.0,1299.0,1299.0,1299.0,1299.0,1300.0,1305.0,1305.0,1305.0,1305.0,1305.0,1305.0,1305.0,1305.0,1306.0,1306.0,1305.0,1305.0,1305.0,1305.0,1306.0,1307.0,1308.0,1310.0,1311.0,1311.0,1311.0,1311.0,1311.0,1311.0,1311.0,1312.0,1312.0,1312.0,1312.0,1314.0,1315.0,1314.0,1314.0,1314.0,1314.0,1314.0,1314.0,1314.0,1315.0,1315.0,1315.0,1316.0,1317.0,1317.0,1316.0,1316.0,1316.0,1317.0,1318.0,1318.0,1318.0,1318.0,1318.0,1318.0,1319.0,1319.0,,1320.0,1320.0,1320.0,1320.0,1320.0,1321.0,1321.0,1321.0,1322.0,1323.0,1323.0,1324.0,1324.0,1324.0,1324.0,1324.0,1324.0,1324.0,1325.0,1325.0,1325.0,1325.0,1325.0,1325.0,1325.0,1325.0,1326.0,1327.0,1327.0,1327.0,1328.0,1329.0,1329.0,1329.0,1330.0,1330.0,1330.0,1331.0,1331.0,1331.0,1331.0,1332.0,1332.0,1332.0,1332.0,1332.0,1334.0,1334.0,1334.0,1334.0,1334.0,1334.0,1334.0,1337.0,1337.0,1337.0,1338.0,1339.0,1339.0,1339.0,1340.0,1340.0,1341.0,1343.0,1343.0,1343.0,1344.0,1345.0,1346.0,1346.0,1347.0,1348.0,1348.0,1348.0,1350.0,1350.0,1350.0,1350.0,1352.0,1352.0,1352.0,1351.0,1351.0,1352.0,1353.0,1353.0,1353.0,1354.0,1354.0,1354.0,1354.0,1355.0,1355.0,1355.0,1355.0,1355.0,1355.0,1355.0,1355.0,1355.0,1355.0,1355.0,1355.0,1356.0,1356.0,1357.0,1357.0,1357.0,1357.0,1357.0,1357.0,1357.0,1357.0,1357
jI5p2ePoVcc,31535979.0,31541265.0,31547414.0,31553079.0,31558572.0,31564286.0,31569677.0,31575578.0,31581792.0,31587914.0,31594027.0,31599536.0,31605342.0,31611717.0,31617871.0,31623655.0,31629690.0,31635434.0,31641093.0,31646711.0,31652690.0,31658682.0,31665011.0,31670771.0,31676209.0,31681598.0,31687604.0,31693874.0,31699880.0,31705445.0,31710469.0,31715742.0,31720860.0,31726407.0,31731886.0,31736970.0,31742116.0,31747258.0,31752336.0,31757580.0,31762613.0,31767532.0,31772381.0,31777423.0,31782693.0,31788071.0,31793458.0,31798962.0,31804533.0,31809440.0,31814339.0,31819870.0,31825534.0,31831006.0,31836820.0,31842317.0,31847789.0,31853419.0,31859374.0,31865565.0,31871501.0,31877842.0,31883930.0,31889723.0,31895302.0,31900873.0,31906532.0,31911479.0,31915974.0,31921990.0,31927361.0,31932236.0,31937373.0,31942349.0,31947412.0,31952503.0,31957358.0,31962334.0,31967609.0,31972633.0,31977553.0,31982581.0,31987521.0,31992598.0,31998318.0,32004095.0,32009694.0,32014890.0,32020081.0,32025288.0,32030389.0,32035531.0,32041052.0,32046804.0,32052601.0,32057731.0,32062666.0,32067616.0,32072618.0,32077710.0,32083027.0,32088378.0,32093344.0,32097946.0,32102807.0,32108042.0,32113162.0,32118092.0,32123111.0,32128090.0,32132840.0,32137959.0,32143038.0,32148022.0,32153224.0,32158128.0,32162565.0,32166945.0,32171323.0,32175633.0,32180172.0,32184844.0,32189547.0,32193832.0,32198270.0,32202643.0,32207114.0,32211898.0,32216776.0,32221732.0,32226144.0,32230372.0,32234734.0,32238890.0,,,,,,,,,32279127.0,32283625.0,32287705.0,32291862.0,32296022.0,32300299.0,32304741.0,32309330.0,32314621.0,32319579.0,32324597.0,32330053.0,32335481.0,32340365.0,32344833.0,32349465.0,32353571.0,32358072.0,32362485.0,32366531.0,32370757.0,32375254.0,32379628.0,32383929.0,32388250.0,32392718.0,32397447.0,32402133.0,32406729.0,32411259.0,32415609.0,32420042.0,32424555.0,32429003.0,32433315.0,32437783.0,32442174.0,32446290.0,32450692.0,32455094.0,32459405.0,32463694.0,32468288.0,32472751.0,32477164.0,32481363.0,32485668.0,32490062.0,32494588.0,32499017.0,32503378.0,32507488.0,32511659.0,32515896.0,32520014.0,32524453.0,32528882.0,32533015.0,32537267.0,32541624.0,32545851.0,32549544.0,32553339.0,32557590.0,32561687.0,32565945.0,32570298.0,32574858.0,32579161.0,32583170.0,32587578.0,32592001.0,32596313.0,32600714.0,32605122.0,32609627.0,32614572.0,32619619.0,32624409.0,32628648.0,32632903.0,32636927.0,32641360.0,32645980.0,32650436.0,32654804.0,32658804.0,32662937.0,32667145.0,32671418.0,32675661.0,32680128.0,32684538.0,32688446.0,32692446.0,32696465.0,32700388.0,32704451.0,32708933.0,32713006.0,32716784.0,32720557.0,32724354.0,32728074.0,32731772.0,32735690.0,32739344.0,32742938.0,32746363.0,32749911.0,32753573.0,32757159.0,32761111.0,32764904.0,32768605.0,32772142.0,32775572.0,32779143.0,32782917.0,32786749.0,32790327.0,,32797776.0,32801546.0,32805066.0,32808623.0,32812687.0,32816730.0,32820377.0,32824618.0,32830695.0,32836001.0,32841309.0,32846560.0,32851424.0,32856445.0,32861458.0,32866224.0,32871153.0,32876079.0,32881080.0,32885936.0,32890330.0,32894620.0,32898853.0,32902800.0,32906830.0,32910848.0,32915129.0,32918931.0,32922642.0,32925961.0,32929566.0,32933052.0,32936706.0,32940039.0,32943658.0,32947356.0,32951147.0,32954944.0,32958692.0,32962272.0,32965953.0,32969478.0,32972867.0,32976280.0,32979754.0,32983280.0,32986958.0,32990352.0,32993763.0,32997053.0,33000392.0,33003842.0,33007060.0,33010432.0,33013752.0,33016929.0,33020047.0,33023259.0,33026453.0,33029708.0,33033101.0,33036460.0,33039667.0,33042933.0,33046284.0,33049733.0,33053256.0,33056735.0,33060131.0,33063383.0,33066615.0,33069766.0,33072774.0,33075948.0,33079345.0,33082923.0,33086306.0,33089505.0,33092848.0,33096140.0,33099705.0,33103140.0,33106597.0,33109956.0,33113363.0,33116776.0,33120267.0,33123801.0,33127391.0,33130848.0,33134016.0,33137274.0,33140880.0,33144397.0,33147796.0,33151310.0,33154444.0,33157708.0,33160967.0,33164305.0,33167653.0,33171113.0,33174537.0,33177926.0,33181047.0,33184223.0,33187568.0,33190793.0,33193939.0,33197185.0,33200327.0,33203365.0,33206528.0,33209804
XXO6h8BAGSI,4693631.0,4694693.0,4695971.0,4697236.0,4698485.0,4699747.0,4701059.0,4702536.0,4704032.0,4705813.0,4707606.0,4709436.0,4711287.0,4713171.0,4714991.0,4716940.0,4719045.0,4721042.0,4722907.0,4724650.0,4726261.0,4728106.0,4729838.0,4731482.0,4733106.0,4734669.0,4736193.0,4737662.0,4739189.0,4740551.0,4742027.0,4743523.0,4745056.0,4746610.0,4748042.0,4749602.0,4751136.0,4752772.0,4754398.0,4755930.0,4757481.0,4758945.0,4760355.0,4761806.0,4763461.0,4765014.0,4766634.0,4768333.0,4770084.0,4771875.0,4773497.0,4775308.0,4776980.0,4778703.0,4780476.0,4782170.0,4783948.0,4785680.0,4787403.0,4789022.0,4791044.0,4793693.0,4796129.0,4798463.0,4800618.0,4802958.0,4805015.0,4807211.0,4808905.0,4811209.0,4813203.0,4815059.0,4817012.0,4818829.0,4820574.0,4822250.0,4823765.0,4825179.0,4826841.0,4828492.0,4830197.0,4831818.0,4833465.0,4835010.0,4836507.0,4837960.0,4839485.0,4840976.0,4842434.0,4843822.0,4845250.0,4846598.0,4847871.0,4849221.0,4850572.0,4851777.0,4852952.0,4854113.0,4855316.0,4856431.0,4857650.0,4858873.0,4860035.0,4861088.0,4862178.0,4863369.0,4864738.0,4866008.0,4867234.0,4868364.0,4869629.0,4870779.0,4871828.0,4873110.0,4874541.0,4875920.0,4877155.0,4878442.0,4879627.0,4880926.0,4882132.0,4883417.0,4884677.0,4885804.0,4886881.0,4887916.0,4889077.0,4890169.0,4891308.0,4892476.0,4893546.0,4894476.0,4895550.0,4896502.0,,,,,,,,,4905907.0,4906875.0,4907880.0,4908824.0,4909771.0,4910759.0,4911699.0,4912709.0,4913836.0,4914926.0,4916036.0,4916981.0,4917979.0,4919044.0,4920077.0,4921192.0,4922220.0,4923122.0,4924208.0,4925150.0,4926010.0,4926977.0,4927956.0,4928771.0,4929656.0,4930521.0,4931434.0,4932379.0,4933261.0,4934292.0,4935268.0,4936128.0,4937035.0,4937902.0,4938648.0,4939382.0,4940354.0,4941152.0,4942014.0,4942874.0,4943705.0,4944433.0,4945301.0,4946164.0,4947159.0,4948231.0,4949203.0,4950089.0,4950966.0,4951801.0,4952637.0,4953309.0,4954050.0,4954760.0,4955452.0,4956185.0,4956997.0,4957810.0,4958597.0,4959301.0,4960161.0,4960742.0,4961581.0,4962365.0,4963225.0,4964075.0,4964934.0,4965861.0,4966551.0,4967337.0,4968100.0,4968999.0,4969946.0,4970827.0,4971620.0,4972486.0,4973370.0,4974136.0,4974994.0,4975761.0,4976501.0,4977230.0,4977964.0,4978836.0,4979654.0,4980476.0,4981209.0,4981961.0,4982685.0,4983337.0,4984119.0,4984947.0,4985710.0,4986559.0,4987335.0,4988143.0,4988896.0,4989654.0,4990398.0,4991090.0,4991895.0,4992617.0,4993347.0,4994105.0,4994830.0,4995598.0,4996350.0,4996961.0,4997621.0,4998398.0,4999257.0,5000182.0,5001078.0,5001968.0,5002714.0,5003462.0,5004195.0,5004893.0,5005671.0,5006409.0,5007083.0,,5008438.0,5009110.0,5009745.0,5010393.0,5011113.0,5011760.0,5012430.0,5013065.0,5013692.0,5014370.0,5015014.0,5015690.0,5016247.0,5016938.0,5017607.0,5018294.0,5019018.0,5019744.0,5020538.0,5021329.0,5022050.0,5022789.0,5023536.0,5024276.0,5025104.0,5025803.0,5026473.0,5027076.0,5027718.0,5028394.0,5029185.0,5029911.0,5030611.0,5031268.0,5032018.0,5032725.0,5033409.0,5034134.0,5034888.0,5035752.0,5036603.0,5037482.0,5038354.0,5039228.0,5040052.0,5040860.0,5041723.0,5042714.0,5043689.0,5044618.0,5045595.0,5046526.0,5047441.0,5048432.0,5049378.0,5050496.0,5052123.0,5053474.0,5054864.0,5056313.0,5057772.0,5059335.0,5060511.0,5061536.0,5062612.0,5063600.0,5064526.0,5065460.0,5066308.0,5067246.0,5068048.0,5068877.0,5069751.0,5070560.0,5071373.0,5072197.0,5073015.0,5073782.0,5074624.0,5075465.0,5076284.0,5077128.0,5077866.0,5078710.0,5079468.0,5080223.0,5080989.0,5081780.0,5082630.0,5083482.0,5084323.0,5085191.0,5086208.0,5087228.0,5088239.0,5089272.0,5090219.0,5091104.0,5092009.0,5092938.0,5093929.0,5094942.0,5095926.0,5096796.0,5097667.0,5098537.0,5099370.0,5100227.0,5101102.0,5101840.0,5102711.0,5103553.0,5104288.0,5105088
bX1xV4zjHik,82765.0,82785.0,82823.0,82836.0,82860.0,82879.0,82902.0,82931.0,82945.0,82968.0,82983.0,83006.0,83030.0,83063.0,83091.0,83119.0,83140.0,83160.0,83192.0,83219.0,83243.0,83271.0,83297.0,83318.0,83333.0,83357.0,83373.0,83427.0,83460.0,83476.0,83505.0,83531.0,83551.0,83574.0,83599.0,83614.0,83645.0,83665.0,83693.0,83792.0,83817.0,83840.0,83866.0,83882.0,83901.0,83924.0,83935.0,83955.0,83977.0,83988.0,83998.0,84008.0,84033.0,84049.0,84065.0,84084.0,84099.0,84123.0,84139.0,84158.0,84183.0,84205.0,84225.0,84243.0,84265.0,84279.0,84301.0,84322.0,84333.0,84352.0,84370.0,84387.0,84398.0,84413.0,84424.0,84441.0,84457.0,84472.0,84489.0,84496.0,84506.0,84524.0,84529.0,84549.0,84565.0,84585.0,84607.0,84615.0,84630.0,84642.0,84654.0,84675.0,84688.0,84703.0,84713.0,84734.0,84751.0,84761.0,84781.0,84799.0,84822.0,84837.0,84855.0,84873.0,84895.0,84915.0,84946.0,84960.0,84978.0,84991.0,85004.0,85025.0,85053.0,85068.0,85079.0,85090.0,85107.0,85119.0,85128.0,85150.0,85166.0,85179.0,85197.0,85211.0,85225.0,85245.0,85260.0,85276.0,85307.0,85322.0,85338.0,85357.0,85374.0,85387.0,,,,,,,,,85527.0,85545.0,85556.0,85566.0,85585.0,85600.0,85613.0,85620.0,85627.0,85639.0,85652.0,85668.0,85679.0,85700.0,85714.0,85724.0,85740.0,85751.0,85763.0,85772.0,85779.0,85792.0,85807.0,85832.0,85844.0,85851.0,85857.0,85870.0,85878.0,85887.0,85900.0,85913.0,85921.0,85936.0,85948.0,85953.0,85963.0,85970.0,85977.0,85984.0,85992.0,86002.0,86030.0,86040.0,86047.0,86054.0,86069.0,86081.0,86094.0,86107.0,86117.0,86132.0,86142.0,86156.0,86167.0,86180.0,86185.0,86205.0,86214.0,86230.0,86239.0,86248.0,86254.0,86264.0,86272.0,86281.0,86292.0,86305.0,86323.0,86329.0,86341.0,86358.0,86378.0,86394.0,86408.0,86424.0,86436.0,86449.0,86455.0,86468.0,86474.0,86482.0,86489.0,86505.0,86519.0,86538.0,86551.0,86558.0,86568.0,86578.0,86590.0,86602.0,86608.0,86626.0,86638.0,86648.0,86656.0,86669.0,86685.0,86701.0,86710.0,86728.0,86744.0,86758.0,86776.0,86791.0,86802.0,86811.0,86823.0,86842.0,86855.0,86869.0,86876.0,86890.0,86903.0,86914.0,86918.0,86928.0,86939.0,86944.0,86967.0,,86990.0,87000.0,87013.0,87023.0,87039.0,87045.0,87053.0,87061.0,87068.0,87083.0,87094.0,87106.0,87111.0,87116.0,87124.0,87136.0,87142.0,87170.0,87181.0,87189.0,87202.0,87211.0,87218.0,87231.0,87243.0,87251.0,87263.0,87269.0,87278.0,87282.0,87298.0,87309.0,87320.0,87331.0,87343.0,87351.0,87361.0,87377.0,87380.0,87400.0,87412.0,87422.0,87438.0,87451.0,87468.0,87483.0,87491.0,87501.0,87508.0,87521.0,87532.0,87557.0,87574.0,87594.0,87613.0,87628.0,87645.0,87663.0,87683.0,87696.0,87706.0,87725.0,87744.0,87761.0,87792.0,87811.0,87823.0,87833.0,87844.0,87858.0,87871.0,87887.0,87893.0,87900.0,87909.0,87916.0,87929.0,87944.0,87953.0,87961.0,87968.0,87997.0,88007.0,88014.0,88017.0,88021.0,88026.0,88034.0,88048.0,88066.0,88075.0,88084.0,88095.0,88106.0,88119.0,88135.0,88140.0,88154.0,88168.0,88185.0,88191.0,88200.0,88215.0,88227.0,88238.0,88241.0,88249.0,88255.0,88262.0,88282.0,88294.0,88299.0,88310.0,88326
91VhCIQNjIc,19873105.0,19876729.0,19880773.0,19884605.0,19889154.0,19893431.0,19897410.0,19901542.0,19906106.0,19910512.0,19914370.0,19918311.0,19922373.0,19926482.0,19930668.0,19934632.0,19938357.0,19941920.0,19946036.0,19950406.0,19954726.0,19959757.0,19964745.0,19969323.0,19973403.0,19978108.0,19982796.0,19987818.0,19993279.0,19998144.0,20002724.0,20006879.0,20011806.0,20017111.0,20021596.0,20026506.0,20031303.0,20036071.0,20040537.0,20045783.0,20050872.0,20055856.0,20061085.0,20065784.0,20070292.0,20074819.0,20079961.0,20085473.0,20090839.0,20095423.0,20099604.0,20104107.0,20108329.0,20113269.0,20118373.0,20122799.0,20127098.0,20131570.0,20136254.0,20140914.0,20146211.0,20151607.0,20156725.0,20161658.0,20166373.0,20170578.0,20174549.0,20178996.0,20183099.0,20188773.0,20193817.0,20198026.0,20201921.0,20205820.0,20210186.0,20214708.0,20219492.0,20224768.0,20231426.0,20236668.0,20241415.0,20246593.0,20252194.0,20257719.0,20263177.0,20268774.0,20273990.0,20278411.0,20283200.0,20288062.0,20293403.0,20298384.0,20303343.0,20308478.0,20313137.0,20319382.0,20325988.0,20331937.0,20337490.0,20343514.0,20349079.0,20354273.0,20359461.0,20364180.0,20369051.0,20373850.0,20378423.0,20383275.0,20388519.0,20394951.0,20401999.0,20408644.0,20414555.0,20420484.0,20425532.0,20430061.0,20435282.0,20440946.0,20446069.0,20451000.0,20455695.0,20459787.0,20463498.0,20468052.0,20472832.0,20477903.0,20482789.0,20487615.0,20491736.0,20495603.0,20500123.0,20504985.0,20509915.0,20514461.0,,,,,,,,,20554060.0,20557841.0,20562233.0,20567406.0,20572847.0,20578153.0,20583028.0,20587328.0,20591878.0,20596691.0,20601238.0,20605797.0,20610533.0,20615518.0,20619935.0,20624091.0,20628650.0,20633910.0,20638949.0,20643468.0,20647703.0,20651936.0,20655974.0,20660491.0,20665094.0,20669334.0,20673610.0,20678018.0,20682013.0,20685980.0,20690630.0,20695259.0,20699885.0,20704394.0,20708744.0,20712515.0,20716465.0,20720878.0,20725674.0,20730247.0,20734776.0,20738929.0,20742987.0,20747018.0,20752439.0,20757484.0,20762460.0,20767355.0,20772634.0,20776908.0,20798807.0,20816414.0,20830408.0,20843499.0,20854694.0,20864870.0,20873000.0,20881782.0,20891867.0,20900719.0,20908871.0,20915366.0,20921969.0,20927956.0,20933682.0,20940444.0,20946625.0,20952521.0,20956918.0,20962095.0,20967020.0,20971964.0,20977720.0,20983266.0,20988798.0,20993986.0,20999563.0,21004469.0,21009020.0,21014247.0,21019836.0,21024847.0,21030735.0,21035849.0,21040351.0,21045441.0,21054889.0,21071416.0,21081696.0,21089939.0,21097833.0,21104713.0,21111162.0,21118135.0,21124477.0,21131128.0,21137785.0,21143929.0,21149084.0,21154165.0,21160051.0,21166180.0,21172204.0,21178042.0,21183643.0,21188473.0,21192950.0,21198145.0,21203357.0,21208500.0,21213214.0,21217617.0,21221836.0,21225962.0,21230505.0,21234822.0,21238996.0,21243289.0,21247374.0,21251232.0,21254796.0,,21263373.0,21268193.0,21272775.0,21277136.0,21281471.0,21285491.0,21289992.0,21294418.0,21298923.0,21303371.0,21307374.0,21311218.0,21314872.0,21318681.0,21322572.0,21326466.0,21330649.0,21335024.0,21338982.0,21342836.0,21347405.0,21351934.0,21356512.0,21360756.0,21364953.0,21368422.0,21371804.0,21375616.0,21379669.0,21384211.0,21388390.0,21392508.0,21396550.0,21400130.0,21404068.0,21408447.0,21413155.0,21417590.0,21421745.0,21426519.0,21430878.0,21435816.0,21441013.0,21446267.0,21451379.0,21456327.0,21460870.0,21465316.0,21470512.0,21475146.0,21480053.0,21484671.0,21489108.0,21492950.0,21496438.0,21500477.0,21504559.0,21508885.0,21513149.0,21517144.0,21520735.0,21524033.0,21528195.0,21532571.0,21537292.0,21541640.0,21545102.0,21548870.0,21552328.0,21556476.0,21560358.0,21564297.0,21568385.0,21572538.0,21576320.0,21579836.0,21584241.0,21588774.0,21593295.0,21597583.0,21602187.0,21606484.0,21610449.0,21615412.0,21620255.0,21625069.0,21630031.0,21634967.0,21639218.0,21643179.0,21647790.0,21651915.0,21655611.0,21659667.0,21663766.0,21667597.0,21671068.0,21674874.0,21678952.0,21683442.0,21687815.0,21692299.0,21696706.0,21700729.0,21705659.0,21710643.0,21715758.0,21721028.0,21725878.0,21730185.0,21734255.0,21738980.0,21743172.0,21747592
r2VZQa2IgP4,16745837.0,16749376.0,16753359.0,16757083.0,16760974.0,16765142.0,16769291.0,16773655.0,16778320.0,16782892.0,16787593.0,16792310.0,16796643.0,16800633.0,16804860.0,16809085.0,16813157.0,16816954.0,16820818.0,16824937.0,16829472.0,16834427.0,16839476.0,16844519.0,16848939.0,16853982.0,16859230.0,16864139.0,16869819.0,16874949.0,16880045.0,16884509.0,16889282.0,16894876.0,16900273.0,16905661.0,16910919.0,16915856.0,16920331.0,16925329.0,16930283.0,16935392.0,16940841.0,16945929.0,16950363.0,16954840.0,16959287.0,16964102.0,16968458.0,16972581.0,16976678.0,16981607.0,16985643.0,16990090.0,16994725.0,16999119.0,17003697.0,17008204.0,17012674.0,17017179.0,17022080.0,17026997.0,17031759.0,17036167.0,17040182.0,17043833.0,17047383.0,17051349.0,17055050.0,17060045.0,17064803.0,17069012.0,17072592.0,17076244.0,17080138.0,17083996.0,17087895.0,17092365.0,17098208.0,17102975.0,17107188.0,17111549.0,17116306.0,17121104.0,17125663.0,17130235.0,17134592.0,17138405.0,17142475.0,17146706.0,17151253.0,17155369.0,17159378.0,17163548.0,17167456.0,17172728.0,17178303.0,17183437.0,17188146.0,17193185.0,17197992.0,17202627.0,17207177.0,17211388.0,17215824.0,17220034.0,17224116.0,17228730.0,17233323.0,17238796.0,17244777.0,17250275.0,17255227.0,17260260.0,17264847.0,17269245.0,17274189.0,17279525.0,17284504.0,17289151.0,17293613.0,17297732.0,17301632.0,17305737.0,17309790.0,17313990.0,17318250.0,17322826.0,17327126.0,17331235.0,17335241.0,17339266.0,17343363.0,17347434.0,,,,,,,,,17384030.0,17387844.0,17392058.0,17396749.0,17401273.0,17405739.0,17409922.0,17414120.0,17418513.0,17422790.0,17427053.0,17431296.0,17435795.0,17440675.0,17445288.0,17449661.0,17454291.0,17458899.0,17463779.0,17467997.0,17471700.0,17475397.0,17478884.0,17482533.0,17486595.0,17490321.0,17494127.0,17497915.0,17501568.0,17505115.0,17508837.0,17512808.0,17516779.0,17520579.0,17524246.0,17527642.0,17531203.0,17534899.0,17538738.0,17542563.0,17546501.0,17550241.0,17554011.0,17557834.0,17562411.0,17566707.0,17570828.0,17574776.0,17578974.0,17582816.0,17596998.0,17609022.0,17619114.0,17628905.0,17637432.0,17645154.0,17651754.0,17661432.0,17672549.0,17682373.0,17690991.0,17697546.0,17703669.0,17709676.0,17714999.0,17720885.0,17726528.0,17731715.0,17735877.0,17740315.0,17744841.0,17749784.0,17754918.0,17759786.0,17764457.0,17769114.0,17773853.0,17778169.0,17782296.0,17786631.0,17791062.0,17795362.0,17799764.0,17804560.0,17808560.0,17813044.0,17821116.0,17838580.0,17848140.0,17856036.0,17863665.0,17870787.0,17877796.0,17884228.0,17890130.0,17896024.0,17902055.0,17907559.0,17912489.0,17917304.0,17922448.0,17927398.0,17932288.0,17936886.0,17941686.0,17946140.0,17950106.0,17954160.0,17958308.0,17962467.0,17966574.0,17970609.0,17974396.0,17978110.0,17982028.0,17985645.0,17989230.0,17992908.0,17996544.0,17999950.0,18002961.0,,18009648.0,18013250.0,18016861.0,18020090.0,18023256.0,18026223.0,18029575.0,18032749.0,18035858.0,18039025.0,18042116.0,18045145.0,18048049.0,18051030.0,18054265.0,18057504.0,18060767.0,18064325.0,18067779.0,18070874.0,18074457.0,18078036.0,18081507.0,18084739.0,18087908.0,18090643.0,18093377.0,18096175.0,18099344.0,18102522.0,18105574.0,18108629.0,18111677.0,18114515.0,18117788.0,18121166.0,18124655.0,18128191.0,18131552.0,18135176.0,18138833.0,18142409.0,18146128.0,18150012.0,18153709.0,18157389.0,18160915.0,18164434.0,18168187.0,18171734.0,18175412.0,18179133.0,18182932.0,18186080.0,18189080.0,18192228.0,18195449.0,18198869.0,18202366.0,18205718.0,18209080.0,18212143.0,18215564.0,18219291.0,18223363.0,18226986.0,18230060.0,18233176.0,18235937.0,18239085.0,18242520.0,18246034.0,18249500.0,18252921.0,18256493.0,18259898.0,18263596.0,18267080.0,18270688.0,18274042.0,18277482.0,18280828.0,18283847.0,18287239.0,18290938.0,18294545.0,18298365.0,18302165.0,18305455.0,18308599.0,18312026.0,18315334.0,18318066.0,18321066.0,18323847.0,18326638.0,18329304.0,18332355.0,18335663.0,18338899.0,18342107.0,18345724.0,18349195.0,18352318.0,18355764.0,18359161.0,18362741.0,18366235.0,18369686.0,18372895.0,18375750.0,18378839.0,18382006.0,18385186
i5nUufn_FmE,30108565.0,30113522.0,30119165.0,30124784.0,30130578.0,30136289.0,30142016.0,30148070.0,30154121.0,30160492.0,30166686.0,30172806.0,30179064.0,30185254.0,30191826.0,30198306.0,30204926.0,30211095.0,30217593.0,30224477.0,30231999.0,30241055.0,30250805.0,30259819.0,30267958.0,30275778.0,30285548.0,30294185.0,30303080.0,30311061.0,30319139.0,30326780.0,30334507.0,30343107.0,30353941.0,30363882.0,30373908.0,30382215.0,30389582.0,30398540.0,30407606.0,30416400.0,30424888.0,30433289.0,30441557.0,30449474.0,30457104.0,30464842.0,30472145.0,30478636.0,30485054.0,30491371.0,30497150.0,30503006.0,30508801.0,30514686.0,30520787.0,30526998.0,30533268.0,30539578.0,30545699.0,30552281.0,30558695.0,30565079.0,30571379.0,30577139.0,30582794.0,30589346.0,30595272.0,30603704.0,30610869.0,30616992.0,30623298.0,30629642.0,30636026.0,30642409.0,30649155.0,30655907.0,30663683.0,30670822.0,30677366.0,30683844.0,30690872.0,30698238.0,30704745.0,30710946.0,30716749.0,30722017.0,30727463.0,30733198.0,30739550.0,30745366.0,30750922.0,30756641.0,30762129.0,30769924.0,30777794.0,30785239.0,30792306.0,30799013.0,30805495.0,30812583.0,30818984.0,30825475.0,30831947.0,30838538.0,30844769.0,30850744.0,30857115.0,30864032.0,30870872.0,30877229.0,30883316.0,30889550.0,30895465.0,30901135.0,30907081.0,30913348.0,30919122.0,30924731.0,30930456.0,30935984.0,30941583.0,30947315.0,30953336.0,30959532.0,30965948.0,30971833.0,30977548.0,30982930.0,30988218.0,30993768.0,30999421.0,31004900.0,,,,,,,,,31053512.0,31059069.0,31064582.0,31070467.0,31076253.0,31081886.0,31087359.0,31092428.0,31098306.0,31103685.0,31109120.0,31115261.0,31121330.0,31127584.0,31133551.0,31139533.0,31145757.0,31152696.0,31158855.0,31164167.0,31168991.0,31173920.0,31178768.0,31183834.0,31189033.0,31193918.0,31199199.0,31204303.0,31209212.0,31214231.0,31219318.0,31224577.0,31229894.0,31234885.0,31240122.0,31245304.0,31250202.0,31255214.0,31260448.0,31265987.0,31271336.0,31276548.0,31281721.0,31286909.0,31293303.0,31299158.0,31304921.0,31310598.0,31316545.0,31322191.0,31334014.0,31344156.0,31354049.0,31363203.0,31371236.0,31379599.0,31387406.0,31398904.0,31412436.0,31424464.0,31435722.0,31444857.0,31453355.0,31461989.0,31469655.0,31477770.0,31485293.0,31492657.0,31498982.0,31505258.0,31512199.0,31518899.0,31525782.0,31532698.0,31539578.0,31546488.0,31553526.0,31560029.0,31566232.0,31572429.0,31578723.0,31584940.0,31591346.0,31598168.0,31604314.0,31611567.0,31627038.0,31665362.0,31687266.0,31704111.0,31719281.0,31732521.0,31745141.0,31757164.0,31767825.0,31778403.0,31787918.0,31796513.0,31804841.0,31812444.0,31819897.0,31827171.0,31834511.0,31841757.0,31849411.0,31856423.0,31862827.0,31869664.0,31876181.0,31882905.0,31889293.0,31895909.0,31902782.0,31909234.0,31915625.0,31921740.0,31927853.0,31933663.0,31939576.0,31945344.0,31950729.0,,31962697.0,31968879.0,31974327.0,31979619.0,31984858.0,31989845.0,31995039.0,32000133.0,32005045.0,32010015.0,32014821.0,32019409.0,32023994.0,32028545.0,32033016.0,32037779.0,32042527.0,32047700.0,32052760.0,32057645.0,32062590.0,32067737.0,32072784.0,32077797.0,32083097.0,32087826.0,32092548.0,32097419.0,32102469.0,32107884.0,32113309.0,32118769.0,32124243.0,32129179.0,32134660.0,32140433.0,32146303.0,32152112.0,32157986.0,32164155.0,32169863.0,32175533.0,32181102.0,32186727.0,32192488.0,32198155.0,32203726.0,32209422.0,32215312.0,32220947.0,32226954.0,32232950.0,32238772.0,32244136.0,32249445.0,32254887.0,32260239.0,32265854.0,32271449.0,32276989.0,32282367.0,32287545.0,32293150.0,32298564.0,32304060.0,32309406.0,32314209.0,32319079.0,32323850.0,32328949.0,32334008.0,32338976.0,32344093.0,32349259.0,32354451.0,32359749.0,32365088.0,32370583.0,32376045.0,32381006.0,32386032.0,32390876.0,32395623.0,32400799.0,32406194.0,32411408.0,32416794.0,32422429.0,32427605.0,32432584.0,32437747.0,32442579.0,32447074.0,32452089.0,32456978.0,32461919.0,32466208.0,32470684.0,32476027.0,32481497.0,32486794.0,32492423.0,32497957.0,32503454.0,32509166.0,32514548.0,32520026.0,32525798.0,32531447.0,32536627.0,32541238.0,32546310.0,32551089.0,32555839
Xg7G0LyA7n8,12584.0,12586.0,12586.0,12587.0,12589.0,12591.0,12626.0,12637.0,12639.0,12647.0,12653.0,12654.0,12657.0,12661.0,12661.0,12664.0,12669.0,12676.0,12684.0,12689.0,12692.0,12694.0,12697.0,12699.0,12699.0,12701.0,12703.0,12705.0,12707.0,12710.0,12715.0,12718.0,12721.0,12724.0,12730.0,12733.0,12738.0,12744.0,12745.0,12749.0,12750.0,12750.0,12755.0,12757.0,12761.0,12764.0,12765.0,12767.0,12771.0,12773.0,12773.0,12776.0,12777.0,12783.0,12786.0,12787.0,12789.0,12791.0,12792.0,12795.0,12796.0,12802.0,12803.0,12806.0,12811.0,12813.0,12814.0,12815.0,12821.0,12818.0,12816.0,12815.0,12815.0,12815.0,12820.0,12825.0,12829.0,12834.0,12837.0,12840.0,12842.0,12843.0,12844.0,12845.0,12853.0,12853.0,12854.0,12856.0,12860.0,12860.0,12861.0,12861.0,12863.0,12864.0,12864.0,12866.0,12868.0,12870.0,12870.0,12870.0,12873.0,12875.0,12875.0,12876.0,12877.0,12878.0,12878.0,12879.0,12888.0,12888.0,12890.0,12893.0,12894.0,12894.0,12895.0,12899.0,12902.0,12908.0,12909.0,12911.0,12912.0,12913.0,12914.0,12917.0,12923.0,12925.0,12928.0,12929.0,12932.0,12932.0,12934.0,12935.0,12937.0,12939.0,,,,,,,,,12958.0,12958.0,12959.0,12963.0,12967.0,12970.0,12971.0,12971.0,12974.0,12976.0,12976.0,12977.0,12977.0,12977.0,12985.0,12986.0,12988.0,12991.0,12991.0,12995.0,12996.0,13000.0,13001.0,13001.0,13002.0,13004.0,13005.0,13008.0,13008.0,13008.0,13011.0,13015.0,13018.0,13020.0,13021.0,13025.0,13029.0,13031.0,13034.0,13035.0,13038.0,13040.0,13043.0,13047.0,13048.0,13049.0,13049.0,13049.0,13049.0,13050.0,13051.0,13053.0,13057.0,13061.0,13063.0,13071.0,13075.0,13076.0,13078.0,13081.0,13082.0,13084.0,13086.0,13088.0,13090.0,13091.0,13095.0,13099.0,13105.0,13108.0,13113.0,13119.0,13122.0,13123.0,13123.0,13129.0,13131.0,13135.0,13137.0,13145.0,13146.0,13152.0,13162.0,13168.0,13170.0,13171.0,13177.0,13182.0,13191.0,13197.0,13200.0,13204.0,13207.0,13212.0,13217.0,13220.0,13224.0,13226.0,13229.0,13234.0,13238.0,13238.0,13241.0,13244.0,13248.0,13249.0,13248.0,13251.0,13251.0,13253.0,13256.0,13257.0,13259.0,13264.0,13266.0,13267.0,13268.0,13271.0,13272.0,13272.0,13272.0,,13284.0,13284.0,13284.0,13289.0,13290.0,13290.0,13291.0,13291.0,13292.0,13292.0,13294.0,13295.0,13297.0,13299.0,13302.0,13305.0,13308.0,13313.0,13313.0,13318.0,13321.0,13324.0,13327.0,13328.0,13329.0,13331.0,13332.0,13334.0,13334.0,13334.0,13336.0,13338.0,13338.0,13338.0,13339.0,13340.0,13340.0,13344.0,13347.0,13347.0,13347.0,13348.0,13349.0,13355.0,13356.0,13358.0,13360.0,13361.0,13362.0,13366.0,13366.0,13367.0,13368.0,13369.0,13373.0,13373.0,13374.0,13375.0,13376.0,13377.0,13377.0,13378.0,13380.0,13385.0,13386.0,13387.0,13389.0,13389.0,13389.0,,13389.0,13390.0,13392.0,13392.0,13393.0,13393.0,13394.0,13397.0,13397.0,13398.0,13398.0,13398.0,13398.0,13399.0,13400.0,13401.0,13401.0,13401.0,13402.0,13404.0,13406.0,13406.0,13409.0,13409.0,13412.0,13412.0,13414.0,13416.0,13417.0,13418.0,13418.0,13419.0,13420.0,13421.0,13423.0,13423.0,13423.0,13423.0,13425.0,13429.0,13430.0,13432.0,13433.0,13435
qyZwPeDUqx8,1030.0,1030.0,1030.0,1030.0,1030.0,1030.0,1034.0,1037.0,1037.0,1037.0,1037.0,1037.0,1037.0,1038.0,1038.0,1038.0,1038.0,1038.0,1038.0,1038.0,1038.0,1038.0,1038.0,1038.0,1039.0,1040.0,1040.0,1040.0,1040.0,1040.0,1040.0,1040.0,1040.0,1040.0,1040.0,1040.0,1040.0,1040.0,1040.0,1040.0,1040.0,1041.0,1043.0,1043.0,1043.0,1043.0,1043.0,1043.0,1043.0,1043.0,1043.0,1043.0,1043.0,1044.0,1044.0,1044.0,1044.0,1044.0,1044.0,1045.0,1045.0,1045.0,1045.0,1045.0,1046.0,1047.0,1047.0,1047.0,1047.0,1047.0,1048.0,1048.0,1048.0,1048.0,1048.0,1049.0,1049.0,1050.0,1050.0,1050.0,1050.0,1050.0,1050.0,1050.0,1050.0,1050.0,1050.0,1050.0,1050.0,1050.0,1050.0,1050.0,1050.0,1051.0,1051.0,1051.0,1051.0,1051.0,1051.0,1051.0,1052.0,1052.0,1052.0,1052.0,1052.0,1052.0,1052.0,1052.0,1052.0,1052.0,1052.0,1052.0,1052.0,1052.0,1052.0,1052.0,1052.0,1052.0,1052.0,1052.0,1052.0,1052.0,1053.0,1054.0,1054.0,1054.0,1054.0,1054.0,1054.0,1054.0,1054.0,1054.0,1054.0,1054.0,,,,,,,,,1055.0,1055.0,1055.0,1055.0,1055.0,1055.0,1055.0,1055.0,1055.0,1055.0,1055.0,1055.0,1055.0,1055.0,1055.0,1055.0,1055.0,1055.0,1055.0,1057.0,1057.0,1057.0,1057.0,1057.0,1057.0,1057.0,1057.0,1057.0,1057.0,1057.0,1057.0,1057.0,1058.0,1060.0,1060.0,1060.0,1060.0,1060.0,1060.0,1060.0,1060.0,1060.0,1060.0,1060.0,1060.0,1060.0,1060.0,1060.0,1060.0,1060.0,1060.0,1060.0,1060.0,1060.0,1060.0,1060.0,1060.0,1060.0,1060.0,1060.0,1060.0,1060.0,1060.0,1060.0,1060.0,1060.0,1060.0,1060.0,1060.0,1060.0,1061.0,1063.0,1063.0,1063.0,1063.0,1063.0,1063.0,1063.0,1063.0,1063.0,1063.0,1063.0,1064.0,1064.0,1064.0,1064.0,1064.0,1066.0,1066.0,1066.0,1066.0,1066.0,1066.0,1066.0,1066.0,1066.0,1066.0,1066.0,1066.0,1066.0,1066.0,1066.0,1066.0,1066.0,1066.0,1066.0,1066.0,1068.0,1068.0,1068.0,1069.0,1069.0,1069.0,1069.0,1070.0,1070.0,1070.0,1070.0,1070.0,1070.0,1070.0,,1070.0,1070.0,1070.0,1070.0,1070.0,1070.0,1071.0,1071.0,1071.0,1071.0,1071.0,1071.0,1071.0,1071.0,1071.0,1071.0,1071.0,1071.0,1071.0,1072.0,1073.0,1073.0,1073.0,1073.0,1073.0,1073.0,1073.0,1073.0,1073.0,1073.0,1073.0,1073.0,1073.0,1073.0,1073.0,1073.0,1073.0,1073.0,1073.0,1073.0,1073.0,1073.0,1073.0,1075.0,1076.0,1076.0,1077.0,1077.0,1077.0,1078.0,1078.0,1078.0,1078.0,1078.0,1079.0,1079.0,1079.0,1079.0,1079.0,1079.0,1079.0,1079.0,1079.0,1079.0,1079.0,1079.0,1079.0,1079.0,1079.0,1079.0,1079.0,1079.0,1079.0,1079.0,1079.0,1079.0,1079.0,1079.0,1079.0,1079.0,1079.0,1080.0,1080.0,1080.0,1080.0,1080.0,1080.0,1080.0,1080.0,1080.0,1080.0,1080.0,1080.0,1080.0,1080.0,1080.0,1080.0,1080.0,1080.0,1081.0,1081.0,1081.0,1081.0,1081.0,1081.0,1081.0,1081.0,1081.0,1081.0,1081.0,1081.0,1081.0,1081.0,1081
EIZWdCHW6QE,4412.0,4412.0,4412.0,4412.0,4414.0,4414.0,4422.0,4426.0,4429.0,4430.0,4431.0,4432.0,4435.0,4440.0,4440.0,4441.0,4446.0,4447.0,4448.0,4448.0,4449.0,4449.0,4449.0,4450.0,4451.0,4452.0,4452.0,4452.0,4453.0,4453.0,4457.0,4457.0,4457.0,4457.0,4459.0,4459.0,4459.0,4462.0,4464.0,4466.0,4466.0,4468.0,4469.0,4470.0,4470.0,4471.0,4472.0,4472.0,4472.0,4472.0,4474.0,4475.0,4475.0,4478.0,4480.0,4480.0,4481.0,4482.0,4485.0,4485.0,4487.0,4487.0,4488.0,4488.0,4490.0,4490.0,4491.0,4491.0,4492.0,4493.0,4494.0,4496.0,4496.0,4496.0,4497.0,4497.0,4497.0,4498.0,4498.0,4498.0,4501.0,4501.0,4501.0,4501.0,4503.0,4503.0,4504.0,4505.0,4507.0,4507.0,4508.0,4508.0,4512.0,4512.0,4512.0,4513.0,4513.0,4513.0,4515.0,4515.0,4517.0,4519.0,4519.0,4519.0,4520.0,4520.0,4521.0,4522.0,4525.0,4525.0,4525.0,4526.0,4527.0,4529.0,4531.0,4533.0,4534.0,4536.0,4538.0,4540.0,4540.0,4542.0,4544.0,4546.0,4547.0,4547.0,4548.0,4548.0,4550.0,4550.0,4550.0,4551.0,4551.0,4551.0,,,,,,,,,4554.0,4555.0,4556.0,4557.0,4558.0,4557.0,4558.0,4558.0,4558.0,4559.0,4560.0,4560.0,4560.0,4560.0,4562.0,4565.0,4566.0,4566.0,4567.0,4567.0,4569.0,4570.0,4572.0,4572.0,4572.0,4572.0,4574.0,4575.0,4575.0,4576.0,4577.0,4578.0,4578.0,4580.0,4582.0,4583.0,4583.0,4584.0,4585.0,4585.0,4585.0,4588.0,4588.0,4589.0,4589.0,4593.0,4593.0,4594.0,4594.0,4594.0,4595.0,4596.0,4599.0,4600.0,4601.0,4602.0,4603.0,4607.0,4609.0,4610.0,4612.0,4612.0,4614.0,4615.0,4615.0,4615.0,4619.0,4622.0,4624.0,4625.0,4626.0,4627.0,4627.0,4629.0,4633.0,4633.0,4641.0,4648.0,4652.0,4655.0,4658.0,4659.0,4662.0,4665.0,4665.0,4666.0,4667.0,4668.0,4670.0,4670.0,4672.0,4673.0,4675.0,4676.0,4677.0,4678.0,4681.0,4681.0,4681.0,4682.0,4684.0,4685.0,4686.0,4688.0,4693.0,4691.0,4691.0,4692.0,4692.0,4692.0,4692.0,4692.0,4692.0,4693.0,4694.0,4696.0,4696.0,4698.0,4698.0,4698.0,4700.0,,4700.0,4700.0,4700.0,4704.0,4704.0,4704.0,4704.0,4705.0,4705.0,4706.0,4707.0,4707.0,4707.0,4707.0,4709.0,4709.0,4709.0,4710.0,4712.0,4712.0,4713.0,4714.0,4715.0,4716.0,4716.0,4716.0,4716.0,4717.0,4717.0,4719.0,4724.0,4725.0,4726.0,4726.0,4728.0,4729.0,4729.0,4732.0,4735.0,4736.0,4736.0,4738.0,4738.0,4741.0,4741.0,4742.0,4742.0,4744.0,4745.0,4746.0,4746.0,4746.0,4747.0,4748.0,4751.0,4752.0,4753.0,4754.0,4754.0,4754.0,4754.0,4754.0,4754.0,4756.0,4757.0,4758.0,4759.0,4759.0,4759.0,4760.0,4761.0,4761.0,4762.0,4764.0,4767.0,4771.0,4771.0,4773.0,4773.0,4774.0,4775.0,4777.0,4779.0,4779.0,4780.0,4780.0,4780.0,4780.0,4780.0,4780.0,4781.0,4781.0,4781.0,4783.0,4784.0,4784.0,4785.0,4786.0,4786.0,4786.0,4786.0,4789.0,4789.0,4790.0,4790.0,4794.0,4795.0,4796.0,4797.0,4802.0,4802.0,4802.0,4802.0,4802
sA8Xb8Bd3Uc,3239.0,3239.0,3239.0,3239.0,3239.0,3239.0,3240.0,3240.0,3240.0,3240.0,3240.0,3240.0,3240.0,3240.0,3240.0,3240.0,3240.0,3240.0,3240.0,3241.0,3241.0,3243.0,3243.0,3243.0,3243.0,3243.0,3243.0,3243.0,3243.0,3243.0,3243.0,3243.0,3243.0,3243.0,3243.0,3243.0,3243.0,3243.0,3243.0,3243.0,3243.0,3243.0,3243.0,3243.0,3243.0,3244.0,3244.0,3244.0,3244.0,3244.0,3245.0,3245.0,3245.0,3246.0,3246.0,3246.0,3247.0,3247.0,3247.0,3247.0,3248.0,3249.0,3249.0,3250.0,3250.0,3250.0,3250.0,3250.0,3250.0,3250.0,3250.0,3250.0,3250.0,3250.0,3250.0,3250.0,3251.0,3251.0,3251.0,3251.0,3251.0,3252.0,3253.0,3254.0,3254.0,3254.0,3254.0,3255.0,3255.0,3255.0,3255.0,3255.0,3255.0,3255.0,3257.0,3257.0,3257.0,3257.0,3257.0,3260.0,3261.0,3262.0,3262.0,3263.0,3264.0,3266.0,3266.0,3266.0,3266.0,3267.0,3267.0,3267.0,3267.0,3267.0,3267.0,3267.0,3269.0,3269.0,3269.0,3269.0,3271.0,3272.0,3274.0,3278.0,3278.0,3280.0,3280.0,3280.0,3281.0,3281.0,3281.0,3281.0,3281.0,3282.0,,,,,,,,,3283.0,3284.0,3287.0,3287.0,3287.0,3287.0,3287.0,3288.0,3288.0,3291.0,3291.0,3291.0,3292.0,3292.0,3292.0,3292.0,3292.0,3292.0,3292.0,3292.0,3292.0,3293.0,3293.0,3295.0,3296.0,3296.0,3296.0,3301.0,3301.0,3302.0,3302.0,3303.0,3307.0,3307.0,3307.0,3310.0,3310.0,3313.0,3313.0,3313.0,3314.0,3314.0,3317.0,3317.0,3317.0,3318.0,3320.0,3320.0,3320.0,3320.0,3323.0,3324.0,3329.0,3334.0,3336.0,3338.0,3338.0,3338.0,3339.0,3340.0,3343.0,3344.0,3344.0,3344.0,3344.0,3345.0,3347.0,3347.0,3347.0,3348.0,3349.0,3351.0,3351.0,3351.0,3351.0,3351.0,3351.0,3351.0,3351.0,3351.0,3351.0,3351.0,3351.0,3351.0,3351.0,3351.0,3351.0,3351.0,3351.0,3351.0,3352.0,3355.0,3356.0,3356.0,3356.0,3356.0,3356.0,3356.0,3356.0,3356.0,3356.0,3356.0,3358.0,3358.0,3358.0,3358.0,3358.0,3358.0,3358.0,3358.0,3358.0,3358.0,3358.0,3359.0,3359.0,3360.0,3360.0,3360.0,3360.0,3360.0,3361.0,,3361.0,3361.0,3363.0,3363.0,3363.0,3364.0,3364.0,3364.0,3364.0,3364.0,3364.0,3364.0,3364.0,3364.0,3364.0,3365.0,3365.0,3365.0,3365.0,3365.0,3365.0,3365.0,3365.0,3365.0,3366.0,3366.0,3366.0,3366.0,3366.0,3366.0,3366.0,3366.0,3366.0,3366.0,3366.0,3368.0,3369.0,3370.0,3371.0,3371.0,3371.0,3371.0,3371.0,3371.0,3371.0,3371.0,3375.0,3375.0,3376.0,3376.0,3376.0,3376.0,3376.0,3376.0,3377.0,3377.0,3377.0,3378.0,3378.0,3378.0,3378.0,3378.0,3378.0,3378.0,3378.0,3379.0,3379.0,3379.0,3379.0,,3379.0,3379.0,3379.0,3379.0,3379.0,3379.0,3379.0,3379.0,3379.0,3380.0,3380.0,3380.0,3380.0,3380.0,3380.0,3380.0,3380.0,3380.0,3381.0,3381.0,3381.0,3381.0,3381.0,3381.0,3381.0,3381.0,3381.0,3382.0,3382.0,3382.0,3382.0,3382.0,3382.0,3382.0,3382.0,3382.0,3382.0,3382.0,3382.0,3382.0,3383.0,3383.0,3384.0,3384
yECf4rKQW-U,11376764.0,11376838.0,11376924.0,11376997.0,11377081.0,11377157.0,11377241.0,11377307.0,11377396.0,11377458.0,11377529.0,11377593.0,11377677.0,11377772.0,11377845.0,11377918.0,11378003.0,11378091.0,11378182.0,11378260.0,11378324.0,11378404.0,11378468.0,11378511.0,11378599.0,11378661.0,11378738.0,11378796.0,11378855.0,11378907.0,11378966.0,11379021.0,11379108.0,11379157.0,11379217.0,11379291.0,11379362.0,11379438.0,11379500.0,11379562.0,11379619.0,11379691.0,11379765.0,11379843.0,11379911.0,11379977.0,11380049.0,11380104.0,11380160.0,11380229.0,11380284.0,11380337.0,11380398.0,11380459.0,11380524.0,11380586.0,11380650.0,11380701.0,11380735.0,11380796.0,11380853.0,11380915.0,11380963.0,11381021.0,11381068.0,11381129.0,11381191.0,11381258.0,11381317.0,11381386.0,11381436.0,11381477.0,11381519.0,11381592.0,11381641.0,11381700.0,11381756.0,11381804.0,11381865.0,11381930.0,11381992.0,11382059.0,11382119.0,11382174.0,11382219.0,11382261.0,11382305.0,11382374.0,11382424.0,11382481.0,11382525.0,11382576.0,11382636.0,11382706.0,11382752.0,11382827.0,11382864.0,11382927.0,11382978.0,11383044.0,11383099.0,11383150.0,11383202.0,11383258.0,11383315.0,11383367.0,11383418.0,11383461.0,11383534.0,11383578.0,11383618.0,11383661.0,11383692.0,11383727.0,11383772.0,11383829.0,11383894.0,11383940.0,11383981.0,11384019.0,11384070.0,11384112.0,11384156.0,11384181.0,11384221.0,11384260.0,11384307.0,11384344.0,11384366.0,11384403.0,11384445.0,11384474.0,11384516.0,11384554.0,,,,,,,,,11384929.0,11384985.0,11385014.0,11385058.0,11385096.0,11385138.0,11385193.0,11385239.0,11385281.0,11385321.0,11385350.0,11385386.0,11385440.0,11385506.0,11385602.0,11385662.0,11385724.0,11385788.0,11385851.0,11385918.0,11385974.0,11386010.0,11386054.0,11386099.0,11386153.0,11386219.0,11386262.0,11386328.0,11386422.0,11386499.0,11386564.0,11386617.0,11386658.0,11386700.0,11386756.0,11386819.0,11386861.0,11386909.0,11386947.0,11386988.0,11387025.0,11387076.0,11387129.0,11387167.0,11387214.0,11387236.0,11387267.0,11387299.0,11387327.0,11387353.0,11387393.0,11387435.0,11387465.0,11387499.0,11387533.0,11387563.0,11387638.0,11387676.0,11387730.0,11387775.0,11387845.0,11387923.0,11387990.0,11388070.0,11388115.0,11388137.0,11388168.0,11388193.0,11388227.0,11388244.0,11388282.0,11388345.0,11388382.0,11388413.0,11388457.0,11388492.0,11388533.0,11388575.0,11388612.0,11388657.0,11388703.0,11388737.0,11388782.0,11388814.0,11388865.0,11388897.0,11388925.0,11388960.0,11388989.0,11389029.0,11389067.0,11389103.0,11389133.0,11389168.0,11389202.0,11389226.0,11389257.0,11389287.0,11389324.0,11389354.0,11389388.0,11389432.0,11389472.0,11389503.0,11389532.0,11389577.0,11389618.0,11389659.0,11389688.0,11389717.0,11389745.0,11389848.0,11389898.0,11389933.0,11389977.0,11390012.0,11390070.0,11390110.0,11390146.0,11390192.0,11390225.0,,11390309.0,11390343.0,11390378.0,11390404.0,11390443.0,11390481.0,11390524.0,11390549.0,11390573.0,11390603.0,11390630.0,11390661.0,11390693.0,11390727.0,11390751.0,11390793.0,11390852.0,11390899.0,11390957.0,11391019.0,11391072.0,11391116.0,11391152.0,11391206.0,11391262.0,11391310.0,11391339.0,11391398.0,11391442.0,11391479.0,11391513.0,11391549.0,11391581.0,11391608.0,11391621.0,11391659.0,11391703.0,11391749.0,11391793.0,11391837.0,11391879.0,11391911.0,11391940.0,11391974.0,11391997.0,11392024.0,11392053.0,11392084.0,11392134.0,11392165.0,11392198.0,11392217.0,11392240.0,11392279.0,11392315.0,11392366.0,11392390.0,11392430.0,11392475.0,11392530.0,11392591.0,11392627.0,11392661.0,11392701.0,11392741.0,11392767.0,11392817.0,11392858.0,11392897.0,11392935.0,11392969.0,11393006.0,11393042.0,11393070.0,11393106.0,11393155.0,11393183.0,11393228.0,11393268.0,11393311.0,11393337.0,11393376.0,11393411.0,11393441.0,11393474.0,11393500.0,11393527.0,11393564.0,11393590.0,11393620.0,11393650.0,11393685.0,11393709.0,11393741.0,11393776.0,11393816.0,11393847.0,11393882.0,11393921.0,11393957.0,11393988.0,11394024.0,11394057.0,11394090.0,11394114.0,11394145.0,11394170.0,11394196.0,11394224.0,11394249.0,11394284.0,11394340.0,11394387.0,11394435
VdU15BqGraM,72119.0,72146.0,72187.0,72210.0,72254.0,72279.0,72303.0,72327.0,72349.0,72368.0,72385.0,72408.0,72437.0,72468.0,72494.0,72515.0,72537.0,72576.0,72606.0,72625.0,72655.0,72692.0,72716.0,72753.0,72773.0,72817.0,72849.0,72884.0,72931.0,72966.0,73006.0,73060.0,73097.0,73139.0,73171.0,73211.0,73251.0,73289.0,73337.0,73368.0,73403.0,73446.0,73478.0,73515.0,73549.0,73578.0,73611.0,73640.0,73672.0,73717.0,73739.0,73760.0,73791.0,73813.0,73839.0,73861.0,73900.0,73924.0,73956.0,73999.0,74031.0,74074.0,74121.0,74162.0,74187.0,74230.0,74283.0,74321.0,74362.0,74403.0,74430.0,74467.0,74492.0,74522.0,74554.0,74583.0,74606.0,74631.0,74664.0,74710.0,74741.0,74765.0,74793.0,74820.0,74859.0,74900.0,74927.0,74967.0,74997.0,75048.0,75079.0,75119.0,75140.0,75186.0,75224.0,75250.0,75281.0,75302.0,75329.0,75375.0,75422.0,75446.0,75472.0,75496.0,75531.0,75565.0,75589.0,75619.0,75652.0,75687.0,75707.0,75740.0,75766.0,75795.0,75817.0,75841.0,75856.0,75872.0,75906.0,75924.0,75940.0,75957.0,75978.0,76007.0,76033.0,76060.0,76084.0,76105.0,76139.0,76162.0,76187.0,76203.0,76240.0,76264.0,,,,,,,,,76492.0,76529.0,76547.0,76572.0,76600.0,76612.0,76629.0,76649.0,76669.0,76683.0,76705.0,76724.0,76741.0,76767.0,76789.0,76801.0,76824.0,76845.0,76856.0,76871.0,76883.0,76900.0,76911.0,76920.0,76934.0,76958.0,76979.0,76999.0,77021.0,77037.0,77061.0,77071.0,77089.0,77105.0,77124.0,77155.0,77170.0,77187.0,77199.0,77213.0,77228.0,77248.0,77260.0,77273.0,77281.0,77292.0,77309.0,77330.0,77348.0,77364.0,77381.0,77395.0,77410.0,77420.0,77433.0,77443.0,77462.0,77479.0,77492.0,77506.0,77522.0,77539.0,77548.0,77560.0,77573.0,77585.0,77598.0,77604.0,77620.0,77631.0,77642.0,77655.0,77663.0,77674.0,77685.0,77697.0,77705.0,77718.0,77732.0,77745.0,77755.0,77769.0,77782.0,77788.0,77803.0,77821.0,77833.0,77853.0,77872.0,77886.0,77898.0,77910.0,77922.0,77935.0,77942.0,77952.0,77961.0,77973.0,77980.0,77993.0,78007.0,78019.0,78035.0,78050.0,78061.0,78076.0,78099.0,78110.0,78119.0,78126.0,78138.0,78144.0,78154.0,78159.0,78163.0,78167.0,78171.0,78176.0,78180.0,78184.0,78193.0,,78201.0,78203.0,78205.0,78210.0,78216.0,78222.0,78228.0,78232.0,78238.0,78248.0,78252.0,78258.0,78268.0,78273.0,78282.0,78292.0,78303.0,78307.0,78318.0,78325.0,78330.0,78345.0,78353.0,78356.0,78367.0,78375.0,78381.0,78392.0,78400.0,78409.0,78414.0,78418.0,78421.0,78426.0,78429.0,78433.0,78438.0,78443.0,78448.0,78454.0,78457.0,78457.0,78459.0,78464.0,78469.0,78474.0,78476.0,78482.0,78485.0,78488.0,78489.0,78492.0,78493.0,78496.0,78500.0,78504.0,78510.0,78513.0,78520.0,78524.0,78528.0,78530.0,78532.0,78538.0,78541.0,78544.0,78550.0,78558.0,78564.0,78567.0,78572.0,78578.0,78581.0,78582.0,78590.0,78592.0,78594.0,78595.0,78597.0,78597.0,78600.0,78604.0,78611.0,78618.0,78620.0,78625.0,78630.0,78635.0,78642.0,78643.0,78645.0,78647.0,78648.0,78651.0,78656.0,78660.0,78663.0,78665.0,78664.0,78665.0,78669.0,78670.0,78676.0,78680.0,78683.0,78686.0,78689.0,78690.0,78691.0,78693.0,78693.0,78699.0,78700.0,78701
jNc3wnCB6EM,26389.0,26393.0,26410.0,26420.0,26427.0,26431.0,26435.0,26440.0,26444.0,26447.0,26449.0,26454.0,26464.0,26472.0,26483.0,26490.0,26493.0,26497.0,26506.0,26509.0,26516.0,26523.0,26526.0,26531.0,26537.0,26543.0,26546.0,26549.0,26552.0,26552.0,26560.0,26563.0,26571.0,26574.0,26577.0,26582.0,26584.0,26590.0,26595.0,26602.0,26609.0,26615.0,26617.0,26620.0,26621.0,26625.0,26626.0,26630.0,26637.0,26644.0,26646.0,26646.0,26651.0,26656.0,26660.0,26663.0,26665.0,26671.0,26674.0,26683.0,26687.0,26692.0,26705.0,26710.0,26713.0,26721.0,26724.0,26729.0,26730.0,26740.0,26748.0,26755.0,26756.0,26761.0,26764.0,26767.0,26769.0,26773.0,26777.0,26784.0,26789.0,26794.0,26804.0,26807.0,26810.0,26823.0,26826.0,26833.0,26836.0,26842.0,26853.0,26855.0,26860.0,26863.0,26867.0,26870.0,26873.0,26877.0,26881.0,26884.0,26889.0,26896.0,26903.0,26905.0,26911.0,26917.0,26919.0,26924.0,26932.0,26933.0,26936.0,26940.0,26945.0,26947.0,26953.0,26960.0,26975.0,26977.0,26980.0,26982.0,26990.0,26994.0,26999.0,27004.0,27009.0,27012.0,27017.0,27023.0,27037.0,27039.0,27040.0,27048.0,27053.0,27063.0,,,,,,,,,27103.0,27111.0,27122.0,27127.0,27135.0,27138.0,27142.0,27148.0,27153.0,27160.0,27164.0,27169.0,27171.0,27175.0,27180.0,27191.0,27199.0,27203.0,27208.0,27212.0,27229.0,27234.0,27241.0,27243.0,27248.0,27256.0,27261.0,27266.0,27280.0,27282.0,27303.0,27323.0,27338.0,27340.0,27351.0,27371.0,27382.0,27389.0,27392.0,27401.0,27411.0,27417.0,27424.0,27426.0,27435.0,27439.0,27448.0,27458.0,27464.0,27475.0,27488.0,27498.0,27508.0,27533.0,27542.0,27555.0,27570.0,27584.0,27596.0,27608.0,27648.0,27765.0,27810.0,27834.0,27852.0,27872.0,27890.0,27903.0,27911.0,27915.0,27921.0,27933.0,27942.0,27947.0,27956.0,27962.0,27967.0,27971.0,27974.0,27978.0,27980.0,27983.0,27985.0,27988.0,27989.0,27992.0,27994.0,27997.0,27998.0,28003.0,28007.0,28011.0,28013.0,28014.0,28017.0,28022.0,28026.0,28034.0,28038.0,28039.0,28044.0,28054.0,28055.0,28055.0,28055.0,28056.0,28059.0,28064.0,28064.0,28067.0,28071.0,28075.0,28075.0,28077.0,28081.0,28083.0,28087.0,28089.0,28090.0,28094.0,28101.0,,28104.0,28104.0,28104.0,28105.0,28106.0,28109.0,28111.0,28113.0,28115.0,28115.0,28116.0,28117.0,28119.0,28121.0,28123.0,28123.0,28124.0,28126.0,28130.0,28134.0,28135.0,28138.0,28140.0,28140.0,28141.0,28144.0,28145.0,28147.0,28150.0,28153.0,28158.0,28159.0,28162.0,28162.0,28162.0,28162.0,28164.0,28165.0,28168.0,28168.0,28171.0,28174.0,28177.0,28180.0,28180.0,28183.0,28184.0,28184.0,28184.0,28186.0,28186.0,28187.0,28192.0,28192.0,28193.0,28194.0,28196.0,28198.0,28200.0,28202.0,28205.0,28207.0,28207.0,28208.0,28208.0,28209.0,28210.0,28215.0,28215.0,28216.0,28217.0,28217.0,28217.0,28217.0,28218.0,28218.0,28218.0,28218.0,28218.0,28219.0,28222.0,28222.0,28228.0,28228.0,28230.0,28230.0,28231.0,28234.0,28235.0,28236.0,28237.0,28239.0,28239.0,28239.0,28240.0,28243.0,28246.0,28247.0,28248.0,28249.0,28252.0,28255.0,28255.0,28255.0,28255.0,28257.0,28258.0,28258.0,28259.0,28261.0,28261.0,28262.0,28263.0,28263
ibtl6hHWsz0,7297.0,7300.0,7301.0,7304.0,7308.0,7309.0,7311.0,7313.0,7316.0,7319.0,7319.0,7322.0,7326.0,7332.0,7333.0,7334.0,7335.0,7337.0,7338.0,7342.0,7344.0,7344.0,7346.0,7346.0,7346.0,7348.0,7353.0,7353.0,7354.0,7359.0,7360.0,7362.0,7364.0,7365.0,7368.0,7370.0,7371.0,7373.0,7374.0,7376.0,7376.0,7377.0,7378.0,7379.0,7379.0,7380.0,7388.0,7386.0,7388.0,7391.0,7394.0,7406.0,7408.0,7407.0,7408.0,7409.0,7410.0,7410.0,7411.0,7413.0,7415.0,7417.0,7417.0,7418.0,7418.0,7419.0,7419.0,7420.0,7421.0,7424.0,7427.0,7428.0,7429.0,7430.0,7431.0,7433.0,7433.0,7435.0,7438.0,7438.0,7437.0,7438.0,7438.0,7439.0,7440.0,7440.0,7444.0,7444.0,7446.0,7449.0,7451.0,7452.0,7454.0,7455.0,7455.0,7458.0,7462.0,7464.0,7463.0,7465.0,7465.0,7468.0,7468.0,7472.0,7474.0,7476.0,7478.0,7480.0,7482.0,7485.0,7487.0,7493.0,7495.0,7496.0,7499.0,7501.0,7506.0,7507.0,7510.0,7516.0,7519.0,7523.0,7527.0,7531.0,7537.0,7542.0,7552.0,7555.0,7555.0,7559.0,7574.0,7580.0,7583.0,7592.0,,,,,,,,,7693.0,7700.0,7701.0,7702.0,7703.0,7706.0,7707.0,7711.0,7716.0,7721.0,7734.0,7737.0,7736.0,7736.0,7737.0,7738.0,7739.0,7739.0,7741.0,7742.0,7745.0,7748.0,7749.0,7750.0,7750.0,7753.0,7753.0,7754.0,7754.0,7755.0,7759.0,7760.0,7760.0,7761.0,7762.0,7762.0,7764.0,7764.0,7767.0,7773.0,7781.0,7784.0,7800.0,7805.0,7813.0,7826.0,7831.0,7836.0,7844.0,7845.0,7849.0,7850.0,7851.0,7852.0,7852.0,7854.0,7854.0,7854.0,7857.0,7859.0,7861.0,7866.0,7872.0,7875.0,7879.0,7881.0,7883.0,7899.0,7903.0,7906.0,7909.0,7913.0,7915.0,7920.0,7926.0,7928.0,7929.0,7927.0,7928.0,7931.0,7932.0,7934.0,7936.0,7937.0,7938.0,7943.0,7948.0,7949.0,7950.0,7954.0,7956.0,7957.0,7958.0,7959.0,7963.0,7965.0,7966.0,7969.0,7971.0,7972.0,7974.0,7975.0,7976.0,7977.0,7978.0,7981.0,7983.0,7986.0,7987.0,7991.0,7992.0,7993.0,7998.0,8000.0,8004.0,8006.0,8009.0,8011.0,8013.0,8015.0,8017.0,,8023.0,8025.0,8026.0,8027.0,8030.0,8032.0,8033.0,8035.0,8037.0,8037.0,8041.0,8043.0,8044.0,8047.0,8049.0,8049.0,8053.0,8055.0,8057.0,8059.0,8060.0,8061.0,8063.0,8064.0,8066.0,8069.0,8071.0,8072.0,8074.0,8077.0,8080.0,8081.0,8083.0,8084.0,8088.0,8091.0,8093.0,8095.0,8098.0,8101.0,8103.0,8106.0,8111.0,8114.0,8122.0,8123.0,8127.0,8129.0,8132.0,8136.0,8138.0,8141.0,8143.0,8143.0,8145.0,8149.0,8150.0,8154.0,8157.0,8159.0,8162.0,8162.0,8165.0,8166.0,8167.0,8169.0,8171.0,8172.0,8175.0,8176.0,8177.0,8178.0,8180.0,8181.0,8183.0,8185.0,8188.0,8189.0,8192.0,8194.0,8196.0,8198.0,8202.0,8204.0,8205.0,8205.0,8208.0,8210.0,8211.0,8212.0,8213.0,8215.0,8217.0,8218.0,8222.0,8223.0,8224.0,8227.0,8230.0,8232.0,8235.0,8236.0,8239.0,8241.0,8243.0,8244.0,8246.0,8248.0,8248.0,8252.0,8255.0,8256.0,8257.0,8258
V-EnPRrotnU,327464.0,327520.0,327579.0,327657.0,327701.0,327738.0,327799.0,327844.0,327896.0,327957.0,328034.0,328090.0,328146.0,328200.0,328238.0,328286.0,328335.0,328391.0,328439.0,328484.0,328542.0,328615.0,328704.0,328815.0,328911.0,328978.0,329032.0,329086.0,329141.0,329201.0,329242.0,329295.0,329377.0,329455.0,329537.0,329583.0,329635.0,329735.0,329809.0,329870.0,329933.0,329999.0,330045.0,330109.0,330160.0,330214.0,330268.0,330317.0,330361.0,330413.0,330462.0,330516.0,330555.0,330598.0,330647.0,330708.0,330764.0,330813.0,330865.0,330912.0,330970.0,331040.0,331111.0,331164.0,331226.0,331265.0,331309.0,331360.0,331392.0,331464.0,331509.0,331546.0,331600.0,331641.0,331687.0,331728.0,331762.0,331800.0,331851.0,331895.0,331961.0,332019.0,332061.0,332108.0,332148.0,332196.0,332228.0,332261.0,332311.0,332355.0,332393.0,332434.0,332487.0,332517.0,332563.0,332602.0,332635.0,332671.0,332719.0,332752.0,332789.0,332840.0,332877.0,332927.0,332966.0,333015.0,333067.0,333129.0,333194.0,333256.0,333329.0,333372.0,333473.0,333536.0,333600.0,333654.0,333706.0,333750.0,333809.0,333866.0,333911.0,333961.0,334010.0,334043.0,334086.0,334143.0,334177.0,334233.0,334285.0,334333.0,334396.0,334441.0,334497.0,334549.0,,,,,,,,,334945.0,335017.0,335064.0,335094.0,335128.0,335181.0,335230.0,335260.0,335290.0,335345.0,335394.0,335430.0,335472.0,335510.0,335555.0,335609.0,335652.0,335698.0,335760.0,335821.0,335870.0,335930.0,335987.0,336023.0,336067.0,336105.0,336137.0,336176.0,336220.0,336286.0,336334.0,336373.0,336420.0,336461.0,336541.0,336596.0,336638.0,336676.0,336704.0,336743.0,336775.0,336815.0,336851.0,336893.0,336927.0,336957.0,336993.0,337035.0,337077.0,337117.0,337141.0,337178.0,337209.0,337249.0,337289.0,337333.0,337368.0,337418.0,337452.0,337493.0,337521.0,337557.0,337589.0,337624.0,337656.0,337690.0,337717.0,337767.0,337804.0,337848.0,337886.0,337914.0,337948.0,337999.0,338029.0,338077.0,338103.0,338149.0,338224.0,338263.0,338315.0,338360.0,338406.0,338457.0,338492.0,338537.0,338574.0,338609.0,338633.0,338673.0,338701.0,338743.0,338777.0,338815.0,338844.0,338990.0,339037.0,339075.0,339120.0,339160.0,339199.0,339252.0,339287.0,339319.0,339359.0,339389.0,339417.0,339452.0,339493.0,339532.0,339572.0,339605.0,339632.0,339665.0,339698.0,339731.0,339765.0,339820.0,339859.0,339909.0,339950.0,,340048.0,340085.0,340156.0,340207.0,340257.0,340296.0,340356.0,340413.0,340455.0,340511.0,340548.0,340611.0,340701.0,340776.0,340826.0,340874.0,340924.0,340965.0,341002.0,341069.0,341102.0,341143.0,341187.0,341222.0,341279.0,341317.0,341352.0,341414.0,341474.0,341552.0,341624.0,341722.0,341846.0,341926.0,341997.0,342077.0,342127.0,342194.0,342247.0,342321.0,342373.0,342426.0,342482.0,342544.0,342586.0,342639.0,342687.0,342746.0,342789.0,342824.0,342856.0,342885.0,342922.0,342968.0,343003.0,343043.0,343068.0,343118.0,343149.0,343190.0,343244.0,343291.0,343325.0,343338.0,343375.0,343410.0,343617.0,343668.0,343709.0,343754.0,343801.0,343849.0,343890.0,343937.0,343986.0,344018.0,344044.0,344084.0,344121.0,344151.0,344185.0,344224.0,344272.0,344330.0,344371.0,344398.0,344431.0,344476.0,344520.0,344578.0,344608.0,344647.0,344680.0,344727.0,344761.0,344786.0,344829.0,344875.0,344915.0,344946.0,344976.0,345006.0,345044.0,345101.0,345149.0,345192.0,345239.0,345284.0,345327.0,345382.0,345412.0,345447.0,345482.0,345517
AgznLjifn2M,,,,,,,,,,,,,,,,,,,,,,,,,,,,,,,,,,,,,,,,,,,,,,,,,,,,,,,,,,,,,,,,,,,,,,,,,,,,,,,,,,,,,,,,,,,,,,,,,,,,,,,,,,,,,,,,,,,,,,,,,,,,,,,,,,,,,,,,,,,,,,,,,,,,,,,,,,,,,,,,,,,,,,,,,,,,,,,,,,,,,,,,,,,,,,,,,,,,,,,,,,,,,,,,,,,,,,,,,,,,,,,,,,,,,,,,,,,,,,,,,,,,,,,,,,,,,,,,,,,,,,,,,,,,,,,,,,,,,,,,,,,,,,,,,,,,,,,,,,,,,,,,,,,,,,,,,,,,,,,,,,,,,,,,,,,,,,,,,,,,,,,,,,,,,,,,,,,,,,,,,,,,,,,,,,,,,,,,,,
Ahv91w6q9bI,19194.0,19197.0,19199.0,19201.0,19201.0,19223.0,19226.0,19245.0,19249.0,19267.0,19293.0,19313.0,19316.0,19325.0,19325.0,19327.0,19328.0,19328.0,19329.0,19330.0,19331.0,19334.0,19336.0,19338.0,19339.0,19347.0,19349.0,19352.0,19354.0,19355.0,19357.0,19363.0,19365.0,19369.0,19370.0,19380.0,19387.0,19390.0,19392.0,19396.0,19400.0,19405.0,19407.0,19410.0,19411.0,19413.0,19418.0,19434.0,19440.0,19446.0,19449.0,19451.0,19453.0,19457.0,19463.0,19466.0,19467.0,19471.0,19473.0,19474.0,19477.0,19482.0,19484.0,19492.0,19501.0,19504.0,19510.0,19524.0,19526.0,19542.0,19547.0,19550.0,19561.0,19607.0,19625.0,19659.0,19687.0,19651.0,19660.0,19664.0,19688.0,19716.0,19749.0,19772.0,19800.0,19805.0,19811.0,19812.0,19813.0,19817.0,19821.0,19824.0,19829.0,19830.0,19834.0,19838.0,19841.0,19842.0,19842.0,19844.0,19846.0,19849.0,19853.0,19858.0,19859.0,19859.0,19863.0,19866.0,19867.0,19869.0,19874.0,19880.0,19887.0,19889.0,19892.0,19894.0,19894.0,19894.0,19895.0,19900.0,19900.0,19903.0,19904.0,19909.0,19912.0,19914.0,19914.0,19915.0,19920.0,19921.0,19926.0,19927.0,19927.0,19929.0,,,,,,,,,19948.0,19951.0,19978.0,19979.0,19989.0,19992.0,19994.0,19994.0,19995.0,19999.0,20001.0,20006.0,20007.0,20009.0,20009.0,20011.0,20011.0,20013.0,20015.0,20018.0,20019.0,20023.0,20026.0,20027.0,20033.0,20035.0,20041.0,20045.0,20046.0,20051.0,20055.0,20056.0,20060.0,20060.0,20064.0,20069.0,20073.0,20077.0,20078.0,20083.0,20088.0,20088.0,20091.0,20099.0,20103.0,20103.0,20110.0,20112.0,20114.0,20120.0,20123.0,20126.0,20133.0,20135.0,20139.0,20144.0,20147.0,20148.0,20149.0,20151.0,20156.0,20156.0,20158.0,20163.0,20168.0,20172.0,20173.0,20175.0,20179.0,20181.0,20181.0,20183.0,20185.0,20187.0,20189.0,20191.0,20192.0,20191.0,20195.0,20201.0,20203.0,20206.0,20209.0,20213.0,20214.0,20217.0,20219.0,20222.0,20224.0,20226.0,20228.0,20233.0,20234.0,20235.0,20241.0,20243.0,20244.0,20246.0,20249.0,20255.0,20260.0,20263.0,20265.0,20277.0,20286.0,20291.0,20294.0,20296.0,20296.0,20298.0,20303.0,20306.0,20309.0,20314.0,20315.0,20316.0,20318.0,20322.0,20324.0,20325.0,20331.0,,20342.0,20342.0,20342.0,20343.0,20347.0,20349.0,20354.0,20356.0,20360.0,20364.0,20368.0,20370.0,20371.0,20372.0,20376.0,20376.0,20378.0,20384.0,20391.0,20396.0,20399.0,20403.0,20410.0,20412.0,20416.0,20420.0,20422.0,20425.0,20429.0,20436.0,20437.0,20440.0,20444.0,20445.0,20451.0,20456.0,20461.0,20463.0,20463.0,20467.0,20467.0,20468.0,20470.0,20470.0,20477.0,20479.0,20481.0,20485.0,20486.0,20487.0,20488.0,20489.0,20490.0,20491.0,20493.0,20493.0,20494.0,20496.0,20496.0,20496.0,20496.0,20501.0,20503.0,20504.0,20505.0,20516.0,20517.0,20519.0,20521.0,20521.0,20524.0,20526.0,20529.0,20529.0,20530.0,20534.0,20536.0,20540.0,20542.0,20544.0,20544.0,20543.0,20544.0,20546.0,20552.0,20552.0,20554.0,20560.0,20565.0,20568.0,20568.0,20571.0,20574.0,20576.0,20579.0,20581.0,20585.0,20584.0,20590.0,20591.0,20595.0,20597.0,20601.0,20607.0,20610.0,20614.0,20615.0,20619.0,20624.0,20625.0,20626.0,20629.0,20631.0,20631
bDYCTh99IqA,2576.0,2583.0,2589.0,2592.0,2593.0,2599.0,2608.0,2614.0,2620.0,2627.0,2631.0,2631.0,2635.0,2641.0,2646.0,2652.0,2657.0,2661.0,2666.0,2668.0,2673.0,2679.0,2683.0,2688.0,2693.0,2694.0,2695.0,2697.0,2699.0,2702.0,2703.0,2704.0,2709.0,2710.0,2711.0,2712.0,2715.0,2717.0,2723.0,2723.0,2727.0,2729.0,2731.0,2733.0,2734.0,2736.0,2736.0,2738.0,2738.0,2739.0,2741.0,2743.0,2744.0,2744.0,2747.0,2748.0,2752.0,2753.0,2754.0,2755.0,2755.0,2756.0,2758.0,2762.0,2763.0,2765.0,2766.0,2766.0,2769.0,2771.0,2773.0,2777.0,2784.0,2785.0,2787.0,2789.0,2791.0,2793.0,2795.0,2796.0,2798.0,2798.0,2801.0,2801.0,2803.0,2804.0,2807.0,2808.0,2810.0,2813.0,2815.0,2818.0,2819.0,2822.0,2824.0,2825.0,2826.0,2831.0,2833.0,2834.0,2834.0,2836.0,2837.0,2844.0,2846.0,2849.0,2850.0,2860.0,2863.0,2864.0,2865.0,2869.0,2869.0,2871.0,2872.0,2874.0,2877.0,2879.0,2883.0,2884.0,2884.0,2884.0,2886.0,2888.0,2894.0,2894.0,2894.0,2894.0,2894.0,2895.0,2899.0,2898.0,2898.0,2898.0,,,,,,,,,2919.0,2919.0,2921.0,2921.0,2924.0,2925.0,2926.0,2928.0,2934.0,2991.0,3125.0,3256.0,3420.0,3522.0,3630.0,3722.0,3859.0,3972.0,4097.0,4172.0,4223.0,4256.0,4302.0,4355.0,4388.0,4439.0,4483.0,4546.0,4602.0,4656.0,4749.0,4917.0,5122.0,5412.0,5722.0,6020.0,6293.0,6625.0,6975.0,7503.0,8010.0,8618.0,9004.0,9281.0,9638.0,10277.0,10855.0,11356.0,11888.0,12250.0,12625.0,13100.0,13491.0,13838.0,14192.0,14550.0,14799.0,15012.0,15240.0,15506.0,15789.0,16018.0,16228.0,16463.0,16627.0,16876.0,17210.0,17480.0,17742.0,18016.0,18225.0,18387.0,18590.0,18821.0,19052.0,19163.0,19242.0,19269.0,19314.0,19366.0,19429.0,19469.0,19510.0,19543.0,19569.0,19588.0,19613.0,19640.0,19667.0,19695.0,19727.0,19741.0,19748.0,19763.0,19768.0,19781.0,19793.0,19801.0,19814.0,19818.0,19833.0,19840.0,19848.0,19857.0,19870.0,19879.0,19888.0,19897.0,19902.0,19914.0,19920.0,19931.0,19941.0,19957.0,19966.0,19980.0,19988.0,20003.0,20011.0,20020.0,20029.0,,20050.0,20061.0,20067.0,20082.0,20089.0,20099.0,20106.0,20117.0,20129.0,20140.0,20153.0,20161.0,20167.0,20173.0,20182.0,20190.0,20199.0,20215.0,20219.0,20223.0,20228.0,20235.0,20245.0,20260.0,20265.0,20267.0,20272.0,20283.0,20296.0,20308.0,20322.0,20326.0,20333.0,20344.0,20357.0,20365.0,20374.0,20379.0,20392.0,20397.0,20403.0,20410.0,20417.0,20426.0,20436.0,20445.0,20454.0,20461.0,20473.0,20481.0,20488.0,20505.0,20518.0,20531.0,20541.0,20556.0,20569.0,20584.0,20596.0,20607.0,20614.0,20619.0,20631.0,20645.0,20652.0,20663.0,20671.0,20691.0,20707.0,20732.0,20744.0,20759.0,20782.0,20799.0,20816.0,20829.0,20853.0,20873.0,20886.0,20905.0,20921.0,20930.0,20937.0,20952.0,20965.0,20972.0,21005.0,21060.0,21120.0,21163.0,21220.0,21287.0,21356.0,21421.0,21531.0,21605.0,21678.0,21771.0,21885.0,21942.0,22006.0,22076.0,22137.0,22179.0,22246.0,22310.0,22363.0,22422.0,22465.0,22513.0,22568.0,22619.0,22701.0,22760
Qc7_zRjH808,213955612.0,214049678.0,214150454.0,214254841.0,214353829.0,214441191.0,214526515.0,214624540.0,214708644.0,214793701.0,214879676.0,214960236.0,215047269.0,215135186.0,215223988.0,215310639.0,215402506.0,215491241.0,215570510.0,215651882.0,215734206.0,215821107.0,215906195.0,216005530.0,216107595.0,216202929.0,216289429.0,216374604.0,216456740.0,216546477.0,216641121.0,216723110.0,216804641.0,216894421.0,216984687.0,217066110.0,217150144.0,217238810.0,217333826.0,217407875.0,217486273.0,217563940.0,217645054.0,217729951.0,217810498.0,217890687.0,217965987.0,218047824.0,218129285.0,218206728.0,218281252.0,218361786.0,218433188.0,218501128.0,218592351.0,218674265.0,218753552.0,218829605.0,218907757.0,218989855.0,219071853.0,219147698.0,219220015.0,219309319.0,219411650.0,219491859.0,219567256.0,219644925.0,219710007.0,219789052.0,219865303.0,219952761.0,220039742.0,220115886.0,220193591.0,220281898.0,220360947.0,220441192.0,220523660.0,220604622.0,220684529.0,220757150.0,220830072.0,220908888.0,220986198.0,221073515.0,221164412.0,221259136.0,221337008.0,221410163.0,221481254.0,221553800.0,221632909.0,221721896.0,221813565.0,221886327.0,221952684.0,222017482.0,222085874.0,222156125.0,222232627.0,222319212.0,222395641.0,222467390.0,222540878.0,222617308.0,222693410.0,222770788.0,222849661.0,222921436.0,222990114.0,223066061.0,223142140.0,223222501.0,223314514.0,223408259.0,223488912.0,223567238.0,223643842.0,223715875.0,223790873.0,223870633.0,223948171.0,224017668.0,224086226.0,224152945.0,224224715.0,224300748.0,224383109.0,224462824.0,224538609.0,224616251.0,224692340.0,224767974.0,,,,,,,,,225436957.0,225515136.0,225585175.0,225653797.0,225718709.0,225780403.0,225838667.0,225902378.0,225978201.0,226049056.0,226121812.0,226207693.0,226299206.0,226401129.0,226521541.0,226635990.0,226725827.0,226820845.0,226914108.0,226989566.0,227055575.0,227128638.0,227205990.0,227273045.0,227345895.0,227415819.0,227485376.0,227559061.0,227635369.0,227712496.0,227777562.0,227843286.0,227911866.0,227979464.0,228048797.0,228124447.0,228199075.0,228265951.0,228335812.0,228405401.0,228475082.0,228548539.0,228625928.0,228700940.0,228774197.0,228843317.0,228912441.0,228982100.0,229055205.0,229131383.0,229205451.0,229271076.0,229339317.0,229413025.0,229482750.0,229554849.0,229628129.0,229700110.0,229769102.0,229843952.0,229920299.0,229994242.0,230058805.0,230129104.0,230196277.0,230267671.0,230345992.0,230427461.0,230512417.0,230579671.0,230655746.0,230727975.0,230797849.0,230870790.0,230950497.0,231030404.0,231111728.0,231200411.0,231285384.0,231362897.0,231436613.0,231507334.0,231587804.0,231668284.0,231751764.0,231834481.0,231908541.0,231981505.0,232055368.0,232132681.0,232212712.0,232298135.0,232384632.0,232461394.0,232536845.0,232613458.0,232688799.0,232765724.0,232850341.0,232931447.0,233010330.0,233088247.0,233167781.0,233247305.0,233330778.0,233416372.0,233501590.0,233579590.0,233655115.0,233730532.0,233809138.0,233891299.0,233988298.0,234091687.0,234179287.0,234262555.0,234343042.0,234423541.0,234507039.0,234594250.0,234681753.0,,234832269.0,234909014.0,234983856.0,235061950.0,235144934.0,235222770.0,235294131.0,235363520.0,235434227.0,235504618.0,235577771.0,235654312.0,235729602.0,235795949.0,235857617.0,235920759.0,235985330.0,236052083.0,236128265.0,236205201.0,236272551.0,236340626.0,236407526.0,236478256.0,236548981.0,236623991.0,236700291.0,236769992.0,236840520.0,236914296.0,236991897.0,237064307.0,237141278.0,237216405.0,237289332.0,237365223.0,237439873.0,237515768.0,237597225.0,237678198.0,237757207.0,237832663.0,237910081.0,237986136.0,238065125.0,238142731.0,238226176.0,238308889.0,238386442.0,238458750.0,238531925.0,238605830.0,238681313.0,238761522.0,238845287.0,238919898.0,238991798.0,239065129.0,239138878.0,239211573.0,239289214.0,239369829.0,239441892.0,239508234.0,239576116.0,239644707.0,239718797.0,239796783.0,239877645.0,239953163.0,240020398.0,240085358.0,240148885.0,240214144.0,240287977.0,240362781.0,240434996.0,240509568.0,240583195.0,240660002.0,240740354.0,240823779.0,240905368.0,240978985.0,241051818.0,241124069.0,241200236.0,241279116.0,241361705.0,241443191.0,241516205.0,241585786.0,241656192.0,241728050.0,241800828.0,241883368.0,241969245.0,242047516.0,242118795.0,242189778.0,242261141.0,242336770.0,242418082.0,242498368.0,242569046.0,242640149.0,242714120.0,242791733.0,242872980.0,242965820.0,243054404.0,243126913.0,243198366.0,243271844
pfZjylInCwg,8587382.0,8589985.0,8592888.0,8595802.0,8598689.0,8601318.0,8603830.0,8606480.0,8609145.0,8611918.0,8614943.0,8617802.0,8620668.0,8623638.0,8626806.0,8630103.0,8633519.0,8636622.0,8639547.0,8642426.0,8645333.0,8648214.0,8651017.0,8653909.0,8656574.0,8658955.0,8661289.0,8663547.0,8665872.0,8668416.0,8671048.0,8673511.0,8675932.0,8678269.0,8680616.0,8683066.0,8685775.0,8688383.0,8690778.0,8693195.0,8695567.0,8698098.0,8700545.0,8703071.0,8705778.0,8708215.0,8710600.0,8713174.0,8715535.0,8718090.0,8720669.0,8723370.0,8725785.0,8727947.0,8730406.0,8732702.0,8735045.0,8737273.0,8739356.0,8741430.0,8743540.0,8745752.0,8747925.0,8750136.0,8752297.0,8754427.0,8756467.0,8758492.0,8760202.0,8762457.0,8764335.0,8766286.0,8768464.0,8770624.0,8772641.0,8774677.0,8776780.0,8779105.0,8781366.0,8783432.0,8785615.0,8787720.0,8789899.0,8792040.0,8794268.0,8796519.0,8798842.0,8801146.0,8803476.0,8805546.0,8807540.0,8809501.0,8811482.0,8813531.0,8815576.0,8817390.0,8819167.0,8821009.0,8822732.0,8824560.0,8826599.0,8828616.0,8830448.0,8832117.0,8834086.0,8835959.0,8837833.0,8839886.0,8841832.0,8843571.0,8845524.0,8847453.0,8849438.0,8851447.0,8853579.0,8855618.0,8857374.0,8859220.0,8860973.0,8862808.0,8864660.0,8866715.0,8868748.0,8870521.0,8872327.0,8874166.0,8875960.0,8877931.0,8879836.0,8881785.0,8883566.0,8885440.0,8887203.0,8888902.0,,,,,,,,,8903994.0,8905669.0,8907160.0,8908729.0,8910183.0,8911611.0,8913074.0,8914504.0,8916110.0,8917576.0,8919001.0,8920399.0,8922004.0,8923565.0,8925263.0,8926915.0,8928438.0,8930049.0,8931655.0,8933226.0,8934850.0,8936591.0,8938330.0,8939814.0,8941330.0,8942815.0,8944262.0,8945853.0,8947474.0,8949136.0,8950670.0,8952075.0,8953591.0,8955028.0,8956525.0,8958017.0,8959513.0,8960845.0,8962312.0,8963806.0,8965347.0,8966983.0,8968485.0,8970087.0,8971550.0,8973071.0,8974535.0,8975877.0,8977417.0,8978856.0,8980328.0,8981741.0,8983202.0,8984782.0,8986216.0,8987713.0,8989063.0,8990427.0,8991948.0,8993345.0,8994549.0,8995981.0,8997289.0,8998616.0,8999954.0,9001366.0,9002847.0,9004452.0,9005847.0,9007084.0,9008480.0,9009889.0,9011385.0,9012685.0,9014308.0,9015885.0,9017368.0,9019045.0,9020709.0,9022452.0,9024129.0,9025722.0,9027685.0,9029336.0,9031128.0,9032852.0,9034370.0,9035900.0,9037457.0,9039025.0,9040547.0,9042114.0,9043663.0,9045246.0,9046683.0,9048254.0,9049902.0,9051659.0,9053374.0,9055033.0,9056595.0,9058176.0,9059799.0,9061324.0,9062933.0,9064583.0,9066299.0,9067693.0,9069291.0,9070800.0,9072438.0,9074118.0,9076036.0,9077710.0,9079441.0,9081002.0,9082569.0,9084220.0,9085941.0,9087763.0,9089369.0,,9092096.0,9093545.0,9095023.0,9096481.0,9097901.0,9099375.0,9100698.0,9101957.0,9103242.0,9104555.0,9105839.0,9107154.0,9108641.0,9109822.0,9110971.0,9112165.0,9113303.0,9114570.0,9115913.0,9117273.0,9118463.0,9119742.0,9121027.0,9122335.0,9123625.0,9124972.0,9126296.0,9127474.0,9128719.0,9129929.0,9131193.0,9132536.0,9133856.0,9135077.0,9136269.0,9137506.0,9138734.0,9140021.0,9141255.0,9142549.0,9143828.0,9145088.0,9146234.0,9147424.0,9148677.0,9149872.0,9151190.0,9152467.0,9153663.0,9154796.0,9156060.0,9157411.0,9158594.0,9159931.0,9161242.0,9162407.0,9163514.0,9164621.0,9165643.0,9167049.0,9168419.0,9169739.0,9170880.0,9172041.0,9173311.0,9174558.0,9175936.0,9177336.0,9178648.0,9179835.0,9181001.0,9182166.0,9183311.0,9184609.0,9185967.0,9187374.0,9188661.0,9189884.0,9191235.0,9192630.0,9194185.0,9195602.0,9196929.0,9198279.0,9199561.0,9200888.0,9202117.0,9203378.0,9204667.0,9205839.0,9206989.0,9208200.0,9209474.0,9210778.0,9211987.0,9213420.0,9214759.0,9216088.0,9217380.0,9218785.0,9220059.0,9221324.0,9222777.0,9224195.0,9225522.0,9226796.0,9228153.0,9229367.0,9230704.0,9232117.0,9233400.0,9234723.0,9235978.0,9237344
8Kv2CKipG-Y,2412625.0,2439419.0,2459115.0,2479098.0,2498312.0,2514487.0,2529722.0,2546094.0,2559964.0,2569899.0,2587629.0,2598643.0,2607267.0,2622161.0,2637362.0,2650852.0,2664130.0,2677949.0,2689872.0,2701792.0,2711676.0,2720403.0,2728826.0,2737057.0,2745462.0,2755382.0,2769549.0,2784108.0,2797079.0,2807877.0,2825110.0,2843247.0,2857020.0,2865310.0,2878059.0,2892872.0,2906755.0,2916080.0,2924077.0,2935146.0,2946171.0,2955380.0,2962475.0,2969027.0,2977659.0,2988007.0,3001103.0,3016745.0,3030169.0,3036165.0,3041895.0,3051000.0,3057485.0,3062914.0,3068835.0,3073291.0,3077268.0,3081857.0,3087303.0,3091601.0,3096266.0,3100921.0,3105109.0,3109309.0,3113206.0,3117199.0,3121091.0,3124826.0,3128551.0,3132662.0,3136567.0,3141024.0,3145825.0,3149826.0,3151266.0,3152154.0,3153152.0,3154160.0,3155096.0,3156021.0,3156878.0,3157764.0,3158609.0,3159387.0,3160213.0,3161074.0,3161975.0,3162792.0,3163658.0,3164410.0,3165206.0,3165894.0,3166618.0,3167436.0,3168608.0,3169736.0,3170494.0,3171191.0,3171979.0,3172728.0,3173534.0,3174337.0,3175001.0,3175705.0,3176393.0,3177055.0,3177701.0,3178461.0,3179252.0,3179925.0,3180591.0,3181301.0,3181925.0,3182592.0,3183340.0,3184136.0,3184825.0,3185398.0,3186061.0,3186673.0,3187370.0,3188016.0,3188687.0,3189323.0,3189964.0,3190565.0,3191148.0,3191804.0,3192535.0,3193209.0,3193805.0,3194421.0,3195172.0,3195890.0,,,,,,,,,3202326.0,3203022.0,3203726.0,3204397.0,3205035.0,3205685.0,3206325.0,3206958.0,3207610.0,3208180.0,3208865.0,3209501.0,3210238.0,3210943.0,3211622.0,3212258.0,3212812.0,3213450.0,3214084.0,3214764.0,3215460.0,3216183.0,3216842.0,3217458.0,3218043.0,3218676.0,3219339.0,3219902.0,3220580.0,3221172.0,3221789.0,3222389.0,3223037.0,3223681.0,3224494.0,3225255.0,3225907.0,3226484.0,3227095.0,3227697.0,3228332.0,3228994.0,3229647.0,3230272.0,3230905.0,3231494.0,3232109.0,3232725.0,3233279.0,3233925.0,3234463.0,3235108.0,3235706.0,3236263.0,3236758.0,3237384.0,3237953.0,3238567.0,3239174.0,3239738.0,3240326.0,3240863.0,3241377.0,3241988.0,3242525.0,3243124.0,3243712.0,3244382.0,3244971.0,3245556.0,3246140.0,3246660.0,3247230.0,3247892.0,3248602.0,3249223.0,3249864.0,3250562.0,3251171.0,3251753.0,3252308.0,3252883.0,3253536.0,3254145.0,3254755.0,3255399.0,3256031.0,3256585.0,3257219.0,3257879.0,3258486.0,3259168.0,3259845.0,3260459.0,3261131.0,3261859.0,3262596.0,3263315.0,3264133.0,3264895.0,3265596.0,3266252.0,3266951.0,3267676.0,3268441.0,3269253.0,3270055.0,3270803.0,3271522.0,3272203.0,3272982.0,3274010.0,3275468.0,3277433.0,3278771.0,3280012.0,3281045.0,3282084.0,3283106.0,3284076.0,3285064.0,,3286888.0,3287847.0,3288774.0,3289622.0,3290441.0,3291329.0,3292253.0,3293076.0,3293924.0,3294825.0,3295704.0,3296619.0,3297515.0,3298353.0,3299125.0,3299914.0,3300640.0,3301510.0,3302397.0,3303210.0,3303982.0,3304750.0,3305458.0,3306238.0,3307030.0,3307821.0,3308666.0,3309469.0,3310131.0,3310942.0,3311723.0,3312513.0,3313278.0,3314010.0,3314820.0,3315614.0,3316354.0,3317069.0,3317937.0,3318803.0,3319621.0,3320481.0,3321238.0,3322270.0,3323035.0,3323975.0,3324824.0,3325668.0,3326594.0,3327447.0,3328134.0,3328907.0,3329663.0,3330441.0,3331272.0,3332056.0,3332855.0,3333567.0,3334289.0,3335073.0,3335806.0,3336538.0,3337242.0,3337929.0,3338658.0,3339361.0,3340174.0,3340844.0,3341510.0,3342217.0,3342925.0,3343580.0,3344203.0,3344927.0,3345660.0,3346316.0,3347017.0,3347759.0,3348625.0,3349342.0,3350114.0,3350847.0,3351606.0,3352299.0,3353036.0,3353733.0,3354470.0,3355209.0,3355983.0,3356755.0,3357569.0,3358343.0,3359028.0,3359787.0,3360481.0,3361225.0,3361911.0,3362602.0,3363271.0,3363928.0,3364613.0,3365300.0,3366022.0,3366661.0,3367300.0,3367909.0,3368577.0,3369224.0,3369879.0,3370472.0,3371275.0,3371977.0,3372671.0,3373348
6uvUTu716rU,64177987.0,64217328.0,64261187.0,64310923.0,64360054.0,64407424.0,64457856.0,64529592.0,64581591.0,64617011.0,64674840.0,64760172.0,64853409.0,64893458.0,64948739.0,65014098.0,65080495.0,65148691.0,65216491.0,65283745.0,65358051.0,65428216.0,65495274.0,65562637.0,65636282.0,65704751.0,65784423.0,65848321.0,65915348.0,65995440.0,66066735.0,66122267.0,66187852.0,66257699.0,66326001.0,66393139.0,66456180.0,66521160.0,66590997.0,66646407.0,66702975.0,66764451.0,66843222.0,66932878.0,66996865.0,67058543.0,67128073.0,67208613.0,67291027.0,67339091.0,67381648.0,67445612.0,67500358.0,67556631.0,67611604.0,67686541.0,67767658.0,67843798.0,67917640.0,67979569.0,68024409.0,68089741.0,68160883.0,68247398.0,68321896.0,68388092.0,68463377.0,68543399.0,68608994.0,68686881.0,68755999.0,68830862.0,68908023.0,68979681.0,69068576.0,69164647.0,69236039.0,69327191.0,69417917.0,69496037.0,69570357.0,69643368.0,69715788.0,69789070.0,69857001.0,69920710.0,69983679.0,70055376.0,70129080.0,70211140.0,70287838.0,70358025.0,70422778.0,70479461.0,70538717.0,70603555.0,70668084.0,70731319.0,70799372.0,70855718.0,70911889.0,70972772.0,71035031.0,71101046.0,71173330.0,71247761.0,71311314.0,71377073.0,71440888.0,71502812.0,71566089.0,71633621.0,71699290.0,71770597.0,71840800.0,71910399.0,71981421.0,72051584.0,72126651.0,72195816.0,72265110.0,72325936.0,72387351.0,72441266.0,72502081.0,72560587.0,72620776.0,72682567.0,72736021.0,72789866.0,72846963.0,72897347.0,72946131.0,72990740.0,,,,,,,,,73417597.0,73470896.0,73521287.0,73575407.0,73626754.0,73672045.0,73718440.0,73767279.0,73812287.0,73858399.0,73904787.0,73954790.0,74008029.0,74061094.0,74120101.0,74176771.0,74243173.0,74315450.0,74381060.0,74443454.0,74515951.0,74589782.0,74663040.0,74736141.0,74815455.0,74891285.0,74970358.0,75050662.0,75131741.0,75216136.0,75294984.0,75372923.0,75451173.0,75529006.0,75604450.0,75686479.0,75767152.0,75844897.0,75924527.0,76004948.0,76082896.0,76166211.0,76248115.0,76325617.0,76410915.0,76491506.0,76565797.0,76637759.0,76711894.0,76791034.0,76862601.0,76932408.0,77005315.0,77084481.0,77160566.0,77233863.0,77305769.0,77373990.0,77442784.0,77515212.0,77589654.0,77662192.0,77728044.0,77798198.0,77869583.0,77942274.0,78018151.0,78104592.0,78181849.0,78251368.0,78323270.0,78389451.0,78462971.0,78540721.0,78632734.0,78723279.0,78819786.0,78909737.0,78989789.0,79072271.0,79153550.0,79227179.0,79304370.0,79379295.0,79453357.0,79525602.0,79592759.0,79659108.0,79732543.0,79803152.0,79874847.0,79950119.0,80023550.0,80095710.0,80168485.0,80242469.0,80312760.0,80379330.0,80449750.0,80519477.0,80595454.0,80660466.0,80729756.0,80798598.0,80869007.0,80937964.0,81008467.0,81072909.0,81137565.0,81204041.0,81274097.0,81348814.0,81429844.0,81507235.0,81585604.0,81663600.0,81742317.0,81822700.0,81905012.0,82000167.0,82092323.0,,82270719.0,82356128.0,82446464.0,82534384.0,82622513.0,82703907.0,82782145.0,82852155.0,82918217.0,82983551.0,83054829.0,83128038.0,83195617.0,83263932.0,83329089.0,83395930.0,83463231.0,83530361.0,83601228.0,83676393.0,83754959.0,83832482.0,83904824.0,83981516.0,84053515.0,84120217.0,84190165.0,84260087.0,84327170.0,84398441.0,84472333.0,84545054.0,84617599.0,84684206.0,84747976.0,84811645.0,84871522.0,84934319.0,84998795.0,85062562.0,85128081.0,85193402.0,85260356.0,85333527.0,85406589.0,85479769.0,85553527.0,85618385.0,85685031.0,85750225.0,85807817.0,85873050.0,85938601.0,86003732.0,86072360.0,86133694.0,86186741.0,86247380.0,86308315.0,86369760.0,86432691.0,86492984.0,86550435.0,86612115.0,86673254.0,86735952.0,86791150.0,86852235.0,86917051.0,86985182.0,87057562.0,87131083.0,87193844.0,87258685.0,87327499.0,87398012.0,87473430.0,87545849.0,87614581.0,87676511.0,87732298.0,87786478.0,87842603.0,87896309.0,87951220.0,88003191.0,88053415.0,88106533.0,88160498.0,88218820.0,88279414.0,88336931.0,88395163.0,88457214.0,88519642.0,88590149.0,88650104.0,88715738.0,88784392.0,88850778.0,88914765.0,88982280.0,89048734.0,89114274.0,89184650.0,89251515.0,89311544.0,89368768.0,89432190.0,89494914.0,89556664.0,89620473.0,89680637.0,89739903
aZ_rZxIu-J8,2894636.0,2897336.0,2900276.0,2902817.0,2905821.0,2909160.0,2912334.0,2915438.0,2918649.0,2921323.0,2924015.0,2926466.0,2929023.0,2931694.0,2934503.0,2937093.0,2939741.0,2942400.0,2945528.0,2948603.0,2951884.0,2955276.0,2958338.0,2961184.0,2963860.0,2968341.0,2972234.0,2976114.0,2979843.0,2983745.0,2987083.0,2989604.0,2992647.0,2996718.0,3000601.0,3003827.0,3006871.0,3009411.0,3011981.0,3014775.0,3017508.0,3020105.0,3022827.0,3025793.0,3028140.0,3030731.0,3033624.0,3036519.0,3039224.0,3041829.0,3044287.0,3046689.0,3048738.0,3051235.0,3053759.0,3056392.0,3059238.0,3061896.0,3064048.0,3066033.0,3068363.0,3070921.0,3073550.0,3076317.0,3079249.0,3081905.0,3084318.0,3086989.0,3089298.0,3092127.0,3094593.0,3096935.0,3099204.0,3101353.0,3103916.0,3106606.0,3108965.0,3111174.0,3113570.0,3115587.0,3117678.0,3119866.0,3122190.0,3124705.0,3127261.0,3129678.0,3131857.0,3133963.0,3136172.0,3138415.0,3140724.0,3142966.0,3145326.0,3147385.0,3149178.0,3151254.0,3153339.0,3155609.0,3157794.0,3159909.0,3161812.0,3163718.0,3165888.0,3167965.0,3169912.0,3171924.0,3173969.0,3175823.0,3177480.0,3179360.0,3181486.0,3183969.0,3186931.0,3189533.0,3194291.0,3198387.0,3200936.0,3203237.0,3205692.0,3207968.0,3209871.0,3211739.0,3213508.0,3215441.0,3217511.0,3219724.0,3221839.0,3224233.0,3226339.0,3228238.0,3230763.0,3232556.0,3234303.0,3236030.0,,,,,,,,,3255474.0,3258242.0,3261587.0,3264816.0,3267627.0,3270745.0,3272942.0,3275325.0,3278352.0,3281811.0,3285132.0,3288001.0,3291198.0,3294458.0,3297470.0,3300327.0,3303939.0,3307472.0,3310978.0,3314145.0,3316628.0,3319202.0,3321357.0,3323907.0,3326096.0,3328558.0,3330922.0,3333621.0,3335690.0,3337814.0,3339996.0,3342370.0,3344589.0,3346637.0,3348966.0,3351015.0,3352915.0,3354996.0,3357507.0,3360271.0,3362921.0,3365830.0,3368274.0,3370510.0,3373074.0,3375791.0,3378257.0,3380925.0,3383535.0,3385630.0,3387613.0,3389804.0,3392092.0,3394437.0,3396790.0,3399012.0,3401107.0,3403168.0,3405804.0,3408414.0,3410941.0,3412944.0,3415170.0,3417372.0,3419358.0,3421659.0,3423987.0,3426339.0,3428323.0,3430650.0,3432917.0,3435136.0,3437696.0,3440446.0,3443300.0,3446055.0,3448934.0,3451196.0,3453217.0,3455717.0,3458215.0,3460542.0,3463113.0,3465833.0,3468067.0,3470054.0,3472250.0,3474643.0,3477057.0,3479406.0,3481897.0,3484181.0,3486547.0,3489111.0,3491679.0,3494194.0,3496777.0,3499665.0,3502509.0,3505174.0,3508251.0,3511389.0,3514502.0,3517423.0,3520523.0,3522895.0,3525408.0,3528005.0,3530521.0,3533012.0,3535431.0,3537832.0,3539800.0,3541559.0,3543187.0,3545224.0,3547130.0,3549191.0,3551438.0,3553243.0,3554803.0,,3558084.0,3559944.0,3561774.0,3563567.0,3565243.0,3566713.0,3568199.0,3569767.0,3571182.0,3572976.0,3574686.0,3576349.0,3577969.0,3579490.0,3581059.0,3582723.0,3584360.0,3585976.0,3587457.0,3588856.0,3590308.0,3591883.0,3593396.0,3594918.0,3596357.0,3597812.0,3599148.0,3600565.0,3602110.0,3603570.0,3605011.0,3606478.0,3607831.0,3609143.0,3610511.0,3611904.0,3613326.0,3614883.0,3616415.0,3617815.0,3619242.0,3620722.0,3622257.0,3623757.0,3625232.0,3626711.0,3628355.0,3630266.0,3631950.0,3633987.0,3635884.0,3637684.0,3639441.0,3641296.0,3642809.0,3644440.0,3646097.0,3647884.0,3649573.0,3651494.0,3653182.0,3654785.0,3656296.0,3658314.0,3660328.0,3662471.0,3664568.0,3666627.0,3668229.0,3670229.0,3672130.0,3674146.0,3676238.0,3678539.0,3680539.0,3682374.0,3685000.0,3687963.0,3691187.0,3694103.0,3697018.0,3699514.0,3701590.0,3703712.0,3705951.0,3708075.0,3710428.0,3713249.0,3715958.0,3718200.0,3720619.0,3723373.0,3726073.0,3728806.0,3731613.0,3734233.0,3736337.0,3738794.0,3741187.0,3743324.0,3745539.0,3748340.0,3750712.0,3752718.0,3755560.0,3758711.0,3761892.0,3764585.0,3767198.0,3769883.0,3771810.0,3773968.0,3776305.0,3778566
l9RvsMrk_l4,1470703.0,1471065.0,1471476.0,1471925.0,1472361.0,1472754.0,1473114.0,1473468.0,1473910.0,1474344.0,1474761.0,1475233.0,1475662.0,1476090.0,1476497.0,1476821.0,1477198.0,1477630.0,1477944.0,1478383.0,1478792.0,1479146.0,1479517.0,1479866.0,1480186.0,1480506.0,1480817.0,1481129.0,1481489.0,1481813.0,1482205.0,1482543.0,1482857.0,1483204.0,1483559.0,1483853.0,1484199.0,1484467.0,1484761.0,1485057.0,1485453.0,1485745.0,1486141.0,1486458.0,1486767.0,1487071.0,1487422.0,1487736.0,1488096.0,1488389.0,1488709.0,1489129.0,1489463.0,1489718.0,1490115.0,1490386.0,1490677.0,1491027.0,1491398.0,1491772.0,1492073.0,1492369.0,1492665.0,1493014.0,1493322.0,1493632.0,1493879.0,1494237.0,1494561.0,1494947.0,1495305.0,1495611.0,1495920.0,1496228.0,1496583.0,1497012.0,1497388.0,1497686.0,1498062.0,1498448.0,1498761.0,1499167.0,1499554.0,1500006.0,1500367.0,1500712.0,1501197.0,1501632.0,1502082.0,1502498.0,1502907.0,1503302.0,1503626.0,1504133.0,1504519.0,1504962.0,1505326.0,1505815.0,1506232.0,1506570.0,1507048.0,1507527.0,1507979.0,1508377.0,1508836.0,1509207.0,1509593.0,1509944.0,1510366.0,1510791.0,1511140.0,1511456.0,1511695.0,1511969.0,1512363.0,1512751.0,1513085.0,1513377.0,1513630.0,1513939.0,1514266.0,1514637.0,1514957.0,1515407.0,1515782.0,1516136.0,1516495.0,1516803.0,1517111.0,1517451.0,1517715.0,1518044.0,1518290.0,1518557.0,,,,,,,,,1521328.0,1521749.0,1522117.0,1522396.0,1522774.0,1523010.0,1523361.0,1523641.0,1524039.0,1524343.0,1524617.0,1524867.0,1525185.0,1525457.0,1525797.0,1526203.0,1526429.0,1526780.0,1527070.0,1527389.0,1527696.0,1527995.0,1528394.0,1528742.0,1529080.0,1529402.0,1529787.0,1530085.0,1530370.0,1530728.0,1530991.0,1531261.0,1531578.0,1531835.0,1532091.0,1532362.0,1532606.0,1532921.0,1533278.0,1533644.0,1533956.0,1534270.0,1534599.0,1534853.0,1535189.0,1535542.0,1535841.0,1536119.0,1536384.0,1536699.0,1536948.0,1537151.0,1537385.0,1537653.0,1537903.0,1538111.0,1538367.0,1538608.0,1538837.0,1539066.0,1539272.0,1539478.0,1539679.0,1539920.0,1540145.0,1540356.0,1540561.0,1540733.0,1540945.0,1541171.0,1541418.0,1541644.0,1541862.0,1542121.0,1542345.0,1542533.0,1542739.0,1542929.0,1543175.0,1543344.0,1543616.0,1543822.0,1544080.0,1544295.0,1544501.0,1544715.0,1544921.0,1545133.0,1545377.0,1545625.0,1545853.0,1546031.0,1546267.0,1546465.0,1546666.0,1546940.0,1547176.0,1547385.0,1547620.0,1547845.0,1548037.0,1548286.0,1548533.0,1548727.0,1548958.0,1549204.0,1549441.0,1549624.0,1549884.0,1550102.0,1550312.0,1550537.0,1550753.0,1551010.0,1551262.0,1551510.0,1551693.0,1551950.0,1552191.0,1552446.0,1552685.0,,1553211.0,1553490.0,1553725.0,1553928.0,1554127.0,1554367.0,1554604.0,1554822.0,1555003.0,1555187.0,1555409.0,1555658.0,1555914.0,1556098.0,1556287.0,1556479.0,1556662.0,1556842.0,1557104.0,1557357.0,1557632.0,1557868.0,1558071.0,1558294.0,1558457.0,1558683.0,1558876.0,1559083.0,1559278.0,1559476.0,1559661.0,1559852.0,1560035.0,1560200.0,1560346.0,1560549.0,1560728.0,1560919.0,1561086.0,1561320.0,1561497.0,1561678.0,1561863.0,1562024.0,1562226.0,1562401.0,1562564.0,1562757.0,1562935.0,1563117.0,1563296.0,1563471.0,1563668.0,1563846.0,1564053.0,1564224.0,1564427.0,1564641.0,1564805.0,1564996.0,1565193.0,1565359.0,1565573.0,1565785.0,1566011.0,1566178.0,1566339.0,1566506.0,1566674.0,1566824.0,1566996.0,1567141.0,1567282.0,1567439.0,1567592.0,1567756.0,1567913.0,1568015.0,1568160.0,1568306.0,1568442.0,1568568.0,1568714.0,1568849.0,1568983.0,1569108.0,1569255.0,1569383.0,1569495.0,1569649.0,1569793.0,1569943.0,1570075.0,1570220.0,1570359.0,1570481.0,1570654.0,1570789.0,1570923.0,1571096.0,1571218.0,1571322.0,1571429.0,1571549.0,1571649.0,1571787.0,1571916.0,1572041.0,1572151.0,1572262.0,1572382.0,1572488.0,1572624.0,1572732
BMGX9lLdPk0,1136499.0,1136624.0,1136794.0,1136970.0,1137125.0,1137280.0,1137449.0,1137619.0,1137807.0,1137974.0,1138176.0,1138353.0,1138532.0,1138695.0,1138858.0,1139032.0,1139201.0,1139358.0,1139496.0,1139644.0,1139820.0,1139966.0,1140132.0,1140339.0,1140462.0,1140630.0,1140798.0,1140999.0,1141170.0,1141317.0,1141491.0,1141645.0,1141783.0,1141934.0,1142087.0,1142230.0,1142402.0,1142556.0,1142775.0,1142976.0,1143165.0,1143349.0,1143511.0,1143687.0,1143876.0,1144074.0,1144280.0,1144506.0,1144740.0,1144957.0,1145207.0,1145432.0,1145623.0,1145802.0,1146025.0,1146258.0,1146471.0,1146665.0,1146897.0,1147144.0,1147430.0,1147791.0,1148086.0,1148354.0,1148618.0,1148860.0,1149130.0,1149396.0,1149597.0,1149893.0,1150165.0,1150446.0,1150692.0,1151051.0,1151749.0,1152262.0,1152690.0,1153102.0,1153486.0,1153784.0,1154020.0,1154362.0,1154658.0,1154989.0,1155305.0,1155545.0,1155794.0,1156034.0,1156285.0,1156516.0,1156776.0,1156997.0,1157238.0,1157470.0,1157682.0,1157909.0,1158114.0,1158303.0,1158568.0,1158795.0,1159017.0,1159167.0,1159419.0,1159595.0,1159807.0,1160011.0,1160223.0,1160439.0,1160627.0,1160769.0,1160938.0,1161135.0,1161285.0,1161463.0,1161641.0,1161805.0,1161961.0,1162121.0,1162296.0,1162485.0,1162644.0,1162815.0,1162947.0,1163097.0,1163244.0,1163397.0,1163641.0,1163840.0,1164039.0,1164238.0,1164434.0,1164663.0,1164931.0,1165144.0,,,,,,,,,1166645.0,1166766.0,1166911.0,1167041.0,1167203.0,1167360.0,1167522.0,1167667.0,1167819.0,1167980.0,1168117.0,1168234.0,1168398.0,1168521.0,1168654.0,1168761.0,1168906.0,1169057.0,1169205.0,1169365.0,1169522.0,1169677.0,1169813.0,1169948.0,1170073.0,1170235.0,1170394.0,1170549.0,1170691.0,1170795.0,1170919.0,1171072.0,1171184.0,1171318.0,1171420.0,1171549.0,1171650.0,1171789.0,1171917.0,1172055.0,1172159.0,1172297.0,1172396.0,1172502.0,1172613.0,1172718.0,1172824.0,1172943.0,1173057.0,1173172.0,1173279.0,1173416.0,1173518.0,1173698.0,1173821.0,1174004.0,1174170.0,1174281.0,1174397.0,1174498.0,1174599.0,1174706.0,1174813.0,1174900.0,1175003.0,1175113.0,1175229.0,1175334.0,1175432.0,1175557.0,1175660.0,1175771.0,1175892.0,1176007.0,1176127.0,1176284.0,1176423.0,1176546.0,1176673.0,1176798.0,1176946.0,1177070.0,1177260.0,1177421.0,1177564.0,1177717.0,1177911.0,1178123.0,1178321.0,1178529.0,1178746.0,1178987.0,1179164.0,1179314.0,1179540.0,1179695.0,1179861.0,1180047.0,1180186.0,1180309.0,1180425.0,1180579.0,1180721.0,1180877.0,1181017.0,1181151.0,1181269.0,1181415.0,1181553.0,1181671.0,1181798.0,1181921.0,1182049.0,1182188.0,1182308.0,1182407.0,1182547.0,1182670.0,1182765.0,1182886.0,1182991.0,,1183255.0,1183399.0,1183514.0,1183656.0,1183823.0,1183964.0,1184093.0,1184252.0,1184372.0,1184519.0,1184666.0,1184798.0,1184904.0,1185056.0,1185159.0,1185299.0,1185423.0,1185544.0,1185665.0,1185783.0,1185918.0,1186040.0,1186163.0,1186271.0,1186393.0,1186505.0,1186630.0,1186755.0,1186884.0,1187028.0,1187174.0,1187338.0,1187468.0,1187592.0,1187691.0,1187831.0,1187966.0,1188122.0,1188247.0,1188392.0,1188503.0,1188616.0,1188736.0,1188870.0,1188981.0,1189132.0,1189253.0,1189382.0,1189496.0,1189632.0,1189762.0,1189882.0,1190027.0,1190141.0,1190255.0,1190350.0,1190481.0,1190605.0,1190724.0,1190874.0,1190975.0,1191103.0,1191207.0,1191326.0,1191466.0,1191601.0,1191725.0,1191833.0,1191933.0,1192049.0,1192184.0,1192301.0,1192446.0,1192598.0,1192725.0,1192831.0,1192991.0,1193293.0,1193587.0,1193806.0,1193997.0,1194165.0,1194323.0,1194476.0,1194650.0,1194820.0,1194982.0,1195167.0,1195353.0,1195539.0,1195713.0,1195906.0,1196079.0,1196246.0,1196514.0,1196804.0,1197016.0,1197279.0,1197543.0,1197824.0,1198061.0,1198312.0,1198506.0,1198709.0,1198951.0,1199217.0,1199424.0,1199679.0,1199869.0,1200106.0,1200283.0,1200510.0,1200755.0,1201001
_gtErq7creU,692108.0,692752.0,693562.0,694142.0,694875.0,695671.0,696277.0,697127.0,697792.0,698470.0,699106.0,699784.0,700398.0,700932.0,701599.0,702194.0,702677.0,703118.0,703731.0,704406.0,705085.0,705719.0,706330.0,706986.0,707453.0,707959.0,708568.0,709152.0,709873.0,711036.0,711873.0,712654.0,713587.0,714684.0,715950.0,717120.0,718227.0,718914.0,719568.0,720411.0,721273.0,722077.0,722915.0,723831.0,724603.0,725300.0,726041.0,726727.0,727404.0,728159.0,729014.0,729662.0,730134.0,730694.0,731171.0,731804.0,732271.0,732814.0,733380.0,733827.0,734413.0,734930.0,735548.0,736132.0,736813.0,737374.0,737909.0,738440.0,739045.0,739802.0,740442.0,741004.0,741653.0,742092.0,742927.0,743700.0,744415.0,745117.0,745860.0,746405.0,746983.0,747653.0,748348.0,749111.0,749993.0,750786.0,751443.0,751945.0,752630.0,753314.0,753949.0,754608.0,755335.0,755955.0,756399.0,756996.0,757685.0,758374.0,759062.0,759855.0,760450.0,761023.0,761659.0,762202.0,762890.0,763523.0,764178.0,764725.0,765197.0,765795.0,766339.0,766975.0,767498.0,768142.0,768606.0,768995.0,769571.0,770241.0,770894.0,771524.0,772121.0,772629.0,773104.0,773569.0,774066.0,774601.0,775081.0,775661.0,776158.0,776569.0,777248.0,777862.0,778616.0,779296.0,,,,,,,,,784937.0,785419.0,786019.0,786691.0,787275.0,788077.0,788758.0,789356.0,790028.0,790829.0,791678.0,792502.0,793388.0,794223.0,794914.0,795572.0,796306.0,797167.0,798037.0,799238.0,800282.0,801013.0,801660.0,802376.0,803031.0,803732.0,804393.0,805117.0,805781.0,806320.0,806997.0,807779.0,808518.0,809217.0,810013.0,810684.0,811307.0,811931.0,812576.0,813268.0,813830.0,814412.0,814871.0,815359.0,816065.0,816684.0,817372.0,818069.0,818824.0,819498.0,820005.0,820627.0,821140.0,821692.0,822266.0,822914.0,823428.0,823824.0,824479.0,825132.0,825792.0,826261.0,826782.0,827256.0,827707.0,828393.0,829101.0,829767.0,830192.0,830802.0,831307.0,831767.0,832417.0,832990.0,833643.0,834336.0,835048.0,835576.0,836004.0,836617.0,837202.0,837803.0,838405.0,839078.0,839573.0,840022.0,840618.0,841281.0,841883.0,842491.0,842990.0,843443.0,843769.0,844359.0,845086.0,845723.0,846432.0,847130.0,847637.0,848218.0,848896.0,849470.0,850076.0,850715.0,851398.0,851849.0,852274.0,852713.0,853182.0,853700.0,854248.0,854807.0,855161.0,855529.0,855885.0,856196.0,856535.0,856933.0,857376.0,857721.0,858075.0,,858976.0,859556.0,860079.0,860619.0,861134.0,861545.0,861939.0,862389.0,862933.0,863639.0,864437.0,865034.0,865411.0,865932.0,866414.0,866915.0,867426.0,867859.0,868302.0,868581.0,869029.0,869365.0,869967.0,870443.0,870978.0,871382.0,871740.0,872198.0,872607.0,873076.0,873489.0,873875.0,874167.0,874391.0,874793.0,875128.0,875539.0,875939.0,876423.0,876797.0,877043.0,877363.0,877793.0,878081.0,878503.0,878960.0,879469.0,880138.0,881001.0,881704.0,882445.0,883146.0,883841.0,884619.0,885210.0,885762.0,886437.0,887388.0,888110.0,888970.0,889703.0,890393.0,891199.0,892369.0,893200.0,894327.0,895379.0,896375.0,897023.0,897927.0,898657.0,899521.0,900431.0,901324.0,902014.0,902649.0,903448.0,904274.0,905124.0,905933.0,906714.0,907398.0,907886.0,908472.0,909267.0,910055.0,910755.0,911440.0,911962.0,912470.0,913098.0,913704.0,914324.0,914957.0,915610.0,916174.0,916626.0,917218.0,917862.0,918438.0,919138.0,919876.0,920471.0,920993.0,921922.0,922584.0,923497.0,924502.0,925376.0,926015.0,926525.0,927196.0,928003.0,928668
Gn4H-JFiaoU,25490.0,25490.0,25490.0,25490.0,25490.0,25490.0,25490.0,25490.0,25490.0,25490.0,25490.0,25490.0,25490.0,25490.0,25490.0,25490.0,25490.0,25490.0,25490.0,25490.0,25490.0,25490.0,25490.0,25490.0,25490.0,25490.0,25490.0,25490.0,25490.0,25490.0,25490.0,25490.0,25490.0,25490.0,25490.0,25490.0,25490.0,25490.0,25490.0,25490.0,25490.0,25490.0,25490.0,25490.0,25490.0,25490.0,25490.0,25490.0,25490.0,25490.0,25490.0,25490.0,25490.0,25490.0,25490.0,25490.0,25490.0,25490.0,25490.0,25490.0,25490.0,25490.0,25490.0,25490.0,25490.0,25490.0,25490.0,25490.0,25490.0,25490.0,25490.0,25490.0,25490.0,25490.0,25490.0,25490.0,25490.0,25490.0,25490.0,25490.0,25490.0,25490.0,25490.0,25490.0,25490.0,25490.0,25490.0,25490.0,25490.0,25490.0,25490.0,25490.0,25490.0,25490.0,25490.0,25490.0,25490.0,25490.0,25490.0,25490.0,25490.0,25490.0,25490.0,25490.0,25490.0,25490.0,25490.0,25490.0,25490.0,25490.0,25490.0,25490.0,25490.0,25490.0,25490.0,25490.0,25490.0,25490.0,25490.0,25490.0,25490.0,25490.0,25490.0,25490.0,25490.0,25490.0,25490.0,25490.0,25490.0,25490.0,25490.0,25490.0,25490.0,25490.0,,,,,,,,,25490.0,25490.0,25490.0,25490.0,25490.0,25490.0,25490.0,25490.0,25490.0,25490.0,25490.0,25490.0,25490.0,25490.0,25490.0,25490.0,25490.0,25490.0,25490.0,25490.0,25490.0,25490.0,25490.0,25490.0,25490.0,25490.0,25490.0,25490.0,25490.0,25490.0,25490.0,25490.0,25490.0,25490.0,25490.0,25490.0,25490.0,25490.0,25490.0,25490.0,25490.0,25490.0,25490.0,25490.0,25490.0,25490.0,25490.0,25490.0,25490.0,25490.0,25490.0,25490.0,25490.0,25490.0,25490.0,25490.0,25490.0,25490.0,25490.0,25490.0,25490.0,25490.0,25490.0,25490.0,25490.0,25490.0,25490.0,25490.0,25490.0,25490.0,25490.0,25490.0,25490.0,25490.0,25490.0,25490.0,25490.0,25490.0,25490.0,25490.0,25490.0,25490.0,25490.0,25490.0,25490.0,25490.0,25490.0,25490.0,25490.0,25490.0,25490.0,25490.0,25490.0,25490.0,25490.0,25490.0,25490.0,25490.0,25490.0,25490.0,25490.0,25490.0,25490.0,25490.0,25490.0,25490.0,25490.0,25490.0,25490.0,25490.0,25490.0,25490.0,25490.0,25490.0,25490.0,25490.0,25490.0,25490.0,25490.0,25490.0,25490.0,,25490.0,25490.0,25490.0,25490.0,25490.0,25490.0,25490.0,25490.0,25490.0,25490.0,25490.0,25490.0,25490.0,25490.0,25490.0,25490.0,25490.0,25490.0,25490.0,25490.0,25490.0,25490.0,25490.0,25490.0,25490.0,25490.0,25490.0,25490.0,25490.0,25490.0,25490.0,25490.0,25490.0,25490.0,25490.0,25490.0,25490.0,25490.0,25490.0,25490.0,25490.0,25490.0,25490.0,25490.0,25490.0,25490.0,25490.0,25490.0,25490.0,25490.0,25490.0,25490.0,25490.0,25490.0,25490.0,25490.0,25490.0,25490.0,25490.0,25490.0,25490.0,25490.0,25490.0,25490.0,25490.0,25490.0,25490.0,25490.0,25490.0,25490.0,25490.0,25490.0,25490.0,25490.0,25490.0,25490.0,25490.0,25490.0,25490.0,25490.0,25490.0,25490.0,25490.0,25490.0,25490.0,25490.0,25490.0,25490.0,25490.0,25490.0,25490.0,25490.0,25490.0,25490.0,25490.0,25490.0,25490.0,25490.0,25490.0,25490.0,25490.0,25490.0,25490.0,25490.0,25490.0,25490.0,25490.0,25490.0,25490.0,25490.0,25490.0,25490.0,25490.0,25490
BiZyCgxeagQ,99078.0,99078.0,99078.0,99078.0,99078.0,99078.0,99078.0,99078.0,99078.0,99078.0,99078.0,99078.0,99078.0,99078.0,99078.0,99078.0,99078.0,99078.0,99078.0,99078.0,99078.0,99078.0,99078.0,99078.0,99078.0,99078.0,99078.0,99078.0,99078.0,99078.0,99078.0,99078.0,99078.0,99078.0,99078.0,99078.0,99078.0,99078.0,99078.0,99078.0,99078.0,99078.0,99078.0,99078.0,99078.0,99078.0,99078.0,99078.0,99078.0,99078.0,99078.0,99078.0,99078.0,99078.0,99078.0,99078.0,99078.0,99078.0,99078.0,99078.0,99078.0,99078.0,99078.0,99078.0,99078.0,99078.0,99078.0,99078.0,99078.0,99078.0,99078.0,99078.0,99078.0,99078.0,99078.0,99078.0,99078.0,99078.0,99078.0,99078.0,99078.0,99078.0,99078.0,99078.0,99078.0,99078.0,99078.0,99078.0,99078.0,99078.0,99078.0,99078.0,99078.0,99078.0,99078.0,99078.0,99078.0,99078.0,99078.0,99078.0,99078.0,99078.0,99078.0,99078.0,99078.0,99078.0,99078.0,99078.0,99078.0,99078.0,99078.0,99078.0,99078.0,99078.0,99078.0,99078.0,99078.0,99078.0,99078.0,99078.0,99078.0,99078.0,99078.0,99078.0,99078.0,99078.0,99078.0,99078.0,99078.0,99078.0,99078.0,99078.0,99078.0,99078.0,,,,,,,,,99078.0,99078.0,99078.0,99078.0,99078.0,99078.0,99078.0,99078.0,99078.0,99078.0,99078.0,99078.0,99078.0,99078.0,99078.0,99078.0,99078.0,99078.0,99078.0,99078.0,99078.0,99078.0,99078.0,99078.0,99078.0,99078.0,99078.0,99078.0,99078.0,99078.0,99078.0,99078.0,99078.0,99078.0,99078.0,99078.0,99078.0,99078.0,99078.0,99078.0,99078.0,99078.0,99078.0,99078.0,99078.0,99078.0,99078.0,99078.0,99078.0,99078.0,99078.0,99078.0,99078.0,99078.0,99078.0,99078.0,99078.0,99078.0,99078.0,99078.0,99078.0,99078.0,99078.0,99078.0,99078.0,99078.0,99078.0,99078.0,99078.0,99078.0,99078.0,99078.0,99078.0,99078.0,99078.0,99078.0,99078.0,99078.0,99078.0,99078.0,99078.0,99078.0,99078.0,99078.0,99078.0,99078.0,99078.0,99078.0,99078.0,99078.0,99078.0,99078.0,99078.0,99078.0,99078.0,99078.0,99078.0,99078.0,99078.0,99078.0,99078.0,99078.0,99078.0,99078.0,99078.0,99078.0,99078.0,99078.0,99078.0,99078.0,99078.0,99078.0,99078.0,99078.0,99078.0,99078.0,99078.0,99078.0,99078.0,99078.0,99078.0,,99078.0,99078.0,99078.0,99078.0,99078.0,99078.0,99078.0,99078.0,99078.0,99078.0,99078.0,99078.0,99078.0,99078.0,99078.0,99078.0,99078.0,99078.0,99078.0,99078.0,99078.0,99078.0,99078.0,99078.0,99078.0,99078.0,99078.0,99078.0,99078.0,99078.0,99078.0,99078.0,99078.0,99078.0,99078.0,99078.0,99078.0,99078.0,99078.0,99078.0,99078.0,99078.0,99078.0,99078.0,99078.0,99078.0,99078.0,99078.0,99078.0,99078.0,99078.0,99078.0,99078.0,99078.0,99078.0,99078.0,99078.0,99078.0,99078.0,99078.0,99078.0,99078.0,99078.0,99078.0,99078.0,99078.0,99078.0,99078.0,99078.0,99078.0,99078.0,99078.0,99078.0,99078.0,99078.0,99078.0,99078.0,99078.0,99078.0,99078.0,99078.0,99078.0,99078.0,99078.0,99078.0,99078.0,99078.0,99078.0,99078.0,99078.0,99078.0,99078.0,99078.0,99078.0,99078.0,99078.0,99078.0,99078.0,99078.0,99078.0,99078.0,99078.0,99078.0,99078.0,99078.0,99078.0,99078.0,99078.0,99078.0,99078.0,99078.0,99078.0,99078.0,99078
03xFMGSYFfY,129938.0,129938.0,129938.0,129938.0,129938.0,129938.0,129938.0,129938.0,129938.0,129938.0,129938.0,129938.0,129938.0,129938.0,129938.0,129938.0,129938.0,129938.0,129938.0,129938.0,129938.0,129938.0,129938.0,129938.0,129938.0,129938.0,129938.0,129938.0,129938.0,129938.0,129938.0,129938.0,129938.0,129938.0,129938.0,129938.0,129938.0,129938.0,129938.0,129938.0,129938.0,129938.0,129938.0,129938.0,129938.0,129938.0,129938.0,129938.0,129938.0,129938.0,129938.0,129938.0,129938.0,129938.0,129938.0,129938.0,129938.0,129938.0,129938.0,129938.0,129938.0,129938.0,129938.0,129938.0,129938.0,129938.0,129938.0,129938.0,129938.0,129938.0,129938.0,129938.0,129938.0,129938.0,129938.0,129938.0,129938.0,129938.0,129938.0,129938.0,129938.0,129938.0,129938.0,129938.0,129938.0,129938.0,129938.0,129938.0,129938.0,129938.0,129938.0,129938.0,129938.0,129938.0,129938.0,129938.0,129938.0,129938.0,129938.0,129938.0,129938.0,129938.0,129938.0,129938.0,129938.0,129938.0,129938.0,129938.0,129938.0,129938.0,129938.0,129938.0,129938.0,129938.0,129938.0,129938.0,129938.0,129938.0,129938.0,129938.0,129938.0,129938.0,129938.0,129938.0,129938.0,129938.0,129938.0,129938.0,129938.0,129938.0,129938.0,129938.0,129938.0,129938.0,,,,,,,,,129938.0,129938.0,129938.0,129938.0,129938.0,129938.0,129938.0,129938.0,129938.0,129938.0,129938.0,129938.0,129938.0,129938.0,129938.0,129938.0,129938.0,129938.0,129938.0,129938.0,129938.0,129938.0,129938.0,129938.0,129938.0,129938.0,129938.0,129938.0,129938.0,129938.0,129938.0,129938.0,129938.0,129938.0,129938.0,129938.0,129938.0,129938.0,129938.0,129938.0,129938.0,129938.0,129938.0,129938.0,129938.0,129938.0,129938.0,129938.0,129938.0,129938.0,129938.0,129938.0,129938.0,129938.0,129938.0,129938.0,129938.0,129938.0,129938.0,129938.0,129938.0,129938.0,129938.0,129938.0,129938.0,129938.0,129938.0,129938.0,129938.0,129938.0,129938.0,129938.0,129938.0,129938.0,129938.0,129938.0,129938.0,129938.0,129938.0,129938.0,129938.0,129938.0,129938.0,129938.0,129938.0,129938.0,129938.0,129938.0,129938.0,129938.0,129938.0,129938.0,129938.0,129938.0,129938.0,129938.0,129938.0,129938.0,129938.0,129938.0,129938.0,129938.0,129938.0,129938.0,129938.0,129938.0,129938.0,129938.0,129938.0,129938.0,129938.0,129938.0,129938.0,129938.0,129938.0,129938.0,129938.0,129938.0,129938.0,129938.0,129938.0,,129938.0,129938.0,129938.0,129938.0,129938.0,129938.0,129938.0,129938.0,129938.0,129938.0,129938.0,129938.0,129938.0,129938.0,129938.0,129938.0,129938.0,129938.0,129938.0,129938.0,129938.0,129938.0,129938.0,129938.0,129938.0,129938.0,129938.0,129938.0,129938.0,129938.0,129938.0,129938.0,129938.0,129938.0,129938.0,129938.0,129938.0,129938.0,129938.0,129938.0,129938.0,129938.0,129938.0,129938.0,129938.0,129938.0,129938.0,129938.0,129938.0,129938.0,129938.0,129938.0,129938.0,129938.0,129938.0,129938.0,129938.0,129938.0,129938.0,129938.0,129938.0,129938.0,129938.0,129938.0,129938.0,129938.0,129938.0,129938.0,129938.0,129938.0,129938.0,129938.0,129938.0,129938.0,129938.0,129938.0,129938.0,129938.0,129938.0,129938.0,129938.0,129938.0,129938.0,129938.0,129938.0,129938.0,129938.0,129938.0,129938.0,129938.0,129938.0,129938.0,129938.0,129938.0,129938.0,129938.0,129938.0,129938.0,129938.0,129938.0,129938.0,129938.0,129938.0,129938.0,129938.0,129938.0,129938.0,129938.0,129938.0,129938.0,129938.0,129938.0,129938.0,129938
kRIfjVc6ISw,113179.0,113179.0,113179.0,113179.0,113179.0,113179.0,113179.0,113179.0,113179.0,113179.0,113179.0,113179.0,113179.0,113179.0,113179.0,113179.0,113179.0,113179.0,113179.0,113179.0,113179.0,113179.0,113179.0,113179.0,113179.0,113179.0,113179.0,113179.0,113179.0,113179.0,113179.0,113179.0,113179.0,113179.0,113179.0,113179.0,113179.0,113179.0,113179.0,113179.0,113179.0,113179.0,113179.0,113179.0,113179.0,113179.0,113179.0,113179.0,113179.0,113179.0,113179.0,113179.0,113179.0,113179.0,113179.0,113179.0,113179.0,113179.0,113179.0,113179.0,113179.0,113179.0,113179.0,113179.0,113179.0,113179.0,113179.0,113179.0,113179.0,113179.0,113179.0,113179.0,113179.0,113179.0,113179.0,113179.0,113179.0,113179.0,113179.0,113179.0,113179.0,113179.0,113179.0,113179.0,113179.0,113179.0,113179.0,113179.0,113179.0,113179.0,113179.0,113179.0,113179.0,113179.0,113179.0,113179.0,113179.0,113179.0,113179.0,113179.0,113179.0,113179.0,113179.0,113179.0,113179.0,113179.0,113179.0,113179.0,113179.0,113179.0,113179.0,113179.0,113179.0,113179.0,113179.0,113179.0,113179.0,113179.0,113179.0,113179.0,113179.0,113179.0,113179.0,113179.0,113179.0,113179.0,113179.0,113179.0,113179.0,113179.0,113179.0,113179.0,113179.0,113179.0,,,,,,,,,113179.0,113179.0,113179.0,113179.0,113179.0,113179.0,113179.0,113179.0,113179.0,113179.0,113179.0,113179.0,113179.0,113179.0,113179.0,113179.0,113179.0,113179.0,113179.0,113179.0,113179.0,113179.0,113179.0,113179.0,113179.0,113179.0,113179.0,113179.0,113179.0,113179.0,113179.0,113179.0,113179.0,113179.0,113179.0,113179.0,113179.0,113179.0,113179.0,113179.0,113179.0,113179.0,113179.0,113179.0,113179.0,113179.0,113179.0,113179.0,113179.0,113179.0,113179.0,113179.0,113179.0,113179.0,113179.0,113179.0,113179.0,113179.0,113179.0,113179.0,113179.0,113179.0,113179.0,113179.0,113179.0,113179.0,113179.0,113179.0,113179.0,113179.0,113179.0,113179.0,113179.0,113179.0,113179.0,113179.0,113179.0,113179.0,113179.0,113179.0,113179.0,113179.0,113179.0,113179.0,113179.0,113179.0,113179.0,113179.0,113179.0,113179.0,113179.0,113179.0,113179.0,113179.0,113179.0,113179.0,113179.0,113179.0,113179.0,113179.0,113179.0,113179.0,113179.0,113179.0,113179.0,113179.0,113179.0,113179.0,113179.0,113179.0,113179.0,113179.0,113179.0,113179.0,113179.0,113179.0,113179.0,113179.0,113179.0,113179.0,113179.0,,113179.0,113179.0,113179.0,113179.0,113179.0,113179.0,113179.0,113179.0,113179.0,113179.0,113179.0,113179.0,113179.0,113179.0,113179.0,113179.0,113179.0,113179.0,113179.0,113179.0,113179.0,113179.0,113179.0,113179.0,113179.0,113179.0,113179.0,113179.0,113179.0,113179.0,113179.0,113179.0,113179.0,113179.0,113179.0,113179.0,113179.0,113179.0,113179.0,113179.0,113179.0,113179.0,113179.0,113179.0,113179.0,113179.0,113179.0,113179.0,113179.0,113179.0,113179.0,113179.0,113179.0,113179.0,113179.0,113179.0,113179.0,113179.0,113179.0,113179.0,113179.0,113179.0,113179.0,113179.0,113179.0,113179.0,113179.0,113179.0,113179.0,113179.0,113179.0,113179.0,113179.0,113179.0,113179.0,113179.0,113179.0,113179.0,113179.0,113179.0,113179.0,113179.0,113179.0,113179.0,113179.0,113179.0,113179.0,113179.0,113179.0,113179.0,113179.0,113179.0,113179.0,113179.0,113179.0,113179.0,113179.0,113179.0,113179.0,113179.0,113179.0,113179.0,113179.0,113179.0,113179.0,113179.0,113179.0,113179.0,113179.0,113179.0,113179.0,113179.0,113179.0,113179
AakBPpSnHFc,52118.0,52118.0,52118.0,52118.0,52118.0,52118.0,52118.0,52118.0,52118.0,52118.0,52118.0,52118.0,52118.0,52118.0,52118.0,52118.0,52118.0,52118.0,52118.0,52118.0,52118.0,52118.0,52118.0,52118.0,52118.0,52118.0,52118.0,52118.0,52118.0,52118.0,52118.0,52118.0,52118.0,52118.0,52118.0,52118.0,52118.0,52118.0,52118.0,52118.0,52118.0,52118.0,52118.0,52118.0,52118.0,52118.0,52118.0,52118.0,52118.0,52118.0,52118.0,52118.0,52118.0,52118.0,52118.0,52118.0,52118.0,52118.0,52118.0,52118.0,52118.0,52118.0,52118.0,52118.0,52118.0,52118.0,52118.0,52118.0,52118.0,52118.0,52118.0,52118.0,52118.0,52118.0,52118.0,52118.0,52118.0,52118.0,52118.0,52118.0,52118.0,52118.0,52118.0,52118.0,52118.0,52118.0,52118.0,52118.0,52118.0,52118.0,52118.0,52118.0,52118.0,52118.0,52118.0,52118.0,52118.0,52118.0,52118.0,52118.0,52118.0,52118.0,52118.0,52118.0,52118.0,52118.0,52118.0,52118.0,52118.0,52118.0,52118.0,52118.0,52118.0,52118.0,52118.0,52118.0,52118.0,52118.0,52118.0,52118.0,52118.0,52118.0,52118.0,52118.0,52118.0,52118.0,52118.0,52118.0,52118.0,52118.0,52118.0,52118.0,52118.0,52118.0,,,,,,,,,52118.0,52118.0,52118.0,52118.0,52118.0,52118.0,52118.0,52118.0,52118.0,52118.0,52118.0,52118.0,52118.0,52118.0,52118.0,52118.0,52118.0,52118.0,52118.0,52118.0,52118.0,52118.0,52118.0,52118.0,52118.0,52118.0,52118.0,52118.0,52118.0,52118.0,52118.0,52118.0,52118.0,52118.0,52118.0,52118.0,52118.0,52118.0,52118.0,52118.0,52118.0,52118.0,52118.0,52118.0,52118.0,52118.0,52118.0,52118.0,52118.0,52118.0,52118.0,52118.0,52118.0,52118.0,52118.0,52118.0,52118.0,52118.0,52118.0,52118.0,52118.0,52118.0,52118.0,52118.0,52118.0,52118.0,52118.0,52118.0,52118.0,52118.0,52118.0,52118.0,52118.0,52118.0,52118.0,52118.0,52118.0,52118.0,52118.0,52118.0,52118.0,52118.0,52118.0,52118.0,52118.0,52118.0,52118.0,52118.0,52118.0,52118.0,52118.0,52118.0,52118.0,52118.0,52118.0,52118.0,52118.0,52118.0,52118.0,52118.0,52118.0,52118.0,52118.0,52118.0,52118.0,52118.0,52118.0,52118.0,52118.0,52118.0,52118.0,52118.0,52118.0,52118.0,52118.0,52118.0,52118.0,52118.0,52118.0,52118.0,52118.0,,52118.0,52118.0,52118.0,52118.0,52118.0,52118.0,52118.0,52118.0,52118.0,52118.0,52118.0,52118.0,52118.0,52118.0,52118.0,52118.0,52118.0,52118.0,52118.0,52118.0,52118.0,52118.0,52118.0,52118.0,52118.0,52118.0,52118.0,52118.0,52118.0,52118.0,52118.0,52118.0,52118.0,52118.0,52118.0,52118.0,52118.0,52118.0,52118.0,52118.0,52118.0,52118.0,52118.0,52118.0,52118.0,52118.0,52118.0,52118.0,52118.0,52118.0,52118.0,52118.0,52118.0,52118.0,52118.0,52118.0,52118.0,52118.0,52118.0,52118.0,52118.0,52118.0,52118.0,52118.0,52118.0,52118.0,52118.0,52118.0,52118.0,52118.0,52118.0,52118.0,52118.0,52118.0,52118.0,52118.0,52118.0,52118.0,52118.0,52118.0,52118.0,52118.0,52118.0,52118.0,52118.0,52118.0,52118.0,52118.0,52118.0,52118.0,52118.0,52118.0,52118.0,52118.0,52118.0,52118.0,52118.0,52118.0,52118.0,52118.0,52118.0,52118.0,52118.0,52118.0,52118.0,52118.0,52118.0,52118.0,52118.0,52118.0,52118.0,52118.0,52118.0,52118
WFoewqW3CSI,75915.0,75915.0,75915.0,75915.0,75915.0,75915.0,75915.0,75915.0,75915.0,75915.0,75915.0,75915.0,75915.0,75915.0,75915.0,75915.0,75915.0,75915.0,75915.0,75915.0,75915.0,75915.0,75915.0,75915.0,75915.0,75915.0,75915.0,75915.0,75915.0,75915.0,75915.0,75915.0,75915.0,75915.0,75915.0,75915.0,75915.0,75915.0,75915.0,75915.0,75915.0,75915.0,75915.0,75915.0,75915.0,75915.0,75915.0,75915.0,75915.0,75915.0,75915.0,75915.0,75915.0,75915.0,75915.0,75915.0,75915.0,75915.0,75915.0,75915.0,75915.0,75915.0,75915.0,75915.0,75915.0,75915.0,75915.0,75915.0,75915.0,75915.0,75915.0,75915.0,75915.0,75915.0,75915.0,75915.0,75915.0,75915.0,75915.0,75915.0,75915.0,75915.0,75915.0,75915.0,75915.0,75915.0,75915.0,75915.0,75915.0,75915.0,75915.0,75915.0,75915.0,75915.0,75915.0,75915.0,75915.0,75915.0,75915.0,75915.0,75915.0,75915.0,75915.0,75915.0,75915.0,75915.0,75915.0,75915.0,75915.0,75915.0,75915.0,75915.0,75915.0,75915.0,75915.0,75915.0,75915.0,75915.0,75915.0,75915.0,75915.0,75915.0,75915.0,75915.0,75915.0,75915.0,75915.0,75915.0,75915.0,75915.0,75915.0,75915.0,75915.0,75915.0,,,,,,,,,75915.0,75915.0,75915.0,75915.0,75915.0,75915.0,75915.0,75915.0,75915.0,75915.0,75915.0,75915.0,75915.0,75915.0,75915.0,75915.0,75915.0,75915.0,75915.0,75915.0,75915.0,75915.0,75915.0,75915.0,75915.0,75915.0,75915.0,75915.0,75915.0,75915.0,75915.0,75915.0,75915.0,75915.0,75915.0,75915.0,75915.0,75915.0,75915.0,75915.0,75915.0,75915.0,75915.0,75915.0,75915.0,75915.0,75915.0,75915.0,75915.0,75915.0,75915.0,75915.0,75915.0,75915.0,75915.0,75915.0,75915.0,75915.0,75915.0,75915.0,75915.0,75915.0,75915.0,75915.0,75915.0,75915.0,75915.0,75915.0,75915.0,75915.0,75915.0,75915.0,75915.0,75915.0,75915.0,75915.0,75915.0,75915.0,75915.0,75915.0,75915.0,75915.0,75915.0,75915.0,75915.0,75915.0,75915.0,75915.0,75915.0,75915.0,75915.0,75915.0,75915.0,75915.0,75915.0,75915.0,75915.0,75915.0,75915.0,75915.0,75915.0,75915.0,75915.0,75915.0,75915.0,75915.0,75915.0,75915.0,75915.0,75915.0,75915.0,75915.0,75915.0,75915.0,75915.0,75915.0,75915.0,75915.0,75915.0,75915.0,75915.0,,75915.0,75915.0,75915.0,75915.0,75915.0,75915.0,75915.0,75915.0,75915.0,75915.0,75915.0,75915.0,75915.0,75915.0,75915.0,75915.0,75915.0,75915.0,75915.0,75915.0,75915.0,75915.0,75915.0,75915.0,75915.0,75915.0,75915.0,75915.0,75915.0,75915.0,75915.0,75915.0,75915.0,75915.0,75915.0,75915.0,75915.0,75915.0,75915.0,75915.0,75915.0,75915.0,75915.0,75915.0,75915.0,75915.0,75915.0,75915.0,75915.0,75915.0,75915.0,75915.0,75915.0,75915.0,75915.0,75915.0,75915.0,75915.0,75915.0,75915.0,75915.0,75915.0,75915.0,75915.0,75915.0,75915.0,75915.0,75915.0,75915.0,75915.0,75915.0,75915.0,75915.0,75915.0,75915.0,75915.0,75915.0,75915.0,75915.0,75915.0,75915.0,75915.0,75915.0,75915.0,75915.0,75915.0,75915.0,75915.0,75915.0,75915.0,75915.0,75915.0,75915.0,75915.0,75915.0,75915.0,75915.0,75915.0,75915.0,75915.0,75915.0,75915.0,75915.0,75915.0,75915.0,75915.0,75915.0,75915.0,75915.0,75915.0,75915.0,75915.0,75915.0,75915
CxmRnjQ_9GA,10926.0,10935.0,10941.0,10947.0,10957.0,10966.0,10972.0,10976.0,10980.0,10985.0,10987.0,10994.0,10999.0,11006.0,11012.0,11013.0,11016.0,11033.0,11046.0,11063.0,11084.0,11093.0,11102.0,11105.0,11113.0,11121.0,11130.0,11146.0,11155.0,11168.0,11175.0,11187.0,11200.0,11206.0,11214.0,11228.0,11240.0,11249.0,11257.0,11270.0,11271.0,11280.0,11286.0,11297.0,11306.0,11313.0,11321.0,11333.0,11341.0,11351.0,11359.0,11372.0,11379.0,11388.0,11399.0,11410.0,11420.0,11429.0,11437.0,11446.0,11459.0,11473.0,11489.0,11499.0,11509.0,11521.0,11535.0,11557.0,11574.0,11588.0,11604.0,11616.0,11634.0,11646.0,11653.0,11661.0,11668.0,11674.0,11693.0,11705.0,11714.0,11721.0,11730.0,11739.0,11750.0,11764.0,11770.0,11782.0,11788.0,11798.0,11815.0,11823.0,11827.0,11831.0,11850.0,11867.0,11889.0,11902.0,11913.0,11924.0,11937.0,11947.0,11956.0,11963.0,11978.0,11987.0,11992.0,12004.0,12013.0,12021.0,12031.0,12040.0,12051.0,12058.0,12071.0,12078.0,12090.0,12100.0,12108.0,12125.0,12149.0,12161.0,12172.0,12189.0,12194.0,12205.0,12211.0,12217.0,12234.0,12243.0,12250.0,12257.0,12267.0,12274.0,,,,,,,,,12497.0,12511.0,12527.0,12544.0,12554.0,12568.0,12579.0,12586.0,12594.0,12606.0,12614.0,12622.0,12629.0,12645.0,12661.0,12668.0,12680.0,12694.0,12711.0,12723.0,12734.0,12738.0,12748.0,12759.0,12763.0,12776.0,12792.0,12799.0,12811.0,12826.0,12846.0,12859.0,12881.0,12887.0,12892.0,12902.0,12911.0,12924.0,12932.0,12942.0,12953.0,12960.0,12969.0,12973.0,12981.0,12996.0,13005.0,13010.0,13016.0,13026.0,13033.0,13037.0,13045.0,13053.0,13060.0,13067.0,13082.0,13086.0,13088.0,13091.0,13105.0,13116.0,13127.0,13138.0,13149.0,13156.0,13170.0,13177.0,13190.0,13196.0,13204.0,13210.0,13225.0,13233.0,13241.0,13250.0,13258.0,13267.0,13283.0,13295.0,13307.0,13317.0,13337.0,13357.0,13367.0,13383.0,13398.0,13416.0,13430.0,13438.0,13456.0,13464.0,13475.0,13482.0,13502.0,13516.0,13528.0,13541.0,13553.0,13562.0,13568.0,13582.0,13597.0,13606.0,13619.0,13628.0,13637.0,13646.0,13660.0,13667.0,13675.0,13682.0,13693.0,13704.0,13717.0,13729.0,13744.0,13750.0,13768.0,13784.0,13800.0,,13826.0,13844.0,13856.0,13873.0,13884.0,13899.0,13902.0,13907.0,13918.0,13931.0,13938.0,13949.0,13971.0,13988.0,14005.0,14020.0,14034.0,14055.0,14063.0,14082.0,14123.0,14162.0,14212.0,14247.0,14269.0,14300.0,14349.0,14387.0,14431.0,14459.0,14485.0,14502.0,14516.0,14531.0,14558.0,14581.0,14610.0,14624.0,14643.0,14662.0,14676.0,14689.0,14708.0,14724.0,14749.0,14759.0,14770.0,14788.0,14816.0,14844.0,14866.0,14877.0,14891.0,14905.0,14915.0,14928.0,14945.0,14963.0,14982.0,15000.0,15020.0,15045.0,15061.0,15078.0,15101.0,15123.0,15148.0,15163.0,15177.0,15194.0,15220.0,15239.0,15262.0,15280.0,15299.0,15318.0,15338.0,15360.0,15395.0,15425.0,15452.0,15480.0,15498.0,15516.0,15535.0,15552.0,15565.0,15588.0,15601.0,15617.0,15638.0,15664.0,15679.0,15699.0,15726.0,15745.0,15754.0,15772.0,15786.0,15802.0,15820.0,15836.0,15847.0,15857.0,15872.0,15900.0,15926.0,15946.0,15972.0,15986.0,16006.0,16027.0,16047.0,16061
Va14WRNJpDc,132795.0,132806.0,132813.0,132823.0,132831.0,132837.0,132851.0,132863.0,132873.0,132893.0,132903.0,132916.0,132932.0,132946.0,132959.0,132981.0,133006.0,133019.0,133032.0,133048.0,133058.0,133064.0,133081.0,133091.0,133105.0,133116.0,133123.0,133132.0,133143.0,133154.0,133172.0,133184.0,133189.0,133204.0,133214.0,133224.0,133237.0,133245.0,133258.0,133269.0,133281.0,133296.0,133311.0,133324.0,133339.0,133346.0,133358.0,133374.0,133388.0,133405.0,133414.0,133428.0,133431.0,133444.0,133449.0,133464.0,133476.0,133489.0,133510.0,133522.0,133530.0,133544.0,133554.0,133564.0,133574.0,133594.0,133612.0,133621.0,133634.0,133643.0,133654.0,133666.0,133673.0,133688.0,133700.0,133718.0,133735.0,133745.0,133761.0,133778.0,133787.0,133798.0,133815.0,133837.0,133854.0,133888.0,133914.0,133934.0,133956.0,133968.0,133978.0,133987.0,134010.0,134020.0,134032.0,134043.0,134056.0,134065.0,134076.0,134086.0,134100.0,134107.0,134119.0,134124.0,134138.0,134145.0,134159.0,134177.0,134186.0,134211.0,134226.0,134239.0,134252.0,134265.0,134273.0,134285.0,134295.0,134305.0,134311.0,134319.0,134332.0,134351.0,134370.0,134383.0,134395.0,134417.0,134431.0,134438.0,134447.0,134462.0,134468.0,134482.0,134487.0,134494.0,,,,,,,,,134580.0,134595.0,134612.0,134626.0,134633.0,134642.0,134653.0,134663.0,134678.0,134690.0,134698.0,134706.0,134715.0,134726.0,134738.0,134744.0,134753.0,134766.0,134775.0,134787.0,134797.0,134804.0,134818.0,134830.0,134841.0,134849.0,134866.0,134874.0,134881.0,134898.0,134912.0,134925.0,134933.0,134938.0,134942.0,134958.0,134964.0,134976.0,134984.0,135000.0,135010.0,135017.0,135030.0,135044.0,135055.0,135065.0,135075.0,135083.0,135089.0,135103.0,135118.0,135129.0,135135.0,135146.0,135155.0,135160.0,135170.0,135188.0,135200.0,135210.0,135221.0,135232.0,135247.0,135262.0,135271.0,135283.0,135297.0,135305.0,135310.0,135318.0,135341.0,135352.0,135363.0,135371.0,135377.0,135391.0,135398.0,135410.0,135413.0,135425.0,135431.0,135447.0,135458.0,135473.0,135489.0,135498.0,135508.0,135521.0,135528.0,135536.0,135543.0,135549.0,135563.0,135567.0,135579.0,135592.0,135603.0,135614.0,135626.0,135630.0,135638.0,135647.0,135659.0,135669.0,135679.0,135692.0,135704.0,135715.0,135723.0,135731.0,135737.0,135747.0,135763.0,135774.0,135780.0,135789.0,135798.0,135803.0,135813.0,135817.0,135834.0,,135852.0,135868.0,135874.0,135884.0,135892.0,135898.0,135906.0,135915.0,135924.0,135929.0,135934.0,135939.0,135946.0,135955.0,135962.0,135971.0,135976.0,135983.0,135994.0,136000.0,136010.0,136018.0,136024.0,136029.0,136038.0,136043.0,136048.0,136054.0,136062.0,136068.0,136076.0,136084.0,136097.0,136103.0,136107.0,136111.0,136116.0,136126.0,136132.0,136136.0,136146.0,136151.0,136157.0,136164.0,136169.0,136174.0,136183.0,136192.0,136197.0,136205.0,136214.0,136216.0,136225.0,136237.0,136238.0,136247.0,136248.0,136258.0,136265.0,136269.0,136274.0,136282.0,136287.0,136293.0,136300.0,136315.0,136323.0,136326.0,136334.0,136341.0,136347.0,136354.0,136371.0,136375.0,136378.0,136389.0,136393.0,136400.0,136403.0,136410.0,136418.0,136427.0,136437.0,136444.0,136455.0,136461.0,136465.0,136466.0,136471.0,136483.0,136493.0,136501.0,136511.0,136522.0,136530.0,136541.0,136549.0,136559.0,136561.0,136565.0,136573.0,136581.0,136588.0,136596.0,136605.0,136611.0,136625.0,136641.0,136654.0,136660.0,136671.0,136679.0,136685.0,136692
kj2YpzJkDco,140438.0,140457.0,140471.0,140488.0,140507.0,140528.0,140544.0,140563.0,140582.0,140598.0,140617.0,140642.0,140658.0,140677.0,140689.0,140700.0,140723.0,140747.0,140756.0,140776.0,140794.0,140820.0,140833.0,140845.0,140876.0,140893.0,140914.0,140935.0,140957.0,140977.0,141001.0,141017.0,141040.0,141057.0,141072.0,141091.0,141119.0,141133.0,141147.0,141164.0,141175.0,141185.0,141203.0,141228.0,141254.0,141276.0,141300.0,141313.0,141327.0,141345.0,141363.0,141379.0,141399.0,141409.0,141429.0,141453.0,141465.0,141489.0,141506.0,141526.0,141541.0,141571.0,141589.0,141612.0,141631.0,141639.0,141652.0,141665.0,141674.0,141687.0,141710.0,141720.0,141736.0,141752.0,141763.0,141779.0,141791.0,141808.0,141827.0,141857.0,141886.0,141903.0,141923.0,141935.0,141945.0,141963.0,141986.0,141999.0,142024.0,142053.0,142064.0,142079.0,142093.0,142108.0,142128.0,142146.0,142159.0,142170.0,142184.0,142200.0,142207.0,142225.0,142239.0,142250.0,142267.0,142287.0,142322.0,142344.0,142359.0,142379.0,142407.0,142426.0,142440.0,142455.0,142469.0,142488.0,142509.0,142533.0,142550.0,142565.0,142583.0,142606.0,142621.0,142638.0,142657.0,142673.0,142689.0,142715.0,142726.0,142744.0,142770.0,142791.0,142809.0,142832.0,,,,,,,,,143003.0,143025.0,143045.0,143064.0,143097.0,143134.0,143160.0,143195.0,143238.0,143275.0,143316.0,143364.0,143402.0,143449.0,143492.0,143516.0,143565.0,143582.0,143608.0,143628.0,143643.0,143665.0,143680.0,143716.0,143738.0,143755.0,143787.0,143797.0,143830.0,143855.0,143879.0,143901.0,143927.0,143941.0,143953.0,143974.0,143991.0,144016.0,144028.0,144046.0,144059.0,144070.0,144085.0,144103.0,144117.0,144136.0,144153.0,144163.0,144175.0,144189.0,144208.0,144214.0,144229.0,144245.0,144263.0,144271.0,144288.0,144302.0,144315.0,144334.0,144351.0,144368.0,144388.0,144409.0,144420.0,144433.0,144444.0,144461.0,144481.0,144486.0,144502.0,144518.0,144530.0,144547.0,144565.0,144589.0,144600.0,144623.0,144634.0,144651.0,144674.0,144687.0,144705.0,144721.0,144736.0,144755.0,144771.0,144783.0,144795.0,144805.0,144827.0,144841.0,144855.0,144880.0,144904.0,144922.0,144944.0,144961.0,144977.0,144991.0,145008.0,145023.0,145052.0,145081.0,145095.0,145113.0,145128.0,145148.0,145170.0,145188.0,145211.0,145226.0,145249.0,145266.0,145286.0,145296.0,145316.0,145329.0,145348.0,145359.0,145381.0,,145425.0,145439.0,145456.0,145481.0,145494.0,145521.0,145537.0,145556.0,145578.0,145613.0,145632.0,145648.0,145671.0,145700.0,145719.0,145748.0,145780.0,145801.0,145828.0,145855.0,145876.0,145915.0,145930.0,145949.0,145956.0,145979.0,145992.0,146009.0,146027.0,146049.0,146063.0,146080.0,146094.0,146103.0,146115.0,146139.0,146156.0,146168.0,146181.0,146189.0,146206.0,146217.0,146229.0,146247.0,146265.0,146282.0,146298.0,146308.0,146333.0,146346.0,146360.0,146393.0,146403.0,146414.0,146429.0,146443.0,146461.0,146483.0,146497.0,146509.0,146522.0,146534.0,146547.0,146567.0,146583.0,146597.0,146605.0,146619.0,146631.0,146643.0,146662.0,146677.0,146693.0,146698.0,146713.0,146721.0,146744.0,146755.0,146769.0,146783.0,146799.0,146811.0,146825.0,146843.0,146859.0,146875.0,146888.0,146896.0,146910.0,146918.0,146931.0,146944.0,146960.0,146972.0,146977.0,146992.0,147003.0,147015.0,147028.0,147039.0,147056.0,147070.0,147081.0,147095.0,147106.0,147128.0,147137.0,147146.0,147159.0,147167.0,147177.0,147187.0,147198.0,147204
ws5Ig1cHrSM,4578131.0,4578270.0,4578428.0,4578594.0,4578789.0,4578990.0,4579164.0,4579372.0,4579576.0,4579744.0,4579943.0,4580225.0,4580409.0,4580622.0,4580793.0,4580978.0,4581139.0,4581320.0,4581511.0,4581704.0,4581877.0,4582033.0,4582202.0,4582375.0,4582554.0,4582728.0,4582919.0,4583079.0,4583268.0,4583458.0,4583626.0,4583780.0,4583994.0,4584178.0,4584377.0,4584596.0,4584838.0,4584999.0,4585180.0,4585383.0,4585581.0,4585732.0,4585915.0,4586129.0,4586277.0,4586452.0,4586642.0,4586829.0,4586988.0,4587177.0,4587369.0,4587533.0,4587688.0,4587866.0,4588056.0,4588229.0,4588433.0,4588592.0,4588756.0,4588920.0,4589075.0,4589267.0,4589442.0,4589614.0,4589775.0,4589983.0,4590118.0,4590292.0,4590467.0,4590687.0,4590899.0,4591052.0,4591243.0,4591430.0,4591604.0,4591754.0,4591937.0,4592173.0,4592371.0,4592618.0,4592762.0,4592936.0,4593116.0,4593311.0,4593471.0,4593636.0,4593797.0,4593943.0,4594106.0,4594256.0,4594450.0,4594617.0,4594818.0,4594992.0,4595179.0,4595342.0,4595471.0,4595622.0,4595820.0,4595972.0,4596135.0,4596261.0,4596430.0,4596569.0,4596720.0,4596863.0,4597009.0,4597148.0,4597310.0,4597462.0,4597656.0,4597824.0,4597979.0,4598149.0,4598316.0,4598473.0,4598609.0,4598766.0,4598911.0,4599062.0,4599229.0,4599405.0,4599578.0,4599707.0,4599850.0,4600000.0,4600126.0,4600294.0,4600444.0,4600637.0,4600787.0,4600923.0,4601085.0,4601245.0,,,,,,,,,4602747.0,4602907.0,4603090.0,4603253.0,4603408.0,4603565.0,4603722.0,4603869.0,4604044.0,4604189.0,4604348.0,4604509.0,4604654.0,4604813.0,4604930.0,4605096.0,4605233.0,4605398.0,4605553.0,4605687.0,4605840.0,4605962.0,4606096.0,4606229.0,4606398.0,4606523.0,4606686.0,4606860.0,4607043.0,4607176.0,4607348.0,4607517.0,4607656.0,4607802.0,4607956.0,4608083.0,4608225.0,4608367.0,4608537.0,4608674.0,4608825.0,4608967.0,4609088.0,4609242.0,4609369.0,4609497.0,4609610.0,4609773.0,4609954.0,4610069.0,4610184.0,4610316.0,4610450.0,4610576.0,4610687.0,4610811.0,4610896.0,4611006.0,4611109.0,4611247.0,4611346.0,4611439.0,4611547.0,4611660.0,4611781.0,4611909.0,4612024.0,4612163.0,4612289.0,4612421.0,4612555.0,4612688.0,4612843.0,4612958.0,4613132.0,4613273.0,4613434.0,4613562.0,4613721.0,4613838.0,4614009.0,4614138.0,4614240.0,4614385.0,4614522.0,4614664.0,4614747.0,4614854.0,4614972.0,4615106.0,4615226.0,4615385.0,4615518.0,4615641.0,4615786.0,4615908.0,4616042.0,4616140.0,4616260.0,4616369.0,4616486.0,4616629.0,4616748.0,4616841.0,4616948.0,4617066.0,4617184.0,4617285.0,4617415.0,4617512.0,4617630.0,4617733.0,4617829.0,4617960.0,4618074.0,4618194.0,4618318.0,4618408.0,4618533.0,4618677.0,4618774.0,,4619010.0,4619123.0,4619275.0,4619373.0,4619460.0,4619597.0,4619721.0,4619850.0,4619958.0,4620071.0,4620186.0,4620301.0,4620409.0,4620538.0,4620673.0,4620798.0,4620934.0,4621064.0,4621184.0,4621299.0,4621436.0,4621555.0,4621658.0,4621754.0,4621859.0,4621962.0,4622080.0,4622181.0,4622303.0,4622408.0,4622495.0,4622632.0,4622734.0,4622849.0,4622957.0,4623087.0,4623222.0,4623347.0,4623450.0,4623563.0,4623679.0,4623816.0,4623925.0,4624037.0,4624136.0,4624229.0,4624319.0,4624454.0,4624570.0,4624681.0,4624807.0,4624919.0,4625044.0,4625162.0,4625261.0,4625378.0,4625506.0,4625610.0,4625732.0,4625847.0,4625978.0,4626087.0,4626206.0,4626294.0,4626429.0,4626513.0,4626608.0,4626707.0,4626829.0,4626913.0,4627014.0,4627103.0,4627205.0,4627324.0,4627430.0,4627541.0,4627667.0,4627803.0,4627950.0,4628081.0,4628195.0,4628318.0,4628444.0,4628579.0,4628693.0,4628793.0,4628916.0,4629050.0,4629175.0,4629318.0,4629476.0,4629590.0,4629683.0,4629809.0,4629924.0,4630048.0,4630146.0,4630257.0,4630382.0,4630518.0,4630635.0,4630733.0,4630833.0,4630947.0,4631045.0,4631174.0,4631285.0,4631422.0,4631532.0,4631598.0,4631716.0,4631821.0,4631985.0,4632091
CdxS_RlC6aA,230506.0,230519.0,230548.0,230587.0,230615.0,230632.0,230643.0,230663.0,230686.0,230708.0,230733.0,230753.0,230770.0,230784.0,230814.0,230834.0,230865.0,230892.0,230903.0,230931.0,230950.0,230979.0,231012.0,231038.0,231073.0,231104.0,231130.0,231148.0,231178.0,231197.0,231226.0,231255.0,231280.0,231308.0,231321.0,231349.0,231360.0,231392.0,231405.0,231425.0,231438.0,231464.0,231481.0,231508.0,231530.0,231563.0,231596.0,231618.0,231643.0,231669.0,231699.0,231723.0,231741.0,231767.0,231790.0,231816.0,231833.0,231855.0,231876.0,231902.0,231921.0,231938.0,231958.0,231969.0,231986.0,232011.0,232046.0,232062.0,232083.0,232110.0,232133.0,232158.0,232183.0,232207.0,232219.0,232234.0,232250.0,232269.0,232297.0,232310.0,232326.0,232349.0,232361.0,232375.0,232389.0,232407.0,232432.0,232448.0,232471.0,232489.0,232506.0,232529.0,232547.0,232572.0,232600.0,232619.0,232632.0,232650.0,232675.0,232694.0,232710.0,232730.0,232743.0,232757.0,232772.0,232786.0,232804.0,232829.0,232835.0,232848.0,232860.0,232875.0,232885.0,232900.0,232916.0,232926.0,232936.0,232962.0,232977.0,232995.0,233010.0,233020.0,233041.0,233062.0,233081.0,233106.0,233120.0,233125.0,233140.0,233154.0,233167.0,233178.0,233189.0,233200.0,,,,,,,,,233351.0,233372.0,233380.0,233392.0,233407.0,233425.0,233427.0,233440.0,233462.0,233473.0,233488.0,233503.0,233508.0,233518.0,233537.0,233556.0,233584.0,233598.0,233629.0,233654.0,233665.0,233676.0,233692.0,233704.0,233714.0,233728.0,233742.0,233758.0,233772.0,233789.0,233810.0,233842.0,233863.0,233882.0,233897.0,233913.0,233932.0,233946.0,233958.0,233979.0,233993.0,234008.0,234023.0,234037.0,234046.0,234063.0,234085.0,234108.0,234117.0,234137.0,234159.0,234187.0,234210.0,234227.0,234252.0,234271.0,234291.0,234308.0,234321.0,234340.0,234352.0,234370.0,234385.0,234405.0,234422.0,234435.0,234458.0,234477.0,234500.0,234525.0,234541.0,234558.0,234584.0,234620.0,234672.0,234709.0,234770.0,234815.0,234872.0,234935.0,234975.0,235004.0,235031.0,235049.0,235075.0,235117.0,235147.0,235176.0,235199.0,235221.0,235245.0,235258.0,235281.0,235296.0,235317.0,235330.0,235359.0,235386.0,235417.0,235433.0,235457.0,235485.0,235517.0,235562.0,235600.0,235619.0,235632.0,235651.0,235674.0,235698.0,235728.0,235756.0,235780.0,235813.0,235839.0,235857.0,235888.0,235908.0,235937.0,235967.0,235998.0,,236042.0,236062.0,236090.0,236108.0,236125.0,236156.0,236169.0,236183.0,236199.0,236221.0,236235.0,236256.0,236276.0,236293.0,236310.0,236331.0,236344.0,236357.0,236380.0,236394.0,236416.0,236431.0,236443.0,236457.0,236479.0,236498.0,236523.0,236542.0,236564.0,236578.0,236592.0,236612.0,236631.0,236658.0,236680.0,236693.0,236716.0,236733.0,236742.0,236760.0,236778.0,236788.0,236810.0,236826.0,236844.0,236863.0,236885.0,236904.0,236922.0,236939.0,236950.0,236959.0,236972.0,236989.0,237008.0,237020.0,237038.0,237046.0,237058.0,237079.0,237088.0,237099.0,237113.0,237129.0,237138.0,237158.0,237174.0,237184.0,237197.0,237207.0,237224.0,237241.0,237252.0,237274.0,237301.0,237319.0,237339.0,237360.0,237369.0,237381.0,237396.0,237414.0,237427.0,237443.0,237459.0,237471.0,237486.0,237510.0,237525.0,237546.0,237562.0,237578.0,237592.0,237610.0,237625.0,237639.0,237661.0,237676.0,237689.0,237707.0,237735.0,237744.0,237751.0,237768.0,237783.0,237797.0,237806.0,237822.0,237837.0,237857.0,237876.0,237891.0,237904.0,237920
iNXpmU-SCxQ,53156.0,53197.0,53222.0,53243.0,53272.0,53299.0,53339.0,53368.0,53392.0,53417.0,53430.0,53458.0,53498.0,53534.0,53560.0,53593.0,53626.0,53650.0,53681.0,53725.0,53756.0,53797.0,53840.0,53867.0,53904.0,53946.0,53984.0,54009.0,54044.0,54097.0,54144.0,54183.0,54219.0,54265.0,54296.0,54337.0,54392.0,54415.0,54436.0,54450.0,54473.0,54515.0,54542.0,54566.0,54607.0,54628.0,54654.0,54692.0,54727.0,54757.0,54787.0,54800.0,54827.0,54861.0,54892.0,54932.0,54962.0,54999.0,55022.0,55042.0,55066.0,55097.0,55113.0,55139.0,55163.0,55196.0,55221.0,55261.0,55293.0,55328.0,55361.0,55388.0,55421.0,55455.0,55487.0,55506.0,55537.0,55562.0,55583.0,55614.0,55627.0,55660.0,55689.0,55717.0,55753.0,55770.0,55789.0,55802.0,55826.0,55853.0,55870.0,55915.0,55937.0,55968.0,55993.0,56024.0,56062.0,56112.0,56141.0,56171.0,56219.0,56253.0,56297.0,56321.0,56350.0,56408.0,56446.0,56471.0,56509.0,56556.0,56623.0,56662.0,56689.0,56727.0,56754.0,56796.0,56820.0,56880.0,56927.0,56970.0,56994.0,57020.0,57059.0,57078.0,57095.0,57124.0,57159.0,57183.0,57221.0,57254.0,57287.0,57318.0,57382.0,57405.0,,,,,,,,,57662.0,57670.0,57686.0,57712.0,57733.0,57765.0,57801.0,57835.0,57863.0,57883.0,57892.0,57916.0,57954.0,57985.0,58010.0,58024.0,58046.0,58071.0,58112.0,58147.0,58166.0,58203.0,58226.0,58246.0,58270.0,58313.0,58333.0,58382.0,58405.0,58426.0,58450.0,58466.0,58492.0,58511.0,58536.0,58554.0,58568.0,58585.0,58596.0,58623.0,58645.0,58679.0,58702.0,58734.0,58747.0,58772.0,58793.0,58818.0,58842.0,58859.0,58872.0,58899.0,58927.0,58942.0,58969.0,59006.0,59026.0,59040.0,59061.0,59089.0,59100.0,59130.0,59155.0,59171.0,59191.0,59209.0,59228.0,59247.0,59260.0,59274.0,59295.0,59318.0,59335.0,59354.0,59372.0,59391.0,59420.0,59441.0,59457.0,59479.0,59498.0,59513.0,59541.0,59557.0,59582.0,59600.0,59616.0,59629.0,59643.0,59660.0,59683.0,59708.0,59725.0,59744.0,59764.0,59793.0,59815.0,59839.0,59855.0,59876.0,59891.0,59935.0,59963.0,59982.0,60005.0,60030.0,60055.0,60079.0,60107.0,60131.0,60155.0,60218.0,60234.0,60268.0,60289.0,60319.0,60359.0,60380.0,60408.0,60445.0,60473.0,,60537.0,60570.0,60605.0,60626.0,60662.0,60687.0,60701.0,60725.0,60744.0,60783.0,60800.0,60839.0,60866.0,60894.0,60917.0,60939.0,60961.0,60985.0,61008.0,61025.0,61054.0,61071.0,61102.0,61120.0,61134.0,61168.0,61182.0,61204.0,61222.0,61244.0,61266.0,61281.0,61308.0,61329.0,61346.0,61373.0,61392.0,61413.0,61430.0,61455.0,61501.0,61514.0,61539.0,61554.0,61584.0,61610.0,61626.0,61647.0,61665.0,61674.0,61691.0,61717.0,61741.0,61767.0,61788.0,61808.0,61824.0,61845.0,61869.0,61882.0,61893.0,61908.0,61946.0,61979.0,62004.0,62028.0,62054.0,62083.0,62098.0,62117.0,62142.0,62165.0,62186.0,62200.0,62225.0,62254.0,62262.0,62288.0,62302.0,62322.0,62343.0,62353.0,62372.0,62395.0,62413.0,62437.0,62465.0,62493.0,62510.0,62520.0,62532.0,62560.0,62577.0,62600.0,62620.0,62643.0,62666.0,62695.0,62728.0,62750.0,62774.0,62797.0,62813.0,62830.0,62851.0,62874.0,62907.0,62919.0,62954.0,62996.0,63005.0,63020.0,63038.0,63057
likYKQXBLbw,21978010.0,21981167.0,21984905.0,21988687.0,21992332.0,21995894.0,21999404.0,22003469.0,22007542.0,22011688.0,22015846.0,22019705.0,22023786.0,22027590.0,22031967.0,22036065.0,22040055.0,22043963.0,22047805.0,22051739.0,22055717.0,22059521.0,22063444.0,22067776.0,22071795.0,22075389.0,22078780.0,22082456.0,22085980.0,22089239.0,22092540.0,22095667.0,22099109.0,22102488.0,22105924.0,22109683.0,22113446.0,22117291.0,22121281.0,22125071.0,22128564.0,22131925.0,22135207.0,22138405.0,22141622.0,22144792.0,22148128.0,22151644.0,22155049.0,22158226.0,22161229.0,22164510.0,22167775.0,22171192.0,22174715.0,22178308.0,22181914.0,22185469.0,22189079.0,22192588.0,22196439.0,22200688.0,22204867.0,22209879.0,22214900.0,22219150.0,22223298.0,22227072.0,22230422.0,22234700.0,22238611.0,22242269.0,22245956.0,22249387.0,22252694.0,22256134.0,22259926.0,22263699.0,22267491.0,22271124.0,22274980.0,22278367.0,22281679.0,22285002.0,22288296.0,22291843.0,22295555.0,22298802.0,22301865.0,22304961.0,22307923.0,22310901.0,22314312.0,22317626.0,22320896.0,22323808.0,22326580.0,22329307.0,22332081.0,22334901.0,22337847.0,22340806.0,22343397.0,22346135.0,22348985.0,22351832.0,22354574.0,22357326.0,22360010.0,22362779.0,22365316.0,22368239.0,22371510.0,22375052.0,22378259.0,22381466.0,22384424.0,22387322.0,22390194.0,22392941.0,22395585.0,22398420.0,22401373.0,22404376.0,22407406.0,22410499.0,22413530.0,22416613.0,22419610.0,22422370.0,22425087.0,22427888.0,22430798.0,22433596.0,,,,,,,,,22457465.0,22460119.0,22462701.0,22465299.0,22467829.0,22470323.0,22472721.0,22475272.0,22478426.0,22481118.0,22483671.0,22486254.0,22488730.0,22491126.0,22493603.0,22496062.0,22498378.0,22500911.0,22503408.0,22506065.0,22508746.0,22511599.0,22514245.0,22516763.0,22519302.0,22521810.0,22524415.0,22526974.0,22529430.0,22532097.0,22534696.0,22537287.0,22540026.0,22542771.0,22545545.0,22548657.0,22551720.0,22554586.0,22557685.0,22560842.0,22563787.0,22566580.0,22569508.0,22572418.0,22575290.0,22578155.0,22581163.0,22584280.0,22587286.0,22590523.0,22593751.0,22597054.0,22600333.0,22603525.0,22606641.0,22610027.0,22613253.0,22616278.0,22619145.0,22622450.0,22625731.0,22628682.0,22631584.0,22634629.0,22637695.0,22641073.0,22644934.0,22648646.0,22652123.0,22655491.0,22659392.0,22663321.0,22666767.0,22670315.0,22673900.0,22677184.0,22680674.0,22684271.0,22687658.0,22690806.0,22694227.0,22697583.0,22701016.0,22704912.0,22708622.0,22712079.0,22715080.0,22718131.0,22721157.0,22724141.0,22727140.0,22730317.0,22733362.0,22736377.0,22739530.0,22742519.0,22745521.0,22748680.0,22751879.0,22755102.0,22758081.0,22760686.0,22763569.0,22766469.0,22769324.0,22772157.0,22774772.0,22777504.0,22780162.0,22782888.0,22785484.0,22788178.0,22790766.0,22793251.0,22795706.0,22798208.0,22800738.0,22803538.0,22806266.0,22808847.0,22811576.0,,22817012.0,22819812.0,22822535.0,22825297.0,22828085.0,22830658.0,22833099.0,22835485.0,22837884.0,22840498.0,22842992.0,22845613.0,22848188.0,22850635.0,22853003.0,22855517.0,22858036.0,22860560.0,22863167.0,22865817.0,22868269.0,22870710.0,22873182.0,22875538.0,22878114.0,22880534.0,22882843.0,22885036.0,22887339.0,22889627.0,22892028.0,22894432.0,22896674.0,22898989.0,22901307.0,22903868.0,22906361.0,22908787.0,22911277.0,22913610.0,22915998.0,22918318.0,22920666.0,22922968.0,22925315.0,22927692.0,22930139.0,22932541.0,22934827.0,22937057.0,22939187.0,22941448.0,22943732.0,22946028.0,22948226.0,22950342.0,22952640.0,22954847.0,22956974.0,22959318.0,22961607.0,22963689.0,22965746.0,22967852.0,22970074.0,22972380.0,22974820.0,22977206.0,22979448.0,22981797.0,22984075.0,22986379.0,22988557.0,22990878.0,22993426.0,22996059.0,22998770.0,23001530.0,23004444.0,23007255.0,23010102.0,23012912.0,23015517.0,23018043.0,23020480.0,23022972.0,23025482.0,23028106.0,23030777.0,23033323.0,23035868.0,23038325.0,23040698.0,23043083.0,23045511.0,23047959.0,23050264.0,23052613.0,23054906.0,23057295.0,23059819.0,23062441.0,23064958.0,23067446.0,23069773.0,23072176.0,23074609.0,23078408.0,23082263.0,23085909.0,23089163.0,23092121.0,23094894.0,23097620
m-xb5qe7YaQ,39689.0,39692.0,39696.0,39701.0,39705.0,39709.0,39713.0,39720.0,39723.0,39727.0,39732.0,39734.0,39742.0,39746.0,39754.0,39754.0,39760.0,39763.0,39771.0,39776.0,39789.0,39793.0,39796.0,39798.0,39804.0,39807.0,39812.0,39815.0,39826.0,39837.0,39839.0,39845.0,39849.0,39856.0,39863.0,39869.0,39872.0,39873.0,39879.0,39885.0,39889.0,39894.0,39898.0,39903.0,39910.0,39912.0,39918.0,39924.0,39928.0,39930.0,39933.0,39935.0,39939.0,39946.0,39946.0,39952.0,39953.0,39958.0,39967.0,39969.0,39973.0,39979.0,39991.0,39995.0,40002.0,40008.0,40019.0,40023.0,40026.0,40029.0,40034.0,40036.0,40041.0,40045.0,40050.0,40055.0,40058.0,40061.0,40064.0,40067.0,40071.0,40076.0,40078.0,40082.0,40089.0,40096.0,40110.0,40121.0,40127.0,40135.0,40139.0,40144.0,40150.0,40154.0,40159.0,40164.0,40173.0,40177.0,40179.0,40182.0,40184.0,40185.0,40195.0,40201.0,40205.0,40210.0,40215.0,40221.0,40227.0,40230.0,40238.0,40243.0,40245.0,40250.0,40255.0,40258.0,40259.0,40267.0,40273.0,40277.0,40281.0,40281.0,40292.0,40293.0,40294.0,40304.0,40310.0,40314.0,40323.0,40327.0,40335.0,40342.0,40342.0,40347.0,,,,,,,,,40372.0,40377.0,40386.0,40393.0,40397.0,40401.0,40405.0,40409.0,40410.0,40415.0,40414.0,40417.0,40425.0,40426.0,40436.0,40437.0,40441.0,40448.0,40454.0,40460.0,40464.0,40467.0,40472.0,40478.0,40481.0,40485.0,40486.0,40487.0,40489.0,40489.0,40489.0,40494.0,40500.0,40504.0,40510.0,40517.0,40518.0,40520.0,40529.0,40530.0,40537.0,40542.0,40544.0,40546.0,40550.0,40554.0,40562.0,40566.0,40574.0,40578.0,40582.0,40587.0,40594.0,40599.0,40603.0,40612.0,40617.0,40620.0,40624.0,40632.0,40636.0,40644.0,40651.0,40654.0,40661.0,40671.0,40678.0,40680.0,40687.0,40693.0,40696.0,40700.0,40705.0,40709.0,40712.0,40715.0,40720.0,40721.0,40731.0,40733.0,40738.0,40740.0,40745.0,40745.0,40747.0,40756.0,40762.0,40770.0,40774.0,40779.0,40785.0,40788.0,40791.0,40795.0,40800.0,40806.0,40810.0,40812.0,40819.0,40821.0,40826.0,40829.0,40835.0,40840.0,40842.0,40848.0,40851.0,40854.0,40855.0,40857.0,40862.0,40862.0,40863.0,40863.0,40869.0,40870.0,40871.0,40875.0,40876.0,40882.0,40889.0,,40901.0,40911.0,40915.0,40920.0,40925.0,40925.0,40928.0,40934.0,40937.0,40940.0,40942.0,40947.0,40948.0,40955.0,40958.0,40963.0,40968.0,40978.0,40987.0,40989.0,40996.0,41000.0,41006.0,41009.0,41015.0,41020.0,41023.0,41023.0,41029.0,41036.0,41036.0,41040.0,41043.0,41045.0,41047.0,41049.0,41049.0,41054.0,41054.0,41056.0,41057.0,41060.0,41064.0,41065.0,41068.0,41076.0,41085.0,41087.0,41093.0,41099.0,41103.0,41106.0,41110.0,41118.0,41121.0,41125.0,41127.0,41133.0,41138.0,41144.0,41152.0,41156.0,41167.0,41174.0,41182.0,41187.0,41196.0,41203.0,41212.0,41215.0,41225.0,41229.0,41235.0,41245.0,41253.0,41264.0,41275.0,41283.0,41287.0,41293.0,41303.0,41312.0,41318.0,41329.0,41340.0,41346.0,41350.0,41355.0,41362.0,41378.0,41389.0,41407.0,41419.0,41427.0,41438.0,41447.0,41454.0,41463.0,41468.0,41488.0,41508.0,41533.0,41544.0,41554.0,41572.0,41578.0,41594.0,41603.0,41616.0,41626.0,41634.0,41658.0,41674.0,41687
3KglOT19ysM,745.0,745.0,745.0,745.0,745.0,746.0,746.0,746.0,746.0,746.0,746.0,746.0,746.0,746.0,746.0,746.0,746.0,746.0,746.0,748.0,748.0,748.0,748.0,748.0,748.0,748.0,748.0,748.0,748.0,748.0,748.0,748.0,748.0,748.0,748.0,749.0,750.0,750.0,750.0,750.0,750.0,750.0,750.0,750.0,750.0,750.0,750.0,750.0,750.0,750.0,750.0,750.0,750.0,750.0,750.0,750.0,750.0,750.0,750.0,750.0,750.0,750.0,750.0,750.0,750.0,750.0,750.0,751.0,751.0,751.0,751.0,751.0,751.0,751.0,751.0,751.0,752.0,752.0,752.0,752.0,752.0,752.0,755.0,758.0,759.0,759.0,759.0,759.0,759.0,759.0,759.0,759.0,759.0,760.0,760.0,760.0,760.0,761.0,762.0,762.0,762.0,764.0,764.0,764.0,764.0,764.0,765.0,767.0,767.0,767.0,768.0,768.0,768.0,768.0,768.0,768.0,768.0,770.0,770.0,770.0,770.0,770.0,770.0,770.0,770.0,771.0,771.0,773.0,775.0,775.0,775.0,775.0,775.0,775.0,,,,,,,,,776.0,776.0,776.0,776.0,776.0,776.0,776.0,776.0,776.0,776.0,776.0,776.0,779.0,778.0,778.0,778.0,778.0,778.0,778.0,778.0,780.0,780.0,780.0,780.0,780.0,780.0,780.0,780.0,780.0,780.0,780.0,780.0,780.0,780.0,780.0,780.0,780.0,780.0,780.0,780.0,780.0,780.0,780.0,780.0,780.0,780.0,780.0,780.0,780.0,780.0,780.0,780.0,780.0,780.0,780.0,781.0,781.0,781.0,781.0,781.0,781.0,781.0,781.0,781.0,781.0,781.0,781.0,781.0,781.0,781.0,781.0,781.0,781.0,781.0,781.0,783.0,783.0,783.0,783.0,784.0,785.0,785.0,785.0,785.0,785.0,785.0,785.0,786.0,786.0,786.0,787.0,787.0,789.0,789.0,789.0,789.0,790.0,790.0,790.0,790.0,790.0,792.0,792.0,792.0,792.0,792.0,792.0,792.0,792.0,793.0,793.0,793.0,793.0,793.0,793.0,794.0,794.0,794.0,794.0,794.0,794.0,,794.0,795.0,795.0,795.0,795.0,795.0,795.0,795.0,795.0,795.0,795.0,797.0,798.0,795.0,795.0,795.0,796.0,796.0,796.0,796.0,798.0,798.0,798.0,798.0,798.0,799.0,799.0,799.0,799.0,799.0,799.0,799.0,799.0,799.0,799.0,799.0,799.0,799.0,799.0,799.0,799.0,799.0,799.0,799.0,799.0,799.0,799.0,799.0,802.0,802.0,802.0,802.0,802.0,802.0,802.0,802.0,802.0,802.0,802.0,802.0,802.0,803.0,803.0,803.0,804.0,804.0,804.0,804.0,804.0,804.0,805.0,805.0,806.0,806.0,806.0,806.0,806.0,806.0,806.0,806.0,806.0,806.0,806.0,806.0,807.0,807.0,807.0,807.0,807.0,807.0,807.0,807.0,807.0,807.0,807.0,807.0,807.0,807.0,807.0,807.0,807.0,807.0,807.0,807.0,807.0,807.0,807.0,807.0,807.0,807.0,807.0,807.0,807.0,807
_ogbNJ1khX8,37377.0,37389.0,37402.0,37417.0,37444.0,37465.0,37491.0,37513.0,37544.0,37563.0,37590.0,37612.0,37630.0,37655.0,37682.0,37706.0,37721.0,37738.0,37752.0,37773.0,37794.0,37817.0,37837.0,37849.0,37860.0,37883.0,37893.0,37904.0,37919.0,37929.0,37940.0,37957.0,37969.0,37982.0,37998.0,38014.0,38031.0,38046.0,38063.0,38085.0,38110.0,38133.0,38154.0,38170.0,38188.0,38199.0,38214.0,38233.0,38254.0,38271.0,38292.0,38305.0,38322.0,38340.0,38356.0,38375.0,38391.0,38406.0,38421.0,38448.0,38473.0,38497.0,38520.0,38542.0,38570.0,38599.0,38620.0,38642.0,38662.0,38695.0,38712.0,38729.0,38760.0,38776.0,38796.0,38816.0,38838.0,38862.0,38882.0,38900.0,38913.0,38940.0,38963.0,38977.0,38994.0,39021.0,39051.0,39070.0,39086.0,39102.0,39134.0,39154.0,39184.0,39216.0,39244.0,39272.0,39300.0,39328.0,39370.0,39401.0,39424.0,39453.0,39480.0,39503.0,39519.0,39542.0,39873.0,40178.0,40331.0,40593.0,40864.0,41137.0,41402.0,41599.0,41783.0,41893.0,42055.0,42158.0,42262.0,42376.0,42490.0,42593.0,42702.0,42788.0,42859.0,42940.0,43026.0,43143.0,43215.0,43307.0,43400.0,43503.0,43602.0,43702.0,,,,,,,,,44330.0,44374.0,44418.0,44476.0,44537.0,44590.0,44625.0,44682.0,44728.0,44777.0,44829.0,44878.0,44930.0,44985.0,45017.0,45053.0,45092.0,45145.0,45204.0,45265.0,45309.0,45352.0,45396.0,45447.0,45514.0,45552.0,45592.0,45638.0,45681.0,45720.0,45787.0,45832.0,45883.0,45936.0,45984.0,46014.0,46033.0,46078.0,46119.0,46176.0,46222.0,46268.0,46304.0,46344.0,46390.0,46417.0,46450.0,46509.0,46557.0,46577.0,46601.0,46646.0,46683.0,46703.0,46732.0,46765.0,46809.0,46837.0,46871.0,46905.0,46942.0,46982.0,47028.0,47082.0,47116.0,47173.0,47235.0,47271.0,47319.0,47352.0,47375.0,47400.0,47443.0,47489.0,47534.0,47575.0,47616.0,47652.0,47678.0,47706.0,47737.0,47767.0,47782.0,47817.0,47844.0,47873.0,47917.0,47948.0,47975.0,47999.0,48027.0,48060.0,48080.0,48105.0,48129.0,48147.0,48195.0,48231.0,48248.0,48276.0,48300.0,48325.0,48358.0,48382.0,48403.0,48420.0,48437.0,48449.0,48479.0,48511.0,48542.0,48567.0,48578.0,48597.0,48614.0,48629.0,48638.0,48651.0,48676.0,48699.0,48708.0,,48738.0,48757.0,48780.0,48796.0,48810.0,48820.0,48835.0,48842.0,48865.0,48881.0,48900.0,48920.0,48942.0,48964.0,48982.0,48997.0,49018.0,49037.0,49055.0,49068.0,49077.0,49093.0,49123.0,49138.0,49154.0,49172.0,49188.0,49209.0,49228.0,49246.0,49263.0,49288.0,49325.0,49342.0,49366.0,49387.0,49406.0,49423.0,49440.0,49458.0,49469.0,49492.0,49520.0,49544.0,49571.0,49593.0,49608.0,49619.0,49633.0,49654.0,49673.0,49700.0,49720.0,49729.0,49754.0,49775.0,49805.0,49832.0,49852.0,49876.0,49895.0,49919.0,49936.0,49956.0,49981.0,50000.0,50017.0,50035.0,50047.0,50068.0,50087.0,50109.0,50132.0,50161.0,50174.0,50210.0,50239.0,50265.0,50327.0,50363.0,50400.0,50439.0,50470.0,50500.0,50532.0,50567.0,50604.0,50635.0,50665.0,50705.0,50738.0,50766.0,50800.0,50833.0,50855.0,50873.0,50886.0,50904.0,50920.0,50937.0,50958.0,50978.0,50997.0,51021.0,51033.0,51060.0,51079.0,51100.0,51126.0,51152.0,51183.0,51217.0,51255.0,51287
oeg66U9ICM4,200030.0,200121.0,200192.0,200302.0,200383.0,200485.0,200574.0,200678.0,200789.0,200876.0,200976.0,201061.0,201185.0,201321.0,201443.0,201555.0,201669.0,201770.0,201871.0,202003.0,202121.0,202305.0,202526.0,202685.0,202833.0,203021.0,203221.0,203429.0,203681.0,203932.0,204128.0,204350.0,204537.0,204717.0,204903.0,205085.0,205251.0,205437.0,205588.0,205735.0,205941.0,206097.0,206281.0,206416.0,206609.0,206752.0,206939.0,207120.0,207282.0,207477.0,207638.0,207806.0,207956.0,208076.0,208223.0,208377.0,208545.0,208736.0,208896.0,209016.0,209171.0,209332.0,209506.0,209656.0,209818.0,209978.0,210098.0,210220.0,210343.0,210494.0,210644.0,210834.0,210988.0,211139.0,211273.0,211443.0,211621.0,211777.0,211982.0,212127.0,212262.0,212439.0,212589.0,212742.0,212871.0,213016.0,213172.0,213326.0,213474.0,213614.0,213752.0,213895.0,214029.0,214173.0,214304.0,214410.0,214550.0,214654.0,214789.0,214958.0,215056.0,215160.0,215293.0,215398.0,215515.0,215646.0,215771.0,215914.0,216041.0,216150.0,216237.0,216372.0,216472.0,216584.0,216687.0,216770.0,216885.0,216998.0,217098.0,217203.0,217308.0,217381.0,217478.0,217584.0,217684.0,217779.0,217853.0,217962.0,218065.0,218156.0,218249.0,218337.0,218430.0,218516.0,,,,,,,,,219372.0,219439.0,219499.0,219575.0,219702.0,219803.0,219892.0,219972.0,220089.0,220178.0,220292.0,220407.0,220512.0,220641.0,220759.0,220890.0,220994.0,221090.0,221187.0,221285.0,221349.0,221420.0,221482.0,221545.0,221604.0,221677.0,221764.0,221859.0,221954.0,222030.0,222096.0,222174.0,222240.0,222340.0,222417.0,222526.0,222613.0,222689.0,222750.0,222836.0,222918.0,223019.0,223109.0,223178.0,223270.0,223357.0,223456.0,223561.0,223667.0,223732.0,223820.0,223912.0,223994.0,224091.0,224184.0,224283.0,224368.0,224455.0,224549.0,224626.0,224706.0,224791.0,224868.0,224958.0,225051.0,225147.0,225230.0,225311.0,225376.0,225462.0,225544.0,225651.0,225722.0,225850.0,225954.0,226071.0,226200.0,226310.0,226419.0,226530.0,226634.0,226740.0,226871.0,227013.0,227143.0,227244.0,227346.0,227479.0,227600.0,227711.0,227839.0,227955.0,228072.0,228185.0,228304.0,228444.0,228580.0,228736.0,228855.0,228965.0,229115.0,229229.0,229367.0,229513.0,229652.0,229763.0,229874.0,229973.0,230091.0,230228.0,230338.0,230463.0,230595.0,230695.0,230782.0,230893.0,230995.0,231117.0,231223.0,231339.0,231451.0,,231671.0,231797.0,231929.0,232047.0,232133.0,232219.0,232308.0,232410.0,232527.0,232644.0,232785.0,232908.0,233067.0,233208.0,233350.0,233496.0,233667.0,233833.0,233972.0,234118.0,234281.0,234428.0,234580.0,234734.0,234920.0,235079.0,235188.0,235361.0,235485.0,235655.0,235797.0,235969.0,236116.0,236241.0,236363.0,236534.0,236677.0,236802.0,236917.0,237052.0,237175.0,237297.0,237443.0,237584.0,237724.0,237870.0,238070.0,238253.0,238532.0,238823.0,239147.0,239365.0,239617.0,239875.0,240073.0,240257.0,240457.0,240667.0,240881.0,241084.0,241319.0,241464.0,241670.0,241825.0,242043.0,242255.0,242760.0,243515.0,243895.0,244264.0,244675.0,245044.0,245479.0,245895.0,246245.0,246555.0,246890.0,247147.0,247476.0,247729.0,247969.0,248141.0,248272.0,248403.0,248551.0,248652.0,248766.0,248899.0,249007.0,249108.0,249203.0,249325.0,249504.0,249676.0,249829.0,249947.0,250099.0,250237.0,250396.0,250513.0,250630.0,250752.0,250862.0,250936.0,251124.0,251419.0,251730.0,252026.0,252353.0,252660.0,252924.0,253250.0,253622.0,253887
PdhwT7uGHM8,110679.0,110693.0,110708.0,110724.0,110743.0,110752.0,110776.0,110792.0,110810.0,110835.0,110855.0,110870.0,110889.0,110902.0,110929.0,110947.0,110958.0,110972.0,110991.0,111003.0,111016.0,111038.0,111069.0,111090.0,111124.0,111148.0,111174.0,111202.0,111235.0,111260.0,111291.0,111319.0,111347.0,111369.0,111393.0,111426.0,111437.0,111441.0,111463.0,111490.0,111505.0,111537.0,111564.0,111592.0,111611.0,111634.0,111656.0,111679.0,111699.0,111722.0,111738.0,111756.0,111766.0,111785.0,111804.0,111828.0,111851.0,111874.0,111894.0,111918.0,111940.0,111970.0,112005.0,112038.0,112067.0,112095.0,112115.0,112127.0,112151.0,112172.0,112191.0,112207.0,112217.0,112234.0,112259.0,112276.0,112290.0,112304.0,112331.0,112346.0,112364.0,112384.0,112401.0,112427.0,112439.0,112452.0,112474.0,112491.0,112520.0,112541.0,112560.0,112571.0,112585.0,112597.0,112614.0,112627.0,112650.0,112670.0,112706.0,112731.0,112755.0,112768.0,112788.0,112809.0,112826.0,112850.0,112870.0,112884.0,112903.0,112914.0,112937.0,112964.0,112991.0,113003.0,113028.0,113044.0,113057.0,113069.0,113081.0,113095.0,113115.0,113140.0,113153.0,113173.0,113186.0,113208.0,113227.0,113247.0,113262.0,113281.0,113294.0,113329.0,113361.0,113391.0,,,,,,,,,113596.0,113616.0,113647.0,113672.0,113698.0,113730.0,113749.0,113779.0,113828.0,113899.0,113943.0,114024.0,114084.0,114145.0,114197.0,114252.0,114306.0,114353.0,114375.0,114403.0,114419.0,114432.0,114451.0,114469.0,114488.0,114499.0,114514.0,114521.0,114538.0,114549.0,114562.0,114575.0,114591.0,114597.0,114622.0,114633.0,114644.0,114658.0,114676.0,114688.0,114710.0,114742.0,114754.0,114769.0,114785.0,114828.0,114852.0,114870.0,114881.0,114889.0,114898.0,114912.0,114923.0,114936.0,114946.0,114955.0,114981.0,114995.0,115012.0,115027.0,115038.0,115051.0,115072.0,115100.0,115124.0,115144.0,115165.0,115177.0,115191.0,115207.0,115225.0,115232.0,115254.0,115261.0,115272.0,115281.0,115306.0,115321.0,115339.0,115353.0,115364.0,115375.0,115392.0,115411.0,115423.0,115433.0,115444.0,115452.0,115461.0,115475.0,115488.0,115499.0,115511.0,115522.0,115531.0,115542.0,115551.0,115565.0,115575.0,115582.0,115593.0,115603.0,115620.0,115634.0,115651.0,115660.0,115675.0,115691.0,115704.0,115720.0,115742.0,115762.0,115781.0,115792.0,115807.0,115819.0,115832.0,115842.0,115854.0,115864.0,115876.0,,115902.0,115913.0,115935.0,115956.0,115969.0,115985.0,115998.0,116008.0,116018.0,116027.0,116048.0,116066.0,116074.0,116086.0,116098.0,116118.0,116151.0,116171.0,116188.0,116205.0,116216.0,116238.0,116255.0,116262.0,116278.0,116293.0,116305.0,116321.0,116343.0,116363.0,116379.0,116392.0,116408.0,116417.0,116434.0,116449.0,116457.0,116466.0,116488.0,116517.0,116527.0,116541.0,116554.0,116567.0,116591.0,116612.0,116628.0,116641.0,116659.0,116670.0,116681.0,116698.0,116716.0,116731.0,116752.0,116765.0,116783.0,116792.0,116809.0,116822.0,116838.0,116853.0,116869.0,116886.0,116898.0,116919.0,116950.0,116973.0,116995.0,117015.0,117042.0,117059.0,117084.0,117109.0,117131.0,117160.0,117177.0,117200.0,117216.0,117254.0,117283.0,117306.0,117323.0,117345.0,117370.0,117396.0,117418.0,117441.0,117452.0,117472.0,117483.0,117496.0,117515.0,117532.0,117552.0,117572.0,117597.0,117614.0,117632.0,117657.0,117688.0,117706.0,117721.0,117743.0,117775.0,117790.0,117809.0,117837.0,117859.0,117880.0,117898.0,117921.0,117945.0,117972
QR2h38A_HuI,42080.0,42095.0,42114.0,42138.0,42158.0,42183.0,42211.0,42227.0,42251.0,42268.0,42290.0,42312.0,42336.0,42359.0,42370.0,42399.0,42419.0,42442.0,42470.0,42489.0,42527.0,42575.0,42715.0,42780.0,42837.0,42904.0,42969.0,43034.0,43087.0,43139.0,43194.0,43252.0,43311.0,43353.0,43396.0,43435.0,43491.0,43527.0,43570.0,43603.0,43641.0,43683.0,43724.0,43771.0,43795.0,43835.0,43866.0,43901.0,43934.0,43961.0,43994.0,44022.0,44053.0,44080.0,44105.0,44148.0,44184.0,44220.0,44256.0,44285.0,44306.0,44339.0,44365.0,44388.0,44419.0,44443.0,44479.0,44501.0,44530.0,44551.0,44579.0,44613.0,44632.0,44661.0,44692.0,44716.0,44749.0,44771.0,44798.0,44820.0,44848.0,44874.0,44889.0,44905.0,44919.0,44947.0,44972.0,44990.0,45016.0,45044.0,45069.0,45090.0,45122.0,45148.0,45177.0,45196.0,45228.0,45253.0,45277.0,45296.0,45318.0,45342.0,45371.0,45395.0,45418.0,45444.0,45465.0,45494.0,45510.0,45528.0,45546.0,45562.0,45580.0,45602.0,45609.0,45620.0,45638.0,45658.0,45682.0,45708.0,45739.0,45750.0,45772.0,45791.0,45813.0,45824.0,45833.0,45859.0,45875.0,45901.0,45919.0,45933.0,45952.0,45974.0,,,,,,,,,46116.0,46133.0,46142.0,46152.0,46170.0,46186.0,46196.0,46212.0,46229.0,46250.0,46263.0,46274.0,46298.0,46314.0,46323.0,46337.0,46354.0,46369.0,46381.0,46393.0,46410.0,46422.0,46442.0,46451.0,46462.0,46479.0,46494.0,46506.0,46523.0,46530.0,46544.0,46558.0,46581.0,46590.0,46605.0,46626.0,46634.0,46645.0,46652.0,46669.0,46684.0,46700.0,46715.0,46731.0,46743.0,46756.0,46777.0,46793.0,46811.0,46825.0,46843.0,46863.0,46881.0,46891.0,46901.0,46920.0,46938.0,46945.0,46966.0,46975.0,46988.0,46996.0,47012.0,47024.0,47032.0,47047.0,47052.0,47064.0,47085.0,47103.0,47114.0,47130.0,47153.0,47203.0,47248.0,47288.0,47324.0,47355.0,47377.0,47403.0,47438.0,47460.0,47488.0,47521.0,47551.0,47588.0,47618.0,47648.0,47672.0,47690.0,47722.0,47740.0,47761.0,47779.0,47801.0,47822.0,47854.0,47878.0,47898.0,47912.0,47927.0,47950.0,47968.0,47994.0,48021.0,48035.0,48068.0,48085.0,48105.0,48148.0,48172.0,48204.0,48222.0,48238.0,48253.0,48267.0,48279.0,48305.0,48326.0,48343.0,48366.0,,48400.0,48430.0,48444.0,48463.0,48474.0,48492.0,48521.0,48543.0,48563.0,48588.0,48667.0,48711.0,48753.0,48798.0,48847.0,48874.0,48918.0,48961.0,48995.0,49027.0,49062.0,49087.0,49135.0,49167.0,49200.0,49225.0,49256.0,49290.0,49319.0,49359.0,49383.0,49413.0,49437.0,49472.0,49497.0,49526.0,49567.0,49591.0,49622.0,49642.0,49664.0,49687.0,49703.0,49728.0,49753.0,49790.0,49814.0,49847.0,49885.0,49924.0,49968.0,50016.0,50056.0,50109.0,50150.0,50179.0,50204.0,50238.0,50274.0,50310.0,50341.0,50368.0,50399.0,50466.0,50522.0,50614.0,50655.0,50703.0,50741.0,50782.0,50810.0,50833.0,50875.0,50899.0,50917.0,50943.0,50975.0,51001.0,51041.0,51072.0,51091.0,51122.0,51140.0,51156.0,51170.0,51180.0,51194.0,51215.0,51234.0,51254.0,51267.0,51279.0,51293.0,51318.0,51337.0,51349.0,51371.0,51384.0,51400.0,51421.0,51443.0,51460.0,51474.0,51487.0,51511.0,51534.0,51553.0,51569.0,51583.0,51601.0,51625.0,51644.0,51666.0,51681
EnTjmYf2oZo,1856349.0,1856507.0,1856693.0,1856858.0,1857047.0,1857194.0,1857351.0,1857502.0,1857681.0,1857858.0,1858018.0,1858148.0,1858263.0,1858405.0,1858561.0,1858709.0,1858877.0,1859017.0,1859178.0,1859332.0,1859499.0,1859699.0,1860054.0,1860292.0,1860573.0,1860846.0,1861136.0,1861409.0,1861767.0,1862037.0,1862345.0,1862622.0,1862820.0,1863105.0,1863284.0,1863546.0,1863797.0,1864002.0,1864254.0,1864434.0,1864652.0,1864870.0,1865104.0,1865305.0,1865486.0,1865699.0,1865894.0,1866076.0,1866277.0,1866468.0,1866621.0,1866788.0,1866988.0,1867155.0,1867377.0,1867590.0,1867821.0,1868010.0,1868197.0,1868390.0,1868584.0,1868791.0,1868983.0,1869229.0,1869424.0,1869599.0,1869797.0,1870029.0,1870190.0,1870363.0,1870529.0,1870788.0,1871039.0,1871333.0,1871520.0,1871724.0,1871924.0,1872140.0,1872370.0,1872573.0,1872759.0,1872923.0,1873112.0,1873268.0,1873466.0,1873692.0,1873923.0,1874083.0,1874328.0,1874546.0,1874749.0,1874909.0,1875103.0,1875317.0,1875494.0,1875709.0,1875879.0,1876093.0,1876254.0,1876439.0,1876593.0,1876762.0,1876905.0,1877099.0,1877247.0,1877424.0,1877590.0,1877751.0,1877893.0,1878036.0,1878179.0,1878323.0,1878509.0,1878673.0,1878883.0,1879092.0,1879294.0,1879512.0,1879696.0,1879850.0,1880008.0,1880172.0,1880325.0,1880457.0,1880572.0,1880751.0,1880898.0,1881068.0,1881249.0,1881412.0,1881569.0,1881716.0,1881824.0,1881992.0,,,,,,,,,1883435.0,1883595.0,1883759.0,1883905.0,1884024.0,1884148.0,1884274.0,1884408.0,1884554.0,1884708.0,1884856.0,1884998.0,1885131.0,1885297.0,1885485.0,1885622.0,1885782.0,1885930.0,1886056.0,1886199.0,1886319.0,1886447.0,1886637.0,1886831.0,1886976.0,1887083.0,1887220.0,1887379.0,1887520.0,1887659.0,1887818.0,1887965.0,1888119.0,1888222.0,1888370.0,1888478.0,1888628.0,1888765.0,1888889.0,1889028.0,1889152.0,1889298.0,1889443.0,1889540.0,1889671.0,1889812.0,1889975.0,1890140.0,1890278.0,1890399.0,1890529.0,1890670.0,1890791.0,1890910.0,1891056.0,1891175.0,1891287.0,1891414.0,1891524.0,1891660.0,1891763.0,1891884.0,1892017.0,1892154.0,1892302.0,1892468.0,1892587.0,1892725.0,1892951.0,1893074.0,1893229.0,1893376.0,1893567.0,1893873.0,1894157.0,1894469.0,1894761.0,1894987.0,1895216.0,1895422.0,1895628.0,1895795.0,1895986.0,1896225.0,1896406.0,1896580.0,1896766.0,1896924.0,1897062.0,1897262.0,1897415.0,1897608.0,1897802.0,1897994.0,1898150.0,1898311.0,1898490.0,1898628.0,1898797.0,1898969.0,1899135.0,1899317.0,1899490.0,1899669.0,1899847.0,1900017.0,1900174.0,1900338.0,1900512.0,1900691.0,1900866.0,1901007.0,1901211.0,1901349.0,1901551.0,1901670.0,1901820.0,1901964.0,1902130.0,1902284.0,1902436.0,,1902780.0,1902960.0,1903142.0,1903295.0,1903440.0,1903632.0,1903820.0,1904003.0,1904161.0,1904410.0,1904726.0,1904998.0,1905296.0,1905700.0,1905986.0,1906295.0,1906668.0,1907003.0,1907306.0,1907591.0,1907899.0,1908175.0,1908435.0,1908739.0,1908956.0,1909238.0,1909471.0,1909681.0,1909906.0,1910132.0,1910316.0,1910558.0,1910797.0,1911010.0,1911255.0,1911518.0,1911761.0,1911989.0,1912219.0,1912404.0,1912595.0,1912812.0,1912988.0,1913141.0,1913348.0,1913544.0,1913729.0,1913920.0,1914083.0,1914215.0,1914433.0,1914596.0,1914782.0,1914999.0,1915184.0,1915343.0,1915524.0,1915679.0,1915873.0,1916108.0,1916307.0,1916487.0,1916668.0,1916861.0,1917057.0,1917253.0,1917467.0,1917640.0,1917845.0,1918022.0,1918310.0,1918567.0,1918797.0,1919037.0,1919267.0,1919462.0,1919671.0,1919871.0,1920073.0,1920248.0,1920436.0,1920618.0,1920822.0,1921011.0,1921208.0,1921400.0,1921572.0,1921786.0,1921970.0,1922159.0,1922348.0,1922530.0,1922737.0,1922900.0,1923062.0,1923219.0,1923379.0,1923565.0,1923733.0,1923878.0,1924020.0,1924193.0,1924330.0,1924490.0,1924645.0,1924807.0,1924963.0,1925173.0,1925316.0,1925467.0,1925675.0,1925795.0,1925963.0,1926130
WOOcC92a7l0,28530.0,28531.0,29000.0,29262.0,29340.0,29372.0,29327.0,29360.0,29440.0,29483.0,29507.0,29531.0,29553.0,29593.0,29620.0,29639.0,29648.0,29651.0,29661.0,29666.0,29668.0,29672.0,29678.0,29678.0,29679.0,29684.0,29687.0,29688.0,29689.0,29692.0,29694.0,29696.0,29698.0,29699.0,29700.0,29702.0,29704.0,29704.0,29704.0,29704.0,29705.0,29707.0,29707.0,29708.0,29708.0,29708.0,29710.0,29712.0,29713.0,29717.0,29720.0,29720.0,29720.0,29720.0,29720.0,29721.0,29721.0,29723.0,29724.0,29727.0,29728.0,29729.0,29730.0,29730.0,29730.0,29731.0,29734.0,29736.0,29738.0,29739.0,29740.0,29740.0,29740.0,29740.0,29740.0,29740.0,29740.0,29742.0,29743.0,29744.0,29744.0,29744.0,29745.0,29745.0,29747.0,29748.0,29748.0,29748.0,29751.0,29751.0,29753.0,29758.0,29761.0,29761.0,29761.0,29761.0,29761.0,29763.0,29764.0,29765.0,29769.0,29770.0,29773.0,29775.0,29775.0,29776.0,29776.0,29777.0,29779.0,29779.0,29787.0,29790.0,29790.0,29792.0,29794.0,29796.0,29796.0,29796.0,29796.0,29797.0,29799.0,29800.0,29800.0,29802.0,29802.0,29802.0,29804.0,29805.0,29805.0,29806.0,29808.0,29808.0,29809.0,29810.0,,,,,,,,,29812.0,29814.0,29816.0,29816.0,29817.0,29818.0,29819.0,29820.0,29821.0,29820.0,29821.0,29821.0,29821.0,29822.0,29822.0,29822.0,29822.0,29822.0,29822.0,29822.0,29822.0,29823.0,29824.0,29823.0,29825.0,29825.0,29825.0,29825.0,29826.0,29828.0,29829.0,29829.0,29829.0,29829.0,29829.0,29829.0,29830.0,29830.0,29831.0,29831.0,29831.0,29832.0,29832.0,29832.0,29832.0,29833.0,29833.0,29833.0,29833.0,29833.0,29834.0,29834.0,29835.0,29837.0,29837.0,29838.0,29838.0,29839.0,29840.0,29840.0,29841.0,29841.0,29841.0,29842.0,29843.0,29843.0,29843.0,29844.0,29844.0,29844.0,29844.0,29844.0,29844.0,29844.0,29845.0,29845.0,29847.0,29847.0,29847.0,29848.0,29848.0,29849.0,29850.0,29851.0,29852.0,29852.0,29854.0,29857.0,29857.0,29856.0,29858.0,29864.0,29867.0,29867.0,29867.0,29867.0,29868.0,29868.0,29868.0,29868.0,29869.0,29869.0,29870.0,29870.0,29871.0,29871.0,29871.0,29872.0,29872.0,29872.0,29873.0,29874.0,29874.0,29875.0,29875.0,29877.0,29878.0,29878.0,29878.0,29878.0,29878.0,,29879.0,29879.0,29879.0,29882.0,29884.0,29884.0,29885.0,29885.0,29885.0,29885.0,29885.0,29885.0,29885.0,29885.0,29886.0,29887.0,29887.0,29888.0,29889.0,29889.0,29889.0,29889.0,29890.0,29890.0,29891.0,29892.0,29893.0,29893.0,29895.0,29899.0,29899.0,29899.0,29900.0,29900.0,29902.0,29903.0,29904.0,29904.0,29904.0,29905.0,29905.0,29905.0,29905.0,29905.0,29906.0,29907.0,29908.0,29908.0,29908.0,29908.0,29908.0,29908.0,29909.0,29909.0,29909.0,29909.0,29910.0,29911.0,29911.0,29911.0,29912.0,29912.0,29912.0,29912.0,29912.0,29912.0,29912.0,29912.0,29914.0,29915.0,29915.0,29919.0,29920.0,29919.0,29919.0,29920.0,29920.0,29920.0,29920.0,29920.0,29920.0,29920.0,29922.0,29922.0,29923.0,29923.0,29923.0,29923.0,29926.0,29926.0,29926.0,29926.0,29926.0,29926.0,29927.0,29927.0,29927.0,29928.0,29929.0,29929.0,29930.0,29930.0,29930.0,29930.0,29932.0,29933.0,29933.0,29934.0,29936.0,29938.0,29938.0,29939.0,29939.0,29940
-tFIYrbrSLg,4232.0,4232.0,4234.0,4236.0,4237.0,4237.0,4237.0,4237.0,4238.0,4239.0,4240.0,4244.0,4245.0,4246.0,4246.0,4246.0,4247.0,4247.0,4248.0,4248.0,4248.0,4248.0,4248.0,4248.0,4248.0,4248.0,4248.0,4248.0,4248.0,4249.0,4249.0,4249.0,4250.0,4251.0,4251.0,4252.0,4252.0,4252.0,4252.0,4252.0,4252.0,4255.0,4256.0,4256.0,4256.0,4256.0,4256.0,4256.0,4258.0,4258.0,4258.0,4261.0,4263.0,4264.0,4266.0,4267.0,4269.0,4271.0,4272.0,4273.0,4276.0,4279.0,4280.0,4281.0,4281.0,4282.0,4283.0,4285.0,4287.0,4288.0,4290.0,4291.0,4291.0,4292.0,4295.0,4295.0,4295.0,4296.0,4296.0,4299.0,4299.0,4301.0,4301.0,4301.0,4304.0,4304.0,4304.0,4304.0,4304.0,4304.0,4304.0,4304.0,4304.0,4304.0,4304.0,4305.0,4305.0,4305.0,4306.0,4307.0,4307.0,4307.0,4307.0,4307.0,4308.0,4308.0,4308.0,4308.0,4309.0,4309.0,4309.0,4309.0,4311.0,4311.0,4311.0,4311.0,4311.0,4312.0,4315.0,4315.0,4316.0,4317.0,4318.0,4318.0,4318.0,4318.0,4318.0,4319.0,4320.0,4320.0,4320.0,4321.0,4321.0,4321.0,,,,,,,,,4333.0,4333.0,4333.0,4333.0,4334.0,4334.0,4336.0,4337.0,4337.0,4338.0,4338.0,4342.0,4343.0,4346.0,4347.0,4348.0,4348.0,4352.0,4353.0,4353.0,4353.0,4354.0,4354.0,4354.0,4355.0,4357.0,4358.0,4358.0,4361.0,4363.0,4363.0,4363.0,4363.0,4363.0,4364.0,4366.0,4366.0,4368.0,4368.0,4369.0,4370.0,4372.0,4372.0,4372.0,4373.0,4373.0,4373.0,4373.0,4374.0,4374.0,4376.0,4377.0,4379.0,4385.0,4385.0,4387.0,4387.0,4387.0,4390.0,4392.0,4395.0,4396.0,4396.0,4399.0,4400.0,4401.0,4401.0,4401.0,4404.0,4405.0,4405.0,4405.0,4406.0,4409.0,4411.0,4411.0,4413.0,4415.0,4417.0,4417.0,4417.0,4418.0,4418.0,4420.0,4420.0,4421.0,4421.0,4422.0,4424.0,4425.0,4425.0,4426.0,4426.0,4426.0,4426.0,4426.0,4427.0,4427.0,4428.0,4428.0,4429.0,4431.0,4432.0,4432.0,4432.0,4432.0,4432.0,4432.0,4433.0,4433.0,4433.0,4434.0,4434.0,4434.0,4434.0,4437.0,4438.0,4438.0,4438.0,4438.0,4440.0,,4442.0,4442.0,4443.0,4443.0,4443.0,4444.0,4445.0,4445.0,4446.0,4447.0,4448.0,4448.0,4448.0,4450.0,4450.0,4451.0,4451.0,4451.0,4451.0,4451.0,4451.0,4452.0,4453.0,4453.0,4453.0,4453.0,4454.0,4455.0,4455.0,4455.0,4457.0,4459.0,4461.0,4463.0,4464.0,4464.0,4464.0,4465.0,4468.0,4471.0,4473.0,4474.0,4474.0,4475.0,4477.0,4479.0,4479.0,4479.0,4480.0,4480.0,4480.0,4482.0,4482.0,4483.0,4485.0,4487.0,4487.0,4488.0,4488.0,4490.0,4490.0,4490.0,4490.0,4491.0,4492.0,4492.0,4492.0,4495.0,4495.0,4495.0,4496.0,4499.0,4500.0,4503.0,4504.0,4507.0,4507.0,4508.0,4508.0,4508.0,4508.0,4508.0,4509.0,4509.0,4509.0,4511.0,4511.0,4511.0,4511.0,4511.0,4511.0,4512.0,4512.0,4512.0,4513.0,4516.0,4516.0,4517.0,4518.0,4518.0,4520.0,4521.0,4521.0,4521.0,4521.0,4522.0,4522.0,4522.0,4522.0,4522.0,4522.0,4522.0,4523.0,4523
W0LcVZGQUYs,1679968.0,1679987.0,1680002.0,1680023.0,1680044.0,1680064.0,1680090.0,1680103.0,1680121.0,1680131.0,1680142.0,1680162.0,1680187.0,1680204.0,1680227.0,1680238.0,1680256.0,1680279.0,1680287.0,1680297.0,1680314.0,1680332.0,1680346.0,1680355.0,1680373.0,1680383.0,1680403.0,1680419.0,1680438.0,1680447.0,1680458.0,1680468.0,1680488.0,1680499.0,1680522.0,1680553.0,1680574.0,1680615.0,1680628.0,1680635.0,1680646.0,1680661.0,1680673.0,1680687.0,1680703.0,1680728.0,1680742.0,1680762.0,1680775.0,1680785.0,1680800.0,1680819.0,1680836.0,1680845.0,1680862.0,1680871.0,1680885.0,1680902.0,1680918.0,1680935.0,1680948.0,1680969.0,1680982.0,1680992.0,1681003.0,1681029.0,1681037.0,1681053.0,1681070.0,1681089.0,1681107.0,1681130.0,1681136.0,1681149.0,1681161.0,1681178.0,1681187.0,1681198.0,1681208.0,1681224.0,1681231.0,1681240.0,1681246.0,1681262.0,1681270.0,1681285.0,1681296.0,1681304.0,1681319.0,1681340.0,1681355.0,1681378.0,1681397.0,1681422.0,1681443.0,1681473.0,1681489.0,1681512.0,1681525.0,1681538.0,1681551.0,1681564.0,1681577.0,1681589.0,1681600.0,1681615.0,1681635.0,1681640.0,1681646.0,1681661.0,1681674.0,1681685.0,1681704.0,1681722.0,1681740.0,1681752.0,1681769.0,1681778.0,1681790.0,1681800.0,1681813.0,1681826.0,1681843.0,1681851.0,1681872.0,1681888.0,1681901.0,1681916.0,1681922.0,1681942.0,1681955.0,1681973.0,1681980.0,1681984.0,,,,,,,,,1682070.0,1682079.0,1682086.0,1682099.0,1682113.0,1682125.0,1682143.0,1682170.0,1682183.0,1682198.0,1682210.0,1682216.0,1682225.0,1682240.0,1682245.0,1682255.0,1682263.0,1682271.0,1682283.0,1682293.0,1682303.0,1682313.0,1682325.0,1682331.0,1682335.0,1682342.0,1682354.0,1682366.0,1682375.0,1682386.0,1682394.0,1682408.0,1682417.0,1682428.0,1682436.0,1682444.0,1682454.0,1682463.0,1682479.0,1682488.0,1682496.0,1682509.0,1682520.0,1682525.0,1682536.0,1682545.0,1682557.0,1682570.0,1682584.0,1682594.0,1682606.0,1682616.0,1682622.0,1682632.0,1682644.0,1682653.0,1682661.0,1682673.0,1682678.0,1682691.0,1682701.0,1682707.0,1682721.0,1682733.0,1682743.0,1682758.0,1682772.0,1682784.0,1682789.0,1682802.0,1682809.0,1682827.0,1682836.0,1682851.0,1682860.0,1682871.0,1682877.0,1682893.0,1682906.0,1682923.0,1682932.0,1682941.0,1682955.0,1682965.0,1682982.0,1682991.0,1683001.0,1683007.0,1683015.0,1683021.0,1683026.0,1683035.0,1683045.0,1683056.0,1683064.0,1683069.0,1683079.0,1683087.0,1683098.0,1683106.0,1683117.0,1683121.0,1683125.0,1683130.0,1683137.0,1683145.0,1683152.0,1683157.0,1683168.0,1683172.0,1683180.0,1683186.0,1683191.0,1683202.0,1683213.0,1683225.0,1683242.0,1683256.0,1683259.0,1683269.0,1683279.0,,1683300.0,1683308.0,1683313.0,1683319.0,1683329.0,1683334.0,1683343.0,1683348.0,1683358.0,1683367.0,1683375.0,1683388.0,1683405.0,1683415.0,1683424.0,1683433.0,1683440.0,1683444.0,1683463.0,1683473.0,1683483.0,1683487.0,1683495.0,1683503.0,1683510.0,1683516.0,1683525.0,1683531.0,1683540.0,1683545.0,1683551.0,1683556.0,1683563.0,1683568.0,1683577.0,1683586.0,1683593.0,1683596.0,1683603.0,1683608.0,1683614.0,1683625.0,1683634.0,1683645.0,1683651.0,1683660.0,1683665.0,1683679.0,1683685.0,1683691.0,1683695.0,1683699.0,1683714.0,1683727.0,1683733.0,1683743.0,1683749.0,1683757.0,1683764.0,1683774.0,1683787.0,1683794.0,1683797.0,1683801.0,1683817.0,1683824.0,1683837.0,1683851.0,1683869.0,1683877.0,1683885.0,1683892.0,1683908.0,1683921.0,1683929.0,1683936.0,1683948.0,1683958.0,1683966.0,1683979.0,1683994.0,1684000.0,1684004.0,1684011.0,1684022.0,1684026.0,1684033.0,1684046.0,1684055.0,1684061.0,1684074.0,1684081.0,1684088.0,1684099.0,1684105.0,1684112.0,1684117.0,1684127.0,1684135.0,1684139.0,1684146.0,1684157.0,1684159.0,1684167.0,1684183.0,1684190.0,1684199.0,1684208.0,1684218.0,1684222.0,1684235.0,1684240.0,1684256.0,1684264
afpECJNOHVo,2347541.0,2347556.0,2347564.0,2347572.0,2347586.0,2347601.0,2347611.0,2347625.0,2347637.0,2347653.0,2347658.0,2347668.0,2347680.0,2347685.0,2347696.0,2347704.0,2347711.0,2347724.0,2347733.0,2347747.0,2347758.0,2347768.0,2347779.0,2347790.0,2347797.0,2347806.0,2347818.0,2347826.0,2347841.0,2347845.0,2347853.0,2347860.0,2347866.0,2347876.0,2347884.0,2347895.0,2347905.0,2347909.0,2347922.0,2347936.0,2347948.0,2347957.0,2347970.0,2347984.0,2347991.0,2348000.0,2348015.0,2348021.0,2348038.0,2348054.0,2348066.0,2348084.0,2348089.0,2348093.0,2348099.0,2348102.0,2348114.0,2348126.0,2348138.0,2348167.0,2348192.0,2348210.0,2348220.0,2348233.0,2348251.0,2348263.0,2348286.0,2348305.0,2348318.0,2348338.0,2348356.0,2348373.0,2348395.0,2348412.0,2348426.0,2348441.0,2348453.0,2348469.0,2348482.0,2348501.0,2348520.0,2348532.0,2348551.0,2348564.0,2348585.0,2348604.0,2348616.0,2348625.0,2348635.0,2348646.0,2348660.0,2348667.0,2348670.0,2348681.0,2348689.0,2348695.0,2348702.0,2348706.0,2348716.0,2348721.0,2348734.0,2348740.0,2348742.0,2348753.0,2348764.0,2348775.0,2348782.0,2348790.0,2348795.0,2348802.0,2348813.0,2348819.0,2348828.0,2348836.0,2348844.0,2348855.0,2348861.0,2348871.0,2348880.0,2348889.0,2348899.0,2348909.0,2348915.0,2348922.0,2348926.0,2348929.0,2348936.0,2348943.0,2348954.0,2348966.0,2348982.0,2348997.0,2349018.0,2349032.0,,,,,,,,,2349145.0,2349150.0,2349158.0,2349166.0,2349178.0,2349185.0,2349193.0,2349209.0,2349223.0,2349239.0,2349258.0,2349277.0,2349286.0,2349292.0,2349305.0,2349322.0,2349327.0,2349339.0,2349348.0,2349361.0,2349365.0,2349380.0,2349390.0,2349399.0,2349408.0,2349425.0,2349433.0,2349440.0,2349445.0,2349455.0,2349461.0,2349467.0,2349478.0,2349484.0,2349496.0,2349502.0,2349510.0,2349525.0,2349527.0,2349535.0,2349543.0,2349550.0,2349559.0,2349570.0,2349586.0,2349593.0,2349600.0,2349604.0,2349612.0,2349617.0,2349630.0,2349638.0,2349644.0,2349653.0,2349660.0,2349668.0,2349674.0,2349677.0,2349679.0,2349688.0,2349689.0,2349699.0,2349703.0,2349710.0,2349716.0,2349729.0,2349735.0,2349741.0,2349744.0,2349749.0,2349755.0,2349757.0,2349767.0,2349774.0,2349783.0,2349789.0,2349798.0,2349810.0,2349816.0,2349823.0,2349838.0,2349840.0,2349849.0,2349858.0,2349873.0,2349889.0,2349900.0,2349907.0,2349923.0,2349933.0,2349946.0,2349958.0,2349968.0,2349981.0,2349997.0,2350015.0,2350030.0,2350040.0,2350067.0,2350080.0,2350096.0,2350106.0,2350122.0,2350129.0,2350138.0,2350148.0,2350157.0,2350167.0,2350175.0,2350180.0,2350183.0,2350190.0,2350204.0,2350213.0,2350219.0,2350230.0,2350255.0,2350267.0,2350284.0,2350300.0,2350307.0,,2350322.0,2350333.0,2350342.0,2350350.0,2350370.0,2350376.0,2350388.0,2350395.0,2350411.0,2350420.0,2350429.0,2350442.0,2350447.0,2350452.0,2350465.0,2350469.0,2350484.0,2350491.0,2350505.0,2350509.0,2350517.0,2350530.0,2350540.0,2350547.0,2350559.0,2350563.0,2350574.0,2350580.0,2350587.0,2350596.0,2350610.0,2350631.0,2350648.0,2350652.0,2350665.0,2350673.0,2350685.0,2350693.0,2350706.0,2350713.0,2350721.0,2350729.0,2350732.0,2350743.0,2350750.0,2350766.0,2350775.0,2350786.0,2350796.0,2350800.0,2350809.0,2350817.0,2350823.0,2350829.0,2350835.0,2350842.0,2350851.0,2350868.0,2350877.0,2350892.0,2350900.0,2350908.0,2350922.0,2350935.0,2350942.0,2350948.0,2350957.0,2350962.0,2350970.0,2350979.0,2350990.0,2350998.0,2351002.0,2351010.0,2351021.0,2351027.0,2351030.0,2351034.0,2351047.0,2351058.0,2351064.0,2351072.0,2351086.0,2351096.0,2351108.0,2351118.0,2351128.0,2351134.0,2351147.0,2351154.0,2351162.0,2351173.0,2351184.0,2351193.0,2351207.0,2351218.0,2351220.0,2351228.0,2351241.0,2351258.0,2351279.0,2351283.0,2351291.0,2351297.0,2351302.0,2351306.0,2351313.0,2351321.0,2351326.0,2351333.0,2351336.0,2351343.0,2351350.0,2351358
kvTHWI9ImUc,1421422.0,1422564.0,1423797.0,1424881.0,1426384.0,1427793.0,1429058.0,1430367.0,1431713.0,1432908.0,1434071.0,1435297.0,1436629.0,1438014.0,1439351.0,1440590.0,1441945.0,1443288.0,1444652.0,1446223.0,1447772.0,1449341.0,1450500.0,1451650.0,1452771.0,1453840.0,1455261.0,1456613.0,1457879.0,1459189.0,1460200.0,1461205.0,1462447.0,1463641.0,1464763.0,1466056.0,1467368.0,1468494.0,1469680.0,1470809.0,1472046.0,1473348.0,1474798.0,1476172.0,1477303.0,1478441.0,1479613.0,1480820.0,1482118.0,1483622.0,1485295.0,1486967.0,1488403.0,1489950.0,1491937.0,1493976.0,1496120.0,1498741.0,1500748.0,1501593.0,1502445.0,1503271.0,1504092.0,1504829.0,1505656.0,1506256.0,1506958.0,1507602.0,1508227.0,1508957.0,1509681.0,1510248.0,1510888.0,1511491.0,1512125.0,1512884.0,1513629.0,1514294.0,1515011.0,1515665.0,1516293.0,1517001.0,1517653.0,1518339.0,1519063.0,1519770.0,1520395.0,1521071.0,1521691.0,1522403.0,1523075.0,1523709.0,1524365.0,1525055.0,1525613.0,1526321.0,1526943.0,1527692.0,1528380.0,1529081.0,1529746.0,1530303.0,1531064.0,1531676.0,1532369.0,1532993.0,1533689.0,1534296.0,1534949.0,1535683.0,1536402.0,1537097.0,1537727.0,1538487.0,1539162.0,1539815.0,1540486.0,1541075.0,1541815.0,1542546.0,1543139.0,1543784.0,1544470.0,1545023.0,1545773.0,1546481.0,1547117.0,1547798.0,1548434.0,1549020.0,1549712.0,1550395.0,1551037.0,1551716.0,,,,,,,,,1557614.0,1558325.0,1559036.0,1559594.0,1560244.0,1560945.0,1561559.0,1562060.0,1562716.0,1563359.0,1564001.0,1564623.0,1565252.0,1565879.0,1566435.0,1567032.0,1567623.0,1568329.0,1569028.0,1569630.0,1570241.0,1570829.0,1571515.0,1572332.0,1573088.0,1573846.0,1574555.0,1575285.0,1575960.0,1576666.0,1577420.0,1578189.0,1579001.0,1579741.0,1580393.0,1581177.0,1581892.0,1582702.0,1583414.0,1584202.0,1585059.0,1585759.0,1586485.0,1587156.0,1587944.0,1588767.0,1589496.0,1590328.0,1590958.0,1591763.0,1592581.0,1593310.0,1594019.0,1594675.0,1595378.0,1596149.0,1596832.0,1597477.0,1598139.0,1598765.0,1599477.0,1600122.0,1600753.0,1601422.0,1601993.0,1602670.0,1603339.0,1603935.0,1604422.0,1604898.0,1605503.0,1606032.0,1606753.0,1607374.0,1608187.0,1608886.0,1609504.0,1610156.0,1610792.0,1611417.0,1612164.0,1612830.0,1613615.0,1614318.0,1615050.0,1615792.0,1616485.0,1617247.0,1617890.0,1618660.0,1619328.0,1620002.0,1620661.0,1621363.0,1622001.0,1622792.0,1623568.0,1624258.0,1624812.0,1625494.0,1626247.0,1626863.0,1627592.0,1628215.0,1628882.0,1629481.0,1630028.0,1630683.0,1631203.0,1631826.0,1632419.0,1633023.0,1633523.0,1634074.0,1634671.0,1635152.0,1635807.0,1636396.0,1636969.0,1637527.0,1638072.0,,1639367.0,1639846.0,1640465.0,1641054.0,1641600.0,1642139.0,1642635.0,1643122.0,1643642.0,1644143.0,1644649.0,1645097.0,1645642.0,1646106.0,1646542.0,1647019.0,1647591.0,1648126.0,1648577.0,1649000.0,1649519.0,1650043.0,1650613.0,1651113.0,1651565.0,1652012.0,1652444.0,1652865.0,1653361.0,1653883.0,1654409.0,1654959.0,1655357.0,1655822.0,1656323.0,1656760.0,1657353.0,1657872.0,1658354.0,1658908.0,1659428.0,1659963.0,1660612.0,1661177.0,1661712.0,1662395.0,1662880.0,1663535.0,1664247.0,1664851.0,1665494.0,1666097.0,1666652.0,1667224.0,1667782.0,1668302.0,1668985.0,1669580.0,1670090.0,1670613.0,1671160.0,1671746.0,1672320.0,1672761.0,1673344.0,1673779.0,1674280.0,1674787.0,1675244.0,1675705.0,1676180.0,1676625.0,1677111.0,1677612.0,1678045.0,1678471.0,1678935.0,1679435.0,1679955.0,1680489.0,1680911.0,1681331.0,1681778.0,1682219.0,1682629.0,1683060.0,1683512.0,1683970.0,1684396.0,1684781.0,1685206.0,1685697.0,1686186.0,1686645.0,1687123.0,1687657.0,1688166.0,1688671.0,1689208.0,1689782.0,1690404.0,1691008.0,1691592.0,1692052.0,1692652.0,1693249.0,1693737.0,1694198.0,1694778.0,1695226.0,1695706.0,1696248.0,1696879.0,1697498
9D5aEWiFBuQ,471504.0,471803.0,472105.0,472369.0,472676.0,473014.0,473335.0,473679.0,474035.0,474236.0,474485.0,474747.0,475023.0,475363.0,475676.0,475966.0,476205.0,476438.0,476751.0,477079.0,477424.0,477730.0,478099.0,478363.0,478601.0,478881.0,479258.0,479549.0,479904.0,480226.0,480457.0,480647.0,480967.0,481286.0,481628.0,482035.0,482537.0,482926.0,484171.0,484742.0,485287.0,485708.0,486165.0,486569.0,486934.0,487259.0,487573.0,487980.0,488444.0,488864.0,489279.0,489568.0,489890.0,490328.0,490692.0,491143.0,491562.0,491884.0,492196.0,492463.0,492787.0,493192.0,493572.0,493931.0,494291.0,494656.0,494882.0,495254.0,495563.0,495924.0,496204.0,496538.0,496794.0,497079.0,497361.0,497685.0,498114.0,498493.0,498885.0,499153.0,499423.0,499721.0,500044.0,500417.0,500712.0,501086.0,501397.0,501604.0,501952.0,502261.0,502639.0,502911.0,503240.0,503493.0,503711.0,503977.0,504305.0,504572.0,504845.0,505108.0,505321.0,505561.0,505889.0,506209.0,506488.0,506801.0,507070.0,507320.0,507508.0,507773.0,508108.0,508457.0,508789.0,509099.0,509400.0,509657.0,509959.0,510271.0,510290.0,510290.0,510290.0,510290.0,510290.0,510290.0,510290.0,510290.0,510290.0,510290.0,510290.0,510290.0,510291.0,510291.0,510291.0,510291.0,,,,,,,,,510291.0,510291.0,510291.0,510291.0,510291.0,510291.0,510291.0,510291.0,510291.0,510291.0,510291.0,510291.0,510291.0,510291.0,510291.0,510291.0,510291.0,510291.0,510291.0,510291.0,510291.0,510291.0,510291.0,510291.0,510291.0,510291.0,510291.0,510291.0,510291.0,510291.0,510291.0,510291.0,510291.0,510291.0,510291.0,510291.0,510291.0,510291.0,510291.0,510291.0,510291.0,510291.0,510291.0,510291.0,510291.0,510291.0,510291.0,510291.0,510291.0,510291.0,510291.0,510291.0,510291.0,510291.0,510291.0,510291.0,510291.0,510291.0,510291.0,510291.0,510291.0,510291.0,510291.0,510291.0,510291.0,510291.0,510291.0,510291.0,510291.0,510291.0,510291.0,510291.0,510291.0,510291.0,510291.0,510291.0,510291.0,510291.0,510291.0,510291.0,510291.0,510291.0,510291.0,510291.0,510291.0,510291.0,510291.0,510291.0,510291.0,510291.0,510291.0,510291.0,510291.0,510291.0,510291.0,510291.0,510291.0,510291.0,510291.0,510291.0,510291.0,510291.0,510291.0,510291.0,510291.0,510291.0,510291.0,510291.0,510291.0,510291.0,510291.0,510291.0,510291.0,510291.0,510291.0,510291.0,510291.0,510291.0,510291.0,510291.0,510291.0,,510291.0,510291.0,510291.0,510291.0,510291.0,510291.0,510291.0,510291.0,510291.0,510291.0,510291.0,510291.0,510291.0,510291.0,510291.0,510291.0,510291.0,510291.0,510291.0,510291.0,510291.0,510291.0,510291.0,510291.0,510291.0,510291.0,510291.0,510291.0,510291.0,510291.0,510291.0,510291.0,510291.0,510291.0,510291.0,510291.0,510291.0,510291.0,510291.0,510291.0,510291.0,510291.0,510291.0,510291.0,510291.0,510291.0,510291.0,510291.0,510291.0,510291.0,510291.0,510291.0,510291.0,510291.0,510291.0,510291.0,510291.0,510291.0,510291.0,510291.0,510291.0,510291.0,510291.0,510291.0,510291.0,510291.0,510291.0,510291.0,510291.0,510291.0,510291.0,510291.0,510291.0,510291.0,510291.0,510291.0,510291.0,510291.0,510291.0,510291.0,510291.0,510291.0,510291.0,510291.0,510291.0,510291.0,510291.0,510291.0,510291.0,510291.0,510291.0,510291.0,510291.0,510291.0,510291.0,510291.0,510291.0,510291.0,510291.0,510291.0,510291.0,510291.0,510291.0,510291.0,510291.0,510291.0,510291.0,510291.0,510291.0,510291.0,510291.0,510291.0,510291.0,510291
B6ghvaw1wQw,2615706.0,2615747.0,2615810.0,2615852.0,2615908.0,2615959.0,2616002.0,2616057.0,2616126.0,2616178.0,2616234.0,2616288.0,2616337.0,2616395.0,2616455.0,2616519.0,2616577.0,2616630.0,2616687.0,2616734.0,2616786.0,2616852.0,2616912.0,2616965.0,2617015.0,2617060.0,2617122.0,2617178.0,2617239.0,2617298.0,2617344.0,2617381.0,2617432.0,2617480.0,2617554.0,2617593.0,2617639.0,2617681.0,2617714.0,2617768.0,2617821.0,2617874.0,2617921.0,2617969.0,2618011.0,2618042.0,2618088.0,2618150.0,2618198.0,2618246.0,2618304.0,2618353.0,2618388.0,2618438.0,2618490.0,2618539.0,2618586.0,2618644.0,2618683.0,2618721.0,2618759.0,2618788.0,2618826.0,2618883.0,2618921.0,2618954.0,2618985.0,2619015.0,2619065.0,2619120.0,2619161.0,2619217.0,2619266.0,2619303.0,2619342.0,2619392.0,2619441.0,2619491.0,2619535.0,2619577.0,2619607.0,2619642.0,2619683.0,2619740.0,2619776.0,2619814.0,2619850.0,2619876.0,2619918.0,2619961.0,2619991.0,2620033.0,2620066.0,2620106.0,2620143.0,2620170.0,2620208.0,2620245.0,2620294.0,2620323.0,2620348.0,2620381.0,2620406.0,2620436.0,2620471.0,2620515.0,2620547.0,2620575.0,2620596.0,2620621.0,2620648.0,2620682.0,2620701.0,2620733.0,2620752.0,2620829.0,2620859.0,2620895.0,2620926.0,2620966.0,2620994.0,2621012.0,2621047.0,2621070.0,2621110.0,2621151.0,2621182.0,2621207.0,2621235.0,2621262.0,2621292.0,2621322.0,2621357.0,2621388.0,,,,,,,,,2621640.0,2621659.0,2621694.0,2621711.0,2621752.0,2621772.0,2621795.0,2621811.0,2621826.0,2621848.0,2621866.0,2621888.0,2621911.0,2621940.0,2621969.0,2621989.0,2622010.0,2622037.0,2622070.0,2622096.0,2622119.0,2622147.0,2622173.0,2622211.0,2622234.0,2622261.0,2622299.0,2622324.0,2622352.0,2622374.0,2622414.0,2622451.0,2622490.0,2622528.0,2622567.0,2622586.0,2622604.0,2622630.0,2622652.0,2622688.0,2622707.0,2622738.0,2622780.0,2622810.0,2622839.0,2622860.0,2622895.0,2622921.0,2622947.0,2622974.0,2622994.0,2623017.0,2623052.0,2623075.0,2623100.0,2623116.0,2623143.0,2623165.0,2623204.0,2623228.0,2623238.0,2623253.0,2623273.0,2623292.0,2623316.0,2623330.0,2623353.0,2623375.0,2623392.0,2623421.0,2623439.0,2623460.0,2623488.0,2623517.0,2623545.0,2623569.0,2623588.0,2623613.0,2623629.0,2623649.0,2623681.0,2623704.0,2623730.0,2623741.0,2623771.0,2623806.0,2623840.0,2623873.0,2623903.0,2623930.0,2623958.0,2623985.0,2624012.0,2624034.0,2624062.0,2624094.0,2624116.0,2624142.0,2624167.0,2624182.0,2624206.0,2624226.0,2624248.0,2624278.0,2624313.0,2624328.0,2624367.0,2624389.0,2624426.0,2624462.0,2624493.0,2624524.0,2624545.0,2624572.0,2624605.0,2624637.0,2624665.0,2624713.0,2624750.0,2624795.0,2624822.0,,2624874.0,2624894.0,2624929.0,2624958.0,2624976.0,2624996.0,2625017.0,2625033.0,2625056.0,2625080.0,2625106.0,2625142.0,2625168.0,2625196.0,2625211.0,2625229.0,2625243.0,2625266.0,2625288.0,2625294.0,2625317.0,2625328.0,2625350.0,2625379.0,2625396.0,2625409.0,2625426.0,2625444.0,2625462.0,2625479.0,2625503.0,2625525.0,2625546.0,2625574.0,2625596.0,2625611.0,2625632.0,2625656.0,2625669.0,2625686.0,2625722.0,2625734.0,2625747.0,2625768.0,2625799.0,2625816.0,2625829.0,2625849.0,2625877.0,2625900.0,2625914.0,2625932.0,2625946.0,2625958.0,2625975.0,2625990.0,2626007.0,2626028.0,2626055.0,2626076.0,2626086.0,2626113.0,2626124.0,2626140.0,2626155.0,2626168.0,2626180.0,2626189.0,2626191.0,2626202.0,2626216.0,2626229.0,2626246.0,2626259.0,2626279.0,2626299.0,2626320.0,2626341.0,2626362.0,2626394.0,2626422.0,2626436.0,2626453.0,2626465.0,2626484.0,2626499.0,2626520.0,2626535.0,2626548.0,2626564.0,2626579.0,2626591.0,2626604.0,2626625.0,2626651.0,2626674.0,2626685.0,2626704.0,2626723.0,2626737.0,2626746.0,2626791.0,2626815.0,2626827.0,2626833.0,2626849.0,2626865.0,2626874.0,2626898.0,2626913.0,2626924.0,2626942.0,2626957.0,2626970
38RKVkz9EM0,3415556.0,3415645.0,3415762.0,3415844.0,3415957.0,3416077.0,3416189.0,3416292.0,3416389.0,3416530.0,3416613.0,3416722.0,3416814.0,3416907.0,3416998.0,3417094.0,3417226.0,3417322.0,3417406.0,3417498.0,3417610.0,3417720.0,3417848.0,3417981.0,3418075.0,3418170.0,3418278.0,3418360.0,3418496.0,3418592.0,3418701.0,3418773.0,3418853.0,3418925.0,3419026.0,3419144.0,3419272.0,3419378.0,3419466.0,3419536.0,3419657.0,3419744.0,3419826.0,3419925.0,3420000.0,3420080.0,3420182.0,3420299.0,3420397.0,3420508.0,3420623.0,3420708.0,3420757.0,3420825.0,3420929.0,3421004.0,3421099.0,3421179.0,3421245.0,3421326.0,3421418.0,3421497.0,3421594.0,3421684.0,3421784.0,3421873.0,3421950.0,3422017.0,3422096.0,3422187.0,3422239.0,3422317.0,3422382.0,3422430.0,3422498.0,3422575.0,3422661.0,3422724.0,3422806.0,3422877.0,3422951.0,3423036.0,3423121.0,3423234.0,3423306.0,3423400.0,3423459.0,3423545.0,3423625.0,3423709.0,3423785.0,3423872.0,3423938.0,3424016.0,3424101.0,3424170.0,3424249.0,3424337.0,3424391.0,3424472.0,3424559.0,3424643.0,3424730.0,3424851.0,3424928.0,3425020.0,3425097.0,3425171.0,3425233.0,3425301.0,3425368.0,3425457.0,3425537.0,3425596.0,3425659.0,3425734.0,3425790.0,3425856.0,3425937.0,3426007.0,3426066.0,3426148.0,3426212.0,3426283.0,3426370.0,3426459.0,3426554.0,3426626.0,3426695.0,3426736.0,3426807.0,3426874.0,3426951.0,3427025.0,,,,,,,,,3427553.0,3427607.0,3427684.0,3427738.0,3427804.0,3427861.0,3427903.0,3427967.0,3428035.0,3428068.0,3428114.0,3428155.0,3428216.0,3428288.0,3428346.0,3428385.0,3428454.0,3428523.0,3428589.0,3428674.0,3428727.0,3428791.0,3428858.0,3428919.0,3428967.0,3429053.0,3429124.0,3429180.0,3429263.0,3429320.0,3429388.0,3429470.0,3429532.0,3429601.0,3429644.0,3429703.0,3429742.0,3429789.0,3429842.0,3429912.0,3429966.0,3430015.0,3430071.0,3430129.0,3430178.0,3430237.0,3430324.0,3430391.0,3430432.0,3430487.0,3430546.0,3430585.0,3430642.0,3430699.0,3430747.0,3430807.0,3430864.0,3430905.0,3430961.0,3431017.0,3431065.0,3431112.0,3431169.0,3431218.0,3431259.0,3431320.0,3431365.0,3431415.0,3431462.0,3431506.0,3431568.0,3431619.0,3431674.0,3431753.0,3431804.0,3431866.0,3431909.0,3431986.0,3432034.0,3432072.0,3432127.0,3432189.0,3432245.0,3432329.0,3432378.0,3432438.0,3432520.0,3432595.0,3432654.0,3432704.0,3432756.0,3432824.0,3432881.0,3432946.0,3433014.0,3433086.0,3433153.0,3433214.0,3433267.0,3433325.0,3433391.0,3433463.0,3433541.0,3433586.0,3433649.0,3433722.0,3433781.0,3433842.0,3433902.0,3433945.0,3433997.0,3434066.0,3434115.0,3434177.0,3434235.0,3434281.0,3434333.0,3434395.0,3434459.0,3434534.0,3434607.0,,3434714.0,3434779.0,3434829.0,3434893.0,3434936.0,3434994.0,3435046.0,3435105.0,3435179.0,3435228.0,3435275.0,3435326.0,3435368.0,3435408.0,3435452.0,3435502.0,3435558.0,3435612.0,3435644.0,3435683.0,3435726.0,3435776.0,3435836.0,3435880.0,3435942.0,3435975.0,3436032.0,3436077.0,3436133.0,3436177.0,3436230.0,3436296.0,3436376.0,3436424.0,3436475.0,3436522.0,3436571.0,3436618.0,3436658.0,3436701.0,3436747.0,3436790.0,3436839.0,3436882.0,3436926.0,3436972.0,3437030.0,3437090.0,3437157.0,3437196.0,3437257.0,3437307.0,3437352.0,3437394.0,3437456.0,3437510.0,3437590.0,3437642.0,3437707.0,3437762.0,3437805.0,3437867.0,3437913.0,3437970.0,3438015.0,3438060.0,3438099.0,3438140.0,3438176.0,3438210.0,3438252.0,3438282.0,3438341.0,3438378.0,3438419.0,3438476.0,3438525.0,3438572.0,3438625.0,3438679.0,3438728.0,3438761.0,3438807.0,3438856.0,3438890.0,3438956.0,3438993.0,3439038.0,3439082.0,3439125.0,3439163.0,3439214.0,3439255.0,3439301.0,3439356.0,3439414.0,3439466.0,3439526.0,3439596.0,3439646.0,3439696.0,3439745.0,3439792.0,3439835.0,3439880.0,3439914.0,3439948.0,3439985.0,3440046.0,3440081.0,3440128.0,3440161.0,3440199.0,3440249
nT00S-DEvVc,4341319.0,4341490.0,4341719.0,4341907.0,4342109.0,4342323.0,4342583.0,4342832.0,4343069.0,4343314.0,4343505.0,4343719.0,4343905.0,4344111.0,4344306.0,4344586.0,4344803.0,4345028.0,4345296.0,4345490.0,4345712.0,4345978.0,4346272.0,4346511.0,4346734.0,4346989.0,4347220.0,4347457.0,4347702.0,4347926.0,4348124.0,4348325.0,4348485.0,4348735.0,4348994.0,4349221.0,4349464.0,4349681.0,4349844.0,4350048.0,4350233.0,4350447.0,4350692.0,4350936.0,4351112.0,4351281.0,4351468.0,4351667.0,4351846.0,4352059.0,4352272.0,4352464.0,4352669.0,4352881.0,4353119.0,4353363.0,4353580.0,4353801.0,4353998.0,4354219.0,4354414.0,4354598.0,4354810.0,4355070.0,4355237.0,4355468.0,4355646.0,4355840.0,4356027.0,4356259.0,4356452.0,4356638.0,4356815.0,4356981.0,4357171.0,4357326.0,4357518.0,4357686.0,4357857.0,4358060.0,4358243.0,4358415.0,4358571.0,4358752.0,4358917.0,4359090.0,4359243.0,4359398.0,4359557.0,4359725.0,4359873.0,4360050.0,4360182.0,4360341.0,4360507.0,4360675.0,4360827.0,4361017.0,4361179.0,4361370.0,4361552.0,4361772.0,4361948.0,4362131.0,4362309.0,4362487.0,4362651.0,4362770.0,4362907.0,4363081.0,4363235.0,4363436.0,4363602.0,4363735.0,4363899.0,4364090.0,4364243.0,4364402.0,4364548.0,4364702.0,4364845.0,4365024.0,4365173.0,4365315.0,4365464.0,4365640.0,4365798.0,4365967.0,4366090.0,4366219.0,4366354.0,4366529.0,4366698.0,4366854.0,,,,,,,,,4368203.0,4368350.0,4368523.0,4368649.0,4368771.0,4368895.0,4369030.0,4369175.0,4369307.0,4369460.0,4369577.0,4369705.0,4369843.0,4369988.0,4370151.0,4370269.0,4370422.0,4370571.0,4370702.0,4370852.0,4370998.0,4371153.0,4371279.0,4371409.0,4371512.0,4371662.0,4371844.0,4371993.0,4372152.0,4372284.0,4372399.0,4372559.0,4372716.0,4372840.0,4372982.0,4373128.0,4373221.0,4373337.0,4373468.0,4373588.0,4373718.0,4373857.0,4373974.0,4374071.0,4374190.0,4374303.0,4374419.0,4374553.0,4374653.0,4374768.0,4374905.0,4375037.0,4375144.0,4375284.0,4375411.0,4375532.0,4375633.0,4375753.0,4375889.0,4376038.0,4376152.0,4376287.0,4376404.0,4376541.0,4376662.0,4376808.0,4376944.0,4377091.0,4377226.0,4377336.0,4377496.0,4377595.0,4377739.0,4377873.0,4378012.0,4378117.0,4378234.0,4378361.0,4378504.0,4378600.0,4378738.0,4378862.0,4378966.0,4379094.0,4379232.0,4379357.0,4379494.0,4379592.0,4379742.0,4379865.0,4379953.0,4380080.0,4380189.0,4380311.0,4380492.0,4380640.0,4380766.0,4380900.0,4381009.0,4381128.0,4381243.0,4381373.0,4381522.0,4381644.0,4381779.0,4381890.0,4382042.0,4382159.0,4382302.0,4382408.0,4382554.0,4382721.0,4382875.0,4383004.0,4383163.0,4383297.0,4383421.0,4383599.0,4383788.0,4383990.0,4384148.0,,4384494.0,4384651.0,4384826.0,4384986.0,4385175.0,4385371.0,4385563.0,4385761.0,4385912.0,4386075.0,4386232.0,4386426.0,4386572.0,4386711.0,4386851.0,4386993.0,4387176.0,4387343.0,4387491.0,4387626.0,4387741.0,4387895.0,4388010.0,4388153.0,4388342.0,4388489.0,4388627.0,4388778.0,4388920.0,4389070.0,4389233.0,4389394.0,4389518.0,4389653.0,4389782.0,4389917.0,4390056.0,4390172.0,4390295.0,4390385.0,4390498.0,4390585.0,4390696.0,4390829.0,4390944.0,4391044.0,4391170.0,4391300.0,4391430.0,4391544.0,4391667.0,4391801.0,4391952.0,4392088.0,4392231.0,4392367.0,4392517.0,4392663.0,4392794.0,4392955.0,4393087.0,4393197.0,4393304.0,4393423.0,4393542.0,4393676.0,4393817.0,4393910.0,4394016.0,4394113.0,4394233.0,4394338.0,4394453.0,4394546.0,4394711.0,4394868.0,4395015.0,4395119.0,4395229.0,4395362.0,4395509.0,4395638.0,4395759.0,4395881.0,4396043.0,4396143.0,4396278.0,4396394.0,4396496.0,4396622.0,4396731.0,4396870.0,4397004.0,4397126.0,4397227.0,4397372.0,4397493.0,4397632.0,4397804.0,4397945.0,4398088.0,4398227.0,4398348.0,4398479.0,4398589.0,4398685.0,4398793.0,4398890.0,4399016.0,4399107.0,4399237.0,4399325.0,4399438.0,4399551
_jRpmfAqtL0,92345.0,92399.0,92438.0,92477.0,92530.0,92575.0,92635.0,92678.0,92733.0,92792.0,92834.0,92883.0,92918.0,92956.0,92998.0,93059.0,93107.0,93137.0,93192.0,93234.0,93275.0,93320.0,93351.0,93384.0,93416.0,93449.0,93508.0,93553.0,93597.0,93650.0,93685.0,93717.0,93748.0,93799.0,93838.0,93880.0,93922.0,93976.0,94006.0,94057.0,94118.0,94190.0,94238.0,94289.0,94344.0,94384.0,94442.0,94485.0,94530.0,94563.0,94602.0,94654.0,94684.0,94715.0,94753.0,94791.0,94832.0,94869.0,94902.0,94932.0,94962.0,94997.0,95032.0,95079.0,95122.0,95154.0,95179.0,95212.0,95242.0,95284.0,95320.0,95352.0,95387.0,95418.0,95460.0,95502.0,95536.0,95553.0,95594.0,95632.0,95654.0,95683.0,95723.0,95756.0,95780.0,95821.0,95857.0,95889.0,95926.0,95974.0,96020.0,96074.0,96129.0,96165.0,96194.0,96232.0,96272.0,96321.0,96363.0,96412.0,96466.0,96515.0,96561.0,96612.0,96666.0,96706.0,96745.0,96788.0,96820.0,96836.0,96881.0,96922.0,96969.0,97021.0,97068.0,97100.0,97156.0,97191.0,97236.0,97265.0,97292.0,97332.0,97351.0,97400.0,97440.0,97475.0,97510.0,97561.0,97593.0,97624.0,97664.0,97703.0,97750.0,97797.0,,,,,,,,,98188.0,98225.0,98285.0,98329.0,98409.0,98452.0,98509.0,98576.0,98656.0,98766.0,98886.0,99020.0,99162.0,99291.0,99407.0,99510.0,99641.0,99741.0,99876.0,99977.0,100031.0,100081.0,100144.0,100204.0,100271.0,100330.0,100405.0,100463.0,100524.0,100563.0,100612.0,100673.0,100752.0,100821.0,100881.0,100952.0,101018.0,101096.0,101168.0,101247.0,101329.0,101400.0,101457.0,101517.0,101598.0,101654.0,101722.0,101785.0,101861.0,101900.0,101935.0,101976.0,102020.0,102073.0,102121.0,102169.0,102223.0,102279.0,102334.0,102418.0,102462.0,102515.0,102561.0,102609.0,102662.0,102703.0,102744.0,102787.0,102816.0,102861.0,102886.0,102924.0,102950.0,102999.0,103059.0,103123.0,103176.0,103222.0,103263.0,103309.0,103354.0,103394.0,103422.0,103469.0,103518.0,103561.0,103609.0,103650.0,103707.0,103773.0,103815.0,103871.0,103895.0,103946.0,103988.0,104047.0,104091.0,104137.0,104173.0,104209.0,104257.0,104289.0,104334.0,104364.0,104402.0,104435.0,104453.0,104493.0,104555.0,104601.0,104648.0,104683.0,104747.0,104789.0,104826.0,104873.0,104896.0,104933.0,104959.0,104996.0,105020.0,,105067.0,105090.0,105129.0,105167.0,105211.0,105240.0,105271.0,105313.0,105339.0,105366.0,105410.0,105450.0,105468.0,105499.0,105544.0,105591.0,105623.0,105661.0,105682.0,105711.0,105736.0,105777.0,105803.0,105828.0,105852.0,105883.0,105905.0,105926.0,105955.0,105983.0,106006.0,106027.0,106049.0,106064.0,106083.0,106110.0,106123.0,106133.0,106155.0,106171.0,106202.0,106226.0,106244.0,106272.0,106291.0,106324.0,106370.0,106401.0,106436.0,106503.0,106561.0,106607.0,106630.0,106667.0,106712.0,106743.0,106793.0,106829.0,106870.0,106904.0,106950.0,106983.0,107014.0,107040.0,107097.0,107180.0,107265.0,107290.0,107331.0,107375.0,107479.0,107570.0,107647.0,107716.0,107772.0,107832.0,107897.0,107972.0,108053.0,108118.0,108184.0,108250.0,108292.0,108322.0,108350.0,108370.0,108397.0,108422.0,108452.0,108473.0,108499.0,108533.0,108549.0,108595.0,108629.0,108649.0,108674.0,108700.0,108726.0,108745.0,108772.0,108800.0,108815.0,108842.0,108859.0,108887.0,108912.0,108932.0,108961.0,108989.0,109003.0,109023.0,109046.0,109074
7HDeem-JaSY,397958899.0,398090096.0,398249132.0,398410222.0,398554370.0,398692956.0,398835336.0,398983528.0,399130814.0,399283724.0,399428512.0,399558905.0,399700580.0,399847190.0,400004862.0,400170177.0,400347649.0,400512478.0,400659262.0,400805957.0,400954953.0,401095259.0,401226205.0,401390067.0,401558939.0,401716230.0,401869377.0,402027281.0,402177593.0,402330082.0,402486469.0,402633815.0,402775733.0,402926114.0,403077668.0,403225444.0,403380555.0,403547244.0,403721661.0,403879693.0,404035786.0,404196763.0,404349756.0,404503467.0,404661632.0,404817622.0,404960451.0,405128714.0,405301229.0,405489587.0,405670232.0,405836869.0,405991572.0,406144957.0,406335201.0,406538849.0,406728223.0,406884203.0,407042781.0,407191463.0,407336140.0,407486732.0,407632245.0,407808548.0,408009746.0,408178181.0,408331236.0,408472423.0,408593068.0,408759340.0,408902486.0,409054274.0,409214059.0,409360909.0,409504559.0,409645700.0,409782136.0,409922225.0,410068268.0,410215617.0,410364121.0,410494991.0,410625745.0,410757317.0,410887553.0,411024193.0,411172532.0,411319467.0,411449467.0,411567107.0,411689846.0,411810043.0,411944595.0,412097608.0,412254493.0,412370428.0,412479821.0,412599746.0,412720594.0,412843356.0,412983384.0,413123347.0,413243487.0,413352466.0,413463126.0,413572159.0,413686167.0,413815039.0,413949655.0,414065709.0,414176503.0,414285603.0,414394926.0,414505454.0,414640276.0,414779640.0,414897628.0,415007611.0,415117153.0,415225141.0,415345493.0,415474847.0,415611143.0,415728050.0,415843522.0,415957668.0,416072716.0,416197725.0,416334837.0,416464847.0,416580178.0,416685947.0,416796126.0,416898131.0,,,,,,,,,417933473.0,418073819.0,418193011.0,418317075.0,418461368.0,418630912.0,418798506.0,418988381.0,419310565.0,419471229.0,419716082.0,419979206.0,420154309.0,420351418.0,420410220.0,420619234.0,420783974.0,420938306.0,421050500.0,421167975.0,421269711.0,421468654.0,421576264.0,421780053.0,421809686.0,421898269.0,421890016.0,422075357.0,422191940.0,422407120.0,422499445.0,422614297.0,422598333.0,422692342.0,422695148.0,422811391.0,422925877.0,423021964.0,423119842.0,423216427.0,423311505.0,423410217.0,423518205.0,423626603.0,423722752.0,423816878.0,423914641.0,424016961.0,424121117.0,424235357.0,424347203.0,424444693.0,424544045.0,424652043.0,424760280.0,424873552.0,425001050.0,425124962.0,425234668.0,425355572.0,425476207.0,425596905.0,425700985.0,425818793.0,425930971.0,426039799.0,426151454.0,426267670.0,426388831.0,426486031.0,426599511.0,426710480.0,426816840.0,426927655.0,427050405.0,427174262.0,427304889.0,427440547.0,427569517.0,427684142.0,427796222.0,427910226.0,428038645.0,428167746.0,428305498.0,428442535.0,428552731.0,428664852.0,428778525.0,428893263.0,429009485.0,429138360.0,429267713.0,429380859.0,429494483.0,429615048.0,429734462.0,429852257.0,429982979.0,430105774.0,430217364.0,430321896.0,430430051.0,430539951.0,430649662.0,430766448.0,430883251.0,430982306.0,431082572.0,431182813.0,431286163.0,431396384.0,431524167.0,431652792.0,431765605.0,431875117.0,431980611.0,432086251.0,432199430.0,432320231.0,432442824.0,,432647796.0,432749801.0,432854445.0,432971313.0,433098324.0,433215588.0,433318555.0,433412447.0,433508275.0,433605426.0,433706254.0,433814277.0,433924826.0,434030231.0,434133238.0,434238826.0,434342742.0,434448678.0,434571133.0,434699362.0,434813384.0,434923102.0,435033754.0,435149439.0,435267498.0,435390951.0,435517026.0,435630332.0,435742398.0,435859717.0,435982254.0,436106921.0,436258886.0,436408687.0,436536329.0,436661507.0,436780812.0,436907636.0,437039192.0,437168849.0,437301768.0,437418626.0,437535596.0,437644031.0,437758224.0,437873018.0,437998021.0,438127015.0,438234401.0,438333204.0,438433596.0,438538260.0,438642209.0,438756566.0,438872797.0,438974033.0,439070812.0,439171766.0,439273525.0,439371204.0,439477426.0,439584052.0,439677949.0,439768739.0,439859285.0,439947814.0,440045838.0,440153511.0,440260336.0,440353230.0,440443354.0,440532078.0,440619897.0,440709039.0,440816422.0,440923964.0,441019003.0,441116072.0,441215495.0,441319000.0,441430103.0,441549189.0,441668293.0,441771074.0,441868129.0,441966804.0,442069062.0,442176651.0,442299279.0,442421660.0,442535507.0,442639897.0,442746132.0,442851052.0,442960448.0,443087421.0,443210676.0,443316120.0,443419231.0,443526598.0,443636885.0,443754805.0,443886610.0,444013996.0,444130439.0,444240848.0,444354679.0,444468182.0,444588620.0,444719961.0,444849822.0,444964762.0,445075202.0,445188397
pCh3Kp6qxo8,26722330.0,26726684.0,26732279.0,26737455.0,26743550.0,26748935.0,26753978.0,26759127.0,26764795.0,26771063.0,26777470.0,26783021.0,26791222.0,26799148.0,26806936.0,26814266.0,26821846.0,26828530.0,26834768.0,26841898.0,26849544.0,26857822.0,26866448.0,26875167.0,26883796.0,26892521.0,26901257.0,26909488.0,26916972.0,26924374.0,26932348.0,26939736.0,26947247.0,26954377.0,26961408.0,26968046.0,26974514.0,26980980.0,26987628.0,26994170.0,27000534.0,27006286.0,27012735.0,27019234.0,27025718.0,27032789.0,27039900.0,27047023.0,27053592.0,27059495.0,27065306.0,27072071.0,27078923.0,27085599.0,27093975.0,27101041.0,27107242.0,27113264.0,27119304.0,27125940.0,27133062.0,27140008.0,27146819.0,27153060.0,27159122.0,27165345.0,27171152.0,27176499.0,27181022.0,27186918.0,27192366.0,27197845.0,27203670.0,27209362.0,27214944.0,27220312.0,27225798.0,27231159.0,27236588.0,27242206.0,27247766.0,27253021.0,27258020.0,27263299.0,27268592.0,27274178.0,27279740.0,27285184.0,27289925.0,27294774.0,27299648.0,27304391.0,27309447.0,27314936.0,27320314.0,27324746.0,27328764.0,27333194.0,27337654.0,27342373.0,27347773.0,27353630.0,27358939.0,27364122.0,27369385.0,27374608.0,27379076.0,27384273.0,27388787.0,27392976.0,27397043.0,27401607.0,27406022.0,27410319.0,27415098.0,27419798.0,27424224.0,27428179.0,27431940.0,27435765.0,27439852.0,27444271.0,27448926.0,27453468.0,27457559.0,27461661.0,27465484.0,27470458.0,27475281.0,27479690.0,27483718.0,27487519.0,27491338.0,27494857.0,,,,,,,,,27530261.0,27534380.0,27538259.0,27542152.0,27546009.0,27549951.0,27554293.0,27558858.0,27563954.0,27568700.0,27573555.0,27579254.0,27584275.0,27590219.0,27596154.0,27601670.0,27606745.0,27612273.0,27617434.0,27621433.0,27624997.0,27628983.0,27632613.0,27636255.0,27640049.0,27643702.0,27647957.0,27652177.0,27656314.0,27660370.0,27664033.0,27667816.0,27671670.0,27675317.0,27679207.0,27683191.0,27687463.0,27691331.0,27695288.0,27699308.0,27703357.0,27707176.0,27711599.0,27715631.0,27719866.0,27724025.0,27728232.0,27732355.0,27736675.0,27740892.0,27744655.0,27748356.0,27751795.0,27755449.0,27758841.0,27762284.0,27765771.0,27769178.0,27772401.0,27776025.0,27779429.0,27782943.0,27786097.0,27789154.0,27792543.0,27795795.0,27799032.0,27802242.0,27805284.0,27808675.0,27811928.0,27815477.0,27818976.0,27822627.0,27826339.0,27830028.0,27834225.0,27838364.0,27842208.0,27845627.0,27848954.0,27851975.0,27855400.0,27859266.0,27863189.0,27867097.0,27870589.0,27874300.0,27877839.0,27881600.0,27885248.0,27889176.0,27893133.0,27897077.0,27901612.0,27906900.0,27911683.0,27916273.0,27920793.0,27925703.0,27930187.0,27934214.0,27938315.0,27942116.0,27945781.0,27949375.0,27953066.0,27956758.0,27960328.0,27964081.0,27967889.0,27971300.0,27975088.0,27978901.0,27982411.0,27985635.0,27988774.0,27992349.0,27996104.0,27999622.0,28003297.0,,28010433.0,28014053.0,28017656.0,28021554.0,28025603.0,28029490.0,28033192.0,28036616.0,28040096.0,28043680.0,28047262.0,28051248.0,28055026.0,28058419.0,28061780.0,28065526.0,28069368.0,28073139.0,28077363.0,28081276.0,28084842.0,28088299.0,28091794.0,28095373.0,28098845.0,28102628.0,28106045.0,28109350.0,28112678.0,28116183.0,28119708.0,28123041.0,28126579.0,28130256.0,28133716.0,28137252.0,28140879.0,28144652.0,28148825.0,28152583.0,28156053.0,28159788.0,28163206.0,28166602.0,28170230.0,28173971.0,28177796.0,28181488.0,28184828.0,28188302.0,28191820.0,28195476.0,28198988.0,28202583.0,28206060.0,28209353.0,28212833.0,28216661.0,28220145.0,28223681.0,28227203.0,28230615.0,28234152.0,28237395.0,28240610.0,28243845.0,28247279.0,28250355.0,28253450.0,28256574.0,28259347.0,28262077.0,28264754.0,28267469.0,28270484.0,28273757.0,28276803.0,28280059.0,28283413.0,28286757.0,28290083.0,28293603.0,28296866.0,28300040.0,28303257.0,28306526.0,28309926.0,28313476.0,28317004.0,28320559.0,28323645.0,28326876.0,28329876.0,28332908.0,28335921.0,28339492.0,28342783.0,28346074.0,28349034.0,28351951.0,28354907.0,28358254.0,28361671.0,28364993.0,28368093.0,28371352.0,28374596.0,28377904.0,28381124.0,28384490.0,28387572.0,28391548.0,28394823.0,28398003
pCh3Kp6qxo8,26722330.0,26726684.0,26732279.0,26737455.0,26743550.0,26748935.0,26753978.0,26759127.0,26764795.0,26771063.0,26777470.0,26783021.0,26791222.0,26799148.0,26806936.0,26814266.0,26821846.0,26828530.0,26834768.0,26841898.0,26849544.0,26857822.0,26866448.0,26875167.0,26883796.0,26892521.0,26901257.0,26909488.0,26916972.0,26924374.0,26932348.0,26939736.0,26947247.0,26954377.0,26961408.0,26968046.0,26974514.0,26980980.0,26987628.0,26994170.0,27000534.0,27006286.0,27012735.0,27019234.0,27025718.0,27032789.0,27039900.0,27047023.0,27053592.0,27059495.0,27065306.0,27072071.0,27078923.0,27085599.0,27093975.0,27101041.0,27107242.0,27113264.0,27119304.0,27125940.0,27133062.0,27140008.0,27146819.0,27153060.0,27159122.0,27165345.0,27171152.0,27176499.0,27181022.0,27186918.0,27192366.0,27197845.0,27203670.0,27209362.0,27214944.0,27220312.0,27225798.0,27231159.0,27236588.0,27242206.0,27247766.0,27253021.0,27258020.0,27263299.0,27268592.0,27274178.0,27279740.0,27285184.0,27289925.0,27294774.0,27299648.0,27304391.0,27309447.0,27314936.0,27320314.0,27324746.0,27328764.0,27333194.0,27337654.0,27342373.0,27347773.0,27353630.0,27358939.0,27364122.0,27369385.0,27374608.0,27379076.0,27384273.0,27388787.0,27392976.0,27397043.0,27401607.0,27406022.0,27410319.0,27415098.0,27419798.0,27424224.0,27428179.0,27431940.0,27435765.0,27439852.0,27444271.0,27448926.0,27453468.0,27457559.0,27461661.0,27465484.0,27470458.0,27475281.0,27479690.0,27483718.0,27487519.0,27491338.0,27494857.0,,,,,,,,,27530261.0,27534380.0,27538259.0,27542152.0,27546009.0,27549951.0,27554293.0,27558858.0,27563954.0,27568700.0,27573555.0,27579254.0,27584275.0,27590219.0,27596154.0,27601670.0,27606745.0,27612273.0,27617434.0,27621433.0,27624997.0,27628983.0,27632613.0,27636255.0,27640049.0,27643702.0,27647957.0,27652177.0,27656314.0,27660370.0,27664033.0,27667816.0,27671670.0,27675317.0,27679207.0,27683191.0,27687463.0,27691331.0,27695288.0,27699308.0,27703357.0,27707176.0,27711599.0,27715631.0,27719866.0,27724025.0,27728232.0,27732355.0,27736675.0,27740892.0,27744655.0,27748356.0,27751795.0,27755449.0,27758841.0,27762284.0,27765771.0,27769178.0,27772401.0,27776025.0,27779429.0,27782943.0,27786097.0,27789154.0,27792543.0,27795765.0,27799032.0,27802242.0,27805284.0,27808675.0,27811928.0,27815477.0,27818976.0,27822627.0,27826339.0,27830028.0,27834225.0,27838364.0,27842208.0,27845627.0,27848954.0,27851975.0,27855400.0,27859266.0,27863189.0,27867097.0,27870589.0,27874300.0,27877839.0,27881600.0,27885248.0,27889176.0,27893133.0,27897077.0,27901612.0,27906900.0,27911683.0,27916273.0,27920793.0,27925703.0,27930187.0,27934214.0,27938315.0,27942116.0,27945781.0,27949375.0,27953066.0,27956758.0,27960328.0,27964081.0,27967889.0,27971300.0,27975088.0,27978901.0,27982411.0,27985635.0,27988774.0,27992349.0,27996104.0,27999622.0,28003297.0,,28010433.0,28014053.0,28017656.0,28021554.0,28025603.0,28029490.0,28033192.0,28036616.0,28040096.0,28043680.0,28047262.0,28051248.0,28055026.0,28058419.0,28061780.0,28065526.0,28069368.0,28073139.0,28077363.0,28081276.0,28084842.0,28088299.0,28091794.0,28095373.0,28098845.0,28102628.0,28106045.0,28109350.0,28112678.0,28116183.0,28119708.0,28123041.0,28126579.0,28130256.0,28133716.0,28137252.0,28140879.0,28144652.0,28148825.0,28152583.0,28156053.0,28159788.0,28163206.0,28166602.0,28170230.0,28173971.0,28177796.0,28181488.0,28184828.0,28188302.0,28191820.0,28195476.0,28198988.0,28202583.0,28206060.0,28209353.0,28212833.0,28216661.0,28220145.0,28223681.0,28227203.0,28230615.0,28234152.0,28237395.0,28240610.0,28243845.0,28247279.0,28250355.0,28253450.0,28256574.0,28259347.0,28262077.0,28264754.0,28267469.0,28270484.0,28273757.0,28276803.0,28280059.0,28283413.0,28286757.0,28290083.0,28293603.0,28296866.0,28300040.0,28303257.0,28306526.0,28309926.0,28313476.0,28317004.0,28320559.0,28323645.0,28326876.0,28329876.0,28332908.0,28335921.0,28339492.0,28342783.0,28346074.0,28349034.0,28351951.0,28354907.0,28358254.0,28361671.0,28364993.0,28368093.0,28371352.0,28374596.0,28377904.0,28381124.0,28384490.0,28387572.0,28391548.0,28394823.0,28398003
ilQYvZd-drs,145175.0,145175.0,145176.0,145178.0,145184.0,145187.0,145191.0,145192.0,145193.0,145195.0,145196.0,145199.0,145204.0,145204.0,145207.0,145208.0,145209.0,145209.0,145212.0,145213.0,145214.0,145217.0,145218.0,145224.0,145229.0,145232.0,145232.0,145234.0,145235.0,145236.0,145238.0,145242.0,145249.0,145249.0,145252.0,145254.0,145254.0,145254.0,145257.0,145257.0,145257.0,145261.0,145263.0,145264.0,145266.0,145269.0,145280.0,145284.0,145289.0,145290.0,145289.0,145295.0,145298.0,145302.0,145308.0,145308.0,145309.0,145313.0,145319.0,145327.0,145382.0,145384.0,145385.0,145386.0,145389.0,145390.0,145391.0,145392.0,145394.0,145395.0,145397.0,145402.0,145402.0,145407.0,145410.0,145414.0,145418.0,145429.0,145434.0,145444.0,145445.0,145447.0,145447.0,145453.0,145457.0,145461.0,145461.0,145464.0,145469.0,145473.0,145475.0,145479.0,145482.0,145486.0,145492.0,145495.0,145500.0,145502.0,145503.0,145505.0,145509.0,145512.0,145513.0,145515.0,145521.0,145523.0,145526.0,145533.0,145533.0,145536.0,145536.0,145538.0,145546.0,145547.0,145554.0,145559.0,145559.0,145561.0,145563.0,145566.0,145570.0,145571.0,145573.0,145575.0,145577.0,145581.0,145588.0,145592.0,145594.0,145596.0,145596.0,145597.0,145597.0,145597.0,,,,,,,,,145625.0,145630.0,145634.0,145638.0,145640.0,145643.0,145645.0,145648.0,145651.0,145660.0,145662.0,145664.0,145672.0,145676.0,145677.0,145680.0,145690.0,145691.0,145696.0,145699.0,145702.0,145704.0,145710.0,145715.0,145718.0,145720.0,145721.0,145726.0,145734.0,145737.0,145743.0,145744.0,145746.0,145748.0,145748.0,145751.0,145752.0,145755.0,145757.0,145758.0,145759.0,145757.0,145762.0,145763.0,145765.0,145771.0,145775.0,145782.0,145784.0,145789.0,145791.0,145793.0,145793.0,145797.0,145802.0,145804.0,145805.0,145807.0,145808.0,145813.0,145814.0,145816.0,145818.0,145820.0,145822.0,145823.0,145825.0,145827.0,145833.0,145840.0,145845.0,145847.0,145847.0,145847.0,145851.0,145857.0,145861.0,145869.0,145875.0,145879.0,145881.0,145882.0,145888.0,145896.0,145897.0,145906.0,145913.0,145914.0,145916.0,145920.0,145923.0,145926.0,145932.0,145934.0,145941.0,145944.0,145951.0,145957.0,145964.0,145975.0,145981.0,145985.0,145994.0,145995.0,145999.0,146004.0,146008.0,146011.0,146014.0,146014.0,146021.0,146022.0,146024.0,146026.0,146026.0,146029.0,146029.0,146030.0,146031.0,146032.0,146033.0,,146039.0,146039.0,146041.0,146042.0,146045.0,146048.0,146049.0,146049.0,146050.0,146052.0,146052.0,146053.0,146053.0,146053.0,146053.0,146054.0,146054.0,146056.0,146056.0,146056.0,146057.0,146057.0,146057.0,146057.0,146057.0,146058.0,146059.0,146060.0,146061.0,146062.0,146063.0,146064.0,146071.0,146071.0,146073.0,146073.0,146074.0,146074.0,146074.0,146075.0,146076.0,146077.0,146078.0,146079.0,146082.0,146083.0,146084.0,146086.0,146089.0,146091.0,146091.0,146091.0,146095.0,146098.0,146099.0,146099.0,146099.0,146099.0,146100.0,146101.0,146102.0,146104.0,146106.0,146106.0,146106.0,146106.0,146107.0,146110.0,146112.0,146114.0,146114.0,146117.0,146117.0,146118.0,146118.0,146119.0,146120.0,146120.0,146120.0,146121.0,146121.0,146121.0,146128.0,146132.0,146132.0,146132.0,146134.0,146135.0,146138.0,146147.0,146147.0,146147.0,146148.0,146148.0,146151.0,146153.0,146153.0,146153.0,146155.0,146155.0,146156.0,146159.0,146161.0,146162.0,146162.0,146163.0,146164.0,146165.0,146166.0,146166.0,146168.0,146172.0,146173.0,146174
hoia5c-OaS0,6297.0,6297.0,6297.0,6298.0,6298.0,6298.0,6298.0,6300.0,6300.0,6301.0,6301.0,6301.0,6301.0,6301.0,6304.0,6306.0,6306.0,6307.0,6307.0,6307.0,6307.0,6309.0,6309.0,6310.0,6310.0,6310.0,6310.0,6310.0,6310.0,6310.0,6311.0,6313.0,6314.0,6314.0,6314.0,6314.0,6314.0,6314.0,6316.0,6316.0,6317.0,6317.0,6318.0,6318.0,6318.0,6318.0,6319.0,6319.0,6318.0,6318.0,6318.0,6320.0,6321.0,6322.0,6323.0,6323.0,6323.0,6323.0,6323.0,6324.0,6325.0,6325.0,6326.0,6327.0,6327.0,6329.0,6329.0,6331.0,6331.0,6332.0,6333.0,6334.0,6336.0,6336.0,6337.0,6338.0,6338.0,6338.0,6340.0,6340.0,6342.0,6342.0,6342.0,6342.0,6343.0,6343.0,6345.0,6346.0,6346.0,6346.0,6346.0,6347.0,6349.0,6350.0,6350.0,6350.0,6350.0,6351.0,6351.0,6351.0,6351.0,6351.0,6351.0,6351.0,6351.0,6351.0,6351.0,6351.0,6351.0,6351.0,6351.0,6351.0,6351.0,6351.0,6351.0,6351.0,6351.0,6351.0,6351.0,6351.0,6351.0,6351.0,6351.0,6351.0,6351.0,6351.0,6351.0,6351.0,6351.0,6351.0,6351.0,6351.0,6351.0,6351.0,,,,,,,,,6351.0,6351.0,6351.0,6351.0,6351.0,6351.0,6351.0,6351.0,6351.0,6351.0,6351.0,6351.0,6351.0,6351.0,6351.0,6351.0,6351.0,6351.0,6351.0,6351.0,6351.0,6351.0,6351.0,6351.0,6351.0,6351.0,6351.0,6351.0,6351.0,6351.0,6351.0,6351.0,6351.0,6351.0,6351.0,6351.0,6351.0,6351.0,6351.0,6351.0,6351.0,6351.0,6351.0,6351.0,6351.0,6351.0,6351.0,6351.0,6351.0,6351.0,6351.0,6351.0,6351.0,6351.0,6351.0,6351.0,6351.0,6351.0,6351.0,6351.0,6351.0,6351.0,6351.0,6351.0,6351.0,6351.0,6351.0,6351.0,6351.0,6351.0,6351.0,6351.0,6351.0,6351.0,6351.0,6351.0,6351.0,6351.0,6351.0,6351.0,6351.0,6351.0,6351.0,6351.0,6351.0,6351.0,6351.0,6351.0,6351.0,6351.0,6351.0,6351.0,6351.0,6351.0,6351.0,6351.0,6351.0,6351.0,6351.0,6351.0,6351.0,6351.0,6351.0,6351.0,6351.0,6351.0,6351.0,6351.0,6351.0,6351.0,6351.0,6351.0,6351.0,6351.0,6351.0,6351.0,6351.0,6351.0,6351.0,6351.0,6351.0,,6351.0,6351.0,6351.0,6351.0,6351.0,6351.0,6351.0,6351.0,6351.0,6351.0,6351.0,6351.0,6351.0,6351.0,6351.0,6351.0,6351.0,6351.0,6351.0,6351.0,6351.0,6351.0,6351.0,6351.0,6351.0,6351.0,6351.0,6351.0,6351.0,6351.0,6351.0,6351.0,6351.0,6351.0,6351.0,6351.0,6351.0,6351.0,6351.0,6351.0,6351.0,6351.0,6351.0,6351.0,6351.0,6351.0,6351.0,6351.0,6351.0,6351.0,6351.0,6351.0,6351.0,6351.0,6351.0,6351.0,6351.0,6351.0,6351.0,6351.0,6351.0,6351.0,6351.0,6351.0,6351.0,6351.0,6351.0,6351.0,6351.0,6351.0,6351.0,6351.0,6351.0,6351.0,6351.0,6351.0,6351.0,6351.0,6351.0,6351.0,6351.0,6351.0,6351.0,6351.0,6351.0,6351.0,6351.0,6351.0,6351.0,6351.0,6351.0,6351.0,6351.0,6351.0,6351.0,6351.0,6351.0,6351.0,6351.0,6351.0,6351.0,6351.0,6351.0,6351.0,6351.0,6351.0,6351.0,6351.0,6351.0,6351.0,6351.0,6351.0,6351.0,6351
EI1k2ES5yEY,5504.0,5510.0,5511.0,5511.0,5512.0,5512.0,5512.0,5512.0,5512.0,5513.0,5514.0,5514.0,5514.0,5514.0,5514.0,5515.0,5517.0,5518.0,5518.0,5519.0,5519.0,5519.0,5519.0,5519.0,5519.0,5519.0,5520.0,5521.0,5524.0,5527.0,5528.0,5530.0,5530.0,5530.0,5531.0,5532.0,5532.0,5532.0,5533.0,5533.0,5533.0,5534.0,5538.0,5539.0,5539.0,5539.0,5540.0,5539.0,5539.0,5543.0,5543.0,5543.0,5543.0,5543.0,5545.0,5545.0,5546.0,5546.0,5547.0,5547.0,5549.0,5549.0,5549.0,5549.0,5549.0,5550.0,5550.0,5550.0,5550.0,5550.0,5550.0,5551.0,5551.0,5551.0,5551.0,5552.0,5552.0,5552.0,5554.0,5554.0,5555.0,5555.0,5555.0,5556.0,5556.0,5558.0,5562.0,5563.0,5564.0,5564.0,5565.0,5568.0,5567.0,5568.0,5568.0,5568.0,5569.0,5569.0,5570.0,5571.0,5571.0,5571.0,5571.0,5573.0,5573.0,5574.0,5574.0,5574.0,5576.0,5578.0,5578.0,5578.0,5578.0,5578.0,5579.0,5579.0,5582.0,5583.0,5584.0,5585.0,5585.0,5585.0,5585.0,5587.0,5588.0,5588.0,5589.0,5589.0,5589.0,5589.0,5590.0,5590.0,5590.0,5590.0,,,,,,,,,5596.0,5596.0,5597.0,5597.0,5598.0,5598.0,5598.0,5598.0,5599.0,5599.0,5599.0,5599.0,5599.0,5599.0,5599.0,5599.0,5599.0,5599.0,5599.0,5600.0,5600.0,5600.0,5600.0,5600.0,5600.0,5600.0,5600.0,5600.0,5600.0,5600.0,5600.0,5600.0,5600.0,5601.0,5601.0,5601.0,5601.0,5603.0,5603.0,5603.0,5603.0,5603.0,5603.0,5603.0,5603.0,5603.0,5604.0,5604.0,5604.0,5604.0,5604.0,5604.0,5604.0,5604.0,5604.0,5604.0,5604.0,5604.0,5604.0,5604.0,5604.0,5604.0,5604.0,5604.0,5604.0,5604.0,5604.0,5605.0,5605.0,5605.0,5605.0,5605.0,5605.0,5605.0,5606.0,5607.0,5608.0,5608.0,5608.0,5608.0,5608.0,5608.0,5608.0,5610.0,5610.0,5610.0,5610.0,5610.0,5610.0,5610.0,5610.0,5610.0,5610.0,5610.0,5611.0,5611.0,5611.0,5611.0,5611.0,5611.0,5611.0,5611.0,5611.0,5611.0,5611.0,5611.0,5611.0,5611.0,5611.0,5611.0,5611.0,5611.0,5611.0,5612.0,5612.0,5612.0,5612.0,5612.0,5612.0,5612.0,5612.0,,5612.0,5612.0,5612.0,5613.0,5613.0,5613.0,5613.0,5613.0,5613.0,5613.0,5614.0,5614.0,5614.0,5614.0,5614.0,5614.0,5615.0,5615.0,5615.0,5615.0,5615.0,5615.0,5615.0,5615.0,5616.0,5616.0,5616.0,5617.0,5617.0,5617.0,5617.0,5617.0,5617.0,5617.0,5617.0,5617.0,5617.0,5617.0,5618.0,5618.0,5618.0,5618.0,5618.0,5618.0,5618.0,5618.0,5619.0,5619.0,5619.0,5619.0,5619.0,5619.0,5620.0,5620.0,5620.0,5620.0,5620.0,5620.0,5621.0,5621.0,5621.0,5621.0,5621.0,5621.0,5621.0,5621.0,5622.0,5623.0,5623.0,5623.0,5623.0,5623.0,5623.0,5623.0,5623.0,5623.0,5623.0,5624.0,5626.0,5626.0,5626.0,5626.0,5626.0,5626.0,5627.0,5627.0,5627.0,5628.0,5628.0,5628.0,5628.0,5628.0,5628.0,5628.0,5628.0,5629.0,5629.0,5629.0,5629.0,5629.0,5629.0,5630.0,5630.0,5630.0,5630.0,5630.0,5630.0,5630.0,5630.0,5631.0,5631.0,5631.0,5631.0,5631
ISuVx0qPfGA,472561.0,472629.0,472683.0,472743.0,472801.0,472843.0,472891.0,472958.0,473025.0,473083.0,473141.0,473207.0,473277.0,473331.0,473389.0,473447.0,473528.0,473588.0,473637.0,473692.0,473735.0,473808.0,473869.0,473935.0,473991.0,474064.0,474121.0,474208.0,474283.0,474345.0,474433.0,474507.0,474574.0,474614.0,474681.0,474735.0,474812.0,474869.0,474935.0,474991.0,475056.0,475109.0,475175.0,475238.0,475305.0,475389.0,475438.0,475498.0,475552.0,475612.0,475670.0,475726.0,475778.0,475831.0,475889.0,475957.0,476046.0,476172.0,476284.0,476381.0,476497.0,476613.0,476708.0,476786.0,476883.0,476977.0,477066.0,477189.0,477278.0,477375.0,477467.0,477556.0,477639.0,477710.0,477788.0,477860.0,477957.0,478029.0,478096.0,478162.0,478228.0,478290.0,478355.0,478431.0,478506.0,478592.0,478678.0,478740.0,478792.0,478838.0,478888.0,478939.0,479000.0,479076.0,479144.0,479222.0,479281.0,479324.0,479372.0,479426.0,479491.0,479553.0,479601.0,479645.0,479698.0,479744.0,479808.0,479870.0,479953.0,480004.0,480052.0,480108.0,480167.0,480218.0,480276.0,480342.0,480394.0,480436.0,480483.0,480528.0,480577.0,480611.0,480664.0,480716.0,480762.0,480805.0,480850.0,480912.0,480961.0,481022.0,481065.0,481094.0,481140.0,481172.0,,,,,,,,,481638.0,481700.0,481770.0,481849.0,481928.0,482008.0,482101.0,482159.0,482237.0,482296.0,482355.0,482429.0,482489.0,482555.0,482612.0,482672.0,482720.0,482781.0,482846.0,482886.0,482947.0,483005.0,483050.0,483101.0,483141.0,483193.0,483245.0,483289.0,483340.0,483407.0,483455.0,483495.0,483545.0,483624.0,483675.0,483721.0,483776.0,483823.0,483867.0,483928.0,483974.0,484012.0,484066.0,484113.0,484143.0,484202.0,484250.0,484282.0,484340.0,484376.0,484436.0,484476.0,484515.0,484560.0,484607.0,484643.0,484701.0,484747.0,484783.0,484818.0,484856.0,484888.0,484932.0,484979.0,485026.0,485057.0,485096.0,485137.0,485190.0,485228.0,485264.0,485309.0,485344.0,485395.0,485432.0,485480.0,485528.0,485573.0,485622.0,485668.0,485717.0,485787.0,485837.0,485895.0,485946.0,485982.0,486035.0,486079.0,486136.0,486182.0,486233.0,486278.0,486336.0,486383.0,486449.0,486492.0,486565.0,486633.0,486691.0,486745.0,486786.0,486848.0,486893.0,486944.0,486993.0,487044.0,487083.0,487172.0,487312.0,487378.0,487432.0,487478.0,487516.0,487571.0,487640.0,487691.0,487738.0,487794.0,487842.0,487897.0,487953.0,,488064.0,488130.0,488186.0,488238.0,488284.0,488332.0,488381.0,488420.0,488465.0,488510.0,488559.0,488609.0,488655.0,488699.0,488751.0,488803.0,488857.0,488913.0,488966.0,489043.0,489085.0,489166.0,489255.0,489317.0,489367.0,489425.0,489501.0,489558.0,489595.0,489651.0,489721.0,489779.0,489829.0,489877.0,489926.0,489980.0,490022.0,490079.0,490124.0,490182.0,490235.0,490282.0,490321.0,490359.0,490415.0,490458.0,490503.0,490552.0,490582.0,490630.0,490666.0,490693.0,490729.0,490778.0,490826.0,490875.0,490916.0,490958.0,490999.0,491037.0,491074.0,491118.0,491154.0,491194.0,491233.0,491280.0,491340.0,491384.0,491424.0,491469.0,491503.0,491541.0,491589.0,491670.0,491710.0,491786.0,491886.0,491978.0,492027.0,492093.0,492156.0,492215.0,492266.0,492319.0,492364.0,492425.0,492482.0,492536.0,492591.0,492643.0,492678.0,492727.0,492782.0,492822.0,492864.0,492907.0,492957.0,492992.0,493036.0,493066.0,493104.0,493136.0,493180.0,493231.0,493267.0,493303.0,493341.0,493390.0,493438.0,493485.0,493528.0,493564.0,493593.0,493625
YpGOmUpA8sM,27647.0,27696.0,27734.0,27775.0,27833.0,27852.0,27899.0,27927.0,27956.0,27986.0,28009.0,28030.0,28053.0,28080.0,28097.0,28118.0,28145.0,28170.0,28190.0,28219.0,28246.0,28272.0,28307.0,28332.0,28362.0,28385.0,28411.0,28441.0,28476.0,28497.0,28528.0,28544.0,28569.0,28595.0,28617.0,28645.0,28672.0,28706.0,28729.0,28750.0,28779.0,28807.0,28847.0,28857.0,28857.0,28857.0,28855.0,28855.0,28855.0,28855.0,28855.0,28855.0,28855.0,28855.0,28855.0,28855.0,28855.0,28855.0,28855.0,28855.0,28855.0,28855.0,28855.0,28855.0,28855.0,28855.0,28855.0,28855.0,28855.0,28855.0,28855.0,28855.0,28855.0,28855.0,28855.0,28855.0,28855.0,28855.0,28855.0,28855.0,28855.0,28855.0,28855.0,28855.0,28855.0,28855.0,28855.0,28855.0,28855.0,28855.0,28855.0,28855.0,28855.0,28855.0,28855.0,28855.0,28855.0,28855.0,28855.0,28855.0,28855.0,28855.0,28855.0,28855.0,28855.0,28855.0,28855.0,28855.0,28855.0,28855.0,28855.0,28855.0,28855.0,28855.0,28855.0,28855.0,28855.0,28855.0,28855.0,28855.0,28855.0,28855.0,28855.0,28855.0,28855.0,28855.0,28855.0,28855.0,28855.0,28855.0,28855.0,28855.0,28855.0,28855.0,,,,,,,,,28855.0,28855.0,28855.0,28855.0,28855.0,28855.0,28855.0,28855.0,28855.0,28855.0,28855.0,28855.0,28855.0,28855.0,28855.0,28855.0,28855.0,28855.0,28855.0,28855.0,28855.0,28855.0,28855.0,28855.0,28855.0,28855.0,28855.0,28855.0,28855.0,28855.0,28855.0,28855.0,28855.0,28855.0,28855.0,28855.0,28855.0,28855.0,28855.0,28855.0,28855.0,28855.0,28855.0,28855.0,28855.0,28855.0,28855.0,28855.0,28855.0,28855.0,28855.0,28855.0,28855.0,28855.0,28855.0,28855.0,28855.0,28855.0,28855.0,28855.0,28855.0,28855.0,28855.0,28855.0,28855.0,28855.0,28855.0,28855.0,28855.0,28855.0,28855.0,28855.0,28855.0,28855.0,28855.0,28855.0,28855.0,28855.0,28855.0,28855.0,28855.0,28855.0,28855.0,28855.0,28855.0,28855.0,28855.0,28855.0,28855.0,28855.0,28855.0,28855.0,28855.0,28855.0,28855.0,28855.0,28855.0,28855.0,28855.0,28855.0,28855.0,28855.0,28855.0,28855.0,28855.0,28855.0,28855.0,28855.0,28855.0,28855.0,28855.0,28855.0,28855.0,28855.0,28855.0,28855.0,28855.0,28855.0,28855.0,28855.0,28855.0,,28855.0,28855.0,28855.0,28855.0,28855.0,28855.0,28855.0,28855.0,28855.0,28855.0,28855.0,28855.0,28855.0,28855.0,28855.0,28855.0,28855.0,28855.0,28855.0,28855.0,28855.0,28855.0,28855.0,28855.0,28855.0,28855.0,28855.0,28855.0,28855.0,28855.0,28855.0,28855.0,28855.0,28855.0,28855.0,28855.0,28855.0,28855.0,28855.0,28855.0,28855.0,28855.0,28855.0,28855.0,28855.0,28855.0,28855.0,28855.0,28855.0,28855.0,28855.0,28855.0,28855.0,28855.0,28855.0,28855.0,28855.0,28855.0,28855.0,28855.0,28855.0,28855.0,28855.0,28855.0,28855.0,28855.0,28855.0,28855.0,28855.0,28855.0,28855.0,28855.0,28855.0,28855.0,28855.0,28855.0,28855.0,28855.0,28855.0,28855.0,28855.0,28855.0,28855.0,28855.0,28855.0,28855.0,28855.0,28855.0,28855.0,28855.0,28855.0,28855.0,28855.0,28855.0,28855.0,28855.0,28855.0,28855.0,28855.0,28855.0,28855.0,28855.0,28855.0,28855.0,28855.0,28855.0,28855.0,28855.0,28855.0,28855.0,28855.0,28855.0,28855.0,28855
qP8MoAVaUwk,294464.0,294526.0,294612.0,294677.0,294764.0,294812.0,294889.0,294968.0,295029.0,295103.0,295174.0,295231.0,295293.0,295353.0,295434.0,295500.0,295569.0,295637.0,295701.0,295749.0,295819.0,295886.0,295939.0,295998.0,296062.0,296124.0,296192.0,296257.0,296318.0,296382.0,296450.0,296516.0,296571.0,296633.0,296685.0,296744.0,296807.0,296859.0,296922.0,296982.0,297029.0,297107.0,297167.0,297226.0,297291.0,297360.0,297412.0,297493.0,297556.0,297603.0,297678.0,297748.0,297814.0,297873.0,297945.0,298005.0,298075.0,298207.0,298333.0,298465.0,298580.0,298703.0,298801.0,298903.0,299017.0,299147.0,299269.0,299387.0,299496.0,299677.0,299882.0,300141.0,300366.0,300522.0,300685.0,300871.0,301011.0,301132.0,301240.0,301373.0,301459.0,301552.0,301633.0,301783.0,301884.0,302000.0,302121.0,302183.0,302266.0,302345.0,302429.0,302514.0,302581.0,302649.0,302718.0,302792.0,302844.0,302919.0,302983.0,303051.0,303140.0,303202.0,303258.0,303331.0,303391.0,303468.0,303534.0,303596.0,303671.0,303715.0,303766.0,303827.0,303884.0,303956.0,304024.0,304097.0,304145.0,304220.0,304293.0,304344.0,304403.0,304484.0,304559.0,304616.0,304659.0,304745.0,304815.0,304883.0,304934.0,304990.0,305044.0,305115.0,305178.0,305228.0,,,,,,,,,305707.0,305755.0,305811.0,305869.0,305918.0,305970.0,306039.0,306092.0,306142.0,306194.0,306251.0,306306.0,306354.0,306415.0,306488.0,306538.0,306578.0,306642.0,306690.0,306720.0,306777.0,306822.0,306861.0,306898.0,306942.0,306981.0,307017.0,307062.0,307121.0,307162.0,307236.0,307290.0,307339.0,307375.0,307435.0,307464.0,307519.0,307567.0,307613.0,307664.0,307727.0,307771.0,307822.0,307856.0,307907.0,307968.0,308016.0,308055.0,308115.0,308169.0,308209.0,308263.0,308310.0,308353.0,308403.0,308435.0,308487.0,308527.0,308571.0,308600.0,308651.0,308684.0,308719.0,308764.0,308804.0,308844.0,308884.0,308927.0,308976.0,309023.0,309048.0,309085.0,309126.0,309174.0,309218.0,309264.0,309313.0,309371.0,309422.0,309475.0,309515.0,309587.0,309642.0,309698.0,309769.0,309817.0,309868.0,309928.0,309994.0,310042.0,310084.0,310123.0,310197.0,310273.0,310314.0,310356.0,310413.0,310484.0,310534.0,310596.0,310665.0,310712.0,310780.0,310843.0,310904.0,310969.0,311037.0,311097.0,311161.0,311213.0,311267.0,311329.0,311379.0,311455.0,311487.0,311540.0,311598.0,311658.0,311724.0,311802.0,311873.0,,311990.0,312047.0,312100.0,312144.0,312210.0,312278.0,312326.0,312372.0,312434.0,312480.0,312525.0,312593.0,312669.0,312714.0,312760.0,312805.0,312852.0,312898.0,312949.0,313001.0,313049.0,313118.0,313181.0,313257.0,313309.0,313366.0,313416.0,313461.0,313511.0,313570.0,313631.0,313681.0,313735.0,313781.0,313842.0,313888.0,313937.0,313996.0,314039.0,314087.0,314139.0,314183.0,314224.0,314288.0,314332.0,314385.0,314462.0,314524.0,314560.0,314629.0,314667.0,314722.0,314774.0,314831.0,314894.0,314948.0,314995.0,315034.0,315091.0,315140.0,315213.0,315262.0,315304.0,315383.0,315430.0,315484.0,315552.0,315587.0,315646.0,315695.0,315724.0,315758.0,315824.0,315860.0,315917.0,315970.0,316033.0,316104.0,316142.0,316213.0,316251.0,316312.0,316363.0,316408.0,316450.0,316493.0,316592.0,316643.0,316702.0,316744.0,316783.0,316867.0,316920.0,316975.0,317029.0,317095.0,317143.0,317180.0,317237.0,317279.0,317351.0,317380.0,317436.0,317481.0,317525.0,317575.0,317632.0,317691.0,317750.0,317831.0,317877.0,317914.0,317974.0,318005
jfOpltd2lbU,643117.0,643263.0,643392.0,643506.0,643649.0,643800.0,643947.0,644095.0,644222.0,644375.0,644514.0,644617.0,644771.0,644890.0,645032.0,645156.0,645296.0,645411.0,645534.0,645671.0,645806.0,645945.0,646063.0,646180.0,646291.0,646426.0,646564.0,646733.0,646882.0,646980.0,647122.0,647234.0,647355.0,647472.0,647593.0,647696.0,647831.0,647947.0,648073.0,648205.0,648333.0,648460.0,648596.0,648740.0,648902.0,649068.0,649193.0,649310.0,649431.0,649566.0,649699.0,649827.0,649964.0,650090.0,650255.0,650405.0,650612.0,650880.0,651109.0,651327.0,651550.0,651740.0,651919.0,652141.0,652374.0,652524.0,652705.0,652904.0,653050.0,653297.0,653471.0,653636.0,653794.0,653947.0,654083.0,654254.0,654366.0,654554.0,654712.0,654858.0,654975.0,655104.0,655250.0,655434.0,655574.0,655692.0,655839.0,655968.0,656091.0,656204.0,656317.0,656436.0,656571.0,656682.0,656799.0,656932.0,657078.0,657189.0,657302.0,657418.0,657523.0,657679.0,657790.0,657921.0,658041.0,658138.0,658316.0,658481.0,658597.0,658704.0,658801.0,658925.0,659034.0,659154.0,659291.0,659439.0,659544.0,659684.0,659790.0,659919.0,660049.0,660185.0,660315.0,660440.0,660532.0,660657.0,660800.0,660926.0,661043.0,661180.0,661299.0,661420.0,661514.0,661617.0,,,,,,,,,662594.0,662707.0,662817.0,662941.0,663068.0,663165.0,663261.0,663353.0,663467.0,663571.0,663682.0,663784.0,663881.0,663997.0,664121.0,664208.0,664311.0,664438.0,664537.0,664624.0,664722.0,664821.0,664913.0,665031.0,665143.0,665245.0,665356.0,665472.0,665611.0,665737.0,665849.0,665963.0,666073.0,666213.0,666308.0,666398.0,666492.0,666588.0,666655.0,666747.0,666820.0,666916.0,667000.0,667077.0,667163.0,667231.0,667325.0,667410.0,667510.0,667610.0,667696.0,667765.0,667832.0,667911.0,667979.0,668067.0,668156.0,668243.0,668321.0,668438.0,668500.0,668559.0,668643.0,668740.0,668828.0,668902.0,668974.0,669057.0,669132.0,669213.0,669300.0,669365.0,669471.0,669582.0,669676.0,669781.0,669903.0,670013.0,670110.0,670206.0,670300.0,670387.0,670470.0,670561.0,670669.0,670760.0,670853.0,670978.0,671079.0,671174.0,671267.0,671379.0,671466.0,671584.0,671691.0,671830.0,671899.0,671984.0,672095.0,672197.0,672289.0,672368.0,672473.0,672560.0,672663.0,672730.0,672804.0,672923.0,673023.0,673112.0,673201.0,673288.0,673365.0,673435.0,673530.0,673624.0,673713.0,673806.0,673901.0,673977.0,674088.0,,674293.0,674392.0,674473.0,674556.0,674640.0,674741.0,674823.0,674906.0,674992.0,675093.0,675199.0,675306.0,675429.0,675543.0,675637.0,675721.0,675830.0,675922.0,676021.0,676096.0,676180.0,676290.0,676375.0,676471.0,676571.0,676688.0,676783.0,676899.0,676986.0,677068.0,677165.0,677236.0,677330.0,677430.0,677519.0,677612.0,677715.0,677822.0,677932.0,678033.0,678146.0,678227.0,678330.0,678405.0,678503.0,678588.0,678689.0,678768.0,678850.0,678931.0,679011.0,679094.0,679175.0,679244.0,679340.0,679415.0,679503.0,679563.0,679661.0,679747.0,679830.0,679900.0,679991.0,680080.0,680165.0,680286.0,680433.0,680530.0,680617.0,680695.0,680789.0,680892.0,680986.0,681080.0,681189.0,681286.0,681371.0,681466.0,681557.0,681649.0,681753.0,681829.0,681917.0,682001.0,682081.0,682162.0,682232.0,682317.0,682402.0,682506.0,682590.0,682682.0,682789.0,682899.0,683010.0,683116.0,683208.0,683291.0,683396.0,683496.0,683588.0,683675.0,683765.0,683840.0,683927.0,684000.0,684077.0,684176.0,684249.0,684326.0,684390.0,684469.0,684563.0,684643
-7bEx5wNIEI,48625.0,48644.0,48660.0,48678.0,48689.0,48708.0,48728.0,48745.0,48764.0,48790.0,48810.0,48844.0,48875.0,48891.0,48914.0,48926.0,48951.0,48967.0,48998.0,49024.0,49057.0,49092.0,49127.0,49156.0,49186.0,49222.0,49231.0,49242.0,49258.0,49304.0,49324.0,49333.0,49370.0,49386.0,49403.0,49414.0,49424.0,49437.0,49452.0,49458.0,49469.0,49481.0,49492.0,49497.0,49506.0,49508.0,49515.0,49520.0,49527.0,49543.0,49554.0,49580.0,49598.0,49601.0,49604.0,49608.0,49611.0,49617.0,49622.0,49626.0,49631.0,49639.0,49647.0,49649.0,49662.0,49672.0,49690.0,49697.0,49701.0,49709.0,49715.0,49726.0,49728.0,49735.0,49769.0,49774.0,49779.0,49787.0,49791.0,49805.0,49811.0,49811.0,49835.0,49847.0,49867.0,49869.0,49897.0,49910.0,49915.0,49922.0,49933.0,49945.0,49958.0,49960.0,49962.0,49963.0,49973.0,49993.0,50002.0,50012.0,50015.0,50017.0,50027.0,50029.0,50036.0,50044.0,50053.0,50074.0,50079.0,50090.0,50095.0,50112.0,50121.0,50134.0,50140.0,50157.0,50171.0,50186.0,50202.0,50211.0,50239.0,50254.0,50271.0,50281.0,50293.0,50298.0,50303.0,50305.0,50321.0,50330.0,50333.0,50337.0,50349.0,50363.0,,,,,,,,,50446.0,50449.0,50459.0,50474.0,50502.0,50526.0,50534.0,50552.0,50558.0,50565.0,50583.0,50592.0,50596.0,50606.0,50613.0,50624.0,50646.0,50653.0,50675.0,50689.0,50706.0,50723.0,50742.0,50760.0,50773.0,50785.0,50809.0,50823.0,50838.0,50848.0,50858.0,50869.0,50879.0,50908.0,50928.0,50950.0,50970.0,50985.0,50998.0,51013.0,51028.0,51046.0,51062.0,51083.0,51098.0,51118.0,51143.0,51157.0,51177.0,51200.0,51212.0,51238.0,51268.0,51288.0,51298.0,51316.0,51328.0,51334.0,51351.0,51356.0,51366.0,51373.0,51377.0,51381.0,51388.0,51407.0,51433.0,51467.0,51472.0,51486.0,51504.0,51529.0,51539.0,51558.0,51570.0,51586.0,51600.0,51610.0,51631.0,51640.0,51669.0,51691.0,51705.0,51729.0,51746.0,51753.0,51765.0,51775.0,51794.0,51810.0,51824.0,51836.0,51856.0,51868.0,51888.0,51906.0,51926.0,51942.0,51956.0,51962.0,51982.0,51994.0,51997.0,52022.0,52044.0,52069.0,52084.0,52103.0,52115.0,52133.0,52148.0,52154.0,52167.0,52178.0,52196.0,52217.0,52223.0,52237.0,52245.0,52263.0,52287.0,,52314.0,52324.0,52339.0,52355.0,52358.0,52365.0,52373.0,52383.0,52392.0,52400.0,52417.0,52432.0,52447.0,52449.0,52454.0,52464.0,52474.0,52490.0,52498.0,52512.0,52529.0,52540.0,52553.0,52569.0,52579.0,52591.0,52607.0,52612.0,52617.0,52630.0,52644.0,52668.0,52675.0,52687.0,52705.0,52721.0,52732.0,52748.0,52759.0,52771.0,52794.0,52801.0,52805.0,52827.0,52843.0,52858.0,52870.0,52889.0,52905.0,52921.0,52928.0,52947.0,52962.0,52979.0,52993.0,53006.0,53023.0,53064.0,53080.0,53101.0,53119.0,53145.0,53157.0,53176.0,53190.0,53202.0,53211.0,53218.0,53226.0,53233.0,53237.0,53260.0,53278.0,53290.0,53302.0,53311.0,53330.0,53338.0,53343.0,53350.0,53374.0,53401.0,53418.0,53433.0,53447.0,53455.0,53467.0,53476.0,53483.0,53494.0,53502.0,53520.0,53534.0,53543.0,53551.0,53555.0,53566.0,53581.0,53592.0,53599.0,53612.0,53616.0,53634.0,53644.0,53656.0,53669.0,53684.0,53693.0,53699.0,53707.0,53721.0,53722.0,53729.0,53731
EG5_m3t6Krg,1335582.0,1335710.0,1335984.0,1336233.0,1336383.0,1336556.0,1336705.0,1336836.0,1336967.0,1337100.0,1337223.0,1337343.0,1337470.0,1337643.0,1337795.0,1337936.0,1338106.0,1338250.0,1338373.0,1338467.0,1338622.0,1338818.0,1338953.0,1339095.0,1339197.0,1339340.0,1339449.0,1339557.0,1339674.0,1339793.0,1339905.0,1340053.0,1340203.0,,,,,,,,,,,,,,,,,,,,,,,,,,,,,,,,,,,,,,,,,,,,,,,,,,,,,,,,,,,,,,,,,,,,,,,,,,,,,,,,,,,,,,,,,,,,,,,,,,,,,,,,,,,,,,,,,,,,,,,,,,,,,,,,,,,,,,,,,,,,,,,,,,,,,,,,,,,,,,,,,,,,,,,,,,,,,,,,,,,,,,,,,,,,,,,,,,,,,,,,,,,,,,,,,,,,,,,,,,,,,,,,,,,,,,,,,,,,,,,,,,,,,,,,,,,,,,,,,,,,,,,,,,,,,,,,,,,,,,,,,,,,,,,,,,,,,,,,,,,,,,,,,,,,,,,,,,,,,,,,,,,,,,,,,,,,,,,,,,,,,,,,,
xuJs6XAgygw,8191.0,8191.0,8193.0,8195.0,8195.0,8196.0,8196.0,8196.0,8198.0,8198.0,8198.0,8199.0,8201.0,8201.0,8205.0,8206.0,8212.0,8215.0,8216.0,8219.0,8221.0,8226.0,8229.0,8232.0,8234.0,8236.0,8241.0,8244.0,8246.0,8250.0,8253.0,8255.0,8257.0,8260.0,8263.0,8268.0,8271.0,8274.0,8275.0,8278.0,8279.0,8280.0,8281.0,8285.0,8284.0,8286.0,8286.0,8286.0,8286.0,8286.0,8286.0,8289.0,8294.0,8294.0,8295.0,8297.0,8301.0,8302.0,8304.0,8306.0,8309.0,8312.0,8314.0,8316.0,8318.0,8319.0,8322.0,8324.0,8325.0,8327.0,8332.0,8334.0,8336.0,8339.0,8341.0,8344.0,8345.0,8347.0,8347.0,8347.0,8347.0,8347.0,8349.0,8351.0,8354.0,8356.0,8366.0,8367.0,8367.0,8368.0,8371.0,8371.0,8373.0,8375.0,8378.0,8378.0,8379.0,8380.0,8381.0,8381.0,8382.0,8383.0,8385.0,8385.0,8385.0,8386.0,8388.0,8390.0,8391.0,8392.0,8393.0,8395.0,8397.0,8398.0,8399.0,8400.0,8400.0,8402.0,8402.0,8403.0,8403.0,8404.0,8404.0,8407.0,8407.0,8407.0,8407.0,8408.0,8410.0,8410.0,8412.0,8412.0,8414.0,8414.0,,,,,,,,,8427.0,8431.0,8439.0,8440.0,8442.0,8443.0,8444.0,8446.0,8449.0,8448.0,8449.0,8451.0,8451.0,8452.0,8453.0,8454.0,8453.0,8455.0,8458.0,8461.0,8462.0,8465.0,8465.0,8465.0,8466.0,8466.0,8476.0,8477.0,8478.0,8478.0,8478.0,8479.0,8479.0,8480.0,8481.0,8483.0,8484.0,8484.0,8485.0,8485.0,8490.0,8490.0,8490.0,8493.0,8494.0,8495.0,8498.0,8498.0,8500.0,8501.0,8502.0,8503.0,8506.0,8508.0,8510.0,8512.0,8515.0,8514.0,8515.0,8515.0,8516.0,8518.0,8519.0,8522.0,8525.0,8526.0,8528.0,8530.0,8531.0,8537.0,8543.0,8544.0,8544.0,8546.0,8548.0,8550.0,8554.0,8555.0,8557.0,8557.0,8557.0,8559.0,8560.0,8563.0,8564.0,8565.0,8566.0,8568.0,8570.0,8571.0,8573.0,8573.0,8575.0,8578.0,8578.0,8582.0,8583.0,8584.0,8585.0,8586.0,8586.0,8586.0,8587.0,8587.0,8588.0,8588.0,8589.0,8592.0,8592.0,8593.0,8593.0,8594.0,8596.0,8596.0,8597.0,8597.0,8598.0,8598.0,8598.0,8601.0,8601.0,,8605.0,8606.0,8606.0,8610.0,8612.0,8612.0,8614.0,8614.0,8615.0,8616.0,8619.0,8620.0,8624.0,8624.0,8626.0,8627.0,8630.0,8630.0,8630.0,8630.0,8631.0,8631.0,8631.0,8631.0,8631.0,8632.0,8633.0,8634.0,8634.0,8634.0,8635.0,8635.0,8636.0,8636.0,8637.0,8637.0,8637.0,8637.0,8638.0,8639.0,8639.0,8642.0,8643.0,8644.0,8644.0,8645.0,8645.0,8648.0,8647.0,8647.0,8647.0,8648.0,8648.0,8649.0,8649.0,8649.0,8650.0,8650.0,8650.0,8652.0,8652.0,8653.0,8654.0,8655.0,8657.0,8659.0,8659.0,8659.0,8659.0,8659.0,8661.0,8661.0,8662.0,8663.0,8663.0,8663.0,8665.0,8666.0,8666.0,8667.0,8669.0,8670.0,8672.0,8673.0,8674.0,8675.0,8677.0,8679.0,8680.0,8681.0,8681.0,8682.0,8682.0,8683.0,8685.0,8687.0,8690.0,8690.0,8691.0,8694.0,8698.0,8699.0,8701.0,8702.0,8703.0,8704.0,8706.0,8707.0,8707.0,8707.0,8708.0,8711.0,8711.0,8711
KRgbVo4OTKQ,7000820.0,7001440.0,7002138.0,7002818.0,7003397.0,7004032.0,7004829.0,7005598.0,7006293.0,7007032.0,7007804.0,7008449.0,7009199.0,7009996.0,7010764.0,7011531.0,7012299.0,7012976.0,7013598.0,7014225.0,7014889.0,7015626.0,7016233.0,7017031.0,7017734.0,7018352.0,7019069.0,7019736.0,7020428.0,7021217.0,7021965.0,7022489.0,7023163.0,7023763.0,7024299.0,7025105.0,7025878.0,7026649.0,7027308.0,7027975.0,7028662.0,7029300.0,7030036.0,7030825.0,7031637.0,7032316.0,7033006.0,7033683.0,7034265.0,7035087.0,7035952.0,7036847.0,7037694.0,7038410.0,7039233.0,7039947.0,7040701.0,7041617.0,7042483.0,7043239.0,7043967.0,7044698.0,7045433.0,7046142.0,7046769.0,7047479.0,7048104.0,7048738.0,7049346.0,7050126.0,7050793.0,7051465.0,7052034.0,7052572.0,7053251.0,7053931.0,7054571.0,7055140.0,7055824.0,7056333.0,7056966.0,7057530.0,7058194.0,7058810.0,7059432.0,7060033.0,7060627.0,7061197.0,7061803.0,7062479.0,7063133.0,7063724.0,7064369.0,7064986.0,7065660.0,7066313.0,7066966.0,7067529.0,7068108.0,7068700.0,7069249.0,7069830.0,7070459.0,7071025.0,7071597.0,7072204.0,7072945.0,7073586.0,7074175.0,7074781.0,7075355.0,7076071.0,7076721.0,7077408.0,7077987.0,7078522.0,7079155.0,7079665.0,7080266.0,7080825.0,7081368.0,7081903.0,7082387.0,7082931.0,7083517.0,7084169.0,7084765.0,7085378.0,7085874.0,7086363.0,7086948.0,7087534.0,7088111.0,7088601.0,,,,,,,,,7093340.0,7093860.0,7094406.0,7094938.0,7095437.0,7096046.0,7096550.0,7097072.0,7097585.0,7098098.0,7098659.0,7099196.0,7099741.0,7100308.0,7100854.0,7101380.0,7101904.0,7102511.0,7103133.0,7103726.0,7104294.0,7104813.0,7105418.0,7105873.0,7106500.0,7107129.0,7107704.0,7108280.0,7108791.0,7109352.0,7109899.0,7110460.0,7111016.0,7111497.0,7112063.0,7112630.0,7113173.0,7113770.0,7114361.0,7114889.0,7115545.0,7116160.0,7116824.0,7117444.0,7118005.0,7118593.0,7119088.0,7119695.0,7120270.0,7120890.0,7121390.0,7122008.0,7122558.0,7123145.0,7123707.0,7124212.0,7124797.0,7125269.0,7125809.0,7126380.0,7126932.0,7127359.0,7127843.0,7128415.0,7128918.0,7129504.0,7130113.0,7130711.0,7131185.0,7131816.0,7132393.0,7132959.0,7133489.0,7134192.0,7134799.0,7135382.0,7135925.0,7136556.0,7137143.0,7137759.0,7138325.0,7138862.0,7139444.0,7140131.0,7140770.0,7141392.0,7142003.0,7142552.0,7143179.0,7143765.0,7144416.0,7145127.0,7145783.0,7146450.0,7147142.0,7147944.0,7148643.0,7149293.0,7149908.0,7150479.0,7151217.0,7151791.0,7152483.0,7153036.0,7153633.0,7154266.0,7154776.0,7155441.0,7156008.0,7156626.0,7157223.0,7157787.0,7158360.0,7158905.0,7159506.0,7160027.0,7160587.0,7161196.0,7161798.0,7162368.0,7162933.0,,7164050.0,7164576.0,7165232.0,7165906.0,7166545.0,7167118.0,7167764.0,7168348.0,7168959.0,7169590.0,7170261.0,7170888.0,7171435.0,7171931.0,7172583.0,7173210.0,7173865.0,7174517.0,7175146.0,7175828.0,7176519.0,7177127.0,7177861.0,7178413.0,7179148.0,7179755.0,7180343.0,7180928.0,7181563.0,7182309.0,7183044.0,7183716.0,7184371.0,7184912.0,7185480.0,7186085.0,7186796.0,7187649.0,7188277.0,7188955.0,7189551.0,7190255.0,7190983.0,7191550.0,7192253.0,7192836.0,7193475.0,7194149.0,7194849.0,7195492.0,7196097.0,7196794.0,7197493.0,7198167.0,7198799.0,7199452.0,7200071.0,7200752.0,7201480.0,7202165.0,7202878.0,7203563.0,7204217.0,7204950.0,7205850.0,7206614.0,7207260.0,7207968.0,7208645.0,7209284.0,7209925.0,7210587.0,7211303.0,7212040.0,7212859.0,7213642.0,7214446.0,7215257.0,7216044.0,7216903.0,7217703.0,7218517.0,7219369.0,7220226.0,7221115.0,7221925.0,7222803.0,7223608.0,7224457.0,7225257.0,7226075.0,7226922.0,7227704.0,7228522.0,7229309.0,7230077.0,7230786.0,7231594.0,7232560.0,7233427.0,7234234.0,7235083.0,7235929.0,7236726.0,7237499.0,7238372.0,7239218.0,7240083.0,7240903.0,7241763.0,7242669.0,7243527.0,7244305.0,7245261
f3wuMLWtUqQ,10544187.0,10544713.0,10545253.0,10545848.0,10546442.0,10547090.0,10547697.0,10548332.0,10548979.0,10549631.0,10550225.0,10550946.0,10551528.0,10552157.0,10552789.0,10553435.0,10553983.0,10554514.0,10555027.0,10555552.0,10556161.0,10556822.0,10557489.0,10558148.0,10558769.0,10559278.0,10559980.0,10560603.0,10561236.0,10561872.0,10562525.0,10563133.0,10563745.0,10564363.0,10565024.0,10565610.0,10566243.0,10566817.0,10567348.0,10567931.0,10568527.0,10569116.0,10569654.0,10570281.0,10570881.0,10571426.0,10571982.0,10572681.0,10573284.0,10574071.0,10574820.0,10575503.0,10576113.0,10576766.0,10577435.0,10578139.0,10578810.0,10579410.0,10580066.0,10580618.0,10581167.0,10581719.0,10582260.0,10582757.0,10583275.0,10583754.0,10584170.0,10584675.0,10585053.0,10585613.0,10586129.0,10586643.0,10587084.0,10587503.0,10587947.0,10588368.0,10588899.0,10589333.0,10589798.0,10590233.0,10590620.0,10591128.0,10591533.0,10591954.0,10592390.0,10592816.0,10593306.0,10593811.0,10594346.0,10594853.0,10595282.0,10595738.0,10596192.0,10596736.0,10597236.0,10597671.0,10598089.0,10598493.0,10598958.0,10599339.0,10599815.0,10600241.0,10600756.0,10601205.0,10601607.0,10601973.0,10602477.0,10602898.0,10603318.0,10603744.0,10604161.0,10604647.0,10605095.0,10605599.0,10606033.0,10606500.0,10606894.0,10607293.0,10607691.0,10608182.0,10608535.0,10608980.0,10609361.0,10609786.0,10610149.0,10610639.0,10611069.0,10611491.0,10611844.0,10612217.0,10612599.0,10612960.0,10613284.0,10613642.0,,,,,,,,,10616883.0,10617248.0,10617690.0,10618057.0,10618445.0,10618840.0,10619222.0,10619627.0,10620044.0,10620499.0,10620857.0,10621330.0,10621774.0,10622261.0,10622684.0,10623161.0,10623696.0,10624093.0,10624582.0,10624943.0,10625435.0,10625796.0,10626167.0,10626514.0,10626874.0,10627244.0,10627647.0,10628057.0,10628393.0,10628839.0,10629240.0,10629603.0,10630035.0,10630407.0,10630766.0,10631128.0,10631489.0,10631832.0,10632171.0,10632555.0,10632953.0,10633259.0,10633717.0,10634031.0,10634445.0,10634805.0,10635159.0,10635536.0,10636010.0,10636407.0,10636716.0,10637164.0,10637517.0,10637866.0,10638194.0,10638567.0,10638928.0,10639224.0,10639545.0,10640000.0,10640397.0,10640742.0,10641100.0,10641516.0,10641865.0,10642187.0,10642662.0,10643011.0,10643334.0,10643681.0,10644130.0,10644533.0,10644925.0,10645362.0,10645755.0,10646186.0,10646678.0,10647114.0,10647428.0,10647946.0,10648343.0,10648782.0,10649161.0,10649667.0,10650007.0,10650436.0,10650810.0,10651251.0,10651647.0,10652046.0,10652500.0,10652929.0,10653265.0,10653688.0,10654128.0,10654511.0,10654897.0,10655225.0,10655526.0,10655903.0,10656293.0,10656649.0,10657029.0,10657392.0,10657719.0,10658116.0,10658476.0,10658889.0,10659237.0,10659545.0,10659884.0,10660193.0,10660551.0,10660913.0,10661296.0,10661659.0,10662002.0,10662378.0,10662743.0,10663167.0,10663570.0,,10664397.0,10664813.0,10665204.0,10665641.0,10666025.0,10666479.0,10666929.0,10667352.0,10667778.0,10668227.0,10668611.0,10669039.0,10669388.0,10669820.0,10670302.0,10670763.0,10671164.0,10671604.0,10672025.0,10672421.0,10672801.0,10673219.0,10673547.0,10673930.0,10674394.0,10674791.0,10675148.0,10675477.0,10675907.0,10676336.0,10676777.0,10677192.0,10677572.0,10677990.0,10678377.0,10678803.0,10679221.0,10679782.0,10680264.0,10680712.0,10681146.0,10681582.0,10682034.0,10682474.0,10682902.0,10683384.0,10683848.0,10684309.0,10684797.0,10685255.0,10685736.0,10686307.0,10686848.0,10687373.0,10687829.0,10688290.0,10688761.0,10689178.0,10689705.0,10690215.0,10690649.0,10691070.0,10691481.0,10691960.0,10692485.0,10692904.0,10693398.0,10693833.0,10694293.0,10694744.0,10695207.0,10695703.0,10696154.0,10696633.0,10697165.0,10697658.0,10698179.0,10698672.0,10699130.0,10699586.0,10699997.0,10700498.0,10700943.0,10701392.0,10701952.0,10702394.0,10702805.0,10703280.0,10703724.0,10704155.0,10704629.0,10705068.0,10705436.0,10705887.0,10706265.0,10706742.0,10707212.0,10707661.0,10708179.0,10708683.0,10709146.0,10709593.0,10710008.0,10710479.0,10710890.0,10711248.0,10711640.0,10712064.0,10712441.0,10712821.0,10713245.0,10713699.0,10714212.0,10714608
DZMvTz5ixYo,2597572.0,2598285.0,2599054.0,2599889.0,2600629.0,2601475.0,2602226.0,2603024.0,2603744.0,2604572.0,2605345.0,2606107.0,2606822.0,2607645.0,2608458.0,2609246.0,2610086.0,2610829.0,2611580.0,2612394.0,2613207.0,2614026.0,2614900.0,2615764.0,2616609.0,2617415.0,2618291.0,2619246.0,2620161.0,2621095.0,2621965.0,2622750.0,2623642.0,2624587.0,2625567.0,2626670.0,2627840.0,2628882.0,2629858.0,2630942.0,2631998.0,2632918.0,2633894.0,2635041.0,2636107.0,2637114.0,2638058.0,2638951.0,2639935.0,2640992.0,2642108.0,2643206.0,2644218.0,2645188.0,2646120.0,2647026.0,2647931.0,2648973.0,2649924.0,2650756.0,2651615.0,2652497.0,2653352.0,2654078.0,2654768.0,2655431.0,2656187.0,2656996.0,2657612.0,2658487.0,2659198.0,2659821.0,2660447.0,2661019.0,2661741.0,2662588.0,2663403.0,2664213.0,2665060.0,2665823.0,2666494.0,2667480.0,2668291.0,2669087.0,2669902.0,2670742.0,2671468.0,2672250.0,2673226.0,2674328.0,2675360.0,2676251.0,2677037.0,2677807.0,2678515.0,2679312.0,2680024.0,2680708.0,2681580.0,2682267.0,2682958.0,2683691.0,2684584.0,2685474.0,2686320.0,2687085.0,2687873.0,2688694.0,2689403.0,2690064.0,2690783.0,2691559.0,2692511.0,2693309.0,2694039.0,2694660.0,2695368.0,2696021.0,2696823.0,2697467.0,2698122.0,2698768.0,2699387.0,2700049.0,2700774.0,2701469.0,2702215.0,2702914.0,2703548.0,2704169.0,2704792.0,2705451.0,2706114.0,2706634.0,,,,,,,,,2712646.0,2713171.0,2713840.0,2714510.0,2715210.0,2715855.0,2716406.0,2716983.0,2717611.0,2718269.0,2718897.0,2719586.0,2720217.0,2720856.0,2721370.0,2722017.0,2722541.0,2723242.0,2724002.0,2724734.0,2725393.0,2726046.0,2726625.0,2727274.0,2727875.0,2728489.0,2729106.0,2729802.0,2730415.0,2731134.0,2731815.0,2732527.0,2733278.0,2733948.0,2734613.0,2735216.0,2735770.0,2736454.0,2737054.0,2737734.0,2738408.0,2739022.0,2739686.0,2740313.0,2741000.0,2741649.0,2742352.0,2743090.0,2743690.0,2744351.0,2745049.0,2745737.0,2746445.0,2747027.0,2747738.0,2748388.0,2749103.0,2749753.0,2750452.0,2751116.0,2751779.0,2752389.0,2753001.0,2753720.0,2754374.0,2755016.0,2755731.0,2756458.0,2757080.0,2757678.0,2758342.0,2758964.0,2759817.0,2760441.0,2761103.0,2761715.0,2762368.0,2762993.0,2763664.0,2764267.0,2764973.0,2765582.0,2766305.0,2766933.0,2767487.0,2768018.0,2768567.0,2769247.0,2769920.0,2770484.0,2771101.0,2771724.0,2772304.0,2772942.0,2773638.0,2774311.0,2775015.0,2775761.0,2776368.0,2777005.0,2777620.0,2778209.0,2778800.0,2779397.0,2780078.0,2780752.0,2781358.0,2782049.0,2782657.0,2783326.0,2783974.0,2784639.0,2785363.0,2785934.0,2786571.0,2787133.0,2787760.0,2788366.0,2788996.0,2789619.0,2790197.0,,2791505.0,2792160.0,2792815.0,2793450.0,2794161.0,2794773.0,2795455.0,2796103.0,2796853.0,2797561.0,2798245.0,2798855.0,2799497.0,2800159.0,2800867.0,2801593.0,2802257.0,2803112.0,2803820.0,2804535.0,2805285.0,2806053.0,2806722.0,2807355.0,2808064.0,2808620.0,2809145.0,2809716.0,2810409.0,2811020.0,2811763.0,2812401.0,2812984.0,2813573.0,2814145.0,2814742.0,2815587.0,2816364.0,2817083.0,2817724.0,2818386.0,2818975.0,2819709.0,2820385.0,2821007.0,2821643.0,2822258.0,2822967.0,2823621.0,2824255.0,2824811.0,2825496.0,2826169.0,2826852.0,2827475.0,2828202.0,2828922.0,2829717.0,2830490.0,2831304.0,2832024.0,2832708.0,2833406.0,2834181.0,2835074.0,2835834.0,2836414.0,2837157.0,2837762.0,2838395.0,2839110.0,2839766.0,2840625.0,2841355.0,2842166.0,2842938.0,2843804.0,2844608.0,2845339.0,2846151.0,2846927.0,2847722.0,2848398.0,2849260.0,2850065.0,2850836.0,2851716.0,2852586.0,2853357.0,2854120.0,2854882.0,2855631.0,2856334.0,2857082.0,2857772.0,2858495.0,2859210.0,2859945.0,2860804.0,2861666.0,2862351.0,2863194.0,2863890.0,2864616.0,2865414.0,2866232.0,2867017.0,2867885.0,2868653.0,2869525.0,2870275.0,2870921.0,2871662.0,2872415
yEgyvw5NECI,4916821.0,4916890.0,4916983.0,4917062.0,4917140.0,4917204.0,4917274.0,4917346.0,4917403.0,4917489.0,4917567.0,4917621.0,4917693.0,4917734.0,4917794.0,4917848.0,4917916.0,4917981.0,4918130.0,4918404.0,4918790.0,4918977.0,4919081.0,4919180.0,4919287.0,4919376.0,4919475.0,4919575.0,4919647.0,4919717.0,4919784.0,4919876.0,4919983.0,4920041.0,4920108.0,4920175.0,4920267.0,4920335.0,4920405.0,4920472.0,4920551.0,4920625.0,4920671.0,4920741.0,4920812.0,4920873.0,4920925.0,4920993.0,4921032.0,4921113.0,4921152.0,4921215.0,4921285.0,4921329.0,4921382.0,4921444.0,4921489.0,4921539.0,4921616.0,4921693.0,4921768.0,4921876.0,4921949.0,4922023.0,4922084.0,4922146.0,4922207.0,4922276.0,4922326.0,4922394.0,4922438.0,4922508.0,4922588.0,4922630.0,4922675.0,4922714.0,4922756.0,4922818.0,4922861.0,4922934.0,4922979.0,4923014.0,4923075.0,4923126.0,4923180.0,4923224.0,4923287.0,4923336.0,4923376.0,4923405.0,4923447.0,4923504.0,4923551.0,4923616.0,4923676.0,4923739.0,4923799.0,4923864.0,4923923.0,4923994.0,4924065.0,4924144.0,4924194.0,4924241.0,4924300.0,4924354.0,4924430.0,4924464.0,4924520.0,4924571.0,4924622.0,4924678.0,4924730.0,4924795.0,4924867.0,4924931.0,4924986.0,4925053.0,4925095.0,4925139.0,4925203.0,4925260.0,4925325.0,4925372.0,4925421.0,4925470.0,4925512.0,4925566.0,4925609.0,4925644.0,4925689.0,4925735.0,4925763.0,4925797.0,,,,,,,,,4926224.0,4926263.0,4926335.0,4926399.0,4926469.0,4926520.0,4926562.0,4926619.0,4926666.0,4926727.0,4926775.0,4926825.0,4926879.0,4926951.0,4927022.0,4927075.0,4927147.0,4927211.0,4927264.0,4927317.0,4927377.0,4927430.0,4927501.0,4927555.0,4927618.0,4927673.0,4927719.0,4927775.0,4927841.0,4927901.0,4927969.0,4928034.0,4928085.0,4928144.0,4928189.0,4928255.0,4928304.0,4928355.0,4928393.0,4928438.0,4928489.0,4928532.0,4928598.0,4928670.0,4928711.0,4928768.0,4928819.0,4928881.0,4928932.0,4928971.0,4929015.0,4929059.0,4929119.0,4929151.0,4929209.0,4929248.0,4929295.0,4929363.0,4929402.0,4929457.0,4929506.0,4929550.0,4929608.0,4929689.0,4929758.0,4929809.0,4929873.0,4929929.0,4930001.0,4930059.0,4930128.0,4930176.0,4930239.0,4930305.0,4930366.0,4930417.0,4930471.0,4930544.0,4930614.0,4930667.0,4930737.0,4930791.0,4930839.0,4930918.0,4930975.0,4931016.0,4931075.0,4931118.0,4931170.0,4931216.0,4931265.0,4931321.0,4931374.0,4931419.0,4931477.0,4931525.0,4931579.0,4931636.0,4931687.0,4931747.0,4931821.0,4931906.0,4931979.0,4932028.0,4932078.0,4932136.0,4932207.0,4932253.0,4932315.0,4932357.0,4932410.0,4932470.0,4932528.0,4932585.0,4932653.0,4932701.0,4932741.0,4932800.0,4932869.0,4932965.0,4933026.0,,4933181.0,4933248.0,4933306.0,4933386.0,4933452.0,4933505.0,4933558.0,4933619.0,4933679.0,4933732.0,4933790.0,4933861.0,4933919.0,4933969.0,4934013.0,4934082.0,4934129.0,4934187.0,4934247.0,4934333.0,4934417.0,4934458.0,4934508.0,4934558.0,4934607.0,4934671.0,4934737.0,4934791.0,4934852.0,4934898.0,4934955.0,4935022.0,4935115.0,4935162.0,4935235.0,4935287.0,4935341.0,4935410.0,4935504.0,4935575.0,4935645.0,4935710.0,4935766.0,4935853.0,4935905.0,4935963.0,4936022.0,4936062.0,4936118.0,4936193.0,4936238.0,4936302.0,4936366.0,4936430.0,4936484.0,4936545.0,4936608.0,4936666.0,4936735.0,4936782.0,4936826.0,4936880.0,4936945.0,4936989.0,4937032.0,4937080.0,4937156.0,4937239.0,4937315.0,4937374.0,4937442.0,4937514.0,4937616.0,4937670.0,4937753.0,4937819.0,4937889.0,4937979.0,4938034.0,4938081.0,4938144.0,4938209.0,4938270.0,4938313.0,4938377.0,4938432.0,4938489.0,4938541.0,4938590.0,4938650.0,4938727.0,4938784.0,4938844.0,4938913.0,4938969.0,4939041.0,4939103.0,4939163.0,4939242.0,4939307.0,4939374.0,4939429.0,4939500.0,4939565.0,4939600.0,4939640.0,4939684.0,4939747.0,4939810.0,4939893.0,4939952.0,4940014.0,4940062.0,4940108
NAlvwy0BgkM,62534.0,62612.0,62672.0,62751.0,62849.0,62945.0,63024.0,63149.0,63277.0,63396.0,63494.0,63712.0,63892.0,64051.0,64227.0,64358.0,64485.0,64577.0,64747.0,64901.0,65056.0,65208.0,65326.0,65453.0,65551.0,65710.0,65874.0,66070.0,66295.0,66495.0,66637.0,66749.0,66877.0,67018.0,67157.0,67303.0,67475.0,67627.0,67700.0,67803.0,67910.0,68012.0,68124.0,68221.0,68313.0,68405.0,68512.0,68650.0,68769.0,68894.0,69015.0,69093.0,69187.0,69293.0,69383.0,69461.0,69615.0,69753.0,69919.0,70056.0,70227.0,70426.0,70626.0,70814.0,71041.0,71214.0,71360.0,71586.0,71798.0,71992.0,72162.0,72327.0,72492.0,72623.0,72798.0,72969.0,73168.0,73384.0,73605.0,73754.0,73885.0,74050.0,74208.0,74369.0,74542.0,74689.0,74822.0,74923.0,75045.0,75184.0,75347.0,75501.0,75695.0,75830.0,75954.0,76135.0,76313.0,76550.0,76719.0,76900.0,77040.0,77187.0,77423.0,77596.0,77793.0,77973.0,78176.0,78311.0,78433.0,78554.0,78678.0,78819.0,78943.0,79070.0,79186.0,79275.0,79380.0,79492.0,79595.0,79721.0,79846.0,79924.0,80029.0,80127.0,80235.0,80349.0,80416.0,80520.0,80629.0,80722.0,80807.0,80894.0,80971.0,81034.0,,,,,,,,,82200.0,82370.0,82566.0,82806.0,82983.0,83350.0,83609.0,83772.0,83917.0,84019.0,84169.0,84308.0,84441.0,84550.0,84669.0,84798.0,84895.0,84998.0,85117.0,85230.0,85312.0,85388.0,85491.0,85582.0,85659.0,85763.0,85851.0,85924.0,85981.0,86041.0,86101.0,86164.0,86248.0,86317.0,86393.0,86449.0,86518.0,86596.0,86664.0,86733.0,86831.0,86924.0,87003.0,87066.0,87167.0,87264.0,87356.0,87452.0,87553.0,87639.0,87696.0,87776.0,87853.0,87946.0,88025.0,88112.0,88162.0,88233.0,88305.0,88407.0,88496.0,88572.0,88642.0,88724.0,88781.0,88851.0,88952.0,89029.0,89094.0,89180.0,89242.0,89303.0,89399.0,89503.0,89579.0,89689.0,89770.0,89835.0,89887.0,89990.0,90081.0,90168.0,90265.0,90372.0,90456.0,90523.0,90605.0,90694.0,90787.0,90867.0,90961.0,91073.0,91164.0,91306.0,91437.0,91618.0,91759.0,91910.0,92008.0,92128.0,92266.0,92421.0,92581.0,92725.0,92841.0,92931.0,93014.0,93120.0,93260.0,93359.0,93466.0,93581.0,93659.0,93729.0,93823.0,93909.0,94005.0,94102.0,94199.0,94262.0,94324.0,,94519.0,94629.0,94729.0,94843.0,94927.0,95007.0,95074.0,95148.0,95243.0,95338.0,95456.0,95552.0,95625.0,95727.0,95812.0,95880.0,95949.0,96047.0,96107.0,96170.0,96267.0,96373.0,96456.0,96545.0,96622.0,96686.0,96787.0,96892.0,97001.0,97122.0,97221.0,97351.0,97464.0,97555.0,97681.0,97825.0,97923.0,98047.0,98181.0,98269.0,98374.0,98515.0,98656.0,98783.0,98963.0,99090.0,99201.0,99354.0,99530.0,99748.0,99925.0,100080.0,100220.0,100332.0,100426.0,100542.0,100692.0,100773.0,100887.0,100993.0,101070.0,101139.0,101223.0,101323.0,101441.0,101578.0,101799.0,101934.0,102031.0,102175.0,102299.0,102479.0,102643.0,102778.0,102906.0,103030.0,103195.0,103368.0,103530.0,103655.0,103819.0,103935.0,104036.0,104124.0,104258.0,104357.0,104438.0,104569.0,104666.0,104736.0,104807.0,104885.0,104974.0,105073.0,105199.0,105282.0,105349.0,105449.0,105558.0,105634.0,105737.0,105848.0,105911.0,105975.0,106251.0,106788.0,107325.0,107873.0,108412.0,108952.0,109357.0,109974.0,110755.0,111417
EosfZCXaZ5Y,1551021.0,1551055.0,1551115.0,1551171.0,1551242.0,1551292.0,1551349.0,1551403.0,1551455.0,1551508.0,1551576.0,1551615.0,1551656.0,1551694.0,1551728.0,1551774.0,1551830.0,1551896.0,1551981.0,1552118.0,1552277.0,1552358.0,1552426.0,1552483.0,1552524.0,1552591.0,1552652.0,1552698.0,1552750.0,1552795.0,1552831.0,1552881.0,1552931.0,1552977.0,1553017.0,1553050.0,1553088.0,1553142.0,1553186.0,1553233.0,1553274.0,1553313.0,1553353.0,1553393.0,1553447.0,1553491.0,1553525.0,1553558.0,1553594.0,1553631.0,1553663.0,1553702.0,1553741.0,1553787.0,1553827.0,1553859.0,1553884.0,1553917.0,1553952.0,1554002.0,1554036.0,1554094.0,1554129.0,1554171.0,1554210.0,1554255.0,1554289.0,1554332.0,1554367.0,1554406.0,1554438.0,1554477.0,1554525.0,1554559.0,1554590.0,1554636.0,1554677.0,1554708.0,1554743.0,1554772.0,1554804.0,1554849.0,1554877.0,1554915.0,1554941.0,1554965.0,1555000.0,1555038.0,1555076.0,1555096.0,1555132.0,1555172.0,1555200.0,1555242.0,1555276.0,1555312.0,1555341.0,1555377.0,1555421.0,1555469.0,1555599.0,1555719.0,1555777.0,1555823.0,1555855.0,1555891.0,1555946.0,1555983.0,1556022.0,1556063.0,1556087.0,1556124.0,1556158.0,1556189.0,1556232.0,1556268.0,1556299.0,1556330.0,1556349.0,1556388.0,1556418.0,1556457.0,1556494.0,1556521.0,1556546.0,1556573.0,1556594.0,1556629.0,1556661.0,1556684.0,1556707.0,1556733.0,1556753.0,1556784.0,,,,,,,,,1557059.0,1557085.0,1557116.0,1557143.0,1557175.0,1557207.0,1557233.0,1557276.0,1557306.0,1557337.0,1557369.0,1557407.0,1557438.0,1557475.0,1557531.0,1557566.0,1557590.0,1557627.0,1557663.0,1557681.0,1557717.0,1557747.0,1557795.0,1557821.0,1557844.0,1557866.0,1557881.0,1557898.0,1557929.0,1557947.0,1557987.0,1558019.0,1558044.0,1558070.0,1558097.0,1558129.0,1558152.0,1558189.0,1558215.0,1558229.0,1558262.0,1558294.0,1558323.0,1558367.0,1558391.0,1558412.0,1558446.0,1558490.0,1558511.0,1558536.0,1558563.0,1558592.0,1558614.0,1558647.0,1558674.0,1558693.0,1558728.0,1558754.0,1558777.0,1558793.0,1558817.0,1558853.0,1558877.0,1558906.0,1558939.0,1558961.0,1558989.0,1559013.0,1559044.0,1559065.0,1559095.0,1559120.0,1559161.0,1559181.0,1559208.0,1559235.0,1559257.0,1559298.0,1559325.0,1559350.0,1559375.0,1559392.0,1559422.0,1559447.0,1559470.0,1559514.0,1559545.0,1559578.0,1559605.0,1559631.0,1559653.0,1559690.0,1559727.0,1559761.0,1559806.0,1559840.0,1559884.0,1559921.0,1559952.0,1559988.0,1560014.0,1560044.0,1560078.0,1560104.0,1560125.0,1560171.0,1560193.0,1560228.0,1560258.0,1560287.0,1560321.0,1560351.0,1560365.0,1560388.0,1560414.0,1560439.0,1560464.0,1560508.0,1560544.0,1560586.0,1560619.0,,1560669.0,1560705.0,1560754.0,1560785.0,1560818.0,1560846.0,1560867.0,1560902.0,1560942.0,1560964.0,1560993.0,1561015.0,1561043.0,1561069.0,1561094.0,1561124.0,1561153.0,1561210.0,1561241.0,1561267.0,1561299.0,1561337.0,1561352.0,1561376.0,1561412.0,1561442.0,1561468.0,1561490.0,1561516.0,1561538.0,1561570.0,1561602.0,1561648.0,1561685.0,1561726.0,1561784.0,1561825.0,1561874.0,1561929.0,1561980.0,1562022.0,1562068.0,1562103.0,1562147.0,1562186.0,1562228.0,1562263.0,1562305.0,1562349.0,1562396.0,1562429.0,1562457.0,1562512.0,1562571.0,1562615.0,1562657.0,1562687.0,1562715.0,1562747.0,1562788.0,1562830.0,1562870.0,1562910.0,1562929.0,1562971.0,1562997.0,1563031.0,1563066.0,1563089.0,1563124.0,1563155.0,1563184.0,1563220.0,1563242.0,1563290.0,1563325.0,1563352.0,1563379.0,1563413.0,1563447.0,1563474.0,1563510.0,1563552.0,1563583.0,1563624.0,1563676.0,1563714.0,1563754.0,1563795.0,1563832.0,1563865.0,1563903.0,1563947.0,1563979.0,1564017.0,1564060.0,1564097.0,1564119.0,1564155.0,1564183.0,1564217.0,1564261.0,1564297.0,1564328.0,1564372.0,1564416.0,1564454.0,1564491.0,1564534.0,1564573.0,1564612.0,1564648.0,1564686.0,1564719
HyENwJxjuQQ,169694.0,169742.0,169804.0,169847.0,169953.0,170042.0,170117.0,170200.0,170259.0,170312.0,170374.0,170435.0,170477.0,170529.0,170569.0,170626.0,170663.0,170696.0,170745.0,170779.0,170837.0,170896.0,170930.0,170967.0,170987.0,171014.0,171036.0,171077.0,171109.0,171139.0,171169.0,171191.0,171228.0,171257.0,171281.0,171306.0,171332.0,171358.0,171384.0,171411.0,171426.0,171458.0,171485.0,171522.0,171551.0,171566.0,171580.0,171594.0,171618.0,171644.0,171684.0,171707.0,171735.0,171767.0,171795.0,171824.0,171845.0,171860.0,171891.0,171902.0,171933.0,171948.0,171974.0,172006.0,172023.0,172046.0,172060.0,172089.0,172110.0,172142.0,172162.0,172183.0,172208.0,172226.0,172250.0,172280.0,172303.0,172325.0,172340.0,172366.0,172382.0,172410.0,172439.0,172470.0,172495.0,172525.0,172535.0,172556.0,172578.0,172595.0,172619.0,172647.0,172661.0,172680.0,172693.0,172715.0,172740.0,172777.0,172799.0,172817.0,172831.0,172843.0,172856.0,172882.0,172903.0,172918.0,172939.0,172951.0,172975.0,173001.0,173017.0,173038.0,173062.0,173088.0,173102.0,173116.0,173137.0,173157.0,173172.0,173199.0,173219.0,173235.0,173251.0,173268.0,173276.0,173290.0,173301.0,173318.0,173327.0,173338.0,173350.0,173374.0,173387.0,173401.0,,,,,,,,,173588.0,173599.0,173618.0,173639.0,173664.0,173690.0,173704.0,173719.0,173732.0,173755.0,173769.0,173779.0,173803.0,173828.0,173844.0,173863.0,173883.0,173910.0,173936.0,173954.0,173969.0,173980.0,173997.0,174011.0,174025.0,174049.0,174061.0,174072.0,174081.0,174100.0,174116.0,174125.0,174148.0,174164.0,174183.0,174196.0,174219.0,174235.0,174259.0,174283.0,174312.0,174331.0,174349.0,174371.0,174388.0,174404.0,174423.0,174440.0,174463.0,174476.0,174489.0,174510.0,174532.0,174543.0,174557.0,174578.0,174594.0,174609.0,174627.0,174647.0,174665.0,174673.0,174681.0,174689.0,174708.0,174727.0,174752.0,174777.0,174787.0,174807.0,174825.0,174841.0,174852.0,174867.0,174894.0,174925.0,174943.0,174961.0,174977.0,174992.0,175004.0,175013.0,175032.0,175054.0,175070.0,175079.0,175097.0,175116.0,175137.0,175156.0,175167.0,175184.0,175200.0,175221.0,175245.0,175266.0,175285.0,175310.0,175318.0,175327.0,175346.0,175367.0,175379.0,175399.0,175413.0,175429.0,175441.0,175457.0,175478.0,175495.0,175512.0,175531.0,175540.0,175550.0,175563.0,175583.0,175606.0,175628.0,175645.0,175660.0,175681.0,,175707.0,175744.0,175766.0,175806.0,175828.0,175845.0,175865.0,175886.0,175906.0,175921.0,175933.0,175951.0,175961.0,175977.0,175996.0,176014.0,176041.0,176068.0,176097.0,176114.0,176137.0,176157.0,176182.0,176208.0,176226.0,176242.0,176261.0,176283.0,176298.0,176319.0,176340.0,176377.0,176389.0,176407.0,176422.0,176435.0,176451.0,176472.0,176488.0,176502.0,176512.0,176531.0,176543.0,176564.0,176588.0,176619.0,176641.0,176657.0,176684.0,176714.0,176746.0,176776.0,176799.0,176840.0,176862.0,176877.0,176903.0,176927.0,176964.0,177005.0,177040.0,177075.0,177111.0,177151.0,177187.0,177242.0,177288.0,177333.0,177368.0,177411.0,177460.0,177499.0,177539.0,177592.0,177645.0,177683.0,177724.0,177760.0,177815.0,177859.0,177895.0,177921.0,177949.0,177981.0,178016.0,178042.0,178064.0,178084.0,178106.0,178130.0,178170.0,178205.0,178228.0,178255.0,178277.0,178307.0,178323.0,178346.0,178369.0,178392.0,178429.0,178456.0,178478.0,178511.0,178541.0,178585.0,178617.0,178661.0,178695.0,178718.0,178739.0,178767.0,178806.0,178836
K3JGhIkExzo,41425929.0,41428637.0,41432482.0,41436191.0,41440150.0,41443773.0,41447381.0,41451206.0,41454301.0,41457546.0,41460778.0,41463509.0,41466411.0,41469461.0,41472827.0,41475790.0,41478958.0,41482444.0,41485453.0,41488135.0,41491113.0,41494186.0,41497199.0,41500310.0,41503556.0,41506181.0,41509643.0,41513614.0,41516812.0,41519542.0,41522344.0,41525531.0,41528269.0,41530931.0,41534021.0,41536534.0,41539066.0,41541729.0,41544532.0,41547433.0,41549956.0,41552240.0,41554762.0,41557277.0,41560099.0,41562975.0,41565684.0,41568472.0,41571231.0,41574015.0,41576597.0,41579284.0,41581958.0,41584652.0,41587366.0,41589899.0,41592589.0,41595288.0,41597946.0,41600447.0,41602971.0,41605598.0,41608229.0,41610839.0,41613529.0,41616097.0,41618681.0,41621261.0,41623219.0,41625729.0,41627665.0,41629640.0,41631585.0,41635316.0,41637598.0,41639665.0,41641715.0,41643550.0,41645626.0,41647581.0,41649568.0,41651472.0,41653216.0,41655042.0,41656953.0,41658834.0,41665709.0,41669259.0,41671329.0,41672910.0,41675495.0,41674055.0,41676075.0,41678211.0,41680235.0,41682180.0,41684347.0,41686554.0,41688993.0,41691351.0,41694454.0,41698208.0,41701782.0,41704902.0,41707713.0,41710275.0,41712561.0,41714998.0,41717622.0,41720013.0,41722129.0,41724763.0,41726947.0,41729059.0,41731521.0,41734245.0,41736983.0,41739724.0,41742377.0,41744944.0,41747275.0,41749806.0,41752395.0,41754985.0,41757705.0,41759997.0,41762395.0,41765141.0,41767950.0,41770598.0,41773206.0,41775583.0,41778151.0,41780926.0,,,,,,,,,41805048.0,41807536.0,41809591.0,41811460.0,41813540.0,41815950.0,41817965.0,41820113.0,41822679.0,41825150.0,41827606.0,41830042.0,41832591.0,41835158.0,41837972.0,41840678.0,41843106.0,41846115.0,41849840.0,41852891.0,41855612.0,41858556.0,41861438.0,41864308.0,41867681.0,41870781.0,41873589.0,41876440.0,41879309.0,41882235.0,41884970.0,41887723.0,41890621.0,41893221.0,41895867.0,41898664.0,41901434.0,41903771.0,41906144.0,41908422.0,41910633.0,41912527.0,41914710.0,41917009.0,41919048.0,41921302.0,41923332.0,41925366.0,41927393.0,41929246.0,41931199.0,41932889.0,41934687.0,41936580.0,41938538.0,41940433.0,41942374.0,41944284.0,41946019.0,41947979.0,41949986.0,41952036.0,41954409.0,41957086.0,41959876.0,41962860.0,41965571.0,41968368.0,41970368.0,41972380.0,41974455.0,41976540.0,41978693.0,41980963.0,41983214.0,41985415.0,41987726.0,41989873.0,41992294.0,41994556.0,41996487.0,41998290.0,42000569.0,42003547.0,42005905.0,42008223.0,42010070.0,42011880.0,42013906.0,42015894.0,42017724.0,42019774.0,42021818.0,42023595.0,42025415.0,42027288.0,42029237.0,42031027.0,42032998.0,42034842.0,42036682.0,42038585.0,42040694.0,42042622.0,42044410.0,42046083.0,42047954.0,42049589.0,42051341.0,42053255.0,42054916.0,42056720.0,42058497.0,42060203.0,42061984.0,42063538.0,42065066.0,42066685.0,42068458.0,42070394.0,42072277.0,,42075665.0,42077246.0,42078965.0,42080491.0,42082103.0,42084033.0,42085781.0,42087110.0,42088892.0,42090467.0,42092084.0,42093719.0,42095430.0,42097157.0,42098569.0,42100179.0,42101704.0,42103445.0,42105313.0,42106773.0,42108118.0,42109699.0,42111160.0,42112538.0,42114123.0,42115661.0,42117062.0,42118409.0,42119709.0,42120857.0,42121972.0,42123487.0,42124950.0,42126348.0,42127844.0,42129462.0,42131065.0,42132640.0,42134287.0,42135959.0,42137645.0,42139226.0,42140646.0,42142136.0,42144249.0,42146047.0,42148176.0,42150453.0,42152445.0,42154363.0,42156198.0,42158012.0,42159841.0,42161936.0,42164308.0,42166172.0,42168140.0,42170175.0,42172129.0,42174032.0,42176420.0,42178763.0,42180652.0,42182567.0,42184614.0,42186500.0,42188427.0,42190377.0,42192371.0,42194382.0,42196359.0,42198212.0,42199987.0,42201668.0,42203805.0,42205985.0,42207870.0,42209714.0,42211630.0,42213178.0,42214593.0,42216277.0,42218034.0,42219593.0,42221011.0,42222594.0,42224082.0,42225597.0,42227348.0,42229061.0,42230608.0,42232140.0,42233695.0,42235123.0,42236551.0,42238090.0,42239618.0,42241004.0,42242416.0,42244086.0,42245563.0,42247131.0,42248741.0,42250807.0,42252459.0,42253942.0,42255462.0,42257061.0,42258493.0,42260171.0,42261860.0,42263299.0,42264888.0,42266594
gX-kRZi2PXc,15813229.0,15815299.0,15818083.0,15820995.0,15823530.0,15825941.0,15828327.0,15830894.0,15833271.0,15835719.0,15838234.0,15840463.0,15842660.0,15844795.0,15847420.0,15849627.0,15851964.0,15854594.0,15857020.0,15859154.0,15861423.0,15863874.0,15866026.0,15868423.0,15870977.0,15873087.0,15875603.0,15878758.0,15880971.0,15883328.0,15885452.0,15887815.0,15889824.0,15891789.0,15893934.0,15895829.0,15897711.0,15899968.0,15902402.0,15904154.0,15906348.0,15908220.0,15910157.0,15911825.0,15913696.0,15915544.0,15917556.0,15919693.0,15921985.0,15924132.0,15926036.0,15928248.0,15930365.0,15932569.0,15934663.0,15936494.0,15938266.0,15940491.0,15942454.0,15944441.0,15946240.0,15948205.0,15950172.0,15952238.0,15954330.0,15956176.0,15958178.0,15960098.0,15961858.0,15964189.0,15966075.0,15967990.0,15969881.0,15971743.0,15973516.0,15975230.0,15977030.0,15978813.0,15980715.0,15982550.0,15984213.0,15985888.0,15987664.0,15989362.0,15991005.0,15992566.0,15994187.0,15995876.0,15997376.0,15999168.0,16001190.0,16002974.0,16004650.0,16006377.0,16007940.0,16009920.0,16012610.0,16015147.0,16017875.0,16020578.0,16023610.0,16028063.0,16032348.0,16036014.0,16039166.0,16042063.0,16044605.0,16047159.0,16049789.0,16052248.0,16054697.0,16056793.0,16058657.0,16060476.0,16062616.0,16065057.0,16067177.0,16069474.0,16071635.0,16073717.0,16075762.0,16077897.0,16079972.0,16082678.0,16085796.0,16088224.0,16090474.0,16093074.0,16095463.0,16097645.0,16099747.0,16101732.0,16103744.0,16105721.0,,,,,,,,,16124296.0,16126660.0,16128626.0,16130412.0,16132285.0,16134305.0,16136120.0,16138108.0,16140342.0,16142487.0,16144848.0,16147104.0,16149253.0,16151264.0,16153351.0,16155451.0,16157303.0,16160578.0,16164639.0,16167671.0,16170161.0,16172449.0,16174997.0,16177480.0,16180518.0,16183057.0,16185713.0,16188054.0,16190552.0,16193444.0,16196123.0,16198927.0,16201647.0,16203958.0,16206250.0,16208705.0,16211122.0,16213216.0,16215570.0,16217738.0,16219791.0,16221745.0,16223966.0,16226389.0,16228580.0,16230607.0,16232457.0,16234280.0,16236043.0,16237530.0,16239331.0,16240778.0,16242320.0,16243958.0,16245583.0,16247183.0,16248844.0,16250401.0,16251978.0,16253785.0,16255496.0,16257325.0,16258872.0,16260537.0,16262381.0,16264562.0,16266588.0,16268428.0,16269411.0,16270802.0,16272215.0,16273663.0,16275144.0,16276602.0,16278297.0,16279768.0,16281393.0,16283080.0,16284946.0,16286727.0,16288187.0,16289514.0,16290960.0,16292640.0,16294189.0,16295915.0,16297365.0,16298792.0,16300385.0,16301972.0,16303370.0,16305068.0,16306844.0,16308468.0,16309723.0,16311407.0,16313071.0,16314532.0,16316078.0,16317631.0,16319190.0,16320574.0,16322036.0,16323691.0,16325094.0,16326403.0,16327847.0,16329009.0,16330378.0,16331948.0,16333201.0,16334514.0,16335834.0,16337209.0,16338513.0,16339829.0,16341091.0,16342318.0,16343614.0,16344923.0,16346283.0,,16348904.0,16349950.0,16351352.0,16352545.0,16353997.0,16355537.0,16356928.0,16358278.0,16359567.0,16360797.0,16361962.0,16363163.0,16364414.0,16365769.0,16366881.0,16368109.0,16369325.0,16370579.0,16371861.0,16373107.0,16374397.0,16375585.0,16376579.0,16377803.0,16379047.0,16380201.0,16381355.0,16382564.0,16383781.0,16384802.0,16385935.0,16387042.0,16388511.0,16389896.0,16391273.0,16392865.0,16394423.0,16396029.0,16397474.0,16398992.0,16400608.0,16402055.0,16403508.0,16405360.0,16407919.0,16410028.0,16412314.0,16414719.0,16416751.0,16418705.0,16420416.0,16421821.0,16423098.0,16424442.0,16426270.0,16427682.0,16429139.0,16430630.0,16431969.0,16433559.0,16435216.0,16436916.0,16438302.0,16439815.0,16441505.0,16443222.0,16444658.0,16446162.0,16447687.0,16449247.0,16450631.0,16451879.0,16453326.0,16454652.0,16455838.0,16457124.0,16458282.0,16459359.0,16460432.0,16461414.0,16462292.0,16463425.0,16464346.0,16465344.0,16466192.0,16467144.0,16468007.0,16468961.0,16469995.0,16471043.0,16472033.0,16472964.0,16473987.0,16474978.0,16475800.0,16476926.0,16477851.0,16478699.0,16479588.0,16480643.0,16481555.0,16482436.0,16483357.0,16484540.0,16485444.0,16486355.0,16487264.0,16488170.0,16489056.0,16490010.0,16490941.0,16491792.0,16492778.0,16493797
HUT81VaUeyY,10748622.0,10750714.0,10753053.0,10756187.0,10758474.0,10761300.0,10763654.0,10766053.0,10768263.0,10770497.0,10772991.0,10775189.0,10777204.0,10779145.0,10782034.0,10784553.0,10786924.0,10789592.0,10791863.0,10794000.0,10796450.0,10799357.0,10801756.0,10804270.0,10806921.0,10809052.0,10811755.0,10814862.0,10817612.0,10820005.0,10822163.0,10824490.0,10826529.0,10828739.0,10831074.0,10833309.0,10835356.0,10837389.0,10839346.0,10841331.0,10843165.0,10844991.0,10846899.0,10849114.0,10850904.0,10852889.0,10854866.0,10857037.0,10859230.0,10861452.0,10863453.0,10865666.0,10867984.0,10870363.0,10872733.0,10874891.0,10877247.0,10879694.0,10881952.0,10884223.0,10886506.0,10888785.0,10890970.0,10893191.0,10895282.0,10897359.0,10899135.0,10901285.0,10902938.0,10905132.0,10907092.0,10909099.0,10911040.0,10913069.0,10915060.0,10916988.0,10919065.0,10920983.0,10922737.0,10924453.0,10926202.0,10928077.0,10930020.0,10931905.0,10933757.0,10935488.0,10937233.0,10938912.0,10940647.0,10942922.0,10945121.0,10947080.0,10948772.0,10950534.0,10952128.0,10953802.0,10955983.0,10958049.0,10960528.0,10962730.0,10964919.0,10967966.0,10971138.0,10974072.0,10976560.0,10979028.0,10981572.0,10984008.0,10986402.0,10988427.0,10990369.0,10992139.0,10993833.0,10995445.0,10997351.0,10999433.0,11001589.0,11004031.0,11006278.0,11008352.0,11010517.0,11012680.0,11014846.0,11017035.0,11019376.0,11021358.0,11023456.0,11025778.0,11027995.0,11030150.0,11032254.0,11034024.0,11035875.0,11037744.0,,,,,,,,,11054513.0,11056566.0,11058043.0,11059827.0,11061463.0,11063098.0,11064488.0,11066090.0,11067939.0,11069670.0,11071834.0,11073642.0,11075479.0,11077303.0,11079133.0,11081034.0,11082643.0,11084888.0,11087259.0,11089389.0,11091613.0,11093848.0,11096063.0,11097975.0,11100039.0,11102167.0,11104047.0,11105925.0,11107822.0,11110167.0,11112360.0,11114632.0,11117152.0,11119406.0,11121455.0,11123534.0,11125728.0,11127729.0,11129870.0,11131588.0,11133607.0,11135415.0,11137380.0,11139926.0,11142438.0,11144620.0,11146455.0,11148559.0,11150450.0,11152543.0,11154502.0,11156124.0,11157666.0,11159336.0,11161055.0,11162759.0,11164393.0,11166291.0,11167913.0,11169493.0,11171045.0,11172725.0,11174235.0,11175930.0,11178018.0,11180383.0,11182540.0,11184440.0,11185704.0,11187196.0,11188657.0,11190035.0,11191469.0,11192885.0,11194639.0,11196223.0,11197761.0,11199529.0,11201423.0,11203167.0,11204775.0,11206224.0,11208011.0,11210075.0,11211948.0,11213744.0,11215464.0,11217138.0,11218559.0,11220460.0,11222046.0,11223692.0,11225383.0,11226949.0,11228492.0,11229960.0,11231573.0,11233169.0,11234783.0,11236356.0,11237876.0,11239432.0,11241122.0,11242706.0,11244162.0,11245500.0,11246854.0,11248220.0,11249769.0,11251341.0,11252775.0,11254325.0,11255796.0,11257186.0,11259090.0,11260506.0,11261886.0,11263403.0,11264936.0,11266612.0,11268310.0,,11271289.0,11272853.0,11274273.0,11275606.0,11277008.0,11278928.0,11280589.0,11282325.0,11283905.0,11285389.0,11286910.0,11288501.0,11289965.0,11291602.0,11292933.0,11294416.0,11295815.0,11297286.0,11298813.0,11300466.0,11301876.0,11303451.0,11305033.0,11306606.0,11308296.0,11309777.0,11311381.0,11312790.0,11314135.0,11315354.0,11316573.0,11317756.0,11319148.0,11320477.0,11321698.0,11323041.0,11324530.0,11325937.0,11327311.0,11328683.0,11330023.0,11331380.0,11332639.0,11334193.0,11336124.0,11337691.0,11339667.0,11341468.0,11343417.0,11345416.0,11346847.0,11348215.0,11349603.0,11351043.0,11352380.0,11354017.0,11355245.0,11356762.0,11358246.0,11359553.0,11360857.0,11362165.0,11363510.0,11364755.0,11366324.0,11367729.0,11369028.0,11370460.0,11371831.0,11373251.0,11374706.0,11375922.0,11377273.0,11378554.0,11379713.0,11380894.0,11381984.0,11383052.0,11384149.0,11385229.0,11386239.0,11387417.0,11388630.0,11389706.0,11390871.0,11391956.0,11393060.0,11394399.0,11395782.0,11397131.0,11398259.0,11399149.0,11400597.0,11401800.0,11402754.0,11404014.0,11405129.0,11406291.0,11407573.0,11408910.0,11410126.0,11411278.0,11412519.0,11413905.0,11415006.0,11416107.0,11417220.0,11418514.0,11419823.0,11421278.0,11422645.0,11423665.0,11424885.0,11426227
cB86qhv4zDk,1239262.0,1240080.0,1240939.0,1241656.0,1242415.0,1243253.0,1243994.0,1244730.0,1245497.0,1246203.0,1247000.0,1247765.0,1248529.0,1249208.0,1249951.0,1250704.0,1251373.0,1252119.0,1252781.0,1253369.0,1253855.0,1254574.0,1255148.0,1255879.0,1256542.0,1257194.0,1257893.0,1258409.0,1259061.0,1259645.0,1260187.0,1260657.0,1261287.0,1261845.0,1262421.0,1263003.0,1263606.0,1264211.0,1264759.0,1265458.0,1266083.0,1266768.0,1267300.0,1268006.0,1268512.0,1269064.0,1269605.0,1270137.0,1270666.0,1271332.0,1271932.0,1272453.0,1272959.0,1273536.0,1274052.0,1274595.0,1275077.0,1275630.0,1276136.0,1276582.0,1277134.0,1277643.0,1278178.0,1278687.0,1279196.0,1279736.0,1280264.0,1280776.0,1281268.0,1281844.0,1282354.0,1282881.0,1283295.0,1283812.0,1284299.0,1284844.0,1285449.0,1285933.0,1286562.0,1287060.0,1287492.0,1288026.0,1288606.0,1289164.0,1289743.0,1290268.0,1290880.0,1291587.0,1292197.0,1292783.0,1293451.0,1294093.0,1294599.0,1295254.0,1295810.0,1296399.0,1297023.0,1297659.0,1298371.0,1299078.0,1299718.0,1300445.0,1301132.0,1301954.0,1302693.0,1303405.0,1304078.0,1304661.0,1305343.0,1306153.0,1306909.0,1307608.0,1308452.0,1309080.0,1309785.0,1310348.0,1311082.0,1311772.0,1312473.0,1313115.0,1313863.0,1314452.0,1315069.0,1315649.0,1316298.0,1317028.0,1317622.0,1318374.0,1318962.0,1319614.0,1320195.0,1320730.0,1321358.0,1322053.0,,,,,,,,,1327721.0,1328192.0,1328730.0,1329305.0,1329889.0,1330510.0,1331234.0,1331901.0,1332607.0,1333360.0,1334026.0,1334765.0,1335446.0,1336165.0,1336750.0,1337409.0,1338127.0,1339132.0,1339895.0,1340484.0,1341138.0,1341794.0,1342293.0,1342916.0,1343519.0,1343949.0,1344497.0,1344986.0,1345440.0,1345959.0,1346421.0,1347008.0,1347481.0,1348036.0,1348577.0,1349049.0,1349478.0,1349992.0,1350445.0,1350991.0,1351452.0,1351973.0,1352418.0,1352825.0,1353284.0,1353690.0,1354151.0,1354663.0,1355138.0,1355663.0,1356047.0,1356531.0,1356935.0,1357411.0,1357852.0,1358332.0,1358731.0,1359139.0,1359553.0,1360037.0,1360428.0,1360853.0,1361224.0,1361656.0,1362071.0,1362538.0,1362942.0,1363253.0,1363479.0,1363833.0,1364201.0,1364608.0,1364983.0,1365423.0,1366018.0,1366492.0,1367003.0,1367413.0,1367905.0,1368335.0,1368771.0,1369221.0,1369636.0,1370246.0,1370712.0,1371158.0,1371560.0,1372046.0,1372505.0,1372890.0,1373362.0,1373772.0,1374187.0,1374652.0,1375148.0,1375624.0,1376072.0,1376634.0,1377080.0,1377513.0,1377964.0,1378477.0,1378934.0,1379329.0,1379743.0,1380102.0,1380467.0,1380870.0,1381335.0,1381759.0,1382233.0,1382680.0,1383002.0,1383399.0,1383764.0,1384178.0,1384576.0,1384976.0,1385369.0,1385786.0,1386191.0,,1386946.0,1387316.0,1387695.0,1388107.0,1388468.0,1388886.0,1389331.0,1389812.0,1390201.0,1390716.0,1391174.0,1391600.0,1391976.0,1392377.0,1392819.0,1393326.0,1393805.0,1394270.0,1394726.0,1395115.0,1395503.0,1395936.0,1396383.0,1396737.0,1397158.0,1397504.0,1397913.0,1398267.0,1398637.0,1398939.0,1399255.0,1399621.0,1399956.0,1400264.0,1400624.0,1400956.0,1401263.0,1401598.0,1401932.0,1402231.0,1402543.0,1402926.0,1403474.0,1404038.0,1404623.0,1405118.0,1405561.0,1406152.0,1406681.0,1407170.0,1407738.0,1408317.0,1408795.0,1409222.0,1409606.0,1410001.0,1410384.0,1410764.0,1411171.0,1411615.0,1412012.0,1412420.0,1412866.0,1413331.0,1413730.0,1414158.0,1414595.0,1415028.0,1415385.0,1415721.0,1416088.0,1416477.0,1416848.0,1417246.0,1417633.0,1418068.0,1418545.0,1419095.0,1419557.0,1419916.0,1420337.0,1420759.0,1421163.0,1421547.0,1421932.0,1422320.0,1422766.0,1423188.0,1423511.0,1423859.0,1424211.0,1424553.0,1424968.0,1425335.0,1425663.0,1425980.0,1426237.0,1426537.0,1426884.0,1427189.0,1427533.0,1427834.0,1428132.0,1428437.0,1428777.0,1429194.0,1429662.0,1430129.0,1430524.0,1430867.0,1431206.0,1431466.0,1431857.0,1432150
2MEkheK7GeE,955651.0,956634.0,957458.0,958316.0,959213.0,960072.0,960956.0,961756.0,962630.0,963329.0,964182.0,964959.0,965756.0,966616.0,967565.0,968364.0,969164.0,969944.0,970598.0,971234.0,971926.0,972609.0,973295.0,973916.0,974646.0,975315.0,976074.0,976709.0,977369.0,978094.0,978778.0,979323.0,979988.0,980720.0,981293.0,982021.0,982680.0,983425.0,983983.0,984640.0,985344.0,985949.0,986642.0,987344.0,987916.0,988505.0,989096.0,989753.0,990378.0,991073.0,991744.0,992335.0,992899.0,993629.0,994352.0,994934.0,995637.0,996277.0,996835.0,997388.0,997931.0,998614.0,999213.0,999916.0,1000587.0,1001196.0,1001835.0,1002365.0,1003000.0,1003685.0,1004368.0,1004905.0,1005362.0,1005968.0,1006583.0,1007144.0,1007716.0,1008336.0,1008919.0,1009447.0,1009988.0,1010579.0,1011101.0,1011711.0,1012187.0,1012745.0,1013318.0,1013824.0,1014322.0,1014863.0,1015466.0,1016017.0,1016511.0,1016997.0,1017524.0,1018135.0,1018654.0,1019297.0,1019872.0,1020418.0,1021101.0,1021732.0,1022517.0,1023250.0,1023934.0,1024519.0,1025128.0,1025698.0,1026271.0,1026934.0,1027464.0,1028147.0,1028772.0,1029402.0,1029927.0,1030510.0,1031099.0,1031798.0,1032377.0,1032936.0,1033579.0,1034152.0,1034674.0,1035204.0,1035696.0,1036373.0,1036877.0,1037617.0,1038128.0,1038696.0,1039196.0,1039749.0,1040227.0,1040795.0,,,,,,,,,1045354.0,1045873.0,1046397.0,1046895.0,1047378.0,1047936.0,1048539.0,1049039.0,1049604.0,1050213.0,1050803.0,1051310.0,1051864.0,1052481.0,1052962.0,1053418.0,1053879.0,1054415.0,1054950.0,1055389.0,1055857.0,1056299.0,1056698.0,1057166.0,1057713.0,1058126.0,1058489.0,1058951.0,1059404.0,1059836.0,1060240.0,1060694.0,1061195.0,1061715.0,1062128.0,1062539.0,1062911.0,1063346.0,1063760.0,1064203.0,1064708.0,1065138.0,1065587.0,1066002.0,1066432.0,1066863.0,1067308.0,1067738.0,1068227.0,1068653.0,1069018.0,1069404.0,1069837.0,1070332.0,1070723.0,1071196.0,1071574.0,1072016.0,1072428.0,1072926.0,1073330.0,1073795.0,1074218.0,1074575.0,1074965.0,1075385.0,1075742.0,1076045.0,1076293.0,1076640.0,1076954.0,1077318.0,1077738.0,1078223.0,1078628.0,1079053.0,1079523.0,1079916.0,1080304.0,1080643.0,1081084.0,1081480.0,1081928.0,1082371.0,1082752.0,1083220.0,1083652.0,1084147.0,1084519.0,1084922.0,1085358.0,1085679.0,1086043.0,1086473.0,1086855.0,1087260.0,1087672.0,1088101.0,1088565.0,1088905.0,1089291.0,1089803.0,1090268.0,1090617.0,1091082.0,1091440.0,1091807.0,1092169.0,1092497.0,1092821.0,1093185.0,1093559.0,1093939.0,1094301.0,1094686.0,1095071.0,1095465.0,1095824.0,1096202.0,1096567.0,1096849.0,,1097602.0,1098010.0,1098367.0,1098780.0,1099089.0,1099447.0,1099825.0,1100232.0,1100592.0,1100996.0,1101441.0,1101803.0,1102085.0,1102503.0,1102833.0,1103257.0,1103608.0,1103987.0,1104359.0,1104678.0,1104996.0,1105309.0,1105673.0,1105996.0,1106371.0,1106693.0,1107064.0,1107379.0,1107734.0,1108058.0,1108384.0,1108731.0,1109159.0,1109530.0,1109910.0,1110297.0,1110632.0,1111020.0,1111383.0,1111768.0,1112125.0,1112667.0,1113108.0,1113710.0,1114578.0,1115207.0,1115788.0,1116339.0,1116775.0,1117434.0,1117979.0,1118533.0,1119001.0,1119525.0,1119937.0,1120449.0,1120870.0,1121388.0,1121875.0,1122356.0,1122766.0,1123144.0,1123667.0,1124206.0,1124629.0,1125107.0,1125634.0,1126098.0,1126510.0,1126918.0,1127353.0,1127765.0,1128255.0,1128724.0,1129141.0,1129532.0,1129978.0,1130359.0,1130792.0,1131249.0,1131702.0,1132068.0,1132420.0,1132862.0,1133282.0,1133723.0,1134130.0,1134554.0,1134950.0,1135283.0,1135731.0,1136202.0,1136588.0,1136973.0,1137383.0,1137730.0,1138003.0,1138394.0,1138763.0,1139126.0,1139572.0,1139952.0,1140376.0,1140840.0,1141297.0,1141669.0,1142110.0,1142602.0,1143104.0,1143472.0,1143846.0,1144240.0,1144655.0,1145101
QgMFpuos4Rg,12239091.0,12242804.0,12246427.0,12249902.0,12254311.0,12258501.0,12262484.0,12266929.0,12271246.0,12275248.0,12278729.0,12282829.0,12286770.0,12290513.0,12294379.0,12297750.0,12301285.0,12304162.0,12307493.0,12310827.0,12313813.0,12317155.0,12320356.0,12323446.0,12326359.0,12329317.0,12332511.0,12335623.0,12338901.0,12341958.0,12345287.0,12347627.0,12350365.0,12353229.0,12356061.0,12358529.0,12361308.0,12363802.0,12366311.0,12369157.0,12371288.0,12373678.0,12375629.0,12378064.0,12380728.0,12383043.0,12385545.0,12388403.0,12391093.0,12393877.0,12396641.0,12399135.0,12400919.0,12403528.0,12406083.0,12408427.0,12411086.0,12413976.0,12416529.0,12418996.0,12421441.0,12424575.0,12427217.0,12429959.0,12433065.0,12435988.0,12438600.0,12441499.0,12443936.0,12447243.0,12449912.0,12452276.0,12454595.0,12456569.0,12459101.0,12461662.0,12464104.0,12467164.0,12469977.0,12472390.0,12474694.0,12477409.0,12479939.0,12482539.0,12484896.0,12487815.0,12490158.0,12492390.0,12494804.0,12497309.0,12499951.0,12502089.0,12504945.0,12507475.0,12510144.0,12512659.0,12515232.0,12517672.0,12520168.0,12522839.0,12525079.0,12527311.0,12529704.0,12532252.0,12534834.0,12537180.0,12539503.0,12542180.0,12544282.0,12546565.0,12549058.0,12551458.0,12553755.0,12556149.0,12558528.0,12560968.0,12563236.0,12565339.0,12567930.0,12570272.0,12572841.0,12575046.0,12577126.0,12579478.0,12581717.0,12583824.0,12585930.0,12588031.0,12590084.0,12592002.0,12594348.0,12596598.0,12598782.0,12600985.0,,,,,,,,,12621912.0,12624061.0,12626279.0,12628365.0,12630442.0,12632295.0,12634330.0,12636366.0,12638275.0,12640229.0,12642554.0,12644760.0,12647339.0,12650270.0,12652572.0,12654638.0,12657064.0,12659765.0,12662224.0,12665112.0,12667937.0,12670802.0,12673103.0,12675211.0,12677679.0,12679962.0,12682325.0,12685180.0,12687791.0,12690003.0,12692430.0,12694970.0,12697494.0,12700045.0,12702888.0,12705780.0,12707695.0,12710186.0,12712861.0,12715562.0,12718122.0,12720862.0,12723149.0,12725474.0,12727641.0,12730149.0,12732711.0,12735032.0,12737467.0,12739721.0,12741859.0,12744013.0,12746249.0,12748658.0,12751103.0,12753459.0,12755702.0,12757392.0,12759464.0,12761495.0,12763867.0,12765768.0,12767867.0,12769564.0,12771159.0,12773432.0,12775530.0,12777609.0,12779265.0,12781484.0,12783695.0,12785598.0,12787618.0,12789974.0,12791840.0,12794425.0,12796295.0,12798414.0,12800173.0,12802526.0,12804651.0,12806707.0,12809013.0,12811333.0,12813396.0,12815176.0,12817366.0,12819193.0,12821274.0,12823594.0,12825979.0,12828273.0,12829903.0,12832028.0,12834116.0,12836475.0,12838854.0,12841217.0,12843515.0,12845314.0,12847419.0,12849862.0,12852335.0,12854416.0,12856613.0,12858424.0,12860163.0,12862344.0,12864437.0,12866405.0,12868872.0,12871423.0,12873576.0,12875729.0,12877758.0,12879703.0,12881906.0,12884272.0,12886516.0,12888599.0,12890415.0,,12895055.0,12897493.0,12899510.0,12901753.0,12903970.0,12905825.0,12907638.0,12909945.0,12911967.0,12914081.0,12916243.0,12918322.0,12920370.0,12922449.0,12924339.0,12926584.0,12929053.0,12931571.0,12933960.0,12935876.0,12937946.0,12939782.0,12942023.0,12944285.0,12946608.0,12948456.0,12950230.0,12952438.0,12954494.0,12956608.0,12958818.0,12961003.0,12963214.0,12965378.0,12967580.0,12969781.0,12972183.0,12974320.0,12976659.0,12978651.0,12980538.0,12982788.0,12984977.0,12987193.0,12989271.0,12991243.0,12993348.0,12995124.0,12997204.0,12999586.0,13001812.0,13004085.0,13006644.0,13009028.0,13011182.0,13013488.0,13015673.0,13017843.0,13020162.0,13022507.0,13024495.0,13026325.0,13028384.0,13030330.0,13032501.0,13034598.0,13036398.0,13038100.0,13039822.0,13041635.0,13043163.0,13044812.0,13046636.0,13048299.0,13050177.0,13051920.0,13053650.0,13055515.0,13057659.0,13059304.0,13061436.0,13063198.0,13065170.0,13067152.0,13069054.0,13070744.0,13072601.0,13074513.0,13076372.0,13078356.0,13080006.0,13082048.0,13083911.0,13085770.0,13087454.0,13089186.0,13090688.0,13092554.0,13094289.0,13096349.0,13098266.0,13100347.0,13102134.0,13103629.0,13105574.0,13107247.0,13108847.0,13110668.0,13112408.0,13114006.0,13115517.0,13117340.0,13119342.0,13121205
8KTFf2X-ago,5606511.0,5609080.0,5612045.0,5614700.0,5618060.0,5621382.0,5624296.0,5627552.0,5630948.0,5633947.0,5636498.0,5639639.0,5642626.0,5645204.0,5647692.0,5650311.0,5652513.0,5654630.0,5657255.0,5659614.0,5661867.0,5664375.0,5666693.0,5669143.0,5670928.0,5672962.0,5675134.0,5677484.0,5679505.0,5681837.0,5684127.0,5685557.0,5687571.0,5689449.0,5691642.0,5693759.0,5695908.0,5698076.0,5699689.0,5701598.0,5703299.0,5704993.0,5706938.0,5709053.0,5711068.0,5712548.0,5714367.0,5716085.0,5718034.0,5720028.0,5722045.0,5724095.0,5725633.0,5727391.0,5729035.0,5730815.0,5732566.0,5734679.0,5736508.0,5738329.0,5740376.0,5742271.0,5744299.0,5745861.0,5747559.0,5749298.0,5750694.0,5752553.0,5754303.0,5756555.0,5758649.0,5760206.0,5761761.0,5763237.0,5765101.0,5767014.0,5768697.0,5770607.0,5772381.0,5773737.0,5775322.0,5777370.0,5779157.0,5781085.0,5783022.0,5785090.0,5786485.0,5787750.0,5789420.0,5791029.0,5792838.0,5794744.0,5796618.0,5798188.0,5799623.0,5801314.0,5803169.0,5805079.0,5807034.0,5808828.0,5810235.0,5811859.0,5813551.0,5815263.0,5817001.0,5818751.0,5820729.0,5822497.0,5824112.0,5825821.0,5827532.0,5829211.0,5830909.0,5832681.0,5834175.0,5835690.0,5837383.0,5838909.0,5840911.0,5842563.0,5844124.0,5845486.0,5846772.0,5847982.0,5849265.0,5850628.0,5851813.0,5853171.0,5854437.0,5855469.0,5856947.0,5858324.0,5859857.0,5861250.0,,,,,,,,,5874864.0,5876152.0,5877555.0,5879105.0,5880713.0,5882035.0,5883296.0,5884733.0,5885821.0,5887278.0,5888643.0,5890052.0,5891598.0,5892913.0,5894368.0,5895444.0,5896866.0,5898548.0,5900033.0,5901643.0,5903286.0,5904752.0,5906119.0,5907594.0,5908968.0,5910638.0,5912128.0,5913796.0,5915033.0,5916353.0,5917766.0,5919234.0,5920630.0,5922194.0,5923770.0,5925366.0,5926441.0,5928007.0,5929396.0,5930912.0,5932331.0,5933824.0,5935079.0,5936514.0,5937923.0,5939383.0,5940668.0,5942133.0,5943689.0,5945123.0,5946303.0,5947626.0,5949070.0,5950570.0,5951984.0,5953464.0,5954621.0,5955802.0,5957331.0,5958726.0,5960151.0,5961337.0,5962548.0,5963813.0,5964784.0,5966221.0,5967563.0,5968922.0,5970276.0,5971760.0,5972816.0,5973890.0,5975191.0,5976566.0,5977851.0,5979170.0,5980550.0,5981862.0,5982786.0,5983896.0,5985161.0,5986322.0,5987784.0,5989011.0,5990422.0,5991634.0,5992868.0,5994317.0,5995585.0,5996902.0,5998379.0,5999497.0,6000692.0,6002026.0,6003306.0,6004677.0,6006019.0,6007468.0,6008681.0,6009862.0,6011103.0,6012540.0,6014001.0,6015575.0,6017040.0,6018194.0,6019309.0,6020693.0,6022197.0,6023528.0,6024957.0,6026465.0,6027941.0,6029194.0,6030520.0,6031998.0,6033127.0,6034633.0,6036336.0,6037733.0,6039045.0,,6042044.0,6043573.0,6044969.0,6046546.0,6047825.0,6048963.0,6050275.0,6051521.0,6052888.0,6054148.0,6055566.0,6056973.0,6058112.0,6059336.0,6060629.0,6061997.0,6063327.0,6064705.0,6065969.0,6066969.0,6068112.0,6069286.0,6070509.0,6071780.0,6073004.0,6074027.0,6075019.0,6076360.0,6077522.0,6078758.0,6079961.0,6081420.0,6082646.0,6083837.0,6085116.0,6086498.0,6088071.0,6089412.0,6090868.0,6092123.0,6093329.0,6094834.0,6096168.0,6097715.0,6099021.0,6100506.0,6101807.0,6103140.0,6104609.0,6106043.0,6107327.0,6108618.0,6110543.0,6111947.0,6113348.0,6115276.0,6116980.0,6118762.0,6120351.0,6121860.0,6123475.0,6124846.0,6126471.0,6128019.0,6129549.0,6131120.0,6132242.0,6133375.0,6134341.0,6135463.0,6136450.0,6137643.0,6138864.0,6140153.0,6141276.0,6142546.0,6143839.0,6145047.0,6146406.0,6147701.0,6148978.0,6150002.0,6150948.0,6152349.0,6153666.0,6154832.0,6156128.0,6157542.0,6158768.0,6160090.0,6161299.0,6162570.0,6163720.0,6164850.0,6166012.0,6167034.0,6168032.0,6169295.0,6170530.0,6171621.0,6172887.0,6174260.0,6175568.0,6176470.0,6177905.0,6179158.0,6180493.0,6181779.0,6183128.0,6184223.0,6185514.0,6186655.0,6187892.0,6189045
rDFUl2mHIW4,20493570.0,20499599.0,20505911.0,20512090.0,20518529.0,20525178.0,20531347.0,20538157.0,20546903.0,20554021.0,20560807.0,20568750.0,20578528.0,20586320.0,20593312.0,20599518.0,20605661.0,20611470.0,20616847.0,20622873.0,20627953.0,20632733.0,20637525.0,20642395.0,20646994.0,20651566.0,20656541.0,20661404.0,20666512.0,20671367.0,20675825.0,20679988.0,20684766.0,20689539.0,20694028.0,20698212.0,20702294.0,20706955.0,20711166.0,20715256.0,20719211.0,20722935.0,20726765.0,20730426.0,20734222.0,20737634.0,20742612.0,20748083.0,20752828.0,20757844.0,20762594.0,20767582.0,20771860.0,20776790.0,20782423.0,20787844.0,20792652.0,20797461.0,20802277.0,20806788.0,20811460.0,20816289.0,20820540.0,20825070.0,20829534.0,20834004.0,20837913.0,20842257.0,20845874.0,20850824.0,20854765.0,20858957.0,20862932.0,20866876.0,20870853.0,20874798.0,20878541.0,20883032.0,20887644.0,20891951.0,20896109.0,20899794.0,20903652.0,20907595.0,20911323.0,20915352.0,20918776.0,20921967.0,20925092.0,20928574.0,20932185.0,20935661.0,20939715.0,20944432.0,20948480.0,20952481.0,20956444.0,20960197.0,20963859.0,20967725.0,20971867.0,20975958.0,20979923.0,20983632.0,20987377.0,20991255.0,20995542.0,20999741.0,21003860.0,21007689.0,21011340.0,21015209.0,21019535.0,21023749.0,21028615.0,21032567.0,21036580.0,21040654.0,21045281.0,21049479.0,21053808.0,21057738.0,21062392.0,21066703.0,21070602.0,21074432.0,21077685.0,21081343.0,21084992.0,21088781.0,21092808.0,21096370.0,21100557.0,21104359.0,,,,,,,,,21139066.0,21142917.0,21146221.0,21149757.0,21152855.0,21156126.0,21159614.0,21163121.0,21166691.0,21170545.0,21174833.0,21178908.0,21183130.0,21187719.0,21191832.0,21195853.0,21199834.0,21204109.0,21208359.0,21212768.0,21217265.0,21221560.0,21225977.0,21229659.0,21233492.0,21237062.0,21240907.0,21245310.0,21249197.0,21253432.0,21257130.0,21260939.0,21264424.0,21267862.0,21271355.0,21274832.0,21277808.0,21281056.0,21284220.0,21287502.0,21290847.0,21294077.0,21297078.0,21300277.0,21303648.0,21306785.0,21309418.0,21313019.0,21316191.0,21319126.0,21322068.0,21324786.0,21327771.0,21330783.0,21333606.0,21336750.0,21340169.0,21342967.0,21346047.0,21349204.0,21352505.0,21355181.0,21358593.0,21361552.0,21364235.0,21367425.0,21370422.0,21373506.0,21376205.0,21379009.0,21381988.0,21384675.0,21387623.0,21390336.0,21393488.0,21396518.0,21399967.0,21403306.0,21406773.0,21409981.0,21413570.0,21416729.0,21420159.0,21424116.0,21427396.0,21430828.0,21434359.0,21438116.0,21440993.0,21444245.0,21447465.0,21451136.0,21454380.0,21457714.0,21461173.0,21464687.0,21468375.0,21472058.0,21475419.0,21478852.0,21482418.0,21485692.0,21489112.0,21492620.0,21496212.0,21499525.0,21502354.0,21505661.0,21509196.0,21512526.0,21516111.0,21519732.0,21523587.0,21526705.0,21529881.0,21533291.0,21536460.0,21539934.0,21543677.0,21546827.0,21550218.0,,21557501.0,21561115.0,21564782.0,21568496.0,21571880.0,21574960.0,21578166.0,21580957.0,21583871.0,21586551.0,21589520.0,21592620.0,21595775.0,21598763.0,21601662.0,21604725.0,21608006.0,21611379.0,21614729.0,21618154.0,21621329.0,21624384.0,21627629.0,21630813.0,21633912.0,21637269.0,21640272.0,21643392.0,21646359.0,21649229.0,21652318.0,21655732.0,21659713.0,21663209.0,21666223.0,21669368.0,21672774.0,21675988.0,21679453.0,21683022.0,21686407.0,21689389.0,21692886.0,21696252.0,21699480.0,21702670.0,21706287.0,21709710.0,21712858.0,21716236.0,21719792.0,21723437.0,21727201.0,21731517.0,21735742.0,21739473.0,21743199.0,21746886.0,21750611.0,21754628.0,21758232.0,21761640.0,21765220.0,21768549.0,21771758.0,21774822.0,21778450.0,21781859.0,21784875.0,21787908.0,21790694.0,21793268.0,21796165.0,21799317.0,21802929.0,21806579.0,21809692.0,21813091.0,21816584.0,21819948.0,21823386.0,21827010.0,21830413.0,21833914.0,21837449.0,21840793.0,21844072.0,21847602.0,21851081.0,21854786.0,21858028.0,21861256.0,21864390.0,21868073.0,21871663.0,21875096.0,21878064.0,21881647.0,21885072.0,21888225.0,21891571.0,21895438.0,21899007.0,21901828.0,21905210.0,21908446.0,21911335.0,21914711.0,21918190.0,21921349.0,21924409.0,21927649.0,21931222.0,21934824
ptATxzQCI5s,5104357.0,5108115.0,5112063.0,5115615.0,5120337.0,5124906.0,5129151.0,5133787.0,5138208.0,5141781.0,5144953.0,5148578.0,5152148.0,5155527.0,5158768.0,5161993.0,5164943.0,5167451.0,5170745.0,5173788.0,5176588.0,5180030.0,5183338.0,5185775.0,5187886.0,5190473.0,5193055.0,5195620.0,5198382.0,5201267.0,5203826.0,5205789.0,5208437.0,5211073.0,5213229.0,5215919.0,5218445.0,5220579.0,5222253.0,5224532.0,5226672.0,5228696.0,5230966.0,5233292.0,5234954.0,5236703.0,5238744.0,5240823.0,5242807.0,5244877.0,5247005.0,5248610.0,5250004.0,5252177.0,5254375.0,5256384.0,5258350.0,5260462.0,5262480.0,5264046.0,5265691.0,5267520.0,5269409.0,5271268.0,5273232.0,5274729.0,5275945.0,5277688.0,5278945.0,5281055.0,5282727.0,5284124.0,5285537.0,5286825.0,5288450.0,5290280.0,5291927.0,5293927.0,5296035.0,5297747.0,5299133.0,5301122.0,5302916.0,5304917.0,5306804.0,5308734.0,5310345.0,5311662.0,5313532.0,5315445.0,5317300.0,5319200.0,5321085.0,5322614.0,5323886.0,5325683.0,5327408.0,5329313.0,5331121.0,5332958.0,5334380.0,5335594.0,5337326.0,5339096.0,5340848.0,5342627.0,5344395.0,5345867.0,5347111.0,5348935.0,5350724.0,5352451.0,5354220.0,5356175.0,5357688.0,5358863.0,5360733.0,5362507.0,5364431.0,5364618.0,5364624.0,5364624.0,5364616.0,5364616.0,5364617.0,5364617.0,5364617.0,5364618.0,5364618.0,5364618.0,5364618.0,5364618.0,5364618.0,5364619.0,,,,,,,,,5364619.0,5364619.0,5364620.0,5364620.0,5364620.0,5364620.0,5364620.0,5364620.0,5364620.0,5364620.0,5364620.0,5364620.0,5364620.0,5364620.0,5364620.0,5364620.0,5364620.0,5364620.0,5364620.0,5364620.0,5364620.0,5364620.0,5364620.0,5364620.0,5364620.0,5364620.0,5364620.0,5364620.0,5364620.0,5364620.0,5364620.0,5364620.0,5364620.0,5364620.0,5364620.0,5364620.0,5364620.0,5364620.0,5364620.0,5364620.0,5364620.0,5364620.0,5364620.0,5364620.0,5364620.0,5364620.0,5364620.0,5364620.0,5364620.0,5364620.0,5364620.0,5364620.0,5364620.0,5364620.0,5364620.0,5364620.0,5364620.0,5364620.0,5364620.0,5364620.0,5364620.0,5364620.0,5364620.0,5364620.0,5364620.0,5364620.0,5364620.0,5364620.0,5364620.0,5364620.0,5364620.0,5364620.0,5364620.0,5364620.0,5364620.0,5364620.0,5364620.0,5364620.0,5364620.0,5364620.0,5364620.0,5364620.0,5364620.0,5364620.0,5364620.0,5364620.0,5364620.0,5364620.0,5364620.0,5364620.0,5364620.0,5364620.0,5364620.0,5364620.0,5364620.0,5364620.0,5364620.0,5364620.0,5364620.0,5364620.0,5364620.0,5364620.0,5364620.0,5364620.0,5364620.0,5364620.0,5364620.0,5364620.0,5364620.0,5364620.0,5364620.0,5364620.0,5364620.0,5364620.0,5364620.0,5364620.0,5364620.0,5364620.0,5364620.0,5364620.0,5364620.0,,5364620.0,5364620.0,5364620.0,5364620.0,5364620.0,5364620.0,5364620.0,5364620.0,5364620.0,5364620.0,5364620.0,5364620.0,5364620.0,5364620.0,5364620.0,5364620.0,5364620.0,5364620.0,5364620.0,5364620.0,5364620.0,5364620.0,5364620.0,5364620.0,5364620.0,5364620.0,5364620.0,5364620.0,5364620.0,5364620.0,5364620.0,5364620.0,5364620.0,5364620.0,5364620.0,5364620.0,5364620.0,5364620.0,5364620.0,5364620.0,5364620.0,5364620.0,5364620.0,5364620.0,5364620.0,5364620.0,5364620.0,5364620.0,5364620.0,5364620.0,5364620.0,5364620.0,5364620.0,5364620.0,5364620.0,5364620.0,5364620.0,5364620.0,5364620.0,5364620.0,5364620.0,5364620.0,5364620.0,5364620.0,5364620.0,5364620.0,5364620.0,5364620.0,5364620.0,5364620.0,5364620.0,5364620.0,5364620.0,5364620.0,5364620.0,5364620.0,5364620.0,5364620.0,5364620.0,5364620.0,5364620.0,5364620.0,5364620.0,5364620.0,5364620.0,5364620.0,5364620.0,5364620.0,5364620.0,5364620.0,5364620.0,5364620.0,5364620.0,5364620.0,5364620.0,5364620.0,5364620.0,5364620.0,5364620.0,5364620.0,5364620.0,5364620.0,5364620.0,5364620.0,5364620.0,5364620.0,5364620.0,5364620.0,5364620.0,5364620.0,5364620.0,5364620.0,5364620.0,5364620
RmTq3cJqyCo,18184658.0,18187075.0,18189973.0,18192762.0,18196337.0,18200808.0,18203971.0,18207439.0,18211062.0,18214821.0,18218757.0,18221920.0,18224889.0,18227777.0,18230685.0,18233437.0,18235947.0,18238316.0,18240747.0,18243000.0,18245506.0,18248112.0,18250645.0,18253305.0,18255862.0,18258157.0,18260446.0,18262739.0,18265034.0,18267348.0,18269914.0,18272178.0,18274389.0,18276588.0,18278857.0,18281202.0,18283721.0,18286140.0,18288642.0,18290975.0,18293271.0,18295417.0,18297835.0,18300083.0,18302554.0,18304957.0,18307136.0,18309399.0,18311584.0,18313984.0,18316300.0,18318951.0,18321425.0,18323827.0,18326378.0,18328875.0,18331322.0,18333996.0,18336717.0,18339574.0,18342475.0,18345322.0,18348199.0,18350899.0,18353404.0,18355836.0,18358268.0,18361214.0,18363916.0,18367505.0,18370378.0,18372731.0,18375089.0,18377465.0,18379718.0,18382106.0,18384370.0,18386798.0,18389314.0,18391495.0,18393756.0,18395915.0,18398163.0,18400505.0,18402853.0,18405383.0,18407735.0,18410170.0,18412450.0,18414584.0,18416805.0,18419125.0,18421582.0,18424275.0,18426950.0,18429219.0,18431610.0,18433800.0,18436113.0,18438525.0,18440838.0,18443351.0,18445483.0,18447640.0,18449820.0,18452126.0,18454530.0,18457081.0,18459523.0,18461920.0,18464281.0,18466573.0,18468820.0,18471034.0,18473395.0,18475923.0,18478169.0,18480441.0,18482692.0,18484978.0,18487149.0,18489487.0,18491706.0,18494196.0,18496550.0,18499480.0,18501998.0,18504549.0,18507136.0,18509857.0,18512389.0,18514646.0,18516863.0,18519000.0,,,,,,,,,18538352.0,18540398.0,18542521.0,18544776.0,18547558.0,18550390.0,18553147.0,18556098.0,18559319.0,18561807.0,18564152.0,18566617.0,18568847.0,18570983.0,18573105.0,18575277.0,18578002.0,18581579.0,18584243.0,18586679.0,18589141.0,18591638.0,18594170.0,18596410.0,18598603.0,18600646.0,18602738.0,18604779.0,18606792.0,18608872.0,18610763.0,18612639.0,18614481.0,18616404.0,18618321.0,18620252.0,18622200.0,18623994.0,18625868.0,18627738.0,18629711.0,18631650.0,18633645.0,18635575.0,18637708.0,18639609.0,18641620.0,18643687.0,18645599.0,18647575.0,18649589.0,18651366.0,18653202.0,18655178.0,18657206.0,18659207.0,18661235.0,18663160.0,18665121.0,18667175.0,18669362.0,18671255.0,18673109.0,18675084.0,18676882.0,18678753.0,18680749.0,18682735.0,18684496.0,18686264.0,18688162.0,18690156.0,18692014.0,18694041.0,18696065.0,18698062.0,18700209.0,18702341.0,18704361.0,18706312.0,18708390.0,18710231.0,18712398.0,18714555.0,18716616.0,18718721.0,18720628.0,18722534.0,18724531.0,18726484.0,18728578.0,18730623.0,18732701.0,18734781.0,18736919.0,18738967.0,18741053.0,18743054.0,18745092.0,18747209.0,18749183.0,18751164.0,18752972.0,18754759.0,18756662.0,18758792.0,18760833.0,18762603.0,18764313.0,18766223.0,18768228.0,18770185.0,18772265.0,18774248.0,18776140.0,18777989.0,18779859.0,18781881.0,18783991.0,18786007.0,18788021.0,,18792175.0,18794306.0,18796219.0,18798360.0,18800547.0,18802777.0,18804943.0,18807066.0,18809284.0,18811420.0,18813622.0,18815921.0,18818149.0,18820269.0,18822426.0,18824708.0,18827126.0,18829661.0,18832330.0,18835123.0,18837706.0,18840296.0,18842835.0,18845389.0,18848010.0,18850447.0,18852887.0,18855606.0,18858589.0,18861338.0,18864027.0,18866394.0,18868940.0,18871342.0,18873711.0,18876177.0,18878578.0,18880939.0,18883203.0,18885347.0,18887519.0,18889761.0,18891968.0,18894143.0,18896322.0,18898477.0,18900718.0,18902926.0,18905017.0,18907014.0,18908961.0,18910794.0,18912736.0,18914736.0,18916655.0,18918436.0,18920325.0,18922262.0,18924201.0,18926076.0,18927966.0,18929841.0,18931652.0,18933435.0,18935401.0,18937223.0,18939116.0,18941017.0,18942820.0,18944614.0,18946374.0,18948230.0,18950032.0,18951851.0,18953859.0,18956003.0,18958045.0,18961691.0,18965971.0,18969031.0,18972046.0,18975004.0,18977833.0,18980986.0,18984218.0,18986846.0,18989418.0,18992040.0,18994637.0,18997280.0,19000297.0,19003011.0,19005521.0,19008049.0,19010239.0,19012520.0,19014614.0,19016767.0,19018644.0,19020476.0,19022400.0,19024338.0,19026526.0,19028757.0,19030958.0,19033245.0,19035558.0,19037781.0,19040062.0,19042285.0,19044355.0,19046493.0,19048692.0,19050887
w3I5zfyEbbo,102573.0,102649.0,102724.0,102805.0,102887.0,102931.0,102965.0,102982.0,103001.0,103024.0,103053.0,103088.0,103113.0,103139.0,103160.0,103180.0,103199.0,103219.0,103238.0,103253.0,103274.0,103297.0,103311.0,103335.0,103358.0,103385.0,103406.0,103429.0,103447.0,103466.0,103479.0,103489.0,103511.0,103533.0,103547.0,103571.0,103587.0,103605.0,103621.0,103640.0,103657.0,103675.0,103704.0,103724.0,103742.0,103768.0,103785.0,103803.0,103816.0,103836.0,103855.0,103876.0,103893.0,103919.0,103943.0,103957.0,103968.0,103989.0,104012.0,104032.0,104057.0,104077.0,104093.0,104114.0,104133.0,104149.0,104169.0,104180.0,104191.0,104215.0,104222.0,104238.0,104257.0,104282.0,104299.0,104310.0,104322.0,104336.0,104351.0,104366.0,104381.0,104396.0,104412.0,104435.0,104448.0,104468.0,104491.0,104503.0,104526.0,104539.0,104556.0,104580.0,104592.0,104610.0,104627.0,104647.0,104664.0,104680.0,104699.0,104712.0,104742.0,104759.0,104783.0,104803.0,104832.0,104854.0,104879.0,104896.0,104922.0,104945.0,104956.0,104980.0,105001.0,105023.0,105044.0,105061.0,105077.0,105096.0,105108.0,105118.0,105144.0,105161.0,105179.0,105194.0,105210.0,105225.0,105243.0,105255.0,105269.0,105280.0,105299.0,105315.0,105340.0,105352.0,,,,,,,,,105472.0,105484.0,105500.0,105512.0,105527.0,105538.0,105559.0,105572.0,105587.0,105593.0,105607.0,105631.0,105650.0,105666.0,105680.0,105697.0,105713.0,105734.0,105742.0,105759.0,105779.0,105800.0,105823.0,105833.0,105849.0,105863.0,105873.0,105884.0,105897.0,105905.0,105921.0,105936.0,105950.0,105965.0,105974.0,105993.0,106005.0,106028.0,106043.0,106057.0,106065.0,106077.0,106091.0,106097.0,106109.0,106119.0,106133.0,106149.0,106159.0,106168.0,106175.0,106188.0,106205.0,106217.0,106231.0,106243.0,106259.0,106266.0,106288.0,106303.0,106315.0,106324.0,106348.0,106361.0,106378.0,106389.0,106401.0,106414.0,106427.0,106440.0,106449.0,106460.0,106472.0,106485.0,106495.0,106509.0,106533.0,106542.0,106552.0,106561.0,106574.0,106583.0,106595.0,106615.0,106630.0,106646.0,106657.0,106673.0,106690.0,106705.0,106711.0,106718.0,106732.0,106748.0,106770.0,106782.0,106790.0,106807.0,106824.0,106834.0,106846.0,106854.0,106862.0,106875.0,106886.0,106897.0,106909.0,106921.0,106937.0,106950.0,106968.0,106983.0,106996.0,107012.0,107033.0,107043.0,107057.0,107067.0,107087.0,107107.0,107121.0,,107152.0,107168.0,107185.0,107205.0,107222.0,107237.0,107253.0,107273.0,107290.0,107308.0,107333.0,107355.0,107366.0,107374.0,107389.0,107397.0,107419.0,107429.0,107444.0,107458.0,107485.0,107515.0,107532.0,107554.0,107565.0,107580.0,107591.0,107607.0,107622.0,107643.0,107661.0,107679.0,107693.0,107712.0,107728.0,107750.0,107765.0,107788.0,107803.0,107825.0,107833.0,107846.0,107861.0,107872.0,107875.0,107887.0,107899.0,107908.0,107924.0,107939.0,107950.0,107969.0,107980.0,107994.0,108004.0,108021.0,108035.0,108056.0,108076.0,108096.0,108108.0,108123.0,108135.0,108143.0,108164.0,108172.0,108182.0,108189.0,108203.0,108216.0,108221.0,108238.0,108253.0,108269.0,108281.0,108295.0,108309.0,108320.0,108339.0,108360.0,108378.0,108392.0,108400.0,108413.0,108427.0,108436.0,108453.0,108463.0,108476.0,108489.0,108494.0,108502.0,108513.0,108529.0,108547.0,108567.0,108575.0,108583.0,108596.0,108613.0,108618.0,108632.0,108642.0,108650.0,108660.0,108671.0,108678.0,108697.0,108708.0,108719.0,108730.0,108742.0,108752.0,108768
K0xFPQ2CX5E,18741199.0,18745608.0,18750905.0,18756370.0,18762874.0,18770672.0,18777758.0,18784945.0,18791854.0,18799011.0,18806188.0,18812556.0,18819326.0,18825538.0,18831705.0,18837451.0,18843226.0,18848977.0,18854406.0,18859872.0,18865402.0,18871171.0,18877065.0,18883359.0,18889412.0,18894932.0,18900901.0,18907852.0,18913960.0,18919322.0,18924789.0,18930431.0,18936191.0,18941761.0,18947063.0,18952288.0,18957655.0,18962954.0,18968149.0,18973878.0,18979313.0,18984318.0,18989119.0,18993639.0,18998607.0,19003403.0,19008433.0,19013598.0,19018635.0,19023641.0,19028604.0,19033978.0,19039245.0,19044692.0,19050443.0,19055883.0,19061234.0,19066593.0,19071791.0,19077212.0,19082653.0,19088643.0,19094443.0,19099953.0,19105440.0,19110580.0,19115436.0,19120595.0,19125184.0,19131449.0,19136904.0,19142004.0,19147096.0,19152166.0,19157068.0,19162270.0,19167201.0,19172253.0,19177778.0,19182645.0,19187227.0,19192376.0,19197185.0,19201864.0,19206661.0,19212130.0,19217141.0,19221743.0,19226311.0,19230662.0,19235407.0,19240139.0,19245189.0,19250417.0,19255592.0,19259886.0,19264129.0,19268389.0,19272589.0,19277108.0,19281709.0,19286548.0,19291080.0,19295255.0,19299662.0,19304187.0,19308603.0,19313374.0,19318037.0,19322824.0,19327497.0,19332496.0,19337424.0,19342617.0,19348078.0,19353187.0,19358222.0,19363176.0,19368202.0,19373576.0,19379361.0,19385014.0,19391734.0,19397516.0,19402699.0,19412328.0,19420526.0,19428136.0,19435357.0,19442201.0,19448510.0,19454149.0,19459309.0,19464379.0,,,,,,,,,19513885.0,19519047.0,19524042.0,19528908.0,19533793.0,19538545.0,19543532.0,19548545.0,19553916.0,19558678.0,19563111.0,19567763.0,19572244.0,19576795.0,19581652.0,19586719.0,19592709.0,19599667.0,19605021.0,19609824.0,19614955.0,19620231.0,19625454.0,19629861.0,19635073.0,19639836.0,19644514.0,19649358.0,19654079.0,19658785.0,19663163.0,19667533.0,19672105.0,19676477.0,19681147.0,19685668.0,19690053.0,19694004.0,19697995.0,19702107.0,19706278.0,19710284.0,19714534.0,19718462.0,19722389.0,19726280.0,19730456.0,19734714.0,19738899.0,19743280.0,19747450.0,19751403.0,19755448.0,19759480.0,19763643.0,19767855.0,19771815.0,19775673.0,19779614.0,19783871.0,19787896.0,19791702.0,19795481.0,19799372.0,19803168.0,19807075.0,19811587.0,19816181.0,19820073.0,19824181.0,19828493.0,19832876.0,19836865.0,19840720.0,19844596.0,19848383.0,19852375.0,19856223.0,19860168.0,19863648.0,19867210.0,19870518.0,19874504.0,19878453.0,19882554.0,19886501.0,19890101.0,19893712.0,19897396.0,19901112.0,19904872.0,19908745.0,19912663.0,19916345.0,19920107.0,19923882.0,19927825.0,19931796.0,19935884.0,19939827.0,19943576.0,19947207.0,19950916.0,19954623.0,19958372.0,19962014.0,19965940.0,19969547.0,19973171.0,19976848.0,19980399.0,19984072.0,19987981.0,19991855.0,19995527.0,19999029.0,20002541.0,20006146.0,20009776.0,20013601.0,20017204.0,,20024396.0,20028138.0,20031874.0,20035687.0,20039616.0,20043302.0,20046771.0,20050071.0,20053597.0,20056997.0,20060525.0,20064242.0,20067898.0,20071438.0,20074800.0,20078450.0,20082417.0,20086434.0,20090816.0,20094964.0,20098775.0,20102600.0,20106510.0,20110544.0,20114655.0,20118667.0,20122498.0,20126195.0,20130399.0,20134425.0,20138449.0,20142380.0,20146420.0,20150440.0,20154445.0,20158487.0,20162488.0,20166467.0,20170596.0,20174525.0,20178277.0,20181902.0,20185434.0,20188960.0,20192498.0,20196005.0,20199756.0,20203443.0,20206557.0,20209863.0,20213201.0,20216678.0,20219957.0,20223229.0,20226487.0,20229585.0,20232783.0,20236057.0,20239240.0,20242659.0,20246306.0,20249637.0,20252911.0,20256310.0,20259928.0,20263218.0,20266559.0,20269988.0,20273328.0,20276503.0,20279600.0,20282623.0,20285591.0,20288601.0,20292172.0,20295943.0,20299523.0,20302942.0,20306515.0,20309908.0,20316075.0,20320823.0,20324490.0,20328531.0,20333088.0,20336954.0,20340761.0,20344596.0,20348193.0,20351623.0,20355208.0,20358734.0,20361996.0,20365310.0,20368508.0,20371912.0,20375147.0,20378404.0,20381316.0,20384371.0,20387534.0,20390805.0,20394025.0,20397148.0,20400258.0,20403332.0,20406366.0,20409168.0,20412026.0,20414847.0,20417671.0,20420601.0,20423491.0,20426504
-1llaBEyOXA,908989.0,909179.0,909404.0,909618.0,909861.0,910091.0,910341.0,910622.0,910870.0,911138.0,911417.0,911591.0,911842.0,912082.0,912285.0,912518.0,912769.0,912971.0,913210.0,913405.0,913605.0,913814.0,914028.0,914249.0,914454.0,914678.0,914881.0,915080.0,915257.0,915429.0,915600.0,915778.0,915970.0,916156.0,916348.0,916542.0,916785.0,917015.0,917277.0,917453.0,917621.0,917787.0,917993.0,918192.0,918412.0,918610.0,918834.0,919005.0,919197.0,919395.0,919550.0,919745.0,919906.0,920066.0,920203.0,920403.0,920585.0,920817.0,921025.0,921241.0,921449.0,921636.0,921828.0,922012.0,922211.0,922361.0,922541.0,922675.0,922800.0,922991.0,923172.0,923331.0,923469.0,923634.0,923782.0,923931.0,924071.0,924236.0,924394.0,924568.0,924715.0,924872.0,925007.0,925139.0,925315.0,925483.0,925681.0,925924.0,926090.0,926228.0,926367.0,926485.0,926633.0,926795.0,926938.0,927077.0,927161.0,927269.0,927406.0,927539.0,927707.0,927839.0,927993.0,928147.0,928321.0,928470.0,928620.0,928773.0,928926.0,929076.0,929224.0,929362.0,929505.0,929618.0,929784.0,929917.0,930081.0,930254.0,930388.0,930522.0,930671.0,930824.0,930978.0,931117.0,931249.0,931392.0,931506.0,931635.0,931800.0,931939.0,932065.0,932177.0,932276.0,932378.0,,,,,,,,,933425.0,933562.0,933716.0,933877.0,934033.0,934174.0,934319.0,934444.0,934600.0,934776.0,934933.0,935109.0,935269.0,935399.0,935597.0,935768.0,935912.0,936081.0,936260.0,936375.0,936515.0,936724.0,936883.0,937070.0,937185.0,937358.0,937498.0,937612.0,937740.0,937903.0,938021.0,938155.0,938282.0,938408.0,938537.0,938687.0,938795.0,938916.0,939056.0,939193.0,939322.0,939442.0,939596.0,939730.0,939878.0,940043.0,940184.0,940341.0,940466.0,940604.0,940742.0,940848.0,940949.0,941075.0,941180.0,941307.0,941448.0,941560.0,941695.0,941850.0,941991.0,942119.0,942206.0,942329.0,942473.0,942584.0,942723.0,942824.0,943017.0,943138.0,943296.0,943427.0,943566.0,943758.0,943918.0,944072.0,944238.0,944391.0,944562.0,944716.0,944827.0,944956.0,945080.0,945208.0,945322.0,945460.0,945590.0,945695.0,945842.0,945975.0,946118.0,946288.0,946404.0,946532.0,946685.0,946808.0,946992.0,947140.0,947274.0,947439.0,947572.0,947709.0,947862.0,948005.0,948109.0,948214.0,948367.0,948513.0,948617.0,948775.0,948918.0,949034.0,949192.0,949344.0,949475.0,949599.0,949741.0,949848.0,949962.0,950104.0,950221.0,,950501.0,950632.0,950769.0,950893.0,951021.0,951131.0,951275.0,951385.0,951507.0,951620.0,951744.0,951865.0,951963.0,952090.0,952210.0,952340.0,952476.0,952659.0,952814.0,952978.0,953110.0,953235.0,953346.0,953470.0,953585.0,953704.0,953829.0,953945.0,954081.0,954195.0,954324.0,954441.0,954591.0,954700.0,954838.0,955000.0,955139.0,955280.0,955435.0,955577.0,955729.0,955877.0,956051.0,956239.0,956390.0,956571.0,956686.0,956829.0,956990.0,957106.0,957225.0,957324.0,957445.0,957594.0,957718.0,957857.0,957965.0,958088.0,958194.0,958328.0,958449.0,958578.0,958668.0,958773.0,958876.0,958978.0,959109.0,959227.0,959359.0,959502.0,959615.0,959738.0,959872.0,960009.0,960152.0,960295.0,960445.0,960593.0,960738.0,960863.0,961002.0,961121.0,961297.0,961459.0,961626.0,961752.0,961881.0,962009.0,962159.0,962339.0,962510.0,962668.0,962772.0,962912.0,963040.0,963168.0,963302.0,963432.0,963570.0,963715.0,963843.0,963960.0,964088.0,964223.0,964363.0,964464.0,964551.0,964684.0,964783.0,964896.0,965008.0,965121.0,965273.0,965361
5S1nsJs2O6s,1494924.0,1495368.0,1495918.0,1496482.0,1497133.0,1497910.0,1498498.0,1499202.0,1499902.0,1500511.0,1501179.0,1501751.0,1502282.0,1502770.0,1503287.0,1503784.0,1504263.0,1504683.0,1505072.0,1505508.0,1505902.0,1506441.0,1506922.0,1507388.0,1507838.0,1508271.0,1508696.0,1509125.0,1509567.0,1510030.0,1510431.0,1510931.0,1511414.0,1511878.0,1512295.0,1512745.0,1513207.0,1513667.0,1514036.0,1514487.0,1514899.0,1515309.0,1515707.0,1516102.0,1516576.0,1517002.0,1517473.0,1517920.0,1518326.0,1518707.0,1519150.0,1519579.0,1520004.0,1520373.0,1520780.0,1521176.0,1521577.0,1521898.0,1522282.0,1522679.0,1523174.0,1523613.0,1524011.0,1524406.0,1524748.0,1525094.0,1525411.0,1525787.0,1526137.0,1526564.0,1526952.0,1527336.0,1527703.0,1527992.0,1528366.0,1528717.0,1529043.0,1529354.0,1529739.0,1530102.0,1530452.0,1530834.0,1531151.0,1531446.0,1531748.0,1532078.0,1532436.0,1532764.0,1533112.0,1533421.0,1533778.0,1534061.0,1534474.0,1534900.0,1535340.0,1535680.0,1535980.0,1536258.0,1536537.0,1536841.0,1537165.0,1537518.0,1537843.0,1538132.0,1538481.0,1538836.0,1539176.0,1539521.0,1539852.0,1540187.0,1540555.0,1540976.0,1541372.0,1541711.0,1542032.0,1542421.0,1542730.0,1543052.0,1543459.0,1543855.0,1544155.0,1544506.0,1544887.0,1545252.0,1545677.0,1546358.0,1546842.0,1547311.0,1547776.0,1548285.0,1548875.0,1549362.0,1549788.0,1550195.0,,,,,,,,,1553824.0,1554182.0,1554584.0,1554982.0,1555362.0,1555693.0,1556023.0,1556358.0,1556779.0,1557218.0,1557573.0,1557894.0,1558280.0,1558649.0,1559045.0,1559429.0,1559772.0,1560163.0,1560514.0,1560840.0,1561172.0,1561559.0,1561926.0,1562302.0,1562630.0,1562946.0,1563282.0,1563557.0,1563886.0,1564206.0,1564533.0,1564948.0,1565308.0,1565760.0,1566125.0,1566399.0,1566718.0,1567022.0,1567362.0,1567644.0,1567974.0,1568206.0,1568473.0,1568724.0,1569036.0,1569313.0,1569611.0,1569935.0,1570246.0,1570579.0,1570946.0,1571300.0,1571626.0,1571954.0,1572267.0,1572656.0,1572994.0,1573309.0,1573705.0,1574039.0,1574349.0,1574773.0,1575109.0,1575448.0,1575807.0,1576182.0,1576530.0,1576891.0,1577204.0,1577606.0,1577926.0,1578283.0,1578653.0,1579034.0,1579413.0,1579816.0,1580175.0,1580558.0,1580904.0,1581233.0,1581576.0,1581866.0,1582243.0,1582566.0,1582892.0,1583267.0,1583540.0,1583872.0,1584140.0,1584460.0,1584724.0,1585003.0,1585282.0,1585551.0,1585810.0,1586115.0,1586431.0,1586687.0,1586947.0,1587240.0,1587544.0,1587793.0,1588035.0,1588273.0,1588565.0,1588822.0,1589066.0,1589370.0,1589619.0,1589880.0,1590219.0,1590497.0,1590779.0,1591075.0,1591326.0,1591558.0,1591808.0,1592023.0,1592336.0,1592616.0,1592896.0,,1593441.0,1593692.0,1593963.0,1594211.0,1594431.0,1594666.0,1594913.0,1595090.0,1595317.0,1595519.0,1595780.0,1596018.0,1596237.0,1596460.0,1596680.0,1596924.0,1597227.0,1597503.0,1597759.0,1598032.0,1598343.0,1598666.0,1598942.0,1599228.0,1599526.0,1599802.0,1600141.0,1600447.0,1600753.0,1601025.0,1601327.0,1601593.0,1601880.0,1602124.0,1602461.0,1602747.0,1603055.0,1603356.0,1603642.0,1603909.0,1604167.0,1604443.0,1604701.0,1605004.0,1605230.0,1605499.0,1605875.0,1606169.0,1606477.0,1606705.0,1606954.0,1607148.0,1607397.0,1607617.0,1607854.0,1608064.0,1608315.0,1608572.0,1608809.0,1609133.0,1609390.0,1609620.0,1609882.0,1610136.0,1610421.0,1610663.0,1610917.0,1611188.0,1611428.0,1611653.0,1611863.0,1612124.0,1612356.0,1612569.0,1612784.0,1613103.0,1613428.0,1613704.0,1613971.0,1614218.0,1614486.0,1614774.0,1615063.0,1615392.0,1615711.0,1615981.0,1616325.0,1616668.0,1616986.0,1617289.0,1617607.0,1617874.0,1618159.0,1618409.0,1618625.0,1618897.0,1619132.0,1619355.0,1619580.0,1619800.0,1619990.0,1620176.0,1620449.0,1620678.0,1620901.0,1621198.0,1621450.0,1621700.0,1621955.0,1622194.0,1622382.0,1622589.0,1622780.0,1623008
K0xFPQ2CX5E,18741199.0,18745608.0,18750905.0,18756370.0,18762874.0,18770672.0,18777758.0,18784945.0,18791854.0,18799011.0,18806188.0,18812556.0,18819326.0,18825538.0,18831705.0,18837451.0,18843226.0,18848977.0,18854406.0,18859872.0,18865402.0,18871171.0,18877065.0,18883359.0,18889412.0,18894932.0,18900901.0,18907852.0,18913960.0,18919322.0,18924789.0,18930431.0,18936191.0,18941761.0,18947063.0,18952288.0,18957655.0,18962954.0,18968149.0,18973878.0,18979313.0,18984318.0,18989119.0,18993639.0,18998607.0,19003403.0,19008433.0,19013598.0,19018635.0,19023641.0,19028604.0,19033978.0,19039245.0,19044692.0,19050443.0,19055883.0,19061234.0,19066593.0,19071791.0,19077212.0,19082653.0,19088643.0,19094443.0,19099953.0,19105440.0,19110580.0,19115436.0,19120595.0,19125184.0,19131449.0,19136904.0,19142004.0,19147096.0,19152166.0,19157068.0,19162270.0,19167201.0,19172253.0,19177778.0,19182645.0,19187227.0,19192376.0,19197185.0,19201864.0,19206661.0,19212130.0,19217141.0,19221743.0,19226311.0,19230662.0,19235407.0,19240139.0,19245189.0,19250417.0,19255592.0,19259886.0,19264129.0,19268389.0,19272589.0,19277108.0,19281709.0,19286548.0,19291080.0,19295255.0,19299662.0,19304187.0,19308603.0,19313374.0,19318037.0,19322824.0,19327497.0,19332496.0,19337424.0,19342617.0,19348078.0,19353187.0,19358222.0,19363176.0,19368202.0,19373576.0,19379361.0,19385014.0,19391734.0,19397516.0,19402699.0,19412328.0,19420526.0,19428136.0,19435357.0,19442201.0,19448510.0,19454149.0,19459309.0,19464379.0,,,,,,,,,19513885.0,19519047.0,19524042.0,19528908.0,19533793.0,19538545.0,19543532.0,19548545.0,19553916.0,19558678.0,19563111.0,19567763.0,19572244.0,19576795.0,19581652.0,19586719.0,19592709.0,19599667.0,19605021.0,19609824.0,19614955.0,19620231.0,19625454.0,19629861.0,19635073.0,19639836.0,19644514.0,19649358.0,19654079.0,19658785.0,19663163.0,19667533.0,19672095.0,19676477.0,19681147.0,19685668.0,19690053.0,19694004.0,19697995.0,19702107.0,19706278.0,19710284.0,19714534.0,19718462.0,19722389.0,19726280.0,19730456.0,19734714.0,19738899.0,19743280.0,19747450.0,19751403.0,19755448.0,19759480.0,19763643.0,19767855.0,19771815.0,19775673.0,19779614.0,19783871.0,19787896.0,19791702.0,19795481.0,19799372.0,19803168.0,19807075.0,19811587.0,19816181.0,19820073.0,19824181.0,19828493.0,19832876.0,19836865.0,19840720.0,19844596.0,19848383.0,19852375.0,19856223.0,19860168.0,19863648.0,19867210.0,19870518.0,19874504.0,19878453.0,19882554.0,19886501.0,19890101.0,19893712.0,19897396.0,19901112.0,19904872.0,19908745.0,19912663.0,19916345.0,19920107.0,19923882.0,19927825.0,19931796.0,19935884.0,19939827.0,19943576.0,19947207.0,19950916.0,19954623.0,19958372.0,19962014.0,19965940.0,19969547.0,19973171.0,19976848.0,19980399.0,19984072.0,19987981.0,19991855.0,19995527.0,19999029.0,20002541.0,20006146.0,20009776.0,20013601.0,20017204.0,,20024396.0,20028138.0,20031874.0,20035687.0,20039616.0,20043302.0,20046771.0,20050071.0,20053580.0,20056997.0,20060525.0,20064242.0,20067898.0,20071438.0,20074800.0,20078450.0,20082417.0,20086434.0,20090816.0,20094964.0,20098775.0,20102600.0,20106510.0,20110544.0,20114655.0,20118667.0,20122498.0,20126195.0,20130399.0,20134425.0,20138449.0,20142380.0,20146420.0,20150440.0,20154445.0,20158487.0,20162488.0,20166467.0,20170596.0,20174525.0,20178277.0,20181902.0,20185434.0,20188960.0,20192498.0,20196005.0,20199756.0,20203443.0,20206557.0,20209863.0,20213201.0,20216678.0,20219957.0,20223229.0,20226487.0,20229585.0,20232783.0,20236057.0,20239240.0,20242659.0,20246306.0,20249637.0,20252911.0,20256310.0,20259928.0,20263218.0,20266559.0,20269988.0,20273328.0,20276503.0,20279600.0,20282623.0,20285591.0,20288601.0,20292172.0,20295943.0,20299523.0,20302942.0,20306515.0,20309908.0,20316075.0,20320823.0,20324490.0,20328531.0,20333088.0,20336954.0,20340761.0,20344596.0,20348193.0,20351623.0,20355208.0,20358734.0,20361996.0,20365310.0,20368508.0,20371912.0,20375147.0,20378404.0,20381316.0,20384371.0,20387534.0,20390805.0,20394025.0,20397148.0,20400258.0,20403332.0,20406366.0,20409168.0,20412026.0,20414847.0,20417671.0,20420601.0,20423491.0,20426504
ctFdldECQtY,538524.0,538693.0,538853.0,539022.0,539189.0,539337.0,539476.0,539668.0,539830.0,540006.0,540172.0,540331.0,540473.0,540588.0,540771.0,540932.0,541063.0,541206.0,541336.0,541465.0,541589.0,541767.0,541943.0,542117.0,542280.0,542424.0,542553.0,542692.0,542811.0,542943.0,543096.0,543272.0,543387.0,543535.0,543646.0,543795.0,543923.0,544052.0,544209.0,544342.0,544460.0,544592.0,544765.0,544962.0,545096.0,545224.0,545368.0,545498.0,545631.0,545747.0,545864.0,546027.0,546158.0,546292.0,546427.0,546595.0,546798.0,546954.0,547109.0,547303.0,547462.0,547616.0,547757.0,547923.0,548054.0,548183.0,548302.0,548441.0,548554.0,548694.0,548822.0,548963.0,549056.0,549174.0,549313.0,549467.0,549601.0,549771.0,549899.0,550018.0,550168.0,550299.0,550416.0,550552.0,550686.0,550825.0,550950.0,551079.0,551189.0,551314.0,551452.0,551580.0,551693.0,551819.0,551964.0,552081.0,552195.0,552289.0,552455.0,552555.0,552690.0,552832.0,552951.0,553050.0,553151.0,553273.0,553400.0,553516.0,553623.0,553739.0,553821.0,553957.0,554069.0,554184.0,554312.0,554462.0,554591.0,554703.0,554787.0,554899.0,555041.0,555177.0,555279.0,555401.0,555511.0,555612.0,555722.0,555839.0,555956.0,556086.0,556196.0,556284.0,556365.0,556469.0,,,,,,,,,557332.0,557430.0,557519.0,557615.0,557690.0,557779.0,557874.0,557984.0,558124.0,558212.0,558300.0,558425.0,558551.0,558659.0,558767.0,558862.0,558963.0,559033.0,559136.0,559224.0,559310.0,559461.0,559589.0,559689.0,559779.0,559871.0,559992.0,560086.0,560174.0,560276.0,560357.0,560421.0,560515.0,560582.0,560673.0,560748.0,560842.0,560928.0,561010.0,561079.0,561156.0,561266.0,561383.0,561506.0,561603.0,561703.0,561783.0,561864.0,561943.0,562043.0,562167.0,562250.0,562371.0,562482.0,562558.0,562687.0,562812.0,562907.0,563005.0,563109.0,563186.0,563282.0,563368.0,563464.0,563570.0,563674.0,563798.0,563888.0,563987.0,564094.0,564199.0,564309.0,564409.0,564505.0,564592.0,564659.0,564786.0,564884.0,564979.0,565092.0,565194.0,565291.0,565411.0,565528.0,565646.0,565732.0,565854.0,565967.0,566046.0,566148.0,566264.0,566377.0,566480.0,566590.0,566709.0,566803.0,566905.0,567005.0,567106.0,567203.0,567331.0,567456.0,567572.0,567681.0,567780.0,567905.0,568010.0,568099.0,568224.0,568321.0,568427.0,568532.0,568656.0,568784.0,568903.0,569022.0,569119.0,569219.0,569305.0,569426.0,569534.0,,569756.0,569846.0,569979.0,570088.0,570213.0,570329.0,570428.0,570528.0,570621.0,570746.0,570845.0,570958.0,571060.0,571177.0,571277.0,571417.0,571568.0,571732.0,571863.0,572005.0,572117.0,572232.0,572351.0,572459.0,572557.0,572690.0,572820.0,572915.0,573045.0,573164.0,573271.0,573363.0,573492.0,573622.0,573740.0,573833.0,573927.0,574018.0,574129.0,574251.0,574364.0,574467.0,574583.0,574695.0,574802.0,574906.0,575039.0,575146.0,575242.0,575316.0,575431.0,575549.0,575632.0,575757.0,575865.0,575989.0,576087.0,576176.0,576283.0,576391.0,576515.0,576625.0,576738.0,576857.0,576978.0,577086.0,577238.0,577365.0,577473.0,577597.0,577701.0,577781.0,577880.0,577981.0,578112.0,578219.0,578344.0,578467.0,578558.0,578650.0,578764.0,578859.0,578945.0,579032.0,579134.0,579228.0,579312.0,579391.0,579498.0,579590.0,579673.0,579747.0,579866.0,579974.0,580087.0,580176.0,580278.0,580378.0,580437.0,580532.0,580621.0,580695.0,580804.0,580896.0,580967.0,581049.0,581126.0,581194.0,581270.0,581370.0,581438.0,581523.0,581598.0,581660
pG6iaOMV46I,139312312.0,139352313.0,139396229.0,139442046.0,139485269.0,139528660.0,139569623.0,139616563.0,139666169.0,139717673.0,139763151.0,139804372.0,139850760.0,139902541.0,139953864.0,140001810.0,140053799.0,140102735.0,140149808.0,140194359.0,140245046.0,140294616.0,140346002.0,140410759.0,140472241.0,140529318.0,140580280.0,140630385.0,140683443.0,140742283.0,140800756.0,140851565.0,140904712.0,140963243.0,141029092.0,141084308.0,141146646.0,141219456.0,141284282.0,141337672.0,141390374.0,141445460.0,141498134.0,141552006.0,141600339.0,141645576.0,141691377.0,141743445.0,141797244.0,141842401.0,141885082.0,141932959.0,141976184.0,142021347.0,142064312.0,142108374.0,142150586.0,142192134.0,142234527.0,142278249.0,142323322.0,142369022.0,142413881.0,142456091.0,142507469.0,142555619.0,142601709.0,142642915.0,142679562.0,142731050.0,142770946.0,142807297.0,142845406.0,142883727.0,142920031.0,142956688.0,142992266.0,143028063.0,143067096.0,143103789.0,143137460.0,143173863.0,143212787.0,143251598.0,143290537.0,143331471.0,143374281.0,143416113.0,143452517.0,143488067.0,143523314.0,143558092.0,143595650.0,143639649.0,143682605.0,143718866.0,143755712.0,143790035.0,143824991.0,143863280.0,143904508.0,143945170.0,143983962.0,144022888.0,144060734.0,144097729.0,144132619.0,144167139.0,144201366.0,144236775.0,144272938.0,144309847.0,144345895.0,144383402.0,144423418.0,144461900.0,144499244.0,144536769.0,144574883.0,144610227.0,144648277.0,144685702.0,144721443.0,144754323.0,144788635.0,144823035.0,144857727.0,144894081.0,144931359.0,144966170.0,144999067.0,145035193.0,145073027.0,145108059.0,,,,,,,,,145404229.0,145439556.0,145472773.0,145506157.0,145538312.0,145570942.0,145601447.0,145633840.0,145672773.0,145708726.0,145745307.0,145785426.0,145821670.0,145852349.0,145884431.0,145917832.0,145951481.0,145987605.0,146016857.0,146042355.0,146069689.0,146098404.0,146128469.0,146155292.0,146181470.0,146211548.0,146242130.0,146274450.0,146307441.0,146339781.0,146369920.0,146399827.0,146429184.0,146460933.0,146491876.0,146524654.0,146556319.0,146586494.0,146618387.0,146651390.0,146686199.0,146720807.0,146758070.0,146795015.0,146828975.0,146862319.0,146896733.0,146931667.0,146966338.0,147003578.0,147039772.0,147073887.0,147108597.0,147144932.0,147180069.0,147212042.0,147250910.0,147287750.0,147322503.0,147358349.0,147394238.0,147428759.0,147463523.0,147499546.0,147532406.0,147567227.0,147602785.0,147636937.0,147669515.0,147703859.0,147740991.0,147776607.0,147810609.0,147844621.0,147880414.0,147914987.0,147951134.0,147988396.0,148023996.0,148057767.0,148091775.0,148122945.0,148156904.0,148194616.0,148230250.0,148265670.0,148298555.0,148332762.0,148365953.0,148399797.0,148433184.0,148468180.0,148502286.0,148536901.0,148572975.0,148608559.0,148644803.0,148681205.0,148720422.0,148756048.0,148790151.0,148824067.0,148858521.0,148892936.0,148927842.0,148963375.0,148998211.0,149037570.0,149086574.0,149134197.0,149182409.0,149229736.0,149277366.0,149321250.0,149361050.0,149396959.0,149431187.0,149467863.0,149504897.0,149539183.0,149572471.0,,149651442.0,149690338.0,149730199.0,149768466.0,149807434.0,149844515.0,149881506.0,149915891.0,149949694.0,149984723.0,150018076.0,150054268.0,150088256.0,150120635.0,150151947.0,150183558.0,150224747.0,150259472.0,150298241.0,150334697.0,150367780.0,150401323.0,150434318.0,150466862.0,150499787.0,150533020.0,150566309.0,150597989.0,150629995.0,150661710.0,150694827.0,150728074.0,150759965.0,150791474.0,150823530.0,150855460.0,150887302.0,150919926.0,150954487.0,150987631.0,151020229.0,151052354.0,151085807.0,151118046.0,151150088.0,151182376.0,151217528.0,151252285.0,151285214.0,151317649.0,151350067.0,151381762.0,151414038.0,151449071.0,151482375.0,151512709.0,151543037.0,151573633.0,151605629.0,151638276.0,151672852.0,151706808.0,151739397.0,151773340.0,151808133.0,151841615.0,151876887.0,151913964.0,151948009.0,151983014.0,152019894.0,152055292.0,152089900.0,152124664.0,152159504.0,152196221.0,152233314.0,152265842.0,152298123.0,152329714.0,152362715.0,152397790.0,152431915.0,152464387.0,152495107.0,152526891.0,152558582.0,152592757.0,152628077.0,152662134.0,152695726.0,152727753.0,152759913.0,152793021.0,152826982.0,152863901.0,152897056.0,152928887.0,152964066.0,152999909.0,153034659.0,153072144.0,153111042.0,153147155.0,153183711.0,153216684.0,153249027.0,153281064.0,153313117.0,153346946.0,153377877.0,153408156.0,153440272.0,153473127
8ZcfwNisYso,3752719.0,3754533.0,3756556.0,3758724.0,3760653.0,3762594.0,3764433.0,3766274.0,3768129.0,3770119.0,3772154.0,3774032.0,3775917.0,3777735.0,3779431.0,3780934.0,3782605.0,3784246.0,3785677.0,3786956.0,3788473.0,3789954.0,3791355.0,3792787.0,3794190.0,3795536.0,3796816.0,3798191.0,3799567.0,3801009.0,3802516.0,3803932.0,3805343.0,3806768.0,3808156.0,3809682.0,3811220.0,3812987.0,3814743.0,3816321.0,3817789.0,3819362.0,3821083.0,3822742.0,3824575.0,3826281.0,3827870.0,3829449.0,3831057.0,3832657.0,3834230.0,3835841.0,3837326.0,3838831.0,3840346.0,3841973.0,3843577.0,3845163.0,3846635.0,3848155.0,3849617.0,3851160.0,3852691.0,3854190.0,3855661.0,3857291.0,3858854.0,3860255.0,3861564.0,3863270.0,3864715.0,3866178.0,3867649.0,3869028.0,3870409.0,3871966.0,3873427.0,3875028.0,3876512.0,3877972.0,3879411.0,3881128.0,3883026.0,3884742.0,3886479.0,3888258.0,3889996.0,3891675.0,3893266.0,3894826.0,3896333.0,3897742.0,3899182.0,3900665.0,3902191.0,3903460.0,3904935.0,3906357.0,3907736.0,3909058.0,3910497.0,3911879.0,3913220.0,3914574.0,3915889.0,3917177.0,3918596.0,3920062.0,3921536.0,3922870.0,3924290.0,3925654.0,3927029.0,3928386.0,3929744.0,3931130.0,3932495.0,3933800.0,3935058.0,3936288.0,3937490.0,3938916.0,3940360.0,3941588.0,3942866.0,3944129.0,3945408.0,3946717.0,3948058.0,3949355.0,3950535.0,3951629.0,3952740.0,3953754.0,,,,,,,,,3963213.0,3964368.0,3965440.0,3966535.0,3967555.0,3968594.0,3969577.0,3970880.0,3972213.0,3973441.0,3974624.0,3975789.0,3977080.0,3978337.0,3979680.0,3980949.0,3982139.0,3983238.0,3984425.0,3985473.0,3986555.0,3987835.0,3988989.0,3990086.0,3991149.0,3992231.0,3993394.0,3994536.0,3995619.0,3996748.0,3997847.0,3998958.0,4000117.0,4001178.0,4002277.0,4003430.0,4004585.0,4005738.0,4006977.0,4008177.0,4009413.0,4010605.0,4011785.0,4012945.0,4014078.0,4015265.0,4016448.0,4017648.0,4018851.0,4020216.0,4021495.0,4022710.0,4023815.0,4025072.0,4026330.0,4027537.0,4028779.0,4029940.0,4031115.0,4032298.0,4033468.0,4034688.0,4035837.0,4037038.0,4038212.0,4039370.0,4040576.0,4041878.0,4042974.0,4044260.0,4045516.0,4046786.0,4047996.0,4049228.0,4050431.0,4051652.0,4052945.0,4054271.0,4055714.0,4056908.0,4058224.0,4059487.0,4060843.0,4062174.0,4063456.0,4064669.0,4065918.0,4067124.0,4068406.0,4069669.0,4071110.0,4072633.0,4074118.0,4075522.0,4076909.0,4078229.0,4079711.0,4081074.0,4082546.0,4083993.0,4085453.0,4086783.0,4088154.0,4089541.0,4090921.0,4092334.0,4093848.0,4095547.0,4097426.0,4099110.0,4100683.0,4102260.0,4103756.0,4105243.0,4106679.0,4108121.0,4109446.0,4110821.0,4112336.0,4113956.0,4115411.0,,4119327.0,4121578.0,4123953.0,4126275.0,4128835.0,4131431.0,4133809.0,4136148.0,4138490.0,4140889.0,4143189.0,4145514.0,4147720.0,4149931.0,4151859.0,4153851.0,4155824.0,4157704.0,4159666.0,4161576.0,4163626.0,4165533.0,4167409.0,4169248.0,4171019.0,4172762.0,4174505.0,4176226.0,4177941.0,4179681.0,4181473.0,4183219.0,4185066.0,4186717.0,4188409.0,4190095.0,4191776.0,4193436.0,4195171.0,4196927.0,4198692.0,4200400.0,4202108.0,4203773.0,4205350.0,4206892.0,4208567.0,4210211.0,4211749.0,4213259.0,4214723.0,4216173.0,4217672.0,4219245.0,4220729.0,4222350.0,4223960.0,4225389.0,4226810.0,4228362.0,4230015.0,4231640.0,4233119.0,4234666.0,4236245.0,4237776.0,4239211.0,4240640.0,4242032.0,4243258.0,4244904.0,4246285.0,4247775.0,4249256.0,4250761.0,4252327.0,4253926.0,4255449.0,4256910.0,4258298.0,4259838.0,4261238.0,4262967.0,4264462.0,4265977.0,4267677.0,4269170.0,4270738.0,4272239.0,4273716.0,4275257.0,4276717.0,4278202.0,4279695.0,4281122.0,4282521.0,4283899.0,4285217.0,4286535.0,4287863.0,4289158.0,4290444.0,4291798.0,4293050.0,4294360.0,4295578.0,4296828.0,4298069.0,4299348.0,4300634.0,4301795.0,4302954.0,4304157.0,4305441
qD1kP_nJU3o,31398488.0,31406975.0,31416507.0,31426244.0,31435577.0,31444795.0,31453239.0,31461781.0,31471178.0,31481666.0,31492057.0,31500665.0,31509721.0,31518746.0,31527720.0,31536704.0,31547123.0,31556981.0,31565558.0,31574340.0,31583435.0,31593518.0,31604051.0,31615204.0,31625727.0,31634879.0,31644405.0,31654144.0,31663743.0,31673050.0,31682633.0,31691650.0,31699669.0,31708213.0,31716750.0,31725577.0,31735451.0,31745098.0,31754184.0,31762296.0,31770560.0,31779466.0,31791085.0,31800860.0,31812621.0,31823782.0,31833076.0,31842428.0,31852159.0,31861814.0,31871255.0,31881363.0,31891136.0,31899769.0,31909486.0,31918227.0,31926883.0,31936811.0,31947790.0,31958149.0,31967155.0,31976466.0,31985750.0,31995381.0,32004234.0,32013682.0,32022537.0,32031050.0,32038523.0,32047628.0,32055547.0,32062452.0,32069298.0,32076659.0,32084121.0,32091793.0,32100081.0,32108150.0,32116100.0,32124299.0,32132515.0,32140769.0,32149953.0,32159026.0,32167434.0,32175571.0,32183118.0,32190780.0,32198274.0,32205813.0,32214386.0,32221716.0,32228500.0,32235616.0,32242536.0,32248624.0,32255205.0,32262100.0,32268590.0,32275326.0,32282448.0,32288911.0,32294791.0,32300479.0,32306559.0,32312679.0,32319002.0,32325775.0,32332263.0,32338449.0,32344998.0,32350987.0,32356910.0,32363018.0,32370596.0,32377933.0,32385264.0,32392588.0,32399872.0,32406692.0,32413894.0,32421407.0,32428661.0,32435516.0,32442114.0,32448830.0,32455422.0,32462097.0,32468723.0,32475061.0,32481158.0,32487152.0,32493252.0,32498929.0,,,,,,,,,32552307.0,32558140.0,32563434.0,32569104.0,32574466.0,32579622.0,32584347.0,32589354.0,32594576.0,32599489.0,32603941.0,32608538.0,32613449.0,32618211.0,32623017.0,32627685.0,32632298.0,32637013.0,32641686.0,32646603.0,32651948.0,32657609.0,32663081.0,32667817.0,32672546.0,32677284.0,32682229.0,32687388.0,32692796.0,32698164.0,32703237.0,32708240.0,32713311.0,32718309.0,32723212.0,32728498.0,32733415.0,32738089.0,32743267.0,32748283.0,32753459.0,32758414.0,32763885.0,32769181.0,32774201.0,32779228.0,32784428.0,32789708.0,32795010.0,32800898.0,32806367.0,32811732.0,32817172.0,32822997.0,32828485.0,32834136.0,32839858.0,32845088.0,32850452.0,32856203.0,32861737.0,32867131.0,32872445.0,32877942.0,32883536.0,32889223.0,32894525.0,32899867.0,32904712.0,32909474.0,32914338.0,32919294.0,32924237.0,32929546.0,32934762.0,32939958.0,32945557.0,32951428.0,32957277.0,32962783.0,32968056.0,32973218.0,32978720.0,32984890.0,32990849.0,32996686.0,33001957.0,33007290.0,33012923.0,33018546.0,33024373.0,33030526.0,33036521.0,33042259.0,33048192.0,33054119.0,33059953.0,33065761.0,33072311.0,33078613.0,33084438.0,33090240.0,33096192.0,33102177.0,33108180.0,33114642.0,33120967.0,33128142.0,33136434.0,33144427.0,33151486.0,33158249.0,33165699.0,33172712.0,33179128.0,33184946.0,33190709.0,33196738.0,33203025.0,33209039.0,33214936.0,,33227385.0,33233324.0,33239133.0,33244964.0,33251022.0,33256601.0,33262048.0,33267454.0,33272542.0,33277792.0,33282963.0,33288688.0,33293919.0,33298674.0,33303364.0,33308544.0,33313711.0,33319393.0,33325735.0,33331456.0,33336758.0,33342153.0,33347545.0,33353195.0,33358816.0,33364318.0,33369856.0,33375082.0,33380237.0,33385283.0,33390576.0,33395662.0,33400774.0,33405626.0,33410762.0,33416011.0,33421117.0,33426158.0,33431407.0,33436835.0,33442109.0,33446969.0,33451656.0,33456363.0,33460959.0,33465595.0,33470941.0,33475975.0,33480458.0,33484997.0,33489719.0,33494827.0,33500024.0,33505657.0,33511147.0,33515920.0,33520552.0,33525421.0,33530104.0,33534856.0,33540163.0,33545189.0,33549819.0,33554656.0,33559588.0,33564208.0,33569046.0,33573875.0,33578366.0,33582842.0,33587252.0,33591526.0,33595802.0,33599903.0,33604418.0,33609781.0,33615230.0,33620804.0,33625244.0,33629655.0,33634302.0,33639863.0,33644973.0,33649735.0,33654068.0,33658310.0,33662866.0,33667423.0,33672257.0,33676754.0,33681265.0,33686767.0,33691962.0,33696833.0,33701489.0,33706701.0,33711445.0,33715900.0,33720255.0,33724880.0,33729262.0,33733570.0,33737739.0,33741879.0,33746150.0,33750133.0,33754118.0,33758026.0,33761921.0,33766008.0,33769930.0,33773418.0,33777183.0,33781103
okVTSehE414,39329225.0,39343847.0,39360401.0,39376869.0,39393135.0,39409101.0,39423693.0,39437870.0,39453316.0,39471396.0,39488285.0,39501986.0,39515458.0,39529886.0,39544130.0,39558277.0,39574026.0,39589198.0,39602717.0,39615761.0,39628907.0,39644057.0,39660146.0,39676078.0,39690649.0,39704040.0,39718438.0,39733305.0,39748354.0,39763692.0,39779488.0,39794535.0,39807600.0,39820845.0,39834847.0,39848607.0,39863917.0,39880611.0,39895332.0,39908741.0,39922270.0,39936520.0,39949842.0,39962420.0,39978269.0,39995693.0,40009730.0,40024000.0,40038361.0,40052031.0,40065788.0,40081173.0,40095817.0,40109893.0,40124152.0,40136613.0,40149103.0,40161975.0,40175041.0,40188636.0,40201807.0,40215043.0,40227945.0,40241098.0,40253461.0,40265844.0,40278304.0,40290921.0,40303167.0,40317717.0,40329906.0,40340842.0,40352173.0,40363240.0,40373861.0,40384875.0,40396423.0,40408336.0,40419576.0,40431646.0,40443286.0,40455941.0,40470701.0,40485801.0,40499907.0,40513384.0,40525426.0,40535745.0,40545215.0,40555182.0,40566682.0,40580029.0,40593771.0,40606693.0,40618908.0,40628668.0,40638498.0,40648344.0,40658785.0,40669553.0,40680367.0,40690416.0,40699666.0,40709381.0,40719404.0,40728968.0,40738223.0,40748522.0,40757778.0,40766827.0,40775802.0,40784642.0,40793670.0,40803352.0,40813600.0,40822708.0,40831765.0,40841102.0,40850304.0,40859025.0,40868278.0,40877858.0,40887006.0,40896061.0,40905715.0,40915881.0,40925849.0,40935838.0,40945805.0,40955509.0,40964538.0,40973132.0,40982086.0,40991052.0,,,,,,,,,41074119.0,41083810.0,41092573.0,41101272.0,41110141.0,41118516.0,41126743.0,41135811.0,41145991.0,41154761.0,41163282.0,41172029.0,41182123.0,41191604.0,41201834.0,41210993.0,41218901.0,41226814.0,41235280.0,41243708.0,41251819.0,41260822.0,41269174.0,41276349.0,41283888.0,41291399.0,41299026.0,41307667.0,41316160.0,41324222.0,41332334.0,41339995.0,41347958.0,41356318.0,41364735.0,41374211.0,41382934.0,41391151.0,41399682.0,41408529.0,41417456.0,41426413.0,41435914.0,41445246.0,41454051.0,41462671.0,41471690.0,41480892.0,41490377.0,41500165.0,41509240.0,41517521.0,41526016.0,41534790.0,41543517.0,41552503.0,41561888.0,41570613.0,41579200.0,41587957.0,41596776.0,41605425.0,41613960.0,41622764.0,41631071.0,41639724.0,41648623.0,41657658.0,41666486.0,41675059.0,41684233.0,41693460.0,41702092.0,41711478.0,41721231.0,41730676.0,41741006.0,41751413.0,41761945.0,41771751.0,41781671.0,41790910.0,41801012.0,41812556.0,41823414.0,41834076.0,41844178.0,41854755.0,41865514.0,41876460.0,41887334.0,41898700.0,41909776.0,41920460.0,41931703.0,41942821.0,41953936.0,41965183.0,41977277.0,41988556.0,41999498.0,42010380.0,42021668.0,42032704.0,42044227.0,42055474.0,42066140.0,42077930.0,42092258.0,42106637.0,42120500.0,42134333.0,42149073.0,42162698.0,42175128.0,42186345.0,42197279.0,42208423.0,42219989.0,42231560.0,42242191.0,,42266837.0,42279005.0,42290785.0,42303140.0,42315693.0,42327825.0,42339457.0,42349861.0,42360473.0,42370980.0,42381761.0,42393736.0,42404739.0,42414867.0,42424916.0,42435533.0,42446593.0,42458099.0,42471157.0,42482779.0,42492758.0,42503216.0,42513512.0,42524381.0,42535365.0,42546231.0,42557378.0,42568061.0,42578913.0,42589391.0,42600302.0,42610790.0,42622161.0,42632913.0,42643217.0,42653748.0,42664282.0,42674760.0,42685856.0,42696885.0,42707627.0,42717480.0,42727089.0,42736922.0,42746750.0,42756717.0,42767879.0,42778118.0,42786966.0,42796263.0,42806010.0,42816253.0,42826632.0,42837806.0,42848533.0,42858184.0,42867879.0,42877537.0,42887356.0,42897845.0,42909075.0,42919794.0,42929705.0,42939653.0,42949602.0,42959225.0,42969658.0,42979937.0,42989708.0,42999718.0,43009945.0,43019743.0,43030035.0,43040360.0,43051928.0,43063246.0,43073759.0,43083551.0,43093740.0,43104228.0,43114593.0,43125451.0,43135872.0,43145784.0,43158833.0,43170411.0,43181273.0,43192976.0,43205532.0,43216976.0,43227525.0,43238001.0,43248462.0,43258700.0,43268947.0,43280309.0,43290384.0,43300112.0,43310003.0,43320970.0,43331182.0,43341525.0,43352935.0,43363360.0,43372983.0,43382418.0,43391391.0,43400300.0,43409450.0,43419592.0,43429472.0,43438889.0,43449058.0,43460134
_Hu4GYtye5U,35130896.0,35138899.0,35148109.0,35157684.0,35167364.0,35176465.0,35185551.0,35195429.0,35205887.0,35217717.0,35229511.0,35239687.0,35250212.0,35261259.0,35273502.0,35286321.0,35298907.0,35309814.0,35320368.0,35330724.0,35340931.0,35350790.0,35361555.0,35371227.0,35380941.0,35390587.0,35399758.0,35409454.0,35419569.0,35431232.0,35443076.0,35454319.0,35465887.0,35476209.0,35487133.0,35498272.0,35511141.0,35525122.0,35538517.0,35551086.0,35563178.0,35575315.0,35587999.0,35599984.0,35611037.0,35625323.0,35640866.0,35652782.0,35663208.0,35672883.0,35682054.0,35693082.0,35704291.0,35716783.0,35729768.0,35741572.0,35752856.0,35763225.0,35773103.0,35784304.0,35798349.0,35813351.0,35828304.0,35842080.0,35855101.0,35867215.0,35878422.0,35888995.0,35898869.0,35911072.0,35924153.0,35936279.0,35947163.0,35957201.0,35967076.0,35977328.0,35988092.0,35997967.0,36007865.0,36017760.0,36027207.0,36038185.0,36050552.0,36063399.0,36076327.0,36089633.0,36102021.0,36112928.0,36122205.0,36130263.0,36138646.0,36147400.0,36158547.0,36169668.0,36180870.0,36188925.0,36196148.0,36203670.0,36211333.0,36220398.0,36230605.0,36240745.0,36249919.0,36257799.0,36265835.0,36273915.0,36281178.0,36289588.0,36298022.0,36306889.0,36315987.0,36325329.0,36334403.0,36343241.0,36352166.0,36361007.0,36369063.0,36376552.0,36384377.0,36391838.0,36399681.0,36407581.0,36415544.0,36423688.0,36431977.0,36440369.0,36448982.0,36457510.0,36466690.0,36475229.0,36482421.0,36489842.0,36497709.0,36504876.0,,,,,,,,,36581744.0,36591488.0,36600250.0,36608889.0,36617726.0,36626939.0,36636137.0,36646653.0,36658947.0,36668457.0,36679110.0,36692339.0,36704755.0,36719180.0,36731874.0,36744940.0,36756766.0,36769708.0,36781452.0,36790665.0,36799181.0,36808171.0,36816644.0,36825028.0,36834535.0,36843679.0,36852638.0,36862145.0,36871293.0,36880467.0,36889546.0,36898569.0,36907609.0,36916571.0,36925385.0,36934411.0,36943635.0,36952448.0,36961755.0,36970692.0,36979798.0,36988175.0,36997152.0,37006202.0,37015044.0,37024122.0,37033353.0,37043015.0,37052593.0,37062604.0,37072239.0,37081339.0,37090669.0,37100250.0,37109156.0,37118727.0,37128019.0,37137084.0,37146163.0,37155746.0,37165181.0,37173771.0,37181988.0,37190272.0,37198026.0,37206634.0,37214954.0,37222537.0,37229275.0,37236557.0,37243786.0,37251931.0,37259359.0,37267025.0,37274474.0,37281505.0,37289061.0,37296330.0,37303503.0,37311221.0,37319792.0,37327175.0,37335113.0,37343751.0,37351816.0,37360020.0,37367913.0,37376083.0,37383995.0,37392384.0,37400241.0,37408310.0,37416593.0,37424695.0,37433336.0,37442260.0,37450617.0,37458586.0,37466816.0,37474785.0,37482968.0,37491193.0,37499297.0,37507226.0,37514964.0,37522627.0,37530296.0,37538840.0,37549285.0,37559914.0,37569502.0,37578583.0,37587637.0,37596145.0,37604759.0,37612589.0,37620163.0,37627821.0,37635553.0,37643153.0,37650400.0,,37669046.0,37678127.0,37686385.0,37694550.0,37703270.0,37711998.0,37720765.0,37728705.0,37736686.0,37744777.0,37752194.0,37760208.0,37768526.0,37776380.0,37783796.0,37791031.0,37799147.0,37807340.0,37816173.0,37825376.0,37833813.0,37841548.0,37848944.0,37856625.0,37864301.0,37871886.0,37879522.0,37887147.0,37895828.0,37905178.0,37914081.0,37922752.0,37931326.0,37939934.0,37948688.0,37957741.0,37966789.0,37975480.0,37984405.0,37993552.0,38002477.0,38011265.0,38019785.0,38028226.0,38036680.0,38045461.0,38054969.0,38063789.0,38071568.0,38079187.0,38086737.0,38094568.0,38102557.0,38111210.0,38119915.0,38127894.0,38136267.0,38144710.0,38153117.0,38161444.0,38169965.0,38178756.0,38187511.0,38196039.0,38204760.0,38213237.0,38221537.0,38229769.0,38238096.0,38246564.0,38254691.0,38262231.0,38270087.0,38277776.0,38286100.0,38296715.0,38305279.0,38321572.0,38329818.0,38337833.0,38345744.0,38354026.0,38361893.0,38369594.0,38377171.0,38384740.0,38392408.0,38400348.0,38408638.0,38416688.0,38424441.0,38431635.0,38438862.0,38446079.0,38453124.0,38460937.0,38468045.0,38474738.0,38481161.0,38488224.0,38494915.0,38501815.0,38508919.0,38516036.0,38522769.0,38529863.0,38537239.0,38544735.0,38552173.0,38559744.0,38566841.0,38573966.0,38581026.0,38587939
_ApV7Lm87cg,57084616.0,57107882.0,57133219.0,57159096.0,57184095.0,57207161.0,57230676.0,57253482.0,57279536.0,57309218.0,57337896.0,57363126.0,57388617.0,57415430.0,57443256.0,57471014.0,57500110.0,57527975.0,57555359.0,57582226.0,57611421.0,57645867.0,57684884.0,57724439.0,57760468.0,57794553.0,57828816.0,57863266.0,57902044.0,57944321.0,57987652.0,58026796.0,58064247.0,58103125.0,58142923.0,58181405.0,58228219.0,58275276.0,58315277.0,58353782.0,58392605.0,58434935.0,58482004.0,58528799.0,58572528.0,58615688.0,58653575.0,58692254.0,58729589.0,58762309.0,58794230.0,58838109.0,58874732.0,58908904.0,58942915.0,58978348.0,59014161.0,59052116.0,59091143.0,59132011.0,59169449.0,59203595.0,59236621.0,59269800.0,59299228.0,59325730.0,59355657.0,59388799.0,59417119.0,59448800.0,59477289.0,59504453.0,59533692.0,59562050.0,59591457.0,59623412.0,59655830.0,59686104.0,59715346.0,59743557.0,59771698.0,59804840.0,59844179.0,59882774.0,59919068.0,59951720.0,59981103.0,60009908.0,60038865.0,60065407.0,60092228.0,60116869.0,60142911.0,60169885.0,60196969.0,60221949.0,60246361.0,60270873.0,60296995.0,60325748.0,60355512.0,60381118.0,60405267.0,60429760.0,60454534.0,60478654.0,60501434.0,60524310.0,60547898.0,60571212.0,60595075.0,60617314.0,60639602.0,60661967.0,60685945.0,60708928.0,60731674.0,60754295.0,60778522.0,60801564.0,60827381.0,60853140.0,60876964.0,60900937.0,60925022.0,60948331.0,60973467.0,60999541.0,61027248.0,61053995.0,61078263.0,61105389.0,61133109.0,61159792.0,,,,,,,,,61405872.0,61437489.0,61467686.0,61497261.0,61525288.0,61552536.0,61578996.0,61607251.0,61637400.0,61662910.0,61689668.0,61720676.0,61749390.0,61777367.0,61803628.0,61829302.0,61854455.0,61880436.0,61903618.0,61924502.0,61946036.0,61969115.0,61991663.0,62013685.0,62035676.0,62058367.0,62081962.0,62107074.0,62131443.0,62155354.0,62178603.0,62202682.0,62226378.0,62251792.0,62275952.0,62302018.0,62326023.0,62350226.0,62375847.0,62402144.0,62427689.0,62453134.0,62481040.0,62509047.0,62534784.0,62560451.0,62586611.0,62613226.0,62639350.0,62667997.0,62694084.0,62718963.0,62743986.0,62769988.0,62795231.0,62823341.0,62850901.0,62876983.0,62902872.0,62929511.0,62956526.0,62982771.0,63008366.0,63034533.0,63058901.0,63085494.0,63111452.0,63137181.0,63161052.0,63186088.0,63211639.0,63238140.0,63263296.0,63290295.0,63316466.0,63342040.0,63369770.0,63397339.0,63423917.0,63450284.0,63478596.0,63503975.0,63531274.0,63561829.0,63589515.0,63616519.0,63643295.0,63671096.0,63698393.0,63725237.0,63751999.0,63780021.0,63807502.0,63835558.0,63864144.0,63893589.0,63922648.0,63952018.0,63982116.0,64010815.0,64039098.0,64065468.0,64091193.0,64117016.0,64144417.0,64172469.0,64198974.0,64227757.0,64262902.0,64299261.0,64334087.0,64368423.0,64403610.0,64437207.0,64468085.0,64497282.0,64524191.0,64551883.0,64579974.0,64607240.0,64633300.0,,64697902.0,64731804.0,64765432.0,64797661.0,64830222.0,64861388.0,64892828.0,64921515.0,64949134.0,64977370.0,65003570.0,65032317.0,65060449.0,65087559.0,65113383.0,65140189.0,65169379.0,65199368.0,65230407.0,65260634.0,65287568.0,65314793.0,65341880.0,65369577.0,65397273.0,65424186.0,65452088.0,65480272.0,65509300.0,65538090.0,65566719.0,65596126.0,65624933.0,65653605.0,65682524.0,65710659.0,65739060.0,65766992.0,65796565.0,65824900.0,65854028.0,65883381.0,65912220.0,65940689.0,65967098.0,65993941.0,66023613.0,66052254.0,66078083.0,66103975.0,66128734.0,66153947.0,66179438.0,66207507.0,66235118.0,66262573.0,66289845.0,66317659.0,66346311.0,66377206.0,66410284.0,66442601.0,66474446.0,66508116.0,66542330.0,66574265.0,66605948.0,66639504.0,66672301.0,66707373.0,66740338.0,66772428.0,66804086.0,66837810.0,66869685.0,66901096.0,66932871.0,66963666.0,66994701.0,67025774.0,67056927.0,67089336.0,67120989.0,67151475.0,67182373.0,67213717.0,67245540.0,67280136.0,67314877.0,67349351.0,67382719.0,67413632.0,67444310.0,67475347.0,67508270.0,67542818.0,67572560.0,67601981.0,67635216.0,67668477.0,67700561.0,67734775.0,67769728.0,67802813.0,67836202.0,67868347.0,67899105.0,67931722.0,67962994.0,67994323.0,68022413.0,68050595.0,68080029.0,68110705
_ApV7Lm87cg,57084616.0,57107882.0,57133219.0,57159096.0,57184095.0,57207161.0,57230676.0,57253482.0,57279536.0,57309218.0,57337896.0,57363126.0,57388617.0,57415430.0,57443256.0,57471014.0,57500110.0,57527975.0,57555359.0,57582226.0,57611421.0,57645867.0,57684884.0,57724439.0,57760468.0,57794553.0,57828816.0,57863266.0,57902044.0,57944321.0,57987652.0,58026796.0,58064247.0,58103125.0,58142923.0,58181405.0,58228219.0,58275276.0,58315277.0,58353782.0,58392605.0,58434935.0,58482004.0,58528799.0,58572528.0,58615688.0,58653575.0,58692254.0,58729589.0,58762309.0,58794230.0,58838109.0,58874732.0,58908904.0,58942915.0,58978348.0,59014161.0,59052116.0,59091143.0,59132011.0,59169449.0,59203595.0,59236621.0,59269800.0,59299228.0,59325730.0,59355657.0,59388799.0,59417119.0,59448800.0,59477289.0,59504453.0,59533692.0,59562050.0,59591457.0,59623412.0,59655830.0,59686104.0,59715346.0,59743557.0,59771698.0,59804840.0,59844179.0,59882774.0,59919068.0,59951720.0,59981103.0,60009908.0,60038865.0,60065407.0,60092228.0,60116869.0,60142911.0,60169885.0,60196969.0,60221949.0,60246361.0,60270873.0,60296995.0,60325748.0,60355512.0,60381118.0,60405267.0,60429760.0,60454534.0,60478654.0,60501434.0,60524310.0,60547898.0,60571212.0,60595075.0,60617314.0,60639602.0,60661967.0,60685945.0,60708928.0,60731674.0,60754295.0,60778522.0,60801564.0,60827381.0,60853140.0,60876964.0,60900937.0,60925022.0,60948331.0,60973467.0,60999541.0,61027248.0,61053995.0,61078263.0,61105389.0,61133109.0,61159792.0,,,,,,,,,61405872.0,61437489.0,61467686.0,61497261.0,61525288.0,61552536.0,61578996.0,61607251.0,61637400.0,61662910.0,61689668.0,61720676.0,61749390.0,61777367.0,61803628.0,61829302.0,61854455.0,61880436.0,61903618.0,61924502.0,61946036.0,61969115.0,61991663.0,62013685.0,62035676.0,62058367.0,62081962.0,62107074.0,62131443.0,62155354.0,62178603.0,62202682.0,62226378.0,62251792.0,62275952.0,62302018.0,62326023.0,62350226.0,62375847.0,62402144.0,62427689.0,62453134.0,62481040.0,62509047.0,62534784.0,62560451.0,62586611.0,62613226.0,62639350.0,62667997.0,62694084.0,62718963.0,62743986.0,62769988.0,62795231.0,62823341.0,62850901.0,62876983.0,62902872.0,62929511.0,62956526.0,62982771.0,63008366.0,63034533.0,63058901.0,63085494.0,63111452.0,63137181.0,63161052.0,63186088.0,63211639.0,63238140.0,63263296.0,63290295.0,63316466.0,63342040.0,63369770.0,63397339.0,63423917.0,63450284.0,63478596.0,63503975.0,63531274.0,63561829.0,63589515.0,63616519.0,63643295.0,63671096.0,63698393.0,63725237.0,63751999.0,63780021.0,63807502.0,63835558.0,63864144.0,63893589.0,63922648.0,63952018.0,63982116.0,64010815.0,64039098.0,64065468.0,64091193.0,64117016.0,64144417.0,64172469.0,64198974.0,64227757.0,64262902.0,64299261.0,64334087.0,64368423.0,64403610.0,64437207.0,64468085.0,64497282.0,64524191.0,64551883.0,64579974.0,64607240.0,64633300.0,,64697902.0,64731804.0,64765432.0,64797661.0,64830222.0,64861388.0,64892828.0,64921515.0,64949134.0,64977370.0,65003570.0,65032317.0,65060449.0,65087559.0,65113383.0,65140189.0,65169379.0,65199368.0,65230407.0,65260634.0,65287568.0,65314793.0,65341880.0,65369577.0,65397273.0,65424186.0,65452088.0,65480272.0,65509300.0,65538090.0,65566719.0,65596126.0,65624933.0,65653605.0,65682524.0,65710659.0,65739060.0,65766992.0,65796565.0,65824900.0,65854028.0,65883381.0,65912220.0,65940689.0,65967098.0,65993941.0,66023613.0,66052254.0,66078083.0,66103975.0,66128734.0,66153947.0,66179438.0,66207507.0,66235118.0,66262573.0,66289845.0,66317659.0,66346311.0,66377206.0,66410284.0,66442601.0,66474446.0,66508116.0,66542330.0,66574265.0,66605948.0,66639504.0,66672301.0,66707373.0,66740338.0,66772428.0,66804086.0,66837810.0,66869685.0,66901096.0,66932871.0,66963666.0,66994701.0,67025774.0,67056927.0,67089336.0,67120989.0,67151475.0,67182373.0,67213717.0,67245540.0,67280136.0,67314877.0,67349351.0,67382719.0,67413632.0,67444310.0,67475347.0,67508270.0,67542818.0,67572560.0,67601981.0,67635216.0,67668477.0,67700561.0,67734775.0,67769728.0,67802813.0,67836202.0,67868347.0,67899105.0,67931722.0,67962994.0,67994323.0,68022413.0,68050595.0,68080029.0,68110705
rm5E5paKGLo,1090704.0,1090925.0,1091146.0,1091359.0,1091564.0,1091788.0,1092013.0,1092275.0,1092550.0,1092822.0,1093096.0,1093304.0,1093563.0,1093801.0,1094046.0,1094276.0,1094470.0,1094726.0,1094940.0,1095113.0,1095366.0,1095558.0,1095802.0,1095996.0,1096186.0,1096401.0,1096647.0,1096845.0,1097043.0,1097254.0,1097518.0,1097735.0,1097963.0,1098184.0,1098426.0,1098668.0,1098926.0,1099156.0,1099396.0,1099611.0,1099857.0,1100115.0,1100336.0,1100530.0,1100753.0,1100992.0,1101192.0,1101390.0,1101585.0,1101792.0,1102005.0,1102207.0,1102390.0,1102603.0,1102792.0,1103026.0,1103256.0,1103442.0,1103679.0,1103889.0,1104166.0,1104480.0,1104765.0,1105010.0,1105258.0,1105539.0,1105767.0,1106063.0,1106300.0,1106623.0,1106918.0,1107209.0,1107552.0,1107819.0,1108097.0,1108351.0,1108557.0,1108824.0,1109050.0,1109263.0,1109477.0,1109685.0,1109922.0,1110192.0,1110439.0,1110667.0,1110914.0,1111180.0,1111452.0,1111755.0,1111974.0,1112181.0,1112407.0,1112691.0,1112908.0,1113132.0,1113355.0,1113581.0,1113861.0,1114120.0,1114450.0,1114690.0,1114900.0,1115108.0,1115310.0,1115497.0,1115713.0,1115905.0,1116123.0,1116353.0,1116555.0,1116767.0,1116983.0,1117174.0,1117381.0,1117545.0,1117757.0,1117978.0,1118216.0,1118477.0,1118752.0,1118974.0,1119253.0,1119434.0,1119676.0,1119928.0,1120139.0,1120370.0,1120602.0,1120793.0,1120976.0,1121135.0,1121355.0,1121528.0,,,,,,,,,1123432.0,1123643.0,1123835.0,1124039.0,1124200.0,1124388.0,1124543.0,1124695.0,1124883.0,1125014.0,1125193.0,1125376.0,1125579.0,1125754.0,1125956.0,1126161.0,1126363.0,1126513.0,1126709.0,1126894.0,1127079.0,1127235.0,1127400.0,1127559.0,1127706.0,1127860.0,1128069.0,1128232.0,1128395.0,1128605.0,1128806.0,1129026.0,1129260.0,1129440.0,1129620.0,1129764.0,1129979.0,1130141.0,1130294.0,1130509.0,1130674.0,1130814.0,1130981.0,1131107.0,1131259.0,1131361.0,1131553.0,1131701.0,1131873.0,1132062.0,1132184.0,1132357.0,1132512.0,1132645.0,1132800.0,1132962.0,1133128.0,1133280.0,1133462.0,1133640.0,1133785.0,1133929.0,1134094.0,1134265.0,1134443.0,1134572.0,1134734.0,1134904.0,1135092.0,1135244.0,1135421.0,1135578.0,1135775.0,1135915.0,1136110.0,1136310.0,1136473.0,1136686.0,1136855.0,1137009.0,1137189.0,1137312.0,1137501.0,1137715.0,1137857.0,1138011.0,1138184.0,1138323.0,1138478.0,1138658.0,1138843.0,1138990.0,1139184.0,1139295.0,1139457.0,1139618.0,1139798.0,1139911.0,1140072.0,1140229.0,1140389.0,1140552.0,1140687.0,1140860.0,1141014.0,1141176.0,1141303.0,1141495.0,1141648.0,1141805.0,1141946.0,1142145.0,1142319.0,1142503.0,1142660.0,1142808.0,1142974.0,1143142.0,1143393.0,1143573.0,1143740.0,,1144124.0,1144294.0,1144483.0,1144673.0,1144874.0,1145054.0,1145223.0,1145381.0,1145514.0,1145638.0,1145769.0,1145904.0,1146056.0,1146230.0,1146404.0,1146578.0,1146777.0,1146977.0,1147182.0,1147387.0,1147601.0,1147747.0,1147936.0,1148142.0,1148350.0,1148568.0,1148768.0,1148966.0,1149172.0,1149435.0,1149683.0,1149961.0,1150221.0,1150406.0,1150683.0,1150905.0,1151131.0,1151310.0,1151592.0,1151822.0,1152064.0,1152305.0,1152587.0,1152873.0,1153102.0,1153337.0,1153558.0,1153754.0,1153988.0,1154285.0,1154449.0,1154691.0,1154910.0,1155157.0,1155357.0,1155612.0,1155810.0,1156051.0,1156252.0,1156522.0,1156773.0,1157039.0,1157273.0,1157525.0,1157802.0,1158085.0,1158314.0,1158550.0,1158774.0,1159025.0,1159254.0,1159438.0,1159651.0,1159868.0,1160105.0,1160343.0,1160567.0,1160952.0,1161239.0,1161574.0,1161909.0,1162228.0,1162560.0,1162984.0,1163311.0,1163664.0,1164022.0,1164438.0,1164783.0,1165084.0,1165414.0,1165680.0,1165963.0,1166272.0,1166517.0,1166763.0,1167001.0,1167206.0,1167439.0,1167662.0,1167864.0,1168104.0,1168341.0,1168590.0,1168782.0,1168997.0,1169263.0,1169487.0,1169691.0,1169958.0,1170134.0,1170358.0,1170559.0,1170791
TUl3hLSCXU8,28654.0,28659.0,28662.0,28662.0,28675.0,28680.0,28685.0,28687.0,28690.0,28699.0,28702.0,28705.0,28708.0,28711.0,28716.0,28721.0,28728.0,28735.0,28737.0,28739.0,28742.0,28746.0,28747.0,28748.0,28751.0,28757.0,28762.0,28762.0,28764.0,28770.0,28778.0,28784.0,28785.0,28786.0,28790.0,28791.0,28796.0,28800.0,28805.0,28811.0,28814.0,28823.0,28831.0,28835.0,28872.0,28901.0,28920.0,28933.0,28935.0,28950.0,28962.0,28969.0,28981.0,28991.0,28997.0,28998.0,29002.0,29013.0,29020.0,29025.0,29040.0,29049.0,29054.0,29067.0,29071.0,29079.0,29087.0,29093.0,29098.0,29113.0,29119.0,29131.0,29135.0,29142.0,29145.0,29147.0,29150.0,29153.0,29156.0,29161.0,29169.0,29177.0,29184.0,29187.0,29190.0,29199.0,29208.0,29213.0,29215.0,29223.0,29227.0,29230.0,29241.0,29248.0,29253.0,29255.0,29258.0,29260.0,29264.0,29270.0,29275.0,29279.0,29286.0,29286.0,29288.0,29293.0,29295.0,29300.0,29302.0,29307.0,29308.0,29312.0,29314.0,29320.0,29322.0,29326.0,29327.0,29328.0,29330.0,29332.0,29336.0,29340.0,29348.0,29350.0,29352.0,29353.0,29353.0,29357.0,29360.0,29361.0,29365.0,29366.0,29371.0,29374.0,,,,,,,,,29401.0,29409.0,29411.0,29414.0,29418.0,29421.0,29421.0,29423.0,29426.0,29427.0,29433.0,29436.0,29437.0,29438.0,29440.0,29441.0,29445.0,29449.0,29451.0,29458.0,29460.0,29461.0,29461.0,29465.0,29465.0,29466.0,29469.0,29473.0,29477.0,29479.0,29480.0,29480.0,29484.0,29484.0,29489.0,29493.0,29496.0,29502.0,29504.0,29506.0,29508.0,29510.0,29514.0,29518.0,29524.0,29528.0,29531.0,29532.0,29536.0,29540.0,29542.0,29545.0,29547.0,29548.0,29548.0,29551.0,29557.0,29563.0,29567.0,29569.0,29571.0,29577.0,29580.0,29586.0,29593.0,29596.0,29601.0,29604.0,29607.0,29612.0,29615.0,29616.0,29617.0,29624.0,29629.0,29634.0,29638.0,29641.0,29645.0,29650.0,29650.0,29654.0,29656.0,29659.0,29661.0,29665.0,29667.0,29670.0,29674.0,29676.0,29680.0,29684.0,29687.0,29688.0,29688.0,29689.0,29695.0,29700.0,29701.0,29705.0,29710.0,29710.0,29712.0,29713.0,29715.0,29718.0,29720.0,29722.0,29722.0,29724.0,29725.0,29728.0,29728.0,29729.0,29730.0,29736.0,29741.0,29743.0,29745.0,29750.0,29753.0,,29760.0,29762.0,29763.0,29764.0,29765.0,29766.0,29769.0,29770.0,29773.0,29777.0,29778.0,29781.0,29783.0,29787.0,29790.0,29794.0,29796.0,29801.0,29806.0,29808.0,29809.0,29811.0,29815.0,29815.0,29816.0,29820.0,29822.0,29826.0,29826.0,29829.0,29830.0,29831.0,29834.0,29835.0,29837.0,29838.0,29839.0,29841.0,29842.0,29849.0,29852.0,29855.0,29855.0,29858.0,29858.0,29863.0,29864.0,29869.0,29872.0,29872.0,29877.0,29883.0,29884.0,29889.0,29892.0,29893.0,29898.0,29898.0,29902.0,29904.0,29910.0,29914.0,29918.0,29924.0,29926.0,29927.0,29928.0,29932.0,29936.0,29938.0,29940.0,29941.0,29941.0,29943.0,29950.0,29951.0,29953.0,29957.0,29961.0,29964.0,29966.0,29968.0,29972.0,29974.0,29976.0,29978.0,29979.0,29982.0,29982.0,29985.0,29987.0,29989.0,29994.0,29996.0,29998.0,29998.0,30004.0,30004.0,30007.0,30008.0,30010.0,30011.0,30012.0,30012.0,30012.0,30012.0,30014.0,30015.0,30019.0,30020.0,30022.0,30026.0,30028.0,30033
ZBFopHu5RsE,39732649.0,39733861.0,39735473.0,39737053.0,39738525.0,39740102.0,39741518.0,39743186.0,39744696.0,39746364.0,39748115.0,39749569.0,39750978.0,39752501.0,39753973.0,39755398.0,39757064.0,39758832.0,39760545.0,39762127.0,39763756.0,39765583.0,39767207.0,39769018.0,39771012.0,39772681.0,39774643.0,39776471.0,39777969.0,39779683.0,39781503.0,39783473.0,39785002.0,39786820.0,39788635.0,39790231.0,39792451.0,39794679.0,39796870.0,39798731.0,39800560.0,39802250.0,39803980.0,39805585.0,39807093.0,39808975.0,39810817.0,39812481.0,39814156.0,39815976.0,39817459.0,39819077.0,39820553.0,39822100.0,39823708.0,39825265.0,39826753.0,39828284.0,39829850.0,39831425.0,39833008.0,39834597.0,39836175.0,39837845.0,39839560.0,39841021.0,39842476.0,39843900.0,39845128.0,39846930.0,39848564.0,39850200.0,39851795.0,39853198.0,39854514.0,39855960.0,39857478.0,39858968.0,39860410.0,39861854.0,39863231.0,39864583.0,39865842.0,39867162.0,39868428.0,39869662.0,39870845.0,39872126.0,39873294.0,39874542.0,39875770.0,39876890.0,39878120.0,39879580.0,39880962.0,39882264.0,39883416.0,39884664.0,39885895.0,39887080.0,39888402.0,39889724.0,39891259.0,39892305.0,39893569.0,39894648.0,39895682.0,39896978.0,39898324.0,39899598.0,39901009.0,39902273.0,39903474.0,39904619.0,39905871.0,39907244.0,39908717.0,39910724.0,39912571.0,39914203.0,39915876.0,39917547.0,39919091.0,39921006.0,39922821.0,39924582.0,39926397.0,39928206.0,39930017.0,39931822.0,39933687.0,39935304.0,39936906.0,39938595.0,,,,,,,,,39954673.0,39956433.0,39958008.0,39959588.0,39961281.0,39962943.0,39964508.0,39966128.0,39967811.0,39969732.0,39971393.0,39972790.0,39974764.0,39976371.0,39978330.0,39980324.0,39982239.0,39983934.0,39985991.0,39987933.0,39990354.0,39993777.0,39998040.0,40004462.0,40007416.0,40009534.0,40011485.0,40013421.0,40015549.0,40017753.0,40019860.0,40021800.0,40023698.0,40025793.0,40027830.0,40030150.0,40032680.0,40034870.0,40037122.0,40039120.0,40041040.0,40042769.0,40044797.0,40046991.0,40048843.0,40050566.0,40052243.0,40054037.0,40055792.0,40057282.0,40059244.0,40060864.0,40062418.0,40064114.0,40065782.0,40067476.0,40069316.0,40071031.0,40072484.0,40074326.0,40076003.0,40077618.0,40079255.0,40081036.0,40082765.0,40084509.0,40086280.0,40087957.0,40089217.0,40090550.0,40091916.0,40093139.0,40094932.0,40096506.0,40098133.0,40099675.0,40101268.0,40102902.0,40104557.0,40106300.0,40107810.0,40109177.0,40110667.0,40112361.0,40114144.0,40115611.0,40117129.0,40118556.0,40119957.0,40121417.0,40122707.0,40124263.0,40125704.0,40126998.0,40128417.0,40129786.0,40131207.0,40132596.0,40134251.0,40135898.0,40137481.0,40138932.0,40140468.0,40141930.0,40143523.0,40144814.0,40146526.0,40147918.0,40149297.0,40150983.0,40152457.0,40153909.0,40155455.0,40157087.0,40158551.0,40159934.0,40161483.0,40162935.0,40164282.0,40165467.0,40166611.0,,40169113.0,40170099.0,40171127.0,40172146.0,40173693.0,40175406.0,40176840.0,40178247.0,40179793.0,40181146.0,40182497.0,40183942.0,40185364.0,40186697.0,40187965.0,40189346.0,40190656.0,40191975.0,40193527.0,40194965.0,40196230.0,40197559.0,40198789.0,40200062.0,40201416.0,40202715.0,40204011.0,40205262.0,40206413.0,40207659.0,40208855.0,40210065.0,40211451.0,40212692.0,40213847.0,40215172.0,40216385.0,40217787.0,40218903.0,40220286.0,40221645.0,40223019.0,40224464.0,40226038.0,40227720.0,40229438.0,40231454.0,40233372.0,40234985.0,40236464.0,40238002.0,40239458.0,40240909.0,40242650.0,40244511.0,40246019.0,40247567.0,40249424.0,40251469.0,40253459.0,40255359.0,40257214.0,40259029.0,40260737.0,40262680.0,40264445.0,40266098.0,40267869.0,40269630.0,40271349.0,40272996.0,40274646.0,40276049.0,40277389.0,40278379.0,40279297.0,40280115.0,40280900.0,40281665.0,40282528.0,40283295.0,40284175.0,40285110.0,40285932.0,40286791.0,40287756.0,40288498.0,40289324.0,40290084.0,40290966.0,40291717.0,40292597.0,40293374.0,40294203.0,40294946.0,40295641.0,40296393.0,40297130.0,40297851.0,40298517.0,40299290.0,40299912.0,40300625.0,40301473.0,40302016.0,40302873.0,40303570.0,40304289.0,40304913.0,40305651.0,40306515.0,40307205.0,40307972.0,40308728
ID6TB4slrCQ,12458666.0,12460709.0,12463294.0,12465879.0,12468347.0,12470869.0,12472951.0,12475721.0,12478086.0,12480533.0,12483231.0,12485664.0,12487913.0,12490243.0,12492590.0,12494752.0,12497450.0,12500313.0,12502704.0,12504969.0,12507258.0,12509578.0,12511614.0,12514155.0,12516757.0,12519350.0,12522045.0,12524676.0,12526938.0,12529113.0,12531631.0,12534265.0,12536464.0,12538647.0,12541111.0,12543467.0,12546600.0,12549645.0,12552679.0,12555353.0,12557702.0,12560497.0,12562959.0,12565227.0,12567231.0,12569523.0,12571827.0,12574168.0,12576971.0,12579553.0,12581853.0,12584233.0,12586444.0,12588821.0,12591381.0,12593572.0,12595837.0,12598109.0,12600238.0,12602352.0,12604518.0,12606654.0,12608650.0,12610960.0,12613043.0,12615033.0,12617082.0,12619047.0,12620789.0,12623157.0,12625118.0,12627192.0,12629249.0,12631280.0,12633475.0,12635698.0,12638277.0,12640420.0,12642698.0,12644824.0,12647248.0,12649384.0,12651393.0,12653247.0,12655233.0,12657098.0,12658910.0,12660778.0,12662650.0,12664552.0,12666401.0,12667867.0,12669605.0,12671545.0,12673214.0,12675296.0,12677199.0,12679053.0,12680942.0,12682769.0,12684557.0,12686330.0,12688063.0,12689879.0,12691688.0,12693451.0,12695204.0,12697087.0,12698877.0,12700643.0,12702579.0,12704364.0,12706053.0,12707557.0,12709166.0,12710890.0,12713224.0,12716664.0,12719263.0,12721457.0,12723529.0,12725524.0,12727679.0,12729637.0,12731681.0,12733655.0,12735682.0,12737992.0,12740368.0,12742686.0,12744838.0,12746967.0,12748956.0,12750913.0,,,,,,,,,12771726.0,12773930.0,12775894.0,12777759.0,12779945.0,12782106.0,12784065.0,12785798.0,12787934.0,12789973.0,12791692.0,12793397.0,12795318.0,12797497.0,12799662.0,12801648.0,12803437.0,12805345.0,12806950.0,12808982.0,12811189.0,12813333.0,12816089.0,12818187.0,12820617.0,12822731.0,12824835.0,12827027.0,12829221.0,12831455.0,12833642.0,12835723.0,12837822.0,12839812.0,12841677.0,12843822.0,12846181.0,12848056.0,12850181.0,12851802.0,12854025.0,12855847.0,12858032.0,12860835.0,12862856.0,12864543.0,12866045.0,12867664.0,12869640.0,12871585.0,12873370.0,12874950.0,12876435.0,12878059.0,12879637.0,12881405.0,12883352.0,12885196.0,12886910.0,12888756.0,12890504.0,12892240.0,12893912.0,12895905.0,12897742.0,12899690.0,12901363.0,12903256.0,12904566.0,12905837.0,12907215.0,12908729.0,12909969.0,12911722.0,12913270.0,12914760.0,12916335.0,12917855.0,12919818.0,12921672.0,12923224.0,12924541.0,12926129.0,12927617.0,12929312.0,12930952.0,12932122.0,12933539.0,12935038.0,12936462.0,12937678.0,12939307.0,12940822.0,12942258.0,12943557.0,12944913.0,12946263.0,12947599.0,12949191.0,12950661.0,12952108.0,12953534.0,12955000.0,12956491.0,12958011.0,12959436.0,12960862.0,12962166.0,12963500.0,12964933.0,12966207.0,12967504.0,12968948.0,12970347.0,12971799.0,12973099.0,12974356.0,12975705.0,12977193.0,12978908.0,12980461.0,,12983362.0,12984603.0,12985974.0,12987327.0,12988968.0,12990644.0,12992124.0,12993648.0,12995186.0,12996710.0,12998213.0,12999709.0,13001474.0,13003090.0,13004351.0,13005825.0,13007387.0,13009088.0,13010754.0,13012451.0,13013845.0,13015183.0,13016624.0,13018146.0,13019702.0,13021182.0,13022572.0,13023855.0,13024972.0,13026010.0,13027046.0,13028256.0,13029530.0,13030705.0,13031850.0,13032929.0,13034003.0,13035092.0,13035972.0,13036808.0,13037661.0,13038698.0,13039790.0,13040890.0,13042397.0,13043615.0,13045148.0,13046710.0,13048054.0,13049209.0,13050287.0,13051645.0,13052783.0,13053979.0,13055626.0,13056878.0,13058096.0,13059548.0,13061069.0,13062315.0,13063719.0,13065185.0,13066387.0,13067712.0,13069275.0,13070504.0,13071787.0,13073083.0,13074338.0,13075616.0,13076957.0,13078418.0,13079496.0,13080567.0,13081659.0,13082856.0,13083950.0,13084970.0,13085982.0,13086918.0,13087931.0,13089138.0,13090531.0,13091832.0,13092982.0,13094070.0,13095140.0,13096318.0,13097541.0,13098922.0,13100228.0,13101421.0,13102698.0,13103786.0,13104947.0,13106306.0,13107459.0,13108511.0,13109892.0,13111266.0,13112586.0,13113821.0,13114929.0,13116339.0,13117344.0,13118395.0,13119614.0,13120985.0,13122135.0,13123405.0,13124672.0,13125869.0,13127054.0,13128397
3iSsqYWKJYs,27589095.0,27590625.0,27592382.0,27594054.0,27595919.0,27597690.0,27599383.0,27601224.0,27603067.0,27605075.0,27607119.0,27608689.0,27610522.0,27612437.0,27614143.0,27615789.0,27617634.0,27619631.0,27621417.0,27623172.0,27625062.0,27626983.0,27628792.0,27630545.0,27632214.0,27633929.0,27635805.0,27637607.0,27639361.0,27641292.0,27643377.0,27645469.0,27647278.0,27649233.0,27651185.0,27653191.0,27655774.0,27658107.0,27660465.0,27662631.0,27664713.0,27666803.0,27669000.0,27671140.0,27672988.0,27674950.0,27676881.0,27678784.0,27680928.0,27682817.0,27684534.0,27686435.0,27688163.0,27689785.0,27691726.0,27693455.0,27695335.0,27697332.0,27699174.0,27701087.0,27702949.0,27704737.0,27706484.0,27708397.0,27710320.0,27712066.0,27713836.0,27715431.0,27717139.0,27719147.0,27720808.0,27722355.0,27723799.0,27725475.0,27727337.0,27729262.0,27731278.0,27732924.0,27734719.0,27736433.0,27738333.0,27740292.0,27742400.0,27744244.0,27745889.0,27747420.0,27748732.0,27750293.0,27751806.0,27753381.0,27755020.0,27756597.0,27758166.0,27759831.0,27761512.0,27763120.0,27764781.0,27766416.0,27768015.0,27769610.0,27771264.0,27772722.0,27774103.0,27775550.0,27776919.0,27778208.0,27779605.0,27781020.0,27782560.0,27784159.0,27785597.0,27787123.0,27788556.0,27789940.0,27791445.0,27793141.0,27795323.0,27799047.0,27801741.0,27803690.0,27805991.0,27807897.0,27809614.0,27811397.0,27813003.0,27814562.0,27816304.0,27818091.0,27819812.0,27821486.0,27823280.0,27824915.0,27826541.0,27828102.0,,,,,,,,,27847334.0,27849699.0,27851739.0,27853692.0,27855624.0,27857450.0,27859186.0,27860777.0,27862515.0,27864248.0,27865804.0,27867382.0,27869072.0,27870615.0,27872379.0,27874040.0,27875370.0,27877393.0,27879213.0,27880946.0,27882796.0,27885129.0,27887350.0,27889421.0,27891435.0,27893396.0,27895284.0,27897140.0,27899098.0,27900466.0,27903312.0,27905251.0,27907216.0,27909043.0,27910760.0,27912527.0,27914485.0,27916225.0,27918321.0,27919767.0,27921699.0,27923099.0,27924761.0,27926353.0,27927737.0,27929158.0,27930462.0,27931923.0,27933483.0,27934992.0,27936522.0,27937982.0,27939382.0,27940898.0,27942423.0,27943947.0,27945419.0,27947135.0,27948679.0,27950408.0,27952011.0,27953464.0,27955018.0,27956311.0,27957908.0,27959406.0,27960799.0,27962095.0,27962984.0,27964107.0,27965202.0,27966440.0,27967669.0,27969167.0,27970542.0,27971980.0,27973523.0,27974974.0,27976663.0,27978311.0,27979862.0,27981007.0,27982586.0,27983932.0,27985396.0,27986733.0,27988014.0,27989372.0,27990586.0,27991909.0,27993143.0,27994498.0,27995845.0,27997138.0,27998486.0,27999894.0,28001301.0,28002623.0,28003900.0,28005345.0,28006682.0,28007995.0,28009370.0,28010702.0,28012082.0,28013128.0,28014463.0,28015648.0,28016856.0,28018150.0,28019370.0,28020671.0,28021898.0,28023156.0,28024545.0,28025818.0,28027052.0,28028288.0,28029485.0,28030575.0,28031702.0,,28033970.0,28034923.0,28036399.0,28037596.0,28038910.0,28040233.0,28041555.0,28042941.0,28044291.0,28045580.0,28046820.0,28048057.0,28049388.0,28050657.0,28051915.0,28053109.0,28054352.0,28055691.0,28057267.0,28058619.0,28059967.0,28061206.0,28062791.0,28064194.0,28065396.0,28066770.0,28068007.0,28069177.0,28070463.0,28071699.0,28072992.0,28074172.0,28075452.0,28076472.0,28077752.0,28079064.0,28080326.0,28081580.0,28082864.0,28084027.0,28085247.0,28086524.0,28087842.0,28089326.0,28091977.0,28094277.0,28096828.0,28099334.0,28101496.0,28103510.0,28105415.0,28107204.0,28109030.0,28110921.0,28113183.0,28114895.0,28116758.0,28118999.0,28121455.0,28123809.0,28126009.0,28128323.0,28130632.0,28133003.0,28135428.0,28137427.0,28139322.0,28141447.0,28143269.0,28145061.0,28146825.0,28148465.0,28149957.0,28151838.0,28153570.0,28155287.0,28156987.0,28158398.0,28160138.0,28161524.0,28162985.0,28164572.0,28166192.0,28167731.0,28169139.0,28170661.0,28172107.0,28173597.0,28175092.0,28176515.0,28177886.0,28179409.0,28180672.0,28181965.0,28183254.0,28184521.0,28185598.0,28186740.0,28187849.0,28189095.0,28190246.0,28191370.0,28192557.0,28193855.0,28194860.0,28195957.0,28197106.0,28198340.0,28199469.0,28200641.0,28201690.0,28202852.0,28204004.0,28205205
8Hc5qRy2MBM,165684.0,165690.0,165695.0,165700.0,165708.0,165714.0,165721.0,165723.0,165727.0,165730.0,165731.0,165734.0,165737.0,165742.0,165746.0,165750.0,165754.0,165755.0,165758.0,165764.0,165770.0,165777.0,165781.0,165783.0,165787.0,165788.0,165790.0,165795.0,165798.0,165803.0,165806.0,165810.0,165812.0,165815.0,165824.0,165826.0,165828.0,165834.0,165840.0,165842.0,165844.0,165850.0,165853.0,165856.0,165869.0,165874.0,165879.0,165885.0,165893.0,165896.0,165900.0,165903.0,165907.0,165915.0,165916.0,165920.0,165924.0,165927.0,165936.0,165938.0,165940.0,165943.0,165950.0,165961.0,165973.0,165977.0,165980.0,165983.0,165988.0,165991.0,165998.0,166002.0,166007.0,166011.0,166025.0,166031.0,166032.0,166034.0,166036.0,166041.0,166046.0,166049.0,166054.0,166058.0,166062.0,166066.0,166069.0,166072.0,166079.0,166082.0,166086.0,166088.0,166089.0,166093.0,166097.0,166097.0,166098.0,166104.0,166109.0,166115.0,166119.0,166124.0,166129.0,166138.0,166143.0,166148.0,166153.0,166157.0,166158.0,166162.0,166167.0,166170.0,166176.0,166180.0,166182.0,166185.0,166185.0,166187.0,166187.0,166190.0,166194.0,166200.0,166203.0,166204.0,166205.0,166208.0,166209.0,166214.0,166217.0,166221.0,166227.0,166230.0,166234.0,166237.0,,,,,,,,,166278.0,166280.0,166284.0,166283.0,166285.0,166287.0,166294.0,166295.0,166303.0,166310.0,166316.0,166318.0,166322.0,166327.0,166333.0,166339.0,166341.0,166345.0,166349.0,166353.0,166359.0,166363.0,166367.0,166370.0,166376.0,166382.0,166385.0,166388.0,166397.0,166402.0,166408.0,166416.0,166418.0,166421.0,166425.0,166432.0,166434.0,166438.0,166440.0,166443.0,166445.0,166449.0,166449.0,166453.0,166457.0,166463.0,166472.0,166473.0,166474.0,166475.0,166477.0,166484.0,166488.0,166493.0,166495.0,166498.0,166499.0,166500.0,166502.0,166506.0,166506.0,166508.0,166512.0,166512.0,166512.0,166514.0,166516.0,166521.0,166522.0,166524.0,166525.0,166533.0,166539.0,166544.0,166545.0,166547.0,166551.0,166554.0,166561.0,166565.0,166569.0,166573.0,166577.0,166581.0,166586.0,166589.0,166594.0,166594.0,166595.0,166604.0,166604.0,166607.0,166609.0,166610.0,166613.0,166617.0,166619.0,166625.0,166633.0,166639.0,166643.0,166645.0,166646.0,166649.0,166650.0,166653.0,166656.0,166657.0,166657.0,166659.0,166663.0,166665.0,166667.0,166669.0,166674.0,166678.0,166679.0,166683.0,166687.0,166690.0,166695.0,,166704.0,166707.0,166708.0,166711.0,166714.0,166715.0,166718.0,166719.0,166720.0,166725.0,166729.0,166735.0,166740.0,166744.0,166745.0,166747.0,166749.0,166753.0,166755.0,166756.0,166763.0,166769.0,166774.0,166780.0,166787.0,166789.0,166793.0,166800.0,166802.0,166807.0,166808.0,166809.0,166811.0,166813.0,166815.0,166819.0,166823.0,166828.0,166830.0,166832.0,166836.0,166841.0,166843.0,166843.0,166845.0,166848.0,166856.0,166856.0,166868.0,166875.0,166879.0,166887.0,166894.0,166894.0,166894.0,166898.0,166898.0,166902.0,166904.0,166909.0,166916.0,166922.0,166929.0,166939.0,166945.0,166949.0,166952.0,166953.0,166961.0,166968.0,166977.0,166978.0,166980.0,166980.0,166982.0,166985.0,166986.0,166990.0,166994.0,166998.0,167003.0,167007.0,167016.0,167021.0,167027.0,167028.0,167030.0,167032.0,167033.0,167033.0,167038.0,167040.0,167044.0,167046.0,167054.0,167060.0,167066.0,167067.0,167070.0,167073.0,167075.0,167081.0,167093.0,167108.0,167110.0,167115.0,167135.0,167139.0,167139.0,167141.0,167143.0,167147.0,167157.0,167158
hnJrNyqeNME,655452.0,655911.0,656385.0,656868.0,657358.0,657937.0,658483.0,658948.0,659319.0,659801.0,660283.0,660763.0,661193.0,661652.0,662095.0,662465.0,662925.0,663307.0,663660.0,664113.0,664524.0,664976.0,665411.0,665893.0,666213.0,666660.0,667097.0,667561.0,668045.0,668585.0,669030.0,669455.0,669835.0,670181.0,670579.0,670908.0,671360.0,671729.0,672081.0,672393.0,672797.0,673177.0,673484.0,673844.0,674166.0,674457.0,674802.0,675146.0,675521.0,675881.0,676258.0,676591.0,676854.0,677230.0,677642.0,677933.0,678239.0,678644.0,678959.0,679351.0,679714.0,680004.0,680370.0,680725.0,681078.0,681481.0,681779.0,682259.0,682568.0,683063.0,683453.0,683892.0,684272.0,684708.0,685197.0,685726.0,686266.0,686774.0,687322.0,687911.0,688394.0,689065.0,689539.0,690172.0,690709.0,691267.0,691714.0,692275.0,692778.0,693167.0,693621.0,694033.0,694558.0,695081.0,695486.0,695951.0,696360.0,696843.0,697397.0,697849.0,698346.0,698791.0,699221.0,699619.0,700038.0,700497.0,701013.0,701386.0,701842.0,702287.0,702688.0,703259.0,703780.0,704196.0,704621.0,704974.0,705397.0,705930.0,706385.0,706845.0,707425.0,707932.0,708350.0,708795.0,709283.0,709900.0,710475.0,711006.0,711398.0,711773.0,712082.0,712471.0,712852.0,713210.0,,,,,,,,,716847.0,717257.0,717628.0,717980.0,718333.0,718772.0,719211.0,719554.0,720016.0,720414.0,720790.0,721150.0,721555.0,721920.0,722369.0,722696.0,723076.0,723509.0,723931.0,724288.0,724761.0,725121.0,725544.0,725960.0,726339.0,726678.0,727063.0,727496.0,727908.0,728257.0,728646.0,729021.0,729369.0,729755.0,730182.0,730546.0,730859.0,731162.0,731564.0,731878.0,732254.0,732608.0,732959.0,733275.0,733574.0,733907.0,734200.0,734517.0,734893.0,735262.0,735589.0,736019.0,736410.0,736799.0,737192.0,737550.0,737908.0,738257.0,738691.0,739069.0,739456.0,739808.0,740120.0,740462.0,740746.0,741053.0,741338.0,741617.0,741835.0,742090.0,742356.0,742593.0,742889.0,743239.0,743527.0,743813.0,744107.0,744372.0,744672.0,744963.0,745328.0,745609.0,745958.0,746320.0,746681.0,747070.0,747388.0,747743.0,748077.0,748409.0,748721.0,748983.0,749277.0,749604.0,749918.0,750304.0,750734.0,751162.0,751529.0,751817.0,752177.0,752455.0,752799.0,753058.0,753360.0,753648.0,753950.0,754220.0,754534.0,754805.0,755083.0,755375.0,755639.0,755891.0,756104.0,756417.0,756684.0,756969.0,757233.0,757492.0,757693.0,,758130.0,758306.0,758519.0,758730.0,758926.0,759116.0,759280.0,759504.0,759742.0,759965.0,760232.0,760425.0,760611.0,760800.0,761017.0,761218.0,761409.0,761611.0,761799.0,761994.0,762221.0,762368.0,762575.0,762742.0,762938.0,763161.0,763331.0,763508.0,763701.0,763897.0,764110.0,764293.0,764493.0,764655.0,764815.0,764979.0,765143.0,765304.0,765473.0,765627.0,765848.0,766005.0,766231.0,766460.0,766728.0,766999.0,767356.0,767751.0,768088.0,768492.0,768852.0,769211.0,769491.0,769859.0,770069.0,770327.0,770599.0,770946.0,771217.0,771565.0,771865.0,772188.0,772436.0,772858.0,773380.0,773870.0,774359.0,774803.0,775145.0,775539.0,775959.0,776399.0,776886.0,777360.0,777877.0,778312.0,778720.0,779219.0,779677.0,780123.0,780605.0,780980.0,781306.0,781592.0,781905.0,782216.0,782509.0,782778.0,783004.0,783238.0,783477.0,783740.0,783985.0,784267.0,784477.0,784709.0,784925.0,785144.0,785396.0,785631.0,785856.0,786053.0,786298.0,786519.0,786726.0,787033.0,787354.0,787676.0,787924.0,788215.0,788450.0,788644.0,788915.0,789126
HQVYWQ77xvA,586191.0,586522.0,586915.0,587219.0,587696.0,588138.0,588487.0,588874.0,589211.0,589538.0,589852.0,590212.0,590521.0,590820.0,591143.0,591469.0,591743.0,592074.0,592333.0,592611.0,592855.0,593145.0,593581.0,594203.0,594636.0,594937.0,595216.0,595502.0,595780.0,596233.0,597098.0,597560.0,597814.0,598414.0,598723.0,599374.0,599724.0,600195.0,600733.0,600951.0,601208.0,601470.0,601695.0,601940.0,602209.0,602407.0,602658.0,602884.0,603162.0,603422.0,603681.0,603927.0,604177.0,604427.0,604678.0,604897.0,605221.0,605480.0,605735.0,605964.0,606266.0,606494.0,606770.0,607037.0,607316.0,607585.0,607798.0,608056.0,608291.0,608600.0,608874.0,609117.0,609381.0,609628.0,609935.0,610225.0,610547.0,610811.0,611105.0,611341.0,611578.0,611838.0,612136.0,612391.0,612709.0,613007.0,613242.0,613458.0,613718.0,614004.0,614258.0,614580.0,614905.0,615204.0,615493.0,615785.0,616033.0,616318.0,616612.0,616868.0,617140.0,617375.0,617620.0,617848.0,618105.0,618373.0,618591.0,618795.0,619018.0,619227.0,619425.0,619701.0,620026.0,620399.0,620598.0,620828.0,621061.0,621274.0,621485.0,621730.0,621998.0,622203.0,622489.0,622752.0,623065.0,623449.0,623737.0,624096.0,624384.0,624667.0,624879.0,625224.0,625470.0,625751.0,,,,,,,,,628408.0,628701.0,628974.0,629250.0,629529.0,629795.0,630096.0,630364.0,630653.0,630954.0,631247.0,631560.0,631938.0,632255.0,632665.0,632931.0,633225.0,633508.0,633765.0,634012.0,634278.0,634467.0,634686.0,634962.0,635189.0,635410.0,635695.0,635928.0,636146.0,636377.0,636611.0,636841.0,637074.0,637318.0,637561.0,637746.0,637959.0,638160.0,638436.0,638649.0,638831.0,639042.0,639249.0,639436.0,639656.0,639910.0,640094.0,640326.0,640525.0,640717.0,640906.0,641138.0,641352.0,641580.0,641803.0,642003.0,642244.0,642455.0,642687.0,642899.0,643127.0,643306.0,643505.0,643687.0,643876.0,644171.0,644401.0,644603.0,644737.0,644915.0,645103.0,645299.0,645553.0,645787.0,646017.0,646210.0,646426.0,646606.0,646819.0,646995.0,647181.0,647368.0,647577.0,647844.0,648027.0,648210.0,648379.0,648581.0,648776.0,648919.0,649096.0,649293.0,649446.0,649605.0,649828.0,650061.0,650305.0,650569.0,650737.0,650951.0,651166.0,651379.0,651563.0,651787.0,652025.0,652217.0,652377.0,652554.0,652729.0,652909.0,653087.0,653249.0,653373.0,653539.0,653727.0,653877.0,654037.0,654192.0,654361.0,654517.0,654672.0,,654972.0,655099.0,655248.0,655387.0,655535.0,655648.0,655794.0,655920.0,656016.0,656205.0,656363.0,656524.0,656679.0,656799.0,656966.0,657131.0,657275.0,657433.0,657636.0,657775.0,658002.0,658160.0,658391.0,658623.0,658824.0,659030.0,659241.0,659425.0,659644.0,659832.0,660033.0,660229.0,660468.0,660630.0,660822.0,661016.0,661213.0,661379.0,661579.0,661742.0,661909.0,662079.0,662299.0,662508.0,662742.0,663020.0,663275.0,663585.0,663918.0,664258.0,664515.0,664751.0,665045.0,665337.0,665542.0,665763.0,666040.0,666343.0,666605.0,666869.0,667150.0,667385.0,667698.0,667987.0,668344.0,668700.0,669405.0,669949.0,670303.0,670709.0,671748.0,672436.0,672949.0,673434.0,674240.0,674969.0,675476.0,676041.0,676586.0,677079.0,677522.0,677854.0,678164.0,678473.0,678721.0,678952.0,679218.0,679411.0,679567.0,679758.0,679948.0,680192.0,680446.0,680702.0,680937.0,681120.0,681330.0,681518.0,681741.0,681905.0,682067.0,682290.0,682459.0,682634.0,682823.0,683056.0,683268.0,683508.0,683763.0,683983.0,684191.0,684424.0,684620.0,684793
Nnz0TIbkr6g,457868.0,458161.0,458450.0,458745.0,459041.0,459363.0,459645.0,459958.0,460360.0,460698.0,461017.0,461317.0,461648.0,461957.0,462240.0,462651.0,462961.0,463271.0,463547.0,463830.0,464151.0,464435.0,464800.0,465101.0,465373.0,465669.0,466026.0,466346.0,466625.0,467011.0,467301.0,467650.0,467973.0,468300.0,468668.0,469026.0,469349.0,469624.0,469903.0,470135.0,470418.0,470726.0,471023.0,471291.0,471565.0,471799.0,472071.0,472384.0,472672.0,472990.0,473286.0,473551.0,473829.0,474112.0,474427.0,474655.0,474992.0,475286.0,475485.0,475738.0,476051.0,476334.0,476579.0,476901.0,477233.0,477503.0,477743.0,478011.0,478245.0,478610.0,478856.0,479132.0,479376.0,479633.0,479893.0,480144.0,480444.0,480673.0,480963.0,481316.0,481644.0,481983.0,482326.0,482593.0,482890.0,483191.0,483436.0,483712.0,484003.0,484294.0,484529.0,484838.0,485059.0,485299.0,485613.0,485879.0,486245.0,486537.0,486800.0,487098.0,487332.0,487596.0,487845.0,488086.0,488352.0,488607.0,488893.0,489146.0,489441.0,489675.0,489890.0,490115.0,490422.0,490710.0,490938.0,491167.0,491427.0,491649.0,491888.0,492192.0,492505.0,492838.0,493103.0,493379.0,493736.0,494111.0,494470.0,494792.0,495094.0,495361.0,495592.0,495894.0,496180.0,496462.0,,,,,,,,,498915.0,499141.0,499450.0,499678.0,499951.0,500221.0,500505.0,500797.0,501087.0,501374.0,501706.0,502026.0,502391.0,502736.0,503073.0,503404.0,503717.0,504059.0,504360.0,504624.0,504888.0,505137.0,505357.0,505637.0,505893.0,506209.0,506463.0,506759.0,507015.0,507294.0,507533.0,507803.0,508044.0,508331.0,508591.0,508842.0,509063.0,509325.0,509571.0,509791.0,510021.0,510202.0,510443.0,510690.0,510940.0,511208.0,511383.0,511614.0,511865.0,512123.0,512273.0,512536.0,512820.0,513084.0,513307.0,513524.0,513828.0,514047.0,514314.0,514550.0,514823.0,515047.0,515274.0,515514.0,515746.0,515942.0,516152.0,516377.0,516534.0,516698.0,516882.0,517070.0,517292.0,517505.0,517728.0,517973.0,518232.0,518463.0,518707.0,518978.0,519190.0,519365.0,519593.0,519863.0,520107.0,520376.0,520622.0,520850.0,521097.0,521326.0,521541.0,521804.0,522026.0,522278.0,522587.0,522832.0,523123.0,523360.0,523590.0,523851.0,524108.0,524328.0,524659.0,524906.0,525172.0,525434.0,525640.0,525871.0,526091.0,526290.0,526551.0,526763.0,526944.0,527126.0,527323.0,527533.0,527734.0,527903.0,528119.0,528288.0,528429.0,,528774.0,528954.0,529137.0,529347.0,529541.0,529725.0,529912.0,530097.0,530316.0,530532.0,530709.0,530892.0,531061.0,531227.0,531400.0,531589.0,531748.0,531966.0,532162.0,532336.0,532587.0,532797.0,533027.0,533197.0,533391.0,533535.0,533702.0,533867.0,534019.0,534197.0,534370.0,534506.0,534659.0,534809.0,534945.0,535098.0,535244.0,535404.0,535562.0,535683.0,535871.0,536035.0,536244.0,536436.0,536681.0,536894.0,537170.0,537438.0,537764.0,538008.0,538342.0,538603.0,538883.0,539156.0,539360.0,539544.0,539774.0,540024.0,540306.0,540559.0,540817.0,541055.0,541345.0,541635.0,541952.0,542280.0,542673.0,542975.0,543217.0,543497.0,543729.0,544017.0,544259.0,544588.0,544920.0,545218.0,545635.0,545995.0,546393.0,546751.0,547178.0,547468.0,547747.0,548031.0,548308.0,548583.0,548868.0,549112.0,549305.0,549504.0,549694.0,549867.0,550083.0,550260.0,550412.0,550594.0,550750.0,550927.0,551079.0,551215.0,551412.0,551582.0,551777.0,551943.0,552170.0,552431.0,552658.0,552950.0,553173.0,553443.0,553602.0,553759.0,553934.0,554100
omL9s86sSYE,20798.0,20804.0,20812.0,20821.0,20834.0,20838.0,20848.0,20857.0,20868.0,20870.0,20874.0,20880.0,20887.0,20896.0,20901.0,20916.0,20925.0,20931.0,20938.0,20945.0,20953.0,20959.0,20966.0,20974.0,20980.0,20987.0,20998.0,21004.0,21009.0,21017.0,21017.0,21021.0,21029.0,21035.0,21040.0,21053.0,21057.0,21066.0,21074.0,21081.0,21093.0,21101.0,21106.0,21119.0,21125.0,21132.0,21135.0,21141.0,21144.0,21153.0,21165.0,21177.0,21185.0,21189.0,21192.0,21198.0,21202.0,21211.0,21215.0,21222.0,21227.0,21232.0,21236.0,21240.0,21242.0,21248.0,21250.0,21258.0,21266.0,21272.0,21278.0,21281.0,21283.0,21284.0,21290.0,21294.0,21300.0,21305.0,21311.0,21319.0,21323.0,21328.0,21337.0,21344.0,21389.0,21357.0,21360.0,21362.0,21368.0,21369.0,21378.0,21387.0,21390.0,21417.0,21428.0,21436.0,21445.0,21452.0,21458.0,21458.0,21464.0,21468.0,21477.0,21487.0,21498.0,21504.0,21518.0,21534.0,21546.0,21559.0,21565.0,21571.0,21580.0,21589.0,21591.0,21598.0,21613.0,21632.0,21670.0,21681.0,21685.0,21696.0,21698.0,21703.0,21712.0,21713.0,21715.0,21717.0,21719.0,21722.0,21725.0,21725.0,21730.0,21736.0,,,,,,,,,21788.0,21792.0,21796.0,21810.0,21815.0,21818.0,21825.0,21818.0,21820.0,21824.0,21825.0,21826.0,21835.0,21839.0,21841.0,21845.0,21847.0,21853.0,21856.0,21860.0,21863.0,21865.0,21875.0,21877.0,21884.0,21888.0,21892.0,21897.0,21898.0,21907.0,21910.0,21914.0,21917.0,21919.0,21920.0,21924.0,21933.0,21936.0,21941.0,21950.0,21952.0,21953.0,21956.0,21959.0,21967.0,21977.0,21981.0,21998.0,22000.0,22005.0,22005.0,22010.0,22015.0,22018.0,22024.0,22036.0,22040.0,22046.0,22050.0,22059.0,22088.0,22090.0,22097.0,22102.0,22107.0,22109.0,22112.0,22118.0,22121.0,22124.0,22128.0,22131.0,22134.0,22138.0,22141.0,22146.0,22151.0,22153.0,22159.0,22162.0,22167.0,22177.0,22181.0,22188.0,22194.0,22199.0,22203.0,22207.0,22212.0,22218.0,22243.0,22252.0,22254.0,22267.0,22270.0,22274.0,22282.0,22286.0,22289.0,22291.0,22297.0,22298.0,22303.0,22308.0,22312.0,22314.0,22315.0,22316.0,22319.0,22320.0,22325.0,22332.0,22337.0,22338.0,22339.0,22340.0,22341.0,22347.0,22347.0,22351.0,22354.0,,22362.0,22366.0,22369.0,22371.0,22375.0,22379.0,22389.0,22389.0,22394.0,22396.0,22398.0,22403.0,22403.0,22407.0,22409.0,22415.0,22416.0,22418.0,22420.0,22424.0,22428.0,22436.0,22445.0,22448.0,22457.0,22462.0,22467.0,22474.0,22478.0,22489.0,22499.0,22508.0,22510.0,22512.0,22522.0,22533.0,22539.0,22555.0,22569.0,22583.0,22593.0,22604.0,22614.0,22620.0,22623.0,22629.0,22638.0,22643.0,22646.0,22649.0,22653.0,22668.0,22671.0,22673.0,22676.0,22678.0,22681.0,22684.0,22684.0,22685.0,22687.0,22691.0,22694.0,22696.0,22697.0,22701.0,22703.0,22706.0,22711.0,22714.0,22719.0,22721.0,22723.0,22724.0,22725.0,22727.0,22731.0,22733.0,22734.0,22735.0,22738.0,22745.0,22746.0,22756.0,22757.0,22759.0,22762.0,22765.0,22766.0,22771.0,22771.0,22777.0,22781.0,22782.0,22787.0,22787.0,22790.0,22808.0,22811.0,22812.0,22815.0,22817.0,22821.0,22824.0,22826.0,22828.0,22833.0,22833.0,22834.0,22834.0,22834.0,22842.0,22843.0,22845
0PybiGMba0U,1058268.0,1058682.0,1058957.0,1059238.0,1059640.0,1060016.0,1060377.0,1060682.0,1061097.0,1061419.0,1061678.0,1062015.0,1062336.0,1062660.0,1062936.0,1063270.0,1063648.0,1063944.0,1064309.0,1064661.0,1065003.0,1065402.0,1065741.0,1066079.0,1066390.0,1066687.0,1067107.0,1067446.0,1067866.0,1068299.0,1068586.0,1068894.0,1069232.0,1069594.0,1069998.0,1070400.0,1070896.0,1071265.0,1071551.0,1071855.0,1072203.0,1072588.0,1072989.0,1073364.0,1073706.0,1074033.0,1074313.0,1074658.0,1074957.0,1075358.0,1075693.0,1076002.0,1076295.0,1076571.0,1076909.0,1077249.0,1077560.0,1077934.0,1078262.0,1078505.0,1078827.0,1079121.0,1079463.0,1079774.0,1080102.0,1080340.0,1080535.0,1080872.0,1081138.0,1081497.0,1081812.0,1082136.0,1082415.0,1082718.0,1083059.0,1083386.0,1083831.0,1084217.0,1084581.0,1084917.0,1085217.0,1085551.0,1085931.0,1086266.0,1086689.0,1087032.0,1087391.0,1087625.0,1087950.0,1088231.0,1088578.0,1088902.0,1089208.0,1089517.0,1089776.0,1090054.0,1090410.0,1090737.0,1091094.0,1091454.0,1091764.0,1092039.0,1092391.0,1092697.0,1093040.0,1093316.0,1093679.0,1093912.0,1094194.0,1094581.0,1094889.0,1095272.0,1095594.0,1095919.0,1096190.0,1096433.0,1096723.0,1097072.0,1097342.0,1097645.0,1097931.0,1098180.0,1098381.0,1098649.0,1098869.0,1099242.0,1099646.0,1100087.0,1100417.0,1100709.0,1101064.0,1101398.0,1101806.0,1102188.0,,,,,,,,,1105092.0,1105331.0,1105651.0,1105890.0,1106144.0,1106438.0,1106762.0,1106995.0,1107317.0,1107631.0,1107961.0,1108275.0,1108609.0,1108905.0,1109206.0,1109517.0,1109793.0,1110129.0,1110448.0,1110753.0,1111002.0,1111238.0,1111485.0,1111738.0,1112002.0,1112303.0,1112579.0,1112834.0,1113119.0,1113347.0,1113672.0,1113912.0,1114185.0,1114450.0,1114746.0,1115004.0,1115227.0,1115461.0,1115738.0,1115988.0,1116253.0,1116497.0,1116737.0,1116907.0,1117165.0,1117433.0,1117705.0,1118039.0,1118310.0,1118534.0,1118741.0,1119001.0,1119207.0,1119433.0,1119732.0,1119967.0,1120163.0,1120334.0,1120510.0,1120756.0,1120976.0,1121155.0,1121358.0,1121533.0,1121710.0,1121931.0,1122196.0,1122396.0,1122532.0,1122727.0,1122916.0,1123095.0,1123303.0,1123533.0,1123786.0,1124046.0,1124255.0,1124433.0,1124608.0,1124835.0,1125075.0,1125297.0,1125569.0,1125797.0,1126016.0,1126175.0,1126414.0,1126651.0,1126889.0,1127169.0,1127441.0,1127681.0,1127840.0,1128088.0,1128343.0,1128577.0,1128808.0,1129051.0,1129295.0,1129505.0,1129709.0,1129917.0,1130161.0,1130379.0,1130609.0,1130822.0,1130990.0,1131187.0,1131401.0,1131600.0,1131861.0,1132109.0,1132294.0,1132508.0,1132675.0,1132822.0,1133010.0,1133180.0,1133432.0,1133621.0,1133772.0,,1134160.0,1134366.0,1134560.0,1134789.0,1134981.0,1135144.0,1135300.0,1135529.0,1135750.0,1135976.0,1136119.0,1136283.0,1136428.0,1136575.0,1136777.0,1136963.0,1137160.0,1137390.0,1137560.0,1137703.0,1137898.0,1138111.0,1138331.0,1138521.0,1138706.0,1138903.0,1139044.0,1139235.0,1139414.0,1139547.0,1139739.0,1139914.0,1140052.0,1140178.0,1140334.0,1140533.0,1140714.0,1140886.0,1141067.0,1141234.0,1141363.0,1141506.0,1141691.0,1141877.0,1142052.0,1142232.0,1142407.0,1142584.0,1142756.0,1143033.0,1143303.0,1143536.0,1143768.0,1143987.0,1144137.0,1144317.0,1144487.0,1144703.0,1144923.0,1145139.0,1145359.0,1145497.0,1145705.0,1145927.0,1146149.0,1146402.0,1146693.0,1146932.0,1147155.0,1147436.0,1147676.0,1147951.0,1148229.0,1148477.0,1148750.0,1148922.0,1149155.0,1149391.0,1149656.0,1149874.0,1150125.0,1150330.0,1150492.0,1150681.0,1150872.0,1151074.0,1151275.0,1151476.0,1151645.0,1151807.0,1151970.0,1152142.0,1152338.0,1152525.0,1152737.0,1152879.0,1153037.0,1153198.0,1153378.0,1153515.0,1153703.0,1153908.0,1154099.0,1154233.0,1154429.0,1154602.0,1154782.0,1155016.0,1155203.0,1155392.0,1155568.0,1155749.0,1155969.0,1156150
bZnzx4rrTM0,7884909.0,7886334.0,7887714.0,7888913.0,7890335.0,7891816.0,7893406.0,7894970.0,7896644.0,7898030.0,7899134.0,7900445.0,7901786.0,7903116.0,7904600.0,7906104.0,7907991.0,7909605.0,7911054.0,7912342.0,7913740.0,7915200.0,7916600.0,7917708.0,7918954.0,7920027.0,7921562.0,7922892.0,7924172.0,7925850.0,7927149.0,7928384.0,7929765.0,7931131.0,7932722.0,7934147.0,7935793.0,7937112.0,7938250.0,7939529.0,7940836.0,7942025.0,7943263.0,7944597.0,7945734.0,7946889.0,7948108.0,7949292.0,7950576.0,7951924.0,7953341.0,7954575.0,7955506.0,7956842.0,7958235.0,7959647.0,7960944.0,7962286.0,7963405.0,7964472.0,7965699.0,7966871.0,7968095.0,7969312.0,7970695.0,7971877.0,7972953.0,7974091.0,7975260.0,7976733.0,7978130.0,7979474.0,7980551.0,7981865.0,7982971.0,7984442.0,7985705.0,7987033.0,7988464.0,7989868.0,7990972.0,7992167.0,7993651.0,7995072.0,7996549.0,7997985.0,7999271.0,8000474.0,8001774.0,8003089.0,8004464.0,8005864.0,8007431.0,8008713.0,8009943.0,8011359.0,8012698.0,8014205.0,8015619.0,8016936.0,8018188.0,8019220.0,8020321.0,8021707.0,8023015.0,8024409.0,8025747.0,8026982.0,8028158.0,8029500.0,8030660.0,8031922.0,8033288.0,8034804.0,8036174.0,8037080.0,8038477.0,8039983.0,8041366.0,8042592.0,8043864.0,8045002.0,8046047.0,8047117.0,8048198.0,8049362.0,8050582.0,8051871.0,8053087.0,8054187.0,8055217.0,8056617.0,8057864.0,8059218.0,,,,,,,,,8070988.0,8072016.0,8073141.0,8074198.0,8075468.0,8076511.0,8077775.0,8078837.0,8079944.0,8081091.0,8082287.0,8083532.0,8084991.0,8086478.0,8087524.0,8088538.0,8089659.0,8090829.0,8092056.0,8093274.0,8094390.0,8095438.0,8096434.0,8097416.0,8098534.0,8099657.0,8100813.0,8102079.0,8103129.0,8104195.0,8105350.0,8106431.0,8107611.0,8108654.0,8110087.0,8111431.0,8112345.0,8113440.0,8114589.0,8115584.0,8116653.0,8117798.0,8119062.0,8120062.0,8121249.0,8122404.0,8123611.0,8124999.0,8126509.0,8127634.0,8128745.0,8129865.0,8131074.0,8132276.0,8133426.0,8134545.0,8135536.0,8136472.0,8137551.0,8138587.0,8139729.0,8140709.0,8141662.0,8142636.0,8143583.0,8144602.0,8145651.0,8146835.0,8147690.0,8148681.0,8149645.0,8150498.0,8151517.0,8152629.0,8153799.0,8154885.0,8156127.0,8157065.0,8157728.0,8158713.0,8159754.0,8160539.0,8161622.0,8162816.0,8163823.0,8164613.0,8165580.0,8166517.0,8167455.0,8168458.0,8169400.0,8170248.0,8171002.0,8171911.0,8172885.0,8173835.0,8174718.0,8175763.0,8176563.0,8177284.0,8178038.0,8178915.0,8179916.0,8180992.0,8181968.0,8182867.0,8183564.0,8184562.0,8185424.0,8186367.0,8187176.0,8188208.0,8189066.0,8189905.0,8190558.0,8191398.0,8192137.0,8193029.0,8193845.0,8194695.0,8195388.0,,8197095.0,8197940.0,8198894.0,8199849.0,8200728.0,8201465.0,8202240.0,8203012.0,8203846.0,8204636.0,8205452.0,8206263.0,8207014.0,8207866.0,8208711.0,8209594.0,8210459.0,8211304.0,8212184.0,8212861.0,8213592.0,8214341.0,8215157.0,8215983.0,8216858.0,8217598.0,8218381.0,8219228.0,8220117.0,8220986.0,8221772.0,8222626.0,8223384.0,8224011.0,8224807.0,8225521.0,8226286.0,8227114.0,8228134.0,8228844.0,8229629.0,8230419.0,8231208.0,8232020.0,8232847.0,8233689.0,8234560.0,8235459.0,8236365.0,8237349.0,8238405.0,8239308.0,8240301.0,8241300.0,8242196.0,8243060.0,8243922.0,8245041.0,8246004.0,8246994.0,8247959.0,8248716.0,8249535.0,8250467.0,8251359.0,8252340.0,8253401.0,8254376.0,8255198.0,8256218.0,8257187.0,8258172.0,8259181.0,8260299.0,8261368.0,8262296.0,8263422.0,8264471.0,8265461.0,8266477.0,8267493.0,8268452.0,8269202.0,8270186.0,8271174.0,8272063.0,8272958.0,8274017.0,8274953.0,8275761.0,8276920.0,8278672.0,8280513.0,8282524.0,8284913.0,8287107.0,8288965.0,8291183.0,8293232.0,8295131.0,8297127.0,8299314.0,8301124.0,8302958.0,8304940.0,8306990.0,8309333.0,8311609.0,8314040.0,8316322.0,8318173.0,8320170.0,8322220.0,8324383
pLOq3ibH6Qk,5179287.0,5179326.0,5179357.0,5179397.0,5179446.0,5179513.0,5179550.0,5179587.0,5179637.0,5179681.0,5179726.0,5179776.0,5179809.0,5179852.0,5179908.0,5179953.0,5180008.0,5180060.0,5180106.0,5180154.0,5180196.0,5180238.0,5180280.0,5180318.0,5180355.0,5180405.0,5180476.0,5180538.0,5180587.0,5180634.0,5180679.0,5180717.0,5180753.0,5180794.0,5180849.0,5180885.0,5180928.0,5180956.0,5180998.0,5181040.0,5181098.0,5181145.0,5181181.0,5181218.0,5181243.0,5181292.0,5181337.0,5181385.0,5181420.0,5181454.0,5181510.0,5181549.0,5181584.0,5181618.0,5181655.0,5181691.0,5181729.0,5181761.0,5181787.0,5181808.0,5181841.0,5181874.0,5181913.0,5181947.0,5181981.0,5182006.0,5182046.0,5182064.0,5182111.0,5182157.0,5182197.0,5182258.0,5182305.0,5182346.0,5182391.0,5182429.0,5182465.0,5182503.0,5182542.0,5182602.0,5182644.0,5182699.0,5182737.0,5182779.0,5182816.0,5182863.0,5182903.0,5182954.0,5182977.0,5183009.0,5183047.0,5183100.0,5183150.0,5183188.0,5183228.0,5183258.0,5183292.0,5183327.0,5183361.0,5183403.0,5183427.0,5183462.0,5183508.0,5183544.0,5183587.0,5183624.0,5183658.0,5183685.0,5183715.0,5183743.0,5183775.0,5183823.0,5183849.0,5183875.0,5183909.0,5183954.0,5183991.0,5184020.0,5184051.0,5184078.0,5184103.0,5184141.0,5184167.0,5184199.0,5184234.0,5184262.0,5184290.0,5184333.0,5184366.0,5184411.0,5184442.0,5184473.0,5184499.0,5184521.0,,,,,,,,,5184844.0,5184898.0,5184944.0,5184983.0,5185022.0,5185072.0,5185108.0,5185145.0,5185200.0,5185248.0,5185277.0,5185319.0,5185352.0,5185406.0,5185447.0,5185495.0,5185528.0,5185587.0,5185620.0,5185666.0,5185713.0,5185764.0,5185805.0,5185844.0,5185880.0,5185915.0,5185952.0,5185991.0,5186017.0,5186058.0,5186105.0,5186138.0,5186176.0,5186213.0,5186251.0,5186287.0,5186335.0,5186369.0,5186409.0,5186459.0,5186528.0,5186569.0,5186604.0,5186634.0,5186670.0,5186725.0,5186768.0,5186795.0,5186829.0,5186859.0,5186894.0,5186944.0,5186966.0,5187005.0,5187040.0,5187068.0,5187091.0,5187122.0,5187160.0,5187196.0,5187234.0,5187268.0,5187300.0,5187366.0,5187399.0,5187443.0,5187470.0,5187516.0,5187542.0,5187579.0,5187622.0,5187666.0,5187703.0,5187736.0,5187771.0,5187813.0,5187847.0,5187892.0,5187922.0,5187956.0,5187981.0,5188008.0,5188042.0,5188077.0,5188104.0,5188142.0,5188172.0,5188206.0,5188244.0,5188283.0,5188315.0,5188357.0,5188391.0,5188425.0,5188475.0,5188511.0,5188554.0,5188595.0,5188637.0,5188672.0,5188700.0,5188734.0,5188764.0,5188797.0,5188844.0,5188880.0,5188914.0,5188954.0,5189011.0,5189052.0,5189084.0,5189134.0,5189169.0,5189225.0,5189259.0,5189293.0,5189326.0,5189361.0,5189392.0,5189422.0,5189464.0,,5189518.0,5189553.0,5189586.0,5189631.0,5189681.0,5189719.0,5189755.0,5189773.0,5189797.0,5189833.0,5189877.0,5189919.0,5189954.0,5189980.0,5190013.0,5190048.0,5190081.0,5190119.0,5190156.0,5190187.0,5190221.0,5190253.0,5190275.0,5190307.0,5190332.0,5190361.0,5190386.0,5190411.0,5190435.0,5190461.0,5190490.0,5190531.0,5190559.0,5190586.0,5190621.0,5190658.0,5190691.0,5190733.0,5190784.0,5190827.0,5190861.0,5190897.0,5190929.0,5190968.0,5191013.0,5191041.0,5191078.0,5191105.0,5191137.0,5191172.0,5191197.0,5191220.0,5191249.0,5191279.0,5191317.0,5191348.0,5191388.0,5191420.0,5191435.0,5191465.0,5191500.0,5191519.0,5191539.0,5191570.0,5191600.0,5191641.0,5191678.0,5191709.0,5191731.0,5191765.0,5191784.0,5191802.0,5191827.0,5191850.0,5191887.0,5191914.0,5191939.0,5191974.0,5191998.0,5192022.0,5192061.0,5192077.0,5192103.0,5192120.0,5192145.0,5192167.0,5192189.0,5192217.0,5192238.0,5192261.0,5192296.0,5192314.0,5192340.0,5192378.0,5192401.0,5192418.0,5192442.0,5192477.0,5192503.0,5192529.0,5192553.0,5192581.0,5192605.0,5192624.0,5192656.0,5192689.0,5192707.0,5192731.0,5192787.0,5192840.0,5192857.0,5192882.0,5192918.0,5192956
os4E_pD6QUE,163828.0,163851.0,163878.0,163903.0,163934.0,163986.0,164017.0,164050.0,164092.0,164122.0,164156.0,164185.0,164218.0,164246.0,164287.0,164318.0,164358.0,164386.0,164418.0,164458.0,164506.0,164571.0,164617.0,164662.0,164696.0,164742.0,164782.0,164808.0,164839.0,164888.0,164920.0,164951.0,164988.0,165026.0,165061.0,165111.0,165166.0,165200.0,165229.0,165269.0,165303.0,165361.0,165414.0,165478.0,165516.0,165552.0,165584.0,165621.0,165653.0,165683.0,165723.0,165772.0,165824.0,165863.0,165896.0,165940.0,165963.0,166004.0,166041.0,166075.0,166099.0,166140.0,166166.0,166198.0,166234.0,166260.0,166286.0,166314.0,166336.0,166381.0,166417.0,166446.0,166483.0,166518.0,166543.0,166570.0,166595.0,166622.0,166639.0,166666.0,166697.0,166730.0,166762.0,166801.0,166840.0,166873.0,166903.0,166917.0,166966.0,166998.0,167038.0,167078.0,167111.0,167144.0,167175.0,167198.0,167238.0,167274.0,167307.0,167335.0,167359.0,167392.0,167415.0,167455.0,167488.0,167522.0,167562.0,167601.0,167626.0,167668.0,167698.0,167733.0,167768.0,167797.0,167826.0,167853.0,167871.0,167892.0,167915.0,167961.0,168005.0,168025.0,168049.0,168068.0,168084.0,168114.0,168144.0,168171.0,168203.0,168229.0,168241.0,168255.0,168281.0,168315.0,,,,,,,,,168600.0,168637.0,168655.0,168686.0,168718.0,168744.0,168775.0,168791.0,168810.0,168827.0,168864.0,168891.0,168924.0,168959.0,168984.0,169000.0,169029.0,169049.0,169083.0,169105.0,169125.0,169147.0,169175.0,169187.0,169211.0,169233.0,169260.0,169278.0,169302.0,169325.0,169350.0,169376.0,169412.0,169437.0,169453.0,169480.0,169510.0,169567.0,169606.0,169644.0,169718.0,169764.0,169799.0,169831.0,169867.0,169909.0,169948.0,169995.0,170050.0,170069.0,170100.0,170131.0,170165.0,170199.0,170235.0,170279.0,170308.0,170337.0,170369.0,170424.0,170453.0,170480.0,170510.0,170546.0,170569.0,170600.0,170637.0,170674.0,170695.0,170725.0,170751.0,170779.0,170804.0,170840.0,170886.0,170919.0,170948.0,170979.0,171010.0,171047.0,171081.0,171109.0,171138.0,171162.0,171204.0,171234.0,171269.0,171304.0,171345.0,171387.0,171421.0,171443.0,171472.0,171509.0,171544.0,171571.0,171596.0,171622.0,171662.0,171690.0,171722.0,171753.0,171782.0,171805.0,171841.0,171856.0,171870.0,171895.0,171934.0,171961.0,171983.0,172006.0,172041.0,172062.0,172091.0,172113.0,172133.0,172157.0,172177.0,172200.0,172217.0,,172251.0,172276.0,172289.0,172313.0,172332.0,172355.0,172377.0,172396.0,172430.0,172454.0,172476.0,172498.0,172510.0,172526.0,172546.0,172559.0,172582.0,172606.0,172633.0,172650.0,172669.0,172687.0,172698.0,172714.0,172728.0,172741.0,172753.0,172764.0,172779.0,172793.0,172808.0,172821.0,172830.0,172844.0,172862.0,172876.0,172902.0,172916.0,172930.0,172944.0,172965.0,172974.0,172991.0,173001.0,173017.0,173036.0,173052.0,173062.0,173083.0,173106.0,173119.0,173129.0,173140.0,173153.0,173165.0,173171.0,173186.0,173200.0,173210.0,173216.0,173226.0,173233.0,173241.0,173258.0,173269.0,173287.0,173306.0,173325.0,173340.0,173368.0,173401.0,173411.0,173427.0,173448.0,173458.0,173474.0,173496.0,173528.0,173548.0,173562.0,173586.0,173599.0,173626.0,173656.0,173679.0,173706.0,173726.0,173748.0,173763.0,173773.0,173791.0,173812.0,173830.0,173849.0,173874.0,173890.0,173914.0,173927.0,173942.0,173953.0,173963.0,173984.0,173997.0,174014.0,174040.0,174070.0,174102.0,174124.0,174151.0,174173.0,174184.0,174205.0,174225.0,174246
YMaeXVo_NC4,38073.0,38142.0,38210.0,38295.0,38386.0,38460.0,38550.0,38609.0,38677.0,38748.0,38801.0,38876.0,38979.0,39086.0,39202.0,39294.0,39356.0,39436.0,39503.0,39596.0,39809.0,40037.0,40141.0,40197.0,40433.0,40905.0,41117.0,41196.0,41272.0,41412.0,41526.0,41618.0,41718.0,41781.0,41871.0,41933.0,42018.0,42093.0,42154.0,42223.0,42274.0,42341.0,42388.0,42437.0,42492.0,42531.0,42600.0,42678.0,42730.0,42827.0,42911.0,43019.0,43159.0,43277.0,43363.0,43425.0,43496.0,43613.0,43737.0,43833.0,43945.0,44076.0,44216.0,44339.0,44471.0,44594.0,44706.0,44817.0,44925.0,45060.0,45180.0,45286.0,45390.0,45448.0,45544.0,45621.0,45744.0,45841.0,45909.0,46021.0,46086.0,46164.0,46267.0,46349.0,46406.0,46458.0,46514.0,46575.0,46631.0,46696.0,46741.0,46801.0,46851.0,46902.0,46939.0,46989.0,47055.0,47109.0,47172.0,47246.0,47321.0,47369.0,47429.0,47485.0,47564.0,47617.0,47672.0,47729.0,47792.0,47839.0,47902.0,48048.0,48302.0,48633.0,48947.0,49125.0,49317.0,49510.0,49653.0,49791.0,49924.0,50080.0,50197.0,50325.0,50403.0,50506.0,50589.0,50654.0,50726.0,50783.0,50857.0,50954.0,51042.0,51128.0,,,,,,,,,51961.0,52016.0,52083.0,52143.0,52222.0,52284.0,52351.0,52417.0,52513.0,52581.0,52679.0,52783.0,52889.0,53009.0,53117.0,53202.0,53326.0,53419.0,53538.0,53618.0,53679.0,53744.0,53821.0,53878.0,53937.0,54000.0,54073.0,54156.0,54245.0,54312.0,54378.0,54454.0,54515.0,54586.0,54646.0,54709.0,54763.0,54818.0,54873.0,54915.0,54962.0,55002.0,55059.0,55100.0,55129.0,55182.0,55229.0,55280.0,55332.0,55390.0,55427.0,55462.0,55513.0,55581.0,55653.0,55687.0,55741.0,55786.0,55837.0,55889.0,55969.0,56020.0,56095.0,56154.0,56201.0,56243.0,56319.0,56380.0,56422.0,56487.0,56526.0,56574.0,56611.0,56681.0,56734.0,56807.0,56865.0,56920.0,56968.0,57008.0,57072.0,57122.0,57182.0,57256.0,57306.0,57362.0,57410.0,57453.0,57524.0,57586.0,57662.0,57732.0,57797.0,57870.0,57927.0,57988.0,58054.0,58134.0,58196.0,58281.0,58365.0,58425.0,58497.0,58564.0,58639.0,58696.0,58768.0,58838.0,58917.0,59001.0,59069.0,59141.0,59206.0,59248.0,59308.0,59369.0,59416.0,59467.0,59520.0,59579.0,59635.0,,59739.0,59786.0,59859.0,59919.0,59978.0,60022.0,60070.0,60128.0,60174.0,60229.0,60289.0,60334.0,60378.0,60431.0,60474.0,60541.0,60583.0,60631.0,60675.0,60721.0,60765.0,60820.0,60867.0,60914.0,60958.0,60988.0,61021.0,61057.0,61106.0,61163.0,61207.0,61247.0,61275.0,61307.0,61340.0,61383.0,61426.0,61471.0,61505.0,61547.0,61592.0,61649.0,61708.0,61743.0,61806.0,61906.0,61977.0,62065.0,62145.0,62222.0,62305.0,62375.0,62450.0,62506.0,62563.0,62610.0,62682.0,62729.0,62785.0,62841.0,62907.0,62958.0,63010.0,63061.0,63101.0,63163.0,63249.0,63326.0,63423.0,63511.0,63564.0,63620.0,63695.0,63782.0,63871.0,63960.0,64034.0,64113.0,64186.0,64278.0,64359.0,64433.0,64480.0,64506.0,64564.0,64620.0,64657.0,64695.0,64735.0,64762.0,64806.0,64853.0,64913.0,64959.0,65015.0,65056.0,65103.0,65147.0,65195.0,65257.0,65313.0,65356.0,65402.0,65447.0,65481.0,65547.0,65619.0,65670.0,65726.0,65766.0,65805.0,65864.0,65902.0,65970
83rJFlQChj8,82118.0,82254.0,82360.0,82460.0,82589.0,82707.0,82837.0,82941.0,83075.0,83168.0,83244.0,83382.0,83515.0,83638.0,83782.0,83911.0,84035.0,84160.0,84306.0,84443.0,84573.0,84715.0,84841.0,84952.0,85059.0,85181.0,85344.0,85501.0,85658.0,85832.0,85967.0,86089.0,86201.0,86337.0,86460.0,86585.0,86737.0,86843.0,86965.0,87148.0,87315.0,87481.0,87624.0,87774.0,87936.0,88063.0,88218.0,88407.0,88573.0,88727.0,88903.0,89117.0,89305.0,89509.0,89677.0,89837.0,89995.0,90141.0,90308.0,90465.0,90682.0,90851.0,91017.0,91171.0,91312.0,91443.0,91565.0,91722.0,91846.0,91987.0,92119.0,92246.0,92389.0,92551.0,92695.0,92852.0,92994.0,93150.0,93555.0,93701.0,93823.0,94016.0,94195.0,94321.0,94611.0,94839.0,94987.0,95149.0,95276.0,95433.0,95596.0,95790.0,95969.0,96131.0,96270.0,96425.0,96591.0,96750.0,96926.0,97142.0,97262.0,97456.0,97698.0,97912.0,98071.0,98212.0,98384.0,98585.0,98741.0,98880.0,99039.0,99239.0,99436.0,99717.0,99903.0,100053.0,100232.0,100448.0,100646.0,100842.0,100980.0,101173.0,101328.0,101482.0,101649.0,101786.0,101887.0,102050.0,102200.0,102323.0,102444.0,102566.0,102705.0,102820.0,,,,,,,,,104042.0,104158.0,104285.0,104469.0,104675.0,104818.0,104970.0,105083.0,105261.0,105403.0,105647.0,105818.0,105820.0,105821.0,105821.0,105821.0,105821.0,105821.0,105821.0,105821.0,105821.0,105821.0,105821.0,105821.0,105821.0,105821.0,105821.0,105821.0,105821.0,105821.0,105821.0,105821.0,105821.0,105821.0,105822.0,105821.0,105821.0,105821.0,105821.0,105821.0,105821.0,105821.0,105821.0,105821.0,105821.0,105821.0,105821.0,105821.0,105821.0,105821.0,105821.0,105821.0,105821.0,105821.0,105821.0,105821.0,105821.0,105821.0,105821.0,105821.0,105821.0,105821.0,105821.0,105821.0,105821.0,105821.0,105821.0,105821.0,105821.0,105821.0,105821.0,105821.0,105821.0,105821.0,105821.0,105821.0,105821.0,105821.0,105821.0,105821.0,105821.0,105821.0,105821.0,105821.0,105821.0,105821.0,105821.0,105821.0,105821.0,105821.0,105821.0,105821.0,105821.0,105821.0,105821.0,105821.0,105821.0,105821.0,105821.0,105821.0,105821.0,105821.0,105821.0,105821.0,105821.0,105821.0,105821.0,105821.0,105821.0,105821.0,105821.0,105821.0,105821.0,105821.0,105821.0,105821.0,105821.0,105821.0,105821.0,105821.0,105821.0,,105821.0,105821.0,105821.0,105821.0,105821.0,105821.0,105821.0,105821.0,105821.0,105821.0,105821.0,105821.0,105821.0,105821.0,105821.0,105821.0,105821.0,105821.0,105821.0,105821.0,105821.0,105821.0,105821.0,105821.0,105821.0,105821.0,105821.0,105821.0,105821.0,105821.0,105821.0,105821.0,105821.0,105821.0,105821.0,105821.0,105821.0,105821.0,105821.0,105821.0,105821.0,105821.0,105821.0,105821.0,105821.0,105821.0,105821.0,105821.0,105821.0,105821.0,105821.0,105821.0,105821.0,105821.0,105821.0,105821.0,105821.0,105821.0,105821.0,105821.0,105821.0,105821.0,105821.0,105821.0,105821.0,105821.0,105821.0,105821.0,105821.0,105821.0,105821.0,105821.0,105821.0,105821.0,105821.0,105821.0,105821.0,105821.0,105821.0,105821.0,105821.0,105821.0,105821.0,105821.0,105821.0,105821.0,105821.0,105821.0,105821.0,105821.0,105821.0,105821.0,105821.0,105821.0,105821.0,105821.0,105821.0,105821.0,105821.0,105821.0,105821.0,105821.0,105821.0,105821.0,105821.0,105821.0,105821.0,105821.0,105821.0,105821.0,105821.0,105821.0,105821.0,105821
7GdCQItF7AE,2459.0,2472.0,2481.0,2498.0,2521.0,2543.0,2568.0,2595.0,2634.0,2652.0,2678.0,2718.0,2745.0,2799.0,2866.0,2898.0,2922.0,2950.0,2995.0,3036.0,3089.0,3144.0,3194.0,3217.0,3254.0,3283.0,3322.0,3361.0,3390.0,3414.0,3443.0,3480.0,3506.0,3548.0,3572.0,3596.0,3626.0,3648.0,3676.0,3700.0,3735.0,3771.0,3808.0,3861.0,3887.0,3931.0,3983.0,4054.0,4086.0,4124.0,4187.0,4222.0,4262.0,4295.0,4344.0,4466.0,4640.0,4814.0,4950.0,5097.0,5279.0,5544.0,5767.0,6004.0,6215.0,6413.0,6571.0,6718.0,6903.0,7116.0,7303.0,7465.0,7657.0,7799.0,7946.0,8062.0,8200.0,8346.0,8464.0,8568.0,8657.0,8781.0,8880.0,8999.0,9073.0,9187.0,9273.0,9339.0,9424.0,9491.0,9553.0,9633.0,9708.0,9767.0,9822.0,9897.0,9953.0,10024.0,10105.0,10199.0,10259.0,10298.0,10298.0,10298.0,10298.0,10298.0,10298.0,10298.0,10298.0,10298.0,10298.0,10298.0,10298.0,10298.0,10298.0,10298.0,10298.0,10298.0,10298.0,10298.0,10298.0,10298.0,10298.0,10298.0,10298.0,10298.0,10298.0,10298.0,10298.0,10298.0,10298.0,10298.0,10298.0,10298.0,,,,,,,,,10298.0,10298.0,10298.0,10298.0,10298.0,10298.0,10298.0,10298.0,10298.0,10298.0,10298.0,10298.0,10298.0,10298.0,10298.0,10298.0,10298.0,10298.0,10298.0,10298.0,10298.0,10298.0,10298.0,10298.0,10298.0,10298.0,10298.0,10298.0,10298.0,10298.0,10298.0,10298.0,10298.0,10298.0,10298.0,10298.0,10298.0,10298.0,10298.0,10298.0,10298.0,10298.0,10298.0,10298.0,10298.0,10298.0,10298.0,10298.0,10298.0,10298.0,10298.0,10298.0,10298.0,10298.0,10298.0,10298.0,10298.0,10298.0,10298.0,10298.0,10298.0,10298.0,10298.0,10298.0,10298.0,10298.0,10298.0,10298.0,10298.0,10298.0,10298.0,10298.0,10298.0,10298.0,10298.0,10298.0,10298.0,10298.0,10298.0,10298.0,10298.0,10298.0,10298.0,10298.0,10298.0,10298.0,10298.0,10298.0,10298.0,10298.0,10298.0,10298.0,10298.0,10298.0,10298.0,10298.0,10298.0,10298.0,10298.0,10298.0,10298.0,10298.0,10298.0,10298.0,10298.0,10298.0,10298.0,10298.0,10298.0,10298.0,10298.0,10298.0,10298.0,10298.0,10298.0,10298.0,10298.0,10298.0,10298.0,10298.0,10298.0,,10298.0,10298.0,10298.0,10298.0,10298.0,10298.0,10298.0,10298.0,10298.0,10298.0,10298.0,10298.0,10298.0,10298.0,10298.0,10298.0,10298.0,10298.0,10298.0,10298.0,10298.0,10298.0,10298.0,10298.0,10298.0,10298.0,10298.0,10298.0,10298.0,10298.0,10298.0,10298.0,10298.0,10298.0,10298.0,10298.0,10298.0,10298.0,10298.0,10298.0,10298.0,10298.0,10298.0,10298.0,10298.0,10298.0,10298.0,10298.0,10298.0,10298.0,10298.0,10298.0,10298.0,10298.0,10298.0,10298.0,10298.0,10298.0,10298.0,10298.0,10298.0,10298.0,10298.0,10298.0,10298.0,10298.0,10298.0,10298.0,10298.0,10298.0,10298.0,10298.0,10298.0,10298.0,10298.0,10298.0,10298.0,10298.0,10298.0,10298.0,10298.0,10298.0,10298.0,10298.0,10298.0,10298.0,10298.0,10298.0,10298.0,10298.0,10298.0,10298.0,10298.0,10298.0,10298.0,10298.0,10298.0,10298.0,10298.0,10298.0,10298.0,10298.0,10298.0,10298.0,10298.0,10298.0,10298.0,10298.0,10298.0,10298.0,10298.0,10298.0,10298.0,10298
AcBwCrl9Q_c,17636.0,17642.0,17655.0,17667.0,17678.0,17691.0,17708.0,17717.0,17727.0,17734.0,17739.0,17743.0,17748.0,17750.0,17750.0,17753.0,17759.0,17761.0,17764.0,17767.0,17769.0,17772.0,17774.0,17776.0,17777.0,17782.0,17783.0,17786.0,17787.0,17788.0,17788.0,17789.0,17791.0,17794.0,17795.0,17797.0,17799.0,17799.0,17800.0,17800.0,17800.0,17802.0,17803.0,17805.0,17808.0,17810.0,17812.0,17814.0,17816.0,17816.0,17822.0,17822.0,17824.0,17825.0,17827.0,17829.0,17832.0,17832.0,17835.0,17839.0,17841.0,17843.0,17847.0,17850.0,17852.0,17852.0,17856.0,17859.0,17864.0,17869.0,17869.0,17872.0,17875.0,17881.0,17882.0,17885.0,17886.0,17888.0,17888.0,17891.0,17896.0,17898.0,17901.0,17902.0,17905.0,17911.0,17913.0,17916.0,17919.0,17919.0,17920.0,17922.0,17924.0,17924.0,17925.0,17926.0,17926.0,17927.0,17928.0,17929.0,17933.0,17937.0,17941.0,17941.0,17944.0,17945.0,17946.0,17947.0,17949.0,17949.0,17951.0,17954.0,17954.0,17955.0,17959.0,17964.0,17970.0,17972.0,17973.0,17975.0,17975.0,17977.0,17980.0,17982.0,17983.0,17986.0,17988.0,17991.0,17994.0,17997.0,17998.0,18000.0,18005.0,18006.0,,,,,,,,,18036.0,18042.0,18049.0,18053.0,18057.0,18064.0,18066.0,18068.0,18073.0,18075.0,18083.0,18089.0,18092.0,18095.0,18100.0,18104.0,18112.0,18116.0,18119.0,18122.0,18125.0,18129.0,18135.0,18143.0,18146.0,18148.0,18151.0,18154.0,18163.0,18170.0,18177.0,18202.0,18213.0,18225.0,18235.0,18241.0,18252.0,18267.0,18274.0,18285.0,18294.0,18312.0,18322.0,18332.0,18340.0,18351.0,18362.0,18373.0,18384.0,18396.0,18414.0,18433.0,18438.0,18448.0,18461.0,18474.0,18484.0,18491.0,18506.0,18516.0,18531.0,18563.0,18588.0,18599.0,18602.0,18606.0,18612.0,18618.0,18625.0,18629.0,18629.0,18634.0,18637.0,18639.0,18645.0,18646.0,18650.0,18652.0,18657.0,18658.0,18662.0,18663.0,18668.0,18669.0,18669.0,18674.0,18676.0,18688.0,18692.0,18696.0,18699.0,18703.0,18715.0,18720.0,18727.0,18731.0,18735.0,18737.0,18744.0,18746.0,18750.0,18750.0,18750.0,18753.0,18756.0,18757.0,18761.0,18766.0,18792.0,18797.0,18800.0,18802.0,18804.0,18804.0,18804.0,18807.0,18812.0,18815.0,18819.0,18827.0,18831.0,,18839.0,18840.0,18841.0,18842.0,18844.0,18844.0,18846.0,18847.0,18852.0,18854.0,18855.0,18858.0,18859.0,18859.0,18858.0,18859.0,18859.0,18861.0,18864.0,18865.0,18866.0,18866.0,18867.0,18870.0,18871.0,18871.0,18872.0,18873.0,18873.0,18875.0,18878.0,18879.0,18880.0,18880.0,18882.0,18885.0,18887.0,18888.0,18888.0,18891.0,18893.0,18893.0,18893.0,18894.0,18894.0,18894.0,18895.0,18897.0,18899.0,18902.0,18903.0,18904.0,18905.0,18907.0,18908.0,18908.0,18910.0,18911.0,18911.0,18911.0,18913.0,18913.0,18914.0,18914.0,18915.0,18916.0,18920.0,18921.0,18922.0,18923.0,18924.0,18924.0,18924.0,18924.0,18926.0,18928.0,18931.0,18931.0,18931.0,18933.0,18933.0,18934.0,18934.0,18934.0,18934.0,18935.0,18936.0,18937.0,18938.0,18938.0,18940.0,18940.0,18940.0,18940.0,18940.0,18940.0,18941.0,18941.0,18941.0,18941.0,18943.0,18944.0,18945.0,18946.0,18948.0,18949.0,18952.0,18952.0,18953.0,18954.0,18955.0,18955.0,18957.0,18959
HE-wDR0TgE8,16456.0,16456.0,16456.0,16456.0,16456.0,16456.0,16456.0,16456.0,16456.0,16456.0,16456.0,16456.0,16456.0,16456.0,16456.0,16456.0,16456.0,16456.0,16456.0,16456.0,16456.0,16456.0,16456.0,16456.0,16456.0,16456.0,16456.0,16456.0,16456.0,16456.0,16456.0,16456.0,16456.0,16456.0,16456.0,16456.0,16456.0,16456.0,16456.0,16456.0,16456.0,16456.0,16456.0,16456.0,16456.0,16456.0,16456.0,16456.0,16456.0,16456.0,16456.0,16456.0,16456.0,16456.0,16456.0,16456.0,16456.0,16456.0,16456.0,16456.0,16456.0,16456.0,16456.0,16456.0,16456.0,16456.0,16456.0,16456.0,16456.0,16456.0,16456.0,16456.0,16456.0,16456.0,16456.0,16456.0,16456.0,16456.0,16456.0,16456.0,16456.0,16456.0,16456.0,16456.0,16456.0,16456.0,16456.0,16456.0,16456.0,16456.0,16456.0,16456.0,16456.0,16456.0,16456.0,16456.0,16456.0,16456.0,16456.0,16456.0,16456.0,16456.0,16456.0,16456.0,16456.0,16456.0,16456.0,16456.0,16456.0,16456.0,16456.0,16456.0,16456.0,16456.0,16456.0,16456.0,16456.0,16456.0,16456.0,16456.0,16456.0,16456.0,16456.0,16456.0,16456.0,16456.0,16456.0,16456.0,16456.0,16456.0,16456.0,16456.0,16456.0,16456.0,,,,,,,,,16456.0,16456.0,16456.0,16456.0,16456.0,16456.0,16456.0,16456.0,16456.0,16456.0,16456.0,16456.0,16456.0,16456.0,16456.0,16456.0,16456.0,16456.0,16456.0,16456.0,16456.0,16456.0,16456.0,16456.0,16456.0,16456.0,16456.0,16456.0,16456.0,16456.0,16456.0,16456.0,16456.0,16456.0,16456.0,16456.0,16456.0,16456.0,16456.0,16456.0,16456.0,16456.0,16456.0,16456.0,16456.0,16456.0,16456.0,16456.0,16456.0,16456.0,16456.0,16456.0,16456.0,16456.0,16456.0,16456.0,16456.0,16456.0,16456.0,16456.0,16456.0,16456.0,16456.0,16456.0,16456.0,16456.0,16456.0,16456.0,16456.0,16456.0,16456.0,16456.0,16456.0,16456.0,16456.0,16456.0,16456.0,16456.0,16456.0,16456.0,16456.0,16456.0,16456.0,16456.0,16456.0,16456.0,16456.0,16456.0,16456.0,16456.0,16456.0,16456.0,16456.0,16456.0,16456.0,16456.0,16456.0,16456.0,16456.0,16456.0,16456.0,16456.0,16456.0,16456.0,16456.0,16456.0,16456.0,16456.0,16456.0,16456.0,16456.0,16456.0,16456.0,16456.0,16456.0,16456.0,16456.0,16456.0,16456.0,16456.0,16456.0,,16456.0,16456.0,16456.0,16456.0,16456.0,16456.0,16456.0,16456.0,16456.0,16456.0,16456.0,16456.0,16456.0,16456.0,16456.0,16456.0,16456.0,16456.0,16456.0,16456.0,16456.0,16456.0,16456.0,16456.0,16456.0,16456.0,16456.0,16456.0,16456.0,16456.0,16456.0,16456.0,16456.0,16456.0,16456.0,16456.0,16456.0,16456.0,16456.0,16456.0,16456.0,16456.0,16456.0,16456.0,16456.0,16456.0,16456.0,16456.0,16456.0,16456.0,16456.0,16456.0,16456.0,16456.0,16456.0,16456.0,16456.0,16456.0,16456.0,16456.0,16456.0,16456.0,16456.0,16456.0,16456.0,16456.0,16456.0,16456.0,16456.0,16456.0,16456.0,16456.0,16456.0,16456.0,16456.0,16456.0,16456.0,16456.0,16456.0,16456.0,16456.0,16456.0,16456.0,16456.0,16456.0,16456.0,16456.0,16456.0,16456.0,16456.0,16456.0,16456.0,16456.0,16456.0,16456.0,16456.0,16456.0,16456.0,16456.0,16456.0,16456.0,16456.0,16456.0,16456.0,16456.0,16456.0,16456.0,16456.0,16456.0,16456.0,16456.0,16456.0,16456.0,16456
izUAZHuzYzk,3145.0,3145.0,3145.0,3145.0,3145.0,3145.0,3145.0,3145.0,3145.0,3145.0,3145.0,3145.0,3145.0,3145.0,3145.0,3145.0,3145.0,3145.0,3145.0,3145.0,3145.0,3145.0,3145.0,3145.0,3145.0,3145.0,3145.0,3145.0,3145.0,3145.0,3145.0,3145.0,3145.0,3145.0,3145.0,3145.0,3145.0,3145.0,3145.0,3145.0,3145.0,3145.0,3145.0,3145.0,3145.0,3145.0,3145.0,3145.0,3145.0,3145.0,3145.0,3145.0,3145.0,3145.0,3145.0,3145.0,3145.0,3145.0,3145.0,3145.0,3145.0,3145.0,3145.0,3145.0,3145.0,3145.0,3145.0,3145.0,3145.0,3145.0,3145.0,3145.0,3145.0,3145.0,3145.0,3145.0,3145.0,3145.0,3145.0,3145.0,3145.0,3145.0,3145.0,3145.0,3145.0,3145.0,3145.0,3145.0,3145.0,3145.0,3145.0,3145.0,3145.0,3145.0,3145.0,3145.0,3145.0,3145.0,3145.0,3145.0,3145.0,3145.0,3145.0,3145.0,3145.0,3145.0,3145.0,3145.0,3145.0,3145.0,3145.0,3145.0,3145.0,3145.0,3145.0,3145.0,3145.0,3145.0,3145.0,3145.0,3145.0,3145.0,3145.0,3145.0,3145.0,3145.0,3145.0,3145.0,3145.0,3145.0,3145.0,3145.0,3145.0,3145.0,,,,,,,,,3145.0,3145.0,3145.0,3145.0,3145.0,3145.0,3145.0,3145.0,3145.0,3145.0,3145.0,3145.0,3145.0,3145.0,3145.0,3145.0,3145.0,3145.0,3145.0,3145.0,3145.0,3145.0,3145.0,3145.0,3145.0,3145.0,3145.0,3145.0,3145.0,3145.0,3145.0,3145.0,3145.0,3145.0,3145.0,3145.0,3145.0,3145.0,3145.0,3145.0,3145.0,3145.0,3145.0,3145.0,3145.0,3145.0,3145.0,3145.0,3145.0,3145.0,3145.0,3145.0,3145.0,3145.0,3145.0,3145.0,3145.0,3145.0,3145.0,3145.0,3145.0,3145.0,3145.0,3145.0,3145.0,3145.0,3145.0,3145.0,3145.0,3145.0,3145.0,3145.0,3145.0,3145.0,3145.0,3145.0,3145.0,3145.0,3145.0,3145.0,3145.0,3145.0,3145.0,3145.0,3145.0,3145.0,3145.0,3145.0,3145.0,3145.0,3145.0,3145.0,3145.0,3145.0,3145.0,3145.0,3145.0,3145.0,3145.0,3145.0,3145.0,3145.0,3145.0,3145.0,3145.0,3145.0,3145.0,3145.0,3145.0,3145.0,3145.0,3145.0,3145.0,3145.0,3145.0,3145.0,3145.0,3145.0,3145.0,3145.0,3145.0,,3145.0,3145.0,3145.0,3145.0,3145.0,3145.0,3145.0,3145.0,3145.0,3145.0,3145.0,3145.0,3145.0,3145.0,3145.0,3145.0,3145.0,3145.0,3145.0,3145.0,3145.0,3145.0,3145.0,3145.0,3145.0,3145.0,3145.0,3145.0,3145.0,3145.0,3145.0,3145.0,3145.0,3145.0,3145.0,3145.0,3145.0,3145.0,3145.0,3145.0,3145.0,3145.0,3145.0,3145.0,3145.0,3145.0,3145.0,3145.0,3145.0,3145.0,3145.0,3145.0,3145.0,3145.0,3145.0,3145.0,3145.0,3145.0,3145.0,3145.0,3145.0,3145.0,3145.0,3145.0,3145.0,3145.0,3145.0,3145.0,3145.0,3145.0,3145.0,3145.0,3145.0,3145.0,3145.0,3145.0,3145.0,3145.0,3145.0,3145.0,3145.0,3145.0,3145.0,3145.0,3145.0,3145.0,3145.0,3145.0,3145.0,3145.0,3145.0,3145.0,3145.0,3145.0,3145.0,3145.0,3145.0,3145.0,3145.0,3145.0,3145.0,3145.0,3145.0,3145.0,3145.0,3145.0,3145.0,3145.0,3145.0,3145.0,3145.0,3145.0,3145.0,3145
e7NVydUyNc8,2630.0,2630.0,2630.0,2630.0,2630.0,2630.0,2630.0,2630.0,2630.0,2630.0,2630.0,2630.0,2630.0,2630.0,2630.0,2630.0,2630.0,2630.0,2630.0,2630.0,2630.0,2630.0,2630.0,2630.0,2630.0,2630.0,2630.0,2630.0,2630.0,2630.0,2630.0,2630.0,2630.0,2630.0,2630.0,2630.0,2630.0,2630.0,2630.0,2630.0,2630.0,2630.0,2630.0,2630.0,2630.0,2630.0,2630.0,2630.0,2630.0,2630.0,2630.0,2630.0,2630.0,2630.0,2630.0,2630.0,2630.0,2630.0,2630.0,2630.0,2630.0,2630.0,2630.0,2630.0,2630.0,2630.0,2630.0,2630.0,2630.0,2630.0,2630.0,2630.0,2630.0,2630.0,2630.0,2630.0,2630.0,2630.0,2630.0,2630.0,2630.0,2630.0,2630.0,2630.0,2630.0,2630.0,2630.0,2630.0,2630.0,2630.0,2630.0,2630.0,2630.0,2630.0,2630.0,2630.0,2630.0,2630.0,2630.0,2630.0,2630.0,2630.0,2630.0,2630.0,2630.0,2630.0,2630.0,2630.0,2630.0,2630.0,2630.0,2630.0,2630.0,2630.0,2630.0,2630.0,2630.0,2630.0,2630.0,2630.0,2630.0,2630.0,2630.0,2630.0,2630.0,2630.0,2630.0,2630.0,2630.0,2630.0,2630.0,2630.0,2630.0,2630.0,,,,,,,,,2630.0,2630.0,2630.0,2630.0,2630.0,2630.0,2630.0,2630.0,2630.0,2630.0,2630.0,2630.0,2630.0,2630.0,2630.0,2630.0,2630.0,2630.0,2630.0,2630.0,2630.0,2630.0,2630.0,2630.0,2630.0,2630.0,2630.0,2630.0,2630.0,2630.0,2630.0,2630.0,2630.0,2630.0,2630.0,2630.0,2630.0,2630.0,2630.0,2630.0,2630.0,2630.0,2630.0,2630.0,2630.0,2630.0,2630.0,2630.0,2630.0,2630.0,2630.0,2630.0,2630.0,2630.0,2630.0,2630.0,2630.0,2630.0,2630.0,2630.0,2630.0,2630.0,2630.0,2630.0,2630.0,2630.0,2630.0,2630.0,2630.0,2630.0,2630.0,2630.0,2630.0,2630.0,2630.0,2630.0,2630.0,2630.0,2630.0,2630.0,2630.0,2630.0,2630.0,2630.0,2630.0,2630.0,2630.0,2630.0,2630.0,2630.0,2630.0,2630.0,2630.0,2630.0,2630.0,2630.0,2630.0,2630.0,2630.0,2630.0,2630.0,2630.0,2630.0,2630.0,2630.0,2630.0,2630.0,2630.0,2630.0,2630.0,2630.0,2630.0,2630.0,2630.0,2630.0,2630.0,2630.0,2630.0,2630.0,2630.0,2630.0,,2630.0,2630.0,2630.0,2630.0,2630.0,2630.0,2630.0,2630.0,2630.0,2630.0,2630.0,2630.0,2630.0,2630.0,2630.0,2630.0,2630.0,2630.0,2630.0,2630.0,2630.0,2630.0,2630.0,2630.0,2630.0,2630.0,2630.0,2630.0,2630.0,2630.0,2630.0,2630.0,2630.0,2630.0,2630.0,2630.0,2630.0,2630.0,2630.0,2630.0,2630.0,2630.0,2630.0,2630.0,2630.0,2630.0,2630.0,2630.0,2630.0,2630.0,2630.0,2630.0,2630.0,2630.0,2630.0,2630.0,2630.0,2630.0,2630.0,2630.0,2630.0,2630.0,2630.0,2630.0,2630.0,2630.0,2630.0,2630.0,2630.0,2630.0,2630.0,2630.0,2630.0,2630.0,2630.0,2630.0,2630.0,2630.0,2630.0,2630.0,2630.0,2630.0,2630.0,2630.0,2630.0,2630.0,2630.0,2630.0,2630.0,2630.0,2630.0,2630.0,2630.0,2630.0,2630.0,2630.0,2630.0,2630.0,2630.0,2630.0,2630.0,2630.0,2630.0,2630.0,2630.0,2630.0,2630.0,2630.0,2630.0,2630.0,2630.0,2630.0,2630.0,2630
QISkrTnZ-58,81476.0,81495.0,81514.0,81534.0,81568.0,81600.0,81625.0,81648.0,81674.0,81687.0,81707.0,81735.0,81755.0,81815.0,81928.0,82057.0,82121.0,82206.0,82278.0,82298.0,82323.0,82341.0,82367.0,82382.0,82404.0,82435.0,82470.0,82498.0,82535.0,82565.0,82598.0,82628.0,82680.0,82695.0,82723.0,82790.0,82865.0,82921.0,82934.0,82955.0,82972.0,82991.0,83016.0,83039.0,83065.0,83083.0,83100.0,83118.0,83131.0,83151.0,83164.0,83201.0,83236.0,83251.0,83269.0,83284.0,83301.0,83321.0,83342.0,83358.0,83373.0,83381.0,83398.0,83431.0,83464.0,83499.0,83518.0,83532.0,83541.0,83557.0,83576.0,83592.0,83608.0,83620.0,83634.0,83642.0,83655.0,83666.0,83674.0,83690.0,83697.0,83704.0,83717.0,83726.0,83734.0,83746.0,83763.0,83778.0,83789.0,83809.0,83824.0,83844.0,83857.0,83872.0,83889.0,83902.0,83920.0,83929.0,83944.0,83955.0,83961.0,83967.0,83976.0,83984.0,83993.0,84005.0,84013.0,84029.0,84040.0,84049.0,84067.0,84084.0,84115.0,84152.0,84164.0,84178.0,84193.0,84214.0,84225.0,84230.0,84244.0,84255.0,84275.0,84290.0,84308.0,84316.0,84339.0,84363.0,84382.0,84394.0,84410.0,84424.0,84431.0,84441.0,,,,,,,,,84558.0,84574.0,84588.0,84596.0,84608.0,84623.0,84642.0,84646.0,84658.0,84673.0,84702.0,84721.0,84735.0,84755.0,84778.0,84791.0,84805.0,84818.0,84828.0,84837.0,84853.0,84876.0,84892.0,84910.0,84933.0,84952.0,84972.0,84989.0,84998.0,85016.0,85036.0,85059.0,85086.0,85106.0,85129.0,85151.0,85165.0,85177.0,85189.0,85199.0,85209.0,85220.0,85238.0,85245.0,85256.0,85279.0,85296.0,85314.0,85323.0,85341.0,85351.0,85375.0,85397.0,85411.0,85419.0,85427.0,85444.0,85455.0,85464.0,85482.0,85496.0,85508.0,85527.0,85543.0,85556.0,85576.0,85605.0,85628.0,85632.0,85646.0,85672.0,85704.0,85739.0,85774.0,85800.0,85830.0,85865.0,85895.0,85920.0,85943.0,85973.0,85995.0,86021.0,86057.0,86068.0,86081.0,86109.0,86127.0,86148.0,86177.0,86195.0,86210.0,86218.0,86233.0,86256.0,86293.0,86329.0,86361.0,86382.0,86408.0,86435.0,86455.0,86490.0,86519.0,86539.0,86563.0,86585.0,86613.0,86645.0,86675.0,86695.0,86717.0,86739.0,86761.0,86796.0,86822.0,86841.0,86855.0,86885.0,86912.0,86938.0,,86985.0,87020.0,87041.0,87063.0,87087.0,87098.0,87116.0,87131.0,87158.0,87191.0,87221.0,87250.0,87276.0,87295.0,87309.0,87326.0,87345.0,87364.0,87387.0,87401.0,87414.0,87427.0,87453.0,87472.0,87492.0,87498.0,87512.0,87524.0,87538.0,87572.0,87593.0,87616.0,87647.0,87660.0,87672.0,87689.0,87698.0,87715.0,87747.0,87777.0,87793.0,87812.0,87835.0,87853.0,87880.0,87900.0,87915.0,87941.0,87961.0,87983.0,88019.0,88040.0,88073.0,88093.0,88108.0,88124.0,88144.0,88165.0,88196.0,88227.0,88260.0,88287.0,88299.0,88327.0,88357.0,88389.0,88453.0,88508.0,88541.0,88563.0,88599.0,88624.0,88646.0,88672.0,88692.0,88706.0,88730.0,88755.0,88772.0,88787.0,88816.0,88841.0,88857.0,88879.0,88913.0,88929.0,88959.0,88975.0,88996.0,89010.0,89028.0,89048.0,89062.0,89081.0,89111.0,89137.0,89156.0,89175.0,89196.0,89212.0,89238.0,89271.0,89289.0,89317.0,89339.0,89355.0,89377.0,89397.0,89427.0,89452.0,89471.0,89486.0,89518.0,89543
ONtUJhh7Sdc,8879282.0,8879605.0,8879940.0,8880278.0,8880646.0,8881004.0,8881374.0,8881726.0,8882110.0,8882492.0,8882826.0,8883142.0,8883594.0,8884057.0,8884544.0,8885031.0,8885440.0,8885818.0,8886176.0,8886576.0,8886999.0,8887468.0,8887926.0,8888368.0,8888798.0,8889179.0,8889637.0,8890158.0,8890840.0,8891418.0,8892044.0,8892509.0,8892926.0,8893410.0,8893800.0,8894312.0,8894780.0,8895164.0,8895518.0,8895907.0,8896289.0,8896721.0,8897131.0,8897489.0,8897891.0,8898254.0,8898622.0,8898968.0,8899313.0,8899655.0,8899980.0,8900356.0,8900627.0,8900929.0,8901288.0,8901603.0,8901920.0,8902232.0,8902544.0,8902877.0,8903194.0,8903478.0,8903798.0,8904107.0,8904401.0,8904694.0,8904981.0,8905284.0,8905531.0,8905882.0,8906189.0,8906503.0,8906756.0,8906983.0,8907276.0,8907512.0,8907801.0,8908135.0,8908429.0,8908700.0,8908947.0,8909172.0,8909453.0,8909735.0,8910008.0,8910264.0,8910548.0,8910860.0,8911151.0,8911404.0,8911665.0,8911969.0,8912250.0,8912529.0,8912807.0,8913081.0,8913326.0,8913591.0,8913823.0,8914077.0,8914338.0,8914643.0,8914911.0,8915160.0,8915421.0,8915637.0,8915903.0,8916169.0,8916440.0,8916702.0,8916983.0,8917246.0,8917547.0,8917874.0,8918189.0,8918431.0,8918694.0,8918998.0,8919245.0,8919511.0,8919806.0,8920109.0,8920383.0,8920623.0,8920852.0,8921113.0,8921376.0,8921625.0,8921873.0,8922077.0,8922315.0,8922569.0,8922843.0,8923074.0,,,,,,,,,8925203.0,8925448.0,8925691.0,8925945.0,8926146.0,8926363.0,8926574.0,8926794.0,8926980.0,8927168.0,8927368.0,8927577.0,8927801.0,8927997.0,8928179.0,8928375.0,8928547.0,8928749.0,8928970.0,8929180.0,8929343.0,8929540.0,8929715.0,8929900.0,8930066.0,8930236.0,8930455.0,8930665.0,8930872.0,8931056.0,8931235.0,8931440.0,8931618.0,8931828.0,8932063.0,8932260.0,8932489.0,8932725.0,8932914.0,8933186.0,8933396.0,8933686.0,8933879.0,8934104.0,8934330.0,8934565.0,8934810.0,8935067.0,8935303.0,8935551.0,8935762.0,8935928.0,8936175.0,8936412.0,8936644.0,8936842.0,8937080.0,8937273.0,8937482.0,8937696.0,8937913.0,8938069.0,8938231.0,8938404.0,8938601.0,8938792.0,8939015.0,8939251.0,8939458.0,8939664.0,8939905.0,8940130.0,8940343.0,8940542.0,8940780.0,8941019.0,8941227.0,8941480.0,8941703.0,8941919.0,8942149.0,8942393.0,8942622.0,8942846.0,8943071.0,8943266.0,8943480.0,8943707.0,8943951.0,8944153.0,8944374.0,8944547.0,8944770.0,8944969.0,8945178.0,8945420.0,8945645.0,8945863.0,8946119.0,8946368.0,8946600.0,8946852.0,8947057.0,8947305.0,8947542.0,8947798.0,8947986.0,8948196.0,8948394.0,8948621.0,8948873.0,8949116.0,8949347.0,8949577.0,8949763.0,8949992.0,8950184.0,8950477.0,8950841.0,8951140.0,8951382.0,,8951874.0,8952136.0,8952375.0,8952635.0,8952876.0,8953060.0,8953276.0,8953490.0,8953702.0,8953889.0,8954158.0,8954383.0,8954607.0,8954815.0,8955057.0,8955257.0,8955481.0,8955721.0,8955957.0,8956149.0,8956365.0,8956543.0,8956747.0,8956959.0,8957166.0,8957359.0,8957572.0,8957769.0,8957952.0,8958146.0,8958404.0,8958607.0,8958810.0,8958993.0,8959205.0,8959394.0,8959563.0,8959800.0,8960055.0,8960331.0,8960560.0,8960799.0,8961037.0,8961255.0,8961480.0,8961669.0,8961874.0,8962100.0,8962287.0,8962504.0,8962688.0,8962870.0,8963064.0,8963253.0,8963449.0,8963638.0,8963840.0,8964060.0,8964258.0,8964467.0,8964665.0,8964861.0,8965028.0,8965227.0,8965403.0,8965593.0,8965760.0,8965956.0,8966121.0,8966280.0,8966499.0,8966715.0,8966896.0,8967086.0,8967327.0,8967551.0,8967816.0,8968048.0,8968253.0,8968465.0,8968689.0,8968899.0,8969083.0,8969258.0,8969424.0,8969616.0,8969839.0,8970058.0,8970284.0,8970502.0,8970714.0,8970913.0,8971138.0,8971343.0,8971554.0,8971784.0,8971944.0,8972169.0,8972401.0,8972649.0,8972830.0,8973040.0,8973256.0,8973481.0,8973672.0,8973825.0,8974069.0,8974268.0,8974486.0,8974675.0,8974873.0,8975083.0,8975255.0,8975449
5TLjPLHtOZw,445930.0,445948.0,445958.0,445972.0,445984.0,445996.0,446018.0,446032.0,446053.0,446065.0,446087.0,446109.0,446133.0,446147.0,446168.0,446195.0,446215.0,446233.0,446251.0,446262.0,446271.0,446285.0,446288.0,446299.0,446306.0,446312.0,446320.0,446331.0,446357.0,446380.0,446389.0,446398.0,446412.0,446424.0,446435.0,446456.0,446478.0,446503.0,446528.0,446542.0,446577.0,446599.0,446622.0,446640.0,446657.0,446674.0,446692.0,446712.0,446742.0,446757.0,446778.0,446798.0,446805.0,446820.0,446831.0,446839.0,446850.0,446866.0,446892.0,446906.0,446913.0,446928.0,446942.0,446950.0,446974.0,446985.0,446999.0,447012.0,447023.0,447030.0,447043.0,447054.0,447064.0,447081.0,447095.0,447100.0,447109.0,447114.0,447129.0,447148.0,447169.0,447183.0,447197.0,447215.0,447228.0,447241.0,447248.0,447257.0,447265.0,447279.0,447300.0,447310.0,447327.0,447331.0,447347.0,447357.0,447367.0,447376.0,447391.0,447400.0,447409.0,447414.0,447424.0,447433.0,447444.0,447450.0,447465.0,447476.0,447484.0,447490.0,447499.0,447515.0,447526.0,447538.0,447549.0,447559.0,447573.0,447584.0,447593.0,447606.0,447612.0,447625.0,447635.0,447642.0,447651.0,447667.0,447675.0,447685.0,447692.0,447707.0,447716.0,447729.0,447739.0,447745.0,,,,,,,,,447855.0,447872.0,447891.0,447900.0,447914.0,447926.0,447940.0,447963.0,447991.0,448021.0,448040.0,448055.0,448066.0,448094.0,448118.0,448138.0,448147.0,448162.0,448175.0,448191.0,448203.0,448210.0,448218.0,448230.0,448237.0,448247.0,448250.0,448259.0,448274.0,448281.0,448286.0,448295.0,448306.0,448312.0,448325.0,448336.0,448352.0,448361.0,448372.0,448385.0,448392.0,448406.0,448418.0,448428.0,448437.0,448459.0,448478.0,448491.0,448503.0,448519.0,448535.0,448546.0,448564.0,448576.0,448586.0,448598.0,448611.0,448626.0,448629.0,448638.0,448649.0,448659.0,448663.0,448675.0,448684.0,448695.0,448712.0,448723.0,448739.0,448754.0,448769.0,448788.0,448799.0,448812.0,448824.0,448839.0,448850.0,448868.0,448878.0,448890.0,448905.0,448912.0,448923.0,448935.0,448949.0,448971.0,448985.0,448998.0,449007.0,449021.0,449037.0,449051.0,449061.0,449069.0,449079.0,449096.0,449109.0,449124.0,449140.0,449150.0,449159.0,449182.0,449193.0,449209.0,449224.0,449230.0,449243.0,449261.0,449277.0,449291.0,449302.0,449322.0,449336.0,449350.0,449366.0,449369.0,449384.0,449404.0,449420.0,449438.0,449453.0,,449477.0,449492.0,449505.0,449514.0,449528.0,449539.0,449552.0,449559.0,449571.0,449586.0,449600.0,449615.0,449619.0,449632.0,449642.0,449651.0,449661.0,449682.0,449697.0,449706.0,449722.0,449731.0,449740.0,449756.0,449766.0,449776.0,449787.0,449797.0,449813.0,449824.0,449835.0,449853.0,449861.0,449873.0,449884.0,449897.0,449911.0,449926.0,449947.0,449963.0,449977.0,449996.0,450013.0,450036.0,450049.0,450070.0,450087.0,450101.0,450123.0,450154.0,450169.0,450183.0,450204.0,450215.0,450227.0,450236.0,450248.0,450259.0,450279.0,450291.0,450305.0,450333.0,450344.0,450360.0,450382.0,450402.0,450439.0,450461.0,450492.0,450503.0,450524.0,450543.0,450550.0,450574.0,450592.0,450607.0,450627.0,450640.0,450669.0,450690.0,450715.0,450732.0,450744.0,450756.0,450782.0,450804.0,450832.0,450847.0,450868.0,450888.0,450898.0,450917.0,450948.0,450974.0,451002.0,451022.0,451028.0,451046.0,451066.0,451081.0,451101.0,451117.0,451133.0,451148.0,451172.0,451192.0,451217.0,451236.0,451255.0,451275.0,451293.0,451313.0,451335.0,451359
Dc9CkC6n0Z8,22865709.0,22869425.0,22873739.0,22878425.0,22883225.0,22887984.0,22892567.0,22897264.0,22901960.0,22907074.0,22912111.0,22916883.0,22922994.0,22929144.0,22935173.0,22941295.0,22947349.0,22952615.0,22957722.0,22963067.0,22968493.0,22974040.0,22979688.0,22985284.0,22990584.0,22995655.0,23001328.0,23007405.0,23015493.0,23022498.0,23028579.0,23033791.0,23038449.0,23043364.0,23048232.0,23053278.0,23058607.0,23063297.0,23067701.0,23072352.0,23077589.0,23082369.0,23086691.0,23090869.0,23095330.0,23099312.0,23102933.0,23106771.0,23110511.0,23114550.0,23118696.0,23123425.0,23127626.0,23131763.0,23136250.0,23140531.0,23144857.0,23149256.0,23153620.0,23157755.0,23161847.0,23166083.0,23170384.0,23174188.0,23178012.0,23182006.0,23185830.0,23189476.0,23192829.0,23196821.0,23200339.0,23203848.0,23207587.0,23211351.0,23214809.0,23218249.0,23221691.0,23225336.0,23228959.0,23232597.0,23236237.0,23239821.0,23243348.0,23247199.0,23250896.0,23254624.0,23258053.0,23261506.0,23265181.0,23268669.0,23271896.0,23275067.0,23278308.0,23281865.0,23285647.0,23289055.0,23292377.0,23295803.0,23299190.0,23302621.0,23306120.0,23309728.0,23312996.0,23316114.0,23319391.0,23322623.0,23325854.0,23329117.0,23332330.0,23335237.0,23338138.0,23341305.0,23344433.0,23347429.0,23350548.0,23353801.0,23356654.0,23359482.0,23362422.0,23365498.0,23368706.0,23371893.0,23375197.0,23378189.0,23381103.0,23383892.0,23386851.0,23389960.0,23393285.0,23396691.0,23399598.0,23402628.0,23405554.0,23408428.0,,,,,,,,,23436777.0,23439988.0,23443176.0,23446174.0,23449059.0,23451798.0,23454518.0,23457313.0,23460374.0,23463125.0,23465865.0,23468570.0,23471218.0,23474019.0,23477067.0,23480069.0,23482875.0,23485724.0,23488610.0,23491512.0,23494573.0,23497888.0,23501142.0,23504274.0,23507577.0,23510705.0,23513981.0,23517341.0,23520690.0,23524165.0,23527420.0,23530695.0,23534016.0,23537476.0,23540876.0,23544430.0,23547753.0,23551011.0,23554412.0,23557672.0,23560952.0,23564215.0,23567586.0,23570956.0,23574162.0,23577473.0,23580694.0,23583952.0,23587229.0,23590704.0,23594054.0,23597118.0,23600227.0,23603548.0,23606823.0,23610232.0,23613517.0,23616838.0,23619973.0,23623200.0,23626335.0,23629282.0,23631820.0,23634798.0,23637912.0,23641064.0,23644414.0,23647840.0,23650789.0,23653440.0,23656302.0,23659172.0,23662077.0,23664915.0,23667754.0,23670572.0,23673521.0,23676627.0,23679684.0,23682681.0,23685629.0,23688427.0,23691520.0,23694513.0,23697649.0,23700598.0,23703211.0,23705836.0,23708528.0,23711332.0,23714053.0,23717020.0,23719835.0,23722433.0,23725001.0,23727732.0,23730748.0,23733560.0,23736327.0,23739156.0,23741825.0,23744453.0,23747031.0,23749609.0,23752147.0,23754874.0,23757604.0,23760116.0,23762607.0,23765220.0,23767924.0,23770430.0,23773155.0,23775815.0,23778240.0,23780631.0,23782938.0,23785211.0,23787642.0,23790211.0,23792757.0,,23797541.0,23799991.0,23802430.0,23804723.0,23807344.0,23809820.0,23812040.0,23814261.0,23816613.0,23818886.0,23821296.0,23823670.0,23825968.0,23828124.0,23830172.0,23832286.0,23834522.0,23836874.0,23839353.0,23841907.0,23844357.0,23846681.0,23849040.0,23851455.0,23853891.0,23856297.0,23858873.0,23861223.0,23863380.0,23865612.0,23867981.0,23870314.0,23872834.0,23875133.0,23877373.0,23879589.0,23881925.0,23884405.0,23887235.0,23889959.0,23892361.0,23894740.0,23897031.0,23899327.0,23901643.0,23904009.0,23906431.0,23908755.0,23911068.0,23913360.0,23915638.0,23917987.0,23920297.0,23922668.0,23924910.0,23927105.0,23929416.0,23931639.0,23933705.0,23935907.0,23938120.0,23940353.0,23942503.0,23944570.0,23946697.0,23948923.0,23951314.0,23953734.0,23955997.0,23958045.0,23960084.0,23962109.0,23964154.0,23966289.0,23968622.0,23971017.0,23973306.0,23975552.0,23977844.0,23980031.0,23982196.0,23984409.0,23986720.0,23988804.0,23990922.0,23993058.0,23995334.0,23997607.0,24000043.0,24002299.0,24004613.0,24006855.0,24009128.0,24011222.0,24013265.0,24015516.0,24017869.0,24020038.0,24022368.0,24024694.0,24026919.0,24029390.0,24031692.0,24033989.0,24036190.0,24038315.0,24040463.0,24042562.0,24044728.0,24046938.0,24049114.0,24051204.0,24053268.0,24055407
g3slb6qCGCI,83161.0,83182.0,83200.0,83222.0,83246.0,83263.0,83283.0,83307.0,83338.0,83367.0,83395.0,83423.0,83453.0,83486.0,83504.0,83547.0,83577.0,83605.0,83626.0,83654.0,83688.0,83709.0,83739.0,83774.0,83798.0,83832.0,83858.0,83896.0,83933.0,83971.0,84006.0,84034.0,84072.0,84095.0,84115.0,84135.0,84156.0,84183.0,84204.0,84228.0,84253.0,84273.0,84299.0,84331.0,84365.0,84386.0,84404.0,84436.0,84452.0,84474.0,84503.0,84524.0,84541.0,84562.0,84584.0,84603.0,84627.0,84646.0,84660.0,84676.0,84698.0,84718.0,84737.0,84757.0,84777.0,84794.0,84814.0,84833.0,84846.0,84873.0,84888.0,84905.0,84919.0,84939.0,84957.0,84978.0,85002.0,85020.0,85038.0,85058.0,85073.0,85090.0,85105.0,85127.0,85136.0,85153.0,85177.0,85191.0,85212.0,85229.0,85247.0,85264.0,85292.0,85305.0,85315.0,85335.0,85351.0,85365.0,85382.0,85395.0,85409.0,85428.0,85443.0,85452.0,85473.0,85487.0,85496.0,85514.0,85531.0,85548.0,85561.0,85572.0,85592.0,85610.0,85627.0,85636.0,85655.0,85673.0,85689.0,85707.0,85724.0,85736.0,85743.0,85759.0,85789.0,85805.0,85819.0,85842.0,85854.0,85868.0,85890.0,85906.0,85927.0,85943.0,,,,,,,,,86042.0,86051.0,86059.0,86066.0,86079.0,86089.0,86104.0,86114.0,86127.0,86144.0,86152.0,86171.0,86182.0,86192.0,86216.0,86234.0,86241.0,86255.0,86270.0,86286.0,86298.0,86316.0,86338.0,86356.0,86373.0,86385.0,86401.0,86410.0,86421.0,86440.0,86453.0,86473.0,86482.0,86506.0,86521.0,86543.0,86557.0,86576.0,86597.0,86607.0,86623.0,86637.0,86659.0,86674.0,86699.0,86718.0,86735.0,86753.0,86775.0,86795.0,86811.0,86829.0,86841.0,86856.0,86878.0,86890.0,86911.0,86935.0,86964.0,86985.0,86998.0,87013.0,87026.0,87042.0,87061.0,87077.0,87101.0,87114.0,87137.0,87150.0,87176.0,87186.0,87199.0,87219.0,87241.0,87261.0,87275.0,87292.0,87302.0,87326.0,87346.0,87359.0,87373.0,87388.0,87409.0,87420.0,87432.0,87449.0,87472.0,87492.0,87506.0,87518.0,87531.0,87554.0,87571.0,87583.0,87604.0,87628.0,87646.0,87666.0,87685.0,87700.0,87718.0,87742.0,87762.0,87773.0,87790.0,87809.0,87829.0,87844.0,87861.0,87876.0,87900.0,87938.0,87959.0,87980.0,88001.0,88022.0,88039.0,88062.0,88079.0,,88111.0,88124.0,88152.0,88181.0,88204.0,88226.0,88242.0,88266.0,88286.0,88303.0,88318.0,88342.0,88348.0,88373.0,88400.0,88424.0,88442.0,88457.0,88474.0,88492.0,88504.0,88518.0,88536.0,88552.0,88569.0,88590.0,88611.0,88629.0,88647.0,88664.0,88684.0,88701.0,88726.0,88745.0,88767.0,88787.0,88802.0,88827.0,88843.0,88856.0,88878.0,88896.0,88908.0,88921.0,88934.0,88950.0,88964.0,88976.0,88987.0,89002.0,89006.0,89019.0,89033.0,89043.0,89055.0,89068.0,89084.0,89106.0,89115.0,89130.0,89138.0,89149.0,89160.0,89174.0,89192.0,89203.0,89213.0,89238.0,89252.0,89277.0,89291.0,89301.0,89318.0,89337.0,89351.0,89367.0,89388.0,89408.0,89431.0,89443.0,89457.0,89476.0,89493.0,89506.0,89523.0,89549.0,89569.0,89585.0,89602.0,89622.0,89636.0,89663.0,89689.0,89713.0,89735.0,89748.0,89764.0,89781.0,89804.0,89815.0,89836.0,89861.0,89879.0,89895.0,89911.0,89932.0,89954.0,89979.0,90004.0,90017.0,90043.0,90053.0,90069.0,90089
XWQNMoC6Zg8,18261.0,18288.0,18316.0,18331.0,18351.0,18372.0,18401.0,18449.0,18480.0,18512.0,18544.0,18577.0,18602.0,18644.0,18661.0,18690.0,18716.0,18745.0,18798.0,18840.0,18876.0,18923.0,18960.0,18990.0,19024.0,19048.0,19072.0,19115.0,19147.0,19174.0,19186.0,19211.0,19234.0,19265.0,19296.0,19330.0,19357.0,19375.0,19400.0,19415.0,19442.0,19470.0,19498.0,19606.0,19648.0,19682.0,19705.0,19723.0,19740.0,19770.0,19809.0,19825.0,20037.0,20244.0,20268.0,20302.0,20324.0,20358.0,20382.0,20413.0,20435.0,20455.0,20472.0,20501.0,20539.0,20566.0,20588.0,20622.0,20643.0,20676.0,20702.0,20734.0,20771.0,20799.0,20822.0,20848.0,20882.0,20905.0,20930.0,20953.0,20975.0,20990.0,21015.0,21024.0,21040.0,21065.0,21079.0,21097.0,21114.0,21141.0,21161.0,21182.0,21203.0,21232.0,21252.0,21274.0,21301.0,21310.0,21330.0,21353.0,21381.0,21409.0,21434.0,21452.0,21470.0,21496.0,21514.0,21530.0,21553.0,21585.0,21603.0,21624.0,21633.0,21643.0,21652.0,21664.0,21677.0,21686.0,21708.0,21962.0,22181.0,22251.0,22288.0,22316.0,22359.0,22390.0,22414.0,22434.0,22461.0,22478.0,22495.0,22515.0,22529.0,22538.0,,,,,,,,,22659.0,22665.0,22670.0,22700.0,22717.0,22747.0,22766.0,22787.0,22820.0,22838.0,22859.0,22879.0,22897.0,22914.0,22924.0,22936.0,22948.0,22968.0,22993.0,23015.0,23034.0,23056.0,23071.0,23080.0,23101.0,23127.0,23138.0,23158.0,23177.0,23188.0,23203.0,23211.0,23225.0,23236.0,23258.0,23275.0,23286.0,23306.0,23334.0,23345.0,23357.0,23373.0,23382.0,23393.0,23403.0,23416.0,23435.0,23447.0,23465.0,23486.0,23500.0,23510.0,23522.0,23530.0,23543.0,23550.0,23561.0,23572.0,23581.0,23592.0,23594.0,23607.0,23618.0,23625.0,23631.0,23653.0,23669.0,23679.0,23685.0,23695.0,23710.0,23719.0,23726.0,23732.0,23742.0,23748.0,23756.0,23764.0,23773.0,23787.0,23797.0,23810.0,23826.0,23842.0,23860.0,23873.0,23889.0,23900.0,23919.0,23932.0,23944.0,23963.0,23972.0,23978.0,23988.0,23997.0,24011.0,24021.0,24036.0,24053.0,24060.0,24071.0,24087.0,24101.0,24109.0,24125.0,24138.0,24142.0,24155.0,24164.0,24175.0,24193.0,24209.0,24222.0,24239.0,24249.0,24260.0,24271.0,24281.0,24289.0,24295.0,,24323.0,24337.0,24347.0,24365.0,24382.0,24395.0,24410.0,24428.0,24445.0,24458.0,24474.0,24487.0,24493.0,24504.0,24522.0,24528.0,24537.0,24546.0,24555.0,24568.0,24581.0,24594.0,24607.0,24622.0,24636.0,24657.0,24672.0,24679.0,24701.0,24723.0,24751.0,24763.0,24783.0,24799.0,24812.0,24818.0,24832.0,24842.0,24854.0,24874.0,24885.0,24898.0,24906.0,24917.0,24924.0,24950.0,24958.0,24967.0,24977.0,24985.0,25003.0,25011.0,25017.0,25033.0,25044.0,25054.0,25067.0,25085.0,25099.0,25112.0,25119.0,25140.0,25149.0,25159.0,25169.0,25182.0,25196.0,25215.0,25220.0,25233.0,25243.0,25248.0,25256.0,25275.0,25281.0,25291.0,25306.0,25312.0,25318.0,25326.0,25337.0,25347.0,25358.0,25375.0,25387.0,25397.0,25402.0,25413.0,25422.0,25430.0,25437.0,25453.0,25466.0,25482.0,25489.0,25500.0,25508.0,25522.0,25533.0,25543.0,25553.0,25565.0,25574.0,25586.0,25603.0,25612.0,25623.0,25635.0,25644.0,25655.0,25666.0,25682.0,25688.0,25699
NRBfnnCRWjw,24892.0,25046.0,25208.0,25311.0,25427.0,25560.0,25693.0,25799.0,25900.0,26011.0,26127.0,26215.0,26296.0,26379.0,26472.0,26533.0,26660.0,26713.0,26793.0,26867.0,26933.0,27015.0,27086.0,27143.0,27208.0,27276.0,27364.0,27452.0,27515.0,27590.0,27663.0,27728.0,27793.0,27852.0,27941.0,28026.0,28102.0,28136.0,28199.0,28269.0,28341.0,28417.0,28476.0,28560.0,28624.0,28679.0,28730.0,28800.0,28867.0,28942.0,29024.0,29089.0,29161.0,29234.0,29334.0,29432.0,29526.0,29631.0,29772.0,29909.0,30058.0,30191.0,30327.0,30497.0,30635.0,30771.0,30873.0,31029.0,31100.0,31263.0,31381.0,31574.0,31738.0,31871.0,32070.0,32279.0,32448.0,32652.0,32802.0,32975.0,33100.0,33274.0,33454.0,33624.0,33804.0,34035.0,34199.0,34349.0,34544.0,34765.0,34958.0,35147.0,35391.0,35544.0,35725.0,35871.0,36070.0,36313.0,36599.0,36873.0,37081.0,37226.0,37467.0,37737.0,37961.0,38180.0,38338.0,38491.0,38667.0,38850.0,39031.0,39210.0,39383.0,39600.0,39796.0,39985.0,40213.0,40415.0,40615.0,40836.0,40993.0,41154.0,41267.0,41374.0,41518.0,41650.0,41800.0,41940.0,42081.0,42203.0,42353.0,42506.0,42655.0,42762.0,,,,,,,,,44115.0,44230.0,44323.0,44469.0,44608.0,44760.0,44919.0,45008.0,45101.0,45218.0,45366.0,45502.0,45636.0,45760.0,45863.0,45942.0,46075.0,46270.0,46412.0,46572.0,46703.0,46819.0,46917.0,47082.0,47203.0,47327.0,47492.0,47629.0,47741.0,47844.0,47987.0,48193.0,48346.0,48502.0,48647.0,48787.0,48890.0,49017.0,49197.0,49358.0,49506.0,49676.0,49777.0,49876.0,50017.0,50172.0,50311.0,50475.0,50675.0,50846.0,51009.0,51154.0,51298.0,51457.0,51601.0,51773.0,51907.0,52060.0,52205.0,52357.0,52497.0,52592.0,52669.0,52773.0,52855.0,52990.0,53146.0,53276.0,53397.0,53535.0,53644.0,53779.0,53938.0,54138.0,54309.0,54471.0,54635.0,54774.0,54882.0,55043.0,55191.0,55299.0,55496.0,55687.0,55841.0,55979.0,56121.0,56275.0,56430.0,56553.0,56700.0,56855.0,57032.0,57224.0,57431.0,57617.0,57838.0,58063.0,58250.0,58388.0,58595.0,58866.0,59111.0,59356.0,59566.0,59805.0,59962.0,60152.0,60369.0,60554.0,60736.0,61020.0,61262.0,61489.0,61660.0,61825.0,61983.0,62241.0,62511.0,62714.0,62849.0,,63240.0,63465.0,63681.0,63899.0,64054.0,64176.0,64336.0,64548.0,64753.0,64915.0,65103.0,65245.0,65423.0,65602.0,65783.0,65924.0,66088.0,66272.0,66447.0,66569.0,66723.0,66890.0,67061.0,67209.0,67348.0,67535.0,67655.0,67822.0,67998.0,68162.0,68312.0,68574.0,68689.0,68805.0,68976.0,69099.0,69228.0,69371.0,69547.0,69691.0,69867.0,69978.0,70189.0,70406.0,70586.0,70787.0,70978.0,71138.0,71355.0,71586.0,71818.0,72070.0,72259.0,72493.0,72641.0,72846.0,73097.0,73313.0,73522.0,73769.0,74038.0,74220.0,74476.0,74807.0,75240.0,75559.0,75987.0,76280.0,76504.0,76814.0,77076.0,77395.0,77725.0,78127.0,78440.0,78689.0,79070.0,79619.0,80103.0,80544.0,81057.0,81448.0,81772.0,82087.0,82372.0,82665.0,82895.0,83200.0,83440.0,83631.0,83831.0,84135.0,84472.0,84813.0,85171.0,85426.0,85676.0,85953.0,86217.0,86437.0,86680.0,86937.0,87218.0,87433.0,87774.0,88114.0,88531.0,88879.0,89235.0,89543.0,89819.0,90081.0,90374.0,90629
aztm8sGadzo,5127.0,5176.0,5213.0,5264.0,5305.0,5357.0,5409.0,5464.0,5500.0,5526.0,5564.0,5605.0,5642.0,5686.0,5743.0,5781.0,5820.0,5853.0,5883.0,5920.0,5967.0,6021.0,6063.0,6094.0,6117.0,6145.0,6178.0,6213.0,6240.0,6278.0,6316.0,6350.0,6376.0,6404.0,6446.0,6473.0,6529.0,6569.0,6603.0,6634.0,6658.0,6686.0,6730.0,6772.0,6808.0,6833.0,6865.0,6903.0,6949.0,6977.0,7010.0,7042.0,7079.0,7105.0,7143.0,7197.0,7238.0,7272.0,7316.0,7402.0,7466.0,7542.0,7615.0,7670.0,7703.0,7755.0,7787.0,7852.0,7891.0,7948.0,7999.0,8073.0,8149.0,8205.0,8299.0,8351.0,8418.0,8468.0,8519.0,8563.0,8602.0,8650.0,8705.0,8759.0,8794.0,8846.0,8877.0,8904.0,8932.0,8968.0,9012.0,9056.0,9091.0,9129.0,9160.0,9204.0,9252.0,9306.0,9383.0,9436.0,9490.0,9524.0,9569.0,9631.0,9691.0,9734.0,9782.0,9829.0,9868.0,9903.0,9942.0,9969.0,10005.0,10046.0,10070.0,10093.0,10136.0,10169.0,10198.0,10226.0,10254.0,10268.0,10293.0,10324.0,10356.0,10388.0,10408.0,10442.0,10469.0,10492.0,10516.0,10541.0,10565.0,10588.0,,,,,,,,,10828.0,10852.0,10865.0,10888.0,10909.0,10938.0,10957.0,10977.0,11001.0,11016.0,11037.0,11055.0,11076.0,11104.0,11124.0,11134.0,11152.0,11180.0,11227.0,11267.0,11308.0,11329.0,11357.0,11389.0,11423.0,11449.0,11474.0,11497.0,11525.0,11542.0,11559.0,11576.0,11604.0,11628.0,11644.0,11664.0,11695.0,11715.0,11731.0,11749.0,11770.0,11786.0,11805.0,11830.0,11855.0,11914.0,11947.0,11988.0,12025.0,12087.0,12119.0,12178.0,12207.0,12230.0,12254.0,12280.0,12307.0,12326.0,12355.0,12373.0,12396.0,12408.0,12431.0,12451.0,12463.0,12482.0,12499.0,12522.0,12539.0,12564.0,12576.0,12589.0,12616.0,12638.0,12667.0,12680.0,12694.0,12711.0,12735.0,12757.0,12788.0,12803.0,12822.0,12846.0,12864.0,12880.0,12894.0,12920.0,12944.0,12967.0,12988.0,13016.0,13039.0,13061.0,13102.0,13120.0,13144.0,13170.0,13199.0,13215.0,13230.0,13268.0,13288.0,13318.0,13346.0,13370.0,13402.0,13424.0,13446.0,13471.0,13496.0,13521.0,13552.0,13576.0,13596.0,13620.0,13645.0,13659.0,13681.0,13703.0,13729.0,,13783.0,13823.0,13845.0,13864.0,13877.0,13899.0,13921.0,13954.0,13974.0,13989.0,14017.0,14035.0,14051.0,14075.0,14108.0,14140.0,14179.0,14219.0,14246.0,14269.0,14303.0,14338.0,14385.0,14417.0,14459.0,14499.0,14542.0,14584.0,14613.0,14651.0,14685.0,14716.0,14749.0,14771.0,14802.0,14831.0,14859.0,14889.0,14920.0,14952.0,14977.0,14994.0,15025.0,15052.0,15073.0,15099.0,15121.0,15143.0,15164.0,15194.0,15226.0,15246.0,15280.0,15307.0,15333.0,15359.0,15381.0,15419.0,15446.0,15466.0,15495.0,15532.0,15562.0,15585.0,15613.0,15644.0,15668.0,15708.0,15733.0,15780.0,15807.0,15851.0,15870.0,15896.0,15919.0,15951.0,15978.0,16011.0,16053.0,16087.0,16124.0,16164.0,16195.0,16216.0,16253.0,16275.0,16296.0,16331.0,16352.0,16378.0,16394.0,16422.0,16451.0,16474.0,16508.0,16543.0,16574.0,16612.0,16665.0,16703.0,16749.0,16792.0,16829.0,16856.0,16881.0,16931.0,16960.0,16997.0,17043.0,17090.0,17127.0,17164.0,17205.0,17242
NEC7dOxsRI0,91659.0,91823.0,92025.0,92257.0,92433.0,92618.0,92798.0,93025.0,93254.0,93462.0,93766.0,94037.0,94278.0,94487.0,94739.0,94934.0,95167.0,95376.0,95547.0,95715.0,95925.0,96085.0,96285.0,96465.0,96642.0,96797.0,96980.0,97161.0,97346.0,97512.0,97662.0,97813.0,97950.0,98079.0,98219.0,98391.0,98572.0,98756.0,98935.0,99119.0,99303.0,99492.0,99692.0,99893.0,100072.0,100253.0,100439.0,100576.0,100730.0,100896.0,101058.0,101223.0,101358.0,101520.0,101729.0,101886.0,102090.0,102278.0,102455.0,102873.0,103181.0,103434.0,103684.0,103961.0,104203.0,104466.0,104668.0,104865.0,105062.0,105279.0,105500.0,105773.0,106102.0,106349.0,106579.0,106765.0,107063.0,107286.0,107524.0,107745.0,107922.0,108142.0,108335.0,108537.0,108764.0,108982.0,109191.0,109376.0,109589.0,109784.0,109932.0,110129.0,110295.0,110483.0,110621.0,110782.0,110941.0,111171.0,111367.0,111560.0,111732.0,111910.0,112069.0,112260.0,112487.0,112630.0,112802.0,112957.0,113087.0,113285.0,113450.0,113628.0,113780.0,113982.0,114136.0,114317.0,114465.0,114634.0,114816.0,114959.0,115104.0,115252.0,115397.0,115554.0,115691.0,115829.0,115957.0,116107.0,116303.0,116439.0,116582.0,116765.0,116956.0,117135.0,,,,,,,,,118481.0,118620.0,118778.0,118935.0,119087.0,119227.0,119370.0,119502.0,119645.0,119808.0,119928.0,120087.0,120166.0,120273.0,120408.0,120529.0,120647.0,120764.0,120899.0,120993.0,121068.0,121174.0,121279.0,121388.0,121484.0,121589.0,121678.0,121770.0,121855.0,121940.0,122040.0,122143.0,122238.0,122340.0,122464.0,122558.0,122656.0,122793.0,122916.0,123037.0,123123.0,123241.0,123330.0,123451.0,123557.0,123680.0,123823.0,123943.0,124040.0,124130.0,124219.0,124319.0,124449.0,124546.0,124632.0,124758.0,124860.0,124935.0,125003.0,125081.0,125155.0,125223.0,125337.0,125407.0,125484.0,125588.0,125671.0,125769.0,125839.0,125943.0,126006.0,126095.0,126208.0,126292.0,126402.0,126490.0,126594.0,126697.0,126820.0,126905.0,127003.0,127109.0,127215.0,127315.0,127417.0,127523.0,127643.0,127746.0,127868.0,128007.0,128139.0,128279.0,128420.0,128548.0,128683.0,128785.0,128898.0,129029.0,129148.0,129263.0,129391.0,129514.0,129643.0,129740.0,129875.0,129995.0,130137.0,130269.0,130384.0,130550.0,130675.0,130804.0,130913.0,131068.0,131195.0,131269.0,131395.0,131499.0,131621.0,131746.0,131847.0,,132109.0,132234.0,132373.0,132499.0,132606.0,132725.0,132822.0,132950.0,133067.0,133188.0,133320.0,133421.0,133537.0,133651.0,133757.0,133912.0,134042.0,134188.0,134299.0,134453.0,134585.0,134737.0,134860.0,135003.0,135150.0,135310.0,135447.0,135607.0,135752.0,135875.0,136036.0,136208.0,136320.0,136443.0,136588.0,136731.0,136861.0,136990.0,137125.0,137259.0,137374.0,137507.0,137632.0,137770.0,137871.0,137982.0,138092.0,138169.0,138264.0,138386.0,138493.0,138595.0,138695.0,138801.0,138877.0,138980.0,139077.0,139186.0,139288.0,139403.0,139549.0,139640.0,139759.0,139901.0,140031.0,140222.0,140334.0,140463.0,140554.0,140646.0,140768.0,140911.0,141036.0,141175.0,141284.0,141402.0,141539.0,141650.0,141783.0,141912.0,142011.0,142143.0,142247.0,142354.0,142477.0,142608.0,142727.0,142848.0,142947.0,143036.0,143147.0,143261.0,143407.0,143521.0,143628.0,143726.0,143843.0,143978.0,144096.0,144227.0,144351.0,144460.0,144568.0,144694.0,144819.0,144926.0,145075.0,145237.0,145375.0,145501.0,145615.0,145712.0,145821.0,145979
003ETz0Q470,6724.0,6772.0,6867.0,6913.0,6966.0,7017.0,7089.0,7188.0,7294.0,7359.0,7409.0,7456.0,7522.0,7564.0,7621.0,7676.0,7724.0,7750.0,7789.0,7833.0,7881.0,7918.0,7975.0,8006.0,8028.0,8073.0,8114.0,8148.0,8186.0,8234.0,8272.0,8312.0,8340.0,8374.0,8407.0,8432.0,8463.0,8489.0,8515.0,8536.0,8563.0,8589.0,8628.0,8677.0,8700.0,8727.0,8761.0,8803.0,8839.0,8876.0,8905.0,8940.0,8964.0,8993.0,9031.0,9105.0,9173.0,9237.0,9296.0,9347.0,9425.0,9487.0,9563.0,9623.0,9681.0,9728.0,9788.0,9853.0,9936.0,10023.0,10087.0,10186.0,10266.0,10366.0,10464.0,10566.0,10662.0,10781.0,10856.0,10925.0,10966.0,11016.0,11085.0,11158.0,11224.0,11305.0,11373.0,11410.0,11466.0,11526.0,11577.0,11659.0,11736.0,11792.0,11824.0,11893.0,11944.0,12006.0,12074.0,12130.0,12183.0,12234.0,12312.0,12377.0,12437.0,12493.0,12545.0,12587.0,12637.0,12697.0,12740.0,12779.0,12839.0,12890.0,12927.0,12960.0,13010.0,13054.0,13096.0,13142.0,13182.0,13223.0,13253.0,13287.0,13327.0,13371.0,13394.0,13439.0,13475.0,13507.0,13530.0,13563.0,13598.0,13632.0,,,,,,,,,14023.0,14051.0,14077.0,14113.0,14146.0,14192.0,14234.0,14265.0,14302.0,14337.0,14391.0,14432.0,14478.0,14518.0,14549.0,14577.0,14610.0,14656.0,14687.0,14728.0,14768.0,14797.0,14829.0,14856.0,14884.0,14914.0,14965.0,15012.0,15042.0,15090.0,15137.0,15175.0,15222.0,15275.0,15313.0,15338.0,15361.0,15396.0,15432.0,15468.0,15487.0,15523.0,15549.0,15576.0,15621.0,15661.0,15723.0,15776.0,15827.0,15905.0,15960.0,16008.0,16050.0,16081.0,16121.0,16169.0,16209.0,16259.0,16296.0,16336.0,16391.0,16419.0,16454.0,16474.0,16524.0,16562.0,16607.0,16655.0,16692.0,16737.0,16765.0,16802.0,16854.0,16900.0,16945.0,16986.0,17040.0,17071.0,17111.0,17147.0,17192.0,17236.0,17279.0,17323.0,17370.0,17408.0,17460.0,17493.0,17531.0,17560.0,17609.0,17641.0,17675.0,17724.0,17782.0,17843.0,17885.0,17935.0,17963.0,17986.0,18022.0,18067.0,18117.0,18154.0,18198.0,18239.0,18270.0,18319.0,18359.0,18411.0,18455.0,18489.0,18539.0,18578.0,18606.0,18639.0,18672.0,18713.0,18766.0,18834.0,18867.0,,18926.0,18962.0,18998.0,19026.0,19055.0,19079.0,19110.0,19141.0,19181.0,19207.0,19242.0,19268.0,19289.0,19327.0,19372.0,19426.0,19468.0,19520.0,19556.0,19586.0,19637.0,19681.0,19720.0,19790.0,19829.0,19877.0,19904.0,19943.0,19972.0,20003.0,20034.0,20059.0,20082.0,20108.0,20149.0,20178.0,20205.0,20236.0,20265.0,20281.0,20303.0,20314.0,20338.0,20368.0,20397.0,20429.0,20468.0,20497.0,20528.0,20565.0,20606.0,20643.0,20701.0,20731.0,20756.0,20774.0,20809.0,20851.0,20881.0,20909.0,20944.0,20974.0,21017.0,21060.0,21096.0,21151.0,21209.0,21257.0,21294.0,21347.0,21377.0,21410.0,21455.0,21502.0,21543.0,21572.0,21617.0,21665.0,21699.0,21745.0,21795.0,21837.0,21857.0,21894.0,21922.0,21968.0,22004.0,22048.0,22088.0,22112.0,22137.0,22166.0,22210.0,22253.0,22311.0,22343.0,22381.0,22436.0,22480.0,22523.0,22571.0,22622.0,22689.0,22743.0,22798.0,22840.0,22892.0,22971.0,23005.0,23077.0,23120.0,23158.0,23218.0,23261
IKRg1l4prgI,24821.0,24837.0,24858.0,24875.0,24891.0,24912.0,24922.0,24945.0,24964.0,24988.0,25003.0,25024.0,25047.0,25061.0,25080.0,25095.0,25106.0,25123.0,25142.0,25156.0,25178.0,25202.0,25226.0,25242.0,25256.0,25281.0,25309.0,25329.0,25342.0,25374.0,25388.0,25408.0,25441.0,25456.0,25470.0,25484.0,25502.0,25514.0,25526.0,25546.0,25560.0,25583.0,25601.0,25622.0,25638.0,25667.0,25690.0,25705.0,25718.0,25735.0,25757.0,25770.0,25795.0,25808.0,25824.0,25852.0,25876.0,25901.0,25918.0,25951.0,25986.0,26015.0,26043.0,26086.0,26119.0,26152.0,26177.0,26204.0,26228.0,26269.0,26294.0,26322.0,26352.0,26371.0,26401.0,26443.0,26476.0,26502.0,26518.0,26548.0,26573.0,26585.0,26608.0,26628.0,26645.0,26666.0,26684.0,26701.0,26712.0,26727.0,26740.0,26756.0,26784.0,26806.0,26834.0,26860.0,26883.0,26904.0,26929.0,26956.0,27009.0,27055.0,27090.0,27113.0,27144.0,27183.0,27209.0,27236.0,27252.0,27272.0,27292.0,27313.0,27339.0,27358.0,27384.0,27398.0,27411.0,27424.0,27432.0,27452.0,27476.0,27486.0,27501.0,27514.0,27532.0,27550.0,27567.0,27582.0,27606.0,27620.0,27628.0,27645.0,27664.0,27689.0,,,,,,,,,27848.0,27865.0,27879.0,27894.0,27909.0,27924.0,27944.0,27953.0,27976.0,27988.0,27996.0,28007.0,28010.0,28032.0,28040.0,28048.0,28056.0,28061.0,28081.0,28098.0,28106.0,28116.0,28123.0,28136.0,28145.0,28156.0,28164.0,28176.0,28181.0,28190.0,28210.0,28219.0,28227.0,28245.0,28260.0,28272.0,28293.0,28310.0,28320.0,28338.0,28343.0,28353.0,28360.0,28375.0,28387.0,28406.0,28417.0,28423.0,28439.0,28445.0,28469.0,28484.0,28497.0,28517.0,28521.0,28531.0,28542.0,28547.0,28559.0,28567.0,28578.0,28582.0,28596.0,28604.0,28617.0,28626.0,28647.0,28658.0,28673.0,28691.0,28703.0,28711.0,28719.0,28736.0,28745.0,28759.0,28778.0,28790.0,28800.0,28806.0,28811.0,28827.0,28847.0,28863.0,28878.0,28889.0,28901.0,28909.0,28915.0,28925.0,28933.0,28950.0,28970.0,28981.0,28992.0,29010.0,29023.0,29041.0,29048.0,29069.0,29081.0,29097.0,29118.0,29131.0,29148.0,29170.0,29184.0,29194.0,29211.0,29218.0,29234.0,29243.0,29257.0,29270.0,29283.0,29295.0,29302.0,29315.0,29332.0,29349.0,29358.0,,29366.0,29373.0,29381.0,29391.0,29399.0,29407.0,29413.0,29417.0,29428.0,29443.0,29452.0,29463.0,29479.0,29486.0,29499.0,29510.0,29531.0,29547.0,29554.0,29576.0,29590.0,29604.0,29611.0,29624.0,29634.0,29646.0,29655.0,29669.0,29692.0,29702.0,29716.0,29729.0,29736.0,29744.0,29759.0,29769.0,29775.0,29785.0,29796.0,29805.0,29813.0,29818.0,29825.0,29838.0,29849.0,29862.0,29869.0,29878.0,29893.0,29903.0,29906.0,29919.0,29926.0,29934.0,29939.0,29944.0,29957.0,29965.0,29972.0,29981.0,29986.0,29990.0,29997.0,30016.0,30026.0,30039.0,30051.0,30065.0,30077.0,30094.0,30118.0,30155.0,30182.0,30202.0,30209.0,30225.0,30239.0,30269.0,30276.0,30308.0,30313.0,30328.0,30349.0,30380.0,30386.0,30404.0,30433.0,30446.0,30458.0,30468.0,30484.0,30498.0,30507.0,30513.0,30520.0,30528.0,30544.0,30548.0,30556.0,30575.0,30590.0,30599.0,30604.0,30616.0,30627.0,30638.0,30656.0,30679.0,30707.0,30716.0,30731.0,30744.0,30758.0,30777
OUBNDqgIMxo,24050.0,24117.0,24168.0,24219.0,24275.0,24333.0,24446.0,24604.0,24714.0,24761.0,24825.0,24919.0,25063.0,25129.0,25241.0,25388.0,25536.0,25641.0,25763.0,25827.0,25877.0,25949.0,26015.0,26090.0,26141.0,26236.0,26305.0,26344.0,26411.0,26485.0,26553.0,26601.0,26659.0,26698.0,26751.0,26790.0,26870.0,27026.0,27080.0,27103.0,27147.0,27181.0,27242.0,27332.0,27408.0,27446.0,27508.0,27536.0,27581.0,27637.0,27719.0,27774.0,27830.0,27879.0,27923.0,27972.0,28040.0,28089.0,28120.0,28182.0,28225.0,28252.0,28291.0,28331.0,28372.0,28408.0,28453.0,28486.0,28514.0,28555.0,28586.0,28624.0,28657.0,28693.0,28737.0,28770.0,28802.0,28842.0,28866.0,28927.0,28969.0,28991.0,29010.0,29035.0,29062.0,29084.0,29107.0,29123.0,29134.0,29158.0,29175.0,29195.0,29225.0,29250.0,29288.0,29330.0,29379.0,29423.0,29472.0,29513.0,29555.0,29610.0,29662.0,29700.0,29748.0,29791.0,29824.0,29867.0,29898.0,29926.0,29953.0,29979.0,30016.0,30047.0,30083.0,30107.0,30138.0,30173.0,30195.0,30236.0,30263.0,30284.0,30318.0,30347.0,30375.0,30402.0,30427.0,30457.0,30494.0,30525.0,30543.0,30577.0,30605.0,30634.0,,,,,,,,,30866.0,30891.0,30917.0,30933.0,30962.0,30984.0,31001.0,31021.0,31043.0,31065.0,31084.0,31101.0,31126.0,31150.0,31170.0,31190.0,31209.0,31248.0,31271.0,31293.0,31322.0,31338.0,31363.0,31380.0,31414.0,31441.0,31452.0,31486.0,31507.0,31529.0,31564.0,31575.0,31597.0,31610.0,31632.0,31657.0,31688.0,31711.0,31737.0,31768.0,31800.0,31828.0,31858.0,31886.0,31905.0,31948.0,31980.0,32009.0,32030.0,32064.0,32092.0,32179.0,32215.0,32249.0,32288.0,32320.0,32330.0,32355.0,32381.0,32414.0,32450.0,32521.0,32553.0,32584.0,32619.0,32645.0,32676.0,32697.0,32727.0,32764.0,32797.0,32820.0,32842.0,32870.0,32886.0,32921.0,32948.0,32968.0,32991.0,33023.0,33049.0,33073.0,33094.0,33113.0,33128.0,33137.0,33168.0,33186.0,33217.0,33243.0,33272.0,33294.0,33305.0,33319.0,33340.0,33374.0,33404.0,33426.0,33439.0,33462.0,33492.0,33510.0,33531.0,33552.0,33581.0,33604.0,33632.0,33649.0,33666.0,33694.0,33713.0,33737.0,33750.0,33775.0,33801.0,33822.0,33842.0,33865.0,33892.0,33907.0,33928.0,,33956.0,33978.0,33989.0,34002.0,34020.0,34034.0,34047.0,34056.0,34075.0,34091.0,34110.0,34123.0,34136.0,34148.0,34157.0,34180.0,34193.0,34204.0,34214.0,34232.0,34243.0,34263.0,34283.0,34305.0,34339.0,34352.0,34367.0,34374.0,34389.0,34407.0,34421.0,34432.0,34443.0,34455.0,34475.0,34503.0,34516.0,34530.0,34550.0,34573.0,34585.0,34600.0,34621.0,34638.0,34660.0,34671.0,34681.0,34683.0,34701.0,34714.0,34726.0,34747.0,34758.0,34776.0,34788.0,34805.0,34815.0,34830.0,34844.0,34857.0,34866.0,34878.0,34891.0,34904.0,34921.0,34930.0,34942.0,34953.0,34966.0,34972.0,34982.0,34996.0,35009.0,35028.0,35046.0,35058.0,35070.0,35083.0,35098.0,35105.0,35113.0,35124.0,35133.0,35146.0,35160.0,35177.0,35186.0,35199.0,35213.0,35225.0,35242.0,35258.0,35278.0,35293.0,35307.0,35315.0,35327.0,35340.0,35352.0,35368.0,35380.0,35391.0,35403.0,35417.0,35431.0,35442.0,35461.0,35480.0,35494.0,35509.0,35522.0,35532.0,35547.0,35565
tJG13dtV464,11708329.0,11709246.0,11710375.0,11711467.0,11712417.0,11713356.0,11714298.0,11715270.0,11716186.0,11717175.0,11718119.0,11719067.0,11720021.0,11720906.0,11721864.0,11722756.0,11723904.0,11724854.0,11725752.0,11726656.0,11727601.0,11728567.0,11729505.0,11730470.0,11731689.0,11732641.0,11733505.0,11734567.0,11735471.0,11736360.0,11737339.0,11738255.0,11739157.0,11740017.0,11740890.0,11741822.0,11742648.0,11743599.0,11744560.0,11745446.0,11746351.0,11747172.0,11748042.0,11748846.0,11749737.0,11750546.0,11751443.0,11752435.0,11753424.0,11754305.0,11755198.0,11756196.0,11757149.0,11758043.0,11759032.0,11759914.0,11760811.0,11761895.0,11763142.0,11764254.0,11765396.0,11766644.0,11767876.0,11768939.0,11770057.0,11771070.0,11772088.0,11773096.0,11773912.0,11775010.0,11775957.0,11776837.0,11777755.0,11778688.0,11779684.0,11780807.0,11782192.0,11783486.0,11784777.0,11785936.0,11787165.0,11788351.0,11789473.0,11790534.0,11791452.0,11792609.0,11793693.0,11794723.0,11795618.0,11796481.0,11797369.0,11798251.0,11799245.0,11800317.0,11801230.0,11802116.0,11802932.0,11803638.0,11804372.0,11805171.0,11805890.0,11806759.0,11807522.0,11808254.0,11809026.0,11809698.0,11810472.0,11811184.0,11812038.0,11812772.0,11813545.0,11814302.0,11815104.0,11815932.0,11816882.0,11817779.0,11818484.0,11819295.0,11820057.0,11820791.0,11821423.0,11822300.0,11823172.0,11823996.0,11824782.0,11825542.0,11826404.0,11827276.0,11828123.0,11828923.0,11829724.0,11830366.0,11831180.0,11831821.0,,,,,,,,,11838662.0,11839377.0,11840108.0,11840808.0,11841371.0,11842100.0,11842712.0,11843297.0,11843973.0,11844688.0,11845369.0,11845926.0,11846633.0,11847304.0,11847995.0,11848653.0,11849307.0,11849977.0,11850537.0,11851169.0,11851805.0,11852458.0,11853090.0,11853652.0,11854265.0,11854889.0,11855541.0,11856175.0,11856802.0,11857417.0,11858038.0,11858684.0,11859266.0,11859927.0,11860517.0,11861197.0,11861866.0,11862433.0,11863100.0,11863712.0,11864386.0,11865081.0,11865816.0,11866474.0,11867108.0,11867684.0,11868319.0,11869005.0,11869672.0,11870341.0,11871053.0,11871776.0,11872404.0,11873085.0,11873709.0,11874344.0,11874962.0,11875552.0,11876190.0,11876846.0,11877470.0,11878102.0,11878722.0,11879439.0,11880128.0,11880840.0,11881574.0,11882260.0,11882821.0,11883409.0,11884080.0,11884717.0,11885446.0,11886075.0,11886742.0,11887371.0,11888031.0,11888759.0,11889378.0,11889949.0,11890563.0,11891190.0,11891915.0,11892560.0,11893357.0,11894116.0,11894765.0,11895431.0,11896090.0,11896828.0,11897563.0,11898372.0,11899062.0,11899777.0,11900607.0,11901422.0,11902109.0,11902863.0,11903609.0,11904359.0,11905041.0,11905771.0,11906478.0,11907180.0,11907901.0,11908626.0,11909303.0,11909898.0,11910675.0,11911321.0,11911977.0,11912617.0,11913345.0,11914020.0,11914705.0,11915377.0,11916006.0,11916664.0,11917415.0,11918109.0,11918839.0,,11920205.0,11920891.0,11921526.0,11922257.0,11922907.0,11923493.0,11924139.0,11924581.0,11925292.0,11925894.0,11926696.0,11927438.0,11928192.0,11928898.0,11929557.0,11930227.0,11930917.0,11931634.0,11932544.0,11933290.0,11933986.0,11934696.0,11935453.0,11936186.0,11936876.0,11937691.0,11938415.0,11939108.0,11939704.0,11940328.0,11941038.0,11941773.0,11942469.0,11943193.0,11943927.0,11944880.0,11946105.0,11947206.0,11948292.0,11949147.0,11950046.0,11950797.0,11951666.0,11952446.0,11953263.0,11954009.0,11954792.0,11955539.0,11956275.0,11956941.0,11957579.0,11958250.0,11958993.0,11959770.0,11960575.0,11961265.0,11961933.0,11962618.0,11963227.0,11963989.0,11964710.0,11965480.0,11966177.0,11966786.0,11967542.0,11968205.0,11968943.0,11969710.0,11970357.0,11971029.0,11971724.0,11972382.0,11972971.0,11973601.0,11974331.0,11975054.0,11975768.0,11976487.0,11977171.0,11977840.0,11978732.0,11979586.0,11980508.0,11981241.0,11981903.0,11982528.0,11983213.0,11983952.0,11984703.0,11985326.0,11985976.0,11986640.0,11987259.0,11987848.0,11988461.0,11989070.0,11989766.0,11990350.0,11990942.0,11991658.0,11992292.0,11992885.0,11993533.0,11994096.0,11994779.0,11995358.0,11996005.0,11996620.0,11997259.0,11997903.0,11998482.0,11998956.0,11999603.0,12000127
w9ueRzymcU0,26207645.0,26208883.0,26210218.0,26211712.0,26213060.0,26214561.0,26215918.0,26217352.0,26218704.0,26220127.0,26221522.0,26222857.0,26224199.0,26225603.0,26226977.0,26228242.0,26229655.0,26230980.0,26232235.0,26233387.0,26234733.0,26236100.0,26237508.0,26239033.0,26240418.0,26241839.0,26243160.0,26244561.0,26245774.0,26247149.0,26248573.0,26249967.0,26251206.0,26252651.0,26253989.0,26255404.0,26256793.0,26258306.0,26259883.0,26261168.0,26262504.0,26263732.0,26265001.0,26266333.0,26267798.0,26269217.0,26270610.0,26272001.0,26273346.0,26274718.0,26275932.0,26277268.0,26278583.0,26279757.0,26281006.0,26282219.0,26283420.0,26284795.0,26286330.0,26287745.0,26289094.0,26290499.0,26291975.0,26293347.0,26294683.0,26296098.0,26297489.0,26298858.0,26300081.0,26301767.0,26303135.0,26304500.0,26305864.0,26307106.0,26308583.0,26310273.0,26312304.0,26314161.0,26316017.0,26317824.0,26319657.0,26321494.0,26323099.0,26324559.0,26326098.0,26327602.0,26329066.0,26330599.0,26331934.0,26333280.0,26334550.0,26335635.0,26337116.0,26338541.0,26339965.0,26341254.0,26342359.0,26343445.0,26344640.0,26345920.0,26347181.0,26348477.0,26349670.0,26350808.0,26352030.0,26353250.0,26354471.0,26355659.0,26356958.0,26358214.0,26359368.0,26360513.0,26361701.0,26362910.0,26364195.0,26365499.0,26366739.0,26367921.0,26369171.0,26370379.0,26371598.0,26372906.0,26374167.0,26375355.0,26376573.0,26377766.0,26378983.0,26380256.0,26381594.0,26382982.0,26384181.0,26385186.0,26386385.0,26387510.0,,,,,,,,,26397592.0,26398721.0,26399797.0,26400786.0,26401852.0,26402909.0,26403902.0,26404879.0,26405968.0,26406934.0,26407845.0,26408754.0,26409807.0,26410745.0,26411879.0,26412862.0,26413719.0,26414548.0,26415435.0,26416343.0,26417299.0,26418299.0,26419262.0,26420189.0,26421037.0,26422051.0,26422973.0,26423972.0,26424988.0,26426012.0,26426972.0,26427945.0,26428974.0,26429914.0,26430832.0,26431844.0,26432776.0,26433637.0,26434565.0,26435417.0,26436298.0,26437267.0,26438317.0,26439273.0,26440175.0,26441066.0,26442058.0,26443031.0,26443968.0,26445083.0,26446139.0,26447072.0,26448024.0,26449056.0,26450037.0,26451028.0,26451996.0,26452992.0,26453892.0,26454848.0,26455802.0,26456705.0,26457614.0,26458501.0,26459508.0,26460558.0,26461541.0,26462440.0,26463307.0,26464249.0,26465203.0,26466234.0,26467230.0,26468172.0,26469225.0,26470218.0,26471157.0,26472116.0,26473051.0,26474178.0,26475103.0,26476051.0,26477041.0,26478041.0,26479053.0,26480099.0,26481084.0,26482045.0,26482916.0,26484037.0,26485030.0,26486160.0,26487211.0,26488198.0,26489138.0,26490193.0,26491265.0,26492293.0,26493473.0,26494542.0,26495558.0,26496568.0,26497613.0,26498608.0,26499622.0,26500631.0,26501696.0,26502542.0,26503526.0,26504398.0,26505353.0,26506327.0,26507459.0,26508448.0,26509393.0,26510239.0,26511194.0,26512161.0,26513128.0,26514161.0,26515275.0,,26517420.0,26518273.0,26519280.0,26520193.0,26521081.0,26522061.0,26523022.0,26523863.0,26524711.0,26525526.0,26526526.0,26527633.0,26528737.0,26529697.0,26530707.0,26531728.0,26532930.0,26534119.0,26535363.0,26536504.0,26537534.0,26538621.0,26539719.0,26540811.0,26541988.0,26543057.0,26544187.0,26545261.0,26546228.0,26547270.0,26548310.0,26549363.0,26550512.0,26551621.0,26552763.0,26554285.0,26556607.0,26558386.0,26560188.0,26561760.0,26563318.0,26564802.0,26566104.0,26567390.0,26568692.0,26569806.0,26571094.0,26572240.0,26573354.0,26574347.0,26575532.0,26576582.0,26577697.0,26578902.0,26579964.0,26581053.0,26582040.0,26583097.0,26584125.0,26585159.0,26586130.0,26587120.0,26588041.0,26588966.0,26589951.0,26590922.0,26592018.0,26593087.0,26594043.0,26594933.0,26595892.0,26596825.0,26597725.0,26598566.0,26599583.0,26600606.0,26601546.0,26602469.0,26603431.0,26604349.0,26605343.0,26606443.0,26607506.0,26608591.0,26609577.0,26610631.0,26611631.0,26612601.0,26613672.0,26614578.0,26615506.0,26616477.0,26617376.0,26618238.0,26619069.0,26620035.0,26620858.0,26621700.0,26622582.0,26623505.0,26624375.0,26625269.0,26626215.0,26627118.0,26628001.0,26628805.0,26629740.0,26630424.0,26631389.0,26632182.0,26632955.0,26633674.0,26634478.0,26635219
a9QA7zOkAyQ,7652554.0,7658754.0,7667073.0,7674864.0,7681847.0,7687720.0,7693597.0,7699765.0,7706376.0,7713869.0,7721621.0,7727184.0,7732957.0,7738643.0,7745126.0,7751632.0,7758004.0,7766407.0,7772914.0,7779306.0,7785316.0,7791740.0,7798201.0,7806247.0,7814069.0,7820571.0,7827556.0,7834755.0,7842062.0,7849166.0,7857082.0,7864345.0,7870239.0,7875780.0,7881079.0,7886517.0,7892992.0,7900785.0,7909753.0,7917650.0,7925193.0,7932442.0,7940248.0,7949145.0,7958879.0,7969874.0,7978650.0,7987419.0,7995328.0,8003825.0,8012151.0,8021562.0,8030228.0,8037904.0,8046014.0,8054752.0,8063264.0,8071102.0,8079211.0,8088838.0,8097087.0,8104925.0,8112683.0,8120362.0,8128956.0,8137630.0,8146158.0,8153927.0,8161336.0,8171153.0,8178407.0,8186587.0,8194505.0,8201613.0,8207280.0,8212760.0,8218072.0,8224176.0,8230877.0,8237856.0,8244519.0,8250740.0,8256579.0,8262331.0,8268746.0,8275098.0,8282684.0,8289857.0,8296231.0,8302572.0,8308849.0,8315208.0,8322102.0,8329865.0,8337223.0,8342985.0,8348213.0,8354649.0,8361422.0,8367899.0,8375680.0,8382113.0,8386307.0,8389822.0,8393860.0,8397484.0,8401524.0,8406060.0,8410528.0,8414329.0,8418634.0,8423544.0,8428390.0,8432915.0,8438140.0,8443893.0,8448787.0,8454252.0,8459578.0,8465228.0,8471222.0,8477386.0,8483827.0,8489510.0,8495403.0,8500508.0,8505343.0,8510043.0,8514954.0,8520045.0,8524548.0,8528930.0,8533702.0,8538386.0,,,,,,,,,8590445.0,8598250.0,8604944.0,8611136.0,8617054.0,8622644.0,8628181.0,8635016.0,8642897.0,8648631.0,8654076.0,8659660.0,8665997.0,8672333.0,8680145.0,8686712.0,8692325.0,8698640.0,8705520.0,8711406.0,8717360.0,8724379.0,8732004.0,8737846.0,8743170.0,8749047.0,8755082.0,8761430.0,8768101.0,8774828.0,8780992.0,8788416.0,8795140.0,8803172.0,8811922.0,8820139.0,8828486.0,8835992.0,8843908.0,8851325.0,8859056.0,8867092.0,8876255.0,8886448.0,8894195.0,8901614.0,8908221.0,8917877.0,8928132.0,8938191.0,8947720.0,8955766.0,8963427.0,8971166.0,8978763.0,8986098.0,8994037.0,9002773.0,9010386.0,9019240.0,9027567.0,9036792.0,9045691.0,9054755.0,9063735.0,9072276.0,9081160.0,9090512.0,9100705.0,9110035.0,9119424.0,9128724.0,9137713.0,9146496.0,9159218.0,9170366.0,9181779.0,9195648.0,9213114.0,9226981.0,9240074.0,9248516.0,9258054.0,9267065.0,9276581.0,9285748.0,9293466.0,9299228.0,9304454.0,9311663.0,9317929.0,9325596.0,9333471.0,9341365.0,9348341.0,9355134.0,9362582.0,9370401.0,9379929.0,9390143.0,9398491.0,9406149.0,9413567.0,9420823.0,9428436.0,9437271.0,9446071.0,9454147.0,9463247.0,9470914.0,9478341.0,9485970.0,9495695.0,9504003.0,9511600.0,9518380.0,9525483.0,9532272.0,9540016.0,9549129.0,9558491.0,,9574666.0,9582264.0,9591955.0,9601268.0,9610257.0,9619885.0,9629720.0,9639609.0,9648203.0,9656213.0,9664172.0,9673040.0,9681311.0,9688323.0,9694815.0,9701661.0,9708544.0,9715454.0,9723133.0,9730093.0,9735971.0,9741060.0,9747292.0,9753359.0,9759453.0,9766169.0,9773366.0,9779560.0,9785591.0,9792242.0,9799021.0,9805466.0,9812697.0,9818487.0,9823495.0,9828378.0,9832971.0,9837498.0,9842522.0,9847472.0,9852783.0,9857424.0,9862319.0,9867227.0,9872317.0,9877581.0,9882910.0,9888543.0,9892936.0,9897611.0,9902836.0,9908452.0,9913890.0,9920106.0,9926613.0,9932549.0,9938062.0,9943009.0,9948324.0,9954270.0,9961108.0,9967772.0,9974304.0,9980024.0,9985835.0,9992022.0,9998134.0,10004421.0,10010727.0,10016830.0,10023303.0,10029069.0,10034838.0,10040377.0,10046707.0,10053107.0,10058197.0,10062660.0,10066899.0,10071168.0,10076138.0,10081686.0,10087420.0,10092151.0,10096973.0,10101756.0,10107037.0,10112579.0,10119983.0,10127629.0,10134226.0,10140262.0,10146884.0,10152903.0,10158723.0,10164500.0,10169751.0,10174347.0,10179510.0,10185118.0,10189883.0,10194352.0,10199397.0,10204839.0,10209568.0,10214370.0,10219270.0,10223848.0,10228616.0,10233888.0,10239588.0,10244276.0,10248735.0,10253199
_Uvi-FgAsy4,29221601.0,29222801.0,29224015.0,29225292.0,29226517.0,29227778.0,29228987.0,29230183.0,29231419.0,29232670.0,29233868.0,29235017.0,29236273.0,29237512.0,29238824.0,29240076.0,29241476.0,29242787.0,29244048.0,29245300.0,29246526.0,29247799.0,29249078.0,29250375.0,29251671.0,29253155.0,29254536.0,29255765.0,29256966.0,29258196.0,29259368.0,29260560.0,29261767.0,29262933.0,29264222.0,29265644.0,29266922.0,29268482.0,29270012.0,29271280.0,29272585.0,29273972.0,29275283.0,29276529.0,29277862.0,29279357.0,29280716.0,29282321.0,29283881.0,29285388.0,29286860.0,29288506.0,29290176.0,29291654.0,29293321.0,29294813.0,29296317.0,29297994.0,29299731.0,29301332.0,29303029.0,29304719.0,29306505.0,29308158.0,29309781.0,29311433.0,29313082.0,29314636.0,29316063.0,29317952.0,29319589.0,29321128.0,29322763.0,29324263.0,29325996.0,29328005.0,29330762.0,29333054.0,29335498.0,29337868.0,29340245.0,29342444.0,29344613.0,29346654.0,29348579.0,29350414.0,29352369.0,29354191.0,29355888.0,29357544.0,29359149.0,29360564.0,29362166.0,29363740.0,29365255.0,29366742.0,29368133.0,29369537.0,29370869.0,29372166.0,29373561.0,29374866.0,29376170.0,29377466.0,29378730.0,29380028.0,29381276.0,29382535.0,29383854.0,29385143.0,29386363.0,29387584.0,29388781.0,29390042.0,29391273.0,29392470.0,29393659.0,29394803.0,29395992.0,29397180.0,29398358.0,29399596.0,29400796.0,29401976.0,29403214.0,29404525.0,29405789.0,29407192.0,29408612.0,29410038.0,29411333.0,29412555.0,29413727.0,29414882.0,,,,,,,,,29425249.0,29426409.0,29427631.0,29428755.0,29429821.0,29430924.0,29431877.0,29432918.0,29434112.0,29435147.0,29436207.0,29437228.0,29438354.0,29439391.0,29440448.0,29441509.0,29442515.0,29443405.0,29444376.0,29445324.0,29446317.0,29447366.0,29448392.0,29449320.0,29450441.0,29451368.0,29452426.0,29453576.0,29454650.0,29455760.0,29456758.0,29457891.0,29458989.0,29460131.0,29461147.0,29462167.0,29463145.0,29464111.0,29465099.0,29466037.0,29466960.0,29467940.0,29468961.0,29469932.0,29470942.0,29471828.0,29472847.0,29473923.0,29474937.0,29475954.0,29476912.0,29477839.0,29478733.0,29479714.0,29480753.0,29481778.0,29482714.0,29483684.0,29484524.0,29485559.0,29486499.0,29487387.0,29488349.0,29489282.0,29490278.0,29491224.0,29492200.0,29493119.0,29493867.0,29494765.0,29495702.0,29496663.0,29497628.0,29498539.0,29499501.0,29500494.0,29501451.0,29502443.0,29503346.0,29504369.0,29505221.0,29506064.0,29507046.0,29508065.0,29508985.0,29509981.0,29511004.0,29511962.0,29512874.0,29513817.0,29514746.0,29515838.0,29516984.0,29518071.0,29519209.0,29520271.0,29521442.0,29522499.0,29523477.0,29524522.0,29525500.0,29526445.0,29527476.0,29528480.0,29529413.0,29530468.0,29531605.0,29532528.0,29533607.0,29534600.0,29535397.0,29536499.0,29537584.0,29538522.0,29539556.0,29540481.0,29541437.0,29542375.0,29543381.0,29544381.0,29545351.0,,29547295.0,29548230.0,29549174.0,29550160.0,29551061.0,29551893.0,29552791.0,29553566.0,29554443.0,29555426.0,29556418.0,29557559.0,29558526.0,29559470.0,29560431.0,29561421.0,29562539.0,29563683.0,29564723.0,29565817.0,29566771.0,29567863.0,29568799.0,29569948.0,29571035.0,29572086.0,29573137.0,29574172.0,29575116.0,29576155.0,29577211.0,29578333.0,29579416.0,29580436.0,29581548.0,29582888.0,29584890.0,29586541.0,29588130.0,29589513.0,29590947.0,29592253.0,29593433.0,29594523.0,29595643.0,29596739.0,29597866.0,29598839.0,29599708.0,29600719.0,29601680.0,29602635.0,29603612.0,29604613.0,29605683.0,29606677.0,29607604.0,29608455.0,29609482.0,29610414.0,29611447.0,29612460.0,29613359.0,29614280.0,29615261.0,29616188.0,29617215.0,29618167.0,29619116.0,29620078.0,29621000.0,29621860.0,29622733.0,29623587.0,29624513.0,29625474.0,29626365.0,29627313.0,29628413.0,29629347.0,29630414.0,29631455.0,29632469.0,29633417.0,29634433.0,29635479.0,29636472.0,29637421.0,29638420.0,29639349.0,29640285.0,29641261.0,29642312.0,29643232.0,29644154.0,29645180.0,29646106.0,29646982.0,29647851.0,29648859.0,29649780.0,29650691.0,29651594.0,29652475.0,29653443.0,29654297.0,29655196.0,29658191.0,29660610.0,29661492.0,29662386.0,29663199.0,29664000.0,29664827
4nAdvTkoP1Q,8258176.0,8258996.0,8259835.0,8260878.0,8261706.0,8262495.0,8263222.0,8263974.0,8264767.0,8265561.0,8266328.0,8267051.0,8267771.0,8268582.0,8269267.0,8270008.0,8270819.0,8271515.0,8272182.0,8272859.0,8273555.0,8274265.0,8274951.0,8275714.0,8276507.0,8277082.0,8277805.0,8278401.0,8279033.0,8279730.0,8280495.0,8281183.0,8281885.0,8282535.0,8283123.0,8283782.0,8284426.0,8285119.0,8285797.0,8286440.0,8287085.0,8287740.0,8288451.0,8289142.0,8289824.0,8290683.0,8291401.0,8292092.0,8292803.0,8293489.0,8294206.0,8294972.0,8295681.0,8296329.0,8297104.0,8297840.0,8298556.0,8299430.0,8300453.0,8301242.0,8302071.0,8302924.0,8303909.0,8304909.0,8305924.0,8306852.0,8307688.0,8308489.0,8309229.0,8310236.0,8311027.0,8311808.0,8312563.0,8313345.0,8314213.0,8315442.0,8316923.0,8318173.0,8319323.0,8320495.0,8321631.0,8322707.0,8323718.0,8324692.0,8325705.0,8326659.0,8327638.0,8328622.0,8329525.0,8330295.0,8331176.0,8331872.0,8332718.0,8333632.0,8334449.0,8335064.0,8335781.0,8336395.0,8337213.0,8337915.0,8338596.0,8339293.0,8340012.0,8340617.0,8341264.0,8342029.0,8342733.0,8343386.0,8344115.0,8344764.0,8345414.0,8346111.0,8346804.0,8347362.0,8348104.0,8348812.0,8349515.0,8350192.0,8350953.0,8351713.0,8352394.0,8353164.0,8353862.0,8354610.0,8355240.0,8355962.0,8356661.0,8357363.0,8358176.0,8358939.0,8359615.0,8360298.0,8360941.0,8361607.0,,,,,,,,,8367583.0,8368192.0,8368726.0,8369375.0,8369939.0,8370626.0,8371299.0,8371962.0,8372994.0,8374122.0,8375142.0,8375600.0,8376361.0,8376874.0,8377661.0,8378436.0,8378968.0,8379604.0,8380160.0,8380603.0,8381130.0,8381726.0,8382232.0,8382739.0,8383274.0,8383794.0,8384327.0,8384882.0,8385400.0,8386014.0,8386478.0,8386992.0,8387494.0,8388042.0,8388571.0,8389162.0,8389689.0,8390189.0,8390662.0,8391232.0,8391745.0,8392210.0,8392811.0,8393294.0,8393855.0,8394370.0,8394913.0,8395435.0,8396028.0,8396613.0,8397220.0,8397725.0,8398234.0,8398816.0,8399387.0,8400004.0,8400560.0,8401136.0,8401658.0,8402253.0,8402868.0,8403437.0,8404009.0,8404591.0,8405171.0,8405760.0,8406314.0,8406870.0,8407324.0,8407886.0,8408445.0,8408965.0,8409573.0,8410095.0,8410721.0,8411247.0,8411911.0,8412515.0,8413056.0,8413546.0,8414125.0,8414592.0,8415178.0,8415723.0,8416317.0,8416854.0,8417391.0,8418022.0,8418532.0,8419160.0,8419712.0,8420268.0,8420884.0,8421450.0,8422040.0,8422555.0,8423148.0,8423726.0,8424315.0,8424874.0,8425445.0,8425958.0,8426580.0,8427104.0,8427644.0,8428184.0,8428704.0,8429143.0,8429724.0,8430260.0,8430804.0,8431335.0,8431867.0,8432414.0,8432901.0,8433325.0,8433825.0,8434288.0,8434780.0,8435419.0,8435867.0,,8436851.0,8437358.0,8437961.0,8438433.0,8438947.0,8439375.0,8439883.0,8440320.0,8440831.0,8441336.0,8441875.0,8442383.0,8442960.0,8443479.0,8443958.0,8444462.0,8444989.0,8445554.0,8446125.0,8446611.0,8447070.0,8447591.0,8448126.0,8448617.0,8449198.0,8449697.0,8450231.0,8450745.0,8451240.0,8451748.0,8452359.0,8452880.0,8453445.0,8453964.0,8454516.0,8455328.0,8456631.0,8457701.0,8458681.0,8459580.0,8460438.0,8461132.0,8461804.0,8462468.0,8463179.0,8463808.0,8464544.0,8465117.0,8465770.0,8466342.0,8466912.0,8467561.0,8468108.0,8468720.0,8469315.0,8469816.0,8470404.0,8470818.0,8471384.0,8471874.0,8472398.0,8472819.0,8473300.0,8473796.0,8474212.0,8474830.0,8475417.0,8475962.0,8476488.0,8476927.0,8477392.0,8477850.0,8478222.0,8478674.0,8479202.0,8479724.0,8480250.0,8480754.0,8481250.0,8481730.0,8482183.0,8482732.0,8483210.0,8483681.0,8484141.0,8484571.0,8484989.0,8485451.0,8485852.0,8486279.0,8486674.0,8487074.0,8487473.0,8487810.0,8488236.0,8488776.0,8489183.0,8489642.0,8490073.0,8490528.0,8490932.0,8491353.0,8491796.0,8492193.0,8492708.0,8493099.0,8493492.0,8493934.0,8494345.0,8494753.0,8495130.0,8495508.0,8495923.0,8496354
4nAdvTkoP1Q,8258176.0,8258996.0,8259839.0,8260878.0,8261706.0,8262495.0,8263222.0,8263974.0,8264767.0,8265561.0,8266328.0,8267051.0,8267771.0,8268582.0,8269267.0,8270008.0,8270819.0,8271515.0,8272182.0,8272859.0,8273555.0,8274265.0,8274951.0,8275714.0,8276507.0,8277082.0,8277805.0,8278401.0,8279033.0,8279730.0,8280495.0,8281184.0,8281885.0,8282535.0,8283123.0,8283802.0,8284426.0,8285119.0,8285797.0,8286448.0,8287085.0,8287740.0,8288451.0,8289142.0,8289824.0,8290683.0,8291401.0,8292092.0,8292823.0,8293469.0,8294206.0,8294972.0,8295681.0,8296329.0,8297104.0,8297840.0,8298556.0,8299430.0,8300453.0,8301242.0,8302071.0,8302924.0,8303909.0,8304909.0,8305924.0,8306852.0,8307688.0,8308489.0,8309229.0,8310236.0,8311027.0,8311808.0,8312563.0,8313345.0,8314213.0,8315442.0,8316918.0,8318173.0,8319323.0,8320495.0,8321631.0,8322707.0,8323718.0,8324692.0,8325705.0,8326659.0,8327638.0,8328622.0,8329525.0,8330295.0,8331176.0,8331872.0,8332718.0,8333632.0,8334449.0,8335064.0,8335781.0,8336395.0,8337213.0,8337915.0,8338596.0,8339293.0,8340012.0,8340617.0,8341264.0,8342029.0,8342733.0,8343386.0,8344115.0,8344764.0,8345414.0,8346111.0,8346804.0,8347356.0,8348110.0,8348812.0,8349515.0,8350192.0,8350953.0,8351713.0,8352394.0,8353164.0,8353862.0,8354610.0,8355240.0,8355962.0,8356661.0,8357363.0,8358176.0,8358939.0,8359615.0,8360298.0,8360941.0,8361607.0,,,,,,,,,8367583.0,8368192.0,8368726.0,8369375.0,8369939.0,8370626.0,8371299.0,8371962.0,8372994.0,8374122.0,8375142.0,8375600.0,8376361.0,8376874.0,8377661.0,8378436.0,8378968.0,8379604.0,8380160.0,8380603.0,8381130.0,8381726.0,8382232.0,8382739.0,8383274.0,8383794.0,8384327.0,8384882.0,8385400.0,8386014.0,8386478.0,8386992.0,8387494.0,8388042.0,8388571.0,8389162.0,8389689.0,8390189.0,8390662.0,8391232.0,8391745.0,8392210.0,8392811.0,8393294.0,8393855.0,8394370.0,8394913.0,8395435.0,8396028.0,8396613.0,8397220.0,8397725.0,8398234.0,8398816.0,8399431.0,8400004.0,8400560.0,8401136.0,8401658.0,8402253.0,8402868.0,8403437.0,8404009.0,8404591.0,8405171.0,8405760.0,8406314.0,8406870.0,8407324.0,8407886.0,8408445.0,8408965.0,8409573.0,8410095.0,8410721.0,8411247.0,8411911.0,8412515.0,8413056.0,8413546.0,8414125.0,8414592.0,8415178.0,8415723.0,8416317.0,8416854.0,8417391.0,8418022.0,8418532.0,8419160.0,8419712.0,8420268.0,8420884.0,8421450.0,8422040.0,8422555.0,8423148.0,8423726.0,8424315.0,8424874.0,8425445.0,8425958.0,8426580.0,8427104.0,8427644.0,8428184.0,8428704.0,8429143.0,8429724.0,8430260.0,8430804.0,8431335.0,8431867.0,8432414.0,8432901.0,8433325.0,8433825.0,8434288.0,8434780.0,8435419.0,8435867.0,,8436851.0,8437358.0,8437961.0,8438433.0,8438947.0,8439347.0,8439883.0,8440320.0,8440831.0,8441331.0,8441875.0,8442382.0,8442960.0,8443479.0,8443958.0,8444462.0,8444989.0,8445554.0,8446125.0,8446611.0,8447070.0,8447591.0,8448126.0,8448617.0,8449198.0,8449697.0,8450231.0,8450745.0,8451240.0,8451748.0,8452359.0,8452880.0,8453445.0,8453964.0,8454516.0,8455328.0,8456631.0,8457701.0,8458681.0,8459580.0,8460438.0,8461132.0,8461804.0,8462468.0,8463179.0,8463808.0,8464544.0,8465117.0,8465770.0,8466342.0,8466912.0,8467561.0,8468108.0,8468720.0,8469315.0,8469816.0,8470404.0,8470818.0,8471384.0,8471874.0,8472398.0,8472819.0,8473300.0,8473796.0,8474212.0,8474838.0,8475417.0,8475962.0,8476488.0,8476866.0,8477386.0,8477850.0,8478268.0,8478674.0,8479202.0,8479724.0,8480232.0,8480754.0,8481250.0,8481730.0,8482194.0,8482732.0,8483210.0,8483635.0,8484141.0,8484571.0,8485032.0,8485451.0,8485852.0,8486279.0,8486674.0,8487074.0,8487464.0,8487810.0,8488303.0,8488776.0,8489203.0,8489639.0,8490073.0,8490528.0,8490932.0,8491353.0,8491796.0,8492193.0,8492708.0,8493099.0,8493492.0,8493934.0,8494345.0,8494753.0,8495130.0,8495510.0,8495923.0,8496354
mIfpVrYIhvM,25026078.0,25030776.0,25036006.0,25041687.0,25047646.0,25054666.0,25061305.0,25069428.0,25076724.0,25084232.0,25092499.0,25100265.0,25108512.0,25116844.0,25125710.0,25134279.0,25142824.0,25150427.0,25157962.0,25166179.0,25173709.0,25181193.0,25189278.0,25198409.0,25207401.0,25216608.0,25224341.0,25232996.0,25240108.0,25246573.0,25253284.0,25259881.0,25267003.0,25273962.0,25280417.0,25287097.0,25293349.0,25299290.0,25306285.0,25312477.0,25318016.0,25323724.0,25328833.0,25334043.0,25339348.0,25344368.0,25349751.0,25355190.0,25360810.0,25365761.0,25370429.0,25375019.0,25379614.0,25384170.0,25389593.0,25394928.0,25399903.0,25404846.0,25409777.0,25414210.0,25419095.0,25424018.0,25429093.0,25433882.0,25438421.0,25442984.0,25447320.0,25451647.0,25455459.0,25460356.0,25464900.0,25469179.0,25473618.0,25478104.0,25482765.0,25487227.0,25491907.0,25496369.0,25500840.0,25505110.0,25509223.0,25513399.0,25517423.0,25521616.0,25525907.0,25530268.0,25534433.0,25538561.0,25542524.0,25546327.0,25550183.0,25553975.0,25557910.0,25561830.0,25565539.0,25569339.0,25573033.0,25576432.0,25579775.0,25583321.0,25586970.0,25590572.0,25594027.0,25597401.0,25600931.0,25604531.0,25608054.0,25611632.0,25615127.0,25618643.0,25622006.0,25625587.0,25629352.0,25633295.0,25637067.0,25640822.0,25644393.0,25648095.0,25651781.0,25655921.0,25660304.0,25664483.0,25668862.0,25672632.0,25676038.0,25679401.0,25682578.0,25685793.0,25689075.0,25692249.0,25695261.0,25698354.0,25701414.0,25704356.0,,,,,,,,,25732858.0,25736209.0,25739436.0,25743223.0,25746791.0,25750202.0,25753633.0,25757171.0,25761132.0,25764500.0,25767771.0,25772155.0,25776862.0,25780728.0,25784182.0,25787587.0,25791015.0,25794464.0,25797812.0,25800343.0,25803003.0,25805743.0,25808405.0,25811022.0,25813814.0,25816658.0,25819679.0,25822717.0,25825587.0,25828469.0,25831148.0,25833936.0,25836808.0,25839641.0,25842776.0,25845744.0,25848748.0,25851661.0,25854738.0,25857751.0,25860755.0,25863689.0,25866825.0,25869916.0,25872785.0,25875785.0,25878964.0,25882193.0,25885520.0,25888944.0,25892351.0,25895661.0,25898936.0,25902229.0,25905490.0,25908962.0,25912429.0,25915648.0,25918712.0,25921948.0,25925266.0,25928347.0,25931411.0,25934531.0,25937647.0,25940820.0,25943854.0,25946978.0,25949595.0,25952474.0,25955540.0,25958744.0,25962137.0,25965657.0,25969407.0,25972880.0,25976747.0,25980424.0,25983764.0,25986997.0,25990415.0,25993935.0,25997798.0,26001507.0,26004915.0,26008378.0,26011786.0,26015115.0,26018605.0,26022140.0,26025716.0,26029246.0,26032646.0,26036430.0,26040348.0,26044361.0,26048478.0,26052594.0,26056544.0,26060194.0,26063965.0,26067466.0,26071039.0,26074622.0,26078265.0,26081725.0,26085117.0,26088252.0,26091640.0,26094983.0,26098160.0,26101336.0,26104566.0,26107721.0,26110955.0,26114139.0,26117360.0,26120600.0,26124127.0,26127528.0,26130841.0,,26137287.0,26140610.0,26143894.0,26147103.0,26150288.0,26153139.0,26156026.0,26158772.0,26161699.0,26164652.0,26167728.0,26170948.0,26173957.0,26176869.0,26179824.0,26182959.0,26186089.0,26189214.0,26192443.0,26195746.0,26198805.0,26202141.0,26205371.0,26208766.0,26212391.0,26215988.0,26219271.0,26222685.0,26226041.0,26229637.0,26233256.0,26236814.0,26240279.0,26243828.0,26247752.0,26251560.0,26255488.0,26259447.0,26263468.0,26267453.0,26271285.0,26276148.0,26283649.0,26291156.0,26298176.0,26304688.0,26310727.0,26316707.0,26322764.0,26328109.0,26333279.0,26338559.0,26343592.0,26348635.0,26353094.0,26357346.0,26361963.0,26366098.0,26369803.0,26373920.0,26378072.0,26381978.0,26385607.0,26389161.0,26392930.0,26396818.0,26400767.0,26404272.0,26407662.0,26410847.0,26414181.0,26417599.0,26420598.0,26423682.0,26427315.0,26430938.0,26434645.0,26437986.0,26441277.0,26444241.0,26447289.0,26450514.0,26453472.0,26456611.0,26459649.0,26462678.0,26465768.0,26468971.0,26472175.0,26475177.0,26478024.0,26480950.0,26484011.0,26486972.0,26489942.0,26493108.0,26496055.0,26498784.0,26501693.0,26504627.0,26507524.0,26510595.0,26513490.0,26516370.0,26519124.0,26521926.0,26524632.0,26527353.0,26529966.0,26532752.0,26535437.0,26537977.0,26540573.0,26543137
U8A5sK5PRCI,29176576.0,29180591.0,29185103.0,29189851.0,29195013.0,29200472.0,29205524.0,29211489.0,29217315.0,29223705.0,29230560.0,29237782.0,29244494.0,29251112.0,29258165.0,29265591.0,29272549.0,29278875.0,29285122.0,29291316.0,29298111.0,29304856.0,29311986.0,29319024.0,29325681.0,29332798.0,29340249.0,29347531.0,29353661.0,29359218.0,29364454.0,29369656.0,29374520.0,29379605.0,29384738.0,29390405.0,29396679.0,29403008.0,29409260.0,29415524.0,29421390.0,29426904.0,29432451.0,29438087.0,29444328.0,29450640.0,29457688.0,29464614.0,29471199.0,29476864.0,29482239.0,29488464.0,29495199.0,29501729.0,29508016.0,29514304.0,29520611.0,29527705.0,29534459.0,29540844.0,29546846.0,29553886.0,29561081.0,29567922.0,29573869.0,29579537.0,29585305.0,29590756.0,29595606.0,29601794.0,29607994.0,29614278.0,29620759.0,29627491.0,29634471.0,29641368.0,29648081.0,29654301.0,29660572.0,29666755.0,29672570.0,29678956.0,29684972.0,29691001.0,29697126.0,29703624.0,29709885.0,29715677.0,29721482.0,29727241.0,29733073.0,29738815.0,29744697.0,29751120.0,29757384.0,29763459.0,29769232.0,29775055.0,29780851.0,29786562.0,29792283.0,29798143.0,29803786.0,29809556.0,29815596.0,29821706.0,29827646.0,29833564.0,29839578.0,29845438.0,29851167.0,29857130.0,29863133.0,29869375.0,29875540.0,29881539.0,29887517.0,29893551.0,29899446.0,29905163.0,29911260.0,29917328.0,29923022.0,29928729.0,29934398.0,29940082.0,29945647.0,29951597.0,29957158.0,29962269.0,29967450.0,29972940.0,29978547.0,29983828.0,,,,,,,,,30036376.0,30043263.0,30049779.0,30057003.0,30064426.0,30072916.0,30081619.0,30090295.0,30099118.0,30105943.0,30112642.0,30121138.0,30128367.0,30135449.0,30142281.0,30149037.0,30155047.0,30161815.0,30167670.0,30172488.0,30177279.0,30182257.0,30187162.0,30192001.0,30196677.0,30202145.0,30207590.0,30213140.0,30218579.0,30223770.0,30228860.0,30233994.0,30238896.0,30243950.0,30248920.0,30253717.0,30258262.0,30262747.0,30267635.0,30272517.0,30277471.0,30282438.0,30287909.0,30292958.0,30297875.0,30302825.0,30307583.0,30312575.0,30317511.0,30322537.0,30327356.0,30332216.0,30336856.0,30341980.0,30347096.0,30353099.0,30358469.0,30363480.0,30368237.0,30373239.0,30378067.0,30383031.0,30387816.0,30392594.0,30397222.0,30402025.0,30406711.0,30411482.0,30415560.0,30419612.0,30424153.0,30428727.0,30433625.0,30438608.0,30443709.0,30448601.0,30454088.0,30459519.0,30464492.0,30469400.0,30474055.0,30478831.0,30484307.0,30489604.0,30494553.0,30499800.0,30504600.0,30509525.0,30514369.0,30519163.0,30523982.0,30528980.0,30533840.0,30538584.0,30543356.0,30548182.0,30553091.0,30558062.0,30563068.0,30567773.0,30572684.0,30577236.0,30581762.0,30586207.0,30590977.0,30595279.0,30599631.0,30603948.0,30608259.0,30612623.0,30616980.0,30621586.0,30626198.0,30630697.0,30634875.0,30639179.0,30643537.0,30647930.0,30652588.0,30656931.0,30661236.0,,30670149.0,30674514.0,30678865.0,30683044.0,30687342.0,30692121.0,30697546.0,30702315.0,30706489.0,30710500.0,30714808.0,30719291.0,30723495.0,30727468.0,30731532.0,30735753.0,30740142.0,30744567.0,30749287.0,30754147.0,30758726.0,30763326.0,30767872.0,30772459.0,30777263.0,30781887.0,30786269.0,30791021.0,30795631.0,30800309.0,30805134.0,30810084.0,30814954.0,30819510.0,30824452.0,30829785.0,30834630.0,30839406.0,30844434.0,30849308.0,30853965.0,30860201.0,30870054.0,30879124.0,30887250.0,30895025.0,30902222.0,30909433.0,30916763.0,30922912.0,30928847.0,30935033.0,30941198.0,30947347.0,30952997.0,30958542.0,30965031.0,30970408.0,30975730.0,30981031.0,30986446.0,30991809.0,30996962.0,31001996.0,31007381.0,31012582.0,31017746.0,31022802.0,31027305.0,31032221.0,31037912.0,31042880.0,31047533.0,31052310.0,31057762.0,31063105.0,31068774.0,31073740.0,31078680.0,31083099.0,31087821.0,31092805.0,31097383.0,31102206.0,31107040.0,31111612.0,31116351.0,31121363.0,31126009.0,31130684.0,31135333.0,31139849.0,31144601.0,31149036.0,31153587.0,31158139.0,31162295.0,31166724.0,31171211.0,31175792.0,31180295.0,31184666.0,31188922.0,31193063.0,31197798.0,31201940.0,31205980.0,31209828.0,31213645.0,31217592.0,31221190.0,31224882.0,31228575.0,31232356
qgkEweS2gJk,106514.0,106542.0,106571.0,106595.0,106631.0,106667.0,106703.0,106734.0,106756.0,106776.0,106796.0,106834.0,106856.0,106899.0,106931.0,106966.0,106984.0,107005.0,107056.0,107083.0,107122.0,107142.0,107162.0,107180.0,107200.0,107226.0,107273.0,107316.0,107341.0,107360.0,107380.0,107402.0,107422.0,107446.0,107462.0,107479.0,107490.0,107512.0,107531.0,107562.0,107584.0,107604.0,107626.0,107644.0,107665.0,107678.0,107691.0,107717.0,107740.0,107753.0,107769.0,107781.0,107799.0,107822.0,107834.0,107852.0,107866.0,107889.0,107902.0,107914.0,107925.0,107948.0,107968.0,107981.0,107999.0,108015.0,108032.0,108041.0,108062.0,108071.0,108083.0,108096.0,108106.0,108115.0,108123.0,108138.0,108158.0,108169.0,108197.0,108204.0,108208.0,108222.0,108230.0,108245.0,108254.0,108269.0,108286.0,108294.0,108309.0,108320.0,108330.0,108346.0,108353.0,108362.0,108371.0,108380.0,108395.0,108403.0,108412.0,108425.0,108434.0,108440.0,108454.0,108471.0,108487.0,108496.0,108514.0,108523.0,108543.0,108556.0,108576.0,108599.0,108618.0,108632.0,108641.0,108657.0,108664.0,108681.0,108696.0,108715.0,108725.0,108735.0,108748.0,108758.0,108771.0,108779.0,108789.0,108799.0,108823.0,108835.0,108845.0,108860.0,108868.0,108877.0,,,,,,,,,109007.0,109019.0,109023.0,109035.0,109045.0,109054.0,109071.0,109077.0,109083.0,109089.0,109105.0,109123.0,109134.0,109146.0,109160.0,109169.0,109178.0,109189.0,109196.0,109203.0,109213.0,109219.0,109226.0,109233.0,109239.0,109247.0,109254.0,109264.0,109268.0,109282.0,109291.0,109308.0,109320.0,109331.0,109343.0,109351.0,109358.0,109362.0,109371.0,109378.0,109387.0,109394.0,109403.0,109408.0,109416.0,109431.0,109441.0,109449.0,109464.0,109475.0,109488.0,109493.0,109504.0,109515.0,109520.0,109535.0,109551.0,109557.0,109568.0,109579.0,109590.0,109595.0,109602.0,109607.0,109611.0,109615.0,109621.0,109633.0,109643.0,109656.0,109668.0,109683.0,109695.0,109710.0,109720.0,109734.0,109748.0,109761.0,109768.0,109783.0,109794.0,109807.0,109814.0,109832.0,109844.0,109851.0,109866.0,109877.0,109883.0,109894.0,109903.0,109911.0,109918.0,109932.0,109951.0,109966.0,109982.0,109998.0,110008.0,110019.0,110031.0,110036.0,110043.0,110055.0,110069.0,110078.0,110091.0,110103.0,110114.0,110133.0,110141.0,110160.0,110172.0,110185.0,110193.0,110203.0,110216.0,110228.0,110237.0,110254.0,110262.0,,110290.0,110304.0,110318.0,110322.0,110331.0,110344.0,110355.0,110360.0,110377.0,110391.0,110401.0,110414.0,110416.0,110422.0,110432.0,110443.0,110448.0,110466.0,110487.0,110493.0,110505.0,110513.0,110521.0,110534.0,110550.0,110559.0,110572.0,110581.0,110597.0,110603.0,110615.0,110625.0,110641.0,110651.0,110669.0,110677.0,110689.0,110700.0,110712.0,110731.0,110741.0,110759.0,110776.0,110795.0,110815.0,110832.0,110853.0,110868.0,110885.0,110918.0,110952.0,110973.0,111005.0,111043.0,111062.0,111093.0,111130.0,111162.0,111214.0,111269.0,111301.0,111331.0,111374.0,111418.0,111483.0,111547.0,111576.0,111591.0,111613.0,111647.0,111682.0,111705.0,111733.0,111763.0,111773.0,111800.0,111833.0,111848.0,111856.0,111863.0,111871.0,111881.0,111890.0,111895.0,111901.0,111904.0,111914.0,111926.0,111935.0,111946.0,111951.0,111955.0,111965.0,111970.0,111978.0,111989.0,111994.0,112002.0,112010.0,112021.0,112030.0,112040.0,112047.0,112054.0,112068.0,112075.0,112081.0,112086.0,112091.0,112102.0,112114.0,112121.0,112126.0,112130
xYXqVV4biGY,4788173.0,4788737.0,4789358.0,4790003.0,4790634.0,4791280.0,4791819.0,4792432.0,4792978.0,4793676.0,4794431.0,4795036.0,4795649.0,4796234.0,4796789.0,4797278.0,4797797.0,4798351.0,4799022.0,4799533.0,4800047.0,4800582.0,4801172.0,4801686.0,4802195.0,4802702.0,4803189.0,4803622.0,4804037.0,4804528.0,4805042.0,4805478.0,4805942.0,4806437.0,4806977.0,4807508.0,4808003.0,4808536.0,4809033.0,4809529.0,4810018.0,4810487.0,4810947.0,4811445.0,4811877.0,4812444.0,4812964.0,4813467.0,4813976.0,4814496.0,4814995.0,4815456.0,4815885.0,4816398.0,4816905.0,4817420.0,4817927.0,4818360.0,4818817.0,4819248.0,4819675.0,4820063.0,4820533.0,4820979.0,4821358.0,4821962.0,4822926.0,4823566.0,4824083.0,4824646.0,4825206.0,4825650.0,4826122.0,4826484.0,4826847.0,4827282.0,4827674.0,4828081.0,4828498.0,4828868.0,4829237.0,4829599.0,4830004.0,4830480.0,4830857.0,4831267.0,4831586.0,4832014.0,4832345.0,4832652.0,4833104.0,4833470.0,4833852.0,4834227.0,4834601.0,4834994.0,4835443.0,4835819.0,4836182.0,4836539.0,4836918.0,4837327.0,4837721.0,4838044.0,4838522.0,4838903.0,4839407.0,4839822.0,4840269.0,4840676.0,4841099.0,4841594.0,4842077.0,4842549.0,4843117.0,4843586.0,4843987.0,4844356.0,4844752.0,4845104.0,4845492.0,4845918.0,4846315.0,4846672.0,4847020.0,4847442.0,4847752.0,4848098.0,4848487.0,4848875.0,4849203.0,4849520.0,4849815.0,4850124.0,,,,,,,,,4853147.0,4853508.0,4853773.0,4854135.0,4854469.0,4854784.0,4855054.0,4855381.0,4855749.0,4856076.0,4856376.0,4856694.0,4857092.0,4857369.0,4857692.0,4858056.0,4858315.0,4858620.0,4858904.0,4859121.0,4859384.0,4859683.0,4860011.0,4860362.0,4860686.0,4860997.0,4861338.0,4861696.0,4862055.0,4862366.0,4862794.0,4863176.0,4863577.0,4863893.0,4864202.0,4864507.0,4864822.0,4865123.0,4865423.0,4865704.0,4866030.0,4866446.0,4866737.0,4867112.0,4867489.0,4867844.0,4868224.0,4868643.0,4868949.0,4869327.0,4869714.0,4870037.0,4870399.0,4870808.0,4871186.0,4871584.0,4871933.0,4872316.0,4872667.0,4873035.0,4873427.0,4873768.0,4874162.0,4874604.0,4874945.0,4875268.0,4875659.0,4875992.0,4876328.0,4876643.0,4877004.0,4877390.0,4877744.0,4878146.0,4878529.0,4878971.0,4879286.0,4879635.0,4879946.0,4880338.0,4880656.0,4881007.0,4881334.0,4881702.0,4882075.0,4882484.0,4882823.0,4883131.0,4883497.0,4883846.0,4884240.0,4884622.0,4885097.0,4885437.0,4885771.0,4886143.0,4886499.0,4886842.0,4887207.0,4887581.0,4887961.0,4888307.0,4888678.0,4889072.0,4889408.0,4889753.0,4890125.0,4890471.0,4890792.0,4891133.0,4891433.0,4891779.0,4892166.0,4892567.0,4892925.0,4893264.0,4893609.0,4893998.0,4894337.0,4894670.0,4895046.0,,4895771.0,4896099.0,4896439.0,4896749.0,4897137.0,4897479.0,4897814.0,4898128.0,4898469.0,4898779.0,4899076.0,4899420.0,4899781.0,4900054.0,4900353.0,4900593.0,4900907.0,4901233.0,4901545.0,4901846.0,4902119.0,4902406.0,4902690.0,4902979.0,4903287.0,4903629.0,4903973.0,4904278.0,4904605.0,4904932.0,4905340.0,4905701.0,4906026.0,4906392.0,4906717.0,4907020.0,4907358.0,4907632.0,4907977.0,4908266.0,4908617.0,4908930.0,4909264.0,4909628.0,4909965.0,4910295.0,4910660.0,4910958.0,4911335.0,4911669.0,4912064.0,4912423.0,4912785.0,4913142.0,4913579.0,4913960.0,4914320.0,4914651.0,4915053.0,4915404.0,4915771.0,4916143.0,4916478.0,4916861.0,4917241.0,4917600.0,4917971.0,4918285.0,4918665.0,4919062.0,4919480.0,4919849.0,4920175.0,4920545.0,4920956.0,4921278.0,4921617.0,4922002.0,4922347.0,4922703.0,4923072.0,4923498.0,4923831.0,4924242.0,4924579.0,4924911.0,4925276.0,4925673.0,4926030.0,4926368.0,4926720.0,4927079.0,4927398.0,4927798.0,4929311.0,4930773.0,4931987.0,4932845.0,4933491.0,4934076.0,4934621.0,4935249.0,4935885.0,4936572.0,4937106.0,4937588.0,4938229.0,4938813.0,4939283.0,4939726.0,4940106.0,4940568.0,4941025.0,4941375
J22XIeP_e2Q,609.0,609.0,609.0,609.0,609.0,609.0,609.0,609.0,611.0,611.0,611.0,611.0,611.0,611.0,611.0,612.0,614.0,614.0,614.0,614.0,614.0,615.0,615.0,615.0,616.0,616.0,616.0,616.0,616.0,616.0,616.0,616.0,616.0,616.0,616.0,616.0,616.0,616.0,616.0,616.0,616.0,616.0,616.0,616.0,616.0,616.0,616.0,616.0,616.0,616.0,616.0,616.0,616.0,616.0,616.0,616.0,616.0,617.0,617.0,617.0,617.0,617.0,617.0,617.0,617.0,617.0,617.0,617.0,617.0,617.0,617.0,617.0,618.0,618.0,618.0,618.0,618.0,618.0,618.0,621.0,621.0,621.0,621.0,621.0,623.0,623.0,623.0,623.0,623.0,623.0,623.0,623.0,623.0,623.0,623.0,623.0,624.0,624.0,626.0,626.0,626.0,626.0,626.0,626.0,626.0,626.0,631.0,631.0,633.0,634.0,634.0,634.0,636.0,637.0,637.0,638.0,638.0,638.0,638.0,638.0,638.0,638.0,638.0,638.0,639.0,639.0,639.0,639.0,639.0,640.0,641.0,641.0,641.0,641.0,,,,,,,,,641.0,641.0,641.0,641.0,641.0,641.0,641.0,641.0,641.0,642.0,642.0,642.0,642.0,642.0,642.0,642.0,642.0,642.0,642.0,642.0,642.0,642.0,642.0,642.0,642.0,642.0,642.0,642.0,642.0,642.0,642.0,642.0,642.0,642.0,642.0,642.0,642.0,642.0,642.0,642.0,642.0,642.0,642.0,642.0,642.0,642.0,642.0,642.0,642.0,642.0,642.0,642.0,642.0,642.0,642.0,642.0,642.0,642.0,642.0,642.0,642.0,642.0,642.0,642.0,642.0,642.0,642.0,642.0,642.0,642.0,642.0,642.0,642.0,642.0,642.0,642.0,642.0,642.0,642.0,642.0,642.0,642.0,642.0,642.0,642.0,642.0,642.0,642.0,642.0,642.0,642.0,642.0,642.0,642.0,642.0,642.0,642.0,642.0,642.0,642.0,642.0,642.0,642.0,642.0,642.0,642.0,642.0,642.0,642.0,642.0,642.0,642.0,642.0,642.0,642.0,642.0,642.0,642.0,642.0,642.0,642.0,,642.0,642.0,642.0,642.0,642.0,642.0,642.0,642.0,642.0,642.0,642.0,642.0,642.0,642.0,642.0,642.0,642.0,642.0,642.0,642.0,642.0,642.0,642.0,642.0,642.0,642.0,642.0,642.0,642.0,642.0,642.0,642.0,642.0,642.0,642.0,642.0,642.0,642.0,642.0,642.0,642.0,642.0,642.0,642.0,642.0,642.0,642.0,642.0,642.0,642.0,642.0,642.0,642.0,642.0,642.0,642.0,642.0,642.0,642.0,642.0,642.0,642.0,642.0,642.0,642.0,642.0,642.0,642.0,642.0,642.0,642.0,642.0,642.0,642.0,642.0,642.0,642.0,642.0,642.0,642.0,642.0,642.0,642.0,642.0,642.0,642.0,642.0,642.0,642.0,642.0,642.0,642.0,642.0,642.0,642.0,642.0,642.0,642.0,642.0,642.0,642.0,642.0,642.0,642.0,642.0,642.0,642.0,642.0,642.0,642.0,642.0,642.0,642.0,642
68bFS8QuJ80,95638.0,95682.0,95734.0,95777.0,95799.0,95832.0,95878.0,95946.0,96010.0,96057.0,96096.0,96134.0,96173.0,96220.0,96257.0,96300.0,96347.0,96384.0,96435.0,96469.0,96526.0,96578.0,96628.0,96661.0,96704.0,96733.0,96775.0,96809.0,96859.0,96895.0,96934.0,96966.0,97039.0,97098.0,97209.0,97277.0,97350.0,97425.0,97462.0,97518.0,97547.0,97609.0,97690.0,97781.0,97856.0,97922.0,97988.0,98034.0,98084.0,98143.0,98196.0,98243.0,98310.0,98357.0,98425.0,98481.0,98536.0,98590.0,98636.0,98677.0,98721.0,98803.0,98849.0,98887.0,98943.0,98995.0,99046.0,99104.0,99160.0,99234.0,99314.0,99369.0,99436.0,99515.0,99609.0,99685.0,99743.0,99813.0,99899.0,99989.0,100062.0,100117.0,100206.0,100266.0,100337.0,100421.0,100492.0,100553.0,100632.0,100709.0,100787.0,100877.0,100972.0,101052.0,101121.0,101196.0,101281.0,101364.0,101482.0,101574.0,101638.0,101705.0,101804.0,101886.0,101990.0,102090.0,102212.0,102316.0,102388.0,102477.0,102581.0,102690.0,102803.0,102923.0,102999.0,103076.0,103164.0,103222.0,103308.0,103380.0,103448.0,103498.0,103557.0,103621.0,103669.0,103730.0,103810.0,103876.0,103921.0,103963.0,104040.0,104117.0,104186.0,104244.0,,,,,,,,,104824.0,104864.0,104918.0,104951.0,104994.0,105027.0,105077.0,105123.0,105154.0,105201.0,105251.0,105310.0,105381.0,105453.0,105528.0,105578.0,105637.0,105690.0,105739.0,105788.0,105842.0,105883.0,105916.0,105973.0,106025.0,106070.0,106131.0,106171.0,106203.0,106238.0,106298.0,106379.0,106454.0,106520.0,106591.0,106674.0,106751.0,106800.0,106861.0,106894.0,106951.0,107036.0,107078.0,107123.0,107165.0,107226.0,107305.0,107349.0,107398.0,107455.0,107478.0,107523.0,107552.0,107599.0,107642.0,107749.0,107781.0,107818.0,107869.0,107922.0,107962.0,108001.0,108101.0,108155.0,108205.0,108289.0,108344.0,108381.0,108418.0,108470.0,108509.0,108544.0,108584.0,108644.0,108698.0,108749.0,108799.0,108841.0,108871.0,108924.0,108972.0,109007.0,109079.0,109125.0,109170.0,109221.0,109268.0,109337.0,109413.0,109461.0,109541.0,109581.0,109647.0,109696.0,109756.0,109802.0,109865.0,109912.0,109957.0,109989.0,110025.0,110077.0,110143.0,110203.0,110246.0,110286.0,110327.0,110375.0,110430.0,110469.0,110514.0,110546.0,110585.0,110610.0,110660.0,110712.0,110737.0,110782.0,110812.0,110854.0,110891.0,,110964.0,111026.0,111085.0,111106.0,111145.0,111174.0,111213.0,111243.0,111286.0,111331.0,111376.0,111415.0,111443.0,111483.0,111523.0,111563.0,111599.0,111656.0,111690.0,111728.0,111784.0,111838.0,111881.0,111927.0,111985.0,112035.0,112065.0,112111.0,112163.0,112215.0,112261.0,112308.0,112339.0,112368.0,112409.0,112444.0,112490.0,112540.0,112583.0,112617.0,112656.0,112700.0,112750.0,112804.0,112843.0,112894.0,112948.0,112984.0,113046.0,113102.0,113176.0,113229.0,113282.0,113324.0,113375.0,113425.0,113493.0,113548.0,113626.0,113691.0,113747.0,113801.0,113871.0,113938.0,114015.0,114116.0,114209.0,114261.0,114309.0,114362.0,114409.0,114461.0,114535.0,114599.0,114663.0,114715.0,114783.0,114840.0,114908.0,114969.0,115042.0,115083.0,115118.0,115160.0,115203.0,115248.0,115291.0,115331.0,115379.0,115411.0,115448.0,115484.0,115524.0,115556.0,115594.0,115624.0,115658.0,115704.0,115754.0,115794.0,115836.0,115891.0,115931.0,115979.0,116033.0,116088.0,116156.0,116201.0,116268.0,116315.0,116359.0,116425.0,116469.0,116506
VeGY-E_6Y50,111896.0,111925.0,111961.0,112001.0,112044.0,112085.0,112129.0,112167.0,112215.0,112257.0,112285.0,112332.0,112373.0,112405.0,112454.0,112493.0,112543.0,112582.0,112625.0,112670.0,112709.0,112747.0,112809.0,112850.0,112887.0,112920.0,112952.0,112982.0,113014.0,113045.0,113074.0,113101.0,113143.0,113177.0,113196.0,113224.0,113251.0,113287.0,113317.0,113348.0,113395.0,113417.0,113449.0,113478.0,113510.0,113539.0,113569.0,113593.0,113624.0,113653.0,113682.0,113708.0,113737.0,113772.0,113806.0,113839.0,113877.0,113912.0,113937.0,113961.0,113985.0,114007.0,114052.0,114091.0,114119.0,114148.0,114184.0,114206.0,114238.0,114284.0,114315.0,114348.0,114383.0,114398.0,114434.0,114480.0,114521.0,114548.0,114617.0,114994.0,115146.0,115237.0,115320.0,115402.0,115498.0,115582.0,115637.0,115701.0,115790.0,115863.0,115928.0,115985.0,116065.0,116130.0,116180.0,116228.0,116293.0,116363.0,116450.0,116522.0,116599.0,116683.0,116807.0,116945.0,117064.0,117157.0,117319.0,117431.0,117479.0,117637.0,117775.0,117902.0,118019.0,118103.0,118180.0,118262.0,118331.0,118423.0,118497.0,118577.0,118637.0,118718.0,118799.0,118878.0,118942.0,119025.0,119078.0,119153.0,119205.0,119294.0,119377.0,119456.0,119560.0,119643.0,,,,,,,,,120391.0,120473.0,120555.0,120633.0,120685.0,120760.0,120865.0,120915.0,120995.0,121056.0,121123.0,121177.0,121251.0,121333.0,121409.0,121481.0,121552.0,121632.0,121713.0,121776.0,121826.0,121869.0,121909.0,121975.0,122026.0,122084.0,122126.0,122176.0,122222.0,122259.0,122319.0,122356.0,122402.0,122450.0,122503.0,122552.0,122590.0,122629.0,122672.0,122716.0,122759.0,122800.0,122840.0,122868.0,122915.0,122948.0,122981.0,123013.0,123049.0,123084.0,123112.0,123146.0,123185.0,123224.0,123277.0,123303.0,123344.0,123366.0,123407.0,123454.0,123497.0,123520.0,123587.0,123636.0,123663.0,123688.0,123714.0,123755.0,123783.0,123811.0,123838.0,123863.0,123892.0,123924.0,123960.0,123992.0,124030.0,124073.0,124100.0,124139.0,124176.0,124213.0,124242.0,124295.0,124336.0,124372.0,124409.0,124467.0,124554.0,124608.0,124667.0,124728.0,124775.0,124822.0,124874.0,124932.0,124988.0,125030.0,125070.0,125090.0,125119.0,125164.0,125202.0,125252.0,125292.0,125338.0,125379.0,125429.0,125473.0,125504.0,125540.0,125587.0,125619.0,125649.0,125687.0,125712.0,125739.0,125772.0,125812.0,125849.0,125894.0,,125963.0,126025.0,126052.0,126091.0,126134.0,126164.0,126195.0,126232.0,126264.0,126297.0,126328.0,126363.0,126383.0,126422.0,126456.0,126498.0,126542.0,126578.0,126617.0,126658.0,126722.0,126776.0,126825.0,126865.0,126918.0,126954.0,126977.0,127019.0,127055.0,127101.0,127148.0,127180.0,127209.0,127240.0,127271.0,127305.0,127345.0,127381.0,127415.0,127451.0,127484.0,127518.0,127544.0,127582.0,127619.0,127655.0,127702.0,127741.0,127784.0,127823.0,127856.0,127904.0,127956.0,127995.0,128034.0,128070.0,128119.0,128156.0,128211.0,128255.0,128308.0,128353.0,128419.0,128470.0,128548.0,128618.0,128739.0,128796.0,128840.0,128900.0,128955.0,129009.0,129058.0,129119.0,129165.0,129217.0,129280.0,129313.0,129373.0,129429.0,129469.0,129510.0,129557.0,129601.0,129637.0,129673.0,129709.0,129734.0,129774.0,129799.0,129834.0,129862.0,129898.0,129915.0,129950.0,129987.0,130017.0,130051.0,130088.0,130112.0,130149.0,130181.0,130210.0,130239.0,130261.0,130294.0,130327.0,130360.0,130397.0,130432.0,130450.0,130478.0,130514.0,130542
G4NIHxXVE1Y,57410.0,57421.0,57435.0,57450.0,57459.0,57471.0,57490.0,57507.0,57524.0,57544.0,57554.0,57566.0,57583.0,57600.0,57614.0,57638.0,57654.0,57673.0,57682.0,57708.0,57729.0,57741.0,57755.0,57765.0,57778.0,57798.0,57812.0,57822.0,57836.0,57851.0,57870.0,57885.0,57895.0,57910.0,57920.0,57932.0,57950.0,57968.0,57987.0,58005.0,58019.0,58034.0,58045.0,58058.0,58068.0,58077.0,58083.0,58096.0,58107.0,58113.0,58139.0,58162.0,58171.0,58185.0,58197.0,58209.0,58219.0,58230.0,58243.0,58254.0,58270.0,58294.0,58307.0,58324.0,58337.0,58351.0,58355.0,58360.0,58370.0,58376.0,58383.0,58397.0,58410.0,58420.0,58432.0,58445.0,58455.0,58465.0,58479.0,58488.0,58497.0,58507.0,58518.0,58533.0,58538.0,58546.0,58556.0,58566.0,58573.0,58579.0,58592.0,58595.0,58604.0,58620.0,58634.0,58649.0,58657.0,58677.0,58690.0,58694.0,58707.0,58718.0,58733.0,58739.0,58746.0,58755.0,58765.0,58779.0,58789.0,58797.0,58805.0,58817.0,58827.0,58839.0,58850.0,58860.0,58866.0,58870.0,58875.0,58878.0,58885.0,58900.0,58911.0,58919.0,58928.0,58936.0,58947.0,58965.0,58976.0,58986.0,58998.0,59011.0,59026.0,59037.0,,,,,,,,,59143.0,59152.0,59161.0,59181.0,59193.0,59206.0,59217.0,59223.0,59232.0,59237.0,59245.0,59253.0,59257.0,59262.0,59266.0,59271.0,59279.0,59288.0,59292.0,59305.0,59313.0,59320.0,59326.0,59329.0,59335.0,59342.0,59349.0,59353.0,59361.0,59365.0,59373.0,59376.0,59381.0,59386.0,59389.0,59395.0,59396.0,59403.0,59407.0,59411.0,59426.0,59432.0,59438.0,59442.0,59451.0,59460.0,59471.0,59482.0,59493.0,59509.0,59515.0,59524.0,59538.0,59552.0,59563.0,59570.0,59583.0,59594.0,59602.0,59604.0,59613.0,59616.0,59626.0,59632.0,59640.0,59645.0,59654.0,59662.0,59672.0,59683.0,59692.0,59698.0,59705.0,59712.0,59723.0,59737.0,59744.0,59754.0,59759.0,59764.0,59774.0,59782.0,59788.0,59798.0,59807.0,59814.0,59827.0,59847.0,59863.0,59879.0,59897.0,59906.0,59909.0,59914.0,59923.0,59931.0,59938.0,59948.0,59952.0,59961.0,59971.0,59974.0,59981.0,59990.0,59994.0,60006.0,60012.0,60015.0,60023.0,60036.0,60044.0,60049.0,60058.0,60063.0,60068.0,60078.0,60086.0,60092.0,60096.0,60104.0,60114.0,,60130.0,60139.0,60145.0,60155.0,60166.0,60172.0,60179.0,60185.0,60191.0,60195.0,60204.0,60218.0,60221.0,60228.0,60236.0,60244.0,60251.0,60254.0,60260.0,60268.0,60273.0,60288.0,60300.0,60307.0,60316.0,60323.0,60331.0,60341.0,60348.0,60357.0,60362.0,60370.0,60374.0,60383.0,60397.0,60406.0,60411.0,60427.0,60435.0,60444.0,60455.0,60466.0,60474.0,60483.0,60489.0,60499.0,60509.0,60518.0,60523.0,60531.0,60540.0,60546.0,60557.0,60567.0,60572.0,60579.0,60596.0,60599.0,60602.0,60611.0,60621.0,60631.0,60638.0,60645.0,60655.0,60663.0,60667.0,60675.0,60685.0,60695.0,60699.0,60705.0,60712.0,60720.0,60729.0,60735.0,60742.0,60743.0,60749.0,60756.0,60766.0,60779.0,60784.0,60793.0,60801.0,60811.0,60826.0,60868.0,60888.0,60897.0,60904.0,60912.0,60920.0,60927.0,60937.0,60951.0,60961.0,60968.0,60978.0,60984.0,60997.0,61004.0,61022.0,61035.0,61040.0,61049.0,61060.0,61069.0,61073.0,61084.0,61092.0,61099.0,61102.0,61109
i55xbtyJLqU,3514727.0,3514973.0,3515252.0,3515505.0,3515773.0,3516013.0,3516269.0,3516504.0,3516814.0,3517069.0,3517334.0,3517550.0,3517802.0,3518057.0,3518290.0,3518600.0,3518935.0,3519210.0,3519467.0,3519707.0,3519997.0,3520316.0,3520589.0,3520859.0,3521163.0,3521422.0,3521747.0,3522015.0,3522266.0,3522512.0,3522729.0,3522975.0,3523216.0,3523428.0,3523672.0,3523875.0,3524173.0,3524429.0,3524664.0,3524924.0,3525166.0,3525442.0,3525629.0,3525909.0,3526134.0,3526364.0,3526591.0,3526781.0,3526992.0,3527201.0,3527393.0,3527579.0,3527769.0,3527902.0,3528108.0,3528303.0,3528484.0,3528683.0,3528881.0,3529126.0,3529327.0,3529569.0,3529779.0,3529996.0,3530202.0,3530407.0,3530628.0,3530866.0,3531036.0,3531279.0,3531489.0,3531653.0,3531838.0,3532048.0,3532206.0,3532400.0,3532557.0,3532753.0,3532980.0,3533197.0,3533405.0,3533548.0,3533714.0,3533894.0,3534049.0,3534235.0,3534392.0,3534586.0,3534755.0,3534925.0,3535068.0,3535232.0,3535441.0,3535606.0,3535793.0,3535985.0,3536184.0,3536343.0,3536515.0,3536693.0,3536846.0,3537026.0,3537203.0,3537352.0,3537506.0,3537689.0,3537867.0,3538031.0,3538229.0,3538392.0,3538548.0,3538716.0,3538879.0,3539054.0,3539211.0,3539391.0,3539534.0,3539729.0,3539887.0,3540061.0,3540258.0,3540441.0,3540626.0,3540784.0,3540978.0,3541134.0,3541357.0,3541536.0,3541739.0,3541923.0,3542122.0,3542330.0,3542535.0,3542691.0,,,,,,,,,3544191.0,3544386.0,3544650.0,3544917.0,3545140.0,3545320.0,3545483.0,3545655.0,3545825.0,3545998.0,3546130.0,3546278.0,3546444.0,3546599.0,3546777.0,3546953.0,3547131.0,3547318.0,3547477.0,3547635.0,3547817.0,3548009.0,3548206.0,3548351.0,3548509.0,3548651.0,3548790.0,3548951.0,3549125.0,3549308.0,3549454.0,3549607.0,3549786.0,3549929.0,3550076.0,3550250.0,3550388.0,3550533.0,3550668.0,3550824.0,3550981.0,3551120.0,3551279.0,3551444.0,3551572.0,3551730.0,3551898.0,3552044.0,3552229.0,3552374.0,3552555.0,3552715.0,3552883.0,3553031.0,3553170.0,3553343.0,3553498.0,3553647.0,3553816.0,3553961.0,3554135.0,3554291.0,3554447.0,3554599.0,3554745.0,3554938.0,3555105.0,3555278.0,3555403.0,3555534.0,3555697.0,3555861.0,3556020.0,3556195.0,3556390.0,3556706.0,3556940.0,3557165.0,3557191.0,3557256.0,3557380.0,3557531.0,3557778.0,3557916.0,3558110.0,3558269.0,3558407.0,3558566.0,3558741.0,3558895.0,3559045.0,3559219.0,3559395.0,3559609.0,3559749.0,3559906.0,3560061.0,3560221.0,3560462.0,3560649.0,3560801.0,3560971.0,3561128.0,3561271.0,3561420.0,3561569.0,3561755.0,3561921.0,3562115.0,3562260.0,3562400.0,3562526.0,3562697.0,3562871.0,3563053.0,3563244.0,3563411.0,3563586.0,3563777.0,3563979.0,3564119.0,,3564477.0,3564642.0,3564820.0,3564982.0,3565174.0,3565332.0,3565494.0,3565642.0,3565784.0,3565912.0,3566042.0,3566181.0,3566356.0,3566511.0,3566635.0,3566786.0,3566915.0,3567097.0,3567244.0,3567394.0,3567536.0,3567675.0,3567798.0,3568024.0,3568202.0,3568340.0,3568504.0,3568653.0,3568799.0,3568998.0,3569140.0,3569305.0,3569451.0,3569596.0,3569717.0,3569907.0,3570066.0,3570242.0,3570418.0,3570590.0,3570753.0,3570878.0,3571072.0,3571251.0,3571418.0,3571613.0,3571775.0,3571959.0,3572141.0,3572278.0,3572428.0,3572588.0,3572741.0,3572915.0,3573071.0,3573266.0,3573424.0,3573573.0,3573716.0,3573854.0,3574046.0,3574183.0,3574319.0,3574470.0,3574630.0,3574769.0,3574965.0,3575162.0,3575358.0,3575567.0,3575731.0,3575879.0,3576032.0,3576196.0,3576430.0,3576609.0,3576748.0,3576882.0,3577041.0,3577227.0,3577396.0,3577580.0,3577771.0,3577899.0,3578077.0,3578196.0,3578334.0,3578520.0,3578689.0,3578842.0,3578979.0,3579118.0,3579251.0,3579416.0,3579590.0,3579753.0,3579904.0,3580047.0,3580205.0,3580342.0,3580514.0,3580665.0,3580843.0,3580987.0,3581121.0,3581263.0,3581455.0,3581626.0,3581767.0,3581931.0,3582098.0,3582258.0,3582399.0,3582543
gBiUkSsQzUo,287355.0,287437.0,287490.0,287561.0,287626.0,287704.0,287756.0,287845.0,287934.0,288014.0,288083.0,288133.0,288218.0,288284.0,288359.0,288415.0,288476.0,288555.0,288619.0,288688.0,288778.0,288852.0,288923.0,288990.0,289069.0,289121.0,289194.0,289259.0,289307.0,289367.0,289424.0,289486.0,289537.0,289607.0,289690.0,289752.0,289833.0,289898.0,289970.0,290044.0,290085.0,290183.0,290281.0,290376.0,290460.0,290559.0,290624.0,290680.0,290750.0,290808.0,290872.0,290939.0,291000.0,291054.0,291097.0,291138.0,291201.0,291248.0,291323.0,291375.0,291414.0,291480.0,291547.0,291605.0,291664.0,291736.0,291803.0,291856.0,291899.0,291960.0,292010.0,292069.0,292120.0,292175.0,292229.0,292269.0,292320.0,292360.0,292419.0,292469.0,292520.0,292560.0,292596.0,292637.0,292693.0,292748.0,292810.0,292864.0,292913.0,292985.0,293052.0,293134.0,293193.0,293258.0,293319.0,293393.0,293480.0,293536.0,293595.0,293660.0,293709.0,293780.0,293839.0,293914.0,293966.0,294030.0,294095.0,294147.0,294199.0,294235.0,294281.0,294333.0,294376.0,294425.0,294451.0,294488.0,294530.0,294567.0,294606.0,294637.0,294680.0,294759.0,294797.0,294834.0,294872.0,294909.0,294954.0,295001.0,295060.0,295109.0,295183.0,295251.0,295327.0,295374.0,,,,,,,,,295756.0,295793.0,295840.0,295894.0,295952.0,296002.0,296051.0,296088.0,296134.0,296167.0,296201.0,296231.0,296264.0,296310.0,296330.0,296358.0,296390.0,296437.0,296462.0,296487.0,296528.0,296558.0,296595.0,296625.0,296664.0,296695.0,296736.0,296769.0,296800.0,296833.0,296879.0,296907.0,296940.0,296968.0,296999.0,297029.0,297059.0,297091.0,297139.0,297185.0,297214.0,297265.0,297295.0,297322.0,297363.0,297393.0,297434.0,297485.0,297524.0,297562.0,297594.0,297635.0,297675.0,297717.0,297753.0,297794.0,297834.0,297876.0,297914.0,297971.0,298016.0,298045.0,298081.0,298104.0,298139.0,298185.0,298225.0,298273.0,298306.0,298328.0,298374.0,298424.0,298451.0,298490.0,298525.0,298559.0,298582.0,298609.0,298641.0,298682.0,298735.0,298781.0,298816.0,298858.0,298898.0,298957.0,298983.0,299024.0,299057.0,299108.0,299135.0,299184.0,299240.0,299309.0,299355.0,299397.0,299441.0,299477.0,299511.0,299557.0,299597.0,299649.0,299685.0,299722.0,299761.0,299796.0,299846.0,299887.0,299921.0,299956.0,299995.0,300027.0,300086.0,300118.0,300158.0,300197.0,300236.0,300292.0,300343.0,300381.0,300429.0,,300522.0,300547.0,300590.0,300646.0,300689.0,300722.0,300767.0,300802.0,300847.0,300888.0,300921.0,300970.0,301028.0,301073.0,301108.0,301133.0,301169.0,301205.0,301248.0,301302.0,301355.0,301388.0,301432.0,301473.0,301541.0,301576.0,301636.0,301675.0,301720.0,301770.0,301830.0,301873.0,301932.0,302013.0,302065.0,302138.0,302195.0,302266.0,302319.0,302393.0,302431.0,302493.0,302549.0,302606.0,302669.0,302741.0,302786.0,302834.0,302878.0,302924.0,302984.0,303041.0,303070.0,303108.0,303158.0,303205.0,303250.0,303292.0,303329.0,303368.0,303411.0,303451.0,303503.0,303562.0,303609.0,303641.0,303693.0,303746.0,303783.0,303835.0,303872.0,303918.0,303962.0,304023.0,304073.0,304116.0,304169.0,304200.0,304237.0,304296.0,304341.0,304388.0,304450.0,304489.0,304553.0,304602.0,304637.0,304685.0,304732.0,304778.0,304817.0,304884.0,304909.0,304953.0,305002.0,305038.0,305091.0,305146.0,305205.0,305243.0,305293.0,305339.0,305381.0,305424.0,305462.0,305512.0,305560.0,305605.0,305643.0,305676.0,305723.0,305769.0,305818.0,305856
mu5pKU7Blm8,122246.0,122285.0,122315.0,122352.0,122377.0,122407.0,122451.0,122475.0,122505.0,122544.0,122569.0,122586.0,122620.0,122657.0,122688.0,122716.0,122752.0,122770.0,122795.0,122829.0,122857.0,122896.0,122916.0,122940.0,122967.0,123005.0,123036.0,123065.0,123104.0,123137.0,123176.0,123201.0,123225.0,123255.0,123280.0,123312.0,123348.0,123373.0,123403.0,123427.0,123444.0,123482.0,123510.0,123530.0,123562.0,123594.0,123622.0,123645.0,123668.0,123699.0,123732.0,123763.0,123800.0,123819.0,123864.0,123901.0,123939.0,123969.0,124008.0,124042.0,124100.0,124125.0,124165.0,124174.0,124200.0,124229.0,124253.0,124279.0,124303.0,124330.0,124354.0,124376.0,124404.0,124442.0,124470.0,124504.0,124531.0,124552.0,124585.0,124614.0,124651.0,124680.0,124706.0,124726.0,124751.0,124774.0,124804.0,124828.0,124857.0,124887.0,124911.0,124937.0,124965.0,124993.0,125025.0,125065.0,125094.0,125119.0,125138.0,125163.0,125194.0,125245.0,125272.0,125306.0,125334.0,125356.0,125385.0,125406.0,125439.0,125462.0,125488.0,125511.0,125533.0,125553.0,125580.0,125612.0,125638.0,125672.0,125700.0,125736.0,125774.0,125792.0,125823.0,125834.0,125859.0,125894.0,125930.0,125953.0,125976.0,125999.0,126019.0,126039.0,126062.0,126086.0,,,,,,,,,126371.0,126398.0,126424.0,126450.0,126479.0,126498.0,126524.0,126558.0,126574.0,126602.0,126626.0,126645.0,126673.0,126702.0,126723.0,126747.0,126763.0,126779.0,126815.0,126838.0,126868.0,126888.0,126916.0,126942.0,126955.0,126983.0,127003.0,127033.0,127051.0,127073.0,127100.0,127117.0,127130.0,127145.0,127158.0,127168.0,127190.0,127207.0,127223.0,127238.0,127251.0,127269.0,127287.0,127314.0,127339.0,127357.0,127374.0,127398.0,127424.0,127441.0,127470.0,127494.0,127513.0,127538.0,127548.0,127571.0,127588.0,127605.0,127624.0,127648.0,127674.0,127705.0,127722.0,127746.0,127763.0,127782.0,127806.0,127832.0,127852.0,127882.0,127899.0,127927.0,127958.0,127977.0,128000.0,128021.0,128039.0,128064.0,128094.0,128119.0,128146.0,128173.0,128198.0,128221.0,128247.0,128272.0,128296.0,128312.0,128333.0,128360.0,128385.0,128430.0,128456.0,128483.0,128511.0,128535.0,128574.0,128605.0,128630.0,128654.0,128675.0,128703.0,128735.0,128769.0,128798.0,128825.0,128853.0,128876.0,128904.0,128939.0,128961.0,128976.0,129013.0,129043.0,129070.0,129101.0,129123.0,129170.0,129213.0,129242.0,129283.0,,129353.0,129380.0,129410.0,129444.0,129469.0,129497.0,129523.0,129550.0,129579.0,129618.0,129643.0,129669.0,129697.0,129716.0,129734.0,129761.0,129789.0,129820.0,129841.0,129868.0,129890.0,129925.0,129965.0,130008.0,130041.0,130075.0,130114.0,130143.0,130173.0,130213.0,130247.0,130284.0,130309.0,130335.0,130368.0,130409.0,130445.0,130489.0,130522.0,130556.0,130577.0,130607.0,130635.0,130664.0,130698.0,130730.0,130766.0,130807.0,130826.0,130871.0,130896.0,130927.0,130955.0,130984.0,131026.0,131062.0,131085.0,131103.0,131131.0,131155.0,131194.0,131225.0,131247.0,131266.0,131296.0,131318.0,131340.0,131358.0,131384.0,131413.0,131441.0,131467.0,131490.0,131517.0,131537.0,131557.0,131580.0,131599.0,131628.0,131658.0,131686.0,131714.0,131745.0,131779.0,131798.0,131820.0,131850.0,131873.0,131886.0,131902.0,131926.0,131946.0,131973.0,131993.0,132023.0,132056.0,132096.0,132129.0,132158.0,132185.0,132215.0,132234.0,132260.0,132293.0,132317.0,132349.0,132374.0,132403.0,132429.0,132460.0,132496.0,132519.0,132549.0,132569
ueEKhTusmAE,83255.0,83310.0,83364.0,83404.0,83435.0,83494.0,83554.0,83599.0,83655.0,83730.0,83789.0,83845.0,83908.0,83995.0,84040.0,84103.0,84153.0,84193.0,84236.0,84288.0,84328.0,84383.0,84426.0,84490.0,84547.0,84604.0,84662.0,84740.0,84795.0,84857.0,84926.0,84986.0,85048.0,85113.0,85187.0,85239.0,85343.0,85414.0,85473.0,85535.0,85586.0,85648.0,85730.0,85813.0,85897.0,85958.0,85998.0,86062.0,86116.0,86175.0,86228.0,86295.0,86338.0,86384.0,86441.0,86500.0,86557.0,86625.0,86696.0,86767.0,86827.0,86894.0,86959.0,86995.0,87037.0,87085.0,87127.0,87175.0,87202.0,87253.0,87309.0,87353.0,87421.0,87493.0,87547.0,87589.0,87628.0,87680.0,87713.0,87762.0,87803.0,87836.0,87844.0,87885.0,87918.0,87947.0,87987.0,88017.0,88043.0,88075.0,88110.0,88152.0,88179.0,88222.0,88257.0,88296.0,88330.0,88364.0,88389.0,88427.0,88471.0,88507.0,88536.0,88579.0,88614.0,88645.0,88676.0,88716.0,88748.0,88790.0,88829.0,88864.0,88907.0,88937.0,88975.0,89012.0,89037.0,89067.0,89101.0,89147.0,89186.0,89222.0,89251.0,89298.0,89337.0,89378.0,89420.0,89451.0,89492.0,89544.0,89585.0,89614.0,89649.0,89674.0,,,,,,,,,90059.0,90093.0,90118.0,90161.0,90202.0,90225.0,90251.0,90272.0,90299.0,90325.0,90367.0,90394.0,90429.0,90473.0,90511.0,90552.0,90579.0,90608.0,90648.0,90685.0,90716.0,90757.0,90799.0,90838.0,90866.0,90906.0,90940.0,90979.0,91010.0,91037.0,91084.0,91127.0,91155.0,91229.0,91269.0,91308.0,91362.0,91397.0,91418.0,91450.0,91495.0,91540.0,91587.0,91634.0,91663.0,91703.0,91737.0,91776.0,91805.0,91846.0,91898.0,91932.0,91961.0,92007.0,92037.0,92060.0,92121.0,92165.0,92193.0,92225.0,92260.0,92284.0,92323.0,92360.0,92405.0,92430.0,92460.0,92480.0,92516.0,92569.0,92601.0,92644.0,92674.0,92711.0,92733.0,92757.0,92794.0,92844.0,92888.0,92920.0,92956.0,92984.0,93015.0,93054.0,93110.0,93140.0,93170.0,93217.0,93250.0,93281.0,93327.0,93379.0,93422.0,93456.0,93480.0,93516.0,93571.0,93617.0,93671.0,93715.0,93750.0,93780.0,93843.0,93885.0,93916.0,93947.0,93984.0,94018.0,94046.0,94098.0,94130.0,94168.0,94208.0,94256.0,94313.0,94343.0,94392.0,94443.0,94486.0,94533.0,94582.0,,94688.0,94731.0,94795.0,94838.0,94872.0,94902.0,94943.0,94980.0,95017.0,95054.0,95098.0,95132.0,95173.0,95207.0,95242.0,95273.0,95307.0,95351.0,95389.0,95425.0,95475.0,95510.0,95564.0,95613.0,95669.0,95728.0,95776.0,95816.0,95848.0,95881.0,95949.0,95991.0,96031.0,96077.0,96124.0,96189.0,96237.0,96282.0,96326.0,96378.0,96412.0,96454.0,96499.0,96526.0,96564.0,96601.0,96650.0,96695.0,96741.0,96782.0,96826.0,96859.0,96896.0,96936.0,96982.0,97013.0,97058.0,97094.0,97119.0,97148.0,97176.0,97213.0,97247.0,97283.0,97325.0,97352.0,97400.0,97437.0,97481.0,97524.0,97558.0,97604.0,97647.0,97679.0,97726.0,97762.0,97788.0,97824.0,97866.0,97909.0,97953.0,98008.0,98055.0,98088.0,98111.0,98145.0,98187.0,98228.0,98253.0,98272.0,98318.0,98348.0,98383.0,98422.0,98465.0,98504.0,98541.0,98589.0,98626.0,98653.0,98689.0,98712.0,98754.0,98796.0,98842.0,98885.0,98911.0,98958.0,99009.0,99054.0,99090.0,99129.0,99162.0,99200
FOhfDOgLoOw,169042.0,169087.0,169124.0,169173.0,169208.0,169247.0,169304.0,169344.0,169393.0,169433.0,169483.0,169553.0,169603.0,169675.0,169731.0,169808.0,169882.0,169949.0,170006.0,170075.0,170136.0,170183.0,170224.0,170268.0,170310.0,170356.0,170387.0,170429.0,170475.0,170524.0,170575.0,170609.0,170646.0,170679.0,170713.0,170749.0,170801.0,170848.0,170884.0,170928.0,170970.0,171019.0,171060.0,171099.0,171146.0,171184.0,171218.0,171260.0,171286.0,171317.0,171367.0,171406.0,171445.0,171473.0,171518.0,171553.0,171592.0,171621.0,171664.0,171711.0,171757.0,171792.0,171832.0,171869.0,171899.0,171952.0,171983.0,172017.0,172048.0,172096.0,172134.0,172175.0,172222.0,172257.0,172285.0,172323.0,172371.0,172402.0,172433.0,172457.0,172486.0,172517.0,172540.0,172566.0,172592.0,172627.0,172645.0,172682.0,172705.0,172739.0,172762.0,172791.0,172822.0,172849.0,172880.0,172904.0,172936.0,172949.0,172978.0,173007.0,173033.0,173081.0,173116.0,173144.0,173180.0,173202.0,173242.0,173269.0,173305.0,173343.0,173362.0,173391.0,173423.0,173443.0,173474.0,173512.0,173530.0,173561.0,173587.0,173622.0,173653.0,173691.0,173718.0,173745.0,173779.0,173802.0,173841.0,173865.0,173898.0,173919.0,173950.0,173975.0,174018.0,174050.0,,,,,,,,,174346.0,174375.0,174406.0,174456.0,174482.0,174512.0,174549.0,174581.0,174616.0,174656.0,174692.0,174721.0,174748.0,174787.0,174825.0,174857.0,174887.0,174907.0,174948.0,174981.0,175019.0,175036.0,175068.0,175101.0,175139.0,175180.0,175221.0,175249.0,175275.0,175302.0,175327.0,175366.0,175387.0,175404.0,175440.0,175467.0,175498.0,175530.0,175556.0,175582.0,175612.0,175636.0,175670.0,175697.0,175727.0,175747.0,175773.0,175805.0,175830.0,175856.0,175890.0,175911.0,175927.0,175955.0,175980.0,176006.0,176024.0,176051.0,176084.0,176118.0,176139.0,176161.0,176192.0,176230.0,176256.0,176281.0,176302.0,176330.0,176357.0,176387.0,176414.0,176452.0,176481.0,176526.0,176559.0,176582.0,176613.0,176643.0,176695.0,176732.0,176781.0,176812.0,176849.0,176895.0,176937.0,176971.0,176998.0,177025.0,177054.0,177086.0,177114.0,177152.0,177192.0,177211.0,177228.0,177268.0,177304.0,177333.0,177367.0,177389.0,177417.0,177437.0,177476.0,177513.0,177548.0,177582.0,177615.0,177637.0,177671.0,177700.0,177730.0,177763.0,177790.0,177819.0,177856.0,177887.0,177914.0,177953.0,177983.0,178012.0,178049.0,,178100.0,178139.0,178182.0,178224.0,178244.0,178275.0,178305.0,178339.0,178360.0,178394.0,178413.0,178439.0,178469.0,178508.0,178547.0,178573.0,178601.0,178631.0,178658.0,178694.0,178729.0,178763.0,178801.0,178841.0,178882.0,178915.0,178953.0,178995.0,179042.0,179076.0,179127.0,179164.0,179222.0,179263.0,179306.0,179345.0,179390.0,179434.0,179476.0,179513.0,179547.0,179585.0,179632.0,179673.0,179713.0,179751.0,179800.0,179838.0,179886.0,179931.0,179970.0,180002.0,180042.0,180081.0,180129.0,180159.0,180183.0,180207.0,180242.0,180275.0,180302.0,180335.0,180366.0,180397.0,180431.0,180473.0,180513.0,180548.0,180573.0,180608.0,180638.0,180671.0,180709.0,180741.0,180768.0,180797.0,180828.0,180855.0,180881.0,180905.0,180940.0,180969.0,180996.0,181031.0,181056.0,181086.0,181117.0,181153.0,181175.0,181198.0,181219.0,181240.0,181270.0,181296.0,181316.0,181349.0,181372.0,181411.0,181453.0,181480.0,181516.0,181537.0,181567.0,181585.0,181624.0,181658.0,181684.0,181720.0,181747.0,181764.0,181796.0,181826.0,181843.0,181869
DiGnWwgLAfE,22297393.0,22299354.0,22301781.0,22304416.0,22306904.0,22309212.0,22311397.0,22313880.0,22316457.0,22319174.0,22321953.0,22324378.0,22326854.0,22329391.0,22332386.0,22335251.0,22338417.0,22341497.0,22344189.0,22346967.0,22350028.0,22352969.0,22356090.0,22359713.0,22363212.0,22366152.0,22368964.0,22371980.0,22375120.0,22378098.0,22381407.0,22384583.0,22387206.0,22389842.0,22392332.0,22395000.0,22397570.0,22400563.0,22403336.0,22405566.0,22407841.0,22410193.0,22412836.0,22415776.0,22418779.0,22421476.0,22424126.0,22426684.0,22429218.0,22431966.0,22434769.0,22438172.0,22441264.0,22443874.0,22446422.0,22449064.0,22451851.0,22454771.0,22458371.0,22461866.0,22464641.0,22467270.0,22470115.0,22472893.0,22475527.0,22478296.0,22480771.0,22483497.0,22485893.0,22488987.0,22491739.0,22494346.0,22496881.0,22499294.0,22501597.0,22504061.0,22506603.0,22509437.0,22512045.0,22514703.0,22517259.0,22519766.0,22522216.0,22524636.0,22527132.0,22529576.0,22532228.0,22534717.0,22537110.0,22539157.0,22541635.0,22543787.0,22545938.0,22548416.0,22550734.0,22552884.0,22554894.0,22556809.0,22558844.0,22560860.0,22562975.0,22565078.0,22566940.0,22568611.0,22570401.0,22572208.0,22574091.0,22576046.0,22578049.0,22579997.0,22582062.0,22584064.0,22586009.0,22588133.0,22590482.0,22592828.0,22594793.0,22596738.0,22598705.0,22600838.0,22603150.0,22605678.0,22608223.0,22610347.0,22612283.0,22614226.0,22616394.0,22618600.0,22620826.0,22623053.0,22625169.0,22627055.0,22629097.0,22630927.0,,,,,,,,,22649167.0,22651462.0,22653424.0,22655329.0,22657084.0,22658579.0,22660146.0,22661974.0,22663889.0,22665620.0,22667161.0,22668485.0,22670469.0,22672264.0,22674445.0,22676362.0,22677997.0,22679641.0,22681282.0,22683161.0,22685257.0,22687608.0,22690113.0,22692468.0,22694993.0,22697529.0,22700179.0,22702890.0,22705681.0,22708329.0,22710891.0,22713237.0,22715724.0,22718182.0,22720663.0,22723518.0,22726000.0,22728107.0,22730502.0,22733081.0,22735393.0,22737779.0,22740568.0,22743529.0,22746146.0,22748809.0,22751537.0,22754481.0,22757398.0,22760233.0,22762924.0,22765349.0,22767899.0,22770367.0,22772893.0,22775679.0,22778947.0,22781941.0,22784717.0,22787436.0,22790260.0,22792939.0,22795666.0,22798535.0,22801286.0,22804101.0,22806624.0,22809069.0,22811178.0,22813415.0,22815684.0,22817954.0,22820130.0,22822436.0,22825040.0,22828021.0,22831042.0,22834446.0,22837333.0,22839911.0,22842414.0,22844627.0,22847247.0,22849661.0,22852568.0,22855342.0,22857805.0,22860104.0,22862413.0,22864788.0,22867254.0,22870111.0,22873014.0,22875434.0,22878054.0,22880402.0,22882973.0,22885653.0,22888559.0,22891165.0,22893588.0,22896077.0,22898581.0,22901018.0,22903400.0,22906012.0,22908402.0,22910586.0,22912760.0,22915091.0,22917271.0,22919557.0,22922083.0,22924558.0,22926768.0,22928920.0,22931273.0,22933544.0,22935894.0,22938444.0,22940986.0,,22945822.0,22948207.0,22950546.0,22952798.0,22955373.0,22957786.0,22959951.0,22962218.0,22964387.0,22966609.0,22969010.0,22971465.0,22973802.0,22975808.0,22977703.0,22980001.0,22982302.0,22984772.0,22987715.0,22990351.0,22992655.0,22995066.0,22997595.0,23000097.0,23002805.0,23005485.0,23008046.0,23010530.0,23012927.0,23015460.0,23017848.0,23020143.0,23022698.0,23024845.0,23027000.0,23029279.0,23031744.0,23034052.0,23036669.0,23039214.0,23042000.0,23044414.0,23046868.0,23049301.0,23051776.0,23054175.0,23056944.0,23059488.0,23061811.0,23064348.0,23066821.0,23069168.0,23071742.0,23074361.0,23076901.0,23079198.0,23081391.0,23083566.0,23085724.0,23088117.0,23090886.0,23093500.0,23095347.0,23097501.0,23099739.0,23101719.0,23103727.0,23105701.0,23107574.0,23109324.0,23111029.0,23112625.0,23114118.0,23115703.0,23117588.0,23119330.0,23120907.0,23122451.0,23124027.0,23125635.0,23127297.0,23129092.0,23130928.0,23132598.0,23134290.0,23135947.0,23137738.0,23139629.0,23141911.0,23143887.0,23145647.0,23147501.0,23149276.0,23151067.0,23152822.0,23154864.0,23156737.0,23158475.0,23160068.0,23161795.0,23163301.0,23164891.0,23166637.0,23168234.0,23169721.0,23171402.0,23173007.0,23174467.0,23175977.0,23177660.0,23179263.0,23180632.0,23181976.0,23183345
kjb5PsoB0Ug,1909520.0,1910053.0,1910565.0,1911034.0,1911586.0,1912164.0,1912580.0,1913099.0,1913757.0,1914233.0,1914854.0,1915392.0,1915899.0,1916438.0,1916988.0,1917432.0,1917919.0,1918381.0,1918769.0,1919296.0,1919813.0,1920338.0,1920842.0,1921323.0,1921808.0,1922229.0,1922676.0,1923085.0,1923605.0,1924046.0,1924536.0,1925017.0,1925490.0,1925915.0,1926408.0,1926892.0,1927348.0,1927820.0,1928283.0,1928753.0,1929220.0,1929685.0,1930117.0,1930608.0,1931162.0,1931681.0,1932204.0,1932753.0,1933197.0,1933757.0,1934229.0,1934801.0,1935295.0,1935801.0,1936279.0,1936728.0,1937246.0,1937722.0,1938206.0,1938711.0,1939122.0,1939610.0,1940077.0,1940567.0,1941074.0,1941525.0,1941987.0,1942494.0,1942898.0,1943376.0,1943857.0,1944278.0,1944739.0,1945206.0,1945677.0,1946118.0,1946538.0,1947054.0,1947499.0,1947915.0,1948350.0,1948784.0,1949185.0,1949568.0,1950034.0,1950422.0,1950847.0,1951226.0,1951654.0,1952023.0,1952384.0,1952784.0,1953163.0,1953679.0,1954090.0,1954507.0,1954982.0,1955395.0,1955870.0,1956298.0,1956752.0,1957212.0,1957694.0,1958114.0,1958582.0,1958954.0,1959466.0,1959923.0,1960347.0,1960837.0,1961300.0,1961740.0,1962244.0,1962644.0,1963132.0,1963612.0,1964101.0,1964542.0,1965000.0,1965431.0,1965964.0,1966448.0,1966896.0,1967314.0,1967755.0,1968165.0,1968528.0,1968989.0,1969478.0,1969869.0,1970295.0,1970660.0,1971064.0,1971458.0,,,,,,,,,1975452.0,1976026.0,1976560.0,1977045.0,1977550.0,1978099.0,1978614.0,1979104.0,1979619.0,1980076.0,1980543.0,1981030.0,1981509.0,1981997.0,1982473.0,1982945.0,1983377.0,1983770.0,1984263.0,1984828.0,1985294.0,1985789.0,1986346.0,1986753.0,1987217.0,1987731.0,1988214.0,1988669.0,1989208.0,1989706.0,1990155.0,1990576.0,1991014.0,1991382.0,1991781.0,1992231.0,1992621.0,1992994.0,1993379.0,1993820.0,1994247.0,1994697.0,1995122.0,1995579.0,1995936.0,1996425.0,1996873.0,1997273.0,1997680.0,1998061.0,1998449.0,1998854.0,1999220.0,1999554.0,1999981.0,2000431.0,2000855.0,2001318.0,2001732.0,2002177.0,2002643.0,2003044.0,2003454.0,2003855.0,2004353.0,2004777.0,2005241.0,2005637.0,2006018.0,2006439.0,2006858.0,2007268.0,2007697.0,2008179.0,2008632.0,2009184.0,2009709.0,2010219.0,2010699.0,2011176.0,2011668.0,2012087.0,2012498.0,2013006.0,2013481.0,2014014.0,2014446.0,2014966.0,2015400.0,2015859.0,2016300.0,2016781.0,2017266.0,2017703.0,2018110.0,2018524.0,2018950.0,2019361.0,2019859.0,2020307.0,2020724.0,2021170.0,2021553.0,2022018.0,2022458.0,2022934.0,2023284.0,2023748.0,2024198.0,2024621.0,2024975.0,2025386.0,2025781.0,2026128.0,2026539.0,2026892.0,2027293.0,2027675.0,2028061.0,2028516.0,2028897.0,,2029744.0,2030157.0,2030493.0,2030919.0,2031283.0,2031673.0,2032065.0,2032384.0,2032748.0,2033119.0,2033479.0,2033907.0,2034282.0,2034630.0,2035048.0,2035376.0,2035742.0,2036131.0,2036544.0,2036968.0,2037368.0,2037794.0,2038164.0,2038540.0,2038944.0,2039288.0,2039667.0,2040106.0,2040501.0,2040912.0,2041283.0,2041684.0,2042055.0,2042366.0,2042758.0,2043161.0,2043542.0,2043945.0,2044361.0,2044737.0,2045144.0,2045542.0,2045952.0,2046312.0,2046662.0,2047003.0,2047386.0,2047751.0,2048202.0,2048567.0,2048988.0,2049363.0,2049813.0,2050309.0,2050692.0,2051021.0,2051473.0,2051898.0,2052331.0,2052877.0,2053374.0,2053937.0,2054410.0,2054828.0,2055224.0,2055635.0,2056072.0,2056504.0,2056911.0,2057336.0,2057736.0,2058100.0,2058399.0,2058784.0,2059195.0,2059590.0,2059913.0,2060321.0,2060683.0,2061134.0,2061478.0,2061912.0,2062260.0,2062745.0,2063080.0,2063540.0,2063895.0,2064547.0,2065064.0,2065637.0,2066123.0,2066584.0,2067005.0,2067459.0,2067868.0,2068335.0,2068761.0,2069143.0,2069472.0,2069885.0,2070244.0,2070682.0,2071099.0,2071450.0,2071796.0,2072109.0,2072461.0,2072843.0,2073244.0,2073624.0,2073989.0,2074310.0,2074695.0,2075041
JBj9IwyVhBs,243545.0,243574.0,243613.0,243654.0,243705.0,243736.0,243762.0,243780.0,243807.0,243843.0,243875.0,243909.0,243937.0,243967.0,243994.0,244021.0,244070.0,244095.0,244123.0,244165.0,244203.0,244243.0,244282.0,244332.0,244372.0,244401.0,244446.0,244465.0,244507.0,244541.0,244582.0,244620.0,244644.0,244666.0,244703.0,244728.0,244751.0,244774.0,244800.0,244816.0,244836.0,244865.0,244890.0,244919.0,244935.0,244958.0,244991.0,245011.0,245041.0,245057.0,245088.0,245103.0,245132.0,245171.0,245196.0,245218.0,245238.0,245272.0,245299.0,245321.0,245354.0,245384.0,245416.0,245431.0,245458.0,245481.0,245505.0,245530.0,245552.0,245575.0,245589.0,245608.0,245625.0,245649.0,245683.0,245705.0,245726.0,245751.0,245781.0,245801.0,245820.0,245839.0,245862.0,245891.0,245904.0,245921.0,245932.0,245955.0,245977.0,246000.0,246019.0,246040.0,246060.0,246087.0,246117.0,246139.0,246151.0,246176.0,246198.0,246229.0,246258.0,246285.0,246318.0,246345.0,246366.0,246386.0,246405.0,246430.0,246461.0,246492.0,246513.0,246550.0,246574.0,246593.0,246614.0,246639.0,246663.0,246682.0,246713.0,246735.0,246752.0,246771.0,246791.0,246799.0,246809.0,246823.0,246830.0,246853.0,246872.0,246889.0,246909.0,246930.0,246950.0,246964.0,,,,,,,,,247141.0,247171.0,247193.0,247218.0,247231.0,247243.0,247264.0,247289.0,247303.0,247328.0,247350.0,247359.0,247378.0,247405.0,247425.0,247447.0,247468.0,247494.0,247508.0,247529.0,247544.0,247560.0,247584.0,247614.0,247643.0,247693.0,247709.0,247783.0,247808.0,247861.0,247880.0,247914.0,247945.0,247972.0,247991.0,248009.0,248024.0,248055.0,248074.0,248094.0,248113.0,248130.0,248151.0,248187.0,248217.0,248232.0,248251.0,248264.0,248291.0,248310.0,248334.0,248358.0,248377.0,248395.0,248409.0,248433.0,248465.0,248497.0,248526.0,248553.0,248592.0,248612.0,248646.0,248673.0,248701.0,248730.0,248746.0,248770.0,248787.0,248803.0,248818.0,248838.0,248855.0,248880.0,248911.0,248938.0,248961.0,248983.0,249014.0,249041.0,249053.0,249077.0,249094.0,249115.0,249138.0,249172.0,249192.0,249212.0,249234.0,249248.0,249267.0,249281.0,249301.0,249323.0,249335.0,249355.0,249372.0,249381.0,249401.0,249414.0,249430.0,249441.0,249467.0,249483.0,249514.0,249538.0,249562.0,249579.0,249596.0,249618.0,249639.0,249657.0,249685.0,249707.0,249737.0,249754.0,249772.0,249793.0,249820.0,249869.0,249900.0,,249944.0,249963.0,249987.0,250003.0,250020.0,250038.0,250051.0,250066.0,250093.0,250101.0,250124.0,250142.0,250164.0,250184.0,250202.0,250222.0,250248.0,250277.0,250296.0,250314.0,250330.0,250371.0,250405.0,250423.0,250439.0,250454.0,250468.0,250485.0,250519.0,250543.0,250562.0,250579.0,250595.0,250621.0,250645.0,250663.0,250685.0,250708.0,250735.0,250755.0,250780.0,250808.0,250839.0,250860.0,250886.0,250903.0,250924.0,250959.0,250990.0,251013.0,251030.0,251050.0,251068.0,251085.0,251102.0,251124.0,251138.0,251158.0,251181.0,251197.0,251241.0,251364.0,251389.0,251415.0,251456.0,251483.0,251513.0,251539.0,251566.0,251592.0,251619.0,251649.0,251676.0,251703.0,251711.0,251733.0,251753.0,251786.0,251807.0,251827.0,251845.0,251869.0,251894.0,251927.0,251959.0,251984.0,251999.0,252025.0,252051.0,252073.0,252098.0,252127.0,252144.0,252166.0,252192.0,252213.0,252230.0,252250.0,252277.0,252294.0,252316.0,252326.0,252347.0,252362.0,252382.0,252406.0,252429.0,252462.0,252487.0,252506.0,252524.0,252547.0,252560.0,252583
V6d2Uv0oylo,3045585.0,3046310.0,3046868.0,3047353.0,3047852.0,3048359.0,3048891.0,3049364.0,3049838.0,3050440.0,3051078.0,3051627.0,3052229.0,3052688.0,3053275.0,3053764.0,3054343.0,3054808.0,3055312.0,3055708.0,3056129.0,3056564.0,3056987.0,3057407.0,3057774.0,3058051.0,3058379.0,3058677.0,3058961.0,3059240.0,3059523.0,3059885.0,3060225.0,3060591.0,3060944.0,3061246.0,3061559.0,3061877.0,3062173.0,3062451.0,3062731.0,3063067.0,3063363.0,3063656.0,3063970.0,3064278.0,3064549.0,3064869.0,3065181.0,3065492.0,3065841.0,3066201.0,3066507.0,3066781.0,3067132.0,3067468.0,3067847.0,3068113.0,3068444.0,3068748.0,3069040.0,3069356.0,3069688.0,3070027.0,3070406.0,3070779.0,3071236.0,3072052.0,3072925.0,3074273.0,3075418.0,3076353.0,3077091.0,3077911.0,3078629.0,3079273.0,3079915.0,3080419.0,3081011.0,3081518.0,3082073.0,3082556.0,3083168.0,3083802.0,3084406.0,3085102.0,3085823.0,3086458.0,3086865.0,3087319.0,3087758.0,3088214.0,3088743.0,3089171.0,3089498.0,3089821.0,3090078.0,3090366.0,3090703.0,3091001.0,3091363.0,3091687.0,3091986.0,3092388.0,3092731.0,3093080.0,3093418.0,3093719.0,3094048.0,3094343.0,3094623.0,3094913.0,3095212.0,3095527.0,3095853.0,3096168.0,3096463.0,3096728.0,3097024.0,3097297.0,3097578.0,3097837.0,3098055.0,3098279.0,3098560.0,3098793.0,3099096.0,3099387.0,3099662.0,3099904.0,3100179.0,3100417.0,3100650.0,3100863.0,,,,,,,,,3102956.0,3103213.0,3103437.0,3103689.0,3103894.0,3104115.0,3104378.0,3104615.0,3104868.0,3105125.0,3105364.0,3105597.0,3105821.0,3106058.0,3106314.0,3106564.0,3106790.0,3107022.0,3107304.0,3107552.0,3107793.0,3108023.0,3108315.0,3108533.0,3108773.0,3109059.0,3109350.0,3109632.0,3109834.0,3110047.0,3110295.0,3110510.0,3110768.0,3111007.0,3111254.0,3111479.0,3111670.0,3111873.0,3112088.0,3112238.0,3112500.0,3112730.0,3112947.0,3113184.0,3113444.0,3113701.0,3113896.0,3114168.0,3114387.0,3114602.0,3114808.0,3115013.0,3115201.0,3115355.0,3115573.0,3115748.0,3115991.0,3116159.0,3116387.0,3116607.0,3116831.0,3116987.0,3117177.0,3117372.0,3117579.0,3117798.0,3118009.0,3118212.0,3118345.0,3118541.0,3118776.0,3118988.0,3119176.0,3119366.0,3119583.0,3119829.0,3120017.0,3120249.0,3120492.0,3120729.0,3120955.0,3121190.0,3121438.0,3121728.0,3121990.0,3122208.0,3122439.0,3122669.0,3122866.0,3123060.0,3123263.0,3123484.0,3123680.0,3123924.0,3124152.0,3124407.0,3124634.0,3124843.0,3125028.0,3125259.0,3125466.0,3125710.0,3125924.0,3126121.0,3126332.0,3126545.0,3126759.0,3126968.0,3127201.0,3127403.0,3127636.0,3127860.0,3128051.0,3128256.0,3128441.0,3128660.0,3128849.0,3129051.0,3129262.0,3129523.0,3129722.0,,3130132.0,3130380.0,3130592.0,3130790.0,3131002.0,3131202.0,3131414.0,3131597.0,3131853.0,3132092.0,3132384.0,3132632.0,3132907.0,3133111.0,3133362.0,3133651.0,3133920.0,3134264.0,3134576.0,3134844.0,3135063.0,3135332.0,3135612.0,3135865.0,3136140.0,3136400.0,3136676.0,3136907.0,3137116.0,3137388.0,3137606.0,3137833.0,3138039.0,3138243.0,3138490.0,3138757.0,3138964.0,3139227.0,3139509.0,3139738.0,3139980.0,3140235.0,3140445.0,3140724.0,3140989.0,3141208.0,3141461.0,3141749.0,3142000.0,3142217.0,3142498.0,3142744.0,3143004.0,3143252.0,3143472.0,3143725.0,3143976.0,3144234.0,3144446.0,3144679.0,3144931.0,3145149.0,3145428.0,3145620.0,3145844.0,3146080.0,3146356.0,3146555.0,3146791.0,3147010.0,3147188.0,3147405.0,3147607.0,3147845.0,3148090.0,3148332.0,3148571.0,3148778.0,3149024.0,3149218.0,3149435.0,3149670.0,3149906.0,3150137.0,3150369.0,3150580.0,3150812.0,3151023.0,3151257.0,3151489.0,3151717.0,3151915.0,3152121.0,3152334.0,3152557.0,3152765.0,3153011.0,3153217.0,3153416.0,3153656.0,3153862.0,3154069.0,3154251.0,3154420.0,3154608.0,3154802.0,3155007.0,3155229.0,3155425.0,3155631.0,3155813.0,3155971.0,3156159.0,3156329
3yRIiQrwes4,6912221.0,6913932.0,6915630.0,6917809.0,6920800.0,6923899.0,6926844.0,6929059.0,6931444.0,6933446.0,6935411.0,6937291.0,6939442.0,6942319.0,6944973.0,6947219.0,6949071.0,6950583.0,6952353.0,6954331.0,6956104.0,6957861.0,6959355.0,6960798.0,6962129.0,6963439.0,6964746.0,6965967.0,6967272.0,6968709.0,6970315.0,6971688.0,6973137.0,6975237.0,6977190.0,6979317.0,6981362.0,6983443.0,6985350.0,6987369.0,6989293.0,6991404.0,6993277.0,6995534.0,6997662.0,6999553.0,7001545.0,7004367.0,7007208.0,7009621.0,7011661.0,7014599.0,7016702.0,7019232.0,7021491.0,7025566.0,7029836.0,7032216.0,7034002.0,7035641.0,7038140.0,7041098.0,7043905.0,7046299.0,7048343.0,7050848.0,7052372.0,7054518.0,7056176.0,7058735.0,7061211.0,7063969.0,7066073.0,7067766.0,7070159.0,7072953.0,7075520.0,7077945.0,7080360.0,7082611.0,7084468.0,7086123.0,7088120.0,7090366.0,7092267.0,7094067.0,7095812.0,7097290.0,7099206.0,7101527.0,7103884.0,7106901.0,7109542.0,7111656.0,7113750.0,7115393.0,7116930.0,7118407.0,7119979.0,7121764.0,7123425.0,7124754.0,7126252.0,7128239.0,7130112.0,7131989.0,7133523.0,7135121.0,7136711.0,7137946.0,7139293.0,7141039.0,7143061.0,7145701.0,7149282.0,7152448.0,7155425.0,7158176.0,7160132.0,7162166.0,7164504.0,7167076.0,7169485.0,7171380.0,7173317.0,7175227.0,7177108.0,7178725.0,7180133.0,7181413.0,7182881.0,7184456.0,7185963.0,7187258.0,,,,,,,,,7207837.0,7209747.0,7212051.0,7214557.0,7217793.0,7220398.0,7222543.0,7224606.0,7227031.0,7229365.0,7231943.0,7234460.0,7236984.0,7238966.0,7241574.0,7243735.0,7245696.0,7247507.0,7249474.0,7251288.0,7253173.0,7254997.0,7256957.0,7258899.0,7260655.0,7262519.0,7264353.0,7266507.0,7268643.0,7270532.0,7272365.0,7274484.0,7276599.0,7278633.0,7280562.0,7282644.0,7284837.0,7286848.0,7288505.0,7290194.0,7291928.0,7293865.0,7296138.0,7298454.0,7301012.0,7302892.0,7305006.0,7307286.0,7309740.0,7311711.0,7313286.0,7314733.0,7316426.0,7318359.0,7320272.0,7322350.0,7324293.0,7326061.0,7328009.0,7330158.0,7332460.0,7334652.0,7336684.0,7338796.0,7341208.0,7344041.0,7346629.0,7348905.0,7350959.0,7353245.0,7355507.0,7357685.0,7359877.0,7362019.0,7364579.0,7367260.0,7369838.0,7372087.0,7373993.0,7375773.0,7377624.0,7379823.0,7382578.0,7384859.0,7386909.0,7388795.0,7390618.0,7392472.0,7394647.0,7396659.0,7398839.0,7401024.0,7403122.0,7404921.0,7406613.0,7408458.0,7410355.0,7412370.0,7414400.0,7415889.0,7417490.0,7419367.0,7421182.0,7423140.0,7425045.0,7426532.0,7427612.0,7428983.0,7430488.0,7431913.0,7433515.0,7434956.0,7436342.0,7437563.0,7438675.0,7439714.0,7440762.0,7441704.0,7442937.0,7443919.0,7444826.0,,7446742.0,7447890.0,7449046.0,7450176.0,7451219.0,7452339.0,7453313.0,7454341.0,7455318.0,7456465.0,7457652.0,7458755.0,7459734.0,7460810.0,7461925.0,7463070.0,7464221.0,7465298.0,7466265.0,7467287.0,7468319.0,7469507.0,7470382.0,7471320.0,7472211.0,7473120.0,7473939.0,7474838.0,7475724.0,7476706.0,7477549.0,7478435.0,7479288.0,7480049.0,7480835.0,7481670.0,7482459.0,7483289.0,7484013.0,7484781.0,7485513.0,7486291.0,7487096.0,7487844.0,7488586.0,7489451.0,7490659.0,7491834.0,7493034.0,7494319.0,7495519.0,7496716.0,7497872.0,7498982.0,7499958.0,7500919.0,7502021.0,7503029.0,7503886.0,7505044.0,7506164.0,7507139.0,7508142.0,7509355.0,7510664.0,7512229.0,7513790.0,7515538.0,7517062.0,7518609.0,7520337.0,7522293.0,7523956.0,7525900.0,7527770.0,7529249.0,7530611.0,7532390.0,7534210.0,7535779.0,7537352.0,7538747.0,7539933.0,7541121.0,7542539.0,7543810.0,7545190.0,7546681.0,7547977.0,7549154.0,7550423.0,7551912.0,7553311.0,7554780.0,7556228.0,7557778.0,7559060.0,7560264.0,7561625.0,7562739.0,7563864.0,7565215.0,7566309.0,7567461.0,7568547.0,7570096.0,7571632.0,7572901.0,7574051.0,7575247.0,7576457.0,7577649.0,7578867.0,7579966
Srn1SVbp9KE,1004381.0,1004460.0,1004552.0,1004660.0,1004786.0,1004886.0,1004978.0,1005084.0,1005184.0,1005292.0,1005416.0,1005520.0,1005647.0,1005735.0,1005810.0,1005897.0,1006007.0,1006119.0,1006226.0,1006327.0,1006422.0,1006514.0,1006611.0,1006719.0,1006821.0,1006901.0,1006989.0,1007093.0,1007187.0,1007272.0,1007343.0,1007427.0,1007520.0,1007592.0,1007686.0,1007778.0,1007887.0,1007989.0,1008069.0,1008152.0,1008256.0,1008363.0,1008455.0,1008570.0,1008654.0,1008754.0,1008870.0,1008956.0,1009041.0,1009125.0,1009224.0,1009307.0,1009406.0,1009488.0,1009565.0,1009640.0,1009731.0,1009817.0,1009911.0,1010006.0,1010088.0,1010169.0,1010256.0,1010323.0,1010412.0,1010481.0,1010552.0,1010619.0,1010681.0,1010774.0,1010859.0,1010935.0,1011010.0,1011076.0,1011153.0,1011213.0,1011279.0,1011344.0,1011419.0,1011486.0,1011543.0,1011639.0,1011703.0,1011782.0,1011856.0,1011922.0,1011983.0,1012049.0,1012117.0,1012173.0,1012231.0,1012296.0,1012342.0,1012408.0,1012470.0,1012547.0,1012596.0,1012652.0,1012710.0,1012770.0,1012843.0,1012899.0,1012972.0,1013038.0,1013114.0,1013190.0,1013255.0,1013342.0,1013424.0,1013488.0,1013531.0,1013608.0,1013664.0,1013728.0,1013799.0,1013874.0,1013949.0,1014033.0,1014090.0,1014168.0,1014225.0,1014304.0,1014384.0,1014455.0,1014512.0,1014587.0,1014664.0,1014745.0,1014813.0,1014894.0,1014954.0,1015022.0,1015083.0,1015147.0,,,,,,,,,1015825.0,1015932.0,1016004.0,1016081.0,1016147.0,1016222.0,1016294.0,1016362.0,1016460.0,1016550.0,1016624.0,1016691.0,1016740.0,1016814.0,1016890.0,1016980.0,1017042.0,1017107.0,1017192.0,1017263.0,1017316.0,1017400.0,1017459.0,1017541.0,1017606.0,1017690.0,1017783.0,1017867.0,1017952.0,1018019.0,1018089.0,1018165.0,1018225.0,1018286.0,1018348.0,1018424.0,1018498.0,1018558.0,1018616.0,1018671.0,1018755.0,1018819.0,1018882.0,1018955.0,1019007.0,1019065.0,1019121.0,1019191.0,1019262.0,1019320.0,1019380.0,1019444.0,1019525.0,1019573.0,1019628.0,1019691.0,1019749.0,1019824.0,1019892.0,1019972.0,1020032.0,1020089.0,1020167.0,1020250.0,1020323.0,1020405.0,1020490.0,1020571.0,1020625.0,1020680.0,1020749.0,1020829.0,1020879.0,1020945.0,1021027.0,1021096.0,1021163.0,1021244.0,1021326.0,1021400.0,1021468.0,1021534.0,1021602.0,1021663.0,1021739.0,1021823.0,1021878.0,1021936.0,1022001.0,1022071.0,1022126.0,1022186.0,1022253.0,1022320.0,1022379.0,1022470.0,1022513.0,1022585.0,1022660.0,1022731.0,1022795.0,1022856.0,1022916.0,1022984.0,1023059.0,1023139.0,1023208.0,1023282.0,1023356.0,1023422.0,1023482.0,1023537.0,1023593.0,1023660.0,1023728.0,1023792.0,1023842.0,1023895.0,1023960.0,1024014.0,1024072.0,,1024175.0,1024229.0,1024292.0,1024332.0,1024397.0,1024442.0,1024498.0,1024555.0,1024632.0,1024696.0,1024778.0,1024829.0,1024913.0,1024954.0,1025019.0,1025070.0,1025128.0,1025183.0,1025250.0,1025314.0,1025367.0,1025423.0,1025491.0,1025547.0,1025608.0,1025670.0,1025735.0,1025800.0,1025865.0,1025920.0,1025989.0,1026050.0,1026104.0,1026175.0,1026246.0,1026315.0,1026375.0,1026432.0,1026503.0,1026571.0,1026649.0,1026726.0,1026804.0,1026881.0,1026944.0,1026992.0,1027080.0,1027153.0,1027205.0,1027259.0,1027319.0,1027360.0,1027412.0,1027475.0,1027543.0,1027603.0,1027652.0,1027724.0,1027775.0,1027840.0,1027936.0,1028010.0,1028079.0,1028131.0,1028190.0,1028245.0,1028306.0,1028379.0,1028456.0,1028514.0,1028560.0,1028635.0,1028687.0,1028750.0,1028799.0,1028863.0,1028927.0,1028977.0,1029028.0,1029073.0,1029143.0,1029211.0,1029270.0,1029343.0,1029410.0,1029474.0,1029537.0,1029611.0,1029697.0,1029788.0,1029844.0,1029929.0,1029993.0,1030064.0,1030131.0,1030199.0,1030262.0,1030333.0,1030401.0,1030475.0,1030540.0,1030611.0,1030661.0,1030726.0,1030781.0,1030829.0,1030892.0,1030965.0,1031035.0,1031098.0,1031159.0,1031212.0,1031254.0,1031295
W7DOKbGWI9w,1411268.0,1411502.0,1411786.0,1412073.0,1412387.0,1412716.0,1413003.0,1413268.0,1413592.0,1413940.0,1414312.0,1414568.0,1414885.0,1415154.0,1415460.0,1415732.0,1416020.0,1416258.0,1416540.0,1416797.0,1417029.0,1417255.0,1417488.0,1417730.0,1418007.0,1418197.0,1418472.0,1418693.0,1418909.0,1419142.0,1419330.0,1419541.0,1419766.0,1420004.0,1420240.0,1420482.0,1420773.0,1421040.0,1421259.0,1421470.0,1421694.0,1421952.0,1422172.0,1422448.0,1422732.0,1422964.0,1423196.0,1423414.0,1423658.0,1423883.0,1424092.0,1424322.0,1424565.0,1424775.0,1424995.0,1425237.0,1425461.0,1425693.0,1425981.0,1426220.0,1426446.0,1426694.0,1426891.0,1427120.0,1427345.0,1427589.0,1427844.0,1428118.0,1428389.0,1428671.0,1428923.0,1429186.0,1429458.0,1429654.0,1429872.0,1430083.0,1430283.0,1430506.0,1430726.0,1430973.0,1431182.0,1431419.0,1431641.0,1431843.0,1432017.0,1432240.0,1432476.0,1432646.0,1432836.0,1432997.0,1433170.0,1433357.0,1433523.0,1433710.0,1433947.0,1434130.0,1434287.0,1434467.0,1434622.0,1434798.0,1434982.0,1435146.0,1435308.0,1435505.0,1435672.0,1435850.0,1436001.0,1436191.0,1436412.0,1436601.0,1436783.0,1436982.0,1437164.0,1437399.0,1437684.0,1437998.0,1438316.0,1438597.0,1438792.0,1439037.0,1439270.0,1439524.0,1439791.0,1439995.0,1440176.0,1440351.0,1440569.0,1440823.0,1441058.0,1441295.0,1441512.0,1441727.0,1441954.0,1442121.0,,,,,,,,,1444201.0,1444446.0,1444706.0,1444904.0,1445160.0,1445443.0,1445687.0,1445939.0,1446287.0,1446574.0,1446838.0,1447103.0,1447391.0,1447724.0,1448016.0,1448306.0,1448585.0,1448842.0,1449107.0,1449339.0,1449534.0,1449800.0,1450001.0,1450225.0,1450403.0,1450637.0,1450897.0,1451097.0,1451337.0,1451553.0,1451778.0,1452005.0,1452200.0,1452413.0,1452598.0,1452853.0,1453079.0,1453256.0,1453453.0,1453705.0,1453912.0,1454078.0,1454336.0,1454600.0,1454835.0,1455094.0,1455380.0,1455590.0,1455858.0,1456141.0,1456338.0,1456535.0,1456773.0,1456972.0,1457165.0,1457320.0,1457546.0,1457796.0,1458036.0,1458264.0,1458526.0,1458739.0,1458972.0,1459153.0,1459410.0,1459713.0,1460047.0,1460434.0,1460725.0,1460937.0,1461197.0,1461446.0,1461701.0,1461982.0,1462246.0,1462517.0,1462798.0,1463125.0,1463466.0,1463727.0,1464012.0,1464252.0,1464484.0,1464736.0,1465014.0,1465325.0,1465553.0,1465838.0,1466041.0,1466281.0,1466522.0,1466814.0,1467039.0,1467313.0,1467580.0,1467873.0,1468164.0,1468406.0,1468698.0,1468993.0,1469443.0,1469773.0,1470114.0,1470345.0,1470619.0,1470883.0,1471135.0,1471319.0,1471520.0,1471768.0,1471960.0,1472194.0,1472394.0,1472661.0,1472886.0,1473087.0,1473264.0,1473456.0,1473666.0,1473949.0,1474170.0,,1474571.0,1474824.0,1475019.0,1475218.0,1475475.0,1475871.0,1476259.0,1476443.0,1476734.0,1477030.0,1477377.0,1477756.0,1478066.0,1478335.0,1478549.0,1478804.0,1479013.0,1479226.0,1479484.0,1479712.0,1479915.0,1480121.0,1480307.0,1480487.0,1480693.0,1480885.0,1481135.0,1481363.0,1481560.0,1481812.0,1482037.0,1482236.0,1482500.0,1482722.0,1482953.0,1483179.0,1483413.0,1483609.0,1483919.0,1484115.0,1484382.0,1484591.0,1484831.0,1485049.0,1485342.0,1485545.0,1485866.0,1486087.0,1486345.0,1486574.0,1486793.0,1486979.0,1487214.0,1487481.0,1487720.0,1487899.0,1488133.0,1488352.0,1488578.0,1488843.0,1489143.0,1489417.0,1489661.0,1489890.0,1490112.0,1490376.0,1490631.0,1490933.0,1491229.0,1491453.0,1491671.0,1491910.0,1492156.0,1492391.0,1492684.0,1492976.0,1493305.0,1493600.0,1493895.0,1494137.0,1494395.0,1494639.0,1494933.0,1495176.0,1495505.0,1495702.0,1495959.0,1496222.0,1496550.0,1496866.0,1497107.0,1497379.0,1497655.0,1497985.0,1498212.0,1498493.0,1498763.0,1499008.0,1499246.0,1499467.0,1499683.0,1499925.0,1500136.0,1500364.0,1500577.0,1500776.0,1501065.0,1501292.0,1501508.0,1501725.0,1501916.0,1502112.0,1502309.0,1502481
vMddOrUGwDw,10717734.0,10719787.0,10722400.0,10725028.0,10727578.0,10729979.0,10732419.0,10734972.0,10737668.0,10740433.0,10743190.0,10745631.0,10748223.0,10750730.0,10753334.0,10756003.0,10758732.0,10761292.0,10763432.0,10765794.0,10768255.0,10770780.0,10773190.0,10775761.0,10778204.0,10780388.0,10782631.0,10784923.0,10787062.0,10789146.0,10791411.0,10793772.0,10795815.0,10797981.0,10800196.0,10802646.0,10805165.0,10807950.0,10810693.0,10812834.0,10815004.0,10817289.0,10819708.0,10822110.0,10824721.0,10827289.0,10829918.0,10832443.0,10834820.0,10837333.0,10839912.0,10842460.0,10844896.0,10847039.0,10849881.0,10852774.0,10855399.0,10857939.0,10860944.0,10863870.0,10866375.0,10869009.0,10871575.0,10873928.0,10876265.0,10878741.0,10880976.0,10883245.0,10885381.0,10888060.0,10890488.0,10892833.0,10895221.0,10897363.0,10899481.0,10901677.0,10903912.0,10906233.0,10908436.0,10910593.0,10912846.0,10914762.0,10916759.0,10918782.0,10920799.0,10922702.0,10924829.0,10927031.0,10929034.0,10930965.0,10932899.0,10934745.0,10936734.0,10939043.0,10941326.0,10943282.0,10945050.0,10946884.0,10948669.0,10950499.0,10952611.0,10954632.0,10956482.0,10958150.0,10959869.0,10961655.0,10963329.0,10965186.0,10967080.0,10968972.0,10970877.0,10972893.0,10974982.0,10977168.0,10979585.0,10981817.0,10983805.0,10985773.0,10987712.0,10989735.0,10991851.0,10994035.0,10996288.0,10998211.0,10999960.0,11001821.0,11003723.0,11005662.0,11007654.0,11009581.0,11011356.0,11012917.0,11014467.0,11016023.0,,,,,,,,,11031113.0,11033047.0,11034700.0,11036280.0,11037853.0,11039352.0,11040851.0,11042387.0,11044091.0,11045550.0,11046920.0,11048285.0,11049722.0,11051142.0,11052737.0,11054265.0,11055650.0,11057193.0,11058564.0,11059928.0,11061351.0,11063019.0,11064611.0,11066119.0,11067605.0,11069074.0,11070614.0,11072094.0,11073691.0,11075391.0,11076867.0,11078209.0,11079642.0,11081022.0,11082431.0,11083892.0,11085458.0,11086809.0,11088161.0,11089678.0,11091092.0,11092523.0,11094106.0,11095650.0,11096984.0,11098366.0,11099734.0,11101234.0,11102746.0,11104271.0,11105777.0,11107153.0,11108381.0,11109743.0,11111240.0,11112850.0,11114582.0,11116276.0,11117978.0,11119856.0,11121680.0,11123460.0,11125076.0,11126817.0,11128591.0,11130323.0,11132119.0,11133873.0,11135551.0,11137381.0,11139385.0,11141303.0,11143148.0,11145191.0,11147296.0,11149270.0,11151438.0,11153571.0,11155635.0,11157886.0,11159883.0,11161750.0,11163863.0,11166120.0,11168400.0,11170732.0,11172553.0,11174561.0,11176318.0,11178000.0,11179791.0,11181842.0,11183905.0,11185456.0,11187151.0,11188888.0,11190736.0,11192558.0,11194719.0,11196806.0,11198726.0,11200644.0,11202445.0,11204204.0,11205967.0,11207875.0,11209697.0,11211531.0,11213226.0,11214999.0,11216779.0,11218465.0,11220383.0,11222233.0,11223926.0,11225553.0,11227305.0,11229182.0,11231061.0,11233027.0,11234930.0,,11238524.0,11240121.0,11241797.0,11243631.0,11245758.0,11248135.0,11250235.0,11252220.0,11254252.0,11256413.0,11258581.0,11261009.0,11263299.0,11265228.0,11267158.0,11269393.0,11271689.0,11274122.0,11276854.0,11279622.0,11282008.0,11284351.0,11286664.0,11289057.0,11291636.0,11294156.0,11296707.0,11299079.0,11301577.0,11304261.0,11307068.0,11309650.0,11312614.0,11315217.0,11317782.0,11320399.0,11323194.0,11325985.0,11328828.0,11331711.0,11334522.0,11337136.0,11339826.0,11342425.0,11345107.0,11347896.0,11351265.0,11354645.0,11357546.0,11360241.0,11362997.0,11365576.0,11368066.0,11370798.0,11373347.0,11375609.0,11377958.0,11380382.0,11382833.0,11385368.0,11388170.0,11390753.0,11392862.0,11394978.0,11397224.0,11399324.0,11401588.0,11403851.0,11406052.0,11407988.0,11409926.0,11411843.0,11413756.0,11415645.0,11417798.0,11419850.0,11421701.0,11423531.0,11425332.0,11427294.0,11429841.0,11432979.0,11436369.0,11438927.0,11441063.0,11443033.0,11445098.0,11447235.0,11449489.0,11451727.0,11453817.0,11456173.0,11458749.0,11461718.0,11464524.0,11467592.0,11470356.0,11472801.0,11475070.0,11477447.0,11479623.0,11481944.0,11484332.0,11486775.0,11488985.0,11491249.0,11493717.0,11496204.0,11498535.0,11501038.0,11503588.0,11505806.0,11507881.0,11510174
oW4weQY2tzg,2035356.0,2035764.0,2036157.0,2036621.0,2037004.0,2037412.0,2037770.0,2038148.0,2038576.0,2038993.0,2039437.0,2039871.0,2040345.0,2040778.0,2041173.0,2041628.0,2042063.0,2042457.0,2042836.0,2043180.0,2043624.0,2044029.0,2044433.0,2044815.0,2045143.0,2045530.0,2045852.0,2046178.0,2046493.0,2046876.0,2047194.0,2047470.0,2047769.0,2048118.0,2048557.0,2048899.0,2049337.0,2049754.0,2050196.0,2050521.0,2050857.0,2051292.0,2051669.0,2052071.0,2052441.0,2052798.0,2053169.0,2053599.0,2053980.0,2054327.0,2054693.0,2055010.0,2055398.0,2055706.0,2056006.0,2056381.0,2056786.0,2057104.0,2057508.0,2057862.0,2058257.0,2058577.0,2058984.0,2059269.0,2059599.0,2059919.0,2060261.0,2060594.0,2060873.0,2061302.0,2061658.0,2061984.0,2062340.0,2062658.0,2062971.0,2063297.0,2063634.0,2064016.0,2064336.0,2064645.0,2064933.0,2065264.0,2065554.0,2065894.0,2066172.0,2066500.0,2066810.0,2067067.0,2067358.0,2067623.0,2067885.0,2068146.0,2068406.0,2068741.0,2069038.0,2069336.0,2069577.0,2069846.0,2070110.0,2070391.0,2070695.0,2070992.0,2071267.0,2071533.0,2071802.0,2072067.0,2072359.0,2072648.0,2072929.0,2073222.0,2073490.0,2073765.0,2074032.0,2074305.0,2074630.0,2074995.0,2075323.0,2075581.0,2075840.0,2076176.0,2076463.0,2076765.0,2077043.0,2077322.0,2077571.0,2077881.0,2078175.0,2078476.0,2078745.0,2079040.0,2079280.0,2079538.0,2079838.0,2080076.0,,,,,,,,,2082632.0,2082956.0,2083313.0,2083640.0,2083958.0,2084290.0,2084628.0,2084885.0,2085227.0,2085576.0,2085900.0,2086198.0,2086531.0,2086830.0,2087154.0,2087469.0,2087776.0,2088091.0,2088387.0,2088658.0,2088906.0,2089207.0,2089519.0,2089798.0,2090046.0,2090339.0,2090645.0,2090897.0,2091218.0,2091540.0,2091813.0,2092104.0,2092368.0,2092694.0,2093003.0,2093298.0,2093621.0,2093887.0,2094102.0,2094408.0,2094715.0,2094966.0,2095276.0,2095558.0,2095868.0,2096179.0,2096482.0,2096734.0,2096969.0,2097246.0,2097511.0,2097722.0,2097966.0,2098168.0,2098390.0,2098640.0,2098963.0,2099247.0,2099469.0,2099777.0,2100042.0,2100339.0,2100595.0,2100874.0,2101136.0,2101440.0,2101731.0,2101984.0,2102241.0,2102483.0,2102827.0,2103109.0,2103365.0,2103640.0,2103961.0,2104296.0,2104532.0,2104895.0,2105185.0,2105435.0,2105689.0,2105902.0,2106190.0,2106483.0,2106753.0,2107052.0,2107324.0,2107586.0,2107832.0,2108065.0,2108338.0,2108643.0,2108945.0,2109265.0,2109550.0,2109843.0,2110092.0,2110372.0,2110673.0,2110982.0,2111232.0,2111466.0,2111712.0,2111982.0,2112199.0,2112436.0,2112672.0,2112847.0,2113104.0,2113352.0,2113568.0,2113771.0,2114010.0,2114285.0,2114524.0,2114716.0,2115011.0,2115274.0,2115546.0,2115841.0,2116127.0,,2116572.0,2116852.0,2117153.0,2117421.0,2117689.0,2117954.0,2118241.0,2118527.0,2118792.0,2119039.0,2119323.0,2119616.0,2119894.0,2120125.0,2120438.0,2120690.0,2120949.0,2121200.0,2121555.0,2121875.0,2122143.0,2122432.0,2122688.0,2122928.0,2123180.0,2123441.0,2123683.0,2123968.0,2124225.0,2124497.0,2124724.0,2124969.0,2125183.0,2125406.0,2125649.0,2125878.0,2126118.0,2126396.0,2126638.0,2126900.0,2127141.0,2127415.0,2127689.0,2127912.0,2128144.0,2128421.0,2128697.0,2128966.0,2129167.0,2129398.0,2129660.0,2129920.0,2130151.0,2130421.0,2130690.0,2130937.0,2131173.0,2131411.0,2131668.0,2131950.0,2132271.0,2132572.0,2132816.0,2133044.0,2133321.0,2133587.0,2133857.0,2134147.0,2134425.0,2134697.0,2134962.0,2135250.0,2135528.0,2135800.0,2136123.0,2136419.0,2136700.0,2137027.0,2137348.0,2137633.0,2137917.0,2138256.0,2138591.0,2138836.0,2139174.0,2139491.0,2139818.0,2140116.0,2140464.0,2140866.0,2141204.0,2141571.0,2141935.0,2142230.0,2142565.0,2142954.0,2143281.0,2143628.0,2143933.0,2144203.0,2144461.0,2144757.0,2145003.0,2145329.0,2145604.0,2145882.0,2146164.0,2146458.0,2146745.0,2146992.0,2147241.0,2147504.0,2147815.0,2148034
hLvWy2b857I,124245947.0,124299286.0,124361176.0,124424242.0,124487604.0,124548205.0,124606925.0,124664914.0,124728365.0,124797358.0,124863407.0,124927440.0,124992534.0,125044032.0,125095518.0,125151060.0,125212625.0,125270707.0,125327285.0,125383016.0,125448904.0,125516903.0,125586253.0,125660990.0,125730224.0,125796586.0,125858205.0,125919518.0,125984778.0,126051491.0,126124528.0,126183694.0,126239143.0,126296748.0,126356228.0,126424187.0,126500122.0,126583472.0,126657620.0,126715749.0,126772017.0,126823897.0,126882259.0,126947975.0,127022362.0,127091017.0,127150154.0,127204274.0,127254409.0,127325017.0,127397940.0,127475119.0,127552015.0,127621062.0,127683939.0,127748382.0,127814986.0,127888442.0,127972651.0,128054682.0,128108478.0,128174595.0,128241903.0,128307539.0,128365148.0,128417547.0,128480407.0,128556043.0,128618372.0,128689822.0,128750469.0,128801659.0,128854000.0,128907150.0,128966532.0,129035135.0,129101461.0,129164157.0,129221654.0,129281106.0,129339668.0,129399040.0,129464776.0,129539834.0,129611637.0,129677846.0,129738552.0,129790125.0,129841934.0,129896288.0,129960798.0,130029850.0,130095511.0,130160670.0,130220683.0,130272395.0,130327234.0,130388711.0,130457738.0,130527366.0,130597590.0,130656674.0,130711746.0,130768278.0,130827926.0,130889366.0,130948604.0,131013144.0,131086534.0,131159264.0,131230390.0,131308716.0,131384178.0,131455943.0,131528317.0,131598832.0,131667734.0,131738311.0,131808409.0,131874515.0,131946747.0,132017798.0,132092393.0,132166781.0,132240280.0,132313872.0,132393671.0,132465690.0,132540510.0,132611100.0,132679244.0,132747561.0,132815789.0,132882064.0,,,,,,,,,133532999.0,133612463.0,133683046.0,133755240.0,133826248.0,133892830.0,133974510.0,134067050.0,134166058.0,134251485.0,134339109.0,134443654.0,134548523.0,134664985.0,134773092.0,134884071.0,134990624.0,135095031.0,135200812.0,135277876.0,135343428.0,135413629.0,135479295.0,135541331.0,135602376.0,135664924.0,135729801.0,135794053.0,135859422.0,135923838.0,135983147.0,136041932.0,136099995.0,136157167.0,136210799.0,136268187.0,136325604.0,136377783.0,136433318.0,136487604.0,136539631.0,136592122.0,136647546.0,136700185.0,136750626.0,136800095.0,136850644.0,136903297.0,136955559.0,137007603.0,137058409.0,137106997.0,137156444.0,137209201.0,137261627.0,137315633.0,137369965.0,137419762.0,137473409.0,137531357.0,137590162.0,137645355.0,137695964.0,137747562.0,137793874.0,137843769.0,137893116.0,137941744.0,137988603.0,138033139.0,138084175.0,138136881.0,138188204.0,138239919.0,138293058.0,138346177.0,138405308.0,138464728.0,138519814.0,138570394.0,138622703.0,138671884.0,138723641.0,138780317.0,138834939.0,138888557.0,138938456.0,138990995.0,139041940.0,139092806.0,139144616.0,139198791.0,139251563.0,139300468.0,139350408.0,139401972.0,139454380.0,139505904.0,139560241.0,139612018.0,139661961.0,139709963.0,139758799.0,139808435.0,139861409.0,139915953.0,139966600.0,140014377.0,140064749.0,140117666.0,140170924.0,140221688.0,140274757.0,140324937.0,140371846.0,140417743.0,140460900.0,140504793.0,140551151.0,140596592.0,140639904.0,,140733082.0,140780884.0,140830664.0,140881846.0,140935362.0,140985842.0,141033812.0,141079425.0,141124674.0,141171459.0,141214999.0,141261529.0,141307299.0,141348284.0,141387061.0,141427950.0,141468780.0,141508462.0,141552938.0,141597823.0,141636633.0,141675713.0,141715823.0,141756639.0,141797684.0,141839674.0,141882452.0,141925006.0,141968996.0,142013097.0,142060001.0,142105962.0,142154023.0,142201019.0,142246092.0,142288156.0,142332333.0,142378841.0,142426372.0,142473489.0,142521277.0,142569839.0,142619928.0,142672566.0,142728665.0,142789539.0,142849930.0,142906982.0,142958517.0,143010569.0,143063625.0,143116600.0,143170680.0,143224328.0,143277373.0,143322607.0,143366264.0,143411053.0,143456413.0,143505233.0,143556900.0,143606702.0,143654702.0,143702356.0,143748877.0,143792154.0,143836713.0,143880181.0,143924178.0,143968373.0,144013204.0,144057590.0,144104435.0,144154396.0,144208704.0,144261812.0,144312258.0,144361612.0,144410049.0,144454351.0,144501588.0,144547471.0,144591663.0,144634088.0,144675680.0,144719837.0,144766534.0,144822386.0,144881305.0,144939629.0,144991209.0,145037182.0,145085465.0,145132710.0,145178351.0,145227793.0,145270591.0,145312497.0,145356786.0,145405842.0,145453975.0,145503647.0,145555830.0,145604628.0,145652127.0,145696247.0,145740924.0,145790051.0,145840179.0,145892925.0,145942893.0,145986473.0,146032985.0,146081828
pHLh7tpOwj4,2679647.0,2680544.0,2681592.0,2682598.0,2683615.0,2684632.0,2685641.0,2686653.0,2687737.0,2688712.0,2689789.0,2690719.0,2691679.0,2692718.0,2693665.0,2694666.0,2695684.0,2696702.0,2697608.0,2698525.0,2699443.0,2700389.0,2701214.0,2702130.0,2703098.0,2703930.0,2704940.0,2705919.0,2706868.0,2707816.0,2708795.0,2709711.0,2710661.0,2711627.0,2712509.0,2713464.0,2714389.0,2715463.0,2716473.0,2717321.0,2718175.0,2718970.0,2719795.0,2720668.0,2721507.0,2722403.0,2723268.0,2724285.0,2725204.0,2726213.0,2727119.0,2728035.0,2728882.0,2729722.0,2730572.0,2731435.0,2732353.0,2733205.0,2734060.0,2734875.0,2735714.0,2736640.0,2737542.0,2738525.0,2739304.0,2740177.0,2740984.0,2741791.0,2742471.0,2743345.0,2744126.0,2744839.0,2745546.0,2746304.0,2747108.0,2747791.0,2748533.0,2749332.0,2750110.0,2750876.0,2751680.0,2752487.0,2753308.0,2754195.0,2754980.0,2755885.0,2756677.0,2757445.0,2758182.0,2758932.0,2759736.0,2760468.0,2761242.0,2762114.0,2762947.0,2763674.0,2764479.0,2765325.0,2766199.0,2766996.0,2767894.0,2768816.0,2769635.0,2770367.0,2771072.0,2771826.0,2772690.0,2773606.0,2774492.0,2775456.0,2776372.0,2777152.0,2778060.0,2778877.0,2779874.0,2780813.0,2781586.0,2782421.0,2783314.0,2784226.0,2785101.0,2785943.0,2786798.0,2787581.0,2788406.0,2789260.0,2790120.0,2791017.0,2791852.0,2792707.0,2793543.0,2794320.0,2795266.0,2796135.0,,,,,,,,,2803873.0,2804902.0,2805814.0,2806687.0,2807537.0,2808305.0,2809124.0,2809943.0,2810873.0,2811731.0,2812602.0,2813390.0,2814278.0,2815037.0,2815876.0,2816753.0,2817663.0,2818600.0,2819720.0,2820674.0,2821550.0,2822601.0,2823643.0,2824735.0,2825740.0,2826917.0,2828072.0,2829223.0,2830164.0,2831264.0,2832477.0,2833566.0,2834731.0,2835854.0,2836886.0,2838060.0,2839109.0,2840129.0,2841176.0,2842389.0,2843471.0,2844560.0,2845769.0,2846945.0,2848106.0,2849272.0,2850348.0,2851523.0,2852832.0,2854174.0,2855377.0,2856757.0,2858136.0,2859535.0,2860867.0,2862174.0,2863577.0,2865008.0,2866409.0,2867840.0,2869262.0,2870472.0,2871720.0,2873140.0,2874482.0,2875987.0,2877377.0,2878736.0,2879964.0,2881264.0,2882543.0,2883921.0,2885301.0,2886722.0,2888227.0,2889525.0,2890930.0,2892277.0,2893598.0,2894861.0,2895959.0,2897072.0,2898212.0,2899263.0,2900360.0,2901494.0,2902571.0,2903732.0,2904847.0,2905971.0,2906953.0,2908021.0,2909182.0,2910373.0,2911516.0,2912526.0,2913524.0,2914452.0,2915516.0,2916584.0,2917588.0,2918600.0,2919523.0,2920345.0,2921311.0,2922329.0,2923345.0,2924326.0,2925325.0,2926276.0,2927210.0,2928235.0,2929407.0,2930578.0,2931597.0,2932623.0,2933577.0,2934492.0,2935364.0,2936413.0,2937463.0,,2939415.0,2940418.0,2941561.0,2942639.0,2943833.0,2944860.0,2945868.0,2946851.0,2947890.0,2949040.0,2950174.0,2951287.0,2952495.0,2953497.0,2954479.0,2955557.0,2956656.0,2957691.0,2958813.0,2959826.0,2960833.0,2961863.0,2962885.0,2964072.0,2965209.0,2966396.0,2967519.0,2968664.0,2969764.0,2971026.0,2972363.0,2973650.0,2974827.0,2975909.0,2976999.0,2978126.0,2979045.0,2980008.0,2980966.0,2981965.0,2983067.0,2984188.0,2985545.0,2986702.0,2987773.0,2988791.0,2990006.0,2991271.0,2992363.0,2993517.0,2994723.0,2995863.0,2996942.0,2998052.0,2999201.0,3000333.0,3001494.0,3002517.0,3003508.0,3004514.0,3005611.0,3006749.0,3007812.0,3009014.0,3010190.0,3011393.0,3012486.0,3013581.0,3014603.0,3015644.0,3016884.0,3018118.0,3019235.0,3020434.0,3021720.0,3023089.0,3024405.0,3025693.0,3026830.0,3027914.0,3029000.0,3030134.0,3031398.0,3032560.0,3033811.0,3034988.0,3036208.0,3037441.0,3038677.0,3039924.0,3041149.0,3042414.0,3043706.0,3045042.0,3046327.0,3047631.0,3048883.0,3050041.0,3051079.0,3052088.0,3052992.0,3053963.0,3055053.0,3056145.0,3057109.0,3058031.0,3059104.0,3060164.0,3061422.0,3062584.0,3063778.0,3064888.0,3065933.0,3067062
_ZdH0Jon-Yg,2317612.0,2319025.0,2320590.0,2322035.0,2324067.0,2326011.0,2327734.0,2330230.0,2332633.0,2334748.0,2336837.0,2338889.0,2340935.0,2343017.0,2345302.0,2347428.0,2349366.0,2351084.0,2352923.0,2355112.0,2356947.0,2358984.0,2361126.0,2363111.0,2364962.0,2366810.0,2368821.0,2370694.0,2372459.0,2374574.0,2376385.0,2378028.0,2379783.0,2381541.0,2383487.0,2385303.0,2387178.0,2388990.0,2390722.0,2392362.0,2394011.0,2395743.0,2397592.0,2399336.0,2401600.0,2403538.0,2405327.0,2407296.0,2409183.0,2411149.0,2413064.0,2414865.0,2416486.0,2418192.0,2420164.0,2421949.0,2423775.0,2425543.0,2427256.0,2428819.0,2430689.0,2432441.0,2434399.0,2436100.0,2437748.0,2439342.0,2440773.0,2442328.0,2443752.0,2445418.0,2447082.0,2448673.0,2450171.0,2451437.0,2452970.0,2454382.0,2455825.0,2457406.0,2459010.0,2460524.0,2461842.0,2463379.0,2464954.0,2466476.0,2468017.0,2469411.0,2470739.0,2471962.0,2473314.0,2474585.0,2475919.0,2477283.0,2478602.0,2479901.0,2481170.0,2482169.0,2483568.0,2484847.0,2486170.0,2487596.0,2488985.0,2490345.0,2491770.0,2493189.0,2494678.0,2496053.0,2497665.0,2499131.0,2500480.0,2501999.0,2503500.0,2505012.0,2506655.0,2508236.0,2509837.0,2511414.0,2513122.0,2514730.0,2516335.0,2517944.0,2519459.0,2520854.0,2522171.0,2523403.0,2524877.0,2526308.0,2527786.0,2529145.0,2530528.0,2531837.0,2533127.0,2534490.0,2535692.0,2536898.0,,,,,,,,,2549723.0,2550859.0,2552260.0,2553642.0,2555109.0,2556673.0,2557962.0,2559287.0,2560542.0,2561752.0,2562934.0,2564127.0,2565446.0,2566846.0,2568061.0,2569297.0,2570656.0,2571895.0,2573211.0,2574381.0,2575680.0,2576910.0,2578096.0,2579421.0,2580901.0,2582383.0,2584009.0,2585666.0,2587091.0,2588429.0,2589828.0,2591158.0,2592486.0,2593768.0,2595037.0,2596312.0,2597473.0,2598718.0,2600014.0,2601226.0,2602491.0,2603937.0,2605341.0,2606567.0,2607705.0,2609053.0,2610248.0,2611608.0,2612943.0,2614150.0,2615344.0,2616613.0,2617873.0,2619135.0,2620378.0,2621734.0,2623022.0,2624339.0,2625729.0,2627173.0,2628563.0,2629814.0,2631012.0,2632347.0,2633488.0,2634842.0,2636046.0,2637178.0,2638115.0,2639121.0,2640261.0,2641475.0,2642797.0,2644167.0,2645436.0,2646958.0,2648393.0,2649829.0,2651069.0,2652434.0,2653808.0,2655077.0,2656357.0,2658003.0,2659376.0,2660626.0,2661893.0,2663225.0,2664565.0,2665830.0,2667132.0,2668419.0,2669545.0,2670824.0,2672155.0,2673480.0,2674732.0,2676156.0,2677469.0,2678735.0,2680149.0,2681457.0,2682847.0,2684177.0,2685496.0,2686724.0,2687781.0,2688998.0,2690177.0,2691338.0,2692486.0,2693669.0,2694839.0,2695845.0,2696929.0,2697929.0,2698960.0,2699920.0,2701078.0,2702095.0,2703143.0,,2704976.0,2706011.0,2706961.0,2707953.0,2708882.0,2709674.0,2710583.0,2711518.0,2712446.0,2713374.0,2714332.0,2715297.0,2716178.0,2717025.0,2717942.0,2718942.0,2719894.0,2720827.0,2721810.0,2722668.0,2723762.0,2724733.0,2725734.0,2726667.0,2727666.0,2728698.0,2729487.0,2730342.0,2731222.0,2732049.0,2732961.0,2733845.0,2734912.0,2735622.0,2736475.0,2737309.0,2738138.0,2739022.0,2740025.0,2740863.0,2741627.0,2742493.0,2743368.0,2744268.0,2745079.0,2745918.0,2747239.0,2748475.0,2749562.0,2750952.0,2752212.0,2753566.0,2754871.0,2756106.0,2757311.0,2758436.0,2759686.0,2761117.0,2762358.0,2763649.0,2765091.0,2766252.0,2767791.0,2769571.0,2771302.0,2772996.0,2774676.0,2776186.0,2777425.0,2778684.0,2779839.0,2781348.0,2782598.0,2783952.0,2785216.0,2786376.0,2787598.0,2788820.0,2789975.0,2791211.0,2792418.0,2793629.0,2794675.0,2795712.0,2796770.0,2797806.0,2798960.0,2800307.0,2801818.0,2803139.0,2804386.0,2805720.0,2806952.0,2808283.0,2809501.0,2810815.0,2811916.0,2813164.0,2814311.0,2815389.0,2816506.0,2817483.0,2818492.0,2819462.0,2820586.0,2821484.0,2822434.0,2823523.0,2824425.0,2825411.0,2826180.0,2827107.0,2828063.0,2828954
Uf4nGafC-zw,1743504.0,1743801.0,1744173.0,1744595.0,1744894.0,1745281.0,1745598.0,1746017.0,1746328.0,1746744.0,1747137.0,1747502.0,1747896.0,1748195.0,1748481.0,1748846.0,1749169.0,1749500.0,1749840.0,1750148.0,1750524.0,1750938.0,1751262.0,1751634.0,1751971.0,1752329.0,1752613.0,1752944.0,1753270.0,1753594.0,1753937.0,1754240.0,1754498.0,1754762.0,1754999.0,1755315.0,1755693.0,1756040.0,1756360.0,1756652.0,1756879.0,1757181.0,1757412.0,1757710.0,1758052.0,1758349.0,1758618.0,1758895.0,1759187.0,1759520.0,1759809.0,1760147.0,1760458.0,1760766.0,1761105.0,1761398.0,1761721.0,1762042.0,1762333.0,1762598.0,1762919.0,1763239.0,1763554.0,1763824.0,1764150.0,1764482.0,1764797.0,1765072.0,1765371.0,1765701.0,1765972.0,1766215.0,1766476.0,1766750.0,1767088.0,1767364.0,1767701.0,1767996.0,1768237.0,1768512.0,1768818.0,1769134.0,1769402.0,1769687.0,1770027.0,1770338.0,1770665.0,1770973.0,1771294.0,1771622.0,1771955.0,1772250.0,1772552.0,1772990.0,1773334.0,1773687.0,1774016.0,1774345.0,1774647.0,1775036.0,1775408.0,1775843.0,1776207.0,1776533.0,1776859.0,1777222.0,1777576.0,1777945.0,1778381.0,1778778.0,1779146.0,1779596.0,1779995.0,1780454.0,1780860.0,1781305.0,1781718.0,1782062.0,1782420.0,1782906.0,1783226.0,1783731.0,1784164.0,1784528.0,1784877.0,1785221.0,1785563.0,1785958.0,1786381.0,1786832.0,1787211.0,1787580.0,1787924.0,1788338.0,,,,,,,,,1792511.0,1793069.0,1793546.0,1794071.0,1794612.0,1795146.0,1795720.0,1796335.0,1797046.0,1797770.0,1798475.0,1799206.0,1799963.0,1800682.0,1801481.0,1802287.0,1803054.0,1803911.0,1804765.0,1805672.0,1806544.0,1807482.0,1808419.0,1809343.0,1810394.0,1811451.0,1812483.0,1813451.0,1814585.0,1815719.0,1816736.0,1817711.0,1818708.0,1819718.0,1820635.0,1821787.0,1822934.0,1823903.0,1825056.0,1826176.0,1827476.0,1828761.0,1830202.0,1831656.0,1832967.0,1834150.0,1835356.0,1836663.0,1837967.0,1839323.0,1840548.0,1841852.0,1843103.0,1844543.0,1846085.0,1847743.0,1849619.0,1851504.0,1853346.0,1855411.0,1858746.0,1862823.0,1865058.0,1866412.0,1867448.0,1868278.0,1869193.0,1870064.0,1870915.0,1871783.0,1872477.0,1873091.0,1873742.0,1874298.0,1874878.0,1875407.0,1875953.0,1876393.0,1876922.0,1877456.0,1877842.0,1878238.0,1878660.0,1879062.0,1879465.0,1879858.0,1880112.0,1880508.0,1880877.0,1881334.0,1881749.0,1882186.0,1882655.0,1883126.0,1883554.0,1883983.0,1884349.0,1884710.0,1885112.0,1885512.0,1885829.0,1886204.0,1886604.0,1886904.0,1887223.0,1887530.0,1887848.0,1888162.0,1888435.0,1888784.0,1889104.0,1889424.0,1889751.0,1890099.0,1890417.0,1890729.0,1891005.0,1891338.0,1891681.0,1891983.0,1892379.0,,1893053.0,1893351.0,1893732.0,1893970.0,1894249.0,1894518.0,1894804.0,1894991.0,1895256.0,1895535.0,1895846.0,1896186.0,1896423.0,1896738.0,1896966.0,1897280.0,1897537.0,1897806.0,1898126.0,1898442.0,1898710.0,1898996.0,1899301.0,1899548.0,1899820.0,1900113.0,1900432.0,1900735.0,1900967.0,1901271.0,1901602.0,1901875.0,1902140.0,1902383.0,1902679.0,1902929.0,1903185.0,1903490.0,1903786.0,1904000.0,1904260.0,1904481.0,1904756.0,1905017.0,1905305.0,1905559.0,1905810.0,1906123.0,1906390.0,1906669.0,1906973.0,1907250.0,1907481.0,1907752.0,1908026.0,1908260.0,1908480.0,1908743.0,1908981.0,1909275.0,1909568.0,1909889.0,1910142.0,1910371.0,1910708.0,1910980.0,1911267.0,1911525.0,1911798.0,1912059.0,1912305.0,1912569.0,1912772.0,1913006.0,1913291.0,1913583.0,1913832.0,1914086.0,1914385.0,1914638.0,1914901.0,1915151.0,1915429.0,1915635.0,1915879.0,1916140.0,1916368.0,1916617.0,1916907.0,1917190.0,1917426.0,1917695.0,1917930.0,1918196.0,1918408.0,1918688.0,1918923.0,1919156.0,1919332.0,1919584.0,1919775.0,1919995.0,1920206.0,1920410.0,1920621.0,1920836.0,1921102.0,1921348.0,1921587.0,1921822.0,1922081.0,1922298.0,1922544.0,1922784
-YmKho9jJbE,19895573.0,19896221.0,19896899.0,19897547.0,19898177.0,19898863.0,19899525.0,19900183.0,19900821.0,19901600.0,19902293.0,19902996.0,19903583.0,19904218.0,19904845.0,19905447.0,19906100.0,19906711.0,19907343.0,19907896.0,19908321.0,19908932.0,19909432.0,19909998.0,19910602.0,19911194.0,19911814.0,19912392.0,19912986.0,19913483.0,19914047.0,19914569.0,19915108.0,19915716.0,19916284.0,19916894.0,19917396.0,19917956.0,19918583.0,19919187.0,19919795.0,19920366.0,19920922.0,19921437.0,19922002.0,19922601.0,19923160.0,19923740.0,19924422.0,19924902.0,19925515.0,19926007.0,19926662.0,19927184.0,19927736.0,19928325.0,19928930.0,19929522.0,19930057.0,19930584.0,19931199.0,19931748.0,19932344.0,19932973.0,19933571.0,19934161.0,19934706.0,19935270.0,19935885.0,19936575.0,19937293.0,19937975.0,19938679.0,19939278.0,19939836.0,19940392.0,19940965.0,19941556.0,19942265.0,19942941.0,19943476.0,19944146.0,19944693.0,19945303.0,19945863.0,19946385.0,19946935.0,19947549.0,19948040.0,19948505.0,19949067.0,19949549.0,19950069.0,19950661.0,19951307.0,19951791.0,19952347.0,19952825.0,19953353.0,19953822.0,19954319.0,19954896.0,19955345.0,19955859.0,19956345.0,19956813.0,19957395.0,19957973.0,19958557.0,19959073.0,19959679.0,19960223.0,19960739.0,19961316.0,19961887.0,19962570.0,19963137.0,19963742.0,19964356.0,19964888.0,19965470.0,19966101.0,19966893.0,19967613.0,19968216.0,19968820.0,19969527.0,19970413.0,19971289.0,19972069.0,19972892.0,19973767.0,19974404.0,19975138.0,,,,,,,,,19981420.0,19982142.0,19982820.0,19983554.0,19984041.0,19984951.0,19985567.0,19986203.0,19987134.0,19987903.0,19988577.0,19989380.0,19990060.0,19990696.0,19991577.0,19992374.0,19993113.0,19993776.0,19994419.0,19995113.0,19995817.0,19996488.0,19997086.0,19997708.0,19998287.0,19998958.0,19999553.0,20000284.0,20000973.0,20001605.0,20002145.0,20002691.0,20003306.0,20003696.0,20004422.0,20004964.0,20005537.0,20006028.0,20006562.0,20007036.0,20007640.0,20008158.0,20008688.0,20009302.0,20009832.0,20010440.0,20010917.0,20011496.0,20011975.0,20012527.0,20012924.0,20013434.0,20013915.0,20014381.0,20014931.0,20015454.0,20015910.0,20016400.0,20016823.0,20017307.0,20017751.0,20018270.0,20018756.0,20019313.0,20019845.0,20020506.0,20021138.0,20021715.0,20022317.0,20022866.0,20023501.0,20024091.0,20024572.0,20025109.0,20025692.0,20026251.0,20026941.0,20027506.0,20028037.0,20028696.0,20029209.0,20029678.0,20030337.0,20031064.0,20031776.0,20032519.0,20033145.0,20033623.0,20034137.0,20034708.0,20035292.0,20035882.0,20036475.0,20036934.0,20037527.0,20037986.0,20038499.0,20039092.0,20039739.0,20040252.0,20040809.0,20041361.0,20041935.0,20042540.0,20043193.0,20043811.0,20044434.0,20044960.0,20045443.0,20046004.0,20046572.0,20047005.0,20047575.0,20048073.0,20048522.0,20049089.0,20049601.0,20050071.0,20050569.0,20051029.0,20051507.0,,20052422.0,20052904.0,20053478.0,20053983.0,20054487.0,20054970.0,20055437.0,20055928.0,20056338.0,20056779.0,20057275.0,20057845.0,20058380.0,20058868.0,20059361.0,20059862.0,20060444.0,20061051.0,20061621.0,20062232.0,20062726.0,20063236.0,20063735.0,20064204.0,20064751.0,20065251.0,20065792.0,20066303.0,20066809.0,20067277.0,20067828.0,20068246.0,20068818.0,20069317.0,20069809.0,20070278.0,20070843.0,20071358.0,20071886.0,20072516.0,20073087.0,20073642.0,20074255.0,20074775.0,20075424.0,20075965.0,20076512.0,20077158.0,20077748.0,20078296.0,20078834.0,20079397.0,20080006.0,20080614.0,20081114.0,20081685.0,20082304.0,20082736.0,20083403.0,20083933.0,20084463.0,20085010.0,20085505.0,20086047.0,20086558.0,20087075.0,20087628.0,20088180.0,20088684.0,20089188.0,20089770.0,20090245.0,20090636.0,20091112.0,20091584.0,20092023.0,20092480.0,20092937.0,20093387.0,20093812.0,20094279.0,20094760.0,20095295.0,20095780.0,20096227.0,20096690.0,20097170.0,20097733.0,20098201.0,20098755.0,20099193.0,20099674.0,20100170.0,20100611.0,20101042.0,20101558.0,20102052.0,20102486.0,20102914.0,20103286.0,20103645.0,20104013.0,20104466.0,20104833.0,20105186.0,20105535.0,20105949.0,20107663.0,20110612.0,20111858.0,20112285.0,20112651.0,20112998.0,20113328
zMSaX1M2qxI,90940.0,90956.0,90990.0,91033.0,91068.0,91085.0,91114.0,91133.0,91151.0,91178.0,91202.0,91235.0,91258.0,91278.0,91302.0,91323.0,91356.0,91383.0,91407.0,91421.0,91450.0,91473.0,91490.0,91515.0,91533.0,91569.0,91591.0,91607.0,91627.0,91647.0,91663.0,91709.0,91726.0,91748.0,91756.0,91771.0,91790.0,91818.0,91835.0,91849.0,91859.0,91873.0,91886.0,91893.0,91914.0,91933.0,91954.0,91965.0,92149.0,92291.0,92475.0,92667.0,92850.0,92978.0,93064.0,93186.0,93291.0,93426.0,93534.0,93645.0,93718.0,93776.0,93853.0,93937.0,94007.0,94089.0,94190.0,94281.0,94365.0,94452.0,94535.0,94612.0,94690.0,94756.0,94820.0,94886.0,94961.0,95010.0,95055.0,95112.0,95160.0,95214.0,95266.0,95313.0,95368.0,95447.0,95500.0,95546.0,95592.0,95628.0,95688.0,95730.0,95766.0,95812.0,95858.0,95891.0,95923.0,95972.0,96019.0,96079.0,96141.0,96201.0,96242.0,96290.0,96319.0,96357.0,96406.0,96455.0,96491.0,96532.0,96568.0,96620.0,96654.0,96689.0,96728.0,96768.0,96808.0,96854.0,96892.0,96940.0,96996.0,97042.0,97068.0,97088.0,97103.0,97145.0,97184.0,97231.0,97265.0,97295.0,97335.0,97357.0,97389.0,97425.0,,,,,,,,,97666.0,97696.0,97732.0,97765.0,97802.0,97846.0,97877.0,97914.0,97959.0,98023.0,98070.0,98134.0,98190.0,98222.0,98263.0,98311.0,98347.0,98375.0,98420.0,98448.0,98479.0,98502.0,98531.0,98563.0,98589.0,98619.0,98645.0,98687.0,98709.0,98729.0,98757.0,98787.0,98817.0,98839.0,98862.0,98899.0,98961.0,98995.0,99024.0,99051.0,99073.0,99103.0,99138.0,99160.0,99188.0,99220.0,99258.0,99291.0,99325.0,99355.0,99392.0,99431.0,99465.0,99493.0,99522.0,99542.0,99560.0,99588.0,99609.0,99637.0,99663.0,99693.0,99728.0,99745.0,99775.0,99802.0,99850.0,99891.0,99910.0,99929.0,99965.0,99980.0,100011.0,100046.0,100082.0,100102.0,100120.0,100154.0,100185.0,100217.0,100256.0,100298.0,100336.0,100390.0,100433.0,100462.0,100510.0,100551.0,100582.0,100618.0,100654.0,100680.0,100699.0,100729.0,100751.0,100770.0,100794.0,100833.0,100869.0,100896.0,100929.0,100989.0,101027.0,101066.0,101099.0,101127.0,101162.0,101193.0,101218.0,101237.0,101278.0,101313.0,101338.0,101378.0,101411.0,101445.0,101471.0,101498.0,101518.0,101558.0,101591.0,,101654.0,101684.0,101707.0,101742.0,101769.0,101784.0,101805.0,101822.0,101835.0,101865.0,101880.0,101898.0,101921.0,101937.0,101955.0,101981.0,102003.0,102039.0,102094.0,102135.0,102167.0,102202.0,102236.0,102289.0,102335.0,102392.0,102434.0,102494.0,102541.0,102593.0,102655.0,102690.0,102723.0,102763.0,102804.0,102831.0,102863.0,102894.0,102929.0,102957.0,102978.0,103006.0,103029.0,103060.0,103109.0,103148.0,103184.0,103224.0,103268.0,103306.0,103336.0,103364.0,103415.0,103451.0,103487.0,103524.0,103555.0,103581.0,103596.0,103627.0,103655.0,103690.0,103727.0,103756.0,103785.0,103819.0,103855.0,103887.0,103914.0,103953.0,103981.0,104005.0,104032.0,104071.0,104113.0,104145.0,104184.0,104215.0,104239.0,104274.0,104302.0,104331.0,104359.0,104388.0,104403.0,104423.0,104449.0,104482.0,104502.0,104522.0,104547.0,104566.0,104591.0,104609.0,104632.0,104654.0,104677.0,104689.0,104710.0,104731.0,104753.0,104769.0,104780.0,104799.0,104811.0,104827.0,104846.0,104864.0,104889.0,104904.0,104922.0,104957.0,104979.0,105004
0PkIeKsYHck,2397175.0,2397436.0,2397758.0,2398089.0,2398406.0,2398668.0,2399035.0,2399333.0,2399597.0,2399885.0,2400131.0,2400435.0,2400727.0,2401007.0,2401355.0,2401669.0,2401991.0,2402311.0,2402600.0,2402938.0,2403199.0,2403578.0,2403921.0,2404216.0,2404582.0,2404896.0,2405207.0,2405510.0,2405899.0,2406243.0,2406589.0,2406875.0,2407118.0,2407396.0,2407701.0,2407981.0,2408298.0,2408555.0,2408855.0,2409146.0,2409447.0,2409742.0,2410076.0,2410396.0,2410705.0,2411018.0,2411293.0,2411571.0,2411877.0,2412183.0,2412500.0,2412790.0,2413027.0,2413318.0,2413644.0,2413935.0,2414219.0,2414501.0,2414763.0,2415068.0,2415334.0,2415617.0,2415933.0,2416219.0,2416493.0,2416766.0,2417030.0,2417340.0,2417626.0,2417983.0,2418310.0,2418769.0,2419154.0,2419575.0,2419930.0,2420366.0,2420756.0,2421102.0,2421580.0,2421948.0,2422288.0,2422578.0,2422950.0,2423369.0,2423766.0,2424120.0,2424456.0,2424693.0,2424938.0,2425176.0,2425447.0,2425724.0,2425973.0,2426260.0,2426489.0,2426717.0,2426960.0,2427263.0,2427498.0,2427781.0,2428016.0,2428294.0,2428614.0,2428886.0,2429126.0,2429390.0,2429655.0,2429949.0,2430173.0,2430438.0,2430700.0,2430934.0,2431202.0,2431488.0,2431805.0,2432097.0,2432321.0,2432565.0,2432804.0,2433101.0,2433340.0,2433600.0,2433836.0,2434051.0,2434264.0,2434481.0,2434741.0,2435007.0,2435264.0,2435572.0,2435792.0,2436054.0,2436281.0,2436570.0,,,,,,,,,2439075.0,2439341.0,2439671.0,2440106.0,2440474.0,2440829.0,2441157.0,2441474.0,2441836.0,2442135.0,2442383.0,2442613.0,2442880.0,2443209.0,2443499.0,2443793.0,2444072.0,2444363.0,2444639.0,2444882.0,2445125.0,2445382.0,2445710.0,2445947.0,2446220.0,2446469.0,2446703.0,2446948.0,2447203.0,2447469.0,2447723.0,2447981.0,2448243.0,2448505.0,2448798.0,2449049.0,2449310.0,2449537.0,2449791.0,2450058.0,2450318.0,2450585.0,2450868.0,2451122.0,2451379.0,2451689.0,2451930.0,2452197.0,2452442.0,2452724.0,2452999.0,2453286.0,2453569.0,2453855.0,2454158.0,2454440.0,2454750.0,2455002.0,2455270.0,2455546.0,2455792.0,2456026.0,2456270.0,2456584.0,2456862.0,2457171.0,2457423.0,2457713.0,2457963.0,2458258.0,2458520.0,2458785.0,2459070.0,2459398.0,2459673.0,2459960.0,2460255.0,2460643.0,2460957.0,2461300.0,2461579.0,2461837.0,2462189.0,2462468.0,2462797.0,2463118.0,2463382.0,2463676.0,2463982.0,2464308.0,2464618.0,2464977.0,2465263.0,2465570.0,2465886.0,2466193.0,2466541.0,2466865.0,2467171.0,2467439.0,2467725.0,2468018.0,2468345.0,2468644.0,2468978.0,2469349.0,2469654.0,2470044.0,2470404.0,2470715.0,2471043.0,2471356.0,2471690.0,2472027.0,2472405.0,2472798.0,2473135.0,2473462.0,2473806.0,2474142.0,2474461.0,,2475174.0,2475488.0,2475778.0,2476025.0,2476341.0,2476612.0,2476868.0,2477180.0,2477428.0,2477803.0,2478117.0,2478463.0,2478761.0,2479036.0,2479336.0,2479604.0,2479878.0,2480226.0,2480525.0,2480795.0,2481089.0,2481365.0,2481665.0,2481903.0,2482186.0,2482441.0,2482687.0,2482948.0,2483241.0,2483495.0,2483753.0,2484021.0,2484293.0,2484575.0,2484867.0,2485134.0,2485439.0,2485783.0,2486090.0,2486388.0,2486670.0,2486948.0,2487221.0,2487543.0,2487821.0,2488155.0,2488492.0,2488847.0,2489130.0,2489460.0,2489786.0,2490092.0,2490352.0,2490703.0,2490947.0,2491204.0,2491495.0,2491817.0,2492037.0,2492280.0,2492549.0,2492787.0,2493037.0,2493299.0,2493558.0,2493832.0,2494120.0,2494452.0,2494692.0,2494938.0,2495170.0,2495460.0,2495763.0,2496020.0,2496304.0,2496552.0,2496803.0,2497066.0,2497349.0,2497633.0,2497934.0,2498193.0,2498437.0,2498667.0,2498933.0,2499169.0,2499453.0,2499730.0,2499988.0,2500232.0,2500489.0,2500732.0,2501014.0,2501274.0,2501523.0,2501800.0,2502036.0,2502303.0,2502518.0,2502745.0,2502968.0,2503226.0,2503463.0,2503707.0,2503947.0,2504191.0,2504439.0,2504661.0,2504878.0,2505086.0,2505311.0,2505538.0,2505764.0,2505986
6qsrAGOTFyU,4318006.0,4318438.0,4318986.0,4319555.0,4320008.0,4320500.0,4321052.0,4321492.0,4322042.0,4322583.0,4323106.0,4323568.0,4324080.0,4324499.0,4325046.0,4325534.0,4325909.0,4326368.0,4326840.0,4327251.0,4327719.0,4328245.0,4328763.0,4329267.0,4329746.0,4330283.0,4330905.0,4331479.0,4332010.0,4332487.0,4333151.0,4333671.0,4334260.0,4334724.0,4335284.0,4335864.0,4336379.0,4336955.0,4337524.0,4338070.0,4338510.0,4339077.0,4339626.0,4340183.0,4340755.0,4341258.0,4341779.0,4342300.0,4342859.0,4343330.0,4343929.0,4344489.0,4345118.0,4345784.0,4346337.0,4346892.0,4347490.0,4348057.0,4348628.0,4349186.0,4349778.0,4350506.0,4351027.0,4351545.0,4352116.0,4352612.0,4353091.0,4353649.0,4354093.0,4354536.0,4355187.0,4355818.0,4356454.0,4357014.0,4357732.0,4358460.0,4359023.0,4359733.0,4360333.0,4360975.0,4361485.0,4362057.0,4362701.0,4363253.0,4363818.0,4364276.0,4364961.0,4365486.0,4365974.0,4366459.0,4366994.0,4367597.0,4368165.0,4368701.0,4369234.0,4369740.0,4370242.0,4370686.0,4371179.0,4371673.0,4372250.0,4372705.0,4373257.0,4373775.0,4374325.0,4374853.0,4375347.0,4375809.0,4376281.0,4376756.0,4377223.0,4377661.0,4378198.0,4378737.0,4379277.0,4379743.0,4380303.0,4380880.0,4381402.0,4381933.0,4382459.0,4383037.0,4383502.0,4384013.0,4384504.0,4385070.0,4385586.0,4386072.0,4386662.0,4387189.0,4387761.0,4388230.0,4388693.0,4389131.0,,,,,,,,,4393676.0,4394182.0,4394676.0,4395171.0,4395631.0,4396178.0,4396669.0,4397244.0,4397831.0,4398329.0,4398838.0,4399344.0,4399759.0,4400262.0,4400698.0,4401124.0,4401575.0,4401967.0,4402433.0,4402886.0,4403375.0,4403786.0,4404242.0,4404670.0,4405137.0,4405478.0,4405943.0,4406385.0,4406833.0,4407272.0,4407724.0,4408136.0,4408548.0,4408961.0,4409379.0,4409777.0,4410117.0,4410478.0,4410859.0,4411239.0,4411670.0,4412085.0,4412490.0,4412871.0,4413316.0,4413677.0,4414103.0,4414620.0,4415084.0,4415501.0,4415824.0,4416228.0,4416676.0,4417042.0,4417444.0,4417795.0,4418197.0,4418555.0,4418919.0,4419355.0,4419705.0,4420094.0,4420475.0,4420936.0,4421308.0,4421737.0,4422217.0,4422692.0,4423085.0,4423495.0,4423896.0,4424267.0,4424677.0,4425110.0,4425565.0,4426069.0,4426539.0,4427069.0,4427510.0,4427976.0,4428466.0,4428867.0,4429341.0,4429817.0,4430281.0,4430647.0,4431009.0,4431504.0,4432050.0,4432513.0,4432927.0,4433419.0,4433787.0,4434210.0,4434681.0,4435113.0,4435564.0,4436073.0,4436435.0,4436874.0,4437344.0,4437814.0,4438272.0,4438746.0,4439181.0,4439530.0,4440012.0,4440637.0,4441277.0,4441926.0,4442490.0,4443057.0,4443584.0,4444039.0,4444545.0,4445067.0,4445442.0,4445981.0,4446533.0,4447018.0,4447534.0,,4448553.0,4449121.0,4449557.0,4449946.0,4450384.0,4450798.0,4451207.0,4451576.0,4451969.0,4452447.0,4452879.0,4453319.0,4453761.0,4454185.0,4454628.0,4455066.0,4455583.0,4456054.0,4456583.0,4457096.0,4457575.0,4458003.0,4458459.0,4458912.0,4459362.0,4459814.0,4460181.0,4460622.0,4461029.0,4461440.0,4461827.0,4462233.0,4462630.0,4462968.0,4463427.0,4463885.0,4464295.0,4464710.0,4465100.0,4465557.0,4465920.0,4466282.0,4466695.0,4467124.0,4467515.0,4467940.0,4468325.0,4468718.0,4469105.0,4469472.0,4469907.0,4470301.0,4470791.0,4471202.0,4471552.0,4471957.0,4472325.0,4472692.0,4473142.0,4473514.0,4473909.0,4474285.0,4474652.0,4475009.0,4475422.0,4475850.0,4476185.0,4476493.0,4476907.0,4477278.0,4477658.0,4478045.0,4478431.0,4478778.0,4479217.0,4479627.0,4480077.0,4480491.0,4480951.0,4481329.0,4481699.0,4482076.0,4482450.0,4482742.0,4483197.0,4483556.0,4483970.0,4484325.0,4484638.0,4484995.0,4485335.0,4485687.0,4486076.0,4486478.0,4486893.0,4487300.0,4487649.0,4488069.0,4488483.0,4488922.0,4489288.0,4489728.0,4490104.0,4490551.0,4490983.0,4491329.0,4491755.0,4492107.0,4492515.0,4492920.0,4493249.0,4493609.0,4494010.0,4494380
92R5M99wITU,87456.0,87484.0,87516.0,87565.0,87599.0,87649.0,87691.0,87722.0,87761.0,87816.0,87865.0,87911.0,87968.0,88019.0,88058.0,88102.0,88147.0,88194.0,88224.0,88258.0,88292.0,88319.0,88362.0,88393.0,88421.0,88450.0,88479.0,88516.0,88539.0,88571.0,88604.0,88632.0,88674.0,88713.0,88742.0,88775.0,88815.0,88858.0,88892.0,88924.0,88961.0,88989.0,89025.0,89051.0,89080.0,89140.0,89172.0,89198.0,89225.0,89258.0,89291.0,89333.0,89364.0,89401.0,89425.0,89450.0,89489.0,89534.0,89568.0,89603.0,89628.0,89656.0,89685.0,89728.0,89762.0,89799.0,89839.0,89878.0,89916.0,89991.0,90078.0,90094.0,90129.0,90155.0,90179.0,90218.0,90245.0,90268.0,90291.0,90311.0,90330.0,90362.0,90392.0,90424.0,90458.0,90488.0,90520.0,90541.0,90564.0,90601.0,90620.0,90648.0,90677.0,90706.0,90734.0,90755.0,90782.0,90815.0,90843.0,90861.0,90897.0,90924.0,90956.0,90984.0,91008.0,91037.0,91060.0,91080.0,91111.0,91142.0,91172.0,91196.0,91228.0,91265.0,91310.0,91343.0,91373.0,91417.0,91440.0,91471.0,91504.0,91566.0,91585.0,91615.0,91642.0,91676.0,91699.0,91738.0,91762.0,91780.0,91797.0,91815.0,91835.0,91854.0,,,,,,,,,92100.0,92134.0,92169.0,92188.0,92214.0,92249.0,92268.0,92299.0,92317.0,92331.0,92355.0,92381.0,92414.0,92440.0,92469.0,92495.0,92526.0,92552.0,92574.0,92611.0,92630.0,92659.0,92683.0,92711.0,92740.0,92759.0,92784.0,92803.0,92829.0,92860.0,92897.0,92928.0,92959.0,92984.0,93008.0,93038.0,93079.0,93102.0,93119.0,93142.0,93188.0,93218.0,93247.0,93282.0,93312.0,93348.0,93390.0,93433.0,93462.0,93489.0,93514.0,93538.0,93563.0,93588.0,93607.0,93637.0,93674.0,93706.0,93735.0,93767.0,93802.0,93833.0,93857.0,93890.0,93926.0,93963.0,93983.0,94004.0,94036.0,94055.0,94077.0,94109.0,94148.0,94187.0,94233.0,94263.0,94292.0,94329.0,94355.0,94381.0,94407.0,94432.0,94452.0,94480.0,94518.0,94551.0,94570.0,94605.0,94637.0,94663.0,94697.0,94723.0,94747.0,94791.0,94822.0,94844.0,94877.0,94911.0,94945.0,94971.0,94993.0,95012.0,95034.0,95067.0,95088.0,95112.0,95141.0,95173.0,95202.0,95215.0,95240.0,95281.0,95317.0,95340.0,95371.0,95395.0,95426.0,95462.0,95495.0,95535.0,95559.0,,95613.0,95651.0,95683.0,95719.0,95744.0,95765.0,95795.0,95825.0,95845.0,95880.0,95913.0,95932.0,95965.0,95992.0,96017.0,96039.0,96079.0,96122.0,96151.0,96174.0,96207.0,96235.0,96265.0,96308.0,96356.0,96389.0,96435.0,96461.0,96502.0,96539.0,96574.0,96601.0,96637.0,96666.0,96700.0,96736.0,96763.0,96786.0,96816.0,96859.0,96892.0,96933.0,96961.0,97010.0,97046.0,97085.0,97120.0,97168.0,97206.0,97241.0,97289.0,97332.0,97363.0,97398.0,97449.0,97481.0,97524.0,97556.0,97608.0,97651.0,97690.0,97739.0,97772.0,97808.0,97863.0,97929.0,97967.0,98001.0,98028.0,98056.0,98102.0,98143.0,98188.0,98221.0,98269.0,98320.0,98372.0,98396.0,98421.0,98454.0,98480.0,98498.0,98527.0,98543.0,98562.0,98587.0,98607.0,98627.0,98648.0,98674.0,98692.0,98727.0,98747.0,98771.0,98791.0,98813.0,98838.0,98860.0,98876.0,98895.0,98921.0,98934.0,98955.0,98984.0,99019.0,99043.0,99066.0,99100.0,99123.0,99148.0,99178.0,99208.0,99240.0,99260
XttfGwZXtE8,144979.0,145022.0,145094.0,145127.0,145188.0,145257.0,145326.0,145388.0,145429.0,145472.0,145512.0,145572.0,145631.0,145681.0,145719.0,145775.0,145810.0,145838.0,145877.0,145926.0,145967.0,146021.0,146059.0,146092.0,146117.0,146146.0,146176.0,146235.0,146274.0,146317.0,146345.0,146371.0,146404.0,146436.0,146461.0,146486.0,146511.0,146524.0,146560.0,146593.0,146627.0,146656.0,146700.0,146726.0,146746.0,146773.0,146803.0,146830.0,146856.0,146891.0,146913.0,146925.0,146958.0,146990.0,147007.0,147027.0,147042.0,147101.0,147122.0,147142.0,147146.0,147168.0,147172.0,147192.0,147209.0,147236.0,147258.0,147275.0,147296.0,147313.0,147331.0,147343.0,147369.0,147390.0,147406.0,147424.0,147458.0,147479.0,147510.0,147530.0,147552.0,147584.0,147591.0,147608.0,147633.0,147656.0,147680.0,147694.0,147713.0,147728.0,147741.0,147764.0,147790.0,147804.0,147820.0,147836.0,147855.0,147865.0,147881.0,147906.0,147919.0,147956.0,147983.0,148010.0,148026.0,148050.0,148074.0,148097.0,148124.0,148142.0,148165.0,148182.0,148203.0,148218.0,148234.0,148247.0,148261.0,148289.0,148299.0,148318.0,148333.0,148347.0,148365.0,148377.0,148389.0,148397.0,148409.0,148427.0,148449.0,148473.0,148489.0,148506.0,148521.0,148541.0,,,,,,,,,148697.0,148710.0,148720.0,148732.0,148752.0,148768.0,148789.0,148800.0,148808.0,148825.0,148848.0,148873.0,148889.0,148913.0,148926.0,148941.0,148954.0,148968.0,148977.0,148991.0,149001.0,149010.0,149036.0,149055.0,149063.0,149074.0,149089.0,149109.0,149124.0,149140.0,149155.0,149177.0,149191.0,149206.0,149223.0,149238.0,149252.0,149263.0,149277.0,149281.0,149293.0,149304.0,149332.0,149350.0,149355.0,149372.0,149394.0,149410.0,149427.0,149440.0,149450.0,149470.0,149485.0,149497.0,149508.0,149522.0,149538.0,149552.0,149566.0,149581.0,149594.0,149605.0,149613.0,149632.0,149639.0,149650.0,149669.0,149689.0,149711.0,149722.0,149741.0,149754.0,149768.0,149793.0,149808.0,149823.0,149838.0,149853.0,149862.0,149879.0,149897.0,149916.0,149927.0,149960.0,149977.0,149997.0,150010.0,150030.0,150046.0,150060.0,150077.0,150094.0,150102.0,150120.0,150133.0,150152.0,150162.0,150187.0,150205.0,150217.0,150232.0,150252.0,150279.0,150300.0,150313.0,150330.0,150346.0,150357.0,150380.0,150401.0,150419.0,150440.0,150461.0,150474.0,150501.0,150520.0,150540.0,150556.0,150568.0,150582.0,150597.0,,150646.0,150655.0,150679.0,150689.0,150714.0,150723.0,150735.0,150748.0,150769.0,150784.0,150797.0,150813.0,150823.0,150833.0,150851.0,150871.0,150883.0,150893.0,150906.0,150917.0,150928.0,150946.0,150965.0,150979.0,150990.0,151001.0,151021.0,151031.0,151074.0,151083.0,151097.0,151092.0,151112.0,151134.0,151146.0,151166.0,151179.0,151196.0,151207.0,151231.0,151251.0,151271.0,151299.0,151337.0,151383.0,151410.0,151431.0,151452.0,151466.0,151490.0,151508.0,151539.0,151567.0,151594.0,151610.0,151635.0,151659.0,151687.0,151718.0,151748.0,151788.0,151807.0,151839.0,151871.0,151914.0,151940.0,151963.0,151995.0,152027.0,152061.0,152083.0,152125.0,152151.0,152181.0,152212.0,152233.0,152286.0,152317.0,152349.0,152387.0,152424.0,152448.0,152466.0,152487.0,152514.0,152530.0,152552.0,152574.0,152596.0,152625.0,152645.0,152668.0,152692.0,152713.0,152737.0,152755.0,152777.0,152811.0,152842.0,152877.0,152908.0,152930.0,152951.0,152974.0,153009.0,153040.0,153074.0,153100.0,153120.0,153150.0,153171.0,153210.0,153233.0,153255
cZh9RFjs9H0,13764.0,13776.0,13780.0,13789.0,13802.0,13813.0,13823.0,13835.0,13850.0,13856.0,13873.0,13892.0,13897.0,13904.0,13912.0,13919.0,13924.0,13938.0,13950.0,13958.0,13971.0,13983.0,13990.0,14000.0,14012.0,14022.0,14037.0,14052.0,14063.0,14077.0,14083.0,14090.0,14093.0,14097.0,14108.0,14123.0,14133.0,14138.0,14143.0,14152.0,14164.0,14175.0,14184.0,14194.0,14210.0,14224.0,14237.0,14253.0,14268.0,14284.0,14304.0,14318.0,14329.0,14343.0,14349.0,14358.0,14376.0,14393.0,14409.0,14418.0,14427.0,14436.0,14447.0,14466.0,14471.0,14497.0,14507.0,14517.0,14531.0,14544.0,14548.0,14566.0,14582.0,14598.0,14610.0,14638.0,14658.0,14668.0,14689.0,14706.0,14716.0,14732.0,14749.0,14765.0,14774.0,14788.0,14798.0,14810.0,14829.0,14844.0,14860.0,14871.0,14883.0,14891.0,14890.0,14903.0,14912.0,14924.0,14935.0,14945.0,14956.0,14967.0,14986.0,15000.0,15005.0,15009.0,15018.0,15034.0,15042.0,15054.0,15064.0,15073.0,15079.0,15086.0,15094.0,15105.0,15115.0,15127.0,15135.0,15148.0,15154.0,15161.0,15179.0,15191.0,15199.0,15203.0,15213.0,15226.0,15244.0,15255.0,15261.0,15275.0,15287.0,15295.0,,,,,,,,,15381.0,15386.0,15394.0,15402.0,15410.0,15417.0,15425.0,15431.0,15440.0,15450.0,15453.0,15461.0,15475.0,15486.0,15494.0,15500.0,15504.0,15511.0,15525.0,15530.0,15540.0,15548.0,15553.0,15560.0,15573.0,15579.0,15580.0,15592.0,15594.0,15605.0,15611.0,15618.0,15622.0,15627.0,15641.0,15651.0,15662.0,15675.0,15685.0,15692.0,15699.0,15703.0,15707.0,15716.0,15718.0,15723.0,15730.0,15735.0,15738.0,15744.0,15746.0,15752.0,15758.0,15770.0,15775.0,15781.0,15784.0,15786.0,15791.0,15797.0,15803.0,15809.0,15812.0,15820.0,15823.0,15826.0,15831.0,15841.0,15847.0,15856.0,15867.0,15876.0,15882.0,15887.0,15896.0,15901.0,15909.0,15920.0,15925.0,15927.0,15929.0,15935.0,15938.0,15953.0,15965.0,15980.0,15989.0,15997.0,16002.0,16003.0,16008.0,16012.0,16017.0,16022.0,16031.0,16039.0,16048.0,16060.0,16068.0,16068.0,16072.0,16080.0,16090.0,16091.0,16098.0,16102.0,16110.0,16117.0,16121.0,16123.0,16126.0,16136.0,16143.0,16153.0,16156.0,16165.0,16169.0,16178.0,16188.0,16190.0,16203.0,,16214.0,16221.0,16224.0,16225.0,16233.0,16236.0,16238.0,16248.0,16258.0,16266.0,16277.0,16281.0,16289.0,16295.0,16296.0,16300.0,16303.0,16308.0,16314.0,16321.0,16326.0,16328.0,16335.0,16341.0,16356.0,16369.0,16378.0,16385.0,16395.0,16402.0,16414.0,16423.0,16428.0,16437.0,16442.0,16449.0,16464.0,16470.0,16474.0,16480.0,16484.0,16488.0,16499.0,16510.0,16521.0,16532.0,16543.0,16563.0,16572.0,16588.0,16600.0,16618.0,16634.0,16646.0,16652.0,16663.0,16675.0,16690.0,16697.0,16707.0,16715.0,16722.0,16732.0,16744.0,16755.0,16758.0,16766.0,16774.0,16775.0,16783.0,16793.0,16798.0,16807.0,16813.0,16816.0,16822.0,16830.0,16837.0,16843.0,16848.0,16854.0,16858.0,16863.0,16870.0,16884.0,16889.0,16895.0,16907.0,16920.0,16926.0,16934.0,16943.0,16951.0,16960.0,16968.0,16975.0,16983.0,16988.0,16992.0,16998.0,17006.0,17013.0,17024.0,17027.0,17036.0,17055.0,17064.0,17067.0,17087.0,17096.0,17100.0,17120.0,17133.0,17151
GSmgs8w-gng,15882.0,15887.0,15893.0,15898.0,15902.0,15911.0,15924.0,15931.0,15939.0,15950.0,15953.0,15963.0,15970.0,16146.0,16157.0,16164.0,16175.0,16188.0,16195.0,16209.0,16218.0,16232.0,16249.0,16268.0,16280.0,16291.0,16310.0,16319.0,16329.0,16343.0,16357.0,16376.0,16390.0,16402.0,16407.0,16419.0,16432.0,16444.0,16454.0,16471.0,16480.0,16492.0,16500.0,16509.0,16517.0,16535.0,16546.0,16557.0,16574.0,16585.0,16615.0,16640.0,16652.0,16664.0,16678.0,16695.0,16710.0,16720.0,16744.0,16759.0,16763.0,16772.0,16779.0,16801.0,16813.0,16824.0,16841.0,16851.0,16874.0,16896.0,16906.0,16930.0,16951.0,16974.0,16989.0,17013.0,17026.0,17034.0,17041.0,17051.0,17061.0,17079.0,17091.0,17106.0,17120.0,17136.0,17151.0,17163.0,17181.0,17194.0,17204.0,17218.0,17231.0,17238.0,17247.0,17253.0,17259.0,17267.0,17272.0,17286.0,17300.0,17305.0,17322.0,17345.0,17356.0,17368.0,17379.0,17383.0,17391.0,17400.0,17407.0,17418.0,17428.0,17446.0,17456.0,17469.0,17482.0,17498.0,17509.0,17521.0,17529.0,17536.0,17558.0,17572.0,17586.0,17598.0,17612.0,17626.0,17639.0,17654.0,17668.0,17684.0,17700.0,17718.0,,,,,,,,,17832.0,17839.0,17852.0,17867.0,17879.0,17894.0,17919.0,17948.0,17973.0,17986.0,18005.0,18020.0,18032.0,18046.0,18060.0,18071.0,18089.0,18108.0,18127.0,18149.0,18156.0,18164.0,18174.0,18190.0,18198.0,18205.0,18216.0,18222.0,18232.0,18239.0,18244.0,18252.0,18273.0,18292.0,18312.0,18327.0,18343.0,18367.0,18382.0,18402.0,18417.0,18443.0,18462.0,18488.0,18505.0,18524.0,18539.0,18557.0,18568.0,18584.0,18595.0,18620.0,18630.0,18642.0,18653.0,18660.0,18672.0,18679.0,18692.0,18706.0,18723.0,18736.0,18747.0,18757.0,18767.0,18775.0,18786.0,18798.0,18816.0,18833.0,18847.0,18861.0,18872.0,18886.0,18911.0,18925.0,18939.0,18954.0,18963.0,18980.0,18987.0,18996.0,19008.0,19040.0,19056.0,19073.0,19090.0,19095.0,19112.0,19122.0,19133.0,19147.0,19158.0,19171.0,19188.0,19214.0,19213.0,19226.0,19242.0,19253.0,19263.0,19268.0,19275.0,19278.0,19283.0,19293.0,19304.0,19316.0,19321.0,19327.0,19328.0,19339.0,19343.0,19349.0,19353.0,19367.0,19371.0,19383.0,19392.0,19409.0,19422.0,,19444.0,19453.0,19458.0,19467.0,19477.0,19484.0,19488.0,19497.0,19510.0,19521.0,19527.0,19541.0,19543.0,19549.0,19557.0,19570.0,19576.0,19585.0,19594.0,19605.0,19612.0,19623.0,19639.0,19644.0,19657.0,19674.0,19679.0,19687.0,19698.0,19707.0,19724.0,19738.0,19747.0,19756.0,19762.0,19771.0,19783.0,19788.0,19791.0,19797.0,19802.0,19809.0,19821.0,19835.0,19840.0,19859.0,19881.0,19893.0,19904.0,19917.0,19927.0,19937.0,19951.0,19960.0,19978.0,19993.0,20009.0,20012.0,20023.0,20035.0,20048.0,20050.0,20056.0,20062.0,20068.0,20080.0,20089.0,20092.0,20093.0,20099.0,20101.0,20112.0,20125.0,20129.0,20132.0,20141.0,20141.0,20146.0,20149.0,20158.0,20160.0,20167.0,20169.0,20175.0,20183.0,20192.0,20197.0,20198.0,20208.0,20216.0,20214.0,20216.0,20218.0,20218.0,20220.0,20226.0,20233.0,20248.0,20250.0,20255.0,20263.0,20266.0,20283.0,20288.0,20296.0,20301.0,20307.0,20314.0,20320.0,20331.0,20335.0,20350.0,20364.0,20369
KcLQhPR-a2w,1966895.0,1967708.0,1968569.0,1969406.0,1970173.0,1970885.0,1971652.0,1972429.0,1973122.0,1974051.0,1975016.0,1975722.0,1976445.0,1977091.0,1977823.0,1978597.0,1979379.0,1980111.0,1980801.0,1981421.0,1982150.0,1982898.0,1983576.0,1984245.0,1985027.0,1985797.0,1986423.0,1987085.0,1987723.0,1988367.0,1989024.0,1989666.0,1990192.0,1990905.0,1991421.0,1992075.0,1992612.0,1993469.0,1994002.0,1994729.0,1995295.0,1995840.0,1996475.0,1997062.0,1997614.0,1998265.0,1998841.0,1999631.0,2000273.0,2000855.0,2001397.0,2002109.0,2002671.0,2003286.0,2003973.0,2004590.0,2005243.0,2005841.0,2006350.0,2006923.0,2007501.0,2008061.0,2008688.0,2009247.0,2009933.0,2010524.0,2011103.0,2011612.0,2012155.0,2012760.0,2013376.0,2014087.0,2014709.0,2015370.0,2015949.0,2016516.0,2017086.0,2017531.0,2018256.0,2018919.0,2019781.0,2020436.0,2021142.0,2021903.0,2022576.0,2023282.0,2024057.0,2025125.0,2025876.0,2026465.0,2027082.0,2027707.0,2028479.0,2029230.0,2029891.0,2030576.0,2031138.0,2031627.0,2032223.0,2032885.0,2033553.0,2034243.0,2034836.0,2035388.0,2035918.0,2036524.0,2037143.0,2037837.0,2038603.0,2039249.0,2039875.0,2040545.0,2041229.0,2041791.0,2042521.0,2043194.0,2043799.0,2044277.0,2045012.0,2045518.0,2046241.0,2046868.0,2047595.0,2048333.0,2049121.0,2049996.0,2050762.0,2051672.0,2052549.0,2053423.0,2054195.0,2054952.0,2055638.0,2056309.0,,,,,,,,,2063764.0,2064530.0,2065274.0,2065932.0,2066602.0,2067252.0,2067799.0,2068383.0,2069064.0,2069540.0,2070114.0,2070698.0,2071318.0,2072053.0,2072740.0,2073262.0,2073803.0,2074294.0,2074904.0,2075387.0,2076000.0,2076551.0,2077175.0,2077693.0,2078133.0,2078720.0,2079267.0,2079833.0,2080465.0,2081002.0,2081530.0,2082009.0,2082503.0,2082997.0,2083630.0,2084328.0,2084838.0,2085498.0,2086074.0,2086620.0,2087234.0,2087762.0,2088419.0,2089002.0,2089513.0,2090030.0,2090489.0,2091133.0,2091720.0,2092313.0,2092813.0,2093369.0,2093946.0,2094512.0,2095070.0,2095592.0,2096186.0,2096647.0,2097176.0,2097668.0,2098252.0,2098740.0,2099303.0,2099812.0,2100322.0,2100885.0,2101397.0,2102072.0,2102780.0,2103391.0,2104021.0,2104505.0,2105158.0,2105811.0,2106428.0,2107079.0,2107755.0,2108333.0,2108947.0,2109525.0,2110030.0,2110625.0,2111221.0,2111757.0,2112318.0,2112766.0,2113371.0,2113911.0,2114430.0,2115030.0,2115512.0,2116128.0,2116586.0,2117167.0,2117653.0,2118245.0,2118713.0,2119364.0,2119874.0,2120393.0,2120896.0,2121412.0,2121911.0,2122450.0,2123002.0,2123531.0,2124043.0,2124493.0,2125000.0,2125527.0,2126118.0,2126663.0,2127232.0,2127729.0,2128263.0,2128779.0,2129263.0,2129898.0,2130546.0,2131111.0,2131710.0,,2133006.0,2133747.0,2134373.0,2134947.0,2135578.0,2136189.0,2136791.0,2137355.0,2137827.0,2138316.0,2138875.0,2139508.0,2140054.0,2140456.0,2141047.0,2141576.0,2142127.0,2142637.0,2143253.0,2143839.0,2144367.0,2144866.0,2145367.0,2145980.0,2146613.0,2147319.0,2147947.0,2148501.0,2149121.0,2149771.0,2150374.0,2150974.0,2151830.0,2152362.0,2153073.0,2153756.0,2154427.0,2155078.0,2155649.0,2156408.0,2157133.0,2157856.0,2158547.0,2159318.0,2159944.0,2160646.0,2161431.0,2162102.0,2162824.0,2163487.0,2164194.0,2164869.0,2165608.0,2166319.0,2167099.0,2167738.0,2168354.0,2168984.0,2169651.0,2170331.0,2171019.0,2171656.0,2172251.0,2172995.0,2173646.0,2174378.0,2175238.0,2175958.0,2176590.0,2177283.0,2177999.0,2178636.0,2179397.0,2180111.0,2180928.0,2181780.0,2182465.0,2183203.0,2183928.0,2184619.0,2185468.0,2186332.0,2187026.0,2187940.0,2188644.0,2189474.0,2190322.0,2191226.0,2192174.0,2193151.0,2194125.0,2194891.0,2195598.0,2196444.0,2197210.0,2198214.0,2199042.0,2199796.0,2200594.0,2201442.0,2202074.0,2202946.0,2203780.0,2204669.0,2205353.0,2206089.0,2206839.0,2207620.0,2208338.0,2209237.0,2210037.0,2210790.0,2211562.0,2212426
rzAK5r8sOEo,20056.0,20058.0,20061.0,20066.0,20069.0,20071.0,20073.0,20075.0,20077.0,20079.0,20080.0,20080.0,20082.0,20083.0,20087.0,20089.0,20095.0,20099.0,20102.0,20107.0,20109.0,20112.0,20121.0,20125.0,20129.0,20131.0,20143.0,20150.0,20155.0,20156.0,20158.0,20159.0,20162.0,20167.0,20170.0,20174.0,20179.0,20183.0,20187.0,20189.0,20188.0,20191.0,20193.0,20197.0,20201.0,20205.0,20210.0,20216.0,20221.0,20222.0,20226.0,20231.0,20233.0,20236.0,20260.0,20291.0,20317.0,20340.0,20369.0,20389.0,20411.0,20429.0,20440.0,20453.0,20467.0,20476.0,20484.0,20491.0,20495.0,20506.0,20510.0,20509.0,20518.0,20522.0,20531.0,20538.0,20551.0,20562.0,20567.0,20573.0,20581.0,20587.0,20591.0,20595.0,20597.0,20602.0,20608.0,20623.0,20631.0,20639.0,20663.0,20671.0,20678.0,20684.0,20689.0,20697.0,20706.0,20712.0,20716.0,20721.0,20723.0,20723.0,20727.0,20733.0,20737.0,20739.0,20742.0,20749.0,20754.0,20755.0,20760.0,20766.0,20770.0,20775.0,20780.0,20782.0,20785.0,20788.0,20793.0,20798.0,20801.0,20802.0,20804.0,20806.0,20811.0,20816.0,20819.0,20824.0,20830.0,20833.0,20856.0,20874.0,20901.0,20905.0,,,,,,,,,20950.0,20954.0,20954.0,20970.0,20985.0,20995.0,20999.0,21008.0,21013.0,21015.0,21040.0,21047.0,21078.0,21095.0,21133.0,21111.0,21105.0,21114.0,21121.0,21127.0,21151.0,21155.0,21163.0,21170.0,21181.0,21186.0,21206.0,21215.0,21220.0,21226.0,21230.0,21232.0,21236.0,21241.0,21246.0,21252.0,21252.0,21254.0,21259.0,21263.0,21269.0,21278.0,21312.0,21328.0,21338.0,21351.0,21356.0,21360.0,21369.0,21374.0,21376.0,21382.0,21392.0,21401.0,21408.0,21413.0,21418.0,21420.0,21421.0,21429.0,21429.0,21430.0,21434.0,21436.0,21438.0,21439.0,21446.0,21447.0,21453.0,21455.0,21457.0,21462.0,21470.0,21476.0,21483.0,21488.0,21498.0,21501.0,21504.0,21511.0,21519.0,21520.0,21527.0,21534.0,21538.0,21542.0,21549.0,21555.0,21559.0,21564.0,21567.0,21570.0,21571.0,21576.0,21582.0,21590.0,21595.0,21600.0,21607.0,21614.0,21617.0,21624.0,21629.0,21637.0,21642.0,21649.0,21654.0,21659.0,21662.0,21663.0,21666.0,21668.0,21669.0,21671.0,21673.0,21674.0,21675.0,21677.0,21688.0,21695.0,21702.0,,21720.0,21722.0,21725.0,21730.0,21739.0,21743.0,21744.0,21749.0,21753.0,21757.0,21762.0,21766.0,21767.0,21773.0,21775.0,21781.0,21782.0,21783.0,21785.0,21790.0,21797.0,21802.0,21806.0,21810.0,21812.0,21815.0,21820.0,21823.0,21828.0,21831.0,21834.0,21838.0,21839.0,21844.0,21847.0,21853.0,21855.0,21856.0,21859.0,21861.0,21870.0,21872.0,21878.0,21879.0,21881.0,21884.0,21884.0,21887.0,21891.0,21894.0,21897.0,21900.0,21903.0,21904.0,21908.0,21916.0,21920.0,21926.0,21931.0,21932.0,21937.0,21940.0,21942.0,21948.0,21955.0,21962.0,21964.0,21974.0,21984.0,21991.0,21997.0,21997.0,22003.0,22009.0,22011.0,22012.0,22015.0,22018.0,22022.0,22023.0,22026.0,22029.0,22034.0,22038.0,22039.0,22042.0,22047.0,22053.0,22056.0,22057.0,22062.0,22064.0,22070.0,22075.0,22078.0,22081.0,22085.0,22089.0,22093.0,22096.0,22099.0,22104.0,22106.0,22107.0,22108.0,22109.0,22122.0,22128.0,22131.0,22136.0,22144.0,22146.0,22150.0,22153
nb0Yip1gfOc,12163.0,12168.0,12172.0,12177.0,12184.0,12198.0,12199.0,12206.0,12212.0,12216.0,12219.0,12220.0,12226.0,12233.0,12240.0,12246.0,12249.0,12256.0,12264.0,12271.0,12277.0,12284.0,12290.0,12291.0,12303.0,12311.0,12312.0,12323.0,12333.0,12341.0,12348.0,12352.0,12361.0,12367.0,12377.0,12384.0,12391.0,12392.0,12400.0,12406.0,12414.0,12418.0,12423.0,12432.0,12437.0,12440.0,12443.0,12451.0,12455.0,12460.0,12465.0,12473.0,12485.0,12490.0,12494.0,12497.0,12501.0,12517.0,12527.0,12536.0,12541.0,12546.0,12555.0,12557.0,12562.0,12568.0,12574.0,12581.0,12586.0,12597.0,12601.0,12601.0,12608.0,12617.0,12620.0,12624.0,12630.0,12640.0,12647.0,12655.0,12662.0,12667.0,12673.0,12680.0,12683.0,12688.0,12695.0,12699.0,12704.0,12711.0,12721.0,12723.0,12726.0,12731.0,12733.0,12737.0,12745.0,12752.0,12756.0,12761.0,12767.0,12768.0,12772.0,12779.0,12783.0,12788.0,12792.0,12799.0,12805.0,12811.0,12815.0,12821.0,12822.0,12826.0,12830.0,12833.0,12833.0,12839.0,12843.0,12848.0,12856.0,12863.0,12869.0,12870.0,12877.0,12885.0,12887.0,12894.0,12908.0,12918.0,12924.0,12929.0,12931.0,12936.0,,,,,,,,,12967.0,12969.0,12972.0,12973.0,12975.0,12976.0,12977.0,12979.0,12980.0,12987.0,12990.0,12991.0,12993.0,12996.0,13000.0,13001.0,13003.0,13007.0,13010.0,13015.0,13020.0,13029.0,13034.0,13040.0,13046.0,13049.0,13053.0,13061.0,13072.0,13080.0,13082.0,13083.0,13092.0,13094.0,13095.0,13100.0,13105.0,13113.0,13120.0,13125.0,13130.0,13133.0,13141.0,13144.0,13147.0,13155.0,13157.0,13162.0,13164.0,13171.0,13178.0,13179.0,13179.0,13192.0,13199.0,13203.0,13207.0,13216.0,13218.0,13223.0,13227.0,13230.0,13233.0,13235.0,13237.0,13241.0,13243.0,13245.0,13246.0,13250.0,13256.0,13258.0,13262.0,13266.0,13268.0,13271.0,13276.0,13277.0,13280.0,13282.0,13287.0,13291.0,13296.0,13299.0,13304.0,13305.0,13308.0,13311.0,13315.0,13319.0,13320.0,13320.0,13327.0,13331.0,13336.0,13342.0,13351.0,13355.0,13358.0,13360.0,13364.0,13366.0,13368.0,13370.0,13370.0,13375.0,13377.0,13379.0,13381.0,13384.0,13391.0,13394.0,13396.0,13396.0,13400.0,13402.0,13406.0,13408.0,13416.0,13419.0,13423.0,,13427.0,13429.0,13431.0,13437.0,13441.0,13445.0,13447.0,13448.0,13453.0,13455.0,13459.0,13471.0,13475.0,13481.0,13484.0,13486.0,13494.0,13498.0,13504.0,13509.0,13511.0,13518.0,13518.0,13521.0,13525.0,13534.0,13543.0,13547.0,13550.0,13555.0,13560.0,13563.0,13574.0,13577.0,13583.0,13586.0,13594.0,13597.0,13600.0,13606.0,13612.0,13616.0,13620.0,13624.0,13629.0,13629.0,13637.0,13638.0,13642.0,13646.0,13649.0,13655.0,13655.0,13662.0,13673.0,13676.0,13680.0,13682.0,13690.0,13698.0,13704.0,13710.0,13717.0,13723.0,13725.0,13726.0,13727.0,13733.0,13737.0,13738.0,13743.0,13746.0,13748.0,13748.0,13752.0,13753.0,13756.0,13760.0,13763.0,13766.0,13774.0,13780.0,13784.0,13789.0,13797.0,13810.0,13815.0,13820.0,13821.0,13823.0,13825.0,13829.0,13832.0,13836.0,13838.0,13841.0,13843.0,13846.0,13848.0,13852.0,13854.0,13856.0,13859.0,13863.0,13864.0,13867.0,13870.0,13870.0,13873.0,13876.0,13877.0,13881.0,13889.0,13899
0YFvWmvbyT4,337769.0,338137.0,338495.0,338873.0,339274.0,339741.0,340122.0,340545.0,340933.0,341303.0,341599.0,341970.0,342359.0,342704.0,343001.0,343268.0,343457.0,343689.0,343948.0,344186.0,344433.0,344686.0,344883.0,345051.0,345194.0,345405.0,345630.0,345844.0,346058.0,346349.0,346516.0,346673.0,346868.0,347052.0,347274.0,347472.0,347718.0,347897.0,348052.0,348285.0,348485.0,348708.0,348925.0,349085.0,349235.0,349364.0,349537.0,349730.0,349900.0,350068.0,350278.0,350519.0,350683.0,350901.0,351121.0,351303.0,351509.0,351646.0,351792.0,351926.0,352069.0,352247.0,352429.0,352617.0,352760.0,352918.0,353059.0,353209.0,353400.0,353615.0,353801.0,353957.0,354093.0,354231.0,354423.0,354596.0,354827.0,355000.0,355162.0,355295.0,355416.0,355595.0,355785.0,356025.0,356268.0,356510.0,356691.0,356870.0,357043.0,357258.0,357444.0,357639.0,357852.0,358006.0,358124.0,358314.0,358466.0,358655.0,358815.0,358968.0,359122.0,359264.0,359446.0,359637.0,359809.0,360004.0,360182.0,360317.0,360464.0,360680.0,360885.0,361106.0,361303.0,361551.0,361765.0,361945.0,362153.0,362342.0,362560.0,362753.0,362908.0,363054.0,363208.0,363332.0,363467.0,363614.0,363820.0,364024.0,364149.0,364284.0,364481.0,364650.0,364883.0,365096.0,,,,,,,,,366750.0,366905.0,367108.0,367327.0,367578.0,367786.0,367933.0,368064.0,368228.0,368403.0,368655.0,368847.0,369046.0,369290.0,369543.0,369722.0,369973.0,370252.0,370416.0,370618.0,370777.0,370932.0,371073.0,371234.0,371398.0,371577.0,371736.0,371883.0,372024.0,372151.0,372286.0,372471.0,372615.0,372802.0,372968.0,373109.0,373249.0,373423.0,373607.0,373784.0,373972.0,374152.0,374291.0,374421.0,374571.0,374729.0,374911.0,375044.0,375201.0,375338.0,375458.0,375598.0,375724.0,375879.0,376025.0,376184.0,376315.0,376450.0,376607.0,376776.0,376912.0,377027.0,377194.0,377335.0,377441.0,377603.0,377780.0,377973.0,378110.0,378264.0,378443.0,378590.0,378780.0,378989.0,379214.0,379417.0,379652.0,379779.0,379911.0,380085.0,380287.0,380458.0,380733.0,380941.0,381134.0,381289.0,381485.0,381668.0,381881.0,382057.0,382304.0,382437.0,382571.0,382750.0,382909.0,383083.0,383258.0,383417.0,383553.0,383655.0,383820.0,383982.0,384153.0,384332.0,384500.0,384630.0,384743.0,384920.0,385079.0,385252.0,385404.0,385564.0,385701.0,385820.0,385925.0,386015.0,386123.0,386244.0,386400.0,386500.0,386592.0,,386847.0,386951.0,387078.0,387204.0,387326.0,387423.0,387511.0,387617.0,387739.0,387851.0,387959.0,388064.0,388139.0,388254.0,388375.0,388510.0,388640.0,388761.0,388863.0,388943.0,389070.0,389183.0,389305.0,389438.0,389580.0,389678.0,389759.0,389883.0,389968.0,390107.0,390219.0,390329.0,390415.0,390468.0,390576.0,390677.0,390784.0,390868.0,390971.0,391049.0,391174.0,391279.0,391426.0,391580.0,391710.0,391831.0,391962.0,392117.0,392301.0,392544.0,392777.0,392989.0,393181.0,393439.0,393631.0,393822.0,394105.0,394328.0,394568.0,394863.0,395078.0,395290.0,395539.0,395826.0,396184.0,396500.0,396770.0,396985.0,397191.0,397438.0,397633.0,397929.0,398262.0,398601.0,398937.0,399199.0,399498.0,399784.0,400024.0,400242.0,400505.0,400743.0,400960.0,401208.0,401470.0,401703.0,401878.0,402070.0,402262.0,402401.0,402546.0,402731.0,402922.0,403109.0,403335.0,403574.0,403792.0,404235.0,404725.0,405130.0,405416.0,405595.0,405740.0,405841.0,406001.0,406186.0,406370.0,406531.0,406685.0,406847.0,406967.0,407124.0,407332.0,407502
h3_RgaKtdFg,2722579.0,2722579.0,2722579.0,2722579.0,2722579.0,2722579.0,2722579.0,2722579.0,2722579.0,2722579.0,2722579.0,2722579.0,2722579.0,2722579.0,2722579.0,2722579.0,2722579.0,2722579.0,2722579.0,2722579.0,2722579.0,2722579.0,2722579.0,2722579.0,2722579.0,2722579.0,2722579.0,2722579.0,2722579.0,2722579.0,2722579.0,2722579.0,2722579.0,2722579.0,2722579.0,2722579.0,2722579.0,2722579.0,2722579.0,2722579.0,2722579.0,2722579.0,2722579.0,2722579.0,2722579.0,2722579.0,2722579.0,2722579.0,2722579.0,2722579.0,2722579.0,2722579.0,2722579.0,2722579.0,2722579.0,2722579.0,2722579.0,2722579.0,2722579.0,2722579.0,2722579.0,2722579.0,2722579.0,2722579.0,2722579.0,2722579.0,2722579.0,2722579.0,2722579.0,2722579.0,2722579.0,2722579.0,2722579.0,2722579.0,2722579.0,2722579.0,2722579.0,2722579.0,2722579.0,2722579.0,2722579.0,2722579.0,2722579.0,2722579.0,2722579.0,2722579.0,2722579.0,2722579.0,2722579.0,2722579.0,2722579.0,2722579.0,2722579.0,2722579.0,2722579.0,2722579.0,2722579.0,2722579.0,2722579.0,2722579.0,2722579.0,2722579.0,2722579.0,2722579.0,2722579.0,2722579.0,2722579.0,2722579.0,2722579.0,2722579.0,2722579.0,2722579.0,2722579.0,2722579.0,2722579.0,2722579.0,2722579.0,2722579.0,2722579.0,2722579.0,2722579.0,2722579.0,2722579.0,2722579.0,2722579.0,2722579.0,2722579.0,2722579.0,2722579.0,2722579.0,2722579.0,2722579.0,2722579.0,2722579.0,,,,,,,,,2722579.0,2722579.0,2722579.0,2722579.0,2722579.0,2722579.0,2722579.0,2722579.0,2722579.0,2722579.0,2722579.0,2722579.0,2722579.0,2722579.0,2722579.0,2722579.0,2722579.0,2722579.0,2722579.0,2722579.0,2722579.0,2722579.0,2722579.0,2722579.0,2722579.0,2722579.0,2722579.0,2722579.0,2722579.0,2722579.0,2722579.0,2722579.0,2722579.0,2722579.0,2722579.0,2722579.0,2722579.0,2722579.0,2722579.0,2722579.0,2722579.0,2722579.0,2722579.0,2722579.0,2722579.0,2722579.0,2722579.0,2722579.0,2722579.0,2722579.0,2722579.0,2722579.0,2722579.0,2722579.0,2722579.0,2722579.0,2722579.0,2722579.0,2722579.0,2722579.0,2722579.0,2722579.0,2722579.0,2722579.0,2722579.0,2722579.0,2722579.0,2722579.0,2722579.0,2722579.0,2722579.0,2722579.0,2722579.0,2722579.0,2722579.0,2722579.0,2722579.0,2722579.0,2722579.0,2722579.0,2722579.0,2722579.0,2722579.0,2722579.0,2722579.0,2722579.0,2722579.0,2722579.0,2722579.0,2722579.0,2722579.0,2722579.0,2722579.0,2722579.0,2722579.0,2722579.0,2722579.0,2722579.0,2722579.0,2722579.0,2722579.0,2722579.0,2722579.0,2722579.0,2722579.0,2722579.0,2722579.0,2722579.0,2722579.0,2722579.0,2722579.0,2722579.0,2722579.0,2722579.0,2722579.0,2722579.0,2722579.0,2722579.0,2722579.0,2722579.0,2722579.0,,2722579.0,2722579.0,2722579.0,2722579.0,2722579.0,2722579.0,2722579.0,2722579.0,2722579.0,2722579.0,2722579.0,2722579.0,2722579.0,2722579.0,2722579.0,2722579.0,2722579.0,2722579.0,2722579.0,2722579.0,2722579.0,2722579.0,2722579.0,2722579.0,2722579.0,2722579.0,2722579.0,2722579.0,2722579.0,2722579.0,2722579.0,2722579.0,2722579.0,2722579.0,2722579.0,2722579.0,2722579.0,2722579.0,2722579.0,2722579.0,2722579.0,2722579.0,2722579.0,2722579.0,2722579.0,2722579.0,2722579.0,2722579.0,2722579.0,2722579.0,2722579.0,2722579.0,2722579.0,2722579.0,2722579.0,2722579.0,2722579.0,2722579.0,2722579.0,2722579.0,2722579.0,2722579.0,2722579.0,2722579.0,2722579.0,2722579.0,2722579.0,2722579.0,2722579.0,2722579.0,2722579.0,2722579.0,2722579.0,2722579.0,2722579.0,2722579.0,2722579.0,2722579.0,2722579.0,2722579.0,2722579.0,2722579.0,2722579.0,2722579.0,2722579.0,2722579.0,2722579.0,2722579.0,2722579.0,2722579.0,2722579.0,2722579.0,2722579.0,2722579.0,2722579.0,2722579.0,2722579.0,2722579.0,2722579.0,2722579.0,2722579.0,2722579.0,2722579.0,2722579.0,2722579.0,2722579.0,2722579.0,2722579.0,2722579.0,2722579.0,2722579.0,2722579.0,2722579.0,2722579
MjMVg4sBEr8,2076135.0,2076559.0,2077191.0,2077741.0,2078258.0,2078782.0,2079304.0,2079784.0,2080230.0,2080864.0,2081376.0,2081810.0,2082292.0,2082773.0,2083255.0,2083795.0,2084342.0,2084784.0,2085217.0,2085685.0,2086147.0,2086672.0,2087187.0,2087735.0,2088263.0,2088636.0,2088988.0,2089402.0,2089828.0,2090240.0,2090668.0,2091051.0,2091514.0,2091889.0,2092218.0,2092623.0,2093036.0,2093505.0,2093963.0,2094435.0,2094869.0,2095343.0,2095870.0,2096399.0,2096881.0,2097345.0,2097931.0,2098450.0,2099058.0,2099559.0,2100008.0,2100518.0,2100972.0,2101428.0,2101892.0,2102464.0,2102989.0,2103450.0,2103944.0,2104416.0,2104952.0,2105452.0,2105931.0,2106462.0,2106947.0,2107431.0,2107893.0,2108320.0,2108700.0,2109294.0,2109783.0,2110233.0,2110717.0,2111180.0,2111628.0,2112091.0,2112510.0,2112939.0,2113415.0,2113970.0,2114459.0,2114898.0,2115349.0,2115907.0,2116480.0,2117065.0,2117563.0,2118201.0,2118663.0,2119105.0,2119530.0,2119988.0,2120519.0,2121097.0,2121545.0,2122041.0,2122511.0,2122979.0,2123465.0,2123946.0,2124401.0,2124885.0,2125357.0,2125849.0,2126334.0,2126827.0,2127373.0,2127798.0,2128306.0,2128806.0,2129255.0,2129722.0,2130192.0,2130638.0,2131117.0,2131551.0,2132035.0,2132437.0,2132833.0,2133197.0,2133698.0,2134114.0,2134575.0,2134971.0,2135412.0,2135850.0,2136328.0,2136890.0,2137323.0,2137785.0,2138179.0,2138619.0,2139054.0,2139517.0,,,,,,,,,2144221.0,2144741.0,2145177.0,2145642.0,2146184.0,2146606.0,2147045.0,2147543.0,2148028.0,2148478.0,2148860.0,2149313.0,2149804.0,2150249.0,2150727.0,2151244.0,2151666.0,2152121.0,2152586.0,2153023.0,2153512.0,2153958.0,2154349.0,2154728.0,2155133.0,2155474.0,2155964.0,2156447.0,2156930.0,2157338.0,2157829.0,2158175.0,2158504.0,2158935.0,2159331.0,2159743.0,2160173.0,2160492.0,2160926.0,2161265.0,2161690.0,2162084.0,2162409.0,2162768.0,2163146.0,2163467.0,2163796.0,2164135.0,2164493.0,2164870.0,2165317.0,2165675.0,2165973.0,2166299.0,2166690.0,2167039.0,2167331.0,2167701.0,2168081.0,2168380.0,2168656.0,2169008.0,2169380.0,2169744.0,2170057.0,2170373.0,2170670.0,2171062.0,2171370.0,2171692.0,2172072.0,2172447.0,2172823.0,2173181.0,2173548.0,2173870.0,2174237.0,2174614.0,2174997.0,2175363.0,2175715.0,2176053.0,2176444.0,2176907.0,2177297.0,2177677.0,2178043.0,2178434.0,2178867.0,2179232.0,2179606.0,2180012.0,2180388.0,2180726.0,2181073.0,2181524.0,2181966.0,2182345.0,2182738.0,2183119.0,2183503.0,2183904.0,2184357.0,2184726.0,2185202.0,2185603.0,2186030.0,2186423.0,2186846.0,2187241.0,2187650.0,2188080.0,2188385.0,2188847.0,2189190.0,2189623.0,2189997.0,2190381.0,2190874.0,2191350.0,2191754.0,,2192667.0,2193124.0,2193582.0,2194032.0,2194481.0,2194949.0,2195337.0,2195707.0,2196098.0,2196471.0,2196801.0,2197262.0,2197674.0,2198142.0,2198565.0,2198944.0,2199343.0,2199820.0,2200349.0,2200839.0,2201298.0,2201734.0,2202199.0,2202602.0,2203075.0,2203529.0,2203992.0,2204366.0,2204754.0,2205139.0,2205579.0,2206045.0,2206530.0,2206918.0,2207352.0,2207781.0,2208192.0,2208672.0,2209061.0,2209536.0,2209964.0,2210413.0,2210884.0,2211241.0,2211697.0,2212138.0,2212548.0,2212942.0,2213400.0,2213761.0,2214153.0,2214541.0,2214995.0,2215452.0,2215884.0,2216268.0,2216699.0,2217120.0,2217560.0,2218035.0,2218525.0,2219040.0,2219465.0,2219880.0,2220416.0,2220868.0,2221395.0,2221770.0,2222244.0,2222673.0,2223088.0,2223500.0,2223958.0,2224434.0,2224915.0,2225423.0,2225875.0,2226379.0,2226841.0,2227224.0,2227699.0,2228162.0,2228638.0,2229082.0,2229519.0,2229900.0,2230528.0,2231105.0,2231669.0,2232289.0,2232882.0,2233338.0,2233935.0,2234506.0,2235099.0,2235818.0,2236435.0,2237010.0,2237614.0,2238240.0,2238774.0,2239317.0,2239882.0,2240433.0,2240996.0,2241528.0,2242072.0,2242547.0,2242984.0,2243486.0,2243980.0,2244504.0,2244993.0,2245556
1Kng2dr0Zuk,4149878.0,4155093.0,4160889.0,4166750.0,4173016.0,4178951.0,4184143.0,4189759.0,4195685.0,4201011.0,4206084.0,4212723.0,4219447.0,4226232.0,4233081.0,4239300.0,4244270.0,4249012.0,4255279.0,4261345.0,4266793.0,4272297.0,4278563.0,4284111.0,4288548.0,4292988.0,4297938.0,4302553.0,4307101.0,4312161.0,4316488.0,4320089.0,4324752.0,4329441.0,4334364.0,4338950.0,4343794.0,4348256.0,4351829.0,4356124.0,4360101.0,4363640.0,4367885.0,4371848.0,4375233.0,4378633.0,4382272.0,4386427.0,4390778.0,4395478.0,4400183.0,4404766.0,4408510.0,4413344.0,4418216.0,4422242.0,4426622.0,4431433.0,4435628.0,4439367.0,4444016.0,4448951.0,4453996.0,4458464.0,4462901.0,4466904.0,4470548.0,4474667.0,4478549.0,4482972.0,4487026.0,4491003.0,4494840.0,4498608.0,4503958.0,4509402.0,4514324.0,4518936.0,4523656.0,4527931.0,4531614.0,4536704.0,4541533.0,4546355.0,4551106.0,4556117.0,4560033.0,4564525.0,4569256.0,4574267.0,4579316.0,4584016.0,4588864.0,4593115.0,4596637.0,4601477.0,4605919.0,4610130.0,4614720.0,4618636.0,4622456.0,4626093.0,4630485.0,4635178.0,4640218.0,4645256.0,4649761.0,4653375.0,4657097.0,4661856.0,4666486.0,4670845.0,4675453.0,4680286.0,4685031.0,4688875.0,4693930.0,4699131.0,4704212.0,4708429.0,4711739.0,4715632.0,4719587.0,4723414.0,4726907.0,4730520.0,4733866.0,4737575.0,4740913.0,4744073.0,4747549.0,4751198.0,4755130.0,4759406.0,,,,,,,,,4800856.0,4805053.0,4809394.0,4813261.0,4816718.0,4820036.0,4823192.0,4825865.0,4828461.0,4831485.0,4834611.0,4838164.0,4841725.0,4845553.0,4848868.0,4851494.0,4854616.0,4857938.0,4861451.0,4866121.0,4871155.0,4875387.0,4880317.0,4884743.0,4889137.0,4893823.0,4898456.0,4903250.0,4907416.0,4910886.0,4915153.0,4919608.0,4923666.0,4928080.0,4932485.0,4936417.0,4939839.0,4944060.0,4948298.0,4952133.0,4956334.0,4960728.0,4964113.0,4967199.0,4971084.0,4974741.0,4978472.0,4982261.0,4986457.0,4989904.0,4992894.0,4996784.0,5000631.0,5004385.0,5008252.0,5012533.0,5015938.0,5018929.0,5022549.0,5025979.0,5029458.0,5031923.0,5034917.0,5037682.0,5040255.0,5043825.0,5047073.0,5050542.0,5053123.0,5056343.0,5059357.0,5062161.0,5065676.0,5068950.0,5072291.0,5075618.0,5079311.0,5082406.0,5085480.0,5089559.0,5093551.0,5097774.0,5102793.0,5107634.0,5111305.0,5114009.0,5117586.0,5121072.0,5125350.0,5129822.0,5133676.0,5137295.0,5140457.0,5144712.0,5149328.0,5153583.0,5157735.0,5162093.0,5165993.0,5168952.0,5172680.0,5176669.0,5180626.0,5184596.0,5188714.0,5191904.0,5194676.0,5198303.0,5202072.0,5206035.0,5209800.0,5213749.0,5216683.0,5219017.0,5221435.0,5224012.0,5226678.0,5229885.0,5232996.0,5235464.0,5237363.0,,5242394.0,5244776.0,5247308.0,5249886.0,5252208.0,5254308.0,5256038.0,5258312.0,5260825.0,5263063.0,5265625.0,5267658.0,5269591.0,5271960.0,5274774.0,5277469.0,5280091.0,5282642.0,5284996.0,5286970.0,5289506.0,5292236.0,5294910.0,5297474.0,5300164.0,5302484.0,5304397.0,5306857.0,5309382.0,5311753.0,5314104.0,5316538.0,5318507.0,5320178.0,5322270.0,5324415.0,5326675.0,5328907.0,5331365.0,5333771.0,5336105.0,5338701.0,5341519.0,5344153.0,5346916.0,5349725.0,5353007.0,5356073.0,5360066.0,5364244.0,5368182.0,5372656.0,5377259.0,5383050.0,5387679.0,5393048.0,5397966.0,5403124.0,5408487.0,5414433.0,5419520.0,5424491.0,5430312.0,5436014.0,5442056.0,5447585.0,5451143.0,5455056.0,5458239.0,5462214.0,5466189.0,5471436.0,5476376.0,5482379.0,5487905.0,5492418.0,5498824.0,5505775.0,5513083.0,5520136.0,5526791.0,5532839.0,5538215.0,5546872.0,5555363.0,5562677.0,5569739.0,5577598.0,5584167.0,5589615.0,5594852.0,5600864.0,5606502.0,5611774.0,5617726.0,5623349.0,5628075.0,5633967.0,5639733.0,5644649.0,5649999.0,5656268.0,5661777.0,5666925.0,5674101.0,5680664.0,5687237.0,5694214.0,5700508.0,5705842.0,5710014.0,5715246.0,5720243.0,5726030
tfwe5s_HQ8s,5177381.0,5177451.0,5177534.0,5177641.0,5177721.0,5177797.0,5177901.0,5178011.0,5178147.0,5178247.0,5178354.0,5178468.0,5178577.0,5178678.0,5178794.0,5178887.0,5178977.0,5179066.0,5179157.0,5179243.0,5179314.0,5179399.0,5179482.0,5179574.0,5179663.0,5179737.0,5179826.0,5179929.0,5180022.0,5180143.0,5180258.0,5180359.0,5180452.0,5180541.0,5180632.0,5180759.0,5180853.0,5180989.0,5181097.0,5181202.0,5181317.0,5181429.0,5181572.0,5181701.0,5181813.0,5181928.0,5182037.0,5182128.0,5182209.0,5182291.0,5182375.0,5182480.0,5182554.0,5182641.0,5182701.0,5182769.0,5182839.0,5182912.0,5182988.0,5183057.0,5183119.0,5183184.0,5183271.0,5183351.0,5183436.0,5183535.0,5183623.0,5183730.0,5183842.0,5183967.0,5184040.0,5184120.0,5184206.0,5184289.0,5184376.0,5184430.0,5184554.0,5184631.0,5184716.0,5184815.0,5184927.0,5185033.0,5185161.0,5185276.0,5185371.0,5185466.0,5185564.0,5185729.0,5185897.0,5186033.0,5186155.0,5186267.0,5186372.0,5186510.0,5186617.0,5186713.0,5186841.0,5186916.0,5187018.0,5187134.0,5187232.0,5187337.0,5187417.0,5187494.0,5187587.0,5187741.0,5187871.0,5188029.0,5188206.0,5188413.0,5188595.0,5188802.0,5188954.0,5189115.0,5189300.0,5189512.0,5189687.0,5189855.0,5189963.0,5190098.0,5190247.0,5190373.0,5190508.0,5190651.0,5190778.0,5190908.0,5191033.0,5191160.0,5191297.0,5191427.0,5191542.0,5191648.0,5191763.0,5191867.0,,,,,,,,,5192938.0,5193055.0,5193140.0,5193271.0,5193386.0,5193476.0,5193593.0,5193707.0,5193816.0,5193916.0,5194050.0,5194169.0,5194277.0,5194378.0,5194472.0,5194574.0,5194671.0,5194760.0,5194904.0,5195049.0,5195153.0,5195271.0,5195380.0,5195514.0,5195651.0,5195789.0,5195933.0,5196088.0,5196264.0,5196406.0,5196529.0,5196662.0,5196791.0,5196904.0,5197008.0,5197148.0,5197288.0,5197411.0,5197557.0,5197670.0,5197813.0,5197943.0,5198057.0,5198215.0,5198349.0,5198480.0,5198612.0,5198730.0,5198876.0,5198986.0,5199091.0,5199190.0,5199265.0,5199366.0,5199456.0,5199561.0,5199651.0,5199738.0,5199823.0,5199913.0,5200013.0,5200117.0,5200185.0,5200244.0,5200326.0,5200414.0,5200500.0,5200594.0,5200669.0,5200724.0,5200793.0,5200867.0,5200938.0,5201034.0,5201143.0,5201241.0,5201350.0,5201442.0,5201514.0,5201598.0,5201689.0,5201785.0,5201851.0,5201929.0,5201993.0,5202067.0,5202126.0,5202203.0,5202274.0,5202373.0,5202457.0,5202535.0,5202616.0,5202712.0,5202802.0,5202864.0,5202971.0,5203054.0,5203143.0,5203209.0,5203290.0,5203386.0,5203474.0,5203580.0,5203677.0,5203759.0,5203861.0,5203967.0,5204053.0,5204140.0,5204240.0,5204316.0,5204386.0,5204449.0,5204516.0,5204579.0,5204643.0,5204704.0,5204768.0,5204820.0,5204869.0,,5204980.0,5205052.0,5205127.0,5205190.0,5205287.0,5205374.0,5205440.0,5205534.0,5205607.0,5205672.0,5205751.0,5205841.0,5205930.0,5206004.0,5206104.0,5206173.0,5206245.0,5206324.0,5206413.0,5206502.0,5206603.0,5206685.0,5206768.0,5206861.0,5206946.0,5207028.0,5207101.0,5207202.0,5207317.0,5207395.0,5207496.0,5207574.0,5207658.0,5207746.0,5207824.0,5207932.0,5208008.0,5208082.0,5208168.0,5208230.0,5208310.0,5208368.0,5208436.0,5208516.0,5208604.0,5208687.0,5208770.0,5208891.0,5208969.0,5209045.0,5209134.0,5209199.0,5209358.0,5209455.0,5209529.0,5209610.0,5209720.0,5209784.0,5209871.0,5209952.0,5210038.0,5210109.0,5210178.0,5210259.0,5210320.0,5210390.0,5210483.0,5210562.0,5210650.0,5210736.0,5210811.0,5210888.0,5210985.0,5211067.0,5211165.0,5211260.0,5211371.0,5211453.0,5211547.0,5211612.0,5211699.0,5211783.0,5211853.0,5211929.0,5212003.0,5212082.0,5212155.0,5212229.0,5212284.0,5212355.0,5212420.0,5212499.0,5212574.0,5212631.0,5212692.0,5212750.0,5212800.0,5212863.0,5212910.0,5212959.0,5213023.0,5213096.0,5213152.0,5213204.0,5213265.0,5213326.0,5213378.0,5213425.0,5213479.0,5213525.0,5213576.0,5213637.0,5213708.0,5213785
zh46nkri1to,2117323.0,2117333.0,2117349.0,2117363.0,2117377.0,2117394.0,2117407.0,2117418.0,2117434.0,2117450.0,2117460.0,2117474.0,2117490.0,2117512.0,2117533.0,2117550.0,2117562.0,2117584.0,2117599.0,2117612.0,2117628.0,2117651.0,2117662.0,2117669.0,2117679.0,2117688.0,2117696.0,2117709.0,2117720.0,2117730.0,2117740.0,2117751.0,2117772.0,2117779.0,2117801.0,2117815.0,2117825.0,2117837.0,2117850.0,2117863.0,2117879.0,2117905.0,2117925.0,2117940.0,2117956.0,2117966.0,2117986.0,2117999.0,2118003.0,2118016.0,2118026.0,2118045.0,2118056.0,2118070.0,2118076.0,2118089.0,2118100.0,2118107.0,2118117.0,2118130.0,2118136.0,2118145.0,2118163.0,2118175.0,2118187.0,2118196.0,2118206.0,2118213.0,2118220.0,2118236.0,2118252.0,2118263.0,2118272.0,2118280.0,2118289.0,2118303.0,2118313.0,2118323.0,2118336.0,2118351.0,2118376.0,2118394.0,2118408.0,2118435.0,2118448.0,2118461.0,2118479.0,2118504.0,2118522.0,2118535.0,2118559.0,2118575.0,2118590.0,2118609.0,2118623.0,2118637.0,2118651.0,2118664.0,2118673.0,2118682.0,2118690.0,2118699.0,2118712.0,2118721.0,2118732.0,2118759.0,2118775.0,2118788.0,2118820.0,2118845.0,2118867.0,2118885.0,2118896.0,2118915.0,2118929.0,2118945.0,2118953.0,2118971.0,2118988.0,2119004.0,2119017.0,2119024.0,2119039.0,2119054.0,2119067.0,2119081.0,2119095.0,2119108.0,2119115.0,2119124.0,2119134.0,2119146.0,2119152.0,2119161.0,,,,,,,,,2119262.0,2119273.0,2119283.0,2119286.0,2119293.0,2119302.0,2119311.0,2119323.0,2119341.0,2119358.0,2119370.0,2119378.0,2119396.0,2119406.0,2119414.0,2119429.0,2119436.0,2119449.0,2119460.0,2119464.0,2119475.0,2119484.0,2119491.0,2119506.0,2119520.0,2119530.0,2119537.0,2119545.0,2119555.0,2119572.0,2119577.0,2119587.0,2119593.0,2119606.0,2119617.0,2119624.0,2119638.0,2119643.0,2119647.0,2119658.0,2119666.0,2119671.0,2119679.0,2119690.0,2119698.0,2119707.0,2119713.0,2119728.0,2119744.0,2119762.0,2119773.0,2119776.0,2119784.0,2119791.0,2119803.0,2119807.0,2119814.0,2119824.0,2119839.0,2119845.0,2119854.0,2119859.0,2119862.0,2119875.0,2119881.0,2119888.0,2119894.0,2119902.0,2119909.0,2119915.0,2119920.0,2119926.0,2119933.0,2119936.0,2119949.0,2119956.0,2119963.0,2119968.0,2119976.0,2119985.0,2119992.0,2120005.0,2120011.0,2120026.0,2120032.0,2120035.0,2120044.0,2120049.0,2120055.0,2120060.0,2120064.0,2120072.0,2120084.0,2120089.0,2120098.0,2120109.0,2120120.0,2120131.0,2120136.0,2120138.0,2120145.0,2120152.0,2120161.0,2120171.0,2120182.0,2120188.0,2120195.0,2120206.0,2120214.0,2120225.0,2120235.0,2120245.0,2120255.0,2120265.0,2120276.0,2120283.0,2120296.0,2120303.0,2120311.0,2120321.0,2120329.0,,2120341.0,2120350.0,2120358.0,2120366.0,2120371.0,2120388.0,2120399.0,2120417.0,2120426.0,2120434.0,2120438.0,2120446.0,2120453.0,2120457.0,2120465.0,2120470.0,2120484.0,2120497.0,2120500.0,2120506.0,2120515.0,2120519.0,2120530.0,2120535.0,2120543.0,2120557.0,2120570.0,2120582.0,2120593.0,2120601.0,2120604.0,2120608.0,2120616.0,2120623.0,2120628.0,2120632.0,2120641.0,2120653.0,2120658.0,2120665.0,2120678.0,2120685.0,2120693.0,2120700.0,2120704.0,2120707.0,2120714.0,2120724.0,2120732.0,2120745.0,2120751.0,2120758.0,2120764.0,2120770.0,2120773.0,2120783.0,2120791.0,2120799.0,2120804.0,2120811.0,2120820.0,2120826.0,2120835.0,2120842.0,2120848.0,2120859.0,2120872.0,2120876.0,2120883.0,2120888.0,2120893.0,2120898.0,2120904.0,2120908.0,2120916.0,2120924.0,2120931.0,2120935.0,2120937.0,2120944.0,2120950.0,2120956.0,2120963.0,2120974.0,2120987.0,2120994.0,2121001.0,2121012.0,2121018.0,2121028.0,2121037.0,2121041.0,2121048.0,2121053.0,2121058.0,2121063.0,2121065.0,2121070.0,2121088.0,2121100.0,2121120.0,2121144.0,2121163.0,2121173.0,2121181.0,2121192.0,2121214.0,2121229.0,2121246.0,2121258.0,2121278.0,2121294.0,2121324.0,2121344
I9L_469Gz3Q,108618.0,108643.0,108682.0,108716.0,108758.0,108814.0,108873.0,108915.0,108963.0,108999.0,109037.0,109071.0,109113.0,109174.0,109228.0,109286.0,109336.0,109375.0,109419.0,109478.0,109532.0,109595.0,109665.0,109688.0,109745.0,109788.0,109868.0,109931.0,110006.0,110089.0,110149.0,110199.0,110262.0,110315.0,110386.0,110458.0,110536.0,110588.0,110654.0,110717.0,110792.0,110838.0,110903.0,110960.0,111001.0,111039.0,111087.0,111158.0,111229.0,111280.0,111337.0,111398.0,111452.0,111523.0,111590.0,111659.0,111720.0,111779.0,111834.0,111866.0,111910.0,111962.0,112049.0,112110.0,112178.0,112228.0,112271.0,112319.0,112371.0,112432.0,112499.0,112547.0,112603.0,112671.0,112731.0,112812.0,112880.0,112943.0,113003.0,113058.0,113097.0,113156.0,113217.0,113271.0,113340.0,113391.0,113460.0,113505.0,113552.0,113604.0,113691.0,113744.0,113825.0,113908.0,113957.0,114008.0,114062.0,114115.0,114160.0,114216.0,114271.0,114320.0,114358.0,114411.0,114463.0,114527.0,114568.0,114621.0,114648.0,114693.0,114749.0,114801.0,114861.0,114905.0,114948.0,114988.0,115027.0,115078.0,115131.0,115186.0,115241.0,115279.0,115329.0,115374.0,115422.0,115474.0,115521.0,115574.0,115611.0,115639.0,115689.0,115729.0,115770.0,115821.0,,,,,,,,,116236.0,116268.0,116301.0,116353.0,116403.0,116452.0,116508.0,116552.0,116619.0,116685.0,116746.0,116784.0,116787.0,116787.0,116787.0,116787.0,116787.0,116787.0,116787.0,116787.0,116788.0,116788.0,116788.0,116789.0,116789.0,116789.0,116789.0,116789.0,116789.0,116789.0,116789.0,116789.0,116789.0,116789.0,116789.0,116789.0,116789.0,116789.0,116789.0,116789.0,116789.0,116789.0,116789.0,116789.0,116789.0,116789.0,116789.0,116789.0,116789.0,116789.0,116789.0,116789.0,116789.0,116789.0,116789.0,116789.0,116789.0,116789.0,116789.0,116789.0,116789.0,116789.0,116789.0,116789.0,116789.0,116789.0,116789.0,116789.0,116789.0,116789.0,116789.0,116789.0,116789.0,116789.0,116789.0,116789.0,116789.0,116789.0,116789.0,116789.0,116789.0,116789.0,116789.0,116789.0,116789.0,116789.0,116789.0,116789.0,116789.0,116789.0,116789.0,116789.0,116789.0,116789.0,116789.0,116789.0,116789.0,116789.0,116789.0,116789.0,116789.0,116789.0,116789.0,116789.0,116789.0,116789.0,116789.0,116789.0,116789.0,116789.0,116789.0,116789.0,116789.0,116789.0,116789.0,116789.0,116789.0,116789.0,116789.0,116789.0,116789.0,,116789.0,116789.0,116789.0,116789.0,116789.0,116789.0,116789.0,116789.0,116789.0,116789.0,116789.0,116789.0,116789.0,116789.0,116789.0,116789.0,116789.0,116789.0,116789.0,116789.0,116789.0,116789.0,116789.0,116789.0,116789.0,116789.0,116789.0,116789.0,116789.0,116789.0,116789.0,116789.0,116789.0,116789.0,116789.0,116789.0,116789.0,116789.0,116789.0,116789.0,116789.0,116789.0,116789.0,116789.0,116789.0,116789.0,116789.0,116789.0,116789.0,116789.0,116789.0,116789.0,116789.0,116789.0,116789.0,116789.0,116789.0,116789.0,116789.0,116789.0,116789.0,116789.0,116789.0,116789.0,116789.0,116789.0,116789.0,116789.0,116789.0,116789.0,116789.0,116789.0,116789.0,116789.0,116789.0,116789.0,116789.0,116789.0,116789.0,116789.0,116789.0,116789.0,116789.0,116789.0,116789.0,116789.0,116789.0,116789.0,116789.0,116789.0,116789.0,116789.0,116789.0,116789.0,116789.0,116789.0,116789.0,116789.0,116789.0,116789.0,116789.0,116789.0,116789.0,116789.0,116789.0,116789.0,116789.0,116789.0,116789.0,116789.0,116789.0,116789.0,116789.0,116789
GXSqi3bIEOA,42916.0,42918.0,42921.0,42923.0,42925.0,42927.0,42930.0,42931.0,42935.0,42938.0,42938.0,42943.0,42949.0,42950.0,42953.0,42956.0,42959.0,42960.0,42961.0,42964.0,42966.0,42973.0,42973.0,42978.0,42981.0,42984.0,42987.0,42993.0,42997.0,43000.0,43004.0,43007.0,43009.0,43013.0,43020.0,43028.0,43031.0,43038.0,43041.0,43044.0,43046.0,43051.0,43055.0,43063.0,43070.0,43074.0,43077.0,43082.0,43082.0,43083.0,43085.0,43087.0,43093.0,43093.0,43096.0,43101.0,43111.0,43112.0,43112.0,43116.0,43120.0,43122.0,43127.0,43134.0,43134.0,43138.0,43142.0,43145.0,43149.0,43152.0,43153.0,43157.0,43157.0,43158.0,43160.0,43164.0,43166.0,43168.0,43170.0,43171.0,43179.0,43180.0,43186.0,43186.0,43189.0,43192.0,43198.0,43199.0,43207.0,43210.0,43214.0,43216.0,43217.0,43223.0,43228.0,43233.0,43239.0,43241.0,43244.0,43248.0,43252.0,43257.0,43260.0,43260.0,43272.0,43275.0,43280.0,43282.0,43286.0,43290.0,43293.0,43297.0,43301.0,43304.0,43305.0,43306.0,43308.0,43311.0,43313.0,43313.0,43316.0,43318.0,43321.0,43323.0,43329.0,43333.0,43335.0,43335.0,43337.0,43337.0,43339.0,43340.0,43340.0,43341.0,,,,,,,,,43354.0,43355.0,43356.0,43356.0,43359.0,43361.0,43362.0,43363.0,43365.0,43367.0,43368.0,43369.0,43372.0,43372.0,43372.0,43372.0,43372.0,43372.0,43373.0,43376.0,43378.0,43383.0,43385.0,43386.0,43386.0,43389.0,43390.0,43393.0,43397.0,43400.0,43401.0,43407.0,43408.0,43409.0,43415.0,43416.0,43417.0,43420.0,43421.0,43422.0,43423.0,43425.0,43426.0,43428.0,43434.0,43436.0,43440.0,43442.0,43446.0,43447.0,43447.0,43447.0,43447.0,43447.0,43454.0,43454.0,43454.0,43456.0,43456.0,43458.0,43460.0,43464.0,43465.0,43467.0,43467.0,43470.0,43471.0,43472.0,43473.0,43473.0,43477.0,43477.0,43483.0,43484.0,43486.0,43488.0,43491.0,43497.0,43504.0,43505.0,43506.0,43512.0,43516.0,43520.0,43522.0,43525.0,43529.0,43530.0,43531.0,43535.0,43536.0,43539.0,43542.0,43546.0,43550.0,43551.0,43554.0,43557.0,43560.0,43562.0,43564.0,43567.0,43571.0,43571.0,43574.0,43577.0,43577.0,43582.0,43584.0,43586.0,43590.0,43591.0,43594.0,43595.0,43597.0,43597.0,43599.0,43601.0,43604.0,43608.0,43611.0,,43615.0,43615.0,43620.0,43625.0,43626.0,43629.0,43630.0,43635.0,43638.0,43643.0,43646.0,43648.0,43649.0,43651.0,43654.0,43657.0,43657.0,43660.0,43663.0,43665.0,43666.0,43666.0,43669.0,43669.0,43670.0,43673.0,43674.0,43680.0,43684.0,43686.0,43686.0,43687.0,43690.0,43695.0,43695.0,43695.0,43696.0,43698.0,43701.0,43704.0,43708.0,43711.0,43711.0,43715.0,43717.0,43725.0,43727.0,43728.0,43729.0,43730.0,43732.0,43733.0,43736.0,43740.0,43741.0,43742.0,43743.0,43744.0,43745.0,43748.0,43750.0,43752.0,43754.0,43757.0,43759.0,43760.0,43760.0,43761.0,43761.0,43765.0,43765.0,43767.0,43769.0,43769.0,43773.0,43777.0,43779.0,43779.0,43780.0,43783.0,43783.0,43788.0,43790.0,43792.0,43793.0,43795.0,43800.0,43802.0,43803.0,43804.0,43805.0,43808.0,43811.0,43812.0,43812.0,43814.0,43814.0,43816.0,43820.0,43822.0,43828.0,43830.0,43833.0,43840.0,43842.0,43845.0,43850.0,43850.0,43854.0,43854.0,43854.0,43855.0,43857.0,43858
Q-aeWGoZyEM,15624.0,15624.0,15624.0,15624.0,15628.0,15630.0,15630.0,15630.0,15631.0,15631.0,15632.0,15632.0,15633.0,15633.0,15633.0,15636.0,15636.0,15636.0,15637.0,15637.0,15638.0,15638.0,15639.0,15639.0,15639.0,15641.0,15643.0,15647.0,15648.0,15648.0,15649.0,15649.0,15649.0,15649.0,15651.0,15652.0,15653.0,15653.0,15653.0,15653.0,15654.0,15655.0,15658.0,15659.0,15660.0,15661.0,15661.0,15661.0,15662.0,15665.0,15665.0,15665.0,15665.0,15665.0,15665.0,15665.0,15668.0,15670.0,15670.0,15670.0,15673.0,15676.0,15677.0,15679.0,15679.0,15680.0,15680.0,15684.0,15686.0,15689.0,15690.0,15691.0,15697.0,15700.0,15702.0,15703.0,15707.0,15709.0,15711.0,15712.0,15712.0,15713.0,15715.0,15715.0,15718.0,15718.0,15718.0,15718.0,15718.0,15718.0,15718.0,15718.0,15718.0,15721.0,15722.0,15724.0,15725.0,15727.0,15728.0,15728.0,15728.0,15728.0,15729.0,15729.0,15729.0,15731.0,15731.0,15731.0,15732.0,15732.0,15732.0,15735.0,15737.0,15738.0,15738.0,15739.0,15742.0,15743.0,15745.0,15746.0,15746.0,15746.0,15746.0,15747.0,15748.0,15748.0,15748.0,15749.0,15749.0,15749.0,15749.0,15749.0,15751.0,15751.0,,,,,,,,,15758.0,15758.0,15759.0,15759.0,15759.0,15760.0,15761.0,15761.0,15761.0,15762.0,15766.0,15766.0,15768.0,15769.0,15769.0,15769.0,15769.0,15769.0,15769.0,15769.0,15769.0,15769.0,15769.0,15771.0,15771.0,15772.0,15772.0,15776.0,15776.0,15776.0,15776.0,15776.0,15776.0,15776.0,15776.0,15776.0,15776.0,15777.0,15780.0,15782.0,15784.0,15785.0,15787.0,15787.0,15787.0,15788.0,15789.0,15790.0,15790.0,15790.0,15790.0,15791.0,15791.0,15792.0,15793.0,15793.0,15793.0,15793.0,15795.0,15796.0,15796.0,15798.0,15798.0,15798.0,15799.0,15800.0,15800.0,15800.0,15800.0,15800.0,15800.0,15801.0,15801.0,15803.0,15803.0,15803.0,15803.0,15803.0,15803.0,15804.0,15805.0,15806.0,15808.0,15808.0,15812.0,15813.0,15813.0,15815.0,15816.0,15816.0,15817.0,15817.0,15817.0,15817.0,15817.0,15817.0,15817.0,15817.0,15817.0,15818.0,15820.0,15820.0,15820.0,15822.0,15824.0,15824.0,15824.0,15825.0,15828.0,15831.0,15837.0,15837.0,15837.0,15837.0,15839.0,15839.0,15840.0,15842.0,15842.0,15843.0,15844.0,,15851.0,15851.0,15852.0,15853.0,15853.0,15853.0,15854.0,15861.0,15862.0,15862.0,15862.0,15863.0,15864.0,15864.0,15865.0,15867.0,15868.0,15871.0,15870.0,15870.0,15871.0,15871.0,15871.0,15872.0,15873.0,15873.0,15873.0,15874.0,15876.0,15876.0,15876.0,15876.0,15876.0,15876.0,15876.0,15876.0,15876.0,15877.0,,,15878.0,15881.0,15887.0,15891.0,15901.0,15901.0,15901.0,15901.0,15903.0,15905.0,15907.0,15908.0,15908.0,15908.0,15908.0,15909.0,15911.0,15911.0,15911.0,15912.0,15913.0,15914.0,15916.0,15916.0,15919.0,15922.0,15923.0,15924.0,15924.0,15925.0,15927.0,15927.0,15928.0,15929.0,15929.0,15929.0,15929.0,15931.0,15931.0,15931.0,15934.0,15935.0,15939.0,15941.0,15943.0,15943.0,15946.0,15946.0,15946.0,15947.0,15947.0,15947.0,15947.0,15948.0,15949.0,15950.0,15950.0,15951.0,15952.0,15952.0,15953.0,15955.0,15956.0,15956.0,15957.0,15959.0,15960.0,15960.0,15960.0,15960.0,15961.0,15961.0,15962.0,15965
iUezmmxUHgA,143737.0,143770.0,143816.0,143847.0,143893.0,143931.0,143975.0,144019.0,144080.0,144123.0,144162.0,144210.0,144273.0,144327.0,144392.0,144474.0,144519.0,144547.0,144593.0,144644.0,144701.0,144747.0,144795.0,144823.0,144856.0,144897.0,144936.0,144987.0,145016.0,145063.0,145098.0,145131.0,145158.0,145194.0,145237.0,145282.0,145327.0,145363.0,145384.0,145420.0,145458.0,145491.0,145526.0,145567.0,145607.0,145638.0,145678.0,145726.0,145760.0,145809.0,145858.0,145893.0,145922.0,145957.0,145982.0,146017.0,146062.0,146097.0,146134.0,146159.0,146202.0,146234.0,146271.0,146302.0,146335.0,146369.0,146400.0,146438.0,146467.0,146509.0,146543.0,146585.0,146617.0,146639.0,146671.0,146704.0,146732.0,146771.0,146799.0,146835.0,146877.0,146919.0,146959.0,147004.0,147060.0,147103.0,147158.0,147204.0,147250.0,147304.0,147353.0,147417.0,147477.0,147542.0,147587.0,147631.0,147676.0,147728.0,147771.0,147824.0,147868.0,147901.0,147967.0,148040.0,148086.0,148133.0,148185.0,148239.0,148297.0,148346.0,148403.0,148434.0,148494.0,148540.0,148584.0,148616.0,148661.0,148695.0,148739.0,148789.0,148844.0,148876.0,148917.0,148949.0,148999.0,149064.0,149106.0,149156.0,149197.0,149250.0,149292.0,149362.0,149409.0,149460.0,,,,,,,,,150022.0,150082.0,150149.0,150215.0,150279.0,150335.0,150389.0,150447.0,150515.0,150593.0,150653.0,150737.0,150852.0,150953.0,151090.0,151147.0,151248.0,151323.0,151401.0,151467.0,151551.0,151616.0,151671.0,151717.0,151783.0,151845.0,151901.0,151971.0,152034.0,152091.0,152160.0,152214.0,152284.0,152341.0,152399.0,152461.0,152513.0,152568.0,152631.0,152681.0,152736.0,152786.0,152841.0,152902.0,152959.0,153009.0,153067.0,153120.0,153190.0,153251.0,153306.0,153369.0,153430.0,153511.0,153564.0,153638.0,153706.0,153752.0,153812.0,153884.0,153928.0,153980.0,154048.0,154121.0,154168.0,154228.0,154317.0,154383.0,154445.0,154515.0,154604.0,154678.0,154734.0,154802.0,154861.0,154941.0,155045.0,155112.0,155166.0,155237.0,155322.0,155396.0,155506.0,155592.0,155652.0,155713.0,155788.0,155850.0,155932.0,156015.0,156104.0,156162.0,156223.0,156310.0,156373.0,156433.0,156494.0,156555.0,156617.0,156662.0,156741.0,156803.0,156882.0,156951.0,156998.0,157052.0,157112.0,157165.0,157227.0,157291.0,157341.0,157403.0,157459.0,157514.0,157573.0,157634.0,157694.0,157760.0,157827.0,157886.0,157935.0,,158094.0,158150.0,158224.0,158315.0,158387.0,158444.0,158508.0,158561.0,158619.0,158689.0,158757.0,158824.0,158875.0,158936.0,158996.0,159067.0,159134.0,159219.0,159279.0,159321.0,159380.0,159441.0,159498.0,159536.0,159590.0,159635.0,159672.0,159710.0,159757.0,159815.0,159869.0,159924.0,159953.0,159996.0,160025.0,160073.0,160110.0,160141.0,160193.0,160260.0,160321.0,160370.0,160415.0,160477.0,160524.0,160583.0,160644.0,160717.0,160790.0,160862.0,160928.0,160987.0,161053.0,161108.0,161155.0,161195.0,161233.0,161289.0,161326.0,161368.0,161412.0,161464.0,161515.0,161569.0,161612.0,161664.0,161725.0,161816.0,161889.0,161982.0,162053.0,162120.0,162213.0,162286.0,162350.0,162414.0,162489.0,162563.0,162629.0,162707.0,162770.0,162808.0,162859.0,162913.0,162971.0,163010.0,163059.0,163107.0,163147.0,163194.0,163248.0,163305.0,163377.0,163450.0,163522.0,163579.0,163637.0,163699.0,163776.0,163844.0,163936.0,164052.0,164138.0,164220.0,164330.0,164414.0,164506.0,164601.0,164702.0,164781.0,164832.0,164924.0,164999.0,165083
bHW_k6bIUeU,3323185.0,3323524.0,3323850.0,3324249.0,3324673.0,3325059.0,3325463.0,3325847.0,3326292.0,3326678.0,3327025.0,3327400.0,3327754.0,3328209.0,3328652.0,3329025.0,3329370.0,3329687.0,3330011.0,3330362.0,3330658.0,3331061.0,3331431.0,3331798.0,3332180.0,3332526.0,3332847.0,3333170.0,3333483.0,3333818.0,3334146.0,3334472.0,3334742.0,3335067.0,3335421.0,3335883.0,3336256.0,3336597.0,3336966.0,3337335.0,3337711.0,3338043.0,3338381.0,3338716.0,3339076.0,3339407.0,3339806.0,3340132.0,3340433.0,3340786.0,3341111.0,3341493.0,3341875.0,3342239.0,3342580.0,3342957.0,3343298.0,3343620.0,3343975.0,3344326.0,3344710.0,3345056.0,3345424.0,3345824.0,3346151.0,3346426.0,3346701.0,3346968.0,3347195.0,3347556.0,3347889.0,3348214.0,3348529.0,3348863.0,3349174.0,3349451.0,3349807.0,3350215.0,3350609.0,3350931.0,3351278.0,3351627.0,3351988.0,3352290.0,3352537.0,3352922.0,3353251.0,3353550.0,3353888.0,3354165.0,3354445.0,3354745.0,3355050.0,3355316.0,3355624.0,3355882.0,3356172.0,3356427.0,3356696.0,3356973.0,3357243.0,3357499.0,3357756.0,3357998.0,3358239.0,3358547.0,3358826.0,3359113.0,3359342.0,3359626.0,3359893.0,3360225.0,3360514.0,3360833.0,3361192.0,3361482.0,3361761.0,3362006.0,3362274.0,3362491.0,3362770.0,3363037.0,3363310.0,3363578.0,3363855.0,3364145.0,3364487.0,3364871.0,3365153.0,3365473.0,3365804.0,3366212.0,3366616.0,3366968.0,,,,,,,,,3371357.0,3371769.0,3372106.0,3372508.0,3372858.0,3373171.0,3373505.0,3373804.0,3374074.0,3374387.0,3374717.0,3374976.0,3375245.0,3375557.0,3375903.0,3376243.0,3376544.0,3376933.0,3377286.0,3377592.0,3377951.0,3378243.0,3378531.0,3378831.0,3379114.0,3379373.0,3379660.0,3379940.0,3380213.0,3380485.0,3380780.0,3381000.0,3381302.0,3381666.0,3381959.0,3382269.0,3382585.0,3382865.0,3383177.0,3383420.0,3383681.0,3383981.0,3384252.0,3384537.0,3384783.0,3385046.0,3385320.0,3385569.0,3385869.0,3386150.0,3386439.0,3386728.0,3387049.0,3387326.0,3387562.0,3387851.0,3388214.0,3388536.0,3388898.0,3389330.0,3389614.0,3389941.0,3390227.0,3390480.0,3390752.0,3391078.0,3391423.0,3391777.0,3391986.0,3392292.0,3392581.0,3392854.0,3393191.0,3393511.0,3393843.0,3394152.0,3394547.0,3394816.0,3395182.0,3395467.0,3395777.0,3396018.0,3396350.0,3396664.0,3396974.0,3397327.0,3397650.0,3397983.0,3398273.0,3398631.0,3398994.0,3399311.0,3399678.0,3400134.0,3400633.0,3401162.0,3401625.0,3402103.0,3402570.0,3403012.0,3403548.0,3404028.0,3404519.0,3404965.0,3405453.0,3405898.0,3406352.0,3406830.0,3407231.0,3407661.0,3408248.0,3408569.0,3408975.0,3409331.0,3409649.0,3409975.0,3410270.0,3410640.0,3411026.0,3411360.0,3411663.0,,3412353.0,3412732.0,3413080.0,3413400.0,3413827.0,3414150.0,3414473.0,3414757.0,3415040.0,3415365.0,3415663.0,3415960.0,3416296.0,3416594.0,3416887.0,3417206.0,3417529.0,3417901.0,3418385.0,3418767.0,3419174.0,3419504.0,3419820.0,3420132.0,3420551.0,3420966.0,3421327.0,3421682.0,3422059.0,3422422.0,3422889.0,3423311.0,3423797.0,3424147.0,3424542.0,3424958.0,3425319.0,3425655.0,3426094.0,3426430.0,3426796.0,3427137.0,3427478.0,3427808.0,3428153.0,3428504.0,3428952.0,3429342.0,3429757.0,3430188.0,3430676.0,3431034.0,3431393.0,3431761.0,3432099.0,3432417.0,3432763.0,3433104.0,3433429.0,3433751.0,3434035.0,3434391.0,3434741.0,3435128.0,3435507.0,3435952.0,3436516.0,3436996.0,3437452.0,3437855.0,3438350.0,3438883.0,3439299.0,3439762.0,3440226.0,3440717.0,3441182.0,3441540.0,3441928.0,3442302.0,3442723.0,3443115.0,3443416.0,3443734.0,3444083.0,3444414.0,3444729.0,3445061.0,3445417.0,3445716.0,3446025.0,3446375.0,3446712.0,3447055.0,3447382.0,3447699.0,3448083.0,3448442.0,3448788.0,3449190.0,3449550.0,3450026.0,3450487.0,3450864.0,3451231.0,3451530.0,3451906.0,3452239.0,3452524.0,3452857.0,3453193.0,3453467.0,3453777.0,3454054
I4HWnYSiRtE,3352478.0,3352806.0,3353160.0,3353494.0,3353850.0,3354210.0,3354556.0,3354946.0,3355353.0,3355760.0,3356220.0,3356512.0,3356844.0,3357340.0,3357732.0,3358129.0,3358553.0,3358887.0,3359173.0,3359526.0,3359853.0,3360141.0,3360463.0,3360733.0,3361075.0,3361384.0,3361658.0,3361936.0,3362213.0,3362491.0,3362811.0,3363100.0,3363406.0,3363763.0,3364132.0,3364443.0,3364768.0,3365110.0,3365488.0,3365863.0,3366212.0,3366478.0,3366782.0,3367059.0,3367368.0,3367719.0,3368064.0,3368386.0,3368694.0,3369004.0,3369292.0,3369591.0,3369834.0,3370134.0,3370461.0,3370790.0,3371092.0,3371369.0,3371690.0,3371964.0,3372310.0,3372610.0,3372899.0,3373190.0,3373508.0,3373791.0,3374064.0,3374378.0,3374634.0,3374973.0,3375267.0,3375548.0,3375841.0,3376117.0,3376434.0,3376737.0,3377010.0,3377381.0,3377772.0,3378122.0,3378482.0,3378823.0,3379119.0,3379408.0,3379710.0,3380051.0,3380365.0,3380641.0,3380951.0,3381245.0,3381573.0,3381818.0,3382119.0,3382428.0,3382727.0,3382954.0,3383194.0,3383465.0,3383715.0,3384074.0,3384405.0,3384732.0,3385023.0,3385298.0,3385596.0,3385932.0,3386216.0,3386534.0,3386839.0,3387074.0,3387383.0,3387669.0,3387927.0,3388205.0,3388507.0,3388844.0,3389166.0,3389470.0,3389769.0,3390082.0,3390399.0,3390716.0,3391025.0,3391279.0,3391603.0,3391900.0,3392267.0,3392666.0,3393102.0,3393478.0,3393888.0,3394272.0,3394808.0,3395282.0,,,,,,,,,3399221.0,3399562.0,3399825.0,3400097.0,3400417.0,3400735.0,3401027.0,3401320.0,3401585.0,3401875.0,3402164.0,3402432.0,3402747.0,3403025.0,3403328.0,3403623.0,3403909.0,3404235.0,3404565.0,3404844.0,3405229.0,3405526.0,3405877.0,3406160.0,3406394.0,3406748.0,3407007.0,3407249.0,3407431.0,3407634.0,3407894.0,3408128.0,3408392.0,3408727.0,3409038.0,3409300.0,3409619.0,3409851.0,3410150.0,3410377.0,3410679.0,3410951.0,3411212.0,3411495.0,3411791.0,3412113.0,3412402.0,3412671.0,3412979.0,3413282.0,3413562.0,3413817.0,3414079.0,3414342.0,3414605.0,3414889.0,3415168.0,3415430.0,3415713.0,3416092.0,3416362.0,3416590.0,3416866.0,3417151.0,3417444.0,3417721.0,3418041.0,3418413.0,3418693.0,3419061.0,3419379.0,3419717.0,3420020.0,3420388.0,3420768.0,3421062.0,3421391.0,3421784.0,3422147.0,3422503.0,3422807.0,3423141.0,3423436.0,3423795.0,3424133.0,3424429.0,3424771.0,3425087.0,3425429.0,3425806.0,3426077.0,3426405.0,3426739.0,3427099.0,3427477.0,3427889.0,3428345.0,3428793.0,3429180.0,3429656.0,3430032.0,3430413.0,3430810.0,3431132.0,3431573.0,3432193.0,3432731.0,3433195.0,3433592.0,3433988.0,3434532.0,3434887.0,3435242.0,3435586.0,3436058.0,3436684.0,3437097.0,3437517.0,3437864.0,3438250.0,3438571.0,,3439374.0,3439720.0,3440051.0,3440342.0,3440610.0,3440974.0,3441312.0,3441648.0,3441938.0,3442284.0,3442624.0,3442903.0,3443232.0,3443600.0,3443980.0,3444352.0,3444720.0,3445108.0,3445537.0,3445921.0,3446231.0,3446590.0,3446906.0,3447230.0,3447546.0,3447873.0,3448190.0,3448472.0,3448734.0,3449116.0,3449575.0,3449974.0,3450355.0,3450704.0,3451017.0,3451383.0,3451666.0,3451989.0,3452336.0,3452673.0,3452960.0,3453230.0,3453496.0,3453814.0,3454113.0,3454469.0,3454820.0,3455173.0,3455505.0,3455804.0,3456127.0,3456436.0,3456753.0,3457029.0,3457284.0,3457524.0,3457833.0,3458129.0,3458470.0,3458796.0,3459120.0,3459423.0,3459737.0,3460066.0,3460389.0,3460754.0,3461160.0,3461527.0,3461936.0,3462294.0,3462617.0,3462932.0,3463252.0,3463524.0,3463841.0,3464153.0,3464500.0,3464825.0,3465200.0,3465468.0,3465798.0,3466091.0,3466362.0,3466672.0,3466981.0,3467278.0,3467578.0,3467914.0,3468216.0,3468489.0,3468744.0,3469054.0,3469428.0,3469739.0,3470066.0,3470377.0,3470689.0,3470997.0,3471324.0,3471660.0,3471992.0,3472545.0,3472919.0,3473250.0,3473547.0,3473841.0,3474104.0,3474406.0,3474722.0,3475135.0,3475496.0,3475765.0,3476016.0,3476350
RxPFyXjWBGU,1270530.0,1270703.0,1270880.0,1271040.0,1271223.0,1271383.0,1271588.0,1271820.0,1272019.0,1272267.0,1272523.0,1272755.0,1272955.0,1273268.0,1273555.0,1273835.0,1274073.0,1274232.0,1274412.0,1274581.0,1274786.0,1275021.0,1275182.0,1275341.0,1275492.0,1275629.0,1275842.0,1276021.0,1276204.0,1276384.0,1276553.0,1276730.0,1276888.0,1277077.0,1277275.0,1277497.0,1277692.0,1277880.0,1278054.0,1278234.0,1278424.0,1278595.0,1278799.0,1278988.0,1279189.0,1279385.0,1279563.0,1279745.0,1279898.0,1280090.0,1280281.0,1280499.0,1280715.0,1280920.0,1281117.0,1281343.0,1281530.0,1281727.0,1281953.0,1282114.0,1282299.0,1282508.0,1282685.0,1282892.0,1283093.0,1283271.0,1283427.0,1283612.0,1283782.0,1283969.0,1284189.0,1284365.0,1284532.0,1284708.0,1284933.0,1285132.0,1285390.0,1285724.0,1285947.0,1286157.0,1286384.0,1286600.0,1286821.0,1287011.0,1287166.0,1287387.0,1287621.0,1287784.0,1287980.0,1288199.0,1288359.0,1288591.0,1288792.0,1288966.0,1289113.0,1289324.0,1289506.0,1289715.0,1289904.0,1290065.0,1290188.0,1290370.0,1290573.0,1290718.0,1290889.0,1291088.0,1291224.0,1291389.0,1291539.0,1291728.0,1291894.0,1292058.0,1292210.0,1292376.0,1292580.0,1292805.0,1292976.0,1293190.0,1293393.0,1293599.0,1293787.0,1293939.0,1294125.0,1294272.0,1294455.0,1294674.0,1294825.0,1294985.0,1295139.0,1295286.0,1295410.0,1295562.0,1295741.0,1295891.0,,,,,,,,,1297434.0,1297610.0,1297805.0,1297972.0,1298144.0,1298338.0,1298502.0,1298645.0,1298802.0,1298964.0,1299142.0,1299308.0,1299489.0,1299646.0,1299825.0,1299970.0,1300180.0,1300362.0,1300556.0,1300749.0,1300900.0,1301050.0,1301179.0,1301352.0,1301518.0,1301657.0,1301805.0,1301947.0,1302075.0,1302272.0,1302446.0,1302662.0,1302859.0,1303057.0,1303213.0,1303340.0,1303499.0,1303722.0,1303908.0,1304112.0,1304299.0,1304464.0,1304611.0,1304727.0,1304906.0,1305050.0,1305217.0,1305463.0,1305692.0,1305963.0,1306182.0,1306370.0,1306594.0,1306833.0,1307051.0,1307295.0,1307564.0,1307868.0,1308276.0,1308587.0,1308879.0,1309155.0,1309499.0,1309782.0,1310056.0,1310352.0,1310658.0,1311043.0,1311294.0,1311668.0,1311912.0,1312252.0,1312645.0,1313018.0,1313363.0,1313730.0,1313998.0,1314233.0,1314427.0,1314651.0,1314815.0,1314960.0,1315159.0,1315325.0,1315504.0,1315637.0,1315812.0,1316019.0,1316175.0,1316394.0,1316578.0,1316875.0,1317123.0,1317370.0,1317559.0,1317731.0,1317959.0,1318183.0,1318331.0,1318515.0,1318676.0,1318865.0,1319072.0,1319374.0,1319606.0,1319794.0,1319977.0,1320219.0,1320527.0,1320791.0,1321098.0,1321406.0,1321708.0,1322008.0,1322311.0,1322671.0,1322989.0,1323302.0,1323607.0,1324218.0,1324697.0,,1325470.0,1325860.0,1326371.0,1326872.0,1327280.0,1327715.0,1328084.0,1328465.0,1328752.0,1329081.0,1329419.0,1329808.0,1330167.0,1330506.0,1330947.0,1331418.0,1331924.0,1332417.0,1333181.0,1333761.0,1334234.0,1334865.0,1335420.0,1335941.0,1336640.0,1337353.0,1337821.0,1338360.0,1338877.0,1339553.0,1340212.0,1340621.0,1341114.0,1341459.0,1341938.0,1342369.0,1342774.0,1343120.0,1343500.0,1343835.0,1344134.0,1344462.0,1344815.0,1345190.0,1345524.0,1345891.0,1346216.0,1346485.0,1346711.0,1346958.0,1347192.0,1347436.0,1347624.0,1347893.0,1348071.0,1348284.0,1348471.0,1348624.0,1348827.0,1348988.0,1349158.0,1349360.0,1349530.0,1349752.0,1349981.0,1350223.0,1350493.0,1350674.0,1350911.0,1351185.0,1351476.0,1351785.0,1352047.0,1352282.0,1352477.0,1352665.0,1352951.0,1353234.0,1353515.0,1353736.0,1353943.0,1354172.0,1354402.0,1354624.0,1354875.0,1355086.0,1355337.0,1355603.0,1355867.0,1356106.0,1356313.0,1356570.0,1356791.0,1357057.0,1357302.0,1357587.0,1357820.0,1358032.0,1358278.0,1358510.0,1358776.0,1359150.0,1359395.0,1359631.0,1359866.0,1360103.0,1360392.0,1360628.0,1361037.0,1361316.0,1361543.0,1361792.0,1362001.0,1362186
hQtE1jHr0PA,109521.0,109540.0,109549.0,109572.0,109584.0,109610.0,109633.0,109651.0,109673.0,109689.0,109709.0,109734.0,109761.0,109787.0,109812.0,109839.0,109855.0,109865.0,109888.0,109916.0,109934.0,109951.0,109967.0,109987.0,110000.0,110023.0,110049.0,110059.0,110092.0,110109.0,110129.0,110150.0,110195.0,110249.0,110274.0,110306.0,110340.0,110354.0,110386.0,110411.0,110429.0,110453.0,110475.0,110491.0,110521.0,110531.0,110554.0,110580.0,110599.0,110620.0,110633.0,110646.0,110668.0,110686.0,110710.0,110738.0,110756.0,110775.0,110793.0,110812.0,110834.0,110854.0,110890.0,110912.0,110942.0,110961.0,110981.0,111003.0,111020.0,111047.0,111060.0,111079.0,111100.0,111114.0,111126.0,111159.0,111176.0,111193.0,111212.0,111233.0,111249.0,111263.0,111280.0,111298.0,111319.0,111334.0,111352.0,111362.0,111378.0,111392.0,111408.0,111420.0,111439.0,111455.0,111480.0,111494.0,111508.0,111525.0,111542.0,111557.0,111567.0,111580.0,111603.0,111621.0,111638.0,111658.0,111673.0,111683.0,111699.0,111721.0,111742.0,111760.0,111775.0,111805.0,111820.0,111832.0,111854.0,111871.0,111892.0,111919.0,111937.0,111950.0,111962.0,111974.0,111997.0,112018.0,112030.0,112048.0,112058.0,112070.0,112082.0,112098.0,112107.0,112120.0,,,,,,,,,112276.0,112290.0,112301.0,112315.0,112337.0,112354.0,112373.0,112389.0,112405.0,112421.0,112439.0,112455.0,112480.0,112499.0,112515.0,112532.0,112578.0,112609.0,112639.0,112659.0,112676.0,112689.0,112710.0,112733.0,112763.0,112793.0,112801.0,112818.0,112838.0,112854.0,112872.0,112900.0,112924.0,112951.0,112976.0,112986.0,113006.0,113017.0,113038.0,113059.0,113084.0,113113.0,113133.0,113154.0,113170.0,113194.0,113215.0,113229.0,113239.0,113246.0,113253.0,113267.0,113284.0,113308.0,113321.0,113355.0,113369.0,113380.0,113401.0,113420.0,113439.0,113469.0,113507.0,113523.0,113544.0,113571.0,113596.0,113606.0,113619.0,113639.0,113651.0,113672.0,113698.0,113726.0,113747.0,113778.0,113806.0,113825.0,113840.0,113864.0,113891.0,113920.0,113943.0,113974.0,113994.0,114014.0,114039.0,114059.0,114088.0,114113.0,114153.0,114175.0,114197.0,114225.0,114253.0,114285.0,114309.0,114338.0,114355.0,114383.0,114400.0,114428.0,114455.0,114484.0,114503.0,114527.0,114546.0,114564.0,114594.0,114616.0,114634.0,114670.0,114697.0,114731.0,114755.0,114784.0,114805.0,114843.0,114877.0,114923.0,114962.0,,115054.0,115109.0,115159.0,115209.0,115245.0,115269.0,115304.0,115343.0,115389.0,115438.0,115475.0,115521.0,115553.0,115593.0,115627.0,115679.0,115714.0,115781.0,115866.0,115913.0,115947.0,116008.0,116054.0,116110.0,116161.0,116200.0,116230.0,116267.0,116299.0,116349.0,116385.0,116424.0,116467.0,116497.0,116528.0,116587.0,116656.0,116699.0,116765.0,116841.0,116904.0,116955.0,117026.0,117079.0,117129.0,117189.0,117257.0,117321.0,117402.0,117494.0,117565.0,117674.0,117734.0,117841.0,117908.0,118042.0,118135.0,118283.0,118493.0,118665.0,118853.0,119027.0,119356.0,120170.0,121376.0,122472.0,123050.0,123428.0,123749.0,124241.0,124559.0,124926.0,125353.0,125645.0,126004.0,126458.0,127212.0,127335.0,127366.0,127404.0,127424.0,127441.0,127464.0,127490.0,127513.0,127531.0,127551.0,127570.0,127584.0,127595.0,127613.0,127632.0,127648.0,127670.0,127686.0,127705.0,127722.0,127739.0,127753.0,127773.0,127791.0,127814.0,127827.0,127835.0,127854.0,127871.0,127895.0,127911.0,127932.0,127943.0,127954.0,127971.0,127992.0,128007
J4MuZufEyD8,100682.0,100716.0,100746.0,100782.0,100815.0,100853.0,100882.0,100921.0,100960.0,100997.0,101028.0,101059.0,101098.0,101133.0,101166.0,101198.0,101234.0,101267.0,101314.0,101349.0,101388.0,101418.0,101450.0,101472.0,101507.0,101537.0,101582.0,101612.0,101635.0,101667.0,101690.0,101723.0,101759.0,101789.0,101835.0,101881.0,101907.0,101929.0,101960.0,101991.0,102024.0,102051.0,102079.0,102111.0,102140.0,102157.0,102184.0,102207.0,102241.0,102259.0,102281.0,102293.0,102335.0,102362.0,102393.0,102433.0,102467.0,102503.0,102522.0,102557.0,102580.0,102606.0,102656.0,102720.0,102783.0,102821.0,102850.0,102875.0,102906.0,102946.0,102976.0,103019.0,103071.0,103132.0,103184.0,103223.0,103275.0,103300.0,103339.0,103394.0,103449.0,103505.0,103552.0,103598.0,103663.0,103714.0,103846.0,104005.0,104152.0,104297.0,104435.0,104598.0,104740.0,104885.0,105003.0,105106.0,105252.0,105366.0,105501.0,105634.0,105804.0,105959.0,106098.0,106211.0,106313.0,106394.0,106491.0,106610.0,106718.0,106807.0,106897.0,107053.0,107339.0,107650.0,108041.0,108456.0,108750.0,109054.0,109438.0,109780.0,110219.0,110638.0,111153.0,111594.0,111970.0,112434.0,112802.0,113208.0,113509.0,113859.0,114210.0,114511.0,114807.0,115087.0,,,,,,,,,118729.0,119141.0,119526.0,119835.0,120144.0,120525.0,120871.0,121289.0,121800.0,122321.0,122713.0,123151.0,123586.0,123927.0,124442.0,124905.0,125362.0,125734.0,126174.0,126546.0,126779.0,127061.0,127341.0,127584.0,127803.0,127998.0,128220.0,128436.0,128701.0,128939.0,129146.0,129353.0,129580.0,129818.0,130060.0,130401.0,130654.0,130923.0,131157.0,131381.0,131607.0,131816.0,132057.0,132307.0,132521.0,132743.0,132944.0,133197.0,133438.0,133626.0,133838.0,134048.0,134262.0,134500.0,134723.0,134877.0,135113.0,135333.0,135543.0,135786.0,136001.0,136215.0,136417.0,136659.0,136910.0,137108.0,137353.0,137594.0,137818.0,138053.0,138289.0,138490.0,138699.0,138883.0,139126.0,139336.0,139561.0,139818.0,140014.0,140179.0,140373.0,140539.0,140778.0,140979.0,141216.0,141461.0,141655.0,141875.0,142045.0,142230.0,142437.0,142597.0,142754.0,142903.0,143038.0,143163.0,143261.0,143364.0,143516.0,143651.0,143743.0,143869.0,143969.0,144089.0,144230.0,144339.0,144465.0,144587.0,144729.0,144860.0,144970.0,145062.0,145174.0,145303.0,145422.0,145533.0,145641.0,145734.0,145817.0,145899.0,146001.0,,146146.0,146222.0,146313.0,146392.0,146490.0,146588.0,146674.0,146729.0,146800.0,146877.0,146953.0,147036.0,147107.0,147167.0,147227.0,147295.0,147356.0,147442.0,147555.0,147646.0,147695.0,147745.0,147798.0,147858.0,147906.0,147963.0,148020.0,148068.0,148130.0,148178.0,148237.0,148284.0,148337.0,148393.0,148436.0,148474.0,148505.0,148541.0,148595.0,148631.0,148685.0,148737.0,148777.0,148820.0,148870.0,148910.0,148978.0,149062.0,149131.0,149224.0,149312.0,149371.0,149443.0,149532.0,149626.0,149679.0,149776.0,149859.0,149954.0,150058.0,150175.0,150278.0,150371.0,150464.0,150565.0,150684.0,150933.0,151092.0,151283.0,151465.0,151625.0,151788.0,151923.0,152054.0,152243.0,152470.0,152602.0,152731.0,152901.0,153054.0,153159.0,153263.0,153354.0,153417.0,153460.0,153500.0,153537.0,153576.0,153624.0,153679.0,153735.0,153776.0,153816.0,153883.0,153942.0,153999.0,154035.0,154081.0,154115.0,154162.0,154227.0,154291.0,154346.0,154417.0,154445.0,154483.0,154528.0,154570.0,154629.0,154673.0,154713.0,154759.0,154809.0,154873
_P7uQYWZC_I,2564.0,2565.0,2566.0,2566.0,2566.0,2566.0,2566.0,2566.0,2567.0,2567.0,2567.0,2567.0,2567.0,2567.0,2567.0,2567.0,2567.0,2567.0,2568.0,2569.0,2569.0,2569.0,2569.0,2569.0,2570.0,2571.0,2572.0,2572.0,2574.0,2575.0,2577.0,2581.0,2581.0,2580.0,2580.0,2582.0,2583.0,2584.0,2585.0,2587.0,2587.0,2587.0,2588.0,2589.0,2591.0,2591.0,2592.0,2592.0,2592.0,2592.0,2592.0,2593.0,2594.0,2595.0,2596.0,2598.0,2598.0,2599.0,2599.0,2599.0,2599.0,2599.0,2600.0,2601.0,2601.0,2601.0,2601.0,2602.0,2602.0,2603.0,2603.0,2603.0,2603.0,2603.0,2603.0,2603.0,2603.0,2603.0,2604.0,2604.0,2604.0,2604.0,2607.0,2607.0,2608.0,2609.0,2609.0,2609.0,2609.0,2609.0,2609.0,2609.0,2610.0,2612.0,2612.0,2613.0,2613.0,2613.0,2614.0,2614.0,2614.0,2614.0,2614.0,2614.0,2614.0,2614.0,2614.0,2614.0,2614.0,2614.0,2614.0,2615.0,2615.0,2615.0,2616.0,2616.0,2616.0,2616.0,2616.0,2616.0,2616.0,2618.0,2618.0,2619.0,2621.0,2621.0,2621.0,2622.0,2622.0,2622.0,2626.0,2626.0,2626.0,2626.0,,,,,,,,,2633.0,2633.0,2635.0,2638.0,2638.0,2639.0,2639.0,2639.0,2639.0,2639.0,2640.0,2640.0,2640.0,2640.0,2640.0,2640.0,2640.0,2640.0,2640.0,2640.0,2640.0,2641.0,2641.0,2641.0,2641.0,2642.0,2642.0,2642.0,2643.0,2643.0,2643.0,2643.0,2643.0,2644.0,2644.0,2645.0,2646.0,2646.0,2647.0,2647.0,2648.0,2647.0,2648.0,2648.0,2648.0,2650.0,2651.0,2652.0,2652.0,2653.0,2653.0,2653.0,2653.0,2654.0,2654.0,2654.0,2657.0,2659.0,2659.0,2659.0,2659.0,2659.0,2659.0,2659.0,2660.0,2662.0,2662.0,2662.0,2663.0,2664.0,2664.0,2664.0,2664.0,2665.0,2666.0,2668.0,2669.0,2671.0,2670.0,2671.0,2672.0,2674.0,2673.0,2673.0,2672.0,2672.0,2677.0,2677.0,2679.0,2679.0,2680.0,2682.0,2682.0,2682.0,2682.0,2682.0,2682.0,2682.0,2682.0,2682.0,2683.0,2684.0,2684.0,2684.0,2684.0,2684.0,2684.0,2685.0,2687.0,2688.0,2688.0,2688.0,2688.0,2688.0,2688.0,2688.0,2688.0,2689.0,2690.0,2690.0,2690.0,,2690.0,2691.0,2691.0,2693.0,2695.0,2695.0,2696.0,2696.0,2696.0,2696.0,2696.0,2696.0,2697.0,2697.0,2698.0,2698.0,2699.0,2702.0,2702.0,2702.0,2702.0,2702.0,2702.0,2703.0,2703.0,2703.0,2703.0,2703.0,2703.0,2703.0,2703.0,2703.0,2703.0,2703.0,2703.0,2703.0,2703.0,2703.0,2703.0,2703.0,2703.0,2703.0,2703.0,2704.0,2705.0,2706.0,2705.0,2708.0,2708.0,2710.0,2710.0,2711.0,2711.0,2711.0,2711.0,2711.0,2711.0,2712.0,2712.0,2712.0,2712.0,2712.0,2712.0,2712.0,2712.0,2712.0,2712.0,2712.0,2712.0,2712.0,2712.0,2712.0,2712.0,2713.0,2713.0,2714.0,2714.0,2714.0,2715.0,2714.0,2714.0,2714.0,2715.0,2715.0,2715.0,2715.0,2715.0,2715.0,2715.0,2716.0,2716.0,2716.0,2716.0,2717.0,2717.0,2718.0,2718.0,2718.0,2718.0,2718.0,2718.0,2718.0,2718.0,2718.0,2718.0,2718.0,2718.0,2719.0,2719.0,2719.0,2718.0,2718.0,2718.0,2719
HV8VfnV9LHY,2803.0,2807.0,2810.0,2810.0,2811.0,2811.0,2811.0,2812.0,2813.0,2813.0,2814.0,2814.0,2814.0,2814.0,2814.0,2814.0,2816.0,2816.0,2816.0,2816.0,2816.0,2817.0,2818.0,2818.0,2818.0,2820.0,2821.0,2821.0,2823.0,2825.0,2828.0,2829.0,2831.0,2833.0,2834.0,2834.0,2835.0,2835.0,2837.0,2838.0,2841.0,2841.0,2842.0,2843.0,2844.0,2844.0,2843.0,2843.0,2844.0,2844.0,2844.0,2844.0,2844.0,2846.0,2848.0,2848.0,2849.0,2849.0,2850.0,2850.0,2852.0,2852.0,2853.0,2854.0,2854.0,2855.0,2856.0,2857.0,2857.0,2857.0,2857.0,2858.0,2861.0,2861.0,2862.0,2862.0,2862.0,2863.0,2864.0,2864.0,2864.0,2864.0,2866.0,2866.0,2867.0,2867.0,2867.0,2869.0,2870.0,2871.0,2872.0,2873.0,2874.0,2875.0,2875.0,2877.0,2878.0,2881.0,2882.0,2883.0,2884.0,2884.0,2884.0,2884.0,2886.0,2886.0,2886.0,2887.0,2888.0,2888.0,2888.0,2891.0,2892.0,2893.0,2894.0,2894.0,2895.0,2895.0,2895.0,2895.0,2895.0,2895.0,2897.0,2898.0,2899.0,2900.0,2900.0,2901.0,2902.0,2903.0,2905.0,2908.0,2911.0,2911.0,,,,,,,,,2914.0,2914.0,2915.0,2916.0,2917.0,2917.0,2917.0,2917.0,2917.0,2918.0,2918.0,2919.0,2919.0,2920.0,2921.0,2921.0,2921.0,2921.0,2922.0,2922.0,2922.0,2923.0,2923.0,2925.0,2925.0,2925.0,2926.0,2927.0,2927.0,2927.0,2927.0,2927.0,2928.0,2928.0,2929.0,2929.0,2930.0,2931.0,2932.0,2932.0,2932.0,2933.0,2933.0,2934.0,2935.0,2939.0,2943.0,2944.0,2946.0,2947.0,2947.0,2947.0,2947.0,2947.0,2948.0,2949.0,2949.0,2949.0,2950.0,2951.0,2951.0,2954.0,2958.0,2959.0,2961.0,2963.0,2963.0,2963.0,2964.0,2965.0,2965.0,2968.0,2968.0,2969.0,2970.0,2971.0,2974.0,2977.0,2978.0,2979.0,2979.0,2979.0,2979.0,2980.0,2980.0,2980.0,2980.0,2981.0,2981.0,2981.0,2981.0,2981.0,2981.0,2981.0,2981.0,2983.0,2985.0,2985.0,2988.0,2987.0,2987.0,2988.0,2989.0,2990.0,2991.0,2992.0,2995.0,2995.0,2995.0,2995.0,2995.0,2996.0,2998.0,2998.0,2999.0,3000.0,3000.0,3000.0,3000.0,3000.0,3000.0,,3001.0,3001.0,3001.0,3005.0,3005.0,3007.0,3008.0,3008.0,3011.0,3011.0,3011.0,3011.0,3011.0,3011.0,3011.0,3011.0,3011.0,3011.0,3011.0,3012.0,3012.0,3012.0,3012.0,3012.0,3013.0,3013.0,3013.0,3013.0,3013.0,3013.0,3014.0,3014.0,3014.0,3014.0,3014.0,3014.0,3015.0,3015.0,3015.0,3015.0,3016.0,3017.0,3017.0,3017.0,3017.0,3017.0,3017.0,3017.0,3017.0,3017.0,3018.0,3018.0,3018.0,3018.0,3018.0,3018.0,3019.0,3019.0,3019.0,3021.0,3022.0,3022.0,3022.0,3023.0,3023.0,3023.0,3023.0,3023.0,3023.0,3023.0,3023.0,3023.0,3024.0,3025.0,3025.0,3025.0,3025.0,3025.0,3025.0,3026.0,3028.0,3028.0,3029.0,3030.0,3030.0,3030.0,3030.0,3030.0,3030.0,3030.0,3030.0,3030.0,3030.0,3031.0,3031.0,3031.0,3033.0,3034.0,3035.0,3035.0,3035.0,3036.0,3036.0,3037.0,3038.0,3039.0,3039.0,3040.0,3040.0,3040.0,3039.0,3039.0,3040.0,3040
HV8VfnV9LHY,2803.0,2807.0,2810.0,2810.0,2811.0,2811.0,2811.0,2812.0,2813.0,2813.0,2814.0,2814.0,2814.0,2814.0,2814.0,2814.0,2816.0,2816.0,2816.0,2816.0,2816.0,2817.0,2818.0,2818.0,2818.0,2820.0,2821.0,2821.0,2823.0,2825.0,2828.0,2829.0,2831.0,2833.0,2834.0,2834.0,2835.0,2835.0,2837.0,2838.0,2841.0,2841.0,2842.0,2843.0,2844.0,2844.0,2843.0,2843.0,2844.0,2844.0,2844.0,2844.0,2844.0,2846.0,2848.0,2848.0,2849.0,2849.0,2850.0,2850.0,2852.0,2852.0,2853.0,2854.0,2854.0,2855.0,2856.0,2857.0,2857.0,2857.0,2857.0,2858.0,2861.0,2861.0,2862.0,2862.0,2862.0,2863.0,2864.0,2864.0,2864.0,2864.0,2866.0,2866.0,2867.0,2867.0,2867.0,2869.0,2870.0,2871.0,2872.0,2873.0,2874.0,2875.0,2875.0,2877.0,2878.0,2881.0,2882.0,2883.0,2884.0,2884.0,2884.0,2884.0,2886.0,2886.0,2886.0,2887.0,2888.0,2888.0,2888.0,2891.0,2892.0,2893.0,2894.0,2894.0,2895.0,2895.0,2895.0,2895.0,2895.0,2895.0,2897.0,2898.0,2899.0,2900.0,2900.0,2901.0,2902.0,2903.0,2905.0,2908.0,2911.0,2911.0,,,,,,,,,2914.0,2914.0,2915.0,2916.0,2917.0,2917.0,2917.0,2917.0,2917.0,2918.0,2918.0,2919.0,2919.0,2920.0,2921.0,2921.0,2921.0,2921.0,2922.0,2922.0,2922.0,2923.0,2923.0,2925.0,2925.0,2925.0,2926.0,2927.0,2927.0,2927.0,2927.0,2927.0,2928.0,2928.0,2929.0,2929.0,2930.0,2931.0,2932.0,2932.0,2932.0,2933.0,2933.0,2934.0,2935.0,2939.0,2943.0,2944.0,2946.0,2947.0,2947.0,2947.0,2947.0,2947.0,2948.0,2949.0,2949.0,2949.0,2949.0,2951.0,2951.0,2954.0,2958.0,2959.0,2961.0,2963.0,2963.0,2963.0,2964.0,2965.0,2965.0,2968.0,2968.0,2969.0,2970.0,2971.0,2974.0,2977.0,2978.0,2979.0,2979.0,2979.0,2979.0,2980.0,2980.0,2980.0,2980.0,2981.0,2981.0,2981.0,2981.0,2981.0,2981.0,2981.0,2981.0,2983.0,2985.0,2985.0,2987.0,2987.0,2987.0,2988.0,2989.0,2990.0,2991.0,2992.0,2995.0,2995.0,2995.0,2995.0,2995.0,2996.0,2998.0,2998.0,2999.0,3000.0,3000.0,3000.0,3000.0,3000.0,3000.0,,3001.0,3001.0,3001.0,3005.0,3005.0,3007.0,3008.0,3008.0,3011.0,3011.0,3011.0,3011.0,3011.0,3011.0,3011.0,3011.0,3011.0,3011.0,3011.0,3012.0,3012.0,3012.0,3012.0,3012.0,3013.0,3013.0,3013.0,3013.0,3013.0,3013.0,3014.0,3014.0,3014.0,3014.0,3014.0,3014.0,3015.0,3015.0,3015.0,3015.0,3016.0,3017.0,3017.0,3017.0,3017.0,3017.0,3017.0,3017.0,3017.0,3017.0,3018.0,3018.0,3018.0,3018.0,3018.0,3018.0,3019.0,3019.0,3019.0,3021.0,3022.0,3022.0,3022.0,3023.0,3023.0,3023.0,3023.0,3023.0,3023.0,3023.0,3023.0,3023.0,3024.0,3025.0,3025.0,3025.0,3025.0,3025.0,3025.0,3026.0,3028.0,3028.0,3029.0,3030.0,3030.0,3030.0,3030.0,3030.0,3030.0,3030.0,3030.0,3030.0,3030.0,3031.0,3031.0,3031.0,3033.0,3034.0,3035.0,3035.0,3035.0,3036.0,3036.0,3037.0,3038.0,3039.0,3039.0,3040.0,3040.0,3040.0,3039.0,3039.0,3040.0,3040
1wGOHbcQKIc,31424128.0,31427900.0,31432199.0,31436593.0,31441004.0,31445181.0,31449445.0,31454069.0,31459089.0,31464012.0,31469007.0,31473539.0,31478124.0,31482471.0,31487125.0,31491769.0,31496520.0,31501500.0,31506498.0,31511610.0,31516909.0,31522283.0,31527647.0,31532957.0,31538281.0,31543107.0,31548158.0,31553229.0,31558177.0,31563265.0,31568664.0,31573846.0,31578918.0,31584065.0,31588837.0,31593758.0,31598637.0,31603881.0,31608979.0,31614196.0,31619248.0,31624167.0,31628895.0,31634046.0,31639396.0,31644514.0,31649339.0,31654614.0,31659595.0,31664441.0,31669075.0,31673985.0,31678892.0,31683939.0,31688853.0,31693615.0,31698429.0,31703081.0,31707991.0,31712605.0,31717387.0,31722664.0,31728041.0,31733074.0,31738101.0,31743072.0,31747693.0,31752198.0,31756080.0,31761263.0,31765930.0,31770769.0,31775857.0,31780998.0,31785626.0,31790124.0,31794380.0,31798978.0,31803450.0,31807842.0,31812218.0,31816348.0,31820607.0,31824912.0,31829178.0,31833405.0,31837969.0,31842202.0,31846219.0,31850030.0,31854163.0,31858474.0,31863170.0,31868102.0,31873152.0,31877486.0,31881589.0,31885497.0,31889431.0,31893455.0,31898046.0,31902403.0,31906591.0,31910709.0,31914971.0,31919121.0,31923172.0,31927603.0,31932513.0,31937343.0,31941978.0,31947028.0,31952094.0,31956980.0,31961731.0,31966252.0,31970324.0,31973904.0,31977720.0,31981351.0,31985402.0,31989771.0,31994101.0,31997871.0,32001734.0,32005403.0,32009202.0,32012842.0,32016990.0,32020999.0,32024773.0,32028685.0,32032622.0,32036290.0,,,,,,,,,32073884.0,32078464.0,32082764.0,32087433.0,32092009.0,32097116.0,32102487.0,32108477.0,32115922.0,32121817.0,32127401.0,32133233.0,32138944.0,32144610.0,32149632.0,32155616.0,32160111.0,32164732.0,32169364.0,32173212.0,32177009.0,32181346.0,32185422.0,32189446.0,32193553.0,32197630.0,32201858.0,32206262.0,32210569.0,32214756.0,32218537.0,32222299.0,32226150.0,32230151.0,32234205.0,32238730.0,32243165.0,32246925.0,32251187.0,32255417.0,32259462.0,32263504.0,32267945.0,32272386.0,32276281.0,32280251.0,32284375.0,32288636.0,32293002.0,32297665.0,32301979.0,32305969.0,32309886.0,32314093.0,32318207.0,32322336.0,32326325.0,32330328.0,32334204.0,32338168.0,32342123.0,32345780.0,32349295.0,32353074.0,32356785.0,32360639.0,32364614.0,32368601.0,32372202.0,32375750.0,32379519.0,32383351.0,32387197.0,32391131.0,32395119.0,32398965.0,32402888.0,32406928.0,32410948.0,32414421.0,32417936.0,32421127.0,32424859.0,32428641.0,32432382.0,32436214.0,32439643.0,32442985.0,32446492.0,32449894.0,32453306.0,32456998.0,32460680.0,32464146.0,32467556.0,32470944.0,32474261.0,32477734.0,32481418.0,32484981.0,32488248.0,32491519.0,32494950.0,32498402.0,32501820.0,32505383.0,32508994.0,32512451.0,32515811.0,32519445.0,32523099.0,32526425.0,32530195.0,32533908.0,32537089.0,32540261.0,32543454.0,32546677.0,32550022.0,32553417.0,32556639.0,,32563155.0,32566342.0,32569552.0,32572819.0,32576080.0,32579328.0,32582320.0,32585168.0,32588214.0,32591245.0,32594396.0,32597796.0,32600966.0,32603833.0,32606587.0,32609800.0,32613175.0,32616554.0,32620179.0,32623692.0,32627017.0,32630395.0,32633663.0,32636885.0,32640058.0,32643268.0,32646412.0,32649357.0,32652490.0,32655584.0,32658642.0,32661923.0,32665233.0,32668381.0,32671242.0,32674307.0,32677280.0,32680340.0,32683477.0,32686561.0,32689477.0,32692379.0,32695281.0,32698018.0,32700876.0,32703749.0,32706606.0,32709366.0,32711914.0,32714558.0,32717333.0,32720168.0,32723032.0,32726164.0,32729254.0,32732102.0,32735131.0,32738057.0,32740909.0,32744284.0,32747728.0,32750989.0,32753786.0,32756518.0,32759488.0,32762561.0,32765995.0,32769182.0,32772336.0,32775193.0,32777991.0,32780775.0,32783527.0,32786385.0,32789481.0,32792577.0,32795305.0,32798070.0,32800986.0,32803794.0,32807037.0,32810169.0,32813224.0,32816227.0,32819167.0,32822066.0,32824977.0,32827903.0,32831099.0,32834150.0,32837053.0,32839955.0,32842935.0,32845789.0,32848712.0,32851899.0,32854969.0,32857875.0,32860733.0,32863685.0,32866575.0,32869647.0,32872746.0,32875783.0,32878781.0,32881750.0,32884726.0,32887731.0,32890957.0,32894348.0,32897453.0,32900438.0,32903242.0,32906066
M7-fsHEkbh0,149539.0,149732.0,149844.0,149946.0,150051.0,150189.0,150317.0,150454.0,150582.0,150696.0,150786.0,150882.0,150978.0,151070.0,151201.0,151293.0,151403.0,151504.0,151609.0,151730.0,151836.0,151961.0,152101.0,152235.0,152346.0,152448.0,152540.0,152637.0,152741.0,152872.0,152995.0,153089.0,153201.0,153324.0,153424.0,153542.0,153656.0,153754.0,153831.0,153935.0,154041.0,154151.0,154254.0,154343.0,154447.0,154529.0,154614.0,154732.0,154847.0,154972.0,155090.0,155187.0,155296.0,155395.0,155523.0,155638.0,155738.0,155851.0,155973.0,156068.0,156169.0,156289.0,156437.0,156543.0,156688.0,156809.0,156917.0,157018.0,157129.0,157260.0,157381.0,157488.0,157612.0,157707.0,157791.0,157908.0,158018.0,158129.0,158226.0,158323.0,158443.0,158546.0,158628.0,158737.0,158843.0,158943.0,159036.0,159126.0,159225.0,159338.0,159412.0,159517.0,159602.0,159696.0,159792.0,159891.0,159991.0,160086.0,160191.0,160278.0,160356.0,160477.0,160571.0,160691.0,160799.0,160920.0,161041.0,161137.0,161240.0,161332.0,161446.0,161561.0,161653.0,161759.0,161875.0,161963.0,162064.0,162183.0,162312.0,162404.0,162527.0,162629.0,162717.0,162811.0,162947.0,163045.0,163130.0,163223.0,163360.0,163452.0,163556.0,163725.0,163968.0,164163.0,,,,,,,,,166013.0,166139.0,166285.0,166436.0,166640.0,166796.0,166989.0,167150.0,167308.0,167414.0,167569.0,167686.0,167823.0,167981.0,168171.0,168335.0,168521.0,168650.0,168778.0,168917.0,169046.0,169166.0,169285.0,169433.0,169604.0,169731.0,169863.0,169996.0,170129.0,170246.0,170389.0,170499.0,170623.0,170738.0,170877.0,170983.0,171101.0,171207.0,171336.0,171466.0,171603.0,171727.0,171892.0,171992.0,172102.0,172262.0,172394.0,172529.0,172694.0,172826.0,172927.0,173064.0,173198.0,173332.0,173467.0,173595.0,173709.0,173846.0,173967.0,174163.0,174311.0,174401.0,174516.0,174659.0,174819.0,174932.0,175072.0,175235.0,175355.0,175451.0,175573.0,175670.0,175796.0,175902.0,176036.0,176185.0,176319.0,176458.0,176538.0,176649.0,176750.0,176839.0,176952.0,177057.0,177180.0,177296.0,177406.0,177515.0,177634.0,177721.0,177820.0,177892.0,177982.0,178075.0,178147.0,178242.0,178341.0,178448.0,178551.0,178647.0,178741.0,178860.0,178955.0,179077.0,179178.0,179269.0,179354.0,179423.0,179527.0,179625.0,179757.0,179880.0,179982.0,180076.0,180164.0,180269.0,180375.0,180466.0,180546.0,180646.0,180759.0,,180945.0,181055.0,181157.0,181248.0,181333.0,181484.0,181572.0,181661.0,181742.0,181844.0,181932.0,182006.0,182099.0,182189.0,182272.0,182356.0,182448.0,182552.0,182711.0,182841.0,182954.0,183051.0,183187.0,183264.0,183347.0,183424.0,183491.0,183553.0,183632.0,183698.0,183791.0,183872.0,183959.0,184023.0,184097.0,184166.0,184251.0,184335.0,184415.0,184488.0,184607.0,184668.0,184751.0,184843.0,184942.0,185042.0,185192.0,185345.0,185520.0,185751.0,185900.0,186026.0,186137.0,186348.0,186491.0,186645.0,186818.0,186912.0,187020.0,187154.0,187321.0,187452.0,187555.0,187699.0,187844.0,187999.0,188241.0,188454.0,188660.0,188843.0,189062.0,189460.0,189792.0,190116.0,190358.0,190574.0,190885.0,191180.0,191507.0,191746.0,191927.0,192140.0,192341.0,192532.0,192692.0,192812.0,192929.0,193027.0,193125.0,193200.0,193302.0,193419.0,193564.0,193703.0,193894.0,194008.0,194133.0,194289.0,194476.0,194638.0,194801.0,194984.0,195126.0,195245.0,195412.0,195587.0,195758.0,195889.0,195999.0,196094.0,196204.0,196358.0,196510.0,196680
b1EFEV9ELkw,497.0,497.0,497.0,500.0,500.0,502.0,502.0,502.0,502.0,502.0,503.0,505.0,506.0,512.0,512.0,513.0,517.0,519.0,519.0,522.0,525.0,526.0,530.0,531.0,535.0,535.0,535.0,536.0,539.0,539.0,540.0,542.0,544.0,544.0,545.0,547.0,547.0,547.0,547.0,548.0,548.0,550.0,550.0,551.0,552.0,552.0,552.0,556.0,556.0,558.0,559.0,560.0,561.0,563.0,565.0,567.0,568.0,568.0,570.0,571.0,571.0,571.0,573.0,573.0,573.0,575.0,575.0,577.0,578.0,584.0,584.0,585.0,587.0,588.0,588.0,588.0,588.0,590.0,590.0,590.0,590.0,591.0,593.0,593.0,594.0,594.0,594.0,597.0,598.0,601.0,601.0,602.0,602.0,605.0,607.0,607.0,610.0,612.0,613.0,615.0,616.0,618.0,618.0,624.0,625.0,628.0,628.0,630.0,630.0,631.0,632.0,635.0,638.0,640.0,642.0,643.0,644.0,647.0,648.0,648.0,649.0,649.0,649.0,652.0,656.0,657.0,660.0,663.0,664.0,665.0,665.0,665.0,666.0,666.0,,,,,,,,,678.0,679.0,679.0,681.0,689.0,689.0,692.0,693.0,695.0,696.0,697.0,699.0,700.0,701.0,702.0,705.0,705.0,705.0,709.0,710.0,710.0,711.0,712.0,712.0,712.0,717.0,718.0,718.0,719.0,719.0,719.0,720.0,722.0,724.0,727.0,730.0,736.0,736.0,738.0,739.0,739.0,740.0,741.0,743.0,744.0,748.0,749.0,754.0,755.0,757.0,759.0,760.0,761.0,764.0,767.0,768.0,769.0,771.0,775.0,775.0,775.0,776.0,778.0,781.0,783.0,785.0,789.0,789.0,792.0,794.0,797.0,798.0,801.0,802.0,803.0,803.0,805.0,805.0,809.0,809.0,809.0,809.0,809.0,810.0,811.0,811.0,811.0,811.0,813.0,814.0,815.0,815.0,817.0,817.0,817.0,820.0,820.0,821.0,821.0,824.0,824.0,824.0,825.0,825.0,825.0,825.0,825.0,825.0,825.0,826.0,826.0,827.0,830.0,831.0,832.0,832.0,833.0,833.0,833.0,834.0,836.0,,839.0,840.0,841.0,842.0,843.0,843.0,844.0,844.0,847.0,848.0,849.0,849.0,850.0,852.0,852.0,854.0,854.0,856.0,857.0,857.0,857.0,857.0,858.0,858.0,859.0,864.0,866.0,866.0,866.0,868.0,868.0,869.0,869.0,870.0,870.0,870.0,870.0,870.0,870.0,870.0,870.0,871.0,872.0,873.0,873.0,874.0,874.0,875.0,875.0,875.0,876.0,877.0,877.0,878.0,879.0,879.0,881.0,883.0,883.0,883.0,884.0,884.0,885.0,886.0,889.0,889.0,889.0,889.0,891.0,892.0,892.0,892.0,893.0,893.0,893.0,894.0,894.0,894.0,894.0,894.0,896.0,897.0,899.0,899.0,899.0,899.0,900.0,900.0,900.0,901.0,903.0,903.0,904.0,904.0,904.0,904.0,904.0,905.0,905.0,906.0,906.0,907.0,908.0,910.0,912.0,912.0,913.0,915.0,918.0,918.0,918.0,919.0,920.0,920
7DsXFWmTNfQ,48522.0,48544.0,48569.0,48597.0,48622.0,48663.0,48684.0,48712.0,48747.0,48775.0,48804.0,48846.0,48873.0,48894.0,48933.0,48966.0,48990.0,49025.0,49047.0,49081.0,49128.0,49186.0,49232.0,49288.0,49323.0,49353.0,49389.0,49411.0,49454.0,49490.0,49548.0,49582.0,49624.0,49659.0,49693.0,49741.0,49780.0,49815.0,49843.0,49876.0,49905.0,49932.0,49957.0,49992.0,50013.0,50050.0,50086.0,50131.0,50180.0,50205.0,50235.0,50271.0,50308.0,50342.0,50381.0,50442.0,50491.0,50532.0,50552.0,50587.0,50626.0,50661.0,50696.0,50728.0,50774.0,50813.0,50848.0,50905.0,51057.0,51128.0,51164.0,51091.0,51145.0,51194.0,51241.0,51276.0,51339.0,51386.0,51435.0,51487.0,51523.0,51559.0,51642.0,51693.0,51748.0,51797.0,51830.0,51865.0,51922.0,51952.0,51979.0,52030.0,52092.0,52138.0,52181.0,52215.0,52263.0,52309.0,52359.0,52397.0,52435.0,52459.0,52506.0,52561.0,52643.0,52696.0,52755.0,52820.0,52855.0,52890.0,52940.0,52994.0,53032.0,53087.0,53135.0,53174.0,53207.0,53251.0,53309.0,53358.0,53403.0,53451.0,53501.0,53549.0,53593.0,53626.0,53661.0,53713.0,53735.0,53768.0,53808.0,53836.0,53914.0,53956.0,,,,,,,,,54308.0,54348.0,54384.0,54426.0,54479.0,54530.0,54576.0,54612.0,54643.0,54685.0,54752.0,54804.0,54856.0,54938.0,54976.0,55027.0,55079.0,55121.0,55172.0,55230.0,55270.0,55316.0,55351.0,55382.0,55415.0,55449.0,55506.0,55553.0,55597.0,55632.0,55678.0,55732.0,55775.0,55814.0,55849.0,55886.0,55915.0,55966.0,56008.0,56055.0,56107.0,56155.0,56216.0,56254.0,56296.0,56355.0,56395.0,56451.0,56504.0,56548.0,56590.0,56643.0,56697.0,56746.0,56788.0,56840.0,56926.0,56972.0,57035.0,57141.0,57206.0,57295.0,57341.0,57384.0,57428.0,57479.0,57567.0,57617.0,57650.0,57688.0,57743.0,57777.0,57815.0,57865.0,57894.0,57945.0,57986.0,58015.0,58048.0,58089.0,58120.0,58154.0,58197.0,58258.0,58312.0,58346.0,58387.0,58423.0,58470.0,58514.0,58594.0,58641.0,58679.0,58727.0,58766.0,58813.0,58850.0,58892.0,58928.0,58966.0,59020.0,59069.0,59106.0,59143.0,59189.0,59225.0,59271.0,59325.0,59379.0,59435.0,59474.0,59526.0,59571.0,59624.0,59679.0,59731.0,59779.0,59824.0,59871.0,59931.0,59989.0,,60092.0,60156.0,60210.0,60274.0,60318.0,60353.0,60439.0,60496.0,60591.0,60695.0,60844.0,60894.0,60951.0,61026.0,61118.0,61204.0,61261.0,61332.0,61407.0,61471.0,61509.0,61553.0,61621.0,61692.0,61736.0,61780.0,61848.0,61908.0,61959.0,61999.0,62031.0,62081.0,62123.0,62164.0,62207.0,62260.0,62305.0,62351.0,62404.0,62463.0,62504.0,62561.0,62622.0,62683.0,62744.0,62833.0,62918.0,63002.0,63090.0,63208.0,63312.0,63385.0,63487.0,63578.0,63662.0,63746.0,63858.0,63966.0,64077.0,64210.0,64299.0,64369.0,64443.0,64514.0,64623.0,64736.0,64855.0,64981.0,65086.0,65187.0,65287.0,65398.0,65507.0,65635.0,65743.0,65831.0,65986.0,66115.0,66217.0,66288.0,66390.0,66490.0,66567.0,66621.0,66680.0,66732.0,66793.0,66832.0,66869.0,66899.0,66929.0,66972.0,67038.0,67101.0,67170.0,67232.0,67284.0,67327.0,67382.0,67431.0,67500.0,67552.0,67598.0,67664.0,67716.0,67775.0,67831.0,67900.0,67943.0,67971.0,68009.0,68055.0,68126.0,68190
urS1REzHlZ8,495509.0,495642.0,495759.0,495919.0,496074.0,496212.0,496372.0,496512.0,496656.0,496759.0,496908.0,497065.0,497243.0,497415.0,497575.0,497768.0,497913.0,498058.0,498214.0,498382.0,498534.0,498661.0,498828.0,498978.0,499138.0,499308.0,499461.0,499599.0,499761.0,499879.0,500017.0,500157.0,500302.0,500450.0,500630.0,500787.0,500937.0,501076.0,501201.0,501356.0,501472.0,501616.0,501768.0,501948.0,502061.0,502196.0,502343.0,502521.0,502682.0,502824.0,502987.0,503122.0,503257.0,503400.0,503568.0,503712.0,503900.0,504059.0,504183.0,504295.0,504419.0,504572.0,504695.0,504879.0,505035.0,505173.0,505302.0,505447.0,505564.0,505719.0,505851.0,505990.0,506099.0,506183.0,506271.0,506390.0,506522.0,506651.0,506764.0,506864.0,506974.0,507092.0,507230.0,507347.0,507464.0,507585.0,507679.0,507778.0,507855.0,507985.0,508088.0,508197.0,508306.0,508420.0,508526.0,508617.0,508728.0,508824.0,508911.0,509001.0,509089.0,509179.0,509262.0,509366.0,509456.0,509540.0,509637.0,509744.0,509831.0,509923.0,510005.0,510098.0,510221.0,510365.0,510462.0,510567.0,510708.0,510840.0,510961.0,511102.0,511228.0,511336.0,511438.0,511569.0,511691.0,511837.0,511951.0,512049.0,512145.0,512237.0,512337.0,512432.0,512524.0,512614.0,,,,,,,,,513366.0,513447.0,513523.0,513612.0,513684.0,513765.0,513813.0,513885.0,513993.0,514097.0,514232.0,514327.0,514450.0,514542.0,514671.0,514753.0,514856.0,514947.0,515053.0,515168.0,515320.0,515426.0,515551.0,515698.0,515820.0,515925.0,516062.0,516175.0,516301.0,516390.0,516486.0,516583.0,516679.0,516792.0,516875.0,516986.0,517066.0,517177.0,517286.0,517395.0,517504.0,517606.0,517730.0,517825.0,517920.0,518045.0,518164.0,518257.0,518361.0,518441.0,518548.0,518687.0,518787.0,518912.0,519006.0,519117.0,519222.0,519330.0,519434.0,519531.0,519660.0,519764.0,519858.0,519947.0,520056.0,520181.0,520297.0,520403.0,520492.0,520580.0,520671.0,520766.0,520861.0,521006.0,521072.0,521174.0,521278.0,521387.0,521467.0,521572.0,521662.0,521770.0,521900.0,522010.0,522152.0,522248.0,522356.0,522451.0,522556.0,522627.0,522721.0,522795.0,522862.0,522938.0,523011.0,523093.0,523184.0,523244.0,523316.0,523381.0,523470.0,523550.0,523609.0,523691.0,523780.0,523841.0,523914.0,523975.0,524072.0,524164.0,524229.0,524309.0,524401.0,524477.0,524575.0,524652.0,524759.0,524872.0,524986.0,525095.0,525191.0,,525397.0,525527.0,525612.0,525718.0,525813.0,525922.0,526027.0,526131.0,526243.0,526345.0,526446.0,526557.0,526672.0,526790.0,526900.0,527012.0,527135.0,527275.0,527415.0,527521.0,527634.0,527777.0,527897.0,527988.0,528117.0,528217.0,528301.0,528404.0,528503.0,528599.0,528693.0,528802.0,528903.0,528995.0,529128.0,529225.0,529326.0,529415.0,529527.0,529605.0,529721.0,529833.0,529955.0,530045.0,530154.0,530267.0,530371.0,530458.0,530541.0,530647.0,530750.0,530864.0,530970.0,531101.0,531197.0,531334.0,531456.0,531582.0,531741.0,531878.0,531975.0,532100.0,532222.0,532318.0,532446.0,532545.0,532646.0,532742.0,532825.0,532940.0,533041.0,533154.0,533268.0,533395.0,533516.0,533614.0,533736.0,533856.0,533979.0,534095.0,534248.0,534373.0,534501.0,534633.0,534792.0,534947.0,535084.0,535211.0,535327.0,535408.0,535522.0,535634.0,535732.0,535848.0,535960.0,536053.0,536138.0,536246.0,536351.0,536455.0,536555.0,536649.0,536752.0,536845.0,536971.0,537102.0,537185.0,537280.0,537399.0,537475.0,537560.0,537647.0,537759.0,537851
p_dbjlEe83Y,908524.0,908924.0,909428.0,909952.0,910481.0,910981.0,911562.0,912137.0,912735.0,913315.0,913855.0,914389.0,914940.0,915529.0,916078.0,916591.0,917107.0,917521.0,918031.0,918571.0,919148.0,919840.0,920403.0,920943.0,921455.0,922029.0,922543.0,923009.0,923633.0,924233.0,924729.0,925102.0,925642.0,926157.0,926669.0,927325.0,927931.0,928590.0,929032.0,929468.0,929966.0,930424.0,930987.0,931571.0,932239.0,932626.0,933192.0,933684.0,934144.0,934628.0,935243.0,935706.0,936185.0,936589.0,937027.0,937453.0,937794.0,938267.0,938688.0,939084.0,939441.0,939914.0,940313.0,940747.0,941136.0,941601.0,941962.0,942430.0,942899.0,943452.0,943973.0,944383.0,944748.0,945179.0,945649.0,946139.0,946664.0,947128.0,947614.0,948048.0,948453.0,949006.0,949601.0,950217.0,950809.0,951376.0,951849.0,952189.0,952654.0,953215.0,953743.0,954314.0,954794.0,955215.0,955598.0,956057.0,956588.0,957079.0,957572.0,958148.0,958537.0,958946.0,959416.0,959939.0,960404.0,960975.0,961633.0,962248.0,962924.0,963527.0,964127.0,964644.0,965208.0,965692.0,966158.0,966651.0,967204.0,967875.0,968483.0,969081.0,969653.0,970087.0,970546.0,970970.0,971411.0,972007.0,972412.0,972959.0,973382.0,973814.0,974391.0,975012.0,975562.0,976128.0,,,,,,,,,981073.0,981530.0,982090.0,982512.0,983095.0,983617.0,984118.0,984503.0,984975.0,985500.0,985951.0,986445.0,986957.0,987458.0,987983.0,988313.0,988740.0,989144.0,989557.0,990026.0,990490.0,990977.0,991344.0,991849.0,992184.0,992708.0,993197.0,993711.0,994256.0,994695.0,995124.0,995619.0,996070.0,996581.0,997090.0,997490.0,997911.0,998389.0,998830.0,999265.0,999788.0,1000381.0,1000799.0,1001236.0,1001658.0,1002092.0,1002580.0,1003077.0,1003453.0,1003853.0,1004233.0,1004699.0,1005110.0,1005550.0,1005925.0,1006336.0,1006669.0,1006972.0,1007394.0,1007798.0,1008255.0,1008590.0,1009003.0,1009291.0,1009604.0,1009970.0,1010333.0,1010754.0,1011037.0,1011363.0,1011650.0,1012002.0,1012368.0,1012748.0,1013105.0,1013459.0,1013817.0,1014187.0,1014474.0,1014790.0,1015156.0,1015489.0,1015887.0,1016218.0,1016570.0,1016774.0,1017083.0,1017386.0,1017712.0,1018015.0,1018414.0,1018751.0,1019041.0,1019333.0,1019655.0,1019984.0,1020275.0,1020582.0,1020907.0,1021170.0,1021409.0,1021755.0,1022068.0,1022376.0,1022628.0,1022945.0,1023248.0,1023528.0,1023822.0,1024101.0,1024468.0,1024877.0,1025234.0,1025622.0,1025937.0,1026199.0,1026508.0,1026954.0,1027426.0,1027851.0,1028240.0,,1029140.0,1029595.0,1029942.0,1030417.0,1030857.0,1031247.0,1031595.0,1031995.0,1032429.0,1032799.0,1033337.0,1033778.0,1034210.0,1034542.0,1034987.0,1035395.0,1035863.0,1036244.0,1036676.0,1037007.0,1037421.0,1037822.0,1038231.0,1038698.0,1039214.0,1039584.0,1040026.0,1040546.0,1041032.0,1041562.0,1042101.0,1042645.0,1043184.0,1043672.0,1044165.0,1044656.0,1045216.0,1045753.0,1046336.0,1046949.0,1047573.0,1048057.0,1048646.0,1049131.0,1049664.0,1050165.0,1050675.0,1051062.0,1051484.0,1051962.0,1052400.0,1052939.0,1053412.0,1053899.0,1054321.0,1054827.0,1055241.0,1055675.0,1056176.0,1056723.0,1057221.0,1057685.0,1058100.0,1058610.0,1059087.0,1059539.0,1059979.0,1060249.0,1060581.0,1060920.0,1061333.0,1061814.0,1062278.0,1062779.0,1063274.0,1063683.0,1064144.0,1064588.0,1065055.0,1065481.0,1065954.0,1066413.0,1066861.0,1067431.0,1067994.0,1068568.0,1069095.0,1069657.0,1070137.0,1070584.0,1071016.0,1071451.0,1071954.0,1072486.0,1073039.0,1073545.0,1073982.0,1074471.0,1075015.0,1075558.0,1076161.0,1076770.0,1077357.0,1077868.0,1078492.0,1079068.0,1079664.0,1080259.0,1080827.0,1081455.0,1081913.0,1082452.0,1083047.0,1083571
nRuPeyZVL6Y,147937.0,147982.0,148017.0,148044.0,148094.0,148126.0,148160.0,148206.0,148243.0,148284.0,148324.0,148358.0,148397.0,148431.0,148470.0,148511.0,148562.0,148606.0,148637.0,148673.0,148709.0,148748.0,148777.0,148813.0,148851.0,148883.0,148908.0,148960.0,149000.0,149042.0,149072.0,149127.0,149160.0,149203.0,149239.0,149282.0,149327.0,149365.0,149404.0,149449.0,149485.0,149527.0,149574.0,149624.0,149674.0,149725.0,149773.0,149808.0,149850.0,149902.0,149949.0,149989.0,150032.0,150077.0,150130.0,150161.0,150207.0,150242.0,150283.0,150329.0,150363.0,150412.0,150461.0,150517.0,150562.0,150603.0,150637.0,150687.0,150727.0,150792.0,150856.0,150884.0,150911.0,150949.0,150969.0,151013.0,151049.0,151090.0,151129.0,151160.0,151200.0,151221.0,151251.0,151281.0,151321.0,151364.0,151409.0,151446.0,151475.0,151516.0,151564.0,151600.0,151647.0,151688.0,151729.0,151767.0,151810.0,151858.0,151906.0,151950.0,151988.0,152013.0,152048.0,152073.0,152099.0,152144.0,152179.0,152206.0,152239.0,152273.0,152313.0,152355.0,152392.0,152439.0,152469.0,152500.0,152530.0,152559.0,152605.0,152646.0,152694.0,152729.0,152765.0,152801.0,152838.0,152889.0,152935.0,152975.0,153000.0,153026.0,153055.0,153096.0,153127.0,153198.0,,,,,,,,,153530.0,153569.0,153611.0,153660.0,153682.0,153711.0,153732.0,153766.0,153793.0,153823.0,153845.0,153873.0,153919.0,153953.0,153990.0,154013.0,154040.0,154078.0,154092.0,154122.0,154145.0,154178.0,154214.0,154243.0,154273.0,154304.0,154339.0,154363.0,154393.0,154427.0,154453.0,154485.0,154523.0,154575.0,154603.0,154631.0,154657.0,154689.0,154716.0,154743.0,154790.0,154824.0,154855.0,154874.0,154904.0,154946.0,154976.0,155008.0,155045.0,155074.0,155109.0,155134.0,155161.0,155182.0,155204.0,155236.0,155265.0,155302.0,155324.0,155353.0,155383.0,155413.0,155438.0,155457.0,155477.0,155503.0,155539.0,155579.0,155625.0,155662.0,155714.0,155745.0,155773.0,155824.0,155860.0,155901.0,155941.0,155982.0,156006.0,156053.0,156091.0,156118.0,156146.0,156178.0,156208.0,156248.0,156292.0,156324.0,156361.0,156395.0,156435.0,156471.0,156501.0,156530.0,156551.0,156601.0,156640.0,156678.0,156724.0,156771.0,156808.0,156840.0,156893.0,156931.0,156979.0,157011.0,157035.0,157078.0,157112.0,157128.0,157163.0,157196.0,157242.0,157262.0,157301.0,157329.0,157352.0,157382.0,157419.0,157451.0,157481.0,,157556.0,157611.0,157651.0,157694.0,157721.0,157768.0,157801.0,157847.0,157875.0,157911.0,157952.0,157985.0,158034.0,158073.0,158126.0,158165.0,158223.0,158266.0,158324.0,158367.0,158406.0,158455.0,158488.0,158541.0,158577.0,158597.0,158622.0,158665.0,158723.0,158770.0,158801.0,158852.0,158904.0,158934.0,158973.0,159013.0,159055.0,159104.0,159147.0,159201.0,159247.0,159302.0,159347.0,159385.0,159431.0,159493.0,159549.0,159596.0,159639.0,159677.0,159743.0,159793.0,159862.0,159905.0,159949.0,159995.0,160041.0,160086.0,160143.0,160209.0,160264.0,160310.0,160357.0,160410.0,160457.0,160517.0,160564.0,160629.0,160662.0,160712.0,160769.0,160825.0,160877.0,160919.0,160954.0,161013.0,161049.0,161109.0,161154.0,161207.0,161256.0,161297.0,161342.0,161408.0,161469.0,161533.0,161595.0,161662.0,161725.0,161771.0,161832.0,161872.0,161951.0,162008.0,162049.0,162100.0,162161.0,162210.0,162263.0,162315.0,162379.0,162416.0,162484.0,162539.0,162592.0,162643.0,162699.0,162750.0,162796.0,162845.0,162895.0,162940.0,162990.0,163041
LCRAaG6ugfk,21368.0,21373.0,21382.0,21396.0,21399.0,21410.0,21418.0,21427.0,21431.0,21443.0,21447.0,21454.0,21459.0,21470.0,21474.0,21480.0,21488.0,21491.0,21500.0,21505.0,21508.0,21512.0,21514.0,21521.0,21525.0,21530.0,21535.0,21545.0,21548.0,21553.0,21557.0,21565.0,21568.0,21573.0,21584.0,21590.0,21593.0,21606.0,21623.0,21633.0,21641.0,21651.0,21664.0,21671.0,21678.0,21680.0,21683.0,21690.0,21701.0,21709.0,21717.0,21727.0,21739.0,21744.0,21746.0,21751.0,21757.0,21766.0,21771.0,21777.0,21782.0,21788.0,21799.0,21809.0,21820.0,21827.0,21833.0,21838.0,21844.0,21850.0,21861.0,21870.0,21873.0,21878.0,21889.0,21894.0,21904.0,21914.0,21924.0,21936.0,21945.0,21962.0,21971.0,21976.0,21982.0,21988.0,21992.0,22006.0,22019.0,22026.0,22032.0,22041.0,22055.0,22057.0,22070.0,22084.0,22098.0,22116.0,22119.0,22127.0,22137.0,22146.0,22150.0,22154.0,22156.0,22164.0,22168.0,22172.0,22179.0,22186.0,22191.0,22195.0,22196.0,22203.0,22206.0,22208.0,22214.0,22225.0,22232.0,22236.0,22248.0,22256.0,22264.0,22276.0,22290.0,22307.0,22317.0,22328.0,22339.0,22353.0,22363.0,22371.0,22376.0,22398.0,,,,,,,,,22500.0,22514.0,22525.0,22531.0,22541.0,22552.0,22559.0,22573.0,22591.0,22603.0,22612.0,22618.0,22637.0,22643.0,22650.0,22661.0,22665.0,22668.0,22675.0,22691.0,22701.0,22709.0,22718.0,22723.0,22736.0,22744.0,22750.0,22759.0,22765.0,22773.0,22784.0,22790.0,22796.0,22802.0,22808.0,22813.0,22818.0,22828.0,22830.0,22837.0,22841.0,22845.0,22852.0,22857.0,22864.0,22868.0,22871.0,22877.0,22879.0,22889.0,22894.0,22898.0,22902.0,22905.0,22910.0,22918.0,22929.0,22931.0,22940.0,22948.0,22951.0,22958.0,22960.0,22963.0,22966.0,22976.0,22979.0,22984.0,22988.0,22995.0,22995.0,23001.0,23001.0,23001.0,23004.0,23012.0,23020.0,23024.0,23027.0,23037.0,23041.0,23044.0,23046.0,23049.0,23050.0,23054.0,23058.0,23061.0,23062.0,23067.0,23070.0,23074.0,23078.0,23086.0,23090.0,23095.0,23096.0,23101.0,23108.0,23112.0,23117.0,23119.0,23123.0,23126.0,23130.0,23134.0,23137.0,23141.0,23145.0,23146.0,23147.0,23148.0,23150.0,23152.0,23156.0,23157.0,23158.0,23164.0,23166.0,23169.0,23177.0,,23181.0,23185.0,23185.0,23188.0,23189.0,23194.0,23194.0,23196.0,23199.0,23201.0,23202.0,23205.0,23210.0,23213.0,23217.0,23218.0,23224.0,23229.0,23235.0,23238.0,23245.0,23253.0,23262.0,23263.0,23269.0,23272.0,23277.0,23279.0,23282.0,23284.0,23284.0,23286.0,23289.0,23290.0,23292.0,23294.0,23305.0,23308.0,23312.0,23316.0,23317.0,23319.0,23319.0,23322.0,23323.0,23328.0,23328.0,23332.0,23337.0,23341.0,23343.0,23349.0,23354.0,23358.0,23360.0,23363.0,23366.0,23368.0,23368.0,23370.0,23371.0,23371.0,23372.0,23374.0,23381.0,23384.0,23385.0,23386.0,23389.0,23390.0,23391.0,23391.0,23393.0,23394.0,23396.0,23398.0,23406.0,23412.0,23415.0,23418.0,23421.0,23422.0,23423.0,23427.0,23427.0,23435.0,23439.0,23441.0,23441.0,23443.0,23447.0,23450.0,23452.0,23454.0,23456.0,23460.0,23463.0,23466.0,23470.0,23472.0,23479.0,23480.0,23487.0,23494.0,23494.0,23495.0,23497.0,23499.0,23500.0,23503.0,23507.0,23511.0,23513.0,23513
8s-ZlKWaa7w,1070236.0,1070456.0,1070682.0,1070868.0,1071097.0,1071320.0,1071539.0,1071831.0,1072063.0,1072335.0,1072560.0,1072819.0,1073171.0,1073427.0,1073671.0,1073962.0,1074241.0,1074480.0,1074719.0,1075031.0,1075288.0,1075583.0,1075870.0,1076105.0,1076330.0,1076621.0,1076874.0,1077215.0,1077588.0,1077960.0,1078322.0,1078626.0,1078961.0,1079274.0,1079600.0,1079934.0,1080267.0,1080573.0,1080860.0,1081234.0,1081524.0,1081843.0,1082172.0,1082502.0,1082885.0,1083214.0,1083584.0,1083834.0,1084124.0,1084406.0,1084705.0,1084981.0,1085331.0,1085620.0,1085897.0,1086165.0,1086451.0,1086771.0,1087037.0,1087268.0,1087502.0,1087847.0,1088172.0,1088477.0,1088794.0,1089034.0,1089242.0,1089506.0,1089762.0,1090064.0,1090354.0,1090640.0,1090867.0,1091114.0,1091406.0,1091688.0,1092052.0,1092309.0,1092643.0,1092930.0,1093174.0,1093430.0,1093751.0,1094054.0,1094341.0,1094640.0,1094911.0,1095158.0,1095434.0,1095741.0,1096059.0,1096347.0,1096684.0,1096926.0,1097158.0,1097399.0,1097678.0,1097943.0,1098261.0,1098545.0,1098857.0,1099090.0,1099393.0,1099618.0,1099934.0,1100214.0,1100465.0,1100723.0,1100983.0,1101275.0,1101491.0,1101770.0,1101978.0,1102215.0,1102473.0,1102690.0,1102939.0,1103133.0,1103343.0,1103617.0,1103860.0,1104114.0,1104383.0,1104663.0,1104946.0,1105225.0,1105543.0,1105808.0,1106034.0,1106226.0,1106533.0,1106765.0,1107090.0,1107384.0,,,,,,,,,1109635.0,1109815.0,1110037.0,1110212.0,1110457.0,1110641.0,1110821.0,1110994.0,1111148.0,1111321.0,1111521.0,1111680.0,1111859.0,1111990.0,1112142.0,1112272.0,1112484.0,1112672.0,1112868.0,1113053.0,1113243.0,1113410.0,1113557.0,1113729.0,1113920.0,1114136.0,1114314.0,1114546.0,1114720.0,1114914.0,1115117.0,1115293.0,1115457.0,1115677.0,1115854.0,1116022.0,1116173.0,1116381.0,1116621.0,1116825.0,1117071.0,1117249.0,1117472.0,1117694.0,1117871.0,1118096.0,1118340.0,1118545.0,1118806.0,1118981.0,1119188.0,1119366.0,1119609.0,1119852.0,1120057.0,1120302.0,1120465.0,1120650.0,1120818.0,1121053.0,1121250.0,1121403.0,1121565.0,1121719.0,1121883.0,1122052.0,1122247.0,1122504.0,1122659.0,1122802.0,1122995.0,1123130.0,1123313.0,1123459.0,1123586.0,1123752.0,1123936.0,1124088.0,1124227.0,1124374.0,1124547.0,1124685.0,1124862.0,1125012.0,1125184.0,1125330.0,1125491.0,1125673.0,1125881.0,1126100.0,1126256.0,1126453.0,1126660.0,1126825.0,1127053.0,1127261.0,1127472.0,1127644.0,1127853.0,1128014.0,1128191.0,1128366.0,1128526.0,1128734.0,1128914.0,1129094.0,1129253.0,1129420.0,1129623.0,1129791.0,1129965.0,1130137.0,1130302.0,1130481.0,1130647.0,1130789.0,1130954.0,1131117.0,1131287.0,1131478.0,1131625.0,,1132004.0,1132183.0,1132353.0,1132555.0,1132766.0,1132931.0,1133159.0,1133375.0,1133595.0,1133838.0,1134098.0,1134333.0,1134510.0,1134797.0,1135074.0,1135360.0,1135664.0,1135988.0,1136283.0,1136651.0,1136948.0,1137251.0,1137501.0,1137757.0,1137970.0,1138168.0,1138346.0,1138552.0,1138826.0,1139078.0,1139389.0,1139699.0,1139988.0,1140191.0,1140454.0,1140777.0,1141099.0,1141351.0,1141599.0,1141867.0,1142106.0,1142393.0,1142622.0,1142923.0,1143144.0,1143421.0,1143699.0,1143940.0,1144147.0,1144379.0,1144598.0,1144810.0,1145060.0,1145227.0,1145411.0,1145601.0,1145837.0,1146067.0,1146297.0,1146485.0,1146677.0,1146854.0,1147046.0,1147512.0,1147834.0,1148125.0,1148339.0,1148515.0,1148698.0,1148908.0,1149107.0,1149372.0,1149648.0,1149903.0,1150066.0,1150234.0,1150498.0,1150796.0,1151073.0,1151373.0,1151730.0,1151956.0,1152108.0,1152346.0,1152588.0,1152864.0,1153132.0,1153369.0,1153610.0,1153801.0,1153993.0,1154172.0,1154389.0,1154598.0,1154801.0,1154974.0,1155181.0,1155353.0,1155521.0,1155689.0,1155858.0,1156059.0,1156210.0,1156356.0,1156505.0,1156778.0,1156992.0,1157200.0,1157426.0,1157591.0,1157780.0,1157998.0,1158175.0,1158376
eWACEO8l9KI,1438119.0,1438225.0,1438348.0,1438482.0,1438646.0,1438749.0,1438899.0,1439016.0,1439182.0,1439288.0,1439458.0,1439602.0,1439739.0,1439912.0,1440076.0,1440235.0,1440385.0,1440554.0,1440685.0,1440816.0,1440939.0,1441054.0,1441184.0,1441322.0,1441449.0,1441581.0,1441701.0,1441795.0,1441928.0,1442039.0,1442139.0,1442245.0,1442353.0,1442461.0,1442591.0,1442729.0,1442833.0,1442933.0,1443039.0,1443133.0,1443218.0,1443331.0,1443506.0,1443611.0,1443711.0,1443818.0,1443942.0,1444050.0,1444152.0,1444264.0,1444387.0,1444506.0,1444584.0,1444691.0,1444796.0,1444894.0,1444991.0,1445105.0,1445179.0,1445289.0,1445418.0,1445534.0,1445637.0,1445771.0,1445909.0,1446016.0,1446131.0,1446235.0,1446324.0,1446462.0,1446584.0,1446691.0,1446853.0,1446971.0,1447130.0,1447241.0,1447393.0,1447519.0,1447663.0,1447902.0,1448216.0,1448525.0,1448699.0,1448849.0,1448953.0,1449052.0,1449185.0,1449304.0,1449412.0,1449491.0,1449571.0,1449692.0,1449796.0,1449907.0,1450023.0,1450123.0,1450256.0,1450363.0,1450444.0,1450549.0,1450653.0,1450763.0,1450894.0,1450975.0,1451079.0,1451191.0,1451293.0,1451399.0,1451488.0,1451573.0,1451650.0,1451763.0,1451849.0,1451949.0,1452044.0,1452149.0,1452240.0,1452332.0,1452432.0,1452514.0,1452614.0,1452706.0,1452817.0,1452907.0,1452984.0,1453089.0,1453181.0,1453276.0,1453393.0,1453484.0,1453560.0,1453632.0,1453690.0,1453759.0,,,,,,,,,1454513.0,1454638.0,1454729.0,1454826.0,1454929.0,1455019.0,1455092.0,1455172.0,1455247.0,1455338.0,1455422.0,1455532.0,1455619.0,1455699.0,1455814.0,1455921.0,1455995.0,1456067.0,1456147.0,1456209.0,1456277.0,1456363.0,1456453.0,1456537.0,1456620.0,1456699.0,1456790.0,1456867.0,1456955.0,1457050.0,1457119.0,1457218.0,1457291.0,1457373.0,1457453.0,1457531.0,1457613.0,1457717.0,1457788.0,1457885.0,1457977.0,1458064.0,1458155.0,1458255.0,1458336.0,1458401.0,1458506.0,1458599.0,1458683.0,1458770.0,1458831.0,1458908.0,1458967.0,1459085.0,1459178.0,1459266.0,1459351.0,1459423.0,1459511.0,1459601.0,1459664.0,1459752.0,1459860.0,1459941.0,1460017.0,1460101.0,1460167.0,1460266.0,1460335.0,1460418.0,1460483.0,1460563.0,1460645.0,1460722.0,1460790.0,1460879.0,1460953.0,1461036.0,1461124.0,1461212.0,1461275.0,1461344.0,1461411.0,1461494.0,1461586.0,1461668.0,1461764.0,1461852.0,1461911.0,1462002.0,1462120.0,1462192.0,1462277.0,1462359.0,1462463.0,1462546.0,1462609.0,1462711.0,1462797.0,1462895.0,1462967.0,1463047.0,1463144.0,1463216.0,1463301.0,1463372.0,1463446.0,1463521.0,1463606.0,1463680.0,1463765.0,1463834.0,1463924.0,1463988.0,1464059.0,1464148.0,1464210.0,1464266.0,1464365.0,1464437.0,1464498.0,,1464642.0,1464745.0,1464804.0,1464857.0,1464930.0,1464991.0,1465053.0,1465117.0,1465212.0,1465282.0,1465347.0,1465426.0,1465494.0,1465583.0,1465652.0,1465736.0,1465804.0,1465897.0,1466009.0,1466102.0,1466170.0,1466268.0,1466347.0,1466408.0,1466477.0,1466560.0,1466635.0,1466686.0,1466753.0,1466834.0,1466899.0,1466959.0,1467040.0,1467115.0,1467189.0,1467273.0,1467349.0,1467432.0,1467515.0,1467582.0,1467654.0,1467726.0,1467812.0,1467907.0,1467967.0,1468042.0,1468118.0,1468202.0,1468278.0,1468348.0,1468435.0,1468790.0,1469351.0,1469642.0,1469925.0,1470165.0,1470383.0,1470513.0,1470631.0,1470749.0,1470847.0,1470945.0,1471023.0,1471105.0,1471178.0,1471274.0,1471371.0,1471482.0,1471621.0,1471728.0,1471824.0,1471927.0,1472015.0,1472100.0,1472177.0,1472272.0,1472370.0,1472484.0,1472579.0,1472686.0,1472800.0,1472929.0,1473048.0,1473151.0,1473275.0,1473343.0,1473446.0,1473545.0,1473695.0,1473804.0,1473893.0,1473984.0,1474065.0,1474147.0,1474228.0,1474312.0,1474391.0,1474475.0,1474564.0,1474656.0,1474751.0,1474814.0,1474915.0,1474980.0,1475052.0,1475117.0,1475191.0,1475280.0,1475362.0,1475431.0,1475505.0,1475591.0,1475664.0,1475730
Sq0Izk-05A4,4401.0,4401.0,4402.0,4402.0,4403.0,4406.0,4407.0,4407.0,4408.0,4408.0,4408.0,4409.0,4409.0,4410.0,4410.0,4410.0,4410.0,4410.0,4410.0,4411.0,4411.0,4412.0,4412.0,4415.0,4415.0,4415.0,4415.0,4415.0,4415.0,4415.0,4416.0,4416.0,4416.0,4416.0,4417.0,4418.0,4417.0,4417.0,4417.0,4417.0,4417.0,4418.0,4419.0,4420.0,4420.0,4420.0,4420.0,4421.0,4421.0,4421.0,4421.0,4421.0,4422.0,4423.0,4423.0,4424.0,4424.0,4425.0,4426.0,4428.0,4429.0,4431.0,4433.0,4435.0,4435.0,4436.0,4437.0,4439.0,4441.0,4442.0,4446.0,4446.0,4446.0,4447.0,4447.0,4451.0,4454.0,4454.0,4456.0,4457.0,4458.0,4459.0,4459.0,4460.0,4460.0,4460.0,4462.0,4462.0,4462.0,4462.0,4463.0,4463.0,4465.0,4465.0,4465.0,4466.0,4466.0,4466.0,4466.0,4466.0,4466.0,4466.0,4466.0,4467.0,4469.0,4469.0,4470.0,4470.0,4470.0,4474.0,4474.0,4474.0,4474.0,4475.0,4475.0,4475.0,4476.0,4477.0,4480.0,4481.0,4485.0,4485.0,4485.0,4485.0,4485.0,4485.0,4485.0,4485.0,4485.0,4485.0,4486.0,4486.0,4486.0,4487.0,,,,,,,,,4492.0,4492.0,4493.0,4497.0,4497.0,4497.0,4497.0,4497.0,4497.0,4497.0,4497.0,4500.0,4501.0,4501.0,4505.0,4506.0,4507.0,4508.0,4508.0,4509.0,4510.0,4513.0,4513.0,4514.0,4514.0,4514.0,4514.0,4514.0,4515.0,4516.0,4517.0,4517.0,4517.0,4518.0,4518.0,4518.0,4519.0,4519.0,4519.0,4520.0,4520.0,4521.0,4522.0,4524.0,4524.0,4524.0,4526.0,4526.0,4526.0,4527.0,4527.0,4528.0,4530.0,4533.0,4533.0,4535.0,4536.0,4539.0,4539.0,4539.0,4540.0,4542.0,4542.0,4542.0,4542.0,4542.0,4542.0,4543.0,4546.0,4546.0,4547.0,4547.0,4547.0,4549.0,4552.0,4555.0,4557.0,4560.0,4562.0,4562.0,4563.0,4563.0,4564.0,4564.0,4565.0,4566.0,4567.0,4569.0,4569.0,4570.0,4570.0,4570.0,4571.0,4574.0,4575.0,4575.0,4576.0,4576.0,4578.0,4579.0,4581.0,4586.0,4587.0,4590.0,4591.0,4592.0,4592.0,4594.0,4596.0,4598.0,4601.0,4601.0,4601.0,4602.0,4602.0,4605.0,4606.0,4609.0,4611.0,4610.0,4612.0,,4613.0,4615.0,4617.0,4618.0,4619.0,4621.0,4621.0,4622.0,4623.0,4624.0,4626.0,4626.0,4626.0,4630.0,4634.0,4636.0,4637.0,4638.0,4638.0,4638.0,4638.0,4641.0,4642.0,4644.0,4644.0,4644.0,4647.0,4647.0,4647.0,4648.0,4649.0,4653.0,4654.0,4656.0,4657.0,4658.0,4658.0,4658.0,4659.0,4659.0,4660.0,4661.0,4661.0,4662.0,4663.0,4664.0,4664.0,4665.0,4664.0,4665.0,4667.0,4667.0,4669.0,4670.0,4672.0,4672.0,4672.0,4675.0,4676.0,4677.0,4677.0,4677.0,4678.0,4678.0,4679.0,4679.0,4679.0,4679.0,4679.0,4680.0,4681.0,4684.0,4684.0,4689.0,4691.0,4691.0,4694.0,4696.0,4696.0,4697.0,4697.0,4699.0,4699.0,4699.0,4700.0,4701.0,4701.0,4701.0,4701.0,4703.0,4703.0,4704.0,4706.0,4708.0,4710.0,4710.0,4710.0,4712.0,4713.0,4714.0,4714.0,4718.0,4719.0,4720.0,4721.0,4721.0,4722.0,4722.0,4723.0,4725.0,4728.0,4729.0,4729.0,4729
wM0hX-wLPJg,32534.0,32573.0,32619.0,32653.0,32675.0,32708.0,32760.0,32799.0,32835.0,32878.0,32912.0,32940.0,32984.0,33023.0,33061.0,33099.0,33133.0,33159.0,33190.0,33217.0,33252.0,33283.0,33323.0,33355.0,33373.0,33401.0,33430.0,33472.0,33514.0,33555.0,33593.0,33633.0,33675.0,33712.0,33757.0,33781.0,33824.0,33872.0,33895.0,33937.0,33979.0,34029.0,34081.0,34132.0,34170.0,34215.0,34252.0,34304.0,34355.0,34411.0,34466.0,34495.0,34532.0,34575.0,34634.0,34693.0,34766.0,34824.0,34876.0,34924.0,34999.0,35050.0,35101.0,35157.0,35217.0,35263.0,35297.0,35355.0,35391.0,35466.0,35503.0,35551.0,35595.0,35633.0,35674.0,35731.0,35778.0,35841.0,35905.0,35945.0,35979.0,36031.0,36076.0,36119.0,36158.0,36199.0,36227.0,36250.0,36286.0,36318.0,36354.0,36394.0,36436.0,36483.0,36515.0,36543.0,36581.0,36623.0,36658.0,36706.0,36746.0,36773.0,36816.0,36854.0,36905.0,36943.0,36991.0,37022.0,37051.0,37095.0,37146.0,37202.0,37256.0,37306.0,37356.0,37392.0,37466.0,37522.0,37579.0,37628.0,37670.0,37723.0,37771.0,37811.0,37875.0,37925.0,37969.0,38024.0,38078.0,38109.0,38137.0,38182.0,38223.0,38274.0,,,,,,,,,38769.0,38863.0,38970.0,39085.0,39217.0,39357.0,39452.0,39517.0,39611.0,39658.0,39691.0,39745.0,39796.0,39839.0,39884.0,39919.0,39948.0,39969.0,39991.0,40023.0,40062.0,40104.0,40132.0,40188.0,40239.0,40297.0,40338.0,40385.0,40431.0,40464.0,40516.0,40552.0,40594.0,40652.0,40699.0,40737.0,40766.0,40822.0,40866.0,40905.0,40937.0,40972.0,41011.0,41037.0,41078.0,41139.0,41186.0,41237.0,41269.0,41311.0,41352.0,41398.0,41445.0,41481.0,41527.0,41584.0,41622.0,41642.0,41680.0,41711.0,41752.0,41781.0,41806.0,41829.0,41860.0,41906.0,41943.0,41985.0,42007.0,42043.0,42070.0,42098.0,42134.0,42169.0,42213.0,42257.0,42296.0,42333.0,42365.0,42398.0,42453.0,42510.0,42549.0,42597.0,42635.0,42663.0,42692.0,42738.0,42774.0,42818.0,42853.0,42876.0,42908.0,42938.0,42975.0,43021.0,43062.0,43100.0,43146.0,43166.0,43202.0,43231.0,43261.0,43302.0,43338.0,43367.0,43393.0,43420.0,43450.0,43475.0,43500.0,43532.0,43562.0,43589.0,43613.0,43639.0,43672.0,43697.0,43713.0,43732.0,43747.0,,43816.0,43836.0,43871.0,43899.0,43917.0,43937.0,43957.0,43988.0,44013.0,44041.0,44063.0,44089.0,44100.0,44120.0,44145.0,44168.0,44191.0,44228.0,44250.0,44268.0,44285.0,44306.0,44327.0,44355.0,44373.0,44402.0,44421.0,44448.0,44474.0,44500.0,44536.0,44562.0,44587.0,44609.0,44631.0,44653.0,44683.0,44718.0,44740.0,44752.0,44814.0,44842.0,44876.0,44918.0,44948.0,44982.0,45037.0,45077.0,45138.0,45213.0,45262.0,45322.0,45398.0,45458.0,45500.0,45542.0,45599.0,45653.0,45697.0,45744.0,45785.0,45814.0,45841.0,45873.0,45916.0,45976.0,46052.0,46104.0,46146.0,46186.0,46237.0,46306.0,46428.0,46486.0,46544.0,46596.0,46699.0,46828.0,46940.0,47015.0,47125.0,47245.0,47342.0,47408.0,47492.0,47573.0,47631.0,47707.0,47783.0,47821.0,47870.0,47923.0,48000.0,48089.0,48172.0,48237.0,48286.0,48347.0,48433.0,48512.0,48571.0,48637.0,48685.0,48743.0,48803.0,48875.0,48951.0,49012.0,49084.0,49139.0,49195.0,49254.0,49330.0,49393
lD-GY7WiTd4,3481069.0,3483154.0,3485664.0,3488150.0,3490730.0,3493104.0,3495292.0,3497603.0,3499885.0,3502258.0,3504693.0,3506964.0,3509379.0,3511644.0,3514021.0,3516278.0,3518992.0,3521512.0,3523756.0,3526090.0,3528397.0,3530989.0,3533218.0,3535644.0,3537602.0,3539601.0,3541472.0,3543363.0,3545310.0,3547398.0,3549203.0,3550980.0,3552815.0,3554766.0,3556756.0,3558678.0,3560861.0,3562687.0,3564396.0,3566167.0,3567915.0,3569671.0,3571435.0,3573411.0,3575149.0,3576886.0,3578387.0,3580056.0,3581723.0,3583494.0,3585054.0,3586818.0,3588510.0,3590451.0,3592458.0,3594328.0,3596250.0,3598152.0,3600134.0,3601978.0,3603518.0,3605332.0,3607076.0,3609022.0,3611025.0,3612688.0,3614301.0,3615805.0,3617172.0,3618852.0,3620311.0,3621758.0,3623181.0,3624523.0,3626015.0,3627588.0,3629546.0,3631548.0,3633572.0,3635244.0,3637031.0,3638859.0,3640662.0,3642523.0,3644280.0,3646349.0,3648323.0,3650322.0,3652742.0,3654956.0,3656835.0,3658673.0,3660617.0,3662508.0,3664318.0,3666172.0,3667896.0,3669605.0,3671393.0,3673157.0,3674832.0,3676573.0,3678469.0,3680273.0,3682179.0,3684249.0,3686287.0,3688119.0,3689725.0,3691518.0,3693437.0,3695488.0,3697413.0,3699286.0,3701098.0,3702724.0,3704504.0,3706516.0,3708414.0,3710878.0,3713442.0,3715842.0,3717993.0,3720055.0,3722138.0,3724314.0,3726530.0,3728746.0,3730418.0,3732094.0,3733756.0,3735451.0,3737142.0,3738940.0,,,,,,,,,3754863.0,3756443.0,3758007.0,3759782.0,3761634.0,3763454.0,3765493.0,3767140.0,3769145.0,3770916.0,3772706.0,3774509.0,3776391.0,3778309.0,3780130.0,3781987.0,3784070.0,3786107.0,3788218.0,3790219.0,3792134.0,3794119.0,3795995.0,3797815.0,3799762.0,3801730.0,3803442.0,3805272.0,3807156.0,3809021.0,3810745.0,3812674.0,3814724.0,3816627.0,3818575.0,3820553.0,3822411.0,3824360.0,3826345.0,3828253.0,3830205.0,3832133.0,3833950.0,3835642.0,3837363.0,3839276.0,3841116.0,3842953.0,3844760.0,3846512.0,3847964.0,3849586.0,3851259.0,3853042.0,3854719.0,3856532.0,3858202.0,3859827.0,3861440.0,3863211.0,3864827.0,3866390.0,3867961.0,3869412.0,3870953.0,3872449.0,3873869.0,3875156.0,3876221.0,3877472.0,3878743.0,3879952.0,3881373.0,3882895.0,3884560.0,3886036.0,3887594.0,3889025.0,3890446.0,3891862.0,3893351.0,3894670.0,3896272.0,3898406.0,3900470.0,3902430.0,3904285.0,3906313.0,3908202.0,3909954.0,3911563.0,3913017.0,3914396.0,3915891.0,3917344.0,3918855.0,3920555.0,3922292.0,3923840.0,3925217.0,3926699.0,3928232.0,3930052.0,3931701.0,3933304.0,3934943.0,3936412.0,3938055.0,3939604.0,3941199.0,3942685.0,3944080.0,3945753.0,3947111.0,3948379.0,3949739.0,3951087.0,3952337.0,3953714.0,3954979.0,3956172.0,,3958816.0,3960079.0,3961463.0,3962762.0,3963947.0,3965061.0,3966475.0,3967661.0,3968959.0,3970223.0,3971428.0,3972589.0,3973744.0,3975020.0,3976318.0,3977794.0,3979201.0,3980547.0,3981891.0,3983075.0,3984340.0,3985611.0,3986999.0,3988193.0,3989396.0,3990356.0,3991527.0,3992788.0,3994050.0,3995341.0,3996642.0,3997868.0,3998981.0,3999964.0,4001131.0,4002378.0,4003629.0,4004900.0,4006248.0,4007351.0,4008491.0,4009691.0,4010869.0,4012057.0,4013432.0,4014828.0,4016522.0,4018120.0,4019827.0,4021407.0,4022960.0,4024458.0,4025899.0,4027312.0,4028744.0,4030155.0,4031614.0,4033261.0,4034697.0,4036241.0,4037705.0,4039049.0,4040665.0,4042241.0,4043926.0,4045659.0,4047239.0,4048901.0,4050581.0,4052113.0,4053663.0,4055122.0,4056752.0,4058410.0,4060010.0,4061478.0,4063033.0,4064607.0,4066169.0,4067644.0,4069198.0,4070899.0,4072185.0,4073514.0,4074948.0,4076330.0,4077802.0,4079360.0,4080665.0,4081901.0,4083210.0,4084501.0,4085871.0,4087198.0,4088458.0,4089959.0,4091210.0,4092415.0,4093666.0,4095002.0,4096365.0,4097848.0,4099167.0,4100416.0,4101686.0,4103003.0,4104334.0,4105764.0,4107217.0,4108515.0,4109838.0,4111151.0,4112503.0,4113840
woKq2sD8xho,119230950.0,119260786.0,119293799.0,119326626.0,119359333.0,119390654.0,119419712.0,119452187.0,119485545.0,119519094.0,119549284.0,119577594.0,119607837.0,119639515.0,119671940.0,119703808.0,119739370.0,119773912.0,119807891.0,119840852.0,119875566.0,119909407.0,119944381.0,119986729.0,120026731.0,120063812.0,120100905.0,120135621.0,120172188.0,120212802.0,120251707.0,120285388.0,120318796.0,120357330.0,120394951.0,120434223.0,120493546.0,120562315.0,120616143.0,120659642.0,120701616.0,120739276.0,120781244.0,120826649.0,120870542.0,120913161.0,120954079.0,120991815.0,121026911.0,121063513.0,121098974.0,121135956.0,121176901.0,121213925.0,121241979.0,121273688.0,121305370.0,121338143.0,121372121.0,121405555.0,121434837.0,121470533.0,121506483.0,121539836.0,121572405.0,121607241.0,121641172.0,121673988.0,121701121.0,121740637.0,121770579.0,121798659.0,121829642.0,121863886.0,121892761.0,121921604.0,121952621.0,121982075.0,122013203.0,122044239.0,122073798.0,122102537.0,122131200.0,122161088.0,122191922.0,122222404.0,122253245.0,122281723.0,122310345.0,122337378.0,122364047.0,122391970.0,122422442.0,122450850.0,122479556.0,122505635.0,122529938.0,122555073.0,122581519.0,122612952.0,122646759.0,122677773.0,122705278.0,122732015.0,122758334.0,122785577.0,122812081.0,122839079.0,122867569.0,122895683.0,122921722.0,122947817.0,122974087.0,123000123.0,123029044.0,123058099.0,123083068.0,123106879.0,123130672.0,123156358.0,123184157.0,123212542.0,123241841.0,123267822.0,123294344.0,123323046.0,123351666.0,123385409.0,123419898.0,123453219.0,123485167.0,123516674.0,123546858.0,123573566.0,,,,,,,,,123845508.0,123877602.0,123906159.0,123935486.0,123962656.0,123991454.0,124016870.0,124041842.0,124068164.0,124092058.0,124116254.0,124140735.0,124165941.0,124191747.0,124217900.0,124245255.0,124269846.0,124293511.0,124314781.0,124336368.0,124362141.0,124390428.0,124417780.0,124443884.0,124469690.0,124495494.0,124521772.0,124551087.0,124582875.0,124614406.0,124643951.0,124673232.0,124701127.0,124730381.0,124759743.0,124784592.0,124808717.0,124829152.0,124851317.0,124873085.0,124894261.0,124915637.0,124937732.0,124958921.0,124979090.0,124998585.0,125018537.0,125039307.0,125059713.0,125081045.0,125101519.0,125120342.0,125139723.0,125159353.0,125178821.0,125198987.0,125219033.0,125238280.0,125257488.0,125278587.0,125300144.0,125318774.0,125334913.0,125353265.0,125371004.0,125389300.0,125408503.0,125427136.0,125444429.0,125459769.0,125478209.0,125495543.0,125512736.0,125531167.0,125549408.0,125567699.0,125588313.0,125609184.0,125629529.0,125647823.0,125666823.0,125685116.0,125706181.0,125747763.0,125781349.0,125808286.0,125831250.0,125854588.0,125877060.0,125899459.0,125921211.0,125944221.0,125965549.0,125986337.0,126006046.0,126025774.0,126046036.0,126066287.0,126087222.0,126107023.0,126125589.0,126144123.0,126164806.0,126184869.0,126204309.0,126224027.0,126244000.0,126262531.0,126281888.0,126301186.0,126319823.0,126338413.0,126356905.0,126374614.0,126391213.0,126407679.0,126423079.0,126435789.0,126448123.0,126460173.0,126472398.0,,126496371.0,126508519.0,126520868.0,126532801.0,126545545.0,126557842.0,126568892.0,126579828.0,126591208.0,126602539.0,126613813.0,126625733.0,126637633.0,126648358.0,126659342.0,126672370.0,126686765.0,126701902.0,126718054.0,126734681.0,126749547.0,126764203.0,126778678.0,126793273.0,126807370.0,126822253.0,126837180.0,126852637.0,126869381.0,126885117.0,126900802.0,126917145.0,126932640.0,126947651.0,126962228.0,126976839.0,126991745.0,127007274.0,127023086.0,127038181.0,127053238.0,127068881.0,127084977.0,127101110.0,127116819.0,127133199.0,127150418.0,127167129.0,127181713.0,127195632.0,127209671.0,127223903.0,127237723.0,127251950.0,127266612.0,127280575.0,127294288.0,127308189.0,127322506.0,127338151.0,127354218.0,127370530.0,127385909.0,127400644.0,127416231.0,127431383.0,127447939.0,127464317.0,127480548.0,127496369.0,127511982.0,127526323.0,127540976.0,127556661.0,127572734.0,127588867.0,127604478.0,127620787.0,127636692.0,127652853.0,127669042.0,127685432.0,127700990.0,127716181.0,127731632.0,127746948.0,127762109.0,127778085.0,127794275.0,127810663.0,127826322.0,127841322.0,127856339.0,127871004.0,127885827.0,127902263.0,127917417.0,127931764.0,127945464.0,127959553.0,127973947.0,127989321.0,128004910.0,128019882.0,128034115.0,128048022.0,128061768.0,128077005.0,128092120.0,128107657.0,128124208.0,128139155.0,128154055.0,128169682
woKq2sD8xho,119230950.0,119260786.0,119293799.0,119326626.0,119359333.0,119390654.0,119419712.0,119452187.0,119485545.0,119519094.0,119549284.0,119577594.0,119607837.0,119639515.0,119671940.0,119703808.0,119739370.0,119773912.0,119807891.0,119840852.0,119875566.0,119909407.0,119944381.0,119986729.0,120026731.0,120063812.0,120100905.0,120135621.0,120172188.0,120212802.0,120251493.0,120285388.0,120318796.0,120357330.0,120394951.0,120434223.0,120493546.0,120562315.0,120616143.0,120659642.0,120701616.0,120739276.0,120781244.0,120826649.0,120870542.0,120913161.0,120954079.0,120991815.0,121026911.0,121063513.0,121098974.0,121135956.0,121176901.0,121213925.0,121241979.0,121273688.0,121305370.0,121338143.0,121372121.0,121405555.0,121434837.0,121470533.0,121506483.0,121539836.0,121572405.0,121607241.0,121641172.0,121673988.0,121701121.0,121740637.0,121770579.0,121798659.0,121829642.0,121863886.0,121892761.0,121921604.0,121952621.0,121982075.0,122013203.0,122044239.0,122073798.0,122102537.0,122131200.0,122161088.0,122191922.0,122222404.0,122253245.0,122281723.0,122310345.0,122337378.0,122364047.0,122391970.0,122422442.0,122450850.0,122479556.0,122505635.0,122529938.0,122555073.0,122581519.0,122612952.0,122646759.0,122677773.0,122705278.0,122732015.0,122758334.0,122785577.0,122812081.0,122839079.0,122867569.0,122895683.0,122921722.0,122947817.0,122974087.0,123000123.0,123029044.0,123058099.0,123083068.0,123106879.0,123130672.0,123156358.0,123184157.0,123212542.0,123241841.0,123267822.0,123294344.0,123323046.0,123351666.0,123385409.0,123419898.0,123453219.0,123485167.0,123516674.0,123546858.0,123573566.0,,,,,,,,,123845508.0,123877602.0,123906159.0,123935486.0,123962656.0,123991454.0,124016870.0,124041842.0,124068164.0,124092058.0,124116254.0,124140735.0,124165941.0,124191747.0,124217900.0,124245255.0,124269846.0,124293511.0,124314781.0,124336368.0,124362141.0,124390428.0,124417780.0,124443884.0,124469690.0,124495494.0,124521772.0,124551087.0,124582875.0,124614406.0,124643951.0,124673232.0,124701127.0,124730381.0,124759743.0,124784592.0,124808717.0,124829152.0,124851317.0,124873085.0,124894261.0,124915637.0,124937732.0,124958921.0,124979090.0,124998585.0,125018537.0,125039307.0,125059713.0,125081045.0,125101519.0,125120342.0,125139723.0,125159353.0,125178821.0,125198987.0,125219033.0,125238280.0,125257488.0,125278587.0,125300144.0,125318774.0,125334913.0,125353265.0,125371004.0,125389300.0,125408503.0,125427136.0,125444429.0,125459769.0,125478209.0,125495543.0,125512736.0,125531167.0,125549408.0,125567699.0,125588313.0,125609184.0,125629529.0,125647823.0,125666823.0,125685116.0,125706181.0,125747763.0,125781349.0,125808286.0,125831250.0,125854588.0,125877060.0,125899459.0,125921211.0,125944221.0,125965549.0,125986337.0,126006046.0,126025774.0,126046036.0,126066287.0,126087222.0,126107023.0,126125589.0,126144123.0,126164806.0,126184869.0,126204309.0,126224027.0,126244000.0,126262531.0,126281888.0,126301186.0,126319823.0,126338413.0,126356905.0,126374614.0,126391213.0,126407679.0,126423079.0,126435789.0,126448123.0,126460173.0,126472398.0,,126496371.0,126508519.0,126520868.0,126532801.0,126545545.0,126557842.0,126568892.0,126579828.0,126591208.0,126602539.0,126613813.0,126625733.0,126637633.0,126648358.0,126659342.0,126672370.0,126686765.0,126701902.0,126718054.0,126734681.0,126749547.0,126764203.0,126778678.0,126793273.0,126807370.0,126822253.0,126837180.0,126852637.0,126869381.0,126885117.0,126900802.0,126917145.0,126932640.0,126947651.0,126962228.0,126976839.0,126991745.0,127007274.0,127023086.0,127038181.0,127053291.0,127068881.0,127084977.0,127101110.0,127116819.0,127133199.0,127150418.0,127167129.0,127181713.0,127195632.0,127209671.0,127223903.0,127237723.0,127251950.0,127266612.0,127280575.0,127294288.0,127308189.0,127322506.0,127338151.0,127354218.0,127370530.0,127385909.0,127400644.0,127416231.0,127431383.0,127447939.0,127464317.0,127480548.0,127496369.0,127511982.0,127526323.0,127540976.0,127556661.0,127572734.0,127588867.0,127604478.0,127620787.0,127636692.0,127652853.0,127669042.0,127685432.0,127700990.0,127716181.0,127731632.0,127746948.0,127762109.0,127778085.0,127794275.0,127810663.0,127826322.0,127841322.0,127856339.0,127871004.0,127885827.0,127902263.0,127917417.0,127931764.0,127945464.0,127959553.0,127973947.0,127989321.0,128004910.0,128019882.0,128034115.0,128048022.0,128061768.0,128077005.0,128092120.0,128107657.0,128124208.0,128139155.0,128154055.0,128169682
2zXg8CbymYc,27345570.0,27351141.0,27357060.0,27362640.0,27369100.0,27375709.0,27381549.0,27387390.0,27394880.0,27404063.0,27410551.0,27416170.0,27421931.0,27428434.0,27435021.0,27441841.0,27448435.0,27454530.0,27461848.0,27470485.0,27479343.0,27488574.0,27498489.0,27507084.0,27515297.0,27523075.0,27531281.0,27539356.0,27546954.0,27554159.0,27561294.0,27567375.0,27573810.0,27580773.0,27588465.0,27596490.0,27603972.0,27611298.0,27618985.0,27625784.0,27632409.0,27639240.0,27646048.0,27652998.0,27659538.0,27665928.0,27672376.0,27679761.0,27686857.0,27693641.0,27700350.0,27707580.0,27714285.0,27720798.0,27727379.0,27733936.0,27740545.0,27747866.0,27754987.0,27761640.0,27767113.0,27773946.0,27780842.0,27787714.0,27793534.0,27798828.0,27804769.0,27810033.0,27815466.0,27822391.0,27828377.0,27834148.0,27839920.0,27846069.0,27852465.0,27860872.0,27869214.0,27877326.0,27886122.0,27893553.0,27901245.0,27908562.0,27916523.0,27924044.0,27931052.0,27938126.0,27944590.0,27950857.0,27958055.0,27967559.0,27975549.0,27982905.0,27990054.0,27997071.0,28004125.0,28010790.0,28017790.0,28025665.0,28033303.0,28040262.0,28046984.0,28053233.0,28059601.0,28066078.0,28072674.0,28079378.0,28085764.0,28091989.0,28098046.0,28104073.0,28110178.0,28116384.0,28122032.0,28127605.0,28133592.0,28139671.0,28145412.0,28151453.0,28157116.0,28162332.0,28167775.0,28173774.0,28179153.0,28183968.0,28189123.0,28194235.0,28199426.0,28205033.0,28210098.0,28215055.0,28219913.0,28225003.0,28230457.0,28235569.0,,,,,,,,,28279565.0,28283815.0,28288058.0,28292336.0,28296482.0,28300835.0,28305172.0,28309292.0,28313561.0,28317652.0,28321934.0,28326062.0,28330491.0,28334915.0,28339140.0,28343388.0,28347804.0,28352527.0,28357168.0,28362052.0,28367642.0,28374273.0,28380107.0,28385689.0,28391382.0,28396840.0,28402268.0,28407632.0,28412830.0,28417748.0,28422651.0,28427633.0,28432684.0,28437868.0,28442747.0,28447615.0,28452326.0,28457162.0,28462493.0,28467788.0,28473045.0,28478224.0,28483197.0,28488163.0,28493441.0,28498774.0,28504051.0,28509437.0,28514731.0,28519821.0,28524786.0,28529979.0,28535128.0,28540552.0,28545982.0,28551228.0,28556192.0,28561254.0,28566042.0,28571406.0,28577157.0,28582232.0,28586531.0,28591334.0,28595925.0,28600818.0,28605892.0,28611065.0,28615872.0,28619897.0,28624926.0,28629691.0,28634691.0,28640205.0,28645994.0,28651591.0,28657238.0,28662478.0,28667886.0,28673178.0,28678729.0,28683878.0,28689634.0,28695349.0,28700308.0,28705183.0,28710236.0,28715754.0,28720919.0,28725987.0,28731065.0,28735967.0,28740732.0,28745634.0,28750503.0,28755348.0,28760339.0,28765340.0,28770625.0,28775530.0,28780099.0,28784784.0,28789395.0,28793845.0,28799160.0,28804477.0,28809296.0,28814166.0,28819049.0,28823777.0,28828556.0,28833329.0,28837840.0,28842196.0,28846610.0,28851368.0,28855555.0,28859742.0,28863972.0,28867994.0,28871876.0,,28879803.0,28884135.0,28888510.0,28892461.0,28896720.0,28900557.0,28904717.0,28908822.0,28913055.0,28917125.0,28921431.0,28925514.0,28929533.0,28933737.0,28937830.0,28942156.0,28946313.0,28950663.0,28954885.0,28959058.0,28963427.0,28967762.0,28972105.0,28976445.0,28980581.0,28984545.0,28988191.0,28992193.0,28996153.0,29000052.0,29003940.0,29008135.0,29012137.0,29015944.0,29019987.0,29024119.0,29028314.0,29032656.0,29037118.0,29041851.0,29046401.0,29050760.0,29055383.0,29059814.0,29064146.0,29068471.0,29072430.0,29076170.0,29080054.0,29084089.0,29088327.0,29092595.0,29096981.0,29101039.0,29104822.0,29108793.0,29112735.0,29116830.0,29120894.0,29125027.0,29128923.0,29132723.0,29136532.0,29140539.0,29144815.0,29148977.0,29152777.0,29156333.0,29160005.0,29163741.0,29167487.0,29171126.0,29174708.0,29178536.0,29182259.0,29185861.0,29189568.0,29193350.0,29197124.0,29201157.0,29205409.0,29209554.0,29213348.0,29217167.0,29221160.0,29225381.0,29229757.0,29234512.0,29238629.0,29242574.0,29246526.0,29250561.0,29254676.0,29258670.0,29262793.0,29266771.0,29270527.0,29274404.0,29278668.0,29283297.0,29288016.0,29292806.0,29297371.0,29301779.0,29306051.0,29310574.0,29314971.0,29319485.0,29323610.0,29327891.0,29331930.0,29335917.0,29340134.0,29344233
VJnCoxB4Su4,126586.0,126661.0,126736.0,126782.0,126843.0,126901.0,126974.0,127051.0,127116.0,127193.0,127277.0,127658.0,128104.0,128574.0,128894.0,129217.0,129477.0,129711.0,129949.0,130253.0,130616.0,131058.0,131353.0,131447.0,131633.0,131976.0,132317.0,132709.0,133077.0,133417.0,133785.0,134007.0,134239.0,134492.0,134721.0,134981.0,135256.0,135553.0,135778.0,135993.0,136278.0,136533.0,136734.0,136975.0,137213.0,137387.0,137588.0,137782.0,138001.0,138194.0,138352.0,138481.0,138610.0,138749.0,138859.0,138980.0,139082.0,139185.0,139306.0,139412.0,139513.0,139635.0,139772.0,139901.0,140031.0,140164.0,140258.0,140359.0,140499.0,140634.0,140760.0,140899.0,141020.0,141099.0,141179.0,141282.0,141411.0,141550.0,141708.0,141828.0,141946.0,142037.0,142128.0,142262.0,142432.0,142565.0,142665.0,142802.0,142889.0,143001.0,143088.0,143210.0,143354.0,143516.0,143638.0,143752.0,143879.0,144023.0,144150.0,144311.0,144483.0,144594.0,144710.0,144842.0,144974.0,145112.0,145256.0,145405.0,145512.0,145595.0,145703.0,145812.0,145942.0,146071.0,146166.0,146253.0,146361.0,146457.0,146536.0,146633.0,146754.0,146850.0,146934.0,147044.0,147163.0,147278.0,147416.0,147541.0,147724.0,147946.0,148091.0,148214.0,148315.0,148435.0,,,,,,,,,149603.0,149744.0,149879.0,150038.0,150252.0,150408.0,150509.0,150614.0,150707.0,150807.0,150922.0,151072.0,151243.0,151444.0,151609.0,151737.0,151846.0,151975.0,152141.0,152454.0,152732.0,152899.0,153069.0,153224.0,153445.0,153594.0,153788.0,153977.0,154135.0,154247.0,154368.0,154508.0,154635.0,154745.0,154880.0,154997.0,155115.0,155230.0,155363.0,155459.0,155601.0,155808.0,155945.0,156075.0,156217.0,156363.0,156505.0,156633.0,156818.0,156978.0,157104.0,157235.0,157382.0,157573.0,157704.0,157822.0,157972.0,158100.0,158206.0,158327.0,158457.0,158569.0,158644.0,158772.0,158880.0,158983.0,159091.0,159205.0,159335.0,159432.0,159532.0,159637.0,159744.0,159876.0,160028.0,160184.0,160358.0,160518.0,160648.0,160801.0,160983.0,161136.0,161308.0,161503.0,161704.0,161830.0,161948.0,162147.0,162304.0,162484.0,162623.0,162745.0,162871.0,162990.0,163162.0,163296.0,163465.0,163633.0,163861.0,164014.0,164157.0,164305.0,164478.0,164669.0,164875.0,165009.0,165127.0,165260.0,165427.0,165558.0,165743.0,165908.0,166061.0,166181.0,166303.0,166443.0,166591.0,166714.0,166834.0,166954.0,167029.0,,167242.0,167371.0,167520.0,167676.0,167797.0,167893.0,167997.0,168116.0,168235.0,168360.0,168460.0,168559.0,168659.0,168754.0,168900.0,169021.0,169133.0,169271.0,169411.0,169505.0,169584.0,169730.0,169855.0,169969.0,170104.0,170213.0,170324.0,170435.0,170568.0,170706.0,170837.0,170967.0,171085.0,171160.0,171227.0,171330.0,171440.0,171570.0,171676.0,171770.0,171880.0,171982.0,172125.0,172218.0,172339.0,172518.0,172749.0,172921.0,173141.0,173389.0,173665.0,173885.0,174068.0,174259.0,174420.0,174594.0,174778.0,174933.0,175095.0,175255.0,175439.0,175582.0,175713.0,175887.0,176125.0,176359.0,176785.0,177121.0,177411.0,177685.0,178060.0,178340.0,178751.0,179130.0,179414.0,179730.0,180018.0,180330.0,180636.0,180848.0,181064.0,181262.0,181382.0,181471.0,181569.0,181698.0,181809.0,181911.0,182032.0,182183.0,182290.0,182406.0,182562.0,182729.0,182890.0,183015.0,183136.0,183263.0,183385.0,183525.0,183662.0,183788.0,183916.0,184025.0,184127.0,184246.0,184394.0,184515.0,184602.0,184724.0,184806.0,184907.0,184993.0,185134
QDQI2U8JcAU,281532.0,281621.0,281699.0,281785.0,281872.0,281977.0,282086.0,282275.0,282401.0,282497.0,282587.0,282682.0,282781.0,282872.0,282980.0,283107.0,283214.0,283292.0,283397.0,283493.0,283586.0,283700.0,283814.0,283909.0,284009.0,284100.0,284212.0,284317.0,284438.0,284542.0,284650.0,284756.0,284853.0,284966.0,285082.0,285208.0,285310.0,285434.0,285535.0,285656.0,285798.0,285912.0,286029.0,286151.0,286257.0,286339.0,286448.0,286565.0,286648.0,286742.0,286865.0,286961.0,287040.0,287152.0,287261.0,287357.0,287461.0,287571.0,287701.0,287830.0,287918.0,288060.0,288164.0,288313.0,288386.0,288525.0,288643.0,288751.0,288908.0,289104.0,289230.0,289346.0,289472.0,289563.0,289652.0,289762.0,289874.0,289990.0,290137.0,290241.0,290334.0,290433.0,290546.0,290680.0,290816.0,290930.0,291027.0,291125.0,291212.0,291324.0,291449.0,291561.0,291668.0,291759.0,291853.0,291960.0,292072.0,292154.0,292310.0,292338.0,292430.0,292588.0,292724.0,292829.0,292913.0,293039.0,293110.0,293206.0,293298.0,293378.0,293536.0,293682.0,293837.0,293953.0,294089.0,294200.0,294312.0,294475.0,294573.0,294672.0,294769.0,294852.0,294937.0,295019.0,295094.0,295181.0,295285.0,295390.0,295483.0,295568.0,295645.0,295743.0,295848.0,295956.0,,,,,,,,,296888.0,296963.0,297046.0,297147.0,297246.0,297348.0,297457.0,297525.0,297615.0,297707.0,297783.0,297871.0,297964.0,298040.0,298126.0,298207.0,298299.0,298403.0,298505.0,298617.0,298715.0,298799.0,298883.0,298952.0,299064.0,299165.0,299252.0,299351.0,299438.0,299541.0,299626.0,299717.0,299814.0,299892.0,299976.0,300049.0,300136.0,300231.0,300306.0,300410.0,300509.0,300619.0,300702.0,300794.0,300858.0,300998.0,301060.0,301198.0,301292.0,301380.0,301449.0,301530.0,301623.0,301728.0,301807.0,301904.0,302006.0,302086.0,302205.0,302323.0,302417.0,302475.0,302545.0,302616.0,302701.0,302783.0,302876.0,302961.0,303026.0,303102.0,303207.0,303296.0,303430.0,303529.0,303629.0,303725.0,303830.0,303924.0,303999.0,304094.0,304180.0,304284.0,304386.0,304477.0,304579.0,304675.0,304780.0,304900.0,304977.0,305108.0,305220.0,305316.0,305434.0,305575.0,305693.0,305785.0,305896.0,305984.0,306072.0,306138.0,306226.0,306321.0,306417.0,306514.0,306600.0,306668.0,306742.0,306834.0,306938.0,307027.0,307119.0,307197.0,307286.0,307384.0,307493.0,307559.0,307640.0,307734.0,307853.0,307945.0,308057.0,,308232.0,308345.0,308437.0,308570.0,308662.0,308739.0,308817.0,308919.0,309041.0,309153.0,309262.0,309340.0,309464.0,309536.0,309635.0,309778.0,309874.0,309967.0,310071.0,310171.0,310253.0,310359.0,310458.0,310590.0,310689.0,310802.0,310887.0,310982.0,311069.0,311147.0,311227.0,311314.0,311405.0,311481.0,311553.0,311656.0,311758.0,311852.0,311936.0,312016.0,312100.0,312190.0,312318.0,312439.0,312528.0,312669.0,312812.0,312937.0,313087.0,313237.0,313376.0,313490.0,313588.0,313701.0,313824.0,313971.0,314093.0,314206.0,314305.0,314428.0,314519.0,314613.0,314707.0,314837.0,314964.0,315108.0,315220.0,315329.0,315390.0,315487.0,315655.0,315814.0,316008.0,316174.0,316359.0,316583.0,316789.0,317007.0,317503.0,318291.0,319101.0,319449.0,319831.0,320267.0,320909.0,321390.0,321656.0,321880.0,322149.0,322474.0,322679.0,322842.0,323367.0,323853.0,324057.0,324363.0,324807.0,325345.0,325603.0,325975.0,326241.0,326471.0,326683.0,326880.0,327151.0,327434.0,327667.0,327933.0,328165.0,328362.0,328533.0,328702.0,328871.0,329032
eeOVaDoX3Ls,445254.0,445520.0,445756.0,446051.0,446439.0,446863.0,447175.0,447512.0,447857.0,448188.0,448427.0,448734.0,449020.0,449366.0,449677.0,449984.0,450254.0,450477.0,450752.0,451028.0,451300.0,451606.0,451869.0,452118.0,452306.0,452533.0,452763.0,453013.0,453310.0,453597.0,453870.0,454127.0,454367.0,454708.0,455016.0,455358.0,455691.0,456029.0,456263.0,456617.0,456963.0,457321.0,457696.0,458078.0,458361.0,458588.0,458955.0,459351.0,459706.0,460041.0,460403.0,460714.0,460943.0,461270.0,461592.0,461887.0,462190.0,462506.0,462718.0,462968.0,463193.0,463497.0,463780.0,464035.0,464333.0,464594.0,464808.0,465063.0,465259.0,465591.0,465890.0,466151.0,466377.0,466601.0,466890.0,467168.0,467469.0,467788.0,468044.0,468319.0,468513.0,468748.0,469033.0,469217.0,469499.0,469783.0,469962.0,470181.0,470377.0,470604.0,470917.0,471159.0,471480.0,471678.0,471865.0,472120.0,472412.0,472664.0,472923.0,473130.0,473322.0,473550.0,473812.0,474023.0,474297.0,474525.0,474760.0,474989.0,475258.0,475489.0,475731.0,475983.0,476226.0,476534.0,476783.0,476958.0,477206.0,477495.0,477761.0,478065.0,478287.0,478502.0,478762.0,478986.0,479178.0,479344.0,479569.0,479785.0,480001.0,480191.0,480472.0,480771.0,481107.0,481439.0,,,,,,,,,484484.0,484730.0,485044.0,485365.0,485741.0,486123.0,486496.0,486895.0,487238.0,487606.0,488041.0,488613.0,489144.0,489681.0,490089.0,490433.0,490884.0,491346.0,491742.0,492150.0,492494.0,492859.0,493176.0,493527.0,493908.0,494246.0,494657.0,495027.0,495333.0,495667.0,496122.0,496555.0,496935.0,497380.0,497792.0,498166.0,498544.0,499035.0,499430.0,499904.0,500331.0,500820.0,501162.0,501516.0,501980.0,502434.0,502938.0,503420.0,503903.0,504317.0,504649.0,505084.0,505546.0,506082.0,506612.0,507188.0,507666.0,508153.0,508678.0,509251.0,509796.0,510184.0,510712.0,511178.0,511597.0,512100.0,512599.0,513179.0,513196.0,513199.0,513197.0,513197.0,513197.0,513197.0,513197.0,513197.0,513197.0,513197.0,513197.0,513197.0,513197.0,513197.0,513197.0,513197.0,513197.0,513197.0,513197.0,513197.0,513197.0,513197.0,513197.0,513197.0,513197.0,513197.0,513197.0,513197.0,513197.0,513197.0,513197.0,513197.0,513197.0,513197.0,513197.0,513197.0,513197.0,513197.0,513197.0,513197.0,513197.0,513197.0,513197.0,513197.0,513197.0,513197.0,513197.0,513197.0,513197.0,513197.0,513197.0,513197.0,513197.0,,513197.0,513197.0,513197.0,513197.0,513197.0,513197.0,513197.0,513197.0,513197.0,513197.0,513197.0,513197.0,513197.0,513197.0,513197.0,513197.0,513197.0,513197.0,513197.0,513197.0,513197.0,513197.0,513197.0,513197.0,513197.0,513197.0,513197.0,513197.0,513197.0,513197.0,513197.0,513197.0,513197.0,513197.0,513197.0,513197.0,513197.0,513197.0,513197.0,513197.0,513197.0,513197.0,513197.0,513197.0,513197.0,513197.0,513197.0,513197.0,513197.0,513197.0,513197.0,513197.0,513197.0,513197.0,513197.0,513197.0,513197.0,513197.0,513197.0,513197.0,513197.0,513197.0,513197.0,513197.0,513197.0,513197.0,513197.0,513197.0,513197.0,513197.0,513197.0,513197.0,513197.0,513197.0,513197.0,513197.0,513197.0,513197.0,513197.0,513197.0,513197.0,513197.0,513197.0,513197.0,513197.0,513197.0,513197.0,513197.0,513197.0,513197.0,513197.0,513197.0,513197.0,513197.0,513197.0,513197.0,513197.0,513197.0,513197.0,513197.0,513197.0,513197.0,513197.0,513197.0,513197.0,513197.0,513197.0,513197.0,513197.0,513197.0,513197.0,513197.0,513197.0,513197
_8SnRN0114k,5363896.0,5371433.0,5379973.0,5388285.0,5397629.0,5406758.0,5416073.0,5424739.0,5435253.0,5444493.0,5453546.0,5461256.0,5468909.0,5477198.0,5485031.0,5492797.0,5500288.0,5506645.0,5514466.0,5522327.0,5529488.0,5536400.0,5544190.0,5551613.0,5559277.0,5567526.0,5575074.0,5583847.0,5591600.0,5599588.0,5606922.0,5613458.0,5621535.0,5630222.0,5638266.0,5646165.0,5653948.0,5659682.0,5665422.0,5672235.0,5678950.0,5685837.0,5693419.0,5700585.0,5705959.0,5710700.0,5716628.0,5723281.0,5729422.0,5735101.0,5741014.0,5746905.0,5751554.0,5757079.0,5763632.0,5769568.0,5775385.0,5780793.0,5785647.0,5790714.0,5795478.0,5800526.0,5805574.0,5811144.0,5816055.0,5820535.0,5825057.0,5830292.0,5835581.0,5842099.0,5847554.0,5852450.0,5857798.0,5862332.0,5867276.0,5872490.0,5878442.0,5884215.0,5890268.0,5895934.0,5901260.0,5906703.0,5911897.0,5917592.0,5923214.0,5928408.0,5933326.0,5938293.0,5943660.0,5948535.0,5953783.0,5959139.0,5964365.0,5969161.0,5973698.0,5978362.0,5982919.0,5987810.0,5993236.0,5998507.0,6003634.0,6008514.0,6013322.0,6018619.0,6023948.0,6029396.0,6034863.0,6039872.0,6044345.0,6049611.0,6054777.0,6059765.0,6064794.0,6069969.0,6075299.0,6080696.0,6086321.0,6091967.0,6097495.0,6102961.0,6108128.0,6113039.0,6118361.0,6123138.0,6127954.0,6132993.0,6138036.0,6144430.0,6150410.0,6156330.0,6162337.0,6168219.0,6174177.0,6179489.0,,,,,,,,,6225272.0,6229497.0,6233628.0,6238066.0,6242805.0,6247818.0,6252038.0,6256288.0,6260668.0,6265042.0,6268755.0,6273892.0,6278700.0,6283302.0,6287421.0,6290952.0,6295509.0,6300041.0,6304618.0,6309767.0,6315201.0,6320534.0,6324528.0,6328916.0,6333238.0,6337538.0,6342192.0,6347228.0,6351596.0,6355750.0,6360158.0,6364645.0,6369131.0,6373899.0,6378633.0,6382878.0,6386956.0,6391706.0,6396482.0,6400939.0,6405337.0,6409946.0,6414083.0,6418049.0,6422739.0,6427623.0,6432273.0,6436858.0,6441368.0,6445773.0,6449998.0,6454913.0,6459745.0,6464661.0,6469534.0,6474259.0,6478547.0,6482918.0,6487792.0,6492941.0,6498105.0,6502518.0,6507450.0,6511819.0,6516086.0,6521139.0,6525814.0,6530785.0,6535401.0,6539744.0,6544563.0,6549094.0,6554075.0,6559203.0,6564498.0,6569831.0,6575185.0,6579806.0,6584437.0,6589670.0,6594760.0,6599474.0,6604408.0,6609634.0,6614418.0,6618898.0,6623679.0,6628516.0,6633352.0,6638304.0,6643282.0,6647841.0,6652060.0,6656682.0,6661304.0,6666442.0,6671472.0,6676504.0,6680623.0,6684682.0,6689325.0,6693965.0,6698697.0,6703143.0,6707819.0,6712139.0,6715949.0,6720685.0,6725128.0,6729504.0,6733911.0,6738368.0,6742694.0,6746923.0,6751030.0,6755049.0,6758935.0,6763256.0,6767957.0,6772261.0,6776377.0,,6786712.0,6792116.0,6797208.0,6802418.0,6807633.0,6812464.0,6817184.0,6822575.0,6828068.0,6833325.0,6838686.0,6843761.0,6848018.0,6853078.0,6857852.0,6862944.0,6867931.0,6873076.0,6877958.0,6882379.0,6887088.0,6891677.0,6896872.0,6902054.0,6907143.0,6911642.0,6916177.0,6921327.0,6926327.0,6931319.0,6936720.0,6941930.0,6947151.0,6952042.0,6957212.0,6962444.0,6967891.0,6973338.0,6978970.0,6984027.0,6989405.0,6995065.0,6999846.0,7004539.0,7009187.0,7013901.0,7018143.0,7021828.0,7025840.0,7030083.0,7034220.0,7038380.0,7042397.0,7046690.0,7050918.0,7055598.0,7060365.0,7065192.0,7069971.0,7074747.0,7079270.0,7083555.0,7088484.0,7093448.0,7098069.0,7102326.0,7106047.0,7109417.0,7113166.0,7117061.0,7120738.0,7124873.0,7128992.0,7133545.0,7138126.0,7142402.0,7146831.0,7151400.0,7155867.0,7160542.0,7165463.0,7170128.0,7174691.0,7179833.0,7185001.0,7190440.0,7195752.0,7201145.0,7205877.0,7210757.0,7215449.0,7220377.0,7225306.0,7230012.0,7234803.0,7239085.0,7243408.0,7248031.0,7253105.0,7258770.0,7264568.0,7271158.0,7277286.0,7283049.0,7289113.0,7295130.0,7301262.0,7307489.0,7313463.0,7318797.0,7324108.0,7329821.0,7335799.0,7341762
0qQFv7h33es,366259.0,366564.0,366970.0,367346.0,367743.0,368154.0,368577.0,368959.0,369312.0,369680.0,370007.0,370483.0,370909.0,371320.0,371689.0,372093.0,372430.0,372701.0,373050.0,373449.0,373761.0,374157.0,374459.0,374702.0,374890.0,375202.0,375462.0,375664.0,375995.0,376379.0,376649.0,376836.0,377159.0,377439.0,377744.0,378062.0,378438.0,378715.0,378933.0,379270.0,379561.0,379961.0,380336.0,380697.0,381066.0,381322.0,381667.0,381990.0,382392.0,382746.0,383148.0,383437.0,383671.0,384027.0,384396.0,384747.0,385058.0,385423.0,385783.0,386023.0,386320.0,386721.0,387086.0,387461.0,387734.0,388016.0,388255.0,388536.0,388785.0,389155.0,389465.0,389739.0,389998.0,390265.0,390560.0,390859.0,391163.0,391464.0,391750.0,392014.0,392254.0,392501.0,392910.0,393278.0,393585.0,393874.0,394171.0,394469.0,394779.0,395110.0,395428.0,395750.0,396130.0,396469.0,396693.0,397046.0,397365.0,397676.0,397986.0,398314.0,398585.0,398872.0,399187.0,399560.0,399901.0,400237.0,400594.0,400856.0,401101.0,401409.0,401668.0,402006.0,402281.0,402568.0,402894.0,403149.0,403499.0,403847.0,404178.0,404510.0,404788.0,405024.0,405268.0,405455.0,405667.0,405962.0,406198.0,406456.0,406689.0,406901.0,407207.0,407444.0,407709.0,408004.0,,,,,,,,,410744.0,410969.0,411312.0,411607.0,411923.0,412267.0,412568.0,412837.0,413102.0,413418.0,413783.0,414190.0,414547.0,414873.0,415124.0,415367.0,415679.0,416053.0,416366.0,416655.0,416953.0,417209.0,417433.0,417733.0,417992.0,418248.0,418523.0,418797.0,418993.0,419200.0,419489.0,419768.0,420023.0,420249.0,420516.0,420801.0,420968.0,421190.0,421441.0,421707.0,421901.0,422220.0,422410.0,422614.0,422866.0,423095.0,423378.0,423632.0,423903.0,424081.0,424264.0,424474.0,424747.0,425010.0,425309.0,425580.0,425825.0,426003.0,426309.0,426682.0,426940.0,427192.0,427521.0,427748.0,428050.0,428341.0,428635.0,428930.0,429128.0,429357.0,429623.0,429834.0,430136.0,430430.0,430721.0,430994.0,431382.0,431730.0,431963.0,432291.0,432621.0,432893.0,433263.0,433630.0,433903.0,434137.0,434427.0,434741.0,435021.0,435328.0,435618.0,435858.0,436040.0,436274.0,436552.0,436844.0,437166.0,437503.0,437719.0,437962.0,438231.0,438504.0,438824.0,439106.0,439378.0,439578.0,439796.0,440043.0,440320.0,440605.0,440854.0,441121.0,441317.0,441519.0,441731.0,441906.0,442065.0,442304.0,442536.0,442807.0,443030.0,,443568.0,443897.0,444253.0,444677.0,444957.0,445239.0,445480.0,445875.0,446202.0,446636.0,446960.0,447282.0,447536.0,447902.0,448405.0,448798.0,449186.0,449567.0,449876.0,450108.0,450432.0,450762.0,451084.0,451358.0,451633.0,451895.0,452166.0,452443.0,452731.0,453033.0,453307.0,453641.0,453840.0,454057.0,454348.0,454604.0,454915.0,455208.0,455513.0,455759.0,456037.0,456352.0,456678.0,456970.0,457312.0,457703.0,458107.0,458553.0,459035.0,459754.0,460616.0,461231.0,461897.0,462672.0,463300.0,464064.0,464866.0,465532.0,466191.0,466888.0,467571.0,468205.0,468902.0,469825.0,470730.0,471754.0,472573.0,473287.0,473825.0,474525.0,475099.0,475832.0,476631.0,477376.0,478159.0,478764.0,479465.0,480047.0,480691.0,481260.0,481883.0,482360.0,482788.0,483325.0,483931.0,484521.0,485159.0,485789.0,486317.0,486650.0,487191.0,487722.0,488310.0,488952.0,489620.0,490283.0,490733.0,491262.0,491842.0,492510.0,493349.0,494206.0,494914.0,495465.0,496085.0,496932.0,497751.0,498487.0,499090.0,499564.0,500081.0,500643.0,501199.0,501838
h8hdLwTdK9Y,1805008.0,1805245.0,1805576.0,1805873.0,1806288.0,1806636.0,1807094.0,1807619.0,1808301.0,1809451.0,1810148.0,1810860.0,1811464.0,1812005.0,1812445.0,1812903.0,1813434.0,1813816.0,1814278.0,1814605.0,1815074.0,1815452.0,1815927.0,1816394.0,1816802.0,1817245.0,1817668.0,1818041.0,1818475.0,1818847.0,1819378.0,1819891.0,1820399.0,1820815.0,1821292.0,1821770.0,1822246.0,1822718.0,1823141.0,1823529.0,1823864.0,1824261.0,1824564.0,1824834.0,1825125.0,1825428.0,1825739.0,1826072.0,1826363.0,1826723.0,1827010.0,1827301.0,1827563.0,1827901.0,1828258.0,1828541.0,1828789.0,1829049.0,1829284.0,1829546.0,1829870.0,1830236.0,1830545.0,1830870.0,1831226.0,1831448.0,1831707.0,1831956.0,1832140.0,1832417.0,1832626.0,1832836.0,1833102.0,1833332.0,1833575.0,1833801.0,1834042.0,1834292.0,1834573.0,1834831.0,1835086.0,1835322.0,1835517.0,1835722.0,1835993.0,1836266.0,1836504.0,1836830.0,1837106.0,1837351.0,1837614.0,1837804.0,1838047.0,1838299.0,1838546.0,1838845.0,1839070.0,1839306.0,1839576.0,1839819.0,1840074.0,1840325.0,1840596.0,1840871.0,1841098.0,1841383.0,1841678.0,1841956.0,1842181.0,1842446.0,1842715.0,1842983.0,1843251.0,1843518.0,1843815.0,1844049.0,1844271.0,1844546.0,1844802.0,1845090.0,1845381.0,1845631.0,1845883.0,1846156.0,1846393.0,1846703.0,1846950.0,1847197.0,1847490.0,1847799.0,1848122.0,1848514.0,1848851.0,1849101.0,,,,,,,,,1851521.0,1851808.0,1852181.0,1852457.0,1852770.0,1853040.0,1853348.0,1853639.0,1853909.0,1854194.0,1854532.0,1854758.0,1855031.0,1855330.0,1855650.0,1855917.0,1856240.0,1856539.0,1856846.0,1857110.0,1857386.0,1857663.0,1857850.0,1858061.0,1858407.0,1858719.0,1858953.0,1859212.0,1859469.0,1859786.0,1860049.0,1860407.0,1860666.0,1860919.0,1861131.0,1861397.0,1861690.0,1861939.0,1862189.0,1862391.0,1862575.0,1862765.0,1862981.0,1863157.0,1863381.0,1863562.0,1863765.0,1863965.0,1864196.0,1864402.0,1864615.0,1864834.0,1865047.0,1865270.0,1865479.0,1865731.0,1865960.0,1866225.0,1866456.0,1866663.0,1866911.0,1867108.0,1867351.0,1867593.0,1867805.0,1867979.0,1868221.0,1868462.0,1868598.0,1868765.0,1868954.0,1869116.0,1869350.0,1869523.0,1869707.0,1869965.0,1870168.0,1870389.0,1870568.0,1870774.0,1871118.0,1871803.0,1872307.0,1872882.0,1873223.0,1873591.0,1873838.0,1874225.0,1874555.0,1874853.0,1875115.0,1875427.0,1875625.0,1875843.0,1876066.0,1876299.0,1876478.0,1876691.0,1876900.0,1877131.0,1877276.0,1877507.0,1877696.0,1877901.0,1878083.0,1878326.0,1878526.0,1878712.0,1878968.0,1879235.0,1879441.0,1879681.0,1879886.0,1880145.0,1880408.0,1880625.0,1880877.0,1881264.0,1881511.0,1881798.0,1881990.0,,1882418.0,1882680.0,1882902.0,1883103.0,1883372.0,1883611.0,1883869.0,1884113.0,1884527.0,1884755.0,1885016.0,1885353.0,1885579.0,1885857.0,1886111.0,1886367.0,1886676.0,1886865.0,1887157.0,1887410.0,1887645.0,1887854.0,1888052.0,1888309.0,1888554.0,1888763.0,1888979.0,1889149.0,1889367.0,1889613.0,1889827.0,1890058.0,1890301.0,1890556.0,1890735.0,1890971.0,1891177.0,1891424.0,1891653.0,1891856.0,1892065.0,1892254.0,1892503.0,1892705.0,1892893.0,1893077.0,1893296.0,1893487.0,1893625.0,1893802.0,1893990.0,1894165.0,1894354.0,1894537.0,1894725.0,1894850.0,1895060.0,1895221.0,1895404.0,1895563.0,1895700.0,1895882.0,1896061.0,1896265.0,1896516.0,1896702.0,1896906.0,1897067.0,1897232.0,1897404.0,1897584.0,1897750.0,1897966.0,1898157.0,1898338.0,1898550.0,1898815.0,1899032.0,1899243.0,1899483.0,1899733.0,1899985.0,1900178.0,1900366.0,1900518.0,1900703.0,1900884.0,1901072.0,1901264.0,1901407.0,1901550.0,1901727.0,1901956.0,1902129.0,1902340.0,1902539.0,1902716.0,1902862.0,1903025.0,1903224.0,1903429.0,1903605.0,1903754.0,1903939.0,1904280.0,1904475.0,1904630.0,1904753.0,1904915.0,1905072.0,1905232.0,1905396.0,1905607.0,1905773
Ms2dMlxaPSs,272341.0,272437.0,272534.0,272657.0,272796.0,272939.0,273077.0,273360.0,273691.0,274212.0,274567.0,274866.0,275057.0,275271.0,275408.0,275576.0,275741.0,275874.0,276006.0,276132.0,276241.0,276392.0,276517.0,276631.0,276736.0,276960.0,277198.0,277373.0,277529.0,277658.0,277884.0,278070.0,278327.0,278518.0,278679.0,278798.0,278973.0,279111.0,279256.0,279379.0,279497.0,279609.0,279715.0,279796.0,279876.0,279947.0,280028.0,280114.0,280211.0,280313.0,280391.0,280463.0,280519.0,280593.0,280671.0,280754.0,280828.0,280897.0,280947.0,281027.0,281081.0,281146.0,281196.0,281253.0,281310.0,281385.0,281446.0,281495.0,281556.0,281610.0,281655.0,281735.0,281781.0,281868.0,281918.0,281986.0,282055.0,282115.0,282162.0,282221.0,282284.0,282335.0,282396.0,282457.0,282503.0,282577.0,282658.0,282737.0,282798.0,282873.0,282951.0,283031.0,283091.0,283188.0,283253.0,283341.0,283422.0,283501.0,283595.0,283692.0,283776.0,283847.0,283933.0,284026.0,284126.0,284212.0,284289.0,284365.0,284444.0,284538.0,284601.0,284670.0,284766.0,284852.0,284934.0,285013.0,285089.0,285143.0,285238.0,285327.0,285411.0,285491.0,285566.0,285626.0,285706.0,285783.0,285867.0,285940.0,286011.0,286083.0,286176.0,286245.0,286303.0,286356.0,,,,,,,,,287058.0,287130.0,287207.0,287282.0,287376.0,287472.0,287559.0,287632.0,287708.0,287809.0,287892.0,287970.0,288055.0,288150.0,288211.0,288292.0,288384.0,288456.0,288564.0,288668.0,288768.0,288861.0,288935.0,289003.0,289100.0,289180.0,289264.0,289367.0,289499.0,289601.0,289686.0,289793.0,289871.0,289949.0,290046.0,290151.0,290219.0,290330.0,290508.0,290630.0,290698.0,290751.0,290810.0,290877.0,291015.0,291104.0,291190.0,291280.0,291389.0,291480.0,291565.0,291651.0,291732.0,291817.0,291893.0,292001.0,292092.0,292192.0,292270.0,292340.0,292409.0,292465.0,292529.0,292602.0,292664.0,292708.0,292758.0,292838.0,292882.0,292944.0,292997.0,293053.0,293144.0,293236.0,293363.0,293463.0,293548.0,293630.0,293697.0,293793.0,293890.0,293970.0,294053.0,294153.0,294237.0,294325.0,294424.0,294608.0,294783.0,294897.0,295032.0,295123.0,295188.0,295278.0,295356.0,295423.0,295485.0,295560.0,295638.0,295721.0,295818.0,295902.0,295967.0,296032.0,296096.0,296198.0,296267.0,296401.0,296536.0,296637.0,296724.0,296812.0,296903.0,297019.0,297119.0,297207.0,297337.0,297418.0,297503.0,297601.0,297681.0,,297874.0,297954.0,298115.0,298200.0,298267.0,298358.0,298457.0,298543.0,298620.0,298690.0,298762.0,298835.0,298924.0,299060.0,299155.0,299273.0,299370.0,299466.0,299619.0,299741.0,299887.0,300176.0,300323.0,300438.0,300557.0,300649.0,300748.0,300854.0,300964.0,301074.0,301171.0,301346.0,301467.0,301591.0,301683.0,301771.0,301866.0,301943.0,302011.0,302104.0,302175.0,302260.0,302365.0,302459.0,302525.0,302578.0,302645.0,302721.0,302789.0,302862.0,302940.0,302999.0,303054.0,303096.0,303146.0,303199.0,303264.0,303340.0,303410.0,303469.0,303520.0,303589.0,303660.0,303720.0,303794.0,303857.0,303946.0,304023.0,304099.0,304176.0,304251.0,304317.0,304381.0,304445.0,304512.0,304576.0,304645.0,304723.0,304783.0,304853.0,304960.0,305072.0,305137.0,305202.0,305371.0,305603.0,305814.0,305904.0,305969.0,306016.0,306072.0,306131.0,306208.0,306295.0,306377.0,306450.0,306527.0,306649.0,306894.0,307001.0,307097.0,307199.0,307359.0,307497.0,307594.0,307667.0,307724.0,307960.0,308081.0,308143.0,308203.0,308270.0,308329.0,308383
E9il3k3sf0Y,1926625.0,1926895.0,1927135.0,1927368.0,1927725.0,1928096.0,1928421.0,1928834.0,1929459.0,1930451.0,1931076.0,1931786.0,1932404.0,1932979.0,1933460.0,1933847.0,1934258.0,1934658.0,1935126.0,1935522.0,1935862.0,1936210.0,1936628.0,1937017.0,1937422.0,1937861.0,1938304.0,1938739.0,1939100.0,1939433.0,1939906.0,1940314.0,1940801.0,1941171.0,1941545.0,1941968.0,1942463.0,1942854.0,1943200.0,1943572.0,1943862.0,1944128.0,1944473.0,1944730.0,1945021.0,1945298.0,1945592.0,1945888.0,1946099.0,1946454.0,1946707.0,1946982.0,1947215.0,1947478.0,1947723.0,1947909.0,1948139.0,1948368.0,1948600.0,1948857.0,1949162.0,1949457.0,1949777.0,1950021.0,1950218.0,1950478.0,1950707.0,1950896.0,1951070.0,1951309.0,1951528.0,1951718.0,1951920.0,1952143.0,1952363.0,1952590.0,1952808.0,1953065.0,1953288.0,1953511.0,1953734.0,1953978.0,1954155.0,1954354.0,1954543.0,1954770.0,1954994.0,1955271.0,1955499.0,1955772.0,1956017.0,1956208.0,1956439.0,1956701.0,1956952.0,1957168.0,1957415.0,1957647.0,1957885.0,1958193.0,1958448.0,1958746.0,1958993.0,1959319.0,1959557.0,1959800.0,1960056.0,1960354.0,1960623.0,1960885.0,1961119.0,1961346.0,1961582.0,1961796.0,1962059.0,1962270.0,1962490.0,1962726.0,1963000.0,1963281.0,1963548.0,1963797.0,1964021.0,1964237.0,1964465.0,1964768.0,1965030.0,1965285.0,1965550.0,1965765.0,1966081.0,1966402.0,1966694.0,1966934.0,,,,,,,,,1969200.0,1969458.0,1969768.0,1970044.0,1970364.0,1970598.0,1970896.0,1971171.0,1971388.0,1971625.0,1971895.0,1972113.0,1972398.0,1972669.0,1972963.0,1973234.0,1973515.0,1973778.0,1974021.0,1974288.0,1974481.0,1974731.0,1974910.0,1975172.0,1975440.0,1975747.0,1975978.0,1976177.0,1976441.0,1976833.0,1977453.0,1977832.0,1978081.0,1978358.0,1978786.0,1979040.0,1979384.0,1979588.0,1979826.0,1980067.0,1980245.0,1980435.0,1980606.0,1980782.0,1980959.0,1981143.0,1981385.0,1981602.0,1981845.0,1982125.0,1982363.0,1982622.0,1982820.0,1983059.0,1983299.0,1983522.0,1983822.0,1984011.0,1984222.0,1984457.0,1984715.0,1984895.0,1985135.0,1985340.0,1985559.0,1985729.0,1985936.0,1986139.0,1986317.0,1986492.0,1986661.0,1986868.0,1987054.0,1987263.0,1987448.0,1987651.0,1988129.0,1988358.0,1988541.0,1988765.0,1989297.0,1990113.0,1990722.0,1991323.0,1991749.0,1992171.0,1992591.0,1992986.0,1993463.0,1993835.0,1994201.0,1994530.0,1994745.0,1994984.0,1995273.0,1995531.0,1995791.0,1996031.0,1996264.0,1996498.0,1996733.0,1996954.0,1997141.0,1997396.0,1997654.0,1997905.0,1998261.0,1998736.0,1999172.0,1999590.0,1999941.0,2000371.0,2000593.0,2000865.0,2001216.0,2001505.0,2001829.0,2002064.0,2002313.0,2002601.0,2002879.0,,2003424.0,2003697.0,2003935.0,2004165.0,2004480.0,2004785.0,2005053.0,2005345.0,2005877.0,2006314.0,2006648.0,2007197.0,2007478.0,2007823.0,2008084.0,2008290.0,2008564.0,2008804.0,2009044.0,2009342.0,2009593.0,2009817.0,2010048.0,2010280.0,2010510.0,2010739.0,2010947.0,2011165.0,2011393.0,2011622.0,2011835.0,2012052.0,2012350.0,2012547.0,2012789.0,2012996.0,2013232.0,2013411.0,2013645.0,2013860.0,2014056.0,2014260.0,2014430.0,2014616.0,2014825.0,2014961.0,2015106.0,2015265.0,2015388.0,2015534.0,2015685.0,2015822.0,2015951.0,2016143.0,2016299.0,2016417.0,2016591.0,2016752.0,2016893.0,2017039.0,2017185.0,2017349.0,2017519.0,2017714.0,2017908.0,2018053.0,2018252.0,2018423.0,2018578.0,2018750.0,2018909.0,2019059.0,2019229.0,2019369.0,2019529.0,2019740.0,2019975.0,2020153.0,2020326.0,2020522.0,2020736.0,2020927.0,2021116.0,2021292.0,2021524.0,2021778.0,2021964.0,2022117.0,2022272.0,2022429.0,2022570.0,2022739.0,2022893.0,2023028.0,2023179.0,2023349.0,2023493.0,2023629.0,2023762.0,2023925.0,2024058.0,2024209.0,2024311.0,2024487.0,2024627.0,2024746.0,2024863.0,2025001.0,2025109.0,2025221.0,2025318.0,2025446.0,2025572.0,2025732
o0U_YcL3lZg,1476517.0,1476759.0,1477019.0,1477223.0,1477480.0,1477750.0,1478076.0,1478426.0,1478824.0,1479436.0,1479959.0,1480458.0,1480957.0,1481348.0,1481742.0,1482085.0,1482441.0,1482692.0,1482985.0,1483338.0,1483634.0,1483945.0,1484197.0,1484482.0,1484787.0,1485144.0,1485428.0,1485699.0,1485967.0,1486243.0,1486477.0,1486756.0,1486964.0,1487228.0,1487460.0,1487709.0,1488023.0,1488238.0,1488458.0,1488707.0,1488946.0,1489180.0,1489419.0,1489601.0,1489818.0,1490002.0,1490212.0,1490425.0,1490637.0,1490881.0,1491073.0,1491329.0,1491529.0,1491710.0,1491919.0,1492135.0,1492304.0,1492496.0,1492715.0,1492911.0,1493193.0,1493406.0,1493641.0,1493853.0,1494049.0,1494283.0,1494494.0,1494691.0,1494851.0,1495086.0,1495253.0,1495421.0,1495618.0,1495827.0,1496004.0,1496217.0,1496495.0,1496747.0,1496987.0,1497265.0,1497478.0,1497750.0,1497957.0,1498170.0,1498375.0,1498587.0,1498824.0,1499066.0,1499295.0,1499507.0,1499711.0,1499931.0,1500139.0,1500343.0,1500564.0,1500793.0,1501038.0,1501241.0,1501458.0,1501641.0,1501849.0,1502064.0,1502272.0,1502482.0,1502687.0,1502879.0,1503115.0,1503309.0,1503482.0,1503685.0,1503850.0,1504035.0,1504206.0,1504423.0,1504668.0,1504885.0,1505059.0,1505235.0,1505435.0,1505630.0,1505823.0,1506005.0,1506169.0,1506317.0,1506475.0,1506666.0,1506849.0,1507017.0,1507201.0,1507411.0,1507589.0,1507885.0,1508082.0,1508263.0,,,,,,,,,1510005.0,1510208.0,1510390.0,1510621.0,1510850.0,1511028.0,1511245.0,1511422.0,1511555.0,1511749.0,1511941.0,1512121.0,1512342.0,1512511.0,1512667.0,1512892.0,1513088.0,1513289.0,1513511.0,1513707.0,1513908.0,1514082.0,1514265.0,1514468.0,1514643.0,1514949.0,1515159.0,1515342.0,1515538.0,1515763.0,1516107.0,1516401.0,1516581.0,1516772.0,1516929.0,1517260.0,1517448.0,1517617.0,1517800.0,1518004.0,1518130.0,1518271.0,1518435.0,1518564.0,1518696.0,1518852.0,1519019.0,1519187.0,1519361.0,1519537.0,1519718.0,1519880.0,1520057.0,1520273.0,1520466.0,1520632.0,1520847.0,1521041.0,1521236.0,1521456.0,1521624.0,1521780.0,1521967.0,1522151.0,1522323.0,1522464.0,1522612.0,1522753.0,1522889.0,1523031.0,1523210.0,1523455.0,1523837.0,1524081.0,1524333.0,1524543.0,1524678.0,1524852.0,1524992.0,1525156.0,1525361.0,1525870.0,1526301.0,1526624.0,1526874.0,1527121.0,1527394.0,1527647.0,1528030.0,1528265.0,1528519.0,1528810.0,1529016.0,1529250.0,1529486.0,1529706.0,1529877.0,1530013.0,1530233.0,1530395.0,1530534.0,1530705.0,1530866.0,1531037.0,1531173.0,1531338.0,1531491.0,1531621.0,1531797.0,1531973.0,1532147.0,1532342.0,1532490.0,1532694.0,1532859.0,1533054.0,1533238.0,1533437.0,1533631.0,1533794.0,1533996.0,,1534342.0,1534556.0,1534721.0,1534912.0,1535127.0,1535395.0,1535637.0,1535848.0,1536886.0,1537570.0,1537961.0,1538423.0,1538856.0,1539270.0,1539635.0,1539888.0,1540188.0,1540438.0,1540735.0,1541106.0,1541311.0,1541583.0,1541821.0,1542034.0,1542326.0,1542567.0,1542853.0,1543094.0,1543330.0,1543567.0,1543769.0,1543965.0,1544248.0,1544474.0,1544630.0,1544855.0,1545082.0,1545299.0,1545497.0,1545693.0,1545934.0,1546125.0,1546371.0,1546538.0,1546743.0,1546971.0,1547139.0,1547375.0,1547513.0,1547668.0,1547853.0,1548010.0,1548182.0,1548393.0,1548580.0,1548716.0,1548852.0,1549078.0,1549255.0,1549387.0,1549531.0,1549730.0,1549878.0,1550068.0,1550233.0,1550398.0,1550587.0,1550744.0,1550921.0,1551136.0,1551299.0,1551439.0,1551579.0,1551732.0,1551885.0,1552042.0,1552215.0,1552385.0,1552555.0,1552727.0,1552920.0,1553109.0,1553255.0,1553499.0,1553720.0,1553859.0,1554006.0,1554136.0,1554363.0,1554515.0,1554634.0,1554781.0,1554922.0,1555056.0,1555190.0,1555313.0,1555437.0,1555546.0,1555685.0,1555830.0,1555946.0,1556054.0,1556171.0,1556300.0,1556430.0,1556527.0,1556646.0,1556784.0,1556883.0,1556997.0,1557071.0,1557167.0,1557359.0,1557477
H_zVtnABkG0,98202.0,98202.0,98202.0,98202.0,98202.0,98202.0,98202.0,98202.0,98202.0,98202.0,98202.0,98202.0,98202.0,98202.0,98202.0,98202.0,98202.0,98202.0,98202.0,98202.0,98202.0,98202.0,98202.0,98202.0,98202.0,98202.0,98202.0,98202.0,98202.0,98202.0,98202.0,98202.0,98202.0,98202.0,98202.0,98202.0,98202.0,98202.0,98202.0,98202.0,98202.0,98202.0,98202.0,98202.0,98202.0,98202.0,98202.0,98202.0,98202.0,98202.0,98202.0,98202.0,98202.0,98202.0,98202.0,98202.0,98202.0,98202.0,98202.0,98202.0,98202.0,98202.0,98202.0,98202.0,98202.0,98202.0,98202.0,98202.0,98202.0,98202.0,98202.0,98202.0,98202.0,98202.0,98202.0,98202.0,98202.0,98202.0,98202.0,98202.0,98202.0,98202.0,98202.0,98202.0,98202.0,98202.0,98202.0,98202.0,98202.0,98202.0,98202.0,98202.0,98202.0,98202.0,98202.0,98202.0,98202.0,98202.0,98202.0,98202.0,98202.0,98202.0,98202.0,98202.0,98202.0,98202.0,98202.0,98202.0,98202.0,98202.0,98202.0,98202.0,98202.0,98202.0,98202.0,98202.0,98202.0,98202.0,98209.0,98586.0,99289.0,100252.0,101380.0,102612.0,103556.0,105043.0,106070.0,107282.0,108847.0,110732.0,112070.0,113260.0,114280.0,115472.0,,,,,,,,,125142.0,125908.0,126593.0,127185.0,127716.0,127822.0,127929.0,128011.0,128114.0,128189.0,128255.0,128319.0,128414.0,128505.0,128580.0,128642.0,128701.0,128763.0,128832.0,128897.0,128938.0,128967.0,129006.0,129040.0,129082.0,129115.0,129157.0,129190.0,129221.0,129264.0,129307.0,129366.0,129396.0,129417.0,129443.0,129478.0,129502.0,129544.0,129580.0,129624.0,129660.0,129694.0,129724.0,129748.0,129784.0,129815.0,129845.0,129878.0,129891.0,129924.0,129951.0,129982.0,130007.0,130040.0,130083.0,130117.0,130143.0,130172.0,130198.0,130273.0,130324.0,130350.0,130393.0,130445.0,130466.0,130498.0,130543.0,130599.0,130616.0,130656.0,130682.0,130712.0,130748.0,130782.0,130808.0,130838.0,130872.0,130901.0,130925.0,130953.0,131011.0,131051.0,131084.0,131128.0,131156.0,131189.0,131234.0,131279.0,131347.0,131382.0,131458.0,131784.0,132200.0,132514.0,132743.0,132999.0,133231.0,133460.0,133774.0,134096.0,134395.0,134706.0,134921.0,135156.0,135417.0,135691.0,136091.0,136331.0,136618.0,136846.0,137246.0,137517.0,137771.0,138108.0,138379.0,138642.0,138943.0,139307.0,139825.0,140092.0,140306.0,,140904.0,141303.0,141674.0,141924.0,142162.0,142471.0,142704.0,142932.0,143141.0,143380.0,143581.0,143827.0,144084.0,144337.0,144576.0,144827.0,145103.0,145534.0,145985.0,146289.0,146527.0,146741.0,146979.0,147207.0,147421.0,147682.0,147944.0,148226.0,148566.0,148838.0,149068.0,149301.0,149603.0,149876.0,150107.0,150280.0,150497.0,150631.0,150844.0,151005.0,151213.0,151382.0,151547.0,151706.0,151820.0,152008.0,152249.0,152566.0,152972.0,153288.0,153619.0,153904.0,154147.0,154361.0,154587.0,154756.0,155000.0,155206.0,155374.0,155552.0,155788.0,155996.0,156151.0,156339.0,156559.0,156797.0,157172.0,157449.0,157691.0,157937.0,158171.0,158401.0,158681.0,158920.0,159195.0,159452.0,159708.0,159912.0,160135.0,160297.0,160465.0,160674.0,160803.0,160918.0,161020.0,161117.0,161203.0,161291.0,161375.0,161484.0,161561.0,161624.0,161695.0,161787.0,161877.0,161972.0,162069.0,162180.0,162275.0,162355.0,162415.0,162487.0,162576.0,162686.0,162756.0,162810.0,162896.0,162987.0,163055.0,163127.0,163207.0,163286.0,163357.0,163422
E9il3k3sf0Y,1926625.0,1926895.0,1927128.0,1927416.0,1927725.0,1928096.0,1928421.0,1928834.0,1929459.0,1930451.0,1931076.0,1931786.0,1932404.0,1932979.0,1933460.0,1933845.0,1934258.0,1934658.0,1935126.0,1935513.0,1935862.0,1936210.0,1936628.0,1937017.0,1937382.0,1937861.0,1938292.0,1938736.0,1939100.0,1939433.0,1939897.0,1940314.0,1940801.0,1941171.0,1941545.0,1941968.0,1942436.0,1942839.0,1943200.0,1943572.0,1943862.0,1944128.0,1944473.0,1944730.0,1945021.0,1945298.0,1945592.0,1945888.0,1946099.0,1946456.0,1946707.0,1946982.0,1947215.0,1947478.0,1947723.0,1947909.0,1948139.0,1948368.0,1948598.0,1948857.0,1949162.0,1949459.0,1949777.0,1950021.0,1950218.0,1950478.0,1950707.0,1950896.0,1951070.0,1951309.0,1951528.0,1951719.0,1951920.0,1952143.0,1952363.0,1952590.0,1952808.0,1953062.0,1953288.0,1953511.0,1953734.0,1953978.0,1954160.0,1954349.0,1954553.0,1954770.0,1954994.0,1955271.0,1955519.0,1955772.0,1956017.0,1956208.0,1956439.0,1956701.0,1956952.0,1957168.0,1957415.0,1957647.0,1957885.0,1958159.0,1958448.0,1958746.0,1958993.0,1959319.0,1959557.0,1959800.0,1960056.0,1960354.0,1960623.0,1960885.0,1961116.0,1961362.0,1961582.0,1961793.0,1962059.0,1962270.0,1962490.0,1962726.0,1963000.0,1963271.0,1963548.0,1963797.0,1964021.0,1964237.0,1964465.0,1964764.0,1965030.0,1965285.0,1965552.0,1965773.0,1966081.0,1966439.0,1966691.0,1966934.0,,,,,,,,,1969218.0,1969458.0,1969768.0,1970044.0,1970364.0,1970598.0,1970897.0,1971171.0,1971388.0,1971650.0,1971895.0,1972113.0,1972391.0,1972671.0,1972956.0,1973234.0,1973515.0,1973778.0,1974021.0,1974287.0,1974493.0,1974731.0,1974911.0,1975172.0,1975440.0,1975747.0,1975978.0,1976177.0,1976437.0,1976833.0,1977453.0,1977832.0,1978081.0,1978358.0,1978786.0,1979040.0,1979382.0,1979588.0,1979823.0,1980067.0,1980275.0,1980435.0,1980606.0,1980777.0,1980958.0,1981143.0,1981385.0,1981602.0,1981845.0,1982108.0,1982363.0,1982622.0,1982817.0,1983059.0,1983299.0,1983503.0,1983822.0,1984011.0,1984280.0,1984457.0,1984715.0,1984895.0,1985121.0,1985343.0,1985559.0,1985729.0,1985936.0,1986137.0,1986317.0,1986497.0,1986661.0,1986868.0,1987054.0,1987263.0,1987448.0,1987651.0,1988111.0,1988358.0,1988541.0,1988766.0,1989297.0,1990098.0,1990700.0,1991323.0,1991749.0,1992171.0,1992594.0,1992986.0,1993444.0,1993823.0,1994201.0,1994530.0,1994745.0,1994984.0,1995273.0,1995531.0,1995794.0,1996031.0,1996264.0,1996498.0,1996733.0,1996932.0,1997141.0,1997397.0,1997650.0,1997905.0,1998261.0,1998736.0,1999172.0,1999590.0,1999941.0,2000371.0,2000593.0,2000865.0,2001213.0,2001505.0,2001783.0,2002041.0,2002313.0,2002599.0,2002879.0,,2003425.0,2003697.0,2003934.0,2004165.0,2004480.0,2004785.0,2005052.0,2005345.0,2005877.0,2006314.0,2006621.0,2007197.0,2007478.0,2007823.0,2008084.0,2008291.0,2008560.0,2008804.0,2009046.0,2009342.0,2009593.0,2009817.0,2010048.0,2010280.0,2010510.0,2010727.0,2010948.0,2011165.0,2011396.0,2011617.0,2011835.0,2012093.0,2012350.0,2012547.0,2012789.0,2012978.0,2013232.0,2013443.0,2013616.0,2013860.0,2014056.0,2014260.0,2014429.0,2014616.0,2014822.0,2014970.0,2015106.0,2015265.0,2015391.0,2015534.0,2015676.0,2015821.0,2015951.0,2016143.0,2016287.0,2016417.0,2016590.0,2016752.0,2016893.0,2017039.0,2017185.0,2017367.0,2017519.0,2017714.0,2017907.0,2018063.0,2018252.0,2018423.0,2018578.0,2018750.0,2018909.0,2019059.0,2019231.0,2019369.0,2019529.0,2019735.0,2019975.0,2020153.0,2020326.0,2020522.0,2020736.0,2020927.0,2021116.0,2021298.0,2021524.0,2021778.0,2021964.0,2022117.0,2022272.0,2022429.0,2022570.0,2022739.0,2022893.0,2023028.0,2023179.0,2023349.0,2023490.0,2023629.0,2023763.0,2023925.0,2024058.0,2024209.0,2024311.0,2024489.0,2024627.0,2024746.0,2024860.0,2025002.0,2025109.0,2025221.0,2025318.0,2025442.0,2025572.0,2025731
McZippg9eXk,53600.0,53600.0,53600.0,53600.0,53600.0,53600.0,53600.0,53600.0,53600.0,53600.0,53600.0,53600.0,53600.0,53600.0,53600.0,53600.0,53600.0,53600.0,53600.0,53600.0,53600.0,53600.0,53600.0,53600.0,53600.0,53600.0,53600.0,53600.0,53600.0,53600.0,53600.0,53600.0,53600.0,53600.0,53600.0,53600.0,53600.0,53600.0,53600.0,53600.0,53600.0,53600.0,53600.0,53600.0,53600.0,53600.0,53600.0,53600.0,53600.0,53600.0,53600.0,53600.0,53600.0,53600.0,53600.0,53600.0,53600.0,53600.0,53600.0,53600.0,53600.0,53600.0,53600.0,53600.0,53600.0,53600.0,53600.0,53600.0,53600.0,53600.0,53600.0,53600.0,53600.0,53600.0,53600.0,53600.0,53600.0,53600.0,53600.0,53600.0,53600.0,53600.0,53600.0,53600.0,53600.0,53600.0,53600.0,53600.0,53600.0,53600.0,53600.0,53600.0,53600.0,53600.0,53600.0,53600.0,53600.0,53600.0,53600.0,53600.0,53600.0,53600.0,53600.0,53600.0,53600.0,53600.0,53600.0,53600.0,53600.0,53600.0,53600.0,53600.0,53600.0,53600.0,53600.0,53600.0,53600.0,53600.0,53600.0,53600.0,53600.0,53600.0,53600.0,53600.0,53600.0,53600.0,53600.0,53600.0,53600.0,53600.0,53600.0,53600.0,53600.0,53600.0,,,,,,,,,53600.0,53600.0,53600.0,53600.0,53600.0,53600.0,53600.0,53600.0,53600.0,53600.0,53600.0,53600.0,53600.0,53600.0,53600.0,53600.0,53600.0,53600.0,53600.0,53600.0,53600.0,53600.0,53600.0,53600.0,53600.0,53600.0,53600.0,53600.0,53600.0,53600.0,53600.0,53600.0,53600.0,53600.0,53600.0,53600.0,53600.0,53600.0,53600.0,53600.0,53600.0,53600.0,53600.0,53600.0,53600.0,53600.0,53600.0,53600.0,53600.0,53600.0,53600.0,53600.0,53600.0,53600.0,53600.0,53600.0,53600.0,53600.0,53600.0,53600.0,53600.0,53600.0,53600.0,53600.0,53600.0,53600.0,53600.0,53600.0,53600.0,53600.0,53600.0,53600.0,53600.0,53600.0,53600.0,53600.0,53600.0,53600.0,53600.0,53600.0,53600.0,53600.0,53600.0,53600.0,53600.0,53600.0,53600.0,53600.0,53600.0,53600.0,53600.0,53600.0,53600.0,53600.0,53600.0,53600.0,53600.0,53600.0,53600.0,53600.0,53600.0,53600.0,53600.0,53600.0,53600.0,53600.0,53600.0,53600.0,53600.0,53600.0,53600.0,53600.0,53600.0,53600.0,53600.0,53600.0,53600.0,53600.0,53600.0,53600.0,53600.0,,53600.0,53600.0,53600.0,53600.0,53600.0,53600.0,53600.0,53600.0,53600.0,53600.0,53600.0,53600.0,53600.0,53600.0,53600.0,53600.0,53600.0,53600.0,53600.0,53600.0,53600.0,53600.0,53600.0,53600.0,53600.0,53600.0,53600.0,53600.0,53600.0,53600.0,53600.0,53600.0,53600.0,53600.0,53600.0,53600.0,53600.0,53600.0,53600.0,53600.0,53600.0,53600.0,53600.0,53600.0,53600.0,53600.0,53600.0,53600.0,53600.0,53600.0,53600.0,53600.0,53600.0,53600.0,53600.0,53600.0,53600.0,53600.0,53600.0,53600.0,53600.0,53600.0,53600.0,53600.0,53600.0,53600.0,53600.0,53600.0,53600.0,53600.0,53600.0,53600.0,53600.0,53600.0,53600.0,53600.0,53600.0,53600.0,53600.0,53600.0,53600.0,53600.0,53600.0,53600.0,53600.0,53600.0,53600.0,53600.0,53600.0,53600.0,53600.0,53600.0,53600.0,53600.0,53600.0,53600.0,53600.0,53600.0,53600.0,53600.0,53600.0,53600.0,53600.0,53600.0,53600.0,53600.0,53600.0,53600.0,53600.0,53600.0,53600.0,53600.0,53600.0,53600
OazbGEKy-pc,6937.0,6937.0,6937.0,6937.0,6937.0,6937.0,6937.0,6937.0,6937.0,6937.0,6937.0,6937.0,6937.0,6937.0,6937.0,6937.0,6937.0,6937.0,6937.0,6937.0,6937.0,6937.0,6937.0,6937.0,6937.0,6937.0,6937.0,6937.0,6937.0,6937.0,6937.0,6937.0,6937.0,6937.0,6937.0,6937.0,6937.0,6937.0,6937.0,6937.0,6937.0,6937.0,6937.0,6937.0,6937.0,6937.0,6937.0,6937.0,6937.0,6937.0,6937.0,6937.0,6937.0,6937.0,6937.0,6937.0,6937.0,6937.0,6937.0,6937.0,6937.0,6937.0,6937.0,6937.0,6937.0,6937.0,6937.0,6937.0,6937.0,6937.0,6937.0,6937.0,6937.0,6937.0,6937.0,6937.0,6937.0,6937.0,6937.0,6937.0,6937.0,6937.0,6937.0,6937.0,6937.0,6937.0,6937.0,6937.0,6937.0,6937.0,6937.0,6937.0,6937.0,6937.0,6937.0,6937.0,6937.0,6937.0,6937.0,6937.0,6937.0,6937.0,6937.0,6937.0,6937.0,6937.0,6937.0,6937.0,6937.0,6937.0,6937.0,6937.0,6937.0,6937.0,6937.0,6937.0,6937.0,6937.0,6937.0,6937.0,6937.0,6937.0,6937.0,6937.0,6937.0,6937.0,6937.0,6937.0,6937.0,6937.0,6937.0,6937.0,6937.0,6937.0,,,,,,,,,6937.0,6937.0,6937.0,6937.0,6937.0,6937.0,6937.0,6937.0,6937.0,6937.0,6937.0,6937.0,6937.0,6937.0,6937.0,6937.0,6937.0,6937.0,6937.0,6937.0,6937.0,6937.0,6937.0,6937.0,6937.0,6937.0,6937.0,6937.0,6937.0,6937.0,6937.0,6937.0,6937.0,6937.0,6937.0,6937.0,6937.0,6937.0,6937.0,6937.0,6937.0,6937.0,6937.0,6937.0,6937.0,6937.0,6937.0,6937.0,6937.0,6937.0,6937.0,6937.0,6937.0,6937.0,6937.0,6937.0,6937.0,6937.0,6937.0,6937.0,6937.0,6937.0,6937.0,6937.0,6937.0,6937.0,6937.0,6937.0,6937.0,6937.0,6937.0,6937.0,6937.0,6937.0,6937.0,6937.0,6937.0,6937.0,6937.0,6937.0,6937.0,6937.0,6937.0,6937.0,6937.0,6937.0,6937.0,6937.0,6937.0,6937.0,6937.0,6937.0,6937.0,6937.0,6937.0,6937.0,6937.0,6937.0,6937.0,6937.0,6937.0,6937.0,6937.0,6937.0,6937.0,6937.0,6937.0,6937.0,6937.0,6937.0,6937.0,6937.0,6937.0,6937.0,6937.0,6937.0,6937.0,6937.0,6937.0,6937.0,6937.0,,6937.0,6937.0,6937.0,6937.0,6937.0,6937.0,6937.0,6937.0,6937.0,6937.0,6937.0,6937.0,6937.0,6937.0,6937.0,6937.0,6937.0,6937.0,6937.0,6937.0,6937.0,6937.0,6937.0,6937.0,6937.0,6937.0,6937.0,6937.0,6937.0,6937.0,6937.0,6937.0,6937.0,6937.0,6937.0,6937.0,6937.0,6937.0,6937.0,6937.0,6937.0,6937.0,6937.0,6937.0,6937.0,6937.0,6937.0,6937.0,6937.0,6937.0,6937.0,6937.0,6937.0,6937.0,6937.0,6937.0,6937.0,6937.0,6937.0,6937.0,6937.0,6937.0,6937.0,6937.0,6937.0,6937.0,6937.0,6937.0,6937.0,6937.0,6937.0,6937.0,6937.0,6937.0,6937.0,6937.0,6937.0,6937.0,6937.0,6937.0,6937.0,6937.0,6937.0,6937.0,6937.0,6937.0,6937.0,6937.0,6937.0,6937.0,6937.0,6937.0,6937.0,6937.0,6937.0,6937.0,6937.0,6937.0,6937.0,6937.0,6937.0,6937.0,6937.0,6937.0,6937.0,6937.0,6937.0,6937.0,6937.0,6937.0,6937.0,6937.0,6937.0,6937
jZpr7hfeEVE,8755764.0,8757390.0,8759342.0,8761343.0,8763351.0,8765455.0,8767567.0,8769658.0,8771528.0,8773764.0,8775847.0,8777930.0,8780120.0,8782177.0,8784304.0,8786214.0,8788081.0,8789946.0,8791914.0,8793945.0,8796043.0,8798236.0,8800465.0,8802579.0,8804609.0,8806683.0,8808808.0,8810891.0,8813224.0,8815591.0,8817846.0,8819840.0,8821916.0,8824066.0,8826576.0,8828958.0,8831296.0,8833669.0,8835947.0,8838380.0,8840647.0,8842558.0,8844429.0,8846410.0,8848085.0,8849607.0,8851084.0,8852598.0,8854131.0,8855452.0,8857117.0,8858677.0,8860126.0,8861562.0,8863265.0,8864920.0,8866560.0,8868241.0,8869993.0,8871737.0,8873534.0,8875493.0,8877334.0,8878939.0,8880495.0,8882189.0,8883776.0,8885459.0,8886932.0,8888968.0,8890650.0,8892314.0,8893879.0,8895530.0,8897182.0,8898867.0,8900665.0,8902502.0,8904395.0,8906133.0,8907979.0,8909760.0,8911359.0,8913294.0,8915156.0,8916982.0,8918617.0,8920293.0,8921951.0,8923700.0,8925379.0,8927002.0,8928548.0,8930187.0,8932033.0,8933848.0,8935799.0,8937431.0,8939016.0,8940637.0,8942292.0,8943910.0,8945624.0,8947304.0,8949087.0,8950724.0,8952195.0,8953721.0,8955335.0,8956934.0,8958536.0,8960076.0,8961613.0,8963048.0,8964623.0,8966204.0,8967761.0,8969340.0,8971038.0,8972648.0,8974203.0,8975719.0,8977509.0,8979260.0,8981021.0,8982692.0,8984451.0,8986247.0,8988027.0,8989825.0,8991492.0,8993144.0,8994977.0,8996610.0,,,,,,,,,9012740.0,9014561.0,9016280.0,9017812.0,9019296.0,9020723.0,9022093.0,9023549.0,9025365.0,9027830.0,9030042.0,9032273.0,9034706.0,9037062.0,9039332.0,9041614.0,9043802.0,9046080.0,9048499.0,9050715.0,9052860.0,9055141.0,9057761.0,9060850.0,9063737.0,9066509.0,9069103.0,9071634.0,9073933.0,9076197.0,9078524.0,9080846.0,9083213.0,9085507.0,9087838.0,9089417.0,9091030.0,9092730.0,9094473.0,9096253.0,9098010.0,9099470.0,9101074.0,9102626.0,9104233.0,9105939.0,9107684.0,9109439.0,9111051.0,9112641.0,9114324.0,9116043.0,9117801.0,9119677.0,9121372.0,9122996.0,9124557.0,9125825.0,9127414.0,9129061.0,9130768.0,9132360.0,9133866.0,9135316.0,9136709.0,9138272.0,9139998.0,9141608.0,9142918.0,9144274.0,9145722.0,9147090.0,9148739.0,9150234.0,9151571.0,9153043.0,9154563.0,9156007.0,9157484.0,9158927.0,9160309.0,9161676.0,9163572.0,9165191.0,9166571.0,9167950.0,9169296.0,9170451.0,9171566.0,9172658.0,9173848.0,9174997.0,9176194.0,9177434.0,9178617.0,9179820.0,9181141.0,9182406.0,9183615.0,9184987.0,9186451.0,9187817.0,9189231.0,9190536.0,9191998.0,9193231.0,9194576.0,9195862.0,9197133.0,9198343.0,9199735.0,9201042.0,9202310.0,9203447.0,9204764.0,9206009.0,9207250.0,9209040.0,9210698.0,9212138.0,9213510.0,,9217343.0,9219058.0,9220522.0,9221822.0,9223269.0,9224734.0,9226110.0,9227461.0,9228840.0,9230354.0,9231740.0,9233133.0,9234469.0,9235935.0,9237341.0,9238517.0,9239694.0,9240886.0,9242031.0,9243193.0,9244381.0,9245586.0,9246734.0,9247820.0,9248983.0,9249966.0,9250894.0,9252046.0,9253161.0,9254324.0,9255482.0,9256570.0,9257654.0,9258655.0,9259941.0,9261201.0,9262362.0,9263646.0,9265261.0,9267726.0,9269821.0,9271730.0,9273857.0,9276015.0,9278813.0,9281624.0,9283931.0,9285921.0,9287844.0,9289526.0,9291101.0,9292632.0,9294093.0,9295512.0,9296932.0,9298278.0,9299632.0,9300914.0,9302258.0,9303405.0,9304637.0,9305957.0,9307188.0,9308375.0,9309687.0,9310958.0,9312279.0,9313617.0,9314893.0,9316179.0,9317350.0,9318587.0,9319839.0,9321101.0,9322247.0,9323465.0,9324651.0,9325861.0,9327074.0,9328293.0,9329463.0,9330582.0,9331637.0,9332834.0,9333902.0,9335015.0,9336149.0,9337266.0,9338410.0,9339581.0,9340742.0,9341795.0,9342820.0,9343897.0,9344901.0,9345929.0,9346845.0,9347796.0,9348851.0,9349924.0,9350975.0,9352055.0,9353113.0,9354121.0,9355207.0,9356246.0,9357369.0,9358516.0,9359528.0,9360517.0,9361541.0,9362580.0,9363648.0,9364776
gvXsmI3Gdq8,66871955.0,66890621.0,66911222.0,66933198.0,66954186.0,66974383.0,66993491.0,67012307.0,67032785.0,67054987.0,67077700.0,67098397.0,67120898.0,67145402.0,67168521.0,67190475.0,67213310.0,67236359.0,67257837.0,67279646.0,67303295.0,67327601.0,67353692.0,67379173.0,67402784.0,67425503.0,67449777.0,67472481.0,67494723.0,67517586.0,67540607.0,67560633.0,67580543.0,67601601.0,67626469.0,67648668.0,67671026.0,67695457.0,67721500.0,67744420.0,67768641.0,67789670.0,67810033.0,67830914.0,67850387.0,67869154.0,67887237.0,67906648.0,67926075.0,67943230.0,67959497.0,67977438.0,67994722.0,68012375.0,68030688.0,68050257.0,68070041.0,68089780.0,68108695.0,68126618.0,68144780.0,68162796.0,68181035.0,68199009.0,68216465.0,68234700.0,68254126.0,68271708.0,68286306.0,68304786.0,68323571.0,68342550.0,68362742.0,68381827.0,68400077.0,68417622.0,68436433.0,68454840.0,68474707.0,68494388.0,68514504.0,68534087.0,68553019.0,68572508.0,68590911.0,68609772.0,68628120.0,68646416.0,68664640.0,68682956.0,68699376.0,68716293.0,68735075.0,68754317.0,68773334.0,68793259.0,68811807.0,68829442.0,68847169.0,68864609.0,68882646.0,68900009.0,68915849.0,68931711.0,68947616.0,68964077.0,68979588.0,68995031.0,69011411.0,69027466.0,69042910.0,69059126.0,69074963.0,69090930.0,69107773.0,69124483.0,69139085.0,69153317.0,69167618.0,69181919.0,69196274.0,69210871.0,69225607.0,69240074.0,69254355.0,69269359.0,69284416.0,69299217.0,69313491.0,69328576.0,69342221.0,69355789.0,69369418.0,69383891.0,,,,,,,,,69519875.0,69536059.0,69550178.0,69563514.0,69577196.0,69592030.0,69606960.0,69623006.0,69640665.0,69656167.0,69671425.0,69686584.0,69704096.0,69721231.0,69738634.0,69756177.0,69772436.0,69788474.0,69804653.0,69820922.0,69837011.0,69853818.0,69871328.0,69889125.0,69906656.0,69923655.0,69940929.0,69958113.0,69975825.0,69993607.0,70010581.0,70026779.0,70042960.0,70059008.0,70074552.0,70090964.0,70107238.0,70121825.0,70137161.0,70152159.0,70166552.0,70180304.0,70195387.0,70210399.0,70224328.0,70238147.0,70252497.0,70267241.0,70281588.0,70296811.0,70312604.0,70327390.0,70342876.0,70359391.0,70374452.0,70390016.0,70405593.0,70420972.0,70435985.0,70452356.0,70468522.0,70483138.0,70496769.0,70511717.0,70527973.0,70545415.0,70562960.0,70580488.0,70596045.0,70608628.0,70622944.0,70636964.0,70650524.0,70664549.0,70678578.0,70692726.0,70708030.0,70723522.0,70738647.0,70752033.0,70765804.0,70779640.0,70794537.0,70810600.0,70826296.0,70841907.0,70856300.0,70871055.0,70884887.0,70898768.0,70912106.0,70926501.0,70940735.0,70954262.0,70968006.0,70981639.0,70995709.0,71009363.0,71023477.0,71037806.0,71051637.0,71064780.0,71078234.0,71091703.0,71105958.0,71120596.0,71134979.0,71148312.0,71161225.0,71174520.0,71187634.0,71200843.0,71214384.0,71227486.0,71239866.0,71252611.0,71264942.0,71278894.0,71293046.0,71307958.0,71323019.0,,71354158.0,71369043.0,71384434.0,71399097.0,71414248.0,71429176.0,71443558.0,71457151.0,71470217.0,71483598.0,71496982.0,71511390.0,71525646.0,71539804.0,71552834.0,71565818.0,71578833.0,71592340.0,71606071.0,71619902.0,71633100.0,71646115.0,71659254.0,71672481.0,71685319.0,71697798.0,71710583.0,71722981.0,71734852.0,71746850.0,71759124.0,71772123.0,71785364.0,71797895.0,71810235.0,71822292.0,71834055.0,71846968.0,71861768.0,71880355.0,71898383.0,71914932.0,71932154.0,71949396.0,71966967.0,71983917.0,72000632.0,72016926.0,72034083.0,72050150.0,72066078.0,72081583.0,72096865.0,72112517.0,72127126.0,72140445.0,72153799.0,72166645.0,72179797.0,72191746.0,72204048.0,72215835.0,72227062.0,72237446.0,72247928.0,72258582.0,72269686.0,72281227.0,72292238.0,72302714.0,72313306.0,72323671.0,72333965.0,72344581.0,72355777.0,72366453.0,72376959.0,72387457.0,72397667.0,72407548.0,72418133.0,72428819.0,72439283.0,72449398.0,72459534.0,72469553.0,72479568.0,72490005.0,72500945.0,72512182.0,72522653.0,72532425.0,72542200.0,72551980.0,72562132.0,72572936.0,72583243.0,72593200.0,72603095.0,72613274.0,72623174.0,72633496.0,72643742.0,72653621.0,72662930.0,72671528.0,72680481.0,72689750.0,72699076.0,72708705.0,72718204.0,72727333.0,72736948.0,72746997
R9XpA_zXDDI,30932625.0,30935751.0,30939458.0,30943234.0,30946881.0,30950380.0,30953855.0,30957426.0,30961247.0,30965369.0,30969369.0,30972891.0,30976511.0,30980318.0,30984060.0,30987825.0,30991430.0,30995436.0,30998775.0,31002249.0,31006045.0,31010049.0,31014172.0,31018325.0,31022519.0,31026209.0,31030233.0,31034168.0,31038069.0,31041815.0,31045502.0,31049165.0,31052614.0,31056384.0,31061358.0,31065568.0,31070096.0,31074395.0,31078769.0,31083418.0,31088005.0,31091891.0,31095346.0,31098812.0,31102395.0,31105782.0,31109133.0,31112550.0,31116113.0,31119312.0,31122386.0,31125620.0,31128899.0,31132079.0,31135224.0,31138267.0,31141361.0,31144520.0,31147831.0,31151058.0,31154360.0,31157658.0,31160944.0,31164148.0,31167151.0,31170116.0,31173263.0,31176226.0,31178693.0,31181950.0,31185036.0,31188022.0,31190996.0,31193839.0,31196707.0,31199394.0,31202182.0,31205125.0,31208016.0,31210822.0,31213836.0,31216704.0,31219588.0,31222658.0,31225676.0,31229007.0,31232232.0,31235220.0,31238111.0,31240866.0,31243680.0,31246368.0,31249367.0,31252478.0,31255710.0,31258595.0,31261233.0,31263808.0,31266611.0,31269320.0,31272046.0,31275091.0,31277853.0,31280341.0,31282863.0,31285359.0,31287797.0,31290305.0,31292962.0,31295829.0,31298462.0,31301321.0,31304093.0,31306723.0,31309383.0,31311929.0,31314504.0,31316824.0,31319451.0,31321961.0,31324368.0,31326797.0,31329554.0,31332422.0,31335002.0,31337712.0,31340438.0,31343024.0,31345519.0,31347956.0,31350382.0,31352847.0,31355185.0,31357781.0,,,,,,,,,31382247.0,31385266.0,31388127.0,31390799.0,31393492.0,31396422.0,31398940.0,31401539.0,31404499.0,31407039.0,31409633.0,31412150.0,31414956.0,31417806.0,31420269.0,31422929.0,31425540.0,31428014.0,31430521.0,31433069.0,31435332.0,31437670.0,31440135.0,31442770.0,31445368.0,31447940.0,31450495.0,31453081.0,31455552.0,31458263.0,31460772.0,31463094.0,31465453.0,31467593.0,31469912.0,31472187.0,31474392.0,31476496.0,31478745.0,31481174.0,31483380.0,31485662.0,31488046.0,31490210.0,31492305.0,31494698.0,31496998.0,31499420.0,31501743.0,31504061.0,31506396.0,31508566.0,31510961.0,31513464.0,31515750.0,31518078.0,31520278.0,31522523.0,31524867.0,31527262.0,31529567.0,31531842.0,31533871.0,31536067.0,31538303.0,31540541.0,31543016.0,31545255.0,31547461.0,31549372.0,31551441.0,31553718.0,31556003.0,31558324.0,31560554.0,31562884.0,31565330.0,31567737.0,31570016.0,31572158.0,31574308.0,31576477.0,31578814.0,31581163.0,31583424.0,31585901.0,31588103.0,31590354.0,31592611.0,31594900.0,31597066.0,31599301.0,31601521.0,31603723.0,31605992.0,31608220.0,31610638.0,31613188.0,31615766.0,31618414.0,31620993.0,31623347.0,31625859.0,31628392.0,31630759.0,31633073.0,31635358.0,31637418.0,31639759.0,31642029.0,31644112.0,31646296.0,31648795.0,31651200.0,31653503.0,31655782.0,31657921.0,31660295.0,31662635.0,31665070.0,31667454.0,,31672349.0,31674730.0,31676903.0,31679036.0,31681151.0,31683438.0,31685637.0,31687716.0,31689846.0,31692071.0,31694388.0,31696735.0,31699123.0,31701263.0,31703506.0,31705758.0,31708149.0,31710556.0,31713099.0,31715564.0,31717948.0,31720225.0,31722457.0,31724694.0,31727034.0,31729267.0,31731507.0,31733782.0,31736022.0,31738296.0,31740566.0,31742909.0,31745278.0,31747460.0,31749737.0,31752087.0,31754445.0,31756878.0,31759715.0,31763676.0,31766858.0,31769824.0,31772854.0,31776032.0,31779132.0,31782226.0,31785235.0,31788110.0,31791099.0,31793805.0,31796417.0,31798978.0,31801677.0,31804286.0,31806783.0,31809048.0,31811414.0,31813547.0,31815632.0,31817783.0,31819938.0,31821971.0,31824012.0,31826015.0,31828043.0,31829984.0,31832069.0,31834299.0,31836532.0,31838690.0,31840879.0,31843015.0,31845191.0,31847262.0,31849403.0,31851540.0,31853671.0,31855748.0,31857893.0,31859951.0,31861926.0,31864027.0,31866101.0,31868042.0,31870134.0,31872207.0,31874189.0,31876223.0,31878262.0,31880305.0,31882317.0,31884315.0,31886273.0,31888171.0,31890063.0,31892005.0,31893900.0,31895692.0,31897514.0,31899371.0,31901398.0,31903387.0,31905361.0,31907280.0,31908994.0,31910707.0,31912412.0,31914105.0,31915842.0,31917586.0,31919246.0,31920802.0,31922576.0,31924308
vGuJuW0bDWA,67804795.0,67832203.0,67861539.0,67893829.0,67925722.0,67956637.0,67987706.0,68017000.0,68049987.0,68083962.0,68117133.0,68148972.0,68183067.0,68218663.0,68253396.0,68286310.0,68319709.0,68352207.0,68384191.0,68416145.0,68451614.0,68487382.0,68525041.0,68559634.0,68590036.0,68623315.0,68660498.0,68693475.0,68726676.0,68760518.0,68794563.0,68825123.0,68855094.0,68886300.0,68925628.0,68960955.0,68997554.0,69037297.0,69074852.0,69105514.0,69136989.0,69167703.0,69199629.0,69233565.0,69263666.0,69291631.0,69318427.0,69348261.0,69377403.0,69407103.0,69436228.0,69465953.0,69492095.0,69518081.0,69539898.0,69564347.0,69591810.0,69618276.0,69642922.0,69668301.0,69693591.0,69718174.0,69742112.0,69767536.0,69793769.0,69822590.0,69852811.0,69881579.0,69906741.0,69940708.0,69968235.0,69993361.0,70021099.0,70048418.0,70076706.0,70103284.0,70129378.0,70154129.0,70180468.0,70204833.0,70228890.0,70252870.0,70277691.0,70303696.0,70327925.0,70352206.0,70375861.0,70399122.0,70422539.0,70447849.0,70471984.0,70494812.0,70517531.0,70540775.0,70564025.0,70588971.0,70615302.0,70641080.0,70667024.0,70690121.0,70713175.0,70735344.0,70756421.0,70777424.0,70799234.0,70821906.0,70844580.0,70867217.0,70890117.0,70911841.0,70932808.0,70953593.0,70974334.0,70995264.0,71017306.0,71039177.0,71059609.0,71080210.0,71100857.0,71121443.0,71142831.0,71165772.0,71187957.0,71209677.0,71231951.0,71255431.0,71278304.0,71302759.0,71326770.0,71349799.0,71371786.0,71395330.0,71418638.0,71441563.0,,,,,,,,,71640114.0,71662737.0,71682716.0,71703253.0,71723180.0,71743525.0,71762075.0,71781704.0,71801366.0,71820059.0,71838353.0,71856289.0,71876153.0,71896258.0,71916847.0,71937360.0,71955564.0,71974684.0,71995099.0,72015678.0,72034989.0,72056004.0,72076752.0,72096884.0,72118069.0,72138039.0,72157664.0,72177095.0,72197143.0,72217441.0,72236244.0,72254948.0,72273492.0,72292694.0,72311159.0,72331452.0,72350926.0,72367944.0,72386438.0,72404967.0,72423240.0,72440587.0,72459658.0,72478759.0,72497078.0,72515658.0,72534688.0,72553743.0,72572945.0,72592533.0,72613309.0,72632973.0,72652542.0,72672823.0,72692270.0,72712273.0,72732164.0,72752024.0,72772106.0,72792617.0,72813010.0,72831428.0,72848944.0,72867546.0,72888024.0,72909180.0,72930874.0,72953201.0,72971595.0,72988073.0,73006654.0,73024494.0,73041865.0,73058738.0,73076571.0,73093798.0,73112188.0,73130546.0,73148499.0,73165008.0,73181433.0,73197997.0,73216842.0,73235717.0,73254748.0,73273062.0,73289814.0,73307626.0,73324661.0,73341106.0,73357609.0,73374955.0,73392157.0,73408254.0,73424677.0,73440875.0,73457105.0,73473355.0,73490815.0,73510229.0,73529393.0,73547591.0,73566136.0,73584783.0,73605416.0,73627038.0,73647548.0,73666803.0,73685654.0,73704976.0,73723143.0,73741818.0,73761845.0,73782290.0,73802988.0,73823478.0,73842750.0,73862468.0,73881855.0,73902005.0,73922139.0,,73961792.0,73980474.0,73998878.0,74016392.0,74034655.0,74052344.0,74068987.0,74084594.0,74100430.0,74116525.0,74133386.0,74151137.0,74167935.0,74183966.0,74199773.0,74216725.0,74233719.0,74251569.0,74270833.0,74289594.0,74307830.0,74326008.0,74344047.0,74362621.0,74380917.0,74397858.0,74415620.0,74433134.0,74449875.0,74466632.0,74483630.0,74501457.0,74519361.0,74536284.0,74552971.0,74570314.0,74587481.0,74606606.0,74627586.0,74651981.0,74673775.0,74692884.0,74711984.0,74732048.0,74751264.0,74770163.0,74788891.0,74807345.0,74825525.0,74843048.0,74859952.0,74877198.0,74894193.0,74911623.0,74928133.0,74943002.0,74957740.0,74971795.0,74985833.0,74999342.0,75012927.0,75026606.0,75039780.0,75052928.0,75066200.0,75079603.0,75093277.0,75107423.0,75121012.0,75133806.0,75146961.0,75159496.0,75172456.0,75186506.0,75199608.0,75212204.0,75225514.0,75239315.0,75252199.0,75265189.0,75278210.0,75290913.0,75303851.0,75316888.0,75330420.0,75343856.0,75356536.0,75369952.0,75383605.0,75397349.0,75410215.0,75422738.0,75435370.0,75448078.0,75461409.0,75475774.0,75488964.0,75501923.0,75516540.0,75531039.0,75545783.0,75560773.0,75575532.0,75589694.0,75603274.0,75615718.0,75628531.0,75641200.0,75653830.0,75667469.0,75680257.0,75692985.0,75706385.0,75719412
tBOWEX2bz80,7289129.0,7290537.0,7291900.0,7293402.0,7294819.0,7296358.0,7297428.0,7298768.0,7299947.0,7301362.0,7302525.0,7303790.0,7305014.0,7306244.0,7307449.0,7308550.0,7309853.0,7310976.0,7312241.0,7313475.0,7314691.0,7315902.0,7317107.0,7318418.0,7319645.0,7321086.0,7322333.0,7323708.0,7325076.0,7326286.0,7327504.0,7328764.0,7330413.0,7331782.0,7333218.0,7334570.0,7335787.0,7337034.0,7338397.0,7339729.0,7340908.0,7342018.0,7343105.0,7344140.0,7345193.0,7346260.0,7347635.0,7348894.0,7350234.0,7351316.0,7352362.0,7353270.0,7354353.0,7355646.0,7357048.0,7358337.0,7359623.0,7360756.0,7361855.0,7363024.0,7364419.0,7365804.0,7367112.0,7368448.0,7369723.0,7370776.0,7371795.0,7373174.0,7374418.0,7376037.0,7377448.0,7378785.0,7379952.0,7381256.0,7382550.0,7383884.0,7385201.0,7386547.0,7387848.0,7389070.0,7390236.0,7391461.0,7392793.0,7394326.0,7395646.0,7397194.0,7398622.0,7399892.0,7401396.0,7402844.0,7404094.0,7405293.0,7406561.0,7407870.0,7409171.0,7410739.0,7412206.0,7413430.0,7414589.0,7415957.0,7417259.0,7418692.0,7420146.0,7421396.0,7422700.0,7423953.0,7425118.0,7426279.0,7427442.0,7428810.0,7430178.0,7431703.0,7433195.0,7434621.0,7436131.0,7437655.0,7439158.0,7440603.0,7442122.0,7443543.0,7444950.0,7446242.0,7447461.0,7448798.0,7450140.0,7451722.0,7453292.0,7454888.0,7456311.0,7457801.0,7459300.0,7460726.0,7462210.0,7463568.0,,,,,,,,,7479944.0,7481989.0,7484079.0,7486373.0,7488820.0,7491166.0,7493654.0,7496441.0,7499934.0,7503413.0,7506834.0,7510472.0,7513462.0,7516711.0,7519755.0,7523012.0,7526235.0,7529762.0,7533078.0,7535384.0,7537267.0,7539344.0,7541530.0,7543977.0,7546680.0,7548897.0,7551278.0,7553522.0,7555477.0,7557736.0,7559798.0,7561863.0,7563981.0,7565880.0,7567778.0,7569613.0,7571747.0,7574055.0,7576546.0,7579144.0,7582056.0,7584619.0,7587010.0,7589454.0,7592162.0,7595036.0,7597847.0,7600400.0,7602741.0,7605229.0,7607874.0,7610405.0,7612729.0,7615089.0,7617403.0,7619816.0,7621959.0,7624040.0,7626288.0,7628899.0,7632011.0,7636212.0,7639322.0,7641593.0,7643675.0,7645712.0,7647632.0,7649456.0,7651007.0,7652479.0,7653876.0,7655528.0,7657125.0,7658681.0,7660216.0,7661738.0,7663289.0,7664416.0,7665604.0,7666877.0,7668153.0,7669268.0,7670499.0,7671730.0,7672913.0,7674030.0,7675014.0,7676291.0,7677462.0,7678648.0,7679806.0,7680875.0,7682030.0,7683206.0,7684470.0,7685831.0,7687052.0,7688230.0,7689243.0,7690379.0,7691740.0,7692872.0,7694058.0,7695206.0,7696274.0,7697319.0,7698388.0,7699504.0,7700591.0,7701633.0,7702753.0,7703732.0,7704971.0,7705899.0,7707161.0,7708322.0,7709491.0,7710748.0,7711882.0,7713099.0,7714116.0,,7716834.0,7718022.0,7719038.0,7719971.0,7720934.0,7721778.0,7722717.0,7723499.0,7724420.0,7725159.0,7725864.0,7726671.0,7727377.0,7728145.0,7728620.0,7728968.0,7729243.0,7729578.0,7729895.0,7730207.0,7730493.0,7730724.0,7731044.0,7731361.0,7731674.0,7731904.0,7732193.0,7732507.0,7732803.0,7733107.0,7733343.0,7733616.0,7733876.0,7734127.0,7734389.0,7734696.0,7734944.0,7735247.0,7735705.0,7736482.0,7737011.0,7737512.0,7737926.0,7738411.0,7738811.0,7739245.0,7739599.0,7740023.0,7740411.0,7740754.0,7741099.0,7741443.0,7741747.0,7742052.0,7742380.0,7742703.0,7743031.0,7743384.0,7743728.0,7744046.0,7744393.0,7744729.0,7745006.0,7745306.0,7745644.0,7745903.0,7746212.0,7746503.0,7746847.0,7747175.0,7747492.0,7747809.0,7748102.0,7748442.0,7748792.0,7749097.0,7749411.0,7749758.0,7750064.0,7750440.0,7750780.0,7751106.0,7751437.0,7751752.0,7752016.0,7752347.0,7752570.0,7752846.0,7753163.0,7753482.0,7753827.0,7754094.0,7754392.0,7754663.0,7754996.0,7755318.0,7755605.0,7755922.0,7756245.0,7756571.0,7756930.0,7757291.0,7757584.0,7757950.0,7758276.0,7758560.0,7758896.0,7759208.0,7759531.0,7759818.0,7760092.0,7760358.0,7760643.0,7760902
7nRiE4sLLxE,38902328.0,38912807.0,38923211.0,38934740.0,38947165.0,38958349.0,38969006.0,38976516.0,38985265.0,38994651.0,39003992.0,39012521.0,39020222.0,39027673.0,39034973.0,39042853.0,39050451.0,39057944.0,39065265.0,39072765.0,39080894.0,39089170.0,39098385.0,39106853.0,39114623.0,39121514.0,39128465.0,39135541.0,39143335.0,39151349.0,39159059.0,39166316.0,39174195.0,39182520.0,39192061.0,39201160.0,39210160.0,39218057.0,39225057.0,39232929.0,39241373.0,39249366.0,39257702.0,39266699.0,39274801.0,39282594.0,39290002.0,39297566.0,39304840.0,39312800.0,39320555.0,39328750.0,39336171.0,39343366.0,39350443.0,39357696.0,39365550.0,39374091.0,39382233.0,39390532.0,39398214.0,39406247.0,39414475.0,39421316.0,39427941.0,39434807.0,39442288.0,39450123.0,39457424.0,39466985.0,39474225.0,39480635.0,39487534.0,39495224.0,39502821.0,39509891.0,39517441.0,39524373.0,39531697.0,39538773.0,39547097.0,39556279.0,39565951.0,39574970.0,39582439.0,39589505.0,39596024.0,39602511.0,39610267.0,39619346.0,39627450.0,39634278.0,39641259.0,39648568.0,39656092.0,39664963.0,39675160.0,39684171.0,39692257.0,39699312.0,39706495.0,39713707.0,39721139.0,39729330.0,39737717.0,39746041.0,39753648.0,39761761.0,39769700.0,39777980.0,39785844.0,39793213.0,39799765.0,39806503.0,39813394.0,39820448.0,39827479.0,39834317.0,39841489.0,39848140.0,39854887.0,39861522.0,39868508.0,39875018.0,39881605.0,39888317.0,39895316.0,39902541.0,39910009.0,39917741.0,39925477.0,39933104.0,39940584.0,39947349.0,,,,,,,,,40009716.0,40017174.0,40024053.0,40030769.0,40037282.0,40044333.0,40051086.0,40058025.0,40065378.0,40072285.0,40078985.0,40085734.0,40092736.0,40100039.0,40107464.0,40114726.0,40122018.0,40129230.0,40136044.0,40142921.0,40149540.0,40156645.0,40163671.0,40171536.0,40179908.0,40187336.0,40194442.0,40201642.0,40208366.0,40215342.0,40222521.0,40229935.0,40236692.0,40244045.0,40251207.0,40258669.0,40265631.0,40272511.0,40279472.0,40286379.0,40293032.0,40299689.0,40306692.0,40313454.0,40320151.0,40327095.0,40333947.0,40340788.0,40347367.0,40354166.0,40361484.0,40368561.0,40375469.0,40382067.0,40388780.0,40395508.0,40401675.0,40408349.0,40415137.0,40422162.0,40428979.0,40435307.0,40441483.0,40447722.0,40453640.0,40459669.0,40466052.0,40472138.0,40477247.0,40482632.0,40488408.0,40494326.0,40500138.0,40506088.0,40511761.0,40517444.0,40523577.0,40529339.0,40535215.0,40540790.0,40546174.0,40551592.0,40557928.0,40563802.0,40568933.0,40574209.0,40579724.0,40585564.0,40590868.0,40596024.0,40601058.0,40606364.0,40611477.0,40616779.0,40622015.0,40627337.0,40632634.0,40637852.0,40643105.0,40648831.0,40654534.0,40659799.0,40665129.0,40670600.0,40676500.0,40682041.0,40687709.0,40693010.0,40698253.0,40703378.0,40708785.0,40714126.0,40719901.0,40725745.0,40731141.0,40736658.0,40742096.0,40747937.0,40753567.0,40759534.0,40765213.0,,40779657.0,40786529.0,40792704.0,40798350.0,40804327.0,40810010.0,40815762.0,40821055.0,40826431.0,40831725.0,40836966.0,40842161.0,40847039.0,40852215.0,40857153.0,40862318.0,40867712.0,40873091.0,40878566.0,40883984.0,40889432.0,40894800.0,40899969.0,40904931.0,40909680.0,40914148.0,40918684.0,40923788.0,40928628.0,40933648.0,40938795.0,40944189.0,40949457.0,40954713.0,40960675.0,40966375.0,40972020.0,40977831.0,40984096.0,40990714.0,40997017.0,41003664.0,41010638.0,41017170.0,41023745.0,41030272.0,41036941.0,41043200.0,41050217.0,41056784.0,41062797.0,41069312.0,41076541.0,41083424.0,41089676.0,41095945.0,41101778.0,41107405.0,41113090.0,41118694.0,41124302.0,41129947.0,41135460.0,41140947.0,41146281.0,41151956.0,41157495.0,41163116.0,41169381.0,41176021.0,41182677.0,41189085.0,41195572.0,41202048.0,41208304.0,41214272.0,41220998.0,41227238.0,41232852.0,41238335.0,41244297.0,41249682.0,41254954.0,41260091.0,41265420.0,41270432.0,41275559.0,41280803.0,41285858.0,41291112.0,41296250.0,41300962.0,41305729.0,41310372.0,41315031.0,41319787.0,41324153.0,41328555.0,41333179.0,41338023.0,41342656.0,41347556.0,41352147.0,41356693.0,41361279.0,41365691.0,41370125.0,41374665.0,41378969.0,41383207.0,41387231.0,41391686.0,41396337.0,41401410
p8lbdZtjWAM,23128516.0,23130975.0,23133642.0,23136428.0,23139616.0,23142745.0,23145708.0,23148541.0,23151484.0,23154634.0,23157893.0,23160546.0,23163067.0,23165286.0,23167931.0,23170496.0,23172969.0,23175448.0,23178023.0,23180980.0,23183877.0,23186809.0,23190222.0,23193704.0,23197095.0,23200269.0,23203528.0,23206868.0,23210348.0,23213815.0,23217291.0,23220910.0,23224528.0,23228151.0,23234049.0,23238765.0,23243102.0,23246490.0,23250115.0,23254657.0,23259548.0,23263426.0,23266880.0,23269861.0,23273058.0,23275979.0,23279029.0,23281933.0,23284825.0,23287225.0,23289703.0,23292653.0,23295521.0,23298871.0,23301846.0,23304482.0,23307034.0,23309662.0,23312355.0,23315174.0,23318024.0,23320619.0,23323251.0,23325748.0,23328254.0,23330646.0,23332781.0,23335129.0,23337294.0,23340565.0,23343270.0,23345609.0,23347878.0,23350126.0,23352569.0,23354952.0,23357330.0,23360241.0,23362800.0,23365360.0,23367943.0,23370729.0,23373458.0,23376545.0,23379526.0,23382338.0,23384860.0,23387222.0,23389722.0,23392309.0,23394549.0,23396754.0,23398933.0,23401216.0,23403623.0,23406053.0,23408980.0,23411644.0,23414396.0,23416947.0,23419313.0,23421742.0,23424365.0,23426742.0,23429314.0,23431767.0,23433949.0,23436362.0,23438676.0,23440931.0,23443237.0,23445570.0,23447790.0,23449965.0,23452318.0,23454679.0,23456870.0,23459089.0,23461386.0,23463739.0,23466067.0,23468393.0,23470733.0,23473180.0,23475606.0,23478183.0,23480986.0,23483810.0,23486247.0,23488877.0,23491129.0,23493665.0,23496236.0,23498602.0,,,,,,,,,23518684.0,23521092.0,23523245.0,23525492.0,23527800.0,23530036.0,23532027.0,23534139.0,23536646.0,23539029.0,23541264.0,23543423.0,23545885.0,23548325.0,23550661.0,23552922.0,23555183.0,23557375.0,23559689.0,23562023.0,23564188.0,23566927.0,23569752.0,23573003.0,23577419.0,23580849.0,23584220.0,23587184.0,23589901.0,23592639.0,23595331.0,23597930.0,23600532.0,23602944.0,23605333.0,23607705.0,23610192.0,23612213.0,23614438.0,23616723.0,23619270.0,23621434.0,23623720.0,23625941.0,23628030.0,23630303.0,23632624.0,23634840.0,23636966.0,23639273.0,23641486.0,23643632.0,23645688.0,23647858.0,23649945.0,23652083.0,23654083.0,23656151.0,23658155.0,23660322.0,23662377.0,23664348.0,23666360.0,23668440.0,23670265.0,23672099.0,23674064.0,23675786.0,23677445.0,23679095.0,23680836.0,23682689.0,23684478.0,23686379.0,23688342.0,23690374.0,23692644.0,23694731.0,23696933.0,23699035.0,23700993.0,23702861.0,23704938.0,23707134.0,23709083.0,23711051.0,23712888.0,23714669.0,23716485.0,23718374.0,23720163.0,23722018.0,23723965.0,23726015.0,23727810.0,23729727.0,23731516.0,23733302.0,23735301.0,23737351.0,23739317.0,23741078.0,23742885.0,23744741.0,23746688.0,23748582.0,23750990.0,23753227.0,23755162.0,23756929.0,23758786.0,23760668.0,23762618.0,23764533.0,23766457.0,23768481.0,23770523.0,23772460.0,23774419.0,23776559.0,23778536.0,,23783663.0,23786028.0,23788233.0,23790186.0,23792142.0,23794122.0,23796145.0,23797898.0,23799656.0,23801373.0,23803048.0,23804716.0,23806519.0,23808195.0,23809911.0,23811746.0,23813636.0,23815425.0,23817342.0,23819209.0,23820958.0,23822784.0,23824582.0,23826458.0,23828329.0,23829953.0,23831552.0,23833393.0,23835183.0,23836906.0,23838727.0,23840591.0,23842413.0,23844240.0,23846306.0,23848347.0,23850359.0,23852268.0,23855054.0,23859778.0,23863393.0,23866629.0,23869592.0,23872626.0,23875652.0,23878607.0,23881541.0,23884245.0,23887411.0,23889859.0,23891778.0,23894059.0,23896351.0,23898432.0,23900409.0,23902295.0,23904396.0,23906400.0,23908395.0,23910115.0,23911864.0,23913789.0,23915671.0,23917619.0,23919395.0,23921122.0,23922747.0,23924459.0,23926092.0,23927784.0,23929455.0,23930986.0,23932537.0,23934081.0,23935646.0,23937200.0,23938853.0,23940475.0,23941986.0,23943422.0,23944998.0,23946506.0,23948013.0,23949437.0,23950877.0,23952395.0,23953792.0,23955159.0,23956573.0,23958034.0,23959429.0,23960739.0,23961899.0,23963196.0,23964419.0,23965793.0,23967012.0,23968241.0,23969627.0,23971139.0,23972635.0,23974130.0,23975692.0,23977171.0,23978557.0,23979888.0,23981166.0,23982489.0,23983697.0,23984940.0,23986070.0,23987216.0,23988482.0,23989753
bEJEBLc7bNo,2150587.0,2150675.0,2150766.0,2150882.0,2150975.0,2151066.0,2151160.0,2151255.0,2151371.0,2151495.0,2151596.0,2151688.0,2151803.0,2151922.0,2152005.0,2152120.0,2152226.0,2152327.0,2152476.0,2152600.0,2152718.0,2152931.0,2153159.0,2153406.0,2153658.0,2154003.0,2154307.0,2154730.0,2155105.0,2155377.0,2155613.0,2155793.0,2156086.0,2156378.0,2156872.0,2157199.0,2157400.0,2157626.0,2157828.0,2158087.0,2158368.0,2158551.0,2158735.0,2158868.0,2159043.0,2159237.0,2159447.0,2159601.0,2159780.0,2159907.0,2160087.0,2160214.0,2160334.0,2160466.0,2160605.0,2160773.0,2160911.0,2161043.0,2161144.0,2161283.0,2161385.0,2161495.0,2161605.0,2161715.0,2161826.0,2161926.0,2162015.0,2162090.0,2162170.0,2162284.0,2162373.0,2162456.0,2162557.0,2162641.0,2162706.0,2162773.0,2162836.0,2162948.0,2163030.0,2163113.0,2163199.0,2163257.0,2163322.0,2163400.0,2163497.0,2163596.0,2163688.0,2163759.0,2163831.0,2163890.0,2163959.0,2164022.0,2164098.0,2164186.0,2164267.0,2164341.0,2164401.0,2164460.0,2164519.0,2164585.0,2164651.0,2164716.0,2164772.0,2164830.0,2164900.0,2164951.0,2165018.0,2165076.0,2165146.0,2165207.0,2165258.0,2165321.0,2165367.0,2165440.0,2165496.0,2165577.0,2165654.0,2165710.0,2165782.0,2165844.0,2165925.0,2166015.0,2166077.0,2166116.0,2166170.0,2166216.0,2166288.0,2166345.0,2166409.0,2166478.0,2166547.0,2166593.0,2166643.0,2166700.0,,,,,,,,,2167295.0,2167363.0,2167417.0,2167510.0,2167561.0,2167629.0,2167715.0,2167779.0,2167882.0,2167945.0,2168027.0,2168090.0,2168186.0,2168262.0,2168362.0,2168456.0,2168540.0,2168611.0,2168701.0,2168783.0,2168858.0,2168959.0,2169060.0,2169168.0,2169270.0,2169376.0,2169444.0,2169511.0,2169594.0,2169661.0,2169718.0,2169796.0,2169859.0,2169923.0,2170026.0,2170096.0,2170174.0,2170252.0,2170318.0,2170405.0,2170517.0,2170621.0,2170718.0,2170793.0,2170867.0,2170919.0,2171004.0,2171082.0,2171153.0,2171254.0,2171314.0,2171373.0,2171443.0,2171516.0,2171602.0,2171679.0,2171748.0,2171836.0,2171931.0,2172029.0,2172092.0,2172153.0,2172230.0,2172306.0,2172375.0,2172444.0,2172520.0,2172602.0,2172686.0,2172747.0,2172813.0,2172881.0,2172945.0,2173006.0,2173071.0,2173154.0,2173231.0,2173316.0,2173390.0,2173441.0,2173497.0,2173578.0,2173641.0,2173709.0,2173796.0,2173861.0,2173942.0,2173982.0,2174043.0,2174093.0,2174153.0,2174233.0,2174317.0,2174393.0,2174471.0,2174544.0,2174618.0,2174683.0,2174755.0,2174822.0,2174874.0,2174940.0,2175011.0,2175074.0,2175141.0,2175209.0,2175283.0,2175331.0,2175415.0,2175469.0,2175535.0,2175591.0,2175667.0,2175731.0,2175815.0,2175886.0,2175956.0,2176014.0,2176084.0,2176182.0,2176246.0,,2176375.0,2176437.0,2176507.0,2176589.0,2176668.0,2176754.0,2176813.0,2176868.0,2176926.0,2176976.0,2177032.0,2177093.0,2177155.0,2177223.0,2177283.0,2177350.0,2177403.0,2177469.0,2177547.0,2177612.0,2177675.0,2177744.0,2177813.0,2177883.0,2177947.0,2178023.0,2178077.0,2178157.0,2178208.0,2178277.0,2178342.0,2178428.0,2178500.0,2178568.0,2178618.0,2178690.0,2178735.0,2178798.0,2178911.0,2179046.0,2179188.0,2179319.0,2179398.0,2179489.0,2179599.0,2179687.0,2179775.0,2179850.0,2179943.0,2180008.0,2180075.0,2180161.0,2180207.0,2180287.0,2180362.0,2180460.0,2180532.0,2180618.0,2180690.0,2180780.0,2180849.0,2180930.0,2180998.0,2181062.0,2181136.0,2181203.0,2181282.0,2181370.0,2181453.0,2181512.0,2181580.0,2181640.0,2181700.0,2181770.0,2181853.0,2181911.0,2181991.0,2182047.0,2182106.0,2182159.0,2182228.0,2182282.0,2182349.0,2182398.0,2182448.0,2182513.0,2182568.0,2182644.0,2182688.0,2182736.0,2182791.0,2182848.0,2182896.0,2182957.0,2183003.0,2183145.0,2183199.0,2183262.0,2183338.0,2183391.0,2183455.0,2183517.0,2183570.0,2183630.0,2183680.0,2183733.0,2183801.0,2183855.0,2183921.0,2183971.0,2184028.0,2184081.0,2184126.0,2184173
2R_S5TgDWMY,27090066.0,27097266.0,27105515.0,27114040.0,27122778.0,27130829.0,27138315.0,27146227.0,27154442.0,27163027.0,27171247.0,27179097.0,27187218.0,27195612.0,27205029.0,27213391.0,27221954.0,27229979.0,27238660.0,27247734.0,27257239.0,27266955.0,27277451.0,27288289.0,27298180.0,27308819.0,27319105.0,27329606.0,27340583.0,27351528.0,27362243.0,27372732.0,27383468.0,27394220.0,27411680.0,27424965.0,27438107.0,27449186.0,27459843.0,27473650.0,27488168.0,27499789.0,27510938.0,27521304.0,27531020.0,27540977.0,27550504.0,27559728.0,27568603.0,27576728.0,27584509.0,27592803.0,27601307.0,27610479.0,27620242.0,27628978.0,27637529.0,27646226.0,27655145.0,27664156.0,27673733.0,27683626.0,27693764.0,27702603.0,27710821.0,27718699.0,27726560.0,27735373.0,27743665.0,27755207.0,27765516.0,27774852.0,27783988.0,27793000.0,27802820.0,27812623.0,27822011.0,27831742.0,27842112.0,27851825.0,27861277.0,27870114.0,27879086.0,27888625.0,27897887.0,27907449.0,27917047.0,27925789.0,27935084.0,27944113.0,27952767.0,27961258.0,27970364.0,27980319.0,27990139.0,27998701.0,28007745.0,28015699.0,28023226.0,28031192.0,28039404.0,28048368.0,28057133.0,28065055.0,28073086.0,28080964.0,28088449.0,28095684.0,28103314.0,28111993.0,28120930.0,28130561.0,28139610.0,28148139.0,28156656.0,28165223.0,28173524.0,28181827.0,28190092.0,28198297.0,28206782.0,28215325.0,28223872.0,28232324.0,28240638.0,28249061.0,28257131.0,28266000.0,28274550.0,28283065.0,28291017.0,28299417.0,28308054.0,28316183.0,,,,,,,,,28394747.0,28403541.0,28411793.0,28419660.0,28427894.0,28435419.0,28442986.0,28450393.0,28458652.0,28466498.0,28473965.0,28481349.0,28489694.0,28497739.0,28505857.0,28513718.0,28521646.0,28529901.0,28538491.0,28546863.0,28555076.0,28563664.0,28572950.0,28583255.0,28595661.0,28606075.0,28616081.0,28625668.0,28634869.0,28644201.0,28653628.0,28662882.0,28672807.0,28681928.0,28690735.0,28699669.0,28708383.0,28717414.0,28726402.0,28735292.0,28744557.0,28752633.0,28761265.0,28769695.0,28777860.0,28786333.0,28794909.0,28803266.0,28811594.0,28819979.0,28829838.0,28839329.0,28848787.0,28858370.0,28867097.0,28875855.0,28884021.0,28891833.0,28899929.0,28908736.0,28916983.0,28924416.0,28932079.0,28939592.0,28946161.0,28953671.0,28961552.0,28969125.0,28975321.0,28982081.0,28988919.0,28996003.0,29003233.0,29010108.0,29017615.0,29024808.0,29033060.0,29040867.0,29048439.0,29055584.0,29062912.0,29069836.0,29077797.0,29085452.0,29092962.0,29100441.0,29108304.0,29116468.0,29124203.0,29131419.0,29138505.0,29145757.0,29152973.0,29159930.0,29166837.0,29174035.0,29181545.0,29188511.0,29195828.0,29203299.0,29210746.0,29218152.0,29225522.0,29233060.0,29240996.0,29248260.0,29255826.0,29263550.0,29270944.0,29278807.0,29286869.0,29294457.0,29301893.0,29309384.0,29317322.0,29325110.0,29332546.0,29340080.0,29347846.0,29356131.0,29363537.0,,29381393.0,29389975.0,29398682.0,29406553.0,29414468.0,29422441.0,29430065.0,29437089.0,29444306.0,29451608.0,29458606.0,29465793.0,29472879.0,29480193.0,29487068.0,29494555.0,29502563.0,29510751.0,29518822.0,29527076.0,29535864.0,29544709.0,29553324.0,29561859.0,29570466.0,29577058.0,29583971.0,29591967.0,29600179.0,29608772.0,29617070.0,29625829.0,29634753.0,29643613.0,29654306.0,29664652.0,29674921.0,29685134.0,29700865.0,29725149.0,29743573.0,29760767.0,29776853.0,29792010.0,29806076.0,29819292.0,29831015.0,29842542.0,29853398.0,29862518.0,29871310.0,29880205.0,29889004.0,29897530.0,29905369.0,29913099.0,29921240.0,29929225.0,29937043.0,29944277.0,29951534.0,29959084.0,29966097.0,29973436.0,29981505.0,29989458.0,29996512.0,30003571.0,30010115.0,30017236.0,30024039.0,30030574.0,30037392.0,30044763.0,30051550.0,30058616.0,30066100.0,30073180.0,30080470.0,30087598.0,30095055.0,30102193.0,30109008.0,30116781.0,30124403.0,30132368.0,30139917.0,30147791.0,30155460.0,30163028.0,30170602.0,30177824.0,30184380.0,30191768.0,30199299.0,30206564.0,30213322.0,30220747.0,30228940.0,30236861.0,30245140.0,30253283.0,30261037.0,30268124.0,30275297.0,30282460.0,30289665.0,30297293.0,30304517.0,30311545.0,30318460.0,30325902.0,30333457.0,30341155
XDnGdcgd3Pc,67456054.0,67461926.0,67469292.0,67477438.0,67486090.0,67493961.0,67501063.0,67508545.0,67516711.0,67525003.0,67533707.0,67541731.0,67549819.0,67558080.0,67566656.0,67574475.0,67582325.0,67590177.0,67598326.0,67606057.0,67614494.0,67623343.0,67633829.0,67644747.0,67654459.0,67664013.0,67673536.0,67683069.0,67692917.0,67702517.0,67711516.0,67720256.0,67729271.0,67739377.0,67757222.0,67772166.0,67787518.0,67800530.0,67812391.0,67824998.0,67838635.0,67850599.0,67862858.0,67874072.0,67883805.0,67892794.0,67901267.0,67909738.0,67918074.0,67926010.0,67934027.0,67942060.0,67949477.0,67956189.0,67963516.0,67970854.0,67978530.0,67986532.0,67994746.0,68003203.0,68011394.0,68019626.0,68027357.0,68034838.0,68042191.0,68050476.0,68059120.0,68067481.0,68075148.0,68085661.0,68094632.0,68103017.0,68112754.0,68122486.0,68132531.0,68141639.0,68149974.0,68157843.0,68165571.0,68172624.0,68180490.0,68188288.0,68196363.0,68204643.0,68212251.0,68219473.0,68226348.0,68233234.0,68240775.0,68249301.0,68256749.0,68263662.0,68270936.0,68278476.0,68286050.0,68294229.0,68304545.0,68312329.0,68319725.0,68326246.0,68332932.0,68339697.0,68346176.0,68353055.0,68359965.0,68366725.0,68373114.0,68379313.0,68385767.0,68391862.0,68397945.0,68403668.0,68409101.0,68414633.0,68420995.0,68427502.0,68433654.0,68439574.0,68445622.0,68451601.0,68457609.0,68464015.0,68470279.0,68475875.0,68481444.0,68487254.0,68493414.0,68499745.0,68506214.0,68512634.0,68518585.0,68524585.0,68530985.0,68537106.0,,,,,,,,,68593587.0,68600485.0,68606463.0,68612491.0,68620517.0,68627522.0,68633930.0,68639890.0,68647863.0,68655414.0,68662478.0,68668844.0,68675869.0,68682855.0,68689406.0,68696076.0,68702154.0,68708374.0,68714637.0,68720980.0,68727303.0,68734408.0,68741954.0,68750954.0,68762048.0,68771958.0,68781484.0,68790145.0,68798614.0,68807310.0,68815051.0,68822642.0,68829654.0,68836803.0,68843172.0,68850459.0,68857543.0,68863436.0,68869715.0,68875971.0,68882350.0,68888401.0,68895046.0,68901924.0,68908274.0,68914633.0,68920842.0,68927188.0,68933595.0,68940367.0,68947291.0,68953979.0,68960706.0,68967704.0,68974512.0,68981205.0,68988181.0,68995031.0,69001587.0,69008236.0,69014737.0,69021054.0,69027694.0,69034215.0,69040271.0,69046462.0,69053094.0,69059790.0,69065705.0,69071677.0,69077850.0,69084398.0,69090337.0,69096204.0,69102357.0,69108670.0,69115835.0,69122639.0,69129355.0,69135495.0,69141247.0,69147196.0,69153643.0,69160768.0,69167068.0,69173125.0,69178862.0,69184399.0,69189731.0,69194606.0,69199734.0,69205120.0,69210782.0,69215903.0,69220905.0,69225927.0,69231335.0,69236648.0,69242228.0,69248397.0,69254308.0,69259950.0,69265619.0,69271301.0,69277537.0,69283020.0,69288645.0,69294093.0,69299499.0,69304991.0,69310303.0,69315761.0,69321786.0,69327631.0,69333502.0,69339197.0,69344740.0,69350028.0,69355146.0,69360860.0,69366364.0,,69379430.0,69385516.0,69391419.0,69396906.0,69402658.0,69408321.0,69413717.0,69418508.0,69423091.0,69427683.0,69432151.0,69436829.0,69441317.0,69445818.0,69450143.0,69454569.0,69459384.0,69464540.0,69469799.0,69475025.0,69480263.0,69485365.0,69490460.0,69495615.0,69500697.0,69505059.0,69509752.0,69514564.0,69519469.0,69524315.0,69529394.0,69534677.0,69539650.0,69544461.0,69549786.0,69554861.0,69559721.0,69565138.0,69571847.0,69581368.0,69589148.0,69596323.0,69603049.0,69609732.0,69616033.0,69622303.0,69628145.0,69634231.0,69641283.0,69647389.0,69653100.0,69658978.0,69664817.0,69670568.0,69676120.0,69681242.0,69686528.0,69691297.0,69696007.0,69700433.0,69704974.0,69709571.0,69713960.0,69718291.0,69722788.0,69727279.0,69731960.0,69736556.0,69741272.0,69746025.0,69750753.0,69755218.0,69759493.0,69763847.0,69768144.0,69772451.0,69777046.0,69781499.0,69785530.0,69789447.0,69793466.0,69797660.0,69801890.0,69805927.0,69810155.0,69814529.0,69818789.0,69823254.0,69827608.0,69832014.0,69836202.0,69840112.0,69843935.0,69847841.0,69851578.0,69855494.0,69859130.0,69862861.0,69866803.0,69870984.0,69875093.0,69879241.0,69883231.0,69887152.0,69890687.0,69894157.0,69897632.0,69901050.0,69904590.0,69908238.0,69911859.0,69915449.0,69919317.0,69923095
MEFM7DIyZPU,558182.0,558222.0,558270.0,558317.0,558369.0,558427.0,558488.0,558550.0,558598.0,558638.0,558692.0,558748.0,558799.0,558854.0,558897.0,558962.0,559024.0,559086.0,559130.0,559185.0,559256.0,559299.0,559352.0,559406.0,559456.0,559534.0,559611.0,559691.0,559753.0,559818.0,559867.0,559940.0,559998.0,560070.0,560168.0,560259.0,560339.0,560424.0,560482.0,560576.0,560647.0,560725.0,560782.0,560851.0,560922.0,560991.0,561060.0,561111.0,561176.0,561235.0,561293.0,561358.0,561401.0,561459.0,561516.0,561585.0,561651.0,561711.0,561771.0,561838.0,561904.0,561967.0,562022.0,562090.0,562147.0,562202.0,562274.0,562336.0,562381.0,562448.0,562522.0,562568.0,562631.0,562679.0,562726.0,562785.0,562832.0,562891.0,562976.0,563032.0,563086.0,563159.0,563227.0,563284.0,563345.0,563412.0,563483.0,563564.0,563652.0,563728.0,563804.0,563868.0,563919.0,563988.0,564038.0,564086.0,564147.0,564195.0,564243.0,564313.0,564373.0,564426.0,564504.0,564581.0,564638.0,564702.0,564784.0,564841.0,564911.0,564987.0,565043.0,565130.0,565195.0,565236.0,565307.0,565372.0,565432.0,565481.0,565529.0,565577.0,565629.0,565692.0,565745.0,565812.0,565860.0,565905.0,565953.0,565998.0,566029.0,566079.0,566139.0,566187.0,566226.0,566270.0,,,,,,,,,566688.0,566718.0,566764.0,566806.0,566845.0,566886.0,566930.0,566979.0,567047.0,567091.0,567145.0,567177.0,567213.0,567273.0,567321.0,567364.0,567399.0,567451.0,567512.0,567548.0,567584.0,567628.0,567685.0,567724.0,567767.0,567808.0,567854.0,567904.0,567951.0,567995.0,568041.0,568098.0,568143.0,568201.0,568244.0,568298.0,568332.0,568377.0,568415.0,568455.0,568505.0,568542.0,568580.0,568613.0,568650.0,568694.0,568741.0,568783.0,568837.0,568866.0,568907.0,568951.0,569005.0,569037.0,569088.0,569129.0,569155.0,569204.0,569245.0,569281.0,569321.0,569357.0,569388.0,569423.0,569457.0,569516.0,569558.0,569609.0,569649.0,569699.0,569745.0,569812.0,569861.0,569904.0,569955.0,570009.0,570061.0,570109.0,570148.0,570197.0,570263.0,570315.0,570365.0,570425.0,570475.0,570527.0,570564.0,570606.0,570666.0,570708.0,570749.0,570801.0,570845.0,570900.0,570955.0,571008.0,571048.0,571114.0,571148.0,571192.0,571226.0,571257.0,571300.0,571339.0,571394.0,571429.0,571477.0,571519.0,571559.0,571601.0,571630.0,571667.0,571709.0,571755.0,571801.0,571860.0,571909.0,571959.0,572002.0,572048.0,572091.0,,572158.0,572206.0,572232.0,572270.0,572322.0,572366.0,572392.0,572438.0,572480.0,572512.0,572554.0,572589.0,572627.0,572664.0,572693.0,572733.0,572765.0,572814.0,572836.0,572894.0,572940.0,572988.0,573024.0,573064.0,573098.0,573133.0,573176.0,573215.0,573262.0,573295.0,573342.0,573392.0,573445.0,573474.0,573520.0,573562.0,573610.0,573651.0,573707.0,573756.0,573791.0,573829.0,573876.0,573936.0,573992.0,574038.0,574094.0,574151.0,574194.0,574247.0,574298.0,574350.0,574407.0,574460.0,574500.0,574550.0,574607.0,574649.0,574692.0,574750.0,574791.0,574819.0,574861.0,574914.0,574968.0,575034.0,575090.0,575141.0,575199.0,575259.0,575317.0,575349.0,575387.0,575435.0,575492.0,575534.0,575576.0,575616.0,575659.0,575713.0,575758.0,575812.0,575847.0,575882.0,575923.0,575967.0,576005.0,576035.0,576069.0,576117.0,576152.0,576192.0,576217.0,576257.0,576303.0,576357.0,576400.0,576431.0,576471.0,576514.0,576555.0,576586.0,576626.0,576661.0,576706.0,576746.0,576778.0,576824.0,576843.0,576877.0,576909.0,576950.0,576987.0,577034
8umUXHLGl3o,1912079.0,1912187.0,1912329.0,1912469.0,1912646.0,1912744.0,1912861.0,1913015.0,1913178.0,1913332.0,1913481.0,1913644.0,1913797.0,1913986.0,1914167.0,1914308.0,1914435.0,1914584.0,1914716.0,1914883.0,1915010.0,1915169.0,1915312.0,1915459.0,1915615.0,1915788.0,1915944.0,1916107.0,1916278.0,1916444.0,1916603.0,1916727.0,1916851.0,1916967.0,1917117.0,1917260.0,1917424.0,1917561.0,1917727.0,1917854.0,1917985.0,1918112.0,1918255.0,1918388.0,1918525.0,1918695.0,1918871.0,1919014.0,1919158.0,1919304.0,1919434.0,1919552.0,1919693.0,1919825.0,1919995.0,1920187.0,1920369.0,1920496.0,1920650.0,1920783.0,1920993.0,1921199.0,1921325.0,1921502.0,1921676.0,1921805.0,1921948.0,1922063.0,1922201.0,1922407.0,1922559.0,1922692.0,1922845.0,1922992.0,1923130.0,1923294.0,1923426.0,1923606.0,1923758.0,1923935.0,1924091.0,1924267.0,1924416.0,1924584.0,1924739.0,1924903.0,1925041.0,1925192.0,1925334.0,1925481.0,1925623.0,1925762.0,1925933.0,1926103.0,1926278.0,1926475.0,1926654.0,1926794.0,1926919.0,1927046.0,1927158.0,1927278.0,1927397.0,1927507.0,1927631.0,1927795.0,1927893.0,1928011.0,1928130.0,1928246.0,1928380.0,1928479.0,1928567.0,1928677.0,1928782.0,1928883.0,1928990.0,1929094.0,1929178.0,1929282.0,1929388.0,1929490.0,1929596.0,1929724.0,1929815.0,1929934.0,1930069.0,1930160.0,1930287.0,1930391.0,1930501.0,1930622.0,1930743.0,1930864.0,,,,,,,,,1931943.0,1932089.0,1932251.0,1932364.0,1932494.0,1932626.0,1932736.0,1932870.0,1933000.0,1933133.0,1933232.0,1933360.0,1933489.0,1933593.0,1933705.0,1933846.0,1933979.0,1934116.0,1934240.0,1934359.0,1934487.0,1934597.0,1934753.0,1934881.0,1935025.0,1935158.0,1935272.0,1935407.0,1935503.0,1935640.0,1935749.0,1935875.0,1935984.0,1936087.0,1936233.0,1936327.0,1936453.0,1936571.0,1936675.0,1936806.0,1936933.0,1937030.0,1937131.0,1937250.0,1937382.0,1937517.0,1937633.0,1937796.0,1937920.0,1938041.0,1938160.0,1938297.0,1938391.0,1938521.0,1938617.0,1938726.0,1938846.0,1938927.0,1939016.0,1939139.0,1939229.0,1939320.0,1939423.0,1939522.0,1939619.0,1939714.0,1939825.0,1939928.0,1940010.0,1940105.0,1940239.0,1940322.0,1940420.0,1940548.0,1940650.0,1940793.0,1940950.0,1941048.0,1941161.0,1941307.0,1941404.0,1941511.0,1941614.0,1941756.0,1941867.0,1941979.0,1942088.0,1942198.0,1942308.0,1942413.0,1942530.0,1942627.0,1942742.0,1942848.0,1942934.0,1943063.0,1943184.0,1943300.0,1943405.0,1943526.0,1943642.0,1943735.0,1943867.0,1943980.0,1944079.0,1944221.0,1944322.0,1944435.0,1944567.0,1944680.0,1944787.0,1944905.0,1945056.0,1945155.0,1945276.0,1945368.0,1945471.0,1945589.0,1945711.0,1945802.0,1945912.0,,1946154.0,1946287.0,1946416.0,1946530.0,1946664.0,1946769.0,1946859.0,1946938.0,1947045.0,1947153.0,1947243.0,1947340.0,1947427.0,1947543.0,1947688.0,1947837.0,1947948.0,1948065.0,1948164.0,1948296.0,1948412.0,1948545.0,1948659.0,1948756.0,1948886.0,1948995.0,1949100.0,1949221.0,1949338.0,1949427.0,1949531.0,1949640.0,1949763.0,1949854.0,1949939.0,1950063.0,1950176.0,1950297.0,1950446.0,1950627.0,1950780.0,1950932.0,1951091.0,1951246.0,1951405.0,1951565.0,1951703.0,1951852.0,1951961.0,1952071.0,1952182.0,1952309.0,1952447.0,1952550.0,1952634.0,1952753.0,1952853.0,1952967.0,1953074.0,1953169.0,1953261.0,1953352.0,1953460.0,1953533.0,1953642.0,1953737.0,1953845.0,1953931.0,1954044.0,1954167.0,1954259.0,1954380.0,1954504.0,1954599.0,1954729.0,1954841.0,1954963.0,1955101.0,1955235.0,1955355.0,1955511.0,1955613.0,1955705.0,1955840.0,1955943.0,1956059.0,1956154.0,1956267.0,1956361.0,1956442.0,1956548.0,1956639.0,1956749.0,1956840.0,1956929.0,1957019.0,1957093.0,1957179.0,1957274.0,1957377.0,1957468.0,1957564.0,1957702.0,1957791.0,1957881.0,1957957.0,1958081.0,1958165.0,1958241.0,1958316.0,1958401.0,1958498.0,1958608.0,1958700
K7cHPC3c3Jk,1198543.0,1199182.0,1199814.0,1200337.0,1200915.0,1201399.0,1201883.0,1202470.0,1203101.0,1203663.0,1204216.0,1204737.0,1205243.0,1205771.0,1206349.0,1206856.0,1207336.0,1207814.0,1208336.0,1208839.0,1209458.0,1209958.0,1210537.0,1211171.0,1211591.0,1212220.0,1212697.0,1213181.0,1213771.0,1214413.0,1214870.0,1215408.0,1215916.0,1216488.0,1217231.0,1217903.0,1218552.0,1219223.0,1219773.0,1220291.0,1220913.0,1221428.0,1222105.0,1222901.0,1223624.0,1224311.0,1224875.0,1225336.0,1225814.0,1226324.0,1226784.0,1227397.0,1228065.0,1228725.0,1229270.0,1229774.0,1230378.0,1230872.0,1231505.0,1232245.0,1232989.0,1233684.0,1234363.0,1234894.0,1235532.0,1236098.0,1236516.0,1237173.0,1237790.0,1238963.0,1239794.0,1240440.0,1241008.0,1241467.0,1241971.0,1242633.0,1243256.0,1243853.0,1244564.0,1245136.0,1245629.0,1246136.0,1246642.0,1247265.0,1247809.0,1248390.0,1248919.0,1249411.0,1250052.0,1250683.0,1251281.0,1251928.0,1252559.0,1253171.0,1253769.0,1254315.0,1254979.0,1255612.0,1256183.0,1256719.0,1257268.0,1257733.0,1258142.0,1258589.0,1259093.0,1259625.0,1260109.0,1260541.0,1260981.0,1261481.0,1262012.0,1262532.0,1263114.0,1263626.0,1264172.0,1264612.0,1265032.0,1265471.0,1265991.0,1266481.0,1267003.0,1267474.0,1267965.0,1268550.0,1269071.0,1269620.0,1270246.0,1270773.0,1271264.0,1271708.0,1272265.0,1272871.0,1273450.0,1273976.0,,,,,,,,,1279024.0,1279624.0,1280062.0,1280547.0,1281108.0,1281744.0,1282337.0,1283034.0,1283714.0,1284337.0,1285041.0,1285702.0,1286312.0,1286975.0,1287683.0,1288325.0,1289001.0,1289754.0,1290557.0,1291322.0,1291988.0,1292749.0,1293386.0,1294204.0,1295070.0,1295658.0,1296365.0,1297069.0,1297640.0,1298376.0,1299014.0,1299983.0,1300794.0,1301584.0,1302481.0,1303158.0,1303832.0,1304537.0,1305302.0,1305966.0,1306601.0,1307237.0,1307837.0,1308471.0,1309080.0,1309991.0,1310860.0,1311657.0,1312381.0,1312988.0,1313719.0,1314457.0,1315201.0,1315995.0,1316678.0,1317302.0,1317954.0,1318600.0,1319495.0,1320232.0,1320953.0,1321528.0,1322194.0,1322880.0,1323414.0,1324058.0,1324633.0,1325129.0,1325557.0,1326074.0,1326584.0,1327027.0,1327672.0,1328305.0,1328827.0,1329438.0,1330062.0,1330623.0,1331174.0,1332034.0,1332806.0,1333405.0,1334237.0,1334929.0,1335511.0,1336049.0,1336733.0,1337515.0,1338154.0,1338752.0,1339289.0,1339823.0,1340301.0,1341007.0,1341584.0,1342321.0,1342902.0,1343538.0,1344088.0,1344582.0,1345109.0,1345587.0,1346257.0,1346935.0,1347645.0,1348171.0,1348773.0,1349562.0,1350188.0,1350792.0,1351400.0,1351884.0,1352400.0,1352786.0,1353269.0,1353669.0,1354157.0,1354765.0,1355516.0,1356178.0,1356766.0,,1358178.0,1358928.0,1359759.0,1360454.0,1361065.0,1361734.0,1362390.0,1362928.0,1363503.0,1364065.0,1364767.0,1365325.0,1365974.0,1366604.0,1367246.0,1367926.0,1368571.0,1369211.0,1369724.0,1370339.0,1370933.0,1371489.0,1371971.0,1372487.0,1372990.0,1373424.0,1373761.0,1374255.0,1374700.0,1375171.0,1375665.0,1376115.0,1376478.0,1376894.0,1377549.0,1378238.0,1378814.0,1379371.0,1379861.0,1380349.0,1380893.0,1381519.0,1382158.0,1382744.0,1383335.0,1383944.0,1384523.0,1384949.0,1385655.0,1386132.0,1386624.0,1387103.0,1387547.0,1388121.0,1388522.0,1389147.0,1389719.0,1390250.0,1390827.0,1391419.0,1391862.0,1392321.0,1392807.0,1393499.0,1394142.0,1394639.0,1395203.0,1395701.0,1396161.0,1396638.0,1397146.0,1397665.0,1398218.0,1398776.0,1399268.0,1399806.0,1400504.0,1401061.0,1401664.0,1402275.0,1402815.0,1403243.0,1403697.0,1404293.0,1404835.0,1405318.0,1405825.0,1406495.0,1407061.0,1407546.0,1408032.0,1408562.0,1409037.0,1409539.0,1409932.0,1410327.0,1410653.0,1411180.0,1411700.0,1412338.0,1412926.0,1413454.0,1413978.0,1414426.0,1414904.0,1415528.0,1416005.0,1416659.0,1417140.0,1417528.0,1417932.0,1418358.0,1418813.0,1419352
ZVcy7bQkBhA,10695749.0,10698861.0,10702422.0,10706292.0,10710221.0,10713866.0,10717162.0,10720598.0,10724202.0,10727759.0,10731558.0,10735007.0,10738604.0,10742190.0,10745999.0,10749678.0,10753360.0,10756891.0,10760494.0,10763969.0,10767696.0,10771674.0,10775720.0,10779650.0,10783231.0,10786575.0,10790114.0,10793692.0,10797401.0,10800901.0,10804214.0,10807575.0,10810802.0,10814169.0,10818074.0,10821682.0,10825445.0,10829102.0,10832860.0,10836305.0,10839452.0,10842271.0,10845175.0,10847911.0,10850729.0,10853538.0,10856218.0,10859111.0,10861966.0,10864601.0,10867060.0,10869749.0,10872521.0,10875383.0,10877912.0,10880345.0,10882801.0,10885123.0,10887408.0,10889976.0,10892614.0,10895178.0,10897736.0,10900230.0,10902729.0,10905623.0,10908407.0,10911098.0,10913742.0,10918401.0,10922043.0,10925058.0,10928172.0,10930850.0,10933844.0,10936559.0,10939262.0,10942511.0,10945562.0,10948715.0,10951774.0,10954607.0,10958014.0,10961537.0,10965139.0,10968564.0,10972680.0,10976270.0,10980303.0,10983841.0,10986830.0,10989901.0,10993325.0,10996407.0,10999406.0,11001928.0,11004365.0,11006803.0,11009408.0,11012381.0,11015678.0,11018706.0,11021392.0,11023798.0,11026302.0,11028753.0,11031140.0,11033572.0,11036271.0,11038677.0,11040938.0,11043415.0,11045757.0,11047905.0,11050029.0,11052342.0,11054408.0,11056391.0,11058481.0,11060625.0,11062709.0,11064815.0,11067021.0,11069144.0,11071292.0,11073542.0,11075749.0,11077992.0,11080192.0,11082566.0,11084775.0,11086972.0,11089184.0,11091251.0,,,,,,,,,11111885.0,11114450.0,11116712.0,11118837.0,11120974.0,11123005.0,11124915.0,11127040.0,11129442.0,11131799.0,11134101.0,11136217.0,11138583.0,11140794.0,11143170.0,11145617.0,11147963.0,11150476.0,11152640.0,11154972.0,11157181.0,11159427.0,11161813.0,11164117.0,11166364.0,11168580.0,11170842.0,11172980.0,11175436.0,11177828.0,11180249.0,11182493.0,11184587.0,11186799.0,11188862.0,11191212.0,11193727.0,11196129.0,11198375.0,11200612.0,11202916.0,11205115.0,11207513.0,11209798.0,11212068.0,11214287.0,11216318.0,11218595.0,11220768.0,11222986.0,11225136.0,11227235.0,11229312.0,11231513.0,11233714.0,11235924.0,11237974.0,11239927.0,11242080.0,11244297.0,11246603.0,11248725.0,11251095.0,11253260.0,11255673.0,11258031.0,11260606.0,11263026.0,11265066.0,11267141.0,11269405.0,11271953.0,11274354.0,11276959.0,11279464.0,11281743.0,11284292.0,11286614.0,11289290.0,11291788.0,11294209.0,11296836.0,11299686.0,11302704.0,11305384.0,11308112.0,11310740.0,11313371.0,11315709.0,11317943.0,11320253.0,11322500.0,11324873.0,11327124.0,11329365.0,11331601.0,11333819.0,11336045.0,11338465.0,11340876.0,11343244.0,11345592.0,11347898.0,11350253.0,11352705.0,11354990.0,11357481.0,11359744.0,11362111.0,11364505.0,11366748.0,11368941.0,11371305.0,11373619.0,11375853.0,11378057.0,11380326.0,11382607.0,11384969.0,11387478.0,11389882.0,,11394510.0,11396783.0,11399020.0,11401216.0,11403462.0,11405712.0,11407866.0,11409774.0,11411586.0,11413412.0,11415216.0,11417156.0,11419077.0,11420945.0,11422689.0,11424509.0,11426504.0,11428547.0,11430774.0,11433143.0,11435228.0,11437186.0,11439297.0,11441487.0,11443518.0,11445552.0,11447759.0,11450044.0,11452338.0,11454501.0,11456859.0,11459171.0,11461578.0,11463932.0,11466823.0,11469416.0,11471798.0,11473978.0,11476344.0,11478832.0,11481332.0,11483805.0,11486198.0,11488344.0,11490721.0,11492913.0,11495300.0,11497985.0,11501870.0,11505088.0,11508427.0,11511658.0,11515023.0,11519076.0,11522942.0,11526389.0,11529624.0,11532409.0,11535297.0,11537894.0,11540671.0,11543569.0,11546269.0,11548847.0,11551502.0,11553938.0,11556303.0,11558813.0,11561336.0,11563627.0,11565860.0,11568023.0,11570187.0,11572301.0,11574757.0,11577235.0,11579473.0,11581416.0,11583454.0,11585570.0,11587663.0,11589795.0,11592024.0,11594220.0,11596318.0,11598371.0,11600408.0,11602467.0,11604629.0,11606816.0,11608955.0,11610892.0,11612669.0,11614630.0,11616277.0,11618123.0,11619987.0,11621723.0,11623566.0,11625434.0,11627148.0,11628940.0,11630842.0,11632707.0,11634550.0,11636200.0,11637797.0,11639378.0,11640884.0,11642479.0,11644105.0,11645732.0,11647343.0,11649065
xlfQH41t01I,,,,,,,,,,,,,,,,,,,,,,,,,,,,,,,,,,,,,,,,,,,,,,,,,,,,,,,,,,,,,,,,,,,,,,,,,,,,,,,,,,,,,,,,,,,,,,,,,,,,,,,,,,,,,,,,,,,,,,,,,,,,,,,,,,,,,,,,,,,,,,,,,,,,,,,,,,,,,,,,,,,,,,,,,,,,,,,,,,,,,,,,,,,,,,,,,,,,,,,,,,,,,,,,,,,,,,,,,,,,,,,,,,,,,,,,,,,,,,,,,,,,,,,,,,,,,,,,,,,,,,,,,,,,,,,,,,,,,,,,,,,,,,,,,,,,,,,,,,,,,,,,,,,,,,,,,,,,,,,,,,,,,,,,,,,,,,,,,,,,,,,,,,,,,,,,,,,,,,,,,,,,,,,,,,,,,,,,,,
dPdE333DkVM,824.0,824.0,826.0,826.0,826.0,827.0,828.0,828.0,833.0,836.0,842.0,842.0,845.0,847.0,850.0,852.0,855.0,857.0,862.0,863.0,866.0,869.0,916.0,920.0,920.0,922.0,925.0,927.0,928.0,929.0,929.0,930.0,931.0,932.0,933.0,934.0,936.0,936.0,936.0,936.0,937.0,939.0,939.0,941.0,942.0,944.0,945.0,946.0,946.0,947.0,949.0,953.0,953.0,955.0,956.0,957.0,958.0,960.0,960.0,961.0,962.0,962.0,964.0,964.0,964.0,965.0,965.0,968.0,968.0,968.0,970.0,971.0,971.0,971.0,971.0,971.0,971.0,972.0,972.0,973.0,974.0,975.0,976.0,976.0,978.0,978.0,978.0,979.0,980.0,980.0,980.0,980.0,981.0,981.0,981.0,981.0,981.0,981.0,981.0,981.0,982.0,983.0,982.0,983.0,984.0,985.0,985.0,985.0,985.0,985.0,985.0,985.0,985.0,985.0,985.0,985.0,985.0,985.0,985.0,985.0,985.0,987.0,988.0,988.0,988.0,988.0,989.0,989.0,989.0,990.0,991.0,992.0,993.0,993.0,,,,,,,,,1001.0,1001.0,1003.0,1003.0,1003.0,1005.0,1006.0,1007.0,1008.0,1009.0,1012.0,1013.0,1014.0,1014.0,1014.0,1014.0,1014.0,1016.0,1016.0,1016.0,1016.0,1018.0,1018.0,1020.0,1022.0,1022.0,1025.0,1025.0,1027.0,1028.0,1032.0,1034.0,1035.0,1041.0,1042.0,1044.0,1044.0,1046.0,1048.0,1049.0,1049.0,1049.0,1049.0,1049.0,1051.0,1051.0,1052.0,1053.0,1053.0,1053.0,1053.0,1055.0,1055.0,1057.0,1058.0,1058.0,1058.0,1058.0,1059.0,1059.0,1061.0,1062.0,1066.0,1066.0,1067.0,1067.0,1067.0,1069.0,1069.0,1069.0,1069.0,1069.0,1069.0,1069.0,1072.0,1072.0,1073.0,1073.0,1073.0,1074.0,1075.0,1075.0,1076.0,1076.0,1076.0,1076.0,1076.0,1077.0,1077.0,1077.0,1077.0,1077.0,1077.0,1078.0,1079.0,1079.0,1079.0,1081.0,1081.0,1081.0,1084.0,1087.0,1090.0,1090.0,1091.0,1092.0,1092.0,1092.0,1092.0,1095.0,1095.0,1096.0,1099.0,1101.0,1104.0,1106.0,1106.0,1106.0,1107.0,1108.0,1108.0,,1109.0,1112.0,1114.0,1115.0,1115.0,1116.0,1118.0,1122.0,1123.0,1123.0,1125.0,1125.0,1125.0,1126.0,1127.0,1127.0,1128.0,1128.0,1129.0,1130.0,1130.0,1130.0,1130.0,1131.0,1132.0,1132.0,1132.0,1133.0,1133.0,1133.0,1133.0,1134.0,1134.0,1135.0,1135.0,1136.0,1138.0,1138.0,1138.0,1139.0,1139.0,1139.0,1139.0,1139.0,1140.0,1141.0,1141.0,1141.0,1141.0,1142.0,1142.0,1142.0,1142.0,1142.0,1142.0,1142.0,1143.0,1143.0,1143.0,1143.0,1143.0,1144.0,1145.0,1145.0,1146.0,1146.0,1146.0,1146.0,1146.0,1146.0,1146.0,1146.0,1146.0,1146.0,1147.0,1147.0,1147.0,1148.0,1151.0,1157.0,1161.0,1161.0,1162.0,1164.0,1165.0,1165.0,1168.0,1168.0,1171.0,1172.0,1172.0,1172.0,1174.0,1176.0,1182.0,1182.0,1183.0,1187.0,1189.0,1189.0,1190.0,1191.0,1191.0,1191.0,1192.0,1192.0,1195.0,1196.0,1198.0,1198.0,1198.0,1198.0,1198.0,1198
_ZAgIHmHLdc,40126964.0,40134551.0,40143840.0,40153447.0,40162826.0,40171510.0,40179569.0,40188671.0,40198837.0,40210402.0,40221438.0,40230374.0,40239437.0,40248767.0,40258385.0,40267253.0,40276794.0,40285487.0,40293429.0,40301741.0,40310053.0,40318576.0,40327191.0,40335989.0,40344272.0,40351559.0,40358932.0,40366161.0,40373814.0,40380688.0,40388449.0,40395668.0,40402866.0,40410312.0,40418569.0,40426789.0,40435280.0,40444031.0,40452885.0,40460666.0,40468112.0,40476251.0,40483934.0,40491596.0,40499958.0,40508178.0,40516144.0,40525044.0,40533803.0,40542299.0,40550965.0,40559601.0,40568138.0,40576974.0,40586619.0,40596267.0,40605486.0,40614220.0,40623952.0,40633109.0,40641559.0,40650656.0,40659864.0,40668792.0,40677460.0,40686666.0,40695061.0,40703034.0,40710030.0,40719261.0,40727543.0,40736062.0,40744631.0,40752736.0,40760901.0,40768979.0,40777428.0,40785625.0,40793793.0,40801820.0,40810084.0,40817554.0,40824557.0,40832132.0,40839683.0,40847714.0,40856076.0,40864574.0,40872458.0,40879687.0,40886633.0,40893735.0,40901941.0,40912098.0,40922186.0,40929859.0,40936841.0,40943676.0,40950294.0,40957366.0,40966261.0,40975309.0,40982977.0,40990049.0,40996953.0,41004239.0,41011127.0,41019399.0,41027546.0,41034643.0,41041408.0,41049042.0,41056555.0,41063916.0,41072591.0,41081467.0,41088988.0,41095986.0,41102988.0,41109834.0,41117132.0,41125383.0,41133506.0,41140763.0,41147448.0,41154625.0,41162170.0,41170433.0,41179589.0,41188867.0,41197012.0,41204484.0,41211894.0,41218762.0,,,,,,,,,41286558.0,41294787.0,41301955.0,41308913.0,41316343.0,41324474.0,41333626.0,41343468.0,41354824.0,41365138.0,41374329.0,41383630.0,41394010.0,41403644.0,41415807.0,41427316.0,41437113.0,41447257.0,41458713.0,41470140.0,41479163.0,41489106.0,41498819.0,41506083.0,41514607.0,41521863.0,41529429.0,41537094.0,41545269.0,41553581.0,41560668.0,41567765.0,41575061.0,41582175.0,41589184.0,41596917.0,41604899.0,41611333.0,41618016.0,41624531.0,41630734.0,41636972.0,41644134.0,41650870.0,41656951.0,41662721.0,41668617.0,41674853.0,41681728.0,41689416.0,41697169.0,41703493.0,41709735.0,41716107.0,41722513.0,41729566.0,41736666.0,41743582.0,41750161.0,41757187.0,41764317.0,41770968.0,41777049.0,41783643.0,41789840.0,41797213.0,41806825.0,41815898.0,41824354.0,41832630.0,41841279.0,41849612.0,41857188.0,41864450.0,41872045.0,41879360.0,41886724.0,41894412.0,41901567.0,41907864.0,41914597.0,41920876.0,41927326.0,41935142.0,41943258.0,41951380.0,41958007.0,41964558.0,41970920.0,41977246.0,41983920.0,41990848.0,41997676.0,42003408.0,42009525.0,42015590.0,42021715.0,42027658.0,42034441.0,42041118.0,42046805.0,42052619.0,42058476.0,42064441.0,42070795.0,42077672.0,42084330.0,42089907.0,42095497.0,42101237.0,42107139.0,42113611.0,42120912.0,42128140.0,42134719.0,42141278.0,42147318.0,42153552.0,42160124.0,42167466.0,42174565.0,,42186981.0,42193085.0,42199553.0,42206219.0,42213786.0,42221155.0,42227614.0,42233530.0,42239873.0,42246177.0,42252444.0,42259970.0,42267400.0,42273605.0,42279424.0,42285789.0,42292443.0,42299095.0,42307009.0,42314958.0,42321354.0,42327768.0,42334096.0,42340717.0,42347389.0,42354188.0,42361017.0,42367567.0,42374656.0,42381783.0,42389112.0,42396134.0,42403281.0,42410612.0,42417292.0,42424038.0,42431157.0,42438922.0,42447309.0,42456208.0,42464880.0,42472743.0,42481141.0,42489847.0,42498612.0,42507596.0,42517526.0,42527815.0,42536489.0,42544575.0,42552964.0,42560986.0,42569501.0,42578565.0,42587284.0,42595376.0,42603959.0,42612309.0,42619842.0,42627703.0,42636253.0,42644628.0,42652002.0,42658933.0,42666220.0,42673735.0,42682648.0,42690912.0,42698605.0,42705429.0,42712403.0,42719378.0,42726321.0,42734037.0,42742774.0,42751868.0,42759576.0,42766995.0,42774456.0,42781978.0,42789727.0,42798142.0,42806209.0,42813136.0,42819654.0,42825932.0,42832398.0,42839466.0,42847254.0,42855428.0,42862523.0,42868958.0,42875367.0,42882005.0,42888506.0,42896075.0,42903730.0,42910270.0,42916372.0,42922654.0,42928719.0,42935409.0,42942517.0,42949275.0,42955397.0,42961398.0,42967800.0,42974568.0,42980993.0,42987981.0,42995002.0,43001733.0,43008704.0,43015475
XIOoqJyx8E4,22026177.0,22028693.0,22031893.0,22035289.0,22038346.0,22041177.0,22044163.0,22047290.0,22050627.0,22054357.0,22058206.0,22061307.0,22064357.0,22067530.0,22070860.0,22074137.0,22077536.0,22080732.0,22083480.0,22086372.0,22089444.0,22092599.0,22095806.0,22099059.0,22102289.0,22105123.0,22107928.0,22110517.0,22113499.0,22116612.0,22120056.0,22123350.0,22126223.0,22129188.0,22132302.0,22135742.0,22139341.0,22142942.0,22146585.0,22149714.0,22152605.0,22155557.0,22158399.0,22161524.0,22165052.0,22168851.0,22172341.0,22176169.0,22179860.0,22183192.0,22186323.0,22190157.0,22193629.0,22196591.0,22200060.0,22203626.0,22207102.0,22210621.0,22214665.0,22218536.0,22221756.0,22224975.0,22228033.0,22230938.0,22233886.0,22236831.0,22239791.0,22242592.0,22245123.0,22248366.0,22251433.0,22254437.0,22257563.0,22260770.0,22263855.0,22266824.0,22269934.0,22273166.0,22276258.0,22279499.0,22282788.0,22285797.0,22288652.0,22291593.0,22294661.0,22297953.0,22300921.0,22304063.0,22306893.0,22309436.0,22311928.0,22314490.0,22317470.0,22320832.0,22324586.0,22327192.0,22329602.0,22332051.0,22334644.0,22337406.0,22340451.0,22343863.0,22346565.0,22348867.0,22351235.0,22353821.0,22356486.0,22359476.0,22362533.0,22365564.0,22368566.0,22371512.0,22374420.0,22377215.0,22380427.0,22383545.0,22386182.0,22388611.0,22391004.0,22393361.0,22395833.0,22398613.0,22401570.0,22404364.0,22406835.0,22409383.0,22412216.0,22415168.0,22418064.0,22421007.0,22423900.0,22426565.0,22429311.0,22432106.0,,,,,,,,,22457432.0,22460585.0,22463491.0,22466211.0,22468979.0,22472023.0,22474890.0,22477761.0,22481354.0,22484594.0,22487558.0,22490472.0,22493410.0,22496299.0,22499455.0,22502589.0,22505471.0,22508426.0,22511406.0,22514709.0,22517798.0,22521257.0,22524084.0,22526976.0,22529632.0,22532207.0,22534836.0,22537485.0,22540074.0,22542755.0,22545213.0,22547610.0,22549969.0,22552336.0,22554592.0,22557008.0,22559355.0,22561504.0,22563625.0,22565757.0,22567839.0,22570103.0,22572376.0,22574741.0,22576924.0,22578980.0,22581193.0,22583436.0,22585800.0,22588417.0,22590882.0,22593052.0,22595323.0,22597742.0,22600195.0,22602759.0,22605191.0,22607629.0,22609996.0,22612487.0,22615028.0,22617377.0,22619439.0,22621787.0,22623977.0,22626647.0,22630400.0,22634353.0,22637769.0,22640673.0,22643755.0,22646828.0,22649689.0,22652682.0,22655516.0,22658414.0,22661325.0,22664405.0,22667235.0,22669856.0,22672521.0,22674923.0,22677485.0,22680125.0,22682827.0,22685592.0,22687907.0,22690188.0,22692478.0,22694834.0,22697145.0,22699738.0,22702404.0,22704804.0,22707240.0,22709691.0,22711993.0,22714441.0,22717050.0,22719577.0,22721796.0,22724042.0,22726331.0,22728648.0,22730822.0,22733234.0,22735732.0,22737980.0,22740186.0,22742408.0,22744729.0,22747030.0,22749654.0,22752317.0,22754795.0,22757159.0,22759420.0,22761794.0,22764184.0,22766550.0,22768990.0,,22773549.0,22775784.0,22777972.0,22780236.0,22782623.0,22784950.0,22787105.0,22789021.0,22790994.0,22793028.0,22795100.0,22797490.0,22799892.0,22802015.0,22804080.0,22806326.0,22808535.0,22810828.0,22813394.0,22816019.0,22818404.0,22820699.0,22822947.0,22825105.0,22827299.0,22829487.0,22831760.0,22833810.0,22835917.0,22838004.0,22840287.0,22842494.0,22844755.0,22847096.0,22849342.0,22851592.0,22853991.0,22856423.0,22859137.0,22861853.0,22864456.0,22866793.0,22869066.0,22871276.0,22873605.0,22876040.0,22878583.0,22881267.0,22883592.0,22885763.0,22887762.0,22889942.0,22892074.0,22894232.0,22896538.0,22898786.0,22901000.0,22903364.0,22905747.0,22907912.0,22910110.0,22912456.0,22914656.0,22916674.0,22918856.0,22920968.0,22923122.0,22925414.0,22927688.0,22929672.0,22931667.0,22933488.0,22935450.0,22937513.0,22939855.0,22942291.0,22944473.0,22946595.0,22948833.0,22951227.0,22955974.0,22958330.0,22960674.0,22962772.0,22964736.0,22966676.0,22968739.0,22970928.0,22973467.0,22975860.0,22978032.0,22980072.0,22982189.0,22984432.0,22986566.0,22989047.0,22991442.0,22993582.0,22995566.0,22997842.0,23000201.0,23002429.0,23004907.0,23007418.0,23009745.0,23012124.0,23014469.0,23017012.0,23019449.0,23021934.0,23024518.0,23026854.0,23029063.0,23031139
XEsrFIQOWZg,14409972.0,14410384.0,14410873.0,14411433.0,14411837.0,14412389.0,14412878.0,14413332.0,14413779.0,14414226.0,14414666.0,14415063.0,14415527.0,14415955.0,14416421.0,14416846.0,14417355.0,14417859.0,14418287.0,14418732.0,14419174.0,14419572.0,14420005.0,14420439.0,14421011.0,14421435.0,14421983.0,14422423.0,14422805.0,14423257.0,14423694.0,14424121.0,14424523.0,14424992.0,14425380.0,14425817.0,14426264.0,14426711.0,14427185.0,14427613.0,14428008.0,14428398.0,14428793.0,14429302.0,14429755.0,14430204.0,14430658.0,14431139.0,14431588.0,14431984.0,14432426.0,14432889.0,14433411.0,14433921.0,14434377.0,14434876.0,14435457.0,14435955.0,14436394.0,14436812.0,14437266.0,14437697.0,14438104.0,14438533.0,14438952.0,14439389.0,14439749.0,14440089.0,14440425.0,14440865.0,14441296.0,14441654.0,14442069.0,14442477.0,14442846.0,14443235.0,14443658.0,14444159.0,14444614.0,14445147.0,14445579.0,14446074.0,14446528.0,14447009.0,14447465.0,14448002.0,14448610.0,14449230.0,14449714.0,14450196.0,14450663.0,14451141.0,14451600.0,14452056.0,14452557.0,14453023.0,14453496.0,14453980.0,14454462.0,14454885.0,14455350.0,14455792.0,14456250.0,14456654.0,14457063.0,14457495.0,14457844.0,14458377.0,14458852.0,14459297.0,14459704.0,14460161.0,14460572.0,14460991.0,14461499.0,14461981.0,14462396.0,,,,,,,,,,,,,,,,,,,,,,,,,,,,,,,,,,,,,,,,,,,,,,,,,,,,,,,,,,,,,,,,,,,,,,,,,,,,,,,,,,,,,,,,,,,,,,,,,,,,,,,,,,,,,,,,,,,,,,,,,,,,,,,,,,,,,,,,,,,,,,,,,,,,,,,,,,,,,14463160.0,14463840.0,14464416.0,14464893.0,14465398.0,14465845.0,14466285.0,14466748.0,14467139.0,14467542.0,14467940.0,14468320.0,14468666.0,14469000.0,14469453.0,14469820.0,14470237.0,14470558.0,14470867.0,14471194.0,14471473.0,14471812.0,14472126.0,14472491.0,14472768.0,14473062.0,14473355.0,14473634.0,14473951.0,14474232.0,14474515.0,14474787.0,14475068.0,14475340.0,14475645.0,14475913.0,14476195.0,14476547.0,14476847.0,14477120.0,14477361.0,14477619.0,14477891.0,14478171.0,14478484.0,14478836.0,14479138.0,14479541.0,14479860.0,14480144.0,14480395.0,14480732.0,14481013.0,14481283.0,14481525.0,14481771.0,14482027.0,14482277.0,14482526.0,14482792.0,14483012.0,14483292.0,14483526.0,14483805.0,14484021.0,14484247.0,14484498.0,14484735.0,14484960.0,14485238.0,14485445.0,14485679.0,14485984.0,14486230.0,14486499.0,14486745.0,14486938.0,14487201.0,14487513.0,14487822.0,14488087.0,14488334.0,14488579.0,14488829.0,14489080.0,14489276.0,14489560.0,14489810.0,14490012.0,14490264.0,14490469.0,14490675.0,14490909.0,14491125.0,14491321.0,14491542.0,14491730.0,14491910.0,14492124.0,14492338.0,14492540.0,14492725.0,14492881.0,14493084.0,14493284
qNmi3ir7ptE,4766563.0,4767842.0,4769196.0,4770467.0,4771784.0,4773146.0,4774625.0,4776159.0,4777861.0,4779277.0,4780587.0,4782028.0,4783496.0,4784943.0,4786752.0,4788218.0,4789674.0,4791022.0,4792400.0,4793810.0,4795520.0,4796962.0,4798427.0,4800260.0,4801864.0,4803313.0,4804920.0,4806473.0,4808060.0,4809887.0,4811285.0,4812732.0,4814017.0,4815871.0,4817516.0,4819071.0,4820665.0,4822244.0,4824025.0,4825628.0,4827294.0,4829227.0,4831238.0,4833450.0,4835366.0,4837122.0,4839070.0,4841361.0,4843482.0,4845664.0,4847915.0,4850190.0,4852160.0,4854271.0,4856761.0,4858957.0,4861258.0,4863702.0,4866025.0,4868305.0,4870394.0,4872572.0,4874795.0,4877638.0,4880384.0,4882716.0,4884596.0,4886943.0,4888979.0,4891370.0,4893656.0,4895641.0,4897784.0,4899719.0,4901727.0,4904100.0,4906531.0,4908866.0,4910978.0,4912969.0,4914791.0,4916640.0,4918542.0,4920691.0,4922835.0,4924935.0,4926988.0,4928893.0,4930996.0,4933165.0,4935404.0,4937760.0,4940142.0,4942568.0,4944687.0,4947095.0,4949189.0,4951076.0,4952913.0,4954750.0,4956452.0,4958322.0,4960379.0,4962236.0,4964208.0,4966315.0,4968417.0,4970499.0,4972261.0,4974231.0,4976280.0,4978302.0,4980360.0,4982422.0,4984548.0,4986560.0,4988353.0,4990109.0,4991917.0,4993663.0,4995302.0,4996821.0,4998397.0,4999879.0,5001450.0,5003164.0,5004818.0,5006571.0,5008218.0,5009637.0,5011098.0,5012434.0,5013884.0,5015370.0,,,,,,,,,5031240.0,5032712.0,5034551.0,5036379.0,5038305.0,5040532.0,5042480.0,5044330.0,5046472.0,5048676.0,5051041.0,5053484.0,5056013.0,5058344.0,5060549.0,5062620.0,5064822.0,5067130.0,5069450.0,5072701.0,5074948.0,5077118.0,5078947.0,5080802.0,5082435.0,5084084.0,5085746.0,5087482.0,5089045.0,5090485.0,5091859.0,5093489.0,5095012.0,5096445.0,5097853.0,5099277.0,5100562.0,5101869.0,5103262.0,5104596.0,5106017.0,5107392.0,5108768.0,5110034.0,5111459.0,5112824.0,5114318.0,5115786.0,5117265.0,5118605.0,5119875.0,5121135.0,5122507.0,5123903.0,5125381.0,5126750.0,5128068.0,5129351.0,5130581.0,5132066.0,5133509.0,5134631.0,5135797.0,5137143.0,5138447.0,5139904.0,5141605.0,5143478.0,5144823.0,5146335.0,5147889.0,5149490.0,5151170.0,5152971.0,5154739.0,5156594.0,5158565.0,5160112.0,5161625.0,5163164.0,5164801.0,5166379.0,5168078.0,5169938.0,5171558.0,5172991.0,5174636.0,5176321.0,5178060.0,5179816.0,5181466.0,5183124.0,5184629.0,5186168.0,5187919.0,5189669.0,5191434.0,5193278.0,5194974.0,5196488.0,5198192.0,5199916.0,5201789.0,5203621.0,5205326.0,5207218.0,5208762.0,5210380.0,5211898.0,5213525.0,5215294.0,5216979.0,5218494.0,5219953.0,5221255.0,5222574.0,5223880.0,5225163.0,5226555.0,5227758.0,5228823.0,,5230925.0,5232284.0,5233571.0,5234825.0,5235944.0,5236980.0,5237890.0,5239062.0,5240209.0,5241240.0,5242475.0,5243618.0,5244669.0,5245784.0,5246808.0,5248008.0,5249189.0,5250266.0,5251208.0,5252117.0,5253081.0,5254199.0,5255656.0,5257162.0,5258726.0,5260265.0,5261693.0,5263145.0,5264727.0,5266327.0,5267891.0,5269371.0,5270713.0,5271902.0,5273150.0,5274285.0,5275613.0,5276809.0,5278084.0,5279329.0,5280563.0,5281757.0,5283030.0,5284153.0,5285099.0,5286458.0,5288117.0,5289749.0,5291620.0,5293330.0,5294940.0,5296631.0,5298326.0,5300023.0,5301455.0,5302959.0,5304524.0,5306098.0,5307688.0,5309401.0,5310985.0,5312263.0,5313823.0,5315478.0,5317171.0,5318903.0,5321138.0,5323260.0,5324989.0,5326821.0,5328795.0,5330870.0,5332922.0,5335019.0,5337146.0,5339152.0,5341301.0,5343498.0,5345824.0,5348097.0,5350338.0,5352549.0,5354342.0,5356071.0,5357766.0,5359460.0,5361130.0,5362994.0,5364614.0,5366270.0,5367999.0,5369883.0,5371800.0,5373761.0,5375698.0,5377688.0,5379344.0,5381106.0,5382766.0,5384425.0,5386160.0,5388065.0,5389714.0,5391111.0,5392897.0,5395013.0,5397535.0,5399869.0,5401926.0,5403773.0,5405582.0,5407573.0,5409545.0,5411447
kcelgrGY1h8,37324864.0,37337409.0,37352902.0,37368709.0,37382773.0,37395746.0,37408723.0,37421821.0,37436004.0,37452253.0,37469775.0,37484294.0,37499024.0,37514011.0,37530469.0,37547580.0,37566200.0,37584291.0,37600418.0,37615952.0,37632053.0,37648134.0,37665101.0,37682095.0,37699582.0,37715289.0,37730788.0,37745659.0,37760773.0,37776258.0,37793496.0,37809180.0,37825002.0,37840942.0,37856734.0,37873271.0,37891439.0,37907886.0,37924184.0,37939269.0,37955061.0,37969542.0,37984322.0,37999025.0,38015595.0,38031985.0,38046051.0,38061176.0,38076575.0,38091980.0,38107293.0,38122615.0,38137569.0,38151354.0,38165304.0,38179450.0,38194101.0,38208673.0,38225067.0,38240749.0,38254506.0,38268167.0,38281882.0,38296069.0,38309517.0,38324784.0,38339500.0,38353172.0,38364994.0,38380317.0,38394972.0,38409597.0,38424881.0,38440516.0,38454190.0,38467757.0,38481542.0,38495349.0,38509953.0,38524958.0,38540240.0,38553947.0,38566651.0,38578954.0,38591852.0,38605320.0,38619261.0,38633043.0,38645489.0,38656274.0,38667031.0,38677845.0,38689860.0,38705003.0,38721755.0,38734363.0,38745615.0,38756773.0,38768001.0,38779342.0,38793645.0,38809993.0,38822749.0,38833946.0,38845736.0,38857935.0,38869700.0,38884031.0,38899029.0,38911662.0,38922923.0,38935239.0,38947631.0,38960876.0,38976114.0,38991676.0,39004696.0,39017023.0,39029006.0,39040724.0,39052481.0,39066275.0,39081147.0,39093166.0,39104271.0,39115658.0,39127446.0,39140236.0,39154296.0,39168383.0,39179952.0,39191337.0,39202930.0,39214412.0,,,,,,,,,39337421.0,39353131.0,39365479.0,39376783.0,39388713.0,39402728.0,39417735.0,39435317.0,39457113.0,39474723.0,39491066.0,39505868.0,39522159.0,39538251.0,39556783.0,39574999.0,39589089.0,39601515.0,39615730.0,39630601.0,39645069.0,39661994.0,39679395.0,39693351.0,39706190.0,39718916.0,39732118.0,39745358.0,39760372.0,39775123.0,39788089.0,39800032.0,39812248.0,39824419.0,39836165.0,39850179.0,39862761.0,39873120.0,39883207.0,39894252.0,39904929.0,39915677.0,39927930.0,39940128.0,39950560.0,39960502.0,39971071.0,39982069.0,39992960.0,40004606.0,40016495.0,40027277.0,40038341.0,40050173.0,40062158.0,40074669.0,40087853.0,40101321.0,40114292.0,40128047.0,40141927.0,40155228.0,40166287.0,40178724.0,40190335.0,40204011.0,40224297.0,40244394.0,40263956.0,40280321.0,40298696.0,40316933.0,40331727.0,40346413.0,40361279.0,40376280.0,40392154.0,40408614.0,40423929.0,40436722.0,40449508.0,40461868.0,40475167.0,40488419.0,40502972.0,40517223.0,40528815.0,40540415.0,40551607.0,40562992.0,40574926.0,40588528.0,40602533.0,40613911.0,40625390.0,40637168.0,40648842.0,40660907.0,40674949.0,40688278.0,40699324.0,40710194.0,40721405.0,40732470.0,40743655.0,40755714.0,40768264.0,40778448.0,40789117.0,40800231.0,40811964.0,40824581.0,40838210.0,40851672.0,40864291.0,40876512.0,40887522.0,40898598.0,40910544.0,40923362.0,40937152.0,,40960145.0,40971225.0,40981977.0,40993247.0,41006349.0,41018985.0,41029511.0,41039067.0,41048670.0,41058622.0,41068945.0,41081689.0,41093985.0,41104073.0,41113667.0,41123949.0,41134764.0,41145650.0,41158558.0,41172010.0,41183528.0,41194662.0,41206106.0,41217974.0,41230175.0,41243478.0,41257508.0,41269754.0,41281576.0,41294161.0,41307082.0,41319249.0,41333077.0,41347318.0,41359181.0,41370920.0,41382924.0,41395539.0,41408861.0,41422202.0,41435684.0,41447672.0,41459833.0,41471502.0,41483034.0,41494850.0,41507805.0,41521148.0,41532396.0,41542221.0,41551873.0,41562121.0,41572062.0,41583503.0,41596094.0,41606786.0,41616971.0,41627937.0,41638597.0,41649144.0,41660914.0,41673489.0,41683845.0,41693061.0,41703145.0,41713586.0,41726085.0,41738492.0,41750405.0,41760795.0,41770440.0,41779687.0,41789229.0,41799167.0,41810875.0,41823397.0,41833909.0,41843679.0,41853875.0,41864976.0,41876609.0,41889645.0,41903074.0,41914266.0,41925119.0,41936230.0,41948430.0,41961474.0,41976524.0,41992392.0,42005705.0,42017314.0,42029184.0,42041029.0,42052512.0,42066575.0,42080055.0,42092327.0,42103393.0,42115653.0,42127826.0,42140137.0,42153961.0,42167520.0,42179122.0,42190314.0,42202118.0,42214442.0,42226230.0,42239132.0,42252294.0,42262724.0,42273136.0,42284537
kcelgrGY1h8,37324864.0,37337409.0,37352902.0,37368709.0,37382773.0,37395746.0,37408723.0,37421821.0,37436004.0,37452253.0,37469775.0,37484294.0,37499024.0,37514011.0,37530469.0,37547580.0,37566200.0,37584291.0,37600418.0,37615952.0,37632053.0,37648134.0,37665101.0,37682095.0,37699582.0,37715289.0,37730788.0,37745659.0,37760773.0,37776258.0,37793496.0,37809180.0,37825002.0,37840942.0,37856734.0,37873271.0,37891439.0,37907886.0,37924184.0,37939269.0,37955061.0,37969542.0,37984322.0,37999025.0,38015595.0,38031985.0,38046051.0,38061176.0,38076575.0,38091980.0,38107293.0,38122615.0,38137569.0,38151354.0,38165304.0,38179450.0,38194101.0,38208673.0,38225067.0,38240749.0,38254506.0,38268167.0,38281882.0,38296069.0,38309517.0,38324784.0,38339500.0,38353172.0,38364994.0,38380317.0,38394972.0,38409597.0,38424881.0,38440516.0,38454190.0,38467757.0,38481542.0,38495349.0,38509953.0,38524958.0,38540240.0,38553947.0,38566651.0,38578954.0,38591852.0,38605320.0,38619261.0,38633043.0,38645489.0,38656274.0,38667031.0,38677845.0,38689860.0,38705003.0,38721755.0,38734363.0,38745615.0,38756773.0,38768052.0,38779342.0,38793645.0,38809993.0,38822749.0,38833946.0,38845736.0,38857935.0,38869700.0,38884031.0,38899029.0,38911662.0,38922923.0,38935239.0,38947631.0,38960876.0,38976114.0,38991676.0,39004696.0,39017023.0,39029006.0,39040724.0,39052481.0,39066275.0,39081147.0,39093166.0,39104271.0,39115658.0,39127446.0,39140236.0,39154296.0,39168383.0,39179952.0,39191337.0,39202930.0,39214412.0,,,,,,,,,39337421.0,39353131.0,39365479.0,39376783.0,39388713.0,39402728.0,39417735.0,39435317.0,39457113.0,39474723.0,39491066.0,39505868.0,39522159.0,39538251.0,39556783.0,39574999.0,39589089.0,39601515.0,39615730.0,39630601.0,39645069.0,39661994.0,39679395.0,39693351.0,39706190.0,39718916.0,39732118.0,39745358.0,39760372.0,39775123.0,39788089.0,39800032.0,39812248.0,39824419.0,39836165.0,39850179.0,39862761.0,39873120.0,39883207.0,39894252.0,39904929.0,39915677.0,39927930.0,39940128.0,39950560.0,39960502.0,39971071.0,39982069.0,39992960.0,40004606.0,40016495.0,40027277.0,40038341.0,40050173.0,40062158.0,40074669.0,40087853.0,40101321.0,40114292.0,40128047.0,40141927.0,40155228.0,40166287.0,40178724.0,40190335.0,40204011.0,40224297.0,40244394.0,40263956.0,40280321.0,40298696.0,40316933.0,40331727.0,40346413.0,40361279.0,40376280.0,40392154.0,40408614.0,40423929.0,40436722.0,40449508.0,40461868.0,40475167.0,40488419.0,40502972.0,40517223.0,40528815.0,40540415.0,40551607.0,40562992.0,40574926.0,40588528.0,40602533.0,40613911.0,40625390.0,40637168.0,40648842.0,40660907.0,40674949.0,40688278.0,40699324.0,40710194.0,40721405.0,40732470.0,40743655.0,40755714.0,40768264.0,40778448.0,40789117.0,40800231.0,40811964.0,40824581.0,40838210.0,40851672.0,40864291.0,40876512.0,40887522.0,40898598.0,40910544.0,40923362.0,40937152.0,,40960145.0,40971225.0,40981977.0,40993247.0,41006349.0,41018985.0,41029511.0,41039067.0,41048670.0,41058622.0,41068945.0,41081689.0,41093985.0,41104073.0,41113667.0,41123949.0,41134764.0,41145650.0,41158558.0,41172010.0,41183528.0,41194662.0,41206106.0,41217974.0,41230175.0,41243478.0,41257508.0,41269754.0,41281576.0,41294161.0,41307082.0,41319249.0,41333077.0,41347318.0,41359181.0,41370920.0,41382924.0,41395539.0,41408861.0,41422202.0,41435684.0,41447672.0,41459833.0,41471502.0,41483034.0,41494850.0,41507805.0,41521148.0,41532396.0,41542221.0,41551873.0,41562121.0,41572062.0,41583503.0,41596094.0,41606786.0,41616971.0,41627937.0,41638597.0,41649144.0,41660914.0,41673489.0,41683845.0,41693061.0,41703145.0,41713586.0,41726085.0,41738492.0,41750405.0,41760795.0,41770440.0,41779687.0,41789229.0,41799167.0,41810875.0,41823397.0,41833909.0,41843679.0,41853875.0,41864976.0,41876609.0,41889645.0,41903074.0,41914266.0,41925119.0,41936230.0,41948430.0,41961474.0,41976524.0,41992392.0,42005705.0,42017314.0,42029184.0,42041029.0,42052512.0,42066575.0,42080055.0,42092327.0,42103393.0,42115653.0,42127826.0,42140137.0,42153961.0,42167520.0,42179122.0,42190314.0,42202118.0,42214442.0,42226230.0,42239132.0,42252294.0,42262724.0,42273136.0,42284537
jgD_U2t6qXQ,534322.0,534476.0,534617.0,534786.0,534958.0,535102.0,535263.0,535435.0,535576.0,535749.0,535927.0,536040.0,536160.0,536330.0,536499.0,536643.0,536793.0,536960.0,537139.0,537289.0,537469.0,537646.0,537805.0,537934.0,538098.0,538234.0,538369.0,538523.0,538644.0,538806.0,538940.0,539101.0,539249.0,539418.0,539567.0,539721.0,539895.0,540054.0,540209.0,540384.0,540571.0,540753.0,540934.0,541122.0,541290.0,541463.0,541652.0,541832.0,541985.0,542176.0,542329.0,542519.0,542739.0,542995.0,543256.0,543501.0,543711.0,543942.0,544135.0,544337.0,544550.0,544771.0,544955.0,545168.0,545362.0,545541.0,545706.0,545905.0,546077.0,546252.0,546464.0,546633.0,546842.0,546994.0,547175.0,547369.0,547576.0,547744.0,547943.0,548093.0,548278.0,548445.0,548631.0,548812.0,548982.0,549157.0,549330.0,549508.0,549698.0,549832.0,550028.0,550227.0,550383.0,550575.0,550731.0,550879.0,551050.0,551185.0,551321.0,551452.0,551607.0,551755.0,551899.0,552072.0,552229.0,552379.0,552521.0,552708.0,552877.0,553022.0,553176.0,553325.0,553471.0,553654.0,553820.0,553967.0,554119.0,554277.0,554425.0,554544.0,554682.0,554840.0,555005.0,555140.0,555300.0,555449.0,555602.0,555737.0,555907.0,556067.0,556205.0,556345.0,556502.0,556623.0,,,,,,,,,557933.0,558050.0,558179.0,558330.0,558481.0,558638.0,558755.0,558860.0,559013.0,559165.0,559303.0,559431.0,559578.0,559722.0,559847.0,560055.0,560217.0,560314.0,560473.0,560625.0,560740.0,560870.0,561000.0,561129.0,561247.0,561349.0,561494.0,561635.0,561750.0,561890.0,562002.0,562137.0,562274.0,562424.0,562556.0,562710.0,562825.0,562974.0,563136.0,563294.0,563411.0,563533.0,563652.0,563766.0,563867.0,564005.0,564144.0,564297.0,564422.0,564531.0,564642.0,564748.0,564868.0,565004.0,565119.0,565217.0,565322.0,565438.0,565518.0,565640.0,565764.0,565857.0,565964.0,566064.0,566154.0,566265.0,566422.0,566537.0,566628.0,566727.0,566852.0,566961.0,567045.0,567142.0,567224.0,567302.0,567427.0,567518.0,567631.0,567766.0,567886.0,567970.0,568079.0,568218.0,568313.0,568410.0,568521.0,568650.0,568749.0,568841.0,568956.0,569057.0,569152.0,569263.0,569349.0,569450.0,569540.0,569642.0,569731.0,569816.0,569908.0,570007.0,570107.0,570210.0,570298.0,570447.0,570571.0,570668.0,570797.0,570909.0,571022.0,571138.0,571239.0,571349.0,571468.0,571561.0,571677.0,571777.0,571912.0,572050.0,572170.0,,572357.0,572448.0,572546.0,572685.0,572783.0,572902.0,573000.0,573098.0,573176.0,573303.0,573402.0,573512.0,573609.0,573747.0,573845.0,573971.0,574094.0,574188.0,574285.0,574417.0,574517.0,574626.0,574740.0,574840.0,574920.0,574982.0,575050.0,575142.0,575241.0,575359.0,575468.0,575559.0,575652.0,575743.0,575831.0,575901.0,576004.0,576090.0,576180.0,576280.0,576383.0,576467.0,576560.0,576662.0,576736.0,576844.0,576922.0,577034.0,577128.0,577246.0,577364.0,577441.0,577536.0,577636.0,577736.0,577829.0,577936.0,578150.0,578303.0,578391.0,578465.0,578565.0,578669.0,578785.0,578875.0,578970.0,579067.0,579152.0,579242.0,579367.0,579458.0,579545.0,579631.0,579732.0,579853.0,579983.0,580103.0,580254.0,580355.0,580476.0,580592.0,580703.0,580842.0,580933.0,581031.0,581143.0,581259.0,581359.0,581430.0,581524.0,581638.0,581727.0,581818.0,581904.0,582005.0,582107.0,582188.0,582275.0,582373.0,582463.0,582549.0,582642.0,582704.0,582825.0,582912.0,583001.0,583101.0,583188.0,583297.0,583389.0,583466.0,583560.0,583653.0,583739
C3GouGa0noM,122639963.0,122704434.0,122767796.0,122832189.0,122890896.0,122951783.0,123014076.0,123080617.0,123149611.0,123218732.0,123286635.0,123352823.0,123426311.0,123490562.0,123563195.0,123638447.0,123715857.0,123785862.0,123861811.0,123947318.0,124033650.0,124118816.0,124204534.0,124296688.0,124392242.0,124492584.0,124587714.0,124681737.0,124780439.0,124885908.0,124985385.0,125075602.0,125172397.0,125276723.0,125375980.0,125472095.0,125566364.0,125656895.0,125749431.0,125840721.0,125933486.0,126032668.0,126123670.0,126213856.0,126302622.0,126386719.0,126471040.0,126572687.0,126672591.0,126760886.0,126847916.0,126930595.0,127009412.0,127097785.0,127185310.0,127271901.0,127355261.0,127434843.0,127511051.0,127588487.0,127677130.0,127765185.0,127852836.0,127945548.0,128033884.0,128108685.0,128187747.0,128275910.0,128347553.0,128430707.0,128504570.0,128578775.0,128661256.0,128740432.0,128815752.0,128888469.0,128965440.0,129039540.0,129122222.0,129197002.0,129264573.0,129332907.0,129404529.0,129475270.0,129538753.0,129619014.0,129687333.0,129751205.0,129818656.0,129888901.0,129958957.0,130031282.0,130104954.0,130175263.0,130245140.0,130314137.0,130384099.0,130452464.0,130522258.0,130593672.0,130668716.0,130748117.0,130822381.0,130900190.0,130978417.0,131055180.0,131132621.0,131212079.0,131283719.0,131355198.0,131428274.0,131505546.0,131585964.0,131667304.0,131748982.0,131820721.0,131883316.0,131947090.0,132010320.0,132069989.0,132130115.0,132191574.0,132249231.0,132307772.0,132372182.0,132433648.0,132497850.0,132564725.0,132630699.0,132694399.0,132763813.0,132907902.0,132999314.0,133081527.0,,,,,,,,,133803110.0,133880168.0,133951977.0,134017779.0,134085414.0,134153774.0,134220310.0,134292134.0,134374907.0,134453294.0,134532307.0,134613704.0,134704060.0,134790390.0,134877376.0,134966920.0,135073089.0,135184203.0,135295153.0,135403165.0,135506266.0,135612858.0,135707483.0,135795888.0,135885036.0,135974062.0,136065306.0,136154835.0,136240261.0,136322485.0,136397866.0,136473054.0,136549038.0,136625396.0,136702212.0,136778147.0,136850484.0,136922077.0,136997351.0,137069620.0,137139171.0,137208189.0,137278828.0,137345954.0,137409150.0,137474867.0,137540682.0,137605658.0,137671014.0,137735658.0,137796389.0,137851941.0,137908001.0,137966981.0,138022210.0,138078504.0,138132363.0,138184374.0,138235511.0,138288099.0,138341204.0,138392764.0,138443231.0,138496081.0,138545379.0,138596048.0,138649371.0,138702650.0,138752228.0,138800015.0,138852232.0,138901579.0,138951296.0,139004702.0,139059987.0,139120950.0,139178124.0,139234581.0,139287856.0,139338312.0,139390172.0,139437947.0,139491465.0,139542076.0,139594316.0,139644995.0,139695783.0,139751822.0,139807742.0,139863352.0,139918809.0,139975495.0,140027712.0,140079098.0,140134831.0,140193655.0,140253616.0,140309826.0,140365452.0,140416544.0,140470480.0,140523320.0,140577952.0,140632082.0,140686694.0,140745366.0,140802590.0,140859340.0,140919693.0,140980935.0,141044656.0,141113064.0,141182511.0,141244358.0,141306328.0,141365712.0,141424501.0,141487409.0,141556457.0,141621750.0,141684089.0,,141820152.0,141888744.0,141956880.0,142025365.0,142096167.0,142163724.0,142230367.0,142296470.0,142363081.0,142431269.0,142497864.0,142567166.0,142630653.0,142691622.0,142753489.0,142816750.0,142879737.0,142942223.0,143009139.0,143074165.0,143137962.0,143203118.0,143267840.0,143336651.0,143404335.0,143471048.0,143534188.0,143597266.0,143660721.0,143725206.0,143790778.0,143856455.0,143924440.0,143987941.0,144051779.0,144117061.0,144182670.0,144247037.0,144309863.0,144373736.0,144433445.0,144496583.0,144564873.0,144631632.0,144696763.0,144759632.0,144821647.0,144882715.0,144944893.0,145007173.0,145071630.0,145138868.0,145209009.0,145281289.0,145344483.0,145408967.0,145474645.0,145540922.0,145609872.0,145680409.0,145749292.0,145813635.0,145877973.0,145944270.0,146010570.0,146078338.0,146144765.0,146212681.0,146277218.0,146339827.0,146404373.0,146467949.0,146532781.0,146600888.0,146667561.0,146727422.0,146789731.0,146853465.0,146919705.0,146984642.0,147051994.0,147116210.0,147178842.0,147246171.0,147316174.0,147390596.0,147468117.0,147545595.0,147622457.0,147695473.0,147769123.0,147838620.0,147910090.0,147981233.0,148053467.0,148126492.0,148197496.0,148268206.0,148343572.0,148423442.0,148500468.0,148579257.0,148661813.0,148735325.0,148806780.0,148881117.0,148957042.0,149033646.0,149109929.0,149182759.0,149251906.0,149321595.0,149394298.0,149466301
8yhKh2eGkcA,5041290.0,5043592.0,5046279.0,5049196.0,5051921.0,5054997.0,5057876.0,5060963.0,5064175.0,5067609.0,5070949.0,5074079.0,5077281.0,5080375.0,5083922.0,5087265.0,5090499.0,5093688.0,5096974.0,5100350.0,5103691.0,5107316.0,5110823.0,5113700.0,5116472.0,5119252.0,5122037.0,5124801.0,5127789.0,5130810.0,5133800.0,5136635.0,5139417.0,5142696.0,5145952.0,5149252.0,5152668.0,5155765.0,5158883.0,5161954.0,5164938.0,5167892.0,5170847.0,5173786.0,5176740.0,5179526.0,5182216.0,5185027.0,5187730.0,5190514.0,5193037.0,5195597.0,5197840.0,5200189.0,5202544.0,5205082.0,5207763.0,5210304.0,5212939.0,5215668.0,5218257.0,5220937.0,5223501.0,5226001.0,5228462.0,5230795.0,5233133.0,5235455.0,5237455.0,5240215.0,5242687.0,5244969.0,5247030.0,5249221.0,5251353.0,5253573.0,5255746.0,5258159.0,5260589.0,5263020.0,5265596.0,5268089.0,5270453.0,5273043.0,5275639.0,5278259.0,5280846.0,5283258.0,5285862.0,5288453.0,5290998.0,5293466.0,5295961.0,5298620.0,5301256.0,5303722.0,5306208.0,5308895.0,5311620.0,5314159.0,5316805.0,5319392.0,5322035.0,5324696.0,5327190.0,5329819.0,5332212.0,5334664.0,5337159.0,5339503.0,5341807.0,5344255.0,5346699.0,5349163.0,5351603.0,5353789.0,5356091.0,5358498.0,5360908.0,5363248.0,5365650.0,5367972.0,5370184.0,5372614.0,5375240.0,5378011.0,5380739.0,5383432.0,5385854.0,5388123.0,5390635.0,5393484.0,5396163.0,5398769.0,,,,,,,,,5421982.0,5424912.0,5427408.0,5429855.0,5432393.0,5434687.0,5436886.0,5439064.0,5441428.0,5443534.0,5445779.0,5447968.0,5450343.0,5452617.0,5454745.0,5456949.0,5459394.0,5461889.0,5464281.0,5466647.0,5469089.0,5471466.0,5473879.0,5476326.0,5478961.0,5481471.0,5483986.0,5486562.0,5489020.0,5491487.0,5493866.0,5496421.0,5499098.0,5501777.0,5504175.0,5506714.0,5509203.0,5511687.0,5514538.0,5517141.0,5519731.0,5522405.0,5525044.0,5527467.0,5530045.0,5532455.0,5534906.0,5537568.0,5540144.0,5542673.0,5544955.0,5547328.0,5549913.0,5552520.0,5554969.0,5557413.0,5559649.0,5561815.0,5564073.0,5566559.0,5568991.0,5571232.0,5573218.0,5575253.0,5577418.0,5579682.0,5582344.0,5584776.0,5586905.0,5588960.0,5591188.0,5593399.0,5595707.0,5597988.0,5600527.0,5602875.0,5605356.0,5607683.0,5609998.0,5612245.0,5614666.0,5616808.0,5619356.0,5621766.0,5624025.0,5626297.0,5628490.0,5630797.0,5633170.0,5635588.0,5638045.0,5640657.0,5643117.0,5645821.0,5648537.0,5651238.0,5653856.0,5656436.0,5658948.0,5661305.0,5663764.0,5666263.0,5668606.0,5670955.0,5673307.0,5675522.0,5677860.0,5680206.0,5682492.0,5684836.0,5687164.0,5689509.0,5691822.0,5694022.0,5696228.0,5698259.0,5700321.0,5702388.0,5704526.0,5706483.0,5708484.0,,5713141.0,5715500.0,5717718.0,5719814.0,5722026.0,5724218.0,5726324.0,5728554.0,5730849.0,5733274.0,5735781.0,5738030.0,5740220.0,5742468.0,5744744.0,5747313.0,5749834.0,5752326.0,5754809.0,5757219.0,5759613.0,5762189.0,5764677.0,5767089.0,5769363.0,5771382.0,5773659.0,5775888.0,5778206.0,5780548.0,5783124.0,5785453.0,5787772.0,5789987.0,5792191.0,5794627.0,5796693.0,5798795.0,5800859.0,5802905.0,5804672.0,5806811.0,5808965.0,5811239.0,5813719.0,5816011.0,5818203.0,5820417.0,5822612.0,5824888.0,5827052.0,5829426.0,5831875.0,5834185.0,5836498.0,5838845.0,5841292.0,5843940.0,5846494.0,5848990.0,5851291.0,5853467.0,5855802.0,5858104.0,5860487.0,5862731.0,5864605.0,5866457.0,5868099.0,5869861.0,5871809.0,5873810.0,5875887.0,5877890.0,5880065.0,5882203.0,5884389.0,5886572.0,5888770.0,5890986.0,5893151.0,5895221.0,5897265.0,5899333.0,5901574.0,5904007.0,5906392.0,5908604.0,5910731.0,5913002.0,5915218.0,5917430.0,5919605.0,5921713.0,5924203.0,5926594.0,5928804.0,5931049.0,5933513.0,5935992.0,5938281.0,5940637.0,5942908.0,5945099.0,5947195.0,5949353.0,5951437.0,5953595.0,5955700.0,5957795.0,5959670.0,5961585.0,5963684.0,5965904
Dk9L4P1qP2g,8915078.0,8920515.0,8926252.0,8931526.0,8937410.0,8943549.0,8949128.0,8955023.0,8960907.0,8966327.0,8971470.0,8976956.0,8982490.0,8988205.0,8994425.0,9000419.0,9005787.0,9010767.0,9016090.0,9021342.0,9027228.0,9033061.0,9038754.0,9044320.0,9049096.0,9054322.0,9059128.0,9063987.0,9069260.0,9074831.0,9080054.0,9084875.0,9089668.0,9095204.0,9100486.0,9105793.0,9111231.0,9116270.0,9121122.0,9125688.0,9130450.0,9135460.0,9140316.0,9145432.0,9150308.0,9155003.0,9159717.0,9165450.0,9170786.0,9176132.0,9181517.0,9186565.0,9191438.0,9196622.0,9201839.0,9206763.0,9211732.0,9216745.0,9222129.0,9227124.0,9232419.0,9237695.0,9243256.0,9248879.0,9254503.0,9259631.0,9264274.0,9268996.0,9273219.0,9278742.0,9283758.0,9288827.0,9293709.0,9297818.0,9302372.0,9306919.0,9311578.0,9316835.0,9321884.0,9326643.0,9331375.0,9336375.0,9341308.0,9346534.0,9351555.0,9356933.0,9361629.0,9365852.0,9370211.0,9374450.0,9379121.0,9384116.0,9389439.0,9394587.0,9399485.0,9404433.0,9409845.0,9415199.0,9420611.0,9425833.0,9430372.0,9435231.0,9440143.0,9444946.0,9449906.0,9454972.0,9459817.0,9464534.0,9469188.0,9474117.0,9478944.0,9483527.0,9488126.0,9493116.0,9498769.0,9504267.0,9510274.0,9516490.0,9523106.0,9530654.0,9537826.0,9544786.0,9552140.0,9559328.0,9565882.0,9572592.0,9579022.0,9585380.0,9590764.0,9595918.0,9604754.0,9610845.0,9617272.0,9622902.0,,,,,,,,,9673528.0,9679133.0,9685301.0,9691319.0,9697834.0,9704918.0,9712325.0,9719514.0,9727194.0,9733998.0,9740836.0,9747983.0,9754318.0,9760593.0,9766066.0,9771357.0,9776629.0,9782251.0,9787997.0,9796055.0,9803511.0,9810595.0,9816758.0,9822992.0,9828885.0,9835006.0,9841071.0,9847877.0,9853746.0,9859545.0,9866411.0,9873434.0,9880061.0,9886483.0,9892765.0,9898883.0,9904862.0,9911907.0,9918904.0,9927289.0,9937653.0,9947408.0,9955744.0,9963262.0,9972426.0,9981516.0,9989848.0,9998204.0,10006937.0,10014472.0,10021550.0,10029293.0,10036640.0,10043994.0,10051820.0,10059546.0,10066749.0,10073125.0,10080465.0,10087862.0,10095203.0,10103022.0,10110880.0,10117986.0,10124301.0,10132123.0,10142478.0,10153150.0,10161924.0,10171020.0,10179822.0,10187590.0,10195167.0,10202907.0,10210805.0,10218638.0,10226318.0,10233532.0,10240088.0,10247097.0,10254092.0,10260439.0,10267728.0,10274241.0,10280484.0,10286228.0,10292023.0,10297928.0,10303851.0,10309693.0,10315167.0,10320326.0,10325347.0,10330649.0,10336084.0,10341706.0,10347300.0,10352611.0,10357627.0,10362386.0,10367671.0,10372700.0,10377905.0,10382930.0,10387927.0,10392837.0,10397330.0,10402101.0,10406616.0,10411509.0,10416578.0,10421923.0,10426945.0,10431391.0,10435605.0,10439702.0,10443675.0,10447891.0,10452489.0,10456428.0,10460089.0,,10468075.0,10472420.0,10476927.0,10481027.0,10485085.0,10488652.0,10492190.0,10495982.0,10499755.0,10503557.0,10507344.0,10511009.0,10514355.0,10517896.0,10521329.0,10525157.0,10528785.0,10532491.0,10535985.0,10539378.0,10543047.0,10546874.0,10550536.0,10554490.0,10557990.0,10561594.0,10564993.0,10568623.0,10572126.0,10575633.0,10579160.0,10582956.0,10586574.0,10589572.0,10593052.0,10596551.0,10600010.0,10603356.0,10606886.0,10610258.0,10613460.0,10616784.0,10620162.0,10623453.0,10626769.0,10630472.0,10634660.0,10638985.0,10643654.0,10647950.0,10652163.0,10656270.0,10660614.0,10664782.0,10668739.0,10672584.0,10676644.0,10681025.0,10685499.0,10690014.0,10694545.0,10698465.0,10702788.0,10707361.0,10712231.0,10717017.0,10721807.0,10726550.0,10730855.0,10735275.0,10739660.0,10744186.0,10748442.0,10753205.0,10758045.0,10762421.0,10767171.0,10771895.0,10776925.0,10781596.0,10786433.0,10791135.0,10795202.0,10799360.0,10803650.0,10807672.0,10811976.0,10816915.0,10822033.0,10826616.0,10831361.0,10836371.0,10841414.0,10846233.0,10851347.0,10856510.0,10861338.0,10866404.0,10871770.0,10876674.0,10882064.0,10887278.0,10892197.0,10896445.0,10900756.0,10905245.0,10909917.0,10914650.0,10919665.0,10924473.0,10929133.0,10933826.0,10938579.0,10943776
PJo8dAxfbjA,18774341.0,18775969.0,18777852.0,18779865.0,18781745.0,18783659.0,18785466.0,18787376.0,18789116.0,18790871.0,18792721.0,18794254.0,18795691.0,18797154.0,18798563.0,18799947.0,18801796.0,18803480.0,18805060.0,18806495.0,18808462.0,18810407.0,18812821.0,18814538.0,18816398.0,18818040.0,18819841.0,18821685.0,18823379.0,18824868.0,18826413.0,18827903.0,18829382.0,18830829.0,18832338.0,18833688.0,18835144.0,18836748.0,18838265.0,18839758.0,18841146.0,18843193.0,18844931.0,18846561.0,18848488.0,18850159.0,18851780.0,18853515.0,18855195.0,18856858.0,18858498.0,18860303.0,18861971.0,18863684.0,18865384.0,18866928.0,18868564.0,18870116.0,18871629.0,18873073.0,18874511.0,18876018.0,18877494.0,18878924.0,18880444.0,18881773.0,18883205.0,18884558.0,18885714.0,18887359.0,18889324.0,18891037.0,18892739.0,18894179.0,18895543.0,18896966.0,18898476.0,18899774.0,18901244.0,18902551.0,18903921.0,18905152.0,18906342.0,18907621.0,18908784.0,18909920.0,18910992.0,18912064.0,18913132.0,18914185.0,18915196.0,18916248.0,18917345.0,18918479.0,18919639.0,18920699.0,18921749.0,18922788.0,18923894.0,18924918.0,18926014.0,18927097.0,18928049.0,18929075.0,18930110.0,18931141.0,18932181.0,18933254.0,18934264.0,18935263.0,18936354.0,18937393.0,18938383.0,18939449.0,18940524.0,18941528.0,18942448.0,18943438.0,18944340.0,18945274.0,18946244.0,18948064.0,18949813.0,18951188.0,18952559.0,18953960.0,18955299.0,18956700.0,18958101.0,18959448.0,18960755.0,18961894.0,18962923.0,18963923.0,,,,,,,,,18974849.0,18976343.0,18978237.0,18980630.0,18982803.0,18984790.0,18986478.0,18988368.0,18990327.0,18991996.0,18993584.0,18995247.0,18996930.0,18998539.0,19000208.0,19001859.0,19003382.0,19004934.0,19006535.0,19008038.0,19009596.0,19011245.0,19012918.0,19014263.0,19015798.0,19017539.0,19019148.0,19020839.0,19022431.0,19023988.0,19025432.0,19026851.0,19028576.0,19030018.0,19031313.0,19032752.0,19034115.0,19035267.0,19036457.0,19037726.0,19039052.0,19040319.0,19041770.0,19043106.0,19044434.0,19045779.0,19047109.0,19048290.0,19049604.0,19050955.0,19052346.0,19053650.0,19054969.0,19056415.0,19058619.0,19060363.0,19061830.0,19063126.0,19064425.0,19065650.0,19066917.0,19068077.0,19069185.0,19070429.0,19071670.0,19072829.0,19074165.0,19075444.0,19076497.0,19077574.0,19078664.0,19079664.0,19080957.0,19082140.0,19083259.0,19084376.0,19085606.0,19086844.0,19088015.0,19089111.0,19090208.0,19091220.0,19092369.0,19093487.0,19094590.0,19095673.0,19096687.0,19097736.0,19098822.0,19099886.0,19100910.0,19101900.0,19102931.0,19103849.0,19104937.0,19105906.0,19106929.0,19108005.0,19109078.0,19110011.0,19111011.0,19112058.0,19113151.0,19114253.0,19115330.0,19116335.0,19117338.0,19118309.0,19119265.0,19120200.0,19121154.0,19122144.0,19123170.0,19124252.0,19125206.0,19126129.0,19127019.0,19127906.0,19128843.0,19129850.0,19130878.0,,19132852.0,19133826.0,19134872.0,19135935.0,19137007.0,19138098.0,19139112.0,19140088.0,19141206.0,19142249.0,19143246.0,19144344.0,19145412.0,19146321.0,19147177.0,19148158.0,19149039.0,19150141.0,19151251.0,19152483.0,19153503.0,19154485.0,19155569.0,19156623.0,19157659.0,19158666.0,19159805.0,19160867.0,19161864.0,19162807.0,19163748.0,19164710.0,19165752.0,19166630.0,19167519.0,19168347.0,19169371.0,19170471.0,19171574.0,19172692.0,19173745.0,19174572.0,19175689.0,19176602.0,19177659.0,19178621.0,19179680.0,19180753.0,19181782.0,19182861.0,19183877.0,19184875.0,19185914.0,19187190.0,19188359.0,19189243.0,19190455.0,19191567.0,19192610.0,19193507.0,19194605.0,19195725.0,19197119.0,19198987.0,19200741.0,19202298.0,19203908.0,19205537.0,19207189.0,19208538.0,19209814.0,19211120.0,19212619.0,19214172.0,19215562.0,19216960.0,19218370.0,19219762.0,19221168.0,19222528.0,19223814.0,19225137.0,19226443.0,19227637.0,19228864.0,19230179.0,19231496.0,19232779.0,19234182.0,19235589.0,19236896.0,19238173.0,19239510.0,19240827.0,19242210.0,19243814.0,19245215.0,19246567.0,19247909.0,19249268.0,19250533.0,19252018.0,19253383.0,19254648.0,19255863.0,19257099.0,19258330.0,19259551.0,19260800.0,19261994.0,19263248.0,19264296.0,19265387.0,19266527
jihbzuLEyIA,2518468.0,2518729.0,2518989.0,2519285.0,2519576.0,2519845.0,2520087.0,2520384.0,2520659.0,2520960.0,2521264.0,2521470.0,2521665.0,2521924.0,2522159.0,2522370.0,2522572.0,2522816.0,2523050.0,2523262.0,2523549.0,2523847.0,2524171.0,2524419.0,2524741.0,2525046.0,2525282.0,2525501.0,2525732.0,2525972.0,2526171.0,2526371.0,2526556.0,2526740.0,2526918.0,2527108.0,2527330.0,2527537.0,2527741.0,2527948.0,2528121.0,2528411.0,2528608.0,2528886.0,2529117.0,2529347.0,2529543.0,2529787.0,2529999.0,2530238.0,2530443.0,2530630.0,2530824.0,2530994.0,2531156.0,2531328.0,2531517.0,2531666.0,2531846.0,2532009.0,2532144.0,2532268.0,2532446.0,2532576.0,2532749.0,2532905.0,2533049.0,2533224.0,2533348.0,2533574.0,2533835.0,2534042.0,2534252.0,2534457.0,2534667.0,2534857.0,2535020.0,2535209.0,2535413.0,2535571.0,2535797.0,2535956.0,2536122.0,2536286.0,2536429.0,2536576.0,2536726.0,2536867.0,2536991.0,2537132.0,2537283.0,2537406.0,2537576.0,2537745.0,2537874.0,2538014.0,2538138.0,2538246.0,2538366.0,2538473.0,2538630.0,2538770.0,2538902.0,2539023.0,2539144.0,2539230.0,2539337.0,2539447.0,2539585.0,2539693.0,2539813.0,2539962.0,2540085.0,2540219.0,2540365.0,2540528.0,2540659.0,2540794.0,2540942.0,2541069.0,2541224.0,2541499.0,2541707.0,2541883.0,2542042.0,2542240.0,2542430.0,2542578.0,2542716.0,2542904.0,2543074.0,2543258.0,2543425.0,2543605.0,,,,,,,,,2545274.0,2545517.0,2545851.0,2546208.0,2546526.0,2546739.0,2547009.0,2547287.0,2547580.0,2547840.0,2548066.0,2548338.0,2548577.0,2548785.0,2548968.0,2549205.0,2549411.0,2549612.0,2549827.0,2550005.0,2550244.0,2550522.0,2550784.0,2551024.0,2551239.0,2551546.0,2551776.0,2552033.0,2552228.0,2552461.0,2552639.0,2552884.0,2553157.0,2553330.0,2553533.0,2553765.0,2553976.0,2554182.0,2554357.0,2554545.0,2554761.0,2554933.0,2555096.0,2555282.0,2555455.0,2555667.0,2555858.0,2556026.0,2556219.0,2556360.0,2556568.0,2556712.0,2556891.0,2557090.0,2557420.0,2557697.0,2557888.0,2558123.0,2558294.0,2558507.0,2558710.0,2558900.0,2559143.0,2559417.0,2559706.0,2559888.0,2560127.0,2560277.0,2560497.0,2560664.0,2560872.0,2561082.0,2561276.0,2561440.0,2561569.0,2561749.0,2561894.0,2562070.0,2562240.0,2562397.0,2562568.0,2562704.0,2562858.0,2563019.0,2563158.0,2563336.0,2563492.0,2563654.0,2563821.0,2563967.0,2564111.0,2564272.0,2564424.0,2564569.0,2564736.0,2564882.0,2565049.0,2565206.0,2565376.0,2565518.0,2565672.0,2565819.0,2565964.0,2566096.0,2566269.0,2566406.0,2566537.0,2566645.0,2566786.0,2566922.0,2567071.0,2567207.0,2567380.0,2567615.0,2567812.0,2567951.0,2568089.0,2568228.0,2568362.0,2568530.0,2568700.0,,2569009.0,2569136.0,2569301.0,2569449.0,2569600.0,2569775.0,2569921.0,2570056.0,2570184.0,2570374.0,2570534.0,2570678.0,2570834.0,2570951.0,2571139.0,2571272.0,2571405.0,2571623.0,2571807.0,2571975.0,2572129.0,2572284.0,2572435.0,2572568.0,2572772.0,2572911.0,2573108.0,2573240.0,2573407.0,2573575.0,2573745.0,2573867.0,2574030.0,2574184.0,2574316.0,2574489.0,2574657.0,2574846.0,2575007.0,2575165.0,2575334.0,2575473.0,2575659.0,2575791.0,2575955.0,2576124.0,2576303.0,2576505.0,2576696.0,2576891.0,2577047.0,2577211.0,2577351.0,2577521.0,2577671.0,2577843.0,2577999.0,2578191.0,2578334.0,2578482.0,2578657.0,2578831.0,2579168.0,2579554.0,2579816.0,2580081.0,2580334.0,2580579.0,2580825.0,2581033.0,2581210.0,2581419.0,2581650.0,2581939.0,2582177.0,2582415.0,2582718.0,2582975.0,2583189.0,2583403.0,2583633.0,2583842.0,2584071.0,2584242.0,2584414.0,2584585.0,2584771.0,2584974.0,2585155.0,2585382.0,2585602.0,2585777.0,2585942.0,2586145.0,2586306.0,2586510.0,2586675.0,2586878.0,2587071.0,2587271.0,2587505.0,2587743.0,2587918.0,2588162.0,2588364.0,2588546.0,2588754.0,2588930.0,2589150.0,2589326.0,2589489.0,2589641.0,2589781.0,2589933
ab45miz8z4U,16163.0,16170.0,16176.0,16179.0,16194.0,16195.0,16214.0,16230.0,16243.0,16252.0,16260.0,16271.0,16279.0,16283.0,16290.0,16294.0,16302.0,16307.0,16318.0,16325.0,16332.0,16334.0,16341.0,16355.0,16361.0,16370.0,16383.0,16399.0,16417.0,16430.0,16440.0,16443.0,16446.0,16454.0,16467.0,16475.0,16484.0,16492.0,16508.0,16518.0,16526.0,16536.0,16546.0,16554.0,16565.0,16570.0,16594.0,16604.0,16613.0,16625.0,16644.0,16647.0,16655.0,16663.0,16671.0,16684.0,16692.0,16708.0,16716.0,16727.0,16739.0,16749.0,16763.0,16771.0,16783.0,16792.0,16798.0,16809.0,16823.0,16837.0,16845.0,16853.0,16856.0,16860.0,16872.0,16877.0,16886.0,16903.0,16913.0,16929.0,16937.0,16944.0,16950.0,16961.0,16963.0,16973.0,16979.0,16990.0,17002.0,17011.0,17020.0,17027.0,17040.0,17050.0,17055.0,17063.0,17071.0,17090.0,17097.0,17107.0,17115.0,17118.0,17122.0,17131.0,17133.0,17143.0,17152.0,17159.0,17166.0,17167.0,17174.0,17188.0,17194.0,17202.0,17209.0,17212.0,17218.0,17226.0,17233.0,17236.0,17242.0,17245.0,17247.0,17249.0,17257.0,17260.0,17263.0,17266.0,17269.0,17276.0,17282.0,17287.0,17293.0,17297.0,,,,,,,,,17351.0,17354.0,17356.0,17361.0,17368.0,17373.0,17379.0,17385.0,17391.0,17393.0,17397.0,17409.0,17417.0,17421.0,17424.0,17432.0,17437.0,17445.0,17451.0,17456.0,17456.0,17463.0,17466.0,17469.0,17473.0,17475.0,17481.0,17487.0,17490.0,17496.0,17498.0,17501.0,17503.0,17505.0,17508.0,17511.0,17514.0,17518.0,17521.0,17521.0,17522.0,17526.0,17528.0,17531.0,17532.0,17537.0,17541.0,17544.0,17545.0,17550.0,17555.0,17557.0,17559.0,17567.0,17569.0,17570.0,17571.0,17574.0,17580.0,17582.0,17584.0,17584.0,17586.0,17588.0,17588.0,17591.0,17592.0,17602.0,17606.0,17612.0,17615.0,17619.0,17623.0,17627.0,17633.0,17640.0,17643.0,17645.0,17650.0,17655.0,17659.0,17665.0,17671.0,17675.0,17681.0,17686.0,17694.0,17696.0,17701.0,17708.0,17711.0,17715.0,17718.0,17723.0,17727.0,17734.0,17739.0,17744.0,17747.0,17751.0,17756.0,17764.0,17774.0,17780.0,17788.0,17795.0,17800.0,17804.0,17811.0,17815.0,17819.0,17829.0,17836.0,17840.0,17856.0,17876.0,17894.0,17909.0,17955.0,17980.0,18001.0,,18029.0,18057.0,18076.0,18088.0,18109.0,18119.0,18129.0,18144.0,18163.0,18182.0,18195.0,18206.0,18216.0,18233.0,18249.0,18261.0,18277.0,18289.0,18310.0,18316.0,18330.0,18348.0,18364.0,18382.0,18393.0,18401.0,18407.0,18416.0,18432.0,18442.0,18450.0,18457.0,18463.0,18467.0,18482.0,18491.0,18500.0,18512.0,18516.0,18522.0,18526.0,18532.0,18545.0,18558.0,18570.0,18593.0,18627.0,18659.0,18707.0,18738.0,18759.0,18787.0,18811.0,18841.0,18856.0,18875.0,18891.0,18902.0,18927.0,18943.0,18960.0,18979.0,18997.0,19019.0,19034.0,19056.0,19105.0,19145.0,19180.0,19208.0,19234.0,19289.0,19343.0,19381.0,19402.0,19415.0,19433.0,19447.0,19472.0,19488.0,19513.0,19529.0,19546.0,19557.0,19568.0,19580.0,19590.0,19602.0,19615.0,19620.0,19633.0,19642.0,19658.0,19674.0,19687.0,19704.0,19718.0,19726.0,19738.0,19747.0,19765.0,19777.0,19793.0,19798.0,19807.0,19818.0,19839.0,19852.0,19871.0,19880.0,19894.0,19908.0,19919.0,19933
6ygO_de-gaY,11332.0,11363.0,11395.0,11422.0,11462.0,11494.0,11531.0,11559.0,11600.0,11645.0,11683.0,11717.0,11761.0,11818.0,11881.0,11935.0,12002.0,12059.0,12118.0,12183.0,12224.0,12283.0,12341.0,12392.0,12437.0,12490.0,12530.0,12589.0,12648.0,12706.0,12747.0,12788.0,12829.0,12856.0,12897.0,13011.0,13099.0,13166.0,13216.0,13286.0,13356.0,13444.0,13536.0,13612.0,13669.0,13714.0,13792.0,13870.0,13961.0,14050.0,14128.0,14195.0,14280.0,14351.0,14422.0,14475.0,14528.0,14582.0,14643.0,14686.0,14742.0,14801.0,14878.0,14945.0,15019.0,15076.0,15125.0,15169.0,15209.0,15270.0,15308.0,15347.0,15383.0,15411.0,15453.0,15505.0,15569.0,15620.0,15670.0,15722.0,15765.0,15811.0,15880.0,15931.0,15988.0,16029.0,16063.0,16103.0,16146.0,16179.0,16220.0,16263.0,16293.0,16320.0,16344.0,16371.0,16407.0,16444.0,16489.0,16540.0,16583.0,16604.0,16647.0,16687.0,16744.0,16776.0,16815.0,16847.0,16878.0,16916.0,16954.0,17000.0,17024.0,17056.0,17090.0,17113.0,17149.0,17184.0,17217.0,17243.0,17279.0,17312.0,17343.0,17369.0,17408.0,17461.0,17494.0,17535.0,17573.0,17591.0,17609.0,17635.0,17669.0,17691.0,,,,,,,,,17983.0,18004.0,18023.0,18056.0,18108.0,18158.0,18186.0,18210.0,18244.0,18273.0,18300.0,18327.0,18328.0,18328.0,18328.0,18328.0,18328.0,18328.0,18328.0,18328.0,18328.0,18328.0,18328.0,18328.0,18328.0,18328.0,18328.0,18328.0,18328.0,18328.0,18328.0,18328.0,18328.0,18328.0,18328.0,18328.0,18328.0,18328.0,18328.0,18328.0,18328.0,18328.0,18328.0,18328.0,18328.0,18328.0,18328.0,18328.0,18328.0,18328.0,18328.0,18328.0,18328.0,18328.0,18328.0,18328.0,18328.0,18328.0,18328.0,18328.0,18328.0,18328.0,18328.0,18328.0,18328.0,18328.0,18328.0,18328.0,18328.0,18328.0,18328.0,18328.0,18328.0,18328.0,18328.0,18328.0,18328.0,18328.0,18328.0,18328.0,18328.0,18328.0,18328.0,18328.0,18328.0,18328.0,18328.0,18328.0,18328.0,18328.0,18328.0,18328.0,18328.0,18328.0,18328.0,18328.0,18328.0,18328.0,18328.0,18328.0,18328.0,18328.0,18328.0,18328.0,18328.0,18328.0,18328.0,18328.0,18328.0,18328.0,18328.0,18328.0,18328.0,18328.0,18328.0,18328.0,18328.0,18328.0,18328.0,18328.0,18328.0,,18328.0,18328.0,18328.0,18328.0,18328.0,18328.0,18328.0,18328.0,18328.0,18328.0,18328.0,18328.0,18328.0,18328.0,18328.0,18328.0,18328.0,18328.0,18328.0,18328.0,18328.0,18328.0,18328.0,18328.0,18328.0,18328.0,18328.0,18328.0,18328.0,18328.0,18328.0,18328.0,18328.0,18328.0,18328.0,18328.0,18328.0,18328.0,18328.0,18328.0,18328.0,18328.0,18328.0,18328.0,18328.0,18328.0,18328.0,18328.0,18328.0,18328.0,18328.0,18328.0,18328.0,18328.0,18328.0,18328.0,18328.0,18328.0,18328.0,18328.0,18328.0,18328.0,18328.0,18328.0,18328.0,18328.0,18328.0,18328.0,18328.0,18328.0,18328.0,18328.0,18328.0,18328.0,18328.0,18328.0,18328.0,18328.0,18328.0,18328.0,18328.0,18328.0,18328.0,18328.0,18328.0,18328.0,18328.0,18328.0,18328.0,18328.0,18328.0,18328.0,18328.0,18328.0,18328.0,18328.0,18328.0,18328.0,18328.0,18328.0,18328.0,18328.0,18328.0,18328.0,18328.0,18328.0,18328.0,18328.0,18328.0,18328.0,18328.0,18328.0,18328.0,18328
yxGDpkhs-d8,32427.0,32453.0,32469.0,32492.0,32518.0,32538.0,32555.0,32581.0,32592.0,32615.0,32635.0,32653.0,32670.0,32685.0,32705.0,32719.0,32741.0,32758.0,32770.0,32782.0,32802.0,32820.0,32843.0,32862.0,32884.0,32894.0,32913.0,32930.0,32946.0,32962.0,32976.0,32996.0,33009.0,33021.0,33031.0,33044.0,33052.0,33058.0,33078.0,33090.0,33096.0,33105.0,33111.0,33118.0,33126.0,33138.0,33146.0,33148.0,33156.0,33164.0,33172.0,33180.0,33185.0,33192.0,33208.0,33213.0,33222.0,33224.0,33230.0,33237.0,33251.0,33263.0,33277.0,33290.0,33291.0,33296.0,33305.0,33314.0,33322.0,33330.0,33335.0,33338.0,33343.0,33348.0,33352.0,33358.0,33362.0,33369.0,33371.0,33374.0,33379.0,33383.0,33389.0,33397.0,33406.0,33417.0,33419.0,33427.0,33433.0,33440.0,33446.0,33456.0,33464.0,33470.0,33475.0,33480.0,33485.0,33489.0,33493.0,33497.0,33507.0,33510.0,33517.0,33519.0,33524.0,33527.0,33533.0,33543.0,33549.0,33554.0,33554.0,33556.0,33560.0,33565.0,33568.0,33571.0,33578.0,33588.0,33596.0,33598.0,33605.0,33608.0,33611.0,33615.0,33617.0,33622.0,33627.0,33628.0,33635.0,33638.0,33640.0,33643.0,33645.0,33649.0,,,,,,,,,33670.0,33672.0,33677.0,33681.0,33683.0,33686.0,33688.0,33691.0,33698.0,33703.0,33705.0,33708.0,33715.0,33720.0,33725.0,33730.0,33730.0,33732.0,33733.0,33736.0,33737.0,33739.0,33743.0,33746.0,33746.0,33748.0,33750.0,33750.0,33752.0,33754.0,33757.0,33756.0,33758.0,33760.0,33760.0,33760.0,33762.0,33769.0,33770.0,33770.0,33769.0,33770.0,33772.0,33778.0,33781.0,33784.0,33787.0,33789.0,33791.0,33793.0,33796.0,33797.0,33799.0,33800.0,33801.0,33801.0,33805.0,33808.0,33811.0,33815.0,33816.0,33819.0,33821.0,33822.0,33822.0,33822.0,33824.0,33827.0,33829.0,33831.0,33832.0,33836.0,33841.0,33846.0,33849.0,33852.0,33852.0,33853.0,33854.0,33859.0,33865.0,33865.0,33870.0,33877.0,33875.0,33880.0,33883.0,33885.0,33886.0,33888.0,33893.0,33897.0,33897.0,33902.0,33905.0,33912.0,33915.0,33920.0,33925.0,33929.0,33933.0,33939.0,33939.0,33940.0,33941.0,33943.0,33944.0,33945.0,33946.0,33947.0,33951.0,33952.0,33953.0,33958.0,33961.0,33963.0,33967.0,33971.0,33973.0,33975.0,33974.0,,33980.0,33982.0,33986.0,33991.0,33996.0,34001.0,34001.0,34007.0,34008.0,34009.0,34013.0,34019.0,34021.0,34026.0,34027.0,34029.0,34028.0,34033.0,34036.0,34037.0,34042.0,34047.0,34048.0,34055.0,34058.0,34060.0,34064.0,34066.0,34069.0,34075.0,34081.0,34086.0,34091.0,34095.0,34098.0,34100.0,34109.0,34115.0,34118.0,34120.0,34124.0,34135.0,34138.0,34142.0,34148.0,34155.0,34164.0,34169.0,34176.0,34183.0,34192.0,34202.0,34211.0,34218.0,34230.0,34237.0,34242.0,34247.0,34253.0,34264.0,34275.0,34288.0,34303.0,34311.0,34322.0,34336.0,34345.0,34350.0,34354.0,34367.0,34378.0,34390.0,34405.0,34415.0,34424.0,34427.0,34437.0,34439.0,34441.0,34444.0,34448.0,34450.0,34453.0,34456.0,34460.0,34459.0,34460.0,34459.0,34460.0,34461.0,34464.0,34465.0,34465.0,34466.0,34468.0,34469.0,34472.0,34472.0,34474.0,34476.0,34478.0,34479.0,34479.0,34481.0,34484.0,34489.0,34493.0,34494.0,34495.0,34496.0,34497.0,34499.0,34500.0,34500
frQQMPYsxSo,19432.0,19436.0,19439.0,19443.0,19448.0,19452.0,19458.0,19463.0,19470.0,19480.0,19486.0,19496.0,19501.0,19510.0,19516.0,19517.0,19526.0,19528.0,19531.0,19533.0,19533.0,19534.0,19537.0,19539.0,19543.0,19548.0,19553.0,19564.0,19567.0,19569.0,19571.0,19573.0,19582.0,19583.0,19585.0,19587.0,19589.0,19594.0,19594.0,19595.0,19601.0,19605.0,19608.0,19609.0,19614.0,19616.0,19619.0,19621.0,19623.0,19625.0,19626.0,19630.0,19632.0,19633.0,19636.0,19641.0,19642.0,19646.0,19649.0,19654.0,19655.0,19655.0,19662.0,19665.0,19668.0,19672.0,19676.0,19676.0,19679.0,19680.0,19683.0,19684.0,19686.0,19691.0,19696.0,19696.0,19697.0,19699.0,19705.0,19708.0,19710.0,19713.0,19717.0,19721.0,19727.0,19735.0,19740.0,19743.0,19753.0,19757.0,19759.0,19763.0,19767.0,19772.0,19778.0,19782.0,19788.0,19790.0,19791.0,19793.0,19797.0,19800.0,19808.0,19809.0,19814.0,19816.0,19819.0,19823.0,19828.0,19839.0,19841.0,19845.0,19848.0,19851.0,19856.0,19865.0,19868.0,19870.0,19871.0,19874.0,19877.0,19879.0,19883.0,19887.0,19889.0,19894.0,19898.0,19900.0,19905.0,19906.0,19910.0,19914.0,19916.0,19923.0,,,,,,,,,19966.0,19969.0,19978.0,19981.0,19983.0,19990.0,19994.0,19997.0,20004.0,20009.0,20018.0,20021.0,20023.0,20031.0,20033.0,20035.0,20041.0,20041.0,20047.0,20047.0,20049.0,20056.0,20057.0,20058.0,20061.0,20068.0,20072.0,20076.0,20085.0,20088.0,20090.0,20091.0,20096.0,20106.0,20110.0,20115.0,20129.0,20140.0,20147.0,20157.0,20171.0,20185.0,20194.0,20199.0,20207.0,20217.0,20230.0,20233.0,20245.0,20254.0,20266.0,20283.0,20288.0,20298.0,20302.0,20314.0,20327.0,20353.0,20367.0,20380.0,20411.0,20439.0,20456.0,20463.0,20473.0,20480.0,20482.0,20491.0,20492.0,20493.0,20496.0,20498.0,20502.0,20507.0,20511.0,20514.0,20516.0,20517.0,20519.0,20519.0,20522.0,20523.0,20522.0,20525.0,20527.0,20527.0,20528.0,20530.0,20531.0,20531.0,20532.0,20533.0,20535.0,20536.0,20539.0,20542.0,20542.0,20543.0,20546.0,20548.0,20548.0,20548.0,20550.0,20549.0,20553.0,20554.0,20558.0,20558.0,20558.0,20558.0,20558.0,20558.0,20558.0,20560.0,20563.0,20563.0,20563.0,20563.0,20565.0,20567.0,20570.0,,20575.0,20575.0,20577.0,20579.0,20579.0,20582.0,20582.0,20585.0,20585.0,20585.0,20584.0,20586.0,20586.0,20586.0,20587.0,20590.0,20594.0,20594.0,20595.0,20595.0,20597.0,20598.0,20598.0,20600.0,20600.0,20600.0,20602.0,20603.0,20604.0,20605.0,20607.0,20609.0,20610.0,20610.0,20611.0,20612.0,20613.0,20614.0,20614.0,20617.0,20617.0,20619.0,20620.0,20620.0,20620.0,20623.0,20626.0,20627.0,20628.0,20634.0,20637.0,20636.0,20637.0,20641.0,20641.0,20642.0,20643.0,20644.0,20645.0,20646.0,20646.0,20646.0,20646.0,20646.0,20647.0,20648.0,20648.0,20650.0,20650.0,20652.0,20652.0,20653.0,20654.0,20656.0,20658.0,20660.0,20660.0,20660.0,20660.0,20660.0,20662.0,20665.0,20665.0,20665.0,20666.0,20668.0,20668.0,20668.0,20669.0,20670.0,20673.0,20673.0,20673.0,20674.0,20673.0,20675.0,20676.0,20676.0,20676.0,20678.0,20678.0,20680.0,20681.0,20683.0,20683.0,20683.0,20684.0,20684.0,20684.0,20685.0,20685.0,20685.0,20689.0,20689
8MQ0p6mNccU,2390416.0,2390427.0,2390436.0,2390450.0,2390466.0,2390487.0,2390516.0,2390535.0,2390546.0,2390556.0,2390572.0,2390584.0,2390607.0,2390623.0,2390628.0,2390641.0,2390651.0,2390661.0,2390677.0,2390695.0,2390712.0,2390732.0,2390743.0,2390750.0,2390761.0,2390774.0,2390801.0,2390813.0,2390819.0,2390835.0,2390841.0,2390851.0,2390860.0,2390870.0,2390878.0,2390890.0,2390903.0,2390911.0,2390929.0,2390940.0,2390952.0,2390973.0,2390979.0,2390993.0,2391005.0,2391018.0,2391030.0,2391046.0,2391063.0,2391085.0,2391104.0,2391120.0,2391124.0,2391141.0,2391161.0,2391173.0,2391189.0,2391200.0,2391212.0,2391221.0,2391231.0,2391239.0,2391251.0,2391265.0,2391275.0,2391289.0,2391297.0,2391308.0,2391323.0,2391336.0,2391369.0,2391386.0,2391395.0,2391403.0,2391425.0,2391441.0,2391465.0,2391479.0,2391495.0,2391508.0,2391516.0,2391528.0,2391544.0,2391553.0,2391564.0,2391572.0,2391584.0,2391593.0,2391604.0,2391617.0,2391633.0,2391643.0,2391652.0,2391664.0,2391666.0,2391678.0,2391688.0,2391698.0,2391711.0,2391726.0,2391731.0,2391742.0,2391757.0,2391770.0,2391779.0,2391793.0,2391812.0,2391830.0,2391836.0,2391847.0,2391859.0,2391868.0,2391894.0,2391909.0,2391928.0,2391938.0,2391950.0,2391959.0,2391969.0,2391981.0,2391988.0,2392006.0,2392021.0,2392030.0,2392038.0,2392044.0,2392060.0,2392073.0,2392086.0,2392093.0,2392105.0,2392116.0,2392126.0,2392133.0,,,,,,,,,2392237.0,2392241.0,2392253.0,2392284.0,2392302.0,2392312.0,2392340.0,2392363.0,2392388.0,2392420.0,2392435.0,2392448.0,2392462.0,2392475.0,2392483.0,2392507.0,2392517.0,2392524.0,2392537.0,2392551.0,2392565.0,2392575.0,2392583.0,2392593.0,2392603.0,2392612.0,2392621.0,2392625.0,2392628.0,2392634.0,2392643.0,2392654.0,2392662.0,2392672.0,2392683.0,2392690.0,2392703.0,2392713.0,2392723.0,2392730.0,2392746.0,2392762.0,2392767.0,2392775.0,2392791.0,2392805.0,2392822.0,2392840.0,2392853.0,2392859.0,2392865.0,2392870.0,2392876.0,2392883.0,2392895.0,2392902.0,2392909.0,2392916.0,2392925.0,2392931.0,2392944.0,2392950.0,2392960.0,2392961.0,2392968.0,2392978.0,2392994.0,2393005.0,2393013.0,2393028.0,2393038.0,2393040.0,2393045.0,2393058.0,2393067.0,2393078.0,2393092.0,2393102.0,2393106.0,2393112.0,2393118.0,2393133.0,2393139.0,2393144.0,2393150.0,2393164.0,2393173.0,2393178.0,2393187.0,2393193.0,2393206.0,2393209.0,2393217.0,2393227.0,2393243.0,2393256.0,2393266.0,2393275.0,2393280.0,2393287.0,2393297.0,2393303.0,2393317.0,2393325.0,2393333.0,2393339.0,2393344.0,2393358.0,2393364.0,2393371.0,2393378.0,2393389.0,2393400.0,2393407.0,2393415.0,2393421.0,2393429.0,2393431.0,2393440.0,2393444.0,2393452.0,,2393468.0,2393475.0,2393481.0,2393484.0,2393488.0,2393492.0,2393498.0,2393506.0,2393514.0,2393526.0,2393536.0,2393548.0,2393553.0,2393562.0,2393570.0,2393576.0,2393586.0,2393597.0,2393608.0,2393614.0,2393621.0,2393629.0,2393636.0,2393652.0,2393661.0,2393669.0,2393673.0,2393681.0,2393687.0,2393697.0,2393704.0,2393710.0,2393715.0,2393722.0,2393730.0,2393741.0,2393749.0,2393755.0,2393763.0,2393768.0,2393777.0,2393784.0,2393796.0,2393809.0,2393815.0,2393823.0,2393832.0,2393840.0,2393847.0,2393851.0,2393872.0,2393883.0,2393900.0,2393912.0,2393923.0,2393932.0,2393940.0,2393952.0,2393963.0,2393973.0,2393977.0,2393981.0,2393987.0,2394008.0,2394023.0,2394035.0,2394039.0,2394060.0,2394074.0,2394081.0,2394089.0,2394100.0,2394111.0,2394123.0,2394130.0,2394135.0,2394148.0,2394159.0,2394168.0,2394176.0,2394182.0,2394185.0,2394193.0,2394198.0,2394214.0,2394222.0,2394228.0,2394232.0,2394240.0,2394248.0,2394258.0,2394264.0,2394274.0,2394286.0,2394289.0,2394297.0,2394310.0,2394324.0,2394335.0,2394342.0,2394355.0,2394366.0,2394370.0,2394381.0,2394388.0,2394396.0,2394401.0,2394409.0,2394417.0,2394424.0,2394428.0,2394435.0,2394441.0,2394450
SFf7Hump8pQ,31231761.0,31235556.0,31240731.0,31246292.0,31250662.0,31255134.0,31259376.0,31263899.0,31268657.0,31274459.0,31280281.0,31284840.0,31289519.0,31294090.0,31298842.0,31303543.0,31309255.0,31315076.0,31319745.0,31324420.0,31329311.0,31334421.0,31339463.0,31345264.0,31351071.0,31355466.0,31359725.0,31364171.0,31368496.0,31372892.0,31378311.0,31383600.0,31387789.0,31391902.0,31396149.0,31400665.0,31405258.0,31410591.0,31415954.0,31420170.0,31424130.0,31428112.0,31432297.0,31436762.0,31441581.0,31446386.0,31451104.0,31455691.0,31460221.0,31464771.0,31469281.0,31474258.0,31478778.0,31483110.0,31487548.0,31491812.0,31496275.0,31500423.0,31504879.0,31509706.0,31514160.0,31518589.0,31523093.0,31527490.0,31532138.0,31536740.0,31541091.0,31545400.0,31549103.0,31553911.0,31557969.0,31561852.0,31565822.0,31569744.0,31573652.0,31577531.0,31581477.0,31585610.0,31589711.0,31593688.0,31597783.0,31602055.0,31605878.0,31609854.0,31613554.0,31617661.0,31622185.0,31626474.0,31630166.0,31633641.0,31637199.0,31640875.0,31644618.0,31648899.0,31653351.0,31656786.0,31660506.0,31664379.0,31668369.0,31672332.0,31676924.0,31681555.0,31686073.0,31689782.0,31693664.0,31697587.0,31701429.0,31706035.0,31710874.0,31714720.0,31719494.0,31723658.0,31727655.0,31731665.0,31736250.0,31740967.0,31744876.0,31748810.0,31752923.0,31756975.0,31761194.0,31765809.0,31770561.0,31774505.0,31778328.0,31782293.0,31786320.0,31790348.0,31795061.0,31799728.0,31804482.0,31808366.0,31812361.0,31816551.0,,,,,,,,,31862375.0,31867684.0,31872219.0,31876176.0,31880513.0,31884751.0,31888548.0,31892874.0,31897551.0,31901793.0,31905425.0,31909099.0,31913375.0,31917705.0,31922545.0,31927374.0,31931367.0,31935456.0,31939818.0,31944226.0,31948569.0,31953894.0,31958862.0,31963028.0,31967437.0,31971686.0,31976005.0,31980316.0,31985099.0,31990110.0,31994933.0,31999328.0,32003634.0,32007983.0,32012117.0,32017217.0,32022452.0,32026663.0,32031080.0,32035545.0,32039892.0,32043903.0,32048677.0,32053339.0,32057241.0,32061238.0,32065242.0,32069383.0,32073518.0,32078141.0,32082740.0,32086628.0,32090433.0,32094578.0,32098682.0,32102658.0,32107128.0,32111297.0,32115039.0,32118907.0,32122824.0,32126928.0,32131042.0,32135326.0,32139959.0,32144411.0,32148930.0,32152779.0,32155898.0,32159213.0,32162572.0,32166161.0,32169962.0,32174020.0,32178069.0,32181773.0,32185511.0,32189814.0,32194106.0,32198339.0,32201861.0,32205068.0,32209133.0,32212854.0,32217088.0,32221600.0,32225266.0,32229234.0,32233227.0,32237313.0,32241434.0,32248363.0,32253937.0,32258197.0,32262516.0,32266793.0,32271493.0,32276195.0,32281193.0,32285992.0,32290115.0,32294123.0,32298274.0,32302358.0,32306368.0,32310884.0,32315212.0,32318977.0,32322870.0,32327577.0,32331532.0,32335778.0,32340636.0,32345615.0,32349679.0,32353701.0,32357615.0,32361736.0,32365809.0,32370763.0,32375803.0,,32385062.0,32389727.0,32394486.0,32399395.0,32405091.0,32410971.0,32415743.0,32420326.0,32425231.0,32430218.0,32435096.0,32440852.0,32446527.0,32451338.0,32455830.0,32461026.0,32465999.0,32471426.0,32477631.0,32483608.0,32488635.0,32493811.0,32499248.0,32504854.0,32511026.0,32516950.0,32522914.0,32528278.0,32533642.0,32539307.0,32544733.0,32550378.0,32555847.0,32560979.0,32565960.0,32571016.0,32577448.0,32583492.0,32589268.0,32595046.0,32600698.0,32606009.0,32611146.0,32616121.0,32620723.0,32625299.0,32630838.0,32635909.0,32639943.0,32643858.0,32647800.0,32651580.0,32655345.0,32659842.0,32664453.0,32668121.0,32671786.0,32675494.0,32679338.0,32683083.0,32687886.0,32692689.0,32696636.0,32700368.0,32704929.0,32708530.0,32712422.0,32716764.0,32721155.0,32725622.0,32729994.0,32734210.0,32737757.0,32741490.0,32745820.0,32750146.0,32753681.0,32757219.0,32760975.0,32764673.0,32768725.0,32773922.0,32778835.0,32782682.0,32786355.0,32790293.0,32794422.0,32798293.0,32802730.0,32807219.0,32811048.0,32814659.0,32818535.0,32822299.0,32826077.0,32830841.0,32835444.0,32839197.0,32843171.0,32847719.0,32851976.0,32856410.0,32861623.0,32867003.0,32871188.0,32875464.0,32879727.0,32883971.0,32888304.0,32893503.0,32898856.0,32903271.0,32907677.0,32912032
RRUa9HqURPs,14328129.0,14330246.0,14332902.0,14335359.0,14337434.0,14339408.0,14341367.0,14343473.0,14345513.0,14347882.0,14350329.0,14352303.0,14354435.0,14356690.0,14358927.0,14361251.0,14364329.0,14367048.0,14369431.0,14371847.0,14374337.0,14377006.0,14379783.0,14382738.0,14385597.0,14387777.0,14389880.0,14392163.0,14394411.0,14396587.0,14399158.0,14401481.0,14403443.0,14405469.0,14407650.0,14410030.0,14412602.0,14415522.0,14418550.0,14420673.0,14422631.0,14424726.0,14426985.0,14429434.0,14432013.0,14434481.0,14436956.0,14439483.0,14441865.0,14444188.0,14446790.0,14449666.0,14452338.0,14454737.0,14457246.0,14459708.0,14462135.0,14464478.0,14467035.0,14469874.0,14472502.0,14474695.0,14477031.0,14479285.0,14481519.0,14483601.0,14485550.0,14487744.0,14490347.0,14492981.0,14495264.0,14497282.0,14499308.0,14501445.0,14503591.0,14505707.0,14507982.0,14510071.0,14512320.0,14514350.0,14516272.0,14518328.0,14520423.0,14522495.0,14524212.0,14526207.0,14528177.0,14529911.0,14531530.0,14533242.0,14535052.0,14537125.0,14538792.0,14540559.0,14542286.0,14543723.0,14545543.0,14547363.0,14549226.0,14550966.0,14552832.0,14554599.0,14556411.0,14558091.0,14559899.0,14561723.0,14563450.0,14565462.0,14567461.0,14569168.0,14571032.0,14572635.0,14574239.0,14575831.0,14577641.0,14579355.0,14580977.0,14582748.0,14584547.0,14586171.0,14587836.0,14589693.0,14591473.0,14593076.0,14594836.0,14596447.0,14598098.0,14599862.0,14601745.0,14603611.0,14605460.0,14607059.0,14608851.0,14610479.0,,,,,,,,,14639120.0,14642071.0,14644443.0,14646738.0,14648924.0,14651046.0,14653295.0,14655510.0,14657839.0,14659984.0,14661827.0,14663499.0,14665462.0,14667274.0,14669370.0,14671332.0,14672990.0,14674796.0,14676656.0,14678322.0,14679946.0,14681721.0,14683820.0,14685221.0,14687017.0,14688698.0,14690615.0,14692536.0,14694773.0,14696964.0,14698943.0,14700764.0,14702633.0,14704464.0,14706138.0,14708098.0,14710056.0,14711647.0,14713405.0,14714916.0,14716668.0,14718196.0,14719954.0,14721540.0,14722940.0,14724289.0,14725786.0,14727448.0,14729069.0,14730731.0,14732360.0,14733858.0,14735364.0,14737078.0,14738656.0,14740252.0,14741864.0,14743272.0,14744780.0,14746133.0,14747609.0,14749298.0,14750909.0,14752588.0,14754029.0,14755522.0,14756948.0,14758231.0,14759207.0,14760265.0,14761458.0,14762796.0,14764117.0,14765477.0,14766769.0,14768095.0,14769454.0,14770846.0,14772384.0,14773752.0,14775033.0,14776264.0,14777724.0,14779162.0,14780571.0,14781973.0,14783154.0,14784366.0,14785598.0,14786889.0,14788230.0,14789798.0,14791105.0,14792630.0,14793904.0,14795302.0,14796739.0,14798227.0,14799782.0,14801074.0,14802456.0,14803728.0,14805130.0,14806479.0,14807707.0,14809213.0,14810615.0,14811807.0,14813149.0,14814630.0,14816010.0,14817326.0,14818954.0,14820487.0,14821850.0,14823103.0,14824445.0,14825812.0,14827083.0,14828544.0,14829892.0,,14832682.0,14833927.0,14835421.0,14836802.0,14838336.0,14839814.0,14841144.0,14842439.0,14843721.0,14845021.0,14846544.0,14848032.0,14849450.0,14850706.0,14851849.0,14853113.0,14854393.0,14855731.0,14857327.0,14858677.0,14859929.0,14861261.0,14862680.0,14864086.0,14865672.0,14867181.0,14868776.0,14870223.0,14871610.0,14873006.0,14874420.0,14875899.0,14877370.0,14878785.0,14880277.0,14881732.0,14884844.0,14887318.0,14889666.0,14891660.0,14893986.0,14896052.0,14898125.0,14899902.0,14901623.0,14903212.0,14905040.0,14906498.0,14907994.0,14909359.0,14910783.0,14912151.0,14913483.0,14915032.0,14916516.0,14917802.0,14918942.0,14920160.0,14921314.0,14922759.0,14924233.0,14925662.0,14926891.0,14928323.0,14929915.0,14931264.0,14932512.0,14933877.0,14935290.0,14936656.0,14938127.0,14939552.0,14940814.0,14942061.0,14943684.0,14945425.0,14946979.0,14948449.0,14950072.0,14951547.0,14952978.0,14954863.0,14956695.0,14958175.0,14959709.0,14961223.0,14962833.0,14964413.0,14966069.0,14967790.0,14969295.0,14970788.0,14972445.0,14974177.0,14975917.0,14977915.0,14979782.0,14981384.0,14983177.0,14984864.0,14986427.0,14988179.0,14990486.0,14992722.0,14994509.0,14996114.0,14997853.0,14999631.0,15001439.0,15003670.0,15005811.0,15007761.0,15009723.0,15011741
RRUa9HqURPs,14328129.0,14330246.0,14332902.0,14335359.0,14337434.0,14339408.0,14341367.0,14343473.0,14345513.0,14347882.0,14350329.0,14352303.0,14354435.0,14356690.0,14358927.0,14361251.0,14364329.0,14367048.0,14369431.0,14371847.0,14374337.0,14377006.0,14379783.0,14382738.0,14385597.0,14387777.0,14390035.0,14392163.0,14394411.0,14396587.0,14399158.0,14401481.0,14403443.0,14405469.0,14407650.0,14410030.0,14412602.0,14415522.0,14418550.0,14420673.0,14422631.0,14424726.0,14426985.0,14429434.0,14432013.0,14434481.0,14436956.0,14439483.0,14441865.0,14444179.0,14446790.0,14449666.0,14452338.0,14454737.0,14457246.0,14459708.0,14462135.0,14464478.0,14467035.0,14469874.0,14472502.0,14474695.0,14477031.0,14479285.0,14481519.0,14483601.0,14485550.0,14487744.0,14490347.0,14492981.0,14495264.0,14497282.0,14499308.0,14501445.0,14503591.0,14505707.0,14507982.0,14510071.0,14512320.0,14514350.0,14516272.0,14518309.0,14520423.0,14522495.0,14524212.0,14526207.0,14528177.0,14529911.0,14531530.0,14533242.0,14535052.0,14537125.0,14538769.0,14540559.0,14542286.0,14543783.0,14545543.0,14547363.0,14549226.0,14550966.0,14552832.0,14554599.0,14556411.0,14558091.0,14559899.0,14561723.0,14563450.0,14565462.0,14567461.0,14569168.0,14571047.0,14572635.0,14574239.0,14575831.0,14577641.0,14579355.0,14580977.0,14582748.0,14584547.0,14586171.0,14587836.0,14589693.0,14591473.0,14593076.0,14594836.0,14596447.0,14598098.0,14599862.0,14601745.0,14603611.0,14605460.0,14607059.0,14608851.0,14610479.0,,,,,,,,,14639120.0,14642071.0,14644443.0,14646738.0,14648924.0,14651046.0,14653295.0,14655510.0,14657839.0,14659984.0,14661827.0,14663499.0,14665462.0,14667274.0,14669370.0,14671332.0,14672990.0,14674796.0,14676656.0,14678322.0,14679946.0,14681721.0,14683820.0,14685221.0,14687017.0,14688698.0,14690615.0,14692536.0,14694773.0,14696964.0,14698943.0,14700764.0,14702633.0,14704464.0,14706138.0,14708098.0,14710056.0,14711647.0,14713405.0,14714916.0,14716668.0,14718196.0,14719954.0,14721540.0,14722940.0,14724289.0,14725786.0,14727448.0,14729069.0,14730731.0,14732360.0,14733858.0,14735364.0,14737002.0,14738656.0,14740252.0,14741864.0,14743272.0,14744780.0,14746133.0,14747609.0,14749298.0,14750909.0,14752588.0,14754029.0,14755522.0,14756948.0,14758231.0,14759207.0,14760134.0,14761458.0,14762796.0,14764117.0,14765477.0,14766769.0,14768095.0,14769454.0,14770846.0,14772384.0,14773752.0,14775033.0,14776264.0,14777724.0,14779162.0,14780571.0,14781973.0,14783154.0,14784366.0,14785598.0,14786889.0,14788230.0,14789798.0,14791105.0,14792609.0,14793936.0,14795302.0,14796739.0,14798199.0,14799782.0,14801074.0,14802483.0,14803728.0,14805130.0,14806479.0,14807707.0,14809213.0,14810615.0,14811807.0,14813149.0,14814630.0,14816010.0,14817326.0,14818954.0,14820487.0,14821850.0,14823103.0,14824445.0,14825812.0,14827083.0,14828544.0,14829892.0,,14832682.0,14833927.0,14835421.0,14836802.0,14838336.0,14839814.0,14841144.0,14842439.0,14843721.0,14845127.0,14846544.0,14848032.0,14849450.0,14850706.0,14851849.0,14853113.0,14854393.0,14855731.0,14857327.0,14858677.0,14859929.0,14861261.0,14862680.0,14864086.0,14865672.0,14867181.0,14868781.0,14870223.0,14871610.0,14873006.0,14874420.0,14875899.0,14877370.0,14878785.0,14880277.0,14881732.0,14884844.0,14887318.0,14889666.0,14891660.0,14893986.0,14896052.0,14898125.0,14899902.0,14901623.0,14903212.0,14905040.0,14906498.0,14907994.0,14909359.0,14910783.0,14912151.0,14913483.0,14915032.0,14916516.0,14917802.0,14918942.0,14920160.0,14921314.0,14922759.0,14924233.0,14925662.0,14926891.0,14928323.0,14929915.0,14931264.0,14932512.0,14933877.0,14935290.0,14936656.0,14938127.0,14939552.0,14940814.0,14942061.0,14943684.0,14945425.0,14946979.0,14948449.0,14950072.0,14951547.0,14952978.0,14954863.0,14956695.0,14958175.0,14959709.0,14961223.0,14962833.0,14964413.0,14966069.0,14967790.0,14969295.0,14970788.0,14972445.0,14974177.0,14975917.0,14977915.0,14979782.0,14981384.0,14983177.0,14984864.0,14986427.0,14988179.0,14990486.0,14992722.0,14994509.0,14996114.0,14997853.0,14999631.0,15001439.0,15003670.0,15005811.0,15007761.0,15009723.0,15011741
gRfDY9WrGwk,81048051.0,81056292.0,81066672.0,81076772.0,81085874.0,81094393.0,81101869.0,81109105.0,81116635.0,81125637.0,81134014.0,81140761.0,81147727.0,81154575.0,81161990.0,81170189.0,81179593.0,81188110.0,81195877.0,81203500.0,81211372.0,81219359.0,81227220.0,81236115.0,81245006.0,81252444.0,81259878.0,81267520.0,81275268.0,81282451.0,81290777.0,81298904.0,81306016.0,81313459.0,81321253.0,81328655.0,81337615.0,81346961.0,81355430.0,81363633.0,81371474.0,81379013.0,81386488.0,81394051.0,81402222.0,81410187.0,81417978.0,81425855.0,81433084.0,81440103.0,81447732.0,81456156.0,81463306.0,81469699.0,81476233.0,81483861.0,81491736.0,81498629.0,81505124.0,81512136.0,81518816.0,81525803.0,81532858.0,81539935.0,81546581.0,81553095.0,81559312.0,81564979.0,81570325.0,81576948.0,81582828.0,81588496.0,81594262.0,81599912.0,81605459.0,81610958.0,81617037.0,81623066.0,81629008.0,81635100.0,81641232.0,81647465.0,81653411.0,81659678.0,81665293.0,81671315.0,81677903.0,81683909.0,81689700.0,81695483.0,81701253.0,81707103.0,81712635.0,81718685.0,81724671.0,81729978.0,81735434.0,81741459.0,81747280.0,81752775.0,81758817.0,81764677.0,81770614.0,81776402.0,81782561.0,81788772.0,81794474.0,81801241.0,81808179.0,81814206.0,81820381.0,81826020.0,81831678.0,81837173.0,81843529.0,81850268.0,81855628.0,81860982.0,81866520.0,81872134.0,81878415.0,81885757.0,81892715.0,81898323.0,81903826.0,81909505.0,81915358.0,81921961.0,81929397.0,81936538.0,81943354.0,81949487.0,81955806.0,81964152.0,,,,,,,,,82062801.0,82074262.0,82083854.0,82093147.0,82102658.0,82111884.0,82120152.0,82128849.0,82137929.0,82146269.0,82153560.0,82160733.0,82168834.0,82176292.0,82185129.0,82193265.0,82200855.0,82208524.0,82216410.0,82224272.0,82232493.0,82241976.0,82251224.0,82259104.0,82266818.0,82274464.0,82282585.0,82290340.0,82298909.0,82307253.0,82315575.0,82322612.0,82330262.0,82338029.0,82345812.0,82354462.0,82363056.0,82369910.0,82376844.0,82383447.0,82389947.0,82396228.0,82403301.0,82411404.0,82418505.0,82424944.0,82431257.0,82437648.0,82443960.0,82450609.0,82457241.0,82462832.0,82468605.0,82474816.0,82480764.0,82486586.0,82493237.0,82499560.0,82505433.0,82511600.0,82517861.0,82523853.0,82529806.0,82536244.0,82542545.0,82548609.0,82554540.0,82559821.0,82563888.0,82568228.0,82572986.0,82578222.0,82583284.0,82588417.0,82593435.0,82598421.0,82603781.0,82609581.0,82615217.0,82620557.0,82625114.0,82629625.0,82634514.0,82640702.0,82646613.0,82652248.0,82656988.0,82661731.0,82666675.0,82671632.0,82676814.0,82683433.0,82689866.0,82695070.0,82699949.0,82704842.0,82709925.0,82714786.0,82720254.0,82725625.0,82730393.0,82735293.0,82740326.0,82745362.0,82750251.0,82755367.0,82760357.0,82765005.0,82769705.0,82774958.0,82779769.0,82784888.0,82790640.0,82796217.0,82800932.0,82805706.0,82810545.0,82815238.0,82820005.0,82825424.0,82830794.0,,82840794.0,82845303.0,82850367.0,82855635.0,82861236.0,82866773.0,82871836.0,82876726.0,82881702.0,82886744.0,82891619.0,82897082.0,82902453.0,82907254.0,82911682.0,82916455.0,82921500.0,82926806.0,82932676.0,82938404.0,82943532.0,82948551.0,82954041.0,82959574.0,82965311.0,82971111.0,82976793.0,82982085.0,82987319.0,82992626.0,82997976.0,83003505.0,83009303.0,83015370.0,83021198.0,83026857.0,83036641.0,83045514.0,83054257.0,83062909.0,83070946.0,83081364.0,83092039.0,83101660.0,83110739.0,83119270.0,83128544.0,83137570.0,83144700.0,83151519.0,83158408.0,83165338.0,83172389.0,83180106.0,83187398.0,83193353.0,83199192.0,83204852.0,83210829.0,83216814.0,83223595.0,83230218.0,83235989.0,83241880.0,83248561.0,83254409.0,83260561.0,83267310.0,83273660.0,83279918.0,83285998.0,83291857.0,83297204.0,83302906.0,83309449.0,83316021.0,83321903.0,83327785.0,83333529.0,83339228.0,83345344.0,83352262.0,83358640.0,83364548.0,83370191.0,83376618.0,83382972.0,83388845.0,83395353.0,83401838.0,83407553.0,83412858.0,83419103.0,83425800.0,83432228.0,83439863.0,83446801.0,83452554.0,83458360.0,83465045.0,83471473.0,83478563.0,83486040.0,83493359.0,83499565.0,83505502.0,83511297.0,83516830.0,83522608.0,83529687.0,83536408.0,83542405.0,83548524.0,83554767
5eh6Vj_vVg4,54135173.0,54142091.0,54149944.0,54158043.0,54165914.0,54173634.0,54180434.0,54187584.0,54195361.0,54204279.0,54213520.0,54220851.0,54228019.0,54234983.0,54242226.0,54249948.0,54257881.0,54265614.0,54272831.0,54280207.0,54287447.0,54295366.0,54303320.0,54311373.0,54319280.0,54326529.0,54333318.0,54340489.0,54347439.0,54353866.0,54360677.0,54367019.0,54373313.0,54380047.0,54386528.0,54393174.0,54400236.0,54406916.0,54414084.0,54420887.0,54427348.0,54433595.0,54439614.0,54445983.0,54452751.0,54459583.0,54466116.0,54473339.0,54480466.0,54486766.0,54492878.0,54499858.0,54506676.0,54513538.0,54521731.0,54528631.0,54535231.0,54542322.0,54549729.0,54556713.0,54563996.0,54571595.0,54579136.0,54586727.0,54593927.0,54601226.0,54608218.0,54614876.0,54620587.0,54628269.0,54635335.0,54642092.0,54649668.0,54656580.0,54663477.0,54670419.0,54677439.0,54685508.0,54693287.0,54701241.0,54709674.0,54717214.0,54724516.0,54731957.0,54739643.0,54747746.0,54755979.0,54763684.0,54770739.0,54777285.0,54783547.0,54789500.0,54795957.0,54803194.0,54811128.0,54817329.0,54823096.0,54828856.0,54834807.0,54840720.0,54847167.0,54854331.0,54860485.0,54866441.0,54872618.0,54878678.0,54884357.0,54890419.0,54897063.0,54903895.0,54910028.0,54916457.0,54922934.0,54929542.0,54936560.0,54943403.0,54949020.0,54954403.0,54959948.0,54965768.0,54972773.0,54979944.0,54986979.0,54993783.0,55000480.0,55007404.0,55014529.0,55021761.0,55029112.0,55036449.0,55043507.0,55051137.0,55058581.0,55065514.0,,,,,,,,,55138242.0,55146980.0,55155151.0,55162790.0,55170469.0,55177827.0,55185231.0,55193097.0,55202079.0,55210230.0,55217935.0,55224681.0,55232273.0,55239476.0,55246937.0,55254070.0,55260486.0,55267004.0,55273814.0,55280814.0,55287523.0,55294962.0,55302118.0,55308495.0,55314590.0,55320905.0,55327600.0,55334221.0,55341644.0,55349341.0,55356094.0,55362561.0,55368985.0,55375462.0,55382238.0,55389474.0,55396363.0,55402804.0,55409204.0,55415809.0,55422511.0,55429317.0,55436347.0,55442931.0,55449064.0,55455218.0,55461408.0,55468091.0,55474814.0,55482092.0,55489150.0,55495638.0,55502279.0,55509449.0,55516424.0,55523724.0,55530999.0,55537751.0,55544290.0,55551133.0,55558083.0,55564550.0,55570495.0,55577130.0,55583509.0,55590051.0,55596846.0,55603591.0,55609873.0,55615758.0,55622322.0,55629074.0,55635419.0,55642246.0,55649116.0,55655852.0,55663048.0,55670050.0,55676948.0,55683426.0,55690144.0,55696602.0,55703541.0,55710832.0,55718546.0,55726223.0,55733305.0,55740605.0,55747663.0,55755027.0,55762117.0,55769688.0,55777025.0,55783719.0,55790604.0,55797666.0,55804526.0,55811349.0,55818708.0,55825917.0,55832579.0,55839082.0,55845588.0,55852074.0,55858615.0,55865059.0,55871396.0,55877273.0,55883324.0,55889469.0,55895672.0,55901659.0,55908114.0,55914332.0,55920222.0,55926191.0,55932278.0,55938497.0,55944833.0,55951161.0,55957614.0,,55972663.0,55985739.0,55994411.0,56001617.0,56009206.0,56016606.0,56023265.0,56029274.0,56035289.0,56041352.0,56047012.0,56053189.0,56059370.0,56064944.0,56069920.0,56075233.0,56080734.0,56086280.0,56092696.0,56099207.0,56104833.0,56110090.0,56115463.0,56121071.0,56126568.0,56132121.0,56137933.0,56143716.0,56150036.0,56156150.0,56162078.0,56168060.0,56174381.0,56180983.0,56187177.0,56193389.0,56199806.0,56206455.0,56213193.0,56219754.0,56225912.0,56231947.0,56237651.0,56243488.0,56249468.0,56255516.0,56261816.0,56268455.0,56274674.0,56280415.0,56286378.0,56292216.0,56297664.0,56303038.0,56308659.0,56314083.0,56319041.0,56324043.0,56329275.0,56334418.0,56339977.0,56345602.0,56350779.0,56356318.0,56363091.0,56369372.0,56376273.0,56382674.0,56388924.0,56395221.0,56400851.0,56406585.0,56412199.0,56417986.0,56424099.0,56430331.0,56437363.0,56445042.0,56452684.0,56459795.0,56466705.0,56473494.0,56480425.0,56487291.0,56494389.0,56501328.0,56508454.0,56515552.0,56522594.0,56529627.0,56536218.0,56542127.0,56547990.0,56553631.0,56559373.0,56565875.0,56571969.0,56577752.0,56583309.0,56588987.0,56594433.0,56600008.0,56605874.0,56611732.0,56617034.0,56621868.0,56626780.0,56631757.0,56636759.0,56642141.0,56647479.0,56653055.0,56658339.0,56663497
5eh6Vj_vVg4,54135173.0,54142091.0,54149944.0,54158043.0,54165914.0,54173634.0,54180434.0,54187584.0,54195361.0,54204279.0,54213520.0,54220851.0,54228019.0,54234983.0,54242226.0,54249948.0,54257881.0,54265614.0,54272831.0,54280207.0,54287447.0,54295366.0,54303320.0,54311373.0,54319280.0,54326529.0,54333318.0,54340489.0,54347439.0,54353866.0,54360677.0,54367019.0,54373313.0,54380047.0,54386528.0,54393174.0,54400236.0,54406916.0,54414084.0,54420887.0,54427348.0,54433595.0,54439614.0,54445983.0,54452751.0,54459583.0,54466116.0,54473339.0,54480466.0,54486766.0,54492878.0,54499858.0,54506676.0,54513538.0,54521731.0,54528631.0,54535231.0,54542322.0,54549729.0,54556713.0,54563996.0,54571595.0,54579136.0,54586727.0,54593927.0,54601226.0,54608218.0,54614876.0,54620587.0,54628269.0,54635335.0,54642092.0,54649668.0,54656580.0,54663477.0,54670419.0,54677439.0,54685508.0,54693287.0,54701241.0,54709674.0,54717214.0,54724516.0,54731957.0,54739643.0,54747746.0,54755979.0,54763684.0,54770739.0,54777285.0,54783547.0,54789500.0,54795957.0,54803194.0,54811128.0,54817329.0,54823096.0,54828856.0,54834807.0,54840720.0,54847167.0,54854331.0,54860464.0,54866441.0,54872618.0,54878678.0,54884357.0,54890419.0,54897063.0,54903895.0,54910028.0,54916457.0,54922934.0,54929542.0,54936560.0,54943403.0,54949020.0,54954403.0,54959948.0,54965768.0,54972773.0,54979944.0,54986979.0,54993783.0,55000480.0,55007404.0,55014529.0,55021761.0,55029112.0,55036449.0,55043507.0,55051137.0,55058581.0,55065514.0,,,,,,,,,55138242.0,55146980.0,55155151.0,55162790.0,55170469.0,55177827.0,55185231.0,55193097.0,55202079.0,55210230.0,55217935.0,55224681.0,55232273.0,55239476.0,55246937.0,55254070.0,55260486.0,55267004.0,55273814.0,55280814.0,55287523.0,55294962.0,55302118.0,55308495.0,55314590.0,55320905.0,55327600.0,55334221.0,55341644.0,55349341.0,55356094.0,55362561.0,55368985.0,55375462.0,55382238.0,55389474.0,55396363.0,55402804.0,55409204.0,55415809.0,55422511.0,55429317.0,55436347.0,55442931.0,55449064.0,55455218.0,55461408.0,55468091.0,55474814.0,55482092.0,55489150.0,55495638.0,55502279.0,55509449.0,55516424.0,55523724.0,55530999.0,55537751.0,55544290.0,55551133.0,55558083.0,55564550.0,55570495.0,55577130.0,55583509.0,55590051.0,55596846.0,55603591.0,55609873.0,55615758.0,55622322.0,55629074.0,55635419.0,55642246.0,55649116.0,55655852.0,55663048.0,55670050.0,55676948.0,55683426.0,55690144.0,55696602.0,55703541.0,55710832.0,55718546.0,55726223.0,55733305.0,55740605.0,55747663.0,55755027.0,55762117.0,55769688.0,55777025.0,55783719.0,55790604.0,55797666.0,55804526.0,55811349.0,55818708.0,55825917.0,55832579.0,55839082.0,55845588.0,55852074.0,55858615.0,55865059.0,55871396.0,55877273.0,55883324.0,55889469.0,55895672.0,55901659.0,55908114.0,55914332.0,55920222.0,55926191.0,55932278.0,55938497.0,55944833.0,55951161.0,55957614.0,,55972663.0,55985739.0,55994411.0,56001617.0,56009206.0,56016606.0,56023265.0,56029274.0,56035289.0,56041352.0,56047012.0,56053189.0,56059370.0,56064944.0,56069920.0,56075233.0,56080734.0,56086280.0,56092696.0,56099207.0,56104833.0,56110090.0,56115463.0,56121071.0,56126568.0,56132121.0,56137933.0,56143716.0,56150036.0,56156150.0,56162078.0,56168060.0,56174381.0,56180983.0,56187177.0,56193389.0,56199806.0,56206455.0,56213193.0,56219754.0,56225912.0,56231947.0,56237651.0,56243488.0,56249468.0,56255516.0,56261816.0,56268455.0,56274674.0,56280415.0,56286378.0,56292216.0,56297664.0,56303038.0,56308659.0,56314083.0,56319041.0,56324043.0,56329275.0,56334418.0,56339977.0,56345602.0,56350779.0,56356318.0,56363091.0,56369372.0,56376273.0,56382674.0,56388924.0,56395221.0,56400851.0,56406585.0,56412199.0,56417986.0,56424099.0,56430331.0,56437363.0,56445042.0,56452684.0,56459795.0,56466705.0,56473494.0,56480425.0,56487291.0,56494389.0,56501328.0,56508454.0,56515552.0,56522594.0,56529627.0,56536218.0,56542127.0,56547990.0,56553631.0,56559373.0,56565875.0,56571969.0,56577752.0,56583309.0,56588987.0,56594433.0,56600008.0,56605874.0,56611732.0,56617034.0,56621868.0,56626780.0,56631757.0,56636759.0,56642141.0,56647479.0,56653055.0,56658339.0,56663497
Rd2wppggYxo,65821466.0,65826792.0,65832848.0,65838995.0,65845694.0,65852834.0,65858929.0,65864953.0,65871474.0,65878369.0,65885650.0,65892158.0,65898222.0,65904161.0,65910011.0,65915871.0,65921876.0,65927869.0,65933730.0,65939582.0,65945685.0,65952326.0,65959373.0,65966365.0,65972894.0,65979052.0,65985335.0,65992369.0,65999229.0,66005713.0,66012629.0,66019381.0,66025966.0,66032652.0,66039567.0,66046810.0,66055576.0,66062665.0,66070137.0,66078227.0,66085560.0,66091816.0,66098126.0,66104315.0,66111504.0,66118532.0,66124662.0,66130759.0,66136837.0,66142776.0,66148513.0,66154746.0,66160731.0,66166689.0,66172432.0,66177982.0,66183540.0,66189680.0,66196174.0,66203043.0,66209744.0,66215817.0,66221628.0,66227482.0,66232891.0,66238394.0,66243763.0,66249296.0,66253900.0,66260032.0,66265283.0,66270251.0,66275840.0,66281429.0,66287012.0,66292301.0,66297781.0,66303231.0,66308989.0,66314723.0,66320436.0,66326357.0,66332313.0,66338611.0,66345168.0,66351848.0,66358106.0,66363662.0,66369074.0,66374582.0,66380048.0,66385409.0,66391073.0,66396902.0,66402927.0,66408335.0,66413477.0,66418910.0,66424400.0,66430171.0,66436333.0,66442502.0,66448038.0,66453203.0,66458367.0,66463616.0,66468778.0,66474142.0,66479863.0,66485322.0,66490494.0,66496031.0,66501680.0,66507544.0,66513335.0,66519027.0,66524372.0,66529696.0,66534583.0,66539678.0,66546191.0,66553202.0,66560165.0,66566642.0,66573545.0,66581367.0,66589524.0,66597396.0,66604883.0,66612281.0,66620214.0,66628973.0,66637239.0,66644717.0,,,,,,,,,66720060.0,66728839.0,66737244.0,66745378.0,66753187.0,66760441.0,66767270.0,66774364.0,66782214.0,66788890.0,66795411.0,66802110.0,66808926.0,66815219.0,66820820.0,66826714.0,66833405.0,66840777.0,66847688.0,66854148.0,66860943.0,66867881.0,66874394.0,66880520.0,66886165.0,66891845.0,66897909.0,66903994.0,66910086.0,66916303.0,66922150.0,66927913.0,66933566.0,66939412.0,66945020.0,66950614.0,66955882.0,66960819.0,66966030.0,66971481.0,66976537.0,66981672.0,66986978.0,66992235.0,66997514.0,67002575.0,67007752.0,67013048.0,67018335.0,67023896.0,67029126.0,67034001.0,67038897.0,67043854.0,67049056.0,67054491.0,67059714.0,67064785.0,67069980.0,67075554.0,67080799.0,67085877.0,67090664.0,67095943.0,67100831.0,67106212.0,67111477.0,67116515.0,67121037.0,67125478.0,67130407.0,67135516.0,67140508.0,67145607.0,67150675.0,67155850.0,67161354.0,67166663.0,67171788.0,67177020.0,67182555.0,67187556.0,67193234.0,67199318.0,67205613.0,67211327.0,67216984.0,67222676.0,67228254.0,67233612.0,67239232.0,67244768.0,67250444.0,67255697.0,67261088.0,67267007.0,67272916.0,67278429.0,67284242.0,67289573.0,67294923.0,67300229.0,67305595.0,67310904.0,67316215.0,67321385.0,67326492.0,67331578.0,67336651.0,67342003.0,67347188.0,67352346.0,67357585.0,67362615.0,67367289.0,67371965.0,67376712.0,67381424.0,67386422.0,67391667.0,67396699.0,,67408598.0,67415804.0,67422293.0,67427738.0,67433417.0,67438955.0,67444006.0,67448911.0,67453811.0,67458710.0,67463423.0,67468488.0,67473499.0,67478054.0,67482370.0,67486704.0,67491225.0,67495779.0,67500603.0,67505578.0,67510124.0,67514443.0,67519011.0,67523629.0,67527965.0,67532683.0,67537224.0,67541910.0,67547627.0,67552889.0,67558308.0,67563758.0,67568815.0,67574066.0,67579331.0,67584255.0,67589299.0,67594637.0,67599767.0,67604798.0,67609605.0,67614427.0,67619371.0,67624197.0,67628943.0,67633902.0,67638899.0,67644053.0,67648729.0,67653588.0,67658621.0,67663482.0,67668488.0,67673543.0,67678465.0,67683203.0,67688138.0,67693145.0,67698229.0,67703343.0,67708615.0,67713653.0,67718878.0,67725065.0,67732580.0,67738842.0,67745146.0,67750820.0,67756292.0,67761692.0,67766878.0,67771811.0,67776887.0,67782282.0,67787869.0,67793489.0,67800362.0,67808336.0,67815820.0,67822630.0,67829796.0,67836944.0,67844111.0,67851447.0,67859258.0,67866819.0,67873982.0,67881347.0,67888335.0,67895151.0,67901801.0,67908128.0,67914027.0,67919487.0,67925128.0,67931053.0,67936289.0,67941321.0,67946484.0,67952082.0,67957260.0,67962591.0,67967989.0,67972627.0,67977075.0,67981349.0,67985805.0,67990283.0,67994660.0,67999246.0,68003673.0,68007899.0,68012301.0,68016897
fqBAzCH4-9g,36450713.0,36455273.0,36460223.0,36465102.0,36469797.0,36474207.0,36478593.0,36482917.0,36487424.0,36492356.0,36497323.0,36501673.0,36506311.0,36510696.0,36515263.0,36519649.0,36524072.0,36528535.0,36532612.0,36536654.0,36540872.0,36545299.0,36549429.0,36553574.0,36557505.0,36561474.0,36565576.0,36569515.0,36573736.0,36577784.0,36581740.0,36585683.0,36589619.0,36593905.0,36597804.0,36602015.0,36606650.0,36611325.0,36616388.0,36621492.0,36626105.0,36630380.0,36634623.0,36639038.0,36643935.0,36648844.0,36653441.0,36657868.0,36662143.0,36666178.0,36670261.0,36674552.0,36678762.0,36683213.0,36687600.0,36691546.0,36695372.0,36699155.0,36703123.0,36707061.0,36710918.0,36714942.0,36718882.0,36722665.0,36725996.0,36729405.0,36732523.0,36736053.0,36739082.0,36743196.0,36746860.0,36750060.0,36753606.0,36757079.0,36760620.0,36764145.0,36767587.0,36771001.0,36774252.0,36777403.0,36780680.0,36783855.0,36787044.0,36790405.0,36794035.0,36797697.0,36801500.0,36805136.0,36808192.0,36811114.0,36813834.0,36816641.0,36819645.0,36822730.0,36826039.0,36828683.0,36831320.0,36833877.0,36836596.0,36839446.0,36842522.0,36845707.0,36848468.0,36851271.0,36854010.0,36856739.0,36859486.0,36862397.0,36865509.0,36868593.0,36871652.0,36874789.0,36877720.0,36880594.0,36883664.0,36886560.0,36889154.0,36891732.0,36894133.0,36897034.0,36900581.0,36904020.0,36907561.0,36911373.0,36914876.0,36918657.0,36922367.0,36926212.0,36929737.0,36933513.0,36937175.0,36941316.0,36945520.0,36949574.0,,,,,,,,,36994404.0,36999910.0,37005049.0,37009948.0,37015161.0,37019843.0,37024654.0,37029375.0,37034479.0,37039013.0,37043930.0,37049044.0,37054178.0,37059132.0,37063570.0,37068151.0,37072386.0,37076575.0,37080112.0,37083421.0,37086812.0,37090577.0,37094374.0,37097740.0,37101185.0,37104472.0,37108041.0,37111599.0,37115439.0,37119426.0,37122886.0,37126302.0,37129644.0,37132838.0,37135971.0,37139412.0,37142723.0,37145790.0,37148964.0,37152145.0,37155300.0,37158492.0,37161704.0,37164805.0,37167898.0,37170849.0,37173945.0,37177180.0,37180606.0,37184141.0,37187664.0,37190847.0,37193990.0,37197278.0,37200581.0,37203912.0,37207075.0,37210234.0,37213308.0,37216495.0,37219574.0,37222553.0,37225481.0,37228579.0,37231479.0,37234576.0,37237656.0,37240721.0,37243600.0,37246256.0,37249341.0,37252470.0,37255416.0,37258441.0,37261435.0,37264812.0,37268388.0,37271931.0,37275567.0,37279053.0,37282303.0,37285268.0,37288603.0,37292256.0,37295983.0,37299754.0,37303100.0,37306788.0,37310382.0,37313981.0,37317656.0,37321463.0,37325365.0,37328812.0,37332297.0,37335824.0,37339469.0,37342927.0,37346774.0,37350221.0,37353685.0,37357113.0,37360535.0,37364016.0,37367108.0,37370599.0,37374033.0,37377162.0,37380314.0,37383699.0,37387041.0,37390325.0,37393861.0,37397109.0,37400132.0,37403316.0,37406605.0,37409792.0,37413138.0,37416342.0,37419617.0,,37426494.0,37430890.0,37434415.0,37437681.0,37441162.0,37444481.0,37447521.0,37450281.0,37453195.0,37456089.0,37458896.0,37461926.0,37465136.0,37467961.0,37470499.0,37473292.0,37475986.0,37478797.0,37481680.0,37484726.0,37487485.0,37490225.0,37492932.0,37495561.0,37498343.0,37501200.0,37504081.0,37506856.0,37509693.0,37512539.0,37515353.0,37518023.0,37521087.0,37524067.0,37527061.0,37529984.0,37532829.0,37535884.0,37538947.0,37541818.0,37544675.0,37547574.0,37550338.0,37553094.0,37555677.0,37558545.0,37561483.0,37564455.0,37567105.0,37569756.0,37572507.0,37575100.0,37577746.0,37580499.0,37583265.0,37585781.0,37588313.0,37590910.0,37593643.0,37596319.0,37599328.0,37602384.0,37605316.0,37608476.0,37612936.0,37616772.0,37620523.0,37624249.0,37627751.0,37631297.0,37634539.0,37637765.0,37641205.0,37644483.0,37647962.0,37651789.0,37656181.0,37661426.0,37666265.0,37670891.0,37675596.0,37680359.0,37685402.0,37690302.0,37695276.0,37700338.0,37705409.0,37710697.0,37715471.0,37720239.0,37725097.0,37729289.0,37733225.0,37737213.0,37741146.0,37745323.0,37749209.0,37752926.0,37756641.0,37760694.0,37764644.0,37768700.0,37772870.0,37776912.0,37780545.0,37784071.0,37787823.0,37791386.0,37795002.0,37798705.0,37802199.0,37805536.0,37808839.0,37812212
MMtRxcy8PX0,33857394.0,33863835.0,33871613.0,33879405.0,33887174.0,33895333.0,33902185.0,33908745.0,33916172.0,33924994.0,33933876.0,33941188.0,33947732.0,33954872.0,33962026.0,33969674.0,33977256.0,33984384.0,33991349.0,33997881.0,34004864.0,34012558.0,34020582.0,34027325.0,34033712.0,34040605.0,34047726.0,34055376.0,34062132.0,34068117.0,34075048.0,34081364.0,34087208.0,34093201.0,34098594.0,34104745.0,34113723.0,34121105.0,34128473.0,34136704.0,34144149.0,34151035.0,34157737.0,34164456.0,34171426.0,34178702.0,34185242.0,34191937.0,34198175.0,34204181.0,34210157.0,34216348.0,34221884.0,34227254.0,34233020.0,34238366.0,34243858.0,34249807.0,34256153.0,34262575.0,34268566.0,34274460.0,34280229.0,34285964.0,34291379.0,34296779.0,34302135.0,34307501.0,34312267.0,34318275.0,34323646.0,34328700.0,34333967.0,34339869.0,34345687.0,34351079.0,34356555.0,34361869.0,34367547.0,34373358.0,34379340.0,34385507.0,34391133.0,34397006.0,34403035.0,34409380.0,34415539.0,34421208.0,34426687.0,34431964.0,34437039.0,34441669.0,34446419.0,34451603.0,34457089.0,34462136.0,34466987.0,34471885.0,34476970.0,34482133.0,34487578.0,34492838.0,34497665.0,34502931.0,34508150.0,34513316.0,34518439.0,34523875.0,34529694.0,34534712.0,34539525.0,34544649.0,34549971.0,34555482.0,34561123.0,34566732.0,34571739.0,34576708.0,34581886.0,34586935.0,34593709.0,34600824.0,34608004.0,34614785.0,34621066.0,34628026.0,34635304.0,34642545.0,34649534.0,34656658.0,34663709.0,34671347.0,34678999.0,34685939.0,,,,,,,,,34759461.0,34768072.0,34776175.0,34783506.0,34791171.0,34797757.0,34804567.0,34811342.0,34818790.0,34825646.0,34832269.0,34839230.0,34846321.0,34852652.0,34859270.0,34865896.0,34872787.0,34880218.0,34886719.0,34892973.0,34899366.0,34906291.0,34913043.0,34919050.0,34924771.0,34930537.0,34936634.0,34942720.0,34949120.0,34955625.0,34961643.0,34967466.0,34973470.0,34979628.0,34985620.0,34991932.0,34997847.0,35003474.0,35009195.0,35014964.0,35020939.0,35027004.0,35033382.0,35039428.0,35044914.0,35050465.0,35056283.0,35062279.0,35068186.0,35074437.0,35080256.0,35085664.0,35091310.0,35097095.0,35102757.0,35108840.0,35114968.0,35120612.0,35126184.0,35132133.0,35138230.0,35143889.0,35149233.0,35155081.0,35160541.0,35166370.0,35172242.0,35178113.0,35183675.0,35188835.0,35194687.0,35201119.0,35206916.0,35212714.0,35218527.0,35224238.0,35230262.0,35236627.0,35242656.0,35248398.0,35253901.0,35259301.0,35265293.0,35271428.0,35277834.0,35284080.0,35289695.0,35295673.0,35301752.0,35307880.0,35314059.0,35320621.0,35327316.0,35333168.0,35338991.0,35345275.0,35351551.0,35357736.0,35364273.0,35370296.0,35376432.0,35382363.0,35388301.0,35394142.0,35399780.0,35405589.0,35411118.0,35416162.0,35421308.0,35427012.0,35432651.0,35438393.0,35444611.0,35450358.0,35455733.0,35461611.0,35467069.0,35472429.0,35477950.0,35483684.0,35489750.0,,35503298.0,35513077.0,35521721.0,35529218.0,35536615.0,35543562.0,35549722.0,35555522.0,35561475.0,35567350.0,35573377.0,35579623.0,35585795.0,35591233.0,35596520.0,35601907.0,35607615.0,35613671.0,35620124.0,35626658.0,35632347.0,35637995.0,35643465.0,35648779.0,35653603.0,35658608.0,35663975.0,35669444.0,35675815.0,35681869.0,35687765.0,35693484.0,35699476.0,35705047.0,35710765.0,35716591.0,35722050.0,35727434.0,35733231.0,35738950.0,35744387.0,35749931.0,35755118.0,35759835.0,35764562.0,35769309.0,35774084.0,35778876.0,35783386.0,35787777.0,35792258.0,35796863.0,35801317.0,35805888.0,35810434.0,35814745.0,35818957.0,35823220.0,35827349.0,35831667.0,35836047.0,35840360.0,35844650.0,35849366.0,35855804.0,35861634.0,35867955.0,35873682.0,35879184.0,35884746.0,35889448.0,35893898.0,35898474.0,35903071.0,35907846.0,35913039.0,35918503.0,35924491.0,35930673.0,35936926.0,35942598.0,35948442.0,35954352.0,35960278.0,35966425.0,35972391.0,35978194.0,35984342.0,35990045.0,35995880.0,36001602.0,36007040.0,36012479.0,36017610.0,36022547.0,36028023.0,36033282.0,36038715.0,36043839.0,36049183.0,36054397.0,36059723.0,36064981.0,36070185.0,36074761.0,36078921.0,36083248.0,36087659.0,36091950.0,36096328.0,36100481.0,36104743.0,36109188.0,36113660
Djp5X7xBpjA,2688.0,2688.0,2688.0,2688.0,2688.0,2688.0,2688.0,2688.0,2688.0,2688.0,2688.0,2688.0,2688.0,2688.0,2688.0,2688.0,2688.0,2688.0,2688.0,2688.0,2688.0,2688.0,2688.0,2688.0,2688.0,2688.0,2688.0,2688.0,2688.0,2688.0,2688.0,2688.0,2688.0,2688.0,2688.0,2688.0,2688.0,2688.0,2688.0,2688.0,2688.0,2688.0,2688.0,2688.0,2688.0,2688.0,2688.0,2688.0,2688.0,2688.0,2688.0,2688.0,2688.0,2688.0,2688.0,2688.0,2688.0,2688.0,2688.0,2688.0,2688.0,2688.0,2688.0,2688.0,2688.0,2688.0,2688.0,2688.0,2688.0,2688.0,2688.0,2688.0,2688.0,2688.0,2688.0,2688.0,2688.0,2688.0,2688.0,2688.0,2688.0,2688.0,2688.0,2688.0,2688.0,2688.0,2688.0,2688.0,2688.0,2688.0,2688.0,2688.0,2688.0,2688.0,2688.0,2688.0,2688.0,2688.0,2688.0,2688.0,2688.0,2688.0,2688.0,2688.0,2688.0,2688.0,2688.0,2688.0,2688.0,2688.0,2688.0,2688.0,2688.0,2688.0,2688.0,2688.0,2688.0,2688.0,2688.0,2688.0,2688.0,2688.0,2688.0,2688.0,2688.0,2688.0,2688.0,2688.0,2688.0,2688.0,2688.0,2688.0,2688.0,2688.0,,,,,,,,,2688.0,2688.0,2688.0,2688.0,2688.0,2688.0,2688.0,2688.0,2688.0,2688.0,2688.0,2688.0,2688.0,2688.0,2688.0,2688.0,2688.0,2688.0,2688.0,2688.0,2688.0,2688.0,2688.0,2688.0,2688.0,2688.0,2688.0,2688.0,2688.0,2688.0,2688.0,2688.0,2688.0,2688.0,2688.0,2688.0,2688.0,2688.0,2688.0,2688.0,2688.0,2688.0,2688.0,2688.0,2688.0,2688.0,2688.0,2688.0,2688.0,2688.0,2688.0,2688.0,2688.0,2688.0,2688.0,2688.0,2688.0,2688.0,2688.0,2688.0,2688.0,2688.0,2688.0,2688.0,2688.0,2688.0,2688.0,2688.0,2688.0,2688.0,2688.0,2688.0,2688.0,2688.0,2688.0,2688.0,2688.0,2688.0,2688.0,2688.0,2688.0,2688.0,2688.0,2688.0,2688.0,2688.0,2688.0,2688.0,2688.0,2688.0,2688.0,2688.0,2688.0,2688.0,2688.0,2688.0,2688.0,2688.0,2688.0,2688.0,2688.0,2688.0,2688.0,2688.0,2688.0,2688.0,2688.0,2688.0,2688.0,2688.0,2688.0,2688.0,2688.0,2688.0,2688.0,2688.0,2688.0,2688.0,2688.0,2688.0,2688.0,,2688.0,2688.0,2688.0,2688.0,2688.0,2688.0,2688.0,2688.0,2688.0,2688.0,2688.0,2688.0,2688.0,2688.0,2688.0,2688.0,2688.0,2688.0,2688.0,2688.0,2688.0,2688.0,2688.0,2688.0,2688.0,2688.0,2688.0,2688.0,2688.0,2688.0,2688.0,2688.0,2688.0,2688.0,2688.0,2688.0,2688.0,2688.0,2688.0,2688.0,2688.0,2688.0,2688.0,2688.0,2688.0,2688.0,2688.0,2688.0,2688.0,2688.0,2688.0,2688.0,2688.0,2688.0,2688.0,2688.0,2688.0,2688.0,2688.0,2688.0,2688.0,2688.0,2688.0,2688.0,2688.0,2688.0,2688.0,2688.0,2688.0,2688.0,2688.0,2688.0,2688.0,2688.0,2688.0,2688.0,2688.0,2688.0,2688.0,2688.0,2688.0,2688.0,2688.0,2688.0,2688.0,2688.0,2688.0,2688.0,2688.0,2688.0,2688.0,2688.0,2688.0,2688.0,2688.0,2688.0,2688.0,2688.0,2688.0,2688.0,2688.0,2688.0,2688.0,2688.0,2688.0,2688.0,2688.0,2688.0,2688.0,2688.0,2688.0,2688.0,2688.0,2688
c6Z-8Zxtxx0,695.0,695.0,695.0,695.0,695.0,695.0,695.0,695.0,695.0,695.0,695.0,695.0,695.0,695.0,695.0,695.0,695.0,695.0,695.0,695.0,695.0,695.0,695.0,695.0,695.0,695.0,695.0,695.0,695.0,695.0,695.0,695.0,695.0,695.0,695.0,695.0,695.0,695.0,695.0,695.0,695.0,695.0,695.0,695.0,695.0,695.0,695.0,695.0,695.0,695.0,695.0,695.0,695.0,695.0,695.0,695.0,695.0,695.0,695.0,695.0,695.0,695.0,695.0,695.0,695.0,695.0,695.0,695.0,695.0,695.0,695.0,695.0,695.0,695.0,695.0,695.0,695.0,695.0,695.0,695.0,695.0,695.0,695.0,695.0,695.0,695.0,695.0,695.0,695.0,695.0,695.0,695.0,695.0,695.0,695.0,695.0,695.0,695.0,695.0,695.0,695.0,695.0,695.0,695.0,695.0,695.0,695.0,695.0,695.0,695.0,695.0,695.0,695.0,695.0,695.0,695.0,695.0,695.0,695.0,695.0,695.0,695.0,695.0,695.0,695.0,695.0,695.0,695.0,695.0,695.0,695.0,695.0,695.0,695.0,,,,,,,,,695.0,695.0,695.0,695.0,695.0,695.0,695.0,695.0,695.0,695.0,695.0,695.0,695.0,695.0,695.0,695.0,695.0,695.0,695.0,695.0,695.0,695.0,695.0,695.0,695.0,695.0,695.0,695.0,695.0,695.0,695.0,695.0,695.0,695.0,695.0,695.0,695.0,695.0,695.0,695.0,695.0,695.0,695.0,695.0,695.0,695.0,695.0,695.0,695.0,695.0,695.0,695.0,695.0,695.0,695.0,695.0,695.0,695.0,695.0,695.0,695.0,695.0,695.0,695.0,695.0,695.0,695.0,695.0,695.0,695.0,695.0,695.0,695.0,695.0,695.0,695.0,695.0,695.0,695.0,695.0,695.0,695.0,695.0,695.0,695.0,695.0,695.0,695.0,695.0,695.0,695.0,695.0,695.0,695.0,695.0,695.0,695.0,695.0,695.0,695.0,695.0,695.0,695.0,695.0,695.0,695.0,695.0,695.0,695.0,695.0,695.0,695.0,695.0,695.0,695.0,695.0,695.0,695.0,695.0,695.0,695.0,,695.0,695.0,695.0,695.0,695.0,695.0,695.0,695.0,695.0,695.0,695.0,695.0,695.0,695.0,695.0,695.0,695.0,695.0,695.0,695.0,695.0,695.0,695.0,695.0,695.0,695.0,695.0,695.0,695.0,695.0,695.0,695.0,695.0,695.0,695.0,695.0,695.0,695.0,695.0,695.0,695.0,695.0,695.0,695.0,695.0,695.0,695.0,695.0,695.0,695.0,695.0,695.0,695.0,695.0,695.0,695.0,695.0,695.0,695.0,695.0,695.0,695.0,695.0,695.0,695.0,695.0,695.0,695.0,695.0,695.0,695.0,695.0,695.0,695.0,695.0,695.0,695.0,695.0,695.0,695.0,695.0,695.0,695.0,695.0,695.0,695.0,695.0,695.0,695.0,695.0,695.0,695.0,695.0,695.0,695.0,695.0,695.0,695.0,695.0,695.0,695.0,695.0,695.0,695.0,695.0,695.0,695.0,695.0,695.0,695.0,695.0,695.0,695.0,695
Vo8DNDA2BMw,25961.0,26009.0,26073.0,26130.0,26168.0,26217.0,26266.0,26325.0,26398.0,26445.0,26502.0,26561.0,26619.0,26683.0,26767.0,26833.0,26885.0,26952.0,27012.0,27089.0,27179.0,27262.0,27335.0,27386.0,27457.0,27528.0,27614.0,27709.0,27782.0,27853.0,27962.0,28044.0,28115.0,28206.0,28285.0,28348.0,28417.0,28481.0,28538.0,28597.0,28679.0,28770.0,28825.0,28900.0,28957.0,29014.0,29067.0,29153.0,29230.0,29300.0,29365.0,29427.0,29490.0,29538.0,29601.0,29680.0,29751.0,29828.0,29842.0,29844.0,29844.0,29844.0,29844.0,29844.0,29844.0,29844.0,29844.0,29844.0,29844.0,29844.0,29844.0,29844.0,29844.0,29844.0,29844.0,29844.0,29844.0,29844.0,29844.0,29844.0,29844.0,29844.0,29844.0,29844.0,29844.0,29844.0,29844.0,29844.0,29844.0,29844.0,29844.0,29844.0,29844.0,29844.0,29844.0,29844.0,29844.0,29844.0,29844.0,29844.0,29844.0,29844.0,29844.0,29844.0,29844.0,29844.0,29844.0,29844.0,29844.0,29844.0,29844.0,29844.0,29844.0,29844.0,29844.0,29844.0,29844.0,29844.0,29844.0,29844.0,29844.0,29844.0,29844.0,29844.0,29844.0,29844.0,29844.0,29844.0,29844.0,29844.0,29844.0,29844.0,29844.0,29844.0,,,,,,,,,29844.0,29844.0,29844.0,29844.0,29844.0,29844.0,29844.0,29844.0,29844.0,29844.0,29844.0,29844.0,29844.0,29844.0,29844.0,29844.0,29844.0,29844.0,29844.0,29844.0,29844.0,29844.0,29844.0,29844.0,29844.0,29844.0,29844.0,29844.0,29844.0,29844.0,29844.0,29844.0,29844.0,29844.0,29844.0,29844.0,29844.0,29844.0,29844.0,29844.0,29844.0,29844.0,29844.0,29844.0,29844.0,29844.0,29844.0,29844.0,29844.0,29844.0,29844.0,29844.0,29844.0,29844.0,29844.0,29844.0,29844.0,29844.0,29844.0,29844.0,29844.0,29844.0,29844.0,29844.0,29844.0,29844.0,29844.0,29844.0,29844.0,29844.0,29844.0,29844.0,29844.0,29844.0,29844.0,29844.0,29844.0,29844.0,29844.0,29844.0,29844.0,29844.0,29844.0,29844.0,29844.0,29844.0,29844.0,29844.0,29844.0,29844.0,29844.0,29844.0,29844.0,29844.0,29844.0,29844.0,29844.0,29844.0,29844.0,29844.0,29844.0,29844.0,29844.0,29844.0,29844.0,29844.0,29844.0,29844.0,29844.0,29844.0,29844.0,29844.0,29844.0,29844.0,29844.0,29844.0,29844.0,29844.0,29844.0,29844.0,29844.0,,29844.0,29844.0,29844.0,29844.0,29844.0,29844.0,29844.0,29844.0,29844.0,29844.0,29844.0,29844.0,29844.0,29844.0,29844.0,29844.0,29844.0,29844.0,29844.0,29844.0,29844.0,29844.0,29844.0,29844.0,29844.0,29844.0,29844.0,29844.0,29844.0,29844.0,29844.0,29844.0,29844.0,29844.0,29844.0,29844.0,29844.0,29844.0,29844.0,29844.0,29844.0,29844.0,29844.0,29844.0,29844.0,29844.0,29844.0,29844.0,29844.0,29844.0,29844.0,29844.0,29844.0,29844.0,29844.0,29844.0,29844.0,29844.0,29844.0,29844.0,29844.0,29844.0,29844.0,29844.0,29844.0,29844.0,29844.0,29844.0,29844.0,29844.0,29844.0,29844.0,29844.0,29844.0,29844.0,29844.0,29844.0,29844.0,29844.0,29844.0,29844.0,29844.0,29844.0,29844.0,29844.0,29844.0,29844.0,29844.0,29844.0,29844.0,29844.0,29844.0,29844.0,29844.0,29844.0,29844.0,29844.0,29844.0,29844.0,29844.0,29844.0,29844.0,29844.0,29844.0,29844.0,29844.0,29844.0,29844.0,29844.0,29844.0,29844.0,29844.0,29844.0,29844
NUbQF9bAqrU,2255.0,2256.0,2256.0,2259.0,2259.0,2259.0,2260.0,2261.0,2262.0,2263.0,2264.0,2265.0,2265.0,2265.0,2265.0,2265.0,2265.0,2270.0,2270.0,2270.0,2270.0,2270.0,2272.0,2272.0,2272.0,2272.0,2272.0,2272.0,2272.0,2272.0,2272.0,2272.0,2272.0,2272.0,2272.0,2272.0,2272.0,2272.0,2272.0,2272.0,2272.0,2272.0,2273.0,2275.0,2276.0,2276.0,2276.0,2276.0,2276.0,2276.0,2276.0,2276.0,2277.0,2277.0,2277.0,2278.0,2278.0,2278.0,2278.0,2278.0,2281.0,2281.0,2281.0,2281.0,2281.0,2282.0,2282.0,2283.0,2283.0,2283.0,2284.0,2284.0,2285.0,2286.0,2286.0,2286.0,2286.0,2286.0,2286.0,2287.0,2288.0,2288.0,2288.0,2288.0,2288.0,2288.0,2288.0,2291.0,2291.0,2291.0,2291.0,2291.0,2291.0,2291.0,2291.0,2291.0,2291.0,2292.0,2292.0,2292.0,2292.0,2292.0,2292.0,2292.0,2292.0,2293.0,2293.0,2293.0,2293.0,2293.0,2293.0,2293.0,2293.0,2294.0,2294.0,2294.0,2294.0,2294.0,2294.0,2295.0,2296.0,2296.0,2296.0,2296.0,2296.0,2296.0,2296.0,2296.0,2296.0,2296.0,2296.0,2296.0,2296.0,2296.0,,,,,,,,,2301.0,2301.0,2301.0,2301.0,2301.0,2301.0,2301.0,2301.0,2301.0,2301.0,2301.0,2305.0,2305.0,2305.0,2305.0,2305.0,2306.0,2307.0,2308.0,2308.0,2308.0,2308.0,2308.0,2310.0,2310.0,2310.0,2312.0,2313.0,2313.0,2313.0,2314.0,2315.0,2315.0,2316.0,2316.0,2316.0,2316.0,2316.0,2316.0,2316.0,2316.0,2317.0,2317.0,2317.0,2318.0,2318.0,2318.0,2319.0,2320.0,2320.0,2321.0,2321.0,2322.0,2322.0,2322.0,2322.0,2322.0,2322.0,2322.0,2322.0,2322.0,2322.0,2323.0,2323.0,2324.0,2326.0,2326.0,2326.0,2327.0,2329.0,2331.0,2332.0,2333.0,2335.0,2335.0,2335.0,2335.0,2335.0,2335.0,2336.0,2336.0,2338.0,2338.0,2338.0,2338.0,2338.0,2338.0,2338.0,2340.0,2343.0,2343.0,2344.0,2345.0,2345.0,2344.0,2344.0,2344.0,2344.0,2345.0,2346.0,2346.0,2346.0,2348.0,2348.0,2349.0,2350.0,2353.0,2353.0,2353.0,2353.0,2353.0,2353.0,2353.0,2353.0,2354.0,2354.0,2354.0,2354.0,2355.0,2355.0,2355.0,,2355.0,2355.0,2355.0,2358.0,2358.0,2359.0,2359.0,2360.0,2360.0,2360.0,2360.0,2360.0,2360.0,2360.0,2360.0,2360.0,2361.0,2361.0,2361.0,2362.0,2362.0,2363.0,2363.0,2363.0,2363.0,2364.0,2364.0,2364.0,2365.0,2365.0,2365.0,2365.0,2367.0,2367.0,2367.0,2367.0,2368.0,2370.0,2370.0,2370.0,2370.0,2370.0,2370.0,2370.0,2370.0,2370.0,2370.0,2371.0,2371.0,2372.0,2375.0,2375.0,2375.0,2375.0,2376.0,2376.0,2377.0,2377.0,2378.0,2378.0,2378.0,2378.0,2379.0,2382.0,2382.0,2382.0,2384.0,2383.0,2384.0,2386.0,2386.0,2388.0,2388.0,2388.0,2388.0,2388.0,2388.0,2388.0,2388.0,2388.0,2388.0,2390.0,2391.0,2391.0,2391.0,2392.0,2392.0,2392.0,2392.0,2392.0,2392.0,2392.0,2392.0,2392.0,2394.0,2394.0,2394.0,2394.0,2394.0,2394.0,2394.0,2394.0,2394.0,2395.0,2396.0,2396.0,2396.0,2398.0,2399.0,2399.0,2401.0,2401.0,2401.0,2404
tkz7KQI9xtg,873.0,873.0,873.0,874.0,874.0,874.0,874.0,874.0,874.0,874.0,874.0,874.0,874.0,874.0,874.0,875.0,875.0,875.0,875.0,876.0,876.0,876.0,876.0,876.0,876.0,876.0,876.0,876.0,876.0,876.0,876.0,876.0,876.0,876.0,876.0,876.0,876.0,876.0,876.0,876.0,876.0,876.0,876.0,876.0,876.0,876.0,876.0,876.0,876.0,876.0,876.0,876.0,876.0,876.0,876.0,876.0,876.0,876.0,876.0,876.0,876.0,876.0,876.0,876.0,876.0,876.0,877.0,877.0,877.0,877.0,877.0,877.0,877.0,877.0,877.0,877.0,877.0,877.0,877.0,877.0,877.0,877.0,877.0,877.0,877.0,877.0,877.0,877.0,877.0,878.0,878.0,878.0,878.0,878.0,878.0,878.0,878.0,878.0,878.0,878.0,878.0,878.0,878.0,878.0,878.0,878.0,878.0,878.0,878.0,878.0,878.0,878.0,878.0,878.0,878.0,878.0,878.0,878.0,878.0,878.0,878.0,878.0,878.0,878.0,878.0,878.0,878.0,878.0,879.0,879.0,879.0,879.0,879.0,879.0,,,,,,,,,879.0,879.0,879.0,879.0,880.0,880.0,880.0,880.0,880.0,880.0,880.0,880.0,880.0,880.0,880.0,880.0,880.0,880.0,880.0,880.0,880.0,880.0,880.0,880.0,880.0,888.0,889.0,890.0,890.0,891.0,891.0,891.0,891.0,891.0,891.0,891.0,891.0,891.0,895.0,896.0,896.0,898.0,899.0,899.0,899.0,899.0,900.0,900.0,900.0,900.0,900.0,900.0,900.0,901.0,902.0,902.0,903.0,903.0,903.0,903.0,903.0,903.0,904.0,905.0,905.0,905.0,905.0,905.0,905.0,905.0,905.0,905.0,905.0,906.0,906.0,906.0,906.0,906.0,906.0,906.0,906.0,906.0,907.0,907.0,907.0,907.0,907.0,907.0,907.0,907.0,907.0,907.0,907.0,907.0,907.0,907.0,907.0,907.0,907.0,907.0,908.0,908.0,908.0,908.0,908.0,908.0,908.0,908.0,908.0,908.0,908.0,908.0,908.0,908.0,908.0,908.0,908.0,908.0,908.0,908.0,908.0,,908.0,908.0,908.0,908.0,908.0,908.0,908.0,908.0,908.0,908.0,908.0,908.0,908.0,908.0,908.0,908.0,908.0,908.0,908.0,908.0,908.0,908.0,908.0,908.0,908.0,908.0,908.0,908.0,909.0,909.0,909.0,909.0,909.0,909.0,909.0,909.0,909.0,909.0,909.0,909.0,909.0,909.0,909.0,909.0,909.0,909.0,909.0,909.0,909.0,909.0,909.0,911.0,911.0,911.0,911.0,911.0,911.0,911.0,911.0,911.0,911.0,911.0,911.0,911.0,911.0,911.0,911.0,911.0,911.0,911.0,911.0,911.0,911.0,911.0,912.0,912.0,912.0,912.0,912.0,912.0,912.0,912.0,912.0,912.0,912.0,912.0,912.0,912.0,912.0,912.0,912.0,912.0,912.0,912.0,912.0,912.0,912.0,912.0,913.0,914.0,914.0,914.0,914.0,914.0,914.0,914.0,914.0,914.0,914.0,914.0,914.0,914.0,914.0,914
NUbQF9bAqrU,2255.0,2256.0,2256.0,2259.0,2259.0,2259.0,2260.0,2261.0,2262.0,2263.0,2264.0,2265.0,2265.0,2265.0,2265.0,2265.0,2265.0,2270.0,2270.0,2270.0,2270.0,2270.0,2272.0,2272.0,2272.0,2272.0,2272.0,2272.0,2272.0,2272.0,2272.0,2272.0,2272.0,2272.0,2272.0,2272.0,2272.0,2272.0,2272.0,2272.0,2272.0,2272.0,2273.0,2275.0,2276.0,2276.0,2276.0,2276.0,2276.0,2276.0,2276.0,2276.0,2277.0,2277.0,2277.0,2278.0,2278.0,2278.0,2278.0,2278.0,2281.0,2281.0,2281.0,2281.0,2281.0,2282.0,2282.0,2282.0,2283.0,2283.0,2284.0,2284.0,2285.0,2286.0,2286.0,2286.0,2286.0,2286.0,2286.0,2287.0,2288.0,2288.0,2288.0,2288.0,2288.0,2288.0,2288.0,2291.0,2291.0,2291.0,2291.0,2291.0,2291.0,2291.0,2291.0,2291.0,2291.0,2292.0,2292.0,2292.0,2292.0,2292.0,2292.0,2292.0,2292.0,2293.0,2293.0,2293.0,2293.0,2293.0,2293.0,2293.0,2293.0,2294.0,2294.0,2294.0,2294.0,2294.0,2294.0,2295.0,2296.0,2296.0,2296.0,2296.0,2296.0,2296.0,2296.0,2296.0,2296.0,2296.0,2296.0,2296.0,2296.0,2296.0,,,,,,,,,2301.0,2301.0,2301.0,2301.0,2301.0,2301.0,2301.0,2301.0,2301.0,2301.0,2301.0,2305.0,2305.0,2305.0,2305.0,2305.0,2306.0,2307.0,2308.0,2308.0,2308.0,2308.0,2308.0,2310.0,2310.0,2310.0,2312.0,2313.0,2313.0,2313.0,2314.0,2315.0,2315.0,2316.0,2316.0,2316.0,2316.0,2316.0,2316.0,2316.0,2316.0,2317.0,2317.0,2317.0,2318.0,2318.0,2318.0,2319.0,2320.0,2320.0,2321.0,2321.0,2322.0,2322.0,2322.0,2322.0,2322.0,2322.0,2322.0,2322.0,2322.0,2322.0,2323.0,2323.0,2324.0,2326.0,2326.0,2326.0,2327.0,2329.0,2331.0,2332.0,2333.0,2335.0,2335.0,2335.0,2335.0,2335.0,2335.0,2336.0,2336.0,2338.0,2338.0,2338.0,2338.0,2338.0,2338.0,2338.0,2340.0,2343.0,2343.0,2344.0,2345.0,2345.0,2344.0,2344.0,2344.0,2344.0,2345.0,2346.0,2346.0,2346.0,2348.0,2348.0,2349.0,2350.0,2353.0,2353.0,2353.0,2353.0,2353.0,2353.0,2353.0,2353.0,2354.0,2354.0,2354.0,2354.0,2355.0,2355.0,2355.0,,2355.0,2355.0,2355.0,2358.0,2358.0,2359.0,2359.0,2360.0,2360.0,2360.0,2360.0,2360.0,2360.0,2360.0,2360.0,2360.0,2361.0,2361.0,2361.0,2362.0,2362.0,2363.0,2363.0,2363.0,2363.0,2364.0,2364.0,2364.0,2365.0,2365.0,2365.0,2365.0,2367.0,2367.0,2367.0,2367.0,2368.0,2370.0,2370.0,2370.0,2370.0,2370.0,2370.0,2370.0,2370.0,2370.0,2370.0,2371.0,2371.0,2372.0,2375.0,2375.0,2375.0,2375.0,2376.0,2376.0,2377.0,2377.0,2378.0,2378.0,2378.0,2378.0,2379.0,2382.0,2382.0,2382.0,2384.0,2383.0,2384.0,2386.0,2386.0,2388.0,2388.0,2388.0,2388.0,2388.0,2388.0,2388.0,2388.0,2388.0,2388.0,2390.0,2391.0,2391.0,2391.0,2392.0,2392.0,2392.0,2392.0,2392.0,2392.0,2392.0,2392.0,2392.0,2394.0,2394.0,2394.0,2394.0,2394.0,2394.0,2394.0,2394.0,2394.0,2395.0,2396.0,2396.0,2396.0,2398.0,2399.0,2399.0,2401.0,2401.0,2401.0,2404
MiqxuP1qBwQ,581.0,582.0,581.0,585.0,585.0,585.0,585.0,586.0,587.0,586.0,586.0,586.0,586.0,586.0,586.0,586.0,586.0,587.0,587.0,589.0,589.0,589.0,589.0,589.0,589.0,589.0,589.0,589.0,589.0,589.0,590.0,591.0,592.0,593.0,594.0,594.0,595.0,596.0,596.0,596.0,596.0,597.0,597.0,597.0,597.0,597.0,597.0,598.0,599.0,599.0,599.0,600.0,601.0,602.0,602.0,603.0,605.0,606.0,606.0,606.0,606.0,608.0,608.0,610.0,610.0,612.0,612.0,612.0,613.0,613.0,614.0,614.0,614.0,614.0,614.0,614.0,617.0,617.0,617.0,617.0,618.0,622.0,622.0,622.0,622.0,622.0,622.0,622.0,623.0,623.0,624.0,625.0,626.0,626.0,626.0,626.0,626.0,628.0,628.0,629.0,629.0,630.0,632.0,632.0,633.0,633.0,634.0,634.0,634.0,634.0,634.0,634.0,636.0,637.0,637.0,638.0,638.0,638.0,638.0,638.0,639.0,639.0,640.0,640.0,640.0,641.0,641.0,641.0,642.0,642.0,642.0,642.0,643.0,646.0,,,,,,,,,650.0,650.0,651.0,652.0,652.0,652.0,654.0,654.0,656.0,656.0,658.0,658.0,660.0,660.0,662.0,664.0,665.0,666.0,666.0,666.0,666.0,667.0,668.0,668.0,668.0,668.0,668.0,669.0,670.0,670.0,670.0,670.0,670.0,670.0,670.0,670.0,670.0,670.0,672.0,677.0,679.0,680.0,681.0,680.0,680.0,680.0,681.0,681.0,681.0,682.0,684.0,684.0,688.0,690.0,690.0,692.0,692.0,694.0,694.0,696.0,697.0,698.0,699.0,699.0,700.0,701.0,702.0,703.0,704.0,705.0,706.0,706.0,706.0,712.0,714.0,715.0,716.0,717.0,719.0,720.0,722.0,724.0,725.0,726.0,726.0,728.0,727.0,727.0,728.0,730.0,732.0,733.0,734.0,734.0,735.0,735.0,736.0,737.0,738.0,737.0,738.0,738.0,738.0,738.0,738.0,738.0,739.0,739.0,740.0,741.0,741.0,741.0,741.0,741.0,742.0,741.0,745.0,745.0,746.0,746.0,746.0,,746.0,749.0,750.0,751.0,751.0,750.0,750.0,750.0,751.0,751.0,751.0,752.0,752.0,752.0,753.0,753.0,753.0,753.0,753.0,753.0,754.0,754.0,754.0,754.0,754.0,755.0,755.0,755.0,755.0,755.0,756.0,757.0,759.0,759.0,760.0,760.0,762.0,762.0,762.0,762.0,762.0,762.0,762.0,763.0,763.0,764.0,764.0,765.0,766.0,766.0,770.0,770.0,770.0,770.0,771.0,771.0,771.0,771.0,771.0,771.0,771.0,772.0,772.0,774.0,774.0,774.0,774.0,774.0,775.0,775.0,775.0,775.0,775.0,775.0,775.0,778.0,778.0,778.0,778.0,778.0,779.0,780.0,780.0,780.0,781.0,781.0,781.0,783.0,783.0,784.0,785.0,785.0,785.0,786.0,786.0,787.0,788.0,790.0,790.0,791.0,791.0,791.0,792.0,792.0,792.0,792.0,792.0,792.0,793.0,793.0,793.0,793.0,793.0,794
mFQ2jlokX7o,210752.0,210805.0,210847.0,210899.0,210939.0,210979.0,211039.0,211106.0,211166.0,211211.0,211270.0,211326.0,211371.0,211432.0,211482.0,211540.0,211596.0,211635.0,211686.0,211739.0,211794.0,211839.0,211896.0,211936.0,211981.0,212015.0,212056.0,212096.0,212137.0,212187.0,212222.0,212267.0,212315.0,212373.0,212415.0,212459.0,212523.0,212568.0,212608.0,212655.0,212704.0,212732.0,212769.0,212812.0,212843.0,212881.0,212923.0,212970.0,212995.0,213028.0,213067.0,213109.0,213139.0,213171.0,213200.0,213245.0,213267.0,213285.0,213321.0,213359.0,213392.0,213428.0,213467.0,213502.0,213542.0,213576.0,213610.0,213648.0,213686.0,213726.0,213762.0,213805.0,213853.0,213900.0,213924.0,213970.0,213995.0,214015.0,214054.0,214099.0,214120.0,214137.0,214160.0,214187.0,214208.0,214235.0,214261.0,214295.0,214320.0,214342.0,214369.0,214398.0,214428.0,214468.0,214513.0,214552.0,214578.0,214605.0,214624.0,214656.0,214683.0,214702.0,214730.0,214768.0,214805.0,214836.0,214876.0,214920.0,214947.0,214991.0,215030.0,215069.0,215097.0,215137.0,215166.0,215192.0,215225.0,215249.0,215276.0,215299.0,215317.0,215339.0,215360.0,215395.0,215429.0,215471.0,215501.0,215537.0,215550.0,215574.0,215607.0,215637.0,215662.0,215677.0,,,,,,,,,215861.0,215874.0,215891.0,215905.0,215920.0,215944.0,215953.0,215969.0,215992.0,216001.0,216024.0,216038.0,216056.0,216074.0,216098.0,216116.0,216135.0,216160.0,216178.0,216198.0,216217.0,216230.0,216243.0,216266.0,216286.0,216300.0,216330.0,216343.0,216365.0,216388.0,216406.0,216431.0,216464.0,216481.0,216501.0,216523.0,216545.0,216573.0,216585.0,216611.0,216642.0,216658.0,216686.0,216708.0,216733.0,216760.0,216784.0,216807.0,216828.0,216848.0,216884.0,216911.0,216927.0,216936.0,216951.0,216968.0,216988.0,217006.0,217040.0,217092.0,217113.0,217137.0,217155.0,217174.0,217192.0,217221.0,217248.0,217266.0,217286.0,217319.0,217334.0,217367.0,217393.0,217415.0,217440.0,217465.0,217491.0,217520.0,217541.0,217561.0,217578.0,217589.0,217603.0,217622.0,217642.0,217674.0,217699.0,217721.0,217735.0,217749.0,217765.0,217791.0,217808.0,217827.0,217850.0,217873.0,217889.0,217908.0,217932.0,217956.0,217981.0,217998.0,218025.0,218046.0,218062.0,218084.0,218102.0,218124.0,218150.0,218183.0,218203.0,218214.0,218239.0,218257.0,218277.0,218303.0,218324.0,218345.0,218365.0,218383.0,218396.0,,218441.0,218460.0,218469.0,218489.0,218501.0,218523.0,218547.0,218566.0,218588.0,218598.0,218621.0,218648.0,218673.0,218699.0,218722.0,218748.0,218771.0,218799.0,218827.0,218850.0,218878.0,218926.0,218940.0,218961.0,218979.0,218997.0,219019.0,219036.0,219051.0,219065.0,219080.0,219102.0,219168.0,219189.0,219212.0,219226.0,219252.0,219275.0,219302.0,219320.0,219348.0,219370.0,219385.0,219407.0,219429.0,219458.0,219485.0,219501.0,219511.0,219528.0,219555.0,219581.0,219600.0,219618.0,219632.0,219648.0,219670.0,219684.0,219699.0,219718.0,219738.0,219757.0,219778.0,219797.0,219813.0,219832.0,219855.0,219878.0,219887.0,219903.0,219916.0,219941.0,219951.0,219968.0,220002.0,220031.0,220055.0,220072.0,220091.0,220107.0,220125.0,220147.0,220176.0,220195.0,220215.0,220238.0,220247.0,220265.0,220293.0,220314.0,220336.0,220346.0,220355.0,220368.0,220378.0,220398.0,220405.0,220423.0,220452.0,220477.0,220497.0,220515.0,220528.0,220548.0,220575.0,220591.0,220611.0,220627.0,220633.0,220642.0,220655.0,220674.0,220691.0,220710
QOzgMxFZZdY,122215.0,122215.0,122221.0,122222.0,122228.0,122232.0,122236.0,122240.0,122249.0,122255.0,122259.0,122272.0,122281.0,122286.0,122295.0,122309.0,122310.0,122317.0,122320.0,122324.0,122329.0,122336.0,122340.0,122350.0,122356.0,122358.0,122364.0,122368.0,122374.0,122376.0,122380.0,122382.0,122387.0,122393.0,122396.0,122398.0,122402.0,122407.0,122411.0,122412.0,122414.0,122415.0,122419.0,122420.0,122424.0,122427.0,122431.0,122434.0,122436.0,122439.0,122444.0,122446.0,122449.0,122452.0,122453.0,122456.0,122460.0,122463.0,122466.0,122468.0,122469.0,122474.0,122479.0,122485.0,122488.0,122491.0,122493.0,122496.0,122498.0,122503.0,122518.0,122526.0,122529.0,122532.0,122535.0,122536.0,122539.0,122540.0,122541.0,122545.0,122547.0,122552.0,122554.0,122557.0,122561.0,122562.0,122565.0,122568.0,122569.0,122573.0,122576.0,122580.0,122585.0,122591.0,122597.0,122601.0,122605.0,122615.0,122619.0,122628.0,122631.0,122639.0,122645.0,122646.0,122650.0,122655.0,122655.0,122660.0,122662.0,122666.0,122669.0,122670.0,122671.0,122672.0,122677.0,122678.0,122680.0,122688.0,122689.0,122710.0,122712.0,122713.0,122715.0,122716.0,122720.0,122724.0,122730.0,122733.0,122737.0,122740.0,122745.0,122747.0,122749.0,122752.0,,,,,,,,,122783.0,122785.0,122785.0,122788.0,122791.0,122792.0,122795.0,122795.0,122800.0,122801.0,122805.0,122808.0,122810.0,122813.0,122817.0,122820.0,122825.0,122826.0,122827.0,122827.0,122835.0,122841.0,122845.0,122853.0,122858.0,122860.0,122861.0,122863.0,122864.0,122867.0,122870.0,122875.0,122881.0,122889.0,122891.0,122899.0,122903.0,122906.0,122908.0,122910.0,122913.0,122918.0,122920.0,122920.0,122920.0,122921.0,122924.0,122930.0,122932.0,122934.0,122936.0,122940.0,122943.0,122946.0,122952.0,122955.0,122959.0,122964.0,122968.0,122973.0,122978.0,122985.0,122986.0,122991.0,122992.0,122999.0,123000.0,123003.0,123004.0,123009.0,123010.0,123011.0,123017.0,123023.0,123027.0,123027.0,123031.0,123031.0,123035.0,123042.0,123045.0,123046.0,123049.0,123049.0,123054.0,123057.0,123059.0,123063.0,123068.0,123070.0,123072.0,123074.0,123077.0,123080.0,123083.0,123084.0,123087.0,123089.0,123097.0,123099.0,123100.0,123105.0,123107.0,123110.0,123119.0,123121.0,123124.0,123126.0,123138.0,123146.0,123151.0,123157.0,123161.0,123163.0,123165.0,123169.0,123176.0,123184.0,123188.0,123193.0,123194.0,,123203.0,123205.0,123211.0,123216.0,123221.0,123224.0,123228.0,123229.0,123231.0,123232.0,123238.0,123240.0,123247.0,123252.0,123255.0,123260.0,123263.0,123264.0,123268.0,123271.0,123272.0,123276.0,123283.0,123284.0,123284.0,123288.0,123297.0,123301.0,123304.0,123304.0,123307.0,123309.0,123309.0,123310.0,123329.0,123333.0,123335.0,123345.0,123351.0,123355.0,123361.0,123368.0,123370.0,123376.0,123379.0,123384.0,123388.0,123396.0,123400.0,123407.0,123412.0,123420.0,123423.0,123434.0,123439.0,123448.0,123453.0,123454.0,123464.0,123470.0,123478.0,123482.0,123489.0,123499.0,123507.0,123519.0,123522.0,123528.0,123534.0,123539.0,123547.0,123555.0,123563.0,123569.0,123577.0,123588.0,123595.0,123605.0,123615.0,123622.0,123637.0,123644.0,123650.0,123656.0,123664.0,123675.0,123684.0,123689.0,123694.0,123702.0,123712.0,123721.0,123723.0,123727.0,123735.0,123742.0,123743.0,123752.0,123757.0,123759.0,123764.0,123774.0,123777.0,123786.0,123796.0,123801.0,123812.0,123819.0,123833.0,123839.0,123846.0,123855.0,123864.0,123872
05c8Zc5JNNw,115244.0,115268.0,115292.0,115323.0,115339.0,115362.0,115406.0,115429.0,115460.0,115497.0,115523.0,115556.0,115590.0,115620.0,115655.0,115688.0,115724.0,115749.0,115784.0,115810.0,115836.0,115860.0,115886.0,115913.0,115933.0,115974.0,116007.0,116037.0,116061.0,116077.0,116102.0,116135.0,116164.0,116183.0,116222.0,116278.0,116306.0,116328.0,116361.0,116388.0,116405.0,116423.0,116452.0,116466.0,116490.0,116516.0,116541.0,116566.0,116599.0,116627.0,116646.0,116683.0,116715.0,116746.0,116773.0,116806.0,116837.0,116854.0,116872.0,116901.0,116921.0,116932.0,116948.0,116978.0,117001.0,117025.0,117042.0,117080.0,117095.0,117118.0,117135.0,117158.0,117182.0,117195.0,117208.0,117236.0,117252.0,117283.0,117307.0,117338.0,117371.0,117396.0,117423.0,117443.0,117462.0,117494.0,117510.0,117528.0,117549.0,117567.0,117591.0,117617.0,117652.0,117686.0,117709.0,117726.0,117749.0,117775.0,117813.0,117842.0,117870.0,117893.0,117918.0,117949.0,117979.0,118004.0,118036.0,118063.0,118100.0,118127.0,118156.0,118175.0,118191.0,118210.0,118233.0,118271.0,118302.0,118325.0,118355.0,118377.0,118390.0,118425.0,118444.0,118489.0,118512.0,118536.0,118563.0,118592.0,118622.0,118642.0,118666.0,118704.0,118727.0,118758.0,,,,,,,,,118962.0,118978.0,118997.0,119018.0,119036.0,119054.0,119073.0,119092.0,119120.0,119136.0,119161.0,119181.0,119204.0,119229.0,119253.0,119269.0,119295.0,119320.0,119331.0,119361.0,119384.0,119410.0,119431.0,119454.0,119479.0,119496.0,119522.0,119548.0,119568.0,119582.0,119605.0,119619.0,119632.0,119654.0,119675.0,119699.0,119718.0,119733.0,119747.0,119766.0,119798.0,119814.0,119836.0,119853.0,119863.0,119874.0,119899.0,119921.0,119943.0,119956.0,119966.0,119972.0,119989.0,120007.0,120028.0,120040.0,120060.0,120078.0,120104.0,120116.0,120142.0,120166.0,120189.0,120221.0,120239.0,120263.0,120289.0,120309.0,120323.0,120343.0,120377.0,120403.0,120426.0,120439.0,120459.0,120485.0,120507.0,120533.0,120567.0,120596.0,120623.0,120649.0,120680.0,120702.0,120724.0,120746.0,120777.0,120815.0,120834.0,120849.0,120872.0,120898.0,120914.0,120937.0,120960.0,120987.0,121029.0,121047.0,121063.0,121092.0,121111.0,121137.0,121162.0,121179.0,121194.0,121221.0,121238.0,121257.0,121275.0,121290.0,121318.0,121352.0,121375.0,121400.0,121417.0,121434.0,121454.0,121476.0,121490.0,121519.0,121555.0,,121597.0,121616.0,121635.0,121648.0,121660.0,121682.0,121694.0,121718.0,121746.0,121761.0,121776.0,121794.0,121816.0,121830.0,121853.0,121873.0,121886.0,121903.0,121917.0,121945.0,121966.0,121977.0,121995.0,122006.0,122037.0,122052.0,122067.0,122081.0,122103.0,122125.0,122148.0,122167.0,122235.0,122273.0,122297.0,122316.0,122336.0,122362.0,122379.0,122402.0,122420.0,122457.0,122475.0,122497.0,122523.0,122542.0,122564.0,122588.0,122612.0,122649.0,122665.0,122692.0,122710.0,122751.0,122771.0,122792.0,122805.0,122829.0,122847.0,122869.0,122891.0,122907.0,122923.0,122947.0,122962.0,122986.0,123022.0,123044.0,123076.0,123112.0,123143.0,123182.0,123234.0,123268.0,123293.0,123331.0,123372.0,123420.0,123440.0,123467.0,123495.0,123520.0,123541.0,123565.0,123590.0,123608.0,123621.0,123640.0,123664.0,123692.0,123715.0,123735.0,123760.0,123794.0,123822.0,123842.0,123869.0,123893.0,123902.0,123966.0,124041.0,124071.0,124083.0,124099.0,124127.0,124143.0,124156.0,124189.0,124218.0,124257.0,124286.0,124305.0,124331.0,124357
se8lsMEtqeI,446014.0,446103.0,446200.0,446316.0,446403.0,446533.0,446637.0,446741.0,446816.0,446915.0,447044.0,447139.0,447249.0,447340.0,447447.0,447557.0,447680.0,447796.0,447894.0,448019.0,448177.0,448278.0,448372.0,448492.0,448602.0,448727.0,448832.0,448943.0,449049.0,449145.0,449266.0,449411.0,449612.0,449717.0,449816.0,449929.0,450005.0,450098.0,450200.0,450308.0,450408.0,450482.0,450584.0,450669.0,450777.0,450901.0,450992.0,451109.0,451222.0,451330.0,451429.0,451542.0,451667.0,451763.0,451858.0,451961.0,452038.0,452145.0,452239.0,452343.0,452475.0,452575.0,452713.0,452841.0,452943.0,453033.0,453116.0,453249.0,453376.0,453480.0,453579.0,453668.0,453782.0,453860.0,453949.0,454043.0,454157.0,454234.0,454323.0,454433.0,454530.0,454606.0,454695.0,454781.0,454878.0,454989.0,455094.0,455185.0,455270.0,455388.0,455478.0,455557.0,455656.0,455741.0,455837.0,455928.0,456044.0,456098.0,456213.0,456329.0,456410.0,456486.0,456554.0,456644.0,456720.0,456867.0,456943.0,457053.0,457141.0,457232.0,457341.0,457486.0,457586.0,457669.0,457783.0,457848.0,457929.0,458008.0,458105.0,458191.0,458280.0,458365.0,458464.0,458544.0,458628.0,458729.0,458827.0,458918.0,458985.0,459068.0,459141.0,459219.0,459310.0,459394.0,,,,,,,,,460099.0,460180.0,460234.0,460299.0,460383.0,460480.0,460545.0,460612.0,460710.0,460817.0,460896.0,460979.0,461108.0,461197.0,461302.0,461379.0,461458.0,461545.0,461620.0,461699.0,461787.0,461889.0,461975.0,462057.0,462137.0,462189.0,462257.0,462335.0,462423.0,462507.0,462602.0,462708.0,462786.0,462863.0,462967.0,463078.0,463165.0,463238.0,463329.0,463410.0,463480.0,463553.0,463639.0,463714.0,463822.0,463906.0,463975.0,464051.0,464143.0,464212.0,464298.0,464367.0,464446.0,464523.0,464610.0,464690.0,464776.0,464872.0,464968.0,465042.0,465125.0,465206.0,465308.0,465396.0,465491.0,465564.0,465633.0,465696.0,465769.0,465857.0,465937.0,466021.0,466101.0,466197.0,466266.0,466354.0,466449.0,466547.0,466645.0,466724.0,466792.0,466880.0,466952.0,467063.0,467157.0,467236.0,467328.0,467410.0,467513.0,467611.0,467701.0,467786.0,467892.0,467986.0,468078.0,468160.0,468250.0,468356.0,468440.0,468525.0,468602.0,468678.0,468760.0,468839.0,468920.0,468973.0,469041.0,469111.0,469187.0,469275.0,469342.0,469447.0,469519.0,469610.0,469677.0,469744.0,469805.0,469872.0,469977.0,470064.0,470173.0,,470333.0,470431.0,470515.0,470597.0,470653.0,470708.0,470761.0,470826.0,470893.0,470964.0,471036.0,471111.0,471162.0,471237.0,471315.0,471375.0,471438.0,471496.0,471557.0,471634.0,471702.0,471768.0,471840.0,471912.0,471996.0,472093.0,472164.0,472232.0,472302.0,472403.0,472495.0,472583.0,472677.0,472789.0,472867.0,472949.0,473057.0,473132.0,473207.0,473281.0,473365.0,473447.0,473542.0,488849.0,508317.0,525174.0,536730.0,543948.0,548590.0,552196.0,554996.0,557268.0,558983.0,560819.0,562548.0,564063.0,565562.0,567155.0,568633.0,569874.0,571141.0,572490.0,573483.0,574317.0,575042.0,575591.0,576084.0,576539.0,577041.0,577313.0,577738.0,577860.0,577986.0,578135.0,578403.0,578668.0,578994.0,579361.0,580154.0,580713.0,582018.0,582632.0,582937.0,585241.0,586246.0,586405.0,586671.0,586895.0,587222.0,587531.0,587808.0,588125.0,588388.0,588649.0,588914.0,589236.0,589454.0,589756.0,590015.0,590254.0,590530.0,590784.0,591058.0,591344.0,591580.0,591769.0,591990.0,592155.0,592339.0,592483.0,592685.0,592832.0,592983.0,593172
TTjAQNw2Y18,719819.0,719819.0,719819.0,719819.0,719819.0,719819.0,719819.0,719819.0,719819.0,719819.0,719819.0,719819.0,719819.0,719819.0,719819.0,719819.0,719819.0,719819.0,719819.0,719819.0,719819.0,719819.0,719819.0,719819.0,719819.0,719819.0,719819.0,719819.0,719819.0,719819.0,719819.0,719819.0,719819.0,719819.0,719819.0,719819.0,719819.0,719819.0,719819.0,719819.0,719819.0,719819.0,719819.0,719819.0,719819.0,719819.0,719819.0,719819.0,719819.0,719819.0,719819.0,719819.0,719819.0,719819.0,719819.0,719819.0,719819.0,719819.0,719819.0,719819.0,719819.0,719819.0,719819.0,719819.0,719819.0,719819.0,719819.0,719819.0,719819.0,719819.0,719819.0,719819.0,719819.0,719819.0,719819.0,719819.0,719819.0,719819.0,719819.0,719819.0,719819.0,719819.0,719819.0,719819.0,719819.0,719819.0,719819.0,719819.0,719819.0,719819.0,719819.0,719819.0,719819.0,719819.0,719819.0,719819.0,719819.0,719819.0,719819.0,719819.0,719819.0,719819.0,719819.0,719819.0,719819.0,719819.0,719819.0,719819.0,719819.0,719819.0,719819.0,719819.0,719819.0,719819.0,719819.0,719819.0,719819.0,719819.0,719819.0,719819.0,719819.0,719819.0,719819.0,719819.0,719819.0,719819.0,719819.0,719819.0,719819.0,719819.0,719819.0,719819.0,719819.0,719819.0,,,,,,,,,719819.0,719819.0,719819.0,719819.0,719819.0,719819.0,719819.0,719819.0,719819.0,719819.0,719819.0,719819.0,719819.0,719819.0,719819.0,719819.0,719819.0,719819.0,719819.0,719819.0,719819.0,719819.0,719819.0,719819.0,719819.0,719819.0,719819.0,719819.0,719819.0,719819.0,719819.0,719819.0,719819.0,719819.0,719819.0,719819.0,719819.0,719819.0,719819.0,719819.0,719819.0,719819.0,719819.0,719819.0,719819.0,719819.0,719819.0,719819.0,719819.0,719819.0,719819.0,719819.0,719819.0,719819.0,719819.0,719819.0,719819.0,719819.0,719819.0,719819.0,719819.0,719819.0,719819.0,719819.0,719819.0,719819.0,719819.0,719819.0,719819.0,719819.0,719819.0,719819.0,719819.0,719819.0,719819.0,719819.0,719819.0,719819.0,719819.0,719819.0,719819.0,719819.0,719819.0,719819.0,719819.0,719819.0,719819.0,719819.0,719819.0,719819.0,719819.0,719819.0,719819.0,719819.0,719819.0,719819.0,719819.0,719819.0,719819.0,719819.0,719819.0,719819.0,719819.0,719819.0,719819.0,719819.0,719819.0,719819.0,719819.0,719819.0,719819.0,719819.0,719819.0,719819.0,719819.0,719819.0,719819.0,719819.0,719819.0,719819.0,719819.0,,719819.0,719819.0,719819.0,719819.0,719819.0,719819.0,719819.0,719819.0,719819.0,719819.0,719819.0,719819.0,719819.0,719819.0,719819.0,719819.0,719819.0,719819.0,719819.0,719819.0,719819.0,719819.0,719819.0,719819.0,719819.0,719819.0,719819.0,719819.0,719819.0,719819.0,719819.0,719819.0,719819.0,719819.0,719819.0,719819.0,719819.0,719819.0,719819.0,719819.0,719819.0,719819.0,719819.0,719819.0,719819.0,719819.0,719819.0,719819.0,719819.0,719819.0,719819.0,719819.0,719819.0,719819.0,719819.0,719819.0,719819.0,719819.0,719819.0,719819.0,719819.0,719819.0,719819.0,719819.0,719819.0,719819.0,719819.0,719819.0,719819.0,719819.0,719819.0,719819.0,719819.0,719819.0,719819.0,719819.0,719819.0,719819.0,719819.0,719819.0,719819.0,719819.0,719819.0,719819.0,719819.0,719819.0,719819.0,719819.0,719819.0,719819.0,719819.0,719819.0,719819.0,719819.0,719819.0,719819.0,719819.0,719819.0,719819.0,719819.0,719819.0,719819.0,719819.0,719819.0,719819.0,719819.0,719819.0,719819.0,719819.0,719819.0,719819.0,719819.0,719819.0,719819
KDqhSH67V_c,510155.0,510551.0,510958.0,511270.0,511682.0,512110.0,512491.0,512859.0,513374.0,513762.0,514170.0,514660.0,515177.0,515674.0,516157.0,516616.0,517016.0,517411.0,517878.0,518347.0,518832.0,519296.0,519814.0,520200.0,520552.0,520898.0,521204.0,521578.0,521942.0,522478.0,522846.0,523067.0,523400.0,523705.0,523975.0,524304.0,524615.0,524970.0,525238.0,525655.0,526078.0,526589.0,526986.0,527364.0,527684.0,528009.0,528339.0,528791.0,529181.0,529581.0,530030.0,530393.0,530776.0,531204.0,531600.0,531962.0,532325.0,532866.0,533300.0,533778.0,534258.0,534776.0,535339.0,535904.0,536406.0,536944.0,537400.0,537899.0,538409.0,539053.0,539693.0,540254.0,540759.0,541302.0,542009.0,542610.0,543508.0,544308.0,545088.0,545828.0,546384.0,547200.0,548053.0,548897.0,549712.0,550773.0,552134.0,553064.0,554122.0,554950.0,555953.0,556885.0,557921.0,558595.0,559109.0,559976.0,560711.0,561677.0,563023.0,564008.0,564678.0,565604.0,566709.0,567915.0,568968.0,570126.0,571764.0,573066.0,574093.0,575266.0,576396.0,577497.0,578632.0,579721.0,580746.0,581613.0,582552.0,583423.0,584232.0,585178.0,585968.0,586662.0,587281.0,587928.0,588645.0,589289.0,589816.0,590357.0,590825.0,591235.0,591748.0,592276.0,592800.0,593270.0,,,,,,,,,596711.0,596992.0,597326.0,597716.0,598062.0,598454.0,598759.0,599003.0,599317.0,599593.0,599935.0,600317.0,600821.0,601232.0,601624.0,601941.0,602262.0,602612.0,602904.0,603220.0,603561.0,603867.0,604221.0,604635.0,605129.0,605531.0,605922.0,606460.0,606813.0,607159.0,607665.0,608172.0,608747.0,609337.0,609930.0,610441.0,610920.0,611584.0,612173.0,612784.0,613489.0,614197.0,614900.0,615521.0,616342.0,617240.0,618056.0,618956.0,619709.0,620394.0,620959.0,621671.0,622620.0,623494.0,624175.0,625068.0,625937.0,626747.0,627797.0,628791.0,629799.0,630856.0,631987.0,632944.0,633644.0,634490.0,635390.0,636159.0,636812.0,637676.0,638215.0,638668.0,639220.0,639955.0,640640.0,641220.0,641936.0,642488.0,643009.0,643676.0,644310.0,644849.0,645466.0,646124.0,646717.0,647161.0,647690.0,648380.0,648990.0,649657.0,650563.0,651173.0,651617.0,652282.0,652935.0,653604.0,654195.0,654859.0,655371.0,655912.0,656655.0,657450.0,658375.0,659324.0,659967.0,660871.0,661898.0,662806.0,663636.0,664909.0,666147.0,667066.0,668174.0,669229.0,670101.0,671078.0,672317.0,673331.0,674352.0,675312.0,676608.0,,679636.0,680698.0,682339.0,684256.0,686018.0,687619.0,688923.0,690489.0,692781.0,696106.0,698423.0,700429.0,702246.0,704852.0,707968.0,709965.0,711687.0,714227.0,716217.0,717987.0,720392.0,722804.0,725272.0,727779.0,729749.0,731490.0,733061.0,735542.0,738227.0,740266.0,742567.0,744759.0,746954.0,748780.0,751168.0,753707.0,756076.0,758276.0,760374.0,762484.0,764366.0,766878.0,769658.0,771927.0,774112.0,776528.0,778939.0,780971.0,783288.0,785532.0,787201.0,788809.0,791017.0,792156.0,793019.0,794064.0,795382.0,796583.0,797624.0,798655.0,799470.0,800095.0,800943.0,801901.0,802997.0,804107.0,805664.0,806875.0,807692.0,808630.0,809293.0,810270.0,811229.0,811989.0,812546.0,813001.0,813612.0,814252.0,814667.0,815374.0,816173.0,816763.0,817117.0,817794.0,818280.0,818659.0,819048.0,819505.0,819862.0,820143.0,820442.0,820868.0,821271.0,821628.0,822006.0,822355.0,822770.0,823098.0,823396.0,823743.0,824075.0,824343.0,824603.0,824878.0,825222.0,825569.0,825876.0,826428.0,826964.0,827373.0,827620.0,827982.0,828383.0,829014
ou5ouVxvJv0,86991.0,87053.0,87116.0,87166.0,87222.0,87288.0,87338.0,87399.0,87456.0,87492.0,87539.0,87591.0,87638.0,87699.0,87758.0,87819.0,87868.0,87920.0,87979.0,88039.0,88102.0,88143.0,88182.0,88218.0,88262.0,88314.0,88383.0,88428.0,88485.0,88541.0,88600.0,88651.0,88695.0,88740.0,88783.0,88838.0,88889.0,88925.0,88976.0,89015.0,89075.0,89128.0,89170.0,89240.0,89286.0,89317.0,89356.0,89398.0,89451.0,89489.0,89545.0,89587.0,89636.0,89676.0,89723.0,89762.0,89811.0,89856.0,89903.0,89926.0,89962.0,90013.0,90054.0,90105.0,90151.0,90189.0,90228.0,90276.0,90325.0,90380.0,90439.0,90476.0,90520.0,90560.0,90609.0,90655.0,90701.0,90746.0,90796.0,90836.0,90873.0,90915.0,90958.0,91010.0,91058.0,91117.0,91182.0,91207.0,91245.0,91298.0,91336.0,91388.0,91438.0,91510.0,91554.0,91604.0,91647.0,91704.0,91761.0,91809.0,91856.0,91891.0,91938.0,91980.0,92025.0,92082.0,92136.0,92174.0,92215.0,92271.0,92330.0,92389.0,92448.0,92513.0,92563.0,92625.0,92654.0,92696.0,92744.0,92798.0,92850.0,92890.0,92937.0,92986.0,93029.0,93093.0,93154.0,93219.0,93272.0,93306.0,93348.0,93396.0,93448.0,93503.0,,,,,,,,,93984.0,94028.0,94076.0,94128.0,94155.0,94203.0,94257.0,94290.0,94338.0,94379.0,94449.0,94518.0,94581.0,94620.0,94694.0,94753.0,94835.0,94911.0,94981.0,95043.0,95102.0,95136.0,95193.0,95235.0,95296.0,95357.0,95415.0,95470.0,95514.0,95566.0,95622.0,95702.0,95759.0,95817.0,95875.0,95911.0,95964.0,96006.0,96067.0,96123.0,96188.0,96273.0,96335.0,96405.0,96453.0,96509.0,96582.0,96637.0,96697.0,96745.0,96798.0,96865.0,96961.0,97035.0,97100.0,97202.0,97337.0,97450.0,97587.0,97714.0,97828.0,97909.0,98003.0,98107.0,98186.0,98321.0,98474.0,98572.0,98661.0,98758.0,98890.0,99018.0,99190.0,99343.0,99484.0,99611.0,99738.0,99857.0,99940.0,100068.0,100174.0,100269.0,100382.0,100467.0,100564.0,100667.0,100752.0,100857.0,100961.0,101036.0,101154.0,101244.0,101353.0,101494.0,101634.0,101781.0,101907.0,102023.0,102119.0,102222.0,102352.0,102491.0,102638.0,102756.0,102865.0,102976.0,103116.0,103280.0,103440.0,103628.0,103822.0,104074.0,104287.0,104522.0,104700.0,104945.0,105375.0,105948.0,106586.0,106963.0,107268.0,,108338.0,108877.0,109381.0,109744.0,110080.0,110327.0,110608.0,110937.0,111240.0,111519.0,111790.0,112019.0,112241.0,112516.0,112806.0,113052.0,113256.0,113481.0,113683.0,113829.0,113996.0,114169.0,114365.0,114561.0,114732.0,114884.0,115046.0,115205.0,115419.0,115575.0,115703.0,115889.0,116055.0,116173.0,116337.0,116505.0,116731.0,116935.0,117154.0,117372.0,117574.0,117803.0,118106.0,118329.0,118521.0,118711.0,119142.0,119503.0,120085.0,120485.0,120847.0,121294.0,121980.0,122516.0,122890.0,123312.0,123835.0,124083.0,124362.0,124627.0,125036.0,125311.0,125610.0,125996.0,126495.0,127184.0,127677.0,128029.0,128331.0,128793.0,129390.0,130134.0,130731.0,131301.0,131883.0,132494.0,133229.0,133813.0,134420.0,135136.0,135854.0,136786.0,137091.0,137293.0,137554.0,137811.0,138020.0,138331.0,138595.0,138785.0,138958.0,139127.0,139376.0,139636.0,139917.0,140160.0,140400.0,140617.0,140878.0,141163.0,141477.0,141711.0,141922.0,142145.0,142301.0,142499.0,142723.0,142869.0,142990.0,143161.0,143331.0,143522.0,143713.0,143897
LRD_XhN20QI,656148.0,656357.0,656601.0,656884.0,657117.0,657329.0,657562.0,657799.0,658046.0,658317.0,658555.0,658765.0,658988.0,659224.0,659427.0,659710.0,659955.0,660190.0,660413.0,660716.0,660960.0,661185.0,661457.0,661694.0,661965.0,662216.0,662447.0,662688.0,662922.0,663173.0,663405.0,663648.0,663867.0,664135.0,664424.0,664700.0,665028.0,665357.0,665636.0,665935.0,666263.0,666517.0,666840.0,667142.0,667451.0,667795.0,668086.0,668446.0,668920.0,669267.0,669664.0,670048.0,670462.0,670786.0,671161.0,671483.0,671865.0,672213.0,672539.0,672928.0,673265.0,673607.0,673960.0,674263.0,674548.0,674841.0,675165.0,675452.0,675753.0,676100.0,676385.0,676687.0,676999.0,677276.0,677559.0,677818.0,678109.0,678388.0,678627.0,678895.0,679207.0,679489.0,679750.0,680025.0,680266.0,680505.0,680740.0,680970.0,681172.0,681400.0,681626.0,681863.0,682094.0,682298.0,682487.0,682676.0,682866.0,683050.0,683260.0,683442.0,683609.0,683767.0,683936.0,684110.0,684280.0,684483.0,684697.0,684908.0,685122.0,685312.0,685494.0,685705.0,685904.0,686113.0,686337.0,686568.0,686841.0,687076.0,687292.0,687492.0,687714.0,687939.0,688152.0,688367.0,688622.0,688812.0,689036.0,689284.0,689492.0,689713.0,689936.0,690141.0,690338.0,690559.0,,,,,,,,,692299.0,692477.0,692689.0,692844.0,693040.0,693245.0,693413.0,693557.0,693756.0,693920.0,694114.0,694286.0,694477.0,694623.0,694835.0,695032.0,695238.0,695398.0,695593.0,695803.0,696046.0,696189.0,696411.0,696626.0,696767.0,696919.0,697080.0,697241.0,697445.0,697613.0,697779.0,697964.0,698163.0,698355.0,698544.0,698713.0,698860.0,699071.0,699237.0,699471.0,699663.0,699802.0,699971.0,700158.0,700331.0,700511.0,700659.0,700864.0,701038.0,701190.0,701358.0,701504.0,701647.0,701790.0,701947.0,702130.0,702268.0,702449.0,702586.0,702775.0,702942.0,703070.0,703213.0,703350.0,703461.0,703606.0,703764.0,703963.0,704115.0,704278.0,704443.0,704589.0,704770.0,704944.0,705094.0,705241.0,705384.0,705549.0,705704.0,705843.0,705991.0,706159.0,706307.0,706513.0,706714.0,706891.0,707090.0,707273.0,707463.0,707645.0,707840.0,708033.0,708195.0,708368.0,708586.0,708771.0,708962.0,709192.0,709401.0,709640.0,709874.0,710067.0,710303.0,710531.0,710726.0,710956.0,711237.0,711437.0,711630.0,711851.0,712066.0,712264.0,712449.0,712607.0,712781.0,712898.0,713082.0,713231.0,713392.0,713534.0,713666.0,,713920.0,714052.0,714343.0,714624.0,714892.0,715148.0,715373.0,715547.0,715753.0,715929.0,716069.0,716291.0,716463.0,716637.0,716803.0,716962.0,717157.0,717310.0,717480.0,717643.0,717823.0,717973.0,718119.0,718252.0,718409.0,718550.0,718678.0,718811.0,718956.0,719128.0,719287.0,719440.0,719591.0,719736.0,719874.0,720038.0,720255.0,720417.0,720573.0,720740.0,720903.0,721078.0,721266.0,721466.0,721624.0,721814.0,722040.0,722220.0,722409.0,722555.0,722721.0,722865.0,723034.0,723198.0,723359.0,723513.0,723630.0,723823.0,723972.0,724118.0,724269.0,724465.0,724625.0,724762.0,724939.0,725103.0,725288.0,725484.0,725666.0,725808.0,725963.0,726138.0,726285.0,726423.0,726580.0,726770.0,726934.0,727112.0,727271.0,727459.0,727646.0,727847.0,728016.0,728172.0,728324.0,728473.0,728649.0,728797.0,728967.0,729106.0,729279.0,729455.0,729617.0,729790.0,729970.0,730124.0,730297.0,730465.0,730609.0,730770.0,730929.0,731054.0,731196.0,731340.0,731494.0,731614.0,731750.0,731878.0,732014.0,732112.0,732220.0,732342.0,732448.0,732546
wQkc_hzL48k,1864958.0,1865369.0,1865799.0,1866192.0,1866570.0,1867007.0,1867445.0,1867891.0,1868257.0,1868644.0,1869051.0,1869376.0,1869767.0,1870187.0,1870558.0,1870977.0,1871394.0,1871720.0,1872054.0,1872450.0,1872920.0,1873357.0,1873757.0,1874177.0,1874580.0,1875035.0,1875552.0,1876089.0,1876702.0,1877221.0,1877805.0,1878334.0,1878798.0,1879322.0,1879767.0,1880185.0,1880607.0,1881063.0,1881440.0,1881895.0,1882264.0,1882638.0,1883094.0,1883517.0,1883957.0,1884380.0,1884829.0,1885258.0,1885732.0,1886130.0,1886571.0,1886993.0,1887440.0,1887905.0,1888293.0,1888746.0,1889131.0,1889596.0,1889939.0,1890329.0,1890799.0,1891257.0,1891629.0,1892055.0,1892505.0,1892870.0,1893259.0,1893647.0,1894005.0,1894553.0,1895053.0,1895508.0,1895919.0,1896273.0,1896681.0,1897071.0,1897466.0,1897828.0,1898260.0,1898704.0,1899051.0,1899491.0,1899813.0,1900204.0,1900607.0,1901025.0,1901416.0,1901751.0,1902089.0,1902459.0,1902827.0,1903206.0,1903578.0,1903927.0,1904327.0,1904690.0,1905101.0,1905449.0,1905873.0,1906242.0,1906603.0,1907043.0,1907444.0,1907860.0,1908320.0,1908727.0,1909117.0,1909505.0,1909891.0,1910310.0,1910711.0,1911211.0,1911634.0,1912085.0,1912488.0,1912884.0,1913285.0,1913701.0,1914116.0,1914603.0,1915044.0,1915374.0,1915718.0,1916088.0,1916463.0,1916862.0,1917235.0,1917618.0,1918024.0,1918377.0,1918787.0,1919143.0,1919601.0,1919924.0,,,,,,,,,1923218.0,1923631.0,1924023.0,1924379.0,1924809.0,1925160.0,1925546.0,1925847.0,1926251.0,1926626.0,1926962.0,1927286.0,1927615.0,1927940.0,1928287.0,1928539.0,1928852.0,1929252.0,1929660.0,1930011.0,1930336.0,1930660.0,1931014.0,1931333.0,1931685.0,1932032.0,1932383.0,1932724.0,1933023.0,1933303.0,1933678.0,1933993.0,1934364.0,1934761.0,1935141.0,1935460.0,1935815.0,1936158.0,1936587.0,1936965.0,1937409.0,1937786.0,1938194.0,1938514.0,1938956.0,1939310.0,1939722.0,1940137.0,1940521.0,1940897.0,1941313.0,1941661.0,1942047.0,1942457.0,1942834.0,1943207.0,1943603.0,1944025.0,1944413.0,1944803.0,1945259.0,1945603.0,1945925.0,1946210.0,1946508.0,1946819.0,1947211.0,1947583.0,1947911.0,1948224.0,1948591.0,1948872.0,1949299.0,1949658.0,1950007.0,1950339.0,1950666.0,1951124.0,1951548.0,1951867.0,1952245.0,1952613.0,1953052.0,1953465.0,1953826.0,1954173.0,1954488.0,1954922.0,1955289.0,1955715.0,1956084.0,1956465.0,1956856.0,1957204.0,1957518.0,1957918.0,1958302.0,1958673.0,1959015.0,1959309.0,1959639.0,1960004.0,1960354.0,1960711.0,1961158.0,1961484.0,1961798.0,1962165.0,1962541.0,1962905.0,1963281.0,1963583.0,1963929.0,1964313.0,1964711.0,1965026.0,1965290.0,1965675.0,1966045.0,1966413.0,1966753.0,,1967486.0,1967859.0,1968257.0,1968594.0,1968931.0,1969247.0,1969602.0,1970006.0,1970375.0,1970720.0,1971052.0,1971394.0,1971721.0,1972062.0,1972429.0,1972816.0,1973205.0,1973554.0,1973942.0,1974322.0,1974636.0,1975021.0,1975394.0,1975733.0,1976089.0,1976414.0,1976724.0,1977037.0,1977317.0,1977669.0,1978061.0,1978426.0,1978820.0,1979096.0,1979464.0,1979775.0,1980120.0,1980436.0,1980765.0,1981062.0,1981380.0,1981678.0,1981960.0,1982272.0,1982636.0,1982947.0,1983299.0,1983633.0,1983993.0,1984367.0,1984670.0,1984963.0,1985293.0,1985582.0,1985885.0,1986176.0,1986508.0,1986807.0,1987134.0,1987422.0,1987771.0,1988046.0,1988416.0,1988739.0,1989093.0,1989429.0,1989767.0,1990105.0,1990382.0,1990690.0,1991026.0,1991308.0,1991646.0,1991982.0,1992270.0,1992595.0,1992951.0,1993275.0,1993616.0,1993940.0,1994290.0,1994580.0,1994892.0,1995254.0,1995517.0,1995872.0,1996247.0,1996651.0,1996990.0,1997369.0,1997716.0,1998061.0,1998361.0,1998740.0,1999077.0,1999423.0,1999769.0,2000134.0,2000531.0,2000900.0,2001256.0,2001594.0,2001901.0,2002245.0,2002571.0,2002905.0,2003281.0,2003640.0,2004002.0,2004289.0,2004607.0,2004908.0,2005239.0,2005639
xl8CkF1MEGU,130396.0,130439.0,130479.0,130517.0,130560.0,130611.0,130644.0,130692.0,130730.0,130764.0,130795.0,130843.0,130872.0,130925.0,130964.0,130997.0,131041.0,131076.0,131117.0,131155.0,131184.0,131235.0,131263.0,131311.0,131343.0,131380.0,131426.0,131471.0,131517.0,131563.0,131595.0,131622.0,131663.0,131690.0,131725.0,131767.0,131806.0,131834.0,131883.0,131943.0,132002.0,132041.0,132099.0,132137.0,132174.0,132204.0,132259.0,132298.0,132353.0,132393.0,132431.0,132469.0,132508.0,132551.0,132584.0,132613.0,132663.0,132744.0,132828.0,132846.0,132896.0,132958.0,133004.0,133043.0,133115.0,133139.0,133174.0,133225.0,133286.0,133341.0,133382.0,133405.0,133439.0,133473.0,133517.0,133566.0,133607.0,133647.0,133682.0,133723.0,133752.0,133784.0,133838.0,133879.0,133909.0,133946.0,133966.0,134004.0,134037.0,134070.0,134104.0,134136.0,134173.0,134209.0,134241.0,134281.0,134329.0,134361.0,134390.0,134434.0,134462.0,134489.0,134524.0,134565.0,134602.0,134644.0,134685.0,134732.0,134767.0,134801.0,134845.0,134893.0,134920.0,134960.0,134980.0,135026.0,135071.0,135103.0,135132.0,135171.0,135208.0,135241.0,135284.0,135312.0,135339.0,135370.0,135400.0,135430.0,135470.0,135491.0,135528.0,135575.0,135626.0,135695.0,,,,,,,,,135992.0,136018.0,136051.0,136084.0,136117.0,136160.0,136202.0,136242.0,136271.0,136292.0,136341.0,136360.0,136398.0,136448.0,136474.0,136490.0,136525.0,136549.0,136578.0,136621.0,136652.0,136682.0,136717.0,136740.0,136769.0,136805.0,136826.0,136853.0,136875.0,136895.0,136929.0,136974.0,137008.0,137033.0,137055.0,137085.0,137105.0,137143.0,137183.0,137216.0,137236.0,137267.0,137296.0,137319.0,137338.0,137369.0,137405.0,137444.0,137462.0,137477.0,137510.0,137535.0,137577.0,137595.0,137638.0,137672.0,137708.0,137728.0,137761.0,137788.0,137827.0,137849.0,137885.0,137918.0,137949.0,137987.0,138019.0,138050.0,138073.0,138098.0,138142.0,138174.0,138205.0,138252.0,138308.0,138349.0,138384.0,138418.0,138465.0,138494.0,138535.0,138564.0,138593.0,138623.0,138661.0,138694.0,138726.0,138752.0,138782.0,138820.0,138864.0,138930.0,138977.0,139019.0,139061.0,139105.0,139149.0,139193.0,139235.0,139269.0,139302.0,139346.0,139389.0,139423.0,139478.0,139510.0,139540.0,139582.0,139649.0,139727.0,139783.0,139851.0,139918.0,139993.0,140051.0,140117.0,140207.0,140280.0,140345.0,140444.0,140512.0,,140650.0,140731.0,140832.0,140915.0,141012.0,141062.0,141131.0,141209.0,141295.0,141402.0,141476.0,141544.0,141601.0,141663.0,141753.0,141841.0,141930.0,142032.0,142095.0,142193.0,142282.0,142380.0,142481.0,142583.0,142675.0,142741.0,142821.0,142896.0,142984.0,143083.0,143172.0,143258.0,143340.0,143395.0,143463.0,143524.0,143591.0,143660.0,143758.0,143842.0,143908.0,143990.0,144089.0,144179.0,144282.0,144426.0,144584.0,144724.0,144838.0,145013.0,145162.0,145332.0,145448.0,145564.0,145696.0,145813.0,146208.0,146364.0,146793.0,147333.0,147881.0,148317.0,148870.0,149902.0,151392.0,152738.0,153241.0,153805.0,154355.0,154992.0,155850.0,156908.0,157701.0,158848.0,159798.0,160709.0,162187.0,164482.0,168286.0,171979.0,176827.0,179789.0,182961.0,184721.0,186138.0,187037.0,187948.0,188733.0,189248.0,189677.0,190151.0,190707.0,191206.0,191712.0,192235.0,192605.0,192942.0,193293.0,193625.0,193917.0,194198.0,194437.0,194668.0,194871.0,195151.0,195458.0,195763.0,196034.0,196342.0,196596.0,196855.0,197142.0,197456.0,197754
AT4DrgSP0kw,114338.0,114416.0,114462.0,114504.0,114538.0,114580.0,114634.0,114690.0,114736.0,114785.0,114812.0,114867.0,114912.0,114972.0,115020.0,115065.0,115101.0,115147.0,115185.0,115229.0,115274.0,115328.0,115378.0,115423.0,115473.0,115524.0,115576.0,115617.0,115679.0,115729.0,115778.0,115811.0,115867.0,115936.0,115996.0,116060.0,116111.0,116152.0,116212.0,116261.0,116314.0,116353.0,116434.0,116489.0,116547.0,116589.0,116640.0,116690.0,116744.0,116806.0,116865.0,116906.0,116950.0,117006.0,117049.0,117107.0,117145.0,117212.0,117262.0,117301.0,117365.0,117413.0,117481.0,117542.0,117609.0,117667.0,117701.0,117758.0,117808.0,117864.0,117903.0,117941.0,118002.0,118039.0,118101.0,118139.0,118191.0,118232.0,118273.0,118325.0,118364.0,118419.0,118477.0,118518.0,118561.0,118614.0,118647.0,118675.0,118721.0,118765.0,118801.0,118853.0,118900.0,118948.0,118992.0,119030.0,119096.0,119141.0,119184.0,119245.0,119296.0,119338.0,119388.0,119443.0,119494.0,119547.0,119618.0,119660.0,119705.0,119775.0,119839.0,119902.0,119990.0,120054.0,120092.0,120137.0,120190.0,120249.0,120304.0,120367.0,120412.0,120459.0,120500.0,120554.0,120607.0,120650.0,120711.0,120755.0,120798.0,120833.0,120881.0,120920.0,120971.0,121022.0,,,,,,,,,121442.0,121468.0,121519.0,121564.0,121604.0,121678.0,121719.0,121769.0,121805.0,121848.0,121882.0,121918.0,121978.0,122013.0,122048.0,122072.0,122105.0,122154.0,122206.0,122256.0,122296.0,122332.0,122360.0,122398.0,122465.0,122524.0,122574.0,122636.0,122684.0,122720.0,122778.0,122838.0,122887.0,122941.0,122988.0,123035.0,123089.0,123144.0,123189.0,123244.0,123286.0,123321.0,123361.0,123396.0,123433.0,123475.0,123555.0,123599.0,123639.0,123680.0,123720.0,123775.0,123820.0,123866.0,123925.0,123983.0,124048.0,124133.0,124218.0,124296.0,124371.0,124415.0,124491.0,124553.0,124607.0,124684.0,124769.0,124845.0,124902.0,124977.0,125070.0,125181.0,125307.0,125453.0,125598.0,125727.0,125882.0,125966.0,126050.0,126212.0,126343.0,126451.0,126552.0,126669.0,126760.0,126842.0,126948.0,127054.0,127152.0,127263.0,127385.0,127457.0,127534.0,127635.0,127697.0,127773.0,127835.0,127931.0,127979.0,128023.0,128080.0,128153.0,128222.0,128277.0,128340.0,128450.0,128515.0,128575.0,128650.0,128738.0,128825.0,128940.0,129041.0,129167.0,129258.0,129355.0,129454.0,129556.0,129656.0,129794.0,129926.0,,130176.0,130314.0,130464.0,130575.0,130674.0,130793.0,130885.0,130999.0,131148.0,131329.0,131519.0,131654.0,131784.0,131903.0,132021.0,132178.0,132308.0,132446.0,132564.0,132654.0,132762.0,132887.0,132984.0,133095.0,133186.0,133270.0,133378.0,133486.0,133631.0,133782.0,133883.0,134006.0,134107.0,134244.0,134275.0,134352.0,134447.0,134530.0,134625.0,134722.0,134825.0,134914.0,135051.0,135214.0,135335.0,135516.0,135711.0,135863.0,136064.0,136303.0,136555.0,136736.0,136902.0,137140.0,137315.0,137519.0,137877.0,138083.0,138321.0,138610.0,138922.0,139123.0,139398.0,139804.0,140419.0,141403.0,141992.0,142461.0,142850.0,143540.0,144110.0,145175.0,146130.0,146839.0,148016.0,149381.0,151322.0,153093.0,155097.0,157606.0,160491.0,162224.0,164003.0,164539.0,165065.0,165615.0,166137.0,166460.0,166729.0,166991.0,167288.0,167552.0,167880.0,168356.0,168663.0,168878.0,169130.0,169342.0,169538.0,169760.0,169940.0,170168.0,170323.0,170455.0,170604.0,170768.0,170933.0,171063.0,171225.0,171314.0,171450.0,171573.0,171779.0,171960
0heWyFJ6bsA,1877916.0,1878378.0,1878799.0,1879214.0,1879656.0,1880102.0,1880611.0,1881132.0,1881575.0,1882084.0,1882510.0,1882952.0,1883431.0,1883840.0,1884301.0,1884794.0,1885247.0,1885673.0,1886109.0,1886496.0,1886892.0,1887336.0,1887773.0,1888256.0,1888630.0,1889055.0,1889514.0,1889982.0,1890351.0,1890852.0,1891208.0,1891738.0,1892148.0,1892595.0,1893016.0,1893414.0,1893864.0,1894320.0,1894707.0,1895167.0,1895591.0,1896052.0,1896434.0,1896909.0,1897325.0,1897757.0,1898173.0,1898655.0,1899112.0,1899634.0,1900123.0,1900593.0,1901146.0,1901636.0,1902167.0,1902697.0,1903214.0,1903703.0,1904133.0,1904528.0,1904929.0,1905466.0,1905885.0,1906316.0,1906810.0,1907228.0,1907592.0,1908026.0,1908404.0,1908937.0,1909343.0,1909785.0,1910212.0,1910637.0,1911067.0,1911501.0,1911982.0,1912460.0,1912947.0,1913374.0,1913788.0,1914202.0,1914664.0,1915127.0,1915657.0,1916132.0,1916619.0,1917043.0,1917584.0,1918025.0,1918486.0,1918912.0,1919327.0,1919758.0,1920195.0,1920641.0,1921034.0,1921451.0,1921924.0,1922423.0,1922821.0,1923216.0,1923662.0,1924111.0,1924533.0,1925076.0,1925508.0,1925918.0,1926317.0,1926742.0,1927135.0,1927513.0,1928017.0,1928443.0,1928904.0,1929279.0,1929714.0,1930168.0,1930673.0,1931124.0,1931627.0,1932006.0,1932443.0,1932864.0,1933334.0,1933849.0,1934248.0,1934816.0,1935290.0,1935765.0,1936189.0,1936669.0,1937134.0,1937541.0,,,,,,,,,1941401.0,1941856.0,1942208.0,1942649.0,1943025.0,1943382.0,1943820.0,1944145.0,1944602.0,1945003.0,1945350.0,1945727.0,1946121.0,1946445.0,1946741.0,1947109.0,1947451.0,1947801.0,1948171.0,1948558.0,1948923.0,1949246.0,1949679.0,1950021.0,1950403.0,1950769.0,1951122.0,1951522.0,1951869.0,1952279.0,1952722.0,1953160.0,1953637.0,1954037.0,1954459.0,1954862.0,1955224.0,1955632.0,1956059.0,1956540.0,1956961.0,1957356.0,1957809.0,1958168.0,1958593.0,1959054.0,1959488.0,1960009.0,1960502.0,1960913.0,1961343.0,1961699.0,1962092.0,1962567.0,1962973.0,1963415.0,1963902.0,1964330.0,1964772.0,1965260.0,1965621.0,1965933.0,1966266.0,1966636.0,1966962.0,1967355.0,1967752.0,1968148.0,1968503.0,1968870.0,1969214.0,1969574.0,1969953.0,1970349.0,1970700.0,1971130.0,1971478.0,1971863.0,1972218.0,1972605.0,1972933.0,1973277.0,1973834.0,1974257.0,1974657.0,1975017.0,1975412.0,1975795.0,1976171.0,1976518.0,1976998.0,1977403.0,1977726.0,1978064.0,1978473.0,1978889.0,1979321.0,1979672.0,1980048.0,1980411.0,1980757.0,1981064.0,1981464.0,1981821.0,1982203.0,1982532.0,1982897.0,1983218.0,1983614.0,1983972.0,1984337.0,1984682.0,1985006.0,1985337.0,1985654.0,1985972.0,1986320.0,1986733.0,1987131.0,1987435.0,1987811.0,,1988552.0,1988926.0,1989306.0,1989643.0,1990064.0,1990377.0,1990731.0,1991093.0,1991433.0,1991795.0,1992174.0,1992535.0,1992912.0,1993206.0,1993586.0,1993890.0,1994301.0,1994734.0,1995082.0,1995503.0,1995860.0,1996323.0,1996683.0,1997092.0,1997442.0,1997845.0,1998154.0,1998520.0,1998911.0,1999340.0,1999699.0,2000066.0,2000478.0,2000820.0,2001197.0,2001552.0,2001930.0,2002300.0,2002640.0,2002965.0,2003340.0,2003658.0,2004004.0,2004317.0,2004639.0,2005010.0,2005374.0,2005698.0,2006047.0,2006471.0,2006774.0,2007150.0,2007478.0,2007769.0,2008123.0,2008487.0,2008826.0,2009245.0,2009619.0,2009936.0,2010269.0,2010600.0,2010933.0,2011358.0,2011727.0,2012056.0,2012479.0,2012795.0,2013101.0,2013484.0,2013906.0,2014284.0,2014613.0,2015063.0,2015413.0,2015773.0,2016287.0,2016673.0,2017117.0,2017477.0,2017935.0,2018350.0,2018752.0,2019135.0,2019548.0,2019913.0,2020247.0,2020712.0,2021080.0,2021424.0,2021812.0,2022242.0,2022652.0,2023159.0,2023689.0,2024258.0,2024723.0,2025280.0,2025801.0,2026349.0,2026901.0,2027512.0,2027975.0,2028405.0,2028903.0,2029412.0,2029856.0,2030247.0,2030663.0,2031032.0,2031405.0,2031752.0,2032194.0,2032598
JLJ4NA5nzC4,153522.0,153561.0,153612.0,153660.0,153711.0,153760.0,153810.0,153872.0,153923.0,153977.0,154047.0,154092.0,154155.0,154216.0,154276.0,154339.0,154397.0,154475.0,154515.0,154567.0,154622.0,154676.0,154730.0,154766.0,154816.0,154887.0,154954.0,155002.0,155056.0,155100.0,155141.0,155174.0,155217.0,155258.0,155303.0,155357.0,155399.0,155432.0,155470.0,155497.0,155527.0,155567.0,155605.0,155642.0,155685.0,155721.0,155760.0,155788.0,155828.0,155864.0,155900.0,155929.0,155977.0,156009.0,156068.0,156094.0,156133.0,156169.0,156193.0,156235.0,156266.0,156313.0,156375.0,156427.0,156478.0,156501.0,156545.0,156590.0,156627.0,156671.0,156706.0,156760.0,156793.0,156848.0,156891.0,156932.0,156988.0,157027.0,157093.0,157147.0,157212.0,157250.0,157290.0,157320.0,157351.0,157389.0,157443.0,157506.0,157551.0,157597.0,157645.0,157711.0,157770.0,157821.0,157878.0,157933.0,157996.0,158058.0,158110.0,158166.0,158228.0,158273.0,158310.0,158358.0,158400.0,158438.0,158482.0,158527.0,158561.0,158608.0,158649.0,158708.0,158756.0,158793.0,158831.0,158881.0,158933.0,158974.0,159019.0,159066.0,159106.0,159169.0,159213.0,159254.0,159285.0,159343.0,159389.0,159424.0,159475.0,159531.0,159573.0,159602.0,159646.0,159694.0,,,,,,,,,160020.0,160050.0,160075.0,160107.0,160143.0,160167.0,160193.0,160223.0,160257.0,160292.0,160334.0,160366.0,160393.0,160415.0,160446.0,160464.0,160490.0,160515.0,160542.0,160553.0,160584.0,160598.0,160617.0,160636.0,160664.0,160691.0,160717.0,160730.0,160760.0,160788.0,160802.0,160833.0,160870.0,160899.0,160930.0,160950.0,160978.0,161001.0,161020.0,161055.0,161092.0,161126.0,161152.0,161173.0,161201.0,161231.0,161252.0,161272.0,161297.0,161320.0,161347.0,161375.0,161402.0,161420.0,161449.0,161478.0,161505.0,161518.0,161534.0,161556.0,161581.0,161598.0,161629.0,161650.0,161670.0,161701.0,161719.0,161746.0,161773.0,161797.0,161812.0,161836.0,161857.0,161881.0,161910.0,161927.0,161959.0,161993.0,162021.0,162045.0,162062.0,162088.0,162113.0,162137.0,162165.0,162185.0,162215.0,162243.0,162270.0,162293.0,162311.0,162333.0,162359.0,162384.0,162411.0,162437.0,162461.0,162495.0,162517.0,162549.0,162567.0,162597.0,162624.0,162646.0,162668.0,162688.0,162719.0,162741.0,162763.0,162789.0,162812.0,162840.0,162857.0,162873.0,162895.0,162939.0,162967.0,163002.0,163038.0,163071.0,163107.0,,163172.0,163201.0,163229.0,163270.0,163295.0,163335.0,163368.0,163395.0,163419.0,163445.0,163480.0,163501.0,163525.0,163559.0,163592.0,163614.0,163645.0,163667.0,163701.0,163725.0,163751.0,163776.0,163804.0,163818.0,163850.0,163873.0,163895.0,163917.0,163944.0,163969.0,164009.0,164035.0,164065.0,164085.0,164119.0,164161.0,164196.0,164229.0,164267.0,164297.0,164321.0,164356.0,164392.0,164428.0,164465.0,164492.0,164527.0,164557.0,164600.0,164626.0,164665.0,164695.0,164718.0,164743.0,164775.0,164805.0,164834.0,164858.0,164885.0,164918.0,164940.0,164970.0,165002.0,165034.0,165068.0,165102.0,165142.0,165180.0,165219.0,165260.0,165303.0,165337.0,165375.0,165416.0,165446.0,165479.0,165524.0,165563.0,165621.0,165648.0,165670.0,165699.0,165738.0,165784.0,165832.0,165871.0,165912.0,165953.0,165985.0,166007.0,166047.0,166092.0,166136.0,166175.0,166228.0,166298.0,166361.0,166424.0,166487.0,166539.0,166604.0,166664.0,166708.0,166750.0,166799.0,166840.0,166891.0,166920.0,166947.0,166981.0,167017.0,167052.0,167085.0,167120
-lh4Z3BDl_M,25746.0,25896.0,26050.0,26160.0,26352.0,26541.0,26686.0,26830.0,26972.0,27091.0,27220.0,27389.0,27517.0,27679.0,27815.0,27958.0,28047.0,28186.0,28353.0,28493.0,28679.0,28871.0,29104.0,29212.0,29358.0,29510.0,29659.0,29785.0,29908.0,30061.0,30189.0,30284.0,30394.0,30510.0,30637.0,30748.0,30858.0,30953.0,31062.0,31187.0,31336.0,31471.0,31606.0,31746.0,31847.0,31954.0,32073.0,32241.0,32362.0,32518.0,32634.0,32740.0,32827.0,32906.0,33023.0,33119.0,33225.0,33334.0,33423.0,33508.0,33597.0,33679.0,33768.0,33882.0,34009.0,34110.0,34186.0,34307.0,34391.0,34522.0,34633.0,34732.0,34806.0,34878.0,34964.0,35056.0,35164.0,35273.0,35353.0,35432.0,35482.0,35562.0,35649.0,35729.0,35820.0,35903.0,35967.0,36016.0,36100.0,36185.0,36263.0,36365.0,36469.0,36532.0,36577.0,36674.0,36735.0,36817.0,36900.0,36983.0,37055.0,37110.0,37174.0,37247.0,37338.0,37422.0,37487.0,37545.0,37625.0,37709.0,37798.0,37875.0,37943.0,38023.0,38102.0,38190.0,38254.0,38345.0,38418.0,38492.0,38559.0,38661.0,38725.0,38784.0,38848.0,38911.0,38974.0,39048.0,39130.0,39190.0,39271.0,39343.0,39411.0,39477.0,,,,,,,,,40140.0,40184.0,40252.0,40330.0,40398.0,40477.0,40548.0,40605.0,40665.0,40733.0,40821.0,40916.0,41005.0,41072.0,41130.0,41190.0,41277.0,41355.0,41422.0,41493.0,41583.0,41649.0,41705.0,41782.0,41848.0,41914.0,41997.0,42091.0,42159.0,42235.0,42326.0,42400.0,42486.0,42573.0,42669.0,42756.0,42823.0,42906.0,42996.0,43076.0,43155.0,43285.0,43370.0,43428.0,43492.0,43598.0,43677.0,43784.0,43875.0,43951.0,44011.0,44105.0,44195.0,44271.0,44344.0,44438.0,44492.0,44550.0,44618.0,44687.0,44779.0,44825.0,44923.0,44981.0,45025.0,45111.0,45184.0,45282.0,45359.0,45450.0,45549.0,45614.0,45690.0,45791.0,45902.0,45996.0,46091.0,46210.0,46405.0,46665.0,46854.0,47007.0,47221.0,47407.0,47508.0,47615.0,47753.0,47870.0,48023.0,48164.0,48283.0,48396.0,48523.0,48687.0,48856.0,48999.0,49122.0,49263.0,49389.0,49485.0,49642.0,49757.0,49892.0,50019.0,50136.0,50213.0,50275.0,50385.0,50518.0,50613.0,50721.0,50815.0,50887.0,50966.0,51026.0,51077.0,51133.0,51218.0,51323.0,51399.0,51465.0,,51627.0,51713.0,51793.0,51888.0,51942.0,52002.0,52081.0,52153.0,52236.0,52325.0,52442.0,52507.0,52558.0,52629.0,52710.0,52772.0,52853.0,52933.0,52997.0,53047.0,53135.0,53253.0,53312.0,53410.0,53544.0,53636.0,53695.0,53779.0,53860.0,53951.0,54043.0,54127.0,54179.0,54238.0,54300.0,54372.0,54444.0,54525.0,54600.0,54658.0,54704.0,54776.0,54858.0,54923.0,54993.0,55069.0,55151.0,55232.0,55335.0,55493.0,55612.0,55735.0,55857.0,55962.0,56043.0,56140.0,56262.0,56343.0,56451.0,56587.0,56714.0,56807.0,56932.0,57051.0,57171.0,57304.0,57449.0,57544.0,57636.0,57778.0,57859.0,58012.0,58156.0,58315.0,58460.0,58593.0,58757.0,58902.0,59090.0,59295.0,59480.0,59627.0,59767.0,59884.0,59991.0,60118.0,60203.0,60314.0,60384.0,60452.0,60524.0,60626.0,60735.0,60835.0,60928.0,61016.0,61084.0,61171.0,61259.0,61331.0,61425.0,61521.0,61602.0,61663.0,61764.0,61833.0,61954.0,62037.0,62133.0,62228.0,62284.0,62385.0,62487.0,62574
Oj3NXemOayU,34727.0,34733.0,34758.0,34773.0,34788.0,34803.0,34818.0,34825.0,34835.0,34843.0,34850.0,34862.0,34870.0,34879.0,34887.0,34897.0,34911.0,34916.0,34922.0,34931.0,34936.0,34941.0,34955.0,34963.0,34970.0,34979.0,34987.0,34993.0,35001.0,35005.0,35018.0,35023.0,35029.0,35033.0,35042.0,35046.0,35046.0,35059.0,35061.0,35067.0,35069.0,35071.0,35076.0,35078.0,35085.0,35088.0,35092.0,35093.0,35099.0,35103.0,35107.0,35111.0,35117.0,35119.0,35123.0,35130.0,35134.0,35135.0,35139.0,35149.0,35152.0,35158.0,35166.0,35171.0,35179.0,35183.0,35205.0,35209.0,35211.0,35215.0,35221.0,35230.0,35234.0,35241.0,35244.0,35244.0,35249.0,35253.0,35257.0,35264.0,35270.0,35275.0,35280.0,35283.0,35290.0,35295.0,35302.0,35308.0,35311.0,35314.0,35314.0,35320.0,35322.0,35323.0,35325.0,35333.0,35343.0,35347.0,35353.0,35362.0,35367.0,35370.0,35373.0,35375.0,35378.0,35385.0,35386.0,35393.0,35395.0,35398.0,35406.0,35410.0,35414.0,35417.0,35422.0,35426.0,35428.0,35432.0,35431.0,35431.0,35434.0,35436.0,35440.0,35443.0,35449.0,35450.0,35452.0,35456.0,35464.0,35469.0,35477.0,35481.0,35483.0,35486.0,,,,,,,,,35514.0,35514.0,35519.0,35525.0,35526.0,35539.0,35563.0,35567.0,35572.0,35575.0,35576.0,35576.0,35578.0,35584.0,35587.0,35591.0,35595.0,35599.0,35606.0,35610.0,35610.0,35612.0,35616.0,35617.0,35623.0,35627.0,35631.0,35638.0,35649.0,35657.0,35665.0,35668.0,35668.0,35675.0,35677.0,35681.0,35682.0,35686.0,35691.0,35694.0,35696.0,35698.0,35704.0,35707.0,35707.0,35708.0,35714.0,35716.0,35722.0,35724.0,35726.0,35734.0,35736.0,35736.0,35736.0,35737.0,35739.0,35741.0,35744.0,35747.0,35753.0,35756.0,35759.0,35765.0,35768.0,35773.0,35777.0,35781.0,35783.0,35785.0,35789.0,35794.0,35798.0,35801.0,35803.0,35808.0,35819.0,35827.0,35836.0,35838.0,35840.0,35843.0,35851.0,35856.0,35861.0,35865.0,35867.0,35870.0,35873.0,35876.0,35879.0,35881.0,35881.0,35885.0,35888.0,35890.0,35892.0,35894.0,35900.0,35906.0,35908.0,35909.0,35911.0,35916.0,35919.0,35921.0,35922.0,35924.0,35926.0,35929.0,35934.0,35936.0,35939.0,35938.0,35943.0,35944.0,35947.0,35953.0,35957.0,35961.0,35965.0,,35972.0,35972.0,35979.0,35984.0,35984.0,35987.0,35993.0,35995.0,36001.0,36007.0,36011.0,36016.0,36021.0,36026.0,36027.0,36030.0,36032.0,36037.0,36040.0,36051.0,36051.0,36052.0,36058.0,36064.0,36069.0,36070.0,36072.0,36073.0,36075.0,36077.0,36079.0,36080.0,36082.0,36089.0,36090.0,36094.0,36094.0,36100.0,36111.0,36119.0,36122.0,36125.0,36128.0,36128.0,36129.0,36129.0,36129.0,36132.0,36136.0,36137.0,36139.0,36145.0,36148.0,36151.0,36154.0,36156.0,36157.0,36158.0,36160.0,36162.0,36164.0,36167.0,36170.0,36174.0,36176.0,36179.0,36181.0,36182.0,36184.0,36188.0,36190.0,36191.0,36193.0,36196.0,36198.0,36200.0,36205.0,36208.0,36213.0,36215.0,36218.0,36221.0,36226.0,36230.0,36259.0,36266.0,36272.0,36274.0,36275.0,36278.0,36281.0,36300.0,36309.0,36312.0,36313.0,36316.0,36318.0,36318.0,36319.0,36324.0,36325.0,36326.0,36327.0,36329.0,36332.0,36333.0,36334.0,36334.0,36335.0,36339.0,36344.0,36345.0,36346.0,36347
6D-Tqvj3wSg,209762.0,209787.0,209825.0,209859.0,209902.0,209939.0,209990.0,210019.0,210050.0,210079.0,210126.0,210167.0,210198.0,210241.0,210267.0,210301.0,210331.0,210374.0,210404.0,210446.0,210497.0,210539.0,210581.0,210613.0,210671.0,210728.0,210776.0,210815.0,210857.0,210891.0,210926.0,210961.0,210995.0,211032.0,211070.0,211116.0,211157.0,211187.0,211209.0,211238.0,211282.0,211312.0,211341.0,211379.0,211403.0,211457.0,211496.0,211542.0,211564.0,211604.0,211633.0,211667.0,211685.0,211721.0,211760.0,211796.0,211819.0,211854.0,211889.0,211934.0,211971.0,212005.0,212034.0,212059.0,212090.0,212126.0,212165.0,212200.0,212221.0,212252.0,212288.0,212319.0,212356.0,212385.0,212421.0,212464.0,212496.0,212544.0,212591.0,212632.0,212660.0,212693.0,212733.0,212758.0,212784.0,212814.0,212828.0,212865.0,212884.0,212908.0,212934.0,212960.0,212981.0,213017.0,213038.0,213059.0,213094.0,213134.0,213157.0,213181.0,213212.0,213250.0,213281.0,213305.0,213336.0,213374.0,213401.0,213426.0,213466.0,213482.0,213509.0,213541.0,213571.0,213597.0,213621.0,213654.0,213674.0,213698.0,213729.0,213766.0,213788.0,213814.0,213840.0,213873.0,213898.0,213932.0,213954.0,213980.0,214005.0,214029.0,214062.0,214076.0,214099.0,214116.0,,,,,,,,,214325.0,214363.0,214389.0,214420.0,214440.0,214464.0,214494.0,214525.0,214553.0,214594.0,214614.0,214643.0,214667.0,214689.0,214719.0,214751.0,214780.0,214806.0,214848.0,214866.0,214897.0,214920.0,214949.0,214977.0,214997.0,215013.0,215038.0,215070.0,215101.0,215141.0,215171.0,215188.0,215207.0,215219.0,215240.0,215261.0,215294.0,215321.0,215347.0,215379.0,215400.0,215421.0,215450.0,215480.0,215499.0,215527.0,215542.0,215564.0,215583.0,215604.0,215627.0,215652.0,215678.0,215720.0,215749.0,215763.0,215785.0,215801.0,215826.0,215858.0,215889.0,215909.0,215925.0,215953.0,215979.0,216005.0,216035.0,216063.0,216080.0,216104.0,216124.0,216140.0,216161.0,216172.0,216207.0,216224.0,216245.0,216275.0,216294.0,216323.0,216344.0,216359.0,216381.0,216411.0,216437.0,216464.0,216486.0,216508.0,216536.0,216549.0,216576.0,216610.0,216647.0,216675.0,216699.0,216723.0,216745.0,216769.0,216809.0,216839.0,216863.0,216894.0,216919.0,216931.0,216961.0,216992.0,217016.0,217035.0,217061.0,217077.0,217090.0,217103.0,217123.0,217147.0,217177.0,217201.0,217216.0,217254.0,217287.0,217312.0,217348.0,,217394.0,217427.0,217457.0,217484.0,217506.0,217543.0,217568.0,217583.0,217602.0,217625.0,217652.0,217672.0,217699.0,217729.0,217756.0,217785.0,217818.0,217865.0,217885.0,217908.0,217925.0,217950.0,217968.0,217996.0,218021.0,218049.0,218080.0,218099.0,218121.0,218138.0,218159.0,218182.0,218205.0,218226.0,218258.0,218281.0,218300.0,218324.0,218358.0,218391.0,218414.0,218448.0,218474.0,218495.0,218518.0,218535.0,218555.0,218581.0,218610.0,218634.0,218655.0,218679.0,218704.0,218740.0,218767.0,218788.0,218807.0,218824.0,218842.0,218860.0,218885.0,218909.0,218924.0,218944.0,218975.0,219000.0,219028.0,219056.0,219086.0,219111.0,219134.0,219165.0,219196.0,219221.0,219248.0,219276.0,219313.0,219340.0,219369.0,219388.0,219423.0,219446.0,219466.0,219487.0,219515.0,219535.0,219561.0,219593.0,219626.0,219665.0,219691.0,219720.0,219752.0,219776.0,219806.0,219831.0,219847.0,219880.0,219899.0,219925.0,219946.0,219969.0,219984.0,220015.0,220033.0,220043.0,220066.0,220079.0,220101.0,220122.0,220136.0,220153.0,220181.0,220198
VH8hzixPD1g,73438.0,73513.0,73573.0,73633.0,73694.0,73778.0,73849.0,73939.0,73994.0,74071.0,74142.0,74227.0,74422.0,74548.0,74686.0,74787.0,74876.0,74971.0,75071.0,75206.0,75338.0,75446.0,75563.0,75663.0,75731.0,75840.0,75967.0,76075.0,76171.0,76339.0,76438.0,76532.0,76629.0,76722.0,76842.0,76940.0,77049.0,77139.0,77217.0,77309.0,77408.0,77532.0,77662.0,77790.0,77892.0,77992.0,78099.0,78213.0,78313.0,78402.0,78496.0,78575.0,78650.0,78761.0,78867.0,78949.0,79018.0,79102.0,79198.0,79293.0,79387.0,79496.0,79588.0,79708.0,79841.0,79937.0,80013.0,80096.0,80176.0,80270.0,80366.0,80447.0,80524.0,80608.0,80683.0,80770.0,80852.0,80921.0,81015.0,81092.0,81147.0,81225.0,81314.0,81405.0,81512.0,81609.0,81684.0,81761.0,81838.0,81923.0,81997.0,82078.0,82165.0,82229.0,82307.0,82395.0,82491.0,82579.0,82694.0,82811.0,82904.0,82993.0,83092.0,83199.0,83331.0,83478.0,83580.0,83718.0,83799.0,83875.0,83914.0,84013.0,84118.0,84184.0,84257.0,84328.0,84441.0,84518.0,84586.0,84668.0,84753.0,84819.0,84866.0,84931.0,84989.0,85061.0,85132.0,85210.0,85259.0,85309.0,85355.0,85397.0,85470.0,85538.0,,,,,,,,,86183.0,86238.0,86297.0,86370.0,86446.0,86524.0,86569.0,86619.0,86682.0,86754.0,86818.0,86910.0,87014.0,87110.0,87184.0,87257.0,87334.0,87419.0,87485.0,87575.0,87638.0,87704.0,87750.0,87811.0,87870.0,87928.0,88001.0,88082.0,88145.0,88205.0,88288.0,88344.0,88402.0,88474.0,88534.0,88598.0,88659.0,88730.0,88802.0,88873.0,88939.0,89006.0,89088.0,89139.0,89195.0,89257.0,89334.0,89386.0,89460.0,89523.0,89587.0,89638.0,89715.0,89776.0,89847.0,89907.0,89945.0,89993.0,90053.0,90113.0,90174.0,90230.0,90282.0,90338.0,90375.0,90443.0,90513.0,90566.0,90616.0,90670.0,90723.0,90768.0,90839.0,90905.0,90971.0,91025.0,91074.0,91131.0,91184.0,91241.0,91303.0,91382.0,91461.0,91551.0,91614.0,91681.0,91739.0,91813.0,91892.0,91960.0,92023.0,92080.0,92113.0,92162.0,92218.0,92279.0,92333.0,92397.0,92436.0,92490.0,92551.0,92600.0,92654.0,92713.0,92756.0,92796.0,92835.0,92872.0,92916.0,92953.0,93000.0,93047.0,93091.0,93118.0,93143.0,93190.0,93230.0,93262.0,93315.0,93350.0,93384.0,,93439.0,93496.0,93528.0,93583.0,93613.0,93644.0,93683.0,93720.0,93750.0,93795.0,93827.0,93872.0,93906.0,93935.0,93998.0,94050.0,94107.0,94176.0,94215.0,94248.0,94319.0,94364.0,94410.0,94456.0,94494.0,94530.0,94564.0,94645.0,94707.0,94750.0,94805.0,94853.0,94895.0,94927.0,94971.0,95038.0,95089.0,95133.0,95157.0,95184.0,95218.0,95247.0,95282.0,95321.0,95361.0,95395.0,95476.0,95543.0,95648.0,95762.0,95832.0,95885.0,95975.0,96015.0,96057.0,96092.0,96141.0,96184.0,96232.0,96275.0,96308.0,96343.0,96379.0,96437.0,96486.0,96562.0,96668.0,96741.0,96806.0,96882.0,96947.0,97024.0,97109.0,97190.0,97256.0,97339.0,97421.0,97489.0,97567.0,97647.0,97705.0,97776.0,97816.0,97862.0,97930.0,97984.0,98032.0,98077.0,98134.0,98195.0,98246.0,98319.0,98390.0,98451.0,98518.0,98599.0,98670.0,98744.0,98829.0,98900.0,98973.0,99029.0,99094.0,99151.0,99199.0,99255.0,99311.0,99354.0,99388.0,99433.0,99466.0,99501.0,99569.0,99612
hytcxvCz_08,53618.0,53743.0,53861.0,53959.0,54047.0,54189.0,54300.0,54431.0,54567.0,54682.0,54787.0,54896.0,55044.0,55191.0,55400.0,55576.0,55767.0,55944.0,56124.0,56331.0,56496.0,56714.0,56916.0,57071.0,57212.0,57329.0,57471.0,57603.0,57779.0,57978.0,58126.0,58246.0,58406.0,58551.0,58667.0,58786.0,58927.0,59037.0,59137.0,59245.0,59332.0,59453.0,59589.0,59725.0,59794.0,59885.0,59954.0,60067.0,60164.0,60280.0,60405.0,60500.0,60613.0,60725.0,60842.0,60962.0,61085.0,61191.0,61295.0,61388.0,61510.0,61653.0,61756.0,61871.0,61988.0,62077.0,62167.0,62275.0,62385.0,62493.0,62618.0,62744.0,62828.0,62956.0,63058.0,63190.0,63328.0,63460.0,63583.0,63699.0,63804.0,63936.0,64079.0,64195.0,64292.0,64452.0,64593.0,64715.0,64830.0,65008.0,65175.0,65310.0,65415.0,65505.0,65597.0,65703.0,65801.0,65937.0,66055.0,66212.0,66319.0,66430.0,66517.0,66635.0,66727.0,66865.0,66980.0,67127.0,67227.0,67334.0,67432.0,67530.0,67662.0,67769.0,67904.0,68001.0,68102.0,68237.0,68345.0,68447.0,68560.0,68667.0,68784.0,68920.0,69022.0,69145.0,69268.0,69401.0,69493.0,69572.0,69667.0,69766.0,69884.0,69973.0,,,,,,,,,71094.0,71181.0,71256.0,71356.0,71488.0,71639.0,71774.0,71865.0,72011.0,72144.0,72301.0,72500.0,72705.0,72961.0,73141.0,73298.0,73474.0,73615.0,73749.0,73874.0,73974.0,74077.0,74154.0,74241.0,74336.0,74440.0,74547.0,74636.0,74720.0,74803.0,74889.0,74979.0,75060.0,75166.0,75252.0,75354.0,75437.0,75538.0,75652.0,75773.0,75863.0,75958.0,76048.0,76144.0,76223.0,76313.0,76409.0,76513.0,76611.0,76691.0,76774.0,76851.0,76950.0,77025.0,77140.0,77240.0,77341.0,77434.0,77510.0,77623.0,77709.0,77776.0,77857.0,77914.0,77975.0,78050.0,78165.0,78281.0,78358.0,78437.0,78514.0,78588.0,78671.0,78776.0,78853.0,78949.0,79045.0,79130.0,79213.0,79317.0,79410.0,79522.0,79632.0,79796.0,79923.0,80027.0,80125.0,80239.0,80373.0,80474.0,80583.0,80686.0,80781.0,80884.0,81003.0,81099.0,81218.0,81353.0,81464.0,81527.0,81622.0,81726.0,81856.0,81978.0,82062.0,82149.0,82214.0,82298.0,82408.0,82513.0,82606.0,82727.0,82810.0,82860.0,82910.0,82979.0,83051.0,83129.0,83170.0,83230.0,83271.0,,83397.0,83462.0,83526.0,83596.0,83664.0,83694.0,83732.0,83793.0,83835.0,83885.0,83945.0,84010.0,84054.0,84120.0,84156.0,84209.0,84275.0,84343.0,84393.0,84444.0,84480.0,84544.0,84619.0,84675.0,84718.0,84760.0,84800.0,84841.0,84899.0,84943.0,84999.0,85036.0,85094.0,85147.0,85197.0,85251.0,85334.0,85399.0,85470.0,85529.0,85571.0,85599.0,85639.0,85706.0,85761.0,85831.0,85974.0,86119.0,86271.0,86439.0,86627.0,86763.0,86928.0,87078.0,87184.0,87308.0,87466.0,87567.0,87669.0,87758.0,87830.0,87882.0,87965.0,88080.0,88219.0,88347.0,88575.0,88724.0,88853.0,89025.0,89198.0,89338.0,89477.0,89636.0,89783.0,89939.0,90087.0,90215.0,90377.0,90510.0,90649.0,90772.0,90872.0,90936.0,91004.0,91093.0,91144.0,91204.0,91280.0,91346.0,91420.0,91491.0,91571.0,91655.0,91735.0,91810.0,91876.0,91947.0,92022.0,92105.0,92186.0,92265.0,92333.0,92418.0,92508.0,92592.0,92699.0,92790.0,92861.0,92933.0,92990.0,93044.0,93121.0,93210
8UAUGM2drPM,703351.0,703483.0,703602.0,703729.0,703866.0,703979.0,704111.0,704224.0,704380.0,704513.0,704668.0,704792.0,704942.0,705068.0,705196.0,705311.0,705473.0,705628.0,705778.0,705903.0,706025.0,706141.0,706260.0,706391.0,706534.0,706670.0,706812.0,706936.0,707072.0,707214.0,707328.0,707475.0,707612.0,707743.0,707895.0,708015.0,708171.0,708337.0,708494.0,708653.0,708839.0,709012.0,709197.0,709341.0,709515.0,709653.0,709790.0,709931.0,710070.0,710216.0,710330.0,710460.0,710609.0,710712.0,710838.0,710990.0,711096.0,711239.0,711387.0,711531.0,711646.0,711790.0,711937.0,712073.0,712225.0,712358.0,712470.0,712616.0,712746.0,712913.0,713022.0,713152.0,713286.0,713418.0,713541.0,713647.0,713803.0,713949.0,714082.0,714225.0,714369.0,714543.0,714686.0,714810.0,714942.0,715062.0,715234.0,715392.0,715518.0,715644.0,715758.0,715861.0,715969.0,716075.0,716204.0,716341.0,716448.0,716553.0,716668.0,716767.0,716877.0,716983.0,717107.0,717228.0,717353.0,717478.0,717599.0,717735.0,717865.0,717976.0,718092.0,718248.0,718362.0,718533.0,718759.0,719005.0,719203.0,719369.0,719546.0,719748.0,719916.0,720134.0,720352.0,720545.0,720684.0,720809.0,720979.0,721136.0,721319.0,721496.0,721684.0,721804.0,721930.0,722070.0,,,,,,,,,723305.0,723449.0,723621.0,723722.0,723850.0,723980.0,724121.0,724247.0,724383.0,724516.0,724643.0,724724.0,724824.0,724942.0,725058.0,725180.0,725289.0,725400.0,725494.0,725576.0,725670.0,725758.0,725856.0,725930.0,726038.0,726117.0,726227.0,726335.0,726461.0,726562.0,726652.0,726738.0,726814.0,726872.0,726957.0,727055.0,727141.0,727237.0,727331.0,727414.0,727493.0,727568.0,727669.0,727784.0,727864.0,727987.0,728079.0,728172.0,728276.0,728375.0,728461.0,728561.0,728651.0,728754.0,728852.0,728939.0,729048.0,729172.0,729284.0,729393.0,729503.0,729579.0,729662.0,729755.0,729862.0,729936.0,730031.0,730164.0,730247.0,730329.0,730436.0,730544.0,730622.0,730706.0,730791.0,730876.0,730960.0,731039.0,731106.0,731188.0,731262.0,731323.0,731388.0,731467.0,731544.0,731623.0,731704.0,731787.0,731862.0,731936.0,732015.0,732095.0,732192.0,732284.0,732348.0,732441.0,732512.0,732601.0,732711.0,732812.0,732908.0,733008.0,733084.0,733162.0,733246.0,733329.0,733399.0,733472.0,733561.0,733653.0,733726.0,733807.0,733885.0,733962.0,734040.0,734153.0,734224.0,734313.0,734413.0,734492.0,734580.0,,734770.0,734861.0,734993.0,735086.0,735194.0,735325.0,735421.0,735525.0,735601.0,735702.0,735804.0,735885.0,736020.0,736139.0,736238.0,736366.0,736508.0,736682.0,736852.0,737010.0,737124.0,737264.0,737406.0,737546.0,737651.0,737753.0,737874.0,737976.0,738064.0,738151.0,738248.0,738343.0,738451.0,738526.0,738625.0,738729.0,738819.0,738911.0,739003.0,739125.0,739228.0,739310.0,739408.0,739495.0,739579.0,739669.0,739744.0,739855.0,739924.0,739999.0,740087.0,740173.0,740243.0,740318.0,740406.0,740484.0,740560.0,740625.0,740723.0,740808.0,740917.0,741015.0,741118.0,741195.0,741269.0,741332.0,741399.0,741472.0,741539.0,741618.0,741705.0,741786.0,741876.0,741949.0,742026.0,742113.0,742188.0,742262.0,742332.0,742411.0,742502.0,742588.0,742680.0,742761.0,742847.0,742910.0,742985.0,743069.0,743122.0,743201.0,743254.0,743317.0,743386.0,743461.0,743527.0,743594.0,743694.0,743757.0,743820.0,743886.0,743958.0,744028.0,744097.0,744153.0,744203.0,744263.0,744337.0,744412.0,744481.0,744542.0,744666.0,744730.0,744790.0,744860
2Hc1OjFxv-M,27100505.0,27103875.0,27107777.0,27111580.0,27115669.0,27119810.0,27123636.0,27127752.0,27132428.0,27137144.0,27141895.0,27146341.0,27150776.0,27155336.0,27159893.0,27164278.0,27168874.0,27173366.0,27177822.0,27181761.0,27186056.0,27190568.0,27195008.0,27199167.0,27203444.0,27207820.0,27212364.0,27216920.0,27220751.0,27224200.0,27228103.0,27232114.0,27236096.0,27240080.0,27243986.0,27247917.0,27252040.0,27256818.0,27261512.0,27266040.0,27270920.0,27276408.0,27281841.0,27287001.0,27291855.0,27296233.0,27300840.0,27305573.0,27310327.0,27314531.0,27318593.0,27323070.0,27327188.0,27331158.0,27335682.0,27340361.0,27345029.0,27349739.0,27354751.0,27359380.0,27363678.0,27368342.0,27372920.0,27377706.0,27382403.0,27387115.0,27391734.0,27396198.0,27400114.0,27405354.0,27409861.0,27414411.0,27419260.0,27424230.0,27429306.0,27434032.0,27438787.0,27443596.0,27448575.0,27453372.0,27457947.0,27462530.0,27466793.0,27471455.0,27475751.0,27480034.0,27484248.0,27488584.0,27493008.0,27497033.0,27501067.0,27504936.0,27508872.0,27513430.0,27517921.0,27521964.0,27526003.0,27529880.0,27533922.0,27537806.0,27541782.0,27545669.0,27549270.0,27552807.0,27556697.0,27560412.0,27564135.0,27567890.0,27571922.0,27575443.0,27578909.0,27582527.0,27586044.0,27590000.0,27594771.0,27599854.0,27604316.0,27608691.0,27613199.0,27617462.0,27621803.0,27626280.0,27630574.0,27634423.0,27638446.0,27642473.0,27646627.0,27650895.0,27655652.0,27660288.0,27664628.0,27668654.0,27672840.0,27676539.0,,,,,,,,,27715485.0,27721025.0,27726018.0,27730688.0,27735788.0,27740980.0,27746287.0,27751683.0,27757786.0,27763138.0,27768292.0,27773541.0,27778865.0,27784176.0,27790009.0,27795763.0,27800972.0,27806107.0,27811144.0,27815252.0,27819385.0,27823811.0,27828003.0,27831918.0,27835581.0,27839406.0,27843325.0,27847645.0,27852095.0,27856367.0,27860292.0,27864215.0,27867905.0,27871582.0,27875252.0,27879027.0,27882814.0,27886273.0,27889944.0,27893637.0,27897422.0,27901052.0,27904944.0,27908622.0,27912213.0,27915756.0,27919340.0,27922908.0,27926534.0,27930137.0,27933802.0,27937017.0,27940392.0,27944052.0,27947813.0,27951627.0,27955569.0,27959358.0,27963180.0,27967322.0,27971714.0,27975461.0,27978625.0,27982343.0,27986082.0,27989773.0,27993877.0,27997983.0,28001774.0,28005012.0,28008856.0,28012620.0,28016375.0,28020043.0,28023779.0,28027518.0,28031532.0,28035448.0,28039134.0,28042475.0,28045829.0,28049225.0,28052927.0,28056681.0,28060636.0,28064738.0,28068091.0,28071524.0,28074917.0,28078460.0,28082078.0,28085898.0,28089766.0,28093681.0,28097614.0,28101512.0,28105511.0,28109619.0,28113846.0,28117993.0,28121949.0,28125547.0,28129266.0,28132925.0,28136765.0,28140955.0,28144969.0,28148530.0,28152058.0,28155649.0,28159272.0,28162763.0,28166294.0,28169844.0,28173538.0,28177329.0,28180717.0,28184132.0,28187547.0,28191241.0,28195022.0,,28201506.0,28204769.0,28208163.0,28211454.0,28215159.0,28218724.0,28222016.0,28225077.0,28228160.0,28231281.0,28234389.0,28237779.0,28240990.0,28243891.0,28246799.0,28249828.0,28253232.0,28258035.0,28262957.0,28267929.0,28272454.0,28276698.0,28280907.0,28285829.0,28290246.0,28294575.0,28298962.0,28303073.0,28307077.0,28311230.0,28315289.0,28319500.0,28323840.0,28327903.0,28332043.0,28336138.0,28340021.0,28344265.0,28348564.0,28352825.0,28357439.0,28361700.0,28365547.0,28369197.0,28372877.0,28376597.0,28380460.0,28384214.0,28387784.0,28391327.0,28394738.0,28398258.0,28401845.0,28405375.0,28409164.0,28412743.0,28416418.0,28419982.0,28423442.0,28426594.0,28430035.0,28433591.0,28436772.0,28439700.0,28442977.0,28446112.0,28449268.0,28452374.0,28455300.0,28458203.0,28461097.0,28463889.0,28466760.0,28469559.0,28472839.0,28476160.0,28479265.0,28482214.0,28485209.0,28488112.0,28491093.0,28494038.0,28497065.0,28499898.0,28502618.0,28505419.0,28508186.0,28510995.0,28513974.0,28517040.0,28519953.0,28522734.0,28525351.0,28528038.0,28530792.0,28533649.0,28536440.0,28539164.0,28541765.0,28544419.0,28547077.0,28549845.0,28552653.0,28555370.0,28557906.0,28560574.0,28563287.0,28565935.0,28568488.0,28571218.0,28573798.0,28576466.0,28579079.0,28581591
hwHmAtSeAbo,119860.0,119884.0,119903.0,119924.0,119935.0,119949.0,119965.0,119982.0,119996.0,120014.0,120039.0,120055.0,120125.0,120186.0,120258.0,120302.0,120331.0,120348.0,120364.0,120385.0,120403.0,120420.0,120441.0,120456.0,120475.0,120495.0,120526.0,120542.0,120560.0,120573.0,120597.0,120640.0,120674.0,120711.0,120741.0,120761.0,120820.0,120844.0,120872.0,120909.0,120936.0,120964.0,121001.0,121039.0,121080.0,121100.0,121124.0,121153.0,121178.0,121199.0,121226.0,121252.0,121286.0,121329.0,121371.0,121414.0,121447.0,121479.0,121514.0,121550.0,121595.0,121646.0,121684.0,121709.0,121735.0,121759.0,121773.0,121796.0,121827.0,121866.0,121887.0,121910.0,121940.0,121967.0,121989.0,122012.0,122039.0,122060.0,122073.0,122091.0,122111.0,122129.0,122149.0,122160.0,122183.0,122197.0,122215.0,122231.0,122244.0,122256.0,122279.0,122296.0,122316.0,122339.0,122363.0,122376.0,122396.0,122407.0,122419.0,122429.0,122440.0,122458.0,122470.0,122481.0,122506.0,122524.0,122537.0,122555.0,122572.0,122582.0,122593.0,122603.0,122617.0,122627.0,122638.0,122660.0,122672.0,122685.0,122699.0,122711.0,122728.0,122756.0,122769.0,122782.0,122805.0,122826.0,122848.0,122854.0,122873.0,122886.0,122908.0,122929.0,122945.0,122960.0,,,,,,,,,123107.0,123121.0,123136.0,123149.0,123164.0,123179.0,123193.0,123206.0,123221.0,123238.0,123272.0,123297.0,123316.0,123329.0,123350.0,123373.0,123391.0,123409.0,123418.0,123430.0,123440.0,123454.0,123475.0,123482.0,123493.0,123500.0,123505.0,123510.0,123524.0,123532.0,123543.0,123552.0,123558.0,123572.0,123582.0,123596.0,123605.0,123612.0,123631.0,123636.0,123645.0,123653.0,123667.0,123679.0,123693.0,123701.0,123713.0,123734.0,123746.0,123753.0,123765.0,123780.0,123789.0,123797.0,123806.0,123810.0,123830.0,123849.0,123859.0,123873.0,123884.0,123903.0,123920.0,123950.0,123969.0,123980.0,123994.0,124012.0,124026.0,124034.0,124049.0,124066.0,124078.0,124091.0,124100.0,124109.0,124118.0,124131.0,124149.0,124162.0,124184.0,124193.0,124204.0,124215.0,124229.0,124244.0,124252.0,124257.0,124268.0,124274.0,124281.0,124300.0,124314.0,124331.0,124342.0,124356.0,124370.0,124382.0,124395.0,124414.0,124425.0,124440.0,124455.0,124466.0,124477.0,124492.0,124504.0,124518.0,124526.0,124532.0,124542.0,124552.0,124561.0,124570.0,124581.0,124589.0,124596.0,124608.0,124627.0,124634.0,124654.0,,124677.0,124701.0,124719.0,124728.0,124746.0,124762.0,124774.0,124788.0,124805.0,124820.0,124830.0,124848.0,124856.0,124876.0,124889.0,124906.0,124914.0,124931.0,124940.0,124956.0,124968.0,124987.0,125001.0,125022.0,125032.0,125052.0,125061.0,125070.0,125078.0,125091.0,125101.0,125110.0,125120.0,125131.0,125134.0,125148.0,125161.0,125180.0,125192.0,125197.0,125206.0,125216.0,125219.0,125241.0,125257.0,125264.0,125280.0,125294.0,125309.0,125317.0,125326.0,125329.0,125342.0,125352.0,125363.0,125374.0,125385.0,125391.0,125397.0,125410.0,125416.0,125423.0,125435.0,125442.0,125458.0,125467.0,125476.0,125482.0,125492.0,125505.0,125519.0,125531.0,125538.0,125546.0,125564.0,125579.0,125585.0,125597.0,125607.0,125620.0,125628.0,125636.0,125650.0,125661.0,125673.0,125686.0,125697.0,125717.0,125741.0,125750.0,125757.0,125763.0,125769.0,125782.0,125794.0,125806.0,125821.0,125837.0,125855.0,125862.0,125870.0,125882.0,125894.0,125909.0,125915.0,125928.0,125938.0,125946.0,125964.0,125981.0,126005.0,126018.0,126027.0,126044
gvw87mowRsc,4565362.0,4569203.0,4573228.0,4577498.0,4581927.0,4586275.0,4590448.0,4594629.0,4599480.0,4604493.0,4609389.0,4613837.0,4618551.0,4623471.0,4628611.0,4633332.0,4638494.0,4643415.0,4648267.0,4653135.0,4657969.0,4662667.0,4667305.0,4671850.0,4676576.0,4681256.0,4686126.0,4691236.0,4696271.0,4701076.0,4705539.0,4710051.0,4714864.0,4720574.0,4725898.0,4730891.0,4735760.0,4740565.0,4745361.0,4750514.0,4756079.0,4761727.0,4767017.0,4771884.0,4777334.0,4782407.0,4787388.0,4792813.0,4797964.0,4803015.0,4807775.0,4812916.0,4817585.0,4822282.0,4828042.0,4833594.0,4838722.0,4843499.0,4848363.0,4853141.0,4857378.0,4862235.0,4867161.0,4872001.0,4876727.0,4881448.0,4886284.0,4890887.0,4895318.0,4900590.0,4905050.0,4909478.0,4914661.0,4919831.0,4924892.0,4929978.0,4935611.0,4940766.0,4946163.0,4951627.0,4957654.0,4963728.0,4969765.0,4975895.0,4982241.0,4988891.0,4995392.0,5001887.0,5008380.0,5014311.0,5020288.0,5026614.0,5032876.0,5039058.0,5045091.0,5051105.0,5056450.0,5061782.0,5067221.0,5072581.0,5078027.0,5083341.0,5088290.0,5093157.0,5098473.0,5103745.0,5109025.0,5114258.0,5119701.0,5125286.0,5130727.0,5136179.0,5141215.0,5146952.0,5153981.0,5160915.0,5168023.0,5174829.0,5181915.0,5189415.0,5196758.0,5203773.0,5211017.0,5217611.0,5224409.0,5231303.0,5237990.0,5245325.0,5252514.0,5259418.0,5266058.0,5272739.0,5279544.0,5285898.0,,,,,,,,,5340967.0,5346999.0,5352744.0,5358493.0,5363954.0,5369181.0,5374321.0,5379574.0,5385251.0,5390049.0,5394843.0,5399349.0,5404447.0,5409391.0,5414239.0,5418928.0,5423216.0,5427594.0,5432079.0,5436483.0,5440791.0,5445662.0,5450492.0,5454709.0,5459185.0,5463480.0,5467905.0,5472447.0,5477046.0,5481497.0,5485662.0,5490070.0,5494344.0,5498931.0,5503348.0,5507519.0,5511869.0,5516135.0,5520603.0,5525011.0,5529460.0,5534049.0,5538751.0,5543524.0,5548002.0,5552538.0,5557138.0,5561870.0,5566522.0,5571233.0,5575628.0,5580097.0,5584440.0,5588874.0,5593340.0,5598005.0,5602534.0,5606922.0,5611729.0,5616639.0,5621642.0,5626377.0,5630360.0,5634504.0,5638752.0,5643151.0,5647978.0,5652596.0,5656821.0,5660406.0,5664651.0,5669054.0,5673474.0,5677940.0,5682317.0,5686391.0,5690866.0,5695546.0,5700099.0,5704215.0,5708128.0,5712171.0,5716428.0,5721175.0,5725664.0,5730334.0,5734671.0,5739051.0,5743274.0,5747561.0,5752164.0,5757280.0,5762269.0,5766842.0,5771502.0,5776479.0,5781712.0,5786625.0,5791862.0,5796877.0,5801501.0,5806082.0,5810616.0,5814903.0,5819288.0,5823792.0,5828147.0,5832554.0,5836786.0,5841153.0,5845175.0,5849093.0,5853290.0,5857519.0,5861681.0,5866016.0,5870423.0,5874521.0,5878540.0,5882666.0,5886878.0,,5894365.0,5898349.0,5902580.0,5906707.0,5910817.0,5915042.0,5919291.0,5923499.0,5927407.0,5931879.0,5936601.0,5941026.0,5945551.0,5949897.0,5954147.0,5958998.0,5964156.0,5970316.0,5976566.0,5982534.0,5988129.0,5993667.0,5999074.0,6005344.0,6010907.0,6015960.0,6020866.0,6026068.0,6031270.0,6036228.0,6041123.0,6046030.0,6050970.0,6055685.0,6060752.0,6065780.0,6071001.0,6076736.0,6082027.0,6087342.0,6092929.0,6098566.0,6103718.0,6108291.0,6113078.0,6117999.0,6122756.0,6127183.0,6131487.0,6135666.0,6139490.0,6143519.0,6147416.0,6151393.0,6155070.0,6158844.0,6163166.0,6167249.0,6171065.0,6174931.0,6178916.0,6183202.0,6187174.0,6190942.0,6194882.0,6198979.0,6202939.0,6207031.0,6211220.0,6215523.0,6219553.0,6223389.0,6227531.0,6231914.0,6236547.0,6241045.0,6245637.0,6250023.0,6254351.0,6258383.0,6262625.0,6266778.0,6270958.0,6275100.0,6279109.0,6283247.0,6287431.0,6291433.0,6295690.0,6299814.0,6303814.0,6307578.0,6311254.0,6315207.0,6319034.0,6322951.0,6326821.0,6330715.0,6334634.0,6338326.0,6341947.0,6346031.0,6349977.0,6353860.0,6357651.0,6361485.0,6365279.0,6369189.0,6372987.0,6376610.0,6380223.0,6383734.0,6387592.0,6391414
tFlnUa_0AGU,7127.0,7134.0,7146.0,7150.0,7162.0,7173.0,7192.0,7205.0,7220.0,7230.0,7241.0,7247.0,7261.0,7273.0,7289.0,7314.0,7330.0,7343.0,7351.0,7369.0,7378.0,7398.0,7410.0,7424.0,7442.0,7466.0,7476.0,7485.0,7500.0,7524.0,7538.0,7551.0,7570.0,7578.0,7586.0,7601.0,7618.0,7634.0,7642.0,7655.0,7668.0,7684.0,7699.0,7714.0,7728.0,7734.0,7746.0,7758.0,7769.0,7784.0,7791.0,7798.0,7812.0,7825.0,7843.0,7854.0,7865.0,7882.0,7894.0,7905.0,7917.0,7935.0,7948.0,7966.0,7978.0,7991.0,7995.0,8003.0,8015.0,8029.0,8047.0,8059.0,8071.0,8080.0,8089.0,8098.0,8109.0,8120.0,8137.0,8149.0,8163.0,8177.0,8202.0,8218.0,8240.0,8251.0,8273.0,8283.0,8298.0,8308.0,8320.0,8341.0,8354.0,8375.0,8381.0,8396.0,8413.0,8424.0,8447.0,8475.0,8499.0,8503.0,8503.0,8503.0,8503.0,8503.0,8503.0,8503.0,8503.0,8503.0,8503.0,8503.0,8503.0,8503.0,8503.0,8503.0,8503.0,8503.0,8503.0,8503.0,8503.0,8503.0,8503.0,8503.0,8503.0,8503.0,8503.0,8503.0,8503.0,8503.0,8503.0,8503.0,8503.0,8503.0,,,,,,,,,8503.0,8503.0,8503.0,8503.0,8503.0,8503.0,8503.0,8503.0,8503.0,8503.0,8503.0,8503.0,8503.0,8503.0,8503.0,8503.0,8503.0,8503.0,8503.0,8503.0,8503.0,8503.0,8503.0,8503.0,8503.0,8503.0,8503.0,8503.0,8503.0,8503.0,8503.0,8503.0,8503.0,8503.0,8503.0,8503.0,8503.0,8503.0,8503.0,8503.0,8503.0,8503.0,8503.0,8503.0,8503.0,8503.0,8503.0,8503.0,8503.0,8503.0,8503.0,8503.0,8503.0,8503.0,8503.0,8503.0,8503.0,8503.0,8503.0,8503.0,8503.0,8503.0,8503.0,8503.0,8503.0,8503.0,8503.0,8503.0,8503.0,8503.0,8503.0,8503.0,8503.0,8503.0,8503.0,8503.0,8503.0,8503.0,8503.0,8503.0,8503.0,8503.0,8503.0,8503.0,8503.0,8503.0,8503.0,8503.0,8503.0,8503.0,8503.0,8503.0,8503.0,8503.0,8503.0,8503.0,8503.0,8503.0,8503.0,8503.0,8503.0,8503.0,8503.0,8503.0,8503.0,8503.0,8503.0,8503.0,8503.0,8503.0,8503.0,8503.0,8503.0,8503.0,8503.0,8503.0,8503.0,8503.0,8503.0,8503.0,8503.0,,8503.0,8503.0,8503.0,8503.0,8503.0,8503.0,8503.0,8503.0,8503.0,8503.0,8503.0,8503.0,8503.0,8503.0,8503.0,8503.0,8503.0,8503.0,8503.0,8503.0,8503.0,8503.0,8503.0,8503.0,8503.0,8503.0,8503.0,8503.0,8503.0,8503.0,8503.0,8503.0,8503.0,8503.0,8503.0,8503.0,8503.0,8503.0,8503.0,8503.0,8503.0,8503.0,8503.0,8503.0,8503.0,8503.0,8503.0,8503.0,8503.0,8503.0,8503.0,8503.0,8503.0,8503.0,8503.0,8503.0,8503.0,8503.0,8503.0,8503.0,8503.0,8503.0,8503.0,8503.0,8503.0,8503.0,8503.0,8503.0,8503.0,8503.0,8503.0,8503.0,8503.0,8503.0,8503.0,8503.0,8503.0,8503.0,8503.0,8503.0,8503.0,8503.0,8503.0,8503.0,8503.0,8503.0,8503.0,8503.0,8503.0,8503.0,8503.0,8503.0,8503.0,8503.0,8503.0,8503.0,8503.0,8503.0,8503.0,8503.0,8503.0,8503.0,8503.0,8503.0,8503.0,8503.0,8503.0,8503.0,8503.0,8503.0,8503.0,8503.0,8503.0,8503
ORXsG4Ix_O4,11393.0,11395.0,11398.0,11403.0,11407.0,11416.0,11419.0,11424.0,11429.0,11432.0,11442.0,11450.0,11459.0,11463.0,11465.0,11467.0,11492.0,11497.0,11504.0,11511.0,11519.0,11522.0,11527.0,11528.0,11535.0,11540.0,11542.0,11547.0,11558.0,11565.0,11567.0,11576.0,11586.0,11595.0,11612.0,11622.0,11626.0,11635.0,11640.0,11646.0,11655.0,11658.0,11661.0,11666.0,11669.0,11673.0,11677.0,11680.0,11684.0,11688.0,11694.0,11703.0,11713.0,11714.0,11715.0,11716.0,11719.0,11723.0,11727.0,11730.0,11735.0,11737.0,11738.0,11740.0,11742.0,11743.0,11746.0,11747.0,11750.0,11759.0,11765.0,11769.0,11782.0,11785.0,11791.0,11798.0,11804.0,11806.0,11807.0,11812.0,11815.0,11820.0,11823.0,11826.0,11832.0,11834.0,11835.0,11840.0,11842.0,11844.0,11847.0,11851.0,11853.0,11856.0,11861.0,11875.0,11879.0,11888.0,11899.0,11904.0,11909.0,11925.0,11934.0,11937.0,11947.0,11964.0,11974.0,11989.0,11996.0,12009.0,12014.0,12018.0,12029.0,12040.0,12066.0,12079.0,12087.0,12096.0,12108.0,12119.0,12131.0,12139.0,12147.0,12152.0,12166.0,12182.0,12197.0,12226.0,12260.0,12284.0,12310.0,12317.0,12331.0,12343.0,,,,,,,,,12484.0,12497.0,12507.0,12522.0,12534.0,12552.0,12566.0,12578.0,12587.0,12596.0,12605.0,12618.0,12631.0,12647.0,12660.0,12672.0,12678.0,12691.0,12701.0,12716.0,12726.0,12736.0,12749.0,12755.0,12770.0,12778.0,12782.0,12785.0,12796.0,12811.0,12831.0,12841.0,12847.0,12855.0,12863.0,12874.0,12884.0,12899.0,12917.0,12929.0,12945.0,12960.0,12969.0,13001.0,13017.0,13032.0,13053.0,13067.0,13072.0,13078.0,13080.0,13081.0,13085.0,13091.0,13099.0,13101.0,13109.0,13112.0,13112.0,13115.0,13121.0,13129.0,13131.0,13133.0,13136.0,13142.0,13146.0,13151.0,13156.0,13158.0,13162.0,13164.0,13166.0,13167.0,13172.0,13176.0,13177.0,13181.0,13183.0,13187.0,13191.0,13195.0,13198.0,13200.0,13203.0,13206.0,13210.0,13211.0,13214.0,13219.0,13220.0,13224.0,13226.0,13227.0,13230.0,13237.0,13240.0,13244.0,13250.0,13254.0,13258.0,13259.0,13264.0,13266.0,13267.0,13269.0,13270.0,13272.0,13273.0,13277.0,13279.0,13281.0,13283.0,13286.0,13287.0,13289.0,13291.0,13293.0,13295.0,13297.0,13298.0,,13301.0,13302.0,13302.0,13305.0,13307.0,13308.0,13311.0,13316.0,13317.0,13318.0,13322.0,13328.0,13330.0,13330.0,13333.0,13334.0,13334.0,13336.0,13338.0,13340.0,13340.0,13342.0,13343.0,13344.0,13351.0,13352.0,13358.0,13363.0,13366.0,13371.0,13377.0,13377.0,13381.0,13383.0,13385.0,13388.0,13393.0,13398.0,13398.0,13398.0,13399.0,13401.0,13402.0,13408.0,13409.0,13415.0,13420.0,13422.0,13423.0,13423.0,13426.0,13428.0,13430.0,13433.0,13434.0,13435.0,13437.0,13440.0,13443.0,13445.0,13446.0,13446.0,13446.0,13446.0,13448.0,13449.0,13450.0,13452.0,13454.0,13456.0,13457.0,13460.0,13463.0,13463.0,13464.0,13466.0,13467.0,13472.0,13475.0,13476.0,13478.0,13479.0,13481.0,13483.0,13484.0,13485.0,13486.0,13489.0,13489.0,13490.0,13492.0,13493.0,13494.0,13494.0,13495.0,13497.0,13496.0,13497.0,13498.0,13498.0,13499.0,13501.0,13502.0,13503.0,13506.0,13505.0,13507.0,13519.0,13523.0,13522.0,13523.0,13524.0,13524.0,13524
0C4XYj4jzlc,953.0,954.0,954.0,957.0,958.0,960.0,960.0,960.0,960.0,960.0,961.0,961.0,962.0,963.0,964.0,966.0,968.0,970.0,972.0,974.0,974.0,975.0,975.0,978.0,978.0,978.0,978.0,978.0,979.0,980.0,981.0,981.0,981.0,981.0,982.0,982.0,985.0,986.0,986.0,986.0,986.0,987.0,990.0,992.0,994.0,994.0,995.0,996.0,996.0,996.0,996.0,997.0,999.0,1000.0,1001.0,1002.0,1005.0,1005.0,1005.0,1007.0,1011.0,1012.0,1013.0,1017.0,1022.0,1022.0,1022.0,1025.0,1027.0,1026.0,1028.0,1031.0,1031.0,1031.0,1031.0,1032.0,1034.0,1035.0,1035.0,1035.0,1037.0,1037.0,1037.0,1039.0,1041.0,1041.0,1042.0,1045.0,1046.0,1046.0,1046.0,1047.0,1047.0,1048.0,1052.0,1054.0,1054.0,1059.0,1062.0,1061.0,1062.0,1062.0,1062.0,1062.0,1062.0,1062.0,1062.0,1062.0,1062.0,1062.0,1062.0,1062.0,1062.0,1062.0,1062.0,1062.0,1062.0,1062.0,1062.0,1062.0,1062.0,1062.0,1062.0,1062.0,1062.0,1062.0,1062.0,1062.0,1062.0,1062.0,1062.0,1062.0,1062.0,1062.0,,,,,,,,,1062.0,1062.0,1062.0,1062.0,1062.0,1062.0,1062.0,1062.0,1062.0,1062.0,1062.0,1062.0,1062.0,1062.0,1062.0,1062.0,1062.0,1062.0,1062.0,1062.0,1062.0,1062.0,1062.0,1062.0,1062.0,1062.0,1062.0,1062.0,1062.0,1062.0,1062.0,1062.0,1062.0,1062.0,1062.0,1062.0,1062.0,1062.0,1062.0,1062.0,1062.0,1062.0,1062.0,1062.0,1062.0,1062.0,1062.0,1062.0,1062.0,1062.0,1062.0,1062.0,1062.0,1062.0,1062.0,1062.0,1062.0,1062.0,1062.0,1062.0,1062.0,1062.0,1062.0,1062.0,1062.0,1062.0,1062.0,1062.0,1062.0,1062.0,1062.0,1062.0,1062.0,1062.0,1062.0,1062.0,1062.0,1062.0,1062.0,1062.0,1062.0,1062.0,1062.0,1062.0,1062.0,1062.0,1062.0,1062.0,1062.0,1062.0,1062.0,1062.0,1062.0,1062.0,1062.0,1062.0,1062.0,1062.0,1062.0,1062.0,1062.0,1062.0,1062.0,1062.0,1062.0,1062.0,1062.0,1062.0,1062.0,1062.0,1062.0,1062.0,1062.0,1062.0,1062.0,1062.0,1062.0,1062.0,1062.0,1062.0,1062.0,,1062.0,1062.0,1062.0,1062.0,1062.0,1062.0,1062.0,1062.0,1062.0,1062.0,1062.0,1062.0,1062.0,1062.0,1062.0,1062.0,1062.0,1062.0,1062.0,1062.0,1062.0,1062.0,1062.0,1062.0,1062.0,1062.0,1062.0,1062.0,1062.0,1062.0,1062.0,1062.0,1062.0,1062.0,1062.0,1062.0,1062.0,1062.0,1062.0,1062.0,1062.0,1062.0,1062.0,1062.0,1062.0,1062.0,1062.0,1062.0,1062.0,1062.0,1062.0,1062.0,1062.0,1062.0,1062.0,1062.0,1062.0,1062.0,1062.0,1062.0,1062.0,1062.0,1062.0,1062.0,1062.0,1062.0,1062.0,1062.0,1062.0,1062.0,1062.0,1062.0,1062.0,1062.0,1062.0,1062.0,1062.0,1062.0,1062.0,1062.0,1062.0,1062.0,1062.0,1062.0,1062.0,1062.0,1062.0,1062.0,1062.0,1062.0,1062.0,1062.0,1062.0,1062.0,1062.0,1062.0,1062.0,1062.0,1062.0,1062.0,1062.0,1062.0,1062.0,1062.0,1062.0,1062.0,1062.0,1062.0,1062.0,1062.0,1062.0,1062.0,1062.0,1062
9ZetFASnBC0,693421.0,693493.0,693573.0,693654.0,693727.0,693801.0,693870.0,693939.0,693997.0,694084.0,694153.0,694217.0,694292.0,694362.0,694442.0,694511.0,694583.0,694664.0,694722.0,694779.0,694846.0,694916.0,694988.0,695056.0,695099.0,695161.0,695219.0,695278.0,695357.0,695399.0,695465.0,695529.0,695592.0,695648.0,695703.0,695755.0,695893.0,696072.0,696156.0,696205.0,696273.0,696330.0,696387.0,696446.0,696522.0,696583.0,696644.0,696709.0,696768.0,696809.0,696905.0,697382.0,697899.0,698216.0,698371.0,698439.0,698500.0,698560.0,698616.0,698682.0,698742.0,698796.0,698849.0,698925.0,699001.0,699060.0,699121.0,699188.0,699228.0,699302.0,699361.0,699432.0,699497.0,699558.0,699632.0,699710.0,699790.0,699863.0,699939.0,699996.0,700057.0,700131.0,700214.0,700278.0,700338.0,700396.0,700434.0,700516.0,700571.0,700631.0,700709.0,700771.0,700843.0,700909.0,700985.0,701048.0,701113.0,701185.0,701255.0,701315.0,701359.0,701423.0,701474.0,701525.0,701585.0,701646.0,701722.0,701783.0,701844.0,701907.0,701977.0,702040.0,702108.0,702205.0,702283.0,702372.0,702452.0,702507.0,702573.0,702638.0,702710.0,702791.0,702855.0,702927.0,703005.0,703085.0,703180.0,703274.0,703346.0,703411.0,703480.0,703548.0,703628.0,703708.0,,,,,,,,,704370.0,704439.0,704502.0,704567.0,704624.0,704694.0,704760.0,704807.0,704871.0,704940.0,705005.0,705075.0,705144.0,705218.0,705280.0,705341.0,705402.0,705472.0,705543.0,705611.0,705657.0,705721.0,705781.0,705861.0,705943.0,706024.0,706077.0,706143.0,706207.0,706276.0,706341.0,706408.0,706467.0,706538.0,706580.0,706633.0,706702.0,706754.0,706813.0,706868.0,706974.0,707033.0,707104.0,707179.0,707261.0,707325.0,707396.0,707451.0,707514.0,707589.0,707651.0,707719.0,707771.0,707830.0,707905.0,707963.0,708010.0,708076.0,708134.0,708188.0,708235.0,708297.0,708361.0,708420.0,708480.0,708532.0,708574.0,708627.0,708695.0,708758.0,708831.0,708896.0,708952.0,709002.0,709082.0,709151.0,709219.0,709298.0,709368.0,709421.0,709492.0,709552.0,709620.0,709683.0,709738.0,709792.0,709860.0,709933.0,710008.0,710082.0,710152.0,710233.0,710317.0,710411.0,710498.0,710599.0,710700.0,710793.0,710890.0,710971.0,711079.0,711188.0,711266.0,711353.0,711416.0,711531.0,711640.0,711736.0,711804.0,711892.0,711983.0,712062.0,712141.0,712236.0,712327.0,712434.0,712541.0,712628.0,712763.0,712871.0,712970.0,,713155.0,713242.0,713331.0,713427.0,713511.0,713583.0,713671.0,713767.0,713828.0,713885.0,713958.0,714019.0,714077.0,714148.0,714199.0,714270.0,714348.0,714416.0,714489.0,714586.0,714659.0,714729.0,714801.0,714859.0,714913.0,714973.0,715021.0,715080.0,715163.0,715235.0,715296.0,715371.0,715452.0,715517.0,715576.0,715644.0,715715.0,715776.0,715859.0,715946.0,716014.0,716075.0,716131.0,716192.0,716261.0,716345.0,716431.0,716534.0,716622.0,716681.0,716768.0,716877.0,716957.0,717052.0,717130.0,717207.0,717279.0,717362.0,717427.0,717524.0,717595.0,717682.0,717784.0,717859.0,717950.0,718029.0,718116.0,718208.0,718302.0,718361.0,718429.0,718495.0,718577.0,718654.0,718743.0,718826.0,718911.0,719015.0,719103.0,719194.0,719295.0,719417.0,719504.0,719572.0,719652.0,719754.0,719836.0,719925.0,720007.0,720142.0,720214.0,720291.0,720389.0,720470.0,720538.0,720602.0,720674.0,720737.0,720815.0,720892.0,720954.0,721015.0,721094.0,721153.0,721199.0,721263.0,721329.0,721396.0,721454.0,721537.0,721588.0,721632.0,721685.0,721752
pdOfHUCoaTA,321060.0,321094.0,321135.0,321209.0,321256.0,321316.0,321360.0,321409.0,321462.0,321503.0,321557.0,321605.0,321672.0,321728.0,321788.0,321837.0,321885.0,321935.0,321997.0,322035.0,322090.0,322141.0,322194.0,322238.0,322294.0,322344.0,322392.0,322446.0,322503.0,322557.0,322611.0,322667.0,322721.0,322768.0,322818.0,322891.0,322947.0,323019.0,323062.0,323113.0,323161.0,323209.0,323265.0,323307.0,323351.0,323390.0,323438.0,323473.0,323515.0,323562.0,323613.0,323663.0,323723.0,323782.0,323829.0,323864.0,323910.0,323963.0,324011.0,324041.0,324078.0,324124.0,324185.0,324211.0,324259.0,324316.0,324369.0,324414.0,324454.0,324509.0,324538.0,324585.0,324625.0,324704.0,324737.0,324798.0,324854.0,324884.0,324930.0,324974.0,325018.0,325065.0,325116.0,325154.0,325199.0,325230.0,325275.0,325306.0,325344.0,325388.0,325429.0,325480.0,325514.0,325556.0,325592.0,325636.0,325670.0,325707.0,325748.0,325785.0,325815.0,325858.0,325887.0,325929.0,325977.0,326037.0,326084.0,326133.0,326169.0,326204.0,326250.0,326282.0,326318.0,326368.0,326414.0,326448.0,326486.0,326530.0,326579.0,326613.0,326641.0,326693.0,326730.0,326756.0,326794.0,326837.0,326872.0,326911.0,326955.0,327016.0,327054.0,327090.0,327138.0,327183.0,,,,,,,,,327527.0,327559.0,327593.0,327630.0,327673.0,327715.0,327755.0,327788.0,327826.0,327859.0,327906.0,327958.0,327991.0,328031.0,328082.0,328123.0,328157.0,328194.0,328227.0,328273.0,328306.0,328339.0,328395.0,328435.0,328481.0,328521.0,328553.0,328600.0,328639.0,328687.0,328726.0,328762.0,328785.0,328825.0,328863.0,328905.0,328946.0,328988.0,329034.0,329082.0,329127.0,329164.0,329198.0,329248.0,329288.0,329320.0,329373.0,329425.0,329461.0,329500.0,329538.0,329581.0,329628.0,329668.0,329694.0,329737.0,329777.0,329815.0,329851.0,329902.0,329933.0,329958.0,329992.0,330026.0,330062.0,330096.0,330124.0,330158.0,330192.0,330220.0,330268.0,330294.0,330340.0,330380.0,330422.0,330464.0,330506.0,330548.0,330589.0,330630.0,330666.0,330705.0,330750.0,330796.0,330840.0,330874.0,330901.0,330931.0,330955.0,330982.0,331034.0,331061.0,331129.0,331167.0,331206.0,331252.0,331298.0,331346.0,331374.0,331419.0,331460.0,331485.0,331519.0,331565.0,331605.0,331646.0,331689.0,331726.0,331756.0,331796.0,331827.0,331866.0,331904.0,331950.0,332004.0,332048.0,332092.0,332139.0,332188.0,332247.0,332291.0,,332368.0,332407.0,332439.0,332480.0,332529.0,332569.0,332595.0,332632.0,332663.0,332696.0,332726.0,332766.0,332804.0,332833.0,332868.0,332901.0,332941.0,332989.0,333038.0,333078.0,333107.0,333133.0,333169.0,333191.0,333235.0,333264.0,333292.0,333325.0,333351.0,333385.0,333418.0,333455.0,333484.0,333527.0,333554.0,333585.0,333613.0,333649.0,333670.0,333695.0,333737.0,333760.0,333797.0,333816.0,333848.0,333875.0,333901.0,333932.0,333959.0,333983.0,334008.0,334042.0,334067.0,334090.0,334111.0,334144.0,334167.0,334194.0,334228.0,334258.0,334294.0,334316.0,334346.0,334379.0,334411.0,334440.0,334462.0,334483.0,334503.0,334527.0,334550.0,334581.0,334607.0,334633.0,334670.0,334697.0,334727.0,334759.0,334785.0,334817.0,334847.0,334891.0,334924.0,334960.0,335001.0,335038.0,335064.0,335103.0,335139.0,335182.0,335214.0,335265.0,335308.0,335341.0,335385.0,335427.0,335465.0,335506.0,335549.0,335589.0,335620.0,335666.0,335690.0,335710.0,335738.0,335760.0,335780.0,335822.0,335845.0,335880.0,335913.0,335942.0,335969.0,336023
e3UrEz-KcXw,103236.0,103283.0,103319.0,103359.0,103401.0,103449.0,103491.0,103541.0,103587.0,103641.0,103691.0,103724.0,103764.0,103805.0,103871.0,103902.0,103944.0,103986.0,104031.0,104069.0,104100.0,104147.0,104173.0,104227.0,104262.0,104294.0,104328.0,104380.0,104438.0,104484.0,104510.0,104550.0,104595.0,104632.0,104677.0,104714.0,104757.0,104787.0,104835.0,104885.0,104920.0,104958.0,105003.0,105046.0,105090.0,105134.0,105156.0,105185.0,105214.0,105247.0,105280.0,105317.0,105345.0,105389.0,105427.0,105470.0,105514.0,105566.0,105601.0,105629.0,105656.0,105677.0,105716.0,105741.0,105760.0,105784.0,105817.0,105846.0,105869.0,105899.0,105935.0,105957.0,105983.0,106011.0,106046.0,106099.0,106132.0,106153.0,106168.0,106186.0,106223.0,106256.0,106279.0,106312.0,106339.0,106373.0,106398.0,106421.0,106458.0,106482.0,106497.0,106539.0,106561.0,106587.0,106619.0,106664.0,106700.0,106740.0,106785.0,106829.0,106853.0,106878.0,106902.0,106920.0,106948.0,106975.0,107010.0,107035.0,107059.0,107076.0,107097.0,107110.0,107130.0,107169.0,107207.0,107230.0,107258.0,107287.0,107311.0,107333.0,107358.0,107382.0,107406.0,107425.0,107453.0,107486.0,107514.0,107536.0,107556.0,107580.0,107610.0,107627.0,107663.0,107679.0,,,,,,,,,107864.0,107890.0,107908.0,107939.0,107961.0,107982.0,108005.0,108023.0,108042.0,108061.0,108079.0,108099.0,108134.0,108156.0,108180.0,108196.0,108214.0,108236.0,108250.0,108271.0,108299.0,108336.0,108358.0,108390.0,108422.0,108446.0,108485.0,108506.0,108523.0,108543.0,108570.0,108589.0,108607.0,108613.0,108638.0,108658.0,108676.0,108697.0,108717.0,108740.0,108775.0,108803.0,108825.0,108842.0,108858.0,108901.0,108940.0,108958.0,108991.0,109009.0,109029.0,109049.0,109070.0,109096.0,109114.0,109135.0,109152.0,109188.0,109217.0,109240.0,109285.0,109315.0,109336.0,109356.0,109373.0,109390.0,109409.0,109434.0,109456.0,109477.0,109492.0,109508.0,109529.0,109547.0,109581.0,109601.0,109627.0,109650.0,109672.0,109699.0,109725.0,109749.0,109775.0,109810.0,109827.0,109849.0,109867.0,109896.0,109914.0,109940.0,109958.0,109989.0,110021.0,110047.0,110062.0,110097.0,110130.0,110173.0,110202.0,110244.0,110266.0,110291.0,110321.0,110343.0,110375.0,110403.0,110428.0,110449.0,110473.0,110500.0,110519.0,110538.0,110559.0,110577.0,110606.0,110633.0,110659.0,110680.0,110707.0,110735.0,110757.0,,110812.0,110847.0,110863.0,110888.0,110922.0,110949.0,110977.0,110994.0,111023.0,111059.0,111092.0,111120.0,111155.0,111175.0,111201.0,111218.0,111243.0,111281.0,111310.0,111332.0,111359.0,111389.0,111408.0,111433.0,111457.0,111480.0,111509.0,111538.0,111558.0,111579.0,111604.0,111627.0,111648.0,111667.0,111681.0,111694.0,111714.0,111737.0,111769.0,111789.0,111805.0,111832.0,111858.0,111881.0,111898.0,111937.0,111963.0,111991.0,112017.0,112041.0,112070.0,112096.0,112111.0,112147.0,112169.0,112192.0,112203.0,112226.0,112244.0,112268.0,112304.0,112328.0,112348.0,112371.0,112393.0,112407.0,112428.0,112439.0,112459.0,112475.0,112495.0,112529.0,112560.0,112580.0,112604.0,112637.0,112660.0,112689.0,112719.0,112749.0,112770.0,112801.0,112829.0,112859.0,112886.0,112916.0,112948.0,112976.0,112999.0,113023.0,113054.0,113079.0,113115.0,113148.0,113182.0,113204.0,113230.0,113251.0,113270.0,113298.0,113330.0,113362.0,113392.0,113427.0,113470.0,113521.0,113563.0,113603.0,113647.0,113671.0,113685.0,113715.0,113740.0,113774
FUJ5GWZqhko,370484.0,370570.0,370677.0,370750.0,370850.0,370956.0,371041.0,371121.0,371219.0,371296.0,371402.0,371482.0,371552.0,371628.0,371716.0,371792.0,371897.0,372001.0,372083.0,372174.0,372267.0,372352.0,372429.0,372505.0,372595.0,372691.0,372769.0,372852.0,372936.0,373031.0,373108.0,373192.0,373276.0,373349.0,373442.0,373580.0,373702.0,373840.0,373929.0,374024.0,374126.0,374237.0,374337.0,374433.0,374536.0,374639.0,374739.0,374808.0,374907.0,375004.0,375086.0,375162.0,375224.0,375305.0,375402.0,375479.0,375570.0,375650.0,375759.0,375855.0,375944.0,376039.0,376126.0,376219.0,376299.0,376377.0,376446.0,376532.0,376624.0,376702.0,376787.0,376872.0,376951.0,377024.0,377088.0,377174.0,377257.0,377335.0,377419.0,377487.0,377554.0,377641.0,377725.0,377808.0,377874.0,377952.0,378035.0,378112.0,378177.0,378272.0,378343.0,378437.0,378516.0,378594.0,378666.0,378750.0,378853.0,378915.0,378984.0,379060.0,379147.0,379232.0,379339.0,379433.0,379527.0,379617.0,379716.0,379807.0,379928.0,380001.0,380094.0,380186.0,380284.0,380377.0,380481.0,380580.0,380665.0,380738.0,380829.0,380898.0,380998.0,381092.0,381200.0,381292.0,381384.0,381489.0,381608.0,381740.0,381855.0,381978.0,382065.0,382177.0,382290.0,382366.0,,,,,,,,,383187.0,383276.0,383367.0,383422.0,383516.0,383596.0,383690.0,383754.0,383828.0,383917.0,383989.0,384063.0,384124.0,384199.0,384268.0,384330.0,384432.0,384513.0,384590.0,384674.0,384760.0,384856.0,384945.0,385056.0,385159.0,385257.0,385328.0,385446.0,385533.0,385623.0,385718.0,385827.0,385913.0,385998.0,386077.0,386135.0,386208.0,386270.0,386337.0,386415.0,386493.0,386583.0,386671.0,386762.0,386828.0,386906.0,386992.0,387084.0,387185.0,387260.0,387326.0,387392.0,387465.0,387560.0,387622.0,387721.0,387790.0,387860.0,387947.0,388061.0,388130.0,388207.0,388286.0,388349.0,388419.0,388480.0,388549.0,388626.0,388678.0,388748.0,388812.0,388868.0,388927.0,389010.0,389076.0,389158.0,389247.0,389312.0,389376.0,389434.0,389504.0,389585.0,389675.0,389755.0,389840.0,389916.0,389994.0,390072.0,390150.0,390207.0,390310.0,390396.0,390471.0,390532.0,390606.0,390692.0,390813.0,390901.0,390988.0,391068.0,391140.0,391234.0,391323.0,391411.0,391507.0,391591.0,391683.0,391759.0,391822.0,391896.0,391984.0,392049.0,392132.0,392411.0,392777.0,393076.0,393253.0,393433.0,393614.0,393762.0,393921.0,,394154.0,394280.0,394375.0,394467.0,394564.0,394652.0,394738.0,394826.0,394905.0,394988.0,395074.0,395162.0,395243.0,395316.0,395388.0,395458.0,395529.0,395602.0,395689.0,395768.0,395840.0,395950.0,396035.0,396110.0,396189.0,396277.0,396357.0,396433.0,396499.0,396596.0,396669.0,396738.0,396812.0,396876.0,396937.0,397002.0,397062.0,397137.0,397204.0,397271.0,397337.0,397430.0,397490.0,397549.0,397628.0,397693.0,397754.0,397803.0,397885.0,397956.0,398036.0,398117.0,398177.0,398244.0,398293.0,398345.0,398421.0,398491.0,398574.0,398645.0,398699.0,398751.0,398810.0,398893.0,398981.0,399078.0,399133.0,399202.0,399263.0,399341.0,399417.0,399488.0,399561.0,399615.0,399680.0,399749.0,399823.0,399912.0,399995.0,400086.0,400149.0,400248.0,400313.0,400368.0,400438.0,400515.0,400593.0,400670.0,400720.0,400770.0,400841.0,400902.0,400970.0,401038.0,401104.0,401157.0,401209.0,401260.0,401321.0,401373.0,401436.0,401501.0,401558.0,401639.0,401685.0,401760.0,401833.0,401905.0,401965.0,402045.0,402104.0,402168.0,402224.0,402292
cd63grJpRqA,2396.0,2397.0,2398.0,2398.0,2401.0,2402.0,2402.0,2404.0,2405.0,2408.0,2409.0,2410.0,2410.0,2412.0,2413.0,2415.0,2415.0,2415.0,2415.0,2415.0,2415.0,2415.0,2415.0,2416.0,2421.0,2421.0,2423.0,2424.0,2424.0,2426.0,2428.0,2429.0,2429.0,2429.0,2430.0,2430.0,2432.0,2433.0,2433.0,2434.0,2435.0,2436.0,2438.0,2438.0,2438.0,2438.0,2438.0,2438.0,2438.0,2438.0,2438.0,2438.0,2438.0,2438.0,2438.0,2438.0,2438.0,2438.0,2438.0,2438.0,2438.0,2438.0,2438.0,2438.0,2438.0,2438.0,2438.0,2438.0,2438.0,2438.0,2438.0,2438.0,2438.0,2438.0,2438.0,2438.0,2438.0,2438.0,2438.0,2438.0,2438.0,2438.0,2438.0,2438.0,2438.0,2438.0,2438.0,2438.0,2438.0,2438.0,2438.0,2438.0,2438.0,2438.0,2438.0,2438.0,2438.0,2438.0,2438.0,2438.0,2438.0,2438.0,2438.0,2438.0,2438.0,2438.0,2438.0,2438.0,2438.0,2438.0,2438.0,2438.0,2438.0,2438.0,2438.0,2438.0,2438.0,2438.0,2438.0,2438.0,2438.0,2438.0,2438.0,2438.0,2438.0,2438.0,2438.0,2438.0,2438.0,2438.0,2438.0,2438.0,2438.0,2438.0,,,,,,,,,2438.0,2438.0,2438.0,2438.0,2438.0,2438.0,2438.0,2438.0,2438.0,2438.0,2438.0,2438.0,2438.0,2438.0,2438.0,2438.0,2438.0,2438.0,2438.0,2438.0,2438.0,2438.0,2438.0,2438.0,2438.0,2438.0,2438.0,2438.0,2438.0,2438.0,2438.0,2438.0,2438.0,2438.0,2438.0,2438.0,2438.0,2438.0,2438.0,2438.0,2438.0,2438.0,2438.0,2438.0,2438.0,2438.0,2438.0,2438.0,2438.0,2438.0,2438.0,2438.0,2438.0,2438.0,2438.0,2438.0,2438.0,2438.0,2438.0,2438.0,2438.0,2438.0,2438.0,2438.0,2438.0,2438.0,2438.0,2438.0,2438.0,2438.0,2438.0,2438.0,2438.0,2438.0,2438.0,2438.0,2438.0,2438.0,2438.0,2438.0,2438.0,2438.0,2438.0,2438.0,2438.0,2438.0,2438.0,2438.0,2438.0,2438.0,2438.0,2438.0,2438.0,2438.0,2438.0,2438.0,2438.0,2438.0,2438.0,2438.0,2438.0,2438.0,2438.0,2438.0,2438.0,2438.0,2438.0,2438.0,2438.0,2438.0,2438.0,2438.0,2438.0,2438.0,2438.0,2438.0,2438.0,2438.0,2438.0,2438.0,2438.0,,2438.0,2438.0,2438.0,2438.0,2438.0,2438.0,2438.0,2438.0,2438.0,2438.0,2438.0,2438.0,2438.0,2438.0,2438.0,2438.0,2438.0,2438.0,2438.0,2438.0,2438.0,2438.0,2438.0,2438.0,2438.0,2438.0,2438.0,2438.0,2438.0,2438.0,2438.0,2438.0,2438.0,2438.0,2438.0,2438.0,2438.0,2438.0,2438.0,2438.0,2438.0,2438.0,2438.0,2438.0,2438.0,2438.0,2438.0,2438.0,2438.0,2438.0,2438.0,2438.0,2438.0,2438.0,2438.0,2438.0,2438.0,2438.0,2438.0,2438.0,2438.0,2438.0,2438.0,2438.0,2438.0,2438.0,2438.0,2438.0,2438.0,2438.0,2438.0,2438.0,2438.0,2438.0,2438.0,2438.0,2438.0,2438.0,2438.0,2438.0,2438.0,2438.0,2438.0,2438.0,2438.0,2438.0,2438.0,2438.0,2438.0,2438.0,2438.0,2438.0,2438.0,2438.0,2438.0,2438.0,2438.0,2438.0,2438.0,2438.0,2438.0,2438.0,2438.0,2438.0,2438.0,2438.0,2438.0,2438.0,2438.0,2438.0,2438.0,2438.0,2438.0,2438
7ee1GixzpfQ,167637.0,167704.0,167769.0,167838.0,167917.0,168001.0,168085.0,168151.0,168221.0,168287.0,168356.0,168414.0,168476.0,168526.0,168569.0,168616.0,168664.0,168711.0,168769.0,168829.0,168886.0,168949.0,169008.0,169062.0,169104.0,169159.0,169215.0,169268.0,169343.0,169426.0,169479.0,169532.0,169596.0,169644.0,169703.0,169768.0,169819.0,169871.0,169897.0,169939.0,169987.0,170047.0,170095.0,170146.0,170195.0,170223.0,170269.0,170327.0,170401.0,170462.0,170523.0,170587.0,170632.0,170668.0,170713.0,170762.0,170811.0,170855.0,170901.0,170941.0,170987.0,171032.0,171096.0,171151.0,171200.0,171242.0,171279.0,171339.0,171394.0,171479.0,171531.0,171584.0,171628.0,171671.0,171719.0,171782.0,171829.0,171875.0,171938.0,171999.0,172045.0,172092.0,172156.0,172193.0,172233.0,172282.0,172320.0,172355.0,172414.0,172454.0,172492.0,172539.0,172600.0,172635.0,172676.0,172705.0,172741.0,172780.0,172837.0,172898.0,172945.0,172979.0,173021.0,173048.0,173085.0,173112.0,173150.0,173194.0,173217.0,173251.0,173292.0,173333.0,173374.0,173486.0,173644.0,173737.0,173877.0,174034.0,174164.0,174264.0,174377.0,174487.0,174571.0,174646.0,174734.0,174808.0,174957.0,175087.0,175202.0,175351.0,175467.0,175550.0,175651.0,175754.0,,,,,,,,,176639.0,176703.0,176773.0,176834.0,176926.0,177043.0,177121.0,177243.0,177387.0,177496.0,177615.0,177768.0,177942.0,178073.0,178168.0,178303.0,178423.0,178574.0,178728.0,178805.0,178851.0,178892.0,178932.0,178984.0,179040.0,179074.0,179119.0,179167.0,179200.0,179225.0,179265.0,179298.0,179330.0,179380.0,179408.0,179450.0,179486.0,179529.0,179564.0,179607.0,179659.0,179689.0,179719.0,179745.0,179801.0,179843.0,179882.0,179928.0,179979.0,180013.0,180041.0,180086.0,180136.0,180201.0,180240.0,180295.0,180325.0,180368.0,180423.0,180469.0,180511.0,180545.0,180587.0,180620.0,180654.0,180707.0,180771.0,180803.0,180834.0,180875.0,180928.0,180963.0,181011.0,181051.0,181094.0,181141.0,181185.0,181219.0,181256.0,181292.0,181343.0,181387.0,181420.0,181474.0,181500.0,181544.0,181584.0,181633.0,181663.0,181704.0,181753.0,181788.0,181824.0,181863.0,181907.0,181950.0,181995.0,182031.0,182066.0,182093.0,182123.0,182158.0,182202.0,182241.0,182284.0,182316.0,182346.0,182382.0,182417.0,182454.0,182499.0,182521.0,182550.0,182582.0,182606.0,182644.0,182676.0,182701.0,182726.0,182767.0,182790.0,,182859.0,182939.0,182993.0,183046.0,183097.0,183127.0,183150.0,183179.0,183228.0,183268.0,183322.0,183354.0,183380.0,183404.0,183439.0,183463.0,183491.0,183526.0,183569.0,183600.0,183630.0,183665.0,183707.0,183741.0,183794.0,183820.0,183848.0,183894.0,183933.0,183956.0,183985.0,184011.0,184030.0,184046.0,184069.0,184092.0,184115.0,184134.0,184160.0,184178.0,184192.0,184211.0,184235.0,184263.0,184290.0,184320.0,184356.0,184402.0,184475.0,184527.0,184599.0,184653.0,184712.0,184764.0,184803.0,184860.0,184916.0,184977.0,185012.0,185061.0,185107.0,185147.0,185185.0,185217.0,185263.0,185313.0,185400.0,185493.0,185576.0,185660.0,185730.0,185820.0,185896.0,186005.0,186090.0,186160.0,186243.0,186348.0,186464.0,186575.0,186665.0,186734.0,186818.0,186856.0,186896.0,186932.0,186967.0,186994.0,187020.0,187040.0,187077.0,187106.0,187137.0,187188.0,187233.0,187271.0,187303.0,187337.0,187370.0,187405.0,187436.0,187468.0,187499.0,187536.0,187581.0,187631.0,187670.0,187716.0,187764.0,187863.0,187911.0,187971.0,188019.0,188086
hN9Y0ViWu2k,152015.0,152419.0,152701.0,153039.0,153441.0,153823.0,154137.0,154543.0,154894.0,155267.0,155515.0,155855.0,156162.0,156449.0,156782.0,157139.0,157472.0,157793.0,158195.0,158509.0,158770.0,159144.0,159588.0,159935.0,160279.0,160806.0,161361.0,161957.0,162704.0,163594.0,164428.0,164954.0,165722.0,166654.0,167615.0,168535.0,169509.0,170204.0,170765.0,171422.0,172125.0,172713.0,173407.0,174024.0,174561.0,174978.0,175481.0,176012.0,176501.0,177034.0,177597.0,177981.0,178367.0,178731.0,179133.0,179456.0,179835.0,180253.0,180583.0,180904.0,181341.0,181816.0,182243.0,182610.0,182932.0,183246.0,183604.0,184119.0,184446.0,184928.0,185301.0,185579.0,185916.0,186186.0,186592.0,186882.0,187288.0,187688.0,188166.0,188564.0,188837.0,189185.0,189520.0,189816.0,190135.0,190452.0,190652.0,190849.0,191153.0,191428.0,191678.0,191987.0,192264.0,192617.0,192859.0,193100.0,193418.0,193688.0,193985.0,194298.0,194540.0,194787.0,195080.0,195358.0,195641.0,195881.0,196128.0,196358.0,196596.0,196924.0,197260.0,197565.0,197819.0,198127.0,198383.0,198595.0,198822.0,199063.0,199318.0,199534.0,199799.0,200058.0,200285.0,200525.0,200747.0,200999.0,201194.0,201441.0,201635.0,201817.0,201961.0,202085.0,202242.0,202442.0,,,,,,,,,204005.0,204137.0,204302.0,204458.0,204589.0,204746.0,204885.0,204979.0,205108.0,205219.0,205373.0,205505.0,205661.0,205803.0,205935.0,206067.0,206206.0,206318.0,206422.0,206555.0,206685.0,206795.0,206895.0,207011.0,207132.0,207268.0,207376.0,207511.0,207621.0,207735.0,207869.0,207981.0,208126.0,208253.0,208381.0,208493.0,208621.0,208753.0,208901.0,209030.0,209137.0,209280.0,209404.0,209491.0,209583.0,209733.0,209871.0,210003.0,210138.0,210252.0,210350.0,210456.0,210584.0,210727.0,210875.0,211007.0,211108.0,211239.0,211376.0,211493.0,211593.0,211771.0,211896.0,211984.0,212102.0,212202.0,212318.0,212440.0,212562.0,212677.0,212779.0,212886.0,212997.0,213133.0,213258.0,213385.0,213519.0,213649.0,213753.0,213875.0,213997.0,214148.0,214299.0,214477.0,214611.0,214736.0,214896.0,215043.0,215188.0,215340.0,215523.0,215744.0,215932.0,216160.0,216433.0,216709.0,217054.0,217389.0,217609.0,217817.0,218076.0,218333.0,218646.0,218911.0,219217.0,219459.0,219627.0,219899.0,220225.0,220449.0,220671.0,220849.0,220996.0,221148.0,221305.0,221437.0,221539.0,221674.0,221830.0,221939.0,222037.0,,222309.0,222478.0,222649.0,222812.0,222950.0,223079.0,223190.0,223332.0,223500.0,223679.0,223829.0,223979.0,224074.0,224194.0,224366.0,224495.0,224637.0,224777.0,224893.0,225002.0,225151.0,225314.0,225454.0,225593.0,225719.0,225803.0,225899.0,226030.0,226210.0,226357.0,226481.0,226608.0,226747.0,226844.0,226990.0,227116.0,227228.0,227337.0,227432.0,227520.0,227600.0,227702.0,227796.0,227906.0,227996.0,228090.0,228193.0,228315.0,228474.0,228601.0,228737.0,228871.0,228993.0,229100.0,229190.0,229284.0,229401.0,229490.0,229573.0,229637.0,229721.0,229770.0,229845.0,229934.0,230015.0,230132.0,230299.0,230436.0,230539.0,230668.0,230781.0,230927.0,231073.0,231227.0,231344.0,231459.0,231588.0,231686.0,231815.0,231926.0,232048.0,232169.0,232301.0,232402.0,232552.0,232671.0,232781.0,232888.0,232976.0,233035.0,233402.0,234322.0,235229.0,236517.0,237720.0,238931.0,239817.0,240992.0,242103.0,242864.0,243930.0,244782.0,245568.0,246144.0,246837.0,247640.0,248533.0,249296.0,249853.0,250643.0,251213.0,252057.0,252821.0,253529
AN8vTChKSeA,8931039.0,8938452.0,8945283.0,8952459.0,8960783.0,8969796.0,8978422.0,8986608.0,8994891.0,9001883.0,9008502.0,9019177.0,9029548.0,9040076.0,9049508.0,9058630.0,9066864.0,9074729.0,9084556.0,9094307.0,9103624.0,9113180.0,9121758.0,9128687.0,9135231.0,9143169.0,9150533.0,9158091.0,9166057.0,9174959.0,9182821.0,9189186.0,9197266.0,9205287.0,9213574.0,9221705.0,9230254.0,9237130.0,9243132.0,9250858.0,9258458.0,9266053.0,9273392.0,9281298.0,9288071.0,9294120.0,9301353.0,9309168.0,9317084.0,9324783.0,9332445.0,9339242.0,9345122.0,9352395.0,9359931.0,9367275.0,9374703.0,9382047.0,9388200.0,9394065.0,9401250.0,9408952.0,9416623.0,9424662.0,9432452.0,9439467.0,9445792.0,9453603.0,9460399.0,9468725.0,9476483.0,9484624.0,9493715.0,9503489.0,9514836.0,9525683.0,9537221.0,9548301.0,9559895.0,9570248.0,9579092.0,9589683.0,9599820.0,9610255.0,9620108.0,9630148.0,9638573.0,9646296.0,9655745.0,9665363.0,9675384.0,9684773.0,9694229.0,9702353.0,9709475.0,9718644.0,9727909.0,9736966.0,9745958.0,9754626.0,9761774.0,9768780.0,9777511.0,9787341.0,9796875.0,9806529.0,9817047.0,9825621.0,9833395.0,9843484.0,9852638.0,9861468.0,9870404.0,9879448.0,9887174.0,9893410.0,9902252.0,9910919.0,9919485.0,9928145.0,9935429.0,9942412.0,9948480.0,9954354.0,9960452.0,9967025.0,9973497.0,9980371.0,9986974.0,9992489.0,9999716.0,10007305.0,10014773.0,10022509.0,,,,,,,,,10087119.0,10093283.0,10100845.0,10108148.0,10115166.0,10123154.0,10130726.0,10137938.0,10145289.0,10153721.0,10162449.0,10171087.0,10180796.0,10190029.0,10197442.0,10203825.0,10212093.0,10221437.0,10230852.0,10240045.0,10248629.0,10256325.0,10262691.0,10270665.0,10278558.0,10286655.0,10294716.0,10303595.0,10311530.0,10318773.0,10327553.0,10336264.0,10344879.0,10353238.0,10361617.0,10368863.0,10375245.0,10383133.0,10391587.0,10400636.0,10409325.0,10417506.0,10424662.0,10431075.0,10439066.0,10447203.0,10455539.0,10463402.0,10471057.0,10477186.0,10482836.0,10489776.0,10496686.0,10504089.0,10511562.0,10518905.0,10524964.0,10530741.0,10538020.0,10545296.0,10552356.0,10557687.0,10564229.0,10570338.0,10575641.0,10582508.0,10590238.0,10597690.0,10603062.0,10610087.0,10616191.0,10621769.0,10629015.0,10636226.0,10643433.0,10650514.0,10657868.0,10663673.0,10668972.0,10675694.0,10682566.0,10688806.0,10696288.0,10703464.0,10709581.0,10714824.0,10721556.0,10728769.0,10735998.0,10742890.0,10750432.0,10757109.0,10762827.0,10771011.0,10779064.0,10787104.0,10794827.0,10802306.0,10808838.0,10814765.0,10821961.0,10829545.0,10837678.0,10845931.0,10854188.0,10861345.0,10867610.0,10875578.0,10883522.0,10891342.0,10899202.0,10906852.0,10913798.0,10920172.0,10926603.0,10933032.0,10939402.0,10946745.0,10954147.0,10961190.0,10967045.0,,10981359.0,10988842.0,10996817.0,11004572.0,11011411.0,11017359.0,11023427.0,11031261.0,11039071.0,11046665.0,11054373.0,11061266.0,11067255.0,11074975.0,11082968.0,11091570.0,11101661.0,11111428.0,11119325.0,11126096.0,11134743.0,11143394.0,11152024.0,11160988.0,11169751.0,11177369.0,11184173.0,11193038.0,11202184.0,11211988.0,11221941.0,11230637.0,11238404.0,11244604.0,11253033.0,11262045.0,11271267.0,11280943.0,11290039.0,11298496.0,11306371.0,11315536.0,11325038.0,11334832.0,11344507.0,11354004.0,11361905.0,11369196.0,11378665.0,11388360.0,11398117.0,11408391.0,11418670.0,11427874.0,11435768.0,11445788.0,11456285.0,11466967.0,11476835.0,11486628.0,11495109.0,11502733.0,11512015.0,11520725.0,11529431.0,11537851.0,11544595.0,11551104.0,11556542.0,11563172.0,11569052.0,11576169.0,11583091.0,11590476.0,11597319.0,11602974.0,11609879.0,11616748.0,11624018.0,11630819.0,11637795.0,11643918.0,11649163.0,11655723.0,11662168.0,11668619.0,11675286.0,11682577.0,11689028.0,11694896.0,11700692.0,11707096.0,11713166.0,11718968.0,11725072.0,11730345.0,11734602.0,11740197.0,11746009.0,11751461.0,11758007.0,11765097.0,11771234.0,11776743.0,11783774.0,11790601.0,11797510.0,11804100.0,11810614.0,11816330.0,11821227.0,11827365.0,11833792.0,11840052
f_fsg7Kvdi8,6315553.0,6319867.0,6324221.0,6328189.0,6332967.0,6337976.0,6342804.0,6347597.0,6352422.0,6356405.0,6360278.0,6365329.0,6370188.0,6375123.0,6379928.0,6384773.0,6388987.0,6393010.0,6398235.0,6402901.0,6407825.0,6412640.0,6417148.0,6421101.0,6424548.0,6428853.0,6433123.0,6437577.0,6441954.0,6446632.0,6450679.0,6454099.0,6458383.0,6462653.0,6467201.0,6471498.0,6476061.0,6480048.0,6483543.0,6487987.0,6492194.0,6496457.0,6500606.0,6504995.0,6509110.0,6513045.0,6517094.0,6521534.0,6525875.0,6530093.0,6534340.0,6538536.0,6542087.0,6546387.0,6550742.0,6554803.0,6558939.0,6563153.0,6566940.0,6570295.0,6574220.0,6578605.0,6583040.0,6587574.0,6592148.0,6595983.0,6599411.0,6603725.0,6607548.0,6612472.0,6616878.0,6621691.0,6627475.0,6633726.0,6640825.0,6647680.0,6654711.0,6661496.0,6668341.0,6674525.0,6680102.0,6687142.0,6693905.0,6700788.0,6707317.0,6713858.0,6719240.0,6724076.0,6729836.0,6735795.0,6742178.0,6747735.0,6753713.0,6758595.0,6763178.0,6768989.0,6774642.0,6780380.0,6785978.0,6791347.0,6796036.0,6800849.0,6806437.0,6812119.0,6817547.0,6822724.0,6828036.0,6832746.0,6837088.0,6842683.0,6848100.0,6853358.0,6858317.0,6863432.0,6868458.0,6872909.0,6877636.0,6882288.0,6886368.0,6891468.0,6895535.0,6899499.0,6903275.0,6906897.0,6910520.0,6914276.0,6917862.0,6921609.0,6925329.0,6928514.0,6932485.0,6936505.0,6940412.0,6944487.0,,,,,,,,,6979432.0,6983007.0,6987507.0,6991846.0,6995800.0,7000173.0,7004438.0,7008143.0,7011832.0,7016144.0,7019903.0,7025063.0,7029705.0,7034136.0,7037965.0,7041297.0,7045530.0,7050286.0,7054503.0,7059397.0,7064252.0,7068772.0,7072831.0,7077388.0,7082435.0,7087313.0,7092059.0,7097397.0,7102143.0,7106419.0,7111300.0,7116144.0,7121219.0,7126006.0,7130783.0,7134792.0,7138537.0,7142769.0,7147457.0,7152424.0,7157217.0,7161951.0,7165847.0,7169482.0,7173721.0,7178013.0,7182265.0,7186334.0,7190496.0,7194011.0,7197321.0,7201495.0,7205747.0,7209699.0,7213577.0,7217465.0,7220776.0,7223954.0,7227601.0,7231646.0,7235716.0,7238868.0,7242553.0,7245824.0,7248814.0,7252740.0,7256847.0,7260669.0,7263607.0,7267182.0,7270454.0,7273738.0,7277747.0,7281574.0,7285497.0,7289412.0,7293634.0,7296784.0,7299467.0,7302666.0,7305965.0,7308915.0,7312231.0,7316171.0,7319235.0,7322147.0,7325329.0,7328689.0,7332111.0,7335355.0,7338650.0,7341588.0,7344168.0,7347515.0,7351019.0,7354496.0,7357882.0,7361035.0,7363941.0,7366555.0,7369905.0,7373715.0,7377481.0,7381189.0,7384846.0,7388118.0,7390866.0,7394373.0,7397789.0,7401155.0,7404709.0,7408429.0,7411733.0,7414582.0,7417432.0,7420055.0,7422818.0,7426022.0,7429480.0,7432410.0,7434886.0,,7441287.0,7444598.0,7447926.0,7451194.0,7454137.0,7456671.0,7459260.0,7462612.0,7465905.0,7469043.0,7472356.0,7475173.0,7477725.0,7480944.0,7484291.0,7487744.0,7491587.0,7495283.0,7498349.0,7501038.0,7504380.0,7507854.0,7511144.0,7514953.0,7518422.0,7521491.0,7524547.0,7528099.0,7531582.0,7535216.0,7538775.0,7542322.0,7545453.0,7547929.0,7551152.0,7554448.0,7557862.0,7561515.0,7565464.0,7569451.0,7573353.0,7577730.0,7582332.0,7587179.0,7591604.0,7595687.0,7600448.0,7604469.0,7609227.0,7613969.0,7618612.0,7623387.0,7628071.0,7632585.0,7637312.0,7642871.0,7648137.0,7653919.0,7659628.0,7665550.0,7670852.0,7675654.0,7681315.0,7687190.0,7692648.0,7697989.0,7702093.0,7705976.0,7709253.0,7713287.0,7716975.0,7721628.0,7726091.0,7730768.0,7735215.0,7739290.0,7744164.0,7748887.0,7753861.0,7758654.0,7763138.0,7767245.0,7771121.0,7775975.0,7780684.0,7785921.0,7791382.0,7796924.0,7801590.0,7805819.0,7810046.0,7814794.0,7819142.0,7823465.0,7827739.0,7831395.0,7834571.0,7838326.0,7842129.0,7845560.0,7850002.0,7854673.0,7858732.0,7862760.0,7867415.0,7872326.0,7877210.0,7882169.0,7887179.0,7891742.0,7895646.0,7900056.0,7904233.0,7908509
Q_TzqcWKz00,6584165.0,6588108.0,6592397.0,6597004.0,6601614.0,6606658.0,6611572.0,6616277.0,6621127.0,6625774.0,6630294.0,6635735.0,6642925.0,6649242.0,6654962.0,6660409.0,6665592.0,6670860.0,6676056.0,6681151.0,6686773.0,6692094.0,6697362.0,6702501.0,6707194.0,6711916.0,6717441.0,6723114.0,6728507.0,6733803.0,6738999.0,6744151.0,6749149.0,6754508.0,6759647.0,6764986.0,6770721.0,6776030.0,6781093.0,6786135.0,6791024.0,6796107.0,6801175.0,6806716.0,6812012.0,6817254.0,6822356.0,6827209.0,6831882.0,6837046.0,6842114.0,6847159.0,6851921.0,6856615.0,6861970.0,6867334.0,6872900.0,6878692.0,6884263.0,6889295.0,6894067.0,6899223.0,6904614.0,6909758.0,6914769.0,6919413.0,6923828.0,6928678.0,6932710.0,6938039.0,6942615.0,6947264.0,6951867.0,6957074.0,6963006.0,6969373.0,6976276.0,6983485.0,6991035.0,6998172.0,7005130.0,7012891.0,7020805.0,7028331.0,7035359.0,7042339.0,7048809.0,7055018.0,7061396.0,7067941.0,7074151.0,7079852.0,7085302.0,7091201.0,7097145.0,7103324.0,7109259.0,7115558.0,7121690.0,7127242.0,7133024.0,7138969.0,7144944.0,7152545.0,7160424.0,7167489.0,7174646.0,7181770.0,7188425.0,7194595.0,7200429.0,7206196.0,7211444.0,7216894.0,7222126.0,7227125.0,7232386.0,7237324.0,7242441.0,7247032.0,7251659.0,7256710.0,7261501.0,7265940.0,7270343.0,7274676.0,7279077.0,7284001.0,7288714.0,7293308.0,7297711.0,7302477.0,7306931.0,7311113.0,,,,,,,,,7347460.0,7352366.0,7357302.0,7361861.0,7366388.0,7370817.0,7374840.0,7378485.0,7382360.0,7386375.0,7390302.0,7394255.0,7398822.0,7403060.0,7407031.0,7410957.0,7416754.0,7425430.0,7433041.0,7440167.0,7446585.0,7452981.0,7459008.0,7465201.0,7471120.0,7476788.0,7482234.0,7487872.0,7493217.0,7498653.0,7503968.0,7509398.0,7514663.0,7519954.0,7524959.0,7529579.0,7534324.0,7538710.0,7543424.0,7548203.0,7553084.0,7557462.0,7562490.0,7567482.0,7572165.0,7576898.0,7581484.0,7585940.0,7590476.0,7594812.0,7599010.0,7603297.0,7608007.0,7613291.0,7617979.0,7622670.0,7626887.0,7631519.0,7636146.0,7640973.0,7645702.0,7650567.0,7654834.0,7658745.0,7662654.0,7666820.0,7671044.0,7675107.0,7678931.0,7682543.0,7686348.0,7690338.0,7694373.0,7698260.0,7702617.0,7706774.0,7711264.0,7715409.0,7719419.0,7723246.0,7727244.0,7730783.0,7735007.0,7738934.0,7742688.0,7746362.0,7749956.0,7753842.0,7757448.0,7761076.0,7764861.0,7768203.0,7771765.0,7775313.0,7778836.0,7782510.0,7786144.0,7789918.0,7793404.0,7796830.0,7800316.0,7803806.0,7807382.0,7811020.0,7814581.0,7818109.0,7821550.0,7825001.0,7828399.0,7832107.0,7836026.0,7839835.0,7843804.0,7847496.0,7851106.0,7854389.0,7857643.0,7861176.0,7864802.0,7868339.0,7871846.0,,7879398.0,7883130.0,7886910.0,7890671.0,7894230.0,7897692.0,7900914.0,7904345.0,7907964.0,7911464.0,7915032.0,7918679.0,7922079.0,7925295.0,7928333.0,7931633.0,7935220.0,7938896.0,7942432.0,7945932.0,7949414.0,7952929.0,7956587.0,7960401.0,7964029.0,7967435.0,7971040.0,7974469.0,7978329.0,7982120.0,7986081.0,7989940.0,7993927.0,7997505.0,8001148.0,8004995.0,8009144.0,8015245.0,8021661.0,8026973.0,8032465.0,8038072.0,8043734.0,8049144.0,8053756.0,8058182.0,8062387.0,8066629.0,8071018.0,8076330.0,8080808.0,8085197.0,8090093.0,8094616.0,8099058.0,8103709.0,8108221.0,8112608.0,8116987.0,8121613.0,8126242.0,8130715.0,8135176.0,8139669.0,8144125.0,8148565.0,8153401.0,8157519.0,8161747.0,8166385.0,8171114.0,8175657.0,8180093.0,8184955.0,8189707.0,8194632.0,8200004.0,8204874.0,8209619.0,8214343.0,8218966.0,8223736.0,8228424.0,8233007.0,8237543.0,8242458.0,8247250.0,8252117.0,8256529.0,8260782.0,8265134.0,8269726.0,8274282.0,8279014.0,8283399.0,8287642.0,8291775.0,8296383.0,8301219.0,8305944.0,8310587.0,8315450.0,8320225.0,8325044.0,8329945.0,8334613.0,8339387.0,8344175.0,8348905.0,8353395.0,8357465.0,8361858.0,8366212.0,8370699
KCT3ZagR9-M,7736746.0,7739225.0,7742326.0,7745575.0,7749123.0,7752367.0,7755562.0,7758852.0,7762334.0,7765582.0,7768912.0,7772712.0,7777526.0,7781952.0,7786276.0,7790485.0,7794499.0,7798319.0,7802116.0,7805821.0,7809525.0,7813291.0,7817087.0,7821034.0,7824423.0,7827904.0,7831488.0,7834854.0,7838051.0,7841260.0,7844580.0,7847826.0,7851195.0,7854765.0,7858255.0,7861154.0,7864007.0,7866949.0,7870053.0,7873277.0,7876368.0,7879370.0,7882167.0,7885178.0,7888212.0,7891192.0,7894456.0,7898005.0,7901490.0,7904467.0,7907364.0,7910328.0,7913237.0,7915994.0,7919360.0,7922631.0,7925733.0,7928683.0,7931574.0,7934122.0,7937065.0,7940044.0,7943031.0,7946490.0,7949968.0,7953118.0,7956126.0,7959338.0,7962085.0,7965714.0,7968972.0,7972349.0,7975910.0,7979617.0,7983317.0,7986874.0,7990780.0,7994569.0,7998730.0,8002649.0,8006452.0,8010432.0,8014387.0,8018608.0,8022671.0,8027176.0,8031812.0,8035963.0,8040279.0,8044228.0,8048179.0,8051842.0,8055547.0,8059272.0,8063307.0,8067123.0,8070736.0,8074375.0,8078105.0,8081548.0,8085004.0,8088936.0,8093039.0,8097270.0,8101557.0,8105357.0,8109370.0,8113276.0,8117373.0,8121369.0,8124886.0,8128682.0,8132390.0,8136196.0,8139702.0,8143248.0,8146953.0,8150387.0,8153789.0,8157076.0,8160485.0,8163881.0,8167416.0,8170712.0,8174041.0,8177322.0,8180875.0,8184744.0,8188497.0,8192157.0,8195669.0,8199023.0,8202558.0,8206029.0,,,,,,,,,8240066.0,8244570.0,8249113.0,8253183.0,8257655.0,8261895.0,8266530.0,8271035.0,8275988.0,8280683.0,8285059.0,8289208.0,8293768.0,8298296.0,8302771.0,8307066.0,8312342.0,8319146.0,8325440.0,8331589.0,8337430.0,8343543.0,8349172.0,8354808.0,8360463.0,8365909.0,8371246.0,8376632.0,8381978.0,8387606.0,8392917.0,8398262.0,8403781.0,8409471.0,8415120.0,8420863.0,8426508.0,8432300.0,8438157.0,8444078.0,8450456.0,8456669.0,8463518.0,8470254.0,8476642.0,8482749.0,8489159.0,8496085.0,8502681.0,8509015.0,8515244.0,8521045.0,8527701.0,8534978.0,8541794.0,8548579.0,8555192.0,8562033.0,8569067.0,8576646.0,8586551.0,8599927.0,8609073.0,8615568.0,8621256.0,8627334.0,8633065.0,8638747.0,8643757.0,8648052.0,8652329.0,8656636.0,8660865.0,8664860.0,8668920.0,8672705.0,8676487.0,8679743.0,8682982.0,8686125.0,8689358.0,8692196.0,8695406.0,8698375.0,8701230.0,8704026.0,8706875.0,8709775.0,8712366.0,8714762.0,8717349.0,8719790.0,8722204.0,8724553.0,8727027.0,8729475.0,8731886.0,8734503.0,8736883.0,8739290.0,8741803.0,8744094.0,8746460.0,8748735.0,8751032.0,8753246.0,8755433.0,8757756.0,8760005.0,8762324.0,8764847.0,8767161.0,8769412.0,8771624.0,8773806.0,8775741.0,8777739.0,8779627.0,8781618.0,8783542.0,8785453.0,,8789732.0,8791903.0,8794070.0,8796239.0,8798216.0,8800172.0,8802107.0,8803877.0,8805765.0,8807569.0,8809465.0,8811532.0,8813486.0,8815538.0,8817807.0,8820186.0,8823172.0,8825726.0,8828062.0,8830541.0,8833058.0,8835419.0,8837896.0,8840461.0,8842763.0,8845096.0,8847206.0,8849221.0,8851435.0,8853564.0,8855766.0,8857938.0,8860124.0,8862236.0,8864496.0,8866781.0,8869242.0,8873096.0,8876747.0,8879915.0,8882772.0,8885746.0,8889026.0,8892262.0,8895109.0,8898037.0,8900910.0,8904012.0,8907452.0,8911597.0,8914948.0,8917861.0,8921005.0,8923842.0,8926627.0,8929340.0,8932314.0,8935230.0,8938101.0,8940674.0,8943240.0,8945756.0,8948244.0,8950941.0,8953682.0,8956117.0,8958633.0,8960954.0,8963287.0,8965747.0,8967968.0,8970197.0,8972358.0,8974718.0,8977042.0,8979591.0,8982206.0,8984701.0,8987235.0,8989557.0,8991821.0,8993996.0,8996216.0,8998331.0,9000395.0,9002601.0,9004790.0,9007042.0,9009245.0,9011354.0,9013301.0,9015325.0,9017208.0,9019269.0,9021276.0,9023178.0,9025136.0,9027162.0,9029166.0,9031237.0,9033503.0,9035912.0,9038269.0,9040702.0,9043125.0,9045413.0,9047779.0,9050139.0,9052456.0,9054508.0,9056641.0,9058880.0,9061045.0,9063211
SYoTbANl9Eg,6752691.0,6753700.0,6754570.0,6755331.0,6756376.0,6757526.0,6758519.0,6759712.0,6760790.0,6762076.0,6763250.0,6764356.0,6765378.0,6766518.0,6767528.0,6768690.0,6769612.0,6770508.0,6771449.0,6772296.0,6773308.0,6774472.0,6776680.0,6778565.0,6780272.0,6781932.0,6783506.0,6784854.0,6786124.0,6787293.0,6788446.0,6789480.0,6790600.0,6791942.0,6793349.0,6794595.0,6795855.0,6797015.0,6798223.0,6799493.0,6800904.0,6802200.0,6803368.0,6804538.0,6805767.0,6807093.0,6808596.0,6810164.0,6811646.0,6812827.0,6813939.0,6815077.0,6816147.0,6817345.0,6818768.0,6819947.0,6821039.0,6822176.0,6823231.0,6824209.0,6825260.0,6826445.0,6827644.0,6828756.0,6829752.0,6830725.0,6831575.0,6832597.0,6833451.0,6834939.0,6836401.0,6837607.0,6838617.0,6839676.0,6840690.0,6841904.0,6843258.0,6844464.0,6845753.0,6846990.0,6848117.0,6849166.0,6850168.0,6851233.0,6852447.0,6853770.0,6855104.0,6856223.0,6857410.0,6858535.0,6859773.0,6861096.0,6862337.0,6863503.0,6864610.0,6865793.0,6866878.0,6868272.0,6869697.0,6870983.0,6872333.0,6873622.0,6874956.0,6876107.0,6877248.0,6878585.0,6879930.0,6881155.0,6882430.0,6883580.0,6884664.0,6885840.0,6886954.0,6888193.0,6889710.0,6891267.0,6893573.0,6896497.0,6899310.0,6901403.0,6903796.0,6905911.0,6908038.0,6910422.0,6912594.0,6914847.0,6916791.0,6919010.0,6920781.0,6922518.0,6924244.0,6925998.0,6927685.0,6929121.0,,,,,,,,,6941457.0,6942574.0,6943901.0,6945234.0,6946544.0,6947787.0,6949024.0,6950416.0,6951993.0,6953880.0,6955369.0,6956711.0,6958005.0,6959413.0,6960731.0,6961834.0,6962893.0,6964111.0,6965300.0,6966429.0,6967420.0,6968474.0,6969396.0,6970447.0,6971396.0,6972355.0,6973301.0,6974309.0,6975265.0,6976382.0,6977384.0,6978404.0,6979297.0,6980329.0,6981312.0,6982176.0,6983150.0,6984153.0,6985119.0,6986213.0,6987102.0,6988052.0,6989070.0,6990085.0,6991333.0,6992432.0,6993454.0,6994483.0,6995599.0,6996725.0,6997925.0,6999525.0,7001243.0,7002378.0,7003436.0,7004447.0,7005386.0,7006277.0,7007223.0,7008223.0,7009216.0,7010118.0,7010929.0,7011748.0,7012676.0,7013598.0,7014689.0,7015637.0,7016519.0,7017459.0,7018367.0,7019304.0,7020322.0,7021219.0,7022084.0,7022922.0,7023816.0,7024637.0,7025548.0,7026587.0,7027613.0,7028666.0,7029689.0,7030576.0,7031385.0,7032166.0,7033070.0,7033907.0,7034763.0,7035623.0,7036543.0,7037458.0,7038362.0,7039265.0,7040536.0,7042202.0,7044539.0,7046404.0,7047735.0,7048872.0,7050175.0,7051529.0,7052777.0,7053982.0,7055428.0,7056549.0,7057650.0,7058947.0,7060414.0,7061700.0,7062868.0,7064074.0,7065332.0,7066231.0,7067160.0,7068196.0,7069168.0,7070092.0,7071106.0,7071858.0,7072615.0,,7074112.0,7074855.0,7075600.0,7076378.0,7077143.0,7077928.0,7078653.0,7079334.0,7080143.0,7081113.0,7081983.0,7082947.0,7083796.0,7084762.0,7085561.0,7086577.0,7087660.0,7088654.0,7089651.0,7090614.0,7091579.0,7092460.0,7093365.0,7094362.0,7095204.0,7096015.0,7096684.0,7097550.0,7098325.0,7099213.0,7100040.0,7100944.0,7101938.0,7102651.0,7103852.0,7104825.0,7105726.0,7106617.0,7107475.0,7108291.0,7108996.0,7109774.0,7110528.0,7111303.0,7112078.0,7112833.0,7113649.0,7114368.0,7114938.0,7115554.0,7116372.0,7117150.0,7117952.0,7118739.0,7119552.0,7120320.0,7121394.0,7122256.0,7123062.0,7123824.0,7124632.0,7125423.0,7126319.0,7127428.0,7128509.0,7129879.0,7131189.0,7132394.0,7133572.0,7134793.0,7136142.0,7137805.0,7139901.0,7142497.0,7144562.0,7146058.0,7148554.0,7151412.0,7153824.0,7155795.0,7157770.0,7159588.0,7161727.0,7164447.0,7166912.0,7168819.0,7171160.0,7175465.0,7178587.0,7181662.0,7184105.0,7187251.0,7191833.0,7194832.0,7198544.0,7201520.0,7204148.0,7207126.0,7210417.0,7214359.0,7216877.0,7219087.0,7221123.0,7223555.0,7226192.0,7229002.0,7231342.0,7234062.0,7237142.0,7239952.0,7241907.0,7243442.0,7244854.0,7246123
SYoTbANl9Eg,6752691.0,6753700.0,6754570.0,6755331.0,6756376.0,6757526.0,6758519.0,6759712.0,6760790.0,6762076.0,6763250.0,6764356.0,6765378.0,6766518.0,6767528.0,6768690.0,6769612.0,6770508.0,6771428.0,6772296.0,6773308.0,6774472.0,6776680.0,6778565.0,6780272.0,6781932.0,6783506.0,6784854.0,6786124.0,6787293.0,6788446.0,6789480.0,6790600.0,6791942.0,6793349.0,6794595.0,6795855.0,6797015.0,6798223.0,6799493.0,6800904.0,6802200.0,6803368.0,6804538.0,6805767.0,6807093.0,6808596.0,6810164.0,6811646.0,6812827.0,6813939.0,6815077.0,6816147.0,6817345.0,6818768.0,6819947.0,6821039.0,6822176.0,6823231.0,6824209.0,6825260.0,6826445.0,6827644.0,6828756.0,6829752.0,6830725.0,6831575.0,6832597.0,6833451.0,6834939.0,6836401.0,6837607.0,6838617.0,6839676.0,6840690.0,6841904.0,6843258.0,6844422.0,6845753.0,6846990.0,6848117.0,6849166.0,6850168.0,6851233.0,6852447.0,6853770.0,6855104.0,6856223.0,6857410.0,6858535.0,6859773.0,6861096.0,6862337.0,6863503.0,6864610.0,6865793.0,6866878.0,6868272.0,6869697.0,6870983.0,6872333.0,6873622.0,6874965.0,6876107.0,6877248.0,6878585.0,6879930.0,6881155.0,6882430.0,6883580.0,6884664.0,6885840.0,6886954.0,6888193.0,6889710.0,6891267.0,6893573.0,6896497.0,6899310.0,6901403.0,6903796.0,6905911.0,6908038.0,6910422.0,6912594.0,6914847.0,6916791.0,6919010.0,6920781.0,6922518.0,6924244.0,6925998.0,6927685.0,6929121.0,,,,,,,,,6941457.0,6942574.0,6943901.0,6945234.0,6946544.0,6947787.0,6949024.0,6950416.0,6951993.0,6953880.0,6955369.0,6956711.0,6958005.0,6959413.0,6960731.0,6961834.0,6962893.0,6964111.0,6965300.0,6966429.0,6967420.0,6968474.0,6969396.0,6970447.0,6971396.0,6972355.0,6973301.0,6974309.0,6975265.0,6976382.0,6977384.0,6978404.0,6979297.0,6980329.0,6981312.0,6982176.0,6983150.0,6984153.0,6985119.0,6986213.0,6987102.0,6988052.0,6989070.0,6990085.0,6991333.0,6992432.0,6993454.0,6994483.0,6995599.0,6996725.0,6997925.0,6999525.0,7001243.0,7002378.0,7003436.0,7004447.0,7005386.0,7006277.0,7007223.0,7008223.0,7009216.0,7010118.0,7010929.0,7011748.0,7012676.0,7013598.0,7014689.0,7015637.0,7016519.0,7017459.0,7018367.0,7019304.0,7020322.0,7021219.0,7022084.0,7022922.0,7023816.0,7024637.0,7025548.0,7026587.0,7027613.0,7028666.0,7029689.0,7030576.0,7031385.0,7032166.0,7033070.0,7033907.0,7034763.0,7035623.0,7036543.0,7037458.0,7038362.0,7039265.0,7040536.0,7042202.0,7044539.0,7046404.0,7047735.0,7048872.0,7050175.0,7051529.0,7052777.0,7053982.0,7055428.0,7056549.0,7057650.0,7058947.0,7060414.0,7061700.0,7062868.0,7064074.0,7065332.0,7066231.0,7067160.0,7068196.0,7069168.0,7070092.0,7071106.0,7071858.0,7072615.0,,7074112.0,7074855.0,7075600.0,7076378.0,7077143.0,7077928.0,7078653.0,7079334.0,7080143.0,7081113.0,7081983.0,7082947.0,7083796.0,7084762.0,7085561.0,7086577.0,7087660.0,7088654.0,7089651.0,7090614.0,7091579.0,7092460.0,7093365.0,7094362.0,7095204.0,7096015.0,7096684.0,7097550.0,7098325.0,7099213.0,7100040.0,7100944.0,7101938.0,7102651.0,7103852.0,7104825.0,7105726.0,7106617.0,7107429.0,7108291.0,7108996.0,7109774.0,7110528.0,7111303.0,7112078.0,7112833.0,7113649.0,7114368.0,7114938.0,7115554.0,7116372.0,7117150.0,7117952.0,7118739.0,7119552.0,7120320.0,7121394.0,7122256.0,7123062.0,7123824.0,7124632.0,7125423.0,7126319.0,7127428.0,7128434.0,7129879.0,7131189.0,7132402.0,7133572.0,7134793.0,7136075.0,7137805.0,7139901.0,7142497.0,7144562.0,7146058.0,7148554.0,7151412.0,7153824.0,7155795.0,7157770.0,7159588.0,7161727.0,7164447.0,7166912.0,7168819.0,7171160.0,7175465.0,7178587.0,7181662.0,7184105.0,7187251.0,7191833.0,7194832.0,7198544.0,7201520.0,7204148.0,7207126.0,7210417.0,7214359.0,7216877.0,7219087.0,7221123.0,7223555.0,7226192.0,7229002.0,7231342.0,7234062.0,7237142.0,7239952.0,7241907.0,7243442.0,7244854.0,7246123
BZZsO-kSqWw,9275.0,9285.0,9292.0,9299.0,9312.0,9321.0,9331.0,9347.0,9377.0,9398.0,9418.0,9437.0,9447.0,9464.0,9476.0,9490.0,9503.0,9515.0,9524.0,9542.0,9554.0,9566.0,9574.0,9584.0,9594.0,9607.0,9617.0,9628.0,9639.0,9649.0,9658.0,9665.0,9671.0,9677.0,9681.0,9690.0,9700.0,9711.0,9723.0,9737.0,9753.0,9762.0,9768.0,9780.0,9791.0,9800.0,9812.0,9831.0,9837.0,9844.0,9855.0,9863.0,9871.0,9879.0,9889.0,9896.0,9905.0,9907.0,9912.0,9917.0,9926.0,9933.0,9937.0,9944.0,9952.0,9961.0,9973.0,9982.0,9994.0,10004.0,10015.0,10027.0,10038.0,10048.0,10057.0,10070.0,10081.0,10091.0,10100.0,10106.0,10119.0,10130.0,10141.0,10155.0,10164.0,10173.0,10186.0,10198.0,10208.0,10214.0,10227.0,10238.0,10249.0,10258.0,10266.0,10279.0,10297.0,10317.0,10331.0,10339.0,10356.0,10366.0,10382.0,10393.0,10423.0,10441.0,10450.0,10476.0,10493.0,10510.0,10520.0,10550.0,10558.0,10566.0,10595.0,10613.0,10633.0,10649.0,10661.0,10671.0,10680.0,10689.0,10703.0,10711.0,10720.0,10725.0,10730.0,10738.0,10751.0,10767.0,10776.0,10786.0,10797.0,10814.0,,,,,,,,,10899.0,10918.0,10931.0,10943.0,10953.0,10958.0,10964.0,10976.0,10983.0,10996.0,11006.0,11015.0,11026.0,11036.0,11054.0,11066.0,11074.0,11086.0,11093.0,11099.0,11110.0,11120.0,11132.0,11142.0,11149.0,11156.0,11165.0,11175.0,11178.0,11183.0,11193.0,11203.0,11213.0,11232.0,11238.0,11242.0,11245.0,11253.0,11261.0,11269.0,11275.0,11285.0,11292.0,11298.0,11307.0,11317.0,11327.0,11341.0,11348.0,11354.0,11359.0,11369.0,11378.0,11383.0,11390.0,11393.0,11403.0,11417.0,11430.0,11444.0,11450.0,11455.0,11459.0,11464.0,11477.0,11488.0,11495.0,11504.0,11506.0,11513.0,11527.0,11537.0,11544.0,11555.0,11566.0,11577.0,11585.0,11598.0,11611.0,11628.0,11639.0,11646.0,11650.0,11659.0,11669.0,11676.0,11685.0,11692.0,11700.0,11715.0,11730.0,11742.0,11752.0,11761.0,11773.0,11780.0,11794.0,11800.0,11814.0,11829.0,11842.0,11851.0,11860.0,11870.0,11878.0,11890.0,11899.0,11909.0,11921.0,11931.0,11941.0,11952.0,11956.0,11963.0,11970.0,11990.0,12000.0,12003.0,12020.0,12031.0,12035.0,,12068.0,12074.0,12085.0,12097.0,12120.0,12133.0,12147.0,12149.0,12152.0,12160.0,12169.0,12176.0,12180.0,12186.0,12193.0,12202.0,12215.0,12225.0,12230.0,12236.0,12247.0,12253.0,12259.0,12267.0,12276.0,12282.0,12293.0,12303.0,12313.0,12316.0,12331.0,12336.0,12345.0,12352.0,12359.0,12370.0,12383.0,12391.0,12407.0,12420.0,12427.0,12431.0,12438.0,12445.0,12456.0,12463.0,12477.0,12487.0,12495.0,12503.0,12515.0,12527.0,12536.0,12543.0,12556.0,12563.0,12576.0,12582.0,12597.0,12604.0,12613.0,12626.0,12634.0,12647.0,12658.0,12658.0,12666.0,12675.0,12684.0,12696.0,12705.0,12714.0,12722.0,12725.0,12739.0,12744.0,12757.0,12768.0,12784.0,12789.0,12797.0,12807.0,12821.0,12837.0,12850.0,12859.0,12865.0,12875.0,12888.0,12899.0,12907.0,12911.0,12920.0,12927.0,12932.0,12948.0,12956.0,12964.0,12969.0,12980.0,12989.0,12993.0,13001.0,13009.0,13011.0,13018.0,13024.0,13038.0,13041.0,13047.0,13053.0,13059.0,13072.0,13076
mKj0YqnNnog,602690.0,602752.0,602798.0,602847.0,602881.0,602945.0,602998.0,603084.0,603287.0,603392.0,603485.0,603570.0,603649.0,603724.0,603794.0,603856.0,603908.0,603948.0,604005.0,604057.0,604111.0,604144.0,604188.0,604233.0,604274.0,604304.0,604339.0,604379.0,604412.0,604454.0,604481.0,604513.0,604561.0,604590.0,604618.0,604651.0,604682.0,604707.0,604744.0,604766.0,604813.0,604847.0,604894.0,604936.0,604961.0,604991.0,605022.0,605061.0,605092.0,605123.0,605160.0,605190.0,605221.0,605252.0,605290.0,605334.0,605368.0,605401.0,605438.0,605470.0,605504.0,605533.0,605577.0,605624.0,605669.0,605712.0,605743.0,605769.0,605791.0,605839.0,605873.0,605897.0,605927.0,605956.0,605988.0,606030.0,606067.0,606090.0,606123.0,606166.0,606188.0,606221.0,606252.0,606279.0,606306.0,606334.0,606360.0,606420.0,606453.0,606489.0,606503.0,606537.0,606582.0,606621.0,606662.0,606698.0,606718.0,606752.0,606777.0,606805.0,606844.0,606878.0,606907.0,606938.0,607016.0,607119.0,607201.0,607266.0,607327.0,607369.0,607419.0,607471.0,607508.0,607557.0,607610.0,607649.0,607680.0,607709.0,607747.0,607773.0,607801.0,607834.0,607863.0,607899.0,607921.0,607946.0,607986.0,608007.0,608044.0,608083.0,608117.0,608150.0,608186.0,608201.0,,,,,,,,,608446.0,608477.0,608503.0,608541.0,608582.0,608637.0,608679.0,608714.0,608753.0,608779.0,608809.0,608837.0,608861.0,608900.0,608940.0,608968.0,608988.0,609009.0,609041.0,609072.0,609096.0,609124.0,609155.0,609176.0,609201.0,609232.0,609256.0,609296.0,609329.0,609355.0,609382.0,609417.0,609450.0,609493.0,609525.0,609547.0,609575.0,609611.0,609634.0,609653.0,609679.0,609711.0,609757.0,609778.0,609800.0,609834.0,609887.0,609916.0,609950.0,609977.0,610003.0,610037.0,610055.0,610083.0,610105.0,610132.0,610161.0,610188.0,610203.0,610230.0,610246.0,610260.0,610284.0,610309.0,610346.0,610371.0,610399.0,610426.0,610458.0,610501.0,610534.0,610557.0,610588.0,610621.0,610654.0,610684.0,610718.0,610758.0,610802.0,610845.0,610888.0,610915.0,610946.0,610994.0,611024.0,611060.0,611093.0,611124.0,611146.0,611175.0,611209.0,611238.0,611294.0,611322.0,611358.0,611408.0,611453.0,611497.0,611546.0,611590.0,611630.0,611667.0,611713.0,611767.0,611819.0,611870.0,611914.0,611946.0,611979.0,612009.0,612036.0,612076.0,612137.0,612176.0,612219.0,612259.0,612280.0,612321.0,612353.0,612388.0,612428.0,,612497.0,612550.0,612604.0,612638.0,612678.0,612702.0,612735.0,612761.0,612786.0,612816.0,612843.0,612865.0,612909.0,612931.0,612957.0,612982.0,613011.0,613048.0,613080.0,613103.0,613137.0,613176.0,613206.0,613235.0,613268.0,613288.0,613316.0,613349.0,613385.0,613415.0,613445.0,613480.0,613506.0,613556.0,613581.0,613635.0,613673.0,613716.0,613757.0,613791.0,613816.0,613842.0,613875.0,613916.0,613950.0,613976.0,614001.0,614030.0,614062.0,614105.0,614148.0,614186.0,614211.0,614261.0,614296.0,614335.0,614365.0,614405.0,614434.0,614477.0,614508.0,614539.0,614568.0,614593.0,614624.0,614647.0,614674.0,614710.0,614745.0,614774.0,614818.0,614853.0,614891.0,614925.0,614957.0,614994.0,615040.0,615078.0,615104.0,615139.0,615163.0,615195.0,615226.0,615255.0,615296.0,615317.0,615348.0,615378.0,615411.0,615435.0,615465.0,615492.0,615527.0,615553.0,615567.0,615595.0,615622.0,615649.0,615692.0,615723.0,615774.0,615797.0,615830.0,615846.0,615877.0,615906.0,615935.0,615964.0,616004.0,616037.0,616058.0,616096.0,616127.0,616153
1KTn-ZDRi08,11722.0,11730.0,11742.0,11745.0,11767.0,11795.0,11802.0,11814.0,11818.0,11827.0,11831.0,11835.0,11844.0,11849.0,11854.0,11857.0,11865.0,11879.0,11885.0,11893.0,11896.0,11904.0,11914.0,11923.0,11941.0,11961.0,11974.0,11984.0,11990.0,11995.0,12002.0,12006.0,12013.0,12019.0,12026.0,12032.0,12038.0,12045.0,12050.0,12053.0,12058.0,12066.0,12070.0,12074.0,12075.0,12082.0,12090.0,12098.0,12098.0,12101.0,12103.0,12107.0,12115.0,12126.0,12133.0,12139.0,12147.0,12152.0,12161.0,12166.0,12168.0,12180.0,12193.0,12198.0,12207.0,12211.0,12218.0,12226.0,12235.0,12242.0,12249.0,12255.0,12260.0,12266.0,12273.0,12277.0,12282.0,12291.0,12295.0,12303.0,12305.0,12307.0,12313.0,12319.0,12320.0,12325.0,12329.0,12336.0,12340.0,12344.0,12348.0,12352.0,12358.0,12361.0,12366.0,12370.0,12373.0,12379.0,12382.0,12386.0,12389.0,12391.0,12396.0,12405.0,12409.0,12419.0,12423.0,12426.0,12429.0,12434.0,12441.0,12444.0,12449.0,12452.0,12456.0,12458.0,12462.0,12465.0,12466.0,12477.0,12480.0,12482.0,12484.0,12488.0,12494.0,12498.0,12506.0,12508.0,12509.0,12513.0,12515.0,12519.0,12521.0,12525.0,,,,,,,,,12573.0,12577.0,12584.0,12585.0,12590.0,12597.0,12601.0,12604.0,12607.0,12610.0,12612.0,12616.0,12620.0,12621.0,12626.0,12630.0,12637.0,12661.0,12670.0,12677.0,12678.0,12681.0,12687.0,12689.0,12693.0,12695.0,12700.0,12711.0,12716.0,12722.0,12731.0,12738.0,12742.0,12747.0,12748.0,12748.0,12752.0,12758.0,12761.0,12762.0,12764.0,12764.0,12770.0,12773.0,12775.0,12778.0,12781.0,12782.0,12785.0,12787.0,12791.0,12795.0,12798.0,12799.0,12800.0,12800.0,12802.0,12803.0,12805.0,12809.0,12809.0,12810.0,12813.0,12816.0,12818.0,12823.0,12823.0,12823.0,12826.0,12827.0,12828.0,12828.0,12829.0,12836.0,12838.0,12843.0,12844.0,12847.0,12850.0,12855.0,12858.0,12863.0,12864.0,12868.0,12869.0,12870.0,12875.0,12877.0,12879.0,12880.0,12881.0,12883.0,12883.0,12884.0,12889.0,12891.0,12895.0,12899.0,12904.0,12906.0,12907.0,12909.0,12911.0,12912.0,12915.0,12915.0,12918.0,12920.0,12922.0,12931.0,12936.0,12936.0,12936.0,12937.0,12938.0,12939.0,12940.0,12940.0,12940.0,12941.0,12942.0,,12944.0,12944.0,12946.0,12949.0,12950.0,12951.0,12955.0,12956.0,12961.0,12967.0,12969.0,12971.0,12975.0,12976.0,12977.0,12979.0,12980.0,12983.0,12983.0,12983.0,12985.0,12988.0,12991.0,12992.0,12993.0,12999.0,13001.0,13004.0,13007.0,13008.0,13011.0,13014.0,13015.0,13016.0,13019.0,13026.0,13027.0,13030.0,13033.0,13037.0,13039.0,13049.0,13051.0,13051.0,13052.0,13054.0,13058.0,13059.0,13062.0,13063.0,13063.0,13065.0,13066.0,13068.0,13071.0,13071.0,13078.0,13080.0,13082.0,13083.0,13084.0,13085.0,13086.0,13089.0,13091.0,13097.0,13100.0,13101.0,13103.0,13104.0,13108.0,13109.0,13112.0,13114.0,13116.0,13117.0,13118.0,13119.0,13121.0,13123.0,13125.0,13128.0,13129.0,13131.0,13132.0,13133.0,13135.0,13136.0,13138.0,13141.0,13141.0,13142.0,13143.0,13143.0,13146.0,13150.0,13150.0,13155.0,13156.0,13156.0,13162.0,13168.0,13170.0,13172.0,13173.0,13176.0,13179.0,13183.0,13184.0,13185.0,13185.0,13191.0,13205.0,13213
uwB0CDNkjAo,7425.0,7431.0,7438.0,7441.0,7446.0,7449.0,7452.0,7454.0,7457.0,7463.0,7464.0,7466.0,7469.0,7472.0,7476.0,7479.0,7482.0,7488.0,7492.0,7498.0,7500.0,7506.0,7511.0,7515.0,7520.0,7522.0,7525.0,7528.0,7532.0,7536.0,7538.0,7541.0,7544.0,7546.0,7548.0,7552.0,7558.0,7563.0,7564.0,7567.0,7574.0,7578.0,7580.0,7582.0,7586.0,7590.0,7593.0,7597.0,7600.0,7608.0,7618.0,7620.0,7623.0,7629.0,7632.0,7638.0,7642.0,7646.0,7647.0,7650.0,7655.0,7662.0,7667.0,7672.0,7675.0,7677.0,7680.0,7682.0,7684.0,7689.0,7692.0,7694.0,7698.0,7701.0,7702.0,7705.0,7705.0,7708.0,7713.0,7716.0,7720.0,7723.0,7730.0,7736.0,7746.0,7759.0,7763.0,7768.0,7777.0,7780.0,7783.0,7784.0,7790.0,7796.0,7796.0,7799.0,7803.0,7810.0,7810.0,7812.0,7816.0,7817.0,7822.0,7828.0,7834.0,7839.0,7846.0,7849.0,7850.0,7857.0,7862.0,7866.0,7868.0,7870.0,7870.0,7870.0,7874.0,7881.0,7886.0,7888.0,7893.0,7897.0,7899.0,7900.0,7904.0,7905.0,7907.0,7910.0,7911.0,7912.0,7912.0,7913.0,7916.0,7917.0,,,,,,,,,7945.0,7946.0,7947.0,7950.0,7951.0,7953.0,7955.0,7956.0,7957.0,7961.0,7962.0,7964.0,7969.0,7972.0,7976.0,7979.0,7982.0,7986.0,7989.0,8001.0,8003.0,8011.0,8016.0,8017.0,8020.0,8023.0,8024.0,8028.0,8032.0,8035.0,8038.0,8046.0,8051.0,8051.0,8052.0,8054.0,8056.0,8057.0,8060.0,8062.0,8064.0,8065.0,8066.0,8068.0,8070.0,8073.0,8077.0,8082.0,8086.0,8091.0,8093.0,8098.0,8100.0,8107.0,8109.0,8112.0,8115.0,8118.0,8121.0,8122.0,8123.0,8123.0,8127.0,8130.0,8134.0,8136.0,8136.0,8138.0,8138.0,8142.0,8142.0,8144.0,8144.0,8151.0,8152.0,8153.0,8154.0,8157.0,8159.0,8163.0,8163.0,8166.0,8167.0,8167.0,8170.0,8171.0,8175.0,8177.0,8179.0,8181.0,8182.0,8188.0,8193.0,8194.0,8200.0,8206.0,8210.0,8213.0,8218.0,8219.0,8223.0,8225.0,8227.0,8231.0,8231.0,8232.0,8234.0,8237.0,8241.0,8243.0,8245.0,8249.0,8251.0,8252.0,8253.0,8255.0,8256.0,8257.0,8258.0,8258.0,8259.0,,8260.0,8260.0,8262.0,8262.0,8264.0,8266.0,8268.0,8273.0,8274.0,8275.0,8277.0,8279.0,8280.0,8282.0,8287.0,8289.0,8292.0,8294.0,8300.0,8300.0,8302.0,8304.0,8307.0,8310.0,8312.0,8313.0,8318.0,8319.0,8322.0,8323.0,8326.0,8330.0,8331.0,8332.0,8332.0,8334.0,8336.0,8339.0,8339.0,8340.0,8344.0,8347.0,8349.0,8350.0,8350.0,8350.0,8351.0,8352.0,8352.0,8355.0,8356.0,8360.0,8363.0,8365.0,8367.0,8370.0,8371.0,8372.0,8373.0,8375.0,8376.0,8376.0,8379.0,8380.0,8382.0,8386.0,8389.0,8390.0,8390.0,8392.0,8393.0,8396.0,8398.0,8404.0,8406.0,8408.0,8414.0,8419.0,8422.0,8425.0,8427.0,8428.0,8432.0,8432.0,8433.0,8434.0,8434.0,8434.0,8436.0,8436.0,8436.0,8437.0,8438.0,8442.0,8443.0,8446.0,8446.0,8450.0,8453.0,8454.0,8459.0,8460.0,8460.0,8464.0,8466.0,8467.0,8467.0,8468.0,8471.0,8471.0,8471.0,8475.0,8483.0,8486
GbNtQ1-nOAA,2688.0,2688.0,2688.0,2688.0,2688.0,2688.0,2688.0,2688.0,2688.0,2688.0,2688.0,2688.0,2688.0,2688.0,2688.0,2688.0,2688.0,2688.0,2688.0,2688.0,2688.0,2688.0,2688.0,2688.0,2688.0,2688.0,2688.0,2688.0,2688.0,2688.0,2688.0,2688.0,2688.0,2688.0,2688.0,2688.0,2688.0,2688.0,2688.0,2688.0,2688.0,2688.0,2688.0,2688.0,2688.0,2688.0,2688.0,2688.0,2688.0,2688.0,2688.0,2688.0,2688.0,2688.0,2688.0,2688.0,2688.0,2688.0,2688.0,2688.0,2688.0,2688.0,2688.0,2688.0,2688.0,2688.0,2688.0,2688.0,2688.0,2688.0,2688.0,2688.0,2688.0,2688.0,2688.0,2688.0,2688.0,2688.0,2688.0,2688.0,2688.0,2688.0,2688.0,2688.0,2688.0,2688.0,2688.0,2688.0,2688.0,2688.0,2688.0,2688.0,2688.0,2688.0,2688.0,2688.0,2688.0,2688.0,2688.0,2688.0,2688.0,2688.0,2688.0,2688.0,2688.0,2688.0,2688.0,2688.0,2688.0,2688.0,2688.0,2688.0,2688.0,2688.0,2688.0,2688.0,2688.0,2688.0,2688.0,2688.0,2688.0,2688.0,2688.0,2688.0,2688.0,2688.0,2688.0,2688.0,2688.0,2688.0,2688.0,2688.0,2688.0,2688.0,,,,,,,,,2688.0,2688.0,2688.0,2688.0,2688.0,2688.0,2688.0,2688.0,2688.0,2688.0,2688.0,2688.0,2688.0,2688.0,2688.0,2688.0,2688.0,2688.0,2688.0,2688.0,2688.0,2688.0,2688.0,2688.0,2688.0,2688.0,2688.0,2688.0,2688.0,2688.0,2688.0,2688.0,2688.0,2688.0,2688.0,2688.0,2688.0,2688.0,2688.0,2688.0,2688.0,2688.0,2688.0,2688.0,2688.0,2688.0,2688.0,2688.0,2688.0,2688.0,2688.0,2688.0,2688.0,2688.0,2688.0,2688.0,2688.0,2688.0,2688.0,2688.0,2688.0,2688.0,2688.0,2688.0,2688.0,2688.0,2688.0,2688.0,2688.0,2688.0,2688.0,2688.0,2688.0,2688.0,2688.0,2688.0,2688.0,2688.0,2688.0,2688.0,2688.0,2688.0,2688.0,2688.0,2688.0,2688.0,2688.0,2688.0,2688.0,2688.0,2688.0,2688.0,2688.0,2688.0,2688.0,2688.0,2688.0,2688.0,2688.0,2688.0,2688.0,2688.0,2688.0,2688.0,2688.0,2688.0,2688.0,2688.0,2688.0,2688.0,2688.0,2688.0,2688.0,2688.0,2688.0,2688.0,2688.0,2688.0,2688.0,2688.0,2688.0,,2688.0,2688.0,2688.0,2688.0,2688.0,2688.0,2688.0,2688.0,2688.0,2688.0,2688.0,2688.0,2688.0,2688.0,2688.0,2688.0,2688.0,2688.0,2688.0,2688.0,2688.0,2688.0,2688.0,2688.0,2688.0,2688.0,2688.0,2688.0,2688.0,2688.0,2688.0,2688.0,2688.0,2688.0,2688.0,2688.0,2688.0,2688.0,2688.0,2688.0,2688.0,2688.0,2688.0,2688.0,2688.0,2688.0,2688.0,2688.0,2688.0,2688.0,2688.0,2688.0,2688.0,2688.0,2688.0,2688.0,2688.0,2688.0,2688.0,2688.0,2688.0,2688.0,2688.0,2688.0,2688.0,2688.0,2688.0,2688.0,2688.0,2688.0,2688.0,2688.0,2688.0,2688.0,2688.0,2688.0,2688.0,2688.0,2688.0,2688.0,2688.0,2688.0,2688.0,2688.0,2688.0,2688.0,2688.0,2688.0,2688.0,2688.0,2688.0,2688.0,2688.0,2688.0,2688.0,2688.0,2688.0,2688.0,2688.0,2688.0,2688.0,2688.0,2688.0,2688.0,2688.0,2688.0,2688.0,2688.0,2688.0,2688.0,2688.0,2688.0,2688.0,2688
FGXsBKlyb6I,678858.0,679514.0,680092.0,680749.0,681254.0,681852.0,682441.0,683066.0,683602.0,684245.0,684899.0,685472.0,686046.0,686582.0,687176.0,687750.0,688481.0,689147.0,689664.0,690266.0,690873.0,691335.0,691948.0,692674.0,693350.0,694001.0,694669.0,695232.0,695819.0,696392.0,697048.0,697705.0,698198.0,698714.0,699218.0,699688.0,700295.0,700979.0,701593.0,702082.0,702589.0,703146.0,703634.0,704143.0,704752.0,705344.0,705817.0,706358.0,706839.0,707400.0,707967.0,708587.0,709166.0,709766.0,710374.0,711056.0,711688.0,712332.0,712906.0,713646.0,714370.0,715164.0,716007.0,716764.0,717489.0,718238.0,718944.0,719705.0,720363.0,721135.0,721957.0,722654.0,723478.0,724217.0,724913.0,725527.0,726245.0,726765.0,727545.0,728229.0,728833.0,729528.0,730081.0,730754.0,731328.0,731904.0,732794.0,733681.0,734272.0,734896.0,735473.0,736016.0,736700.0,737399.0,738136.0,738680.0,739246.0,739796.0,740440.0,741063.0,741710.0,742391.0,742945.0,743432.0,743964.0,744543.0,745059.0,745720.0,746318.0,746852.0,747304.0,747820.0,748309.0,748742.0,749336.0,749905.0,750355.0,750864.0,751428.0,751899.0,752511.0,753051.0,753535.0,754054.0,754601.0,755225.0,755787.0,756405.0,756940.0,757432.0,757991.0,758387.0,758992.0,759526.0,,,,,,,,,764585.0,765309.0,765903.0,766363.0,766947.0,767418.0,767903.0,768561.0,769215.0,769672.0,770127.0,770666.0,771232.0,771748.0,772321.0,772970.0,773487.0,774022.0,774575.0,775136.0,775659.0,776340.0,776977.0,777436.0,778048.0,778605.0,779076.0,779685.0,780327.0,781040.0,781581.0,782116.0,782566.0,783218.0,783738.0,784369.0,784989.0,785461.0,786051.0,786502.0,787058.0,787473.0,788039.0,788782.0,789271.0,789700.0,790211.0,790786.0,791296.0,791899.0,792441.0,792880.0,793324.0,793867.0,794344.0,794848.0,795395.0,796052.0,796661.0,797215.0,797680.0,798252.0,798819.0,799421.0,800008.0,800485.0,800980.0,801471.0,801968.0,802574.0,803166.0,803793.0,804386.0,804815.0,805470.0,805934.0,806587.0,807170.0,807753.0,808305.0,808888.0,809467.0,810114.0,810734.0,811346.0,811967.0,812526.0,813146.0,813747.0,814272.0,814953.0,815570.0,816115.0,816771.0,817400.0,817961.0,818568.0,819102.0,819636.0,820228.0,820823.0,821507.0,822057.0,822645.0,823248.0,823778.0,824351.0,824993.0,825618.0,826242.0,826864.0,827571.0,828330.0,828905.0,829404.0,830087.0,830689.0,831181.0,831678.0,832222.0,832763.0,,833821.0,834345.0,834912.0,835525.0,836094.0,836634.0,837345.0,837775.0,838243.0,838594.0,838963.0,839498.0,840027.0,840379.0,840832.0,841314.0,841737.0,842207.0,842789.0,843350.0,843911.0,844308.0,844792.0,845270.0,845709.0,846413.0,846985.0,847418.0,847893.0,848397.0,848839.0,849268.0,849899.0,850490.0,850913.0,851339.0,851772.0,852142.0,852767.0,853425.0,854110.0,854673.0,855208.0,855739.0,856255.0,856720.0,857341.0,857926.0,858432.0,858899.0,859381.0,859881.0,860292.0,860823.0,861416.0,861886.0,862260.0,862674.0,863319.0,863811.0,864299.0,864947.0,865350.0,865815.0,866348.0,866777.0,867295.0,867844.0,868301.0,868780.0,869267.0,869658.0,869980.0,870386.0,871036.0,871597.0,871932.0,872265.0,872616.0,872993.0,873412.0,873884.0,874414.0,874804.0,875147.0,875483.0,875850.0,876298.0,876817.0,877391.0,877892.0,878347.0,878742.0,879117.0,879491.0,880025.0,880556.0,880939.0,881296.0,881765.0,882136.0,882421.0,883020.0,883525.0,883909.0,884197.0,884599.0,885021.0,885391.0,885907.0,886388.0,886890.0,887326.0,887731
qJhI3BU7P2s,531170.0,531232.0,531277.0,531347.0,531418.0,531504.0,531564.0,531612.0,531674.0,531733.0,531785.0,531849.0,531912.0,531971.0,532045.0,532121.0,532194.0,532268.0,532336.0,532403.0,532471.0,532555.0,532621.0,532702.0,532752.0,532791.0,532869.0,532929.0,532989.0,533061.0,533138.0,533270.0,533273.0,533357.0,533406.0,533475.0,533547.0,533614.0,533685.0,533757.0,533822.0,533876.0,533981.0,534042.0,534108.0,534194.0,534277.0,534343.0,534403.0,534462.0,534538.0,534599.0,534654.0,534728.0,534789.0,534847.0,534908.0,534966.0,535042.0,535125.0,535200.0,535310.0,535418.0,535504.0,535574.0,535647.0,535713.0,535814.0,535904.0,535988.0,536060.0,536123.0,536182.0,536242.0,536319.0,536389.0,536440.0,536505.0,536553.0,536606.0,536668.0,536742.0,536802.0,536860.0,536923.0,536979.0,537043.0,537108.0,537186.0,537270.0,537343.0,537388.0,537449.0,537525.0,537591.0,537638.0,537702.0,537747.0,537824.0,537871.0,537933.0,537980.0,538028.0,538071.0,538104.0,538148.0,538196.0,538242.0,538287.0,538331.0,538382.0,538438.0,538507.0,538568.0,538624.0,538675.0,538725.0,538784.0,538829.0,538893.0,538942.0,539010.0,539067.0,539117.0,539172.0,539211.0,539278.0,539322.0,539381.0,539448.0,539502.0,539545.0,539603.0,539673.0,,,,,,,,,540219.0,540290.0,540337.0,540395.0,540455.0,540522.0,540591.0,540650.0,540710.0,540766.0,540802.0,540848.0,540897.0,540961.0,541018.0,541072.0,541130.0,541172.0,541216.0,541267.0,541315.0,541399.0,541459.0,541528.0,541567.0,541626.0,541666.0,541709.0,541780.0,541838.0,541889.0,541940.0,541986.0,542035.0,542083.0,542129.0,542191.0,542237.0,542292.0,542343.0,542387.0,542445.0,542495.0,542539.0,542578.0,542624.0,542664.0,542702.0,542744.0,542782.0,542830.0,542874.0,542934.0,542979.0,543014.0,543062.0,543113.0,543158.0,543202.0,543276.0,543332.0,543373.0,543412.0,543448.0,543491.0,543532.0,543573.0,543627.0,543665.0,543707.0,543754.0,543804.0,543855.0,543894.0,543940.0,543985.0,544042.0,544110.0,544155.0,544202.0,544240.0,544277.0,544328.0,544376.0,544409.0,544454.0,544504.0,544551.0,544617.0,544676.0,544717.0,544761.0,544804.0,544861.0,544910.0,544971.0,545026.0,545076.0,545132.0,545181.0,545230.0,545262.0,545303.0,545352.0,545401.0,545454.0,545503.0,545541.0,545592.0,545662.0,545719.0,545759.0,545808.0,545863.0,545920.0,545961.0,546015.0,546056.0,546120.0,546162.0,546216.0,,546300.0,546351.0,546417.0,546473.0,546521.0,546580.0,546628.0,546670.0,546738.0,546781.0,546823.0,546892.0,546950.0,546999.0,547041.0,547095.0,547149.0,547222.0,547295.0,547358.0,547437.0,547500.0,547549.0,547611.0,547660.0,547716.0,547776.0,547826.0,547866.0,547929.0,547989.0,548042.0,548093.0,548142.0,548201.0,548268.0,548323.0,548372.0,548419.0,548463.0,548521.0,548566.0,548616.0,548670.0,548720.0,548781.0,548840.0,548887.0,548927.0,548957.0,549007.0,549057.0,549108.0,549154.0,549200.0,549241.0,549275.0,549319.0,549363.0,549395.0,549431.0,549474.0,549527.0,549572.0,549611.0,549654.0,549688.0,549741.0,549793.0,549821.0,549863.0,549927.0,549959.0,550002.0,550054.0,550096.0,550162.0,550215.0,550245.0,550277.0,550319.0,550357.0,550437.0,550502.0,550552.0,550601.0,550652.0,550697.0,550743.0,550788.0,550822.0,550860.0,550896.0,550934.0,550963.0,550989.0,551040.0,551068.0,551110.0,551140.0,551183.0,551211.0,551254.0,551306.0,551349.0,551372.0,551412.0,551444.0,551483.0,551516.0,551552.0,551585.0,551632.0,551677
p81WDgxiAX0,63954.0,63974.0,63997.0,64012.0,64031.0,64051.0,64061.0,64082.0,64102.0,64126.0,64143.0,64159.0,64168.0,64187.0,64199.0,64211.0,64236.0,64260.0,64286.0,64303.0,64328.0,64347.0,64368.0,64385.0,64400.0,64414.0,64432.0,64458.0,64475.0,64498.0,64517.0,64537.0,64555.0,64570.0,64590.0,64609.0,64621.0,64642.0,64664.0,64681.0,64701.0,64718.0,64762.0,64781.0,64805.0,64831.0,64856.0,64880.0,64908.0,64945.0,64972.0,65000.0,65032.0,65049.0,65079.0,65102.0,65126.0,65158.0,65182.0,65214.0,65248.0,65312.0,65344.0,65376.0,65421.0,65449.0,65471.0,65500.0,65523.0,65546.0,65568.0,65593.0,65609.0,65641.0,65661.0,65677.0,65701.0,65724.0,65753.0,65772.0,65802.0,65833.0,65844.0,65856.0,65881.0,65901.0,65926.0,65948.0,65976.0,66004.0,66023.0,66043.0,66067.0,66087.0,66107.0,66128.0,66140.0,66157.0,66175.0,66199.0,66219.0,66242.0,66266.0,66278.0,66292.0,66312.0,66335.0,66348.0,66365.0,66381.0,66400.0,66414.0,66424.0,66442.0,66460.0,66482.0,66500.0,66519.0,66537.0,66565.0,66574.0,66597.0,66616.0,66635.0,66652.0,66680.0,66705.0,66724.0,66754.0,66779.0,66805.0,66825.0,66840.0,66848.0,,,,,,,,,66949.0,66960.0,66968.0,66974.0,66985.0,66995.0,67008.0,67017.0,67026.0,67042.0,67052.0,67071.0,67083.0,67103.0,67110.0,67125.0,67139.0,67149.0,67168.0,67190.0,67207.0,67214.0,67230.0,67262.0,67278.0,67290.0,67302.0,67325.0,67354.0,67369.0,67381.0,67397.0,67414.0,67427.0,67434.0,67457.0,67477.0,67488.0,67497.0,67507.0,67529.0,67540.0,67558.0,67569.0,67584.0,67596.0,67609.0,67614.0,67621.0,67634.0,67652.0,67667.0,67683.0,67701.0,67709.0,67724.0,67738.0,67750.0,67762.0,67771.0,67786.0,67795.0,67800.0,67809.0,67821.0,67839.0,67850.0,67864.0,67871.0,67886.0,67899.0,67912.0,67923.0,67932.0,67942.0,67955.0,67972.0,67991.0,68001.0,68021.0,68036.0,68049.0,68067.0,68074.0,68084.0,68091.0,68111.0,68118.0,68128.0,68138.0,68155.0,68163.0,68179.0,68191.0,68203.0,68218.0,68229.0,68240.0,68253.0,68265.0,68279.0,68287.0,68293.0,68300.0,68308.0,68320.0,68330.0,68337.0,68349.0,68361.0,68377.0,68384.0,68395.0,68402.0,68407.0,68418.0,68431.0,68441.0,68455.0,68465.0,68471.0,,68494.0,68498.0,68507.0,68513.0,68521.0,68531.0,68540.0,68550.0,68561.0,68584.0,68600.0,68608.0,68620.0,68626.0,68632.0,68638.0,68648.0,68654.0,68666.0,68674.0,68685.0,68699.0,68709.0,68724.0,68735.0,68744.0,68752.0,68769.0,68787.0,68799.0,68813.0,68828.0,68837.0,68846.0,68862.0,68880.0,68893.0,68905.0,68915.0,68926.0,68930.0,68952.0,68972.0,68985.0,68993.0,69002.0,69018.0,69034.0,69044.0,69055.0,69068.0,69081.0,69096.0,69110.0,69122.0,69136.0,69145.0,69152.0,69162.0,69172.0,69181.0,69190.0,69200.0,69212.0,69218.0,69227.0,69237.0,69250.0,69263.0,69280.0,69289.0,69300.0,69310.0,69316.0,69324.0,69334.0,69353.0,69363.0,69376.0,69388.0,69399.0,69413.0,69423.0,69439.0,69446.0,69461.0,69474.0,69487.0,69493.0,69503.0,69512.0,69522.0,69533.0,69546.0,69563.0,69580.0,69593.0,69604.0,69612.0,69629.0,69637.0,69647.0,69657.0,69666.0,69677.0,69687.0,69705.0,69724.0,69739.0,69756.0,69767.0,69779.0,69793.0,69799
dVeuGA5KtAY,6403088.0,6403466.0,6403868.0,6404246.0,6404701.0,6405157.0,6405574.0,6405976.0,6406461.0,6406949.0,6407470.0,6407869.0,6408284.0,6408658.0,6409125.0,6409556.0,6409932.0,6410237.0,6410614.0,6410935.0,6411357.0,6411711.0,6412112.0,6412447.0,6412846.0,6413248.0,6413668.0,6414060.0,6414454.0,6414881.0,6415306.0,6415708.0,6416196.0,6416578.0,6417048.0,6417436.0,6417893.0,6418302.0,6418784.0,6419798.0,6421563.0,6423469.0,6425468.0,6427472.0,6429635.0,6431589.0,6433108.0,6434762.0,6436252.0,6437545.0,6438752.0,6439993.0,6441282.0,6442271.0,6443206.0,6444093.0,6445008.0,6445859.0,6446757.0,6447707.0,6448725.0,6450038.0,6451014.0,6451852.0,6452676.0,6453653.0,6454585.0,6455116.0,6455861.0,6456883.0,6457715.0,6458345.0,6459174.0,6459950.0,6460540.0,6461229.0,6461848.0,6462537.0,6463270.0,6463925.0,6464571.0,6465215.0,6465857.0,6466494.0,6467148.0,6467763.0,6468416.0,6469178.0,6469969.0,6470765.0,6471381.0,6472165.0,6473006.0,6473755.0,6474616.0,6475412.0,6475918.0,6476634.0,6477206.0,6477778.0,6478311.0,6478948.0,6479523.0,6480042.0,6480666.0,6481287.0,6481873.0,6482548.0,6483274.0,6483852.0,6484512.0,6485216.0,6485898.0,6486672.0,6487385.0,6488295.0,6489140.0,6489759.0,6490544.0,6491220.0,6492039.0,6492699.0,6493403.0,6493958.0,6494562.0,6495193.0,6495805.0,6496414.0,6497045.0,6497688.0,6498172.0,6498689.0,6499199.0,6499657.0,,,,,,,,,6505592.0,6506326.0,6507017.0,6507713.0,6508385.0,6509079.0,6509620.0,6510344.0,6510981.0,6511594.0,6512196.0,6512699.0,6513384.0,6514010.0,6514612.0,6515231.0,6515763.0,6516376.0,6516955.0,6517509.0,6518022.0,6518414.0,6518883.0,6519341.0,6519865.0,6520325.0,6520718.0,6521145.0,6521439.0,6521826.0,6522112.0,6522497.0,6522866.0,6523372.0,6523823.0,6524255.0,6524636.0,6525032.0,6525432.0,6525801.0,6526263.0,6526626.0,6527052.0,6527415.0,6527845.0,6528227.0,6528658.0,6529017.0,6529466.0,6529887.0,6530301.0,6530700.0,6531081.0,6531537.0,6531947.0,6532349.0,6532807.0,6533325.0,6533815.0,6534267.0,6534652.0,6535051.0,6535385.0,6535820.0,6536200.0,6536595.0,6537022.0,6537478.0,6537901.0,6538340.0,6539029.0,6539669.0,6540158.0,6540831.0,6541395.0,6542010.0,6542621.0,6543226.0,6543826.0,6544357.0,6544892.0,6545524.0,6546176.0,6546791.0,6547386.0,6548000.0,6548658.0,6549176.0,6549812.0,6550440.0,6550986.0,6551693.0,6552322.0,6552945.0,6553502.0,6554125.0,6554745.0,6555270.0,6555768.0,6556289.0,6556856.0,6557400.0,6557897.0,6558373.0,6558851.0,6559342.0,6559934.0,6560467.0,6560924.0,6561614.0,6562165.0,6562716.0,6563206.0,6563736.0,6564235.0,6564654.0,6565287.0,6565660.0,6566141.0,6566624.0,6567088.0,,6567960.0,6568374.0,6568841.0,6569197.0,6569647.0,6570072.0,6570529.0,6570882.0,6571236.0,6571560.0,6571919.0,6572344.0,6572739.0,6573053.0,6573403.0,6573827.0,6574255.0,6574696.0,6575126.0,6575604.0,6575945.0,6576280.0,6576616.0,6577021.0,6577359.0,6577722.0,6578030.0,6578401.0,6578772.0,6579125.0,6579457.0,6579809.0,6580144.0,6580474.0,6580844.0,6581189.0,6581546.0,6581934.0,6582305.0,6582686.0,6582998.0,6583378.0,6583783.0,6584194.0,6584540.0,6584893.0,6585231.0,6585633.0,6586023.0,6586298.0,6586743.0,6587118.0,6587518.0,6587899.0,6588215.0,6588571.0,6588929.0,6589259.0,6589622.0,6589924.0,6590284.0,6590638.0,6590965.0,6591310.0,6591649.0,6591995.0,6592339.0,6592719.0,6593020.0,6593336.0,6593677.0,6593951.0,6594231.0,6594519.0,6594787.0,6595149.0,6595503.0,6595848.0,6596211.0,6596549.0,6596948.0,6597331.0,6597675.0,6598149.0,6598565.0,6598873.0,6599178.0,6599554.0,6599850.0,6600157.0,6600473.0,6600781.0,6601116.0,6601445.0,6601847.0,6602206.0,6602570.0,6602902.0,6603244.0,6603630.0,6604011.0,6604365.0,6604721.0,6605087.0,6605449.0,6605744.0,6606121.0,6606458.0,6606773.0,6607120.0,6607422.0,6607738.0,6608097.0,6608428
KKkjJS5_3bo,195392.0,195452.0,195508.0,195554.0,195627.0,195680.0,195732.0,195785.0,195848.0,195898.0,195946.0,195996.0,196049.0,196086.0,196127.0,196157.0,196218.0,196286.0,196329.0,196364.0,196405.0,196436.0,196485.0,196530.0,196566.0,196612.0,196659.0,196698.0,196737.0,196778.0,196826.0,196870.0,196914.0,196964.0,197011.0,197070.0,197118.0,197167.0,197214.0,197254.0,197294.0,197362.0,197414.0,197458.0,197504.0,197560.0,197611.0,197648.0,197722.0,197785.0,197859.0,197920.0,197969.0,198020.0,198079.0,198131.0,198184.0,198258.0,198319.0,198377.0,198429.0,198477.0,198530.0,198590.0,198650.0,198707.0,198759.0,198821.0,198879.0,198930.0,198979.0,199041.0,199080.0,199128.0,199175.0,199249.0,199302.0,199352.0,199415.0,199466.0,199523.0,199608.0,199669.0,199735.0,199799.0,199845.0,199885.0,199935.0,199971.0,200028.0,200088.0,200147.0,200213.0,200273.0,200320.0,200378.0,200432.0,200498.0,200542.0,200589.0,200635.0,200686.0,200749.0,200814.0,200869.0,200935.0,200978.0,201036.0,201087.0,201158.0,201212.0,201249.0,201324.0,201397.0,201428.0,201479.0,201530.0,201590.0,201653.0,201718.0,201762.0,201811.0,201860.0,201909.0,201942.0,201991.0,202031.0,202074.0,202114.0,202148.0,202174.0,202206.0,202235.0,202265.0,,,,,,,,,202562.0,202587.0,202612.0,202644.0,202680.0,202723.0,202772.0,202814.0,202854.0,202900.0,202931.0,202970.0,203000.0,203034.0,203088.0,203111.0,203134.0,203163.0,203181.0,203213.0,203243.0,203266.0,203286.0,203310.0,203331.0,203350.0,203369.0,203394.0,203421.0,203437.0,203454.0,203464.0,203490.0,203513.0,203537.0,203564.0,203588.0,203611.0,203640.0,203670.0,203710.0,203740.0,203767.0,203795.0,203830.0,203851.0,203873.0,203914.0,203949.0,203977.0,204005.0,204031.0,204064.0,204103.0,204148.0,204169.0,204185.0,204203.0,204223.0,204253.0,204273.0,204299.0,204334.0,204358.0,204379.0,204406.0,204439.0,204469.0,204500.0,204529.0,204556.0,204582.0,204610.0,204658.0,204692.0,204721.0,204753.0,204787.0,204822.0,204853.0,204884.0,204911.0,204948.0,204990.0,205016.0,205040.0,205072.0,205094.0,205122.0,205148.0,205178.0,205201.0,205230.0,205249.0,205280.0,205304.0,205331.0,205356.0,205384.0,205405.0,205426.0,205455.0,205472.0,205505.0,205543.0,205574.0,205602.0,205627.0,205660.0,205685.0,205710.0,205734.0,205757.0,205783.0,205803.0,205822.0,205847.0,205871.0,205892.0,205913.0,205930.0,,205973.0,205997.0,206014.0,206028.0,206049.0,206073.0,206087.0,206106.0,206121.0,206136.0,206152.0,206166.0,206181.0,206195.0,206206.0,206224.0,206245.0,206275.0,206291.0,206308.0,206324.0,206334.0,206355.0,206375.0,206403.0,206418.0,206437.0,206452.0,206475.0,206495.0,206513.0,206529.0,206552.0,206568.0,206582.0,206601.0,206613.0,206630.0,206647.0,206672.0,206686.0,206715.0,206736.0,206763.0,206794.0,206822.0,206848.0,206872.0,206902.0,206931.0,206961.0,207009.0,207048.0,207089.0,207112.0,207139.0,207178.0,207217.0,207257.0,207298.0,207321.0,207355.0,207386.0,207416.0,207451.0,207477.0,207509.0,207533.0,207566.0,207588.0,207614.0,207641.0,207681.0,207721.0,207764.0,207788.0,207810.0,207839.0,207863.0,207894.0,207915.0,207954.0,207974.0,208003.0,208037.0,208063.0,208099.0,208119.0,208139.0,208157.0,208181.0,208207.0,208234.0,208270.0,208294.0,208316.0,208334.0,208357.0,208384.0,208418.0,208462.0,208487.0,208514.0,208536.0,208554.0,208572.0,208600.0,208615.0,208636.0,208649.0,208661.0,208675.0,208690.0,208707
ym73KJuXIfA,85796.0,85803.0,85818.0,85832.0,85840.0,85848.0,85860.0,85875.0,85895.0,85908.0,85923.0,85933.0,85944.0,85962.0,85979.0,85993.0,86004.0,86023.0,86034.0,86043.0,86065.0,86087.0,86098.0,86107.0,86121.0,86129.0,86137.0,86141.0,86156.0,86171.0,86188.0,86203.0,86226.0,86236.0,86259.0,86270.0,86282.0,86293.0,86312.0,86322.0,86337.0,86343.0,86358.0,86370.0,86390.0,86411.0,86438.0,86455.0,86470.0,86481.0,86493.0,86500.0,86516.0,86524.0,86547.0,86564.0,86580.0,86585.0,86598.0,86616.0,86630.0,86638.0,86648.0,86652.0,86662.0,86672.0,86686.0,86695.0,86709.0,86711.0,86722.0,86733.0,86745.0,86754.0,86759.0,86768.0,86776.0,86781.0,86791.0,86797.0,86802.0,86805.0,86824.0,86846.0,86866.0,86880.0,86895.0,86905.0,86916.0,86926.0,86933.0,86940.0,86947.0,86962.0,86973.0,86979.0,86985.0,86997.0,87003.0,87013.0,87023.0,87033.0,87039.0,87045.0,87053.0,87059.0,87071.0,87082.0,87089.0,87096.0,87104.0,87114.0,87124.0,87134.0,87140.0,87147.0,87150.0,87157.0,87170.0,87177.0,87187.0,87193.0,87203.0,87210.0,87215.0,87227.0,87238.0,87250.0,87257.0,87268.0,87271.0,87283.0,87290.0,87299.0,,,,,,,,,87686.0,87753.0,87777.0,87799.0,87828.0,87845.0,87860.0,87873.0,87914.0,87945.0,87963.0,87972.0,87989.0,88004.0,88014.0,88027.0,88042.0,88053.0,88060.0,88074.0,88097.0,88116.0,88125.0,88138.0,88147.0,88163.0,88176.0,88186.0,88204.0,88209.0,88216.0,88221.0,88238.0,88244.0,88254.0,88263.0,88270.0,88287.0,88295.0,88305.0,88314.0,88324.0,88336.0,88349.0,88357.0,88365.0,88373.0,88379.0,88386.0,88394.0,88410.0,88419.0,88438.0,88447.0,88459.0,88463.0,88476.0,88487.0,88494.0,88503.0,88515.0,88524.0,88541.0,88551.0,88561.0,88567.0,88581.0,88595.0,88607.0,88615.0,88628.0,88638.0,88652.0,88666.0,88675.0,88689.0,88700.0,88711.0,88713.0,88720.0,88727.0,88731.0,88742.0,88748.0,88753.0,88785.0,88829.0,88850.0,88862.0,88866.0,88875.0,88885.0,88890.0,88898.0,88904.0,88912.0,88921.0,88929.0,88934.0,88941.0,88949.0,88951.0,88959.0,88965.0,88976.0,88986.0,88994.0,88998.0,89009.0,89011.0,89017.0,89027.0,89038.0,89051.0,89057.0,89063.0,89073.0,89086.0,89097.0,89107.0,89118.0,,89136.0,89151.0,89160.0,89167.0,89175.0,89185.0,89192.0,89196.0,89201.0,89208.0,89216.0,89224.0,89227.0,89237.0,89250.0,89253.0,89259.0,89266.0,89277.0,89289.0,89299.0,89304.0,89313.0,89321.0,89327.0,89344.0,89358.0,89365.0,89369.0,89379.0,89383.0,89393.0,89406.0,89414.0,89421.0,89427.0,89438.0,89450.0,89465.0,89479.0,89489.0,89501.0,89508.0,89516.0,89526.0,89535.0,89540.0,89552.0,89556.0,89563.0,89571.0,89577.0,89585.0,89594.0,89599.0,89609.0,89617.0,89626.0,89632.0,89651.0,89663.0,89675.0,89682.0,89686.0,89693.0,89703.0,89713.0,89718.0,89733.0,89744.0,89750.0,89763.0,89775.0,89783.0,89790.0,89810.0,89823.0,89833.0,89843.0,89851.0,89859.0,89869.0,89883.0,89889.0,89899.0,89903.0,89914.0,89925.0,89936.0,89948.0,89959.0,89986.0,89995.0,90002.0,90014.0,90022.0,90037.0,90053.0,90054.0,90077.0,90091.0,90100.0,90105.0,90114.0,90123.0,90127.0,90134.0,90142.0,90150.0,90155.0,90165.0,90170.0,90183.0,90192
QBwY8ACzQC8,25444.0,25446.0,25446.0,25446.0,25450.0,25451.0,25451.0,25453.0,25455.0,25460.0,25469.0,25472.0,25473.0,25475.0,25476.0,25482.0,25486.0,25493.0,25494.0,25498.0,25504.0,25505.0,25507.0,25511.0,25512.0,25516.0,25518.0,25520.0,25523.0,25526.0,25532.0,25536.0,25538.0,25544.0,25547.0,25555.0,25560.0,25563.0,25565.0,25566.0,25569.0,25570.0,25573.0,25577.0,25580.0,25587.0,25587.0,25590.0,25590.0,25594.0,25596.0,25601.0,25606.0,25608.0,25609.0,25612.0,25619.0,25622.0,25627.0,25633.0,25636.0,25637.0,25639.0,25640.0,25641.0,25646.0,25648.0,25650.0,25652.0,25658.0,25658.0,25658.0,25658.0,25661.0,25661.0,25663.0,25664.0,25666.0,25668.0,25670.0,25671.0,25671.0,25673.0,25675.0,25678.0,25681.0,25682.0,25686.0,25687.0,25692.0,25694.0,25699.0,25701.0,25704.0,25705.0,25707.0,25708.0,25708.0,25709.0,25709.0,25711.0,25712.0,25715.0,25716.0,25717.0,25718.0,25720.0,25721.0,25721.0,25722.0,25724.0,25731.0,25733.0,25736.0,25737.0,25738.0,25738.0,25739.0,25741.0,25742.0,25743.0,25745.0,25746.0,25748.0,25749.0,25751.0,25754.0,25754.0,25756.0,25757.0,25759.0,25761.0,25763.0,25765.0,,,,,,,,,25788.0,25791.0,25794.0,25794.0,25797.0,25798.0,25800.0,25801.0,25801.0,25804.0,25806.0,25808.0,25808.0,25809.0,25809.0,25811.0,25812.0,25814.0,25817.0,25817.0,25818.0,25820.0,25821.0,25822.0,25822.0,25823.0,25824.0,25825.0,25826.0,25831.0,25835.0,25836.0,25837.0,25837.0,25838.0,25840.0,25840.0,25841.0,25842.0,25843.0,25843.0,25842.0,25844.0,25846.0,25846.0,25848.0,25850.0,25850.0,25850.0,25850.0,25851.0,25852.0,25852.0,25852.0,25852.0,25853.0,25855.0,25857.0,25859.0,25859.0,25859.0,25860.0,25862.0,25863.0,25867.0,25867.0,25868.0,25870.0,25871.0,25872.0,25873.0,25873.0,25875.0,25878.0,25878.0,25879.0,25879.0,25885.0,25885.0,25886.0,25886.0,25887.0,25887.0,25887.0,25890.0,25890.0,25890.0,25893.0,25896.0,25896.0,25896.0,25899.0,25902.0,25904.0,25905.0,25905.0,25905.0,25909.0,25910.0,25910.0,25912.0,25914.0,25917.0,25917.0,25917.0,25918.0,25918.0,25919.0,25920.0,25923.0,25925.0,25925.0,25926.0,25926.0,25926.0,25928.0,25929.0,25930.0,25931.0,25932.0,25932.0,,25933.0,25933.0,25934.0,25934.0,25934.0,25939.0,25941.0,25941.0,25941.0,25941.0,25941.0,25944.0,25944.0,25948.0,25949.0,25950.0,25953.0,25954.0,25956.0,25957.0,25958.0,25958.0,25959.0,25961.0,25967.0,25967.0,25969.0,25970.0,25971.0,25971.0,25971.0,25972.0,25974.0,25977.0,25978.0,25978.0,25978.0,25980.0,25981.0,25982.0,25984.0,25984.0,25987.0,25988.0,25989.0,25989.0,25991.0,25993.0,25994.0,25996.0,25996.0,25996.0,25997.0,25998.0,25999.0,25999.0,26000.0,26002.0,26004.0,26005.0,26007.0,26008.0,26010.0,26012.0,26014.0,26016.0,26016.0,26017.0,26019.0,26020.0,26021.0,26021.0,26021.0,26023.0,26023.0,26023.0,26024.0,26025.0,26027.0,26028.0,26031.0,26032.0,26034.0,26035.0,26037.0,26037.0,26037.0,26038.0,26038.0,26038.0,26039.0,26041.0,26043.0,26047.0,26047.0,26047.0,26050.0,26051.0,26052.0,26054.0,26056.0,26060.0,26061.0,26062.0,26065.0,26068.0,26069.0,26070.0,26073.0,26073.0,26075.0,26076.0,26076.0,26077
C3HDIYnQnkw,2322503.0,2322555.0,2322623.0,2322656.0,2322712.0,2322745.0,2322792.0,2322835.0,2322912.0,2322992.0,2323033.0,2323092.0,2323141.0,2323189.0,2323240.0,2323311.0,2323354.0,2323401.0,2323468.0,2323530.0,2323585.0,2323649.0,2323708.0,2323753.0,2323813.0,2323878.0,2323925.0,2323986.0,2324049.0,2324105.0,2324162.0,2324200.0,2324274.0,2324380.0,2324488.0,2324592.0,2324668.0,2324730.0,2324795.0,2324853.0,2324900.0,2324956.0,2325020.0,2325099.0,2325185.0,2325269.0,2325320.0,2325385.0,2325471.0,2325535.0,2325587.0,2325651.0,2325715.0,2325761.0,2325820.0,2325881.0,2325946.0,2326005.0,2326068.0,2326150.0,2326234.0,2326372.0,2326500.0,2326731.0,2326978.0,2327124.0,2327241.0,2327355.0,2327495.0,2327623.0,2327726.0,2327809.0,2327917.0,2328014.0,2328085.0,2328171.0,2328269.0,2328349.0,2328447.0,2328566.0,2328669.0,2328788.0,2328887.0,2328999.0,2329068.0,2329178.0,2329261.0,2329335.0,2329395.0,2329466.0,2329538.0,2329605.0,2329686.0,2329747.0,2329823.0,2329898.0,2329952.0,2330002.0,2330050.0,2330102.0,2330149.0,2330210.0,2330250.0,2330297.0,2330343.0,2330392.0,2330444.0,2330496.0,2330541.0,2330598.0,2330647.0,2330694.0,2330743.0,2330798.0,2330857.0,2330910.0,2330944.0,2331000.0,2331033.0,2331074.0,2331111.0,2331164.0,2331233.0,2331287.0,2331334.0,2331378.0,2331440.0,2331496.0,2331543.0,2331605.0,2331647.0,2331694.0,2331729.0,2331779.0,,,,,,,,,2332210.0,2332252.0,2332310.0,2332353.0,2332389.0,2332429.0,2332468.0,2332505.0,2332537.0,2332573.0,2332616.0,2332663.0,2332705.0,2332746.0,2332782.0,2332814.0,2332856.0,2332902.0,2332943.0,2332991.0,2333044.0,2333070.0,2333122.0,2333169.0,2333219.0,2333266.0,2333323.0,2333363.0,2333414.0,2333454.0,2333509.0,2333546.0,2333581.0,2333622.0,2333663.0,2333697.0,2333726.0,2333759.0,2333786.0,2333834.0,2333887.0,2333922.0,2333953.0,2333987.0,2334021.0,2334061.0,2334092.0,2334121.0,2334152.0,2334183.0,2334220.0,2334245.0,2334281.0,2334315.0,2334349.0,2334385.0,2334418.0,2334443.0,2334475.0,2334533.0,2334565.0,2334613.0,2334666.0,2334716.0,2334763.0,2334820.0,2334864.0,2334922.0,2334957.0,2334988.0,2335028.0,2335049.0,2335080.0,2335116.0,2335156.0,2335202.0,2335255.0,2335300.0,2335343.0,2335380.0,2335419.0,2335467.0,2335503.0,2335547.0,2335600.0,2335645.0,2335690.0,2335733.0,2335774.0,2335828.0,2335891.0,2335953.0,2335994.0,2336034.0,2336078.0,2336127.0,2336178.0,2336219.0,2336289.0,2336338.0,2336383.0,2336433.0,2336465.0,2336497.0,2336544.0,2336581.0,2336633.0,2336673.0,2336715.0,2336757.0,2336802.0,2336849.0,2336889.0,2336938.0,2337005.0,2337042.0,2337086.0,2337126.0,2337163.0,2337201.0,2337247.0,,2337336.0,2337368.0,2337416.0,2337454.0,2337501.0,2337568.0,2337617.0,2337672.0,2337726.0,2337803.0,2337860.0,2337917.0,2337970.0,2338019.0,2338061.0,2338116.0,2338164.0,2338202.0,2338243.0,2338307.0,2338358.0,2338412.0,2338456.0,2338485.0,2338552.0,2338589.0,2338635.0,2338677.0,2338718.0,2338751.0,2338789.0,2338827.0,2338867.0,2338901.0,2338944.0,2338985.0,2339032.0,2339076.0,2339124.0,2339168.0,2339196.0,2339243.0,2339288.0,2339324.0,2339365.0,2339408.0,2339455.0,2339506.0,2339534.0,2339567.0,2339609.0,2339664.0,2339705.0,2339751.0,2339805.0,2339864.0,2339907.0,2339944.0,2339981.0,2340019.0,2340054.0,2340101.0,2340138.0,2340180.0,2340222.0,2340265.0,2340301.0,2340344.0,2340383.0,2340421.0,2340454.0,2340485.0,2340521.0,2340561.0,2340624.0,2340669.0,2340716.0,2340759.0,2340811.0,2340862.0,2340913.0,2340958.0,2341008.0,2341037.0,2341093.0,2341138.0,2341189.0,2341228.0,2341270.0,2341315.0,2341360.0,2341430.0,2341500.0,2341588.0,2341710.0,2341814.0,2341880.0,2341953.0,2342018.0,2342073.0,2342128.0,2342181.0,2342228.0,2342278.0,2342320.0,2342345.0,2342394.0,2342459.0,2342512.0,2342554.0,2342615.0,2342669.0,2342711.0,2342763
cjNIQmBstXs,2091763.0,2091824.0,2091885.0,2091938.0,2091983.0,2092031.0,2092086.0,2092147.0,2092199.0,2092241.0,2092297.0,2092346.0,2092392.0,2092447.0,2092504.0,2092564.0,2092618.0,2092677.0,2092729.0,2092789.0,2092822.0,2092871.0,2092911.0,2092969.0,2093011.0,2093056.0,2093113.0,2093174.0,2093216.0,2093290.0,2093323.0,2093355.0,2093417.0,2093502.0,2093592.0,2093683.0,2093754.0,2093815.0,2093858.0,2093906.0,2093935.0,2093991.0,2094043.0,2094092.0,2094156.0,2094213.0,2094261.0,2094322.0,2094388.0,2094460.0,2094508.0,2094559.0,2094589.0,2094641.0,2094701.0,2094749.0,2094803.0,2094857.0,2094909.0,2094992.0,2095083.0,2095183.0,2095257.0,2095374.0,2095535.0,2095630.0,2095701.0,2095776.0,2095866.0,2095954.0,2096040.0,2096107.0,2096167.0,2096220.0,2096264.0,2096318.0,2096389.0,2096452.0,2096526.0,2096598.0,2096640.0,2096710.0,2096785.0,2096861.0,2096921.0,2097002.0,2097052.0,2097105.0,2097160.0,2097225.0,2097277.0,2097320.0,2097368.0,2097437.0,2097499.0,2097552.0,2097601.0,2097644.0,2097680.0,2097722.0,2097763.0,2097808.0,2097868.0,2097911.0,2097959.0,2098009.0,2098049.0,2098087.0,2098132.0,2098160.0,2098218.0,2098257.0,2098291.0,2098338.0,2098380.0,2098423.0,2098459.0,2098513.0,2098551.0,2098599.0,2098641.0,2098690.0,2098738.0,2098779.0,2098821.0,2098857.0,2098902.0,2098938.0,2098975.0,2099024.0,2099074.0,2099113.0,2099143.0,2099177.0,,,,,,,,,2099547.0,2099589.0,2099629.0,2099675.0,2099711.0,2099739.0,2099790.0,2099819.0,2099861.0,2099901.0,2099934.0,2099968.0,2100005.0,2100031.0,2100065.0,2100104.0,2100138.0,2100193.0,2100214.0,2100252.0,2100290.0,2100324.0,2100372.0,2100403.0,2100448.0,2100473.0,2100518.0,2100558.0,2100606.0,2100640.0,2100695.0,2100741.0,2100790.0,2100830.0,2100853.0,2100907.0,2100941.0,2100977.0,2101016.0,2101054.0,2101088.0,2101122.0,2101162.0,2101191.0,2101223.0,2101268.0,2101312.0,2101349.0,2101398.0,2101448.0,2101490.0,2101524.0,2101561.0,2101608.0,2101630.0,2101704.0,2101745.0,2101783.0,2101825.0,2101875.0,2101909.0,2101948.0,2101974.0,2102017.0,2102061.0,2102101.0,2102138.0,2102179.0,2102227.0,2102253.0,2102292.0,2102329.0,2102360.0,2102400.0,2102448.0,2102506.0,2102546.0,2102596.0,2102636.0,2102663.0,2102692.0,2102720.0,2102770.0,2102832.0,2102870.0,2102912.0,2102960.0,2102996.0,2103026.0,2103080.0,2103122.0,2103173.0,2103226.0,2103287.0,2103352.0,2103422.0,2103493.0,2103572.0,2103665.0,2103744.0,2103824.0,2103903.0,2103977.0,2104064.0,2104138.0,2104221.0,2104297.0,2104353.0,2104420.0,2104479.0,2104544.0,2104609.0,2104652.0,2104696.0,2104751.0,2104807.0,2104842.0,2104884.0,2104944.0,2104990.0,2105033.0,,2105118.0,2105169.0,2105207.0,2105249.0,2105303.0,2105352.0,2105401.0,2105441.0,2105508.0,2105557.0,2105607.0,2105654.0,2105700.0,2105745.0,2105785.0,2105829.0,2105886.0,2105933.0,2105981.0,2106033.0,2106071.0,2106133.0,2106180.0,2106239.0,2106289.0,2106344.0,2106387.0,2106422.0,2106466.0,2106508.0,2106537.0,2106574.0,2106614.0,2106638.0,2106674.0,2106705.0,2106736.0,2106773.0,2106813.0,2106862.0,2106891.0,2106928.0,2106973.0,2107002.0,2107052.0,2107104.0,2107135.0,2107175.0,2107201.0,2107229.0,2107264.0,2107316.0,2107364.0,2107403.0,2107448.0,2107474.0,2107521.0,2107558.0,2107601.0,2107646.0,2107684.0,2107719.0,2107745.0,2107787.0,2107828.0,2107867.0,2107903.0,2107929.0,2107974.0,2108013.0,2108038.0,2108062.0,2108096.0,2108136.0,2108180.0,2108216.0,2108253.0,2108287.0,2108332.0,2108382.0,2108416.0,2108458.0,2108495.0,2108525.0,2108570.0,2108602.0,2108630.0,2108671.0,2108706.0,2108740.0,2108774.0,2108821.0,2108871.0,2108938.0,2109040.0,2109096.0,2109137.0,2109186.0,2109233.0,2109278.0,2109314.0,2109364.0,2109413.0,2109451.0,2109497.0,2109534.0,2109588.0,2109646.0,2109701.0,2109740.0,2109778.0,2109827.0,2109865.0,2109896
On6Pm4M-dQQ,6039320.0,6044089.0,6049141.0,6053927.0,6059916.0,6066246.0,6073074.0,6080710.0,6088753.0,6096994.0,6104469.0,6112884.0,6122219.0,6130627.0,6139785.0,6149300.0,6158300.0,6166886.0,6176062.0,6185678.0,6195225.0,6204299.0,6214504.0,6223894.0,6231874.0,6239603.0,6247721.0,6255736.0,6262839.0,6270721.0,6278005.0,6284414.0,6291619.0,6299200.0,6305737.0,6312819.0,6320731.0,6328005.0,6334498.0,6341297.0,6347431.0,6354597.0,6360396.0,6366877.0,6373276.0,6378724.0,6384345.0,6390243.0,6395936.0,6401498.0,6407199.0,6413857.0,6419632.0,6426244.0,6432579.0,6438593.0,6444658.0,6450219.0,6456160.0,6461751.0,6467559.0,6473492.0,6479518.0,6485913.0,6492118.0,6497651.0,6502447.0,6507800.0,6513089.0,6519276.0,6524491.0,6529230.0,6534325.0,6539338.0,6544660.0,6549967.0,6555308.0,6560492.0,6565844.0,6571557.0,6576703.0,6581990.0,6587429.0,6593058.0,6598265.0,6604112.0,6609282.0,6613963.0,6619257.0,6624762.0,6630284.0,6635732.0,6641860.0,6647424.0,6652329.0,6657938.0,6663349.0,6668232.0,6672886.0,6678317.0,6683723.0,6688579.0,6693428.0,6698568.0,6703817.0,6709238.0,6714758.0,6720167.0,6724813.0,6729542.0,6734356.0,6739412.0,6744047.0,6749005.0,6753993.0,6758206.0,6763015.0,6767581.0,6772408.0,6777082.0,6781724.0,6786464.0,6790797.0,6795402.0,6800378.0,6805431.0,6810596.0,6816265.0,6821953.0,6827162.0,6832532.0,6838216.0,6843639.0,6848366.0,,,,,,,,,6889657.0,6894137.0,6898763.0,6902807.0,6906853.0,6911032.0,6914518.0,6918512.0,6922426.0,6926397.0,6930210.0,6933843.0,6937930.0,6941715.0,6945296.0,6948879.0,6952500.0,6956513.0,6960312.0,6964292.0,6968534.0,6972931.0,6976668.0,6980268.0,6984065.0,6987858.0,6991727.0,6995664.0,6999638.0,7003256.0,7007148.0,7011113.0,7015069.0,7019068.0,7023651.0,7027440.0,7030985.0,7034983.0,7038907.0,7043141.0,7047338.0,7051974.0,7056276.0,7059859.0,7064318.0,7068933.0,7073548.0,7078418.0,7082999.0,7086926.0,7090983.0,7095527.0,7100247.0,7105329.0,7110465.0,7115206.0,7119559.0,7123930.0,7128179.0,7132764.0,7137244.0,7141690.0,7145384.0,7149477.0,7153139.0,7157128.0,7161650.0,7166016.0,7169875.0,7173636.0,7177188.0,7180343.0,7184127.0,7188539.0,7192539.0,7196623.0,7200898.0,7205053.0,7208305.0,7212629.0,7216891.0,7220520.0,7225269.0,7229738.0,7233561.0,7237104.0,7241321.0,7245400.0,7249276.0,7252974.0,7257193.0,7261081.0,7264382.0,7268003.0,7271702.0,7275697.0,7279838.0,7283683.0,7287654.0,7291201.0,7295209.0,7299022.0,7303093.0,7307016.0,7310898.0,7314427.0,7317876.0,7322399.0,7326790.0,7331159.0,7335289.0,7339695.0,7343779.0,7347622.0,7351416.0,7355334.0,7359054.0,7362982.0,7366998.0,7371408.0,7374687.0,,7383728.0,7388181.0,7392314.0,7396357.0,7399944.0,7403680.0,7407171.0,7411269.0,7415462.0,7419369.0,7423393.0,7427458.0,7431005.0,7434976.0,7438844.0,7443160.0,7447266.0,7451472.0,7455879.0,7459323.0,7462869.0,7466715.0,7470805.0,7475041.0,7479432.0,7483467.0,7486977.0,7491067.0,7495864.0,7500634.0,7505410.0,7509968.0,7514243.0,7517927.0,7522117.0,7526580.0,7531066.0,7535644.0,7540261.0,7544797.0,7548799.0,7552844.0,7557203.0,7561698.0,7566042.0,7570349.0,7574401.0,7578215.0,7582000.0,7585436.0,7588989.0,7592700.0,7596558.0,7600466.0,7604643.0,7608822.0,7612402.0,7617246.0,7621543.0,7626022.0,7629931.0,7633674.0,7638546.0,7644161.0,7649076.0,7653585.0,7657267.0,7660709.0,7664216.0,7667520.0,7670545.0,7673710.0,7677164.0,7680889.0,7684459.0,7687494.0,7691082.0,7694784.0,7698092.0,7701832.0,7706028.0,7709963.0,7713704.0,7717883.0,7722090.0,7726027.0,7730219.0,7735146.0,7739631.0,7743827.0,7748238.0,7752061.0,7755438.0,7758764.0,7762697.0,7766519.0,7769982.0,7774036.0,7778282.0,7782303.0,7786472.0,7791231.0,7795569.0,7799044.0,7802965.0,7806857.0,7810727.0,7814840.0,7818434.0,7821734.0,7824967.0,7828109.0,7831719.0,7835483
MZ5lkYhm6xQ,1597677.0,1599087.0,1600366.0,1601678.0,1603080.0,1604392.0,1605806.0,1607452.0,1609120.0,1610594.0,1611870.0,1613242.0,1614965.0,1617059.0,1619895.0,1622565.0,1624758.0,1626691.0,1629463.0,1631722.0,1633425.0,1635206.0,1636833.0,1638252.0,1639565.0,1641279.0,1643040.0,1644605.0,1646159.0,1647780.0,1649300.0,1650468.0,1651811.0,1653329.0,1654643.0,1655977.0,1657332.0,1658935.0,1660368.0,1661873.0,1663846.0,1665636.0,1667048.0,1668502.0,1670058.0,1671153.0,1672641.0,1674402.0,1675967.0,1677732.0,1679550.0,1681092.0,1682254.0,1683437.0,1684613.0,1685704.0,1686890.0,1688220.0,1689412.0,1690488.0,1691666.0,1692938.0,1694086.0,1695596.0,1697064.0,1698144.0,1699224.0,1700610.0,1701721.0,1703257.0,1704332.0,1705703.0,1706894.0,1707945.0,1709158.0,1710447.0,1711554.0,1712807.0,1714075.0,1715250.0,1716269.0,1717276.0,1718292.0,1719263.0,1720232.0,1721283.0,1722155.0,1723037.0,1723851.0,1724943.0,1725992.0,1726934.0,1728042.0,1728964.0,1729731.0,1730879.0,1731969.0,1732979.0,1734091.0,1735275.0,1736401.0,1737383.0,1738660.0,1739624.0,1740635.0,1741520.0,1742655.0,1743690.0,1744460.0,1745387.0,1746308.0,1747219.0,1748169.0,1749134.0,1750086.0,1750839.0,1751646.0,1752526.0,1753479.0,1754543.0,1755458.0,1756410.0,1757237.0,1758159.0,1758956.0,1759819.0,1760555.0,1761283.0,1762101.0,1762903.0,1763661.0,1764461.0,1765271.0,1766037.0,,,,,,,,,1774656.0,1775370.0,1776268.0,1777083.0,1778031.0,1778987.0,1779894.0,1780717.0,1781957.0,1783723.0,1785430.0,1786686.0,1788219.0,1789504.0,1790810.0,1791847.0,1793054.0,1794144.0,1795507.0,1796475.0,1797237.0,1797996.0,1798632.0,1799258.0,1799899.0,1800514.0,1801276.0,1802169.0,1802905.0,1803566.0,1804339.0,1805140.0,1805911.0,1806604.0,1807344.0,1808007.0,1808581.0,1809300.0,1809951.0,1810556.0,1811206.0,1811892.0,1812534.0,1813247.0,1814119.0,1814832.0,1815833.0,1816703.0,1817483.0,1818292.0,1818846.0,1819660.0,1820353.0,1821095.0,1821885.0,1822757.0,1823438.0,1824088.0,1824811.0,1825647.0,1826389.0,1827057.0,1827746.0,1828442.0,1829001.0,1829738.0,1830452.0,1831226.0,1831849.0,1832578.0,1833223.0,1833963.0,1834685.0,1835524.0,1836310.0,1837110.0,1837959.0,1838595.0,1839213.0,1839916.0,1840766.0,1841379.0,1842162.0,1843076.0,1843902.0,1844649.0,1845570.0,1846380.0,1847267.0,1848089.0,1849092.0,1849966.0,1850671.0,1851590.0,1852585.0,1853667.0,1854615.0,1855626.0,1856526.0,1857301.0,1858236.0,1859330.0,1860201.0,1861156.0,1862251.0,1863188.0,1863867.0,1864894.0,1866078.0,1866991.0,1868033.0,1869295.0,1870212.0,1871191.0,1872228.0,1873091.0,1874026.0,1874977.0,1876015.0,1876905.0,1877685.0,,1879688.0,1880629.0,1881690.0,1882694.0,1883560.0,1884293.0,1884992.0,1885834.0,1886668.0,1887440.0,1888319.0,1889172.0,1889811.0,1890563.0,1891289.0,1892585.0,1893524.0,1894634.0,1895420.0,1896040.0,1896899.0,1897610.0,1898372.0,1899162.0,1900030.0,1900896.0,1901622.0,1902474.0,1903345.0,1904138.0,1904902.0,1905611.0,1906275.0,1906797.0,1907431.0,1908042.0,1908614.0,1909188.0,1909857.0,1910420.0,1911008.0,1911587.0,1912223.0,1912940.0,1913485.0,1914353.0,1915235.0,1916236.0,1917330.0,1918537.0,1919861.0,1921018.0,1922168.0,1923210.0,1924079.0,1924890.0,1925751.0,1926583.0,1927363.0,1928186.0,1928921.0,1929588.0,1930364.0,1931440.0,1932623.0,1933998.0,1935756.0,1937405.0,1938598.0,1939900.0,1940961.0,1942117.0,1943209.0,1944212.0,1945275.0,1946246.0,1947237.0,1948139.0,1948954.0,1949794.0,1950635.0,1951350.0,1951890.0,1952485.0,1953100.0,1953735.0,1954384.0,1954988.0,1955662.0,1956185.0,1956741.0,1957347.0,1958029.0,1958705.0,1959479.0,1960336.0,1960938.0,1961604.0,1962242.0,1962762.0,1963384.0,1963950.0,1964497.0,1964913.0,1965573.0,1966376.0,1967205.0,1967931.0,1968600.0,1969414.0,1970112.0,1970942.0,1971640.0,1972467
8kNIMwclEl4,232044.0,232074.0,232107.0,232142.0,232170.0,232189.0,232237.0,232278.0,232313.0,232350.0,232373.0,232414.0,232458.0,232513.0,232549.0,232602.0,232640.0,232681.0,232732.0,232759.0,232801.0,232855.0,232896.0,232937.0,233008.0,233065.0,233114.0,233154.0,233200.0,233243.0,233290.0,233332.0,233380.0,233424.0,233463.0,233514.0,233548.0,233594.0,233616.0,233660.0,233691.0,233719.0,233767.0,233814.0,233848.0,233894.0,233921.0,233951.0,233984.0,234028.0,234061.0,234113.0,234151.0,234194.0,234232.0,234266.0,234291.0,234335.0,234374.0,234405.0,234454.0,234500.0,234559.0,234599.0,234646.0,234687.0,234735.0,234772.0,234822.0,234866.0,234914.0,234937.0,234976.0,235012.0,235042.0,235088.0,235127.0,235160.0,235198.0,235231.0,235255.0,235285.0,235333.0,235370.0,235405.0,235438.0,235480.0,235512.0,235554.0,235586.0,235623.0,235657.0,235688.0,235727.0,235756.0,235785.0,235823.0,235852.0,235901.0,235933.0,235978.0,236057.0,236178.0,236220.0,236251.0,236282.0,236309.0,236346.0,236379.0,236406.0,236439.0,236481.0,236518.0,236553.0,236594.0,236628.0,236663.0,236694.0,236714.0,236753.0,236780.0,236804.0,236842.0,236872.0,236896.0,236927.0,236957.0,236983.0,237017.0,237066.0,237109.0,237140.0,237172.0,237202.0,,,,,,,,,237491.0,237545.0,237576.0,237617.0,237647.0,237682.0,237713.0,237750.0,237788.0,237835.0,237862.0,237888.0,237908.0,237940.0,237975.0,238006.0,238030.0,238056.0,238101.0,238128.0,238161.0,238179.0,238213.0,238244.0,238269.0,238301.0,238321.0,238348.0,238378.0,238415.0,238451.0,238477.0,238508.0,238543.0,238567.0,238599.0,238630.0,238656.0,238685.0,238710.0,238732.0,238758.0,238788.0,238817.0,238854.0,238886.0,238911.0,238941.0,238963.0,239002.0,239037.0,239058.0,239099.0,239124.0,239161.0,239190.0,239231.0,239254.0,239294.0,239318.0,239347.0,239387.0,239421.0,239474.0,239512.0,239544.0,239572.0,239610.0,239641.0,239672.0,239691.0,239723.0,239744.0,239764.0,239792.0,239824.0,239841.0,239872.0,239897.0,239920.0,239940.0,239963.0,240001.0,240033.0,240057.0,240088.0,240112.0,240135.0,240162.0,240188.0,240213.0,240239.0,240264.0,240293.0,240319.0,240337.0,240366.0,240385.0,240415.0,240437.0,240462.0,240490.0,240528.0,240565.0,240606.0,240641.0,240672.0,240699.0,240725.0,240747.0,240780.0,240807.0,240832.0,240878.0,240908.0,240933.0,240956.0,240993.0,241021.0,241049.0,241076.0,,241148.0,241168.0,241194.0,241221.0,241271.0,241298.0,241347.0,241373.0,241399.0,241433.0,241459.0,241494.0,241533.0,241559.0,241582.0,241607.0,241632.0,241656.0,241694.0,241730.0,241760.0,241785.0,241818.0,241844.0,241869.0,241907.0,241943.0,241961.0,241992.0,242025.0,242052.0,242095.0,242130.0,242177.0,242204.0,242244.0,242272.0,242297.0,242320.0,242332.0,242364.0,242412.0,242463.0,242495.0,242528.0,242549.0,242607.0,242671.0,242713.0,242742.0,242769.0,242796.0,242829.0,242871.0,242900.0,242919.0,242954.0,242997.0,243029.0,243063.0,243091.0,243123.0,243157.0,243187.0,243225.0,243254.0,243292.0,243336.0,243383.0,243417.0,243457.0,243479.0,243507.0,243553.0,243589.0,243634.0,243665.0,243700.0,243728.0,243754.0,243783.0,243814.0,243839.0,243868.0,243904.0,243938.0,243981.0,244014.0,244048.0,244086.0,244107.0,244144.0,244169.0,244219.0,244249.0,244279.0,244311.0,244334.0,244369.0,244394.0,244435.0,244467.0,244505.0,244533.0,244565.0,244599.0,244626.0,244655.0,244692.0,244722.0,244756.0,244799.0,244836.0,244869
xlyrt5eAtKI,28823919.0,28831012.0,28838887.0,28846551.0,28854789.0,28862759.0,28869637.0,28877329.0,28885585.0,28894345.0,28902912.0,28910364.0,28917519.0,28924457.0,28932142.0,28939454.0,28946245.0,28952423.0,28958864.0,28965744.0,28972526.0,28979462.0,28987156.0,28994370.0,29001349.0,29008149.0,29014751.0,29021383.0,29028158.0,29034391.0,29040621.0,29046980.0,29053703.0,29060091.0,29066818.0,29073463.0,29080476.0,29086919.0,29093509.0,29100460.0,29107219.0,29112943.0,29118683.0,29124579.0,29130495.0,29136589.0,29142736.0,29149100.0,29155184.0,29160883.0,29166296.0,29172014.0,29177592.0,29183444.0,29190062.0,29196039.0,29201913.0,29207744.0,29213615.0,29219020.0,29224817.0,29230816.0,29236700.0,29242044.0,29247413.0,29252516.0,29257624.0,29262872.0,29267597.0,29273743.0,29279313.0,29284416.0,29289741.0,29295090.0,29300514.0,29306039.0,29311499.0,29317284.0,29323127.0,29328728.0,29333978.0,29339284.0,29344640.0,29350230.0,29355966.0,29361688.0,29367241.0,29372459.0,29377738.0,29382893.0,29388225.0,29393417.0,29399670.0,29405586.0,29411040.0,29416462.0,29421577.0,29426379.0,29431419.0,29436774.0,29442242.0,29447728.0,29452929.0,29457890.0,29462766.0,29467575.0,29471903.0,29476527.0,29481016.0,29485884.0,29490707.0,29496181.0,29502119.0,29507714.0,29513023.0,29518029.0,29522563.0,29526984.0,29531501.0,29535998.0,29540484.0,29544955.0,29549718.0,29554330.0,29559118.0,29564086.0,29569279.0,29574565.0,29579688.0,29584660.0,29589285.0,29593889.0,29598497.0,29603209.0,,,,,,,,,29654551.0,29660642.0,29666763.0,29672819.0,29678681.0,29684121.0,29689727.0,29695638.0,29702770.0,29709283.0,29715627.0,29722155.0,29729051.0,29735644.0,29742301.0,29749047.0,29755481.0,29762247.0,29768829.0,29775553.0,29781560.0,29787566.0,29793334.0,29798646.0,29805084.0,29810724.0,29816542.0,29822323.0,29827741.0,29833281.0,29838801.0,29844422.0,29849648.0,29854714.0,29860004.0,29865220.0,29870561.0,29875482.0,29881226.0,29886675.0,29892000.0,29897125.0,29902351.0,29907290.0,29912276.0,29917051.0,29921806.0,29926763.0,29931744.0,29936310.0,29941043.0,29945759.0,29950193.0,29954929.0,29959446.0,29964330.0,29968853.0,29972968.0,29977456.0,29982227.0,29986858.0,29991097.0,29995298.0,29999553.0,30003574.0,30008151.0,30012837.0,30017312.0,30021407.0,30025437.0,30029850.0,30034460.0,30038951.0,30043811.0,30049167.0,30054555.0,30059782.0,30064405.0,30068831.0,30073315.0,30077936.0,30082419.0,30087178.0,30092210.0,30097101.0,30101828.0,30106573.0,30111512.0,30116286.0,30121000.0,30125625.0,30130319.0,30134911.0,30139777.0,30144534.0,30149306.0,30153858.0,30158356.0,30163194.0,30167571.0,30171981.0,30176409.0,30180980.0,30185462.0,30189887.0,30193998.0,30198123.0,30202223.0,30206488.0,30210666.0,30214651.0,30218867.0,30223194.0,30227358.0,30231644.0,30235875.0,30240101.0,30244320.0,30249319.0,30254725.0,30259557.0,,30268839.0,30273511.0,30278122.0,30282774.0,30287561.0,30291885.0,30296421.0,30300833.0,30305180.0,30309600.0,30313739.0,30317987.0,30322392.0,30326836.0,30331037.0,30335475.0,30340237.0,30344964.0,30349441.0,30354066.0,30358690.0,30363209.0,30367802.0,30372371.0,30376894.0,30381212.0,30385315.0,30389693.0,30394566.0,30399358.0,30403945.0,30408725.0,30413179.0,30417351.0,30422632.0,30429061.0,30434723.0,30440215.0,30445099.0,30449554.0,30454097.0,30458782.0,30463342.0,30467677.0,30471997.0,30476318.0,30480774.0,30485266.0,30489744.0,30494019.0,30498385.0,30502901.0,30507477.0,30512044.0,30516473.0,30520861.0,30525145.0,30529646.0,30534410.0,30539063.0,30543555.0,30548030.0,30552809.0,30557275.0,30562138.0,30567049.0,30571305.0,30575428.0,30579599.0,30584075.0,30588401.0,30592656.0,30597192.0,30602203.0,30607329.0,30612597.0,30618103.0,30624058.0,30629750.0,30634691.0,30639585.0,30644497.0,30649115.0,30654114.0,30659190.0,30664258.0,30669385.0,30674774.0,30679754.0,30684866.0,30690118.0,30694807.0,30699485.0,30704991.0,30712199.0,30717314.0,30721874.0,30726460.0,30730700.0,30735038.0,30739672.0,30744338.0,30748676.0,30752782.0,30756922.0,30761336.0,30765966.0,30770332.0,30774600.0,30778795.0,30782913.0,30787159.0,30791371.0,30795714
2H0duKgnYgE,23492550.0,23497906.0,23503926.0,23509774.0,23515680.0,23521420.0,23526791.0,23532314.0,23538464.0,23544915.0,23551455.0,23557299.0,23562979.0,23568277.0,23573805.0,23579291.0,23584754.0,23590348.0,23595573.0,23600599.0,23605693.0,23611616.0,23617885.0,23623527.0,23628883.0,23633953.0,23639982.0,23645524.0,23651079.0,23656548.0,23662196.0,23668001.0,23673734.0,23679683.0,23685796.0,23691812.0,23698520.0,23705285.0,23711900.0,23718475.0,23724606.0,23730178.0,23735694.0,23741003.0,23746790.0,23752735.0,23758696.0,23764838.0,23771421.0,23778700.0,23785290.0,23792520.0,23799577.0,23806398.0,23812749.0,23818715.0,23825154.0,23832915.0,23840186.0,23846944.0,23852913.0,23859020.0,23865124.0,23871734.0,23877546.0,23882733.0,23888302.0,23894534.0,23899754.0,23906559.0,23912626.0,23917897.0,23923222.0,23928886.0,23934982.0,23940901.0,23946948.0,23953411.0,23959522.0,23965639.0,23972042.0,23977840.0,23983528.0,23989610.0,23995363.0,24001262.0,24007296.0,24012842.0,24018533.0,24024437.0,24030112.0,24036279.0,24041954.0,24047796.0,24053377.0,24058582.0,24063498.0,24068613.0,24073932.0,24078933.0,24084294.0,24089721.0,24095182.0,24100231.0,24105355.0,24110810.0,24116151.0,24122458.0,24128953.0,24135308.0,24141498.0,24147683.0,24153237.0,24158798.0,24164044.0,24169379.0,24174694.0,24179776.0,24184895.0,24189688.0,24194350.0,24198917.0,24203771.0,24208516.0,24213286.0,24218200.0,24222824.0,24227614.0,24232298.0,24236955.0,24241427.0,24245969.0,24250734.0,24255339.0,,,,,,,,,24296416.0,24300973.0,24305208.0,24309273.0,24313452.0,24317699.0,24321881.0,24326500.0,24331717.0,24337261.0,24341975.0,24346371.0,24351195.0,24355783.0,24360122.0,24364718.0,24369079.0,24373244.0,24377965.0,24382190.0,24386308.0,24390704.0,24394910.0,24398955.0,24402721.0,24406453.0,24410394.0,24414392.0,24418382.0,24422400.0,24427739.0,24433674.0,24439065.0,24444634.0,24449654.0,24454438.0,24459524.0,24464031.0,24468445.0,24472471.0,24476946.0,24481431.0,24486025.0,24490744.0,24494939.0,24499318.0,24503777.0,24508390.0,24512793.0,24517156.0,24521547.0,24525850.0,24530092.0,24534605.0,24538825.0,24543022.0,24547066.0,24551087.0,24555320.0,24559606.0,24563942.0,24567952.0,24572223.0,24576445.0,24580320.0,24584532.0,24588965.0,24593370.0,24597228.0,24600814.0,24604724.0,24608839.0,24613152.0,24617554.0,24621839.0,24625998.0,24630585.0,24635007.0,24639530.0,24643991.0,24648386.0,24652462.0,24657360.0,24661713.0,24665822.0,24669929.0,24674055.0,24678439.0,24682507.0,24686575.0,24690674.0,24694863.0,24699004.0,24703181.0,24707470.0,24711457.0,24715657.0,24719638.0,24723771.0,24728005.0,24732364.0,24736604.0,24741000.0,24745575.0,24749967.0,24754195.0,24758260.0,24762802.0,24767136.0,24771451.0,24775455.0,24779499.0,24783967.0,24788297.0,24792934.0,24797531.0,24803046.0,24808239.0,24813613.0,24819457.0,24826000.0,,24838563.0,24843980.0,24849377.0,24854330.0,24859702.0,24865101.0,24870131.0,24874670.0,24879430.0,24884236.0,24888891.0,24893629.0,24898378.0,24903111.0,24907534.0,24912309.0,24917258.0,24922196.0,24927555.0,24932867.0,24937946.0,24942985.0,24947911.0,24953009.0,24958016.0,24962536.0,24967022.0,24971615.0,24976181.0,24980705.0,24985065.0,24989341.0,24993654.0,24997594.0,25002001.0,25006411.0,25010787.0,25015122.0,25019066.0,25023212.0,25027135.0,25031146.0,25035087.0,25038685.0,25042406.0,25046092.0,25050012.0,25053737.0,25057649.0,25061537.0,25065532.0,25069582.0,25073520.0,25077555.0,25081847.0,25085919.0,25089997.0,25094006.0,25097996.0,25101953.0,25105872.0,25109922.0,25113892.0,25117934.0,25121950.0,25125649.0,25129217.0,25133020.0,25136760.0,25140608.0,25144587.0,25148445.0,25152285.0,25155885.0,25159817.0,25164001.0,25168594.0,25172627.0,25176925.0,25180972.0,25185040.0,25188895.0,25192471.0,25196393.0,25200316.0,25204134.0,25208132.0,25212379.0,25216511.0,25220578.0,25224742.0,25228633.0,25232665.0,25236791.0,25240682.0,25244627.0,25248570.0,25252534.0,25256762.0,25260978.0,25265105.0,25269123.0,25273029.0,25276923.0,25280783.0,25284603.0,25288466.0,25294512.0,25299519.0,25303194.0,25306796.0,25311251.0,25317224.0,25323162
iUw3LPM7OBU,53701670.0,53714401.0,53728636.0,53743365.0,53756678.0,53770147.0,53783187.0,53796239.0,53809556.0,53823120.0,53837131.0,53849982.0,53863122.0,53875804.0,53889169.0,53902346.0,53917233.0,53932648.0,53946671.0,53960148.0,53974290.0,53989897.0,54005922.0,54020727.0,54035930.0,54050571.0,54067505.0,54082958.0,54098553.0,54113377.0,54129370.0,54144713.0,54159168.0,54175097.0,54192014.0,54207660.0,54224213.0,54241495.0,54258898.0,54275409.0,54291546.0,54307478.0,54323468.0,54340743.0,54356119.0,54370860.0,54385666.0,54401989.0,54417924.0,54434186.0,54449520.0,54465951.0,54480544.0,54494619.0,54510252.0,54526182.0,54543211.0,54561897.0,54579988.0,54597003.0,54612045.0,54629785.0,54647455.0,54665629.0,54681830.0,54698703.0,54718377.0,54734525.0,54749169.0,54768206.0,54785075.0,54801685.0,54818384.0,54835657.0,54852170.0,54867511.0,54883887.0,54898569.0,54912900.0,54927906.0,54943632.0,54959068.0,54974213.0,54989539.0,55004135.0,55019607.0,55034340.0,55048938.0,55064705.0,55081860.0,55096690.0,55111262.0,55124647.0,55138055.0,55151514.0,55165689.0,55180035.0,55194094.0,55208211.0,55220663.0,55233857.0,55247194.0,55259978.0,55274217.0,55288111.0,55302663.0,55317704.0,55333349.0,55348893.0,55362419.0,55375900.0,55388628.0,55401385.0,55414956.0,55430441.0,55446727.0,55462176.0,55477025.0,55491434.0,55505718.0,55519908.0,55534191.0,55547470.0,55559515.0,55572502.0,55584931.0,55597147.0,55609913.0,55622618.0,55635671.0,55648381.0,55660613.0,55673359.0,55684804.0,,,,,,,,,55797669.0,55811975.0,55824367.0,55836285.0,55847747.0,55859250.0,55869743.0,55880670.0,55892833.0,55904039.0,55914862.0,55925672.0,55937385.0,55948640.0,55960245.0,55971527.0,55982155.0,55992989.0,56004214.0,56015655.0,56027431.0,56040371.0,56053201.0,56064987.0,56076432.0,56087386.0,56098919.0,56110576.0,56122282.0,56134484.0,56147997.0,56162384.0,56176242.0,56190350.0,56203407.0,56219031.0,56234061.0,56247810.0,56261042.0,56274323.0,56287320.0,56300932.0,56315896.0,56331290.0,56345412.0,56359494.0,56373372.0,56387902.0,56402482.0,56417093.0,56430784.0,56443869.0,56456879.0,56470788.0,56484420.0,56498555.0,56512429.0,56525957.0,56539595.0,56553518.0,56567524.0,56580759.0,56593884.0,56607195.0,56619712.0,56632616.0,56645619.0,56658507.0,56669885.0,56681259.0,56693372.0,56706083.0,56718538.0,56731597.0,56744473.0,56756915.0,56770336.0,56783457.0,56796666.0,56809070.0,56821084.0,56832595.0,56844894.0,56858765.0,56871349.0,56883451.0,56895057.0,56907119.0,56918506.0,56929871.0,56940920.0,56952473.0,56963701.0,56974496.0,56985625.0,56996537.0,57007741.0,57018580.0,57029851.0,57041416.0,57052771.0,57063785.0,57074796.0,57086315.0,57098247.0,57110069.0,57121128.0,57132000.0,57142883.0,57153758.0,57164851.0,57176049.0,57188775.0,57200611.0,57213091.0,57224791.0,57238197.0,57251368.0,57265119.0,57280223.0,57295772.0,,57327058.0,57341501.0,57356074.0,57370281.0,57385846.0,57400593.0,57414167.0,57427315.0,57440287.0,57453536.0,57466478.0,57480174.0,57493485.0,57505857.0,57517480.0,57530296.0,57543223.0,57556318.0,57571807.0,57587368.0,57601472.0,57615385.0,57628884.0,57642804.0,57656849.0,57670720.0,57684771.0,57697777.0,57710278.0,57723068.0,57736034.0,57749041.0,57762374.0,57774346.0,57786686.0,57798788.0,57810838.0,57824057.0,57836870.0,57849884.0,57862357.0,57874279.0,57886286.0,57897929.0,57909229.0,57920819.0,57932659.0,57944389.0,57955937.0,57967631.0,57978814.0,57991116.0,58003462.0,58016885.0,58029788.0,58041682.0,58053236.0,58064994.0,58077252.0,58089319.0,58101733.0,58114129.0,58125632.0,58136591.0,58147680.0,58158107.0,58168795.0,58179139.0,58188962.0,58198595.0,58208570.0,58218086.0,58227506.0,58237601.0,58248423.0,58258823.0,58269831.0,58279681.0,58289110.0,58298458.0,58307795.0,58317139.0,58326010.0,58335390.0,58344712.0,58353812.0,58363059.0,58372832.0,58382825.0,58393377.0,58403198.0,58412108.0,58421276.0,58430505.0,58439380.0,58448900.0,58458022.0,58467035.0,58476649.0,58486433.0,58495531.0,58505090.0,58515110.0,58524815.0,58533812.0,58542302.0,58551103.0,58559846.0,58568986.0,58579132.0,58588811.0,58599211.0,58611423.0,58623870
gJMheHHf4GQ,41064826.0,41075092.0,41086550.0,41098456.0,41109274.0,41120162.0,41130449.0,41141388.0,41152995.0,41165110.0,41176583.0,41186960.0,41197422.0,41207926.0,41218452.0,41228378.0,41239068.0,41249508.0,41259820.0,41269729.0,41280136.0,41290948.0,41302106.0,41314341.0,41326128.0,41337062.0,41348717.0,41358964.0,41370390.0,41381354.0,41393054.0,41404639.0,41415772.0,41427446.0,41440571.0,41452327.0,41465040.0,41478509.0,41491783.0,41503566.0,41515780.0,41527020.0,41538425.0,41551049.0,41562589.0,41573778.0,41585580.0,41597930.0,41609737.0,41622544.0,41634316.0,41646942.0,41658556.0,41670056.0,41681420.0,41693060.0,41705627.0,41718892.0,41731182.0,41743128.0,41753237.0,41764255.0,41775222.0,41787008.0,41798264.0,41808735.0,41820140.0,41831531.0,41841486.0,41854452.0,41866612.0,41878071.0,41889840.0,41901207.0,41912747.0,41924525.0,41936899.0,41948807.0,41960111.0,41970970.0,41981942.0,41993484.0,42004695.0,42016551.0,42027115.0,42038511.0,42049930.0,42060628.0,42071523.0,42082969.0,42094216.0,42104710.0,42114936.0,42125948.0,42136473.0,42147911.0,42158311.0,42168541.0,42179535.0,42190609.0,42202048.0,42213474.0,42224380.0,42234847.0,42245568.0,42256133.0,42267745.0,42279960.0,42292797.0,42304098.0,42314736.0,42325013.0,42335179.0,42345982.0,42356371.0,42366315.0,42376284.0,42386063.0,42395410.0,42404769.0,42414031.0,42423780.0,42433743.0,42443943.0,42453980.0,42464029.0,42474209.0,42484753.0,42494860.0,42505324.0,42515927.0,42526832.0,42537850.0,42547967.0,,,,,,,,,42639331.0,42649513.0,42658926.0,42668095.0,42677049.0,42686308.0,42695029.0,42703701.0,42712921.0,42721798.0,42730672.0,42739292.0,42748844.0,42758452.0,42768368.0,42778016.0,42786986.0,42796079.0,42805601.0,42815056.0,42824237.0,42834313.0,42843976.0,42853583.0,42863598.0,42872914.0,42882244.0,42892018.0,42901443.0,42911533.0,42923032.0,42935889.0,42947435.0,42960070.0,42971626.0,42985189.0,42997992.0,43009364.0,43020322.0,43031515.0,43042556.0,43052856.0,43063351.0,43073933.0,43084292.0,43094266.0,43104422.0,43114876.0,43125433.0,43135609.0,43145677.0,43155686.0,43165351.0,43175275.0,43184953.0,43194701.0,43204112.0,43213736.0,43223912.0,43234478.0,43244877.0,43254627.0,43264655.0,43274749.0,43284388.0,43294397.0,43304681.0,43314469.0,43322967.0,43331857.0,43341273.0,43351121.0,43361090.0,43371300.0,43381463.0,43391399.0,43402144.0,43412358.0,43422341.0,43432289.0,43442184.0,43451655.0,43462042.0,43473589.0,43483743.0,43493786.0,43503686.0,43514262.0,43524090.0,43533759.0,43543245.0,43553097.0,43562655.0,43572161.0,43582114.0,43592036.0,43602354.0,43612280.0,43622279.0,43631827.0,43641906.0,43651396.0,43660495.0,43669788.0,43679676.0,43688878.0,43697875.0,43706780.0,43715130.0,43723668.0,43732005.0,43740723.0,43750430.0,43760051.0,43769763.0,43779477.0,43789930.0,43800406.0,43810804.0,43822841.0,43835518.0,,43862108.0,43873551.0,43884967.0,43896703.0,43908827.0,43920549.0,43931540.0,43941748.0,43952333.0,43963031.0,43972812.0,43982845.0,43992448.0,44002175.0,44011095.0,44021101.0,44031612.0,44042698.0,44054383.0,44065757.0,44076469.0,44087136.0,44097703.0,44108548.0,44119302.0,44129527.0,44140200.0,44150735.0,44160516.0,44170577.0,44180562.0,44191109.0,44201296.0,44210734.0,44221845.0,44231974.0,44241683.0,44252126.0,44262017.0,44271778.0,44281296.0,44290645.0,44300050.0,44309246.0,44318159.0,44326998.0,44336026.0,44345021.0,44354848.0,44364226.0,44373867.0,44383902.0,44394066.0,44404698.0,44414793.0,44424185.0,44433595.0,44442153.0,44451290.0,44459499.0,44467646.0,44475643.0,44484430.0,44493428.0,44502361.0,44511002.0,44519477.0,44527946.0,44536059.0,44544013.0,44552367.0,44560301.0,44567786.0,44575108.0,44582135.0,44589196.0,44596845.0,44604283.0,44611679.0,44619300.0,44626940.0,44633922.0,44640716.0,44647928.0,44655126.0,44662376.0,44669651.0,44677309.0,44685344.0,44693350.0,44701523.0,44708958.0,44716688.0,44723942.0,44732227.0,44740530.0,44748502.0,44756437.0,44764598.0,44773334.0,44781669.0,44790532.0,44799376.0,44807365.0,44814835.0,44821706.0,44828742.0,44835880.0,44843085.0,44850379.0,44857721.0,44866325.0,44877726.0,44888772
dRqbyLGkj4Y,560784.0,561046.0,561329.0,561567.0,561829.0,562061.0,562343.0,562598.0,562846.0,563140.0,563414.0,563679.0,563922.0,564164.0,564454.0,564683.0,564981.0,565246.0,565520.0,565762.0,566041.0,566234.0,566492.0,566763.0,567059.0,567316.0,567561.0,567763.0,567971.0,568176.0,568453.0,568753.0,568948.0,569168.0,569392.0,569620.0,569855.0,570099.0,570416.0,570626.0,570866.0,571071.0,571267.0,571489.0,571760.0,572083.0,572266.0,572458.0,572685.0,572904.0,573162.0,573414.0,573736.0,573970.0,574179.0,574428.0,574648.0,574901.0,575183.0,575455.0,575735.0,575934.0,576121.0,576330.0,576602.0,576870.0,577097.0,577301.0,577486.0,577782.0,577990.0,578215.0,578400.0,578641.0,578822.0,579038.0,579217.0,579466.0,579707.0,579920.0,580110.0,580284.0,580513.0,580711.0,580885.0,581076.0,581277.0,581494.0,581669.0,581843.0,582021.0,582211.0,582434.0,582675.0,582926.0,583155.0,583391.0,583595.0,583807.0,584055.0,584323.0,584637.0,584933.0,585156.0,585406.0,585652.0,585879.0,586105.0,586318.0,586545.0,586732.0,586967.0,587191.0,587470.0,587757.0,588065.0,588302.0,588504.0,588750.0,589040.0,589628.0,590488.0,591781.0,592940.0,594033.0,594782.0,595614.0,596418.0,597249.0,597961.0,598507.0,598975.0,599348.0,599755.0,,,,,,,,,602752.0,603092.0,603398.0,603706.0,604007.0,604346.0,604653.0,605053.0,605474.0,605816.0,606129.0,606385.0,606651.0,606914.0,607300.0,607710.0,607969.0,608276.0,608526.0,608877.0,609219.0,609640.0,610058.0,610330.0,610625.0,610871.0,611150.0,611445.0,611821.0,612168.0,612534.0,612964.0,613290.0,613585.0,613996.0,614338.0,614693.0,615050.0,615329.0,615635.0,615943.0,616210.0,616523.0,616875.0,617164.0,617452.0,617676.0,617954.0,618224.0,618526.0,618844.0,619049.0,619268.0,619543.0,619815.0,620030.0,620334.0,620634.0,620898.0,621130.0,621449.0,621756.0,622007.0,622281.0,622512.0,622741.0,622956.0,623174.0,623403.0,623624.0,623824.0,624030.0,624262.0,624453.0,624633.0,624824.0,625059.0,625273.0,625470.0,625680.0,625838.0,626017.0,626177.0,626365.0,626572.0,626762.0,626952.0,627143.0,627330.0,627525.0,627700.0,627980.0,628219.0,628434.0,628638.0,628916.0,629127.0,629337.0,629500.0,629728.0,629914.0,630102.0,630316.0,630521.0,630733.0,630958.0,631174.0,631357.0,631531.0,631677.0,631897.0,632053.0,632229.0,632470.0,632696.0,632900.0,633104.0,633333.0,633497.0,633727.0,633928.0,,634320.0,634565.0,634794.0,635053.0,635288.0,635539.0,635704.0,635963.0,636137.0,636352.0,636553.0,636881.0,637333.0,637706.0,637975.0,638238.0,638478.0,638684.0,638923.0,639171.0,639353.0,639528.0,639709.0,639852.0,640096.0,640258.0,640493.0,640679.0,640924.0,641112.0,641306.0,641512.0,641739.0,641942.0,642052.0,642238.0,642491.0,642651.0,642828.0,643020.0,643249.0,643429.0,643635.0,643857.0,644015.0,644255.0,644563.0,644777.0,645007.0,645208.0,645358.0,645570.0,645820.0,646060.0,646340.0,646558.0,646733.0,646915.0,647104.0,647349.0,647580.0,647869.0,648087.0,648259.0,648497.0,648646.0,648815.0,648992.0,649157.0,649356.0,649490.0,649656.0,649827.0,649961.0,650125.0,650312.0,650438.0,650566.0,650719.0,650834.0,650971.0,651138.0,651294.0,651446.0,651582.0,651718.0,651866.0,652012.0,652204.0,652389.0,652553.0,652716.0,652905.0,653064.0,653222.0,653389.0,653525.0,653699.0,653867.0,654047.0,654242.0,654373.0,654559.0,654779.0,654956.0,655165.0,655344.0,655490.0,655666.0,655852.0,656081.0,656234.0,656369.0,656520
Fzlqi12oro4,580219.0,580486.0,580741.0,581018.0,581276.0,581585.0,581835.0,582182.0,582509.0,582992.0,583409.0,583742.0,584080.0,584629.0,585212.0,585632.0,586148.0,586674.0,587190.0,587630.0,588112.0,588667.0,589170.0,589598.0,589985.0,590448.0,590918.0,591232.0,591763.0,592080.0,592402.0,592666.0,593000.0,593335.0,593674.0,594088.0,594624.0,595174.0,595433.0,595987.0,596603.0,597111.0,597824.0,598762.0,599861.0,600777.0,601450.0,601972.0,602486.0,602887.0,603416.0,604113.0,604782.0,605184.0,605910.0,606548.0,607151.0,607978.0,609005.0,609752.0,610067.0,610494.0,610808.0,611157.0,611416.0,611593.0,611869.0,612136.0,612411.0,612644.0,612945.0,613186.0,613526.0,613802.0,614179.0,614525.0,614914.0,615563.0,615940.0,616233.0,616461.0,616711.0,616933.0,617231.0,617519.0,617907.0,618267.0,618590.0,618857.0,619124.0,619349.0,619600.0,619849.0,620120.0,620412.0,620755.0,621089.0,621329.0,621672.0,621922.0,622148.0,622489.0,622701.0,622965.0,623210.0,623522.0,624195.0,625222.0,626358.0,626993.0,627688.0,628169.0,628553.0,628897.0,629184.0,629421.0,629669.0,629858.0,630037.0,630253.0,630433.0,630638.0,630822.0,631006.0,631172.0,631286.0,631431.0,631585.0,631757.0,631915.0,632093.0,632331.0,632602.0,632948.0,,,,,,,,,636606.0,636916.0,637225.0,637440.0,637770.0,638015.0,638303.0,638617.0,638988.0,639413.0,639782.0,640084.0,640497.0,640799.0,641076.0,641405.0,641748.0,642023.0,642369.0,642683.0,642904.0,643087.0,643301.0,643486.0,643655.0,643850.0,644074.0,644315.0,644588.0,644844.0,645316.0,645729.0,646108.0,646410.0,646764.0,647015.0,647258.0,647512.0,647746.0,647994.0,648246.0,648415.0,648670.0,648897.0,649102.0,649386.0,649647.0,649902.0,650142.0,650496.0,650733.0,650923.0,651225.0,651530.0,651793.0,652094.0,652444.0,652822.0,653126.0,653444.0,653706.0,654045.0,654284.0,654568.0,654756.0,655025.0,655338.0,655653.0,655827.0,656029.0,656241.0,656552.0,656784.0,656987.0,657175.0,657418.0,657637.0,657850.0,658041.0,658281.0,658525.0,658705.0,658924.0,659143.0,659352.0,659563.0,659750.0,659937.0,660123.0,660330.0,660612.0,660910.0,661232.0,661484.0,661740.0,662026.0,662345.0,662601.0,662866.0,663079.0,663343.0,663592.0,663875.0,664223.0,664555.0,664797.0,665011.0,665337.0,665585.0,665754.0,665958.0,666167.0,666376.0,666622.0,666921.0,667221.0,667646.0,668050.0,668609.0,669342.0,669971.0,,671156.0,671547.0,671981.0,672279.0,672700.0,673072.0,673444.0,673878.0,674235.0,674626.0,675108.0,675649.0,676060.0,676430.0,676722.0,677032.0,677537.0,677964.0,678443.0,678824.0,679225.0,679585.0,679947.0,680249.0,680679.0,681078.0,681382.0,681716.0,682064.0,682415.0,682836.0,683139.0,683553.0,683806.0,684173.0,684570.0,685103.0,685692.0,686223.0,686679.0,687053.0,687498.0,688074.0,688680.0,689192.0,689617.0,690058.0,690449.0,690935.0,691529.0,691958.0,692349.0,692830.0,693220.0,693762.0,694305.0,694938.0,695427.0,696136.0,696802.0,697353.0,697970.0,698409.0,698857.0,699252.0,699676.0,699988.0,700235.0,700513.0,700859.0,701329.0,701849.0,702390.0,702810.0,703121.0,703472.0,703997.0,704503.0,704911.0,705277.0,705684.0,705966.0,706200.0,706504.0,706791.0,707049.0,707327.0,707661.0,707924.0,708194.0,708431.0,708654.0,708908.0,709168.0,709416.0,709642.0,709917.0,710218.0,710509.0,710794.0,711055.0,711273.0,711548.0,711726.0,711953.0,712228.0,712469.0,712714.0,712914.0,713142.0,713343.0,713564.0,713798.0,714009
knNRl9Qp5Ns,323249.0,323377.0,323526.0,323655.0,323775.0,323916.0,324064.0,324184.0,324320.0,324445.0,324543.0,324675.0,324761.0,324879.0,325003.0,325103.0,325208.0,325311.0,325384.0,325469.0,325554.0,325629.0,325729.0,325816.0,325902.0,325980.0,326050.0,326138.0,326226.0,326317.0,326417.0,326503.0,326585.0,326672.0,326756.0,326846.0,326947.0,327061.0,327172.0,327270.0,327351.0,327418.0,327487.0,327556.0,327645.0,327734.0,327822.0,327923.0,328019.0,328150.0,328232.0,328331.0,328434.0,328514.0,328593.0,328668.0,328769.0,328833.0,328908.0,329007.0,329076.0,329147.0,329223.0,329309.0,329389.0,329470.0,329544.0,329639.0,329716.0,329817.0,329901.0,329965.0,330074.0,330168.0,330221.0,330298.0,330363.0,330442.0,330520.0,330631.0,330741.0,330829.0,330918.0,331004.0,331087.0,331176.0,331287.0,331368.0,331449.0,331550.0,331602.0,331685.0,331734.0,331828.0,331916.0,331999.0,332076.0,332139.0,332201.0,332255.0,332348.0,332452.0,332520.0,332586.0,332678.0,332742.0,332806.0,332886.0,332976.0,333048.0,333137.0,333204.0,333276.0,333344.0,333428.0,333507.0,333562.0,333651.0,333726.0,333819.0,333904.0,333996.0,334076.0,334161.0,334228.0,334315.0,334411.0,334480.0,334566.0,334656.0,334724.0,334814.0,334899.0,334968.0,,,,,,,,,335626.0,335706.0,335769.0,335820.0,335899.0,335979.0,336054.0,336130.0,336199.0,336304.0,336378.0,336434.0,336524.0,336585.0,336656.0,336742.0,336810.0,336873.0,336954.0,337022.0,337086.0,337158.0,337231.0,337285.0,337342.0,337405.0,337479.0,337561.0,337650.0,337747.0,337838.0,337945.0,338036.0,338155.0,338240.0,338324.0,338398.0,338483.0,338555.0,338618.0,338688.0,338749.0,338809.0,338869.0,338926.0,338990.0,339033.0,339104.0,339161.0,339236.0,339299.0,339357.0,339426.0,339478.0,339531.0,339578.0,339655.0,339722.0,339795.0,339848.0,339915.0,340008.0,340059.0,340153.0,340215.0,340270.0,340348.0,340406.0,340458.0,340499.0,340566.0,340653.0,340728.0,340816.0,340890.0,340968.0,341057.0,341122.0,341190.0,341254.0,341328.0,341376.0,341439.0,341492.0,341553.0,341627.0,341704.0,341764.0,341831.0,341898.0,341968.0,342041.0,342133.0,342210.0,342280.0,342348.0,342416.0,342479.0,342551.0,342614.0,342669.0,342709.0,342756.0,342813.0,342884.0,342953.0,343041.0,343092.0,343154.0,343225.0,343278.0,343316.0,343368.0,343426.0,343474.0,343535.0,343616.0,343701.0,343806.0,343911.0,344080.0,,344348.0,344458.0,344587.0,344676.0,344783.0,344921.0,345031.0,345110.0,345173.0,345222.0,345309.0,345398.0,345460.0,345518.0,345583.0,345643.0,345715.0,345774.0,345837.0,345920.0,345980.0,346025.0,346090.0,346158.0,346250.0,346316.0,346380.0,346446.0,346503.0,346553.0,346625.0,346673.0,346750.0,346826.0,346889.0,346958.0,347017.0,347078.0,347132.0,347182.0,347230.0,347318.0,347371.0,347454.0,347501.0,347569.0,347653.0,347743.0,347804.0,347871.0,347923.0,347973.0,348031.0,348091.0,348165.0,348224.0,348281.0,348352.0,348426.0,348503.0,348582.0,348675.0,348738.0,348802.0,348855.0,348915.0,348982.0,349043.0,349095.0,349168.0,349210.0,349294.0,349362.0,349421.0,349481.0,349538.0,349612.0,349692.0,349778.0,349844.0,349919.0,349998.0,350070.0,350125.0,350187.0,350246.0,350312.0,350370.0,350448.0,350560.0,350616.0,350673.0,350724.0,350805.0,350855.0,350917.0,350993.0,351057.0,351125.0,351207.0,351279.0,351357.0,351431.0,351469.0,351525.0,351589.0,351644.0,351713.0,351781.0,351848.0,351902.0,351967.0,352059.0,352148
t4U6u_3XCpU,38007.0,38012.0,38023.0,38027.0,38034.0,38039.0,38042.0,38045.0,38051.0,38057.0,38062.0,38065.0,38068.0,38076.0,38077.0,38080.0,38083.0,38091.0,38091.0,38093.0,38095.0,38095.0,38100.0,38109.0,38110.0,38116.0,38122.0,38124.0,38129.0,38137.0,38146.0,38149.0,38150.0,38151.0,38154.0,38156.0,38160.0,38164.0,38167.0,38171.0,38175.0,38179.0,38180.0,38183.0,38188.0,38197.0,38199.0,38203.0,38205.0,38210.0,38217.0,38227.0,38238.0,38239.0,38240.0,38246.0,38252.0,38259.0,38263.0,38266.0,38268.0,38272.0,38274.0,38278.0,38285.0,38289.0,38294.0,38299.0,38300.0,38305.0,38307.0,38311.0,38310.0,38311.0,38314.0,38318.0,38320.0,38322.0,38330.0,38335.0,38340.0,38345.0,38345.0,38351.0,38352.0,38355.0,38361.0,38362.0,38366.0,38368.0,38372.0,38375.0,38383.0,38383.0,38386.0,38390.0,38394.0,38398.0,38401.0,38408.0,38409.0,38409.0,38409.0,38412.0,38418.0,38423.0,38434.0,38441.0,38442.0,38446.0,38449.0,38454.0,38455.0,38460.0,38462.0,38463.0,38463.0,38466.0,38468.0,38470.0,38472.0,38473.0,38475.0,38479.0,38481.0,38482.0,38484.0,38490.0,38493.0,38494.0,38497.0,38497.0,38497.0,38500.0,,,,,,,,,38523.0,38524.0,38526.0,38526.0,38527.0,38530.0,38532.0,38533.0,38536.0,38540.0,38544.0,38547.0,38551.0,38554.0,38557.0,38561.0,38562.0,38566.0,38566.0,38574.0,38580.0,38582.0,38583.0,38587.0,38589.0,38591.0,38595.0,38600.0,38604.0,38608.0,38613.0,38616.0,38620.0,38622.0,38635.0,38638.0,38644.0,38649.0,38650.0,38650.0,38651.0,38654.0,38655.0,38655.0,38660.0,38663.0,38664.0,38667.0,38673.0,38675.0,38683.0,38686.0,38687.0,38690.0,38691.0,38694.0,38695.0,38698.0,38699.0,38701.0,38705.0,38707.0,38710.0,38711.0,38712.0,38713.0,38717.0,38721.0,38726.0,38729.0,38732.0,38734.0,38736.0,38738.0,38739.0,38740.0,38745.0,38749.0,38750.0,38751.0,38752.0,38752.0,38756.0,38760.0,38771.0,38777.0,38781.0,38787.0,38794.0,38796.0,38803.0,38805.0,38805.0,38807.0,38807.0,38808.0,38811.0,38816.0,38822.0,38826.0,38829.0,38831.0,38837.0,38838.0,38845.0,38852.0,38855.0,38859.0,38865.0,38875.0,38879.0,38888.0,38891.0,38896.0,38901.0,38903.0,38907.0,38910.0,38916.0,38925.0,38929.0,,38936.0,38944.0,38951.0,38956.0,38960.0,38963.0,38965.0,38967.0,38971.0,38975.0,38980.0,38983.0,38987.0,38992.0,38993.0,39002.0,39007.0,39014.0,39016.0,39017.0,39020.0,39025.0,39033.0,39034.0,39042.0,39049.0,39052.0,39058.0,39065.0,39068.0,39071.0,39078.0,39084.0,39086.0,39090.0,39092.0,39094.0,39097.0,39102.0,39105.0,39106.0,39109.0,39110.0,39111.0,39113.0,39118.0,39125.0,39130.0,39134.0,39140.0,39140.0,39140.0,39144.0,39145.0,39147.0,39149.0,39152.0,39157.0,39159.0,39167.0,39169.0,39171.0,39172.0,39175.0,39175.0,39176.0,39182.0,39184.0,39185.0,39187.0,39188.0,39189.0,39192.0,39197.0,39199.0,39201.0,39202.0,39202.0,39202.0,39202.0,39208.0,39212.0,39215.0,39217.0,39221.0,39223.0,39225.0,39227.0,39227.0,39229.0,39229.0,39231.0,39233.0,39235.0,39238.0,39240.0,39249.0,39251.0,39253.0,39253.0,39259.0,39260.0,39261.0,39265.0,39268.0,39269.0,39273.0,39274.0,39276.0,39278.0,39279.0,39280.0,39282.0,39282
D7dzSapaIS4,11176053.0,11176314.0,11176572.0,11176823.0,11177093.0,11177383.0,11177698.0,11177999.0,11178291.0,11178615.0,11178914.0,11179168.0,11179410.0,11179710.0,11179971.0,11180285.0,11180589.0,11180922.0,11181223.0,11181519.0,11181772.0,11182075.0,11182335.0,11182632.0,11182895.0,11183217.0,11183518.0,11183800.0,11184091.0,11184377.0,11184737.0,11185092.0,11185394.0,11185685.0,11185980.0,11186284.0,11186553.0,11186932.0,11187305.0,11187645.0,11187906.0,11188240.0,11188552.0,11188948.0,11189272.0,11189608.0,11189950.0,11190281.0,11190611.0,11190928.0,11191229.0,11191534.0,11191795.0,11192076.0,11192417.0,11192717.0,11193021.0,11193339.0,11193606.0,11193956.0,11194272.0,11194587.0,11194879.0,11195275.0,11195606.0,11195964.0,11196235.0,11196555.0,11196837.0,11197170.0,11197487.0,11197879.0,11198215.0,11198481.0,11198740.0,11198996.0,11199260.0,11199552.0,11199836.0,11200208.0,11200496.0,11200775.0,11201043.0,11201269.0,11201518.0,11201761.0,11201989.0,11202282.0,11202558.0,11202794.0,11203048.0,11203286.0,11203506.0,11203816.0,11204055.0,11204308.0,11204526.0,11204762.0,11204941.0,11205187.0,11205412.0,11205623.0,11205803.0,11205981.0,11206164.0,11206360.0,11206593.0,11206811.0,11207022.0,11207230.0,11207474.0,11207674.0,11207899.0,11208116.0,11208373.0,11208592.0,11208837.0,11209078.0,11209342.0,11209653.0,11209885.0,11210123.0,11210342.0,11210521.0,11210690.0,11210873.0,11211097.0,11211324.0,11211527.0,11211777.0,11211967.0,11212203.0,11212455.0,11212655.0,,,,,,,,,11214670.0,11214942.0,11215203.0,11215452.0,11215752.0,11216101.0,11216455.0,11216797.0,11217154.0,11217356.0,11217545.0,11217735.0,11217992.0,11218217.0,11218474.0,11218717.0,11218949.0,11219156.0,11219340.0,11219575.0,11219787.0,11220001.0,11220205.0,11220445.0,11220657.0,11220895.0,11221100.0,11221299.0,11221520.0,11221722.0,11221922.0,11222136.0,11222387.0,11222585.0,11222837.0,11223049.0,11223265.0,11223499.0,11223691.0,11223896.0,11224103.0,11224319.0,11224561.0,11224724.0,11224915.0,11225111.0,11225286.0,11225500.0,11225706.0,11225904.0,11226073.0,11226235.0,11226403.0,11226572.0,11226781.0,11226954.0,11227159.0,11227352.0,11227520.0,11227752.0,11227954.0,11228120.0,11228331.0,11228506.0,11228748.0,11228938.0,11229152.0,11229412.0,11229654.0,11229891.0,11230133.0,11230344.0,11230594.0,11230840.0,11231084.0,11231361.0,11231608.0,11231861.0,11232111.0,11232368.0,11232625.0,11232920.0,11233177.0,11233424.0,11233711.0,11233942.0,11234203.0,11234442.0,11234654.0,11234866.0,11235085.0,11235369.0,11235633.0,11235837.0,11236051.0,11236297.0,11236535.0,11236764.0,11237028.0,11237226.0,11237471.0,11237695.0,11237948.0,11238139.0,11238363.0,11238602.0,11238844.0,11239065.0,11239293.0,11239486.0,11239688.0,11239923.0,11240216.0,11240486.0,11240733.0,11240934.0,11241205.0,11241450.0,11241669.0,11241929.0,11242166.0,,11242577.0,11242779.0,11243042.0,11243244.0,11243514.0,11243767.0,11244001.0,11244228.0,11244466.0,11244724.0,11244987.0,11245272.0,11245539.0,11245773.0,11246001.0,11246254.0,11246515.0,11246778.0,11246985.0,11247238.0,11247501.0,11247736.0,11247928.0,11248117.0,11248353.0,11248585.0,11248810.0,11248977.0,11249204.0,11249402.0,11249632.0,11249899.0,11250150.0,11250356.0,11250522.0,11250763.0,11251004.0,11251210.0,11251410.0,11251636.0,11251867.0,11252073.0,11252296.0,11252503.0,11252722.0,11252930.0,11253155.0,11253353.0,11253542.0,11253752.0,11253963.0,11254146.0,11254434.0,11254702.0,11254927.0,11255140.0,11255366.0,11255631.0,11255849.0,11256036.0,11256277.0,11256470.0,11256688.0,11256869.0,11257062.0,11257234.0,11257439.0,11257664.0,11257908.0,11258141.0,11258380.0,11258609.0,11258847.0,11259049.0,11259268.0,11259542.0,11259758.0,11259987.0,11260183.0,11260398.0,11260589.0,11260840.0,11261077.0,11261299.0,11261513.0,11261719.0,11261914.0,11262128.0,11262369.0,11262589.0,11262790.0,11263007.0,11263210.0,11263402.0,11263587.0,11263759.0,11263962.0,11264162.0,11264358.0,11264551.0,11264766.0,11264937.0,11265128.0,11265301.0,11265505.0,11265720.0,11265983.0,11266176.0,11266394.0,11266576.0,11266769.0,11266953.0,11267161.0,11267342
uCViaoJnmaE,36356.0,36361.0,36365.0,36379.0,36383.0,36389.0,36392.0,36394.0,36396.0,36397.0,36403.0,36410.0,36417.0,36423.0,36425.0,36429.0,36437.0,36441.0,36447.0,36454.0,36460.0,36464.0,36469.0,36475.0,36477.0,36480.0,36483.0,36485.0,36495.0,36500.0,36503.0,36510.0,36512.0,36515.0,36517.0,36520.0,36523.0,36529.0,36532.0,36536.0,36538.0,36542.0,36548.0,36553.0,36555.0,36558.0,36560.0,36561.0,36564.0,36568.0,36570.0,36574.0,36576.0,36577.0,36578.0,36580.0,36583.0,36586.0,36587.0,36590.0,36595.0,36599.0,36609.0,36619.0,36623.0,36625.0,36627.0,36629.0,36632.0,36633.0,36633.0,36634.0,36636.0,36640.0,36642.0,36651.0,36653.0,36655.0,36659.0,36667.0,36668.0,36671.0,36672.0,36676.0,36676.0,36680.0,36681.0,36681.0,36683.0,36684.0,36688.0,36691.0,36694.0,36696.0,36698.0,36701.0,36704.0,36710.0,36714.0,36718.0,36718.0,36727.0,36730.0,36732.0,36730.0,36738.0,36742.0,36745.0,36747.0,36748.0,36751.0,36754.0,36754.0,36758.0,36761.0,36763.0,36767.0,36767.0,36770.0,36776.0,36776.0,36779.0,36781.0,36781.0,36783.0,36787.0,36792.0,36797.0,36800.0,36806.0,36808.0,36810.0,36811.0,36814.0,,,,,,,,,36840.0,36844.0,36848.0,36849.0,36851.0,36858.0,36861.0,36862.0,36866.0,36871.0,36875.0,36878.0,36882.0,36884.0,36887.0,36889.0,36892.0,36895.0,36898.0,36906.0,36908.0,36912.0,36913.0,36916.0,36919.0,36924.0,36928.0,36933.0,36935.0,36936.0,36938.0,36947.0,36948.0,36951.0,36959.0,36965.0,36969.0,36972.0,36975.0,36981.0,36984.0,36988.0,36990.0,36990.0,36993.0,36998.0,37002.0,37003.0,37006.0,37010.0,37012.0,37015.0,37020.0,37025.0,37026.0,37029.0,37032.0,37036.0,37041.0,37044.0,37045.0,37051.0,37054.0,37054.0,37061.0,37066.0,37070.0,37073.0,37077.0,37079.0,37083.0,37091.0,37097.0,37101.0,37101.0,37107.0,37112.0,37119.0,37125.0,37128.0,37138.0,37142.0,37147.0,37152.0,37166.0,37171.0,37172.0,37176.0,37184.0,37191.0,37192.0,37193.0,37197.0,37197.0,37198.0,37199.0,37204.0,37207.0,37210.0,37212.0,37213.0,37214.0,37220.0,37224.0,37225.0,37230.0,37231.0,37231.0,37232.0,37234.0,37236.0,37236.0,37238.0,37242.0,37242.0,37248.0,37250.0,37256.0,37256.0,37256.0,37260.0,,37283.0,37292.0,37308.0,37318.0,37320.0,37326.0,37335.0,37338.0,37340.0,37342.0,37343.0,37349.0,37350.0,37353.0,37355.0,37359.0,37362.0,37365.0,37369.0,37376.0,37379.0,37382.0,37385.0,37388.0,37391.0,37393.0,37401.0,37413.0,37417.0,37426.0,37431.0,37433.0,37435.0,37435.0,37437.0,37443.0,37445.0,37447.0,37448.0,37449.0,37455.0,37462.0,37467.0,37472.0,37475.0,37480.0,37480.0,37485.0,37492.0,37494.0,37500.0,37505.0,37509.0,37511.0,37516.0,37526.0,37534.0,37540.0,37543.0,37550.0,37556.0,37557.0,37560.0,37563.0,37569.0,37572.0,37579.0,37581.0,37586.0,37604.0,37616.0,37632.0,37656.0,37679.0,37710.0,37736.0,37762.0,37785.0,37801.0,37809.0,37828.0,37860.0,37877.0,37899.0,37926.0,37942.0,37962.0,37981.0,38007.0,38026.0,38051.0,38067.0,38082.0,38097.0,38120.0,38141.0,38164.0,38185.0,38205.0,38218.0,38240.0,38254.0,38272.0,38283.0,38298.0,38311.0,38322.0,38333.0,38350.0,38375.0,38394.0,38405.0,38412.0,38424
0eYUteZSrcU,1137058.0,1137060.0,1137061.0,1137061.0,1137061.0,1137061.0,1137062.0,1137062.0,1137062.0,1137062.0,1137063.0,1137063.0,1137064.0,1137064.0,1137064.0,1137064.0,1137065.0,1137065.0,1137066.0,1137066.0,1137066.0,1137066.0,1137066.0,1137066.0,1137067.0,1137067.0,1137067.0,1137068.0,1137068.0,1137069.0,1137070.0,1137070.0,1137070.0,1137071.0,1137072.0,1137072.0,1137072.0,1137072.0,1137072.0,1137073.0,1137073.0,1137076.0,1137076.0,1137076.0,1137076.0,1137076.0,1137076.0,1137077.0,1137077.0,1137077.0,1137077.0,1137077.0,1137077.0,1137080.0,1137080.0,1137080.0,1137080.0,1137082.0,1137082.0,1137082.0,1137082.0,1137084.0,1137084.0,1137084.0,1137085.0,1137085.0,1137085.0,1137087.0,1137087.0,1137087.0,1137089.0,1137091.0,1137091.0,1137091.0,1137091.0,1137091.0,1137091.0,1137091.0,1137093.0,1137093.0,1137093.0,1137093.0,1137093.0,1137094.0,1137096.0,1137096.0,1137096.0,1137097.0,1137097.0,1137097.0,1137097.0,1137097.0,1137097.0,1137097.0,1137097.0,1137098.0,1137098.0,1137098.0,1137098.0,1137098.0,1137098.0,1137098.0,1137098.0,1137098.0,1137098.0,1137099.0,1137099.0,1137101.0,1137101.0,1137101.0,1137101.0,1137101.0,1137101.0,1137101.0,1137101.0,1137101.0,1137101.0,1137101.0,1137101.0,1137101.0,1137101.0,1137101.0,1137101.0,1137101.0,1137102.0,1137103.0,1137103.0,1137104.0,1137104.0,1137104.0,1137105.0,1137106.0,1137109.0,1137109.0,,,,,,,,,1137111.0,1137111.0,1137111.0,1137112.0,1137112.0,1137112.0,1137113.0,1137113.0,1137114.0,1137114.0,1137114.0,1137114.0,1137114.0,1137114.0,1137114.0,1137115.0,1137115.0,1137115.0,1137115.0,1137115.0,1137115.0,1137115.0,1137115.0,1137115.0,1137115.0,1137115.0,1137115.0,1137116.0,1137116.0,1137116.0,1137116.0,1137116.0,1137116.0,1137116.0,1137116.0,1137116.0,1137117.0,1137117.0,1137117.0,1137119.0,1137120.0,1137118.0,1137120.0,1137120.0,1137120.0,1137120.0,1137120.0,1137120.0,1137121.0,1137121.0,1137122.0,1137122.0,1137122.0,1137122.0,1137122.0,1137122.0,1137123.0,1137123.0,1137123.0,1137123.0,1137123.0,1137123.0,1137124.0,1137124.0,1137124.0,1137124.0,1137124.0,1137124.0,1137125.0,1137125.0,1137125.0,1137125.0,1137125.0,1137125.0,1137125.0,1137125.0,1137125.0,1137125.0,1137125.0,1137125.0,1137125.0,1137126.0,1137127.0,1137128.0,1137129.0,1137131.0,1137132.0,1137132.0,1137132.0,1137133.0,1137133.0,1137134.0,1137134.0,1137134.0,1137134.0,1137135.0,1137135.0,1137135.0,1137136.0,1137136.0,1137136.0,1137136.0,1137136.0,1137136.0,1137136.0,1137137.0,1137137.0,1137139.0,1137139.0,1137139.0,1137140.0,1137140.0,1137140.0,1137140.0,1137140.0,1137140.0,1137141.0,1137142.0,1137143.0,1137143.0,1137143.0,,1137143.0,1137143.0,1137143.0,1137143.0,1137143.0,1137143.0,1137143.0,1137143.0,1137144.0,1137144.0,1137145.0,1137145.0,1137145.0,1137146.0,1137146.0,1137148.0,1137150.0,1137151.0,1137151.0,1137151.0,1137151.0,1137151.0,1137151.0,1137151.0,1137152.0,1137152.0,1137152.0,1137152.0,1137152.0,1137152.0,1137152.0,1137152.0,1137152.0,1137152.0,1137153.0,1137153.0,1137153.0,1137154.0,1137154.0,1137155.0,1137156.0,1137157.0,1137157.0,1137157.0,1137157.0,1137157.0,1137157.0,1137157.0,1137157.0,1137157.0,1137157.0,1137159.0,1137159.0,1137159.0,1137159.0,1137161.0,1137161.0,1137161.0,1137161.0,1137161.0,1137161.0,1137161.0,1137163.0,1137163.0,1137165.0,1137167.0,1137167.0,1137168.0,1137171.0,1137171.0,1137172.0,1137172.0,1137172.0,1137172.0,1137172.0,1137172.0,1137172.0,1137172.0,1137172.0,1137173.0,1137173.0,1137173.0,1137173.0,1137174.0,1137174.0,1137176.0,1137177.0,1137177.0,1137177.0,1137177.0,1137177.0,1137177.0,1137178.0,1137178.0,1137179.0,1137179.0,1137179.0,1137179.0,1137179.0,1137179.0,1137179.0,1137179.0,1137179.0,1137180.0,1137180.0,1137182.0,1137183.0,1137183.0,1137183.0,1137183.0,1137183.0,1137183.0,1137183.0,1137183
Df6i82b9OIs,201040.0,201105.0,201173.0,201235.0,201312.0,201382.0,201436.0,201492.0,201542.0,201586.0,201641.0,201678.0,201725.0,201759.0,201797.0,201832.0,201880.0,201934.0,201972.0,202002.0,202044.0,202091.0,202140.0,202194.0,202240.0,202285.0,202329.0,202370.0,202423.0,202477.0,202522.0,202572.0,202631.0,202678.0,202732.0,202791.0,202868.0,202938.0,203018.0,203087.0,203159.0,203219.0,203289.0,203352.0,203412.0,203483.0,203559.0,203656.0,203735.0,203799.0,203893.0,204012.0,204098.0,204169.0,204266.0,204338.0,204422.0,204500.0,204597.0,204696.0,204789.0,204866.0,204919.0,204984.0,205052.0,205102.0,205156.0,205222.0,205283.0,205359.0,205420.0,205491.0,205572.0,205664.0,205731.0,205813.0,205865.0,205925.0,205991.0,206045.0,206097.0,206169.0,206221.0,206280.0,206330.0,206403.0,206453.0,206505.0,206559.0,206611.0,206659.0,206713.0,206761.0,206811.0,206872.0,206912.0,206966.0,207016.0,207067.0,207113.0,207150.0,207192.0,207232.0,207268.0,207304.0,207358.0,207389.0,207428.0,207469.0,207504.0,207543.0,207587.0,207626.0,207666.0,207701.0,207765.0,207834.0,207893.0,207943.0,207991.0,208044.0,208099.0,208159.0,208211.0,208248.0,208310.0,208368.0,208432.0,208504.0,208572.0,208641.0,208707.0,208763.0,208825.0,,,,,,,,,209306.0,209355.0,209400.0,209456.0,209501.0,209542.0,209593.0,209623.0,209691.0,209756.0,209815.0,209865.0,209901.0,209957.0,209996.0,210055.0,210102.0,210152.0,210203.0,210240.0,210278.0,210326.0,210374.0,210417.0,210465.0,210495.0,210548.0,210600.0,210650.0,210695.0,210731.0,210779.0,210822.0,210864.0,210916.0,210963.0,211016.0,211061.0,211104.0,211153.0,211204.0,211261.0,211330.0,211386.0,211442.0,211488.0,211561.0,211633.0,211719.0,211779.0,211844.0,211912.0,211971.0,212029.0,212089.0,212132.0,212182.0,212229.0,212287.0,212343.0,212376.0,212421.0,212476.0,212520.0,212565.0,212630.0,212678.0,212728.0,212790.0,212825.0,212882.0,212919.0,212981.0,213033.0,213083.0,213128.0,213161.0,213218.0,213266.0,213318.0,213353.0,213397.0,213446.0,213479.0,213518.0,213573.0,213630.0,213673.0,213732.0,213781.0,213839.0,213882.0,213932.0,213966.0,214023.0,214059.0,214104.0,214149.0,214194.0,214248.0,214290.0,214335.0,214374.0,214417.0,214471.0,214510.0,214545.0,214591.0,214642.0,214675.0,214726.0,214778.0,214856.0,214905.0,214968.0,215022.0,215081.0,215133.0,215185.0,215231.0,215295.0,,215409.0,215472.0,215533.0,215593.0,215656.0,215716.0,215769.0,215817.0,215879.0,215965.0,216029.0,216113.0,216181.0,216223.0,216278.0,216323.0,216380.0,216437.0,216510.0,216577.0,216662.0,216710.0,216773.0,216827.0,216875.0,216939.0,216996.0,217048.0,217121.0,217190.0,217255.0,217326.0,217402.0,217458.0,217523.0,217624.0,217707.0,217793.0,217894.0,218000.0,218100.0,218184.0,218258.0,218351.0,218435.0,218502.0,218611.0,218700.0,218819.0,218928.0,219054.0,219180.0,219281.0,219373.0,219442.0,219539.0,219629.0,219702.0,219793.0,219885.0,219974.0,220058.0,220163.0,220254.0,220369.0,220453.0,220564.0,220657.0,220757.0,220835.0,220910.0,221018.0,221118.0,221211.0,221301.0,221392.0,221500.0,221597.0,221694.0,221791.0,221923.0,222043.0,222177.0,222290.0,222388.0,222499.0,222617.0,222752.0,222876.0,222986.0,223096.0,223202.0,223326.0,223436.0,223541.0,223673.0,223788.0,223897.0,224000.0,224112.0,224191.0,224281.0,224396.0,224516.0,224629.0,224727.0,224790.0,224872.0,224976.0,225088.0,225193.0,225283.0,225390.0,225487
JnmZKZ1HVrg,124792.0,124843.0,124912.0,124984.0,125045.0,125117.0,125177.0,125232.0,125300.0,125358.0,125425.0,125490.0,125544.0,125603.0,125654.0,125721.0,125783.0,125836.0,125874.0,125922.0,125973.0,126012.0,126042.0,126082.0,126130.0,126181.0,126248.0,126306.0,126359.0,126395.0,126436.0,126472.0,126520.0,126576.0,126625.0,126687.0,126735.0,126788.0,126837.0,126886.0,126947.0,127003.0,127039.0,127065.0,127113.0,127180.0,127220.0,127285.0,127363.0,127412.0,127481.0,127573.0,127626.0,127687.0,127752.0,127818.0,127873.0,127948.0,128020.0,128154.0,128250.0,128338.0,128427.0,128518.0,128588.0,128648.0,128711.0,128771.0,128848.0,128947.0,129037.0,129110.0,129166.0,129252.0,129343.0,129421.0,129514.0,129593.0,129667.0,129761.0,129838.0,129902.0,129966.0,130046.0,130124.0,130211.0,130279.0,130359.0,130428.0,130503.0,130565.0,130627.0,130679.0,130747.0,130793.0,130842.0,130898.0,130943.0,131002.0,131054.0,131093.0,131145.0,131176.0,131213.0,131249.0,131288.0,131335.0,131379.0,131422.0,131460.0,131502.0,131552.0,131609.0,131640.0,131680.0,131729.0,131778.0,131817.0,131860.0,131891.0,131924.0,131968.0,132025.0,132055.0,132079.0,132106.0,132144.0,132184.0,132230.0,132276.0,132327.0,132383.0,132422.0,132465.0,,,,,,,,,132888.0,132936.0,132967.0,133033.0,133081.0,133141.0,133222.0,133297.0,133371.0,133433.0,133497.0,133552.0,133611.0,133670.0,133752.0,133831.0,133891.0,133974.0,134052.0,134111.0,134160.0,134217.0,134263.0,134317.0,134356.0,134390.0,134435.0,134496.0,134555.0,134605.0,134661.0,134739.0,134794.0,134837.0,134869.0,134903.0,134956.0,135007.0,135052.0,135081.0,135139.0,135180.0,135231.0,135275.0,135327.0,135374.0,135425.0,135474.0,135524.0,135570.0,135620.0,135663.0,135720.0,135768.0,135807.0,135847.0,135890.0,135926.0,135969.0,136007.0,136040.0,136063.0,136105.0,136145.0,136182.0,136236.0,136274.0,136310.0,136349.0,136382.0,136416.0,136466.0,136519.0,136564.0,136596.0,136642.0,136675.0,136729.0,136765.0,136817.0,136853.0,136882.0,136935.0,136973.0,137023.0,137078.0,137117.0,137148.0,137189.0,137221.0,137264.0,137297.0,137344.0,137365.0,137394.0,137422.0,137464.0,137492.0,137536.0,137560.0,137592.0,137617.0,137643.0,137663.0,137685.0,137717.0,137741.0,137768.0,137801.0,137821.0,137841.0,137878.0,137914.0,137934.0,137965.0,138002.0,138027.0,138055.0,138100.0,138126.0,138175.0,,138254.0,138295.0,138344.0,138396.0,138425.0,138453.0,138478.0,138508.0,138536.0,138576.0,138596.0,138638.0,138673.0,138704.0,138738.0,138773.0,138813.0,138850.0,138877.0,138899.0,138926.0,138957.0,138982.0,139015.0,139034.0,139060.0,139081.0,139109.0,139147.0,139175.0,139202.0,139225.0,139259.0,139286.0,139323.0,139356.0,139384.0,139408.0,139444.0,139481.0,139517.0,139548.0,139583.0,139604.0,139634.0,139666.0,139705.0,139746.0,139784.0,139823.0,139886.0,139932.0,140000.0,140064.0,140100.0,140148.0,140190.0,140229.0,140272.0,140308.0,140350.0,140407.0,140445.0,140484.0,140523.0,140558.0,140610.0,140660.0,140721.0,140769.0,140814.0,140850.0,140899.0,140954.0,140991.0,141039.0,141083.0,141142.0,141197.0,141244.0,141290.0,141340.0,141380.0,141441.0,141500.0,141568.0,141619.0,141678.0,141745.0,141821.0,141879.0,141931.0,141972.0,142018.0,142067.0,142096.0,142136.0,142191.0,142243.0,142286.0,142326.0,142378.0,142433.0,142481.0,142522.0,142578.0,142612.0,142648.0,142692.0,142741.0,142782.0,142834.0,142875.0,142914
J82QncUdndc,218316.0,218543.0,218787.0,219035.0,219255.0,219494.0,219720.0,219970.0,220165.0,220395.0,220625.0,220860.0,221065.0,221266.0,221457.0,221630.0,221788.0,221952.0,222101.0,222262.0,222415.0,222563.0,222715.0,222798.0,222881.0,222966.0,223051.0,223126.0,223241.0,223322.0,223372.0,223434.0,223553.0,223652.0,223733.0,223817.0,223933.0,224031.0,224115.0,224207.0,224302.0,224369.0,224452.0,224522.0,224611.0,224748.0,224844.0,224959.0,225099.0,225198.0,225340.0,225492.0,225631.0,225767.0,225930.0,226074.0,226179.0,226313.0,226513.0,226756.0,226905.0,227015.0,227118.0,227211.0,227314.0,227424.0,227521.0,227607.0,227763.0,227884.0,228005.0,228123.0,228249.0,228352.0,228456.0,228614.0,228771.0,228936.0,229110.0,229282.0,229433.0,229588.0,229720.0,229856.0,229991.0,230208.0,230345.0,230475.0,230583.0,230739.0,230865.0,230990.0,231122.0,231302.0,231454.0,231590.0,231705.0,231800.0,231899.0,232030.0,232152.0,232270.0,232356.0,232434.0,232539.0,232654.0,232797.0,232897.0,233014.0,233092.0,233199.0,233299.0,233379.0,233478.0,233576.0,233670.0,233751.0,233838.0,233899.0,233984.0,234069.0,234154.0,234255.0,234344.0,234394.0,234469.0,234595.0,234672.0,234794.0,234899.0,235002.0,235099.0,235196.0,235242.0,,,,,,,,,235902.0,235970.0,236029.0,236089.0,236144.0,236220.0,236282.0,236336.0,236412.0,236466.0,236552.0,236614.0,236670.0,236747.0,236803.0,236868.0,236927.0,236990.0,237048.0,237097.0,237153.0,237205.0,237262.0,237307.0,237364.0,237401.0,237468.0,237545.0,237597.0,237661.0,237731.0,237784.0,237846.0,237890.0,237917.0,237967.0,238027.0,238096.0,238146.0,238194.0,238269.0,238346.0,238431.0,238492.0,238556.0,238614.0,238683.0,238738.0,238800.0,238876.0,238934.0,238986.0,239070.0,239134.0,239176.0,239231.0,239299.0,239389.0,239449.0,239515.0,239576.0,239632.0,239695.0,239750.0,239827.0,239904.0,239975.0,240055.0,240140.0,240213.0,240316.0,240411.0,240528.0,240636.0,240753.0,240861.0,240981.0,241103.0,241229.0,241369.0,241507.0,241632.0,241809.0,241968.0,242085.0,242193.0,242348.0,242497.0,242629.0,242799.0,242946.0,243110.0,243263.0,243407.0,243521.0,243650.0,243767.0,243883.0,244008.0,244135.0,244222.0,244318.0,244410.0,244520.0,244623.0,244755.0,244882.0,244998.0,245088.0,245190.0,245317.0,245440.0,245548.0,245701.0,245825.0,245974.0,246098.0,246226.0,246420.0,246594.0,246858.0,,247324.0,247588.0,247776.0,247968.0,248168.0,248348.0,248483.0,248603.0,248741.0,248887.0,249004.0,249149.0,249277.0,249371.0,249463.0,249570.0,249669.0,249746.0,249838.0,249920.0,249998.0,250068.0,250136.0,250221.0,250304.0,250395.0,250469.0,250555.0,250613.0,250685.0,250774.0,250846.0,250937.0,251021.0,251093.0,251190.0,251297.0,251419.0,251554.0,251691.0,251787.0,251893.0,251998.0,252099.0,252199.0,252318.0,252408.0,252528.0,252667.0,252835.0,252996.0,253139.0,253281.0,253430.0,253572.0,253704.0,253859.0,254010.0,254156.0,254291.0,254416.0,254601.0,254730.0,254870.0,255027.0,255145.0,255292.0,255467.0,255661.0,255830.0,256002.0,256184.0,256341.0,256515.0,256656.0,256794.0,256985.0,257174.0,257317.0,257501.0,257700.0,257922.0,258125.0,258339.0,258526.0,258742.0,258927.0,259131.0,259353.0,259583.0,259790.0,259968.0,260179.0,260409.0,260613.0,260835.0,261019.0,261199.0,261404.0,261631.0,261814.0,262033.0,262255.0,262524.0,262759.0,262917.0,263055.0,263252.0,263398.0,263592.0,263767.0,263934.0,264122.0,264296
TW05y25bPI0,155401.0,155439.0,155480.0,155525.0,155564.0,155613.0,155640.0,155686.0,155717.0,155771.0,155822.0,155862.0,155894.0,155936.0,155971.0,155998.0,156032.0,156065.0,156086.0,156141.0,156167.0,156204.0,156235.0,156253.0,156290.0,156319.0,156347.0,156377.0,156404.0,156425.0,156464.0,156495.0,156524.0,156558.0,156584.0,156628.0,156654.0,156692.0,156731.0,156768.0,156811.0,156837.0,156881.0,156918.0,156952.0,156987.0,157019.0,157104.0,157156.0,157204.0,157288.0,157355.0,157421.0,157466.0,157564.0,157631.0,157698.0,157748.0,157819.0,157907.0,157954.0,158004.0,158048.0,158082.0,158124.0,158167.0,158196.0,158244.0,158331.0,158397.0,158460.0,158532.0,158601.0,158682.0,158746.0,158846.0,158967.0,159056.0,159121.0,159230.0,159303.0,159407.0,159471.0,159531.0,159578.0,159634.0,159671.0,159723.0,159761.0,159808.0,159855.0,159894.0,159936.0,159974.0,160014.0,160062.0,160105.0,160136.0,160172.0,160211.0,160239.0,160276.0,160286.0,160339.0,160364.0,160401.0,160441.0,160477.0,160499.0,160537.0,160563.0,160606.0,160641.0,160668.0,160697.0,160729.0,160764.0,160793.0,160829.0,160860.0,160899.0,160929.0,160956.0,160979.0,161016.0,161058.0,161088.0,161112.0,161147.0,161190.0,161225.0,161260.0,161290.0,161309.0,,,,,,,,,161538.0,161573.0,161604.0,161629.0,161650.0,161685.0,161711.0,161749.0,161795.0,161831.0,161880.0,161908.0,161934.0,161955.0,161987.0,162020.0,162053.0,162082.0,162110.0,162132.0,162152.0,162180.0,162202.0,162215.0,162248.0,162278.0,162307.0,162342.0,162372.0,162399.0,162437.0,162469.0,162512.0,162548.0,162576.0,162600.0,162638.0,162678.0,162705.0,162745.0,162786.0,162818.0,162855.0,162883.0,162906.0,162915.0,162943.0,162968.0,162991.0,163027.0,163051.0,163077.0,163096.0,163131.0,163154.0,163171.0,163196.0,163218.0,163260.0,163274.0,163304.0,163337.0,163374.0,163400.0,163430.0,163511.0,163588.0,163664.0,163745.0,163787.0,163818.0,163846.0,163868.0,163896.0,163915.0,163949.0,163965.0,164000.0,164029.0,164049.0,164072.0,164109.0,164131.0,164154.0,164174.0,164193.0,164226.0,164246.0,164273.0,164313.0,164340.0,164363.0,164395.0,164407.0,164436.0,164461.0,164496.0,164526.0,164572.0,164598.0,164628.0,164646.0,164687.0,164702.0,164729.0,164756.0,164780.0,164801.0,164827.0,164854.0,164879.0,164904.0,164933.0,164957.0,164998.0,165023.0,165052.0,165074.0,165114.0,165127.0,165166.0,,165248.0,165280.0,165305.0,165339.0,165375.0,165405.0,165434.0,165471.0,165500.0,165522.0,165557.0,165590.0,165630.0,165650.0,165676.0,165705.0,165732.0,165750.0,165783.0,165814.0,165842.0,165871.0,165894.0,165924.0,165969.0,165995.0,166033.0,166068.0,166112.0,166144.0,166171.0,166211.0,166256.0,166292.0,166328.0,166365.0,166403.0,166434.0,166463.0,166495.0,166541.0,166581.0,166615.0,166651.0,166693.0,166726.0,166756.0,166793.0,166826.0,166867.0,166923.0,166971.0,167024.0,167067.0,167128.0,167193.0,167244.0,167289.0,167319.0,167366.0,167421.0,167479.0,167521.0,167557.0,167598.0,167639.0,167697.0,167757.0,167801.0,167849.0,167901.0,167940.0,167977.0,168005.0,168029.0,168063.0,168099.0,168162.0,168212.0,168241.0,168287.0,168333.0,168375.0,168431.0,168478.0,168536.0,168577.0,168631.0,168675.0,168759.0,168822.0,168879.0,168916.0,168971.0,169007.0,169038.0,169083.0,169114.0,169179.0,169236.0,169272.0,169315.0,169365.0,169414.0,169456.0,169496.0,169556.0,169595.0,169627.0,169696.0,169748.0,169794.0,169847.0,169909
glDL0-ZPYqs,37910.0,37915.0,37917.0,37923.0,37928.0,37935.0,37936.0,37939.0,37950.0,37956.0,37962.0,37970.0,37976.0,37981.0,37986.0,37995.0,38001.0,38013.0,38015.0,38027.0,38031.0,38036.0,38043.0,38055.0,38062.0,38065.0,38069.0,38069.0,38075.0,38077.0,38084.0,38085.0,38091.0,38100.0,38103.0,38107.0,38109.0,38115.0,38120.0,38124.0,38132.0,38143.0,38161.0,38177.0,38182.0,38190.0,38197.0,38201.0,38205.0,38212.0,38217.0,38225.0,38228.0,38232.0,38235.0,38239.0,38242.0,38245.0,38252.0,38263.0,38274.0,38278.0,38281.0,38287.0,38295.0,38302.0,38304.0,38314.0,38320.0,38324.0,38327.0,38334.0,38338.0,38348.0,38352.0,38353.0,38366.0,38370.0,38376.0,38378.0,38382.0,38386.0,38389.0,38392.0,38398.0,38407.0,38413.0,38416.0,38422.0,38425.0,38430.0,38433.0,38435.0,38441.0,38446.0,38452.0,38465.0,38473.0,38478.0,38482.0,38490.0,38494.0,38498.0,38503.0,38505.0,38512.0,38519.0,38530.0,38534.0,38537.0,38542.0,38551.0,38556.0,38567.0,38573.0,38580.0,38588.0,38592.0,38604.0,38606.0,38618.0,38631.0,38637.0,38646.0,38656.0,38662.0,38672.0,38681.0,38690.0,38690.0,38698.0,38706.0,38717.0,38724.0,,,,,,,,,38802.0,38810.0,38820.0,38835.0,38847.0,38857.0,38878.0,38910.0,38940.0,38962.0,38979.0,38995.0,39007.0,39026.0,39039.0,39051.0,39061.0,39072.0,39078.0,39089.0,39097.0,39110.0,39118.0,39135.0,39142.0,39151.0,39169.0,39174.0,39183.0,39187.0,39192.0,39207.0,39210.0,39217.0,39222.0,39235.0,39246.0,39250.0,39261.0,39266.0,39276.0,39280.0,39295.0,39302.0,39312.0,39322.0,39328.0,39342.0,39348.0,39357.0,39365.0,39370.0,39374.0,39380.0,39397.0,39406.0,39414.0,39426.0,39429.0,39443.0,39449.0,39456.0,39462.0,39474.0,39477.0,39482.0,39492.0,39500.0,39503.0,39507.0,39520.0,39532.0,39540.0,39546.0,39553.0,39558.0,39569.0,39575.0,39586.0,39593.0,39596.0,39600.0,39606.0,39611.0,39617.0,39625.0,39633.0,39642.0,39653.0,39665.0,39669.0,39676.0,39681.0,39685.0,39699.0,39709.0,39716.0,39724.0,39729.0,39740.0,39754.0,39768.0,39776.0,39782.0,39792.0,39801.0,39803.0,39808.0,39813.0,39819.0,39830.0,39832.0,39840.0,39852.0,39855.0,39860.0,39872.0,39885.0,39897.0,39918.0,39932.0,,39958.0,39964.0,39980.0,39987.0,39990.0,39999.0,40005.0,40020.0,40023.0,40036.0,40044.0,40047.0,40052.0,40058.0,40068.0,40081.0,40098.0,40107.0,40120.0,40124.0,40127.0,40138.0,40142.0,40151.0,40159.0,40170.0,40176.0,40184.0,40204.0,40211.0,40222.0,40234.0,40241.0,40247.0,40251.0,40257.0,40267.0,40278.0,40290.0,40311.0,40334.0,40355.0,40366.0,40380.0,40391.0,40402.0,40409.0,40419.0,40435.0,40447.0,40453.0,40460.0,40474.0,40482.0,40491.0,40494.0,40499.0,40502.0,40518.0,40522.0,40536.0,40545.0,40553.0,40560.0,40567.0,40575.0,40580.0,40583.0,40589.0,40594.0,40601.0,40608.0,40619.0,40627.0,40635.0,40644.0,40658.0,40670.0,40687.0,40700.0,40713.0,40723.0,40733.0,40745.0,40761.0,40778.0,40791.0,40808.0,40823.0,40833.0,40839.0,40845.0,40854.0,40870.0,40877.0,40889.0,40904.0,40911.0,40920.0,40925.0,40937.0,40950.0,40962.0,40977.0,40990.0,40995.0,41007.0,41015.0,41026.0,41040.0,41044.0,41051.0,41056.0,41064
5Vp1of6Z0ro,3710226.0,3710807.0,3711520.0,3712215.0,3712806.0,3713490.0,3714105.0,3714807.0,3715482.0,3716229.0,3716952.0,3717583.0,3718327.0,3718989.0,3719681.0,3720275.0,3720860.0,3721526.0,3722011.0,3722608.0,3723234.0,3723783.0,3724691.0,3725863.0,3727226.0,3728563.0,3729851.0,3731619.0,3732502.0,3733509.0,3734680.0,3735317.0,3735992.0,3736589.0,3737273.0,3738047.0,3738787.0,3739453.0,3740103.0,3740728.0,3741343.0,3742347.0,3743306.0,3744069.0,3744793.0,3745525.0,3746141.0,3746777.0,3747363.0,3748018.0,3748697.0,3749358.0,3749963.0,3750518.0,3751200.0,3751776.0,3752381.0,3752997.0,3753774.0,3754512.0,3755121.0,3755732.0,3756320.0,3756960.0,3757613.0,3758273.0,3758911.0,3759451.0,3759958.0,3760531.0,3761111.0,3761737.0,3762405.0,3762979.0,3763574.0,3764241.0,3764915.0,3765619.0,3766283.0,3767127.0,3768340.0,3769129.0,3769871.0,3770475.0,3770997.0,3771652.0,3772164.0,3772641.0,3773194.0,3773637.0,3774227.0,3774633.0,3775210.0,3775708.0,3776248.0,3776803.0,3777316.0,3777772.0,3778216.0,3778774.0,3779307.0,3779902.0,3780407.0,3780978.0,3781467.0,3782030.0,3782614.0,3783218.0,3783744.0,3784248.0,3784814.0,3785357.0,3785936.0,3786474.0,3787067.0,3787661.0,3788181.0,3788697.0,3789276.0,3789909.0,3790551.0,3791170.0,3791763.0,3792276.0,3792877.0,3793444.0,3793958.0,3794504.0,3795053.0,3795492.0,3795994.0,3796414.0,3796943.0,3797363.0,,,,,,,,,3802159.0,3802706.0,3803297.0,3803782.0,3804277.0,3804870.0,3805761.0,3806991.0,3808189.0,3809086.0,3810241.0,3811341.0,3812508.0,3813728.0,3814945.0,3816242.0,3816895.0,3817628.0,3818254.0,3818875.0,3819549.0,3820176.0,3820801.0,3821308.0,3821919.0,3822456.0,3823047.0,3823567.0,3824097.0,3824586.0,3825066.0,3825571.0,3826082.0,3826568.0,3827033.0,3827508.0,3827987.0,3828454.0,3828959.0,3829489.0,3829980.0,3830504.0,3830938.0,3831463.0,3831926.0,3832434.0,3832965.0,3833464.0,3834009.0,3834632.0,3835256.0,3835782.0,3836336.0,3836841.0,3837376.0,3837951.0,3838503.0,3839103.0,3839574.0,3840135.0,3840652.0,3841151.0,3841586.0,3842236.0,3842832.0,3843575.0,3844480.0,3845447.0,3846295.0,3847014.0,3847764.0,3848560.0,3849251.0,3850012.0,3850702.0,3851525.0,3852319.0,3853048.0,3853815.0,3854504.0,3855178.0,3855828.0,3856517.0,3857296.0,3858021.0,3858738.0,3859394.0,3860025.0,3860684.0,3861330.0,3861967.0,3862733.0,3863383.0,3864035.0,3864673.0,3865442.0,3866119.0,3866868.0,3867516.0,3868162.0,3868720.0,3869269.0,3869837.0,3870465.0,3871061.0,3871680.0,3872173.0,3872802.0,3873317.0,3873835.0,3874374.0,3874991.0,3875658.0,3876188.0,3876776.0,3877231.0,3877828.0,3878392.0,3878983.0,3879541.0,3880111.0,,3881195.0,3881736.0,3882302.0,3882869.0,3883453.0,3884000.0,3884544.0,3885127.0,3885660.0,3886422.0,3887138.0,3887946.0,3888825.0,3889513.0,3890178.0,3890817.0,3891434.0,3891991.0,3892542.0,3893148.0,3893665.0,3894274.0,3894817.0,3895361.0,3895910.0,3896459.0,3897025.0,3897539.0,3898064.0,3898654.0,3899312.0,3899836.0,3900462.0,3901003.0,3901578.0,3902133.0,3902799.0,3903573.0,3904429.0,3905238.0,3905861.0,3906530.0,3907216.0,3907876.0,3908499.0,3909174.0,3909809.0,3910516.0,3911128.0,3911745.0,3912455.0,3913033.0,3913630.0,3914334.0,3914932.0,3915516.0,3916143.0,3916750.0,3917354.0,3917994.0,3918620.0,3919195.0,3919747.0,3920249.0,3920817.0,3921432.0,3922043.0,3922610.0,3923156.0,3923660.0,3924238.0,3924804.0,3925312.0,3925840.0,3926384.0,3926955.0,3927530.0,3928082.0,3928633.0,3929166.0,3929800.0,3930425.0,3930913.0,3931548.0,3932109.0,3932672.0,3933265.0,3933910.0,3934565.0,3935211.0,3935809.0,3936347.0,3936957.0,3937505.0,3938041.0,3938587.0,3939124.0,3939618.0,3940163.0,3940668.0,3941501.0,3942195.0,3942856.0,3943452.0,3943978.0,3944535.0,3945104.0,3945652.0,3946226.0,3946759.0,3947336.0,3947824.0,3948332.0,3948842
LNu_WxYBLFg,663.0,663.0,663.0,663.0,663.0,663.0,663.0,663.0,663.0,663.0,663.0,665.0,665.0,665.0,665.0,666.0,666.0,666.0,666.0,666.0,666.0,667.0,667.0,668.0,668.0,668.0,668.0,669.0,669.0,669.0,670.0,670.0,670.0,670.0,672.0,672.0,672.0,672.0,674.0,674.0,674.0,674.0,674.0,674.0,674.0,674.0,674.0,674.0,674.0,674.0,674.0,674.0,674.0,674.0,674.0,674.0,674.0,674.0,674.0,674.0,674.0,675.0,676.0,676.0,676.0,676.0,676.0,676.0,676.0,676.0,676.0,676.0,676.0,676.0,676.0,676.0,677.0,677.0,677.0,677.0,677.0,677.0,677.0,677.0,677.0,679.0,680.0,680.0,680.0,680.0,680.0,680.0,680.0,680.0,680.0,680.0,680.0,680.0,680.0,680.0,681.0,686.0,686.0,686.0,688.0,688.0,688.0,688.0,688.0,689.0,689.0,689.0,689.0,689.0,689.0,689.0,690.0,690.0,690.0,690.0,690.0,690.0,690.0,690.0,690.0,690.0,690.0,690.0,691.0,691.0,691.0,691.0,691.0,691.0,,,,,,,,,693.0,693.0,693.0,693.0,693.0,693.0,693.0,693.0,693.0,693.0,693.0,693.0,693.0,693.0,693.0,693.0,693.0,693.0,693.0,693.0,693.0,693.0,693.0,693.0,693.0,693.0,694.0,694.0,694.0,694.0,694.0,694.0,694.0,694.0,695.0,695.0,695.0,695.0,695.0,695.0,695.0,695.0,695.0,695.0,695.0,695.0,695.0,696.0,697.0,697.0,697.0,698.0,698.0,699.0,699.0,699.0,700.0,700.0,700.0,702.0,702.0,702.0,702.0,702.0,702.0,702.0,702.0,703.0,703.0,705.0,705.0,706.0,706.0,707.0,707.0,708.0,708.0,708.0,708.0,709.0,709.0,709.0,709.0,709.0,709.0,709.0,710.0,710.0,710.0,710.0,710.0,710.0,711.0,711.0,711.0,711.0,711.0,711.0,712.0,713.0,714.0,715.0,715.0,715.0,715.0,716.0,716.0,717.0,717.0,718.0,719.0,720.0,721.0,721.0,723.0,724.0,724.0,724.0,725.0,725.0,725.0,,725.0,725.0,726.0,726.0,726.0,728.0,728.0,728.0,729.0,729.0,729.0,729.0,730.0,731.0,731.0,731.0,732.0,732.0,733.0,734.0,734.0,734.0,734.0,734.0,734.0,734.0,735.0,735.0,735.0,735.0,735.0,735.0,737.0,737.0,737.0,737.0,738.0,738.0,738.0,738.0,738.0,739.0,739.0,741.0,742.0,742.0,742.0,744.0,744.0,746.0,746.0,746.0,746.0,746.0,747.0,747.0,747.0,747.0,747.0,747.0,747.0,748.0,749.0,749.0,750.0,750.0,750.0,750.0,750.0,750.0,750.0,750.0,751.0,751.0,751.0,751.0,751.0,751.0,752.0,752.0,752.0,752.0,754.0,754.0,755.0,755.0,755.0,755.0,755.0,755.0,755.0,755.0,756.0,757.0,757.0,758.0,758.0,758.0,760.0,760.0,760.0,760.0,761.0,761.0,761.0,761.0,761.0,761.0,761.0,761.0,761.0,761.0,761.0,761
xsdLQFda0ZU,192594.0,192663.0,192711.0,192749.0,192801.0,192861.0,192925.0,192990.0,193061.0,193136.0,193181.0,193237.0,193297.0,193354.0,193407.0,193458.0,193533.0,193604.0,193667.0,193735.0,193810.0,193876.0,193918.0,193995.0,194059.0,194134.0,194198.0,194265.0,194350.0,194418.0,194479.0,194544.0,194610.0,194672.0,194735.0,194791.0,194862.0,194917.0,194967.0,195013.0,195091.0,195145.0,195196.0,195259.0,195320.0,195391.0,195437.0,195487.0,195516.0,195590.0,195652.0,195725.0,195803.0,195859.0,195913.0,195952.0,196006.0,196053.0,196099.0,196157.0,196239.0,196277.0,196322.0,196376.0,196414.0,196486.0,196552.0,196607.0,196657.0,196694.0,196756.0,196813.0,196871.0,196918.0,196955.0,196999.0,197046.0,197091.0,197132.0,197175.0,197225.0,197270.0,197312.0,197360.0,197410.0,197449.0,197479.0,197529.0,197565.0,197596.0,197651.0,197693.0,197757.0,197797.0,197858.0,197908.0,197939.0,197971.0,198009.0,198058.0,198114.0,198157.0,198207.0,198255.0,198307.0,198342.0,198383.0,198417.0,198456.0,198485.0,198527.0,198575.0,198612.0,198660.0,198717.0,198757.0,198803.0,198860.0,198894.0,198956.0,199022.0,199065.0,199112.0,199170.0,199211.0,199276.0,199324.0,199369.0,199443.0,199491.0,199542.0,199567.0,199613.0,199652.0,,,,,,,,,200135.0,200207.0,200259.0,200299.0,200347.0,200393.0,200447.0,200500.0,200563.0,200621.0,200667.0,200717.0,200770.0,200818.0,200855.0,200884.0,200922.0,200955.0,200980.0,201010.0,201054.0,201096.0,201129.0,201175.0,201204.0,201238.0,201283.0,201316.0,201354.0,201392.0,201440.0,201483.0,201527.0,201582.0,201628.0,201660.0,201708.0,201749.0,201795.0,201832.0,201881.0,201934.0,201976.0,202014.0,202069.0,202104.0,202167.0,202231.0,202274.0,202318.0,202356.0,202386.0,202423.0,202470.0,202522.0,202593.0,202640.0,202678.0,202733.0,202787.0,202827.0,202863.0,202910.0,202946.0,202981.0,203026.0,203080.0,203112.0,203190.0,203306.0,203381.0,203441.0,203490.0,203540.0,203589.0,203663.0,203723.0,203779.0,203820.0,203876.0,203923.0,203972.0,204025.0,204104.0,204136.0,204166.0,204209.0,204234.0,204264.0,204298.0,204329.0,204357.0,204384.0,204407.0,204438.0,204461.0,204488.0,204520.0,204541.0,204589.0,204611.0,,,,,,,,,,,,,,,,,,,,,,,,,,,,,,,,,,,,,,,,,,,,,,,,,,,,,,,,,,,,,,,,,,,,,,,,,,,,,,,,,,,,,,,,,,,,,,,,,,,,,,,,,,,,,,,,,,,,,,,,,,,,,,,,,,,,,,,
2xk8NRf1agA,442508.0,442560.0,442598.0,442647.0,442686.0,442723.0,442774.0,442819.0,442869.0,442910.0,442942.0,442991.0,443039.0,443087.0,443132.0,443214.0,443281.0,443352.0,443409.0,443468.0,443519.0,443568.0,443640.0,443696.0,443745.0,443828.0,443890.0,443937.0,443985.0,444022.0,444093.0,444142.0,444179.0,444212.0,444247.0,444291.0,444330.0,444358.0,444387.0,444414.0,444452.0,444487.0,444523.0,444569.0,444597.0,444631.0,444665.0,444709.0,444732.0,444780.0,444810.0,444851.0,444878.0,444929.0,444977.0,445023.0,445066.0,445100.0,445144.0,445188.0,445234.0,445261.0,445306.0,445341.0,445383.0,445415.0,445445.0,445478.0,445500.0,445519.0,445543.0,445602.0,445667.0,445715.0,445772.0,445820.0,445882.0,445936.0,446005.0,446053.0,446087.0,446135.0,446169.0,446215.0,446250.0,446312.0,446360.0,446405.0,446445.0,446487.0,446534.0,446580.0,446643.0,446690.0,446736.0,446776.0,446814.0,446864.0,446918.0,446963.0,447007.0,447049.0,447086.0,447108.0,447156.0,447201.0,447248.0,447299.0,447338.0,447369.0,447405.0,447455.0,447510.0,447553.0,447588.0,447646.0,447678.0,447719.0,447763.0,447808.0,447831.0,447872.0,447913.0,447948.0,447991.0,448017.0,448058.0,448091.0,448113.0,448150.0,448184.0,448226.0,448246.0,448278.0,,,,,,,,,448622.0,448662.0,448695.0,448728.0,448754.0,448786.0,448815.0,448840.0,448868.0,448906.0,448954.0,449006.0,449056.0,449107.0,449140.0,449196.0,449250.0,449282.0,449321.0,449349.0,449400.0,449430.0,449461.0,449486.0,449519.0,449550.0,449607.0,449663.0,449705.0,449738.0,449770.0,449807.0,449844.0,449871.0,449906.0,449943.0,449970.0,449999.0,450028.0,450048.0,450094.0,450123.0,450148.0,450177.0,450194.0,450225.0,450262.0,450289.0,450315.0,450346.0,450375.0,450425.0,450456.0,450503.0,450534.0,450562.0,450596.0,450625.0,450664.0,450703.0,450730.0,450760.0,450793.0,450820.0,450852.0,450892.0,450927.0,450971.0,451001.0,451036.0,451084.0,451143.0,451171.0,451221.0,451253.0,451295.0,451324.0,451360.0,451389.0,451428.0,451456.0,451489.0,451514.0,451550.0,451580.0,451608.0,451639.0,451678.0,451717.0,451756.0,451786.0,451828.0,451859.0,451890.0,451919.0,451949.0,451974.0,451996.0,452021.0,452048.0,452083.0,452117.0,452160.0,452190.0,452217.0,452258.0,452291.0,452324.0,452359.0,452393.0,452421.0,452448.0,452483.0,452509.0,452539.0,452575.0,452597.0,452628.0,452671.0,452710.0,452748.0,,452838.0,452886.0,452934.0,452979.0,453042.0,453086.0,453129.0,453177.0,453208.0,453249.0,453290.0,453327.0,453362.0,453398.0,453443.0,453483.0,453511.0,453545.0,453570.0,453618.0,453663.0,453720.0,453761.0,453788.0,453816.0,453857.0,453898.0,453945.0,453992.0,454059.0,454102.0,454140.0,454239.0,454305.0,454382.0,454452.0,454506.0,454553.0,454626.0,454659.0,454698.0,454734.0,454788.0,454818.0,454855.0,454890.0,454921.0,454972.0,455007.0,455054.0,455084.0,455127.0,455167.0,455207.0,455237.0,455268.0,455298.0,455332.0,455376.0,455419.0,455450.0,455476.0,455514.0,455543.0,455575.0,455609.0,455644.0,455667.0,455700.0,455740.0,455767.0,455820.0,455883.0,455934.0,455982.0,456035.0,456108.0,456153.0,456202.0,456259.0,456328.0,456386.0,456445.0,456491.0,456532.0,456564.0,456606.0,456650.0,456674.0,456717.0,456759.0,456795.0,456825.0,456862.0,456901.0,456930.0,456959.0,456997.0,457038.0,457077.0,457107.0,457147.0,457174.0,457213.0,457241.0,457271.0,457299.0,457322.0,457353.0,457390.0,457424.0,457458.0,457496.0,457536
r8uPU6jexdU,,,,,,,,,,,,,,,,,,,,,,,,,,,,,,,,,,,,,,,,,,,,,,,,,,,,,,,,,,,,,,,,,,,,,,,,,,,,,,,,,,,,,,,,,,,,,,,,,,,,,,,,,,,,,,,,,,,,,,,,,,,,,,,,,,,,,,,,,,,,,,,,,,,,,,,,,,,,,,,,,,,,,,,,,,,,,,,,,,,,,,,,,,,,,,,,,,,,,,,,,,,,,,,,,,,,,,,,,,,,,,,,,,,,,,,,,,,,,,,,,,,,,,,,,,,,,,,,,,,,,,,,,,,,,,,,,,,,,,,,,,,,,,,,,,,,,,,,,,,,,,,,,,,,,,,,,,,,,,,,,,,,,,,,,,,,,,,,,,,,,,,,,,,,,,,,,,,,,,,,,,,,,,,,,,,,,,,,,,
eZCOApoQ6Wk,1621005.0,1625308.0,1631162.0,1636490.0,1643177.0,1649688.0,1658076.0,1665014.0,1671626.0,1678244.0,1686309.0,1695401.0,1702898.0,1708756.0,1714667.0,1721026.0,1726021.0,1730617.0,1736125.0,1740170.0,1744123.0,1748539.0,1752619.0,1756179.0,1759165.0,1761999.0,1765164.0,1769934.0,1774121.0,1777539.0,1780578.0,1784042.0,1787625.0,1790648.0,1792381.0,1794951.0,1797475.0,1799047.0,1800146.0,1802300.0,1804484.0,1806135.0,1807720.0,1809203.0,1810918.0,1812192.0,1814009.0,1816533.0,1818714.0,1820544.0,1822287.0,1823551.0,1824696.0,1825884.0,1827184.0,1828105.0,1829037.0,1829951.0,1830796.0,1831391.0,1832244.0,1833362.0,1834479.0,1835223.0,1835898.0,1836572.0,1837334.0,1838095.0,1838818.0,1839748.0,1840769.0,1841726.0,1842837.0,1843503.0,1844373.0,1845507.0,1846692.0,1847824.0,1849054.0,1850183.0,1851013.0,1852190.0,1853192.0,1854440.0,1855731.0,1856791.0,1857625.0,1858399.0,1859476.0,1860810.0,1861903.0,1862849.0,1863904.0,1865190.0,1866198.0,1867223.0,1868498.0,1869778.0,1871407.0,1872975.0,1874292.0,1875516.0,1877020.0,1879089.0,1880647.0,1882062.0,1883504.0,1884431.0,1885601.0,1886764.0,1888196.0,1889633.0,1891230.0,1892523.0,1893541.0,1894429.0,1895579.0,1896949.0,1898202.0,1899526.0,1900653.0,1901748.0,1902801.0,1903736.0,1904637.0,1905665.0,1906795.0,1908001.0,1909013.0,1910158.0,1911450.0,1912871.0,1913893.0,1914948.0,,,,,,,,,1923954.0,1924572.0,1925389.0,1926159.0,1926987.0,1927722.0,1928510.0,1929179.0,1929927.0,1930659.0,1931629.0,1932604.0,1933797.0,1934847.0,1935755.0,1936512.0,1937317.0,1938200.0,1939356.0,1940286.0,1941191.0,1942126.0,1943141.0,1944150.0,1945167.0,1946073.0,1947018.0,1948015.0,1948953.0,1949719.0,1950757.0,1952027.0,1953233.0,1954677.0,1956046.0,1957110.0,1958122.0,1959177.0,1960296.0,1961253.0,1962156.0,1963519.0,1964599.0,1965537.0,1966847.0,1967709.0,1968557.0,1969640.0,1970841.0,1972018.0,1972963.0,1974038.0,1975238.0,1976393.0,1977508.0,1978972.0,1980022.0,1980951.0,1982293.0,1983520.0,1984685.0,1985833.0,1987169.0,1988098.0,1989168.0,1990337.0,1991435.0,1992545.0,1993341.0,1994393.0,1995370.0,1996276.0,1997347.0,1998295.0,1999236.0,2000128.0,2001028.0,2001882.0,2002575.0,2003473.0,2004336.0,2004958.0,2005689.0,2006442.0,2007162.0,2007769.0,2008446.0,2009193.0,2009895.0,2010725.0,2011436.0,2012123.0,2012698.0,2013444.0,2014264.0,2015054.0,2015849.0,2016649.0,2017441.0,2018115.0,2019014.0,2019854.0,2020605.0,2021267.0,2022129.0,2022922.0,2023530.0,2024294.0,2024964.0,2025669.0,2026565.0,2027276.0,2027752.0,2028236.0,2028688.0,2029230.0,2029622.0,2030110.0,2030590.0,2030900.0,2031124.0,,2032074.0,2032443.0,2032816.0,2033141.0,2033345.0,2033558.0,2033777.0,2034010.0,2034374.0,2034618.0,2034863.0,2035085.0,2035311.0,2035575.0,2035857.0,2036096.0,2036416.0,2036686.0,2036898.0,2037125.0,2037381.0,2037675.0,2037966.0,2038191.0,2038426.0,2038643.0,2038846.0,2039043.0,2039248.0,2039487.0,2039701.0,2039967.0,2040155.0,2040323.0,2040534.0,2040756.0,2040951.0,2041155.0,2041384.0,2041583.0,2041780.0,2042042.0,2042278.0,2042491.0,2042708.0,2043077.0,2043784.0,2044700.0,2045841.0,2046690.0,2047530.0,2048320.0,2049291.0,2049875.0,2050212.0,2050561.0,2051053.0,2051482.0,2051827.0,2052255.0,2052609.0,2052922.0,2053379.0,2053801.0,2054402.0,2055213.0,2056868.0,2057698.0,2058429.0,2059288.0,2061680.0,2063900.0,2065176.0,2066209.0,2067341.0,2068263.0,2069593.0,2070617.0,2071638.0,2072703.0,2074113.0,2075291.0,2076418.0,2077643.0,2078362.0,2079208.0,2079834.0,2080401.0,2080928.0,2081505.0,2081971.0,2082424.0,2083044.0,2083708.0,2084373.0,2084867.0,2085446.0,2086053.0,2086512.0,2086866.0,2087200.0,2087581.0,2087993.0,2088341.0,2088771.0,2089128.0,2089554.0,2090135.0,2090593.0,2091015.0,2091408.0,2091861.0,2092306.0,2092729
6Tr5wV1opKw,8692111.0,8693051.0,8694214.0,8695404.0,8696602.0,8697792.0,8698967.0,8700234.0,8701520.0,8702671.0,8703862.0,8705046.0,8706276.0,8707678.0,8709303.0,8710844.0,8712295.0,8713544.0,8714794.0,8716048.0,8717259.0,8718425.0,8719548.0,8720715.0,8721869.0,8722876.0,8723779.0,8724857.0,8725979.0,8727017.0,8728135.0,8728999.0,8729954.0,8730984.0,8732091.0,8733223.0,8734501.0,8735749.0,8737040.0,8738162.0,8739354.0,8740508.0,8741791.0,8743100.0,8744340.0,8745580.0,8746671.0,8747674.0,8748957.0,8750116.0,8751130.0,8752214.0,8753316.0,8754243.0,8755225.0,8756230.0,8757128.0,8758039.0,8759073.0,8760106.0,8761139.0,8762215.0,8763164.0,8764138.0,8764961.0,8766021.0,8767132.0,8768138.0,8769165.0,8771708.0,8774067.0,8776051.0,8777938.0,8779498.0,8781301.0,8786164.0,8790118.0,8793266.0,8795957.0,8798186.0,8800174.0,8801938.0,8803627.0,8805263.0,8806770.0,8808126.0,8809548.0,8810687.0,8811762.0,8812890.0,8814050.0,8815262.0,8816523.0,8817747.0,8818782.0,8819748.0,8820671.0,8821582.0,8822580.0,8823555.0,8824565.0,8825463.0,8826346.0,8827216.0,8828012.0,8828953.0,8829786.0,8830774.0,8831737.0,8832549.0,8833411.0,8834348.0,8835128.0,8836097.0,8836963.0,8837832.0,8838592.0,8839378.0,8840157.0,8840928.0,8841760.0,8842535.0,8843306.0,8844006.0,8844857.0,8845675.0,8846507.0,8847349.0,8848063.0,8848767.0,8849398.0,8850059.0,8850783.0,8851425.0,,,,,,,,,8859487.0,8860722.0,8861950.0,8863337.0,8864607.0,8866165.0,8867415.0,8868843.0,8870686.0,8872335.0,8873835.0,8875497.0,8877053.0,8878431.0,8879748.0,8881178.0,8882305.0,8883707.0,8884834.0,8885688.0,8886381.0,8887250.0,8888114.0,8888939.0,8889750.0,8890679.0,8891766.0,8892866.0,8893803.0,8894649.0,8895457.0,8896404.0,8897293.0,8898110.0,8898918.0,8899737.0,8900584.0,8901411.0,8902437.0,8903436.0,8904188.0,8905215.0,8906177.0,8907054.0,8907862.0,8908739.0,8909572.0,8910372.0,8911213.0,8912487.0,8913690.0,8914891.0,8916026.0,8917263.0,8918418.0,8919588.0,8920742.0,8921825.0,8923284.0,8924598.0,8925756.0,8926709.0,8927560.0,8928454.0,8929353.0,8930210.0,8931189.0,8932183.0,8932943.0,8933810.0,8934673.0,8935666.0,8936551.0,8937426.0,8938318.0,8939129.0,8940025.0,8940894.0,8941697.0,8942368.0,8943285.0,8944025.0,8944903.0,8945649.0,8946552.0,8947337.0,8948156.0,8948891.0,8949681.0,8950529.0,8951302.0,8952376.0,8953294.0,8954092.0,8954961.0,8955782.0,8956619.0,8957433.0,8958404.0,8959310.0,8960209.0,8961089.0,8962110.0,8963020.0,8963920.0,8964851.0,8965682.0,8966476.0,8967288.0,8968053.0,8968834.0,8969541.0,8970294.0,8971073.0,8971787.0,8972376.0,8973118.0,8973765.0,8974507.0,8975207.0,8975788.0,,8977045.0,8977773.0,8978489.0,8979089.0,8979717.0,8980411.0,8981003.0,8981661.0,8982227.0,8982817.0,8983407.0,8984066.0,8984610.0,8985167.0,8985707.0,8986308.0,8987019.0,8987713.0,8988507.0,8989283.0,8990016.0,8990794.0,8991524.0,8992240.0,8992924.0,8993356.0,8993818.0,8994473.0,8995064.0,8995687.0,8996284.0,8996936.0,8997556.0,8998300.0,8999036.0,8999770.0,9000575.0,9001514.0,9002331.0,9003173.0,9003859.0,9004641.0,9005343.0,9006225.0,9007018.0,9007743.0,9008487.0,9009212.0,9009925.0,9010760.0,9011596.0,9012537.0,9013477.0,9014454.0,9015424.0,9016299.0,9017243.0,9018070.0,9018905.0,9019683.0,9020506.0,9021229.0,9021986.0,9022745.0,9023506.0,9024327.0,9025129.0,9025900.0,9026689.0,9027403.0,9028085.0,9028743.0,9029507.0,9030206.0,9030914.0,9031665.0,9032428.0,9033194.0,9033970.0,9034703.0,9035387.0,9036225.0,9037023.0,9037807.0,9038650.0,9039544.0,9040327.0,9041107.0,9041892.0,9042688.0,9043474.0,9044251.0,9044920.0,9045641.0,9046421.0,9047223.0,9047956.0,9048740.0,9049470.0,9050224.0,9051012.0,9051675.0,9052419.0,9053069.0,9053718.0,9054412.0,9055131.0,9055852.0,9056579.0,9057373.0,9058079.0,9058762.0,9059457.0,9060180
WoIyx9ExBDU,81736.0,81782.0,81820.0,81864.0,81898.0,81943.0,81986.0,82042.0,82080.0,82126.0,82174.0,82200.0,82246.0,82265.0,82296.0,82319.0,82349.0,82378.0,82407.0,82457.0,82486.0,82523.0,82565.0,82596.0,82612.0,82649.0,82686.0,82725.0,82766.0,82806.0,82848.0,82875.0,82917.0,82974.0,83029.0,83075.0,83121.0,83176.0,83199.0,83252.0,83290.0,83331.0,83385.0,83452.0,83485.0,83515.0,83548.0,83579.0,83606.0,83634.0,83693.0,83731.0,83771.0,83820.0,83857.0,83890.0,83923.0,83955.0,83995.0,84034.0,84067.0,84111.0,84153.0,84184.0,84214.0,84258.0,84302.0,84331.0,84368.0,84440.0,84504.0,84569.0,84637.0,84689.0,84733.0,84890.0,84986.0,85072.0,85151.0,85216.0,85264.0,85313.0,85361.0,85401.0,85442.0,85485.0,85528.0,85577.0,85622.0,85654.0,85705.0,85750.0,85797.0,85833.0,85870.0,85903.0,85955.0,85989.0,86021.0,86069.0,86107.0,86138.0,86173.0,86227.0,86255.0,86284.0,86307.0,86332.0,86356.0,86383.0,86424.0,86462.0,86521.0,86556.0,86578.0,86600.0,86625.0,86647.0,86671.0,86715.0,86741.0,86772.0,86787.0,86815.0,86833.0,86864.0,86886.0,86912.0,86930.0,86956.0,86990.0,87011.0,87025.0,87046.0,,,,,,,,,87284.0,87309.0,87325.0,87340.0,87366.0,87385.0,87404.0,87431.0,87446.0,87486.0,87526.0,87567.0,87604.0,87631.0,87677.0,87700.0,87738.0,87772.0,87838.0,87871.0,87889.0,87911.0,87929.0,87964.0,87986.0,88032.0,88056.0,88083.0,88100.0,88120.0,88146.0,88171.0,88208.0,88232.0,88269.0,88291.0,88309.0,88336.0,88361.0,88385.0,88411.0,88440.0,88461.0,88491.0,88512.0,88538.0,88579.0,88610.0,88633.0,88666.0,88698.0,88740.0,88791.0,88840.0,88875.0,88921.0,88964.0,89016.0,89090.0,89161.0,89223.0,89270.0,89318.0,89351.0,89403.0,89452.0,89492.0,89539.0,89564.0,89606.0,89653.0,89702.0,89749.0,89805.0,89859.0,89937.0,90000.0,90055.0,90099.0,90139.0,90185.0,90232.0,90280.0,90343.0,90387.0,90428.0,90466.0,90508.0,90551.0,90590.0,90630.0,90738.0,90842.0,90950.0,91064.0,91201.0,91323.0,91432.0,91565.0,91697.0,91795.0,91890.0,91993.0,92105.0,92197.0,92283.0,92379.0,92444.0,92518.0,92618.0,92686.0,92786.0,92868.0,92957.0,93036.0,93110.0,93173.0,93234.0,93277.0,93364.0,93474.0,,93640.0,93738.0,93857.0,93980.0,94055.0,94166.0,94231.0,94331.0,94398.0,94510.0,94605.0,94712.0,94814.0,94901.0,94991.0,95086.0,95213.0,95325.0,95435.0,95569.0,95750.0,95936.0,96045.0,96126.0,96197.0,96283.0,96377.0,96473.0,96575.0,96677.0,96782.0,96922.0,97069.0,97168.0,97280.0,97389.0,97500.0,97565.0,97642.0,97723.0,97832.0,97922.0,98038.0,98183.0,98234.0,98323.0,98533.0,98768.0,98978.0,99269.0,99539.0,99807.0,99918.0,100148.0,100254.0,100353.0,100522.0,100602.0,100716.0,100823.0,100940.0,101061.0,101136.0,101349.0,101701.0,102096.0,102717.0,103253.0,103689.0,104150.0,104669.0,105132.0,105688.0,106275.0,106769.0,107203.0,107910.0,109127.0,110288.0,111054.0,112370.0,113375.0,113957.0,114215.0,114471.0,114721.0,114950.0,115181.0,115325.0,115453.0,115582.0,115830.0,116101.0,116393.0,116706.0,116981.0,117213.0,117445.0,117595.0,117735.0,117885.0,118054.0,118194.0,118296.0,118389.0,118545.0,118714.0,118890.0,119064.0,119250.0,119403.0,119551.0,119700.0,119891
jLLyTeV_QMQ,3828343.0,3828815.0,3829388.0,3829994.0,3830514.0,3831114.0,3831635.0,3832196.0,3832726.0,3833343.0,3833890.0,3834465.0,3835075.0,3835754.0,3836476.0,3837216.0,3837906.0,3838600.0,3839331.0,3840048.0,3840726.0,3841447.0,3842220.0,3842905.0,3843531.0,3844143.0,3844653.0,3845322.0,3846853.0,3847728.0,3848559.0,3849152.0,3849725.0,3850422.0,3851083.0,3851679.0,3852316.0,3853062.0,3853690.0,3854288.0,3854892.0,3855465.0,3855988.0,3856615.0,3857129.0,3857759.0,3858308.0,3858832.0,3859404.0,3860067.0,3860648.0,3861303.0,3861879.0,3862434.0,3863015.0,3863601.0,3864141.0,3864669.0,3865244.0,3865760.0,3866343.0,3866883.0,3867467.0,3868026.0,3868557.0,3869147.0,3869753.0,3870240.0,3871017.0,3873079.0,3874771.0,3876099.0,3877266.0,3878225.0,3879216.0,3882765.0,3885361.0,3887074.0,3888561.0,3889717.0,3890654.0,3891506.0,3892323.0,3893199.0,3894005.0,3894723.0,3895435.0,3896058.0,3896655.0,3897214.0,3897867.0,3898468.0,3899075.0,3899611.0,3900148.0,3900676.0,3901155.0,3901619.0,3902052.0,3902529.0,3902964.0,3903434.0,3903959.0,3904388.0,3904867.0,3905297.0,3905755.0,3906219.0,3906723.0,3907195.0,3907665.0,3908117.0,3908570.0,3909018.0,3909470.0,3909956.0,3910427.0,3910870.0,3911269.0,3911671.0,3912088.0,3912441.0,3912878.0,3913217.0,3913571.0,3913982.0,3914335.0,3914770.0,3915084.0,3915456.0,3915775.0,3916127.0,3916439.0,3916773.0,,,,,,,,,3920641.0,3921217.0,3921719.0,3922292.0,3922763.0,3923323.0,3923836.0,3924467.0,3925057.0,3925535.0,3925977.0,3926420.0,3926793.0,3927286.0,3927701.0,3928116.0,3928534.0,3928974.0,3929315.0,3929672.0,3930093.0,3930491.0,3930934.0,3931363.0,3931773.0,3932196.0,3932703.0,3933213.0,3933657.0,3934076.0,3934495.0,3934974.0,3935377.0,3935801.0,3936222.0,3936588.0,3936991.0,3937439.0,3937845.0,3938212.0,3938563.0,3938882.0,3939269.0,3939563.0,3939939.0,3940387.0,3940734.0,3941200.0,3941576.0,3942305.0,3942994.0,3943675.0,3944310.0,3944980.0,3945708.0,3946426.0,3947048.0,3947522.0,3948261.0,3948968.0,3949516.0,3950034.0,3950538.0,3951040.0,3951447.0,3951880.0,3952386.0,3952890.0,3953253.0,3953698.0,3954131.0,3954497.0,3954929.0,3955314.0,3955745.0,3956137.0,3956520.0,3956956.0,3957316.0,3957587.0,3957938.0,3958294.0,3958634.0,3959028.0,3959433.0,3959791.0,3960096.0,3960472.0,3960801.0,3961197.0,3961577.0,3961939.0,3962475.0,3962845.0,3963303.0,3963724.0,3964160.0,3964612.0,3965084.0,3965417.0,3965819.0,3966183.0,3966659.0,3967029.0,3967459.0,3967807.0,3968205.0,3968599.0,3969029.0,3969474.0,3969847.0,3970224.0,3970587.0,3970953.0,3971417.0,3971753.0,3972066.0,3972381.0,3972818.0,3973222.0,3973558.0,,3974225.0,3974573.0,3974939.0,3975189.0,3975535.0,3975863.0,3976222.0,3976591.0,3976961.0,3977341.0,3977708.0,3978030.0,3978322.0,3978599.0,3978896.0,3979236.0,3979563.0,3979952.0,3980295.0,3980611.0,3980928.0,3981249.0,3981553.0,3981879.0,3982150.0,3982344.0,3982581.0,3982876.0,3983141.0,3983405.0,3983719.0,3984032.0,3984349.0,3984731.0,3984995.0,3985367.0,3985696.0,3986058.0,3986332.0,3986679.0,3987029.0,3987362.0,3987716.0,3988047.0,3988406.0,3988746.0,3989128.0,3989450.0,3989859.0,3990260.0,3990692.0,3991068.0,3991453.0,3991818.0,3992179.0,3992542.0,3992983.0,3993316.0,3993710.0,3994043.0,3994456.0,3994750.0,3995081.0,3995428.0,3995817.0,3996239.0,3996586.0,3996882.0,3997180.0,3997568.0,3997911.0,3998231.0,3998526.0,3998968.0,3999424.0,3999800.0,4000152.0,4000505.0,4000833.0,4001192.0,4001557.0,4001871.0,4002238.0,4002606.0,4002949.0,4003250.0,4003632.0,4004001.0,4004373.0,4004695.0,4005008.0,4005348.0,4005649.0,4006005.0,4006325.0,4006675.0,4006992.0,4007345.0,4007697.0,4008089.0,4008369.0,4008697.0,4009055.0,4009354.0,4009672.0,4009926.0,4010241.0,4010555.0,4010905.0,4011214.0,4011518.0,4011783.0,4012089.0,4012488
9kpuOoIh3wU,37231537.0,37236581.0,37242724.0,37248993.0,37255126.0,37260600.0,37265790.0,37273232.0,37280079.0,37287578.0,37294316.0,37300594.0,37306714.0,37313153.0,37319929.0,37326272.0,37332432.0,37338100.0,37344311.0,37350686.0,37357183.0,37364757.0,37372348.0,37379330.0,37385940.0,37392819.0,37399747.0,37407194.0,37414459.0,37421332.0,37428075.0,37434943.0,37441024.0,37447050.0,37453667.0,37460612.0,37467898.0,37474697.0,37481528.0,37488750.0,37495749.0,37502250.0,37509316.0,37515998.0,37522437.0,37528970.0,37535062.0,37541116.0,37546609.0,37552388.0,37558313.0,37564984.0,37571244.0,37577631.0,37583927.0,37589888.0,37595551.0,37601210.0,37607132.0,37613509.0,37619301.0,37625199.0,37630755.0,37636691.0,37642123.0,37647233.0,37652045.0,37657266.0,37661787.0,37667590.0,37672841.0,37677940.0,37682644.0,37687194.0,37691841.0,37696568.0,37702059.0,37707673.0,37712976.0,37718155.0,37723078.0,37728013.0,37732956.0,37737969.0,37742870.0,37747692.0,37752383.0,37756639.0,37761061.0,37765187.0,37769632.0,37774028.0,37778745.0,37783645.0,37788876.0,37793195.0,37797592.0,37802275.0,37806812.0,37811777.0,37817300.0,37823318.0,37828969.0,37834210.0,37839589.0,37844645.0,37849725.0,37854837.0,37860235.0,37865932.0,37871622.0,37877249.0,37882320.0,37887435.0,37892688.0,37898286.0,37904054.0,37910292.0,37915928.0,37920992.0,37925932.0,37930968.0,37935655.0,37940641.0,37945617.0,37950812.0,37955926.0,37961275.0,37966391.0,37971356.0,37976302.0,37981170.0,37985758.0,37990052.0,,,,,,,,,38031867.0,38036459.0,38041018.0,38045941.0,38050598.0,38055175.0,38059510.0,38063873.0,38068462.0,38072858.0,38077191.0,38081683.0,38086335.0,38090749.0,38095172.0,38099574.0,38104218.0,38109396.0,38114552.0,38119241.0,38123723.0,38128347.0,38132935.0,38137503.0,38142009.0,38146511.0,38151117.0,38155728.0,38160060.0,38164449.0,38169298.0,38174184.0,38179262.0,38183771.0,38188261.0,38192833.0,38197635.0,38202618.0,38207456.0,38212275.0,38217260.0,38221877.0,38226440.0,38230977.0,38235709.0,38240189.0,38244747.0,38249271.0,38253760.0,38258022.0,38262484.0,38267758.0,38272304.0,38276808.0,38281347.0,38286016.0,38290504.0,38294770.0,38299212.0,38303673.0,38308231.0,38312157.0,38316148.0,38320141.0,38324032.0,38328068.0,38331894.0,38335674.0,38338809.0,38341990.0,38345378.0,38348728.0,38352592.0,38356447.0,38360311.0,38364008.0,38368012.0,38371666.0,38375339.0,38380141.0,38385683.0,38389777.0,38394279.0,38398566.0,38402772.0,38406816.0,38411061.0,38415248.0,38418905.0,38422463.0,38426078.0,38429621.0,38433262.0,38437079.0,38440744.0,38444373.0,38448134.0,38451822.0,38455475.0,38458975.0,38462630.0,38466190.0,38469698.0,38473163.0,38476435.0,38479605.0,38482817.0,38486224.0,38489694.0,38493415.0,38497120.0,38500698.0,38504249.0,38507614.0,38510848.0,38514007.0,38517164.0,38520216.0,38523295.0,38526573.0,38529579.0,,38536126.0,38539710.0,38543009.0,38546197.0,38549440.0,38552692.0,38555965.0,38559391.0,38562883.0,38566395.0,38569799.0,38573125.0,38576422.0,38579845.0,38583247.0,38586453.0,38590028.0,38593689.0,38597715.0,38601767.0,38605865.0,38609827.0,38613762.0,38617464.0,38621429.0,38625467.0,38629191.0,38632924.0,38636474.0,38640159.0,38643644.0,38646939.0,38650411.0,38653365.0,38656798.0,38660196.0,38663596.0,38666991.0,38670125.0,38673256.0,38676292.0,38679703.0,38682940.0,38686246.0,38689428.0,38692679.0,38695944.0,38699302.0,38702602.0,38705925.0,38709273.0,38712258.0,38715256.0,38718102.0,38720853.0,38723737.0,38726916.0,38729931.0,38733184.0,38736624.0,38740122.0,38743382.0,38746725.0,38750123.0,38753549.0,38756943.0,38760043.0,38762998.0,38765908.0,38769038.0,38771968.0,38774767.0,38777696.0,38780857.0,38783874.0,38787162.0,38790433.0,38793709.0,38797210.0,38800717.0,38804181.0,38807298.0,38810182.0,38813330.0,38816585.0,38819865.0,38823055.0,38826598.0,38829999.0,38833397.0,38836754.0,38840057.0,38843306.0,38846614.0,38849659.0,38853145.0,38856409.0,38860033.0,38863596.0,38867187.0,38870557.0,38873856.0,38877119.0,38880294.0,38883376.0,38886454.0,38889448.0,38892599.0,38895559.0,38898533.0,38901499.0,38904546.0,38907621.0,38910724
vvN4FgqNXwE,27560001.0,27576048.0,27595305.0,27614381.0,27632374.0,27648591.0,27664178.0,27681718.0,27698813.0,27716076.0,27733263.0,27750380.0,27766892.0,27781108.0,27796269.0,27811171.0,27826810.0,27841683.0,27856616.0,27871724.0,27887270.0,27904935.0,27922503.0,27939236.0,27955742.0,27972926.0,27989667.0,28006263.0,28022909.0,28040288.0,28062273.0,28080264.0,28097852.0,28114021.0,28130622.0,28147314.0,28163681.0,28179642.0,28195123.0,28210547.0,28226293.0,28241292.0,28257256.0,28272194.0,28287031.0,28301846.0,28315390.0,28329935.0,28343621.0,28356660.0,28370319.0,28386078.0,28400783.0,28415398.0,28431050.0,28444570.0,28457950.0,28471850.0,28486068.0,28501149.0,28516914.0,28532412.0,28547152.0,28561568.0,28574828.0,28586452.0,28598461.0,28611547.0,28622784.0,28638300.0,28651432.0,28663394.0,28675287.0,28687227.0,28700909.0,28714215.0,28728051.0,28741554.0,28754224.0,28766814.0,28779361.0,28791797.0,28804299.0,28816947.0,28829939.0,28843323.0,28856758.0,28869316.0,28881683.0,28894102.0,28907433.0,28920179.0,28933201.0,28946679.0,28961263.0,28973758.0,28986185.0,28999067.0,29011500.0,29024982.0,29038809.0,29051970.0,29065308.0,29077892.0,29090850.0,29103578.0,29115859.0,29128721.0,29141428.0,29154048.0,29167352.0,29180354.0,29192042.0,29204419.0,29216390.0,29227808.0,29240142.0,29253878.0,29266760.0,29278296.0,29290373.0,29302889.0,29315193.0,29328065.0,29340453.0,29354248.0,29367695.0,29381183.0,29394594.0,29407549.0,29419733.0,29431563.0,29443351.0,29455183.0,,,,,,,,,29571741.0,29584917.0,29596853.0,29608801.0,29620041.0,29632829.0,29644461.0,29656855.0,29670182.0,29682831.0,29695182.0,29707420.0,29720436.0,29732945.0,29746251.0,29758693.0,29771010.0,29783979.0,29798446.0,29811381.0,29822913.0,29834824.0,29847424.0,29859157.0,29871393.0,29883626.0,29895732.0,29908013.0,29919793.0,29932132.0,29944344.0,29957091.0,29970707.0,29983223.0,29995991.0,30008885.0,30023217.0,30035667.0,30049007.0,30061532.0,30074370.0,30086576.0,30099157.0,30112580.0,30126133.0,30138908.0,30151457.0,30164380.0,30177001.0,30189844.0,30203141.0,30219047.0,30233306.0,30246968.0,30260219.0,30273222.0,30286734.0,30300733.0,30314114.0,30327469.0,30341558.0,30354710.0,30367428.0,30380231.0,30392151.0,30404659.0,30416758.0,30428813.0,30439217.0,30448987.0,30458954.0,30469631.0,30481279.0,30492804.0,30504267.0,30515560.0,30527267.0,30538368.0,30549546.0,30561540.0,30573711.0,30584332.0,30596135.0,30609671.0,30621973.0,30633610.0,30645660.0,30658033.0,30669482.0,30680730.0,30691793.0,30703408.0,30715282.0,30726691.0,30738011.0,30749616.0,30761309.0,30773134.0,30784942.0,30796549.0,30808397.0,30820107.0,30831923.0,30843495.0,30854905.0,30866041.0,30876932.0,30887832.0,30899071.0,30910810.0,30922153.0,30933092.0,30943913.0,30954433.0,30964663.0,30974200.0,30983710.0,30993203.0,31002717.0,31011802.0,31020803.0,,31040896.0,31050930.0,31061033.0,31070862.0,31081057.0,31091343.0,31101143.0,31110758.0,31120517.0,31130035.0,31139541.0,31149548.0,31159322.0,31169452.0,31179190.0,31189587.0,31200118.0,31210176.0,31221788.0,31233499.0,31244780.0,31255641.0,31266447.0,31276904.0,31287331.0,31297081.0,31306472.0,31316281.0,31325757.0,31335037.0,31344001.0,31353220.0,31362103.0,31370595.0,31380917.0,31391485.0,31402347.0,31412234.0,31421599.0,31430721.0,31439929.0,31450423.0,31460431.0,31469579.0,31478406.0,31487192.0,31496377.0,31505826.0,31515551.0,31524418.0,31532774.0,31540951.0,31548840.0,31557149.0,31565616.0,31573855.0,31582163.0,31590821.0,31599708.0,31608075.0,31616495.0,31624981.0,31633468.0,31642313.0,31651398.0,31659633.0,31667367.0,31675242.0,31683120.0,31691550.0,31699386.0,31706821.0,31714288.0,31722311.0,31731110.0,31739526.0,31748142.0,31756349.0,31764831.0,31774874.0,31785438.0,31795794.0,31805531.0,31814851.0,31824002.0,31833287.0,31842398.0,31851844.0,31861683.0,31872823.0,31883665.0,31893909.0,31903055.0,31912708.0,31922038.0,31931964.0,31940998.0,31949382.0,31957750.0,31966424.0,31974920.0,31983426.0,31992114.0,32000820.0,32009125.0,32017523.0,32026127.0,32035203.0,32044158.0,32053321.0,32061835.0,32070224.0,32078392.0,32087362
GREIYSJklqk,824285.0,824339.0,824418.0,824493.0,824616.0,824690.0,824780.0,824888.0,824965.0,825069.0,825169.0,825242.0,825344.0,825463.0,825592.0,825695.0,825781.0,825868.0,825973.0,826052.0,826176.0,826292.0,826395.0,826523.0,826622.0,826810.0,826953.0,827119.0,827233.0,827411.0,827511.0,827623.0,827718.0,827819.0,827939.0,828077.0,828186.0,828272.0,828361.0,828470.0,828574.0,828687.0,828756.0,828901.0,828998.0,829083.0,829179.0,829292.0,829407.0,829528.0,829650.0,829752.0,829837.0,829943.0,830038.0,830169.0,830286.0,830405.0,830520.0,830630.0,830754.0,830878.0,831004.0,831091.0,831178.0,831289.0,831392.0,831468.0,831557.0,831648.0,831732.0,831832.0,831914.0,831989.0,832073.0,832171.0,832311.0,832436.0,832572.0,832679.0,832764.0,832890.0,833030.0,833169.0,833333.0,833479.0,833584.0,833713.0,833843.0,833992.0,834107.0,834232.0,834364.0,834505.0,834608.0,834732.0,834865.0,834993.0,835111.0,835248.0,835402.0,835524.0,835644.0,835782.0,835879.0,836012.0,836137.0,836251.0,836366.0,836458.0,836564.0,836686.0,836785.0,836908.0,837031.0,837117.0,837213.0,837317.0,837421.0,837545.0,837638.0,837752.0,837818.0,837900.0,837968.0,838070.0,838171.0,838286.0,838357.0,838440.0,838545.0,838664.0,838775.0,838854.0,,,,,,,,,839772.0,839894.0,839998.0,840088.0,840201.0,840304.0,840437.0,840538.0,840649.0,840774.0,840901.0,841015.0,841165.0,841298.0,841423.0,841520.0,841637.0,841782.0,841930.0,842054.0,842169.0,842255.0,842331.0,842442.0,842525.0,842613.0,842695.0,842781.0,842851.0,842957.0,843064.0,843147.0,843236.0,843316.0,843428.0,843516.0,843585.0,843691.0,843750.0,843832.0,843930.0,843998.0,844070.0,844131.0,844207.0,844277.0,844315.0,844389.0,844460.0,844521.0,844561.0,844615.0,844688.0,844766.0,844831.0,844869.0,844942.0,845012.0,845094.0,845145.0,845198.0,845265.0,845315.0,845366.0,845431.0,845477.0,845539.0,845615.0,845680.0,845732.0,845807.0,845860.0,845907.0,845966.0,846026.0,846082.0,846143.0,846184.0,846238.0,846300.0,846365.0,846413.0,846481.0,846552.0,846613.0,846686.0,846766.0,846841.0,846910.0,846989.0,847052.0,847112.0,847166.0,847241.0,847306.0,847372.0,847428.0,847492.0,847571.0,847631.0,847677.0,847730.0,847801.0,847855.0,847917.0,847971.0,848020.0,848108.0,848175.0,848224.0,848293.0,848361.0,848441.0,848497.0,848553.0,848603.0,848662.0,848714.0,848813.0,848852.0,848902.0,,849041.0,849086.0,849162.0,849221.0,849279.0,849329.0,849417.0,849472.0,849544.0,849587.0,849649.0,849718.0,849783.0,849852.0,849933.0,850001.0,850088.0,850189.0,850230.0,850283.0,850349.0,850433.0,850515.0,850585.0,850646.0,850694.0,850731.0,850786.0,850837.0,850895.0,850954.0,851006.0,851065.0,851145.0,851183.0,851269.0,851346.0,851416.0,851474.0,851535.0,851609.0,851648.0,851739.0,851795.0,851866.0,851937.0,851976.0,852032.0,852110.0,852166.0,852237.0,852287.0,852350.0,852405.0,852451.0,852532.0,852603.0,852654.0,852698.0,852757.0,852817.0,852876.0,852943.0,852999.0,853068.0,853148.0,853172.0,853254.0,853304.0,853362.0,853404.0,853489.0,853542.0,853586.0,853620.0,853660.0,853734.0,853762.0,853826.0,853903.0,853959.0,854019.0,854085.0,854159.0,854234.0,854311.0,854376.0,854422.0,854459.0,854512.0,854566.0,854632.0,854700.0,854763.0,854828.0,854886.0,854940.0,855002.0,855068.0,855138.0,855186.0,855236.0,855296.0,855337.0,855393.0,855449.0,855510.0,855560.0,855625.0,855703.0,855758.0,855801.0,855846.0,855913
DNlOdUvZqLc,8251727.0,8257504.0,8263981.0,8269849.0,8276734.0,8284373.0,8291375.0,8298374.0,8305556.0,8312219.0,8318294.0,8324977.0,8331918.0,8338878.0,8346465.0,8353127.0,8359330.0,8365330.0,8372849.0,8380621.0,8388637.0,8397499.0,8406771.0,8414529.0,8421711.0,8429776.0,8439276.0,8448563.0,8457488.0,8466241.0,8474047.0,8481109.0,8489474.0,8498404.0,8508012.0,8517652.0,8527010.0,8534730.0,8541890.0,8550967.0,8559106.0,8567126.0,8575346.0,8584066.0,8591491.0,8598845.0,8606889.0,8614979.0,8622898.0,8631407.0,8639524.0,8646960.0,8653368.0,8660717.0,8668443.0,8676123.0,8684121.0,8692045.0,8698848.0,8705391.0,8713237.0,8721118.0,8729160.0,8737152.0,8745429.0,8752794.0,8759424.0,8766788.0,8772938.0,8780146.0,8787392.0,8795102.0,8802507.0,8809321.0,8817080.0,8825289.0,8833174.0,8840539.0,8848115.0,8854638.0,8860740.0,8867811.0,8875106.0,8882935.0,8890849.0,8898356.0,8905569.0,8913172.0,8922035.0,8930786.0,8939864.0,8949508.0,8958526.0,8966589.0,8974117.0,8982467.0,8990916.0,8999352.0,9008426.0,9017275.0,9026434.0,9037481.0,9051180.0,9065694.0,9079718.0,9093547.0,9107702.0,9120573.0,9132687.0,9148370.0,9163365.0,9177713.0,9191562.0,9205117.0,9218289.0,9231196.0,9247722.0,9263396.0,9278736.0,9293242.0,9306792.0,9319706.0,9331270.0,9343592.0,9355854.0,9369783.0,9383941.0,9397882.0,9412132.0,9426021.0,9440328.0,9454956.0,9469811.0,9483313.0,,,,,,,,,9604411.0,9615884.0,9627798.0,9639006.0,9650953.0,9663025.0,9674441.0,9685514.0,9697453.0,9709803.0,9722508.0,9735090.0,9746594.0,9758118.0,9769257.0,9779634.0,9789593.0,9800539.0,9811915.0,9822744.0,9833696.0,9844149.0,9853881.0,9864852.0,9875595.0,9886705.0,9898690.0,9910479.0,9921275.0,9931002.0,9941993.0,9953124.0,9964853.0,9976495.0,9988432.0,9999646.0,10009874.0,10021429.0,10032934.0,10044097.0,10055274.0,10066755.0,10076942.0,10086780.0,10098065.0,10109193.0,10120722.0,10132388.0,10144096.0,10155167.0,10165548.0,10177196.0,10189032.0,10200834.0,10212372.0,10223821.0,10233826.0,10243689.0,10255343.0,10266695.0,10277544.0,10286566.0,10296357.0,10305671.0,10314679.0,10324676.0,10334376.0,10343881.0,10351485.0,10359978.0,10368067.0,10376187.0,10386012.0,10396062.0,10406031.0,10415978.0,10426209.0,10434326.0,10441950.0,10450796.0,10459155.0,10467007.0,10476450.0,10485283.0,10493333.0,10500739.0,10509156.0,10518331.0,10527431.0,10536280.0,10545047.0,10553288.0,10561338.0,10569991.0,10578820.0,10588169.0,10596967.0,10605462.0,10613376.0,10620568.0,10629039.0,10637106.0,10645695.0,10653739.0,10661653.0,10668693.0,10674793.0,10682446.0,10689859.0,10697652.0,10705686.0,10713544.0,10720367.0,10726760.0,10732914.0,10738495.0,10744303.0,10750888.0,10757672.0,10763509.0,10769026.0,,10782265.0,10789511.0,10797212.0,10804361.0,10811252.0,10817974.0,10826132.0,10834011.0,10842209.0,10850501.0,10858756.0,10866129.0,10873082.0,10882004.0,10890807.0,10899782.0,10908423.0,10916728.0,10924591.0,10932012.0,10941058.0,10950516.0,10959714.0,10969193.0,10977775.0,10985293.0,10992706.0,11001661.0,11010182.0,11018385.0,11026485.0,11034319.0,11041419.0,11047442.0,11054969.0,11062900.0,11070342.0,11077590.0,11084416.0,11091166.0,11098409.0,11107297.0,11116301.0,11125078.0,11133648.0,11142435.0,11151116.0,11159360.0,11168493.0,11177518.0,11186185.0,11194790.0,11202958.0,11210317.0,11217175.0,11225272.0,11234016.0,11242683.0,11251534.0,11260714.0,11269063.0,11276747.0,11286071.0,11295372.0,11304694.0,11313718.0,11321746.0,11329471.0,11336433.0,11344331.0,11352345.0,11360885.0,11369438.0,11377959.0,11385661.0,11392895.0,11401987.0,11411714.0,11421553.0,11430726.0,11439525.0,11447187.0,11454347.0,11463264.0,11471982.0,11480747.0,11489237.0,11497956.0,11505537.0,11512489.0,11520215.0,11528310.0,11536072.0,11543786.0,11551493.0,11558420.0,11564325.0,11571225.0,11578432.0,11585270.0,11592855.0,11600258.0,11606816.0,11613252.0,11620921.0,11628477.0,11636112.0,11644271.0,11652272.0,11659531.0,11665580.0,11672913.0,11679720.0,11686522
xBKmz926CXU,4072302.0,4074690.0,4077357.0,4079995.0,4082777.0,4085429.0,4088050.0,4090749.0,4093481.0,4096206.0,4098912.0,4101483.0,4104200.0,4106871.0,4109470.0,4112019.0,4114580.0,4116958.0,4119508.0,4122040.0,4124622.0,4127159.0,4129695.0,4132403.0,4134912.0,4137385.0,4139972.0,4142584.0,4145425.0,4148254.0,4151055.0,4153597.0,4156196.0,4158839.0,4161509.0,4164176.0,4166922.0,4169642.0,4172336.0,4175093.0,4177843.0,4180509.0,4183235.0,4185861.0,4188391.0,4190992.0,4193510.0,4196184.0,4198899.0,4201633.0,4204180.0,4206907.0,4209516.0,4212133.0,4214898.0,4217369.0,4220161.0,4222825.0,4225569.0,4228269.0,4230974.0,4233684.0,4236338.0,4239084.0,4241826.0,4244548.0,4247042.0,4249387.0,4251598.0,4254604.0,4257248.0,4259757.0,4262247.0,4264519.0,4267164.0,4269820.0,4272674.0,4275558.0,4278362.0,4281126.0,4283720.0,4286289.0,4288855.0,4291242.0,4293659.0,4296118.0,4298503.0,4300669.0,4303000.0,4305317.0,4307830.0,4310132.0,4312539.0,4315001.0,4317302.0,4319573.0,4321753.0,4323933.0,4326191.0,4328324.0,4330583.0,4333064.0,4335471.0,4337787.0,4340344.0,4342864.0,4345295.0,4347842.0,4350255.0,4352460.0,4354678.0,4356923.0,4359164.0,4361441.0,4363606.0,4365675.0,4367751.0,4369815.0,4371899.0,4374030.0,4376016.0,4378217.0,4380423.0,4382528.0,4384573.0,4386730.0,4388877.0,4391114.0,4393160.0,4395116.0,4397030.0,4399176.0,4401263.0,4403284.0,,,,,,,,,4422016.0,4424248.0,4426319.0,4428227.0,4430233.0,4432168.0,4434070.0,4436042.0,4438210.0,4440365.0,4442452.0,4444453.0,4446416.0,4448461.0,4450381.0,4452351.0,4454386.0,4456415.0,4458513.0,4460593.0,4462424.0,4464335.0,4466263.0,4468151.0,4470022.0,4471867.0,4473747.0,4475705.0,4477608.0,4479494.0,4481453.0,4483369.0,4485300.0,4487259.0,4489196.0,4491088.0,4492980.0,4494879.0,4496841.0,4498931.0,4501048.0,4503003.0,4504911.0,4506733.0,4508711.0,4510603.0,4512479.0,4514515.0,4516550.0,4518524.0,4520469.0,4522454.0,4524394.0,4526471.0,4528536.0,4530715.0,4532785.0,4534716.0,4536787.0,4538916.0,4541016.0,4542861.0,4544927.0,4546837.0,4548867.0,4550997.0,4553130.0,4555130.0,4557034.0,4558881.0,4560856.0,4562814.0,4564881.0,4567003.0,4568990.0,4571408.0,4573728.0,4575957.0,4578217.0,4580464.0,4582563.0,4584547.0,4586763.0,4588890.0,4590981.0,4593048.0,4595099.0,4597251.0,4599250.0,4601345.0,4603511.0,4605558.0,4607653.0,4609575.0,4611503.0,4613513.0,4615489.0,4617439.0,4619347.0,4621187.0,4622975.0,4624853.0,4626678.0,4628484.0,4630468.0,4632292.0,4634083.0,4636017.0,4637832.0,4639730.0,4641630.0,4643651.0,4645661.0,4647605.0,4649499.0,4651361.0,4653159.0,4654921.0,4656737.0,4658615.0,4660396.0,,4664389.0,4666434.0,4668573.0,4670707.0,4672718.0,4674600.0,4676664.0,4678751.0,4680778.0,4682929.0,4685030.0,4687237.0,4689383.0,4691674.0,4694004.0,4696640.0,4699235.0,4701966.0,4704769.0,4707438.0,4710182.0,4713138.0,4716108.0,4719227.0,4722159.0,4724734.0,4726946.0,4729200.0,4731561.0,4733954.0,4736332.0,4738675.0,4740937.0,4742846.0,4745012.0,4747194.0,4749452.0,4751567.0,4753694.0,4755708.0,4757843.0,4760175.0,4762705.0,4765132.0,4767610.0,4770320.0,4773350.0,4776431.0,4779547.0,4782861.0,4786344.0,4789565.0,4792661.0,4795943.0,4798964.0,4801913.0,4804953.0,4808462.0,4812155.0,4816526.0,4821388.0,4826139.0,4830920.0,4836081.0,4841062.0,4846256.0,4850224.0,4854025.0,4857485.0,4861121.0,4865156.0,4868807.0,4872546.0,4876000.0,4878847.0,4881394.0,4884331.0,4887180.0,4889994.0,4893031.0,4896157.0,4898736.0,4901048.0,4903480.0,4905937.0,4908206.0,4910494.0,4912891.0,4915079.0,4917110.0,4919194.0,4921378.0,4923560.0,4925758.0,4927896.0,4930133.0,4932105.0,4934220.0,4936294.0,4938561.0,4940666.0,4942903.0,4945149.0,4947086.0,4949422.0,4951607.0,4953767.0,4955663.0,4957801.0,4959973.0,4962097.0,4964232.0,4966400.0,4968496
yqkyFmuFnvw,106743.0,106769.0,106796.0,106827.0,106854.0,106899.0,106925.0,107002.0,107067.0,107122.0,107152.0,107188.0,107228.0,107258.0,107285.0,107336.0,107379.0,107458.0,107491.0,107539.0,107579.0,107629.0,107676.0,107723.0,107752.0,107802.0,107842.0,107877.0,107899.0,107947.0,107973.0,108001.0,108028.0,108057.0,108090.0,108135.0,108174.0,108206.0,108235.0,108268.0,108308.0,108342.0,108359.0,108387.0,108421.0,108453.0,108486.0,108518.0,108547.0,108581.0,108607.0,108631.0,108656.0,108689.0,108715.0,108738.0,108756.0,108792.0,108816.0,108842.0,108877.0,108917.0,108955.0,108997.0,109023.0,109038.0,109059.0,109081.0,109107.0,109134.0,109159.0,109179.0,109198.0,109215.0,109248.0,109273.0,109294.0,109327.0,109368.0,109395.0,109419.0,109464.0,109500.0,109539.0,109579.0,109613.0,109642.0,109669.0,109692.0,109726.0,109767.0,109810.0,109857.0,109870.0,109898.0,109920.0,109947.0,109974.0,110005.0,110035.0,110056.0,110084.0,110105.0,110136.0,110165.0,110203.0,110220.0,110233.0,110257.0,110287.0,110298.0,110320.0,110341.0,110382.0,110405.0,110422.0,110445.0,110469.0,110499.0,110518.0,110543.0,110569.0,110618.0,110654.0,110680.0,110706.0,110730.0,110763.0,110784.0,110793.0,110818.0,110852.0,110864.0,110894.0,,,,,,,,,111121.0,111145.0,111167.0,111197.0,111219.0,111249.0,111281.0,111303.0,111334.0,111372.0,111400.0,111419.0,111419.0,111419.0,111419.0,111419.0,111419.0,111419.0,111419.0,111419.0,111419.0,111419.0,111419.0,111419.0,111419.0,111419.0,111419.0,111419.0,111419.0,111419.0,111419.0,111419.0,111419.0,111419.0,111419.0,111419.0,111419.0,111419.0,111419.0,111419.0,111419.0,111419.0,111419.0,111419.0,111419.0,111419.0,111419.0,111419.0,111419.0,111419.0,111419.0,111419.0,111419.0,111419.0,111419.0,111419.0,111419.0,111419.0,111419.0,111419.0,111419.0,111419.0,111419.0,111419.0,111419.0,111419.0,111419.0,111419.0,111419.0,111419.0,111419.0,111419.0,111419.0,111419.0,111419.0,111419.0,111419.0,111419.0,111419.0,111419.0,111419.0,111419.0,111419.0,111419.0,111419.0,111419.0,111419.0,111419.0,111419.0,111419.0,111419.0,111419.0,111419.0,111419.0,111419.0,111419.0,111419.0,111419.0,111419.0,111419.0,111419.0,111419.0,111419.0,111419.0,111419.0,111419.0,111419.0,111419.0,111419.0,111419.0,111419.0,111419.0,111419.0,111419.0,111419.0,111419.0,111419.0,111419.0,111419.0,111419.0,111419.0,,111419.0,111419.0,111419.0,111419.0,111419.0,111419.0,111419.0,111419.0,111419.0,111419.0,111419.0,111419.0,111419.0,111419.0,111419.0,111419.0,111419.0,111419.0,111419.0,111419.0,111419.0,111419.0,111419.0,111419.0,111419.0,111419.0,111419.0,111419.0,111419.0,111419.0,111419.0,111419.0,111419.0,111419.0,111419.0,111419.0,111419.0,111419.0,111419.0,111419.0,111419.0,111419.0,111419.0,111419.0,111419.0,111419.0,111419.0,111419.0,111419.0,111419.0,111419.0,111419.0,111419.0,111419.0,111419.0,111419.0,111419.0,111419.0,111419.0,111419.0,111419.0,111419.0,111419.0,111419.0,111419.0,111419.0,111419.0,111419.0,111419.0,111419.0,111419.0,111419.0,111419.0,111419.0,111419.0,111419.0,111419.0,111419.0,111419.0,111419.0,111419.0,111419.0,111419.0,111419.0,111419.0,111419.0,111419.0,111419.0,111419.0,111419.0,111419.0,111419.0,111419.0,111419.0,111419.0,111419.0,111419.0,111419.0,111419.0,111419.0,111419.0,111419.0,111419.0,111419.0,111419.0,111419.0,111419.0,111419.0,111419.0,111419.0,111419.0,111419.0,111419.0,111419
GXSqi3bIEOA,42916.0,42918.0,42921.0,42923.0,42925.0,42928.0,42930.0,42931.0,42935.0,42938.0,42938.0,42943.0,42949.0,42950.0,42953.0,42956.0,42959.0,42960.0,42961.0,42964.0,42966.0,42973.0,42973.0,42978.0,42981.0,42984.0,42987.0,42993.0,42997.0,43000.0,43004.0,43007.0,43009.0,43013.0,43020.0,43028.0,43031.0,43038.0,43041.0,43044.0,43046.0,43051.0,43055.0,43063.0,43070.0,43074.0,43077.0,43082.0,43082.0,43083.0,43083.0,43087.0,43092.0,43093.0,43096.0,43104.0,43111.0,43112.0,43112.0,43116.0,43120.0,43122.0,43127.0,43134.0,43134.0,43138.0,43142.0,43145.0,43149.0,43152.0,43153.0,43157.0,43157.0,43158.0,43160.0,43164.0,43166.0,43168.0,43170.0,43171.0,43179.0,43180.0,43186.0,43186.0,43189.0,43192.0,43198.0,43202.0,43207.0,43210.0,43214.0,43216.0,43217.0,43223.0,43228.0,43233.0,43239.0,43241.0,43244.0,43248.0,43252.0,43257.0,43260.0,43260.0,43273.0,43275.0,43281.0,43282.0,43287.0,43290.0,43293.0,43298.0,43301.0,43304.0,43305.0,43306.0,43308.0,43311.0,43313.0,43313.0,43316.0,43318.0,43321.0,43323.0,43329.0,43333.0,43334.0,43335.0,43337.0,43337.0,43339.0,43340.0,43340.0,43341.0,,,,,,,,,43354.0,43355.0,43356.0,43356.0,43359.0,43361.0,43362.0,43363.0,43365.0,43367.0,43368.0,43371.0,43372.0,43372.0,43372.0,43372.0,43372.0,43372.0,43374.0,43376.0,43378.0,43383.0,43385.0,43386.0,43386.0,43389.0,43390.0,43393.0,43397.0,43400.0,43401.0,43407.0,43408.0,43409.0,43415.0,43416.0,43417.0,43420.0,43421.0,43422.0,43423.0,43425.0,43426.0,43428.0,43434.0,43436.0,43440.0,43442.0,43446.0,43447.0,43447.0,43447.0,43447.0,43447.0,43454.0,43454.0,43454.0,43456.0,43456.0,43458.0,43460.0,43464.0,43465.0,43467.0,43467.0,43470.0,43471.0,43472.0,43473.0,43473.0,43477.0,43477.0,43483.0,43484.0,43486.0,43488.0,43491.0,43497.0,43504.0,43505.0,43506.0,43512.0,43515.0,43520.0,43522.0,43525.0,43529.0,43530.0,43531.0,43535.0,43536.0,43539.0,43542.0,43546.0,43550.0,43551.0,43554.0,43557.0,43560.0,43562.0,43564.0,43567.0,43571.0,43571.0,43574.0,43577.0,43577.0,43582.0,43584.0,43586.0,43590.0,43591.0,43594.0,43595.0,43597.0,43597.0,43599.0,43601.0,43604.0,43609.0,43611.0,,43615.0,43615.0,43620.0,43625.0,43626.0,43629.0,43630.0,43635.0,43638.0,43643.0,43646.0,43648.0,43649.0,43651.0,43654.0,43656.0,43657.0,43660.0,43663.0,43665.0,43666.0,43666.0,43669.0,43669.0,43670.0,43673.0,43674.0,43680.0,43684.0,43686.0,43686.0,43687.0,43690.0,43695.0,43695.0,43695.0,43697.0,43698.0,43701.0,43704.0,43708.0,43711.0,43711.0,43715.0,43717.0,43725.0,43727.0,43728.0,43729.0,43730.0,43732.0,43733.0,43736.0,43740.0,43741.0,43742.0,43743.0,43744.0,43745.0,43748.0,43750.0,43752.0,43754.0,43757.0,43759.0,43760.0,43760.0,43761.0,43761.0,43765.0,43765.0,43767.0,43769.0,43769.0,43773.0,43777.0,43779.0,43779.0,43780.0,43783.0,43783.0,43788.0,43790.0,43792.0,43793.0,43795.0,43800.0,43802.0,43803.0,43804.0,43805.0,43808.0,43811.0,43812.0,43812.0,43814.0,43814.0,43816.0,43820.0,43822.0,43828.0,43830.0,43833.0,43840.0,43842.0,43846.0,43850.0,43850.0,43854.0,43854.0,43854.0,43855.0,43857.0,43858
wpwYa2AIxGk,77074.0,77156.0,77239.0,77306.0,77394.0,77446.0,77531.0,77618.0,77745.0,77859.0,77924.0,77993.0,78053.0,78123.0,78215.0,78300.0,78382.0,78467.0,78543.0,78676.0,78776.0,78883.0,78975.0,79057.0,79125.0,79232.0,79342.0,79434.0,79539.0,79677.0,79753.0,79852.0,79931.0,80026.0,80156.0,80225.0,80330.0,80425.0,80484.0,80565.0,80637.0,80726.0,80800.0,80870.0,80949.0,81011.0,81072.0,81176.0,81255.0,81333.0,81416.0,81503.0,81559.0,81638.0,81708.0,81792.0,81858.0,81956.0,82024.0,82086.0,82144.0,82250.0,82336.0,82404.0,82494.0,82580.0,82646.0,82738.0,82796.0,82890.0,82984.0,83065.0,83148.0,83202.0,83272.0,83371.0,83462.0,83538.0,83617.0,83744.0,83815.0,83891.0,83980.0,84042.0,84143.0,84235.0,84311.0,84380.0,84442.0,84514.0,84615.0,84716.0,84809.0,84883.0,84948.0,84993.0,85063.0,85136.0,85193.0,85268.0,85317.0,85362.0,85437.0,85496.0,85567.0,85641.0,85713.0,85768.0,85824.0,85903.0,85963.0,86028.0,86080.0,86150.0,86201.0,86258.0,86306.0,86363.0,86426.0,86479.0,86549.0,86599.0,86651.0,86694.0,86735.0,86784.0,86831.0,86886.0,86926.0,86963.0,87019.0,87077.0,87120.0,87166.0,,,,,,,,,87610.0,87655.0,87682.0,87720.0,87775.0,87829.0,87881.0,87927.0,87969.0,88020.0,88059.0,88127.0,88194.0,88263.0,88300.0,88350.0,88418.0,88465.0,88519.0,88552.0,88585.0,88628.0,88669.0,88706.0,88745.0,88789.0,88842.0,88880.0,88916.0,88959.0,89005.0,89048.0,89096.0,89145.0,89192.0,89220.0,89243.0,89298.0,89349.0,89402.0,89424.0,89471.0,89507.0,89534.0,89595.0,89655.0,89696.0,89748.0,89798.0,89842.0,89867.0,89910.0,89959.0,90007.0,90063.0,90118.0,90153.0,90180.0,90209.0,90250.0,90280.0,90317.0,90362.0,90405.0,90437.0,90465.0,90514.0,90559.0,90582.0,90618.0,90648.0,90672.0,90711.0,90747.0,90792.0,90838.0,90880.0,90909.0,90946.0,90994.0,91038.0,91064.0,91117.0,91162.0,91195.0,91244.0,91276.0,91318.0,91359.0,91403.0,91446.0,91480.0,91513.0,91550.0,91598.0,91640.0,91679.0,91717.0,91749.0,91786.0,91822.0,91860.0,91891.0,91935.0,91977.0,92011.0,92067.0,92110.0,92146.0,92182.0,92236.0,92296.0,92377.0,92439.0,92479.0,92522.0,92566.0,92595.0,92634.0,92674.0,92710.0,,92817.0,92865.0,92958.0,93084.0,93136.0,93198.0,93243.0,93285.0,93351.0,93411.0,93466.0,93544.0,93612.0,93707.0,93787.0,93877.0,93958.0,94060.0,94128.0,94181.0,94265.0,94360.0,94427.0,94502.0,94549.0,94633.0,94704.0,94762.0,94827.0,94875.0,94937.0,94997.0,95054.0,95104.0,95164.0,95204.0,95271.0,95319.0,95355.0,95397.0,95428.0,95471.0,95510.0,95575.0,95601.0,95645.0,95696.0,95756.0,95825.0,95898.0,95974.0,96040.0,96095.0,96138.0,96188.0,96219.0,96278.0,96334.0,96367.0,96428.0,96473.0,96520.0,96580.0,96642.0,96691.0,96762.0,96873.0,97095.0,97178.0,97264.0,97360.0,97471.0,97593.0,97686.0,97772.0,97833.0,97934.0,98021.0,98098.0,98215.0,98357.0,98460.0,98515.0,98585.0,98620.0,98659.0,98691.0,98727.0,98752.0,98780.0,98801.0,98828.0,98858.0,98884.0,98918.0,98939.0,98965.0,98996.0,99017.0,99059.0,99094.0,99136.0,99169.0,99197.0,99217.0,99244.0,99270.0,99303.0,99337.0,99362.0,99398.0,99429.0,99448.0,99488
6uinYTbfY28,537516.0,537523.0,537539.0,537550.0,537561.0,537573.0,537582.0,537591.0,537598.0,537607.0,537621.0,537627.0,537634.0,537644.0,537655.0,537660.0,537676.0,537681.0,537689.0,537698.0,537707.0,537716.0,537726.0,537735.0,537747.0,537756.0,537767.0,537774.0,537786.0,537802.0,537811.0,537824.0,537832.0,537843.0,537850.0,537858.0,537869.0,537878.0,537887.0,537895.0,537906.0,537915.0,537922.0,537926.0,537932.0,537938.0,537946.0,537966.0,537978.0,537989.0,537998.0,538016.0,538036.0,538039.0,538051.0,538058.0,538066.0,538077.0,538085.0,538092.0,538102.0,538112.0,538118.0,538128.0,538136.0,538145.0,538150.0,538155.0,538163.0,538172.0,538178.0,538187.0,538188.0,538194.0,538199.0,538209.0,538218.0,538222.0,538234.0,538243.0,538245.0,538251.0,538260.0,538268.0,538275.0,538287.0,538294.0,538300.0,538306.0,538319.0,538326.0,538336.0,538340.0,538344.0,538349.0,538352.0,538361.0,538364.0,538370.0,538371.0,538376.0,538379.0,538382.0,538390.0,538395.0,538401.0,538406.0,538413.0,538417.0,538422.0,538428.0,538438.0,538450.0,538457.0,538467.0,538474.0,538479.0,538489.0,538498.0,538503.0,538505.0,538511.0,538518.0,538521.0,538525.0,538529.0,538533.0,538535.0,538546.0,538550.0,538557.0,538568.0,538575.0,538590.0,,,,,,,,,538650.0,538657.0,538661.0,538672.0,538681.0,538685.0,538688.0,538697.0,538701.0,538706.0,538717.0,538721.0,538726.0,538734.0,538742.0,538744.0,538751.0,538755.0,538766.0,538776.0,538785.0,538787.0,538788.0,538792.0,538799.0,538801.0,538807.0,538815.0,538827.0,538837.0,538843.0,538854.0,538867.0,538880.0,538890.0,538905.0,538917.0,538924.0,538932.0,538941.0,538951.0,538967.0,538981.0,538993.0,539003.0,539016.0,539027.0,539033.0,539045.0,539054.0,539061.0,539069.0,539098.0,539112.0,539125.0,539137.0,539154.0,539166.0,539187.0,539204.0,539221.0,539240.0,539270.0,539297.0,539306.0,539324.0,539349.0,539357.0,539365.0,539371.0,539379.0,539385.0,539390.0,539399.0,539401.0,539409.0,539414.0,539418.0,539432.0,539436.0,539443.0,539453.0,539463.0,539469.0,539476.0,539479.0,539488.0,539498.0,539503.0,539509.0,539512.0,539524.0,539528.0,539544.0,539556.0,539563.0,539576.0,539590.0,539597.0,539609.0,539619.0,539630.0,539644.0,539651.0,539660.0,539669.0,539674.0,539683.0,539692.0,539696.0,539705.0,539721.0,539731.0,539736.0,539741.0,539751.0,539754.0,539764.0,539768.0,539777.0,539779.0,,539785.0,539792.0,539799.0,539800.0,539804.0,539810.0,539814.0,539822.0,539828.0,539835.0,539842.0,539843.0,539850.0,539858.0,539866.0,539874.0,539889.0,539901.0,539908.0,539920.0,539934.0,539945.0,539955.0,539966.0,539978.0,539991.0,540007.0,540019.0,540033.0,540039.0,540052.0,540064.0,540076.0,540086.0,540101.0,540111.0,540122.0,540126.0,540137.0,540147.0,540159.0,540165.0,540172.0,540180.0,540194.0,540202.0,540211.0,540221.0,540226.0,540234.0,540244.0,540251.0,540259.0,540264.0,540267.0,540273.0,540274.0,540280.0,540287.0,540297.0,540304.0,540311.0,540318.0,540325.0,540332.0,540339.0,540343.0,540353.0,540359.0,540364.0,540375.0,540385.0,540391.0,540396.0,540405.0,540410.0,540420.0,540424.0,540428.0,540435.0,540445.0,540450.0,540455.0,540462.0,540469.0,540472.0,540481.0,540488.0,540495.0,540500.0,540509.0,540522.0,540526.0,540531.0,540535.0,540542.0,540545.0,540551.0,540556.0,540560.0,540569.0,540575.0,540584.0,540600.0,540612.0,540625.0,540638.0,540651.0,540661.0,540664.0,540666.0,540671.0,540677.0,540679
PGGdneG9g3Y,14619112.0,14620293.0,14621501.0,14622723.0,14623898.0,14625156.0,14626461.0,14627904.0,14629329.0,14630653.0,14632030.0,14633254.0,14634554.0,14635949.0,14637353.0,14638590.0,14639908.0,14641316.0,14642460.0,14643778.0,14645078.0,14646473.0,14647840.0,14649222.0,14650627.0,14651948.0,14653241.0,14654541.0,14655896.0,14657240.0,14658704.0,14659936.0,14661244.0,14662649.0,14664064.0,14665365.0,14666741.0,14668048.0,14669390.0,14670757.0,14672218.0,14673748.0,14675098.0,14676442.0,14678015.0,14679264.0,14680499.0,14681909.0,14683242.0,14684589.0,14685877.0,14687196.0,14688491.0,14689680.0,14691093.0,14692472.0,14693908.0,14695353.0,14696818.0,14698261.0,14699592.0,14701105.0,14702583.0,14704017.0,14705469.0,14706827.0,14708128.0,14709394.0,14710609.0,14712171.0,14713607.0,14714897.0,14716251.0,14717518.0,14718625.0,14720029.0,14721389.0,14722603.0,14724050.0,14725303.0,14726392.0,14727566.0,14728792.0,14730133.0,14731404.0,14732669.0,14733876.0,14735016.0,14736091.0,14737171.0,14738305.0,14739475.0,14740526.0,14741848.0,14743081.0,14744068.0,14745228.0,14746266.0,14747431.0,14748590.0,14749639.0,14750838.0,14751832.0,14752909.0,14753868.0,14755099.0,14756288.0,14757509.0,14758656.0,14759805.0,14761029.0,14762244.0,14763484.0,14764714.0,14765867.0,14766930.0,14767950.0,14769046.0,14770203.0,14771299.0,14772383.0,14773399.0,14774523.0,14775581.0,14776778.0,14777948.0,14779100.0,14780254.0,14781398.0,14782375.0,14783329.0,14784241.0,14785242.0,14786261.0,,,,,,,,,14795432.0,14796378.0,14797192.0,14798085.0,14799090.0,14799951.0,14801064.0,14801994.0,14802952.0,14803861.0,14804754.0,14805676.0,14806587.0,14807515.0,14808444.0,14809259.0,14810058.0,14810906.0,14811737.0,14812537.0,14813563.0,14814553.0,14815486.0,14816350.0,14817263.0,14818245.0,14819234.0,14820238.0,14821107.0,14822024.0,14822884.0,14823783.0,14824697.0,14825604.0,14826506.0,14827447.0,14828184.0,14829084.0,14830196.0,14831041.0,14832043.0,14832955.0,14833793.0,14834773.0,14835733.0,14836649.0,14837653.0,14838552.0,14839630.0,14840551.0,14841550.0,14842474.0,14843493.0,14844457.0,14845389.0,14846366.0,14847223.0,14848195.0,14849173.0,14850045.0,14851070.0,14851825.0,14852551.0,14853439.0,14854275.0,14855318.0,14856318.0,14857387.0,14858285.0,14859026.0,14859832.0,14860839.0,14861748.0,14862665.0,14863692.0,14864652.0,14865649.0,14866544.0,14867488.0,14868344.0,14869288.0,14870200.0,14871144.0,14872218.0,14873184.0,14874151.0,14875071.0,14876014.0,14876936.0,14877901.0,14878730.0,14879800.0,14880778.0,14881673.0,14882649.0,14883590.0,14884656.0,14885648.0,14886621.0,14887633.0,14888461.0,14889573.0,14890539.0,14891399.0,14892425.0,14893223.0,14894097.0,14894881.0,14895844.0,14896595.0,14897520.0,14898353.0,14899232.0,14899942.0,14900764.0,14901470.0,14902246.0,14902995.0,14903801.0,14904570.0,14905376.0,,14907060.0,14907898.0,14908829.0,14909713.0,14910469.0,14911299.0,14912086.0,14912883.0,14913717.0,14914554.0,14915363.0,14916136.0,14916893.0,14917677.0,14918334.0,14919217.0,14920053.0,14920792.0,14921521.0,14922364.0,14923125.0,14923841.0,14924564.0,14925426.0,14926226.0,14926926.0,14927713.0,14928432.0,14929212.0,14930100.0,14930985.0,14931808.0,14932714.0,14933553.0,14934311.0,14935226.0,14936096.0,14936936.0,14937726.0,14938449.0,14939226.0,14939965.0,14940766.0,14941546.0,14942324.0,14943065.0,14943793.0,14944542.0,14945252.0,14945947.0,14946663.0,14947430.0,14948178.0,14948903.0,14949583.0,14950256.0,14951071.0,14951729.0,14952490.0,14953207.0,14953997.0,14954784.0,14955484.0,14956255.0,14957032.0,14957885.0,14958781.0,14959543.0,14960348.0,14961140.0,14961820.0,14962624.0,14963376.0,14964141.0,14964898.0,14965656.0,14966351.0,14967095.0,14967892.0,14968731.0,14969548.0,14970313.0,14971080.0,14971796.0,14972608.0,14973377.0,14974172.0,14974954.0,14975730.0,14976309.0,14977054.0,14977846.0,14978620.0,14979395.0,14980050.0,14980875.0,14981557.0,14982297.0,14982948.0,14983737.0,14984451.0,14985290.0,14986145.0,14986905.0,14987630.0,14988291.0,14989071.0,14989641.0,14990389.0,14991111.0,14991738.0,14992380.0,14993116.0,14993805
0iEVQb2cb4Y,146625.0,146690.0,146744.0,146806.0,146866.0,146942.0,147009.0,147085.0,147157.0,147226.0,147289.0,147356.0,147441.0,147501.0,147595.0,147672.0,147731.0,147787.0,147861.0,147952.0,148031.0,148115.0,148204.0,148273.0,148346.0,148416.0,148525.0,148604.0,148687.0,148786.0,148859.0,148925.0,149057.0,149207.0,149315.0,149401.0,149512.0,149606.0,149658.0,149728.0,149810.0,149900.0,149983.0,150063.0,150133.0,150197.0,150285.0,150375.0,150459.0,150534.0,150624.0,150699.0,150775.0,150864.0,150974.0,151039.0,151128.0,151197.0,151299.0,151368.0,151429.0,151516.0,151608.0,151704.0,151798.0,151906.0,151969.0,152045.0,152106.0,152188.0,152269.0,152342.0,152412.0,152470.0,152549.0,152650.0,152724.0,152802.0,152865.0,152950.0,153007.0,153072.0,153165.0,153244.0,153322.0,153408.0,153498.0,153559.0,153656.0,153729.0,153814.0,153905.0,154005.0,154082.0,154156.0,154262.0,154342.0,154433.0,154551.0,154642.0,154708.0,154801.0,154899.0,155009.0,155112.0,155213.0,155324.0,155404.0,155461.0,155562.0,155648.0,155771.0,155888.0,155986.0,156082.0,156173.0,156251.0,156353.0,156446.0,156549.0,156624.0,156689.0,156769.0,156849.0,156933.0,157018.0,157098.0,157181.0,157260.0,157329.0,157398.0,157518.0,157635.0,157711.0,,,,,,,,,158758.0,158848.0,158948.0,159048.0,159146.0,159265.0,159341.0,159513.0,159633.0,159765.0,159889.0,159999.0,160112.0,160257.0,160381.0,160481.0,160595.0,160749.0,160878.0,160966.0,161065.0,161141.0,161214.0,161321.0,161396.0,161452.0,161569.0,161650.0,161725.0,161790.0,161860.0,161917.0,162010.0,162124.0,162192.0,162247.0,162316.0,162396.0,162475.0,162558.0,162627.0,162708.0,162814.0,162885.0,162974.0,163102.0,163237.0,163354.0,163485.0,163551.0,163641.0,163730.0,163821.0,163923.0,164022.0,164109.0,164232.0,164348.0,164489.0,164627.0,164752.0,164887.0,165038.0,165146.0,165226.0,165330.0,165450.0,165556.0,165621.0,165697.0,165792.0,165908.0,166017.0,166171.0,166298.0,166454.0,166582.0,166697.0,166811.0,166945.0,167066.0,167206.0,167329.0,167467.0,167564.0,167641.0,167739.0,167867.0,168001.0,168111.0,168229.0,168305.0,168410.0,168529.0,168629.0,168763.0,168900.0,169022.0,169149.0,169266.0,169380.0,169523.0,169648.0,169761.0,169895.0,170040.0,170146.0,170246.0,170371.0,170460.0,170577.0,170687.0,170768.0,170868.0,170945.0,171025.0,171131.0,171210.0,171307.0,171382.0,171437.0,,171599.0,171670.0,171735.0,171793.0,171862.0,171901.0,171966.0,172017.0,172087.0,172134.0,172198.0,172272.0,172323.0,172389.0,172442.0,172508.0,172601.0,172704.0,172770.0,172829.0,172894.0,172962.0,173042.0,173108.0,173181.0,173245.0,173297.0,173378.0,173461.0,173564.0,173661.0,173740.0,173815.0,173903.0,173981.0,174040.0,174108.0,174194.0,174273.0,174354.0,174406.0,174480.0,174553.0,174603.0,174672.0,174757.0,174898.0,175084.0,175338.0,175579.0,175810.0,176014.0,176157.0,176363.0,176477.0,176631.0,176776.0,176919.0,177052.0,177188.0,177335.0,177445.0,177594.0,177765.0,177961.0,178176.0,178554.0,178797.0,179040.0,179268.0,179452.0,179761.0,180093.0,180342.0,180632.0,180926.0,181347.0,181871.0,182401.0,182863.0,183388.0,183756.0,183999.0,184152.0,184328.0,184502.0,184650.0,184781.0,184885.0,184966.0,185067.0,185147.0,185263.0,185371.0,185497.0,185629.0,185698.0,185832.0,185934.0,186034.0,186142.0,186232.0,186317.0,186408.0,186511.0,186651.0,186770.0,186915.0,187065.0,187170.0,187306.0,187428.0,187592.0,187739
lrDeQ4sF0zo,33628326.0,33632131.0,33635954.0,33639883.0,33644028.0,33648192.0,33651897.0,33655632.0,33659726.0,33663926.0,33668017.0,33671695.0,33675537.0,33679265.0,33682934.0,33686473.0,33690021.0,33693717.0,33697139.0,33700494.0,33704413.0,33708273.0,33712418.0,33715974.0,33719148.0,33722299.0,33726007.0,33729689.0,33733330.0,33736824.0,33740115.0,33743326.0,33746340.0,33749823.0,33753761.0,33758327.0,33763185.0,33767584.0,33771652.0,33775299.0,33779026.0,33782840.0,33786762.0,33790798.0,33794765.0,33798555.0,33802210.0,33805964.0,33809767.0,33813282.0,33816612.0,33820404.0,33823698.0,33826974.0,33830603.0,33834017.0,33837523.0,33841278.0,33845194.0,33848730.0,33852107.0,33855726.0,33859398.0,33863299.0,33866973.0,33870390.0,33873749.0,33877297.0,33881093.0,33885684.0,33889363.0,33892884.0,33896393.0,33900346.0,33904463.0,33908985.0,33913431.0,33917511.0,33921449.0,33925262.0,33929165.0,33932880.0,33936826.0,33940645.0,33944253.0,33947830.0,33951218.0,33954480.0,33957811.0,33961481.0,33965219.0,33968865.0,33972254.0,33975695.0,33978981.0,33982514.0,33985989.0,33989465.0,33992977.0,33996426.0,34000115.0,34003380.0,34006329.0,34009539.0,34012870.0,34016218.0,34019523.0,34023645.0,34027675.0,34031092.0,34034396.0,34037721.0,34040929.0,34044396.0,34047736.0,34050949.0,34054480.0,34057960.0,34061541.0,34065035.0,34068402.0,34071652.0,34074760.0,34077751.0,34080876.0,34084158.0,34087742.0,34091530.0,34095041.0,34098329.0,34101597.0,34105197.0,34108665.0,34111935.0,,,,,,,,,34138810.0,34142051.0,34145007.0,34148072.0,34151140.0,34154160.0,34156855.0,34159650.0,34162588.0,34165339.0,34168349.0,34171160.0,34174149.0,34177027.0,34180056.0,34183058.0,34186090.0,34189172.0,34192227.0,34195236.0,34198360.0,34201627.0,34204473.0,34207071.0,34210261.0,34213184.0,34216174.0,34219258.0,34222283.0,34225338.0,34228299.0,34231173.0,34234111.0,34237113.0,34240092.0,34243278.0,34246338.0,34249135.0,34252015.0,34255120.0,34258192.0,34261361.0,34264506.0,34267639.0,34270656.0,34273820.0,34276946.0,34280163.0,34283371.0,34286660.0,34289959.0,34293300.0,34296802.0,34300461.0,34304025.0,34307410.0,34310855.0,34314459.0,34317942.0,34321418.0,34324758.0,34327621.0,34330467.0,34333419.0,34336264.0,34339072.0,34342081.0,34345096.0,34347945.0,34350367.0,34353251.0,34356038.0,34359179.0,34362542.0,34365979.0,34369287.0,34372976.0,34376369.0,34379858.0,34383044.0,34386131.0,34389367.0,34392764.0,34396256.0,34399455.0,34402622.0,34405877.0,34409700.0,34413219.0,34416535.0,34419799.0,34423014.0,34426097.0,34429141.0,34432183.0,34435293.0,34438385.0,34441582.0,34444722.0,34447786.0,34450714.0,34453567.0,34456500.0,34459545.0,34462543.0,34465468.0,34468262.0,34471014.0,34473828.0,34476723.0,34479871.0,34483113.0,34486164.0,34489147.0,34491984.0,34494689.0,34497304.0,34500016.0,34502728.0,34505606.0,34508458.0,,34514037.0,34516879.0,34519693.0,34522514.0,34525399.0,34528302.0,34531038.0,34533722.0,34536476.0,34539252.0,34541990.0,34544764.0,34547396.0,34549931.0,34552420.0,34555162.0,34558017.0,34560932.0,34564071.0,34567084.0,34569943.0,34572879.0,34575714.0,34578450.0,34581162.0,34583697.0,34586184.0,34588725.0,34591191.0,34593730.0,34596268.0,34598868.0,34601535.0,34603965.0,34606509.0,34609130.0,34611527.0,34614108.0,34616692.0,34619314.0,34622034.0,34624646.0,34627098.0,34630002.0,34632586.0,34635163.0,34637789.0,34640397.0,34642989.0,34645653.0,34648391.0,34651032.0,34653696.0,34656379.0,34658989.0,34661289.0,34663863.0,34666433.0,34669043.0,34671679.0,34674265.0,34676753.0,34679130.0,34681611.0,34684001.0,34686339.0,34688640.0,34690849.0,34693076.0,34695097.0,34697116.0,34699244.0,34701520.0,34703908.0,34706328.0,34708754.0,34711365.0,34713997.0,34716491.0,34718957.0,34721603.0,34724121.0,34726504.0,34728833.0,34731328.0,34733937.0,34736553.0,34739317.0,34742011.0,34744677.0,34747357.0,34750011.0,34752810.0,34755727.0,34758687.0,34761954.0,34764828.0,34768312.0,34773571.0,34778247.0,34782483.0,34786719.0,34790679.0,34794324.0,34798037.0,34801260.0,34804455.0,34807692.0,34810645.0,34813718.0,34816632.0,34819377.0,34822334.0,34825332
a_9p1S6QKPs,9592730.0,9593498.0,9594234.0,9594934.0,9595641.0,9596392.0,9597086.0,9597804.0,9598501.0,9599261.0,9599967.0,9600684.0,9601370.0,9602057.0,9602733.0,9603481.0,9604163.0,9604889.0,9605704.0,9606480.0,9607274.0,9608111.0,9609008.0,9609871.0,9610641.0,9611419.0,9612176.0,9612965.0,9613721.0,9614503.0,9615269.0,9616049.0,9616781.0,9617531.0,9618378.0,9619276.0,9620080.0,9620892.0,9621670.0,9622456.0,9623176.0,9623949.0,9624825.0,9625772.0,9626516.0,9627389.0,9628198.0,9629057.0,9629926.0,9630733.0,9631621.0,9632587.0,9633457.0,9634310.0,9635087.0,9635950.0,9636788.0,9637628.0,9638501.0,9639418.0,9640377.0,9641372.0,9642262.0,9643013.0,9643717.0,9644333.0,9645005.0,9645662.0,9646221.0,9646966.0,9647685.0,9648297.0,9648879.0,9649699.0,9650415.0,9651364.0,9652210.0,9652971.0,9653913.0,9654784.0,9655608.0,9656414.0,9657234.0,9658055.0,9658971.0,9659816.0,9660515.0,9661196.0,9662040.0,9662994.0,9663863.0,9664612.0,9665449.0,9666198.0,9666957.0,9667615.0,9668339.0,9669233.0,9670000.0,9670839.0,9671844.0,9672833.0,9673710.0,9674606.0,9675472.0,9676373.0,9677142.0,9677876.0,9678742.0,9679594.0,9680417.0,9681393.0,9682191.0,9683011.0,9683727.0,9684523.0,9685307.0,9686164.0,9687033.0,9687821.0,9688704.0,9689494.0,9690200.0,9690911.0,9691735.0,9692574.0,9693309.0,9694074.0,9694737.0,9695366.0,9696035.0,9696660.0,9697331.0,9697964.0,,,,,,,,,9703343.0,9703926.0,9704516.0,9705091.0,9705740.0,9706356.0,9706947.0,9707513.0,9708086.0,9708717.0,9709415.0,9709939.0,9710599.0,9711166.0,9711787.0,9712422.0,9713067.0,9713751.0,9714412.0,9715109.0,9715789.0,9716535.0,9717129.0,9717758.0,9718605.0,9719262.0,9719897.0,9720530.0,9721166.0,9721842.0,9722501.0,9723105.0,9723735.0,9724534.0,9725363.0,9726068.0,9726852.0,9727613.0,9728521.0,9729389.0,9730178.0,9730922.0,9731597.0,9732284.0,9733048.0,9733785.0,9734562.0,9735316.0,9736058.0,9736698.0,9737398.0,9738012.0,9738617.0,9739261.0,9739860.0,9740477.0,9741010.0,9741517.0,9742033.0,9742658.0,9743216.0,9743761.0,9744192.0,9744617.0,9745084.0,9745624.0,9746230.0,9746776.0,9747287.0,9747831.0,9748347.0,9748936.0,9749504.0,9750101.0,9750638.0,9751331.0,9752005.0,9752598.0,9753215.0,9753828.0,9754446.0,9754992.0,9755550.0,9756194.0,9756628.0,9757245.0,9757801.0,9758402.0,9758914.0,9759421.0,9759896.0,9760407.0,9760894.0,9761474.0,9762011.0,9762551.0,9763115.0,9763687.0,9764223.0,9764733.0,9765277.0,9765771.0,9766286.0,9766816.0,9767283.0,9767791.0,9768280.0,9768750.0,9769204.0,9769664.0,9770207.0,9770751.0,9771145.0,9771607.0,9772022.0,9772498.0,9772902.0,9773276.0,9773729.0,9774075.0,9774478.0,,9775276.0,9775667.0,9775991.0,9776353.0,9776770.0,9777143.0,9777516.0,9777886.0,9778267.0,9778647.0,9779034.0,9779418.0,9779765.0,9780123.0,9780538.0,9780981.0,9781375.0,9781788.0,9782224.0,9782638.0,9783056.0,9783441.0,9783857.0,9784318.0,9784772.0,9785139.0,9785485.0,9785891.0,9786291.0,9786685.0,9787141.0,9787562.0,9787922.0,9788329.0,9788694.0,9789186.0,9789611.0,9790042.0,9790498.0,9790916.0,9791313.0,9791692.0,9792094.0,9792527.0,9792907.0,9793260.0,9793662.0,9794073.0,9794470.0,9794937.0,9795386.0,9795808.0,9796213.0,9796640.0,9797052.0,9797467.0,9797927.0,9798322.0,9798780.0,9799221.0,9799615.0,9800002.0,9800440.0,9800869.0,9801281.0,9801712.0,9802161.0,9802594.0,9802978.0,9803395.0,9803912.0,9804435.0,9804928.0,9805468.0,9806160.0,9806810.0,9807670.0,9808329.0,9808837.0,9809344.0,9809949.0,9810456.0,9810891.0,9811488.0,9812075.0,9812677.0,9813520.0,9814747.0,9815630.0,9816377.0,9817138.0,9817915.0,9818465.0,9818989.0,9819451.0,9819937.0,9820442.0,9820874.0,9821296.0,9821768.0,9822218.0,9822689.0,9823112.0,9823520.0,9823892.0,9824344.0,9824736.0,9825086.0,9825459.0,9825779.0,9826154.0,9826487.0,9826877.0,9827288
O-Jxxupb9os,112224.0,112247.0,112288.0,112312.0,112339.0,112378.0,112402.0,112441.0,112483.0,112520.0,112554.0,112586.0,112608.0,112651.0,112685.0,112714.0,112743.0,112770.0,112810.0,112843.0,112872.0,112913.0,112938.0,112978.0,113002.0,113039.0,113070.0,113098.0,113120.0,113157.0,113189.0,113215.0,113256.0,113297.0,113351.0,113393.0,113435.0,113464.0,113492.0,113524.0,113551.0,113567.0,113599.0,113625.0,113656.0,113683.0,113698.0,113716.0,113748.0,113774.0,113798.0,113815.0,113830.0,113852.0,113880.0,113910.0,113926.0,113950.0,113965.0,113984.0,114002.0,114024.0,114049.0,114081.0,114111.0,114131.0,114156.0,114183.0,114200.0,114234.0,114247.0,114271.0,114286.0,114311.0,114336.0,114354.0,114394.0,114415.0,114446.0,114475.0,114493.0,114517.0,114546.0,114568.0,114590.0,114610.0,114634.0,114652.0,114680.0,114727.0,114755.0,114795.0,114827.0,114859.0,114884.0,114911.0,114939.0,114969.0,114984.0,115006.0,115032.0,115054.0,115070.0,115095.0,115115.0,115137.0,115154.0,115186.0,115203.0,115228.0,115253.0,115277.0,115294.0,115317.0,115339.0,115370.0,115396.0,115426.0,115461.0,115486.0,115513.0,115544.0,115569.0,115593.0,115611.0,115641.0,115676.0,115699.0,115727.0,115751.0,115778.0,115814.0,115844.0,115885.0,,,,,,,,,116199.0,116231.0,116258.0,116304.0,116342.0,116363.0,116394.0,116410.0,116446.0,116470.0,116493.0,116520.0,116565.0,116603.0,116636.0,116667.0,116691.0,116733.0,116773.0,116814.0,116867.0,116905.0,116932.0,116973.0,117009.0,117045.0,117082.0,117123.0,117141.0,117176.0,117223.0,117242.0,117285.0,117310.0,117329.0,117360.0,117394.0,117420.0,117460.0,117498.0,117523.0,117552.0,117585.0,117624.0,117644.0,117675.0,117718.0,117757.0,117789.0,117833.0,117857.0,117887.0,117930.0,117974.0,118017.0,118055.0,118078.0,118104.0,118121.0,118145.0,118171.0,118197.0,118219.0,118240.0,118271.0,118290.0,118312.0,118334.0,118357.0,118377.0,118403.0,118415.0,118442.0,118465.0,118487.0,118507.0,118537.0,118553.0,118565.0,118583.0,118618.0,118638.0,118669.0,118699.0,118727.0,118777.0,118804.0,118828.0,118871.0,118902.0,118930.0,118955.0,118981.0,118999.0,119027.0,119045.0,119063.0,119093.0,119113.0,119127.0,119152.0,119176.0,119219.0,119242.0,119260.0,119273.0,119291.0,119315.0,119337.0,119357.0,119379.0,119403.0,119426.0,119458.0,119474.0,119485.0,119514.0,119541.0,119556.0,119583.0,119608.0,,119671.0,119696.0,119716.0,119740.0,119757.0,119789.0,119811.0,119835.0,119849.0,119875.0,119898.0,119915.0,119933.0,119947.0,119973.0,119993.0,120017.0,120049.0,120073.0,120104.0,120129.0,120154.0,120172.0,120193.0,120218.0,120244.0,120267.0,120289.0,120314.0,120335.0,120355.0,120385.0,120414.0,120434.0,120453.0,120469.0,120486.0,120514.0,120539.0,120558.0,120582.0,120603.0,120619.0,120639.0,120661.0,120691.0,120713.0,120731.0,120749.0,120773.0,120794.0,120814.0,120839.0,120865.0,120882.0,120904.0,120920.0,120945.0,120965.0,120996.0,121026.0,121053.0,121086.0,121102.0,121129.0,121160.0,121198.0,121230.0,121260.0,121291.0,121310.0,121339.0,121366.0,121386.0,121411.0,121436.0,121467.0,121495.0,121527.0,121541.0,121569.0,121589.0,121614.0,121649.0,121673.0,121716.0,121748.0,121778.0,121815.0,121840.0,121867.0,121898.0,121937.0,121975.0,122007.0,122037.0,122065.0,122105.0,122133.0,122162.0,122196.0,122227.0,122248.0,122284.0,122314.0,122345.0,122374.0,122390.0,122423.0,122458.0,122479.0,122490.0,122522.0,122553
l5makqQS2uQ,6049764.0,6050715.0,6051775.0,6052803.0,6053714.0,6054732.0,6055742.0,6056804.0,6057863.0,6058909.0,6059985.0,6060932.0,6061891.0,6062861.0,6063934.0,6065010.0,6066086.0,6067191.0,6068209.0,6069377.0,6070481.0,6071543.0,6072573.0,6073594.0,6074827.0,6075734.0,6076851.0,6077867.0,6078912.0,6079954.0,6081146.0,6082104.0,6083013.0,6083881.0,6084917.0,6085976.0,6087069.0,6088070.0,6089159.0,6090129.0,6091027.0,6092015.0,6093063.0,6094133.0,6095070.0,6096049.0,6097094.0,6098150.0,6099299.0,6100478.0,6101474.0,6102620.0,6103718.0,6104615.0,6105621.0,6106736.0,6107757.0,6108731.0,6109657.0,6110551.0,6111515.0,6112471.0,6113361.0,6114288.0,6115181.0,6116053.0,6116906.0,6117691.0,6118460.0,6119458.0,6120359.0,6121248.0,6122174.0,6123021.0,6123890.0,6124737.0,6125663.0,6126670.0,6127687.0,6128577.0,6129486.0,6130329.0,6131185.0,6132122.0,6133006.0,6133899.0,6134761.0,6135513.0,6136356.0,6137171.0,6137995.0,6138842.0,6139696.0,6140512.0,6141342.0,6142083.0,6142843.0,6143599.0,6144355.0,6145122.0,6145888.0,6146625.0,6147387.0,6148075.0,6148839.0,6149532.0,6150359.0,6151052.0,6151952.0,6152770.0,6153469.0,6154365.0,6155130.0,6155913.0,6156732.0,6157524.0,6158293.0,6159173.0,6159822.0,6160749.0,6161600.0,6162396.0,6163262.0,6164072.0,6164854.0,6165631.0,6166434.0,6167231.0,6168030.0,6168711.0,6169455.0,6170179.0,6170868.0,6171558.0,,,,,,,,,6178206.0,6178879.0,6179590.0,6180214.0,6180885.0,6181478.0,6182027.0,6182629.0,6183272.0,6183959.0,6184484.0,6185012.0,6185650.0,6186270.0,6186900.0,6187497.0,6188068.0,6188624.0,6189192.0,6189830.0,6190544.0,6191198.0,6191937.0,6192599.0,6193316.0,6194039.0,6194791.0,6195518.0,6196189.0,6196831.0,6197626.0,6198270.0,6198966.0,6199677.0,6200339.0,6200983.0,6201632.0,6202266.0,6202992.0,6203623.0,6204401.0,6205181.0,6205874.0,6206626.0,6207404.0,6208103.0,6208797.0,6209626.0,6210329.0,6211086.0,6211854.0,6212604.0,6213346.0,6214121.0,6214812.0,6215589.0,6216267.0,6216972.0,6217591.0,6218303.0,6219093.0,6219912.0,6220657.0,6221363.0,6222146.0,6222870.0,6223725.0,6224476.0,6225326.0,6226003.0,6226806.0,6227575.0,6228311.0,6229012.0,6229885.0,6230686.0,6231554.0,6232370.0,6233180.0,6233922.0,6234683.0,6235347.0,6236155.0,6237013.0,6237815.0,6238564.0,6239286.0,6240153.0,6240981.0,6241823.0,6242599.0,6243558.0,6244355.0,6245140.0,6246059.0,6246937.0,6247755.0,6248600.0,6249432.0,6250184.0,6250920.0,6251722.0,6252509.0,6253331.0,6254191.0,6254933.0,6255694.0,6256387.0,6257244.0,6258062.0,6258862.0,6259505.0,6260284.0,6261059.0,6261791.0,6262532.0,6263326.0,6264096.0,6264875.0,6265654.0,6266302.0,,6267810.0,6268659.0,6269410.0,6270168.0,6270922.0,6271666.0,6272427.0,6273054.0,6273692.0,6274400.0,6275157.0,6275841.0,6276467.0,6277147.0,6277884.0,6278559.0,6279280.0,6280011.0,6280814.0,6281611.0,6282354.0,6283147.0,6283947.0,6284718.0,6285485.0,6286237.0,6286992.0,6287756.0,6288434.0,6289226.0,6290188.0,6291160.0,6292039.0,6292683.0,6293350.0,6294223.0,6295036.0,6295925.0,6296778.0,6297524.0,6298257.0,6299164.0,6299998.0,6300736.0,6301516.0,6302646.0,6303552.0,6304418.0,6305279.0,6306091.0,6306936.0,6308329.0,6309264.0,6310075.0,6310992.0,6311746.0,6312600.0,6313403.0,6314191.0,6315029.0,6316020.0,6316911.0,6317693.0,6318533.0,6319366.0,6320201.0,6321053.0,6321878.0,6322794.0,6323553.0,6324338.0,6325015.0,6325837.0,6326648.0,6327544.0,6328507.0,6329448.0,6330389.0,6331292.0,6332149.0,6333204.0,6334154.0,6335108.0,6335997.0,6337032.0,6338016.0,6338980.0,6339991.0,6340968.0,6341906.0,6342892.0,6343835.0,6344792.0,6345655.0,6346675.0,6347818.0,6348760.0,6349704.0,6350860.0,6351883.0,6352731.0,6353692.0,6354671.0,6355572.0,6356411.0,6357447.0,6358392.0,6359300.0,6360134.0,6361120.0,6361994.0,6362916.0,6363901.0,6365026
SxHmoifp0oQ,57345132.0,57351149.0,57357804.0,57364269.0,57371608.0,57379246.0,57386011.0,57393077.0,57400640.0,57409036.0,57417648.0,57425579.0,57434244.0,57441326.0,57449227.0,57457901.0,57467821.0,57476708.0,57485027.0,57493596.0,57503961.0,57514986.0,57526328.0,57537147.0,57548435.0,57558263.0,57569338.0,57581211.0,57592657.0,57603890.0,57615538.0,57626001.0,57638487.0,57650994.0,57663814.0,57676046.0,57690478.0,57704425.0,57717832.0,57731454.0,57745004.0,57757347.0,57768618.0,57779696.0,57791893.0,57803021.0,57813653.0,57827536.0,57840750.0,57852039.0,57862162.0,57873058.0,57883158.0,57894293.0,57908143.0,57919526.0,57929852.0,57940219.0,57949890.0,57959486.0,57970852.0,57981402.0,57991539.0,58002586.0,58013690.0,58022578.0,58031654.0,58040196.0,58047276.0,58056063.0,58063786.0,58071979.0,58081853.0,58090556.0,58098472.0,58105955.0,58113445.0,58122492.0,58130997.0,58139552.0,58148009.0,58156318.0,58165129.0,58173979.0,58182478.0,58191578.0,58200827.0,58209608.0,58217878.0,58225697.0,58233123.0,58240289.0,58248656.0,58257605.0,58266480.0,58274037.0,58281567.0,58288866.0,58295786.0,58303450.0,58311192.0,58319388.0,58327160.0,58334578.0,58342014.0,58349835.0,58357934.0,58366490.0,58374768.0,58382808.0,58390423.0,58397717.0,58405174.0,58413646.0,58421691.0,58429017.0,58435985.0,58443434.0,58451078.0,58458438.0,58465944.0,58473307.0,58480156.0,58486368.0,58492647.0,58499404.0,58506134.0,58513861.0,58521694.0,58529399.0,58536827.0,58544523.0,58552684.0,58560136.0,,,,,,,,,58621780.0,58629161.0,58635686.0,58642015.0,58648636.0,58654970.0,58661048.0,58667673.0,58675470.0,58683001.0,58690245.0,58697042.0,58705137.0,58712492.0,58720519.0,58727509.0,58734452.0,58741453.0,58748832.0,58755696.0,58762460.0,58769737.0,58776516.0,58782778.0,58789175.0,58795660.0,58802014.0,58808640.0,58815144.0,58821439.0,58827294.0,58833537.0,58839995.0,58846489.0,58852679.0,58859214.0,58865259.0,58871077.0,58877070.0,58883499.0,58889936.0,58896796.0,58903653.0,58909943.0,58916285.0,58922432.0,58928801.0,58935595.0,58942182.0,58948888.0,58955416.0,58962064.0,58968385.0,58974964.0,58981528.0,58988307.0,58995137.0,59001884.0,59008474.0,59015304.0,59021768.0,59028059.0,59034251.0,59041156.0,59047496.0,59053978.0,59060512.0,59067256.0,59074501.0,59080971.0,59087779.0,59094254.0,59100767.0,59107794.0,59114596.0,59121359.0,59128632.0,59135730.0,59142314.0,59148713.0,59155068.0,59161061.0,59167698.0,59175161.0,59181894.0,59188081.0,59194162.0,59200808.0,59207344.0,59213848.0,59220306.0,59226946.0,59233215.0,59239538.0,59246562.0,59253528.0,59260582.0,59267824.0,59275119.0,59281981.0,59288808.0,59295796.0,59303006.0,59310215.0,59317718.0,59324944.0,59331477.0,59338296.0,59345452.0,59352582.0,59359556.0,59366551.0,59374594.0,59382319.0,59389242.0,59395771.0,59402299.0,59409101.0,59416341.0,59423353.0,59429961.0,,59444448.0,59451678.0,59458951.0,59466127.0,59473806.0,59480522.0,59486597.0,59492530.0,59498838.0,59505162.0,59511471.0,59518026.0,59524131.0,59530112.0,59535880.0,59541705.0,59548269.0,59554752.0,59561779.0,59568552.0,59574551.0,59580897.0,59587081.0,59593589.0,59600236.0,59606869.0,59613089.0,59619118.0,59625985.0,59632862.0,59640145.0,59647897.0,59655563.0,59662673.0,59670013.0,59677589.0,59685587.0,59693654.0,59701955.0,59710159.0,59717692.0,59725043.0,59733258.0,59741295.0,59749518.0,59757738.0,59766052.0,59773600.0,59781248.0,59788613.0,59795693.0,59802575.0,59809520.0,59816950.0,59823765.0,59830453.0,59837210.0,59844357.0,59851322.0,59858803.0,59866313.0,59873594.0,59880754.0,59888099.0,59895650.0,59903019.0,59910706.0,59918653.0,59926319.0,59934321.0,59941948.0,59949448.0,59957164.0,59964998.0,59972489.0,59979556.0,59987070.0,59994541.0,60001928.0,60008913.0,60016338.0,60023395.0,60030608.0,60037842.0,60045204.0,60052593.0,60060306.0,60068426.0,60076538.0,60084164.0,60091812.0,60099308.0,60106778.0,60114612.0,60122912.0,60131239.0,60138596.0,60146555.0,60154716.0,60162819.0,60171160.0,60180416.0,60189559.0,60197546.0,60205784.0,60214200.0,60222317.0,60230341.0,60238279.0,60246622.0,60254062.0,60261289.0,60269285.0,60278758
2gm2t6fbc8s,750099.0,750266.0,750435.0,750627.0,750814.0,750974.0,751100.0,751280.0,751400.0,751561.0,751720.0,751854.0,751971.0,752125.0,752364.0,752499.0,752644.0,752780.0,752887.0,753052.0,753205.0,753345.0,753454.0,753620.0,753746.0,753866.0,754029.0,754173.0,754372.0,754544.0,754716.0,754895.0,755072.0,755225.0,755331.0,755435.0,755539.0,755641.0,755743.0,755858.0,755963.0,756074.0,756199.0,756299.0,756393.0,756517.0,756632.0,756750.0,756850.0,756953.0,757068.0,757167.0,757294.0,757411.0,757536.0,757649.0,757791.0,757896.0,758009.0,758109.0,758241.0,758340.0,758438.0,758568.0,758663.0,758763.0,758889.0,758998.0,759064.0,759161.0,759273.0,759374.0,759487.0,759567.0,759666.0,759749.0,759854.0,759957.0,760053.0,760168.0,760247.0,760336.0,760421.0,760530.0,760609.0,760717.0,760822.0,760948.0,761028.0,761125.0,761234.0,761295.0,761398.0,761502.0,761577.0,761639.0,761698.0,761762.0,761833.0,761894.0,761975.0,762089.0,762178.0,762243.0,762324.0,762383.0,762480.0,762592.0,762677.0,762741.0,762807.0,762865.0,762949.0,763017.0,763105.0,763170.0,763236.0,763312.0,763363.0,763448.0,763521.0,763649.0,763747.0,763848.0,763920.0,763973.0,764064.0,764172.0,764274.0,764370.0,764441.0,764486.0,764562.0,764640.0,,,,,,,,,765307.0,765422.0,765517.0,765583.0,765648.0,765728.0,765815.0,765906.0,765982.0,766062.0,766154.0,766281.0,766380.0,766453.0,766588.0,766704.0,766789.0,766893.0,766982.0,767108.0,767210.0,767336.0,767419.0,767494.0,767582.0,767670.0,767761.0,767867.0,767955.0,768025.0,768103.0,768187.0,768295.0,768371.0,768435.0,768535.0,768617.0,768695.0,768745.0,768795.0,768884.0,768984.0,769061.0,769179.0,769286.0,769378.0,769464.0,769549.0,769635.0,769724.0,769792.0,769876.0,769953.0,770041.0,770142.0,770208.0,770261.0,770351.0,770437.0,770536.0,770614.0,770696.0,770779.0,770872.0,770946.0,771038.0,771131.0,771215.0,771281.0,771347.0,771411.0,771476.0,771560.0,771659.0,771744.0,771824.0,771897.0,771978.0,772058.0,772115.0,772183.0,772262.0,772334.0,772423.0,772508.0,772610.0,772692.0,772817.0,772923.0,773021.0,773092.0,773181.0,773248.0,773351.0,773437.0,773541.0,773649.0,773744.0,773837.0,773911.0,773997.0,774061.0,774157.0,774218.0,774279.0,774360.0,774428.0,774515.0,774607.0,774757.0,774875.0,774984.0,775089.0,775184.0,775305.0,775422.0,775523.0,775614.0,775733.0,775829.0,775908.0,,776054.0,776132.0,776206.0,776298.0,776366.0,776458.0,776512.0,776581.0,776643.0,776725.0,776800.0,776883.0,776950.0,777011.0,777105.0,777174.0,777256.0,777339.0,777413.0,777464.0,777539.0,777603.0,777672.0,777745.0,777806.0,777893.0,777970.0,778070.0,778122.0,778192.0,778262.0,778329.0,778387.0,778443.0,778497.0,778576.0,778643.0,778705.0,778791.0,778859.0,778906.0,778972.0,779049.0,779100.0,779162.0,779232.0,779294.0,779353.0,779414.0,779459.0,779541.0,779615.0,779680.0,779729.0,779807.0,779863.0,779931.0,780018.0,780092.0,780152.0,780219.0,780273.0,780320.0,780376.0,780422.0,780488.0,780556.0,780624.0,780688.0,780744.0,780810.0,780877.0,780952.0,781028.0,781098.0,781191.0,781307.0,781388.0,781445.0,781504.0,781566.0,781627.0,781691.0,781773.0,781828.0,781901.0,781971.0,782012.0,782094.0,782149.0,782198.0,782249.0,782308.0,782378.0,782429.0,782497.0,782556.0,782605.0,782681.0,782753.0,782828.0,782883.0,782945.0,783003.0,783060.0,783138.0,783199.0,783270.0,783336.0,783410.0,783507.0,783562.0,783631.0,783697
3-ptVHZZdBg,43967470.0,43972741.0,43978471.0,43984058.0,43989239.0,43994403.0,43999526.0,44004436.0,44009740.0,44015400.0,44020813.0,44025437.0,44030366.0,44035437.0,44040828.0,44045991.0,44051582.0,44057067.0,44062203.0,44067413.0,44072572.0,44077887.0,44083119.0,44088740.0,44094173.0,44099214.0,44104623.0,44109969.0,44115545.0,44121409.0,44127848.0,44133951.0,44139826.0,44145889.0,44151697.0,44157734.0,44164138.0,44170434.0,44176209.0,44181731.0,44187071.0,44192524.0,44198383.0,44204349.0,44210435.0,44216453.0,44221960.0,44229059.0,44235411.0,44241494.0,44247866.0,44255942.0,44263400.0,44269692.0,44276402.0,44282674.0,44289051.0,44295771.0,44302183.0,44308696.0,44314375.0,44320163.0,44325740.0,44331363.0,44336793.0,44342260.0,44347646.0,44352956.0,44357723.0,44363783.0,44369409.0,44375107.0,44381571.0,44388171.0,44394661.0,44400854.0,44407045.0,44413566.0,44420075.0,44426919.0,44433526.0,44439690.0,44446804.0,44453278.0,44459548.0,44465485.0,44471274.0,44476738.0,44482121.0,44487401.0,44492536.0,44497649.0,44503112.0,44508489.0,44514056.0,44518983.0,44524085.0,44529143.0,44534360.0,44539676.0,44545500.0,44550843.0,44555821.0,44560823.0,44566120.0,44571678.0,44577644.0,44583857.0,44589752.0,44595321.0,44600431.0,44605678.0,44610962.0,44616477.0,44622137.0,44627327.0,44632297.0,44637321.0,44642338.0,44647560.0,44653250.0,44659000.0,44664422.0,44669258.0,44673952.0,44678993.0,44684121.0,44689317.0,44694542.0,44699746.0,44704502.0,44709262.0,44714199.0,44718805.0,,,,,,,,,44761218.0,44766409.0,44770825.0,44775291.0,44779926.0,44784290.0,44788363.0,44792803.0,44797847.0,44802401.0,44807020.0,44811319.0,44816028.0,44820811.0,44826096.0,44831012.0,44835544.0,44840014.0,44844626.0,44849461.0,44854493.0,44859790.0,44864862.0,44869350.0,44873949.0,44878578.0,44883265.0,44888276.0,44892922.0,44897959.0,44902388.0,44906878.0,44911491.0,44916008.0,44920522.0,44925209.0,44929533.0,44933506.0,44937848.0,44942276.0,44946602.0,44950847.0,44955528.0,44959677.0,44963630.0,44967885.0,44972192.0,44976540.0,44980826.0,44985200.0,44989486.0,44993862.0,44997978.0,45002244.0,45006315.0,45010501.0,45014694.0,45018785.0,45022554.0,45026486.0,45030342.0,45034245.0,45037850.0,45042087.0,45046094.0,45050017.0,45054269.0,45058878.0,45063943.0,45068333.0,45072909.0,45077137.0,45081365.0,45085600.0,45089928.0,45094406.0,45099150.0,45103944.0,45108573.0,45112645.0,45116874.0,45120634.0,45125237.0,45129517.0,45133810.0,45137981.0,45142010.0,45146266.0,45150346.0,45154342.0,45158731.0,45163068.0,45167315.0,45171586.0,45175651.0,45179959.0,45184246.0,45188724.0,45193012.0,45197048.0,45201101.0,45205158.0,45209437.0,45213710.0,45217791.0,45222007.0,45225996.0,45229846.0,45233936.0,45238313.0,45242647.0,45246717.0,45251363.0,45255893.0,45259938.0,45263873.0,45267928.0,45271794.0,45275800.0,45279631.0,45283305.0,,45291011.0,45294835.0,45299002.0,45303157.0,45307219.0,45310967.0,45314625.0,45317785.0,45321384.0,45324990.0,45328708.0,45332785.0,45336896.0,45340472.0,45344199.0,45348313.0,45352750.0,45357275.0,45362249.0,45366934.0,45370999.0,45375199.0,45379451.0,45383704.0,45387919.0,45392400.0,45396812.0,45400724.0,45404887.0,45408996.0,45413309.0,45417563.0,45422050.0,45426175.0,45430166.0,45434232.0,45438525.0,45443003.0,45447612.0,45451896.0,45456205.0,45460491.0,45464730.0,45468932.0,45473078.0,45477255.0,45481672.0,45485981.0,45489977.0,45494020.0,45498117.0,45502320.0,45506410.0,45510925.0,45515263.0,45519370.0,45523508.0,45528033.0,45532407.0,45536696.0,45541142.0,45545587.0,45549627.0,45553880.0,45558139.0,45562379.0,45566523.0,45570638.0,45574448.0,45578320.0,45582195.0,45585934.0,45589549.0,45593341.0,45597531.0,45601526.0,45605457.0,45609145.0,45612968.0,45616617.0,45620496.0,45624613.0,45628631.0,45632499.0,45636326.0,45640089.0,45643756.0,45647771.0,45652009.0,45656066.0,45660075.0,45663648.0,45667603.0,45671654.0,45675584.0,45679724.0,45683626.0,45687505.0,45691409.0,45695423.0,45698814.0,45703963.0,45707657.0,45711211.0,45714493.0,45717809.0,45721021.0,45724376.0,45727554.0,45731161.0,45734712.0,45738162.0,45742095.0,45747213
hB6B70NyZ7s,1098787.0,1099200.0,1099576.0,1100010.0,1100334.0,1100682.0,1100965.0,1101268.0,1101578.0,1101853.0,1102114.0,1102399.0,1102620.0,1102862.0,1103135.0,1103428.0,1103659.0,1103909.0,1104140.0,1104366.0,1104579.0,1104809.0,1105076.0,1105332.0,1105556.0,1105749.0,1105926.0,1106107.0,1106323.0,1106557.0,1106780.0,1107005.0,1107236.0,1107438.0,1107651.0,1107869.0,1108086.0,1108311.0,1108487.0,1108690.0,1108881.0,1109081.0,1109327.0,1109524.0,1109785.0,1110004.0,1110257.0,1110617.0,1110898.0,1111127.0,1111422.0,1111721.0,1112005.0,1112248.0,1112517.0,1112803.0,1113080.0,1113312.0,1113580.0,1113883.0,1114122.0,1114299.0,1114484.0,1114707.0,1114914.0,1115112.0,1115296.0,1115497.0,1115635.0,1115846.0,1116024.0,1116212.0,1116440.0,1116688.0,1116908.0,1117184.0,1117398.0,1117621.0,1117874.0,1118070.0,1118336.0,1118585.0,1118780.0,1118988.0,1119199.0,1119360.0,1119537.0,1119697.0,1119876.0,1120040.0,1120220.0,1120409.0,1120611.0,1120795.0,1121043.0,1121258.0,1121446.0,1121644.0,1121865.0,1122081.0,1122276.0,1122509.0,1122693.0,1122861.0,1123038.0,1123181.0,1123350.0,1123524.0,1123721.0,1123928.0,1124111.0,1124282.0,1124458.0,1124651.0,1124831.0,1125026.0,1125221.0,1125379.0,1125501.0,1125698.0,1125856.0,1126002.0,1126171.0,1126341.0,1126478.0,1126634.0,1126812.0,1126966.0,1127141.0,1127319.0,1127499.0,1127652.0,1127798.0,1127970.0,,,,,,,,,1129358.0,1129530.0,1129694.0,1129852.0,1130004.0,1130220.0,1130418.0,1130564.0,1130777.0,1130912.0,1131041.0,1131203.0,1131370.0,1131539.0,1131674.0,1131833.0,1131987.0,1132149.0,1132313.0,1132475.0,1132608.0,1132770.0,1132943.0,1133088.0,1133204.0,1133387.0,1133545.0,1133722.0,1133862.0,1134033.0,1134179.0,1134330.0,1134459.0,1134626.0,1134764.0,1134901.0,1135049.0,1135205.0,1135366.0,1135515.0,1135657.0,1135818.0,1135982.0,1136139.0,1136299.0,1136440.0,1136593.0,1136743.0,1136893.0,1137035.0,1137180.0,1137328.0,1137474.0,1137626.0,1137815.0,1138035.0,1138164.0,1138309.0,1138466.0,1138653.0,1138818.0,1138945.0,1139067.0,1139223.0,1139376.0,1139537.0,1139701.0,1139853.0,1140009.0,1140169.0,1140336.0,1140489.0,1140637.0,1140813.0,1140931.0,1141100.0,1141234.0,1141388.0,1141542.0,1141681.0,1141842.0,1141982.0,1142118.0,1142240.0,1142396.0,1142532.0,1142646.0,1142843.0,1142989.0,1143166.0,1143319.0,1143504.0,1143647.0,1143758.0,1143928.0,1144067.0,1144241.0,1144401.0,1144561.0,1144710.0,1144882.0,1145028.0,1145210.0,1145366.0,1145519.0,1145708.0,1145889.0,1146046.0,1146296.0,1146702.0,1146965.0,1147178.0,1147381.0,1147609.0,1147829.0,1147996.0,1148176.0,1148327.0,1148527.0,1148740.0,1148887.0,,1149273.0,1149426.0,1149616.0,1149779.0,1149926.0,1150090.0,1150225.0,1150333.0,1150502.0,1150644.0,1150828.0,1151017.0,1151186.0,1151324.0,1151495.0,1151643.0,1151826.0,1152006.0,1152197.0,1152380.0,1152570.0,1152732.0,1152873.0,1153026.0,1153156.0,1153309.0,1153509.0,1153641.0,1153766.0,1153904.0,1154043.0,1154158.0,1154306.0,1154440.0,1154576.0,1154718.0,1154842.0,1154940.0,1155081.0,1155247.0,1155384.0,1155531.0,1155677.0,1155822.0,1155957.0,1156100.0,1156287.0,1156454.0,1156587.0,1156723.0,1156848.0,1156990.0,1157120.0,1157263.0,1157407.0,1157574.0,1157757.0,1157983.0,1158184.0,1158372.0,1158546.0,1158714.0,1158849.0,1158985.0,1159130.0,1159270.0,1159416.0,1159551.0,1159702.0,1159821.0,1159954.0,1160063.0,1160211.0,1160338.0,1160486.0,1160660.0,1160824.0,1160959.0,1161137.0,1161268.0,1161438.0,1161616.0,1161740.0,1161838.0,1161986.0,1162147.0,1162309.0,1162427.0,1162550.0,1162681.0,1162815.0,1162972.0,1163101.0,1163225.0,1163336.0,1163467.0,1163618.0,1163762.0,1163926.0,1164077.0,1164209.0,1164352.0,1164495.0,1164632.0,1164747.0,1164899.0,1165013.0,1165152.0,1165300.0,1165447.0,1165580.0,1165706.0,1165889.0,1166103
YgJg8J4bkeE,,,,,,,,,,,,,,,,,,,,,,,,,,,,,,,,,,,,,,,,,,,,,,,,,,,,,,,,,,,,,,,,,,,,,,,,,,,,,,,,,,,,,,,,,,,,,,,,,,,,,,,,,,,,,,,,,,,,,,,,,,,,,,,,,,,,,,,,,,,,,,,,,,,,,,,,,,,,,,,,,,,,,,,,,,,,,,,,,,,,,,,,,,,,,,,,,,,,,,,,,,,,,,,,,,,,,,,,,,,,,,,,,,,,,,,,,,,,,,,,,,,,,,,,,,,,,,,,,,,,,,,,,,,,,,,,,,,,,,,,,,,,,,,,,,,,,,,,,,,,,,,,,,,,,,,,,,,,,,,,,,,,,,,,,,,,,,,,,,,,,,,,,,,,,,,,,,,,,,,,,,,,,,,,,,,,,,,,,,
ivijoIfhl0o,30765962.0,30771043.0,30777017.0,30783492.0,30790242.0,30797502.0,30816809.0,30831230.0,30844415.0,30856652.0,30867592.0,30877237.0,30887042.0,30895904.0,30904465.0,30912416.0,30920851.0,30928431.0,30935356.0,30941836.0,30948100.0,30955027.0,30961758.0,30967942.0,30973927.0,30979271.0,30985259.0,30991392.0,30997930.0,31004429.0,31010994.0,31017751.0,31023996.0,31030289.0,31036314.0,31042681.0,31049316.0,31055403.0,31061654.0,31067907.0,31073803.0,31079108.0,31084571.0,31090187.0,31096284.0,31102002.0,31107187.0,31112611.0,31117819.0,31122945.0,31128196.0,31133779.0,31139272.0,31144371.0,31149673.0,31154879.0,31159920.0,31164936.0,31170608.0,31176337.0,31181510.0,31186653.0,31191929.0,31197496.0,31202859.0,31207671.0,31212342.0,31217042.0,31221270.0,31227123.0,31232360.0,31236974.0,31241473.0,31246465.0,31251341.0,31256317.0,31261833.0,31267101.0,31274099.0,31280957.0,31287294.0,31292695.0,31297597.0,31302589.0,31307612.0,31312560.0,31317371.0,31322187.0,31327132.0,31331906.0,31336809.0,31341585.0,31346606.0,31353519.0,31359723.0,31364608.0,31369032.0,31373151.0,31377578.0,31381956.0,31386579.0,31391400.0,31395561.0,31399305.0,31403294.0,31407156.0,31411165.0,31415559.0,31420197.0,31424907.0,31429271.0,31433735.0,31438062.0,31442627.0,31447238.0,31451867.0,31456229.0,31460486.0,31464809.0,31468757.0,31472744.0,31476938.0,31481398.0,31485486.0,31489574.0,31493602.0,31497667.0,31501939.0,31506396.0,31510847.0,31514733.0,31518581.0,31522343.0,31525990.0,,,,,,,,,31561603.0,31565888.0,31569924.0,31573808.0,31577588.0,31581314.0,31584846.0,31588427.0,31592569.0,31596241.0,31599907.0,31603278.0,31606794.0,31610326.0,31613894.0,31617768.0,31621348.0,31625082.0,31628743.0,31632551.0,31636094.0,31640223.0,31644076.0,31647488.0,31650987.0,31654451.0,31658019.0,31662232.0,31666505.0,31670584.0,31674350.0,31678197.0,31681813.0,31685632.0,31690537.0,31694728.0,31698658.0,31702267.0,31706006.0,31709841.0,31713424.0,31716857.0,31720438.0,31724055.0,31727662.0,31731387.0,31735283.0,31739319.0,31743257.0,31747202.0,31750953.0,31754484.0,31758285.0,31762206.0,31765918.0,31769849.0,31773899.0,31778383.0,31782821.0,31787834.0,31792580.0,31796625.0,31800319.0,31804672.0,31809111.0,31813556.0,31818281.0,31823050.0,31827523.0,31831297.0,31835579.0,31840025.0,31844480.0,31849059.0,31853687.0,31858326.0,31862878.0,31867609.0,31872563.0,31876907.0,31881368.0,31885951.0,31890840.0,31896504.0,31902031.0,31907764.0,31913201.0,31918562.0,31923730.0,31928772.0,31934010.0,31939383.0,31944830.0,31949967.0,31955073.0,31960585.0,31966179.0,31971565.0,31977146.0,31982755.0,31987790.0,31992722.0,31997750.0,32002786.0,32007746.0,32012927.0,32018097.0,32023284.0,32028649.0,32034077.0,32039317.0,32044583.0,32050199.0,32055680.0,32060975.0,32065724.0,32070363.0,32075048.0,32079756.0,32084554.0,32089451.0,,32098946.0,32103948.0,32109149.0,32114093.0,32119299.0,32124213.0,32128969.0,32133609.0,32138176.0,32142802.0,32147453.0,32152281.0,32157462.0,32162315.0,32166792.0,32171252.0,32175941.0,32180697.0,32186230.0,32191892.0,32197036.0,32201831.0,32206748.0,32211551.0,32216779.0,32221831.0,32226932.0,32231762.0,32236469.0,32241463.0,32246528.0,32251129.0,32256054.0,32260731.0,32265306.0,32270174.0,32275216.0,32280588.0,32285675.0,32290440.0,32294930.0,32299611.0,32304404.0,32309073.0,32313708.0,32318473.0,32323234.0,32328266.0,32333667.0,32338544.0,32343391.0,32348412.0,32353023.0,32358101.0,32363370.0,32368920.0,32374357.0,32379483.0,32384643.0,32389596.0,32394825.0,32400571.0,32405577.0,32410416.0,32414994.0,32419343.0,32423801.0,32428600.0,32432815.0,32437023.0,32440989.0,32444821.0,32448681.0,32452681.0,32458642.0,32463751.0,32468835.0,32473947.0,32478469.0,32482747.0,32487052.0,32491439.0,32495633.0,32499570.0,32503575.0,32507863.0,32512414.0,32516760.0,32521295.0,32525895.0,32530319.0,32534655.0,32539255.0,32543650.0,32547805.0,32552702.0,32556936.0,32561348.0,32565722.0,32570218.0,32574782.0,32579811.0,32585419.0,32591181.0,32596262.0,32601465.0,32606802.0,32611539.0,32615929.0,32620192.0,32624566.0,32628982.0,32633657.0,32638115
XRx2vo9UeWg,22279952.0,22300112.0,22323278.0,22348258.0,22373635.0,22398575.0,22423125.0,22448081.0,22472637.0,22496879.0,22522064.0,22545547.0,22570249.0,22592278.0,22614120.0,22636950.0,22659015.0,22680788.0,22701434.0,22722887.0,22745214.0,22769363.0,22791648.0,22814519.0,22837061.0,22858540.0,22881123.0,22904761.0,22929345.0,22953714.0,22975837.0,22997292.0,23019178.0,23042853.0,23064336.0,23087145.0,23111099.0,23135858.0,23159935.0,23184468.0,23209804.0,23233909.0,23258551.0,23284240.0,23309050.0,23332400.0,23355146.0,23379671.0,23403404.0,23429368.0,23455242.0,23479543.0,23501539.0,23522833.0,23546058.0,23570551.0,23595434.0,23620974.0,23646459.0,23670661.0,23694007.0,23718098.0,23741972.0,23766346.0,23790309.0,23813669.0,23836554.0,23859257.0,23880761.0,23907475.0,23930943.0,23953161.0,23977216.0,24000945.0,24025355.0,24051153.0,24077660.0,24103009.0,24130761.0,24156286.0,24181746.0,24209853.0,24237390.0,24264417.0,24291681.0,24318279.0,24345397.0,24369168.0,24393478.0,24417011.0,24441615.0,24464871.0,24487542.0,24510423.0,24533380.0,24556020.0,24577595.0,24599435.0,24621301.0,24642922.0,24664335.0,24687240.0,24708008.0,24728528.0,24749784.0,24771019.0,24792687.0,24813448.0,24834436.0,24854184.0,24873365.0,24893273.0,24912974.0,24933349.0,24954124.0,24974854.0,24996312.0,25017157.0,25038019.0,25058238.0,25078028.0,25096913.0,25115662.0,25133998.0,25152952.0,25172190.0,25191522.0,25211702.0,25233481.0,25255784.0,25279244.0,25298112.0,25316966.0,25335204.0,,,,,,,,,25519663.0,25540485.0,25561033.0,25580509.0,25600579.0,25620605.0,25639701.0,25657840.0,25676503.0,25694525.0,25712830.0,25731412.0,25751408.0,25771357.0,25791788.0,25812467.0,25832999.0,25853257.0,25875346.0,25897055.0,25918212.0,25940331.0,25961713.0,25983278.0,26005091.0,26026675.0,26049463.0,26073947.0,26098924.0,26122936.0,26146917.0,26169858.0,26191841.0,26214260.0,26235778.0,26257691.0,26279344.0,26301162.0,26324969.0,26348375.0,26372657.0,26396495.0,26419188.0,26440754.0,26462022.0,26484231.0,26507798.0,26531614.0,26554950.0,26576991.0,26598363.0,26619817.0,26643205.0,26668352.0,26692709.0,26717085.0,26740452.0,26762793.0,26784426.0,26808489.0,26832797.0,26854420.0,26872911.0,26894977.0,26915872.0,26937283.0,26961069.0,26984847.0,27007309.0,27025600.0,27048402.0,27069864.0,27091613.0,27115101.0,27138467.0,27162186.0,27187057.0,27211383.0,27235395.0,27259023.0,27283374.0,27307192.0,27332032.0,27358528.0,27382838.0,27406595.0,27429479.0,27452436.0,27474912.0,27497097.0,27518718.0,27539776.0,27560258.0,27580518.0,27601273.0,27622781.0,27645054.0,27666724.0,27688766.0,27709301.0,27730327.0,27751815.0,27773831.0,27795835.0,27818049.0,27840149.0,27863848.0,27886783.0,27910734.0,27935150.0,27959133.0,27983180.0,28006215.0,28027618.0,28048841.0,28069903.0,28090987.0,28112565.0,28133975.0,28154894.0,28175460.0,,28215769.0,28235867.0,28257255.0,28279128.0,28299967.0,28319953.0,28339935.0,28359832.0,28380201.0,28401048.0,28421942.0,28442624.0,28463313.0,28483901.0,28504472.0,28524697.0,28545288.0,28567011.0,28588565.0,28609484.0,28630905.0,28652267.0,28673389.0,28694797.0,28715606.0,28735782.0,28756915.0,28777581.0,28798028.0,28818699.0,28839358.0,28859799.0,28879949.0,28898720.0,28917877.0,28937875.0,28958345.0,28978939.0,28999494.0,29019613.0,29040193.0,29061942.0,29085336.0,29108923.0,29133476.0,29157203.0,29180964.0,29205292.0,29230530.0,29254305.0,29278735.0,29302849.0,29326559.0,29349641.0,29373214.0,29396838.0,29419919.0,29443648.0,29467475.0,29491760.0,29515500.0,29541104.0,29566741.0,29592468.0,29618204.0,29643909.0,29668805.0,29693504.0,29717161.0,29739707.0,29763600.0,29787083.0,29810656.0,29834518.0,29857857.0,29881167.0,29904721.0,29929172.0,29954239.0,29979735.0,30005255.0,30029951.0,30053705.0,30077749.0,30101129.0,30124915.0,30148679.0,30172155.0,30196610.0,30221596.0,30245989.0,30269804.0,30294454.0,30318541.0,30341872.0,30365975.0,30388353.0,30410921.0,30433676.0,30456014.0,30478097.0,30500771.0,30522815.0,30545481.0,30570035.0,30593976.0,30617525.0,30641178.0,30663506.0,30685928.0,30707192.0,30728262.0,30749965.0,30772278
hV8PSY7s7VQ,30657804.0,30674747.0,30694207.0,30715677.0,30736715.0,30757335.0,30789113.0,30814306.0,30838470.0,30863273.0,30888193.0,30910155.0,30933771.0,30954572.0,30976097.0,30996517.0,31017995.0,31038732.0,31057717.0,31076475.0,31095695.0,31116579.0,31135817.0,31153702.0,31172629.0,31190930.0,31208574.0,31226841.0,31246935.0,31264383.0,31282260.0,31301253.0,31319148.0,31337837.0,31355877.0,31374682.0,31394981.0,31414773.0,31434793.0,31452405.0,31470884.0,31489824.0,31508782.0,31529081.0,31550193.0,31570098.0,31588433.0,31608849.0,31628128.0,31647031.0,31666369.0,31688101.0,31708568.0,31727329.0,31746875.0,31766419.0,31785651.0,31804887.0,31825272.0,31845238.0,31863833.0,31883027.0,31902490.0,31920592.0,31939675.0,31958435.0,31978424.0,31996375.0,32013387.0,32034401.0,32052639.0,32069150.0,32086900.0,32105846.0,32123380.0,32140822.0,32159066.0,32176103.0,32197273.0,32221207.0,32243609.0,32265431.0,32287261.0,32311063.0,32334889.0,32358088.0,32381137.0,32405133.0,32428751.0,32449473.0,32470580.0,32489410.0,32509708.0,32533441.0,32557202.0,32578294.0,32598496.0,32618696.0,32638693.0,32658413.0,32678915.0,32700567.0,32720710.0,32738641.0,32757600.0,32776944.0,32796686.0,32817045.0,32838693.0,32858664.0,32876803.0,32895022.0,32912615.0,32930887.0,32951889.0,32973589.0,32992136.0,33009925.0,33028610.0,33047314.0,33067140.0,33086900.0,33107205.0,33127314.0,33148196.0,33168304.0,33187824.0,33209109.0,33231647.0,33254028.0,33273625.0,33292705.0,33311769.0,33331401.0,,,,,,,,,33520313.0,33544053.0,33565753.0,33585262.0,33604839.0,33623369.0,33641220.0,33659776.0,33681784.0,33702119.0,33721612.0,33739857.0,33758620.0,33777861.0,33799377.0,33822332.0,33843916.0,33865575.0,33887079.0,33907176.0,33926588.0,33947129.0,33973274.0,33993476.0,34013562.0,34033671.0,34054249.0,34079252.0,34106142.0,34132543.0,34156036.0,34179258.0,34200229.0,34220948.0,34243784.0,34265180.0,34285902.0,34304947.0,34324823.0,34344333.0,34364372.0,34384116.0,34404853.0,34426005.0,34445168.0,34464361.0,34483926.0,34502999.0,34521872.0,34542608.0,34562278.0,34580350.0,34598342.0,34616818.0,34635697.0,34655182.0,34675536.0,34696170.0,34715547.0,34738778.0,34763194.0,34786194.0,34803273.0,34824162.0,34845739.0,34866537.0,34889656.0,34913839.0,34937708.0,34954391.0,34975072.0,34995578.0,35015261.0,35036726.0,35057384.0,35077523.0,35098055.0,35119573.0,35142229.0,35162006.0,35181832.0,35202128.0,35222796.0,35244999.0,35267312.0,35289655.0,35308742.0,35329457.0,35349003.0,35368660.0,35388845.0,35410782.0,35432613.0,35452381.0,35473125.0,35494411.0,35516575.0,35538335.0,35561940.0,35586192.0,35607792.0,35629423.0,35650879.0,35673011.0,35695569.0,35720623.0,35746023.0,35772763.0,35799278.0,35827721.0,35854816.0,35881740.0,35909240.0,35937285.0,35962887.0,35986992.0,36009378.0,36031297.0,36053344.0,36076862.0,36101555.0,,36145056.0,36165910.0,36187809.0,36208694.0,36231765.0,36254324.0,36276460.0,36296990.0,36317545.0,36337661.0,36358182.0,36380462.0,36404063.0,36425220.0,36443665.0,36462650.0,36482603.0,36502877.0,36526061.0,36550431.0,36571378.0,36591853.0,36611889.0,36633220.0,36657347.0,36679605.0,36703736.0,36725692.0,36748444.0,36771836.0,36793975.0,36814974.0,36839217.0,36862698.0,36883848.0,36905393.0,36928794.0,36951585.0,36973629.0,36993928.0,37015382.0,37034872.0,37055191.0,37075246.0,37095001.0,37114619.0,37135013.0,37155492.0,37173537.0,37190096.0,37206985.0,37225544.0,37244391.0,37264130.0,37285748.0,37304855.0,37323031.0,37340781.0,37358441.0,37376165.0,37394901.0,37415213.0,37432931.0,37449764.0,37466937.0,37484141.0,37501301.0,37521124.0,37540744.0,37558512.0,37576134.0,37592697.0,37609686.0,37628478.0,37651215.0,37675436.0,37695935.0,37714967.0,37733544.0,37751728.0,37770362.0,37789631.0,37808992.0,37826510.0,37842467.0,37858844.0,37875369.0,37891751.0,37910121.0,37929674.0,37946611.0,37963333.0,37980088.0,37996700.0,38012811.0,38032349.0,38051046.0,38068543.0,38085727.0,38102807.0,38120039.0,38137659.0,38155650.0,38175108.0,38192484.0,38209344.0,38225831.0,38242466.0,38259440.0,38276067.0,38293492.0,38309101.0,38324719.0,38340151
M0c04xfBtyc,62182181.0,62226168.0,62274334.0,62328368.0,62382371.0,62435813.0,62513439.0,62585776.0,62657816.0,62726026.0,62793220.0,62855318.0,62917329.0,62971992.0,63032486.0,63089726.0,63147563.0,63205435.0,63259183.0,63312333.0,63365170.0,63417942.0,63468237.0,63520646.0,63574181.0,63625802.0,63677727.0,63726990.0,63776288.0,63822581.0,63869533.0,63913777.0,63957261.0,64005898.0,64054397.0,64100521.0,64146449.0,64194930.0,64239155.0,64285050.0,64334834.0,64386342.0,64439217.0,64492098.0,64544657.0,64596059.0,64646185.0,64700331.0,64752273.0,64803571.0,64855829.0,64911883.0,64965461.0,65015569.0,65068505.0,65122839.0,65177138.0,65228093.0,65279642.0,65333933.0,65385181.0,65435834.0,65486429.0,65540045.0,65598626.0,65652803.0,65704483.0,65752643.0,65798186.0,65855594.0,65907168.0,65957031.0,66008367.0,66063156.0,66112992.0,66160947.0,66212112.0,66263544.0,66322280.0,66379350.0,66433074.0,66481399.0,66528292.0,66584908.0,66643516.0,66701314.0,66759781.0,66819898.0,66876542.0,66928584.0,66983337.0,67037440.0,67093981.0,67156643.0,67222093.0,67282042.0,67337734.0,67394780.0,67453182.0,67512333.0,67574202.0,67642673.0,67704954.0,67762802.0,67821938.0,67882191.0,67940356.0,68002593.0,68067000.0,68128844.0,68187151.0,68244933.0,68299252.0,68355947.0,68418745.0,68481762.0,68537820.0,68591289.0,68646287.0,68700215.0,68756207.0,68814223.0,68874050.0,68927582.0,68980951.0,69033429.0,69087458.0,69144991.0,69207103.0,69269925.0,69326044.0,69381831.0,69437801.0,69490296.0,,,,,,,,,69991888.0,70056136.0,70114604.0,70171614.0,70226923.0,70279747.0,70330539.0,70381823.0,70438068.0,70487582.0,70536262.0,70581301.0,70626711.0,70672077.0,70721723.0,70773055.0,70818454.0,70863437.0,70908791.0,70954938.0,71001757.0,71057188.0,71110636.0,71156512.0,71203936.0,71250069.0,71295158.0,71345883.0,71400302.0,71456385.0,71504339.0,71550391.0,71595747.0,71641395.0,71690210.0,71741407.0,71790174.0,71835861.0,71880536.0,71925120.0,71969996.0,72013665.0,72060660.0,72109864.0,72154466.0,72199221.0,72244792.0,72290561.0,72335604.0,72385213.0,72432544.0,72475481.0,72519030.0,72565000.0,72610531.0,72657753.0,72707109.0,72755083.0,72799964.0,72850041.0,72902690.0,72952219.0,72990948.0,73038085.0,73084603.0,73130501.0,73181341.0,73232911.0,73284329.0,73323546.0,73370859.0,73418107.0,73463928.0,73516371.0,73564571.0,73613153.0,73662481.0,73712662.0,73763492.0,73809368.0,73855702.0,73903694.0,73955801.0,74009429.0,74065017.0,74121017.0,74171027.0,74223886.0,74274138.0,74325074.0,74375777.0,74432695.0,74489097.0,74540205.0,74592255.0,74645366.0,74700713.0,74755864.0,74813417.0,74870808.0,74922785.0,74974232.0,75026543.0,75079821.0,75135390.0,75196421.0,75263761.0,75329244.0,75394461.0,75458801.0,75522922.0,75588491.0,75657440.0,75728535.0,75792925.0,75857689.0,75920597.0,75982702.0,76044718.0,76109996.0,76177288.0,,76301629.0,76362362.0,76423859.0,76482462.0,76546668.0,76609715.0,76669143.0,76726919.0,76786452.0,76843892.0,76902969.0,76966769.0,77034648.0,77095399.0,77151807.0,77209382.0,77266902.0,77324627.0,77387776.0,77451942.0,77510678.0,77567933.0,77623027.0,77678913.0,77736656.0,77797268.0,77861405.0,77920251.0,77975490.0,78029582.0,78082407.0,78135977.0,78193977.0,78249674.0,78302668.0,78354353.0,78409339.0,78467139.0,78521251.0,78572149.0,78626690.0,78677136.0,78730785.0,78780172.0,78830423.0,78879900.0,78930869.0,78984907.0,79034439.0,79079924.0,79124625.0,79170937.0,79217354.0,79268077.0,79322873.0,79371826.0,79418307.0,79465063.0,79511073.0,79559862.0,79612339.0,79668220.0,79716417.0,79761548.0,79807822.0,79852499.0,79901188.0,79952201.0,80002338.0,80049455.0,80094048.0,80138535.0,80183770.0,80231811.0,80284661.0,80340783.0,80389592.0,80437379.0,80486887.0,80535865.0,80585754.0,80637994.0,80691256.0,80739815.0,80786062.0,80833021.0,80881023.0,80929878.0,80983637.0,81040820.0,81090391.0,81138246.0,81187104.0,81236021.0,81284671.0,81340101.0,81394666.0,81447023.0,81495971.0,81543689.0,81591787.0,81641438.0,81690848.0,81743068.0,81791478.0,81840522.0,81889794.0,81939875.0,81989377.0,82037981.0,82088054.0,82132808.0,82178265.0,82224087
IgBYRMkk6nc,1094254.0,1094446.0,1094634.0,1094876.0,1095064.0,1095286.0,1095478.0,1095659.0,1095827.0,1096033.0,1096216.0,1096380.0,1096536.0,1096700.0,1096875.0,1097026.0,1097210.0,1097396.0,1097557.0,1097708.0,1097896.0,1098097.0,1098297.0,1098480.0,1098674.0,1098837.0,1098987.0,1099162.0,1099319.0,1099439.0,1099627.0,1099816.0,1099984.0,1100182.0,1100381.0,1100545.0,1100720.0,1100867.0,1101017.0,1101142.0,1101320.0,1101490.0,1101684.0,1101842.0,1101998.0,1102157.0,1102317.0,1102484.0,1102641.0,1102813.0,1102949.0,1103107.0,1103274.0,1103427.0,1103583.0,1103732.0,1103892.0,1104041.0,1104189.0,1104363.0,1104570.0,1104728.0,1104911.0,1105069.0,1105245.0,1105388.0,1105567.0,1105724.0,1105892.0,1106049.0,1106198.0,1106376.0,1106546.0,1106761.0,1106946.0,1107074.0,1107230.0,1107373.0,1107601.0,1107802.0,1108105.0,1108336.0,1108512.0,1108656.0,1108837.0,1109016.0,1109182.0,1109378.0,1109564.0,1109715.0,1109857.0,1110040.0,1110193.0,1110369.0,1110530.0,1110665.0,1110799.0,1110959.0,1111091.0,1111291.0,1111457.0,1111637.0,1111803.0,1111956.0,1112103.0,1112268.0,1112457.0,1112659.0,1112849.0,1113038.0,1113195.0,1113336.0,1113514.0,1113666.0,1113838.0,1113989.0,1114178.0,1114356.0,1114488.0,1114667.0,1114860.0,1115035.0,1115206.0,1115393.0,1115542.0,1115672.0,1115863.0,1116049.0,1116218.0,1116363.0,1116524.0,1116676.0,1116825.0,1116982.0,,,,,,,,,1118363.0,1118515.0,1118655.0,1118833.0,1118991.0,1119180.0,1119332.0,1119461.0,1119634.0,1119788.0,1119963.0,1120150.0,1120373.0,1120578.0,1120881.0,1121103.0,1121296.0,1121461.0,1121634.0,1121798.0,1122049.0,1122264.0,1122455.0,1122645.0,1122802.0,1122980.0,1123141.0,1123335.0,1123505.0,1123666.0,1123795.0,1123932.0,1124062.0,1124204.0,1124319.0,1124457.0,1124602.0,1124723.0,1124824.0,1124965.0,1125073.0,1125225.0,1125363.0,1125481.0,1125613.0,1125741.0,1125881.0,1126018.0,1126147.0,1126257.0,1126362.0,1126500.0,1126621.0,1126742.0,1126864.0,1126971.0,1127090.0,1127213.0,1127368.0,1127496.0,1127640.0,1127758.0,1127859.0,1127993.0,1128104.0,1128235.0,1128351.0,1128485.0,1128588.0,1128711.0,1128827.0,1128944.0,1129076.0,1129239.0,1129358.0,1129484.0,1129616.0,1129752.0,1129865.0,1130017.0,1130188.0,1130336.0,1130487.0,1130594.0,1130732.0,1130867.0,1131000.0,1131166.0,1131324.0,1131436.0,1131580.0,1131723.0,1131860.0,1131971.0,1132093.0,1132227.0,1132370.0,1132518.0,1132656.0,1132788.0,1132914.0,1133061.0,1133166.0,1133284.0,1133382.0,1133514.0,1133615.0,1133755.0,1133865.0,1134016.0,1134156.0,1134362.0,1134486.0,1134642.0,1134771.0,1134892.0,1135045.0,1135180.0,1135314.0,1135442.0,1135566.0,,1135821.0,1135939.0,1136049.0,1136174.0,1136283.0,1136418.0,1136522.0,1136629.0,1136731.0,1136844.0,1136940.0,1137074.0,1137205.0,1137341.0,1137431.0,1137539.0,1137689.0,1137803.0,1137967.0,1138075.0,1138203.0,1138327.0,1138451.0,1138596.0,1138749.0,1138896.0,1139056.0,1139221.0,1139380.0,1139554.0,1139720.0,1139879.0,1140020.0,1140203.0,1140353.0,1140500.0,1140663.0,1140794.0,1140932.0,1141050.0,1141195.0,1141322.0,1141458.0,1141617.0,1141786.0,1141946.0,1142107.0,1142256.0,1142424.0,1142591.0,1142767.0,1142935.0,1143098.0,1143228.0,1143366.0,1143510.0,1143670.0,1143816.0,1143949.0,1144076.0,1144218.0,1144340.0,1144485.0,1144618.0,1144725.0,1144837.0,1144940.0,1145060.0,1145183.0,1145285.0,1145377.0,1145468.0,1145592.0,1145713.0,1145848.0,1145971.0,1146072.0,1146206.0,1146319.0,1146430.0,1146570.0,1146707.0,1146833.0,1146958.0,1147074.0,1147208.0,1147345.0,1147502.0,1147629.0,1147740.0,1147881.0,1147988.0,1148102.0,1148250.0,1148363.0,1148546.0,1148671.0,1148789.0,1148929.0,1149051.0,1149193.0,1149339.0,1149491.0,1149629.0,1149758.0,1149886.0,1150011.0,1150156.0,1150301.0,1150438.0,1150581.0,1150738.0,1150889.0,1151005
JqwPCzJnYyY,95218349.0,95334179.0,95469889.0,95613309.0,95741974.0,95860391.0,95983542.0,96108805.0,96234072.0,96363925.0,96496081.0,96614645.0,96732130.0,96843801.0,96966032.0,97093294.0,97228442.0,97361041.0,97479156.0,97597970.0,97720247.0,97845688.0,97966476.0,98094793.0,98222203.0,98344698.0,98467431.0,98590845.0,98716117.0,98843877.0,98974889.0,99108062.0,99237835.0,99372072.0,99507674.0,99637720.0,99771117.0,99911494.0,100067649.0,100213679.0,100359469.0,100497601.0,100633847.0,100777678.0,100927650.0,101081128.0,101230948.0,101389433.0,101548724.0,101704926.0,101861098.0,102021020.0,102176810.0,102328414.0,102490912.0,102658648.0,102823006.0,102977646.0,103133121.0,103292443.0,103435844.0,103590084.0,103744904.0,103900956.0,104071062.0,104238266.0,104399447.0,104551492.0,104688435.0,104855818.0,105014396.0,105181721.0,105356001.0,105526193.0,105685551.0,105844406.0,106003927.0,106171675.0,106345405.0,106516905.0,106692795.0,106855658.0,107011886.0,107169120.0,107326939.0,107484223.0,107644024.0,107802582.0,107951982.0,108085345.0,108214935.0,108343393.0,108487488.0,108647998.0,108812398.0,108951997.0,109075644.0,109198917.0,109324229.0,109460882.0,109613361.0,109777026.0,109915214.0,110038033.0,110162556.0,110291089.0,110422203.0,110569113.0,110724018.0,110860700.0,110984717.0,111111250.0,111238686.0,111366661.0,111520261.0,111676915.0,111805522.0,111922814.0,112041557.0,112161843.0,112288847.0,112431144.0,112580094.0,112710114.0,112833303.0,112960262.0,113090613.0,113221070.0,113370537.0,113522791.0,113651241.0,113768274.0,113886411.0,114005031.0,,,,,,,,,115208743.0,115364976.0,115498321.0,115619556.0,115741921.0,115867661.0,115996844.0,116132125.0,116276217.0,116391455.0,116505687.0,116622571.0,116748099.0,116873538.0,117010479.0,117157937.0,117286045.0,117407663.0,117526440.0,117636984.0,117751551.0,117890720.0,118029654.0,118144362.0,118257248.0,118375242.0,118496437.0,118636778.0,118791756.0,118939861.0,119062799.0,119180248.0,119298724.0,119415788.0,119536146.0,119674343.0,119810581.0,119919978.0,120030866.0,120143788.0,120256138.0,120371285.0,120502767.0,120636327.0,120751995.0,120863628.0,120978166.0,121092628.0,121208583.0,121343125.0,121477925.0,121591986.0,121706734.0,121823657.0,121939849.0,122059850.0,122189703.0,122316997.0,122430419.0,122559351.0,122689886.0,122827389.0,122931556.0,123052689.0,123170579.0,123287034.0,123411008.0,123535797.0,123670116.0,123765195.0,123879511.0,123990647.0,124097054.0,124213971.0,124333170.0,124452996.0,124573898.0,124700862.0,124825083.0,124931929.0,125042292.0,125151192.0,125266421.0,125385473.0,125514458.0,125646212.0,125755017.0,125870665.0,125985550.0,126098732.0,126212583.0,126339172.0,126464002.0,126571011.0,126680288.0,126790146.0,126899729.0,127011162.0,127139269.0,127266469.0,127377913.0,127491573.0,127609380.0,127729926.0,127850451.0,127983831.0,128129875.0,128256637.0,128378504.0,128509783.0,128639222.0,128772093.0,128921040.0,129072410.0,129203012.0,129330532.0,129451012.0,129574082.0,129701862.0,129838049.0,129976935.0,,130214822.0,130328344.0,130446158.0,130562573.0,130695014.0,130827477.0,130941981.0,131049260.0,131157431.0,131265293.0,131377620.0,131505982.0,131641545.0,131754385.0,131859089.0,131965293.0,132076003.0,132187962.0,132314419.0,132447845.0,132563099.0,132670245.0,132777985.0,132891228.0,133010529.0,133136426.0,133269911.0,133384600.0,133493367.0,133601962.0,133710520.0,133822755.0,133951600.0,134077100.0,134187047.0,134294054.0,134405784.0,134524818.0,134645084.0,134760774.0,134874601.0,134978961.0,135086661.0,135192686.0,135298755.0,135406114.0,135522817.0,135646050.0,135754520.0,135852970.0,135956847.0,136063043.0,136169430.0,136286672.0,136409735.0,136515888.0,136617080.0,136719065.0,136818696.0,136921091.0,137032308.0,137154549.0,137256334.0,137351322.0,137448883.0,137549233.0,137660218.0,137780577.0,137892633.0,137991077.0,138087674.0,138186678.0,138286061.0,138390368.0,138514606.0,138638262.0,138740932.0,138837857.0,138938459.0,139043719.0,139149920.0,139266337.0,139385409.0,139483261.0,139576148.0,139669148.0,139764301.0,139861566.0,139974353.0,140094777.0,140200305.0,140301739.0,140404809.0,140505743.0,140606669.0,140727013.0,140843000.0,140947571.0,141043173.0,141138700.0,141235626.0,141336520.0,141447680.0,141559418.0,141658814.0,141753245.0,141850301.0,141952210.0,142052882.0,142160837.0,142273139.0,142372712.0,142468093.0,142561886
TA0hL4-COpU,188666.0,188751.0,188831.0,188921.0,189005.0,189092.0,189206.0,189311.0,189398.0,189485.0,189560.0,189632.0,189719.0,189806.0,189881.0,189953.0,190031.0,190102.0,190181.0,190242.0,190305.0,190371.0,190439.0,190486.0,190562.0,190615.0,190680.0,190755.0,190831.0,190914.0,190987.0,191054.0,191123.0,191190.0,191264.0,191367.0,191514.0,191639.0,191765.0,191902.0,192007.0,192129.0,192325.0,192497.0,192633.0,192752.0,192865.0,193012.0,193135.0,193246.0,193360.0,193466.0,193540.0,193675.0,193808.0,193944.0,194041.0,194171.0,194270.0,194351.0,194433.0,194555.0,194674.0,194778.0,194937.0,195038.0,195129.0,195247.0,195347.0,195481.0,195580.0,195714.0,195847.0,195948.0,196038.0,196121.0,196229.0,196312.0,196421.0,196512.0,196595.0,196676.0,196771.0,196890.0,196989.0,197084.0,197184.0,197266.0,197381.0,197477.0,197554.0,197632.0,197725.0,197827.0,197943.0,198028.0,198184.0,198306.0,198404.0,198526.0,198618.0,198710.0,198831.0,198966.0,199071.0,199218.0,199391.0,199557.0,199788.0,199974.0,200105.0,200215.0,200342.0,200995.0,202168.0,202860.0,202992.0,203103.0,203213.0,203997.0,204714.0,204865.0,204941.0,205069.0,205189.0,205301.0,205478.0,205667.0,205807.0,205935.0,206005.0,206097.0,206193.0,206271.0,,,,,,,,,208166.0,208228.0,208328.0,208415.0,208499.0,208573.0,208636.0,208705.0,208758.0,208827.0,208879.0,208942.0,209018.0,209071.0,209164.0,209225.0,209285.0,209347.0,209417.0,209471.0,209537.0,209624.0,209710.0,209800.0,209870.0,209942.0,210026.0,210131.0,210220.0,210272.0,210352.0,210413.0,210494.0,210594.0,210680.0,210738.0,210793.0,210859.0,210929.0,210998.0,211075.0,211129.0,211175.0,211225.0,211287.0,211368.0,211441.0,211510.0,211573.0,211637.0,211701.0,211765.0,211840.0,211925.0,211997.0,212062.0,212146.0,212209.0,212279.0,212358.0,212413.0,212479.0,212539.0,212586.0,212653.0,212740.0,212807.0,212963.0,213007.0,213076.0,213122.0,213191.0,213256.0,213336.0,213414.0,213485.0,213592.0,213656.0,213745.0,213822.0,213892.0,213969.0,214057.0,214155.0,214228.0,214284.0,214347.0,214414.0,214462.0,214520.0,214571.0,214615.0,214656.0,214704.0,214747.0,214807.0,214868.0,214924.0,214992.0,215026.0,215090.0,215130.0,215177.0,215223.0,215288.0,215325.0,215370.0,215414.0,215467.0,215520.0,215580.0,215635.0,215705.0,215756.0,215820.0,215859.0,215908.0,215940.0,215985.0,216019.0,216048.0,,216142.0,216199.0,216276.0,216346.0,216411.0,216449.0,216496.0,216554.0,216622.0,216672.0,216730.0,216768.0,216820.0,216873.0,216955.0,217029.0,217105.0,217176.0,217286.0,217364.0,217423.0,217516.0,217588.0,217673.0,217739.0,217825.0,217884.0,217951.0,218028.0,218104.0,218204.0,218276.0,218355.0,218408.0,218484.0,218543.0,218624.0,218716.0,218786.0,218851.0,218919.0,219008.0,219114.0,219201.0,219315.0,219417.0,219597.0,219745.0,219924.0,220077.0,220219.0,220337.0,220454.0,220586.0,220720.0,220865.0,221016.0,221166.0,221358.0,221508.0,221658.0,221811.0,221986.0,222207.0,222453.0,222686.0,222865.0,223022.0,223134.0,223257.0,223443.0,223590.0,223764.0,223899.0,224085.0,224281.0,224497.0,224666.0,224841.0,225002.0,225113.0,225252.0,225360.0,225473.0,225591.0,225702.0,225800.0,225891.0,225967.0,226046.0,226167.0,226282.0,226400.0,226556.0,226668.0,226766.0,226873.0,226961.0,227051.0,227134.0,227228.0,227324.0,227395.0,227470.0,227553.0,227653.0,227743.0,227814.0,227886.0,227947.0,228014.0,228085.0,228153.0,228215
2DAJMPGNGfM,91263.0,91537.0,91839.0,92048.0,92281.0,92524.0,92860.0,93106.0,93347.0,93531.0,93723.0,93912.0,94076.0,94274.0,94469.0,94681.0,94869.0,95019.0,95217.0,95424.0,95652.0,95826.0,96075.0,96239.0,96431.0,96646.0,96818.0,97001.0,97202.0,97420.0,97646.0,97805.0,97950.0,98124.0,98358.0,98535.0,98687.0,98846.0,98999.0,99123.0,99260.0,99481.0,99629.0,99792.0,99941.0,100047.0,100156.0,100278.0,100430.0,100542.0,100691.0,100815.0,100904.0,101007.0,101122.0,101224.0,101328.0,101430.0,101538.0,101640.0,101751.0,101844.0,101985.0,102099.0,102195.0,102326.0,102434.0,102545.0,102642.0,102777.0,102887.0,103034.0,103148.0,103235.0,103364.0,103457.0,103554.0,103666.0,103834.0,103927.0,104022.0,104169.0,104312.0,104427.0,104541.0,104658.0,104767.0,104858.0,104978.0,105072.0,105176.0,105305.0,105422.0,105556.0,105699.0,105819.0,106007.0,106127.0,106270.0,106413.0,106511.0,106632.0,106750.0,106887.0,107042.0,107169.0,107336.0,107482.0,107714.0,107953.0,108091.0,108224.0,108390.0,108509.0,108637.0,108756.0,108873.0,108982.0,109071.0,109202.0,109307.0,109438.0,109555.0,109672.0,109804.0,109914.0,110052.0,110223.0,110373.0,110516.0,110625.0,110755.0,110893.0,111149.0,,,,,,,,,112799.0,112937.0,113081.0,113220.0,113392.0,113584.0,113720.0,113841.0,113993.0,114101.0,114201.0,114335.0,114451.0,114620.0,114785.0,114920.0,115083.0,115212.0,115350.0,115459.0,115569.0,115663.0,115738.0,115844.0,115929.0,116010.0,116135.0,116234.0,116314.0,116409.0,116505.0,116600.0,116714.0,116821.0,116931.0,117035.0,117147.0,117245.0,117372.0,117472.0,117576.0,117735.0,117832.0,117968.0,118065.0,118182.0,118308.0,118415.0,118534.0,118650.0,118732.0,118823.0,118951.0,119080.0,119161.0,119268.0,119369.0,119439.0,119519.0,119613.0,119718.0,119794.0,119893.0,120006.0,120125.0,120212.0,120331.0,120441.0,120528.0,120639.0,120722.0,120798.0,120914.0,121001.0,121114.0,121208.0,121334.0,121421.0,121512.0,121582.0,121665.0,121756.0,121864.0,121963.0,122071.0,122170.0,122266.0,122348.0,122414.0,122488.0,122561.0,122620.0,122681.0,122730.0,122793.0,122842.0,122908.0,122968.0,123023.0,123062.0,123110.0,123170.0,123230.0,123289.0,123331.0,123386.0,123424.0,123460.0,123517.0,123554.0,123590.0,123652.0,123702.0,123751.0,123803.0,123847.0,123878.0,123912.0,123954.0,124005.0,124041.0,,124132.0,124170.0,124215.0,124256.0,124302.0,124336.0,124358.0,124401.0,124431.0,124475.0,124532.0,124570.0,124607.0,124663.0,124709.0,124739.0,124781.0,124822.0,124875.0,124907.0,124940.0,124983.0,125026.0,125060.0,125098.0,125129.0,125169.0,125208.0,125271.0,125301.0,125351.0,125401.0,125467.0,125511.0,125550.0,125590.0,125649.0,125705.0,125735.0,125786.0,125814.0,125864.0,125911.0,125958.0,126018.0,126062.0,126117.0,126172.0,126232.0,126297.0,126356.0,126425.0,126513.0,126560.0,126589.0,126624.0,126668.0,126710.0,126759.0,126806.0,126854.0,126896.0,126934.0,126976.0,127023.0,127084.0,127207.0,127267.0,127310.0,127386.0,127459.0,127520.0,127635.0,127730.0,127820.0,127901.0,128002.0,128104.0,128226.0,128334.0,128422.0,128483.0,128542.0,128592.0,128638.0,128693.0,128741.0,128784.0,128822.0,128847.0,128882.0,128916.0,128981.0,129029.0,129097.0,129150.0,129191.0,129232.0,129272.0,129310.0,129350.0,129390.0,129436.0,129468.0,129498.0,129546.0,129620.0,129692.0,129731.0,129766.0,129801.0,129833.0,129880.0,129940
-uz1MkI6YW0,1937388.0,1937898.0,1938578.0,1939223.0,1939975.0,1940601.0,1941248.0,1941979.0,1942804.0,1943733.0,1944781.0,1945656.0,1946715.0,1947605.0,1948612.0,1949585.0,1950549.0,1951470.0,1952616.0,1953944.0,1955113.0,1956150.0,1957552.0,1958849.0,1959861.0,1960559.0,1961264.0,1961912.0,1962642.0,1963434.0,1964330.0,1965109.0,1965766.0,1966391.0,1967210.0,1967955.0,1968905.0,1969571.0,1970333.0,1970999.0,1971641.0,1972275.0,1972933.0,1973579.0,1974342.0,1975057.0,1975718.0,1976292.0,1976911.0,1977518.0,1978112.0,1978845.0,1979402.0,1979855.0,1980362.0,1980909.0,1981494.0,1982122.0,1982880.0,1983589.0,1984274.0,1985095.0,1985861.0,1986411.0,1987079.0,1987625.0,1988142.0,1988678.0,1989207.0,1989874.0,1990485.0,1991113.0,1991732.0,1992285.0,1992833.0,1993360.0,1993968.0,1994506.0,1995220.0,1995833.0,1996417.0,1997035.0,1997657.0,1998501.0,1999271.0,2000197.0,2001105.0,2002017.0,2002954.0,2003791.0,2004621.0,2005362.0,2006425.0,2007616.0,2008835.0,2009832.0,2010584.0,2011219.0,2011799.0,2012336.0,2012905.0,2013601.0,2014214.0,2014723.0,2015161.0,2015598.0,2015985.0,2016459.0,2016912.0,2017301.0,2017680.0,2018242.0,2018780.0,2019407.0,2020119.0,2020937.0,2021611.0,2022229.0,2022758.0,2023290.0,2023902.0,2024545.0,2025284.0,2025853.0,2026387.0,2026892.0,2027390.0,2027942.0,2028493.0,2029089.0,2029616.0,2030030.0,2030439.0,2030906.0,,,,,,,,,2034622.0,2035037.0,2035445.0,2035804.0,2036132.0,2036471.0,2036759.0,2037147.0,2037557.0,2037847.0,2038158.0,2038463.0,2038825.0,2039192.0,2039526.0,2039896.0,2040246.0,2040562.0,2040937.0,2041445.0,2041873.0,2042294.0,2042745.0,2043118.0,2043469.0,2043933.0,2044349.0,2044723.0,2045162.0,2045529.0,2045889.0,2046299.0,2046700.0,2047063.0,2047410.0,2047780.0,2048304.0,2048772.0,2049179.0,2049601.0,2050066.0,2050428.0,2050847.0,2051216.0,2051633.0,2052031.0,2052504.0,2052911.0,2053322.0,2053847.0,2054370.0,2054847.0,2055272.0,2055691.0,2056149.0,2056648.0,2057136.0,2057591.0,2057936.0,2058303.0,2058628.0,2058947.0,2059268.0,2059594.0,2059991.0,2060386.0,2060779.0,2061149.0,2061479.0,2061803.0,2062247.0,2062611.0,2062989.0,2063322.0,2063676.0,2064063.0,2064441.0,2064864.0,2065263.0,2065592.0,2065919.0,2066235.0,2066650.0,2066984.0,2067351.0,2067721.0,2068109.0,2068461.0,2068766.0,2069180.0,2069602.0,2070107.0,2070695.0,2071109.0,2071486.0,2071929.0,2072381.0,2072824.0,2073350.0,2073855.0,2074274.0,2074726.0,2075136.0,2075546.0,2075999.0,2076447.0,2076923.0,2077391.0,2077889.0,2078211.0,2078638.0,2079031.0,2079412.0,2079774.0,2080205.0,2080574.0,2080912.0,2081263.0,2081667.0,2082050.0,2082399.0,,2083074.0,2083396.0,2083671.0,2083932.0,2084277.0,2084567.0,2084829.0,2085112.0,2085393.0,2085642.0,2085891.0,2086193.0,2086494.0,2086745.0,2086965.0,2087212.0,2087440.0,2087681.0,2088012.0,2088302.0,2088567.0,2088807.0,2089005.0,2089208.0,2089414.0,2089640.0,2089855.0,2090065.0,2090264.0,2090458.0,2090683.0,2090911.0,2091141.0,2091401.0,2091666.0,2091912.0,2092187.0,2092450.0,2092755.0,2093040.0,2093284.0,2093559.0,2093767.0,2094023.0,2094251.0,2094525.0,2094768.0,2095009.0,2095243.0,2095510.0,2095744.0,2096059.0,2096291.0,2096531.0,2096770.0,2097022.0,2097351.0,2097622.0,2097876.0,2098183.0,2098443.0,2098718.0,2098907.0,2099159.0,2099460.0,2099710.0,2099939.0,2100209.0,2100438.0,2100653.0,2100880.0,2101066.0,2101259.0,2101461.0,2101663.0,2101865.0,2102091.0,2102286.0,2102483.0,2102685.0,2102826.0,2103039.0,2103256.0,2103443.0,2103668.0,2103854.0,2104073.0,2104261.0,2104488.0,2104712.0,2104909.0,2105066.0,2105290.0,2105490.0,2105707.0,2105922.0,2106128.0,2106318.0,2106554.0,2106757.0,2106976.0,2107169.0,2107368.0,2107553.0,2107747.0,2107961.0,2108221.0,2108405.0,2108576.0,2108758.0,2108967.0,2109200.0,2109358.0,2109545
VZB3uoC0XNE,780271.0,780353.0,780471.0,780563.0,780664.0,780778.0,780907.0,781012.0,781164.0,781306.0,781426.0,781516.0,781629.0,781779.0,781943.0,782055.0,782178.0,782291.0,782405.0,782583.0,782723.0,782884.0,783036.0,783172.0,783333.0,783435.0,783548.0,783653.0,783741.0,783878.0,783984.0,784105.0,784230.0,784331.0,784431.0,784530.0,784626.0,784736.0,784833.0,784949.0,785040.0,785121.0,785229.0,785321.0,785437.0,785528.0,785622.0,785731.0,785830.0,785932.0,786020.0,786118.0,786202.0,786280.0,786387.0,786495.0,786590.0,786678.0,786793.0,786914.0,786993.0,787095.0,787192.0,787276.0,787375.0,787464.0,787539.0,787599.0,787675.0,787794.0,787875.0,787944.0,788034.0,788111.0,788221.0,788304.0,788398.0,788474.0,788576.0,788655.0,788738.0,788826.0,788905.0,788988.0,789058.0,789164.0,789271.0,789382.0,789465.0,789571.0,789679.0,789783.0,789882.0,789985.0,790098.0,790184.0,790260.0,790343.0,790424.0,790510.0,790589.0,790709.0,790773.0,790845.0,790930.0,791003.0,791084.0,791158.0,791244.0,791313.0,791371.0,791457.0,791539.0,791618.0,791700.0,791776.0,791866.0,791921.0,792000.0,792068.0,792146.0,792232.0,792313.0,792405.0,792477.0,792542.0,792628.0,792711.0,792789.0,792888.0,792967.0,793040.0,793122.0,793197.0,,,,,,,,,793837.0,793894.0,793961.0,794037.0,794097.0,794136.0,794200.0,794266.0,794323.0,794388.0,794457.0,794513.0,794591.0,794661.0,794721.0,794769.0,794821.0,794872.0,794928.0,794973.0,795039.0,795098.0,795168.0,795231.0,795289.0,795355.0,795414.0,795484.0,795542.0,795601.0,795662.0,795733.0,795794.0,795841.0,795891.0,795976.0,796042.0,796109.0,796171.0,796218.0,796290.0,796343.0,796406.0,796456.0,796521.0,796609.0,796680.0,796749.0,796823.0,796924.0,796983.0,797044.0,797110.0,797169.0,797241.0,797295.0,797351.0,797429.0,797491.0,797534.0,797590.0,797673.0,797712.0,797780.0,797850.0,797912.0,798012.0,798075.0,798132.0,798193.0,798265.0,798337.0,798389.0,798440.0,798496.0,798550.0,798628.0,798692.0,798772.0,798840.0,798905.0,798973.0,799033.0,799089.0,799140.0,799192.0,799256.0,799316.0,799379.0,799442.0,799498.0,799589.0,799665.0,799711.0,799779.0,799852.0,799924.0,799984.0,800066.0,800163.0,800223.0,800292.0,800364.0,800430.0,800518.0,800582.0,800646.0,800722.0,800801.0,800863.0,800916.0,800970.0,801041.0,801113.0,801175.0,801237.0,801301.0,801377.0,801438.0,801501.0,801550.0,,801659.0,801724.0,801794.0,801840.0,801903.0,801950.0,801997.0,802058.0,802139.0,802217.0,802265.0,802332.0,802398.0,802472.0,802522.0,802583.0,802640.0,802699.0,802788.0,802843.0,802912.0,802969.0,803027.0,803086.0,803135.0,803195.0,803235.0,803277.0,803323.0,803380.0,803438.0,803492.0,803541.0,803599.0,803645.0,803718.0,803781.0,803838.0,803905.0,803981.0,804066.0,804142.0,804202.0,804260.0,804316.0,804367.0,804426.0,804472.0,804531.0,804608.0,804671.0,804737.0,804798.0,804840.0,804938.0,805023.0,805097.0,805175.0,805245.0,805325.0,805384.0,805440.0,805501.0,805548.0,805631.0,805689.0,805751.0,805796.0,805853.0,805902.0,805949.0,805992.0,806036.0,806089.0,806141.0,806193.0,806258.0,806306.0,806361.0,806394.0,806442.0,806489.0,806541.0,806590.0,806630.0,806667.0,806695.0,806749.0,806811.0,806867.0,806914.0,806947.0,806981.0,807016.0,807046.0,807083.0,807140.0,807181.0,807218.0,807252.0,807296.0,807338.0,807378.0,807417.0,807453.0,807488.0,807558.0,807597.0,807632.0,807672.0,807729.0,807769.0,807799.0,807849
vq7VnC_RZEY,490030.0,490045.0,490056.0,490077.0,490087.0,490095.0,490110.0,490124.0,490136.0,490146.0,490165.0,490177.0,490205.0,490216.0,490227.0,490241.0,490254.0,490263.0,490273.0,490287.0,490300.0,490316.0,490329.0,490339.0,490354.0,490382.0,490414.0,490428.0,490438.0,490446.0,490459.0,490471.0,490484.0,490495.0,490510.0,490522.0,490533.0,490541.0,490550.0,490559.0,490570.0,490588.0,490598.0,490607.0,490622.0,490644.0,490656.0,490670.0,490680.0,490692.0,490699.0,490707.0,490719.0,490727.0,490738.0,490769.0,490789.0,490807.0,490816.0,490832.0,490849.0,490857.0,490873.0,490879.0,490895.0,490901.0,490917.0,490924.0,490934.0,490943.0,490954.0,490968.0,490977.0,490987.0,491003.0,491014.0,491026.0,491034.0,491041.0,491055.0,491060.0,491070.0,491074.0,491081.0,491101.0,491110.0,491119.0,491133.0,491148.0,491159.0,491170.0,491183.0,491184.0,491197.0,491206.0,491215.0,491231.0,491239.0,491251.0,491264.0,491277.0,491285.0,491296.0,491308.0,491318.0,491323.0,491337.0,491351.0,491355.0,491364.0,491375.0,491382.0,491390.0,491400.0,491410.0,491417.0,491431.0,491440.0,491443.0,491447.0,491460.0,491468.0,491473.0,491481.0,491486.0,491492.0,491506.0,491514.0,491521.0,491533.0,491550.0,491562.0,491568.0,491572.0,,,,,,,,,491662.0,491671.0,491677.0,491688.0,491701.0,491706.0,491709.0,491720.0,491730.0,491739.0,491747.0,491757.0,491763.0,491773.0,491786.0,491804.0,491814.0,491821.0,491829.0,491841.0,491850.0,491860.0,491864.0,491867.0,491876.0,491881.0,491902.0,491910.0,491921.0,491927.0,491936.0,491945.0,491957.0,491965.0,491974.0,491984.0,491997.0,492003.0,492011.0,492016.0,492020.0,492028.0,492032.0,492046.0,492057.0,492064.0,492073.0,492086.0,492088.0,492093.0,492099.0,492101.0,492109.0,492125.0,492133.0,492138.0,492146.0,492155.0,492163.0,492174.0,492180.0,492188.0,492196.0,492202.0,492206.0,492211.0,492217.0,492225.0,492227.0,492232.0,492239.0,492240.0,492254.0,492266.0,492277.0,492281.0,492286.0,492303.0,492323.0,492328.0,492336.0,492345.0,492351.0,492361.0,492367.0,492375.0,492385.0,492396.0,492403.0,492406.0,492417.0,492427.0,492433.0,492437.0,492445.0,492454.0,492461.0,492470.0,492477.0,492483.0,492487.0,492496.0,492510.0,492517.0,492537.0,492543.0,492557.0,492590.0,492599.0,492608.0,492617.0,492625.0,492643.0,492666.0,492684.0,492694.0,492697.0,492719.0,492729.0,492738.0,492750.0,,492760.0,492772.0,492781.0,492789.0,492795.0,492810.0,492815.0,492820.0,492827.0,492832.0,492842.0,492849.0,492858.0,492867.0,492882.0,492896.0,492904.0,492911.0,492915.0,492925.0,492933.0,492938.0,492951.0,492958.0,492962.0,492981.0,492996.0,493008.0,493018.0,493025.0,493035.0,493039.0,493046.0,493054.0,493062.0,493073.0,493082.0,493095.0,493104.0,493109.0,493116.0,493123.0,493129.0,493138.0,493148.0,493156.0,493165.0,493176.0,493181.0,493197.0,493207.0,493212.0,493217.0,493222.0,493230.0,493237.0,493244.0,493252.0,493261.0,493267.0,493271.0,493284.0,493296.0,493306.0,493314.0,493322.0,493329.0,493332.0,493342.0,493349.0,493359.0,493366.0,493375.0,493382.0,493386.0,493394.0,493400.0,493415.0,493422.0,493429.0,493438.0,493440.0,493443.0,493449.0,493459.0,493468.0,493471.0,493477.0,493484.0,493500.0,493507.0,493515.0,493525.0,493529.0,493541.0,493556.0,493563.0,493568.0,493579.0,493587.0,493595.0,493601.0,493606.0,493613.0,493620.0,493628.0,493637.0,493648.0,493657.0,493668.0,493675.0,493685.0,493696.0,493703
RSuI809ToxM,15428.0,15430.0,15431.0,15438.0,15444.0,15451.0,15460.0,15466.0,15471.0,15477.0,15480.0,15489.0,15491.0,15492.0,15495.0,15503.0,15507.0,15511.0,15517.0,15521.0,15524.0,15527.0,15533.0,15535.0,15538.0,15545.0,15546.0,15549.0,15553.0,15559.0,15564.0,15572.0,15575.0,15582.0,15587.0,15595.0,15599.0,15605.0,15608.0,15617.0,15620.0,15625.0,15627.0,15632.0,15636.0,15640.0,15647.0,15657.0,15662.0,15665.0,15669.0,15671.0,15674.0,15679.0,15685.0,15688.0,15693.0,15696.0,15697.0,15701.0,15708.0,15710.0,15714.0,15716.0,15727.0,15732.0,15733.0,15739.0,15747.0,15749.0,15751.0,15757.0,15762.0,15766.0,15769.0,15774.0,15779.0,15782.0,15786.0,15788.0,15794.0,15798.0,15803.0,15808.0,15819.0,15824.0,15829.0,15831.0,15834.0,15841.0,15852.0,15862.0,15872.0,15882.0,15884.0,15889.0,15895.0,15897.0,15901.0,15907.0,15911.0,15916.0,15923.0,15931.0,15942.0,15946.0,15954.0,15961.0,15962.0,15969.0,15980.0,15985.0,15990.0,15994.0,16002.0,16008.0,16021.0,16026.0,16029.0,16035.0,16039.0,16040.0,16043.0,16049.0,16051.0,16056.0,16062.0,16078.0,16089.0,16095.0,16114.0,16135.0,16148.0,16176.0,,,,,,,,,16396.0,16403.0,16408.0,16422.0,16442.0,16452.0,16460.0,16469.0,16473.0,16478.0,16482.0,16490.0,16495.0,16503.0,16515.0,16518.0,16523.0,16527.0,16532.0,16537.0,16543.0,16545.0,16547.0,16550.0,16555.0,16556.0,16560.0,16564.0,16569.0,16575.0,16578.0,16583.0,16584.0,16589.0,16596.0,16602.0,16605.0,16611.0,16615.0,16623.0,16630.0,16639.0,16645.0,16648.0,16657.0,16663.0,16675.0,16686.0,16696.0,16701.0,16707.0,16718.0,16721.0,16726.0,16728.0,16730.0,16735.0,16740.0,16745.0,16750.0,16756.0,16761.0,16765.0,16767.0,16771.0,16774.0,16781.0,16781.0,16784.0,16792.0,16795.0,16804.0,16805.0,16810.0,16811.0,16816.0,16824.0,16828.0,16834.0,16839.0,16849.0,16854.0,16855.0,16867.0,16873.0,16883.0,16889.0,16902.0,16915.0,16924.0,16940.0,16955.0,16968.0,16988.0,17002.0,17026.0,17044.0,17060.0,17079.0,17100.0,17116.0,17135.0,17159.0,17179.0,17191.0,17213.0,17227.0,17234.0,17247.0,17259.0,17265.0,17277.0,17288.0,17297.0,17305.0,17326.0,17340.0,17353.0,17366.0,17377.0,17386.0,,17414.0,17430.0,17445.0,17457.0,17467.0,17476.0,17487.0,17510.0,17525.0,17538.0,17547.0,17559.0,17569.0,17583.0,17596.0,17611.0,17624.0,17641.0,17655.0,17662.0,17674.0,17692.0,17707.0,17740.0,17762.0,17779.0,17794.0,17806.0,17836.0,17856.0,17869.0,17892.0,17910.0,17924.0,17939.0,17963.0,17982.0,18008.0,18036.0,18051.0,18075.0,18095.0,18115.0,18136.0,18165.0,18187.0,18205.0,18222.0,18244.0,18258.0,18276.0,18296.0,18311.0,18324.0,18332.0,18339.0,18350.0,18359.0,18368.0,18382.0,18401.0,18406.0,18415.0,18429.0,18448.0,18467.0,18487.0,18501.0,18508.0,18522.0,18530.0,18547.0,18559.0,18572.0,18583.0,18599.0,18618.0,18640.0,18655.0,18670.0,18678.0,18682.0,18689.0,18702.0,18712.0,18724.0,18737.0,18753.0,18761.0,18768.0,18774.0,18779.0,18788.0,18798.0,18810.0,18815.0,18822.0,18829.0,18839.0,18844.0,18848.0,18850.0,18860.0,18868.0,18874.0,18892.0,18910.0,18920.0,18927.0,18931.0,18935.0,18944.0,18950.0,18952
GgjWYYS0zzY,17952.0,17954.0,17957.0,17961.0,17961.0,17961.0,17961.0,17961.0,17963.0,17965.0,17967.0,17972.0,17973.0,17976.0,17978.0,17979.0,17980.0,17982.0,17984.0,17986.0,17987.0,17990.0,17991.0,17994.0,17995.0,17995.0,17998.0,17999.0,17999.0,18000.0,18000.0,18000.0,18001.0,18002.0,18004.0,18007.0,18012.0,18014.0,18014.0,18014.0,18016.0,18017.0,18020.0,18022.0,18022.0,18023.0,18025.0,18027.0,18028.0,18031.0,18034.0,18037.0,18039.0,18040.0,18042.0,18044.0,18045.0,18047.0,18051.0,18056.0,18058.0,18059.0,18061.0,18063.0,18065.0,18067.0,18067.0,18070.0,18075.0,18077.0,18080.0,18084.0,18084.0,18087.0,18088.0,18091.0,18091.0,18093.0,18094.0,18094.0,18095.0,18096.0,18097.0,18100.0,18102.0,18102.0,18102.0,18104.0,18107.0,18107.0,18113.0,18115.0,18121.0,18122.0,18123.0,18123.0,18125.0,18126.0,18132.0,18133.0,18134.0,18135.0,18136.0,18141.0,18145.0,18145.0,18147.0,18147.0,18147.0,18149.0,18152.0,18153.0,18153.0,18156.0,18159.0,18160.0,18162.0,18167.0,18168.0,18172.0,18173.0,18178.0,18178.0,18181.0,18181.0,18184.0,18186.0,18186.0,18186.0,18188.0,18188.0,18190.0,18193.0,18196.0,,,,,,,,,18206.0,18208.0,18212.0,18213.0,18214.0,18216.0,18218.0,18219.0,18219.0,18219.0,18219.0,18219.0,18220.0,18221.0,18226.0,18232.0,18233.0,18234.0,18235.0,18235.0,18236.0,18236.0,18237.0,18237.0,18237.0,18241.0,18243.0,18244.0,18244.0,18245.0,18248.0,18248.0,18249.0,18249.0,18251.0,18254.0,18254.0,18256.0,18257.0,18257.0,18257.0,18257.0,18259.0,18259.0,18260.0,18262.0,18262.0,18265.0,18266.0,18267.0,18269.0,18269.0,18270.0,18269.0,18273.0,18273.0,18276.0,18276.0,18278.0,18279.0,18281.0,18283.0,18285.0,18285.0,18287.0,18287.0,18288.0,18290.0,18292.0,18292.0,18293.0,18294.0,18296.0,18297.0,18300.0,18307.0,18310.0,18310.0,18311.0,18313.0,18314.0,18315.0,18317.0,18319.0,18320.0,18322.0,18327.0,18328.0,18330.0,18334.0,18337.0,18338.0,18340.0,18341.0,18345.0,18348.0,18350.0,18352.0,18352.0,18352.0,18353.0,18354.0,18355.0,18357.0,18360.0,18372.0,18375.0,18377.0,18382.0,18383.0,18383.0,18386.0,18391.0,18392.0,18396.0,18400.0,18403.0,18406.0,18411.0,18411.0,18415.0,,18422.0,18427.0,18431.0,18434.0,18437.0,18441.0,18444.0,18448.0,18453.0,18460.0,18461.0,18462.0,18463.0,18466.0,18468.0,18471.0,18473.0,18481.0,18482.0,18484.0,18494.0,18501.0,18506.0,18509.0,18514.0,18518.0,18521.0,18529.0,18536.0,18539.0,18546.0,18550.0,18553.0,18557.0,18559.0,18563.0,18569.0,18576.0,18581.0,18586.0,18590.0,18597.0,18606.0,18613.0,18616.0,18622.0,18630.0,18634.0,18640.0,18646.0,18653.0,18664.0,18672.0,18683.0,18694.0,18701.0,18706.0,18713.0,18721.0,18734.0,18739.0,18743.0,18750.0,18761.0,18773.0,18786.0,18794.0,18807.0,18818.0,18827.0,18841.0,18853.0,18860.0,18874.0,18890.0,18903.0,18918.0,18925.0,18937.0,18944.0,18951.0,18956.0,18969.0,18978.0,18991.0,19000.0,19007.0,19016.0,19022.0,19033.0,19038.0,19049.0,19056.0,19064.0,19085.0,19097.0,19109.0,19125.0,19136.0,19148.0,19155.0,19168.0,19175.0,19183.0,19195.0,19202.0,19208.0,19211.0,19217.0,19229.0,19233.0,19242.0,19247.0,19259
IR8gXjm507Y,66449694.0,66459517.0,66471859.0,66483972.0,66495450.0,66506814.0,66517715.0,66529826.0,66543065.0,66556505.0,66569200.0,66581084.0,66593608.0,66605035.0,66616950.0,66629402.0,66641924.0,66654769.0,66668067.0,66681312.0,66694795.0,66709413.0,66723740.0,66737977.0,66751448.0,66764197.0,66779048.0,66794125.0,66807447.0,66820430.0,66833821.0,66846013.0,66857935.0,66870180.0,66882991.0,66894958.0,66908017.0,66920860.0,66933775.0,66945018.0,66956213.0,66967174.0,66977798.0,66988521.0,66999629.0,67010765.0,67021475.0,67032754.0,67043790.0,67054309.0,67065037.0,67076535.0,67087069.0,67098502.0,67110525.0,67121864.0,67133410.0,67144857.0,67156923.0,67168856.0,67182331.0,67195811.0,67208389.0,67222288.0,67234732.0,67244986.0,67256117.0,67268006.0,67278419.0,67290952.0,67303722.0,67315994.0,67327197.0,67337082.0,67348421.0,67360366.0,67371970.0,67383245.0,67395382.0,67407044.0,67418407.0,67429663.0,67440756.0,67452707.0,67464031.0,67475408.0,67486675.0,67497351.0,67510308.0,67526268.0,67540909.0,67554839.0,67569021.0,67583469.0,67597391.0,67609090.0,67619845.0,67630078.0,67640246.0,67650482.0,67661779.0,67672840.0,67683323.0,67692602.0,67702453.0,67712379.0,67724241.0,67735019.0,67745230.0,67755736.0,67766273.0,67776962.0,67786745.0,67798224.0,67807659.0,67816585.0,67825470.0,67834497.0,67843274.0,67851655.0,67860086.0,67868746.0,67877356.0,67885581.0,67894847.0,67903880.0,67912911.0,67922712.0,67933238.0,67943271.0,67953804.0,67964095.0,67973973.0,67982941.0,,,,,,,,,68065989.0,68075802.0,68084524.0,68092884.0,68101224.0,68109543.0,68117525.0,68125491.0,68134260.0,68141949.0,68150065.0,68157531.0,68165906.0,68174465.0,68183238.0,68191682.0,68199302.0,68207114.0,68215115.0,68223313.0,68231535.0,68241091.0,68250685.0,68259184.0,68267992.0,68278448.0,68287834.0,68296754.0,68305758.0,68314828.0,68323919.0,68332927.0,68342104.0,68351809.0,68361141.0,68371566.0,68382810.0,68392264.0,68401934.0,68411168.0,68420484.0,68429977.0,68440006.0,68449719.0,68458799.0,68467744.0,68476323.0,68485513.0,68494781.0,68503652.0,68512817.0,68521473.0,68529946.0,68538360.0,68546749.0,68556562.0,68565449.0,68573872.0,68582422.0,68591425.0,68600378.0,68608458.0,68617053.0,68625428.0,68632858.0,68640832.0,68649007.0,68657042.0,68663978.0,68670982.0,68678610.0,68686449.0,68694668.0,68702659.0,68711040.0,68719117.0,68728290.0,68736969.0,68745722.0,68754024.0,68762175.0,68769760.0,68778793.0,68787825.0,68796653.0,68805250.0,68813175.0,68820889.0,68828151.0,68835637.0,68842607.0,68849559.0,68856709.0,68863659.0,68872688.0,68881007.0,68888979.0,68896330.0,68903884.0,68911389.0,68918798.0,68925875.0,68933131.0,68940495.0,68947632.0,68954602.0,68961748.0,68968674.0,68975884.0,68983643.0,68990738.0,68997961.0,69005163.0,69012403.0,69019674.0,69026513.0,69033113.0,69039760.0,69046635.0,69054111.0,69061209.0,,69075407.0,69082356.0,69089134.0,69096274.0,69103988.0,69111681.0,69118857.0,69125522.0,69133325.0,69141170.0,69148315.0,69155531.0,69162580.0,69169990.0,69176839.0,69183950.0,69191270.0,69198761.0,69206513.0,69213970.0,69221617.0,69229380.0,69236992.0,69244737.0,69252206.0,69258688.0,69265131.0,69271855.0,69278749.0,69285513.0,69292601.0,69300087.0,69307705.0,69314828.0,69322294.0,69329622.0,69336869.0,69344378.0,69351948.0,69359625.0,69366843.0,69374084.0,69381128.0,69388137.0,69394646.0,69401221.0,69408100.0,69414964.0,69421640.0,69427815.0,69434271.0,69440933.0,69447497.0,69454029.0,69460676.0,69467044.0,69473623.0,69479995.0,69486813.0,69493567.0,69500557.0,69507801.0,69514928.0,69522243.0,69529942.0,69537254.0,69544649.0,69552473.0,69560453.0,69568573.0,69577340.0,69585574.0,69593432.0,69601691.0,69610466.0,69618892.0,69627375.0,69635562.0,69643643.0,69651842.0,69660749.0,69669941.0,69678268.0,69687130.0,69695623.0,69703934.0,69712294.0,69720813.0,69728771.0,69736695.0,69744419.0,69751952.0,69759965.0,69768852.0,69777344.0,69786465.0,69794644.0,69806192.0,69827574.0,69846133.0,69864966.0,69881814.0,69897436.0,69912282.0,69926405.0,69938436.0,69951053.0,69963108.0,69974539.0,69986289.0,69996533.0,70006839.0,70017761.0,70029314
6dUot7BGpAw,3746183.0,3746295.0,3746405.0,3746510.0,3746618.0,3746735.0,3746857.0,3746996.0,3747121.0,3747216.0,3747304.0,3747409.0,3747509.0,3747606.0,3747707.0,3747812.0,3747896.0,3747988.0,3748094.0,3748178.0,3748274.0,3748379.0,3748482.0,3748578.0,3748669.0,3748753.0,3748872.0,3748979.0,3749072.0,3749207.0,3749315.0,3749440.0,3749550.0,3749658.0,3749786.0,3749912.0,3750040.0,3750157.0,3750274.0,3750395.0,3750540.0,3750640.0,3750762.0,3750883.0,3751017.0,3751149.0,3751283.0,3751373.0,3751496.0,3751616.0,3751745.0,3751852.0,3751948.0,3752041.0,3752131.0,3752234.0,3752339.0,3752445.0,3752535.0,3752621.0,3752724.0,3752835.0,3752952.0,3753060.0,3753180.0,3753250.0,3753354.0,3753468.0,3753550.0,3753694.0,3753839.0,3753983.0,3754072.0,3754172.0,3754255.0,3754371.0,3754503.0,3754634.0,3754743.0,3754872.0,3754978.0,3755058.0,3755159.0,3755246.0,3755355.0,3755499.0,3755620.0,3755736.0,3755865.0,3755958.0,3756073.0,3756200.0,3756303.0,3756410.0,3756546.0,3756639.0,3756722.0,3756827.0,3756933.0,3757013.0,3757106.0,3757197.0,3757287.0,3757375.0,3757454.0,3757542.0,3757637.0,3757722.0,3757807.0,3757883.0,3757969.0,3758058.0,3758146.0,3758258.0,3758361.0,3758474.0,3758558.0,3758664.0,3758760.0,3758863.0,3758960.0,3759062.0,3759154.0,3759244.0,3759366.0,3759490.0,3759608.0,3759711.0,3759826.0,3759919.0,3760024.0,3760151.0,3760246.0,3760315.0,,,,,,,,,3761218.0,3761301.0,3761384.0,3761473.0,3761581.0,3761704.0,3761807.0,3761897.0,3762019.0,3762126.0,3762250.0,3762377.0,3762468.0,3762547.0,3762670.0,3762780.0,3762938.0,3763034.0,3763137.0,3763278.0,3763385.0,3763496.0,3763603.0,3763723.0,3763820.0,3763943.0,3764069.0,3764187.0,3764280.0,3764389.0,3764503.0,3764614.0,3764726.0,3764831.0,3764951.0,3765089.0,3765240.0,3765363.0,3765499.0,3765609.0,3765725.0,3765853.0,3765979.0,3766098.0,3766186.0,3766295.0,3766389.0,3766510.0,3766660.0,3766763.0,3766855.0,3766964.0,3767065.0,3767190.0,3767294.0,3767407.0,3767546.0,3767658.0,3767781.0,3767909.0,3768015.0,3768126.0,3768212.0,3768314.0,3768397.0,3768495.0,3768612.0,3768714.0,3768844.0,3768967.0,3769073.0,3769179.0,3769279.0,3769393.0,3769496.0,3769616.0,3769721.0,3769817.0,3769895.0,3770009.0,3770106.0,3770207.0,3770315.0,3770409.0,3770497.0,3770608.0,3770680.0,3770767.0,3770865.0,3770961.0,3771068.0,3771150.0,3771240.0,3771329.0,3771417.0,3771499.0,3771600.0,3771671.0,3771758.0,3771834.0,3771906.0,3771993.0,3772078.0,3772168.0,3772260.0,3772355.0,3772425.0,3772503.0,3772584.0,3772661.0,3772738.0,3772805.0,3772878.0,3772949.0,3773010.0,3773078.0,3773148.0,3773204.0,3773254.0,3773336.0,3773396.0,,3773520.0,3773593.0,3773695.0,3773783.0,3773848.0,3773929.0,3774001.0,3774067.0,3774129.0,3774204.0,3774266.0,3774344.0,3774430.0,3774500.0,3774597.0,3774678.0,3774751.0,3774847.0,3774930.0,3775000.0,3775109.0,3775173.0,3775262.0,3775316.0,3775398.0,3775454.0,3775518.0,3775601.0,3775679.0,3775746.0,3775819.0,3775884.0,3775953.0,3776018.0,3776096.0,3776151.0,3776234.0,3776285.0,3776361.0,3776420.0,3776486.0,3776539.0,3776611.0,3776687.0,3776753.0,3776820.0,3776876.0,3776989.0,3777072.0,3777146.0,3777228.0,3777293.0,3777400.0,3777477.0,3777570.0,3777638.0,3777731.0,3777802.0,3777895.0,3777971.0,3778056.0,3778137.0,3778222.0,3778329.0,3778379.0,3778475.0,3778600.0,3778678.0,3778781.0,3778863.0,3778974.0,3779065.0,3779197.0,3779263.0,3779344.0,3779458.0,3779534.0,3779634.0,3779731.0,3779836.0,3779948.0,3780027.0,3780116.0,3780193.0,3780281.0,3780353.0,3780433.0,3780530.0,3780599.0,3780684.0,3780754.0,3780825.0,3780896.0,3780962.0,3781024.0,3781081.0,3781155.0,3781216.0,3781264.0,3781330.0,3781398.0,3781447.0,3781528.0,3781591.0,3781648.0,3781708.0,3781779.0,3781839.0,3781900.0,3781963.0,3782012.0,3782087.0,3782164.0,3782241
iQNB3lianus,115739.0,115841.0,115975.0,116065.0,116163.0,116321.0,116429.0,116566.0,116681.0,116768.0,116844.0,116955.0,117095.0,117213.0,117320.0,117437.0,117543.0,117625.0,117781.0,117927.0,118051.0,118191.0,118339.0,118504.0,118612.0,118794.0,118968.0,119142.0,119289.0,119462.0,119573.0,119701.0,119809.0,119935.0,120076.0,120221.0,120334.0,120469.0,120564.0,120709.0,120881.0,121042.0,121199.0,121356.0,121468.0,121610.0,121734.0,121912.0,122072.0,122270.0,122456.0,122622.0,122781.0,122936.0,123079.0,123204.0,123312.0,123458.0,123596.0,123688.0,123819.0,123931.0,124079.0,124252.0,124401.0,124525.0,124603.0,124731.0,124882.0,125014.0,125142.0,125263.0,125366.0,125465.0,125594.0,125754.0,125921.0,126100.0,126252.0,126370.0,126470.0,126618.0,126760.0,126921.0,127080.0,127228.0,127336.0,127444.0,127561.0,127675.0,127801.0,127957.0,128101.0,128212.0,128321.0,128415.0,128513.0,128613.0,128741.0,128842.0,128956.0,129032.0,129159.0,129291.0,129390.0,129501.0,129642.0,129757.0,129838.0,129923.0,130006.0,130090.0,130179.0,130275.0,130353.0,130389.0,130448.0,130510.0,130569.0,130640.0,130713.0,130806.0,130874.0,130940.0,131007.0,131085.0,131154.0,131227.0,131297.0,131344.0,131415.0,131501.0,131602.0,131678.0,,,,,,,,,132332.0,132376.0,132433.0,132501.0,132577.0,132635.0,132701.0,132752.0,132813.0,132896.0,132982.0,133097.0,133192.0,133308.0,133388.0,133456.0,133524.0,133617.0,133695.0,133769.0,133843.0,133888.0,133946.0,134012.0,134091.0,134146.0,134228.0,134323.0,134383.0,134431.0,134518.0,134577.0,134646.0,134729.0,134811.0,134883.0,134930.0,135003.0,135088.0,135164.0,135239.0,135303.0,135365.0,135413.0,135475.0,135538.0,135604.0,135675.0,135756.0,135817.0,135860.0,135915.0,135997.0,136057.0,136137.0,136198.0,136248.0,136286.0,136350.0,136433.0,136491.0,136523.0,136569.0,136617.0,136653.0,136699.0,136750.0,136802.0,136850.0,136898.0,136928.0,136962.0,137015.0,137072.0,137128.0,137194.0,137256.0,137293.0,137332.0,137391.0,137442.0,137477.0,137532.0,137601.0,137661.0,137706.0,137744.0,137790.0,137845.0,137907.0,137949.0,138000.0,138040.0,138104.0,138157.0,138198.0,138253.0,138310.0,138347.0,138384.0,138435.0,138476.0,138538.0,138586.0,138635.0,138685.0,138721.0,138777.0,138832.0,138892.0,138945.0,138997.0,139037.0,139071.0,139104.0,139130.0,139164.0,139208.0,139232.0,139268.0,139291.0,,139362.0,139395.0,139429.0,139470.0,139515.0,139536.0,139561.0,139583.0,139609.0,139637.0,139665.0,139691.0,139726.0,139758.0,139795.0,139842.0,139866.0,139904.0,139926.0,139951.0,139978.0,140001.0,140036.0,140084.0,140120.0,140139.0,140172.0,140227.0,140270.0,140296.0,140324.0,140363.0,140413.0,140452.0,140482.0,140533.0,140603.0,140644.0,140694.0,140737.0,140767.0,140804.0,140866.0,140909.0,140932.0,140967.0,141038.0,141087.0,141159.0,141241.0,141315.0,141372.0,141431.0,141483.0,141509.0,141553.0,141593.0,141653.0,141693.0,141725.0,141769.0,141807.0,141850.0,141890.0,141936.0,141984.0,142038.0,142089.0,142137.0,142207.0,142268.0,142336.0,142417.0,142472.0,142529.0,142583.0,142670.0,142752.0,142833.0,142894.0,142952.0,142990.0,143027.0,143049.0,143089.0,143135.0,143170.0,143204.0,143235.0,143263.0,143292.0,143325.0,143363.0,143401.0,143432.0,143455.0,143489.0,143520.0,143553.0,143571.0,143607.0,143624.0,143648.0,143671.0,143707.0,143745.0,143782.0,143809.0,143841.0,143869.0,143901.0,143930.0,143973.0,144016
_wJOgy2XrLM,1430415.0,1432040.0,1434018.0,1436317.0,1438837.0,1441284.0,1443626.0,1445647.0,1447570.0,1449458.0,1451322.0,1453503.0,1455702.0,1457981.0,1460197.0,1462305.0,1464166.0,1466074.0,1468230.0,1470201.0,1472231.0,1474343.0,1476404.0,1478156.0,1479815.0,1481818.0,1483777.0,1485694.0,1487501.0,1489374.0,1491083.0,1492682.0,1494637.0,1496665.0,1498585.0,1500252.0,1501980.0,1503624.0,1505172.0,1507019.0,1508864.0,1510675.0,1512461.0,1514262.0,1515781.0,1517366.0,1519270.0,1521217.0,1523082.0,1524883.0,1526628.0,1528381.0,1530001.0,1531728.0,1533488.0,1535215.0,1536901.0,1538705.0,1540254.0,1541713.0,1543451.0,1545313.0,1547191.0,1548968.0,1550902.0,1552630.0,1554197.0,1555894.0,1557428.0,1559346.0,1561321.0,1563343.0,1565379.0,1567231.0,1569263.0,1571257.0,1572916.0,1574702.0,1576382.0,1578041.0,1579545.0,1581235.0,1583133.0,1585181.0,1587129.0,1589035.0,1590744.0,1592349.0,1594223.0,1596040.0,1598004.0,1600172.0,1602015.0,1603901.0,1605610.0,1607615.0,1609513.0,1611383.0,1613328.0,1615206.0,1617064.0,1618777.0,1620700.0,1622712.0,1624694.0,1626708.0,1628634.0,1630542.0,1632392.0,1634524.0,1636537.0,1638716.0,1640841.0,1642840.0,1644680.0,1646613.0,1648533.0,1650611.0,1652604.0,1655021.0,1657283.0,1659538.0,1661582.0,1663598.0,1665673.0,1667957.0,1670320.0,1672357.0,1674347.0,1676153.0,1678484.0,1680497.0,1682749.0,1684799.0,,,,,,,,,1702833.0,1705113.0,1707840.0,1711192.0,1714576.0,1717874.0,1720475.0,1722876.0,1725290.0,1727797.0,1730230.0,1732872.0,1735525.0,1737896.0,1740276.0,1742439.0,1745341.0,1747978.0,1750700.0,1752856.0,1754828.0,1756749.0,1758629.0,1760780.0,1762808.0,1764941.0,1767129.0,1769282.0,1771242.0,1773057.0,1775096.0,1777166.0,1779159.0,1780992.0,1782931.0,1784637.0,1786258.0,1788035.0,1789874.0,1791784.0,1793715.0,1795710.0,1797683.0,1799478.0,1801499.0,1803353.0,1805250.0,1807249.0,1809193.0,1811048.0,1812778.0,1814636.0,1816565.0,1818537.0,1820360.0,1822214.0,1823877.0,1825407.0,1827121.0,1828893.0,1830551.0,1831946.0,1833470.0,1834895.0,1836266.0,1837883.0,1839621.0,1841088.0,1842358.0,1843767.0,1845177.0,1846684.0,1848413.0,1850272.0,1852077.0,1853884.0,1855596.0,1857075.0,1858561.0,1860271.0,1862019.0,1863534.0,1865080.0,1866956.0,1868558.0,1870118.0,1871733.0,1873368.0,1874991.0,1876532.0,1878074.0,1879207.0,1880739.0,1882226.0,1883869.0,1885418.0,1887163.0,1888838.0,1890289.0,1891664.0,1893390.0,1895021.0,1896740.0,1898376.0,1899942.0,1901375.0,1902690.0,1904246.0,1905828.0,1907342.0,1908871.0,1910450.0,1911748.0,1913010.0,1914255.0,1915402.0,1916699.0,1918003.0,1919393.0,1920668.0,1921894.0,,1924453.0,1925762.0,1927160.0,1928487.0,1929618.0,1930602.0,1931822.0,1933155.0,1934437.0,1935794.0,1937128.0,1938378.0,1939521.0,1940820.0,1942195.0,1943523.0,1944940.0,1946349.0,1947802.0,1949060.0,1950362.0,1951975.0,1953420.0,1954863.0,1956082.0,1957332.0,1958293.0,1959583.0,1960885.0,1962211.0,1963483.0,1964776.0,1965824.0,1966829.0,1968029.0,1969338.0,1970576.0,1971735.0,1973092.0,1974301.0,1975430.0,1976786.0,1978163.0,1979692.0,1981280.0,1982685.0,1984253.0,1985803.0,1987698.0,1989383.0,1991027.0,1992700.0,1994168.0,1995736.0,1997133.0,1998698.0,2000440.0,2002201.0,2003924.0,2005634.0,2007130.0,2008598.0,2010204.0,2011828.0,2013603.0,2015284.0,2016883.0,2018350.0,2019731.0,2021183.0,2022692.0,2024269.0,2025939.0,2027591.0,2029056.0,2030555.0,2032233.0,2034036.0,2036025.0,2038367.0,2040784.0,2042802.0,2044561.0,2046737.0,2049006.0,2051100.0,2053141.0,2055263.0,2056999.0,2058777.0,2060843.0,2062959.0,2065079.0,2066920.0,2068894.0,2070725.0,2072474.0,2074408.0,2076464.0,2078230.0,2080123.0,2082022.0,2083738.0,2085400.0,2087487.0,2089704.0,2091888.0,2094104.0,2096013.0,2098079.0,2099979.0,2101899.0,2103900.0,2105789
sUrKNUfMys0,1413022.0,1413908.0,1414736.0,1415848.0,1416934.0,1417919.0,1418899.0,1419929.0,1420912.0,1421978.0,1423034.0,1423932.0,1424984.0,1426009.0,1426984.0,1427924.0,1428856.0,1429773.0,1430812.0,1431808.0,1432829.0,1434041.0,1435010.0,1435885.0,1436800.0,1437666.0,1438536.0,1439334.0,1440191.0,1441114.0,1441952.0,1442738.0,1443684.0,1444579.0,1445472.0,1446248.0,1447130.0,1447921.0,1448658.0,1449416.0,1450293.0,1451047.0,1451856.0,1452597.0,1453343.0,1454061.0,1454795.0,1455620.0,1456399.0,1457191.0,1457916.0,1458663.0,1459382.0,1460109.0,1460910.0,1461638.0,1462387.0,1463162.0,1463807.0,1464477.0,1465221.0,1466002.0,1466777.0,1467727.0,1468554.0,1469264.0,1470055.0,1470773.0,1471551.0,1472413.0,1473120.0,1473818.0,1474581.0,1475204.0,1475911.0,1476524.0,1477299.0,1478013.0,1478687.0,1479374.0,1480062.0,1480766.0,1481450.0,1482213.0,1483000.0,1483806.0,1484401.0,1485170.0,1485858.0,1486744.0,1487587.0,1488327.0,1489220.0,1490033.0,1490692.0,1491559.0,1492300.0,1492970.0,1493706.0,1494384.0,1495005.0,1495728.0,1496433.0,1497070.0,1497860.0,1498574.0,1499223.0,1499978.0,1500738.0,1501426.0,1502176.0,1502989.0,1503757.0,1504501.0,1505149.0,1505783.0,1506505.0,1507265.0,1508021.0,1508654.0,1509381.0,1510000.0,1510746.0,1511476.0,1512244.0,1512977.0,1513705.0,1514461.0,1515177.0,1515882.0,1516587.0,1517384.0,1518308.0,1519020.0,,,,,,,,,1526642.0,1528055.0,1529554.0,1530587.0,1531439.0,1532333.0,1533190.0,1533980.0,1534836.0,1535692.0,1536501.0,1537458.0,1538455.0,1539374.0,1540093.0,1540856.0,1541828.0,1542698.0,1543629.0,1544444.0,1545325.0,1546201.0,1547071.0,1548048.0,1548932.0,1549830.0,1550724.0,1551682.0,1552516.0,1553409.0,1554353.0,1555275.0,1556275.0,1557195.0,1558079.0,1558899.0,1559677.0,1560586.0,1561448.0,1562404.0,1563347.0,1564280.0,1565046.0,1566014.0,1566882.0,1567755.0,1568644.0,1569477.0,1570313.0,1571211.0,1571984.0,1572874.0,1573644.0,1574518.0,1575299.0,1576053.0,1576772.0,1577393.0,1578259.0,1578964.0,1579586.0,1580258.0,1580978.0,1581584.0,1582322.0,1583050.0,1583758.0,1584443.0,1584999.0,1585788.0,1586501.0,1587141.0,1588048.0,1588810.0,1589669.0,1590535.0,1591435.0,1592109.0,1592830.0,1593655.0,1594420.0,1595093.0,1595830.0,1596583.0,1597316.0,1598021.0,1598865.0,1599594.0,1600243.0,1600836.0,1601672.0,1602326.0,1602960.0,1603614.0,1604376.0,1605165.0,1605870.0,1606538.0,1607324.0,1608008.0,1608743.0,1609518.0,1610249.0,1610956.0,1611688.0,1612282.0,1612882.0,1613478.0,1614261.0,1614928.0,1615556.0,1616160.0,1616858.0,1617492.0,1618164.0,1618709.0,1619335.0,1620027.0,1620869.0,1621590.0,1622165.0,,1623513.0,1624178.0,1624949.0,1625625.0,1626250.0,1626780.0,1627461.0,1628145.0,1628801.0,1629469.0,1630224.0,1630808.0,1631340.0,1632008.0,1632667.0,1633282.0,1633914.0,1634632.0,1635499.0,1636252.0,1637009.0,1637660.0,1638470.0,1639221.0,1639856.0,1640454.0,1641014.0,1641713.0,1642371.0,1643046.0,1643704.0,1644363.0,1645063.0,1645600.0,1646280.0,1647021.0,1647664.0,1648309.0,1648971.0,1649601.0,1650145.0,1650812.0,1651470.0,1652050.0,1652638.0,1653242.0,1653942.0,1654584.0,1655184.0,1655753.0,1656317.0,1656884.0,1657402.0,1658017.0,1658736.0,1659434.0,1660108.0,1660802.0,1661482.0,1662072.0,1662655.0,1663249.0,1663910.0,1664630.0,1665296.0,1665860.0,1666516.0,1667163.0,1667745.0,1668264.0,1668884.0,1669463.0,1670141.0,1670757.0,1671350.0,1671928.0,1672613.0,1673312.0,1673980.0,1674907.0,1675746.0,1676457.0,1677193.0,1677998.0,1678684.0,1679391.0,1680201.0,1680886.0,1681519.0,1682197.0,1682862.0,1683624.0,1684262.0,1684912.0,1685594.0,1686233.0,1686985.0,1687673.0,1688340.0,1688955.0,1689643.0,1690335.0,1690992.0,1691628.0,1692296.0,1693023.0,1693810.0,1694569.0,1695388.0,1696043.0,1696658.0,1697279.0,1697877.0,1698485
uY-lOn0XwBg,9386517.0,9392150.0,9398088.0,9404194.0,9410072.0,9415813.0,9421541.0,9427477.0,9434372.0,9445226.0,9456649.0,9464089.0,9470616.0,9475557.0,9481059.0,9487032.0,9493076.0,9499223.0,9505302.0,9511510.0,9517727.0,9524378.0,9530606.0,9536577.0,9542375.0,9548135.0,9553770.0,9559457.0,9565316.0,9571714.0,9578080.0,9583972.0,9590116.0,9595781.0,9601345.0,9607061.0,9612852.0,9618691.0,9624555.0,9630172.0,9635670.0,9641137.0,9646369.0,9651790.0,9656956.0,9662534.0,9668111.0,9673992.0,9679912.0,9685157.0,9690251.0,9695684.0,9700790.0,9706320.0,9712194.0,9717961.0,9723659.0,9729203.0,9734465.0,9741372.0,9748218.0,9755272.0,9762277.0,9769601.0,9776640.0,9783269.0,9790582.0,9797153.0,9802921.0,9809910.0,9816261.0,9822511.0,9829224.0,9836769.0,9845493.0,9853599.0,9861649.0,9869145.0,9877223.0,9886431.0,9896045.0,9904753.0,9912732.0,9922541.0,9932006.0,9942129.0,9952518.0,9965364.0,9980461.0,10011117.0,10018259.0,10023490.0,10027807.0,10033233.0,10038856.0,10044004.0,10048823.0,10053582.0,10058286.0,10062701.0,10067293.0,10072061.0,10076315.0,10080576.0,10084849.0,10088784.0,10092878.0,10097350.0,10101976.0,10106282.0,10110793.0,10115376.0,10119705.0,10124048.0,10128687.0,10133305.0,10137784.0,10141824.0,10145957.0,10150090.0,10154559.0,10158659.0,10163046.0,10166986.0,10170967.0,10174893.0,10179111.0,10183239.0,10187834.0,10192379.0,10196828.0,10201061.0,10205361.0,10209342.0,,,,,,,,,10247238.0,10252269.0,10259047.0,10268457.0,10275879.0,10282770.0,10288835.0,10294587.0,10300724.0,10306462.0,10312118.0,10317561.0,10323423.0,10328545.0,10333596.0,10338773.0,10343539.0,10348401.0,10353084.0,10357848.0,10362713.0,10367879.0,10372767.0,10377288.0,10382003.0,10386856.0,10391791.0,10396712.0,10401681.0,10406858.0,10411619.0,10416147.0,10420976.0,10425405.0,10429821.0,10434314.0,10438812.0,10442954.0,10447793.0,10452461.0,10457060.0,10461760.0,10466374.0,10471184.0,10475882.0,10480345.0,10484708.0,10489250.0,10493748.0,10498420.0,10503479.0,10508070.0,10512521.0,10517084.0,10521553.0,10531139.0,10539415.0,10546021.0,10552611.0,10559137.0,10565290.0,10571282.0,10577325.0,10583693.0,10589941.0,10597016.0,10606556.0,10620638.0,10641767.0,10653794.0,10665537.0,10677070.0,10688652.0,10700594.0,10712333.0,10723477.0,10734296.0,10744504.0,10754336.0,10763397.0,10771809.0,10779682.0,10788026.0,10796826.0,10805089.0,10813137.0,10820655.0,10828115.0,10835094.0,10842028.0,10848801.0,10855818.0,10862847.0,10869702.0,10876588.0,10883388.0,10890277.0,10896955.0,10903952.0,10911068.0,10917923.0,10924554.0,10931042.0,10937550.0,10943794.0,10949974.0,10956296.0,10962301.0,10968028.0,10974086.0,10979993.0,10986013.0,10992093.0,10998036.0,11003945.0,11009798.0,11015589.0,11021258.0,11027020.0,11032770.0,11038473.0,,11049262.0,11054540.0,11060054.0,11065555.0,11071304.0,11076971.0,11082337.0,11087756.0,11093149.0,11098610.0,11103831.0,11109513.0,11115041.0,11120409.0,11125516.0,11130648.0,11136154.0,11141488.0,11147018.0,11152374.0,11157607.0,11162765.0,11168069.0,11173319.0,11178594.0,11183691.0,11189087.0,11194124.0,11199396.0,11204897.0,11210178.0,11215111.0,11220220.0,11225160.0,11230213.0,11235310.0,11240387.0,11245585.0,11250736.0,11255935.0,11261262.0,11266482.0,11271600.0,11276459.0,11281194.0,11285946.0,11291211.0,11296493.0,11303575.0,11309145.0,11314304.0,11319318.0,11324147.0,11329562.0,11335096.0,11340236.0,11345292.0,11351832.0,11360666.0,11369363.0,11377967.0,11386389.0,11394214.0,11401895.0,11409427.0,11416487.0,11423506.0,11430802.0,11437679.0,11444299.0,11450659.0,11457069.0,11463222.0,11469724.0,11476829.0,11483942.0,11491253.0,11498194.0,11504980.0,11511703.0,11518672.0,11525791.0,11533224.0,11540822.0,11547958.0,11555189.0,11562184.0,11569019.0,11575963.0,11582882.0,11589286.0,11595035.0,11601310.0,11607344.0,11613272.0,11620271.0,11626659.0,11632752.0,11638650.0,11644414.0,11649968.0,11655817.0,11662082.0,11668140.0,11673875.0,11679575.0,11685480.0,11691245.0,11697022.0,11703038.0,11708796.0,11714393.0,11719851.0,11725203
UJaW2Z5DxS8,15611120.0,15616192.0,15622050.0,15628100.0,15633748.0,15639124.0,15644253.0,15649423.0,15654687.0,15660368.0,15666408.0,15671515.0,15676829.0,15682029.0,15687266.0,15692443.0,15697484.0,15702739.0,15707666.0,15712383.0,15717409.0,15723067.0,15728447.0,15733667.0,15738785.0,15743875.0,15749029.0,15754179.0,15759607.0,15765076.0,15770715.0,15776062.0,15780793.0,15785577.0,15790316.0,15795647.0,15801190.0,15806463.0,15811765.0,15816647.0,15821384.0,15826070.0,15831040.0,15836237.0,15841453.0,15846755.0,15851805.0,15856746.0,15861461.0,15866521.0,15871775.0,15877434.0,15882487.0,15887421.0,15892395.0,15897348.0,15902611.0,15908018.0,15913306.0,15918686.0,15923804.0,15928834.0,15933826.0,15939056.0,15944154.0,15949535.0,15954701.0,15959891.0,15964745.0,15970891.0,15975896.0,15980578.0,15985483.0,15990642.0,15996230.0,16002468.0,16008021.0,16013527.0,16018983.0,16023965.0,16029024.0,16034005.0,16039151.0,16044513.0,16049979.0,16055371.0,16060571.0,16065828.0,16070994.0,16076925.0,16082440.0,16087683.0,16092664.0,16098146.0,16103891.0,16109172.0,16114565.0,16120256.0,16125981.0,16131350.0,16136742.0,16141842.0,16146765.0,16151725.0,16156725.0,16161694.0,16166327.0,16171306.0,16176589.0,16181663.0,16186563.0,16191312.0,16195820.0,16200119.0,16204666.0,16209546.0,16214074.0,16218439.0,16222773.0,16227041.0,16231360.0,16235815.0,16240419.0,16244809.0,16249202.0,16253491.0,16257987.0,16262337.0,16267003.0,16271852.0,16276274.0,16280556.0,16284976.0,16289043.0,,,,,,,,,16329587.0,16335475.0,16342822.0,16352369.0,16360466.0,16368307.0,16375085.0,16381356.0,16387603.0,16393795.0,16400334.0,16406170.0,16411850.0,16416737.0,16421671.0,16426782.0,16431644.0,16436773.0,16441983.0,16447183.0,16452413.0,16458505.0,16464404.0,16469664.0,16474894.0,16480148.0,16485507.0,16490711.0,16495868.0,16501265.0,16506649.0,16511866.0,16517211.0,16522205.0,16527005.0,16531765.0,16536621.0,16540860.0,16545721.0,16550336.0,16555288.0,16559896.0,16564767.0,16569917.0,16575159.0,16579636.0,16584367.0,16589239.0,16593838.0,16599000.0,16604249.0,16609049.0,16613956.0,16619174.0,16624073.0,16629014.0,16634070.0,16638790.0,16643555.0,16648536.0,16653605.0,16658687.0,16663457.0,16668555.0,16673336.0,16678489.0,16683886.0,16689161.0,16694234.0,16698921.0,16704097.0,16709307.0,16714556.0,16719821.0,16725414.0,16730878.0,16736608.0,16742347.0,16748158.0,16753728.0,16759031.0,16764027.0,16769204.0,16774845.0,16780151.0,16785605.0,16790397.0,16794964.0,16799590.0,16804057.0,16808573.0,16813533.0,16818693.0,16823375.0,16828120.0,16832663.0,16837368.0,16842017.0,16847116.0,16852001.0,16856789.0,16861590.0,16866499.0,16871231.0,16875830.0,16880391.0,16885061.0,16889618.0,16894036.0,16898697.0,16903195.0,16907873.0,16912723.0,16917726.0,16922280.0,16926761.0,16930945.0,16935329.0,16939886.0,16944950.0,16949985.0,,16959697.0,16964399.0,16969077.0,16973464.0,16978344.0,16983307.0,16987824.0,16992282.0,16996796.0,17001296.0,17005772.0,17010483.0,17015130.0,17019567.0,17023622.0,17027862.0,17032277.0,17036726.0,17041474.0,17046114.0,17050539.0,17055100.0,17059617.0,17064236.0,17068646.0,17072914.0,17077379.0,17081659.0,17085921.0,17090290.0,17094637.0,17098850.0,17102814.0,17106847.0,17111127.0,17115364.0,17119536.0,17123906.0,17128079.0,17132424.0,17136805.0,17141238.0,17145476.0,17149716.0,17153779.0,17158083.0,17162686.0,17167240.0,17172859.0,17177451.0,17181404.0,17185496.0,17189547.0,17193804.0,17198305.0,17202227.0,17206110.0,17209994.0,17214053.0,17218095.0,17222317.0,17226485.0,17230312.0,17234049.0,17238043.0,17241853.0,17245779.0,17250075.0,17254472.0,17259355.0,17263794.0,17268293.0,17272208.0,17275999.0,17280373.0,17284748.0,17288943.0,17293010.0,17297218.0,17301606.0,17306031.0,17310559.0,17315082.0,17319546.0,17324015.0,17328491.0,17332941.0,17337317.0,17341911.0,17346611.0,17351126.0,17355297.0,17359603.0,17363682.0,17367430.0,17371910.0,17376056.0,17380093.0,17383992.0,17388158.0,17392185.0,17396308.0,17400838.0,17404934.0,17409025.0,17413074.0,17417116.0,17420994.0,17424853.0,17428732.0,17432673.0,17436236.0,17439967.0,17443624
gTV8R3Xr5pY,105536.0,105564.0,105585.0,105621.0,105655.0,105691.0,105717.0,105752.0,105793.0,105838.0,105875.0,105908.0,105946.0,105992.0,106019.0,106051.0,106096.0,106124.0,106181.0,106226.0,106283.0,106343.0,106376.0,106423.0,106481.0,106522.0,106568.0,106603.0,106646.0,106683.0,106722.0,106762.0,106799.0,106836.0,106872.0,106911.0,106940.0,106973.0,107012.0,107047.0,107074.0,107110.0,107139.0,107165.0,107197.0,107222.0,107241.0,107268.0,107300.0,107322.0,107341.0,107368.0,107384.0,107421.0,107451.0,107472.0,107498.0,107520.0,107539.0,107561.0,107584.0,107601.0,107620.0,107642.0,107662.0,107691.0,107722.0,107745.0,107782.0,107808.0,107824.0,107847.0,107862.0,107883.0,107913.0,107940.0,107986.0,108014.0,108040.0,108071.0,108108.0,108139.0,108173.0,108208.0,108233.0,108258.0,108284.0,108320.0,108348.0,108380.0,108413.0,108448.0,108478.0,108514.0,108527.0,108552.0,108590.0,108622.0,108645.0,108670.0,108695.0,108711.0,108728.0,108745.0,108780.0,108805.0,108825.0,108846.0,108865.0,108887.0,108902.0,108928.0,108951.0,108976.0,109000.0,109021.0,109048.0,109080.0,109107.0,109132.0,109146.0,109172.0,109194.0,109218.0,109234.0,109252.0,109274.0,109289.0,109310.0,109332.0,109351.0,109369.0,109382.0,109398.0,,,,,,,,,109552.0,109561.0,109578.0,109595.0,109614.0,109620.0,109638.0,109651.0,109664.0,109675.0,109689.0,109703.0,109722.0,109743.0,109756.0,109771.0,109790.0,109808.0,109818.0,109834.0,109843.0,109858.0,109879.0,109909.0,109943.0,109972.0,110002.0,110019.0,110040.0,110059.0,110088.0,110119.0,110138.0,110160.0,110182.0,110193.0,110206.0,110225.0,110246.0,110262.0,110289.0,110302.0,110318.0,110331.0,110346.0,110370.0,110388.0,110403.0,110412.0,110426.0,110439.0,110455.0,110479.0,110495.0,110502.0,110514.0,110529.0,110548.0,110570.0,110592.0,110615.0,110633.0,110648.0,110667.0,110676.0,110699.0,110715.0,110724.0,110741.0,110761.0,110777.0,110797.0,110817.0,110834.0,110856.0,110889.0,110917.0,110946.0,110968.0,110976.0,110995.0,111010.0,111028.0,111042.0,111051.0,111072.0,111088.0,111101.0,111125.0,111141.0,111158.0,111175.0,111218.0,111231.0,111246.0,111263.0,111283.0,111300.0,111314.0,111327.0,111338.0,111352.0,111371.0,111383.0,111401.0,111420.0,111434.0,111454.0,111466.0,111488.0,111505.0,111523.0,111535.0,111556.0,111567.0,111588.0,111610.0,111622.0,111639.0,111660.0,111684.0,,111719.0,111733.0,111753.0,111771.0,111798.0,111817.0,111832.0,111862.0,111886.0,111905.0,111927.0,111950.0,111963.0,111985.0,112004.0,112020.0,112035.0,112050.0,112075.0,112088.0,112097.0,112117.0,112135.0,112156.0,112182.0,112206.0,112221.0,112232.0,112251.0,112273.0,112288.0,112308.0,112327.0,112340.0,112350.0,112363.0,112382.0,112400.0,112416.0,112429.0,112441.0,112463.0,112479.0,112488.0,112506.0,112516.0,112529.0,112545.0,112553.0,112568.0,112583.0,112605.0,112621.0,112636.0,112654.0,112672.0,112683.0,112700.0,112723.0,112739.0,112768.0,112787.0,112811.0,112832.0,112850.0,112869.0,112890.0,112910.0,112940.0,112965.0,112974.0,112984.0,113006.0,113022.0,113043.0,113057.0,113072.0,113083.0,113099.0,113115.0,113125.0,113148.0,113166.0,113189.0,113199.0,113213.0,113228.0,113244.0,113255.0,113269.0,113287.0,113320.0,113343.0,113364.0,113394.0,113403.0,113414.0,113437.0,113455.0,113471.0,113490.0,113505.0,113523.0,113546.0,113564.0,113591.0,113617.0,113706.0,113731.0,113750.0,113777.0,113800.0,113839.0,113859
GXSqi3bIEOA,42916.0,42918.0,42921.0,42923.0,42925.0,42927.0,42930.0,42931.0,42935.0,42938.0,42938.0,42943.0,42949.0,42950.0,42953.0,42956.0,42959.0,42960.0,42961.0,42964.0,42966.0,42973.0,42973.0,42978.0,42981.0,42984.0,42987.0,42993.0,42996.0,43000.0,43004.0,43007.0,43009.0,43013.0,43020.0,43028.0,43031.0,43038.0,43041.0,43044.0,43046.0,43051.0,43055.0,43063.0,43070.0,43074.0,43077.0,43082.0,43082.0,43083.0,43085.0,43087.0,43092.0,43093.0,43096.0,43102.0,43111.0,43112.0,43112.0,43116.0,43120.0,43122.0,43127.0,43134.0,43134.0,43139.0,43142.0,43145.0,43149.0,43152.0,43153.0,43157.0,43157.0,43158.0,43160.0,43164.0,43166.0,43168.0,43170.0,43171.0,43179.0,43180.0,43186.0,43186.0,43189.0,43192.0,43198.0,43199.0,43207.0,43210.0,43214.0,43216.0,43217.0,43223.0,43228.0,43233.0,43239.0,43241.0,43244.0,43248.0,43252.0,43257.0,43259.0,43260.0,43273.0,43275.0,43281.0,43282.0,43286.0,43290.0,43293.0,43298.0,43301.0,43304.0,43305.0,43306.0,43308.0,43311.0,43313.0,43313.0,43316.0,43318.0,43321.0,43323.0,43329.0,43333.0,43335.0,43335.0,43337.0,43337.0,43339.0,43340.0,43340.0,43341.0,,,,,,,,,43354.0,43355.0,43356.0,43356.0,43359.0,43361.0,43362.0,43363.0,43365.0,43367.0,43368.0,43371.0,43372.0,43372.0,43372.0,43372.0,43372.0,43372.0,43373.0,43376.0,43378.0,43383.0,43385.0,43386.0,43386.0,43389.0,43390.0,43393.0,43397.0,43400.0,43401.0,43407.0,43408.0,43409.0,43415.0,43416.0,43417.0,43420.0,43421.0,43422.0,43423.0,43425.0,43426.0,43428.0,43434.0,43436.0,43440.0,43442.0,43446.0,43447.0,43447.0,43447.0,43447.0,43447.0,43454.0,43454.0,43454.0,43456.0,43456.0,43458.0,43460.0,43464.0,43465.0,43467.0,43467.0,43470.0,43471.0,43472.0,43473.0,43473.0,43477.0,43477.0,43483.0,43484.0,43486.0,43488.0,43491.0,43497.0,43504.0,43505.0,43506.0,43512.0,43516.0,43520.0,43522.0,43525.0,43529.0,43530.0,43531.0,43535.0,43536.0,43539.0,43542.0,43546.0,43550.0,43551.0,43554.0,43557.0,43560.0,43562.0,43564.0,43567.0,43571.0,43571.0,43574.0,43577.0,43577.0,43582.0,43584.0,43586.0,43590.0,43591.0,43594.0,43595.0,43597.0,43597.0,43599.0,43601.0,43604.0,43609.0,43611.0,,43615.0,43615.0,43620.0,43625.0,43626.0,43628.0,43630.0,43635.0,43638.0,43643.0,43646.0,43648.0,43649.0,43651.0,43654.0,43656.0,43657.0,43660.0,43663.0,43665.0,43666.0,43666.0,43669.0,43669.0,43670.0,43673.0,43674.0,43680.0,43684.0,43686.0,43686.0,43687.0,43690.0,43695.0,43695.0,43695.0,43697.0,43698.0,43701.0,43704.0,43708.0,43711.0,43711.0,43715.0,43717.0,43725.0,43727.0,43728.0,43729.0,43730.0,43732.0,43733.0,43736.0,43740.0,43741.0,43742.0,43743.0,43744.0,43745.0,43748.0,43750.0,43753.0,43754.0,43757.0,43759.0,43760.0,43760.0,43761.0,43761.0,43765.0,43765.0,43767.0,43769.0,43769.0,43773.0,43777.0,43779.0,43779.0,43780.0,43783.0,43783.0,43788.0,43790.0,43792.0,43793.0,43795.0,43800.0,43802.0,43803.0,43804.0,43805.0,43808.0,43811.0,43812.0,43812.0,43814.0,43814.0,43816.0,43820.0,43822.0,43828.0,43830.0,43833.0,43840.0,43842.0,43846.0,43850.0,43850.0,43854.0,43854.0,43854.0,43855.0,43857.0,43858
h9C4KUNvOXk,4578860.0,4578965.0,4579105.0,4579223.0,4579342.0,4579498.0,4579630.0,4579774.0,4579942.0,4580078.0,4580184.0,4580314.0,4580459.0,4580583.0,4580726.0,4580880.0,4581019.0,4581125.0,4581260.0,4581432.0,4581607.0,4581762.0,4581913.0,4582013.0,4582115.0,4582224.0,4582352.0,4582490.0,4582625.0,4582755.0,4582902.0,4583065.0,4583200.0,4583327.0,4583488.0,4583707.0,4583873.0,4584045.0,4584183.0,4584320.0,4584487.0,4584638.0,4584844.0,4585031.0,4585212.0,4585335.0,4585477.0,4585625.0,4585787.0,4585957.0,4586131.0,4586265.0,4586433.0,4586540.0,4586670.0,4586780.0,4586911.0,4587078.0,4587227.0,4587390.0,4587566.0,4587762.0,4587936.0,4588082.0,4588254.0,4588423.0,4588579.0,4588718.0,4588824.0,4588964.0,4589124.0,4589283.0,4589431.0,4589596.0,4589721.0,4589860.0,4590068.0,4590328.0,4590761.0,4591074.0,4591325.0,4591603.0,4591830.0,4592076.0,4592389.0,4592647.0,4592870.0,4593065.0,4593289.0,4593558.0,4593800.0,4593972.0,4594125.0,4594327.0,4594482.0,4594627.0,4594785.0,4594924.0,4595080.0,4595217.0,4595375.0,4595491.0,4595629.0,4595759.0,4595891.0,4596010.0,4596144.0,4596277.0,4596414.0,4596525.0,4596678.0,4596817.0,4596959.0,4597123.0,4597229.0,4597339.0,4597440.0,4597566.0,4597689.0,4597803.0,4597929.0,4598058.0,4598160.0,4598289.0,4598410.0,4598531.0,4598641.0,4598780.0,4598928.0,4599033.0,4599140.0,4599240.0,4599322.0,4599467.0,,,,,,,,,4600184.0,4600265.0,4600340.0,4600416.0,4600486.0,4600563.0,4600658.0,4600731.0,4600831.0,4600886.0,4600959.0,4601039.0,4601143.0,4601241.0,4601313.0,4601387.0,4601454.0,4601531.0,4601623.0,4601709.0,4601812.0,4601894.0,4601959.0,4602054.0,4602161.0,4602250.0,4602322.0,4602387.0,4602479.0,4602544.0,4602600.0,4602676.0,4602742.0,4602817.0,4602905.0,4602956.0,4603006.0,4603096.0,4603164.0,4603218.0,4603279.0,4603322.0,4603378.0,4603441.0,4603503.0,4603570.0,4603619.0,4603673.0,4603741.0,4603809.0,4603860.0,4603908.0,4603972.0,4604015.0,4604071.0,4604123.0,4604181.0,4604228.0,4604287.0,4604325.0,4604364.0,4604412.0,4604444.0,4604494.0,4604530.0,4604579.0,4604639.0,4604697.0,4604741.0,4604774.0,4604833.0,4604895.0,4604965.0,4605026.0,4605096.0,4605142.0,4605197.0,4605268.0,4605320.0,4605373.0,4605442.0,4605482.0,4605534.0,4605602.0,4605673.0,4605714.0,4605771.0,4605848.0,4605915.0,4605977.0,4606055.0,4606122.0,4606198.0,4606264.0,4606321.0,4606399.0,4606464.0,4606526.0,4606583.0,4606645.0,4606692.0,4606747.0,4606827.0,4606898.0,4606944.0,4607000.0,4607053.0,4607109.0,4607153.0,4607209.0,4607261.0,4607317.0,4607384.0,4607429.0,4607485.0,4607534.0,4607592.0,4607645.0,4607695.0,4607745.0,4607854.0,,4608014.0,4608077.0,4608135.0,4608180.0,4608240.0,4608295.0,4608349.0,4608393.0,4608467.0,4608529.0,4608608.0,4608684.0,4608744.0,4608824.0,4608901.0,4608961.0,4609021.0,4609102.0,4609168.0,4609238.0,4609291.0,4609356.0,4609400.0,4609452.0,4609522.0,4609574.0,4609629.0,4609688.0,4609738.0,4609781.0,4609819.0,4609879.0,4609947.0,4609984.0,4610045.0,4610098.0,4610155.0,4610195.0,4610236.0,4610285.0,4610332.0,4610386.0,4610435.0,4610509.0,4610571.0,4610648.0,4610725.0,4610782.0,4610847.0,4610921.0,4610979.0,4611054.0,4611113.0,4611178.0,4611251.0,4611306.0,4611347.0,4611399.0,4611454.0,4611511.0,4611565.0,4611631.0,4611681.0,4611722.0,4611777.0,4611842.0,4611890.0,4611946.0,4612019.0,4612077.0,4612119.0,4612176.0,4612223.0,4612267.0,4612320.0,4612360.0,4612419.0,4612470.0,4612530.0,4612587.0,4612642.0,4612734.0,4612797.0,4612842.0,4612880.0,4612924.0,4612974.0,4613013.0,4613069.0,4613120.0,4613166.0,4613203.0,4613234.0,4613284.0,4613328.0,4613378.0,4613431.0,4613477.0,4613508.0,4613548.0,4613592.0,4613628.0,4613662.0,4613701.0,4613740.0,4613782.0,4613833.0,4613885.0,4613936.0,4613988.0,4614021.0,4614095.0,4614172.0,4614224
pYPbmX7w088,157647.0,157735.0,157843.0,157901.0,158008.0,158121.0,158236.0,158326.0,158441.0,158532.0,158607.0,158688.0,158791.0,158896.0,158988.0,159072.0,159171.0,159262.0,159351.0,159434.0,159522.0,159613.0,159714.0,159781.0,159872.0,159973.0,160046.0,160159.0,160268.0,160376.0,160471.0,160555.0,160634.0,160764.0,160848.0,160962.0,161042.0,161144.0,161242.0,161340.0,161435.0,161549.0,161674.0,161783.0,161881.0,161962.0,162059.0,162186.0,162299.0,162420.0,162534.0,162657.0,162781.0,162889.0,163035.0,163134.0,163232.0,163328.0,163441.0,163523.0,163610.0,163698.0,163813.0,163910.0,163983.0,164070.0,164145.0,164213.0,164314.0,164437.0,164543.0,164628.0,164699.0,164761.0,164840.0,164938.0,165029.0,165119.0,165231.0,165320.0,165396.0,165509.0,165614.0,165736.0,165823.0,165915.0,166002.0,166085.0,166154.0,166251.0,166336.0,166419.0,166474.0,166550.0,166712.0,166788.0,166874.0,166935.0,167008.0,167089.0,167183.0,167263.0,167347.0,167445.0,167524.0,167590.0,167660.0,167730.0,167814.0,167895.0,167954.0,168027.0,168108.0,168205.0,168288.0,168345.0,168421.0,168478.0,168540.0,168625.0,168734.0,168820.0,168863.0,168935.0,169012.0,169087.0,169151.0,169220.0,169310.0,169375.0,169471.0,169527.0,169603.0,169673.0,,,,,,,,,170269.0,170323.0,170397.0,170472.0,170544.0,170626.0,170731.0,170809.0,170899.0,170971.0,171027.0,171093.0,171195.0,171293.0,171359.0,171429.0,171492.0,171573.0,171636.0,171726.0,171820.0,171903.0,171989.0,172079.0,172140.0,172215.0,172310.0,172407.0,172466.0,172544.0,172610.0,172693.0,172773.0,172861.0,172941.0,173023.0,173104.0,173199.0,173306.0,173390.0,173455.0,173573.0,173640.0,173701.0,173785.0,173886.0,173958.0,174025.0,174103.0,174171.0,174228.0,174299.0,174402.0,174522.0,174586.0,174661.0,174750.0,174820.0,174930.0,175012.0,175115.0,175187.0,175261.0,175348.0,175448.0,175538.0,175612.0,175714.0,175800.0,175897.0,175996.0,176089.0,176210.0,176345.0,176480.0,176597.0,176717.0,176832.0,176950.0,177070.0,177229.0,177338.0,177470.0,177639.0,177769.0,177868.0,177960.0,178108.0,178212.0,178343.0,178474.0,178543.0,178623.0,178717.0,178851.0,178980.0,179112.0,179215.0,179318.0,179428.0,179539.0,179657.0,179743.0,179840.0,179943.0,180025.0,180100.0,180185.0,180258.0,180340.0,180446.0,180531.0,180594.0,180672.0,180756.0,180834.0,180922.0,180982.0,181049.0,181104.0,181167.0,,181329.0,181397.0,181471.0,181534.0,181600.0,181662.0,181723.0,181803.0,181882.0,181965.0,182031.0,182084.0,182148.0,182224.0,182313.0,182419.0,182508.0,182603.0,182702.0,182774.0,182858.0,182928.0,183006.0,183080.0,183166.0,183228.0,183286.0,183350.0,183434.0,183504.0,183576.0,183671.0,183736.0,183808.0,183871.0,183947.0,184035.0,184101.0,184173.0,184239.0,184303.0,184367.0,184450.0,184534.0,184603.0,184695.0,184846.0,184957.0,185079.0,185262.0,185404.0,185528.0,185628.0,185734.0,185861.0,185942.0,186063.0,186125.0,186221.0,186296.0,186367.0,186434.0,186517.0,186588.0,186692.0,186802.0,186913.0,187054.0,187174.0,187301.0,187427.0,187591.0,187758.0,187885.0,188021.0,188168.0,188466.0,188855.0,189094.0,189370.0,189604.0,189768.0,190017.0,190138.0,190279.0,190418.0,190572.0,190691.0,190768.0,190816.0,190873.0,190949.0,191048.0,191135.0,191206.0,191268.0,191316.0,191361.0,191414.0,191460.0,191516.0,191588.0,191647.0,191688.0,191745.0,191803.0,191860.0,191926.0,191973.0,192011.0,192066.0,192123.0,192170.0,192211
5rsVcazChAQ,19676567.0,19677076.0,19677584.0,19678145.0,19678679.0,19679292.0,19679881.0,19680579.0,19681247.0,19681858.0,19682430.0,19683043.0,19683799.0,19684449.0,19685224.0,19685977.0,19687296.0,19688599.0,19689790.0,19690800.0,19691804.0,19692820.0,19693643.0,19694389.0,19695115.0,19695916.0,19696671.0,19697445.0,19698210.0,19698918.0,19699600.0,19700227.0,19700953.0,19701621.0,19702338.0,19702989.0,19703752.0,19704415.0,19705106.0,19705824.0,19706448.0,19707083.0,19707715.0,19708410.0,19709174.0,19709818.0,19710406.0,19711105.0,19711832.0,19712491.0,19713128.0,19713804.0,19714385.0,19714996.0,19715577.0,19716057.0,19716681.0,19717295.0,19717848.0,19718445.0,19719023.0,19719605.0,19720107.0,19720722.0,19721287.0,19721939.0,19722547.0,19723111.0,19723649.0,19724353.0,19724930.0,19725483.0,19726133.0,19726672.0,19727281.0,19727826.0,19728386.0,19728984.0,19729621.0,19730176.0,19730760.0,19731355.0,19731958.0,19732607.0,19733242.0,19733840.0,19734367.0,19734924.0,19735477.0,19735993.0,19736462.0,19737041.0,19737611.0,19738245.0,19738891.0,19739431.0,19739995.0,19740471.0,19740888.0,19741405.0,19742006.0,19742659.0,19743109.0,19743569.0,19744035.0,19744531.0,19745067.0,19745557.0,19746083.0,19746558.0,19746949.0,19747374.0,19747786.0,19748276.0,19748818.0,19749342.0,19749837.0,19750348.0,19750852.0,19751319.0,19751808.0,19752299.0,19752810.0,19753288.0,19753770.0,19754209.0,19754695.0,19755250.0,19755842.0,19756353.0,19756807.0,19757262.0,19757771.0,19758281.0,,,,,,,,,19762665.0,19763150.0,19763749.0,19764573.0,19765349.0,19766156.0,19766829.0,19767503.0,19768166.0,19768769.0,19769385.0,19769872.0,19770429.0,19770930.0,19771412.0,19771901.0,19772378.0,19772787.0,19773242.0,19773693.0,19774116.0,19774587.0,19775038.0,19775468.0,19775904.0,19776315.0,19776774.0,19777232.0,19777675.0,19778130.0,19778515.0,19778910.0,19779329.0,19779689.0,19780086.0,19780545.0,19780872.0,19781270.0,19781680.0,19782097.0,19782494.0,19782944.0,19783491.0,19783956.0,19784350.0,19784736.0,19785240.0,19785687.0,19786066.0,19786431.0,19786905.0,19787266.0,19787591.0,19787980.0,19788345.0,19788758.0,19789184.0,19789549.0,19789959.0,19790294.0,19790733.0,19791107.0,19791390.0,19791848.0,19792223.0,19792569.0,19792969.0,19793400.0,19793807.0,19794160.0,19794577.0,19795065.0,19795562.0,19796027.0,19796474.0,19796914.0,19797412.0,19797887.0,19798253.0,19798674.0,19799021.0,19799317.0,19799664.0,19800084.0,19800487.0,19800867.0,19801269.0,19801641.0,19802049.0,19802361.0,19802785.0,19803262.0,19803850.0,19804264.0,19804639.0,19805045.0,19805438.0,19805838.0,19806280.0,19806680.0,19807066.0,19807489.0,19807823.0,19808226.0,19808667.0,19809082.0,19809525.0,19809856.0,19810261.0,19810632.0,19811003.0,19811367.0,19811717.0,19812094.0,19812451.0,19812773.0,19813127.0,19813454.0,19813825.0,19814246.0,19814574.0,,19815391.0,19815786.0,19816120.0,19816422.0,19816910.0,19817254.0,19817656.0,19818000.0,19818354.0,19818722.0,19819107.0,19819516.0,19819917.0,19820306.0,19820670.0,19821082.0,19821425.0,19821864.0,19822343.0,19822767.0,19823149.0,19823560.0,19823890.0,19824323.0,19824732.0,19825104.0,19825523.0,19825854.0,19826280.0,19826630.0,19826996.0,19827356.0,19827760.0,19828148.0,19828509.0,19828923.0,19829314.0,19829697.0,19830116.0,19830534.0,19830919.0,19831354.0,19831754.0,19832184.0,19832610.0,19832999.0,19833420.0,19833802.0,19834280.0,19834668.0,19835077.0,19835498.0,19835881.0,19836318.0,19836710.0,19837089.0,19837441.0,19837766.0,19838145.0,19838480.0,19838847.0,19839200.0,19839494.0,19839787.0,19840126.0,19840443.0,19840853.0,19841190.0,19841497.0,19841891.0,19842271.0,19842634.0,19843007.0,19843342.0,19843788.0,19844216.0,19844667.0,19845079.0,19845473.0,19845846.0,19846300.0,19846612.0,19847066.0,19847425.0,19847817.0,19848182.0,19848515.0,19848885.0,19849250.0,19849626.0,19849985.0,19850403.0,19850811.0,19851137.0,19851576.0,19852026.0,19852414.0,19852828.0,19853205.0,19853638.0,19854039.0,19854460.0,19854820.0,19855241.0,19855613.0,19855952.0,19856365.0,19856771.0,19857125.0,19857479.0,19857828.0,19858156.0,19858494.0,19858813
LYlWWFu-nlI,67938.0,67964.0,67979.0,67998.0,68017.0,68036.0,68062.0,68092.0,68125.0,68148.0,68173.0,68186.0,68213.0,68246.0,68274.0,68286.0,68310.0,68331.0,68352.0,68383.0,68410.0,68440.0,68472.0,68489.0,68510.0,68534.0,68546.0,68563.0,68581.0,68611.0,68638.0,68654.0,68668.0,68696.0,68726.0,68754.0,68780.0,68800.0,68815.0,68837.0,68857.0,68874.0,68903.0,68920.0,68940.0,68961.0,68974.0,68989.0,69015.0,69027.0,69050.0,69069.0,69085.0,69095.0,69118.0,69136.0,69154.0,69176.0,69188.0,69197.0,69208.0,69241.0,69264.0,69279.0,69293.0,69316.0,69328.0,69343.0,69364.0,69388.0,69415.0,69439.0,69461.0,69476.0,69491.0,69517.0,69534.0,69558.0,69583.0,69603.0,69625.0,69643.0,69672.0,69699.0,69725.0,69747.0,69761.0,69782.0,69813.0,69837.0,69855.0,69888.0,69909.0,69921.0,69933.0,69953.0,69969.0,69981.0,69995.0,70024.0,70039.0,70050.0,70064.0,70076.0,70093.0,70119.0,70141.0,70160.0,70182.0,70203.0,70228.0,70252.0,70275.0,70297.0,70322.0,70354.0,70378.0,70398.0,70420.0,70440.0,70470.0,70494.0,70521.0,70560.0,70580.0,70604.0,70634.0,70658.0,70672.0,70691.0,70709.0,70732.0,70773.0,70798.0,,,,,,,,,70997.0,71022.0,71039.0,71056.0,71084.0,71106.0,71125.0,71141.0,71160.0,71181.0,71198.0,71215.0,71231.0,71240.0,71257.0,71276.0,71292.0,71319.0,71331.0,71347.0,71361.0,71379.0,71395.0,71413.0,71426.0,71438.0,71449.0,71466.0,71476.0,71489.0,71500.0,71513.0,71526.0,71547.0,71564.0,71572.0,71580.0,71596.0,71611.0,71626.0,71647.0,71667.0,71679.0,71701.0,71716.0,71735.0,71749.0,71778.0,71797.0,71810.0,71823.0,71837.0,71854.0,71867.0,71875.0,71886.0,71900.0,71907.0,71912.0,71926.0,71943.0,71955.0,71977.0,72000.0,72010.0,72029.0,72046.0,72072.0,72089.0,72114.0,72131.0,72153.0,72183.0,72203.0,72222.0,72236.0,72262.0,72280.0,72303.0,72318.0,72341.0,72355.0,72370.0,72395.0,72406.0,72418.0,72434.0,72455.0,72480.0,72497.0,72521.0,72543.0,72560.0,72580.0,72603.0,72636.0,72669.0,72700.0,72721.0,72742.0,72765.0,72780.0,72810.0,72839.0,72871.0,72891.0,72907.0,72930.0,72958.0,72978.0,72990.0,73021.0,73041.0,73056.0,73070.0,73087.0,73100.0,73124.0,73143.0,73159.0,73181.0,,73239.0,73265.0,73291.0,73322.0,73344.0,73360.0,73383.0,73408.0,73426.0,73451.0,73482.0,73503.0,73521.0,73543.0,73563.0,73595.0,73624.0,73662.0,73692.0,73714.0,73736.0,73760.0,73790.0,73843.0,73866.0,73885.0,73902.0,73937.0,73952.0,73981.0,74007.0,74039.0,74058.0,74082.0,74103.0,74124.0,74158.0,74182.0,74203.0,74227.0,74265.0,74289.0,74315.0,74348.0,74378.0,74426.0,74457.0,74492.0,74521.0,74544.0,74579.0,74607.0,74633.0,74670.0,74696.0,74707.0,74731.0,74760.0,74789.0,74814.0,74836.0,74861.0,74890.0,74906.0,74932.0,74958.0,74985.0,75000.0,75013.0,75030.0,75048.0,75068.0,75090.0,75115.0,75133.0,75144.0,75160.0,75187.0,75207.0,75236.0,75276.0,75300.0,75318.0,75328.0,75346.0,75364.0,75381.0,75407.0,75441.0,75456.0,75490.0,75514.0,75541.0,75569.0,75600.0,75623.0,75644.0,75664.0,75688.0,75707.0,75735.0,75762.0,75776.0,75792.0,75815.0,75836.0,75862.0,75884.0,75901.0,75922.0,75942.0,75971.0,76001.0,76024
vTznud_7VGE,46906.0,46928.0,46939.0,46947.0,46965.0,46975.0,46996.0,47014.0,47036.0,47066.0,47097.0,47125.0,47150.0,47163.0,47177.0,47200.0,47218.0,47245.0,47277.0,47300.0,47318.0,47337.0,47366.0,47389.0,47405.0,47422.0,47436.0,47447.0,47476.0,47492.0,47513.0,47522.0,47536.0,47564.0,47585.0,47605.0,47624.0,47645.0,47672.0,47697.0,47724.0,47749.0,47769.0,47798.0,47822.0,47848.0,47868.0,47887.0,47912.0,47930.0,47963.0,47976.0,47988.0,48007.0,48028.0,48042.0,48059.0,48080.0,48105.0,48124.0,48164.0,48202.0,48227.0,48266.0,48289.0,48317.0,48328.0,48364.0,48385.0,48400.0,48420.0,48445.0,48462.0,48506.0,48528.0,48547.0,48561.0,48576.0,48596.0,48614.0,48638.0,48656.0,48678.0,48714.0,48745.0,48764.0,48795.0,48827.0,48853.0,48868.0,48888.0,48908.0,48931.0,48961.0,48973.0,48998.0,49013.0,49034.0,49052.0,49075.0,49100.0,49120.0,49138.0,49147.0,49164.0,49180.0,49203.0,49218.0,49241.0,49258.0,49274.0,49307.0,49339.0,49362.0,49380.0,49396.0,49408.0,49432.0,49455.0,49470.0,49488.0,49516.0,49538.0,49563.0,49592.0,49613.0,49632.0,49659.0,49685.0,49710.0,49738.0,49765.0,49775.0,49811.0,,,,,,,,,49984.0,50006.0,50023.0,50043.0,50067.0,50091.0,50106.0,50120.0,50139.0,50160.0,50172.0,50190.0,50205.0,50223.0,50237.0,50251.0,50268.0,50285.0,50300.0,50317.0,50327.0,50344.0,50363.0,50381.0,50401.0,50420.0,50442.0,50463.0,50487.0,50497.0,50520.0,50546.0,50560.0,50573.0,50589.0,50617.0,50638.0,50655.0,50677.0,50693.0,50719.0,50729.0,50754.0,50777.0,50790.0,50814.0,50836.0,50852.0,50863.0,50883.0,50906.0,50920.0,50934.0,50952.0,50984.0,51005.0,51033.0,51049.0,51065.0,51083.0,51101.0,51130.0,51150.0,51166.0,51182.0,51192.0,51209.0,51220.0,51238.0,51249.0,51259.0,51275.0,51294.0,51331.0,51356.0,51379.0,51394.0,51410.0,51431.0,51461.0,51483.0,51506.0,51530.0,51555.0,51567.0,51591.0,51614.0,51634.0,51648.0,51666.0,51684.0,51713.0,51737.0,51759.0,51782.0,51806.0,51827.0,51856.0,51871.0,51882.0,51902.0,51931.0,51956.0,51987.0,52014.0,52050.0,52080.0,52112.0,52148.0,52185.0,52223.0,52246.0,52290.0,52332.0,52368.0,52410.0,52447.0,52503.0,52538.0,52596.0,52637.0,,52757.0,52810.0,52848.0,52893.0,52947.0,53006.0,53056.0,53121.0,53175.0,53239.0,53292.0,53354.0,53386.0,53414.0,53467.0,53495.0,53547.0,53586.0,53643.0,53680.0,53728.0,53768.0,53807.0,53831.0,53867.0,53911.0,53937.0,53970.0,53992.0,54029.0,54053.0,54078.0,54100.0,54121.0,54148.0,54166.0,54193.0,54210.0,54233.0,54261.0,54285.0,54306.0,54322.0,54354.0,54381.0,54408.0,54449.0,54479.0,54507.0,54533.0,54557.0,54579.0,54598.0,54626.0,54643.0,54662.0,54681.0,54702.0,54734.0,54751.0,54791.0,54814.0,54833.0,54864.0,54889.0,54914.0,54934.0,54960.0,54983.0,55010.0,55051.0,55085.0,55107.0,55135.0,55160.0,55188.0,55227.0,55252.0,55287.0,55314.0,55336.0,55354.0,55384.0,55411.0,55438.0,55469.0,55485.0,55504.0,55525.0,55558.0,55585.0,55610.0,55631.0,55656.0,55681.0,55709.0,55731.0,55758.0,55783.0,55819.0,55843.0,55877.0,55900.0,55925.0,55956.0,55976.0,56003.0,56016.0,56046.0,56065.0,56091.0,56107.0,56130.0,56150
GnqUeraaSE0,246067.0,246150.0,246228.0,246299.0,246394.0,246506.0,246594.0,246692.0,246811.0,246898.0,246976.0,247069.0,247174.0,247282.0,247386.0,247526.0,247645.0,247752.0,247910.0,248077.0,248205.0,248313.0,248426.0,248525.0,248617.0,248710.0,248877.0,249000.0,249128.0,249272.0,249355.0,249468.0,249595.0,249691.0,249840.0,249964.0,250061.0,250192.0,250268.0,250402.0,250511.0,250624.0,250721.0,250828.0,250914.0,250981.0,251087.0,251183.0,251306.0,251395.0,251466.0,251554.0,251615.0,251683.0,251764.0,251839.0,251912.0,251969.0,252015.0,252072.0,252131.0,252197.0,252257.0,252322.0,252422.0,252496.0,252543.0,252637.0,252722.0,252795.0,252862.0,252933.0,253007.0,253077.0,253159.0,253257.0,253331.0,253404.0,253474.0,253565.0,253626.0,253701.0,253773.0,253858.0,253935.0,254046.0,254129.0,254192.0,254304.0,254394.0,254502.0,254607.0,254728.0,254811.0,254866.0,254972.0,255046.0,255122.0,255227.0,255337.0,255432.0,255486.0,255579.0,255652.0,255731.0,255796.0,255862.0,255919.0,255969.0,256025.0,256095.0,256143.0,256192.0,256254.0,256314.0,256357.0,256407.0,256473.0,256529.0,256579.0,256625.0,256682.0,256725.0,256768.0,256815.0,256870.0,256911.0,256966.0,257014.0,257058.0,257152.0,257225.0,257284.0,257351.0,,,,,,,,,258050.0,258109.0,258200.0,258307.0,258398.0,258502.0,258592.0,258681.0,258751.0,258876.0,258988.0,259091.0,259183.0,259310.0,259420.0,259519.0,259717.0,259889.0,260046.0,260179.0,260284.0,260387.0,260501.0,260604.0,260707.0,260835.0,260968.0,261135.0,261241.0,261339.0,261546.0,261749.0,261962.0,262195.0,262470.0,262677.0,262908.0,263218.0,263546.0,264118.0,264920.0,265607.0,266158.0,266641.0,267282.0,268045.0,268830.0,269658.0,270480.0,271071.0,271572.0,272356.0,273104.0,273745.0,274532.0,275246.0,275846.0,276355.0,277039.0,277660.0,278404.0,278960.0,279704.0,280332.0,280851.0,281441.0,282119.0,282716.0,283229.0,283827.0,284391.0,284870.0,285321.0,285891.0,286458.0,287087.0,287522.0,288024.0,288405.0,288891.0,289343.0,289698.0,290087.0,290475.0,290826.0,291063.0,291404.0,291730.0,292071.0,292382.0,292665.0,292995.0,293199.0,293478.0,293740.0,294023.0,294274.0,294556.0,294781.0,294965.0,295225.0,295471.0,295622.0,295826.0,296008.0,296173.0,296327.0,296517.0,296684.0,296833.0,297001.0,297144.0,297306.0,297429.0,297522.0,297603.0,297674.0,297789.0,297890.0,297962.0,298035.0,,298253.0,298360.0,298434.0,298544.0,298628.0,298700.0,298758.0,298839.0,298910.0,298964.0,299047.0,299100.0,299143.0,299187.0,299249.0,299322.0,299387.0,299455.0,299500.0,299541.0,299591.0,299652.0,299699.0,299761.0,299806.0,299852.0,299905.0,299943.0,299985.0,300025.0,300068.0,300119.0,300161.0,300194.0,300232.0,300269.0,300323.0,300378.0,300435.0,300479.0,300520.0,300566.0,300609.0,300657.0,300713.0,300765.0,300827.0,300871.0,300924.0,300988.0,301064.0,301132.0,301212.0,301273.0,301332.0,301383.0,301447.0,301495.0,301557.0,301636.0,301708.0,301758.0,301823.0,301902.0,301964.0,302062.0,302185.0,302300.0,302399.0,302578.0,302656.0,302750.0,302849.0,302959.0,303036.0,303111.0,303248.0,303331.0,303407.0,303477.0,303571.0,303643.0,303695.0,303753.0,303810.0,303877.0,303928.0,303991.0,304048.0,304089.0,304118.0,304157.0,304206.0,304254.0,304305.0,304358.0,304394.0,304447.0,304494.0,304543.0,304597.0,304635.0,304683.0,304738.0,304803.0,304875.0,304924.0,304985.0,305060.0,305122.0,305176.0,305245.0,305324.0,305396
Ok8hHpA0Y28,455002.0,455090.0,455176.0,455247.0,455347.0,455435.0,455499.0,455587.0,455665.0,455736.0,455820.0,455899.0,455977.0,456075.0,456147.0,456204.0,456286.0,456336.0,456440.0,456531.0,456616.0,456702.0,456783.0,456866.0,456929.0,457007.0,457104.0,457201.0,457290.0,457365.0,457440.0,457506.0,457601.0,457677.0,457791.0,457897.0,458003.0,458102.0,458191.0,458268.0,458347.0,458471.0,458561.0,458654.0,458734.0,458815.0,458897.0,458981.0,459066.0,459204.0,459279.0,459373.0,459449.0,459531.0,459602.0,459680.0,459763.0,459850.0,459933.0,460003.0,460066.0,460167.0,460265.0,460360.0,460493.0,460611.0,460685.0,460798.0,460877.0,461016.0,461118.0,461216.0,461303.0,461390.0,461573.0,461703.0,461888.0,462003.0,462137.0,462270.0,462384.0,462498.0,462625.0,462738.0,462858.0,462949.0,463036.0,463108.0,463213.0,463293.0,463386.0,463477.0,463564.0,463637.0,463697.0,463766.0,463848.0,463929.0,464004.0,464084.0,464171.0,464268.0,464351.0,464441.0,464515.0,464619.0,464701.0,464800.0,464868.0,464976.0,465060.0,465145.0,465223.0,465304.0,465388.0,465463.0,465536.0,465609.0,465685.0,465771.0,465854.0,465936.0,466003.0,466072.0,466150.0,466239.0,466324.0,466414.0,466477.0,466564.0,466649.0,466729.0,466817.0,466887.0,,,,,,,,,467621.0,467702.0,467792.0,467876.0,467959.0,468028.0,468108.0,468189.0,468254.0,468339.0,468426.0,468525.0,468629.0,468726.0,468803.0,468881.0,468983.0,469061.0,469154.0,469265.0,469331.0,469450.0,469541.0,469624.0,469721.0,469829.0,469943.0,470062.0,470139.0,470235.0,470317.0,470409.0,470536.0,470603.0,470683.0,470766.0,470832.0,470915.0,471029.0,471125.0,471226.0,471313.0,471390.0,471453.0,471545.0,471620.0,471714.0,471810.0,471897.0,471969.0,472043.0,472131.0,472224.0,472307.0,472381.0,472476.0,472550.0,472642.0,472734.0,472852.0,472910.0,472983.0,473062.0,473148.0,473229.0,473323.0,473454.0,473572.0,473667.0,473768.0,473870.0,473970.0,474083.0,474210.0,474327.0,474447.0,474593.0,474693.0,474782.0,474863.0,474976.0,475053.0,475195.0,475319.0,475406.0,475507.0,475630.0,475736.0,475854.0,475959.0,476054.0,476160.0,476279.0,476373.0,476499.0,476613.0,476728.0,476829.0,476927.0,477011.0,477104.0,477201.0,477314.0,477432.0,477544.0,477632.0,477716.0,477817.0,477927.0,478063.0,478173.0,478314.0,478443.0,478552.0,478669.0,478758.0,478863.0,478977.0,479115.0,479261.0,479366.0,,479610.0,479758.0,479884.0,480018.0,480135.0,480251.0,480357.0,480483.0,480622.0,480762.0,480905.0,481010.0,481091.0,481208.0,481323.0,481448.0,481577.0,481730.0,481857.0,481951.0,482092.0,482226.0,482368.0,482515.0,482670.0,482792.0,482894.0,483032.0,483180.0,483325.0,483477.0,483613.0,483728.0,483815.0,483914.0,484007.0,484118.0,484260.0,484425.0,484526.0,484632.0,484761.0,484889.0,485035.0,485145.0,485299.0,485479.0,485655.0,485895.0,486163.0,486428.0,486629.0,486806.0,487036.0,487193.0,487406.0,487761.0,487956.0,488180.0,488473.0,488792.0,489054.0,489405.0,489776.0,490297.0,490809.0,491210.0,491579.0,491935.0,492331.0,492742.0,493228.0,493629.0,494060.0,494599.0,495064.0,495491.0,496000.0,496475.0,496964.0,497437.0,497802.0,498050.0,498245.0,498448.0,498644.0,498841.0,499021.0,499141.0,499248.0,499349.0,499477.0,499614.0,499762.0,499899.0,500017.0,500118.0,500227.0,500351.0,500473.0,500590.0,500705.0,500851.0,500953.0,501136.0,501359.0,501606.0,501822.0,502089.0,502251.0,502458.0,502721.0,502969.0,503200
6KhehG5LgVM,2137667.0,2137990.0,2138283.0,2138671.0,2138859.0,2139135.0,2139385.0,2139644.0,2139825.0,2140190.0,2140551.0,2140813.0,2141075.0,2141344.0,2141683.0,2142084.0,2142499.0,2142973.0,2143342.0,2143734.0,2144152.0,2144507.0,2144934.0,2145529.0,2146212.0,2146643.0,2147160.0,2147754.0,2148379.0,2148995.0,2149742.0,2150280.0,2150825.0,2151228.0,2151831.0,2152437.0,2153190.0,2154016.0,2154905.0,2155730.0,2156441.0,2157211.0,2157906.0,2158805.0,2159855.0,2160663.0,2161352.0,2162102.0,2162737.0,2163534.0,2164439.0,2165591.0,2166674.0,2167501.0,2168314.0,2169186.0,2170050.0,2170937.0,2171754.0,2172412.0,2173259.0,2173922.0,2174689.0,2175253.0,2175928.0,2176653.0,2177176.0,2177780.0,2178178.0,2178756.0,2179199.0,2179671.0,2180182.0,2180703.0,2181252.0,2181656.0,2182225.0,2182708.0,2183239.0,2184005.0,2184696.0,2185339.0,2185878.0,2186342.0,2186708.0,2187348.0,2187931.0,2188426.0,2188858.0,2189252.0,2189687.0,2190154.0,2190544.0,2191165.0,2191733.0,2192110.0,2192592.0,2193055.0,2193452.0,2193802.0,2194352.0,2194906.0,2195364.0,2195810.0,2196163.0,2196615.0,2197139.0,2197958.0,2198555.0,2198938.0,2199407.0,2199840.0,2200245.0,2200728.0,2201350.0,2202216.0,2202690.0,2203317.0,2203714.0,2204198.0,2204888.0,2205518.0,2206117.0,2206641.0,2207153.0,2207677.0,2208143.0,2208603.0,2209041.0,2209514.0,2209830.0,2210225.0,2210783.0,2211142.0,,,,,,,,,2215737.0,2216275.0,2216748.0,2217233.0,2217605.0,2217995.0,2218388.0,2218988.0,2219730.0,2220188.0,2220673.0,2221131.0,2221660.0,2222151.0,2222817.0,2223366.0,2223680.0,2224064.0,2224454.0,2224795.0,2225156.0,2225727.0,2226249.0,2226678.0,2227118.0,2227598.0,2228152.0,2228595.0,2229172.0,2229741.0,2230147.0,2230540.0,2230986.0,2231419.0,2231832.0,2232302.0,2232840.0,2233201.0,2233559.0,2233967.0,2234354.0,2234628.0,2235241.0,2235808.0,2236096.0,2236444.0,2236732.0,2237123.0,2237490.0,2237840.0,2238301.0,2238604.0,2238980.0,2239264.0,2239577.0,2239994.0,2240509.0,2241032.0,2241402.0,2241887.0,2242338.0,2242796.0,2243203.0,2243589.0,2243968.0,2244366.0,2244747.0,2245113.0,2245555.0,2246017.0,2246532.0,2246992.0,2247383.0,2247738.0,2248126.0,2248534.0,2248882.0,2249407.0,2249944.0,2250454.0,2250908.0,2251252.0,2251759.0,2252233.0,2252778.0,2253221.0,2253678.0,2254043.0,2254410.0,2254859.0,2255402.0,2255997.0,2256629.0,2257141.0,2257579.0,2258039.0,2258509.0,2259123.0,2259705.0,2260449.0,2261025.0,2261513.0,2261983.0,2262412.0,2262814.0,2263326.0,2263913.0,2264332.0,2264753.0,2265125.0,2265510.0,2265944.0,2266615.0,2267076.0,2267594.0,2268054.0,2268581.0,2268955.0,2269315.0,2269811.0,2270320.0,,2271155.0,2271584.0,2271960.0,2272517.0,2273183.0,2273842.0,2274376.0,2274764.0,2275184.0,2275486.0,2275813.0,2276278.0,2276712.0,2276978.0,2277338.0,2277645.0,2277992.0,2278465.0,2278995.0,2279474.0,2279859.0,2280210.0,2280523.0,2280892.0,2281195.0,2281703.0,2282102.0,2282413.0,2282774.0,2283162.0,2283451.0,2283769.0,2284109.0,2284538.0,2284803.0,2285050.0,2285288.0,2285617.0,2285935.0,2286274.0,2286700.0,2287001.0,2287362.0,2287709.0,2287996.0,2288463.0,2289002.0,2289438.0,2289691.0,2290015.0,2290495.0,2290876.0,2291282.0,2291790.0,2292154.0,2292495.0,2292906.0,2293214.0,2293562.0,2293906.0,2294340.0,2294796.0,2295132.0,2295521.0,2295897.0,2296348.0,2296830.0,2297321.0,2297825.0,2298283.0,2298705.0,2299132.0,2299579.0,2299976.0,2300449.0,2300992.0,2301364.0,2301816.0,2302219.0,2302648.0,2303049.0,2303592.0,2304113.0,2304499.0,2304924.0,2305336.0,2305815.0,2306270.0,2306861.0,2307369.0,2307790.0,2308212.0,2308620.0,2309023.0,2309410.0,2309864.0,2310246.0,2310660.0,2310963.0,2311427.0,2311660.0,2311916.0,2312242.0,2312519.0,2312737.0,2313012.0,2313283.0,2313502.0,2313666.0,2313989.0,2314243.0,2314502.0,2314726.0,2314933
6Yae6OOhW_M,58706.0,58713.0,58723.0,58736.0,58754.0,58766.0,58772.0,58790.0,58809.0,58820.0,58832.0,58847.0,58858.0,58868.0,58882.0,58900.0,58912.0,58921.0,58935.0,58945.0,58956.0,58971.0,58976.0,58990.0,59008.0,59014.0,59025.0,59038.0,59056.0,59061.0,59073.0,59084.0,59101.0,59109.0,59125.0,59138.0,59149.0,59153.0,59160.0,59173.0,59186.0,59202.0,59215.0,59230.0,59245.0,59261.0,59270.0,59288.0,59303.0,59313.0,59325.0,59342.0,59356.0,59366.0,59374.0,59387.0,59396.0,59407.0,59416.0,59427.0,59442.0,59453.0,59466.0,59498.0,59515.0,59526.0,59541.0,59555.0,59567.0,59586.0,59604.0,59614.0,59634.0,59644.0,59663.0,59684.0,59700.0,59706.0,59720.0,59726.0,59742.0,59750.0,59759.0,59772.0,59789.0,59802.0,59814.0,59824.0,59832.0,59850.0,59863.0,59873.0,59888.0,59899.0,59912.0,59924.0,59945.0,59954.0,59963.0,59969.0,59978.0,59992.0,60018.0,60032.0,60045.0,60058.0,60071.0,60075.0,60087.0,60129.0,60151.0,60165.0,60176.0,60208.0,60217.0,60242.0,60259.0,60277.0,60306.0,60323.0,60339.0,60358.0,60369.0,60388.0,60399.0,60414.0,60428.0,60445.0,60466.0,60483.0,60497.0,60514.0,60532.0,60548.0,,,,,,,,,60676.0,60685.0,60699.0,60710.0,60721.0,60736.0,60750.0,60764.0,60774.0,60798.0,60811.0,60825.0,60842.0,60854.0,60868.0,60882.0,60894.0,60915.0,60928.0,60937.0,60952.0,60962.0,60973.0,60982.0,60985.0,60994.0,61018.0,61032.0,61044.0,61057.0,61071.0,61080.0,61091.0,61103.0,61115.0,61128.0,61138.0,61149.0,61162.0,61173.0,61186.0,61203.0,61216.0,61224.0,61229.0,61242.0,61256.0,61268.0,61278.0,61288.0,61298.0,61312.0,61324.0,61336.0,61359.0,61374.0,61394.0,61413.0,61434.0,61453.0,61478.0,61495.0,61515.0,61529.0,61540.0,61558.0,61578.0,61591.0,61608.0,61615.0,61632.0,61656.0,61674.0,61703.0,61725.0,61747.0,61775.0,61802.0,61825.0,61851.0,61878.0,61900.0,61927.0,61959.0,61988.0,62011.0,62039.0,62058.0,62087.0,62113.0,62143.0,62175.0,62199.0,62230.0,62264.0,62309.0,62345.0,62380.0,62414.0,62442.0,62465.0,62494.0,62528.0,62567.0,62592.0,62614.0,62640.0,62658.0,62687.0,62712.0,62737.0,62769.0,62789.0,62816.0,62842.0,62874.0,62897.0,62916.0,62933.0,62959.0,62975.0,,63018.0,63052.0,63082.0,63111.0,63130.0,63152.0,63173.0,63199.0,63221.0,63252.0,63275.0,63305.0,63330.0,63364.0,63378.0,63413.0,63445.0,63474.0,63499.0,63535.0,63571.0,63604.0,63634.0,63662.0,63689.0,63716.0,63742.0,63777.0,63820.0,63855.0,63887.0,63926.0,63961.0,63981.0,64002.0,64038.0,64083.0,64115.0,64154.0,64186.0,64224.0,64256.0,64307.0,64339.0,64399.0,64444.0,64510.0,64578.0,64659.0,64739.0,64826.0,64886.0,64956.0,65030.0,65086.0,65130.0,65176.0,65211.0,65262.0,65325.0,65389.0,65451.0,65503.0,65562.0,65633.0,65719.0,65840.0,65930.0,66002.0,66110.0,66186.0,66259.0,66375.0,66486.0,66613.0,66677.0,66918.0,67399.0,67913.0,68318.0,68755.0,69172.0,69402.0,69558.0,69700.0,69825.0,69940.0,70038.0,70148.0,70233.0,70306.0,70443.0,70615.0,70827.0,70982.0,71134.0,71258.0,71388.0,71530.0,71658.0,71780.0,71880.0,71957.0,72052.0,72136.0,72219.0,72317.0,72417.0,72527.0,72628.0,72706.0,72795.0,72894.0,72995
wnpNJTYI2kQ,6439012.0,6439140.0,6439298.0,6439467.0,6439608.0,6439753.0,6439910.0,6440048.0,6440163.0,6440318.0,6440448.0,6440596.0,6440741.0,6440885.0,6441023.0,6441142.0,6441266.0,6441405.0,6441529.0,6441654.0,6441792.0,6441917.0,6442042.0,6442181.0,6442285.0,6442403.0,6442497.0,6442637.0,6442763.0,6442896.0,6443023.0,6443155.0,6443256.0,6443390.0,6443520.0,6443648.0,6443832.0,6443987.0,6444113.0,6444239.0,6444375.0,6444472.0,6444607.0,6444739.0,6444879.0,6444988.0,6445113.0,6445222.0,6445326.0,6445422.0,6445570.0,6445694.0,6445804.0,6445914.0,6446043.0,6446180.0,6446281.0,6446390.0,6446502.0,6446597.0,6446723.0,6446827.0,6446946.0,6447054.0,6447157.0,6447257.0,6447373.0,6447501.0,6447602.0,6447710.0,6447810.0,6447920.0,6448023.0,6448105.0,6448209.0,6448314.0,6448426.0,6448534.0,6448630.0,6448726.0,6448849.0,6448949.0,6449072.0,6449170.0,6449292.0,6449393.0,6449542.0,6449712.0,6449856.0,6450008.0,6450142.0,6450246.0,6450380.0,6450562.0,6450725.0,6450892.0,6451049.0,6451224.0,6451391.0,6451570.0,6451779.0,6451901.0,6452053.0,6452215.0,6452365.0,6452551.0,6452707.0,6452867.0,6453050.0,6453219.0,6453377.0,6453569.0,6453730.0,6453875.0,6454038.0,6454228.0,6454405.0,6454570.0,6454742.0,6454911.0,6455087.0,6455269.0,6455466.0,6455665.0,6455823.0,6456006.0,6456153.0,6456308.0,6456473.0,6456633.0,6456795.0,6456921.0,6457086.0,6457237.0,,,,,,,,,6458655.0,6458839.0,6458972.0,6459174.0,6459376.0,6459550.0,6459721.0,6459864.0,6460056.0,6460213.0,6460350.0,6460542.0,6460703.0,6460845.0,6461065.0,6461284.0,6461483.0,6461710.0,6461926.0,6462085.0,6462252.0,6462408.0,6462579.0,6462738.0,6462934.0,6463081.0,6463236.0,6463424.0,6463594.0,6463727.0,6463869.0,6464030.0,6464176.0,6464314.0,6464446.0,6464608.0,6464741.0,6464891.0,6465044.0,6465176.0,6465313.0,6465429.0,6465585.0,6465703.0,6465821.0,6465963.0,6466102.0,6466252.0,6466401.0,6466538.0,6466694.0,6466860.0,6466986.0,6467135.0,6467252.0,6467408.0,6467594.0,6467744.0,6467876.0,6468047.0,6468178.0,6468316.0,6468436.0,6468585.0,6468734.0,6468874.0,6469021.0,6469182.0,6469310.0,6469416.0,6469535.0,6469651.0,6469773.0,6469935.0,6470063.0,6470190.0,6470312.0,6470444.0,6470582.0,6470745.0,6470881.0,6470967.0,6471113.0,6471302.0,6471450.0,6471615.0,6471779.0,6471912.0,6472062.0,6472237.0,6472351.0,6472496.0,6472661.0,6472795.0,6472915.0,6473088.0,6473231.0,6473391.0,6473569.0,6473746.0,6473901.0,6474029.0,6474184.0,6474311.0,6474466.0,6474596.0,6474769.0,6474891.0,6475028.0,6475171.0,6475272.0,6475404.0,6475534.0,6475645.0,6475760.0,6475919.0,6476046.0,6476199.0,6476337.0,6476451.0,6476605.0,,6476888.0,6477031.0,6477146.0,6477243.0,6477395.0,6477516.0,6477651.0,6477752.0,6477873.0,6478041.0,6478148.0,6478264.0,6478425.0,6478577.0,6478723.0,6478870.0,6479037.0,6479180.0,6479377.0,6479513.0,6479645.0,6479807.0,6479926.0,6480085.0,6480219.0,6480357.0,6480495.0,6480665.0,6480815.0,6480927.0,6481078.0,6481205.0,6481333.0,6481497.0,6481627.0,6481776.0,6481912.0,6482067.0,6482217.0,6482344.0,6482479.0,6482598.0,6482734.0,6482899.0,6483028.0,6483177.0,6483322.0,6483454.0,6483618.0,6483743.0,6483873.0,6484003.0,6484169.0,6484302.0,6484405.0,6484536.0,6484667.0,6484828.0,6485007.0,6485184.0,6485386.0,6485587.0,6485767.0,6485932.0,6486106.0,6486243.0,6486365.0,6486490.0,6486639.0,6486802.0,6486893.0,6487020.0,6487133.0,6487273.0,6487415.0,6487581.0,6487723.0,6487894.0,6488058.0,6488221.0,6488383.0,6488565.0,6488707.0,6488862.0,6488994.0,6489132.0,6489283.0,6489432.0,6489555.0,6489689.0,6489846.0,6489988.0,6490131.0,6490262.0,6490379.0,6490545.0,6490692.0,6490831.0,6490961.0,6491090.0,6491218.0,6491352.0,6491485.0,6491616.0,6491753.0,6491878.0,6492025.0,6492153.0,6492267.0,6492384.0,6492495.0,6492607.0,6492732.0,6492841
wnpNJTYI2kQ,6439012.0,6439140.0,6439298.0,6439467.0,6439608.0,6439753.0,6439910.0,6440048.0,6440163.0,6440318.0,6440448.0,6440596.0,6440741.0,6440885.0,6441023.0,6441142.0,6441266.0,6441405.0,6441529.0,6441654.0,6441792.0,6441917.0,6442042.0,6442182.0,6442285.0,6442403.0,6442497.0,6442637.0,6442763.0,6442896.0,6443023.0,6443155.0,6443256.0,6443390.0,6443520.0,6443648.0,6443832.0,6443987.0,6444113.0,6444239.0,6444375.0,6444472.0,6444607.0,6444739.0,6444879.0,6444988.0,6445113.0,6445222.0,6445309.0,6445422.0,6445570.0,6445694.0,6445804.0,6445914.0,6446058.0,6446180.0,6446281.0,6446390.0,6446502.0,6446597.0,6446723.0,6446826.0,6446946.0,6447054.0,6447143.0,6447257.0,6447373.0,6447501.0,6447602.0,6447710.0,6447810.0,6447920.0,6448023.0,6448105.0,6448207.0,6448314.0,6448426.0,6448534.0,6448630.0,6448726.0,6448849.0,6448949.0,6449072.0,6449170.0,6449292.0,6449393.0,6449542.0,6449712.0,6449852.0,6450008.0,6450142.0,6450246.0,6450380.0,6450562.0,6450725.0,6450892.0,6451049.0,6451224.0,6451391.0,6451570.0,6451779.0,6451901.0,6452053.0,6452215.0,6452374.0,6452551.0,6452707.0,6452867.0,6453050.0,6453219.0,6453377.0,6453569.0,6453730.0,6453875.0,6454038.0,6454228.0,6454405.0,6454570.0,6454742.0,6454911.0,6455087.0,6455269.0,6455466.0,6455665.0,6455823.0,6456006.0,6456153.0,6456308.0,6456473.0,6456633.0,6456795.0,6456914.0,6457086.0,6457237.0,,,,,,,,,6458655.0,6458839.0,6458972.0,6459174.0,6459376.0,6459550.0,6459721.0,6459866.0,6460054.0,6460213.0,6460350.0,6460542.0,6460703.0,6460874.0,6461065.0,6461284.0,6461483.0,6461710.0,6461906.0,6462085.0,6462248.0,6462408.0,6462579.0,6462738.0,6462934.0,6463081.0,6463236.0,6463424.0,6463594.0,6463727.0,6463869.0,6464030.0,6464176.0,6464314.0,6464446.0,6464608.0,6464741.0,6464891.0,6465044.0,6465176.0,6465313.0,6465429.0,6465585.0,6465703.0,6465821.0,6465963.0,6466102.0,6466252.0,6466401.0,6466536.0,6466694.0,6466860.0,6466986.0,6467135.0,6467252.0,6467408.0,6467594.0,6467744.0,6467876.0,6468031.0,6468178.0,6468316.0,6468436.0,6468585.0,6468734.0,6468874.0,6469021.0,6469182.0,6469310.0,6469416.0,6469535.0,6469651.0,6469773.0,6469935.0,6470063.0,6470190.0,6470312.0,6470444.0,6470582.0,6470745.0,6470881.0,6470975.0,6471113.0,6471302.0,6471450.0,6471615.0,6471779.0,6471912.0,6472062.0,6472237.0,6472351.0,6472496.0,6472661.0,6472795.0,6472915.0,6473088.0,6473231.0,6473391.0,6473569.0,6473746.0,6473901.0,6474048.0,6474184.0,6474311.0,6474466.0,6474596.0,6474769.0,6474891.0,6475028.0,6475155.0,6475272.0,6475404.0,6475533.0,6475645.0,6475760.0,6475919.0,6476046.0,6476199.0,6476337.0,6476451.0,6476605.0,,6476888.0,6477031.0,6477146.0,6477243.0,6477395.0,6477516.0,6477651.0,6477752.0,6477873.0,6478041.0,6478148.0,6478264.0,6478425.0,6478577.0,6478723.0,6478870.0,6479037.0,6479180.0,6479377.0,6479513.0,6479645.0,6479807.0,6479926.0,6480086.0,6480219.0,6480357.0,6480495.0,6480665.0,6480815.0,6480927.0,6481078.0,6481205.0,6481333.0,6481497.0,6481627.0,6481776.0,6481912.0,6482067.0,6482217.0,6482344.0,6482479.0,6482598.0,6482734.0,6482899.0,6483028.0,6483177.0,6483322.0,6483454.0,6483615.0,6483743.0,6483873.0,6484003.0,6484169.0,6484302.0,6484405.0,6484536.0,6484667.0,6484828.0,6485007.0,6485184.0,6485386.0,6485587.0,6485767.0,6485932.0,6486106.0,6486243.0,6486365.0,6486490.0,6486639.0,6486802.0,6486893.0,6487020.0,6487133.0,6487270.0,6487415.0,6487581.0,6487739.0,6487903.0,6488058.0,6488221.0,6488383.0,6488565.0,6488707.0,6488862.0,6488980.0,6489141.0,6489283.0,6489432.0,6489555.0,6489691.0,6489849.0,6489988.0,6490131.0,6490256.0,6490379.0,6490545.0,6490686.0,6490831.0,6490961.0,6491083.0,6491209.0,6491352.0,6491485.0,6491599.0,6491753.0,6491878.0,6492025.0,6492154.0,6492267.0,6492384.0,6492495.0,6492607.0,6492732.0,6492841
w1YuAJFlVRs,23578332.0,23579593.0,23580869.0,23582078.0,23583352.0,23584551.0,23585789.0,23587161.0,23588388.0,23589643.0,23590885.0,23592020.0,23593278.0,23594657.0,23596475.0,23597853.0,23599217.0,23600636.0,23602026.0,23603391.0,23604640.0,23606063.0,23607580.0,23609045.0,23610618.0,23611950.0,23613300.0,23614550.0,23615793.0,23616862.0,23618161.0,23619426.0,23620747.0,23622202.0,23623820.0,23625149.0,23626287.0,23627448.0,23628628.0,23629933.0,23631191.0,23632291.0,23633395.0,23634590.0,23635708.0,23636817.0,23637923.0,23639215.0,23640441.0,23641512.0,23642598.0,23643735.0,23644837.0,23646136.0,23647883.0,23649226.0,23650698.0,23652110.0,23653480.0,23654741.0,23655937.0,23657194.0,23658364.0,23659483.0,23660853.0,23662038.0,23663162.0,23664203.0,23665167.0,23666359.0,23667451.0,23668471.0,23669426.0,23670310.0,23671239.0,23672185.0,23673108.0,23673941.0,23674774.0,23675644.0,23676445.0,23677322.0,23678115.0,23678930.0,23679798.0,23680572.0,23681434.0,23682275.0,23683126.0,23683942.0,23684713.0,23685419.0,23686255.0,23686985.0,23687894.0,23688777.0,23689675.0,23690532.0,23691309.0,23692059.0,23692866.0,23693688.0,23694475.0,23695298.0,23696124.0,23696991.0,23697696.0,23698486.0,23699235.0,23699977.0,23700673.0,23701383.0,23702106.0,23702859.0,23703686.0,23704604.0,23705355.0,23706111.0,23706893.0,23707589.0,23708325.0,23709171.0,23710036.0,23710766.0,23711462.0,23712146.0,23712854.0,23713649.0,23714445.0,23715277.0,23716094.0,23716839.0,23717489.0,23718172.0,,,,,,,,,23724589.0,23725377.0,23726017.0,23726716.0,23727388.0,23728173.0,23728900.0,23729649.0,23730529.0,23731449.0,23732362.0,23733138.0,23733996.0,23734886.0,23735787.0,23736773.0,23737675.0,23738456.0,23739283.0,23739987.0,23740599.0,23741404.0,23742103.0,23742716.0,23743337.0,23743981.0,23744717.0,23745342.0,23746024.0,23746682.0,23747333.0,23747932.0,23748573.0,23749141.0,23749737.0,23750343.0,23750920.0,23751475.0,23752008.0,23752454.0,23753036.0,23753642.0,23754281.0,23754835.0,23755391.0,23755970.0,23756569.0,23757160.0,23757781.0,23758324.0,23759002.0,23759559.0,23760118.0,23760668.0,23761180.0,23761736.0,23762277.0,23762853.0,23763391.0,23763901.0,23764506.0,23765015.0,23765500.0,23766037.0,23766624.0,23767221.0,23767828.0,23768490.0,23769031.0,23769614.0,23770184.0,23770762.0,23771473.0,23771987.0,23772692.0,23773357.0,23774023.0,23774661.0,23775286.0,23775900.0,23776459.0,23777023.0,23777537.0,23778233.0,23778782.0,23779425.0,23779908.0,23780481.0,23780990.0,23781474.0,23781968.0,23782584.0,23783202.0,23783835.0,23784351.0,23784936.0,23785465.0,23786076.0,23786623.0,23787177.0,23787783.0,23788325.0,23788891.0,23789447.0,23790005.0,23790545.0,23791125.0,23791637.0,23792129.0,23792758.0,23793259.0,23793848.0,23794292.0,23794926.0,23795358.0,23795937.0,23796419.0,23796917.0,23797503.0,23798164.0,23798789.0,,23799973.0,23800554.0,23801112.0,23801684.0,23802262.0,23802813.0,23803365.0,23803811.0,23804388.0,23804918.0,23805468.0,23806061.0,23806714.0,23807276.0,23807797.0,23808348.0,23808988.0,23809605.0,23810298.0,23810873.0,23811475.0,23812069.0,23812704.0,23813450.0,23814202.0,23814800.0,23815433.0,23816112.0,23816788.0,23817440.0,23818087.0,23818792.0,23819452.0,23820066.0,23820698.0,23821313.0,23821910.0,23822528.0,23823209.0,23823888.0,23824528.0,23825159.0,23825783.0,23826444.0,23827105.0,23827753.0,23828478.0,23829076.0,23829863.0,23830479.0,23831067.0,23831728.0,23832304.0,23832980.0,23833574.0,23834288.0,23834829.0,23835517.0,23836094.0,23836739.0,23837438.0,23838159.0,23838920.0,23839714.0,23840424.0,23841014.0,23841645.0,23842228.0,23842855.0,23843382.0,23844048.0,23844602.0,23845067.0,23845657.0,23846310.0,23846956.0,23847564.0,23848221.0,23848802.0,23849345.0,23850005.0,23850572.0,23851249.0,23851903.0,23852466.0,23853061.0,23853621.0,23854136.0,23854692.0,23855322.0,23855967.0,23856566.0,23857145.0,23857705.0,23858238.0,23858794.0,23859394.0,23859935.0,23860549.0,23861089.0,23861667.0,23862220.0,23862727.0,23863332.0,23863881.0,23864317.0,23864897.0,23865407.0,23865919.0,23866507.0,23866980.0,23867485.0,23868094.0,23868618
MK5cRRpYr3Y,279675.0,279788.0,279910.0,280009.0,280106.0,280189.0,280300.0,280392.0,280519.0,280643.0,280760.0,280864.0,280989.0,281090.0,281212.0,281315.0,281447.0,281529.0,281638.0,281733.0,281850.0,281975.0,282069.0,282189.0,282287.0,282385.0,282462.0,282575.0,282678.0,282797.0,282879.0,282948.0,283046.0,283158.0,283274.0,283385.0,283493.0,283598.0,283710.0,283826.0,283949.0,284085.0,284224.0,284341.0,284476.0,284588.0,284708.0,284817.0,284935.0,285066.0,285206.0,285323.0,285437.0,285534.0,285650.0,285749.0,285854.0,285939.0,286033.0,286120.0,286228.0,286334.0,286449.0,286552.0,286676.0,286795.0,286872.0,287016.0,287109.0,287242.0,287356.0,287452.0,287545.0,287647.0,287735.0,287864.0,287984.0,288120.0,288240.0,288335.0,288450.0,288541.0,288672.0,288784.0,288919.0,289045.0,289161.0,289261.0,289368.0,289477.0,289611.0,289728.0,289838.0,289963.0,290092.0,290207.0,290321.0,290446.0,290609.0,290718.0,290845.0,290964.0,291096.0,291226.0,291357.0,291448.0,291556.0,291637.0,291738.0,291838.0,291945.0,292092.0,292208.0,292364.0,292438.0,292553.0,292672.0,292791.0,292924.0,293057.0,293197.0,293294.0,293383.0,293471.0,293589.0,293675.0,293804.0,293921.0,294002.0,294090.0,294230.0,294369.0,294478.0,294587.0,,,,,,,,,295558.0,295664.0,295772.0,295882.0,295982.0,296086.0,296144.0,296209.0,296285.0,296376.0,296441.0,296544.0,296632.0,296706.0,296804.0,296886.0,296962.0,297092.0,297194.0,297301.0,297378.0,297466.0,297558.0,297650.0,297746.0,297851.0,297963.0,298070.0,298179.0,298275.0,298348.0,298431.0,298525.0,298630.0,298745.0,298820.0,298893.0,298989.0,299075.0,299166.0,299269.0,299342.0,299417.0,299511.0,299593.0,299713.0,299791.0,299899.0,300009.0,300096.0,300183.0,300265.0,300361.0,300432.0,300512.0,300602.0,300697.0,300749.0,300827.0,300900.0,300992.0,301071.0,301137.0,301207.0,301273.0,301341.0,301417.0,301488.0,301556.0,301622.0,301709.0,301789.0,301874.0,301951.0,302050.0,302157.0,302250.0,302319.0,302396.0,302487.0,302571.0,302623.0,302704.0,302771.0,302869.0,302932.0,303029.0,303134.0,303208.0,303312.0,303407.0,303500.0,303576.0,303646.0,303729.0,303815.0,303899.0,303987.0,304086.0,304141.0,304219.0,304296.0,304384.0,304457.0,304542.0,304611.0,304672.0,304748.0,304808.0,304888.0,304958.0,305017.0,305108.0,305172.0,305233.0,305304.0,305358.0,305410.0,305488.0,305546.0,305631.0,,305781.0,305865.0,305937.0,306020.0,306106.0,306189.0,306262.0,306337.0,306455.0,306545.0,306612.0,306692.0,306748.0,306834.0,306918.0,307010.0,307085.0,307189.0,307283.0,307363.0,307460.0,307578.0,307670.0,307761.0,307859.0,307933.0,308009.0,308100.0,308191.0,308308.0,308443.0,308538.0,308647.0,308717.0,308801.0,308871.0,308949.0,309059.0,309131.0,309209.0,309306.0,309391.0,309489.0,309569.0,309667.0,309748.0,309840.0,309932.0,310012.0,310089.0,310156.0,310252.0,310338.0,310409.0,310473.0,310549.0,310627.0,310700.0,310790.0,310874.0,310938.0,311021.0,311126.0,311206.0,311297.0,311396.0,311495.0,311604.0,311681.0,311779.0,311880.0,311992.0,312089.0,312177.0,312270.0,312368.0,312461.0,312585.0,312725.0,312840.0,312938.0,313042.0,313134.0,313240.0,313346.0,313466.0,313589.0,313703.0,313789.0,313880.0,314008.0,314104.0,314214.0,314322.0,314419.0,314512.0,314597.0,314688.0,314787.0,314871.0,314956.0,315037.0,315130.0,315245.0,315335.0,315433.0,315529.0,315638.0,315732.0,315810.0,315911.0,316007.0,316094.0,316192
Nzk-n7lZ7J4,49152555.0,49155433.0,49158682.0,49162028.0,49165363.0,49168831.0,49172117.0,49175626.0,49179286.0,49183188.0,49186511.0,49189805.0,49193374.0,49197150.0,49202072.0,49205995.0,49209792.0,49213257.0,49216575.0,49219562.0,49222505.0,49225601.0,49228698.0,49231886.0,49235106.0,49238435.0,49242273.0,49245880.0,49249394.0,49252682.0,49256094.0,49259685.0,49262769.0,49266053.0,49269636.0,49273055.0,49276282.0,49279686.0,49283332.0,49286854.0,49290328.0,49293708.0,49297516.0,49301363.0,49305136.0,49308684.0,49311798.0,49315365.0,49318878.0,49322327.0,49325653.0,49329119.0,49332213.0,49335370.0,49339640.0,49343583.0,49347776.0,49352339.0,49356552.0,49360567.0,49364324.0,49368227.0,49372076.0,49376068.0,49380001.0,49383929.0,49388037.0,49392064.0,49395768.0,49399785.0,49403347.0,49406525.0,49409899.0,49413363.0,49416881.0,49420236.0,49423688.0,49427209.0,49430786.0,49434116.0,49437678.0,49441311.0,49445022.0,49448491.0,49451522.0,49454493.0,49457562.0,49460709.0,49463542.0,49466770.0,49469704.0,49472489.0,49475242.0,49478093.0,49480985.0,49483808.0,49487062.0,49490410.0,49493680.0,49496598.0,49499692.0,49502496.0,49505217.0,49508131.0,49511323.0,49514642.0,49518072.0,49521621.0,49525219.0,49528548.0,49531670.0,49534765.0,49537761.0,49540926.0,49544365.0,49547948.0,49551276.0,49554836.0,49558456.0,49561731.0,49565055.0,49568658.0,49572121.0,49575075.0,49578210.0,49581420.0,49584787.0,49588214.0,49591607.0,49594862.0,49598163.0,49601520.0,49604808.0,49607864.0,,,,,,,,,49637036.0,49640547.0,49643646.0,49646649.0,49649772.0,49652785.0,49656007.0,49659050.0,49662547.0,49665789.0,49669162.0,49672238.0,49675504.0,49678768.0,49682244.0,49685675.0,49689169.0,49692876.0,49696486.0,49700005.0,49703274.0,49707187.0,49710978.0,49714726.0,49718432.0,49722002.0,49725724.0,49729539.0,49733349.0,49737072.0,49740893.0,49744591.0,49748236.0,49751855.0,49755201.0,49758580.0,49762140.0,49765425.0,49768755.0,49772049.0,49775205.0,49778309.0,49781357.0,49784486.0,49787593.0,49790677.0,49793776.0,49796783.0,49799719.0,49802616.0,49805279.0,49807908.0,49810510.0,49813291.0,49816097.0,49819001.0,49821808.0,49824570.0,49827301.0,49830286.0,49833197.0,49835879.0,49838544.0,49841327.0,49844080.0,49847001.0,49850212.0,49853498.0,49856524.0,49859343.0,49862541.0,49865720.0,49868891.0,49872098.0,49875188.0,49878165.0,49881546.0,49884709.0,49887876.0,49890830.0,49893636.0,49896252.0,49899231.0,49901961.0,49904864.0,49907736.0,49910364.0,49913083.0,49915864.0,49918629.0,49921350.0,49924261.0,49927170.0,49930134.0,49932931.0,49935967.0,49938980.0,49942003.0,49945192.0,49948196.0,49951206.0,49954151.0,49957206.0,49960385.0,49963770.0,49967082.0,49970194.0,49973083.0,49975877.0,49978701.0,49981397.0,49984118.0,49986761.0,49989450.0,49992299.0,49995327.0,49997958.0,50000630.0,50003358.0,50005959.0,50008514.0,,50013342.0,50015761.0,50018313.0,50020780.0,50023347.0,50025753.0,50028058.0,50030266.0,50032564.0,50034956.0,50037399.0,50039755.0,50042091.0,50044567.0,50046949.0,50049398.0,50051857.0,50054843.0,50057924.0,50060787.0,50063529.0,50066242.0,50068935.0,50071791.0,50074803.0,50077441.0,50080039.0,50082805.0,50085524.0,50088194.0,50091113.0,50094080.0,50097091.0,50099834.0,50102726.0,50105554.0,50108123.0,50111115.0,50114131.0,50117191.0,50120222.0,50122894.0,50125641.0,50128207.0,50130866.0,50133391.0,50136009.0,50138761.0,50141159.0,50143591.0,50146000.0,50148582.0,50151101.0,50153790.0,50156498.0,50159129.0,50161742.0,50164235.0,50166887.0,50169469.0,50172269.0,50174864.0,50177264.0,50179663.0,50182178.0,50184580.0,50186839.0,50189104.0,50191333.0,50193608.0,50195563.0,50197531.0,50199347.0,50201347.0,50203456.0,50205696.0,50207914.0,50209801.0,50211647.0,50213514.0,50215486.0,50217545.0,50219512.0,50221476.0,50223379.0,50225345.0,50227281.0,50229268.0,50231363.0,50233428.0,50235457.0,50237525.0,50239611.0,50241452.0,50243407.0,50245314.0,50247089.0,50248803.0,50250481.0,50252241.0,50254165.0,50256038.0,50257909.0,50259727.0,50261404.0,50263038.0,50264964.0,50266988.0,50269110.0,50271358.0,50273576.0,50275637.0,50277694.0,50279707
Slz1kZrwVh4,1650179.0,1650277.0,1650384.0,1650512.0,1650650.0,1650769.0,1650888.0,1651035.0,1651153.0,1651310.0,1651466.0,1651632.0,1651772.0,1651931.0,1652194.0,1652362.0,1652479.0,1652647.0,1652795.0,1652921.0,1653048.0,1653180.0,1653300.0,1653451.0,1653572.0,1653697.0,1653805.0,1653938.0,1654093.0,1654225.0,1654331.0,1654482.0,1654606.0,1654691.0,1654788.0,1654896.0,1654995.0,1655096.0,1655195.0,1655278.0,1655362.0,1655435.0,1655546.0,1655643.0,1655725.0,1655808.0,1655924.0,1655993.0,1656077.0,1656145.0,1656217.0,1656276.0,1656356.0,1656445.0,1656504.0,1656545.0,1656609.0,1656670.0,1656741.0,1656822.0,1656888.0,1656978.0,1657042.0,1657111.0,1657203.0,1657264.0,1657318.0,1657380.0,1657447.0,1657540.0,1657628.0,1657708.0,1657774.0,1657837.0,1657924.0,1657987.0,1658067.0,1658155.0,1658243.0,1658343.0,1658455.0,1658573.0,1658661.0,1658768.0,1658874.0,1658939.0,1659047.0,1659142.0,1659260.0,1659342.0,1659441.0,1659515.0,1659575.0,1659656.0,1659739.0,1659793.0,1659865.0,1659920.0,1659997.0,1660064.0,1660136.0,1660200.0,1660270.0,1660323.0,1660393.0,1660469.0,1660525.0,1660597.0,1660683.0,1660761.0,1660852.0,1660977.0,1661057.0,1661144.0,1661224.0,1661304.0,1661378.0,1661455.0,1661519.0,1661579.0,1661640.0,1661699.0,1661761.0,1661823.0,1661917.0,1662017.0,1662107.0,1662182.0,1662252.0,1662326.0,1662407.0,1662485.0,1662581.0,1662658.0,,,,,,,,,1663285.0,1663343.0,1663407.0,1663477.0,1663542.0,1663586.0,1663647.0,1663709.0,1663793.0,1663863.0,1663939.0,1664011.0,1664080.0,1664126.0,1664194.0,1664283.0,1664365.0,1664446.0,1664512.0,1664601.0,1664683.0,1664765.0,1664839.0,1664953.0,1665034.0,1665113.0,1665206.0,1665285.0,1665387.0,1665485.0,1665590.0,1665700.0,1665804.0,1665882.0,1665974.0,1666067.0,1666146.0,1666260.0,1666371.0,1666524.0,1666674.0,1666800.0,1666924.0,1667043.0,1667129.0,1667244.0,1667339.0,1667437.0,1667532.0,1667594.0,1667672.0,1667738.0,1667799.0,1667873.0,1667932.0,1667998.0,1668059.0,1668112.0,1668214.0,1668302.0,1668379.0,1668451.0,1668525.0,1668579.0,1668636.0,1668688.0,1668740.0,1668787.0,1668841.0,1668893.0,1668961.0,1669015.0,1669070.0,1669125.0,1669184.0,1669259.0,1669325.0,1669400.0,1669459.0,1669519.0,1669581.0,1669645.0,1669711.0,1669760.0,1669818.0,1669875.0,1669921.0,1669967.0,1670034.0,1670120.0,1670187.0,1670254.0,1670308.0,1670371.0,1670441.0,1670514.0,1670579.0,1670649.0,1670737.0,1670815.0,1670880.0,1670942.0,1671030.0,1671118.0,1671203.0,1671285.0,1671351.0,1671448.0,1671501.0,1671562.0,1671640.0,1671714.0,1671766.0,1671812.0,1671867.0,1671923.0,1671966.0,1672008.0,1672076.0,1672142.0,1672196.0,,1672312.0,1672370.0,1672459.0,1672505.0,1672565.0,1672634.0,1672681.0,1672739.0,1672779.0,1672827.0,1672884.0,1672952.0,1672999.0,1673054.0,1673107.0,1673166.0,1673206.0,1673274.0,1673338.0,1673403.0,1673475.0,1673549.0,1673598.0,1673673.0,1673737.0,1673815.0,1673868.0,1673935.0,1674010.0,1674073.0,1674129.0,1674188.0,1674229.0,1674293.0,1674341.0,1674394.0,1674447.0,1674491.0,1674532.0,1674586.0,1674658.0,1674712.0,1674766.0,1674832.0,1674880.0,1674927.0,1674973.0,1675043.0,1675115.0,1675164.0,1675208.0,1675260.0,1675336.0,1675387.0,1675435.0,1675514.0,1675558.0,1675617.0,1675698.0,1675781.0,1675857.0,1675950.0,1676076.0,1676155.0,1676235.0,1676300.0,1676356.0,1676422.0,1676474.0,1676543.0,1676595.0,1676636.0,1676683.0,1676740.0,1676803.0,1676890.0,1676962.0,1677034.0,1677095.0,1677145.0,1677202.0,1677261.0,1677326.0,1677385.0,1677435.0,1677483.0,1677528.0,1677585.0,1677654.0,1677711.0,1677782.0,1677843.0,1677889.0,1677935.0,1677980.0,1678034.0,1678079.0,1678134.0,1678184.0,1678256.0,1678305.0,1678362.0,1678413.0,1678473.0,1678522.0,1678574.0,1678638.0,1678679.0,1678734.0,1678798.0,1678843.0,1678886.0,1678928.0,1678976
okvb0s0_uHE,47209.0,47209.0,47209.0,47209.0,47209.0,47209.0,47209.0,47209.0,47209.0,47209.0,47209.0,47209.0,47209.0,47209.0,47209.0,47209.0,47209.0,47209.0,47209.0,47209.0,47209.0,47209.0,47209.0,47209.0,47209.0,47209.0,47209.0,47209.0,47209.0,47209.0,47209.0,47209.0,47209.0,47209.0,47209.0,47209.0,47209.0,47209.0,47209.0,47209.0,47209.0,47209.0,47209.0,47209.0,47209.0,47209.0,47209.0,47209.0,47209.0,47209.0,47209.0,47209.0,47209.0,47209.0,47209.0,47209.0,47209.0,47209.0,47209.0,47209.0,47209.0,47209.0,47209.0,47209.0,47209.0,47209.0,47209.0,47209.0,47209.0,47209.0,47209.0,47209.0,47209.0,47209.0,47209.0,47209.0,47209.0,47209.0,47209.0,47209.0,47209.0,47209.0,47209.0,47209.0,47209.0,47209.0,47209.0,47209.0,47209.0,47209.0,47209.0,47209.0,47209.0,47209.0,47209.0,47209.0,47209.0,47209.0,47209.0,47209.0,47209.0,47209.0,47209.0,47209.0,47209.0,47209.0,47209.0,47209.0,47209.0,47209.0,47209.0,47209.0,47209.0,47209.0,47209.0,47209.0,47209.0,47209.0,47209.0,47209.0,47209.0,47209.0,47209.0,47209.0,47209.0,47209.0,47209.0,47209.0,47209.0,47209.0,47209.0,47209.0,47209.0,47209.0,,,,,,,,,47209.0,47209.0,47209.0,47209.0,47209.0,47209.0,47209.0,47209.0,47209.0,47209.0,47209.0,47209.0,47209.0,47209.0,47209.0,47209.0,47209.0,47209.0,47209.0,47209.0,47209.0,47209.0,47209.0,47209.0,47209.0,47209.0,47209.0,47209.0,47209.0,47209.0,47209.0,47209.0,47209.0,47209.0,47209.0,47209.0,47209.0,47209.0,47209.0,47209.0,47209.0,47209.0,47209.0,47209.0,47209.0,47209.0,47209.0,47209.0,47209.0,47209.0,47209.0,47209.0,47209.0,47209.0,47209.0,47209.0,47209.0,47209.0,47209.0,47209.0,47209.0,47209.0,47209.0,47209.0,47209.0,47209.0,47209.0,47209.0,47209.0,47209.0,47209.0,47209.0,47209.0,47209.0,47209.0,47209.0,47209.0,47209.0,47209.0,47209.0,47209.0,47209.0,47209.0,47209.0,47209.0,47209.0,47209.0,47209.0,47209.0,47209.0,47209.0,47209.0,47209.0,47209.0,47209.0,47209.0,47209.0,47209.0,47209.0,47209.0,47209.0,47209.0,47209.0,47209.0,47209.0,47209.0,47209.0,47209.0,47209.0,47209.0,47209.0,47209.0,47209.0,47209.0,47209.0,47209.0,47209.0,47209.0,47209.0,47209.0,47209.0,,47209.0,47209.0,47209.0,47209.0,47209.0,47209.0,47209.0,47209.0,47209.0,47209.0,47209.0,47209.0,47209.0,47209.0,47209.0,47209.0,47209.0,47209.0,47209.0,47209.0,47209.0,47209.0,47209.0,47209.0,47209.0,47209.0,47209.0,47209.0,47209.0,47209.0,47209.0,47209.0,47209.0,47209.0,47209.0,47209.0,47209.0,47209.0,47209.0,47209.0,47209.0,47209.0,47209.0,47209.0,47209.0,47209.0,47209.0,47209.0,47209.0,47209.0,47209.0,47209.0,47209.0,47209.0,47209.0,47209.0,47209.0,47209.0,47209.0,47209.0,47209.0,47209.0,47209.0,47209.0,47209.0,47209.0,47209.0,47209.0,47209.0,47209.0,47209.0,47209.0,47209.0,47209.0,47209.0,47209.0,47209.0,47209.0,47209.0,47209.0,47209.0,47209.0,47209.0,47209.0,47209.0,47209.0,47209.0,47209.0,47209.0,47209.0,47209.0,47209.0,47209.0,47209.0,47209.0,47209.0,47209.0,47209.0,47209.0,47209.0,47209.0,47209.0,47209.0,47209.0,47209.0,47209.0,47209.0,47209.0,47209.0,47209.0,47209.0,47209.0,47209.0,47209
z5y-gdtGY8E,27132.0,27160.0,27196.0,27229.0,27287.0,27339.0,27375.0,27418.0,27460.0,27493.0,27530.0,27552.0,27577.0,27600.0,27622.0,27649.0,27734.0,27752.0,27825.0,27855.0,27895.0,27921.0,27957.0,27987.0,28021.0,28048.0,28071.0,28102.0,28194.0,28248.0,28282.0,28302.0,28351.0,28411.0,28476.0,28498.0,28538.0,28566.0,28590.0,28613.0,28643.0,28670.0,28694.0,28718.0,28794.0,28818.0,28851.0,28894.0,28924.0,29002.0,29032.0,29045.0,29081.0,29142.0,29186.0,29215.0,29238.0,29266.0,29294.0,29324.0,29348.0,29383.0,29404.0,29447.0,29463.0,29495.0,29510.0,29537.0,29551.0,29586.0,29614.0,29635.0,29678.0,29702.0,29722.0,29745.0,29774.0,29793.0,29816.0,29839.0,29866.0,29892.0,29990.0,30018.0,30106.0,30126.0,30206.0,30206.0,30217.0,30290.0,30309.0,30336.0,30358.0,30388.0,30472.0,30526.0,30619.0,30648.0,30670.0,30692.0,30724.0,30749.0,30772.0,30802.0,30824.0,30851.0,30872.0,30898.0,30944.0,30970.0,30986.0,31065.0,31095.0,31142.0,31172.0,31198.0,31228.0,31251.0,31269.0,31301.0,31341.0,31370.0,31387.0,31412.0,31440.0,31468.0,31481.0,31519.0,31544.0,31558.0,31584.0,31600.0,31615.0,31634.0,,,,,,,,,31960.0,31984.0,32012.0,32053.0,32087.0,32107.0,32121.0,32142.0,32172.0,32201.0,32210.0,32229.0,32264.0,32300.0,32328.0,32352.0,32370.0,32373.0,32407.0,32433.0,32445.0,32457.0,32474.0,32486.0,32509.0,32542.0,32552.0,32572.0,32586.0,32597.0,32621.0,32640.0,32667.0,32692.0,32707.0,32735.0,32743.0,32759.0,32827.0,32862.0,32878.0,32895.0,32906.0,32924.0,32938.0,32955.0,33002.0,33020.0,33070.0,33086.0,33107.0,33123.0,33145.0,33158.0,33181.0,33206.0,33222.0,33241.0,33252.0,33288.0,33304.0,33317.0,33347.0,33369.0,33382.0,33403.0,33427.0,33443.0,33452.0,33469.0,33485.0,33490.0,33505.0,33512.0,33520.0,33544.0,33560.0,33583.0,33596.0,33616.0,33635.0,33651.0,33670.0,33698.0,33716.0,33732.0,33752.0,33813.0,33829.0,33860.0,33888.0,33905.0,33922.0,33935.0,33950.0,33967.0,33990.0,34003.0,34015.0,34030.0,34049.0,34100.0,34137.0,34151.0,34164.0,34178.0,34195.0,34215.0,34238.0,34265.0,34288.0,34316.0,34347.0,34384.0,34416.0,34442.0,34514.0,34535.0,34554.0,34573.0,34589.0,,34634.0,34657.0,34677.0,34695.0,34719.0,34747.0,34772.0,34795.0,34807.0,34813.0,34833.0,34842.0,34857.0,34872.0,34887.0,34914.0,34933.0,34960.0,34977.0,34987.0,34997.0,35008.0,35018.0,35024.0,35042.0,35050.0,35063.0,35079.0,35105.0,35114.0,35125.0,35141.0,35149.0,35161.0,35174.0,35188.0,35201.0,35215.0,35240.0,35257.0,35270.0,35285.0,35297.0,35312.0,35323.0,35333.0,35363.0,35389.0,35413.0,35429.0,35466.0,35482.0,35510.0,35527.0,35536.0,35555.0,35569.0,35584.0,35597.0,35618.0,35632.0,35659.0,35695.0,35710.0,35729.0,35756.0,35776.0,35798.0,35818.0,35832.0,35854.0,35873.0,35895.0,35907.0,35926.0,35936.0,35952.0,35969.0,36003.0,36067.0,36095.0,36110.0,36138.0,36165.0,36184.0,36187.0,36198.0,36213.0,36230.0,36257.0,36269.0,36292.0,36314.0,36345.0,36364.0,36378.0,36392.0,36426.0,36447.0,36467.0,36483.0,36503.0,36518.0,36535.0,36556.0,36580.0,36597.0,36610.0,36627.0,36637.0,36651.0,36671.0,36687.0,36712
4SaNz5AySrY,17614.0,17627.0,17639.0,17652.0,17666.0,17686.0,17698.0,17705.0,17713.0,17725.0,17736.0,17740.0,17745.0,17752.0,17758.0,17766.0,17777.0,17781.0,17789.0,17797.0,17806.0,17814.0,17828.0,17834.0,17844.0,17849.0,17854.0,17862.0,17874.0,17882.0,17885.0,17891.0,17899.0,17907.0,17918.0,17930.0,17943.0,17948.0,17958.0,17969.0,17977.0,17989.0,18000.0,18006.0,18020.0,18030.0,18041.0,18051.0,18063.0,18068.0,18077.0,18085.0,18095.0,18103.0,18114.0,18127.0,18141.0,18152.0,18160.0,18171.0,18175.0,18178.0,18181.0,18194.0,18204.0,18209.0,18220.0,18227.0,18233.0,18239.0,18246.0,18255.0,18261.0,18266.0,18275.0,18287.0,18303.0,18316.0,18326.0,18338.0,18347.0,18358.0,18367.0,18370.0,18380.0,18385.0,18396.0,18407.0,18411.0,18419.0,18431.0,18439.0,18447.0,18453.0,18463.0,18476.0,18484.0,18494.0,18513.0,18529.0,18531.0,18542.0,18547.0,18560.0,18568.0,18580.0,18593.0,18612.0,18621.0,18636.0,18645.0,18666.0,18681.0,18702.0,18714.0,18725.0,18747.0,18758.0,18767.0,18785.0,18799.0,18811.0,18818.0,18830.0,18839.0,18852.0,18858.0,18869.0,18881.0,18890.0,18900.0,18907.0,18916.0,18926.0,,,,,,,,,19033.0,19044.0,19054.0,19066.0,19080.0,19088.0,19097.0,19107.0,19117.0,19126.0,19128.0,19136.0,19144.0,19154.0,19163.0,19171.0,19177.0,19182.0,19192.0,19204.0,19214.0,19222.0,19224.0,19233.0,19240.0,19250.0,19257.0,19270.0,19280.0,19285.0,19299.0,19312.0,19321.0,19326.0,19333.0,19350.0,19357.0,19367.0,19392.0,19396.0,19400.0,19408.0,19413.0,19423.0,19434.0,19452.0,19453.0,19455.0,19462.0,19465.0,19472.0,19482.0,19492.0,19500.0,19498.0,19504.0,19507.0,19515.0,19522.0,19533.0,19542.0,19549.0,19564.0,19574.0,19582.0,19586.0,19607.0,19618.0,19626.0,19642.0,19653.0,19671.0,19684.0,19693.0,19708.0,19718.0,19724.0,19735.0,19747.0,19756.0,19767.0,19778.0,19782.0,19795.0,19803.0,19807.0,19816.0,19826.0,19835.0,19846.0,19859.0,19868.0,19890.0,19903.0,19910.0,19919.0,19935.0,19950.0,19956.0,19961.0,19968.0,19973.0,19977.0,19984.0,19994.0,20003.0,20009.0,20015.0,20032.0,20049.0,20054.0,20062.0,20071.0,20074.0,20084.0,20091.0,20105.0,20116.0,20121.0,20135.0,20138.0,,20170.0,20189.0,20198.0,20209.0,20222.0,20238.0,20247.0,20253.0,20258.0,20265.0,20273.0,20282.0,20294.0,20298.0,20309.0,20324.0,20338.0,20358.0,20367.0,20382.0,20389.0,20399.0,20410.0,20422.0,20426.0,20438.0,20446.0,20458.0,20473.0,20485.0,20502.0,20518.0,20530.0,20538.0,20550.0,20567.0,20588.0,20597.0,20608.0,20623.0,20629.0,20640.0,20653.0,20667.0,20676.0,20685.0,20696.0,20707.0,20716.0,20737.0,20750.0,20769.0,20785.0,20798.0,20808.0,20818.0,20841.0,20853.0,20867.0,20883.0,20905.0,20910.0,20921.0,20937.0,20950.0,20961.0,20979.0,20994.0,21006.0,21014.0,21043.0,21056.0,21074.0,21086.0,21113.0,21126.0,21165.0,21202.0,21268.0,21314.0,21348.0,21381.0,21419.0,21437.0,21457.0,21462.0,21476.0,21491.0,21518.0,21538.0,21553.0,21567.0,21581.0,21612.0,21641.0,21655.0,21667.0,21678.0,21697.0,21726.0,21737.0,21751.0,21763.0,21777.0,21784.0,21792.0,21803.0,21813.0,21829.0,21840.0,21846.0,21870.0,21882.0,21894
7IFJQRlcNQ0,14075545.0,14082895.0,14090197.0,14096784.0,14104254.0,14111827.0,14119041.0,14126646.0,14135710.0,14145022.0,14152401.0,14159287.0,14167562.0,14174924.0,14182823.0,14191577.0,14199933.0,14208105.0,14216841.0,14226300.0,14235863.0,14246157.0,14256915.0,14266759.0,14275600.0,14284616.0,14295373.0,14305924.0,14316627.0,14326847.0,14337293.0,14346188.0,14355259.0,14365138.0,14376053.0,14386491.0,14396566.0,14405912.0,14415554.0,14424148.0,14434041.0,14444501.0,14455081.0,14465467.0,14476495.0,14486894.0,14496787.0,14507886.0,14518611.0,14527680.0,14536133.0,14546432.0,14555953.0,14564723.0,14574743.0,14584081.0,14593745.0,14603837.0,14613711.0,14623221.0,14633400.0,14644827.0,14655860.0,14666297.0,14676239.0,14686298.0,14696473.0,14706462.0,14716192.0,14728971.0,14740759.0,14751246.0,14761739.0,14771741.0,14781660.0,14792018.0,14803210.0,14814660.0,14827069.0,14838498.0,14848369.0,14858038.0,14868891.0,14879367.0,14890227.0,14901541.0,14913414.0,14923687.0,14933391.0,14943490.0,14954418.0,14964571.0,14974806.0,14984112.0,14992577.0,15000413.0,15009282.0,15018453.0,15027478.0,15036729.0,15045673.0,15053988.0,15061871.0,15070143.0,15078417.0,15086840.0,15094709.0,15102627.0,15110007.0,15118420.0,15127527.0,15137122.0,15146308.0,15155571.0,15163732.0,15171238.0,15178816.0,15187567.0,15196674.0,15204972.0,15214150.0,15222693.0,15229506.0,15237605.0,15247210.0,15256987.0,15266532.0,15274839.0,15283291.0,15290709.0,15298936.0,15307371.0,15315780.0,15323789.0,,,,,,,,,15391299.0,15397911.0,15404636.0,15411916.0,15419532.0,15427466.0,15435475.0,15442430.0,15449419.0,15456609.0,15464566.0,15471816.0,15479733.0,15487492.0,15495083.0,15501726.0,15509028.0,15517300.0,15525793.0,15534272.0,15542580.0,15550632.0,15557948.0,15565629.0,15574695.0,15583257.0,15591751.0,15600357.0,15608338.0,15615748.0,15623493.0,15632142.0,15640880.0,15648883.0,15656979.0,15664077.0,15670680.0,15677675.0,15685755.0,15693631.0,15701648.0,15709007.0,15715746.0,15721896.0,15728326.0,15735263.0,15742417.0,15749589.0,15756516.0,15762894.0,15768799.0,15774903.0,15781671.0,15788355.0,15795074.0,15801797.0,15807823.0,15813292.0,15818829.0,15825226.0,15831833.0,15837588.0,15841970.0,15846880.0,15851624.0,15856912.0,15863114.0,15869336.0,15874959.0,15879209.0,15884511.0,15889551.0,15894975.0,15901359.0,15907613.0,15914027.0,15921228.0,15927606.0,15933419.0,15939612.0,15946351.0,15952682.0,15959827.0,15966517.0,15972811.0,15978439.0,15984069.0,15990701.0,15997052.0,16003347.0,16009677.0,16015717.0,16021227.0,16027323.0,16033982.0,16040487.0,16047074.0,16053520.0,16059614.0,16065272.0,16071414.0,16078334.0,16085377.0,16092756.0,16099950.0,16106343.0,16112094.0,16118234.0,16124994.0,16131765.0,16138444.0,16145127.0,16151399.0,16157476.0,16163745.0,16170633.0,16177086.0,16184101.0,16190979.0,16197813.0,16203927.0,,16218061.0,16225806.0,16233488.0,16240777.0,16247534.0,16253516.0,16260065.0,16267053.0,16274261.0,16281423.0,16288503.0,16296031.0,16303771.0,16310871.0,16317817.0,16325449.0,16333228.0,16340826.0,16347944.0,16354104.0,16360372.0,16367143.0,16374091.0,16380896.0,16389230.0,16396613.0,16402272.0,16408558.0,16415807.0,16423965.0,16431105.0,16438313.0,16444861.0,16450225.0,16456234.0,16462958.0,16470605.0,16479317.0,16487055.0,16494052.0,16500156.0,16506727.0,16514216.0,16522226.0,16529519.0,16536177.0,16542999.0,16548989.0,16555396.0,16564133.0,16572535.0,16581108.0,16589031.0,16596457.0,16602619.0,16608955.0,16616089.0,16623572.0,16630961.0,16637909.0,16644442.0,16649969.0,16656116.0,16663650.0,16671304.0,16678154.0,16684682.0,16690508.0,16695966.0,16701671.0,16708183.0,16714634.0,16721764.0,16729232.0,16735860.0,16741612.0,16747683.0,16754596.0,16761506.0,16768333.0,16775020.0,16781044.0,16786151.0,16791846.0,16797958.0,16804377.0,16810882.0,16817418.0,16823116.0,16828184.0,16833569.0,16839298.0,16845171.0,16851398.0,16857554.0,16863811.0,16869172.0,16875207.0,16882126.0,16888972.0,16895793.0,16902756.0,16909116.0,16914961.0,16920524.0,16927224.0,16934206.0,16941816.0,16948859.0,16955658.0,16960922.0,16966668.0,16973315.0,16980301
4sqQamGOKPM,211179.0,211382.0,211531.0,211724.0,211913.0,212157.0,212433.0,212680.0,212953.0,213133.0,213299.0,213459.0,213676.0,213901.0,214096.0,214285.0,214510.0,214650.0,214857.0,215053.0,215241.0,215483.0,215692.0,215930.0,216085.0,216239.0,216434.0,216643.0,216870.0,217088.0,217251.0,217419.0,217619.0,217809.0,218023.0,218213.0,218409.0,218575.0,218755.0,218932.0,219106.0,219312.0,219497.0,219693.0,219869.0,220017.0,220167.0,220382.0,220578.0,220777.0,221012.0,221196.0,221348.0,221503.0,221699.0,221895.0,222106.0,222301.0,222494.0,222651.0,222810.0,223028.0,223252.0,223473.0,223687.0,223924.0,224093.0,224271.0,224460.0,224683.0,224899.0,225113.0,225304.0,225455.0,225638.0,225811.0,226033.0,226222.0,226403.0,226597.0,226747.0,226918.0,227110.0,227301.0,227473.0,227681.0,227874.0,228022.0,228179.0,228372.0,228562.0,228747.0,228945.0,229123.0,229250.0,229414.0,229585.0,229739.0,229898.0,230071.0,230270.0,230433.0,230559.0,230720.0,230872.0,231035.0,231228.0,231371.0,231499.0,231666.0,231837.0,232001.0,232164.0,232308.0,232431.0,232543.0,232671.0,232810.0,232962.0,233133.0,233263.0,233386.0,233490.0,233612.0,233743.0,233894.0,234055.0,234168.0,234304.0,234405.0,234514.0,234669.0,234829.0,234942.0,,,,,,,,,236104.0,236195.0,236276.0,236427.0,236563.0,236702.0,236844.0,236964.0,237067.0,237218.0,237368.0,237526.0,237675.0,237847.0,238004.0,238115.0,238249.0,238431.0,238574.0,238712.0,238898.0,239014.0,239129.0,239251.0,239393.0,239499.0,239650.0,239769.0,239894.0,239976.0,240086.0,240210.0,240342.0,240471.0,240629.0,240719.0,240832.0,240940.0,241099.0,241267.0,241430.0,241581.0,241704.0,241817.0,241927.0,242061.0,242176.0,242314.0,242430.0,242559.0,242647.0,242753.0,242876.0,242994.0,243125.0,243226.0,243355.0,243445.0,243561.0,243660.0,243787.0,243871.0,243948.0,244043.0,244125.0,244213.0,244321.0,244415.0,244508.0,244594.0,244677.0,244756.0,244863.0,244977.0,245118.0,245237.0,245385.0,245515.0,245614.0,245731.0,245840.0,245976.0,246135.0,246248.0,246362.0,246469.0,246576.0,246686.0,246839.0,246972.0,247114.0,247232.0,247334.0,247444.0,247583.0,247738.0,247918.0,248128.0,248251.0,248398.0,248540.0,248693.0,248874.0,249058.0,249237.0,249391.0,249570.0,249729.0,249911.0,250075.0,250224.0,250398.0,250637.0,250900.0,251178.0,251415.0,251675.0,251891.0,252092.0,252330.0,252513.0,,253007.0,253255.0,253507.0,253717.0,253896.0,254066.0,254232.0,254283.0,254286.0,254287.0,254289.0,254291.0,254291.0,254291.0,254291.0,254291.0,254291.0,254291.0,254291.0,254291.0,254292.0,254292.0,254292.0,254292.0,254292.0,254292.0,254292.0,254292.0,254292.0,254292.0,254292.0,254292.0,254292.0,254292.0,254292.0,254292.0,254292.0,254292.0,254292.0,254292.0,254292.0,254292.0,254292.0,254292.0,254292.0,254292.0,254292.0,254292.0,254292.0,254292.0,254292.0,254292.0,254292.0,254292.0,254292.0,254292.0,254292.0,254292.0,254292.0,254292.0,254292.0,254292.0,254292.0,254292.0,254292.0,254292.0,254292.0,254292.0,254292.0,254292.0,254292.0,254292.0,254292.0,254292.0,254292.0,254292.0,254292.0,254292.0,254292.0,254292.0,254292.0,254292.0,254292.0,254292.0,254292.0,254292.0,254292.0,254292.0,254292.0,254292.0,254292.0,254292.0,254292.0,254292.0,254292.0,254292.0,254292.0,254292.0,254292.0,254292.0,254292.0,254292.0,254292.0,254292.0,254292.0,254292.0,254292.0,254292.0,254292.0,254292.0,254292.0,254292.0,254292.0,254292
FhX2VC_h6Dw,367549.0,367644.0,367753.0,367844.0,367949.0,368014.0,368108.0,368184.0,368256.0,368351.0,368446.0,368553.0,368639.0,368702.0,368798.0,368894.0,368969.0,369037.0,369105.0,369159.0,369229.0,369325.0,369387.0,369469.0,369546.0,369614.0,369696.0,369770.0,369838.0,369902.0,369969.0,370087.0,370169.0,370252.0,370321.0,370442.0,370534.0,370619.0,370684.0,370765.0,370832.0,370914.0,370990.0,371058.0,371146.0,371197.0,371292.0,371339.0,371426.0,371505.0,371590.0,371659.0,371739.0,371810.0,371865.0,371929.0,371987.0,372058.0,372130.0,372188.0,372251.0,372290.0,372348.0,372400.0,372455.0,372523.0,372580.0,372643.0,372693.0,372777.0,372839.0,372895.0,372950.0,373002.0,373048.0,373108.0,373148.0,373191.0,373252.0,373315.0,373377.0,373458.0,373520.0,373576.0,373642.0,373694.0,373750.0,373808.0,373867.0,373931.0,373990.0,374060.0,374109.0,374177.0,374237.0,374302.0,374372.0,374442.0,374507.0,374563.0,374628.0,374702.0,374758.0,374809.0,374869.0,374929.0,374991.0,375060.0,375125.0,375191.0,375253.0,375308.0,375381.0,375440.0,375510.0,375575.0,375629.0,375695.0,375750.0,375817.0,375867.0,375950.0,376018.0,376086.0,376137.0,376206.0,376264.0,376329.0,376389.0,376457.0,376504.0,376549.0,376598.0,376639.0,,,,,,,,,377142.0,377206.0,377269.0,377334.0,377387.0,377422.0,377474.0,377535.0,377602.0,377665.0,377713.0,377774.0,377834.0,377889.0,377952.0,378014.0,378072.0,378129.0,378178.0,378236.0,378277.0,378338.0,378392.0,378454.0,378510.0,378546.0,378597.0,378652.0,378697.0,378767.0,378813.0,378851.0,378900.0,378953.0,379021.0,379072.0,379143.0,379195.0,379243.0,379307.0,379362.0,379417.0,379480.0,379539.0,379612.0,379686.0,379756.0,379805.0,379856.0,379925.0,379993.0,380040.0,380089.0,380132.0,380199.0,380278.0,380335.0,380390.0,380464.0,380521.0,380589.0,380696.0,380727.0,380804.0,380870.0,380937.0,381016.0,381081.0,381133.0,381191.0,381244.0,381302.0,381358.0,381409.0,381466.0,381527.0,381592.0,381669.0,381763.0,381851.0,381904.0,381961.0,382014.0,382091.0,382145.0,382193.0,382245.0,382298.0,382343.0,382387.0,382436.0,382493.0,382549.0,382604.0,382653.0,382704.0,382780.0,382847.0,382900.0,382969.0,383017.0,383080.0,383135.0,383173.0,383226.0,383287.0,383354.0,383428.0,383498.0,383568.0,383636.0,383705.0,383768.0,383823.0,383882.0,383950.0,384036.0,384095.0,384155.0,384215.0,384280.0,,384428.0,384491.0,384543.0,384619.0,384683.0,384762.0,384820.0,384879.0,384928.0,384989.0,385028.0,385082.0,385121.0,385185.0,385238.0,385296.0,385368.0,385420.0,385479.0,385527.0,385597.0,385676.0,385749.0,385830.0,385897.0,385956.0,385999.0,386053.0,386116.0,386186.0,386272.0,386335.0,386405.0,386459.0,386522.0,386602.0,386676.0,386746.0,386826.0,386893.0,386951.0,387017.0,387089.0,387153.0,387235.0,387296.0,387375.0,387448.0,387518.0,387581.0,387630.0,387696.0,387759.0,387824.0,387878.0,387942.0,387998.0,388058.0,388113.0,388189.0,388247.0,388305.0,388380.0,388447.0,388501.0,388563.0,388627.0,388680.0,388733.0,388781.0,388836.0,388895.0,388952.0,389022.0,389077.0,389138.0,389207.0,389285.0,389341.0,389406.0,389492.0,389567.0,389643.0,389704.0,389770.0,389830.0,389874.0,389952.0,390032.0,390108.0,390184.0,390252.0,390310.0,390381.0,390436.0,390496.0,390551.0,390616.0,390664.0,390728.0,390796.0,390862.0,390942.0,391004.0,391067.0,391136.0,391244.0,391317.0,391376.0,391453.0,391532.0,391590.0,391657.0,391721
uUTVfVgaryw,1207952.0,1208068.0,1208172.0,1208299.0,1208420.0,1208524.0,1208640.0,1208742.0,1208831.0,1208961.0,1209064.0,1209192.0,1209289.0,1209375.0,1209512.0,1209614.0,1209745.0,1209869.0,1209983.0,1210101.0,1210227.0,1210357.0,1210461.0,1210580.0,1210683.0,1210794.0,1210909.0,1211008.0,1211098.0,1211206.0,1211289.0,1211406.0,1211501.0,1211602.0,1211692.0,1211778.0,1211857.0,1211968.0,1212072.0,1212199.0,1212331.0,1212430.0,1212532.0,1212670.0,1212805.0,1212906.0,1213042.0,1213144.0,1213253.0,1213353.0,1213450.0,1213550.0,1213626.0,1213726.0,1213782.0,1213856.0,1213927.0,1214003.0,1214095.0,1214181.0,1214262.0,1214324.0,1214405.0,1214502.0,1214568.0,1214696.0,1214771.0,1214853.0,1214926.0,1215033.0,1215097.0,1215162.0,1215240.0,1215309.0,1215400.0,1215485.0,1215561.0,1215635.0,1215715.0,1215794.0,1215887.0,1215972.0,1216042.0,1216115.0,1216187.0,1216263.0,1216341.0,1216418.0,1216492.0,1216567.0,1216642.0,1216708.0,1216762.0,1216816.0,1216903.0,1216960.0,1217046.0,1217156.0,1217247.0,1217321.0,1217388.0,1217443.0,1217524.0,1217603.0,1217678.0,1217755.0,1217806.0,1217875.0,1217931.0,1217997.0,1218081.0,1218159.0,1218219.0,1218290.0,1218355.0,1218429.0,1218484.0,1218542.0,1218607.0,1218664.0,1218739.0,1218791.0,1218855.0,1218913.0,1218984.0,1219028.0,1219103.0,1219155.0,1219214.0,1219284.0,1219340.0,1219408.0,1219467.0,1219509.0,,,,,,,,,1220036.0,1220116.0,1220169.0,1220230.0,1220297.0,1220362.0,1220438.0,1220515.0,1220565.0,1220630.0,1220680.0,1220721.0,1220764.0,1220799.0,1220856.0,1220944.0,1220989.0,1221027.0,1221070.0,1221128.0,1221180.0,1221242.0,1221290.0,1221342.0,1221387.0,1221437.0,1221478.0,1221530.0,1221572.0,1221633.0,1221683.0,1221753.0,1221802.0,1221833.0,1221881.0,1221929.0,1221976.0,1222047.0,1222092.0,1222143.0,1222183.0,1222229.0,1222290.0,1222355.0,1222399.0,1222465.0,1222523.0,1222589.0,1222635.0,1222706.0,1222763.0,1222801.0,1222863.0,1222926.0,1222974.0,1223035.0,1223092.0,1223152.0,1223219.0,1223274.0,1223341.0,1223419.0,1223466.0,1223536.0,1223603.0,1223666.0,1223719.0,1223794.0,1223858.0,1223926.0,1223990.0,1224037.0,1224102.0,1224162.0,1224234.0,1224296.0,1224361.0,1224431.0,1224512.0,1224573.0,1224629.0,1224688.0,1224760.0,1224830.0,1224897.0,1224942.0,1224999.0,1225046.0,1225100.0,1225144.0,1225196.0,1225253.0,1225330.0,1225390.0,1225442.0,1225491.0,1225555.0,1225620.0,1225715.0,1225783.0,1225848.0,1225910.0,1225994.0,1226049.0,1226124.0,1226198.0,1226297.0,1226346.0,1226436.0,1226526.0,1226593.0,1226676.0,1226734.0,1226796.0,1226874.0,1226941.0,1227006.0,1227100.0,1227187.0,1227249.0,1227326.0,,1227425.0,1227472.0,1227517.0,1227575.0,1227635.0,1227705.0,1227762.0,1227826.0,1227875.0,1227927.0,1227979.0,1228047.0,1228103.0,1228158.0,1228212.0,1228269.0,1228325.0,1228398.0,1228469.0,1228522.0,1228588.0,1228641.0,1228698.0,1228763.0,1228840.0,1228903.0,1228959.0,1229016.0,1229072.0,1229120.0,1229187.0,1229255.0,1229312.0,1229355.0,1229410.0,1229468.0,1229531.0,1229598.0,1229710.0,1229777.0,1229845.0,1229901.0,1229976.0,1230055.0,1230151.0,1230208.0,1230274.0,1230343.0,1230416.0,1230477.0,1230523.0,1230586.0,1230664.0,1230753.0,1230816.0,1230889.0,1230971.0,1231032.0,1231101.0,1231183.0,1231244.0,1231300.0,1231362.0,1231426.0,1231509.0,1231564.0,1231627.0,1231679.0,1231745.0,1231802.0,1231877.0,1231935.0,1232002.0,1232075.0,1232143.0,1232201.0,1232257.0,1232314.0,1232359.0,1232427.0,1232493.0,1232552.0,1232613.0,1232685.0,1232754.0,1232826.0,1232893.0,1232975.0,1233034.0,1233090.0,1233150.0,1233201.0,1233250.0,1233307.0,1233352.0,1233419.0,1233484.0,1233539.0,1233605.0,1233662.0,1233730.0,1233804.0,1233853.0,1233903.0,1233965.0,1234031.0,1234096.0,1234179.0,1234247.0,1234303.0,1234349.0,1234418.0,1234468.0,1234528
ClZ8cSLVEIQ,26555.0,26578.0,26602.0,26624.0,26649.0,26674.0,26704.0,26719.0,26735.0,26762.0,26780.0,26798.0,26824.0,26840.0,26857.0,26873.0,26885.0,26893.0,26915.0,26934.0,26942.0,26956.0,26976.0,26991.0,26999.0,27018.0,27030.0,27049.0,27058.0,27072.0,27080.0,27098.0,27110.0,27124.0,27140.0,27154.0,27169.0,27183.0,27193.0,27212.0,27220.0,27231.0,27238.0,27247.0,27258.0,27267.0,27276.0,27285.0,27294.0,27308.0,27321.0,27333.0,27346.0,27366.0,27369.0,27381.0,27394.0,27403.0,27416.0,27424.0,27438.0,27443.0,27457.0,27471.0,27477.0,27486.0,27506.0,27514.0,27520.0,27536.0,27548.0,27559.0,27566.0,27571.0,27584.0,27594.0,27603.0,27616.0,27632.0,27638.0,27646.0,27662.0,27670.0,27686.0,27694.0,27700.0,27711.0,27723.0,27735.0,27746.0,27758.0,27765.0,27772.0,27780.0,27789.0,27803.0,27816.0,27836.0,27847.0,27856.0,27867.0,27878.0,27885.0,27899.0,27914.0,27922.0,27933.0,27948.0,27954.0,27971.0,27980.0,27987.0,27995.0,28006.0,28018.0,28027.0,28039.0,28049.0,28062.0,28068.0,28082.0,28093.0,28107.0,28116.0,28127.0,28144.0,28156.0,28167.0,28179.0,28188.0,28199.0,28218.0,28234.0,28239.0,,,,,,,,,28326.0,28351.0,28357.0,28366.0,28376.0,28391.0,28414.0,28428.0,28437.0,28445.0,28455.0,28475.0,28487.0,28495.0,28500.0,28510.0,28516.0,28526.0,28534.0,28549.0,28564.0,28571.0,28575.0,28592.0,28605.0,28618.0,28628.0,28636.0,28642.0,28654.0,28662.0,28672.0,28682.0,28684.0,28696.0,28708.0,28718.0,28730.0,28732.0,28745.0,28755.0,28765.0,28777.0,28780.0,28794.0,28812.0,28819.0,28826.0,28835.0,28845.0,28853.0,28862.0,28873.0,28880.0,28889.0,28899.0,28910.0,28925.0,28933.0,28972.0,28986.0,29003.0,29010.0,29019.0,29029.0,29042.0,29054.0,29063.0,29072.0,29087.0,29098.0,29107.0,29123.0,29131.0,29148.0,29157.0,29171.0,29183.0,29196.0,29217.0,29224.0,29237.0,29253.0,29260.0,29267.0,29272.0,29278.0,29284.0,29296.0,29303.0,29307.0,29315.0,29320.0,29330.0,29341.0,29343.0,29353.0,29367.0,29374.0,29383.0,29393.0,29405.0,29417.0,29428.0,29436.0,29460.0,29467.0,29481.0,29494.0,29506.0,29517.0,29529.0,29541.0,29552.0,29557.0,29565.0,29584.0,29592.0,29601.0,29611.0,29625.0,,29653.0,29661.0,29673.0,29688.0,29698.0,29704.0,29713.0,29723.0,29736.0,29742.0,29750.0,29759.0,29770.0,29773.0,29782.0,29798.0,29816.0,29829.0,29835.0,29842.0,29856.0,29865.0,29876.0,29882.0,29889.0,29897.0,29907.0,29923.0,29933.0,29939.0,29949.0,29963.0,29978.0,29997.0,30012.0,30020.0,30025.0,30035.0,30052.0,30066.0,30075.0,30088.0,30100.0,30118.0,30136.0,30145.0,30152.0,30161.0,30170.0,30183.0,30194.0,30205.0,30218.0,30230.0,30246.0,30258.0,30274.0,30291.0,30313.0,30336.0,30351.0,30361.0,30379.0,30392.0,30407.0,30436.0,30452.0,30460.0,30466.0,30473.0,30489.0,30503.0,30519.0,30533.0,30545.0,30555.0,30567.0,30572.0,30574.0,30576.0,30583.0,30592.0,30599.0,30611.0,30619.0,30624.0,30628.0,30632.0,30636.0,30640.0,30648.0,30650.0,30656.0,30660.0,30670.0,30674.0,30682.0,30690.0,30699.0,30706.0,30711.0,30721.0,30725.0,30731.0,30733.0,30743.0,30746.0,30750.0,30756.0,30768.0,30772.0,30781.0,30788.0,30793
rCV1S0dNcWc,1506158.0,1506261.0,1506364.0,1506480.0,1506612.0,1506742.0,1506931.0,1507094.0,1507266.0,1507446.0,1507595.0,1507752.0,1507896.0,1508056.0,1508210.0,1508318.0,1508447.0,1508530.0,1508616.0,1508717.0,1508832.0,1508937.0,1509039.0,1509154.0,1509289.0,1509391.0,1509504.0,1509596.0,1509710.0,1509816.0,1509912.0,1510022.0,1510104.0,1510235.0,1510363.0,1510458.0,1510569.0,1510692.0,1510800.0,1510924.0,1511011.0,1511081.0,1511184.0,1511283.0,1511404.0,1511530.0,1511658.0,1511756.0,1511876.0,1511967.0,1512061.0,1512143.0,1512216.0,1512309.0,1512394.0,1512499.0,1512593.0,1512704.0,1512818.0,1512936.0,1513029.0,1513138.0,1513241.0,1513336.0,1513421.0,1513521.0,1513609.0,1513693.0,1513768.0,1513874.0,1513946.0,1514037.0,1514135.0,1514224.0,1514299.0,1514388.0,1514479.0,1514570.0,1514653.0,1514744.0,1514821.0,1514903.0,1514978.0,1515062.0,1515140.0,1515223.0,1515291.0,1515393.0,1515474.0,1515562.0,1515640.0,1515703.0,1515769.0,1515850.0,1515950.0,1516027.0,1516084.0,1516169.0,1516240.0,1516306.0,1516397.0,1516487.0,1516555.0,1516622.0,1516676.0,1516768.0,1516861.0,1516920.0,1517003.0,1517080.0,1517141.0,1517251.0,1517341.0,1517438.0,1517541.0,1517665.0,1517770.0,1517886.0,1517989.0,1518078.0,1518160.0,1518218.0,1518296.0,1518356.0,1518448.0,1518531.0,1518619.0,1518692.0,1518783.0,1518850.0,1518922.0,1518975.0,1519066.0,1519131.0,,,,,,,,,1519858.0,1519927.0,1520017.0,1520098.0,1520187.0,1520269.0,1520357.0,1520411.0,1520493.0,1520566.0,1520625.0,1520705.0,1520764.0,1520839.0,1520915.0,1520995.0,1521057.0,1521158.0,1521248.0,1521353.0,1521419.0,1521481.0,1521597.0,1521694.0,1521782.0,1521882.0,1521991.0,1522101.0,1522166.0,1522246.0,1522338.0,1522427.0,1522549.0,1522653.0,1522740.0,1522798.0,1522869.0,1522977.0,1523067.0,1523165.0,1523246.0,1523319.0,1523402.0,1523479.0,1523580.0,1523634.0,1523708.0,1523797.0,1523888.0,1523962.0,1524058.0,1524136.0,1524205.0,1524302.0,1524395.0,1524481.0,1524553.0,1524630.0,1524714.0,1524789.0,1524884.0,1524950.0,1525013.0,1525089.0,1525189.0,1525275.0,1525360.0,1525425.0,1525513.0,1525566.0,1525673.0,1525771.0,1525868.0,1525963.0,1526042.0,1526148.0,1526268.0,1526358.0,1526446.0,1526545.0,1526625.0,1526696.0,1526783.0,1526900.0,1527044.0,1527144.0,1527253.0,1527363.0,1527459.0,1527542.0,1527625.0,1527702.0,1527757.0,1527855.0,1527955.0,1528024.0,1528114.0,1528215.0,1528317.0,1528389.0,1528467.0,1528556.0,1528640.0,1528728.0,1528806.0,1528886.0,1528993.0,1529095.0,1529210.0,1529283.0,1529361.0,1529448.0,1529512.0,1529588.0,1529657.0,1529724.0,1529805.0,1529888.0,1529960.0,1530033.0,1530109.0,,1530292.0,1530389.0,1530488.0,1530562.0,1530644.0,1530712.0,1530787.0,1530867.0,1530962.0,1531054.0,1531144.0,1531240.0,1531346.0,1531430.0,1531497.0,1531583.0,1531710.0,1531850.0,1531964.0,1532064.0,1532170.0,1532270.0,1532357.0,1532436.0,1532535.0,1532614.0,1532698.0,1532797.0,1532878.0,1532940.0,1533010.0,1533089.0,1533166.0,1533236.0,1533311.0,1533403.0,1533473.0,1533554.0,1533634.0,1533713.0,1533793.0,1533870.0,1533948.0,1534000.0,1534073.0,1534145.0,1534221.0,1534291.0,1534365.0,1534428.0,1534499.0,1534543.0,1534609.0,1534689.0,1534759.0,1534847.0,1534918.0,1534990.0,1535071.0,1535169.0,1535241.0,1535313.0,1535380.0,1535450.0,1535530.0,1535597.0,1535660.0,1535736.0,1535814.0,1535884.0,1535959.0,1536023.0,1536080.0,1536158.0,1536243.0,1536324.0,1536415.0,1536505.0,1536566.0,1536627.0,1536696.0,1536785.0,1536871.0,1536925.0,1536992.0,1537057.0,1537125.0,1537198.0,1537270.0,1537331.0,1537393.0,1537456.0,1537504.0,1537569.0,1537636.0,1537693.0,1537762.0,1537820.0,1537887.0,1537945.0,1537993.0,1538064.0,1538145.0,1538200.0,1538290.0,1538358.0,1538440.0,1538512.0,1538580.0,1538657.0,1538734.0,1538791.0,1538865.0,1538931
K6FgSUyGtKc,266918.0,266942.0,266971.0,266994.0,267012.0,267039.0,267070.0,267087.0,267103.0,267130.0,267154.0,267168.0,267201.0,267220.0,267247.0,267276.0,267294.0,267313.0,267327.0,267344.0,267362.0,267380.0,267396.0,267419.0,267438.0,267460.0,267480.0,267489.0,267518.0,267544.0,267562.0,267585.0,267604.0,267632.0,267659.0,267690.0,267705.0,267735.0,267755.0,267791.0,267818.0,267844.0,267870.0,267890.0,267917.0,267937.0,267962.0,267998.0,268022.0,268034.0,268052.0,268070.0,268090.0,268106.0,268127.0,268141.0,268156.0,268171.0,268193.0,268223.0,268246.0,268277.0,268291.0,268316.0,268344.0,268371.0,268393.0,268407.0,268421.0,268447.0,268481.0,268504.0,268524.0,268539.0,268568.0,268576.0,268589.0,268601.0,268631.0,268653.0,268664.0,268684.0,268702.0,268727.0,268743.0,268760.0,268770.0,268787.0,268807.0,268823.0,268835.0,268851.0,268871.0,268890.0,268912.0,268925.0,268934.0,268953.0,268968.0,268978.0,268998.0,269023.0,269039.0,269051.0,269073.0,269082.0,269108.0,269134.0,269167.0,269186.0,269207.0,269216.0,269230.0,269243.0,269268.0,269289.0,269308.0,269325.0,269342.0,269357.0,269370.0,269398.0,269410.0,269424.0,269445.0,269468.0,269491.0,269504.0,269517.0,269524.0,269539.0,269548.0,269563.0,269572.0,,,,,,,,,269749.0,269766.0,269781.0,269801.0,269814.0,269841.0,269858.0,269868.0,269884.0,269898.0,269913.0,269926.0,269937.0,269949.0,269959.0,269968.0,269987.0,270007.0,270025.0,270038.0,270051.0,270062.0,270072.0,270086.0,270097.0,270108.0,270117.0,270130.0,270144.0,270162.0,270181.0,270199.0,270217.0,270230.0,270243.0,270261.0,270275.0,270289.0,270307.0,270314.0,270324.0,270348.0,270360.0,270373.0,270385.0,270394.0,270401.0,270416.0,270429.0,270446.0,270464.0,270474.0,270482.0,270489.0,270502.0,270516.0,270524.0,270535.0,270548.0,270558.0,270576.0,270583.0,270603.0,270619.0,270629.0,270638.0,270650.0,270662.0,270672.0,270681.0,270692.0,270699.0,270709.0,270710.0,270715.0,270726.0,270733.0,270739.0,270753.0,270762.0,270765.0,270769.0,270780.0,270795.0,270816.0,270829.0,270841.0,270853.0,270859.0,270872.0,270879.0,270883.0,270889.0,270899.0,270909.0,270914.0,270922.0,270943.0,270952.0,270959.0,270968.0,270985.0,270994.0,271008.0,271021.0,271031.0,271051.0,271061.0,271070.0,271090.0,271114.0,271123.0,271134.0,271152.0,271164.0,271182.0,271203.0,271213.0,271244.0,271257.0,271275.0,,271308.0,271317.0,271339.0,271349.0,271363.0,271366.0,271378.0,271387.0,271400.0,271413.0,271425.0,271437.0,271451.0,271462.0,271472.0,271482.0,271500.0,271520.0,271539.0,271556.0,271574.0,271597.0,271613.0,271626.0,271640.0,271650.0,271656.0,271668.0,271679.0,271688.0,271699.0,271707.0,271719.0,271726.0,271737.0,271747.0,271762.0,271773.0,271791.0,271795.0,271803.0,271812.0,271820.0,271831.0,271846.0,271862.0,271879.0,271892.0,271902.0,271914.0,271928.0,271943.0,271956.0,271967.0,271976.0,271987.0,271996.0,272005.0,272016.0,272022.0,272032.0,272038.0,272053.0,272059.0,272065.0,272084.0,272093.0,272101.0,272115.0,272125.0,272134.0,272140.0,272149.0,272159.0,272166.0,272179.0,272195.0,272214.0,272229.0,272247.0,272269.0,272278.0,272296.0,272312.0,272321.0,272335.0,272340.0,272354.0,272361.0,272369.0,272376.0,272382.0,272388.0,272396.0,272404.0,272413.0,272427.0,272433.0,272443.0,272454.0,272465.0,272479.0,272492.0,272508.0,272518.0,272533.0,272545.0,272554.0,272570.0,272585.0,272596.0,272608.0,272616.0,272625
23hmUwIlrd8,165903.0,165915.0,165932.0,165942.0,165956.0,165967.0,165972.0,165986.0,165998.0,166007.0,166020.0,166029.0,166042.0,166054.0,166064.0,166072.0,166080.0,166086.0,166095.0,166100.0,166105.0,166116.0,166122.0,166130.0,166142.0,166154.0,166167.0,166175.0,166186.0,166199.0,166204.0,166207.0,166215.0,166224.0,166240.0,166259.0,166262.0,166265.0,166273.0,166283.0,166291.0,166301.0,166311.0,166326.0,166338.0,166343.0,166350.0,166357.0,166366.0,166375.0,166382.0,166390.0,166396.0,166400.0,166409.0,166421.0,166425.0,166431.0,166439.0,166457.0,166468.0,166477.0,166492.0,166503.0,166512.0,166522.0,166534.0,166544.0,166547.0,166554.0,166567.0,166581.0,166590.0,166603.0,166615.0,166629.0,166636.0,166640.0,166643.0,166646.0,166655.0,166667.0,166675.0,166687.0,166689.0,166694.0,166707.0,166719.0,166722.0,166731.0,166738.0,166745.0,166751.0,166756.0,166763.0,166772.0,166778.0,166785.0,166794.0,166800.0,166807.0,166818.0,166832.0,166844.0,166857.0,166868.0,166877.0,166887.0,166894.0,166905.0,166916.0,166931.0,166938.0,166951.0,166963.0,166976.0,166987.0,166996.0,167007.0,167021.0,167034.0,167042.0,167053.0,167055.0,167070.0,167081.0,167097.0,167103.0,167116.0,167123.0,167130.0,167139.0,167149.0,167152.0,,,,,,,,,167210.0,167212.0,167217.0,167223.0,167229.0,167237.0,167241.0,167244.0,167253.0,167260.0,167266.0,167271.0,167278.0,167290.0,167298.0,167300.0,167303.0,167311.0,167315.0,167322.0,167328.0,167335.0,167336.0,167339.0,167343.0,167346.0,167348.0,167352.0,167360.0,167369.0,167386.0,167405.0,167415.0,167427.0,167432.0,167443.0,167447.0,167453.0,167470.0,167474.0,167478.0,167487.0,167489.0,167496.0,167497.0,167502.0,167506.0,167514.0,167523.0,167527.0,167543.0,167552.0,167554.0,167557.0,167563.0,167568.0,167574.0,167580.0,167589.0,167605.0,167612.0,167618.0,167625.0,167637.0,167644.0,167652.0,167658.0,167662.0,167666.0,167675.0,167682.0,167687.0,167690.0,167697.0,167703.0,167707.0,167710.0,167714.0,167717.0,167725.0,167729.0,167732.0,167737.0,167740.0,167749.0,167752.0,167757.0,167761.0,167761.0,167766.0,167776.0,167783.0,167787.0,167790.0,167795.0,167800.0,167805.0,167810.0,167814.0,167819.0,167830.0,167839.0,167842.0,167851.0,167855.0,167861.0,167868.0,167873.0,167886.0,167906.0,167923.0,167933.0,167939.0,167951.0,167959.0,167973.0,167983.0,167989.0,167998.0,168005.0,168009.0,,168025.0,168026.0,168042.0,168051.0,168059.0,168061.0,168067.0,168070.0,168081.0,168088.0,168092.0,168098.0,168101.0,168102.0,168111.0,168128.0,168138.0,168144.0,168146.0,168161.0,168164.0,168170.0,168176.0,168178.0,168184.0,168190.0,168192.0,168195.0,168202.0,168206.0,168211.0,168215.0,168219.0,168225.0,168229.0,168232.0,168241.0,168249.0,168255.0,168263.0,168275.0,168277.0,168282.0,168287.0,168294.0,168297.0,168298.0,168303.0,168307.0,168312.0,168313.0,168314.0,168320.0,168321.0,168328.0,168333.0,168337.0,168340.0,168349.0,168352.0,168360.0,168369.0,168377.0,168382.0,168385.0,168394.0,168396.0,168398.0,168400.0,168404.0,168411.0,168420.0,168430.0,168434.0,168435.0,168438.0,168441.0,168445.0,168449.0,168455.0,168459.0,168466.0,168469.0,168472.0,168481.0,168483.0,168485.0,168494.0,168497.0,168504.0,168509.0,168516.0,168517.0,168527.0,168531.0,168537.0,168546.0,168551.0,168558.0,168565.0,168576.0,168586.0,168587.0,168595.0,168603.0,168614.0,168620.0,168625.0,168631.0,168637.0,168643.0,168648.0,168653.0,168659
RPlSsPf-NUI,2953.0,2953.0,2953.0,2953.0,2953.0,2953.0,2954.0,2954.0,2954.0,2954.0,2953.0,2953.0,2953.0,2954.0,2954.0,2954.0,2955.0,2956.0,2956.0,2956.0,2957.0,2957.0,2957.0,2957.0,2957.0,2957.0,2957.0,2957.0,2957.0,2957.0,2959.0,2959.0,2959.0,2958.0,2960.0,2960.0,2960.0,2960.0,2960.0,2960.0,2961.0,2962.0,2962.0,2961.0,2961.0,2961.0,2961.0,2962.0,2962.0,2962.0,2963.0,2963.0,2963.0,2963.0,2963.0,2963.0,2963.0,2963.0,2963.0,2963.0,2963.0,2963.0,2963.0,2963.0,2963.0,2963.0,2963.0,2963.0,2963.0,2963.0,2963.0,2963.0,2963.0,2963.0,2964.0,2964.0,2964.0,2964.0,2964.0,2964.0,2965.0,2965.0,2965.0,2965.0,2965.0,2965.0,2965.0,2965.0,2965.0,2965.0,2965.0,2965.0,2965.0,2966.0,2966.0,2966.0,2966.0,2966.0,2966.0,2966.0,2966.0,2966.0,2966.0,2967.0,2967.0,2967.0,2967.0,2968.0,2969.0,2969.0,2969.0,2969.0,2969.0,2969.0,2969.0,2969.0,2970.0,2971.0,2971.0,2971.0,2971.0,2971.0,2973.0,2973.0,2974.0,2974.0,2974.0,2974.0,2974.0,2976.0,2976.0,2976.0,2976.0,2976.0,,,,,,,,,2982.0,2982.0,2982.0,2982.0,2982.0,2984.0,2985.0,2985.0,2987.0,2989.0,2989.0,2989.0,2989.0,2989.0,2989.0,2989.0,2989.0,2991.0,2995.0,2996.0,2997.0,3008.0,3017.0,3019.0,3020.0,3021.0,3022.0,3022.0,3023.0,3023.0,3024.0,3024.0,3025.0,3027.0,3028.0,3028.0,3028.0,3028.0,3028.0,3028.0,3028.0,3028.0,3029.0,3030.0,3030.0,3030.0,3030.0,3030.0,3030.0,3030.0,3030.0,3030.0,3030.0,3030.0,3030.0,3030.0,3030.0,3030.0,3030.0,3031.0,3031.0,3031.0,3031.0,3031.0,3031.0,3031.0,3031.0,3032.0,3031.0,3032.0,3032.0,3032.0,3032.0,3032.0,3032.0,3032.0,3032.0,3032.0,3033.0,3033.0,3033.0,3033.0,3033.0,3033.0,3033.0,3033.0,3033.0,3033.0,3033.0,3033.0,3033.0,3033.0,3034.0,3034.0,3034.0,3034.0,3034.0,3034.0,3036.0,3036.0,3036.0,3036.0,3036.0,3036.0,3036.0,3036.0,3036.0,3036.0,3036.0,3036.0,3036.0,3036.0,3036.0,3036.0,3036.0,3036.0,3037.0,3037.0,3037.0,3037.0,3037.0,,3038.0,3038.0,3038.0,3038.0,3038.0,3038.0,3038.0,3038.0,3038.0,3038.0,3038.0,3038.0,3038.0,3038.0,3038.0,3039.0,3040.0,3040.0,3041.0,3041.0,3041.0,3041.0,3041.0,3042.0,3041.0,3041.0,3041.0,3041.0,3041.0,3042.0,3042.0,3043.0,3042.0,3043.0,3043.0,3043.0,3043.0,3043.0,3043.0,3043.0,3043.0,3043.0,3043.0,3043.0,3043.0,3043.0,3043.0,3043.0,3043.0,3043.0,3043.0,3045.0,3045.0,3046.0,3046.0,3047.0,3047.0,3049.0,3050.0,3050.0,3051.0,3051.0,3051.0,3051.0,3051.0,3052.0,3052.0,3052.0,3052.0,3052.0,3052.0,3052.0,3052.0,3052.0,3052.0,3052.0,3052.0,3052.0,3052.0,3052.0,3053.0,3053.0,3053.0,3053.0,3053.0,3053.0,3053.0,3053.0,3053.0,3053.0,3053.0,3053.0,3053.0,3053.0,3053.0,3054.0,3054.0,3055.0,3056.0,3056.0,3056.0,3056.0,3056.0,3056.0,3056.0,3057.0,3057.0,3057.0,3062.0,3075.0,3077.0,3077.0,3078.0,3078
H8TPtqMYvvo,52159.0,52230.0,52322.0,52383.0,52459.0,52554.0,52635.0,52715.0,52810.0,52880.0,52946.0,53045.0,53144.0,53273.0,53358.0,53467.0,53568.0,53641.0,53717.0,53836.0,53938.0,54041.0,54147.0,54211.0,54289.0,54365.0,54494.0,54609.0,54749.0,54952.0,55093.0,55213.0,55359.0,55497.0,55633.0,55733.0,55858.0,55970.0,56063.0,56142.0,56263.0,56407.0,56544.0,56697.0,56810.0,56901.0,57016.0,57151.0,57287.0,57417.0,57540.0,57692.0,57802.0,57922.0,58057.0,58163.0,58259.0,58377.0,58462.0,58541.0,58643.0,58743.0,58869.0,58997.0,59099.0,59207.0,59279.0,59382.0,59457.0,59554.0,59683.0,59727.0,59809.0,59889.0,59975.0,60073.0,60157.0,60268.0,60370.0,60447.0,60519.0,60629.0,60726.0,60829.0,60948.0,61052.0,61157.0,61216.0,61317.0,61399.0,61504.0,61603.0,61710.0,61711.0,61711.0,61711.0,61711.0,61711.0,61711.0,61711.0,61711.0,61711.0,61711.0,61711.0,61711.0,61711.0,61711.0,61711.0,61711.0,61711.0,61711.0,61711.0,61711.0,61711.0,61711.0,61711.0,61711.0,61711.0,61711.0,61711.0,61711.0,61711.0,61711.0,61711.0,61711.0,61711.0,61711.0,61711.0,61711.0,61711.0,61711.0,61711.0,61711.0,61711.0,,,,,,,,,61711.0,61711.0,61711.0,61711.0,61711.0,61711.0,61711.0,61711.0,61711.0,61711.0,61711.0,61711.0,61711.0,61711.0,61711.0,61711.0,61711.0,61711.0,61711.0,61711.0,61711.0,61711.0,61711.0,61711.0,61711.0,61711.0,61711.0,61711.0,61711.0,61711.0,61711.0,61711.0,61711.0,61711.0,61711.0,61711.0,61711.0,61711.0,61711.0,61711.0,61711.0,61711.0,61711.0,61711.0,61711.0,61711.0,61711.0,61711.0,61711.0,61711.0,61711.0,61711.0,61711.0,61711.0,61711.0,61711.0,61711.0,61711.0,61711.0,61711.0,61711.0,61711.0,61711.0,61711.0,61711.0,61711.0,61711.0,61711.0,61711.0,61711.0,61711.0,61711.0,61711.0,61711.0,61711.0,61711.0,61711.0,61711.0,61711.0,61711.0,61711.0,61711.0,61711.0,61711.0,61711.0,61711.0,61711.0,61711.0,61711.0,61711.0,61711.0,61711.0,61711.0,61711.0,61711.0,61711.0,61711.0,61711.0,61711.0,61711.0,61711.0,61711.0,61711.0,61711.0,61711.0,61711.0,61711.0,61711.0,61711.0,61711.0,61711.0,61711.0,61711.0,61711.0,61711.0,61711.0,61711.0,61711.0,61711.0,61711.0,61711.0,,61711.0,61711.0,61711.0,61711.0,61711.0,61711.0,61711.0,61711.0,61711.0,61711.0,61711.0,61711.0,61711.0,61711.0,61711.0,61711.0,61711.0,61711.0,61711.0,61711.0,61711.0,61711.0,61711.0,61711.0,61711.0,61711.0,61711.0,61711.0,61711.0,61711.0,61711.0,61711.0,61711.0,61711.0,61711.0,61711.0,61711.0,61711.0,61711.0,61711.0,61711.0,61711.0,61711.0,61711.0,61711.0,61711.0,61711.0,61711.0,61711.0,61711.0,61711.0,61711.0,61711.0,61711.0,61711.0,61711.0,61711.0,61711.0,61711.0,61711.0,61711.0,61711.0,61711.0,61711.0,61711.0,61711.0,61711.0,61711.0,61711.0,61711.0,61711.0,61711.0,61711.0,61711.0,61711.0,61711.0,61711.0,61711.0,61711.0,61711.0,61711.0,61711.0,61711.0,61711.0,61711.0,61711.0,61711.0,61711.0,61711.0,61711.0,61711.0,61711.0,61711.0,61711.0,61711.0,61711.0,61711.0,61711.0,61711.0,61711.0,61711.0,61711.0,61711.0,61711.0,61711.0,61711.0,61711.0,61711.0,61711.0,61711.0,61711.0,61711.0,61711.0,61711
JQUKB1Gkcx0,78431.0,78501.0,78569.0,78630.0,78685.0,78747.0,78802.0,78872.0,78942.0,78996.0,79043.0,79122.0,79184.0,79256.0,79336.0,79402.0,79485.0,79560.0,79649.0,79737.0,79817.0,79897.0,79964.0,80028.0,80081.0,80164.0,80254.0,80336.0,80418.0,80521.0,80597.0,80661.0,80741.0,80817.0,80922.0,81018.0,81102.0,81180.0,81221.0,81274.0,81330.0,81409.0,81454.0,81504.0,81542.0,81591.0,81631.0,81687.0,81745.0,81807.0,81882.0,81947.0,82002.0,82061.0,82118.0,82183.0,82244.0,82324.0,82386.0,82454.0,82488.0,82549.0,82603.0,82694.0,82755.0,82810.0,82844.0,82891.0,82942.0,83006.0,83058.0,83113.0,83157.0,83209.0,83269.0,83324.0,83390.0,83451.0,83507.0,83569.0,83616.0,83679.0,83727.0,83780.0,83832.0,83878.0,83925.0,83975.0,84032.0,84071.0,84115.0,84168.0,84241.0,84303.0,84357.0,84406.0,84471.0,84538.0,84598.0,84662.0,84705.0,84761.0,84816.0,84874.0,84932.0,84986.0,85052.0,85105.0,85181.0,85258.0,85303.0,85364.0,85429.0,85511.0,85566.0,85607.0,85640.0,85678.0,85714.0,85774.0,85816.0,85868.0,85911.0,86011.0,86056.0,86104.0,86139.0,86211.0,86260.0,86298.0,86345.0,86400.0,86467.0,86519.0,,,,,,,,,87037.0,87087.0,87153.0,87214.0,87290.0,87371.0,87417.0,87474.0,87533.0,87606.0,87698.0,87779.0,87884.0,87973.0,88067.0,88146.0,88247.0,88338.0,88427.0,88493.0,88547.0,88593.0,88625.0,88680.0,88739.0,88796.0,88862.0,88911.0,88942.0,88983.0,89041.0,89080.0,89140.0,89199.0,89255.0,89299.0,89341.0,89385.0,89427.0,89487.0,89536.0,89611.0,89655.0,89693.0,89736.0,89792.0,89849.0,89915.0,89971.0,90015.0,90063.0,90127.0,90200.0,90263.0,90341.0,90402.0,90451.0,90499.0,90559.0,90607.0,90673.0,90731.0,90780.0,90830.0,90878.0,90970.0,91042.0,91108.0,91157.0,91206.0,91237.0,91283.0,91335.0,91381.0,91431.0,91495.0,91541.0,91601.0,91637.0,91694.0,91743.0,91786.0,91840.0,91890.0,91959.0,92014.0,92066.0,92126.0,92178.0,92228.0,92278.0,92321.0,92355.0,92400.0,92433.0,92485.0,92530.0,92573.0,92609.0,92647.0,92674.0,92727.0,92769.0,92810.0,92847.0,92890.0,92919.0,92954.0,92994.0,93035.0,93057.0,93099.0,93137.0,93167.0,93200.0,93240.0,93274.0,93317.0,93381.0,93441.0,93493.0,,93640.0,93699.0,93768.0,93844.0,93923.0,93985.0,94027.0,94079.0,94134.0,94220.0,94300.0,94383.0,94445.0,94501.0,94573.0,94616.0,94679.0,94764.0,94864.0,94931.0,94995.0,95080.0,95157.0,95258.0,95311.0,95376.0,95435.0,95545.0,95607.0,95701.0,95779.0,95858.0,95932.0,95984.0,96075.0,96177.0,96251.0,96316.0,96378.0,96427.0,96459.0,96520.0,96588.0,96628.0,96680.0,96726.0,96774.0,96823.0,96889.0,96936.0,96988.0,97031.0,97092.0,97129.0,97165.0,97211.0,97257.0,97294.0,97338.0,97380.0,97418.0,97448.0,97494.0,97526.0,97560.0,97619.0,97716.0,97815.0,97957.0,98224.0,98291.0,98353.0,98427.0,98507.0,98576.0,98631.0,98688.0,98740.0,98799.0,98865.0,98912.0,98955.0,99004.0,99036.0,99075.0,99111.0,99150.0,99200.0,99225.0,99252.0,99283.0,99320.0,99349.0,99392.0,99427.0,99451.0,99477.0,99507.0,99539.0,99569.0,99602.0,99630.0,99669.0,99701.0,99734.0,99764.0,99799.0,99838.0,99867.0,99898.0,99930.0,99958.0,99989.0,100023
ro8lNSbgAC8,,,,,,,,,,,,,,,,,,,,,,,,,,,,,,,,,,,,,,,,,,,,,,,,,,,,,,,,,,,,,,,,,,,,,,,,,,,,,,,,,,,,,,,,,,,,,,,,,,,,,,,,,,,,,,,,,,,,,,,,,,,,,,,,,,,,,,,,,,,,,,,,,,,,,,,,,,,,,,,,,,,,,,,,,,,,,,,,,,,,,,,,,,,,,,,,,,,,,,,,,,,,,,,,,,,,,,,,,,,,,,,,,,,,,,,,,,,,,,,,,,,,,,,,,,,,,,,,,,,,,,,,,,,,,,,,,,,,,,,,,,,,,,,,,,,,,,,,,,,,,,,,,,,,,,,,,,,,,,,,,,,,,,,,,,,,,,,,,,,,,,,,,,,,,,,,,,,,,,,,,,,,,,,,,,,,,,,,,,
ro8lNSbgAC8,,,,,,,,,,,,,,,,,,,,,,,,,,,,,,,,,,,,,,,,,,,,,,,,,,,,,,,,,,,,,,,,,,,,,,,,,,,,,,,,,,,,,,,,,,,,,,,,,,,,,,,,,,,,,,,,,,,,,,,,,,,,,,,,,,,,,,,,,,,,,,,,,,,,,,,,,,,,,,,,,,,,,,,,,,,,,,,,,,,,,,,,,,,,,,,,,,,,,,,,,,,,,,,,,,,,,,,,,,,,,,,,,,,,,,,,,,,,,,,,,,,,,,,,,,,,,,,,,,,,,,,,,,,,,,,,,,,,,,,,,,,,,,,,,,,,,,,,,,,,,,,,,,,,,,,,,,,,,,,,,,,,,,,,,,,,,,,,,,,,,,,,,,,,,,,,,,,,,,,,,,,,,,,,,,,,,,,,,,
FHeMzgUAXLw,47299.0,47299.0,47299.0,47299.0,47299.0,47299.0,47299.0,47299.0,47299.0,47299.0,47299.0,47299.0,47299.0,47299.0,47299.0,47299.0,47299.0,47299.0,47299.0,47299.0,47299.0,47299.0,47299.0,47299.0,47299.0,47299.0,47299.0,47299.0,47299.0,47299.0,47299.0,47299.0,47299.0,47299.0,47299.0,47299.0,47299.0,47299.0,47299.0,47299.0,47299.0,47299.0,47299.0,47299.0,47299.0,47299.0,47299.0,47299.0,47299.0,47299.0,47299.0,47299.0,47299.0,47299.0,47299.0,47299.0,47299.0,47299.0,47299.0,47299.0,47299.0,47299.0,47299.0,47299.0,47299.0,47299.0,47299.0,47299.0,47299.0,47299.0,47299.0,47299.0,47299.0,47299.0,47299.0,47299.0,47299.0,47299.0,47299.0,47299.0,47299.0,47299.0,47299.0,47299.0,47299.0,47299.0,47299.0,47299.0,47299.0,47299.0,47299.0,47299.0,47299.0,47299.0,47299.0,47299.0,47299.0,47299.0,47299.0,47299.0,47299.0,47299.0,47299.0,47299.0,47299.0,47299.0,47299.0,47299.0,47299.0,47299.0,47299.0,47299.0,47299.0,47299.0,47299.0,47299.0,47299.0,47299.0,47299.0,47299.0,47299.0,47299.0,47299.0,47299.0,47299.0,47299.0,47299.0,47299.0,47299.0,47299.0,47299.0,47299.0,47299.0,47299.0,,,,,,,,,47299.0,47299.0,47299.0,47299.0,47299.0,47299.0,47299.0,47299.0,47299.0,47299.0,47299.0,47299.0,47299.0,47299.0,47299.0,47299.0,47299.0,47299.0,47299.0,47299.0,47299.0,47299.0,47299.0,47299.0,47299.0,47299.0,47299.0,47299.0,47299.0,47299.0,47299.0,47299.0,47299.0,47299.0,47299.0,47299.0,47299.0,47299.0,47299.0,47299.0,47299.0,47299.0,47299.0,47299.0,47299.0,47299.0,47299.0,47299.0,47299.0,47299.0,47299.0,47299.0,47299.0,47299.0,47299.0,47299.0,47299.0,47299.0,47299.0,47299.0,47299.0,47299.0,47299.0,47299.0,47299.0,47299.0,47299.0,47299.0,47299.0,47299.0,47299.0,47299.0,47299.0,47299.0,47299.0,47299.0,47299.0,47299.0,47299.0,47299.0,47299.0,47299.0,47299.0,47299.0,47299.0,47299.0,47299.0,47299.0,47299.0,47299.0,47299.0,47299.0,47299.0,47299.0,47299.0,47299.0,47299.0,47299.0,47299.0,47299.0,47299.0,47299.0,47299.0,47299.0,47299.0,47299.0,47299.0,47299.0,47299.0,47299.0,47299.0,47299.0,47299.0,47299.0,47299.0,47299.0,47299.0,47299.0,47299.0,47299.0,47299.0,,47299.0,47299.0,47299.0,47299.0,47299.0,47299.0,47299.0,47299.0,47299.0,47299.0,47299.0,47299.0,47299.0,47299.0,47299.0,47299.0,47299.0,47299.0,47299.0,47299.0,47299.0,47299.0,47299.0,47299.0,47299.0,47299.0,47299.0,47299.0,47299.0,47299.0,47299.0,47299.0,47299.0,47299.0,47299.0,47299.0,47299.0,47299.0,47299.0,47299.0,47299.0,47299.0,47299.0,47299.0,47299.0,47299.0,47299.0,47299.0,47299.0,47299.0,47299.0,47299.0,47299.0,47299.0,47299.0,47299.0,47299.0,47299.0,47299.0,47299.0,47299.0,47299.0,47299.0,47299.0,47299.0,47299.0,47299.0,47299.0,47299.0,47299.0,47299.0,47299.0,47299.0,47299.0,47299.0,47299.0,47299.0,47299.0,47299.0,47299.0,47299.0,47299.0,47299.0,47299.0,47299.0,47299.0,47299.0,47299.0,47299.0,47299.0,47299.0,47299.0,47299.0,47299.0,47299.0,47299.0,47299.0,47299.0,47299.0,47299.0,47299.0,47299.0,47299.0,47299.0,47299.0,47299.0,47299.0,47299.0,47299.0,47299.0,47299.0,47299.0,47299.0,47299
cEFCCM-S-Bs,13502620.0,13503060.0,13503631.0,13504220.0,13504906.0,13505609.0,13506217.0,13506990.0,13507728.0,13508483.0,13509184.0,13509969.0,13510770.0,13511596.0,13512349.0,13513075.0,13513913.0,13514642.0,13515477.0,13516211.0,13516966.0,13517816.0,13518587.0,13519375.0,13520183.0,13520950.0,13521740.0,13522437.0,13523201.0,13523967.0,13524652.0,13525388.0,13525993.0,13526670.0,13527324.0,13528005.0,13528693.0,13529393.0,13530119.0,13530630.0,13531278.0,13531920.0,13532595.0,13533223.0,13533880.0,13534490.0,13535084.0,13535711.0,13536348.0,13537046.0,13537714.0,13538310.0,13538795.0,13539337.0,13539847.0,13540440.0,13541034.0,13541650.0,13542175.0,13542781.0,13543298.0,13543921.0,13544439.0,13545083.0,13545673.0,13546201.0,13546784.0,13547364.0,13547912.0,13548621.0,13549219.0,13549838.0,13550349.0,13550903.0,13551547.0,13552177.0,13552805.0,13553398.0,13554056.0,13554629.0,13555256.0,13555819.0,13556412.0,13556952.0,13557539.0,13558065.0,13558580.0,13559246.0,13559784.0,13560494.0,13561028.0,13561624.0,13562101.0,13562723.0,13563305.0,13563878.0,13564332.0,13564874.0,13565334.0,13565820.0,13566327.0,13566832.0,13567350.0,13567836.0,13568344.0,13568910.0,13569552.0,13570147.0,13570761.0,13571273.0,13571889.0,13572506.0,13572994.0,13573565.0,13574171.0,13574792.0,13575352.0,13575893.0,13576480.0,13577059.0,13577583.0,13578087.0,13578595.0,13579012.0,13579447.0,13579957.0,13580420.0,13580911.0,13581346.0,13581751.0,13582217.0,13582681.0,13583178.0,13583595.0,,,,,,,,,13587518.0,13588008.0,13588418.0,13588848.0,13589231.0,13589708.0,13590120.0,13590545.0,13590996.0,13591513.0,13592052.0,13592511.0,13592905.0,13593381.0,13593929.0,13594383.0,13594893.0,13595428.0,13595895.0,13596468.0,13596934.0,13597474.0,13598018.0,13598533.0,13599042.0,13599538.0,13600066.0,13600585.0,13601052.0,13601581.0,13602173.0,13602610.0,13603124.0,13603673.0,13604172.0,13604640.0,13605090.0,13605596.0,13606040.0,13606501.0,13606931.0,13607355.0,13607817.0,13608253.0,13608703.0,13609152.0,13609553.0,13609985.0,13610477.0,13610880.0,13611275.0,13611690.0,13612062.0,13612546.0,13613035.0,13613516.0,13613925.0,13614340.0,13614751.0,13615171.0,13615613.0,13615995.0,13616329.0,13616668.0,13617057.0,13617475.0,13617889.0,13618331.0,13618701.0,13619094.0,13619493.0,13619848.0,13620308.0,13620748.0,13621124.0,13621543.0,13622016.0,13622563.0,13623067.0,13623433.0,13623854.0,13624191.0,13624595.0,13625119.0,13625553.0,13625949.0,13626343.0,13626739.0,13627242.0,13627823.0,13628565.0,13629249.0,13629919.0,13630487.0,13631025.0,13631676.0,13632345.0,13632940.0,13633510.0,13634044.0,13634597.0,13635135.0,13635716.0,13636210.0,13636775.0,13637278.0,13637782.0,13638206.0,13638701.0,13639092.0,13639566.0,13639995.0,13640434.0,13640931.0,13641379.0,13641842.0,13642226.0,13642644.0,13643076.0,13643505.0,13643895.0,,13644744.0,13645187.0,13645619.0,13646043.0,13646487.0,13646925.0,13647369.0,13647752.0,13648184.0,13648625.0,13649061.0,13649484.0,13649888.0,13650311.0,13650714.0,13651154.0,13651616.0,13652002.0,13652476.0,13652958.0,13653342.0,13653768.0,13654168.0,13654573.0,13654942.0,13655314.0,13655715.0,13656097.0,13656502.0,13656913.0,13657324.0,13657763.0,13658138.0,13658471.0,13658911.0,13659283.0,13659683.0,13660073.0,13660470.0,13660883.0,13661286.0,13661706.0,13662064.0,13662478.0,13662859.0,13663252.0,13663642.0,13664053.0,13664408.0,13664769.0,13665110.0,13665486.0,13665879.0,13666282.0,13666665.0,13667090.0,13667529.0,13667877.0,13668318.0,13668696.0,13669088.0,13669444.0,13669876.0,13670265.0,13670625.0,13671029.0,13671369.0,13671756.0,13672145.0,13672558.0,13672908.0,13673358.0,13673757.0,13674168.0,13674570.0,13674977.0,13675383.0,13675921.0,13676344.0,13676906.0,13677411.0,13677794.0,13678242.0,13678688.0,13679113.0,13679506.0,13679923.0,13680349.0,13680775.0,13681157.0,13681595.0,13682045.0,13682462.0,13682825.0,13683239.0,13683647.0,13683995.0,13684336.0,13684762.0,13685123.0,13685520.0,13685913.0,13686234.0,13686637.0,13686982.0,13687324.0,13687682.0,13688091.0,13688462.0,13688806.0,13689125.0,13689442.0,13689787.0,13690145
JlaFrQ1781A,1024482.0,1024492.0,1024511.0,1024529.0,1024541.0,1024554.0,1024566.0,1024575.0,1024582.0,1024603.0,1024616.0,1024629.0,1024643.0,1024651.0,1024663.0,1024679.0,1024693.0,1024707.0,1024721.0,1024731.0,1024745.0,1024758.0,1024771.0,1024779.0,1024794.0,1024801.0,1024813.0,1024830.0,1024845.0,1024862.0,1024894.0,1024908.0,1024926.0,1024952.0,1024971.0,1024986.0,1025006.0,1025028.0,1025039.0,1025048.0,1025061.0,1025074.0,1025087.0,1025096.0,1025109.0,1025120.0,1025125.0,1025134.0,1025148.0,1025158.0,1025172.0,1025185.0,1025194.0,1025208.0,1025216.0,1025226.0,1025239.0,1025245.0,1025254.0,1025268.0,1025273.0,1025287.0,1025293.0,1025307.0,1025316.0,1025323.0,1025332.0,1025346.0,1025361.0,1025371.0,1025376.0,1025385.0,1025390.0,1025401.0,1025407.0,1025412.0,1025418.0,1025423.0,1025432.0,1025442.0,1025451.0,1025463.0,1025474.0,1025482.0,1025491.0,1025494.0,1025503.0,1025508.0,1025517.0,1025522.0,1025542.0,1025567.0,1025577.0,1025592.0,1025604.0,1025616.0,1025627.0,1025636.0,1025642.0,1025647.0,1025653.0,1025667.0,1025676.0,1025681.0,1025691.0,1025700.0,1025706.0,1025712.0,1025716.0,1025718.0,1025724.0,1025735.0,1025744.0,1025753.0,1025764.0,1025768.0,1025773.0,1025779.0,1025790.0,1025800.0,1025806.0,1025819.0,1025824.0,1025827.0,1025834.0,1025839.0,1025847.0,1025852.0,1025855.0,1025859.0,1025865.0,1025870.0,1025881.0,1025887.0,,,,,,,,,1025953.0,1025960.0,1025970.0,1025978.0,1025988.0,1025994.0,1026003.0,1026011.0,1026023.0,1026037.0,1026050.0,1026061.0,1026076.0,1026089.0,1026103.0,1026110.0,1026120.0,1026138.0,1026150.0,1026157.0,1026164.0,1026167.0,1026178.0,1026192.0,1026202.0,1026211.0,1026219.0,1026237.0,1026245.0,1026257.0,1026264.0,1026269.0,1026282.0,1026289.0,1026294.0,1026304.0,1026315.0,1026326.0,1026333.0,1026337.0,1026340.0,1026346.0,1026350.0,1026359.0,1026369.0,1026379.0,1026383.0,1026387.0,1026394.0,1026402.0,1026410.0,1026418.0,1026428.0,1026431.0,1026442.0,1026457.0,1026473.0,1026483.0,1026498.0,1026514.0,1026525.0,1026545.0,1026559.0,1026573.0,1026581.0,1026596.0,1026610.0,1026615.0,1026626.0,1026633.0,1026643.0,1026652.0,1026670.0,1026682.0,1026696.0,1026709.0,1026721.0,1026737.0,1026755.0,1026766.0,1026776.0,1026784.0,1026792.0,1026815.0,1026830.0,1026844.0,1026854.0,1026863.0,1026885.0,1026896.0,1026908.0,1026924.0,1026935.0,1026942.0,1026948.0,1026964.0,1026978.0,1026993.0,1027006.0,1027022.0,1027040.0,1027061.0,1027075.0,1027084.0,1027096.0,1027113.0,1027131.0,1027139.0,1027159.0,1027167.0,1027174.0,1027182.0,1027194.0,1027198.0,1027213.0,1027228.0,1027239.0,1027254.0,1027268.0,1027278.0,1027288.0,,1027302.0,1027311.0,1027319.0,1027324.0,1027334.0,1027340.0,1027342.0,1027349.0,1027360.0,1027371.0,1027376.0,1027385.0,1027399.0,1027409.0,1027423.0,1027442.0,1027449.0,1027464.0,1027483.0,1027496.0,1027504.0,1027515.0,1027527.0,1027538.0,1027547.0,1027558.0,1027566.0,1027577.0,1027592.0,1027601.0,1027608.0,1027630.0,1027642.0,1027656.0,1027664.0,1027686.0,1027715.0,1027730.0,1027746.0,1027757.0,1027775.0,1027785.0,1027795.0,1027809.0,1027831.0,1027841.0,1027851.0,1027863.0,1027876.0,1027890.0,1027901.0,1027912.0,1027920.0,1027926.0,1027946.0,1027956.0,1027974.0,1027986.0,1027995.0,1028012.0,1028027.0,1028042.0,1028063.0,1028077.0,1028098.0,1028106.0,1028113.0,1028133.0,1028155.0,1028170.0,1028185.0,1028209.0,1028230.0,1028248.0,1028260.0,1028289.0,1028315.0,1028334.0,1028347.0,1028370.0,1028381.0,1028388.0,1028410.0,1028436.0,1028455.0,1028474.0,1028491.0,1028529.0,1028545.0,1028569.0,1028596.0,1028617.0,1028637.0,1028667.0,1028685.0,1028709.0,1028742.0,1028796.0,1028828.0,1028862.0,1028886.0,1028919.0,1028945.0,1028958.0,1028990.0,1029014.0,1029039.0,1029050.0,1029072.0,1029087.0,1029108.0,1029128.0,1029146.0,1029175
QXWRgMbIqrA,601209.0,601709.0,602213.0,602666.0,603110.0,603660.0,604192.0,604629.0,605211.0,605824.0,606292.0,606857.0,607492.0,607981.0,608500.0,609017.0,609686.0,610211.0,610661.0,611064.0,611570.0,612204.0,612748.0,613301.0,614008.0,614557.0,615017.0,615559.0,616058.0,616586.0,617263.0,617788.0,618139.0,618598.0,619048.0,619528.0,620020.0,620438.0,621089.0,621563.0,621967.0,622402.0,622884.0,623409.0,623917.0,624419.0,624817.0,625352.0,625835.0,626284.0,626747.0,627197.0,627824.0,628213.0,628624.0,629075.0,629414.0,629828.0,630442.0,630980.0,631363.0,631830.0,632250.0,632678.0,633187.0,633791.0,634490.0,634955.0,635282.0,635865.0,636314.0,636797.0,637305.0,637749.0,638192.0,638761.0,639231.0,639691.0,640025.0,640470.0,640926.0,641429.0,641896.0,642399.0,642869.0,643384.0,643864.0,644251.0,644735.0,645171.0,645705.0,646285.0,646843.0,647386.0,647849.0,648309.0,648771.0,649166.0,649620.0,650158.0,650691.0,651129.0,651508.0,651944.0,652340.0,652691.0,653135.0,653719.0,654129.0,654675.0,655086.0,655449.0,655896.0,656224.0,656597.0,657038.0,657343.0,657630.0,657968.0,658397.0,658761.0,659096.0,659476.0,659812.0,660225.0,660682.0,661064.0,661394.0,661819.0,662218.0,662545.0,662848.0,663073.0,663395.0,,,,,,,,,666778.0,667214.0,667496.0,667864.0,668147.0,668446.0,668701.0,669060.0,669366.0,669634.0,669948.0,670188.0,670482.0,670794.0,671124.0,671358.0,671694.0,671987.0,672307.0,672782.0,673249.0,673673.0,674073.0,674395.0,674721.0,674966.0,675403.0,675809.0,676233.0,676580.0,676959.0,677425.0,677751.0,678224.0,678518.0,678919.0,679288.0,679620.0,680066.0,680397.0,680733.0,680997.0,681410.0,681698.0,682095.0,682415.0,682802.0,683115.0,683441.0,683797.0,684150.0,684394.0,684677.0,684994.0,685313.0,685590.0,685871.0,686183.0,686461.0,686770.0,687140.0,687453.0,687789.0,688100.0,688400.0,688654.0,688990.0,689327.0,689588.0,689899.0,690185.0,690427.0,690685.0,690979.0,691172.0,691375.0,691647.0,691885.0,692253.0,692592.0,692911.0,693200.0,693553.0,693895.0,694303.0,694630.0,694892.0,695252.0,695521.0,695811.0,696096.0,696371.0,696573.0,696864.0,697123.0,697386.0,697689.0,698013.0,698315.0,698563.0,698914.0,699232.0,699474.0,699795.0,700132.0,700524.0,700835.0,701104.0,701418.0,701752.0,702032.0,702384.0,702701.0,702972.0,703197.0,703410.0,703727.0,703992.0,704319.0,704601.0,704850.0,,705349.0,705595.0,705860.0,706136.0,706424.0,706743.0,707059.0,707340.0,707587.0,707876.0,708103.0,708424.0,708638.0,708888.0,709110.0,709343.0,709645.0,709947.0,710202.0,710542.0,710880.0,711148.0,711414.0,711685.0,711966.0,712715.0,713395.0,713853.0,714309.0,714742.0,715228.0,715613.0,716082.0,716463.0,716767.0,717119.0,717512.0,717959.0,718396.0,718778.0,719191.0,719471.0,719814.0,720214.0,720598.0,720976.0,721409.0,721783.0,722138.0,722527.0,722941.0,723277.0,723690.0,724115.0,724544.0,724981.0,725464.0,725887.0,726288.0,726810.0,727326.0,727724.0,728206.0,728635.0,729102.0,729565.0,730070.0,730515.0,731000.0,731417.0,731835.0,732229.0,732605.0,733002.0,733381.0,733801.0,734154.0,734549.0,734889.0,735226.0,735613.0,735957.0,736396.0,736708.0,737047.0,737383.0,737720.0,738094.0,738499.0,738819.0,739174.0,739525.0,739900.0,740289.0,740660.0,741078.0,741468.0,741858.0,742265.0,742633.0,742982.0,743349.0,743736.0,744119.0,744423.0,744760.0,745055.0,745414.0,745689.0,745983.0,746320.0,746620.0,746914.0,747321
_lVhucVnMGY,123379.0,123552.0,123765.0,123946.0,124145.0,124322.0,124530.0,124714.0,124887.0,125038.0,125177.0,125346.0,125509.0,125659.0,125829.0,126020.0,126164.0,126288.0,126488.0,126638.0,126813.0,126973.0,127164.0,127348.0,127538.0,127743.0,127951.0,128157.0,128342.0,128506.0,128679.0,128848.0,129012.0,129199.0,129387.0,129593.0,129789.0,129980.0,130120.0,130320.0,130512.0,130733.0,130912.0,131057.0,131210.0,131397.0,131621.0,131817.0,131973.0,132157.0,132348.0,132494.0,132680.0,132789.0,132985.0,133119.0,133297.0,133432.0,133598.0,133711.0,133912.0,134070.0,134273.0,134421.0,134614.0,134739.0,134854.0,135004.0,135124.0,135303.0,135416.0,135543.0,135720.0,135847.0,136020.0,136172.0,136296.0,136477.0,136699.0,136840.0,137056.0,137313.0,137514.0,137711.0,137905.0,138135.0,138310.0,138463.0,138674.0,138876.0,139072.0,139261.0,139485.0,139631.0,139817.0,140028.0,140256.0,140434.0,140634.0,140830.0,141007.0,141191.0,141338.0,141515.0,141694.0,141901.0,142060.0,142253.0,142428.0,142610.0,142891.0,143068.0,143207.0,143428.0,143607.0,143766.0,143966.0,144133.0,144344.0,144575.0,144699.0,144891.0,145042.0,145176.0,145297.0,145420.0,145548.0,145684.0,145809.0,145953.0,146147.0,146315.0,146478.0,146652.0,,,,,,,,,148282.0,148455.0,148657.0,148852.0,149062.0,149247.0,149448.0,149649.0,149869.0,150116.0,150372.0,150607.0,150841.0,151050.0,151263.0,151476.0,151682.0,151878.0,152093.0,152279.0,152466.0,152659.0,152811.0,152973.0,153210.0,153438.0,153643.0,153851.0,154029.0,154164.0,154378.0,154593.0,154809.0,154985.0,155208.0,155396.0,155547.0,155715.0,155907.0,156051.0,156194.0,156366.0,156502.0,156622.0,156762.0,156973.0,157104.0,157262.0,157441.0,157636.0,157802.0,158020.0,158183.0,158330.0,158532.0,158693.0,158839.0,158984.0,159193.0,159404.0,159552.0,159665.0,159821.0,160010.0,160220.0,160413.0,160581.0,160736.0,160910.0,161100.0,161269.0,161470.0,161651.0,161822.0,161992.0,162154.0,162335.0,162502.0,162665.0,162885.0,163048.0,163240.0,163412.0,163597.0,163757.0,163928.0,164142.0,164293.0,164457.0,164647.0,164841.0,165006.0,165123.0,165265.0,165428.0,165536.0,165683.0,165833.0,165978.0,166099.0,166265.0,166460.0,166577.0,166687.0,166806.0,166903.0,167033.0,167175.0,167283.0,167447.0,167617.0,167760.0,167914.0,168024.0,168116.0,168210.0,168278.0,168396.0,168553.0,168679.0,168801.0,,169160.0,169278.0,169403.0,169515.0,169659.0,169756.0,169855.0,169971.0,170096.0,170200.0,170336.0,170446.0,170543.0,170684.0,170799.0,170933.0,171056.0,171171.0,171254.0,171386.0,171482.0,171604.0,171706.0,171820.0,171901.0,171991.0,172083.0,172224.0,172367.0,172519.0,172631.0,172789.0,172911.0,173050.0,173166.0,173313.0,173497.0,173660.0,173798.0,173903.0,174053.0,174213.0,174330.0,174464.0,174560.0,174700.0,174833.0,174991.0,175155.0,175371.0,175575.0,175713.0,175831.0,175954.0,176075.0,176215.0,176345.0,176493.0,176637.0,176765.0,176889.0,176996.0,177108.0,177286.0,177450.0,177557.0,177709.0,177821.0,177963.0,178117.0,178226.0,178330.0,178434.0,178540.0,178644.0,178762.0,178899.0,179015.0,179127.0,179241.0,179353.0,179438.0,179528.0,179646.0,179743.0,179821.0,179938.0,180025.0,180128.0,180229.0,180322.0,180415.0,180498.0,180590.0,180684.0,180781.0,180845.0,180938.0,181030.0,181104.0,181193.0,181282.0,181350.0,181420.0,181494.0,181626.0,181748.0,181866.0,181965.0,182064.0,182203.0,182291.0,182407.0,182502
MHmfWgJKJvw,1034471.0,1035759.0,1036977.0,1038216.0,1039131.0,1040318.0,1041472.0,1042651.0,1043963.0,1045429.0,1046772.0,1047960.0,1049382.0,1050501.0,1051739.0,1053173.0,1054778.0,1056194.0,1057312.0,1058440.0,1059656.0,1060867.0,1062245.0,1063632.0,1065670.0,1067614.0,1069386.0,1070933.0,1072435.0,1074027.0,1075685.0,1077155.0,1078458.0,1079871.0,1081194.0,1082396.0,1083704.0,1085099.0,1086548.0,1087756.0,1088948.0,1090146.0,1091176.0,1092455.0,1093852.0,1095091.0,1096247.0,1097552.0,1098822.0,1099853.0,1100926.0,1102439.0,1103843.0,1105085.0,1106330.0,1107511.0,1108479.0,1109501.0,1110728.0,1111996.0,1113208.0,1114536.0,1115716.0,1116897.0,1118157.0,1119786.0,1121448.0,1122609.0,1123483.0,1124752.0,1125827.0,1127162.0,1128500.0,1129665.0,1130766.0,1132024.0,1133285.0,1134404.0,1135569.0,1136718.0,1137839.0,1138942.0,1139951.0,1141016.0,1142151.0,1143421.0,1144665.0,1145692.0,1146649.0,1147519.0,1148657.0,1149707.0,1150885.0,1152193.0,1153484.0,1154592.0,1155670.0,1156756.0,1157760.0,1158937.0,1160408.0,1161797.0,1162961.0,1164234.0,1165510.0,1166615.0,1167931.0,1169290.0,1170466.0,1171497.0,1172505.0,1173660.0,1174736.0,1175839.0,1176757.0,1177792.0,1178682.0,1179633.0,1180550.0,1181745.0,1182898.0,1184073.0,1185197.0,1186307.0,1187619.0,1188852.0,1189985.0,1190935.0,1192029.0,1193097.0,1194051.0,1194934.0,1195928.0,1196912.0,,,,,,,,,1207444.0,1208986.0,1210182.0,1211164.0,1212113.0,1213071.0,1213944.0,1215090.0,1216111.0,1216990.0,1217801.0,1218624.0,1219510.0,1220556.0,1221761.0,1222703.0,1223639.0,1224884.0,1226173.0,1227384.0,1228757.0,1230105.0,1231286.0,1232395.0,1233377.0,1234321.0,1235375.0,1236578.0,1237918.0,1239238.0,1240454.0,1241684.0,1242861.0,1243914.0,1245027.0,1246261.0,1247405.0,1248369.0,1249426.0,1250500.0,1251706.0,1252834.0,1254037.0,1255201.0,1256280.0,1257315.0,1258516.0,1259651.0,1260751.0,1261962.0,1262991.0,1263861.0,1264735.0,1265688.0,1266479.0,1267456.0,1268335.0,1269346.0,1270239.0,1271408.0,1272286.0,1273353.0,1274007.0,1275156.0,1276073.0,1277117.0,1278115.0,1279067.0,1279987.0,1280808.0,1281676.0,1282596.0,1283265.0,1284130.0,1284752.0,1285464.0,1286193.0,1287073.0,1288022.0,1288869.0,1289656.0,1290375.0,1291271.0,1292011.0,1293033.0,1293946.0,1295009.0,1295944.0,1296812.0,1297725.0,1298612.0,1299341.0,1299998.0,1300691.0,1301426.0,1302108.0,1302810.0,1303519.0,1304178.0,1304838.0,1305401.0,1306046.0,1306701.0,1307477.0,1308218.0,1309067.0,1309681.0,1310304.0,1311012.0,1311701.0,1312387.0,1313236.0,1313958.0,1314594.0,1315234.0,1315743.0,1316361.0,1316951.0,1317599.0,1318366.0,1318949.0,,1320143.0,1320859.0,1321475.0,1322160.0,1322954.0,1323620.0,1324339.0,1325048.0,1325615.0,1326320.0,1326983.0,1327714.0,1328348.0,1328896.0,1329472.0,1330058.0,1330803.0,1331527.0,1332677.0,1333693.0,1334567.0,1335299.0,1336035.0,1336716.0,1337327.0,1339594.0,1341533.0,1342918.0,1344484.0,1345817.0,1347139.0,1348429.0,1349710.0,1350713.0,1351622.0,1352545.0,1353484.0,1354434.0,1355454.0,1356425.0,1357239.0,1357951.0,1358816.0,1359569.0,1360367.0,1361199.0,1362065.0,1362833.0,1363613.0,1364427.0,1365246.0,1366057.0,1366944.0,1367806.0,1368720.0,1369550.0,1370386.0,1371087.0,1371999.0,1372864.0,1373873.0,1374850.0,1375667.0,1376420.0,1377270.0,1378048.0,1378942.0,1379790.0,1380633.0,1381424.0,1382237.0,1382883.0,1383608.0,1384420.0,1385288.0,1386099.0,1386806.0,1387510.0,1388270.0,1388921.0,1389780.0,1390542.0,1391277.0,1391905.0,1392557.0,1393218.0,1393845.0,1394548.0,1395312.0,1396033.0,1396733.0,1397329.0,1397992.0,1398747.0,1399517.0,1400372.0,1401052.0,1401801.0,1402491.0,1403350.0,1404034.0,1404799.0,1405505.0,1406285.0,1406916.0,1407491.0,1408013.0,1408652.0,1409258.0,1409773.0,1410347.0,1410820.0,1411464.0,1411988
n8T-IZPI778,1784103.0,1784129.0,1784164.0,1784206.0,1784241.0,1784281.0,1784319.0,1784378.0,1784436.0,1784515.0,1784612.0,1784680.0,1784760.0,1784830.0,1784891.0,1784952.0,1785008.0,1785048.0,1785091.0,1785133.0,1785171.0,1785209.0,1785269.0,1785308.0,1785354.0,1785413.0,1785460.0,1785525.0,1785585.0,1785639.0,1785701.0,1785745.0,1785795.0,1785839.0,1785874.0,1785923.0,1785963.0,1785999.0,1786051.0,1786105.0,1786136.0,1786181.0,1786240.0,1786286.0,1786336.0,1786380.0,1786439.0,1786478.0,1786526.0,1786566.0,1786618.0,1786661.0,1786730.0,1786782.0,1786846.0,1786910.0,1786981.0,1787024.0,1787060.0,1787144.0,1787179.0,1787233.0,1787287.0,1787331.0,1787377.0,1787423.0,1787468.0,1787509.0,1787542.0,1787588.0,1787627.0,1787667.0,1787713.0,1787766.0,1787805.0,1787850.0,1787890.0,1787936.0,1787994.0,1788032.0,1788069.0,1788126.0,1788179.0,1788229.0,1788270.0,1788309.0,1788351.0,1788393.0,1788433.0,1788476.0,1788514.0,1788553.0,1788608.0,1788658.0,1788706.0,1788747.0,1788781.0,1788812.0,1788866.0,1788893.0,1788932.0,1788976.0,1789008.0,1789046.0,1789080.0,1789104.0,1789136.0,1789156.0,1789191.0,1789215.0,1789245.0,1789271.0,1789312.0,1789351.0,1789397.0,1789458.0,1789509.0,1789552.0,1789579.0,1789614.0,1789646.0,1789677.0,1789713.0,1789749.0,1789777.0,1789806.0,1789835.0,1789861.0,1789892.0,1789939.0,1789985.0,1790014.0,1790046.0,1790077.0,,,,,,,,,1790307.0,1790331.0,1790352.0,1790375.0,1790398.0,1790423.0,1790569.0,1790994.0,1791343.0,1791501.0,1791579.0,1791648.0,1791693.0,1791728.0,1791758.0,1791806.0,1791840.0,1791881.0,1791918.0,1791945.0,1791981.0,1792005.0,1792033.0,1792060.0,1792086.0,1792111.0,1792138.0,1792167.0,1792189.0,1792221.0,1792242.0,1792265.0,1792288.0,1792307.0,1792332.0,1792345.0,1792358.0,1792376.0,1792399.0,1792425.0,1792449.0,1792480.0,1792506.0,1792544.0,1792570.0,1792595.0,1792622.0,1792642.0,1792665.0,1792686.0,1792707.0,1792729.0,1792752.0,1792778.0,1792798.0,1792810.0,1792834.0,1792858.0,1792888.0,1792906.0,1792932.0,1792950.0,1792974.0,1792996.0,1793030.0,1793059.0,1793095.0,1793114.0,1793169.0,1793200.0,1793226.0,1793252.0,1793277.0,1793303.0,1793328.0,1793346.0,1793363.0,1793389.0,1793424.0,1793445.0,1793468.0,1793493.0,1793515.0,1793540.0,1793565.0,1793587.0,1793604.0,1793629.0,1793651.0,1793674.0,1793686.0,1793707.0,1793734.0,1793769.0,1793791.0,1793814.0,1793841.0,1793862.0,1793910.0,1793948.0,1793986.0,1794022.0,1794051.0,1794068.0,1794085.0,1794103.0,1794122.0,1794138.0,1794156.0,1794197.0,1794231.0,1794263.0,1794287.0,1794311.0,1794345.0,1794364.0,1794388.0,1794416.0,1794450.0,1794470.0,1794495.0,,1794528.0,1794547.0,1794562.0,1794584.0,1794612.0,1794634.0,1794652.0,1794671.0,1794679.0,1794704.0,1794730.0,1794760.0,1794787.0,1794816.0,1794837.0,1794866.0,1794881.0,1794895.0,1794917.0,1794940.0,1794955.0,1794977.0,1794992.0,1795016.0,1795028.0,1795047.0,1795063.0,1795085.0,1795107.0,1795131.0,1795143.0,1795161.0,1795194.0,1795223.0,1795267.0,1795282.0,1795302.0,1795336.0,1795356.0,1795379.0,1795406.0,1795428.0,1795459.0,1795488.0,1795507.0,1795530.0,1795555.0,1795584.0,1795616.0,1795650.0,1795674.0,1795701.0,1795725.0,1795749.0,1795782.0,1795806.0,1795833.0,1795858.0,1795880.0,1795894.0,1795927.0,1795948.0,1795971.0,1795987.0,1796022.0,1796070.0,1796117.0,1796149.0,1796183.0,1796223.0,1796243.0,1796262.0,1796287.0,1796306.0,1796320.0,1796338.0,1796363.0,1796375.0,1796397.0,1796419.0,1796449.0,1796478.0,1796504.0,1796522.0,1796543.0,1796566.0,1796596.0,1796620.0,1796640.0,1796665.0,1796694.0,1796718.0,1796740.0,1796763.0,1796786.0,1796810.0,1796832.0,1796853.0,1796870.0,1796889.0,1796908.0,1796926.0,1796947.0,1796979.0,1797015.0,1797047.0,1797069.0,1797088.0,1797109.0,1797135.0,1797164.0,1797178.0,1797195.0,1797219
gxeyC1cPJsA,72688171.0,72695753.0,72705255.0,72714662.0,72723559.0,72732110.0,72740404.0,72748791.0,72757536.0,72766797.0,72776101.0,72783985.0,72792307.0,72800772.0,72809751.0,72818614.0,72827829.0,72837027.0,72846305.0,72856173.0,72866534.0,72877459.0,72887291.0,72896815.0,72906090.0,72915153.0,72924268.0,72934621.0,72944545.0,72954110.0,72963451.0,72972658.0,72982383.0,72992646.0,73002359.0,73012289.0,73022436.0,73031829.0,73041198.0,73051251.0,73060877.0,73069110.0,73077277.0,73086156.0,73095466.0,73104675.0,73113092.0,73122607.0,73131816.0,73140461.0,73148714.0,73157722.0,73166491.0,73175723.0,73185577.0,73194380.0,73202962.0,73211923.0,73220713.0,73229456.0,73238222.0,73247225.0,73256167.0,73265098.0,73273363.0,73281413.0,73289170.0,73297020.0,73303725.0,73312649.0,73320400.0,73328022.0,73335960.0,73343083.0,73351040.0,73359133.0,73367399.0,73376357.0,73385116.0,73393144.0,73401212.0,73409073.0,73416904.0,73424914.0,73433225.0,73440950.0,73448930.0,73456525.0,73465310.0,73477456.0,73488472.0,73498990.0,73509730.0,73520110.0,73530358.0,73538403.0,73545517.0,73553199.0,73560741.0,73568358.0,73576326.0,73584375.0,73591361.0,73597888.0,73604492.0,73611250.0,73619577.0,73626837.0,73634219.0,73642008.0,73649363.0,73656380.0,73663400.0,73671258.0,73678563.0,73685717.0,73691866.0,73697978.0,73703971.0,73709995.0,73716250.0,73722689.0,73729173.0,73735314.0,73741741.0,73748021.0,73754474.0,73760894.0,73768106.0,73774934.0,73781230.0,73787649.0,73793893.0,73799803.0,,,,,,,,,73854591.0,73861470.0,73867329.0,73872935.0,73878719.0,73884080.0,73889155.0,73894475.0,73900716.0,73906280.0,73911775.0,73917037.0,73923048.0,73928847.0,73934713.0,73940733.0,73946100.0,73951542.0,73957302.0,73962728.0,73968046.0,73974286.0,73980421.0,73985833.0,73991397.0,73997382.0,74003395.0,74009166.0,74015374.0,74021758.0,74028121.0,74033964.0,74039790.0,74046085.0,74051770.0,74058160.0,74064866.0,74070584.0,74076533.0,74082297.0,74088115.0,74093869.0,74099859.0,74105706.0,74111320.0,74116831.0,74122136.0,74127594.0,74133141.0,74139091.0,74145484.0,74151038.0,74156652.0,74162304.0,74167962.0,74173751.0,74179544.0,74184842.0,74190116.0,74195817.0,74201396.0,74206590.0,74211881.0,74217461.0,74222852.0,74228344.0,74234167.0,74240126.0,74245254.0,74250432.0,74256152.0,74261680.0,74267042.0,74272300.0,74277991.0,74283316.0,74288873.0,74294775.0,74300645.0,74306248.0,74311433.0,74316400.0,74321731.0,74327710.0,74333717.0,74339929.0,74345096.0,74350374.0,74355659.0,74360811.0,74365890.0,74371370.0,74376895.0,74381756.0,74388396.0,74394315.0,74400200.0,74405856.0,74411973.0,74417689.0,74423155.0,74428247.0,74433826.0,74439032.0,74444241.0,74449289.0,74454614.0,74459451.0,74464940.0,74471021.0,74476177.0,74481374.0,74486723.0,74492230.0,74497211.0,74501989.0,74506813.0,74511521.0,74516304.0,74521070.0,74525615.0,,74534998.0,74539628.0,74544409.0,74549314.0,74554916.0,74560327.0,74565138.0,74570034.0,74574897.0,74579653.0,74584240.0,74589014.0,74593641.0,74598193.0,74602117.0,74606410.0,74611002.0,74615516.0,74620359.0,74624875.0,74629610.0,74634167.0,74638912.0,74644046.0,74648923.0,74653364.0,74657765.0,74662202.0,74667028.0,74671964.0,74676928.0,74682199.0,74687335.0,74692297.0,74697481.0,74702625.0,74707794.0,74713269.0,74718654.0,74724074.0,74729174.0,74734172.0,74739215.0,74744292.0,74749074.0,74753935.0,74759008.0,74764365.0,74769335.0,74774002.0,74778926.0,74783929.0,74789164.0,74794440.0,74799583.0,74804390.0,74809296.0,74814069.0,74819060.0,74824323.0,74830177.0,74836324.0,74841936.0,74847443.0,74852908.0,74858389.0,74863856.0,74869652.0,74875533.0,74881371.0,74886910.0,74892149.0,74897646.0,74902944.0,74908934.0,74914673.0,74919964.0,74925274.0,74930365.0,74935669.0,74941511.0,74948194.0,74954014.0,74959649.0,74965315.0,74970894.0,74976307.0,74981932.0,74987395.0,74992880.0,74998257.0,75003305.0,75009304.0,75015784.0,75021743.0,75028683.0,75035099.0,75045389.0,75062918.0,75076565.0,75089790.0,75102081.0,75113171.0,75123930.0,75134144.0,75142060.0,75150111.0,75158343.0,75166524.0,75175400.0,75183388.0,75191091.0,75198558.0,75206209
uxmzwbGpH30,44166985.0,44177969.0,44190600.0,44203008.0,44215257.0,44226966.0,44238931.0,44251595.0,44264971.0,44278773.0,44292008.0,44304367.0,44316890.0,44329398.0,44341567.0,44352743.0,44364755.0,44377127.0,44391196.0,44404981.0,44419044.0,44434342.0,44450408.0,44465674.0,44479385.0,44493242.0,44510076.0,44527103.0,44542974.0,44557579.0,44573788.0,44588650.0,44604188.0,44619305.0,44635793.0,44649380.0,44662809.0,44675289.0,44686856.0,44700431.0,44714742.0,44726625.0,44738114.0,44749082.0,44760672.0,44771923.0,44783356.0,44796125.0,44807657.0,44818700.0,44829304.0,44840063.0,44850469.0,44862184.0,44875707.0,44887825.0,44898985.0,44909431.0,44920107.0,44931310.0,44942840.0,44954103.0,44964827.0,44975858.0,44986874.0,44995974.0,45004825.0,45014289.0,45022168.0,45032198.0,45042683.0,45053501.0,45064324.0,45073421.0,45083559.0,45093935.0,45105432.0,45118733.0,45133074.0,45146309.0,45158474.0,45169817.0,45181096.0,45193071.0,45204483.0,45215932.0,45227490.0,45238074.0,45250743.0,45264624.0,45278625.0,45292693.0,45304985.0,45318444.0,45331624.0,45341388.0,45350176.0,45358892.0,45367728.0,45376674.0,45386591.0,45397457.0,45408025.0,45417281.0,45426933.0,45436655.0,45446801.0,45456266.0,45465141.0,45475235.0,45485250.0,45495462.0,45504728.0,45515759.0,45525134.0,45534309.0,45543311.0,45552254.0,45561512.0,45570497.0,45579460.0,45588291.0,45597512.0,45606395.0,45616019.0,45625922.0,45635437.0,45645718.0,45656388.0,45666870.0,45676993.0,45686753.0,45696529.0,45705765.0,,,,,,,,,45798668.0,45809863.0,45820004.0,45829611.0,45839899.0,45850155.0,45859836.0,45869072.0,45879622.0,45889947.0,45899918.0,45909173.0,45919309.0,45929186.0,45939189.0,45948503.0,45957850.0,45967562.0,45977650.0,45987392.0,45997138.0,46007750.0,46018298.0,46028212.0,46038175.0,46048707.0,46058581.0,46068704.0,46078596.0,46088437.0,46098438.0,46107996.0,46117808.0,46127856.0,46137223.0,46148027.0,46159126.0,46168745.0,46177753.0,46186500.0,46195951.0,46204689.0,46213699.0,46222777.0,46232182.0,46241314.0,46250319.0,46259881.0,46269272.0,46278771.0,46287974.0,46296697.0,46305118.0,46313586.0,46322253.0,46331370.0,46340282.0,46348554.0,46357046.0,46366383.0,46375914.0,46384854.0,46393976.0,46403084.0,46411407.0,46420415.0,46429525.0,46438528.0,46446204.0,46453950.0,46461733.0,46469722.0,46477907.0,46486111.0,46494858.0,46502933.0,46512160.0,46521015.0,46529522.0,46537888.0,46546534.0,46554305.0,46563399.0,46572412.0,46581433.0,46590696.0,46599281.0,46607774.0,46615969.0,46624094.0,46631778.0,46639413.0,46646740.0,46653727.0,46664236.0,46673468.0,46682021.0,46690495.0,46698735.0,46706880.0,46714972.0,46722775.0,46730657.0,46738541.0,46746238.0,46753943.0,46761306.0,46768838.0,46776604.0,46785268.0,46792567.0,46799687.0,46807082.0,46814554.0,46821908.0,46828752.0,46835490.0,46842427.0,46849773.0,46857600.0,46865123.0,,46880926.0,46888749.0,46896299.0,46903861.0,46912414.0,46920466.0,46928333.0,46935962.0,46943791.0,46951623.0,46958910.0,46966461.0,46974025.0,46981804.0,46989161.0,46996844.0,47004742.0,47012881.0,47021157.0,47028947.0,47037238.0,47045355.0,47053378.0,47061575.0,47069613.0,47076663.0,47083592.0,47090842.0,47098228.0,47105890.0,47113416.0,47121288.0,47129399.0,47136865.0,47144867.0,47152458.0,47160587.0,47168982.0,47176877.0,47184665.0,47191831.0,47198865.0,47206084.0,47213624.0,47220859.0,47227853.0,47235301.0,47242869.0,47249966.0,47256902.0,47264291.0,47271717.0,47279244.0,47286585.0,47293753.0,47300768.0,47308063.0,47315398.0,47322991.0,47329941.0,47337664.0,47345401.0,47353196.0,47360692.0,47368908.0,47376847.0,47384654.0,47392721.0,47400941.0,47409026.0,47417039.0,47424561.0,47432207.0,47440369.0,47449370.0,47457978.0,47466632.0,47474425.0,47481840.0,47489246.0,47497479.0,47506185.0,47513852.0,47521838.0,47529840.0,47538219.0,47546343.0,47554809.0,47562929.0,47570599.0,47578380.0,47585702.0,47593063.0,47601253.0,47609087.0,47617418.0,47625265.0,47636451.0,47654930.0,47670018.0,47683450.0,47695833.0,47708070.0,47719156.0,47729424.0,47738110.0,47747274.0,47755819.0,47764452.0,47773240.0,47781517.0,47790027.0,47798976.0,47808616
HkzJwyIaFtI,42130.0,42203.0,42301.0,42361.0,42421.0,42516.0,42594.0,42655.0,42713.0,42816.0,42955.0,43059.0,43184.0,43272.0,43362.0,43429.0,43497.0,43558.0,43631.0,43718.0,43776.0,43846.0,43908.0,43981.0,44030.0,44093.0,44167.0,44223.0,44277.0,44340.0,44396.0,44478.0,44534.0,44588.0,44648.0,44706.0,44756.0,44822.0,44883.0,44945.0,44997.0,45056.0,45121.0,45178.0,45229.0,45263.0,45320.0,45374.0,45436.0,45489.0,45537.0,45561.0,45594.0,45651.0,45694.0,45752.0,45803.0,45880.0,45934.0,45983.0,46023.0,46070.0,46114.0,46163.0,46204.0,46247.0,46279.0,46327.0,46366.0,46415.0,46473.0,46509.0,46559.0,46596.0,46627.0,46672.0,46720.0,46758.0,46801.0,46869.0,46959.0,46994.0,47032.0,47079.0,47131.0,47178.0,47215.0,47252.0,47292.0,47332.0,47367.0,47410.0,47446.0,47486.0,47532.0,47581.0,47611.0,47642.0,47691.0,47732.0,47771.0,47816.0,47853.0,47890.0,47933.0,47982.0,48018.0,48047.0,48083.0,48121.0,48167.0,48207.0,48268.0,48333.0,48385.0,48429.0,48463.0,48520.0,48573.0,48627.0,48668.0,48711.0,48748.0,48788.0,48832.0,48875.0,48915.0,48964.0,49017.0,49041.0,49069.0,49105.0,49144.0,49180.0,,,,,,,,,49506.0,49543.0,49570.0,49608.0,49658.0,49690.0,49726.0,49771.0,49830.0,49898.0,49963.0,50007.0,50060.0,50099.0,50100.0,50131.0,50155.0,50206.0,50242.0,50268.0,50307.0,50346.0,50391.0,50495.0,50603.0,50696.0,50788.0,50866.0,50942.0,51027.0,51147.0,51233.0,51333.0,51416.0,51459.0,51500.0,51543.0,51594.0,51648.0,51701.0,51763.0,51817.0,51864.0,51906.0,51960.0,52019.0,52073.0,52142.0,52193.0,52275.0,52337.0,52383.0,52428.0,52485.0,52557.0,52627.0,52703.0,52760.0,52816.0,52868.0,52924.0,52959.0,53011.0,53063.0,53112.0,53165.0,53231.0,53278.0,53327.0,53380.0,53436.0,53485.0,53540.0,53603.0,53665.0,53721.0,53769.0,53835.0,53874.0,53920.0,53970.0,54011.0,54066.0,54123.0,54171.0,54225.0,54273.0,54323.0,54395.0,54440.0,54496.0,54526.0,54558.0,54603.0,54658.0,54690.0,54735.0,54774.0,54818.0,54847.0,54883.0,54931.0,54975.0,55025.0,55065.0,55108.0,55151.0,55208.0,55273.0,55319.0,55376.0,55429.0,55508.0,55544.0,55607.0,55667.0,55741.0,55814.0,55889.0,55959.0,56020.0,,56196.0,56303.0,56405.0,56488.0,56565.0,56633.0,56709.0,56789.0,56872.0,56969.0,57070.0,57165.0,57232.0,57311.0,57415.0,57524.0,57623.0,57722.0,57844.0,57935.0,58018.0,58112.0,58233.0,58355.0,58436.0,58514.0,58594.0,58669.0,58782.0,58862.0,58963.0,59055.0,59111.0,59179.0,59264.0,59341.0,59453.0,59537.0,59656.0,59755.0,59852.0,59965.0,60119.0,60264.0,60350.0,60478.0,60626.0,60753.0,60945.0,61140.0,61251.0,61365.0,61470.0,61581.0,61666.0,61763.0,61864.0,61943.0,62042.0,62146.0,62291.0,62425.0,62561.0,62698.0,62877.0,63083.0,63279.0,63428.0,63577.0,63787.0,64020.0,64317.0,64567.0,64835.0,64989.0,65170.0,65381.0,65590.0,65769.0,65969.0,66192.0,66427.0,66542.0,66633.0,66751.0,66844.0,66937.0,67017.0,67071.0,67124.0,67192.0,67276.0,67376.0,67487.0,67578.0,67640.0,67713.0,67780.0,67867.0,67944.0,68027.0,68134.0,68222.0,68290.0,68371.0,68439.0,68518.0,68602.0,68681.0,68751.0,68825.0,68899.0,69017.0,69111
2Y4LzNKuxgQ,44227.0,44314.0,44389.0,44449.0,44496.0,44578.0,44625.0,44703.0,44755.0,44811.0,44877.0,44970.0,45073.0,45182.0,45269.0,45361.0,45422.0,45482.0,45542.0,45612.0,45675.0,45759.0,45816.0,45875.0,45922.0,45985.0,46050.0,46110.0,46171.0,46234.0,46291.0,46386.0,46470.0,46539.0,46599.0,46658.0,46726.0,46779.0,46832.0,46888.0,46947.0,47021.0,47086.0,47145.0,47195.0,47239.0,47289.0,47346.0,47420.0,47453.0,47513.0,47563.0,47613.0,47677.0,47749.0,47799.0,47836.0,47912.0,47963.0,48014.0,48061.0,48118.0,48163.0,48222.0,48271.0,48327.0,48370.0,48423.0,48466.0,48520.0,48578.0,48621.0,48667.0,48715.0,48757.0,48804.0,48850.0,48892.0,48940.0,48973.0,49012.0,49093.0,49153.0,49213.0,49256.0,49303.0,49339.0,49369.0,49413.0,49459.0,49497.0,49548.0,49612.0,49672.0,49701.0,49739.0,49782.0,49816.0,49866.0,49922.0,49969.0,50012.0,50042.0,50089.0,50130.0,50188.0,50237.0,50276.0,50335.0,50381.0,50432.0,50485.0,50556.0,50649.0,50703.0,50761.0,50815.0,50863.0,50915.0,50967.0,51013.0,51071.0,51131.0,51189.0,51231.0,51285.0,51333.0,51381.0,51441.0,51501.0,51543.0,51572.0,51629.0,51672.0,,,,,,,,,52126.0,52165.0,52206.0,52251.0,52300.0,52349.0,52392.0,52432.0,52494.0,52557.0,52615.0,52690.0,52758.0,52822.0,52890.0,52932.0,52977.0,53039.0,53103.0,53139.0,53185.0,53241.0,53299.0,53373.0,53432.0,53501.0,53549.0,53632.0,53723.0,53797.0,53843.0,53909.0,53961.0,54011.0,54068.0,54125.0,54182.0,54244.0,54295.0,54342.0,54391.0,54461.0,54525.0,54580.0,54635.0,54677.0,54719.0,54779.0,54851.0,54907.0,54945.0,54993.0,55056.0,55108.0,55160.0,55227.0,55296.0,55356.0,55414.0,55478.0,55549.0,55597.0,55637.0,55686.0,55736.0,55781.0,55862.0,55940.0,56020.0,56074.0,56134.0,56189.0,56243.0,56322.0,56405.0,56468.0,56529.0,56596.0,56642.0,56708.0,56776.0,56837.0,56904.0,56976.0,57038.0,57092.0,57170.0,57240.0,57309.0,57368.0,57459.0,57559.0,57654.0,57734.0,57807.0,57887.0,57955.0,58037.0,58110.0,58188.0,58259.0,58339.0,58436.0,58524.0,58608.0,58693.0,58796.0,58895.0,58982.0,59066.0,59171.0,59308.0,59457.0,59583.0,59700.0,59811.0,59931.0,60045.0,60181.0,60320.0,60457.0,,60759.0,60949.0,61113.0,61249.0,61378.0,61520.0,61657.0,61777.0,61935.0,62079.0,62256.0,62394.0,62496.0,62632.0,62772.0,62932.0,63069.0,63274.0,63443.0,63571.0,63720.0,63904.0,64062.0,64264.0,64431.0,64577.0,64759.0,64947.0,65141.0,65299.0,65500.0,65733.0,65905.0,66044.0,66199.0,66405.0,66615.0,66782.0,67026.0,67230.0,67405.0,67635.0,67908.0,68153.0,68360.0,68565.0,69002.0,69357.0,69636.0,69936.0,70240.0,70504.0,70705.0,71028.0,71321.0,71498.0,71760.0,71996.0,72314.0,72712.0,73139.0,73553.0,73950.0,74385.0,74862.0,75264.0,75689.0,76208.0,76518.0,76847.0,77259.0,77702.0,78116.0,78540.0,78968.0,79411.0,79816.0,80253.0,80571.0,80953.0,81402.0,81812.0,82138.0,82337.0,82548.0,82845.0,83064.0,83276.0,83504.0,83683.0,83837.0,84047.0,84204.0,84369.0,84552.0,84720.0,84916.0,85144.0,85468.0,85687.0,85846.0,86030.0,86155.0,86282.0,86435.0,86597.0,86761.0,86880.0,87005.0,87148.0,87298.0,87418.0,87556.0,87746
xKaxE6pLIaA,242552.0,242815.0,243140.0,243367.0,243595.0,243897.0,244115.0,244405.0,244663.0,244963.0,245215.0,245422.0,245694.0,245931.0,246169.0,246381.0,246610.0,246813.0,247055.0,247280.0,247533.0,247750.0,247954.0,248163.0,248361.0,248565.0,248756.0,248961.0,249167.0,249391.0,249593.0,249753.0,249936.0,250118.0,250337.0,250526.0,250685.0,250859.0,251000.0,251206.0,251412.0,251581.0,251774.0,252012.0,252213.0,252395.0,252576.0,252822.0,253038.0,253277.0,253493.0,253685.0,253843.0,254033.0,254244.0,254478.0,254682.0,254915.0,255188.0,255434.0,255681.0,256083.0,256458.0,256796.0,257212.0,257513.0,257732.0,258079.0,258340.0,258747.0,259022.0,259340.0,259608.0,259864.0,260167.0,260414.0,260722.0,261084.0,261544.0,261866.0,262139.0,262502.0,262810.0,263075.0,263402.0,263744.0,264059.0,264340.0,264670.0,264980.0,265350.0,265685.0,266096.0,266421.0,266641.0,266980.0,267289.0,267564.0,267855.0,268161.0,268395.0,268616.0,268971.0,269267.0,269512.0,269769.0,270059.0,270296.0,270485.0,270680.0,270852.0,271057.0,271301.0,271596.0,271819.0,271967.0,272191.0,272415.0,272663.0,272853.0,273043.0,273282.0,273499.0,273684.0,273922.0,274213.0,274454.0,274725.0,274960.0,275194.0,275492.0,275735.0,276024.0,276300.0,,,,,,,,,278470.0,278630.0,278830.0,279021.0,279173.0,279460.0,279659.0,279880.0,280124.0,280370.0,280691.0,281011.0,281322.0,281587.0,281795.0,281968.0,282208.0,282404.0,282615.0,282825.0,283017.0,283209.0,283371.0,283520.0,283680.0,283806.0,283969.0,284107.0,284251.0,284384.0,284577.0,284783.0,284965.0,285110.0,285258.0,285418.0,285545.0,285707.0,285908.0,286232.0,286411.0,286713.0,286936.0,287130.0,287379.0,287636.0,287901.0,288150.0,288390.0,288556.0,288705.0,288937.0,289171.0,289409.0,289630.0,289826.0,290091.0,290265.0,290479.0,290721.0,290933.0,291139.0,291361.0,291593.0,291764.0,291973.0,292242.0,292528.0,292688.0,292953.0,293158.0,293354.0,293641.0,293976.0,294248.0,294476.0,294807.0,295048.0,295265.0,295517.0,295790.0,296021.0,296237.0,296546.0,296759.0,296966.0,297209.0,297443.0,297651.0,297863.0,298119.0,298515.0,298810.0,299034.0,299326.0,299640.0,299981.0,300262.0,300507.0,300709.0,300974.0,301250.0,301538.0,301807.0,302132.0,302415.0,302621.0,302817.0,303008.0,303218.0,303455.0,303665.0,303839.0,303999.0,304194.0,304321.0,304499.0,304662.0,304828.0,304961.0,305079.0,,305308.0,305429.0,305580.0,305724.0,305864.0,305987.0,306070.0,306164.0,306276.0,306386.0,306532.0,306660.0,306777.0,306902.0,307031.0,307164.0,307267.0,307409.0,307529.0,307603.0,307725.0,307838.0,307938.0,308067.0,308227.0,308334.0,308454.0,308611.0,308742.0,308914.0,309059.0,309228.0,309409.0,309563.0,309716.0,309880.0,310071.0,310238.0,310432.0,310598.0,310736.0,310900.0,311087.0,311221.0,311383.0,311590.0,311780.0,312030.0,312289.0,312614.0,312898.0,313172.0,313412.0,313597.0,313764.0,313945.0,314159.0,314334.0,314559.0,314788.0,315014.0,315167.0,315338.0,315520.0,315767.0,316001.0,316368.0,316701.0,317003.0,317364.0,317595.0,317901.0,318194.0,318533.0,318809.0,319056.0,319480.0,319978.0,320606.0,321096.0,321648.0,322102.0,322488.0,322790.0,323133.0,323449.0,323729.0,324038.0,324263.0,324542.0,324808.0,325145.0,325686.0,326249.0,326900.0,327510.0,328156.0,328790.0,329452.0,329993.0,330632.0,331322.0,332032.0,332464.0,332973.0,333229.0,333508.0,333836.0,334236.0,334515.0,334696.0,334981.0,335240.0,335497
LwhASMxzD4E,39551.0,39810.0,40050.0,40475.0,40725.0,41000.0,41188.0,41604.0,41949.0,42318.0,42744.0,42996.0,43193.0,43428.0,43730.0,44110.0,44455.0,44777.0,45209.0,45675.0,45963.0,46186.0,46343.0,46836.0,47422.0,47992.0,48201.0,48386.0,48617.0,48807.0,48916.0,49008.0,49070.0,49119.0,49207.0,49294.0,49363.0,49405.0,49446.0,49496.0,49575.0,49645.0,49726.0,49789.0,49831.0,49858.0,49913.0,49951.0,50000.0,50065.0,50119.0,50180.0,50224.0,50291.0,50340.0,50385.0,50426.0,50475.0,50520.0,50574.0,50602.0,50658.0,50703.0,50734.0,50787.0,50861.0,50905.0,50933.0,50978.0,51029.0,51072.0,51115.0,51160.0,51231.0,51280.0,51333.0,51365.0,51414.0,51455.0,51486.0,51520.0,51552.0,51585.0,51624.0,51654.0,51694.0,51732.0,51759.0,51784.0,51822.0,51863.0,51889.0,51929.0,51971.0,52009.0,52029.0,52054.0,52079.0,52105.0,52129.0,52146.0,52172.0,52203.0,52226.0,52257.0,52286.0,52311.0,52330.0,52354.0,52382.0,52408.0,52443.0,52465.0,52486.0,52509.0,52533.0,52550.0,52574.0,52594.0,52617.0,52635.0,52664.0,52685.0,52713.0,52743.0,52774.0,52804.0,52851.0,52883.0,52898.0,52918.0,52946.0,52984.0,53027.0,,,,,,,,,53341.0,53369.0,53396.0,53420.0,53447.0,53466.0,53496.0,53515.0,53547.0,53563.0,53579.0,53593.0,53618.0,53637.0,53673.0,53692.0,53712.0,53747.0,53781.0,53814.0,53837.0,53864.0,53877.0,53903.0,53925.0,53947.0,53969.0,53997.0,54020.0,54043.0,54067.0,54086.0,54103.0,54121.0,54132.0,54158.0,54184.0,54203.0,54233.0,54249.0,54279.0,54308.0,54332.0,54355.0,54388.0,54413.0,54426.0,54446.0,54473.0,54502.0,54537.0,54562.0,54572.0,54605.0,54639.0,54676.0,54709.0,54742.0,54778.0,54847.0,54888.0,54927.0,54962.0,54997.0,55034.0,55080.0,55126.0,55177.0,55201.0,55234.0,55264.0,55320.0,55368.0,55416.0,55480.0,55531.0,55598.0,55631.0,55684.0,55731.0,55787.0,55842.0,55898.0,55967.0,56007.0,56059.0,56110.0,56140.0,56192.0,56233.0,56284.0,56326.0,56376.0,56429.0,56472.0,56527.0,56572.0,56630.0,56680.0,56713.0,56754.0,56823.0,56897.0,56935.0,56994.0,57041.0,57071.0,57103.0,57139.0,57174.0,57210.0,57261.0,57325.0,57384.0,57429.0,57485.0,57557.0,57606.0,57671.0,57756.0,57834.0,,57918.0,57967.0,58033.0,58087.0,58133.0,58171.0,58203.0,58242.0,58280.0,58314.0,58370.0,58400.0,58444.0,58479.0,58521.0,58559.0,58596.0,58653.0,58698.0,58739.0,58786.0,58815.0,58850.0,58875.0,58906.0,58933.0,58965.0,59000.0,59031.0,59056.0,59086.0,59123.0,59157.0,59190.0,59221.0,59252.0,59288.0,59332.0,59362.0,59398.0,59435.0,59473.0,59517.0,59561.0,59594.0,59655.0,59716.0,59762.0,59840.0,59898.0,59998.0,60065.0,60129.0,60193.0,60255.0,60309.0,60371.0,60420.0,60465.0,60539.0,60607.0,60663.0,60714.0,60763.0,60840.0,60896.0,60996.0,61077.0,61152.0,61232.0,61317.0,61396.0,61478.0,61575.0,61676.0,61749.0,61889.0,61994.0,62112.0,62228.0,62339.0,62434.0,62508.0,62563.0,62660.0,62726.0,62790.0,62846.0,62901.0,62955.0,63008.0,63075.0,63148.0,63211.0,63305.0,63361.0,63405.0,63458.0,63509.0,63572.0,63628.0,63694.0,63740.0,63787.0,63859.0,63931.0,63993.0,64045.0,64101.0,64156.0,64204.0,64251.0,64308.0,64373
QXSYB24sC9k,36398.0,36406.0,36415.0,36420.0,36426.0,36432.0,36446.0,36456.0,36466.0,36470.0,36477.0,36485.0,36495.0,36514.0,36520.0,36527.0,36531.0,36540.0,36549.0,36563.0,36579.0,36588.0,36597.0,36604.0,36613.0,36624.0,36637.0,36656.0,36668.0,36679.0,36692.0,36709.0,36723.0,36742.0,36758.0,36779.0,36797.0,36812.0,36835.0,36857.0,36874.0,36887.0,36901.0,36912.0,36921.0,36929.0,36942.0,36956.0,36960.0,36970.0,36980.0,36990.0,36998.0,37003.0,37006.0,37013.0,37027.0,37045.0,37053.0,37059.0,37075.0,37090.0,37105.0,37123.0,37134.0,37147.0,37156.0,37171.0,37176.0,37193.0,37208.0,37220.0,37230.0,37242.0,37251.0,37276.0,37292.0,37304.0,37313.0,37324.0,37337.0,37346.0,37356.0,37365.0,37373.0,37386.0,37392.0,37399.0,37407.0,37421.0,37423.0,37434.0,37445.0,37461.0,37471.0,37479.0,37487.0,37498.0,37508.0,37515.0,37522.0,37536.0,37542.0,37552.0,37558.0,37569.0,37573.0,37578.0,37587.0,37596.0,37602.0,37608.0,37615.0,37624.0,37637.0,37646.0,37662.0,37669.0,37671.0,37677.0,37687.0,37695.0,37697.0,37705.0,37712.0,37721.0,37725.0,37733.0,37741.0,37749.0,37757.0,37763.0,37775.0,37787.0,,,,,,,,,37864.0,37874.0,37885.0,37902.0,37912.0,37924.0,37932.0,37948.0,37962.0,37969.0,37979.0,37989.0,38001.0,38007.0,38012.0,38021.0,38024.0,38029.0,38033.0,38038.0,38043.0,38053.0,38064.0,38072.0,38075.0,38079.0,38087.0,38100.0,38114.0,38123.0,38132.0,38138.0,38145.0,38154.0,38160.0,38169.0,38172.0,38176.0,38183.0,38189.0,38194.0,38209.0,38213.0,38227.0,38242.0,38250.0,38260.0,38268.0,38275.0,38281.0,38295.0,38299.0,38309.0,38318.0,38332.0,38341.0,38347.0,38356.0,38365.0,38378.0,38383.0,38387.0,38398.0,38406.0,38414.0,38417.0,38427.0,38433.0,38438.0,38447.0,38456.0,38465.0,38474.0,38483.0,38492.0,38510.0,38525.0,38531.0,38533.0,38542.0,38551.0,38554.0,38560.0,38579.0,38589.0,38596.0,38603.0,38609.0,38613.0,38626.0,38636.0,38641.0,38643.0,38650.0,38653.0,38662.0,38671.0,38679.0,38686.0,38693.0,38699.0,38711.0,38720.0,38728.0,38735.0,38744.0,38751.0,38758.0,38761.0,38768.0,38774.0,38777.0,38783.0,38788.0,38791.0,38798.0,38801.0,38802.0,38808.0,38815.0,38823.0,,38833.0,38837.0,38840.0,38846.0,38856.0,38863.0,38869.0,38872.0,38880.0,38885.0,38890.0,38894.0,38900.0,38903.0,38905.0,38910.0,38914.0,38915.0,38921.0,38927.0,38929.0,38943.0,38947.0,38951.0,38953.0,38953.0,38959.0,38961.0,38967.0,38977.0,38982.0,38987.0,38992.0,38997.0,39005.0,39011.0,39014.0,39026.0,39033.0,39043.0,39056.0,39063.0,39078.0,39079.0,39091.0,39099.0,39103.0,39109.0,39116.0,39125.0,39133.0,39140.0,39146.0,39149.0,39156.0,39159.0,39170.0,39178.0,39182.0,39189.0,39189.0,39197.0,39204.0,39207.0,39216.0,39227.0,39243.0,39249.0,39255.0,39258.0,39264.0,39268.0,39279.0,39284.0,39291.0,39295.0,39301.0,39312.0,39314.0,39323.0,39332.0,39349.0,39354.0,39362.0,39372.0,39378.0,39387.0,39408.0,39418.0,39427.0,39440.0,39448.0,39456.0,39472.0,39479.0,39487.0,39493.0,39513.0,39522.0,39529.0,39537.0,39542.0,39551.0,39555.0,39562.0,39570.0,39576.0,39584.0,39591.0,39598.0,39609.0,39622.0,39625.0,39631
LJLWZNEqIw0,321330.0,321439.0,321538.0,321637.0,321742.0,321833.0,321952.0,322063.0,322186.0,322285.0,322380.0,322494.0,322608.0,322729.0,322832.0,322960.0,323060.0,323150.0,323253.0,323333.0,323417.0,323534.0,323623.0,323704.0,323795.0,323922.0,324043.0,324140.0,324254.0,324375.0,324502.0,324637.0,324747.0,324849.0,324971.0,325103.0,325229.0,325333.0,325442.0,325540.0,325635.0,325755.0,325855.0,325958.0,326074.0,326166.0,326261.0,326351.0,326437.0,326559.0,326705.0,326789.0,326872.0,326957.0,327068.0,327152.0,327238.0,327337.0,327421.0,327497.0,327577.0,327666.0,327756.0,327854.0,327966.0,328061.0,328142.0,328224.0,328312.0,328418.0,328518.0,328601.0,328681.0,328779.0,328858.0,328961.0,329037.0,329140.0,329227.0,329311.0,329390.0,329469.0,329567.0,329644.0,329719.0,329840.0,329941.0,329989.0,330054.0,330134.0,330207.0,330281.0,330352.0,330429.0,330497.0,330555.0,330628.0,330702.0,330762.0,330845.0,330909.0,330982.0,331066.0,331167.0,331221.0,331272.0,331335.0,331418.0,331487.0,331551.0,331618.0,331675.0,331745.0,331819.0,331894.0,331946.0,332019.0,332085.0,332154.0,332221.0,332280.0,332342.0,332410.0,332472.0,332528.0,332602.0,332692.0,332795.0,332892.0,332974.0,333085.0,333181.0,333248.0,333346.0,,,,,,,,,333982.0,334036.0,334114.0,334176.0,334231.0,334284.0,334341.0,334407.0,334469.0,334544.0,334626.0,334701.0,334783.0,334868.0,334957.0,335041.0,335155.0,335274.0,335400.0,335516.0,335608.0,335713.0,335815.0,335884.0,335978.0,336061.0,336164.0,336251.0,336372.0,336478.0,336610.0,336713.0,336812.0,336932.0,337068.0,337229.0,337348.0,337484.0,337622.0,337735.0,337889.0,338037.0,338192.0,338357.0,338497.0,338667.0,338855.0,339018.0,339200.0,339367.0,339529.0,339699.0,339852.0,340016.0,340172.0,340392.0,340606.0,340792.0,340958.0,341178.0,341418.0,341736.0,341870.0,342031.0,342124.0,342202.0,342298.0,342423.0,342498.0,342569.0,342645.0,342725.0,342783.0,342865.0,342923.0,342997.0,343078.0,343166.0,343232.0,343292.0,343361.0,343416.0,343490.0,343584.0,343662.0,343744.0,343831.0,343916.0,343998.0,344067.0,344132.0,344222.0,344293.0,344391.0,344485.0,344573.0,344649.0,344735.0,344796.0,344844.0,344915.0,344994.0,345064.0,345125.0,345216.0,345281.0,345348.0,345415.0,345493.0,345546.0,345629.0,345718.0,345818.0,345899.0,345963.0,346033.0,346124.0,346193.0,346268.0,346353.0,346436.0,,346575.0,346671.0,346772.0,346893.0,346983.0,347081.0,347126.0,347201.0,347263.0,347332.0,347405.0,347494.0,347562.0,347636.0,347706.0,347785.0,347884.0,347970.0,348028.0,348113.0,348191.0,348248.0,348296.0,348357.0,348419.0,348465.0,348516.0,348567.0,348619.0,348677.0,348740.0,348820.0,348875.0,348934.0,348991.0,349042.0,349096.0,349156.0,349226.0,349278.0,349325.0,349399.0,349456.0,349532.0,349582.0,349651.0,349732.0,349824.0,349925.0,350031.0,350155.0,350251.0,350376.0,350479.0,350554.0,350636.0,350716.0,350788.0,350883.0,350965.0,351071.0,351149.0,351232.0,351317.0,351414.0,351521.0,351662.0,351771.0,351844.0,351959.0,352067.0,352171.0,352287.0,352391.0,352487.0,352590.0,352712.0,352873.0,353013.0,353144.0,353281.0,353395.0,353491.0,353597.0,353689.0,353793.0,353875.0,354059.0,354397.0,354714.0,355028.0,355413.0,355803.0,356147.0,356598.0,356981.0,357283.0,357630.0,357915.0,358188.0,358490.0,358711.0,358960.0,359196.0,359418.0,359667.0,359889.0,360105.0,360293.0,360496.0,360713.0,360943.0,361144.0,361354
bYZa4cWillQ,429207.0,429334.0,429467.0,429590.0,429748.0,429929.0,430102.0,430293.0,430453.0,430572.0,430706.0,430850.0,431004.0,431111.0,431251.0,431420.0,431537.0,431625.0,431780.0,431884.0,432022.0,432151.0,432263.0,432393.0,432488.0,432587.0,432692.0,432821.0,432943.0,433085.0,433185.0,433263.0,433383.0,433485.0,433576.0,433669.0,433766.0,433852.0,433988.0,434136.0,434250.0,434427.0,434573.0,434724.0,434832.0,434997.0,435161.0,435313.0,435467.0,435593.0,435733.0,435855.0,435950.0,436081.0,436183.0,436325.0,436434.0,436549.0,436647.0,436729.0,436816.0,436948.0,437089.0,437178.0,437277.0,437365.0,437468.0,437621.0,437682.0,437786.0,437873.0,437971.0,438071.0,438152.0,438276.0,438379.0,438519.0,438639.0,438750.0,438824.0,438933.0,439051.0,439130.0,439226.0,439327.0,439435.0,439523.0,439605.0,439694.0,439783.0,439875.0,439974.0,440091.0,440173.0,440259.0,440404.0,440530.0,440630.0,440730.0,440793.0,440883.0,440990.0,441088.0,441175.0,441257.0,441371.0,441467.0,441561.0,441635.0,441755.0,441886.0,442007.0,442140.0,442257.0,442349.0,442425.0,442504.0,442603.0,442685.0,442785.0,442861.0,442933.0,443018.0,443097.0,443172.0,443238.0,443309.0,443401.0,443499.0,443583.0,443675.0,443774.0,443881.0,444006.0,,,,,,,,,444792.0,444847.0,444921.0,445037.0,445148.0,445217.0,445288.0,445348.0,445407.0,445484.0,445565.0,445661.0,445745.0,445827.0,445888.0,445949.0,446017.0,446098.0,446171.0,446240.0,446319.0,446384.0,446451.0,446531.0,446622.0,446698.0,446807.0,446911.0,446974.0,447035.0,447114.0,447200.0,447297.0,447395.0,447494.0,447549.0,447603.0,447666.0,447751.0,447833.0,447906.0,447977.0,448029.0,448092.0,448157.0,448246.0,448330.0,448384.0,448469.0,448546.0,448624.0,448698.0,448796.0,448877.0,448953.0,449040.0,449128.0,449220.0,449323.0,449450.0,449550.0,449618.0,449708.0,449780.0,449856.0,449961.0,450109.0,450211.0,450275.0,450366.0,450436.0,450520.0,450626.0,450721.0,450849.0,450956.0,451080.0,451165.0,451234.0,451305.0,451401.0,451489.0,451596.0,451734.0,451836.0,451897.0,452015.0,452143.0,452233.0,452330.0,452476.0,452614.0,452777.0,452944.0,453110.0,453325.0,453530.0,453741.0,453853.0,454005.0,454188.0,454357.0,454547.0,454732.0,454902.0,455062.0,455197.0,455368.0,455524.0,455698.0,455870.0,456001.0,456143.0,456255.0,456346.0,456470.0,456598.0,456725.0,456856.0,457006.0,457110.0,,457331.0,457455.0,457573.0,457693.0,457805.0,457895.0,457960.0,458054.0,458146.0,458244.0,458348.0,458443.0,458526.0,458604.0,458742.0,458902.0,459034.0,459175.0,459295.0,459388.0,459504.0,459623.0,459746.0,459870.0,459988.0,460066.0,460144.0,460234.0,460323.0,460422.0,460501.0,460584.0,460683.0,460749.0,460829.0,460906.0,460974.0,461052.0,461186.0,461300.0,461409.0,461552.0,461661.0,461765.0,461859.0,461979.0,462125.0,462306.0,462522.0,462728.0,462924.0,463129.0,463395.0,463570.0,463732.0,463919.0,464132.0,464328.0,464505.0,464718.0,464891.0,465071.0,465333.0,465564.0,465871.0,466236.0,466493.0,466748.0,466943.0,467193.0,467428.0,467744.0,468015.0,468391.0,468798.0,469136.0,469483.0,469819.0,470109.0,470417.0,470754.0,471078.0,471259.0,471443.0,471651.0,471881.0,472122.0,472308.0,472487.0,472651.0,472810.0,472994.0,473235.0,473432.0,473645.0,473845.0,473978.0,474228.0,474412.0,474570.0,474755.0,474938.0,475092.0,475293.0,475516.0,475693.0,475934.0,476179.0,476342.0,476482.0,476587.0,476760.0,476943.0,477121
CyUPvo6nsHQ,7408128.0,7408619.0,7409277.0,7409966.0,7410488.0,7411186.0,7411762.0,7412382.0,7412985.0,7413551.0,7414058.0,7414684.0,7415198.0,7415801.0,7416363.0,7416953.0,7417430.0,7418025.0,7418518.0,7419109.0,7419661.0,7420180.0,7420826.0,7421451.0,7422066.0,7422548.0,7423145.0,7423732.0,7424283.0,7424907.0,7425621.0,7426233.0,7426786.0,7427489.0,7428030.0,7428766.0,7429485.0,7430116.0,7430758.0,7431333.0,7431808.0,7432320.0,7432953.0,7433618.0,7434198.0,7434892.0,7435477.0,7436010.0,7436483.0,7437124.0,7437708.0,7438390.0,7438852.0,7439401.0,7439899.0,7440409.0,7440938.0,7441452.0,7442001.0,7442504.0,7443076.0,7443648.0,7444216.0,7444703.0,7445197.0,7445828.0,7446308.0,7446944.0,7447570.0,7448227.0,7448766.0,7449288.0,7449732.0,7450249.0,7450809.0,7451361.0,7451871.0,7452428.0,7453007.0,7453511.0,7453972.0,7454471.0,7455012.0,7455568.0,7456083.0,7456559.0,7457146.0,7457540.0,7458120.0,7458628.0,7459094.0,7459591.0,7460085.0,7460532.0,7460943.0,7461331.0,7461728.0,7462211.0,7462742.0,7463166.0,7463686.0,7464096.0,7464531.0,7464918.0,7465385.0,7465775.0,7466254.0,7466794.0,7467262.0,7467737.0,7468159.0,7468711.0,7469195.0,7469663.0,7470167.0,7470678.0,7471066.0,7471515.0,7472019.0,7472431.0,7472909.0,7473316.0,7473799.0,7474207.0,7474625.0,7475165.0,7475696.0,7476155.0,7476654.0,7477149.0,7477794.0,7478503.0,7479188.0,7479766.0,,,,,,,,,7484605.0,7485123.0,7485530.0,7485993.0,7486445.0,7486898.0,7487288.0,7487630.0,7488131.0,7488607.0,7489063.0,7489743.0,7490380.0,7490879.0,7491514.0,7492072.0,7492619.0,7493199.0,7493777.0,7494447.0,7494930.0,7495561.0,7496070.0,7496538.0,7497114.0,7497560.0,7498045.0,7498570.0,7499183.0,7499706.0,7500259.0,7500789.0,7501299.0,7501921.0,7502440.0,7502887.0,7503493.0,7503984.0,7504516.0,7505062.0,7505666.0,7506208.0,7506733.0,7507240.0,7507718.0,7508175.0,7508763.0,7509265.0,7509798.0,7510293.0,7510727.0,7511233.0,7511716.0,7512175.0,7512590.0,7513083.0,7513587.0,7514009.0,7514434.0,7514905.0,7515429.0,7515849.0,7516313.0,7516773.0,7517269.0,7517707.0,7518127.0,7518620.0,7518973.0,7519393.0,7519791.0,7520173.0,7520601.0,7521047.0,7521504.0,7522062.0,7522599.0,7523080.0,7523584.0,7524043.0,7524510.0,7524948.0,7525455.0,7525973.0,7526468.0,7526925.0,7527331.0,7527798.0,7528233.0,7528643.0,7529168.0,7529659.0,7530147.0,7530560.0,7531034.0,7531519.0,7532015.0,7532522.0,7532980.0,7533439.0,7533926.0,7534462.0,7534888.0,7535481.0,7535983.0,7536385.0,7536824.0,7537303.0,7537727.0,7538160.0,7538564.0,7539060.0,7539488.0,7539866.0,7540284.0,7540680.0,7541191.0,7541696.0,7542089.0,7542676.0,7543131.0,,7544035.0,7544430.0,7544875.0,7545300.0,7545803.0,7546297.0,7546756.0,7547131.0,7547653.0,7548095.0,7548559.0,7548917.0,7549372.0,7549780.0,7550270.0,7550774.0,7551238.0,7551693.0,7552182.0,7552621.0,7553036.0,7553479.0,7553917.0,7554370.0,7554840.0,7555238.0,7555676.0,7556252.0,7556668.0,7557108.0,7557598.0,7558027.0,7558486.0,7558879.0,7559379.0,7559897.0,7560410.0,7560826.0,7561329.0,7561773.0,7562235.0,7562628.0,7563070.0,7563481.0,7563960.0,7564451.0,7564900.0,7565332.0,7565829.0,7566224.0,7566716.0,7567180.0,7567645.0,7568152.0,7568590.0,7569096.0,7569673.0,7570220.0,7570678.0,7571312.0,7571974.0,7572624.0,7573331.0,7573962.0,7574521.0,7575051.0,7575646.0,7576143.0,7576624.0,7577097.0,7577613.0,7578170.0,7578595.0,7579047.0,7579537.0,7580001.0,7580491.0,7580953.0,7581396.0,7581901.0,7582321.0,7582741.0,7583250.0,7583674.0,7584064.0,7584632.0,7585042.0,7585546.0,7586026.0,7586458.0,7586840.0,7587207.0,7587645.0,7588040.0,7588440.0,7588888.0,7589240.0,7589683.0,7590111.0,7590577.0,7591042.0,7591541.0,7592033.0,7592398.0,7592819.0,7593230.0,7593646.0,7594006.0,7594413.0,7594810.0,7595176.0,7595560.0,7595875.0,7596281
0X8lEvQXq1I,1308092.0,1308133.0,1308175.0,1308256.0,1308321.0,1308397.0,1308454.0,1308517.0,1308573.0,1308647.0,1308728.0,1308803.0,1308866.0,1308926.0,1309001.0,1309067.0,1309151.0,1309234.0,1309291.0,1309353.0,1309418.0,1309462.0,1309528.0,1309656.0,1309751.0,1309800.0,1309852.0,1309927.0,1309984.0,1310038.0,1310112.0,1310189.0,1310243.0,1310287.0,1310339.0,1310385.0,1310426.0,1310504.0,1310571.0,1310610.0,1310661.0,1310705.0,1310752.0,1310790.0,1310838.0,1310895.0,1310960.0,1311005.0,1311068.0,1311126.0,1311179.0,1311248.0,1311288.0,1311349.0,1311402.0,1311467.0,1311533.0,1311586.0,1311668.0,1311720.0,1311762.0,1311818.0,1311857.0,1311900.0,1311938.0,1312000.0,1312046.0,1312098.0,1312132.0,1312193.0,1312242.0,1312302.0,1312356.0,1312403.0,1312463.0,1312517.0,1312567.0,1312619.0,1312657.0,1312692.0,1312731.0,1312767.0,1312811.0,1312866.0,1312910.0,1312963.0,1313012.0,1313050.0,1313088.0,1313149.0,1313195.0,1313242.0,1313283.0,1313311.0,1313341.0,1313396.0,1313442.0,1313478.0,1313521.0,1313563.0,1313614.0,1313646.0,1313684.0,1313719.0,1313782.0,1313818.0,1313855.0,1313892.0,1313947.0,1313988.0,1314040.0,1314069.0,1314106.0,1314150.0,1314192.0,1314218.0,1314253.0,1314299.0,1314335.0,1314381.0,1314423.0,1314472.0,1314503.0,1314533.0,1314563.0,1314605.0,1314641.0,1314668.0,1314720.0,1314745.0,1314789.0,1314822.0,1314864.0,1314921.0,,,,,,,,,1315268.0,1315319.0,1315345.0,1315373.0,1315402.0,1315423.0,1315450.0,1315481.0,1315525.0,1315558.0,1315590.0,1315618.0,1315643.0,1315667.0,1315710.0,1315737.0,1315770.0,1315797.0,1315838.0,1315876.0,1315898.0,1315952.0,1315983.0,1316022.0,1316057.0,1316095.0,1316132.0,1316178.0,1316224.0,1316264.0,1316308.0,1316352.0,1316399.0,1316425.0,1316468.0,1316528.0,1316564.0,1316599.0,1316626.0,1316660.0,1316703.0,1316749.0,1316789.0,1316829.0,1316858.0,1316894.0,1316934.0,1316986.0,1317043.0,1317080.0,1317109.0,1317147.0,1317163.0,1317198.0,1317233.0,1317261.0,1317295.0,1317325.0,1317347.0,1317380.0,1317405.0,1317439.0,1317465.0,1317492.0,1317534.0,1317566.0,1317613.0,1317658.0,1317688.0,1317718.0,1317741.0,1317773.0,1317802.0,1317848.0,1317872.0,1317906.0,1317940.0,1317974.0,1318000.0,1318042.0,1318074.0,1318104.0,1318122.0,1318161.0,1318197.0,1318229.0,1318257.0,1318277.0,1318303.0,1318333.0,1318356.0,1318391.0,1318415.0,1318456.0,1318497.0,1318535.0,1318585.0,1318643.0,1318696.0,1318764.0,1318807.0,1318886.0,1318939.0,1318992.0,1319051.0,1319115.0,1319167.0,1319218.0,1319276.0,1319314.0,1319372.0,1319438.0,1319505.0,1319558.0,1319600.0,1319639.0,1319695.0,1319767.0,1319838.0,1319899.0,1319972.0,,1320121.0,1320190.0,1320252.0,1320329.0,1320410.0,1320501.0,1320562.0,1320616.0,1320672.0,1320740.0,1320810.0,1320865.0,1320930.0,1320985.0,1321027.0,1321095.0,1321196.0,1321287.0,1321363.0,1321423.0,1321479.0,1321545.0,1321606.0,1321673.0,1321752.0,1321795.0,1321875.0,1321952.0,1322000.0,1322040.0,1322108.0,1322173.0,1322259.0,1322357.0,1322418.0,1322481.0,1322560.0,1322640.0,1322728.0,1322815.0,1322897.0,1322968.0,1323032.0,1323115.0,1323188.0,1323259.0,1323359.0,1323420.0,1323494.0,1323560.0,1323645.0,1323746.0,1323829.0,1323915.0,1324012.0,1324101.0,1324201.0,1324321.0,1324447.0,1324599.0,1324810.0,1325030.0,1325167.0,1325257.0,1325355.0,1325462.0,1325615.0,1325710.0,1325805.0,1325896.0,1325973.0,1326062.0,1326135.0,1326197.0,1326263.0,1326339.0,1326416.0,1326507.0,1326580.0,1326657.0,1326742.0,1326842.0,1326911.0,1326964.0,1327030.0,1327100.0,1327143.0,1327218.0,1327287.0,1327364.0,1327446.0,1327512.0,1327585.0,1327644.0,1327717.0,1327798.0,1327888.0,1327959.0,1328035.0,1328113.0,1328202.0,1328281.0,1328391.0,1328489.0,1328568.0,1328636.0,1328693.0,1328756.0,1328824.0,1328893.0,1328978.0,1329022.0,1329095.0,1329170
LjbSHXCqd5Q,2295524.0,2295729.0,2295924.0,2296161.0,2296393.0,2296617.0,2296891.0,2297125.0,2297381.0,2297575.0,2297801.0,2298000.0,2298225.0,2298480.0,2298700.0,2298936.0,2299165.0,2299362.0,2299618.0,2299797.0,2300027.0,2300295.0,2300514.0,2300708.0,2300916.0,2301133.0,2301373.0,2301576.0,2301745.0,2301961.0,2302144.0,2302375.0,2302560.0,2302771.0,2303010.0,2303229.0,2303465.0,2303625.0,2303829.0,2304048.0,2304207.0,2304386.0,2304560.0,2304770.0,2304958.0,2305116.0,2305287.0,2305445.0,2305653.0,2305908.0,2306133.0,2306385.0,2306589.0,2306817.0,2307036.0,2307233.0,2307459.0,2307636.0,2307826.0,2308022.0,2308210.0,2308377.0,2308555.0,2308670.0,2308849.0,2309029.0,2309180.0,2309357.0,2309503.0,2309674.0,2309854.0,2309998.0,2310139.0,2310273.0,2310408.0,2310587.0,2310728.0,2310925.0,2311105.0,2311260.0,2311413.0,2311552.0,2311737.0,2311927.0,2312083.0,2312308.0,2312465.0,2312625.0,2312854.0,2313053.0,2313279.0,2313464.0,2313652.0,2313810.0,2313959.0,2314096.0,2314229.0,2314371.0,2314527.0,2314651.0,2314824.0,2315006.0,2315154.0,2315298.0,2315460.0,2315619.0,2315809.0,2316003.0,2316192.0,2316336.0,2316509.0,2316663.0,2316839.0,2316996.0,2317195.0,2317381.0,2317552.0,2317745.0,2317917.0,2318108.0,2318283.0,2318483.0,2318702.0,2318900.0,2319132.0,2319322.0,2319486.0,2319702.0,2319894.0,2320140.0,2320358.0,2320636.0,2320916.0,2321208.0,,,,,,,,,2323555.0,2323825.0,2323999.0,2324244.0,2324466.0,2324754.0,2324976.0,2325227.0,2325457.0,2325801.0,2326089.0,2326404.0,2326848.0,2327183.0,2327538.0,2327816.0,2328045.0,2328295.0,2328573.0,2328880.0,2329107.0,2329348.0,2329595.0,2329770.0,2329992.0,2330234.0,2330448.0,2330641.0,2330906.0,2331201.0,2331478.0,2331761.0,2332000.0,2332248.0,2332518.0,2332768.0,2333040.0,2333293.0,2333493.0,2333737.0,2333946.0,2334183.0,2334409.0,2334651.0,2334858.0,2335085.0,2335302.0,2335530.0,2335812.0,2336074.0,2336291.0,2336475.0,2336679.0,2336889.0,2337109.0,2337312.0,2337521.0,2337718.0,2337867.0,2338050.0,2338248.0,2338429.0,2338635.0,2338868.0,2339055.0,2339243.0,2339430.0,2339633.0,2339817.0,2339931.0,2340106.0,2340269.0,2340437.0,2340611.0,2340775.0,2341006.0,2341213.0,2341430.0,2341700.0,2341897.0,2342117.0,2342302.0,2342522.0,2342729.0,2342927.0,2343131.0,2343283.0,2343456.0,2343601.0,2343761.0,2343913.0,2344065.0,2344274.0,2344417.0,2344597.0,2344736.0,2344917.0,2345070.0,2345232.0,2345424.0,2345592.0,2345781.0,2345976.0,2346109.0,2346274.0,2346437.0,2346599.0,2346725.0,2346886.0,2347035.0,2347145.0,2347305.0,2347460.0,2347583.0,2347722.0,2347883.0,2348048.0,2348248.0,2348425.0,2348604.0,2348810.0,,2349161.0,2349378.0,2349510.0,2349677.0,2349848.0,2350009.0,2350201.0,2350346.0,2350523.0,2350678.0,2350862.0,2351038.0,2351214.0,2351367.0,2351491.0,2351679.0,2351828.0,2352017.0,2352173.0,2352365.0,2352496.0,2352663.0,2352847.0,2353021.0,2353240.0,2353410.0,2353625.0,2353818.0,2353951.0,2354118.0,2354254.0,2354430.0,2354592.0,2354748.0,2354892.0,2355076.0,2355238.0,2355390.0,2355557.0,2355723.0,2355900.0,2356030.0,2356170.0,2356322.0,2356509.0,2356670.0,2356865.0,2357049.0,2357191.0,2357351.0,2357521.0,2357687.0,2357841.0,2358069.0,2358274.0,2358461.0,2358663.0,2358878.0,2359122.0,2359515.0,2359993.0,2360396.0,2360713.0,2361089.0,2361360.0,2361609.0,2361845.0,2362059.0,2362253.0,2362474.0,2362697.0,2362889.0,2363065.0,2363257.0,2363422.0,2363614.0,2363807.0,2363995.0,2364175.0,2364324.0,2364490.0,2364668.0,2364886.0,2365053.0,2365206.0,2365348.0,2365470.0,2365606.0,2365793.0,2365942.0,2366092.0,2366221.0,2366376.0,2366497.0,2366638.0,2366795.0,2366920.0,2367063.0,2367228.0,2367394.0,2367586.0,2367728.0,2367925.0,2368102.0,2368248.0,2368393.0,2368535.0,2368669.0,2368799.0,2368947.0,2369077.0,2369205.0,2369361.0,2369527
cKlEE_EYuNM,128429641.0,128457508.0,128484761.0,128514325.0,128546521.0,128577320.0,128605964.0,128634945.0,128665638.0,128699169.0,128734543.0,128765028.0,128794130.0,128822020.0,128852790.0,128882139.0,128915156.0,128950749.0,128985455.0,129018009.0,129053297.0,129091260.0,129133629.0,129174377.0,129214440.0,129251092.0,129284827.0,129318321.0,129351802.0,129385822.0,129419413.0,129451871.0,129479181.0,129508655.0,129539230.0,129574033.0,129629116.0,129697070.0,129742965.0,129787889.0,129832727.0,129873647.0,129917434.0,129961859.0,130007729.0,130053662.0,130096919.0,130137724.0,130177993.0,130218707.0,130256980.0,130299841.0,130338424.0,130373256.0,130415868.0,130455238.0,130490412.0,130526095.0,130564613.0,130605530.0,130643838.0,130683946.0,130723139.0,130762283.0,130803033.0,130839239.0,130872517.0,130906122.0,130939473.0,130978041.0,131014694.0,131049395.0,131084643.0,131117186.0,131144168.0,131169852.0,131199513.0,131233505.0,131267946.0,131302062.0,131333922.0,131363333.0,131391290.0,131419848.0,131449854.0,131480600.0,131512782.0,131544093.0,131573856.0,131599094.0,131625181.0,131653593.0,131684212.0,131717750.0,131753050.0,131780607.0,131804565.0,131828858.0,131854877.0,131885346.0,131917356.0,131951844.0,131981990.0,132009409.0,132037246.0,132066136.0,132093749.0,132123208.0,132154196.0,132185474.0,132214203.0,132244457.0,132273821.0,132303048.0,132335052.0,132368307.0,132397830.0,132425406.0,132452863.0,132479166.0,132507070.0,132537201.0,132568483.0,132597525.0,132628319.0,132659355.0,132690072.0,132724586.0,132761562.0,132797006.0,132829525.0,132861922.0,132892889.0,132922272.0,,,,,,,,,133219409.0,133254791.0,133285654.0,133314612.0,133344197.0,133373728.0,133402548.0,133433043.0,133466602.0,133498447.0,133529528.0,133558867.0,133591351.0,133623635.0,133654195.0,133684643.0,133712416.0,133739328.0,133768808.0,133798430.0,133826936.0,133858203.0,133891491.0,133921784.0,133949137.0,133976932.0,134004437.0,134033745.0,134064402.0,134095660.0,134125340.0,134154711.0,134183978.0,134213599.0,134242777.0,134274391.0,134304232.0,134331181.0,134358293.0,134385108.0,134411576.0,134439304.0,134468638.0,134496249.0,134521689.0,134546186.0,134571817.0,134598017.0,134623817.0,134651235.0,134678437.0,134704202.0,134731220.0,134759567.0,134787880.0,134817034.0,134846160.0,134873585.0,134900036.0,134929178.0,134958411.0,134986297.0,135009819.0,135036806.0,135061418.0,135086581.0,135115013.0,135143116.0,135170073.0,135191124.0,135216622.0,135242529.0,135267731.0,135295746.0,135322887.0,135349806.0,135379440.0,135408649.0,135437359.0,135464461.0,135492961.0,135520127.0,135549252.0,135584278.0,135615910.0,135645590.0,135672924.0,135703381.0,135733205.0,135762469.0,135791855.0,135822447.0,135853692.0,135882341.0,135911561.0,135941442.0,135971899.0,136001951.0,136033591.0,136063816.0,136092582.0,136121089.0,136149144.0,136177404.0,136206694.0,136236418.0,136266756.0,136294191.0,136320037.0,136347473.0,136374796.0,136402772.0,136431271.0,136458593.0,136484350.0,136509868.0,136534910.0,136559820.0,136584877.0,136609124.0,136633382.0,,136681556.0,136707111.0,136733846.0,136758774.0,136785206.0,136810680.0,136834908.0,136858126.0,136881971.0,136905903.0,136928823.0,136953131.0,136978910.0,137002096.0,137024352.0,137046063.0,137069047.0,137091799.0,137116594.0,137143657.0,137167846.0,137191612.0,137214775.0,137237993.0,137261438.0,137286205.0,137311757.0,137337995.0,137364813.0,137390821.0,137415865.0,137442313.0,137468806.0,137496031.0,137521863.0,137547307.0,137573041.0,137598599.0,137623776.0,137647952.0,137672108.0,137695489.0,137718978.0,137741409.0,137764227.0,137787751.0,137812072.0,137837519.0,137861116.0,137883379.0,137906018.0,137927542.0,137948352.0,137969719.0,137992886.0,138014064.0,138033611.0,138053903.0,138075004.0,138096760.0,138119977.0,138144912.0,138167130.0,138191271.0,138216781.0,138241314.0,138265919.0,138291639.0,138316433.0,138339426.0,138361427.0,138382646.0,138404061.0,138426491.0,138450060.0,138475143.0,138498273.0,138519873.0,138541545.0,138562455.0,138583997.0,138607944.0,138632011.0,138654414.0,138677812.0,138701045.0,138725451.0,138752970.0,138780099.0,138806241.0,138831811.0,138855329.0,138878058.0,138901434.0,138924191.0,138949828.0,138974674.0,138997619.0,139020148.0,139043528.0,139067512.0,139091767.0,139116816.0,139141916.0,139165108.0,139186991.0,139208060.0,139231554.0,139254542.0,139277538.0,139301350.0,139323745.0,139346393.0,139369329
w4cTYnOPdNk,119134059.0,119152284.0,119172410.0,119193542.0,119214409.0,119234082.0,119252330.0,119272590.0,119293710.0,119316905.0,119340905.0,119361541.0,119380529.0,119399995.0,119421209.0,119444220.0,119470266.0,119496754.0,119522264.0,119546792.0,119570883.0,119597457.0,119627786.0,119656039.0,119682451.0,119708793.0,119737502.0,119766234.0,119793587.0,119820852.0,119848695.0,119874310.0,119897697.0,119924067.0,119949735.0,119976261.0,120018622.0,120066289.0,120099832.0,120131260.0,120162335.0,120192048.0,120224231.0,120256861.0,120294285.0,120333893.0,120369981.0,120402653.0,120434889.0,120463243.0,120490421.0,120523853.0,120555878.0,120584922.0,120612005.0,120638208.0,120662505.0,120687791.0,120713727.0,120741375.0,120768692.0,120798156.0,120827122.0,120852465.0,120876251.0,120899973.0,120923896.0,120946786.0,120969508.0,120998158.0,121023527.0,121046318.0,121070584.0,121095879.0,121118205.0,121140088.0,121165852.0,121193673.0,121220661.0,121248047.0,121275609.0,121299706.0,121324331.0,121348845.0,121375019.0,121402546.0,121431643.0,121457045.0,121480642.0,121500845.0,121522778.0,121546696.0,121572743.0,121598230.0,121623095.0,121642726.0,121661266.0,121679587.0,121699167.0,121724259.0,121750877.0,121777855.0,121801573.0,121822687.0,121843748.0,121864762.0,121884821.0,121908577.0,121933457.0,121957346.0,121980560.0,122004305.0,122027324.0,122048951.0,122071053.0,122093283.0,122112431.0,122130427.0,122149016.0,122167408.0,122186792.0,122207207.0,122228856.0,122250028.0,122272246.0,122295175.0,122318142.0,122341078.0,122366610.0,122391319.0,122413084.0,122433557.0,122453509.0,122473707.0,,,,,,,,,122674177.0,122698779.0,122719044.0,122738568.0,122757909.0,122776800.0,122795397.0,122814457.0,122835297.0,122855280.0,122873272.0,122890255.0,122908773.0,122927584.0,122946697.0,122966876.0,122985029.0,123003468.0,123021823.0,123040564.0,123060103.0,123082046.0,123102770.0,123121316.0,123138678.0,123156155.0,123174252.0,123194346.0,123216364.0,123239309.0,123259694.0,123280424.0,123300171.0,123320843.0,123342528.0,123365075.0,123386851.0,123406278.0,123425169.0,123444739.0,123463996.0,123483333.0,123504312.0,123524359.0,123543179.0,123561304.0,123580062.0,123599611.0,123619097.0,123639487.0,123659350.0,123676884.0,123695250.0,123715879.0,123736374.0,123757182.0,123778139.0,123798090.0,123817560.0,123838743.0,123860146.0,123880757.0,123898346.0,123918648.0,123937747.0,123957115.0,123977719.0,123997819.0,124017843.0,124034263.0,124054233.0,124073628.0,124093093.0,124114608.0,124135727.0,124157233.0,124180532.0,124203738.0,124227133.0,124248699.0,124270968.0,124292331.0,124315274.0,124342054.0,124367455.0,124391354.0,124413152.0,124436710.0,124459593.0,124481543.0,124503395.0,124526386.0,124549726.0,124570814.0,124591944.0,124613760.0,124635506.0,124656726.0,124680472.0,124702673.0,124722762.0,124742177.0,124761446.0,124780027.0,124799043.0,124818013.0,124837176.0,124854344.0,124871258.0,124889004.0,124906897.0,124925096.0,124944378.0,124963276.0,124980512.0,124997816.0,125014381.0,125031133.0,125047433.0,125063874.0,125080811.0,,125114249.0,125131875.0,125150085.0,125167286.0,125186596.0,125205695.0,125223002.0,125239905.0,125256676.0,125273776.0,125290252.0,125308869.0,125328791.0,125346372.0,125363954.0,125381844.0,125399051.0,125416506.0,125435694.0,125455649.0,125473578.0,125491427.0,125509364.0,125527520.0,125546810.0,125568056.0,125589959.0,125611758.0,125635419.0,125658295.0,125680124.0,125701528.0,125724034.0,125746159.0,125766897.0,125787403.0,125809177.0,125830322.0,125851273.0,125871503.0,125891662.0,125911017.0,125930190.0,125949122.0,125968034.0,125988585.0,126009625.0,126031419.0,126051924.0,126071081.0,126090513.0,126109512.0,126127626.0,126146708.0,126166451.0,126184201.0,126200932.0,126217968.0,126235548.0,126253447.0,126272937.0,126294636.0,126314392.0,126334208.0,126355946.0,126376370.0,126395844.0,126416659.0,126437275.0,126457057.0,126475997.0,126494242.0,126512214.0,126532071.0,126553660.0,126575110.0,126595077.0,126615661.0,126636167.0,126655695.0,126676500.0,126698214.0,126719846.0,126740428.0,126759942.0,126780567.0,126800568.0,126821679.0,126844261.0,126865661.0,126885852.0,126904186.0,126922314.0,126940598.0,126958159.0,126977891.0,126995981.0,127013084.0,127029754.0,127048016.0,127065827.0,127084249.0,127103992.0,127123391.0,127141118.0,127157683.0,127173891.0,127191582.0,127209206.0,127227094.0,127245643.0,127261867.0,127278322.0,127294519
Cczo7nazBGA,2706712.0,2707853.0,2709044.0,2710025.0,2710938.0,2711919.0,2712901.0,2714443.0,2716232.0,2718035.0,2719560.0,2720804.0,2722285.0,2723773.0,2725469.0,2726710.0,2727910.0,2728854.0,2729940.0,2731325.0,2732949.0,2734347.0,2735854.0,2737644.0,2738878.0,2740206.0,2741578.0,2742967.0,2744191.0,2745587.0,2746945.0,2748294.0,2749527.0,2750949.0,2752505.0,2754207.0,2755481.0,2756402.0,2757324.0,2758539.0,2759618.0,2760914.0,2762263.0,2764132.0,2765395.0,2766344.0,2767467.0,2768886.0,2770295.0,2771664.0,2772740.0,2773840.0,2775311.0,2776557.0,2777525.0,2778668.0,2780039.0,2781523.0,2782770.0,2783808.0,2785083.0,2786565.0,2788321.0,2789966.0,2791531.0,2792855.0,2793910.0,2795585.0,2796821.0,2798147.0,2799527.0,2800621.0,2801763.0,2802833.0,2804161.0,2805743.0,2807486.0,2808801.0,2810289.0,2811585.0,2812741.0,2813918.0,2815087.0,2816950.0,2818536.0,2820043.0,2821394.0,2822328.0,2823387.0,2824310.0,2825443.0,2826696.0,2827926.0,2829135.0,2830199.0,2831604.0,2833524.0,2834924.0,2836188.0,2837436.0,2838555.0,2839643.0,2840731.0,2841858.0,2842963.0,2844131.0,2845237.0,2846194.0,2847185.0,2848044.0,2848878.0,2849910.0,2851731.0,2853666.0,2855049.0,2856233.0,2857572.0,2858845.0,2860174.0,2861676.0,2862952.0,2864244.0,2865365.0,2866469.0,2867648.0,2868646.0,2869704.0,2870752.0,2871691.0,2872667.0,2873600.0,2874607.0,2875787.0,2876989.0,,,,,,,,,2887420.0,2888699.0,2889974.0,2891542.0,2893201.0,2894554.0,2895791.0,2897027.0,2898536.0,2900020.0,2901512.0,2902872.0,2904382.0,2905896.0,2907604.0,2909073.0,2910550.0,2912087.0,2913480.0,2915272.0,2916877.0,2918511.0,2920002.0,2921627.0,2922955.0,2924602.0,2926498.0,2928527.0,2930466.0,2932604.0,2935046.0,2937714.0,2940335.0,2942610.0,2944598.0,2946133.0,2947459.0,2948905.0,2950271.0,2951593.0,2952891.0,2954565.0,2956092.0,2957581.0,2959385.0,2960868.0,2962199.0,2963716.0,2965135.0,2966471.0,2967608.0,2968875.0,2970088.0,2971320.0,2972516.0,2973761.0,2975136.0,2976291.0,2977583.0,2978858.0,2980225.0,2981331.0,2982279.0,2983651.0,2984917.0,2986183.0,2987623.0,2989050.0,2990118.0,2991256.0,2992414.0,2993567.0,2994728.0,2996016.0,2997258.0,2998606.0,3000080.0,3001457.0,3002629.0,3004082.0,3005578.0,3007050.0,3008853.0,3010416.0,3011987.0,3013557.0,3015381.0,3017338.0,3019092.0,3021041.0,3023280.0,3025592.0,3027617.0,3029591.0,3031809.0,3033922.0,3036017.0,3037913.0,3039663.0,3040940.0,3042471.0,3044416.0,3046157.0,3047812.0,3049478.0,3050751.0,3051715.0,3052999.0,3054148.0,3055505.0,3056911.0,3058305.0,3059643.0,3060675.0,3061837.0,3063317.0,3065609.0,3067403.0,3069308.0,3071154.0,3073152.0,,3076306.0,3077614.0,3078636.0,3079602.0,3080540.0,3081353.0,3082599.0,3083925.0,3084960.0,3086171.0,3087603.0,3089214.0,3090928.0,3092757.0,3094505.0,3096622.0,3098910.0,3100890.0,3102566.0,3103853.0,3105354.0,3107023.0,3109091.0,3111381.0,3114052.0,3116649.0,3118447.0,3120107.0,3121815.0,3123534.0,3125106.0,3126495.0,3127727.0,3128899.0,3130105.0,3131570.0,3132799.0,3134008.0,3135076.0,3136162.0,3137430.0,3138931.0,3140475.0,3141752.0,3143397.0,3144813.0,3146377.0,3147959.0,3150165.0,3151970.0,3153977.0,3155952.0,3157649.0,3158932.0,3159987.0,3161058.0,3162065.0,3163300.0,3164452.0,3165734.0,3166967.0,3168474.0,3169840.0,3171463.0,3173181.0,3175285.0,3176934.0,3178546.0,3179941.0,3181553.0,3183200.0,3185394.0,3187605.0,3189142.0,3190420.0,3191980.0,3193477.0,3194938.0,3196222.0,3197679.0,3199021.0,3200169.0,3201246.0,3202216.0,3203280.0,3204174.0,3205355.0,3206279.0,3207118.0,3207956.0,3208876.0,3209765.0,3211087.0,3212252.0,3213127.0,3214035.0,3214878.0,3215739.0,3216543.0,3217373.0,3218104.0,3218958.0,3219690.0,3220384.0,3221077.0,3221932.0,3222713.0,3223472.0,3224267.0,3224887.0,3225614.0,3226406.0,3227243.0,3227955
cKlEE_EYuNM,128429641.0,128457508.0,128484761.0,128514325.0,128546521.0,128577320.0,128605964.0,128634945.0,128665638.0,128699169.0,128734543.0,128765028.0,128794130.0,128822020.0,128852790.0,128882139.0,128915156.0,128950749.0,128985455.0,129018009.0,129053297.0,129091260.0,129133629.0,129174377.0,129214440.0,129251092.0,129284827.0,129318321.0,129351802.0,129385822.0,129419413.0,129451871.0,129479181.0,129508655.0,129539230.0,129574033.0,129629116.0,129697070.0,129742965.0,129787889.0,129832727.0,129873647.0,129917434.0,129961859.0,130007729.0,130053662.0,130096919.0,130137724.0,130177993.0,130218707.0,130256980.0,130299841.0,130338424.0,130373256.0,130415868.0,130455238.0,130490412.0,130526095.0,130564613.0,130605530.0,130643838.0,130683946.0,130723139.0,130762283.0,130803033.0,130839239.0,130872517.0,130906122.0,130939473.0,130978041.0,131014694.0,131049395.0,131084643.0,131117186.0,131144168.0,131169852.0,131199513.0,131233505.0,131267946.0,131302062.0,131333922.0,131363333.0,131391290.0,131419848.0,131449854.0,131480600.0,131512782.0,131544093.0,131573856.0,131599094.0,131625181.0,131653593.0,131684212.0,131717750.0,131753050.0,131780607.0,131804565.0,131828858.0,131854877.0,131885346.0,131917356.0,131951844.0,131981990.0,132009409.0,132037246.0,132066136.0,132093749.0,132123208.0,132154196.0,132185474.0,132214203.0,132244457.0,132273821.0,132303048.0,132335052.0,132368307.0,132397830.0,132425406.0,132452863.0,132479166.0,132507070.0,132537201.0,132568483.0,132597525.0,132628319.0,132659355.0,132690072.0,132724586.0,132761562.0,132797006.0,132829525.0,132861922.0,132892889.0,132922272.0,,,,,,,,,133219409.0,133254791.0,133285654.0,133314612.0,133344197.0,133373728.0,133402548.0,133433043.0,133466602.0,133498447.0,133529528.0,133558867.0,133591351.0,133623635.0,133654195.0,133684643.0,133712416.0,133739328.0,133768808.0,133798430.0,133826936.0,133858203.0,133891491.0,133921784.0,133949137.0,133976932.0,134004437.0,134033745.0,134064402.0,134095660.0,134125340.0,134154711.0,134183978.0,134213599.0,134242777.0,134274391.0,134304232.0,134331181.0,134358293.0,134385108.0,134411576.0,134439304.0,134468638.0,134496249.0,134521689.0,134546186.0,134571817.0,134598017.0,134623817.0,134651235.0,134678437.0,134704202.0,134731220.0,134759567.0,134787880.0,134817034.0,134846160.0,134873585.0,134900036.0,134929178.0,134958411.0,134986297.0,135009819.0,135036806.0,135061418.0,135086581.0,135115013.0,135143116.0,135170073.0,135191124.0,135216622.0,135242529.0,135267731.0,135295746.0,135322887.0,135349806.0,135379440.0,135408649.0,135437359.0,135464461.0,135492961.0,135520127.0,135549252.0,135584278.0,135615910.0,135645590.0,135672924.0,135703381.0,135733205.0,135762469.0,135791855.0,135822447.0,135853692.0,135882341.0,135911561.0,135941442.0,135971899.0,136001951.0,136033591.0,136063816.0,136092582.0,136121089.0,136149144.0,136177404.0,136206694.0,136236418.0,136266756.0,136294191.0,136320037.0,136347473.0,136374796.0,136402772.0,136431271.0,136458593.0,136484350.0,136509868.0,136534910.0,136559820.0,136584877.0,136609124.0,136633382.0,,136681556.0,136707111.0,136733846.0,136758774.0,136785206.0,136810680.0,136834908.0,136858126.0,136881971.0,136905903.0,136928823.0,136953131.0,136978910.0,137002096.0,137024352.0,137046063.0,137069047.0,137091799.0,137116594.0,137143657.0,137167846.0,137191612.0,137214775.0,137237993.0,137261438.0,137286205.0,137311757.0,137337995.0,137364813.0,137390821.0,137415865.0,137442313.0,137468806.0,137496031.0,137521863.0,137547307.0,137573041.0,137598599.0,137623776.0,137647952.0,137672108.0,137695489.0,137718978.0,137741409.0,137764227.0,137787751.0,137812072.0,137837519.0,137861116.0,137883379.0,137906018.0,137927542.0,137948352.0,137969719.0,137992886.0,138014064.0,138033611.0,138053903.0,138075004.0,138096760.0,138119977.0,138144912.0,138167130.0,138191271.0,138216781.0,138241314.0,138265919.0,138291639.0,138316433.0,138339426.0,138361427.0,138382646.0,138404061.0,138426491.0,138450060.0,138475143.0,138498273.0,138519873.0,138541545.0,138562455.0,138583997.0,138607944.0,138632011.0,138654414.0,138677812.0,138701045.0,138725451.0,138752970.0,138780099.0,138806241.0,138831811.0,138855329.0,138878058.0,138901434.0,138924191.0,138949828.0,138974674.0,138997619.0,139020148.0,139043528.0,139067512.0,139091767.0,139116816.0,139141916.0,139165108.0,139186991.0,139208060.0,139231554.0,139254542.0,139277538.0,139301350.0,139323745.0,139346393.0,139369329
-uqWaGzQyxA,63503959.0,63520425.0,63538680.0,63557818.0,63575755.0,63593068.0,63610759.0,63628054.0,63646576.0,63666413.0,63686910.0,63704977.0,63723745.0,63743055.0,63761900.0,63780370.0,63800585.0,63820861.0,63839145.0,63858514.0,63879268.0,63902010.0,63926510.0,63953807.0,63980365.0,64002701.0,64025147.0,64046254.0,64067873.0,64088931.0,64111957.0,64132732.0,64152383.0,64173772.0,64194261.0,64214180.0,64241750.0,64272684.0,64302832.0,64325876.0,64349879.0,64372951.0,64396189.0,64419480.0,64440862.0,64460425.0,64479119.0,64498310.0,64517657.0,64537494.0,64557063.0,64579152.0,64599952.0,64618050.0,64637260.0,64660768.0,64682889.0,64705972.0,64729433.0,64750607.0,64770338.0,64789222.0,64807882.0,64828138.0,64848170.0,64866529.0,64884741.0,64901847.0,64918165.0,64937673.0,64955129.0,64971115.0,64986585.0,65003479.0,65019143.0,65034865.0,65052089.0,65068170.0,65084812.0,65101443.0,65118673.0,65134834.0,65151440.0,65169757.0,65187295.0,65204705.0,65222381.0,65239546.0,65257225.0,65274541.0,65292518.0,65309612.0,65326799.0,65345588.0,65364343.0,65380064.0,65395634.0,65411139.0,65427828.0,65445352.0,65463887.0,65481737.0,65498954.0,65515795.0,65533871.0,65552256.0,65569883.0,65588208.0,65606275.0,65623962.0,65642285.0,65660123.0,65677161.0,65694991.0,65714471.0,65733177.0,65749978.0,65766883.0,65784086.0,65802139.0,65820652.0,65839998.0,65858514.0,65875299.0,65892356.0,65909863.0,65927670.0,65946701.0,65965988.0,65984334.0,66001549.0,66016646.0,66031519.0,66046089.0,,,,,,,,,66188660.0,66206129.0,66222142.0,66237138.0,66251989.0,66265557.0,66280164.0,66296053.0,66312527.0,66328018.0,66342684.0,66356974.0,66372457.0,66388055.0,66404705.0,66421094.0,66434528.0,66448302.0,66462716.0,66476522.0,66490253.0,66505828.0,66521007.0,66534958.0,66548927.0,66562541.0,66577045.0,66592080.0,66607792.0,66624117.0,66639194.0,66653722.0,66668689.0,66684302.0,66699935.0,66716173.0,66730803.0,66744923.0,66759171.0,66773136.0,66787303.0,66800891.0,66815413.0,66829232.0,66842222.0,66855070.0,66868214.0,66881389.0,66894557.0,66908497.0,66921715.0,66934031.0,66946480.0,66959575.0,66972550.0,66985441.0,66998668.0,67011536.0,67023718.0,67037121.0,67050232.0,67063615.0,67076101.0,67089825.0,67102804.0,67116496.0,67130703.0,67144575.0,67156427.0,67167333.0,67179714.0,67192859.0,67206075.0,67219962.0,67234243.0,67248376.0,67263313.0,67278225.0,67292604.0,67306360.0,67320123.0,67332861.0,67347777.0,67364271.0,67380054.0,67394391.0,67407642.0,67421826.0,67435824.0,67449878.0,67464067.0,67479227.0,67493541.0,67507307.0,67521709.0,67536037.0,67550136.0,67563904.0,67578571.0,67593045.0,67606826.0,67619841.0,67633342.0,67646806.0,67661089.0,67675776.0,67689797.0,67703205.0,67717384.0,67731675.0,67745236.0,67758717.0,67773320.0,67787245.0,67800262.0,67813456.0,67825940.0,67839035.0,67852199.0,67866673.0,67880679.0,,67908463.0,67922209.0,67936375.0,67950017.0,67965001.0,67979384.0,67992597.0,68005698.0,68019339.0,68033450.0,68047132.0,68061905.0,68076382.0,68090116.0,68102711.0,68116011.0,68129828.0,68143758.0,68158536.0,68172355.0,68185570.0,68199293.0,68212625.0,68226500.0,68240679.0,68254154.0,68267379.0,68280117.0,68293579.0,68306844.0,68320801.0,68334771.0,68348449.0,68361477.0,68374845.0,68388689.0,68403705.0,68418404.0,68432704.0,68446767.0,68460533.0,68473799.0,68487476.0,68501155.0,68514421.0,68527740.0,68542231.0,68556680.0,68570659.0,68584021.0,68597212.0,68610993.0,68624796.0,68639360.0,68653714.0,68666536.0,68679584.0,68693336.0,68706978.0,68720843.0,68736613.0,68752531.0,68767381.0,68783208.0,68801429.0,68817858.0,68834441.0,68851887.0,68868758.0,68884516.0,68899983.0,68915126.0,68929949.0,68945837.0,68963044.0,68980258.0,68996175.0,69011677.0,69027133.0,69042727.0,69058724.0,69075928.0,69092595.0,69108375.0,69124637.0,69140519.0,69156109.0,69173051.0,69190183.0,69206000.0,69220584.0,69235353.0,69250226.0,69264721.0,69279319.0,69295374.0,69309969.0,69324066.0,69338470.0,69353022.0,69366891.0,69381262.0,69396083.0,69410738.0,69424203.0,69437347.0,69450552.0,69464777.0,69478839.0,69493627.0,69507655.0,69520106.0,69533027.0,69546182
vLJOkMoq_Q0,124157.0,124208.0,124271.0,124322.0,124393.0,124469.0,124535.0,124594.0,124666.0,124725.0,124784.0,124840.0,124892.0,124962.0,125021.0,125072.0,125123.0,125159.0,125219.0,125275.0,125336.0,125418.0,125473.0,125539.0,125595.0,125649.0,125705.0,125765.0,125837.0,125906.0,125951.0,126005.0,126059.0,126110.0,126170.0,126235.0,126300.0,126391.0,126446.0,126497.0,126577.0,126627.0,126685.0,126749.0,126796.0,126862.0,126947.0,127003.0,127058.0,127129.0,127195.0,127258.0,127311.0,127372.0,127423.0,127480.0,127556.0,127613.0,127676.0,127725.0,127782.0,127848.0,127901.0,127958.0,128011.0,128074.0,128117.0,128185.0,128222.0,128284.0,128355.0,128425.0,128468.0,128523.0,128579.0,128636.0,128710.0,128758.0,128820.0,128896.0,128973.0,129028.0,129109.0,129181.0,129245.0,129314.0,129376.0,129435.0,129508.0,129583.0,129634.0,129695.0,129753.0,129811.0,129879.0,129945.0,130006.0,130077.0,130133.0,130200.0,130270.0,130343.0,130401.0,130474.0,130542.0,130596.0,130670.0,130711.0,130779.0,130832.0,130870.0,130937.0,130993.0,131036.0,131088.0,131139.0,131198.0,131267.0,131325.0,131379.0,131447.0,131503.0,131562.0,131609.0,131677.0,131738.0,131792.0,131857.0,131922.0,131975.0,132023.0,132079.0,132124.0,132181.0,,,,,,,,,132697.0,132785.0,132903.0,133019.0,133069.0,133119.0,133171.0,133214.0,133274.0,133323.0,133376.0,133418.0,133483.0,133534.0,133585.0,133654.0,133713.0,133753.0,133824.0,133871.0,133967.0,134065.0,134126.0,134196.0,134254.0,134328.0,134421.0,134506.0,134582.0,134646.0,134715.0,134799.0,134863.0,134933.0,135011.0,135082.0,135165.0,135214.0,135270.0,135308.0,135376.0,135496.0,135618.0,135759.0,135850.0,135962.0,136110.0,136231.0,136380.0,136475.0,136585.0,136667.0,136773.0,136892.0,136978.0,137045.0,137241.0,137463.0,137732.0,138037.0,138257.0,138472.0,138673.0,138851.0,139038.0,139253.0,139431.0,139649.0,139780.0,139986.0,140323.0,140635.0,140933.0,141267.0,141746.0,142292.0,142872.0,143220.0,143564.0,143997.0,144361.0,144665.0,144980.0,145393.0,145718.0,145991.0,146336.0,146715.0,147107.0,147554.0,147855.0,148048.0,148226.0,148516.0,148835.0,149175.0,149522.0,149759.0,149990.0,150227.0,150521.0,150795.0,151021.0,151250.0,151480.0,151702.0,151862.0,152051.0,152253.0,152467.0,152682.0,152856.0,153052.0,153238.0,153372.0,153518.0,153695.0,153914.0,154093.0,154251.0,154378.0,,154662.0,154813.0,155016.0,155142.0,155262.0,155357.0,155470.0,155610.0,155719.0,155875.0,155980.0,156080.0,156155.0,156266.0,156350.0,156479.0,156586.0,156725.0,156820.0,156914.0,157030.0,157139.0,157244.0,157356.0,157483.0,157583.0,157685.0,157782.0,157903.0,158053.0,158194.0,158302.0,158406.0,158481.0,158554.0,158643.0,158733.0,158820.0,158910.0,159002.0,159081.0,159196.0,159303.0,159392.0,159475.0,159619.0,159810.0,159981.0,160216.0,160509.0,160774.0,160968.0,161105.0,161290.0,161434.0,161561.0,161813.0,162028.0,162267.0,162455.0,162689.0,162854.0,163060.0,163335.0,163843.0,164356.0,164813.0,165295.0,165735.0,166143.0,166621.0,167171.0,167721.0,168416.0,169000.0,169438.0,170091.0,171043.0,172125.0,173055.0,173994.0,174837.0,175431.0,175869.0,176295.0,176747.0,177112.0,177573.0,178077.0,178435.0,178814.0,179321.0,179835.0,180442.0,180923.0,181334.0,181690.0,182089.0,182404.0,182703.0,183005.0,183333.0,183675.0,183943.0,184159.0,184500.0,184823.0,185181.0,185442.0,185778.0,185988.0,186302.0,186634.0,186866
M07D_x7Fr7Q,73450.0,73476.0,73496.0,73515.0,73547.0,73582.0,73607.0,73633.0,73659.0,73687.0,73708.0,73732.0,73753.0,73776.0,73796.0,73824.0,73858.0,73881.0,73898.0,73927.0,73958.0,73982.0,74017.0,74057.0,74081.0,74106.0,74132.0,74158.0,74190.0,74226.0,74249.0,74269.0,74303.0,74322.0,74345.0,74374.0,74398.0,74437.0,74473.0,74506.0,74530.0,74556.0,74571.0,74601.0,74625.0,74654.0,74682.0,74710.0,74745.0,74765.0,74808.0,74843.0,74878.0,74903.0,74941.0,74972.0,75019.0,75057.0,75085.0,75117.0,75144.0,75172.0,75210.0,75241.0,75259.0,75293.0,75322.0,75357.0,75379.0,75410.0,75441.0,75468.0,75500.0,75530.0,75549.0,75567.0,75592.0,75618.0,75651.0,75685.0,75715.0,75753.0,75779.0,75805.0,75833.0,75849.0,75877.0,75894.0,75913.0,75934.0,75970.0,75994.0,76014.0,76045.0,76067.0,76091.0,76116.0,76149.0,76166.0,76184.0,76209.0,76240.0,76254.0,76288.0,76312.0,76340.0,76360.0,76386.0,76407.0,76442.0,76479.0,76505.0,76533.0,76567.0,76588.0,76612.0,76637.0,76666.0,76695.0,76712.0,76740.0,76766.0,76786.0,76816.0,76848.0,76875.0,76898.0,76924.0,76959.0,76994.0,77030.0,77058.0,77086.0,77120.0,,,,,,,,,77405.0,77433.0,77456.0,77488.0,77525.0,77558.0,77598.0,77625.0,77656.0,77692.0,77724.0,77759.0,77793.0,77825.0,77852.0,77890.0,77936.0,77976.0,78010.0,78044.0,78088.0,78119.0,78154.0,78186.0,78224.0,78270.0,78298.0,78321.0,78376.0,78406.0,78428.0,78465.0,78501.0,78536.0,78566.0,78601.0,78652.0,78692.0,78723.0,78749.0,78780.0,78828.0,78854.0,78900.0,78936.0,78972.0,78990.0,79014.0,79043.0,79075.0,79104.0,79126.0,79145.0,79176.0,79205.0,79234.0,79264.0,79299.0,79337.0,79376.0,79402.0,79438.0,79462.0,79487.0,79516.0,79541.0,79572.0,79593.0,79613.0,79635.0,79656.0,79693.0,79719.0,79749.0,79767.0,79793.0,79827.0,79858.0,79886.0,79935.0,79958.0,79984.0,80005.0,80038.0,80074.0,80105.0,80135.0,80157.0,80183.0,80211.0,80243.0,80268.0,80287.0,80318.0,80354.0,80384.0,80408.0,80428.0,80452.0,80475.0,80507.0,80546.0,80581.0,80609.0,80637.0,80673.0,80701.0,80735.0,80766.0,80794.0,80817.0,80837.0,80868.0,80894.0,80916.0,80935.0,80955.0,80982.0,81018.0,81036.0,81064.0,,81130.0,81161.0,81193.0,81224.0,81262.0,81286.0,81312.0,81332.0,81357.0,81389.0,81406.0,81434.0,81456.0,81484.0,81508.0,81532.0,81556.0,81586.0,81617.0,81636.0,81674.0,81710.0,81736.0,81775.0,81809.0,81838.0,81861.0,81884.0,81910.0,81936.0,81963.0,81982.0,82005.0,82044.0,82073.0,82097.0,82136.0,82160.0,82207.0,82246.0,82277.0,82297.0,82321.0,82350.0,82378.0,82409.0,82433.0,82467.0,82492.0,82530.0,82560.0,82588.0,82614.0,82646.0,82676.0,82706.0,82726.0,82757.0,82788.0,82810.0,82833.0,82861.0,82885.0,82913.0,82943.0,82967.0,83001.0,83024.0,83049.0,83077.0,83099.0,83119.0,83134.0,83162.0,83185.0,83209.0,83234.0,83278.0,83315.0,83333.0,83357.0,83378.0,83404.0,83424.0,83457.0,83480.0,83503.0,83537.0,83570.0,83584.0,83613.0,83631.0,83652.0,83678.0,83701.0,83729.0,83751.0,83774.0,83807.0,83822.0,83853.0,83881.0,83906.0,83923.0,83939.0,83961.0,83985.0,84005.0,84030.0,84054.0,84077.0,84103.0,84130.0,84151
OzmnjIca8LU,3939647.0,3941018.0,3942394.0,3943866.0,3945228.0,3946524.0,3947853.0,3949364.0,3950969.0,3952378.0,3953767.0,3955203.0,3956580.0,3958004.0,3959637.0,3961027.0,3962627.0,3964226.0,3965573.0,3966874.0,3968288.0,3969532.0,3970720.0,3972105.0,3973440.0,3974502.0,3975552.0,3976627.0,3977740.0,3978948.0,3980323.0,3981946.0,3983340.0,3984653.0,3985962.0,3987279.0,3989803.0,3991962.0,3994189.0,3995796.0,3997196.0,3998481.0,3999896.0,4001194.0,4002237.0,4003264.0,4004116.0,4005084.0,4006065.0,4007049.0,4008038.0,4009322.0,4010386.0,4011361.0,4012510.0,4013982.0,4015257.0,4016524.0,4018029.0,4019680.0,4021000.0,4022218.0,4023453.0,4024725.0,4025875.0,4026916.0,4027909.0,4029032.0,4030098.0,4031350.0,4032349.0,4033350.0,4034334.0,4035284.0,4036337.0,4037358.0,4038725.0,4040092.0,4041229.0,4042614.0,4043754.0,4044943.0,4046146.0,4047558.0,4048776.0,4049988.0,4051091.0,4052203.0,4053291.0,4054353.0,4055513.0,4056570.0,4057666.0,4058766.0,4059855.0,4060774.0,4061652.0,4062665.0,4063688.0,4064754.0,4065826.0,4066814.0,4067686.0,4068585.0,4069795.0,4070881.0,4071899.0,4073009.0,4074183.0,4075214.0,4076190.0,4077204.0,4078250.0,4079273.0,4080376.0,4081574.0,4082610.0,4083605.0,4084712.0,4085850.0,4086903.0,4088017.0,4089081.0,4090084.0,4091192.0,4092402.0,4093516.0,4094675.0,4095851.0,4096885.0,4098029.0,4099006.0,4099983.0,4100997.0,,,,,,,,,4108791.0,4109605.0,4110338.0,4111089.0,4111969.0,4112810.0,4113552.0,4114365.0,4115342.0,4116282.0,4117146.0,4117946.0,4118798.0,4119572.0,4120620.0,4121602.0,4122464.0,4123333.0,4124340.0,4125092.0,4125935.0,4126864.0,4127859.0,4128750.0,4129521.0,4130417.0,4131321.0,4132143.0,4133120.0,4134075.0,4134978.0,4135850.0,4137024.0,4138048.0,4139082.0,4140226.0,4141415.0,4142604.0,4143718.0,4144961.0,4146152.0,4147302.0,4148611.0,4149864.0,4151109.0,4152412.0,4153791.0,4155152.0,4156454.0,4157861.0,4159257.0,4160399.0,4161482.0,4162717.0,4163936.0,4165378.0,4166664.0,4167865.0,4169290.0,4170911.0,4172981.0,4175263.0,4176923.0,4178311.0,4179521.0,4180732.0,4181864.0,4183291.0,4184246.0,4185245.0,4186214.0,4187276.0,4188323.0,4189260.0,4190276.0,4191453.0,4192553.0,4193609.0,4194640.0,4195617.0,4196504.0,4197253.0,4198233.0,4199289.0,4200350.0,4201489.0,4202375.0,4203296.0,4204266.0,4205472.0,4206418.0,4207550.0,4208503.0,4209450.0,4210101.0,4210850.0,4211609.0,4212293.0,4213100.0,4213874.0,4214539.0,4215115.0,4215814.0,4216383.0,4216974.0,4217761.0,4218431.0,4219131.0,4219834.0,4220538.0,4221097.0,4221715.0,4222350.0,4223016.0,4223592.0,4224244.0,4224809.0,4225358.0,4226178.0,4226848.0,4227549.0,,4228738.0,4229339.0,4230030.0,4230686.0,4231392.0,4232205.0,4232919.0,4233588.0,4234279.0,4234992.0,4235817.0,4236788.0,4237601.0,4238144.0,4238848.0,4239468.0,4240085.0,4240628.0,4241347.0,4242024.0,4242843.0,4243510.0,4244441.0,4245220.0,4246127.0,4247064.0,4247820.0,4248609.0,4249534.0,4250473.0,4251359.0,4252074.0,4252990.0,4253665.0,4254321.0,4255070.0,4255708.0,4256287.0,4256845.0,4257472.0,4258061.0,4258604.0,4259107.0,4259755.0,4260352.0,4261013.0,4261693.0,4262361.0,4262872.0,4263469.0,4264065.0,4264574.0,4265055.0,4265652.0,4266204.0,4266770.0,4267299.0,4267830.0,4268416.0,4269020.0,4269680.0,4270420.0,4271066.0,4271959.0,4272898.0,4273686.0,4274427.0,4275119.0,4275838.0,4276634.0,4277543.0,4278488.0,4279364.0,4280210.0,4281024.0,4281715.0,4282640.0,4283511.0,4284357.0,4285203.0,4286072.0,4286905.0,4287642.0,4288261.0,4288982.0,4289579.0,4290224.0,4290947.0,4291631.0,4292267.0,4292870.0,4293511.0,4294187.0,4294876.0,4295533.0,4296119.0,4296800.0,4297390.0,4297964.0,4298642.0,4299275.0,4299930.0,4300594.0,4301209.0,4301873.0,4302491.0,4303240.0,4303846.0,4304425.0,4305078.0,4305705.0,4306248.0,4306899.0,4307467
0u50XFKHJKY,35147951.0,35159670.0,35173588.0,35187604.0,35201434.0,35213956.0,35226765.0,35239338.0,35252723.0,35267112.0,35282187.0,35295329.0,35308428.0,35322078.0,35336577.0,35350694.0,35365586.0,35380832.0,35395355.0,35409369.0,35425695.0,35443999.0,35464808.0,35482966.0,35501790.0,35520243.0,35537732.0,35554681.0,35571682.0,35588233.0,35604640.0,35621240.0,35635714.0,35649558.0,35664312.0,35679875.0,35695562.0,35711576.0,35727129.0,35742691.0,35757857.0,35772193.0,35787363.0,35802987.0,35819924.0,35836598.0,35854307.0,35874932.0,35892543.0,35910752.0,35927008.0,35945786.0,35963632.0,35982582.0,36001941.0,36021065.0,36038106.0,36053663.0,36068934.0,36084364.0,36099813.0,36114839.0,36129208.0,36144752.0,36160965.0,36175518.0,36190071.0,36203471.0,36216509.0,36232108.0,36246690.0,36262289.0,36279006.0,36295268.0,36310581.0,36324644.0,36338837.0,36352857.0,36366483.0,36380912.0,36396442.0,36411249.0,36425292.0,36439595.0,36453380.0,36467316.0,36482520.0,36497133.0,36510864.0,36523821.0,36536329.0,36548392.0,36561330.0,36574893.0,36589263.0,36601191.0,36612145.0,36623461.0,36636071.0,36649044.0,36664021.0,36679848.0,36693765.0,36706580.0,36720132.0,36733418.0,36746679.0,36760896.0,36776127.0,36789364.0,36801834.0,36815583.0,36828348.0,36841355.0,36855655.0,36871264.0,36884873.0,36897686.0,36910597.0,36923465.0,36936357.0,36949728.0,36964349.0,36977165.0,36989696.0,37002702.0,37015122.0,37026724.0,37040175.0,37054751.0,37067704.0,37080322.0,37093209.0,37104952.0,,,,,,,,,37233916.0,37249900.0,37264153.0,37277512.0,37290044.0,37302258.0,37313893.0,37326595.0,37340558.0,37352493.0,37363574.0,37374238.0,37385980.0,37398055.0,37412382.0,37426411.0,37438960.0,37451271.0,37464164.0,37476652.0,37489527.0,37503400.0,37518586.0,37531523.0,37543187.0,37555123.0,37567178.0,37579456.0,37593114.0,37607060.0,37620084.0,37632629.0,37645374.0,37657463.0,37669924.0,37683525.0,37697296.0,37708722.0,37719732.0,37731001.0,37742622.0,37753760.0,37765755.0,37779490.0,37791280.0,37801838.0,37812287.0,37823255.0,37834107.0,37846575.0,37858843.0,37869842.0,37880758.0,37891637.0,37903086.0,37915103.0,37927791.0,37941034.0,37953636.0,37966863.0,37979368.0,37991923.0,38002447.0,38014654.0,38027577.0,38040146.0,38053038.0,38065819.0,38078290.0,38089473.0,38102268.0,38114855.0,38126330.0,38138320.0,38150925.0,38163237.0,38175240.0,38190024.0,38208229.0,38223725.0,38240296.0,38256074.0,38272059.0,38287667.0,38305343.0,38323479.0,38337673.0,38351083.0,38363313.0,38375759.0,38387659.0,38401100.0,38415278.0,38428214.0,38441057.0,38453711.0,38465708.0,38479199.0,38495960.0,38512175.0,38525542.0,38537977.0,38551076.0,38564925.0,38578441.0,38592707.0,38607616.0,38620991.0,38633489.0,38646598.0,38659964.0,38674014.0,38690327.0,38707337.0,38722274.0,38736299.0,38749066.0,38761749.0,38774403.0,38788048.0,38801471.0,,38825937.0,38837147.0,38848183.0,38859905.0,38873767.0,38888657.0,38901923.0,38914522.0,38927438.0,38940718.0,38953597.0,38970247.0,38989033.0,39005161.0,39017468.0,39029136.0,39042559.0,39057381.0,39076341.0,39095215.0,39112254.0,39128528.0,39144100.0,39161186.0,39178378.0,39197552.0,39217390.0,39234677.0,39252179.0,39270864.0,39290850.0,39312527.0,39337844.0,39361018.0,39380955.0,39399862.0,39419546.0,39438120.0,39459382.0,39486273.0,39517736.0,39551109.0,39591993.0,39646465.0,39698468.0,39756066.0,39817000.0,39867857.0,39910038.0,39946191.0,39973331.0,39999780.0,40026902.0,40054396.0,40085241.0,40115017.0,40139115.0,40163348.0,40185375.0,40209782.0,40239177.0,40277421.0,40305047.0,40333585.0,40365807.0,40398185.0,40427211.0,40451943.0,40477348.0,40498730.0,40516823.0,40534500.0,40553333.0,40573691.0,40598419.0,40625812.0,40650687.0,40673777.0,40696921.0,40721483.0,40746931.0,40777077.0,40804884.0,40829864.0,40854018.0,40882089.0,40911236.0,40942875.0,40988826.0,41058167.0,41087573.0,41119130.0,41165017.0,41204701.0,41236926.0,41267787.0,41297524.0,41325689.0,41353584.0,41383584.0,41416484.0,41453364.0,41502438.0,41550895.0,41590010.0,41624650.0,41662776.0,41698948.0,41734809.0,41772514.0,41808884.0,41841631.0,41871075.0,41904044
2-hnCCCFEM8,1180697.0,1180784.0,1180898.0,1181002.0,1181091.0,1181162.0,1181254.0,1181349.0,1181446.0,1181568.0,1181679.0,1181794.0,1181876.0,1181954.0,1182040.0,1182156.0,1182278.0,1182359.0,1182430.0,1182502.0,1182587.0,1182686.0,1182763.0,1182871.0,1182984.0,1183059.0,1183138.0,1183198.0,1183289.0,1183376.0,1183432.0,1183513.0,1183596.0,1183659.0,1183745.0,1183796.0,1183883.0,1184049.0,1184164.0,1184274.0,1184341.0,1184413.0,1184492.0,1184584.0,1184686.0,1184767.0,1184875.0,1184973.0,1185089.0,1185191.0,1185299.0,1185389.0,1185478.0,1185564.0,1185661.0,1185752.0,1185843.0,1185952.0,1186051.0,1186116.0,1186203.0,1186279.0,1186360.0,1186481.0,1186553.0,1186639.0,1186751.0,1186850.0,1186921.0,1187020.0,1187105.0,1187208.0,1187294.0,1187414.0,1187519.0,1187590.0,1187653.0,1187721.0,1187805.0,1187879.0,1187970.0,1188045.0,1188104.0,1188205.0,1188309.0,1188380.0,1188461.0,1188538.0,1188626.0,1188694.0,1188781.0,1188847.0,1188926.0,1189022.0,1189120.0,1189203.0,1189275.0,1189337.0,1189403.0,1189490.0,1189552.0,1189658.0,1189733.0,1189802.0,1189870.0,1189926.0,1190001.0,1190090.0,1190174.0,1190239.0,1190323.0,1190416.0,1190498.0,1190566.0,1190639.0,1190724.0,1190777.0,1190829.0,1190909.0,1190958.0,1191037.0,1191113.0,1191194.0,1191278.0,1191362.0,1191420.0,1191476.0,1191546.0,1191607.0,1191664.0,1191730.0,1191780.0,1191842.0,1191875.0,,,,,,,,,1192373.0,1192445.0,1192496.0,1192553.0,1192653.0,1192708.0,1192797.0,1192858.0,1192967.0,1193046.0,1193111.0,1193152.0,1193217.0,1193277.0,1193352.0,1193441.0,1193515.0,1193561.0,1193642.0,1193714.0,1193767.0,1193836.0,1193918.0,1193990.0,1194041.0,1194106.0,1194173.0,1194236.0,1194300.0,1194382.0,1194482.0,1194539.0,1194632.0,1194691.0,1194775.0,1194853.0,1194965.0,1195018.0,1195106.0,1195194.0,1195274.0,1195352.0,1195438.0,1195508.0,1195559.0,1195652.0,1195728.0,1195874.0,1195937.0,1196001.0,1196050.0,1196122.0,1196203.0,1196289.0,1196366.0,1196466.0,1196523.0,1196613.0,1196689.0,1196765.0,1196837.0,1196909.0,1197003.0,1197072.0,1197159.0,1197239.0,1197332.0,1197430.0,1197538.0,1197644.0,1197711.0,1197782.0,1197866.0,1197936.0,1198023.0,1198165.0,1198285.0,1198414.0,1198580.0,1198691.0,1198821.0,1198886.0,1198960.0,1199024.0,1199093.0,1199155.0,1199209.0,1199264.0,1199330.0,1199391.0,1199455.0,1199511.0,1199566.0,1199616.0,1199654.0,1199680.0,1199736.0,1199792.0,1199853.0,1199907.0,1199971.0,1200029.0,1200083.0,1200156.0,1200208.0,1200248.0,1200295.0,1200337.0,1200390.0,1200429.0,1200484.0,1200532.0,1200586.0,1200629.0,1200681.0,1200718.0,1200775.0,1200843.0,1200914.0,1200989.0,1201030.0,,1201136.0,1201176.0,1201228.0,1201272.0,1201328.0,1201371.0,1201430.0,1201475.0,1201509.0,1201552.0,1201583.0,1201627.0,1201664.0,1201709.0,1201740.0,1201788.0,1201827.0,1201861.0,1201913.0,1201954.0,1201991.0,1202049.0,1202096.0,1202151.0,1202198.0,1202256.0,1202300.0,1202335.0,1202370.0,1202399.0,1202433.0,1202490.0,1202528.0,1202577.0,1202601.0,1202630.0,1202668.0,1202705.0,1202749.0,1202802.0,1202849.0,1202894.0,1202931.0,1202974.0,1203003.0,1203044.0,1203110.0,1203190.0,1203229.0,1203271.0,1203309.0,1203347.0,1203408.0,1203446.0,1203495.0,1203547.0,1203590.0,1203629.0,1203674.0,1203709.0,1203750.0,1203792.0,1203831.0,1203861.0,1203906.0,1203944.0,1203972.0,1204013.0,1204054.0,1204085.0,1204130.0,1204174.0,1204200.0,1204220.0,1204247.0,1204277.0,1204312.0,1204342.0,1204371.0,1204396.0,1204441.0,1204472.0,1204505.0,1204539.0,1204571.0,1204596.0,1204641.0,1204677.0,1204723.0,1204776.0,1204832.0,1204862.0,1204902.0,1204939.0,1204974.0,1205015.0,1205053.0,1205083.0,1205112.0,1205151.0,1205188.0,1205210.0,1205247.0,1205283.0,1205316.0,1205347.0,1205375.0,1205409.0,1205451.0,1205492.0,1205511.0,1205543.0,1205571.0,1205604
frooLFFYVbI,4307810.0,4308237.0,4308749.0,4309227.0,4309731.0,4310210.0,4310684.0,4311172.0,4311741.0,4312283.0,4312909.0,4313396.0,4313977.0,4314533.0,4315128.0,4315641.0,4316191.0,4316746.0,4317266.0,4317766.0,4318316.0,4318913.0,4319563.0,4320228.0,4321164.0,4321899.0,4322631.0,4323260.0,4323870.0,4324384.0,4324912.0,4325423.0,4325912.0,4326392.0,4326887.0,4327362.0,4327791.0,4328278.0,4328795.0,4329341.0,4329787.0,4330221.0,4330701.0,4331156.0,4331750.0,4332433.0,4333040.0,4333642.0,4334206.0,4334682.0,4335150.0,4335615.0,4336029.0,4336413.0,4336866.0,4337269.0,4337639.0,4338022.0,4338378.0,4338780.0,4339167.0,4339584.0,4339960.0,4340305.0,4340713.0,4341104.0,4341456.0,4341822.0,4342114.0,4342581.0,4342919.0,4343305.0,4343689.0,4344103.0,4344491.0,4344905.0,4345294.0,4345683.0,4346055.0,4346407.0,4346848.0,4347261.0,4347617.0,4348013.0,4348425.0,4348866.0,4349327.0,4349759.0,4350144.0,4350530.0,4350913.0,4351282.0,4351662.0,4352122.0,4352568.0,4352971.0,4353269.0,4353572.0,4353977.0,4354312.0,4354709.0,4355112.0,4355534.0,4355874.0,4356227.0,4356559.0,4356957.0,4357363.0,4357793.0,4358189.0,4358555.0,4358999.0,4359352.0,4359702.0,4360098.0,4360536.0,4360908.0,4361315.0,4361697.0,4362057.0,4362413.0,4362745.0,4363125.0,4363449.0,4363794.0,4364183.0,4364479.0,4364866.0,4365247.0,4365541.0,4365949.0,4366279.0,4366655.0,4366974.0,,,,,,,,,4370508.0,4370941.0,4371253.0,4371605.0,4371983.0,4372317.0,4372608.0,4372927.0,4373263.0,4373604.0,4373877.0,4374208.0,4374481.0,4374849.0,4375162.0,4375435.0,4375764.0,4376312.0,4376603.0,4376849.0,4377184.0,4377552.0,4377873.0,4378317.0,4378626.0,4378951.0,4379287.0,4379585.0,4379975.0,4380317.0,4380671.0,4381017.0,4381393.0,4381731.0,4382027.0,4382321.0,4382627.0,4382899.0,4383224.0,4383547.0,4383866.0,4384115.0,4384431.0,4384740.0,4385154.0,4385448.0,4385788.0,4386098.0,4386428.0,4386724.0,4387130.0,4387444.0,4387752.0,4388066.0,4388392.0,4388765.0,4389108.0,4389466.0,4389796.0,4390154.0,4390458.0,4390741.0,4391045.0,4391423.0,4391894.0,4392290.0,4392670.0,4393020.0,4393312.0,4393629.0,4393990.0,4394374.0,4394765.0,4395152.0,4395555.0,4396076.0,4396557.0,4397122.0,4397569.0,4398043.0,4398422.0,4398749.0,4399117.0,4399550.0,4400012.0,4400376.0,4400815.0,4401211.0,4401613.0,4402062.0,4402521.0,4402984.0,4403492.0,4403904.0,4404412.0,4404846.0,4405316.0,4405731.0,4406166.0,4406587.0,4406972.0,4407328.0,4407762.0,4408119.0,4408508.0,4408873.0,4409282.0,4409796.0,4410252.0,4410691.0,4411032.0,4411527.0,4411999.0,4412418.0,4412850.0,4413278.0,4413691.0,4414163.0,4414601.0,4415032.0,4415438.0,,4416240.0,4416667.0,4417047.0,4417411.0,4417837.0,4418235.0,4418640.0,4419013.0,4419393.0,4419851.0,4420278.0,4420728.0,4421144.0,4421520.0,4421932.0,4422318.0,4422712.0,4423068.0,4423519.0,4423925.0,4424312.0,4424742.0,4425212.0,4425651.0,4426127.0,4426531.0,4426849.0,4427207.0,4427571.0,4427953.0,4428347.0,4428681.0,4429115.0,4429434.0,4429824.0,4430134.0,4430489.0,4430826.0,4431161.0,4431585.0,4431963.0,4432320.0,4432609.0,4432980.0,4433356.0,4433720.0,4434067.0,4434537.0,4434947.0,4435335.0,4435664.0,4436062.0,4436371.0,4436658.0,4436964.0,4437258.0,4437532.0,4437842.0,4438138.0,4438356.0,4438683.0,4439000.0,4439306.0,4439558.0,4439852.0,4440141.0,4440422.0,4440714.0,4441037.0,4441339.0,4441591.0,4441828.0,4442089.0,4442338.0,4442619.0,4442911.0,4443233.0,4443559.0,4443890.0,4444214.0,4444538.0,4444896.0,4445262.0,4445624.0,4445961.0,4446324.0,4446682.0,4447018.0,4447397.0,4447826.0,4448213.0,4448553.0,4448942.0,4449330.0,4449637.0,4450041.0,4450449.0,4450813.0,4451160.0,4451464.0,4451858.0,4452196.0,4452541.0,4452898.0,4453177.0,4453522.0,4453866.0,4454168.0,4454481.0,4454806.0,4455092.0,4455399.0,4455666.0,4456023
xpoHEtW6vCI,120836.0,120854.0,120864.0,120891.0,120907.0,120921.0,120934.0,120954.0,120966.0,120988.0,121016.0,121035.0,121054.0,121070.0,121092.0,121108.0,121129.0,121155.0,121176.0,121191.0,121202.0,121222.0,121238.0,121251.0,121262.0,121277.0,121299.0,121311.0,121330.0,121344.0,121361.0,121385.0,121401.0,121415.0,121427.0,121444.0,121456.0,121468.0,121484.0,121491.0,121504.0,121512.0,121534.0,121543.0,121557.0,121575.0,121599.0,121619.0,121638.0,121661.0,121679.0,121692.0,121715.0,121730.0,121742.0,121769.0,121793.0,121807.0,121827.0,121839.0,121853.0,121872.0,121889.0,121915.0,121930.0,121948.0,121958.0,121975.0,121998.0,122023.0,122038.0,122054.0,122062.0,122084.0,122096.0,122112.0,122128.0,122145.0,122163.0,122197.0,122210.0,122236.0,122257.0,122253.0,122269.0,122284.0,122301.0,122317.0,122336.0,122352.0,122372.0,122388.0,122402.0,122418.0,122434.0,122445.0,122462.0,122476.0,122492.0,122509.0,122523.0,122540.0,122553.0,122571.0,122584.0,122601.0,122613.0,122624.0,122644.0,122652.0,122661.0,122674.0,122684.0,122699.0,122713.0,122728.0,122743.0,122756.0,122764.0,122777.0,122789.0,122806.0,122817.0,122834.0,122852.0,122869.0,122885.0,122904.0,122916.0,122924.0,122930.0,122948.0,122958.0,122971.0,,,,,,,,,123103.0,123114.0,123121.0,123132.0,123146.0,123163.0,123182.0,123195.0,123206.0,123221.0,123231.0,123244.0,123261.0,123273.0,123286.0,123297.0,123304.0,123314.0,123323.0,123332.0,123361.0,123375.0,123380.0,123389.0,123405.0,123413.0,123417.0,123425.0,123432.0,123441.0,123451.0,123457.0,123464.0,123477.0,123489.0,123500.0,123515.0,123521.0,123534.0,123547.0,123560.0,123575.0,123587.0,123598.0,123622.0,123634.0,123648.0,123660.0,123668.0,123676.0,123680.0,123690.0,123703.0,123713.0,123770.0,123782.0,123836.0,123840.0,123847.0,123854.0,123862.0,123866.0,123871.0,123879.0,123887.0,123898.0,123909.0,123965.0,123980.0,123987.0,124000.0,124012.0,124019.0,124029.0,124041.0,124050.0,124054.0,124059.0,124064.0,124074.0,124125.0,124136.0,124141.0,124155.0,124167.0,124174.0,124187.0,124198.0,124207.0,124216.0,124229.0,124239.0,124296.0,124315.0,124349.0,124355.0,124367.0,124372.0,124380.0,124386.0,124395.0,124404.0,124416.0,124422.0,124434.0,124446.0,124463.0,124479.0,124490.0,124503.0,124508.0,124521.0,124531.0,124554.0,124566.0,124582.0,124593.0,124603.0,124617.0,124626.0,124633.0,,124666.0,124677.0,124717.0,124758.0,124794.0,124810.0,124824.0,124838.0,124855.0,124868.0,124884.0,124901.0,124926.0,124944.0,124964.0,124977.0,124995.0,125014.0,125029.0,125040.0,125061.0,125074.0,125088.0,125100.0,125112.0,125121.0,125137.0,125156.0,125165.0,125175.0,125188.0,125194.0,125205.0,125219.0,125229.0,125249.0,125261.0,125265.0,125270.0,125285.0,125303.0,125322.0,125338.0,125348.0,125361.0,125377.0,125393.0,125407.0,125424.0,125441.0,125453.0,125463.0,125475.0,125485.0,125497.0,125523.0,125543.0,125557.0,125567.0,125578.0,125597.0,125615.0,125629.0,125643.0,125658.0,125670.0,125687.0,125694.0,125712.0,125728.0,125748.0,125769.0,125794.0,125805.0,125820.0,125842.0,125858.0,125871.0,125891.0,125905.0,125924.0,125935.0,125940.0,125946.0,125955.0,125961.0,125970.0,125979.0,125988.0,126003.0,126017.0,126025.0,126036.0,126044.0,126052.0,126059.0,126068.0,126081.0,126097.0,126102.0,126107.0,126120.0,126131.0,126144.0,126157.0,126163.0,126171.0,126185.0,126197.0,126209.0,126219.0,126228.0,126243.0,126256
C0EYKxF1oTI,64899921.0,64915823.0,64934003.0,64954775.0,64972946.0,64990611.0,65006044.0,65020773.0,65037603.0,65058431.0,65079366.0,65095862.0,65110513.0,65122964.0,65136121.0,65152239.0,65169070.0,65184157.0,65198050.0,65213152.0,65229992.0,65251911.0,65275250.0,65292891.0,65310214.0,65326109.0,65346726.0,65366572.0,65384749.0,65401991.0,65420519.0,65440344.0,65457580.0,65475513.0,65494046.0,65515587.0,65537757.0,65556912.0,65578692.0,65594374.0,65612762.0,65631564.0,65651914.0,65674248.0,65695760.0,65714617.0,65732234.0,65750628.0,65766446.0,65784759.0,65805219.0,65822244.0,65836870.0,65850496.0,65868519.0,65886169.0,65903923.0,65923670.0,65946951.0,65965429.0,65981088.0,65998214.0,66014970.0,66032025.0,66047389.0,66061163.0,66079982.0,66096428.0,66111219.0,66127580.0,66144274.0,66160140.0,66174260.0,66192780.0,66209339.0,66224385.0,66241680.0,66257532.0,66273615.0,66288804.0,66305921.0,66322822.0,66339636.0,66356581.0,66372002.0,66387093.0,66402543.0,66418086.0,66432755.0,66447856.0,66462839.0,66475712.0,66487874.0,66501188.0,66515402.0,66528883.0,66542849.0,66557161.0,66570771.0,66582978.0,66596063.0,66610021.0,66622299.0,66634613.0,66647358.0,66660628.0,66674197.0,66688237.0,66703703.0,66716103.0,66728085.0,66740395.0,66752553.0,66764902.0,66778301.0,66792889.0,66806711.0,66819795.0,66833286.0,66846031.0,66859441.0,66873323.0,66887089.0,66900730.0,66914519.0,66928042.0,66941805.0,66955746.0,66970893.0,66986136.0,66998653.0,67011684.0,67024950.0,67038036.0,,,,,,,,,67167969.0,67185486.0,67199551.0,67212401.0,67225027.0,67237451.0,67248844.0,67261764.0,67275959.0,67288987.0,67302026.0,67314743.0,67328207.0,67342515.0,67358086.0,67373636.0,67387891.0,67400948.0,67414866.0,67428179.0,67440299.0,67454241.0,67468278.0,67480465.0,67493030.0,67505281.0,67518320.0,67531752.0,67545069.0,67558688.0,67571572.0,67584837.0,67598019.0,67611123.0,67623330.0,67636114.0,67649293.0,67661127.0,67672892.0,67685334.0,67698220.0,67711243.0,67725221.0,67739186.0,67751574.0,67763625.0,67776326.0,67789077.0,67801904.0,67814767.0,67827166.0,67839166.0,67851407.0,67864150.0,67876828.0,67889642.0,67902857.0,67915664.0,67927533.0,67941040.0,67954830.0,67968812.0,67979170.0,67991311.0,68003324.0,68014894.0,68027937.0,68041678.0,68055935.0,68066148.0,68078778.0,68090783.0,68102375.0,68115077.0,68127988.0,68141107.0,68154538.0,68169052.0,68183435.0,68195869.0,68208599.0,68221317.0,68235204.0,68248956.0,68263035.0,68277082.0,68288895.0,68301256.0,68313415.0,68325624.0,68337698.0,68350359.0,68363588.0,68376315.0,68388567.0,68401161.0,68414129.0,68427349.0,68441542.0,68456007.0,68469067.0,68481652.0,68494494.0,68507395.0,68520218.0,68533264.0,68545967.0,68557841.0,68569736.0,68582034.0,68595004.0,68608187.0,68621886.0,68635909.0,68648556.0,68660825.0,68672045.0,68683597.0,68695522.0,68708316.0,68721207.0,,68744362.0,68756338.0,68769072.0,68781333.0,68794506.0,68807433.0,68819512.0,68830998.0,68842483.0,68854236.0,68866345.0,68878997.0,68892132.0,68903813.0,68915200.0,68926438.0,68938390.0,68951505.0,68966081.0,68980369.0,68992694.0,69004999.0,69016921.0,69028862.0,69042213.0,69054559.0,69066404.0,69077840.0,69088217.0,69100057.0,69111620.0,69123149.0,69134509.0,69145548.0,69156013.0,69166611.0,69177340.0,69189486.0,69200516.0,69211214.0,69222497.0,69232962.0,69243594.0,69255710.0,69266504.0,69277463.0,69289152.0,69300628.0,69311010.0,69322921.0,69333391.0,69343849.0,69354449.0,69365640.0,69376779.0,69387597.0,69398288.0,69409277.0,69420506.0,69433131.0,69446737.0,69460682.0,69472474.0,69483239.0,69493930.0,69504267.0,69514461.0,69524874.0,69535140.0,69544603.0,69554649.0,69565014.0,69574982.0,69586140.0,69597581.0,69609283.0,69620248.0,69631407.0,69641850.0,69652322.0,69662920.0,69673344.0,69684010.0,69694043.0,69704091.0,69714649.0,69725149.0,69736367.0,69748251.0,69760811.0,69772130.0,69782748.0,69793670.0,69804592.0,69815439.0,69827780.0,69839461.0,69850529.0,69861740.0,69872752.0,69883625.0,69895202.0,69906920.0,69918357.0,69929312.0,69939745.0,69950245.0,69961343.0,69971905.0,69982800.0,69993493.0,70003113.0,70012800.0,70022923
e42AhJzYpVE,109865319.0,109916319.0,109973358.0,110034038.0,110089868.0,110143520.0,110199043.0,110256343.0,110314756.0,110374017.0,110431239.0,110483763.0,110540395.0,110602693.0,110661640.0,110715074.0,110770353.0,110826301.0,110880934.0,110930950.0,110982783.0,111040534.0,111097556.0,111155158.0,111214549.0,111270216.0,111325593.0,111380555.0,111439094.0,111499353.0,111560309.0,111617345.0,111670340.0,111727004.0,111790042.0,111854623.0,111920752.0,111985367.0,112054453.0,112099887.0,112149940.0,112208746.0,112268076.0,112328395.0,112390446.0,112455776.0,112513097.0,112576713.0,112631020.0,112691077.0,112760922.0,112825516.0,112886257.0,112940341.0,113002400.0,113069609.0,113133347.0,113194847.0,113255458.0,113311591.0,113363049.0,113414583.0,113464539.0,113514980.0,113567733.0,113620186.0,113674273.0,113722305.0,113767540.0,113814801.0,113866324.0,113915385.0,113963778.0,114018213.0,114071926.0,114127724.0,114179771.0,114229164.0,114285156.0,114340104.0,114398510.0,114454330.0,114511698.0,114569598.0,114626271.0,114683525.0,114741492.0,114802719.0,114858553.0,114910111.0,114960543.0,115006767.0,115054448.0,115104529.0,115155869.0,115202891.0,115247641.0,115291820.0,115337872.0,115384877.0,115433923.0,115486049.0,115532054.0,115579754.0,115626580.0,115674294.0,115722037.0,115773152.0,115829622.0,115879565.0,115925294.0,115972108.0,116019927.0,116067883.0,116118785.0,116171128.0,116220734.0,116269571.0,116318893.0,116366798.0,116415989.0,116465087.0,116516240.0,116564420.0,116614936.0,116664855.0,116717111.0,116771196.0,116830091.0,116893144.0,116949341.0,117003895.0,117058490.0,117109727.0,,,,,,,,,117625037.0,117691585.0,117748074.0,117801755.0,117855161.0,117904063.0,117953040.0,118003464.0,118056340.0,118100591.0,118145608.0,118191255.0,118240252.0,118289204.0,118343058.0,118398076.0,118448043.0,118494959.0,118541974.0,118590182.0,118637113.0,118688776.0,118741800.0,118787071.0,118834196.0,118880059.0,118927985.0,118978603.0,119028924.0,119080219.0,119127290.0,119173534.0,119221199.0,119268683.0,119313190.0,119360044.0,119409715.0,119453159.0,119496483.0,119540425.0,119583571.0,119627970.0,119674245.0,119720634.0,119763325.0,119805575.0,119849635.0,119893546.0,119937942.0,119983242.0,120027643.0,120069566.0,120113378.0,120157588.0,120203897.0,120249838.0,120297244.0,120343445.0,120385652.0,120432618.0,120480952.0,120529197.0,120563947.0,120607330.0,120649405.0,120690887.0,120735591.0,120781947.0,120831017.0,120864988.0,120909017.0,120951650.0,120995847.0,121044128.0,121094539.0,121145831.0,121196448.0,121246837.0,121295506.0,121339855.0,121385237.0,121431384.0,121479753.0,121531150.0,121581883.0,121632164.0,121676155.0,121723456.0,121769363.0,121813930.0,121859835.0,121907408.0,121956513.0,122001407.0,122047729.0,122093743.0,122140200.0,122186599.0,122236232.0,122284630.0,122329129.0,122373232.0,122418670.0,122463798.0,122509548.0,122556612.0,122602444.0,122644712.0,122687442.0,122732772.0,122777972.0,122824728.0,122871769.0,122918731.0,122962383.0,123008951.0,123053840.0,123097591.0,123142789.0,123189691.0,123237440.0,,123322769.0,123366564.0,123412108.0,123457532.0,123505978.0,123555100.0,123599306.0,123642187.0,123684590.0,123728354.0,123769171.0,123813152.0,123858786.0,123898997.0,123938558.0,123981987.0,124025729.0,124069454.0,124116415.0,124163161.0,124205121.0,124246134.0,124287027.0,124330010.0,124376430.0,124424278.0,124469728.0,124511184.0,124551520.0,124593288.0,124634340.0,124674915.0,124717103.0,124758906.0,124796216.0,124834301.0,124871435.0,124912359.0,124953903.0,124993160.0,125033434.0,125070870.0,125109965.0,125155497.0,125197491.0,125238849.0,125281200.0,125322287.0,125357247.0,125391374.0,125426415.0,125462782.0,125498571.0,125534225.0,125571907.0,125605710.0,125638977.0,125672981.0,125707754.0,125743382.0,125779767.0,125818390.0,125853006.0,125885746.0,125918388.0,125950972.0,125984081.0,126021071.0,126057255.0,126090602.0,126124140.0,126157368.0,126190487.0,126224903.0,126262082.0,126299743.0,126332454.0,126366797.0,126400814.0,126435885.0,126470876.0,126506948.0,126543446.0,126577728.0,126611153.0,126645553.0,126680334.0,126717810.0,126757808.0,126800653.0,126838729.0,126874124.0,126910607.0,126946901.0,126983044.0,127023446.0,127063226.0,127098872.0,127133579.0,127169199.0,127204086.0,127242055.0,127279763.0,127316035.0,127349125.0,127380489.0,127412182.0,127446090.0,127479431.0,127514747.0,127550550.0,127581988.0,127612895.0,127644312
zZJcXSh0rqI,3683875.0,3686225.0,3688646.0,3690824.0,3693291.0,3695806.0,3698233.0,3700754.0,3703281.0,3705589.0,3707687.0,3709822.0,3712191.0,3714543.0,3716903.0,3719199.0,3721357.0,3723548.0,3725787.0,3728170.0,3730520.0,3733029.0,3735578.0,3738034.0,3740369.0,3742839.0,3745498.0,3748155.0,3750837.0,3753416.0,3755866.0,3758332.0,3760690.0,3763326.0,3765874.0,3768666.0,3771289.0,3773607.0,3775850.0,3778191.0,3780643.0,3783112.0,3785611.0,3788197.0,3790633.0,3793033.0,3795754.0,3798487.0,3800927.0,3803262.0,3805829.0,3808887.0,3811332.0,3813994.0,3816617.0,3819275.0,3821988.0,3824514.0,3827010.0,3829362.0,3831995.0,3834573.0,3837339.0,3839949.0,3842633.0,3845398.0,3847762.0,3850181.0,3852392.0,3855194.0,3857733.0,3860273.0,3862779.0,3865198.0,3867875.0,3870671.0,3873240.0,3875853.0,3878542.0,3881684.0,3884619.0,3887571.0,3890359.0,3893261.0,3896146.0,3898934.0,3901561.0,3904128.0,3906975.0,3909882.0,3912568.0,3915156.0,3917937.0,3920610.0,3923220.0,3925991.0,3928875.0,3931867.0,3934918.0,3938052.0,3941262.0,3944106.0,3946995.0,3949853.0,3952740.0,3955676.0,3958563.0,3961381.0,3964088.0,3966906.0,3969713.0,3972554.0,3975431.0,3978271.0,3980840.0,3983305.0,3985954.0,3988433.0,3991084.0,3993842.0,3996427.0,3998880.0,4001114.0,4003590.0,4006193.0,4008863.0,4011410.0,4014021.0,4016826.0,4019417.0,4022465.0,4025497.0,4028526.0,4031292.0,,,,,,,,,4053353.0,4055754.0,4058164.0,4060934.0,4063518.0,4066149.0,4068581.0,4070936.0,4073327.0,4075822.0,4078499.0,4081294.0,4084129.0,4086652.0,4088995.0,4091216.0,4093555.0,4096066.0,4098619.0,4101027.0,4103271.0,4105612.0,4108240.0,4110793.0,4113316.0,4115769.0,4118412.0,4120789.0,4123064.0,4125367.0,4127800.0,4130447.0,4132963.0,4135346.0,4137672.0,4139967.0,4142431.0,4145083.0,4147774.0,4150400.0,4153186.0,4156178.0,4159173.0,4162049.0,4165022.0,4168004.0,4170872.0,4173744.0,4176926.0,4179819.0,4182427.0,4185121.0,4188063.0,4190892.0,4193711.0,4196501.0,4199072.0,4201523.0,4204258.0,4207007.0,4209618.0,4211913.0,4214180.0,4216869.0,4219638.0,4222394.0,4225138.0,4227600.0,4229983.0,4232305.0,4234831.0,4237443.0,4240314.0,4243350.0,4246508.0,4249539.0,4252889.0,4255686.0,4258350.0,4261190.0,4264068.0,4266649.0,4269932.0,4272992.0,4275785.0,4278694.0,4281703.0,4284722.0,4288094.0,4291399.0,4294539.0,4297437.0,4300395.0,4304090.0,4307775.0,4311662.0,4315606.0,4319665.0,4323837.0,4327532.0,4331453.0,4335315.0,4339339.0,4342868.0,4346542.0,4349908.0,4353089.0,4356403.0,4359685.0,4363032.0,4366680.0,4370157.0,4373501.0,4376293.0,4379101.0,4381863.0,4384483.0,4387125.0,4389982.0,4392484.0,4394886.0,,4400460.0,4402976.0,4405806.0,4408590.0,4411248.0,4413698.0,4416264.0,4418967.0,4421596.0,4424303.0,4426815.0,4429203.0,4431426.0,4434001.0,4436575.0,4439221.0,4441959.0,4444689.0,4447222.0,4449611.0,4452188.0,4454817.0,4457316.0,4459939.0,4462563.0,4464686.0,4466899.0,4469033.0,4471323.0,4473626.0,4475860.0,4478132.0,4480231.0,4482267.0,4484318.0,4486488.0,4488707.0,4490884.0,4493120.0,4495437.0,4497733.0,4500056.0,4502399.0,4504706.0,4506987.0,4509460.0,4512070.0,4514675.0,4517693.0,4521258.0,4524786.0,4527912.0,4530816.0,4533712.0,4536559.0,4539127.0,4542122.0,4544857.0,4547669.0,4550718.0,4553681.0,4556261.0,4559017.0,4561916.0,4565104.0,4568590.0,4572466.0,4575949.0,4578778.0,4582053.0,4585638.0,4589421.0,4593468.0,4597620.0,4601427.0,4604835.0,4608252.0,4611699.0,4614624.0,4618028.0,4621531.0,4624351.0,4626946.0,4629709.0,4632480.0,4635034.0,4637654.0,4640347.0,4642772.0,4645315.0,4647934.0,4650647.0,4653324.0,4656001.0,4658558.0,4660844.0,4662951.0,4665141.0,4667434.0,4669707.0,4671880.0,4674337.0,4676528.0,4678733.0,4681214.0,4683772.0,4686372.0,4688913.0,4691440.0,4693814.0,4696102.0,4698528.0,4700822.0,4703067
sWds9L21z8Y,6003.0,6008.0,6020.0,6030.0,6034.0,6046.0,6057.0,6063.0,6083.0,6089.0,6099.0,6109.0,6112.0,6122.0,6131.0,6144.0,6155.0,6160.0,6172.0,6183.0,6194.0,6204.0,6214.0,6231.0,6243.0,6248.0,6258.0,6277.0,6286.0,6292.0,6299.0,6304.0,6319.0,6333.0,6342.0,6353.0,6363.0,6370.0,6376.0,6391.0,6406.0,6410.0,6417.0,6433.0,6447.0,6457.0,6470.0,6484.0,6494.0,6503.0,6516.0,6526.0,6531.0,6542.0,6550.0,6565.0,6575.0,6580.0,6604.0,6615.0,6631.0,6640.0,6652.0,6667.0,6681.0,6682.0,6691.0,6704.0,6713.0,6724.0,6733.0,6749.0,6763.0,6771.0,6776.0,6782.0,6790.0,6804.0,6813.0,6820.0,6827.0,6840.0,6853.0,6872.0,6880.0,6884.0,6888.0,6897.0,6909.0,6919.0,6935.0,6954.0,6963.0,6977.0,6987.0,6994.0,7004.0,7011.0,7019.0,7025.0,7033.0,7039.0,7050.0,7060.0,7068.0,7076.0,7084.0,7094.0,7096.0,7097.0,7107.0,7122.0,7128.0,7139.0,7145.0,7157.0,7162.0,7172.0,7178.0,7185.0,7195.0,7199.0,7207.0,7212.0,7224.0,7232.0,7237.0,7248.0,7257.0,7267.0,7275.0,7285.0,7295.0,7308.0,,,,,,,,,7375.0,7380.0,7388.0,7395.0,7411.0,7417.0,7434.0,7443.0,7457.0,7469.0,7480.0,7491.0,7502.0,7519.0,7533.0,7542.0,7555.0,7572.0,7586.0,7599.0,7610.0,7626.0,7635.0,7643.0,7659.0,7669.0,7687.0,7708.0,7718.0,7724.0,7733.0,7738.0,7743.0,7753.0,7757.0,7770.0,7782.0,7791.0,7800.0,7807.0,7812.0,7830.0,7841.0,7846.0,7852.0,7860.0,7876.0,7886.0,7895.0,7900.0,7906.0,7918.0,7927.0,7933.0,7946.0,7950.0,7962.0,7969.0,7976.0,7984.0,7990.0,8002.0,8009.0,8025.0,8030.0,8040.0,8049.0,8066.0,8073.0,8073.0,8073.0,8073.0,8073.0,8073.0,8073.0,8073.0,8073.0,8073.0,8073.0,8073.0,8073.0,8073.0,8073.0,8073.0,8073.0,8073.0,8073.0,8073.0,8073.0,8073.0,8073.0,8073.0,8073.0,8073.0,8073.0,8073.0,8073.0,8073.0,8073.0,8073.0,8073.0,8073.0,8073.0,8073.0,8073.0,8073.0,8073.0,8073.0,8073.0,8073.0,8073.0,8073.0,8073.0,8073.0,8073.0,8073.0,8073.0,8073.0,8073.0,8073.0,8073.0,,8073.0,8073.0,8073.0,8073.0,8073.0,8073.0,8073.0,8073.0,8073.0,8073.0,8073.0,8073.0,8073.0,8073.0,8073.0,8073.0,8073.0,8073.0,8073.0,8073.0,8073.0,8073.0,8073.0,8073.0,8073.0,8073.0,8073.0,8073.0,8073.0,8073.0,8073.0,8073.0,8073.0,8073.0,8073.0,8073.0,8073.0,8073.0,8073.0,8073.0,8073.0,8073.0,8073.0,8073.0,8073.0,8073.0,8073.0,8073.0,8073.0,8073.0,8073.0,8073.0,8073.0,8073.0,8073.0,8073.0,8073.0,8073.0,8073.0,8073.0,8073.0,8073.0,8073.0,8073.0,8073.0,8073.0,8073.0,8073.0,8073.0,8073.0,8073.0,8073.0,8073.0,8073.0,8073.0,8073.0,8073.0,8073.0,8073.0,8073.0,8073.0,8073.0,8073.0,8073.0,8073.0,8073.0,8073.0,8073.0,8073.0,8073.0,8073.0,8073.0,8073.0,8073.0,8073.0,8073.0,8073.0,8073.0,8073.0,8073.0,8073.0,8073.0,8073.0,8073.0,8073.0,8073.0,8073.0,8073.0,8073.0,8073.0,8073.0,8073.0,8073.0,8073
vipoKuVxMKA,4823.0,4825.0,4826.0,4826.0,4827.0,4828.0,4829.0,4831.0,4833.0,4836.0,4841.0,4845.0,4851.0,4854.0,4859.0,4861.0,4862.0,4862.0,4862.0,4865.0,4869.0,4872.0,4874.0,4876.0,4876.0,4876.0,4876.0,4876.0,4878.0,4879.0,4879.0,4879.0,4881.0,4881.0,4883.0,4884.0,4885.0,4888.0,4892.0,4892.0,4892.0,4892.0,4894.0,4894.0,4895.0,4896.0,4898.0,4899.0,4900.0,4904.0,4909.0,4915.0,4916.0,4921.0,4921.0,4925.0,4925.0,4926.0,4929.0,4929.0,4931.0,4932.0,4935.0,4935.0,4935.0,4936.0,4938.0,4939.0,4940.0,4941.0,4944.0,4946.0,4948.0,4949.0,4951.0,4954.0,4954.0,4955.0,4956.0,4957.0,4960.0,4963.0,4964.0,4965.0,4971.0,4973.0,4974.0,4974.0,4976.0,4981.0,4982.0,4982.0,4984.0,4985.0,4986.0,4988.0,4988.0,4988.0,4989.0,4990.0,4990.0,4991.0,4995.0,4997.0,4997.0,4999.0,5000.0,5000.0,5001.0,5003.0,5004.0,5005.0,5005.0,5008.0,5009.0,5013.0,5014.0,5018.0,5021.0,5022.0,5023.0,5024.0,5024.0,5025.0,5025.0,5026.0,5026.0,5027.0,5030.0,5030.0,5030.0,5030.0,5030.0,5031.0,,,,,,,,,5044.0,5044.0,5044.0,5047.0,5050.0,5050.0,5051.0,5051.0,5051.0,5051.0,5051.0,5052.0,5052.0,5053.0,5054.0,5054.0,5054.0,5055.0,5057.0,5059.0,5060.0,5061.0,5061.0,5061.0,5061.0,5061.0,5062.0,5063.0,5064.0,5068.0,5071.0,5073.0,5074.0,5076.0,5076.0,5076.0,5077.0,5077.0,5078.0,5078.0,5080.0,5078.0,5080.0,5080.0,5080.0,5080.0,5081.0,5081.0,5082.0,5083.0,5083.0,5084.0,5085.0,5085.0,5085.0,5085.0,5087.0,5089.0,5091.0,5093.0,5093.0,5093.0,5093.0,5094.0,5094.0,5094.0,5095.0,5098.0,5098.0,5098.0,5098.0,5098.0,5099.0,5100.0,5103.0,5105.0,5107.0,5109.0,5110.0,5110.0,5110.0,5110.0,5112.0,5112.0,5112.0,5113.0,5114.0,5117.0,5117.0,5117.0,5118.0,5119.0,5121.0,5122.0,5122.0,5122.0,5122.0,5122.0,5122.0,5122.0,5122.0,5122.0,5123.0,5123.0,5123.0,5125.0,5126.0,5128.0,5129.0,5129.0,5129.0,5129.0,5129.0,5129.0,5129.0,5130.0,5130.0,5132.0,5132.0,5132.0,5135.0,,5136.0,5136.0,5137.0,5137.0,5137.0,5137.0,5137.0,5137.0,5137.0,5137.0,5137.0,5137.0,5137.0,5137.0,5137.0,5137.0,5137.0,5137.0,5139.0,5139.0,5139.0,5139.0,5142.0,5142.0,5143.0,5143.0,5143.0,5143.0,5143.0,5144.0,5144.0,5145.0,5145.0,5147.0,5147.0,5149.0,5153.0,5154.0,5155.0,5158.0,5158.0,5159.0,5159.0,5159.0,5159.0,5159.0,5160.0,5160.0,5160.0,5161.0,5165.0,5169.0,5169.0,5170.0,5170.0,5171.0,5172.0,5174.0,5175.0,5176.0,5177.0,5177.0,5177.0,5177.0,5178.0,5178.0,5178.0,5178.0,5178.0,5179.0,5179.0,5179.0,5179.0,5179.0,5179.0,5179.0,5179.0,5180.0,5181.0,5182.0,5182.0,5185.0,5185.0,5186.0,5187.0,5189.0,5189.0,5190.0,5193.0,5197.0,5197.0,5198.0,5199.0,5199.0,5199.0,5201.0,5202.0,5202.0,5203.0,5204.0,5204.0,5206.0,5207.0,5207.0,5207.0,5209.0,5210.0,5211.0,5213.0,5214.0,5216.0,5218.0,5225.0,5230
YMLYhJ0GZpA,11054.0,11055.0,11055.0,11056.0,11057.0,11057.0,11059.0,11061.0,11062.0,11065.0,11070.0,11071.0,11071.0,11071.0,11076.0,11078.0,11079.0,11079.0,11081.0,11082.0,11087.0,11090.0,11090.0,11093.0,11094.0,11096.0,11100.0,11101.0,11102.0,11104.0,11106.0,11108.0,11112.0,11113.0,11115.0,11120.0,11120.0,11120.0,11122.0,11123.0,11129.0,11131.0,11133.0,11135.0,11135.0,11136.0,11138.0,11139.0,11141.0,11142.0,11144.0,11152.0,11154.0,11155.0,11168.0,11175.0,11175.0,11176.0,11177.0,11177.0,11182.0,11183.0,11186.0,11188.0,11189.0,11189.0,11190.0,11193.0,11193.0,11196.0,11199.0,11199.0,11199.0,11200.0,11200.0,11202.0,11202.0,11204.0,11204.0,11205.0,11209.0,11209.0,11209.0,11209.0,11211.0,11211.0,11211.0,11211.0,11212.0,11211.0,11212.0,11215.0,11216.0,11216.0,11217.0,11219.0,11219.0,11220.0,11222.0,11222.0,11222.0,11224.0,11226.0,11229.0,11230.0,11231.0,11232.0,11233.0,11233.0,11234.0,11235.0,11238.0,11238.0,11238.0,11239.0,11240.0,11240.0,11241.0,11244.0,11248.0,11248.0,11248.0,11249.0,11250.0,11250.0,11255.0,11258.0,11262.0,11266.0,11270.0,11270.0,11273.0,11274.0,11274.0,,,,,,,,,11294.0,11299.0,11301.0,11301.0,11302.0,11302.0,11303.0,11303.0,11304.0,11306.0,11310.0,11313.0,11317.0,11319.0,11321.0,11327.0,11327.0,11327.0,11327.0,11331.0,11332.0,11332.0,11332.0,11335.0,11338.0,11340.0,11340.0,11345.0,11351.0,11354.0,11355.0,11357.0,11359.0,11361.0,11363.0,11365.0,11367.0,11368.0,11368.0,11370.0,11374.0,11375.0,11377.0,11382.0,11383.0,11384.0,11387.0,11390.0,11390.0,11390.0,11392.0,11393.0,11394.0,11395.0,11395.0,11396.0,11399.0,11400.0,11401.0,11401.0,11404.0,11404.0,11404.0,11406.0,11406.0,11406.0,11409.0,11412.0,11412.0,11414.0,11416.0,11416.0,11416.0,11419.0,11420.0,11420.0,11421.0,11422.0,11423.0,11425.0,11426.0,11426.0,11429.0,11431.0,11432.0,11437.0,11437.0,11439.0,11439.0,11439.0,11439.0,11441.0,11442.0,11444.0,11444.0,11447.0,11449.0,11452.0,11452.0,11452.0,11452.0,11454.0,11454.0,11454.0,11455.0,11455.0,11455.0,11455.0,11455.0,11455.0,11456.0,11456.0,11456.0,11458.0,11459.0,11460.0,11460.0,11461.0,11461.0,11462.0,11464.0,,11466.0,11468.0,11469.0,11470.0,11470.0,11470.0,11470.0,11472.0,11474.0,11475.0,11476.0,11476.0,11476.0,11476.0,11476.0,11477.0,11477.0,11478.0,11479.0,11480.0,11481.0,11482.0,11485.0,11487.0,11487.0,11488.0,11489.0,11489.0,11491.0,11492.0,11494.0,11494.0,11494.0,11494.0,11494.0,11494.0,11495.0,11496.0,11496.0,11498.0,11499.0,11503.0,11503.0,11503.0,11503.0,11505.0,11505.0,11505.0,11505.0,11505.0,11505.0,11505.0,11505.0,11507.0,11508.0,11508.0,11511.0,11512.0,11515.0,11516.0,11518.0,11521.0,11521.0,11521.0,11521.0,11522.0,11523.0,11524.0,11524.0,11524.0,11525.0,11526.0,11527.0,11528.0,11528.0,11529.0,11530.0,11533.0,11535.0,11535.0,11536.0,11538.0,11538.0,11538.0,11540.0,11540.0,11542.0,11542.0,11542.0,11543.0,11543.0,11543.0,11544.0,11545.0,11545.0,11546.0,11546.0,11549.0,11551.0,11551.0,11551.0,11552.0,11552.0,11553.0,11553.0,11555.0,11558.0,11559.0,11561.0,11561.0,11563.0,11564.0,11567.0,11572
2FiYTnHumis,23984.0,23984.0,23984.0,23987.0,23987.0,23987.0,23989.0,23990.0,23992.0,23993.0,23993.0,23994.0,23996.0,23997.0,23999.0,23999.0,24001.0,24002.0,24004.0,24006.0,24008.0,24010.0,24013.0,24015.0,24018.0,24020.0,24020.0,24022.0,24024.0,24028.0,24028.0,24028.0,24028.0,24028.0,24030.0,24031.0,24032.0,24035.0,24035.0,24035.0,24037.0,24043.0,24044.0,24049.0,24050.0,24051.0,24054.0,24055.0,24056.0,24057.0,24058.0,24059.0,24059.0,24060.0,24061.0,24062.0,24063.0,24065.0,24065.0,24067.0,24069.0,24072.0,24077.0,24079.0,24081.0,24081.0,24081.0,24084.0,24088.0,24091.0,24091.0,24093.0,24094.0,24096.0,24097.0,24097.0,24100.0,24101.0,24101.0,24103.0,24105.0,24108.0,24109.0,24115.0,24117.0,24118.0,24123.0,24124.0,24125.0,24126.0,24128.0,24128.0,24128.0,24131.0,24133.0,24133.0,24135.0,24135.0,24138.0,24140.0,24142.0,24144.0,24147.0,24147.0,24150.0,24150.0,24150.0,24150.0,24151.0,24153.0,24156.0,24157.0,24157.0,24159.0,24159.0,24160.0,24161.0,24161.0,24161.0,24164.0,24164.0,24165.0,24166.0,24169.0,24169.0,24172.0,24172.0,24172.0,24173.0,24174.0,24175.0,24175.0,24176.0,24177.0,,,,,,,,,24185.0,24186.0,24186.0,24186.0,24189.0,24193.0,24194.0,24195.0,24196.0,24198.0,24204.0,24204.0,24209.0,24209.0,24210.0,24213.0,24212.0,24215.0,24218.0,24221.0,24222.0,24223.0,24224.0,24225.0,24225.0,24227.0,24228.0,24228.0,24231.0,24231.0,24232.0,24233.0,24233.0,24234.0,24237.0,24238.0,24238.0,24240.0,24244.0,24250.0,24252.0,24254.0,24257.0,24257.0,24259.0,24260.0,24264.0,24269.0,24270.0,24273.0,24274.0,24276.0,24277.0,24278.0,24279.0,24284.0,24288.0,24291.0,24294.0,24299.0,24301.0,24302.0,24303.0,24304.0,24304.0,24304.0,24305.0,24306.0,24311.0,24312.0,24317.0,24320.0,24322.0,24324.0,24326.0,24328.0,24330.0,24333.0,24334.0,24337.0,24343.0,24343.0,24344.0,24346.0,24349.0,24350.0,24351.0,24355.0,24356.0,24356.0,24357.0,24359.0,24361.0,24363.0,24366.0,24369.0,24371.0,24380.0,24380.0,24380.0,24382.0,24383.0,24385.0,24385.0,24385.0,24385.0,24386.0,24387.0,24390.0,24394.0,24396.0,24396.0,24396.0,24396.0,24400.0,24402.0,24404.0,24406.0,24405.0,24407.0,24410.0,,24411.0,24416.0,24419.0,24419.0,24419.0,24421.0,24424.0,24428.0,24432.0,24431.0,24431.0,24434.0,24435.0,24435.0,24436.0,24438.0,24440.0,24441.0,24442.0,24445.0,24447.0,24448.0,24450.0,24450.0,24454.0,24455.0,24457.0,24458.0,24460.0,24462.0,24468.0,24470.0,24470.0,24472.0,24474.0,24477.0,24479.0,24482.0,24486.0,24488.0,24490.0,24491.0,24494.0,24497.0,24498.0,24509.0,24512.0,24516.0,24520.0,24522.0,24524.0,24529.0,24530.0,24532.0,24532.0,24535.0,24539.0,24540.0,24540.0,24540.0,24542.0,24545.0,24545.0,24545.0,24547.0,24547.0,24547.0,24550.0,24553.0,24556.0,24558.0,24558.0,24561.0,24566.0,24568.0,24570.0,24571.0,24573.0,24576.0,24578.0,24579.0,24580.0,24581.0,24584.0,24589.0,24593.0,24594.0,24595.0,24596.0,24598.0,24603.0,24605.0,24607.0,24616.0,24622.0,24625.0,24631.0,24633.0,24638.0,24638.0,24639.0,24641.0,24643.0,24643.0,24645.0,24646.0,24648.0,24651.0,24653.0,24654.0,24654.0,24655.0,24657.0,24658
o3d0yRBHweU,21684.0,21684.0,21684.0,21684.0,21684.0,21685.0,21685.0,21687.0,21688.0,21688.0,21688.0,21688.0,21689.0,21690.0,21690.0,21690.0,21692.0,21692.0,21692.0,21692.0,21692.0,21692.0,21692.0,21692.0,21692.0,21693.0,21695.0,21695.0,21696.0,21696.0,21697.0,21697.0,21697.0,21698.0,21704.0,21705.0,21706.0,21703.0,21703.0,21703.0,21703.0,21706.0,21707.0,21708.0,21710.0,21708.0,21708.0,21708.0,21708.0,21709.0,21709.0,21709.0,21709.0,21710.0,21710.0,21710.0,21710.0,21710.0,21710.0,21714.0,21716.0,21717.0,21717.0,21720.0,21720.0,21720.0,21720.0,21720.0,21720.0,21720.0,21721.0,21725.0,21729.0,21729.0,21729.0,21730.0,21730.0,21730.0,21731.0,21731.0,21731.0,21732.0,21734.0,21740.0,21740.0,21742.0,21742.0,21746.0,21746.0,21746.0,21746.0,21749.0,21752.0,21752.0,21752.0,21754.0,21755.0,21755.0,21755.0,21756.0,21756.0,21759.0,21760.0,21760.0,21761.0,21763.0,21763.0,21763.0,21763.0,21763.0,21765.0,21766.0,21766.0,21767.0,21767.0,21767.0,21769.0,21769.0,21770.0,21771.0,21772.0,21772.0,21772.0,21772.0,21773.0,21774.0,21774.0,21774.0,21779.0,21780.0,21782.0,21783.0,21786.0,21789.0,,,,,,,,,21800.0,21802.0,21802.0,21802.0,21802.0,21803.0,21803.0,21804.0,21806.0,21807.0,21808.0,21808.0,21811.0,21813.0,21813.0,21813.0,21813.0,21814.0,21815.0,21815.0,21815.0,21815.0,21817.0,21819.0,21820.0,21820.0,21821.0,21823.0,21824.0,21824.0,21824.0,21825.0,21827.0,21829.0,21829.0,21829.0,21829.0,21829.0,21829.0,21829.0,21829.0,21830.0,21833.0,21833.0,21834.0,21834.0,21836.0,21838.0,21840.0,21841.0,21841.0,21841.0,21842.0,21843.0,21843.0,21843.0,21845.0,21845.0,21846.0,21847.0,21847.0,21848.0,21848.0,21848.0,21849.0,21850.0,21851.0,21852.0,21852.0,21853.0,21853.0,21854.0,21855.0,21855.0,21855.0,21855.0,21855.0,21855.0,21858.0,21859.0,21863.0,21866.0,21868.0,21871.0,21877.0,21879.0,21879.0,21880.0,21881.0,21882.0,21884.0,21885.0,21886.0,21886.0,21887.0,21887.0,21888.0,21887.0,21887.0,21887.0,21888.0,21890.0,21893.0,21893.0,21894.0,21895.0,21895.0,21897.0,21902.0,21904.0,21905.0,21905.0,21907.0,21908.0,21911.0,21916.0,21917.0,21917.0,21919.0,21919.0,21920.0,,21922.0,21925.0,21925.0,21926.0,21926.0,21928.0,21932.0,21932.0,21934.0,21935.0,21938.0,21940.0,21943.0,21945.0,21948.0,21949.0,21952.0,21954.0,21955.0,21956.0,21957.0,21960.0,21961.0,21963.0,21964.0,21964.0,21965.0,21966.0,21969.0,21970.0,21972.0,21972.0,21974.0,21974.0,21975.0,21977.0,21978.0,21978.0,21979.0,21981.0,21981.0,21984.0,21986.0,21986.0,21987.0,21988.0,21989.0,21990.0,21990.0,21994.0,21997.0,21998.0,21999.0,22001.0,22003.0,22004.0,22004.0,22005.0,22005.0,22007.0,22009.0,22010.0,22010.0,22011.0,22011.0,22012.0,22015.0,22017.0,22018.0,22024.0,22031.0,22035.0,22037.0,22038.0,22039.0,22040.0,22044.0,22046.0,22049.0,22049.0,22049.0,22054.0,22058.0,22061.0,22062.0,22065.0,22067.0,22067.0,22069.0,22070.0,22073.0,22074.0,22075.0,22075.0,22078.0,22081.0,22085.0,22086.0,22088.0,22088.0,22090.0,22090.0,22090.0,22091.0,22092.0,22092.0,22095.0,22095.0,22098.0,22098.0,22101.0,22101.0,22102.0,22102
9nQJubGFaik,1103.0,1103.0,1103.0,1103.0,1103.0,1103.0,1103.0,1103.0,1103.0,1104.0,1104.0,1104.0,1104.0,1106.0,1106.0,1106.0,1107.0,1107.0,1107.0,1107.0,1107.0,1108.0,1108.0,1108.0,1108.0,1108.0,1108.0,1108.0,1109.0,1109.0,1109.0,1109.0,1109.0,1110.0,1110.0,1110.0,1110.0,1111.0,1111.0,1111.0,1111.0,1111.0,1111.0,1111.0,1112.0,1112.0,1112.0,1112.0,1112.0,1112.0,1112.0,1112.0,1112.0,1112.0,1112.0,1112.0,1112.0,1112.0,1112.0,1112.0,1112.0,1112.0,1112.0,1112.0,1112.0,1112.0,1112.0,1112.0,1113.0,1113.0,1113.0,1112.0,1112.0,1112.0,1112.0,1112.0,1112.0,1112.0,1112.0,1112.0,1112.0,1112.0,1112.0,1112.0,1112.0,1112.0,1112.0,1112.0,1112.0,1112.0,1112.0,1112.0,1112.0,1114.0,1114.0,1114.0,1114.0,1114.0,1114.0,1114.0,1114.0,1114.0,1114.0,1115.0,1115.0,1116.0,1116.0,1116.0,1116.0,1116.0,1117.0,1117.0,1117.0,1117.0,1117.0,1118.0,1118.0,1118.0,1118.0,1118.0,1118.0,1117.0,1117.0,1117.0,1117.0,1117.0,1117.0,1117.0,1117.0,1117.0,1117.0,1117.0,1117.0,1118.0,,,,,,,,,1120.0,1121.0,1121.0,1121.0,1121.0,1121.0,1121.0,1121.0,1121.0,1121.0,1121.0,1121.0,1121.0,1121.0,1122.0,1122.0,1122.0,1122.0,1122.0,1122.0,1122.0,1122.0,1122.0,1122.0,1122.0,1122.0,1122.0,1122.0,1122.0,1122.0,1122.0,1122.0,1122.0,1122.0,1122.0,1122.0,1122.0,1122.0,1122.0,1122.0,1122.0,1122.0,1122.0,1122.0,1123.0,1123.0,1123.0,1123.0,1123.0,1124.0,1124.0,1124.0,1124.0,1124.0,1125.0,1125.0,1125.0,1125.0,1125.0,1125.0,1125.0,1125.0,1125.0,1125.0,1125.0,1125.0,1125.0,1125.0,1125.0,1125.0,1125.0,1125.0,1125.0,1125.0,1125.0,1126.0,1126.0,1126.0,1126.0,1126.0,1126.0,1126.0,1126.0,1126.0,1126.0,1126.0,1127.0,1127.0,1127.0,1127.0,1127.0,1127.0,1127.0,1127.0,1127.0,1127.0,1127.0,1127.0,1128.0,1128.0,1128.0,1128.0,1128.0,1128.0,1128.0,1128.0,1128.0,1128.0,1128.0,1128.0,1128.0,1128.0,1128.0,1128.0,1128.0,1128.0,1128.0,1128.0,1128.0,1128.0,1128.0,,1128.0,1128.0,1128.0,1128.0,1128.0,1128.0,1128.0,1128.0,1128.0,1129.0,1129.0,1130.0,1134.0,1134.0,1134.0,1135.0,1135.0,1135.0,1136.0,1137.0,1137.0,1137.0,1137.0,1137.0,1137.0,1137.0,1137.0,1137.0,1137.0,1137.0,1137.0,1137.0,1137.0,1137.0,1138.0,1138.0,1138.0,1138.0,1138.0,1138.0,1138.0,1138.0,1138.0,1138.0,1138.0,1138.0,1138.0,1138.0,1138.0,1138.0,1138.0,1138.0,1139.0,1139.0,1139.0,1139.0,1139.0,1139.0,1139.0,1139.0,1139.0,1139.0,1139.0,1139.0,1139.0,1139.0,1139.0,1139.0,1139.0,1140.0,1140.0,1140.0,1140.0,1140.0,1140.0,1140.0,1140.0,1140.0,1140.0,1140.0,1140.0,1140.0,1140.0,1140.0,1140.0,1140.0,1140.0,1140.0,1140.0,1140.0,1140.0,1140.0,1140.0,1140.0,1140.0,1141.0,1141.0,1141.0,1142.0,1142.0,1142.0,1142.0,1146.0,1146.0,1146.0,1146.0,1146.0,1146.0,1146.0,1146.0,1146.0,1146.0,1146.0,1146
FrzFFkPkEwc,155791.0,155832.0,155868.0,155894.0,155916.0,155957.0,155989.0,156018.0,156056.0,156076.0,156100.0,156134.0,156181.0,156218.0,156242.0,156285.0,156308.0,156330.0,156368.0,156407.0,156452.0,156493.0,156527.0,156553.0,156573.0,156603.0,156637.0,156673.0,156708.0,156746.0,156770.0,156804.0,156826.0,156862.0,156894.0,156936.0,156971.0,156988.0,157023.0,157080.0,157124.0,157153.0,157192.0,157224.0,157251.0,157270.0,157300.0,157343.0,157369.0,157408.0,157436.0,157468.0,157501.0,157542.0,157587.0,157639.0,157691.0,157718.0,157754.0,157785.0,157832.0,157877.0,157917.0,157964.0,157997.0,158031.0,158056.0,158089.0,158122.0,158170.0,158208.0,158245.0,158271.0,158311.0,158336.0,158369.0,158403.0,158478.0,158537.0,158594.0,158636.0,158693.0,158762.0,158800.0,158836.0,158903.0,158977.0,159015.0,159069.0,159108.0,159172.0,159229.0,159296.0,159351.0,159388.0,159430.0,159495.0,159548.0,159602.0,159662.0,159711.0,159738.0,159781.0,159825.0,159871.0,159917.0,159965.0,160008.0,160033.0,160087.0,160122.0,160170.0,160234.0,160278.0,160325.0,160375.0,160433.0,160469.0,160550.0,160598.0,160658.0,160696.0,160733.0,160782.0,160836.0,160874.0,160910.0,160957.0,161004.0,161043.0,161086.0,161141.0,161185.0,161238.0,,,,,,,,,161594.0,161628.0,161660.0,161691.0,161720.0,161767.0,161822.0,161860.0,161896.0,161938.0,161989.0,162019.0,162019.0,162018.0,162018.0,162018.0,162018.0,162018.0,162018.0,162018.0,162018.0,162018.0,162018.0,162018.0,162018.0,162018.0,162018.0,162018.0,162018.0,162018.0,162018.0,162018.0,162018.0,162018.0,162018.0,162018.0,162018.0,162018.0,162018.0,162018.0,162018.0,162018.0,162018.0,162018.0,162018.0,162018.0,162018.0,162018.0,162018.0,162018.0,162018.0,162018.0,162018.0,162018.0,162018.0,162018.0,162018.0,162018.0,162018.0,162018.0,162018.0,162018.0,162018.0,162018.0,162018.0,162018.0,162018.0,162018.0,162018.0,162018.0,162018.0,162018.0,162018.0,162018.0,162018.0,162018.0,162018.0,162018.0,162018.0,162018.0,162018.0,162018.0,162018.0,162018.0,162018.0,162018.0,162018.0,162018.0,162018.0,162018.0,162018.0,162018.0,162018.0,162018.0,162018.0,162018.0,162018.0,162018.0,162018.0,162018.0,162018.0,162018.0,162018.0,162018.0,162018.0,162018.0,162018.0,162018.0,162018.0,162018.0,162018.0,162018.0,162018.0,162018.0,162018.0,162018.0,162018.0,162018.0,162018.0,162018.0,162018.0,,162018.0,162018.0,162018.0,162018.0,162018.0,162018.0,162018.0,162018.0,162018.0,162018.0,162018.0,162018.0,162018.0,162018.0,162018.0,162018.0,162018.0,162018.0,162018.0,162018.0,162018.0,162018.0,162018.0,162018.0,162018.0,162018.0,162018.0,162018.0,162018.0,162018.0,162018.0,162018.0,162018.0,162018.0,162018.0,162018.0,162018.0,162018.0,162018.0,162018.0,162018.0,162018.0,162018.0,162018.0,162018.0,162018.0,162018.0,162018.0,162018.0,162018.0,162018.0,162018.0,162018.0,162018.0,162018.0,162018.0,162018.0,162018.0,162018.0,162018.0,162018.0,162018.0,162018.0,162018.0,162018.0,162018.0,162018.0,162018.0,162018.0,162018.0,162018.0,162018.0,162018.0,162018.0,162018.0,162018.0,162018.0,162018.0,162018.0,162018.0,162018.0,162018.0,162018.0,162018.0,162018.0,162018.0,162018.0,162018.0,162018.0,162018.0,162018.0,162018.0,162018.0,162018.0,162018.0,162018.0,162018.0,162018.0,162018.0,162018.0,162018.0,162018.0,162018.0,162018.0,162018.0,162018.0,162018.0,162018.0,162018.0,162018.0,162018.0,162018.0,162018.0,162018
GXSqi3bIEOA,42916.0,42918.0,42921.0,42923.0,42925.0,42927.0,42930.0,42931.0,42935.0,42938.0,42938.0,42943.0,42948.0,42950.0,42953.0,42956.0,42959.0,42960.0,42961.0,42964.0,42966.0,42973.0,42973.0,42978.0,42981.0,42984.0,42987.0,42993.0,42996.0,43000.0,43003.0,43007.0,43009.0,43013.0,43020.0,43028.0,43031.0,43038.0,43041.0,43044.0,43046.0,43051.0,43055.0,43063.0,43070.0,43074.0,43077.0,43082.0,43082.0,43083.0,43085.0,43087.0,43093.0,43093.0,43096.0,43104.0,43111.0,43112.0,43112.0,43116.0,43120.0,43122.0,43127.0,43134.0,43134.0,43138.0,43142.0,43145.0,43149.0,43152.0,43153.0,43157.0,43157.0,43158.0,43160.0,43164.0,43166.0,43168.0,43170.0,43171.0,43179.0,43180.0,43186.0,43186.0,43189.0,43192.0,43198.0,43199.0,43207.0,43210.0,43214.0,43216.0,43217.0,43223.0,43228.0,43233.0,43239.0,43241.0,43244.0,43248.0,43252.0,43257.0,43259.0,43260.0,43273.0,43275.0,43280.0,43282.0,43286.0,43290.0,43293.0,43298.0,43301.0,43304.0,43305.0,43306.0,43308.0,43311.0,43313.0,43313.0,43316.0,43318.0,43321.0,43323.0,43329.0,43333.0,43334.0,43335.0,43337.0,43337.0,43339.0,43340.0,43340.0,43341.0,,,,,,,,,43354.0,43355.0,43356.0,43356.0,43359.0,43361.0,43362.0,43363.0,43365.0,43367.0,43368.0,43369.0,43372.0,43372.0,43372.0,43372.0,43372.0,43372.0,43373.0,43376.0,43378.0,43383.0,43385.0,43386.0,43386.0,43389.0,43390.0,43393.0,43397.0,43400.0,43401.0,43407.0,43408.0,43409.0,43415.0,43416.0,43417.0,43420.0,43421.0,43422.0,43423.0,43425.0,43426.0,43428.0,43434.0,43436.0,43440.0,43442.0,43446.0,43447.0,43447.0,43447.0,43447.0,43447.0,43454.0,43454.0,43454.0,43456.0,43456.0,43458.0,43460.0,43464.0,43465.0,43467.0,43467.0,43470.0,43471.0,43472.0,43473.0,43473.0,43477.0,43477.0,43483.0,43484.0,43486.0,43488.0,43491.0,43497.0,43504.0,43505.0,43506.0,43512.0,43515.0,43520.0,43522.0,43525.0,43529.0,43530.0,43531.0,43535.0,43536.0,43539.0,43542.0,43546.0,43550.0,43551.0,43554.0,43557.0,43560.0,43562.0,43564.0,43567.0,43571.0,43571.0,43574.0,43577.0,43577.0,43582.0,43584.0,43586.0,43590.0,43591.0,43594.0,43595.0,43597.0,43597.0,43599.0,43601.0,43604.0,43609.0,43611.0,,43615.0,43615.0,43620.0,43625.0,43625.0,43629.0,43630.0,43635.0,43638.0,43643.0,43646.0,43648.0,43649.0,43651.0,43654.0,43656.0,43657.0,43660.0,43663.0,43665.0,43666.0,43666.0,43669.0,43669.0,43670.0,43673.0,43674.0,43680.0,43684.0,43686.0,43686.0,43687.0,43690.0,43695.0,43695.0,43695.0,43697.0,43698.0,43701.0,43704.0,43708.0,43711.0,43711.0,43715.0,43717.0,43725.0,43727.0,43728.0,43729.0,43730.0,43732.0,43733.0,43736.0,43740.0,43741.0,43742.0,43743.0,43744.0,43745.0,43748.0,43750.0,43752.0,43754.0,43757.0,43759.0,43760.0,43760.0,43761.0,43761.0,43765.0,43765.0,43767.0,43769.0,43769.0,43773.0,43777.0,43779.0,43779.0,43780.0,43783.0,43783.0,43788.0,43790.0,43792.0,43793.0,43795.0,43800.0,43802.0,43803.0,43804.0,43805.0,43808.0,43811.0,43812.0,43812.0,43814.0,43814.0,43816.0,43820.0,43822.0,43828.0,43830.0,43833.0,43840.0,43842.0,43845.0,43850.0,43850.0,43854.0,43854.0,43854.0,43855.0,43857.0,43858
peOt8HqVlLQ,8782270.0,8782306.0,8782353.0,8782417.0,8782485.0,8782543.0,8782604.0,8782661.0,8782726.0,8782783.0,8782843.0,8782919.0,8782986.0,8783058.0,8783129.0,8783183.0,8783223.0,8783275.0,8783323.0,8783397.0,8783451.0,8783513.0,8783591.0,8783663.0,8783719.0,8783775.0,8783829.0,8783901.0,8783974.0,8784034.0,8784091.0,8784134.0,8784193.0,8784260.0,8784330.0,8784419.0,8784489.0,8784565.0,8784596.0,8784639.0,8784706.0,8784770.0,8784836.0,8784923.0,8784975.0,8785013.0,8785047.0,8785123.0,8785169.0,8785214.0,8785283.0,8785333.0,8785368.0,8785423.0,8785480.0,8785530.0,8785571.0,8785626.0,8785670.0,8785717.0,8785772.0,8785845.0,8785900.0,8785976.0,8786025.0,8786081.0,8786125.0,8786176.0,8786224.0,8786283.0,8786325.0,8786366.0,8786410.0,8786454.0,8786514.0,8786559.0,8786588.0,8786643.0,8786687.0,8786729.0,8786788.0,8786819.0,8786872.0,8786925.0,8786968.0,8787007.0,8787037.0,8787075.0,8787104.0,8787139.0,8787188.0,8787230.0,8787263.0,8787300.0,8787334.0,8787361.0,8787405.0,8787442.0,8787473.0,8787514.0,8787546.0,8787575.0,8787609.0,8787669.0,8787709.0,8787747.0,8787800.0,8787834.0,8787882.0,8787920.0,8787968.0,8788015.0,8788059.0,8788095.0,8788124.0,8788182.0,8788220.0,8788275.0,8788313.0,8788348.0,8788375.0,8788434.0,8788477.0,8788503.0,8788536.0,8788565.0,8788611.0,8788661.0,8788700.0,8788744.0,8788782.0,8788831.0,8788867.0,8788910.0,,,,,,,,,8789265.0,8789304.0,8789342.0,8789388.0,8789430.0,8789474.0,8789518.0,8789554.0,8789593.0,8789645.0,8789688.0,8789717.0,8789752.0,8789789.0,8789835.0,8789881.0,8789913.0,8789969.0,8790005.0,8790053.0,8790087.0,8790142.0,8790175.0,8790204.0,8790239.0,8790271.0,8790305.0,8790338.0,8790365.0,8790399.0,8790434.0,8790473.0,8790507.0,8790530.0,8790572.0,8790601.0,8790626.0,8790662.0,8790712.0,8790751.0,8790785.0,8790814.0,8790847.0,8790878.0,8790908.0,8790939.0,8790972.0,8791010.0,8791048.0,8791074.0,8791106.0,8791146.0,8791175.0,8791207.0,8791248.0,8791270.0,8791292.0,8791316.0,8791339.0,8791364.0,8791394.0,8791416.0,8791449.0,8791490.0,8791529.0,8791570.0,8791612.0,8791643.0,8791663.0,8791696.0,8791714.0,8791733.0,8791762.0,8791788.0,8791822.0,8791849.0,8791877.0,8791907.0,8791939.0,8791975.0,8792009.0,8792035.0,8792078.0,8792118.0,8792147.0,8792169.0,8792209.0,8792250.0,8792279.0,8792298.0,8792336.0,8792354.0,8792382.0,8792407.0,8792447.0,8792474.0,8792507.0,8792530.0,8792562.0,8792604.0,8792637.0,8792663.0,8792699.0,8792736.0,8792759.0,8792788.0,8792821.0,8792846.0,8792884.0,8792910.0,8792934.0,8792965.0,8792994.0,8793021.0,8793048.0,8793071.0,8793097.0,8793115.0,8793137.0,8793159.0,8793188.0,,8793246.0,8793274.0,8793306.0,8793336.0,8793359.0,8793386.0,8793407.0,8793433.0,8793452.0,8793483.0,8793513.0,8793540.0,8793562.0,8793584.0,8793620.0,8793651.0,8793684.0,8793734.0,8793760.0,8793781.0,8793807.0,8793843.0,8793868.0,8793895.0,8793913.0,8793937.0,8793962.0,8793994.0,8794019.0,8794054.0,8794083.0,8794134.0,8794162.0,8794186.0,8794205.0,8794233.0,8794249.0,8794270.0,8794299.0,8794324.0,8794349.0,8794384.0,8794405.0,8794435.0,8794472.0,8794505.0,8794539.0,8794565.0,8794600.0,8794630.0,8794655.0,8794677.0,8794710.0,8794744.0,8794775.0,8794801.0,8794837.0,8794859.0,8794880.0,8794902.0,8794932.0,8794951.0,8794975.0,8794996.0,8795012.0,8795037.0,8795059.0,8795077.0,8795103.0,8795121.0,8795141.0,8795169.0,8795198.0,8795234.0,8795266.0,8795294.0,8795325.0,8795368.0,8795401.0,8795436.0,8795462.0,8795483.0,8795516.0,8795538.0,8795571.0,8795606.0,8795635.0,8795662.0,8795682.0,8795696.0,8795713.0,8795737.0,8795759.0,8795790.0,8795815.0,8795831.0,8795844.0,8795876.0,8795896.0,8795923.0,8795943.0,8795966.0,8795996.0,8796021.0,8796031.0,8796059.0,8796077.0,8796108.0,8796127.0,8796138.0,8796154.0,8796171.0,8796191.0,8796206
YduuDVmQbCo,22580.0,22580.0,22582.0,22582.0,22582.0,22582.0,22582.0,22583.0,22584.0,22585.0,22585.0,22586.0,22586.0,22586.0,22587.0,22587.0,22587.0,22587.0,22587.0,22587.0,22588.0,22591.0,22592.0,22592.0,22593.0,22593.0,22594.0,22599.0,22599.0,22599.0,22600.0,22601.0,22601.0,22601.0,22601.0,22601.0,22601.0,22601.0,22601.0,22601.0,22601.0,22601.0,22601.0,22601.0,22602.0,22602.0,22602.0,22605.0,22605.0,22605.0,22606.0,22607.0,22607.0,22607.0,22607.0,22608.0,22609.0,22609.0,22609.0,22610.0,22611.0,22614.0,22614.0,22615.0,22616.0,22616.0,22616.0,22616.0,22616.0,22616.0,22616.0,22617.0,22617.0,22617.0,22617.0,22618.0,22619.0,22619.0,22619.0,22619.0,22620.0,22620.0,22620.0,22620.0,22621.0,22621.0,22621.0,22621.0,22621.0,22621.0,22621.0,22622.0,22622.0,22622.0,22622.0,22622.0,22623.0,22624.0,22624.0,22625.0,22625.0,22626.0,22627.0,22628.0,22629.0,22630.0,22630.0,22632.0,22632.0,22634.0,22636.0,22639.0,22640.0,22640.0,22642.0,22642.0,22642.0,22642.0,22643.0,22644.0,22646.0,22646.0,22646.0,22646.0,22648.0,22649.0,22650.0,22650.0,22653.0,22656.0,22657.0,22661.0,22662.0,22662.0,,,,,,,,,22672.0,22673.0,22674.0,22678.0,22678.0,22677.0,22677.0,22678.0,22678.0,22680.0,22680.0,22680.0,22680.0,22680.0,22680.0,22680.0,22684.0,22686.0,22687.0,22688.0,22690.0,22690.0,22691.0,22693.0,22695.0,22698.0,22701.0,22705.0,22709.0,22711.0,22713.0,22714.0,22719.0,22722.0,22723.0,22724.0,22725.0,22729.0,22731.0,22732.0,22734.0,22741.0,22743.0,22744.0,22744.0,22745.0,22745.0,22746.0,22753.0,22758.0,22760.0,22764.0,22768.0,22772.0,22776.0,22782.0,22783.0,22785.0,22787.0,22793.0,22799.0,22809.0,22813.0,22813.0,22815.0,22816.0,22817.0,22821.0,22821.0,22822.0,22822.0,22822.0,22822.0,22824.0,22825.0,22826.0,22827.0,22827.0,22827.0,22828.0,22829.0,22829.0,22829.0,22831.0,22831.0,22831.0,22832.0,22832.0,22832.0,22832.0,22832.0,22832.0,22832.0,22832.0,22832.0,22832.0,22832.0,22833.0,22834.0,22834.0,22834.0,22835.0,22835.0,22835.0,22835.0,22836.0,22836.0,22836.0,22836.0,22837.0,22837.0,22837.0,22837.0,22838.0,22838.0,22838.0,22838.0,22839.0,22839.0,22839.0,22841.0,,22844.0,22846.0,22845.0,22846.0,22846.0,22846.0,22846.0,22846.0,22847.0,22848.0,22850.0,22850.0,22850.0,22851.0,22852.0,22852.0,22853.0,22854.0,22854.0,22855.0,22855.0,22855.0,22855.0,22855.0,22855.0,22855.0,22855.0,22855.0,22855.0,22855.0,22855.0,22855.0,22855.0,22855.0,22855.0,22856.0,22856.0,22857.0,22857.0,22857.0,22857.0,22857.0,22857.0,22857.0,22857.0,22857.0,22857.0,22858.0,22858.0,22858.0,22858.0,22858.0,22858.0,22858.0,22858.0,22858.0,22858.0,22858.0,22858.0,22858.0,22859.0,22859.0,22859.0,22859.0,22859.0,22861.0,22861.0,22861.0,22862.0,22864.0,22864.0,22865.0,22866.0,22866.0,22868.0,22868.0,22868.0,22869.0,22869.0,22869.0,22869.0,22870.0,22870.0,22870.0,22870.0,22870.0,22870.0,22870.0,22870.0,22871.0,22871.0,22871.0,22871.0,22871.0,22871.0,22871.0,22871.0,22871.0,22871.0,22872.0,22872.0,22872.0,22872.0,22872.0,22873.0,22873.0,22874.0,22874.0,22874.0,22874.0,22874.0,22874.0,22874.0,22874
l81UDLTGL-g,146956.0,146958.0,146959.0,146959.0,146959.0,146960.0,146960.0,146961.0,146961.0,146961.0,146961.0,146961.0,146962.0,146963.0,146965.0,146966.0,146968.0,146969.0,146970.0,146970.0,146971.0,146972.0,146972.0,146973.0,146974.0,146976.0,146976.0,146976.0,146976.0,146976.0,146978.0,146980.0,146981.0,146981.0,146984.0,146984.0,146985.0,146987.0,146987.0,146988.0,146989.0,146989.0,146990.0,146990.0,146991.0,146991.0,146992.0,146994.0,146996.0,146996.0,146996.0,146996.0,146996.0,146997.0,146997.0,146997.0,146998.0,147000.0,147002.0,147002.0,147004.0,147004.0,147004.0,147006.0,147006.0,147006.0,147006.0,147007.0,147007.0,147008.0,147008.0,147011.0,147012.0,147012.0,147013.0,147013.0,147013.0,147014.0,147014.0,147014.0,147015.0,147015.0,147015.0,147016.0,147017.0,147018.0,147019.0,147019.0,147019.0,147019.0,147019.0,147019.0,147019.0,147019.0,147020.0,147020.0,147020.0,147021.0,147021.0,147023.0,147025.0,147025.0,147027.0,147028.0,147028.0,147028.0,147028.0,147028.0,147028.0,147028.0,147028.0,147028.0,147031.0,147031.0,147031.0,147031.0,147031.0,147031.0,147031.0,147031.0,147032.0,147032.0,147032.0,147032.0,147032.0,147034.0,147037.0,147038.0,147038.0,147038.0,147038.0,147038.0,147038.0,147038.0,,,,,,,,,147042.0,147058.0,147059.0,147061.0,147062.0,147063.0,147066.0,147067.0,147070.0,147070.0,147070.0,147071.0,147071.0,147072.0,147072.0,147073.0,147073.0,147073.0,147073.0,147073.0,147073.0,147073.0,147074.0,147074.0,147074.0,147074.0,147075.0,147075.0,147075.0,147075.0,147075.0,147075.0,147075.0,147075.0,147075.0,147075.0,147075.0,147075.0,147078.0,147078.0,147078.0,147078.0,147078.0,147078.0,147078.0,147079.0,147079.0,147080.0,147080.0,147081.0,147083.0,147084.0,147085.0,147085.0,147085.0,147086.0,147088.0,147089.0,147089.0,147089.0,147089.0,147091.0,147092.0,147093.0,147093.0,147095.0,147095.0,147095.0,147095.0,147096.0,147096.0,147096.0,147097.0,147098.0,147098.0,147098.0,147098.0,147098.0,147099.0,147099.0,147100.0,147100.0,147100.0,147100.0,147100.0,147100.0,147100.0,147100.0,147100.0,147100.0,147100.0,147100.0,147101.0,147102.0,147103.0,147104.0,147104.0,147104.0,147104.0,147105.0,147107.0,147107.0,147108.0,147108.0,147108.0,147108.0,147109.0,147110.0,147110.0,147110.0,147111.0,147111.0,147111.0,147111.0,147111.0,147112.0,147112.0,147112.0,147112.0,147114.0,147115.0,,147116.0,147116.0,147117.0,147117.0,147117.0,147117.0,147118.0,147118.0,147118.0,147118.0,147118.0,147119.0,147119.0,147119.0,147119.0,147120.0,147122.0,147122.0,147122.0,147123.0,147124.0,147124.0,147124.0,147124.0,147124.0,147125.0,147125.0,147125.0,147126.0,147126.0,147126.0,147126.0,147126.0,147126.0,147127.0,147127.0,147127.0,147127.0,147128.0,147128.0,147129.0,147129.0,147129.0,147130.0,147130.0,147132.0,147132.0,147134.0,147134.0,147134.0,147135.0,147136.0,147136.0,147136.0,147136.0,147136.0,147136.0,147136.0,147136.0,147136.0,147136.0,147136.0,147137.0,147137.0,147137.0,147137.0,147137.0,147138.0,147138.0,147138.0,147138.0,147140.0,147140.0,147140.0,147141.0,147141.0,147141.0,147141.0,147144.0,147144.0,147148.0,147150.0,147150.0,147150.0,147153.0,147153.0,147153.0,147153.0,147153.0,147153.0,147153.0,147153.0,147155.0,147156.0,147156.0,147157.0,147157.0,147158.0,147159.0,147159.0,147159.0,147159.0,147160.0,147161.0,147161.0,147161.0,147161.0,147162.0,147162.0,147162.0,147162.0,147162.0,147162.0,147163
b6hua1TpqvI,16305872.0,16305965.0,16306036.0,16306121.0,16306209.0,16306297.0,16306398.0,16306501.0,16306610.0,16306727.0,16306829.0,16306907.0,16307007.0,16307115.0,16307238.0,16307344.0,16307438.0,16307523.0,16307616.0,16307708.0,16307779.0,16307871.0,16307965.0,16308042.0,16308101.0,16308198.0,16308293.0,16308398.0,16308474.0,16308569.0,16308651.0,16308753.0,16308834.0,16308913.0,16308988.0,16309089.0,16309181.0,16309272.0,16309367.0,16309451.0,16309537.0,16309629.0,16309743.0,16309820.0,16309896.0,16309966.0,16310051.0,16310121.0,16310189.0,16310269.0,16310352.0,16310430.0,16310513.0,16310587.0,16310668.0,16310752.0,16310828.0,16310918.0,16310993.0,16311079.0,16311141.0,16311194.0,16311263.0,16311347.0,16311430.0,16311499.0,16311567.0,16311619.0,16311687.0,16311780.0,16311841.0,16311897.0,16311971.0,16312030.0,16312094.0,16312171.0,16312242.0,16312315.0,16312400.0,16312507.0,16312594.0,16312661.0,16312729.0,16312800.0,16312866.0,16312941.0,16313011.0,16313084.0,16313145.0,16313219.0,16313290.0,16313352.0,16313420.0,16313476.0,16313577.0,16313664.0,16313739.0,16313813.0,16313883.0,16313963.0,16314040.0,16314126.0,16314189.0,16314259.0,16314331.0,16314387.0,16314455.0,16314524.0,16314589.0,16314659.0,16314725.0,16314802.0,16314864.0,16314923.0,16314993.0,16315061.0,16315124.0,16315189.0,16315244.0,16315289.0,16315346.0,16315422.0,16315480.0,16315552.0,16315598.0,16315668.0,16315741.0,16315797.0,16315865.0,16315933.0,16315994.0,16316056.0,16316117.0,16316171.0,,,,,,,,,16316719.0,16316795.0,16316863.0,16316951.0,16317039.0,16317102.0,16317174.0,16317233.0,16317293.0,16317356.0,16317423.0,16317502.0,16317560.0,16317646.0,16317716.0,16317810.0,16317876.0,16317945.0,16318007.0,16318083.0,16318152.0,16318233.0,16318303.0,16318371.0,16318446.0,16318514.0,16318575.0,16318654.0,16318722.0,16318793.0,16318875.0,16318939.0,16318996.0,16319060.0,16319120.0,16319187.0,16319258.0,16319333.0,16319406.0,16319465.0,16319526.0,16319594.0,16319656.0,16319726.0,16319783.0,16319857.0,16319933.0,16320005.0,16320053.0,16320165.0,16320230.0,16320304.0,16320355.0,16320424.0,16320490.0,16320545.0,16320610.0,16320661.0,16320708.0,16320760.0,16320819.0,16320870.0,16320917.0,16320991.0,16321049.0,16321112.0,16321168.0,16321226.0,16321286.0,16321349.0,16321423.0,16321478.0,16321540.0,16321592.0,16321650.0,16321697.0,16321767.0,16321811.0,16321862.0,16321925.0,16321977.0,16322051.0,16322126.0,16322181.0,16322244.0,16322312.0,16322374.0,16322437.0,16322494.0,16322563.0,16322621.0,16322685.0,16322756.0,16322817.0,16322878.0,16322961.0,16323026.0,16323085.0,16323154.0,16323226.0,16323286.0,16323329.0,16323411.0,16323477.0,16323550.0,16323616.0,16323669.0,16323733.0,16323797.0,16323850.0,16323905.0,16323970.0,16324047.0,16324088.0,16324161.0,16324221.0,16324277.0,16324315.0,16324379.0,16324432.0,16324482.0,,16324594.0,16324629.0,16324670.0,16324713.0,16324765.0,16324816.0,16324866.0,16324898.0,16324945.0,16324974.0,16325039.0,16325084.0,16325127.0,16325178.0,16325213.0,16325259.0,16325303.0,16325348.0,16325391.0,16325431.0,16325473.0,16325525.0,16325589.0,16325648.0,16325689.0,16325720.0,16325776.0,16325834.0,16325895.0,16325956.0,16326019.0,16326077.0,16326118.0,16326161.0,16326218.0,16326274.0,16326323.0,16326401.0,16326436.0,16326483.0,16326532.0,16326587.0,16326640.0,16326695.0,16326738.0,16326790.0,16326834.0,16326891.0,16326953.0,16327015.0,16327067.0,16327121.0,16327163.0,16327214.0,16327256.0,16327303.0,16327353.0,16327404.0,16327442.0,16327500.0,16327545.0,16327603.0,16327661.0,16327711.0,16327761.0,16327800.0,16327854.0,16327906.0,16327962.0,16328026.0,16328067.0,16328113.0,16328148.0,16328195.0,16328254.0,16328310.0,16328367.0,16328425.0,16328480.0,16328523.0,16328595.0,16328645.0,16328694.0,16328744.0,16328798.0,16328845.0,16328898.0,16328952.0,16329026.0,16329089.0,16329132.0,16329185.0,16329232.0,16329290.0,16329338.0,16329398.0,16329454.0,16329522.0,16329560.0,16329618.0,16329679.0,16329729.0,16329778.0,16329820.0,16329865.0,16329907.0,16329967.0,16330031.0,16330081.0,16330136.0,16330185.0,16330234.0,16330288.0,16330342
M8EsxRh0zOc,18153248.0,18156831.0,18160980.0,18165284.0,18169367.0,18173047.0,18176335.0,18179810.0,18183696.0,18188028.0,18192568.0,18196388.0,18199952.0,18203384.0,18207315.0,18211825.0,18216779.0,18221010.0,18224835.0,18228508.0,18232088.0,18235803.0,18239878.0,18243876.0,18247902.0,18251292.0,18255017.0,18259334.0,18263351.0,18267133.0,18270848.0,18274333.0,18277558.0,18280883.0,18284184.0,18288035.0,18291890.0,18296957.0,18302743.0,18307735.0,18312045.0,18316392.0,18320483.0,18324686.0,18329079.0,18333194.0,18337090.0,18341214.0,18344885.0,18348443.0,18351898.0,18355678.0,18359440.0,18362662.0,18366193.0,18369595.0,18372802.0,18375995.0,18379356.0,18382834.0,18386148.0,18390681.0,18398659.0,18409703.0,18424553.0,18436538.0,18445920.0,18453886.0,18460201.0,18468026.0,18474667.0,18481014.0,18487299.0,18493019.0,18498114.0,18502981.0,18507912.0,18512640.0,18517906.0,18523194.0,18528546.0,18533609.0,18538258.0,18542652.0,18547810.0,18557685.0,18567803.0,18576220.0,18583634.0,18589766.0,18598116.0,18604604.0,18610497.0,18618052.0,18624885.0,18629618.0,18633703.0,18637730.0,18641992.0,18646518.0,18651368.0,18656562.0,18660802.0,18664709.0,18668482.0,18672182.0,18675920.0,18680178.0,18684448.0,18688128.0,18691679.0,18695245.0,18698615.0,18702200.0,18706368.0,18710736.0,18714030.0,18717117.0,18720465.0,18723501.0,18726631.0,18730282.0,18734936.0,18738451.0,18741667.0,18744861.0,18748064.0,18751238.0,18754781.0,18758331.0,18761554.0,18764440.0,18767316.0,18770130.0,,,,,,,,,18796900.0,18800138.0,18802951.0,18805534.0,18808266.0,18810821.0,18814213.0,18817862.0,18821986.0,18825077.0,18828168.0,18831241.0,18834656.0,18838022.0,18841472.0,18844974.0,18847954.0,18850951.0,18854933.0,18858546.0,18866383.0,18878104.0,18887890.0,18895787.0,18902825.0,18909581.0,18915752.0,18921753.0,18927497.0,18933487.0,18938590.0,18943257.0,18947831.0,18952336.0,18956845.0,18961342.0,18965697.0,18969572.0,18973600.0,18977676.0,18981775.0,18986528.0,18991762.0,18996902.0,19001372.0,19005342.0,19009307.0,19013559.0,19017726.0,19022105.0,19026453.0,19030364.0,19034149.0,19038060.0,19042037.0,19046086.0,19050083.0,19053507.0,19057056.0,19060875.0,19064641.0,19068020.0,19071228.0,19074856.0,19078346.0,19082090.0,19086086.0,19089916.0,19093184.0,19096362.0,19100058.0,19103537.0,19106915.0,19110569.0,19114376.0,19117886.0,19121864.0,19126098.0,19130124.0,19133751.0,19137133.0,19140302.0,19143964.0,19147573.0,19151440.0,19155112.0,19158173.0,19161387.0,19164462.0,19167714.0,19170970.0,19174797.0,19178598.0,19181991.0,19185258.0,19188586.0,19191780.0,19195272.0,19199478.0,19203358.0,19206755.0,19210036.0,19213410.0,19216636.0,19219803.0,19223341.0,19226904.0,19229859.0,19232635.0,19235501.0,19238508.0,19241572.0,19244739.0,19247843.0,19250764.0,19253698.0,19256628.0,19259637.0,19262773.0,19265720.0,19268741.0,,19274285.0,19277259.0,19280344.0,19283573.0,19286949.0,19290411.0,19293536.0,19296895.0,19299978.0,19303107.0,19308041.0,19315239.0,19322104.0,19327792.0,19332749.0,19338073.0,19343292.0,19348605.0,19354038.0,19358790.0,19362661.0,19366520.0,19369880.0,19373411.0,19376969.0,19380472.0,19384137.0,19387506.0,19390778.0,19394024.0,19397368.0,19400567.0,19404152.0,19407440.0,19410586.0,19413713.0,19417000.0,19420204.0,19423694.0,19427197.0,19430584.0,19433891.0,19437340.0,19440512.0,19443893.0,19447470.0,19451015.0,19454408.0,19457430.0,19460184.0,19462993.0,19465880.0,19468684.0,19471722.0,19474917.0,19477713.0,19480418.0,19483123.0,19485861.0,19488654.0,19491553.0,19494592.0,19497150.0,19499475.0,19501980.0,19504600.0,19507881.0,19511105.0,19514184.0,19517049.0,19519731.0,19522648.0,19525554.0,19528483.0,19531787.0,19535334.0,19538275.0,19541119.0,19544187.0,19547221.0,19550444.0,19553894.0,19557208.0,19560269.0,19563115.0,19565918.0,19568758.0,19571814.0,19574998.0,19578357.0,19581236.0,19584038.0,19587043.0,19590125.0,19593155.0,19596596.0,19599860.0,19602827.0,19605635.0,19608639.0,19611620.0,19614521.0,19617529.0,19620807.0,19623469.0,19626176.0,19628870.0,19631702.0,19634350.0,19637196.0,19639973.0,19642410.0,19644776.0,19647388
wrnaIP-idnA,4353689.0,4354776.0,4356135.0,4357541.0,4358855.0,4360125.0,4361302.0,4362583.0,4363711.0,4364898.0,4366124.0,4367194.0,4368201.0,4369282.0,4370523.0,4371686.0,4372891.0,4374091.0,4375156.0,4376208.0,4377299.0,4378389.0,4379454.0,4380539.0,4381626.0,4382532.0,4383480.0,4384550.0,4385457.0,4386509.0,4387494.0,4388485.0,4389357.0,4390402.0,4391403.0,4392579.0,4393832.0,4395240.0,4396837.0,4398294.0,4399536.0,4400962.0,4402314.0,4403648.0,4404977.0,4406189.0,4407272.0,4408412.0,4409604.0,4410807.0,4411948.0,4413167.0,4414308.0,4415328.0,4416356.0,4417359.0,4418503.0,4419598.0,4420755.0,4422017.0,4423002.0,4424287.0,4426399.0,4430152.0,4434449.0,4438308.0,4441474.0,4444270.0,4446549.0,4449149.0,4451353.0,4453398.0,4455391.0,4457284.0,4458891.0,4460461.0,4462041.0,4463569.0,4465161.0,4466636.0,4468154.0,4469543.0,4470899.0,4472137.0,4473543.0,4475986.0,4478818.0,4481273.0,4483412.0,4485271.0,4487585.0,4489541.0,4491352.0,4493254.0,4495026.0,4496468.0,4497590.0,4498867.0,4500115.0,4501451.0,4502828.0,4504227.0,4505508.0,4506642.0,4507710.0,4508746.0,4509817.0,4510980.0,4512151.0,4513133.0,4514069.0,4514941.0,4515784.0,4516620.0,4517602.0,4518591.0,4519393.0,4520277.0,4521140.0,4522030.0,4522892.0,4523872.0,4524833.0,4525720.0,4526445.0,4527322.0,4528097.0,4528943.0,4529769.0,4530581.0,4531370.0,4532094.0,4532669.0,4533316.0,,,,,,,,,4540205.0,4541044.0,4541838.0,4542569.0,4543294.0,4544027.0,4544860.0,4545803.0,4546781.0,4547566.0,4548489.0,4549326.0,4550301.0,4551239.0,4552281.0,4553360.0,4554240.0,4555216.0,4556343.0,4557366.0,4559381.0,4562079.0,4564278.0,4565958.0,4567439.0,4568925.0,4570143.0,4571418.0,4572670.0,4574080.0,4575227.0,4576327.0,4577484.0,4578543.0,4579536.0,4580536.0,4581655.0,4582706.0,4583697.0,4584661.0,4585645.0,4586726.0,4587749.0,4588822.0,4589783.0,4590697.0,4591533.0,4592466.0,4593373.0,4594147.0,4595174.0,4596010.0,4596887.0,4597740.0,4598583.0,4599507.0,4600367.0,4601235.0,4602031.0,4602839.0,4603629.0,4604337.0,4604965.0,4605716.0,4606451.0,4607195.0,4608113.0,4608905.0,4609671.0,4610446.0,4611230.0,4611913.0,4612757.0,4613538.0,4614376.0,4615163.0,4616010.0,4616957.0,4617811.0,4618499.0,4619253.0,4620024.0,4620764.0,4621604.0,4622450.0,4623184.0,4623800.0,4624530.0,4625209.0,4625958.0,4626657.0,4627585.0,4628397.0,4629164.0,4629881.0,4630605.0,4631285.0,4632078.0,4632999.0,4633840.0,4634586.0,4635316.0,4635998.0,4636712.0,4637397.0,4638192.0,4638916.0,4639563.0,4640237.0,4640919.0,4641677.0,4642431.0,4643263.0,4644075.0,4644886.0,4645647.0,4646445.0,4647192.0,4648006.0,4648834.0,4649630.0,,4651077.0,4651892.0,4652643.0,4653392.0,4654255.0,4655062.0,4655802.0,4656607.0,4657446.0,4658351.0,4659591.0,4661078.0,4662548.0,4663770.0,4664918.0,4666082.0,4667310.0,4668615.0,4670011.0,4671358.0,4672526.0,4673551.0,4674470.0,4675431.0,4676348.0,4677376.0,4678288.0,4679129.0,4680012.0,4680823.0,4681749.0,4682682.0,4683697.0,4684543.0,4685467.0,4686433.0,4687384.0,4688286.0,4689230.0,4690177.0,4691080.0,4692053.0,4692930.0,4693852.0,4694877.0,4695837.0,4696657.0,4697621.0,4698527.0,4699219.0,4699951.0,4700743.0,4701481.0,4702248.0,4703176.0,4703980.0,4704712.0,4705345.0,4706140.0,4706899.0,4707695.0,4708469.0,4709210.0,4709892.0,4710594.0,4711336.0,4712144.0,4712894.0,4713695.0,4714426.0,4715103.0,4715870.0,4716575.0,4717377.0,4718215.0,4719094.0,4719820.0,4720520.0,4721241.0,4722046.0,4722842.0,4723722.0,4724588.0,4725313.0,4725981.0,4726571.0,4727198.0,4727970.0,4728721.0,4729533.0,4730238.0,4730895.0,4731645.0,4732421.0,4733143.0,4733832.0,4734587.0,4735268.0,4736085.0,4736822.0,4737582.0,4738260.0,4739033.0,4739743.0,4740455.0,4741034.0,4741712.0,4742281.0,4742899.0,4743564.0,4744149.0,4744766.0,4745382.0,4746042
c46Psa0YiuA,13057098.0,13057179.0,13057349.0,13057614.0,13057856.0,13058071.0,13058233.0,13058434.0,13058699.0,13058925.0,13059130.0,13059301.0,13059488.0,13059676.0,13059803.0,13059924.0,13060053.0,13060178.0,13060309.0,13060441.0,13060535.0,13060619.0,13060720.0,13060825.0,13060949.0,13061035.0,13061139.0,13061244.0,13061333.0,13061433.0,13061531.0,13061632.0,13061719.0,13061806.0,13061905.0,13062015.0,13062126.0,13062206.0,13062299.0,13062407.0,13062516.0,13062625.0,13062728.0,13062972.0,13063230.0,13063496.0,13063739.0,13063951.0,13064151.0,13064347.0,13064523.0,13064741.0,13064986.0,13065159.0,13065361.0,13065535.0,13065704.0,13065905.0,13066153.0,13066473.0,13066712.0,13067024.0,13067277.0,13067505.0,13067805.0,13068085.0,13068421.0,13068711.0,13068912.0,13069222.0,13069462.0,13069876.0,13070346.0,13070766.0,13071146.0,13071503.0,13071848.0,13072135.0,13072426.0,13072744.0,13073097.0,13073434.0,13073710.0,13073972.0,13074183.0,13074478.0,13074853.0,13075199.0,13075484.0,13075747.0,13076010.0,13076221.0,13076489.0,13076811.0,13077154.0,13077428.0,13077649.0,13077939.0,13078214.0,13078720.0,13079190.0,13079616.0,13079985.0,13080310.0,13080647.0,13080919.0,13081415.0,13081916.0,13082354.0,13082735.0,13083063.0,13083366.0,13083688.0,13085446.0,13087093.0,13088442.0,13089363.0,13090193.0,13090926.0,13091574.0,13092262.0,13092869.0,13093509.0,13094082.0,13094612.0,13095198.0,13095758.0,13096254.0,13096788.0,13097371.0,13097857.0,13098353.0,13098803.0,13099184.0,,,,,,,,,13103159.0,13103577.0,13103943.0,13104275.0,13104560.0,13104903.0,13105215.0,13105499.0,13105813.0,13106106.0,13106416.0,13106645.0,13106970.0,13107242.0,13107560.0,13107852.0,13108122.0,13108419.0,13108675.0,13108913.0,13109196.0,13109554.0,13109874.0,13110177.0,13110426.0,13110773.0,13111055.0,13111319.0,13111607.0,13111881.0,13112214.0,13112494.0,13112749.0,13112993.0,13113262.0,13113494.0,13113725.0,13114199.0,13114816.0,13115178.0,13115495.0,13115778.0,13116125.0,13116438.0,13116639.0,13116869.0,13117103.0,13117331.0,13117603.0,13117822.0,13118099.0,13118317.0,13118554.0,13118801.0,13119019.0,13119227.0,13119441.0,13119598.0,13119777.0,13119935.0,13120104.0,13120288.0,13120467.0,13120654.0,13120839.0,13121015.0,13121187.0,13121352.0,13121492.0,13121639.0,13121777.0,13121945.0,13122126.0,13122246.0,13122432.0,13122608.0,13122747.0,13122904.0,13123090.0,13123225.0,13123415.0,13123567.0,13123684.0,13123833.0,13123947.0,13124115.0,13124237.0,13124391.0,13124499.0,13124613.0,13124760.0,13124884.0,13125027.0,13125186.0,13125304.0,13125441.0,13125582.0,13125733.0,13125838.0,13125953.0,13126083.0,13126213.0,13126337.0,13126478.0,13126608.0,13126723.0,13126857.0,13126983.0,13127113.0,13127225.0,13127334.0,13127433.0,13127550.0,13127657.0,13127771.0,13127884.0,13128011.0,13128102.0,13128232.0,13128350.0,13128443.0,,13128612.0,13128702.0,13128827.0,13128915.0,13129019.0,13129119.0,13129218.0,13129290.0,13129384.0,13129484.0,13129573.0,13129655.0,13129738.0,13129827.0,13129896.0,13129991.0,13130098.0,13130191.0,13130292.0,13130364.0,13130451.0,13130535.0,13130616.0,13130712.0,13130807.0,13130886.0,13130962.0,13131042.0,13131116.0,13131221.0,13131322.0,13131439.0,13131551.0,13131642.0,13131706.0,13131817.0,13131908.0,13132003.0,13132091.0,13132188.0,13132268.0,13132356.0,13132430.0,13132476.0,13132534.0,13132612.0,13132705.0,13132792.0,13132876.0,13132972.0,13133060.0,13133132.0,13133202.0,13133294.0,13133383.0,13133451.0,13133535.0,13133613.0,13133700.0,13133785.0,13133861.0,13133931.0,13134002.0,13134082.0,13134160.0,13134244.0,13134315.0,13134379.0,13134433.0,13134502.0,13134576.0,13134649.0,13134714.0,13134779.0,13134861.0,13134931.0,13134997.0,13135055.0,13135121.0,13135191.0,13135247.0,13135308.0,13135443.0,13135515.0,13135595.0,13135661.0,13135715.0,13135777.0,13135837.0,13135904.0,13135971.0,13136040.0,13136109.0,13136175.0,13136234.0,13136309.0,13136379.0,13136447.0,13136539.0,13136600.0,13136666.0,13136727.0,13136798.0,13136863.0,13136942.0,13137000.0,13137062.0,13137107.0,13137149.0,13137229.0,13137307.0,13137353.0,13137420.0,13137485
ROGJzLUzIIs,11489030.0,11490557.0,11492458.0,11494329.0,11495881.0,11497768.0,11499666.0,11501579.0,11503483.0,11505386.0,11507363.0,11509294.0,11511263.0,11513024.0,11515131.0,11517396.0,11519450.0,11521338.0,11523268.0,11525227.0,11527036.0,11528997.0,11530905.0,11532636.0,11534349.0,11536012.0,11537686.0,11539387.0,11541180.0,11543065.0,11545101.0,11546976.0,11548759.0,11550984.0,11553977.0,11556801.0,11559491.0,11562228.0,11565152.0,11567837.0,11570326.0,11572937.0,11575653.0,11578434.0,11581015.0,11583436.0,11585807.0,11588361.0,11591045.0,11593857.0,11596604.0,11599698.0,11602567.0,11605358.0,11608557.0,11611436.0,11614291.0,11617378.0,11620327.0,11623069.0,11625646.0,11628246.0,11630787.0,11633351.0,11636002.0,11638757.0,11641297.0,11643873.0,11646104.0,11648843.0,11651207.0,11653624.0,11655876.0,11658211.0,11660664.0,11663224.0,11665750.0,11668383.0,11671225.0,11673748.0,11676154.0,11678733.0,11681637.0,11684308.0,11687010.0,11689675.0,11692014.0,11694289.0,11696517.0,11698901.0,11701275.0,11703592.0,11705976.0,11708387.0,11710791.0,11713271.0,11715727.0,11718155.0,11720670.0,11722971.0,11725188.0,11727291.0,11729668.0,11732036.0,11734320.0,11736656.0,11739005.0,11741386.0,11743679.0,11745713.0,11747747.0,11749815.0,11752110.0,11754458.0,11756940.0,11759217.0,11761513.0,11763876.0,11766273.0,11768834.0,11771299.0,11773520.0,11775761.0,11778174.0,11780508.0,11782762.0,11785144.0,11787566.0,11789765.0,11791869.0,11794126.0,11796414.0,11798526.0,11800722.0,,,,,,,,,11820312.0,11822456.0,11824696.0,11826895.0,11829015.0,11831161.0,11833044.0,11834980.0,11836978.0,11838906.0,11840871.0,11842927.0,11844712.0,11846491.0,11848066.0,11849625.0,11851237.0,11852905.0,11854358.0,11855850.0,11857587.0,11859347.0,11861107.0,11862800.0,11864549.0,11866314.0,11868290.0,11870174.0,11871980.0,11873738.0,11875742.0,11877674.0,11879586.0,11881480.0,11883301.0,11885114.0,11886728.0,11888346.0,11890193.0,11892014.0,11893831.0,11895586.0,11897458.0,11899166.0,11900824.0,11902668.0,11904538.0,11906322.0,11907999.0,11909732.0,11911452.0,11913112.0,11915038.0,11916791.0,11918523.0,11920341.0,11922093.0,11923863.0,11925560.0,11927437.0,11929204.0,11930893.0,11932533.0,11934292.0,11935826.0,11937711.0,11939563.0,11941388.0,11942992.0,11944697.0,11946415.0,11948296.0,11950192.0,11952227.0,11953941.0,11955945.0,11957934.0,11960014.0,11962026.0,11964058.0,11965824.0,11967552.0,11969392.0,11971660.0,11973359.0,11975161.0,11976989.0,11978778.0,11980719.0,11982707.0,11984554.0,11986554.0,11988300.0,11990278.0,11992108.0,11994161.0,11996082.0,11998043.0,12000130.0,12001931.0,12003711.0,12005657.0,12007531.0,12009527.0,12011506.0,12013316.0,12014957.0,12016916.0,12018975.0,12020833.0,12022765.0,12024573.0,12026371.0,12028167.0,12029837.0,12031379.0,12032984.0,12034708.0,12036357.0,12038082.0,12039675.0,,12043253.0,12045126.0,12046855.0,12048532.0,12050289.0,12052003.0,12053697.0,12055433.0,12057147.0,12058822.0,12060604.0,12062395.0,12064007.0,12065709.0,12067419.0,12069251.0,12071265.0,12073177.0,12075142.0,12077017.0,12078984.0,12080949.0,12082878.0,12084747.0,12086487.0,12088341.0,12090062.0,12091629.0,12093259.0,12094928.0,12096630.0,12098278.0,12099887.0,12101230.0,12102710.0,12104242.0,12106013.0,12107732.0,12109439.0,12110982.0,12112501.0,12114143.0,12115895.0,12117572.0,12119139.0,12120656.0,12122277.0,12123791.0,12125248.0,12126809.0,12128286.0,12129915.0,12131591.0,12133244.0,12134699.0,12136123.0,12137785.0,12139604.0,12141128.0,12142501.0,12144095.0,12145383.0,12147014.0,12148618.0,12150266.0,12152029.0,12153824.0,12155351.0,12156701.0,12158339.0,12160081.0,12161749.0,12163442.0,12165132.0,12166731.0,12168331.0,12170079.0,12171717.0,12173365.0,12175070.0,12176791.0,12178448.0,12179986.0,12181713.0,12183614.0,12185322.0,12186972.0,12188742.0,12190499.0,12192011.0,12193527.0,12194937.0,12196713.0,12198279.0,12199891.0,12201547.0,12202969.0,12204560.0,12206093.0,12207622.0,12209119.0,12210761.0,12212264.0,12213834.0,12215534.0,12217078.0,12218701.0,12220222.0,12221673.0,12223140.0,12224458.0,12225849.0,12227369.0,12228833
2BQQFKNyAVo,351078.0,351120.0,351162.0,351198.0,351239.0,351282.0,351325.0,351360.0,351400.0,351453.0,351503.0,351552.0,351599.0,351637.0,351682.0,351715.0,351768.0,351812.0,351859.0,351905.0,351950.0,351997.0,352033.0,352062.0,352104.0,352152.0,352191.0,352231.0,352261.0,352297.0,352348.0,352381.0,352426.0,352461.0,352508.0,352570.0,352605.0,352642.0,352671.0,352725.0,352761.0,352798.0,352834.0,352856.0,352880.0,352919.0,352949.0,352988.0,353022.0,353057.0,353085.0,353118.0,353138.0,353171.0,353194.0,353219.0,353255.0,353290.0,353320.0,353354.0,353385.0,353416.0,353459.0,353487.0,353520.0,353557.0,353589.0,353617.0,353652.0,353680.0,353698.0,353732.0,353772.0,353796.0,353831.0,353871.0,353894.0,353923.0,353948.0,353974.0,354013.0,354042.0,354074.0,354098.0,354129.0,354163.0,354181.0,354211.0,354238.0,354264.0,354289.0,354320.0,354350.0,354371.0,354395.0,354425.0,354461.0,354486.0,354506.0,354535.0,354568.0,354591.0,354632.0,354668.0,354696.0,354728.0,354751.0,354786.0,354818.0,354841.0,354869.0,354895.0,354936.0,354961.0,354992.0,355014.0,355045.0,355086.0,355105.0,355134.0,355161.0,355210.0,355241.0,355277.0,355315.0,355343.0,355373.0,355405.0,355427.0,355450.0,355483.0,355507.0,355544.0,355577.0,,,,,,,,,355869.0,355903.0,355942.0,355964.0,355992.0,356022.0,356057.0,356074.0,356108.0,356138.0,356174.0,356213.0,356257.0,356301.0,356334.0,356372.0,356394.0,356422.0,356466.0,356494.0,356528.0,356560.0,356584.0,356614.0,356645.0,356665.0,356688.0,356715.0,356741.0,356778.0,356797.0,356824.0,356860.0,356891.0,356919.0,356951.0,356982.0,357016.0,357048.0,357092.0,357120.0,357169.0,357191.0,357225.0,357267.0,357307.0,357342.0,357376.0,357402.0,357439.0,357469.0,357503.0,357528.0,357555.0,357596.0,357630.0,357668.0,357701.0,357730.0,357766.0,357799.0,357826.0,357867.0,357909.0,357959.0,357985.0,358046.0,358065.0,358091.0,358131.0,358189.0,358230.0,358283.0,358327.0,358371.0,358419.0,358478.0,358529.0,358558.0,358622.0,358671.0,358703.0,358743.0,358770.0,358816.0,358835.0,358872.0,358907.0,358944.0,358985.0,359018.0,359055.0,359106.0,359146.0,359195.0,359250.0,359303.0,359343.0,359388.0,359421.0,359476.0,359534.0,359570.0,359626.0,359663.0,359714.0,359750.0,359790.0,359829.0,359865.0,359903.0,359943.0,359984.0,360018.0,360053.0,360085.0,360122.0,360153.0,360190.0,360224.0,360264.0,,360354.0,360393.0,360434.0,360477.0,360516.0,360545.0,360582.0,360600.0,360630.0,360667.0,360713.0,360743.0,360776.0,360805.0,360845.0,360892.0,360930.0,360982.0,361025.0,361073.0,361127.0,361162.0,361206.0,361255.0,361291.0,361341.0,361379.0,361418.0,361477.0,361526.0,361579.0,361627.0,361666.0,361708.0,361746.0,361791.0,361832.0,361877.0,361914.0,361950.0,361991.0,362036.0,362078.0,362132.0,362192.0,362246.0,362302.0,362338.0,362391.0,362433.0,362482.0,362519.0,362550.0,362582.0,362624.0,362664.0,362710.0,362734.0,362764.0,362799.0,362861.0,362912.0,362968.0,363022.0,363070.0,363118.0,363180.0,363237.0,363283.0,363318.0,363374.0,363430.0,363481.0,363550.0,363612.0,363659.0,363708.0,363750.0,363794.0,363843.0,363897.0,363942.0,363987.0,364028.0,364071.0,364101.0,364131.0,364169.0,364214.0,364252.0,364302.0,364348.0,364382.0,364432.0,364483.0,364541.0,364570.0,364608.0,364650.0,364681.0,364727.0,364756.0,364799.0,364832.0,364878.0,364921.0,364963.0,365005.0,365044.0,365103.0,365128.0,365172.0,365222.0,365256
n9R_owdkYyo,327002.0,327072.0,327162.0,327244.0,327330.0,327406.0,327491.0,327579.0,327662.0,327745.0,327844.0,327939.0,328040.0,328142.0,328222.0,328307.0,328421.0,328501.0,328580.0,328645.0,328729.0,328817.0,328909.0,329001.0,329113.0,329209.0,329301.0,329400.0,329491.0,329594.0,329673.0,329759.0,329829.0,329928.0,329986.0,330091.0,330190.0,330300.0,330373.0,330462.0,330558.0,330641.0,330754.0,330843.0,330921.0,331046.0,331136.0,331228.0,331306.0,331395.0,331485.0,331600.0,331668.0,331769.0,331849.0,331931.0,332031.0,332118.0,332198.0,332289.0,332356.0,332424.0,332540.0,332652.0,332765.0,332846.0,332920.0,332988.0,333085.0,333211.0,333319.0,333438.0,333530.0,333624.0,333723.0,333832.0,333928.0,334035.0,334156.0,334232.0,334297.0,334393.0,334468.0,334550.0,334636.0,334713.0,334779.0,334862.0,334921.0,335006.0,335083.0,335159.0,335235.0,335299.0,335373.0,335436.0,335524.0,335578.0,335644.0,335717.0,335776.0,335847.0,335907.0,335991.0,336084.0,336170.0,336250.0,336343.0,336466.0,336561.0,336677.0,336768.0,336881.0,336957.0,337046.0,337138.0,337235.0,337329.0,337416.0,337506.0,337598.0,337720.0,337815.0,337906.0,338012.0,338105.0,338175.0,338265.0,338376.0,338476.0,338559.0,338645.0,338731.0,338813.0,,,,,,,,,339582.0,339660.0,339758.0,339826.0,339901.0,339994.0,340092.0,340157.0,340246.0,340322.0,340381.0,340456.0,340549.0,340617.0,340675.0,340776.0,340866.0,341017.0,341148.0,341260.0,341350.0,341432.0,341525.0,341613.0,341687.0,341775.0,341868.0,341985.0,342044.0,342125.0,342196.0,342282.0,342356.0,342429.0,342521.0,342592.0,342661.0,342752.0,342817.0,342908.0,342992.0,343079.0,343196.0,343261.0,343339.0,343410.0,343483.0,343554.0,343626.0,343713.0,343795.0,343847.0,343917.0,343991.0,344099.0,344196.0,344283.0,344378.0,344473.0,344585.0,344668.0,344746.0,344817.0,344906.0,344992.0,345074.0,345156.0,345227.0,345274.0,345352.0,345446.0,345521.0,345607.0,345669.0,345766.0,345855.0,345941.0,346021.0,346098.0,346165.0,346236.0,346345.0,346446.0,346543.0,346644.0,346730.0,346817.0,346908.0,346982.0,347057.0,347132.0,347209.0,347274.0,347338.0,347399.0,347472.0,347536.0,347597.0,347668.0,347744.0,347862.0,347947.0,348035.0,348104.0,348176.0,348258.0,348332.0,348436.0,348525.0,348592.0,348667.0,348737.0,348805.0,348906.0,348966.0,349020.0,349078.0,349137.0,349190.0,349271.0,349372.0,,349505.0,349590.0,349671.0,349752.0,349834.0,349898.0,349966.0,350030.0,350102.0,350157.0,350237.0,350297.0,350369.0,350446.0,350505.0,350556.0,350620.0,350681.0,350748.0,350808.0,350882.0,350944.0,351022.0,351115.0,351181.0,351240.0,351295.0,351358.0,351421.0,351486.0,351566.0,351639.0,351692.0,351757.0,351830.0,351900.0,351947.0,352023.0,352089.0,352173.0,352259.0,352330.0,352397.0,352451.0,352516.0,352596.0,352685.0,352790.0,352890.0,352969.0,353022.0,353090.0,353166.0,353248.0,353323.0,353381.0,353434.0,353494.0,353573.0,353631.0,353688.0,353731.0,353790.0,353852.0,353950.0,354015.0,354100.0,354177.0,354247.0,354324.0,354381.0,354430.0,354497.0,354550.0,354609.0,354652.0,354718.0,354780.0,354831.0,354886.0,354965.0,355021.0,355071.0,355115.0,355160.0,355209.0,355256.0,355304.0,355360.0,355418.0,355478.0,355536.0,355580.0,355630.0,355695.0,355748.0,355810.0,355857.0,355896.0,355939.0,356009.0,356050.0,356102.0,356145.0,356193.0,356242.0,356280.0,356327.0,356389.0,356443.0,356492.0,356545.0,356593.0,356631
9JFi7MmjtGA,48861478.0,48902758.0,48943092.0,48981345.0,49029289.0,49078666.0,49128570.0,49180036.0,49230392.0,49280399.0,49331150.0,49390873.0,49461427.0,49527457.0,49597273.0,49661963.0,49726329.0,49788172.0,49855345.0,49921922.0,49994064.0,50072981.0,50152453.0,50227387.0,50299011.0,50364757.0,50432970.0,50498062.0,50571019.0,50644938.0,50715947.0,50778040.0,50853089.0,50935694.0,51020073.0,51082977.0,51155018.0,51230334.0,51293722.0,51349302.0,51404394.0,51464494.0,51533012.0,51602649.0,51657960.0,51707210.0,51759464.0,51824920.0,51892922.0,51962490.0,52028231.0,52089477.0,52148043.0,52209529.0,52278831.0,52352520.0,52422129.0,52483769.0,52538925.0,52584624.0,52643603.0,52700055.0,52753606.0,52812940.0,52882662.0,52952194.0,53007663.0,53064264.0,53106769.0,53170285.0,53227778.0,53287461.0,53350496.0,53415182.0,53477159.0,53541057.0,53600731.0,53655517.0,53706416.0,53758305.0,53811847.0,53868285.0,53926157.0,53979663.0,54030110.0,54077561.0,54122619.0,54173393.0,54224901.0,54274667.0,54321004.0,54364229.0,54409349.0,54456380.0,54502812.0,54558027.0,54608820.0,54656596.0,54708320.0,54758609.0,54809702.0,54856836.0,54907867.0,54964793.0,55022655.0,55080335.0,55129624.0,55175604.0,55218155.0,55262245.0,55304712.0,55346023.0,55389618.0,55434400.0,55480514.0,55526214.0,55573438.0,55622843.0,55674003.0,55724588.0,55776022.0,55822326.0,55864636.0,55906994.0,55953364.0,55998784.0,56046309.0,56105113.0,56159508.0,56211449.0,56266855.0,56324076.0,56383102.0,56434110.0,,,,,,,,,56840978.0,56889045.0,56934891.0,56982223.0,57028697.0,57069457.0,57108144.0,57146087.0,57183953.0,57218754.0,57254606.0,57292106.0,57328738.0,57363427.0,57392907.0,57420276.0,57450484.0,57483523.0,57513727.0,57546698.0,57585114.0,57624122.0,57661803.0,57702451.0,57745426.0,57796079.0,57846142.0,57896322.0,57946033.0,57994167.0,58042396.0,58091504.0,58141354.0,58192347.0,58239873.0,58289120.0,58336672.0,58383439.0,58436364.0,58487787.0,58535129.0,58585088.0,58637668.0,58689594.0,58743182.0,58795592.0,58844962.0,58892581.0,58939251.0,58986954.0,59033214.0,59079639.0,59125850.0,59171412.0,59215995.0,59264889.0,59311223.0,59357301.0,59406992.0,59458337.0,59506089.0,59548650.0,59590256.0,59633014.0,59673064.0,59718593.0,59763950.0,59809587.0,59850654.0,59895067.0,59942545.0,59988675.0,60036618.0,60085154.0,60134544.0,60183107.0,60236045.0,60286790.0,60334161.0,60380799.0,60425669.0,60467614.0,60517511.0,60568154.0,60613666.0,60655284.0,60699783.0,60746428.0,60792079.0,60839102.0,60884553.0,60928515.0,60970663.0,61015843.0,61061733.0,61109080.0,61155732.0,61203324.0,61247770.0,61290640.0,61335439.0,61377597.0,61420225.0,61464683.0,61510959.0,61553871.0,61592700.0,61637466.0,61685812.0,61733799.0,61784819.0,61831669.0,61878121.0,61923411.0,61965232.0,62005230.0,62043207.0,62084953.0,62128825.0,62169939.0,62207042.0,,62295630.0,62342005.0,62386213.0,62430250.0,62480687.0,62527912.0,62573170.0,62616069.0,62658666.0,62700303.0,62741723.0,62783912.0,62823562.0,62865275.0,62903529.0,62941287.0,62983305.0,63025230.0,63067457.0,63108128.0,63148687.0,63189213.0,63230354.0,63274486.0,63316404.0,63356299.0,63393012.0,63431454.0,63472407.0,63512184.0,63550372.0,63591144.0,63631962.0,63667572.0,63707106.0,63745450.0,63781978.0,63821425.0,63862284.0,63901199.0,63937877.0,63977305.0,64020117.0,64061786.0,64102022.0,64142084.0,64178059.0,64212911.0,64248273.0,64282241.0,64315089.0,64347307.0,64379494.0,64411767.0,64442814.0,64475257.0,64507252.0,64540965.0,64573985.0,64606499.0,64638559.0,64667986.0,64698345.0,64732482.0,64768890.0,64804041.0,64835893.0,64872035.0,64908865.0,64951547.0,64993119.0,65031925.0,65069912.0,65111868.0,65151238.0,65187711.0,65227332.0,65263844.0,65299258.0,65337470.0,65381023.0,65421272.0,65459788.0,65500451.0,65542270.0,65585286.0,65627898.0,65669846.0,65711247.0,65749406.0,65788400.0,65828419.0,65866895.0,65907710.0,65951952.0,65996580.0,66035021.0,66075291.0,66119834.0,66161630.0,66203648.0,66251109.0,66301086.0,66343594.0,66393091.0,66438296.0,66481902.0,66527355.0,66574050.0,66619423.0,66661183.0,66704586.0,66748850.0,66792043
trvAP-TCZKw,164418.0,164441.0,164484.0,164518.0,164554.0,164588.0,164612.0,164638.0,164671.0,164706.0,164723.0,164759.0,164788.0,164817.0,164842.0,164865.0,164884.0,164902.0,164925.0,164955.0,165003.0,165042.0,165067.0,165095.0,165126.0,165154.0,165194.0,165231.0,165277.0,165310.0,165338.0,165365.0,165404.0,165433.0,165466.0,165507.0,165549.0,165586.0,165622.0,165653.0,165690.0,165723.0,165771.0,165812.0,165844.0,165886.0,165917.0,165952.0,165989.0,166026.0,166065.0,166090.0,166124.0,166153.0,166185.0,166220.0,166254.0,166279.0,166309.0,166342.0,166377.0,166411.0,166439.0,166477.0,166490.0,166521.0,166554.0,166582.0,166599.0,166633.0,166657.0,166674.0,166689.0,166715.0,166733.0,166771.0,166799.0,166830.0,166871.0,166912.0,166950.0,166977.0,167005.0,167034.0,167066.0,167099.0,167125.0,167157.0,167192.0,167221.0,167248.0,167280.0,167310.0,167337.0,167368.0,167408.0,167446.0,167472.0,167506.0,167540.0,167562.0,167588.0,167609.0,167624.0,167655.0,167685.0,167711.0,167734.0,167756.0,167787.0,167830.0,167868.0,167906.0,167936.0,167957.0,167983.0,168000.0,168029.0,168062.0,168080.0,168096.0,168112.0,168140.0,168163.0,168203.0,168261.0,168279.0,168312.0,168335.0,168354.0,168377.0,168410.0,168432.0,168456.0,,,,,,,,,168669.0,168691.0,168718.0,168737.0,168763.0,168781.0,168802.0,168817.0,168833.0,168866.0,168886.0,168909.0,168933.0,168954.0,168972.0,169001.0,169018.0,169040.0,169060.0,169090.0,169108.0,169130.0,169155.0,169173.0,169195.0,169219.0,169251.0,169269.0,169275.0,169295.0,169317.0,169338.0,169357.0,169388.0,169412.0,169433.0,169450.0,169462.0,169485.0,169511.0,169546.0,169571.0,169590.0,169612.0,169638.0,169657.0,169685.0,169724.0,169742.0,169768.0,169803.0,169825.0,169860.0,169891.0,169914.0,169940.0,169961.0,169981.0,170008.0,170036.0,170063.0,170089.0,170122.0,170156.0,170182.0,170217.0,170250.0,170275.0,170307.0,170340.0,170381.0,170415.0,170452.0,170489.0,170519.0,170542.0,170577.0,170603.0,170625.0,170643.0,170675.0,170696.0,170718.0,170757.0,170802.0,170838.0,170869.0,170900.0,170927.0,170951.0,170982.0,171018.0,171047.0,171085.0,171118.0,171144.0,171162.0,171204.0,171240.0,171277.0,171319.0,171362.0,171385.0,171419.0,171468.0,171514.0,171549.0,171578.0,171608.0,171653.0,171685.0,171734.0,171766.0,171801.0,171833.0,171856.0,171888.0,171924.0,171971.0,172017.0,172154.0,,172330.0,172392.0,172452.0,172520.0,172566.0,172624.0,172668.0,172718.0,172762.0,172800.0,172841.0,172867.0,172898.0,172916.0,172947.0,172979.0,173017.0,173061.0,173091.0,173134.0,173167.0,173210.0,173250.0,173288.0,173329.0,173359.0,173395.0,173437.0,173477.0,173518.0,173554.0,173597.0,173636.0,173670.0,173702.0,173737.0,173780.0,173822.0,173848.0,173886.0,173916.0,173951.0,173992.0,174026.0,174064.0,174089.0,174118.0,174139.0,174173.0,174205.0,174229.0,174275.0,174320.0,174349.0,174373.0,174401.0,174431.0,174456.0,174488.0,174522.0,174551.0,174581.0,174619.0,174654.0,174689.0,174732.0,174757.0,174791.0,174824.0,174852.0,174880.0,174905.0,174941.0,174967.0,174989.0,175016.0,175048.0,175071.0,175088.0,175121.0,175150.0,175173.0,175202.0,175234.0,175270.0,175296.0,175327.0,175359.0,175382.0,175411.0,175441.0,175467.0,175494.0,175520.0,175545.0,175566.0,175598.0,175624.0,175646.0,175669.0,175700.0,175725.0,175752.0,175773.0,175804.0,175827.0,175861.0,175885.0,175910.0,175945.0,175966.0,175997.0,176026.0,176059
r58zujy-71s,5952286.0,5952589.0,5952932.0,5953270.0,5953585.0,5953873.0,5954246.0,5954589.0,5955026.0,5955372.0,5955758.0,5956139.0,5956530.0,5956885.0,5957319.0,5957689.0,5958046.0,5958428.0,5958841.0,5959237.0,5959639.0,5960156.0,5960592.0,5960985.0,5961397.0,5961793.0,5962329.0,5962747.0,5963158.0,5963648.0,5964142.0,5964617.0,5965048.0,5965436.0,5965822.0,5966311.0,5966747.0,5967172.0,5967613.0,5968081.0,5968464.0,5968894.0,5969372.0,5969802.0,5970170.0,5970632.0,5971037.0,5971457.0,5971913.0,5972405.0,5972860.0,5973239.0,5973559.0,5973937.0,5974333.0,5974758.0,5975102.0,5975430.0,5975783.0,5976181.0,5976523.0,5976919.0,5977270.0,5977703.0,5978073.0,5978501.0,5978867.0,5979249.0,5979609.0,5980074.0,5980489.0,5980886.0,5981246.0,5981605.0,5981933.0,5982340.0,5982783.0,5983148.0,5983545.0,5983969.0,5984289.0,5984666.0,5985072.0,5985444.0,5985813.0,5986163.0,5986519.0,5986865.0,5987227.0,5987606.0,5987999.0,5988397.0,5988743.0,5989101.0,5989487.0,5989871.0,5990311.0,5990666.0,5991030.0,5991349.0,5991674.0,5991954.0,5992296.0,5992625.0,5993023.0,5993392.0,5993720.0,5994070.0,5994378.0,5994694.0,5995095.0,5995462.0,5995788.0,5996187.0,5996490.0,5996853.0,5997178.0,5997565.0,5997931.0,5998302.0,5998655.0,5998957.0,5999356.0,5999661.0,5999951.0,6000299.0,6000673.0,6001027.0,6001345.0,6001692.0,6001994.0,6002317.0,6002593.0,6002927.0,,,,,,,,,6005656.0,6005940.0,6006181.0,6006443.0,6006731.0,6006999.0,6007249.0,6007488.0,6007746.0,6007997.0,6008233.0,6008510.0,6008753.0,6009013.0,6009277.0,6009573.0,6009840.0,6010125.0,6010483.0,6010769.0,6011058.0,6011326.0,6011569.0,6011871.0,6012155.0,6012441.0,6012709.0,6013023.0,6013334.0,6013591.0,6013883.0,6014169.0,6014434.0,6014722.0,6014997.0,6015216.0,6015452.0,6015707.0,6016039.0,6016347.0,6016624.0,6016859.0,6017104.0,6017338.0,6017590.0,6017874.0,6018149.0,6018407.0,6018653.0,6018885.0,6019143.0,6019366.0,6019618.0,6019916.0,6020164.0,6020419.0,6020735.0,6021067.0,6021328.0,6021621.0,6021886.0,6022149.0,6022370.0,6022618.0,6022891.0,6023148.0,6023377.0,6023616.0,6023886.0,6024119.0,6024407.0,6024701.0,6024971.0,6025204.0,6025500.0,6025784.0,6026095.0,6026332.0,6026609.0,6026883.0,6027111.0,6027349.0,6027622.0,6027889.0,6028136.0,6028445.0,6028724.0,6029007.0,6029257.0,6029550.0,6029808.0,6030100.0,6030406.0,6030653.0,6030931.0,6031224.0,6031489.0,6031777.0,6032049.0,6032239.0,6032502.0,6032722.0,6032996.0,6033272.0,6033546.0,6033798.0,6034095.0,6034341.0,6034642.0,6034951.0,6035295.0,6035713.0,6036153.0,6036481.0,6036861.0,6037216.0,6037548.0,6037880.0,6038148.0,6038502.0,6038828.0,,6039517.0,6039855.0,6040252.0,6040589.0,6040923.0,6041189.0,6041465.0,6041715.0,6041922.0,6042213.0,6042525.0,6042775.0,6043015.0,6043296.0,6043533.0,6043806.0,6044060.0,6044371.0,6044630.0,6044893.0,6045179.0,6045421.0,6045677.0,6045930.0,6046206.0,6046446.0,6046678.0,6046923.0,6047187.0,6047428.0,6047702.0,6047963.0,6048258.0,6048507.0,6048805.0,6049039.0,6049303.0,6049556.0,6049860.0,6050109.0,6050356.0,6050586.0,6050868.0,6051073.0,6051329.0,6051548.0,6051797.0,6052021.0,6052285.0,6052494.0,6052710.0,6052974.0,6053264.0,6053493.0,6053773.0,6054057.0,6054297.0,6054574.0,6054813.0,6055045.0,6055298.0,6055553.0,6055781.0,6056077.0,6056382.0,6056698.0,6056978.0,6057265.0,6057528.0,6057847.0,6058144.0,6058438.0,6058702.0,6058982.0,6059261.0,6059545.0,6059820.0,6060100.0,6060359.0,6060604.0,6060869.0,6061151.0,6061394.0,6061642.0,6061911.0,6062127.0,6062365.0,6062628.0,6062937.0,6063242.0,6063625.0,6063904.0,6064169.0,6064476.0,6064707.0,6065041.0,6065358.0,6065645.0,6065887.0,6066142.0,6066385.0,6066599.0,6066828.0,6067061.0,6067266.0,6067462.0,6067706.0,6067966.0,6068165.0,6068356.0,6068567.0,6068809.0,6069007.0,6069236
HNnFegT9TPQ,9524.0,9525.0,9528.0,9533.0,9536.0,9539.0,9542.0,9546.0,9548.0,9551.0,9559.0,9563.0,9567.0,9568.0,9575.0,9578.0,9583.0,9588.0,9592.0,9598.0,9601.0,9605.0,9617.0,9627.0,9634.0,9643.0,9648.0,9653.0,9657.0,9662.0,9665.0,9676.0,9680.0,9687.0,9693.0,9696.0,9697.0,9699.0,9705.0,9713.0,9718.0,9720.0,9722.0,9727.0,9730.0,9736.0,9739.0,9745.0,9749.0,9755.0,9758.0,9763.0,9767.0,9772.0,9778.0,9786.0,9792.0,9798.0,9801.0,9808.0,9815.0,9821.0,9825.0,9827.0,9829.0,9832.0,9838.0,9839.0,9841.0,9843.0,9846.0,9846.0,9850.0,9855.0,9857.0,9859.0,9860.0,9862.0,9863.0,9868.0,9871.0,9873.0,9875.0,9877.0,9879.0,9879.0,9879.0,9879.0,9881.0,9882.0,9884.0,9887.0,9890.0,9892.0,9893.0,9898.0,9900.0,9902.0,9904.0,9909.0,9914.0,9915.0,9920.0,9922.0,9924.0,9927.0,9933.0,9938.0,9942.0,9944.0,9946.0,9953.0,9959.0,9968.0,9978.0,10000.0,10008.0,10018.0,10025.0,10030.0,10035.0,10042.0,10046.0,10048.0,10050.0,10053.0,10060.0,10062.0,10066.0,10069.0,10070.0,10075.0,10079.0,10081.0,,,,,,,,,10130.0,10136.0,10140.0,10146.0,10147.0,10156.0,10176.0,10181.0,10196.0,10209.0,10220.0,10233.0,10240.0,10247.0,10308.0,10346.0,10361.0,10369.0,10375.0,10381.0,10391.0,10401.0,10406.0,10416.0,10423.0,10435.0,10437.0,10445.0,10454.0,10460.0,10466.0,10468.0,10476.0,10480.0,10485.0,10490.0,10494.0,10496.0,10498.0,10501.0,10505.0,10506.0,10507.0,10508.0,10513.0,10515.0,10519.0,10525.0,10531.0,10536.0,10540.0,10546.0,10553.0,10560.0,10566.0,10569.0,10576.0,10579.0,10581.0,10586.0,10594.0,10600.0,10602.0,10604.0,10608.0,10613.0,10615.0,10619.0,10621.0,10624.0,10630.0,10633.0,10635.0,10636.0,10638.0,10641.0,10646.0,10657.0,10668.0,10680.0,10689.0,10691.0,10696.0,10703.0,10711.0,10725.0,10736.0,10748.0,10757.0,10767.0,10777.0,10787.0,10802.0,10809.0,10824.0,10837.0,10844.0,10856.0,10868.0,10874.0,10879.0,10887.0,10895.0,10900.0,10907.0,10912.0,10921.0,10926.0,10932.0,10940.0,10943.0,10946.0,10949.0,10953.0,10959.0,10962.0,10967.0,10974.0,10977.0,10985.0,10986.0,,10995.0,10999.0,11004.0,11015.0,11030.0,11035.0,11047.0,11056.0,11063.0,11064.0,11067.0,11079.0,11081.0,11084.0,11085.0,11092.0,11093.0,11095.0,11095.0,11099.0,11101.0,11103.0,11106.0,11110.0,11113.0,11129.0,11132.0,11139.0,11142.0,11149.0,11160.0,11167.0,11180.0,11189.0,11192.0,11197.0,11200.0,11204.0,11213.0,11229.0,11240.0,11247.0,11254.0,11258.0,11261.0,11263.0,11267.0,11270.0,11275.0,11278.0,11285.0,11289.0,11294.0,11300.0,11306.0,11315.0,11321.0,11328.0,11331.0,11333.0,11338.0,11343.0,11349.0,11351.0,11354.0,11359.0,11361.0,11366.0,11371.0,11376.0,11380.0,11383.0,11387.0,11392.0,11396.0,11401.0,11405.0,11410.0,11415.0,11422.0,11424.0,11437.0,11439.0,11453.0,11463.0,11474.0,11476.0,11478.0,11483.0,11492.0,11500.0,11502.0,11509.0,11512.0,11513.0,11517.0,11519.0,11523.0,11525.0,11526.0,11527.0,11529.0,11535.0,11540.0,11540.0,11542.0,11544.0,11544.0,11550.0,11556.0,11557.0,11561.0,11563.0,11564
eUzElDYXgzI,1306955.0,1306965.0,1306973.0,1306982.0,1306991.0,1306998.0,1307005.0,1307014.0,1307024.0,1307028.0,1307033.0,1307046.0,1307058.0,1307068.0,1307077.0,1307089.0,1307094.0,1307112.0,1307119.0,1307132.0,1307136.0,1307143.0,1307154.0,1307156.0,1307161.0,1307166.0,1307174.0,1307186.0,1307190.0,1307199.0,1307203.0,1307211.0,1307225.0,1307230.0,1307238.0,1307247.0,1307252.0,1307263.0,1307273.0,1307276.0,1307283.0,1307289.0,1307295.0,1307302.0,1307312.0,1307322.0,1307331.0,1307347.0,1307368.0,1307394.0,1307406.0,1307415.0,1307421.0,1307426.0,1307432.0,1307438.0,1307450.0,1307451.0,1307460.0,1307468.0,1307474.0,1307477.0,1307487.0,1307498.0,1307502.0,1307506.0,1307513.0,1307518.0,1307523.0,1307531.0,1307538.0,1307546.0,1307548.0,1307551.0,1307558.0,1307561.0,1307570.0,1307578.0,1307589.0,1307598.0,1307609.0,1307622.0,1307646.0,1307669.0,1307688.0,1307696.0,1307704.0,1307713.0,1307720.0,1307727.0,1307733.0,1307744.0,1307753.0,1307762.0,1307764.0,1307776.0,1307788.0,1307793.0,1307795.0,1307804.0,1307807.0,1307818.0,1307830.0,1307836.0,1307844.0,1307860.0,1307873.0,1307884.0,1307896.0,1307903.0,1307912.0,1307917.0,1307922.0,1307927.0,1307938.0,1307945.0,1307951.0,1307958.0,1307964.0,1307973.0,1307979.0,1307981.0,1307989.0,1307999.0,1308007.0,1308012.0,1308017.0,1308032.0,1308043.0,1308049.0,1308054.0,1308062.0,1308063.0,1308070.0,,,,,,,,,1308118.0,1308123.0,1308128.0,1308136.0,1308147.0,1308158.0,1308173.0,1308180.0,1308189.0,1308201.0,1308219.0,1308224.0,1308229.0,1308242.0,1308250.0,1308256.0,1308261.0,1308267.0,1308269.0,1308275.0,1308277.0,1308283.0,1308358.0,1308378.0,1308390.0,1308396.0,1308405.0,1308413.0,1308424.0,1308428.0,1308436.0,1308440.0,1308443.0,1308449.0,1308461.0,1308469.0,1308474.0,1308477.0,1308480.0,1308487.0,1308490.0,1308496.0,1308504.0,1308509.0,1308510.0,1308516.0,1308519.0,1308526.0,1308537.0,1308542.0,1308545.0,1308551.0,1308557.0,1308559.0,1308566.0,1308571.0,1308573.0,1308579.0,1308582.0,1308585.0,1308587.0,1308590.0,1308595.0,1308599.0,1308603.0,1308610.0,1308617.0,1308622.0,1308626.0,1308629.0,1308630.0,1308634.0,1308634.0,1308637.0,1308641.0,1308646.0,1308647.0,1308650.0,1308650.0,1308653.0,1308656.0,1308663.0,1308667.0,1308672.0,1308679.0,1308684.0,1308686.0,1308695.0,1308703.0,1308706.0,1308710.0,1308717.0,1308719.0,1308729.0,1308737.0,1308742.0,1308749.0,1308752.0,1308758.0,1308765.0,1308772.0,1308777.0,1308780.0,1308782.0,1308785.0,1308786.0,1308790.0,1308794.0,1308799.0,1308801.0,1308802.0,1308803.0,1308804.0,1308810.0,1308813.0,1308815.0,1308820.0,1308824.0,1308828.0,1308832.0,1308833.0,,1308838.0,1308840.0,1308843.0,1308848.0,1308856.0,1308862.0,1308864.0,1308869.0,1308871.0,1308875.0,1308879.0,1308883.0,1308886.0,1308894.0,1308899.0,1308905.0,1308907.0,1308915.0,1308922.0,1308925.0,1308930.0,1308934.0,1308935.0,1308939.0,1308940.0,1308940.0,1308943.0,1308947.0,1308950.0,1308953.0,1308954.0,1308955.0,1308956.0,1308958.0,1308961.0,1308969.0,1308969.0,1308971.0,1308975.0,1308978.0,1308981.0,1308981.0,1308986.0,1308989.0,1308992.0,1308995.0,1309000.0,1309006.0,1309008.0,1309011.0,1309015.0,1309019.0,1309023.0,1309026.0,1309031.0,1309036.0,1309040.0,1309045.0,1309053.0,1309054.0,1309055.0,1309059.0,1309061.0,1309061.0,1309062.0,1309064.0,1309068.0,1309072.0,1309075.0,1309079.0,1309081.0,1309084.0,1309088.0,1309091.0,1309095.0,1309099.0,1309105.0,1309111.0,1309117.0,1309120.0,1309120.0,1309122.0,1309131.0,1309135.0,1309135.0,1309138.0,1309142.0,1309149.0,1309153.0,1309155.0,1309159.0,1309163.0,1309167.0,1309170.0,1309174.0,1309189.0,1309196.0,1309199.0,1309204.0,1309209.0,1309212.0,1309214.0,1309222.0,1309230.0,1309232.0,1309237.0,1309245.0,1309254.0,1309256.0,1309261.0,1309264.0,1309266.0,1309270.0,1309272
HpXE1qOROzY,25706.0,25771.0,25807.0,25851.0,25904.0,25947.0,25995.0,26057.0,26102.0,26142.0,26180.0,26227.0,26276.0,26342.0,26417.0,26499.0,26557.0,26634.0,26691.0,26744.0,26818.0,26864.0,26925.0,26970.0,27028.0,27072.0,27119.0,27171.0,27239.0,27292.0,27341.0,27387.0,27430.0,27485.0,27538.0,27583.0,27631.0,27685.0,27714.0,27756.0,27833.0,27875.0,27923.0,27970.0,28002.0,28047.0,28093.0,28144.0,28189.0,28251.0,28312.0,28381.0,28434.0,28494.0,28554.0,28599.0,28651.0,28721.0,28782.0,28821.0,28878.0,28938.0,29009.0,29076.0,29144.0,29229.0,29277.0,29338.0,29383.0,29453.0,29494.0,29536.0,29583.0,29617.0,29668.0,29732.0,29794.0,29837.0,29885.0,29933.0,29977.0,30030.0,30073.0,30138.0,30200.0,30234.0,30260.0,30303.0,30359.0,30410.0,30453.0,30504.0,30562.0,30586.0,30627.0,30670.0,30721.0,30781.0,30841.0,30900.0,30961.0,31013.0,31088.0,31154.0,31231.0,31305.0,31365.0,31430.0,31477.0,31502.0,31538.0,31635.0,31739.0,31854.0,31919.0,31989.0,32076.0,32146.0,32240.0,32354.0,32484.0,32597.0,32705.0,32807.0,32916.0,32995.0,33139.0,33297.0,33376.0,33454.0,33501.0,33592.0,33694.0,33763.0,,,,,,,,,34421.0,34498.0,34570.0,34651.0,34773.0,34917.0,35079.0,35152.0,35257.0,35348.0,35427.0,35516.0,35636.0,35792.0,35914.0,35988.0,36050.0,36124.0,36174.0,36212.0,36259.0,36294.0,36347.0,36399.0,36448.0,36501.0,36545.0,36604.0,36678.0,36725.0,36802.0,36861.0,36915.0,36980.0,37034.0,37075.0,37118.0,37177.0,37242.0,37302.0,37363.0,37435.0,37492.0,37547.0,37610.0,37664.0,37735.0,37793.0,37847.0,37924.0,37989.0,38053.0,38113.0,38191.0,38237.0,38295.0,38351.0,38401.0,38450.0,38526.0,38575.0,38616.0,38648.0,38697.0,38736.0,38786.0,38838.0,38898.0,38919.0,38978.0,39012.0,39029.0,39060.0,39102.0,39160.0,39208.0,39275.0,39325.0,39354.0,39396.0,39429.0,39473.0,39503.0,39548.0,39590.0,39619.0,39653.0,39686.0,39733.0,39782.0,39823.0,39850.0,39877.0,39924.0,39984.0,40037.0,40077.0,40125.0,40173.0,40208.0,40238.0,40288.0,40329.0,40371.0,40404.0,40441.0,40503.0,40551.0,40598.0,40642.0,40682.0,40725.0,40770.0,40810.0,40833.0,40854.0,40933.0,40983.0,41010.0,41063.0,41098.0,,41142.0,41179.0,41216.0,41241.0,41263.0,41289.0,41311.0,41335.0,41351.0,41380.0,41400.0,41418.0,41444.0,41467.0,41495.0,41525.0,41555.0,41604.0,41644.0,41668.0,41698.0,41730.0,41762.0,41795.0,41820.0,41851.0,41875.0,41899.0,41935.0,41975.0,42022.0,42063.0,42099.0,42133.0,42156.0,42184.0,42207.0,42236.0,42268.0,42297.0,42320.0,42354.0,42388.0,42417.0,42450.0,42475.0,42554.0,42620.0,42733.0,42882.0,43025.0,43112.0,43234.0,43311.0,43344.0,43444.0,43569.0,43631.0,43666.0,43713.0,43745.0,43787.0,43824.0,43866.0,43918.0,44016.0,44113.0,44180.0,44248.0,44301.0,44370.0,44432.0,44506.0,44631.0,44704.0,44773.0,44845.0,44947.0,45050.0,45157.0,45241.0,45303.0,45357.0,45395.0,45436.0,45476.0,45514.0,45546.0,45578.0,45599.0,45638.0,45680.0,45726.0,45773.0,45806.0,45841.0,45877.0,45910.0,45945.0,45983.0,46029.0,46056.0,46087.0,46115.0,46134.0,46181.0,46210.0,46246.0,46276.0,46301.0,46341.0,46396.0,46430.0,46491
Yjjpt4VVm78,823.0,823.0,823.0,823.0,824.0,827.0,827.0,828.0,831.0,832.0,832.0,834.0,835.0,835.0,837.0,837.0,837.0,838.0,838.0,838.0,838.0,838.0,839.0,840.0,841.0,841.0,841.0,841.0,862.0,861.0,863.0,863.0,863.0,863.0,864.0,864.0,864.0,864.0,864.0,864.0,866.0,866.0,867.0,868.0,868.0,869.0,869.0,869.0,870.0,873.0,874.0,875.0,875.0,875.0,877.0,877.0,877.0,877.0,879.0,879.0,881.0,881.0,881.0,881.0,881.0,882.0,883.0,883.0,883.0,883.0,883.0,885.0,885.0,886.0,886.0,886.0,886.0,886.0,886.0,887.0,887.0,887.0,887.0,887.0,887.0,887.0,887.0,887.0,888.0,888.0,888.0,888.0,888.0,888.0,888.0,888.0,890.0,891.0,892.0,892.0,892.0,892.0,893.0,893.0,893.0,894.0,895.0,895.0,895.0,895.0,896.0,896.0,896.0,896.0,896.0,896.0,898.0,898.0,900.0,900.0,900.0,901.0,901.0,901.0,902.0,902.0,903.0,903.0,904.0,904.0,905.0,906.0,906.0,907.0,,,,,,,,,909.0,909.0,909.0,909.0,910.0,910.0,910.0,910.0,910.0,910.0,910.0,911.0,912.0,912.0,912.0,912.0,912.0,913.0,913.0,913.0,913.0,913.0,913.0,913.0,914.0,917.0,917.0,917.0,917.0,919.0,919.0,919.0,920.0,920.0,920.0,920.0,920.0,921.0,922.0,922.0,922.0,923.0,923.0,924.0,925.0,925.0,925.0,925.0,925.0,925.0,925.0,925.0,926.0,926.0,926.0,926.0,926.0,926.0,926.0,926.0,926.0,926.0,926.0,926.0,926.0,926.0,926.0,926.0,926.0,926.0,926.0,926.0,926.0,927.0,927.0,928.0,928.0,928.0,929.0,929.0,929.0,929.0,929.0,929.0,929.0,929.0,929.0,929.0,929.0,929.0,929.0,929.0,930.0,930.0,930.0,930.0,931.0,932.0,932.0,933.0,934.0,934.0,935.0,935.0,936.0,936.0,936.0,936.0,936.0,936.0,936.0,937.0,937.0,939.0,939.0,940.0,940.0,942.0,943.0,943.0,944.0,,944.0,946.0,946.0,946.0,946.0,946.0,946.0,947.0,949.0,950.0,951.0,953.0,953.0,954.0,955.0,956.0,956.0,957.0,958.0,960.0,960.0,961.0,961.0,963.0,964.0,965.0,966.0,967.0,968.0,969.0,969.0,969.0,969.0,969.0,969.0,969.0,969.0,969.0,969.0,970.0,970.0,970.0,971.0,972.0,972.0,972.0,972.0,973.0,974.0,974.0,975.0,975.0,976.0,976.0,977.0,977.0,978.0,979.0,979.0,979.0,979.0,979.0,980.0,980.0,980.0,980.0,981.0,981.0,982.0,982.0,982.0,982.0,982.0,982.0,983.0,984.0,984.0,984.0,984.0,986.0,986.0,987.0,987.0,988.0,988.0,989.0,990.0,990.0,990.0,991.0,991.0,991.0,991.0,991.0,991.0,991.0,991.0,991.0,991.0,993.0,993.0,993.0,993.0,993.0,993.0,994.0,994.0,995.0,995.0,996.0,996.0,997.0,999.0,999
6Q5xqNkCk7w,37087265.0,37148401.0,37207675.0,37265597.0,37336053.0,37406686.0,37468968.0,37534264.0,37602776.0,37667741.0,37722906.0,37778542.0,37842068.0,37903414.0,37964729.0,38020975.0,38075217.0,38131412.0,38188297.0,38244820.0,38303915.0,38361987.0,38414723.0,38479748.0,38544451.0,38607569.0,38676096.0,38737726.0,38811231.0,38881300.0,38960676.0,39042467.0,39126608.0,39213540.0,39302873.0,39377645.0,39452764.0,39527684.0,39602040.0,39668452.0,39739019.0,39808934.0,39882675.0,39951207.0,40018609.0,40085476.0,40153408.0,40231771.0,40309048.0,40384546.0,40458682.0,40519083.0,40584769.0,40651942.0,40720093.0,40788454.0,40852786.0,40906090.0,40955599.0,41011494.0,41068109.0,41122729.0,41176697.0,41240856.0,41301789.0,41350483.0,41407245.0,41465521.0,41515909.0,41574983.0,41636133.0,41702710.0,41776323.0,41844745.0,41912295.0,41982147.0,42054360.0,42122141.0,42193652.0,42261304.0,42328266.0,42397282.0,42464165.0,42531820.0,42587501.0,42647273.0,42712170.0,42779235.0,42846646.0,42907425.0,42964676.0,43024340.0,43081749.0,43141948.0,43205057.0,43270078.0,43332732.0,43396677.0,43462745.0,43523641.0,43588157.0,43656305.0,43722468.0,43786665.0,43853382.0,43921716.0,43985937.0,44045664.0,44106641.0,44171165.0,44233146.0,44297823.0,44356627.0,44417070.0,44481134.0,44552820.0,44623029.0,44692255.0,44760153.0,44821229.0,44882324.0,44938464.0,44998311.0,45058644.0,45116626.0,45173299.0,45233262.0,45293387.0,45357709.0,45424827.0,45492316.0,45555436.0,45618963.0,45673500.0,,,,,,,,,46192233.0,46246992.0,46301658.0,46356250.0,46411037.0,46462161.0,46511986.0,46555565.0,46601423.0,46642354.0,46685263.0,46727767.0,46776963.0,46825997.0,46870270.0,46914813.0,46959408.0,47008498.0,47056969.0,47109107.0,47160696.0,47214999.0,47268641.0,47322491.0,47381484.0,47442657.0,47504810.0,47567873.0,47626212.0,47685638.0,47745209.0,47806005.0,47867038.0,47923571.0,47977660.0,48031170.0,48087104.0,48140379.0,48192239.0,48243050.0,48292612.0,48337474.0,48383863.0,48427585.0,48475922.0,48521528.0,48564928.0,48610682.0,48653569.0,48695699.0,48736922.0,48779618.0,48822763.0,48866650.0,48910994.0,48954864.0,48998023.0,49040136.0,49083195.0,49129675.0,49174062.0,49214199.0,49254508.0,49294991.0,49333413.0,49375661.0,49419479.0,49462281.0,49499617.0,49540131.0,49585350.0,49632749.0,49682430.0,49729387.0,49782072.0,49834093.0,49893202.0,49947936.0,49998591.0,50049753.0,50102229.0,50152510.0,50209361.0,50262896.0,50314481.0,50367404.0,50419393.0,50471586.0,50520354.0,50568882.0,50616921.0,50662858.0,50707948.0,50757355.0,50807637.0,50857520.0,50902606.0,50945687.0,50987058.0,51030240.0,51076153.0,51120675.0,51166513.0,51212537.0,51255418.0,51295462.0,51336152.0,51379332.0,51423060.0,51464473.0,51507318.0,51548956.0,51591739.0,51635108.0,51679507.0,51725708.0,51767292.0,51807098.0,51847925.0,51888145.0,51927524.0,,52016575.0,52063126.0,52110129.0,52154436.0,52199647.0,52247937.0,52297566.0,52343723.0,52391383.0,52440124.0,52487975.0,52534918.0,52581402.0,52633211.0,52683381.0,52733080.0,52782187.0,52826451.0,52869437.0,52912346.0,52957385.0,52998894.0,53040447.0,53078962.0,53115183.0,53152289.0,53187446.0,53224575.0,53263535.0,53304075.0,53345636.0,53385625.0,53423971.0,53462905.0,53508774.0,53547785.0,53585515.0,53623885.0,53659397.0,53695745.0,53733205.0,53770362.0,53808122.0,53846619.0,53887017.0,53927614.0,53968740.0,54009957.0,54050777.0,54091770.0,54132277.0,54169590.0,54206944.0,54242048.0,54275342.0,54311699.0,54352282.0,54393094.0,54433978.0,54473634.0,54515278.0,54555580.0,54598105.0,54648842.0,54703292.0,54752409.0,54798010.0,54847266.0,54896358.0,54950230.0,55003313.0,55054182.0,55104733.0,55159098.0,55206875.0,55255912.0,55307616.0,55357615.0,55411345.0,55457704.0,55509998.0,55560549.0,55608628.0,55655386.0,55702148.0,55751037.0,55798818.0,55846314.0,55891028.0,55934959.0,55980775.0,56023281.0,56064001.0,56109115.0,56153953.0,56195894.0,56236632.0,56282389.0,56327681.0,56373502.0,56418039.0,56464051.0,56508153.0,56554337.0,56601089.0,56644636.0,56692313.0,56740354.0,56787637.0,56834968.0,56882476.0,56930435.0,56978674.0,57026111
CN7uhQAC3MU,452566.0,452861.0,453139.0,453404.0,453644.0,453953.0,454287.0,454600.0,454930.0,455182.0,455416.0,455691.0,455992.0,456270.0,456573.0,456894.0,457140.0,457394.0,457635.0,457907.0,458163.0,458389.0,458662.0,458924.0,459170.0,459452.0,459730.0,460039.0,460325.0,460628.0,460921.0,461236.0,461563.0,461895.0,462244.0,462536.0,462848.0,463115.0,463392.0,463739.0,464056.0,464441.0,464830.0,465148.0,465458.0,465788.0,466126.0,466504.0,466859.0,467254.0,467616.0,468103.0,468595.0,468992.0,469411.0,469796.0,470188.0,470646.0,471091.0,471521.0,471976.0,472534.0,472983.0,473528.0,474158.0,474648.0,475071.0,475697.0,476276.0,477064.0,477668.0,478278.0,478918.0,479491.0,480161.0,480774.0,481387.0,481933.0,482576.0,483114.0,483708.0,484373.0,485112.0,485829.0,486541.0,487181.0,487713.0,488343.0,489043.0,489741.0,490431.0,491323.0,491984.0,492855.0,493561.0,494145.0,494987.0,495739.0,496551.0,497247.0,497934.0,498592.0,499323.0,499976.0,500729.0,501404.0,502242.0,502826.0,503326.0,503769.0,504305.0,505054.0,505589.0,506417.0,507118.0,507728.0,508456.0,508973.0,509798.0,510687.0,511569.0,512379.0,513132.0,513872.0,514612.0,515516.0,516577.0,517610.0,518573.0,519268.0,519956.0,520460.0,521005.0,521508.0,,,,,,,,,525181.0,525584.0,526016.0,526654.0,527109.0,527722.0,528187.0,528616.0,529422.0,529949.0,530426.0,530933.0,531530.0,531904.0,532399.0,532823.0,533178.0,533490.0,533826.0,534167.0,534565.0,534955.0,535283.0,535719.0,536070.0,536332.0,536868.0,537251.0,537576.0,537982.0,538308.0,538731.0,539239.0,539734.0,540059.0,540438.0,540854.0,541331.0,541758.0,542221.0,542706.0,543066.0,543442.0,543836.0,544244.0,544607.0,545005.0,545410.0,545766.0,546061.0,546390.0,546824.0,547206.0,547612.0,547987.0,548337.0,548743.0,549181.0,549711.0,550183.0,550585.0,550889.0,551204.0,551561.0,552011.0,552351.0,552700.0,553020.0,553292.0,553558.0,553801.0,554110.0,554448.0,554755.0,555145.0,555601.0,555975.0,556390.0,556712.0,557062.0,557448.0,557796.0,558149.0,558497.0,558852.0,559215.0,559610.0,559988.0,560427.0,560830.0,561211.0,561627.0,561982.0,562285.0,562612.0,562995.0,563322.0,563656.0,563943.0,564305.0,564624.0,564899.0,565231.0,565495.0,565845.0,566143.0,566396.0,566677.0,566996.0,567377.0,568202.0,568486.0,568678.0,568901.0,569167.0,569452.0,569692.0,569896.0,570120.0,570356.0,570532.0,,570901.0,571109.0,571349.0,571546.0,571722.0,571855.0,572022.0,572190.0,572361.0,572566.0,572752.0,572877.0,573003.0,573170.0,573331.0,573514.0,573702.0,573914.0,574105.0,574272.0,574451.0,574673.0,574845.0,575057.0,575276.0,575413.0,575560.0,575702.0,575885.0,576052.0,576233.0,576377.0,576483.0,576591.0,576700.0,576830.0,576961.0,577082.0,577215.0,577353.0,577494.0,577695.0,577917.0,578179.0,578361.0,578626.0,578945.0,579236.0,579515.0,579837.0,580133.0,580373.0,580593.0,580777.0,581062.0,581270.0,581446.0,581615.0,581794.0,581993.0,582171.0,582350.0,582518.0,582753.0,583076.0,583400.0,583667.0,583930.0,584157.0,584433.0,584723.0,585049.0,585354.0,585736.0,586093.0,586390.0,586798.0,587219.0,587620.0,587982.0,588361.0,588702.0,589132.0,589402.0,589639.0,589881.0,590152.0,590353.0,590520.0,590650.0,590830.0,591003.0,591199.0,591376.0,591670.0,591854.0,591986.0,592137.0,592305.0,592496.0,592705.0,592833.0,592964.0,593114.0,593343.0,593631.0,593887.0,594142.0,594336.0,594595.0,594816.0,595027.0,595360.0,595571
1rF5m_j-mLQ,7619308.0,7620169.0,7620939.0,7621738.0,7622483.0,7623280.0,7624033.0,7624746.0,7625474.0,7626323.0,7627049.0,7627805.0,7628489.0,7629301.0,7630068.0,7630730.0,7631331.0,7632042.0,7632814.0,7633526.0,7634191.0,7634842.0,7635514.0,7636259.0,7636956.0,7637582.0,7638306.0,7638983.0,7639715.0,7640391.0,7641055.0,7641719.0,7642262.0,7643008.0,7643701.0,7644474.0,7645202.0,7645958.0,7646648.0,7647427.0,7648108.0,7648801.0,7649515.0,7650655.0,7651954.0,7653086.0,7654129.0,7655277.0,7656213.0,7657102.0,7657856.0,7658613.0,7659286.0,7660081.0,7660826.0,7661537.0,7662235.0,7662933.0,7663603.0,7664549.0,7665387.0,7666177.0,7666975.0,7667798.0,7668659.0,7669474.0,7670321.0,7671213.0,7671989.0,7672988.0,7673842.0,7674735.0,7675530.0,7676362.0,7677191.0,7678010.0,7678838.0,7679682.0,7680575.0,7681393.0,7682240.0,7683039.0,7683809.0,7684537.0,7685330.0,7686166.0,7686905.0,7687711.0,7688456.0,7689278.0,7690039.0,7690811.0,7691658.0,7692473.0,7693280.0,7694077.0,7694912.0,7695640.0,7696439.0,7697198.0,7698043.0,7698972.0,7699785.0,7700648.0,7701453.0,7702227.0,7702992.0,7703729.0,7704438.0,7705232.0,7705977.0,7706778.0,7707518.0,7708267.0,7708969.0,7709758.0,7710465.0,7711123.0,7711861.0,7712527.0,7713280.0,7713884.0,7714600.0,7715285.0,7715955.0,7716557.0,7717307.0,7718034.0,7718794.0,7719618.0,7720391.0,7721118.0,7721868.0,7722541.0,,,,,,,,,7728965.0,7729735.0,7730429.0,7731149.0,7731908.0,7732597.0,7733307.0,7734069.0,7734776.0,7735543.0,7736245.0,7736982.0,7737660.0,7738358.0,7739007.0,7739684.0,7740383.0,7741084.0,7741699.0,7742261.0,7742920.0,7743481.0,7744292.0,7744978.0,7745652.0,7746348.0,7747015.0,7747647.0,7748259.0,7748967.0,7749719.0,7750421.0,7751116.0,7751823.0,7752464.0,7753091.0,7753696.0,7754364.0,7755006.0,7755721.0,7756426.0,7757134.0,7757879.0,7758609.0,7759473.0,7760651.0,7761617.0,7762582.0,7763418.0,7764266.0,7765085.0,7765854.0,7766603.0,7767300.0,7768038.0,7768742.0,7769434.0,7770077.0,7770759.0,7771415.0,7772015.0,7772667.0,7773279.0,7773822.0,7774423.0,7775187.0,7775852.0,7776477.0,7777098.0,7777658.0,7778219.0,7778781.0,7779426.0,7780126.0,7780791.0,7781444.0,7782126.0,7782796.0,7783400.0,7784023.0,7784634.0,7785164.0,7785846.0,7786496.0,7787185.0,7787792.0,7788486.0,7789074.0,7789643.0,7790257.0,7790861.0,7791457.0,7792078.0,7792660.0,7793345.0,7793952.0,7794603.0,7795263.0,7795908.0,7796580.0,7797209.0,7797828.0,7798488.0,7799136.0,7799774.0,7800354.0,7800927.0,7801593.0,7802149.0,7802805.0,7803436.0,7804008.0,7804637.0,7805274.0,7805890.0,7806465.0,7807056.0,7807715.0,7808241.0,7808799.0,7809420.0,,7810707.0,7811285.0,7811852.0,7812370.0,7812916.0,7813529.0,7814157.0,7814718.0,7815241.0,7815894.0,7816517.0,7817107.0,7817650.0,7818271.0,7818831.0,7819444.0,7820080.0,7820662.0,7821286.0,7821891.0,7822502.0,7823091.0,7823627.0,7824191.0,7824781.0,7825404.0,7826029.0,7826562.0,7827218.0,7827807.0,7828472.0,7829084.0,7829699.0,7830377.0,7830969.0,7831616.0,7832294.0,7832980.0,7833707.0,7834468.0,7835238.0,7836104.0,7836961.0,7837795.0,7838617.0,7839425.0,7840282.0,7841065.0,7841792.0,7842612.0,7843385.0,7844169.0,7844817.0,7845583.0,7846278.0,7846922.0,7847582.0,7848198.0,7848726.0,7849433.0,7850056.0,7850687.0,7851316.0,7851858.0,7852428.0,7853054.0,7853588.0,7854255.0,7854868.0,7855417.0,7855978.0,7856526.0,7857130.0,7857735.0,7858433.0,7859159.0,7859865.0,7860472.0,7861150.0,7861846.0,7862459.0,7862995.0,7863630.0,7864281.0,7864828.0,7865484.0,7866188.0,7866845.0,7867466.0,7868104.0,7868772.0,7869297.0,7869833.0,7870360.0,7870964.0,7871581.0,7872135.0,7872687.0,7873203.0,7873814.0,7874360.0,7874941.0,7875554.0,7876102.0,7876632.0,7877157.0,7877803.0,7878301.0,7878960.0,7879490.0,7880012.0,7880475.0,7880990.0,7881544
kfE5M2IRfcg,5713.0,5713.0,5713.0,5713.0,5715.0,5715.0,5715.0,5716.0,5716.0,5716.0,5716.0,5716.0,5716.0,5716.0,5716.0,5717.0,5717.0,5718.0,5718.0,5718.0,5718.0,5718.0,5719.0,5719.0,5719.0,5720.0,5723.0,5723.0,5724.0,5724.0,5724.0,5724.0,5724.0,5724.0,5724.0,5724.0,5724.0,5724.0,5726.0,5726.0,5726.0,5726.0,5726.0,5727.0,5727.0,5728.0,5728.0,5728.0,5728.0,5728.0,5729.0,5730.0,5730.0,5730.0,5731.0,5731.0,5732.0,5732.0,5732.0,5732.0,5732.0,5732.0,5732.0,5732.0,5732.0,5732.0,5732.0,5732.0,5732.0,5732.0,5732.0,5733.0,5733.0,5734.0,5734.0,5734.0,5734.0,5734.0,5734.0,5735.0,5735.0,5735.0,5735.0,5735.0,5735.0,5735.0,5735.0,5735.0,5735.0,5735.0,5735.0,5735.0,5735.0,5735.0,5736.0,5736.0,5736.0,5736.0,5736.0,5736.0,5736.0,5736.0,5736.0,5737.0,5737.0,5737.0,5737.0,5737.0,5737.0,5738.0,5739.0,5739.0,5738.0,5738.0,5738.0,5739.0,5739.0,5739.0,5739.0,5740.0,5740.0,5740.0,5740.0,5740.0,5740.0,5740.0,5740.0,5740.0,5740.0,5740.0,5740.0,5740.0,5740.0,5742.0,,,,,,,,,5745.0,5745.0,5745.0,5745.0,5746.0,5746.0,5747.0,5747.0,5747.0,5748.0,5748.0,5748.0,5749.0,5750.0,5750.0,5750.0,5749.0,5749.0,5749.0,5749.0,5749.0,5749.0,5751.0,5751.0,5751.0,5751.0,5751.0,5751.0,5751.0,5751.0,5751.0,5751.0,5751.0,5751.0,5751.0,5751.0,5751.0,5751.0,5751.0,5751.0,5751.0,5751.0,5751.0,5751.0,5751.0,5751.0,5751.0,5751.0,5751.0,5751.0,5751.0,5751.0,5751.0,5751.0,5752.0,5752.0,5752.0,5752.0,5753.0,5753.0,5753.0,5753.0,5753.0,5754.0,5755.0,5756.0,5756.0,5756.0,5756.0,5757.0,5757.0,5757.0,5757.0,5757.0,5757.0,5757.0,5757.0,5757.0,5757.0,5757.0,5757.0,5758.0,5758.0,5758.0,5758.0,5759.0,5759.0,5759.0,5759.0,5759.0,5759.0,5759.0,5759.0,5759.0,5759.0,5759.0,5760.0,5760.0,5760.0,5761.0,5761.0,5761.0,5762.0,5762.0,5762.0,5762.0,5762.0,5762.0,5762.0,5763.0,5764.0,5764.0,5766.0,5766.0,5766.0,5767.0,5767.0,5767.0,5767.0,5767.0,5767.0,,5769.0,5769.0,5769.0,5769.0,5770.0,5770.0,5770.0,5770.0,5770.0,5770.0,5770.0,5770.0,5770.0,5771.0,5771.0,5771.0,5771.0,5771.0,5771.0,5771.0,5771.0,5771.0,5771.0,5771.0,5771.0,5773.0,5773.0,5775.0,5776.0,5777.0,5778.0,5778.0,5778.0,5778.0,5779.0,5779.0,5779.0,5780.0,5780.0,5780.0,5780.0,5781.0,5781.0,5781.0,5781.0,5781.0,5781.0,5781.0,5781.0,5781.0,5781.0,5781.0,5781.0,5781.0,5781.0,5781.0,5781.0,5781.0,5783.0,5783.0,5783.0,5783.0,5783.0,5783.0,5783.0,5783.0,5784.0,5785.0,5785.0,5785.0,5784.0,5784.0,5786.0,5786.0,5786.0,5786.0,5786.0,5786.0,5786.0,5786.0,5787.0,5787.0,5787.0,5788.0,5788.0,5788.0,5788.0,5788.0,5788.0,5788.0,5789.0,5789.0,5789.0,5789.0,5789.0,5789.0,5789.0,5789.0,5789.0,5789.0,5789.0,5789.0,5789.0,5790.0,5790.0,5790.0,5790.0,5790.0,5790.0,5790.0,5790.0,5790.0,5790.0,5790
4GvLs2Lfe88,37174.0,37187.0,37203.0,37219.0,37229.0,37238.0,37253.0,37274.0,37288.0,37302.0,37307.0,37336.0,37358.0,37373.0,37393.0,37406.0,37426.0,37446.0,37454.0,37468.0,37485.0,37499.0,37521.0,37538.0,37554.0,37563.0,37571.0,37580.0,37598.0,37612.0,37623.0,37634.0,37645.0,37658.0,37664.0,37670.0,37681.0,37689.0,37698.0,37710.0,37723.0,37740.0,37753.0,37770.0,37781.0,37795.0,37806.0,37818.0,37839.0,37862.0,37878.0,37903.0,37923.0,37940.0,37966.0,37990.0,38013.0,38037.0,38062.0,38081.0,38103.0,38121.0,38136.0,38153.0,38167.0,38184.0,38192.0,38215.0,38224.0,38236.0,38258.0,38279.0,38308.0,38327.0,38353.0,38365.0,38373.0,38393.0,38409.0,38433.0,38446.0,38462.0,38479.0,38493.0,38511.0,38523.0,38534.0,38547.0,38565.0,38571.0,38583.0,38594.0,38614.0,38623.0,38632.0,38643.0,38648.0,38660.0,38674.0,38687.0,38698.0,38703.0,38711.0,38715.0,38721.0,38730.0,38742.0,38749.0,38766.0,38776.0,38791.0,38802.0,38815.0,38832.0,38844.0,38860.0,38869.0,38876.0,38880.0,38891.0,38899.0,38910.0,38926.0,38934.0,38942.0,38955.0,38964.0,38970.0,38981.0,38996.0,39004.0,39016.0,39023.0,39028.0,,,,,,,,,39122.0,39140.0,39150.0,39162.0,39169.0,39179.0,39195.0,39211.0,39229.0,39249.0,39259.0,39272.0,39279.0,39289.0,39302.0,39319.0,39325.0,39344.0,39359.0,39384.0,39391.0,39400.0,39410.0,39417.0,39429.0,39436.0,39445.0,39453.0,39460.0,39469.0,39478.0,39492.0,39508.0,39522.0,39527.0,39533.0,39542.0,39550.0,39560.0,39571.0,39577.0,39582.0,39594.0,39601.0,39606.0,39616.0,39625.0,39636.0,39648.0,39658.0,39671.0,39684.0,39698.0,39710.0,39721.0,39738.0,39751.0,39758.0,39763.0,39773.0,39790.0,39799.0,39801.0,39808.0,39815.0,39821.0,39831.0,39844.0,39856.0,39866.0,39876.0,39886.0,39891.0,39898.0,39909.0,39911.0,39917.0,39924.0,39938.0,39948.0,39955.0,39962.0,39970.0,39976.0,39989.0,39996.0,40005.0,40009.0,40016.0,40019.0,40034.0,40038.0,40047.0,40060.0,40073.0,40086.0,40089.0,40094.0,40102.0,40110.0,40118.0,40131.0,40141.0,40152.0,40161.0,40173.0,40180.0,40192.0,40203.0,40209.0,40217.0,40221.0,40230.0,40235.0,40243.0,40248.0,40252.0,40256.0,40266.0,40269.0,40275.0,,40289.0,40294.0,40297.0,40299.0,40307.0,40310.0,40312.0,40323.0,40334.0,40339.0,40346.0,40354.0,40366.0,40370.0,40375.0,40382.0,40382.0,40386.0,40392.0,40407.0,40408.0,40413.0,40419.0,40429.0,40434.0,40445.0,40450.0,40458.0,40468.0,40476.0,40485.0,40496.0,40505.0,40517.0,40527.0,40533.0,40568.0,40571.0,40579.0,40589.0,40600.0,40605.0,40618.0,40630.0,40638.0,40652.0,40660.0,40673.0,40684.0,40697.0,40711.0,40722.0,40733.0,40738.0,40747.0,40760.0,40770.0,40777.0,40792.0,40802.0,40812.0,40833.0,40838.0,40850.0,40860.0,40871.0,40878.0,40892.0,40902.0,40914.0,40920.0,40935.0,40940.0,40946.0,40947.0,40956.0,40967.0,40973.0,40981.0,40992.0,41003.0,41012.0,41024.0,41036.0,41044.0,41057.0,41070.0,41079.0,41086.0,41100.0,41111.0,41117.0,41129.0,41138.0,41150.0,41163.0,41167.0,41177.0,41182.0,41194.0,41206.0,41220.0,41225.0,41236.0,41247.0,41257.0,41269.0,41277.0,41289.0,41301.0,41313.0,41318.0,41333.0,41343
S4hWJ8d5hos,3942.0,3943.0,3944.0,3944.0,3944.0,3945.0,3946.0,3946.0,3947.0,3948.0,3950.0,3953.0,3955.0,3955.0,3955.0,3955.0,3955.0,3955.0,3955.0,3957.0,3958.0,3960.0,3960.0,3961.0,3962.0,3964.0,3964.0,3965.0,3967.0,3970.0,3970.0,3972.0,3976.0,3978.0,3979.0,3979.0,3979.0,3980.0,3981.0,3983.0,3983.0,3983.0,3983.0,3983.0,3983.0,3985.0,3985.0,3985.0,3987.0,3989.0,3991.0,3992.0,3993.0,3994.0,3994.0,3995.0,3997.0,3997.0,3997.0,3998.0,3998.0,3998.0,3998.0,3999.0,4000.0,4002.0,4003.0,4003.0,4003.0,4006.0,4007.0,4009.0,4011.0,4013.0,4015.0,4016.0,4017.0,4018.0,4019.0,4021.0,4021.0,4024.0,4026.0,4026.0,4030.0,4030.0,4030.0,4030.0,4030.0,4032.0,4033.0,4033.0,4035.0,4035.0,4035.0,4036.0,4037.0,4038.0,4039.0,4039.0,4040.0,4040.0,4041.0,4043.0,4043.0,4043.0,4043.0,4043.0,4044.0,4045.0,4046.0,4048.0,4049.0,4049.0,4053.0,4053.0,4053.0,4055.0,4055.0,4056.0,4057.0,4058.0,4058.0,4059.0,4060.0,4061.0,4061.0,4062.0,4062.0,4062.0,4063.0,4063.0,4068.0,4069.0,,,,,,,,,4082.0,4083.0,4083.0,4083.0,4083.0,4084.0,4085.0,4085.0,4085.0,4088.0,4092.0,4094.0,4100.0,4101.0,4101.0,4102.0,4105.0,4105.0,4106.0,4110.0,4110.0,4111.0,4111.0,4112.0,4113.0,4115.0,4116.0,4119.0,4119.0,4119.0,4121.0,4121.0,4121.0,4122.0,4124.0,4124.0,4125.0,4126.0,4127.0,4129.0,4131.0,4128.0,4131.0,4131.0,4133.0,4134.0,4134.0,4137.0,4137.0,4142.0,4144.0,4147.0,4148.0,4148.0,4151.0,4154.0,4154.0,4154.0,4155.0,4155.0,4156.0,4156.0,4156.0,4156.0,4157.0,4158.0,4158.0,4159.0,4159.0,4161.0,4164.0,4166.0,4166.0,4167.0,4169.0,4169.0,4169.0,4172.0,4172.0,4172.0,4172.0,4173.0,4175.0,4176.0,4177.0,4178.0,4180.0,4180.0,4181.0,4181.0,4181.0,4183.0,4183.0,4184.0,4187.0,4187.0,4188.0,4189.0,4192.0,4192.0,4196.0,4198.0,4198.0,4202.0,4203.0,4204.0,4204.0,4205.0,4207.0,4207.0,4207.0,4208.0,4209.0,4211.0,4211.0,4213.0,4216.0,4219.0,4221.0,4224.0,4225.0,,4230.0,4230.0,4232.0,4232.0,4232.0,4233.0,4234.0,4238.0,4239.0,4239.0,4239.0,4241.0,4242.0,4245.0,4246.0,4247.0,4247.0,4250.0,4251.0,4251.0,4252.0,4253.0,4253.0,4255.0,4255.0,4255.0,4255.0,4255.0,4256.0,4256.0,4257.0,4258.0,4258.0,4260.0,4260.0,4261.0,4261.0,4262.0,4266.0,4269.0,4269.0,4270.0,4271.0,4274.0,4276.0,4277.0,4279.0,4282.0,4285.0,4285.0,4286.0,4287.0,4288.0,4289.0,4291.0,4292.0,4295.0,4296.0,4298.0,4301.0,4303.0,4303.0,4303.0,4304.0,4306.0,4307.0,4309.0,4318.0,4319.0,4322.0,4324.0,4324.0,4330.0,4331.0,4332.0,4333.0,4335.0,4337.0,4338.0,4339.0,4340.0,4342.0,4344.0,4344.0,4346.0,4347.0,4348.0,4350.0,4353.0,4353.0,4356.0,4356.0,4357.0,4358.0,4360.0,4362.0,4363.0,4366.0,4366.0,4366.0,4368.0,4370.0,4371.0,4372.0,4373.0,4375.0,4375.0,4375.0,4379.0,4381.0,4382.0,4383.0,4384.0,4388
1ygHBFRXA18,108088.0,108103.0,108122.0,108141.0,108157.0,108174.0,108189.0,108217.0,108226.0,108237.0,108261.0,108285.0,108299.0,108315.0,108327.0,108342.0,108363.0,108375.0,108389.0,108400.0,108415.0,108430.0,108450.0,108465.0,108487.0,108500.0,108524.0,108536.0,108555.0,108573.0,108594.0,108608.0,108623.0,108630.0,108648.0,108659.0,108678.0,108693.0,108714.0,108734.0,108750.0,108765.0,108782.0,108793.0,108807.0,108818.0,108826.0,108841.0,108853.0,108868.0,108880.0,108894.0,108912.0,108932.0,108967.0,109005.0,109032.0,109057.0,109070.0,109088.0,109105.0,109123.0,109145.0,109168.0,109198.0,109216.0,109232.0,109251.0,109257.0,109270.0,109285.0,109297.0,109308.0,109320.0,109357.0,109373.0,109416.0,109445.0,109465.0,109490.0,109498.0,109510.0,109518.0,109538.0,109554.0,109571.0,109583.0,109599.0,109609.0,109623.0,109636.0,109647.0,109664.0,109677.0,109690.0,109703.0,109722.0,109736.0,109745.0,109759.0,109774.0,109778.0,109793.0,109813.0,109831.0,109839.0,109856.0,109861.0,109879.0,109899.0,109916.0,109929.0,109946.0,109962.0,109991.0,110007.0,110024.0,110037.0,110059.0,110079.0,110099.0,110121.0,110137.0,110151.0,110161.0,110175.0,110191.0,110199.0,110218.0,110231.0,110259.0,110277.0,110297.0,110309.0,,,,,,,,,110457.0,110481.0,110496.0,110514.0,110537.0,110563.0,110579.0,110595.0,110613.0,110629.0,110634.0,110647.0,110659.0,110688.0,110735.0,110767.0,110784.0,110807.0,110824.0,110837.0,110860.0,110881.0,110898.0,110909.0,110918.0,110934.0,110948.0,110973.0,110998.0,111019.0,111080.0,111128.0,111164.0,111186.0,111213.0,111228.0,111242.0,111259.0,111282.0,111301.0,111318.0,111336.0,111360.0,111381.0,111406.0,111419.0,111433.0,111452.0,111467.0,111482.0,111503.0,111518.0,111528.0,111548.0,111567.0,111589.0,111609.0,111623.0,111639.0,111674.0,111697.0,111708.0,111719.0,111737.0,111756.0,111770.0,111789.0,111806.0,111814.0,111834.0,111845.0,111865.0,111879.0,111888.0,111911.0,111924.0,111939.0,111951.0,111966.0,111982.0,111996.0,112021.0,112057.0,112076.0,112098.0,112115.0,112133.0,112152.0,112167.0,112179.0,112196.0,112215.0,112238.0,112249.0,112263.0,112278.0,112290.0,112314.0,112336.0,112358.0,112382.0,112403.0,112420.0,112439.0,112455.0,112479.0,112493.0,112515.0,112527.0,112544.0,112554.0,112571.0,112591.0,112609.0,112625.0,112642.0,112654.0,112668.0,112672.0,112697.0,112720.0,,112751.0,112777.0,112806.0,112828.0,112836.0,112858.0,112878.0,112894.0,112909.0,112928.0,112948.0,112963.0,112977.0,112985.0,112997.0,113011.0,113026.0,113046.0,113066.0,113086.0,113098.0,113109.0,113123.0,113137.0,113155.0,113171.0,113183.0,113195.0,113208.0,113223.0,113237.0,113252.0,113267.0,113279.0,113289.0,113301.0,113312.0,113323.0,113334.0,113346.0,113367.0,113378.0,113390.0,113405.0,113421.0,113434.0,113446.0,113462.0,113475.0,113490.0,113504.0,113530.0,113549.0,113563.0,113585.0,113604.0,113614.0,113622.0,113644.0,113655.0,113673.0,113682.0,113696.0,113704.0,113723.0,113748.0,113779.0,113802.0,113829.0,113840.0,113853.0,113877.0,113889.0,113906.0,113930.0,113953.0,113972.0,113993.0,114011.0,114025.0,114048.0,114063.0,114081.0,114101.0,114116.0,114132.0,114154.0,114170.0,114185.0,114201.0,114217.0,114228.0,114265.0,114279.0,114294.0,114308.0,114327.0,114338.0,114351.0,114363.0,114380.0,114392.0,114405.0,114417.0,114432.0,114452.0,114474.0,114490.0,114511.0,114526.0,114541.0,114560.0,114573.0,114595
4_QQA-pkeGU,2238.0,2238.0,2238.0,2238.0,2238.0,2239.0,2239.0,2239.0,2239.0,2239.0,2240.0,2241.0,2242.0,2242.0,2242.0,2242.0,2242.0,2242.0,2243.0,2243.0,2243.0,2245.0,2245.0,2246.0,2246.0,2246.0,2249.0,2249.0,2250.0,2250.0,2250.0,2251.0,2251.0,2251.0,2251.0,2251.0,2253.0,2253.0,2253.0,2253.0,2253.0,2253.0,2253.0,2253.0,2253.0,2253.0,2253.0,2253.0,2253.0,2253.0,2253.0,2253.0,2253.0,2255.0,2255.0,2255.0,2256.0,2256.0,2256.0,2256.0,2257.0,2257.0,2257.0,2257.0,2257.0,2257.0,2257.0,2257.0,2258.0,2258.0,2259.0,2260.0,2260.0,2261.0,2261.0,2261.0,2261.0,2261.0,2261.0,2261.0,2261.0,2261.0,2261.0,2261.0,2261.0,2262.0,2263.0,2263.0,2263.0,2263.0,2263.0,2263.0,2263.0,2263.0,2263.0,2263.0,2264.0,2264.0,2264.0,2264.0,2264.0,2266.0,2266.0,2266.0,2266.0,2266.0,2266.0,2266.0,2266.0,2266.0,2266.0,2266.0,2266.0,2266.0,2266.0,2266.0,2266.0,2266.0,2266.0,2266.0,2266.0,2266.0,2266.0,2266.0,2266.0,2266.0,2266.0,2266.0,2266.0,2266.0,2266.0,2266.0,2266.0,2266.0,,,,,,,,,2266.0,2266.0,2266.0,2266.0,2266.0,2266.0,2266.0,2266.0,2266.0,2266.0,2266.0,2266.0,2266.0,2266.0,2266.0,2266.0,2266.0,2266.0,2266.0,2266.0,2266.0,2266.0,2266.0,2266.0,2266.0,2266.0,2266.0,2266.0,2266.0,2266.0,2266.0,2266.0,2266.0,2266.0,2266.0,2266.0,2266.0,2266.0,2266.0,2266.0,2266.0,2266.0,2266.0,2266.0,2266.0,2266.0,2266.0,2266.0,2266.0,2266.0,2266.0,2266.0,2266.0,2266.0,2266.0,2266.0,2266.0,2266.0,2266.0,2266.0,2266.0,2266.0,2266.0,2266.0,2266.0,2266.0,2266.0,2266.0,2266.0,2266.0,2266.0,2266.0,2266.0,2266.0,2266.0,2266.0,2266.0,2266.0,2266.0,2266.0,2266.0,2266.0,2266.0,2266.0,2266.0,2266.0,2266.0,2266.0,2266.0,2266.0,2266.0,2266.0,2266.0,2266.0,2266.0,2266.0,2266.0,2266.0,2266.0,2266.0,2266.0,2266.0,2266.0,2266.0,2266.0,2266.0,2266.0,2266.0,2266.0,2266.0,2266.0,2266.0,2266.0,2266.0,2266.0,2266.0,2266.0,2266.0,2266.0,2266.0,2266.0,,2266.0,2266.0,2266.0,2266.0,2266.0,2266.0,2266.0,2266.0,2266.0,2266.0,2266.0,2266.0,2266.0,2266.0,2266.0,2266.0,2266.0,2266.0,2266.0,2266.0,2266.0,2266.0,2266.0,2266.0,2266.0,2266.0,2266.0,2266.0,2266.0,2266.0,2266.0,2266.0,2266.0,2266.0,2266.0,2266.0,2266.0,2266.0,2266.0,2266.0,2266.0,2266.0,2266.0,2266.0,2266.0,2266.0,2266.0,2266.0,2266.0,2266.0,2266.0,2266.0,2266.0,2266.0,2266.0,2266.0,2266.0,2266.0,2266.0,2266.0,2266.0,2266.0,2266.0,2266.0,2266.0,2266.0,2266.0,2266.0,2266.0,2266.0,2266.0,2266.0,2266.0,2266.0,2266.0,2266.0,2266.0,2266.0,2266.0,2266.0,2266.0,2266.0,2266.0,2266.0,2266.0,2266.0,2266.0,2266.0,2266.0,2266.0,2266.0,2266.0,2266.0,2266.0,2266.0,2266.0,2266.0,2266.0,2266.0,2266.0,2266.0,2266.0,2266.0,2266.0,2266.0,2266.0,2266.0,2266.0,2266.0,2266.0,2266.0,2266.0,2266.0,2266
EGFTER65SEQ,894455.0,894944.0,895406.0,895900.0,896401.0,896939.0,897500.0,897928.0,898402.0,898826.0,899297.0,899685.0,900093.0,900533.0,901005.0,901524.0,901995.0,902447.0,902946.0,903509.0,904017.0,904627.0,905132.0,905630.0,906076.0,906610.0,907166.0,907856.0,908438.0,908900.0,909390.0,909807.0,910292.0,910854.0,911280.0,911721.0,912124.0,912554.0,912971.0,913409.0,913783.0,914226.0,914710.0,915152.0,915600.0,916040.0,916490.0,917065.0,917528.0,917911.0,918296.0,918669.0,919041.0,919468.0,919859.0,920251.0,920715.0,921246.0,921904.0,922614.0,923113.0,923781.0,924457.0,924960.0,925432.0,925789.0,926209.0,926622.0,926934.0,927379.0,927752.0,928091.0,928605.0,929015.0,929484.0,929876.0,930206.0,930571.0,931001.0,931354.0,931776.0,932091.0,932519.0,932886.0,933212.0,933656.0,934009.0,934333.0,934705.0,935039.0,935533.0,935914.0,936238.0,936651.0,937038.0,937418.0,937826.0,938218.0,938606.0,939065.0,939495.0,939923.0,940285.0,940633.0,941102.0,941550.0,942078.0,942553.0,943019.0,943489.0,944011.0,944479.0,944979.0,945520.0,946031.0,946446.0,946937.0,947422.0,947889.0,948399.0,948912.0,949273.0,949710.0,950083.0,950444.0,950799.0,951155.0,951627.0,952059.0,952464.0,952771.0,953153.0,953509.0,953857.0,,,,,,,,,957904.0,958777.0,959561.0,960514.0,961352.0,962174.0,963311.0,964168.0,965147.0,965789.0,966415.0,967046.0,967543.0,968121.0,968706.0,969220.0,969753.0,970239.0,970754.0,971231.0,971716.0,972111.0,972539.0,972965.0,973388.0,973803.0,974225.0,974662.0,975071.0,975537.0,975935.0,976339.0,976753.0,977171.0,977537.0,977909.0,978244.0,978588.0,978946.0,979275.0,979646.0,980081.0,980442.0,980849.0,981198.0,981556.0,981988.0,982360.0,982801.0,983243.0,983675.0,983984.0,984374.0,984750.0,985108.0,985454.0,985763.0,986087.0,986463.0,986790.0,987220.0,987494.0,987803.0,988185.0,988480.0,988835.0,989178.0,989506.0,989948.0,990304.0,990712.0,991053.0,991378.0,991789.0,992160.0,992648.0,993085.0,993506.0,993966.0,994404.0,994802.0,995182.0,995558.0,995971.0,996357.0,996758.0,997127.0,997566.0,998042.0,998510.0,999014.0,999509.0,999949.0,1000422.0,1000878.0,1001361.0,1001901.0,1002459.0,1002945.0,1003318.0,1003846.0,1004289.0,1004744.0,1005183.0,1005680.0,1006084.0,1006479.0,1006956.0,1007357.0,1007780.0,1008171.0,1008577.0,1009049.0,1009424.0,1009825.0,1010216.0,1010655.0,1011054.0,1011465.0,1011962.0,1012354.0,,1013132.0,1013514.0,1013911.0,1014249.0,1014606.0,1014930.0,1015277.0,1015621.0,1016001.0,1016414.0,1016791.0,1017149.0,1017520.0,1017809.0,1018177.0,1018509.0,1018885.0,1019231.0,1019606.0,1019962.0,1020293.0,1020677.0,1021030.0,1021478.0,1021821.0,1022138.0,1022455.0,1022823.0,1023176.0,1023588.0,1023965.0,1024302.0,1024640.0,1024998.0,1025392.0,1025813.0,1026330.0,1026744.0,1027175.0,1027575.0,1028053.0,1028459.0,1028961.0,1029407.0,1029912.0,1030374.0,1030808.0,1031208.0,1031618.0,1032014.0,1032439.0,1032883.0,1033275.0,1033742.0,1034117.0,1034554.0,1034956.0,1035481.0,1035910.0,1036365.0,1036842.0,1037254.0,1037710.0,1038142.0,1038637.0,1039045.0,1039590.0,1040030.0,1040379.0,1040873.0,1041268.0,1041705.0,1042129.0,1042536.0,1042913.0,1043265.0,1043714.0,1044156.0,1044653.0,1045074.0,1045536.0,1045885.0,1046287.0,1046703.0,1047158.0,1047664.0,1048143.0,1048561.0,1048911.0,1049299.0,1049612.0,1049972.0,1050364.0,1050694.0,1051083.0,1051418.0,1051812.0,1052132.0,1052445.0,1052839.0,1053262.0,1053676.0,1054075.0,1054431.0,1054872.0,1055363.0,1055845.0,1056348.0,1056739.0,1057139.0,1057471.0,1057854.0,1058252.0,1058621
v6F_A9UXK8U,231506.0,231643.0,231767.0,231912.0,232018.0,232161.0,232301.0,232462.0,232684.0,232942.0,233150.0,233381.0,233592.0,233799.0,233995.0,234275.0,234437.0,234584.0,234743.0,234961.0,235145.0,235317.0,235468.0,235630.0,235763.0,235937.0,236127.0,236324.0,236481.0,236653.0,236818.0,236956.0,237112.0,237337.0,237539.0,237715.0,237983.0,238177.0,238393.0,238660.0,238927.0,239248.0,239547.0,239855.0,240109.0,240303.0,240537.0,240813.0,241125.0,241433.0,241779.0,242006.0,242282.0,242559.0,242849.0,243139.0,243501.0,243827.0,244051.0,244295.0,244610.0,244953.0,245339.0,245644.0,245990.0,246295.0,246534.0,246883.0,247227.0,247617.0,248014.0,248359.0,248710.0,249030.0,249465.0,249933.0,250403.0,250979.0,251606.0,252206.0,252629.0,253303.0,253775.0,254343.0,254943.0,255477.0,256033.0,256569.0,257297.0,257770.0,258346.0,258967.0,259696.0,260411.0,260878.0,261625.0,262241.0,262865.0,263640.0,264288.0,264915.0,265411.0,265974.0,266516.0,267016.0,267633.0,268286.0,268674.0,269053.0,269381.0,269772.0,270131.0,270532.0,270965.0,271329.0,271558.0,271850.0,272129.0,272416.0,272722.0,273019.0,273276.0,273579.0,273818.0,274172.0,274543.0,274862.0,275237.0,275431.0,275650.0,275973.0,276284.0,276629.0,276908.0,,,,,,,,,279247.0,279479.0,279676.0,279846.0,280003.0,280206.0,280331.0,280434.0,280642.0,280808.0,281036.0,281234.0,281399.0,281565.0,281740.0,281917.0,282095.0,282278.0,282400.0,282604.0,282781.0,282938.0,283083.0,283246.0,283367.0,283514.0,283697.0,283859.0,284003.0,284160.0,284317.0,284464.0,284621.0,284794.0,284921.0,285075.0,285187.0,285354.0,285486.0,285623.0,285787.0,285961.0,286111.0,286250.0,286445.0,286624.0,286799.0,287004.0,287177.0,287306.0,287434.0,287618.0,287836.0,288053.0,288244.0,288435.0,288593.0,288750.0,288926.0,289139.0,289326.0,289455.0,289615.0,289768.0,289885.0,290046.0,290275.0,290460.0,290638.0,290849.0,291048.0,291232.0,291465.0,291733.0,291949.0,292207.0,292440.0,292598.0,292782.0,292989.0,293144.0,293336.0,293510.0,293721.0,293872.0,294010.0,294173.0,294360.0,294584.0,294788.0,295055.0,295272.0,295439.0,295651.0,295845.0,296051.0,296331.0,296679.0,296897.0,297107.0,297347.0,297615.0,297885.0,298181.0,298415.0,298636.0,298837.0,299146.0,299368.0,299588.0,299740.0,299949.0,300127.0,300266.0,300417.0,300571.0,300725.0,300880.0,301070.0,301193.0,301294.0,,301631.0,301762.0,301893.0,302007.0,302116.0,302214.0,302293.0,302436.0,302542.0,302662.0,302743.0,302838.0,302922.0,303012.0,303101.0,303186.0,303255.0,303343.0,303431.0,303491.0,303564.0,303647.0,303704.0,303797.0,303891.0,303963.0,304049.0,304130.0,304209.0,304300.0,304387.0,304484.0,304570.0,304639.0,304694.0,304778.0,304865.0,304942.0,305039.0,305129.0,305191.0,305292.0,305393.0,305494.0,305587.0,305722.0,305904.0,306117.0,306349.0,306578.0,306847.0,307045.0,307292.0,307553.0,307700.0,307886.0,308070.0,308243.0,308448.0,308655.0,308891.0,309026.0,309187.0,309403.0,309585.0,309795.0,310142.0,310519.0,310792.0,311105.0,311349.0,311605.0,311917.0,312215.0,312460.0,312742.0,313275.0,314324.0,315168.0,315943.0,316709.0,317338.0,318073.0,318512.0,318960.0,319369.0,319733.0,320564.0,321696.0,322654.0,323530.0,324559.0,325645.0,326744.0,327972.0,329146.0,330136.0,331338.0,332466.0,333392.0,334493.0,335557.0,336648.0,337439.0,338477.0,339710.0,340965.0,342254.0,343386.0,344451.0,345323.0,346448.0,347556.0,348584
6UMIT1aY3T0,108234.0,108281.0,108325.0,108355.0,108392.0,108428.0,108486.0,108541.0,108578.0,108623.0,108675.0,108700.0,108739.0,108787.0,108830.0,108887.0,108946.0,108996.0,109030.0,109073.0,109112.0,109158.0,109208.0,109257.0,109302.0,109344.0,109383.0,109421.0,109455.0,109480.0,109527.0,109558.0,109612.0,109647.0,109678.0,109712.0,109766.0,109820.0,109919.0,109983.0,110032.0,110078.0,110142.0,110195.0,110269.0,110328.0,110374.0,110423.0,110461.0,110520.0,110573.0,110622.0,110659.0,110688.0,110736.0,110775.0,110831.0,110890.0,110939.0,110985.0,111035.0,111080.0,111120.0,111169.0,111205.0,111238.0,111284.0,111314.0,111341.0,111371.0,111398.0,111425.0,111457.0,111497.0,111517.0,111539.0,111572.0,111600.0,111629.0,111654.0,111681.0,111715.0,111738.0,111773.0,111806.0,111848.0,111894.0,111926.0,111978.0,112005.0,112041.0,112080.0,112113.0,112148.0,112175.0,112195.0,112213.0,112228.0,112268.0,112304.0,112345.0,112362.0,112394.0,112418.0,112439.0,112461.0,112484.0,112513.0,112540.0,112571.0,112594.0,112622.0,112670.0,112703.0,112747.0,112782.0,112813.0,112848.0,112877.0,112892.0,112919.0,112948.0,112983.0,113014.0,113043.0,113071.0,113093.0,113128.0,113162.0,113187.0,113216.0,113241.0,113270.0,113291.0,,,,,,,,,113620.0,113653.0,113699.0,113739.0,113784.0,113817.0,113845.0,113874.0,113908.0,113956.0,113974.0,113996.0,114050.0,114086.0,114125.0,114154.0,114186.0,114227.0,114256.0,114296.0,114321.0,114349.0,114376.0,114400.0,114420.0,114445.0,114467.0,114488.0,114510.0,114543.0,114583.0,114606.0,114637.0,114661.0,114692.0,114721.0,114741.0,114762.0,114800.0,114830.0,114862.0,114892.0,114919.0,114947.0,114973.0,114992.0,115032.0,115072.0,115095.0,115120.0,115143.0,115171.0,115202.0,115218.0,115240.0,115268.0,115294.0,115316.0,115339.0,115363.0,115393.0,115414.0,115429.0,115455.0,115487.0,115518.0,115545.0,115569.0,115611.0,115641.0,115697.0,115733.0,115771.0,115813.0,115848.0,115885.0,115921.0,115959.0,115998.0,116035.0,116071.0,116089.0,116119.0,116160.0,116184.0,116231.0,116253.0,116276.0,116302.0,116338.0,116364.0,116398.0,116454.0,116499.0,116530.0,116585.0,116625.0,116662.0,116700.0,116740.0,116777.0,116805.0,116827.0,116854.0,116878.0,116899.0,116929.0,116951.0,116976.0,117030.0,117062.0,117081.0,117112.0,117147.0,117178.0,117211.0,117235.0,117272.0,117302.0,117336.0,117380.0,,117467.0,117505.0,117544.0,117587.0,117624.0,117648.0,117684.0,117730.0,117766.0,117803.0,117840.0,117878.0,117917.0,117940.0,117964.0,117993.0,118016.0,118048.0,118074.0,118089.0,118108.0,118131.0,118138.0,118154.0,118184.0,118205.0,118228.0,118251.0,118272.0,118296.0,118317.0,118341.0,118364.0,118387.0,118413.0,118437.0,118461.0,118486.0,118515.0,118542.0,118574.0,118624.0,118676.0,118726.0,118771.0,118817.0,118860.0,118907.0,118950.0,118979.0,118992.0,119014.0,119051.0,119092.0,119120.0,119142.0,119165.0,119195.0,119215.0,119246.0,119300.0,119333.0,119360.0,119380.0,119408.0,119427.0,119451.0,119475.0,119504.0,119544.0,119575.0,119607.0,119631.0,119644.0,119674.0,119715.0,119751.0,119784.0,119814.0,119844.0,119869.0,119898.0,119934.0,119964.0,119988.0,120012.0,120037.0,120071.0,120104.0,120137.0,120172.0,120199.0,120228.0,120265.0,120286.0,120320.0,120362.0,120391.0,120428.0,120460.0,120483.0,120510.0,120542.0,120580.0,120616.0,120636.0,120662.0,120684.0,120704.0,120734.0,120756.0,120787.0,120807.0,120832
PqLpoUT3Iwo,7697627.0,7698063.0,7698461.0,7698835.0,7699296.0,7699852.0,7700315.0,7700813.0,7701387.0,7701994.0,7702581.0,7703152.0,7703697.0,7704252.0,7704867.0,7705421.0,7706051.0,7706566.0,7707118.0,7707698.0,7708216.0,7708690.0,7709211.0,7709748.0,7710248.0,7710800.0,7711327.0,7711817.0,7712291.0,7712721.0,7713241.0,7713706.0,7714181.0,7714686.0,7715194.0,7715658.0,7716252.0,7716669.0,7717175.0,7717652.0,7718149.0,7718590.0,7719047.0,7719500.0,7719958.0,7720339.0,7720851.0,7721334.0,7721787.0,7722280.0,7722853.0,7723346.0,7723871.0,7724436.0,7725022.0,7725588.0,7726157.0,7726715.0,7727333.0,7727951.0,7728544.0,7729219.0,7729858.0,7730510.0,7731155.0,7731828.0,7732482.0,7733087.0,7733744.0,7734570.0,7735215.0,7735927.0,7736674.0,7737333.0,7738069.0,7738777.0,7739532.0,7740200.0,7740953.0,7741708.0,7742411.0,7743048.0,7743721.0,7744357.0,7744999.0,7745594.0,7746184.0,7746935.0,7747630.0,7748274.0,7748877.0,7749511.0,7750048.0,7750617.0,7751276.0,7751850.0,7752383.0,7752949.0,7753490.0,7754003.0,7754623.0,7755174.0,7755771.0,7756266.0,7756862.0,7757366.0,7757905.0,7758423.0,7759020.0,7759626.0,7760256.0,7760835.0,7761388.0,7762172.0,7762879.0,7763628.0,7764328.0,7764977.0,7765752.0,7766414.0,7767107.0,7767753.0,7768465.0,7769035.0,7769623.0,7770258.0,7770983.0,7771653.0,7772402.0,7773051.0,7773810.0,7774533.0,7775229.0,7775881.0,,,,,,,,,7781426.0,7782092.0,7782733.0,7783312.0,7784127.0,7785149.0,7785832.0,7786528.0,7787264.0,7787962.0,7788660.0,7789299.0,7789962.0,7790555.0,7791198.0,7791827.0,7792391.0,7792974.0,7793565.0,7794160.0,7794728.0,7795319.0,7795928.0,7796547.0,7797177.0,7797858.0,7798438.0,7799001.0,7799644.0,7800206.0,7800911.0,7801485.0,7802049.0,7802641.0,7803144.0,7803645.0,7804254.0,7804798.0,7805409.0,7805991.0,7806460.0,7807005.0,7807590.0,7808149.0,7808667.0,7809168.0,7809734.0,7810169.0,7810696.0,7811176.0,7811660.0,7812055.0,7812496.0,7812943.0,7813432.0,7813900.0,7814267.0,7814654.0,7815092.0,7815561.0,7815994.0,7816421.0,7816773.0,7817271.0,7817695.0,7818092.0,7818572.0,7818976.0,7819393.0,7819829.0,7820285.0,7820681.0,7821141.0,7821686.0,7822260.0,7822787.0,7823267.0,7823837.0,7824341.0,7824797.0,7825294.0,7825779.0,7826240.0,7826795.0,7827250.0,7827839.0,7828333.0,7828775.0,7829270.0,7829649.0,7830115.0,7830635.0,7831080.0,7831604.0,7832088.0,7832609.0,7833047.0,7833483.0,7834043.0,7834504.0,7834935.0,7835497.0,7835997.0,7836484.0,7836953.0,7837330.0,7837846.0,7838290.0,7838698.0,7839147.0,7839670.0,7840131.0,7840612.0,7841023.0,7841481.0,7841955.0,7842452.0,7842923.0,7843390.0,7843914.0,7844362.0,,7845291.0,7845717.0,7846172.0,7846581.0,7846977.0,7847432.0,7847781.0,7848190.0,7848540.0,7848881.0,7849324.0,7849738.0,7850143.0,7850504.0,7850887.0,7851224.0,7851568.0,7851955.0,7852333.0,7852742.0,7853101.0,7853498.0,7853819.0,7854186.0,7854528.0,7854921.0,7855281.0,7855655.0,7856060.0,7856397.0,7856867.0,7857274.0,7857767.0,7858190.0,7858565.0,7858943.0,7859368.0,7859772.0,7860120.0,7860463.0,7860846.0,7861135.0,7861485.0,7861845.0,7862180.0,7862562.0,7862950.0,7863322.0,7863682.0,7864078.0,7864417.0,7864837.0,7865197.0,7865554.0,7865942.0,7866249.0,7866597.0,7866933.0,7867291.0,7867647.0,7867996.0,7868331.0,7868636.0,7869028.0,7869339.0,7869639.0,7869983.0,7870264.0,7870591.0,7870885.0,7871206.0,7871530.0,7871847.0,7872192.0,7872537.0,7872867.0,7873200.0,7873434.0,7873806.0,7874094.0,7874445.0,7874795.0,7875098.0,7875410.0,7875762.0,7876045.0,7876368.0,7876736.0,7877044.0,7877390.0,7877753.0,7878075.0,7878371.0,7878690.0,7878992.0,7879344.0,7879682.0,7879965.0,7880265.0,7880673.0,7880989.0,7881234.0,7881532.0,7881827.0,7882106.0,7882397.0,7882685.0,7882971.0,7883247.0,7883519.0,7883789.0,7884070.0,7884347.0,7884627
7QsIj81StIc,83494.0,83516.0,83535.0,83561.0,83589.0,83624.0,83644.0,83674.0,83714.0,83749.0,83783.0,83811.0,83849.0,83893.0,83932.0,83975.0,84009.0,84036.0,84071.0,84116.0,84145.0,84175.0,84198.0,84236.0,84261.0,84289.0,84320.0,84348.0,84376.0,84407.0,84431.0,84455.0,84472.0,84497.0,84535.0,84559.0,84585.0,84613.0,84635.0,84658.0,84679.0,84696.0,84711.0,84724.0,84737.0,84756.0,84778.0,84795.0,84818.0,84842.0,84857.0,84877.0,84897.0,84918.0,84948.0,84974.0,84994.0,85022.0,85038.0,85056.0,85080.0,85114.0,85132.0,85157.0,85180.0,85213.0,85240.0,85262.0,85298.0,85316.0,85352.0,85374.0,85405.0,85427.0,85459.0,85485.0,85509.0,85532.0,85546.0,85574.0,85612.0,85641.0,85683.0,85708.0,85729.0,85757.0,85779.0,85816.0,85843.0,85873.0,85903.0,85933.0,85963.0,85985.0,86014.0,86039.0,86066.0,86093.0,86118.0,86140.0,86164.0,86177.0,86206.0,86230.0,86257.0,86273.0,86283.0,86299.0,86321.0,86342.0,86372.0,86396.0,86417.0,86447.0,86482.0,86509.0,86537.0,86578.0,86613.0,86638.0,86666.0,86694.0,86733.0,86751.0,86782.0,86801.0,86822.0,86841.0,86858.0,86887.0,86921.0,86947.0,86975.0,86998.0,,,,,,,,,87218.0,87235.0,87261.0,87282.0,87316.0,87355.0,87391.0,87423.0,87451.0,87488.0,87515.0,87546.0,87587.0,87611.0,87655.0,87705.0,87751.0,87780.0,87820.0,87835.0,87853.0,87878.0,87951.0,87980.0,88007.0,88026.0,88051.0,88071.0,88088.0,88111.0,88141.0,88155.0,88172.0,88189.0,88200.0,88211.0,88227.0,88246.0,88261.0,88278.0,88291.0,88307.0,88319.0,88338.0,88356.0,88375.0,88393.0,88418.0,88432.0,88453.0,88462.0,88476.0,88494.0,88513.0,88525.0,88538.0,88550.0,88562.0,88579.0,88596.0,88607.0,88614.0,88625.0,88637.0,88654.0,88670.0,88677.0,88687.0,88695.0,88717.0,88726.0,88732.0,88748.0,88764.0,88773.0,88784.0,88800.0,88810.0,88827.0,88840.0,88848.0,88862.0,88872.0,88889.0,88905.0,88912.0,88926.0,88946.0,88956.0,88972.0,88982.0,88992.0,89004.0,89022.0,89036.0,89042.0,89057.0,89065.0,89085.0,89098.0,89125.0,89131.0,89143.0,89153.0,89161.0,89167.0,89186.0,89196.0,89207.0,89216.0,89227.0,89233.0,89240.0,89246.0,89263.0,89274.0,89285.0,89301.0,89306.0,89318.0,89329.0,,89345.0,89370.0,89382.0,89390.0,89411.0,89422.0,89439.0,89458.0,89476.0,89497.0,89515.0,89532.0,89542.0,89554.0,89564.0,89576.0,89594.0,89611.0,89618.0,89629.0,89648.0,89657.0,89668.0,89680.0,89693.0,89699.0,89709.0,89723.0,89734.0,89740.0,89749.0,89762.0,89783.0,89794.0,89813.0,89820.0,89825.0,89838.0,89851.0,89864.0,89876.0,89882.0,89890.0,89905.0,89922.0,89929.0,89939.0,89961.0,89973.0,89986.0,90003.0,90019.0,90029.0,90048.0,90061.0,90075.0,90080.0,90086.0,90094.0,90100.0,90106.0,90112.0,90120.0,90127.0,90142.0,90153.0,90160.0,90169.0,90181.0,90191.0,90197.0,90203.0,90208.0,90218.0,90223.0,90233.0,90245.0,90251.0,90256.0,90264.0,90271.0,90278.0,90287.0,90292.0,90298.0,90306.0,90315.0,90327.0,90340.0,90346.0,90355.0,90365.0,90382.0,90391.0,90397.0,90406.0,90412.0,90420.0,90425.0,90431.0,90439.0,90446.0,90455.0,90461.0,90470.0,90484.0,90488.0,90493.0,90500.0,90504.0,90510.0,90520.0,90539.0,90545
iWI4CLEkUMc,6825.0,6826.0,6826.0,6826.0,6828.0,6829.0,6832.0,6832.0,6833.0,6838.0,6841.0,6846.0,6847.0,6849.0,6850.0,6851.0,6854.0,6855.0,6857.0,6859.0,6862.0,6862.0,6864.0,6865.0,6866.0,6867.0,6868.0,6869.0,6869.0,6869.0,6869.0,6871.0,6871.0,6872.0,6872.0,6873.0,6876.0,6877.0,6877.0,6880.0,6880.0,6882.0,6883.0,6883.0,6885.0,6886.0,6886.0,6892.0,6893.0,6894.0,6896.0,6896.0,6895.0,6896.0,6896.0,6897.0,6897.0,6897.0,6898.0,6900.0,6900.0,6900.0,6903.0,6904.0,6907.0,6908.0,6911.0,6911.0,6912.0,6916.0,6916.0,6916.0,6916.0,6917.0,6917.0,6917.0,6917.0,6918.0,6922.0,6923.0,6924.0,6925.0,6925.0,6925.0,6925.0,6925.0,6926.0,6931.0,6932.0,6934.0,6935.0,6935.0,6935.0,6936.0,6936.0,6936.0,6937.0,6939.0,6939.0,6940.0,6940.0,6940.0,6940.0,6940.0,6940.0,6940.0,6940.0,6940.0,6941.0,6941.0,6941.0,6943.0,6947.0,6948.0,6949.0,6949.0,6949.0,6950.0,6951.0,6953.0,6953.0,6955.0,6955.0,6955.0,6955.0,6955.0,6956.0,6956.0,6956.0,6956.0,6957.0,6958.0,6959.0,6959.0,,,,,,,,,6965.0,6968.0,6969.0,6970.0,6973.0,6973.0,6974.0,6976.0,6976.0,6976.0,6976.0,6976.0,6977.0,6977.0,6978.0,6980.0,6980.0,6981.0,6982.0,6982.0,6982.0,6982.0,6982.0,6982.0,6986.0,6986.0,6986.0,6987.0,6987.0,6987.0,6987.0,6988.0,6988.0,6989.0,6989.0,6989.0,6990.0,6990.0,6990.0,6992.0,6993.0,6992.0,6994.0,6994.0,6994.0,6994.0,6995.0,6995.0,6995.0,6995.0,6996.0,6997.0,6997.0,6999.0,7000.0,7002.0,7002.0,7002.0,7003.0,7003.0,7006.0,7006.0,7006.0,7006.0,7006.0,7006.0,7006.0,7007.0,7007.0,7008.0,7008.0,7008.0,7008.0,7009.0,7009.0,7010.0,7010.0,7010.0,7011.0,7011.0,7011.0,7013.0,7015.0,7015.0,7015.0,7015.0,7016.0,7016.0,7016.0,7016.0,7016.0,7016.0,7017.0,7017.0,7017.0,7017.0,7017.0,7018.0,7020.0,7020.0,7020.0,7020.0,7020.0,7021.0,7021.0,7024.0,7024.0,7025.0,7026.0,7027.0,7027.0,7031.0,7032.0,7033.0,7033.0,7033.0,7033.0,7033.0,7033.0,7033.0,7033.0,,7033.0,7033.0,7033.0,7033.0,7034.0,7035.0,7036.0,7036.0,7036.0,7036.0,7038.0,7038.0,7038.0,7038.0,7038.0,7038.0,7038.0,7038.0,7038.0,7038.0,7038.0,7038.0,7038.0,7038.0,7038.0,7038.0,7038.0,7038.0,7038.0,7038.0,7038.0,7038.0,7038.0,7038.0,7038.0,7038.0,7039.0,7039.0,7039.0,7039.0,7040.0,7040.0,7040.0,7040.0,7040.0,7040.0,7041.0,7041.0,7042.0,7043.0,7048.0,7048.0,7049.0,7051.0,7053.0,7054.0,7056.0,7057.0,7057.0,7057.0,7058.0,7058.0,7058.0,7060.0,7060.0,7061.0,7063.0,7063.0,7063.0,7063.0,7063.0,7064.0,7066.0,7066.0,7066.0,7067.0,7070.0,7073.0,7075.0,7077.0,7078.0,7079.0,7079.0,7080.0,7083.0,7083.0,7084.0,7085.0,7086.0,7086.0,7087.0,7089.0,7089.0,7091.0,7094.0,7097.0,7098.0,7098.0,7100.0,7101.0,7104.0,7107.0,7109.0,7109.0,7110.0,7111.0,7112.0,7112.0,7112.0,7113.0,7113.0,7114.0,7114.0,7115
iXCTojBJbS0,14319.0,14336.0,14347.0,14354.0,14360.0,14378.0,14392.0,14405.0,14417.0,14428.0,14443.0,14453.0,14463.0,14473.0,14485.0,14493.0,14503.0,14513.0,14527.0,14551.0,14563.0,14581.0,14597.0,14612.0,14622.0,14636.0,14647.0,14655.0,14675.0,14697.0,14709.0,14722.0,14730.0,14744.0,14754.0,14759.0,14781.0,14788.0,14795.0,14800.0,14808.0,14819.0,14836.0,14851.0,14863.0,14872.0,14883.0,14890.0,14904.0,14920.0,14924.0,14935.0,14942.0,14960.0,14967.0,14980.0,14989.0,15000.0,15008.0,15012.0,15018.0,15028.0,15034.0,15041.0,15043.0,15054.0,15059.0,15072.0,15079.0,15091.0,15096.0,15105.0,15114.0,15119.0,15134.0,15138.0,15145.0,15150.0,15157.0,15167.0,15169.0,15175.0,15180.0,15187.0,15193.0,15198.0,15206.0,15211.0,15220.0,15228.0,15236.0,15245.0,15254.0,15263.0,15268.0,15276.0,15283.0,15301.0,15312.0,15319.0,15327.0,15333.0,15346.0,15356.0,15369.0,15374.0,15378.0,15380.0,15391.0,15401.0,15407.0,15417.0,15423.0,15433.0,15440.0,15445.0,15448.0,15451.0,15457.0,15460.0,15462.0,15465.0,15467.0,15471.0,15476.0,15480.0,15483.0,15489.0,15489.0,15490.0,15492.0,15494.0,15496.0,15501.0,,,,,,,,,15537.0,15542.0,15542.0,15544.0,15548.0,15553.0,15556.0,15564.0,15572.0,15576.0,15581.0,15592.0,15603.0,15610.0,15613.0,15617.0,15622.0,15625.0,15628.0,15631.0,15633.0,15635.0,15638.0,15643.0,15645.0,15648.0,15653.0,15657.0,15660.0,15663.0,15667.0,15670.0,15673.0,15674.0,15677.0,15681.0,15688.0,15691.0,15694.0,15700.0,15702.0,15707.0,15710.0,15716.0,15722.0,15727.0,15741.0,15748.0,15750.0,15754.0,15766.0,15771.0,15778.0,15791.0,15797.0,15800.0,15804.0,15815.0,15824.0,15830.0,15840.0,15849.0,15854.0,15858.0,15864.0,15866.0,15869.0,15872.0,15877.0,15888.0,15891.0,15897.0,15901.0,15904.0,15912.0,15916.0,15919.0,15927.0,15931.0,15934.0,15942.0,15947.0,15955.0,15963.0,15968.0,15972.0,15976.0,15983.0,15993.0,16002.0,16005.0,16019.0,16028.0,16033.0,16036.0,16042.0,16050.0,16053.0,16058.0,16063.0,16070.0,16076.0,16081.0,16083.0,16092.0,16102.0,16109.0,16112.0,16119.0,16127.0,16133.0,16138.0,16145.0,16147.0,16151.0,16156.0,16158.0,16163.0,16163.0,16170.0,16172.0,,16182.0,16192.0,16196.0,16202.0,16212.0,16221.0,16227.0,16232.0,16234.0,16240.0,16245.0,16251.0,16253.0,16255.0,16262.0,16266.0,16267.0,16272.0,16276.0,16280.0,16281.0,16285.0,16290.0,16294.0,16297.0,16304.0,16306.0,16312.0,16318.0,16321.0,16323.0,16324.0,16328.0,16332.0,16336.0,16339.0,16342.0,16342.0,16345.0,16347.0,16351.0,16357.0,16357.0,16358.0,16364.0,16366.0,16373.0,16381.0,16392.0,16405.0,16415.0,16425.0,16429.0,16434.0,16436.0,16438.0,16444.0,16446.0,16454.0,16454.0,16458.0,16460.0,16461.0,16462.0,16468.0,16472.0,16477.0,16479.0,16482.0,16486.0,16500.0,16523.0,16547.0,16563.0,16576.0,16592.0,16601.0,16604.0,16606.0,16606.0,16611.0,16613.0,16613.0,16613.0,16614.0,16615.0,16618.0,16619.0,16620.0,16620.0,16620.0,16624.0,16624.0,16626.0,16626.0,16626.0,16626.0,16629.0,16631.0,16633.0,16637.0,16638.0,16639.0,16640.0,16642.0,16644.0,16647.0,16649.0,16652.0,16653.0,16654.0,16656.0,16656.0,16658
FtpjVRe2a5I,31532.0,31538.0,31545.0,31553.0,31562.0,31570.0,31578.0,31591.0,31595.0,31603.0,31612.0,31621.0,31629.0,31641.0,31653.0,31665.0,31672.0,31683.0,31694.0,31699.0,31703.0,31716.0,31720.0,31725.0,31732.0,31737.0,31747.0,31749.0,31757.0,31762.0,31771.0,31776.0,31783.0,31787.0,31790.0,31799.0,31806.0,31815.0,31822.0,31833.0,31852.0,31879.0,31893.0,31903.0,31920.0,31925.0,31935.0,31950.0,31969.0,31976.0,31992.0,32006.0,32019.0,32047.0,32059.0,32066.0,32079.0,32090.0,32100.0,32108.0,32119.0,32129.0,32137.0,32147.0,32162.0,32181.0,32191.0,32201.0,32217.0,32223.0,32236.0,32247.0,32254.0,32267.0,32273.0,32277.0,32293.0,32305.0,32311.0,32322.0,32327.0,32335.0,32343.0,32352.0,32356.0,32359.0,32366.0,32375.0,32394.0,32405.0,32411.0,32418.0,32424.0,32432.0,32437.0,32450.0,32459.0,32464.0,32471.0,32479.0,32493.0,32504.0,32512.0,32522.0,32523.0,32528.0,32534.0,32545.0,32551.0,32558.0,32564.0,32572.0,32578.0,32586.0,32592.0,32599.0,32601.0,32603.0,32607.0,32616.0,32623.0,32629.0,32637.0,32641.0,32649.0,32659.0,32669.0,32683.0,32688.0,32697.0,32701.0,32707.0,32713.0,32719.0,,,,,,,,,32772.0,32773.0,32781.0,32784.0,32790.0,32799.0,32802.0,32806.0,32813.0,32817.0,32820.0,32826.0,32829.0,32834.0,32839.0,32845.0,32848.0,32853.0,32855.0,32864.0,32867.0,32872.0,32878.0,32885.0,32890.0,32897.0,32900.0,32908.0,32912.0,32917.0,32923.0,32927.0,32933.0,32938.0,32955.0,32960.0,32966.0,32968.0,32973.0,32981.0,32987.0,32990.0,32990.0,32994.0,32999.0,33003.0,33004.0,33012.0,33017.0,33028.0,33036.0,33041.0,33048.0,33053.0,33057.0,33062.0,33070.0,33072.0,33076.0,33078.0,33081.0,33091.0,33097.0,33103.0,33112.0,33120.0,33125.0,33128.0,33136.0,33146.0,33149.0,33160.0,33164.0,33168.0,33173.0,33178.0,33181.0,33183.0,33188.0,33195.0,33206.0,33211.0,33216.0,33231.0,33237.0,33243.0,33251.0,33257.0,33263.0,33267.0,33271.0,33274.0,33277.0,33281.0,33285.0,33288.0,33292.0,33300.0,33306.0,33308.0,33313.0,33318.0,33324.0,33327.0,33333.0,33340.0,33342.0,33348.0,33352.0,33357.0,33361.0,33367.0,33370.0,33374.0,33378.0,33382.0,33387.0,33393.0,33396.0,33401.0,33405.0,,33414.0,33418.0,33421.0,33422.0,33424.0,33429.0,33429.0,33434.0,33440.0,33443.0,33448.0,33457.0,33458.0,33459.0,33462.0,33464.0,33475.0,33480.0,33491.0,33493.0,33499.0,33505.0,33508.0,33512.0,33520.0,33524.0,33528.0,33539.0,33544.0,33548.0,33555.0,33557.0,33560.0,33566.0,33571.0,33581.0,33585.0,33593.0,33598.0,33601.0,33610.0,33618.0,33623.0,33626.0,33632.0,33637.0,33640.0,33642.0,33648.0,33650.0,33651.0,33657.0,33660.0,33662.0,33664.0,33667.0,33671.0,33677.0,33677.0,33683.0,33685.0,33689.0,33694.0,33697.0,33703.0,33706.0,33714.0,33716.0,33717.0,33724.0,33726.0,33731.0,33734.0,33741.0,33745.0,33751.0,33760.0,33770.0,33775.0,33782.0,33784.0,33789.0,33794.0,33798.0,33803.0,33806.0,33814.0,33818.0,33826.0,33831.0,33838.0,33839.0,33846.0,33852.0,33862.0,33870.0,33873.0,33883.0,33887.0,33891.0,33894.0,33900.0,33908.0,33915.0,33919.0,33922.0,33928.0,33944.0,33955.0,33962.0,33968.0,33973.0,33975.0,33985
yfE5u5T01fI,36299.0,36302.0,36314.0,36326.0,36334.0,36343.0,36361.0,36376.0,36386.0,36395.0,36399.0,36407.0,36419.0,36436.0,36448.0,36455.0,36463.0,36474.0,36490.0,36497.0,36508.0,36519.0,36527.0,36536.0,36553.0,36564.0,36575.0,36579.0,36589.0,36599.0,36605.0,36614.0,36624.0,36629.0,36640.0,36654.0,36661.0,36674.0,36683.0,36706.0,36743.0,36773.0,36797.0,36814.0,36835.0,36845.0,36854.0,36878.0,36911.0,36924.0,36945.0,36961.0,36981.0,37008.0,37023.0,37043.0,37058.0,37076.0,37087.0,37094.0,37118.0,37134.0,37151.0,37166.0,37187.0,37197.0,37207.0,37213.0,37224.0,37235.0,37242.0,37253.0,37268.0,37284.0,37296.0,37303.0,37323.0,37335.0,37349.0,37355.0,37367.0,37379.0,37393.0,37401.0,37407.0,37415.0,37425.0,37435.0,37452.0,37467.0,37479.0,37490.0,37502.0,37511.0,37517.0,37532.0,37540.0,37547.0,37557.0,37573.0,37594.0,37613.0,37626.0,37638.0,37650.0,37654.0,37663.0,37671.0,37682.0,37692.0,37704.0,37722.0,37734.0,37751.0,37767.0,37780.0,37788.0,37793.0,37804.0,37816.0,37823.0,37831.0,37842.0,37852.0,37866.0,37884.0,37892.0,37904.0,37913.0,37918.0,37931.0,37934.0,37936.0,37945.0,,,,,,,,,38018.0,38025.0,38036.0,38045.0,38049.0,38056.0,38063.0,38073.0,38086.0,38095.0,38099.0,38111.0,38122.0,38136.0,38142.0,38146.0,38161.0,38171.0,38185.0,38192.0,38201.0,38208.0,38216.0,38223.0,38230.0,38242.0,38255.0,38262.0,38271.0,38280.0,38283.0,38290.0,38294.0,38301.0,38308.0,38314.0,38323.0,38326.0,38334.0,38345.0,38351.0,38358.0,38363.0,38367.0,38382.0,38384.0,38387.0,38393.0,38398.0,38407.0,38415.0,38423.0,38435.0,38445.0,38458.0,38464.0,38471.0,38477.0,38486.0,38492.0,38499.0,38506.0,38521.0,38527.0,38532.0,38543.0,38555.0,38570.0,38586.0,38595.0,38601.0,38610.0,38619.0,38624.0,38632.0,38638.0,38642.0,38649.0,38655.0,38661.0,38672.0,38678.0,38684.0,38695.0,38703.0,38708.0,38716.0,38723.0,38728.0,38737.0,38741.0,38749.0,38757.0,38766.0,38771.0,38777.0,38785.0,38796.0,38801.0,38805.0,38812.0,38818.0,38829.0,38840.0,38851.0,38862.0,38872.0,38878.0,38884.0,38890.0,38902.0,38907.0,38911.0,38916.0,38923.0,38924.0,38929.0,38935.0,38942.0,38952.0,38956.0,,38967.0,38971.0,38976.0,38977.0,38987.0,38993.0,39001.0,39005.0,39011.0,39013.0,39019.0,39032.0,39041.0,39047.0,39053.0,39058.0,39065.0,39073.0,39079.0,39083.0,39091.0,39101.0,39106.0,39116.0,39121.0,39130.0,39137.0,39145.0,39154.0,39163.0,39171.0,39178.0,39186.0,39193.0,39201.0,39206.0,39214.0,39224.0,39232.0,39238.0,39246.0,39253.0,39262.0,39271.0,39275.0,39284.0,39294.0,39301.0,39303.0,39306.0,39314.0,39322.0,39333.0,39339.0,39343.0,39348.0,39354.0,39360.0,39363.0,39367.0,39372.0,39374.0,39379.0,39385.0,39396.0,39401.0,39404.0,39411.0,39416.0,39424.0,39432.0,39435.0,39441.0,39444.0,39446.0,39451.0,39458.0,39468.0,39473.0,39477.0,39479.0,39489.0,39492.0,39501.0,39509.0,39515.0,39520.0,39527.0,39534.0,39541.0,39552.0,39559.0,39568.0,39571.0,39581.0,39587.0,39590.0,39602.0,39610.0,39615.0,39619.0,39624.0,39634.0,39642.0,39653.0,39656.0,39669.0,39676.0,39686.0,39692.0,39695.0,39701.0,39702.0,39710
SQcG403C04g,10396456.0,10396533.0,10396626.0,10396726.0,10396841.0,10396978.0,10397072.0,10397259.0,10397510.0,10397751.0,10398009.0,10398278.0,10398553.0,10398796.0,10399061.0,10399287.0,10399534.0,10399753.0,10399938.0,10400129.0,10400322.0,10400462.0,10400617.0,10400775.0,10400917.0,10401076.0,10401232.0,10401381.0,10401518.0,10401664.0,10401809.0,10401954.0,10402102.0,10402233.0,10402397.0,10402542.0,10402703.0,10402831.0,10402963.0,10403092.0,10403269.0,10403451.0,10403613.0,10403831.0,10404038.0,10404233.0,10404429.0,10404624.0,10404869.0,10405085.0,10405367.0,10405630.0,10405952.0,10406281.0,10406601.0,10406960.0,10407401.0,10408207.0,10409056.0,10410140.0,10411394.0,10413291.0,10414893.0,10416430.0,10418145.0,10420136.0,10422232.0,10424077.0,10425660.0,10427724.0,10429362.0,10430768.0,10432380.0,10433974.0,10435605.0,10437201.0,10438956.0,10440427.0,10443845.0,10448831.0,10456066.0,10463587.0,10469871.0,10475545.0,10480002.0,10484799.0,10488617.0,10491514.0,10493608.0,10495348.0,10496927.0,10498478.0,10500828.0,10505649.0,10512253.0,10517862.0,10522959.0,10527398.0,10530493.0,10533786.0,10537872.0,10542156.0,10545592.0,10549560.0,10553769.0,10557492.0,10560259.0,10563407.0,10566413.0,10568856.0,10571121.0,10573307.0,10574945.0,10579432.0,10585198.0,10590957.0,10595924.0,10600101.0,10603479.0,10606229.0,10608901.0,10611394.0,10613603.0,10615439.0,10617132.0,10618834.0,10620518.0,10622270.0,10623989.0,10625411.0,10626762.0,10628111.0,10629421.0,10630561.0,,,,,,,,,10642146.0,10643544.0,10644760.0,10646210.0,10647807.0,10649216.0,10650876.0,10652413.0,10653784.0,10655243.0,10656568.0,10658072.0,10659434.0,10660616.0,10661774.0,10663081.0,10663984.0,10664963.0,10665830.0,10666647.0,10667434.0,10668304.0,10669171.0,10670010.0,10670776.0,10671521.0,10672313.0,10673062.0,10673870.0,10674697.0,10675487.0,10676139.0,10676842.0,10677587.0,10678256.0,10678923.0,10679716.0,10680539.0,10681321.0,10682029.0,10682892.0,10683684.0,10684635.0,10685561.0,10686368.0,10687109.0,10687819.0,10688499.0,10689192.0,10689890.0,10690484.0,10691063.0,10691596.0,10692127.0,10692770.0,10693401.0,10694012.0,10694704.0,10695320.0,10695924.0,10696545.0,10697130.0,10697631.0,10698186.0,10698817.0,10699401.0,10700011.0,10700490.0,10700966.0,10701467.0,10701979.0,10702482.0,10702988.0,10703487.0,10703951.0,10704462.0,10704921.0,10705381.0,10705758.0,10706180.0,10706530.0,10706906.0,10707298.0,10707720.0,10708096.0,10708480.0,10708857.0,10709212.0,10709546.0,10709925.0,10710271.0,10710608.0,10710979.0,10711374.0,10711748.0,10712190.0,10712881.0,10713710.0,10714473.0,10715010.0,10715485.0,10715913.0,10716271.0,10716656.0,10717042.0,10717378.0,10717792.0,10718097.0,10718433.0,10718721.0,10719065.0,10719380.0,10719748.0,10720044.0,10720394.0,10720683.0,10720980.0,10721240.0,10721484.0,10721782.0,10722030.0,,10722561.0,10722762.0,10723001.0,10723220.0,10723428.0,10723663.0,10723856.0,10724070.0,10724273.0,10724514.0,10724738.0,10724950.0,10725186.0,10725400.0,10725635.0,10725883.0,10726196.0,10726512.0,10726819.0,10727111.0,10727373.0,10727619.0,10727857.0,10728092.0,10728332.0,10728562.0,10728854.0,10729117.0,10729319.0,10729541.0,10729736.0,10729946.0,10730140.0,10730322.0,10730544.0,10730755.0,10730986.0,10731192.0,10731353.0,10731589.0,10731800.0,10732004.0,10732202.0,10732418.0,10732631.0,10732837.0,10733065.0,10733316.0,10733504.0,10733706.0,10733876.0,10734135.0,10734408.0,10734673.0,10734996.0,10735221.0,10735439.0,10735665.0,10735917.0,10736184.0,10736476.0,10736718.0,10736940.0,10737213.0,10737488.0,10737735.0,10737981.0,10738248.0,10738515.0,10738771.0,10739016.0,10739271.0,10739518.0,10739746.0,10739980.0,10740301.0,10740559.0,10740803.0,10741024.0,10741247.0,10741433.0,10741626.0,10741873.0,10742119.0,10742333.0,10742537.0,10742702.0,10742902.0,10743109.0,10743294.0,10743557.0,10743806.0,10744033.0,10744211.0,10744409.0,10744641.0,10744845.0,10744992.0,10745167.0,10745372.0,10745608.0,10745803.0,10746022.0,10746202.0,10746348.0,10746557.0,10746734.0,10746916.0,10747080.0,10747254.0,10747420.0,10747601.0,10747772.0,10747965
rKlSjlDu8uY,38528.0,38560.0,38586.0,38609.0,38630.0,38657.0,38676.0,38694.0,38737.0,38764.0,38797.0,38829.0,38857.0,38881.0,38913.0,38954.0,38993.0,39026.0,39043.0,39071.0,39101.0,39123.0,39145.0,39163.0,39188.0,39213.0,39242.0,39272.0,39294.0,39319.0,39355.0,39372.0,39396.0,39412.0,39438.0,39461.0,39496.0,39529.0,39557.0,39577.0,39601.0,39626.0,39655.0,39689.0,39713.0,39740.0,39770.0,39790.0,39817.0,39851.0,39887.0,39915.0,39945.0,39970.0,39992.0,40020.0,40037.0,40052.0,40077.0,40106.0,40141.0,40185.0,40209.0,40227.0,40249.0,40276.0,40291.0,40307.0,40314.0,40340.0,40371.0,40402.0,40421.0,40435.0,40453.0,40472.0,40491.0,40504.0,40527.0,40549.0,40571.0,40587.0,40609.0,40624.0,40653.0,40683.0,40698.0,40721.0,40740.0,40762.0,40788.0,40820.0,40846.0,40859.0,40870.0,40896.0,40918.0,40935.0,40946.0,40974.0,40994.0,41013.0,41040.0,41058.0,41082.0,41098.0,41113.0,41130.0,41150.0,41171.0,41190.0,41214.0,41225.0,41254.0,41279.0,41302.0,41325.0,41349.0,41372.0,41403.0,41419.0,41436.0,41458.0,41494.0,41508.0,41527.0,41549.0,41584.0,41633.0,41761.0,41833.0,41874.0,41904.0,41933.0,,,,,,,,,42159.0,42184.0,42204.0,42229.0,42261.0,42285.0,42310.0,42325.0,42354.0,42379.0,42400.0,42418.0,42433.0,42460.0,42474.0,42499.0,42535.0,42552.0,42569.0,42596.0,42624.0,42653.0,42679.0,42704.0,42726.0,42745.0,42763.0,42784.0,42804.0,42824.0,42842.0,42863.0,42885.0,42907.0,42933.0,42952.0,42978.0,42998.0,43020.0,43041.0,43063.0,43080.0,43106.0,43131.0,43145.0,43166.0,43194.0,43233.0,43265.0,43289.0,43318.0,43340.0,43375.0,43417.0,43446.0,43459.0,43481.0,43507.0,43526.0,43552.0,43568.0,43577.0,43594.0,43605.0,43626.0,43652.0,43677.0,43706.0,43713.0,43737.0,43756.0,43776.0,43787.0,43811.0,43825.0,43853.0,43876.0,43891.0,43905.0,43927.0,43939.0,43963.0,43980.0,44008.0,44026.0,44044.0,44066.0,44094.0,44115.0,44140.0,44166.0,44175.0,44190.0,44201.0,44211.0,44223.0,44235.0,44251.0,44268.0,44280.0,44294.0,44304.0,44319.0,44328.0,44343.0,44351.0,44366.0,44379.0,44384.0,44397.0,44409.0,44417.0,44430.0,44435.0,44449.0,44460.0,44470.0,44477.0,44483.0,44501.0,44516.0,,44532.0,44544.0,44549.0,44558.0,44565.0,44579.0,44586.0,44592.0,44603.0,44609.0,44614.0,44625.0,44638.0,44650.0,44655.0,44666.0,44673.0,44686.0,44692.0,44697.0,44709.0,44719.0,44728.0,44732.0,44737.0,44747.0,44753.0,44767.0,44777.0,44790.0,44800.0,44811.0,44822.0,44828.0,44839.0,44856.0,44866.0,44874.0,44884.0,44896.0,44903.0,44916.0,44927.0,44933.0,44940.0,44947.0,44960.0,44973.0,44980.0,44989.0,45000.0,45013.0,45018.0,45026.0,45031.0,45037.0,45048.0,45054.0,45060.0,45066.0,45074.0,45080.0,45087.0,45090.0,45097.0,45102.0,45109.0,45122.0,45135.0,45141.0,45146.0,45149.0,45156.0,45163.0,45173.0,45187.0,45194.0,45204.0,45217.0,45225.0,45233.0,45244.0,45257.0,45265.0,45270.0,45275.0,45287.0,45296.0,45294.0,45300.0,45306.0,45312.0,45316.0,45320.0,45325.0,45331.0,45338.0,45343.0,45351.0,45356.0,45363.0,45372.0,45375.0,45383.0,45390.0,45394.0,45397.0,45408.0,45412.0,45420.0,45430.0,45441.0,45451.0,45458
VLNbPz81ToU,150455.0,150491.0,150528.0,150551.0,150578.0,150596.0,150622.0,150657.0,150695.0,150731.0,150776.0,150804.0,150830.0,150870.0,150903.0,150930.0,150956.0,150982.0,151016.0,151048.0,151084.0,151110.0,151140.0,151169.0,151207.0,151224.0,151255.0,151281.0,151302.0,151327.0,151355.0,151386.0,151414.0,151432.0,151456.0,151488.0,151500.0,151529.0,151550.0,151569.0,151592.0,151607.0,151632.0,151663.0,151687.0,151700.0,151717.0,151725.0,151741.0,151770.0,151792.0,151808.0,151823.0,151844.0,151862.0,151879.0,151894.0,151907.0,151923.0,151955.0,151976.0,151996.0,152015.0,152031.0,152048.0,152060.0,152086.0,152105.0,152129.0,152156.0,152174.0,152194.0,152219.0,152247.0,152266.0,152281.0,152299.0,152319.0,152339.0,152359.0,152379.0,152412.0,152435.0,152457.0,152485.0,152503.0,152523.0,152552.0,152581.0,152596.0,152630.0,152673.0,152709.0,152743.0,152776.0,152802.0,152832.0,152854.0,152878.0,152908.0,152928.0,152956.0,152969.0,152997.0,153029.0,153063.0,153087.0,153118.0,153143.0,153169.0,153201.0,153222.0,153252.0,153275.0,153285.0,153300.0,153325.0,153339.0,153351.0,153369.0,153397.0,153422.0,153450.0,153480.0,153506.0,153524.0,153552.0,153573.0,153595.0,153621.0,153642.0,153655.0,153679.0,153699.0,,,,,,,,,153878.0,153909.0,153933.0,153950.0,153969.0,153994.0,154017.0,154037.0,154056.0,154074.0,154103.0,154117.0,154117.0,154117.0,154117.0,154117.0,154117.0,154117.0,154117.0,154117.0,154117.0,154117.0,154117.0,154117.0,154117.0,154117.0,154117.0,154117.0,154117.0,154117.0,154117.0,154117.0,154117.0,154117.0,154117.0,154117.0,154117.0,154117.0,154117.0,154117.0,154117.0,154117.0,154117.0,154117.0,154117.0,154117.0,154117.0,154117.0,154117.0,154117.0,154117.0,154117.0,154117.0,154117.0,154117.0,154117.0,154117.0,154117.0,154117.0,154117.0,154117.0,154117.0,154117.0,154117.0,154117.0,154117.0,154117.0,154117.0,154117.0,154117.0,154117.0,154117.0,154117.0,154117.0,154117.0,154117.0,154117.0,154117.0,154117.0,154117.0,154117.0,154117.0,154117.0,154117.0,154117.0,154117.0,154117.0,154117.0,154117.0,154117.0,154117.0,154117.0,154117.0,154117.0,154117.0,154117.0,154117.0,154117.0,154117.0,154117.0,154117.0,154117.0,154117.0,154117.0,154117.0,154117.0,154117.0,154117.0,154117.0,154117.0,154117.0,154117.0,154117.0,154117.0,154117.0,154117.0,154117.0,154117.0,154117.0,154117.0,154117.0,,154117.0,154117.0,154117.0,154117.0,154117.0,154117.0,154117.0,154117.0,154117.0,154117.0,154117.0,154117.0,154117.0,154117.0,154117.0,154117.0,154117.0,154117.0,154117.0,154117.0,154117.0,154117.0,154117.0,154117.0,154117.0,154117.0,154117.0,154117.0,154117.0,154117.0,154117.0,154117.0,154117.0,154117.0,154117.0,154117.0,154117.0,154117.0,154117.0,154117.0,154117.0,154117.0,154117.0,154117.0,154117.0,154117.0,154117.0,154117.0,154117.0,154117.0,154117.0,154117.0,154117.0,154117.0,154117.0,154117.0,154117.0,154117.0,154117.0,154117.0,154117.0,154117.0,154117.0,154117.0,154117.0,154117.0,154117.0,154117.0,154117.0,154117.0,154117.0,154117.0,154117.0,154117.0,154117.0,154117.0,154117.0,154117.0,154117.0,154117.0,154117.0,154117.0,154117.0,154117.0,154117.0,154117.0,154117.0,154117.0,154117.0,154117.0,154117.0,154117.0,154117.0,154117.0,154117.0,154117.0,154117.0,154117.0,154117.0,154117.0,154117.0,154117.0,154117.0,154117.0,154117.0,154117.0,154117.0,154117.0,154117.0,154117.0,154117.0,154117.0,154117.0,154117
Sxunv8l446U,6705027.0,6706161.0,6707432.0,6708697.0,6709827.0,6710964.0,6712238.0,6713591.0,6714797.0,6716167.0,6717492.0,6718579.0,6719657.0,6720746.0,6721890.0,6722955.0,6723909.0,6724893.0,6725772.0,6726574.0,6727439.0,6728306.0,6729254.0,6730199.0,6731189.0,6732008.0,6732803.0,6733593.0,6734393.0,6735314.0,6736305.0,6737449.0,6738305.0,6739278.0,6740221.0,6741150.0,6742190.0,6743209.0,6744190.0,6745003.0,6745763.0,6746531.0,6747417.0,6748197.0,6749126.0,6749928.0,6750601.0,6751344.0,6752041.0,6752736.0,6753352.0,6754072.0,6754869.0,6755520.0,6756286.0,6757042.0,6757810.0,6758547.0,6759353.0,6760165.0,6760893.0,6761641.0,6762398.0,6763142.0,6763884.0,6764622.0,6765403.0,6766146.0,6766756.0,6767589.0,6768356.0,6769186.0,6770029.0,6770807.0,6771525.0,6772271.0,6773042.0,6773807.0,6774540.0,6775341.0,6776108.0,6776877.0,6777731.0,6778735.0,6779593.0,6780607.0,6781601.0,6782578.0,6783450.0,6784381.0,6785279.0,6786464.0,6788222.0,6789941.0,6791505.0,6792661.0,6793747.0,6794855.0,6795878.0,6796907.0,6797837.0,6798987.0,6799822.0,6800721.0,6801719.0,6802690.0,6803634.0,6804592.0,6805572.0,6806412.0,6807197.0,6808025.0,6808855.0,6809725.0,6810661.0,6811541.0,6812301.0,6813169.0,6813945.0,6814690.0,6815475.0,6816313.0,6817083.0,6817789.0,6818439.0,6819078.0,6819720.0,6820460.0,6821197.0,6821895.0,6822501.0,6823098.0,6823679.0,6824276.0,,,,,,,,,6830414.0,6831144.0,6831782.0,6832437.0,6833089.0,6833711.0,6834267.0,6834858.0,6835467.0,6836019.0,6836584.0,6837155.0,6837740.0,6838273.0,6838843.0,6839493.0,6840087.0,6840619.0,6841194.0,6841751.0,6842366.0,6842959.0,6843698.0,6844215.0,6844828.0,6845385.0,6845876.0,6846443.0,6847028.0,6847606.0,6848063.0,6848607.0,6849168.0,6849690.0,6850300.0,6850903.0,6851486.0,6852044.0,6852573.0,6853155.0,6853645.0,6854172.0,6854762.0,6855384.0,6855938.0,6856507.0,6857117.0,6857692.0,6858285.0,6858850.0,6859556.0,6860136.0,6860682.0,6861226.0,6861759.0,6862340.0,6862948.0,6863617.0,6864234.0,6864839.0,6865456.0,6866060.0,6866642.0,6867281.0,6867870.0,6868531.0,6869309.0,6869972.0,6870638.0,6871228.0,6871933.0,6872678.0,6873380.0,6873996.0,6874610.0,6875200.0,6875903.0,6876712.0,6877495.0,6878129.0,6878784.0,6879436.0,6880139.0,6880798.0,6881448.0,6882108.0,6882657.0,6883246.0,6883826.0,6884460.0,6885098.0,6885683.0,6886363.0,6886969.0,6887517.0,6888010.0,6888631.0,6889323.0,6889941.0,6890578.0,6891176.0,6891706.0,6892218.0,6892763.0,6893350.0,6894109.0,6894809.0,6895354.0,6895853.0,6896368.0,6896989.0,6897664.0,6898383.0,6899106.0,6899779.0,6900556.0,6901346.0,6902046.0,6903071.0,6904470.0,6905856.0,,6908099.0,6909026.0,6910057.0,6911002.0,6912058.0,6913064.0,6914077.0,6915498.0,6916611.0,6917544.0,6918513.0,6919544.0,6920470.0,6921181.0,6921813.0,6922405.0,6923050.0,6923644.0,6924426.0,6925127.0,6925632.0,6926205.0,6926708.0,6927239.0,6927753.0,6928384.0,6928966.0,6929526.0,6930076.0,6930697.0,6931289.0,6931882.0,6932476.0,6933066.0,6933703.0,6934330.0,6934939.0,6935600.0,6936499.0,6937353.0,6938175.0,6938936.0,6939628.0,6940279.0,6940924.0,6941524.0,6942146.0,6942778.0,6943291.0,6943814.0,6944401.0,6944938.0,6945472.0,6946150.0,6946737.0,6947411.0,6948030.0,6948634.0,6949198.0,6949835.0,6950452.0,6951072.0,6951619.0,6952156.0,6952742.0,6953349.0,6953966.0,6954594.0,6955250.0,6955845.0,6956499.0,6957090.0,6957690.0,6958191.0,6958828.0,6959369.0,6959943.0,6960521.0,6961083.0,6961719.0,6962363.0,6963016.0,6963682.0,6964341.0,6964927.0,6965640.0,6966300.0,6966997.0,6967675.0,6968369.0,6969051.0,6969697.0,6970361.0,6970988.0,6971588.0,6972360.0,6973096.0,6973775.0,6974417.0,6975015.0,6975663.0,6976268.0,6976841.0,6977477.0,6978073.0,6978642.0,6979306.0,6979876.0,6980506.0,6981104.0,6981698.0,6982283.0,6982949.0,6983492
9rxuJKwfcKQ,7689807.0,7691429.0,7693284.0,7695244.0,7696997.0,7698706.0,7700744.0,7702759.0,7704732.0,7706759.0,7708953.0,7710604.0,7712508.0,7714331.0,7716112.0,7717604.0,7719147.0,7720606.0,7721828.0,7723015.0,7724255.0,7725470.0,7726846.0,7728173.0,7729465.0,7730573.0,7731658.0,7732648.0,7733595.0,7734738.0,7735980.0,7737201.0,7738292.0,7739368.0,7740507.0,7741559.0,7742644.0,7744038.0,7745324.0,7746436.0,7747616.0,7748767.0,7749919.0,7751177.0,7752466.0,7753721.0,7754870.0,7756006.0,7757073.0,7758061.0,7759008.0,7760051.0,7761233.0,7762343.0,7763538.0,7764682.0,7765888.0,7766924.0,7768120.0,7769350.0,7770493.0,7771659.0,7772880.0,7774032.0,7775221.0,7776348.0,7777428.0,7778426.0,7779267.0,7780514.0,7781645.0,7782843.0,7784013.0,7785012.0,7785968.0,7786896.0,7787815.0,7788880.0,7789858.0,7790863.0,7791880.0,7792977.0,7794262.0,7795721.0,7797145.0,7798713.0,7800389.0,7802104.0,7803434.0,7805303.0,7807137.0,7809789.0,7812936.0,7815478.0,7817849.0,7819449.0,7820921.0,7822399.0,7823877.0,7825228.0,7826641.0,7828093.0,7829263.0,7830347.0,7831546.0,7832811.0,7834073.0,7835298.0,7836492.0,7837539.0,7838661.0,7839899.0,7840914.0,7842005.0,7843245.0,7844490.0,7845425.0,7846507.0,7847523.0,7848531.0,7849646.0,7850824.0,7851914.0,7852771.0,7853643.0,7854588.0,7855629.0,7856751.0,7857918.0,7859008.0,7859816.0,7860656.0,7861479.0,7862358.0,,,,,,,,,7870650.0,7871600.0,7872417.0,7873171.0,7873973.0,7874784.0,7875567.0,7876370.0,7877243.0,7877899.0,7878631.0,7879422.0,7880216.0,7880855.0,7881528.0,7882275.0,7882872.0,7883482.0,7884176.0,7884780.0,7885493.0,7886147.0,7886886.0,7887441.0,7887962.0,7888511.0,7889076.0,7889678.0,7890407.0,7891032.0,7891544.0,7892115.0,7892594.0,7893220.0,7893803.0,7894373.0,7895048.0,7895603.0,7896193.0,7896874.0,7897562.0,7898193.0,7898901.0,7899644.0,7900382.0,7901074.0,7901789.0,7902522.0,7903291.0,7904075.0,7904916.0,7905599.0,7906311.0,7907021.0,7907752.0,7908502.0,7909294.0,7910063.0,7910846.0,7911644.0,7912422.0,7913217.0,7913939.0,7914682.0,7915441.0,7916280.0,7917140.0,7917978.0,7918744.0,7919469.0,7920362.0,7921284.0,7922074.0,7922792.0,7923514.0,7924149.0,7924950.0,7925796.0,7926641.0,7927351.0,7928113.0,7928799.0,7929673.0,7930399.0,7931161.0,7931948.0,7932565.0,7933219.0,7933886.0,7934561.0,7935268.0,7935994.0,7936841.0,7937512.0,7938219.0,7938919.0,7939668.0,7940483.0,7941299.0,7942040.0,7942670.0,7943283.0,7943873.0,7944487.0,7945199.0,7946071.0,7946887.0,7947575.0,7948122.0,7948719.0,7949385.0,7950117.0,7950923.0,7951723.0,7952453.0,7953304.0,7954261.0,7955138.0,7956584.0,7958436.0,7960296.0,,7963324.0,7964608.0,7965911.0,7967282.0,7968682.0,7970150.0,7971589.0,7973174.0,7974984.0,7977155.0,7978565.0,7979854.0,7981020.0,7981905.0,7982682.0,7983482.0,7984263.0,7984955.0,7985819.0,7986559.0,7987205.0,7987790.0,7988541.0,7989136.0,7989760.0,7990393.0,7991037.0,7991654.0,7992298.0,7992927.0,7993618.0,7994212.0,7994818.0,7995422.0,7996040.0,7996805.0,7997480.0,7998236.0,7999271.0,8000625.0,8001621.0,8002393.0,8003041.0,8003736.0,8004338.0,8004917.0,8005508.0,8006173.0,8006687.0,8007278.0,8007814.0,8008387.0,8008863.0,8009464.0,8010053.0,8010572.0,8011215.0,8011836.0,8012415.0,8013201.0,8013791.0,8014420.0,8014918.0,8015459.0,8016001.0,8016545.0,8017141.0,8017726.0,8018280.0,8018777.0,8019311.0,8019779.0,8020267.0,8020770.0,8021261.0,8021765.0,8022242.0,8022731.0,8023336.0,8023876.0,8024440.0,8024994.0,8025585.0,8026119.0,8026684.0,8027232.0,8027809.0,8028476.0,8029046.0,8029716.0,8030298.0,8030921.0,8031485.0,8032094.0,8032698.0,8033315.0,8033853.0,8034432.0,8035057.0,8035632.0,8036157.0,8036677.0,8037155.0,8037698.0,8038189.0,8038607.0,8039148.0,8039617.0,8040094.0,8040577.0,8041010.0,8041438.0,8041908.0,8042331
Bu9Xvdxm6JM,657867.0,657883.0,657899.0,657919.0,657930.0,657941.0,657967.0,657985.0,658004.0,658028.0,658048.0,658061.0,658073.0,658089.0,658110.0,658123.0,658137.0,658151.0,658171.0,658185.0,658196.0,658204.0,658216.0,658226.0,658245.0,658260.0,658273.0,658299.0,658322.0,658336.0,658354.0,658363.0,658376.0,658382.0,658396.0,658414.0,658419.0,658435.0,658443.0,658454.0,658466.0,658474.0,658493.0,658515.0,658525.0,658536.0,658548.0,658559.0,658575.0,658599.0,658613.0,658625.0,658633.0,658642.0,658653.0,658657.0,658666.0,658670.0,658688.0,658698.0,658712.0,658725.0,658736.0,658746.0,658756.0,658767.0,658779.0,658786.0,658796.0,658805.0,658819.0,658827.0,658836.0,658849.0,658867.0,658871.0,658879.0,658888.0,658897.0,658907.0,658927.0,658934.0,658946.0,658958.0,658968.0,658975.0,658983.0,658994.0,659009.0,659018.0,659026.0,659026.0,659028.0,659034.0,659052.0,659058.0,659070.0,659076.0,659084.0,659090.0,659104.0,659110.0,659121.0,659128.0,659138.0,659144.0,659152.0,659157.0,659161.0,659165.0,659174.0,659182.0,659185.0,659189.0,659201.0,659208.0,659215.0,659221.0,659229.0,659237.0,659242.0,659246.0,659254.0,659257.0,659260.0,659266.0,659274.0,659282.0,659287.0,659294.0,659298.0,659304.0,659310.0,659313.0,,,,,,,,,659370.0,659376.0,659381.0,659383.0,659389.0,659397.0,659400.0,659404.0,659415.0,659423.0,659424.0,659431.0,659432.0,659437.0,659440.0,659445.0,659454.0,659460.0,659465.0,659474.0,659476.0,659485.0,659492.0,659493.0,659497.0,659504.0,659512.0,659516.0,659520.0,659525.0,659531.0,659535.0,659541.0,659548.0,659553.0,659557.0,659557.0,659563.0,659567.0,659571.0,659573.0,659579.0,659583.0,659591.0,659593.0,659601.0,659615.0,659619.0,659623.0,659626.0,659631.0,659637.0,659640.0,659643.0,659648.0,659653.0,659662.0,659665.0,659670.0,659670.0,659674.0,659678.0,659682.0,659683.0,659686.0,659690.0,659693.0,659697.0,659702.0,659703.0,659706.0,659708.0,659711.0,659717.0,659721.0,659723.0,659736.0,659743.0,659747.0,659748.0,659754.0,659761.0,659764.0,659765.0,659768.0,659772.0,659774.0,659778.0,659783.0,659786.0,659789.0,659794.0,659799.0,659804.0,659809.0,659816.0,659822.0,659827.0,659828.0,659831.0,659837.0,659842.0,659859.0,659863.0,659872.0,659877.0,659883.0,659889.0,659890.0,659892.0,659895.0,659898.0,659907.0,659913.0,659919.0,659922.0,659927.0,659930.0,659937.0,659941.0,659952.0,,659957.0,659965.0,659967.0,659974.0,659975.0,659977.0,659980.0,659983.0,659989.0,659992.0,659994.0,659996.0,660001.0,660005.0,660011.0,660014.0,660018.0,660022.0,660024.0,660028.0,660039.0,660042.0,660044.0,660047.0,660051.0,660057.0,660062.0,660068.0,660078.0,660096.0,660106.0,660115.0,660123.0,660124.0,660130.0,660134.0,660140.0,660141.0,660146.0,660147.0,660152.0,660154.0,660157.0,660161.0,660167.0,660170.0,660172.0,660175.0,660180.0,660186.0,660187.0,660191.0,660195.0,660198.0,660199.0,660201.0,660202.0,660203.0,660206.0,660208.0,660213.0,660228.0,660233.0,660235.0,660240.0,660242.0,660243.0,660245.0,660245.0,660251.0,660258.0,660259.0,660261.0,660265.0,660267.0,660273.0,660275.0,660278.0,660279.0,660289.0,660296.0,660299.0,660308.0,660315.0,660322.0,660324.0,660327.0,660332.0,660336.0,660340.0,660344.0,660346.0,660350.0,660354.0,660358.0,660359.0,660362.0,660367.0,660369.0,660376.0,660382.0,660385.0,660389.0,660394.0,660400.0,660404.0,660414.0,660420.0,660430.0,660434.0,660441.0,660444.0,660445.0,660451
CDsXtVGUkzY,812181.0,812920.0,813730.0,814456.0,815318.0,816403.0,817426.0,818278.0,819099.0,819890.0,820614.0,821562.0,822482.0,823298.0,824228.0,825151.0,825971.0,826696.0,827646.0,828536.0,829342.0,830308.0,831123.0,831810.0,832453.0,833215.0,833960.0,834749.0,835605.0,836818.0,838144.0,839345.0,840693.0,841868.0,843023.0,844334.0,845615.0,846540.0,847305.0,848310.0,849317.0,850435.0,851512.0,852410.0,853198.0,854017.0,854901.0,855944.0,856996.0,858026.0,858971.0,859785.0,860450.0,861353.0,862103.0,863056.0,863962.0,864921.0,865694.0,866416.0,867359.0,868243.0,869281.0,870215.0,871003.0,871772.0,872393.0,873119.0,873974.0,874836.0,875732.0,876430.0,877161.0,877856.0,878701.0,879550.0,880443.0,881275.0,882127.0,882790.0,883446.0,884259.0,885067.0,885965.0,886783.0,887517.0,888203.0,888800.0,889540.0,890294.0,891014.0,891749.0,892508.0,893098.0,893630.0,894363.0,895094.0,895900.0,896644.0,897338.0,897935.0,898545.0,899411.0,900261.0,901008.0,901953.0,902729.0,903369.0,904029.0,904750.0,905501.0,906246.0,907046.0,907803.0,908517.0,909102.0,909799.0,910667.0,911410.0,912247.0,913101.0,913742.0,914385.0,915053.0,915705.0,916387.0,917016.0,917764.0,918403.0,919014.0,919757.0,920601.0,921339.0,922111.0,,,,,,,,,928152.0,928643.0,929308.0,929981.0,930860.0,931731.0,932417.0,933032.0,933893.0,934769.0,935741.0,936572.0,937590.0,938360.0,939218.0,939926.0,940861.0,941923.0,942829.0,943711.0,944443.0,945143.0,945734.0,946483.0,947254.0,948156.0,949045.0,950049.0,950837.0,951804.0,952780.0,953907.0,955153.0,956212.0,957259.0,958138.0,958983.0,960058.0,961075.0,962109.0,963091.0,964198.0,965096.0,965909.0,966965.0,967996.0,969019.0,970147.0,971274.0,972085.0,972899.0,973807.0,974832.0,975758.0,976661.0,977646.0,978389.0,979066.0,979957.0,980832.0,981753.0,982388.0,983166.0,983752.0,984466.0,985329.0,986257.0,987198.0,987751.0,988620.0,989613.0,990712.0,991964.0,993095.0,994233.0,995244.0,996403.0,997215.0,997993.0,998868.0,1000098.0,1001044.0,1002069.0,1003294.0,1004160.0,1004830.0,1005603.0,1006515.0,1007427.0,1008275.0,1009088.0,1009882.0,1010442.0,1011313.0,1012096.0,1012866.0,1013720.0,1014492.0,1015266.0,1015875.0,1016681.0,1017521.0,1018537.0,1019382.0,1020210.0,1020885.0,1021447.0,1022207.0,1023039.0,1023932.0,1024854.0,1025847.0,1026553.0,1027114.0,1027791.0,1028333.0,1028941.0,1029756.0,1030599.0,1031260.0,1031853.0,,1033393.0,1034201.0,1035021.0,1035656.0,1036291.0,1036949.0,1037502.0,1038225.0,1039012.0,1039780.0,1040508.0,1041200.0,1041759.0,1042420.0,1043141.0,1043884.0,1044592.0,1045293.0,1045931.0,1046511.0,1047314.0,1048156.0,1048892.0,1049705.0,1050382.0,1050966.0,1051552.0,1052276.0,1052953.0,1053670.0,1054366.0,1055021.0,1055567.0,1056092.0,1056749.0,1057463.0,1058148.0,1058866.0,1059511.0,1060210.0,1060770.0,1061334.0,1061976.0,1062772.0,1063520.0,1064258.0,1065061.0,1065701.0,1066641.0,1067517.0,1068405.0,1069431.0,1070270.0,1071065.0,1071637.0,1072452.0,1073254.0,1074143.0,1074924.0,1075920.0,1076689.0,1077500.0,1078486.0,1079569.0,1080656.0,1081872.0,1082845.0,1083680.0,1084456.0,1085365.0,1086119.0,1087167.0,1088143.0,1089113.0,1089879.0,1090639.0,1091545.0,1092553.0,1093605.0,1094488.0,1095385.0,1096064.0,1096838.0,1097661.0,1098512.0,1099438.0,1100282.0,1101049.0,1101752.0,1102387.0,1103015.0,1103803.0,1104543.0,1105318.0,1106084.0,1106691.0,1107222.0,1108012.0,1108661.0,1109318.0,1110040.0,1110834.0,1111533.0,1112304.0,1113202.0,1114289.0,1115193.0,1116068.0,1116907.0,1117570.0,1118222.0,1118878.0,1119728.0,1120503
JpT9n9zv028,372103.0,372293.0,372497.0,372758.0,373000.0,373260.0,373491.0,373727.0,373935.0,374160.0,374403.0,374676.0,374925.0,375229.0,375531.0,375811.0,376072.0,376318.0,376560.0,376783.0,377000.0,377243.0,377471.0,377706.0,377875.0,378125.0,378362.0,378562.0,378745.0,378949.0,379212.0,379382.0,379593.0,379868.0,380140.0,380424.0,380757.0,381075.0,381347.0,381615.0,381946.0,382252.0,382614.0,382997.0,383285.0,383547.0,383881.0,384232.0,384582.0,384873.0,385168.0,385485.0,385749.0,386029.0,386312.0,386608.0,386877.0,387145.0,387402.0,387646.0,387915.0,388175.0,388480.0,388715.0,388933.0,389178.0,389393.0,389603.0,389825.0,390114.0,390366.0,390623.0,390897.0,391140.0,391456.0,391690.0,391975.0,392232.0,392469.0,392683.0,392863.0,393112.0,393368.0,393600.0,393890.0,394148.0,394405.0,394648.0,394907.0,395171.0,395474.0,395740.0,395986.0,396217.0,396472.0,396738.0,396983.0,397201.0,397425.0,397700.0,397952.0,398180.0,398455.0,398748.0,399044.0,399318.0,399537.0,399801.0,400016.0,400304.0,400574.0,400853.0,401141.0,401411.0,401607.0,401864.0,402129.0,402404.0,402642.0,402941.0,403143.0,403405.0,403616.0,403906.0,404197.0,404441.0,404742.0,405073.0,405349.0,405606.0,405878.0,406142.0,406368.0,406601.0,,,,,,,,,408904.0,409182.0,409503.0,409861.0,410172.0,410534.0,410960.0,411237.0,411620.0,411952.0,412287.0,412662.0,413058.0,413397.0,413702.0,413909.0,414266.0,414615.0,414927.0,415227.0,415473.0,415721.0,415980.0,416246.0,416527.0,416779.0,417076.0,417315.0,417553.0,417786.0,418073.0,418343.0,418679.0,418935.0,419212.0,419462.0,419691.0,419962.0,420245.0,420495.0,420757.0,420983.0,421265.0,421483.0,421691.0,421950.0,422230.0,422491.0,422751.0,422942.0,423182.0,423423.0,423722.0,424008.0,424292.0,424577.0,424798.0,425088.0,425334.0,425594.0,425869.0,426089.0,426319.0,426539.0,426753.0,426997.0,427220.0,427484.0,427690.0,427916.0,428118.0,428339.0,428619.0,428916.0,429203.0,429491.0,429761.0,429995.0,430218.0,430449.0,430734.0,431004.0,431309.0,431621.0,431871.0,432103.0,432382.0,432697.0,432987.0,433237.0,433559.0,433776.0,433957.0,434226.0,434488.0,434764.0,435005.0,435286.0,435483.0,435680.0,435923.0,436159.0,436413.0,436626.0,436857.0,437029.0,437217.0,437397.0,437649.0,437879.0,438101.0,438335.0,438581.0,438787.0,439003.0,439251.0,439436.0,439643.0,439879.0,440031.0,440226.0,,440687.0,440890.0,441150.0,441377.0,441575.0,441778.0,441977.0,442210.0,442413.0,442608.0,442808.0,443023.0,443214.0,443431.0,443661.0,443887.0,444096.0,444341.0,444527.0,444732.0,444946.0,445162.0,445415.0,445634.0,445880.0,446082.0,446284.0,446518.0,446752.0,446991.0,447253.0,447542.0,447755.0,447941.0,448174.0,448471.0,448774.0,449063.0,449320.0,449561.0,449745.0,450048.0,450280.0,450561.0,450816.0,451097.0,451354.0,451594.0,451880.0,452141.0,452462.0,452756.0,453112.0,453423.0,453733.0,454095.0,454471.0,454784.0,455149.0,455472.0,455818.0,456124.0,456441.0,456790.0,457127.0,457437.0,457689.0,457956.0,458233.0,458487.0,458740.0,459027.0,459294.0,459601.0,459882.0,460143.0,460393.0,460685.0,460971.0,461264.0,461534.0,461781.0,462079.0,462382.0,462709.0,462988.0,463261.0,463594.0,463891.0,464154.0,464441.0,464732.0,464977.0,465235.0,465482.0,465724.0,465940.0,466184.0,466436.0,466700.0,466967.0,467221.0,467443.0,467661.0,467944.0,468211.0,468471.0,468782.0,469053.0,469243.0,469469.0,469723.0,469971.0,470203
L7spCJxloLY,78558596.0,78580826.0,78605178.0,78629149.0,78652329.0,78676410.0,78698731.0,78722017.0,78745282.0,78768083.0,78790699.0,78814702.0,78854219.0,78887735.0,78919023.0,78947382.0,78977452.0,79005692.0,79031477.0,79057172.0,79083502.0,79111036.0,79140323.0,79168077.0,79193512.0,79214619.0,79235576.0,79258186.0,79281311.0,79302596.0,79324462.0,79344084.0,79362497.0,79381205.0,79400513.0,79419501.0,79439112.0,79458066.0,79475830.0,79494365.0,79512749.0,79530823.0,79548917.0,79567162.0,79586280.0,79604829.0,79621883.0,79639549.0,79656695.0,79673566.0,79690267.0,79708719.0,79725954.0,79741823.0,79758595.0,79775812.0,79793317.0,79812849.0,79832762.0,79850634.0,79867158.0,79884314.0,79901892.0,79919546.0,79937682.0,79954986.0,79971966.0,79988074.0,80002413.0,80020330.0,80036920.0,80052218.0,80068645.0,80084695.0,80100232.0,80115822.0,80132933.0,80149882.0,80167330.0,80185015.0,80201795.0,80217660.0,80234130.0,80250807.0,80267207.0,80283954.0,80300233.0,80316444.0,80331754.0,80346822.0,80362125.0,80377993.0,80394917.0,80412543.0,80428985.0,80443899.0,80459120.0,80474647.0,80490185.0,80506560.0,80524288.0,80541081.0,80556717.0,80571454.0,80587002.0,80602729.0,80620595.0,80644597.0,80667745.0,80688385.0,80708888.0,80729350.0,80752425.0,80773309.0,80794574.0,80815131.0,80833642.0,80852478.0,80870377.0,80887326.0,80905693.0,80925122.0,80942872.0,80958334.0,80973986.0,80990106.0,81007361.0,81024041.0,81041471.0,81058455.0,81074713.0,81091033.0,81107305.0,81122818.0,,,,,,,,,81273335.0,81290408.0,81306063.0,81321339.0,81335469.0,81349785.0,81363818.0,81378789.0,81393333.0,81407021.0,81420749.0,81435537.0,81450811.0,81465151.0,81479239.0,81492581.0,81504858.0,81517718.0,81530676.0,81544553.0,81559378.0,81574806.0,81588967.0,81602750.0,81617323.0,81633242.0,81647611.0,81663606.0,81679350.0,81694313.0,81708730.0,81722717.0,81737554.0,81752398.0,81767715.0,81783333.0,81797400.0,81810107.0,81824634.0,81838415.0,81851886.0,81865911.0,81884310.0,81904689.0,81922487.0,81939791.0,81956616.0,81973848.0,81990505.0,82007773.0,82023790.0,82038712.0,82053661.0,82070109.0,82087228.0,82103984.0,82120571.0,82135411.0,82149496.0,82164254.0,82179719.0,82195058.0,82209506.0,82224717.0,82238634.0,82253278.0,82268492.0,82283603.0,82297397.0,82309847.0,82323462.0,82336827.0,82350214.0,82363908.0,82378233.0,82392231.0,82406927.0,82422047.0,82436113.0,82449635.0,82463056.0,82476177.0,82490837.0,82505358.0,82520248.0,82534597.0,82547668.0,82561851.0,82575658.0,82590201.0,82606863.0,82630338.0,82650700.0,82670192.0,82689293.0,82708872.0,82729114.0,82749934.0,82772426.0,82793491.0,82813820.0,82833570.0,82853005.0,82871907.0,82891455.0,82911077.0,82930416.0,82948397.0,82966602.0,82984558.0,83002791.0,83021875.0,83041988.0,83060577.0,83078132.0,83095465.0,83112850.0,83130202.0,83147912.0,83165968.0,83185194.0,,83232237.0,83254595.0,83276740.0,83298275.0,83320595.0,83340698.0,83359599.0,83378362.0,83395695.0,83412465.0,83429866.0,83448294.0,83464986.0,83480009.0,83494703.0,83510601.0,83526543.0,83542268.0,83559084.0,83574548.0,83589120.0,83603851.0,83618561.0,83633148.0,83647828.0,83662164.0,83675847.0,83689011.0,83702618.0,83715900.0,83729383.0,83743284.0,83756861.0,83769697.0,83782321.0,83795295.0,83808924.0,83822693.0,83836826.0,83850932.0,83864729.0,83877990.0,83892044.0,83905848.0,83920268.0,83934936.0,83949954.0,83964320.0,83977598.0,83990568.0,84004075.0,84017816.0,84031703.0,84045755.0,84059349.0,84071757.0,84084931.0,84097995.0,84110815.0,84124403.0,84138886.0,84152646.0,84165638.0,84178879.0,84193186.0,84207375.0,84221455.0,84234621.0,84246751.0,84258902.0,84271150.0,84282948.0,84294494.0,84306917.0,84320022.0,84333086.0,84345928.0,84358492.0,84371365.0,84383997.0,84397288.0,84410789.0,84423545.0,84435363.0,84447517.0,84460165.0,84473211.0,84487757.0,84502232.0,84515245.0,84528124.0,84540514.0,84553646.0,84566581.0,84579965.0,84593970.0,84606699.0,84619235.0,84631914.0,84644960.0,84658083.0,84671753.0,84685225.0,84697768.0,84710345.0,84722543.0,84734460.0,84746888.0,84759378.0,84772142.0,84784829.0,84796010.0,84807523.0,84819411
n-BnKJQsJ5Y,1660575.0,1661789.0,1663025.0,1664083.0,1665314.0,1667045.0,1668702.0,1670385.0,1672046.0,1673317.0,1674396.0,1676252.0,1678319.0,1680377.0,1682448.0,1684220.0,1686139.0,1687634.0,1689382.0,1691245.0,1693089.0,1695020.0,1696927.0,1699003.0,1700689.0,1702343.0,1704085.0,1705808.0,1707635.0,1709328.0,1711125.0,1712526.0,1714085.0,1715921.0,1717462.0,1719170.0,1720797.0,1722337.0,1723584.0,1724940.0,1726327.0,1727521.0,1729111.0,1730821.0,1732400.0,1733603.0,1734711.0,1736072.0,1737366.0,1738721.0,1739918.0,1741266.0,1742338.0,1743332.0,1744357.0,1745231.0,1746180.0,1747375.0,1748529.0,1749448.0,1750500.0,1751618.0,1752654.0,1753866.0,1755038.0,1756048.0,1756788.0,1757673.0,1758390.0,1759256.0,1760028.0,1760772.0,1761603.0,1762246.0,1763129.0,1763981.0,1764871.0,1765876.0,1766914.0,1767728.0,1768520.0,1769430.0,1770499.0,1771570.0,1772674.0,1773698.0,1774509.0,1775507.0,1776359.0,1777361.0,1778311.0,1779079.0,1779771.0,1780571.0,1781241.0,1782231.0,1783132.0,1783792.0,1784559.0,1785325.0,1785906.0,1786522.0,1787145.0,1787652.0,1788319.0,1788904.0,1789476.0,1790088.0,1790672.0,1791224.0,1791912.0,1793571.0,1795933.0,1797625.0,1799022.0,1800106.0,1801248.0,1802444.0,1803777.0,1805172.0,1806367.0,1807436.0,1808537.0,1809694.0,1810982.0,1812074.0,1813167.0,1814562.0,1815751.0,1816904.0,1817927.0,1818900.0,1820123.0,1821269.0,,,,,,,,,1828775.0,1829648.0,1830758.0,1831863.0,1832767.0,1833827.0,1835026.0,1836098.0,1837001.0,1837557.0,1838119.0,1838774.0,1839435.0,1840042.0,1840765.0,1841342.0,1841878.0,1842491.0,1843022.0,1843657.0,1844380.0,1844996.0,1845572.0,1846223.0,1846923.0,1847614.0,1848433.0,1849139.0,1850030.0,1850601.0,1851213.0,1851926.0,1852726.0,1853299.0,1853927.0,1854643.0,1855309.0,1855950.0,1856557.0,1857169.0,1857964.0,1858762.0,1859489.0,1860216.0,1860866.0,1861601.0,1862345.0,1863164.0,1863811.0,1864477.0,1864998.0,1865591.0,1866227.0,1866935.0,1867496.0,1868178.0,1869015.0,1869664.0,1870381.0,1871104.0,1871792.0,1872461.0,1873087.0,1873622.0,1874323.0,1875058.0,1875802.0,1876535.0,1877085.0,1877715.0,1878544.0,1879301.0,1879976.0,1880643.0,1881483.0,1882345.0,1883140.0,1883925.0,1884542.0,1885243.0,1886015.0,1886718.0,1887545.0,1888494.0,1889325.0,1889987.0,1890755.0,1891552.0,1892353.0,1893102.0,1893779.0,1894845.0,1895782.0,1896776.0,1898196.0,1899452.0,1900628.0,1901823.0,1902725.0,1903658.0,1904650.0,1905605.0,1906671.0,1907618.0,1908675.0,1909585.0,1910321.0,1911197.0,1912177.0,1912921.0,1913803.0,1914563.0,1915286.0,1915950.0,1916666.0,1917308.0,1918051.0,1918671.0,1919469.0,1920066.0,1920598.0,,1922331.0,1923044.0,1923762.0,1924484.0,1925122.0,1925706.0,1926282.0,1926853.0,1927376.0,1927954.0,1928526.0,1929132.0,1929621.0,1930053.0,1930654.0,1931226.0,1931760.0,1932269.0,1932836.0,1933294.0,1933823.0,1934358.0,1934940.0,1935657.0,1936351.0,1936955.0,1937541.0,1938035.0,1938756.0,1939320.0,1939877.0,1940560.0,1941168.0,1941632.0,1942067.0,1942684.0,1943107.0,1943664.0,1944126.0,1944729.0,1945290.0,1945904.0,1946452.0,1947137.0,1947724.0,1948459.0,1949503.0,1950361.0,1951473.0,1952365.0,1953160.0,1953990.0,1954880.0,1955632.0,1956176.0,1956816.0,1957500.0,1958182.0,1958874.0,1959494.0,1960232.0,1960814.0,1961416.0,1961959.0,1962622.0,1963432.0,1964413.0,1965281.0,1966164.0,1967012.0,1967912.0,1969057.0,1970034.0,1970986.0,1971787.0,1972390.0,1972939.0,1973830.0,1974708.0,1975548.0,1976455.0,1977280.0,1978109.0,1978841.0,1979681.0,1980378.0,1981013.0,1981802.0,1982398.0,1982932.0,1983492.0,1984108.0,1984899.0,1985556.0,1986265.0,1986913.0,1987567.0,1988175.0,1988762.0,1989422.0,1990037.0,1990780.0,1991338.0,1991904.0,1992565.0,1993414.0,1994267.0,1994984.0,1995726.0,1996375.0,1997049.0,1997804.0,1998609.0,1999243
aKLny_zSNo8,2633175.0,2635387.0,2637711.0,2640020.0,2642311.0,2644461.0,2646721.0,2648938.0,2651293.0,2653356.0,2655425.0,2657409.0,2660478.0,2663069.0,2665401.0,2667533.0,2669932.0,2671991.0,2673995.0,2676162.0,2678252.0,2680089.0,2682166.0,2683806.0,2685087.0,2686741.0,2688403.0,2690019.0,2691793.0,2693595.0,2695168.0,2696380.0,2697858.0,2699348.0,2701014.0,2702318.0,2703916.0,2705181.0,2706429.0,2707544.0,2708824.0,2710124.0,2711308.0,2712528.0,2713906.0,2714969.0,2716143.0,2717519.0,2718746.0,2720130.0,2721466.0,2723010.0,2724349.0,2725515.0,2727032.0,2728374.0,2729685.0,2731023.0,2732125.0,2733205.0,2734327.0,2735482.0,2736601.0,2737836.0,2739297.0,2740547.0,2741581.0,2742604.0,2743584.0,2744789.0,2745897.0,2747044.0,2748133.0,2749222.0,2750343.0,2751485.0,2752654.0,2753806.0,2754966.0,2756033.0,2757093.0,2758171.0,2759329.0,2760604.0,2761763.0,2762917.0,2763921.0,2765000.0,2766023.0,2767009.0,2768080.0,2769103.0,2770178.0,2771332.0,2772247.0,2773387.0,2774426.0,2775345.0,2776345.0,2777299.0,2778265.0,2779116.0,2779937.0,2780868.0,2781713.0,2782755.0,2783710.0,2784671.0,2785491.0,2786411.0,2787597.0,2789012.0,2790891.0,2792652.0,2794191.0,2795446.0,2796972.0,2798426.0,2799832.0,2801466.0,2802791.0,2804055.0,2805195.0,2806379.0,2807684.0,2809083.0,2810521.0,2811798.0,2812940.0,2813981.0,2815190.0,2816416.0,2817733.0,2818977.0,,,,,,,,,2830932.0,2831994.0,2833193.0,2834344.0,2835599.0,2836775.0,2837828.0,2838815.0,2839839.0,2840849.0,2841980.0,2843113.0,2844410.0,2845786.0,2846962.0,2848172.0,2849500.0,2850790.0,2851950.0,2853124.0,2854286.0,2855369.0,2856449.0,2857480.0,2858701.0,2859811.0,2861172.0,2862457.0,2863586.0,2864656.0,2865743.0,2866977.0,2868248.0,2869410.0,2870698.0,2871810.0,2872697.0,2873979.0,2875098.0,2876256.0,2877341.0,2878582.0,2879732.0,2880861.0,2882017.0,2883238.0,2884442.0,2885682.0,2886950.0,2888002.0,2889122.0,2890208.0,2891286.0,2892528.0,2893856.0,2895076.0,2896330.0,2897385.0,2898561.0,2899844.0,2901179.0,2902473.0,2903677.0,2904884.0,2906078.0,2907199.0,2908500.0,2909593.0,2910499.0,2911463.0,2912637.0,2913797.0,2915003.0,2916428.0,2917752.0,2919269.0,2920899.0,2922218.0,2923505.0,2924714.0,2926016.0,2927302.0,2928721.0,2930543.0,2931912.0,2933239.0,2934609.0,2936112.0,2937649.0,2939059.0,2940444.0,2941784.0,2943020.0,2944554.0,2946300.0,2947976.0,2949783.0,2951544.0,2953019.0,2954410.0,2955833.0,2957409.0,2959021.0,2960627.0,2962138.0,2963812.0,2965219.0,2966428.0,2968085.0,2969445.0,2970903.0,2972594.0,2974137.0,2975489.0,2976976.0,2978434.0,2979938.0,2981483.0,2983030.0,2984534.0,2985794.0,,2989153.0,2990573.0,2992379.0,2993974.0,2995503.0,2996973.0,2998374.0,2999737.0,3001129.0,3002697.0,3004284.0,3005852.0,3007379.0,3008831.0,3010254.0,3011757.0,3013264.0,3014780.0,3016207.0,3017586.0,3018867.0,3020368.0,3021874.0,3023299.0,3024711.0,3025909.0,3027050.0,3028217.0,3029372.0,3030729.0,3031968.0,3033191.0,3034301.0,3035330.0,3036463.0,3037632.0,3038775.0,3039823.0,3041002.0,3042093.0,3043177.0,3044205.0,3045341.0,3046947.0,3048510.0,3049922.0,3051395.0,3052863.0,3054322.0,3055919.0,3057265.0,3058497.0,3059732.0,3060983.0,3061867.0,3062948.0,3064148.0,3065672.0,3066903.0,3068395.0,3069625.0,3070743.0,3071760.0,3073044.0,3074353.0,3075767.0,3077298.0,3078557.0,3079729.0,3080936.0,3082149.0,3083407.0,3084711.0,3085995.0,3087089.0,3088048.0,3089111.0,3090276.0,3091423.0,3092381.0,3093641.0,3094632.0,3095525.0,3096549.0,3097480.0,3098335.0,3099317.0,3100316.0,3101150.0,3101836.0,3102560.0,3103484.0,3104331.0,3105360.0,3106213.0,3107138.0,3107856.0,3108660.0,3109469.0,3110253.0,3111085.0,3111831.0,3112718.0,3113418.0,3114382.0,3115306.0,3116570.0,3117694.0,3118736.0,3119751.0,3120514.0,3121368.0,3122253.0,3123038
Xiai4BRzZpU,26634392.0,26641929.0,26650630.0,26658925.0,26666902.0,26674644.0,26681937.0,26689433.0,26697551.0,26706800.0,26715757.0,26724500.0,26738357.0,26749967.0,26761000.0,26771242.0,26782334.0,26792691.0,26802045.0,26811953.0,26822830.0,26834189.0,26845443.0,26855632.0,26864849.0,26872976.0,26881496.0,26890002.0,26899733.0,26908979.0,26917993.0,26926248.0,26933974.0,26941169.0,26948213.0,26957345.0,26969632.0,26978816.0,26986271.0,26993355.0,27000665.0,27007590.0,27014782.0,27022418.0,27030861.0,27038925.0,27046035.0,27052973.0,27059640.0,27066260.0,27072966.0,27081253.0,27088323.0,27095055.0,27101860.0,27108636.0,27116162.0,27124739.0,27133306.0,27140900.0,27147908.0,27154950.0,27162477.0,27169939.0,27176904.0,27184778.0,27192721.0,27200314.0,27206738.0,27214158.0,27221141.0,27227658.0,27234463.0,27241721.0,27248833.0,27255814.0,27263312.0,27270043.0,27277236.0,27284222.0,27291798.0,27299376.0,27307154.0,27314220.0,27321378.0,27328171.0,27334867.0,27342151.0,27348986.0,27356069.0,27363059.0,27369800.0,27376399.0,27383462.0,27390365.0,27397329.0,27404814.0,27412381.0,27419419.0,27426525.0,27433571.0,27440626.0,27447341.0,27454087.0,27461187.0,27468162.0,27477429.0,27491146.0,27502733.0,27512107.0,27522582.0,27532324.0,27542147.0,27552089.0,27563814.0,27574956.0,27585212.0,27595814.0,27606364.0,27616374.0,27626243.0,27636099.0,27644596.0,27652207.0,27659426.0,27666707.0,27674389.0,27682535.0,27690968.0,27698960.0,27706697.0,27714520.0,27722378.0,27729132.0,,,,,,,,,27794259.0,27802033.0,27809055.0,27815906.0,27822683.0,27829326.0,27836078.0,27843101.0,27851140.0,27859132.0,27867119.0,27875511.0,27883592.0,27891069.0,27897976.0,27904740.0,27912004.0,27919513.0,27926133.0,27932549.0,27939821.0,27947731.0,27955400.0,27962316.0,27970135.0,27978552.0,27986766.0,27995314.0,28003845.0,28012130.0,28019859.0,28027542.0,28034732.0,28041556.0,28048201.0,28055200.0,28061719.0,28067766.0,28074236.0,28080951.0,28087898.0,28095083.0,28103193.0,28111416.0,28118791.0,28126095.0,28133186.0,28140203.0,28147281.0,28154503.0,28161557.0,28168002.0,28174584.0,28181726.0,28188866.0,28195618.0,28202228.0,28208546.0,28214635.0,28221028.0,28228200.0,28235569.0,28242095.0,28248904.0,28255302.0,28262000.0,28268711.0,28275405.0,28281311.0,28286685.0,28292622.0,28298459.0,28304271.0,28310284.0,28316280.0,28322049.0,28328388.0,28334996.0,28341722.0,28347521.0,28353370.0,28359078.0,28365461.0,28372426.0,28379018.0,28385342.0,28391168.0,28397300.0,28403559.0,28410400.0,28419733.0,28432938.0,28443198.0,28452566.0,28461364.0,28470202.0,28479190.0,28488461.0,28498331.0,28507247.0,28515773.0,28523856.0,28532004.0,28540003.0,28548287.0,28556660.0,28564619.0,28571932.0,28579458.0,28587463.0,28595131.0,28603222.0,28612118.0,28620362.0,28628447.0,28636379.0,28643890.0,28651398.0,28658927.0,28667437.0,28676855.0,,28698757.0,28708638.0,28718050.0,28726857.0,28737972.0,28747994.0,28756782.0,28765900.0,28774784.0,28784319.0,28792912.0,28801696.0,28809646.0,28817323.0,28824343.0,28832689.0,28841377.0,28849682.0,28859277.0,28868015.0,28876446.0,28885151.0,28893999.0,28902701.0,28911070.0,28918485.0,28925959.0,28933331.0,28940924.0,28948925.0,28956614.0,28964070.0,28971361.0,28978078.0,28984509.0,28991493.0,28998497.0,29005829.0,29013226.0,29020268.0,29027490.0,29034450.0,29041211.0,29048282.0,29055286.0,29062118.0,29069302.0,29075836.0,29082190.0,29088741.0,29095266.0,29101368.0,29107505.0,29115280.0,29122219.0,29128562.0,29134573.0,29140689.0,29146467.0,29153118.0,29160197.0,29166936.0,29173219.0,29180282.0,29187788.0,29195501.0,29201587.0,29207327.0,29212842.0,29218646.0,29224939.0,29231388.0,29237274.0,29243090.0,29250108.0,29256566.0,29263864.0,29271548.0,29278802.0,29285554.0,29292262.0,29299750.0,29306783.0,29313193.0,29320605.0,29327638.0,29334869.0,29342501.0,29349475.0,29356965.0,29363933.0,29371124.0,29378271.0,29385340.0,29391952.0,29399034.0,29406256.0,29412347.0,29418348.0,29424649.0,29431281.0,29438126.0,29445016.0,29451119.0,29456970.0,29463552.0,29470581.0,29476990.0,29483355.0,29490088.0,29496266.0,29501363.0,29507232.0,29513414
KQjj0XQ7cJQ,497040.0,497415.0,497769.0,498030.0,498359.0,498692.0,498990.0,499330.0,499634.0,499977.0,500275.0,500599.0,500977.0,501377.0,501746.0,502171.0,502578.0,502930.0,503279.0,503655.0,504085.0,504462.0,504882.0,505300.0,505705.0,506034.0,506355.0,506745.0,507128.0,507470.0,507894.0,508212.0,508580.0,508914.0,509322.0,509709.0,510087.0,510391.0,510697.0,511027.0,511347.0,511596.0,511906.0,512237.0,512519.0,512816.0,513062.0,513357.0,513615.0,513920.0,514208.0,514535.0,514797.0,515079.0,515293.0,515573.0,515811.0,516020.0,516274.0,516549.0,516763.0,517009.0,517299.0,517526.0,517762.0,517973.0,518178.0,518345.0,518542.0,518804.0,519025.0,519208.0,519401.0,519595.0,519780.0,519965.0,520161.0,520368.0,520581.0,520783.0,520947.0,521160.0,521350.0,521517.0,521706.0,521899.0,522160.0,522361.0,522568.0,522835.0,523056.0,523295.0,523542.0,523767.0,523971.0,524203.0,524434.0,524619.0,524856.0,525064.0,525304.0,525507.0,525689.0,525900.0,526074.0,526272.0,526562.0,526850.0,527091.0,527357.0,527583.0,527815.0,528091.0,528311.0,528549.0,528812.0,529025.0,529238.0,529480.0,529724.0,529958.0,530206.0,530433.0,530663.0,530868.0,531098.0,531320.0,531545.0,531737.0,531968.0,532216.0,532451.0,532698.0,532894.0,,,,,,,,,534898.0,535098.0,535278.0,535471.0,535666.0,535859.0,536053.0,536227.0,536417.0,536590.0,536752.0,536944.0,537172.0,537362.0,537564.0,537719.0,537908.0,538083.0,538329.0,538567.0,538766.0,538980.0,539145.0,539324.0,539540.0,539728.0,539938.0,540123.0,540308.0,540480.0,540628.0,540808.0,541082.0,541280.0,541458.0,541667.0,541843.0,542029.0,542196.0,542341.0,542521.0,542709.0,542901.0,543089.0,543255.0,543463.0,543648.0,543860.0,544066.0,544232.0,544447.0,544601.0,544751.0,544964.0,545142.0,545332.0,545500.0,545673.0,545872.0,546062.0,546249.0,546428.0,546576.0,546804.0,546978.0,547127.0,547269.0,547421.0,547544.0,547698.0,547837.0,547987.0,548128.0,548308.0,548461.0,548614.0,548799.0,548970.0,549127.0,549276.0,549489.0,549660.0,549883.0,550065.0,550275.0,550430.0,550597.0,550805.0,551050.0,551319.0,551611.0,551905.0,552221.0,552523.0,552840.0,553162.0,553496.0,553875.0,554161.0,554497.0,554767.0,555088.0,555422.0,555789.0,556101.0,556446.0,556776.0,557121.0,557452.0,557788.0,558124.0,558515.0,558932.0,559314.0,559692.0,560085.0,560508.0,560895.0,561420.0,561984.0,562451.0,,563806.0,564331.0,565111.0,565718.0,566311.0,566760.0,567362.0,567856.0,568369.0,568844.0,569382.0,569815.0,570249.0,570623.0,571081.0,571586.0,572056.0,572532.0,573120.0,573635.0,574157.0,574693.0,575206.0,575775.0,576358.0,576971.0,577526.0,577963.0,578550.0,579097.0,579675.0,580261.0,580835.0,581267.0,581804.0,582278.0,582759.0,583217.0,583665.0,584157.0,584711.0,585168.0,585687.0,586027.0,586373.0,586814.0,587312.0,587797.0,588298.0,588802.0,589261.0,589794.0,590305.0,590812.0,591351.0,591952.0,592456.0,593009.0,593603.0,594308.0,595097.0,595728.0,596411.0,597218.0,598156.0,599125.0,599654.0,600052.0,600407.0,600780.0,601221.0,601625.0,602049.0,602396.0,602695.0,603051.0,603394.0,603575.0,603702.0,603840.0,603982.0,604131.0,604285.0,604421.0,604552.0,604733.0,604842.0,604991.0,605109.0,605231.0,605380.0,605511.0,605653.0,605800.0,605945.0,606087.0,606221.0,606341.0,606454.0,606582.0,606709.0,606833.0,606952.0,607055.0,607211.0,607339.0,607492.0,607641.0,607777.0,607895.0,607999.0,608115.0,608239.0,608358
IPxDgf-g9Kw,25446335.0,25456010.0,25466744.0,25477208.0,25488488.0,25501478.0,25511551.0,25521310.0,25531614.0,25542493.0,25552966.0,25561698.0,25573621.0,25585510.0,25596923.0,25607778.0,25619437.0,25630447.0,25640311.0,25650513.0,25662760.0,25676433.0,25690178.0,25703621.0,25716178.0,25726438.0,25736188.0,25746234.0,25758114.0,25769215.0,25780119.0,25790842.0,25799888.0,25809580.0,25819694.0,25829948.0,25841298.0,25851372.0,25860316.0,25869334.0,25878761.0,25887658.0,25895567.0,25903785.0,25913041.0,25922056.0,25929931.0,25937827.0,25945727.0,25953020.0,25960257.0,25968837.0,25976598.0,25983385.0,25990574.0,25997833.0,26005735.0,26014150.0,26022681.0,26030329.0,26037645.0,26045183.0,26052822.0,26060251.0,26067769.0,26075425.0,26082778.0,26089775.0,26096072.0,26103859.0,26111904.0,26119036.0,26126209.0,26133427.0,26139909.0,26146529.0,26153772.0,26161004.0,26168321.0,26175642.0,26183144.0,26190715.0,26198064.0,26205475.0,26212590.0,26219748.0,26226771.0,26233737.0,26240566.0,26247572.0,26254615.0,26261460.0,26268393.0,26276108.0,26283292.0,26290039.0,26297598.0,26305212.0,26312635.0,26319792.0,26327579.0,26334588.0,26340862.0,26347296.0,26353881.0,26360474.0,26369363.0,26383253.0,26395333.0,26405991.0,26417473.0,26427666.0,26438429.0,26449607.0,26461704.0,26473072.0,26483233.0,26493813.0,26504207.0,26514229.0,26525222.0,26537811.0,26548135.0,26557235.0,26566493.0,26576021.0,26585293.0,26595593.0,26605674.0,26615356.0,26624661.0,26634566.0,26644352.0,26653473.0,,,,,,,,,26736151.0,26745604.0,26753852.0,26762327.0,26770292.0,26778452.0,26786155.0,26793961.0,26801757.0,26808725.0,26814426.0,26821348.0,26827949.0,26834288.0,26840958.0,26847458.0,26853477.0,26859459.0,26865427.0,26871698.0,26877903.0,26885118.0,26891824.0,26897871.0,26904781.0,26911792.0,26918544.0,26925581.0,26932395.0,26939066.0,26945096.0,26950806.0,26956827.0,26962686.0,26968942.0,26975595.0,26981474.0,26986771.0,26992153.0,26997788.0,27003416.0,27009168.0,27016212.0,27023003.0,27029280.0,27035393.0,27041533.0,27047843.0,27054017.0,27060658.0,27066868.0,27072269.0,27077864.0,27084188.0,27090879.0,27097377.0,27103778.0,27109951.0,27115445.0,27121229.0,27127769.0,27134227.0,27140070.0,27146315.0,27152450.0,27158628.0,27164674.0,27170839.0,27176365.0,27181403.0,27186775.0,27192269.0,27197702.0,27203277.0,27208977.0,27214617.0,27220529.0,27226645.0,27232624.0,27238028.0,27243364.0,27248888.0,27255151.0,27262181.0,27268915.0,27275600.0,27281279.0,27287294.0,27293425.0,27300481.0,27309379.0,27322189.0,27332542.0,27341308.0,27350087.0,27358818.0,27368257.0,27377955.0,27388830.0,27398229.0,27407009.0,27415292.0,27423752.0,27432246.0,27440977.0,27450205.0,27459461.0,27468091.0,27476722.0,27486040.0,27495114.0,27505173.0,27516233.0,27526063.0,27534930.0,27544041.0,27552615.0,27561520.0,27570561.0,27580834.0,27593157.0,,27619126.0,27630675.0,27642509.0,27654049.0,27666155.0,27676942.0,27686395.0,27695776.0,27704868.0,27713623.0,27722413.0,27731912.0,27740752.0,27748407.0,27755410.0,27762890.0,27770349.0,27778287.0,27786780.0,27794142.0,27800781.0,27807481.0,27814181.0,27821206.0,27828550.0,27835274.0,27841926.0,27848368.0,27855178.0,27862058.0,27868931.0,27875980.0,27882894.0,27889234.0,27895549.0,27901960.0,27908885.0,27915778.0,27922853.0,27930066.0,27936936.0,27943457.0,27949961.0,27956642.0,27963132.0,27970360.0,27977859.0,27984904.0,27991450.0,27998036.0,28004806.0,28011290.0,28017704.0,28024294.0,28030692.0,28036350.0,28042064.0,28047998.0,28053519.0,28059722.0,28066179.0,28072827.0,28078619.0,28084425.0,28091088.0,28097377.0,28104509.0,28111731.0,28118311.0,28124745.0,28130735.0,28136304.0,28141764.0,28147750.0,28154284.0,28160723.0,28166526.0,28172510.0,28178460.0,28184581.0,28190635.0,28197276.0,28203677.0,28209470.0,28215162.0,28220790.0,28226511.0,28232760.0,28239393.0,28245501.0,28251033.0,28256706.0,28262530.0,28267829.0,28273424.0,28279549.0,28284923.0,28290146.0,28295708.0,28301199.0,28306811.0,28312529.0,28318409.0,28324254.0,28329986.0,28335593.0,28341086.0,28346667.0,28352175.0,28357716.0,28363426.0,28368246.0,28373227.0,28378266
cQTo9O85Zro,32235647.0,32253596.0,32275261.0,32296457.0,32314449.0,32332548.0,32351340.0,32372673.0,32391540.0,32410805.0,32430015.0,32447819.0,32471106.0,32495097.0,32518261.0,32539302.0,32562018.0,32583101.0,32601998.0,32621820.0,32641688.0,32661758.0,32682163.0,32703987.0,32724593.0,32744299.0,32764841.0,32788022.0,32825285.0,32857358.0,32890164.0,32916330.0,32941531.0,32968423.0,32995965.0,33022121.0,33048753.0,33073593.0,33096105.0,33122829.0,33152347.0,33175396.0,33197468.0,33221166.0,33248007.0,33273789.0,33298133.0,33323919.0,33349277.0,33373866.0,33396836.0,33418304.0,33439542.0,33460743.0,33479661.0,33501343.0,33523561.0,33544619.0,33564828.0,33585062.0,33606316.0,33627400.0,33648169.0,33668937.0,33690308.0,33709926.0,33729481.0,33748085.0,33764380.0,33785188.0,33803384.0,33820002.0,33838778.0,33856296.0,33872016.0,33887060.0,33904535.0,33920017.0,33935664.0,33951450.0,33965788.0,33979384.0,33993540.0,34007211.0,34020963.0,34035293.0,34049962.0,34064175.0,34078158.0,34091384.0,34104076.0,34116894.0,34130871.0,34146729.0,34161331.0,34173921.0,34186670.0,34198866.0,34211699.0,34226242.0,34241806.0,34256406.0,34269327.0,34281485.0,34293797.0,34306020.0,34320235.0,34338874.0,34358188.0,34377311.0,34395799.0,34413394.0,34432715.0,34450046.0,34467688.0,34483527.0,34498173.0,34513263.0,34527988.0,34541078.0,34554622.0,34568479.0,34582194.0,34594949.0,34608003.0,34621706.0,34637222.0,34653880.0,34669978.0,34685846.0,34701429.0,34718801.0,34736619.0,34752613.0,,,,,,,,,34960292.0,34988762.0,35016597.0,35045739.0,35075614.0,35112656.0,35148201.0,35184146.0,35216530.0,35241280.0,35266076.0,35291296.0,35316325.0,35341464.0,35365675.0,35388198.0,35408186.0,35429224.0,35448170.0,35465263.0,35482491.0,35500854.0,35517376.0,35533228.0,35549995.0,35567053.0,35583515.0,35602009.0,35620134.0,35637227.0,35654172.0,35670315.0,35686226.0,35702022.0,35717554.0,35733557.0,35748380.0,35761855.0,35775837.0,35790075.0,35804570.0,35819128.0,35836806.0,35853563.0,35869690.0,35886010.0,35901746.0,35918046.0,35934055.0,35950854.0,35966125.0,35980856.0,35995324.0,36010624.0,36025827.0,36040839.0,36056195.0,36069568.0,36082686.0,36096471.0,36110954.0,36125507.0,36139130.0,36153314.0,36166802.0,36180839.0,36194926.0,36208216.0,36219752.0,36230694.0,36242674.0,36254233.0,36265788.0,36277782.0,36290218.0,36302570.0,36315711.0,36328876.0,36341258.0,36352980.0,36364837.0,36376161.0,36388685.0,36402772.0,36415677.0,36427910.0,36439311.0,36451471.0,36463944.0,36476559.0,36491974.0,36512667.0,36529273.0,36545390.0,36561156.0,36576845.0,36593644.0,36610870.0,36629983.0,36647118.0,36663275.0,36679241.0,36695138.0,36711025.0,36726735.0,36742435.0,36757703.0,36772056.0,36786794.0,36801712.0,36816481.0,36832240.0,36848429.0,36863158.0,36877170.0,36891003.0,36904061.0,36917315.0,36930746.0,36944357.0,36958747.0,,36992664.0,37008196.0,37023154.0,37038135.0,37054174.0,37069140.0,37082511.0,37095589.0,37108613.0,37121408.0,37133918.0,37147321.0,37160489.0,37172631.0,37184126.0,37196125.0,37208517.0,37220730.0,37233764.0,37245359.0,37255853.0,37266569.0,37277180.0,37288154.0,37299554.0,37310712.0,37321247.0,37331670.0,37342399.0,37353349.0,37364077.0,37374896.0,37386258.0,37397250.0,37408036.0,37418344.0,37429349.0,37440615.0,37451530.0,37462500.0,37473185.0,37483709.0,37494378.0,37504998.0,37515876.0,37527330.0,37539519.0,37551229.0,37561306.0,37571588.0,37581836.0,37592006.0,37602112.0,37612575.0,37622345.0,37631960.0,37641487.0,37650832.0,37660289.0,37670225.0,37680874.0,37690992.0,37700303.0,37709930.0,37720460.0,37730755.0,37741622.0,37752825.0,37763740.0,37774361.0,37785026.0,37795271.0,37805086.0,37815679.0,37827652.0,37839635.0,37850820.0,37861806.0,37872607.0,37883024.0,37894127.0,37906018.0,37917089.0,37926790.0,37936595.0,37946426.0,37956690.0,37968252.0,37980045.0,37990360.0,38000534.0,38010424.0,38020667.0,38030985.0,38041323.0,38052482.0,38062615.0,38072760.0,38083269.0,38093488.0,38103789.0,38114734.0,38126070.0,38136929.0,38147328.0,38157159.0,38167370.0,38177664.0,38188019.0,38198734.0,38208896.0,38218343.0,38228525.0,38239550
EIilZl_iuIo,13425816.0,13432513.0,13440368.0,13447163.0,13453723.0,13460309.0,13466399.0,13472719.0,13479584.0,13486469.0,13493035.0,13499030.0,13507039.0,13514438.0,13522238.0,13529506.0,13536907.0,13543760.0,13550388.0,13556708.0,13561815.0,13567083.0,13572350.0,13577717.0,13582743.0,13587232.0,13592009.0,13596721.0,13601617.0,13606265.0,13610674.0,13614923.0,13618974.0,13623162.0,13627396.0,13631398.0,13635411.0,13639908.0,13644313.0,13648628.0,13653153.0,13657316.0,13661816.0,13666247.0,13670963.0,13675495.0,13680165.0,13685168.0,13689743.0,13694564.0,13698965.0,13703353.0,13707159.0,13711321.0,13715552.0,13719636.0,13723492.0,13727333.0,13731104.0,13734817.0,13738576.0,13742599.0,13746643.0,13750362.0,13754106.0,13757483.0,13760554.0,13763973.0,13766907.0,13770756.0,13774211.0,13777748.0,13780949.0,13784348.0,13787653.0,13790901.0,13794280.0,13797653.0,13801199.0,13804451.0,13807626.0,13810794.0,13813918.0,13816867.0,13819997.0,13823290.0,13826590.0,13829514.0,13832446.0,13835233.0,13838327.0,13841643.0,13845156.0,13848790.0,13852327.0,13855395.0,13858259.0,13861171.0,13864150.0,13867396.0,13870629.0,13873934.0,13877211.0,13880135.0,13882969.0,13885729.0,13888969.0,13893306.0,13897450.0,13902180.0,13907347.0,13911839.0,13916481.0,13920579.0,13924346.0,13927757.0,13931082.0,13934307.0,13937461.0,13940457.0,13943466.0,13946994.0,13950400.0,13953306.0,13956708.0,13960320.0,13964138.0,13968033.0,13971807.0,13975317.0,13978814.0,13982142.0,13985576.0,13988935.0,,,,,,,,,14025184.0,14029136.0,14033133.0,14036932.0,14040684.0,14044393.0,14048458.0,14052481.0,14056801.0,14061047.0,14065389.0,14070301.0,14075228.0,14079870.0,14084170.0,14088476.0,14092593.0,14097097.0,14101446.0,14105865.0,14110324.0,14115160.0,14119687.0,14124098.0,14129153.0,14134294.0,14139381.0,14144871.0,14150347.0,14155580.0,14160795.0,14166167.0,14171737.0,14177240.0,14182762.0,14188376.0,14194195.0,14200881.0,14208089.0,14214913.0,14221849.0,14229068.0,14237035.0,14245134.0,14252680.0,14260364.0,14267736.0,14274794.0,14281737.0,14288833.0,14296154.0,14303171.0,14310282.0,14317660.0,14324840.0,14332342.0,14340092.0,14348205.0,14355741.0,14364396.0,14377846.0,14393350.0,14403911.0,14412208.0,14419659.0,14426883.0,14433826.0,14439923.0,14444763.0,14449368.0,14454247.0,14459267.0,14464456.0,14469545.0,14474594.0,14479288.0,14484297.0,14489117.0,14494053.0,14498517.0,14503080.0,14507095.0,14511639.0,14516122.0,14520761.0,14525107.0,14529170.0,14533456.0,14537798.0,14542505.0,14547353.0,14553788.0,14559100.0,14564214.0,14569085.0,14574092.0,14579218.0,14584598.0,14590211.0,14595261.0,14600355.0,14605390.0,14610335.0,14615596.0,14620565.0,14625476.0,14630438.0,14635068.0,14639839.0,14644799.0,14649646.0,14654745.0,14659888.0,14664949.0,14669829.0,14674807.0,14679521.0,14684266.0,14688833.0,14693593.0,14698965.0,,14710917.0,14716527.0,14721738.0,14727049.0,14732637.0,14738000.0,14742976.0,14747721.0,14752235.0,14756698.0,14761006.0,14765468.0,14769648.0,14773809.0,14777722.0,14781885.0,14786294.0,14790635.0,14795320.0,14799382.0,14803267.0,14807360.0,14811366.0,14815394.0,14819662.0,14823580.0,14827519.0,14831361.0,14835014.0,14838610.0,14842144.0,14845627.0,14849207.0,14852461.0,14855772.0,14859162.0,14862468.0,14865682.0,14868894.0,14872164.0,14875282.0,14878285.0,14881385.0,14884485.0,14887684.0,14890958.0,14894668.0,14898027.0,14901142.0,14903973.0,14906896.0,14909890.0,14912730.0,14915674.0,14918536.0,14921159.0,14924003.0,14926837.0,14929596.0,14932534.0,14935577.0,14938488.0,14941393.0,14944363.0,14947327.0,14950236.0,14953057.0,14955892.0,14958417.0,14961552.0,14964660.0,14967506.0,14970379.0,14973342.0,14976479.0,14979468.0,14982472.0,14985307.0,14988173.0,14991018.0,14993926.0,14996977.0,14999797.0,15002428.0,15005479.0,15008675.0,15011862.0,15015053.0,15018063.0,15020777.0,15023465.0,15026141.0,15028918.0,15031647.0,15034707.0,15038166.0,15041195.0,15044063.0,15047097.0,15050086.0,15052677.0,15055341.0,15058235.0,15060857.0,15063346.0,15065869.0,15068505.0,15071097.0,15073773.0,15076461.0,15079108.0,15081638.0,15084113.0,15086725
KuoI5YpzOGk,139876.0,139917.0,139964.0,140009.0,140053.0,140097.0,140156.0,140194.0,140259.0,140296.0,140329.0,140374.0,140422.0,140475.0,140531.0,140578.0,140628.0,140679.0,140715.0,140748.0,140793.0,140845.0,140892.0,140931.0,140961.0,141001.0,141057.0,141100.0,141144.0,141192.0,141253.0,141292.0,141352.0,141403.0,141453.0,141499.0,141541.0,141584.0,141629.0,141676.0,141717.0,141748.0,141787.0,141819.0,141851.0,141883.0,141916.0,141957.0,141982.0,142022.0,142067.0,142130.0,142184.0,142233.0,142277.0,142319.0,142369.0,142416.0,142480.0,142526.0,142576.0,142621.0,142678.0,142729.0,142772.0,142807.0,142847.0,142884.0,142926.0,142965.0,143000.0,143031.0,143071.0,143101.0,143133.0,143166.0,143214.0,143238.0,143276.0,143296.0,143330.0,143354.0,143387.0,143424.0,143454.0,143499.0,143542.0,143589.0,143624.0,143668.0,143708.0,143746.0,143796.0,143845.0,143889.0,143933.0,143996.0,144049.0,144086.0,144115.0,144146.0,144182.0,144220.0,144248.0,144284.0,144302.0,144340.0,144369.0,144400.0,144432.0,144462.0,144497.0,144531.0,144572.0,144602.0,144642.0,144677.0,144709.0,144727.0,144756.0,144788.0,144818.0,144842.0,144874.0,144904.0,144941.0,144970.0,145005.0,145051.0,145081.0,145104.0,145148.0,145196.0,145232.0,,,,,,,,,145516.0,145555.0,145591.0,145627.0,145666.0,145699.0,145739.0,145799.0,145830.0,145882.0,145919.0,145970.0,146020.0,146057.0,146089.0,146121.0,146163.0,146205.0,146244.0,146297.0,146334.0,146381.0,146404.0,146438.0,146479.0,146538.0,146574.0,146611.0,146640.0,146683.0,146724.0,146762.0,146807.0,146843.0,146879.0,146918.0,146948.0,146985.0,147025.0,147052.0,147107.0,147135.0,147168.0,147200.0,147232.0,147294.0,147325.0,147355.0,147388.0,147420.0,147450.0,147482.0,147520.0,147560.0,147587.0,147615.0,147644.0,147685.0,147723.0,147769.0,147806.0,147835.0,147866.0,147894.0,147927.0,147957.0,147996.0,148044.0,148059.0,148084.0,148115.0,148150.0,148183.0,148209.0,148257.0,148295.0,148339.0,148383.0,148414.0,148454.0,148487.0,148526.0,148558.0,148597.0,148632.0,148675.0,148715.0,148755.0,148784.0,148822.0,148865.0,148895.0,148916.0,148944.0,148982.0,149019.0,149050.0,149088.0,149116.0,149142.0,149168.0,149190.0,149224.0,149261.0,149281.0,149314.0,149332.0,149359.0,149394.0,149419.0,149441.0,149471.0,149505.0,149534.0,149564.0,149599.0,149634.0,149669.0,149696.0,149713.0,149753.0,,149817.0,149856.0,149900.0,149949.0,149975.0,150010.0,150039.0,150069.0,150097.0,150125.0,150156.0,150183.0,150208.0,150242.0,150279.0,150308.0,150334.0,150371.0,150399.0,150439.0,150482.0,150514.0,150550.0,150598.0,150649.0,150685.0,150742.0,150797.0,150858.0,150904.0,150963.0,151017.0,151053.0,151100.0,151145.0,151196.0,151240.0,151282.0,151324.0,151345.0,151381.0,151409.0,151454.0,151493.0,151523.0,151571.0,151604.0,151655.0,151697.0,151747.0,151791.0,151823.0,151850.0,151886.0,151919.0,151951.0,151994.0,152033.0,152095.0,152133.0,152212.0,152247.0,152280.0,152335.0,152402.0,152466.0,152541.0,152607.0,152648.0,152690.0,152750.0,152812.0,152880.0,152932.0,152998.0,153064.0,153128.0,153180.0,153234.0,153294.0,153345.0,153399.0,153444.0,153499.0,153547.0,153615.0,153657.0,153716.0,153782.0,153854.0,153939.0,154017.0,154085.0,154148.0,154201.0,154253.0,154306.0,154353.0,154414.0,154476.0,154512.0,154553.0,154599.0,154645.0,154696.0,154734.0,154791.0,154829.0,154863.0,154911.0,154933.0,154970.0,155011.0,155053
lxO6ooNh2ys,204434.0,204460.0,204499.0,204543.0,204582.0,204623.0,204668.0,204708.0,204753.0,204795.0,204834.0,204878.0,204916.0,204958.0,204998.0,205043.0,205083.0,205129.0,205181.0,205243.0,205284.0,205321.0,205365.0,205403.0,205450.0,205497.0,205531.0,205559.0,205596.0,205640.0,205676.0,205715.0,205755.0,205793.0,205849.0,205903.0,205941.0,206007.0,206047.0,206077.0,206115.0,206145.0,206189.0,206226.0,206285.0,206349.0,206401.0,206441.0,206500.0,206535.0,206568.0,206608.0,206652.0,206685.0,206717.0,206740.0,206770.0,206815.0,206843.0,206885.0,206930.0,206963.0,206993.0,207028.0,207068.0,207105.0,207134.0,207159.0,207194.0,207235.0,207263.0,207298.0,207356.0,207400.0,207442.0,207503.0,207539.0,207579.0,207626.0,207672.0,207701.0,207725.0,207764.0,207795.0,207825.0,207865.0,207896.0,207928.0,207960.0,207991.0,208027.0,208067.0,208107.0,208138.0,208168.0,208195.0,208221.0,208253.0,208276.0,208308.0,208337.0,208368.0,208408.0,208435.0,208471.0,208505.0,208528.0,208563.0,208593.0,208626.0,208657.0,208689.0,208724.0,208753.0,208777.0,208807.0,208831.0,208868.0,208903.0,208932.0,208960.0,208990.0,209022.0,209046.0,209065.0,209091.0,209115.0,209146.0,209169.0,209187.0,209224.0,209244.0,209271.0,209292.0,,,,,,,,,209498.0,209520.0,209552.0,209579.0,209606.0,209621.0,209644.0,209670.0,209703.0,209743.0,209769.0,209798.0,209833.0,209860.0,209887.0,209906.0,209945.0,209967.0,209984.0,210007.0,210033.0,210064.0,210115.0,210161.0,210196.0,210238.0,210255.0,210294.0,210347.0,210385.0,210423.0,210464.0,210510.0,210541.0,210586.0,210613.0,210639.0,210674.0,210703.0,210737.0,210776.0,210795.0,210822.0,210858.0,210900.0,210940.0,210970.0,211000.0,211050.0,211072.0,211107.0,211143.0,211187.0,211228.0,211259.0,211286.0,211320.0,211349.0,211371.0,211403.0,211446.0,211478.0,211510.0,211536.0,211571.0,211603.0,211640.0,211682.0,211714.0,211743.0,211770.0,211806.0,211831.0,211854.0,211875.0,211895.0,211923.0,211946.0,211984.0,212019.0,212044.0,212081.0,212113.0,212156.0,212191.0,212228.0,212238.0,212254.0,212279.0,212303.0,212327.0,212353.0,212382.0,212406.0,212436.0,212465.0,212494.0,212517.0,212540.0,212564.0,212601.0,212631.0,212660.0,212684.0,212713.0,212739.0,212757.0,212784.0,212812.0,212825.0,212847.0,212864.0,212884.0,212913.0,212930.0,212952.0,212966.0,212980.0,213014.0,213032.0,213083.0,,213184.0,213214.0,213240.0,213274.0,213299.0,213324.0,213348.0,213383.0,213406.0,213434.0,213464.0,213500.0,213526.0,213551.0,213572.0,213604.0,213630.0,213653.0,213687.0,213710.0,213735.0,213757.0,213786.0,213807.0,213826.0,213848.0,213866.0,213886.0,213910.0,213941.0,213954.0,213968.0,213990.0,214012.0,214029.0,214045.0,214063.0,214093.0,214115.0,214149.0,214166.0,214192.0,214212.0,214234.0,214251.0,214266.0,214281.0,214295.0,214303.0,214319.0,214340.0,214364.0,214383.0,214395.0,214413.0,214429.0,214454.0,214469.0,214479.0,214496.0,214507.0,214522.0,214538.0,214564.0,214583.0,214598.0,214617.0,214640.0,214656.0,214672.0,214689.0,214704.0,214721.0,214734.0,214749.0,214768.0,214800.0,214822.0,214843.0,214872.0,214895.0,214918.0,214940.0,214955.0,214984.0,215013.0,215053.0,215081.0,215114.0,215135.0,215152.0,215176.0,215191.0,215214.0,215240.0,215278.0,215307.0,215346.0,215373.0,215404.0,215429.0,215458.0,215482.0,215508.0,215531.0,215559.0,215583.0,215608.0,215631.0,215650.0,215671.0,215691.0,215708.0,215732
7LRK4rdsOWU,269640.0,269850.0,270045.0,270250.0,270471.0,270718.0,270894.0,271113.0,271321.0,271475.0,271618.0,271803.0,271983.0,272174.0,272346.0,272536.0,272722.0,272942.0,273112.0,273278.0,273932.0,276012.0,278603.0,280461.0,282348.0,284427.0,287063.0,290306.0,294072.0,298108.0,300549.0,303416.0,306928.0,310176.0,313021.0,316465.0,320258.0,323277.0,326407.0,330020.0,333885.0,337193.0,340119.0,343062.0,345708.0,348008.0,349926.0,353165.0,356305.0,359790.0,363238.0,366101.0,369589.0,372555.0,375252.0,377531.0,380428.0,384176.0,387789.0,390322.0,392740.0,395609.0,398807.0,401316.0,403720.0,406851.0,409415.0,412167.0,414537.0,417313.0,420000.0,423182.0,426322.0,429789.0,432980.0,436274.0,438921.0,441398.0,443876.0,446023.0,448289.0,450612.0,452869.0,455205.0,457684.0,460159.0,462537.0,464806.0,466879.0,468928.0,470935.0,472723.0,474786.0,477022.0,478896.0,480682.0,482278.0,483897.0,486065.0,488202.0,490150.0,492335.0,494721.0,496793.0,498628.0,500445.0,502160.0,504276.0,506398.0,508451.0,510794.0,513004.0,515275.0,517806.0,520645.0,523172.0,525249.0,527167.0,528899.0,530672.0,533192.0,536361.0,538739.0,541334.0,544414.0,547485.0,550203.0,552460.0,555260.0,557945.0,560702.0,563266.0,565608.0,567658.0,,,,,,,,,586773.0,588689.0,590656.0,592116.0,593706.0,595332.0,596753.0,598331.0,599916.0,601420.0,602978.0,604511.0,606388.0,608226.0,610404.0,612693.0,614476.0,616031.0,617768.0,619198.0,620554.0,622086.0,623597.0,624891.0,626069.0,627372.0,628531.0,629713.0,630892.0,632307.0,633417.0,634458.0,635490.0,636689.0,637802.0,639007.0,640348.0,641323.0,642262.0,643436.0,644560.0,646032.0,647447.0,648841.0,650025.0,651089.0,652128.0,653384.0,654432.0,655678.0,656682.0,657680.0,658555.0,659456.0,660226.0,661164.0,662230.0,663404.0,664609.0,665669.0,666683.0,667685.0,668634.0,669664.0,670836.0,671780.0,672679.0,673597.0,674447.0,675226.0,676235.0,677404.0,678357.0,679245.0,680162.0,681034.0,682216.0,683275.0,684180.0,685264.0,686222.0,687199.0,688075.0,689328.0,690433.0,691625.0,692616.0,693668.0,694567.0,695767.0,696739.0,697804.0,698964.0,700047.0,701031.0,702173.0,702994.0,703869.0,704726.0,705545.0,706302.0,707153.0,708038.0,708932.0,709797.0,710729.0,711691.0,712603.0,713367.0,714177.0,714918.0,715587.0,716414.0,717229.0,717919.0,718451.0,719205.0,719828.0,720453.0,721263.0,722006.0,,723429.0,724225.0,724790.0,725449.0,726201.0,726936.0,727486.0,728119.0,728622.0,729170.0,729763.0,730348.0,730919.0,731465.0,732013.0,732643.0,733239.0,734001.0,734661.0,735336.0,735914.0,736546.0,737100.0,737769.0,738419.0,739125.0,739731.0,740283.0,740854.0,741436.0,741957.0,742433.0,742938.0,743428.0,744020.0,744569.0,745009.0,745507.0,746059.0,746547.0,747002.0,747525.0,747926.0,748460.0,748999.0,749688.0,750671.0,751821.0,752849.0,753781.0,754670.0,755594.0,756187.0,756927.0,757544.0,758168.0,758841.0,759505.0,760125.0,760769.0,761404.0,762084.0,762606.0,763110.0,763677.0,764235.0,764850.0,765381.0,765928.0,766489.0,766959.0,767481.0,768019.0,768411.0,768926.0,769443.0,769879.0,770341.0,770829.0,771276.0,771652.0,772029.0,772389.0,772700.0,773019.0,773356.0,773616.0,773964.0,774274.0,774601.0,774899.0,775215.0,775557.0,775899.0,776206.0,776545.0,776876.0,777157.0,777443.0,777751.0,778034.0,778302.0,778598.0,778876.0,779152.0,779408.0,779752.0,780067.0,780353.0,780665.0,780965.0,781199.0,781453.0,781674
ZcsKi8BPaeY,2800466.0,2800844.0,2801331.0,2801872.0,2802435.0,2802950.0,2803590.0,2804177.0,2804744.0,2805313.0,2805918.0,2806497.0,2807070.0,2807669.0,2808351.0,2808987.0,2809701.0,2810464.0,2811223.0,2812194.0,2813169.0,2814303.0,2815180.0,2816083.0,2816982.0,2817871.0,2818758.0,2819652.0,2820456.0,2821249.0,2821909.0,2822635.0,2823351.0,2823991.0,2824732.0,2825444.0,2826108.0,2826789.0,2827463.0,2828094.0,2828721.0,2829357.0,2829922.0,2830594.0,2831179.0,2831864.0,2832398.0,2832895.0,2833514.0,2834074.0,2834664.0,2835305.0,2835991.0,2836508.0,2837080.0,2837632.0,2838198.0,2838826.0,2839442.0,2840112.0,2840693.0,2841323.0,2841897.0,2842508.0,2843109.0,2843700.0,2844287.0,2844847.0,2845292.0,2845869.0,2846392.0,2846909.0,2847440.0,2847942.0,2848458.0,2849012.0,2849476.0,2849921.0,2850431.0,2850899.0,2851407.0,2851855.0,2852297.0,2852822.0,2853315.0,2853753.0,2854156.0,2854615.0,2855021.0,2855519.0,2856036.0,2856467.0,2856978.0,2857376.0,2857812.0,2858237.0,2858702.0,2859107.0,2859578.0,2859969.0,2860414.0,2860884.0,2861362.0,2861806.0,2862319.0,2862717.0,2863156.0,2863648.0,2864119.0,2864470.0,2864917.0,2865339.0,2865793.0,2866239.0,2866695.0,2867191.0,2867609.0,2868028.0,2868452.0,2868843.0,2869270.0,2869699.0,2870183.0,2870607.0,2871046.0,2871448.0,2871866.0,2872271.0,2872682.0,2873115.0,2873486.0,2873837.0,2874196.0,2874549.0,,,,,,,,,2878078.0,2878605.0,2879054.0,2879505.0,2879985.0,2880414.0,2880831.0,2881182.0,2881703.0,2882143.0,2882595.0,2883053.0,2883538.0,2884013.0,2884407.0,2884932.0,2885383.0,2886203.0,2887726.0,2888822.0,2889771.0,2890701.0,2891541.0,2892367.0,2893117.0,2893849.0,2894637.0,2895232.0,2895837.0,2896436.0,2897022.0,2897714.0,2898255.0,2898804.0,2899322.0,2899899.0,2900477.0,2900938.0,2901418.0,2901891.0,2902473.0,2903038.0,2903645.0,2904148.0,2904704.0,2905209.0,2905713.0,2906290.0,2906737.0,2907213.0,2907663.0,2908266.0,2908895.0,2909590.0,2910187.0,2910839.0,2911429.0,2911948.0,2912524.0,2913132.0,2913671.0,2914109.0,2914598.0,2915024.0,2915459.0,2915974.0,2916462.0,2916896.0,2917332.0,2917746.0,2918200.0,2918605.0,2919066.0,2919443.0,2919945.0,2920414.0,2920876.0,2921352.0,2921803.0,2922237.0,2922691.0,2923106.0,2923533.0,2924194.0,2924603.0,2925067.0,2925478.0,2925863.0,2926321.0,2926699.0,2927129.0,2927529.0,2927985.0,2928374.0,2928723.0,2929183.0,2929556.0,2929983.0,2930408.0,2930844.0,2931213.0,2931564.0,2931958.0,2932358.0,2932683.0,2933098.0,2933449.0,2933804.0,2934166.0,2934512.0,2934873.0,2935183.0,2935514.0,2935830.0,2936232.0,2936538.0,2936848.0,2937146.0,2937444.0,2937746.0,2938033.0,,2938648.0,2938929.0,2939217.0,2939485.0,2939771.0,2940112.0,2940405.0,2940670.0,2941053.0,2941341.0,2941689.0,2941985.0,2942253.0,2942559.0,2942843.0,2943143.0,2943457.0,2943798.0,2944083.0,2944385.0,2944725.0,2945112.0,2945476.0,2945765.0,2946108.0,2946311.0,2946515.0,2946741.0,2947015.0,2947277.0,2947575.0,2947857.0,2948148.0,2948422.0,2948672.0,2948938.0,2949203.0,2949526.0,2949823.0,2950149.0,2950400.0,2950703.0,2951009.0,2951301.0,2951594.0,2951853.0,2952135.0,2952432.0,2952732.0,2953028.0,2953285.0,2953551.0,2953884.0,2954171.0,2954490.0,2954741.0,2955017.0,2955238.0,2955537.0,2955821.0,2956110.0,2956373.0,2956655.0,2956969.0,2957285.0,2957557.0,2957823.0,2958118.0,2958391.0,2958694.0,2958931.0,2959269.0,2959587.0,2959860.0,2960205.0,2960496.0,2960795.0,2961073.0,2961381.0,2961630.0,2961933.0,2962214.0,2962486.0,2962760.0,2963028.0,2963305.0,2963575.0,2963841.0,2964120.0,2964430.0,2964739.0,2965028.0,2965277.0,2965542.0,2965796.0,2966144.0,2966477.0,2966858.0,2967551.0,2968659.0,2969436.0,2969991.0,2970513.0,2970933.0,2971349.0,2971746.0,2972150.0,2972565.0,2972908.0,2973315.0,2973656.0,2973982.0,2974279.0,2974633
qqI1BKeUC-U,4121097.0,4121859.0,4122790.0,4123862.0,4124780.0,4125721.0,4126688.0,4127725.0,4128846.0,4130068.0,4131278.0,4132386.0,4133632.0,4134893.0,4136169.0,4137539.0,4139123.0,4140977.0,4142715.0,4144608.0,4146786.0,4149238.0,4151253.0,4153193.0,4154926.0,4156786.0,4158488.0,4160266.0,4161929.0,4163595.0,4165195.0,4166665.0,4168201.0,4169696.0,4171245.0,4172817.0,4174239.0,4175663.0,4177156.0,4178488.0,4179902.0,4181242.0,4182500.0,4183838.0,4185096.0,4186622.0,4187833.0,4188977.0,4190224.0,4191404.0,4192435.0,4193747.0,4195073.0,4196208.0,4197398.0,4198557.0,4199726.0,4200800.0,4201868.0,4203141.0,4204328.0,4205570.0,4206713.0,4207752.0,4208977.0,4210068.0,4211217.0,4212177.0,4213049.0,4214170.0,4215146.0,4216081.0,4217052.0,4217936.0,4218851.0,4219716.0,4220622.0,4221479.0,4222463.0,4223370.0,4224289.0,4225092.0,4226003.0,4226953.0,4227892.0,4228706.0,4229580.0,4230403.0,4231234.0,4232140.0,4233067.0,4233920.0,4234843.0,4235785.0,4236781.0,4237574.0,4238372.0,4239225.0,4240008.0,4240838.0,4241708.0,4242771.0,4243747.0,4244706.0,4245620.0,4246486.0,4247327.0,4248241.0,4249188.0,4250030.0,4250938.0,4251848.0,4252767.0,4253669.0,4254600.0,4255539.0,4256307.0,4257069.0,4257910.0,4258661.0,4259482.0,4260293.0,4261129.0,4261876.0,4262616.0,4263420.0,4264247.0,4265142.0,4266006.0,4266839.0,4267590.0,4268429.0,4269248.0,4270027.0,,,,,,,,,4277991.0,4279123.0,4280228.0,4281192.0,4282205.0,4283260.0,4284172.0,4285094.0,4286535.0,4287611.0,4288540.0,4289431.0,4290307.0,4291215.0,4292057.0,4293221.0,4294077.0,4295662.0,4298182.0,4300312.0,4302308.0,4304124.0,4305927.0,4307497.0,4309188.0,4310822.0,4312314.0,4313603.0,4314897.0,4316253.0,4317459.0,4318656.0,4319826.0,4320917.0,4321853.0,4323047.0,4324228.0,4325367.0,4326533.0,4327669.0,4328821.0,4329824.0,4330881.0,4331913.0,4332903.0,4333909.0,4334825.0,4335939.0,4336953.0,4337870.0,4338964.0,4340191.0,4341401.0,4342767.0,4343983.0,4345238.0,4346464.0,4347579.0,4348710.0,4349931.0,4350946.0,4351973.0,4352880.0,4353879.0,4354779.0,4355777.0,4356848.0,4357865.0,4358769.0,4359705.0,4360598.0,4361513.0,4362407.0,4363293.0,4364320.0,4365321.0,4366272.0,4367303.0,4368152.0,4369146.0,4370164.0,4371005.0,4371878.0,4372851.0,4373823.0,4374724.0,4375591.0,4376450.0,4377366.0,4378243.0,4379017.0,4379898.0,4380865.0,4381714.0,4382508.0,4383357.0,4384170.0,4384993.0,4385875.0,4386716.0,4387598.0,4388458.0,4389329.0,4390245.0,4391129.0,4392028.0,4393001.0,4393789.0,4394755.0,4395667.0,4396583.0,4397400.0,4398226.0,4399073.0,4399912.0,4400741.0,4401612.0,4402220.0,4402973.0,4403689.0,4404373.0,,4405749.0,4406409.0,4407028.0,4407636.0,4408356.0,4409033.0,4409684.0,4410303.0,4410950.0,4411637.0,4412204.0,4412798.0,4413290.0,4413928.0,4414514.0,4415223.0,4415955.0,4416648.0,4417330.0,4418033.0,4418785.0,4419493.0,4420250.0,4420932.0,4421750.0,4422153.0,4422651.0,4423150.0,4423762.0,4424409.0,4425011.0,4425607.0,4426282.0,4426835.0,4427468.0,4428073.0,4428689.0,4429370.0,4430027.0,4430659.0,4431287.0,4431923.0,4432515.0,4433210.0,4433783.0,4434275.0,4434978.0,4435606.0,4436143.0,4436709.0,4437246.0,4437753.0,4438317.0,4438798.0,4439371.0,4439925.0,4440415.0,4440985.0,4441557.0,4442080.0,4442699.0,4443237.0,4443745.0,4444323.0,4444960.0,4445602.0,4446213.0,4446853.0,4447448.0,4448035.0,4448638.0,4449213.0,4449830.0,4450347.0,4450928.0,4451605.0,4452198.0,4452772.0,4453400.0,4453946.0,4454620.0,4455170.0,4455755.0,4456352.0,4456929.0,4457478.0,4458066.0,4458598.0,4459117.0,4459718.0,4460273.0,4460809.0,4461335.0,4461923.0,4462548.0,4463209.0,4463885.0,4464672.0,4465715.0,4467341.0,4468617.0,4469625.0,4470555.0,4471396.0,4472212.0,4473006.0,4473696.0,4474413.0,4475103.0,4475755.0,4476379.0,4476989.0,4477559.0,4478186
0Z8T2JiZb94,731259.0,731440.0,731697.0,731918.0,732112.0,732298.0,732503.0,732743.0,732974.0,733180.0,733434.0,733637.0,733859.0,734056.0,734256.0,734478.0,734721.0,734972.0,735223.0,735544.0,735940.0,736298.0,736663.0,736971.0,737282.0,737599.0,737957.0,738356.0,738719.0,739094.0,739429.0,739728.0,740101.0,740420.0,740725.0,741040.0,741332.0,741597.0,741914.0,742140.0,742391.0,742649.0,742883.0,743133.0,743434.0,743733.0,744057.0,744299.0,744533.0,744812.0,745020.0,745253.0,745459.0,745639.0,745836.0,746029.0,746230.0,746388.0,746543.0,746745.0,746950.0,747186.0,747392.0,747608.0,747768.0,747936.0,748126.0,748298.0,748455.0,748659.0,748834.0,748985.0,749182.0,749355.0,749493.0,749691.0,749846.0,750010.0,750244.0,750416.0,750606.0,750790.0,750984.0,751174.0,751380.0,751536.0,751711.0,751876.0,752055.0,752200.0,752366.0,752568.0,752713.0,752863.0,753050.0,753228.0,753353.0,753513.0,753676.0,753817.0,754001.0,754221.0,754408.0,754606.0,754803.0,754950.0,755094.0,755244.0,755415.0,755582.0,755761.0,755928.0,756117.0,756290.0,756481.0,756657.0,756860.0,757029.0,757223.0,757360.0,757502.0,757682.0,757820.0,757980.0,758143.0,758289.0,758449.0,758602.0,758750.0,758900.0,759054.0,759206.0,759347.0,759486.0,,,,,,,,,760885.0,761055.0,761213.0,761383.0,761556.0,761747.0,761915.0,762077.0,762296.0,762486.0,762629.0,762769.0,762931.0,763082.0,763242.0,763425.0,763566.0,763895.0,764494.0,764891.0,765177.0,765469.0,765683.0,765899.0,766136.0,766360.0,766574.0,766775.0,766957.0,767110.0,767290.0,767440.0,767591.0,767731.0,767906.0,768057.0,768226.0,768413.0,768593.0,768758.0,768932.0,769096.0,769308.0,769456.0,769645.0,769775.0,769928.0,770122.0,770310.0,770445.0,770615.0,770797.0,770999.0,771202.0,771412.0,771674.0,771894.0,772068.0,772270.0,772480.0,772653.0,772835.0,772997.0,773143.0,773285.0,773488.0,773669.0,773842.0,774009.0,774170.0,774332.0,774498.0,774673.0,774849.0,775000.0,775162.0,775343.0,775500.0,775678.0,775860.0,776045.0,776189.0,776336.0,776484.0,776667.0,776805.0,776952.0,777083.0,777216.0,777350.0,777507.0,777654.0,777824.0,777948.0,778121.0,778263.0,778386.0,778514.0,778657.0,778781.0,778945.0,779063.0,779189.0,779342.0,779482.0,779606.0,779734.0,779880.0,780035.0,780173.0,780295.0,780426.0,780564.0,780702.0,780837.0,780969.0,781105.0,781224.0,781330.0,781483.0,781585.0,,781819.0,781932.0,782045.0,782164.0,782265.0,782398.0,782521.0,782641.0,782764.0,782901.0,783056.0,783177.0,783275.0,783397.0,783535.0,783680.0,783839.0,783974.0,784086.0,784205.0,784362.0,784509.0,784673.0,784805.0,784951.0,785020.0,785097.0,785181.0,785274.0,785376.0,785501.0,785619.0,785728.0,785812.0,785917.0,786020.0,786119.0,786219.0,786333.0,786427.0,786509.0,786622.0,786734.0,786841.0,786945.0,787039.0,787116.0,787231.0,787357.0,787463.0,787563.0,787668.0,787747.0,787838.0,787938.0,788032.0,788124.0,788187.0,788304.0,788379.0,788514.0,788622.0,788733.0,788843.0,788944.0,789043.0,789160.0,789279.0,789367.0,789481.0,789569.0,789653.0,789755.0,789830.0,789935.0,790035.0,790136.0,790258.0,790358.0,790462.0,790552.0,790636.0,790726.0,790821.0,790923.0,791017.0,791130.0,791222.0,791320.0,791409.0,791486.0,791578.0,791686.0,791799.0,791895.0,792000.0,792098.0,792221.0,792410.0,792637.0,792763.0,792919.0,793059.0,793191.0,793293.0,793424.0,793574.0,793695.0,793811.0,793901.0,793982.0,794065.0,794133.0,794218
YhhOv5GN8n0,350839.0,350920.0,351063.0,351231.0,351347.0,351452.0,351562.0,351672.0,351776.0,351885.0,352011.0,352139.0,352238.0,352322.0,352419.0,352510.0,352635.0,352758.0,352880.0,353048.0,353256.0,353414.0,353556.0,353685.0,353823.0,353960.0,354100.0,354257.0,354394.0,354525.0,354695.0,354811.0,354953.0,355065.0,355203.0,355370.0,355493.0,355639.0,355779.0,355854.0,355963.0,356056.0,356166.0,356293.0,356446.0,356593.0,356711.0,356818.0,356920.0,357025.0,357142.0,357246.0,357342.0,357423.0,357496.0,357570.0,357657.0,357716.0,357788.0,357860.0,357972.0,358076.0,358178.0,358270.0,358357.0,358425.0,358503.0,358588.0,358644.0,358745.0,358836.0,358923.0,359007.0,359076.0,359154.0,359220.0,359272.0,359338.0,359417.0,359481.0,359560.0,359628.0,359691.0,359754.0,359830.0,359889.0,359949.0,360017.0,360090.0,360143.0,360220.0,360271.0,360340.0,360389.0,360451.0,360540.0,360586.0,360632.0,360689.0,360761.0,360848.0,360934.0,360988.0,361055.0,361111.0,361163.0,361213.0,361269.0,361328.0,361371.0,361416.0,361468.0,361530.0,361590.0,361644.0,361706.0,361747.0,361803.0,361857.0,361909.0,361957.0,362010.0,362050.0,362102.0,362152.0,362194.0,362223.0,362263.0,362305.0,362345.0,362400.0,362444.0,362478.0,362517.0,,,,,,,,,362896.0,362965.0,363010.0,363072.0,363116.0,363160.0,363208.0,363261.0,363349.0,363416.0,363457.0,363520.0,363567.0,363647.0,363704.0,363786.0,363837.0,363909.0,364033.0,364115.0,364196.0,364286.0,364383.0,364465.0,364531.0,364592.0,364645.0,364718.0,364776.0,364850.0,364892.0,364931.0,364985.0,365028.0,365075.0,365122.0,365185.0,365225.0,365272.0,365315.0,365363.0,365414.0,365465.0,365510.0,365570.0,365616.0,365660.0,365712.0,365777.0,365837.0,365897.0,365969.0,366031.0,366086.0,366160.0,366227.0,366297.0,366365.0,366421.0,366455.0,366522.0,366575.0,366630.0,366679.0,366738.0,366800.0,366851.0,366911.0,366973.0,367024.0,367064.0,367112.0,367174.0,367246.0,367319.0,367372.0,367437.0,367490.0,367571.0,367625.0,367678.0,367724.0,367771.0,367832.0,367883.0,367939.0,367994.0,368037.0,368085.0,368134.0,368196.0,368244.0,368294.0,368339.0,368400.0,368451.0,368494.0,368535.0,368589.0,368634.0,368699.0,368739.0,368784.0,368829.0,368867.0,368906.0,368949.0,369008.0,369044.0,369080.0,369115.0,369151.0,369194.0,369245.0,369288.0,369334.0,369366.0,369411.0,369452.0,369487.0,369511.0,,369586.0,369613.0,369641.0,369681.0,369709.0,369738.0,369780.0,369811.0,369848.0,369883.0,369930.0,369960.0,369983.0,370015.0,370048.0,370075.0,370120.0,370156.0,370182.0,370224.0,370263.0,370304.0,370347.0,370394.0,370443.0,370460.0,370478.0,370502.0,370532.0,370563.0,370605.0,370639.0,370678.0,370708.0,370734.0,370766.0,370800.0,370830.0,370873.0,370905.0,370933.0,370964.0,370991.0,371031.0,371072.0,371108.0,371156.0,371196.0,371247.0,371291.0,371327.0,371367.0,371391.0,371418.0,371454.0,371483.0,371508.0,371535.0,371566.0,371598.0,371641.0,371675.0,371702.0,371739.0,371782.0,371823.0,371876.0,371928.0,371974.0,372006.0,372039.0,372073.0,372113.0,372150.0,372188.0,372222.0,372273.0,372316.0,372354.0,372391.0,372426.0,372462.0,372493.0,372530.0,372565.0,372596.0,372634.0,372663.0,372696.0,372732.0,372758.0,372779.0,372827.0,372872.0,372919.0,372957.0,372993.0,373036.0,373137.0,373272.0,373356.0,373420.0,373482.0,373529.0,373575.0,373625.0,373675.0,373708.0,373754.0,373781.0,373834.0,373867.0,373898.0,373931
KHN53qNr088,183990.0,184018.0,184049.0,184085.0,184115.0,184145.0,184173.0,184195.0,184226.0,184259.0,184294.0,184325.0,184348.0,184376.0,184395.0,184425.0,184446.0,184486.0,184528.0,184580.0,184643.0,184704.0,184761.0,184811.0,184862.0,184909.0,184967.0,185015.0,185061.0,185096.0,185139.0,185170.0,185208.0,185240.0,185283.0,185326.0,185360.0,185395.0,185432.0,185446.0,185468.0,185492.0,185515.0,185541.0,185572.0,185602.0,185630.0,185650.0,185671.0,185698.0,185724.0,185747.0,185776.0,185793.0,185807.0,185828.0,185850.0,185870.0,185885.0,185906.0,185918.0,185944.0,185963.0,185979.0,185997.0,186015.0,186027.0,186041.0,186050.0,186073.0,186089.0,186100.0,186117.0,186139.0,186149.0,186161.0,186173.0,186188.0,186215.0,186228.0,186247.0,186256.0,186270.0,186288.0,186304.0,186311.0,186329.0,186341.0,186355.0,186363.0,186379.0,186398.0,186414.0,186428.0,186444.0,186457.0,186470.0,186481.0,186495.0,186516.0,186529.0,186546.0,186559.0,186579.0,186589.0,186602.0,186610.0,186624.0,186642.0,186651.0,186660.0,186667.0,186690.0,186713.0,186725.0,186739.0,186755.0,186769.0,186779.0,186797.0,186807.0,186817.0,186831.0,186844.0,186856.0,186863.0,186868.0,186878.0,186889.0,186901.0,186914.0,186925.0,186933.0,186941.0,,,,,,,,,187023.0,187037.0,187048.0,187060.0,187067.0,187075.0,187084.0,187100.0,187118.0,187132.0,187139.0,187160.0,187176.0,187190.0,187200.0,187229.0,187248.0,187264.0,187279.0,187292.0,187304.0,187317.0,187346.0,187358.0,187370.0,187378.0,187387.0,187399.0,187411.0,187426.0,187441.0,187447.0,187461.0,187476.0,187483.0,187487.0,187499.0,187528.0,187538.0,187541.0,187550.0,187572.0,187590.0,187609.0,187619.0,187627.0,187636.0,187651.0,187667.0,187679.0,187693.0,187705.0,187714.0,187729.0,187745.0,187767.0,187788.0,187799.0,187823.0,187836.0,187848.0,187868.0,187880.0,187899.0,187910.0,187936.0,187956.0,187975.0,187987.0,188007.0,188025.0,188044.0,188059.0,188074.0,188086.0,188099.0,188118.0,188131.0,188148.0,188164.0,188177.0,188188.0,188200.0,188211.0,188233.0,188251.0,188265.0,188267.0,188274.0,188281.0,188291.0,188306.0,188321.0,188340.0,188362.0,188369.0,188380.0,188395.0,188404.0,188412.0,188423.0,188433.0,188449.0,188461.0,188473.0,188484.0,188490.0,188505.0,188519.0,188535.0,188548.0,188554.0,188567.0,188579.0,188589.0,188599.0,188607.0,188627.0,188638.0,188646.0,188656.0,,188680.0,188692.0,188700.0,188713.0,188720.0,188730.0,188735.0,188744.0,188758.0,188763.0,188780.0,188790.0,188802.0,188811.0,188823.0,188829.0,188843.0,188853.0,188862.0,188871.0,188886.0,188895.0,188913.0,188917.0,188934.0,188938.0,188945.0,188954.0,188958.0,188969.0,188979.0,188986.0,188999.0,189008.0,189014.0,189022.0,189028.0,189036.0,189046.0,189054.0,189064.0,189069.0,189075.0,189080.0,189092.0,189101.0,189110.0,189126.0,189133.0,189143.0,189149.0,189158.0,189163.0,189171.0,189187.0,189193.0,189197.0,189201.0,189218.0,189223.0,189236.0,189248.0,189256.0,189264.0,189268.0,189277.0,189292.0,189300.0,189307.0,189316.0,189320.0,189329.0,189335.0,189345.0,189348.0,189359.0,189370.0,189376.0,189381.0,189392.0,189395.0,189408.0,189417.0,189428.0,189437.0,189445.0,189453.0,189458.0,189465.0,189471.0,189478.0,189483.0,189490.0,189511.0,189521.0,189537.0,189544.0,189556.0,189569.0,189588.0,189595.0,189602.0,189619.0,189623.0,189633.0,189639.0,189649.0,189657.0,189664.0,189673.0,189682.0,189691.0,189697.0,189704
ZcsKi8BPaeY,2800466.0,2800844.0,2801331.0,2801872.0,2802435.0,2802950.0,2803590.0,2804181.0,2804744.0,2805313.0,2805918.0,2806497.0,2807070.0,2807669.0,2808351.0,2808987.0,2809701.0,2810464.0,2811223.0,2812194.0,2813169.0,2814303.0,2815180.0,2816083.0,2816982.0,2817871.0,2818752.0,2819652.0,2820456.0,2821249.0,2821909.0,2822635.0,2823351.0,2823991.0,2824732.0,2825444.0,2826108.0,2826789.0,2827463.0,2828094.0,2828721.0,2829357.0,2829922.0,2830594.0,2831179.0,2831864.0,2832398.0,2832895.0,2833514.0,2834074.0,2834664.0,2835305.0,2835991.0,2836508.0,2837080.0,2837632.0,2838198.0,2838826.0,2839442.0,2840112.0,2840618.0,2841323.0,2841897.0,2842508.0,2843109.0,2843700.0,2844287.0,2844847.0,2845292.0,2845869.0,2846392.0,2846909.0,2847440.0,2847942.0,2848458.0,2849012.0,2849435.0,2849921.0,2850431.0,2850899.0,2851407.0,2851855.0,2852297.0,2852822.0,2853315.0,2853753.0,2854156.0,2854615.0,2855021.0,2855519.0,2856036.0,2856467.0,2856978.0,2857376.0,2857812.0,2858237.0,2858702.0,2859107.0,2859578.0,2859950.0,2860414.0,2860884.0,2861362.0,2861806.0,2862319.0,2862717.0,2863152.0,2863648.0,2864119.0,2864470.0,2864911.0,2865339.0,2865793.0,2866239.0,2866673.0,2867191.0,2867609.0,2868028.0,2868453.0,2868863.0,2869287.0,2869699.0,2870183.0,2870607.0,2871046.0,2871444.0,2871866.0,2872271.0,2872682.0,2873116.0,2873486.0,2873837.0,2874196.0,2874549.0,,,,,,,,,2878078.0,2878605.0,2879054.0,2879505.0,2879985.0,2880414.0,2880831.0,2881182.0,2881703.0,2882143.0,2882595.0,2883053.0,2883538.0,2884013.0,2884407.0,2884932.0,2885383.0,2886203.0,2887726.0,2888822.0,2889771.0,2890701.0,2891541.0,2892367.0,2893117.0,2893849.0,2894637.0,2895232.0,2895837.0,2896436.0,2897022.0,2897714.0,2898255.0,2898804.0,2899321.0,2899899.0,2900477.0,2900938.0,2901418.0,2901891.0,2902470.0,2903038.0,2903645.0,2904148.0,2904704.0,2905209.0,2905713.0,2906290.0,2906737.0,2907213.0,2907663.0,2908266.0,2908895.0,2909590.0,2910187.0,2910839.0,2911367.0,2911948.0,2912524.0,2913132.0,2913671.0,2914109.0,2914576.0,2915024.0,2915459.0,2915974.0,2916462.0,2916896.0,2917332.0,2917746.0,2918200.0,2918605.0,2919066.0,2919443.0,2919945.0,2920414.0,2920875.0,2921352.0,2921803.0,2922237.0,2922691.0,2923106.0,2923533.0,2924194.0,2924603.0,2925068.0,2925478.0,2925863.0,2926321.0,2926699.0,2927129.0,2927529.0,2927985.0,2928359.0,2928723.0,2929183.0,2929556.0,2929983.0,2930408.0,2930844.0,2931213.0,2931564.0,2931958.0,2932358.0,2932683.0,2933098.0,2933449.0,2933804.0,2934166.0,2934512.0,2934873.0,2935183.0,2935514.0,2935830.0,2936232.0,2936538.0,2936848.0,2937146.0,2937444.0,2937746.0,2938033.0,,2938648.0,2938929.0,2939217.0,2939484.0,2939771.0,2940112.0,2940405.0,2940670.0,2941053.0,2941341.0,2941689.0,2941985.0,2942254.0,2942559.0,2942843.0,2943143.0,2943457.0,2943798.0,2944083.0,2944385.0,2944725.0,2945112.0,2945476.0,2945765.0,2946108.0,2946311.0,2946515.0,2946741.0,2947015.0,2947277.0,2947575.0,2947857.0,2948148.0,2948422.0,2948670.0,2948938.0,2949203.0,2949526.0,2949823.0,2950149.0,2950400.0,2950687.0,2951009.0,2951301.0,2951598.0,2951853.0,2952135.0,2952431.0,2952729.0,2953028.0,2953285.0,2953551.0,2953884.0,2954171.0,2954490.0,2954741.0,2954981.0,2955232.0,2955537.0,2955821.0,2956110.0,2956373.0,2956700.0,2956971.0,2957285.0,2957558.0,2957823.0,2958114.0,2958391.0,2958694.0,2958931.0,2959269.0,2959562.0,2959860.0,2960208.0,2960496.0,2960758.0,2961055.0,2961381.0,2961634.0,2961949.0,2962214.0,2962486.0,2962760.0,2963028.0,2963305.0,2963575.0,2963841.0,2964117.0,2964430.0,2964706.0,2965028.0,2965268.0,2965542.0,2965796.0,2966181.0,2966477.0,2966844.0,2967551.0,2968659.0,2969436.0,2969991.0,2970513.0,2970933.0,2971349.0,2971746.0,2972150.0,2972565.0,2972908.0,2973315.0,2973656.0,2973982.0,2974279.0,2974633
Nm9Cy4CZyz0,3002728.0,3003494.0,3004373.0,3005397.0,3006367.0,3007395.0,3008409.0,3009443.0,3010494.0,3011533.0,3012600.0,3013618.0,3014710.0,3015768.0,3016972.0,3018200.0,3019585.0,3021024.0,3022442.0,3024034.0,3025924.0,3027945.0,3029635.0,3031301.0,3032745.0,3034167.0,3035653.0,3037170.0,3038574.0,3040045.0,3041451.0,3042777.0,3044055.0,3045363.0,3046819.0,3048272.0,3049738.0,3051093.0,3052367.0,3053486.0,3054679.0,3055858.0,3056897.0,3058221.0,3059450.0,3060696.0,3061756.0,3062817.0,3063897.0,3064949.0,3065990.0,3067231.0,3068416.0,3069440.0,3070499.0,3071563.0,3072584.0,3073623.0,3074645.0,3075760.0,3076786.0,3077795.0,3078848.0,3079884.0,3080969.0,3081997.0,3082959.0,3083796.0,3084714.0,3085824.0,3086786.0,3087701.0,3088645.0,3089585.0,3090573.0,3091512.0,3092459.0,3093332.0,3094323.0,3095319.0,3096198.0,3097056.0,3097922.0,3098905.0,3099876.0,3100741.0,3101647.0,3102518.0,3103392.0,3104395.0,3105277.0,3106163.0,3107195.0,3108074.0,3109019.0,3109815.0,3110671.0,3111521.0,3112380.0,3113268.0,3114136.0,3115081.0,3116021.0,3116967.0,3117948.0,3118868.0,3119753.0,3120704.0,3121545.0,3122296.0,3123154.0,3124008.0,3124977.0,3125760.0,3126622.0,3127578.0,3128346.0,3129250.0,3130079.0,3130823.0,3131578.0,3132374.0,3133206.0,3134017.0,3134809.0,3135592.0,3136492.0,3137360.0,3138111.0,3138916.0,3139644.0,3140337.0,3141142.0,3141865.0,,,,,,,,,3149321.0,3150350.0,3151220.0,3152187.0,3153201.0,3154084.0,3154918.0,3155771.0,3156933.0,3157856.0,3158768.0,3159649.0,3160570.0,3161542.0,3162415.0,3163531.0,3164480.0,3166165.0,3169019.0,3171426.0,3173653.0,3175704.0,3177561.0,3179237.0,3180942.0,3182577.0,3184220.0,3185773.0,3187267.0,3188675.0,3189956.0,3191279.0,3192451.0,3193680.0,3194737.0,3195806.0,3196973.0,3198014.0,3199159.0,3200199.0,3201320.0,3202213.0,3203514.0,3204563.0,3205567.0,3206590.0,3207614.0,3208730.0,3209789.0,3210812.0,3211800.0,3212942.0,3214118.0,3215407.0,3216657.0,3217875.0,3219029.0,3220043.0,3221084.0,3222197.0,3223150.0,3224143.0,3225035.0,3225908.0,3226697.0,3227680.0,3228649.0,3229724.0,3230547.0,3231410.0,3232285.0,3233173.0,3234102.0,3234993.0,3235932.0,3236856.0,3237807.0,3238809.0,3239700.0,3240660.0,3241663.0,3242475.0,3243366.0,3244250.0,3245160.0,3246013.0,3246763.0,3247628.0,3248469.0,3249268.0,3249982.0,3250853.0,3251682.0,3252471.0,3253132.0,3253900.0,3254659.0,3255401.0,3256206.0,3256959.0,3257677.0,3258388.0,3259047.0,3259817.0,3260456.0,3261140.0,3261891.0,3262518.0,3263146.0,3263723.0,3264416.0,3264969.0,3265663.0,3266295.0,3266986.0,3267623.0,3268226.0,3268743.0,3269368.0,3269962.0,3270530.0,,3271640.0,3272119.0,3272794.0,3273387.0,3274004.0,3274556.0,3275135.0,3275717.0,3276301.0,3276924.0,3277504.0,3278049.0,3278592.0,3279104.0,3279637.0,3280304.0,3281035.0,3281739.0,3282419.0,3282966.0,3283651.0,3284313.0,3284965.0,3285620.0,3286287.0,3286574.0,3286970.0,3287431.0,3287929.0,3288477.0,3288995.0,3289498.0,3290023.0,3290551.0,3291065.0,3291592.0,3292116.0,3292758.0,3293338.0,3293836.0,3294474.0,3295044.0,3295583.0,3296151.0,3296679.0,3297214.0,3297777.0,3298360.0,3298910.0,3299497.0,3300017.0,3300591.0,3301234.0,3301783.0,3302312.0,3302902.0,3303448.0,3303936.0,3304508.0,3304989.0,3305529.0,3306065.0,3306690.0,3307265.0,3307835.0,3308389.0,3308967.0,3309460.0,3310018.0,3310517.0,3311025.0,3311565.0,3312123.0,3312625.0,3313240.0,3313857.0,3314377.0,3314936.0,3315547.0,3316078.0,3316647.0,3317182.0,3317755.0,3318283.0,3318813.0,3319318.0,3319828.0,3320365.0,3320874.0,3321438.0,3321962.0,3322409.0,3322884.0,3323472.0,3324071.0,3324741.0,3325345.0,3326176.0,3327495.0,3329748.0,3331332.0,3332562.0,3333589.0,3334465.0,3335342.0,3336170.0,3336976.0,3337786.0,3338643.0,3339400.0,3340112.0,3340734.0,3341348.0,3342062
Nm9Cy4CZyz0,3002728.0,3003494.0,3004373.0,3005397.0,3006367.0,3007395.0,3008409.0,3009443.0,3010494.0,3011533.0,3012600.0,3013618.0,3014710.0,3015768.0,3016957.0,3018200.0,3019585.0,3021024.0,3022442.0,3024034.0,3025924.0,3027945.0,3029635.0,3031310.0,3032745.0,3034167.0,3035653.0,3037170.0,3038574.0,3040045.0,3041497.0,3042777.0,3044055.0,3045363.0,3046819.0,3048272.0,3049694.0,3051093.0,3052367.0,3053486.0,3054679.0,3055858.0,3056897.0,3058221.0,3059450.0,3060696.0,3061756.0,3062817.0,3063897.0,3064892.0,3065990.0,3067231.0,3068416.0,3069440.0,3070499.0,3071563.0,3072584.0,3073623.0,3074645.0,3075760.0,3076786.0,3077795.0,3078848.0,3079884.0,3080969.0,3081997.0,3082959.0,3083854.0,3084714.0,3085824.0,3086786.0,3087701.0,3088645.0,3089585.0,3090573.0,3091512.0,3092459.0,3093370.0,3094323.0,3095319.0,3096198.0,3097056.0,3097922.0,3098905.0,3099876.0,3100741.0,3101647.0,3102518.0,3103394.0,3104395.0,3105277.0,3106163.0,3107195.0,3108074.0,3109019.0,3109815.0,3110671.0,3111521.0,3112380.0,3113268.0,3114136.0,3115038.0,3116013.0,3116967.0,3117948.0,3118868.0,3119753.0,3120704.0,3121545.0,3122296.0,3123154.0,3124008.0,3124977.0,3125760.0,3126622.0,3127578.0,3128346.0,3129250.0,3130079.0,3130823.0,3131578.0,3132374.0,3133206.0,3134017.0,3134809.0,3135592.0,3136492.0,3137360.0,3138111.0,3138916.0,3139644.0,3140337.0,3141142.0,3141865.0,,,,,,,,,3149321.0,3150350.0,3151220.0,3152184.0,3153201.0,3154084.0,3154918.0,3155771.0,3156933.0,3157856.0,3158768.0,3159649.0,3160570.0,3161542.0,3162415.0,3163531.0,3164480.0,3166165.0,3169019.0,3171426.0,3173653.0,3175704.0,3177561.0,3179237.0,3180942.0,3182577.0,3184220.0,3185773.0,3187267.0,3188675.0,3189956.0,3191279.0,3192451.0,3193680.0,3194737.0,3195806.0,3196973.0,3198014.0,3199159.0,3200199.0,3201320.0,3202213.0,3203514.0,3204563.0,3205567.0,3206590.0,3207614.0,3208730.0,3209789.0,3210812.0,3211800.0,3212942.0,3214118.0,3215416.0,3216657.0,3217875.0,3219029.0,3220043.0,3221084.0,3222197.0,3223150.0,3224143.0,3225035.0,3225908.0,3226697.0,3227680.0,3228649.0,3229724.0,3230547.0,3231410.0,3232285.0,3233181.0,3234112.0,3234993.0,3235932.0,3236856.0,3237807.0,3238809.0,3239700.0,3240660.0,3241663.0,3242475.0,3243366.0,3244250.0,3245160.0,3246013.0,3246763.0,3247628.0,3248469.0,3249268.0,3249982.0,3250853.0,3251682.0,3252471.0,3253132.0,3253900.0,3254659.0,3255401.0,3256206.0,3256959.0,3257677.0,3258388.0,3259047.0,3259817.0,3260456.0,3261140.0,3261891.0,3262518.0,3263146.0,3263723.0,3264416.0,3264969.0,3265663.0,3266295.0,3266986.0,3267623.0,3268226.0,3268743.0,3269368.0,3269962.0,3270536.0,,3271640.0,3272119.0,3272794.0,3273387.0,3274004.0,3274556.0,3275135.0,3275717.0,3276301.0,3276924.0,3277504.0,3278046.0,3278592.0,3279104.0,3279637.0,3280304.0,3281035.0,3281739.0,3282419.0,3282966.0,3283651.0,3284313.0,3284965.0,3285620.0,3286287.0,3286574.0,3286970.0,3287431.0,3287929.0,3288477.0,3288995.0,3289498.0,3290023.0,3290551.0,3291065.0,3291592.0,3292116.0,3292758.0,3293338.0,3293836.0,3294474.0,3295044.0,3295583.0,3296151.0,3296679.0,3297214.0,3297777.0,3298360.0,3298910.0,3299497.0,3300017.0,3300591.0,3301234.0,3301783.0,3302312.0,3302902.0,3303448.0,3303936.0,3304508.0,3304989.0,3305529.0,3306065.0,3306690.0,3307265.0,3307835.0,3308389.0,3308977.0,3309460.0,3310018.0,3310517.0,3311025.0,3311565.0,3312123.0,3312625.0,3313163.0,3313857.0,3314376.0,3314934.0,3315547.0,3316078.0,3316647.0,3317119.0,3317755.0,3318283.0,3318813.0,3319318.0,3319828.0,3320365.0,3320874.0,3321438.0,3321962.0,3322415.0,3322884.0,3323472.0,3324071.0,3324741.0,3325345.0,3326176.0,3327495.0,3329748.0,3331332.0,3332562.0,3333589.0,3334465.0,3335342.0,3336170.0,3336976.0,3337786.0,3338643.0,3339400.0,3340112.0,3340734.0,3341348.0,3342062
p1M-yc58x6s,549265.0,549303.0,549362.0,549429.0,549513.0,549573.0,549654.0,549774.0,549824.0,549873.0,549984.0,550055.0,550170.0,550228.0,550297.0,550378.0,550434.0,550480.0,550557.0,550624.0,550704.0,550776.0,550852.0,550947.0,551011.0,551107.0,551182.0,551246.0,551313.0,551389.0,551444.0,551505.0,551565.0,551616.0,551691.0,551729.0,551792.0,551850.0,551899.0,551946.0,551999.0,552051.0,552101.0,552173.0,552235.0,552276.0,552333.0,552385.0,552459.0,552509.0,552572.0,552617.0,552659.0,552701.0,552755.0,552798.0,552848.0,552892.0,552936.0,552983.0,553012.0,553054.0,553093.0,553132.0,553172.0,553219.0,553259.0,553299.0,553316.0,553373.0,553405.0,553443.0,553479.0,553517.0,553549.0,553605.0,553636.0,553659.0,553704.0,553737.0,553778.0,553805.0,553849.0,553899.0,553929.0,553965.0,553994.0,554032.0,554071.0,554119.0,554161.0,554194.0,554234.0,554264.0,554324.0,554354.0,554388.0,554419.0,554444.0,554477.0,554513.0,554549.0,554607.0,554654.0,554698.0,554716.0,554761.0,554800.0,554834.0,554874.0,554910.0,554946.0,554991.0,555020.0,555040.0,555076.0,555115.0,555149.0,555182.0,555201.0,555227.0,555253.0,555293.0,555330.0,555354.0,555382.0,555428.0,555470.0,555513.0,555541.0,555574.0,555607.0,555640.0,555676.0,,,,,,,,,556032.0,556083.0,556117.0,556174.0,556245.0,556305.0,556349.0,556413.0,556494.0,556591.0,556679.0,556784.0,556864.0,556964.0,557040.0,557125.0,557189.0,557272.0,557386.0,557456.0,557536.0,557665.0,557802.0,557913.0,557990.0,558060.0,558141.0,558208.0,558278.0,558346.0,558422.0,558511.0,558597.0,558688.0,558755.0,558808.0,558900.0,558977.0,559049.0,559152.0,559235.0,559855.0,560399.0,560528.0,560659.0,560805.0,560907.0,561061.0,561205.0,561333.0,561407.0,561542.0,561655.0,561779.0,561932.0,562108.0,562289.0,562452.0,562672.0,562912.0,563238.0,563606.0,563903.0,564062.0,564146.0,564245.0,564348.0,564425.0,564486.0,564540.0,564590.0,564652.0,564701.0,564756.0,564819.0,564859.0,564910.0,564959.0,565005.0,565042.0,565089.0,565128.0,565166.0,565213.0,565252.0,565303.0,565348.0,565370.0,565414.0,565446.0,565483.0,565516.0,565552.0,565583.0,565612.0,565654.0,565687.0,565727.0,565761.0,565804.0,565863.0,565904.0,565939.0,565975.0,566008.0,566046.0,566080.0,566118.0,566148.0,566174.0,566204.0,566236.0,566266.0,566287.0,566333.0,566383.0,566412.0,566443.0,566492.0,566528.0,566552.0,,566617.0,566637.0,566663.0,566685.0,566703.0,566740.0,566769.0,566796.0,566826.0,566853.0,566882.0,566910.0,566936.0,566966.0,566994.0,567022.0,567051.0,567078.0,567113.0,567143.0,567170.0,567202.0,567224.0,567252.0,567277.0,567298.0,567310.0,567332.0,567349.0,567377.0,567403.0,567430.0,567459.0,567483.0,567514.0,567538.0,567559.0,567589.0,567615.0,567637.0,567660.0,567696.0,567721.0,567752.0,567776.0,567808.0,567826.0,567857.0,567889.0,567918.0,567943.0,567962.0,567985.0,568017.0,568047.0,568075.0,568093.0,568112.0,568136.0,568165.0,568199.0,568232.0,568255.0,568279.0,568306.0,568321.0,568348.0,568379.0,568393.0,568413.0,568432.0,568452.0,568474.0,568491.0,568507.0,568536.0,568552.0,568572.0,568590.0,568616.0,568636.0,568652.0,568679.0,568700.0,568729.0,568753.0,568797.0,568838.0,568872.0,568905.0,568946.0,568982.0,569017.0,569053.0,569089.0,569138.0,569169.0,569207.0,569246.0,569297.0,569335.0,569376.0,569416.0,569456.0,569492.0,569529.0,569572.0,569608.0,569628.0,569660.0,569703.0,569731.0,569762.0,569784
IfMBVeaLfzI,464123.0,464901.0,465874.0,466667.0,467655.0,468885.0,469956.0,470879.0,471920.0,472710.0,473566.0,474542.0,475742.0,476872.0,477886.0,478807.0,479657.0,480463.0,481445.0,482323.0,483230.0,484215.0,485219.0,485936.0,486795.0,487496.0,488460.0,489225.0,490135.0,490811.0,491491.0,492027.0,492772.0,493313.0,494014.0,494752.0,495586.0,496312.0,496823.0,497390.0,498016.0,498779.0,499459.0,500178.0,500860.0,501480.0,502188.0,502832.0,503446.0,504275.0,504945.0,505639.0,506207.0,506845.0,507452.0,508053.0,508646.0,509255.0,509893.0,510433.0,511018.0,511601.0,512237.0,512875.0,513615.0,514230.0,514892.0,515882.0,516534.0,517641.0,518394.0,519131.0,519839.0,520612.0,521656.0,522660.0,523575.0,524331.0,525101.0,525800.0,526454.0,527413.0,528370.0,529330.0,530122.0,531050.0,531803.0,532616.0,533610.0,534521.0,535408.0,536320.0,537280.0,538236.0,538972.0,539917.0,540953.0,541846.0,542978.0,543975.0,544766.0,545612.0,546773.0,547717.0,548696.0,549588.0,550637.0,551472.0,552300.0,553312.0,554385.0,555389.0,556484.0,557426.0,558204.0,558855.0,559620.0,560553.0,561441.0,562446.0,563201.0,564044.0,564692.0,565223.0,565794.0,566322.0,566858.0,567624.0,568417.0,569163.0,569974.0,570903.0,571839.0,572838.0,,,,,,,,,580097.0,580683.0,581347.0,582059.0,582831.0,583615.0,584345.0,585005.0,585704.0,586505.0,587340.0,588335.0,589292.0,590190.0,591004.0,591966.0,592928.0,593994.0,594749.0,595650.0,596434.0,597320.0,598320.0,599305.0,600254.0,601171.0,602049.0,603166.0,604047.0,604824.0,605660.0,606802.0,607804.0,608820.0,609742.0,610622.0,611428.0,612392.0,613139.0,613983.0,614818.0,615610.0,616436.0,617203.0,618066.0,618962.0,619862.0,620639.0,621416.0,622130.0,622746.0,623655.0,624446.0,625129.0,625981.0,626680.0,627316.0,627955.0,628705.0,629503.0,630180.0,630756.0,631452.0,632003.0,632557.0,633233.0,633998.0,634752.0,635232.0,635805.0,636398.0,637010.0,637787.0,638405.0,639105.0,639867.0,640747.0,641361.0,642084.0,642748.0,643547.0,644159.0,644966.0,645684.0,646154.0,646656.0,647348.0,647999.0,648608.0,649338.0,649828.0,650326.0,650720.0,651327.0,651904.0,652498.0,653134.0,653728.0,654269.0,654721.0,655331.0,655955.0,656595.0,657296.0,657923.0,658486.0,658887.0,659594.0,660235.0,660770.0,661482.0,662043.0,662521.0,662947.0,663347.0,663671.0,663986.0,664407.0,664842.0,665196.0,665468.0,,666117.0,666446.0,666825.0,667145.0,667438.0,667703.0,667977.0,668235.0,668512.0,668818.0,669170.0,669485.0,669730.0,670096.0,670487.0,670941.0,671225.0,671575.0,671790.0,672090.0,672352.0,672674.0,673056.0,673339.0,673616.0,673927.0,674150.0,674379.0,674692.0,674974.0,675266.0,675572.0,675769.0,675966.0,676234.0,676465.0,676704.0,676970.0,677206.0,677516.0,677703.0,677978.0,678291.0,678504.0,678741.0,679010.0,679517.0,680009.0,680551.0,681070.0,681623.0,682131.0,682726.0,683382.0,683756.0,684339.0,684848.0,685507.0,686037.0,686624.0,687106.0,687665.0,688178.0,688824.0,689513.0,690268.0,690784.0,691304.0,691678.0,692226.0,692661.0,693315.0,693954.0,694585.0,695137.0,695613.0,696318.0,697274.0,698100.0,698880.0,699855.0,700645.0,701298.0,701983.0,702708.0,703416.0,704100.0,704964.0,705549.0,706166.0,706804.0,707522.0,708363.0,709109.0,709975.0,710602.0,711155.0,711732.0,712330.0,712855.0,713395.0,714063.0,714625.0,715107.0,715941.0,716551.0,717600.0,718402.0,718981.0,719717.0,720269.0,720983.0,721595.0,722365
Gbb2A5m7d_4,947472.0,948693.0,950141.0,951505.0,952913.0,954402.0,955925.0,957543.0,959506.0,961655.0,963541.0,965293.0,967115.0,969435.0,971679.0,973535.0,975424.0,977183.0,979033.0,980590.0,982169.0,983763.0,985468.0,986982.0,988375.0,989841.0,991279.0,992676.0,994136.0,995970.0,997637.0,999090.0,1000562.0,1002122.0,1003680.0,1005235.0,1006930.0,1008593.0,1010178.0,1011665.0,1013114.0,1014634.0,1016154.0,1017612.0,1019029.0,1020423.0,1021827.0,1023188.0,1024655.0,1026136.0,1027624.0,1029077.0,1030396.0,1031632.0,1032938.0,1034115.0,1035320.0,1036538.0,1037627.0,1038739.0,1039866.0,1041070.0,1042216.0,1043365.0,1044539.0,1045736.0,1046839.0,1047956.0,1049056.0,1050595.0,1051931.0,1053599.0,1055108.0,1056336.0,1057508.0,1058654.0,1059805.0,1061024.0,1062371.0,1063552.0,1065134.0,1066465.0,1067688.0,1068854.0,1070244.0,1071772.0,1073154.0,1074240.0,1075379.0,1076540.0,1077659.0,1078632.0,1080031.0,1081192.0,1082209.0,1083225.0,1084235.0,1085308.0,1086357.0,1087505.0,1088725.0,1089843.0,1091009.0,1092123.0,1093233.0,1094255.0,1095346.0,1096360.0,1097457.0,1098736.0,1099928.0,1101047.0,1102167.0,1103310.0,1104227.0,1105181.0,1106078.0,1107280.0,1108314.0,1109278.0,1110387.0,1111318.0,1112265.0,1113168.0,1114093.0,1115041.0,1116102.0,1117048.0,1118051.0,1119020.0,1119940.0,1120804.0,1121664.0,1122570.0,,,,,,,,,1130851.0,1131730.0,1132664.0,1133385.0,1134120.0,1134842.0,1135399.0,1136049.0,1136680.0,1137308.0,1137960.0,1138658.0,1139381.0,1140054.0,1140715.0,1141408.0,1142033.0,1142697.0,1143418.0,1144251.0,1145132.0,1145882.0,1146639.0,1147402.0,1148245.0,1148894.0,1149738.0,1150564.0,1151400.0,1152137.0,1152920.0,1153727.0,1154528.0,1155345.0,1156141.0,1156888.0,1157631.0,1158330.0,1158965.0,1159610.0,1160240.0,1160830.0,1161577.0,1162292.0,1162769.0,1163589.0,1164333.0,1165156.0,1165920.0,1166613.0,1167427.0,1168185.0,1168983.0,1169775.0,1170516.0,1171370.0,1172072.0,1172853.0,1173592.0,1174249.0,1174886.0,1175694.0,1176503.0,1177287.0,1178090.0,1178804.0,1179573.0,1180425.0,1181284.0,1182143.0,1183055.0,1183850.0,1184743.0,1185587.0,1186405.0,1187203.0,1188053.0,1188957.0,1189783.0,1190510.0,1191317.0,1192027.0,1192921.0,1193769.0,1194583.0,1195293.0,1196038.0,1196744.0,1197458.0,1198148.0,1198872.0,1199547.0,1200205.0,1201040.0,1201848.0,1202645.0,1203457.0,1204141.0,1204846.0,1205483.0,1206213.0,1206914.0,1207661.0,1208393.0,1209230.0,1209969.0,1210658.0,1211394.0,1212284.0,1213056.0,1213856.0,1214687.0,1215402.0,1216230.0,1216819.0,1217470.0,1218133.0,1218901.0,1219720.0,1220541.0,1221300.0,,1222918.0,1223634.0,1224569.0,1225433.0,1226281.0,1226987.0,1227652.0,1228378.0,1229176.0,1229981.0,1230770.0,1231740.0,1232616.0,1233470.0,1234271.0,1235165.0,1236167.0,1237154.0,1238355.0,1239463.0,1240567.0,1241688.0,1242870.0,1243983.0,1245150.0,1246368.0,1247475.0,1248601.0,1249587.0,1250691.0,1251770.0,1252941.0,1254224.0,1255262.0,1256496.0,1257711.0,1258974.0,1260187.0,1261559.0,1262934.0,1264097.0,1265282.0,1266486.0,1267574.0,1268645.0,1269700.0,1270605.0,1271686.0,1272702.0,1273572.0,1274491.0,1275555.0,1276624.0,1277757.0,1278887.0,1279962.0,1281013.0,1282155.0,1283200.0,1284379.0,1285487.0,1286601.0,1287775.0,1288985.0,1290010.0,1290994.0,1292014.0,1292913.0,1293916.0,1294962.0,1295986.0,1296917.0,1297829.0,1298710.0,1299719.0,1300693.0,1301697.0,1302675.0,1303661.0,1304664.0,1305765.0,1306888.0,1307887.0,1309043.0,1310095.0,1311218.0,1312348.0,1313564.0,1314702.0,1315779.0,1316808.0,1317816.0,1318919.0,1319963.0,1320999.0,1322303.0,1323551.0,1324707.0,1325814.0,1326900.0,1327833.0,1328940.0,1330053.0,1331080.0,1332097.0,1333125.0,1334218.0,1335412.0,1336559.0,1337716.0,1338777.0,1339756.0,1341025.0,1342116
rHA0y1lHXA8,14990.0,15005.0,15015.0,15035.0,15049.0,15071.0,15083.0,15108.0,15135.0,15152.0,15179.0,15201.0,15222.0,15231.0,15250.0,15264.0,15285.0,15304.0,15322.0,15334.0,15350.0,15375.0,15386.0,15402.0,15415.0,15440.0,15494.0,15526.0,15546.0,15576.0,15593.0,15611.0,15632.0,15662.0,15681.0,15713.0,15730.0,15746.0,15763.0,15775.0,15793.0,15807.0,15819.0,15833.0,15853.0,15866.0,15877.0,15898.0,15917.0,15931.0,15947.0,15958.0,15964.0,15978.0,15998.0,16025.0,16041.0,16056.0,16069.0,16080.0,16101.0,16116.0,16127.0,16153.0,16167.0,16190.0,16205.0,16230.0,16238.0,16258.0,16272.0,16280.0,16292.0,16305.0,16322.0,16331.0,16343.0,16358.0,16371.0,16381.0,16397.0,16407.0,16418.0,16437.0,16452.0,16464.0,16480.0,16495.0,16506.0,16522.0,16541.0,16560.0,16573.0,16590.0,16609.0,16633.0,16655.0,16672.0,16690.0,16704.0,16712.0,16723.0,16738.0,16752.0,16765.0,16790.0,16796.0,16813.0,16832.0,16851.0,16867.0,16883.0,16905.0,16922.0,16936.0,16952.0,16968.0,16990.0,17018.0,17032.0,17044.0,17054.0,17063.0,17071.0,17078.0,17088.0,17101.0,17109.0,17118.0,17127.0,17145.0,17157.0,17168.0,17187.0,,,,,,,,,17336.0,17367.0,17384.0,17398.0,17411.0,17433.0,17438.0,17442.0,17453.0,17460.0,17471.0,17480.0,17496.0,17510.0,17521.0,17535.0,17545.0,17559.0,17578.0,17590.0,17605.0,17619.0,17626.0,17636.0,17648.0,17661.0,17675.0,17687.0,17701.0,17709.0,17722.0,17741.0,17763.0,17782.0,17792.0,17799.0,17817.0,17828.0,17839.0,17852.0,17866.0,17884.0,17908.0,17921.0,17949.0,17977.0,17998.0,18031.0,18071.0,18097.0,18132.0,18170.0,18200.0,18231.0,18256.0,18275.0,18298.0,18317.0,18333.0,18344.0,18348.0,18354.0,18363.0,18369.0,18376.0,18386.0,18396.0,18408.0,18421.0,18430.0,18439.0,18451.0,18458.0,18469.0,18476.0,18485.0,18499.0,18507.0,18520.0,18536.0,18553.0,18558.0,18567.0,18574.0,18581.0,18589.0,18597.0,18600.0,18624.0,18635.0,18659.0,18680.0,18703.0,18711.0,18720.0,18731.0,18744.0,18750.0,18756.0,18760.0,18763.0,18768.0,18774.0,18779.0,18783.0,18793.0,18805.0,18810.0,18815.0,18822.0,18826.0,18829.0,18832.0,18837.0,18839.0,18843.0,18846.0,18851.0,18854.0,18857.0,18862.0,,18878.0,18888.0,18890.0,18900.0,18905.0,18909.0,18915.0,18920.0,18927.0,18932.0,18937.0,18943.0,18953.0,18965.0,18973.0,18978.0,18984.0,18987.0,18989.0,18991.0,19000.0,19004.0,19017.0,19024.0,19047.0,19057.0,19062.0,19064.0,19067.0,19068.0,19069.0,19072.0,19074.0,19076.0,19079.0,19079.0,19085.0,19087.0,19089.0,19090.0,19092.0,19095.0,19102.0,19102.0,19105.0,19108.0,19112.0,19113.0,19114.0,19116.0,19129.0,19132.0,19132.0,19134.0,19138.0,19140.0,19141.0,19144.0,19146.0,19152.0,19155.0,19156.0,19162.0,19168.0,19172.0,19175.0,19177.0,19178.0,19180.0,19181.0,19182.0,19182.0,19186.0,19189.0,19191.0,19191.0,19195.0,19198.0,19203.0,19204.0,19206.0,19209.0,19211.0,19213.0,19214.0,19216.0,19219.0,19221.0,19227.0,19231.0,19236.0,19238.0,19245.0,19250.0,19251.0,19254.0,19258.0,19263.0,19267.0,19282.0,19287.0,19290.0,19292.0,19293.0,19295.0,19296.0,19298.0,19300.0,19302.0,19302.0,19304.0,19308.0,19308.0,19310
TwN5oO4fdhE,25749.0,25795.0,25844.0,25903.0,25940.0,26003.0,26051.0,26101.0,26165.0,26240.0,26276.0,26331.0,26388.0,26447.0,26508.0,26551.0,26602.0,26647.0,26685.0,26740.0,26802.0,26856.0,26896.0,26938.0,26985.0,27042.0,27093.0,27141.0,27175.0,27235.0,27289.0,27333.0,27376.0,27419.0,27469.0,27534.0,27597.0,27666.0,27712.0,27793.0,27859.0,27925.0,27989.0,28045.0,28103.0,28154.0,28197.0,28241.0,28300.0,28347.0,28401.0,28453.0,28502.0,28545.0,28584.0,28647.0,28702.0,28756.0,28829.0,28888.0,28936.0,28992.0,29034.0,29083.0,29122.0,29165.0,29201.0,29251.0,29282.0,29308.0,29345.0,29380.0,29414.0,29471.0,29520.0,29601.0,29626.0,29674.0,29717.0,29761.0,29798.0,29823.0,29868.0,29901.0,29934.0,29961.0,30000.0,30024.0,30052.0,30084.0,30118.0,30155.0,30196.0,30241.0,30286.0,30323.0,30361.0,30391.0,30427.0,30463.0,30506.0,30548.0,30583.0,30603.0,30625.0,30659.0,30698.0,30724.0,30758.0,30783.0,30804.0,30837.0,30868.0,30894.0,30924.0,30952.0,30978.0,31009.0,31037.0,31065.0,31093.0,31122.0,31145.0,31170.0,31185.0,31212.0,31234.0,31255.0,31283.0,31304.0,31321.0,31346.0,31368.0,31385.0,,,,,,,,,31602.0,31623.0,31648.0,31669.0,31682.0,31697.0,31709.0,31713.0,31733.0,31749.0,31762.0,31781.0,31806.0,31827.0,31843.0,31854.0,31874.0,31899.0,31911.0,31928.0,31943.0,31961.0,31973.0,31979.0,31990.0,32004.0,32028.0,32050.0,32086.0,32110.0,32131.0,32150.0,32177.0,32186.0,32203.0,32216.0,32230.0,32244.0,32268.0,32276.0,32304.0,32336.0,32358.0,32371.0,32382.0,32417.0,32436.0,32448.0,32462.0,32479.0,32489.0,32508.0,32530.0,32552.0,32564.0,32586.0,32600.0,32615.0,32630.0,32650.0,32653.0,32659.0,32664.0,32674.0,32684.0,32697.0,32704.0,32716.0,32726.0,32750.0,32763.0,32774.0,32789.0,32805.0,32814.0,32819.0,32839.0,32847.0,32866.0,32876.0,32896.0,32910.0,32933.0,32966.0,32988.0,32996.0,33015.0,33037.0,33055.0,33069.0,33086.0,33105.0,33118.0,33130.0,33142.0,33149.0,33158.0,33164.0,33183.0,33201.0,33216.0,33236.0,33256.0,33269.0,33283.0,33308.0,33322.0,33336.0,33351.0,33353.0,33374.0,33390.0,33410.0,33428.0,33451.0,33472.0,33479.0,33497.0,33518.0,33537.0,33568.0,,33589.0,33609.0,33631.0,33648.0,33666.0,33686.0,33701.0,33718.0,33731.0,33748.0,33764.0,33782.0,33802.0,33823.0,33842.0,33866.0,33888.0,33910.0,33938.0,33957.0,33993.0,34033.0,34055.0,34095.0,34127.0,34180.0,34216.0,34237.0,34262.0,34298.0,34342.0,34367.0,34398.0,34425.0,34447.0,34464.0,34486.0,34502.0,34522.0,34545.0,34572.0,34600.0,34627.0,34646.0,34670.0,34689.0,34709.0,34724.0,34741.0,34762.0,34779.0,34805.0,34828.0,34848.0,34861.0,34880.0,34903.0,34916.0,34944.0,34964.0,34989.0,35005.0,35033.0,35059.0,35089.0,35117.0,35135.0,35165.0,35188.0,35208.0,35228.0,35257.0,35287.0,35311.0,35330.0,35361.0,35382.0,35420.0,35450.0,35483.0,35509.0,35543.0,35582.0,35601.0,35620.0,35644.0,35670.0,35698.0,35714.0,35742.0,35761.0,35781.0,35807.0,35822.0,35840.0,35860.0,35889.0,35912.0,35935.0,35960.0,35982.0,36007.0,36032.0,36060.0,36094.0,36113.0,36137.0,36149.0,36173.0,36186.0,36208.0,36246.0,36264.0,36279
fS2EKV2843U,32054.0,32060.0,32066.0,32071.0,32073.0,32075.0,32076.0,32083.0,32086.0,32092.0,32101.0,32105.0,32112.0,32117.0,32122.0,32127.0,32138.0,32142.0,32151.0,32159.0,32164.0,32169.0,32168.0,32170.0,32178.0,32186.0,32191.0,32193.0,32196.0,32201.0,32207.0,32208.0,32214.0,32218.0,32222.0,32231.0,32243.0,32249.0,32257.0,32266.0,32269.0,32279.0,32289.0,32298.0,32303.0,32316.0,32325.0,32334.0,32337.0,32340.0,32350.0,32358.0,32366.0,32369.0,32375.0,32383.0,32390.0,32400.0,32404.0,32412.0,32425.0,32432.0,32440.0,32451.0,32461.0,32464.0,32471.0,32477.0,32485.0,32488.0,32499.0,32505.0,32512.0,32514.0,32515.0,32520.0,32523.0,32528.0,32532.0,32540.0,32546.0,32555.0,32562.0,32570.0,32578.0,32586.0,32590.0,32598.0,32600.0,32604.0,32608.0,32613.0,32621.0,32623.0,32627.0,32631.0,32637.0,32646.0,32650.0,32662.0,32667.0,32671.0,32676.0,32681.0,32684.0,32691.0,32696.0,32701.0,32707.0,32714.0,32715.0,32724.0,32728.0,32742.0,32743.0,32750.0,32758.0,32765.0,32771.0,32778.0,32785.0,32792.0,32797.0,32801.0,32813.0,32823.0,32836.0,32848.0,32865.0,32871.0,32883.0,32889.0,32893.0,32909.0,,,,,,,,,32982.0,32996.0,33003.0,33013.0,33020.0,33031.0,33040.0,33049.0,33056.0,33064.0,33069.0,33074.0,33090.0,33096.0,33101.0,33107.0,33111.0,33122.0,33127.0,33132.0,33140.0,33146.0,33156.0,33165.0,33174.0,33184.0,33192.0,33201.0,33210.0,33211.0,33216.0,33224.0,33227.0,33232.0,33235.0,33247.0,33255.0,33264.0,33270.0,33280.0,33286.0,33291.0,33295.0,33306.0,33313.0,33315.0,33327.0,33336.0,33342.0,33353.0,33360.0,33375.0,33383.0,33390.0,33398.0,33409.0,33429.0,33441.0,33451.0,33461.0,33466.0,33468.0,33470.0,33478.0,33485.0,33491.0,33502.0,33505.0,33512.0,33515.0,33519.0,33527.0,33535.0,33547.0,33559.0,33570.0,33579.0,33587.0,33591.0,33602.0,33609.0,33614.0,33629.0,33639.0,33654.0,33666.0,33680.0,33690.0,33705.0,33716.0,33727.0,33735.0,33745.0,33756.0,33766.0,33774.0,33779.0,33787.0,33800.0,33807.0,33813.0,33818.0,33823.0,33830.0,33837.0,33840.0,33847.0,33859.0,33868.0,33880.0,33894.0,33902.0,33919.0,33931.0,33939.0,33943.0,33954.0,33956.0,33962.0,33969.0,33975.0,,33986.0,33993.0,33997.0,34002.0,34010.0,34015.0,34020.0,34027.0,34032.0,34037.0,34041.0,34046.0,34050.0,34053.0,34061.0,34065.0,34074.0,34080.0,34085.0,34092.0,34103.0,34107.0,34112.0,34121.0,34126.0,34131.0,34136.0,34140.0,34142.0,34150.0,34153.0,34159.0,34164.0,34172.0,34178.0,34187.0,34192.0,34199.0,34212.0,34216.0,34224.0,34228.0,34236.0,34245.0,34251.0,34259.0,34264.0,34268.0,34276.0,34285.0,34287.0,34295.0,34301.0,34313.0,34319.0,34323.0,34331.0,34337.0,34342.0,34353.0,34363.0,34376.0,34382.0,34388.0,34395.0,34401.0,34409.0,34416.0,34422.0,34429.0,34432.0,34437.0,34441.0,34446.0,34452.0,34460.0,34464.0,34468.0,34470.0,34476.0,34478.0,34480.0,34479.0,34486.0,34488.0,34494.0,34498.0,34502.0,34508.0,34512.0,34515.0,34521.0,34524.0,34530.0,34531.0,34535.0,34538.0,34542.0,34547.0,34554.0,34560.0,34563.0,34567.0,34572.0,34578.0,34584.0,34588.0,34594.0,34601.0,34606.0,34608.0,34610.0,34612.0,34613
SfAg3GU2CWI,8376.0,8378.0,8378.0,8379.0,8379.0,8381.0,8392.0,8394.0,8395.0,8396.0,8401.0,8401.0,8401.0,8402.0,8403.0,8405.0,8408.0,8409.0,8410.0,8410.0,8411.0,8414.0,8418.0,8419.0,8421.0,8421.0,8424.0,8426.0,8426.0,8427.0,8428.0,8430.0,8431.0,8432.0,8435.0,8438.0,8443.0,8446.0,8446.0,8447.0,8447.0,8448.0,8449.0,8453.0,8454.0,8458.0,8459.0,8461.0,8461.0,8463.0,8464.0,8464.0,8466.0,8468.0,8471.0,8475.0,8476.0,8478.0,8478.0,8479.0,8480.0,8482.0,8483.0,8484.0,8490.0,8495.0,8496.0,8499.0,8500.0,8501.0,8501.0,8502.0,8503.0,8504.0,8507.0,8508.0,8508.0,8511.0,8511.0,8515.0,8517.0,8517.0,8519.0,8524.0,8529.0,8529.0,8529.0,8531.0,8534.0,8536.0,8537.0,8539.0,8542.0,8542.0,8543.0,8543.0,8546.0,8546.0,8547.0,8550.0,8551.0,8554.0,8556.0,8559.0,8563.0,8567.0,8568.0,8569.0,8570.0,8571.0,8575.0,8578.0,8582.0,8583.0,8585.0,8585.0,8588.0,8589.0,8598.0,8599.0,8599.0,8599.0,8607.0,8608.0,8610.0,8611.0,8612.0,8615.0,8618.0,8619.0,8622.0,8622.0,8623.0,8624.0,,,,,,,,,8633.0,8643.0,8645.0,8646.0,8647.0,8648.0,8658.0,8659.0,8660.0,8662.0,8662.0,8663.0,8665.0,8666.0,8668.0,8670.0,8678.0,8683.0,8687.0,8688.0,8691.0,8695.0,8695.0,8695.0,8698.0,8699.0,8708.0,8709.0,8710.0,8712.0,8712.0,8713.0,8713.0,8717.0,8720.0,8722.0,8725.0,8726.0,8726.0,8727.0,8728.0,8730.0,8732.0,8733.0,8734.0,8735.0,8736.0,8737.0,8738.0,8741.0,8743.0,8743.0,8744.0,8744.0,8746.0,8748.0,8751.0,8751.0,8752.0,8753.0,8754.0,8755.0,8759.0,8759.0,8760.0,8761.0,8762.0,8766.0,8768.0,8769.0,8771.0,8773.0,8775.0,8776.0,8778.0,8778.0,8780.0,8783.0,8786.0,8791.0,8794.0,8796.0,8801.0,8803.0,8806.0,8815.0,8817.0,8818.0,8818.0,8820.0,8820.0,8823.0,8822.0,8822.0,8822.0,8823.0,8825.0,8825.0,8826.0,8828.0,8829.0,8830.0,8830.0,8830.0,8833.0,8835.0,8834.0,8836.0,8838.0,8838.0,8838.0,8839.0,8840.0,8842.0,8844.0,8845.0,8847.0,8847.0,8848.0,8848.0,8848.0,,8849.0,8849.0,8853.0,8854.0,8854.0,8855.0,8856.0,8856.0,8857.0,8858.0,8860.0,8861.0,8862.0,8862.0,8864.0,8864.0,8865.0,8868.0,8870.0,8871.0,8871.0,8871.0,8873.0,8874.0,8875.0,8877.0,8879.0,8879.0,8879.0,8881.0,8881.0,8881.0,8881.0,8884.0,8884.0,8884.0,8884.0,8886.0,8888.0,8890.0,8892.0,8892.0,8894.0,8898.0,8899.0,8901.0,8903.0,8904.0,8903.0,8903.0,8905.0,8906.0,8912.0,8910.0,8912.0,8913.0,8914.0,8914.0,8916.0,8917.0,8918.0,8918.0,8918.0,8918.0,8920.0,8920.0,8920.0,8922.0,8929.0,8932.0,8933.0,8935.0,8936.0,8936.0,8939.0,8939.0,8940.0,8942.0,8943.0,8944.0,8945.0,8948.0,8950.0,8951.0,8951.0,8953.0,8956.0,8957.0,8958.0,8958.0,8958.0,8958.0,8959.0,8962.0,8962.0,8962.0,8966.0,8966.0,8967.0,8967.0,8967.0,8967.0,8967.0,8970.0,8971.0,8973.0,8973.0,8976.0,8975.0,8975.0,8975.0,8978.0,8979.0,8980
vQyex-OirbU,1140768.0,1141274.0,1141831.0,1142309.0,1142901.0,1143514.0,1144063.0,1144666.0,1145231.0,1145790.0,1146379.0,1146915.0,1147620.0,1148113.0,1148722.0,1149294.0,1149890.0,1150503.0,1151088.0,1151639.0,1152259.0,1152804.0,1153434.0,1153959.0,1154472.0,1155096.0,1155757.0,1156355.0,1156933.0,1157563.0,1158176.0,1158776.0,1159362.0,1159951.0,1160537.0,1161157.0,1161766.0,1162357.0,1162898.0,1163465.0,1164001.0,1164486.0,1165016.0,1165592.0,1166093.0,1166551.0,1166993.0,1167558.0,1168068.0,1168629.0,1169180.0,1169681.0,1170316.0,1170883.0,1171466.0,1171946.0,1172512.0,1173118.0,1173673.0,1174194.0,1174756.0,1175233.0,1175728.0,1176281.0,1176867.0,1177446.0,1177981.0,1178450.0,1179012.0,1179662.0,1180309.0,1181023.0,1181727.0,1182473.0,1183286.0,1184080.0,1184841.0,1185483.0,1186389.0,1187156.0,1187814.0,1188519.0,1189193.0,1189805.0,1190484.0,1191159.0,1191885.0,1192532.0,1193256.0,1193937.0,1194629.0,1195337.0,1196017.0,1196757.0,1197355.0,1197928.0,1198540.0,1199188.0,1199746.0,1200366.0,1200916.0,1201439.0,1201964.0,1202593.0,1203145.0,1203694.0,1204227.0,1204792.0,1205363.0,1205848.0,1206440.0,1206935.0,1207487.0,1208049.0,1208489.0,1209020.0,1209515.0,1210025.0,1210477.0,1211047.0,1211499.0,1211936.0,1212413.0,1212892.0,1213341.0,1213742.0,1214190.0,1214669.0,1215186.0,1215645.0,1216098.0,1216537.0,1216960.0,1217400.0,,,,,,,,,1221659.0,1222104.0,1222550.0,1223028.0,1223473.0,1223895.0,1224369.0,1224761.0,1225208.0,1225607.0,1226059.0,1226546.0,1227018.0,1227456.0,1227953.0,1228381.0,1228800.0,1229292.0,1229762.0,1230192.0,1230702.0,1231278.0,1231706.0,1232215.0,1232696.0,1233226.0,1233790.0,1234282.0,1234813.0,1235251.0,1235709.0,1236244.0,1236714.0,1237125.0,1237692.0,1238229.0,1238691.0,1239179.0,1239700.0,1240228.0,1240841.0,1241398.0,1241852.0,1242412.0,1242875.0,1243417.0,1243946.0,1244482.0,1245111.0,1245595.0,1246069.0,1246536.0,1247063.0,1247643.0,1248094.0,1248653.0,1249235.0,1249766.0,1250288.0,1250812.0,1251323.0,1251745.0,1252241.0,1252714.0,1253110.0,1253643.0,1254142.0,1254678.0,1255084.0,1255596.0,1256123.0,1256600.0,1257148.0,1257707.0,1258305.0,1258873.0,1259446.0,1260072.0,1260704.0,1261279.0,1261842.0,1262381.0,1263004.0,1263677.0,1264436.0,1265154.0,1265801.0,1266477.0,1267084.0,1267709.0,1268350.0,1269061.0,1269659.0,1270308.0,1270936.0,1271679.0,1272339.0,1273075.0,1273751.0,1274416.0,1275045.0,1275775.0,1276462.0,1277156.0,1277814.0,1278407.0,1279034.0,1279653.0,1280472.0,1281109.0,1281771.0,1282550.0,1283249.0,1283709.0,1284443.0,1285114.0,1285762.0,1286439.0,1287056.0,1287675.0,1288231.0,,1289417.0,1290043.0,1290745.0,1291383.0,1292027.0,1292623.0,1293130.0,1293694.0,1294227.0,1294950.0,1295587.0,1296184.0,1296665.0,1297280.0,1297790.0,1298314.0,1298814.0,1299487.0,1299989.0,1300514.0,1300958.0,1301420.0,1301918.0,1302420.0,1302954.0,1303394.0,1303846.0,1304373.0,1304899.0,1305377.0,1305900.0,1306363.0,1306935.0,1307340.0,1307794.0,1308306.0,1308796.0,1309244.0,1309764.0,1310170.0,1310656.0,1311109.0,1311546.0,1312054.0,1312699.0,1313207.0,1313772.0,1314296.0,1314865.0,1315390.0,1315929.0,1316499.0,1317005.0,1317488.0,1317947.0,1318385.0,1318912.0,1319392.0,1319856.0,1320434.0,1320950.0,1321386.0,1321867.0,1322330.0,1322884.0,1323451.0,1324030.0,1324609.0,1325100.0,1325625.0,1326294.0,1326882.0,1327435.0,1328009.0,1328607.0,1329205.0,1329841.0,1330513.0,1331069.0,1331673.0,1332292.0,1332862.0,1333412.0,1333927.0,1334435.0,1334971.0,1335514.0,1336048.0,1336503.0,1336940.0,1337415.0,1337905.0,1338449.0,1338993.0,1339600.0,1340181.0,1340678.0,1341272.0,1341762.0,1342275.0,1342867.0,1343322.0,1343854.0,1344324.0,1344797.0,1345268.0,1345790.0,1346337.0,1346846.0,1347277.0,1347806.0,1348280.0,1348878.0,1349469
Xp0zI2Rtp7U,21970.0,21984.0,21994.0,22007.0,22025.0,22034.0,22048.0,22063.0,22079.0,22091.0,22102.0,22112.0,22121.0,22129.0,22147.0,22163.0,22172.0,22190.0,22199.0,22217.0,22232.0,22255.0,22267.0,22280.0,22288.0,22299.0,22311.0,22317.0,22328.0,22345.0,22359.0,22368.0,22379.0,22387.0,22405.0,22413.0,22422.0,22430.0,22442.0,22452.0,22468.0,22483.0,22491.0,22506.0,22518.0,22527.0,22542.0,22561.0,22582.0,22607.0,22617.0,22635.0,22654.0,22682.0,22697.0,22720.0,22753.0,22774.0,22798.0,22814.0,22838.0,22871.0,22897.0,22921.0,22948.0,22966.0,22977.0,22998.0,23010.0,23030.0,23056.0,23075.0,23097.0,23116.0,23134.0,23158.0,23178.0,23205.0,23231.0,23254.0,23272.0,23294.0,23313.0,23337.0,23360.0,23380.0,23389.0,23404.0,23424.0,23439.0,23454.0,23471.0,23485.0,23499.0,23508.0,23522.0,23539.0,23555.0,23566.0,23583.0,23604.0,23621.0,23630.0,23640.0,23647.0,23656.0,23664.0,23669.0,23676.0,23687.0,23697.0,23708.0,23725.0,23746.0,23751.0,23766.0,23778.0,23789.0,23800.0,23812.0,23825.0,23836.0,23843.0,23856.0,23864.0,23880.0,23892.0,23902.0,23909.0,23918.0,23931.0,23942.0,23951.0,23962.0,,,,,,,,,24047.0,24057.0,24065.0,24070.0,24083.0,24095.0,24103.0,24110.0,24118.0,24133.0,24148.0,24154.0,24172.0,24177.0,24194.0,24205.0,24220.0,24230.0,24238.0,24253.0,24262.0,24265.0,24275.0,24280.0,24294.0,24312.0,24328.0,24341.0,24352.0,24358.0,24363.0,24369.0,24379.0,24385.0,24391.0,24397.0,24405.0,24412.0,24415.0,24422.0,24428.0,24429.0,24436.0,24439.0,24446.0,24454.0,24458.0,24466.0,24479.0,24484.0,24499.0,24505.0,24515.0,24523.0,24528.0,24541.0,24550.0,24559.0,24573.0,24580.0,24599.0,24607.0,24618.0,24633.0,24641.0,24651.0,24655.0,24664.0,24672.0,24681.0,24693.0,24705.0,24714.0,24725.0,24734.0,24742.0,24757.0,24769.0,24780.0,24789.0,24798.0,24813.0,24829.0,24845.0,24855.0,24862.0,24869.0,24878.0,24885.0,24902.0,24911.0,24918.0,24922.0,24930.0,24938.0,24952.0,24960.0,24973.0,24979.0,24987.0,24994.0,24999.0,25009.0,25013.0,25019.0,25028.0,25038.0,25040.0,25051.0,25065.0,25074.0,25090.0,25103.0,25110.0,25117.0,25125.0,25138.0,25145.0,25159.0,25170.0,25178.0,,25194.0,25201.0,25213.0,25219.0,25226.0,25234.0,25237.0,25243.0,25254.0,25261.0,25268.0,25277.0,25283.0,25291.0,25305.0,25318.0,25325.0,25334.0,25344.0,25352.0,25359.0,25370.0,25384.0,25393.0,25403.0,25408.0,25410.0,25416.0,25419.0,25423.0,25430.0,25434.0,25438.0,25445.0,25448.0,25455.0,25458.0,25461.0,25469.0,25478.0,25481.0,25483.0,25490.0,25491.0,25497.0,25501.0,25503.0,25510.0,25521.0,25537.0,25544.0,25557.0,25568.0,25582.0,25592.0,25602.0,25610.0,25620.0,25630.0,25638.0,25645.0,25655.0,25668.0,25682.0,25690.0,25698.0,25705.0,25717.0,25724.0,25734.0,25746.0,25750.0,25761.0,25771.0,25778.0,25793.0,25802.0,25821.0,25848.0,25867.0,25895.0,25915.0,25923.0,25937.0,25946.0,25953.0,25965.0,25981.0,26014.0,26037.0,26069.0,26099.0,26119.0,26150.0,26179.0,26204.0,26225.0,26241.0,26266.0,26281.0,26310.0,26324.0,26337.0,26356.0,26366.0,26381.0,26389.0,26395.0,26403.0,26410.0,26420.0,26430.0,26438.0,26457
63iXTOyKsCE,9023.0,9029.0,9033.0,9038.0,9042.0,9044.0,9048.0,9050.0,9055.0,9061.0,9061.0,9065.0,9070.0,9073.0,9079.0,9087.0,9095.0,9097.0,9098.0,9101.0,9104.0,9110.0,9112.0,9113.0,9120.0,9126.0,9130.0,9134.0,9141.0,9143.0,9149.0,9156.0,9157.0,9161.0,9164.0,9166.0,9172.0,9177.0,9182.0,9185.0,9188.0,9190.0,9196.0,9199.0,9201.0,9205.0,9213.0,9219.0,9226.0,9230.0,9237.0,9244.0,9250.0,9252.0,9255.0,9262.0,9267.0,9274.0,9276.0,9276.0,9282.0,9290.0,9301.0,9309.0,9318.0,9324.0,9331.0,9339.0,9343.0,9356.0,9361.0,9371.0,9381.0,9392.0,9408.0,9431.0,9453.0,9469.0,9487.0,9501.0,9506.0,9517.0,9536.0,9554.0,9568.0,9583.0,9598.0,9614.0,9623.0,9631.0,9639.0,9642.0,9652.0,9658.0,9664.0,9667.0,9675.0,9683.0,9685.0,9693.0,9704.0,9710.0,9713.0,9717.0,9720.0,9727.0,9734.0,9742.0,9746.0,9747.0,9755.0,9759.0,9764.0,9771.0,9773.0,9777.0,9780.0,9781.0,9791.0,9795.0,9797.0,9799.0,9801.0,9803.0,9805.0,9807.0,9813.0,9817.0,9819.0,9849.0,9855.0,9860.0,9865.0,9869.0,,,,,,,,,9911.0,9917.0,9921.0,9923.0,9928.0,9934.0,9941.0,9948.0,9951.0,9953.0,9955.0,9957.0,9957.0,9961.0,9968.0,9970.0,9976.0,9979.0,9985.0,9988.0,9991.0,9992.0,9995.0,9999.0,10001.0,10006.0,10008.0,10010.0,10014.0,10017.0,10020.0,10022.0,10023.0,10025.0,10026.0,10029.0,10033.0,10036.0,10041.0,10042.0,10045.0,10045.0,10048.0,10052.0,10055.0,10057.0,10058.0,10061.0,10065.0,10069.0,10072.0,10073.0,10075.0,10079.0,10080.0,10084.0,10086.0,10088.0,10092.0,10092.0,10093.0,10099.0,10102.0,10102.0,10102.0,10105.0,10106.0,10110.0,10112.0,10117.0,10121.0,10122.0,10125.0,10128.0,10131.0,10133.0,10136.0,10138.0,10139.0,10142.0,10145.0,10145.0,10147.0,10152.0,10153.0,10153.0,10154.0,10156.0,10158.0,10161.0,10164.0,10172.0,10180.0,10184.0,10190.0,10194.0,10199.0,10200.0,10207.0,10207.0,10210.0,10214.0,10218.0,10222.0,10225.0,10229.0,10232.0,10238.0,10241.0,10242.0,10245.0,10246.0,10252.0,10260.0,10256.0,10259.0,10266.0,10266.0,10267.0,10270.0,10275.0,,10279.0,10279.0,10283.0,10286.0,10286.0,10287.0,10291.0,10293.0,10295.0,10297.0,10297.0,10300.0,10303.0,10309.0,10315.0,10313.0,10318.0,10320.0,10328.0,10330.0,10333.0,10337.0,10341.0,10347.0,10348.0,10352.0,10357.0,10361.0,10368.0,10371.0,10376.0,10382.0,10385.0,10389.0,10391.0,10402.0,10407.0,10411.0,10419.0,10422.0,10424.0,10426.0,10430.0,10436.0,10439.0,10446.0,10453.0,10458.0,10466.0,10471.0,10477.0,10482.0,10484.0,10489.0,10493.0,10500.0,10507.0,10511.0,10513.0,10520.0,10523.0,10523.0,10527.0,10530.0,10534.0,10538.0,10540.0,10546.0,10550.0,10555.0,10560.0,10563.0,10568.0,10575.0,10581.0,10590.0,10598.0,10608.0,10621.0,10624.0,10634.0,10640.0,10654.0,10656.0,10659.0,10664.0,10669.0,10670.0,10675.0,10678.0,10680.0,10682.0,10684.0,10687.0,10692.0,10697.0,10698.0,10708.0,10712.0,10716.0,10721.0,10723.0,10723.0,10727.0,10734.0,10739.0,10742.0,10744.0,10748.0,10752.0,10766.0,10768.0,10773.0,10773
i0Bk73OEYq8,1961514.0,1961573.0,1961657.0,1961723.0,1961773.0,1961863.0,1961938.0,1962014.0,1962098.0,1962202.0,1962311.0,1962432.0,1962516.0,1962586.0,1962655.0,1962745.0,1962823.0,1962924.0,1963036.0,1963112.0,1963197.0,1963281.0,1963358.0,1963428.0,1963516.0,1963596.0,1963656.0,1963742.0,1963860.0,1963936.0,1963997.0,1964088.0,1964164.0,1964232.0,1964338.0,1964544.0,1964707.0,1964837.0,1964953.0,1965056.0,1965146.0,1965205.0,1965280.0,1965357.0,1965444.0,1965575.0,1965672.0,1965764.0,1965883.0,1965988.0,1966079.0,1966164.0,1966245.0,1966338.0,1966434.0,1966532.0,1966647.0,1966728.0,1966808.0,1966903.0,1967004.0,1967222.0,1967338.0,1972708.0,1973827.0,1974510.0,1975125.0,1975665.0,1976001.0,1976574.0,1976813.0,1976994.0,1977237.0,1977453.0,1977644.0,1977842.0,1977991.0,1978154.0,1978267.0,1978386.0,1978494.0,1978593.0,1978692.0,1978810.0,1978915.0,1978994.0,1979094.0,1979240.0,1979378.0,1979508.0,1979611.0,1979695.0,1979770.0,1979825.0,1979952.0,1980020.0,1980078.0,1980144.0,1980193.0,1980254.0,1980324.0,1980402.0,1980453.0,1980508.0,1980576.0,1980638.0,1980690.0,1980768.0,1980864.0,1980944.0,1981006.0,1981069.0,1981139.0,1981278.0,1981434.0,1981585.0,1981690.0,1981772.0,1981874.0,1981974.0,1982046.0,1982156.0,1982269.0,1982349.0,1982426.0,1982502.0,1982608.0,1982695.0,1982852.0,1982966.0,1983054.0,1983120.0,1983188.0,1983269.0,,,,,,,,,1984069.0,1984159.0,1984237.0,1984314.0,1984373.0,1984426.0,1984492.0,1984540.0,1984630.0,1984723.0,1984784.0,1984837.0,1984889.0,1984958.0,1985048.0,1985133.0,1985229.0,1985276.0,1985327.0,1985384.0,1985499.0,1985562.0,1985650.0,1985717.0,1985772.0,1985810.0,1985850.0,1985905.0,1985978.0,1986054.0,1986132.0,1986201.0,1986266.0,1986325.0,1986370.0,1986446.0,1986528.0,1986656.0,1986781.0,1986934.0,1987031.0,1987098.0,1987209.0,1987282.0,1987385.0,1987450.0,1987519.0,1987638.0,1987697.0,1987756.0,1987856.0,1988232.0,1988976.0,1989178.0,1989363.0,1989477.0,1989546.0,1989623.0,1989699.0,1989768.0,1989841.0,1989876.0,1989952.0,1990059.0,1990150.0,1990223.0,1990284.0,1990365.0,1990448.0,1990517.0,1990596.0,1990678.0,1990746.0,1990898.0,1991035.0,1991125.0,1991320.0,1991586.0,1991751.0,1991958.0,1992153.0,1992282.0,1992413.0,1992511.0,1992640.0,1992756.0,1992846.0,1992916.0,1992991.0,1993048.0,1993111.0,1993191.0,1993263.0,1993336.0,1993399.0,1993451.0,1993516.0,1993595.0,1993675.0,1993759.0,1993880.0,1993970.0,1994057.0,1994108.0,1994158.0,1994233.0,1994306.0,1994365.0,1994428.0,1994472.0,1994580.0,1994674.0,1994809.0,1994896.0,1994960.0,1995070.0,1995133.0,1995217.0,1995287.0,1995375.0,1995478.0,,1995606.0,1995689.0,1995752.0,1995818.0,1995883.0,1995955.0,1996016.0,1996069.0,1996111.0,1996164.0,1996202.0,1996250.0,1996334.0,1996407.0,1996468.0,1996538.0,1996608.0,1996660.0,1996746.0,1996968.0,1997199.0,1997338.0,1997523.0,1997740.0,1997853.0,1997960.0,1998037.0,1998106.0,1998171.0,1998228.0,1998290.0,1998325.0,1998381.0,1998431.0,1998487.0,1998532.0,1998568.0,1998606.0,1998663.0,1998718.0,1998778.0,1998843.0,1998900.0,1998949.0,1999013.0,1999059.0,1999152.0,1999219.0,1999273.0,1999327.0,1999371.0,1999419.0,1999473.0,1999528.0,1999585.0,1999644.0,1999703.0,1999746.0,1999786.0,1999826.0,1999894.0,1999981.0,2000020.0,2000048.0,2000125.0,2000169.0,2000278.0,2000353.0,2000392.0,2000453.0,2000495.0,2000523.0,2000564.0,2000601.0,2000637.0,2000689.0,2000740.0,2000776.0,2000816.0,2000865.0,2000909.0,2000946.0,2000992.0,2001052.0,2001120.0,2001164.0,2001196.0,2001228.0,2001273.0,2001322.0,2001363.0,2001417.0,2001462.0,2001496.0,2001534.0,2001577.0,2001626.0,2001655.0,2001697.0,2001745.0,2001767.0,2001793.0,2001823.0,2001864.0,2001893.0,2001919.0,2001946.0,2001970.0,2002000.0,2002032.0,2002064.0,2002084.0,2002103.0,2002123
LK7ca_PWEoY,9959982.0,9962266.0,9964825.0,9967528.0,9970052.0,9972657.0,9975056.0,9977543.0,9980383.0,9983744.0,9987245.0,9990466.0,9993476.0,9996273.0,9999272.0,10002344.0,10005706.0,10008929.0,10012029.0,10014998.0,10018006.0,10021110.0,10024148.0,10027203.0,10030203.0,10032968.0,10035783.0,10038745.0,10041956.0,10044976.0,10048130.0,10050960.0,10053603.0,10056320.0,10059062.0,10062433.0,10065781.0,10068964.0,10071859.0,10074448.0,10076903.0,10079436.0,10081989.0,10084601.0,10087300.0,10090114.0,10092721.0,10095347.0,10098778.0,10103678.0,10107120.0,10110590.0,10113695.0,10116614.0,10119477.0,10122312.0,10125170.0,10128231.0,10131344.0,10134452.0,10137511.0,10140886.0,10144057.0,10147181.0,10149990.0,10152966.0,10155984.0,10159313.0,10162327.0,10166146.0,10169008.0,10171644.0,10174438.0,10177574.0,10181024.0,10183982.0,10186989.0,10189969.0,10192929.0,10195823.0,10198826.0,10201669.0,10204634.0,10207501.0,10210256.0,10212853.0,10215807.0,10218986.0,10223382.0,10229249.0,10233873.0,10237818.0,10241335.0,10245420.0,10249983.0,10254001.0,10257902.0,10261459.0,10264690.0,10267809.0,10271293.0,10274673.0,10277713.0,10280831.0,10283920.0,10287142.0,10289973.0,10293149.0,10296689.0,10299629.0,10302457.0,10305275.0,10307825.0,10310657.0,10313603.0,10316921.0,10320136.0,10322995.0,10325869.0,10329420.0,10332560.0,10335810.0,10338989.0,10341721.0,10344465.0,10347216.0,10349923.0,10352669.0,10355690.0,10358814.0,10361607.0,10364313.0,10367079.0,10369588.0,,,,,,,,,10394773.0,10397924.0,10400683.0,10403522.0,10406845.0,10410801.0,10413937.0,10416667.0,10420279.0,10423645.0,10426774.0,10429655.0,10432457.0,10435396.0,10438134.0,10440896.0,10443373.0,10446080.0,10448924.0,10451733.0,10454358.0,10457419.0,10460419.0,10463244.0,10466066.0,10468901.0,10471859.0,10474641.0,10477445.0,10480601.0,10483622.0,10486458.0,10489409.0,10492421.0,10495095.0,10497761.0,10500917.0,10503797.0,10506676.0,10509743.0,10512926.0,10515815.0,10518916.0,10522055.0,10524807.0,10527455.0,10530251.0,10533056.0,10535787.0,10538714.0,10541732.0,10544476.0,10547005.0,10549640.0,10552172.0,10554694.0,10557046.0,10559572.0,10562111.0,10564681.0,10567516.0,10570575.0,10573432.0,10576018.0,10578507.0,10581280.0,10584290.0,10587051.0,10589671.0,10592221.0,10594733.0,10597599.0,10600442.0,10603165.0,10606237.0,10609110.0,10612817.0,10617012.0,10620939.0,10624359.0,10627711.0,10630597.0,10633235.0,10636281.0,10638988.0,10641783.0,10644366.0,10646826.0,10649110.0,10651359.0,10653742.0,10656133.0,10658745.0,10661158.0,10663535.0,10665818.0,10668128.0,10670296.0,10672851.0,10675252.0,10678372.0,10681098.0,10683360.0,10685438.0,10687621.0,10689589.0,10691896.0,10693996.0,10696035.0,10698197.0,10700580.0,10702968.0,10705440.0,10707834.0,10710121.0,10712424.0,10715053.0,10718272.0,10720984.0,10723493.0,10725990.0,,10730575.0,10732941.0,10735270.0,10737386.0,10739636.0,10741888.0,10743999.0,10745992.0,10747821.0,10749812.0,10751683.0,10753803.0,10755841.0,10757791.0,10759617.0,10761631.0,10763771.0,10765967.0,10768815.0,10772207.0,10775756.0,10778258.0,10780685.0,10783015.0,10785258.0,10787605.0,10789794.0,10791808.0,10793843.0,10795770.0,10797672.0,10799700.0,10801747.0,10803755.0,10805739.0,10807684.0,10809729.0,10811594.0,10813615.0,10815666.0,10817730.0,10819676.0,10821568.0,10823336.0,10825142.0,10826901.0,10828812.0,10830648.0,10832413.0,10834037.0,10835576.0,10837132.0,10838621.0,10840262.0,10842046.0,10843644.0,10845235.0,10846875.0,10848385.0,10849824.0,10851459.0,10852871.0,10854514.0,10855974.0,10857610.0,10859126.0,10860612.0,10862018.0,10863492.0,10864958.0,10866310.0,10867784.0,10869159.0,10870480.0,10872005.0,10873567.0,10875253.0,10876821.0,10878357.0,10879879.0,10881547.0,10883194.0,10884874.0,10889733.0,10893288.0,10896412.0,10899574.0,10902545.0,10905403.0,10908383.0,10911153.0,10913440.0,10915613.0,10917313.0,10919168.0,10921017.0,10922771.0,10924423.0,10925943.0,10927619.0,10929243.0,10930791.0,10932215.0,10933735.0,10934998.0,10936534.0,10937963.0,10939472.0,10940800.0,10942155.0,10943765.0,10945156.0,10946550.0,10948155
